1.000000e+00,0.000000e+00,0.000000e+00,0.000000e+00,0.000000e+00,0.000000e+00,0.000000e+00,0.000000e+00,0.000000e+00,0.000000e+00,0.000000e+00,0.000000e+00,0.000000e+00,0.000000e+00,0.000000e+00
1.000000e+00,0.000000e+00,0.000000e+00,0.000000e+00,0.000000e+00,0.000000e+00,0.000000e+00,0.000000e+00,0.000000e+00,0.000000e+00,0.000000e+00,0.000000e+00,0.000000e+00,0.000000e+00,0.000000e+00
1.000000e+00,0.000000e+00,0.000000e+00,0.000000e+00,0.000000e+00,0.000000e+00,0.000000e+00,0.000000e+00,0.000000e+00,0.000000e+00,0.000000e+00,0.000000e+00,0.000000e+00,0.000000e+00,0.000000e+00
1.000000e+00,0.000000e+00,0.000000e+00,0.000000e+00,0.000000e+00,0.000000e+00,0.000000e+00,0.000000e+00,0.000000e+00,0.000000e+00,0.000000e+00,0.000000e+00,0.000000e+00,0.000000e+00,0.000000e+00
1.000000e+00,0.000000e+00,0.000000e+00,0.000000e+00,0.000000e+00,0.000000e+00,0.000000e+00,0.000000e+00,0.000000e+00,0.000000e+00,0.000000e+00,0.000000e+00,0.000000e+00,0.000000e+00,0.000000e+00
1.000000e+00,0.000000e+00,0.000000e+00,0.000000e+00,0.000000e+00,0.000000e+00,0.000000e+00,0.000000e+00,0.000000e+00,0.000000e+00,0.000000e+00,0.000000e+00,0.000000e+00,0.000000e+00,0.000000e+00
1.000000e+00,0.000000e+00,0.000000e+00,0.000000e+00,0.000000e+00,0.000000e+00,0.000000e+00,0.000000e+00,0.000000e+00,0.000000e+00,0.000000e+00,0.000000e+00,0.000000e+00,0.000000e+00,0.000000e+00
1.000000e+00,0.000000e+00,0.000000e+00,0.000000e+00,0.000000e+00,0.000000e+00,0.000000e+00,0.000000e+00,0.000000e+00,0.000000e+00,0.000000e+00,0.000000e+00,0.000000e+00,0.000000e+00,0.000000e+00
1.000000e+00,0.000000e+00,0.000000e+00,0.000000e+00,0.000000e+00,0.000000e+00,0.000000e+00,0.000000e+00,0.000000e+00,0.000000e+00,0.000000e+00,0.000000e+00,0.000000e+00,0.000000e+00,0.000000e+00
1.000000e+00,0.000000e+00,0.000000e+00,0.000000e+00,0.000000e+00,0.000000e+00,0.000000e+00,0.000000e+00,0.000000e+00,0.000000e+00,0.000000e+00,0.000000e+00,0.000000e+00,0.000000e+00,0.000000e+00
1.000000e+00,0.000000e+00,0.000000e+00,0.000000e+00,0.000000e+00,0.000000e+00,0.000000e+00,0.000000e+00,0.000000e+00,0.000000e+00,0.000000e+00,0.000000e+00,0.000000e+00,0.000000e+00,0.000000e+00
1.000000e+00,0.000000e+00,0.000000e+00,0.000000e+00,0.000000e+00,0.000000e+00,0.000000e+00,0.000000e+00,0.000000e+00,0.000000e+00,0.000000e+00,0.000000e+00,0.000000e+00,0.000000e+00,0.000000e+00
1.000000e+00,0.000000e+00,0.000000e+00,0.000000e+00,0.000000e+00,0.000000e+00,0.000000e+00,0.000000e+00,0.000000e+00,0.000000e+00,0.000000e+00,0.000000e+00,0.000000e+00,0.000000e+00,0.000000e+00
1.000000e+00,0.000000e+00,0.000000e+00,0.000000e+00,0.000000e+00,0.000000e+00,0.000000e+00,0.000000e+00,0.000000e+00,0.000000e+00,0.000000e+00,0.000000e+00,0.000000e+00,0.000000e+00,0.000000e+00
1.000000e+00,0.000000e+00,0.000000e+00,0.000000e+00,0.000000e+00,0.000000e+00,0.000000e+00,0.000000e+00,0.000000e+00,0.000000e+00,0.000000e+00,0.000000e+00,0.000000e+00,0.000000e+00,0.000000e+00
1.000000e+00,0.000000e+00,0.000000e+00,0.000000e+00,0.000000e+00,0.000000e+00,0.000000e+00,0.000000e+00,0.000000e+00,0.000000e+00,0.000000e+00,0.000000e+00,0.000000e+00,0.000000e+00,0.000000e+00
1.000000e+00,0.000000e+00,0.000000e+00,0.000000e+00,0.000000e+00,0.000000e+00,0.000000e+00,0.000000e+00,0.000000e+00,0.000000e+00,0.000000e+00,0.000000e+00,0.000000e+00,0.000000e+00,0.000000e+00
1.000000e+00,0.000000e+00,0.000000e+00,0.000000e+00,0.000000e+00,0.000000e+00,0.000000e+00,0.000000e+00,0.000000e+00,0.000000e+00,0.000000e+00,0.000000e+00,0.000000e+00,0.000000e+00,0.000000e+00
1.000000e+00,0.000000e+00,0.000000e+00,0.000000e+00,0.000000e+00,0.000000e+00,0.000000e+00,0.000000e+00,0.000000e+00,0.000000e+00,0.000000e+00,0.000000e+00,0.000000e+00,0.000000e+00,0.000000e+00
1.000000e+00,0.000000e+00,0.000000e+00,0.000000e+00,0.000000e+00,0.000000e+00,0.000000e+00,0.000000e+00,0.000000e+00,0.000000e+00,0.000000e+00,0.000000e+00,0.000000e+00,0.000000e+00,0.000000e+00
1.000000e+00,0.000000e+00,0.000000e+00,0.000000e+00,0.000000e+00,0.000000e+00,0.000000e+00,0.000000e+00,0.000000e+00,0.000000e+00,0.000000e+00,0.000000e+00,0.000000e+00,0.000000e+00,0.000000e+00
1.000000e+00,0.000000e+00,0.000000e+00,0.000000e+00,0.000000e+00,0.000000e+00,0.000000e+00,0.000000e+00,0.000000e+00,0.000000e+00,0.000000e+00,0.000000e+00,0.000000e+00,0.000000e+00,0.000000e+00
1.000000e+00,0.000000e+00,0.000000e+00,0.000000e+00,0.000000e+00,0.000000e+00,0.000000e+00,0.000000e+00,0.000000e+00,0.000000e+00,0.000000e+00,0.000000e+00,0.000000e+00,0.000000e+00,0.000000e+00
1.000000e+00,0.000000e+00,0.000000e+00,0.000000e+00,0.000000e+00,0.000000e+00,0.000000e+00,0.000000e+00,0.000000e+00,0.000000e+00,0.000000e+00,0.000000e+00,0.000000e+00,0.000000e+00,0.000000e+00
1.000000e+00,0.000000e+00,0.000000e+00,0.000000e+00,0.000000e+00,0.000000e+00,0.000000e+00,0.000000e+00,0.000000e+00,0.000000e+00,0.000000e+00,0.000000e+00,0.000000e+00,0.000000e+00,0.000000e+00
1.000000e+00,0.000000e+00,0.000000e+00,0.000000e+00,0.000000e+00,0.000000e+00,0.000000e+00,0.000000e+00,0.000000e+00,0.000000e+00,0.000000e+00,0.000000e+00,0.000000e+00,0.000000e+00,0.000000e+00
1.000000e+00,0.000000e+00,0.000000e+00,0.000000e+00,0.000000e+00,0.000000e+00,0.000000e+00,0.000000e+00,0.000000e+00,0.000000e+00,0.000000e+00,0.000000e+00,0.000000e+00,0.000000e+00,0.000000e+00
1.000000e+00,0.000000e+00,0.000000e+00,0.000000e+00,0.000000e+00,0.000000e+00,0.000000e+00,0.000000e+00,0.000000e+00,0.000000e+00,0.000000e+00,0.000000e+00,0.000000e+00,0.000000e+00,0.000000e+00
1.000000e+00,0.000000e+00,0.000000e+00,0.000000e+00,0.000000e+00,0.000000e+00,0.000000e+00,0.000000e+00,0.000000e+00,0.000000e+00,0.000000e+00,0.000000e+00,0.000000e+00,0.000000e+00,0.000000e+00
1.000000e+00,0.000000e+00,0.000000e+00,0.000000e+00,0.000000e+00,0.000000e+00,0.000000e+00,0.000000e+00,0.000000e+00,0.000000e+00,0.000000e+00,0.000000e+00,0.000000e+00,0.000000e+00,0.000000e+00
1.000000e+00,0.000000e+00,0.000000e+00,0.000000e+00,0.000000e+00,0.000000e+00,0.000000e+00,0.000000e+00,0.000000e+00,0.000000e+00,0.000000e+00,0.000000e+00,0.000000e+00,0.000000e+00,0.000000e+00
1.000000e+00,0.000000e+00,0.000000e+00,0.000000e+00,0.000000e+00,0.000000e+00,0.000000e+00,0.000000e+00,0.000000e+00,0.000000e+00,0.000000e+00,0.000000e+00,0.000000e+00,0.000000e+00,0.000000e+00
1.000000e+00,0.000000e+00,0.000000e+00,0.000000e+00,0.000000e+00,0.000000e+00,0.000000e+00,0.000000e+00,0.000000e+00,0.000000e+00,0.000000e+00,0.000000e+00,0.000000e+00,0.000000e+00,0.000000e+00
1.000000e+00,0.000000e+00,0.000000e+00,0.000000e+00,0.000000e+00,0.000000e+00,0.000000e+00,0.000000e+00,0.000000e+00,0.000000e+00,0.000000e+00,0.000000e+00,0.000000e+00,0.000000e+00,0.000000e+00
1.000000e+00,0.000000e+00,0.000000e+00,0.000000e+00,0.000000e+00,0.000000e+00,0.000000e+00,0.000000e+00,0.000000e+00,0.000000e+00,0.000000e+00,0.000000e+00,0.000000e+00,0.000000e+00,0.000000e+00
1.000000e+00,0.000000e+00,0.000000e+00,0.000000e+00,0.000000e+00,0.000000e+00,0.000000e+00,0.000000e+00,0.000000e+00,0.000000e+00,0.000000e+00,0.000000e+00,0.000000e+00,0.000000e+00,0.000000e+00
1.000000e+00,0.000000e+00,0.000000e+00,0.000000e+00,0.000000e+00,0.000000e+00,0.000000e+00,0.000000e+00,0.000000e+00,0.000000e+00,0.000000e+00,0.000000e+00,0.000000e+00,0.000000e+00,0.000000e+00
1.000000e+00,0.000000e+00,0.000000e+00,0.000000e+00,0.000000e+00,0.000000e+00,0.000000e+00,0.000000e+00,0.000000e+00,0.000000e+00,0.000000e+00,0.000000e+00,0.000000e+00,0.000000e+00,0.000000e+00
1.000000e+00,0.000000e+00,0.000000e+00,0.000000e+00,0.000000e+00,0.000000e+00,0.000000e+00,0.000000e+00,0.000000e+00,0.000000e+00,0.000000e+00,0.000000e+00,0.000000e+00,0.000000e+00,0.000000e+00
1.000000e+00,0.000000e+00,0.000000e+00,0.000000e+00,0.000000e+00,0.000000e+00,0.000000e+00,0.000000e+00,0.000000e+00,0.000000e+00,0.000000e+00,0.000000e+00,0.000000e+00,0.000000e+00,0.000000e+00
1.000000e+00,0.000000e+00,0.000000e+00,0.000000e+00,0.000000e+00,0.000000e+00,0.000000e+00,0.000000e+00,0.000000e+00,0.000000e+00,0.000000e+00,0.000000e+00,0.000000e+00,0.000000e+00,0.000000e+00
1.000000e+00,0.000000e+00,0.000000e+00,0.000000e+00,0.000000e+00,0.000000e+00,0.000000e+00,0.000000e+00,0.000000e+00,0.000000e+00,0.000000e+00,0.000000e+00,0.000000e+00,0.000000e+00,0.000000e+00
1.000000e+00,0.000000e+00,0.000000e+00,0.000000e+00,0.000000e+00,0.000000e+00,0.000000e+00,0.000000e+00,0.000000e+00,0.000000e+00,0.000000e+00,0.000000e+00,0.000000e+00,0.000000e+00,0.000000e+00
1.000000e+00,0.000000e+00,0.000000e+00,0.000000e+00,0.000000e+00,0.000000e+00,0.000000e+00,0.000000e+00,0.000000e+00,0.000000e+00,0.000000e+00,0.000000e+00,0.000000e+00,0.000000e+00,0.000000e+00
1.000000e+00,0.000000e+00,0.000000e+00,0.000000e+00,0.000000e+00,0.000000e+00,0.000000e+00,0.000000e+00,0.000000e+00,0.000000e+00,0.000000e+00,0.000000e+00,0.000000e+00,0.000000e+00,0.000000e+00
1.000000e+00,0.000000e+00,0.000000e+00,0.000000e+00,0.000000e+00,0.000000e+00,0.000000e+00,0.000000e+00,0.000000e+00,0.000000e+00,0.000000e+00,0.000000e+00,0.000000e+00,0.000000e+00,0.000000e+00
1.000000e+00,0.000000e+00,0.000000e+00,0.000000e+00,0.000000e+00,0.000000e+00,0.000000e+00,0.000000e+00,0.000000e+00,0.000000e+00,0.000000e+00,0.000000e+00,0.000000e+00,0.000000e+00,0.000000e+00
1.000000e+00,0.000000e+00,0.000000e+00,0.000000e+00,0.000000e+00,0.000000e+00,0.000000e+00,0.000000e+00,0.000000e+00,0.000000e+00,0.000000e+00,0.000000e+00,0.000000e+00,0.000000e+00,0.000000e+00
1.000000e+00,0.000000e+00,0.000000e+00,0.000000e+00,0.000000e+00,0.000000e+00,0.000000e+00,0.000000e+00,0.000000e+00,0.000000e+00,0.000000e+00,0.000000e+00,0.000000e+00,0.000000e+00,0.000000e+00
1.000000e+00,0.000000e+00,0.000000e+00,0.000000e+00,0.000000e+00,0.000000e+00,0.000000e+00,0.000000e+00,0.000000e+00,0.000000e+00,0.000000e+00,0.000000e+00,0.000000e+00,0.000000e+00,0.000000e+00
1.000000e+00,0.000000e+00,0.000000e+00,0.000000e+00,0.000000e+00,0.000000e+00,0.000000e+00,0.000000e+00,0.000000e+00,0.000000e+00,0.000000e+00,0.000000e+00,0.000000e+00,0.000000e+00,0.000000e+00
1.000000e+00,0.000000e+00,0.000000e+00,0.000000e+00,0.000000e+00,0.000000e+00,0.000000e+00,0.000000e+00,0.000000e+00,0.000000e+00,0.000000e+00,0.000000e+00,0.000000e+00,0.000000e+00,0.000000e+00
1.000000e+00,0.000000e+00,0.000000e+00,0.000000e+00,0.000000e+00,0.000000e+00,0.000000e+00,0.000000e+00,0.000000e+00,0.000000e+00,0.000000e+00,0.000000e+00,0.000000e+00,0.000000e+00,0.000000e+00
1.000000e+00,0.000000e+00,0.000000e+00,0.000000e+00,0.000000e+00,0.000000e+00,0.000000e+00,0.000000e+00,0.000000e+00,0.000000e+00,0.000000e+00,0.000000e+00,0.000000e+00,0.000000e+00,0.000000e+00
1.000000e+00,0.000000e+00,0.000000e+00,0.000000e+00,0.000000e+00,0.000000e+00,0.000000e+00,0.000000e+00,0.000000e+00,0.000000e+00,0.000000e+00,0.000000e+00,0.000000e+00,0.000000e+00,0.000000e+00
1.000000e+00,0.000000e+00,0.000000e+00,0.000000e+00,0.000000e+00,0.000000e+00,0.000000e+00,0.000000e+00,0.000000e+00,0.000000e+00,0.000000e+00,0.000000e+00,0.000000e+00,0.000000e+00,0.000000e+00
4.735759e-01,3.978314e-02,1.585046e-02,7.748707e-02,1.349459e-02,3.220568e-02,7.178261e-03,1.293094e-02,3.441235e-02,6.452641e-03,7.022527e-02,6.345258e-02,3.240503e-02,3.648089e-02,8.406521e-02
4.907357e-01,4.130993e-02,1.398572e-02,7.612695e-02,1.283887e-02,2.864018e-02,6.074496e-03,1.143622e-02,3.025975e-02,6.504024e-03,6.337730e-02,6.069937e-02,3.145327e-02,3.835875e-02,8.819953e-02
1.000000e+00,0.000000e+00,0.000000e+00,0.000000e+00,0.000000e+00,0.000000e+00,0.000000e+00,0.000000e+00,0.000000e+00,0.000000e+00,0.000000e+00,0.000000e+00,0.000000e+00,0.000000e+00,0.000000e+00
1.000000e+00,0.000000e+00,0.000000e+00,0.000000e+00,0.000000e+00,0.000000e+00,0.000000e+00,0.000000e+00,0.000000e+00,0.000000e+00,0.000000e+00,0.000000e+00,0.000000e+00,0.000000e+00,0.000000e+00
1.000000e+00,0.000000e+00,0.000000e+00,0.000000e+00,0.000000e+00,0.000000e+00,0.000000e+00,0.000000e+00,0.000000e+00,0.000000e+00,0.000000e+00,0.000000e+00,0.000000e+00,0.000000e+00,0.000000e+00
1.000000e+00,0.000000e+00,0.000000e+00,0.000000e+00,0.000000e+00,0.000000e+00,0.000000e+00,0.000000e+00,0.000000e+00,0.000000e+00,0.000000e+00,0.000000e+00,0.000000e+00,0.000000e+00,0.000000e+00
4.995481e-01,7.749943e-02,6.023782e-02,1.930855e-01,6.649490e-03,1.418742e-02,3.050782e-03,7.169530e-03,1.041589e-02,4.065853e-03,2.167245e-02,2.661418e-02,1.763470e-02,1.338521e-02,4.478368e-02
3.525184e-01,2.281826e-01,1.480258e-01,1.375629e-01,4.947741e-03,1.047943e-02,2.168048e-03,5.103998e-03,7.479263e-03,8.929408e-03,1.598186e-02,1.872135e-02,1.248255e-02,9.635065e-03,3.778156e-02
2.482883e-01,1.957303e-01,2.014205e-01,9.688113e-02,3.550383e-03,8.397408e-03,1.618894e-03,3.713808e-03,5.435439e-03,9.168683e-02,7.012823e-02,1.390597e-02,9.340477e-03,1.842309e-02,3.147919e-02
1.773768e-01,1.433026e-01,1.516935e-01,6.893203e-02,3.090388e-03,1.067389e-02,1.411110e-03,2.910376e-03,4.374119e-03,1.326792e-01,2.181917e-01,1.480955e-02,7.234916e-03,3.637473e-02,2.694506e-02
1.266466e-01,1.020825e-01,1.081818e-01,4.874789e-02,3.381256e-03,1.510489e-02,1.517003e-03,2.300284e-03,3.967396e-03,1.344738e-01,3.601368e-01,1.412431e-02,6.017419e-03,5.082842e-02,2.248950e-02
8.946077e-02,7.256223e-02,7.648410e-02,3.536177e-02,5.230970e-03,1.509109e-02,1.498934e-03,1.938731e-03,4.076722e-03,1.187340e-01,4.704502e-01,1.769671e-02,4.474360e-03,6.992327e-02,1.701603e-02
6.316251e-02,5.191129e-02,5.436947e-02,2.531900e-02,7.111448e-03,1.554298e-02,1.475709e-03,1.455513e-03,3.863861e-03,1.019307e-01,5.408934e-01,1.965022e-02,3.401415e-03,9.748968e-02,1.242277e-02
4.470295e-02,3.664851e-02,3.817511e-02,1.782366e-02,5.472233e-03,1.142242e-02,1.089167e-03,1.068540e-03,3.599730e-03,8.645865e-02,5.972705e-01,2.094767e-02,2.552927e-03,1.237401e-01,9.027834e-03
3.313917e-02,2.813543e-02,3.046474e-02,1.355213e-02,5.721230e-03,9.926331e-03,1.206609e-03,1.934591e-03,7.551813e-03,9.698319e-02,6.079656e-01,2.881030e-02,1.966191e-03,1.247634e-01,7.879200e-03
2.411258e-02,2.041699e-02,2.180149e-02,9.762691e-03,5.713512e-03,7.709697e-03,1.011933e-03,1.717189e-03,9.424591e-03,1.621861e-01,5.938251e-01,2.552771e-02,1.508153e-03,1.088918e-01,6.390382e-03
1.714960e-02,1.885934e-02,1.563222e-02,7.157856e-03,6.480784e-03,5.974492e-03,8.440393e-04,1.374555e-03,1.555911e-02,2.588777e-01,5.322015e-01,2.280147e-02,1.161215e-03,8.775958e-02,8.166571e-03
1.252016e-02,1.734212e-02,1.147921e-02,5.175813e-03,9.866726e-03,4.858522e-03,7.052034e-04,1.209249e-03,1.854633e-02,3.390660e-01,4.746939e-01,1.889926e-02,9.322457e-04,7.646678e-02,8.238517e-03
9.799111e-03,1.545605e-02,8.652021e-03,4.184871e-03,8.184954e-03,4.670494e-03,6.472403e-04,2.090967e-03,3.606889e-02,3.504973e-01,4.540235e-01,1.788042e-02,8.378146e-04,7.889068e-02,8.115668e-03
7.049522e-03,1.128302e-02,6.104269e-03,3.055757e-03,7.233074e-03,4.552189e-03,4.646201e-04,1.477202e-03,2.686756e-02,2.541699e-01,5.642888e-01,1.495546e-02,1.010655e-03,9.155153e-02,5.936431e-03
5.138818e-03,8.435429e-03,4.333179e-03,2.898998e-03,5.793563e-03,4.812974e-03,3.355487e-04,1.068641e-03,2.401350e-02,2.004973e-01,6.001060e-01,1.479598e-02,1.753903e-03,1.206685e-01,5.347633e-03
3.996865e-03,1.143681e-02,3.238244e-03,2.474416e-03,5.193055e-03,4.108612e-03,3.093433e-04,9.068259e-04,4.019820e-02,1.868446e-01,5.744426e-01,2.579985e-02,1.617831e-03,1.337786e-01,5.654162e-03
3.096282e-03,1.151866e-02,2.523542e-03,2.177263e-03,5.634943e-03,4.331412e-03,3.066514e-04,7.825123e-04,4.409708e-02,1.827910e-01,5.686151e-01,3.273263e-02,1.664667e-03,1.341334e-01,5.594885e-03
2.731089e-03,1.384101e-02,3.220814e-03,3.912565e-03,1.008131e-02,1.759518e-02,1.372224e-03,1.307234e-03,5.615693e-02,2.215460e-01,5.055508e-01,3.535574e-02,2.595427e-03,1.128457e-01,1.188797e-02
2.772251e-03,1.607033e-02,1.585745e-02,5.418601e-03,8.645491e-03,1.488067e-02,1.260687e-03,1.770693e-03,8.898018e-02,2.322564e-01,3.954123e-01,3.031423e-02,2.334003e-03,8.873828e-02,9.528840e-02
2.796663e-03,1.254805e-02,1.596962e-02,7.209206e-03,7.886167e-03,1.168988e-02,1.029134e-03,2.258752e-03,1.999065e-01,2.128603e-01,2.944681e-01,2.453117e-02,2.176841e-03,6.786060e-02,1.368091e-01
3.542665e-03,1.508274e-02,3.355762e-02,3.248854e-02,7.917633e-03,2.326106e-02,9.079790e-04,3.930697e-03,2.930863e-01,1.622723e-01,2.191641e-01,2.067244e-02,8.441031e-03,5.160619e-02,1.240686e-01
6.394397e-03,2.043187e-02,6.951547e-02,4.600286e-02,1.013127e-02,2.165265e-02,9.575664e-04,2.060284e-02,3.034699e-01,1.454505e-01,1.707881e-01,2.108907e-02,1.092471e-02,4.656198e-02,1.060268e-01
1.065171e-02,3.122451e-02,9.909569e-02,4.966652e-02,2.036408e-02,1.771104e-02,9.578594e-04,3.042257e-02,3.003528e-01,1.106127e-01,1.568919e-01,2.493992e-02,1.847836e-02,3.799776e-02,9.063271e-02
1.458011e-02,2.815312e-02,1.154138e-01,1.074056e-01,2.888019e-02,1.466704e-02,8.659553e-04,3.080986e-02,2.539652e-01,8.421604e-02,1.289485e-01,2.095553e-02,2.398107e-02,3.572798e-02,1.114301e-01
1.157555e-02,2.505743e-02,1.178345e-01,1.189508e-01,2.529752e-02,1.222495e-02,6.944285e-04,2.214124e-02,2.127342e-01,6.241874e-02,1.096796e-01,1.822285e-02,2.516705e-02,4.143332e-02,1.965677e-01
1.447260e-02,1.902870e-02,8.600285e-02,9.272625e-02,2.212698e-02,9.664577e-03,6.859184e-04,1.592183e-02,1.574402e-01,1.046246e-01,2.450497e-01,1.558167e-02,3.137599e-02,3.370450e-02,1.515937e-01
1.149586e-02,3.804417e-02,6.257176e-02,6.879642e-02,2.085157e-02,9.170424e-03,1.174382e-03,1.333296e-02,2.075167e-01,1.006912e-01,2.558345e-01,1.579661e-02,5.762281e-02,2.811807e-02,1.089826e-01
9.464909e-03,1.061719e-01,4.456467e-02,8.161952e-02,2.293737e-02,9.901578e-03,9.541951e-04,9.811171e-03,2.582591e-01,8.004645e-02,1.892165e-01,1.133727e-02,4.728921e-02,2.078348e-02,1.076428e-01
1.429277e-02,1.161182e-01,3.498739e-02,1.515715e-01,2.969321e-02,1.118983e-02,1.586030e-03,2.467381e-02,2.663336e-01,6.001646e-02,1.438234e-01,8.896787e-03,4.033059e-02,1.524141e-02,8.124497e-02
4.955665e-02,1.523185e-01,3.112323e-02,1.594284e-01,4.369481e-02,1.163824e-02,1.597989e-03,2.226410e-02,2.575900e-01,4.586797e-02,1.061232e-01,7.121139e-03,3.168079e-02,1.185272e-02,6.814231e-02
4.529253e-02,1.808751e-01,3.547368e-02,2.474340e-01,4.272221e-02,1.070209e-02,1.339197e-03,1.859411e-02,1.917836e-01,3.589547e-02,8.718152e-02,7.981658e-03,2.720677e-02,8.987243e-03,5.853083e-02
3.925803e-02,2.315080e-01,3.285200e-02,1.976191e-01,7.491006e-02,3.343559e-02,1.275602e-03,1.712538e-02,1.575126e-01,2.573688e-02,8.954225e-02,9.272340e-03,3.651552e-02,6.596588e-03,4.684000e-02
3.453734e-02,1.957370e-01,4.783017e-02,1.879390e-01,1.520123e-01,3.104823e-02,1.605504e-03,2.314663e-02,1.286373e-01,1.920786e-02,7.182585e-02,1.618258e-02,4.956335e-02,5.093500e-03,3.563343e-02
2.606785e-02,1.390131e-01,3.582228e-02,1.438076e-01,1.894812e-01,2.992970e-02,1.658356e-03,1.709327e-02,9.831807e-02,1.509198e-02,8.564958e-02,4.204235e-02,1.441591e-01,4.097785e-03,2.776774e-02
1.956179e-02,9.806804e-02,3.171905e-02,1.037791e-01,1.559717e-01,2.411567e-02,1.590910e-03,1.251715e-02,7.402756e-02,1.298064e-02,1.163927e-01,6.540374e-02,2.541573e-01,3.810453e-03,2.590426e-02
1.674514e-02,6.892130e-02,2.574783e-02,7.333694e-02,1.118088e-01,1.992208e-02,2.183768e-03,2.537421e-02,5.525722e-02,1.285739e-02,1.179895e-01,5.651670e-02,3.910202e-01,3.016849e-03,1.930204e-02
1.668208e-02,4.930631e-02,2.098438e-02,5.239291e-02,9.096618e-02,6.082561e-02,2.311552e-03,2.085067e-02,5.694613e-02,1.094412e-02,1.023146e-01,7.144928e-02,4.241822e-01,2.777915e-03,1.706599e-02
2.098740e-02,4.017127e-02,1.946362e-02,3.871629e-02,7.421703e-02,5.377099e-02,3.157414e-03,1.569338e-02,9.599748e-02,1.087549e-02,1.066706e-01,8.353972e-02,4.022480e-01,3.752720e-03,3.073860e-02
1.890968e-02,3.256059e-02,5.615741e-02,4.018405e-02,7.284882e-02,4.017259e-02,3.615613e-03,2.547849e-02,1.147564e-01,1.862573e-02,9.515659e-02,8.274224e-02,3.643135e-01,3.911982e-03,3.056629e-02
2.236582e-02,2.919597e-02,6.383824e-02,3.497918e-02,6.969221e-02,3.043133e-02,4.059698e-03,2.959883e-02,1.259682e-01,2.401132e-02,9.159885e-02,8.128138e-02,3.584011e-01,4.247048e-03,3.033076e-02
4.915264e-02,2.632570e-02,6.195283e-02,2.683937e-02,9.313022e-02,2.367143e-02,5.484330e-03,3.394806e-02,1.659427e-01,1.970094e-02,9.495313e-02,7.242323e-02,2.992551e-01,4.510359e-03,2.270998e-02
6.641967e-02,2.752616e-02,5.207616e-02,2.235852e-02,9.022518e-02,1.889534e-02,4.188402e-03,2.871771e-02,1.555322e-01,1.773755e-02,1.044565e-01,1.323432e-01,2.546322e-01,4.772007e-03,2.011922e-02
1.243363e-01,2.493854e-02,5.875205e-02,2.007423e-02,7.010432e-02,1.532681e-02,3.357521e-03,3.641213e-02,1.285126e-01,1.655492e-02,1.126285e-01,1.645244e-01,2.014890e-01,5.524820e-03,1.746387e-02
1.029094e-01,2.056176e-02,1.192188e-01,2.313539e-02,5.520457e-02,1.165161e-02,2.552307e-03,3.677941e-02,1.123594e-01,1.253735e-02,1.438195e-01,1.771641e-01,1.621139e-01,6.931350e-03,1.306111e-02
9.493703e-02,1.631138e-02,2.382862e-01,2.891429e-02,4.742761e-02,9.266201e-03,2.244141e-03,3.642952e-02,1.034675e-01,9.402359e-03,1.314700e-01,1.442134e-01,1.222895e-01,5.732929e-03,9.608021e-03
8.143394e-02,1.435100e-02,3.204530e-01,1.266640e-01,3.847849e-02,8.100769e-03,1.791953e-03,2.801313e-02,7.670324e-02,7.034596e-03,9.582411e-02,1.028131e-01,8.666028e-02,4.349771e-03,7.328708e-03
8.474026e-02,1.203334e-02,4.108213e-01,1.360500e-01,3.282325e-02,7.028463e-03,1.392894e-03,3.071359e-02,6.003888e-02,5.906086e-03,7.264444e-02,7.392833e-02,6.196958e-02,4.368683e-03,5.540960e-03
1.041388e-01,2.246489e-02,4.274468e-01,1.317661e-01,3.276398e-02,6.147636e-03,1.188832e-03,3.571716e-02,5.737296e-02,8.335804e-03,5.633853e-02,5.413229e-02,4.478924e-02,1.219609e-02,5.200902e-03
9.547887e-02,2.313113e-02,5.070143e-01,1.037858e-01,3.036968e-02,4.964033e-03,9.649002e-04,4.219443e-02,4.708358e-02,6.630874e-03,4.123781e-02,3.807327e-02,3.158611e-02,2.261864e-02,4.866615e-03
9.832945e-02,2.898077e-02,5.050198e-01,8.409476e-02,2.725456e-02,5.457936e-03,8.285840e-04,4.297292e-02,5.733069e-02,7.467426e-03,3.139930e-02,2.686415e-02,2.229735e-02,5.160794e-02,1.009439e-02
9.133290e-02,3.314128e-02,4.790854e-01,8.917796e-02,2.461756e-02,5.059510e-03,7.196190e-04,7.028118e-02,6.186039e-02,6.809113e-03,2.350403e-02,1.888682e-02,1.574287e-02,6.617984e-02,1.360157e-02
8.641853e-02,2.763346e-02,4.883407e-01,9.191656e-02,2.335303e-02,4.692559e-03,6.607178e-04,7.810425e-02,5.848397e-02,6.221150e-03,1.736088e-02,1.332815e-02,1.113884e-02,8.050719e-02,1.183998e-02
8.491392e-02,2.303461e-02,4.832203e-01,7.105048e-02,2.017562e-02,4.779684e-03,7.813718e-04,6.629224e-02,5.166060e-02,6.822044e-03,1.388810e-02,9.635082e-03,8.019428e-03,1.443533e-01,1.137323e-02
1.195540e-01,1.976794e-02,3.840277e-01,5.902597e-02,1.665213e-02,4.994123e-03,1.521709e-03,5.708348e-02,4.316776e-02,7.015754e-03,1.190849e-02,7.134734e-03,5.970767e-03,2.530108e-01,9.164643e-03
2.189790e-01,1.846569e-02,3.068045e-01,4.980926e-02,1.261379e-02,6.075210e-03,2.551911e-03,4.904343e-02,4.660612e-02,8.199856e-03,1.122798e-02,7.607773e-03,5.353118e-03,2.413639e-01,1.529858e-02
2.658041e-01,1.923668e-02,2.491233e-01,4.474285e-02,9.773934e-03,6.916119e-03,2.604316e-03,4.965044e-02,6.831931e-02,1.644610e-02,1.237511e-02,8.291894e-03,5.713826e-03,1.942431e-01,4.675895e-02
2.546689e-01,2.098336e-02,2.049517e-01,3.424880e-02,7.451725e-03,7.581897e-03,2.153532e-03,4.121856e-02,7.493474e-02,3.055952e-02,1.494232e-02,7.819152e-03,6.122437e-03,1.432848e-01,1.490786e-01
1.885255e-01,3.096111e-02,1.545400e-01,3.223794e-02,5.561750e-03,6.620003e-03,1.564883e-03,2.992066e-02,1.016162e-01,4.128185e-02,2.556990e-02,9.284191e-03,1.717484e-02,1.107841e-01,2.443571e-01
1.448281e-01,3.272504e-02,1.122921e-01,2.817722e-02,4.516900e-03,6.377254e-03,1.159934e-03,2.197170e-02,1.153061e-01,5.063175e-02,6.838445e-02,2.114596e-02,3.456993e-02,1.020423e-01,2.558713e-01
1.505441e-01,2.887369e-02,8.033406e-02,4.115221e-02,6.753111e-03,6.656911e-03,9.267468e-04,1.660460e-02,9.510212e-02,5.484663e-02,1.402968e-01,2.457166e-02,6.941097e-02,8.144943e-02,2.024769e-01
1.152232e-01,2.156199e-02,5.826253e-02,4.278926e-02,1.858796e-02,8.882407e-03,8.815682e-04,1.362344e-02,7.625435e-02,5.347845e-02,1.677991e-01,2.250418e-02,6.504147e-02,7.934980e-02,2.557604e-01
8.411025e-02,1.567197e-02,4.160831e-02,3.545452e-02,5.952815e-02,6.848335e-03,7.860413e-04,1.069437e-02,5.546293e-02,4.473860e-02,2.155381e-01,1.978425e-02,5.472431e-02,1.110953e-01,2.439545e-01
6.599479e-02,1.261873e-02,4.753323e-02,4.456497e-02,5.059228e-02,7.341766e-03,1.720139e-03,1.721402e-02,4.991436e-02,4.422524e-02,1.828482e-01,1.701792e-02,4.303687e-02,2.313121e-01,1.840654e-01
5.472616e-02,1.628518e-02,5.997465e-02,4.144608e-02,4.188385e-02,9.440239e-03,2.056952e-03,1.393645e-02,6.393418e-02,3.856277e-02,1.375124e-01,1.412313e-02,3.555855e-02,2.739390e-01,1.966204e-01
5.451727e-02,1.750712e-02,5.443151e-02,3.513863e-02,3.218269e-02,1.124347e-02,2.328434e-03,1.086326e-02,7.917147e-02,3.104562e-02,1.069884e-01,1.338953e-02,3.259812e-02,3.027045e-01,2.158900e-01
5.510597e-02,1.583703e-02,1.902182e-01,2.853550e-02,2.606115e-02,9.746187e-03,3.785498e-03,1.758615e-02,6.572977e-02,2.520510e-02,8.338853e-02,1.029847e-02,2.499478e-02,2.799803e-01,1.635273e-01
6.121361e-02,1.956269e-02,1.959827e-01,2.475434e-02,2.894046e-02,1.015223e-02,4.289802e-03,2.723989e-02,6.689900e-02,2.577452e-02,6.637560e-02,9.130908e-03,2.031453e-02,2.955665e-01,1.438033e-01
8.363146e-02,4.273320e-02,1.883036e-01,2.019986e-02,2.751340e-02,1.078251e-02,4.575391e-03,2.962889e-02,8.850655e-02,2.520257e-02,5.723176e-02,7.922824e-03,1.556200e-02,2.835883e-01,1.146177e-01
8.947066e-02,4.904759e-02,1.849901e-01,1.617150e-02,2.522587e-02,1.048066e-02,4.213779e-03,4.338910e-02,8.537208e-02,2.395014e-02,4.693182e-02,6.846897e-03,1.290600e-02,2.964518e-01,1.045519e-01
8.962202e-02,7.575089e-02,1.868970e-01,1.482395e-02,2.684828e-02,1.111531e-02,3.514474e-03,4.910431e-02,8.848394e-02,2.774035e-02,3.876806e-02,5.599794e-03,1.085366e-02,2.770151e-01,9.386291e-02
7.358441e-02,7.774512e-02,3.102935e-01,1.925104e-02,3.138555e-02,1.079608e-02,2.696721e-03,4.473615e-02,8.058269e-02,2.469565e-02,3.230655e-02,4.780077e-03,9.030716e-03,2.042354e-01,7.388039e-02
6.559212e-02,7.418945e-02,3.465819e-01,2.321276e-02,3.216859e-02,1.137627e-02,1.963324e-03,3.453479e-02,7.861210e-02,3.184525e-02,2.816102e-02,4.008335e-03,7.549425e-03,1.524743e-01,1.077303e-01
6.486786e-02,8.840252e-02,3.463758e-01,2.673767e-02,6.030533e-02,9.575193e-03,1.575539e-03,2.875005e-02,8.665700e-02,3.239331e-02,2.346048e-02,3.365257e-03,6.327110e-03,1.111044e-01,1.101025e-01
6.289004e-02,1.021050e-01,3.377389e-01,7.009899e-02,7.513767e-02,8.505257e-03,1.421384e-03,3.386084e-02,8.043351e-02,2.776165e-02,1.893685e-02,3.155882e-03,5.187043e-03,8.001837e-02,9.274867e-02
5.643352e-02,8.514780e-02,3.864371e-01,1.127391e-01,8.470112e-02,7.179318e-03,1.305875e-03,3.235516e-02,6.355385e-02,2.147540e-02,1.409841e-02,2.675625e-03,4.027638e-03,5.734719e-02,7.052287e-02
6.688073e-02,1.030617e-01,4.384466e-01,9.049920e-02,6.881746e-02,6.462958e-03,1.083908e-03,2.799178e-02,5.634527e-02,1.946116e-02,1.071103e-02,2.741645e-03,3.332622e-03,4.603319e-02,5.813077e-02
7.885626e-02,1.344251e-01,4.403252e-01,7.804671e-02,6.024907e-02,6.552578e-03,1.024042e-03,3.271263e-02,5.477580e-02,1.541804e-02,8.286379e-03,2.429852e-03,2.901884e-03,3.726145e-02,4.673495e-02
8.374098e-02,1.185593e-01,4.557108e-01,1.225752e-01,4.601981e-02,6.018814e-03,9.879210e-04,2.738658e-02,4.827706e-02,1.337485e-02,6.557408e-03,2.094397e-03,3.239706e-03,2.699570e-02,3.846150e-02
1.207038e-01,1.010406e-01,4.660462e-01,1.169005e-01,4.011869e-02,5.552620e-03,1.064920e-03,3.270536e-02,4.305026e-02,1.087026e-02,5.297856e-03,2.137572e-03,2.752231e-03,2.221004e-02,2.954901e-02
1.149531e-01,8.543218e-02,5.159177e-01,1.020487e-01,3.685595e-02,6.086930e-03,1.395036e-03,4.473803e-02,3.628914e-02,9.233676e-03,4.092818e-03,2.047327e-03,2.405144e-03,1.646318e-02,2.204103e-02
1.502209e-01,8.389692e-02,4.972062e-01,9.365699e-02,3.175943e-02,6.991454e-03,1.366756e-03,4.251707e-02,3.862008e-02,8.258392e-03,4.019875e-03,2.043809e-03,3.418657e-03,1.622815e-02,1.979519e-02
1.956381e-01,8.294001e-02,4.584059e-01,7.884618e-02,2.576292e-02,8.871788e-03,1.424509e-03,4.871171e-02,4.359202e-02,7.907263e-03,3.968513e-03,1.941364e-03,3.672702e-03,1.763778e-02,2.067919e-02
2.373979e-01,1.094650e-01,3.622771e-01,6.569760e-02,2.515397e-02,1.010464e-02,2.004540e-03,6.380393e-02,5.458210e-02,1.147185e-02,4.433230e-03,3.240952e-03,5.037230e-03,1.648143e-02,2.884851e-02
2.778151e-01,1.297338e-01,2.802495e-01,5.101695e-02,3.082399e-02,9.990433e-03,2.491465e-03,7.065532e-02,6.232742e-02,1.487608e-02,5.069594e-03,4.237319e-03,5.912568e-03,2.436770e-02,3.043266e-02
2.675713e-01,1.688370e-01,2.144116e-01,3.929573e-02,3.505500e-02,9.708220e-03,3.141320e-03,6.514470e-02,8.421554e-02,1.551817e-02,5.885527e-03,4.797369e-03,6.914441e-03,4.764199e-02,3.186204e-02
2.536851e-01,2.320652e-01,1.595019e-01,2.961665e-02,3.052970e-02,9.545697e-03,2.684481e-03,5.831300e-02,8.087091e-02,2.873037e-02,6.941142e-03,5.631529e-03,5.845360e-03,4.118300e-02,5.485588e-02
2.634293e-01,2.223558e-01,1.230782e-01,5.518385e-02,3.303044e-02,1.070472e-02,2.702830e-03,4.316968e-02,7.601533e-02,3.618481e-02,8.184292e-03,7.638806e-03,6.784027e-03,3.014562e-02,8.139230e-02
2.703341e-01,2.331038e-01,9.903434e-02,4.157975e-02,2.418549e-02,1.111269e-02,2.514836e-03,3.227286e-02,6.043544e-02,8.230075e-02,1.374654e-02,7.227454e-03,8.028458e-03,2.603301e-02,8.809048e-02
2.611264e-01,2.021923e-01,7.773073e-02,3.123219e-02,1.788709e-02,1.431454e-02,2.053858e-03,2.520330e-02,5.069501e-02,8.687102e-02,7.341853e-02,7.525968e-03,8.316051e-03,7.612361e-02,6.530945e-02
2.048730e-01,1.555471e-01,5.864349e-02,2.401914e-02,1.395513e-02,2.932935e-02,1.719309e-03,2.103141e-02,5.137999e-02,7.466359e-02,1.331817e-01,7.718106e-03,1.886809e-02,1.469172e-01,5.815346e-02
1.662954e-01,1.131998e-01,4.276329e-02,1.812718e-02,1.214570e-02,4.152648e-02,1.591638e-03,1.988603e-02,4.750200e-02,6.789061e-02,2.276729e-01,7.014161e-03,1.596530e-02,1.746300e-01,4.378951e-02
1.577602e-01,8.204729e-02,3.161189e-02,1.582582e-02,1.076581e-02,3.230078e-02,1.420747e-03,1.658135e-02,4.405104e-02,5.600089e-02,3.300073e-01,7.176968e-03,1.289878e-02,1.697345e-01,3.181652e-02
1.189634e-01,6.049347e-02,2.266538e-02,1.269976e-02,9.668848e-03,2.529114e-02,1.315603e-03,1.289823e-02,3.984008e-02,6.396474e-02,4.457156e-01,9.750438e-03,1.006706e-02,1.420307e-01,2.463555e-02
8.504716e-02,4.706126e-02,1.665780e-02,9.729302e-03,1.083885e-02,1.872247e-02,1.082159e-03,9.834160e-03,8.672047e-02,5.656913e-02,4.356785e-01,1.190367e-02,7.648237e-03,1.839839e-01,1.852299e-02
6.189242e-02,4.130243e-02,1.233690e-02,7.941455e-03,1.005948e-02,1.713486e-02,8.843644e-04,7.371484e-03,1.372840e-01,5.723502e-02,4.009002e-01,1.216998e-02,5.831909e-03,2.127709e-01,1.488463e-02
7.266241e-02,4.071080e-02,2.736079e-02,1.537039e-02,1.608400e-02,2.754394e-02,2.693503e-03,3.327505e-02,1.453739e-01,5.300741e-02,3.534707e-01,1.052174e-02,5.142907e-03,1.838928e-01,1.288966e-02
8.845490e-02,4.442382e-02,2.258654e-02,1.525474e-02,1.686945e-02,6.459545e-02,2.831759e-03,2.717452e-02,1.781910e-01,4.390854e-02,3.083570e-01,9.507141e-03,4.144177e-03,1.628803e-01,1.082067e-02
6.945680e-02,4.834483e-02,1.678271e-02,1.173875e-02,1.389666e-02,1.214344e-01,2.196852e-03,2.078903e-02,2.990353e-01,3.184475e-02,2.255696e-01,7.000423e-03,3.140516e-03,1.207141e-01,8.055259e-03
5.065259e-02,5.124994e-02,1.267014e-02,1.151374e-02,1.245636e-02,2.161775e-01,1.605515e-03,1.541398e-02,3.410382e-01,2.381209e-02,1.594969e-01,5.052777e-03,2.747852e-03,8.896422e-02,7.148156e-03
4.211612e-02,4.841338e-02,1.113737e-02,1.808227e-02,1.922147e-02,2.139410e-01,2.025080e-03,2.127682e-02,3.969650e-01,2.037708e-02,1.192754e-01,4.286655e-03,2.939304e-03,7.228953e-02,7.653504e-03
3.785613e-02,4.066090e-02,8.599812e-03,3.138980e-02,1.671645e-02,2.500391e-01,1.520711e-03,2.182164e-02,3.569155e-01,2.119499e-02,1.026511e-01,6.239130e-03,5.413847e-03,6.439746e-02,3.458330e-02
3.104046e-02,3.178398e-02,6.547838e-03,4.244629e-02,1.445201e-02,2.776383e-01,1.231734e-03,1.919233e-02,2.801080e-01,2.336107e-02,1.268271e-01,1.534788e-02,1.959175e-02,5.369942e-02,5.673182e-02
3.197032e-02,2.934612e-02,1.332677e-02,4.683809e-02,2.909995e-02,2.907815e-01,1.899473e-03,2.605749e-02,2.339315e-01,2.157206e-02,1.268996e-01,1.603454e-02,2.975688e-02,4.527566e-02,5.720999e-02
2.466514e-02,3.694060e-02,2.238478e-02,7.171637e-02,2.766732e-02,2.215154e-01,2.698359e-03,4.306273e-02,2.932200e-01,1.817023e-02,9.320234e-02,1.275607e-02,2.510372e-02,3.358189e-02,7.331486e-02
2.105066e-02,4.384078e-02,3.350549e-02,7.069384e-02,4.255742e-02,1.733859e-01,7.132314e-03,3.990351e-02,3.651344e-01,1.548946e-02,6.757969e-02,9.631799e-03,1.907727e-02,2.429832e-02,6.671917e-02
2.808369e-02,5.190212e-02,2.615745e-02,6.299167e-02,5.554130e-02,1.302128e-01,6.662148e-03,3.169133e-02,4.132021e-01,1.824301e-02,4.787014e-02,6.956907e-03,1.385384e-02,1.738809e-02,8.924342e-02
4.183184e-02,4.761279e-02,1.960665e-02,4.948343e-02,1.070260e-01,9.648416e-02,6.311854e-03,2.548462e-02,4.614435e-01,1.404123e-02,3.431524e-02,5.029952e-03,1.002026e-02,1.244700e-02,6.886149e-02
4.734457e-02,9.034176e-02,3.039719e-02,1.468155e-01,1.083568e-01,6.884833e-02,4.966014e-03,2.243608e-02,3.383363e-01,1.430846e-02,2.651911e-02,4.610713e-03,8.833808e-03,9.031763e-03,7.885361e-02
1.008836e-01,9.983010e-02,4.190297e-02,1.350883e-01,1.244363e-01,5.342356e-02,6.167167e-03,3.028082e-02,2.868108e-01,1.477464e-02,2.049587e-02,4.588610e-03,8.620222e-03,7.039946e-03,6.565707e-02
1.020631e-01,7.779280e-02,3.005829e-02,9.611612e-02,1.209038e-01,3.876575e-02,5.369408e-03,2.091274e-01,2.328008e-01,1.039874e-02,1.507497e-02,3.404686e-03,6.991788e-03,4.986364e-03,4.614598e-02
1.977174e-01,5.723343e-02,2.304442e-02,7.466540e-02,1.474189e-01,3.374907e-02,8.252857e-03,2.113571e-01,1.799241e-01,7.647529e-03,1.286912e-02,2.995844e-03,5.532425e-03,3.797284e-03,3.379518e-02
2.527435e-01,5.021269e-02,1.789765e-02,8.201134e-02,1.662398e-01,3.145370e-02,2.074561e-02,1.822019e-01,1.393652e-01,5.784284e-03,1.170167e-02,4.713256e-03,5.379270e-03,2.894982e-03,2.665513e-02
2.281149e-01,3.618386e-02,1.406426e-02,7.876112e-02,2.042315e-01,2.333400e-02,1.997345e-02,2.452486e-01,1.064807e-01,4.181433e-03,9.918321e-03,4.134766e-03,4.390262e-03,2.111762e-03,1.887101e-02
1.678425e-01,2.542202e-02,9.973777e-03,5.546639e-02,1.549269e-01,1.644725e-02,1.434421e-02,4.485717e-01,7.607742e-02,2.943450e-03,7.146491e-03,2.990641e-03,3.145131e-03,1.482715e-03,1.321938e-02
1.295199e-01,1.794473e-02,7.149273e-03,3.906536e-02,1.216893e-01,1.165386e-02,1.094903e-02,5.845773e-01,5.508497e-02,2.095258e-03,5.396215e-03,2.206936e-03,2.339576e-03,1.049545e-03,9.278671e-03
1.257220e-01,1.369269e-02,8.329961e-03,3.090570e-02,1.415120e-01,1.776572e-02,8.487282e-03,5.868923e-01,3.911471e-02,1.753245e-03,8.614164e-03,4.680428e-03,4.119072e-03,1.140695e-03,7.269988e-03
9.556974e-02,1.009623e-02,6.504694e-03,3.562238e-02,1.035517e-01,1.556229e-02,6.786817e-03,4.996365e-01,2.941615e-02,2.027453e-03,8.682878e-02,1.932402e-02,7.752439e-02,1.960672e-03,9.588115e-03
6.738967e-02,7.222021e-03,5.077704e-03,3.815504e-02,7.305360e-02,1.357362e-02,5.522915e-03,3.717826e-01,2.375866e-02,5.036904e-03,9.000475e-02,7.968872e-02,2.042422e-01,2.178210e-03,1.331338e-02
4.900664e-02,5.590203e-03,4.443005e-03,3.026943e-02,5.706131e-02,1.440111e-02,1.486756e-02,2.636851e-01,1.838265e-02,5.369547e-03,8.186885e-02,1.801491e-01,2.601454e-01,3.005668e-03,1.175449e-02
3.584190e-02,5.659063e-03,4.530260e-03,2.691997e-02,4.906438e-02,1.749756e-02,1.800304e-02,1.872657e-01,1.734825e-02,5.382753e-03,6.896903e-02,3.191335e-01,2.325083e-01,2.863809e-03,9.012484e-03
2.529259e-02,4.125526e-03,3.350845e-03,1.906607e-02,3.523836e-02,1.376155e-02,1.303773e-02,1.312909e-01,1.278939e-02,4.811157e-03,5.191392e-02,4.736408e-01,2.026250e-01,2.261544e-03,6.794509e-03
1.796963e-02,3.118582e-03,3.023071e-03,1.344643e-02,2.588948e-02,1.032789e-02,9.474600e-03,9.211469e-02,1.141196e-02,6.605785e-03,3.867944e-02,5.851641e-01,1.755605e-01,2.000633e-03,5.213115e-03
1.272954e-02,3.791390e-03,5.936044e-03,9.440421e-03,2.210985e-02,7.430030e-03,6.768827e-03,6.472370e-02,1.144477e-02,1.313554e-02,2.992887e-02,6.426051e-01,1.635143e-01,2.342869e-03,4.098784e-03
8.979883e-03,3.605083e-03,4.609111e-03,6.669154e-03,1.881690e-02,5.258595e-03,4.759782e-03,4.537214e-02,9.202274e-03,2.335478e-02,4.867247e-02,6.810658e-01,1.287124e-01,7.667352e-03,3.254214e-03
6.470234e-03,3.142855e-03,4.927421e-03,4.983053e-03,1.794067e-02,3.821148e-03,3.370743e-03,3.223189e-02,8.955472e-03,2.702677e-02,4.999666e-02,7.229975e-01,1.036359e-01,7.942051e-03,2.557582e-03
4.861612e-03,5.452160e-02,1.358276e-02,8.071379e-03,4.684026e-02,1.165930e-02,2.720390e-03,3.327119e-02,2.395626e-02,2.458916e-02,3.678309e-02,6.515174e-01,8.004359e-02,5.755690e-03,1.826326e-03
4.081661e-03,4.828501e-02,1.372400e-02,1.010788e-02,5.113502e-02,9.400601e-03,2.159382e-03,3.554887e-02,2.252757e-02,2.345337e-02,3.048251e-02,6.766508e-01,6.646533e-02,4.601862e-03,1.376096e-03
6.594469e-03,4.829242e-02,3.444935e-02,2.810720e-02,4.326399e-02,1.123467e-02,3.527169e-03,6.463395e-02,1.751226e-02,3.241025e-02,3.292767e-02,6.193683e-01,5.118032e-02,5.423121e-03,1.074865e-03
1.317494e-02,4.176149e-02,6.243069e-02,5.600592e-02,3.241721e-02,5.133140e-02,3.845849e-03,7.865435e-02,1.462848e-02,5.653943e-02,4.340265e-02,5.026942e-01,3.675755e-02,5.484570e-03,8.712300e-04
1.712289e-02,3.225526e-02,7.467806e-02,1.182226e-01,2.506450e-02,6.411614e-02,5.103312e-03,1.005124e-01,1.223030e-02,6.004663e-02,4.763985e-02,4.111471e-01,2.625823e-02,4.909558e-03,6.930939e-04
2.347202e-02,2.511609e-02,1.141088e-01,1.252095e-01,2.017553e-02,5.544671e-02,1.056656e-02,1.570377e-01,9.641317e-03,5.292129e-02,4.733307e-02,3.352376e-01,1.871924e-02,4.455501e-03,5.590480e-04
3.371254e-02,2.362930e-02,1.642701e-01,1.181430e-01,2.119441e-02,5.710990e-02,1.119856e-02,1.565042e-01,7.857533e-03,5.004152e-02,5.674567e-02,2.796998e-01,1.363822e-02,5.623611e-03,6.316392e-04
3.641458e-02,1.988466e-02,2.081290e-01,1.497086e-01,2.106565e-02,4.233998e-02,8.507197e-03,1.835278e-01,1.241877e-02,3.847726e-02,5.671557e-02,2.051510e-01,1.017909e-02,6.917814e-03,5.630362e-04
5.384705e-02,1.771277e-02,2.192437e-01,1.702352e-01,2.299848e-02,3.342049e-02,6.385392e-03,1.421917e-01,1.937137e-02,3.730991e-02,1.093049e-01,1.464120e-01,7.830439e-03,1.218550e-02,1.551099e-03
6.045620e-02,1.554980e-02,2.775710e-01,1.917547e-01,2.020172e-02,2.658294e-02,4.863440e-03,1.139047e-01,2.088282e-02,3.490237e-02,1.085019e-01,1.061663e-01,6.238396e-03,1.054818e-02,1.875681e-03
6.697638e-02,1.382333e-02,2.883880e-01,2.257240e-01,2.012947e-02,2.157488e-02,3.589259e-03,8.621953e-02,3.436439e-02,4.462861e-02,9.333503e-02,7.766833e-02,4.750373e-03,1.611957e-02,2.708895e-03
7.638772e-02,1.376735e-02,3.143885e-01,1.936899e-01,1.985542e-02,1.853954e-02,2.761911e-03,6.615056e-02,5.717666e-02,6.000049e-02,8.153236e-02,6.058051e-02,3.794170e-03,2.708913e-02,4.285769e-03
7.483508e-02,1.408516e-02,3.036878e-01,2.497152e-01,2.053134e-02,1.623691e-02,2.366990e-03,6.780870e-02,6.640901e-02,4.510049e-02,6.390055e-02,4.390648e-02,3.055238e-03,2.460207e-02,3.758928e-03
7.929493e-02,1.272573e-02,2.393410e-01,3.325723e-01,3.370589e-02,1.493788e-02,2.026501e-03,7.100863e-02,6.639706e-02,3.276742e-02,5.593333e-02,3.267910e-02,2.521567e-03,2.093197e-02,3.156631e-03
1.027267e-01,1.718843e-02,1.826412e-01,3.745661e-01,4.962407e-02,1.518178e-02,1.696745e-03,5.814140e-02,7.248925e-02,2.429880e-02,5.239951e-02,2.507951e-02,2.087790e-03,1.883261e-02,3.046097e-03
1.157565e-01,1.731116e-02,1.397595e-01,4.063297e-01,7.365301e-02,1.563947e-02,1.415979e-03,4.787368e-02,7.714632e-02,1.767636e-02,4.819036e-02,1.871419e-02,1.716417e-03,1.564778e-02,3.169614e-03
1.197443e-01,1.530634e-02,1.072338e-01,3.535542e-01,7.748771e-02,1.745895e-02,1.094973e-03,3.639251e-02,1.362384e-01,1.368395e-02,8.112556e-02,1.400484e-02,1.509634e-03,2.096598e-02,4.198893e-03
