1.000000e+00,0.000000e+00,0.000000e+00,0.000000e+00,0.000000e+00,0.000000e+00,0.000000e+00,0.000000e+00,0.000000e+00,0.000000e+00,0.000000e+00,0.000000e+00,0.000000e+00,0.000000e+00,0.000000e+00
1.000000e+00,0.000000e+00,0.000000e+00,0.000000e+00,0.000000e+00,0.000000e+00,0.000000e+00,0.000000e+00,0.000000e+00,0.000000e+00,0.000000e+00,0.000000e+00,0.000000e+00,0.000000e+00,0.000000e+00
1.000000e+00,0.000000e+00,0.000000e+00,0.000000e+00,0.000000e+00,0.000000e+00,0.000000e+00,0.000000e+00,0.000000e+00,0.000000e+00,0.000000e+00,0.000000e+00,0.000000e+00,0.000000e+00,0.000000e+00
1.000000e+00,0.000000e+00,0.000000e+00,0.000000e+00,0.000000e+00,0.000000e+00,0.000000e+00,0.000000e+00,0.000000e+00,0.000000e+00,0.000000e+00,0.000000e+00,0.000000e+00,0.000000e+00,0.000000e+00
1.000000e+00,0.000000e+00,0.000000e+00,0.000000e+00,0.000000e+00,0.000000e+00,0.000000e+00,0.000000e+00,0.000000e+00,0.000000e+00,0.000000e+00,0.000000e+00,0.000000e+00,0.000000e+00,0.000000e+00
1.000000e+00,0.000000e+00,0.000000e+00,0.000000e+00,0.000000e+00,0.000000e+00,0.000000e+00,0.000000e+00,0.000000e+00,0.000000e+00,0.000000e+00,0.000000e+00,0.000000e+00,0.000000e+00,0.000000e+00
1.000000e+00,0.000000e+00,0.000000e+00,0.000000e+00,0.000000e+00,0.000000e+00,0.000000e+00,0.000000e+00,0.000000e+00,0.000000e+00,0.000000e+00,0.000000e+00,0.000000e+00,0.000000e+00,0.000000e+00
1.000000e+00,0.000000e+00,0.000000e+00,0.000000e+00,0.000000e+00,0.000000e+00,0.000000e+00,0.000000e+00,0.000000e+00,0.000000e+00,0.000000e+00,0.000000e+00,0.000000e+00,0.000000e+00,0.000000e+00
1.000000e+00,0.000000e+00,0.000000e+00,0.000000e+00,0.000000e+00,0.000000e+00,0.000000e+00,0.000000e+00,0.000000e+00,0.000000e+00,0.000000e+00,0.000000e+00,0.000000e+00,0.000000e+00,0.000000e+00
1.000000e+00,0.000000e+00,0.000000e+00,0.000000e+00,0.000000e+00,0.000000e+00,0.000000e+00,0.000000e+00,0.000000e+00,0.000000e+00,0.000000e+00,0.000000e+00,0.000000e+00,0.000000e+00,0.000000e+00
1.000000e+00,0.000000e+00,0.000000e+00,0.000000e+00,0.000000e+00,0.000000e+00,0.000000e+00,0.000000e+00,0.000000e+00,0.000000e+00,0.000000e+00,0.000000e+00,0.000000e+00,0.000000e+00,0.000000e+00
1.000000e+00,0.000000e+00,0.000000e+00,0.000000e+00,0.000000e+00,0.000000e+00,0.000000e+00,0.000000e+00,0.000000e+00,0.000000e+00,0.000000e+00,0.000000e+00,0.000000e+00,0.000000e+00,0.000000e+00
1.000000e+00,0.000000e+00,0.000000e+00,0.000000e+00,0.000000e+00,0.000000e+00,0.000000e+00,0.000000e+00,0.000000e+00,0.000000e+00,0.000000e+00,0.000000e+00,0.000000e+00,0.000000e+00,0.000000e+00
1.000000e+00,0.000000e+00,0.000000e+00,0.000000e+00,0.000000e+00,0.000000e+00,0.000000e+00,0.000000e+00,0.000000e+00,0.000000e+00,0.000000e+00,0.000000e+00,0.000000e+00,0.000000e+00,0.000000e+00
1.000000e+00,0.000000e+00,0.000000e+00,0.000000e+00,0.000000e+00,0.000000e+00,0.000000e+00,0.000000e+00,0.000000e+00,0.000000e+00,0.000000e+00,0.000000e+00,0.000000e+00,0.000000e+00,0.000000e+00
1.000000e+00,0.000000e+00,0.000000e+00,0.000000e+00,0.000000e+00,0.000000e+00,0.000000e+00,0.000000e+00,0.000000e+00,0.000000e+00,0.000000e+00,0.000000e+00,0.000000e+00,0.000000e+00,0.000000e+00
1.000000e+00,0.000000e+00,0.000000e+00,0.000000e+00,0.000000e+00,0.000000e+00,0.000000e+00,0.000000e+00,0.000000e+00,0.000000e+00,0.000000e+00,0.000000e+00,0.000000e+00,0.000000e+00,0.000000e+00
1.000000e+00,0.000000e+00,0.000000e+00,0.000000e+00,0.000000e+00,0.000000e+00,0.000000e+00,0.000000e+00,0.000000e+00,0.000000e+00,0.000000e+00,0.000000e+00,0.000000e+00,0.000000e+00,0.000000e+00
1.000000e+00,0.000000e+00,0.000000e+00,0.000000e+00,0.000000e+00,0.000000e+00,0.000000e+00,0.000000e+00,0.000000e+00,0.000000e+00,0.000000e+00,0.000000e+00,0.000000e+00,0.000000e+00,0.000000e+00
1.000000e+00,0.000000e+00,0.000000e+00,0.000000e+00,0.000000e+00,0.000000e+00,0.000000e+00,0.000000e+00,0.000000e+00,0.000000e+00,0.000000e+00,0.000000e+00,0.000000e+00,0.000000e+00,0.000000e+00
1.000000e+00,0.000000e+00,0.000000e+00,0.000000e+00,0.000000e+00,0.000000e+00,0.000000e+00,0.000000e+00,0.000000e+00,0.000000e+00,0.000000e+00,0.000000e+00,0.000000e+00,0.000000e+00,0.000000e+00
1.000000e+00,0.000000e+00,0.000000e+00,0.000000e+00,0.000000e+00,0.000000e+00,0.000000e+00,0.000000e+00,0.000000e+00,0.000000e+00,0.000000e+00,0.000000e+00,0.000000e+00,0.000000e+00,0.000000e+00
1.000000e+00,0.000000e+00,0.000000e+00,0.000000e+00,0.000000e+00,0.000000e+00,0.000000e+00,0.000000e+00,0.000000e+00,0.000000e+00,0.000000e+00,0.000000e+00,0.000000e+00,0.000000e+00,0.000000e+00
1.000000e+00,0.000000e+00,0.000000e+00,0.000000e+00,0.000000e+00,0.000000e+00,0.000000e+00,0.000000e+00,0.000000e+00,0.000000e+00,0.000000e+00,0.000000e+00,0.000000e+00,0.000000e+00,0.000000e+00
1.000000e+00,0.000000e+00,0.000000e+00,0.000000e+00,0.000000e+00,0.000000e+00,0.000000e+00,0.000000e+00,0.000000e+00,0.000000e+00,0.000000e+00,0.000000e+00,0.000000e+00,0.000000e+00,0.000000e+00
1.000000e+00,0.000000e+00,0.000000e+00,0.000000e+00,0.000000e+00,0.000000e+00,0.000000e+00,0.000000e+00,0.000000e+00,0.000000e+00,0.000000e+00,0.000000e+00,0.000000e+00,0.000000e+00,0.000000e+00
1.000000e+00,0.000000e+00,0.000000e+00,0.000000e+00,0.000000e+00,0.000000e+00,0.000000e+00,0.000000e+00,0.000000e+00,0.000000e+00,0.000000e+00,0.000000e+00,0.000000e+00,0.000000e+00,0.000000e+00
1.000000e+00,0.000000e+00,0.000000e+00,0.000000e+00,0.000000e+00,0.000000e+00,0.000000e+00,0.000000e+00,0.000000e+00,0.000000e+00,0.000000e+00,0.000000e+00,0.000000e+00,0.000000e+00,0.000000e+00
1.000000e+00,0.000000e+00,0.000000e+00,0.000000e+00,0.000000e+00,0.000000e+00,0.000000e+00,0.000000e+00,0.000000e+00,0.000000e+00,0.000000e+00,0.000000e+00,0.000000e+00,0.000000e+00,0.000000e+00
1.000000e+00,0.000000e+00,0.000000e+00,0.000000e+00,0.000000e+00,0.000000e+00,0.000000e+00,0.000000e+00,0.000000e+00,0.000000e+00,0.000000e+00,0.000000e+00,0.000000e+00,0.000000e+00,0.000000e+00
1.000000e+00,0.000000e+00,0.000000e+00,0.000000e+00,0.000000e+00,0.000000e+00,0.000000e+00,0.000000e+00,0.000000e+00,0.000000e+00,0.000000e+00,0.000000e+00,0.000000e+00,0.000000e+00,0.000000e+00
1.000000e+00,0.000000e+00,0.000000e+00,0.000000e+00,0.000000e+00,0.000000e+00,0.000000e+00,0.000000e+00,0.000000e+00,0.000000e+00,0.000000e+00,0.000000e+00,0.000000e+00,0.000000e+00,0.000000e+00
1.000000e+00,0.000000e+00,0.000000e+00,0.000000e+00,0.000000e+00,0.000000e+00,0.000000e+00,0.000000e+00,0.000000e+00,0.000000e+00,0.000000e+00,0.000000e+00,0.000000e+00,0.000000e+00,0.000000e+00
1.000000e+00,0.000000e+00,0.000000e+00,0.000000e+00,0.000000e+00,0.000000e+00,0.000000e+00,0.000000e+00,0.000000e+00,0.000000e+00,0.000000e+00,0.000000e+00,0.000000e+00,0.000000e+00,0.000000e+00
1.000000e+00,0.000000e+00,0.000000e+00,0.000000e+00,0.000000e+00,0.000000e+00,0.000000e+00,0.000000e+00,0.000000e+00,0.000000e+00,0.000000e+00,0.000000e+00,0.000000e+00,0.000000e+00,0.000000e+00
1.000000e+00,0.000000e+00,0.000000e+00,0.000000e+00,0.000000e+00,0.000000e+00,0.000000e+00,0.000000e+00,0.000000e+00,0.000000e+00,0.000000e+00,0.000000e+00,0.000000e+00,0.000000e+00,0.000000e+00
1.000000e+00,0.000000e+00,0.000000e+00,0.000000e+00,0.000000e+00,0.000000e+00,0.000000e+00,0.000000e+00,0.000000e+00,0.000000e+00,0.000000e+00,0.000000e+00,0.000000e+00,0.000000e+00,0.000000e+00
1.000000e+00,0.000000e+00,0.000000e+00,0.000000e+00,0.000000e+00,0.000000e+00,0.000000e+00,0.000000e+00,0.000000e+00,0.000000e+00,0.000000e+00,0.000000e+00,0.000000e+00,0.000000e+00,0.000000e+00
1.000000e+00,0.000000e+00,0.000000e+00,0.000000e+00,0.000000e+00,0.000000e+00,0.000000e+00,0.000000e+00,0.000000e+00,0.000000e+00,0.000000e+00,0.000000e+00,0.000000e+00,0.000000e+00,0.000000e+00
1.000000e+00,0.000000e+00,0.000000e+00,0.000000e+00,0.000000e+00,0.000000e+00,0.000000e+00,0.000000e+00,0.000000e+00,0.000000e+00,0.000000e+00,0.000000e+00,0.000000e+00,0.000000e+00,0.000000e+00
1.000000e+00,0.000000e+00,0.000000e+00,0.000000e+00,0.000000e+00,0.000000e+00,0.000000e+00,0.000000e+00,0.000000e+00,0.000000e+00,0.000000e+00,0.000000e+00,0.000000e+00,0.000000e+00,0.000000e+00
1.000000e+00,0.000000e+00,0.000000e+00,0.000000e+00,0.000000e+00,0.000000e+00,0.000000e+00,0.000000e+00,0.000000e+00,0.000000e+00,0.000000e+00,0.000000e+00,0.000000e+00,0.000000e+00,0.000000e+00
1.000000e+00,0.000000e+00,0.000000e+00,0.000000e+00,0.000000e+00,0.000000e+00,0.000000e+00,0.000000e+00,0.000000e+00,0.000000e+00,0.000000e+00,0.000000e+00,0.000000e+00,0.000000e+00,0.000000e+00
1.000000e+00,0.000000e+00,0.000000e+00,0.000000e+00,0.000000e+00,0.000000e+00,0.000000e+00,0.000000e+00,0.000000e+00,0.000000e+00,0.000000e+00,0.000000e+00,0.000000e+00,0.000000e+00,0.000000e+00
1.000000e+00,0.000000e+00,0.000000e+00,0.000000e+00,0.000000e+00,0.000000e+00,0.000000e+00,0.000000e+00,0.000000e+00,0.000000e+00,0.000000e+00,0.000000e+00,0.000000e+00,0.000000e+00,0.000000e+00
1.000000e+00,0.000000e+00,0.000000e+00,0.000000e+00,0.000000e+00,0.000000e+00,0.000000e+00,0.000000e+00,0.000000e+00,0.000000e+00,0.000000e+00,0.000000e+00,0.000000e+00,0.000000e+00,0.000000e+00
1.000000e+00,0.000000e+00,0.000000e+00,0.000000e+00,0.000000e+00,0.000000e+00,0.000000e+00,0.000000e+00,0.000000e+00,0.000000e+00,0.000000e+00,0.000000e+00,0.000000e+00,0.000000e+00,0.000000e+00
1.000000e+00,0.000000e+00,0.000000e+00,0.000000e+00,0.000000e+00,0.000000e+00,0.000000e+00,0.000000e+00,0.000000e+00,0.000000e+00,0.000000e+00,0.000000e+00,0.000000e+00,0.000000e+00,0.000000e+00
1.000000e+00,0.000000e+00,0.000000e+00,0.000000e+00,0.000000e+00,0.000000e+00,0.000000e+00,0.000000e+00,0.000000e+00,0.000000e+00,0.000000e+00,0.000000e+00,0.000000e+00,0.000000e+00,0.000000e+00
1.000000e+00,0.000000e+00,0.000000e+00,0.000000e+00,0.000000e+00,0.000000e+00,0.000000e+00,0.000000e+00,0.000000e+00,0.000000e+00,0.000000e+00,0.000000e+00,0.000000e+00,0.000000e+00,0.000000e+00
1.000000e+00,0.000000e+00,0.000000e+00,0.000000e+00,0.000000e+00,0.000000e+00,0.000000e+00,0.000000e+00,0.000000e+00,0.000000e+00,0.000000e+00,0.000000e+00,0.000000e+00,0.000000e+00,0.000000e+00
4.946660e-01,3.537039e-02,8.880579e-03,6.276184e-02,1.594943e-02,1.006222e-01,2.000997e-02,1.280362e-02,1.704892e-02,2.617802e-03,5.961011e-03,8.683684e-02,1.161570e-01,1.474221e-03,1.884018e-02
3.897547e-01,2.988191e-02,1.918392e-02,1.005415e-01,1.491640e-02,8.923747e-02,1.739175e-02,6.478196e-02,1.575058e-02,2.660199e-03,1.010631e-02,1.078781e-01,1.177026e-01,1.713130e-03,1.849945e-02
2.901900e-01,2.238847e-02,2.150696e-02,1.004608e-01,1.205833e-02,8.414949e-02,1.570654e-02,1.206927e-01,1.396456e-02,2.097810e-03,1.117851e-02,1.296100e-01,1.589722e-01,1.532445e-03,1.549110e-02
2.176555e-01,1.665144e-02,3.242156e-02,9.847996e-02,9.250880e-03,8.118676e-02,2.127574e-02,2.131578e-01,1.116336e-02,1.621228e-03,1.058025e-02,1.085997e-01,1.634934e-01,1.341621e-03,1.312075e-02
1.652663e-01,1.206435e-02,7.414373e-02,7.436586e-02,7.641066e-03,7.173713e-02,3.537126e-02,3.280276e-01,8.178680e-03,1.222685e-03,7.754915e-03,7.691906e-02,1.263670e-01,1.075760e-03,9.864581e-03
1.230823e-01,8.681071e-03,7.031032e-02,5.534292e-02,5.974790e-03,5.536671e-02,3.599018e-02,4.798326e-01,5.858832e-03,9.150460e-04,5.604896e-03,5.412351e-02,9.073034e-02,8.469507e-04,7.339605e-03
9.549623e-02,6.172200e-03,5.586466e-02,4.002310e-02,4.401127e-03,4.315330e-02,4.116944e-02,5.960284e-01,4.145787e-03,6.809372e-04,4.053325e-03,3.814755e-02,6.458583e-02,7.303590e-04,5.347669e-03
7.134387e-02,4.386263e-03,4.360886e-02,2.912839e-02,3.364350e-03,3.216112e-02,3.626489e-02,6.965210e-01,2.923084e-03,4.939548e-04,2.912237e-03,2.681125e-02,4.568167e-02,5.832176e-04,3.815867e-03
5.270699e-02,3.123469e-03,3.214042e-02,2.076970e-02,2.593471e-03,2.327246e-02,2.890257e-02,7.777771e-01,2.057410e-03,3.606435e-04,2.082797e-03,1.881490e-02,3.225329e-02,4.294209e-04,2.715393e-03
3.973877e-02,2.307006e-03,2.365284e-02,1.471589e-02,2.308830e-03,1.737315e-02,3.069911e-02,8.261500e-01,1.498487e-03,3.096164e-04,1.541849e-03,1.340798e-02,2.394120e-02,3.388895e-04,2.016395e-03
3.150139e-02,1.732689e-03,1.728076e-02,1.041733e-02,2.544214e-03,1.368684e-02,6.045297e-02,8.288854e-01,1.105186e-03,3.013831e-04,1.138420e-03,9.743209e-03,1.934023e-02,2.670569e-04,1.602986e-03
3.398363e-02,1.321569e-03,1.254361e-02,7.687796e-03,3.579201e-03,1.045723e-02,5.080038e-02,8.537472e-01,8.444428e-04,3.013332e-04,9.364042e-04,7.330315e-03,1.494690e-02,2.168498e-04,1.303117e-03
4.125658e-02,1.109275e-03,9.293841e-03,5.874253e-03,4.656222e-03,8.623159e-03,4.513308e-02,8.619984e-01,6.624396e-04,3.247920e-04,8.736246e-04,6.030175e-03,1.268903e-02,2.011867e-04,1.273880e-03
5.516671e-02,9.367578e-04,7.075248e-03,4.459459e-03,6.257766e-03,7.289404e-03,4.216500e-02,8.576703e-01,5.494132e-04,3.244227e-04,7.967143e-04,5.235268e-03,1.070286e-02,1.817713e-04,1.188895e-03
8.988048e-02,8.450103e-04,6.700837e-03,3.844961e-03,7.119712e-03,1.033061e-02,5.633496e-02,8.035578e-01,4.672519e-04,4.206423e-04,7.629344e-04,6.419193e-03,1.146059e-02,2.110343e-04,1.643978e-03
1.401237e-01,7.267873e-04,5.590697e-03,3.258056e-03,8.761107e-03,1.162220e-02,5.763621e-02,7.518289e-01,4.368193e-04,5.302626e-04,7.511856e-04,6.798659e-03,9.988953e-03,2.210811e-04,1.725379e-03
2.863559e-01,6.636154e-04,4.901312e-03,2.720784e-03,9.114327e-03,1.547435e-02,4.959215e-02,6.083423e-01,4.944116e-04,5.436667e-04,7.809133e-04,1.004055e-02,8.829077e-03,2.778690e-04,1.868832e-03
2.843429e-01,7.002116e-04,4.658815e-03,2.823264e-03,8.550433e-03,3.994089e-02,4.489285e-02,5.854535e-01,6.443943e-04,6.123761e-04,8.864666e-04,1.187278e-02,1.223624e-02,3.243683e-04,2.060586e-03
2.068826e-01,1.199531e-03,3.502650e-03,3.437863e-03,6.470947e-03,7.839503e-02,3.329311e-02,4.667901e-01,8.925495e-04,5.946442e-04,2.451855e-03,9.169101e-03,1.817434e-01,2.751081e-04,4.901498e-03
1.466064e-01,9.143132e-04,2.732379e-03,2.773834e-03,4.649539e-03,9.644509e-02,2.413700e-02,3.337869e-01,9.656567e-04,4.589161e-04,2.312027e-03,7.125980e-03,3.660121e-01,2.134136e-04,1.086648e-02
1.040545e-01,1.515783e-03,2.218795e-03,4.480513e-03,3.729827e-03,8.063564e-02,1.739680e-02,2.347362e-01,7.287339e-03,8.005453e-04,3.527322e-03,7.419027e-03,5.061198e-01,3.295418e-04,2.574843e-02
7.991912e-02,9.741965e-03,5.923028e-03,2.824328e-02,5.322746e-03,6.832410e-02,1.349764e-02,1.664295e-01,1.155812e-01,3.077294e-03,7.575290e-03,1.409055e-02,4.457945e-01,1.427946e-03,3.505194e-02
5.704908e-02,9.100203e-03,4.904601e-03,4.022919e-02,4.388169e-03,5.455200e-02,9.664882e-03,1.172765e-01,1.140966e-01,2.888582e-03,2.446665e-02,3.403050e-02,4.894195e-01,2.297838e-03,3.563576e-02
4.050552e-02,7.548431e-03,3.767499e-03,3.087055e-02,6.892938e-03,4.011619e-02,7.157949e-03,8.238855e-02,2.584222e-01,2.402134e-03,3.004678e-02,4.294165e-02,4.159424e-01,1.867698e-03,2.912949e-02
3.026927e-02,1.075179e-02,3.750470e-03,2.917394e-02,6.817615e-03,3.524449e-02,5.329472e-03,5.827892e-02,3.213737e-01,2.362966e-03,2.370894e-02,3.568148e-02,4.092051e-01,1.512193e-03,2.653962e-02
2.260261e-02,9.601310e-03,2.956420e-03,2.405577e-02,7.808883e-03,2.866010e-02,4.821167e-03,4.140462e-02,3.577970e-01,2.425569e-03,2.036100e-02,3.374104e-02,4.116428e-01,1.371596e-03,3.075010e-02
1.836282e-02,5.783975e-02,6.129639e-03,3.928515e-02,8.650422e-03,3.212434e-02,3.500876e-03,2.942449e-02,3.986083e-01,3.642458e-03,1.925922e-02,3.119081e-02,3.223982e-01,2.030800e-03,2.755276e-02
1.547679e-02,5.340886e-02,9.191518e-03,6.222040e-02,9.077961e-03,3.313823e-02,2.632885e-03,2.167606e-02,3.928902e-01,6.367343e-03,2.602504e-02,3.960596e-02,2.865231e-01,3.176324e-03,3.858934e-02
1.650109e-02,5.321366e-02,8.242615e-03,5.028895e-02,8.085285e-03,2.843486e-02,2.025861e-03,1.557800e-02,3.533735e-01,5.485773e-03,1.058455e-01,4.458820e-02,2.603990e-01,3.407404e-03,4.453029e-02
1.827157e-02,4.940692e-02,7.177110e-03,4.089764e-02,9.315684e-03,3.069454e-02,2.413510e-03,1.178419e-02,3.805780e-01,4.342659e-03,7.817376e-02,4.149986e-02,2.801095e-01,3.330152e-03,4.200491e-02
4.465340e-02,4.169046e-02,7.195699e-03,3.632479e-02,1.231217e-02,4.033675e-02,2.524128e-03,8.831690e-03,3.821309e-01,3.877373e-03,6.027436e-02,3.933470e-02,2.771126e-01,3.649994e-03,3.975102e-02
5.719279e-02,7.027200e-02,1.121766e-02,3.483110e-02,1.159150e-02,3.968756e-02,2.140975e-03,7.011958e-03,3.565369e-01,5.127735e-03,6.393547e-02,3.638960e-02,2.281049e-01,9.743112e-03,6.621679e-02
9.092271e-02,5.931676e-02,1.240407e-02,3.146888e-02,9.481186e-03,3.309593e-02,1.659260e-03,5.833515e-03,2.905171e-01,9.240931e-03,7.620518e-02,4.269435e-02,2.374526e-01,1.609496e-02,8.361261e-02
6.815356e-02,4.941758e-02,1.552183e-02,2.407109e-02,1.213115e-02,2.387019e-02,1.387518e-03,4.586346e-03,2.259684e-01,7.747682e-03,2.136124e-01,5.385786e-02,2.251846e-01,1.229288e-02,6.219691e-02
4.973850e-02,4.891537e-02,8.589340e-02,3.324930e-02,1.685010e-02,1.866435e-02,1.463082e-03,8.765140e-03,2.121511e-01,9.666710e-03,1.808188e-01,4.200495e-02,1.978273e-01,1.905623e-02,7.493567e-02
3.831941e-02,4.867337e-02,8.059199e-02,3.140260e-02,1.788057e-02,1.626842e-02,1.623650e-03,6.890395e-03,2.032214e-01,1.099982e-02,1.444464e-01,3.594090e-02,1.744229e-01,3.803790e-02,1.512803e-01
2.860966e-02,4.401778e-02,2.397098e-01,3.479105e-02,1.438819e-02,1.380446e-02,1.248441e-03,7.454588e-03,1.633822e-01,1.162200e-02,1.119191e-01,2.727484e-02,1.350664e-01,4.159787e-02,1.251137e-01
2.812668e-02,5.153840e-02,2.812376e-01,2.872188e-02,1.663987e-02,1.090450e-02,1.095797e-03,8.895661e-03,1.644878e-01,1.093483e-02,8.450491e-02,1.976848e-02,9.908156e-02,3.491901e-02,1.591430e-01
2.264124e-02,4.417783e-02,3.824419e-01,8.015811e-02,1.975317e-02,1.078072e-02,9.031411e-04,7.660500e-03,1.410316e-01,9.349864e-03,5.998217e-02,1.405007e-02,6.978986e-02,2.478982e-02,1.124901e-01
2.605234e-02,6.363428e-02,4.597941e-01,6.824563e-02,2.316225e-02,8.952633e-03,1.082582e-03,8.918815e-03,1.260989e-01,1.100059e-02,4.256208e-02,9.936706e-03,4.922267e-02,1.788359e-02,8.345289e-02
2.080849e-02,5.113747e-02,5.258215e-01,1.053744e-01,1.764989e-02,6.647064e-03,8.277564e-04,7.229104e-03,1.072134e-01,1.271308e-02,3.029551e-02,7.055810e-03,3.474050e-02,1.267639e-02,5.980969e-02
2.473957e-02,4.213709e-02,5.570886e-01,7.901312e-02,1.396381e-02,5.293846e-03,6.695423e-04,6.965230e-03,1.151694e-01,3.041364e-02,2.253327e-02,5.170322e-03,2.468144e-02,9.572292e-03,6.258886e-02
4.310201e-02,4.165092e-02,5.093166e-01,5.836061e-02,1.399941e-02,5.814947e-03,8.321730e-04,1.104186e-02,1.195869e-01,6.954342e-02,2.053165e-02,4.239164e-03,1.875241e-02,9.911561e-03,7.331645e-02
6.196397e-02,8.021042e-02,4.532432e-01,4.322493e-02,2.528710e-02,6.836026e-03,1.519021e-03,2.330143e-02,1.090605e-01,6.842081e-02,1.537049e-02,3.259464e-03,1.407229e-02,1.595242e-02,7.827795e-02
9.628157e-02,1.105895e-01,3.313616e-01,3.349521e-02,7.155912e-02,7.750147e-03,2.382344e-03,5.830516e-02,1.038170e-01,6.013447e-02,1.165482e-02,2.653630e-03,1.175557e-02,1.646288e-02,8.179702e-02
1.033484e-01,1.324509e-01,2.554309e-01,3.084958e-02,1.230922e-01,7.782255e-03,3.205072e-03,8.733354e-02,9.378424e-02,5.288271e-02,8.534391e-03,2.048015e-03,9.246392e-03,1.383817e-02,7.617317e-02
1.079364e-01,1.090689e-01,1.901838e-01,2.707993e-02,1.127894e-01,7.072573e-03,2.626919e-03,2.163292e-01,8.728936e-02,5.084548e-02,6.312740e-03,1.687818e-03,6.802512e-03,1.140232e-02,6.257267e-02
1.054167e-01,9.464210e-02,1.385298e-01,2.105670e-02,9.421795e-02,5.589625e-03,2.119887e-03,3.600479e-01,6.944743e-02,3.773777e-02,4.634216e-03,1.377623e-03,4.900822e-03,9.706400e-03,5.057509e-02
9.060239e-02,7.067385e-02,1.005234e-01,1.630762e-02,7.235909e-02,4.741792e-03,1.622959e-03,5.094788e-01,5.442734e-02,2.672055e-02,3.450856e-03,1.298956e-03,3.552295e-03,7.479403e-03,3.676062e-02
8.906628e-02,5.235386e-02,7.265391e-02,1.309356e-02,5.356463e-02,6.172754e-03,1.290690e-03,6.088167e-01,4.152716e-02,1.953975e-02,2.883357e-03,2.446980e-03,2.998978e-03,5.530428e-03,2.806088e-02
8.350970e-02,9.384387e-02,7.043666e-02,9.109084e-02,5.000882e-02,7.821034e-03,1.049896e-03,4.824201e-01,3.430235e-02,1.874708e-02,1.501397e-02,1.487956e-02,3.772305e-03,4.882735e-03,2.822110e-02
6.727459e-02,2.268385e-01,7.271032e-02,6.663627e-02,3.547811e-02,6.794375e-03,7.888847e-04,3.388961e-01,3.593209e-02,2.799020e-02,4.289631e-02,1.367488e-02,8.684274e-03,1.252697e-02,4.287810e-02
5.022299e-02,2.341546e-01,8.067543e-02,4.825038e-02,2.525027e-02,9.026285e-03,6.679663e-04,2.399330e-01,3.439670e-02,2.831160e-02,1.129996e-01,1.308228e-02,1.630424e-02,6.669595e-02,4.002875e-02
3.731042e-02,1.766379e-01,6.051835e-02,3.410949e-02,1.778014e-02,9.109368e-03,5.180414e-04,1.686784e-01,3.268046e-02,2.430491e-02,2.162855e-01,1.068933e-02,1.580616e-02,1.598675e-01,3.570398e-02
2.627322e-02,1.246355e-01,4.459168e-02,2.409765e-02,1.267657e-02,9.519858e-03,4.945582e-04,1.182535e-01,2.435833e-02,1.820763e-02,3.946828e-01,8.336495e-03,1.200079e-02,1.564247e-01,2.544667e-02
1.854884e-02,8.790520e-02,3.344890e-02,1.701750e-02,9.021542e-03,8.085977e-03,4.600367e-04,8.295286e-02,1.788562e-02,1.372565e-02,5.489799e-01,6.449247e-03,8.831907e-03,1.286882e-01,1.799854e-02
1.324385e-02,6.184279e-02,2.378281e-02,1.216370e-02,6.870068e-03,6.119944e-03,4.353868e-04,5.816744e-02,1.341102e-02,1.107759e-02,5.876935e-01,6.358949e-03,6.329936e-03,1.798222e-01,1.268077e-02
9.485709e-03,4.353788e-02,1.685278e-02,8.679022e-03,5.946552e-03,5.172709e-03,4.031481e-04,4.079128e-02,1.054735e-02,9.687804e-03,6.024683e-01,6.309932e-03,4.539504e-03,2.265809e-01,8.997033e-03
6.709687e-03,3.067475e-02,1.195626e-02,6.142845e-03,4.555351e-03,4.950426e-03,2.985410e-04,2.858692e-02,1.069378e-02,8.489220e-03,5.847324e-01,5.570670e-03,3.207238e-03,2.870334e-01,6.398404e-03
4.816422e-03,2.164608e-02,8.484495e-03,4.369901e-03,3.495121e-03,4.079122e-03,2.317143e-04,2.005147e-02,1.430408e-02,8.217311e-03,5.997387e-01,4.898591e-03,2.316001e-03,2.987828e-01,4.568144e-03
3.558997e-03,1.562440e-02,6.149474e-03,4.862006e-03,5.945910e-03,4.775561e-03,3.106503e-04,1.416780e-02,2.349583e-02,1.128779e-02,6.235785e-01,4.138300e-03,1.943966e-03,2.761909e-01,3.969898e-03
2.724382e-03,1.244123e-02,4.820977e-03,4.352135e-03,4.996006e-03,3.989329e-03,2.475759e-04,1.025618e-02,3.131923e-02,1.063921e-02,6.556498e-01,3.396969e-03,1.418448e-03,2.504167e-01,3.331820e-03
2.124147e-03,3.329870e-02,4.630663e-03,3.781849e-03,6.018584e-03,4.642954e-03,2.120654e-04,7.430122e-03,5.587449e-02,1.082483e-02,6.330151e-01,2.947560e-03,1.079145e-03,2.298734e-01,4.246328e-03
1.805623e-03,3.705728e-02,5.529360e-03,3.458009e-03,5.347066e-03,8.584340e-03,1.821236e-04,5.486021e-03,2.107241e-01,1.643999e-02,4.939160e-01,2.712849e-03,8.264683e-04,1.926756e-01,1.525519e-02
1.489399e-03,2.714877e-02,5.040005e-03,4.311936e-03,5.132916e-03,1.010951e-02,1.506101e-04,4.489371e-03,4.003989e-01,1.477064e-02,3.533029e-01,2.037804e-03,9.556329e-04,1.483410e-01,2.232058e-02
1.956720e-03,2.058881e-02,8.708623e-03,7.036902e-03,1.175274e-02,3.391408e-02,3.105946e-04,6.402886e-03,4.867547e-01,1.714651e-02,2.578069e-01,1.592934e-03,1.871348e-03,1.151651e-01,2.899120e-02
2.459460e-03,1.509188e-02,8.479836e-03,1.288984e-02,1.035445e-02,2.624583e-02,2.375620e-04,7.767514e-03,5.895907e-01,1.438231e-02,1.867377e-01,1.347833e-03,6.055005e-03,8.569884e-02,3.266123e-02
4.812647e-03,1.166501e-02,6.761781e-03,1.262648e-02,1.135761e-02,2.874082e-02,3.101739e-04,8.154565e-03,6.395369e-01,1.110148e-02,1.499821e-01,1.267466e-03,6.244459e-03,6.914051e-02,3.829799e-02
8.649108e-03,1.230685e-02,7.989910e-03,1.943852e-02,7.200070e-02,2.377216e-02,1.150791e-03,2.080478e-02,6.234621e-01,8.151014e-03,1.106965e-01,1.157661e-03,5.134700e-03,5.414547e-02,3.113968e-02
1.311184e-02,1.067768e-02,7.391319e-03,1.457271e-02,8.011796e-02,4.206573e-02,8.884114e-04,1.733859e-02,6.047625e-01,7.106117e-03,8.903131e-02,1.155384e-03,4.563800e-03,7.629076e-02,3.092587e-02
1.793663e-02,8.385846e-03,6.458089e-03,1.171224e-02,7.066112e-02,4.270907e-02,6.708077e-04,1.605615e-02,6.252813e-01,7.622768e-03,7.228945e-02,1.847879e-03,3.983415e-03,8.343294e-02,3.095219e-02
2.536943e-02,8.388689e-03,8.455588e-03,1.071726e-02,7.169554e-02,3.315629e-02,6.663845e-04,1.428395e-02,5.608606e-01,6.102781e-03,7.358409e-02,1.721010e-03,3.300774e-03,1.558360e-01,2.586165e-02
2.659493e-02,7.074050e-03,8.844332e-03,8.154606e-03,7.852805e-02,2.451914e-02,5.870074e-04,1.257782e-02,4.913984e-01,4.735160e-03,5.884387e-02,1.385403e-03,2.444558e-03,2.541902e-01,2.012245e-02
2.443141e-02,4.584989e-02,1.424239e-02,1.037342e-01,8.544818e-02,1.869323e-02,6.290503e-04,1.526630e-02,4.232079e-01,3.890805e-03,4.364012e-02,1.299788e-03,1.908970e-03,1.897340e-01,2.802382e-02
2.219889e-02,4.601666e-02,9.542693e-02,1.777006e-01,6.948936e-02,1.451096e-02,6.218244e-04,1.266522e-02,3.436863e-01,5.737768e-03,3.305387e-02,1.111798e-03,1.644534e-03,1.368355e-01,3.929978e-02
2.607158e-02,4.285236e-02,8.712526e-02,1.528750e-01,1.115210e-01,1.351678e-02,1.132123e-03,1.969503e-02,3.632833e-01,5.292873e-03,2.600940e-02,1.141374e-03,1.398561e-03,1.103657e-01,3.771961e-02
5.226086e-02,6.270294e-02,7.313125e-02,1.168410e-01,2.094929e-01,3.028906e-02,2.433857e-03,1.556974e-02,2.813113e-01,4.655260e-03,2.202936e-02,1.106374e-03,1.598380e-03,9.208325e-02,3.449448e-02
7.448103e-02,8.079450e-02,6.056444e-02,9.475483e-02,2.449001e-01,3.691108e-02,3.133924e-03,2.043091e-02,2.357836e-01,5.670290e-03,1.705482e-02,1.101916e-03,1.689996e-03,7.939650e-02,4.333204e-02
6.392868e-02,7.714836e-02,8.799197e-02,1.305295e-01,1.780081e-01,2.658835e-02,2.281664e-03,1.659518e-02,1.994007e-01,2.797218e-02,1.652956e-02,1.844261e-03,1.912212e-03,5.688819e-02,1.123811e-01
1.529711e-01,6.985287e-02,6.841251e-02,9.505849e-02,1.640885e-01,2.078179e-02,1.853561e-03,2.261626e-02,2.197630e-01,2.570566e-02,1.752124e-02,2.805122e-03,2.122303e-03,5.080072e-02,8.564686e-02
2.380568e-01,5.631518e-02,5.515703e-02,7.233072e-02,1.442015e-01,1.679955e-02,1.826195e-03,3.107786e-02,2.326555e-01,2.068731e-02,1.604380e-02,4.452175e-03,3.435455e-03,4.285619e-02,6.410471e-02
2.986944e-01,5.082496e-02,5.213580e-02,7.727909e-02,1.394245e-01,1.608300e-02,1.961995e-03,3.314081e-02,2.053230e-01,1.736174e-02,1.513410e-02,6.529490e-03,4.018340e-03,3.221541e-02,4.987325e-02
3.655057e-01,4.709817e-02,4.865813e-02,6.805073e-02,1.305157e-01,1.614726e-02,1.948378e-03,3.656282e-02,1.739404e-01,1.572607e-02,1.306682e-02,7.841535e-03,3.926782e-03,2.742197e-02,4.358949e-02
3.814835e-01,4.864965e-02,4.581663e-02,5.637435e-02,1.309620e-01,1.634500e-02,2.113112e-03,3.702794e-02,1.748745e-01,1.620932e-02,1.162167e-02,7.444694e-03,4.096609e-03,2.878955e-02,3.819158e-02
4.248348e-01,4.948039e-02,3.609943e-02,4.294785e-02,1.090616e-01,1.437555e-02,2.301087e-03,3.145035e-02,1.722629e-01,1.435668e-02,9.793033e-03,7.775824e-03,5.434964e-03,4.187908e-02,3.794645e-02
4.801733e-01,4.772385e-02,2.903470e-02,3.742864e-02,9.320913e-02,1.572587e-02,2.698492e-03,2.700384e-02,1.511172e-01,1.231700e-02,9.461902e-03,1.114559e-02,8.376356e-03,4.192521e-02,3.265895e-02
4.702633e-01,5.659492e-02,2.378817e-02,3.367382e-02,8.785507e-02,2.046023e-02,2.450499e-03,2.228531e-02,1.561452e-01,1.162295e-02,9.568717e-03,1.217458e-02,1.150649e-02,5.067308e-02,3.093762e-02
4.924007e-01,5.414239e-02,2.039706e-02,3.092880e-02,7.867346e-02,1.997053e-02,2.433078e-03,1.975646e-02,1.548295e-01,1.032390e-02,9.763255e-03,1.449917e-02,1.351566e-02,4.838135e-02,2.998463e-02
3.516864e-01,2.447574e-01,1.688193e-02,6.347784e-02,5.655415e-02,1.616361e-02,1.850866e-03,1.403102e-02,1.105997e-01,9.592762e-03,1.102524e-02,2.136630e-02,1.305397e-02,3.425238e-02,3.470634e-02
2.511096e-01,2.947863e-01,1.658437e-02,7.471354e-02,4.017056e-02,1.311714e-02,1.327906e-03,1.006280e-02,1.148025e-01,3.210004e-02,4.204591e-02,1.699712e-02,1.285845e-02,2.777888e-02,5.154489e-02
1.776609e-01,2.799987e-01,1.462627e-02,2.251655e-01,3.012186e-02,9.546035e-03,9.831318e-04,7.346498e-03,9.038435e-02,2.401268e-02,5.343005e-02,1.425387e-02,1.196747e-02,2.011563e-02,4.038704e-02
1.406605e-01,2.543103e-01,1.687522e-02,1.665941e-01,2.217584e-02,7.560633e-03,7.885703e-04,5.655414e-03,8.286642e-02,1.291196e-01,6.406929e-02,1.191494e-02,1.755399e-02,3.404334e-02,4.581193e-02
1.089769e-01,2.211098e-01,1.720643e-02,1.192885e-01,1.647112e-02,6.924664e-03,6.892095e-04,4.378951e-03,9.117454e-02,1.653385e-01,9.124053e-02,1.024538e-02,3.766761e-02,5.484428e-02,5.444369e-02
1.043955e-01,1.843900e-01,2.789743e-02,9.278371e-02,1.328517e-02,5.881014e-03,7.207842e-04,4.227072e-03,1.648395e-01,1.770383e-01,7.441616e-02,8.076503e-03,3.136372e-02,5.925970e-02,5.142561e-02
7.796364e-02,1.385173e-01,3.509012e-02,6.782669e-02,1.001038e-02,4.758057e-03,6.114755e-04,3.406078e-03,1.987810e-01,2.302315e-01,5.933626e-02,7.128382e-03,2.419999e-02,7.048342e-02,7.165572e-02
5.518659e-02,9.752227e-02,3.231756e-02,4.764457e-02,7.092122e-03,3.492461e-03,4.438336e-04,2.418211e-03,1.657745e-01,4.037452e-01,4.292915e-02,5.415651e-03,1.786776e-02,5.927052e-02,5.887963e-02
3.958035e-02,6.964795e-02,4.177977e-02,3.662309e-02,5.120944e-03,3.150409e-03,4.110185e-04,1.840210e-03,2.750840e-01,3.323276e-01,4.125944e-02,5.109210e-03,1.559662e-02,5.572318e-02,7.674624e-02
2.855243e-02,4.925906e-02,4.763515e-02,2.635638e-02,3.788549e-03,2.574387e-03,3.709190e-04,1.398659e-03,2.182422e-01,2.812338e-01,6.196185e-02,5.174621e-03,1.851132e-02,6.729119e-02,1.876495e-01
2.051773e-02,3.474163e-02,3.504593e-02,1.884652e-02,2.803718e-03,3.328020e-03,6.652730e-04,1.244358e-03,2.075246e-01,2.128544e-01,5.230941e-02,8.739675e-03,1.684261e-02,9.502604e-02,2.895101e-01
1.646979e-02,2.486727e-02,2.799502e-02,1.363321e-02,2.443600e-03,4.155427e-03,7.482063e-04,1.494781e-03,1.599071e-01,1.656306e-01,8.684939e-02,7.843819e-03,1.423059e-02,1.139073e-01,3.598239e-01
1.340756e-02,1.913191e-02,2.344959e-02,1.008178e-02,1.307015e-02,3.777920e-03,9.343543e-04,1.614042e-03,1.344494e-01,1.254194e-01,1.096323e-01,8.479939e-03,1.583697e-02,1.295985e-01,3.911162e-01
1.018765e-02,1.506802e-02,1.894721e-02,7.328714e-03,1.588230e-02,3.521985e-03,1.033199e-03,2.247390e-03,1.036531e-01,9.682230e-02,1.187183e-01,7.574453e-03,1.241339e-02,1.509099e-01,4.356922e-01
8.731714e-03,2.249574e-02,2.385133e-02,5.492255e-03,1.428407e-02,9.339571e-03,9.734626e-04,2.645476e-03,9.322454e-02,7.837117e-02,1.456407e-01,7.143889e-03,1.089739e-02,1.962675e-01,3.806412e-01
8.539416e-03,2.235222e-02,2.089367e-02,4.307976e-03,1.239131e-02,8.628966e-03,8.857629e-04,3.347291e-03,9.730668e-02,7.762758e-02,1.878884e-01,6.431503e-03,9.162593e-03,2.521406e-01,2.880960e-01
8.571852e-03,4.671236e-02,2.183729e-02,3.619288e-03,1.072530e-02,9.774786e-03,9.388715e-04,4.282244e-03,1.058883e-01,8.580513e-02,2.012768e-01,5.922274e-03,7.768714e-03,2.736573e-01,2.132195e-01
8.167695e-03,5.032059e-02,6.401340e-02,2.992372e-03,9.255845e-03,8.738822e-03,2.462780e-03,1.381934e-02,9.345846e-02,6.623590e-02,2.168002e-01,5.217451e-03,6.890845e-03,2.963231e-01,1.553032e-01
1.172412e-02,4.871752e-02,7.663563e-02,2.703071e-03,8.872185e-03,9.428253e-03,2.166623e-03,1.390842e-02,9.561338e-02,5.556254e-02,2.051123e-01,4.177612e-03,5.459263e-03,3.447749e-01,1.151441e-01
1.543479e-02,4.822327e-02,1.506972e-01,3.018343e-03,8.345651e-03,1.099514e-02,2.228731e-03,1.597348e-02,8.782174e-02,4.482748e-02,1.866444e-01,3.532129e-03,4.476233e-03,3.318393e-01,8.594205e-02
3.115119e-02,6.156661e-02,2.543152e-01,3.190307e-03,8.515179e-03,1.691764e-02,1.755513e-03,1.336429e-02,6.827670e-02,4.498103e-02,1.585122e-01,3.510172e-03,3.585467e-03,2.690412e-01,6.131727e-02
4.696699e-02,5.089505e-02,3.357909e-01,3.492065e-02,1.172187e-02,5.576959e-02,1.554774e-03,1.102520e-02,5.035012e-02,3.305123e-02,1.207530e-01,7.639473e-03,3.095865e-03,1.913579e-01,4.510724e-02
5.264585e-02,4.062601e-02,2.984498e-01,2.680030e-02,1.100040e-02,8.316869e-02,1.555900e-03,1.064041e-02,3.728826e-02,2.524951e-02,2.140778e-01,1.934854e-02,3.229698e-03,1.425109e-01,3.340788e-02
4.900857e-02,2.962307e-02,2.170997e-01,1.945021e-02,9.525386e-03,1.117222e-01,1.152231e-03,8.081328e-03,2.729058e-02,1.895310e-02,3.296018e-01,2.098172e-02,2.955627e-03,1.293737e-01,2.518076e-02
4.548422e-02,2.220288e-02,1.616673e-01,1.460121e-02,7.718350e-03,1.001323e-01,1.002058e-03,6.501165e-03,1.992229e-02,1.516965e-02,4.451528e-01,2.233313e-02,3.161444e-03,1.165266e-01,1.842455e-02
3.447707e-02,1.906898e-02,1.144071e-01,1.078302e-02,6.305549e-03,7.432874e-02,7.953881e-04,4.618451e-03,1.488897e-02,1.247782e-02,5.697185e-01,2.705216e-02,2.628759e-03,9.097754e-02,1.747185e-02
2.451103e-02,1.433642e-02,8.091229e-02,7.663122e-03,5.062964e-03,5.282437e-02,6.384479e-04,3.273332e-03,1.182356e-02,1.186987e-02,6.539522e-01,3.357200e-02,2.211693e-03,8.426224e-02,1.308649e-02
1.749152e-02,1.201721e-02,6.072249e-02,5.595902e-03,5.388235e-03,3.778135e-02,6.455092e-04,2.417190e-03,1.022327e-02,1.737195e-02,6.783422e-01,5.367927e-02,2.040289e-03,8.597614e-02,1.030751e-02
1.240622e-02,8.614706e-03,4.265483e-02,3.954616e-03,4.273975e-03,2.682403e-02,4.952681e-04,1.734970e-03,7.794982e-03,6.622154e-02,7.058091e-01,4.031955e-02,1.568732e-03,6.992015e-02,7.407310e-03
8.869100e-03,8.214132e-03,3.034473e-02,2.868025e-03,5.393213e-03,2.000594e-02,6.242184e-04,1.305771e-03,7.247035e-03,1.169157e-01,6.814448e-01,4.193491e-02,1.407141e-03,6.662978e-02,6.795536e-03
6.642412e-03,7.724552e-02,2.323613e-02,2.155503e-03,4.996349e-03,1.509177e-02,1.356423e-03,1.205377e-03,1.654436e-02,1.553369e-01,5.902642e-01,3.642416e-02,1.414804e-03,5.512576e-02,1.296032e-02
5.010197e-03,6.195841e-02,1.803668e-02,1.600748e-03,4.971656e-03,1.353636e-02,1.600748e-03,1.907610e-03,2.754985e-02,2.373002e-01,5.291911e-01,4.151481e-02,1.308689e-03,4.400524e-02,1.050770e-02
3.679894e-03,4.379890e-02,1.280074e-02,1.192789e-03,5.189491e-03,1.022327e-02,1.317500e-03,1.379444e-03,2.067941e-02,2.638088e-01,5.599899e-01,3.407033e-02,1.310976e-03,3.209270e-02,8.465927e-03
4.342197e-03,3.545539e-02,1.927577e-02,1.203716e-03,1.954056e-02,1.193063e-02,1.361950e-03,1.433314e-03,2.061266e-02,3.916903e-01,4.250288e-01,3.221401e-02,2.060243e-03,2.658736e-02,7.263131e-03
4.133858e-03,2.590640e-02,1.422798e-02,9.334182e-04,2.766402e-02,1.211179e-02,1.201806e-03,1.093655e-03,1.786276e-02,5.173960e-01,3.224049e-01,2.625948e-02,2.748587e-03,2.032325e-02,5.732074e-03
3.664267e-03,2.125318e-02,1.079773e-02,7.982570e-04,2.600129e-02,1.327338e-02,8.880888e-04,8.761531e-04,1.923806e-02,6.224180e-01,2.371399e-01,1.976622e-02,3.215743e-03,1.524995e-02,5.419750e-03
2.848482e-03,1.794233e-02,8.308639e-03,6.289801e-04,1.896067e-02,1.011079e-02,6.539054e-04,7.687553e-04,1.553306e-02,7.117774e-01,1.750048e-01,1.573931e-02,4.158134e-03,1.231256e-02,5.252284e-03
2.853499e-03,3.399619e-02,1.161142e-02,5.546522e-04,1.560674e-02,7.448177e-03,4.783332e-04,1.384064e-03,1.510480e-02,7.377652e-01,1.391772e-01,1.243160e-02,5.098799e-03,1.075184e-02,5.737488e-03
3.358174e-03,3.080184e-02,4.890111e-02,6.087780e-04,1.659299e-02,5.912829e-03,4.525866e-04,3.852516e-03,1.361401e-02,7.472584e-01,1.020890e-01,8.838497e-03,4.309469e-03,8.276840e-03,5.133005e-03
5.703948e-03,4.602026e-02,6.054478e-02,1.066184e-03,2.982804e-02,1.016690e-02,9.250001e-04,2.701392e-02,1.888430e-02,7.032936e-01,7.394218e-02,6.544093e-03,3.585625e-03,7.156532e-03,5.324712e-03
7.850231e-03,4.775329e-02,7.247315e-02,7.992034e-03,2.632180e-02,1.599992e-02,8.960171e-04,7.721367e-02,1.673589e-02,6.545143e-01,5.332531e-02,5.098714e-03,2.919336e-03,6.950515e-03,3.955878e-03
1.372572e-02,8.410020e-02,9.702219e-02,7.788938e-03,2.640007e-02,2.613849e-02,9.619799e-04,6.321989e-02,1.860026e-02,6.073596e-01,3.857414e-02,3.986035e-03,2.489117e-03,6.130957e-03,3.502366e-03
1.229197e-02,7.489674e-02,2.933670e-01,9.314757e-03,2.399477e-02,2.079199e-02,8.512996e-04,6.594345e-02,1.433909e-02,4.443250e-01,2.758176e-02,3.131746e-03,1.997633e-03,4.566304e-03,2.606447e-03
1.384306e-02,7.300261e-02,4.218348e-01,1.318974e-02,2.089524e-02,1.953587e-02,1.006778e-03,5.368691e-02,1.648922e-02,3.289568e-01,2.060381e-02,4.550492e-03,3.448920e-03,3.630639e-03,5.325190e-03
2.057645e-02,1.156990e-01,4.469587e-01,1.738739e-02,2.250311e-02,1.708964e-02,1.084985e-03,5.031263e-02,1.897917e-02,2.527531e-01,1.673273e-02,5.599136e-03,4.128081e-03,4.586021e-03,5.609959e-03
2.799764e-02,1.057088e-01,5.191373e-01,1.936563e-02,2.640031e-02,1.695304e-02,1.212206e-03,4.230753e-02,1.506924e-02,1.897271e-01,1.516695e-02,7.602730e-03,4.724653e-03,3.869746e-03,4.757143e-03
5.189724e-02,8.201081e-02,4.537090e-01,1.829457e-02,3.124249e-02,3.584290e-02,1.170873e-03,3.276918e-02,1.187630e-02,2.271171e-01,1.716174e-02,6.882826e-03,4.584532e-03,1.758307e-02,7.857381e-03
5.845005e-02,6.216268e-02,4.261965e-01,1.794931e-02,2.752651e-02,4.736512e-02,1.236216e-03,2.379870e-02,1.265004e-02,2.286809e-01,1.427374e-02,5.503339e-03,3.744492e-03,1.430344e-02,5.615893e-02
5.984173e-02,5.920444e-02,3.450266e-01,1.596053e-02,2.071415e-02,4.518566e-02,1.039025e-03,1.726343e-02,1.730620e-02,3.042330e-01,1.224253e-02,5.199378e-03,4.807002e-03,1.134682e-02,8.062958e-02
5.838598e-02,5.106931e-02,2.622496e-01,1.254879e-02,1.493306e-02,5.928326e-02,8.422400e-04,1.268373e-02,2.157850e-02,3.006527e-01,1.179272e-02,4.712464e-03,8.998172e-03,1.125045e-02,1.690190e-01
5.131952e-02,4.086436e-02,1.912419e-01,9.520605e-03,1.076926e-02,5.282353e-02,8.290212e-04,9.501426e-03,4.013435e-02,2.860423e-01,1.387158e-02,3.926815e-03,1.164433e-02,1.878659e-02,2.587245e-01
4.005718e-02,3.130786e-02,1.404891e-01,6.839563e-03,7.894731e-03,3.868417e-02,6.601088e-04,7.016605e-03,4.141937e-02,2.967174e-01,1.822517e-02,3.160289e-03,1.028330e-02,2.149177e-02,3.357534e-01
3.292871e-02,2.429242e-02,1.102220e-01,5.033171e-03,6.538142e-03,2.952970e-02,6.300556e-04,5.205283e-03,4.097157e-02,3.221489e-01,2.620183e-02,2.662057e-03,1.089013e-02,2.331963e-02,3.594263e-01
2.688736e-02,2.042814e-02,1.283699e-01,5.222984e-03,5.425368e-03,2.269993e-02,5.962215e-04,3.866981e-03,4.869206e-02,2.888333e-01,2.519424e-02,2.190275e-03,9.691412e-03,1.976644e-02,3.921354e-01
3.913642e-02,1.754049e-02,9.567163e-02,3.991730e-03,7.203257e-03,1.767366e-02,5.143094e-04,3.081654e-03,6.860549e-02,2.537312e-01,2.947146e-02,1.864354e-03,9.045223e-03,2.290348e-02,4.295657e-01
3.216381e-02,1.461352e-02,7.003093e-02,2.847414e-03,1.390990e-02,1.279029e-02,4.228668e-04,2.235294e-03,7.751921e-02,1.791254e-01,2.467099e-02,1.370080e-03,6.693809e-03,2.615004e-02,5.354565e-01
3.251555e-02,1.469433e-02,1.125748e-01,2.836571e-03,1.250687e-02,1.352736e-02,6.073806e-04,3.335663e-03,9.438805e-02,1.432303e-01,2.599069e-02,1.547770e-03,6.723197e-03,3.057290e-02,5.049486e-01
3.492729e-02,1.322647e-02,1.439615e-01,2.311557e-03,9.913603e-03,1.245198e-02,6.879285e-04,4.399226e-03,9.190471e-02,1.106422e-01,2.530524e-02,1.496032e-03,5.696901e-03,3.131066e-02,5.117648e-01
7.338844e-02,1.214285e-02,1.312968e-01,2.167637e-03,8.982888e-03,1.145576e-02,8.530730e-04,9.229932e-03,9.147314e-02,9.523290e-02,2.101950e-02,1.733991e-03,5.715040e-03,5.961504e-02,4.756930e-01
8.381557e-02,1.293281e-02,1.620016e-01,2.320060e-03,8.473771e-03,1.023252e-02,1.443903e-03,1.797440e-02,7.137123e-02,7.463150e-02,1.951420e-02,2.516690e-03,9.240048e-03,7.152640e-02,4.520053e-01
6.639101e-02,1.069859e-02,3.206712e-01,2.390987e-03,7.165075e-03,7.813016e-03,1.215165e-03,1.490663e-02,5.204470e-02,6.170676e-02,1.574690e-02,2.374658e-03,8.031392e-03,5.305868e-02,3.757853e-01
5.895416e-02,1.156292e-02,4.278881e-01,3.141604e-03,8.287168e-03,7.559392e-03,1.373530e-03,1.401209e-02,4.122654e-02,5.126876e-02,1.146813e-02,1.812456e-03,6.161988e-03,4.264081e-02,3.126424e-01
5.731074e-02,1.649902e-02,4.152088e-01,3.737621e-03,1.144608e-02,9.131842e-03,1.837595e-03,2.460164e-02,3.593563e-02,4.935868e-02,8.684192e-03,1.438729e-03,4.937234e-03,3.964563e-02,3.202266e-01
6.318608e-02,2.663682e-02,3.901316e-01,4.247568e-03,1.247204e-02,9.155535e-03,1.865402e-03,2.889712e-02,3.413910e-02,7.364371e-02,6.941886e-03,1.332716e-03,4.266781e-03,4.520081e-02,2.978829e-01
6.732555e-02,3.483558e-02,4.022157e-01,5.194976e-03,1.328536e-02,7.712905e-03,1.631183e-03,3.672191e-02,3.384410e-02,9.011582e-02,5.524066e-03,1.278046e-03,4.583822e-03,4.627309e-02,2.494579e-01
