1.000000e+00,0.000000e+00,0.000000e+00,0.000000e+00,0.000000e+00,0.000000e+00,0.000000e+00,0.000000e+00,0.000000e+00,0.000000e+00,0.000000e+00,0.000000e+00,0.000000e+00,0.000000e+00,0.000000e+00
1.000000e+00,0.000000e+00,0.000000e+00,0.000000e+00,0.000000e+00,0.000000e+00,0.000000e+00,0.000000e+00,0.000000e+00,0.000000e+00,0.000000e+00,0.000000e+00,0.000000e+00,0.000000e+00,0.000000e+00
1.000000e+00,0.000000e+00,0.000000e+00,0.000000e+00,0.000000e+00,0.000000e+00,0.000000e+00,0.000000e+00,0.000000e+00,0.000000e+00,0.000000e+00,0.000000e+00,0.000000e+00,0.000000e+00,0.000000e+00
1.000000e+00,0.000000e+00,0.000000e+00,0.000000e+00,0.000000e+00,0.000000e+00,0.000000e+00,0.000000e+00,0.000000e+00,0.000000e+00,0.000000e+00,0.000000e+00,0.000000e+00,0.000000e+00,0.000000e+00
1.000000e+00,0.000000e+00,0.000000e+00,0.000000e+00,0.000000e+00,0.000000e+00,0.000000e+00,0.000000e+00,0.000000e+00,0.000000e+00,0.000000e+00,0.000000e+00,0.000000e+00,0.000000e+00,0.000000e+00
1.000000e+00,0.000000e+00,0.000000e+00,0.000000e+00,0.000000e+00,0.000000e+00,0.000000e+00,0.000000e+00,0.000000e+00,0.000000e+00,0.000000e+00,0.000000e+00,0.000000e+00,0.000000e+00,0.000000e+00
1.000000e+00,0.000000e+00,0.000000e+00,0.000000e+00,0.000000e+00,0.000000e+00,0.000000e+00,0.000000e+00,0.000000e+00,0.000000e+00,0.000000e+00,0.000000e+00,0.000000e+00,0.000000e+00,0.000000e+00
1.000000e+00,0.000000e+00,0.000000e+00,0.000000e+00,0.000000e+00,0.000000e+00,0.000000e+00,0.000000e+00,0.000000e+00,0.000000e+00,0.000000e+00,0.000000e+00,0.000000e+00,0.000000e+00,0.000000e+00
1.000000e+00,0.000000e+00,0.000000e+00,0.000000e+00,0.000000e+00,0.000000e+00,0.000000e+00,0.000000e+00,0.000000e+00,0.000000e+00,0.000000e+00,0.000000e+00,0.000000e+00,0.000000e+00,0.000000e+00
1.000000e+00,0.000000e+00,0.000000e+00,0.000000e+00,0.000000e+00,0.000000e+00,0.000000e+00,0.000000e+00,0.000000e+00,0.000000e+00,0.000000e+00,0.000000e+00,0.000000e+00,0.000000e+00,0.000000e+00
1.000000e+00,0.000000e+00,0.000000e+00,0.000000e+00,0.000000e+00,0.000000e+00,0.000000e+00,0.000000e+00,0.000000e+00,0.000000e+00,0.000000e+00,0.000000e+00,0.000000e+00,0.000000e+00,0.000000e+00
1.000000e+00,0.000000e+00,0.000000e+00,0.000000e+00,0.000000e+00,0.000000e+00,0.000000e+00,0.000000e+00,0.000000e+00,0.000000e+00,0.000000e+00,0.000000e+00,0.000000e+00,0.000000e+00,0.000000e+00
1.000000e+00,0.000000e+00,0.000000e+00,0.000000e+00,0.000000e+00,0.000000e+00,0.000000e+00,0.000000e+00,0.000000e+00,0.000000e+00,0.000000e+00,0.000000e+00,0.000000e+00,0.000000e+00,0.000000e+00
1.000000e+00,0.000000e+00,0.000000e+00,0.000000e+00,0.000000e+00,0.000000e+00,0.000000e+00,0.000000e+00,0.000000e+00,0.000000e+00,0.000000e+00,0.000000e+00,0.000000e+00,0.000000e+00,0.000000e+00
1.000000e+00,0.000000e+00,0.000000e+00,0.000000e+00,0.000000e+00,0.000000e+00,0.000000e+00,0.000000e+00,0.000000e+00,0.000000e+00,0.000000e+00,0.000000e+00,0.000000e+00,0.000000e+00,0.000000e+00
1.000000e+00,0.000000e+00,0.000000e+00,0.000000e+00,0.000000e+00,0.000000e+00,0.000000e+00,0.000000e+00,0.000000e+00,0.000000e+00,0.000000e+00,0.000000e+00,0.000000e+00,0.000000e+00,0.000000e+00
1.000000e+00,0.000000e+00,0.000000e+00,0.000000e+00,0.000000e+00,0.000000e+00,0.000000e+00,0.000000e+00,0.000000e+00,0.000000e+00,0.000000e+00,0.000000e+00,0.000000e+00,0.000000e+00,0.000000e+00
1.000000e+00,0.000000e+00,0.000000e+00,0.000000e+00,0.000000e+00,0.000000e+00,0.000000e+00,0.000000e+00,0.000000e+00,0.000000e+00,0.000000e+00,0.000000e+00,0.000000e+00,0.000000e+00,0.000000e+00
1.000000e+00,0.000000e+00,0.000000e+00,0.000000e+00,0.000000e+00,0.000000e+00,0.000000e+00,0.000000e+00,0.000000e+00,0.000000e+00,0.000000e+00,0.000000e+00,0.000000e+00,0.000000e+00,0.000000e+00
1.000000e+00,0.000000e+00,0.000000e+00,0.000000e+00,0.000000e+00,0.000000e+00,0.000000e+00,0.000000e+00,0.000000e+00,0.000000e+00,0.000000e+00,0.000000e+00,0.000000e+00,0.000000e+00,0.000000e+00
1.000000e+00,0.000000e+00,0.000000e+00,0.000000e+00,0.000000e+00,0.000000e+00,0.000000e+00,0.000000e+00,0.000000e+00,0.000000e+00,0.000000e+00,0.000000e+00,0.000000e+00,0.000000e+00,0.000000e+00
1.000000e+00,0.000000e+00,0.000000e+00,0.000000e+00,0.000000e+00,0.000000e+00,0.000000e+00,0.000000e+00,0.000000e+00,0.000000e+00,0.000000e+00,0.000000e+00,0.000000e+00,0.000000e+00,0.000000e+00
1.000000e+00,0.000000e+00,0.000000e+00,0.000000e+00,0.000000e+00,0.000000e+00,0.000000e+00,0.000000e+00,0.000000e+00,0.000000e+00,0.000000e+00,0.000000e+00,0.000000e+00,0.000000e+00,0.000000e+00
1.000000e+00,0.000000e+00,0.000000e+00,0.000000e+00,0.000000e+00,0.000000e+00,0.000000e+00,0.000000e+00,0.000000e+00,0.000000e+00,0.000000e+00,0.000000e+00,0.000000e+00,0.000000e+00,0.000000e+00
1.000000e+00,0.000000e+00,0.000000e+00,0.000000e+00,0.000000e+00,0.000000e+00,0.000000e+00,0.000000e+00,0.000000e+00,0.000000e+00,0.000000e+00,0.000000e+00,0.000000e+00,0.000000e+00,0.000000e+00
1.000000e+00,0.000000e+00,0.000000e+00,0.000000e+00,0.000000e+00,0.000000e+00,0.000000e+00,0.000000e+00,0.000000e+00,0.000000e+00,0.000000e+00,0.000000e+00,0.000000e+00,0.000000e+00,0.000000e+00
1.000000e+00,0.000000e+00,0.000000e+00,0.000000e+00,0.000000e+00,0.000000e+00,0.000000e+00,0.000000e+00,0.000000e+00,0.000000e+00,0.000000e+00,0.000000e+00,0.000000e+00,0.000000e+00,0.000000e+00
1.000000e+00,0.000000e+00,0.000000e+00,0.000000e+00,0.000000e+00,0.000000e+00,0.000000e+00,0.000000e+00,0.000000e+00,0.000000e+00,0.000000e+00,0.000000e+00,0.000000e+00,0.000000e+00,0.000000e+00
1.000000e+00,0.000000e+00,0.000000e+00,0.000000e+00,0.000000e+00,0.000000e+00,0.000000e+00,0.000000e+00,0.000000e+00,0.000000e+00,0.000000e+00,0.000000e+00,0.000000e+00,0.000000e+00,0.000000e+00
1.000000e+00,0.000000e+00,0.000000e+00,0.000000e+00,0.000000e+00,0.000000e+00,0.000000e+00,0.000000e+00,0.000000e+00,0.000000e+00,0.000000e+00,0.000000e+00,0.000000e+00,0.000000e+00,0.000000e+00
1.000000e+00,0.000000e+00,0.000000e+00,0.000000e+00,0.000000e+00,0.000000e+00,0.000000e+00,0.000000e+00,0.000000e+00,0.000000e+00,0.000000e+00,0.000000e+00,0.000000e+00,0.000000e+00,0.000000e+00
1.000000e+00,0.000000e+00,0.000000e+00,0.000000e+00,0.000000e+00,0.000000e+00,0.000000e+00,0.000000e+00,0.000000e+00,0.000000e+00,0.000000e+00,0.000000e+00,0.000000e+00,0.000000e+00,0.000000e+00
1.000000e+00,0.000000e+00,0.000000e+00,0.000000e+00,0.000000e+00,0.000000e+00,0.000000e+00,0.000000e+00,0.000000e+00,0.000000e+00,0.000000e+00,0.000000e+00,0.000000e+00,0.000000e+00,0.000000e+00
1.000000e+00,0.000000e+00,0.000000e+00,0.000000e+00,0.000000e+00,0.000000e+00,0.000000e+00,0.000000e+00,0.000000e+00,0.000000e+00,0.000000e+00,0.000000e+00,0.000000e+00,0.000000e+00,0.000000e+00
1.000000e+00,0.000000e+00,0.000000e+00,0.000000e+00,0.000000e+00,0.000000e+00,0.000000e+00,0.000000e+00,0.000000e+00,0.000000e+00,0.000000e+00,0.000000e+00,0.000000e+00,0.000000e+00,0.000000e+00
1.000000e+00,0.000000e+00,0.000000e+00,0.000000e+00,0.000000e+00,0.000000e+00,0.000000e+00,0.000000e+00,0.000000e+00,0.000000e+00,0.000000e+00,0.000000e+00,0.000000e+00,0.000000e+00,0.000000e+00
1.000000e+00,0.000000e+00,0.000000e+00,0.000000e+00,0.000000e+00,0.000000e+00,0.000000e+00,0.000000e+00,0.000000e+00,0.000000e+00,0.000000e+00,0.000000e+00,0.000000e+00,0.000000e+00,0.000000e+00
1.000000e+00,0.000000e+00,0.000000e+00,0.000000e+00,0.000000e+00,0.000000e+00,0.000000e+00,0.000000e+00,0.000000e+00,0.000000e+00,0.000000e+00,0.000000e+00,0.000000e+00,0.000000e+00,0.000000e+00
1.000000e+00,0.000000e+00,0.000000e+00,0.000000e+00,0.000000e+00,0.000000e+00,0.000000e+00,0.000000e+00,0.000000e+00,0.000000e+00,0.000000e+00,0.000000e+00,0.000000e+00,0.000000e+00,0.000000e+00
1.000000e+00,0.000000e+00,0.000000e+00,0.000000e+00,0.000000e+00,0.000000e+00,0.000000e+00,0.000000e+00,0.000000e+00,0.000000e+00,0.000000e+00,0.000000e+00,0.000000e+00,0.000000e+00,0.000000e+00
1.000000e+00,0.000000e+00,0.000000e+00,0.000000e+00,0.000000e+00,0.000000e+00,0.000000e+00,0.000000e+00,0.000000e+00,0.000000e+00,0.000000e+00,0.000000e+00,0.000000e+00,0.000000e+00,0.000000e+00
4.525292e-01,1.524242e-02,5.209556e-03,3.949191e-02,1.049418e-02,7.036409e-02,1.733869e-02,9.739631e-03,1.530844e-02,2.033453e-03,7.149919e-03,1.674810e-01,1.751789e-01,1.192141e-03,1.124636e-02
4.150457e-01,1.735459e-02,5.253334e-03,4.273195e-02,1.270670e-02,8.403681e-02,1.774620e-02,9.055357e-03,1.547443e-02,1.948806e-03,6.834958e-03,1.661339e-01,1.931884e-01,1.198932e-03,1.128983e-02
3.939605e-01,2.004950e-02,5.278886e-03,4.603148e-02,1.388781e-02,9.154130e-02,1.777732e-02,8.928991e-03,1.622039e-02,1.928277e-03,6.643814e-03,1.633863e-01,2.014153e-01,1.249819e-03,1.170027e-02
3.701417e-01,2.462582e-02,5.820763e-03,5.060682e-02,1.491433e-02,1.072078e-01,1.815047e-02,9.380263e-03,1.690910e-02,2.000160e-03,6.369612e-03,1.544674e-01,2.054787e-01,1.223624e-03,1.270336e-02
3.033596e-01,3.023833e-02,2.385364e-02,8.741926e-02,1.794249e-02,9.562182e-02,1.722354e-02,2.374331e-02,1.772236e-02,2.525173e-03,7.859355e-03,1.707575e-01,1.853353e-01,1.302493e-03,1.509587e-02
2.688424e-01,3.275142e-02,4.055899e-02,1.152380e-01,1.978548e-02,8.507317e-02,1.751849e-02,4.287446e-02,1.855219e-02,2.837060e-03,8.443207e-03,1.619502e-01,1.655674e-01,1.546894e-03,1.846061e-02
2.637668e-01,2.974076e-02,5.099224e-02,1.156129e-01,1.649030e-02,7.679208e-02,1.646228e-02,9.193133e-02,1.619046e-02,2.728418e-03,1.098683e-02,1.462971e-01,1.393690e-01,2.292393e-03,2.034723e-02
2.648986e-01,2.492653e-02,7.892461e-02,1.135033e-01,1.410402e-02,6.343740e-02,1.403211e-02,1.482209e-01,1.326674e-02,2.506807e-03,1.204269e-02,1.178439e-01,1.097695e-01,2.967633e-03,1.955532e-02
3.513063e-01,2.218750e-02,7.519996e-02,8.891333e-02,1.252402e-02,5.416862e-02,1.394250e-02,1.638357e-01,1.039333e-02,2.529339e-03,1.094273e-02,8.882410e-02,8.429386e-02,3.430847e-03,1.750777e-02
4.068148e-01,1.798022e-02,6.616835e-02,6.809057e-02,9.953202e-03,4.396817e-02,1.387026e-02,2.043368e-01,7.798204e-03,2.145450e-03,9.504201e-03,6.677720e-02,6.456023e-02,3.483895e-03,1.454847e-02
3.565620e-01,1.334701e-02,5.208977e-02,5.130455e-02,7.921338e-03,3.413704e-02,1.273020e-02,3.452425e-01,5.796383e-03,1.711748e-03,7.638134e-03,4.876763e-02,4.822731e-02,3.301427e-03,1.122301e-02
2.820810e-01,9.613901e-03,3.953684e-02,3.761270e-02,5.946123e-03,2.509971e-02,1.060053e-02,4.982055e-01,4.116176e-03,1.258181e-03,5.616517e-03,3.480750e-02,3.466712e-02,2.726543e-03,8.111693e-03
2.195186e-01,6.849118e-03,2.878724e-02,2.723679e-02,4.585022e-03,1.818475e-02,8.570761e-03,6.212677e-01,2.912229e-03,9.106273e-04,4.049500e-03,2.462005e-02,2.469634e-02,2.033861e-03,5.777397e-03
2.003950e-01,5.084489e-03,2.130062e-02,1.964148e-02,4.342970e-03,1.374696e-02,8.506549e-03,6.788452e-01,2.148668e-03,7.449423e-04,3.039693e-03,1.791713e-02,1.833507e-02,1.537542e-03,4.413672e-03
1.661583e-01,3.767511e-03,1.567558e-02,1.438408e-02,4.733774e-03,1.021743e-02,7.054738e-03,7.418249e-01,1.604093e-03,6.387990e-04,2.350035e-03,1.315296e-02,1.389862e-02,1.147899e-03,3.391344e-03
1.545016e-01,2.963013e-03,1.185168e-02,1.080540e-02,5.177016e-03,8.169223e-03,7.134503e-03,7.693920e-01,1.281722e-03,6.233198e-04,1.972633e-03,1.036545e-02,1.178915e-02,1.003494e-03,2.969851e-03
1.314475e-01,2.204897e-03,9.023290e-03,8.021379e-03,5.559698e-03,6.204104e-03,6.433866e-03,8.077961e-01,9.691711e-04,5.584472e-04,1.543867e-03,7.886525e-03,9.270387e-03,7.756467e-04,2.305063e-03
1.091911e-01,1.627606e-03,6.888365e-03,5.920919e-03,6.230323e-03,4.576509e-03,5.769811e-03,8.421578e-01,7.419954e-04,4.692298e-04,1.191375e-03,5.823947e-03,7.108077e-03,5.796708e-04,1.723137e-03
1.054064e-01,1.303681e-03,5.289924e-03,4.499328e-03,6.273987e-03,3.778810e-03,6.833832e-03,8.517656e-01,6.138269e-04,5.274226e-04,1.016534e-03,4.871664e-03,5.829085e-03,4.754872e-04,1.514363e-03
1.101432e-01,1.095810e-03,4.720358e-03,3.611945e-03,6.825561e-03,3.559054e-03,9.036243e-03,8.475626e-01,5.764320e-04,5.153633e-04,8.978844e-04,4.615592e-03,5.100257e-03,4.059240e-04,1.333758e-03
1.074707e-01,9.188325e-04,3.998580e-03,2.888505e-03,6.732245e-03,3.318544e-03,1.031263e-02,8.521898e-01,5.323661e-04,4.760513e-04,7.656768e-04,4.313436e-03,4.541908e-03,3.488222e-04,1.191907e-03
9.672602e-02,7.774501e-04,3.932660e-03,2.774864e-03,7.557008e-03,3.362129e-03,1.083422e-02,8.631912e-01,4.325885e-04,3.729670e-04,6.698354e-04,3.883770e-03,4.099794e-03,3.187210e-04,1.066709e-03
9.047353e-02,6.250538e-04,3.817028e-03,2.665245e-03,7.468972e-03,3.803449e-03,1.187790e-02,8.695973e-01,3.382809e-04,3.281999e-04,5.874753e-04,3.405002e-03,3.761637e-03,2.696863e-04,9.811791e-04
1.536777e-01,5.753681e-04,3.602423e-03,2.372766e-03,9.041851e-03,1.320813e-02,1.505024e-02,7.890990e-01,3.687489e-04,4.600885e-04,7.841482e-04,4.450658e-03,5.566628e-03,3.570649e-04,1.385097e-03
2.496174e-01,6.605801e-04,4.306120e-03,2.420029e-03,1.152696e-02,2.004866e-02,2.341089e-02,6.681660e-01,4.480876e-04,6.643410e-04,1.043528e-03,7.455961e-03,7.199840e-03,4.458968e-04,2.585748e-03
2.116121e-01,1.248090e-03,5.351812e-03,3.431972e-03,1.339216e-02,6.256891e-02,3.260757e-02,6.362903e-01,6.516476e-04,8.618793e-04,1.827822e-03,8.751033e-03,1.757873e-02,5.296541e-04,3.296406e-03
1.572378e-01,3.552003e-03,5.450237e-03,5.482923e-03,1.047413e-02,1.418220e-01,2.516984e-02,4.755386e-01,3.065695e-03,2.181493e-03,1.393891e-02,1.006668e-02,1.229778e-01,5.854377e-04,2.245635e-02
1.304562e-01,6.227002e-03,6.301466e-03,7.205049e-03,8.331164e-03,1.440123e-01,2.025999e-02,3.511950e-01,9.606011e-03,9.325078e-03,1.556581e-02,1.124692e-02,2.434102e-01,8.472630e-04,3.601053e-02
1.149476e-01,1.063987e-02,4.919947e-03,1.298395e-02,6.526720e-03,1.146438e-01,1.475725e-02,2.482300e-01,3.446409e-02,9.133120e-03,1.588046e-02,9.984997e-03,3.345503e-01,7.785748e-04,6.755926e-02
1.099376e-01,1.009815e-02,4.134932e-03,1.176191e-02,5.447090e-03,8.542626e-02,1.141829e-02,1.752391e-01,3.863148e-02,8.042475e-03,1.208806e-02,8.244791e-03,4.557628e-01,8.300099e-04,6.293710e-02
9.631394e-02,2.214061e-02,1.348497e-02,3.452571e-02,6.010423e-03,6.574103e-02,8.605022e-03,1.231762e-01,7.572313e-02,9.593602e-03,9.291630e-03,7.936255e-03,4.627306e-01,1.248619e-03,6.347833e-02
7.107340e-02,2.275999e-02,4.912595e-02,1.078846e-01,5.870813e-03,6.255412e-02,6.544330e-03,8.645608e-02,1.433046e-01,8.945414e-03,8.324648e-03,2.398606e-02,3.444192e-01,1.324071e-03,5.742669e-02
5.570621e-02,1.871922e-02,3.770838e-02,1.053313e-01,5.992951e-03,8.612671e-02,5.058175e-03,6.181382e-02,1.622001e-01,8.089087e-03,1.813195e-02,5.987137e-02,3.024707e-01,2.864835e-03,6.991513e-02
4.158870e-02,2.314082e-02,5.668681e-02,1.369120e-01,4.762321e-03,6.582864e-02,3.675237e-03,4.341998e-02,2.606612e-01,8.801155e-03,1.727356e-02,6.086256e-02,2.223189e-01,2.314748e-03,5.175343e-02
5.091244e-02,1.831533e-02,4.165253e-02,1.051709e-01,6.715656e-03,5.174160e-02,3.664632e-03,3.149520e-02,3.128885e-01,7.367370e-03,3.695501e-02,8.563657e-02,1.984045e-01,2.521295e-03,4.655854e-02
8.118322e-02,1.736676e-02,3.049971e-02,7.831396e-02,7.705589e-03,4.502486e-02,3.248097e-03,2.327435e-02,3.118665e-01,6.213330e-03,3.800342e-02,1.086578e-01,1.928724e-01,3.086703e-03,5.268327e-02
8.102119e-02,6.187735e-02,3.121859e-02,1.194986e-01,6.853728e-03,4.208603e-02,2.505282e-03,1.736995e-02,3.189461e-01,6.254324e-03,2.948979e-02,8.709918e-02,1.528987e-01,2.914908e-03,3.996621e-02
9.147380e-02,4.985954e-02,2.347131e-02,9.518790e-02,5.318930e-03,4.336744e-02,2.158395e-03,1.458849e-02,3.049396e-01,5.777789e-03,4.058330e-02,1.111346e-01,1.720864e-01,3.511531e-03,3.654097e-02
9.213307e-02,3.897999e-02,1.730024e-02,7.682043e-02,2.049182e-02,3.451581e-02,4.926844e-03,1.164809e-02,3.524059e-01,4.771910e-03,6.187502e-02,1.032376e-01,1.488675e-01,2.733870e-03,2.929193e-02
9.143683e-02,3.509004e-02,2.656800e-02,5.807662e-02,2.050374e-02,3.200561e-02,4.802414e-03,1.734158e-02,2.949382e-01,8.380279e-03,5.931535e-02,9.450471e-02,1.987857e-01,4.223782e-03,5.402721e-02
8.159031e-02,3.923826e-02,2.853767e-02,4.478049e-02,1.968217e-02,2.757407e-02,3.756045e-03,1.329132e-02,2.168423e-01,2.089327e-02,8.349092e-02,9.375657e-02,2.498032e-01,9.757216e-03,6.700617e-02
6.561837e-02,3.148725e-02,1.820229e-01,4.030477e-02,2.680275e-02,2.263596e-02,2.910596e-03,1.242276e-02,1.634946e-01,1.876123e-02,7.437229e-02,7.002565e-02,2.007672e-01,1.448366e-02,7.389001e-02
5.939434e-02,2.343987e-02,3.143466e-01,3.639279e-02,2.266211e-02,1.817678e-02,2.222221e-03,9.828532e-03,1.219619e-01,1.674365e-02,7.234002e-02,5.170477e-02,1.569560e-01,1.494741e-02,7.888308e-02
6.280977e-02,2.190524e-02,4.393138e-01,2.828696e-02,2.149884e-02,1.406296e-02,1.783460e-03,7.978558e-03,1.007784e-01,1.643799e-02,5.602769e-02,3.731089e-02,1.131817e-01,1.281138e-02,6.581244e-02
5.133361e-02,2.102640e-02,4.921034e-01,7.259794e-02,1.792359e-02,1.121123e-02,1.559841e-03,6.781182e-03,1.011533e-01,1.440781e-02,4.390821e-02,2.714944e-02,8.163472e-02,9.476393e-03,4.773297e-02
9.883003e-02,5.365362e-02,4.197253e-01,7.382142e-02,2.245139e-02,1.015414e-02,3.553809e-03,6.671384e-03,1.286024e-01,1.613533e-02,3.409426e-02,2.013720e-02,6.352956e-02,7.181852e-03,4.145840e-02
1.029093e-01,1.002578e-01,3.856509e-01,7.599020e-02,2.256824e-02,8.966963e-03,4.082020e-03,8.526879e-03,1.455261e-01,1.664950e-02,2.470589e-02,1.440843e-02,4.845676e-02,5.454229e-03,3.584685e-02
8.774815e-02,1.562586e-01,3.674053e-01,6.390469e-02,2.259866e-02,8.669922e-03,4.932468e-03,2.894546e-02,1.464719e-01,1.436337e-02,1.786396e-02,1.028365e-02,3.722298e-02,4.222971e-03,2.910789e-02
8.120444e-02,1.448545e-01,3.639315e-01,8.145986e-02,1.887694e-02,7.249375e-03,4.074596e-03,3.396444e-02,1.457346e-01,3.958932e-02,1.324814e-02,7.592140e-03,2.786639e-02,3.517638e-03,2.683615e-02
6.998073e-02,1.043740e-01,3.436139e-01,7.742244e-02,1.451473e-02,6.169942e-03,3.091943e-03,1.589155e-01,1.199973e-01,3.892582e-02,1.071687e-02,5.695994e-03,2.030083e-02,2.977799e-03,2.330219e-02
6.344758e-02,7.620442e-02,3.362669e-01,7.337777e-02,1.154234e-02,5.583324e-03,2.343738e-03,2.023188e-01,1.117260e-01,6.300520e-02,1.095930e-02,4.620750e-03,1.589815e-02,2.994004e-03,1.971176e-02
5.841629e-02,5.579093e-02,2.613927e-01,5.965528e-02,1.080465e-02,4.443226e-03,1.862803e-03,3.805065e-01,8.099083e-02,4.504134e-02,8.438306e-03,3.409678e-03,1.146951e-02,2.424140e-03,1.535374e-02
4.772322e-02,4.047231e-02,1.973715e-01,4.404287e-02,8.602357e-03,4.112382e-03,1.519554e-03,5.355372e-01,5.829983e-02,3.217857e-02,6.229682e-03,2.579698e-03,8.223407e-03,1.941770e-03,1.116561e-02
3.816375e-02,3.154951e-02,1.448517e-01,3.136038e-02,6.753929e-03,3.668726e-03,1.142513e-03,6.526289e-01,4.465305e-02,2.282066e-02,4.672443e-03,2.109628e-03,5.902370e-03,1.500463e-03,8.221911e-03
2.913820e-02,2.657530e-02,1.512915e-01,4.468717e-02,5.110148e-03,5.522626e-03,8.355690e-04,4.798695e-01,1.252978e-01,2.833548e-02,4.754009e-02,9.746574e-03,1.104364e-02,6.947016e-03,2.805924e-02
2.358082e-02,2.606017e-02,1.633419e-01,3.899807e-02,4.666897e-03,5.668243e-03,7.612529e-04,3.567020e-01,1.690170e-01,4.280536e-02,9.693083e-02,1.180549e-02,8.810359e-03,1.714056e-02,3.371110e-02
2.054197e-02,2.086105e-02,1.332721e-01,3.602326e-02,3.669876e-03,5.532970e-03,6.484475e-04,2.604627e-01,1.718899e-01,3.260390e-02,2.471669e-01,1.042804e-02,7.661085e-03,1.964084e-02,2.959690e-02
1.660924e-02,1.582206e-02,1.007659e-01,3.088493e-02,2.848611e-03,6.994917e-03,5.413764e-04,1.926168e-01,1.275243e-01,2.357088e-02,4.095795e-01,1.085740e-02,7.062464e-03,3.268296e-02,2.163870e-02
1.249368e-02,1.131477e-02,7.130112e-02,2.273869e-02,2.051270e-03,5.935508e-03,3.914100e-04,1.362291e-01,9.114224e-02,1.668004e-02,5.622160e-01,1.107684e-02,5.519839e-03,3.554164e-02,1.536788e-02
9.290021e-03,8.676120e-03,5.036448e-02,1.677348e-02,1.575994e-03,5.066616e-03,2.887963e-04,9.581183e-02,8.993429e-02,1.234915e-02,5.338961e-01,1.345669e-02,4.519750e-03,1.470400e-01,1.095669e-02
6.963741e-03,6.306302e-03,3.550110e-02,1.266465e-02,1.419286e-03,4.652068e-03,2.310057e-04,6.727977e-02,6.708822e-02,9.989855e-03,5.456409e-01,1.252342e-02,3.783175e-03,2.181485e-01,7.807925e-03
5.200434e-03,1.002759e-02,2.632662e-02,9.374872e-03,8.087859e-03,4.143361e-03,2.015323e-04,4.738837e-02,1.003828e-01,9.317841e-03,4.985135e-01,1.204397e-02,2.828025e-03,2.592056e-01,6.957489e-03
3.976790e-03,1.376185e-02,2.007535e-02,7.205585e-03,1.558532e-02,1.282281e-02,3.004834e-04,3.384616e-02,9.355085e-02,8.786060e-03,4.723656e-01,1.031474e-02,2.176614e-03,2.995330e-01,5.698784e-03
3.898244e-03,1.204193e-02,1.942093e-02,6.706639e-03,2.281876e-02,3.208139e-02,4.412658e-04,2.610216e-02,1.114543e-01,1.030537e-02,4.253430e-01,8.536978e-03,1.813305e-03,3.139157e-01,5.119957e-03
4.140233e-03,1.053806e-02,2.000249e-02,6.799742e-03,2.210983e-02,3.814369e-02,5.193821e-04,2.121721e-02,1.623004e-01,1.166640e-02,3.832804e-01,8.061113e-03,2.225106e-03,3.041009e-01,4.895051e-03
4.158916e-03,1.126720e-02,2.279249e-02,5.769331e-03,3.038419e-02,6.464361e-02,1.023410e-03,1.724324e-02,2.628671e-01,1.199727e-02,3.003024e-01,7.031811e-03,2.093326e-03,2.540517e-01,4.374044e-03
4.294010e-03,9.692390e-03,1.698994e-02,4.414901e-03,2.410965e-02,9.494655e-02,1.987611e-03,1.377379e-02,4.041992e-01,9.545576e-03,2.174288e-01,5.274282e-03,2.224124e-03,1.878564e-01,3.262765e-03
3.243451e-03,8.455692e-03,1.202090e-02,3.276278e-03,2.227377e-02,8.267902e-02,1.528085e-03,9.952234e-03,5.472481e-01,8.446737e-03,1.570356e-01,4.152108e-03,2.021801e-03,1.350934e-01,2.572783e-03
2.770773e-03,9.993307e-03,8.722672e-03,4.761649e-03,2.693272e-02,1.645657e-01,1.189685e-03,8.150976e-03,5.134726e-01,1.678064e-02,1.157157e-01,4.252749e-03,2.381421e-03,9.645744e-02,2.385189e-02
2.546825e-03,1.583439e-02,6.294277e-03,5.806127e-03,2.804480e-02,1.990891e-01,8.682292e-04,5.768276e-03,4.668568e-01,2.773866e-02,8.242500e-02,3.157500e-03,2.111593e-03,6.918132e-02,8.427708e-02
2.145646e-03,1.243505e-02,4.793856e-03,8.694243e-03,2.304986e-02,1.681732e-01,6.367714e-04,4.636533e-03,4.560676e-01,3.542886e-02,5.908312e-02,2.448610e-03,1.924308e-03,4.924149e-02,1.712408e-01
2.978142e-03,1.148388e-02,4.177923e-03,1.567204e-02,3.086682e-02,1.529591e-01,6.053179e-04,6.188625e-03,4.170247e-01,4.637145e-02,4.193180e-02,1.861082e-03,1.933653e-03,3.495090e-02,2.309946e-01
4.040883e-03,1.179588e-02,3.225511e-03,1.317800e-02,5.491730e-02,1.420960e-01,7.693268e-04,5.558834e-03,3.932857e-01,3.916182e-02,2.989858e-02,1.407252e-03,2.068951e-03,2.478723e-02,2.738088e-01
6.876494e-03,1.325734e-02,2.470808e-03,1.107927e-02,5.859380e-02,1.893309e-01,9.661615e-04,5.118039e-03,3.279884e-01,3.014154e-02,2.124579e-02,1.039876e-03,1.779909e-03,1.790519e-02,3.122065e-01
9.522690e-03,1.518934e-02,1.836410e-03,1.061687e-02,4.773717e-02,2.058412e-01,9.944723e-04,5.698099e-03,2.870511e-01,2.485235e-02,1.534164e-02,7.695645e-04,2.050159e-03,1.449176e-02,3.580072e-01
2.162420e-02,1.505208e-02,2.746951e-03,1.548007e-02,6.532618e-02,3.014839e-01,3.830584e-03,1.959905e-02,2.336998e-01,1.930860e-02,1.233844e-02,6.257112e-04,1.842979e-03,1.100446e-02,2.760371e-01
2.630124e-02,1.958305e-02,3.474226e-03,3.167729e-02,1.011489e-01,2.803486e-01,4.997620e-03,3.326123e-02,2.204005e-01,1.759425e-02,9.403344e-03,5.336903e-04,1.939851e-03,7.906157e-03,2.414301e-01
2.648337e-02,2.125401e-02,2.912270e-03,2.761972e-02,1.132104e-01,3.206610e-01,4.491241e-03,3.425391e-02,2.269373e-01,1.684660e-02,6.741492e-03,4.073574e-04,1.602383e-03,5.665062e-03,1.909139e-01
3.125788e-02,3.543918e-02,3.921598e-03,2.461943e-02,1.025250e-01,3.849931e-01,3.676067e-03,3.414682e-02,2.162075e-01,1.262828e-02,4.978784e-03,3.144316e-04,1.315626e-03,4.273939e-03,1.397024e-01
4.291123e-02,9.772201e-02,1.015182e-02,2.520711e-02,9.964202e-02,3.038388e-01,3.852093e-03,4.929476e-02,2.407244e-01,1.028176e-02,3.870688e-03,3.275795e-04,1.121382e-03,3.844101e-03,1.072102e-01
5.220544e-02,1.965309e-01,1.331339e-02,2.011979e-02,8.029731e-02,2.514566e-01,3.116698e-03,4.118131e-02,2.479624e-01,7.664297e-03,3.021444e-03,3.056895e-04,9.956993e-04,3.423129e-03,7.840586e-02
6.175414e-02,2.255955e-01,2.305441e-02,7.392313e-02,7.594816e-02,1.890362e-01,2.807761e-03,4.340098e-02,2.286943e-01,6.336326e-03,2.592871e-03,5.197217e-04,9.547252e-04,2.588311e-03,6.279343e-02
6.410588e-02,2.109209e-01,1.768982e-02,5.608862e-02,7.144620e-02,1.371308e-01,2.475638e-03,2.118974e-01,1.738786e-01,4.516473e-03,2.363565e-03,4.384419e-04,9.300710e-04,1.856295e-03,4.426130e-02
5.140416e-02,1.763612e-01,1.370783e-02,4.020754e-02,5.164742e-02,1.007092e-01,2.158727e-03,3.971878e-01,1.274844e-01,3.245810e-03,1.961751e-03,3.822146e-04,8.041972e-04,1.336111e-03,3.140159e-02
4.336376e-02,1.343170e-01,1.155787e-02,2.894318e-02,3.782509e-02,7.120001e-02,2.571873e-03,5.468752e-01,9.460209e-02,2.415992e-03,1.795755e-03,3.731151e-04,7.324237e-04,9.551130e-04,2.247145e-02
5.062963e-02,9.991533e-02,1.195155e-02,2.313663e-02,3.684799e-02,5.552886e-02,9.046701e-03,6.080844e-01,7.210286e-02,1.990436e-03,3.411244e-03,9.344416e-04,9.102622e-03,7.380180e-04,1.657911e-02
8.145568e-02,7.098197e-02,1.937754e-02,2.273535e-02,4.970404e-02,5.375412e-02,1.913562e-02,5.832487e-01,5.392652e-02,1.827493e-03,8.246980e-03,3.237734e-03,1.803661e-02,6.125005e-04,1.371906e-02
7.262798e-02,5.327348e-02,7.287526e-02,9.986398e-02,4.707098e-02,4.968365e-02,1.776733e-02,4.409390e-01,4.113594e-02,4.714113e-03,2.065385e-02,2.114870e-02,4.533391e-02,9.466587e-04,1.196509e-02
5.368860e-02,3.875455e-02,6.035208e-02,1.392448e-01,3.611122e-02,4.113303e-02,1.642100e-02,3.355948e-01,3.062355e-02,7.226292e-03,3.597772e-02,1.309125e-01,6.285801e-02,1.783969e-03,9.317860e-03
3.832462e-02,2.728319e-02,4.568706e-02,1.182069e-01,2.551564e-02,2.909564e-02,1.239777e-02,2.364974e-01,2.253343e-02,1.736942e-02,4.144305e-02,2.478697e-01,1.277252e-01,2.554994e-03,7.495888e-03
2.970167e-02,1.963955e-02,3.720541e-02,8.724197e-02,1.829324e-02,2.094842e-02,1.118097e-02,1.669147e-01,1.715750e-02,2.598022e-02,3.538069e-02,3.763143e-01,1.432037e-01,5.000014e-03,5.837669e-03
3.828346e-02,1.546757e-02,2.675078e-02,6.198871e-02,1.666217e-02,2.263748e-02,1.060974e-02,1.182422e-01,1.577657e-02,2.002307e-02,3.652284e-02,4.858924e-01,1.212287e-01,5.265237e-03,4.648947e-03
3.302737e-02,1.195983e-02,1.903038e-02,4.350195e-02,1.260737e-02,1.689961e-02,8.001677e-03,8.311969e-02,1.266199e-02,1.610264e-02,3.157203e-02,5.741016e-01,1.276288e-01,6.242738e-03,3.542197e-03
2.415337e-02,8.963284e-03,1.349481e-02,3.069069e-02,1.110515e-02,1.222281e-02,5.771739e-03,5.857418e-02,9.689811e-03,1.245862e-02,2.940130e-02,6.786097e-01,9.554065e-02,6.751294e-03,2.572515e-03
1.762338e-02,6.601506e-03,9.566755e-03,2.156181e-02,8.309924e-03,8.628177e-03,4.085618e-03,4.120011e-02,7.230657e-03,1.010923e-02,2.724735e-02,7.590399e-01,7.024303e-02,6.686707e-03,1.865799e-03
1.466531e-02,5.638745e-03,7.141918e-03,1.531056e-02,6.977851e-03,6.272167e-03,2.964160e-03,2.960542e-02,5.678166e-03,1.085880e-02,3.890643e-02,7.929680e-01,5.261698e-02,8.980639e-03,1.414852e-03
1.193729e-02,4.115102e-03,5.232967e-03,1.084552e-02,5.189197e-03,5.159285e-03,2.122740e-03,2.116886e-02,4.591442e-03,8.893377e-03,1.504162e-01,7.235515e-01,3.756151e-02,8.129699e-03,1.085259e-03
8.893454e-03,3.332987e-03,4.285717e-03,7.701037e-03,3.775018e-03,6.919853e-03,1.528403e-03,1.513963e-02,3.492135e-03,8.431664e-03,1.310838e-01,7.714674e-01,2.677879e-02,6.363579e-03,8.064345e-04
7.749933e-03,3.728348e-03,4.073061e-03,5.667343e-03,4.697526e-03,5.657774e-03,1.177366e-03,1.104741e-02,3.210202e-03,9.850197e-03,1.187090e-01,7.973138e-01,1.916718e-02,7.214391e-03,7.364030e-04
6.308465e-03,1.988675e-02,1.027414e-02,5.482074e-03,4.111065e-02,8.437337e-03,1.214742e-03,9.111092e-03,7.759659e-03,1.031767e-02,1.097757e-01,7.469576e-01,1.363651e-02,9.011740e-03,7.158340e-04
1.124875e-02,6.494538e-02,1.568036e-02,7.432600e-03,9.929917e-02,1.696877e-02,2.232562e-03,8.730238e-03,1.117698e-02,1.005688e-02,1.139904e-01,6.178548e-01,9.752128e-03,9.707247e-03,9.237005e-04
2.870839e-02,4.931441e-02,1.743607e-02,6.486968e-03,8.035172e-02,2.398697e-02,2.673216e-03,7.566464e-03,1.546662e-02,3.335816e-02,1.566818e-01,5.285311e-01,8.414639e-03,3.610937e-02,4.914178e-03
4.684200e-02,3.676887e-02,1.554769e-02,5.008489e-03,6.297671e-02,2.039463e-02,2.555727e-03,6.412986e-03,2.416847e-02,3.356604e-02,2.320527e-01,4.304378e-01,7.126138e-03,7.121604e-02,4.925674e-03
3.840259e-02,3.272209e-02,1.899645e-02,5.091444e-03,7.886045e-02,1.594225e-02,2.108670e-03,7.633775e-03,4.384445e-02,3.504084e-02,2.866920e-01,3.475986e-01,5.642156e-03,7.277366e-02,8.650620e-03
3.778356e-02,5.468318e-02,1.018128e-01,6.026695e-03,9.246293e-02,1.422505e-02,1.894998e-03,8.899568e-03,5.665604e-02,2.901174e-02,2.815983e-01,2.479737e-01,5.026067e-03,5.395055e-02,7.994965e-03
3.526960e-02,4.027440e-02,2.809620e-01,1.248556e-02,7.244200e-02,1.149577e-02,1.495316e-03,1.976317e-02,4.827315e-02,2.182310e-02,2.310246e-01,1.756994e-01,4.215581e-03,3.875633e-02,6.020073e-03
3.058198e-02,3.123330e-02,4.272004e-01,1.543759e-02,5.935118e-02,1.188296e-02,1.120843e-03,1.507321e-02,5.346332e-02,1.686466e-02,1.748084e-01,1.237142e-01,3.323138e-03,2.953952e-02,6.405345e-03
4.828452e-02,2.847833e-02,4.331108e-01,1.861574e-02,5.142493e-02,1.322751e-02,9.728511e-04,1.399190e-02,4.829597e-02,2.623367e-02,1.804132e-01,8.779121e-02,2.870564e-03,4.066398e-02,5.624884e-03
5.590915e-02,2.870415e-02,4.218071e-01,1.033911e-01,6.354006e-02,1.706756e-02,1.055542e-03,1.538266e-02,3.999320e-02,2.121742e-02,1.322467e-01,6.217172e-02,2.275078e-03,3.008940e-02,5.149159e-03
6.309161e-02,2.837199e-02,4.413847e-01,1.507561e-01,7.031625e-02,1.688525e-02,2.051125e-03,1.332175e-02,2.977358e-02,1.582588e-02,9.494823e-02,4.412143e-02,2.209275e-03,2.197123e-02,4.971602e-03
7.092033e-02,4.111103e-02,4.652846e-01,1.236183e-01,8.561868e-02,1.883738e-02,2.759370e-03,1.243573e-02,2.568886e-02,1.462153e-02,7.282089e-02,3.148729e-02,2.016593e-03,2.723026e-02,5.549200e-03
9.124971e-02,5.230271e-02,4.323317e-01,9.452033e-02,9.492885e-02,2.240099e-02,2.140905e-03,1.087153e-02,2.753439e-02,1.892699e-02,5.975755e-02,2.296663e-02,1.965905e-03,5.786008e-02,1.024177e-02
9.256026e-02,9.918335e-02,4.014092e-01,8.682262e-02,1.029816e-01,2.388717e-02,1.660220e-03,1.054084e-02,2.473966e-02,1.781645e-02,5.010080e-02,1.794042e-02,2.032544e-03,5.154715e-02,1.677776e-02
9.042899e-02,8.220994e-02,4.410721e-01,7.530215e-02,9.728312e-02,2.153971e-02,1.296400e-03,1.126248e-02,4.097672e-02,1.450246e-02,3.844160e-02,1.347935e-02,1.897808e-03,5.572404e-02,1.458310e-02
8.877669e-02,6.798585e-02,4.913406e-01,8.338646e-02,8.448063e-02,1.784581e-02,9.932090e-04,9.099450e-03,3.875409e-02,1.519528e-02,2.911932e-02,1.057810e-02,1.856326e-03,4.835010e-02,1.223808e-02
1.046311e-01,5.527568e-02,4.100931e-01,1.701056e-01,7.186786e-02,1.858478e-02,7.484858e-04,7.095608e-03,4.962337e-02,1.966248e-02,2.473064e-02,8.880235e-03,1.909938e-03,4.533729e-02,1.145382e-02
1.281581e-01,5.722097e-02,3.002892e-01,1.392637e-01,6.914950e-02,1.300589e-01,1.209065e-03,1.205557e-02,5.721536e-02,1.762093e-02,2.229528e-02,1.197952e-02,3.370621e-03,3.855883e-02,1.155455e-02
1.420360e-01,5.108254e-02,2.187621e-01,1.137835e-01,6.559426e-02,2.507995e-01,1.441544e-03,1.148344e-02,5.104956e-02,1.516167e-02,2.070280e-02,1.120205e-02,4.149368e-03,3.279719e-02,9.954409e-03
1.827115e-01,4.309681e-02,1.617166e-01,9.549822e-02,5.508512e-02,2.677502e-01,1.851060e-03,1.379169e-02,7.607561e-02,1.297850e-02,2.198760e-02,1.479369e-02,7.885410e-03,3.276074e-02,1.201726e-02
2.123151e-01,3.486298e-02,1.280257e-01,8.926929e-02,4.330286e-02,2.951206e-01,1.735152e-03,1.160164e-02,8.514129e-02,1.245106e-02,2.285939e-02,1.406560e-02,6.811647e-03,3.067898e-02,1.175876e-02
1.774537e-01,3.391627e-02,9.540168e-02,1.664580e-01,3.209531e-02,2.387590e-01,1.560777e-03,9.933680e-03,7.392279e-02,1.958560e-02,4.693951e-02,3.342748e-02,1.465444e-02,2.520599e-02,3.068585e-02
1.300413e-01,2.947580e-02,8.220976e-02,2.930366e-01,2.661428e-02,1.813275e-01,1.546504e-03,8.548362e-03,6.609771e-02,1.769718e-02,6.899121e-02,2.911114e-02,2.202732e-02,1.822155e-02,2.505383e-02
9.193882e-02,2.209705e-02,7.657123e-02,4.344696e-01,1.918046e-02,1.285221e-01,1.123496e-03,6.314650e-03,6.257519e-02,1.661562e-02,6.837166e-02,2.127487e-02,1.743472e-02,1.292571e-02,2.058489e-02
6.809739e-02,1.962386e-02,1.346918e-01,4.708028e-01,1.465588e-02,9.330271e-02,9.890742e-04,5.044820e-03,4.811177e-02,2.363063e-02,5.957591e-02,1.570787e-02,1.327847e-02,9.383501e-03,2.310345e-02
4.847527e-02,1.659575e-02,1.865550e-01,4.587928e-01,1.149801e-02,6.620845e-02,8.204334e-04,3.869796e-03,4.467271e-02,3.018558e-02,7.509634e-02,1.195363e-02,1.209019e-02,6.905848e-03,2.628014e-02
3.609984e-02,1.825642e-02,1.525979e-01,3.917647e-01,8.705236e-03,4.740623e-02,6.138855e-04,3.012327e-03,5.180904e-02,3.460776e-02,7.133994e-02,1.280516e-02,3.147656e-02,5.206761e-03,1.342982e-01
2.615764e-02,1.691925e-02,1.097166e-01,2.820015e-01,6.407549e-03,3.363606e-02,4.472221e-04,2.378005e-03,5.905982e-02,2.842648e-02,2.806343e-01,9.750223e-03,2.953583e-02,7.077516e-03,1.078520e-01
2.048909e-02,2.026444e-02,8.752067e-02,2.251717e-01,5.196511e-03,2.417388e-02,3.561056e-04,2.205032e-03,1.403779e-01,4.206494e-02,2.667879e-01,7.896327e-03,2.605835e-02,2.047260e-02,1.109646e-01
1.554159e-02,1.635811e-02,6.735221e-02,1.603395e-01,4.464062e-03,1.838917e-02,3.417180e-04,2.087212e-03,1.114955e-01,3.262617e-02,2.258337e-01,5.989013e-03,2.071573e-02,5.438680e-02,2.640794e-01
1.249346e-02,1.521609e-02,1.008796e-01,1.252148e-01,3.971061e-03,1.324706e-02,3.218029e-04,2.019263e-03,1.107924e-01,2.880997e-02,1.648202e-01,5.275853e-03,1.902007e-02,4.281259e-02,3.551057e-01
1.430716e-02,1.338828e-02,1.201461e-01,9.400682e-02,7.234645e-03,1.181588e-02,1.559245e-03,3.218763e-03,9.022948e-02,3.812637e-02,1.331085e-01,5.098730e-03,1.790773e-02,3.739188e-02,4.124603e-01
1.411244e-02,1.049608e-02,9.435643e-02,6.896699e-02,7.958757e-03,9.376933e-03,1.459155e-03,4.883739e-03,6.662163e-02,4.183970e-02,1.002286e-01,4.467675e-03,1.877090e-02,3.249969e-02,5.239613e-01
3.578664e-02,9.914339e-03,8.686383e-02,5.189571e-02,8.235184e-03,8.860029e-03,1.679145e-03,7.774345e-03,5.272475e-02,4.383865e-02,8.130230e-02,5.193822e-03,2.548708e-02,3.038866e-02,5.500556e-01
3.739101e-02,1.121718e-02,7.261074e-02,4.157826e-02,1.365174e-02,8.309793e-03,1.468012e-03,7.862169e-03,4.389889e-02,5.123255e-02,6.376128e-02,6.121387e-03,3.154883e-02,2.803713e-02,5.813110e-01
3.266662e-02,1.041950e-02,5.372545e-02,3.169595e-02,1.939964e-02,7.187314e-03,1.186793e-03,8.377682e-03,3.598345e-02,7.582100e-02,5.368982e-02,6.095340e-03,3.457950e-02,2.667848e-02,6.024935e-01
2.835295e-02,1.051303e-02,4.308638e-02,2.807570e-02,2.681300e-02,6.148034e-03,1.030719e-03,8.791343e-03,3.193975e-02,1.224821e-01,5.856096e-02,7.250880e-03,4.247904e-02,2.760241e-02,5.568737e-01
2.673756e-02,8.826990e-03,3.510687e-02,2.086796e-02,9.315373e-02,5.585465e-03,1.841777e-03,7.948899e-03,3.919746e-02,1.244859e-01,5.704178e-02,7.122344e-03,3.492181e-02,2.390506e-02,5.132564e-01
3.393542e-02,9.933623e-03,3.327241e-02,1.864585e-02,1.062827e-01,5.227298e-03,2.388796e-03,2.082898e-02,5.497096e-02,1.593976e-01,7.181884e-02,8.753584e-03,3.644652e-02,3.984899e-02,3.982484e-01
1.008992e-01,1.967827e-02,3.521474e-02,1.766448e-02,1.004516e-01,1.121973e-02,4.143557e-03,2.803154e-02,6.463240e-02,1.399268e-01,7.287636e-02,1.247098e-02,3.417661e-02,4.468200e-02,3.139318e-01
1.462786e-01,2.233663e-02,3.831342e-02,1.616646e-02,9.749235e-02,1.148306e-02,4.334730e-03,4.185470e-02,5.634441e-02,1.611880e-01,6.156413e-02,1.145230e-02,3.125676e-02,5.452891e-02,2.454055e-01
1.530845e-01,2.127065e-02,3.568581e-02,1.297105e-02,9.935015e-02,1.135465e-02,6.450045e-03,5.067626e-02,5.596019e-02,1.517973e-01,5.267298e-02,1.225093e-02,2.967445e-02,1.075446e-01,1.992564e-01
1.182829e-01,1.570155e-02,3.611329e-02,1.115927e-02,1.362873e-01,1.068035e-02,7.237289e-03,1.462074e-01,5.790575e-02,1.151379e-01,4.015119e-02,1.041921e-02,2.451756e-02,1.158499e-01,1.543492e-01
8.879445e-02,1.656453e-02,3.707719e-02,1.014800e-02,1.321159e-01,8.374368e-03,6.390602e-03,2.328389e-01,8.020177e-02,8.251565e-02,3.054329e-02,1.008775e-02,2.178505e-02,1.041885e-01,1.383742e-01
8.966016e-02,3.054611e-02,3.326463e-02,9.524267e-03,1.232346e-01,7.991523e-03,5.039501e-03,2.390181e-01,1.136644e-01,6.360513e-02,2.336344e-02,9.204941e-03,1.981187e-02,1.135508e-01,1.185204e-01
7.851467e-02,3.287457e-02,3.452818e-02,8.108780e-03,1.741304e-01,1.357836e-02,4.520045e-03,2.026203e-01,1.309251e-01,5.845351e-02,1.765749e-02,1.228412e-02,3.174321e-02,9.967843e-02,1.003827e-01
6.285264e-02,2.835565e-02,2.809120e-02,6.911669e-03,3.034199e-01,1.342858e-02,4.519284e-03,1.738150e-01,1.040166e-01,4.543866e-02,1.320182e-02,1.371246e-02,3.703832e-02,8.736380e-02,7.783444e-02
5.826320e-02,2.488171e-02,2.901487e-02,1.988168e-02,3.047250e-01,1.157426e-02,5.149977e-03,2.302697e-01,1.106927e-01,3.380348e-02,1.023655e-02,1.084085e-02,2.774884e-02,6.375036e-02,5.916682e-02
6.495971e-02,3.503994e-02,2.991866e-02,2.673962e-02,2.830219e-01,1.321475e-02,4.779350e-03,2.236552e-01,1.345884e-01,2.579704e-02,8.028058e-03,1.163422e-02,3.105555e-02,5.485327e-02,5.271434e-02
6.337768e-02,5.868271e-02,2.497946e-02,2.211034e-02,2.476508e-01,3.463796e-02,4.761095e-03,1.849947e-01,1.314156e-01,2.153999e-02,6.499162e-03,1.518948e-02,8.690204e-02,4.493771e-02,5.232139e-02
8.382688e-02,9.511188e-02,2.555368e-02,2.204177e-02,2.072071e-01,5.068262e-02,7.730512e-03,1.641569e-01,1.210456e-01,1.801493e-02,5.711330e-03,1.935807e-02,1.028435e-01,3.378136e-02,4.293394e-02
9.981162e-02,9.195754e-02,2.143860e-02,1.920257e-02,2.031940e-01,5.557439e-02,1.635770e-02,1.366300e-01,1.315289e-01,1.382438e-02,5.114005e-03,4.292833e-02,1.016279e-01,2.529469e-02,3.551542e-02
9.230685e-02,7.384390e-02,1.736190e-02,1.902502e-02,2.073333e-01,4.711568e-02,8.034968e-02,1.067513e-01,1.856127e-01,1.062421e-02,4.281509e-03,3.082559e-02,7.994385e-02,1.802416e-02,2.660037e-02
1.028797e-01,5.676641e-02,1.439036e-02,2.040426e-02,2.345216e-01,4.181163e-02,1.133828e-01,9.303996e-02,1.932647e-01,7.973347e-03,3.821457e-03,2.315010e-02,6.216648e-02,1.283531e-02,1.959190e-02
1.135544e-01,4.552229e-02,1.161169e-02,1.843734e-02,2.194928e-01,4.864168e-02,1.279149e-01,7.000341e-02,2.197710e-01,6.341211e-03,3.504943e-03,2.335195e-02,6.619781e-02,9.314692e-03,1.633993e-02
9.489253e-02,7.588232e-02,1.029272e-02,2.140715e-02,1.636445e-01,4.971985e-02,9.802460e-02,4.982956e-02,1.911124e-01,9.413966e-03,4.587148e-03,2.503913e-02,1.754418e-01,6.776483e-03,2.393579e-02
7.278886e-02,6.994629e-02,1.563907e-02,3.737549e-02,1.181104e-01,4.331898e-02,6.984311e-02,3.517469e-02,1.521766e-01,1.353113e-02,6.826899e-03,3.673393e-02,2.845949e-01,4.968217e-03,3.897139e-02
6.837790e-02,6.229567e-02,1.848139e-02,4.064627e-02,9.336235e-02,4.199299e-02,5.384924e-02,2.682166e-02,1.245947e-01,1.431015e-02,1.409496e-02,3.335475e-02,3.576683e-01,5.144188e-03,4.500544e-02
5.655843e-02,5.727448e-02,3.419340e-02,5.365609e-02,6.950092e-02,3.180992e-02,3.874267e-02,2.023777e-02,1.019780e-01,4.076611e-02,1.615265e-02,3.166904e-02,3.805065e-01,4.609733e-03,6.234430e-02
4.574161e-02,4.266332e-02,2.805888e-02,3.994590e-02,5.078381e-02,2.395240e-02,2.762722e-02,1.487993e-02,7.783306e-02,3.237564e-02,1.356877e-02,2.264594e-02,2.830709e-01,3.842992e-03,2.930096e-01
9.841643e-02,3.467154e-02,4.844717e-02,3.506401e-02,4.052523e-02,2.479300e-02,2.020493e-02,1.196915e-02,7.067945e-02,2.427137e-02,1.559430e-02,1.746264e-02,2.318164e-01,3.486583e-03,3.225978e-01
8.741667e-02,2.900168e-02,1.925965e-01,6.863328e-02,3.094817e-02,1.948499e-02,1.451535e-02,9.011999e-03,5.907776e-02,2.010020e-02,1.261971e-02,1.295445e-02,1.668930e-01,3.566168e-03,2.731801e-01
1.157142e-01,2.918730e-02,2.149759e-01,6.077491e-02,2.999536e-02,2.036471e-02,1.117612e-02,9.711388e-03,5.572165e-02,1.646474e-02,1.349436e-02,9.995663e-03,1.207134e-01,5.179266e-03,2.865311e-01
1.413537e-01,2.926395e-02,2.249884e-01,5.084676e-02,3.221554e-02,3.257754e-02,1.011343e-02,9.340821e-03,4.869011e-02,1.682469e-02,1.248499e-02,7.524215e-03,8.866231e-02,6.242904e-03,2.888707e-01
