1.000000e+00,0.000000e+00,0.000000e+00,0.000000e+00,0.000000e+00,0.000000e+00,0.000000e+00,0.000000e+00,0.000000e+00,0.000000e+00,0.000000e+00,0.000000e+00,0.000000e+00,0.000000e+00,0.000000e+00
1.000000e+00,0.000000e+00,0.000000e+00,0.000000e+00,0.000000e+00,0.000000e+00,0.000000e+00,0.000000e+00,0.000000e+00,0.000000e+00,0.000000e+00,0.000000e+00,0.000000e+00,0.000000e+00,0.000000e+00
1.000000e+00,0.000000e+00,0.000000e+00,0.000000e+00,0.000000e+00,0.000000e+00,0.000000e+00,0.000000e+00,0.000000e+00,0.000000e+00,0.000000e+00,0.000000e+00,0.000000e+00,0.000000e+00,0.000000e+00
1.000000e+00,0.000000e+00,0.000000e+00,0.000000e+00,0.000000e+00,0.000000e+00,0.000000e+00,0.000000e+00,0.000000e+00,0.000000e+00,0.000000e+00,0.000000e+00,0.000000e+00,0.000000e+00,0.000000e+00
1.000000e+00,0.000000e+00,0.000000e+00,0.000000e+00,0.000000e+00,0.000000e+00,0.000000e+00,0.000000e+00,0.000000e+00,0.000000e+00,0.000000e+00,0.000000e+00,0.000000e+00,0.000000e+00,0.000000e+00
1.000000e+00,0.000000e+00,0.000000e+00,0.000000e+00,0.000000e+00,0.000000e+00,0.000000e+00,0.000000e+00,0.000000e+00,0.000000e+00,0.000000e+00,0.000000e+00,0.000000e+00,0.000000e+00,0.000000e+00
1.000000e+00,0.000000e+00,0.000000e+00,0.000000e+00,0.000000e+00,0.000000e+00,0.000000e+00,0.000000e+00,0.000000e+00,0.000000e+00,0.000000e+00,0.000000e+00,0.000000e+00,0.000000e+00,0.000000e+00
1.000000e+00,0.000000e+00,0.000000e+00,0.000000e+00,0.000000e+00,0.000000e+00,0.000000e+00,0.000000e+00,0.000000e+00,0.000000e+00,0.000000e+00,0.000000e+00,0.000000e+00,0.000000e+00,0.000000e+00
1.000000e+00,0.000000e+00,0.000000e+00,0.000000e+00,0.000000e+00,0.000000e+00,0.000000e+00,0.000000e+00,0.000000e+00,0.000000e+00,0.000000e+00,0.000000e+00,0.000000e+00,0.000000e+00,0.000000e+00
1.000000e+00,0.000000e+00,0.000000e+00,0.000000e+00,0.000000e+00,0.000000e+00,0.000000e+00,0.000000e+00,0.000000e+00,0.000000e+00,0.000000e+00,0.000000e+00,0.000000e+00,0.000000e+00,0.000000e+00
1.000000e+00,0.000000e+00,0.000000e+00,0.000000e+00,0.000000e+00,0.000000e+00,0.000000e+00,0.000000e+00,0.000000e+00,0.000000e+00,0.000000e+00,0.000000e+00,0.000000e+00,0.000000e+00,0.000000e+00
1.000000e+00,0.000000e+00,0.000000e+00,0.000000e+00,0.000000e+00,0.000000e+00,0.000000e+00,0.000000e+00,0.000000e+00,0.000000e+00,0.000000e+00,0.000000e+00,0.000000e+00,0.000000e+00,0.000000e+00
1.000000e+00,0.000000e+00,0.000000e+00,0.000000e+00,0.000000e+00,0.000000e+00,0.000000e+00,0.000000e+00,0.000000e+00,0.000000e+00,0.000000e+00,0.000000e+00,0.000000e+00,0.000000e+00,0.000000e+00
1.000000e+00,0.000000e+00,0.000000e+00,0.000000e+00,0.000000e+00,0.000000e+00,0.000000e+00,0.000000e+00,0.000000e+00,0.000000e+00,0.000000e+00,0.000000e+00,0.000000e+00,0.000000e+00,0.000000e+00
1.000000e+00,0.000000e+00,0.000000e+00,0.000000e+00,0.000000e+00,0.000000e+00,0.000000e+00,0.000000e+00,0.000000e+00,0.000000e+00,0.000000e+00,0.000000e+00,0.000000e+00,0.000000e+00,0.000000e+00
1.000000e+00,0.000000e+00,0.000000e+00,0.000000e+00,0.000000e+00,0.000000e+00,0.000000e+00,0.000000e+00,0.000000e+00,0.000000e+00,0.000000e+00,0.000000e+00,0.000000e+00,0.000000e+00,0.000000e+00
1.000000e+00,0.000000e+00,0.000000e+00,0.000000e+00,0.000000e+00,0.000000e+00,0.000000e+00,0.000000e+00,0.000000e+00,0.000000e+00,0.000000e+00,0.000000e+00,0.000000e+00,0.000000e+00,0.000000e+00
1.000000e+00,0.000000e+00,0.000000e+00,0.000000e+00,0.000000e+00,0.000000e+00,0.000000e+00,0.000000e+00,0.000000e+00,0.000000e+00,0.000000e+00,0.000000e+00,0.000000e+00,0.000000e+00,0.000000e+00
1.000000e+00,0.000000e+00,0.000000e+00,0.000000e+00,0.000000e+00,0.000000e+00,0.000000e+00,0.000000e+00,0.000000e+00,0.000000e+00,0.000000e+00,0.000000e+00,0.000000e+00,0.000000e+00,0.000000e+00
1.000000e+00,0.000000e+00,0.000000e+00,0.000000e+00,0.000000e+00,0.000000e+00,0.000000e+00,0.000000e+00,0.000000e+00,0.000000e+00,0.000000e+00,0.000000e+00,0.000000e+00,0.000000e+00,0.000000e+00
1.000000e+00,0.000000e+00,0.000000e+00,0.000000e+00,0.000000e+00,0.000000e+00,0.000000e+00,0.000000e+00,0.000000e+00,0.000000e+00,0.000000e+00,0.000000e+00,0.000000e+00,0.000000e+00,0.000000e+00
1.000000e+00,0.000000e+00,0.000000e+00,0.000000e+00,0.000000e+00,0.000000e+00,0.000000e+00,0.000000e+00,0.000000e+00,0.000000e+00,0.000000e+00,0.000000e+00,0.000000e+00,0.000000e+00,0.000000e+00
1.000000e+00,0.000000e+00,0.000000e+00,0.000000e+00,0.000000e+00,0.000000e+00,0.000000e+00,0.000000e+00,0.000000e+00,0.000000e+00,0.000000e+00,0.000000e+00,0.000000e+00,0.000000e+00,0.000000e+00
1.000000e+00,0.000000e+00,0.000000e+00,0.000000e+00,0.000000e+00,0.000000e+00,0.000000e+00,0.000000e+00,0.000000e+00,0.000000e+00,0.000000e+00,0.000000e+00,0.000000e+00,0.000000e+00,0.000000e+00
1.000000e+00,0.000000e+00,0.000000e+00,0.000000e+00,0.000000e+00,0.000000e+00,0.000000e+00,0.000000e+00,0.000000e+00,0.000000e+00,0.000000e+00,0.000000e+00,0.000000e+00,0.000000e+00,0.000000e+00
1.000000e+00,0.000000e+00,0.000000e+00,0.000000e+00,0.000000e+00,0.000000e+00,0.000000e+00,0.000000e+00,0.000000e+00,0.000000e+00,0.000000e+00,0.000000e+00,0.000000e+00,0.000000e+00,0.000000e+00
1.000000e+00,0.000000e+00,0.000000e+00,0.000000e+00,0.000000e+00,0.000000e+00,0.000000e+00,0.000000e+00,0.000000e+00,0.000000e+00,0.000000e+00,0.000000e+00,0.000000e+00,0.000000e+00,0.000000e+00
1.000000e+00,0.000000e+00,0.000000e+00,0.000000e+00,0.000000e+00,0.000000e+00,0.000000e+00,0.000000e+00,0.000000e+00,0.000000e+00,0.000000e+00,0.000000e+00,0.000000e+00,0.000000e+00,0.000000e+00
1.000000e+00,0.000000e+00,0.000000e+00,0.000000e+00,0.000000e+00,0.000000e+00,0.000000e+00,0.000000e+00,0.000000e+00,0.000000e+00,0.000000e+00,0.000000e+00,0.000000e+00,0.000000e+00,0.000000e+00
1.000000e+00,0.000000e+00,0.000000e+00,0.000000e+00,0.000000e+00,0.000000e+00,0.000000e+00,0.000000e+00,0.000000e+00,0.000000e+00,0.000000e+00,0.000000e+00,0.000000e+00,0.000000e+00,0.000000e+00
1.000000e+00,0.000000e+00,0.000000e+00,0.000000e+00,0.000000e+00,0.000000e+00,0.000000e+00,0.000000e+00,0.000000e+00,0.000000e+00,0.000000e+00,0.000000e+00,0.000000e+00,0.000000e+00,0.000000e+00
1.000000e+00,0.000000e+00,0.000000e+00,0.000000e+00,0.000000e+00,0.000000e+00,0.000000e+00,0.000000e+00,0.000000e+00,0.000000e+00,0.000000e+00,0.000000e+00,0.000000e+00,0.000000e+00,0.000000e+00
1.000000e+00,0.000000e+00,0.000000e+00,0.000000e+00,0.000000e+00,0.000000e+00,0.000000e+00,0.000000e+00,0.000000e+00,0.000000e+00,0.000000e+00,0.000000e+00,0.000000e+00,0.000000e+00,0.000000e+00
1.000000e+00,0.000000e+00,0.000000e+00,0.000000e+00,0.000000e+00,0.000000e+00,0.000000e+00,0.000000e+00,0.000000e+00,0.000000e+00,0.000000e+00,0.000000e+00,0.000000e+00,0.000000e+00,0.000000e+00
1.000000e+00,0.000000e+00,0.000000e+00,0.000000e+00,0.000000e+00,0.000000e+00,0.000000e+00,0.000000e+00,0.000000e+00,0.000000e+00,0.000000e+00,0.000000e+00,0.000000e+00,0.000000e+00,0.000000e+00
1.000000e+00,0.000000e+00,0.000000e+00,0.000000e+00,0.000000e+00,0.000000e+00,0.000000e+00,0.000000e+00,0.000000e+00,0.000000e+00,0.000000e+00,0.000000e+00,0.000000e+00,0.000000e+00,0.000000e+00
1.000000e+00,0.000000e+00,0.000000e+00,0.000000e+00,0.000000e+00,0.000000e+00,0.000000e+00,0.000000e+00,0.000000e+00,0.000000e+00,0.000000e+00,0.000000e+00,0.000000e+00,0.000000e+00,0.000000e+00
1.000000e+00,0.000000e+00,0.000000e+00,0.000000e+00,0.000000e+00,0.000000e+00,0.000000e+00,0.000000e+00,0.000000e+00,0.000000e+00,0.000000e+00,0.000000e+00,0.000000e+00,0.000000e+00,0.000000e+00
1.000000e+00,0.000000e+00,0.000000e+00,0.000000e+00,0.000000e+00,0.000000e+00,0.000000e+00,0.000000e+00,0.000000e+00,0.000000e+00,0.000000e+00,0.000000e+00,0.000000e+00,0.000000e+00,0.000000e+00
1.000000e+00,0.000000e+00,0.000000e+00,0.000000e+00,0.000000e+00,0.000000e+00,0.000000e+00,0.000000e+00,0.000000e+00,0.000000e+00,0.000000e+00,0.000000e+00,0.000000e+00,0.000000e+00,0.000000e+00
1.000000e+00,0.000000e+00,0.000000e+00,0.000000e+00,0.000000e+00,0.000000e+00,0.000000e+00,0.000000e+00,0.000000e+00,0.000000e+00,0.000000e+00,0.000000e+00,0.000000e+00,0.000000e+00,0.000000e+00
4.595755e-01,3.430979e-02,2.610764e-02,1.251256e-01,1.179754e-02,2.545382e-02,7.082332e-03,4.411303e-02,3.719059e-02,6.086998e-03,4.942911e-02,6.142443e-02,2.120174e-02,1.992144e-02,7.118048e-02
3.930362e-01,4.403020e-02,2.602222e-02,1.318975e-01,1.474744e-02,2.931557e-02,9.185829e-03,3.758597e-02,4.854992e-02,7.168985e-03,5.518107e-02,6.729165e-02,2.817970e-02,2.471644e-02,8.309124e-02
3.548354e-01,4.931238e-02,2.393201e-02,1.314022e-01,1.679560e-02,3.396972e-02,1.009136e-02,3.088118e-02,6.568812e-02,7.647800e-03,5.885652e-02,6.644554e-02,3.010775e-02,2.928288e-02,9.075153e-02
3.091905e-01,5.203302e-02,2.163158e-02,1.240419e-01,2.084430e-02,3.679663e-02,1.007780e-02,2.548627e-02,6.537104e-02,8.585517e-03,6.111734e-02,7.544586e-02,3.721633e-02,4.493434e-02,1.072276e-01
3.299918e-01,5.659227e-02,2.005252e-02,1.169354e-01,2.015491e-02,4.182912e-02,1.056947e-02,2.231097e-02,5.471921e-02,7.898297e-03,5.735423e-02,7.326148e-02,4.133457e-02,4.013119e-02,1.068645e-01
3.353035e-01,6.065372e-02,1.999346e-02,1.101177e-01,1.912828e-02,5.166423e-02,1.161805e-02,2.085769e-02,4.747902e-02,7.252104e-03,5.924393e-02,7.098641e-02,4.297611e-02,3.811989e-02,1.046059e-01
2.682540e-01,9.121162e-02,5.228737e-02,1.631702e-01,1.766946e-02,4.286291e-02,9.595823e-03,2.000435e-02,4.609583e-02,6.782099e-03,5.091872e-02,5.931843e-02,3.654894e-02,3.073572e-02,1.045447e-01
2.489322e-01,9.769218e-02,5.489936e-02,1.697090e-01,1.617131e-02,3.750470e-02,8.157961e-03,1.801374e-02,4.666667e-02,7.644365e-03,4.753125e-02,5.477434e-02,3.539643e-02,3.088012e-02,1.260265e-01
3.296863e-01,8.660370e-02,4.272176e-02,1.456429e-01,1.520060e-02,3.195059e-02,6.898134e-03,1.565363e-02,4.135340e-02,7.169449e-03,4.257368e-02,4.871116e-02,3.496000e-02,3.084180e-02,1.200330e-01
4.273742e-01,7.411812e-02,3.251841e-02,1.232756e-01,1.400961e-02,3.036353e-02,6.549780e-03,1.354912e-02,3.350469e-02,6.464095e-03,3.513033e-02,4.420127e-02,3.386293e-02,2.426248e-02,1.008158e-01
1.000000e+00,0.000000e+00,0.000000e+00,0.000000e+00,0.000000e+00,0.000000e+00,0.000000e+00,0.000000e+00,0.000000e+00,0.000000e+00,0.000000e+00,0.000000e+00,0.000000e+00,0.000000e+00,0.000000e+00
1.000000e+00,0.000000e+00,0.000000e+00,0.000000e+00,0.000000e+00,0.000000e+00,0.000000e+00,0.000000e+00,0.000000e+00,0.000000e+00,0.000000e+00,0.000000e+00,0.000000e+00,0.000000e+00,0.000000e+00
1.000000e+00,0.000000e+00,0.000000e+00,0.000000e+00,0.000000e+00,0.000000e+00,0.000000e+00,0.000000e+00,0.000000e+00,0.000000e+00,0.000000e+00,0.000000e+00,0.000000e+00,0.000000e+00,0.000000e+00
1.000000e+00,0.000000e+00,0.000000e+00,0.000000e+00,0.000000e+00,0.000000e+00,0.000000e+00,0.000000e+00,0.000000e+00,0.000000e+00,0.000000e+00,0.000000e+00,0.000000e+00,0.000000e+00,0.000000e+00
1.000000e+00,0.000000e+00,0.000000e+00,0.000000e+00,0.000000e+00,0.000000e+00,0.000000e+00,0.000000e+00,0.000000e+00,0.000000e+00,0.000000e+00,0.000000e+00,0.000000e+00,0.000000e+00,0.000000e+00
1.000000e+00,0.000000e+00,0.000000e+00,0.000000e+00,0.000000e+00,0.000000e+00,0.000000e+00,0.000000e+00,0.000000e+00,0.000000e+00,0.000000e+00,0.000000e+00,0.000000e+00,0.000000e+00,0.000000e+00
1.000000e+00,0.000000e+00,0.000000e+00,0.000000e+00,0.000000e+00,0.000000e+00,0.000000e+00,0.000000e+00,0.000000e+00,0.000000e+00,0.000000e+00,0.000000e+00,0.000000e+00,0.000000e+00,0.000000e+00
1.000000e+00,0.000000e+00,0.000000e+00,0.000000e+00,0.000000e+00,0.000000e+00,0.000000e+00,0.000000e+00,0.000000e+00,0.000000e+00,0.000000e+00,0.000000e+00,0.000000e+00,0.000000e+00,0.000000e+00
4.067170e-01,1.033864e-02,5.260440e-03,1.425009e-02,3.156370e-03,1.561940e-02,1.899159e-03,3.443148e-03,3.351826e-03,3.238659e-03,4.797823e-01,2.505724e-02,6.643218e-03,8.542735e-03,1.269981e-02
3.267075e-01,1.558150e-02,2.447593e-02,1.312370e-02,5.618096e-03,3.132581e-02,4.466689e-03,4.528520e-03,4.343751e-03,3.264740e-02,4.491937e-01,4.279350e-02,4.792715e-03,1.406431e-02,2.633696e-02
2.330160e-01,1.592026e-02,2.406441e-02,1.091116e-02,6.916983e-03,3.762541e-02,4.034957e-03,3.681455e-03,5.582473e-03,3.915877e-02,5.206798e-01,5.626138e-02,3.586398e-03,1.347436e-02,2.508613e-02
1.655513e-01,1.182362e-02,1.846283e-02,8.457692e-03,6.143583e-03,3.517235e-02,3.320868e-03,2.903057e-03,5.877028e-03,3.558394e-02,5.903866e-01,7.993484e-02,2.646004e-03,1.281073e-02,2.092555e-02
1.178524e-01,9.214533e-03,1.442556e-02,6.597365e-03,7.464807e-03,3.038404e-02,2.742770e-03,2.236610e-03,7.849222e-03,4.245025e-02,5.599471e-01,1.553525e-01,2.138647e-03,2.073921e-02,2.060498e-02
8.764430e-02,7.050026e-03,1.219051e-02,5.247735e-03,7.002338e-03,2.427107e-02,2.794976e-03,2.513480e-03,7.078990e-03,4.968960e-02,4.899570e-01,2.525201e-01,1.748747e-03,3.123469e-02,1.905649e-02
6.161759e-02,5.308043e-03,9.439128e-03,3.766155e-03,5.979863e-03,1.850177e-02,2.536920e-03,1.988827e-03,8.153729e-03,7.557154e-02,4.712596e-01,2.828187e-01,1.290213e-03,3.496799e-02,1.680000e-02
4.332495e-02,3.895486e-03,7.010125e-03,2.864901e-03,7.356494e-03,1.441239e-02,2.513504e-03,1.925311e-03,9.267104e-03,6.196681e-02,4.618204e-01,3.208748e-01,1.131983e-03,4.890768e-02,1.272815e-02
3.079533e-02,5.499335e-03,6.638692e-03,2.135001e-03,8.195416e-03,1.154527e-02,3.201886e-03,2.181038e-03,2.732192e-02,8.152104e-02,4.406818e-01,3.095136e-01,1.001731e-03,5.942754e-02,1.034049e-02
2.165198e-02,1.016652e-02,6.560533e-03,1.568559e-03,7.070896e-03,8.463748e-03,2.503707e-03,1.999555e-03,6.619851e-02,9.421916e-02,4.527633e-01,2.546975e-01,7.338042e-04,6.297699e-02,8.425275e-03
1.533811e-02,7.958993e-03,5.409794e-03,1.291577e-03,7.796995e-03,8.949180e-03,1.851306e-03,1.457233e-03,1.193544e-01,9.027289e-02,4.274483e-01,2.234343e-01,9.638659e-04,7.882614e-02,9.646847e-03
1.123958e-02,7.287841e-03,6.293315e-03,3.773096e-03,1.318517e-02,2.071926e-02,2.357070e-03,3.921147e-03,1.551658e-01,8.177525e-02,3.774796e-01,2.293127e-01,3.255389e-03,7.451299e-02,9.721808e-03
8.426521e-03,7.886735e-03,5.160871e-03,3.674189e-03,1.223990e-02,2.235876e-02,2.401857e-03,3.751330e-03,1.575378e-01,6.771524e-02,3.765700e-01,2.527235e-01,5.077273e-03,6.325190e-02,1.122413e-02
6.459614e-03,1.023429e-02,4.052771e-03,3.410310e-03,9.523343e-03,2.301661e-02,2.054096e-03,5.841011e-03,1.288781e-01,5.134210e-02,4.079212e-01,2.770078e-01,6.743879e-03,5.438790e-02,9.126951e-03
6.239610e-03,2.071647e-02,9.559469e-03,5.787271e-03,1.048277e-02,4.258429e-02,5.914832e-03,8.445687e-02,1.313030e-01,4.250555e-02,3.300195e-01,2.543425e-01,6.663266e-03,4.155648e-02,7.868177e-03
5.308115e-03,1.884763e-02,9.474014e-03,7.337988e-03,1.106354e-02,4.832393e-02,4.810382e-03,6.154671e-02,1.024771e-01,3.671479e-02,4.311710e-01,2.140250e-01,6.187377e-03,3.312909e-02,9.583304e-03
4.175302e-03,1.533501e-02,8.954126e-03,6.058093e-03,2.606048e-02,3.860536e-02,4.607520e-03,4.386361e-02,7.762050e-02,2.899870e-02,5.266761e-01,1.749254e-01,6.311161e-03,2.740376e-02,1.040485e-02
3.834966e-03,1.617421e-02,1.484513e-02,4.751827e-03,5.298465e-02,2.882539e-02,5.283875e-03,3.246642e-02,5.694505e-02,2.280450e-02,5.669616e-01,1.472344e-01,1.214588e-02,2.221415e-02,1.252787e-02
5.645068e-03,1.794050e-02,2.767581e-02,4.008947e-03,6.490207e-02,2.233941e-02,4.884146e-03,2.543524e-02,4.285016e-02,1.748160e-02,5.986716e-01,1.144451e-01,2.356414e-02,1.745270e-02,1.270355e-02
6.989880e-03,1.466126e-02,2.912285e-02,3.403396e-03,6.432290e-02,1.752292e-02,5.427569e-03,2.139521e-02,3.143285e-02,1.303695e-02,6.445473e-01,9.254433e-02,3.171935e-02,1.286204e-02,1.101124e-02
1.197830e-02,1.210251e-02,3.635684e-02,2.890346e-03,5.612079e-02,1.303075e-02,4.204070e-03,2.158488e-02,2.341731e-02,1.015887e-02,6.688324e-01,7.826156e-02,3.942508e-02,1.236918e-02,9.267151e-03
2.418134e-02,1.215106e-02,3.557148e-02,2.649406e-03,5.720545e-02,1.255325e-02,3.514056e-03,2.267071e-02,3.253435e-02,8.227073e-03,6.310253e-01,8.492574e-02,4.826071e-02,1.228359e-02,1.224652e-02
3.022770e-02,1.044244e-02,3.428122e-02,3.101517e-03,6.164946e-02,1.279418e-02,4.206141e-03,7.072522e-02,3.486932e-02,6.729797e-03,5.697684e-01,8.257391e-02,5.728920e-02,1.190507e-02,9.436449e-03
4.627208e-02,1.125074e-02,2.950779e-02,3.653348e-03,6.297482e-02,1.463983e-02,3.540516e-03,1.005268e-01,3.875774e-02,6.048497e-03,5.189828e-01,8.496901e-02,5.454216e-02,1.475200e-02,9.581901e-03
5.109353e-02,1.028716e-02,2.481422e-02,3.866517e-03,6.057118e-02,1.624916e-02,3.203999e-03,8.887732e-02,3.215621e-02,5.094908e-03,5.574170e-01,7.645753e-02,4.463577e-02,1.577625e-02,9.499196e-03
5.017954e-02,7.546720e-03,2.505934e-02,3.307495e-03,4.456410e-02,1.519311e-02,3.082765e-03,1.050327e-01,2.358765e-02,4.213599e-03,5.737863e-01,8.147859e-02,3.314760e-02,2.275211e-02,7.068450e-03
5.388629e-02,5.512673e-03,4.326355e-02,3.009554e-03,3.268369e-02,3.109587e-02,5.081359e-03,1.168847e-01,1.848733e-02,3.491812e-03,5.222783e-01,1.077413e-01,2.419264e-02,2.706904e-02,5.321927e-03
7.039851e-02,4.614893e-03,1.450277e-01,7.952567e-03,2.606457e-02,7.551854e-02,4.290410e-03,9.558335e-02,1.419313e-02,3.084879e-03,3.875640e-01,1.158146e-01,1.952293e-02,2.490672e-02,5.463265e-03
8.266269e-02,4.723803e-03,1.238056e-01,1.781442e-02,2.138135e-02,1.019534e-01,4.106801e-03,7.479495e-02,1.960577e-02,1.229180e-02,2.818119e-01,1.377266e-01,8.314507e-02,2.100176e-02,1.317410e-02
9.033372e-02,4.783715e-03,1.371523e-01,2.118407e-02,2.419842e-02,8.617590e-02,5.683702e-03,6.354951e-02,1.835837e-02,1.219355e-02,2.051559e-01,1.372755e-01,1.638873e-01,1.692192e-02,1.314609e-02
8.829896e-02,5.957777e-03,1.488276e-01,3.891479e-02,2.260488e-02,6.635064e-02,5.519575e-03,7.567853e-02,4.274806e-02,1.574849e-02,1.595158e-01,1.260171e-01,1.679416e-01,1.614744e-02,1.972881e-02
7.482527e-02,6.540454e-03,1.202594e-01,3.334688e-02,5.830503e-02,4.941947e-02,6.124841e-03,6.109469e-02,4.096159e-02,1.405432e-02,1.331824e-01,1.236158e-01,2.435518e-01,1.295271e-02,2.176533e-02
6.503309e-02,6.251329e-03,9.240228e-02,4.667098e-02,4.646003e-02,3.776504e-02,4.915753e-03,4.667560e-02,4.928656e-02,1.610191e-02,1.107082e-01,1.155556e-01,3.280946e-01,1.216946e-02,2.190957e-02
4.751683e-02,5.027653e-03,6.499443e-02,3.717531e-02,3.593249e-02,2.943893e-02,3.799822e-03,3.342355e-02,4.501823e-02,1.837882e-02,1.083920e-01,1.240597e-01,4.189520e-01,9.648954e-03,1.824130e-02
3.584242e-02,3.740854e-03,4.585160e-02,3.099208e-02,2.674557e-02,2.610123e-02,3.233903e-03,2.455975e-02,3.773341e-02,1.799021e-02,1.114876e-01,1.314303e-01,4.784516e-01,8.129720e-03,1.770977e-02
2.538960e-02,2.873651e-03,3.220900e-02,2.264793e-02,1.916831e-02,1.966106e-02,2.316067e-03,1.796700e-02,4.327961e-02,1.390932e-02,9.792204e-02,1.580856e-01,5.239230e-01,5.968730e-03,1.467899e-02
1.800688e-02,2.281149e-03,2.368902e-02,1.997326e-02,1.438967e-02,1.602278e-02,1.697508e-03,1.436537e-02,4.748582e-02,1.106246e-02,8.161519e-02,1.854482e-01,5.461935e-01,4.667811e-03,1.310146e-02
1.599200e-02,2.332962e-03,2.242828e-02,2.276884e-02,1.590894e-02,1.228871e-02,1.402910e-03,1.386595e-02,8.291826e-02,9.444033e-03,8.969124e-02,1.659677e-01,5.282468e-01,3.859827e-03,1.288351e-02
4.179789e-02,2.258317e-03,1.176540e-01,2.857857e-02,1.762706e-02,1.098799e-02,2.212279e-03,4.213810e-02,6.968986e-02,7.891274e-03,1.042314e-01,1.259875e-01,4.122713e-01,3.470160e-03,1.320419e-02
1.098014e-01,2.188884e-03,2.067614e-01,2.756199e-02,2.218385e-02,1.071991e-02,2.828946e-03,4.676960e-02,5.893391e-02,7.435601e-03,9.242955e-02,9.265896e-02,3.028348e-01,3.121603e-03,1.376947e-02
1.441567e-01,4.375427e-03,2.534764e-01,3.327795e-02,2.443025e-02,3.181284e-02,2.758683e-03,4.760087e-02,5.850157e-02,9.376535e-03,8.456131e-02,7.075846e-02,2.184353e-01,4.056714e-03,1.242105e-02
1.091339e-01,2.335565e-02,2.674593e-01,2.797227e-02,2.675813e-02,1.001700e-01,2.167059e-03,3.431788e-02,9.874156e-02,8.726502e-03,7.498874e-02,5.290034e-02,1.546115e-01,5.094259e-03,1.360285e-02
8.239276e-02,2.253030e-02,3.873333e-01,5.694983e-02,3.079994e-02,7.716372e-02,1.811881e-03,2.499980e-02,8.449452e-02,7.433898e-03,5.832975e-02,3.834665e-02,1.099882e-01,4.522685e-03,1.290272e-02
8.943544e-02,2.548282e-02,3.924817e-01,6.598081e-02,2.941848e-02,6.260432e-02,1.651268e-03,1.876451e-02,8.533028e-02,1.058148e-02,7.016530e-02,3.423562e-02,8.317264e-02,1.164993e-02,1.904533e-02
8.939916e-02,3.312933e-02,3.987588e-01,6.367722e-02,2.749394e-02,4.698972e-02,1.409122e-03,1.519154e-02,9.304352e-02,1.397421e-02,8.623720e-02,2.989071e-02,6.434849e-02,1.594990e-02,2.050710e-02
8.085514e-02,2.720396e-02,3.836015e-01,1.497483e-01,2.881221e-02,3.438209e-02,1.255667e-03,1.429866e-02,9.482728e-02,1.156876e-02,7.613154e-02,2.178108e-02,4.667677e-02,1.300245e-02,1.585454e-02
7.941274e-02,2.131220e-02,4.065473e-01,2.176303e-01,2.488412e-02,2.649385e-02,1.006402e-03,1.062593e-02,6.899304e-02,9.688082e-03,6.072574e-02,1.665065e-02,3.357822e-02,1.043025e-02,1.202113e-02
8.422795e-02,1.654915e-02,4.142976e-01,2.636726e-01,2.297771e-02,2.089275e-02,8.394523e-04,1.130144e-02,5.084026e-02,8.185605e-03,5.063752e-02,1.351006e-02,2.414880e-02,9.023562e-03,8.895513e-03
8.233505e-02,1.453556e-02,4.050771e-01,3.083447e-01,1.774031e-02,1.902131e-02,6.340118e-04,8.527941e-03,3.921222e-02,7.781489e-03,5.129787e-02,1.085696e-02,1.756669e-02,7.915730e-03,9.153002e-03
1.051867e-01,1.390094e-02,3.619515e-01,3.369446e-01,1.575068e-02,1.951655e-02,6.658137e-04,7.805084e-03,3.184792e-02,1.232112e-02,5.136164e-02,1.023707e-02,1.457772e-02,8.265998e-03,9.666711e-03
1.737054e-01,1.681196e-02,3.467598e-01,2.766593e-01,1.934515e-02,1.730091e-02,8.566638e-04,9.264025e-03,2.804321e-02,1.507545e-02,5.147345e-02,9.338066e-03,1.254320e-02,1.420913e-02,8.614297e-03
2.145617e-01,3.349645e-02,3.439224e-01,2.219668e-01,2.156885e-02,1.580526e-02,1.188981e-03,1.321195e-02,2.562720e-02,1.737984e-02,4.280680e-02,7.932661e-03,1.002148e-02,1.795691e-02,1.255278e-02
2.510500e-01,4.053478e-02,3.431468e-01,1.801097e-01,2.123514e-02,1.366666e-02,1.454795e-03,1.642852e-02,2.503562e-02,2.334468e-02,3.464704e-02,6.690732e-03,7.891952e-03,1.858411e-02,1.617949e-02
2.785959e-01,8.382500e-02,2.997061e-01,1.472308e-01,2.604609e-02,1.334747e-02,1.823573e-03,1.764216e-02,3.305073e-02,2.387309e-02,2.822205e-02,6.004598e-03,6.805192e-03,1.784248e-02,1.598487e-02
3.006044e-01,1.055601e-01,2.598372e-01,1.130930e-01,3.224123e-02,1.397293e-02,2.002406e-03,2.513989e-02,4.066189e-02,3.304649e-02,2.683800e-02,5.669807e-03,5.994929e-03,1.959449e-02,1.574312e-02
2.199299e-01,9.872116e-02,2.410272e-01,1.025446e-01,2.429046e-02,1.205335e-02,1.555609e-03,1.788616e-02,4.702804e-02,1.017487e-01,2.891544e-02,6.177094e-03,7.174853e-03,1.663140e-02,7.431614e-02
1.864338e-01,7.847655e-02,1.971935e-01,7.406265e-02,1.759072e-02,1.188382e-02,1.455613e-03,1.277253e-02,5.750391e-02,9.731917e-02,2.954837e-02,8.256389e-03,7.368844e-03,1.031233e-01,1.170108e-01
1.522883e-01,6.426094e-02,1.602544e-01,5.424817e-02,1.303202e-02,1.068188e-02,1.249988e-03,9.246215e-03,6.492849e-02,9.344124e-02,3.163341e-02,1.159439e-02,7.892536e-03,1.366042e-01,1.886439e-01
1.391871e-01,5.538978e-02,1.355683e-01,4.895836e-02,1.036856e-02,1.071493e-02,1.283242e-03,7.686717e-03,7.253553e-02,7.820486e-02,4.059191e-02,1.383096e-02,1.121530e-02,1.796316e-01,1.948328e-01
2.316617e-01,4.455162e-02,1.068450e-01,4.265587e-02,8.586626e-03,1.090115e-02,1.103092e-03,6.279936e-03,6.008960e-02,6.550273e-02,4.483026e-02,1.510068e-02,1.354727e-02,1.945354e-01,1.538091e-01
2.597622e-01,3.555090e-02,8.897520e-02,1.268177e-01,9.735879e-03,1.066638e-02,1.137150e-03,6.834967e-03,5.391366e-02,5.241888e-02,5.256224e-02,1.531291e-02,1.347065e-02,1.570477e-01,1.157936e-01
2.241931e-01,2.875857e-02,6.669404e-02,9.845704e-02,8.635096e-03,9.527545e-03,1.355581e-03,6.620306e-03,7.356516e-02,5.194896e-02,6.950802e-02,2.740973e-02,2.284899e-02,2.181047e-01,9.237317e-02
2.333118e-01,2.652685e-02,4.962669e-02,7.826791e-02,8.171754e-03,8.619014e-03,1.841962e-03,7.155471e-03,8.211517e-02,6.578162e-02,8.310033e-02,3.154916e-02,2.465976e-02,2.206995e-01,7.857298e-02
2.360518e-01,2.682327e-02,3.668040e-02,5.794526e-02,7.163268e-03,8.178620e-03,1.517152e-03,6.187349e-03,7.225583e-02,6.174617e-02,8.573803e-02,5.569039e-02,3.431958e-02,2.332816e-01,7.642126e-02
2.549387e-01,2.774953e-02,2.846832e-02,4.839762e-02,6.295352e-03,8.648055e-03,1.306490e-03,5.721743e-03,6.789411e-02,7.065597e-02,8.201884e-02,7.231124e-02,3.586139e-02,2.150819e-01,7.465075e-02
2.943133e-01,3.966711e-02,2.139490e-02,4.281182e-02,5.935831e-03,8.867824e-03,1.316935e-03,4.697402e-03,6.797045e-02,5.915056e-02,7.032534e-02,7.481069e-02,2.925684e-02,2.040333e-01,7.544762e-02
2.445099e-01,3.334658e-02,2.186410e-02,3.526729e-02,6.403779e-03,9.452443e-03,1.374990e-03,6.772437e-03,1.166793e-01,5.550383e-02,6.898592e-02,5.904844e-02,2.561557e-02,1.663494e-01,1.488261e-01
2.010257e-01,3.000742e-02,1.267287e-01,3.134479e-02,9.099609e-03,1.238980e-02,2.314461e-03,2.059117e-02,1.158085e-01,4.319903e-02,6.475876e-02,4.441353e-02,2.398498e-02,1.297102e-01,1.446234e-01
1.918006e-01,3.563765e-02,1.322747e-01,2.489211e-02,1.254617e-02,2.809240e-02,2.431051e-03,1.783291e-02,1.037712e-01,4.739971e-02,8.462043e-02,3.463792e-02,2.177264e-02,1.347248e-01,1.275657e-01
1.561585e-01,4.432753e-02,1.380752e-01,2.015279e-02,1.555045e-02,3.635376e-02,2.157310e-03,1.661035e-02,1.020784e-01,6.482740e-02,8.987468e-02,2.704472e-02,1.839607e-02,1.514999e-01,1.168929e-01
1.262624e-01,4.954343e-02,2.283579e-01,3.667694e-02,2.137584e-02,3.237278e-02,1.758986e-03,1.733895e-02,9.740241e-02,5.439841e-02,8.125982e-02,2.323737e-02,1.556972e-02,1.263480e-01,8.809700e-02
1.025057e-01,6.219281e-02,2.133593e-01,3.876425e-02,2.417760e-02,3.283163e-02,1.366070e-03,1.690423e-02,1.280977e-01,5.172731e-02,1.052589e-01,1.999204e-02,1.371864e-02,1.213465e-01,6.775729e-02
9.377490e-02,7.412226e-02,1.945251e-01,3.666534e-02,3.704307e-02,2.963293e-02,1.055897e-03,2.014487e-02,1.423073e-01,5.484554e-02,1.169134e-01,1.797140e-02,1.219330e-02,1.146981e-01,5.410667e-02
8.450948e-02,8.748357e-02,1.654074e-01,6.494617e-02,4.428998e-02,2.567420e-02,9.442358e-04,2.012367e-02,1.742634e-01,5.351473e-02,9.888382e-02,1.672952e-02,1.163669e-02,1.074295e-01,4.416358e-02
7.093076e-02,8.257128e-02,1.777341e-01,1.360613e-01,6.171620e-02,1.980886e-02,9.355581e-04,1.876962e-02,1.655184e-01,4.371698e-02,7.998388e-02,1.310834e-02,9.938241e-03,8.452855e-02,3.467797e-02
8.477354e-02,8.130037e-02,2.418126e-01,1.252991e-01,5.246214e-02,1.687451e-02,7.670858e-04,1.538382e-02,1.407752e-01,3.995523e-02,6.548162e-02,1.175865e-02,8.206210e-03,7.295271e-02,4.219720e-02
1.288028e-01,9.350787e-02,2.332174e-01,1.016879e-01,5.061636e-02,1.446802e-02,9.253201e-04,1.681657e-02,1.400383e-01,3.776038e-02,5.488031e-02,9.624625e-03,7.037229e-03,7.040745e-02,4.020954e-02
2.334881e-01,9.513414e-02,1.936923e-01,8.712483e-02,4.061189e-02,1.422879e-02,1.510659e-03,1.514655e-02,1.198642e-01,3.243741e-02,4.169447e-02,8.627788e-03,6.989901e-03,6.591435e-02,4.353456e-02
2.532064e-01,8.277586e-02,2.013850e-01,9.041691e-02,3.316024e-02,1.500083e-02,1.598002e-03,1.421866e-02,1.170683e-01,3.051752e-02,3.310654e-02,7.786016e-03,6.396410e-03,5.994399e-02,5.341922e-02
2.519788e-01,6.974818e-02,2.421076e-01,8.015482e-02,3.135211e-02,1.261271e-02,1.525856e-03,2.257425e-02,1.252904e-01,3.112401e-02,2.498151e-02,6.314862e-03,5.290051e-03,4.884898e-02,4.609592e-02
2.590308e-01,6.080025e-02,3.006239e-01,6.511602e-02,2.470082e-02,1.221211e-02,1.773821e-03,2.903984e-02,1.054740e-01,2.479650e-02,1.904996e-02,5.323303e-03,4.264995e-03,4.837285e-02,3.942091e-02
2.727646e-01,5.149847e-02,3.068578e-01,5.193545e-02,1.866281e-02,1.059922e-02,2.013222e-03,7.664042e-02,8.537118e-02,1.984841e-02,1.438405e-02,4.180732e-03,3.283741e-03,5.051924e-02,3.144072e-02
2.962679e-01,4.209951e-02,2.719431e-01,4.036624e-02,1.377572e-02,9.775452e-03,2.454894e-03,1.468524e-01,6.821593e-02,1.573135e-02,1.100691e-02,3.513169e-03,2.551231e-03,4.919603e-02,2.625021e-02
3.276862e-01,3.641249e-02,2.260118e-01,3.246460e-02,1.060215e-02,9.337379e-03,2.877156e-03,2.098036e-01,5.425018e-02,1.200453e-02,8.464644e-03,3.334176e-03,2.223308e-03,4.123231e-02,2.329547e-02
3.383614e-01,4.220863e-02,2.067946e-01,2.504218e-02,8.921774e-03,9.280727e-03,4.162213e-03,2.367289e-01,4.604819e-02,9.434275e-03,6.629503e-03,2.905783e-03,1.941950e-03,3.999351e-02,2.154629e-02
3.031144e-01,5.051655e-02,1.773443e-01,1.950081e-02,8.874675e-03,9.547560e-03,5.366159e-03,3.010505e-01,4.577907e-02,7.344008e-03,5.116905e-03,2.603102e-03,1.793818e-03,4.376002e-02,1.828812e-02
2.640791e-01,3.808872e-02,1.428026e-01,1.677768e-02,7.068448e-03,8.595892e-03,4.302373e-03,4.216875e-01,3.519914e-02,5.670425e-03,3.839846e-03,2.697144e-03,1.560039e-03,3.305190e-02,1.457916e-02
2.861575e-01,2.928845e-02,1.823777e-01,1.361119e-02,5.116579e-03,8.200610e-03,3.319853e-03,3.311526e-01,3.909330e-02,2.022741e-02,1.243659e-02,5.258263e-03,2.225430e-03,4.642575e-02,1.510870e-02
2.596798e-01,2.262472e-02,2.127048e-01,1.108737e-02,3.691951e-03,6.961569e-03,2.617350e-03,2.430940e-01,5.540692e-02,2.614077e-02,5.744217e-02,7.695622e-03,2.404381e-03,6.047887e-02,2.796972e-02
3.211421e-01,1.729709e-02,2.048349e-01,1.040753e-02,2.724387e-03,6.678117e-03,2.097668e-03,1.819085e-01,4.861944e-02,2.445524e-02,7.449715e-02,1.028397e-02,3.731929e-03,6.840836e-02,2.291355e-02
4.609176e-01,1.336990e-02,1.479304e-01,9.288765e-03,2.148777e-03,6.963615e-03,1.648425e-03,1.311107e-01,3.702097e-02,1.972170e-02,7.184777e-02,1.221927e-02,4.449929e-03,6.133427e-02,2.002796e-02
4.293048e-01,1.149142e-02,1.076738e-01,8.132157e-03,1.680761e-03,6.598484e-03,1.243152e-03,9.641551e-02,2.994782e-02,1.528948e-02,1.875122e-01,1.501010e-02,4.892766e-03,6.969493e-02,1.511268e-02
3.168707e-01,1.178797e-02,7.850227e-02,8.310650e-03,1.495118e-03,5.790979e-03,9.190177e-04,7.011198e-02,2.607957e-02,1.208026e-02,3.487824e-01,1.644547e-02,4.213682e-03,8.652470e-02,1.208515e-02
2.404352e-01,1.192594e-02,5.581834e-02,7.963534e-03,7.923879e-03,4.961171e-03,8.741744e-04,5.454914e-02,6.139491e-02,1.191687e-02,4.007753e-01,2.615613e-02,4.216420e-03,1.010740e-01,1.001502e-02
2.229988e-01,1.000755e-02,4.041238e-02,7.384414e-03,6.957462e-03,4.548114e-03,9.196537e-04,4.029372e-02,6.246804e-02,1.212537e-02,4.383823e-01,2.194266e-02,3.427904e-03,1.204376e-01,7.693983e-03
2.054307e-01,1.575118e-02,3.482822e-02,1.155883e-02,1.769711e-02,6.687103e-03,1.019683e-03,3.039404e-02,5.126918e-02,1.122126e-02,4.460174e-01,2.157460e-02,2.649205e-03,1.370713e-01,6.830201e-03
2.648243e-01,1.813039e-02,2.811871e-02,1.838878e-02,1.868098e-02,1.378382e-02,1.115393e-03,2.282251e-02,4.154156e-02,9.459830e-03,3.951800e-01,1.698319e-02,2.648914e-03,1.392039e-01,9.117642e-03
2.342315e-01,1.729376e-02,2.209148e-02,2.664078e-02,1.992434e-02,1.587836e-02,1.460502e-03,1.751768e-02,4.001778e-02,1.046231e-02,4.006985e-01,1.357971e-02,3.405149e-03,1.677363e-01,9.061756e-03
1.772935e-01,1.540567e-02,1.804617e-02,2.148371e-02,1.724701e-02,1.988615e-02,1.547639e-03,1.519620e-02,5.493126e-02,1.051378e-02,4.249878e-01,1.161794e-02,3.016281e-03,2.015302e-01,7.296673e-03
1.271920e-01,1.518918e-02,1.667466e-02,1.699603e-02,1.624553e-02,2.414776e-02,1.432804e-03,1.860803e-02,9.503090e-02,1.164553e-02,3.935044e-01,1.062562e-02,3.243029e-03,2.427773e-01,6.687141e-03
9.111906e-02,2.259254e-02,1.770461e-02,1.251557e-02,1.755965e-02,2.553147e-02,1.215279e-03,1.483488e-02,1.258423e-01,1.401819e-02,3.266002e-01,9.519272e-03,2.734807e-03,3.115209e-01,6.691189e-03
6.564650e-02,5.781938e-02,3.105528e-02,9.168198e-03,1.662391e-02,2.227507e-02,9.434724e-04,1.150656e-02,1.402151e-01,1.108168e-02,2.418064e-01,6.916963e-03,2.166196e-03,3.749184e-01,7.856883e-03
4.978888e-02,5.654663e-02,2.940147e-02,7.381121e-03,1.581293e-02,3.159562e-02,7.965692e-04,1.088213e-02,1.950810e-01,1.094612e-02,1.960338e-01,5.467514e-03,2.352060e-03,3.743764e-01,1.353774e-02
3.802709e-02,4.769597e-02,2.500402e-02,8.065855e-03,1.387080e-02,4.966534e-02,7.952388e-04,2.226257e-02,3.228116e-01,1.028797e-02,1.455605e-01,4.792658e-03,3.430227e-03,2.967300e-01,1.100014e-02
2.785392e-02,3.856247e-02,1.916348e-02,6.782713e-03,1.822129e-02,5.369669e-02,1.192308e-03,2.447855e-02,4.551133e-01,9.137047e-03,1.082316e-01,4.540055e-03,5.006704e-03,2.194825e-01,8.537315e-03
2.005083e-02,2.970525e-02,1.354665e-02,5.010520e-03,1.624242e-02,3.909170e-02,1.125745e-03,1.950889e-02,6.022737e-01,6.651594e-03,7.717263e-02,4.470558e-03,4.193007e-03,1.547570e-01,6.199492e-03
1.422342e-02,2.359395e-02,9.585003e-03,4.100110e-03,1.538780e-02,3.066857e-02,8.947843e-04,1.446190e-02,7.086883e-01,4.819077e-03,5.420620e-02,3.217394e-03,3.038086e-03,1.085510e-01,4.564363e-03
1.085221e-02,1.818516e-02,6.942718e-03,5.643392e-03,2.092421e-02,2.374288e-02,9.604810e-04,1.177310e-02,7.705606e-01,5.441983e-03,3.818168e-02,2.445144e-03,2.626684e-03,7.605590e-02,5.663870e-03
1.187943e-02,1.524530e-02,6.981792e-03,5.049919e-02,5.495641e-02,1.896113e-02,1.118729e-03,4.501895e-02,6.974132e-01,5.181051e-03,2.786081e-02,2.128727e-03,2.913762e-03,5.333468e-02,6.506841e-03
1.497797e-02,1.265749e-02,5.325927e-03,4.517468e-02,1.218427e-01,1.516588e-02,1.842469e-03,6.388042e-02,6.473964e-01,4.135282e-03,1.975026e-02,1.578203e-03,2.348677e-03,3.742617e-02,6.497477e-03
2.280281e-02,1.250532e-02,4.490814e-03,4.150081e-02,1.746202e-01,1.267170e-02,2.601438e-03,7.754177e-02,5.921438e-01,4.526203e-03,1.440737e-02,1.285526e-03,2.013788e-03,2.639585e-02,1.049259e-02
3.473728e-02,1.860874e-02,2.456755e-02,9.211690e-02,1.824904e-01,1.009658e-02,3.108582e-03,1.077047e-01,4.636596e-01,7.760978e-03,1.094287e-02,1.242125e-03,1.815074e-03,1.868721e-02,2.246136e-02
6.446563e-02,2.415303e-02,1.928666e-02,8.099882e-02,2.069766e-01,8.355079e-03,3.407029e-03,1.109588e-01,4.332948e-01,6.461176e-03,8.101244e-03,1.134446e-03,1.530606e-03,1.315539e-02,1.772065e-02
9.469548e-02,5.710763e-02,1.652067e-02,7.579130e-02,1.870412e-01,8.306943e-03,3.407989e-03,9.870025e-02,4.042613e-01,9.405219e-03,6.484895e-03,1.311439e-03,1.572533e-03,9.456417e-03,2.593682e-02
1.694907e-01,5.424953e-02,1.284178e-02,6.636199e-02,1.903057e-01,1.033881e-02,4.690827e-03,8.819196e-02,3.573474e-01,8.063916e-03,5.514442e-03,1.577050e-03,1.774618e-03,6.759224e-03,2.249205e-02
1.418563e-01,3.969737e-02,9.473485e-03,5.329632e-02,1.672737e-01,7.963415e-03,4.660787e-03,2.826238e-01,2.601944e-01,5.723396e-03,4.015494e-03,1.183009e-03,1.339800e-03,4.757897e-03,1.594077e-02
1.174960e-01,2.825326e-02,7.372236e-03,4.056463e-02,1.244573e-01,6.201894e-03,4.022731e-03,4.629717e-01,1.847361e-01,4.088452e-03,3.262139e-03,9.050523e-04,1.028787e-03,3.364822e-03,1.127499e-02
9.280175e-02,1.989231e-02,5.323647e-03,2.875167e-02,8.931668e-02,4.640811e-03,3.017666e-03,6.090422e-01,1.300060e-01,2.881289e-03,2.559364e-03,6.896074e-04,7.872031e-04,2.366045e-03,7.923800e-03
7.001308e-02,1.401976e-02,3.861899e-03,2.022847e-02,6.333148e-02,3.360682e-03,2.266864e-03,7.195211e-01,9.120467e-02,2.025832e-03,1.858008e-03,4.959878e-04,5.784563e-04,1.660970e-03,5.572722e-03
5.756025e-02,9.925785e-03,2.920757e-03,1.427908e-02,4.486633e-02,3.147628e-03,1.776153e-03,7.926447e-01,6.397806e-02,1.431047e-03,1.424545e-03,4.033783e-04,4.726424e-04,1.173426e-03,3.996242e-03
5.615627e-02,7.170212e-03,2.674751e-03,1.121890e-02,3.206421e-02,4.288042e-03,1.618556e-03,7.373241e-01,4.532785e-02,1.519084e-03,2.872899e-02,2.069380e-02,4.515181e-02,1.598126e-03,4.465374e-03
4.118123e-02,5.138936e-03,2.111145e-03,9.137563e-03,2.270502e-02,4.236478e-03,1.370667e-03,5.839409e-01,3.233616e-02,2.734063e-03,4.204622e-02,2.138709e-02,2.054380e-01,3.635237e-03,2.260127e-02
3.462106e-02,3.735663e-03,1.743437e-03,7.776365e-03,1.657273e-02,4.300632e-03,1.356556e-03,4.317118e-01,2.361767e-02,4.369643e-03,4.473495e-02,8.196270e-02,3.220047e-01,5.173685e-03,1.631844e-02
3.594815e-02,2.817165e-03,1.491582e-03,6.719185e-03,1.209058e-02,1.790613e-02,2.363587e-03,3.132799e-01,1.908299e-02,4.626133e-03,4.159935e-02,2.367453e-01,2.803160e-01,1.293695e-02,1.207704e-02
3.340875e-02,2.115901e-03,1.208131e-03,5.781083e-03,8.839699e-03,1.558932e-02,2.329736e-03,2.241862e-01,1.662977e-02,7.786058e-03,3.794596e-02,3.207145e-01,2.886518e-01,2.460891e-02,1.020418e-02
2.533427e-02,1.661106e-03,1.168701e-03,5.055405e-03,7.670305e-03,1.189528e-02,1.831028e-03,1.582239e-01,1.615379e-02,1.705441e-02,3.988649e-02,4.167142e-01,2.557130e-01,3.232901e-02,9.309220e-03
1.782430e-02,1.770284e-03,1.923395e-03,3.676644e-03,6.723949e-03,8.411119e-03,1.364078e-03,1.109800e-01,1.267145e-02,3.120387e-02,3.655140e-02,5.085133e-01,1.970042e-01,5.407927e-02,7.302724e-03
1.267973e-02,1.921792e-03,2.241605e-03,2.907557e-03,6.007665e-03,6.285672e-03,1.037077e-03,7.797657e-02,9.556269e-03,3.827509e-02,3.194697e-02,6.135095e-01,1.447207e-01,4.563668e-02,5.297131e-03
9.787323e-03,1.706981e-03,2.039247e-03,2.291866e-03,5.634600e-03,5.883266e-03,9.312936e-04,5.509725e-02,6.885674e-03,3.839077e-02,3.949662e-02,6.888462e-01,1.042267e-01,3.492949e-02,3.852705e-03
7.311758e-03,1.017723e-02,4.220091e-03,1.713443e-03,9.959936e-03,4.553606e-03,6.994389e-04,3.891537e-02,5.407143e-03,3.210887e-02,5.631588e-02,7.088872e-01,7.526094e-02,4.165189e-02,2.817204e-03
5.445017e-03,7.445957e-03,3.389212e-03,1.244862e-03,7.126818e-03,3.440056e-03,4.987055e-04,2.735717e-02,5.634389e-03,2.489365e-02,1.832782e-01,6.283026e-01,5.324772e-02,4.659849e-02,2.097207e-03
4.394908e-03,4.649537e-02,1.040946e-02,1.537615e-03,1.369089e-02,3.317819e-03,4.144969e-04,1.953651e-02,1.807492e-02,2.161007e-02,2.205391e-01,5.382090e-01,3.892503e-02,6.079687e-02,2.047947e-03
7.352890e-03,5.347691e-02,5.297026e-02,7.346966e-03,2.601112e-02,4.562601e-03,6.430862e-04,1.815992e-02,2.605237e-02,1.955303e-02,2.334359e-01,4.674687e-01,2.783870e-02,5.315580e-02,1.971676e-03
1.714979e-02,4.983750e-02,7.789485e-02,1.991733e-02,3.014845e-02,5.254894e-02,2.436494e-03,3.360563e-02,4.034641e-02,2.635965e-02,1.913536e-01,3.871641e-01,2.015065e-02,4.898195e-02,2.104577e-03
2.670242e-02,4.122859e-02,9.204345e-02,2.706717e-02,3.048452e-02,1.098418e-01,3.090870e-03,3.861562e-02,4.860527e-02,2.909451e-02,1.750591e-01,3.146534e-01,1.460623e-02,4.575602e-02,3.151000e-03
4.630744e-02,3.155701e-02,8.824433e-02,2.286303e-02,2.563246e-02,1.946117e-01,2.753640e-03,3.440506e-02,4.747796e-02,3.265473e-02,1.754118e-01,2.320092e-01,1.079236e-02,4.945624e-02,5.822912e-03
5.967388e-02,2.672153e-02,9.597298e-02,2.047512e-02,2.199129e-02,2.001697e-01,3.142802e-03,3.035477e-02,3.974692e-02,3.784852e-02,2.014863e-01,1.875690e-01,8.965115e-03,5.675223e-02,9.129832e-03
7.344539e-02,2.626016e-02,1.157715e-01,1.895342e-02,1.899355e-02,2.159526e-01,2.687642e-03,2.726240e-02,3.795991e-02,4.200863e-02,2.052388e-01,1.385507e-01,7.755594e-03,5.759905e-02,1.156054e-02
7.204212e-02,2.843596e-02,9.019691e-02,1.443915e-02,1.692901e-02,1.657100e-01,2.022105e-03,2.132491e-02,3.376711e-02,4.995088e-02,2.976586e-01,1.039625e-01,7.213389e-03,8.630517e-02,1.004212e-02
6.376053e-02,2.765800e-02,7.520021e-02,1.120660e-02,1.388258e-02,1.227759e-01,1.591227e-03,1.711715e-02,4.380094e-02,4.971568e-02,3.547859e-01,8.011707e-02,6.242552e-03,1.224099e-01,9.735735e-03
5.381593e-02,3.527862e-02,7.513989e-02,1.914165e-02,1.336198e-02,9.074169e-02,1.949745e-03,6.627201e-02,7.258223e-02,4.374733e-02,3.421090e-01,5.945433e-02,5.336174e-03,1.137194e-01,7.350101e-03
4.536149e-02,3.901519e-02,6.975804e-02,1.933611e-02,1.137334e-02,8.098438e-02,1.604559e-03,8.315320e-02,8.722705e-02,4.036855e-02,3.414454e-01,4.485976e-02,4.098990e-03,1.258637e-01,5.550191e-03
3.858137e-02,4.604745e-02,5.569459e-02,1.770364e-02,9.768356e-03,6.529050e-02,1.174715e-03,6.165962e-02,1.250282e-01,4.440909e-02,3.532574e-01,3.614047e-02,3.099740e-03,1.372835e-01,4.861316e-03
3.950534e-02,1.459145e-01,4.591507e-02,1.556798e-02,1.124886e-02,6.972761e-02,9.708853e-04,4.745806e-02,1.365054e-01,3.980425e-02,3.038998e-01,2.627587e-02,2.355557e-03,1.078037e-01,7.047191e-03
3.862820e-02,1.399699e-01,4.153243e-02,1.518271e-02,1.205695e-02,8.419459e-02,7.145518e-04,3.506944e-02,1.875848e-01,3.703601e-02,2.842683e-01,1.876743e-02,1.753111e-03,9.522055e-02,8.020991e-03
