1.000000e+00,0.000000e+00,0.000000e+00,0.000000e+00,0.000000e+00,0.000000e+00,0.000000e+00,0.000000e+00,0.000000e+00,0.000000e+00,0.000000e+00,0.000000e+00,0.000000e+00,0.000000e+00,0.000000e+00
1.000000e+00,0.000000e+00,0.000000e+00,0.000000e+00,0.000000e+00,0.000000e+00,0.000000e+00,0.000000e+00,0.000000e+00,0.000000e+00,0.000000e+00,0.000000e+00,0.000000e+00,0.000000e+00,0.000000e+00
1.000000e+00,0.000000e+00,0.000000e+00,0.000000e+00,0.000000e+00,0.000000e+00,0.000000e+00,0.000000e+00,0.000000e+00,0.000000e+00,0.000000e+00,0.000000e+00,0.000000e+00,0.000000e+00,0.000000e+00
1.000000e+00,0.000000e+00,0.000000e+00,0.000000e+00,0.000000e+00,0.000000e+00,0.000000e+00,0.000000e+00,0.000000e+00,0.000000e+00,0.000000e+00,0.000000e+00,0.000000e+00,0.000000e+00,0.000000e+00
1.000000e+00,0.000000e+00,0.000000e+00,0.000000e+00,0.000000e+00,0.000000e+00,0.000000e+00,0.000000e+00,0.000000e+00,0.000000e+00,0.000000e+00,0.000000e+00,0.000000e+00,0.000000e+00,0.000000e+00
1.000000e+00,0.000000e+00,0.000000e+00,0.000000e+00,0.000000e+00,0.000000e+00,0.000000e+00,0.000000e+00,0.000000e+00,0.000000e+00,0.000000e+00,0.000000e+00,0.000000e+00,0.000000e+00,0.000000e+00
1.000000e+00,0.000000e+00,0.000000e+00,0.000000e+00,0.000000e+00,0.000000e+00,0.000000e+00,0.000000e+00,0.000000e+00,0.000000e+00,0.000000e+00,0.000000e+00,0.000000e+00,0.000000e+00,0.000000e+00
1.000000e+00,0.000000e+00,0.000000e+00,0.000000e+00,0.000000e+00,0.000000e+00,0.000000e+00,0.000000e+00,0.000000e+00,0.000000e+00,0.000000e+00,0.000000e+00,0.000000e+00,0.000000e+00,0.000000e+00
1.000000e+00,0.000000e+00,0.000000e+00,0.000000e+00,0.000000e+00,0.000000e+00,0.000000e+00,0.000000e+00,0.000000e+00,0.000000e+00,0.000000e+00,0.000000e+00,0.000000e+00,0.000000e+00,0.000000e+00
1.000000e+00,0.000000e+00,0.000000e+00,0.000000e+00,0.000000e+00,0.000000e+00,0.000000e+00,0.000000e+00,0.000000e+00,0.000000e+00,0.000000e+00,0.000000e+00,0.000000e+00,0.000000e+00,0.000000e+00
1.000000e+00,0.000000e+00,0.000000e+00,0.000000e+00,0.000000e+00,0.000000e+00,0.000000e+00,0.000000e+00,0.000000e+00,0.000000e+00,0.000000e+00,0.000000e+00,0.000000e+00,0.000000e+00,0.000000e+00
1.000000e+00,0.000000e+00,0.000000e+00,0.000000e+00,0.000000e+00,0.000000e+00,0.000000e+00,0.000000e+00,0.000000e+00,0.000000e+00,0.000000e+00,0.000000e+00,0.000000e+00,0.000000e+00,0.000000e+00
1.000000e+00,0.000000e+00,0.000000e+00,0.000000e+00,0.000000e+00,0.000000e+00,0.000000e+00,0.000000e+00,0.000000e+00,0.000000e+00,0.000000e+00,0.000000e+00,0.000000e+00,0.000000e+00,0.000000e+00
1.000000e+00,0.000000e+00,0.000000e+00,0.000000e+00,0.000000e+00,0.000000e+00,0.000000e+00,0.000000e+00,0.000000e+00,0.000000e+00,0.000000e+00,0.000000e+00,0.000000e+00,0.000000e+00,0.000000e+00
1.000000e+00,0.000000e+00,0.000000e+00,0.000000e+00,0.000000e+00,0.000000e+00,0.000000e+00,0.000000e+00,0.000000e+00,0.000000e+00,0.000000e+00,0.000000e+00,0.000000e+00,0.000000e+00,0.000000e+00
1.000000e+00,0.000000e+00,0.000000e+00,0.000000e+00,0.000000e+00,0.000000e+00,0.000000e+00,0.000000e+00,0.000000e+00,0.000000e+00,0.000000e+00,0.000000e+00,0.000000e+00,0.000000e+00,0.000000e+00
1.000000e+00,0.000000e+00,0.000000e+00,0.000000e+00,0.000000e+00,0.000000e+00,0.000000e+00,0.000000e+00,0.000000e+00,0.000000e+00,0.000000e+00,0.000000e+00,0.000000e+00,0.000000e+00,0.000000e+00
1.000000e+00,0.000000e+00,0.000000e+00,0.000000e+00,0.000000e+00,0.000000e+00,0.000000e+00,0.000000e+00,0.000000e+00,0.000000e+00,0.000000e+00,0.000000e+00,0.000000e+00,0.000000e+00,0.000000e+00
1.000000e+00,0.000000e+00,0.000000e+00,0.000000e+00,0.000000e+00,0.000000e+00,0.000000e+00,0.000000e+00,0.000000e+00,0.000000e+00,0.000000e+00,0.000000e+00,0.000000e+00,0.000000e+00,0.000000e+00
1.000000e+00,0.000000e+00,0.000000e+00,0.000000e+00,0.000000e+00,0.000000e+00,0.000000e+00,0.000000e+00,0.000000e+00,0.000000e+00,0.000000e+00,0.000000e+00,0.000000e+00,0.000000e+00,0.000000e+00
1.000000e+00,0.000000e+00,0.000000e+00,0.000000e+00,0.000000e+00,0.000000e+00,0.000000e+00,0.000000e+00,0.000000e+00,0.000000e+00,0.000000e+00,0.000000e+00,0.000000e+00,0.000000e+00,0.000000e+00
1.000000e+00,0.000000e+00,0.000000e+00,0.000000e+00,0.000000e+00,0.000000e+00,0.000000e+00,0.000000e+00,0.000000e+00,0.000000e+00,0.000000e+00,0.000000e+00,0.000000e+00,0.000000e+00,0.000000e+00
1.000000e+00,0.000000e+00,0.000000e+00,0.000000e+00,0.000000e+00,0.000000e+00,0.000000e+00,0.000000e+00,0.000000e+00,0.000000e+00,0.000000e+00,0.000000e+00,0.000000e+00,0.000000e+00,0.000000e+00
1.000000e+00,0.000000e+00,0.000000e+00,0.000000e+00,0.000000e+00,0.000000e+00,0.000000e+00,0.000000e+00,0.000000e+00,0.000000e+00,0.000000e+00,0.000000e+00,0.000000e+00,0.000000e+00,0.000000e+00
1.000000e+00,0.000000e+00,0.000000e+00,0.000000e+00,0.000000e+00,0.000000e+00,0.000000e+00,0.000000e+00,0.000000e+00,0.000000e+00,0.000000e+00,0.000000e+00,0.000000e+00,0.000000e+00,0.000000e+00
1.000000e+00,0.000000e+00,0.000000e+00,0.000000e+00,0.000000e+00,0.000000e+00,0.000000e+00,0.000000e+00,0.000000e+00,0.000000e+00,0.000000e+00,0.000000e+00,0.000000e+00,0.000000e+00,0.000000e+00
1.000000e+00,0.000000e+00,0.000000e+00,0.000000e+00,0.000000e+00,0.000000e+00,0.000000e+00,0.000000e+00,0.000000e+00,0.000000e+00,0.000000e+00,0.000000e+00,0.000000e+00,0.000000e+00,0.000000e+00
1.000000e+00,0.000000e+00,0.000000e+00,0.000000e+00,0.000000e+00,0.000000e+00,0.000000e+00,0.000000e+00,0.000000e+00,0.000000e+00,0.000000e+00,0.000000e+00,0.000000e+00,0.000000e+00,0.000000e+00
1.000000e+00,0.000000e+00,0.000000e+00,0.000000e+00,0.000000e+00,0.000000e+00,0.000000e+00,0.000000e+00,0.000000e+00,0.000000e+00,0.000000e+00,0.000000e+00,0.000000e+00,0.000000e+00,0.000000e+00
1.000000e+00,0.000000e+00,0.000000e+00,0.000000e+00,0.000000e+00,0.000000e+00,0.000000e+00,0.000000e+00,0.000000e+00,0.000000e+00,0.000000e+00,0.000000e+00,0.000000e+00,0.000000e+00,0.000000e+00
1.000000e+00,0.000000e+00,0.000000e+00,0.000000e+00,0.000000e+00,0.000000e+00,0.000000e+00,0.000000e+00,0.000000e+00,0.000000e+00,0.000000e+00,0.000000e+00,0.000000e+00,0.000000e+00,0.000000e+00
1.000000e+00,0.000000e+00,0.000000e+00,0.000000e+00,0.000000e+00,0.000000e+00,0.000000e+00,0.000000e+00,0.000000e+00,0.000000e+00,0.000000e+00,0.000000e+00,0.000000e+00,0.000000e+00,0.000000e+00
1.000000e+00,0.000000e+00,0.000000e+00,0.000000e+00,0.000000e+00,0.000000e+00,0.000000e+00,0.000000e+00,0.000000e+00,0.000000e+00,0.000000e+00,0.000000e+00,0.000000e+00,0.000000e+00,0.000000e+00
1.000000e+00,0.000000e+00,0.000000e+00,0.000000e+00,0.000000e+00,0.000000e+00,0.000000e+00,0.000000e+00,0.000000e+00,0.000000e+00,0.000000e+00,0.000000e+00,0.000000e+00,0.000000e+00,0.000000e+00
1.000000e+00,0.000000e+00,0.000000e+00,0.000000e+00,0.000000e+00,0.000000e+00,0.000000e+00,0.000000e+00,0.000000e+00,0.000000e+00,0.000000e+00,0.000000e+00,0.000000e+00,0.000000e+00,0.000000e+00
1.000000e+00,0.000000e+00,0.000000e+00,0.000000e+00,0.000000e+00,0.000000e+00,0.000000e+00,0.000000e+00,0.000000e+00,0.000000e+00,0.000000e+00,0.000000e+00,0.000000e+00,0.000000e+00,0.000000e+00
1.000000e+00,0.000000e+00,0.000000e+00,0.000000e+00,0.000000e+00,0.000000e+00,0.000000e+00,0.000000e+00,0.000000e+00,0.000000e+00,0.000000e+00,0.000000e+00,0.000000e+00,0.000000e+00,0.000000e+00
4.455797e-01,5.984472e-02,3.046538e-02,8.222019e-02,9.020774e-03,3.220327e-02,5.514605e-03,1.419497e-02,2.447765e-02,9.695287e-03,4.358432e-02,2.468625e-02,1.175844e-02,3.302636e-02,1.737281e-01
3.832610e-01,5.698789e-02,2.764082e-02,7.801600e-02,8.213071e-03,3.016973e-02,4.495550e-03,1.217600e-02,2.873874e-02,1.121653e-02,4.450837e-02,2.132725e-02,1.147396e-02,5.176589e-02,2.300092e-01
3.084236e-01,5.528887e-02,2.392520e-02,7.406768e-02,7.058634e-03,2.795543e-02,3.690647e-03,1.030183e-02,3.013666e-02,1.250136e-02,4.759599e-02,2.150773e-02,1.292000e-02,7.459623e-02,2.900302e-01
3.136324e-01,5.426636e-02,2.178365e-02,6.884042e-02,6.821370e-03,2.687842e-02,3.140557e-03,8.959450e-03,2.860052e-02,1.213279e-02,5.165860e-02,2.269371e-02,1.357741e-02,8.432776e-02,2.826866e-01
2.967717e-01,5.616314e-02,1.895770e-02,6.532598e-02,6.695988e-03,2.542599e-02,2.833379e-03,8.114681e-03,2.634413e-02,1.179006e-02,5.117659e-02,2.395350e-02,1.502816e-02,9.978666e-02,2.916323e-01
2.446358e-01,5.924294e-02,2.245049e-02,6.261493e-02,7.025099e-03,2.532436e-02,2.979797e-03,8.272681e-03,2.591943e-02,1.263838e-02,5.197068e-02,2.625658e-02,1.872129e-02,1.137373e-01,3.182102e-01
2.031662e-01,5.877245e-02,2.868442e-02,6.683398e-02,7.634329e-03,2.216133e-02,2.902657e-03,8.663667e-03,3.007569e-02,1.350432e-02,5.055552e-02,2.669948e-02,2.089566e-02,1.144270e-01,3.450233e-01
2.074871e-01,6.040940e-02,2.904289e-02,6.856777e-02,8.646523e-03,2.141891e-02,3.120237e-03,9.124630e-03,2.959768e-02,1.306534e-02,4.505313e-02,3.110079e-02,2.828904e-02,1.004829e-01,3.445936e-01
3.435521e-01,5.191273e-02,2.332876e-02,5.895153e-02,7.984809e-03,2.056690e-02,3.139972e-03,9.121497e-03,2.475955e-02,1.052246e-02,3.791024e-02,2.992292e-02,2.761950e-02,7.820845e-02,2.724986e-01
4.045097e-01,4.688435e-02,1.926394e-02,5.438218e-02,7.825581e-03,2.121515e-02,3.301858e-03,9.293067e-03,2.643267e-02,9.538426e-03,3.423081e-02,3.070269e-02,3.110784e-02,6.532651e-02,2.359852e-01
4.136634e-01,4.744088e-02,2.464586e-02,5.543663e-02,9.470606e-03,2.916835e-02,4.486550e-03,1.213146e-02,2.583589e-02,8.732909e-03,3.850685e-02,3.950245e-02,3.385247e-02,5.648001e-02,2.006456e-01
4.031277e-01,4.435469e-02,2.870923e-02,5.704546e-02,9.613903e-03,3.052599e-02,4.414132e-03,1.469772e-02,2.922692e-02,9.097373e-03,3.604664e-02,4.278779e-02,3.862690e-02,5.619553e-02,1.955300e-01
4.437423e-01,4.210398e-02,2.857521e-02,5.887051e-02,9.860486e-03,3.395426e-02,5.958951e-03,1.555864e-02,2.664421e-02,8.486874e-03,3.127379e-02,4.299138e-02,3.883545e-02,4.369454e-02,1.694494e-01
1.000000e+00,0.000000e+00,0.000000e+00,0.000000e+00,0.000000e+00,0.000000e+00,0.000000e+00,0.000000e+00,0.000000e+00,0.000000e+00,0.000000e+00,0.000000e+00,0.000000e+00,0.000000e+00,0.000000e+00
1.000000e+00,0.000000e+00,0.000000e+00,0.000000e+00,0.000000e+00,0.000000e+00,0.000000e+00,0.000000e+00,0.000000e+00,0.000000e+00,0.000000e+00,0.000000e+00,0.000000e+00,0.000000e+00,0.000000e+00
1.000000e+00,0.000000e+00,0.000000e+00,0.000000e+00,0.000000e+00,0.000000e+00,0.000000e+00,0.000000e+00,0.000000e+00,0.000000e+00,0.000000e+00,0.000000e+00,0.000000e+00,0.000000e+00,0.000000e+00
1.000000e+00,0.000000e+00,0.000000e+00,0.000000e+00,0.000000e+00,0.000000e+00,0.000000e+00,0.000000e+00,0.000000e+00,0.000000e+00,0.000000e+00,0.000000e+00,0.000000e+00,0.000000e+00,0.000000e+00
1.000000e+00,0.000000e+00,0.000000e+00,0.000000e+00,0.000000e+00,0.000000e+00,0.000000e+00,0.000000e+00,0.000000e+00,0.000000e+00,0.000000e+00,0.000000e+00,0.000000e+00,0.000000e+00,0.000000e+00
1.000000e+00,0.000000e+00,0.000000e+00,0.000000e+00,0.000000e+00,0.000000e+00,0.000000e+00,0.000000e+00,0.000000e+00,0.000000e+00,0.000000e+00,0.000000e+00,0.000000e+00,0.000000e+00,0.000000e+00
1.000000e+00,0.000000e+00,0.000000e+00,0.000000e+00,0.000000e+00,0.000000e+00,0.000000e+00,0.000000e+00,0.000000e+00,0.000000e+00,0.000000e+00,0.000000e+00,0.000000e+00,0.000000e+00,0.000000e+00
1.000000e+00,0.000000e+00,0.000000e+00,0.000000e+00,0.000000e+00,0.000000e+00,0.000000e+00,0.000000e+00,0.000000e+00,0.000000e+00,0.000000e+00,0.000000e+00,0.000000e+00,0.000000e+00,0.000000e+00
4.028688e-01,6.898859e-02,8.174289e-03,2.218129e-01,3.235981e-03,8.987170e-03,1.750374e-03,3.545910e-03,7.532741e-03,8.220755e-03,7.047458e-03,1.058040e-02,1.092423e-02,4.592479e-03,2.317379e-01
2.834404e-01,5.404693e-02,9.539754e-03,1.560834e-01,2.385204e-03,6.945116e-03,1.262313e-03,2.546131e-03,7.765463e-03,2.538186e-02,5.578828e-03,7.591622e-03,7.966487e-03,1.544161e-02,4.140249e-01
1.987743e-01,3.843299e-02,7.092891e-03,1.093926e-01,1.702236e-03,5.041587e-03,8.922561e-04,1.803879e-03,8.660041e-03,2.524002e-02,1.674507e-02,9.026309e-03,6.147128e-03,2.844395e-02,5.426048e-01
1.393624e-01,2.727293e-02,5.250705e-03,7.669373e-02,1.210147e-03,3.846910e-03,6.335142e-04,1.311986e-03,8.706345e-03,2.829686e-02,3.883738e-02,1.671630e-02,4.818711e-03,3.577709e-02,6.112651e-01
9.771854e-02,1.929428e-02,4.032394e-03,5.393520e-02,1.079598e-03,3.165515e-03,4.586311e-04,1.045760e-03,9.600714e-03,1.359163e-01,6.573147e-02,1.563467e-02,4.029932e-03,1.186590e-01,4.696980e-01
6.869441e-02,1.410020e-02,4.104973e-03,3.848719e-02,2.045879e-03,2.672764e-03,4.720367e-04,1.055884e-03,1.084503e-02,2.104917e-01,8.182986e-02,1.570044e-02,4.748306e-03,1.888623e-01,3.558891e-01
5.067196e-02,1.103950e-02,3.859933e-03,2.795882e-02,4.085500e-03,7.135088e-03,1.391743e-03,1.239766e-03,1.897558e-02,1.653389e-01,1.433940e-01,1.346499e-02,6.589491e-03,2.537572e-01,2.910976e-01
3.914934e-02,8.258307e-03,3.441250e-03,2.064121e-02,7.725779e-03,6.206519e-03,1.566191e-03,1.196495e-03,4.569089e-02,1.780702e-01,1.507857e-01,1.230975e-02,6.735438e-03,2.861737e-01,2.320492e-01
2.963225e-02,5.991121e-03,2.681567e-03,1.501353e-02,5.930962e-03,5.193659e-03,1.189586e-03,1.176389e-03,3.934655e-02,2.233735e-01,1.398412e-01,1.064584e-02,6.429340e-03,2.857781e-01,2.277764e-01
5.660273e-02,4.955817e-03,2.542237e-03,1.162462e-02,6.872834e-03,4.705326e-03,2.410338e-03,1.621618e-03,6.677791e-02,2.183260e-01,1.411669e-01,1.688135e-02,1.111328e-02,2.710648e-01,1.833343e-01
6.952713e-02,4.095353e-03,2.159012e-03,9.308803e-03,6.102693e-03,5.586021e-03,3.022549e-03,2.086628e-03,8.184075e-02,1.816846e-01,1.475663e-01,1.919115e-02,1.247423e-02,2.999490e-01,1.554058e-01
1.037001e-01,6.051893e-03,2.866126e-03,1.379266e-02,6.491254e-03,1.070157e-02,3.294391e-03,2.017788e-03,8.116566e-02,1.498006e-01,1.677165e-01,2.084742e-02,1.534268e-02,2.441912e-01,1.720202e-01
9.312880e-02,8.083804e-03,2.312096e-03,1.277999e-02,6.539764e-03,1.069967e-02,2.807714e-03,2.256233e-03,8.797402e-02,1.162468e-01,2.778500e-01,1.933409e-02,1.574778e-02,2.020652e-01,1.421740e-01
7.674057e-02,3.281282e-02,3.124786e-03,1.247964e-02,6.950653e-03,1.158592e-02,3.519050e-03,4.155307e-03,1.275006e-01,9.458555e-02,2.557722e-01,1.685869e-02,1.406103e-02,1.805584e-01,1.592947e-01
5.497260e-02,5.934584e-02,3.140421e-03,9.734671e-03,6.478416e-03,1.016988e-02,2.527749e-03,2.969929e-03,2.903234e-01,7.172932e-02,2.164665e-01,1.312212e-02,1.077047e-02,1.311914e-01,1.170573e-01
4.264909e-02,5.057872e-02,2.979202e-03,9.805935e-03,7.341754e-03,2.776888e-02,2.045381e-03,2.216886e-03,3.455215e-01,7.496364e-02,1.716486e-01,1.026922e-02,8.071215e-03,1.260971e-01,1.180428e-01
3.128049e-02,4.807634e-02,4.570091e-03,1.345355e-02,1.415423e-02,3.192257e-02,1.640402e-03,2.015823e-03,4.263920e-01,5.596817e-02,1.290901e-01,8.135644e-03,8.035105e-03,1.307966e-01,9.446887e-02
2.388330e-02,3.740181e-02,4.916947e-03,1.302510e-02,1.326258e-02,5.301035e-02,1.210475e-03,2.193002e-03,3.954583e-01,4.266389e-02,1.388624e-01,7.237108e-03,8.533332e-03,1.811737e-01,7.716765e-02
1.813872e-02,3.172931e-02,1.066362e-02,1.330465e-02,1.166961e-02,6.737190e-02,1.104037e-03,4.841651e-03,4.234594e-01,3.186040e-02,1.256578e-01,6.118735e-03,7.845378e-03,1.867616e-01,5.947322e-02
1.558863e-02,3.612654e-02,6.344061e-02,7.285845e-02,1.108438e-02,6.129213e-02,1.026119e-03,6.842343e-03,4.143130e-01,2.521545e-02,9.360009e-02,4.763663e-03,6.789995e-03,1.387841e-01,4.827456e-02
1.761906e-02,6.041187e-02,1.203412e-01,7.621828e-02,1.296983e-02,4.849945e-02,1.271632e-03,7.260915e-03,3.655581e-01,2.291524e-02,6.961853e-02,3.696389e-03,6.220365e-03,1.151134e-01,7.228579e-02
2.601945e-02,7.855535e-02,1.433182e-01,6.061481e-02,1.238510e-02,3.932052e-02,9.734370e-04,5.934853e-03,2.790009e-01,3.586654e-02,5.463541e-02,2.964151e-03,4.941155e-03,9.324469e-02,1.622255e-01
3.175804e-02,7.796308e-02,1.366802e-01,5.159839e-02,1.476701e-02,2.988153e-02,8.244030e-04,7.078672e-03,2.539542e-01,4.752530e-02,4.543439e-02,2.992447e-03,4.695497e-03,7.353576e-02,2.213111e-01
3.311412e-02,1.430403e-01,1.326395e-01,4.512175e-02,2.448675e-02,2.334416e-02,8.243091e-04,1.106519e-02,2.485114e-01,4.300439e-02,3.521678e-02,2.578695e-03,4.133164e-03,6.568891e-02,1.872305e-01
3.162656e-02,2.041301e-01,1.137297e-01,4.310833e-02,4.440521e-02,2.011614e-02,1.339074e-03,4.066130e-02,2.396563e-01,3.160780e-02,2.663328e-02,2.021945e-03,3.333229e-03,6.161300e-02,1.360182e-01
4.384720e-02,2.213129e-01,1.200090e-01,4.134633e-02,5.462296e-02,3.011389e-02,1.556441e-03,4.589535e-02,2.254581e-01,2.589670e-02,1.939748e-02,1.582684e-03,2.671236e-03,5.390248e-02,1.123873e-01
6.017955e-02,1.922587e-01,1.209115e-01,4.399047e-02,5.147175e-02,2.739787e-02,1.509670e-03,3.791792e-02,1.877653e-01,3.788703e-02,1.433385e-02,1.342333e-03,2.256679e-03,4.130913e-02,1.794683e-01
8.931983e-02,1.603365e-01,1.844832e-01,4.270397e-02,7.298018e-02,2.225466e-02,1.550527e-03,6.182408e-02,1.519787e-01,2.989225e-02,1.057519e-02,1.246292e-03,1.821622e-03,3.589218e-02,1.331408e-01
1.384417e-01,1.485197e-01,1.871998e-01,3.452675e-02,7.088512e-02,1.750064e-02,1.748948e-03,6.832653e-02,1.472769e-01,2.241130e-02,8.622199e-03,1.397560e-03,1.633007e-03,5.409259e-02,9.741718e-02
1.637723e-01,1.315026e-01,2.482592e-01,4.737078e-02,5.927445e-02,1.429153e-02,1.797209e-03,6.712504e-02,1.184828e-01,1.959591e-02,7.140209e-03,2.083191e-03,1.697754e-03,4.071245e-02,7.689451e-02
1.900920e-01,1.151120e-01,2.512879e-01,4.950810e-02,5.763257e-02,1.220264e-02,1.786082e-03,6.071703e-02,1.114703e-01,2.573308e-02,6.505302e-03,2.317692e-03,1.641200e-03,3.013204e-02,8.386210e-02
1.536490e-01,9.099872e-02,3.314930e-01,9.552974e-02,5.363080e-02,1.012017e-02,1.727299e-03,5.024908e-02,9.327456e-02,2.258680e-02,5.011252e-03,1.940189e-03,1.331520e-03,2.151029e-02,6.694759e-02
1.891181e-01,8.594598e-02,3.006697e-01,1.032760e-01,7.877305e-02,1.301588e-02,2.847976e-03,5.054958e-02,8.327777e-02,1.732962e-02,4.362354e-03,2.508399e-03,1.321897e-03,1.588664e-02,5.111716e-02
2.131228e-01,7.933617e-02,2.287892e-01,1.043189e-01,1.095641e-01,5.149267e-02,5.284006e-03,4.817679e-02,8.837570e-02,1.310952e-02,3.895680e-03,2.648679e-03,1.902790e-03,1.182418e-02,3.815892e-02
2.145578e-01,7.120736e-02,1.714393e-01,8.384714e-02,1.006011e-01,9.225899e-02,6.874723e-03,3.714489e-02,1.592467e-01,1.090556e-02,3.624923e-03,4.588061e-03,4.035484e-03,8.983366e-03,3.068456e-02
2.376917e-01,7.415710e-02,1.236828e-01,6.603120e-02,9.148200e-02,1.213677e-01,7.602720e-03,3.254579e-02,1.702897e-01,1.565935e-02,4.128534e-03,6.486909e-03,6.352443e-03,7.941460e-03,3.458062e-02
2.808023e-01,6.672928e-02,9.212372e-02,5.479719e-02,9.637028e-02,1.344542e-01,6.838674e-03,3.235372e-02,1.672822e-01,1.345968e-02,4.659539e-03,8.176106e-03,7.000086e-03,6.369058e-03,2.858403e-02
2.675373e-01,6.170096e-02,8.154359e-02,1.216572e-01,7.378261e-02,1.111600e-01,5.962715e-03,2.803242e-02,1.362045e-01,2.639810e-02,5.999090e-03,1.566586e-02,1.267106e-02,4.868560e-03,4.681613e-02
3.149411e-01,5.168423e-02,5.993472e-02,1.150225e-01,6.177029e-02,8.733989e-02,5.560294e-03,2.312942e-02,1.371358e-01,2.596227e-02,9.114784e-03,1.696712e-02,1.893090e-02,5.451478e-03,6.705523e-02
2.831831e-01,4.419693e-02,4.443206e-02,1.065451e-01,4.453656e-02,7.830212e-02,4.948826e-03,1.819046e-02,1.333412e-01,2.075269e-02,1.119946e-02,2.527252e-02,1.235073e-01,4.903429e-03,5.668841e-02
2.519513e-01,3.279648e-02,3.254836e-02,9.717534e-02,3.179607e-02,7.602955e-02,4.154357e-03,1.394504e-02,9.844381e-02,1.509850e-02,9.509268e-03,2.006773e-02,2.700815e-01,3.638574e-03,4.276410e-02
2.015116e-01,2.374925e-02,2.474135e-02,7.980219e-02,2.300042e-02,7.207363e-02,4.219223e-03,1.045441e-02,7.131238e-02,1.067640e-02,7.345300e-03,1.802331e-02,4.194524e-01,2.641945e-03,3.099615e-02
1.692608e-01,1.700141e-02,1.811637e-02,5.810685e-02,1.661993e-02,7.368253e-02,4.199867e-03,7.847235e-03,5.047588e-02,7.739715e-03,9.214809e-03,2.064436e-02,5.219979e-01,2.140534e-03,2.295169e-02
1.718668e-01,1.248717e-02,1.554466e-02,4.282106e-02,1.215126e-02,9.451430e-02,4.631579e-03,6.048664e-03,3.614339e-02,6.218825e-03,1.333393e-02,4.509787e-02,5.184169e-01,2.174075e-03,1.854949e-02
1.784219e-01,9.495776e-03,1.349457e-02,3.238181e-02,9.302477e-03,8.233821e-02,4.498234e-03,4.950221e-03,2.690288e-02,4.856329e-03,1.392343e-02,7.415482e-02,5.291042e-01,2.091286e-03,1.408378e-02
1.578526e-01,7.044114e-03,9.729343e-03,2.349823e-02,7.317304e-03,6.719431e-02,3.486595e-03,3.869680e-03,2.144304e-02,3.733285e-03,1.181225e-02,1.016381e-01,5.690893e-01,1.656278e-03,1.063557e-02
1.270277e-01,5.562207e-03,7.380225e-03,1.676057e-02,7.732410e-03,4.904230e-02,3.075776e-03,3.228848e-03,1.970265e-02,3.224213e-03,9.849947e-03,1.266007e-01,6.104966e-01,1.673332e-03,8.642465e-03
9.503485e-02,5.568900e-03,1.241369e-02,1.267640e-02,7.780986e-03,4.035450e-02,3.388362e-03,4.168910e-03,2.395023e-02,3.076902e-03,9.033531e-03,1.044767e-01,6.671970e-01,1.679586e-03,9.199423e-03
8.057131e-02,6.712651e-03,2.164401e-02,1.102940e-02,7.995431e-03,4.331760e-02,3.377037e-03,4.927272e-03,2.715214e-02,3.610190e-03,1.049910e-02,9.397531e-02,6.744547e-01,1.987703e-03,8.746180e-03
6.265736e-02,1.074035e-02,2.473103e-02,9.094615e-03,1.089637e-02,8.179875e-02,4.031288e-03,1.036972e-02,5.684661e-02,3.868520e-03,1.097938e-02,8.053368e-02,6.222721e-01,2.147220e-03,9.032998e-03
5.159296e-02,1.869138e-02,2.020884e-02,7.095527e-03,1.658991e-02,1.018513e-01,4.459559e-03,1.122746e-02,9.456662e-02,3.073039e-03,9.041643e-03,6.043068e-02,5.902671e-01,2.345421e-03,8.558551e-03
6.317453e-02,2.049463e-02,1.570852e-02,6.011683e-03,2.076400e-02,1.209152e-01,5.287339e-03,1.765710e-02,1.127632e-01,2.473173e-03,6.869129e-03,4.378654e-02,5.548351e-01,1.892878e-03,7.366899e-03
9.624138e-02,1.992404e-02,5.053787e-02,1.125620e-02,2.772229e-02,1.517770e-01,6.523190e-03,3.417229e-02,1.080621e-01,2.591807e-03,5.160084e-03,3.179675e-02,4.437057e-01,1.516070e-03,9.013142e-03
1.323661e-01,3.491502e-02,4.699414e-02,1.127433e-02,3.097584e-02,1.546135e-01,8.558750e-03,3.533363e-02,1.445705e-01,3.258173e-03,3.868880e-03,2.346106e-02,3.562227e-01,1.288174e-03,1.229913e-02
1.968048e-01,3.390732e-02,3.451015e-02,1.003412e-02,2.717917e-02,1.763900e-01,8.136849e-03,3.214450e-02,1.545527e-01,2.785108e-03,3.325965e-03,1.874673e-02,2.832652e-01,1.219146e-03,1.699828e-02
2.366579e-01,3.157764e-02,3.199252e-02,1.627161e-02,2.889827e-02,1.926396e-01,8.826036e-03,4.307556e-02,1.512819e-01,2.927213e-03,3.119506e-03,1.561395e-02,2.177795e-01,1.062879e-03,1.827579e-02
1.950194e-01,2.365523e-02,2.675047e-02,1.818407e-02,3.312211e-02,1.632626e-01,9.902081e-03,2.106732e-01,1.354019e-01,2.083784e-03,2.283785e-03,1.100938e-02,1.548024e-01,7.771357e-04,1.307238e-02
1.723890e-01,1.908555e-02,2.937030e-02,2.239138e-02,3.095099e-02,1.229340e-01,1.139767e-02,3.479959e-01,1.090100e-01,1.589920e-03,2.044673e-03,7.953666e-03,1.116553e-01,6.634780e-04,1.056813e-02
2.127529e-01,1.856704e-02,2.413983e-02,2.115757e-02,4.106563e-02,9.065005e-02,1.385065e-02,3.843810e-01,9.260324e-02,1.167955e-03,2.147940e-03,5.881991e-03,8.293852e-02,5.714843e-04,8.124234e-03
2.513214e-01,2.030601e-02,1.892457e-02,1.743140e-02,3.846333e-02,6.600524e-02,1.135931e-02,4.007524e-01,9.993114e-02,9.722367e-04,2.507762e-03,5.422312e-03,5.929179e-02,5.544389e-04,6.756748e-03
2.003789e-01,1.524404e-02,1.610351e-02,1.385607e-02,3.520590e-02,4.829187e-02,9.928104e-03,5.253825e-01,8.039826e-02,7.413490e-04,2.130529e-03,4.515124e-03,4.226395e-02,4.455765e-04,5.114224e-03
1.624878e-01,1.197459e-02,1.357503e-02,1.175878e-02,2.920518e-02,3.561931e-02,7.927554e-03,6.264335e-01,6.123918e-02,5.548944e-04,1.786882e-03,3.504458e-03,2.989745e-02,3.454527e-04,3.689883e-03
1.674600e-01,1.315512e-02,1.064651e-02,1.049126e-02,2.711996e-02,2.619078e-02,7.150112e-03,6.498152e-01,5.721491e-02,4.775239e-04,2.395697e-03,3.089301e-03,2.154531e-02,3.202905e-04,2.927873e-03
1.890641e-01,1.236840e-02,9.473540e-03,1.109053e-02,2.460624e-02,2.133569e-02,7.098990e-03,6.512595e-01,4.547780e-02,4.667274e-04,2.866759e-03,4.485410e-03,1.683556e-02,5.493420e-04,3.021354e-03
2.559558e-01,9.382279e-03,8.172439e-03,9.513852e-03,2.058340e-02,2.000923e-02,8.122568e-03,6.088806e-01,3.408994e-02,4.082755e-04,2.489368e-03,5.629411e-03,1.342788e-02,5.254821e-04,2.809362e-03
2.715020e-01,6.917710e-03,6.439697e-03,8.128960e-03,1.640588e-02,1.595340e-02,8.027868e-03,6.209738e-01,2.534061e-02,3.067088e-04,1.966032e-03,4.975961e-03,1.048523e-02,4.242436e-04,2.151947e-03
2.491280e-01,5.424794e-03,5.099327e-03,6.807710e-03,1.458313e-02,1.291666e-02,7.399949e-03,6.636592e-01,1.894138e-02,2.454001e-04,1.589116e-03,4.196151e-03,7.933557e-03,3.317790e-04,1.743831e-03
2.205587e-01,4.254288e-03,4.039858e-03,5.623629e-03,1.151560e-02,1.064774e-02,8.280056e-03,7.063009e-01,1.437767e-02,2.014040e-04,1.472239e-03,4.406311e-03,6.461301e-03,3.156514e-04,1.544655e-03
1.754850e-01,3.136777e-03,3.322914e-03,5.015678e-03,8.760415e-03,8.329285e-03,1.081388e-02,7.628781e-01,1.073113e-02,1.547239e-04,1.159595e-03,3.739351e-03,4.980277e-03,2.535518e-04,1.239317e-03
1.450413e-01,2.310337e-03,2.847827e-03,4.620753e-03,8.362284e-03,6.565901e-03,1.279939e-02,7.998087e-01,7.845369e-03,1.350539e-04,9.790678e-04,3.400879e-03,4.022787e-03,2.043971e-04,1.055944e-03
1.312233e-01,1.728424e-03,2.427157e-03,4.212357e-03,7.071157e-03,5.936929e-03,1.420382e-02,8.183205e-01,5.647825e-03,1.215698e-04,8.228938e-04,3.522387e-03,3.672743e-03,1.697877e-04,9.192280e-04
1.400294e-01,1.272490e-03,2.210058e-03,3.344977e-03,5.580659e-03,5.227895e-03,1.173785e-02,8.185526e-01,4.059422e-03,1.129577e-04,6.801524e-04,3.268289e-03,2.970956e-03,1.474208e-04,8.049608e-04
2.196790e-01,1.149245e-03,2.669404e-03,2.758048e-03,4.863539e-03,1.237860e-02,1.185593e-02,7.256572e-01,3.092641e-03,4.145535e-04,1.538648e-03,6.956678e-03,4.974251e-03,3.577223e-04,1.654510e-03
1.690207e-01,9.626010e-04,2.484241e-03,3.321788e-03,4.026742e-03,1.668811e-02,1.192117e-02,6.338469e-01,2.744101e-03,7.165904e-04,1.086141e-02,1.908354e-02,1.209648e-01,9.122572e-04,2.445095e-03
1.387478e-01,1.821284e-03,3.817828e-03,1.188873e-02,3.614253e-03,2.133884e-02,1.207006e-02,5.099571e-01,1.055291e-02,1.924768e-03,1.402160e-02,4.370769e-02,2.108474e-01,7.550322e-03,8.139495e-03
1.191370e-01,1.812602e-03,3.752342e-03,1.647410e-02,3.015143e-03,1.893973e-02,9.633481e-03,3.744666e-01,1.081649e-02,1.270055e-02,2.553680e-02,4.388568e-02,3.157845e-01,9.847188e-03,3.419775e-02
1.104802e-01,2.003364e-03,3.976793e-03,1.307423e-02,3.552589e-03,1.527721e-02,8.513211e-03,2.659178e-01,1.050322e-02,1.013083e-02,3.342781e-02,4.962119e-02,3.925532e-01,2.709096e-02,5.387736e-02
8.918270e-02,2.314890e-03,3.077206e-03,1.031197e-02,5.123945e-03,1.193420e-02,6.507880e-03,1.865105e-01,1.015960e-02,8.175184e-03,2.847285e-02,4.633736e-02,4.969849e-01,3.107264e-02,6.383420e-02
6.281029e-02,2.267200e-03,2.313944e-03,7.480604e-03,5.266211e-03,8.514223e-03,4.647321e-03,1.306177e-01,1.599861e-02,7.971050e-03,2.966184e-02,4.145822e-02,5.623283e-01,4.789827e-02,7.076614e-02
4.449455e-02,2.031490e-03,8.071315e-03,6.207706e-03,6.957619e-03,6.362613e-03,3.298052e-03,9.174766e-02,1.665079e-02,1.123700e-02,4.025594e-02,4.534283e-02,4.522590e-01,1.990352e-01,6.604815e-02
3.130532e-02,1.996998e-03,1.023966e-02,4.656379e-03,6.870564e-03,4.874495e-03,2.343913e-03,6.440271e-02,1.504777e-02,1.447961e-02,3.932220e-02,3.803784e-02,3.478630e-01,3.555465e-01,6.301300e-02
2.230346e-02,1.809662e-03,8.302024e-03,3.553889e-03,6.051663e-03,3.800099e-03,1.734679e-03,4.554662e-02,3.601610e-02,1.494576e-02,3.341847e-02,3.219112e-02,2.589073e-01,4.703838e-01,6.103536e-02
1.621036e-02,2.617627e-03,1.263546e-02,2.594720e-03,5.361044e-03,2.840600e-03,1.237342e-03,3.210893e-02,4.424152e-02,1.387506e-02,2.872540e-02,2.294894e-02,1.823922e-01,5.681025e-01,6.410826e-02
1.176141e-02,2.690449e-03,1.360329e-02,1.962466e-03,4.119363e-03,2.206730e-03,9.094366e-04,2.270105e-02,4.544571e-02,1.016919e-02,2.202609e-02,1.618802e-02,1.283521e-01,6.584350e-01,5.942971e-02
9.443158e-03,2.641645e-03,1.128841e-02,1.521158e-03,3.272105e-03,1.886470e-03,6.466312e-04,1.623808e-02,4.090280e-02,7.337868e-03,1.729894e-02,1.141547e-02,9.023928e-02,7.300242e-01,5.584383e-02
9.599783e-03,3.602434e-03,9.403788e-03,1.473697e-03,2.690980e-03,2.135579e-03,4.626864e-04,1.195440e-02,4.260021e-02,5.885165e-03,1.529390e-02,8.214272e-03,6.391618e-02,7.632257e-01,5.954136e-02
9.328453e-03,9.646021e-03,8.631636e-03,1.161958e-03,2.017827e-03,1.912427e-03,3.308847e-04,8.506142e-03,4.132384e-02,5.592306e-03,2.180921e-02,6.259186e-03,4.589600e-02,7.842813e-01,5.330288e-02
9.081374e-03,7.052402e-03,6.579064e-03,8.870825e-04,1.457606e-03,1.554345e-03,2.331122e-04,6.097008e-03,3.574426e-02,4.413556e-03,1.760493e-02,4.476218e-03,3.236493e-02,8.322484e-01,4.020565e-02
1.066212e-02,5.335212e-03,6.171701e-03,9.134404e-04,1.233219e-03,1.775596e-03,1.740514e-04,5.933311e-03,2.971165e-02,4.352739e-03,1.372770e-02,3.372213e-03,2.289851e-02,8.644812e-01,2.925731e-02
1.180369e-02,4.918778e-03,5.475284e-03,8.219571e-04,1.162202e-03,1.600416e-03,1.306492e-04,5.827072e-03,3.346048e-02,3.750209e-03,1.078126e-02,2.762066e-03,1.635634e-02,8.785160e-01,2.263360e-02
1.339051e-02,5.304590e-03,5.124369e-03,1.008456e-03,1.432495e-03,1.502243e-03,1.235470e-04,8.229038e-03,4.807507e-02,3.628457e-03,9.256893e-03,2.446860e-03,1.191715e-02,8.708185e-01,1.774181e-02
1.388151e-02,5.337444e-03,4.736238e-03,3.083572e-03,2.982388e-03,1.671016e-03,2.701985e-04,1.084975e-02,8.320788e-02,3.557785e-03,7.910116e-03,2.238384e-03,8.977518e-03,8.379753e-01,1.332098e-02
1.149818e-02,5.199323e-03,3.734806e-03,3.919499e-03,4.947236e-03,2.185605e-03,3.162537e-04,1.884742e-02,1.240510e-01,3.630795e-03,8.238828e-03,2.439385e-03,7.244735e-03,7.926012e-01,1.114572e-02
1.051605e-02,4.306179e-03,2.956484e-03,4.034816e-03,1.664452e-02,1.977884e-03,6.572368e-04,2.128701e-02,1.505858e-01,3.990693e-03,7.442198e-03,2.503501e-03,6.225489e-03,7.569021e-01,9.970069e-03
1.143126e-02,4.618622e-03,1.011398e-02,3.286532e-03,4.113366e-02,1.790428e-03,1.578280e-03,8.489584e-02,1.673570e-01,2.010058e-02,1.108501e-02,2.449180e-03,5.260986e-03,6.215273e-01,1.337145e-02
1.243453e-02,5.805735e-03,1.023120e-02,2.557798e-03,5.683891e-02,1.846454e-03,1.899592e-03,8.497397e-02,2.911748e-01,2.412783e-02,8.885589e-03,1.938516e-03,3.941446e-03,4.813455e-01,1.199815e-02
1.423971e-02,2.303276e-02,5.984204e-02,3.159964e-03,5.421992e-02,2.310558e-03,1.886253e-03,7.934790e-02,3.106983e-01,3.096960e-02,6.686407e-03,1.485126e-03,3.389153e-03,3.878273e-01,2.090502e-02
1.551463e-02,2.465263e-02,9.209192e-02,4.104001e-03,6.002210e-02,2.996838e-03,2.324192e-03,7.710502e-02,2.849226e-01,6.986247e-02,7.159309e-03,1.727365e-03,3.886336e-03,3.240375e-01,2.959315e-02
1.639318e-02,2.436405e-02,9.859373e-02,4.137306e-03,6.100684e-02,2.687990e-03,2.121591e-03,7.761216e-02,2.624986e-01,1.263910e-01,9.975912e-03,2.256821e-03,4.740077e-03,2.776998e-01,2.952085e-02
1.439129e-02,3.622434e-02,1.026239e-01,4.302795e-03,5.837709e-02,3.012977e-03,1.945888e-03,8.690324e-02,2.456423e-01,2.032733e-01,1.012802e-02,1.992157e-03,5.334770e-03,2.015249e-01,2.432303e-02
1.386739e-02,7.384969e-02,8.059753e-02,3.798679e-03,5.526292e-02,4.863591e-03,1.787839e-03,7.389325e-02,2.596768e-01,2.453905e-01,1.010095e-02,1.907862e-03,5.440467e-03,1.451332e-01,2.442939e-02
1.747553e-02,1.219212e-01,6.781073e-02,3.095765e-03,6.092763e-02,7.275329e-03,1.832909e-03,6.443258e-02,2.585064e-01,2.505207e-01,8.272298e-03,1.422976e-03,4.815344e-03,1.069226e-01,2.476797e-02
1.871729e-02,1.439739e-01,9.736313e-02,3.459866e-03,5.416507e-02,6.576608e-03,1.871230e-03,1.113414e-01,2.002549e-01,2.398623e-01,6.268244e-03,1.182090e-03,4.927688e-03,8.692861e-02,2.310764e-02
2.201566e-02,1.449318e-01,1.335534e-01,9.871753e-03,4.379063e-02,5.425871e-03,1.634877e-03,1.209797e-01,1.561390e-01,2.527806e-01,5.679928e-03,1.370005e-03,5.106670e-03,6.783760e-02,2.888249e-02
2.857705e-02,1.500931e-01,1.399536e-01,1.565537e-02,5.490518e-02,5.159169e-03,1.642104e-03,1.574505e-01,1.299158e-01,2.235329e-01,5.730676e-03,1.995273e-03,5.472979e-03,5.273655e-02,2.717970e-02
2.947212e-02,1.226745e-01,1.488176e-01,2.077706e-02,4.684645e-02,7.166693e-03,1.324635e-03,1.151170e-01,1.034157e-01,2.042119e-01,6.881798e-03,3.799058e-03,7.732410e-03,4.113701e-02,1.406261e-01
2.150757e-02,9.162173e-02,2.168056e-01,2.888431e-02,3.463173e-02,6.339789e-03,9.903254e-04,8.115807e-02,8.324713e-02,1.514899e-01,8.302485e-03,1.293614e-02,1.515056e-02,3.539853e-02,2.115361e-01
1.623200e-02,6.609289e-02,1.600188e-01,2.695326e-02,2.527910e-02,5.946887e-03,7.534411e-04,5.743291e-02,7.529426e-02,1.126072e-01,6.070770e-02,4.191851e-02,1.185243e-01,6.516141e-02,1.670772e-01
1.228233e-02,4.758698e-02,1.208430e-01,4.081793e-02,1.845809e-02,5.684635e-03,5.871692e-04,4.191374e-02,8.513074e-02,8.829852e-02,7.375748e-02,5.895936e-02,1.385612e-01,1.187106e-01,1.484083e-01
9.045776e-03,3.355255e-02,8.716824e-02,3.637792e-02,1.317944e-02,4.765289e-03,4.468323e-04,2.965707e-02,7.597443e-02,1.109231e-01,8.727090e-02,9.422551e-02,1.465998e-01,1.551127e-01,1.157004e-01
6.945585e-03,2.528663e-02,8.095743e-02,2.988675e-02,1.064103e-02,3.687050e-03,3.584870e-04,2.085803e-02,6.249835e-02,9.229264e-02,1.322893e-01,1.191938e-01,2.030635e-01,1.246367e-01,8.740471e-02
6.093333e-03,1.879354e-02,7.010781e-02,2.787728e-02,8.631356e-03,3.289116e-03,4.008757e-04,1.481903e-02,5.993439e-02,9.071857e-02,1.246160e-01,1.348082e-01,2.547905e-01,1.065994e-01,7.852067e-02
4.992948e-03,1.496355e-02,4.980249e-02,2.001894e-02,6.501196e-03,3.535525e-03,3.525594e-04,1.062707e-02,5.296766e-02,8.073614e-02,1.439671e-01,1.845201e-01,2.514085e-01,8.526492e-02,9.034143e-02
4.931602e-03,1.571063e-02,3.905752e-02,1.493119e-02,5.284427e-03,3.222437e-03,3.019210e-04,7.668941e-03,5.441093e-02,8.437397e-02,1.428300e-01,2.370552e-01,2.349443e-01,6.564164e-02,8.963519e-02
4.315090e-03,1.878110e-02,2.884256e-02,1.080826e-02,4.120948e-03,3.039778e-03,2.412678e-04,5.429387e-03,4.436496e-02,7.286941e-02,1.315707e-01,2.742242e-01,2.412369e-01,5.819978e-02,1.019557e-01
3.386097e-03,1.732155e-02,2.355711e-02,7.961671e-03,3.350672e-03,3.061094e-03,1.886356e-04,3.917158e-03,3.365745e-02,6.140479e-02,1.425918e-01,2.756929e-01,2.607461e-01,7.190026e-02,9.126270e-02
5.813108e-03,2.884226e-02,5.876860e-02,7.043505e-03,1.247667e-02,2.656430e-03,2.376951e-04,3.621271e-03,7.698449e-02,6.679263e-02,1.552517e-01,2.205915e-01,2.145905e-01,5.811263e-02,8.821696e-02
1.520382e-02,3.052506e-02,1.224454e-01,9.327550e-03,2.225471e-02,4.032329e-03,5.493856e-04,1.429928e-02,6.662093e-02,7.058588e-02,1.941375e-01,1.657093e-01,1.559861e-01,5.569763e-02,7.262512e-02
1.890281e-02,3.120904e-02,1.076990e-01,8.531684e-03,2.242725e-02,1.344234e-02,6.214759e-04,1.553600e-02,5.737852e-02,5.799873e-02,2.547954e-01,1.294141e-01,1.124936e-01,1.063393e-01,6.321067e-02
2.413075e-02,2.324411e-02,8.955859e-02,8.708979e-03,1.684416e-02,1.356578e-01,1.322170e-03,3.469349e-02,4.302801e-02,4.288093e-02,2.514807e-01,9.608778e-02,7.983207e-02,1.072070e-01,4.532342e-02
2.762166e-02,1.703859e-02,7.968573e-02,7.919972e-03,1.257159e-02,2.421477e-01,1.195084e-03,2.992155e-02,3.179968e-02,3.173622e-02,2.513487e-01,6.966591e-02,5.657692e-02,1.086243e-01,3.214627e-02
2.948269e-02,1.622371e-02,9.978008e-02,6.935375e-03,1.001883e-02,2.020098e-01,1.070519e-03,2.349180e-02,2.586132e-02,2.484599e-02,3.472123e-01,5.269260e-02,4.127477e-02,9.589718e-02,2.320315e-02
4.287920e-02,1.929204e-02,9.885910e-02,6.778518e-03,8.422531e-03,1.608625e-01,9.848330e-04,2.144628e-02,2.756342e-02,2.422451e-02,3.671744e-01,4.114592e-02,3.033239e-02,1.318757e-01,1.815870e-02
5.194206e-02,2.889476e-02,9.177052e-02,9.050924e-03,1.109716e-02,1.208439e-01,9.408843e-04,2.069003e-02,3.707328e-02,3.869404e-02,3.743445e-01,3.141535e-02,2.258107e-02,1.462066e-01,1.445505e-02
6.145459e-02,3.486805e-02,8.723333e-02,6.328588e-02,1.949585e-02,9.194852e-02,1.674507e-03,4.465322e-02,4.197207e-02,3.305338e-02,3.359417e-01,2.452706e-02,1.805374e-02,1.301202e-01,1.171792e-02
7.101343e-02,3.706346e-02,7.841756e-02,6.522855e-02,2.558026e-02,6.731956e-02,1.381902e-03,3.807586e-02,4.789411e-02,3.632869e-02,3.679087e-01,2.090697e-02,1.502656e-02,1.176828e-01,1.017174e-02
7.929403e-02,5.351570e-02,8.176039e-02,7.874585e-02,2.743450e-02,5.252023e-02,1.530128e-03,4.755149e-02,7.768902e-02,3.833198e-02,3.102395e-01,1.732272e-02,1.321595e-02,1.116014e-01,9.247193e-03
7.728095e-02,5.236119e-02,6.139078e-02,5.755704e-02,2.160185e-02,4.065593e-02,1.365482e-03,3.767874e-02,8.141277e-02,3.195308e-02,3.910289e-01,2.140282e-02,1.240785e-02,1.042364e-01,7.666294e-03
7.752268e-02,5.311918e-02,5.077156e-02,4.324578e-02,1.865407e-02,3.802925e-02,1.322637e-03,3.286489e-02,1.123645e-01,2.622322e-02,4.092816e-01,1.939739e-02,1.080746e-02,9.887952e-02,7.516346e-03
8.371425e-02,4.161674e-02,3.905332e-02,3.193846e-02,1.677122e-02,2.875253e-02,1.915786e-03,2.505832e-02,1.071883e-01,2.101272e-02,4.889922e-01,2.159379e-02,9.762550e-03,7.629208e-02,6.337689e-03
1.184092e-01,5.199808e-02,4.583341e-02,2.438050e-02,2.078295e-02,2.658375e-02,2.240757e-03,2.141457e-02,1.477742e-01,1.767209e-02,4.237087e-01,2.071852e-02,8.482284e-03,6.391600e-02,6.084968e-03
9.586729e-02,4.328208e-02,3.867060e-02,1.758553e-02,2.413973e-02,2.582114e-02,3.991441e-03,2.853117e-02,1.135006e-01,1.396377e-02,5.178168e-01,1.546108e-02,7.577650e-03,4.874874e-02,5.042359e-03
7.973975e-02,4.216008e-02,5.253181e-02,1.646015e-02,2.936576e-02,1.966980e-02,5.279534e-03,1.222041e-01,9.665807e-02,1.125796e-02,4.655143e-01,1.233802e-02,7.866461e-03,3.510515e-02,3.849055e-03
7.001844e-02,1.209366e-01,4.427790e-02,1.392731e-02,5.085594e-02,1.676075e-02,4.253922e-03,1.091497e-01,1.655303e-01,9.295548e-03,3.493086e-01,9.735856e-03,6.868540e-03,2.614525e-02,2.935253e-03
5.508943e-02,1.102033e-01,3.515253e-02,1.424227e-02,4.466049e-02,1.636153e-02,4.091948e-03,1.083196e-01,2.036071e-01,7.356817e-03,3.595696e-01,9.110827e-03,1.031118e-02,1.957531e-02,2.348111e-03
4.729539e-02,1.115375e-01,3.045115e-02,1.182634e-02,4.856348e-02,1.572841e-02,3.576411e-03,9.718027e-02,2.485416e-01,6.507800e-03,3.293331e-01,1.098051e-02,2.081622e-02,1.575088e-02,1.910906e-03
4.183987e-02,1.032147e-01,2.334243e-02,1.057441e-02,6.535327e-02,1.277557e-02,3.229814e-03,1.418280e-01,2.964488e-01,4.947406e-03,2.498466e-01,1.044162e-02,2.276437e-02,1.181844e-02,1.574798e-03
4.570197e-02,9.319367e-02,1.698059e-02,8.119076e-03,5.163900e-02,1.723816e-02,2.917415e-03,1.115709e-01,2.876016e-01,4.777960e-03,2.888426e-01,2.201027e-02,3.663414e-02,1.140614e-02,1.366603e-03
5.283766e-02,6.979001e-02,1.267574e-02,6.779307e-03,5.178827e-02,3.099931e-02,3.067778e-03,8.445167e-02,2.429616e-01,8.984263e-03,3.586951e-01,2.822688e-02,3.581280e-02,1.159713e-02,1.332495e-03
7.117416e-02,5.319435e-02,9.729600e-03,8.161942e-03,6.674129e-02,4.856777e-02,2.930358e-03,7.678883e-02,2.031726e-01,1.521629e-02,3.603780e-01,3.650391e-02,3.380258e-02,1.129367e-02,2.344710e-03
9.654157e-02,4.078997e-02,7.076099e-03,7.800393e-03,6.082880e-02,1.095404e-01,3.171347e-03,6.193225e-02,1.740201e-01,1.226892e-02,2.710474e-01,7.087676e-02,7.002659e-02,9.391808e-03,4.687571e-03
1.648674e-01,3.543448e-02,5.583107e-03,8.710487e-03,7.560621e-02,1.010124e-01,3.450661e-03,5.788283e-02,1.530313e-01,1.022302e-02,2.188645e-01,7.596196e-02,7.541665e-02,7.578990e-03,6.376024e-03
1.951887e-01,3.777903e-02,9.645805e-03,3.053467e-02,8.383714e-02,8.785089e-02,4.461023e-03,6.115589e-02,1.662490e-01,2.335681e-02,1.573737e-01,6.143587e-02,6.055512e-02,6.136510e-03,1.443985e-02
1.645933e-01,4.470458e-02,4.982870e-02,1.268302e-01,7.174978e-02,7.375108e-02,4.940478e-03,5.404548e-02,1.518437e-01,2.472047e-02,1.124249e-01,4.875861e-02,4.614072e-02,4.612496e-03,2.105545e-02
1.549081e-01,5.134664e-02,1.583115e-01,1.592474e-01,5.908685e-02,5.724039e-02,4.002692e-03,3.917870e-02,1.116813e-01,2.287524e-02,7.989983e-02,3.698913e-02,3.365025e-02,3.473016e-03,2.810890e-02
1.697552e-01,4.909226e-02,1.609796e-01,1.329778e-01,4.909750e-02,4.587166e-02,3.967305e-03,2.983352e-02,9.867730e-02,2.602428e-02,5.762215e-02,2.761937e-02,2.734522e-02,4.289986e-03,1.168468e-01
