1.000000e+00,0.000000e+00,0.000000e+00,0.000000e+00,0.000000e+00,0.000000e+00,0.000000e+00,0.000000e+00,0.000000e+00,0.000000e+00,0.000000e+00,0.000000e+00,0.000000e+00,0.000000e+00,0.000000e+00
1.000000e+00,0.000000e+00,0.000000e+00,0.000000e+00,0.000000e+00,0.000000e+00,0.000000e+00,0.000000e+00,0.000000e+00,0.000000e+00,0.000000e+00,0.000000e+00,0.000000e+00,0.000000e+00,0.000000e+00
1.000000e+00,0.000000e+00,0.000000e+00,0.000000e+00,0.000000e+00,0.000000e+00,0.000000e+00,0.000000e+00,0.000000e+00,0.000000e+00,0.000000e+00,0.000000e+00,0.000000e+00,0.000000e+00,0.000000e+00
1.000000e+00,0.000000e+00,0.000000e+00,0.000000e+00,0.000000e+00,0.000000e+00,0.000000e+00,0.000000e+00,0.000000e+00,0.000000e+00,0.000000e+00,0.000000e+00,0.000000e+00,0.000000e+00,0.000000e+00
1.000000e+00,0.000000e+00,0.000000e+00,0.000000e+00,0.000000e+00,0.000000e+00,0.000000e+00,0.000000e+00,0.000000e+00,0.000000e+00,0.000000e+00,0.000000e+00,0.000000e+00,0.000000e+00,0.000000e+00
1.000000e+00,0.000000e+00,0.000000e+00,0.000000e+00,0.000000e+00,0.000000e+00,0.000000e+00,0.000000e+00,0.000000e+00,0.000000e+00,0.000000e+00,0.000000e+00,0.000000e+00,0.000000e+00,0.000000e+00
1.000000e+00,0.000000e+00,0.000000e+00,0.000000e+00,0.000000e+00,0.000000e+00,0.000000e+00,0.000000e+00,0.000000e+00,0.000000e+00,0.000000e+00,0.000000e+00,0.000000e+00,0.000000e+00,0.000000e+00
1.000000e+00,0.000000e+00,0.000000e+00,0.000000e+00,0.000000e+00,0.000000e+00,0.000000e+00,0.000000e+00,0.000000e+00,0.000000e+00,0.000000e+00,0.000000e+00,0.000000e+00,0.000000e+00,0.000000e+00
1.000000e+00,0.000000e+00,0.000000e+00,0.000000e+00,0.000000e+00,0.000000e+00,0.000000e+00,0.000000e+00,0.000000e+00,0.000000e+00,0.000000e+00,0.000000e+00,0.000000e+00,0.000000e+00,0.000000e+00
1.000000e+00,0.000000e+00,0.000000e+00,0.000000e+00,0.000000e+00,0.000000e+00,0.000000e+00,0.000000e+00,0.000000e+00,0.000000e+00,0.000000e+00,0.000000e+00,0.000000e+00,0.000000e+00,0.000000e+00
1.000000e+00,0.000000e+00,0.000000e+00,0.000000e+00,0.000000e+00,0.000000e+00,0.000000e+00,0.000000e+00,0.000000e+00,0.000000e+00,0.000000e+00,0.000000e+00,0.000000e+00,0.000000e+00,0.000000e+00
1.000000e+00,0.000000e+00,0.000000e+00,0.000000e+00,0.000000e+00,0.000000e+00,0.000000e+00,0.000000e+00,0.000000e+00,0.000000e+00,0.000000e+00,0.000000e+00,0.000000e+00,0.000000e+00,0.000000e+00
1.000000e+00,0.000000e+00,0.000000e+00,0.000000e+00,0.000000e+00,0.000000e+00,0.000000e+00,0.000000e+00,0.000000e+00,0.000000e+00,0.000000e+00,0.000000e+00,0.000000e+00,0.000000e+00,0.000000e+00
1.000000e+00,0.000000e+00,0.000000e+00,0.000000e+00,0.000000e+00,0.000000e+00,0.000000e+00,0.000000e+00,0.000000e+00,0.000000e+00,0.000000e+00,0.000000e+00,0.000000e+00,0.000000e+00,0.000000e+00
1.000000e+00,0.000000e+00,0.000000e+00,0.000000e+00,0.000000e+00,0.000000e+00,0.000000e+00,0.000000e+00,0.000000e+00,0.000000e+00,0.000000e+00,0.000000e+00,0.000000e+00,0.000000e+00,0.000000e+00
1.000000e+00,0.000000e+00,0.000000e+00,0.000000e+00,0.000000e+00,0.000000e+00,0.000000e+00,0.000000e+00,0.000000e+00,0.000000e+00,0.000000e+00,0.000000e+00,0.000000e+00,0.000000e+00,0.000000e+00
1.000000e+00,0.000000e+00,0.000000e+00,0.000000e+00,0.000000e+00,0.000000e+00,0.000000e+00,0.000000e+00,0.000000e+00,0.000000e+00,0.000000e+00,0.000000e+00,0.000000e+00,0.000000e+00,0.000000e+00
1.000000e+00,0.000000e+00,0.000000e+00,0.000000e+00,0.000000e+00,0.000000e+00,0.000000e+00,0.000000e+00,0.000000e+00,0.000000e+00,0.000000e+00,0.000000e+00,0.000000e+00,0.000000e+00,0.000000e+00
1.000000e+00,0.000000e+00,0.000000e+00,0.000000e+00,0.000000e+00,0.000000e+00,0.000000e+00,0.000000e+00,0.000000e+00,0.000000e+00,0.000000e+00,0.000000e+00,0.000000e+00,0.000000e+00,0.000000e+00
1.000000e+00,0.000000e+00,0.000000e+00,0.000000e+00,0.000000e+00,0.000000e+00,0.000000e+00,0.000000e+00,0.000000e+00,0.000000e+00,0.000000e+00,0.000000e+00,0.000000e+00,0.000000e+00,0.000000e+00
1.000000e+00,0.000000e+00,0.000000e+00,0.000000e+00,0.000000e+00,0.000000e+00,0.000000e+00,0.000000e+00,0.000000e+00,0.000000e+00,0.000000e+00,0.000000e+00,0.000000e+00,0.000000e+00,0.000000e+00
1.000000e+00,0.000000e+00,0.000000e+00,0.000000e+00,0.000000e+00,0.000000e+00,0.000000e+00,0.000000e+00,0.000000e+00,0.000000e+00,0.000000e+00,0.000000e+00,0.000000e+00,0.000000e+00,0.000000e+00
1.000000e+00,0.000000e+00,0.000000e+00,0.000000e+00,0.000000e+00,0.000000e+00,0.000000e+00,0.000000e+00,0.000000e+00,0.000000e+00,0.000000e+00,0.000000e+00,0.000000e+00,0.000000e+00,0.000000e+00
1.000000e+00,0.000000e+00,0.000000e+00,0.000000e+00,0.000000e+00,0.000000e+00,0.000000e+00,0.000000e+00,0.000000e+00,0.000000e+00,0.000000e+00,0.000000e+00,0.000000e+00,0.000000e+00,0.000000e+00
1.000000e+00,0.000000e+00,0.000000e+00,0.000000e+00,0.000000e+00,0.000000e+00,0.000000e+00,0.000000e+00,0.000000e+00,0.000000e+00,0.000000e+00,0.000000e+00,0.000000e+00,0.000000e+00,0.000000e+00
1.000000e+00,0.000000e+00,0.000000e+00,0.000000e+00,0.000000e+00,0.000000e+00,0.000000e+00,0.000000e+00,0.000000e+00,0.000000e+00,0.000000e+00,0.000000e+00,0.000000e+00,0.000000e+00,0.000000e+00
1.000000e+00,0.000000e+00,0.000000e+00,0.000000e+00,0.000000e+00,0.000000e+00,0.000000e+00,0.000000e+00,0.000000e+00,0.000000e+00,0.000000e+00,0.000000e+00,0.000000e+00,0.000000e+00,0.000000e+00
1.000000e+00,0.000000e+00,0.000000e+00,0.000000e+00,0.000000e+00,0.000000e+00,0.000000e+00,0.000000e+00,0.000000e+00,0.000000e+00,0.000000e+00,0.000000e+00,0.000000e+00,0.000000e+00,0.000000e+00
1.000000e+00,0.000000e+00,0.000000e+00,0.000000e+00,0.000000e+00,0.000000e+00,0.000000e+00,0.000000e+00,0.000000e+00,0.000000e+00,0.000000e+00,0.000000e+00,0.000000e+00,0.000000e+00,0.000000e+00
1.000000e+00,0.000000e+00,0.000000e+00,0.000000e+00,0.000000e+00,0.000000e+00,0.000000e+00,0.000000e+00,0.000000e+00,0.000000e+00,0.000000e+00,0.000000e+00,0.000000e+00,0.000000e+00,0.000000e+00
1.000000e+00,0.000000e+00,0.000000e+00,0.000000e+00,0.000000e+00,0.000000e+00,0.000000e+00,0.000000e+00,0.000000e+00,0.000000e+00,0.000000e+00,0.000000e+00,0.000000e+00,0.000000e+00,0.000000e+00
1.000000e+00,0.000000e+00,0.000000e+00,0.000000e+00,0.000000e+00,0.000000e+00,0.000000e+00,0.000000e+00,0.000000e+00,0.000000e+00,0.000000e+00,0.000000e+00,0.000000e+00,0.000000e+00,0.000000e+00
1.000000e+00,0.000000e+00,0.000000e+00,0.000000e+00,0.000000e+00,0.000000e+00,0.000000e+00,0.000000e+00,0.000000e+00,0.000000e+00,0.000000e+00,0.000000e+00,0.000000e+00,0.000000e+00,0.000000e+00
1.000000e+00,0.000000e+00,0.000000e+00,0.000000e+00,0.000000e+00,0.000000e+00,0.000000e+00,0.000000e+00,0.000000e+00,0.000000e+00,0.000000e+00,0.000000e+00,0.000000e+00,0.000000e+00,0.000000e+00
1.000000e+00,0.000000e+00,0.000000e+00,0.000000e+00,0.000000e+00,0.000000e+00,0.000000e+00,0.000000e+00,0.000000e+00,0.000000e+00,0.000000e+00,0.000000e+00,0.000000e+00,0.000000e+00,0.000000e+00
1.000000e+00,0.000000e+00,0.000000e+00,0.000000e+00,0.000000e+00,0.000000e+00,0.000000e+00,0.000000e+00,0.000000e+00,0.000000e+00,0.000000e+00,0.000000e+00,0.000000e+00,0.000000e+00,0.000000e+00
1.000000e+00,0.000000e+00,0.000000e+00,0.000000e+00,0.000000e+00,0.000000e+00,0.000000e+00,0.000000e+00,0.000000e+00,0.000000e+00,0.000000e+00,0.000000e+00,0.000000e+00,0.000000e+00,0.000000e+00
1.000000e+00,0.000000e+00,0.000000e+00,0.000000e+00,0.000000e+00,0.000000e+00,0.000000e+00,0.000000e+00,0.000000e+00,0.000000e+00,0.000000e+00,0.000000e+00,0.000000e+00,0.000000e+00,0.000000e+00
1.000000e+00,0.000000e+00,0.000000e+00,0.000000e+00,0.000000e+00,0.000000e+00,0.000000e+00,0.000000e+00,0.000000e+00,0.000000e+00,0.000000e+00,0.000000e+00,0.000000e+00,0.000000e+00,0.000000e+00
1.000000e+00,0.000000e+00,0.000000e+00,0.000000e+00,0.000000e+00,0.000000e+00,0.000000e+00,0.000000e+00,0.000000e+00,0.000000e+00,0.000000e+00,0.000000e+00,0.000000e+00,0.000000e+00,0.000000e+00
1.000000e+00,0.000000e+00,0.000000e+00,0.000000e+00,0.000000e+00,0.000000e+00,0.000000e+00,0.000000e+00,0.000000e+00,0.000000e+00,0.000000e+00,0.000000e+00,0.000000e+00,0.000000e+00,0.000000e+00
1.000000e+00,0.000000e+00,0.000000e+00,0.000000e+00,0.000000e+00,0.000000e+00,0.000000e+00,0.000000e+00,0.000000e+00,0.000000e+00,0.000000e+00,0.000000e+00,0.000000e+00,0.000000e+00,0.000000e+00
1.000000e+00,0.000000e+00,0.000000e+00,0.000000e+00,0.000000e+00,0.000000e+00,0.000000e+00,0.000000e+00,0.000000e+00,0.000000e+00,0.000000e+00,0.000000e+00,0.000000e+00,0.000000e+00,0.000000e+00
1.000000e+00,0.000000e+00,0.000000e+00,0.000000e+00,0.000000e+00,0.000000e+00,0.000000e+00,0.000000e+00,0.000000e+00,0.000000e+00,0.000000e+00,0.000000e+00,0.000000e+00,0.000000e+00,0.000000e+00
1.000000e+00,0.000000e+00,0.000000e+00,0.000000e+00,0.000000e+00,0.000000e+00,0.000000e+00,0.000000e+00,0.000000e+00,0.000000e+00,0.000000e+00,0.000000e+00,0.000000e+00,0.000000e+00,0.000000e+00
1.000000e+00,0.000000e+00,0.000000e+00,0.000000e+00,0.000000e+00,0.000000e+00,0.000000e+00,0.000000e+00,0.000000e+00,0.000000e+00,0.000000e+00,0.000000e+00,0.000000e+00,0.000000e+00,0.000000e+00
1.000000e+00,0.000000e+00,0.000000e+00,0.000000e+00,0.000000e+00,0.000000e+00,0.000000e+00,0.000000e+00,0.000000e+00,0.000000e+00,0.000000e+00,0.000000e+00,0.000000e+00,0.000000e+00,0.000000e+00
1.000000e+00,0.000000e+00,0.000000e+00,0.000000e+00,0.000000e+00,0.000000e+00,0.000000e+00,0.000000e+00,0.000000e+00,0.000000e+00,0.000000e+00,0.000000e+00,0.000000e+00,0.000000e+00,0.000000e+00
1.000000e+00,0.000000e+00,0.000000e+00,0.000000e+00,0.000000e+00,0.000000e+00,0.000000e+00,0.000000e+00,0.000000e+00,0.000000e+00,0.000000e+00,0.000000e+00,0.000000e+00,0.000000e+00,0.000000e+00
1.000000e+00,0.000000e+00,0.000000e+00,0.000000e+00,0.000000e+00,0.000000e+00,0.000000e+00,0.000000e+00,0.000000e+00,0.000000e+00,0.000000e+00,0.000000e+00,0.000000e+00,0.000000e+00,0.000000e+00
1.000000e+00,0.000000e+00,0.000000e+00,0.000000e+00,0.000000e+00,0.000000e+00,0.000000e+00,0.000000e+00,0.000000e+00,0.000000e+00,0.000000e+00,0.000000e+00,0.000000e+00,0.000000e+00,0.000000e+00
1.000000e+00,0.000000e+00,0.000000e+00,0.000000e+00,0.000000e+00,0.000000e+00,0.000000e+00,0.000000e+00,0.000000e+00,0.000000e+00,0.000000e+00,0.000000e+00,0.000000e+00,0.000000e+00,0.000000e+00
1.000000e+00,0.000000e+00,0.000000e+00,0.000000e+00,0.000000e+00,0.000000e+00,0.000000e+00,0.000000e+00,0.000000e+00,0.000000e+00,0.000000e+00,0.000000e+00,0.000000e+00,0.000000e+00,0.000000e+00
1.000000e+00,0.000000e+00,0.000000e+00,0.000000e+00,0.000000e+00,0.000000e+00,0.000000e+00,0.000000e+00,0.000000e+00,0.000000e+00,0.000000e+00,0.000000e+00,0.000000e+00,0.000000e+00,0.000000e+00
1.000000e+00,0.000000e+00,0.000000e+00,0.000000e+00,0.000000e+00,0.000000e+00,0.000000e+00,0.000000e+00,0.000000e+00,0.000000e+00,0.000000e+00,0.000000e+00,0.000000e+00,0.000000e+00,0.000000e+00
1.000000e+00,0.000000e+00,0.000000e+00,0.000000e+00,0.000000e+00,0.000000e+00,0.000000e+00,0.000000e+00,0.000000e+00,0.000000e+00,0.000000e+00,0.000000e+00,0.000000e+00,0.000000e+00,0.000000e+00
4.317748e-01,4.898262e-02,2.001514e-02,4.775251e-02,4.989351e-02,1.437788e-01,3.446660e-03,2.042955e-01,3.432503e-03,4.331660e-03,1.354165e-02,1.095575e-02,7.106132e-03,2.216637e-03,8.476159e-03
3.033233e-01,3.735198e-02,1.633010e-02,3.539641e-02,7.036640e-02,1.493206e-01,3.884855e-03,1.797227e-01,2.782806e-03,1.682124e-01,9.745349e-03,7.719718e-03,5.331829e-03,1.653149e-03,8.858321e-03
2.126943e-01,2.631505e-02,1.174400e-02,2.559929e-02,4.953128e-02,1.236722e-01,4.137534e-03,1.265139e-01,4.433977e-03,3.704192e-01,1.022956e-02,5.482789e-03,4.758961e-03,1.227990e-03,2.323999e-02
1.488983e-01,1.842710e-02,8.272376e-03,1.799224e-02,3.471040e-02,8.693597e-02,3.112073e-03,8.937942e-02,3.194856e-03,5.560157e-01,7.589302e-03,3.929721e-03,3.845777e-03,8.737839e-04,1.682288e-02
1.043354e-01,1.291563e-02,5.821320e-03,1.266808e-02,2.451083e-02,6.119919e-02,2.950019e-03,7.204584e-02,3.257263e-03,6.324391e-01,8.714047e-03,5.796038e-03,2.191040e-02,5.646219e-03,2.579055e-02
7.306531e-02,9.050212e-03,4.097033e-03,9.118157e-03,1.750140e-02,4.306964e-02,2.220118e-03,5.123286e-02,2.948554e-03,7.204739e-01,8.379487e-03,8.671117e-03,2.109343e-02,6.557775e-03,2.252101e-02
5.118597e-02,6.417135e-03,2.998072e-03,7.327178e-03,1.279468e-02,3.071365e-02,1.589807e-03,3.593471e-02,5.111639e-03,7.669590e-01,1.117158e-02,1.447176e-02,1.905052e-02,7.552053e-03,2.672229e-02
3.603732e-02,5.256018e-03,2.458618e-03,6.729204e-03,9.897408e-03,2.212263e-02,1.145686e-03,2.519666e-02,6.803412e-03,5.728416e-01,8.296654e-02,1.967728e-02,5.873501e-02,7.214192e-02,7.799069e-02
2.578500e-02,4.039227e-03,2.157607e-03,5.065897e-03,7.293098e-03,1.635979e-02,8.290150e-04,1.765165e-02,8.628462e-03,4.181218e-01,6.681245e-02,1.418329e-02,4.450591e-02,2.050441e-01,1.635226e-01
2.007343e-02,3.381191e-03,1.845015e-03,4.247389e-03,5.256193e-03,1.438393e-02,6.408487e-04,1.239160e-02,1.252050e-02,2.951334e-01,5.190786e-02,1.063860e-02,3.237095e-02,2.941821e-01,2.410270e-01
2.054308e-02,3.363465e-03,1.556368e-03,3.831044e-03,3.863264e-03,1.409717e-02,6.299707e-04,8.767599e-03,2.358081e-02,2.106535e-01,4.580430e-02,8.533309e-03,2.424232e-02,3.488981e-01,2.816358e-01
1.658574e-02,1.529066e-02,5.102361e-03,3.224428e-03,2.916232e-03,2.599309e-02,7.950213e-04,7.576410e-03,2.381250e-02,1.489051e-01,4.105476e-02,6.951978e-03,2.030778e-02,3.075968e-01,3.738871e-01
1.351636e-02,3.313062e-02,4.865678e-03,2.455043e-03,2.557474e-03,5.764300e-02,1.304910e-03,7.029329e-03,5.216620e-02,1.049438e-01,3.235227e-02,5.233018e-03,1.538065e-02,3.114187e-01,3.560030e-01
9.716768e-03,1.177249e-01,5.706844e-03,2.594645e-03,2.986442e-03,4.264667e-02,1.020096e-03,7.511677e-03,2.185770e-01,7.357530e-02,2.285721e-02,3.690517e-03,1.089588e-02,2.277927e-01,2.527034e-01
7.355678e-03,1.301035e-01,4.542115e-03,3.600387e-03,7.496081e-03,3.035573e-02,7.345989e-04,5.651639e-03,3.846388e-01,5.273131e-02,1.619195e-02,2.599999e-03,7.874411e-03,1.656032e-01,1.805205e-01
5.472298e-03,1.066505e-01,3.233096e-03,4.022227e-03,7.312662e-03,2.167073e-02,5.270272e-04,4.044516e-03,5.424124e-01,3.754006e-02,1.163410e-02,1.834355e-03,6.181577e-03,1.184852e-01,1.289792e-01
4.169484e-03,8.288553e-02,2.274060e-03,3.131431e-03,5.336739e-03,1.536337e-02,3.708881e-04,2.873772e-03,6.626548e-01,2.657849e-02,9.131176e-03,1.305196e-03,4.468807e-03,8.430673e-02,9.514947e-02
3.062661e-03,6.028457e-02,1.608200e-03,2.294982e-03,3.950714e-03,1.107883e-02,2.629694e-04,2.030493e-03,7.481158e-01,1.938455e-02,8.869811e-03,1.007414e-03,3.734522e-03,6.241627e-02,7.189818e-02
2.897336e-03,4.463630e-02,1.276458e-03,1.723290e-03,3.092814e-03,9.897431e-03,2.091213e-04,1.532228e-03,7.868404e-01,1.663432e-02,1.201978e-02,1.312901e-03,4.958674e-03,5.588653e-02,5.708231e-02
3.153773e-03,3.232988e-02,2.421685e-03,1.579138e-03,2.312614e-03,7.473326e-03,2.099328e-04,1.254341e-03,8.128486e-01,1.359722e-02,2.450577e-02,2.117970e-03,1.088546e-02,4.189632e-02,4.341391e-02
4.376927e-03,2.475134e-02,1.023886e-02,3.338605e-03,1.910318e-03,6.466833e-03,2.600898e-04,9.775776e-04,7.644799e-01,1.250741e-02,6.568925e-02,5.153236e-03,2.881645e-02,3.517025e-02,3.586292e-02
4.649490e-03,2.085898e-02,1.115716e-01,5.536560e-03,2.593031e-03,7.106609e-03,2.432172e-04,8.233182e-04,6.570391e-01,1.012197e-02,7.664253e-02,4.279652e-03,2.209116e-02,4.209510e-02,3.434760e-02
1.037851e-02,2.162723e-02,1.246720e-01,9.502467e-03,7.610399e-03,8.289960e-03,6.099282e-04,2.691158e-03,5.809123e-01,1.428797e-02,1.096659e-01,5.489113e-03,2.314736e-02,5.076784e-02,3.034777e-02
2.326920e-02,2.553989e-02,1.227440e-01,1.181816e-02,1.665322e-02,1.636346e-02,2.024322e-03,5.691645e-03,5.157573e-01,1.791398e-02,1.115935e-01,8.165875e-03,4.493916e-02,4.347028e-02,3.405598e-02
1.936478e-02,1.050813e-01,9.654709e-02,2.183655e-02,1.494800e-02,2.424322e-02,1.899548e-03,4.731809e-03,4.674441e-01,1.544008e-02,8.027902e-02,7.152706e-03,7.661411e-02,3.148416e-02,3.293346e-02
1.903958e-02,1.270787e-01,7.844485e-02,2.299670e-02,1.775198e-02,3.846136e-02,2.346045e-03,4.327799e-03,4.550235e-01,1.364879e-02,5.793196e-02,7.490770e-03,9.406121e-02,2.313446e-02,3.826223e-02
1.974104e-02,1.649477e-01,6.315012e-02,2.839057e-02,2.003448e-02,5.059023e-02,2.404284e-03,3.812642e-03,4.131901e-01,1.442792e-02,4.340071e-02,6.311441e-03,8.978833e-02,1.910879e-02,6.070161e-02
2.259692e-02,1.606138e-01,5.100270e-02,6.878479e-02,2.298705e-02,8.298884e-02,2.319247e-03,3.577824e-03,3.333833e-01,1.402827e-02,3.362168e-02,5.744235e-03,9.486994e-02,1.583958e-02,8.764179e-02
1.819937e-02,1.228150e-01,3.872276e-02,2.850825e-01,2.744168e-02,6.295049e-02,1.776381e-03,2.812526e-03,2.477128e-01,1.066204e-02,2.933090e-02,4.444503e-03,6.805743e-02,1.160099e-02,6.839067e-02
1.348499e-02,8.715846e-02,2.829415e-02,2.883518e-01,5.681752e-02,4.813405e-02,1.914042e-03,2.239372e-03,1.750289e-01,9.230597e-03,1.011212e-01,6.548234e-03,1.193095e-01,8.553835e-03,5.381338e-02
9.996257e-03,6.161253e-02,2.037738e-02,2.213213e-01,6.128366e-02,3.860689e-02,2.465339e-03,1.645233e-03,1.280610e-01,7.966078e-03,1.134952e-01,2.479649e-02,2.607903e-01,6.449396e-03,4.113297e-02
7.276181e-03,4.355068e-02,1.444086e-02,1.613099e-01,4.778148e-02,2.909693e-02,1.958937e-03,1.233817e-03,9.097775e-02,6.303139e-03,1.239295e-01,3.957139e-02,3.976339e-01,4.964729e-03,2.997089e-02
5.307320e-03,3.060528e-02,1.027578e-02,1.146248e-01,4.336350e-02,2.070383e-02,1.767180e-03,8.995950e-04,6.679344e-02,5.599640e-03,1.998949e-01,5.602419e-02,4.184587e-01,3.767114e-03,2.191466e-02
4.200023e-03,2.156435e-02,7.733926e-03,8.134873e-02,3.919312e-02,1.565289e-02,1.588676e-03,6.813867e-04,5.205876e-02,4.693936e-03,1.882787e-01,1.262441e-01,4.361069e-01,2.949893e-03,1.770459e-02
3.155228e-03,1.512018e-02,5.552756e-03,5.703289e-02,2.957528e-02,2.981441e-02,1.169303e-03,5.675894e-04,3.997578e-02,3.554215e-03,1.627158e-01,2.380339e-01,3.982809e-01,2.192553e-03,1.325926e-02
2.343300e-03,1.060640e-02,3.936592e-03,3.994771e-02,2.151282e-02,4.060321e-02,8.691334e-04,4.711904e-04,3.146636e-02,2.716246e-03,1.386199e-01,3.405557e-01,3.550753e-01,1.631474e-03,9.644612e-03
2.087006e-03,7.528568e-03,2.804831e-03,2.801863e-02,1.685278e-02,5.206545e-02,7.492262e-04,8.263094e-04,3.419683e-02,2.432320e-03,1.140213e-01,4.280512e-01,3.022926e-01,1.203636e-03,6.869373e-03
2.039251e-03,5.310860e-03,2.003375e-03,1.968521e-02,1.593006e-02,5.139613e-02,7.445339e-04,1.050235e-03,3.119382e-02,2.171377e-03,8.861487e-02,5.312005e-01,2.429291e-01,8.746507e-04,4.856110e-03
2.175301e-03,3.882987e-03,1.442040e-03,1.382632e-02,1.422183e-02,8.618993e-02,5.495474e-04,7.811229e-04,2.648281e-02,2.495270e-03,8.429278e-02,5.842684e-01,1.753340e-01,6.306053e-04,3.427109e-03
1.879103e-03,2.960267e-03,1.152207e-03,9.921015e-03,1.162465e-02,6.180051e-02,4.207261e-04,1.177068e-03,2.481341e-02,3.138223e-03,7.901819e-02,6.708490e-01,1.283786e-01,4.633508e-04,2.403683e-03
1.601130e-03,2.211921e-03,8.558442e-04,6.984797e-03,9.933865e-03,4.387068e-02,3.058907e-04,1.021133e-03,2.205548e-02,4.085745e-03,8.479100e-02,7.276863e-01,9.250870e-02,3.963708e-04,1.691110e-03
1.488579e-03,1.896385e-03,7.336665e-04,4.959419e-03,2.590726e-02,3.091541e-02,4.524575e-04,2.074643e-03,3.138102e-02,4.988645e-03,6.172417e-02,7.644531e-01,6.744310e-02,3.813403e-04,1.200854e-03
1.351442e-03,1.650975e-03,6.440830e-04,3.516826e-03,9.560628e-02,2.264706e-02,2.117169e-03,2.607261e-03,5.168553e-02,4.863610e-03,4.414000e-02,7.198763e-01,4.812510e-02,3.212326e-04,8.471350e-04
1.508537e-03,1.430255e-03,5.174840e-04,2.544646e-03,1.365284e-01,1.743075e-02,1.805755e-02,3.989766e-03,1.477998e-01,4.311809e-03,3.327201e-02,5.974709e-01,3.424812e-02,2.779996e-04,6.120269e-04
1.199728e-03,1.088071e-03,4.099163e-04,1.858605e-03,1.208772e-01,1.294927e-02,1.386085e-02,4.464268e-03,1.742995e-01,3.441898e-03,3.035985e-02,5.989110e-01,3.553202e-02,2.854177e-04,4.623373e-04
9.712310e-04,8.185362e-04,3.312444e-04,1.361943e-03,9.671155e-02,9.436202e-03,1.136806e-02,6.366096e-03,2.004535e-01,2.579677e-03,3.437677e-02,5.916331e-01,4.297066e-02,2.651400e-04,3.562723e-04
8.674888e-04,1.095654e-03,3.876442e-04,1.005277e-03,7.045937e-02,7.328934e-03,8.123463e-03,9.124858e-03,3.760756e-01,1.863292e-03,3.101007e-02,4.540214e-01,3.817157e-02,2.017675e-04,2.635844e-04
7.748075e-04,3.113321e-03,1.002152e-03,7.794941e-04,6.011824e-02,5.411598e-03,5.946559e-03,9.690384e-03,5.352027e-01,1.361363e-03,2.513365e-02,3.231346e-01,2.798069e-02,1.470416e-04,2.034377e-04
6.751836e-04,2.592471e-03,7.752734e-04,6.230953e-04,5.174195e-02,4.116828e-03,4.253642e-03,7.840618e-03,6.622883e-01,9.851411e-04,1.777929e-02,2.263650e-01,1.971216e-02,1.049060e-04,1.462245e-04
7.208292e-04,2.457340e-03,5.719058e-04,1.130534e-03,4.618733e-02,3.877577e-03,3.037022e-03,5.573829e-03,7.505728e-01,7.277529e-04,1.253979e-02,1.585253e-01,1.386400e-02,7.490189e-05,1.390726e-04
1.591763e-03,3.013435e-03,7.885158e-04,4.319946e-02,4.649222e-02,8.166901e-03,2.213865e-03,4.888928e-03,7.570904e-01,9.324097e-04,9.372314e-03,1.112970e-01,1.039897e-02,6.373601e-05,4.899677e-04
3.541043e-03,5.797172e-03,1.821909e-03,4.682194e-02,6.420080e-02,7.521700e-03,2.441124e-03,5.421718e-03,7.525125e-01,3.130130e-03,6.836955e-03,7.852665e-02,1.015800e-02,7.257389e-05,1.119584e-02
8.692799e-03,7.293936e-03,2.138539e-03,3.774299e-02,9.396867e-02,6.968793e-03,2.688831e-03,5.249698e-03,7.473016e-01,4.373430e-03,5.118381e-03,5.541630e-02,8.070132e-03,7.884885e-05,1.489704e-02
1.444114e-02,9.966677e-03,1.922216e-03,2.920388e-02,1.070004e-01,6.071060e-03,2.632124e-03,8.453417e-03,7.472537e-01,6.833158e-03,4.627414e-03,4.043015e-02,7.171252e-03,1.039285e-04,1.388952e-02
1.633614e-02,1.500485e-02,1.539657e-03,2.120892e-02,9.798320e-02,7.808944e-03,2.191897e-03,1.692181e-02,7.605997e-01,8.563545e-03,3.670936e-03,2.889633e-02,5.797273e-03,1.247888e-04,1.335201e-02
1.674800e-02,1.576324e-02,1.145719e-03,1.506006e-02,8.197477e-02,1.160186e-02,1.686837e-03,2.047403e-02,7.905626e-01,6.648979e-03,2.808719e-03,2.043433e-02,4.428102e-03,1.257453e-04,1.053700e-02
1.918381e-02,1.205099e-02,8.375444e-04,1.072257e-02,7.521307e-02,1.134141e-02,1.281099e-03,1.985668e-02,8.172303e-01,4.878457e-03,2.015007e-03,1.435623e-02,3.140826e-03,1.361379e-04,7.755886e-03
2.516780e-02,1.096232e-02,6.909505e-04,8.250592e-03,7.299530e-02,1.113448e-02,1.036571e-03,2.066264e-02,8.233886e-01,4.370624e-03,1.522550e-03,1.022357e-02,2.347430e-03,1.470716e-04,7.099512e-03
2.780145e-02,1.092718e-02,5.580573e-04,6.397887e-03,6.383840e-02,9.873167e-03,8.967174e-04,1.895365e-02,8.409552e-01,3.620342e-03,1.148363e-03,7.257335e-03,1.844904e-03,1.129878e-04,5.814372e-03
3.245938e-02,1.278663e-02,6.331442e-04,6.035138e-03,5.491741e-02,1.625612e-02,9.011519e-04,2.142425e-02,8.370863e-01,4.184062e-03,9.684889e-04,5.244909e-03,1.403278e-03,1.103086e-04,5.589470e-03
3.764828e-02,1.479601e-02,7.773065e-04,6.557777e-03,5.226705e-02,2.291483e-02,9.542216e-04,2.488252e-02,8.218907e-01,4.465199e-03,9.053372e-04,3.830249e-03,1.080166e-03,1.200407e-04,6.910271e-03
4.577658e-02,2.169841e-02,1.356423e-02,4.798375e-02,6.557313e-02,1.954721e-02,1.501542e-03,8.939520e-02,6.743097e-01,5.324585e-03,1.003797e-03,2.872522e-03,9.946272e-04,1.289755e-04,1.032567e-02
5.918125e-02,3.320082e-02,1.471813e-02,4.856651e-02,7.277459e-02,2.104031e-02,1.755617e-03,8.593437e-02,6.396732e-01,6.476350e-03,9.616255e-04,2.151839e-03,9.586476e-04,1.434523e-04,1.246324e-02
5.143050e-02,2.573440e-02,1.201482e-02,5.172376e-02,7.565126e-02,1.786642e-02,1.473018e-03,2.296725e-01,5.161819e-01,4.928787e-03,1.104740e-03,1.691186e-03,8.682196e-04,1.289013e-04,9.529548e-03
3.858307e-02,1.913143e-02,1.051616e-02,3.839216e-02,5.948766e-02,1.285330e-02,1.271084e-03,4.251232e-01,3.814035e-01,3.524267e-03,9.104327e-04,1.236746e-03,7.239717e-04,9.645293e-05,6.746451e-03
2.825177e-02,1.394318e-02,8.413206e-03,2.740791e-02,4.680911e-02,9.195233e-03,1.186432e-03,5.803379e-01,2.748917e-01,2.500084e-03,7.068225e-04,8.909428e-04,5.791378e-04,7.241382e-05,4.814163e-03
2.232317e-02,9.958706e-03,7.064348e-03,1.986456e-02,3.758231e-02,7.187057e-03,9.354422e-04,6.932046e-01,1.935376e-01,2.034988e-03,9.407495e-04,1.147576e-03,6.730779e-04,8.100583e-05,3.464748e-03
2.186837e-02,8.053060e-03,1.115930e-02,3.330876e-02,2.860719e-02,1.828422e-02,9.214317e-04,6.406991e-01,1.386793e-01,2.499523e-03,1.693287e-02,2.969471e-02,4.566800e-02,1.806853e-04,3.443385e-03
1.730446e-02,1.550718e-02,2.044999e-02,7.321531e-02,2.099781e-02,1.638776e-02,8.405120e-04,4.776238e-01,1.482716e-01,7.443571e-03,1.539279e-02,4.979066e-02,1.267932e-01,1.781040e-04,9.803244e-03
1.900521e-02,1.968133e-02,2.638651e-02,9.791180e-02,1.631940e-02,1.297863e-02,9.970143e-04,3.669924e-01,1.591731e-01,9.647295e-03,2.371595e-02,4.852484e-02,1.627720e-01,5.203589e-04,3.537404e-02
1.669584e-02,1.946479e-02,2.780065e-02,1.322403e-01,1.396989e-02,1.174429e-02,1.811324e-03,2.811965e-01,1.670230e-01,1.133557e-02,3.331926e-02,4.481866e-02,1.784653e-01,8.039659e-04,5.931060e-02
4.224281e-02,2.447789e-02,2.309122e-02,1.108805e-01,1.113952e-02,1.533714e-02,2.366666e-03,2.048619e-01,1.736863e-01,8.651156e-03,3.867646e-02,4.183738e-02,2.488042e-01,1.743394e-03,5.220348e-02
9.105825e-02,2.027513e-02,1.877118e-02,8.418679e-02,1.247339e-02,1.387622e-02,2.596220e-03,1.485195e-01,1.785957e-01,7.246447e-03,5.873445e-02,3.605985e-02,2.751797e-01,2.967915e-03,4.945925e-02
1.819938e-01,3.097304e-02,1.394461e-02,6.713998e-02,1.096080e-02,1.377590e-02,2.447350e-03,1.058735e-01,1.874250e-01,5.960655e-03,4.423302e-02,3.782206e-02,2.510149e-01,3.615527e-03,4.281994e-02
1.502846e-01,1.644312e-01,1.126755e-02,6.091671e-02,7.975492e-03,1.092480e-02,1.801517e-03,7.459127e-02,2.252960e-01,6.100500e-03,3.221860e-02,2.879626e-02,1.817527e-01,3.911247e-03,3.973155e-02
1.523453e-01,1.674024e-01,1.180784e-02,4.749255e-02,8.496014e-03,2.898211e-02,1.626944e-03,5.679686e-02,2.860954e-01,5.794082e-03,2.707392e-02,2.277475e-02,1.410848e-01,4.370684e-03,3.785631e-02
1.398335e-01,2.620185e-01,9.045788e-03,4.479847e-02,6.592940e-03,2.310596e-02,1.239900e-03,4.050817e-02,2.897128e-01,4.395010e-03,2.274066e-02,1.848980e-02,1.040678e-01,3.740995e-03,2.970968e-02
2.264520e-01,2.340407e-01,7.479046e-03,3.812277e-02,6.512526e-03,3.064645e-02,1.539058e-03,3.069627e-02,2.542665e-01,4.270540e-03,2.174699e-02,2.101555e-02,8.515262e-02,3.959759e-03,3.409928e-02
3.127689e-01,1.968334e-01,8.445420e-03,3.096886e-02,5.172644e-03,2.738627e-02,1.535865e-03,2.235855e-02,2.204624e-01,4.071636e-03,2.180197e-02,3.464464e-02,7.068944e-02,5.553380e-03,3.730646e-02
4.004304e-01,1.429361e-01,6.978056e-03,2.289600e-02,5.130427e-03,2.525403e-02,3.523251e-03,1.808206e-02,1.711830e-01,3.645227e-03,2.320839e-02,2.958506e-02,7.853321e-02,5.840478e-03,6.277435e-02
3.651843e-01,1.038834e-01,6.141998e-03,1.718064e-02,7.458929e-03,2.572831e-02,6.595978e-03,1.365513e-02,1.304732e-01,2.954908e-03,1.997397e-02,2.651927e-02,2.062241e-01,5.015428e-03,6.301051e-02
3.180670e-01,7.658358e-02,4.964974e-03,1.371471e-02,7.857066e-03,2.210300e-02,7.087248e-03,9.849072e-03,9.871351e-02,4.242234e-03,1.657498e-02,3.295891e-02,3.036060e-01,4.177515e-03,7.950023e-02
2.484435e-01,5.731206e-02,5.205828e-03,1.067071e-02,8.805374e-03,1.909037e-02,8.013370e-03,7.107127e-03,7.261232e-02,6.120861e-03,1.526471e-02,4.707490e-02,3.684517e-01,3.314217e-03,1.225130e-01
1.766346e-01,4.077154e-02,4.301669e-03,7.686444e-03,9.634813e-03,1.577054e-02,7.054479e-03,5.329460e-03,5.174274e-02,6.818946e-03,1.603592e-02,4.847923e-02,4.740366e-01,2.531229e-03,1.331719e-01
1.285522e-01,2.893977e-02,4.071898e-03,5.757177e-03,1.079538e-02,1.224825e-02,6.091743e-03,4.015887e-03,3.758551e-02,9.506356e-03,2.169647e-02,6.641787e-02,4.668690e-01,1.852963e-03,1.955996e-01
9.230248e-02,2.050543e-02,3.246159e-03,4.132667e-03,1.295327e-02,8.758413e-03,4.867235e-03,2.945472e-03,2.679746e-02,8.549199e-03,2.216165e-02,5.906032e-02,4.625367e-01,1.410001e-03,2.697736e-01
6.521775e-02,1.443781e-02,4.500182e-03,4.242563e-03,1.950556e-02,6.321290e-03,4.739861e-03,4.550559e-02,1.915879e-02,1.549792e-02,3.158981e-02,4.320898e-02,3.849885e-01,1.100179e-03,3.399853e-01
4.914178e-02,1.029334e-02,6.090149e-03,6.374530e-03,2.073301e-02,7.086227e-03,5.234340e-03,6.337412e-02,1.486832e-02,3.905676e-02,4.112242e-02,3.272383e-02,3.098108e-01,8.921964e-04,3.931981e-01
4.002795e-02,7.605378e-03,3.208939e-02,8.212885e-03,2.526632e-02,1.132131e-02,8.363679e-03,9.005633e-02,1.714480e-02,5.915868e-02,3.600734e-02,2.380855e-02,2.341726e-01,6.698238e-04,4.060950e-01
3.300510e-02,3.178984e-02,2.523354e-02,6.526237e-03,3.202334e-02,1.135843e-02,1.034939e-02,6.784285e-02,1.964675e-01,4.664020e-02,2.666375e-02,1.733526e-02,1.675651e-01,4.918529e-04,3.267076e-01
3.527840e-02,3.162854e-02,2.275541e-02,5.428594e-03,6.937166e-02,1.368250e-02,2.359608e-02,5.509344e-02,2.664973e-01,3.668140e-02,2.073651e-02,1.263703e-02,1.378619e-01,4.369307e-04,2.683142e-01
3.443396e-02,2.842461e-02,2.389349e-02,9.225165e-03,1.169651e-01,1.722141e-02,4.011293e-02,4.821872e-02,2.841029e-01,2.923662e-02,1.519234e-02,9.499870e-03,1.129489e-01,4.569121e-04,2.300670e-01
3.960750e-02,2.754772e-02,2.758499e-02,2.710567e-02,1.685794e-01,1.552395e-02,4.383866e-02,5.198969e-02,2.549214e-01,2.786240e-02,1.138419e-02,7.645341e-03,8.910045e-02,5.282238e-04,2.067804e-01
7.002178e-02,2.802586e-02,3.128587e-02,4.113964e-02,1.454611e-01,1.540761e-02,3.778490e-02,5.645204e-02,2.285655e-01,2.375844e-02,9.014226e-03,7.925298e-03,6.421269e-02,6.383258e-04,2.403068e-01
9.543902e-02,2.810927e-02,2.904327e-02,4.011920e-02,1.167287e-01,1.339633e-02,8.489470e-02,6.539541e-02,1.899065e-01,2.517110e-02,7.225729e-03,9.538743e-03,4.886450e-02,8.331520e-04,2.453343e-01
9.231802e-02,2.561809e-02,2.218086e-02,3.028172e-02,9.107790e-02,1.057120e-02,2.244312e-01,8.738831e-02,1.456616e-01,1.975348e-02,5.226924e-03,7.082661e-03,3.758430e-02,6.501756e-04,2.001736e-01
7.629433e-02,2.057495e-02,1.646641e-02,2.175561e-02,6.770524e-02,7.904377e-03,3.925167e-01,6.847579e-02,1.223632e-01,1.544211e-02,3.848662e-03,5.249334e-03,3.554091e-02,5.271439e-04,1.453353e-01
6.606624e-02,1.702180e-02,1.219334e-02,1.574873e-02,5.290841e-02,6.256182e-03,5.086220e-01,5.156037e-02,1.120687e-01,1.261895e-02,2.888770e-03,4.176938e-03,3.215395e-02,4.507322e-04,1.052649e-01
9.188417e-02,1.873063e-02,9.197839e-03,1.203637e-02,4.529069e-02,9.971184e-03,5.359170e-01,4.193006e-02,1.145875e-01,9.833400e-03,2.429353e-03,6.670076e-03,2.541435e-02,3.861449e-04,7.572117e-02
1.016030e-01,1.638112e-02,6.782805e-03,8.995247e-03,3.915817e-02,9.956039e-03,5.937960e-01,3.401584e-02,9.556691e-02,7.503607e-03,2.374900e-03,9.234894e-03,2.034543e-02,3.344518e-04,5.395162e-02
1.131797e-01,1.490769e-02,5.375106e-03,7.215620e-03,3.431171e-02,9.125580e-03,6.374596e-01,2.700019e-02,7.549807e-02,5.779430e-03,2.857360e-03,9.946642e-03,1.687973e-02,4.780582e-04,3.998555e-02
9.875406e-02,1.323519e-02,5.417141e-03,6.003208e-03,3.119576e-02,8.325056e-03,6.941260e-01,2.339758e-02,5.748345e-02,4.322554e-03,3.613929e-03,9.714212e-03,1.320577e-02,3.814256e-04,3.082464e-02
8.211273e-02,1.092678e-02,4.801413e-03,4.693759e-03,2.715679e-02,6.998928e-03,7.526883e-01,1.983374e-02,4.178786e-02,3.182172e-03,3.085457e-03,7.409425e-03,1.099207e-02,3.397003e-04,2.399082e-02
8.976200e-02,1.642637e-02,5.775401e-03,4.149535e-03,2.511472e-02,1.000834e-02,7.515526e-01,1.589070e-02,3.196196e-02,3.709198e-03,3.415134e-03,5.929345e-03,1.310142e-02,3.759988e-04,2.282725e-02
1.286282e-01,2.095236e-02,7.595993e-03,4.571725e-03,2.275934e-02,2.037822e-02,7.046510e-01,1.350835e-02,2.646296e-02,3.902867e-03,4.134608e-03,6.975234e-03,1.135795e-02,7.163634e-04,2.340486e-02
1.022980e-01,1.705197e-02,1.000358e-02,7.264617e-03,1.799607e-02,1.890084e-01,4.992616e-01,9.722840e-03,2.199010e-02,2.747882e-02,3.382235e-02,3.160449e-02,8.879567e-03,1.417392e-03,2.220023e-02
8.292454e-02,1.206213e-02,7.349358e-03,5.325713e-03,1.281829e-02,3.531690e-01,3.502521e-01,6.906157e-03,1.580472e-02,3.559850e-02,5.403196e-02,3.981159e-02,6.463417e-03,1.408719e-03,1.607376e-02
7.745150e-02,8.564503e-03,5.475431e-03,3.888381e-03,9.145871e-03,4.075063e-01,2.460455e-01,4.991294e-03,1.141860e-02,3.644743e-02,7.358367e-02,9.707216e-02,4.812647e-03,1.599794e-03,1.199684e-02
6.584020e-02,6.908334e-03,1.027083e-02,3.960753e-03,9.738210e-03,3.325894e-01,1.730165e-01,5.573940e-03,1.226412e-02,2.838000e-02,9.728841e-02,2.397610e-01,3.676546e-03,1.540456e-03,9.191392e-03
4.639133e-02,5.544333e-03,9.831815e-03,2.905368e-03,7.410338e-03,2.363326e-01,1.212281e-01,4.084306e-03,1.687719e-02,2.119834e-02,1.134533e-01,4.032115e-01,2.828184e-03,1.967420e-03,6.735858e-03
3.310259e-02,7.378086e-03,1.465099e-02,2.201658e-03,1.550024e-02,1.675226e-01,8.504439e-02,3.103762e-03,2.770824e-02,1.617852e-02,1.048014e-01,5.127981e-01,2.536073e-03,2.537611e-03,4.935722e-03
2.337680e-02,7.536488e-03,1.733629e-02,1.651053e-03,1.353963e-02,1.180404e-01,5.974462e-02,3.044890e-03,2.642441e-02,1.272005e-02,1.183964e-01,5.888290e-01,2.250071e-03,3.470342e-03,3.639587e-03
1.667371e-02,7.207693e-03,2.641075e-02,1.524885e-03,1.598760e-02,8.335255e-02,4.243647e-02,7.082515e-03,2.657714e-02,1.065830e-02,9.922841e-02,6.539019e-01,2.046768e-03,4.248959e-03,2.662276e-03
1.233092e-02,9.692099e-03,2.592500e-02,1.840460e-03,2.324248e-02,5.883570e-02,2.987079e-02,1.418292e-02,6.317884e-02,1.303147e-02,9.113502e-02,6.418265e-01,4.634882e-03,8.079777e-03,2.193158e-03
1.056186e-02,1.040398e-02,2.026350e-02,1.874133e-03,3.655288e-02,4.478965e-02,2.288383e-02,1.851987e-02,8.214930e-02,3.678434e-02,1.415006e-01,5.529124e-01,5.369454e-03,1.311910e-02,2.315022e-03
1.034601e-02,1.261087e-02,1.763407e-02,1.926103e-03,3.978333e-02,3.449519e-02,1.672498e-02,2.197813e-02,1.231592e-01,3.710740e-02,1.574269e-01,5.002275e-01,9.460332e-03,1.475332e-02,2.366722e-03
8.324646e-03,7.309818e-02,2.348139e-02,1.781989e-03,3.832634e-02,2.642390e-02,1.200152e-02,1.773668e-02,1.474424e-01,9.525672e-02,1.312844e-01,3.894796e-01,1.168887e-02,1.835035e-02,5.322933e-03
7.113888e-03,7.690254e-02,2.174911e-02,1.544822e-03,3.780996e-02,2.059754e-02,8.671799e-03,1.476564e-02,1.426354e-01,2.411122e-01,1.045541e-01,2.871998e-01,1.087805e-02,1.925679e-02,5.208285e-03
9.399969e-03,7.960011e-02,1.862224e-02,3.992337e-03,4.913276e-02,1.620509e-02,6.336657e-03,2.554796e-02,1.400916e-01,3.280777e-01,8.223733e-02,2.089399e-01,9.831519e-03,1.628974e-02,5.695141e-03
9.464292e-03,8.723144e-02,1.763045e-02,3.358186e-03,5.594829e-02,1.199528e-02,4.752817e-03,3.123880e-02,1.601589e-01,3.755766e-01,6.437863e-02,1.480479e-01,8.162281e-03,1.707136e-02,4.984762e-03
1.053482e-02,7.138827e-02,1.860735e-02,9.435371e-03,8.295983e-02,9.420319e-03,3.503145e-03,1.768747e-01,1.320842e-01,3.063868e-01,4.933176e-02,1.055994e-01,6.688769e-03,1.313953e-02,4.045749e-03
1.700419e-02,5.881221e-02,1.841814e-02,9.589476e-03,7.978047e-02,8.460991e-03,3.670212e-03,1.843876e-01,1.170003e-01,3.616016e-01,3.955019e-02,7.693353e-02,7.290770e-03,1.326119e-02,4.239145e-03
2.011983e-02,4.747625e-02,1.516354e-02,1.151922e-02,9.926248e-02,7.541306e-03,3.623279e-03,1.459844e-01,1.479596e-01,3.818733e-01,3.980210e-02,5.666985e-02,7.042967e-03,1.205817e-02,3.903777e-03
1.653569e-02,3.896239e-02,1.696841e-02,1.177219e-02,1.028539e-01,6.612549e-03,4.661587e-03,2.253745e-01,1.702749e-01,3.110015e-01,3.155145e-02,4.285997e-02,8.387888e-03,9.085904e-03,3.097090e-03
1.344716e-02,3.028618e-02,3.459605e-02,9.862417e-03,9.326625e-02,5.991545e-03,6.368725e-03,3.700435e-01,1.359241e-01,2.300263e-01,2.327627e-02,3.040545e-02,7.344129e-03,6.923906e-03,2.238108e-03
1.430972e-02,2.239319e-02,4.394427e-02,1.655212e-02,8.160692e-02,5.181855e-03,5.147580e-03,4.908889e-01,1.006928e-01,1.636351e-01,1.859392e-02,2.425764e-02,5.916678e-03,5.153773e-03,1.725630e-03
3.187380e-02,1.988390e-02,3.310672e-02,1.452125e-02,7.622970e-02,4.368443e-03,4.994273e-03,5.228350e-01,8.410844e-02,1.642165e-01,1.361640e-02,1.889458e-02,5.159182e-03,4.749953e-03,1.441899e-03
4.185472e-02,1.535374e-02,2.582098e-02,1.178235e-02,7.043757e-02,4.412341e-03,5.206126e-03,5.722891e-01,6.452288e-02,1.534428e-01,1.047771e-02,1.413386e-02,4.988234e-03,4.032229e-03,1.245353e-03
4.588495e-02,1.551763e-02,2.177463e-02,1.155194e-02,8.565541e-02,3.847035e-03,4.668812e-03,5.461117e-01,5.828616e-02,1.778687e-01,8.790497e-03,1.073687e-02,4.365540e-03,3.815280e-03,1.124787e-03
6.230910e-02,1.856432e-02,1.887225e-02,1.104795e-02,8.759953e-02,3.348065e-03,3.947651e-03,5.585439e-01,5.483351e-02,1.563193e-01,6.984709e-03,8.653865e-03,3.577869e-03,4.194364e-03,1.203682e-03
8.044854e-02,2.048843e-02,1.617461e-02,9.714819e-03,8.442546e-02,3.803296e-03,3.532816e-03,5.913782e-01,5.203184e-02,1.146353e-01,5.766877e-03,7.504541e-03,3.779822e-03,4.972329e-03,1.343098e-03
1.023751e-01,2.235889e-02,1.245385e-02,7.803224e-03,6.941914e-02,3.769555e-03,4.619558e-03,6.132486e-01,5.629036e-02,8.533497e-02,4.894070e-03,6.078470e-03,3.580656e-03,6.160041e-03,1.613483e-03
1.408171e-01,1.894426e-02,1.080771e-02,6.246509e-03,5.667723e-02,3.972917e-03,5.953432e-03,6.199288e-01,4.913143e-02,6.117680e-02,5.566799e-03,5.182000e-03,4.139106e-03,9.808645e-03,1.647195e-03
2.499221e-01,1.424988e-02,1.284364e-02,6.190235e-03,4.220498e-02,1.008382e-02,6.357744e-03,5.437148e-01,3.671856e-02,4.431640e-02,7.741056e-03,1.024464e-02,3.961870e-03,9.205887e-03,2.244277e-03
3.486242e-01,1.160768e-02,1.680882e-02,6.754513e-03,3.144737e-02,1.219047e-02,6.727741e-03,4.637715e-01,2.887598e-02,3.239067e-02,9.925514e-03,1.589902e-02,4.158775e-03,7.664952e-03,3.152760e-03
4.200969e-01,1.063540e-02,1.867900e-02,9.661515e-03,2.462533e-02,1.707423e-02,7.102975e-03,3.894693e-01,2.570626e-02,2.518828e-02,1.259846e-02,1.930784e-02,5.033381e-03,7.927404e-03,6.893608e-03
4.362108e-01,1.074007e-02,2.027234e-02,9.734332e-03,2.070434e-02,2.288279e-02,1.355211e-02,3.508262e-01,2.122399e-02,2.704291e-02,1.307613e-02,2.251508e-02,7.183483e-03,9.222326e-03,1.481298e-02
4.447687e-01,1.021888e-02,2.361385e-02,1.086522e-02,1.831186e-02,2.554302e-02,1.513805e-02,3.183673e-01,1.797251e-02,3.490706e-02,1.170397e-02,2.144852e-02,7.128105e-03,9.672827e-03,3.034014e-02
3.872792e-01,1.101685e-02,2.105095e-02,1.248440e-02,1.599428e-02,2.281834e-02,1.278573e-02,2.442674e-01,2.583984e-02,1.382715e-01,1.377528e-02,2.040707e-02,1.051661e-02,8.887910e-03,5.460464e-02
3.612262e-01,9.308055e-03,1.648063e-02,9.874272e-03,1.514206e-02,2.476882e-02,1.341629e-02,1.940329e-01,5.100374e-02,1.232559e-01,2.350170e-02,1.787549e-02,1.045191e-02,4.277074e-02,8.689130e-02
2.813633e-01,7.862855e-03,1.241641e-02,7.893430e-03,1.362676e-02,2.196320e-02,1.194561e-02,1.537655e-01,1.006348e-01,1.686631e-01,2.553264e-02,1.437605e-02,9.007040e-03,6.920594e-02,1.017434e-01
2.753075e-01,1.120347e-02,1.171211e-02,7.487212e-03,1.211826e-02,2.746776e-02,1.046812e-02,1.298420e-01,1.288840e-01,1.446103e-01,4.338313e-02,1.462841e-02,1.042955e-02,7.440938e-02,9.804882e-02
2.855912e-01,1.213168e-02,1.040069e-02,7.393114e-03,1.266280e-02,2.915449e-02,9.242848e-03,1.077346e-01,1.385898e-01,1.292573e-01,4.240919e-02,1.343009e-02,1.007787e-02,8.751732e-02,1.044071e-01
2.834030e-01,1.502891e-02,1.363911e-02,7.502637e-03,1.276852e-02,4.224890e-02,1.122715e-02,8.333956e-02,1.691120e-01,9.641683e-02,4.475356e-02,1.311942e-02,1.075375e-02,9.503825e-02,1.016484e-01
2.857802e-01,1.792406e-02,1.019284e-02,6.454268e-03,1.854201e-02,3.481662e-02,1.043389e-02,5.966901e-02,2.000256e-01,6.945602e-02,3.992477e-02,1.137831e-02,1.450615e-02,8.327593e-02,1.376205e-01
3.455021e-01,1.807895e-02,9.217052e-03,6.664237e-03,1.658342e-02,3.026326e-02,9.612366e-03,4.334235e-02,1.701389e-01,5.097447e-02,3.767948e-02,1.336573e-02,1.581233e-02,7.257313e-02,1.601923e-01
3.301548e-01,2.676893e-02,1.232680e-02,5.989027e-03,1.377204e-02,2.938032e-02,7.130979e-03,3.118203e-02,1.523914e-01,3.910962e-02,4.692278e-02,1.099982e-02,1.206017e-02,7.812903e-02,2.036823e-01
3.280255e-01,3.616433e-02,2.411860e-02,7.671969e-03,1.221254e-02,3.319535e-02,5.754796e-03,2.268101e-02,1.555542e-01,3.256603e-02,4.879712e-02,1.140661e-02,1.033769e-02,7.084487e-02,2.006694e-01
