1.000000e+00,0.000000e+00,0.000000e+00,0.000000e+00,0.000000e+00,0.000000e+00,0.000000e+00,0.000000e+00,0.000000e+00,0.000000e+00,0.000000e+00,0.000000e+00,0.000000e+00,0.000000e+00,0.000000e+00
1.000000e+00,0.000000e+00,0.000000e+00,0.000000e+00,0.000000e+00,0.000000e+00,0.000000e+00,0.000000e+00,0.000000e+00,0.000000e+00,0.000000e+00,0.000000e+00,0.000000e+00,0.000000e+00,0.000000e+00
1.000000e+00,0.000000e+00,0.000000e+00,0.000000e+00,0.000000e+00,0.000000e+00,0.000000e+00,0.000000e+00,0.000000e+00,0.000000e+00,0.000000e+00,0.000000e+00,0.000000e+00,0.000000e+00,0.000000e+00
1.000000e+00,0.000000e+00,0.000000e+00,0.000000e+00,0.000000e+00,0.000000e+00,0.000000e+00,0.000000e+00,0.000000e+00,0.000000e+00,0.000000e+00,0.000000e+00,0.000000e+00,0.000000e+00,0.000000e+00
1.000000e+00,0.000000e+00,0.000000e+00,0.000000e+00,0.000000e+00,0.000000e+00,0.000000e+00,0.000000e+00,0.000000e+00,0.000000e+00,0.000000e+00,0.000000e+00,0.000000e+00,0.000000e+00,0.000000e+00
1.000000e+00,0.000000e+00,0.000000e+00,0.000000e+00,0.000000e+00,0.000000e+00,0.000000e+00,0.000000e+00,0.000000e+00,0.000000e+00,0.000000e+00,0.000000e+00,0.000000e+00,0.000000e+00,0.000000e+00
1.000000e+00,0.000000e+00,0.000000e+00,0.000000e+00,0.000000e+00,0.000000e+00,0.000000e+00,0.000000e+00,0.000000e+00,0.000000e+00,0.000000e+00,0.000000e+00,0.000000e+00,0.000000e+00,0.000000e+00
1.000000e+00,0.000000e+00,0.000000e+00,0.000000e+00,0.000000e+00,0.000000e+00,0.000000e+00,0.000000e+00,0.000000e+00,0.000000e+00,0.000000e+00,0.000000e+00,0.000000e+00,0.000000e+00,0.000000e+00
1.000000e+00,0.000000e+00,0.000000e+00,0.000000e+00,0.000000e+00,0.000000e+00,0.000000e+00,0.000000e+00,0.000000e+00,0.000000e+00,0.000000e+00,0.000000e+00,0.000000e+00,0.000000e+00,0.000000e+00
1.000000e+00,0.000000e+00,0.000000e+00,0.000000e+00,0.000000e+00,0.000000e+00,0.000000e+00,0.000000e+00,0.000000e+00,0.000000e+00,0.000000e+00,0.000000e+00,0.000000e+00,0.000000e+00,0.000000e+00
1.000000e+00,0.000000e+00,0.000000e+00,0.000000e+00,0.000000e+00,0.000000e+00,0.000000e+00,0.000000e+00,0.000000e+00,0.000000e+00,0.000000e+00,0.000000e+00,0.000000e+00,0.000000e+00,0.000000e+00
1.000000e+00,0.000000e+00,0.000000e+00,0.000000e+00,0.000000e+00,0.000000e+00,0.000000e+00,0.000000e+00,0.000000e+00,0.000000e+00,0.000000e+00,0.000000e+00,0.000000e+00,0.000000e+00,0.000000e+00
1.000000e+00,0.000000e+00,0.000000e+00,0.000000e+00,0.000000e+00,0.000000e+00,0.000000e+00,0.000000e+00,0.000000e+00,0.000000e+00,0.000000e+00,0.000000e+00,0.000000e+00,0.000000e+00,0.000000e+00
1.000000e+00,0.000000e+00,0.000000e+00,0.000000e+00,0.000000e+00,0.000000e+00,0.000000e+00,0.000000e+00,0.000000e+00,0.000000e+00,0.000000e+00,0.000000e+00,0.000000e+00,0.000000e+00,0.000000e+00
1.000000e+00,0.000000e+00,0.000000e+00,0.000000e+00,0.000000e+00,0.000000e+00,0.000000e+00,0.000000e+00,0.000000e+00,0.000000e+00,0.000000e+00,0.000000e+00,0.000000e+00,0.000000e+00,0.000000e+00
1.000000e+00,0.000000e+00,0.000000e+00,0.000000e+00,0.000000e+00,0.000000e+00,0.000000e+00,0.000000e+00,0.000000e+00,0.000000e+00,0.000000e+00,0.000000e+00,0.000000e+00,0.000000e+00,0.000000e+00
1.000000e+00,0.000000e+00,0.000000e+00,0.000000e+00,0.000000e+00,0.000000e+00,0.000000e+00,0.000000e+00,0.000000e+00,0.000000e+00,0.000000e+00,0.000000e+00,0.000000e+00,0.000000e+00,0.000000e+00
1.000000e+00,0.000000e+00,0.000000e+00,0.000000e+00,0.000000e+00,0.000000e+00,0.000000e+00,0.000000e+00,0.000000e+00,0.000000e+00,0.000000e+00,0.000000e+00,0.000000e+00,0.000000e+00,0.000000e+00
1.000000e+00,0.000000e+00,0.000000e+00,0.000000e+00,0.000000e+00,0.000000e+00,0.000000e+00,0.000000e+00,0.000000e+00,0.000000e+00,0.000000e+00,0.000000e+00,0.000000e+00,0.000000e+00,0.000000e+00
1.000000e+00,0.000000e+00,0.000000e+00,0.000000e+00,0.000000e+00,0.000000e+00,0.000000e+00,0.000000e+00,0.000000e+00,0.000000e+00,0.000000e+00,0.000000e+00,0.000000e+00,0.000000e+00,0.000000e+00
1.000000e+00,0.000000e+00,0.000000e+00,0.000000e+00,0.000000e+00,0.000000e+00,0.000000e+00,0.000000e+00,0.000000e+00,0.000000e+00,0.000000e+00,0.000000e+00,0.000000e+00,0.000000e+00,0.000000e+00
1.000000e+00,0.000000e+00,0.000000e+00,0.000000e+00,0.000000e+00,0.000000e+00,0.000000e+00,0.000000e+00,0.000000e+00,0.000000e+00,0.000000e+00,0.000000e+00,0.000000e+00,0.000000e+00,0.000000e+00
1.000000e+00,0.000000e+00,0.000000e+00,0.000000e+00,0.000000e+00,0.000000e+00,0.000000e+00,0.000000e+00,0.000000e+00,0.000000e+00,0.000000e+00,0.000000e+00,0.000000e+00,0.000000e+00,0.000000e+00
1.000000e+00,0.000000e+00,0.000000e+00,0.000000e+00,0.000000e+00,0.000000e+00,0.000000e+00,0.000000e+00,0.000000e+00,0.000000e+00,0.000000e+00,0.000000e+00,0.000000e+00,0.000000e+00,0.000000e+00
1.000000e+00,0.000000e+00,0.000000e+00,0.000000e+00,0.000000e+00,0.000000e+00,0.000000e+00,0.000000e+00,0.000000e+00,0.000000e+00,0.000000e+00,0.000000e+00,0.000000e+00,0.000000e+00,0.000000e+00
1.000000e+00,0.000000e+00,0.000000e+00,0.000000e+00,0.000000e+00,0.000000e+00,0.000000e+00,0.000000e+00,0.000000e+00,0.000000e+00,0.000000e+00,0.000000e+00,0.000000e+00,0.000000e+00,0.000000e+00
1.000000e+00,0.000000e+00,0.000000e+00,0.000000e+00,0.000000e+00,0.000000e+00,0.000000e+00,0.000000e+00,0.000000e+00,0.000000e+00,0.000000e+00,0.000000e+00,0.000000e+00,0.000000e+00,0.000000e+00
1.000000e+00,0.000000e+00,0.000000e+00,0.000000e+00,0.000000e+00,0.000000e+00,0.000000e+00,0.000000e+00,0.000000e+00,0.000000e+00,0.000000e+00,0.000000e+00,0.000000e+00,0.000000e+00,0.000000e+00
1.000000e+00,0.000000e+00,0.000000e+00,0.000000e+00,0.000000e+00,0.000000e+00,0.000000e+00,0.000000e+00,0.000000e+00,0.000000e+00,0.000000e+00,0.000000e+00,0.000000e+00,0.000000e+00,0.000000e+00
1.000000e+00,0.000000e+00,0.000000e+00,0.000000e+00,0.000000e+00,0.000000e+00,0.000000e+00,0.000000e+00,0.000000e+00,0.000000e+00,0.000000e+00,0.000000e+00,0.000000e+00,0.000000e+00,0.000000e+00
1.000000e+00,0.000000e+00,0.000000e+00,0.000000e+00,0.000000e+00,0.000000e+00,0.000000e+00,0.000000e+00,0.000000e+00,0.000000e+00,0.000000e+00,0.000000e+00,0.000000e+00,0.000000e+00,0.000000e+00
1.000000e+00,0.000000e+00,0.000000e+00,0.000000e+00,0.000000e+00,0.000000e+00,0.000000e+00,0.000000e+00,0.000000e+00,0.000000e+00,0.000000e+00,0.000000e+00,0.000000e+00,0.000000e+00,0.000000e+00
1.000000e+00,0.000000e+00,0.000000e+00,0.000000e+00,0.000000e+00,0.000000e+00,0.000000e+00,0.000000e+00,0.000000e+00,0.000000e+00,0.000000e+00,0.000000e+00,0.000000e+00,0.000000e+00,0.000000e+00
1.000000e+00,0.000000e+00,0.000000e+00,0.000000e+00,0.000000e+00,0.000000e+00,0.000000e+00,0.000000e+00,0.000000e+00,0.000000e+00,0.000000e+00,0.000000e+00,0.000000e+00,0.000000e+00,0.000000e+00
1.000000e+00,0.000000e+00,0.000000e+00,0.000000e+00,0.000000e+00,0.000000e+00,0.000000e+00,0.000000e+00,0.000000e+00,0.000000e+00,0.000000e+00,0.000000e+00,0.000000e+00,0.000000e+00,0.000000e+00
1.000000e+00,0.000000e+00,0.000000e+00,0.000000e+00,0.000000e+00,0.000000e+00,0.000000e+00,0.000000e+00,0.000000e+00,0.000000e+00,0.000000e+00,0.000000e+00,0.000000e+00,0.000000e+00,0.000000e+00
1.000000e+00,0.000000e+00,0.000000e+00,0.000000e+00,0.000000e+00,0.000000e+00,0.000000e+00,0.000000e+00,0.000000e+00,0.000000e+00,0.000000e+00,0.000000e+00,0.000000e+00,0.000000e+00,0.000000e+00
1.000000e+00,0.000000e+00,0.000000e+00,0.000000e+00,0.000000e+00,0.000000e+00,0.000000e+00,0.000000e+00,0.000000e+00,0.000000e+00,0.000000e+00,0.000000e+00,0.000000e+00,0.000000e+00,0.000000e+00
1.000000e+00,0.000000e+00,0.000000e+00,0.000000e+00,0.000000e+00,0.000000e+00,0.000000e+00,0.000000e+00,0.000000e+00,0.000000e+00,0.000000e+00,0.000000e+00,0.000000e+00,0.000000e+00,0.000000e+00
1.000000e+00,0.000000e+00,0.000000e+00,0.000000e+00,0.000000e+00,0.000000e+00,0.000000e+00,0.000000e+00,0.000000e+00,0.000000e+00,0.000000e+00,0.000000e+00,0.000000e+00,0.000000e+00,0.000000e+00
1.000000e+00,0.000000e+00,0.000000e+00,0.000000e+00,0.000000e+00,0.000000e+00,0.000000e+00,0.000000e+00,0.000000e+00,0.000000e+00,0.000000e+00,0.000000e+00,0.000000e+00,0.000000e+00,0.000000e+00
1.000000e+00,0.000000e+00,0.000000e+00,0.000000e+00,0.000000e+00,0.000000e+00,0.000000e+00,0.000000e+00,0.000000e+00,0.000000e+00,0.000000e+00,0.000000e+00,0.000000e+00,0.000000e+00,0.000000e+00
1.000000e+00,0.000000e+00,0.000000e+00,0.000000e+00,0.000000e+00,0.000000e+00,0.000000e+00,0.000000e+00,0.000000e+00,0.000000e+00,0.000000e+00,0.000000e+00,0.000000e+00,0.000000e+00,0.000000e+00
1.000000e+00,0.000000e+00,0.000000e+00,0.000000e+00,0.000000e+00,0.000000e+00,0.000000e+00,0.000000e+00,0.000000e+00,0.000000e+00,0.000000e+00,0.000000e+00,0.000000e+00,0.000000e+00,0.000000e+00
1.000000e+00,0.000000e+00,0.000000e+00,0.000000e+00,0.000000e+00,0.000000e+00,0.000000e+00,0.000000e+00,0.000000e+00,0.000000e+00,0.000000e+00,0.000000e+00,0.000000e+00,0.000000e+00,0.000000e+00
1.000000e+00,0.000000e+00,0.000000e+00,0.000000e+00,0.000000e+00,0.000000e+00,0.000000e+00,0.000000e+00,0.000000e+00,0.000000e+00,0.000000e+00,0.000000e+00,0.000000e+00,0.000000e+00,0.000000e+00
1.000000e+00,0.000000e+00,0.000000e+00,0.000000e+00,0.000000e+00,0.000000e+00,0.000000e+00,0.000000e+00,0.000000e+00,0.000000e+00,0.000000e+00,0.000000e+00,0.000000e+00,0.000000e+00,0.000000e+00
1.000000e+00,0.000000e+00,0.000000e+00,0.000000e+00,0.000000e+00,0.000000e+00,0.000000e+00,0.000000e+00,0.000000e+00,0.000000e+00,0.000000e+00,0.000000e+00,0.000000e+00,0.000000e+00,0.000000e+00
1.000000e+00,0.000000e+00,0.000000e+00,0.000000e+00,0.000000e+00,0.000000e+00,0.000000e+00,0.000000e+00,0.000000e+00,0.000000e+00,0.000000e+00,0.000000e+00,0.000000e+00,0.000000e+00,0.000000e+00
1.000000e+00,0.000000e+00,0.000000e+00,0.000000e+00,0.000000e+00,0.000000e+00,0.000000e+00,0.000000e+00,0.000000e+00,0.000000e+00,0.000000e+00,0.000000e+00,0.000000e+00,0.000000e+00,0.000000e+00
1.000000e+00,0.000000e+00,0.000000e+00,0.000000e+00,0.000000e+00,0.000000e+00,0.000000e+00,0.000000e+00,0.000000e+00,0.000000e+00,0.000000e+00,0.000000e+00,0.000000e+00,0.000000e+00,0.000000e+00
1.000000e+00,0.000000e+00,0.000000e+00,0.000000e+00,0.000000e+00,0.000000e+00,0.000000e+00,0.000000e+00,0.000000e+00,0.000000e+00,0.000000e+00,0.000000e+00,0.000000e+00,0.000000e+00,0.000000e+00
1.000000e+00,0.000000e+00,0.000000e+00,0.000000e+00,0.000000e+00,0.000000e+00,0.000000e+00,0.000000e+00,0.000000e+00,0.000000e+00,0.000000e+00,0.000000e+00,0.000000e+00,0.000000e+00,0.000000e+00
1.000000e+00,0.000000e+00,0.000000e+00,0.000000e+00,0.000000e+00,0.000000e+00,0.000000e+00,0.000000e+00,0.000000e+00,0.000000e+00,0.000000e+00,0.000000e+00,0.000000e+00,0.000000e+00,0.000000e+00
1.000000e+00,0.000000e+00,0.000000e+00,0.000000e+00,0.000000e+00,0.000000e+00,0.000000e+00,0.000000e+00,0.000000e+00,0.000000e+00,0.000000e+00,0.000000e+00,0.000000e+00,0.000000e+00,0.000000e+00
1.000000e+00,0.000000e+00,0.000000e+00,0.000000e+00,0.000000e+00,0.000000e+00,0.000000e+00,0.000000e+00,0.000000e+00,0.000000e+00,0.000000e+00,0.000000e+00,0.000000e+00,0.000000e+00,0.000000e+00
1.000000e+00,0.000000e+00,0.000000e+00,0.000000e+00,0.000000e+00,0.000000e+00,0.000000e+00,0.000000e+00,0.000000e+00,0.000000e+00,0.000000e+00,0.000000e+00,0.000000e+00,0.000000e+00,0.000000e+00
1.000000e+00,0.000000e+00,0.000000e+00,0.000000e+00,0.000000e+00,0.000000e+00,0.000000e+00,0.000000e+00,0.000000e+00,0.000000e+00,0.000000e+00,0.000000e+00,0.000000e+00,0.000000e+00,0.000000e+00
1.000000e+00,0.000000e+00,0.000000e+00,0.000000e+00,0.000000e+00,0.000000e+00,0.000000e+00,0.000000e+00,0.000000e+00,0.000000e+00,0.000000e+00,0.000000e+00,0.000000e+00,0.000000e+00,0.000000e+00
1.000000e+00,0.000000e+00,0.000000e+00,0.000000e+00,0.000000e+00,0.000000e+00,0.000000e+00,0.000000e+00,0.000000e+00,0.000000e+00,0.000000e+00,0.000000e+00,0.000000e+00,0.000000e+00,0.000000e+00
1.000000e+00,0.000000e+00,0.000000e+00,0.000000e+00,0.000000e+00,0.000000e+00,0.000000e+00,0.000000e+00,0.000000e+00,0.000000e+00,0.000000e+00,0.000000e+00,0.000000e+00,0.000000e+00,0.000000e+00
4.458513e-01,2.115215e-02,1.047530e-02,2.579379e-01,8.505781e-03,1.139280e-02,2.651331e-03,9.183601e-03,1.068455e-02,3.482087e-03,1.259694e-01,2.018706e-02,5.465551e-02,2.727619e-03,1.514355e-02
3.160310e-01,1.784734e-02,9.799270e-03,4.172867e-01,7.587100e-03,8.265793e-03,1.935083e-03,6.695595e-03,1.126505e-02,3.130276e-03,1.222696e-01,1.574352e-02,4.824412e-02,2.165132e-03,1.173446e-02
2.216596e-01,1.443696e-02,8.459622e-03,4.859831e-01,7.864840e-03,6.960067e-03,1.565474e-03,4.773260e-03,1.020296e-02,3.675799e-03,1.671782e-01,1.321181e-02,4.234500e-02,2.036898e-03,9.646500e-03
1.555256e-01,1.100114e-02,8.147561e-03,4.584084e-01,7.967231e-03,5.487788e-03,1.831565e-03,3.733189e-03,1.002366e-02,4.486602e-03,2.468981e-01,1.059661e-02,6.214401e-02,2.234067e-03,1.151449e-02
1.159486e-01,1.036460e-02,8.624295e-03,4.379553e-01,1.377301e-02,6.772233e-03,3.042544e-03,2.856477e-03,1.408803e-02,5.718038e-03,2.595806e-01,9.351064e-03,7.811835e-02,5.040444e-03,2.876648e-02
8.402728e-02,7.592712e-03,1.206307e-02,3.156631e-01,1.857782e-02,5.104476e-03,2.761373e-03,1.621563e-02,1.212458e-02,4.857155e-03,2.993500e-01,1.059629e-02,1.813553e-01,5.138537e-03,2.457263e-02
6.040753e-02,1.260289e-02,5.994058e-02,4.173305e-01,2.141900e-02,3.896059e-03,2.002125e-03,1.142800e-02,2.442712e-02,4.307956e-03,2.218988e-01,8.127516e-03,1.300312e-01,4.280800e-03,1.789996e-02
4.261423e-02,9.906990e-03,5.021933e-02,4.906473e-01,1.896932e-02,3.389113e-03,1.483664e-03,8.038935e-03,2.102533e-02,3.404967e-03,2.273338e-01,6.713097e-03,1.001337e-01,3.245978e-03,1.287440e-02
3.010499e-02,7.095347e-03,3.616854e-02,3.608249e-01,1.452869e-02,2.740425e-03,1.113289e-03,5.666076e-03,1.730476e-02,4.683170e-03,3.650932e-01,2.989009e-02,1.123484e-01,2.549131e-03,9.888984e-03
2.143110e-02,4.994875e-03,2.604659e-02,2.663752e-01,1.169352e-02,3.467364e-03,8.319141e-04,4.020373e-03,1.322166e-02,6.474107e-03,3.495461e-01,1.074282e-01,1.732770e-01,2.524202e-03,8.667784e-03
1.517496e-02,3.512704e-03,1.875783e-02,1.915436e-01,1.244831e-02,8.743833e-03,6.790841e-04,3.091282e-03,1.080711e-02,7.750102e-03,3.111566e-01,1.665004e-01,2.388585e-01,2.173355e-03,8.802229e-03
1.995253e-02,2.823823e-03,1.669949e-02,1.415892e-01,1.514484e-02,9.955126e-02,1.167349e-03,5.594121e-03,1.602226e-02,1.095961e-02,2.373272e-01,2.190272e-01,2.011200e-01,4.698575e-03,8.322569e-03
1.866122e-02,2.307579e-03,1.283168e-02,1.013712e-01,1.358875e-02,2.123300e-01,1.291711e-03,6.439318e-03,1.939014e-02,8.709166e-03,1.768622e-01,2.542681e-01,1.611298e-01,4.219983e-03,6.598976e-03
1.435127e-02,2.089113e-03,9.117395e-03,7.149202e-02,1.065060e-02,1.563696e-01,1.134962e-03,5.319152e-03,1.314838e-01,7.739942e-03,1.312815e-01,2.830722e-01,1.671572e-01,3.775900e-03,4.965333e-03
1.056285e-02,1.979659e-03,6.737235e-03,5.039272e-02,9.575265e-03,1.154576e-01,1.198892e-03,5.814678e-03,1.558091e-01,6.189935e-03,9.527466e-02,2.995389e-01,2.346548e-01,2.988628e-03,3.825180e-03
8.786304e-03,1.787322e-03,5.670310e-03,3.660550e-02,8.626905e-03,9.689282e-02,1.436773e-03,5.194901e-03,1.298672e-01,6.235408e-03,7.031315e-02,3.666055e-01,2.543663e-01,4.357944e-03,3.253696e-03
9.113808e-03,1.470720e-03,4.225345e-03,2.618551e-02,1.046848e-02,7.163778e-02,1.467123e-03,4.577981e-03,1.151363e-01,5.710057e-03,5.809145e-02,4.317650e-01,2.537602e-01,3.587504e-03,2.802783e-03
8.783760e-03,1.236213e-03,3.103894e-03,1.863896e-02,1.477809e-02,5.496334e-02,1.277125e-03,3.827888e-03,9.741919e-02,4.629183e-03,4.662682e-02,4.808528e-01,2.587719e-01,2.684136e-03,2.406723e-03
1.007654e-02,1.043889e-03,2.437940e-03,1.341174e-02,2.145344e-02,3.977329e-02,1.693042e-03,4.712519e-03,7.437001e-02,3.649374e-03,3.708586e-02,4.969816e-01,2.893872e-01,2.136017e-03,1.787529e-03
8.477331e-03,7.775594e-04,1.880375e-03,9.436354e-03,5.990633e-02,2.819145e-02,2.939944e-03,1.372094e-02,5.846255e-02,2.642803e-03,3.109105e-02,3.862851e-01,3.933074e-01,1.551674e-03,1.329194e-03
8.403473e-03,5.842667e-04,1.495363e-03,6.701767e-03,6.573675e-02,2.007404e-02,4.671128e-03,4.395719e-02,4.842344e-02,1.888713e-03,3.604290e-02,2.930391e-01,4.668676e-01,1.116054e-03,9.983248e-04
7.808193e-03,5.445060e-04,1.653796e-03,4.804810e-03,5.824454e-02,1.509191e-02,5.286204e-03,1.053032e-01,4.392467e-02,1.636609e-03,3.387077e-02,2.176242e-01,5.025271e-01,8.219036e-04,8.576358e-04
6.819871e-03,4.470714e-04,1.374840e-03,3.442170e-03,7.323830e-02,1.087356e-02,8.278310e-03,1.436914e-01,5.034025e-02,1.277165e-03,3.431260e-02,1.617616e-01,5.027504e-01,5.978678e-04,7.946456e-04
7.833064e-03,3.601388e-04,1.135534e-03,2.496183e-03,1.329920e-01,8.045676e-03,1.426654e-02,1.532164e-01,1.412091e-01,9.157222e-04,3.186278e-02,1.214248e-01,3.831499e-01,4.260741e-04,6.661252e-04
6.894043e-03,3.393402e-04,9.308103e-04,2.562441e-03,1.054103e-01,6.089178e-03,1.351189e-02,1.144794e-01,3.663193e-01,6.606417e-04,2.308359e-02,8.645070e-02,2.724418e-01,3.014705e-04,5.251837e-04
8.452380e-03,4.277179e-04,9.600564e-04,6.751935e-03,8.948313e-02,4.841170e-03,1.115994e-02,8.464228e-02,5.223585e-01,5.060848e-04,1.671463e-02,6.101948e-02,1.920065e-01,2.153125e-04,4.609555e-04
2.844864e-02,9.706287e-04,1.890287e-03,8.560333e-03,9.877522e-02,3.814006e-03,1.045984e-02,6.160814e-02,5.927503e-01,4.128955e-04,1.231944e-02,4.315182e-02,1.362449e-01,1.748082e-04,4.187872e-04
1.085984e-01,1.471276e-03,2.775857e-03,7.668703e-03,1.432770e-01,3.450196e-03,9.659804e-03,4.556200e-02,5.335201e-01,3.431392e-04,9.499518e-03,3.151573e-02,1.019246e-01,2.654029e-04,4.683609e-04
1.366867e-01,3.536716e-03,5.541976e-03,7.253252e-03,2.032148e-01,5.612927e-03,1.740750e-02,3.714771e-02,4.679639e-01,4.609844e-04,8.846041e-03,2.469501e-02,7.966407e-02,6.403088e-04,1.328099e-03
1.180580e-01,2.889741e-03,5.485388e-03,5.704537e-03,2.023145e-01,5.587844e-03,1.676724e-02,2.146530e-01,3.437850e-01,3.422593e-04,6.596800e-03,1.790660e-02,5.835940e-02,4.976051e-04,1.051990e-03
1.059657e-01,2.245011e-03,4.247853e-03,4.262597e-03,1.912671e-01,5.165504e-03,1.374435e-02,3.645067e-01,2.466927e-01,2.444981e-04,4.808025e-03,1.282617e-02,4.285007e-02,3.665280e-04,8.071744e-04
8.625051e-02,2.137440e-03,3.798309e-03,3.747278e-03,1.512134e-01,5.213926e-03,1.189522e-02,5.097798e-01,1.786534e-01,1.990848e-04,3.756532e-03,1.010972e-02,3.215074e-02,3.079022e-04,7.868731e-04
9.074496e-02,2.455431e-03,3.574849e-03,4.316594e-03,1.292238e-01,6.955826e-03,1.153219e-02,5.680915e-01,1.366484e-01,2.008627e-04,4.082574e-03,1.128770e-02,2.947891e-02,3.649713e-04,1.041441e-03
1.059044e-01,3.850806e-03,4.215232e-03,1.679696e-02,9.670112e-02,7.504497e-03,9.526079e-03,5.249016e-01,9.916558e-02,7.633190e-04,1.395062e-02,2.228328e-02,9.163364e-02,7.965029e-04,2.006363e-03
7.562872e-02,2.861831e-03,3.707509e-03,2.596209e-02,6.818429e-02,5.895423e-03,6.883233e-03,4.287721e-01,7.046548e-02,1.809008e-03,5.997646e-02,4.405747e-02,2.015592e-01,1.432643e-03,2.804616e-03
5.534372e-02,2.348514e-03,3.293987e-03,4.510231e-02,4.864094e-02,5.374884e-03,5.169847e-03,3.522853e-01,5.184150e-02,3.222909e-03,8.169891e-02,1.171365e-01,2.185985e-01,7.460675e-03,2.481492e-03
4.122452e-02,1.824918e-03,3.503296e-03,4.484239e-02,3.438966e-02,5.660534e-03,3.895475e-03,2.513544e-01,3.784897e-02,4.887874e-03,9.217708e-02,2.755387e-01,1.841157e-01,1.669868e-02,2.037826e-03
2.936590e-02,1.359269e-03,2.948894e-03,3.805167e-02,2.422505e-02,4.712984e-03,2.818885e-03,1.776643e-01,2.737945e-02,7.421440e-03,8.614068e-02,4.179062e-01,1.565439e-01,2.184923e-02,1.612164e-03
2.064010e-02,1.121533e-03,2.308347e-03,2.682881e-02,1.717705e-02,3.446739e-03,1.991536e-03,1.246369e-01,1.961143e-02,1.167392e-02,7.090323e-02,4.792414e-01,1.574828e-01,6.053642e-02,2.399745e-03
1.449036e-02,8.309174e-04,1.780012e-03,1.890747e-02,1.274993e-02,2.644124e-03,1.428749e-03,8.745997e-02,1.440039e-02,1.804461e-02,5.458659e-02,6.005908e-01,1.215110e-01,4.851728e-02,2.057780e-03
1.016243e-02,1.312904e-03,1.826304e-03,1.326713e-02,9.847359e-03,1.923409e-03,1.004394e-03,6.129538e-02,1.032874e-02,1.606869e-02,4.094992e-02,6.985976e-01,9.099212e-02,4.087440e-02,1.549207e-03
7.139316e-03,1.134642e-03,1.857389e-03,9.326666e-03,9.423404e-03,1.425488e-03,7.300265e-04,4.311296e-02,7.590504e-03,1.286579e-02,3.236549e-02,7.767500e-01,6.445161e-02,3.072588e-02,1.100841e-03
5.024922e-03,9.382028e-04,1.765690e-03,6.572203e-03,1.116079e-02,1.066692e-03,5.713349e-04,3.036088e-02,5.833703e-03,1.046385e-02,2.755541e-02,8.290777e-01,4.594331e-02,2.288263e-02,7.826914e-04
3.815919e-03,9.016873e-04,2.117373e-03,4.680691e-03,1.927734e-02,2.142568e-03,5.483679e-04,2.151829e-02,5.974439e-03,1.355600e-02,3.157858e-02,8.349882e-01,3.398773e-02,2.424479e-02,6.679347e-04
4.514700e-03,1.709821e-03,1.878031e-03,3.346266e-03,1.462790e-02,2.365238e-03,4.046566e-04,1.515025e-02,4.648841e-03,1.248597e-02,1.325505e-01,7.332240e-01,2.459873e-02,4.785415e-02,6.409650e-04
4.171497e-03,2.910345e-03,2.379294e-03,2.439543e-03,1.125696e-02,2.001353e-03,2.979445e-04,1.065352e-02,3.648327e-03,1.314732e-02,2.351336e-01,6.347831e-01,1.757954e-02,5.880950e-02,7.881350e-04
5.292073e-03,2.871583e-03,2.923601e-03,1.811146e-03,8.988714e-03,1.681681e-03,2.353304e-04,8.076672e-03,3.271098e-03,1.748390e-02,2.626653e-01,6.272805e-01,1.251557e-02,4.417562e-02,7.271912e-04
1.857612e-02,4.392948e-03,4.626572e-02,2.462879e-03,1.229906e-02,5.317624e-03,9.141383e-04,1.892942e-02,3.656395e-03,2.982516e-02,2.121857e-01,6.021572e-01,9.348543e-03,3.297104e-02,6.980030e-04
3.298700e-02,6.465920e-03,3.689280e-02,2.165123e-03,2.173557e-02,9.522485e-03,1.713476e-03,2.529589e-02,6.334497e-03,4.286954e-02,1.911681e-01,5.848581e-01,8.247211e-03,2.886170e-02,8.826794e-04
2.575178e-02,5.849040e-03,2.655066e-02,1.811562e-03,2.461617e-02,8.050701e-03,1.492274e-03,2.118887e-02,2.198252e-02,7.163903e-02,1.680919e-01,5.918972e-01,7.815018e-03,2.226394e-02,9.992520e-04
1.957037e-02,5.031782e-03,1.979553e-02,2.162592e-03,2.701626e-02,7.202125e-03,1.916043e-03,1.756823e-02,3.003504e-02,1.063137e-01,1.280824e-01,6.089100e-01,8.489810e-03,1.677085e-02,1.135232e-03
1.434717e-02,4.095378e-03,1.513035e-02,1.773446e-03,4.368429e-02,6.802305e-03,3.876302e-03,1.294539e-02,1.250698e-01,1.124253e-01,9.389328e-02,5.433578e-01,9.564796e-03,1.209499e-02,9.393744e-04
1.066414e-02,5.113589e-03,1.204377e-02,1.537569e-03,4.047450e-02,5.534636e-03,3.201087e-03,1.071624e-02,1.416344e-01,1.720328e-01,7.519513e-02,4.989719e-01,1.174858e-02,1.002326e-02,1.108389e-03
9.384655e-03,8.501426e-03,1.147634e-02,3.338982e-03,3.646865e-02,5.254915e-03,3.321883e-03,5.077809e-02,1.328438e-01,2.673912e-01,6.363524e-02,3.811468e-01,1.644582e-02,8.963144e-03,1.049058e-03
8.371251e-03,3.526278e-02,9.295749e-03,3.116700e-03,2.972633e-02,7.297304e-03,2.410535e-03,3.605746e-02,1.744731e-01,3.423666e-01,5.276556e-02,2.704761e-01,1.505510e-02,9.506190e-03,3.819188e-03
8.727231e-03,5.208054e-02,9.965109e-03,4.606197e-03,2.915702e-02,7.501513e-03,1.969668e-03,2.822149e-02,2.554950e-01,3.411446e-01,4.198409e-02,1.937294e-01,1.261123e-02,8.575107e-03,4.231673e-03
1.137726e-02,5.879150e-02,1.655191e-02,1.405851e-02,3.113690e-02,8.447376e-03,2.640807e-03,3.576561e-02,3.355017e-01,2.912562e-01,3.107208e-02,1.382802e-01,1.037021e-02,7.445637e-03,7.303995e-03
2.362682e-02,9.326003e-02,4.774183e-02,1.280750e-02,3.722553e-02,7.507013e-03,2.668747e-03,3.923205e-02,3.272764e-01,2.502444e-01,2.404722e-02,9.783952e-02,8.078306e-03,1.912206e-02,9.322608e-03
3.919704e-02,7.701401e-02,6.370647e-02,1.491944e-02,1.131765e-01,7.308011e-03,3.406625e-03,5.731707e-02,2.850958e-01,2.111124e-01,1.886216e-02,6.895380e-02,6.185589e-03,2.551336e-02,8.231679e-03
6.491844e-02,6.449485e-02,9.427091e-02,3.054803e-02,1.382798e-01,1.041152e-02,1.071449e-02,5.595431e-02,2.251810e-01,2.058822e-01,1.591084e-02,4.901863e-02,4.876503e-03,2.241097e-02,7.127536e-03
6.526540e-02,4.985858e-02,1.991700e-01,7.211327e-02,1.440271e-01,9.683692e-03,1.214544e-02,6.032324e-02,1.639423e-01,1.509573e-01,1.230351e-02,3.485203e-02,3.845791e-03,1.606964e-02,5.442698e-03
8.288644e-02,4.842627e-02,2.867157e-01,6.462481e-02,1.564918e-01,1.179569e-02,1.093572e-02,4.423301e-02,1.265871e-01,1.133486e-01,9.665396e-03,2.476128e-02,2.927426e-03,1.173845e-02,4.862379e-03
1.021665e-01,4.817485e-02,2.729532e-01,7.887724e-02,1.897441e-01,1.425359e-02,1.393468e-02,3.616153e-02,9.729963e-02,1.033441e-01,8.349206e-03,1.786122e-02,2.515993e-03,9.222094e-03,5.142002e-03
7.719722e-02,5.213572e-02,2.196519e-01,2.078740e-01,2.035116e-01,1.296349e-02,1.459463e-02,3.646474e-02,6.945871e-02,7.348766e-02,6.116431e-03,1.279735e-02,1.846683e-03,6.537404e-03,5.362415e-03
7.064028e-02,4.615466e-02,1.899274e-01,1.614661e-01,3.099469e-01,2.097205e-02,1.612643e-02,4.314440e-02,5.286301e-02,6.331462e-02,4.888592e-03,9.273843e-03,1.465920e-03,5.256242e-03,4.559603e-03
8.381824e-02,5.043507e-02,2.103551e-01,1.238784e-01,3.209914e-01,2.631619e-02,1.363674e-02,5.070873e-02,4.185882e-02,5.308191e-02,4.535177e-03,7.484174e-03,1.432597e-03,5.650943e-03,5.816644e-03
9.155704e-02,5.686132e-02,1.784565e-01,1.852777e-01,2.818098e-01,3.201877e-02,1.284363e-02,6.539841e-02,3.168501e-02,3.846376e-02,4.371665e-03,8.098414e-03,1.765432e-03,4.882091e-03,6.510462e-03
7.060999e-02,4.079159e-02,1.276050e-01,1.311298e-01,2.553623e-01,2.368583e-02,9.524862e-03,2.729892e-01,2.308011e-02,2.693275e-02,3.147759e-03,5.763898e-03,1.351136e-03,3.437870e-03,4.588024e-03
1.282043e-01,3.119114e-02,9.144544e-02,9.998921e-02,2.982405e-01,1.813472e-02,7.547418e-03,2.693053e-01,1.911972e-02,1.920137e-02,3.729197e-03,5.620396e-03,1.876714e-03,2.648722e-03,3.745847e-03
1.656528e-01,2.555538e-02,6.615648e-02,8.604118e-02,3.284195e-01,2.779419e-02,7.391769e-03,2.335550e-01,2.061094e-02,1.397398e-02,4.974877e-03,7.657790e-03,4.911558e-03,2.717134e-03,4.587572e-03
1.290938e-01,1.857516e-02,4.692150e-02,6.196864e-02,2.805151e-01,2.253995e-02,7.095451e-03,3.882224e-01,1.497797e-02,9.870380e-03,4.540077e-03,5.780054e-03,4.521544e-03,1.949045e-03,3.428943e-03
1.134107e-01,1.354429e-02,3.445940e-02,5.071983e-02,2.693085e-01,1.903675e-02,6.196641e-03,4.381592e-01,1.198100e-02,7.187526e-03,2.055328e-02,5.090589e-03,5.876049e-03,1.473469e-03,3.002700e-03
8.518985e-02,1.078155e-02,2.656475e-02,6.552888e-02,2.139180e-01,1.579660e-02,2.176609e-02,3.412816e-01,1.249500e-02,7.130328e-03,1.115155e-01,1.216057e-02,6.678074e-02,1.348625e-03,7.741910e-03
7.109957e-02,1.589220e-02,2.159290e-02,7.665600e-02,1.600856e-01,1.327641e-02,1.707724e-02,2.403331e-01,2.379641e-02,1.176315e-02,1.038620e-01,1.132410e-01,1.199506e-01,2.325835e-03,9.047940e-03
5.501655e-02,1.507831e-02,1.608665e-02,9.877826e-02,1.369863e-01,1.437743e-02,1.446770e-02,1.686810e-01,2.214546e-02,9.496019e-03,9.389754e-02,8.618821e-02,2.418749e-01,1.872565e-03,2.505313e-02
4.051346e-02,1.527966e-02,1.372420e-02,1.466575e-01,1.128349e-01,1.772081e-02,1.360131e-02,1.187995e-01,2.817115e-02,7.873059e-03,7.522160e-02,6.938169e-02,3.029543e-01,1.542174e-03,3.572468e-02
3.123805e-02,3.227878e-02,1.651551e-02,2.198054e-01,8.236698e-02,1.466818e-02,1.011542e-02,8.338007e-02,1.005194e-01,8.773284e-03,5.452261e-02,6.258763e-02,2.505393e-01,1.683396e-03,3.100600e-02
3.079790e-02,2.659468e-02,1.477263e-02,2.198690e-01,6.403816e-02,1.927261e-02,8.137653e-03,5.937281e-02,9.867322e-02,6.786483e-03,5.403807e-02,8.281603e-02,2.805471e-01,1.629712e-03,3.265387e-02
7.800326e-02,2.120135e-02,1.211948e-02,1.622952e-01,4.972287e-02,2.488215e-02,7.117789e-03,4.343596e-02,1.108794e-01,6.270572e-03,6.187037e-02,1.039608e-01,2.851230e-01,2.511738e-03,3.060598e-02
9.827521e-02,4.130374e-02,1.100602e-02,1.247914e-01,3.983544e-02,2.785491e-02,6.370774e-03,3.196052e-02,1.796120e-01,5.570879e-03,4.635324e-02,8.871359e-02,2.690244e-01,2.752199e-03,2.657565e-02
1.309835e-01,4.936431e-02,1.032246e-02,9.617814e-02,3.053677e-02,3.170628e-02,5.583286e-03,2.355234e-02,2.722768e-01,6.777157e-03,3.564668e-02,6.782485e-02,2.139093e-01,2.606635e-03,2.273138e-02
1.230745e-01,4.351809e-02,8.089183e-03,7.015390e-02,2.911455e-02,2.675762e-02,5.653081e-03,1.704289e-02,3.684758e-01,5.676931e-03,2.691496e-02,5.196732e-02,2.020901e-01,2.046576e-03,1.942454e-02
1.445941e-01,4.013734e-02,8.415740e-03,7.019340e-02,2.819264e-02,2.590427e-02,5.259257e-03,1.336950e-02,4.183715e-01,5.117061e-03,2.103420e-02,3.784721e-02,1.632605e-01,1.623365e-03,1.667990e-02
2.339934e-01,3.183780e-02,8.430514e-03,5.699693e-02,2.733132e-02,2.291575e-02,5.759615e-03,1.173931e-02,3.641489e-01,5.277203e-03,2.898848e-02,3.278565e-02,1.425511e-01,2.663020e-03,2.458096e-02
1.671099e-01,2.248011e-02,6.942576e-03,4.117600e-02,2.408416e-02,1.718295e-02,6.050806e-03,2.354417e-02,2.722223e-01,4.332282e-03,3.907385e-02,2.933744e-02,2.980714e-01,2.274191e-03,4.611790e-02
1.183984e-01,1.588087e-02,5.457586e-03,2.969731e-02,1.968364e-02,1.248901e-02,5.306483e-03,5.719921e-02,2.093586e-01,3.709744e-03,4.094297e-02,2.666958e-02,3.952523e-01,1.980891e-03,5.797343e-02
8.703625e-02,1.152839e-02,4.603000e-03,2.234961e-02,1.805621e-02,9.332146e-03,4.503749e-03,1.762613e-01,1.553754e-01,2.951257e-03,4.042455e-02,2.198510e-02,3.685905e-01,1.914931e-03,7.508763e-02
7.076878e-02,8.790127e-03,4.819214e-03,2.760768e-02,3.210745e-02,8.309397e-03,5.733490e-03,2.324860e-01,1.618257e-01,2.518758e-03,4.978165e-02,1.790701e-02,3.064299e-01,1.659156e-03,6.925578e-02
5.774405e-02,6.878071e-03,6.778990e-03,2.301696e-02,7.993110e-02,8.017734e-03,1.119778e-02,3.108859e-01,1.372712e-01,1.905364e-03,4.760744e-02,1.357025e-02,2.342503e-01,1.304631e-03,5.964017e-02
4.701260e-02,6.016936e-03,1.252434e-02,4.003221e-02,7.820624e-02,7.067000e-03,1.001663e-02,4.301589e-01,1.040931e-01,1.418077e-03,3.620899e-02,9.819266e-03,1.730626e-01,1.029143e-03,4.333393e-02
7.367076e-02,9.365017e-03,1.183918e-02,5.094906e-02,1.113127e-01,8.703482e-03,2.553402e-02,3.811894e-01,1.213867e-01,1.110045e-03,2.735356e-02,7.538349e-03,1.360755e-01,8.733009e-04,3.309885e-02
7.577576e-02,2.300072e-02,1.733147e-02,1.745835e-01,1.129529e-01,7.832048e-03,2.252248e-02,3.172308e-01,9.540269e-02,1.394759e-03,2.057937e-02,6.807782e-03,9.835503e-02,6.780267e-04,2.555274e-02
9.654693e-02,2.452272e-02,1.700981e-02,1.717333e-01,1.271031e-01,1.151431e-02,3.620512e-02,2.629116e-01,1.344163e-01,1.876398e-03,1.528369e-02,5.677413e-03,7.393128e-02,5.277023e-04,2.074038e-02
7.036550e-02,2.360790e-02,4.157654e-02,3.526976e-01,1.005617e-01,8.404326e-03,2.627736e-02,1.957690e-01,9.668162e-02,1.464490e-03,1.096841e-02,4.129722e-03,5.200627e-02,3.759881e-04,1.511344e-02
1.145757e-01,4.057142e-02,6.826317e-02,2.824366e-01,1.283076e-01,2.206537e-02,3.135489e-02,1.593562e-01,8.658393e-02,1.662867e-03,9.415452e-03,3.658410e-03,3.845198e-02,3.461440e-04,1.295025e-02
1.018846e-01,4.158147e-02,6.588901e-02,2.498128e-01,1.774984e-01,3.181569e-02,7.872016e-02,1.352444e-01,6.643067e-02,1.403751e-03,7.455654e-03,3.963577e-03,2.790114e-02,3.096985e-04,1.008890e-02
9.112372e-02,3.180353e-02,4.959462e-02,1.774867e-01,1.338433e-01,2.685996e-02,2.541207e-01,1.485786e-01,4.769313e-02,1.173372e-03,5.329241e-03,3.002639e-03,2.179435e-02,2.438619e-04,7.352180e-03
6.844712e-02,2.274377e-02,3.529219e-02,1.246339e-01,1.001084e-01,2.215628e-02,4.330305e-01,1.317458e-01,3.356829e-02,8.671004e-04,3.805833e-03,2.242900e-03,1.589816e-02,1.800223e-04,5.279791e-03
4.804025e-02,1.593018e-02,2.471822e-02,8.726141e-02,7.265274e-02,1.588852e-02,5.987808e-01,9.296583e-02,2.351696e-02,7.393777e-04,2.697717e-03,1.590365e-03,1.118993e-02,1.310087e-04,3.896738e-03
3.415145e-02,1.116097e-02,1.730806e-02,6.111029e-02,5.196863e-02,1.140858e-02,7.161666e-01,6.576760e-02,1.649139e-02,5.444057e-04,1.979669e-03,1.189246e-03,7.882525e-03,9.291335e-05,2.777625e-03
2.423826e-02,7.821914e-03,1.211815e-02,4.279660e-02,3.786870e-02,8.136087e-03,7.981835e-01,4.674713e-02,1.158882e-02,4.118273e-04,1.475870e-03,9.398763e-04,5.601363e-03,6.620470e-05,2.005649e-03
1.778505e-02,5.483063e-03,8.486118e-03,2.998941e-02,2.755273e-02,5.870881e-03,8.535939e-01,3.520236e-02,8.146401e-03,3.236881e-04,1.232426e-03,7.817385e-04,4.023090e-03,4.982727e-05,1.479372e-03
1.292260e-02,3.843837e-03,5.944974e-03,2.101099e-02,2.064900e-02,4.240685e-03,8.943450e-01,2.553984e-02,5.721322e-03,2.491261e-04,9.275116e-04,5.809922e-04,2.851865e-03,3.653460e-05,1.135701e-03
1.057749e-02,2.713861e-03,4.198827e-03,1.478148e-02,1.583606e-02,3.530432e-03,9.215692e-01,1.817394e-02,4.056264e-03,2.001556e-04,7.171883e-04,4.515992e-04,2.049416e-03,3.000241e-05,1.114057e-03
2.671709e-02,2.075847e-03,3.454922e-03,1.094503e-02,2.398395e-02,1.331055e-01,7.695813e-01,1.610550e-02,3.477977e-03,2.069655e-03,2.240968e-03,1.327184e-03,1.777695e-03,4.402753e-04,2.697036e-03
3.900333e-02,1.695024e-03,3.886159e-03,9.300210e-03,2.136731e-02,1.633141e-01,7.225122e-01,1.241408e-02,2.912147e-03,6.938658e-03,4.382177e-03,3.315476e-03,2.336476e-03,1.017900e-03,5.604719e-03
4.254487e-02,1.254928e-03,2.963745e-03,7.007966e-03,1.663478e-02,3.137158e-01,5.164130e-01,8.786570e-03,2.276453e-03,1.269605e-02,5.266342e-02,1.289686e-02,2.342004e-03,3.166184e-03,4.637381e-03
3.454959e-02,9.060212e-04,2.183300e-03,5.130716e-03,1.294624e-02,3.069783e-01,3.808848e-01,6.212466e-03,1.825543e-03,1.587296e-02,1.962706e-01,2.808056e-02,1.928970e-03,2.807594e-03,3.422528e-03
2.759254e-02,7.138478e-04,1.751706e-03,3.880231e-03,1.074521e-02,2.212102e-01,2.690885e-01,4.867169e-03,2.840753e-03,2.222039e-02,3.121536e-01,1.134451e-01,2.085815e-03,4.781826e-03,2.623071e-03
1.980181e-02,6.957335e-04,1.368361e-03,2.779562e-03,7.619654e-03,1.569609e-01,1.885669e-01,3.690209e-03,4.588871e-03,2.803468e-02,3.072438e-01,2.455577e-01,3.001411e-03,2.792835e-02,2.162122e-03
1.430175e-02,6.185186e-04,1.131027e-03,2.066197e-03,5.465116e-03,1.121276e-01,1.322658e-01,2.846292e-03,8.110374e-03,2.460126e-02,3.343351e-01,3.316413e-01,2.736029e-03,2.615434e-02,1.599282e-03
1.014752e-02,7.598081e-04,9.434697e-04,1.457864e-03,3.964811e-03,8.054935e-02,9.264569e-02,2.063458e-03,8.179322e-03,1.842675e-02,4.010879e-01,3.566104e-01,2.725918e-03,1.927426e-02,1.163446e-03
7.416558e-03,7.874730e-03,1.741618e-03,1.058470e-03,3.153679e-03,5.843226e-02,6.503490e-02,2.006355e-03,1.909838e-02,1.599135e-02,3.684453e-01,4.290807e-01,3.470608e-03,1.615384e-02,1.041144e-03
5.526366e-03,1.613409e-02,1.670454e-03,7.839412e-04,3.799045e-03,4.265058e-02,4.613634e-02,3.474461e-03,6.925880e-02,1.846401e-02,3.408712e-01,4.316441e-01,4.000229e-03,1.475840e-02,8.278955e-04
5.474406e-03,4.666341e-02,2.486658e-03,6.550331e-04,7.265155e-03,3.195624e-02,3.358313e-02,1.012166e-02,1.097586e-01,2.697327e-02,3.381658e-01,3.663974e-01,4.394203e-03,1.530430e-02,8.007449e-04
4.258537e-03,3.856129e-02,2.018380e-03,5.312901e-04,7.377476e-03,2.328207e-02,2.375620e-02,7.384021e-03,9.579403e-02,2.422186e-02,4.654871e-01,2.889323e-01,4.792619e-03,1.180120e-02,1.801608e-03
4.221223e-03,8.449151e-02,2.070130e-03,3.905827e-04,9.202242e-03,2.118788e-02,1.731648e-02,5.801796e-03,1.600007e-01,7.151377e-02,3.980266e-01,2.102167e-01,4.251505e-03,9.886457e-03,1.422481e-03
3.388327e-03,2.131626e-01,1.879859e-03,3.165832e-04,8.108281e-03,1.683104e-02,1.289739e-02,5.050639e-03,2.271351e-01,6.014428e-02,2.897991e-01,1.491500e-01,3.382459e-03,7.646394e-03,1.107923e-03
3.336151e-03,1.897008e-01,1.918741e-03,3.332468e-04,2.351590e-02,1.292056e-02,1.195772e-02,1.011763e-02,3.789242e-01,4.670193e-02,2.062602e-01,1.050804e-01,2.611004e-03,5.799538e-03,8.220471e-04
3.389689e-03,2.335674e-01,1.779004e-03,2.698775e-04,2.461641e-02,9.690867e-03,8.687435e-03,8.306766e-03,4.394470e-01,4.292525e-02,1.464775e-01,7.378853e-02,1.972084e-03,4.422590e-03,6.596479e-04
3.975914e-03,2.421610e-01,1.592523e-03,3.436896e-04,3.722769e-02,7.028162e-03,6.182737e-03,8.089800e-03,4.954543e-01,3.758733e-02,1.030977e-01,5.176425e-02,1.558294e-03,3.362995e-03,5.736906e-04
5.009751e-03,2.276102e-01,1.453707e-03,3.658292e-04,8.149660e-02,5.346814e-03,4.480039e-03,1.637401e-02,5.129458e-01,3.169396e-02,7.242031e-02,3.626031e-02,1.144891e-03,2.956575e-03,4.412387e-04
7.200516e-03,1.726390e-01,1.697706e-03,5.831787e-04,1.289191e-01,4.294736e-03,3.723762e-03,7.414761e-02,5.026631e-01,2.361638e-02,5.111111e-02,2.553391e-02,9.234645e-04,2.575306e-03,3.710582e-04
8.706971e-03,1.244838e-01,1.716631e-03,6.234801e-04,1.202776e-01,3.832937e-03,3.047070e-03,6.756747e-02,5.874848e-01,2.431455e-02,3.611617e-02,1.831666e-02,7.963716e-04,2.268420e-03,4.469997e-04
9.526832e-03,9.114956e-02,3.826440e-03,1.335078e-03,1.458440e-01,4.287678e-03,3.408436e-03,1.177111e-01,5.523056e-01,2.896883e-02,2.555876e-02,1.302335e-02,7.598607e-04,1.833982e-03,4.604334e-04
1.749540e-02,6.677377e-02,4.030367e-02,9.012043e-03,1.898154e-01,5.014984e-03,4.999454e-03,1.646452e-01,4.414151e-01,2.806921e-02,1.823059e-02,1.054844e-02,1.326914e-03,1.406794e-03,9.429685e-04
5.726787e-02,5.628085e-02,6.676640e-02,9.824382e-03,1.600437e-01,6.381275e-03,5.079230e-02,1.746870e-01,3.551413e-01,2.926669e-02,1.429317e-02,1.309683e-02,2.891126e-03,1.347340e-03,1.919593e-03
9.381507e-02,4.269114e-02,7.290984e-02,9.640405e-03,1.305477e-01,5.920449e-03,6.338988e-02,2.550732e-01,2.736552e-01,2.398899e-02,1.060136e-02,1.176264e-02,2.812811e-03,1.199325e-03,1.992017e-03
9.532145e-02,3.530563e-02,6.047481e-02,9.653958e-03,1.053072e-01,5.620985e-03,6.958093e-02,3.605656e-01,2.026962e-01,3.129366e-02,7.902436e-03,1.029700e-02,2.813118e-03,1.060233e-03,2.106733e-03
1.175806e-01,2.653203e-02,5.963774e-02,1.745423e-02,7.921514e-02,6.734610e-03,7.885235e-02,4.196191e-01,1.480977e-01,2.391963e-02,6.064080e-03,9.004002e-03,3.055081e-03,1.236013e-03,2.997709e-03
1.270114e-01,1.993328e-02,5.178923e-02,2.114379e-02,6.058286e-02,8.504556e-03,7.526474e-02,4.864821e-01,1.112645e-01,1.726307e-02,4.963974e-03,7.773834e-03,3.331105e-03,1.335157e-03,3.356338e-03
1.454745e-01,1.495879e-02,4.350836e-02,1.909029e-02,5.072133e-02,1.182808e-02,8.532720e-02,5.107345e-01,8.102015e-02,1.290205e-02,4.225312e-03,8.126102e-03,4.462808e-03,1.815691e-03,5.804772e-03
1.400178e-01,1.124882e-02,3.370511e-02,1.668408e-02,4.681613e-02,1.113292e-02,7.541151e-02,5.758132e-01,5.829989e-02,9.391791e-03,3.484664e-03,6.633173e-03,3.878426e-03,2.115821e-03,5.366605e-03
1.379444e-01,8.551599e-03,2.648904e-02,1.315084e-02,4.106111e-02,1.143382e-02,7.719719e-02,6.136454e-01,4.208936e-02,7.370648e-03,3.264924e-03,6.372519e-03,4.914558e-03,1.824328e-03,4.690164e-03
1.407927e-01,6.373305e-03,2.162271e-02,1.098451e-02,3.042124e-02,1.202221e-02,6.856529e-02,6.516299e-01,3.025188e-02,5.887569e-03,3.379514e-03,6.422749e-03,5.875246e-03,1.477945e-03,4.293220e-03
1.545327e-01,4.915659e-03,1.940465e-02,9.968046e-03,2.303481e-02,1.438042e-02,5.733592e-02,6.681470e-01,2.179126e-02,4.710072e-03,3.136032e-03,6.825818e-03,5.894648e-03,1.346273e-03,4.576813e-03
2.100407e-01,3.897716e-03,1.657515e-02,7.971619e-03,1.773746e-02,2.181184e-02,4.859878e-02,6.170707e-01,1.569014e-02,3.901782e-03,3.248722e-03,1.822962e-02,8.521173e-03,1.440171e-03,5.264498e-03
2.785755e-01,3.188569e-03,1.425628e-02,6.489116e-03,1.400738e-02,2.351164e-02,4.024325e-02,5.608535e-01,1.152941e-02,3.199498e-03,3.251586e-03,2.431417e-02,9.145672e-03,1.382227e-03,6.052262e-03
3.290163e-01,2.715088e-03,1.205132e-02,5.893695e-03,1.152361e-02,2.691547e-02,3.164818e-02,5.162687e-01,8.615667e-03,2.508089e-03,3.559758e-03,2.986308e-02,9.645726e-03,1.511379e-03,8.263983e-03
3.553976e-01,3.836371e-03,1.052788e-02,8.596051e-03,1.149604e-02,2.794842e-02,2.592295e-02,4.737130e-01,7.333731e-03,1.982524e-03,5.860562e-03,4.380510e-02,1.211902e-02,1.730398e-03,9.730416e-03
3.501628e-01,5.024070e-03,9.380153e-03,1.379251e-02,1.145583e-02,3.360096e-02,2.120566e-02,4.437766e-01,6.804052e-03,1.592972e-03,7.417118e-03,6.406143e-02,1.846426e-02,2.038006e-03,1.122366e-02
3.225218e-01,8.334232e-03,8.147003e-03,2.098202e-02,1.021787e-02,3.253567e-02,1.586521e-02,3.708926e-01,1.247229e-02,1.914072e-03,2.064995e-02,8.429122e-02,7.348391e-02,1.977631e-03,1.571451e-02
3.072385e-01,9.559593e-03,6.944920e-03,2.603040e-02,8.548766e-03,2.912183e-02,1.199689e-02,3.034043e-01,1.617998e-02,2.030736e-03,2.969316e-02,1.182141e-01,1.099144e-01,2.831541e-03,1.829092e-02
