1.000000e+00,0.000000e+00,0.000000e+00,0.000000e+00,0.000000e+00,0.000000e+00,0.000000e+00,0.000000e+00,0.000000e+00,0.000000e+00,0.000000e+00,0.000000e+00,0.000000e+00,0.000000e+00,0.000000e+00
1.000000e+00,0.000000e+00,0.000000e+00,0.000000e+00,0.000000e+00,0.000000e+00,0.000000e+00,0.000000e+00,0.000000e+00,0.000000e+00,0.000000e+00,0.000000e+00,0.000000e+00,0.000000e+00,0.000000e+00
1.000000e+00,0.000000e+00,0.000000e+00,0.000000e+00,0.000000e+00,0.000000e+00,0.000000e+00,0.000000e+00,0.000000e+00,0.000000e+00,0.000000e+00,0.000000e+00,0.000000e+00,0.000000e+00,0.000000e+00
1.000000e+00,0.000000e+00,0.000000e+00,0.000000e+00,0.000000e+00,0.000000e+00,0.000000e+00,0.000000e+00,0.000000e+00,0.000000e+00,0.000000e+00,0.000000e+00,0.000000e+00,0.000000e+00,0.000000e+00
1.000000e+00,0.000000e+00,0.000000e+00,0.000000e+00,0.000000e+00,0.000000e+00,0.000000e+00,0.000000e+00,0.000000e+00,0.000000e+00,0.000000e+00,0.000000e+00,0.000000e+00,0.000000e+00,0.000000e+00
1.000000e+00,0.000000e+00,0.000000e+00,0.000000e+00,0.000000e+00,0.000000e+00,0.000000e+00,0.000000e+00,0.000000e+00,0.000000e+00,0.000000e+00,0.000000e+00,0.000000e+00,0.000000e+00,0.000000e+00
1.000000e+00,0.000000e+00,0.000000e+00,0.000000e+00,0.000000e+00,0.000000e+00,0.000000e+00,0.000000e+00,0.000000e+00,0.000000e+00,0.000000e+00,0.000000e+00,0.000000e+00,0.000000e+00,0.000000e+00
1.000000e+00,0.000000e+00,0.000000e+00,0.000000e+00,0.000000e+00,0.000000e+00,0.000000e+00,0.000000e+00,0.000000e+00,0.000000e+00,0.000000e+00,0.000000e+00,0.000000e+00,0.000000e+00,0.000000e+00
1.000000e+00,0.000000e+00,0.000000e+00,0.000000e+00,0.000000e+00,0.000000e+00,0.000000e+00,0.000000e+00,0.000000e+00,0.000000e+00,0.000000e+00,0.000000e+00,0.000000e+00,0.000000e+00,0.000000e+00
1.000000e+00,0.000000e+00,0.000000e+00,0.000000e+00,0.000000e+00,0.000000e+00,0.000000e+00,0.000000e+00,0.000000e+00,0.000000e+00,0.000000e+00,0.000000e+00,0.000000e+00,0.000000e+00,0.000000e+00
1.000000e+00,0.000000e+00,0.000000e+00,0.000000e+00,0.000000e+00,0.000000e+00,0.000000e+00,0.000000e+00,0.000000e+00,0.000000e+00,0.000000e+00,0.000000e+00,0.000000e+00,0.000000e+00,0.000000e+00
1.000000e+00,0.000000e+00,0.000000e+00,0.000000e+00,0.000000e+00,0.000000e+00,0.000000e+00,0.000000e+00,0.000000e+00,0.000000e+00,0.000000e+00,0.000000e+00,0.000000e+00,0.000000e+00,0.000000e+00
1.000000e+00,0.000000e+00,0.000000e+00,0.000000e+00,0.000000e+00,0.000000e+00,0.000000e+00,0.000000e+00,0.000000e+00,0.000000e+00,0.000000e+00,0.000000e+00,0.000000e+00,0.000000e+00,0.000000e+00
1.000000e+00,0.000000e+00,0.000000e+00,0.000000e+00,0.000000e+00,0.000000e+00,0.000000e+00,0.000000e+00,0.000000e+00,0.000000e+00,0.000000e+00,0.000000e+00,0.000000e+00,0.000000e+00,0.000000e+00
1.000000e+00,0.000000e+00,0.000000e+00,0.000000e+00,0.000000e+00,0.000000e+00,0.000000e+00,0.000000e+00,0.000000e+00,0.000000e+00,0.000000e+00,0.000000e+00,0.000000e+00,0.000000e+00,0.000000e+00
1.000000e+00,0.000000e+00,0.000000e+00,0.000000e+00,0.000000e+00,0.000000e+00,0.000000e+00,0.000000e+00,0.000000e+00,0.000000e+00,0.000000e+00,0.000000e+00,0.000000e+00,0.000000e+00,0.000000e+00
1.000000e+00,0.000000e+00,0.000000e+00,0.000000e+00,0.000000e+00,0.000000e+00,0.000000e+00,0.000000e+00,0.000000e+00,0.000000e+00,0.000000e+00,0.000000e+00,0.000000e+00,0.000000e+00,0.000000e+00
1.000000e+00,0.000000e+00,0.000000e+00,0.000000e+00,0.000000e+00,0.000000e+00,0.000000e+00,0.000000e+00,0.000000e+00,0.000000e+00,0.000000e+00,0.000000e+00,0.000000e+00,0.000000e+00,0.000000e+00
1.000000e+00,0.000000e+00,0.000000e+00,0.000000e+00,0.000000e+00,0.000000e+00,0.000000e+00,0.000000e+00,0.000000e+00,0.000000e+00,0.000000e+00,0.000000e+00,0.000000e+00,0.000000e+00,0.000000e+00
1.000000e+00,0.000000e+00,0.000000e+00,0.000000e+00,0.000000e+00,0.000000e+00,0.000000e+00,0.000000e+00,0.000000e+00,0.000000e+00,0.000000e+00,0.000000e+00,0.000000e+00,0.000000e+00,0.000000e+00
1.000000e+00,0.000000e+00,0.000000e+00,0.000000e+00,0.000000e+00,0.000000e+00,0.000000e+00,0.000000e+00,0.000000e+00,0.000000e+00,0.000000e+00,0.000000e+00,0.000000e+00,0.000000e+00,0.000000e+00
1.000000e+00,0.000000e+00,0.000000e+00,0.000000e+00,0.000000e+00,0.000000e+00,0.000000e+00,0.000000e+00,0.000000e+00,0.000000e+00,0.000000e+00,0.000000e+00,0.000000e+00,0.000000e+00,0.000000e+00
1.000000e+00,0.000000e+00,0.000000e+00,0.000000e+00,0.000000e+00,0.000000e+00,0.000000e+00,0.000000e+00,0.000000e+00,0.000000e+00,0.000000e+00,0.000000e+00,0.000000e+00,0.000000e+00,0.000000e+00
1.000000e+00,0.000000e+00,0.000000e+00,0.000000e+00,0.000000e+00,0.000000e+00,0.000000e+00,0.000000e+00,0.000000e+00,0.000000e+00,0.000000e+00,0.000000e+00,0.000000e+00,0.000000e+00,0.000000e+00
1.000000e+00,0.000000e+00,0.000000e+00,0.000000e+00,0.000000e+00,0.000000e+00,0.000000e+00,0.000000e+00,0.000000e+00,0.000000e+00,0.000000e+00,0.000000e+00,0.000000e+00,0.000000e+00,0.000000e+00
1.000000e+00,0.000000e+00,0.000000e+00,0.000000e+00,0.000000e+00,0.000000e+00,0.000000e+00,0.000000e+00,0.000000e+00,0.000000e+00,0.000000e+00,0.000000e+00,0.000000e+00,0.000000e+00,0.000000e+00
1.000000e+00,0.000000e+00,0.000000e+00,0.000000e+00,0.000000e+00,0.000000e+00,0.000000e+00,0.000000e+00,0.000000e+00,0.000000e+00,0.000000e+00,0.000000e+00,0.000000e+00,0.000000e+00,0.000000e+00
1.000000e+00,0.000000e+00,0.000000e+00,0.000000e+00,0.000000e+00,0.000000e+00,0.000000e+00,0.000000e+00,0.000000e+00,0.000000e+00,0.000000e+00,0.000000e+00,0.000000e+00,0.000000e+00,0.000000e+00
1.000000e+00,0.000000e+00,0.000000e+00,0.000000e+00,0.000000e+00,0.000000e+00,0.000000e+00,0.000000e+00,0.000000e+00,0.000000e+00,0.000000e+00,0.000000e+00,0.000000e+00,0.000000e+00,0.000000e+00
1.000000e+00,0.000000e+00,0.000000e+00,0.000000e+00,0.000000e+00,0.000000e+00,0.000000e+00,0.000000e+00,0.000000e+00,0.000000e+00,0.000000e+00,0.000000e+00,0.000000e+00,0.000000e+00,0.000000e+00
1.000000e+00,0.000000e+00,0.000000e+00,0.000000e+00,0.000000e+00,0.000000e+00,0.000000e+00,0.000000e+00,0.000000e+00,0.000000e+00,0.000000e+00,0.000000e+00,0.000000e+00,0.000000e+00,0.000000e+00
1.000000e+00,0.000000e+00,0.000000e+00,0.000000e+00,0.000000e+00,0.000000e+00,0.000000e+00,0.000000e+00,0.000000e+00,0.000000e+00,0.000000e+00,0.000000e+00,0.000000e+00,0.000000e+00,0.000000e+00
1.000000e+00,0.000000e+00,0.000000e+00,0.000000e+00,0.000000e+00,0.000000e+00,0.000000e+00,0.000000e+00,0.000000e+00,0.000000e+00,0.000000e+00,0.000000e+00,0.000000e+00,0.000000e+00,0.000000e+00
1.000000e+00,0.000000e+00,0.000000e+00,0.000000e+00,0.000000e+00,0.000000e+00,0.000000e+00,0.000000e+00,0.000000e+00,0.000000e+00,0.000000e+00,0.000000e+00,0.000000e+00,0.000000e+00,0.000000e+00
1.000000e+00,0.000000e+00,0.000000e+00,0.000000e+00,0.000000e+00,0.000000e+00,0.000000e+00,0.000000e+00,0.000000e+00,0.000000e+00,0.000000e+00,0.000000e+00,0.000000e+00,0.000000e+00,0.000000e+00
1.000000e+00,0.000000e+00,0.000000e+00,0.000000e+00,0.000000e+00,0.000000e+00,0.000000e+00,0.000000e+00,0.000000e+00,0.000000e+00,0.000000e+00,0.000000e+00,0.000000e+00,0.000000e+00,0.000000e+00
1.000000e+00,0.000000e+00,0.000000e+00,0.000000e+00,0.000000e+00,0.000000e+00,0.000000e+00,0.000000e+00,0.000000e+00,0.000000e+00,0.000000e+00,0.000000e+00,0.000000e+00,0.000000e+00,0.000000e+00
1.000000e+00,0.000000e+00,0.000000e+00,0.000000e+00,0.000000e+00,0.000000e+00,0.000000e+00,0.000000e+00,0.000000e+00,0.000000e+00,0.000000e+00,0.000000e+00,0.000000e+00,0.000000e+00,0.000000e+00
1.000000e+00,0.000000e+00,0.000000e+00,0.000000e+00,0.000000e+00,0.000000e+00,0.000000e+00,0.000000e+00,0.000000e+00,0.000000e+00,0.000000e+00,0.000000e+00,0.000000e+00,0.000000e+00,0.000000e+00
1.000000e+00,0.000000e+00,0.000000e+00,0.000000e+00,0.000000e+00,0.000000e+00,0.000000e+00,0.000000e+00,0.000000e+00,0.000000e+00,0.000000e+00,0.000000e+00,0.000000e+00,0.000000e+00,0.000000e+00
1.000000e+00,0.000000e+00,0.000000e+00,0.000000e+00,0.000000e+00,0.000000e+00,0.000000e+00,0.000000e+00,0.000000e+00,0.000000e+00,0.000000e+00,0.000000e+00,0.000000e+00,0.000000e+00,0.000000e+00
1.000000e+00,0.000000e+00,0.000000e+00,0.000000e+00,0.000000e+00,0.000000e+00,0.000000e+00,0.000000e+00,0.000000e+00,0.000000e+00,0.000000e+00,0.000000e+00,0.000000e+00,0.000000e+00,0.000000e+00
1.000000e+00,0.000000e+00,0.000000e+00,0.000000e+00,0.000000e+00,0.000000e+00,0.000000e+00,0.000000e+00,0.000000e+00,0.000000e+00,0.000000e+00,0.000000e+00,0.000000e+00,0.000000e+00,0.000000e+00
1.000000e+00,0.000000e+00,0.000000e+00,0.000000e+00,0.000000e+00,0.000000e+00,0.000000e+00,0.000000e+00,0.000000e+00,0.000000e+00,0.000000e+00,0.000000e+00,0.000000e+00,0.000000e+00,0.000000e+00
1.000000e+00,0.000000e+00,0.000000e+00,0.000000e+00,0.000000e+00,0.000000e+00,0.000000e+00,0.000000e+00,0.000000e+00,0.000000e+00,0.000000e+00,0.000000e+00,0.000000e+00,0.000000e+00,0.000000e+00
1.000000e+00,0.000000e+00,0.000000e+00,0.000000e+00,0.000000e+00,0.000000e+00,0.000000e+00,0.000000e+00,0.000000e+00,0.000000e+00,0.000000e+00,0.000000e+00,0.000000e+00,0.000000e+00,0.000000e+00
1.000000e+00,0.000000e+00,0.000000e+00,0.000000e+00,0.000000e+00,0.000000e+00,0.000000e+00,0.000000e+00,0.000000e+00,0.000000e+00,0.000000e+00,0.000000e+00,0.000000e+00,0.000000e+00,0.000000e+00
1.000000e+00,0.000000e+00,0.000000e+00,0.000000e+00,0.000000e+00,0.000000e+00,0.000000e+00,0.000000e+00,0.000000e+00,0.000000e+00,0.000000e+00,0.000000e+00,0.000000e+00,0.000000e+00,0.000000e+00
1.000000e+00,0.000000e+00,0.000000e+00,0.000000e+00,0.000000e+00,0.000000e+00,0.000000e+00,0.000000e+00,0.000000e+00,0.000000e+00,0.000000e+00,0.000000e+00,0.000000e+00,0.000000e+00,0.000000e+00
1.000000e+00,0.000000e+00,0.000000e+00,0.000000e+00,0.000000e+00,0.000000e+00,0.000000e+00,0.000000e+00,0.000000e+00,0.000000e+00,0.000000e+00,0.000000e+00,0.000000e+00,0.000000e+00,0.000000e+00
1.000000e+00,0.000000e+00,0.000000e+00,0.000000e+00,0.000000e+00,0.000000e+00,0.000000e+00,0.000000e+00,0.000000e+00,0.000000e+00,0.000000e+00,0.000000e+00,0.000000e+00,0.000000e+00,0.000000e+00
1.000000e+00,0.000000e+00,0.000000e+00,0.000000e+00,0.000000e+00,0.000000e+00,0.000000e+00,0.000000e+00,0.000000e+00,0.000000e+00,0.000000e+00,0.000000e+00,0.000000e+00,0.000000e+00,0.000000e+00
1.000000e+00,0.000000e+00,0.000000e+00,0.000000e+00,0.000000e+00,0.000000e+00,0.000000e+00,0.000000e+00,0.000000e+00,0.000000e+00,0.000000e+00,0.000000e+00,0.000000e+00,0.000000e+00,0.000000e+00
1.000000e+00,0.000000e+00,0.000000e+00,0.000000e+00,0.000000e+00,0.000000e+00,0.000000e+00,0.000000e+00,0.000000e+00,0.000000e+00,0.000000e+00,0.000000e+00,0.000000e+00,0.000000e+00,0.000000e+00
1.000000e+00,0.000000e+00,0.000000e+00,0.000000e+00,0.000000e+00,0.000000e+00,0.000000e+00,0.000000e+00,0.000000e+00,0.000000e+00,0.000000e+00,0.000000e+00,0.000000e+00,0.000000e+00,0.000000e+00
1.000000e+00,0.000000e+00,0.000000e+00,0.000000e+00,0.000000e+00,0.000000e+00,0.000000e+00,0.000000e+00,0.000000e+00,0.000000e+00,0.000000e+00,0.000000e+00,0.000000e+00,0.000000e+00,0.000000e+00
1.000000e+00,0.000000e+00,0.000000e+00,0.000000e+00,0.000000e+00,0.000000e+00,0.000000e+00,0.000000e+00,0.000000e+00,0.000000e+00,0.000000e+00,0.000000e+00,0.000000e+00,0.000000e+00,0.000000e+00
1.000000e+00,0.000000e+00,0.000000e+00,0.000000e+00,0.000000e+00,0.000000e+00,0.000000e+00,0.000000e+00,0.000000e+00,0.000000e+00,0.000000e+00,0.000000e+00,0.000000e+00,0.000000e+00,0.000000e+00
4.465912e-01,1.436368e-02,4.907419e-03,6.516568e-02,3.256178e-01,1.475241e-02,4.611129e-03,6.053751e-02,4.854878e-03,1.885984e-03,8.147456e-03,8.100129e-03,2.075623e-02,2.145666e-03,1.756293e-02
3.142257e-01,1.017241e-02,3.574002e-03,4.638126e-02,4.778200e-01,1.106617e-02,3.571464e-03,4.493802e-02,3.432849e-03,1.344537e-03,4.407679e-02,5.857222e-03,1.683263e-02,1.638273e-03,1.506872e-02
2.207135e-01,7.201410e-03,2.601973e-03,3.536964e-02,3.774411e-01,8.051494e-03,3.156798e-03,3.202697e-02,2.535536e-03,1.106841e-03,2.315570e-01,5.618746e-03,2.796029e-02,1.684077e-03,4.297470e-02
1.546894e-01,5.081567e-03,1.912687e-03,2.902916e-02,3.024847e-01,5.938594e-03,6.261336e-03,2.283877e-02,3.027966e-03,1.066205e-03,3.124165e-01,5.148799e-02,5.445841e-02,2.226628e-03,4.708014e-02
1.083866e-01,3.786195e-03,1.543489e-03,2.856487e-02,2.419611e-01,5.401129e-03,7.953394e-03,1.627693e-02,3.286242e-03,1.691577e-03,3.079789e-01,5.607199e-02,1.702133e-01,2.145762e-03,4.473849e-02
7.590085e-02,2.716874e-03,1.105570e-03,2.304269e-02,1.731319e-01,4.113257e-03,5.659754e-03,1.143724e-02,2.452389e-03,1.500117e-03,3.542191e-01,4.069954e-02,2.498860e-01,1.617854e-03,5.251688e-02
5.323262e-02,2.140509e-03,8.604922e-04,2.239069e-02,1.253411e-01,7.085204e-03,4.472617e-03,8.126322e-03,2.899810e-03,1.206706e-03,2.567156e-01,4.392203e-02,3.642282e-01,2.298897e-03,1.050793e-01
3.745830e-02,1.907572e-03,7.815039e-04,1.833411e-02,9.648991e-02,2.457597e-02,3.348138e-03,5.734599e-03,4.768509e-03,1.758190e-03,1.972895e-01,2.211366e-01,2.817633e-01,3.508662e-03,1.011450e-01
2.628918e-02,1.500014e-03,5.917040e-04,1.436631e-02,7.133480e-02,3.976745e-02,2.425065e-03,4.032433e-03,4.015754e-03,3.151801e-03,1.564234e-01,3.800029e-01,2.129757e-01,3.575661e-03,7.954780e-02
1.863268e-02,1.185399e-03,8.311419e-04,1.044292e-02,5.077842e-02,3.626823e-02,1.774055e-03,3.047442e-03,3.518305e-03,4.406948e-03,1.358860e-01,5.111808e-01,1.570252e-01,6.565601e-03,5.845689e-02
1.309196e-02,1.054752e-03,7.577890e-04,7.548765e-03,3.605354e-02,2.634676e-02,1.268045e-03,2.195385e-03,2.790376e-03,5.891390e-03,1.066118e-01,6.337996e-01,1.124783e-01,8.730307e-03,4.138137e-02
9.284751e-03,1.054574e-03,7.305202e-04,5.355659e-03,2.591673e-02,1.874229e-02,9.443353e-04,1.602087e-03,2.949367e-03,8.013653e-03,1.011775e-01,7.061765e-01,8.012427e-02,8.860879e-03,2.906693e-02
7.084530e-03,2.816420e-03,2.445302e-03,3.885980e-03,1.998714e-02,1.411846e-02,7.320213e-04,1.655892e-03,2.799472e-03,1.141308e-02,9.714531e-02,7.508663e-01,5.721924e-02,7.439483e-03,2.039134e-02
5.162654e-03,3.839030e-03,1.909547e-03,2.917709e-03,2.774350e-02,1.159995e-02,5.412434e-04,1.316107e-03,2.957333e-03,1.177751e-02,8.262060e-02,7.854369e-01,4.144163e-02,6.413336e-03,1.432290e-02
3.989513e-03,3.949651e-03,1.587960e-03,2.201405e-03,2.633617e-02,9.164708e-03,4.440895e-04,1.304194e-03,3.763137e-03,1.491194e-02,6.414080e-02,8.212938e-01,3.039939e-02,6.432917e-03,1.008032e-02
3.838057e-03,6.158758e-03,2.337763e-03,2.123022e-03,4.526471e-02,8.960761e-03,7.603208e-04,2.535084e-03,1.022433e-02,2.174761e-02,5.638573e-02,8.024508e-01,2.322853e-02,6.807297e-03,7.177271e-03
3.716604e-03,5.176330e-03,2.145235e-03,2.286484e-03,3.554608e-02,7.125886e-03,6.913090e-04,3.568478e-03,9.117410e-03,1.931341e-02,5.129594e-02,8.322378e-01,1.704985e-02,5.674969e-03,5.054222e-03
3.403955e-03,4.078720e-03,2.084950e-03,1.793861e-03,2.638339e-02,5.200542e-03,6.058728e-04,3.597221e-03,8.258372e-03,1.849470e-02,7.891867e-02,8.250327e-01,1.256176e-02,6.010938e-03,3.574457e-03
4.422406e-03,5.395596e-03,3.124410e-03,1.636070e-03,2.923705e-02,4.351677e-03,6.750462e-04,4.591873e-03,8.831140e-03,1.816823e-02,7.422975e-02,8.269652e-01,9.617501e-03,6.036121e-03,2.717946e-03
5.587936e-03,1.000695e-02,7.392016e-03,1.758580e-03,2.970826e-02,4.252051e-03,6.886005e-04,1.214817e-02,1.719819e-02,1.631527e-02,1.266830e-01,7.392058e-01,8.046756e-03,1.891746e-02,2.090936e-03
8.962598e-03,1.243061e-02,2.209876e-02,4.039634e-03,4.449908e-02,6.181995e-03,1.616751e-03,4.286070e-02,3.146874e-02,1.649663e-02,1.385912e-01,6.432699e-01,7.122284e-03,1.871720e-02,1.643850e-03
1.059911e-02,9.412205e-03,7.327507e-02,1.133334e-02,6.208270e-02,5.965754e-03,2.269089e-03,1.830052e-01,2.421826e-02,1.198746e-02,1.038387e-01,4.810647e-01,5.507448e-03,1.424737e-02,1.193535e-03
1.545789e-02,9.928936e-03,8.399046e-02,3.290255e-02,1.141969e-01,1.807819e-02,3.364604e-03,2.118785e-01,3.539853e-02,1.066669e-02,9.106401e-02,3.522504e-01,4.112672e-03,1.376559e-02,2.944106e-03
2.919493e-02,1.873433e-02,9.946148e-02,3.393070e-02,1.311481e-01,2.854282e-02,7.076245e-03,1.707727e-01,9.440285e-02,1.529267e-02,7.848482e-02,2.591970e-01,3.692928e-03,1.538137e-02,1.468708e-02
3.006356e-02,1.601762e-02,8.994573e-02,5.885162e-02,1.333357e-01,2.331927e-02,7.352835e-03,2.895653e-01,7.633580e-02,1.152697e-02,5.727362e-02,1.822211e-01,2.804548e-03,1.100778e-02,1.037848e-02
6.349304e-02,1.898644e-02,1.254252e-01,6.279610e-02,1.645717e-01,5.313449e-02,7.206908e-03,2.095870e-01,6.300420e-02,2.618866e-02,4.900777e-02,1.297742e-01,2.867562e-03,1.479408e-02,9.162538e-03
6.585012e-02,2.605002e-02,1.307131e-01,8.909075e-02,2.224563e-01,5.440839e-02,6.921100e-03,1.724135e-01,4.887520e-02,2.616956e-02,3.895659e-02,9.274343e-02,2.788388e-03,1.447815e-02,8.085394e-03
9.395091e-02,3.657158e-02,1.693117e-01,9.023322e-02,2.135719e-01,5.725531e-02,5.535510e-03,1.216631e-01,4.179383e-02,2.822594e-02,3.601083e-02,6.794351e-02,3.361260e-03,1.693420e-02,1.763723e-02
1.023973e-01,4.368505e-02,2.115682e-01,8.244197e-02,2.096336e-01,6.043057e-02,4.260876e-03,8.674804e-02,4.163783e-02,2.840111e-02,3.720745e-02,5.045833e-02,3.119745e-03,2.218217e-02,1.582787e-02
1.063926e-01,3.732821e-02,2.325217e-01,1.404977e-01,1.963701e-01,4.927571e-02,3.456596e-03,7.939230e-02,3.767465e-02,2.046521e-02,2.858215e-02,3.654470e-02,2.609042e-03,1.692075e-02,1.196863e-02
1.280324e-01,3.210085e-02,2.341306e-01,2.030176e-01,1.653330e-01,3.961343e-02,2.816715e-03,6.008178e-02,4.072814e-02,1.781328e-02,2.360512e-02,2.740760e-02,2.463546e-03,1.294993e-02,9.906093e-03
1.533747e-01,2.816988e-02,1.920413e-01,2.559643e-01,1.321180e-01,3.207485e-02,2.383037e-03,4.690180e-02,6.441630e-02,2.067940e-02,2.316588e-02,2.242735e-02,3.204851e-03,1.160398e-02,1.147438e-02
2.010648e-01,2.764177e-02,1.553034e-01,2.731182e-01,1.020657e-01,2.955075e-02,2.255800e-03,3.766410e-02,6.289215e-02,2.326015e-02,2.783070e-02,2.144514e-02,5.746328e-03,1.778484e-02,1.237598e-02
2.427357e-01,2.783498e-02,1.287691e-01,2.540665e-01,1.026112e-01,2.814451e-02,2.438988e-03,4.026993e-02,6.840721e-02,2.142124e-02,2.849958e-02,1.859752e-02,7.105432e-03,1.694192e-02,1.215624e-02
1.921253e-01,3.620972e-02,1.130414e-01,3.818239e-01,7.745499e-02,2.201954e-02,1.895203e-03,3.053080e-02,5.483432e-02,2.624984e-02,2.215333e-02,1.381062e-02,5.682345e-03,1.207794e-02,1.009079e-02
1.361917e-01,3.070234e-02,9.520474e-02,4.494244e-01,5.514191e-02,1.665979e-02,1.381494e-03,2.146780e-02,5.992161e-02,3.682259e-02,5.335718e-02,1.050083e-02,7.256607e-03,8.863905e-03,1.710319e-02
9.578099e-02,2.271052e-02,8.396775e-02,4.531159e-01,3.885404e-02,1.350226e-02,1.033050e-03,1.577930e-02,5.111394e-02,3.592069e-02,1.409083e-01,8.313850e-03,1.083659e-02,7.131817e-03,2.103110e-02
6.767596e-02,1.690308e-02,6.572348e-02,4.325233e-01,2.766128e-02,1.069700e-02,7.870788e-04,1.114700e-02,4.540929e-02,3.796212e-02,2.183050e-01,1.493029e-02,2.532108e-02,6.209544e-03,1.874460e-02
4.832110e-02,1.220799e-02,6.435759e-02,3.460211e-01,1.981869e-02,8.082334e-03,5.802514e-04,8.174735e-03,3.819916e-02,3.537073e-02,3.321763e-01,1.875142e-02,4.402681e-02,9.480755e-03,1.443104e-02
3.490713e-02,8.994550e-03,5.922869e-02,2.588056e-01,1.484344e-02,6.306939e-03,5.750058e-04,6.269234e-03,3.082015e-02,5.980550e-02,3.609295e-01,1.978432e-02,5.944680e-02,3.264207e-02,4.664107e-02
2.502042e-02,6.673638e-03,4.888741e-02,1.874559e-01,1.122124e-02,5.480110e-03,6.487682e-04,4.491973e-03,2.479913e-02,2.333268e-01,2.754159e-01,1.801729e-02,4.730175e-02,2.921859e-02,8.204105e-02
1.867768e-02,5.611092e-03,4.484953e-02,1.355409e-01,8.815339e-03,5.500349e-03,6.783004e-04,3.893361e-03,1.988417e-02,2.901671e-01,2.482732e-01,4.339476e-02,4.016244e-02,4.230570e-02,9.224606e-02
1.536515e-02,4.302795e-03,3.420622e-02,9.625041e-02,6.389841e-03,6.046117e-03,5.226476e-04,3.134853e-03,1.489512e-02,3.436047e-01,2.444532e-01,8.154520e-02,3.260140e-02,4.734751e-02,6.933483e-02
1.606523e-02,3.212015e-03,2.510643e-02,6.823316e-02,4.659604e-03,5.530669e-03,4.035514e-04,2.487218e-03,1.117737e-02,3.545516e-01,2.546118e-01,1.043232e-01,2.646081e-02,6.329463e-02,5.988263e-02
1.213306e-02,4.999878e-03,1.947770e-02,4.826116e-02,5.024922e-03,4.788005e-03,3.502527e-04,1.990980e-03,2.048429e-02,3.665723e-01,2.454020e-01,1.034408e-01,2.154971e-02,7.896078e-02,6.656425e-02
9.297772e-03,3.980426e-03,1.402803e-02,3.430755e-02,1.178432e-02,3.910409e-03,3.375583e-04,1.797080e-03,2.265835e-02,3.654854e-01,2.204248e-01,9.562530e-02,1.729422e-02,7.859330e-02,1.204755e-01
1.182278e-02,6.408877e-03,1.353057e-02,2.611110e-02,1.340159e-02,1.528393e-02,1.145267e-03,2.379169e-03,2.134027e-02,3.076479e-01,2.980068e-01,9.709319e-02,1.508414e-02,7.250114e-02,9.824334e-02
1.143992e-02,8.927623e-03,1.614368e-02,2.106250e-02,2.773625e-02,2.107835e-02,4.395246e-03,4.800941e-03,2.198642e-02,3.207372e-01,2.449676e-01,1.301917e-01,1.429879e-02,7.923429e-02,7.299951e-02
1.241348e-02,8.039164e-03,2.196541e-02,1.903732e-02,7.423473e-02,2.197656e-02,7.344952e-03,1.112073e-02,2.526147e-02,2.740953e-01,2.053693e-01,1.870769e-01,1.213453e-02,6.394343e-02,5.598685e-02
1.054394e-02,6.195772e-03,2.605706e-02,1.581805e-02,6.545221e-02,1.833361e-02,1.465173e-02,9.400719e-02,2.714547e-02,1.972237e-01,1.542365e-01,2.672614e-01,1.202738e-02,4.990421e-02,4.114181e-02
1.160322e-02,5.168551e-03,3.545443e-02,1.296459e-02,6.974023e-02,1.604926e-02,1.654016e-02,1.824193e-01,3.167560e-02,1.400588e-01,1.225277e-01,2.745729e-01,1.309274e-02,3.813186e-02,3.000055e-02
1.552481e-02,9.478104e-03,4.453650e-02,1.544951e-02,6.532151e-02,1.956323e-02,1.606744e-02,2.232442e-01,6.746325e-02,1.035166e-01,1.015267e-01,2.357739e-01,2.192946e-02,3.079128e-02,2.981352e-02
1.361835e-02,1.451599e-02,3.975802e-02,1.608898e-02,5.378015e-02,3.560559e-02,1.303871e-02,2.339676e-01,1.568972e-01,7.747500e-02,8.076956e-02,1.824062e-01,2.654936e-02,2.476603e-02,3.076330e-02
1.438644e-02,1.346426e-02,3.007303e-02,1.381764e-02,7.826002e-02,3.287610e-02,1.710534e-02,1.852336e-01,2.909877e-01,5.509711e-02,6.735191e-02,1.345621e-01,2.632711e-02,1.804193e-02,2.241570e-02
1.395669e-02,1.239936e-02,2.697282e-02,2.118657e-02,1.037977e-01,3.261260e-02,1.814541e-02,1.957155e-01,3.288710e-01,4.016616e-02,5.353883e-02,9.713482e-02,2.401797e-02,1.491933e-02,1.656532e-02
1.272133e-02,1.096753e-02,2.179772e-02,2.145633e-02,1.162951e-01,3.689721e-02,2.052691e-02,1.518779e-01,4.205998e-01,3.033243e-02,4.188340e-02,7.040761e-02,2.071133e-02,1.145660e-02,1.206884e-02
1.095667e-02,1.074017e-02,1.666956e-02,2.131107e-02,1.266283e-01,2.975376e-02,1.566343e-02,1.575854e-01,4.758126e-01,2.207967e-02,3.048599e-02,4.963021e-02,1.519042e-02,8.901278e-03,8.591541e-03
1.112620e-02,9.244043e-03,1.219197e-02,1.673800e-02,1.657903e-01,2.186261e-02,1.202876e-02,2.286970e-01,4.269180e-01,1.553627e-02,2.163721e-02,3.493193e-02,1.077033e-02,6.477554e-03,6.049758e-03
1.043972e-02,8.997067e-03,9.520482e-03,1.246472e-02,1.709281e-01,1.612331e-02,9.794621e-03,3.223889e-01,3.718940e-01,1.093577e-02,1.537609e-02,2.459732e-02,7.667826e-03,4.615600e-03,4.256470e-03
9.782602e-03,8.822134e-03,8.348151e-03,9.571827e-03,1.469678e-01,1.196476e-02,2.107212e-02,4.374152e-01,2.944087e-01,7.757081e-03,1.079382e-02,1.727765e-02,9.489097e-03,3.285458e-03,3.043529e-03
9.407211e-03,8.789474e-03,7.065493e-03,7.182400e-03,1.307117e-01,9.025752e-03,3.756889e-02,4.999015e-01,2.501486e-01,5.585709e-03,7.602855e-03,1.219695e-02,1.022723e-02,2.373395e-03,2.212857e-03
1.469373e-02,1.210944e-02,5.611150e-03,5.770436e-03,1.341554e-01,6.911340e-03,3.617844e-02,4.757625e-01,2.775682e-01,4.163505e-03,5.502293e-03,9.033709e-03,8.985783e-03,1.809738e-03,1.744430e-03
5.254975e-02,1.589375e-02,4.513761e-03,4.958715e-03,1.267891e-01,5.807333e-03,3.662701e-02,3.946757e-01,3.306704e-01,4.071212e-03,4.263373e-03,7.089545e-03,8.243132e-03,1.766213e-03,2.080901e-03
9.422585e-02,2.306243e-02,3.804183e-03,4.451231e-03,1.037500e-01,5.812182e-03,3.453643e-02,3.149703e-01,3.883516e-01,3.970453e-03,3.460844e-03,5.908279e-03,9.030688e-03,1.933988e-03,2.731608e-03
2.061189e-01,2.960434e-02,4.182784e-03,5.601344e-03,8.304692e-02,8.824042e-03,3.441496e-02,2.308554e-01,3.597611e-01,4.985669e-03,3.535564e-03,8.098657e-03,1.209561e-02,3.384691e-03,5.490038e-03
3.194717e-01,3.128620e-02,4.258443e-03,6.166563e-03,6.441331e-02,1.160456e-02,3.487398e-02,1.669034e-01,3.180688e-01,5.129696e-03,3.507769e-03,9.970242e-03,1.130670e-02,4.017471e-03,9.021234e-03
4.546084e-01,2.686390e-02,5.886589e-03,8.434436e-03,5.089799e-02,1.215667e-02,3.087816e-02,1.203431e-01,2.342998e-01,5.088857e-03,3.921158e-03,1.336565e-02,1.155508e-02,4.655867e-03,1.704440e-02
1.000000e+00,0.000000e+00,0.000000e+00,0.000000e+00,0.000000e+00,0.000000e+00,0.000000e+00,0.000000e+00,0.000000e+00,0.000000e+00,0.000000e+00,0.000000e+00,0.000000e+00,0.000000e+00,0.000000e+00
1.000000e+00,0.000000e+00,0.000000e+00,0.000000e+00,0.000000e+00,0.000000e+00,0.000000e+00,0.000000e+00,0.000000e+00,0.000000e+00,0.000000e+00,0.000000e+00,0.000000e+00,0.000000e+00,0.000000e+00
1.000000e+00,0.000000e+00,0.000000e+00,0.000000e+00,0.000000e+00,0.000000e+00,0.000000e+00,0.000000e+00,0.000000e+00,0.000000e+00,0.000000e+00,0.000000e+00,0.000000e+00,0.000000e+00,0.000000e+00
1.000000e+00,0.000000e+00,0.000000e+00,0.000000e+00,0.000000e+00,0.000000e+00,0.000000e+00,0.000000e+00,0.000000e+00,0.000000e+00,0.000000e+00,0.000000e+00,0.000000e+00,0.000000e+00,0.000000e+00
4.466018e-01,2.336865e-02,6.374199e-03,3.656994e-02,1.265117e-02,2.584527e-02,8.065701e-03,2.392211e-02,5.115276e-02,2.622535e-02,1.496463e-02,6.936547e-02,1.511551e-01,1.086279e-02,9.287506e-02
3.177890e-01,1.672442e-02,5.118414e-03,2.892014e-02,9.701760e-03,2.679728e-02,7.115194e-03,1.703171e-02,3.743662e-02,2.254079e-02,1.569458e-02,5.900897e-02,3.563502e-01,8.267268e-03,7.150378e-02
2.310979e-01,1.194607e-02,4.672783e-03,2.277271e-02,9.125893e-03,2.507222e-02,6.910429e-03,1.226354e-02,2.979082e-02,2.293949e-02,1.684297e-02,5.682205e-02,4.792073e-01,8.921675e-03,6.161423e-02
1.650194e-01,8.516563e-03,3.819726e-03,1.605658e-02,7.798858e-03,1.847412e-02,6.285503e-03,8.681454e-03,2.156061e-02,2.836349e-02,1.596906e-02,4.555597e-02,5.676444e-01,8.038079e-03,7.821620e-02
1.163882e-01,6.114218e-03,3.082741e-03,1.132590e-02,1.025596e-02,1.320301e-02,4.834267e-03,6.175385e-03,1.836000e-02,3.843284e-02,1.330276e-02,3.878017e-02,6.319626e-01,5.978616e-03,8.180335e-02
8.353665e-02,4.621901e-03,2.664532e-03,8.920583e-03,1.381057e-02,1.238593e-02,3.592099e-03,4.489644e-03,2.138457e-02,2.154779e-01,1.226122e-02,2.978823e-02,4.680695e-01,6.576088e-03,1.124207e-01
5.898400e-02,3.346321e-03,2.074647e-03,6.835012e-03,1.080807e-02,9.196793e-03,2.562854e-03,3.399174e-03,3.780551e-02,2.130752e-01,1.816141e-02,2.225540e-02,3.496214e-01,6.966093e-03,2.549081e-01
4.162943e-02,2.458189e-03,1.654594e-03,5.267859e-03,7.793374e-03,6.641233e-03,1.801157e-03,2.458392e-03,4.063555e-02,1.718649e-01,1.699263e-02,1.608770e-02,2.484810e-01,6.245654e-03,4.299884e-01
2.951129e-02,3.565850e-03,3.716390e-03,4.228503e-03,5.739585e-03,4.930096e-03,1.265263e-03,2.296256e-03,3.537003e-02,1.262703e-01,1.584352e-02,1.215738e-02,1.795181e-01,4.989036e-03,5.705984e-01
2.330475e-02,5.460422e-03,1.895305e-02,6.124959e-03,4.955812e-03,3.796678e-03,8.978341e-04,2.357252e-03,3.191215e-02,9.122244e-02,1.617470e-02,8.959325e-03,1.338605e-01,4.142486e-03,6.478777e-01
1.768122e-02,5.496765e-03,2.262109e-01,2.187934e-02,4.834725e-03,3.330819e-03,6.594298e-04,2.722633e-03,3.271060e-02,6.437618e-02,1.233987e-02,6.315992e-03,9.404722e-02,3.070135e-03,5.043242e-01
1.471741e-02,6.273980e-03,3.913574e-01,2.085613e-02,4.529745e-03,4.049300e-03,4.859052e-04,2.539250e-03,4.203909e-02,4.734892e-02,9.451649e-03,4.495501e-03,6.605119e-02,2.464956e-03,3.833395e-01
1.190407e-02,5.271621e-03,5.496919e-01,1.764958e-02,4.400265e-03,4.766468e-03,3.838158e-04,2.105284e-03,3.229897e-02,3.340948e-02,7.345027e-03,3.251318e-03,4.650909e-02,1.876517e-03,2.791366e-01
1.746013e-02,5.596481e-03,6.407646e-01,1.614784e-02,4.986617e-03,9.507152e-03,3.142261e-04,1.642062e-03,2.417313e-02,2.389185e-02,5.542976e-03,2.308720e-03,3.267733e-02,1.888933e-03,2.130980e-01
1.842642e-02,5.796256e-03,7.270008e-01,1.554825e-02,4.429758e-03,8.433344e-03,2.431943e-04,1.559786e-03,1.790736e-02,1.712844e-02,3.981531e-03,1.627935e-03,2.306533e-02,1.395692e-03,1.534559e-01
1.899774e-02,1.576851e-02,7.621177e-01,2.199535e-02,4.666273e-03,7.309841e-03,2.046412e-04,1.788344e-03,1.757294e-02,1.514308e-02,2.971551e-03,1.181540e-03,1.686133e-02,1.025127e-03,1.123960e-01
2.707784e-02,2.313224e-02,7.647244e-01,2.493699e-02,9.092083e-03,5.938467e-03,4.359949e-04,4.269584e-03,1.528164e-02,1.343490e-02,2.210433e-03,9.183037e-04,1.237745e-02,9.898099e-04,9.517992e-02
3.760938e-02,2.342678e-02,7.400133e-01,2.581505e-02,1.025729e-02,4.672149e-03,4.546755e-04,4.569665e-03,1.315973e-02,1.172199e-02,1.693648e-03,7.149939e-04,8.837945e-03,1.840000e-03,1.152134e-01
3.940668e-02,2.543061e-02,7.228143e-01,5.900328e-02,1.717999e-02,4.742010e-03,1.962478e-03,9.758204e-03,1.205902e-02,1.346297e-02,1.467399e-03,6.977331e-04,6.482699e-03,1.521431e-03,8.401125e-02
3.019974e-02,1.585802e-01,6.191117e-01,4.377596e-02,1.222500e-02,3.577819e-03,1.383277e-03,6.886341e-03,1.370074e-02,1.866499e-02,9.391705e-03,9.551271e-04,5.411737e-03,4.014519e-03,7.212120e-02
2.153023e-02,1.671366e-01,5.092180e-01,3.143129e-02,8.809157e-03,2.895544e-03,1.012625e-03,4.918333e-03,9.802916e-02,1.681017e-02,3.397202e-02,1.297804e-03,5.681906e-03,8.397156e-03,8.886003e-02
1.602016e-02,1.280605e-01,3.768201e-01,2.224736e-02,6.223352e-03,3.218489e-03,7.350216e-04,3.596951e-03,7.438015e-02,1.275169e-02,2.501565e-01,1.626791e-03,4.578248e-03,3.561665e-02,6.396803e-02
1.268793e-02,9.787086e-02,2.761833e-01,1.660318e-02,4.501465e-03,2.962606e-03,5.622359e-04,2.642802e-03,6.000241e-02,1.000856e-02,4.241756e-01,2.065241e-03,4.470620e-03,3.832581e-02,4.693735e-02
1.032975e-02,6.937613e-02,1.938286e-01,1.202102e-02,3.635172e-03,2.306632e-03,5.637972e-04,2.021805e-03,4.405117e-02,8.067556e-03,5.724568e-01,4.313378e-03,3.690226e-03,4.024441e-02,3.309358e-02
7.717062e-03,4.931940e-02,1.365234e-01,8.590412e-03,3.002027e-03,1.849726e-03,5.746634e-04,1.594104e-03,3.404445e-02,7.101183e-03,6.349432e-01,7.537662e-03,3.084244e-03,8.074129e-02,2.337726e-02
6.997616e-03,3.835305e-02,1.007781e-01,8.510031e-03,1.185923e-02,6.154495e-03,1.218528e-03,3.055949e-03,4.326079e-02,1.071997e-02,6.461337e-01,1.066505e-02,2.989753e-03,9.057654e-02,1.872722e-02
6.170086e-03,2.712795e-02,7.091721e-02,6.229936e-03,9.189303e-03,4.706171e-03,9.245611e-04,2.937766e-03,4.126759e-02,9.046517e-03,6.352179e-01,1.020043e-02,2.342198e-03,1.603887e-01,1.333367e-02
5.462117e-03,1.942326e-02,4.989205e-02,4.669820e-03,8.070015e-03,3.980762e-03,8.322150e-04,2.615852e-03,3.432047e-02,9.560017e-03,6.515320e-01,8.698983e-03,2.192010e-03,1.888853e-01,9.865192e-03
8.348799e-03,3.875557e-02,3.850828e-02,3.953421e-02,2.203887e-02,1.460934e-02,9.223894e-04,3.360431e-03,2.957076e-02,1.033188e-02,5.913517e-01,9.530705e-03,2.367405e-03,1.803758e-01,1.039377e-02
1.677026e-02,3.804459e-02,4.043838e-02,4.335399e-02,3.067178e-02,4.405007e-02,1.236925e-03,5.652930e-03,2.847817e-02,1.666657e-02,5.270957e-01,8.658571e-03,2.388663e-03,1.838428e-01,1.265055e-02
3.155058e-02,4.133319e-02,4.918276e-02,3.268525e-02,3.899492e-02,6.985492e-02,1.776522e-03,5.229648e-03,3.002235e-02,4.103805e-02,4.118787e-01,8.729277e-03,6.159062e-03,2.063921e-01,2.517264e-02
4.971814e-02,3.265968e-02,3.890299e-02,2.400518e-02,3.090356e-02,5.298200e-02,1.525550e-03,5.415695e-03,2.837191e-02,1.256262e-01,3.718306e-01,7.609295e-03,7.124438e-03,2.017074e-01,2.161730e-02
5.675928e-02,2.546016e-02,3.105984e-02,1.765780e-02,2.542841e-02,3.979513e-02,1.519027e-03,5.609101e-03,2.600198e-02,1.782248e-01,3.575310e-01,7.629476e-03,7.539492e-03,2.004583e-01,1.932622e-02
4.824431e-02,1.852546e-02,2.346136e-02,1.264143e-02,1.842517e-02,2.885348e-02,1.208345e-03,4.389701e-03,2.084899e-02,1.860429e-01,4.198989e-01,1.282229e-02,6.773439e-03,1.832805e-01,1.458375e-02
6.071323e-02,1.832536e-02,2.522701e-02,9.714680e-03,1.417784e-02,2.179550e-02,1.568781e-03,4.028210e-03,2.006831e-02,2.517125e-01,3.710626e-01,1.853810e-02,6.278184e-03,1.605658e-01,1.622389e-02
5.267132e-02,3.776325e-02,3.425913e-02,8.133290e-03,1.485035e-02,1.996788e-02,2.922304e-03,8.976050e-03,7.401210e-02,3.025116e-01,2.822632e-01,2.088339e-02,5.009383e-03,1.230194e-01,1.275741e-02
4.566228e-02,3.229425e-02,1.215435e-01,1.584248e-02,1.239186e-02,1.741303e-02,5.151218e-03,4.298634e-02,5.661751e-02,3.274442e-01,2.010283e-01,1.663658e-02,3.747811e-03,9.182146e-02,9.419239e-03
3.999590e-02,3.674541e-02,1.391613e-01,1.266010e-02,1.217610e-02,2.539342e-02,6.367629e-03,3.631714e-02,4.831696e-02,4.074143e-01,1.442634e-01,1.269188e-02,2.945815e-03,6.785605e-02,7.694587e-03
4.124733e-02,3.293998e-02,1.982181e-01,2.053803e-02,1.348848e-02,2.698445e-02,5.605892e-03,3.529850e-02,4.255043e-02,4.115272e-01,1.033581e-01,1.017617e-02,2.652057e-03,4.841866e-02,6.996579e-03
6.020068e-02,3.822940e-02,2.237767e-01,2.479753e-02,1.431634e-02,2.429737e-02,4.108603e-03,4.048970e-02,4.781552e-02,3.884623e-01,7.643002e-02,8.771803e-03,2.493445e-03,3.739854e-02,8.412017e-03
5.771476e-02,3.849937e-02,2.246422e-01,2.576104e-02,1.787314e-02,3.535565e-02,5.518338e-03,8.326523e-02,4.185337e-02,3.644367e-01,5.619457e-02,8.783834e-03,5.386024e-03,2.810624e-02,6.609534e-03
4.855346e-02,4.173910e-02,2.354923e-01,1.958811e-02,1.788779e-02,4.237910e-02,6.603697e-03,1.734490e-01,3.464551e-02,2.986469e-01,4.032469e-02,7.376152e-03,5.883367e-03,2.224010e-02,5.190716e-03
4.302868e-02,5.342636e-02,2.187756e-01,1.549450e-02,1.664957e-02,6.554223e-02,8.845567e-03,1.702444e-01,2.992683e-02,3.070274e-01,3.000790e-02,8.085797e-03,9.376915e-03,1.915059e-02,4.417693e-03
3.789901e-02,6.657928e-02,1.866599e-01,1.259814e-02,1.646719e-02,4.812418e-02,1.816769e-02,2.197376e-01,3.179929e-02,2.952924e-01,2.474971e-02,8.299737e-03,1.352180e-02,1.593397e-02,4.170024e-03
3.536614e-02,8.176193e-02,1.444775e-01,1.109923e-02,1.651635e-02,3.668773e-02,1.593540e-02,2.512095e-01,4.349147e-02,3.050079e-01,2.007743e-02,9.165422e-03,1.337211e-02,1.243963e-02,3.392272e-03
3.827170e-02,1.242153e-01,1.239581e-01,9.266323e-03,1.796807e-02,4.050250e-02,1.452122e-02,2.680224e-01,6.839625e-02,2.392828e-01,1.665208e-02,1.066584e-02,1.266226e-02,1.116346e-02,4.451576e-03
4.344870e-02,1.128524e-01,9.479814e-02,7.167603e-03,1.522218e-02,3.782489e-02,1.876274e-02,2.822517e-01,1.462642e-01,1.899727e-01,1.385430e-02,9.598701e-03,1.242857e-02,1.149836e-02,4.054795e-03
5.567833e-02,1.134651e-01,6.951967e-02,5.676209e-03,1.464030e-02,3.511092e-02,1.736603e-02,2.200649e-01,2.479461e-01,1.663941e-01,1.583903e-02,9.373023e-03,9.710478e-03,1.526605e-02,3.949848e-03
7.759685e-02,9.943536e-02,5.196952e-02,4.804975e-03,1.572984e-02,3.287249e-02,1.904455e-02,1.735150e-01,2.912027e-01,1.573775e-01,2.053348e-02,8.263468e-03,9.627333e-03,3.324294e-02,4.784079e-03
9.506929e-02,9.262902e-02,3.977831e-02,4.469963e-03,1.608326e-02,3.059434e-02,1.861681e-02,1.344255e-01,2.988848e-01,1.659461e-01,2.608951e-02,8.514225e-03,9.656466e-03,5.315336e-02,6.089022e-03
1.266155e-01,8.847357e-02,4.442282e-02,6.877812e-03,2.456859e-02,3.133293e-02,2.356697e-02,1.099931e-01,2.675798e-01,1.480622e-01,2.877534e-02,1.081964e-02,2.061449e-02,5.819460e-02,1.010266e-02
1.437066e-01,6.968518e-02,4.943462e-02,9.039711e-03,2.159517e-02,2.693286e-02,1.825407e-02,1.020187e-01,2.098265e-01,1.711030e-01,5.053933e-02,2.671928e-02,2.536269e-02,4.720527e-02,2.857707e-02
1.108692e-01,5.353283e-02,5.202486e-02,1.443103e-02,1.773363e-02,2.102079e-02,1.378860e-02,9.169242e-02,2.134661e-01,1.476458e-01,1.284603e-01,3.481489e-02,2.207715e-02,4.739921e-02,3.104316e-02
8.258379e-02,3.902589e-02,4.275617e-02,1.982034e-02,2.629024e-02,1.874283e-02,1.197814e-02,8.977529e-02,1.643011e-01,1.196125e-01,2.108428e-01,7.348645e-02,1.984621e-02,5.576314e-02,2.517511e-02
6.245776e-02,2.794897e-02,3.566208e-02,1.956233e-02,2.262033e-02,1.547816e-02,9.900016e-03,9.331162e-02,1.185106e-01,8.504451e-02,3.347094e-01,7.852097e-02,1.761465e-02,6.030900e-02,1.834964e-02
4.682232e-02,2.016470e-02,2.885538e-02,1.828737e-02,1.782665e-02,1.699168e-02,7.696664e-03,7.208581e-02,8.555595e-02,6.049508e-02,4.476569e-01,7.644662e-02,1.387544e-02,7.380583e-02,1.343366e-02
3.398129e-02,1.436490e-02,2.061865e-02,1.414449e-02,1.332019e-02,1.405958e-02,5.640066e-03,5.110821e-02,6.205365e-02,4.285324e-02,5.637060e-01,7.007121e-02,1.034188e-02,7.409097e-02,9.645706e-03
2.454157e-02,1.091347e-02,1.503426e-02,1.018595e-02,1.225680e-02,1.229078e-02,4.072601e-03,3.609151e-02,5.198311e-02,3.059545e-02,6.272011e-01,7.478119e-02,7.882693e-03,7.483441e-02,7.335085e-03
1.742424e-02,1.049822e-02,1.201084e-02,7.324932e-03,1.801352e-02,9.044328e-03,2.976993e-03,2.553895e-02,5.744924e-02,2.512890e-02,6.560649e-01,6.849447e-02,5.961084e-03,7.717980e-02,6.889573e-03
1.270036e-02,8.560712e-03,9.487871e-03,5.561898e-03,2.516238e-02,7.235422e-03,2.278925e-03,1.833005e-02,7.418476e-02,2.496583e-02,6.576841e-01,6.447385e-02,4.799151e-03,7.754862e-02,7.026010e-03
1.072755e-02,8.848314e-03,8.841408e-03,4.494259e-03,3.315844e-02,6.566440e-03,1.962924e-03,1.388362e-02,1.156154e-01,2.515544e-02,5.832446e-01,5.715492e-02,3.952745e-03,1.205237e-01,5.870282e-03
7.622601e-03,9.068821e-03,6.528776e-03,3.172139e-03,2.360143e-02,5.074919e-03,1.386550e-03,9.807898e-03,1.566801e-01,1.847485e-02,5.118868e-01,4.837892e-02,2.912553e-03,1.910352e-01,4.368455e-03
5.800975e-03,1.085203e-02,5.756254e-03,2.341346e-03,1.871684e-02,4.298174e-03,9.992232e-04,7.161708e-03,1.981600e-01,1.450362e-02,4.951794e-01,3.810445e-02,2.188074e-03,1.923889e-01,3.549105e-03
5.286955e-03,9.199199e-03,4.433634e-03,1.807246e-03,1.526970e-02,5.201572e-03,7.167865e-04,5.239969e-03,2.488950e-01,1.135164e-02,4.607385e-01,2.863114e-02,1.870531e-03,1.985677e-01,2.790470e-03
5.469929e-03,9.752476e-03,5.019925e-03,1.648563e-03,1.800632e-02,6.405064e-03,5.380948e-04,4.478019e-03,3.103120e-01,9.092565e-03,4.104790e-01,2.104020e-02,1.633815e-03,1.937509e-01,2.373161e-03
6.238108e-03,1.133012e-02,5.382161e-03,1.776861e-03,1.602751e-02,6.441657e-03,4.262118e-04,4.858299e-03,4.457206e-01,1.224131e-02,3.141458e-01,1.565670e-02,2.132561e-03,1.553598e-01,2.262439e-03
5.187863e-03,9.191033e-03,4.917962e-03,1.612233e-03,1.162652e-02,5.194507e-03,3.184940e-04,3.525252e-03,3.217399e-01,2.825165e-01,2.253149e-01,1.159892e-02,2.200389e-03,1.123407e-01,2.714890e-03
5.312384e-03,3.126069e-02,6.652756e-03,1.907765e-03,1.160876e-02,4.696055e-03,2.607953e-04,2.669926e-03,3.673973e-01,2.946571e-01,1.761909e-01,9.299911e-03,4.308246e-03,8.111426e-02,2.663258e-03
4.691108e-03,5.280624e-02,1.166011e-02,5.383241e-03,2.400939e-02,4.518845e-03,3.498985e-04,2.989131e-03,4.733090e-01,2.239056e-01,1.245388e-01,6.668012e-03,3.330648e-03,5.773964e-02,4.100304e-03
5.799831e-03,1.103750e-01,2.503607e-02,6.144438e-03,3.020171e-02,4.690961e-03,4.402850e-04,4.517839e-03,4.928676e-01,1.776277e-01,8.854751e-02,4.773682e-03,2.622219e-03,4.133650e-02,5.018586e-03
3.162317e-02,1.259128e-01,1.062249e-01,1.076238e-02,6.988589e-02,1.449676e-02,1.716356e-03,6.642506e-03,3.816003e-01,1.406317e-01,6.297450e-02,3.634448e-03,2.187040e-03,3.085163e-02,1.085566e-02
5.207562e-02,1.552731e-01,1.178945e-01,1.597670e-02,1.002022e-01,2.143485e-02,8.170629e-03,7.498026e-03,3.104110e-01,1.120498e-01,4.491452e-02,2.883578e-03,3.447299e-03,2.315379e-02,2.461431e-02
4.549088e-02,1.471044e-01,1.241122e-01,8.507109e-02,1.517297e-01,2.104036e-02,2.303198e-02,2.228758e-02,2.283270e-01,7.954885e-02,3.174438e-02,2.269143e-03,2.777925e-03,1.638061e-02,1.908379e-02
3.509391e-02,1.161703e-01,2.617826e-01,1.444879e-01,1.161389e-01,1.546465e-02,1.639742e-02,1.672223e-02,1.617356e-01,5.744772e-02,2.343974e-02,2.123781e-03,2.296476e-03,1.151095e-02,1.918788e-02
4.984662e-02,1.057536e-01,3.080878e-01,1.687622e-01,1.100704e-01,1.258229e-02,1.224477e-02,1.378057e-02,1.193092e-01,4.698864e-02,1.795808e-02,2.314023e-03,2.042047e-03,8.232533e-03,2.202718e-02
