1.000000e+00,0.000000e+00,0.000000e+00,0.000000e+00,0.000000e+00,0.000000e+00,0.000000e+00,0.000000e+00,0.000000e+00,0.000000e+00,0.000000e+00,0.000000e+00,0.000000e+00,0.000000e+00,0.000000e+00
1.000000e+00,0.000000e+00,0.000000e+00,0.000000e+00,0.000000e+00,0.000000e+00,0.000000e+00,0.000000e+00,0.000000e+00,0.000000e+00,0.000000e+00,0.000000e+00,0.000000e+00,0.000000e+00,0.000000e+00
1.000000e+00,0.000000e+00,0.000000e+00,0.000000e+00,0.000000e+00,0.000000e+00,0.000000e+00,0.000000e+00,0.000000e+00,0.000000e+00,0.000000e+00,0.000000e+00,0.000000e+00,0.000000e+00,0.000000e+00
1.000000e+00,0.000000e+00,0.000000e+00,0.000000e+00,0.000000e+00,0.000000e+00,0.000000e+00,0.000000e+00,0.000000e+00,0.000000e+00,0.000000e+00,0.000000e+00,0.000000e+00,0.000000e+00,0.000000e+00
1.000000e+00,0.000000e+00,0.000000e+00,0.000000e+00,0.000000e+00,0.000000e+00,0.000000e+00,0.000000e+00,0.000000e+00,0.000000e+00,0.000000e+00,0.000000e+00,0.000000e+00,0.000000e+00,0.000000e+00
1.000000e+00,0.000000e+00,0.000000e+00,0.000000e+00,0.000000e+00,0.000000e+00,0.000000e+00,0.000000e+00,0.000000e+00,0.000000e+00,0.000000e+00,0.000000e+00,0.000000e+00,0.000000e+00,0.000000e+00
1.000000e+00,0.000000e+00,0.000000e+00,0.000000e+00,0.000000e+00,0.000000e+00,0.000000e+00,0.000000e+00,0.000000e+00,0.000000e+00,0.000000e+00,0.000000e+00,0.000000e+00,0.000000e+00,0.000000e+00
1.000000e+00,0.000000e+00,0.000000e+00,0.000000e+00,0.000000e+00,0.000000e+00,0.000000e+00,0.000000e+00,0.000000e+00,0.000000e+00,0.000000e+00,0.000000e+00,0.000000e+00,0.000000e+00,0.000000e+00
1.000000e+00,0.000000e+00,0.000000e+00,0.000000e+00,0.000000e+00,0.000000e+00,0.000000e+00,0.000000e+00,0.000000e+00,0.000000e+00,0.000000e+00,0.000000e+00,0.000000e+00,0.000000e+00,0.000000e+00
1.000000e+00,0.000000e+00,0.000000e+00,0.000000e+00,0.000000e+00,0.000000e+00,0.000000e+00,0.000000e+00,0.000000e+00,0.000000e+00,0.000000e+00,0.000000e+00,0.000000e+00,0.000000e+00,0.000000e+00
1.000000e+00,0.000000e+00,0.000000e+00,0.000000e+00,0.000000e+00,0.000000e+00,0.000000e+00,0.000000e+00,0.000000e+00,0.000000e+00,0.000000e+00,0.000000e+00,0.000000e+00,0.000000e+00,0.000000e+00
1.000000e+00,0.000000e+00,0.000000e+00,0.000000e+00,0.000000e+00,0.000000e+00,0.000000e+00,0.000000e+00,0.000000e+00,0.000000e+00,0.000000e+00,0.000000e+00,0.000000e+00,0.000000e+00,0.000000e+00
1.000000e+00,0.000000e+00,0.000000e+00,0.000000e+00,0.000000e+00,0.000000e+00,0.000000e+00,0.000000e+00,0.000000e+00,0.000000e+00,0.000000e+00,0.000000e+00,0.000000e+00,0.000000e+00,0.000000e+00
1.000000e+00,0.000000e+00,0.000000e+00,0.000000e+00,0.000000e+00,0.000000e+00,0.000000e+00,0.000000e+00,0.000000e+00,0.000000e+00,0.000000e+00,0.000000e+00,0.000000e+00,0.000000e+00,0.000000e+00
1.000000e+00,0.000000e+00,0.000000e+00,0.000000e+00,0.000000e+00,0.000000e+00,0.000000e+00,0.000000e+00,0.000000e+00,0.000000e+00,0.000000e+00,0.000000e+00,0.000000e+00,0.000000e+00,0.000000e+00
1.000000e+00,0.000000e+00,0.000000e+00,0.000000e+00,0.000000e+00,0.000000e+00,0.000000e+00,0.000000e+00,0.000000e+00,0.000000e+00,0.000000e+00,0.000000e+00,0.000000e+00,0.000000e+00,0.000000e+00
1.000000e+00,0.000000e+00,0.000000e+00,0.000000e+00,0.000000e+00,0.000000e+00,0.000000e+00,0.000000e+00,0.000000e+00,0.000000e+00,0.000000e+00,0.000000e+00,0.000000e+00,0.000000e+00,0.000000e+00
1.000000e+00,0.000000e+00,0.000000e+00,0.000000e+00,0.000000e+00,0.000000e+00,0.000000e+00,0.000000e+00,0.000000e+00,0.000000e+00,0.000000e+00,0.000000e+00,0.000000e+00,0.000000e+00,0.000000e+00
1.000000e+00,0.000000e+00,0.000000e+00,0.000000e+00,0.000000e+00,0.000000e+00,0.000000e+00,0.000000e+00,0.000000e+00,0.000000e+00,0.000000e+00,0.000000e+00,0.000000e+00,0.000000e+00,0.000000e+00
1.000000e+00,0.000000e+00,0.000000e+00,0.000000e+00,0.000000e+00,0.000000e+00,0.000000e+00,0.000000e+00,0.000000e+00,0.000000e+00,0.000000e+00,0.000000e+00,0.000000e+00,0.000000e+00,0.000000e+00
1.000000e+00,0.000000e+00,0.000000e+00,0.000000e+00,0.000000e+00,0.000000e+00,0.000000e+00,0.000000e+00,0.000000e+00,0.000000e+00,0.000000e+00,0.000000e+00,0.000000e+00,0.000000e+00,0.000000e+00
1.000000e+00,0.000000e+00,0.000000e+00,0.000000e+00,0.000000e+00,0.000000e+00,0.000000e+00,0.000000e+00,0.000000e+00,0.000000e+00,0.000000e+00,0.000000e+00,0.000000e+00,0.000000e+00,0.000000e+00
1.000000e+00,0.000000e+00,0.000000e+00,0.000000e+00,0.000000e+00,0.000000e+00,0.000000e+00,0.000000e+00,0.000000e+00,0.000000e+00,0.000000e+00,0.000000e+00,0.000000e+00,0.000000e+00,0.000000e+00
1.000000e+00,0.000000e+00,0.000000e+00,0.000000e+00,0.000000e+00,0.000000e+00,0.000000e+00,0.000000e+00,0.000000e+00,0.000000e+00,0.000000e+00,0.000000e+00,0.000000e+00,0.000000e+00,0.000000e+00
1.000000e+00,0.000000e+00,0.000000e+00,0.000000e+00,0.000000e+00,0.000000e+00,0.000000e+00,0.000000e+00,0.000000e+00,0.000000e+00,0.000000e+00,0.000000e+00,0.000000e+00,0.000000e+00,0.000000e+00
1.000000e+00,0.000000e+00,0.000000e+00,0.000000e+00,0.000000e+00,0.000000e+00,0.000000e+00,0.000000e+00,0.000000e+00,0.000000e+00,0.000000e+00,0.000000e+00,0.000000e+00,0.000000e+00,0.000000e+00
1.000000e+00,0.000000e+00,0.000000e+00,0.000000e+00,0.000000e+00,0.000000e+00,0.000000e+00,0.000000e+00,0.000000e+00,0.000000e+00,0.000000e+00,0.000000e+00,0.000000e+00,0.000000e+00,0.000000e+00
1.000000e+00,0.000000e+00,0.000000e+00,0.000000e+00,0.000000e+00,0.000000e+00,0.000000e+00,0.000000e+00,0.000000e+00,0.000000e+00,0.000000e+00,0.000000e+00,0.000000e+00,0.000000e+00,0.000000e+00
1.000000e+00,0.000000e+00,0.000000e+00,0.000000e+00,0.000000e+00,0.000000e+00,0.000000e+00,0.000000e+00,0.000000e+00,0.000000e+00,0.000000e+00,0.000000e+00,0.000000e+00,0.000000e+00,0.000000e+00
1.000000e+00,0.000000e+00,0.000000e+00,0.000000e+00,0.000000e+00,0.000000e+00,0.000000e+00,0.000000e+00,0.000000e+00,0.000000e+00,0.000000e+00,0.000000e+00,0.000000e+00,0.000000e+00,0.000000e+00
1.000000e+00,0.000000e+00,0.000000e+00,0.000000e+00,0.000000e+00,0.000000e+00,0.000000e+00,0.000000e+00,0.000000e+00,0.000000e+00,0.000000e+00,0.000000e+00,0.000000e+00,0.000000e+00,0.000000e+00
1.000000e+00,0.000000e+00,0.000000e+00,0.000000e+00,0.000000e+00,0.000000e+00,0.000000e+00,0.000000e+00,0.000000e+00,0.000000e+00,0.000000e+00,0.000000e+00,0.000000e+00,0.000000e+00,0.000000e+00
1.000000e+00,0.000000e+00,0.000000e+00,0.000000e+00,0.000000e+00,0.000000e+00,0.000000e+00,0.000000e+00,0.000000e+00,0.000000e+00,0.000000e+00,0.000000e+00,0.000000e+00,0.000000e+00,0.000000e+00
1.000000e+00,0.000000e+00,0.000000e+00,0.000000e+00,0.000000e+00,0.000000e+00,0.000000e+00,0.000000e+00,0.000000e+00,0.000000e+00,0.000000e+00,0.000000e+00,0.000000e+00,0.000000e+00,0.000000e+00
1.000000e+00,0.000000e+00,0.000000e+00,0.000000e+00,0.000000e+00,0.000000e+00,0.000000e+00,0.000000e+00,0.000000e+00,0.000000e+00,0.000000e+00,0.000000e+00,0.000000e+00,0.000000e+00,0.000000e+00
1.000000e+00,0.000000e+00,0.000000e+00,0.000000e+00,0.000000e+00,0.000000e+00,0.000000e+00,0.000000e+00,0.000000e+00,0.000000e+00,0.000000e+00,0.000000e+00,0.000000e+00,0.000000e+00,0.000000e+00
1.000000e+00,0.000000e+00,0.000000e+00,0.000000e+00,0.000000e+00,0.000000e+00,0.000000e+00,0.000000e+00,0.000000e+00,0.000000e+00,0.000000e+00,0.000000e+00,0.000000e+00,0.000000e+00,0.000000e+00
1.000000e+00,0.000000e+00,0.000000e+00,0.000000e+00,0.000000e+00,0.000000e+00,0.000000e+00,0.000000e+00,0.000000e+00,0.000000e+00,0.000000e+00,0.000000e+00,0.000000e+00,0.000000e+00,0.000000e+00
1.000000e+00,0.000000e+00,0.000000e+00,0.000000e+00,0.000000e+00,0.000000e+00,0.000000e+00,0.000000e+00,0.000000e+00,0.000000e+00,0.000000e+00,0.000000e+00,0.000000e+00,0.000000e+00,0.000000e+00
4.934712e-01,6.703755e-02,2.704625e-02,1.121812e-01,8.851758e-03,2.813946e-02,4.524581e-03,1.453196e-02,2.625833e-02,7.338377e-03,4.766611e-02,2.074845e-02,9.979335e-03,2.050327e-02,1.117221e-01
4.847224e-01,6.964076e-02,2.634969e-02,1.069860e-01,9.265774e-03,2.895681e-02,4.760718e-03,1.452528e-02,2.643217e-02,8.205784e-03,4.618328e-02,2.022744e-02,1.063649e-02,2.287942e-02,1.202280e-01
4.456379e-01,6.218811e-02,2.866287e-02,9.328310e-02,1.120093e-02,4.990112e-02,1.058269e-02,2.161407e-02,3.061560e-02,8.384528e-03,6.075503e-02,2.170579e-02,1.513570e-02,2.843397e-02,1.118985e-01
4.756232e-01,5.664464e-02,2.581751e-02,8.374719e-02,1.103023e-02,4.802958e-02,9.184917e-03,1.867080e-02,3.048523e-02,8.844584e-03,5.886804e-02,2.072596e-02,1.425563e-02,3.057759e-02,1.074948e-01
4.873094e-01,5.405651e-02,2.372988e-02,7.846071e-02,1.121128e-02,4.552303e-02,7.969830e-03,1.639380e-02,2.997588e-02,9.231174e-03,5.462566e-02,2.004227e-02,1.405015e-02,3.456029e-02,1.128601e-01
1.000000e+00,0.000000e+00,0.000000e+00,0.000000e+00,0.000000e+00,0.000000e+00,0.000000e+00,0.000000e+00,0.000000e+00,0.000000e+00,0.000000e+00,0.000000e+00,0.000000e+00,0.000000e+00,0.000000e+00
4.672343e-01,5.701033e-02,2.886389e-02,7.779275e-02,1.082638e-02,3.837385e-02,5.867582e-03,1.574798e-02,3.081701e-02,9.822550e-03,4.387498e-02,2.211918e-02,1.885796e-02,3.599407e-02,1.367972e-01
1.000000e+00,0.000000e+00,0.000000e+00,0.000000e+00,0.000000e+00,0.000000e+00,0.000000e+00,0.000000e+00,0.000000e+00,0.000000e+00,0.000000e+00,0.000000e+00,0.000000e+00,0.000000e+00,0.000000e+00
1.000000e+00,0.000000e+00,0.000000e+00,0.000000e+00,0.000000e+00,0.000000e+00,0.000000e+00,0.000000e+00,0.000000e+00,0.000000e+00,0.000000e+00,0.000000e+00,0.000000e+00,0.000000e+00,0.000000e+00
1.000000e+00,0.000000e+00,0.000000e+00,0.000000e+00,0.000000e+00,0.000000e+00,0.000000e+00,0.000000e+00,0.000000e+00,0.000000e+00,0.000000e+00,0.000000e+00,0.000000e+00,0.000000e+00,0.000000e+00
1.000000e+00,0.000000e+00,0.000000e+00,0.000000e+00,0.000000e+00,0.000000e+00,0.000000e+00,0.000000e+00,0.000000e+00,0.000000e+00,0.000000e+00,0.000000e+00,0.000000e+00,0.000000e+00,0.000000e+00
1.000000e+00,0.000000e+00,0.000000e+00,0.000000e+00,0.000000e+00,0.000000e+00,0.000000e+00,0.000000e+00,0.000000e+00,0.000000e+00,0.000000e+00,0.000000e+00,0.000000e+00,0.000000e+00,0.000000e+00
1.000000e+00,0.000000e+00,0.000000e+00,0.000000e+00,0.000000e+00,0.000000e+00,0.000000e+00,0.000000e+00,0.000000e+00,0.000000e+00,0.000000e+00,0.000000e+00,0.000000e+00,0.000000e+00,0.000000e+00
1.000000e+00,0.000000e+00,0.000000e+00,0.000000e+00,0.000000e+00,0.000000e+00,0.000000e+00,0.000000e+00,0.000000e+00,0.000000e+00,0.000000e+00,0.000000e+00,0.000000e+00,0.000000e+00,0.000000e+00
1.000000e+00,0.000000e+00,0.000000e+00,0.000000e+00,0.000000e+00,0.000000e+00,0.000000e+00,0.000000e+00,0.000000e+00,0.000000e+00,0.000000e+00,0.000000e+00,0.000000e+00,0.000000e+00,0.000000e+00
1.000000e+00,0.000000e+00,0.000000e+00,0.000000e+00,0.000000e+00,0.000000e+00,0.000000e+00,0.000000e+00,0.000000e+00,0.000000e+00,0.000000e+00,0.000000e+00,0.000000e+00,0.000000e+00,0.000000e+00
1.000000e+00,0.000000e+00,0.000000e+00,0.000000e+00,0.000000e+00,0.000000e+00,0.000000e+00,0.000000e+00,0.000000e+00,0.000000e+00,0.000000e+00,0.000000e+00,0.000000e+00,0.000000e+00,0.000000e+00
1.000000e+00,0.000000e+00,0.000000e+00,0.000000e+00,0.000000e+00,0.000000e+00,0.000000e+00,0.000000e+00,0.000000e+00,0.000000e+00,0.000000e+00,0.000000e+00,0.000000e+00,0.000000e+00,0.000000e+00
1.000000e+00,0.000000e+00,0.000000e+00,0.000000e+00,0.000000e+00,0.000000e+00,0.000000e+00,0.000000e+00,0.000000e+00,0.000000e+00,0.000000e+00,0.000000e+00,0.000000e+00,0.000000e+00,0.000000e+00
3.907175e-01,4.834167e-02,3.379136e-02,3.327607e-01,4.393656e-03,8.198903e-03,1.739006e-03,6.303081e-03,1.022378e-02,5.340963e-03,2.850024e-02,9.301364e-03,1.272751e-02,5.388795e-03,1.022716e-01
3.307256e-01,4.210354e-02,2.478909e-02,2.509154e-01,4.854967e-03,7.501898e-03,1.506572e-03,4.686983e-03,2.281188e-02,5.914481e-03,2.749483e-02,9.054206e-03,1.278562e-02,8.753412e-03,2.461015e-01
2.797304e-01,5.193424e-02,2.314058e-02,2.580145e-01,5.869600e-03,7.398468e-03,1.961209e-03,3.711375e-03,3.786944e-02,1.571814e-02,2.142146e-02,8.827986e-03,1.152392e-02,7.228415e-03,2.656504e-01
2.358187e-01,5.618168e-02,2.851015e-02,2.425763e-01,5.462212e-03,6.774365e-03,1.655468e-03,2.950195e-03,3.769226e-02,2.545741e-02,1.754999e-02,9.073947e-03,1.086568e-02,6.788247e-03,3.126435e-01
1.684348e-01,5.997613e-02,3.662239e-02,3.911253e-01,4.344756e-03,5.171799e-03,1.282245e-03,2.123376e-03,3.221691e-02,1.989572e-02,1.363569e-02,6.690718e-03,8.272274e-03,4.906454e-03,2.453014e-01
1.207200e-01,4.474532e-02,2.629634e-02,2.746159e-01,3.085083e-03,3.792538e-03,9.106332e-04,1.525862e-03,2.413700e-02,1.495129e-02,9.701282e-03,4.753544e-03,5.969824e-03,5.080190e-03,4.597152e-01
8.951236e-02,4.535670e-02,2.328704e-02,2.150993e-01,2.862868e-03,3.624188e-03,8.217188e-04,1.587635e-03,2.820022e-02,1.357568e-02,8.163826e-03,3.858013e-03,4.920476e-03,6.937553e-03,5.521924e-01
6.669021e-02,3.382687e-02,1.721930e-02,1.511437e-01,2.186575e-03,3.745774e-03,6.201495e-04,1.456934e-03,4.570083e-02,7.898356e-02,1.517313e-02,4.610118e-03,9.025704e-03,6.948324e-03,5.626688e-01
4.854179e-02,2.472072e-02,1.228934e-02,1.060463e-01,1.673521e-03,4.357242e-03,4.659503e-04,1.235294e-03,8.135395e-02,7.859837e-02,2.215457e-02,7.754237e-03,1.390871e-02,8.723041e-03,5.881770e-01
3.587678e-02,2.217941e-02,9.058187e-03,7.453936e-02,1.363207e-03,3.850586e-03,4.446811e-04,1.140653e-03,9.561359e-02,6.468769e-02,2.084265e-02,9.849346e-03,1.683542e-02,9.713199e-03,6.340052e-01
2.634010e-02,1.578859e-02,6.457026e-03,5.270145e-02,1.530862e-03,4.650990e-03,6.745363e-04,9.994629e-04,1.394436e-01,5.011917e-02,4.141805e-02,1.767644e-02,4.536795e-02,9.198615e-03,5.876331e-01
2.030177e-02,1.332586e-02,4.723038e-03,3.743339e-02,1.684878e-03,8.100192e-03,1.705558e-03,9.692397e-04,1.580555e-01,3.792512e-02,4.551832e-02,3.821188e-02,1.070461e-01,1.148557e-02,5.135136e-01
1.892325e-02,1.104738e-02,4.138444e-03,2.829734e-02,1.505773e-03,2.554603e-02,2.395156e-03,1.298788e-03,1.721212e-01,2.978007e-02,6.096844e-02,5.775735e-02,1.430710e-01,1.917246e-02,4.239774e-01
1.978251e-02,9.449859e-03,4.544963e-03,2.390989e-02,2.072138e-03,3.030656e-02,2.527743e-03,2.000947e-03,1.605240e-01,2.895608e-02,6.102688e-02,6.092522e-02,1.673824e-01,4.397611e-02,3.826147e-01
1.639233e-02,8.142234e-03,4.268040e-03,2.004199e-02,2.734362e-03,3.655500e-02,3.033070e-03,3.772979e-03,1.276183e-01,2.502510e-02,5.531922e-02,6.269425e-02,1.680878e-01,1.337479e-01,3.325674e-01
1.188338e-02,6.792306e-03,4.448749e-03,1.531314e-02,2.474293e-03,1.817382e-01,2.386972e-03,3.057886e-03,9.449974e-02,2.318786e-02,4.498110e-02,6.072656e-02,1.603662e-01,1.306890e-01,2.574547e-01
8.776648e-03,5.338195e-03,4.084385e-03,1.205659e-02,2.873776e-03,2.336477e-01,2.123241e-03,2.946472e-03,7.030764e-02,2.189313e-02,4.037589e-02,9.516877e-02,1.921092e-01,1.092604e-01,1.990380e-01
6.492422e-03,4.123176e-03,4.033514e-03,9.810635e-03,3.476266e-03,2.364079e-01,2.464970e-03,2.690131e-03,5.729954e-02,2.141465e-02,3.906818e-02,9.900554e-02,2.585219e-01,8.195156e-02,1.732397e-01
4.733982e-03,3.112178e-03,3.546492e-03,7.315204e-03,3.275195e-03,2.745600e-01,2.358452e-03,2.159729e-03,4.390906e-02,1.731086e-02,3.508616e-02,1.142928e-01,2.996209e-01,5.811001e-02,1.306089e-01
3.893410e-03,3.226735e-03,8.972765e-03,6.118905e-03,3.195296e-03,3.670487e-01,3.762793e-03,2.133867e-03,3.654287e-02,1.495714e-02,2.985290e-02,1.384722e-01,2.456708e-01,4.177253e-02,9.437910e-02
5.510115e-03,3.640821e-03,1.136239e-02,5.609877e-03,6.410164e-03,3.559739e-01,3.355946e-03,2.209268e-03,3.232028e-02,1.133569e-02,2.680909e-02,2.186794e-01,2.177664e-01,2.993155e-02,6.908502e-02
8.789957e-03,7.152712e-03,4.384473e-02,8.349082e-03,8.011857e-03,3.899447e-01,5.189340e-03,2.159181e-03,2.728479e-02,1.255178e-02,2.078466e-02,2.138336e-01,1.759432e-01,2.194718e-02,5.421321e-02
7.550248e-03,5.593199e-03,3.269514e-02,6.483817e-03,7.221792e-03,2.811393e-01,4.011366e-03,1.844050e-03,2.128717e-02,9.074210e-03,1.694780e-02,4.041882e-01,1.477571e-01,1.570744e-02,3.849919e-02
6.581998e-03,4.725627e-03,2.549148e-02,5.094432e-03,8.787196e-03,2.005317e-01,4.929425e-03,1.932764e-03,1.786133e-02,6.777998e-03,1.313335e-02,5.326852e-01,1.323424e-01,1.146909e-02,2.765601e-02
1.637648e-02,5.784175e-03,2.117996e-02,6.284324e-03,9.031713e-03,1.467140e-01,4.987829e-03,6.000606e-03,2.838782e-02,5.750564e-03,1.098977e-02,5.591869e-01,1.481494e-01,9.222075e-03,2.195446e-02
1.655213e-02,4.652172e-03,1.544232e-02,5.108077e-03,1.003992e-02,1.047923e-01,4.104806e-03,7.381827e-03,2.507357e-02,4.291988e-03,8.904653e-03,6.037260e-01,1.662738e-01,7.128742e-03,1.652761e-02
3.837508e-02,7.283359e-03,1.408150e-02,8.990038e-03,1.759469e-02,8.002728e-02,4.194015e-03,1.358117e-02,2.654669e-02,4.306207e-03,7.909612e-03,5.178649e-01,2.385086e-01,6.706850e-03,1.402992e-02
4.385391e-02,8.343795e-03,1.295106e-02,8.061198e-03,1.892878e-02,6.066143e-02,3.734060e-03,3.341229e-02,2.522311e-02,4.054043e-03,6.994434e-03,4.413985e-01,3.154162e-01,5.536170e-03,1.143099e-02
4.973424e-02,1.026505e-02,1.258352e-02,6.673664e-03,2.336228e-02,4.763599e-02,4.531490e-03,4.258065e-02,2.943889e-02,4.818741e-03,5.678592e-03,3.894218e-01,3.594148e-01,4.715130e-03,9.145208e-03
5.573535e-02,1.251343e-02,1.709794e-02,7.449972e-03,2.436415e-02,3.870652e-02,5.057959e-03,4.354636e-02,3.580695e-02,4.663600e-03,4.593953e-03,2.926017e-01,4.442651e-01,4.284885e-03,9.312096e-03
5.903234e-02,1.701051e-02,1.789728e-02,7.044991e-03,3.391592e-02,3.915257e-02,8.943065e-03,4.490791e-02,4.192051e-02,3.655618e-03,3.560598e-03,2.312200e-01,4.786690e-01,4.303237e-03,8.766396e-03
6.358354e-02,2.129753e-02,3.504926e-02,3.478346e-02,3.749002e-02,6.208461e-02,1.181220e-02,5.467853e-02,5.222025e-02,4.037251e-03,3.291677e-03,1.653797e-01,4.320703e-01,3.555317e-03,1.866627e-02
7.499252e-02,3.399194e-02,3.671862e-02,3.167589e-02,3.316484e-02,1.167346e-01,1.326343e-02,7.257050e-02,6.057790e-02,3.805221e-03,2.585269e-03,1.205087e-01,3.781933e-01,2.877508e-03,1.833978e-02
1.071396e-01,4.500987e-02,3.100874e-02,2.693577e-02,3.356954e-02,1.438318e-01,1.209416e-02,6.887517e-02,8.213878e-02,2.958507e-03,1.963997e-03,8.747712e-02,3.394119e-01,2.327344e-03,1.525782e-02
1.187040e-01,5.718005e-02,2.534923e-02,2.119018e-02,2.821015e-02,1.811751e-01,1.123075e-02,8.462721e-02,9.352586e-02,2.383955e-03,1.514999e-03,6.224243e-02,2.966466e-01,1.894425e-03,1.412505e-02
1.468380e-01,7.213069e-02,2.653383e-02,1.849176e-02,2.396096e-02,1.938529e-01,1.123475e-02,8.181339e-02,9.143500e-02,2.530180e-03,1.254502e-03,4.489934e-02,2.614926e-01,1.686301e-03,2.184574e-02
1.378861e-01,1.330084e-01,4.807448e-02,2.373045e-02,1.813881e-02,1.484534e-01,8.999625e-03,5.916935e-02,1.136852e-01,6.791872e-03,2.036497e-03,3.297288e-02,1.974463e-01,1.627347e-03,6.797927e-02
1.804063e-01,1.101808e-01,3.817712e-02,2.137021e-02,2.410800e-02,1.640058e-01,1.584244e-02,6.007562e-02,1.247476e-01,6.220440e-03,2.426514e-03,2.517860e-02,1.699970e-01,1.706228e-03,5.555728e-02
1.850724e-01,9.447148e-02,3.506912e-02,2.445350e-02,2.936668e-02,1.395565e-01,2.447030e-02,6.652061e-02,1.638758e-01,6.925716e-03,3.031849e-03,2.099555e-02,1.574788e-01,1.705259e-03,4.700639e-02
1.688989e-01,9.515858e-02,5.079351e-02,3.466542e-02,2.176117e-02,1.052696e-01,1.819239e-02,4.781880e-02,1.706021e-01,1.276878e-02,5.572406e-03,2.441054e-02,1.768844e-01,2.099330e-03,6.510407e-02
1.299456e-01,9.311946e-02,6.438606e-02,5.629633e-02,1.600198e-02,7.533345e-02,1.330183e-02,3.498679e-02,1.758659e-01,2.831227e-02,1.057676e-02,2.239236e-02,1.655299e-01,2.885055e-03,1.110663e-01
1.008512e-01,1.016602e-01,4.991441e-02,4.700673e-02,1.214216e-02,5.410390e-02,9.757003e-03,2.501372e-02,1.837846e-01,2.805541e-02,1.114692e-02,1.739563e-02,1.297202e-01,4.902174e-03,2.245457e-01
7.915333e-02,1.520421e-01,4.328097e-02,5.044486e-02,8.870953e-03,3.974186e-02,6.925817e-03,1.775485e-02,2.209279e-01,2.534746e-02,9.192071e-03,1.393405e-02,9.762090e-02,6.406274e-03,2.283566e-01
8.172772e-02,1.478892e-01,3.548087e-02,4.856205e-02,6.861641e-03,2.871047e-02,5.017670e-03,1.295230e-02,2.259222e-01,2.038451e-02,1.658526e-02,1.472334e-02,1.090068e-01,2.664948e-02,2.195265e-01
9.369482e-02,1.071506e-01,2.585361e-02,4.217714e-02,7.238062e-03,2.266834e-02,3.913073e-03,1.006028e-02,2.795385e-01,1.523770e-02,3.447097e-02,1.641925e-02,1.152932e-01,2.138282e-02,2.049017e-01
8.114579e-02,7.919149e-02,1.866394e-02,3.666954e-02,6.952678e-03,2.094846e-02,3.045303e-03,7.681852e-03,2.671582e-01,1.103993e-02,3.812015e-02,2.630618e-02,2.004104e-01,1.630045e-02,1.863656e-01
8.419073e-02,6.579949e-02,1.396489e-02,3.150814e-02,6.312212e-03,2.021825e-02,2.471611e-03,5.946229e-03,2.315064e-01,8.774672e-03,3.160983e-02,2.339647e-02,2.163455e-01,1.836699e-02,2.395886e-01
6.226647e-02,5.992224e-02,1.215688e-02,2.628312e-02,5.513540e-03,1.946952e-02,1.815621e-03,4.856401e-03,3.069239e-01,1.081563e-02,3.177237e-02,2.288320e-02,1.947916e-01,2.780398e-02,2.127255e-01
4.442732e-02,4.710777e-02,9.955212e-03,3.255575e-02,4.195949e-03,1.561311e-02,1.323507e-03,3.468303e-03,4.478988e-01,9.502808e-03,3.032826e-02,2.603424e-02,1.519528e-01,2.262795e-02,1.530082e-01
3.684608e-02,3.477510e-02,8.091185e-03,2.940754e-02,3.462304e-03,1.255973e-02,1.609810e-03,3.749046e-03,3.476021e-01,9.588538e-03,9.712869e-02,7.255706e-02,1.903904e-01,3.150797e-02,1.207245e-01
2.733163e-02,2.561131e-02,8.548493e-03,2.468500e-02,8.739756e-03,9.816405e-03,1.393739e-03,3.432793e-03,3.342265e-01,8.860423e-03,1.815468e-01,6.655199e-02,1.871674e-01,2.342681e-02,8.866094e-02
3.622515e-02,2.650743e-02,5.286000e-02,4.394158e-02,2.344259e-02,9.199388e-03,2.397386e-03,3.238128e-03,2.925912e-01,1.133787e-02,1.511278e-01,7.409236e-02,1.740037e-01,2.670966e-02,7.232579e-02
3.159247e-02,1.937965e-02,3.857253e-02,3.280547e-02,3.575659e-02,9.967055e-03,2.399601e-03,3.673273e-03,2.153025e-01,9.982139e-03,1.609759e-01,1.057658e-01,2.501832e-01,2.728267e-02,5.636117e-02
2.386194e-02,1.407312e-02,3.343815e-02,2.340998e-02,6.734720e-02,7.492997e-03,2.784075e-03,3.332314e-03,1.552368e-01,9.015385e-03,1.504654e-01,1.227553e-01,3.194510e-01,2.201867e-02,4.531771e-02
1.750344e-02,1.055479e-02,5.271098e-02,1.656156e-02,5.275853e-02,6.095933e-03,2.337592e-03,3.159872e-03,1.124718e-01,1.174095e-02,1.481515e-01,1.065342e-01,3.648476e-01,2.311633e-02,7.145494e-02
1.294021e-02,8.167789e-03,5.238865e-02,1.189552e-02,4.076122e-02,5.154899e-03,2.063766e-03,3.688292e-03,7.990380e-02,1.184383e-02,1.268958e-01,8.854434e-02,3.615502e-01,2.553260e-02,1.686691e-01
9.722883e-03,6.415383e-03,4.318071e-02,1.064360e-02,3.104267e-02,4.458192e-03,1.619264e-03,4.659134e-03,6.157032e-02,1.286173e-02,9.959269e-02,7.024629e-02,3.719999e-01,2.267576e-02,2.493115e-01
1.021837e-02,6.755793e-03,2.406000e-01,1.277498e-02,2.509800e-02,3.933671e-03,1.552160e-03,9.182147e-03,4.890154e-02,1.086063e-02,8.602758e-02,5.112271e-02,2.886452e-01,1.681978e-02,1.875075e-01
2.493034e-02,7.280691e-03,2.291162e-01,1.451910e-02,5.361603e-02,6.126761e-03,1.399146e-03,1.653511e-02,4.296270e-02,1.358278e-02,7.970219e-02,3.862455e-02,2.184650e-01,3.472064e-02,2.184188e-01
2.051484e-02,7.119939e-03,3.338495e-01,3.556401e-02,4.147604e-02,9.126788e-03,1.280464e-03,1.327276e-02,3.989933e-02,1.000085e-02,6.564239e-02,2.813505e-02,1.566545e-01,3.136590e-02,2.060977e-01
2.027295e-02,1.619852e-02,3.092832e-01,3.659287e-02,3.325009e-02,9.714644e-03,1.028081e-03,1.252314e-02,7.301722e-02,8.849155e-03,5.708268e-02,2.020892e-02,1.122636e-01,3.966491e-02,2.500501e-01
3.311301e-02,2.053379e-02,3.361400e-01,2.867119e-02,2.659730e-02,1.171072e-02,8.079309e-04,1.013806e-02,1.051970e-01,8.685124e-03,5.535662e-02,1.477979e-02,8.000923e-02,6.722482e-02,2.010355e-01
2.868254e-02,2.768884e-02,3.608760e-01,2.577878e-02,1.991777e-02,9.365653e-03,6.194068e-04,7.894823e-03,1.858870e-01,1.190800e-02,4.363129e-02,1.072497e-02,5.659037e-02,5.436007e-02,1.560745e-01
5.316779e-02,5.452397e-02,3.235785e-01,2.503773e-02,2.259250e-02,1.004351e-02,1.270545e-03,7.289016e-03,1.749263e-01,1.635606e-02,4.065507e-02,8.423961e-03,4.284311e-02,5.888408e-02,1.604079e-01
4.783757e-02,7.307892e-02,2.540496e-01,7.497087e-02,3.839884e-02,9.197902e-03,2.079429e-03,1.231272e-02,1.745782e-01,1.281749e-02,3.043064e-02,6.480185e-03,3.251855e-02,4.589206e-02,1.853572e-01
5.229318e-02,1.179391e-01,2.006699e-01,6.890789e-02,5.341641e-02,1.056642e-02,2.815760e-03,1.198757e-02,1.598157e-01,1.026062e-02,2.283862e-02,4.957926e-03,2.466734e-02,4.197767e-02,2.168860e-01
5.294237e-02,1.209710e-01,1.568339e-01,1.277674e-01,5.522143e-02,9.062001e-03,2.284936e-03,1.082926e-02,1.889106e-01,1.077625e-02,1.769116e-02,4.002975e-03,1.838448e-02,3.140740e-02,1.929150e-01
8.092608e-02,9.911011e-02,1.254281e-01,1.327118e-01,1.110993e-01,9.484064e-03,2.382571e-03,1.722863e-02,1.982706e-01,1.013193e-02,1.523697e-02,4.395805e-03,1.405129e-02,3.575081e-02,1.437919e-01
1.449071e-01,8.675323e-02,9.564526e-02,1.143385e-01,1.406803e-01,1.043477e-02,2.572802e-03,2.400524e-02,1.896635e-01,9.214806e-03,1.330408e-02,5.374411e-03,1.106906e-02,3.452308e-02,1.175139e-01
1.384544e-01,7.341355e-02,7.474743e-02,2.018450e-01,1.286760e-01,8.408860e-03,2.138885e-03,2.069500e-02,1.986713e-01,7.546042e-03,1.056834e-02,4.934778e-03,8.827152e-03,2.479811e-02,9.627539e-02
1.446596e-01,6.174431e-02,5.846332e-02,1.964450e-01,1.081880e-01,7.306130e-03,1.631127e-03,1.760973e-02,2.312633e-01,9.328639e-03,9.529617e-03,4.200808e-03,6.911086e-03,1.921119e-02,1.235082e-01
2.891766e-01,5.388416e-02,4.441361e-02,1.519177e-01,8.477845e-02,8.603583e-03,1.868850e-03,2.189679e-02,1.984330e-01,7.533881e-03,8.950166e-03,4.910846e-03,6.172332e-03,1.824354e-02,9.921664e-02
2.443995e-01,5.216357e-02,4.561006e-02,2.001817e-01,5.986441e-02,7.327322e-03,1.467019e-03,1.585451e-02,1.681090e-01,1.266869e-02,8.533402e-03,4.523443e-03,5.786821e-03,1.380458e-02,1.597061e-01
2.635444e-01,4.613638e-02,3.672082e-02,1.583505e-01,4.538339e-02,6.820028e-03,1.436420e-03,1.308509e-02,1.538713e-01,1.449958e-02,8.748852e-03,5.514978e-03,6.259446e-03,1.269934e-02,2.269296e-01
2.081950e-01,4.334390e-02,5.129744e-02,2.872933e-01,4.294841e-02,6.426768e-03,1.919205e-03,2.125864e-02,1.255307e-01,1.158068e-02,8.499579e-03,4.527250e-03,5.248279e-03,9.718680e-03,1.722122e-01
1.776899e-01,3.924526e-02,4.229528e-02,2.791850e-01,3.194072e-02,5.571974e-03,1.554208e-03,1.529021e-02,1.166539e-01,1.612782e-02,1.054479e-02,3.969199e-03,5.986844e-03,8.477360e-03,2.454675e-01
2.691190e-01,3.629014e-02,3.504616e-02,2.046691e-01,2.889984e-02,6.102150e-03,1.952498e-03,1.365372e-02,9.191824e-02,1.859971e-02,9.703317e-03,6.111986e-03,7.358624e-03,1.522551e-02,2.553501e-01
3.188509e-01,4.226468e-02,3.750139e-02,1.775489e-01,3.776709e-02,6.899766e-03,2.158801e-03,2.988555e-02,7.219793e-02,1.854122e-02,1.007841e-02,7.543894e-03,6.886146e-03,1.564700e-02,2.162283e-01
3.844307e-01,4.370623e-02,3.573651e-02,1.348122e-01,5.056397e-02,8.704393e-03,2.785958e-03,3.917331e-02,5.713411e-02,1.591799e-02,1.067078e-02,9.544479e-03,7.415402e-03,1.891237e-02,1.804916e-01
3.328940e-01,3.915010e-02,3.029466e-02,9.800965e-02,3.906925e-02,8.041751e-03,2.225433e-03,2.991690e-02,5.297150e-02,1.893115e-02,9.029862e-03,8.014222e-03,7.430145e-03,2.116839e-02,3.028530e-01
2.531261e-01,3.110814e-02,2.324734e-02,6.980623e-02,2.777964e-02,7.275940e-03,1.596332e-03,2.129644e-02,5.732395e-02,1.695516e-02,8.625817e-03,6.888761e-03,8.035514e-03,2.896082e-02,4.379739e-01
3.872863e-01,2.996455e-02,2.163583e-02,5.722228e-02,2.105863e-02,1.512798e-02,1.575704e-03,1.800195e-02,5.041512e-02,1.253828e-02,8.535309e-03,6.774356e-03,8.127180e-03,3.212959e-02,3.296069e-01
4.630172e-01,2.378798e-02,1.617142e-02,4.261487e-02,1.724744e-02,1.728951e-02,1.351658e-03,1.358165e-02,4.661451e-02,1.708516e-02,1.306584e-02,6.463143e-03,1.353737e-02,3.347319e-02,2.746990e-01
1.000000e+00,0.000000e+00,0.000000e+00,0.000000e+00,0.000000e+00,0.000000e+00,0.000000e+00,0.000000e+00,0.000000e+00,0.000000e+00,0.000000e+00,0.000000e+00,0.000000e+00,0.000000e+00,0.000000e+00
1.000000e+00,0.000000e+00,0.000000e+00,0.000000e+00,0.000000e+00,0.000000e+00,0.000000e+00,0.000000e+00,0.000000e+00,0.000000e+00,0.000000e+00,0.000000e+00,0.000000e+00,0.000000e+00,0.000000e+00
1.000000e+00,0.000000e+00,0.000000e+00,0.000000e+00,0.000000e+00,0.000000e+00,0.000000e+00,0.000000e+00,0.000000e+00,0.000000e+00,0.000000e+00,0.000000e+00,0.000000e+00,0.000000e+00,0.000000e+00
1.000000e+00,0.000000e+00,0.000000e+00,0.000000e+00,0.000000e+00,0.000000e+00,0.000000e+00,0.000000e+00,0.000000e+00,0.000000e+00,0.000000e+00,0.000000e+00,0.000000e+00,0.000000e+00,0.000000e+00
4.194747e-01,2.255600e-02,3.480183e-02,2.714066e-02,3.371306e-02,2.041468e-02,4.540564e-03,8.632237e-03,3.668513e-02,4.836134e-02,9.257799e-02,1.027632e-02,2.887985e-02,5.663791e-02,1.553077e-01
3.089215e-01,2.295400e-02,1.225364e-01,1.312137e-01,5.250995e-02,1.761152e-02,3.632483e-03,9.043961e-03,3.509072e-02,3.724803e-02,7.382198e-02,8.499829e-03,2.166464e-02,4.370606e-02,1.115453e-01
2.657708e-01,3.089829e-02,1.394002e-01,1.016842e-01,5.322880e-02,1.955804e-02,3.979580e-03,1.124028e-02,4.032016e-02,4.170520e-02,9.757909e-02,9.253354e-03,1.939427e-02,5.485522e-02,1.111325e-01
2.084090e-01,3.233850e-02,1.366674e-01,7.994758e-02,1.085847e-01,4.750963e-02,3.600911e-03,1.149394e-02,3.603604e-02,4.633282e-02,1.053679e-01,7.575013e-03,1.687810e-02,4.505191e-02,1.142064e-01
1.723396e-01,3.611353e-02,1.014314e-01,9.289490e-02,1.703115e-01,9.571941e-02,4.663617e-03,1.284826e-02,3.062400e-02,3.497902e-02,8.012974e-02,7.327474e-03,1.378808e-02,3.325306e-02,1.135763e-01
1.409133e-01,3.828919e-02,1.143740e-01,1.483520e-01,1.807773e-01,1.219552e-01,6.090238e-03,1.237239e-02,2.291651e-02,2.579902e-02,5.800869e-02,6.539159e-03,1.053130e-02,2.388597e-02,8.919578e-02
1.627521e-01,3.528698e-02,1.007722e-01,1.489203e-01,1.674132e-01,1.224570e-01,5.356546e-03,1.048994e-02,2.164912e-02,2.477005e-02,4.953378e-02,5.586114e-03,9.242767e-03,2.024541e-02,1.155246e-01
1.481680e-01,5.598105e-02,8.421715e-02,1.335585e-01,1.584155e-01,1.360708e-01,4.518277e-03,9.002120e-03,3.058936e-02,3.101324e-02,4.425022e-02,5.619762e-03,9.667399e-03,2.433810e-02,1.245907e-01
1.550045e-01,5.204192e-02,6.987024e-02,1.117237e-01,1.628875e-01,1.708384e-01,3.943056e-03,7.670159e-03,3.463987e-02,4.550858e-02,4.669227e-02,5.711809e-03,1.035321e-02,2.685074e-02,9.626422e-02
1.920919e-01,7.030163e-02,6.283477e-02,1.375174e-01,1.435634e-01,1.396545e-01,3.389392e-03,1.007882e-02,3.987762e-02,3.636247e-02,4.207005e-02,1.107037e-02,1.030841e-02,2.446566e-02,7.641373e-02
1.916397e-01,2.148772e-01,5.412523e-02,1.034487e-01,1.170586e-01,1.131217e-01,2.807465e-03,8.808088e-03,3.114668e-02,2.941101e-02,3.843421e-02,1.049009e-02,8.308608e-03,1.987991e-02,5.644286e-02
1.935119e-01,3.309577e-01,4.919134e-02,7.857890e-02,8.683793e-02,8.845927e-02,2.241179e-03,6.978906e-03,2.674418e-02,2.838843e-02,3.291397e-02,9.230061e-03,6.686727e-03,1.694621e-02,4.233332e-02
2.589653e-01,3.366652e-01,4.862615e-02,7.059796e-02,6.427471e-02,6.715753e-02,1.715661e-03,5.600923e-03,2.462925e-02,2.338012e-02,3.038474e-02,1.179912e-02,6.187864e-03,1.677313e-02,3.324239e-02
2.202206e-01,2.654682e-01,4.870818e-02,5.259904e-02,4.576305e-02,5.206144e-02,1.336143e-03,4.394155e-03,1.876619e-02,1.768845e-02,1.794257e-01,4.691123e-02,4.762270e-03,1.718405e-02,2.471128e-02
1.602164e-01,1.905705e-01,3.592162e-02,3.753559e-02,3.225052e-02,3.938375e-02,1.019926e-03,3.362259e-03,1.422669e-02,1.314051e-02,3.913646e-01,4.637354e-02,3.462360e-03,1.310813e-02,1.806364e-02
1.188445e-01,1.346954e-01,2.567208e-02,2.743825e-02,2.266032e-02,3.002108e-02,7.526501e-04,2.461544e-03,1.114028e-02,9.667757e-03,5.023361e-01,8.856314e-02,2.557575e-03,9.844534e-03,1.334488e-02
1.002234e-01,9.815314e-02,1.882432e-02,2.037441e-02,1.678997e-02,2.311573e-02,6.084021e-04,2.011846e-03,9.133291e-03,7.337873e-03,5.536283e-01,1.237511e-01,1.913973e-03,8.180212e-03,1.595403e-02
7.055540e-02,6.899833e-02,1.343040e-02,1.447234e-02,1.244686e-02,1.652439e-02,4.363896e-04,1.493222e-03,7.318723e-03,5.377657e-03,6.198337e-01,1.488687e-01,1.363783e-03,6.493124e-03,1.238692e-02
4.953740e-02,4.869415e-02,9.771346e-03,1.045752e-02,1.061714e-02,1.224046e-02,3.628360e-04,1.228414e-03,6.871765e-03,4.150775e-03,5.841485e-01,2.461938e-01,1.069097e-03,5.287749e-03,9.369071e-03
3.509612e-02,3.584146e-02,9.869096e-03,8.325807e-03,1.681629e-02,1.138889e-02,3.247352e-03,3.250134e-03,3.311025e-02,5.580778e-03,5.561976e-01,2.664780e-01,1.560403e-03,5.015817e-03,8.221903e-03
2.692640e-02,2.997166e-02,1.015243e-02,6.647224e-03,1.660680e-02,1.042066e-02,3.407529e-03,6.813955e-03,3.292133e-02,5.966596e-03,5.922129e-01,2.424861e-01,1.653695e-03,4.236149e-03,9.576497e-03
2.406928e-02,9.949015e-02,1.445888e-02,5.253340e-03,2.520578e-02,8.300254e-03,3.753870e-03,8.854751e-03,8.495115e-02,7.643968e-03,4.844114e-01,2.143072e-01,1.650109e-03,5.365011e-03,1.228482e-02
1.779579e-02,7.428467e-02,1.197710e-02,3.953978e-03,1.997645e-02,8.397703e-03,3.029855e-03,6.684618e-03,6.598628e-02,1.543631e-02,5.469443e-01,2.057522e-01,1.834835e-03,6.517196e-03,1.142868e-02
1.289073e-02,5.930136e-02,1.031399e-02,2.908773e-03,1.615248e-02,7.624458e-03,2.419913e-03,4.823588e-03,5.068102e-02,2.964951e-02,5.986757e-01,1.805783e-01,1.811883e-03,7.856461e-03,1.431188e-02
9.619902e-03,5.511351e-02,8.917581e-03,2.096236e-03,1.259242e-02,7.042055e-03,2.039101e-03,3.488381e-03,3.848476e-02,8.219337e-02,6.139091e-01,1.368689e-01,1.676474e-03,1.029917e-02,1.565909e-02
6.904990e-03,4.365376e-02,7.632396e-03,1.474359e-03,9.077283e-03,6.647477e-03,1.597080e-03,2.464968e-03,2.783580e-02,1.330236e-01,6.345932e-01,1.008960e-01,1.583198e-03,8.555621e-03,1.406018e-02
5.058499e-03,3.273260e-02,5.692938e-03,1.050649e-03,6.612327e-03,7.736993e-03,1.218681e-03,1.799522e-03,2.062353e-02,2.004030e-01,6.208969e-01,7.642248e-02,1.708786e-03,6.457911e-03,1.158515e-02
6.588493e-03,2.932018e-02,7.604300e-03,4.049522e-03,6.005317e-03,8.444744e-02,6.169533e-03,3.196802e-02,1.595754e-02,2.629925e-01,4.701811e-01,5.843755e-02,1.930608e-03,5.419907e-03,8.928000e-03
8.990497e-03,2.677984e-02,9.093681e-03,4.594640e-03,5.662420e-03,6.712352e-02,5.638192e-03,3.177360e-02,1.297065e-02,3.304560e-01,4.265825e-01,5.436466e-02,3.612735e-03,4.713151e-03,7.643917e-03
1.085667e-02,4.780849e-02,9.514100e-03,9.395296e-03,7.046524e-03,5.633122e-02,6.846396e-03,3.875566e-02,2.051013e-02,3.570533e-01,3.478424e-01,7.037547e-02,5.502068e-03,4.765564e-03,7.396701e-03
1.350277e-02,4.878268e-02,9.882157e-03,9.307429e-03,8.671131e-03,5.182713e-02,6.444907e-03,3.648242e-02,2.334009e-02,3.729257e-01,2.882462e-01,1.099882e-01,7.518610e-03,5.408384e-03,7.672342e-03
2.234846e-02,5.044369e-02,1.607074e-02,1.754804e-02,1.381215e-02,4.734568e-02,6.604284e-03,6.717908e-02,2.892886e-02,3.657467e-01,2.253847e-01,1.153112e-01,9.091603e-03,6.980414e-03,7.204470e-03
3.194268e-02,4.238888e-02,3.872793e-02,2.470699e-02,2.135220e-02,4.413831e-02,7.193507e-03,5.951969e-02,3.202348e-02,3.533922e-01,1.872746e-01,1.292046e-01,1.039228e-02,1.049294e-02,7.249827e-03
4.026608e-02,3.608944e-02,3.344116e-02,2.511010e-02,2.717381e-02,3.685240e-02,6.891726e-03,5.609911e-02,3.215094e-02,3.587401e-01,1.704325e-01,1.442514e-01,1.193447e-02,1.400158e-02,6.565225e-03
3.864685e-02,5.617714e-02,5.755323e-02,2.287613e-02,5.333904e-02,2.714222e-02,5.269076e-03,4.082873e-02,7.054953e-02,3.001388e-01,1.529889e-01,1.371164e-01,1.345321e-02,1.456142e-02,9.359273e-03
4.296057e-02,4.836665e-02,1.000178e-01,2.236227e-02,5.859510e-02,2.050409e-02,4.372874e-03,4.063075e-02,7.493782e-02,2.634957e-01,1.598642e-01,1.202678e-01,1.725140e-02,1.832957e-02,8.043482e-03
4.395378e-02,4.483869e-02,1.260610e-01,2.414205e-02,5.736513e-02,1.660158e-02,3.384517e-03,3.268447e-02,7.509249e-02,2.271571e-01,1.599618e-01,1.345347e-01,2.133406e-02,2.489135e-02,7.997219e-03
5.326853e-02,3.726099e-02,1.724162e-01,2.602501e-02,6.653230e-02,1.396663e-02,3.109402e-03,4.214405e-02,6.177719e-02,1.723212e-01,1.334681e-01,1.687906e-01,1.850017e-02,2.319873e-02,7.220848e-03
7.134151e-02,3.079635e-02,2.377654e-01,4.056747e-02,6.096313e-02,1.954006e-02,2.916229e-03,4.705987e-02,5.029349e-02,1.295268e-01,1.047902e-01,1.597691e-01,1.618948e-02,2.173509e-02,6.745799e-03
6.199229e-02,3.919144e-02,3.431711e-01,3.723334e-02,4.764939e-02,1.523686e-02,2.123347e-03,3.473517e-02,6.772725e-02,1.030673e-01,8.529769e-02,1.213039e-01,1.373212e-02,2.118866e-02,6.350039e-03
6.051704e-02,5.513826e-02,3.644767e-01,5.001906e-02,5.226053e-02,1.268170e-02,1.706521e-03,3.037873e-02,1.022873e-01,7.720324e-02,6.306219e-02,8.891295e-02,1.073344e-02,2.168493e-02,8.937326e-03
8.052866e-02,7.895905e-02,3.011988e-01,5.765491e-02,5.381142e-02,1.248606e-02,1.388593e-03,2.876873e-02,1.230458e-01,7.407419e-02,5.511367e-02,6.806787e-02,9.997677e-03,3.048137e-02,2.442320e-02
6.631456e-02,6.301247e-02,2.330651e-01,2.593457e-01,6.154478e-02,1.297669e-02,1.192505e-03,2.492243e-02,9.032453e-02,5.280587e-02,3.993515e-02,4.800811e-02,7.219119e-03,2.152671e-02,1.780623e-02
5.304532e-02,4.770520e-02,1.715658e-01,4.128469e-01,4.845868e-02,1.042125e-02,8.934949e-04,1.753956e-02,7.341804e-02,4.571762e-02,4.525496e-02,3.415975e-02,5.584532e-03,1.554254e-02,1.784631e-02
1.359394e-01,4.984766e-02,1.478089e-01,2.971488e-01,5.689449e-02,2.281702e-02,1.121459e-03,1.488010e-02,7.257332e-02,4.035266e-02,3.648610e-02,2.588710e-02,5.750253e-03,2.045258e-02,7.204010e-02
1.377672e-01,4.969728e-02,1.736757e-01,2.382036e-01,5.482098e-02,2.142535e-02,1.280199e-03,1.738445e-02,8.498736e-02,4.580970e-02,2.921946e-02,1.927322e-02,5.623563e-03,2.114642e-02,9.968543e-02
1.272812e-01,4.771111e-02,1.921883e-01,2.599423e-01,4.786051e-02,1.996958e-02,1.243810e-03,1.687459e-02,7.418885e-02,4.093783e-02,2.317619e-02,1.474170e-02,5.115946e-03,1.727528e-02,1.114928e-01
2.026686e-01,4.695517e-02,1.848011e-01,2.036054e-01,3.914468e-02,1.839639e-02,1.166267e-03,1.403738e-02,6.064497e-02,3.310410e-02,1.866333e-02,1.300970e-02,6.509445e-03,1.924097e-02,1.380526e-01
2.222967e-01,4.412855e-02,1.916764e-01,1.722459e-01,5.438329e-02,1.585766e-02,1.052280e-03,1.349436e-02,5.149620e-02,3.032260e-02,1.504657e-02,9.970364e-03,5.441674e-03,1.778101e-02,1.548065e-01
2.408156e-01,4.730340e-02,1.767057e-01,2.113213e-01,5.544382e-02,1.390952e-02,1.274424e-03,1.279452e-02,4.398857e-02,2.286236e-02,1.346273e-02,1.089559e-02,5.366973e-03,1.580419e-02,1.280513e-01
2.321406e-01,4.153341e-02,1.955951e-01,2.661604e-01,5.626056e-02,1.107332e-02,1.220165e-03,1.176945e-02,3.569799e-02,1.657352e-02,1.056922e-02,9.395240e-03,4.799712e-03,1.176543e-02,9.544588e-02
2.039090e-01,3.070750e-02,2.663277e-01,2.892846e-01,5.006543e-02,8.286348e-03,1.016939e-03,1.482911e-02,2.695283e-02,1.209854e-02,8.184072e-03,7.252131e-03,3.994829e-03,8.466139e-03,6.862482e-02
2.711470e-01,2.849286e-02,2.757077e-01,2.431937e-01,4.880908e-02,7.990327e-03,9.609041e-04,1.590612e-02,2.226988e-02,9.489166e-03,6.861629e-03,6.701732e-03,3.872996e-03,7.498335e-03,5.109857e-02
3.222910e-01,2.736996e-02,2.627677e-01,2.217407e-01,4.227836e-02,8.112850e-03,1.177485e-03,1.580296e-02,2.247046e-02,8.229769e-03,7.216779e-03,1.049394e-02,4.319296e-03,6.363742e-03,3.936496e-02
3.584898e-01,2.085137e-02,2.946410e-01,1.944038e-01,3.174077e-02,8.188926e-03,1.019581e-03,1.335531e-02,1.637333e-02,6.553066e-03,5.965827e-03,9.703801e-03,4.470563e-03,5.186369e-03,2.905644e-02
3.643426e-01,1.646027e-02,3.215795e-01,1.815197e-01,2.625304e-02,8.229058e-03,9.300575e-04,1.739590e-02,1.250988e-02,5.772284e-03,5.937141e-03,9.773692e-03,4.202174e-03,3.987906e-03,2.110678e-02
2.992710e-01,1.790914e-02,3.323844e-01,1.573535e-01,1.925534e-02,7.157575e-03,7.490453e-04,1.379365e-02,3.073991e-02,3.658012e-02,2.198021e-02,7.956550e-03,3.990224e-03,7.937091e-03,4.294227e-02
3.848450e-01,1.864875e-02,2.850182e-01,1.165314e-01,1.457789e-02,1.301221e-02,6.888300e-04,1.242785e-02,2.914525e-02,2.681794e-02,2.297282e-02,7.339840e-03,8.842832e-03,2.221888e-02,3.691235e-02
4.678305e-01,2.408798e-02,2.244667e-01,9.130349e-02,1.237243e-02,1.563694e-02,7.497098e-04,1.243521e-02,2.525105e-02,2.046438e-02,2.126656e-02,6.585394e-03,1.063984e-02,3.289558e-02,3.401425e-02
