1.000000e+00,0.000000e+00,0.000000e+00,0.000000e+00,0.000000e+00,0.000000e+00,0.000000e+00,0.000000e+00,0.000000e+00,0.000000e+00,0.000000e+00,0.000000e+00,0.000000e+00,0.000000e+00,0.000000e+00
1.000000e+00,0.000000e+00,0.000000e+00,0.000000e+00,0.000000e+00,0.000000e+00,0.000000e+00,0.000000e+00,0.000000e+00,0.000000e+00,0.000000e+00,0.000000e+00,0.000000e+00,0.000000e+00,0.000000e+00
1.000000e+00,0.000000e+00,0.000000e+00,0.000000e+00,0.000000e+00,0.000000e+00,0.000000e+00,0.000000e+00,0.000000e+00,0.000000e+00,0.000000e+00,0.000000e+00,0.000000e+00,0.000000e+00,0.000000e+00
1.000000e+00,0.000000e+00,0.000000e+00,0.000000e+00,0.000000e+00,0.000000e+00,0.000000e+00,0.000000e+00,0.000000e+00,0.000000e+00,0.000000e+00,0.000000e+00,0.000000e+00,0.000000e+00,0.000000e+00
1.000000e+00,0.000000e+00,0.000000e+00,0.000000e+00,0.000000e+00,0.000000e+00,0.000000e+00,0.000000e+00,0.000000e+00,0.000000e+00,0.000000e+00,0.000000e+00,0.000000e+00,0.000000e+00,0.000000e+00
1.000000e+00,0.000000e+00,0.000000e+00,0.000000e+00,0.000000e+00,0.000000e+00,0.000000e+00,0.000000e+00,0.000000e+00,0.000000e+00,0.000000e+00,0.000000e+00,0.000000e+00,0.000000e+00,0.000000e+00
1.000000e+00,0.000000e+00,0.000000e+00,0.000000e+00,0.000000e+00,0.000000e+00,0.000000e+00,0.000000e+00,0.000000e+00,0.000000e+00,0.000000e+00,0.000000e+00,0.000000e+00,0.000000e+00,0.000000e+00
1.000000e+00,0.000000e+00,0.000000e+00,0.000000e+00,0.000000e+00,0.000000e+00,0.000000e+00,0.000000e+00,0.000000e+00,0.000000e+00,0.000000e+00,0.000000e+00,0.000000e+00,0.000000e+00,0.000000e+00
1.000000e+00,0.000000e+00,0.000000e+00,0.000000e+00,0.000000e+00,0.000000e+00,0.000000e+00,0.000000e+00,0.000000e+00,0.000000e+00,0.000000e+00,0.000000e+00,0.000000e+00,0.000000e+00,0.000000e+00
1.000000e+00,0.000000e+00,0.000000e+00,0.000000e+00,0.000000e+00,0.000000e+00,0.000000e+00,0.000000e+00,0.000000e+00,0.000000e+00,0.000000e+00,0.000000e+00,0.000000e+00,0.000000e+00,0.000000e+00
1.000000e+00,0.000000e+00,0.000000e+00,0.000000e+00,0.000000e+00,0.000000e+00,0.000000e+00,0.000000e+00,0.000000e+00,0.000000e+00,0.000000e+00,0.000000e+00,0.000000e+00,0.000000e+00,0.000000e+00
1.000000e+00,0.000000e+00,0.000000e+00,0.000000e+00,0.000000e+00,0.000000e+00,0.000000e+00,0.000000e+00,0.000000e+00,0.000000e+00,0.000000e+00,0.000000e+00,0.000000e+00,0.000000e+00,0.000000e+00
1.000000e+00,0.000000e+00,0.000000e+00,0.000000e+00,0.000000e+00,0.000000e+00,0.000000e+00,0.000000e+00,0.000000e+00,0.000000e+00,0.000000e+00,0.000000e+00,0.000000e+00,0.000000e+00,0.000000e+00
1.000000e+00,0.000000e+00,0.000000e+00,0.000000e+00,0.000000e+00,0.000000e+00,0.000000e+00,0.000000e+00,0.000000e+00,0.000000e+00,0.000000e+00,0.000000e+00,0.000000e+00,0.000000e+00,0.000000e+00
1.000000e+00,0.000000e+00,0.000000e+00,0.000000e+00,0.000000e+00,0.000000e+00,0.000000e+00,0.000000e+00,0.000000e+00,0.000000e+00,0.000000e+00,0.000000e+00,0.000000e+00,0.000000e+00,0.000000e+00
1.000000e+00,0.000000e+00,0.000000e+00,0.000000e+00,0.000000e+00,0.000000e+00,0.000000e+00,0.000000e+00,0.000000e+00,0.000000e+00,0.000000e+00,0.000000e+00,0.000000e+00,0.000000e+00,0.000000e+00
1.000000e+00,0.000000e+00,0.000000e+00,0.000000e+00,0.000000e+00,0.000000e+00,0.000000e+00,0.000000e+00,0.000000e+00,0.000000e+00,0.000000e+00,0.000000e+00,0.000000e+00,0.000000e+00,0.000000e+00
1.000000e+00,0.000000e+00,0.000000e+00,0.000000e+00,0.000000e+00,0.000000e+00,0.000000e+00,0.000000e+00,0.000000e+00,0.000000e+00,0.000000e+00,0.000000e+00,0.000000e+00,0.000000e+00,0.000000e+00
1.000000e+00,0.000000e+00,0.000000e+00,0.000000e+00,0.000000e+00,0.000000e+00,0.000000e+00,0.000000e+00,0.000000e+00,0.000000e+00,0.000000e+00,0.000000e+00,0.000000e+00,0.000000e+00,0.000000e+00
1.000000e+00,0.000000e+00,0.000000e+00,0.000000e+00,0.000000e+00,0.000000e+00,0.000000e+00,0.000000e+00,0.000000e+00,0.000000e+00,0.000000e+00,0.000000e+00,0.000000e+00,0.000000e+00,0.000000e+00
1.000000e+00,0.000000e+00,0.000000e+00,0.000000e+00,0.000000e+00,0.000000e+00,0.000000e+00,0.000000e+00,0.000000e+00,0.000000e+00,0.000000e+00,0.000000e+00,0.000000e+00,0.000000e+00,0.000000e+00
1.000000e+00,0.000000e+00,0.000000e+00,0.000000e+00,0.000000e+00,0.000000e+00,0.000000e+00,0.000000e+00,0.000000e+00,0.000000e+00,0.000000e+00,0.000000e+00,0.000000e+00,0.000000e+00,0.000000e+00
1.000000e+00,0.000000e+00,0.000000e+00,0.000000e+00,0.000000e+00,0.000000e+00,0.000000e+00,0.000000e+00,0.000000e+00,0.000000e+00,0.000000e+00,0.000000e+00,0.000000e+00,0.000000e+00,0.000000e+00
1.000000e+00,0.000000e+00,0.000000e+00,0.000000e+00,0.000000e+00,0.000000e+00,0.000000e+00,0.000000e+00,0.000000e+00,0.000000e+00,0.000000e+00,0.000000e+00,0.000000e+00,0.000000e+00,0.000000e+00
1.000000e+00,0.000000e+00,0.000000e+00,0.000000e+00,0.000000e+00,0.000000e+00,0.000000e+00,0.000000e+00,0.000000e+00,0.000000e+00,0.000000e+00,0.000000e+00,0.000000e+00,0.000000e+00,0.000000e+00
1.000000e+00,0.000000e+00,0.000000e+00,0.000000e+00,0.000000e+00,0.000000e+00,0.000000e+00,0.000000e+00,0.000000e+00,0.000000e+00,0.000000e+00,0.000000e+00,0.000000e+00,0.000000e+00,0.000000e+00
1.000000e+00,0.000000e+00,0.000000e+00,0.000000e+00,0.000000e+00,0.000000e+00,0.000000e+00,0.000000e+00,0.000000e+00,0.000000e+00,0.000000e+00,0.000000e+00,0.000000e+00,0.000000e+00,0.000000e+00
1.000000e+00,0.000000e+00,0.000000e+00,0.000000e+00,0.000000e+00,0.000000e+00,0.000000e+00,0.000000e+00,0.000000e+00,0.000000e+00,0.000000e+00,0.000000e+00,0.000000e+00,0.000000e+00,0.000000e+00
1.000000e+00,0.000000e+00,0.000000e+00,0.000000e+00,0.000000e+00,0.000000e+00,0.000000e+00,0.000000e+00,0.000000e+00,0.000000e+00,0.000000e+00,0.000000e+00,0.000000e+00,0.000000e+00,0.000000e+00
1.000000e+00,0.000000e+00,0.000000e+00,0.000000e+00,0.000000e+00,0.000000e+00,0.000000e+00,0.000000e+00,0.000000e+00,0.000000e+00,0.000000e+00,0.000000e+00,0.000000e+00,0.000000e+00,0.000000e+00
1.000000e+00,0.000000e+00,0.000000e+00,0.000000e+00,0.000000e+00,0.000000e+00,0.000000e+00,0.000000e+00,0.000000e+00,0.000000e+00,0.000000e+00,0.000000e+00,0.000000e+00,0.000000e+00,0.000000e+00
1.000000e+00,0.000000e+00,0.000000e+00,0.000000e+00,0.000000e+00,0.000000e+00,0.000000e+00,0.000000e+00,0.000000e+00,0.000000e+00,0.000000e+00,0.000000e+00,0.000000e+00,0.000000e+00,0.000000e+00
1.000000e+00,0.000000e+00,0.000000e+00,0.000000e+00,0.000000e+00,0.000000e+00,0.000000e+00,0.000000e+00,0.000000e+00,0.000000e+00,0.000000e+00,0.000000e+00,0.000000e+00,0.000000e+00,0.000000e+00
1.000000e+00,0.000000e+00,0.000000e+00,0.000000e+00,0.000000e+00,0.000000e+00,0.000000e+00,0.000000e+00,0.000000e+00,0.000000e+00,0.000000e+00,0.000000e+00,0.000000e+00,0.000000e+00,0.000000e+00
1.000000e+00,0.000000e+00,0.000000e+00,0.000000e+00,0.000000e+00,0.000000e+00,0.000000e+00,0.000000e+00,0.000000e+00,0.000000e+00,0.000000e+00,0.000000e+00,0.000000e+00,0.000000e+00,0.000000e+00
1.000000e+00,0.000000e+00,0.000000e+00,0.000000e+00,0.000000e+00,0.000000e+00,0.000000e+00,0.000000e+00,0.000000e+00,0.000000e+00,0.000000e+00,0.000000e+00,0.000000e+00,0.000000e+00,0.000000e+00
1.000000e+00,0.000000e+00,0.000000e+00,0.000000e+00,0.000000e+00,0.000000e+00,0.000000e+00,0.000000e+00,0.000000e+00,0.000000e+00,0.000000e+00,0.000000e+00,0.000000e+00,0.000000e+00,0.000000e+00
1.000000e+00,0.000000e+00,0.000000e+00,0.000000e+00,0.000000e+00,0.000000e+00,0.000000e+00,0.000000e+00,0.000000e+00,0.000000e+00,0.000000e+00,0.000000e+00,0.000000e+00,0.000000e+00,0.000000e+00
1.000000e+00,0.000000e+00,0.000000e+00,0.000000e+00,0.000000e+00,0.000000e+00,0.000000e+00,0.000000e+00,0.000000e+00,0.000000e+00,0.000000e+00,0.000000e+00,0.000000e+00,0.000000e+00,0.000000e+00
1.000000e+00,0.000000e+00,0.000000e+00,0.000000e+00,0.000000e+00,0.000000e+00,0.000000e+00,0.000000e+00,0.000000e+00,0.000000e+00,0.000000e+00,0.000000e+00,0.000000e+00,0.000000e+00,0.000000e+00
1.000000e+00,0.000000e+00,0.000000e+00,0.000000e+00,0.000000e+00,0.000000e+00,0.000000e+00,0.000000e+00,0.000000e+00,0.000000e+00,0.000000e+00,0.000000e+00,0.000000e+00,0.000000e+00,0.000000e+00
1.000000e+00,0.000000e+00,0.000000e+00,0.000000e+00,0.000000e+00,0.000000e+00,0.000000e+00,0.000000e+00,0.000000e+00,0.000000e+00,0.000000e+00,0.000000e+00,0.000000e+00,0.000000e+00,0.000000e+00
1.000000e+00,0.000000e+00,0.000000e+00,0.000000e+00,0.000000e+00,0.000000e+00,0.000000e+00,0.000000e+00,0.000000e+00,0.000000e+00,0.000000e+00,0.000000e+00,0.000000e+00,0.000000e+00,0.000000e+00
1.000000e+00,0.000000e+00,0.000000e+00,0.000000e+00,0.000000e+00,0.000000e+00,0.000000e+00,0.000000e+00,0.000000e+00,0.000000e+00,0.000000e+00,0.000000e+00,0.000000e+00,0.000000e+00,0.000000e+00
1.000000e+00,0.000000e+00,0.000000e+00,0.000000e+00,0.000000e+00,0.000000e+00,0.000000e+00,0.000000e+00,0.000000e+00,0.000000e+00,0.000000e+00,0.000000e+00,0.000000e+00,0.000000e+00,0.000000e+00
1.000000e+00,0.000000e+00,0.000000e+00,0.000000e+00,0.000000e+00,0.000000e+00,0.000000e+00,0.000000e+00,0.000000e+00,0.000000e+00,0.000000e+00,0.000000e+00,0.000000e+00,0.000000e+00,0.000000e+00
1.000000e+00,0.000000e+00,0.000000e+00,0.000000e+00,0.000000e+00,0.000000e+00,0.000000e+00,0.000000e+00,0.000000e+00,0.000000e+00,0.000000e+00,0.000000e+00,0.000000e+00,0.000000e+00,0.000000e+00
1.000000e+00,0.000000e+00,0.000000e+00,0.000000e+00,0.000000e+00,0.000000e+00,0.000000e+00,0.000000e+00,0.000000e+00,0.000000e+00,0.000000e+00,0.000000e+00,0.000000e+00,0.000000e+00,0.000000e+00
1.000000e+00,0.000000e+00,0.000000e+00,0.000000e+00,0.000000e+00,0.000000e+00,0.000000e+00,0.000000e+00,0.000000e+00,0.000000e+00,0.000000e+00,0.000000e+00,0.000000e+00,0.000000e+00,0.000000e+00
1.000000e+00,0.000000e+00,0.000000e+00,0.000000e+00,0.000000e+00,0.000000e+00,0.000000e+00,0.000000e+00,0.000000e+00,0.000000e+00,0.000000e+00,0.000000e+00,0.000000e+00,0.000000e+00,0.000000e+00
1.000000e+00,0.000000e+00,0.000000e+00,0.000000e+00,0.000000e+00,0.000000e+00,0.000000e+00,0.000000e+00,0.000000e+00,0.000000e+00,0.000000e+00,0.000000e+00,0.000000e+00,0.000000e+00,0.000000e+00
1.000000e+00,0.000000e+00,0.000000e+00,0.000000e+00,0.000000e+00,0.000000e+00,0.000000e+00,0.000000e+00,0.000000e+00,0.000000e+00,0.000000e+00,0.000000e+00,0.000000e+00,0.000000e+00,0.000000e+00
1.000000e+00,0.000000e+00,0.000000e+00,0.000000e+00,0.000000e+00,0.000000e+00,0.000000e+00,0.000000e+00,0.000000e+00,0.000000e+00,0.000000e+00,0.000000e+00,0.000000e+00,0.000000e+00,0.000000e+00
1.000000e+00,0.000000e+00,0.000000e+00,0.000000e+00,0.000000e+00,0.000000e+00,0.000000e+00,0.000000e+00,0.000000e+00,0.000000e+00,0.000000e+00,0.000000e+00,0.000000e+00,0.000000e+00,0.000000e+00
1.000000e+00,0.000000e+00,0.000000e+00,0.000000e+00,0.000000e+00,0.000000e+00,0.000000e+00,0.000000e+00,0.000000e+00,0.000000e+00,0.000000e+00,0.000000e+00,0.000000e+00,0.000000e+00,0.000000e+00
1.000000e+00,0.000000e+00,0.000000e+00,0.000000e+00,0.000000e+00,0.000000e+00,0.000000e+00,0.000000e+00,0.000000e+00,0.000000e+00,0.000000e+00,0.000000e+00,0.000000e+00,0.000000e+00,0.000000e+00
1.000000e+00,0.000000e+00,0.000000e+00,0.000000e+00,0.000000e+00,0.000000e+00,0.000000e+00,0.000000e+00,0.000000e+00,0.000000e+00,0.000000e+00,0.000000e+00,0.000000e+00,0.000000e+00,0.000000e+00
1.000000e+00,0.000000e+00,0.000000e+00,0.000000e+00,0.000000e+00,0.000000e+00,0.000000e+00,0.000000e+00,0.000000e+00,0.000000e+00,0.000000e+00,0.000000e+00,0.000000e+00,0.000000e+00,0.000000e+00
1.000000e+00,0.000000e+00,0.000000e+00,0.000000e+00,0.000000e+00,0.000000e+00,0.000000e+00,0.000000e+00,0.000000e+00,0.000000e+00,0.000000e+00,0.000000e+00,0.000000e+00,0.000000e+00,0.000000e+00
1.000000e+00,0.000000e+00,0.000000e+00,0.000000e+00,0.000000e+00,0.000000e+00,0.000000e+00,0.000000e+00,0.000000e+00,0.000000e+00,0.000000e+00,0.000000e+00,0.000000e+00,0.000000e+00,0.000000e+00
4.778411e-01,3.143317e-02,1.706482e-02,1.907577e-01,2.793715e-02,1.675704e-02,5.311001e-03,8.990234e-03,1.019324e-02,2.747151e-03,1.307339e-01,2.142943e-02,3.915864e-02,3.724884e-03,1.592053e-02
3.345644e-01,2.231104e-02,1.203773e-02,1.976444e-01,2.138893e-02,1.232552e-02,3.783111e-03,6.328787e-03,7.557632e-03,3.583824e-03,3.130631e-01,1.620440e-02,3.477735e-02,3.061301e-03,1.136850e-02
2.344077e-01,1.601747e-02,8.640095e-03,2.018249e-01,1.568836e-02,8.775135e-03,2.710505e-03,4.550009e-03,8.261688e-03,4.996778e-03,4.036120e-01,2.206111e-02,4.898919e-02,1.097950e-02,8.485512e-03
1.641973e-01,1.165363e-02,6.286908e-03,2.110215e-01,1.255306e-02,6.712798e-03,1.971110e-03,3.313476e-03,8.687033e-03,5.276783e-03,4.604526e-01,3.511237e-02,5.408125e-02,1.250023e-02,6.179834e-03
1.150674e-01,8.258332e-03,4.500980e-03,1.657763e-01,1.061651e-02,5.745632e-03,1.404089e-03,2.400072e-03,8.449274e-03,1.160569e-02,4.836217e-01,5.005909e-02,5.309144e-02,7.459853e-02,4.804895e-03
8.080278e-02,5.895144e-03,3.372817e-03,1.322479e-01,7.957557e-03,5.378452e-03,1.006924e-03,1.813343e-03,8.375380e-03,1.114415e-02,4.991674e-01,4.693240e-02,4.072911e-02,1.506954e-01,4.481151e-03
5.686435e-02,4.252868e-03,2.568300e-03,9.850078e-02,5.950317e-03,4.852842e-03,7.162478e-04,1.400119e-03,7.560643e-03,9.187719e-03,5.672881e-01,4.043167e-02,3.076388e-02,1.659330e-01,3.729136e-03
4.002208e-02,3.198237e-03,1.910940e-03,7.243437e-02,4.480672e-03,5.831590e-03,5.086506e-04,1.023740e-03,6.494169e-03,1.068126e-02,6.102225e-01,3.585834e-02,2.444398e-02,1.772878e-01,5.601689e-03
2.813879e-02,2.350220e-03,1.381780e-03,5.167629e-02,3.249720e-03,4.576418e-03,3.581997e-04,7.380245e-04,5.303629e-03,1.112503e-02,6.755956e-01,2.958173e-02,1.881126e-02,1.609552e-01,6.158121e-03
1.979483e-02,2.098010e-03,1.008833e-03,3.640250e-02,2.338052e-03,3.645827e-03,2.526108e-04,5.241044e-04,5.027956e-03,1.575959e-02,6.945827e-01,2.310029e-02,1.387420e-02,1.759583e-01,5.632203e-03
1.409641e-02,1.771524e-03,7.336974e-04,2.556433e-02,1.675835e-03,3.192928e-03,1.806092e-04,3.807104e-04,4.824641e-03,1.756895e-02,7.289033e-01,1.854334e-02,1.043641e-02,1.662351e-01,5.892233e-03
1.064418e-02,2.943586e-03,5.673979e-04,1.797308e-02,1.239908e-03,3.103371e-03,1.422674e-04,3.050794e-04,8.536128e-03,1.896456e-02,7.041891e-01,1.945590e-02,8.953671e-03,1.947328e-01,8.248992e-03
8.438041e-03,2.355781e-03,4.694748e-04,1.261821e-02,1.061883e-03,8.451906e-03,2.850712e-04,5.518520e-04,8.570022e-03,1.609257e-02,7.589750e-01,2.116868e-02,7.973472e-03,1.455096e-01,7.478437e-03
8.778784e-03,2.215977e-03,4.736525e-04,8.878644e-03,9.694351e-04,1.892112e-02,5.136854e-04,1.199451e-03,1.209229e-02,1.728543e-02,7.712457e-01,2.356958e-02,7.642817e-03,1.184734e-01,7.740074e-03
9.081586e-03,3.407433e-03,6.590742e-04,6.296192e-03,1.082428e-03,5.905891e-02,6.034955e-04,1.179909e-03,1.115479e-02,1.473552e-02,7.520043e-01,2.658941e-02,5.944519e-03,1.009142e-01,7.288222e-03
8.353669e-03,4.354992e-03,2.381611e-03,4.813333e-03,1.873230e-03,5.023300e-02,1.313957e-03,2.683582e-03,2.532328e-02,1.896755e-02,7.350236e-01,4.309434e-02,5.518950e-03,8.913830e-02,6.926615e-03
6.968401e-03,5.514400e-03,2.682074e-03,3.690004e-03,1.630154e-03,4.120070e-02,1.371811e-03,3.195980e-03,3.213831e-02,1.805133e-02,7.420468e-01,5.180553e-02,5.582948e-03,7.836302e-02,5.758518e-03
6.262806e-03,4.704142e-03,2.320437e-03,2.759909e-03,1.638643e-03,3.352674e-02,1.618017e-03,3.532013e-03,2.987872e-02,1.485114e-02,7.834243e-01,4.743481e-02,5.295340e-03,5.819940e-02,4.553483e-03
1.051176e-02,1.400547e-02,1.134999e-02,2.907502e-03,6.904724e-03,2.985383e-02,3.308500e-03,1.736392e-02,8.333817e-02,1.731424e-02,6.983895e-01,4.774982e-02,5.406918e-03,4.677561e-02,4.819881e-03
2.126243e-02,4.380085e-02,4.558066e-02,3.634985e-03,1.356838e-02,2.638517e-02,3.050814e-03,2.598540e-02,1.716772e-01,1.816544e-02,5.325156e-01,4.265441e-02,5.178976e-03,4.205783e-02,4.481757e-03
2.874929e-02,5.455904e-02,9.632037e-02,6.324157e-03,1.573376e-02,2.911652e-02,2.810890e-03,3.743479e-02,1.988164e-01,1.939776e-02,4.137927e-01,4.996843e-02,5.378984e-03,3.753798e-02,4.058881e-03
3.806545e-02,5.622175e-02,9.485728e-02,7.352438e-03,1.616442e-02,3.025358e-02,2.262465e-03,3.345259e-02,2.473299e-01,1.819168e-02,3.495266e-01,6.081768e-02,5.702320e-03,3.636408e-02,3.437651e-03
5.295423e-02,6.664883e-02,1.597040e-01,1.068626e-02,2.850935e-02,2.423731e-02,1.975207e-03,4.144756e-02,2.171388e-01,2.250355e-02,2.686169e-01,4.792537e-02,4.808854e-03,4.875497e-02,4.088774e-03
5.692545e-02,1.034302e-01,1.438567e-01,1.159547e-02,3.263373e-02,2.284757e-02,1.495913e-03,4.043347e-02,2.092324e-01,3.392661e-02,2.083619e-01,3.829298e-02,4.438360e-03,7.845654e-02,1.407272e-02
6.399885e-02,1.590990e-01,1.404420e-01,1.210066e-02,4.705985e-02,2.333523e-02,1.520132e-03,3.721053e-02,1.819893e-01,4.098377e-02,1.561849e-01,3.006093e-02,4.544426e-03,8.085231e-02,2.061824e-02
6.059672e-02,1.875096e-01,1.785242e-01,2.183529e-02,4.252635e-02,1.869732e-02,1.424286e-03,5.968080e-02,1.586994e-01,3.982892e-02,1.128151e-01,2.346371e-02,5.048236e-03,6.533467e-02,2.401538e-02
6.370861e-02,2.193085e-01,1.416354e-01,2.121743e-02,5.087078e-02,2.598516e-02,1.420735e-03,5.453146e-02,1.916616e-01,3.854614e-02,8.518030e-02,1.932844e-02,4.775993e-03,5.305389e-02,2.877552e-02
5.741683e-02,2.160625e-01,1.023807e-01,4.907864e-02,5.574718e-02,4.680566e-02,1.327726e-03,5.720636e-02,2.096578e-01,3.271593e-02,6.203770e-02,1.433913e-02,4.545290e-03,3.870192e-02,5.197672e-02
5.978778e-02,1.705622e-01,7.309609e-02,4.562182e-02,8.164312e-02,1.451752e-01,2.195310e-03,4.800070e-02,2.197173e-01,2.340007e-02,4.659710e-02,1.062422e-02,3.758512e-03,2.836812e-02,4.145248e-02
7.572934e-02,1.550180e-01,5.220372e-02,4.357209e-02,1.341950e-01,1.678622e-01,1.952491e-03,4.354325e-02,1.937189e-01,1.725781e-02,3.533315e-02,8.107245e-03,3.285112e-03,2.204141e-02,4.618032e-02
9.477690e-02,1.226408e-01,3.909086e-02,9.118591e-02,1.478746e-01,1.486484e-01,2.056816e-03,8.667867e-02,1.590159e-01,1.268749e-02,2.743698e-02,8.054707e-03,3.222717e-03,1.658157e-02,4.004773e-02
9.641641e-02,1.067482e-01,3.908683e-02,1.009329e-01,1.701180e-01,1.286189e-01,2.275979e-03,1.351124e-01,1.373811e-01,9.361788e-03,2.078682e-02,6.273258e-03,2.649915e-03,1.253483e-02,3.170274e-02
1.014871e-01,1.239654e-01,5.124692e-02,8.962013e-02,1.478681e-01,1.463876e-01,2.457259e-03,1.017875e-01,1.553509e-01,8.980078e-03,1.588574e-02,5.036915e-03,3.086064e-03,1.128849e-02,3.555186e-02
1.317333e-01,1.058843e-01,9.597857e-02,1.373269e-01,1.229521e-01,1.191019e-01,2.133536e-03,7.629244e-02,1.275031e-01,9.568590e-03,1.356777e-02,5.356890e-03,3.084714e-03,8.655008e-03,4.086102e-02
1.719065e-01,1.107123e-01,1.326990e-01,1.346019e-01,1.057923e-01,8.955224e-02,2.008660e-03,5.519829e-02,1.098686e-01,9.493487e-03,1.211582e-02,7.649792e-03,3.996706e-03,7.798489e-03,4.660600e-02
1.580523e-01,1.131508e-01,1.086043e-01,2.088030e-01,1.214048e-01,6.976991e-02,3.556176e-03,4.385613e-02,9.592406e-02,8.084849e-03,1.122730e-02,6.408245e-03,3.661389e-03,5.879595e-03,4.161714e-02
1.250409e-01,9.962979e-02,8.702707e-02,3.602153e-01,1.021222e-01,4.984925e-02,3.134697e-03,3.330547e-02,7.159342e-02,7.101539e-03,8.791434e-03,5.168383e-03,3.139862e-03,4.419394e-03,3.946137e-02
9.539884e-02,7.701479e-02,7.962879e-02,4.994605e-01,8.392209e-02,3.555747e-02,2.560603e-03,2.360984e-02,5.112436e-02,5.673264e-03,7.103926e-03,3.951295e-03,2.381136e-03,3.204732e-03,2.940839e-02
1.578761e-01,6.640176e-02,1.046058e-01,4.448303e-01,7.971300e-02,2.794649e-02,2.402022e-03,1.961380e-02,4.022890e-02,6.203371e-03,7.484340e-03,4.014569e-03,2.376572e-03,2.832391e-03,3.347062e-02
2.505875e-01,6.637201e-02,8.654339e-02,3.695760e-01,6.978458e-02,2.385323e-02,2.922931e-03,1.755684e-02,3.008274e-02,6.023565e-03,9.128318e-03,1.712338e-02,6.864741e-03,4.290203e-03,3.929052e-02
3.217753e-01,6.161513e-02,1.119440e-01,3.012460e-01,5.126412e-02,2.260193e-02,2.579598e-03,1.440901e-02,2.366588e-02,5.269085e-03,9.966626e-03,1.953562e-02,9.593828e-03,6.305890e-03,3.822792e-02
3.108024e-01,4.756087e-02,1.388107e-01,3.310301e-01,3.828716e-02,2.012622e-02,2.063459e-03,1.257539e-02,1.903430e-02,4.674132e-03,1.012234e-02,1.832515e-02,9.968529e-03,5.541396e-03,3.107778e-02
2.545121e-01,3.614859e-02,2.488280e-01,3.260649e-01,2.816491e-02,1.548217e-02,1.534535e-03,9.568627e-03,1.494745e-02,3.669760e-03,8.592349e-03,1.488877e-02,7.774126e-03,4.986061e-03,2.483758e-02
2.662822e-01,3.690660e-02,2.884162e-01,2.628392e-01,2.074371e-02,1.271663e-02,1.235927e-03,8.701080e-03,1.987657e-02,4.936185e-03,1.057223e-02,1.209804e-02,6.687332e-03,6.533518e-03,4.145455e-02
2.446515e-01,2.801357e-02,2.838595e-01,3.039400e-01,1.525602e-02,9.888981e-03,9.523308e-04,7.339209e-03,2.936768e-02,4.671376e-03,1.613453e-02,9.281403e-03,5.876354e-03,5.420398e-03,3.534719e-02
1.862126e-01,2.048733e-02,3.270621e-01,2.406158e-01,1.081971e-02,7.261224e-03,7.170564e-04,5.345265e-03,1.009706e-01,1.496763e-02,1.525891e-02,6.685372e-03,4.358805e-03,1.138592e-02,4.785166e-02
1.349287e-01,1.522945e-02,3.502409e-01,2.165819e-01,7.647937e-03,5.260864e-03,5.265542e-04,3.803207e-03,1.445948e-01,2.308018e-02,1.218977e-02,4.775267e-03,3.272802e-03,8.811920e-03,6.905575e-02
9.632029e-02,1.253505e-02,3.398710e-01,1.554646e-01,5.405175e-03,3.891174e-03,4.009619e-04,2.706807e-03,1.841545e-01,1.174053e-01,1.155916e-02,3.664494e-03,3.032446e-03,7.303701e-03,5.628534e-02
6.970097e-02,1.118406e-02,2.626559e-01,1.153614e-01,3.919614e-03,4.809033e-03,3.579808e-04,2.280410e-03,2.926582e-01,1.177554e-01,2.328267e-02,3.691651e-03,1.292515e-02,8.361181e-03,7.105635e-02
5.298109e-02,9.916965e-03,1.962747e-01,8.328301e-02,3.070073e-03,1.461595e-02,5.683508e-04,2.862129e-03,3.476817e-01,9.879071e-02,2.333809e-02,4.034377e-03,5.078962e-02,9.976567e-03,1.018166e-01
4.004738e-02,7.349125e-03,1.473859e-01,6.324165e-02,3.682905e-03,1.186045e-02,2.852061e-02,1.670186e-01,2.473886e-01,7.033025e-02,2.948919e-02,3.083520e-03,4.006907e-02,7.643070e-03,1.328896e-01
2.868970e-02,5.223034e-03,1.046402e-01,4.556212e-02,3.405740e-03,8.756698e-03,2.166534e-02,3.852482e-01,1.734868e-01,4.954002e-02,3.106271e-02,2.304405e-03,2.981827e-02,5.473663e-03,1.051230e-01
2.029072e-02,3.677813e-03,7.453476e-02,3.287501e-02,2.821650e-03,6.716999e-03,1.548132e-02,5.626820e-01,1.214871e-01,3.476749e-02,2.360120e-02,1.712669e-03,2.109768e-02,3.838879e-03,7.441467e-02
1.435101e-02,2.594425e-03,5.324099e-02,2.350458e-02,2.415609e-03,5.364132e-03,1.107059e-02,6.891694e-01,8.506963e-02,2.436795e-02,1.733265e-02,1.284361e-03,1.503122e-02,2.697626e-03,5.250581e-02
1.027851e-02,1.849105e-03,3.873133e-02,1.728341e-02,2.643335e-03,5.218417e-03,8.424181e-03,7.732525e-01,5.960539e-02,1.711518e-02,1.281555e-02,1.546745e-03,1.157157e-02,1.999291e-03,3.766548e-02
7.882352e-03,1.360236e-03,2.956354e-02,1.334121e-02,4.093637e-03,4.240643e-03,6.249923e-03,8.228724e-01,4.186365e-02,1.207428e-02,1.135444e-02,2.474234e-03,1.038713e-02,1.869377e-03,3.037295e-02
6.427872e-03,1.010445e-03,2.278116e-02,1.052282e-02,5.465438e-03,3.184898e-03,4.561034e-03,8.598146e-01,2.941318e-02,8.555526e-03,1.073295e-02,2.279755e-03,9.299047e-03,1.615304e-03,2.433593e-02
8.058494e-03,8.414774e-04,2.215248e-02,1.005417e-02,8.201322e-03,3.121383e-03,4.348564e-03,8.742245e-01,2.085288e-02,6.052633e-03,1.084395e-02,2.169909e-03,8.392141e-03,1.264747e-03,1.942127e-02
1.133517e-02,7.851812e-04,2.032601e-02,9.478079e-03,1.137373e-02,3.512276e-03,4.584143e-03,8.819121e-01,1.508460e-02,4.314546e-03,1.109956e-02,2.058303e-03,8.156137e-03,9.699463e-04,1.501024e-02
1.616370e-02,7.607561e-04,1.596643e-02,8.889231e-03,1.309549e-02,4.586363e-03,3.997919e-03,8.881888e-01,1.114231e-02,3.079349e-03,1.040684e-02,2.322190e-03,9.021573e-03,7.852911e-04,1.159368e-02
2.535198e-02,8.871520e-04,1.247435e-02,7.868974e-03,1.335859e-02,5.216502e-03,6.320613e-03,8.859929e-01,8.689401e-03,2.205609e-03,7.892715e-03,2.036665e-03,1.237354e-02,5.879924e-04,8.742992e-03
3.618331e-02,9.606873e-04,9.517530e-03,9.667255e-03,1.296918e-02,5.820112e-03,1.001196e-02,8.739479e-01,6.855147e-03,1.620173e-03,6.157768e-03,1.873948e-03,1.703101e-02,4.888360e-04,6.895171e-03
4.402059e-02,9.866043e-04,8.047932e-03,1.074923e-02,1.133646e-02,5.714898e-03,1.892674e-02,8.647304e-01,5.562776e-03,1.265105e-03,5.042297e-03,2.302572e-03,1.529521e-02,4.297709e-04,5.589429e-03
4.637096e-02,7.749686e-04,6.011961e-03,8.695448e-03,8.697970e-03,5.768981e-03,2.146256e-02,8.733577e-01,4.195434e-03,9.174075e-04,3.812184e-03,2.366025e-03,1.304415e-02,3.263920e-04,4.197808e-03
4.775231e-02,5.905537e-04,4.628136e-03,6.531538e-03,6.535764e-03,8.221826e-03,2.906735e-02,8.715469e-01,3.278974e-03,6.779769e-04,2.900434e-03,2.390117e-03,1.255894e-02,2.478459e-04,3.071324e-03
5.126852e-02,5.680799e-04,3.838226e-03,5.843541e-03,4.938892e-03,1.181274e-02,2.698410e-02,8.737366e-01,2.692339e-03,5.875158e-04,2.329658e-03,2.250108e-03,1.028439e-02,2.070966e-04,2.658130e-03
6.655710e-02,7.271495e-04,3.223972e-03,4.959839e-03,3.951614e-03,2.450320e-02,2.373558e-02,8.512614e-01,2.537244e-03,5.802670e-04,2.067797e-03,3.073977e-03,9.528225e-03,2.063587e-04,3.086152e-03
1.079233e-01,1.178214e-03,3.529652e-03,5.552039e-03,3.372032e-03,2.733888e-02,2.039145e-02,7.634658e-01,3.482455e-03,1.949101e-03,1.032961e-02,2.391062e-02,2.238988e-02,8.055796e-04,4.381357e-03
1.359384e-01,1.124412e-03,3.130103e-03,4.830924e-03,3.165807e-03,2.749268e-02,2.147723e-02,7.210037e-01,4.108807e-03,1.729387e-03,1.222357e-02,2.579419e-02,3.325492e-02,7.696092e-04,3.956256e-03
2.817359e-01,1.654514e-03,4.301735e-03,7.052657e-03,3.991117e-03,2.506384e-02,1.873234e-02,5.438749e-01,7.257464e-03,2.153713e-03,1.567414e-02,3.617017e-02,4.581933e-02,1.213533e-03,5.304690e-03
4.381682e-01,2.412143e-03,4.689632e-03,8.244168e-03,4.418264e-03,2.176668e-02,1.749805e-02,3.918974e-01,1.205032e-02,2.743071e-03,1.575242e-02,3.398005e-02,3.927942e-02,1.243086e-03,5.857043e-03
1.000000e+00,0.000000e+00,0.000000e+00,0.000000e+00,0.000000e+00,0.000000e+00,0.000000e+00,0.000000e+00,0.000000e+00,0.000000e+00,0.000000e+00,0.000000e+00,0.000000e+00,0.000000e+00,0.000000e+00
4.982519e-01,5.650135e-03,4.033716e-03,1.020090e-02,4.334459e-03,2.729517e-02,1.413954e-02,2.167259e-01,2.880386e-02,2.619933e-03,1.946415e-02,3.318011e-02,1.196690e-01,1.227815e-03,1.440346e-02
4.343960e-01,8.639423e-03,3.783972e-03,1.082666e-02,4.832729e-03,2.617407e-02,1.221134e-02,1.707253e-01,5.547889e-02,2.380458e-03,2.265346e-02,3.173412e-02,1.833492e-01,1.662759e-03,3.115172e-02
3.756782e-01,1.910237e-02,8.595105e-03,1.349118e-02,4.617527e-03,2.176869e-02,9.681204e-03,1.257129e-01,7.519540e-02,3.102753e-03,2.119038e-02,2.803434e-02,1.936841e-01,2.013346e-03,9.813250e-02
2.936365e-01,2.492545e-02,1.117494e-02,1.164305e-02,4.558602e-03,1.794137e-02,7.568776e-03,1.037629e-01,1.133206e-01,2.877824e-03,1.951319e-02,2.386187e-02,1.963406e-01,2.017294e-03,1.668571e-01
2.162871e-01,4.299212e-02,2.959994e-02,1.013306e-02,4.288564e-03,1.740427e-02,6.414311e-03,8.037786e-02,1.216103e-01,3.247816e-03,1.669153e-02,2.159800e-02,2.548540e-01,1.805878e-03,1.726954e-01
1.539409e-01,3.193721e-02,2.985995e-02,8.487723e-03,3.696491e-03,1.657942e-02,7.269130e-03,1.946009e-01,1.098904e-01,3.297131e-03,1.343043e-02,1.664172e-02,2.119114e-01,1.519774e-03,1.969374e-01
1.114146e-01,2.369583e-02,3.523779e-02,7.127077e-03,3.612147e-03,3.252877e-02,1.018241e-02,2.481956e-01,9.545901e-02,3.317931e-03,1.080082e-02,1.287197e-02,1.664685e-01,1.302694e-03,2.377848e-01
8.247489e-02,1.860320e-02,9.796469e-02,6.072613e-03,5.040911e-03,1.602337e-01,1.109152e-02,1.904982e-01,8.629780e-02,3.750504e-03,8.199193e-03,1.161814e-02,1.251167e-01,1.099580e-03,1.919383e-01
6.539144e-02,1.659760e-02,9.086198e-02,4.936786e-03,7.604239e-03,2.475966e-01,9.300795e-03,1.706511e-01,1.036522e-01,4.008895e-03,6.612895e-03,9.344743e-03,9.647907e-02,9.859391e-04,1.659757e-01
4.943328e-02,1.362804e-02,7.120802e-02,4.254163e-03,7.972237e-03,4.221595e-01,6.985961e-03,1.276280e-01,8.484110e-02,4.465530e-03,5.122014e-03,8.546885e-03,7.196674e-02,8.559172e-04,1.209326e-01
4.207213e-02,1.564076e-02,9.739074e-02,2.331792e-02,1.560134e-02,4.115933e-01,5.703973e-03,9.739593e-02,8.970822e-02,1.844668e-02,5.559893e-03,1.202705e-02,6.287976e-02,7.980735e-04,1.018642e-01
4.889524e-02,1.757655e-02,1.113716e-01,2.433912e-02,3.836247e-02,3.076786e-01,7.672544e-03,1.279840e-01,1.071553e-01,2.080456e-02,7.648818e-03,1.668863e-02,7.241061e-02,1.009418e-03,9.040257e-02
5.898238e-02,2.018649e-02,1.542171e-01,2.408046e-02,4.948516e-02,2.203581e-01,9.031989e-03,1.654499e-01,1.215394e-01,2.182937e-02,6.818895e-03,1.316681e-02,5.751368e-02,1.068320e-03,7.627196e-02
6.723193e-02,2.772889e-02,1.688518e-01,2.449907e-02,6.521001e-02,1.596564e-01,1.003196e-02,1.948099e-01,1.313384e-01,1.852756e-02,5.610844e-03,1.014908e-02,4.638096e-02,1.336310e-03,6.863680e-02
7.362930e-02,3.208869e-02,1.646415e-01,2.375377e-02,7.908418e-02,1.193928e-01,1.733331e-02,2.226148e-01,1.325131e-01,1.616908e-02,4.657228e-03,7.675050e-03,4.182150e-02,1.592027e-03,6.303366e-02
8.832955e-02,3.755570e-02,1.634233e-01,4.585641e-02,8.440684e-02,9.575593e-02,1.651593e-02,2.080656e-01,1.144546e-01,2.059453e-02,4.484145e-03,6.375171e-03,3.728960e-02,2.373864e-03,7.451883e-02
9.667549e-02,3.864968e-02,1.488539e-01,6.566861e-02,8.708996e-02,7.491481e-02,1.769827e-02,1.934787e-01,1.113714e-01,2.140015e-02,4.086580e-03,5.668940e-03,3.356704e-02,2.450313e-03,9.842623e-02
8.797210e-02,3.087873e-02,1.219830e-01,5.185048e-02,7.012190e-02,5.477281e-02,2.760746e-02,3.162057e-01,9.009761e-02,1.569103e-02,3.306043e-03,4.272738e-03,2.805374e-02,2.110112e-03,9.507655e-02
8.489358e-02,2.667464e-02,9.563943e-02,3.988161e-02,6.108382e-02,4.194874e-02,1.008497e-01,3.383997e-01,7.105991e-02,1.184489e-02,2.560991e-03,3.240357e-03,2.582838e-02,1.987274e-03,9.410705e-02
9.465422e-02,2.602414e-02,1.087530e-01,3.450960e-02,7.030735e-02,3.627364e-02,1.156303e-01,3.111844e-01,5.223805e-02,1.975213e-02,3.435934e-03,3.250882e-03,4.235861e-02,1.917186e-03,7.971059e-02
1.838867e-01,2.088341e-02,9.126923e-02,2.982998e-02,5.616326e-02,3.478877e-02,1.025699e-01,3.128009e-01,4.146094e-02,1.569461e-02,5.663293e-03,6.792834e-03,3.364846e-02,2.540709e-03,6.200712e-02
2.175785e-01,1.704700e-02,7.485013e-02,2.439309e-02,5.096390e-02,3.039806e-02,1.384173e-01,3.001353e-01,3.680529e-02,1.506051e-02,7.901038e-03,9.813402e-03,2.703432e-02,2.405307e-03,4.719674e-02
2.253859e-01,1.326510e-02,6.369168e-02,1.918125e-02,4.921386e-02,4.023039e-02,1.333247e-01,3.020512e-01,2.982299e-02,3.267239e-02,1.163595e-02,1.072871e-02,2.166952e-02,2.567645e-03,4.455862e-02
2.916000e-01,1.027790e-02,5.215371e-02,1.491315e-02,4.933457e-02,5.564198e-02,1.198611e-01,2.636808e-01,2.387063e-02,3.054882e-02,1.158315e-02,9.871697e-03,1.707921e-02,4.112292e-03,4.547093e-02
2.857481e-01,8.622437e-03,4.783873e-02,1.289977e-02,4.407744e-02,5.756681e-02,1.073080e-01,2.966259e-01,2.225393e-02,3.177913e-02,1.047764e-02,8.985659e-03,1.408486e-02,4.939589e-03,4.679198e-02
3.602795e-01,8.906578e-03,5.722059e-02,1.250443e-02,4.150433e-02,5.043908e-02,9.498886e-02,2.506317e-01,1.824990e-02,2.651051e-02,9.603625e-03,1.027326e-02,1.185135e-02,6.148361e-03,4.088793e-02
4.312320e-01,8.755652e-03,5.706885e-02,1.200881e-02,3.525421e-02,4.394119e-02,9.832390e-02,2.072906e-01,1.440260e-02,2.128841e-02,8.235360e-03,9.392608e-03,1.099781e-02,6.785290e-03,3.502271e-02
4.847586e-01,9.506263e-03,6.318766e-02,1.169942e-02,2.856611e-02,3.986596e-02,9.927484e-02,1.677919e-01,1.153661e-02,1.757571e-02,7.064495e-03,8.566635e-03,9.119474e-03,7.130201e-03,3.435611e-02
4.974270e-01,1.385523e-02,7.524422e-02,1.113910e-02,2.773396e-02,4.004104e-02,1.020715e-01,1.393860e-01,1.021114e-02,1.730305e-02,6.420062e-03,9.145942e-03,8.140841e-03,7.498578e-03,3.438242e-02
4.844186e-01,1.551982e-02,7.330371e-02,1.096535e-02,2.552246e-02,3.784385e-02,1.103171e-01,1.544252e-01,8.799907e-03,1.611908e-02,6.277873e-03,1.047821e-02,7.463415e-03,6.953770e-03,3.159166e-02
4.547819e-01,1.388774e-02,5.842236e-02,9.838548e-03,2.253539e-02,3.164482e-02,1.150850e-01,2.109483e-01,7.834347e-03,1.638371e-02,5.920447e-03,9.719373e-03,6.034606e-03,6.794318e-03,3.016916e-02
4.392243e-01,1.326007e-02,4.506387e-02,8.908791e-03,1.799968e-02,2.682421e-02,1.154483e-01,2.538109e-01,6.489226e-03,1.573374e-02,5.582268e-03,9.147567e-03,5.119557e-03,6.861636e-03,3.052592e-02
4.420929e-01,1.455997e-02,3.719216e-02,9.962749e-03,1.590672e-02,2.663477e-02,1.136391e-01,2.513838e-01,5.476280e-03,1.595736e-02,7.767726e-03,1.060073e-02,5.372297e-03,8.505114e-03,3.494838e-02
4.697281e-01,1.713574e-02,3.011604e-02,1.495332e-02,1.699004e-02,3.235980e-02,1.022737e-01,1.905266e-01,6.280293e-03,1.533785e-02,1.647199e-02,1.841428e-02,8.477112e-03,1.643014e-02,4.450497e-02
4.838584e-01,1.558719e-02,2.458793e-02,1.567758e-02,1.504438e-02,4.516783e-02,7.494354e-02,1.371914e-01,5.626799e-03,1.713712e-02,4.147924e-02,2.454916e-02,8.380193e-03,4.033392e-02,5.043526e-02
4.557912e-01,1.624789e-02,2.328541e-02,2.020182e-02,1.340090e-02,6.079094e-02,5.377651e-02,9.796893e-02,6.079264e-03,3.049786e-02,6.833401e-02,3.604396e-02,9.482081e-03,4.525208e-02,6.284713e-02
4.266253e-01,1.610791e-02,3.295485e-02,2.410150e-02,1.287507e-02,1.014916e-01,3.911055e-02,7.148458e-02,5.895220e-03,4.732693e-02,6.816685e-02,3.806040e-02,8.619931e-03,4.265561e-02,6.452362e-02
3.885050e-01,1.716157e-02,4.272966e-02,2.984408e-02,1.185783e-02,9.771198e-02,2.850367e-02,5.167715e-02,9.693723e-03,1.167935e-01,5.627478e-02,3.224986e-02,8.275628e-03,3.800978e-02,7.071193e-02
3.089247e-01,1.759419e-02,1.739088e-01,5.916879e-02,1.004584e-02,7.637286e-02,2.040504e-02,3.724357e-02,1.299272e-02,1.070742e-01,4.338465e-02,2.788248e-02,7.283664e-03,3.055238e-02,6.716613e-02
2.829286e-01,1.854682e-02,2.240653e-01,7.955745e-02,9.658271e-03,6.327070e-02,1.501398e-02,2.757610e-02,2.052589e-02,9.767798e-02,3.654030e-02,2.726905e-02,1.089133e-02,2.424987e-02,6.222835e-02
2.618960e-01,2.710174e-02,2.151761e-01,7.751066e-02,1.068563e-02,5.754117e-02,1.147999e-02,2.009009e-02,5.591824e-02,1.186531e-01,2.934563e-02,2.332779e-02,1.128289e-02,2.116093e-02,5.883005e-02
2.511038e-01,3.402136e-02,1.734871e-01,1.161615e-01,1.111897e-02,5.176872e-02,8.829184e-03,1.496757e-02,8.623331e-02,1.312067e-01,2.508187e-02,1.837099e-02,1.060719e-02,1.677546e-02,5.026637e-02
1.817578e-01,4.337029e-02,2.101973e-01,1.834502e-01,8.904180e-03,3.850885e-02,6.368869e-03,1.080030e-02,8.630178e-02,1.333608e-01,1.902645e-02,1.343819e-02,8.806827e-03,1.223087e-02,4.347723e-02
1.384779e-01,9.087237e-02,1.582031e-01,1.591335e-01,9.894311e-03,2.856812e-02,4.602955e-03,8.114982e-03,2.259470e-01,9.927617e-02,1.669752e-02,9.849669e-03,7.664720e-03,9.613348e-03,3.308430e-02
1.007820e-01,1.145094e-01,1.135694e-01,1.288597e-01,1.060606e-02,2.236232e-02,3.365299e-03,6.128652e-03,3.659796e-01,7.348263e-02,1.379510e-02,7.161624e-03,6.824303e-03,7.354851e-03,2.521902e-02
8.109397e-02,1.292535e-01,8.087009e-02,1.385455e-01,1.454793e-02,1.788988e-02,2.570215e-03,4.474588e-03,4.248582e-01,5.512371e-02,1.052465e-02,5.236171e-03,6.738191e-03,5.503273e-03,2.277014e-02
5.905572e-02,1.085056e-01,5.850954e-02,1.472148e-01,1.559221e-02,1.468901e-02,2.089526e-03,4.309253e-03,5.100438e-01,4.061352e-02,8.036720e-03,3.754609e-03,6.134939e-03,4.088883e-03,1.736179e-02
4.598538e-02,9.872294e-02,4.183786e-02,1.449537e-01,2.336253e-02,1.436105e-02,1.914224e-03,3.512272e-03,5.580553e-01,2.918091e-02,5.845899e-03,2.719149e-03,1.219689e-02,3.033626e-03,1.431832e-02
3.363623e-02,7.458264e-02,3.258224e-02,3.295396e-01,2.126871e-02,1.154112e-02,1.731041e-03,4.222832e-03,4.376651e-01,2.143278e-02,4.674009e-03,1.999677e-03,1.096429e-02,2.175523e-03,1.198427e-02
3.215575e-02,6.585979e-02,3.214687e-02,3.389884e-01,2.542505e-02,1.445022e-02,2.251468e-03,7.128348e-03,4.192859e-01,1.923287e-02,4.191142e-03,1.670952e-03,1.316973e-02,1.659628e-03,2.238392e-02
3.147753e-02,5.045554e-02,4.451706e-02,3.813486e-01,2.814416e-02,1.327229e-02,2.934739e-03,1.327660e-02,3.763345e-01,1.831905e-02,4.658665e-03,1.424624e-03,1.028386e-02,1.270389e-03,2.228237e-02
4.656623e-02,3.966628e-02,7.124162e-02,3.532494e-01,3.564002e-02,1.576812e-02,4.146759e-03,1.613384e-02,3.440132e-01,2.458449e-02,5.651606e-03,1.129367e-03,8.564218e-03,1.058575e-03,3.258622e-02
5.716904e-02,3.122278e-02,1.094432e-01,2.979744e-01,4.754298e-02,1.888053e-02,7.675601e-03,4.417558e-02,3.274721e-01,1.830414e-02,7.651696e-03,9.796274e-04,6.552634e-03,8.271192e-04,2.412857e-02
4.497340e-02,2.350221e-02,1.115154e-01,2.119870e-01,3.816009e-02,1.386782e-02,2.597179e-02,2.519585e-01,2.314298e-01,1.302061e-02,6.576650e-03,7.045793e-04,8.073478e-03,6.289945e-04,1.762964e-02
3.230549e-02,1.671246e-02,8.384498e-02,1.487512e-01,2.743166e-02,9.969486e-03,1.853576e-02,4.671114e-01,1.621308e-01,9.146531e-03,4.845238e-03,5.109782e-04,5.747370e-03,4.735976e-04,1.248304e-02
2.656039e-02,1.245455e-02,6.621831e-02,1.045373e-01,2.065011e-02,7.489642e-03,1.326472e-02,6.097550e-01,1.137321e-01,6.488980e-03,4.489346e-03,5.267315e-04,4.201503e-03,4.841780e-04,9.147090e-03
2.101316e-02,9.031786e-03,5.743732e-02,7.389823e-02,1.494369e-02,5.840778e-03,9.412392e-03,6.828432e-01,8.011010e-02,5.094169e-03,2.355179e-02,2.174305e-03,5.883412e-03,1.510340e-03,7.255308e-03
1.572198e-02,6.536707e-03,4.288741e-02,5.320515e-02,1.070229e-02,5.029401e-03,6.665728e-03,5.579838e-01,5.804395e-02,7.271979e-03,1.724485e-01,2.163358e-02,1.889968e-02,5.108639e-03,1.786122e-02
1.224047e-02,4.779857e-03,3.132303e-02,3.991579e-02,7.866821e-03,4.419959e-03,4.776164e-03,4.136748e-01,4.633349e-02,1.580094e-02,3.055618e-01,4.982880e-02,3.696879e-02,7.870380e-03,1.863893e-02
9.792987e-03,3.903598e-03,2.651810e-02,3.569968e-02,6.001709e-03,4.281652e-03,3.401288e-03,3.115826e-01,4.263959e-02,1.634475e-02,3.708640e-01,6.603369e-02,6.340335e-02,1.024835e-02,2.928463e-02
1.150179e-02,4.486696e-03,2.514215e-02,4.051565e-02,6.469053e-03,5.143230e-03,2.527015e-03,2.329676e-01,4.442581e-02,3.877060e-02,3.568171e-01,7.446972e-02,1.026333e-01,1.596752e-02,3.816278e-02
1.409746e-02,5.105303e-03,2.142634e-02,3.253146e-02,5.103590e-03,5.109355e-03,1.820591e-03,1.704933e-01,4.200060e-02,7.447085e-02,3.887224e-01,6.803346e-02,9.852230e-02,2.583595e-02,4.672698e-02
1.941746e-02,5.957465e-03,1.922241e-02,2.684045e-02,4.988585e-03,5.238907e-03,1.436895e-03,1.239273e-01,3.931007e-02,1.172616e-01,3.048950e-01,4.916956e-02,7.539029e-02,6.530458e-02,1.416395e-01
2.066361e-02,8.910023e-03,2.046340e-02,1.999782e-02,6.189936e-03,6.421633e-03,1.322795e-03,8.775067e-02,4.036029e-02,9.475974e-02,2.227309e-01,3.528635e-02,5.535192e-02,8.638003e-02,2.934109e-01
1.829872e-02,1.352927e-02,1.916956e-02,1.469979e-02,6.618999e-03,5.769120e-03,1.094459e-03,6.197235e-02,4.724186e-02,7.185286e-02,1.612230e-01,2.527840e-02,4.041941e-02,1.222678e-01,3.905644e-01
1.996722e-02,2.575589e-02,1.702143e-02,1.153624e-02,5.415441e-03,5.322096e-03,8.816989e-04,4.364539e-02,6.908447e-02,5.532599e-02,1.155719e-01,1.829266e-02,3.050779e-02,1.346493e-01,4.470226e-01
1.585356e-02,3.768345e-02,1.591407e-02,9.011618e-03,4.451630e-03,4.328575e-03,6.886291e-04,3.069293e-02,8.810212e-02,4.286619e-02,8.252773e-02,1.315985e-02,2.352312e-02,1.253209e-01,5.058756e-01
1.345717e-02,3.410863e-02,1.329855e-02,6.804404e-03,3.611450e-03,3.362294e-03,5.231333e-04,2.159428e-02,8.684000e-02,3.421456e-02,5.925474e-02,9.405450e-03,1.759145e-02,1.059037e-01,5.900302e-01
1.060771e-02,2.748166e-02,1.029434e-02,5.267207e-03,2.802516e-03,2.653409e-03,3.998700e-04,1.518676e-02,8.942863e-02,3.060409e-02,4.373879e-02,6.907883e-03,1.320949e-02,8.822734e-02,6.531903e-01
9.247914e-03,2.127095e-02,8.157214e-03,4.556884e-03,2.499949e-03,2.106857e-03,3.356565e-04,1.078242e-02,1.121441e-01,2.988042e-02,3.362826e-02,5.198711e-03,1.036495e-02,7.436240e-02,6.754633e-01
7.883961e-03,1.728542e-02,6.247573e-03,4.355577e-03,2.414986e-03,2.179056e-03,3.019620e-04,8.129850e-03,1.686611e-01,2.921470e-02,2.755361e-02,3.996137e-03,8.279188e-03,5.885220e-02,6.546447e-01
6.567636e-03,1.452205e-02,4.832223e-03,3.921845e-03,2.540122e-03,2.517520e-03,2.782117e-04,6.290651e-03,2.636756e-01,2.824416e-02,2.199336e-02,3.052006e-03,6.509898e-03,4.539987e-02,5.896549e-01
