1.000000e+00,0.000000e+00,0.000000e+00,0.000000e+00,0.000000e+00,0.000000e+00,0.000000e+00,0.000000e+00,0.000000e+00,0.000000e+00,0.000000e+00,0.000000e+00,0.000000e+00,0.000000e+00,0.000000e+00
1.000000e+00,0.000000e+00,0.000000e+00,0.000000e+00,0.000000e+00,0.000000e+00,0.000000e+00,0.000000e+00,0.000000e+00,0.000000e+00,0.000000e+00,0.000000e+00,0.000000e+00,0.000000e+00,0.000000e+00
1.000000e+00,0.000000e+00,0.000000e+00,0.000000e+00,0.000000e+00,0.000000e+00,0.000000e+00,0.000000e+00,0.000000e+00,0.000000e+00,0.000000e+00,0.000000e+00,0.000000e+00,0.000000e+00,0.000000e+00
1.000000e+00,0.000000e+00,0.000000e+00,0.000000e+00,0.000000e+00,0.000000e+00,0.000000e+00,0.000000e+00,0.000000e+00,0.000000e+00,0.000000e+00,0.000000e+00,0.000000e+00,0.000000e+00,0.000000e+00
1.000000e+00,0.000000e+00,0.000000e+00,0.000000e+00,0.000000e+00,0.000000e+00,0.000000e+00,0.000000e+00,0.000000e+00,0.000000e+00,0.000000e+00,0.000000e+00,0.000000e+00,0.000000e+00,0.000000e+00
1.000000e+00,0.000000e+00,0.000000e+00,0.000000e+00,0.000000e+00,0.000000e+00,0.000000e+00,0.000000e+00,0.000000e+00,0.000000e+00,0.000000e+00,0.000000e+00,0.000000e+00,0.000000e+00,0.000000e+00
1.000000e+00,0.000000e+00,0.000000e+00,0.000000e+00,0.000000e+00,0.000000e+00,0.000000e+00,0.000000e+00,0.000000e+00,0.000000e+00,0.000000e+00,0.000000e+00,0.000000e+00,0.000000e+00,0.000000e+00
1.000000e+00,0.000000e+00,0.000000e+00,0.000000e+00,0.000000e+00,0.000000e+00,0.000000e+00,0.000000e+00,0.000000e+00,0.000000e+00,0.000000e+00,0.000000e+00,0.000000e+00,0.000000e+00,0.000000e+00
1.000000e+00,0.000000e+00,0.000000e+00,0.000000e+00,0.000000e+00,0.000000e+00,0.000000e+00,0.000000e+00,0.000000e+00,0.000000e+00,0.000000e+00,0.000000e+00,0.000000e+00,0.000000e+00,0.000000e+00
1.000000e+00,0.000000e+00,0.000000e+00,0.000000e+00,0.000000e+00,0.000000e+00,0.000000e+00,0.000000e+00,0.000000e+00,0.000000e+00,0.000000e+00,0.000000e+00,0.000000e+00,0.000000e+00,0.000000e+00
1.000000e+00,0.000000e+00,0.000000e+00,0.000000e+00,0.000000e+00,0.000000e+00,0.000000e+00,0.000000e+00,0.000000e+00,0.000000e+00,0.000000e+00,0.000000e+00,0.000000e+00,0.000000e+00,0.000000e+00
1.000000e+00,0.000000e+00,0.000000e+00,0.000000e+00,0.000000e+00,0.000000e+00,0.000000e+00,0.000000e+00,0.000000e+00,0.000000e+00,0.000000e+00,0.000000e+00,0.000000e+00,0.000000e+00,0.000000e+00
1.000000e+00,0.000000e+00,0.000000e+00,0.000000e+00,0.000000e+00,0.000000e+00,0.000000e+00,0.000000e+00,0.000000e+00,0.000000e+00,0.000000e+00,0.000000e+00,0.000000e+00,0.000000e+00,0.000000e+00
1.000000e+00,0.000000e+00,0.000000e+00,0.000000e+00,0.000000e+00,0.000000e+00,0.000000e+00,0.000000e+00,0.000000e+00,0.000000e+00,0.000000e+00,0.000000e+00,0.000000e+00,0.000000e+00,0.000000e+00
1.000000e+00,0.000000e+00,0.000000e+00,0.000000e+00,0.000000e+00,0.000000e+00,0.000000e+00,0.000000e+00,0.000000e+00,0.000000e+00,0.000000e+00,0.000000e+00,0.000000e+00,0.000000e+00,0.000000e+00
1.000000e+00,0.000000e+00,0.000000e+00,0.000000e+00,0.000000e+00,0.000000e+00,0.000000e+00,0.000000e+00,0.000000e+00,0.000000e+00,0.000000e+00,0.000000e+00,0.000000e+00,0.000000e+00,0.000000e+00
1.000000e+00,0.000000e+00,0.000000e+00,0.000000e+00,0.000000e+00,0.000000e+00,0.000000e+00,0.000000e+00,0.000000e+00,0.000000e+00,0.000000e+00,0.000000e+00,0.000000e+00,0.000000e+00,0.000000e+00
1.000000e+00,0.000000e+00,0.000000e+00,0.000000e+00,0.000000e+00,0.000000e+00,0.000000e+00,0.000000e+00,0.000000e+00,0.000000e+00,0.000000e+00,0.000000e+00,0.000000e+00,0.000000e+00,0.000000e+00
1.000000e+00,0.000000e+00,0.000000e+00,0.000000e+00,0.000000e+00,0.000000e+00,0.000000e+00,0.000000e+00,0.000000e+00,0.000000e+00,0.000000e+00,0.000000e+00,0.000000e+00,0.000000e+00,0.000000e+00
1.000000e+00,0.000000e+00,0.000000e+00,0.000000e+00,0.000000e+00,0.000000e+00,0.000000e+00,0.000000e+00,0.000000e+00,0.000000e+00,0.000000e+00,0.000000e+00,0.000000e+00,0.000000e+00,0.000000e+00
1.000000e+00,0.000000e+00,0.000000e+00,0.000000e+00,0.000000e+00,0.000000e+00,0.000000e+00,0.000000e+00,0.000000e+00,0.000000e+00,0.000000e+00,0.000000e+00,0.000000e+00,0.000000e+00,0.000000e+00
1.000000e+00,0.000000e+00,0.000000e+00,0.000000e+00,0.000000e+00,0.000000e+00,0.000000e+00,0.000000e+00,0.000000e+00,0.000000e+00,0.000000e+00,0.000000e+00,0.000000e+00,0.000000e+00,0.000000e+00
1.000000e+00,0.000000e+00,0.000000e+00,0.000000e+00,0.000000e+00,0.000000e+00,0.000000e+00,0.000000e+00,0.000000e+00,0.000000e+00,0.000000e+00,0.000000e+00,0.000000e+00,0.000000e+00,0.000000e+00
1.000000e+00,0.000000e+00,0.000000e+00,0.000000e+00,0.000000e+00,0.000000e+00,0.000000e+00,0.000000e+00,0.000000e+00,0.000000e+00,0.000000e+00,0.000000e+00,0.000000e+00,0.000000e+00,0.000000e+00
1.000000e+00,0.000000e+00,0.000000e+00,0.000000e+00,0.000000e+00,0.000000e+00,0.000000e+00,0.000000e+00,0.000000e+00,0.000000e+00,0.000000e+00,0.000000e+00,0.000000e+00,0.000000e+00,0.000000e+00
1.000000e+00,0.000000e+00,0.000000e+00,0.000000e+00,0.000000e+00,0.000000e+00,0.000000e+00,0.000000e+00,0.000000e+00,0.000000e+00,0.000000e+00,0.000000e+00,0.000000e+00,0.000000e+00,0.000000e+00
1.000000e+00,0.000000e+00,0.000000e+00,0.000000e+00,0.000000e+00,0.000000e+00,0.000000e+00,0.000000e+00,0.000000e+00,0.000000e+00,0.000000e+00,0.000000e+00,0.000000e+00,0.000000e+00,0.000000e+00
1.000000e+00,0.000000e+00,0.000000e+00,0.000000e+00,0.000000e+00,0.000000e+00,0.000000e+00,0.000000e+00,0.000000e+00,0.000000e+00,0.000000e+00,0.000000e+00,0.000000e+00,0.000000e+00,0.000000e+00
1.000000e+00,0.000000e+00,0.000000e+00,0.000000e+00,0.000000e+00,0.000000e+00,0.000000e+00,0.000000e+00,0.000000e+00,0.000000e+00,0.000000e+00,0.000000e+00,0.000000e+00,0.000000e+00,0.000000e+00
1.000000e+00,0.000000e+00,0.000000e+00,0.000000e+00,0.000000e+00,0.000000e+00,0.000000e+00,0.000000e+00,0.000000e+00,0.000000e+00,0.000000e+00,0.000000e+00,0.000000e+00,0.000000e+00,0.000000e+00
1.000000e+00,0.000000e+00,0.000000e+00,0.000000e+00,0.000000e+00,0.000000e+00,0.000000e+00,0.000000e+00,0.000000e+00,0.000000e+00,0.000000e+00,0.000000e+00,0.000000e+00,0.000000e+00,0.000000e+00
1.000000e+00,0.000000e+00,0.000000e+00,0.000000e+00,0.000000e+00,0.000000e+00,0.000000e+00,0.000000e+00,0.000000e+00,0.000000e+00,0.000000e+00,0.000000e+00,0.000000e+00,0.000000e+00,0.000000e+00
1.000000e+00,0.000000e+00,0.000000e+00,0.000000e+00,0.000000e+00,0.000000e+00,0.000000e+00,0.000000e+00,0.000000e+00,0.000000e+00,0.000000e+00,0.000000e+00,0.000000e+00,0.000000e+00,0.000000e+00
1.000000e+00,0.000000e+00,0.000000e+00,0.000000e+00,0.000000e+00,0.000000e+00,0.000000e+00,0.000000e+00,0.000000e+00,0.000000e+00,0.000000e+00,0.000000e+00,0.000000e+00,0.000000e+00,0.000000e+00
1.000000e+00,0.000000e+00,0.000000e+00,0.000000e+00,0.000000e+00,0.000000e+00,0.000000e+00,0.000000e+00,0.000000e+00,0.000000e+00,0.000000e+00,0.000000e+00,0.000000e+00,0.000000e+00,0.000000e+00
1.000000e+00,0.000000e+00,0.000000e+00,0.000000e+00,0.000000e+00,0.000000e+00,0.000000e+00,0.000000e+00,0.000000e+00,0.000000e+00,0.000000e+00,0.000000e+00,0.000000e+00,0.000000e+00,0.000000e+00
1.000000e+00,0.000000e+00,0.000000e+00,0.000000e+00,0.000000e+00,0.000000e+00,0.000000e+00,0.000000e+00,0.000000e+00,0.000000e+00,0.000000e+00,0.000000e+00,0.000000e+00,0.000000e+00,0.000000e+00
1.000000e+00,0.000000e+00,0.000000e+00,0.000000e+00,0.000000e+00,0.000000e+00,0.000000e+00,0.000000e+00,0.000000e+00,0.000000e+00,0.000000e+00,0.000000e+00,0.000000e+00,0.000000e+00,0.000000e+00
1.000000e+00,0.000000e+00,0.000000e+00,0.000000e+00,0.000000e+00,0.000000e+00,0.000000e+00,0.000000e+00,0.000000e+00,0.000000e+00,0.000000e+00,0.000000e+00,0.000000e+00,0.000000e+00,0.000000e+00
1.000000e+00,0.000000e+00,0.000000e+00,0.000000e+00,0.000000e+00,0.000000e+00,0.000000e+00,0.000000e+00,0.000000e+00,0.000000e+00,0.000000e+00,0.000000e+00,0.000000e+00,0.000000e+00,0.000000e+00
1.000000e+00,0.000000e+00,0.000000e+00,0.000000e+00,0.000000e+00,0.000000e+00,0.000000e+00,0.000000e+00,0.000000e+00,0.000000e+00,0.000000e+00,0.000000e+00,0.000000e+00,0.000000e+00,0.000000e+00
1.000000e+00,0.000000e+00,0.000000e+00,0.000000e+00,0.000000e+00,0.000000e+00,0.000000e+00,0.000000e+00,0.000000e+00,0.000000e+00,0.000000e+00,0.000000e+00,0.000000e+00,0.000000e+00,0.000000e+00
1.000000e+00,0.000000e+00,0.000000e+00,0.000000e+00,0.000000e+00,0.000000e+00,0.000000e+00,0.000000e+00,0.000000e+00,0.000000e+00,0.000000e+00,0.000000e+00,0.000000e+00,0.000000e+00,0.000000e+00
1.000000e+00,0.000000e+00,0.000000e+00,0.000000e+00,0.000000e+00,0.000000e+00,0.000000e+00,0.000000e+00,0.000000e+00,0.000000e+00,0.000000e+00,0.000000e+00,0.000000e+00,0.000000e+00,0.000000e+00
1.000000e+00,0.000000e+00,0.000000e+00,0.000000e+00,0.000000e+00,0.000000e+00,0.000000e+00,0.000000e+00,0.000000e+00,0.000000e+00,0.000000e+00,0.000000e+00,0.000000e+00,0.000000e+00,0.000000e+00
1.000000e+00,0.000000e+00,0.000000e+00,0.000000e+00,0.000000e+00,0.000000e+00,0.000000e+00,0.000000e+00,0.000000e+00,0.000000e+00,0.000000e+00,0.000000e+00,0.000000e+00,0.000000e+00,0.000000e+00
1.000000e+00,0.000000e+00,0.000000e+00,0.000000e+00,0.000000e+00,0.000000e+00,0.000000e+00,0.000000e+00,0.000000e+00,0.000000e+00,0.000000e+00,0.000000e+00,0.000000e+00,0.000000e+00,0.000000e+00
1.000000e+00,0.000000e+00,0.000000e+00,0.000000e+00,0.000000e+00,0.000000e+00,0.000000e+00,0.000000e+00,0.000000e+00,0.000000e+00,0.000000e+00,0.000000e+00,0.000000e+00,0.000000e+00,0.000000e+00
1.000000e+00,0.000000e+00,0.000000e+00,0.000000e+00,0.000000e+00,0.000000e+00,0.000000e+00,0.000000e+00,0.000000e+00,0.000000e+00,0.000000e+00,0.000000e+00,0.000000e+00,0.000000e+00,0.000000e+00
1.000000e+00,0.000000e+00,0.000000e+00,0.000000e+00,0.000000e+00,0.000000e+00,0.000000e+00,0.000000e+00,0.000000e+00,0.000000e+00,0.000000e+00,0.000000e+00,0.000000e+00,0.000000e+00,0.000000e+00
1.000000e+00,0.000000e+00,0.000000e+00,0.000000e+00,0.000000e+00,0.000000e+00,0.000000e+00,0.000000e+00,0.000000e+00,0.000000e+00,0.000000e+00,0.000000e+00,0.000000e+00,0.000000e+00,0.000000e+00
1.000000e+00,0.000000e+00,0.000000e+00,0.000000e+00,0.000000e+00,0.000000e+00,0.000000e+00,0.000000e+00,0.000000e+00,0.000000e+00,0.000000e+00,0.000000e+00,0.000000e+00,0.000000e+00,0.000000e+00
1.000000e+00,0.000000e+00,0.000000e+00,0.000000e+00,0.000000e+00,0.000000e+00,0.000000e+00,0.000000e+00,0.000000e+00,0.000000e+00,0.000000e+00,0.000000e+00,0.000000e+00,0.000000e+00,0.000000e+00
1.000000e+00,0.000000e+00,0.000000e+00,0.000000e+00,0.000000e+00,0.000000e+00,0.000000e+00,0.000000e+00,0.000000e+00,0.000000e+00,0.000000e+00,0.000000e+00,0.000000e+00,0.000000e+00,0.000000e+00
1.000000e+00,0.000000e+00,0.000000e+00,0.000000e+00,0.000000e+00,0.000000e+00,0.000000e+00,0.000000e+00,0.000000e+00,0.000000e+00,0.000000e+00,0.000000e+00,0.000000e+00,0.000000e+00,0.000000e+00
1.000000e+00,0.000000e+00,0.000000e+00,0.000000e+00,0.000000e+00,0.000000e+00,0.000000e+00,0.000000e+00,0.000000e+00,0.000000e+00,0.000000e+00,0.000000e+00,0.000000e+00,0.000000e+00,0.000000e+00
4.450572e-01,1.875637e-02,2.044130e-02,4.726670e-02,9.768997e-03,1.367293e-02,5.599627e-03,3.505774e-01,6.385285e-03,1.771565e-03,1.142984e-02,2.710397e-02,1.884527e-02,3.616969e-03,1.970660e-02
3.777163e-01,1.423866e-02,1.837805e-02,3.531538e-02,8.212351e-03,1.238220e-02,7.606209e-03,4.581583e-01,4.673913e-03,1.349354e-03,8.749897e-03,2.080442e-02,1.481383e-02,2.900211e-03,1.470094e-02
2.921725e-01,1.058377e-02,2.273926e-02,2.875336e-02,7.113044e-03,1.049022e-02,7.904802e-03,5.697355e-01,3.388741e-03,9.743682e-04,6.587345e-03,1.551600e-02,1.109166e-02,2.251907e-03,1.069755e-02
2.098800e-01,7.574476e-03,2.207381e-02,2.278034e-02,5.300588e-03,8.245024e-03,8.514112e-03,6.796050e-01,2.389487e-03,6.924735e-04,4.697665e-03,1.100910e-02,8.031707e-03,1.650452e-03,7.555715e-03
1.783339e-01,5.938810e-03,1.767003e-02,1.713620e-02,5.095812e-03,2.268393e-02,3.699970e-02,6.840356e-01,1.822360e-03,5.807829e-04,3.573886e-03,8.329152e-03,1.020211e-02,1.585096e-03,6.012609e-03
1.419837e-01,4.691520e-03,1.437201e-02,1.300397e-02,5.056196e-03,2.477175e-02,5.248208e-02,7.166941e-01,1.362984e-03,5.048048e-04,2.843349e-03,6.456948e-03,9.429563e-03,1.535960e-03,4.811026e-03
1.146452e-01,1.513440e-02,1.487831e-02,1.551803e-02,8.132035e-03,4.174579e-02,4.136377e-02,7.096047e-01,1.694939e-03,8.862395e-04,4.102436e-03,8.357394e-03,1.573906e-02,3.442970e-03,4.754612e-03
9.088342e-02,1.478051e-02,1.373264e-02,2.031760e-02,9.551902e-03,5.722900e-02,3.113265e-02,6.866877e-01,2.313608e-03,1.105149e-03,1.233524e-02,1.111248e-02,4.084301e-02,3.235284e-03,4.739757e-03
7.018428e-02,1.169420e-02,1.074766e-02,5.349428e-02,8.126279e-03,5.195361e-02,2.305015e-02,5.532973e-01,3.428258e-03,2.086076e-03,4.421643e-02,1.412133e-02,1.185682e-01,2.849167e-03,3.218286e-02
6.423233e-02,1.052698e-02,8.415856e-03,4.313432e-02,6.349114e-03,4.124835e-02,1.655914e-02,3.990341e-01,4.942775e-03,2.775267e-03,3.780652e-02,1.414636e-02,1.815779e-01,4.131134e-03,1.651199e-01
1.070334e-01,8.936654e-03,7.642781e-03,3.424448e-02,5.826438e-03,3.950520e-02,1.294864e-02,2.851477e-01,6.673609e-03,1.062401e-02,3.363596e-02,1.638930e-02,2.033118e-01,5.199105e-03,2.228809e-01
1.566184e-01,7.382206e-03,6.490809e-03,2.592402e-02,4.955616e-03,3.240734e-02,9.621152e-03,2.019343e-01,7.060077e-03,1.008743e-02,2.753760e-02,1.424502e-02,1.760623e-01,6.475123e-03,3.131986e-01
1.432259e-01,6.315974e-03,5.467805e-03,1.922551e-02,3.995934e-03,2.571922e-02,7.056093e-03,1.421469e-01,6.154553e-03,8.947155e-03,2.153715e-02,1.175768e-02,1.466299e-01,7.608605e-03,4.442116e-01
1.105856e-01,6.321572e-03,6.578634e-03,1.592777e-02,3.310360e-03,2.329400e-02,5.204596e-03,1.002345e-01,5.919598e-03,1.325243e-02,2.173244e-02,1.720694e-02,1.619813e-01,9.116312e-03,4.993339e-01
8.210620e-02,4.891470e-03,6.876504e-03,1.248255e-02,3.006084e-03,2.198639e-02,4.882421e-03,7.048374e-02,5.672814e-03,7.516634e-02,1.955098e-02,1.823763e-02,1.573159e-01,6.981392e-03,5.103596e-01
6.028753e-02,4.575537e-03,9.396356e-03,1.016981e-02,2.542077e-03,2.207941e-02,4.890756e-03,4.994994e-02,5.760179e-03,1.093220e-01,1.840188e-02,1.596532e-02,1.287862e-01,5.506421e-03,5.523666e-01
4.310681e-02,4.175934e-03,7.019310e-03,7.652029e-03,2.258458e-03,1.708618e-02,3.516885e-03,3.513941e-02,6.359708e-03,1.080323e-01,1.344239e-02,1.204710e-02,9.334458e-02,4.715204e-03,6.421037e-01
3.088008e-02,1.085023e-02,5.702092e-03,5.645726e-03,2.204406e-03,1.228248e-02,2.529147e-03,2.468233e-02,1.436974e-02,9.629402e-02,9.929080e-03,9.085283e-03,6.655362e-02,4.797211e-03,7.041945e-01
2.182957e-02,1.264582e-02,4.106495e-03,4.327626e-03,1.811658e-03,8.976975e-03,1.810052e-03,1.732573e-02,2.334372e-02,8.417292e-02,7.345428e-03,6.819705e-03,4.694435e-02,3.820949e-03,7.547190e-01
1.582707e-02,1.361993e-02,3.863011e-03,3.794898e-03,3.883352e-03,6.994153e-03,2.622192e-03,1.345241e-02,3.771579e-02,6.529842e-02,5.743546e-03,4.946796e-03,3.333675e-02,3.041249e-03,7.858604e-01
1.148950e-02,1.375603e-02,3.930278e-03,3.938856e-03,7.641411e-03,6.025372e-03,3.623473e-03,1.155425e-02,5.785908e-02,5.750486e-02,4.490206e-03,3.635148e-03,2.387620e-02,2.786582e-03,7.878888e-01
8.899782e-03,1.064219e-02,1.012515e-02,4.897336e-03,1.306896e-02,5.447102e-03,7.779589e-03,1.698091e-02,5.764298e-02,4.804087e-02,3.569458e-03,2.690904e-03,1.733245e-02,2.584190e-03,7.902982e-01
7.819055e-03,8.584589e-03,8.380575e-03,4.156546e-03,1.734257e-02,4.595417e-03,6.130084e-03,1.342502e-02,7.003014e-02,3.954151e-02,2.724425e-03,2.011592e-03,1.259353e-02,2.508120e-03,8.001568e-01
6.746531e-03,7.720144e-03,7.402599e-03,5.604994e-03,1.871773e-02,3.950148e-03,5.297499e-03,1.705095e-02,8.606781e-02,3.358725e-02,2.619858e-03,1.745322e-03,1.003780e-02,2.815426e-03,7.906359e-01
1.146231e-02,7.652714e-03,7.228848e-03,5.344907e-03,1.860411e-02,3.528123e-03,4.514225e-03,1.634857e-02,8.483336e-02,2.560661e-02,2.392441e-03,1.584271e-03,1.053873e-02,3.677837e-03,7.966830e-01
1.604817e-02,7.760515e-03,7.218556e-03,5.107920e-03,1.761295e-02,3.501062e-03,3.809441e-03,1.628919e-02,8.536069e-02,1.950239e-02,2.558029e-03,1.571529e-03,1.118782e-02,4.547819e-03,7.979239e-01
3.629133e-02,8.708570e-03,7.501590e-03,6.016846e-03,1.568044e-02,3.637769e-03,3.475975e-03,2.013808e-02,8.297224e-02,1.830103e-02,3.723750e-03,2.836947e-03,1.121277e-02,4.316946e-03,7.751857e-01
4.823181e-02,1.179848e-02,6.993435e-03,6.673248e-03,1.376496e-02,3.947528e-03,3.254885e-03,2.264879e-02,1.017745e-01,1.731916e-02,5.125726e-03,4.228563e-03,1.129753e-02,4.119189e-03,7.388222e-01
4.276365e-02,2.276305e-02,1.655142e-02,4.511975e-02,1.809747e-02,4.346334e-03,2.935568e-03,3.077531e-02,1.336583e-01,1.973631e-02,6.167935e-03,4.801261e-03,1.664191e-02,3.388460e-03,6.322533e-01
3.848764e-02,3.312370e-02,2.333035e-02,8.281738e-02,1.985021e-02,4.239426e-03,2.374049e-03,2.916454e-02,1.639100e-01,2.614014e-02,6.204092e-03,4.466801e-03,1.807067e-02,3.081488e-03,5.447395e-01
3.484784e-02,3.415205e-02,6.108182e-02,8.723962e-02,1.986918e-02,3.574268e-03,1.969084e-03,3.659661e-02,1.679767e-01,3.152603e-02,5.821238e-03,3.985898e-03,1.706632e-02,2.738024e-03,4.915553e-01
3.758112e-02,3.411364e-02,6.370898e-02,6.632082e-02,1.576096e-02,3.529080e-03,1.601785e-03,3.465194e-02,1.412611e-01,2.702234e-02,4.827631e-03,3.911606e-03,1.307466e-02,2.886848e-03,5.497475e-01
3.529142e-02,3.019702e-02,6.717810e-02,4.772769e-02,1.211538e-02,2.945104e-03,1.262342e-03,3.116378e-02,1.132747e-01,2.547486e-02,3.779804e-03,3.017152e-03,9.755285e-03,2.958166e-03,6.138592e-01
3.493439e-02,2.585081e-02,1.512974e-01,3.924015e-02,9.273781e-03,2.422868e-03,9.416641e-04,2.910662e-02,1.322281e-01,2.803187e-02,2.823328e-03,2.311027e-03,7.260140e-03,3.005845e-03,5.312721e-01
3.298230e-02,2.460998e-02,2.239577e-01,4.117425e-02,7.251855e-03,2.255335e-03,7.225048e-04,2.132500e-02,1.914735e-01,3.419465e-02,2.166419e-03,1.754127e-03,6.277165e-03,2.554421e-03,4.073009e-01
2.891474e-02,2.118424e-02,3.372160e-01,3.965199e-02,5.841863e-03,1.831427e-03,6.000573e-04,1.804068e-02,1.842231e-01,3.141968e-02,1.694990e-03,1.321210e-03,5.172149e-03,2.037929e-03,3.208500e-01
2.272512e-02,1.675874e-02,4.369702e-01,5.772050e-02,5.916700e-03,1.489127e-03,5.713222e-04,1.343852e-02,1.767810e-01,2.426551e-02,1.280152e-03,1.025656e-03,4.093557e-03,1.523976e-03,2.354399e-01
2.516400e-02,1.704441e-02,4.819327e-01,5.818966e-02,5.258441e-03,1.789451e-03,4.762742e-04,1.001724e-02,1.602522e-01,3.379417e-02,1.139088e-03,8.114807e-04,3.327852e-03,1.487219e-03,1.993159e-01
2.074047e-02,1.554180e-02,5.347098e-01,4.480579e-02,3.984078e-03,1.666333e-03,3.573118e-04,7.091791e-03,1.584857e-01,4.451698e-02,1.031506e-03,6.643601e-04,2.675526e-03,2.032158e-03,1.616965e-01
2.050215e-02,2.121661e-02,5.188524e-01,3.379067e-02,3.303661e-03,2.043755e-03,3.144179e-04,5.102117e-03,1.563885e-01,4.775126e-02,1.092639e-03,6.285522e-04,2.771001e-03,2.456707e-03,1.837856e-01
1.537702e-02,1.793191e-02,5.970061e-01,2.606968e-02,2.436848e-03,1.661741e-03,2.394796e-04,3.622412e-03,1.271511e-01,5.609631e-02,9.791546e-04,6.532503e-04,2.160562e-03,1.855909e-03,1.467585e-01
1.168649e-02,1.339106e-02,5.682929e-01,1.828282e-02,1.714656e-03,1.425006e-03,1.724260e-04,2.538214e-03,9.139689e-02,9.692376e-02,8.567888e-04,4.981060e-04,1.566752e-03,3.362284e-03,1.878918e-01
8.644815e-03,1.141794e-02,4.948833e-01,1.287708e-02,1.226440e-03,1.223396e-03,1.280282e-04,1.799149e-03,7.088863e-02,1.177420e-01,1.243767e-03,4.445925e-04,1.321233e-03,4.926268e-03,2.712334e-01
6.184215e-03,1.191826e-02,4.673427e-01,1.013656e-02,9.283395e-04,9.090471e-04,9.576679e-05,1.281134e-03,5.967393e-02,1.304229e-01,1.663829e-03,6.715291e-04,1.305922e-03,5.572340e-03,3.018935e-01
4.648806e-03,8.826409e-03,3.314188e-01,7.141816e-03,6.851009e-04,7.085205e-04,7.675534e-05,8.995637e-04,4.438988e-02,1.189414e-01,1.345003e-03,4.888313e-04,1.003402e-03,3.007630e-02,4.493493e-01
3.442973e-03,6.871925e-03,2.357177e-01,5.182054e-03,5.194249e-04,5.842948e-04,6.595485e-05,6.403203e-04,3.532559e-02,1.054102e-01,1.028587e-03,3.734470e-04,8.201718e-04,3.261107e-02,5.714064e-01
2.525186e-03,5.490351e-03,1.657527e-01,3.699065e-03,4.005103e-04,4.837225e-04,5.702717e-05,4.552051e-04,2.818003e-02,1.066536e-01,1.425467e-03,3.797132e-04,8.452556e-04,9.154677e-02,5.921054e-01
2.342540e-03,4.330244e-03,1.170982e-01,2.636982e-03,4.115063e-04,8.010571e-04,5.091741e-05,3.454635e-04,2.413631e-02,1.169971e-01,1.641736e-03,3.411519e-04,7.764406e-04,1.883292e-01,5.397612e-01
6.272819e-03,5.915254e-03,8.500421e-02,2.103301e-03,1.717576e-03,5.047404e-03,8.875827e-05,7.852580e-04,2.801254e-02,1.128323e-01,2.042931e-03,3.253631e-04,7.632584e-04,2.019182e-01,5.471708e-01
4.760543e-03,6.776359e-03,6.720708e-02,2.744992e-03,1.600232e-03,4.042821e-03,8.163067e-05,6.336367e-04,4.089631e-02,1.455312e-01,1.862752e-03,3.437880e-04,5.762601e-04,1.568068e-01,5.661356e-01
5.572157e-03,7.722104e-03,5.455310e-02,2.029751e-03,1.540979e-03,3.474394e-03,9.290205e-05,5.149991e-04,3.168749e-02,1.914806e-01,1.422389e-03,2.523972e-04,4.318168e-04,1.220976e-01,5.771272e-01
7.670401e-03,2.384241e-02,4.716702e-02,2.385956e-03,4.297704e-03,5.955322e-03,6.749892e-04,7.419987e-04,2.629631e-02,1.517819e-01,1.320404e-03,2.053720e-04,6.027895e-04,9.458635e-02,6.324711e-01
7.775850e-03,2.956112e-02,1.388370e-01,1.237623e-02,7.473616e-03,5.138014e-03,7.249012e-04,7.357892e-04,2.061614e-02,1.125294e-01,1.014981e-03,2.147617e-04,5.182732e-04,6.785299e-02,5.946309e-01
1.711105e-02,3.513235e-02,2.441959e-01,1.649197e-02,1.324076e-02,5.396848e-03,7.805472e-04,7.922989e-04,1.666924e-02,8.695786e-02,8.614757e-04,1.834430e-04,5.024807e-04,5.020875e-02,5.114750e-01
3.940880e-02,8.893744e-02,1.974708e-01,2.055944e-02,4.499428e-02,1.514183e-02,2.173500e-03,5.647726e-03,1.293910e-02,6.336495e-02,8.090610e-04,1.695456e-04,5.690478e-04,3.629758e-02,4.715168e-01
5.648730e-02,1.172433e-01,1.541715e-01,1.706301e-02,4.646448e-02,2.110986e-02,2.505957e-03,8.015898e-03,1.036134e-02,4.917586e-02,7.128458e-04,1.494860e-04,5.947838e-04,2.737989e-02,4.885645e-01
4.329488e-02,1.513654e-01,1.381861e-01,4.412393e-02,3.998600e-02,2.188709e-02,2.077205e-03,5.893462e-03,8.234687e-03,3.906638e-02,6.186832e-04,1.849084e-04,4.876631e-04,1.943515e-02,4.851585e-01
9.233780e-02,1.562952e-01,1.168935e-01,4.932380e-02,4.886436e-02,2.673538e-02,3.074063e-03,5.931491e-03,7.215511e-03,3.103253e-02,6.694198e-04,3.760452e-04,6.043250e-04,1.425466e-02,4.463918e-01
8.483822e-02,2.218449e-01,1.029408e-01,6.689564e-02,6.271490e-02,4.474962e-02,5.529925e-03,6.129629e-03,8.367989e-03,2.442792e-02,8.975021e-04,6.038649e-04,7.976925e-04,1.106653e-02,3.581949e-01
7.747119e-02,2.755541e-01,1.312248e-01,6.406698e-02,6.813321e-02,4.584002e-02,6.792064e-03,5.326354e-03,7.194011e-03,2.171272e-02,9.744940e-04,6.957158e-04,8.608577e-04,8.405113e-03,2.857484e-01
1.010308e-01,2.741087e-01,1.746954e-01,5.457852e-02,7.609361e-02,4.071051e-02,5.986639e-03,5.437271e-03,9.960893e-03,1.905950e-02,1.192042e-03,8.773551e-04,1.043415e-03,7.351727e-03,2.278735e-01
1.199521e-01,2.644661e-01,1.873120e-01,7.802181e-02,7.938433e-02,3.349134e-02,5.716252e-03,1.100236e-02,1.000810e-02,1.772968e-02,1.884839e-03,1.484085e-03,1.259262e-03,6.237778e-03,1.820500e-01
8.531425e-02,3.851225e-01,1.492572e-01,5.968197e-02,5.606890e-02,2.471361e-02,4.051248e-03,7.762650e-03,1.181109e-02,1.735638e-02,4.153892e-03,1.475598e-03,1.649614e-03,8.042611e-03,1.835385e-01
6.501970e-02,3.405158e-01,1.117189e-01,4.304699e-02,4.031323e-02,1.793242e-02,2.927478e-03,5.517338e-03,1.499587e-02,1.991887e-02,2.959495e-02,1.541267e-03,2.409863e-03,1.555400e-01,1.490073e-01
6.208502e-02,2.736035e-01,1.061984e-01,3.941771e-02,2.991649e-02,2.051075e-02,2.808120e-03,5.040956e-03,2.094306e-02,1.915774e-02,1.054849e-01,2.140346e-03,4.502096e-03,1.813617e-01,1.268292e-01
6.063699e-02,2.082711e-01,9.276111e-02,3.020926e-02,2.158514e-02,1.865130e-02,2.400583e-03,3.979149e-03,2.419969e-02,1.948141e-02,1.947164e-01,3.578875e-03,4.798574e-03,2.218091e-01,9.292135e-02
5.509236e-02,1.553487e-01,6.613123e-02,2.416892e-02,1.708634e-02,1.536960e-02,2.129771e-03,3.167844e-03,2.747216e-02,2.109445e-02,2.583852e-01,3.528518e-03,4.712966e-03,2.665072e-01,7.980470e-02
5.143061e-02,1.117214e-01,4.714369e-02,1.856877e-02,1.525180e-02,1.271358e-02,2.162959e-03,2.724038e-03,3.717327e-02,2.908720e-02,2.949782e-01,3.867314e-03,4.185480e-03,2.983704e-01,7.062133e-02
4.575125e-02,1.051587e-01,3.390250e-02,1.678679e-02,1.992091e-02,1.793451e-02,2.899072e-03,3.205607e-03,1.616407e-01,4.808987e-02,2.294342e-01,3.668233e-03,3.722507e-03,2.461172e-01,6.176799e-02
4.766570e-02,8.758437e-02,4.572822e-02,8.960380e-02,3.125128e-02,1.558126e-02,2.868422e-03,7.104780e-03,1.816469e-01,5.306385e-02,1.796622e-01,5.665622e-03,6.091451e-03,1.984748e-01,4.800732e-02
6.511842e-02,8.733255e-02,5.023269e-02,9.277734e-02,3.221639e-02,1.640406e-02,2.546001e-03,6.833794e-03,1.895139e-01,6.061294e-02,1.579143e-01,9.027646e-03,8.790199e-03,1.781188e-01,4.256094e-02
1.034930e-01,7.572968e-02,4.120551e-02,6.790330e-02,2.563155e-02,1.906899e-02,2.023486e-03,6.929862e-03,1.765873e-01,8.081466e-02,1.651116e-01,1.299686e-02,1.829553e-02,1.546861e-01,4.952252e-02
1.221956e-01,6.968018e-02,3.431417e-02,5.706394e-02,2.119343e-02,1.939521e-02,1.818831e-03,7.583274e-03,1.875389e-01,6.935373e-02,2.103245e-01,1.349405e-02,1.924971e-02,1.164997e-01,5.029479e-02
2.188482e-01,5.880327e-02,3.250277e-02,6.192968e-02,1.774196e-02,2.033872e-02,3.011240e-03,1.297517e-02,1.818451e-01,5.988687e-02,1.632887e-01,1.560224e-02,1.912928e-02,9.019266e-02,4.390403e-02
2.740891e-01,5.245204e-02,5.210834e-02,5.183525e-02,1.607754e-02,2.229346e-02,4.371851e-03,2.596502e-02,1.890165e-01,4.668249e-02,1.263633e-01,1.541177e-02,1.605430e-02,7.359417e-02,3.368492e-02
3.209596e-01,5.981461e-02,4.875707e-02,4.151538e-02,1.556509e-02,2.457068e-02,4.031708e-03,2.343377e-02,2.010664e-01,3.707745e-02,9.815829e-02,1.302869e-02,1.271142e-02,7.223901e-02,2.707094e-02
3.196689e-01,7.360765e-02,4.526271e-02,3.562503e-02,2.083814e-02,3.724818e-02,3.270191e-03,1.831295e-02,1.952699e-01,4.678763e-02,8.162556e-02,1.064237e-02,1.155326e-02,7.519299e-02,2.509450e-02
2.641693e-01,1.101508e-01,4.203221e-02,2.755510e-02,2.396972e-02,4.120184e-02,2.774520e-03,1.418557e-02,1.864227e-01,1.065076e-01,7.208727e-02,8.557603e-03,1.107836e-02,6.644078e-02,2.286667e-02
2.100453e-01,1.545646e-01,3.240178e-02,2.102797e-02,2.855551e-02,4.881499e-02,2.181321e-03,1.343079e-02,2.089020e-01,1.137455e-01,6.195429e-02,7.111168e-03,1.036950e-02,6.223296e-02,2.466221e-02
1.770993e-01,1.496176e-01,2.659346e-02,3.267867e-02,4.126878e-02,9.097442e-02,2.019011e-03,1.831136e-02,2.131208e-01,9.461012e-02,5.138228e-02,6.235479e-03,9.057972e-03,5.673737e-02,3.029336e-02
1.669835e-01,1.265173e-01,2.151404e-02,3.037608e-02,4.693267e-02,1.875089e-01,1.799215e-03,1.829497e-02,1.879987e-01,7.266274e-02,4.459263e-02,5.251201e-03,7.489928e-03,5.465368e-02,2.742447e-02
1.590091e-01,1.030250e-01,2.105431e-02,2.063361e-01,3.774645e-02,1.451736e-01,1.656456e-03,1.731636e-02,1.486164e-01,5.267688e-02,3.373211e-02,4.105313e-03,5.666839e-03,3.868989e-02,2.519511e-02
3.082928e-01,7.865734e-02,2.028727e-02,1.642683e-01,2.861230e-02,1.317653e-01,1.714249e-03,1.472529e-02,1.173838e-01,3.884410e-02,2.825465e-02,5.111190e-03,4.490087e-03,3.005837e-02,2.753499e-02
3.954096e-01,6.869151e-02,1.781280e-02,1.288671e-01,3.071672e-02,1.400581e-01,1.478158e-03,1.376133e-02,9.635028e-02,2.823443e-02,2.206437e-02,6.025105e-03,4.019685e-03,2.213108e-02,2.437970e-02
4.444173e-01,8.111627e-02,1.639420e-02,9.949628e-02,2.618762e-02,1.362240e-01,3.360916e-03,3.038430e-02,7.707418e-02,2.023162e-02,1.767113e-02,6.988721e-03,4.004123e-03,1.605505e-02,2.039423e-02
1.000000e+00,0.000000e+00,0.000000e+00,0.000000e+00,0.000000e+00,0.000000e+00,0.000000e+00,0.000000e+00,0.000000e+00,0.000000e+00,0.000000e+00,0.000000e+00,0.000000e+00,0.000000e+00,0.000000e+00
1.000000e+00,0.000000e+00,0.000000e+00,0.000000e+00,0.000000e+00,0.000000e+00,0.000000e+00,0.000000e+00,0.000000e+00,0.000000e+00,0.000000e+00,0.000000e+00,0.000000e+00,0.000000e+00,0.000000e+00
4.867069e-01,6.535517e-02,1.011147e-02,5.819301e-02,1.373566e-02,7.360964e-02,2.896693e-03,1.641992e-02,4.569425e-02,9.445019e-03,1.266956e-01,4.188645e-02,1.824009e-02,1.331459e-02,1.769552e-02
3.552410e-01,4.814351e-02,1.113606e-02,5.524091e-02,1.044635e-02,5.268163e-02,2.146790e-03,1.277728e-02,3.851705e-02,8.776507e-03,3.018287e-01,6.264465e-02,1.521164e-02,1.169409e-02,1.351377e-02
2.616260e-01,3.514640e-02,8.779423e-03,4.181294e-02,7.848395e-03,4.297709e-02,1.574346e-03,9.440163e-03,3.262569e-02,1.108118e-02,4.316598e-01,6.757583e-02,1.266793e-02,2.473519e-02,1.044963e-02
2.309498e-01,2.684852e-02,7.946881e-03,3.130490e-02,5.881461e-03,6.474103e-02,1.300156e-03,7.060727e-03,2.631673e-02,1.779999e-02,4.531983e-01,6.899795e-02,1.019329e-02,3.758158e-02,9.878666e-03
1.682972e-01,1.937367e-02,6.870938e-03,2.265491e-02,4.530016e-03,2.147915e-01,1.527449e-03,5.733455e-03,1.971387e-02,1.855150e-02,4.053504e-01,6.708941e-02,8.001971e-03,2.986048e-02,7.653188e-03
1.213554e-01,1.419197e-02,5.291777e-03,1.677808e-02,3.878103e-03,1.814658e-01,1.167259e-03,4.276302e-03,1.589063e-02,2.190956e-02,4.692978e-01,1.027734e-01,6.499347e-03,2.910806e-02,6.116612e-03
9.834919e-02,1.212945e-02,5.189897e-03,1.275297e-02,3.688190e-03,1.806171e-01,1.539339e-03,4.690389e-03,1.917702e-02,2.491378e-02,4.726173e-01,1.258938e-01,6.064549e-03,2.508249e-02,7.294687e-03
7.689544e-02,1.034003e-02,7.294849e-03,1.075286e-02,4.532703e-03,1.390685e-01,1.591561e-03,6.582567e-03,2.282796e-02,2.287251e-02,5.377449e-01,1.192514e-01,5.309012e-03,2.868585e-02,6.250048e-03
6.212286e-02,8.924915e-03,6.878763e-03,8.658260e-03,5.511147e-03,1.127364e-01,1.452842e-03,6.681731e-03,2.434535e-02,2.198718e-02,5.500354e-01,1.382745e-01,5.371089e-03,4.110288e-02,5.916793e-03
4.606440e-02,9.062786e-03,8.636000e-03,6.349157e-03,7.371341e-03,8.758827e-02,1.295316e-03,5.522870e-03,3.856030e-02,3.940330e-02,5.546600e-01,1.425011e-01,4.678471e-03,4.257311e-02,5.733697e-03
3.312013e-02,7.020047e-03,6.958738e-03,4.621598e-03,7.142435e-03,6.742707e-02,1.097230e-03,4.170328e-03,4.037666e-02,8.575622e-02,5.470127e-01,1.491334e-01,4.019415e-03,3.737243e-02,4.771614e-03
2.329470e-02,5.080558e-03,4.903508e-03,3.297177e-03,5.434997e-03,4.810128e-02,8.139294e-04,3.002168e-03,3.010742e-02,1.970214e-01,5.225621e-01,1.216599e-01,3.174423e-03,2.799876e-02,3.547696e-03
1.642752e-02,4.566794e-03,3.528383e-03,2.438975e-03,4.836908e-03,3.446643e-02,6.055979e-04,2.174566e-03,3.151871e-02,3.593774e-01,4.222885e-01,9.126417e-02,2.529332e-03,2.115071e-02,2.826060e-03
1.183637e-02,1.630702e-02,3.339186e-03,2.007732e-03,5.575166e-03,2.522562e-02,5.071442e-04,1.665066e-03,1.092360e-01,4.222136e-01,3.143791e-01,6.621625e-02,2.144595e-03,1.664848e-02,2.698622e-03
8.977415e-03,5.625898e-02,5.173855e-03,2.654139e-03,1.023984e-02,2.088138e-02,4.183122e-04,1.678226e-03,2.255173e-01,3.797239e-01,2.257133e-01,4.674327e-02,1.851719e-03,1.205009e-02,2.118337e-03
6.438551e-03,9.666891e-02,4.477520e-03,2.971837e-03,8.474799e-03,2.495904e-02,3.086867e-04,1.385632e-03,3.725709e-01,2.780952e-01,1.591327e-01,3.290619e-02,1.459823e-03,8.554757e-03,1.595460e-03
4.783443e-03,8.906869e-02,4.160582e-03,5.700475e-03,1.007410e-02,3.090376e-02,2.760675e-04,1.645051e-03,5.121167e-01,1.978654e-01,1.118558e-01,2.309968e-02,1.118883e-03,6.032622e-03,1.298820e-03
4.452351e-03,8.026797e-02,3.613628e-03,1.219841e-02,1.188380e-02,8.606149e-02,2.143942e-04,1.797693e-03,5.410655e-01,1.464668e-01,7.893885e-02,1.627533e-02,9.603328e-04,4.453548e-03,1.135001e-02
5.347086e-03,6.618086e-02,5.768399e-03,6.254075e-02,1.315120e-02,1.304372e-01,1.978298e-04,5.599491e-03,5.037629e-01,1.167238e-01,5.767391e-02,1.158598e-02,8.953446e-04,3.361146e-03,1.677417e-02
6.646541e-03,5.807232e-02,6.047226e-03,6.612931e-02,2.267038e-02,1.721404e-01,2.380762e-04,1.757706e-02,4.759398e-01,1.028083e-01,4.213035e-02,8.415764e-03,8.140919e-04,2.640335e-03,1.772999e-02
9.004829e-03,4.763052e-02,4.855955e-03,5.467398e-02,2.681624e-02,2.424039e-01,2.447790e-04,2.391993e-02,4.502317e-01,8.525681e-02,3.060958e-02,6.164229e-03,6.857131e-04,2.135666e-03,1.536611e-02
1.341994e-02,5.709072e-02,5.068496e-03,5.159263e-02,2.238806e-02,2.587394e-01,2.118191e-04,2.645069e-02,3.544606e-01,1.513406e-01,2.466173e-02,5.309756e-03,1.133980e-03,1.710588e-03,2.642100e-02
1.134115e-02,4.142603e-02,1.007394e-02,7.337010e-02,1.629207e-02,2.279812e-01,1.789907e-04,2.753693e-02,2.638468e-01,2.025428e-01,7.528763e-02,9.434978e-03,8.470042e-03,1.653418e-03,3.056394e-02
9.747105e-03,2.969254e-02,9.100192e-03,9.024388e-02,1.186239e-02,1.956780e-01,1.669867e-04,2.184002e-02,2.018047e-01,2.188857e-01,1.353945e-01,1.968013e-02,2.814216e-02,1.885385e-03,2.587637e-02
9.509141e-03,2.174185e-02,7.575613e-03,8.500519e-02,9.800745e-03,1.488735e-01,1.806011e-04,2.396283e-02,1.690333e-01,1.735580e-01,2.591418e-01,1.698692e-02,4.815408e-02,5.061869e-03,2.141454e-02
9.878749e-03,1.723072e-02,6.841372e-03,6.776987e-02,8.099999e-03,1.182828e-01,1.645954e-04,1.906981e-02,1.336724e-01,1.644787e-01,3.379618e-01,2.186990e-02,6.533086e-02,1.063110e-02,1.871737e-02
8.438762e-03,1.698957e-02,9.298654e-03,1.291341e-01,7.981024e-03,9.138352e-02,2.231204e-04,1.588121e-02,1.743204e-01,1.549490e-01,2.791151e-01,1.884238e-02,5.971796e-02,1.422668e-02,1.949856e-02
1.089353e-02,1.942334e-02,9.690035e-03,1.071013e-01,7.684985e-03,6.972288e-02,4.977806e-04,1.212636e-02,1.442533e-01,1.600707e-01,2.713342e-01,1.876557e-02,4.561252e-02,5.471881e-02,6.810471e-02
1.476269e-02,1.918449e-02,2.537018e-02,1.734041e-01,1.961520e-02,4.986357e-02,6.213869e-04,1.527450e-02,1.412767e-01,1.351827e-01,2.304479e-01,1.851604e-02,3.908699e-02,5.477404e-02,6.261963e-02
2.505362e-02,1.684913e-02,2.316505e-02,1.261487e-01,1.677594e-02,3.757039e-02,5.981664e-04,1.292718e-02,1.097218e-01,1.149508e-01,3.369707e-01,1.728278e-02,3.178641e-02,7.291079e-02,5.728866e-02
3.385030e-02,1.849941e-02,2.418750e-02,9.541498e-02,1.738425e-02,3.017545e-02,6.242345e-04,1.458424e-02,1.061298e-01,1.011856e-01,3.596137e-01,1.666741e-02,2.601250e-02,9.171990e-02,6.395072e-02
3.661236e-02,2.390765e-02,9.232026e-02,1.460221e-01,2.161492e-02,2.442394e-02,8.755281e-04,1.423188e-02,9.825721e-02,8.013659e-02,2.842055e-01,1.701302e-02,2.419858e-02,8.134675e-02,5.483368e-02
5.439597e-02,2.641648e-02,1.015161e-01,1.371490e-01,1.844214e-02,2.143776e-02,8.361306e-04,1.496112e-02,9.841403e-02,6.105224e-02,2.795399e-01,2.237304e-02,2.238837e-02,8.703072e-02,5.404707e-02
1.185433e-01,3.865061e-02,1.026059e-01,1.192424e-01,1.703758e-02,2.156135e-02,1.059869e-03,1.641534e-02,1.050984e-01,4.641475e-02,2.249052e-01,2.643681e-02,1.983780e-02,8.136179e-02,6.082885e-02
1.132803e-01,4.429013e-02,1.014997e-01,9.483367e-02,1.765197e-02,1.699845e-02,1.010850e-03,2.363813e-02,1.538547e-01,4.272082e-02,1.909960e-01,2.413175e-02,1.708047e-02,7.916162e-02,7.885155e-02
8.819050e-02,4.140276e-02,8.708510e-02,8.493235e-02,1.857883e-02,1.436103e-02,9.374252e-04,3.305663e-02,2.212647e-01,3.821113e-02,1.693438e-01,2.191800e-02,1.730185e-02,6.963888e-02,9.377702e-02
7.086080e-02,6.625400e-02,1.052420e-01,7.621953e-02,1.491834e-02,1.218121e-02,8.558807e-04,3.220864e-02,2.599943e-01,3.394607e-02,1.366374e-01,1.986627e-02,1.797914e-02,6.474452e-02,8.809188e-02
5.576589e-02,6.690157e-02,1.857955e-01,7.568462e-02,1.407464e-02,8.983881e-03,7.008777e-04,4.004018e-02,2.682883e-01,2.844525e-02,1.021295e-01,1.557942e-02,1.483175e-02,5.462950e-02,6.814912e-02
4.744540e-02,6.069682e-02,2.404791e-01,1.421903e-01,1.244580e-02,7.696995e-03,5.848898e-04,3.322094e-02,2.372661e-01,2.216594e-02,7.681915e-02,1.211302e-02,1.207548e-02,4.463950e-02,5.016058e-02
4.440597e-02,5.886028e-02,2.600821e-01,1.891031e-01,1.515768e-02,8.360233e-03,5.056550e-04,2.827989e-02,2.169200e-01,1.882271e-02,6.263263e-02,1.092632e-02,1.221289e-02,3.595864e-02,3.777193e-02
5.467178e-02,8.311051e-02,2.581252e-01,1.704949e-01,1.689441e-02,8.734885e-03,7.776847e-04,3.263092e-02,2.028730e-01,2.016264e-02,5.826891e-02,1.042252e-02,1.398424e-02,3.671909e-02,3.212931e-02
6.723714e-02,8.919222e-02,2.430154e-01,1.309814e-01,2.826046e-02,2.315270e-02,2.135924e-03,3.228588e-02,1.973056e-01,3.766705e-02,6.828737e-02,8.763069e-03,1.437605e-02,3.003542e-02,2.730429e-02
6.234846e-02,7.255858e-02,2.216216e-01,9.501949e-02,5.354057e-02,5.654360e-02,8.471888e-03,6.644353e-02,1.791324e-01,6.278063e-02,5.112287e-02,6.504399e-03,1.132624e-02,3.057510e-02,2.201058e-02
5.984382e-02,5.909708e-02,2.445575e-01,8.237527e-02,7.562453e-02,5.889994e-02,1.261365e-02,8.794518e-02,1.499551e-01,7.663189e-02,3.748569e-02,5.263682e-03,8.782138e-03,2.252031e-02,1.840423e-02
7.761879e-02,4.852910e-02,1.965157e-01,6.103322e-02,8.950935e-02,8.372167e-02,1.245070e-02,8.465654e-02,1.208514e-01,1.543287e-01,2.667770e-02,3.821957e-03,6.822550e-03,1.742387e-02,1.603877e-02
1.057410e-01,4.881205e-02,1.441515e-01,4.894640e-02,1.187984e-01,9.986347e-02,1.363546e-02,7.647903e-02,9.485514e-02,1.910120e-01,1.907863e-02,2.875069e-03,5.835361e-03,1.341525e-02,1.650123e-02
1.715568e-01,4.801401e-02,1.081734e-01,4.592963e-02,1.046574e-01,8.296865e-02,1.235188e-02,6.875610e-02,7.931919e-02,1.687750e-01,1.419448e-02,2.708255e-03,7.100118e-03,9.826529e-03,7.566871e-02
1.416018e-01,3.744921e-02,2.395805e-01,6.452648e-02,9.155066e-02,6.282862e-02,1.082613e-02,7.870036e-02,5.842983e-02,1.270905e-01,1.069756e-02,2.260928e-03,5.633221e-03,7.007961e-03,6.181618e-02
1.503271e-01,3.444010e-02,2.378615e-01,5.894024e-02,8.075761e-02,5.575038e-02,1.137913e-02,1.424050e-01,4.883540e-02,1.032732e-01,8.445126e-03,2.339105e-03,6.388661e-03,5.263271e-03,5.359420e-02
1.084938e-01,2.421341e-02,1.681162e-01,4.172837e-02,6.153177e-02,4.251715e-02,8.289914e-03,3.846130e-01,3.437392e-02,7.234205e-02,6.130015e-03,1.717290e-03,4.674753e-03,3.695403e-03,3.756290e-02
7.720330e-02,1.697944e-02,1.179325e-01,2.941218e-02,4.409897e-02,3.011091e-02,5.937109e-03,5.656501e-01,2.410187e-02,5.065572e-02,4.467653e-03,1.233324e-03,3.322582e-03,2.589436e-03,2.630494e-02
5.471957e-02,1.190335e-02,8.271481e-02,2.119289e-02,3.130739e-02,2.161906e-02,4.176324e-03,6.928909e-01,1.689015e-02,3.546530e-02,3.445471e-03,9.322664e-04,2.485413e-03,1.826874e-03,1.843021e-02
3.880660e-02,8.341864e-03,5.799939e-02,1.486434e-02,2.254203e-02,1.540668e-02,2.996825e-03,7.833261e-01,1.182660e-02,2.482920e-02,2.426690e-03,6.721308e-04,1.775920e-03,1.281207e-03,1.290447e-02
2.767572e-02,5.843114e-03,4.062104e-02,1.043489e-02,1.630452e-02,1.082958e-02,2.105913e-03,8.470980e-01,8.281439e-03,1.738360e-02,1.741553e-03,4.836971e-04,1.262596e-03,8.990474e-04,9.035266e-03
2.103186e-02,4.094344e-03,2.845127e-02,7.372244e-03,1.153287e-02,7.863541e-03,1.487181e-03,8.899553e-01,5.810375e-03,1.217430e-02,1.658066e-03,5.214615e-04,1.084130e-03,6.336210e-04,6.329406e-03
1.899837e-02,2.877660e-03,2.007783e-02,5.402846e-03,8.259421e-03,6.173032e-03,1.130738e-03,9.156331e-01,4.101008e-03,8.570628e-03,2.008069e-03,6.894390e-04,1.167585e-03,4.575300e-04,4.452662e-03
4.828705e-02,2.292906e-03,1.864892e-02,4.532182e-03,7.297265e-03,2.571466e-02,1.297083e-03,8.055366e-01,3.401198e-03,8.603215e-03,4.234301e-02,4.090145e-03,2.149044e-02,6.735140e-04,5.791775e-03
5.300159e-02,2.215708e-03,1.622459e-02,5.208487e-03,5.549532e-03,2.586375e-02,1.050856e-03,5.883400e-01,2.988744e-03,1.155869e-02,7.244965e-02,9.665386e-03,1.870586e-01,1.365827e-03,1.745849e-02
5.376024e-02,2.426226e-03,1.820563e-02,7.840281e-03,4.019509e-03,2.399911e-02,9.504390e-04,4.281102e-01,2.856470e-03,2.106784e-02,8.336923e-02,1.259759e-02,2.961648e-01,2.585568e-03,4.204687e-02
5.623189e-02,2.110587e-03,1.563703e-02,7.545906e-03,3.003140e-03,1.908284e-02,1.016734e-03,3.084557e-01,3.303197e-03,2.037509e-02,7.713997e-02,1.383723e-02,3.904908e-01,7.002698e-03,7.476714e-02
7.268956e-02,1.822526e-03,1.203563e-02,6.617479e-03,2.381531e-03,1.515124e-02,1.216497e-03,2.190656e-01,4.237799e-03,1.629799e-02,6.576245e-02,1.530541e-02,4.439444e-01,1.423575e-02,1.092362e-01
