1.000000e+00,0.000000e+00,0.000000e+00,0.000000e+00,0.000000e+00,0.000000e+00,0.000000e+00,0.000000e+00,0.000000e+00,0.000000e+00,0.000000e+00,0.000000e+00,0.000000e+00,0.000000e+00,0.000000e+00
1.000000e+00,0.000000e+00,0.000000e+00,0.000000e+00,0.000000e+00,0.000000e+00,0.000000e+00,0.000000e+00,0.000000e+00,0.000000e+00,0.000000e+00,0.000000e+00,0.000000e+00,0.000000e+00,0.000000e+00
1.000000e+00,0.000000e+00,0.000000e+00,0.000000e+00,0.000000e+00,0.000000e+00,0.000000e+00,0.000000e+00,0.000000e+00,0.000000e+00,0.000000e+00,0.000000e+00,0.000000e+00,0.000000e+00,0.000000e+00
1.000000e+00,0.000000e+00,0.000000e+00,0.000000e+00,0.000000e+00,0.000000e+00,0.000000e+00,0.000000e+00,0.000000e+00,0.000000e+00,0.000000e+00,0.000000e+00,0.000000e+00,0.000000e+00,0.000000e+00
1.000000e+00,0.000000e+00,0.000000e+00,0.000000e+00,0.000000e+00,0.000000e+00,0.000000e+00,0.000000e+00,0.000000e+00,0.000000e+00,0.000000e+00,0.000000e+00,0.000000e+00,0.000000e+00,0.000000e+00
1.000000e+00,0.000000e+00,0.000000e+00,0.000000e+00,0.000000e+00,0.000000e+00,0.000000e+00,0.000000e+00,0.000000e+00,0.000000e+00,0.000000e+00,0.000000e+00,0.000000e+00,0.000000e+00,0.000000e+00
1.000000e+00,0.000000e+00,0.000000e+00,0.000000e+00,0.000000e+00,0.000000e+00,0.000000e+00,0.000000e+00,0.000000e+00,0.000000e+00,0.000000e+00,0.000000e+00,0.000000e+00,0.000000e+00,0.000000e+00
1.000000e+00,0.000000e+00,0.000000e+00,0.000000e+00,0.000000e+00,0.000000e+00,0.000000e+00,0.000000e+00,0.000000e+00,0.000000e+00,0.000000e+00,0.000000e+00,0.000000e+00,0.000000e+00,0.000000e+00
1.000000e+00,0.000000e+00,0.000000e+00,0.000000e+00,0.000000e+00,0.000000e+00,0.000000e+00,0.000000e+00,0.000000e+00,0.000000e+00,0.000000e+00,0.000000e+00,0.000000e+00,0.000000e+00,0.000000e+00
1.000000e+00,0.000000e+00,0.000000e+00,0.000000e+00,0.000000e+00,0.000000e+00,0.000000e+00,0.000000e+00,0.000000e+00,0.000000e+00,0.000000e+00,0.000000e+00,0.000000e+00,0.000000e+00,0.000000e+00
1.000000e+00,0.000000e+00,0.000000e+00,0.000000e+00,0.000000e+00,0.000000e+00,0.000000e+00,0.000000e+00,0.000000e+00,0.000000e+00,0.000000e+00,0.000000e+00,0.000000e+00,0.000000e+00,0.000000e+00
1.000000e+00,0.000000e+00,0.000000e+00,0.000000e+00,0.000000e+00,0.000000e+00,0.000000e+00,0.000000e+00,0.000000e+00,0.000000e+00,0.000000e+00,0.000000e+00,0.000000e+00,0.000000e+00,0.000000e+00
1.000000e+00,0.000000e+00,0.000000e+00,0.000000e+00,0.000000e+00,0.000000e+00,0.000000e+00,0.000000e+00,0.000000e+00,0.000000e+00,0.000000e+00,0.000000e+00,0.000000e+00,0.000000e+00,0.000000e+00
1.000000e+00,0.000000e+00,0.000000e+00,0.000000e+00,0.000000e+00,0.000000e+00,0.000000e+00,0.000000e+00,0.000000e+00,0.000000e+00,0.000000e+00,0.000000e+00,0.000000e+00,0.000000e+00,0.000000e+00
1.000000e+00,0.000000e+00,0.000000e+00,0.000000e+00,0.000000e+00,0.000000e+00,0.000000e+00,0.000000e+00,0.000000e+00,0.000000e+00,0.000000e+00,0.000000e+00,0.000000e+00,0.000000e+00,0.000000e+00
1.000000e+00,0.000000e+00,0.000000e+00,0.000000e+00,0.000000e+00,0.000000e+00,0.000000e+00,0.000000e+00,0.000000e+00,0.000000e+00,0.000000e+00,0.000000e+00,0.000000e+00,0.000000e+00,0.000000e+00
1.000000e+00,0.000000e+00,0.000000e+00,0.000000e+00,0.000000e+00,0.000000e+00,0.000000e+00,0.000000e+00,0.000000e+00,0.000000e+00,0.000000e+00,0.000000e+00,0.000000e+00,0.000000e+00,0.000000e+00
1.000000e+00,0.000000e+00,0.000000e+00,0.000000e+00,0.000000e+00,0.000000e+00,0.000000e+00,0.000000e+00,0.000000e+00,0.000000e+00,0.000000e+00,0.000000e+00,0.000000e+00,0.000000e+00,0.000000e+00
1.000000e+00,0.000000e+00,0.000000e+00,0.000000e+00,0.000000e+00,0.000000e+00,0.000000e+00,0.000000e+00,0.000000e+00,0.000000e+00,0.000000e+00,0.000000e+00,0.000000e+00,0.000000e+00,0.000000e+00
1.000000e+00,0.000000e+00,0.000000e+00,0.000000e+00,0.000000e+00,0.000000e+00,0.000000e+00,0.000000e+00,0.000000e+00,0.000000e+00,0.000000e+00,0.000000e+00,0.000000e+00,0.000000e+00,0.000000e+00
1.000000e+00,0.000000e+00,0.000000e+00,0.000000e+00,0.000000e+00,0.000000e+00,0.000000e+00,0.000000e+00,0.000000e+00,0.000000e+00,0.000000e+00,0.000000e+00,0.000000e+00,0.000000e+00,0.000000e+00
1.000000e+00,0.000000e+00,0.000000e+00,0.000000e+00,0.000000e+00,0.000000e+00,0.000000e+00,0.000000e+00,0.000000e+00,0.000000e+00,0.000000e+00,0.000000e+00,0.000000e+00,0.000000e+00,0.000000e+00
1.000000e+00,0.000000e+00,0.000000e+00,0.000000e+00,0.000000e+00,0.000000e+00,0.000000e+00,0.000000e+00,0.000000e+00,0.000000e+00,0.000000e+00,0.000000e+00,0.000000e+00,0.000000e+00,0.000000e+00
1.000000e+00,0.000000e+00,0.000000e+00,0.000000e+00,0.000000e+00,0.000000e+00,0.000000e+00,0.000000e+00,0.000000e+00,0.000000e+00,0.000000e+00,0.000000e+00,0.000000e+00,0.000000e+00,0.000000e+00
1.000000e+00,0.000000e+00,0.000000e+00,0.000000e+00,0.000000e+00,0.000000e+00,0.000000e+00,0.000000e+00,0.000000e+00,0.000000e+00,0.000000e+00,0.000000e+00,0.000000e+00,0.000000e+00,0.000000e+00
1.000000e+00,0.000000e+00,0.000000e+00,0.000000e+00,0.000000e+00,0.000000e+00,0.000000e+00,0.000000e+00,0.000000e+00,0.000000e+00,0.000000e+00,0.000000e+00,0.000000e+00,0.000000e+00,0.000000e+00
1.000000e+00,0.000000e+00,0.000000e+00,0.000000e+00,0.000000e+00,0.000000e+00,0.000000e+00,0.000000e+00,0.000000e+00,0.000000e+00,0.000000e+00,0.000000e+00,0.000000e+00,0.000000e+00,0.000000e+00
1.000000e+00,0.000000e+00,0.000000e+00,0.000000e+00,0.000000e+00,0.000000e+00,0.000000e+00,0.000000e+00,0.000000e+00,0.000000e+00,0.000000e+00,0.000000e+00,0.000000e+00,0.000000e+00,0.000000e+00
1.000000e+00,0.000000e+00,0.000000e+00,0.000000e+00,0.000000e+00,0.000000e+00,0.000000e+00,0.000000e+00,0.000000e+00,0.000000e+00,0.000000e+00,0.000000e+00,0.000000e+00,0.000000e+00,0.000000e+00
1.000000e+00,0.000000e+00,0.000000e+00,0.000000e+00,0.000000e+00,0.000000e+00,0.000000e+00,0.000000e+00,0.000000e+00,0.000000e+00,0.000000e+00,0.000000e+00,0.000000e+00,0.000000e+00,0.000000e+00
1.000000e+00,0.000000e+00,0.000000e+00,0.000000e+00,0.000000e+00,0.000000e+00,0.000000e+00,0.000000e+00,0.000000e+00,0.000000e+00,0.000000e+00,0.000000e+00,0.000000e+00,0.000000e+00,0.000000e+00
1.000000e+00,0.000000e+00,0.000000e+00,0.000000e+00,0.000000e+00,0.000000e+00,0.000000e+00,0.000000e+00,0.000000e+00,0.000000e+00,0.000000e+00,0.000000e+00,0.000000e+00,0.000000e+00,0.000000e+00
1.000000e+00,0.000000e+00,0.000000e+00,0.000000e+00,0.000000e+00,0.000000e+00,0.000000e+00,0.000000e+00,0.000000e+00,0.000000e+00,0.000000e+00,0.000000e+00,0.000000e+00,0.000000e+00,0.000000e+00
1.000000e+00,0.000000e+00,0.000000e+00,0.000000e+00,0.000000e+00,0.000000e+00,0.000000e+00,0.000000e+00,0.000000e+00,0.000000e+00,0.000000e+00,0.000000e+00,0.000000e+00,0.000000e+00,0.000000e+00
1.000000e+00,0.000000e+00,0.000000e+00,0.000000e+00,0.000000e+00,0.000000e+00,0.000000e+00,0.000000e+00,0.000000e+00,0.000000e+00,0.000000e+00,0.000000e+00,0.000000e+00,0.000000e+00,0.000000e+00
1.000000e+00,0.000000e+00,0.000000e+00,0.000000e+00,0.000000e+00,0.000000e+00,0.000000e+00,0.000000e+00,0.000000e+00,0.000000e+00,0.000000e+00,0.000000e+00,0.000000e+00,0.000000e+00,0.000000e+00
1.000000e+00,0.000000e+00,0.000000e+00,0.000000e+00,0.000000e+00,0.000000e+00,0.000000e+00,0.000000e+00,0.000000e+00,0.000000e+00,0.000000e+00,0.000000e+00,0.000000e+00,0.000000e+00,0.000000e+00
1.000000e+00,0.000000e+00,0.000000e+00,0.000000e+00,0.000000e+00,0.000000e+00,0.000000e+00,0.000000e+00,0.000000e+00,0.000000e+00,0.000000e+00,0.000000e+00,0.000000e+00,0.000000e+00,0.000000e+00
1.000000e+00,0.000000e+00,0.000000e+00,0.000000e+00,0.000000e+00,0.000000e+00,0.000000e+00,0.000000e+00,0.000000e+00,0.000000e+00,0.000000e+00,0.000000e+00,0.000000e+00,0.000000e+00,0.000000e+00
1.000000e+00,0.000000e+00,0.000000e+00,0.000000e+00,0.000000e+00,0.000000e+00,0.000000e+00,0.000000e+00,0.000000e+00,0.000000e+00,0.000000e+00,0.000000e+00,0.000000e+00,0.000000e+00,0.000000e+00
1.000000e+00,0.000000e+00,0.000000e+00,0.000000e+00,0.000000e+00,0.000000e+00,0.000000e+00,0.000000e+00,0.000000e+00,0.000000e+00,0.000000e+00,0.000000e+00,0.000000e+00,0.000000e+00,0.000000e+00
1.000000e+00,0.000000e+00,0.000000e+00,0.000000e+00,0.000000e+00,0.000000e+00,0.000000e+00,0.000000e+00,0.000000e+00,0.000000e+00,0.000000e+00,0.000000e+00,0.000000e+00,0.000000e+00,0.000000e+00
1.000000e+00,0.000000e+00,0.000000e+00,0.000000e+00,0.000000e+00,0.000000e+00,0.000000e+00,0.000000e+00,0.000000e+00,0.000000e+00,0.000000e+00,0.000000e+00,0.000000e+00,0.000000e+00,0.000000e+00
1.000000e+00,0.000000e+00,0.000000e+00,0.000000e+00,0.000000e+00,0.000000e+00,0.000000e+00,0.000000e+00,0.000000e+00,0.000000e+00,0.000000e+00,0.000000e+00,0.000000e+00,0.000000e+00,0.000000e+00
1.000000e+00,0.000000e+00,0.000000e+00,0.000000e+00,0.000000e+00,0.000000e+00,0.000000e+00,0.000000e+00,0.000000e+00,0.000000e+00,0.000000e+00,0.000000e+00,0.000000e+00,0.000000e+00,0.000000e+00
1.000000e+00,0.000000e+00,0.000000e+00,0.000000e+00,0.000000e+00,0.000000e+00,0.000000e+00,0.000000e+00,0.000000e+00,0.000000e+00,0.000000e+00,0.000000e+00,0.000000e+00,0.000000e+00,0.000000e+00
1.000000e+00,0.000000e+00,0.000000e+00,0.000000e+00,0.000000e+00,0.000000e+00,0.000000e+00,0.000000e+00,0.000000e+00,0.000000e+00,0.000000e+00,0.000000e+00,0.000000e+00,0.000000e+00,0.000000e+00
1.000000e+00,0.000000e+00,0.000000e+00,0.000000e+00,0.000000e+00,0.000000e+00,0.000000e+00,0.000000e+00,0.000000e+00,0.000000e+00,0.000000e+00,0.000000e+00,0.000000e+00,0.000000e+00,0.000000e+00
1.000000e+00,0.000000e+00,0.000000e+00,0.000000e+00,0.000000e+00,0.000000e+00,0.000000e+00,0.000000e+00,0.000000e+00,0.000000e+00,0.000000e+00,0.000000e+00,0.000000e+00,0.000000e+00,0.000000e+00
1.000000e+00,0.000000e+00,0.000000e+00,0.000000e+00,0.000000e+00,0.000000e+00,0.000000e+00,0.000000e+00,0.000000e+00,0.000000e+00,0.000000e+00,0.000000e+00,0.000000e+00,0.000000e+00,0.000000e+00
1.000000e+00,0.000000e+00,0.000000e+00,0.000000e+00,0.000000e+00,0.000000e+00,0.000000e+00,0.000000e+00,0.000000e+00,0.000000e+00,0.000000e+00,0.000000e+00,0.000000e+00,0.000000e+00,0.000000e+00
1.000000e+00,0.000000e+00,0.000000e+00,0.000000e+00,0.000000e+00,0.000000e+00,0.000000e+00,0.000000e+00,0.000000e+00,0.000000e+00,0.000000e+00,0.000000e+00,0.000000e+00,0.000000e+00,0.000000e+00
1.000000e+00,0.000000e+00,0.000000e+00,0.000000e+00,0.000000e+00,0.000000e+00,0.000000e+00,0.000000e+00,0.000000e+00,0.000000e+00,0.000000e+00,0.000000e+00,0.000000e+00,0.000000e+00,0.000000e+00
1.000000e+00,0.000000e+00,0.000000e+00,0.000000e+00,0.000000e+00,0.000000e+00,0.000000e+00,0.000000e+00,0.000000e+00,0.000000e+00,0.000000e+00,0.000000e+00,0.000000e+00,0.000000e+00,0.000000e+00
4.050947e-01,2.410264e-02,1.020546e-01,5.785762e-02,9.193493e-03,1.244272e-01,1.476729e-02,1.238984e-01,8.610942e-03,2.491957e-03,4.161960e-02,4.053687e-02,1.549670e-02,6.116824e-03,2.373108e-02
3.335552e-01,1.788580e-02,1.637749e-01,4.797758e-02,7.224569e-03,1.104450e-01,4.931536e-02,1.681791e-01,6.364333e-03,1.931872e-03,2.983566e-02,2.922685e-02,1.226846e-02,4.662535e-03,1.735274e-02
2.835752e-01,1.321323e-02,1.796177e-01,4.110624e-02,5.690956e-03,9.944239e-02,5.932596e-02,2.428006e-01,4.794330e-03,1.485009e-03,2.133485e-02,2.100897e-02,9.842951e-03,3.748324e-03,1.301325e-02
2.306725e-01,9.713588e-03,1.571310e-01,3.262849e-02,4.821650e-03,7.433926e-02,5.535059e-02,3.791654e-01,3.703474e-03,1.151245e-03,1.533729e-02,1.484488e-02,7.104342e-03,3.625050e-03,1.041130e-02
1.991924e-01,7.272211e-03,1.341502e-01,2.520198e-02,3.960362e-03,5.666985e-02,5.611705e-02,4.739230e-01,2.947842e-03,9.016759e-04,1.126443e-02,1.060472e-02,5.239124e-03,3.485772e-03,9.069359e-03
1.701702e-01,5.291674e-03,1.098699e-01,1.953195e-02,3.223342e-03,4.163522e-02,4.826061e-02,5.687304e-01,2.249405e-03,6.954546e-04,8.336738e-03,7.559466e-03,3.917112e-03,3.078970e-03,7.449550e-03
1.578758e-01,4.573643e-03,9.145305e-02,1.701008e-02,3.501531e-03,3.154334e-02,4.797702e-02,6.149625e-01,2.101589e-03,6.211196e-04,7.209997e-03,5.860445e-03,3.501992e-03,3.988867e-03,7.819030e-03
2.126257e-01,4.484630e-03,7.751938e-02,1.594939e-02,4.071457e-03,2.762447e-02,4.336040e-02,5.695946e-01,2.695920e-03,8.057478e-04,8.117072e-03,5.641318e-03,4.625855e-03,7.476724e-03,1.540735e-02
2.241234e-01,4.447562e-03,6.599659e-02,1.521456e-02,4.687249e-03,2.558392e-02,4.462402e-02,5.686522e-01,2.598127e-03,8.149307e-04,7.830530e-03,5.123166e-03,5.174283e-03,8.349570e-03,1.677991e-02
2.625257e-01,4.754779e-03,5.466301e-02,1.327330e-02,5.353779e-03,2.428494e-02,4.486552e-02,5.416517e-01,2.390618e-03,9.114520e-04,7.689150e-03,5.252138e-03,5.924881e-03,8.245476e-03,1.821357e-02
2.990315e-01,5.679152e-03,5.394297e-02,1.207743e-02,6.052739e-03,2.524842e-02,4.282947e-02,4.925894e-01,2.582160e-03,1.325590e-03,9.398673e-03,6.747711e-03,6.939690e-03,1.057993e-02,2.497518e-02
3.260539e-01,5.224654e-03,6.815340e-02,1.059319e-02,6.157924e-03,2.350545e-02,4.012085e-02,4.565336e-01,2.490962e-03,1.824740e-03,9.049477e-03,7.041840e-03,6.436009e-03,1.017965e-02,2.663435e-02
3.415833e-01,5.247224e-03,6.532310e-02,9.608960e-03,6.706496e-03,2.346857e-02,3.805354e-02,4.376746e-01,2.790621e-03,2.739543e-03,8.815115e-03,6.448281e-03,5.842602e-03,1.165535e-02,3.404274e-02
3.137583e-01,5.247396e-03,5.327699e-02,8.193647e-03,7.080570e-03,2.160162e-02,3.849231e-02,4.656124e-01,3.043922e-03,3.523036e-03,9.293152e-03,6.062620e-03,5.822858e-03,1.237767e-02,4.661350e-02
2.373797e-01,1.366545e-02,4.877800e-02,9.644430e-03,8.347764e-03,2.490163e-02,4.103545e-02,4.777501e-01,7.716668e-03,8.041384e-03,2.008300e-02,9.255791e-03,1.623282e-02,1.238225e-02,6.478563e-02
1.734427e-01,2.185068e-02,3.829353e-02,9.536495e-02,6.732233e-03,1.964081e-02,2.900185e-02,3.854979e-01,1.964029e-02,3.581081e-02,5.589283e-02,1.694256e-02,2.607824e-02,1.515010e-02,6.066055e-02
1.228970e-01,2.123715e-02,2.808390e-02,1.389342e-01,5.016582e-03,1.495078e-02,2.046000e-02,2.737077e-01,4.029409e-02,4.984663e-02,1.241632e-01,2.015952e-02,6.948476e-02,1.197601e-02,5.878837e-02
8.746176e-02,2.241316e-02,2.064114e-02,1.449698e-01,3.820952e-03,1.150516e-02,1.453516e-02,1.924766e-01,4.542205e-02,4.028447e-02,1.912164e-01,2.445071e-02,1.075130e-01,1.065388e-02,8.263581e-02
6.263201e-02,1.794355e-02,1.515642e-02,1.772936e-01,3.089501e-03,8.779249e-03,1.026690e-02,1.367250e-01,6.363157e-02,3.135143e-02,1.930244e-01,2.181490e-02,1.787126e-01,9.378515e-03,7.020041e-02
4.485061e-02,1.392845e-02,1.149427e-02,1.595508e-01,2.603487e-03,6.831869e-03,7.349009e-03,9.663714e-02,6.042548e-02,3.981927e-02,1.733084e-01,1.743395e-02,2.197258e-01,1.078554e-02,1.352559e-01
3.387554e-02,1.071136e-02,1.424961e-02,1.300791e-01,5.387257e-03,5.266938e-03,5.532437e-03,6.947928e-02,5.018528e-02,5.766868e-02,1.498880e-01,1.344465e-02,1.778585e-01,1.104021e-02,2.653331e-01
2.453106e-02,8.128997e-03,1.384086e-02,1.142741e-01,5.149897e-03,4.244328e-03,4.021861e-03,4.904267e-02,4.223957e-02,4.490816e-02,1.316245e-01,1.033678e-02,1.573817e-01,1.062760e-02,3.796480e-01
1.746967e-02,6.282163e-03,1.174746e-02,8.987574e-02,5.579226e-03,3.254620e-03,2.995086e-03,3.467432e-02,3.394211e-02,3.518369e-02,1.123121e-01,7.829541e-03,1.366899e-01,8.127254e-03,4.940372e-01
1.285934e-02,6.773901e-03,1.688362e-02,7.865013e-02,8.603683e-03,2.553743e-03,2.220204e-03,4.061683e-02,6.423438e-02,2.920047e-02,1.329078e-01,1.124082e-02,1.236236e-01,8.504128e-03,4.611274e-01
9.235124e-03,8.752821e-03,1.384368e-02,5.701662e-02,7.029809e-03,1.961153e-03,1.712101e-03,3.243730e-02,6.095494e-02,2.142720e-02,9.860322e-02,8.789197e-03,9.455438e-02,7.083779e-03,5.765986e-01
1.021030e-02,1.116893e-02,1.107763e-02,4.732050e-02,5.803233e-03,2.239623e-03,1.365885e-03,3.095369e-02,7.232684e-02,1.718030e-02,7.939772e-02,9.378875e-03,7.576115e-02,7.993372e-03,6.178219e-01
1.730076e-02,1.262231e-02,1.063865e-02,3.820214e-02,7.519478e-03,2.678927e-03,1.094519e-03,2.542513e-02,6.415418e-02,1.406434e-02,6.764833e-02,8.101800e-03,6.144918e-02,1.682672e-02,6.522735e-01
1.493318e-02,1.103224e-02,1.395956e-02,7.628218e-02,1.184180e-02,2.312974e-03,9.160186e-04,4.549323e-02,5.788822e-02,1.109329e-02,5.714473e-02,7.033908e-03,5.635586e-02,1.549303e-02,6.182197e-01
6.810477e-02,1.763244e-02,4.499212e-02,6.978586e-02,2.086691e-02,1.190762e-02,1.185587e-03,3.550069e-02,5.805106e-02,9.839195e-03,5.629174e-02,6.454168e-03,4.416588e-02,1.607343e-02,5.391484e-01
1.009822e-01,1.809987e-02,1.390446e-01,7.209593e-02,2.211494e-02,3.174486e-02,1.155159e-03,2.811578e-02,5.086178e-02,8.558137e-03,4.541915e-02,5.955808e-03,3.449787e-02,1.298304e-02,4.283708e-01
1.301734e-01,2.489832e-02,2.625534e-01,6.714275e-02,2.431271e-02,3.635383e-02,1.302227e-03,2.079159e-02,4.006036e-02,9.676618e-03,3.363732e-02,5.201108e-03,2.524029e-02,9.812521e-03,3.088436e-01
1.145445e-01,8.910855e-02,2.876042e-01,5.868664e-02,4.158857e-02,3.014991e-02,2.159429e-03,1.534222e-02,5.908617e-02,9.877142e-03,2.435907e-02,3.992070e-03,1.921727e-02,7.260486e-03,2.370238e-01
9.077609e-02,8.228283e-02,3.302787e-01,9.451677e-02,8.701675e-02,2.713158e-02,8.285757e-03,1.188273e-02,5.121131e-02,7.739091e-03,1.753460e-02,3.122671e-03,1.444732e-02,5.235628e-03,1.685382e-01
6.959297e-02,7.311179e-02,3.841846e-01,1.566601e-01,7.645786e-02,2.080457e-02,7.903794e-03,9.497115e-03,4.354329e-02,6.402904e-03,1.242723e-02,2.302781e-03,1.063211e-02,3.711516e-03,1.227674e-01
7.174619e-02,9.637396e-02,3.790872e-01,1.506333e-01,8.680606e-02,2.031660e-02,1.131614e-02,9.893763e-03,5.046012e-02,6.230190e-03,8.879757e-03,1.894171e-03,8.317068e-03,2.718211e-03,9.532738e-02
5.663659e-02,7.994987e-02,3.882118e-01,2.388981e-01,7.082765e-02,1.572710e-02,9.056170e-03,8.607905e-03,3.904252e-02,5.986541e-03,6.415962e-03,1.503204e-03,5.967827e-03,1.951141e-03,7.121774e-02
7.405376e-02,7.960766e-02,3.478895e-01,2.462745e-01,8.803156e-02,1.855459e-02,1.486305e-02,1.258071e-02,3.747853e-02,5.629038e-03,5.453790e-03,2.046866e-03,5.086927e-03,1.903238e-03,6.054632e-02
7.792777e-02,6.782972e-02,2.909288e-01,3.141943e-01,8.721834e-02,2.266980e-02,1.258960e-02,1.505803e-02,4.043365e-02,5.025768e-03,8.185251e-03,5.792433e-03,4.436777e-03,1.504036e-03,4.620571e-02
6.315355e-02,5.261724e-02,2.187169e-01,2.264686e-01,6.690814e-02,1.651159e-01,9.025924e-03,1.163167e-02,3.293997e-02,6.825556e-03,8.950405e-03,4.814847e-03,3.574573e-03,7.864490e-03,1.213923e-01
5.480725e-02,3.977721e-02,1.563465e-01,1.603984e-01,5.957771e-02,3.457079e-01,6.540924e-03,8.906667e-03,2.479772e-02,6.781250e-03,8.887979e-03,3.985444e-03,3.134778e-03,1.202301e-02,1.083273e-01
4.051932e-02,4.681244e-02,1.183914e-01,2.090191e-01,5.212436e-02,3.249814e-01,4.765301e-03,7.481636e-03,2.268267e-02,2.036048e-02,1.076279e-02,3.476816e-03,3.164873e-03,9.582191e-03,1.258753e-01
2.872196e-02,3.603554e-02,8.892486e-02,1.479876e-01,3.745202e-02,2.459670e-01,3.395694e-03,5.377193e-03,2.072154e-02,1.080646e-01,9.314678e-03,3.447892e-03,3.249417e-03,9.886684e-03,2.514533e-01
2.031216e-02,2.596282e-02,6.330048e-02,1.036416e-01,2.636035e-02,1.737090e-01,2.399133e-03,3.790441e-03,1.628131e-02,2.876212e-01,6.825680e-03,2.737010e-03,2.582955e-03,1.465803e-02,2.498178e-01
1.425234e-02,1.835769e-02,4.438594e-02,7.255506e-02,1.855562e-02,1.217932e-01,1.695574e-03,2.655968e-03,1.214486e-02,4.292028e-01,5.488045e-03,1.984176e-03,2.104631e-03,2.940442e-02,2.254197e-01
1.038286e-02,1.305564e-02,3.111995e-02,5.079857e-02,1.332372e-02,8.541691e-02,1.208577e-03,1.867713e-03,1.105496e-02,4.549156e-01,5.483112e-03,1.693288e-03,2.081085e-03,1.304857e-01,1.871123e-01
7.765493e-03,9.507461e-03,2.186815e-02,3.557390e-02,9.563927e-03,6.006893e-02,8.648621e-04,1.319800e-03,1.344990e-02,3.654867e-01,6.482133e-03,1.506372e-03,2.157174e-03,2.978331e-01,1.665521e-01
5.855199e-03,6.853454e-03,1.556619e-02,2.491951e-02,6.774790e-03,4.234513e-02,6.256095e-04,9.697182e-04,1.938419e-02,2.889979e-01,9.226542e-03,1.374745e-03,1.695415e-03,4.484964e-01,1.269153e-01
4.534450e-03,5.072566e-03,1.100776e-02,1.745654e-02,4.786836e-03,2.992422e-02,4.580303e-04,7.160527e-04,2.000636e-02,2.304977e-01,1.173697e-02,1.098241e-03,1.233033e-03,5.696161e-01,9.185515e-02
4.303284e-03,4.274778e-03,1.074311e-02,1.321425e-02,3.516454e-03,2.248404e-02,4.541439e-04,1.799589e-03,4.022299e-02,1.886662e-01,1.502164e-02,1.341953e-03,1.173593e-03,6.242152e-01,6.856882e-02
5.239697e-03,3.984735e-03,1.254148e-02,1.009430e-02,2.834920e-03,1.697992e-02,4.009476e-04,1.683215e-03,6.557550e-02,1.530131e-01,1.654441e-02,1.276578e-03,1.283984e-03,6.568477e-01,5.169957e-02
8.015084e-03,1.104350e-02,2.552879e-02,9.109649e-03,6.052536e-03,1.366704e-02,3.894801e-04,1.798899e-03,1.169038e-01,1.286687e-01,2.099282e-02,1.089146e-03,1.556247e-03,6.149964e-01,4.018798e-02
2.513820e-02,8.466249e-03,2.201112e-02,6.961335e-03,6.212936e-03,1.161325e-02,3.464069e-04,4.440400e-03,1.537013e-01,1.836481e-01,2.749544e-02,1.035349e-03,1.362648e-03,5.163592e-01,3.120799e-02
3.812579e-02,6.811348e-03,1.829517e-02,5.372393e-03,6.132198e-03,1.014749e-02,3.272848e-04,5.107092e-03,1.693545e-01,2.216238e-01,3.019080e-02,1.162400e-03,1.320693e-03,4.618018e-01,2.422717e-02
5.998371e-02,6.123468e-03,1.545417e-02,6.139535e-03,6.885017e-03,1.065089e-02,4.695954e-04,1.058429e-02,1.430220e-01,2.977265e-01,3.847497e-02,2.413995e-03,1.627095e-03,3.789716e-01,2.147302e-02
8.156315e-02,9.603806e-03,1.259723e-02,6.895225e-03,8.151704e-03,1.120079e-02,5.217880e-04,8.703978e-03,1.110424e-01,3.625222e-01,4.400221e-02,6.549281e-03,3.782789e-03,3.062009e-01,2.666266e-02
7.128420e-02,1.502282e-02,2.829723e-02,1.204372e-02,1.055622e-02,1.048619e-02,4.445043e-04,7.605566e-03,1.073168e-01,4.192258e-01,3.896262e-02,8.387337e-03,5.936284e-03,2.370482e-01,2.738253e-02
5.692567e-02,1.511239e-02,2.242507e-02,1.566423e-02,1.178066e-02,1.389564e-02,4.100525e-04,6.030418e-03,1.335669e-01,4.693927e-01,3.498116e-02,1.028362e-02,1.401995e-02,1.687607e-01,2.675081e-02
5.196017e-02,1.677231e-02,2.340046e-02,1.674167e-02,1.524334e-02,1.843832e-02,4.166632e-04,1.558070e-02,1.396160e-01,4.951903e-01,3.470579e-02,9.144596e-03,1.670047e-02,1.215287e-01,2.456040e-02
5.852918e-02,2.588825e-02,1.810796e-02,1.548666e-02,2.831647e-02,1.907109e-02,6.755983e-04,1.915950e-02,2.266110e-01,4.370187e-01,2.564564e-02,7.236291e-03,1.254447e-02,8.660950e-02,1.909970e-02
5.642637e-02,3.905570e-02,1.318258e-02,1.240711e-02,3.449837e-02,2.196245e-02,7.766733e-04,1.748591e-02,3.393225e-01,3.554869e-01,1.861381e-02,5.613972e-03,9.206748e-03,6.148982e-02,1.447115e-02
5.491683e-02,4.909482e-02,1.169101e-02,2.997263e-02,5.802519e-02,1.905602e-02,3.259433e-03,8.133015e-02,3.198802e-01,2.865404e-01,1.409371e-02,5.027081e-03,7.099199e-03,4.422304e-02,1.579034e-02
5.522516e-02,4.533401e-02,8.696566e-03,2.590862e-02,8.710290e-02,3.495776e-02,3.074190e-03,8.910359e-02,3.616994e-01,2.182072e-01,1.061464e-02,4.083913e-03,5.604677e-03,3.262733e-02,1.776005e-02
6.096970e-02,5.690587e-02,6.557821e-03,2.099806e-02,9.900452e-02,4.873101e-02,2.838620e-03,7.981227e-02,3.799057e-01,1.861675e-01,8.465895e-03,3.339561e-03,4.607098e-03,2.566885e-02,1.602755e-02
7.753775e-02,5.059534e-02,8.540452e-03,4.862190e-02,1.048939e-01,4.968705e-02,3.496792e-03,1.259837e-01,3.140988e-01,1.546575e-01,8.027595e-03,5.003706e-03,3.789302e-03,2.005098e-02,2.501532e-02
8.735314e-02,4.482346e-02,2.146499e-02,1.247426e-01,1.123444e-01,4.397448e-02,3.520399e-03,1.260602e-01,2.570769e-01,1.183530e-01,7.631134e-03,6.879625e-03,3.726911e-03,1.506599e-02,2.698286e-02
1.272803e-01,1.234969e-01,2.783407e-02,9.609191e-02,1.031728e-01,5.274707e-02,2.997351e-03,1.125639e-01,2.039102e-01,8.753510e-02,6.645064e-03,6.253019e-03,3.382357e-03,1.463983e-02,3.145024e-02
2.014371e-01,1.033518e-01,3.321107e-02,7.635295e-02,1.097702e-01,6.661975e-02,2.981322e-03,1.027341e-01,1.773193e-01,7.037583e-02,6.450707e-03,6.319224e-03,3.234262e-03,1.308378e-02,2.675860e-02
2.900723e-01,8.461946e-02,3.368782e-02,6.167225e-02,1.094214e-01,6.514554e-02,3.227719e-03,9.890621e-02,1.443950e-01,5.880468e-02,6.187922e-03,6.238007e-03,3.281018e-03,1.032180e-02,2.401885e-02
3.582452e-01,7.264087e-02,3.167077e-02,7.478835e-02,9.648478e-02,6.418090e-02,4.327449e-03,9.306283e-02,1.092776e-01,4.314178e-02,6.615373e-03,1.020242e-02,4.718711e-03,7.906779e-03,2.273620e-02
2.568296e-01,6.054018e-02,2.599751e-02,2.238786e-01,7.140292e-02,6.503755e-02,3.238230e-03,6.557012e-02,8.446766e-02,4.486262e-02,5.143752e-02,8.596675e-03,5.344797e-03,6.084345e-03,2.671165e-02
1.842633e-01,4.570098e-02,1.878665e-02,1.685366e-01,5.067148e-02,5.158898e-02,2.635717e-03,4.618126e-02,1.269927e-01,1.972535e-01,4.997315e-02,6.525434e-03,1.010437e-02,6.477283e-03,3.430863e-02
1.382768e-01,3.292818e-02,1.336160e-02,1.190114e-01,3.588832e-02,3.790846e-02,1.941189e-03,3.245222e-02,9.845458e-02,3.938201e-01,3.815191e-02,4.838641e-03,1.112627e-02,6.220500e-03,3.561976e-02
1.296249e-01,2.459057e-02,9.783724e-03,8.399339e-02,2.601994e-02,2.802018e-02,1.430618e-03,2.296057e-02,7.754469e-02,4.912137e-01,3.152730e-02,3.745616e-03,1.381269e-02,8.886041e-03,4.684609e-02
1.488607e-01,1.792456e-02,7.351351e-03,5.922448e-02,1.851736e-02,2.158627e-02,1.067551e-03,1.626421e-02,5.864488e-02,4.802977e-01,2.504931e-02,3.333356e-03,1.255825e-02,2.165841e-02,1.076616e-01
1.371351e-01,1.300349e-02,5.671763e-03,4.175691e-02,1.312880e-02,1.687128e-02,8.032903e-04,1.152903e-02,4.427386e-02,3.889861e-01,2.108749e-02,3.126935e-03,1.190614e-02,3.365308e-02,2.570667e-01
1.003040e-01,9.233853e-03,4.085782e-03,2.925681e-02,9.222388e-03,1.197042e-02,5.658819e-04,8.081158e-03,3.121159e-02,2.804470e-01,1.591701e-02,2.358178e-03,9.043174e-03,2.994877e-02,4.583539e-01
7.076706e-02,8.797606e-03,3.136617e-03,2.056493e-02,6.541661e-03,8.518273e-03,4.114366e-04,5.729966e-03,3.139585e-02,1.980730e-01,1.227455e-02,2.298459e-03,8.362979e-03,2.301453e-02,6.001131e-01
4.978796e-02,8.417618e-03,2.277885e-03,1.444465e-02,4.615908e-03,6.073973e-03,2.922386e-04,4.038595e-03,2.725059e-02,1.398558e-01,9.016296e-03,2.042628e-03,6.467837e-03,1.691992e-02,7.084981e-01
3.494143e-02,1.973766e-02,1.837712e-03,1.028232e-02,3.309089e-03,5.427220e-03,2.788922e-04,3.190316e-03,5.583789e-02,9.848840e-02,7.747470e-03,2.913592e-03,6.795283e-03,1.287979e-02,7.363330e-01
2.453741e-02,2.790629e-02,1.441756e-03,7.432358e-03,2.574231e-03,5.070437e-03,8.044376e-04,3.204988e-03,1.145604e-01,6.970689e-02,8.153584e-03,4.172125e-03,8.416136e-03,1.142083e-02,7.105982e-01
1.728034e-02,3.638968e-02,1.103753e-03,5.812077e-03,3.408702e-03,4.905221e-03,1.216675e-03,2.954024e-03,2.190122e-01,4.946827e-02,9.300902e-03,4.304112e-03,1.036129e-02,9.061972e-03,6.254207e-01
1.253090e-02,6.142246e-02,1.041947e-03,1.034078e-02,4.283436e-03,1.060429e-02,9.828745e-04,5.834896e-03,2.753264e-01,3.618945e-02,1.398178e-02,4.568074e-03,1.066358e-02,1.433976e-02,5.378894e-01
9.423072e-03,7.427274e-02,1.337200e-03,1.184941e-02,7.708360e-03,1.587824e-02,8.347176e-04,1.301599e-02,3.591754e-01,2.759783e-02,1.960789e-02,4.120313e-03,1.174591e-02,1.693462e-02,4.264983e-01
8.813923e-03,1.356815e-01,2.324718e-03,1.347990e-02,1.179413e-02,2.146890e-02,6.795122e-04,1.425770e-02,3.895144e-01,2.760435e-02,1.697095e-02,3.366216e-03,1.401375e-02,1.573310e-02,3.242970e-01
8.193984e-03,1.945297e-01,3.850581e-03,3.367408e-02,1.235794e-02,1.973738e-02,5.923223e-04,1.381961e-02,3.908801e-01,3.040417e-02,1.845126e-02,3.234952e-03,1.558972e-02,1.294510e-02,2.417391e-01
1.030781e-02,2.380789e-01,6.883090e-03,3.634023e-02,1.275268e-02,1.771849e-02,5.355697e-04,1.227652e-02,3.835697e-01,2.878587e-02,1.910077e-02,3.778557e-03,2.318105e-02,1.063490e-02,1.960559e-01
1.294936e-02,1.902830e-01,1.310685e-02,2.802027e-02,1.285117e-02,1.693286e-02,2.303992e-03,6.777410e-02,3.499300e-01,2.283170e-02,1.853681e-02,4.218629e-03,2.932383e-02,1.099402e-02,2.199434e-01
2.695119e-02,1.602759e-01,1.380963e-02,2.139624e-02,1.845413e-02,2.091159e-02,2.250066e-03,6.621370e-02,3.971503e-01,1.733720e-02,1.407999e-02,4.561303e-03,3.294370e-02,1.001039e-02,1.936547e-01
5.799882e-02,1.648038e-01,1.337759e-02,1.805059e-02,2.299467e-02,2.792262e-02,2.428422e-03,6.475259e-02,3.791242e-01,1.328323e-02,1.081586e-02,4.335641e-03,3.984410e-02,1.032768e-02,1.699403e-01
6.155204e-02,1.464404e-01,1.960884e-02,1.682027e-02,3.083291e-02,2.708459e-02,3.778046e-03,9.784834e-02,3.622992e-01,1.062040e-02,8.609571e-03,4.237690e-03,4.352026e-02,9.071464e-03,1.576760e-01
8.411188e-02,1.159168e-01,2.337381e-02,1.814655e-02,6.062248e-02,3.835265e-02,5.475760e-03,9.265008e-02,3.411707e-01,1.061453e-02,8.520808e-03,4.969052e-03,5.299603e-02,1.007288e-02,1.330059e-01
9.361610e-02,8.290261e-02,2.610533e-02,6.387233e-02,9.618599e-02,3.132322e-02,6.833580e-03,1.850814e-01,2.500539e-01,8.144759e-03,7.504748e-03,7.257539e-03,3.978148e-02,7.364593e-03,9.397243e-02
1.481323e-01,6.088364e-02,3.125539e-02,1.101194e-01,1.548055e-01,3.439449e-02,5.560787e-03,1.360764e-01,1.806764e-01,7.583941e-03,9.509638e-03,1.598414e-02,3.188120e-02,5.546485e-03,6.759023e-02
1.957763e-01,4.606198e-02,3.408241e-02,9.089538e-02,2.409125e-01,3.368922e-02,5.788193e-03,1.008534e-01,1.306995e-01,7.152295e-03,8.898621e-03,1.699831e-02,2.428689e-02,4.592787e-03,5.931219e-02
2.374426e-01,4.569674e-02,6.918992e-02,1.021410e-01,2.176890e-01,3.426128e-02,7.435731e-03,7.679430e-02,9.419144e-02,7.135104e-03,8.342145e-03,2.232705e-02,2.104883e-02,3.726813e-03,5.257799e-02
3.292476e-01,4.415809e-02,6.091009e-02,9.734522e-02,2.084742e-01,2.807203e-02,7.888472e-03,5.624916e-02,6.979987e-02,6.979007e-03,7.193989e-03,1.997028e-02,1.645247e-02,3.122464e-03,4.413702e-02
3.257384e-01,5.415758e-02,5.692679e-02,8.188153e-02,2.616990e-01,2.946557e-02,1.119632e-02,4.470185e-02,5.459525e-02,5.958640e-03,6.498877e-03,1.577197e-02,1.263319e-02,2.612700e-03,3.616230e-02
2.597134e-01,7.191417e-02,5.515745e-02,1.427162e-01,2.804220e-01,2.978064e-02,1.723946e-02,3.554537e-02,4.125416e-02,5.301228e-03,6.000572e-03,1.347033e-02,1.046288e-02,2.166327e-03,2.885583e-02
3.242507e-01,7.807864e-02,4.344457e-02,1.192754e-01,2.577322e-01,3.140777e-02,1.728779e-02,2.826336e-02,3.300931e-02,4.621675e-03,5.688402e-03,1.779579e-02,9.848642e-03,2.399124e-03,2.689666e-02
3.441229e-01,8.492564e-02,3.605335e-02,1.079235e-01,2.379967e-01,4.630288e-02,2.008782e-02,2.663245e-02,2.504187e-02,4.619554e-03,5.884571e-03,2.085596e-02,9.981074e-03,2.957250e-03,2.661449e-02
3.345434e-01,7.060896e-02,2.801857e-02,9.074909e-02,2.163016e-01,7.892570e-02,2.488426e-02,4.391083e-02,2.217712e-02,3.660412e-03,7.917363e-03,2.315057e-02,2.917976e-02,5.424507e-03,2.054784e-02
2.641601e-01,5.541406e-02,2.204872e-02,7.130886e-02,1.795926e-01,1.186645e-01,3.976355e-02,1.194427e-01,1.950008e-02,2.882720e-03,7.923167e-03,1.789302e-02,6.138032e-02,4.367459e-03,1.565809e-02
1.972147e-01,4.004572e-02,1.946297e-02,5.436332e-02,1.352033e-01,1.218104e-01,1.302547e-01,1.185214e-01,1.472968e-02,2.148415e-03,6.772825e-03,1.321593e-02,1.311083e-01,3.181965e-03,1.196637e-02
1.443254e-01,2.871336e-02,1.427727e-02,3.954870e-02,1.017586e-01,1.493683e-01,1.109587e-01,1.009470e-01,1.089695e-02,2.377376e-03,7.331733e-03,9.946156e-03,2.654577e-01,2.346722e-03,1.174602e-02
1.028089e-01,2.120588e-02,1.151660e-02,2.988620e-02,7.789532e-02,2.113633e-01,1.012150e-01,7.181796e-02,8.702493e-03,3.922453e-03,6.310518e-03,8.310718e-03,3.298140e-01,1.712143e-03,1.351848e-02
7.378164e-02,1.703545e-02,1.060801e-02,2.746019e-02,5.760998e-02,2.512563e-01,9.041142e-02,5.269264e-02,1.591530e-02,2.307042e-02,6.907049e-03,2.095088e-02,3.318086e-01,1.439077e-03,1.905300e-02
5.751089e-02,1.309167e-02,8.979276e-03,2.208580e-02,4.472510e-02,1.819528e-01,8.115502e-02,3.796476e-02,1.340939e-02,1.715267e-02,7.809028e-03,2.635887e-02,4.429284e-01,1.078405e-03,4.379792e-02
4.500418e-02,9.894772e-03,8.430123e-03,1.651320e-02,3.694892e-02,1.316447e-01,6.425785e-02,2.734208e-02,1.108688e-02,1.244286e-02,7.370197e-03,2.183639e-02,5.329804e-01,7.997308e-04,7.344780e-02
4.675575e-02,7.389155e-03,1.004018e-02,1.220772e-02,2.743274e-02,1.026316e-01,5.073274e-02,2.200770e-02,9.496273e-03,9.269320e-03,1.124750e-02,3.094314e-02,5.639807e-01,7.783301e-04,9.508721e-02
5.935581e-02,6.748088e-03,1.359809e-02,1.053724e-02,2.093066e-02,8.739452e-02,4.150094e-02,1.854548e-02,8.725915e-03,7.505609e-03,1.416906e-02,4.084059e-02,5.660865e-01,8.340413e-04,1.032275e-01
5.231938e-02,5.812469e-03,1.133703e-02,8.915049e-03,1.674857e-02,6.541584e-02,3.056658e-02,1.689895e-02,1.358682e-02,6.974972e-03,1.725360e-02,4.097312e-02,5.799767e-01,1.316129e-03,1.319048e-01
3.978403e-02,4.535431e-03,8.307227e-03,6.449590e-03,1.735135e-02,4.675880e-02,3.058153e-02,1.325343e-02,1.834407e-02,5.495808e-03,1.461921e-02,3.998480e-02,6.109917e-01,1.096418e-03,1.424466e-01
3.087612e-02,4.161174e-03,6.610743e-03,4.608229e-03,1.892841e-02,3.332864e-02,3.288528e-02,1.063149e-02,2.195568e-02,4.409892e-03,1.159398e-02,3.601513e-02,6.055404e-01,1.029593e-03,1.774252e-01
2.429755e-02,4.776652e-03,7.399667e-03,3.339586e-03,1.986667e-02,2.398671e-02,2.770517e-02,1.324865e-02,2.822708e-02,3.412518e-03,9.429433e-03,3.906383e-02,6.194502e-01,1.019518e-03,1.747768e-01
1.828309e-02,5.508999e-03,1.338645e-02,2.454745e-03,2.267096e-02,1.752632e-02,2.632404e-02,1.803252e-02,2.857527e-02,2.982728e-03,8.286934e-03,4.149099e-02,6.272537e-01,1.142006e-03,1.660812e-01
1.435246e-02,7.247572e-03,1.597280e-02,2.095212e-03,2.289581e-02,1.514515e-02,2.391832e-02,3.177001e-02,2.909233e-02,3.494679e-03,7.523141e-03,4.087021e-02,6.383423e-01,1.245038e-03,1.460349e-01
2.133903e-02,9.500932e-03,2.288073e-02,2.044738e-03,2.914670e-02,6.048820e-02,1.729134e-02,2.761722e-02,3.115397e-02,5.428617e-03,7.970003e-03,3.138151e-02,6.040624e-01,1.750311e-03,1.279442e-01
1.888745e-02,7.505525e-03,3.382285e-02,2.647506e-03,3.951125e-02,1.972732e-01,1.839470e-02,3.934757e-02,2.764378e-02,5.839820e-03,6.992657e-03,2.412431e-02,4.690628e-01,1.440734e-03,1.075059e-01
2.674786e-02,6.379219e-03,7.287681e-02,2.041307e-02,5.638850e-02,1.810843e-01,1.683398e-02,1.262012e-01,2.575307e-02,5.798412e-03,6.371438e-03,1.911163e-02,3.541813e-01,1.146733e-03,8.071230e-02
4.157193e-02,5.994769e-03,9.295957e-02,1.827946e-02,7.663363e-02,1.336857e-01,2.876957e-02,2.044502e-01,2.562015e-02,4.646965e-03,5.752400e-03,1.474736e-02,2.824011e-01,9.449514e-04,6.354225e-02
7.325110e-02,1.571460e-02,9.096073e-02,1.795829e-02,9.576409e-02,9.724940e-02,2.499930e-02,1.900466e-01,5.543646e-02,4.535045e-03,5.356148e-03,1.224140e-02,2.536070e-01,9.873041e-04,6.189242e-02
7.825342e-02,2.126779e-02,8.777176e-02,1.838145e-02,1.408527e-01,7.670847e-02,2.557750e-02,1.992677e-01,7.376057e-02,4.423745e-03,4.420317e-03,9.339090e-03,1.973644e-01,8.941128e-04,6.171701e-02
7.161325e-02,1.965717e-02,6.981885e-02,1.658433e-02,1.258317e-01,5.638271e-02,2.183313e-02,3.417427e-01,6.143520e-02,3.473999e-03,3.427638e-03,7.282422e-03,1.409939e-01,8.149763e-04,5.910802e-02
5.738514e-02,1.571980e-02,5.360103e-02,1.593153e-02,9.851595e-02,4.428017e-02,2.503214e-02,4.813917e-01,4.494555e-02,2.745160e-03,2.613314e-03,5.428571e-03,1.024728e-01,6.677515e-04,4.926940e-02
4.427255e-02,1.147250e-02,4.023204e-02,1.391269e-02,7.368629e-02,3.298733e-02,2.563389e-02,6.058137e-01,3.188687e-02,2.021215e-03,1.987505e-03,4.164304e-03,7.334200e-02,5.043941e-04,3.808273e-02
4.141173e-02,9.231102e-03,3.147209e-02,1.147121e-02,6.031604e-02,2.752270e-02,2.663060e-02,6.795819e-01,2.431811e-02,1.719361e-03,2.011542e-03,3.625030e-03,5.247488e-02,4.477105e-04,2.776598e-02
4.824252e-02,7.516993e-03,2.808122e-02,1.148408e-02,5.615321e-02,2.680151e-02,3.059104e-02,7.044460e-01,1.871828e-02,1.576486e-03,2.995006e-03,3.985049e-03,3.800772e-02,3.938650e-04,2.100708e-02
7.114224e-02,5.926144e-03,4.812263e-02,1.308709e-02,5.325243e-02,6.189358e-02,3.247582e-02,6.354579e-01,1.416018e-02,1.404709e-03,3.199784e-03,4.503801e-03,3.820225e-02,3.550179e-04,1.681642e-02
8.120722e-02,4.918607e-03,8.656615e-02,1.238709e-02,4.464651e-02,1.271104e-01,3.367918e-02,5.358658e-01,1.159598e-02,1.820567e-03,3.225402e-03,4.559365e-03,3.831378e-02,3.183988e-04,1.378565e-02
9.261581e-02,3.852859e-03,8.761538e-02,1.026183e-02,3.738688e-02,1.505519e-01,3.957880e-02,5.163988e-01,9.356110e-03,1.789764e-03,3.517919e-03,4.023568e-03,3.013645e-02,2.867489e-04,1.262724e-02
8.931201e-02,3.170976e-03,6.903964e-02,8.082876e-03,2.752699e-02,1.657805e-01,3.527444e-02,5.461921e-01,6.944163e-03,2.371021e-03,3.440139e-03,3.115309e-03,2.312221e-02,2.929253e-04,1.633474e-02
9.724292e-02,2.888064e-03,5.241269e-02,6.058652e-03,2.043830e-02,1.467547e-01,2.680911e-02,5.913047e-01,5.589561e-03,2.500525e-03,3.296913e-03,2.594035e-03,1.657904e-02,6.402861e-04,2.489052e-02
1.109136e-01,2.636074e-03,4.247918e-02,4.777698e-03,1.594054e-02,1.224457e-01,2.067887e-02,6.296611e-01,4.479732e-03,3.780469e-03,2.949672e-03,2.387293e-03,1.203016e-02,7.063340e-04,2.413367e-02
1.435386e-01,3.008925e-03,4.584741e-02,5.079355e-03,1.375472e-02,1.345733e-01,1.812197e-02,5.690243e-01,3.889018e-03,2.402802e-02,4.017910e-03,3.462679e-03,9.370388e-03,1.701423e-03,2.058195e-02
1.590051e-01,2.970754e-03,4.266095e-02,5.027134e-03,1.241861e-02,1.289406e-01,1.442369e-02,5.570814e-01,3.417593e-03,3.645898e-02,5.068920e-03,3.787419e-03,7.333552e-03,2.030359e-03,1.937498e-02
1.540348e-01,2.666564e-03,3.392237e-02,4.372790e-03,1.007647e-02,1.952278e-01,1.222938e-02,4.957699e-01,2.656732e-03,5.610203e-02,4.914722e-03,3.892501e-03,5.578657e-03,2.325751e-03,1.622952e-02
1.558939e-01,2.381233e-03,2.459121e-02,3.436861e-03,8.339150e-03,2.365876e-01,9.282028e-03,4.207135e-01,2.367615e-03,9.202585e-02,1.154466e-02,8.739704e-03,5.085104e-03,3.225940e-03,1.578565e-02
1.334350e-01,2.918392e-03,1.903417e-02,4.145023e-03,6.909872e-03,2.615967e-01,6.931658e-03,3.078219e-01,2.983787e-03,1.078940e-01,2.875112e-02,8.919964e-02,1.056418e-02,3.413313e-03,1.440124e-02
1.056755e-01,3.466161e-03,1.415678e-02,3.713561e-03,5.721541e-03,2.544549e-01,4.980866e-03,2.168252e-01,3.425402e-03,1.920161e-01,6.962341e-02,9.389631e-02,1.293404e-02,7.199307e-03,1.191090e-02
1.277688e-01,3.096298e-03,1.038242e-02,3.553374e-03,4.545270e-03,2.274095e-01,3.713446e-03,1.536796e-01,3.635210e-03,2.021328e-01,1.387573e-01,8.904564e-02,1.378467e-02,8.964526e-03,9.531129e-03
1.094016e-01,2.969665e-03,8.226693e-03,5.103518e-03,3.908210e-03,1.686587e-01,3.119592e-03,1.085281e-01,9.559949e-03,1.722331e-01,2.051100e-01,1.747290e-01,1.175527e-02,9.123923e-03,7.572792e-03
1.156546e-01,6.098540e-03,7.148689e-03,5.829035e-03,7.172639e-03,1.213526e-01,3.496977e-03,7.771965e-02,9.975830e-02,1.304906e-01,2.029703e-01,1.966964e-01,9.650985e-03,9.349883e-03,6.610856e-03
1.463966e-01,9.822033e-03,9.070580e-03,1.161410e-02,1.621101e-02,8.976390e-02,4.826469e-03,5.940587e-02,1.245086e-01,9.709060e-02,2.071616e-01,2.002585e-01,8.553171e-03,9.045908e-03,6.270988e-03
2.447417e-01,1.896727e-02,1.325043e-02,2.319644e-02,3.564227e-02,7.141508e-02,3.898158e-03,4.887734e-02,1.212823e-01,7.149150e-02,1.584652e-01,1.637549e-01,7.943422e-03,9.205519e-03,7.868496e-03
3.324719e-01,3.194004e-02,1.716013e-02,2.784308e-02,4.143953e-02,5.894678e-02,3.203030e-03,4.106393e-02,1.057608e-01,5.419987e-02,1.249632e-01,1.313046e-01,7.696658e-03,1.097059e-02,1.103592e-02
3.600323e-01,7.191966e-02,2.129309e-02,2.972193e-02,4.049452e-02,5.091097e-02,2.731090e-03,3.382948e-02,8.935662e-02,4.719548e-02,1.056281e-01,1.027926e-01,9.464588e-03,1.377616e-02,2.085338e-02
3.423138e-01,1.153607e-01,1.764033e-02,3.329120e-02,3.839390e-02,4.175523e-02,3.007109e-03,3.086137e-02,9.813125e-02,4.665941e-02,8.922573e-02,8.520149e-02,1.599442e-02,1.631569e-02,2.584846e-02
3.511561e-01,1.122744e-01,1.527254e-02,3.572827e-02,5.095230e-02,3.985162e-02,4.058665e-03,3.174987e-02,1.055629e-01,5.198573e-02,7.273964e-02,6.932765e-02,1.570825e-02,1.953679e-02,2.409524e-02
3.473958e-01,1.137724e-01,1.550791e-02,5.925634e-02,5.215096e-02,4.392114e-02,8.058421e-03,3.647814e-02,9.406188e-02,4.322125e-02,6.065327e-02,6.588805e-02,1.609822e-02,1.752554e-02,2.601062e-02
4.184209e-01,1.062562e-01,1.303443e-02,5.713870e-02,4.981817e-02,4.054245e-02,7.704018e-03,3.042136e-02,7.783828e-02,3.824200e-02,4.960638e-02,5.339760e-02,1.481450e-02,1.674152e-02,2.602354e-02
