1.000000e+00,0.000000e+00,0.000000e+00,0.000000e+00,0.000000e+00,0.000000e+00,0.000000e+00,0.000000e+00,0.000000e+00,0.000000e+00,0.000000e+00,0.000000e+00,0.000000e+00,0.000000e+00,0.000000e+00
1.000000e+00,0.000000e+00,0.000000e+00,0.000000e+00,0.000000e+00,0.000000e+00,0.000000e+00,0.000000e+00,0.000000e+00,0.000000e+00,0.000000e+00,0.000000e+00,0.000000e+00,0.000000e+00,0.000000e+00
1.000000e+00,0.000000e+00,0.000000e+00,0.000000e+00,0.000000e+00,0.000000e+00,0.000000e+00,0.000000e+00,0.000000e+00,0.000000e+00,0.000000e+00,0.000000e+00,0.000000e+00,0.000000e+00,0.000000e+00
1.000000e+00,0.000000e+00,0.000000e+00,0.000000e+00,0.000000e+00,0.000000e+00,0.000000e+00,0.000000e+00,0.000000e+00,0.000000e+00,0.000000e+00,0.000000e+00,0.000000e+00,0.000000e+00,0.000000e+00
1.000000e+00,0.000000e+00,0.000000e+00,0.000000e+00,0.000000e+00,0.000000e+00,0.000000e+00,0.000000e+00,0.000000e+00,0.000000e+00,0.000000e+00,0.000000e+00,0.000000e+00,0.000000e+00,0.000000e+00
1.000000e+00,0.000000e+00,0.000000e+00,0.000000e+00,0.000000e+00,0.000000e+00,0.000000e+00,0.000000e+00,0.000000e+00,0.000000e+00,0.000000e+00,0.000000e+00,0.000000e+00,0.000000e+00,0.000000e+00
1.000000e+00,0.000000e+00,0.000000e+00,0.000000e+00,0.000000e+00,0.000000e+00,0.000000e+00,0.000000e+00,0.000000e+00,0.000000e+00,0.000000e+00,0.000000e+00,0.000000e+00,0.000000e+00,0.000000e+00
1.000000e+00,0.000000e+00,0.000000e+00,0.000000e+00,0.000000e+00,0.000000e+00,0.000000e+00,0.000000e+00,0.000000e+00,0.000000e+00,0.000000e+00,0.000000e+00,0.000000e+00,0.000000e+00,0.000000e+00
1.000000e+00,0.000000e+00,0.000000e+00,0.000000e+00,0.000000e+00,0.000000e+00,0.000000e+00,0.000000e+00,0.000000e+00,0.000000e+00,0.000000e+00,0.000000e+00,0.000000e+00,0.000000e+00,0.000000e+00
1.000000e+00,0.000000e+00,0.000000e+00,0.000000e+00,0.000000e+00,0.000000e+00,0.000000e+00,0.000000e+00,0.000000e+00,0.000000e+00,0.000000e+00,0.000000e+00,0.000000e+00,0.000000e+00,0.000000e+00
1.000000e+00,0.000000e+00,0.000000e+00,0.000000e+00,0.000000e+00,0.000000e+00,0.000000e+00,0.000000e+00,0.000000e+00,0.000000e+00,0.000000e+00,0.000000e+00,0.000000e+00,0.000000e+00,0.000000e+00
1.000000e+00,0.000000e+00,0.000000e+00,0.000000e+00,0.000000e+00,0.000000e+00,0.000000e+00,0.000000e+00,0.000000e+00,0.000000e+00,0.000000e+00,0.000000e+00,0.000000e+00,0.000000e+00,0.000000e+00
1.000000e+00,0.000000e+00,0.000000e+00,0.000000e+00,0.000000e+00,0.000000e+00,0.000000e+00,0.000000e+00,0.000000e+00,0.000000e+00,0.000000e+00,0.000000e+00,0.000000e+00,0.000000e+00,0.000000e+00
1.000000e+00,0.000000e+00,0.000000e+00,0.000000e+00,0.000000e+00,0.000000e+00,0.000000e+00,0.000000e+00,0.000000e+00,0.000000e+00,0.000000e+00,0.000000e+00,0.000000e+00,0.000000e+00,0.000000e+00
1.000000e+00,0.000000e+00,0.000000e+00,0.000000e+00,0.000000e+00,0.000000e+00,0.000000e+00,0.000000e+00,0.000000e+00,0.000000e+00,0.000000e+00,0.000000e+00,0.000000e+00,0.000000e+00,0.000000e+00
1.000000e+00,0.000000e+00,0.000000e+00,0.000000e+00,0.000000e+00,0.000000e+00,0.000000e+00,0.000000e+00,0.000000e+00,0.000000e+00,0.000000e+00,0.000000e+00,0.000000e+00,0.000000e+00,0.000000e+00
1.000000e+00,0.000000e+00,0.000000e+00,0.000000e+00,0.000000e+00,0.000000e+00,0.000000e+00,0.000000e+00,0.000000e+00,0.000000e+00,0.000000e+00,0.000000e+00,0.000000e+00,0.000000e+00,0.000000e+00
1.000000e+00,0.000000e+00,0.000000e+00,0.000000e+00,0.000000e+00,0.000000e+00,0.000000e+00,0.000000e+00,0.000000e+00,0.000000e+00,0.000000e+00,0.000000e+00,0.000000e+00,0.000000e+00,0.000000e+00
1.000000e+00,0.000000e+00,0.000000e+00,0.000000e+00,0.000000e+00,0.000000e+00,0.000000e+00,0.000000e+00,0.000000e+00,0.000000e+00,0.000000e+00,0.000000e+00,0.000000e+00,0.000000e+00,0.000000e+00
1.000000e+00,0.000000e+00,0.000000e+00,0.000000e+00,0.000000e+00,0.000000e+00,0.000000e+00,0.000000e+00,0.000000e+00,0.000000e+00,0.000000e+00,0.000000e+00,0.000000e+00,0.000000e+00,0.000000e+00
1.000000e+00,0.000000e+00,0.000000e+00,0.000000e+00,0.000000e+00,0.000000e+00,0.000000e+00,0.000000e+00,0.000000e+00,0.000000e+00,0.000000e+00,0.000000e+00,0.000000e+00,0.000000e+00,0.000000e+00
1.000000e+00,0.000000e+00,0.000000e+00,0.000000e+00,0.000000e+00,0.000000e+00,0.000000e+00,0.000000e+00,0.000000e+00,0.000000e+00,0.000000e+00,0.000000e+00,0.000000e+00,0.000000e+00,0.000000e+00
1.000000e+00,0.000000e+00,0.000000e+00,0.000000e+00,0.000000e+00,0.000000e+00,0.000000e+00,0.000000e+00,0.000000e+00,0.000000e+00,0.000000e+00,0.000000e+00,0.000000e+00,0.000000e+00,0.000000e+00
1.000000e+00,0.000000e+00,0.000000e+00,0.000000e+00,0.000000e+00,0.000000e+00,0.000000e+00,0.000000e+00,0.000000e+00,0.000000e+00,0.000000e+00,0.000000e+00,0.000000e+00,0.000000e+00,0.000000e+00
1.000000e+00,0.000000e+00,0.000000e+00,0.000000e+00,0.000000e+00,0.000000e+00,0.000000e+00,0.000000e+00,0.000000e+00,0.000000e+00,0.000000e+00,0.000000e+00,0.000000e+00,0.000000e+00,0.000000e+00
1.000000e+00,0.000000e+00,0.000000e+00,0.000000e+00,0.000000e+00,0.000000e+00,0.000000e+00,0.000000e+00,0.000000e+00,0.000000e+00,0.000000e+00,0.000000e+00,0.000000e+00,0.000000e+00,0.000000e+00
1.000000e+00,0.000000e+00,0.000000e+00,0.000000e+00,0.000000e+00,0.000000e+00,0.000000e+00,0.000000e+00,0.000000e+00,0.000000e+00,0.000000e+00,0.000000e+00,0.000000e+00,0.000000e+00,0.000000e+00
1.000000e+00,0.000000e+00,0.000000e+00,0.000000e+00,0.000000e+00,0.000000e+00,0.000000e+00,0.000000e+00,0.000000e+00,0.000000e+00,0.000000e+00,0.000000e+00,0.000000e+00,0.000000e+00,0.000000e+00
1.000000e+00,0.000000e+00,0.000000e+00,0.000000e+00,0.000000e+00,0.000000e+00,0.000000e+00,0.000000e+00,0.000000e+00,0.000000e+00,0.000000e+00,0.000000e+00,0.000000e+00,0.000000e+00,0.000000e+00
1.000000e+00,0.000000e+00,0.000000e+00,0.000000e+00,0.000000e+00,0.000000e+00,0.000000e+00,0.000000e+00,0.000000e+00,0.000000e+00,0.000000e+00,0.000000e+00,0.000000e+00,0.000000e+00,0.000000e+00
1.000000e+00,0.000000e+00,0.000000e+00,0.000000e+00,0.000000e+00,0.000000e+00,0.000000e+00,0.000000e+00,0.000000e+00,0.000000e+00,0.000000e+00,0.000000e+00,0.000000e+00,0.000000e+00,0.000000e+00
1.000000e+00,0.000000e+00,0.000000e+00,0.000000e+00,0.000000e+00,0.000000e+00,0.000000e+00,0.000000e+00,0.000000e+00,0.000000e+00,0.000000e+00,0.000000e+00,0.000000e+00,0.000000e+00,0.000000e+00
1.000000e+00,0.000000e+00,0.000000e+00,0.000000e+00,0.000000e+00,0.000000e+00,0.000000e+00,0.000000e+00,0.000000e+00,0.000000e+00,0.000000e+00,0.000000e+00,0.000000e+00,0.000000e+00,0.000000e+00
1.000000e+00,0.000000e+00,0.000000e+00,0.000000e+00,0.000000e+00,0.000000e+00,0.000000e+00,0.000000e+00,0.000000e+00,0.000000e+00,0.000000e+00,0.000000e+00,0.000000e+00,0.000000e+00,0.000000e+00
1.000000e+00,0.000000e+00,0.000000e+00,0.000000e+00,0.000000e+00,0.000000e+00,0.000000e+00,0.000000e+00,0.000000e+00,0.000000e+00,0.000000e+00,0.000000e+00,0.000000e+00,0.000000e+00,0.000000e+00
1.000000e+00,0.000000e+00,0.000000e+00,0.000000e+00,0.000000e+00,0.000000e+00,0.000000e+00,0.000000e+00,0.000000e+00,0.000000e+00,0.000000e+00,0.000000e+00,0.000000e+00,0.000000e+00,0.000000e+00
1.000000e+00,0.000000e+00,0.000000e+00,0.000000e+00,0.000000e+00,0.000000e+00,0.000000e+00,0.000000e+00,0.000000e+00,0.000000e+00,0.000000e+00,0.000000e+00,0.000000e+00,0.000000e+00,0.000000e+00
1.000000e+00,0.000000e+00,0.000000e+00,0.000000e+00,0.000000e+00,0.000000e+00,0.000000e+00,0.000000e+00,0.000000e+00,0.000000e+00,0.000000e+00,0.000000e+00,0.000000e+00,0.000000e+00,0.000000e+00
1.000000e+00,0.000000e+00,0.000000e+00,0.000000e+00,0.000000e+00,0.000000e+00,0.000000e+00,0.000000e+00,0.000000e+00,0.000000e+00,0.000000e+00,0.000000e+00,0.000000e+00,0.000000e+00,0.000000e+00
1.000000e+00,0.000000e+00,0.000000e+00,0.000000e+00,0.000000e+00,0.000000e+00,0.000000e+00,0.000000e+00,0.000000e+00,0.000000e+00,0.000000e+00,0.000000e+00,0.000000e+00,0.000000e+00,0.000000e+00
1.000000e+00,0.000000e+00,0.000000e+00,0.000000e+00,0.000000e+00,0.000000e+00,0.000000e+00,0.000000e+00,0.000000e+00,0.000000e+00,0.000000e+00,0.000000e+00,0.000000e+00,0.000000e+00,0.000000e+00
1.000000e+00,0.000000e+00,0.000000e+00,0.000000e+00,0.000000e+00,0.000000e+00,0.000000e+00,0.000000e+00,0.000000e+00,0.000000e+00,0.000000e+00,0.000000e+00,0.000000e+00,0.000000e+00,0.000000e+00
1.000000e+00,0.000000e+00,0.000000e+00,0.000000e+00,0.000000e+00,0.000000e+00,0.000000e+00,0.000000e+00,0.000000e+00,0.000000e+00,0.000000e+00,0.000000e+00,0.000000e+00,0.000000e+00,0.000000e+00
1.000000e+00,0.000000e+00,0.000000e+00,0.000000e+00,0.000000e+00,0.000000e+00,0.000000e+00,0.000000e+00,0.000000e+00,0.000000e+00,0.000000e+00,0.000000e+00,0.000000e+00,0.000000e+00,0.000000e+00
1.000000e+00,0.000000e+00,0.000000e+00,0.000000e+00,0.000000e+00,0.000000e+00,0.000000e+00,0.000000e+00,0.000000e+00,0.000000e+00,0.000000e+00,0.000000e+00,0.000000e+00,0.000000e+00,0.000000e+00
1.000000e+00,0.000000e+00,0.000000e+00,0.000000e+00,0.000000e+00,0.000000e+00,0.000000e+00,0.000000e+00,0.000000e+00,0.000000e+00,0.000000e+00,0.000000e+00,0.000000e+00,0.000000e+00,0.000000e+00
1.000000e+00,0.000000e+00,0.000000e+00,0.000000e+00,0.000000e+00,0.000000e+00,0.000000e+00,0.000000e+00,0.000000e+00,0.000000e+00,0.000000e+00,0.000000e+00,0.000000e+00,0.000000e+00,0.000000e+00
1.000000e+00,0.000000e+00,0.000000e+00,0.000000e+00,0.000000e+00,0.000000e+00,0.000000e+00,0.000000e+00,0.000000e+00,0.000000e+00,0.000000e+00,0.000000e+00,0.000000e+00,0.000000e+00,0.000000e+00
1.000000e+00,0.000000e+00,0.000000e+00,0.000000e+00,0.000000e+00,0.000000e+00,0.000000e+00,0.000000e+00,0.000000e+00,0.000000e+00,0.000000e+00,0.000000e+00,0.000000e+00,0.000000e+00,0.000000e+00
4.715239e-01,3.521076e-02,3.884621e-02,1.535947e-01,1.558102e-02,2.859711e-02,8.940253e-03,7.135922e-02,1.764005e-02,2.605944e-03,2.262215e-02,6.221918e-02,3.770337e-02,6.237293e-03,2.731887e-02
4.765994e-01,2.722364e-02,3.994210e-02,1.205133e-01,1.357691e-02,2.779827e-02,8.296511e-03,1.346996e-01,1.407816e-02,2.056238e-03,1.985523e-02,5.365788e-02,3.453453e-02,5.627767e-03,2.154043e-02
4.636413e-01,2.037728e-02,3.587494e-02,9.148018e-02,1.106955e-02,2.401473e-02,8.193621e-03,2.205390e-01,1.107526e-02,1.659079e-03,1.656736e-02,4.488334e-02,2.897876e-02,4.917575e-03,1.672798e-02
1.000000e+00,0.000000e+00,0.000000e+00,0.000000e+00,0.000000e+00,0.000000e+00,0.000000e+00,0.000000e+00,0.000000e+00,0.000000e+00,0.000000e+00,0.000000e+00,0.000000e+00,0.000000e+00,0.000000e+00
1.000000e+00,0.000000e+00,0.000000e+00,0.000000e+00,0.000000e+00,0.000000e+00,0.000000e+00,0.000000e+00,0.000000e+00,0.000000e+00,0.000000e+00,0.000000e+00,0.000000e+00,0.000000e+00,0.000000e+00
1.000000e+00,0.000000e+00,0.000000e+00,0.000000e+00,0.000000e+00,0.000000e+00,0.000000e+00,0.000000e+00,0.000000e+00,0.000000e+00,0.000000e+00,0.000000e+00,0.000000e+00,0.000000e+00,0.000000e+00
1.000000e+00,0.000000e+00,0.000000e+00,0.000000e+00,0.000000e+00,0.000000e+00,0.000000e+00,0.000000e+00,0.000000e+00,0.000000e+00,0.000000e+00,0.000000e+00,0.000000e+00,0.000000e+00,0.000000e+00
1.000000e+00,0.000000e+00,0.000000e+00,0.000000e+00,0.000000e+00,0.000000e+00,0.000000e+00,0.000000e+00,0.000000e+00,0.000000e+00,0.000000e+00,0.000000e+00,0.000000e+00,0.000000e+00,0.000000e+00
4.398365e-01,3.899105e-03,1.022236e-02,1.566658e-02,3.288827e-03,8.309213e-03,5.314146e-03,4.819193e-01,1.825707e-03,8.521748e-04,4.037362e-03,1.084270e-02,8.227402e-03,1.362768e-03,4.395770e-03
4.179475e-01,2.910109e-03,7.607323e-03,1.220689e-02,3.266078e-03,7.311366e-03,4.278549e-03,5.158924e-01,1.620269e-03,9.555395e-04,3.822509e-03,9.761566e-03,7.812279e-03,1.172771e-03,3.434859e-03
3.552919e-01,2.567716e-03,5.941052e-03,1.081332e-02,4.989794e-03,1.363126e-02,3.742830e-03,5.654830e-01,1.757572e-03,9.551020e-04,3.669960e-03,1.636913e-02,1.104486e-02,1.089149e-03,2.653298e-03
2.505044e-01,2.342000e-03,4.930972e-03,2.226316e-02,4.088281e-03,1.021288e-02,2.908460e-03,4.252645e-01,5.590505e-03,3.610294e-03,8.729109e-02,4.482920e-02,1.702382e-02,1.162336e-01,2.906815e-03
1.765067e-01,1.846680e-03,3.679740e-03,2.622208e-02,3.058928e-03,7.258308e-03,2.100328e-03,3.073049e-01,4.957588e-03,4.607274e-03,1.018355e-01,5.222184e-02,1.626650e-02,2.895472e-01,2.586354e-03
1.239665e-01,1.694869e-03,2.815473e-03,3.050154e-02,2.701862e-03,5.183987e-03,1.499625e-03,2.161048e-01,9.739829e-03,1.023434e-02,2.516976e-01,6.871313e-02,1.539673e-02,2.568325e-01,2.917243e-03
8.736566e-02,1.418928e-03,2.158542e-03,2.988581e-02,3.314957e-03,3.769684e-03,1.086260e-03,1.517623e-01,1.018525e-02,2.164092e-02,3.300939e-01,9.207562e-02,1.613384e-02,2.434768e-01,5.631619e-03
6.135462e-02,1.138272e-03,1.653093e-03,2.322486e-02,3.594642e-03,2.679306e-03,7.791825e-04,1.063634e-01,8.915077e-03,4.772805e-02,3.313181e-01,9.422813e-02,1.441740e-02,2.873684e-01,1.523750e-02
4.309012e-02,8.309152e-04,1.196117e-03,1.660214e-02,2.702391e-03,1.894045e-03,5.534472e-04,7.451749e-02,6.784989e-03,9.041823e-02,2.941363e-01,7.464746e-02,1.084809e-02,3.632893e-01,1.848903e-02
3.019766e-02,6.039229e-04,8.807968e-04,1.175899e-02,2.250295e-03,1.339569e-03,3.997073e-04,5.219160e-02,5.421581e-03,1.001331e-01,4.223455e-01,5.710406e-02,7.897190e-03,2.845515e-01,2.292453e-02
2.126148e-02,5.739436e-04,1.597925e-03,8.818001e-03,7.386823e-03,1.238029e-03,7.253911e-04,3.685885e-02,1.114681e-02,8.997680e-02,5.056133e-01,4.382690e-02,6.302305e-03,2.418217e-01,2.285172e-02
1.494177e-02,6.990087e-04,1.648308e-03,6.404307e-03,8.418554e-03,9.259697e-04,7.772808e-04,2.591195e-02,1.680200e-02,7.554527e-02,5.751671e-01,3.307972e-02,4.825425e-03,2.141809e-01,2.067234e-02
1.049085e-02,1.705889e-03,1.931676e-03,4.541957e-03,2.819414e-02,8.445348e-04,1.405376e-03,1.855418e-02,5.624639e-02,5.723972e-02,5.873684e-01,2.389677e-02,3.948729e-03,1.882797e-01,1.535166e-02
7.408312e-03,6.381672e-03,3.912455e-03,3.651845e-03,2.144113e-02,1.326050e-03,9.896112e-03,2.590036e-02,8.674546e-02,4.371547e-02,4.374762e-01,1.765163e-02,5.220069e-03,3.177273e-01,1.154596e-02
5.241765e-03,1.407924e-02,4.445741e-03,3.118546e-03,1.873820e-02,3.144880e-03,1.797294e-02,3.678524e-02,1.102899e-01,3.818282e-02,3.170079e-01,1.293461e-02,6.435376e-03,4.011187e-01,1.050409e-02
3.865419e-03,2.189130e-02,3.852736e-03,2.910058e-03,1.493737e-02,2.917013e-02,1.501294e-02,5.143930e-02,2.525840e-01,2.962553e-02,2.294745e-01,1.126411e-02,1.325099e-02,3.100818e-01,1.063978e-02
3.247114e-03,3.296477e-02,4.160622e-03,2.472182e-03,1.292690e-02,1.139566e-01,1.146940e-02,4.714954e-02,2.951196e-01,2.428185e-02,1.713542e-01,1.095399e-02,2.164997e-02,2.363998e-01,1.189343e-02
2.616440e-03,3.505204e-02,3.581704e-03,3.726896e-03,1.038601e-02,2.100536e-01,8.081426e-03,3.586074e-02,2.965968e-01,2.072678e-02,1.384322e-01,9.319434e-03,2.884343e-02,1.714146e-01,2.530784e-02
2.736698e-03,3.879978e-02,3.351355e-03,4.700031e-03,9.679172e-03,2.579014e-01,6.001378e-03,2.909356e-02,3.025337e-01,1.917244e-02,1.142069e-01,1.132263e-02,3.653320e-02,1.327963e-01,3.117142e-02
2.917382e-03,3.468544e-02,3.456757e-03,6.240156e-03,1.353902e-02,2.445050e-01,9.455465e-03,4.041121e-02,3.188054e-01,2.041066e-02,9.547208e-02,1.963316e-02,6.022634e-02,1.042278e-01,2.601418e-02
5.168634e-03,4.554195e-02,3.286562e-03,7.425459e-03,1.131129e-02,2.248978e-01,7.404072e-03,3.315045e-02,3.041686e-01,2.087047e-02,8.037363e-02,2.336489e-02,1.091906e-01,8.219613e-02,4.164940e-02
8.373242e-03,4.929657e-02,2.980976e-03,8.898016e-03,1.021462e-02,2.588634e-01,5.756964e-03,3.163811e-02,2.747985e-01,1.704209e-02,6.662258e-02,2.394666e-02,1.292735e-01,6.248704e-02,4.980772e-02
1.236038e-02,3.801010e-02,3.726486e-03,1.468866e-02,8.360934e-03,1.979788e-01,4.553010e-03,2.640636e-02,2.048637e-01,1.464855e-02,6.099149e-02,2.303456e-02,2.337749e-01,4.672468e-02,1.098774e-01
2.132653e-02,2.893704e-02,7.218152e-03,2.815928e-02,8.647250e-03,1.589568e-01,6.448603e-03,2.357588e-02,1.553814e-01,1.837587e-02,7.302476e-02,3.417154e-02,2.526546e-01,3.611930e-02,1.470030e-01
2.104118e-02,2.110249e-02,9.520568e-03,3.250530e-02,9.942589e-03,1.181185e-01,7.949726e-03,2.733674e-02,1.188698e-01,2.320440e-02,9.763291e-02,3.943884e-02,2.678496e-01,2.789614e-02,1.775912e-01
1.750332e-02,1.504853e-02,7.630438e-03,2.447768e-02,7.645810e-03,8.398525e-02,5.938793e-03,6.603859e-02,8.711705e-02,1.815325e-02,1.177083e-01,6.363228e-02,3.331738e-01,2.006512e-02,1.318818e-01
1.554033e-02,1.091791e-02,5.669487e-03,1.793457e-02,6.875939e-03,6.340076e-02,4.530115e-03,4.886045e-02,6.897528e-02,1.652148e-02,1.762794e-01,1.122802e-01,3.295817e-01,1.481414e-02,1.078182e-01
1.755401e-02,1.078826e-02,4.733538e-03,1.349226e-02,8.444925e-03,4.792407e-02,3.325471e-03,3.521458e-02,8.307694e-02,2.321468e-02,1.993254e-01,1.868016e-01,2.722045e-01,1.072557e-02,8.317409e-02
1.267171e-02,8.605070e-03,3.746631e-03,9.856191e-03,7.563752e-03,3.445013e-02,2.371061e-03,2.596315e-02,9.677127e-02,1.815673e-02,2.023197e-01,2.876966e-01,2.232406e-01,7.927833e-03,5.865953e-02
1.074637e-02,7.216591e-03,3.291405e-03,7.732606e-03,7.347241e-03,2.505294e-02,1.738793e-03,2.066516e-02,1.483600e-01,1.881481e-02,1.890779e-01,3.295482e-01,1.828973e-01,6.020878e-03,4.148974e-02
7.962197e-03,2.346548e-02,2.844617e-02,5.717555e-03,9.455364e-03,1.773804e-02,1.254437e-03,1.498574e-02,2.851071e-01,1.384752e-02,1.698145e-01,2.518121e-01,1.364736e-01,4.402828e-03,2.951738e-02
8.872183e-03,2.478153e-02,5.467772e-02,5.342800e-03,1.983072e-02,1.340504e-02,9.207412e-04,1.179861e-02,3.337487e-01,1.442004e-02,1.858183e-01,1.827524e-01,1.032192e-01,1.412760e-02,2.628443e-02
1.331882e-02,2.574189e-02,9.962830e-02,1.388947e-01,3.313966e-02,1.255327e-02,8.396020e-04,1.069866e-02,2.778363e-01,1.165584e-02,1.407852e-01,1.288933e-01,7.479578e-02,1.128600e-02,1.993261e-02
3.490712e-02,2.791999e-02,1.151833e-01,1.243116e-01,3.427706e-02,1.164321e-02,1.005658e-03,2.546297e-02,2.762055e-01,2.265067e-02,1.209508e-01,9.115069e-02,5.626704e-02,2.071226e-02,3.735213e-02
3.120078e-02,2.362758e-02,1.133527e-01,2.966791e-01,2.766316e-02,9.783750e-03,8.101009e-04,2.300044e-02,2.232832e-01,1.731445e-02,8.711064e-02,6.399896e-02,3.991632e-02,1.514495e-02,2.711391e-02
3.815411e-02,1.917767e-02,1.799783e-01,3.359665e-01,2.401384e-02,1.104017e-02,7.853364e-04,1.920875e-02,1.806533e-01,1.427380e-02,6.664361e-02,4.523748e-02,2.930917e-02,1.316419e-02,2.239372e-02
7.296798e-02,1.807097e-02,1.886508e-01,2.932490e-01,2.624661e-02,1.403210e-02,1.252105e-03,2.470075e-02,1.661369e-01,1.820612e-02,5.265700e-02,3.322468e-02,2.196592e-02,2.060937e-02,4.802966e-02
6.845495e-02,1.879530e-02,2.481399e-01,3.166607e-01,2.226683e-02,1.085218e-02,1.029123e-03,2.043487e-02,1.304909e-01,1.562244e-02,4.000308e-02,2.432559e-02,1.716535e-02,1.746442e-02,4.829435e-02
7.151959e-02,3.770212e-02,1.816325e-01,2.392780e-01,1.863654e-02,8.089932e-03,8.590124e-04,2.288369e-02,2.619669e-01,1.464022e-02,3.674801e-02,1.811238e-02,1.591805e-02,1.399392e-02,5.801906e-02
7.206073e-02,3.366050e-02,1.314873e-01,1.754636e-01,1.447452e-02,6.210404e-03,6.952534e-04,1.903645e-02,3.800081e-01,1.321527e-02,2.851684e-02,1.379284e-02,1.514984e-02,1.103577e-02,8.519255e-02
7.622295e-02,3.080367e-02,9.443935e-02,1.276004e-01,1.212389e-02,5.664300e-03,6.186314e-04,1.438586e-02,4.591908e-01,1.174173e-02,2.194450e-02,1.044277e-02,1.685281e-02,1.123132e-02,1.067370e-01
5.418060e-02,2.598420e-02,6.936336e-02,1.161918e-01,8.694065e-03,4.099249e-03,4.490059e-04,1.011266e-02,5.583710e-01,1.090486e-02,1.584322e-02,7.424071e-03,1.220045e-02,8.238184e-03,9.794321e-02
3.803879e-02,1.908175e-02,4.930340e-02,8.197697e-02,6.096969e-03,2.934269e-03,3.167346e-04,7.080553e-03,4.771434e-01,1.054261e-02,1.141419e-02,5.330237e-03,8.686051e-03,1.224438e-02,2.698097e-01
2.679157e-02,1.586905e-02,3.462214e-02,5.767414e-02,4.283092e-03,2.163525e-03,2.336674e-04,4.961877e-03,3.830214e-01,9.230752e-03,9.225970e-03,4.955436e-03,7.726363e-03,1.571380e-01,2.821031e-01
1.903291e-02,1.369321e-02,2.476504e-02,4.085216e-02,3.075823e-03,1.772573e-03,2.106852e-04,3.519941e-03,3.153551e-01,1.016321e-02,1.081328e-02,5.651171e-03,8.987753e-03,2.723508e-01,2.697563e-01
1.349752e-02,1.075668e-02,1.756164e-02,2.867706e-02,2.194962e-03,1.402214e-03,1.617993e-04,2.475798e-03,2.283607e-01,8.040827e-03,9.157483e-03,4.237861e-03,7.030360e-03,4.448969e-01,2.215482e-01
1.050939e-02,1.361500e-02,1.354543e-02,2.143130e-02,1.672223e-03,1.300969e-03,1.773312e-04,1.892449e-03,2.000731e-01,7.586818e-03,1.260926e-02,4.729568e-03,1.044362e-02,5.033840e-01,1.970296e-01
8.005255e-03,1.635350e-02,9.718590e-03,1.506918e-02,1.230352e-03,1.280515e-03,1.655355e-04,1.384402e-03,1.472024e-01,6.818818e-03,9.647417e-03,3.529010e-03,1.063446e-02,6.138900e-01,1.550705e-01
5.965906e-03,1.246309e-02,6.890467e-03,1.059132e-02,1.001594e-03,1.177315e-03,1.435715e-04,9.928687e-04,1.142728e-01,8.014960e-03,7.697892e-03,2.861266e-03,1.123275e-02,6.932506e-01,1.234436e-01
4.532362e-03,8.934973e-03,4.858676e-03,7.431005e-03,7.614220e-04,9.466714e-04,1.103364e-04,7.015655e-04,8.754473e-02,7.518437e-03,6.615742e-03,2.176940e-03,8.962635e-03,7.631436e-01,9.576093e-02
3.706323e-03,6.342248e-03,3.519952e-03,5.215092e-03,5.802600e-04,7.557193e-04,8.697805e-05,4.980374e-04,6.913221e-02,7.015370e-03,5.588678e-03,1.566330e-03,6.542183e-03,8.145334e-01,7.491720e-02
2.811312e-03,4.602709e-03,2.557248e-03,3.660310e-03,4.469629e-04,5.803576e-04,6.557785e-05,3.514309e-04,5.972713e-02,9.109257e-03,5.190400e-03,1.161480e-03,4.809347e-03,8.473810e-01,5.754545e-02
2.213713e-03,3.338915e-03,1.868487e-03,2.568335e-03,3.592535e-04,5.341538e-04,5.073045e-05,2.495729e-04,4.513980e-02,7.211409e-02,4.737898e-03,8.569731e-04,3.471596e-03,8.190988e-01,4.339768e-02
2.544336e-03,2.511195e-03,1.527252e-03,2.039775e-03,4.067111e-04,7.361087e-04,5.732852e-05,3.619865e-04,1.490844e-01,1.342151e-01,1.716161e-02,9.363902e-04,3.970199e-03,6.469924e-01,3.745521e-02
2.125382e-03,1.926257e-03,1.189213e-03,1.588194e-03,4.144308e-04,7.129884e-04,5.121944e-05,3.266563e-04,2.084211e-01,1.393976e-01,1.957718e-02,1.026476e-03,3.472377e-03,5.785908e-01,4.118019e-02
2.163084e-03,1.566734e-03,8.972086e-04,1.139151e-03,4.587765e-04,9.209587e-04,7.858035e-05,2.695113e-04,1.672294e-01,1.781936e-01,2.103141e-02,1.058531e-03,2.619144e-03,5.899307e-01,3.244325e-02
2.006574e-03,1.440640e-03,6.828794e-04,8.514908e-04,6.405631e-04,9.153099e-04,8.410761e-05,2.104529e-04,1.456683e-01,2.400969e-01,2.420004e-02,1.748990e-03,2.298811e-03,5.523388e-01,2.681621e-02
2.308887e-03,3.797490e-03,1.324171e-03,1.295470e-03,2.620979e-03,7.789791e-03,1.780456e-04,2.623772e-03,1.509089e-01,2.593319e-01,1.161652e-01,5.604848e-03,8.094268e-03,4.146994e-01,2.325679e-02
2.054221e-03,3.142816e-03,1.136353e-03,2.257736e-03,3.925443e-03,6.037183e-03,1.817916e-04,3.533872e-03,1.178649e-01,2.926803e-01,1.063738e-01,6.618801e-03,1.052648e-02,4.215972e-01,2.206915e-02
1.957377e-03,3.189495e-03,1.414524e-03,3.760939e-03,4.537391e-03,5.017268e-03,3.617988e-04,2.758180e-03,1.052492e-01,3.368193e-01,9.602218e-02,7.179218e-03,1.186400e-02,4.000474e-01,1.982179e-02
2.196743e-03,3.971884e-03,2.768958e-03,6.267111e-03,1.934161e-02,4.513193e-03,4.884062e-04,1.388742e-02,1.016127e-01,4.137994e-01,8.259221e-02,6.858591e-03,1.298178e-02,3.113645e-01,1.735546e-02
2.249542e-03,5.461306e-03,2.862758e-03,1.354742e-02,3.075507e-02,4.864942e-03,7.851362e-04,1.105620e-02,1.306075e-01,4.432245e-01,7.698838e-02,6.571487e-03,1.507017e-02,2.379228e-01,1.803275e-02
2.342640e-03,5.619440e-03,2.707797e-03,1.430856e-02,3.868635e-02,6.042968e-03,1.275996e-03,1.324587e-02,1.060896e-01,5.032033e-01,6.698853e-02,1.177462e-02,2.184813e-02,1.910306e-01,1.483553e-02
3.888575e-03,8.432544e-03,3.311626e-03,1.470925e-02,3.710375e-02,6.418261e-03,1.285517e-03,5.184052e-02,1.055842e-01,4.911966e-01,5.747585e-02,2.135478e-02,3.010137e-02,1.551999e-01,1.209727e-02
6.403653e-03,1.632989e-02,4.591303e-03,1.304208e-02,3.614427e-02,8.892642e-03,1.642654e-03,6.583706e-02,1.293147e-01,4.441300e-01,4.666669e-02,2.483278e-02,3.354378e-02,1.578549e-01,1.077361e-02
7.256838e-03,1.757635e-02,7.825702e-03,1.122222e-02,3.588577e-02,7.421874e-03,1.494796e-03,2.177245e-01,1.487825e-01,3.417495e-01,3.380183e-02,1.859518e-02,2.718201e-02,1.154948e-01,7.986120e-03
8.283681e-03,2.029088e-02,6.215528e-03,8.549437e-03,4.425419e-02,1.867096e-02,1.640710e-03,2.425391e-01,2.352618e-01,2.551951e-01,2.605642e-02,1.485070e-02,2.498325e-02,8.696250e-02,6.245771e-03
9.984772e-03,1.775005e-02,4.913907e-03,6.827574e-03,7.721020e-02,2.693408e-02,2.449126e-03,2.327386e-01,3.124267e-01,1.887440e-01,1.938094e-02,1.221818e-02,2.082789e-02,6.257955e-02,5.014425e-03
8.954387e-03,1.961839e-02,3.758050e-03,4.941722e-03,7.384496e-02,5.283232e-02,2.317417e-03,1.724836e-01,4.304073e-01,1.421929e-01,1.411642e-02,1.002372e-02,1.572392e-02,4.508062e-02,3.704337e-03
1.276919e-02,1.847051e-02,4.086691e-03,7.911274e-03,9.727940e-02,4.105632e-02,4.333624e-03,2.667081e-01,3.806166e-01,1.023850e-01,1.065623e-02,7.535554e-03,1.142910e-02,3.174645e-02,3.015965e-03
2.214686e-02,1.960737e-02,4.782478e-03,7.828051e-03,1.252820e-01,4.907451e-02,6.840562e-03,2.383662e-01,3.873494e-01,7.826798e-02,9.762209e-03,8.160044e-03,1.125007e-02,2.303543e-02,8.246937e-03
2.296294e-02,1.994817e-02,4.529207e-03,7.071009e-03,1.278266e-01,4.366290e-02,8.816017e-03,2.776493e-01,3.812195e-01,5.745943e-02,7.949742e-03,6.610824e-03,1.011458e-02,1.635698e-02,7.822881e-03
2.380214e-02,1.464853e-02,4.875581e-03,6.980060e-03,1.894605e-01,3.179290e-02,6.015959e-02,2.928321e-01,2.965691e-01,4.056717e-02,6.856771e-03,4.919309e-03,9.055037e-03,1.155662e-02,5.924697e-03
4.536764e-02,1.553743e-02,5.504790e-03,6.888857e-03,1.945636e-01,2.556495e-02,5.282896e-02,3.034628e-01,2.851462e-01,2.949527e-02,7.041099e-03,4.300055e-03,9.908605e-03,8.372059e-03,6.017726e-03
4.407930e-02,2.123182e-02,7.454333e-03,5.712233e-02,2.164305e-01,1.879115e-02,3.850615e-02,2.956914e-01,2.448583e-01,2.107587e-02,1.082101e-02,3.792155e-03,8.953073e-03,6.176725e-03,5.015920e-03
1.761284e-01,1.760039e-02,6.320115e-03,5.529190e-02,2.201904e-01,1.856288e-02,3.310704e-02,2.157493e-01,1.941526e-01,1.529024e-02,1.142276e-02,1.005074e-02,1.460177e-02,5.365565e-03,6.165857e-03
1.488344e-01,1.406600e-02,6.727884e-03,6.398083e-02,2.235894e-01,1.516648e-02,2.678336e-02,1.529057e-01,1.426735e-01,1.506837e-02,4.122041e-02,2.126969e-02,1.110084e-01,5.867548e-03,1.083796e-02
1.236932e-01,1.092596e-02,1.131546e-02,5.246468e-02,1.681685e-01,1.406979e-02,1.903689e-02,1.078278e-01,1.154557e-01,1.706594e-02,7.564523e-02,5.966832e-02,1.941695e-01,8.071966e-03,2.242109e-02
9.421338e-02,1.044693e-02,8.215272e-03,3.736835e-02,1.211061e-01,1.055292e-02,1.349236e-02,7.563200e-02,1.787641e-01,1.342192e-02,1.065695e-01,7.667103e-02,2.264542e-01,6.420943e-03,2.067100e-02
7.834834e-02,1.543280e-02,6.257548e-03,2.849432e-02,8.668805e-02,9.524650e-03,9.533781e-03,5.328313e-02,1.664112e-01,1.233279e-02,1.119623e-01,8.407737e-02,2.648694e-01,1.535920e-02,5.742512e-02
6.279580e-02,1.268427e-02,4.555601e-03,2.136514e-02,6.247732e-02,9.494735e-03,6.727722e-03,3.777057e-02,2.185521e-01,9.821001e-03,1.356577e-01,9.783889e-02,2.172679e-01,6.018704e-02,4.280421e-02
4.627922e-02,1.011319e-02,3.323496e-03,1.633775e-02,4.499964e-02,1.117071e-02,4.740553e-03,2.670339e-02,2.433758e-01,7.636501e-03,2.436842e-01,7.971571e-02,1.577956e-01,7.250442e-02,3.161984e-02
3.308835e-02,7.725417e-03,2.399474e-03,1.230282e-02,3.186024e-02,9.539148e-03,3.349846e-03,1.882597e-02,1.954629e-01,5.795082e-03,3.661254e-01,6.051535e-02,1.113402e-01,1.182343e-01,2.343555e-02
2.347295e-02,6.511565e-03,1.744528e-03,8.745680e-03,2.254101e-02,8.680739e-03,2.355524e-03,1.322940e-02,1.426953e-01,4.344044e-03,4.576108e-01,4.547869e-02,7.825675e-02,1.676940e-01,1.663912e-02
1.663633e-02,6.864473e-03,1.278999e-03,6.205875e-03,1.591797e-02,7.668524e-03,1.655803e-03,9.289292e-03,1.044189e-01,3.477324e-03,5.192863e-01,3.413835e-02,5.501392e-02,2.062104e-01,1.193757e-02
1.197282e-02,9.363580e-03,2.353456e-03,4.461458e-03,1.244880e-02,9.066648e-03,1.191114e-03,6.574395e-03,8.192577e-02,4.044817e-03,5.412257e-01,2.710108e-02,3.875286e-02,2.408994e-01,8.618189e-03
8.493306e-03,7.507765e-03,2.054938e-03,3.144750e-03,9.214518e-03,8.679621e-03,8.455536e-04,4.648507e-03,6.206489e-02,3.450000e-03,5.347224e-01,2.136010e-02,2.730821e-02,3.003013e-01,6.204223e-03
6.067972e-03,5.846622e-03,1.859106e-03,2.229657e-03,6.820351e-03,7.021756e-03,6.011869e-04,3.288219e-03,5.051079e-02,3.012328e-03,5.023414e-01,1.629207e-02,1.925303e-02,3.704606e-01,4.395002e-03
4.405725e-03,4.884708e-03,1.550640e-03,1.717494e-03,5.367614e-03,5.405435e-03,4.602346e-04,2.333899e-03,5.284200e-02,4.909746e-03,4.738762e-01,1.461138e-02,1.385711e-02,4.105012e-01,3.276694e-03
3.277038e-03,9.316139e-03,1.497296e-03,1.534550e-03,9.468882e-03,5.689338e-03,4.721399e-04,1.670492e-03,1.184845e-01,9.506539e-03,4.275810e-01,1.345065e-02,1.029579e-02,3.849187e-01,2.837111e-03
2.714239e-03,9.794256e-03,6.005114e-02,2.967248e-03,1.082716e-02,1.561771e-02,1.253722e-03,1.518159e-02,2.020620e-01,1.117969e-02,3.409368e-01,1.061241e-02,7.422288e-03,3.069415e-01,2.438331e-03
2.548020e-03,1.334821e-02,4.847159e-02,2.573282e-03,9.948565e-03,2.350207e-02,1.211688e-03,1.397446e-02,2.450971e-01,1.696131e-02,3.345914e-01,1.034162e-02,5.600543e-03,2.695349e-01,2.295193e-03
3.406099e-03,1.961133e-02,3.665884e-02,5.152283e-03,9.008120e-03,2.771887e-02,9.022084e-04,1.027706e-02,2.451813e-01,2.102621e-02,3.448680e-01,9.624565e-03,5.018736e-03,2.584895e-01,3.056898e-03
4.185367e-03,2.601091e-02,2.767554e-02,5.291750e-03,9.651444e-03,2.770808e-02,7.367291e-04,7.647226e-03,2.603946e-01,3.079911e-02,3.296397e-01,9.881093e-03,5.087606e-03,2.473235e-01,7.967253e-03
4.767755e-03,2.274567e-02,2.060076e-02,4.005301e-03,7.875474e-03,3.731810e-02,5.467864e-04,5.483734e-03,3.181068e-01,3.241072e-02,2.858323e-01,9.173182e-03,4.028174e-03,2.350113e-01,1.209390e-02
4.096764e-03,1.630079e-02,1.525422e-02,2.867779e-03,5.905901e-03,3.465345e-02,4.001935e-04,3.922367e-03,4.487392e-01,2.759618e-02,2.165183e-01,7.081443e-03,2.968059e-03,2.034016e-01,1.029375e-02
3.811078e-03,1.257273e-02,1.115978e-02,2.080423e-03,4.518623e-03,4.459529e-02,2.896618e-04,2.808740e-03,5.205593e-01,2.288107e-02,1.732961e-01,6.107123e-03,2.269748e-03,1.839366e-01,9.113784e-03
1.100788e-02,9.508169e-03,9.033628e-03,1.814592e-03,5.264080e-03,4.640764e-02,5.008380e-04,3.282828e-03,5.544912e-01,1.703256e-02,1.582774e-01,4.548986e-03,2.017797e-03,1.700966e-01,6.715707e-03
2.146776e-02,7.024130e-03,7.399582e-03,1.350348e-03,6.187411e-03,5.349661e-02,5.284367e-04,3.788732e-03,5.010964e-01,1.295063e-02,2.025027e-01,3.396776e-03,1.621420e-03,1.719383e-01,5.250785e-03
3.715622e-02,5.323775e-03,6.804485e-03,2.609439e-03,8.273151e-03,5.614328e-02,5.474709e-04,7.477873e-03,4.327200e-01,9.689308e-03,2.932337e-01,2.902161e-03,1.450144e-03,1.308731e-01,4.795912e-03
4.002625e-02,4.345989e-03,6.263135e-03,3.609456e-03,8.946679e-03,5.000607e-02,4.585930e-04,1.037814e-02,3.319519e-01,7.089466e-03,4.304390e-01,2.627790e-03,1.191900e-03,9.892389e-02,3.741759e-03
4.830936e-02,4.545565e-03,5.450875e-03,3.725076e-03,1.004716e-02,4.282463e-02,4.402582e-04,1.160046e-02,2.973844e-01,5.515476e-03,4.676153e-01,2.889147e-03,1.180789e-03,9.517547e-02,3.295953e-03
5.171921e-02,3.719341e-03,5.205216e-03,3.058342e-03,8.331066e-03,3.266402e-02,4.631279e-04,1.406300e-02,2.609858e-01,4.709385e-03,4.687814e-01,2.443834e-03,1.055431e-03,1.399049e-01,2.895956e-03
7.379064e-02,4.756807e-03,7.804842e-03,3.826285e-03,8.506105e-03,2.662305e-02,6.006601e-04,2.424129e-02,2.882192e-01,4.523822e-03,4.117028e-01,2.827390e-03,1.114088e-03,1.379396e-01,3.523458e-03
9.980202e-02,5.984897e-03,1.211499e-02,4.404197e-03,8.740150e-03,2.363316e-02,1.256849e-03,3.687438e-02,3.208710e-01,5.255419e-03,3.421576e-01,3.712329e-03,1.400380e-03,1.292254e-01,4.567224e-03
1.300404e-01,2.013345e-02,1.381149e-02,6.164660e-03,8.230425e-03,6.093564e-02,1.757549e-03,3.956400e-02,2.934324e-01,7.061192e-03,2.677037e-01,4.265353e-03,1.836844e-03,1.321571e-01,1.290580e-02
1.325018e-01,2.986343e-02,1.403260e-02,6.420477e-03,6.993317e-03,1.057263e-01,1.569944e-03,3.570234e-02,2.672372e-01,8.031327e-03,2.092144e-01,3.684815e-03,1.950078e-03,1.567638e-01,2.030812e-02
1.040969e-01,3.725423e-02,4.209392e-02,9.091568e-02,1.308156e-02,8.460066e-02,1.214035e-03,3.349353e-02,2.843852e-01,1.095058e-02,1.511117e-01,3.446143e-03,1.956552e-03,1.114012e-01,2.999809e-02
7.484840e-02,4.443359e-02,3.209130e-02,6.379528e-02,9.601390e-03,6.120367e-02,8.555184e-04,2.369903e-02,2.114296e-01,1.039352e-02,2.780438e-01,2.682048e-03,1.684558e-03,1.461281e-01,3.911012e-02
5.327819e-02,6.673828e-02,3.840303e-02,4.491029e-02,6.877704e-03,4.415495e-02,6.044672e-04,1.678908e-02,1.625505e-01,1.029938e-02,3.655930e-01,2.099536e-03,1.537379e-03,1.371878e-01,4.897622e-02
3.800108e-02,5.279722e-02,2.755657e-02,3.153084e-02,4.884826e-03,3.191567e-02,4.292910e-04,1.177431e-02,1.176532e-01,8.457028e-03,4.246252e-01,2.419620e-03,1.677826e-03,2.108921e-01,3.538517e-02
2.678685e-02,3.927708e-02,1.939768e-02,2.212892e-02,3.437245e-03,2.280723e-02,3.038929e-04,8.258468e-03,8.504315e-02,6.570099e-03,4.830212e-01,2.721458e-03,1.577618e-03,2.536320e-01,2.503705e-02
2.023856e-02,5.184913e-02,4.489854e-02,3.398894e-02,8.793710e-03,3.723185e-02,6.180623e-04,2.585547e-02,9.606543e-02,1.375225e-02,4.061843e-01,3.235107e-03,2.948661e-03,2.332515e-01,2.108846e-02
1.751899e-02,3.930297e-02,3.477174e-02,2.658459e-02,7.226730e-03,4.519679e-02,6.174836e-04,2.176722e-02,8.451843e-02,1.774782e-02,4.220320e-01,4.957576e-03,3.914441e-03,2.565871e-01,1.725602e-02
1.412256e-02,3.390393e-02,2.724049e-02,2.118398e-02,7.836107e-03,5.669457e-02,9.078148e-04,1.616194e-02,9.230299e-02,2.446820e-02,3.984166e-01,7.146838e-03,4.264878e-03,2.819207e-01,1.342832e-02
1.145703e-02,3.553881e-02,2.058413e-02,1.576609e-02,5.962633e-03,5.563615e-02,7.217006e-04,1.198745e-02,9.196661e-02,2.625431e-02,3.682818e-01,8.860878e-03,4.397949e-03,3.316966e-01,1.088782e-02
8.608515e-03,3.464853e-02,1.499461e-02,1.195812e-02,4.481716e-03,5.036364e-02,5.499055e-04,8.970065e-03,1.037166e-01,2.448499e-02,3.814602e-01,9.322227e-03,4.478090e-03,3.330243e-01,8.938595e-03
1.320199e-02,4.814909e-02,4.719070e-02,1.315229e-02,9.954019e-03,4.909599e-02,5.926963e-04,1.275566e-02,1.474237e-01,2.492422e-02,3.357514e-01,7.783204e-03,4.916615e-03,2.771846e-01,7.923748e-03
1.165913e-02,3.932483e-02,3.418622e-02,1.460170e-02,1.112035e-02,4.689991e-02,5.211828e-04,1.556343e-02,1.911257e-01,2.513788e-02,3.322225e-01,1.101097e-02,1.257184e-02,2.476772e-01,6.377167e-03
1.026208e-02,4.755073e-02,2.579205e-02,1.279679e-02,9.390417e-03,3.785114e-02,4.298877e-04,1.195029e-02,2.091133e-01,2.462947e-02,3.495414e-01,1.174016e-02,1.343517e-02,2.258760e-01,9.641197e-03
9.624472e-03,4.388833e-02,1.886373e-02,1.078203e-02,7.439470e-03,4.007781e-02,3.489261e-04,9.039161e-03,2.088175e-01,1.973521e-02,3.300332e-01,1.430554e-02,1.419779e-02,2.645733e-01,8.273475e-03
7.790311e-03,4.101978e-02,1.429854e-02,7.976593e-03,5.934875e-03,3.166918e-02,2.539527e-04,6.454774e-03,2.403669e-01,1.585459e-02,2.897550e-01,1.311086e-02,1.145406e-02,3.065698e-01,7.490736e-03
1.773724e-02,3.872709e-02,1.164745e-02,7.971128e-03,2.685851e-02,2.774013e-02,2.560074e-04,8.005698e-03,3.231367e-01,1.186956e-02,2.222241e-01,1.027069e-02,1.034244e-02,2.760666e-01,7.146658e-03
1.358565e-02,3.045049e-02,9.148697e-03,5.960062e-03,2.049323e-02,2.090226e-02,1.913143e-04,5.769827e-03,2.825716e-01,8.731767e-03,1.963966e-01,7.659410e-03,7.626760e-03,3.849291e-01,5.583214e-03
1.552814e-02,2.262831e-02,6.816777e-03,4.525861e-03,1.522368e-02,1.533910e-02,1.569990e-04,4.215299e-03,2.838720e-01,7.472989e-03,1.697491e-01,6.073956e-03,5.802711e-03,4.377644e-01,4.830709e-03
1.925809e-02,1.667241e-02,5.167715e-03,3.638866e-03,1.108081e-02,1.122236e-02,1.641462e-04,3.088355e-03,2.367259e-01,9.639434e-03,1.722732e-01,5.380356e-03,4.701300e-03,4.971830e-01,3.804063e-03
2.408089e-02,1.388697e-02,4.389477e-03,3.081708e-03,8.524330e-03,8.309796e-03,1.912014e-04,2.404288e-03,2.571428e-01,1.166051e-02,1.611319e-01,5.229637e-03,4.039214e-03,4.927869e-01,3.140413e-03
3.565412e-02,1.749416e-02,2.756208e-02,5.423586e-03,8.942901e-03,9.517582e-03,4.981929e-04,9.219497e-03,3.234427e-01,1.314917e-02,1.276008e-01,4.562268e-03,4.354121e-03,4.094110e-01,3.167754e-03
3.252706e-02,1.420340e-02,2.314220e-02,4.829300e-03,7.680802e-03,8.129383e-03,4.300595e-04,8.861523e-03,3.595032e-01,1.184255e-02,1.121557e-01,3.963776e-03,4.146915e-03,4.060979e-01,2.486177e-03
2.703053e-02,1.338018e-02,1.862647e-02,4.274273e-03,7.757764e-03,1.216809e-02,4.274325e-04,7.537378e-03,4.156063e-01,1.064013e-02,9.478259e-02,3.144609e-03,3.406450e-03,3.790260e-01,2.191786e-03
2.499710e-02,1.410484e-02,2.382981e-02,7.120749e-03,8.260041e-03,1.125860e-02,3.496904e-04,2.573739e-02,4.915017e-01,1.056499e-02,7.307416e-02,2.383209e-03,2.653455e-03,3.017283e-01,2.436005e-03
2.281289e-02,1.372581e-02,1.985990e-02,7.398972e-03,9.143963e-03,1.169168e-02,3.001503e-04,2.448011e-02,5.601391e-01,1.014228e-02,5.749233e-02,1.775620e-03,1.982460e-03,2.553667e-01,3.688146e-03
3.622916e-02,1.305752e-02,2.034181e-02,8.005627e-03,1.096749e-02,1.462593e-02,3.588317e-04,2.135244e-02,5.700415e-01,8.418416e-03,4.695806e-02,1.522264e-03,1.622241e-03,2.369843e-01,9.514476e-03
3.605178e-02,1.075897e-02,6.249493e-02,1.258646e-02,1.582784e-02,1.154509e-02,4.112595e-04,7.758223e-02,5.382471e-01,6.434578e-03,3.416319e-02,1.155835e-03,1.293279e-03,1.836819e-01,7.765637e-03
3.629825e-02,1.479978e-02,5.821154e-02,1.022211e-02,2.203028e-02,2.385129e-02,4.963339e-04,6.985947e-02,5.402620e-01,5.247758e-03,2.652064e-02,9.624598e-04,1.149286e-03,1.809727e-01,9.116122e-03
3.925403e-02,1.853079e-02,9.264342e-02,1.230361e-02,2.943740e-02,2.884434e-02,5.803397e-04,9.833612e-02,4.968103e-01,4.328930e-03,2.096901e-02,1.181175e-03,1.314918e-03,1.457526e-01,9.713008e-03
4.428563e-02,2.060137e-02,7.592469e-02,9.977011e-03,2.896892e-02,8.299348e-02,5.665170e-04,8.387092e-02,4.719050e-01,3.381788e-03,1.803339e-02,1.037634e-03,1.109551e-03,1.491549e-01,8.189199e-03
4.853236e-02,1.955414e-02,1.103011e-01,1.732999e-02,3.557483e-02,7.959640e-02,8.407382e-04,1.436234e-01,3.920615e-01,2.780537e-03,1.459293e-02,9.322324e-04,9.554627e-04,1.262558e-01,7.068505e-03
4.791780e-02,1.518940e-02,2.123007e-01,1.896108e-02,3.676923e-02,7.030965e-02,8.865781e-04,1.348937e-01,3.402164e-01,2.395383e-03,1.134633e-02,8.169081e-04,7.535726e-04,1.014061e-01,5.837095e-03
5.772722e-02,1.269190e-02,1.682859e-01,1.807884e-02,3.493030e-02,8.398603e-02,8.355863e-04,1.009253e-01,4.219632e-01,2.568122e-03,1.173982e-02,8.838701e-04,7.634707e-04,7.906237e-02,5.558147e-03
5.906409e-02,1.136610e-02,1.512073e-01,1.541540e-02,3.722828e-02,6.479786e-02,6.838122e-04,7.173386e-02,4.901041e-01,2.875213e-03,1.095399e-02,8.562602e-04,8.813450e-04,7.707874e-02,5.753631e-03
6.215673e-02,1.030625e-02,1.198781e-01,1.228988e-02,3.416255e-02,5.468573e-02,6.039836e-04,5.130837e-02,5.275890e-01,3.050185e-03,1.490778e-02,1.547153e-03,1.511755e-03,9.914074e-02,6.861912e-03
8.209006e-02,1.627351e-02,9.200717e-02,4.230563e-02,4.189004e-02,6.306890e-02,1.434371e-03,4.140496e-02,4.702501e-01,3.032564e-03,1.757864e-02,2.815689e-03,2.460083e-03,1.090078e-01,1.438057e-02
1.216322e-01,1.808915e-02,6.580165e-02,3.658506e-02,3.770863e-02,1.414370e-01,1.618038e-03,3.027527e-02,3.882507e-01,2.688410e-03,1.502126e-02,3.479149e-03,3.444166e-03,1.181618e-01,1.580754e-02
1.464157e-01,3.108161e-02,5.177899e-02,1.573099e-01,3.472022e-02,1.091371e-01,2.042641e-03,2.243073e-02,3.119512e-01,2.439866e-03,1.233197e-02,4.742985e-03,3.168943e-03,8.428800e-02,2.616011e-02
3.148677e-01,3.495633e-02,3.943153e-02,1.230093e-01,2.979249e-02,8.296167e-02,1.977120e-03,1.663075e-02,2.423825e-01,2.269138e-03,1.131046e-02,7.216542e-03,4.263818e-03,6.329916e-02,2.563140e-02
4.526745e-01,3.212662e-02,2.893336e-02,9.520210e-02,2.373596e-02,6.031510e-02,2.029906e-03,1.270908e-02,1.883008e-01,2.738870e-03,1.064008e-02,9.387617e-03,4.754093e-03,4.844625e-02,2.800563e-02
