1.000000e+00,0.000000e+00,0.000000e+00,0.000000e+00,0.000000e+00,0.000000e+00,0.000000e+00,0.000000e+00,0.000000e+00,0.000000e+00,0.000000e+00,0.000000e+00,0.000000e+00,0.000000e+00,0.000000e+00
1.000000e+00,0.000000e+00,0.000000e+00,0.000000e+00,0.000000e+00,0.000000e+00,0.000000e+00,0.000000e+00,0.000000e+00,0.000000e+00,0.000000e+00,0.000000e+00,0.000000e+00,0.000000e+00,0.000000e+00
1.000000e+00,0.000000e+00,0.000000e+00,0.000000e+00,0.000000e+00,0.000000e+00,0.000000e+00,0.000000e+00,0.000000e+00,0.000000e+00,0.000000e+00,0.000000e+00,0.000000e+00,0.000000e+00,0.000000e+00
1.000000e+00,0.000000e+00,0.000000e+00,0.000000e+00,0.000000e+00,0.000000e+00,0.000000e+00,0.000000e+00,0.000000e+00,0.000000e+00,0.000000e+00,0.000000e+00,0.000000e+00,0.000000e+00,0.000000e+00
1.000000e+00,0.000000e+00,0.000000e+00,0.000000e+00,0.000000e+00,0.000000e+00,0.000000e+00,0.000000e+00,0.000000e+00,0.000000e+00,0.000000e+00,0.000000e+00,0.000000e+00,0.000000e+00,0.000000e+00
1.000000e+00,0.000000e+00,0.000000e+00,0.000000e+00,0.000000e+00,0.000000e+00,0.000000e+00,0.000000e+00,0.000000e+00,0.000000e+00,0.000000e+00,0.000000e+00,0.000000e+00,0.000000e+00,0.000000e+00
1.000000e+00,0.000000e+00,0.000000e+00,0.000000e+00,0.000000e+00,0.000000e+00,0.000000e+00,0.000000e+00,0.000000e+00,0.000000e+00,0.000000e+00,0.000000e+00,0.000000e+00,0.000000e+00,0.000000e+00
1.000000e+00,0.000000e+00,0.000000e+00,0.000000e+00,0.000000e+00,0.000000e+00,0.000000e+00,0.000000e+00,0.000000e+00,0.000000e+00,0.000000e+00,0.000000e+00,0.000000e+00,0.000000e+00,0.000000e+00
1.000000e+00,0.000000e+00,0.000000e+00,0.000000e+00,0.000000e+00,0.000000e+00,0.000000e+00,0.000000e+00,0.000000e+00,0.000000e+00,0.000000e+00,0.000000e+00,0.000000e+00,0.000000e+00,0.000000e+00
1.000000e+00,0.000000e+00,0.000000e+00,0.000000e+00,0.000000e+00,0.000000e+00,0.000000e+00,0.000000e+00,0.000000e+00,0.000000e+00,0.000000e+00,0.000000e+00,0.000000e+00,0.000000e+00,0.000000e+00
1.000000e+00,0.000000e+00,0.000000e+00,0.000000e+00,0.000000e+00,0.000000e+00,0.000000e+00,0.000000e+00,0.000000e+00,0.000000e+00,0.000000e+00,0.000000e+00,0.000000e+00,0.000000e+00,0.000000e+00
1.000000e+00,0.000000e+00,0.000000e+00,0.000000e+00,0.000000e+00,0.000000e+00,0.000000e+00,0.000000e+00,0.000000e+00,0.000000e+00,0.000000e+00,0.000000e+00,0.000000e+00,0.000000e+00,0.000000e+00
1.000000e+00,0.000000e+00,0.000000e+00,0.000000e+00,0.000000e+00,0.000000e+00,0.000000e+00,0.000000e+00,0.000000e+00,0.000000e+00,0.000000e+00,0.000000e+00,0.000000e+00,0.000000e+00,0.000000e+00
1.000000e+00,0.000000e+00,0.000000e+00,0.000000e+00,0.000000e+00,0.000000e+00,0.000000e+00,0.000000e+00,0.000000e+00,0.000000e+00,0.000000e+00,0.000000e+00,0.000000e+00,0.000000e+00,0.000000e+00
1.000000e+00,0.000000e+00,0.000000e+00,0.000000e+00,0.000000e+00,0.000000e+00,0.000000e+00,0.000000e+00,0.000000e+00,0.000000e+00,0.000000e+00,0.000000e+00,0.000000e+00,0.000000e+00,0.000000e+00
1.000000e+00,0.000000e+00,0.000000e+00,0.000000e+00,0.000000e+00,0.000000e+00,0.000000e+00,0.000000e+00,0.000000e+00,0.000000e+00,0.000000e+00,0.000000e+00,0.000000e+00,0.000000e+00,0.000000e+00
1.000000e+00,0.000000e+00,0.000000e+00,0.000000e+00,0.000000e+00,0.000000e+00,0.000000e+00,0.000000e+00,0.000000e+00,0.000000e+00,0.000000e+00,0.000000e+00,0.000000e+00,0.000000e+00,0.000000e+00
4.508067e-01,5.208965e-02,9.209245e-02,1.792881e-01,1.663470e-02,1.534298e-02,4.495535e-03,2.227181e-02,2.102063e-02,2.848319e-03,3.538056e-02,4.678854e-02,1.767469e-02,9.416901e-03,3.384850e-02
4.993668e-01,4.729322e-02,8.113986e-02,1.556469e-01,1.537573e-02,1.609766e-02,4.267444e-03,1.894229e-02,2.020656e-02,2.778102e-03,3.486636e-02,4.196253e-02,1.691746e-02,9.821549e-03,3.531756e-02
1.000000e+00,0.000000e+00,0.000000e+00,0.000000e+00,0.000000e+00,0.000000e+00,0.000000e+00,0.000000e+00,0.000000e+00,0.000000e+00,0.000000e+00,0.000000e+00,0.000000e+00,0.000000e+00,0.000000e+00
1.000000e+00,0.000000e+00,0.000000e+00,0.000000e+00,0.000000e+00,0.000000e+00,0.000000e+00,0.000000e+00,0.000000e+00,0.000000e+00,0.000000e+00,0.000000e+00,0.000000e+00,0.000000e+00,0.000000e+00
1.000000e+00,0.000000e+00,0.000000e+00,0.000000e+00,0.000000e+00,0.000000e+00,0.000000e+00,0.000000e+00,0.000000e+00,0.000000e+00,0.000000e+00,0.000000e+00,0.000000e+00,0.000000e+00,0.000000e+00
1.000000e+00,0.000000e+00,0.000000e+00,0.000000e+00,0.000000e+00,0.000000e+00,0.000000e+00,0.000000e+00,0.000000e+00,0.000000e+00,0.000000e+00,0.000000e+00,0.000000e+00,0.000000e+00,0.000000e+00
1.000000e+00,0.000000e+00,0.000000e+00,0.000000e+00,0.000000e+00,0.000000e+00,0.000000e+00,0.000000e+00,0.000000e+00,0.000000e+00,0.000000e+00,0.000000e+00,0.000000e+00,0.000000e+00,0.000000e+00
1.000000e+00,0.000000e+00,0.000000e+00,0.000000e+00,0.000000e+00,0.000000e+00,0.000000e+00,0.000000e+00,0.000000e+00,0.000000e+00,0.000000e+00,0.000000e+00,0.000000e+00,0.000000e+00,0.000000e+00
1.000000e+00,0.000000e+00,0.000000e+00,0.000000e+00,0.000000e+00,0.000000e+00,0.000000e+00,0.000000e+00,0.000000e+00,0.000000e+00,0.000000e+00,0.000000e+00,0.000000e+00,0.000000e+00,0.000000e+00
1.000000e+00,0.000000e+00,0.000000e+00,0.000000e+00,0.000000e+00,0.000000e+00,0.000000e+00,0.000000e+00,0.000000e+00,0.000000e+00,0.000000e+00,0.000000e+00,0.000000e+00,0.000000e+00,0.000000e+00
1.000000e+00,0.000000e+00,0.000000e+00,0.000000e+00,0.000000e+00,0.000000e+00,0.000000e+00,0.000000e+00,0.000000e+00,0.000000e+00,0.000000e+00,0.000000e+00,0.000000e+00,0.000000e+00,0.000000e+00
1.000000e+00,0.000000e+00,0.000000e+00,0.000000e+00,0.000000e+00,0.000000e+00,0.000000e+00,0.000000e+00,0.000000e+00,0.000000e+00,0.000000e+00,0.000000e+00,0.000000e+00,0.000000e+00,0.000000e+00
1.000000e+00,0.000000e+00,0.000000e+00,0.000000e+00,0.000000e+00,0.000000e+00,0.000000e+00,0.000000e+00,0.000000e+00,0.000000e+00,0.000000e+00,0.000000e+00,0.000000e+00,0.000000e+00,0.000000e+00
1.000000e+00,0.000000e+00,0.000000e+00,0.000000e+00,0.000000e+00,0.000000e+00,0.000000e+00,0.000000e+00,0.000000e+00,0.000000e+00,0.000000e+00,0.000000e+00,0.000000e+00,0.000000e+00,0.000000e+00
1.000000e+00,0.000000e+00,0.000000e+00,0.000000e+00,0.000000e+00,0.000000e+00,0.000000e+00,0.000000e+00,0.000000e+00,0.000000e+00,0.000000e+00,0.000000e+00,0.000000e+00,0.000000e+00,0.000000e+00
1.000000e+00,0.000000e+00,0.000000e+00,0.000000e+00,0.000000e+00,0.000000e+00,0.000000e+00,0.000000e+00,0.000000e+00,0.000000e+00,0.000000e+00,0.000000e+00,0.000000e+00,0.000000e+00,0.000000e+00
1.000000e+00,0.000000e+00,0.000000e+00,0.000000e+00,0.000000e+00,0.000000e+00,0.000000e+00,0.000000e+00,0.000000e+00,0.000000e+00,0.000000e+00,0.000000e+00,0.000000e+00,0.000000e+00,0.000000e+00
1.000000e+00,0.000000e+00,0.000000e+00,0.000000e+00,0.000000e+00,0.000000e+00,0.000000e+00,0.000000e+00,0.000000e+00,0.000000e+00,0.000000e+00,0.000000e+00,0.000000e+00,0.000000e+00,0.000000e+00
1.000000e+00,0.000000e+00,0.000000e+00,0.000000e+00,0.000000e+00,0.000000e+00,0.000000e+00,0.000000e+00,0.000000e+00,0.000000e+00,0.000000e+00,0.000000e+00,0.000000e+00,0.000000e+00,0.000000e+00
1.000000e+00,0.000000e+00,0.000000e+00,0.000000e+00,0.000000e+00,0.000000e+00,0.000000e+00,0.000000e+00,0.000000e+00,0.000000e+00,0.000000e+00,0.000000e+00,0.000000e+00,0.000000e+00,0.000000e+00
1.000000e+00,0.000000e+00,0.000000e+00,0.000000e+00,0.000000e+00,0.000000e+00,0.000000e+00,0.000000e+00,0.000000e+00,0.000000e+00,0.000000e+00,0.000000e+00,0.000000e+00,0.000000e+00,0.000000e+00
1.000000e+00,0.000000e+00,0.000000e+00,0.000000e+00,0.000000e+00,0.000000e+00,0.000000e+00,0.000000e+00,0.000000e+00,0.000000e+00,0.000000e+00,0.000000e+00,0.000000e+00,0.000000e+00,0.000000e+00
1.000000e+00,0.000000e+00,0.000000e+00,0.000000e+00,0.000000e+00,0.000000e+00,0.000000e+00,0.000000e+00,0.000000e+00,0.000000e+00,0.000000e+00,0.000000e+00,0.000000e+00,0.000000e+00,0.000000e+00
1.000000e+00,0.000000e+00,0.000000e+00,0.000000e+00,0.000000e+00,0.000000e+00,0.000000e+00,0.000000e+00,0.000000e+00,0.000000e+00,0.000000e+00,0.000000e+00,0.000000e+00,0.000000e+00,0.000000e+00
1.000000e+00,0.000000e+00,0.000000e+00,0.000000e+00,0.000000e+00,0.000000e+00,0.000000e+00,0.000000e+00,0.000000e+00,0.000000e+00,0.000000e+00,0.000000e+00,0.000000e+00,0.000000e+00,0.000000e+00
1.000000e+00,0.000000e+00,0.000000e+00,0.000000e+00,0.000000e+00,0.000000e+00,0.000000e+00,0.000000e+00,0.000000e+00,0.000000e+00,0.000000e+00,0.000000e+00,0.000000e+00,0.000000e+00,0.000000e+00
1.000000e+00,0.000000e+00,0.000000e+00,0.000000e+00,0.000000e+00,0.000000e+00,0.000000e+00,0.000000e+00,0.000000e+00,0.000000e+00,0.000000e+00,0.000000e+00,0.000000e+00,0.000000e+00,0.000000e+00
1.000000e+00,0.000000e+00,0.000000e+00,0.000000e+00,0.000000e+00,0.000000e+00,0.000000e+00,0.000000e+00,0.000000e+00,0.000000e+00,0.000000e+00,0.000000e+00,0.000000e+00,0.000000e+00,0.000000e+00
1.000000e+00,0.000000e+00,0.000000e+00,0.000000e+00,0.000000e+00,0.000000e+00,0.000000e+00,0.000000e+00,0.000000e+00,0.000000e+00,0.000000e+00,0.000000e+00,0.000000e+00,0.000000e+00,0.000000e+00
1.000000e+00,0.000000e+00,0.000000e+00,0.000000e+00,0.000000e+00,0.000000e+00,0.000000e+00,0.000000e+00,0.000000e+00,0.000000e+00,0.000000e+00,0.000000e+00,0.000000e+00,0.000000e+00,0.000000e+00
1.000000e+00,0.000000e+00,0.000000e+00,0.000000e+00,0.000000e+00,0.000000e+00,0.000000e+00,0.000000e+00,0.000000e+00,0.000000e+00,0.000000e+00,0.000000e+00,0.000000e+00,0.000000e+00,0.000000e+00
1.000000e+00,0.000000e+00,0.000000e+00,0.000000e+00,0.000000e+00,0.000000e+00,0.000000e+00,0.000000e+00,0.000000e+00,0.000000e+00,0.000000e+00,0.000000e+00,0.000000e+00,0.000000e+00,0.000000e+00
1.000000e+00,0.000000e+00,0.000000e+00,0.000000e+00,0.000000e+00,0.000000e+00,0.000000e+00,0.000000e+00,0.000000e+00,0.000000e+00,0.000000e+00,0.000000e+00,0.000000e+00,0.000000e+00,0.000000e+00
1.000000e+00,0.000000e+00,0.000000e+00,0.000000e+00,0.000000e+00,0.000000e+00,0.000000e+00,0.000000e+00,0.000000e+00,0.000000e+00,0.000000e+00,0.000000e+00,0.000000e+00,0.000000e+00,0.000000e+00
1.000000e+00,0.000000e+00,0.000000e+00,0.000000e+00,0.000000e+00,0.000000e+00,0.000000e+00,0.000000e+00,0.000000e+00,0.000000e+00,0.000000e+00,0.000000e+00,0.000000e+00,0.000000e+00,0.000000e+00
1.000000e+00,0.000000e+00,0.000000e+00,0.000000e+00,0.000000e+00,0.000000e+00,0.000000e+00,0.000000e+00,0.000000e+00,0.000000e+00,0.000000e+00,0.000000e+00,0.000000e+00,0.000000e+00,0.000000e+00
1.000000e+00,0.000000e+00,0.000000e+00,0.000000e+00,0.000000e+00,0.000000e+00,0.000000e+00,0.000000e+00,0.000000e+00,0.000000e+00,0.000000e+00,0.000000e+00,0.000000e+00,0.000000e+00,0.000000e+00
1.000000e+00,0.000000e+00,0.000000e+00,0.000000e+00,0.000000e+00,0.000000e+00,0.000000e+00,0.000000e+00,0.000000e+00,0.000000e+00,0.000000e+00,0.000000e+00,0.000000e+00,0.000000e+00,0.000000e+00
1.000000e+00,0.000000e+00,0.000000e+00,0.000000e+00,0.000000e+00,0.000000e+00,0.000000e+00,0.000000e+00,0.000000e+00,0.000000e+00,0.000000e+00,0.000000e+00,0.000000e+00,0.000000e+00,0.000000e+00
1.000000e+00,0.000000e+00,0.000000e+00,0.000000e+00,0.000000e+00,0.000000e+00,0.000000e+00,0.000000e+00,0.000000e+00,0.000000e+00,0.000000e+00,0.000000e+00,0.000000e+00,0.000000e+00,0.000000e+00
1.000000e+00,0.000000e+00,0.000000e+00,0.000000e+00,0.000000e+00,0.000000e+00,0.000000e+00,0.000000e+00,0.000000e+00,0.000000e+00,0.000000e+00,0.000000e+00,0.000000e+00,0.000000e+00,0.000000e+00
1.000000e+00,0.000000e+00,0.000000e+00,0.000000e+00,0.000000e+00,0.000000e+00,0.000000e+00,0.000000e+00,0.000000e+00,0.000000e+00,0.000000e+00,0.000000e+00,0.000000e+00,0.000000e+00,0.000000e+00
1.000000e+00,0.000000e+00,0.000000e+00,0.000000e+00,0.000000e+00,0.000000e+00,0.000000e+00,0.000000e+00,0.000000e+00,0.000000e+00,0.000000e+00,0.000000e+00,0.000000e+00,0.000000e+00,0.000000e+00
1.000000e+00,0.000000e+00,0.000000e+00,0.000000e+00,0.000000e+00,0.000000e+00,0.000000e+00,0.000000e+00,0.000000e+00,0.000000e+00,0.000000e+00,0.000000e+00,0.000000e+00,0.000000e+00,0.000000e+00
1.000000e+00,0.000000e+00,0.000000e+00,0.000000e+00,0.000000e+00,0.000000e+00,0.000000e+00,0.000000e+00,0.000000e+00,0.000000e+00,0.000000e+00,0.000000e+00,0.000000e+00,0.000000e+00,0.000000e+00
4.121797e-01,9.630947e-03,3.617755e-02,2.548121e-02,6.117929e-03,1.891343e-02,1.354402e-02,4.265869e-01,2.775652e-03,1.133804e-03,5.720347e-03,1.583598e-02,1.445755e-02,1.857288e-03,9.587701e-03
2.980112e-01,6.952058e-03,2.863447e-02,1.900350e-02,4.610248e-03,1.431718e-02,1.088930e-02,5.801252e-01,1.973603e-03,8.313629e-04,4.212819e-03,1.147121e-02,1.055306e-02,1.470829e-03,6.943922e-03
2.100452e-01,4.944498e-03,2.804274e-02,1.503972e-02,3.405554e-03,1.031600e-02,8.111403e-03,6.932809e-01,1.393053e-03,5.901093e-04,3.081281e-03,8.102909e-03,7.520705e-03,1.220050e-03,4.905835e-03
1.479358e-01,3.513100e-03,2.293651e-02,1.124022e-02,2.797111e-03,7.408711e-03,6.796683e-03,7.779326e-01,9.928207e-04,4.382110e-04,2.330190e-03,5.728479e-03,5.494187e-03,1.002655e-03,3.452622e-03
1.040491e-01,2.525692e-03,1.757091e-02,8.207083e-03,2.451551e-03,5.629526e-03,5.787644e-03,8.369364e-01,8.001339e-04,3.772571e-04,2.844006e-03,4.301163e-03,4.573714e-03,1.476387e-03,2.469381e-03
1.018138e-01,4.275618e-03,1.882407e-02,7.145800e-03,1.011535e-02,1.222398e-02,6.904500e-03,8.088702e-01,2.508023e-03,7.354703e-04,3.818794e-03,4.799712e-03,8.480396e-03,6.188653e-03,3.295704e-03
1.229011e-01,6.251960e-03,2.094584e-02,6.542457e-03,1.836731e-02,2.196880e-02,6.756185e-03,7.518884e-01,3.275110e-03,1.426139e-03,5.005287e-03,5.947541e-03,1.198235e-02,1.024668e-02,6.494842e-03
1.948717e-01,7.875707e-03,2.143871e-02,5.944306e-03,2.160132e-02,3.145791e-02,6.069699e-03,6.521510e-01,4.406289e-03,2.110695e-03,5.643237e-03,5.940604e-03,1.225503e-02,1.018378e-02,1.805007e-02
2.561879e-01,9.412734e-03,1.994012e-02,9.938151e-03,2.154635e-02,5.325902e-02,5.121447e-03,5.233065e-01,1.445951e-02,2.955882e-03,1.122735e-02,9.525752e-03,1.712805e-02,1.358113e-02,3.241012e-02
2.113461e-01,2.420987e-02,1.911189e-02,2.782238e-02,2.073824e-02,1.207276e-01,3.948006e-03,3.733950e-01,3.631323e-02,8.625682e-03,2.229092e-02,2.183635e-02,2.204989e-02,2.380958e-02,6.377530e-02
1.498960e-01,1.957896e-02,1.379169e-02,1.997399e-02,1.484770e-02,1.158660e-01,2.830995e-03,2.617809e-01,3.465688e-02,6.955692e-03,2.747469e-02,1.687457e-02,2.002180e-02,2.339873e-01,6.146283e-02
1.060948e-01,1.522110e-02,9.913463e-03,1.462963e-02,1.068779e-02,9.429331e-02,2.027479e-03,1.836010e-01,4.127371e-02,5.269515e-03,2.816882e-02,1.275462e-02,1.649350e-02,4.105443e-01,4.902691e-02
7.452135e-02,1.085804e-02,7.078996e-03,1.045391e-02,7.977039e-03,7.419892e-02,1.456057e-03,1.286358e-01,3.660977e-02,4.545399e-03,2.508994e-02,1.072359e-02,1.353125e-02,5.555221e-01,3.879781e-02
5.253981e-02,8.674058e-03,5.197457e-03,7.486891e-03,6.023643e-03,5.516583e-02,1.048501e-03,9.009667e-02,8.095128e-02,4.460748e-03,2.530652e-02,8.091562e-03,1.028813e-02,6.111118e-01,3.355713e-02
3.756638e-02,6.963594e-03,3.714681e-03,5.334846e-03,4.373358e-03,4.153353e-02,7.849736e-04,6.309831e-02,1.167215e-01,3.424171e-03,2.175687e-02,6.244394e-03,8.125986e-03,6.457274e-01,3.462993e-02
2.742008e-02,8.118803e-03,3.284018e-03,3.873618e-03,3.678387e-03,3.231587e-02,7.831377e-04,4.444455e-02,3.009437e-01,3.085414e-03,1.666960e-02,4.557692e-03,5.838824e-03,5.184341e-01,2.655215e-02
1.985608e-02,6.614226e-03,2.405672e-03,2.757256e-03,3.051128e-03,2.314948e-02,5.964136e-04,3.116097e-02,4.215602e-01,3.024385e-03,1.249951e-02,3.446987e-03,4.285485e-03,4.457650e-01,1.982718e-02
1.503143e-02,5.794841e-03,2.268211e-03,2.673847e-03,3.694132e-03,1.733855e-02,4.568247e-04,2.197867e-02,5.532457e-01,2.690426e-03,1.099818e-02,2.956920e-03,3.429924e-03,3.429492e-01,1.449307e-02
1.184504e-02,4.580077e-03,1.837372e-03,2.127583e-03,5.462855e-03,1.245739e-02,3.308378e-04,1.569131e-02,6.519585e-01,2.945555e-03,1.154706e-02,2.626701e-03,3.417803e-03,2.619306e-01,1.124134e-02
1.085384e-02,7.229092e-03,8.729298e-03,4.849728e-03,2.199175e-02,9.207975e-03,2.653931e-04,1.683195e-02,6.980242e-01,3.640800e-03,1.331342e-02,2.091124e-03,3.022314e-03,1.905374e-01,9.411807e-03
9.001910e-03,1.118635e-02,8.588653e-03,5.146794e-03,2.007785e-02,6.959995e-03,2.038847e-04,1.292405e-02,7.297840e-01,4.118466e-03,1.183239e-02,1.736087e-03,2.845479e-03,1.639754e-01,1.161876e-02
7.479717e-03,1.021482e-02,6.901692e-03,4.137053e-03,2.019902e-02,5.192217e-03,1.532999e-04,9.904882e-03,7.756032e-01,4.016219e-03,9.834872e-03,1.281384e-03,2.245664e-03,1.324321e-01,1.040390e-02
5.898006e-03,1.100396e-02,8.509541e-03,5.715976e-03,1.678407e-02,4.056611e-03,1.225953e-04,7.423476e-03,8.080490e-01,4.695681e-03,8.147385e-03,1.020614e-03,1.952367e-03,9.630042e-02,2.032031e-02
7.501469e-03,1.242505e-02,6.629549e-03,5.554809e-03,1.824001e-02,3.359233e-03,1.130166e-04,5.668051e-03,8.130462e-01,7.195150e-03,7.181897e-03,9.403332e-04,2.315807e-03,7.950771e-02,3.032169e-02
6.326836e-03,1.107137e-02,4.967274e-03,5.765449e-03,1.680192e-02,2.709867e-03,8.843355e-05,5.112038e-03,8.459610e-01,6.999507e-03,6.377435e-03,7.467376e-04,1.993002e-03,5.942283e-02,2.565631e-02
4.820194e-03,1.137119e-02,3.711156e-03,4.986473e-03,1.232433e-02,2.113823e-03,6.590007e-05,3.735602e-03,8.821914e-01,5.726225e-03,4.772331e-03,6.394332e-04,3.083313e-03,4.178244e-02,1.867622e-02
1.331340e-02,1.581541e-02,3.789352e-03,5.901927e-03,3.041763e-02,4.008254e-03,1.314948e-04,6.654059e-03,8.437061e-01,1.034260e-02,5.067978e-03,5.996362e-04,3.277882e-03,3.393219e-02,2.304206e-02
1.263754e-02,3.264356e-02,2.916140e-03,6.025599e-03,2.267599e-02,3.802782e-03,1.148109e-04,4.861540e-03,8.362539e-01,1.231715e-02,3.939759e-03,6.086799e-04,3.841625e-03,2.525069e-02,3.211019e-02
2.053930e-02,5.872954e-02,2.348699e-03,9.245537e-03,3.355446e-02,1.849434e-02,1.954909e-04,5.135007e-03,7.647859e-01,1.573300e-02,3.588691e-03,5.536624e-04,4.955839e-03,1.982966e-02,4.231087e-02
1.564071e-02,6.523669e-02,1.945764e-03,2.078518e-02,2.458049e-02,1.374906e-02,1.486594e-04,3.928771e-03,7.707961e-01,1.293952e-02,2.897892e-03,6.011030e-04,5.029554e-03,1.413807e-02,4.758238e-02
1.423530e-02,8.241986e-02,1.677739e-03,1.763906e-02,2.076388e-02,1.163409e-02,1.405499e-04,3.386261e-03,6.915495e-01,1.254085e-02,2.784279e-03,5.689300e-04,5.513818e-03,1.098031e-02,1.241655e-01
1.061672e-02,6.681851e-02,1.446853e-03,1.307045e-02,1.479076e-02,8.244161e-03,1.021146e-04,2.402777e-03,5.206664e-01,1.009604e-02,2.445234e-03,4.384433e-04,4.312712e-03,1.013697e-02,3.344118e-01
7.537076e-03,5.180780e-02,1.123430e-03,9.179424e-03,1.036483e-02,5.822562e-03,7.240445e-05,1.686451e-03,3.876801e-01,7.962026e-03,1.904889e-03,3.309686e-04,3.133053e-03,6.906933e-02,4.423257e-01
5.448993e-03,4.117916e-02,8.491317e-04,6.535498e-03,7.271029e-03,4.111378e-03,5.246341e-05,1.195111e-03,3.126671e-01,6.458115e-03,4.953709e-03,4.518877e-04,2.671293e-03,2.049606e-01,4.011944e-01
3.917692e-03,3.928092e-02,1.299138e-03,4.836556e-03,5.099494e-03,2.902351e-03,3.860557e-05,8.537423e-04,2.703206e-01,7.477096e-03,6.557695e-03,5.960274e-04,2.215046e-03,2.692591e-01,3.853459e-01
3.041652e-03,3.383256e-02,1.525951e-03,3.653709e-03,3.585648e-03,2.119545e-03,3.918654e-05,6.135408e-04,2.043017e-01,9.491483e-03,7.559402e-03,1.108023e-03,3.002725e-03,3.844994e-01,3.416255e-01
2.352278e-03,2.698216e-02,2.180706e-03,2.856872e-03,2.558297e-03,1.735487e-03,3.935541e-05,4.777121e-04,1.557374e-01,2.624115e-02,2.119115e-02,1.915877e-03,3.277853e-03,4.397610e-01,3.126927e-01
1.772578e-03,1.900666e-02,1.887104e-03,2.079738e-03,2.029161e-03,1.438313e-03,3.514502e-05,3.931136e-04,1.117612e-01,1.094359e-01,2.643111e-02,2.989143e-03,4.600438e-03,3.341488e-01,3.819916e-01
1.381432e-03,1.344111e-02,1.481942e-03,2.401256e-03,3.527556e-03,1.710997e-03,6.426015e-05,1.387714e-03,9.531024e-02,1.179013e-01,5.022361e-02,3.502143e-03,7.540531e-03,2.391649e-01,4.609610e-01
1.404778e-03,9.631266e-03,2.403911e-03,3.529646e-02,9.165017e-03,5.715535e-03,1.279655e-03,1.824850e-02,8.649322e-02,1.041864e-01,1.028833e-01,4.316461e-03,2.068679e-02,1.691834e-01,4.291053e-01
1.512532e-03,9.163189e-03,4.158762e-03,4.290845e-02,2.502029e-02,1.460720e-02,1.148195e-03,1.369110e-02,2.988741e-01,7.584524e-02,7.350583e-02,3.244310e-03,1.487829e-02,1.187373e-01,3.027052e-01
1.425026e-03,9.546958e-03,3.370221e-03,3.504779e-02,1.898681e-02,1.472419e-02,8.278209e-04,9.977363e-03,4.862710e-01,5.459044e-02,5.446738e-02,2.661030e-03,1.117452e-02,8.320411e-02,2.137254e-01
3.455395e-03,1.000928e-02,3.271617e-03,2.650904e-02,2.343008e-02,1.355157e-02,7.211575e-04,7.689469e-03,6.098230e-01,4.112974e-02,3.916774e-02,1.976574e-03,8.167684e-03,5.828356e-02,1.528141e-01
3.855635e-03,3.146669e-02,2.850940e-03,3.129634e-02,2.381388e-02,1.965173e-02,6.222208e-04,1.277168e-02,6.479205e-01,3.235808e-02,2.874892e-02,1.678346e-03,8.820908e-03,4.084964e-02,1.132946e-01
1.110773e-02,2.735175e-02,9.795398e-03,6.185027e-02,4.656152e-02,1.647653e-02,6.434383e-04,3.913837e-02,6.246711e-01,2.358471e-02,2.160600e-02,1.360929e-03,6.988729e-03,2.863559e-02,8.022794e-02
2.279590e-02,2.125878e-02,2.510286e-02,4.907104e-02,6.454077e-02,1.337448e-02,6.211337e-04,2.119572e-01,4.755094e-01,1.676090e-02,1.566732e-02,1.060752e-03,5.083158e-03,2.012919e-02,5.706714e-02
2.220055e-02,1.605579e-02,2.324506e-02,3.713480e-02,5.126368e-02,1.384714e-02,6.898595e-04,4.105651e-01,3.410060e-01,1.189644e-02,1.216909e-02,8.133722e-04,3.816124e-03,1.412291e-02,4.117409e-02
1.956274e-02,1.710847e-02,5.440339e-02,3.507273e-02,3.909904e-02,1.343149e-02,2.521159e-03,4.955703e-01,2.472261e-01,1.075804e-02,1.118638e-02,1.001008e-03,1.102845e-02,9.920811e-03,3.210984e-02
2.363265e-02,2.229958e-02,7.295100e-02,3.691184e-02,3.783621e-02,1.454288e-02,1.291802e-02,5.129379e-01,1.929662e-01,9.324332e-03,1.536440e-02,1.733684e-03,1.244834e-02,7.025432e-03,2.710760e-02
2.585236e-02,3.195467e-02,7.351036e-02,3.639273e-02,4.577519e-02,1.578714e-02,1.436521e-02,5.261478e-01,1.656415e-01,8.477428e-03,1.316101e-02,1.807497e-03,1.100396e-02,5.040833e-03,2.508234e-02
5.687071e-02,5.124445e-02,6.646277e-02,3.419157e-02,6.742115e-02,2.195534e-02,1.968862e-02,4.337136e-01,1.527282e-01,1.315804e-02,1.233857e-02,2.073652e-03,2.383350e-02,4.280002e-03,4.003989e-02
8.822349e-02,5.620718e-02,6.187085e-02,3.664885e-02,7.387131e-02,2.416012e-02,2.222521e-02,3.461369e-01,1.827277e-01,1.564939e-02,1.189033e-02,2.966623e-03,3.091789e-02,3.675946e-03,4.282820e-02
1.340402e-01,6.955443e-02,1.026049e-01,3.551546e-02,7.281073e-02,2.895905e-02,2.746125e-02,2.597139e-01,1.532384e-01,1.486083e-02,1.212804e-02,4.365947e-03,3.088708e-02,3.518782e-03,5.034101e-02
9.694946e-02,5.467593e-02,1.183144e-01,6.886814e-02,6.018713e-02,3.025639e-02,2.142928e-02,1.823858e-01,1.171677e-01,1.110522e-02,2.787099e-02,3.844450e-02,1.323009e-01,2.754006e-03,3.729011e-02
6.903809e-02,4.166148e-02,9.692770e-02,1.154778e-01,7.096279e-02,2.470768e-02,1.620037e-02,1.280140e-01,1.030195e-01,8.606929e-03,3.700752e-02,9.860711e-02,1.609126e-01,2.261443e-03,2.659496e-02
4.923766e-02,2.952858e-02,7.142533e-02,8.628204e-02,5.276721e-02,1.977737e-02,1.161408e-02,8.976445e-02,8.724105e-02,7.643779e-03,6.550729e-02,1.779713e-01,2.279749e-01,2.402969e-03,2.086202e-02
3.469137e-02,2.072993e-02,5.015370e-02,6.058950e-02,3.767555e-02,1.467755e-02,8.211788e-03,6.286755e-02,6.970868e-02,5.619280e-03,6.321549e-02,3.173037e-01,2.376959e-01,2.012237e-03,1.484783e-02
2.443259e-02,1.496855e-02,3.614892e-02,4.246258e-02,3.404709e-02,1.097480e-02,5.849880e-03,4.473653e-02,1.515382e-01,4.109701e-03,5.697969e-02,2.939101e-01,2.675085e-01,1.555942e-03,1.077694e-02
1.732333e-02,1.061094e-02,2.711785e-02,2.986785e-02,2.819098e-02,1.652645e-02,4.433597e-03,3.385014e-02,1.392732e-01,3.885406e-03,6.479101e-02,3.566760e-01,2.574643e-01,1.752852e-03,8.236006e-03
1.239220e-02,7.516365e-03,2.234662e-02,2.119449e-02,4.930758e-02,1.350016e-02,1.916911e-02,5.883581e-02,1.301898e-01,3.756964e-03,5.547472e-02,3.350194e-01,2.633666e-01,1.566302e-03,6.363889e-03
1.037664e-02,8.008063e-03,2.104004e-02,1.539775e-02,8.709115e-02,1.404347e-02,1.600857e-02,6.240040e-02,1.666555e-01,4.608342e-03,4.238391e-02,3.337763e-01,2.054549e-01,4.573483e-03,8.181436e-03
8.108055e-03,1.322466e-02,2.100374e-02,1.095812e-02,1.442739e-01,1.634935e-02,1.242671e-02,5.393878e-02,2.597184e-01,4.310014e-03,3.096662e-02,2.617861e-01,1.496234e-01,5.541904e-03,7.770220e-03
7.146378e-03,1.937727e-02,2.180007e-02,7.887914e-03,1.188066e-01,1.635100e-02,1.007446e-02,4.933461e-02,2.615714e-01,4.414780e-03,2.673356e-02,2.571637e-01,1.189084e-01,3.262506e-02,4.780474e-02
6.340080e-03,1.932427e-02,1.995728e-02,5.870259e-03,8.834308e-02,1.270021e-02,7.445347e-03,4.954110e-02,2.211080e-01,4.349602e-03,2.786588e-02,2.274775e-01,8.983199e-02,1.453037e-01,7.454175e-02
6.996688e-03,2.526542e-02,1.849681e-02,4.504847e-03,6.712735e-02,1.124791e-02,5.956617e-03,8.629823e-02,2.098471e-01,4.237261e-03,2.327898e-02,2.161700e-01,6.852391e-02,1.749597e-01,7.708921e-02
1.054425e-02,2.800788e-02,2.806547e-02,1.008035e-02,7.281130e-02,1.019709e-02,4.367137e-03,1.592662e-01,2.031098e-01,4.686532e-03,2.021228e-02,1.674259e-01,5.272209e-02,1.586197e-01,6.988400e-02
1.313984e-02,4.826436e-02,2.589098e-02,8.153184e-03,6.265242e-02,1.792488e-02,3.431396e-03,1.577951e-01,2.509997e-01,6.778078e-03,1.691970e-02,1.519508e-01,4.097789e-02,1.243498e-01,7.077183e-02
1.328299e-02,5.610131e-02,2.602235e-02,7.055660e-03,4.905987e-02,2.907506e-02,3.080698e-03,1.595785e-01,3.353280e-01,8.443684e-03,1.280969e-02,1.229138e-01,3.066707e-02,8.803453e-02,5.854680e-02
1.881309e-02,6.111968e-02,2.534761e-02,6.276181e-03,9.825742e-02,4.971357e-02,1.163740e-02,1.350499e-01,3.384768e-01,6.360638e-03,1.021212e-02,9.397303e-02,2.325921e-02,6.881965e-02,5.268362e-02
2.272126e-02,5.115242e-02,4.085986e-02,8.694928e-03,1.130081e-01,5.847570e-02,2.517796e-02,1.848046e-01,3.014197e-01,5.637784e-03,7.552378e-03,7.056764e-02,1.751100e-02,5.015863e-02,4.225801e-02
3.153069e-02,5.012797e-02,3.735549e-02,8.007339e-03,1.930541e-01,7.127177e-02,3.721480e-02,1.604996e-01,2.571552e-01,4.351881e-03,5.698007e-03,5.659203e-02,1.359923e-02,3.761365e-02,3.592819e-02
4.257006e-02,3.928425e-02,2.760236e-02,6.930563e-03,2.406766e-01,1.891109e-01,2.704407e-02,1.200577e-01,1.900911e-01,7.269165e-03,4.184883e-03,4.038002e-02,1.022596e-02,2.719712e-02,2.737526e-02
3.226622e-02,2.760740e-02,1.942047e-02,5.131269e-03,1.796601e-01,4.079692e-01,1.946534e-02,8.745934e-02,1.334825e-01,9.146507e-03,3.123761e-03,2.836320e-02,7.654193e-03,1.918988e-02,2.006054e-02
2.362332e-02,1.944859e-02,1.366441e-02,3.675123e-03,1.259964e-01,5.617102e-01,1.378946e-02,6.301327e-02,9.361332e-02,2.386554e-02,2.712106e-03,1.992531e-02,5.479790e-03,1.362609e-02,1.585705e-02
1.828874e-02,1.371046e-02,9.656799e-03,2.808290e-03,8.836827e-02,5.486346e-01,9.822237e-03,4.574408e-02,6.608286e-02,1.432381e-01,4.588217e-03,1.410105e-02,4.034000e-03,9.801320e-03,2.112087e-02
1.344221e-02,9.731909e-03,6.792397e-03,1.993913e-03,6.193008e-02,4.820326e-01,6.994198e-03,3.222533e-02,4.741127e-02,2.811038e-01,1.381625e-02,1.113898e-02,3.218786e-03,8.880990e-03,1.928725e-02
1.173094e-02,7.177593e-03,4.912193e-03,1.494389e-03,4.362822e-02,3.953239e-01,5.066634e-03,2.318484e-02,3.621507e-02,4.084504e-01,2.538768e-02,8.364540e-03,2.851518e-03,8.078474e-03,1.813356e-02
9.111974e-03,5.935627e-03,3.969609e-03,1.346896e-03,3.178241e-02,3.399450e-01,3.693073e-03,1.727411e-02,3.580883e-02,2.996996e-01,2.497526e-02,6.075664e-03,2.449480e-03,2.171648e-02,1.962160e-01
6.498693e-03,4.183265e-03,2.829677e-03,9.633640e-04,2.252829e-02,2.397944e-01,2.596322e-03,1.217872e-02,2.670175e-02,2.192013e-01,2.068181e-02,4.374810e-03,1.920740e-03,2.934483e-02,4.062020e-01
4.626582e-03,2.949349e-03,2.009985e-03,6.810893e-04,1.616540e-02,1.690892e-01,1.826680e-03,8.579986e-03,1.980193e-02,1.659604e-01,1.668320e-02,3.158758e-03,1.763391e-03,3.075721e-02,5.559468e-01
3.249042e-03,2.071837e-03,1.413817e-03,4.817562e-04,1.191373e-02,1.184601e-01,1.280900e-03,6.015680e-03,1.451907e-02,1.192214e-01,1.260815e-02,2.239271e-03,1.288686e-03,2.410366e-02,6.811328e-01
2.284151e-03,1.459330e-03,1.012951e-03,3.514972e-04,9.181133e-03,8.298139e-02,8.980140e-04,4.237636e-03,1.064727e-02,8.494062e-02,9.979686e-03,1.612966e-03,9.930164e-04,1.872082e-02,7.706995e-01
1.717364e-03,1.033533e-03,7.230382e-04,3.637423e-04,9.567281e-03,5.826574e-02,6.326234e-04,2.981210e-03,7.712387e-03,6.033920e-02,7.641642e-03,1.190540e-03,8.520179e-04,1.336978e-02,8.336099e-01
1.236925e-03,7.245230e-04,5.069203e-04,2.945994e-04,8.658860e-03,4.100615e-02,4.438216e-04,2.090417e-03,5.478856e-03,4.237201e-02,5.597177e-03,9.071822e-04,7.069668e-04,9.394328e-03,8.805813e-01
1.050582e-03,5.297359e-04,3.888212e-04,4.646814e-04,1.183351e-02,2.897527e-02,3.129342e-04,1.543584e-03,4.705014e-03,3.014247e-02,8.161096e-03,1.604636e-03,1.418358e-03,6.715592e-03,9.021537e-01
2.261359e-03,5.395996e-04,2.272964e-03,2.076942e-03,3.148256e-02,2.311833e-02,4.785527e-04,1.883962e-02,1.233151e-02,2.234165e-02,4.231511e-02,5.674791e-03,3.822261e-03,6.586123e-03,8.258586e-01
5.392706e-03,9.814176e-04,6.380603e-03,5.384983e-03,4.479963e-02,1.936926e-02,7.903278e-04,4.151986e-02,3.158038e-02,1.770387e-02,8.964358e-02,7.542224e-03,6.906261e-03,7.731656e-03,7.142732e-01
8.290227e-03,3.549366e-03,9.874054e-03,1.810746e-02,5.043595e-02,1.555842e-02,9.198143e-04,1.047036e-01,1.842493e-01,1.262503e-02,7.222447e-02,6.578995e-03,6.261112e-03,5.945347e-03,5.006769e-01
2.089153e-02,5.078324e-03,2.418339e-02,5.349284e-02,5.374233e-02,4.202111e-02,1.246020e-03,1.264162e-01,2.073319e-01,1.005396e-02,7.946631e-02,6.697478e-03,8.617993e-03,7.954324e-03,3.528062e-01
2.293465e-02,7.539796e-03,3.079348e-02,8.507133e-02,4.455244e-02,3.441831e-02,1.121641e-03,1.759253e-01,2.366510e-01,7.897413e-03,7.867446e-02,7.076024e-03,1.265069e-02,6.986654e-03,2.477067e-01
1.636245e-02,7.279796e-03,7.841480e-02,2.330602e-01,3.188479e-02,2.560097e-02,8.012598e-04,1.236974e-01,2.101233e-01,6.185924e-03,6.988987e-02,6.168791e-03,1.184634e-02,4.935174e-03,1.737489e-01
1.195329e-02,9.106450e-03,6.091589e-02,2.526061e-01,2.331528e-02,1.823490e-02,5.814622e-04,8.680299e-02,2.612383e-01,4.593771e-03,1.295790e-01,5.253012e-03,9.764285e-03,4.093406e-03,1.219619e-01
1.004142e-02,7.595614e-03,4.536440e-02,2.321219e-01,1.741817e-02,1.391123e-02,4.446207e-04,6.253328e-02,2.530487e-01,4.092342e-03,2.424562e-01,5.202322e-03,7.889129e-03,1.209786e-02,8.578279e-02
7.740454e-03,5.743986e-03,3.617964e-02,2.305674e-01,1.284667e-02,1.092357e-02,3.866926e-04,4.466709e-02,1.818107e-01,5.074500e-03,3.775395e-01,7.151202e-03,6.500237e-03,1.269275e-02,6.017563e-02
7.820320e-03,5.029219e-03,2.852220e-02,2.537187e-01,1.494817e-02,9.551781e-03,4.117733e-04,3.272459e-02,1.328925e-01,6.520306e-03,4.292808e-01,1.478727e-02,5.521111e-03,1.591677e-02,4.235449e-02
9.378653e-03,4.369405e-03,2.081028e-02,1.826815e-01,1.326087e-02,9.949994e-03,3.559769e-04,2.325401e-02,9.677023e-02,6.675403e-03,5.618401e-01,1.423406e-02,4.264983e-03,2.237784e-02,2.977669e-02
7.742223e-03,3.361214e-03,1.474191e-02,1.314067e-01,1.081003e-02,9.219833e-03,2.798141e-04,1.635220e-02,6.984453e-02,5.965269e-03,6.752577e-01,1.150012e-02,3.336314e-03,1.929346e-02,2.088864e-02
6.143062e-03,3.290945e-03,1.038437e-02,9.468006e-02,9.352842e-03,9.662884e-03,2.262981e-04,1.148115e-02,5.149616e-02,4.999454e-03,7.512907e-01,1.024792e-02,3.070252e-03,1.897831e-02,1.469560e-02
8.761683e-03,5.921730e-03,8.182545e-03,6.770667e-02,2.086159e-02,1.552883e-02,3.903835e-04,8.125466e-03,3.829252e-02,4.845270e-03,7.695079e-01,1.474259e-02,2.513310e-03,2.340009e-02,1.121938e-02
7.348395e-03,5.274153e-03,6.053661e-03,4.799949e-02,3.104994e-02,1.204430e-02,3.831535e-04,5.760240e-03,2.762561e-02,4.256763e-03,8.099756e-01,1.259951e-02,1.948129e-03,1.968997e-02,7.991017e-03
5.542302e-03,3.782735e-03,4.333728e-03,3.377869e-02,3.218528e-02,9.048479e-03,3.698485e-04,4.061958e-03,1.963008e-02,3.516120e-03,8.512456e-01,9.502381e-03,1.788019e-03,1.557888e-02,5.635854e-03
4.018345e-03,2.723909e-03,3.102462e-03,2.373471e-02,4.759154e-02,6.378042e-03,3.960854e-04,2.862541e-03,1.406675e-02,2.919033e-03,8.681580e-01,7.126159e-03,1.395228e-03,1.142811e-02,4.099071e-03
3.526616e-03,2.012197e-03,2.251672e-03,1.683217e-02,1.046044e-01,4.705203e-03,8.676487e-04,2.073534e-03,1.111865e-02,2.441216e-03,8.305682e-01,5.814334e-03,1.408693e-03,8.708654e-03,3.066814e-03
4.426978e-03,1.960218e-03,3.542369e-03,1.247006e-02,1.086920e-01,4.795566e-03,3.529821e-03,1.181262e-02,1.236270e-01,2.170629e-03,7.038091e-01,7.359844e-03,1.700101e-03,6.901289e-03,3.202419e-03
5.717803e-03,3.511880e-03,4.807808e-03,9.408947e-03,9.502412e-02,7.704380e-03,4.365735e-03,3.074270e-02,2.217892e-01,2.155130e-03,5.956010e-01,8.265150e-03,2.543046e-03,5.587754e-03,2.775424e-03
4.393801e-03,1.732099e-01,2.588330e-02,9.022817e-03,7.344107e-02,5.732254e-03,3.107400e-03,2.410348e-02,2.298506e-01,2.110175e-03,4.311816e-01,5.930470e-03,2.455513e-03,4.079953e-03,5.497727e-03
3.651003e-03,1.795913e-01,2.149901e-02,6.737836e-03,7.274636e-02,4.721781e-03,2.466206e-03,1.863501e-02,3.619569e-01,1.661486e-03,3.124875e-01,4.305050e-03,2.284635e-03,2.949070e-03,4.306891e-03
3.690692e-03,1.453253e-01,1.724015e-02,5.305941e-03,7.925247e-02,4.443603e-03,2.293171e-03,1.420799e-02,4.939874e-01,1.252585e-03,2.225183e-01,3.042706e-03,1.837624e-03,2.157006e-03,3.445090e-03
5.895376e-03,1.151454e-01,1.321711e-02,1.013884e-02,9.012691e-02,3.767885e-03,1.946481e-03,1.783630e-02,5.761266e-01,9.721904e-04,1.566353e-01,2.181839e-03,1.376450e-03,1.541032e-03,3.092292e-03
6.619211e-03,1.115245e-01,1.042135e-02,5.233366e-02,8.234511e-02,3.415667e-03,1.540084e-03,2.007012e-02,5.930264e-01,8.718466e-04,1.105919e-01,1.716750e-03,1.151382e-03,1.097503e-03,3.274628e-03
1.515144e-02,1.076754e-01,8.108846e-03,5.143726e-02,1.651753e-01,2.822696e-03,1.590668e-03,3.391207e-02,5.287719e-01,7.040024e-04,7.852277e-02,1.425286e-03,1.035343e-03,8.335382e-04,2.833616e-03
1.793518e-02,8.520959e-02,6.987617e-03,7.712271e-02,1.864063e-01,2.387054e-03,1.566552e-03,1.258444e-01,4.348038e-01,6.733499e-04,5.559616e-02,1.167333e-03,9.337392e-04,6.319066e-04,2.734250e-03
1.616024e-02,6.049413e-02,5.390071e-03,5.604186e-02,1.624744e-01,1.725053e-03,1.198097e-03,3.325822e-01,3.205632e-01,4.790018e-04,3.897516e-02,8.362372e-04,6.834308e-04,4.558447e-04,1.941078e-03
1.605587e-02,4.315221e-02,3.975016e-03,4.094389e-02,1.279763e-01,1.401003e-03,9.885818e-04,4.906803e-01,2.441731e-01,3.473762e-04,2.736837e-02,6.425477e-04,5.604998e-04,3.338990e-04,1.401009e-03
1.902164e-02,3.175512e-02,3.339672e-03,3.145669e-02,1.022895e-01,1.448281e-03,8.652225e-04,5.872421e-01,2.002234e-01,2.836197e-04,1.940329e-02,6.763441e-04,6.085954e-04,2.603978e-04,1.126187e-03
2.254135e-02,2.539253e-02,4.674015e-03,2.464341e-02,7.830306e-02,2.223113e-03,7.525969e-04,6.743102e-01,1.480051e-01,3.438775e-04,1.455099e-02,1.390169e-03,9.097609e-04,3.020451e-04,1.657836e-03
3.213388e-02,2.089787e-02,6.264871e-03,1.920799e-02,6.257465e-02,2.740643e-03,8.529653e-04,7.273591e-01,1.117601e-01,3.772773e-04,1.077615e-02,1.775692e-03,9.601318e-04,3.405708e-04,1.978205e-03
6.730311e-02,1.766678e-02,9.838574e-03,1.667119e-02,5.314551e-02,5.958222e-03,2.249646e-03,7.248524e-01,8.665167e-02,5.192622e-04,8.421008e-03,2.271337e-03,1.316955e-03,6.305530e-04,2.503799e-03
2.287348e-01,1.545167e-02,1.054447e-02,1.536287e-02,4.055644e-02,1.957959e-02,2.276784e-03,5.534836e-01,6.762759e-02,1.833361e-03,9.797809e-03,1.574781e-02,1.170323e-02,1.608622e-03,5.691267e-03
3.059717e-01,1.253754e-02,9.038569e-03,1.897121e-02,3.153803e-02,2.643560e-02,1.882502e-03,3.977527e-01,5.106359e-02,3.725435e-03,1.714450e-02,3.076726e-02,8.357031e-02,2.366096e-03,7.234964e-03
3.642584e-01,1.058304e-02,9.112369e-03,2.870643e-02,2.359789e-02,2.349841e-02,2.105366e-03,2.864825e-01,3.926601e-02,5.604554e-03,3.291334e-02,4.745884e-02,1.095655e-01,4.178658e-03,1.266860e-02
4.404310e-01,8.782512e-03,9.248573e-03,3.127249e-02,2.169582e-02,2.071460e-02,1.719686e-03,2.043434e-01,3.004539e-02,8.774489e-03,5.858056e-02,4.098543e-02,1.057732e-01,4.559938e-03,1.307293e-02
3.639720e-01,7.957743e-03,1.097363e-02,3.366240e-02,2.669060e-02,1.845187e-02,2.594260e-03,1.479133e-01,3.970855e-02,1.919525e-02,6.647756e-02,4.385053e-02,1.841369e-01,4.660176e-03,2.975521e-02
3.779295e-01,1.085048e-02,1.137547e-02,5.038834e-02,2.397957e-02,2.831876e-02,4.433337e-03,1.106506e-01,5.419163e-02,2.038532e-02,5.323996e-02,4.050179e-02,1.755809e-01,6.754485e-03,3.141990e-02
4.103441e-01,1.178817e-02,1.012372e-02,4.754456e-02,2.018432e-02,3.383569e-02,4.871151e-03,8.359423e-02,6.343107e-02,2.147220e-02,4.361269e-02,4.068836e-02,1.709892e-01,8.570243e-03,2.895028e-02
3.590100e-01,1.744445e-02,1.268294e-02,3.798058e-02,2.145744e-02,3.222363e-02,7.095551e-03,1.041806e-01,7.370323e-02,2.228339e-02,3.320697e-02,3.750491e-02,1.946029e-01,9.081965e-03,3.754145e-02
3.011802e-01,3.257431e-02,2.065527e-02,4.170681e-02,2.233297e-02,2.858333e-02,6.481856e-03,9.141834e-02,8.839499e-02,2.087730e-02,2.953297e-02,3.483534e-02,1.827447e-01,1.010716e-02,8.857456e-02
2.832491e-01,3.010856e-02,5.379967e-02,8.612505e-02,2.876158e-02,3.007995e-02,8.373340e-03,8.975293e-02,8.107617e-02,2.171139e-02,2.394015e-02,3.235682e-02,1.530349e-01,8.197304e-03,6.943316e-02
2.559201e-01,3.398791e-02,3.928957e-02,7.219458e-02,2.960363e-02,3.703950e-02,1.043368e-02,6.632210e-02,1.498453e-01,1.689497e-02,1.873178e-02,3.272909e-02,1.732993e-01,6.466484e-03,5.724203e-02
2.938324e-01,3.260566e-02,2.938511e-02,6.477885e-02,2.768498e-02,4.360574e-02,1.021132e-02,5.201479e-02,1.425505e-01,1.297731e-02,1.589888e-02,2.946726e-02,1.865109e-01,6.279027e-03,5.219736e-02
2.793711e-01,5.442847e-02,2.266452e-02,4.853220e-02,3.138945e-02,5.750149e-02,8.435890e-03,4.120535e-02,1.915841e-01,1.281301e-02,1.331825e-02,2.446809e-02,1.677283e-01,5.693288e-03,4.086643e-02
2.881988e-01,5.288296e-02,1.656277e-02,3.885933e-02,4.001429e-02,7.856059e-02,7.573233e-03,3.433529e-02,2.257802e-01,1.712434e-02,1.142970e-02,2.038285e-02,1.315588e-01,5.611076e-03,3.112585e-02
2.463205e-01,5.639856e-02,1.704167e-02,1.114458e-01,3.891224e-02,5.865088e-02,5.644764e-03,2.726631e-02,1.962604e-01,1.705304e-02,3.462925e-02,3.497102e-02,9.877815e-02,6.248126e-03,5.037934e-02
1.747086e-01,5.595654e-02,1.390782e-02,8.855950e-02,3.108666e-02,1.248332e-01,4.209184e-03,1.948920e-02,1.979535e-01,2.683174e-02,6.109145e-02,2.672150e-02,7.936795e-02,1.365149e-02,8.163169e-02
1.236588e-01,4.744246e-02,1.194362e-02,7.834735e-02,2.516023e-02,1.902986e-01,3.122031e-03,1.417422e-02,2.106018e-01,2.627137e-02,7.554608e-02,2.048376e-02,6.062321e-02,2.313001e-02,8.919649e-02
8.717219e-02,3.392814e-02,8.976177e-03,5.672640e-02,2.321127e-02,1.412693e-01,2.343677e-03,1.021644e-02,2.355119e-01,3.116361e-02,1.054877e-01,1.593109e-02,5.025623e-02,9.479173e-02,1.030141e-01
6.111051e-02,2.393379e-02,6.508071e-03,4.017477e-02,1.865342e-02,1.007157e-01,1.682558e-03,7.199492e-03,1.798626e-01,2.366181e-02,1.144200e-01,1.217355e-02,4.407648e-02,2.798732e-01,8.595415e-02
4.304054e-02,1.698649e-02,4.734353e-03,2.838003e-02,1.391731e-02,7.158542e-02,1.200808e-03,5.102895e-03,1.534394e-01,1.734327e-02,9.007242e-02,9.017608e-03,3.553875e-02,4.035320e-01,1.061087e-01
3.029572e-02,1.283151e-02,3.876631e-03,2.003155e-02,9.857617e-03,5.193545e-02,8.796745e-04,4.870608e-03,1.277113e-01,1.233047e-02,6.845117e-02,6.368922e-03,2.502020e-02,5.460550e-01,7.948432e-02
2.149589e-02,9.308592e-03,2.790538e-03,1.447514e-02,7.198825e-03,3.861648e-02,6.369487e-04,3.862318e-03,1.940363e-01,9.162149e-03,5.181624e-02,4.574751e-03,1.831101e-02,5.583783e-01,6.533661e-02
1.562674e-02,7.564865e-03,2.126835e-03,1.048436e-02,5.499259e-03,2.855070e-02,4.575250e-04,3.578238e-03,1.812657e-01,6.701076e-03,4.069139e-02,3.361535e-03,1.340201e-02,6.318752e-01,4.881455e-02
1.110217e-02,8.925408e-03,2.031148e-03,7.407526e-03,4.026380e-03,2.058952e-02,3.251820e-04,2.648891e-03,1.464390e-01,4.776381e-03,3.616521e-02,2.451907e-03,9.765859e-03,7.061701e-01,3.717531e-02
