1.000000e+00,0.000000e+00,0.000000e+00,0.000000e+00,0.000000e+00,0.000000e+00,0.000000e+00,0.000000e+00,0.000000e+00,0.000000e+00,0.000000e+00,0.000000e+00,0.000000e+00,0.000000e+00,0.000000e+00
1.000000e+00,0.000000e+00,0.000000e+00,0.000000e+00,0.000000e+00,0.000000e+00,0.000000e+00,0.000000e+00,0.000000e+00,0.000000e+00,0.000000e+00,0.000000e+00,0.000000e+00,0.000000e+00,0.000000e+00
1.000000e+00,0.000000e+00,0.000000e+00,0.000000e+00,0.000000e+00,0.000000e+00,0.000000e+00,0.000000e+00,0.000000e+00,0.000000e+00,0.000000e+00,0.000000e+00,0.000000e+00,0.000000e+00,0.000000e+00
1.000000e+00,0.000000e+00,0.000000e+00,0.000000e+00,0.000000e+00,0.000000e+00,0.000000e+00,0.000000e+00,0.000000e+00,0.000000e+00,0.000000e+00,0.000000e+00,0.000000e+00,0.000000e+00,0.000000e+00
1.000000e+00,0.000000e+00,0.000000e+00,0.000000e+00,0.000000e+00,0.000000e+00,0.000000e+00,0.000000e+00,0.000000e+00,0.000000e+00,0.000000e+00,0.000000e+00,0.000000e+00,0.000000e+00,0.000000e+00
1.000000e+00,0.000000e+00,0.000000e+00,0.000000e+00,0.000000e+00,0.000000e+00,0.000000e+00,0.000000e+00,0.000000e+00,0.000000e+00,0.000000e+00,0.000000e+00,0.000000e+00,0.000000e+00,0.000000e+00
1.000000e+00,0.000000e+00,0.000000e+00,0.000000e+00,0.000000e+00,0.000000e+00,0.000000e+00,0.000000e+00,0.000000e+00,0.000000e+00,0.000000e+00,0.000000e+00,0.000000e+00,0.000000e+00,0.000000e+00
1.000000e+00,0.000000e+00,0.000000e+00,0.000000e+00,0.000000e+00,0.000000e+00,0.000000e+00,0.000000e+00,0.000000e+00,0.000000e+00,0.000000e+00,0.000000e+00,0.000000e+00,0.000000e+00,0.000000e+00
1.000000e+00,0.000000e+00,0.000000e+00,0.000000e+00,0.000000e+00,0.000000e+00,0.000000e+00,0.000000e+00,0.000000e+00,0.000000e+00,0.000000e+00,0.000000e+00,0.000000e+00,0.000000e+00,0.000000e+00
1.000000e+00,0.000000e+00,0.000000e+00,0.000000e+00,0.000000e+00,0.000000e+00,0.000000e+00,0.000000e+00,0.000000e+00,0.000000e+00,0.000000e+00,0.000000e+00,0.000000e+00,0.000000e+00,0.000000e+00
1.000000e+00,0.000000e+00,0.000000e+00,0.000000e+00,0.000000e+00,0.000000e+00,0.000000e+00,0.000000e+00,0.000000e+00,0.000000e+00,0.000000e+00,0.000000e+00,0.000000e+00,0.000000e+00,0.000000e+00
1.000000e+00,0.000000e+00,0.000000e+00,0.000000e+00,0.000000e+00,0.000000e+00,0.000000e+00,0.000000e+00,0.000000e+00,0.000000e+00,0.000000e+00,0.000000e+00,0.000000e+00,0.000000e+00,0.000000e+00
1.000000e+00,0.000000e+00,0.000000e+00,0.000000e+00,0.000000e+00,0.000000e+00,0.000000e+00,0.000000e+00,0.000000e+00,0.000000e+00,0.000000e+00,0.000000e+00,0.000000e+00,0.000000e+00,0.000000e+00
1.000000e+00,0.000000e+00,0.000000e+00,0.000000e+00,0.000000e+00,0.000000e+00,0.000000e+00,0.000000e+00,0.000000e+00,0.000000e+00,0.000000e+00,0.000000e+00,0.000000e+00,0.000000e+00,0.000000e+00
1.000000e+00,0.000000e+00,0.000000e+00,0.000000e+00,0.000000e+00,0.000000e+00,0.000000e+00,0.000000e+00,0.000000e+00,0.000000e+00,0.000000e+00,0.000000e+00,0.000000e+00,0.000000e+00,0.000000e+00
1.000000e+00,0.000000e+00,0.000000e+00,0.000000e+00,0.000000e+00,0.000000e+00,0.000000e+00,0.000000e+00,0.000000e+00,0.000000e+00,0.000000e+00,0.000000e+00,0.000000e+00,0.000000e+00,0.000000e+00
1.000000e+00,0.000000e+00,0.000000e+00,0.000000e+00,0.000000e+00,0.000000e+00,0.000000e+00,0.000000e+00,0.000000e+00,0.000000e+00,0.000000e+00,0.000000e+00,0.000000e+00,0.000000e+00,0.000000e+00
1.000000e+00,0.000000e+00,0.000000e+00,0.000000e+00,0.000000e+00,0.000000e+00,0.000000e+00,0.000000e+00,0.000000e+00,0.000000e+00,0.000000e+00,0.000000e+00,0.000000e+00,0.000000e+00,0.000000e+00
1.000000e+00,0.000000e+00,0.000000e+00,0.000000e+00,0.000000e+00,0.000000e+00,0.000000e+00,0.000000e+00,0.000000e+00,0.000000e+00,0.000000e+00,0.000000e+00,0.000000e+00,0.000000e+00,0.000000e+00
1.000000e+00,0.000000e+00,0.000000e+00,0.000000e+00,0.000000e+00,0.000000e+00,0.000000e+00,0.000000e+00,0.000000e+00,0.000000e+00,0.000000e+00,0.000000e+00,0.000000e+00,0.000000e+00,0.000000e+00
1.000000e+00,0.000000e+00,0.000000e+00,0.000000e+00,0.000000e+00,0.000000e+00,0.000000e+00,0.000000e+00,0.000000e+00,0.000000e+00,0.000000e+00,0.000000e+00,0.000000e+00,0.000000e+00,0.000000e+00
1.000000e+00,0.000000e+00,0.000000e+00,0.000000e+00,0.000000e+00,0.000000e+00,0.000000e+00,0.000000e+00,0.000000e+00,0.000000e+00,0.000000e+00,0.000000e+00,0.000000e+00,0.000000e+00,0.000000e+00
1.000000e+00,0.000000e+00,0.000000e+00,0.000000e+00,0.000000e+00,0.000000e+00,0.000000e+00,0.000000e+00,0.000000e+00,0.000000e+00,0.000000e+00,0.000000e+00,0.000000e+00,0.000000e+00,0.000000e+00
1.000000e+00,0.000000e+00,0.000000e+00,0.000000e+00,0.000000e+00,0.000000e+00,0.000000e+00,0.000000e+00,0.000000e+00,0.000000e+00,0.000000e+00,0.000000e+00,0.000000e+00,0.000000e+00,0.000000e+00
1.000000e+00,0.000000e+00,0.000000e+00,0.000000e+00,0.000000e+00,0.000000e+00,0.000000e+00,0.000000e+00,0.000000e+00,0.000000e+00,0.000000e+00,0.000000e+00,0.000000e+00,0.000000e+00,0.000000e+00
1.000000e+00,0.000000e+00,0.000000e+00,0.000000e+00,0.000000e+00,0.000000e+00,0.000000e+00,0.000000e+00,0.000000e+00,0.000000e+00,0.000000e+00,0.000000e+00,0.000000e+00,0.000000e+00,0.000000e+00
1.000000e+00,0.000000e+00,0.000000e+00,0.000000e+00,0.000000e+00,0.000000e+00,0.000000e+00,0.000000e+00,0.000000e+00,0.000000e+00,0.000000e+00,0.000000e+00,0.000000e+00,0.000000e+00,0.000000e+00
1.000000e+00,0.000000e+00,0.000000e+00,0.000000e+00,0.000000e+00,0.000000e+00,0.000000e+00,0.000000e+00,0.000000e+00,0.000000e+00,0.000000e+00,0.000000e+00,0.000000e+00,0.000000e+00,0.000000e+00
1.000000e+00,0.000000e+00,0.000000e+00,0.000000e+00,0.000000e+00,0.000000e+00,0.000000e+00,0.000000e+00,0.000000e+00,0.000000e+00,0.000000e+00,0.000000e+00,0.000000e+00,0.000000e+00,0.000000e+00
1.000000e+00,0.000000e+00,0.000000e+00,0.000000e+00,0.000000e+00,0.000000e+00,0.000000e+00,0.000000e+00,0.000000e+00,0.000000e+00,0.000000e+00,0.000000e+00,0.000000e+00,0.000000e+00,0.000000e+00
1.000000e+00,0.000000e+00,0.000000e+00,0.000000e+00,0.000000e+00,0.000000e+00,0.000000e+00,0.000000e+00,0.000000e+00,0.000000e+00,0.000000e+00,0.000000e+00,0.000000e+00,0.000000e+00,0.000000e+00
1.000000e+00,0.000000e+00,0.000000e+00,0.000000e+00,0.000000e+00,0.000000e+00,0.000000e+00,0.000000e+00,0.000000e+00,0.000000e+00,0.000000e+00,0.000000e+00,0.000000e+00,0.000000e+00,0.000000e+00
1.000000e+00,0.000000e+00,0.000000e+00,0.000000e+00,0.000000e+00,0.000000e+00,0.000000e+00,0.000000e+00,0.000000e+00,0.000000e+00,0.000000e+00,0.000000e+00,0.000000e+00,0.000000e+00,0.000000e+00
1.000000e+00,0.000000e+00,0.000000e+00,0.000000e+00,0.000000e+00,0.000000e+00,0.000000e+00,0.000000e+00,0.000000e+00,0.000000e+00,0.000000e+00,0.000000e+00,0.000000e+00,0.000000e+00,0.000000e+00
1.000000e+00,0.000000e+00,0.000000e+00,0.000000e+00,0.000000e+00,0.000000e+00,0.000000e+00,0.000000e+00,0.000000e+00,0.000000e+00,0.000000e+00,0.000000e+00,0.000000e+00,0.000000e+00,0.000000e+00
1.000000e+00,0.000000e+00,0.000000e+00,0.000000e+00,0.000000e+00,0.000000e+00,0.000000e+00,0.000000e+00,0.000000e+00,0.000000e+00,0.000000e+00,0.000000e+00,0.000000e+00,0.000000e+00,0.000000e+00
1.000000e+00,0.000000e+00,0.000000e+00,0.000000e+00,0.000000e+00,0.000000e+00,0.000000e+00,0.000000e+00,0.000000e+00,0.000000e+00,0.000000e+00,0.000000e+00,0.000000e+00,0.000000e+00,0.000000e+00
1.000000e+00,0.000000e+00,0.000000e+00,0.000000e+00,0.000000e+00,0.000000e+00,0.000000e+00,0.000000e+00,0.000000e+00,0.000000e+00,0.000000e+00,0.000000e+00,0.000000e+00,0.000000e+00,0.000000e+00
1.000000e+00,0.000000e+00,0.000000e+00,0.000000e+00,0.000000e+00,0.000000e+00,0.000000e+00,0.000000e+00,0.000000e+00,0.000000e+00,0.000000e+00,0.000000e+00,0.000000e+00,0.000000e+00,0.000000e+00
1.000000e+00,0.000000e+00,0.000000e+00,0.000000e+00,0.000000e+00,0.000000e+00,0.000000e+00,0.000000e+00,0.000000e+00,0.000000e+00,0.000000e+00,0.000000e+00,0.000000e+00,0.000000e+00,0.000000e+00
1.000000e+00,0.000000e+00,0.000000e+00,0.000000e+00,0.000000e+00,0.000000e+00,0.000000e+00,0.000000e+00,0.000000e+00,0.000000e+00,0.000000e+00,0.000000e+00,0.000000e+00,0.000000e+00,0.000000e+00
1.000000e+00,0.000000e+00,0.000000e+00,0.000000e+00,0.000000e+00,0.000000e+00,0.000000e+00,0.000000e+00,0.000000e+00,0.000000e+00,0.000000e+00,0.000000e+00,0.000000e+00,0.000000e+00,0.000000e+00
1.000000e+00,0.000000e+00,0.000000e+00,0.000000e+00,0.000000e+00,0.000000e+00,0.000000e+00,0.000000e+00,0.000000e+00,0.000000e+00,0.000000e+00,0.000000e+00,0.000000e+00,0.000000e+00,0.000000e+00
1.000000e+00,0.000000e+00,0.000000e+00,0.000000e+00,0.000000e+00,0.000000e+00,0.000000e+00,0.000000e+00,0.000000e+00,0.000000e+00,0.000000e+00,0.000000e+00,0.000000e+00,0.000000e+00,0.000000e+00
1.000000e+00,0.000000e+00,0.000000e+00,0.000000e+00,0.000000e+00,0.000000e+00,0.000000e+00,0.000000e+00,0.000000e+00,0.000000e+00,0.000000e+00,0.000000e+00,0.000000e+00,0.000000e+00,0.000000e+00
1.000000e+00,0.000000e+00,0.000000e+00,0.000000e+00,0.000000e+00,0.000000e+00,0.000000e+00,0.000000e+00,0.000000e+00,0.000000e+00,0.000000e+00,0.000000e+00,0.000000e+00,0.000000e+00,0.000000e+00
1.000000e+00,0.000000e+00,0.000000e+00,0.000000e+00,0.000000e+00,0.000000e+00,0.000000e+00,0.000000e+00,0.000000e+00,0.000000e+00,0.000000e+00,0.000000e+00,0.000000e+00,0.000000e+00,0.000000e+00
1.000000e+00,0.000000e+00,0.000000e+00,0.000000e+00,0.000000e+00,0.000000e+00,0.000000e+00,0.000000e+00,0.000000e+00,0.000000e+00,0.000000e+00,0.000000e+00,0.000000e+00,0.000000e+00,0.000000e+00
1.000000e+00,0.000000e+00,0.000000e+00,0.000000e+00,0.000000e+00,0.000000e+00,0.000000e+00,0.000000e+00,0.000000e+00,0.000000e+00,0.000000e+00,0.000000e+00,0.000000e+00,0.000000e+00,0.000000e+00
1.000000e+00,0.000000e+00,0.000000e+00,0.000000e+00,0.000000e+00,0.000000e+00,0.000000e+00,0.000000e+00,0.000000e+00,0.000000e+00,0.000000e+00,0.000000e+00,0.000000e+00,0.000000e+00,0.000000e+00
1.000000e+00,0.000000e+00,0.000000e+00,0.000000e+00,0.000000e+00,0.000000e+00,0.000000e+00,0.000000e+00,0.000000e+00,0.000000e+00,0.000000e+00,0.000000e+00,0.000000e+00,0.000000e+00,0.000000e+00
1.000000e+00,0.000000e+00,0.000000e+00,0.000000e+00,0.000000e+00,0.000000e+00,0.000000e+00,0.000000e+00,0.000000e+00,0.000000e+00,0.000000e+00,0.000000e+00,0.000000e+00,0.000000e+00,0.000000e+00
1.000000e+00,0.000000e+00,0.000000e+00,0.000000e+00,0.000000e+00,0.000000e+00,0.000000e+00,0.000000e+00,0.000000e+00,0.000000e+00,0.000000e+00,0.000000e+00,0.000000e+00,0.000000e+00,0.000000e+00
1.000000e+00,0.000000e+00,0.000000e+00,0.000000e+00,0.000000e+00,0.000000e+00,0.000000e+00,0.000000e+00,0.000000e+00,0.000000e+00,0.000000e+00,0.000000e+00,0.000000e+00,0.000000e+00,0.000000e+00
1.000000e+00,0.000000e+00,0.000000e+00,0.000000e+00,0.000000e+00,0.000000e+00,0.000000e+00,0.000000e+00,0.000000e+00,0.000000e+00,0.000000e+00,0.000000e+00,0.000000e+00,0.000000e+00,0.000000e+00
1.000000e+00,0.000000e+00,0.000000e+00,0.000000e+00,0.000000e+00,0.000000e+00,0.000000e+00,0.000000e+00,0.000000e+00,0.000000e+00,0.000000e+00,0.000000e+00,0.000000e+00,0.000000e+00,0.000000e+00
1.000000e+00,0.000000e+00,0.000000e+00,0.000000e+00,0.000000e+00,0.000000e+00,0.000000e+00,0.000000e+00,0.000000e+00,0.000000e+00,0.000000e+00,0.000000e+00,0.000000e+00,0.000000e+00,0.000000e+00
4.086671e-01,1.623832e-02,6.623491e-02,6.546529e-02,8.390790e-03,2.557709e-02,3.977431e-03,3.319741e-01,5.286694e-03,2.401770e-03,1.052932e-02,2.537316e-02,1.309687e-02,2.195337e-03,1.459179e-02
2.944261e-01,1.239946e-02,9.857547e-02,6.223607e-02,8.497812e-03,1.940143e-02,4.140194e-03,4.469330e-01,3.839051e-03,2.185759e-03,7.637076e-03,1.812273e-02,9.466321e-03,1.713791e-03,1.042574e-02
2.236602e-01,9.808704e-03,9.145218e-02,5.227771e-02,7.780273e-03,1.735802e-02,8.224717e-03,5.472067e-01,3.126640e-03,2.705008e-03,5.833096e-03,1.326750e-02,7.594799e-03,1.557466e-03,8.146975e-03
1.983761e-01,1.679108e-02,7.879909e-02,4.690816e-02,9.140999e-03,2.763671e-02,6.866324e-03,4.846529e-01,1.776582e-02,1.019899e-02,3.491663e-02,1.856895e-02,3.285876e-02,4.333371e-03,1.218612e-02
1.524449e-01,1.999459e-02,5.827998e-02,3.839018e-02,7.416331e-03,3.077927e-02,5.375728e-03,3.605899e-01,2.353865e-02,1.372049e-01,5.040978e-02,1.908425e-02,7.065432e-02,4.893938e-03,2.094326e-02
1.121724e-01,2.897533e-02,4.231744e-02,4.047486e-02,5.637163e-03,2.697455e-02,4.013961e-03,2.550670e-01,5.564170e-02,1.730215e-01,4.798867e-02,1.869150e-02,1.256270e-01,5.194983e-03,5.820196e-02
8.098263e-02,2.856971e-02,3.025891e-02,5.157421e-02,4.301121e-03,2.290573e-02,2.889557e-03,1.793706e-01,6.969333e-02,1.981241e-01,4.595743e-02,1.810196e-02,1.461098e-01,4.844327e-03,1.163166e-01
5.839716e-02,2.114218e-02,2.216132e-02,5.151455e-02,4.506366e-03,2.389873e-02,2.185241e-03,1.258571e-01,5.454176e-02,1.487037e-01,4.553298e-02,1.796476e-02,1.302462e-01,4.242636e-03,2.891054e-01
4.510426e-02,1.535454e-02,1.599739e-02,3.998915e-02,3.774879e-03,2.303266e-02,1.612344e-03,8.830050e-02,4.067472e-02,1.095837e-01,4.259476e-02,1.930453e-02,1.103754e-01,4.554825e-03,4.397463e-01
3.236672e-02,1.136988e-02,1.383819e-02,4.648553e-02,3.819140e-03,1.883302e-02,1.207972e-03,6.305306e-02,3.460700e-02,8.729483e-02,4.466620e-02,2.000378e-02,1.154968e-01,3.974841e-03,5.029830e-01
2.443482e-02,8.700476e-03,1.146324e-02,4.678316e-02,5.162083e-03,2.795347e-02,1.025999e-03,4.551595e-02,2.817741e-02,7.171983e-02,6.876186e-02,2.523526e-02,1.165370e-01,4.825883e-03,5.137036e-01
1.884172e-02,6.960930e-03,9.353177e-03,6.835251e-02,6.241992e-03,2.958087e-02,8.571520e-04,3.525054e-02,2.619923e-02,5.360276e-02,1.005281e-01,2.580622e-02,1.086556e-01,5.010929e-03,5.047583e-01
1.799101e-02,5.187613e-03,7.440762e-03,5.631198e-02,8.342467e-03,1.019977e-01,1.042982e-03,2.780692e-02,1.910288e-02,4.227825e-02,1.587697e-01,2.420109e-02,9.814120e-02,4.243015e-03,4.271424e-01
2.361892e-02,8.655626e-03,1.327157e-02,7.511054e-02,1.638464e-02,9.392603e-02,1.155781e-03,2.482310e-02,2.736266e-02,4.892557e-02,2.363921e-01,2.154920e-02,9.736985e-02,3.654319e-03,3.078001e-01
1.961184e-02,1.881530e-02,2.233705e-02,6.704544e-02,1.907141e-02,7.211622e-02,1.253355e-03,2.721838e-02,6.947728e-02,4.113347e-02,2.916749e-01,2.352994e-02,1.018525e-01,3.066963e-03,2.217959e-01
3.007179e-02,2.041520e-02,5.073299e-02,5.377888e-02,3.469061e-02,5.547562e-02,2.244525e-03,5.136394e-02,1.436729e-01,4.017188e-02,2.519419e-01,2.276894e-02,8.253951e-02,2.670412e-03,1.574609e-01
2.879966e-02,3.066717e-02,9.839775e-02,8.491268e-02,3.152919e-02,4.895972e-02,2.061308e-03,5.241872e-02,2.069248e-01,3.270705e-02,1.836548e-01,1.860745e-02,6.485581e-02,2.064889e-03,1.134390e-01
4.526952e-02,3.004662e-02,1.623969e-01,7.477366e-02,7.377742e-02,3.681424e-02,3.012741e-03,4.070410e-02,2.292044e-01,2.669582e-02,1.338788e-01,1.364127e-02,4.690546e-02,1.647449e-03,8.123165e-02
5.869742e-02,4.827057e-02,2.253657e-01,1.002552e-01,6.697612e-02,2.953241e-02,2.989392e-03,3.373564e-02,2.064084e-01,2.544252e-02,9.561275e-02,1.073916e-02,3.415079e-02,1.783135e-03,6.004088e-02
5.536970e-02,4.027719e-02,2.912388e-01,1.642761e-01,5.958103e-02,2.322316e-02,2.612977e-03,2.942003e-02,1.667515e-01,2.070140e-02,6.821054e-02,8.255336e-03,2.493327e-02,1.378110e-03,4.377086e-02
7.932125e-02,4.508705e-02,2.729264e-01,1.642698e-01,4.622025e-02,2.011907e-02,2.528391e-03,3.445575e-02,1.534407e-01,3.285846e-02,6.645574e-02,9.465219e-03,2.304579e-02,1.602244e-03,4.820393e-02
1.120131e-01,6.454761e-02,2.487820e-01,1.237368e-01,4.064954e-02,1.730304e-02,3.846758e-03,2.882325e-02,1.707582e-01,4.028274e-02,6.448074e-02,1.723515e-02,2.633790e-02,2.407270e-03,3.879595e-02
1.766199e-01,7.181912e-02,1.945891e-01,9.129179e-02,5.983249e-02,1.766995e-02,6.744987e-03,3.120105e-02,1.491340e-01,4.409166e-02,5.665935e-02,1.738499e-02,2.796751e-02,3.756560e-03,5.123760e-02
2.275900e-01,8.269118e-02,1.570512e-01,7.395453e-02,7.578069e-02,1.540887e-02,7.555719e-03,3.255641e-02,1.336900e-01,4.320340e-02,4.591112e-02,1.872721e-02,3.133169e-02,4.473687e-03,5.007434e-02
2.386554e-01,7.879153e-02,1.287881e-01,7.514549e-02,7.154756e-02,1.703659e-02,7.539035e-03,2.515000e-02,1.149271e-01,3.605137e-02,4.799988e-02,2.699231e-02,5.519075e-02,7.681866e-03,6.850295e-02
1.730376e-01,6.418984e-02,9.596698e-02,1.274174e-01,6.315491e-02,1.812002e-02,6.378285e-03,2.098552e-02,9.455042e-02,3.402632e-02,7.829595e-02,6.507021e-02,9.561767e-02,7.065045e-03,5.612376e-02
1.365834e-01,4.691134e-02,6.814023e-02,1.012721e-01,5.720084e-02,1.582276e-02,5.223198e-03,1.672510e-02,9.093196e-02,2.619027e-02,1.835490e-01,8.148422e-02,1.082111e-01,2.004328e-02,4.171123e-02
1.161991e-01,3.440096e-02,4.870604e-02,7.450194e-02,4.610845e-02,1.235767e-02,3.966470e-03,1.275373e-02,7.373659e-02,1.998731e-02,2.434081e-01,1.416217e-01,9.045520e-02,5.145220e-02,3.034451e-02
1.216806e-01,2.560860e-02,3.455852e-02,5.467058e-02,3.314328e-02,1.055359e-02,3.109864e-03,9.696457e-03,6.288463e-02,1.844624e-02,3.196705e-01,1.315991e-01,6.548066e-02,8.660606e-02,2.229129e-02
9.189088e-02,2.374456e-02,2.845779e-02,4.043284e-02,2.766139e-02,3.804943e-02,5.135370e-03,4.818872e-02,6.475618e-02,1.417952e-02,3.230195e-01,1.460149e-01,5.146224e-02,8.004223e-02,1.696444e-02
7.625867e-02,1.822385e-02,2.040141e-02,2.941282e-02,2.045671e-02,3.737278e-02,3.764264e-03,3.500202e-02,5.394040e-02,1.321523e-02,4.371774e-01,1.181988e-01,3.700138e-02,8.705006e-02,1.252422e-02
6.867633e-02,1.783109e-02,1.484876e-02,2.091523e-02,1.495140e-02,4.140857e-02,2.723894e-03,2.522274e-02,4.684100e-02,1.059195e-02,5.020665e-01,9.832786e-02,2.674182e-02,9.951007e-02,9.342816e-03
5.058093e-02,2.105281e-02,1.216627e-02,1.534617e-02,1.119539e-02,3.636976e-02,2.008721e-03,1.812015e-02,1.069229e-01,9.986532e-03,4.399056e-01,8.925788e-02,1.908069e-02,1.599926e-01,8.013629e-03
3.770367e-02,1.832402e-02,9.650961e-03,1.125410e-02,8.981053e-03,3.457142e-02,1.628573e-03,1.342450e-02,1.708085e-01,9.354960e-03,3.930436e-01,8.561493e-02,1.397751e-02,1.830153e-01,8.646917e-03
2.916337e-02,1.745664e-02,3.060578e-02,9.900205e-03,8.032979e-03,4.362600e-02,2.247753e-03,1.686752e-02,1.772736e-01,9.224152e-03,3.840338e-01,7.720956e-02,1.056404e-02,1.769181e-01,6.876438e-03
2.340685e-02,1.724354e-02,4.046636e-02,1.370544e-02,2.522144e-02,4.199182e-02,2.631499e-03,1.931634e-02,2.718315e-01,1.340748e-02,3.145863e-01,5.846290e-02,9.692328e-03,1.418172e-01,6.219142e-03
1.813845e-02,1.863771e-02,3.268210e-02,1.102781e-02,2.751203e-02,7.382297e-02,2.033935e-03,1.435786e-02,3.295159e-01,1.269504e-02,2.848655e-01,4.661464e-02,8.657722e-03,1.112518e-01,8.186661e-03
1.730778e-02,1.998019e-02,2.765043e-02,1.213089e-02,2.511069e-02,7.216431e-02,1.499190e-03,1.742955e-02,4.397749e-01,1.054402e-02,2.150130e-01,3.356842e-02,7.003821e-03,9.105103e-02,9.771811e-03
1.329089e-02,2.059791e-02,3.082931e-02,3.212226e-02,2.834602e-02,7.923874e-02,1.130973e-03,2.104679e-02,4.930052e-01,1.126092e-02,1.536944e-01,2.383802e-02,6.093213e-03,7.138718e-02,1.411813e-02
1.018426e-02,1.684553e-02,8.490212e-02,7.750544e-02,2.655518e-02,6.256112e-02,8.556507e-04,2.381521e-02,4.883318e-01,1.229241e-02,1.106959e-01,1.704059e-02,4.886769e-03,5.170390e-02,1.182423e-02
1.057753e-02,1.358206e-02,1.033822e-01,8.877754e-02,1.992216e-02,5.035061e-02,6.209597e-04,2.298278e-02,5.153906e-01,1.405171e-02,8.731191e-02,1.216861e-02,4.537074e-03,4.486304e-02,1.148124e-02
1.524262e-02,1.364461e-02,8.307626e-02,8.673121e-02,1.601453e-02,4.376994e-02,4.787848e-04,1.863668e-02,5.695695e-01,1.254548e-02,7.119690e-02,8.985303e-03,4.395872e-03,3.899434e-02,1.671798e-02
7.060895e-02,1.510648e-02,7.659215e-02,7.808421e-02,3.061717e-02,3.750620e-02,2.141837e-03,2.205096e-02,4.665906e-01,9.759365e-03,6.399382e-02,7.024442e-03,8.623855e-03,9.535544e-02,1.594450e-02
6.319120e-02,3.128148e-02,7.932955e-02,1.726088e-01,6.782356e-02,3.633092e-02,3.828322e-03,4.615174e-02,3.438024e-01,7.420186e-03,4.696150e-02,5.096057e-03,6.807544e-03,7.380289e-02,1.556390e-02
6.118140e-02,4.656824e-02,1.314214e-01,1.500451e-01,9.668738e-02,3.689568e-02,8.497204e-03,5.349737e-02,2.768250e-01,6.449935e-03,3.495985e-02,3.798320e-03,5.425033e-03,6.932367e-02,1.842451e-02
7.298882e-02,7.040262e-02,1.240151e-01,1.172497e-01,1.277948e-01,4.353137e-02,1.199111e-02,5.407682e-02,2.349907e-01,7.168469e-03,2.718122e-02,2.995850e-03,4.601203e-03,6.367215e-02,3.734007e-02
7.188584e-02,8.584109e-02,1.264616e-01,1.131015e-01,1.729023e-01,4.407088e-02,1.599686e-02,6.971785e-02,1.874054e-01,5.774645e-03,2.038306e-02,2.433769e-03,3.770707e-03,4.819747e-02,3.205703e-02
1.015392e-01,8.142485e-02,1.934661e-01,8.685266e-02,1.801429e-01,3.892105e-02,1.532903e-02,6.025555e-02,1.519326e-01,5.178339e-03,1.526518e-02,2.339204e-03,3.344314e-03,3.819400e-02,2.581500e-02
8.697264e-02,7.242213e-02,2.996699e-01,1.379798e-01,1.345917e-01,2.814589e-02,1.139430e-02,4.694465e-02,1.089347e-01,5.593946e-03,1.131859e-02,2.318200e-03,3.029546e-03,2.699878e-02,2.368518e-02
6.188810e-02,7.509732e-02,3.276020e-01,2.394786e-01,9.898287e-02,2.052658e-02,8.081315e-03,3.294097e-02,7.704686e-02,4.091897e-03,1.087480e-02,2.061663e-03,5.195744e-03,1.892870e-02,1.720256e-02
4.391489e-02,5.467271e-02,2.364912e-01,3.647758e-01,7.569496e-02,1.475800e-02,5.951775e-03,2.322866e-02,5.453201e-02,4.651381e-03,2.354381e-02,6.561256e-03,6.454801e-02,1.327024e-02,1.340527e-02
3.094158e-02,3.859945e-02,1.669424e-01,2.884299e-01,5.507601e-02,1.091133e-02,4.286102e-03,1.660021e-02,3.871545e-02,4.677197e-03,5.497835e-02,7.183992e-03,2.626192e-01,9.311680e-03,1.072713e-02
2.275768e-02,2.706567e-02,1.172074e-01,2.047315e-01,3.972156e-02,8.262991e-03,3.146338e-03,1.179177e-02,2.792266e-02,4.462986e-03,5.710011e-02,1.549517e-02,4.444088e-01,6.690382e-03,9.234947e-03
1.625988e-02,1.896652e-02,8.240562e-02,1.434587e-01,2.855808e-02,6.623068e-03,2.348918e-03,8.597453e-03,1.997985e-02,3.472398e-03,4.360361e-02,1.577977e-02,5.981743e-01,4.714274e-03,7.057630e-03
1.150521e-02,1.331401e-02,5.822751e-02,1.005338e-01,2.053872e-02,5.720057e-03,1.711393e-03,6.540660e-03,1.460701e-02,2.698557e-03,3.624126e-02,1.922199e-02,6.995117e-01,3.430810e-03,6.197356e-03
8.295081e-03,9.360548e-03,4.112871e-02,7.057929e-02,1.602705e-02,1.021679e-02,1.362340e-03,5.085529e-03,1.198602e-02,2.580054e-03,3.479710e-02,6.155536e-02,7.188354e-01,3.382241e-03,4.808540e-03
6.047423e-03,6.609403e-03,2.900897e-02,4.967115e-02,1.258114e-02,1.135082e-02,1.067999e-03,3.965218e-03,1.081995e-02,3.175385e-03,3.540077e-02,1.534285e-01,6.704637e-01,2.780501e-03,3.629127e-03
4.520786e-03,4.810380e-03,2.047307e-02,3.488301e-02,1.009204e-02,9.472258e-03,9.733522e-04,3.102540e-03,1.935942e-02,3.844382e-03,4.143096e-02,2.538889e-01,5.874060e-01,2.307205e-03,3.435677e-03
3.395209e-03,3.776437e-03,1.440314e-02,2.463017e-02,8.308148e-03,7.794617e-03,7.330044e-04,2.326844e-03,3.014559e-02,6.553302e-03,4.010614e-02,3.574539e-01,4.941266e-01,2.562260e-03,3.684652e-03
2.588132e-03,3.006746e-03,1.011063e-02,1.739176e-02,7.611559e-03,5.773804e-03,5.474563e-04,1.701705e-03,6.589375e-02,6.868851e-03,4.015368e-02,4.001986e-01,4.333387e-01,1.864190e-03,2.950387e-03
1.965093e-03,3.050025e-03,7.096730e-03,1.220166e-02,5.524208e-03,4.375637e-03,4.011376e-04,1.256222e-03,1.021987e-01,5.668649e-03,3.757227e-02,4.745671e-01,3.404442e-01,1.421695e-03,2.256654e-03
1.435276e-03,5.786304e-03,5.001174e-03,8.562682e-03,4.028399e-03,3.715025e-03,2.847683e-04,8.960077e-04,1.926903e-01,4.508044e-03,4.590416e-02,4.448342e-01,2.795024e-01,1.098204e-03,1.753172e-03
1.046346e-03,1.376782e-02,3.590183e-03,6.038017e-03,2.948168e-03,4.327413e-03,2.067565e-04,7.113963e-04,3.560695e-01,3.451306e-03,4.144721e-02,3.589001e-01,2.034049e-01,1.424188e-03,2.666652e-03
7.790262e-04,1.606197e-02,2.625353e-03,4.271196e-03,2.213020e-03,4.301559e-03,1.592199e-04,2.778757e-03,5.282463e-01,2.714879e-03,3.116552e-02,2.577124e-01,1.439021e-01,1.062626e-03,2.006046e-03
6.202600e-04,1.665349e-02,2.026795e-03,3.222028e-03,1.721319e-03,5.470651e-03,1.347334e-04,5.680033e-03,6.546852e-01,1.982957e-03,2.254598e-02,1.813957e-01,1.016228e-01,7.556059e-04,1.482451e-03
6.317344e-04,1.669353e-02,1.466776e-03,5.023269e-03,4.421386e-03,1.157597e-02,1.068956e-04,4.911345e-03,7.380302e-01,1.446283e-03,1.583689e-02,1.270268e-01,7.117076e-02,5.383345e-04,1.119870e-03
8.425791e-04,1.744576e-02,1.126551e-03,9.166230e-03,1.135167e-02,1.196891e-02,1.019558e-04,3.851761e-03,7.915317e-01,1.097828e-03,1.114905e-02,8.898376e-02,4.990380e-02,3.922654e-04,1.086174e-03
1.754552e-03,3.427601e-02,1.003380e-03,1.982857e-02,4.362122e-02,1.138854e-02,1.641452e-04,3.780514e-03,7.762758e-01,8.846145e-04,7.997708e-03,6.238153e-02,3.526668e-02,3.047864e-04,1.071980e-03
2.636777e-03,3.261222e-02,1.460255e-03,3.928383e-02,7.127500e-02,9.056058e-03,3.330398e-04,3.210805e-02,7.352298e-01,6.522900e-04,5.705952e-03,4.369753e-02,2.480992e-02,2.246968e-04,9.145442e-04
5.685897e-03,3.099760e-02,1.480188e-03,4.348583e-02,8.367103e-02,9.194436e-03,4.165269e-04,3.958104e-02,7.316077e-01,4.936950e-04,4.157085e-03,3.062612e-02,1.744732e-02,1.652616e-04,9.903716e-04
8.325445e-03,2.246421e-02,1.134770e-03,3.326137e-02,8.343698e-02,6.827730e-03,3.256114e-04,2.125161e-01,5.938721e-01,3.493675e-04,2.983928e-03,2.145479e-02,1.222975e-02,1.171138e-04,7.007971e-04
8.382419e-03,1.606377e-02,8.206036e-04,2.363036e-02,7.980056e-02,4.864858e-03,2.438024e-04,3.988506e-01,4.408151e-01,2.454028e-04,2.111727e-03,1.502530e-02,8.569171e-03,8.273379e-05,4.935898e-04
6.631266e-03,1.132816e-02,5.929958e-04,1.688819e-02,6.116093e-02,3.460615e-03,1.900608e-04,5.684394e-01,3.127093e-01,1.724419e-04,1.490163e-03,1.052242e-02,6.008382e-03,5.812845e-05,3.476817e-04
5.492457e-03,8.014334e-03,4.995702e-04,1.198411e-02,4.365412e-02,2.573690e-03,1.426582e-04,6.952627e-01,2.192160e-01,1.254374e-04,1.088153e-03,7.403478e-03,4.249796e-03,4.202374e-05,2.516281e-04
5.126423e-03,5.653438e-03,4.260373e-04,8.465705e-03,3.114110e-02,1.892561e-03,1.172306e-04,7.842136e-01,1.536341e-01,9.238468e-05,7.963837e-04,5.219909e-03,3.005971e-03,3.071232e-05,1.845003e-04
6.606366e-03,4.008995e-03,6.237861e-04,6.221564e-03,2.203337e-02,1.494637e-03,9.191878e-05,8.438548e-01,1.076354e-01,7.805890e-05,9.500541e-04,3.885075e-03,2.266122e-03,3.147242e-05,2.184558e-04
1.266766e-02,3.128307e-03,1.684041e-03,5.994659e-03,1.570039e-02,2.047738e-03,8.067077e-05,8.639159e-01,7.583025e-02,1.147886e-04,6.389580e-03,7.286797e-03,4.256429e-03,9.385830e-05,8.089227e-04
2.186538e-02,3.792408e-03,1.340569e-02,6.837739e-03,1.202101e-02,2.271804e-03,2.512535e-04,8.458089e-01,5.947464e-02,3.838417e-04,1.849850e-02,7.808336e-03,5.706337e-03,2.383553e-04,1.635805e-03
3.174349e-02,1.068091e-02,2.741976e-02,1.113218e-02,1.160285e-02,6.026551e-03,5.982069e-04,7.871401e-01,6.533313e-02,4.209904e-03,2.081457e-02,8.474019e-03,6.448559e-03,5.919344e-04,7.783804e-03
3.712254e-02,1.079267e-02,2.642915e-02,1.007936e-02,1.011020e-02,5.201258e-03,7.954011e-04,8.004498e-01,5.689246e-02,4.106558e-03,1.642538e-02,6.740657e-03,5.062094e-03,5.890099e-04,9.203456e-03
6.151449e-02,1.134988e-02,2.403517e-02,1.082865e-02,8.808500e-03,6.789427e-03,1.099478e-03,7.851353e-01,5.247083e-02,3.576769e-03,1.304651e-02,6.088637e-03,4.297053e-03,8.136254e-04,1.014577e-02
5.111304e-02,3.281640e-02,2.701598e-02,1.839640e-01,1.235301e-02,7.112010e-03,1.346273e-03,5.701626e-01,4.417379e-02,4.542188e-03,3.965493e-02,6.608381e-03,6.513895e-03,1.657110e-03,1.096645e-02
4.141467e-02,2.731357e-02,2.383948e-02,2.265057e-01,1.080273e-02,7.866434e-03,1.163686e-03,4.027266e-01,4.643255e-02,6.211453e-03,1.628710e-01,1.136780e-02,1.329510e-02,4.286299e-03,1.390292e-02
3.315726e-02,2.042930e-02,1.835242e-02,1.854784e-01,1.343313e-02,6.925242e-03,1.395786e-03,2.842388e-01,3.777906e-02,6.598085e-03,2.634701e-01,1.140259e-02,2.147662e-02,6.480571e-02,3.105748e-02
2.463403e-02,1.490468e-02,1.597659e-02,1.408799e-01,1.389441e-02,5.262203e-03,1.134255e-03,1.992625e-01,2.761136e-02,7.660002e-03,3.813345e-01,1.057684e-02,2.958836e-02,8.021452e-02,4.706582e-02
1.842210e-02,1.083466e-02,1.585216e-02,1.018117e-01,1.340337e-02,4.635317e-03,9.443974e-04,1.397053e-01,2.182375e-02,1.270440e-02,3.451621e-01,8.914064e-03,2.751310e-02,2.176361e-01,6.063738e-02
1.313162e-02,7.691279e-03,1.242648e-02,7.140260e-02,1.050026e-02,3.509676e-03,7.069684e-04,9.786128e-02,1.582401e-02,1.301301e-02,2.688588e-01,6.499561e-03,2.110829e-02,3.835889e-01,7.387725e-02
9.601308e-03,6.106254e-03,1.305401e-02,5.003654e-02,1.120059e-02,3.262551e-03,5.491768e-04,6.880296e-02,1.489403e-02,1.341637e-02,2.082444e-01,4.742708e-03,1.697917e-02,5.029391e-01,7.617079e-02
7.922495e-03,5.399490e-03,6.658834e-02,3.528595e-02,9.858056e-03,2.811422e-03,4.506634e-04,4.874102e-02,1.394363e-02,1.582491e-02,1.913058e-01,3.496273e-03,1.468454e-02,5.135458e-01,7.014167e-02
7.342764e-03,4.301405e-03,5.603005e-02,2.508735e-02,1.075740e-02,3.060932e-03,3.873645e-04,3.478242e-02,1.397652e-02,2.179905e-02,1.562698e-01,2.604394e-03,1.155077e-02,5.696751e-01,8.237456e-02
6.508281e-03,3.798569e-03,4.994018e-02,1.806836e-02,8.609887e-03,2.918144e-03,3.158731e-04,2.518545e-02,1.551893e-02,2.176689e-02,1.274064e-01,2.030764e-03,9.048786e-03,6.375748e-01,7.130870e-02
6.840736e-03,4.551713e-03,6.272015e-02,1.321434e-02,7.192892e-03,2.923597e-03,2.673428e-04,2.029599e-02,1.665720e-02,1.999336e-02,1.030036e-01,1.626004e-03,7.192311e-03,6.598889e-01,7.363190e-02
9.158559e-03,1.913447e-02,7.008077e-02,1.016963e-02,6.766943e-03,6.103972e-03,3.373649e-04,2.032145e-02,2.238243e-02,1.779661e-02,7.755266e-02,1.316484e-03,5.900490e-03,6.644483e-01,6.852986e-02
9.003315e-03,1.681934e-02,2.829814e-01,1.184584e-02,6.284115e-03,4.913636e-03,5.130098e-04,1.994257e-02,3.702619e-02,1.300173e-02,5.595597e-02,1.110623e-03,4.970506e-03,4.830660e-01,5.256579e-02
8.352923e-03,1.293738e-02,4.731294e-01,9.932769e-03,5.694025e-03,3.743984e-03,4.291082e-04,1.811786e-02,3.107557e-02,9.384887e-03,4.018938e-02,8.614765e-04,3.817584e-03,3.425170e-01,3.981659e-02
1.249511e-02,1.697899e-02,5.605448e-01,8.251529e-03,8.156828e-03,3.688147e-03,4.077264e-04,1.487864e-02,3.331334e-02,1.218530e-02,3.112056e-02,8.552027e-04,3.435451e-03,2.469440e-01,4.674434e-02
1.789262e-02,1.845105e-02,6.211395e-01,9.555700e-03,1.118081e-02,5.057458e-03,6.002458e-04,1.889738e-02,2.995569e-02,1.171648e-02,2.554274e-02,1.238248e-03,4.704582e-03,1.868837e-01,3.718376e-02
2.954230e-02,4.171133e-02,6.173530e-01,1.213744e-02,2.593353e-02,7.627756e-03,8.140962e-04,2.219298e-02,2.773733e-02,1.017567e-02,1.965022e-02,1.787449e-03,4.828443e-03,1.402109e-01,3.829753e-02
5.397066e-02,6.021485e-02,5.929489e-01,2.755408e-02,3.684977e-02,1.324904e-02,1.231520e-03,2.442443e-02,2.400728e-02,9.521993e-03,1.529427e-02,2.704526e-03,4.760070e-03,1.017300e-01,3.153862e-02
1.052722e-01,9.050397e-02,5.356855e-01,2.499387e-02,3.964524e-02,1.645289e-02,1.678340e-03,2.558508e-02,2.324001e-02,1.036921e-02,1.204516e-02,2.747991e-03,4.382848e-03,7.829069e-02,2.910684e-02
8.093025e-02,6.425979e-02,3.755026e-01,1.810078e-02,3.370036e-02,2.905377e-01,1.506212e-03,1.834341e-02,1.663050e-02,8.379626e-03,9.914437e-03,2.054558e-03,3.147682e-03,5.551863e-02,2.147341e-02
6.148040e-02,4.523346e-02,2.629649e-01,1.287574e-02,2.701452e-02,4.871250e-01,1.132514e-03,1.332999e-02,1.175456e-02,1.053077e-02,7.493299e-03,1.490748e-03,2.270603e-03,3.947772e-02,1.582573e-02
4.747489e-02,3.227018e-02,1.841526e-01,9.395642e-03,1.995757e-02,5.451012e-01,8.620218e-04,9.554734e-03,8.740430e-03,8.775996e-02,9.118736e-03,1.171661e-03,1.845987e-03,2.896975e-02,1.362470e-02
3.498960e-02,2.603872e-02,1.295140e-01,7.216655e-03,1.499132e-02,6.281166e-01,8.155089e-04,6.784042e-03,7.988685e-03,9.842759e-02,8.025900e-03,8.750111e-04,1.596736e-03,2.161123e-02,1.300847e-02
2.661547e-02,3.815129e-02,9.253856e-02,8.545341e-03,1.351140e-02,6.540011e-01,1.137546e-03,5.037690e-03,1.393614e-02,8.692255e-02,1.769057e-02,1.159550e-03,2.446842e-03,2.239852e-02,1.590738e-02
1.957995e-02,3.342032e-02,6.531536e-02,6.346791e-03,1.155335e-02,5.267159e-01,1.170847e-03,3.638346e-03,4.829139e-02,7.192914e-02,2.923631e-02,1.699041e-03,5.034056e-03,1.451696e-01,3.089949e-02
1.610153e-02,2.658814e-02,4.598545e-02,4.958348e-03,1.052792e-02,3.884089e-01,1.029273e-03,2.750288e-03,5.252860e-02,5.531992e-02,4.845158e-02,2.256140e-03,1.122254e-02,2.756913e-01,5.817999e-02
1.865208e-02,1.926844e-02,3.230602e-02,3.553010e-03,9.134184e-03,2.728628e-01,7.916751e-04,1.966248e-03,6.363219e-02,5.184259e-02,4.389168e-02,2.135269e-03,8.872127e-03,4.142920e-01,5.679962e-02
1.763592e-02,1.544611e-02,2.395672e-02,2.731563e-03,7.236904e-03,1.945586e-01,7.532136e-04,1.620514e-03,9.370048e-02,4.203290e-02,4.074960e-02,2.437083e-03,7.339056e-03,4.994961e-01,5.030525e-02
1.719474e-02,1.133620e-02,1.696959e-02,2.064031e-03,5.559762e-03,1.422342e-01,5.847911e-04,1.193862e-03,1.237807e-01,3.016416e-02,3.462891e-02,1.847741e-03,5.344911e-03,5.683934e-01,3.870299e-02
1.296233e-02,8.641768e-03,1.262049e-02,1.705038e-03,4.492403e-03,1.017951e-01,4.868432e-04,2.555000e-03,2.111275e-01,2.251523e-02,2.695601e-02,1.390921e-03,4.013171e-03,5.599636e-01,2.877466e-02
9.351207e-03,6.292550e-03,9.022274e-03,1.223954e-03,3.355348e-03,7.294837e-02,3.535995e-04,1.915800e-03,2.299923e-01,1.606778e-02,2.002170e-02,1.055278e-03,2.962335e-03,6.024801e-01,2.295737e-02
6.766779e-03,4.945321e-03,1.032789e-02,2.215639e-03,3.036932e-03,5.170799e-02,2.603652e-04,2.120683e-03,4.230244e-01,1.173720e-02,1.536849e-02,8.176449e-04,2.294496e-03,4.480602e-01,1.731593e-02
6.009705e-03,5.583325e-03,8.715171e-03,1.760931e-03,4.859044e-03,3.697978e-02,2.162399e-04,2.250309e-03,4.596814e-01,9.071502e-03,1.184377e-02,6.342094e-04,1.842907e-03,4.347534e-01,1.579825e-02
8.208525e-03,5.696752e-03,1.601433e-02,2.610582e-03,1.715372e-02,2.727575e-02,2.318102e-04,3.181870e-02,4.635268e-01,7.080810e-03,1.082661e-02,5.884069e-04,1.681611e-03,3.944501e-01,1.283543e-02
1.084485e-02,5.886795e-03,2.631180e-02,2.964705e-03,1.833745e-02,2.125734e-02,1.867806e-04,2.596686e-02,4.447252e-01,6.571810e-03,1.027334e-02,5.848856e-04,1.468385e-03,4.104021e-01,1.421765e-02
2.021549e-02,7.043859e-03,7.613097e-02,3.940054e-03,2.594331e-02,1.612338e-02,1.867437e-04,3.290336e-02,4.356981e-01,6.354090e-03,1.034400e-02,5.607214e-04,1.390399e-03,3.485156e-01,1.464990e-02
3.365273e-02,6.173452e-03,2.271278e-01,9.045725e-03,3.385110e-02,1.246225e-02,2.486265e-04,4.873944e-02,3.421152e-01,5.915248e-03,7.655586e-03,4.522471e-04,1.048764e-03,2.573819e-01,1.412999e-02
3.839695e-02,6.802973e-03,3.068900e-01,1.022181e-02,3.403997e-02,1.065485e-02,2.506818e-04,4.269990e-02,3.020442e-01,9.356096e-03,6.230329e-03,4.272217e-04,9.064508e-04,1.936991e-01,3.737944e-02
3.409346e-02,5.764852e-03,4.507038e-01,1.640710e-02,2.834290e-02,7.809696e-03,2.304127e-04,3.371977e-02,2.323544e-01,9.077564e-03,4.760463e-03,3.857586e-04,7.416261e-04,1.379620e-01,3.764622e-02
3.702413e-02,6.330038e-03,4.872991e-01,1.477129e-02,2.481834e-02,6.537528e-03,1.886560e-04,2.617456e-02,2.231405e-01,1.277807e-02,4.033882e-03,4.380438e-04,7.248018e-04,1.027799e-01,5.296123e-02
6.913410e-02,8.094659e-03,4.782212e-01,1.560717e-02,3.097985e-02,5.990423e-03,2.489156e-04,2.747861e-02,2.039961e-01,1.408132e-02,3.678767e-03,6.829639e-04,9.167669e-04,8.901536e-02,5.187386e-02
7.040400e-02,1.090395e-02,3.607224e-01,1.842833e-02,2.424332e-02,5.179631e-03,2.460991e-04,2.144438e-02,1.752824e-01,2.433585e-02,5.328471e-03,1.453104e-03,1.874218e-03,7.556501e-02,2.045889e-01
8.360244e-02,1.433451e-02,2.651212e-01,1.714665e-02,2.126843e-02,4.266440e-03,2.550116e-04,1.851323e-02,1.824737e-01,3.364491e-02,6.330698e-03,1.666630e-03,2.617219e-03,7.671194e-02,2.720470e-01
1.046337e-01,1.793824e-02,2.115682e-01,3.410820e-02,2.164619e-02,4.023823e-03,3.881582e-04,1.649540e-02,1.672889e-01,4.074766e-02,8.361332e-03,2.647780e-03,2.999316e-03,8.811107e-02,2.790421e-01
7.737590e-02,3.787313e-02,1.506282e-01,2.463171e-02,1.535544e-02,3.202762e-03,3.051695e-04,1.167388e-02,2.166608e-01,3.217673e-02,2.471583e-02,2.463300e-03,2.826622e-03,1.211838e-01,2.789267e-01
5.729147e-02,3.381262e-02,1.156287e-01,1.786605e-02,1.106347e-02,2.700156e-03,2.388777e-04,8.292311e-03,2.358821e-01,2.520963e-02,7.035534e-02,2.010356e-03,2.402137e-03,1.297305e-01,2.875164e-01
4.171723e-02,2.501887e-02,8.285633e-02,1.271366e-02,7.838545e-03,3.158084e-03,2.393214e-04,5.912940e-03,1.849769e-01,1.953305e-02,1.784490e-01,2.522605e-03,1.921070e-03,2.232050e-01,2.099374e-01
2.998121e-02,1.814936e-02,5.829936e-02,9.071797e-03,5.628278e-03,2.644249e-03,1.903730e-04,4.199840e-03,1.335497e-01,1.463494e-02,2.500120e-01,2.739634e-03,1.670362e-03,3.213611e-01,1.478679e-01
3.709780e-02,1.462463e-02,4.138664e-02,7.729377e-03,6.152078e-03,6.922499e-03,5.857149e-04,3.525838e-03,1.095734e-01,1.809050e-02,2.859410e-01,4.737288e-03,2.019821e-03,3.554155e-01,1.061980e-01
3.393583e-02,1.245814e-02,3.106572e-02,7.284690e-03,5.627257e-03,3.996875e-02,7.699907e-04,4.660577e-03,1.008916e-01,1.797692e-02,2.797097e-01,5.507716e-03,2.162430e-03,3.826140e-01,7.536680e-02
2.628965e-02,1.018019e-02,2.216164e-02,5.459861e-03,4.490715e-03,7.958171e-02,7.528121e-04,3.582388e-03,7.967539e-02,1.376451e-02,2.301880e-01,5.937192e-03,2.293567e-03,4.624109e-01,5.323157e-02
2.256948e-02,9.500278e-03,1.585400e-02,4.751816e-03,3.798323e-03,1.352580e-01,9.240374e-04,2.649827e-03,7.606736e-02,1.023134e-02,1.992948e-01,6.916334e-03,3.738367e-03,4.709365e-01,3.750956e-02
1.679838e-02,8.098962e-03,1.126128e-02,3.828254e-03,3.139521e-03,1.644228e-01,8.464882e-04,1.919158e-03,7.905266e-02,8.092713e-03,2.111292e-01,9.546891e-03,6.172400e-03,4.492943e-01,2.639699e-02
1.397167e-02,7.248294e-03,8.494657e-03,5.440149e-03,4.184544e-03,1.916499e-01,9.285834e-04,2.718576e-03,1.004825e-01,7.569713e-03,2.364607e-01,7.806793e-03,6.834391e-03,3.874148e-01,1.879472e-02
1.067316e-02,6.100983e-03,6.253229e-03,4.349722e-03,5.745543e-03,1.571968e-01,9.831570e-04,3.012661e-03,1.605733e-01,7.327412e-03,2.569243e-01,7.294726e-03,8.336244e-03,3.519717e-01,1.325696e-02
8.121173e-03,4.850916e-03,4.549996e-03,4.682101e-03,6.436660e-03,1.129940e-01,8.136079e-04,2.273346e-03,1.825499e-01,8.810220e-03,3.187779e-01,6.201266e-03,1.567671e-02,3.135357e-01,9.726422e-03
7.104176e-03,5.599837e-03,4.783029e-03,9.129534e-03,1.171321e-02,8.347967e-02,9.321760e-04,7.106915e-03,2.260090e-01,1.407005e-02,3.194229e-01,6.513900e-03,2.098956e-02,2.755036e-01,7.642442e-03
5.549354e-03,5.846540e-03,3.629454e-03,7.688638e-03,1.161156e-02,6.017707e-02,7.184132e-04,6.788773e-03,2.355707e-01,2.009313e-02,3.988996e-01,7.857691e-03,1.832775e-02,2.116651e-01,5.576163e-03
4.257089e-03,8.812381e-03,2.847362e-03,6.157259e-03,1.014140e-02,4.945332e-02,5.468905e-04,6.465819e-03,4.080902e-01,1.795007e-02,2.969327e-01,6.372329e-03,1.446031e-02,1.634747e-01,4.038134e-03
5.375321e-03,2.891085e-02,4.708536e-03,6.607960e-03,1.322661e-02,1.021767e-01,5.200990e-04,7.972773e-03,4.649560e-01,1.664412e-02,2.120942e-01,4.565720e-03,1.052892e-02,1.162676e-01,5.444638e-03
5.260130e-03,2.524401e-02,6.823177e-03,1.772721e-02,1.697863e-02,1.143551e-01,4.702679e-04,1.571523e-02,5.297000e-01,1.471958e-02,1.522012e-01,3.452034e-03,8.060568e-03,8.285116e-02,6.441724e-03
8.110798e-03,2.120324e-02,1.935455e-02,8.895880e-02,1.563642e-02,9.432456e-02,5.061118e-04,3.753219e-02,4.523517e-01,2.032178e-02,1.348063e-01,6.741683e-03,1.158388e-02,6.136005e-02,2.720793e-02
1.812929e-02,1.754515e-02,3.227214e-02,9.417434e-02,3.112451e-02,7.105998e-02,9.230499e-04,1.167272e-01,3.946970e-01,1.721798e-02,1.158142e-01,7.851878e-03,1.274467e-02,4.535489e-02,2.436373e-02
5.210313e-02,1.801605e-02,3.396033e-02,9.598009e-02,7.445502e-02,5.777485e-02,2.247405e-03,1.120865e-01,3.533576e-01,1.504048e-02,9.261697e-02,8.096455e-03,1.131383e-02,3.692639e-02,3.602481e-02
6.099079e-02,1.554841e-02,4.801467e-02,1.419648e-01,1.189412e-01,4.238524e-02,2.163455e-03,1.528461e-01,2.656644e-01,1.102502e-02,7.209679e-02,6.585495e-03,9.324807e-03,2.618522e-02,2.626361e-02
8.529830e-02,1.414307e-02,5.611663e-02,2.500950e-01,1.096411e-01,3.272811e-02,2.032971e-03,1.197162e-01,2.041211e-01,9.059645e-03,5.818236e-02,7.614361e-03,7.617869e-03,1.922712e-02,2.440625e-02
