1.000000e+00,0.000000e+00,0.000000e+00,0.000000e+00,0.000000e+00,0.000000e+00,0.000000e+00,0.000000e+00,0.000000e+00,0.000000e+00,0.000000e+00,0.000000e+00,0.000000e+00,0.000000e+00,0.000000e+00
1.000000e+00,0.000000e+00,0.000000e+00,0.000000e+00,0.000000e+00,0.000000e+00,0.000000e+00,0.000000e+00,0.000000e+00,0.000000e+00,0.000000e+00,0.000000e+00,0.000000e+00,0.000000e+00,0.000000e+00
1.000000e+00,0.000000e+00,0.000000e+00,0.000000e+00,0.000000e+00,0.000000e+00,0.000000e+00,0.000000e+00,0.000000e+00,0.000000e+00,0.000000e+00,0.000000e+00,0.000000e+00,0.000000e+00,0.000000e+00
1.000000e+00,0.000000e+00,0.000000e+00,0.000000e+00,0.000000e+00,0.000000e+00,0.000000e+00,0.000000e+00,0.000000e+00,0.000000e+00,0.000000e+00,0.000000e+00,0.000000e+00,0.000000e+00,0.000000e+00
1.000000e+00,0.000000e+00,0.000000e+00,0.000000e+00,0.000000e+00,0.000000e+00,0.000000e+00,0.000000e+00,0.000000e+00,0.000000e+00,0.000000e+00,0.000000e+00,0.000000e+00,0.000000e+00,0.000000e+00
1.000000e+00,0.000000e+00,0.000000e+00,0.000000e+00,0.000000e+00,0.000000e+00,0.000000e+00,0.000000e+00,0.000000e+00,0.000000e+00,0.000000e+00,0.000000e+00,0.000000e+00,0.000000e+00,0.000000e+00
1.000000e+00,0.000000e+00,0.000000e+00,0.000000e+00,0.000000e+00,0.000000e+00,0.000000e+00,0.000000e+00,0.000000e+00,0.000000e+00,0.000000e+00,0.000000e+00,0.000000e+00,0.000000e+00,0.000000e+00
1.000000e+00,0.000000e+00,0.000000e+00,0.000000e+00,0.000000e+00,0.000000e+00,0.000000e+00,0.000000e+00,0.000000e+00,0.000000e+00,0.000000e+00,0.000000e+00,0.000000e+00,0.000000e+00,0.000000e+00
1.000000e+00,0.000000e+00,0.000000e+00,0.000000e+00,0.000000e+00,0.000000e+00,0.000000e+00,0.000000e+00,0.000000e+00,0.000000e+00,0.000000e+00,0.000000e+00,0.000000e+00,0.000000e+00,0.000000e+00
1.000000e+00,0.000000e+00,0.000000e+00,0.000000e+00,0.000000e+00,0.000000e+00,0.000000e+00,0.000000e+00,0.000000e+00,0.000000e+00,0.000000e+00,0.000000e+00,0.000000e+00,0.000000e+00,0.000000e+00
1.000000e+00,0.000000e+00,0.000000e+00,0.000000e+00,0.000000e+00,0.000000e+00,0.000000e+00,0.000000e+00,0.000000e+00,0.000000e+00,0.000000e+00,0.000000e+00,0.000000e+00,0.000000e+00,0.000000e+00
1.000000e+00,0.000000e+00,0.000000e+00,0.000000e+00,0.000000e+00,0.000000e+00,0.000000e+00,0.000000e+00,0.000000e+00,0.000000e+00,0.000000e+00,0.000000e+00,0.000000e+00,0.000000e+00,0.000000e+00
1.000000e+00,0.000000e+00,0.000000e+00,0.000000e+00,0.000000e+00,0.000000e+00,0.000000e+00,0.000000e+00,0.000000e+00,0.000000e+00,0.000000e+00,0.000000e+00,0.000000e+00,0.000000e+00,0.000000e+00
1.000000e+00,0.000000e+00,0.000000e+00,0.000000e+00,0.000000e+00,0.000000e+00,0.000000e+00,0.000000e+00,0.000000e+00,0.000000e+00,0.000000e+00,0.000000e+00,0.000000e+00,0.000000e+00,0.000000e+00
1.000000e+00,0.000000e+00,0.000000e+00,0.000000e+00,0.000000e+00,0.000000e+00,0.000000e+00,0.000000e+00,0.000000e+00,0.000000e+00,0.000000e+00,0.000000e+00,0.000000e+00,0.000000e+00,0.000000e+00
1.000000e+00,0.000000e+00,0.000000e+00,0.000000e+00,0.000000e+00,0.000000e+00,0.000000e+00,0.000000e+00,0.000000e+00,0.000000e+00,0.000000e+00,0.000000e+00,0.000000e+00,0.000000e+00,0.000000e+00
1.000000e+00,0.000000e+00,0.000000e+00,0.000000e+00,0.000000e+00,0.000000e+00,0.000000e+00,0.000000e+00,0.000000e+00,0.000000e+00,0.000000e+00,0.000000e+00,0.000000e+00,0.000000e+00,0.000000e+00
1.000000e+00,0.000000e+00,0.000000e+00,0.000000e+00,0.000000e+00,0.000000e+00,0.000000e+00,0.000000e+00,0.000000e+00,0.000000e+00,0.000000e+00,0.000000e+00,0.000000e+00,0.000000e+00,0.000000e+00
1.000000e+00,0.000000e+00,0.000000e+00,0.000000e+00,0.000000e+00,0.000000e+00,0.000000e+00,0.000000e+00,0.000000e+00,0.000000e+00,0.000000e+00,0.000000e+00,0.000000e+00,0.000000e+00,0.000000e+00
1.000000e+00,0.000000e+00,0.000000e+00,0.000000e+00,0.000000e+00,0.000000e+00,0.000000e+00,0.000000e+00,0.000000e+00,0.000000e+00,0.000000e+00,0.000000e+00,0.000000e+00,0.000000e+00,0.000000e+00
1.000000e+00,0.000000e+00,0.000000e+00,0.000000e+00,0.000000e+00,0.000000e+00,0.000000e+00,0.000000e+00,0.000000e+00,0.000000e+00,0.000000e+00,0.000000e+00,0.000000e+00,0.000000e+00,0.000000e+00
1.000000e+00,0.000000e+00,0.000000e+00,0.000000e+00,0.000000e+00,0.000000e+00,0.000000e+00,0.000000e+00,0.000000e+00,0.000000e+00,0.000000e+00,0.000000e+00,0.000000e+00,0.000000e+00,0.000000e+00
1.000000e+00,0.000000e+00,0.000000e+00,0.000000e+00,0.000000e+00,0.000000e+00,0.000000e+00,0.000000e+00,0.000000e+00,0.000000e+00,0.000000e+00,0.000000e+00,0.000000e+00,0.000000e+00,0.000000e+00
1.000000e+00,0.000000e+00,0.000000e+00,0.000000e+00,0.000000e+00,0.000000e+00,0.000000e+00,0.000000e+00,0.000000e+00,0.000000e+00,0.000000e+00,0.000000e+00,0.000000e+00,0.000000e+00,0.000000e+00
1.000000e+00,0.000000e+00,0.000000e+00,0.000000e+00,0.000000e+00,0.000000e+00,0.000000e+00,0.000000e+00,0.000000e+00,0.000000e+00,0.000000e+00,0.000000e+00,0.000000e+00,0.000000e+00,0.000000e+00
1.000000e+00,0.000000e+00,0.000000e+00,0.000000e+00,0.000000e+00,0.000000e+00,0.000000e+00,0.000000e+00,0.000000e+00,0.000000e+00,0.000000e+00,0.000000e+00,0.000000e+00,0.000000e+00,0.000000e+00
1.000000e+00,0.000000e+00,0.000000e+00,0.000000e+00,0.000000e+00,0.000000e+00,0.000000e+00,0.000000e+00,0.000000e+00,0.000000e+00,0.000000e+00,0.000000e+00,0.000000e+00,0.000000e+00,0.000000e+00
1.000000e+00,0.000000e+00,0.000000e+00,0.000000e+00,0.000000e+00,0.000000e+00,0.000000e+00,0.000000e+00,0.000000e+00,0.000000e+00,0.000000e+00,0.000000e+00,0.000000e+00,0.000000e+00,0.000000e+00
1.000000e+00,0.000000e+00,0.000000e+00,0.000000e+00,0.000000e+00,0.000000e+00,0.000000e+00,0.000000e+00,0.000000e+00,0.000000e+00,0.000000e+00,0.000000e+00,0.000000e+00,0.000000e+00,0.000000e+00
1.000000e+00,0.000000e+00,0.000000e+00,0.000000e+00,0.000000e+00,0.000000e+00,0.000000e+00,0.000000e+00,0.000000e+00,0.000000e+00,0.000000e+00,0.000000e+00,0.000000e+00,0.000000e+00,0.000000e+00
1.000000e+00,0.000000e+00,0.000000e+00,0.000000e+00,0.000000e+00,0.000000e+00,0.000000e+00,0.000000e+00,0.000000e+00,0.000000e+00,0.000000e+00,0.000000e+00,0.000000e+00,0.000000e+00,0.000000e+00
1.000000e+00,0.000000e+00,0.000000e+00,0.000000e+00,0.000000e+00,0.000000e+00,0.000000e+00,0.000000e+00,0.000000e+00,0.000000e+00,0.000000e+00,0.000000e+00,0.000000e+00,0.000000e+00,0.000000e+00
1.000000e+00,0.000000e+00,0.000000e+00,0.000000e+00,0.000000e+00,0.000000e+00,0.000000e+00,0.000000e+00,0.000000e+00,0.000000e+00,0.000000e+00,0.000000e+00,0.000000e+00,0.000000e+00,0.000000e+00
1.000000e+00,0.000000e+00,0.000000e+00,0.000000e+00,0.000000e+00,0.000000e+00,0.000000e+00,0.000000e+00,0.000000e+00,0.000000e+00,0.000000e+00,0.000000e+00,0.000000e+00,0.000000e+00,0.000000e+00
1.000000e+00,0.000000e+00,0.000000e+00,0.000000e+00,0.000000e+00,0.000000e+00,0.000000e+00,0.000000e+00,0.000000e+00,0.000000e+00,0.000000e+00,0.000000e+00,0.000000e+00,0.000000e+00,0.000000e+00
1.000000e+00,0.000000e+00,0.000000e+00,0.000000e+00,0.000000e+00,0.000000e+00,0.000000e+00,0.000000e+00,0.000000e+00,0.000000e+00,0.000000e+00,0.000000e+00,0.000000e+00,0.000000e+00,0.000000e+00
1.000000e+00,0.000000e+00,0.000000e+00,0.000000e+00,0.000000e+00,0.000000e+00,0.000000e+00,0.000000e+00,0.000000e+00,0.000000e+00,0.000000e+00,0.000000e+00,0.000000e+00,0.000000e+00,0.000000e+00
1.000000e+00,0.000000e+00,0.000000e+00,0.000000e+00,0.000000e+00,0.000000e+00,0.000000e+00,0.000000e+00,0.000000e+00,0.000000e+00,0.000000e+00,0.000000e+00,0.000000e+00,0.000000e+00,0.000000e+00
1.000000e+00,0.000000e+00,0.000000e+00,0.000000e+00,0.000000e+00,0.000000e+00,0.000000e+00,0.000000e+00,0.000000e+00,0.000000e+00,0.000000e+00,0.000000e+00,0.000000e+00,0.000000e+00,0.000000e+00
1.000000e+00,0.000000e+00,0.000000e+00,0.000000e+00,0.000000e+00,0.000000e+00,0.000000e+00,0.000000e+00,0.000000e+00,0.000000e+00,0.000000e+00,0.000000e+00,0.000000e+00,0.000000e+00,0.000000e+00
1.000000e+00,0.000000e+00,0.000000e+00,0.000000e+00,0.000000e+00,0.000000e+00,0.000000e+00,0.000000e+00,0.000000e+00,0.000000e+00,0.000000e+00,0.000000e+00,0.000000e+00,0.000000e+00,0.000000e+00
1.000000e+00,0.000000e+00,0.000000e+00,0.000000e+00,0.000000e+00,0.000000e+00,0.000000e+00,0.000000e+00,0.000000e+00,0.000000e+00,0.000000e+00,0.000000e+00,0.000000e+00,0.000000e+00,0.000000e+00
1.000000e+00,0.000000e+00,0.000000e+00,0.000000e+00,0.000000e+00,0.000000e+00,0.000000e+00,0.000000e+00,0.000000e+00,0.000000e+00,0.000000e+00,0.000000e+00,0.000000e+00,0.000000e+00,0.000000e+00
1.000000e+00,0.000000e+00,0.000000e+00,0.000000e+00,0.000000e+00,0.000000e+00,0.000000e+00,0.000000e+00,0.000000e+00,0.000000e+00,0.000000e+00,0.000000e+00,0.000000e+00,0.000000e+00,0.000000e+00
1.000000e+00,0.000000e+00,0.000000e+00,0.000000e+00,0.000000e+00,0.000000e+00,0.000000e+00,0.000000e+00,0.000000e+00,0.000000e+00,0.000000e+00,0.000000e+00,0.000000e+00,0.000000e+00,0.000000e+00
1.000000e+00,0.000000e+00,0.000000e+00,0.000000e+00,0.000000e+00,0.000000e+00,0.000000e+00,0.000000e+00,0.000000e+00,0.000000e+00,0.000000e+00,0.000000e+00,0.000000e+00,0.000000e+00,0.000000e+00
1.000000e+00,0.000000e+00,0.000000e+00,0.000000e+00,0.000000e+00,0.000000e+00,0.000000e+00,0.000000e+00,0.000000e+00,0.000000e+00,0.000000e+00,0.000000e+00,0.000000e+00,0.000000e+00,0.000000e+00
1.000000e+00,0.000000e+00,0.000000e+00,0.000000e+00,0.000000e+00,0.000000e+00,0.000000e+00,0.000000e+00,0.000000e+00,0.000000e+00,0.000000e+00,0.000000e+00,0.000000e+00,0.000000e+00,0.000000e+00
1.000000e+00,0.000000e+00,0.000000e+00,0.000000e+00,0.000000e+00,0.000000e+00,0.000000e+00,0.000000e+00,0.000000e+00,0.000000e+00,0.000000e+00,0.000000e+00,0.000000e+00,0.000000e+00,0.000000e+00
1.000000e+00,0.000000e+00,0.000000e+00,0.000000e+00,0.000000e+00,0.000000e+00,0.000000e+00,0.000000e+00,0.000000e+00,0.000000e+00,0.000000e+00,0.000000e+00,0.000000e+00,0.000000e+00,0.000000e+00
4.500746e-01,1.111670e-02,1.116051e-01,3.646133e-02,4.413346e-03,1.468784e-02,9.032533e-03,3.212766e-01,2.722562e-03,1.124898e-03,5.420880e-03,1.373644e-02,9.408077e-03,1.505952e-03,7.413126e-03
3.414628e-01,8.869671e-03,1.223698e-01,3.275878e-02,3.492404e-03,1.459283e-02,8.918220e-03,4.324528e-01,2.113748e-03,9.438299e-04,4.899628e-03,1.186617e-02,7.537388e-03,1.567754e-03,6.154195e-03
2.590425e-01,7.135319e-03,1.164086e-01,3.014476e-02,2.765377e-03,1.334651e-02,1.050353e-02,5.317274e-01,1.649010e-03,7.639046e-04,3.982007e-03,9.782162e-03,6.001763e-03,1.582195e-03,5.164833e-03
2.099699e-01,5.694882e-03,9.829873e-02,2.708503e-02,2.301174e-03,1.120601e-02,1.275732e-02,6.084392e-01,1.368357e-03,6.637534e-04,3.319328e-03,7.838550e-03,4.962552e-03,1.767622e-03,4.327474e-03
1.540321e-01,4.060138e-03,8.131509e-02,2.296882e-02,1.761342e-03,8.140278e-03,1.069982e-02,6.994879e-01,9.847629e-04,4.776726e-04,2.398598e-03,5.601354e-03,3.685426e-03,1.314092e-03,3.072517e-03
1.328890e-01,3.187187e-03,6.984520e-02,1.937500e-02,1.577060e-03,6.809494e-03,1.600448e-02,7.353448e-01,7.740197e-04,4.724002e-04,1.839354e-03,4.446394e-03,3.952467e-03,1.137481e-03,2.345651e-03
1.784689e-01,2.965330e-03,6.485395e-02,1.670082e-02,1.509736e-03,8.731712e-03,2.426418e-02,6.845340e-01,7.487815e-04,5.973311e-04,1.546885e-03,5.140947e-03,6.457918e-03,1.055421e-03,2.424198e-03
2.067033e-01,3.163691e-03,5.212112e-02,1.337614e-02,2.235689e-03,8.914195e-03,3.868591e-02,6.517640e-01,8.715776e-04,7.171711e-04,1.590698e-03,6.028757e-03,8.055175e-03,1.472303e-03,4.300269e-03
2.823446e-01,3.769924e-03,4.653990e-02,1.182346e-02,3.147071e-03,1.197067e-02,4.377215e-02,5.627846e-01,1.206202e-03,9.586172e-04,2.140905e-03,9.693537e-03,1.034288e-02,2.021441e-03,7.484037e-03
2.769029e-01,3.885917e-03,3.849605e-02,1.012080e-02,4.968863e-03,1.331639e-02,4.820289e-02,5.621831e-01,2.012602e-03,1.125924e-03,2.693748e-03,1.019455e-02,1.207288e-02,3.023373e-03,1.079999e-02
2.256519e-01,3.868694e-03,2.948956e-02,9.117571e-03,7.653318e-03,1.495194e-02,4.974344e-02,5.773454e-01,3.955108e-03,1.858383e-03,1.062567e-02,1.483840e-02,3.426732e-02,6.305085e-03,1.032815e-02
1.619184e-01,4.870015e-03,2.426545e-02,1.523704e-02,8.007640e-03,1.463130e-02,3.832373e-02,4.961509e-01,1.773394e-02,5.424013e-03,7.301130e-02,3.425775e-02,3.091292e-02,6.566179e-02,9.593831e-03
1.141351e-01,3.477224e-03,1.712882e-02,1.115218e-02,6.359960e-03,1.079810e-02,2.827656e-02,3.633846e-01,1.389497e-02,4.003008e-03,8.802994e-02,6.610478e-02,3.193277e-02,2.344085e-01,6.913578e-03
8.022180e-02,2.502595e-03,1.204730e-02,8.159018e-03,4.734163e-03,7.916058e-03,2.014876e-02,2.586005e-01,1.146352e-02,2.921138e-03,8.251684e-02,6.297922e-02,2.895612e-02,4.116278e-01,5.205207e-03
5.623636e-02,3.139330e-03,8.493498e-03,5.916984e-03,3.518609e-03,6.002150e-03,1.424305e-02,1.812430e-01,3.492225e-02,2.335022e-03,8.393044e-02,7.187428e-02,2.404832e-02,4.999006e-01,4.196096e-03
3.941936e-02,1.600839e-02,5.975090e-03,4.202492e-03,2.531144e-03,4.636772e-03,9.991179e-03,1.269572e-01,4.752953e-02,1.938515e-03,8.282685e-02,5.771955e-02,1.730959e-02,5.778256e-01,5.128697e-03
2.769559e-02,7.553607e-02,4.285761e-03,3.038285e-03,1.862149e-03,4.752446e-03,7.015914e-03,8.898307e-02,6.537557e-02,1.670260e-03,7.415791e-02,4.223624e-02,1.257043e-02,5.799042e-01,1.091614e-02
1.951916e-02,9.739819e-02,3.035045e-03,2.323773e-03,1.400530e-03,5.623819e-03,4.914242e-03,6.230766e-02,7.001369e-02,1.563165e-03,6.686775e-02,3.032390e-02,9.542150e-03,6.156181e-01,9.548781e-03
1.403290e-02,1.051100e-01,2.210759e-03,2.389178e-03,1.143556e-03,7.486455e-03,3.448159e-03,4.363900e-02,1.530671e-01,1.674766e-03,6.778591e-02,2.204181e-02,7.237538e-03,5.612381e-01,7.494871e-03
1.005233e-02,2.121143e-01,8.367938e-03,3.975093e-03,1.122727e-03,3.707617e-02,2.468830e-03,3.096198e-02,1.744823e-01,1.711168e-03,5.997632e-02,1.579837e-02,6.864267e-03,4.289258e-01,6.102487e-03
7.172263e-03,1.546048e-01,6.519493e-03,3.310570e-03,1.853663e-03,2.905385e-02,1.737330e-03,2.173714e-02,2.883422e-01,1.351955e-03,4.504022e-02,1.118986e-02,5.119392e-03,4.183774e-01,4.589922e-03
5.188679e-03,1.172925e-01,6.262937e-03,2.789819e-03,4.953756e-03,2.428409e-02,1.233758e-03,1.526939e-02,4.250884e-01,1.125431e-03,3.381788e-02,7.884379e-03,3.862977e-03,3.472640e-01,3.682023e-03
3.922902e-03,8.740184e-02,1.381153e-02,7.920031e-03,6.141056e-03,2.470509e-02,8.823187e-04,1.098657e-02,5.538146e-01,1.099902e-03,2.696204e-02,5.648996e-03,3.517068e-03,2.498730e-01,3.313060e-03
3.394430e-03,6.489609e-02,1.122027e-02,6.573976e-03,6.217564e-03,3.562031e-02,6.407130e-04,7.876516e-03,6.284273e-01,1.059420e-03,2.174783e-02,4.201014e-03,2.954363e-03,1.998865e-01,5.283747e-03
1.100665e-02,4.891752e-02,1.578223e-02,7.819618e-03,1.273269e-02,6.633478e-02,5.722904e-04,9.285541e-03,6.305112e-01,1.674984e-03,2.327530e-02,3.309678e-03,2.792095e-03,1.567705e-01,9.214908e-03
1.580080e-02,3.902444e-02,2.282790e-02,6.613490e-03,1.726339e-02,6.252819e-02,6.201610e-04,8.233126e-03,6.012796e-01,3.562152e-03,1.921248e-02,2.531454e-03,2.778923e-03,1.761996e-01,2.152440e-02
2.345922e-02,3.491804e-02,4.700130e-02,1.144352e-02,2.940517e-02,6.114048e-02,1.264007e-03,1.270826e-02,5.507004e-01,5.802487e-03,1.632608e-02,2.132734e-03,2.970412e-03,1.623235e-01,3.840449e-02
2.880817e-02,3.941103e-02,4.140770e-02,1.018843e-02,3.871439e-02,6.218155e-02,1.610398e-03,1.341059e-02,5.241156e-01,5.133499e-03,1.894477e-02,1.790970e-03,2.962696e-03,1.777577e-01,3.356251e-02
3.315635e-02,4.335068e-02,3.663098e-02,1.012445e-02,6.004665e-02,5.876573e-02,1.706479e-03,2.479511e-02,4.824675e-01,4.936616e-03,1.988398e-02,1.455606e-03,2.756945e-03,1.866179e-01,3.330506e-02
4.247644e-02,5.293617e-02,3.123116e-02,1.176395e-02,1.080118e-01,5.596070e-02,4.678561e-03,2.680506e-02,3.902289e-01,3.950696e-03,3.035138e-02,1.251902e-03,2.609086e-03,2.103115e-01,2.743278e-02
4.415567e-02,4.899703e-02,5.153356e-02,1.436471e-02,1.103529e-01,4.522023e-02,4.583541e-03,4.439960e-02,3.359028e-01,4.335483e-03,3.106462e-02,1.441985e-03,2.572923e-03,2.347118e-01,2.636326e-02
5.084202e-02,5.059525e-02,5.573191e-02,1.207935e-02,9.755489e-02,4.743174e-02,4.377428e-03,3.864742e-02,3.015368e-01,4.137705e-03,4.185274e-02,1.717616e-03,2.858566e-03,2.647149e-01,2.592170e-02
4.717346e-02,5.391807e-02,1.371978e-01,2.747608e-02,7.824185e-02,3.624688e-02,3.835821e-03,3.810530e-02,2.623978e-01,1.524250e-02,3.067270e-02,2.362365e-03,5.136769e-03,1.864929e-01,7.549975e-02
3.513651e-02,4.354392e-02,1.198384e-01,8.530040e-02,5.964543e-02,8.685914e-02,3.548716e-03,2.746924e-02,2.011516e-01,1.269626e-02,2.302101e-02,4.986829e-03,9.876330e-02,1.306046e-01,6.743464e-02
2.598979e-02,3.127218e-02,8.524839e-02,7.943195e-02,4.467477e-02,8.920911e-02,2.948994e-03,1.942996e-02,1.578672e-01,9.103092e-03,1.860168e-02,1.046125e-02,2.835716e-01,9.149509e-02,5.069486e-02
2.001985e-02,2.231203e-02,6.108055e-02,6.569520e-02,3.237078e-02,1.095135e-01,2.907687e-03,1.380808e-02,1.176598e-01,7.147036e-03,2.055039e-02,2.058258e-02,4.010658e-01,6.514785e-02,4.013894e-02
2.019692e-02,1.875663e-02,5.226523e-02,9.519407e-02,2.505269e-02,1.040353e-01,3.645017e-03,1.088047e-02,1.110323e-01,8.649303e-03,2.948908e-02,3.316969e-02,3.912510e-01,4.914504e-02,4.723732e-02
2.092790e-02,1.553091e-02,6.569508e-02,7.594559e-02,1.937530e-02,8.202848e-02,4.214429e-03,1.086845e-02,9.950732e-02,1.154461e-02,5.699172e-02,4.152055e-02,4.125593e-01,4.105417e-02,4.223618e-02
4.201590e-02,1.324895e-02,5.434431e-02,5.800142e-02,1.637337e-02,7.313349e-02,4.089677e-03,1.278608e-02,8.398420e-02,1.055630e-02,5.450729e-02,4.721079e-02,4.617177e-01,3.153966e-02,3.649091e-02
6.018277e-02,7.327797e-02,4.842235e-02,4.441562e-02,1.985402e-02,5.823078e-02,3.749880e-03,1.148606e-02,1.753002e-01,7.915224e-03,4.165053e-02,3.782576e-02,3.660831e-01,2.232923e-02,2.927653e-02
8.200657e-02,8.616973e-02,5.557160e-02,5.863595e-02,2.965305e-02,6.096081e-02,4.217866e-03,1.183474e-02,2.168913e-01,5.990681e-03,3.053788e-02,2.759242e-02,2.736272e-01,1.612855e-02,4.018164e-02
1.292676e-01,7.883802e-02,9.208134e-02,7.486150e-02,3.065065e-02,5.395527e-02,4.793680e-03,1.294921e-02,2.212301e-01,4.985968e-03,2.367766e-02,2.124379e-02,2.069952e-01,1.191675e-02,3.255330e-02
1.888573e-01,8.200750e-02,8.102597e-02,8.595509e-02,3.717308e-02,4.804690e-02,4.375692e-03,1.651286e-02,2.182582e-01,5.304277e-03,2.377182e-02,2.116995e-02,1.522556e-01,9.672290e-03,2.561349e-02
2.323377e-01,8.472987e-02,6.137551e-02,9.463079e-02,4.705171e-02,4.359949e-02,4.208637e-03,1.312482e-02,2.009771e-01,5.665226e-03,2.703496e-02,3.473943e-02,1.188077e-01,8.010392e-03,2.370671e-02
2.416438e-01,9.556718e-02,4.550364e-02,1.207498e-01,3.892697e-02,3.786020e-02,3.616904e-03,1.054104e-02,2.172901e-01,7.919140e-03,2.599326e-02,3.103517e-02,9.224153e-02,6.223893e-03,2.488741e-02
2.849206e-01,8.265533e-02,4.745651e-02,1.566520e-01,2.988917e-02,3.954045e-02,3.902236e-03,1.205235e-02,1.625037e-01,7.061558e-03,2.688397e-02,3.888655e-02,7.257944e-02,5.492084e-03,2.952400e-02
3.650087e-01,7.366263e-02,5.137796e-02,1.383345e-01,2.387548e-02,3.799987e-02,3.872205e-03,1.183493e-02,1.203592e-01,6.685130e-03,2.768762e-02,4.508049e-02,5.694348e-02,5.485227e-03,3.179262e-02
4.573539e-01,6.266236e-02,4.403476e-02,1.145145e-01,1.900415e-02,3.602300e-02,3.753816e-03,1.078374e-02,8.936317e-02,7.291210e-03,2.515230e-02,4.555979e-02,4.648915e-02,5.498033e-03,3.251612e-02
1.000000e+00,0.000000e+00,0.000000e+00,0.000000e+00,0.000000e+00,0.000000e+00,0.000000e+00,0.000000e+00,0.000000e+00,0.000000e+00,0.000000e+00,0.000000e+00,0.000000e+00,0.000000e+00,0.000000e+00
1.000000e+00,0.000000e+00,0.000000e+00,0.000000e+00,0.000000e+00,0.000000e+00,0.000000e+00,0.000000e+00,0.000000e+00,0.000000e+00,0.000000e+00,0.000000e+00,0.000000e+00,0.000000e+00,0.000000e+00
1.000000e+00,0.000000e+00,0.000000e+00,0.000000e+00,0.000000e+00,0.000000e+00,0.000000e+00,0.000000e+00,0.000000e+00,0.000000e+00,0.000000e+00,0.000000e+00,0.000000e+00,0.000000e+00,0.000000e+00
4.816675e-01,3.684857e-02,5.958523e-02,2.004831e-01,1.548382e-02,3.428514e-02,4.753413e-03,1.290610e-02,4.244394e-02,8.044263e-03,2.199664e-02,3.049523e-02,2.594079e-02,2.814305e-03,2.225200e-02
1.000000e+00,0.000000e+00,0.000000e+00,0.000000e+00,0.000000e+00,0.000000e+00,0.000000e+00,0.000000e+00,0.000000e+00,0.000000e+00,0.000000e+00,0.000000e+00,0.000000e+00,0.000000e+00,0.000000e+00
1.000000e+00,0.000000e+00,0.000000e+00,0.000000e+00,0.000000e+00,0.000000e+00,0.000000e+00,0.000000e+00,0.000000e+00,0.000000e+00,0.000000e+00,0.000000e+00,0.000000e+00,0.000000e+00,0.000000e+00
1.000000e+00,0.000000e+00,0.000000e+00,0.000000e+00,0.000000e+00,0.000000e+00,0.000000e+00,0.000000e+00,0.000000e+00,0.000000e+00,0.000000e+00,0.000000e+00,0.000000e+00,0.000000e+00,0.000000e+00
3.896428e-01,5.518994e-02,8.311076e-02,7.904262e-02,7.617671e-03,3.384218e-02,3.272946e-03,1.156905e-02,4.198745e-02,7.743041e-03,1.768615e-01,2.117391e-02,2.243280e-02,3.296705e-02,3.354628e-02
2.891759e-01,4.896473e-02,6.761754e-02,5.796264e-02,5.650853e-03,2.997905e-02,2.568959e-03,9.193846e-03,3.572974e-02,5.819756e-03,3.450396e-01,1.901458e-02,1.847821e-02,4.014532e-02,2.465934e-02
2.196535e-01,3.572720e-02,4.895103e-02,4.193565e-02,4.328828e-03,2.422417e-02,2.172347e-03,7.311154e-03,3.269410e-02,4.684502e-03,4.678636e-01,1.735792e-02,1.388680e-02,6.163390e-02,1.757533e-02
1.600519e-01,2.919212e-02,3.628422e-02,2.997800e-02,3.264465e-03,1.920663e-02,1.645214e-03,5.650316e-03,3.584599e-02,3.687119e-03,5.292366e-01,1.914761e-02,1.136320e-02,1.026122e-01,1.283446e-02
1.131335e-01,2.363328e-02,2.684429e-02,2.145209e-02,2.885211e-03,1.541137e-02,1.256172e-03,4.781797e-03,3.520481e-02,3.148285e-03,5.405084e-01,2.182881e-02,8.531099e-03,1.718062e-01,9.574596e-03
7.952785e-02,1.835732e-02,1.935349e-02,1.515776e-02,2.296321e-03,1.315822e-02,9.152243e-04,3.426988e-03,3.217064e-02,3.389517e-03,6.008549e-01,1.838283e-02,6.195534e-03,1.793762e-01,7.437293e-03
5.627084e-02,1.611959e-02,1.399524e-02,1.135476e-02,2.350810e-03,1.962350e-02,7.010884e-04,2.622406e-03,5.312730e-02,5.949280e-03,6.109511e-01,1.673012e-02,4.894138e-03,1.791317e-01,6.178180e-03
4.012383e-02,1.912697e-02,1.110418e-02,1.873593e-02,1.386068e-02,2.788290e-02,6.394302e-04,5.931936e-03,1.160668e-01,7.887024e-03,5.421793e-01,1.375474e-02,4.998767e-03,1.730249e-01,4.682587e-03
2.900756e-02,1.990188e-02,1.078159e-02,2.189139e-02,1.403280e-02,3.734985e-02,6.105525e-04,5.374301e-03,1.536731e-01,9.258638e-03,4.838488e-01,1.331702e-02,6.101607e-03,1.907672e-01,4.083777e-03
2.129919e-02,1.739818e-02,8.849825e-03,1.760731e-02,1.191506e-02,4.420697e-02,6.060780e-04,7.449667e-03,1.787189e-01,1.091758e-02,4.222230e-01,1.569805e-02,8.572118e-03,2.312425e-01,3.295641e-03
1.534968e-02,1.383229e-02,6.302368e-03,1.455789e-02,9.559689e-03,4.747721e-02,4.908504e-04,6.515547e-03,3.166538e-01,1.060268e-02,3.365535e-01,1.399206e-02,1.099906e-02,1.944998e-01,2.613644e-03
1.235382e-02,1.344224e-02,5.271468e-03,1.566079e-02,1.074577e-02,5.864196e-02,5.299754e-04,6.511417e-03,3.876421e-01,1.030915e-02,2.894480e-01,1.254076e-02,1.464632e-02,1.596989e-01,2.557449e-03
1.459969e-02,1.568949e-02,2.425886e-02,4.071797e-02,1.475609e-02,6.769943e-02,1.298458e-03,2.255298e-02,4.138259e-01,9.564999e-03,2.282404e-01,9.493531e-03,1.493749e-02,1.187413e-01,3.623470e-03
1.781529e-02,2.101878e-02,3.449332e-02,4.153449e-02,1.786663e-02,1.360474e-01,1.370565e-03,2.418544e-02,4.033516e-01,1.033813e-02,1.787187e-01,6.890599e-03,1.185905e-02,8.922741e-02,5.282599e-03
1.785171e-02,2.437555e-02,2.832898e-02,3.538556e-02,1.631856e-02,2.832690e-01,1.129849e-03,2.038581e-02,3.227524e-01,1.222890e-02,1.330598e-01,5.530532e-03,9.012869e-03,8.004411e-02,1.032626e-02
2.389701e-02,4.671075e-02,2.518336e-02,2.749048e-02,1.818242e-02,2.584357e-01,1.143308e-03,2.540403e-02,3.413328e-01,1.295662e-02,9.990048e-02,4.741859e-03,7.271749e-03,9.538945e-02,1.195998e-02
2.797318e-02,5.426886e-02,2.374565e-02,2.458414e-02,2.187303e-02,2.106767e-01,1.176789e-03,4.931499e-02,3.448896e-01,2.445148e-02,7.542618e-02,4.053636e-03,6.302460e-03,1.119663e-01,1.929690e-02
2.212241e-02,4.448453e-02,2.171987e-02,3.190866e-02,1.819754e-02,1.511087e-01,9.043245e-04,4.749880e-02,4.394464e-01,2.015216e-02,6.185945e-02,4.006776e-03,1.673250e-02,8.806296e-02,3.179496e-02
1.999012e-02,3.487132e-02,1.664271e-02,4.802390e-02,1.450417e-02,1.086461e-01,7.221302e-04,3.550568e-02,5.268946e-01,1.577859e-02,5.698119e-02,5.924826e-03,2.607674e-02,6.214567e-02,2.729230e-02
1.631804e-02,2.523291e-02,1.303133e-02,8.237571e-02,1.420313e-02,8.000860e-02,8.093339e-04,2.636775e-02,4.152496e-01,1.194473e-02,2.089320e-01,1.226415e-02,2.479080e-02,4.739052e-02,2.108147e-02
1.221079e-02,1.794798e-02,9.710906e-03,6.983310e-02,1.046725e-02,5.774189e-02,6.838795e-04,1.883674e-02,3.243085e-01,1.056516e-02,2.983192e-01,5.076583e-02,6.078424e-02,3.899144e-02,1.883315e-02
1.024097e-02,1.285996e-02,8.627264e-03,6.099939e-02,1.111303e-02,4.148501e-02,6.937573e-04,1.438778e-02,2.439802e-01,8.383213e-03,3.728293e-01,5.903655e-02,1.047048e-01,2.976230e-02,2.089655e-02
7.934334e-03,1.045525e-02,1.045923e-02,4.570568e-02,1.598701e-02,2.941879e-02,6.835490e-04,1.039155e-02,1.771871e-01,1.095921e-02,3.746746e-01,6.256890e-02,1.676741e-01,4.923587e-02,2.666490e-02
7.812072e-03,8.602221e-03,9.279644e-03,3.553477e-02,2.106483e-02,2.214985e-02,7.915375e-04,7.902452e-03,1.346647e-01,1.940879e-02,3.473784e-01,6.731633e-02,1.971466e-01,7.518703e-02,4.576078e-02
5.808427e-03,6.497018e-03,8.459406e-03,2.984791e-02,2.101453e-02,1.889307e-02,9.825912e-04,5.710186e-03,1.293929e-01,2.090182e-02,3.098438e-01,6.185445e-02,2.171476e-01,5.957302e-02,1.040732e-01
4.370495e-03,4.759605e-03,6.639341e-03,2.232860e-02,2.863592e-02,1.423115e-02,9.586181e-04,5.014385e-03,9.251469e-02,3.099549e-02,2.771283e-01,5.121516e-02,2.469584e-01,5.106075e-02,1.631890e-01
3.551115e-03,3.424939e-03,6.357392e-03,1.674020e-02,3.828869e-02,1.055983e-02,8.157112e-04,8.341714e-03,6.634653e-02,3.492401e-02,2.393325e-01,4.278255e-02,2.117632e-01,5.144079e-02,2.653308e-01
3.590871e-03,2.488349e-03,1.281240e-02,1.184832e-02,3.513731e-02,7.590702e-03,7.898168e-03,1.360289e-01,4.711922e-02,3.204124e-02,2.033125e-01,4.218023e-02,1.948346e-01,4.504511e-02,2.180721e-01
5.793069e-03,2.139140e-03,1.865000e-02,9.350892e-03,4.473191e-02,6.301999e-03,6.161378e-03,1.617217e-01,3.526922e-02,4.958687e-02,2.412923e-01,3.671043e-02,1.636782e-01,4.411871e-02,1.744941e-01
5.707593e-03,1.899334e-03,1.762909e-02,8.301701e-03,3.724811e-02,4.863466e-03,4.759378e-03,3.110777e-01,3.210667e-02,3.792856e-02,2.193106e-01,3.316055e-02,1.273913e-01,3.480550e-02,1.238105e-01
4.524171e-03,1.624305e-03,2.752073e-02,7.272217e-03,2.716058e-02,3.533319e-03,3.588292e-03,4.387516e-01,2.596788e-02,2.732831e-02,1.777364e-01,2.953737e-02,1.046113e-01,3.280555e-02,8.803795e-02
4.217990e-03,1.408597e-03,3.550164e-02,6.924901e-03,2.238281e-02,2.630725e-03,2.752544e-03,5.366983e-01,2.351503e-02,2.007870e-02,1.476979e-01,2.328723e-02,8.372525e-02,2.621445e-02,6.296390e-02
5.505909e-03,1.477872e-03,5.175214e-02,9.715622e-03,2.640567e-02,2.097917e-03,2.665239e-03,5.774917e-01,2.518322e-02,1.539537e-02,1.224459e-01,1.774221e-02,6.843841e-02,2.642271e-02,4.726015e-02
6.923567e-03,1.625438e-03,6.139402e-02,4.021640e-02,2.211402e-02,1.889939e-03,2.073480e-03,6.011121e-01,2.441383e-02,1.168595e-02,9.662605e-02,1.474401e-02,5.541204e-02,2.483466e-02,3.493454e-02
6.981271e-03,2.367803e-03,5.330645e-02,2.992540e-02,2.025052e-02,1.452467e-03,1.655347e-03,6.806445e-01,2.395107e-02,8.915800e-03,7.244220e-02,1.139944e-02,4.139803e-02,1.905267e-02,2.625708e-02
5.655497e-03,1.970914e-03,4.018324e-02,2.174043e-02,1.539082e-02,1.193316e-03,1.217703e-03,7.674447e-01,1.780411e-02,6.384857e-03,5.158927e-02,8.150780e-03,2.932975e-02,1.348571e-02,1.845895e-02
5.133708e-03,1.487462e-03,3.144853e-02,1.640193e-02,1.181560e-02,1.101439e-03,8.861907e-04,8.278014e-01,1.293692e-02,4.588402e-03,3.714820e-02,5.906736e-03,2.087786e-02,9.513911e-03,1.295174e-02
5.608959e-03,1.365520e-03,2.565750e-02,1.191460e-02,9.090625e-03,1.429795e-03,7.833350e-04,8.692237e-01,1.066913e-02,3.293957e-03,2.616133e-02,4.214478e-03,1.471369e-02,6.773133e-03,9.100231e-03
6.534202e-03,1.232395e-03,1.950007e-02,8.565513e-03,7.222084e-03,2.054994e-03,1.013717e-03,8.991073e-01,8.908251e-03,2.378113e-03,1.847231e-02,3.124024e-03,1.066973e-02,4.788721e-03,6.428554e-03
9.191887e-03,1.286828e-03,1.519561e-02,6.290161e-03,6.751389e-03,3.795900e-03,1.021238e-03,9.119897e-01,1.030928e-02,1.854259e-03,1.363727e-02,2.566902e-03,8.035174e-03,3.385807e-03,4.688586e-03
1.625637e-02,1.297238e-03,1.387924e-02,6.390366e-03,5.308415e-03,3.820517e-02,8.182240e-04,7.097068e-01,9.535706e-03,2.566669e-03,5.392997e-02,4.880768e-02,8.650011e-02,2.782460e-03,4.015618e-03
1.289576e-02,1.314577e-03,1.155869e-02,1.035437e-02,4.001723e-03,6.806041e-02,6.691450e-04,5.192504e-01,9.149316e-03,3.411375e-03,7.696173e-02,1.658775e-01,1.077127e-01,5.275717e-03,3.506694e-03
1.020252e-02,2.690293e-03,9.325212e-03,1.129941e-02,3.792247e-03,8.132948e-02,6.753562e-04,3.721758e-01,1.055510e-02,3.499151e-03,1.342789e-01,2.396095e-01,1.001961e-01,1.720369e-02,3.167274e-03
8.648716e-03,3.901757e-03,7.106015e-03,1.288727e-02,4.751206e-03,7.237350e-02,1.394946e-03,2.805311e-01,2.031779e-02,3.027172e-03,1.997728e-01,2.195160e-01,7.680440e-02,8.375244e-02,5.214798e-03
8.692361e-03,4.259143e-03,5.615656e-03,1.323747e-02,5.412153e-03,5.443066e-02,1.620924e-03,2.018055e-01,2.157311e-02,4.202366e-03,2.973700e-01,2.128946e-01,5.739335e-02,1.066028e-01,4.889774e-03
7.169477e-03,3.400084e-03,4.199130e-03,1.105620e-02,5.495660e-03,4.191824e-02,1.409813e-03,1.418905e-01,2.412969e-02,5.060167e-03,3.750864e-01,2.161449e-01,4.213303e-02,1.165696e-01,4.336928e-03
6.134260e-03,2.717423e-03,3.087563e-03,8.215067e-03,4.690426e-03,4.565201e-02,1.148915e-03,9.969735e-02,2.438436e-02,6.230685e-03,4.328484e-01,2.143246e-01,3.162146e-02,1.156548e-01,3.592626e-03
5.741170e-03,4.149415e-03,6.363343e-03,6.609072e-03,1.490557e-02,3.427866e-02,1.383956e-03,7.313956e-02,2.999238e-02,6.642282e-03,4.971595e-01,1.907010e-01,2.289619e-02,1.029879e-01,3.049938e-03
5.776168e-03,1.004780e-02,5.857513e-03,5.002812e-03,2.068328e-02,2.624548e-02,1.143470e-03,5.192392e-02,3.180002e-02,6.963602e-03,5.109194e-01,1.698493e-01,1.699237e-02,1.339576e-01,2.837217e-03
4.697946e-03,7.571169e-03,4.978538e-03,4.318113e-03,1.877197e-02,1.988814e-02,9.551916e-04,3.676566e-02,2.636543e-02,6.723137e-03,5.851051e-01,1.445277e-01,1.288038e-02,1.241653e-01,2.286223e-03
3.527634e-03,5.741787e-03,3.645111e-03,3.116281e-03,1.614117e-02,1.418678e-02,7.001140e-04,2.580250e-02,2.022504e-02,5.977020e-03,6.731746e-01,1.161746e-01,9.462554e-03,1.003522e-01,1.772532e-03
3.654482e-03,3.352359e-02,5.033745e-03,2.936182e-03,2.913721e-02,1.427212e-02,9.921083e-04,1.829020e-02,1.788705e-02,9.954896e-03,6.281070e-01,1.269879e-01,7.236814e-03,9.438853e-02,7.598148e-03
8.055509e-03,3.192796e-02,7.690365e-03,3.234492e-03,3.960237e-02,2.259180e-02,1.432423e-03,1.350889e-02,1.775757e-02,1.236363e-02,6.291680e-01,1.088973e-01,5.889823e-03,9.107687e-02,6.802980e-03
1.150765e-02,3.717660e-02,1.573437e-02,3.801140e-03,4.012588e-02,7.407176e-02,1.797508e-03,1.029564e-02,1.794326e-02,1.400163e-02,5.947639e-01,8.965725e-02,5.518533e-03,7.584808e-02,7.756832e-03
2.646082e-02,3.337143e-02,6.623735e-02,5.081581e-03,4.041964e-02,1.081981e-01,3.167093e-03,7.727250e-02,2.550117e-02,1.349462e-02,4.563584e-01,6.699120e-02,6.101318e-03,6.510679e-02,6.237985e-03
4.987954e-02,2.842164e-02,1.154863e-01,7.863399e-03,5.113780e-02,9.313922e-02,2.485208e-03,7.456434e-02,7.300530e-02,1.401548e-02,3.480123e-01,5.077532e-02,6.699051e-03,6.868973e-02,1.582542e-02
1.052149e-01,2.318294e-02,9.746720e-02,1.256668e-02,5.694293e-02,7.664481e-02,2.104081e-03,5.733092e-02,1.091266e-01,1.547127e-02,2.622839e-01,4.135921e-02,6.628541e-03,6.846572e-02,6.521042e-02
1.215200e-01,2.539862e-02,1.092010e-01,5.313608e-02,8.457189e-02,8.861345e-02,2.377190e-03,4.828873e-02,1.083935e-01,1.398937e-02,1.936935e-01,3.473791e-02,6.980628e-03,5.299660e-02,5.610152e-02
1.265307e-01,2.492912e-02,1.166802e-01,4.808898e-02,9.038685e-02,8.383451e-02,3.089765e-03,4.745511e-02,1.345757e-01,1.836643e-02,1.607192e-01,3.629221e-02,8.502780e-03,5.131350e-02,4.923490e-02
1.402776e-01,2.527864e-02,9.849998e-02,4.582220e-02,1.049603e-01,6.902882e-02,3.404704e-03,4.102026e-02,1.238587e-01,3.468702e-02,1.572521e-01,3.721779e-02,1.050540e-02,5.952240e-02,4.866412e-02
1.273123e-01,4.456449e-02,9.140759e-02,4.727148e-02,1.430747e-01,6.622915e-02,4.342802e-03,3.849293e-02,1.433399e-01,2.848923e-02,1.367804e-01,2.827312e-02,9.878770e-03,5.209535e-02,3.844782e-02
1.239426e-01,4.684732e-02,7.039402e-02,5.228055e-02,1.166664e-01,2.209965e-01,4.087036e-03,2.927937e-02,1.054699e-01,2.398313e-02,1.017015e-01,2.507456e-02,8.571343e-03,3.713930e-02,3.356640e-02
1.548076e-01,3.896656e-02,5.398411e-02,5.670831e-02,9.988448e-02,2.696325e-01,3.717475e-03,2.338475e-02,9.126820e-02,2.292392e-02,9.527767e-02,2.240064e-02,7.274079e-03,2.787698e-02,3.189277e-02
1.617757e-01,4.011097e-02,4.224294e-02,8.300699e-02,7.838001e-02,2.777977e-01,2.878743e-03,1.903383e-02,7.187892e-02,3.214611e-02,7.734135e-02,2.149890e-02,8.671078e-03,2.251609e-02,6.072071e-02
1.298811e-01,3.106684e-02,3.138079e-02,8.076987e-02,5.784374e-02,2.753487e-01,2.654210e-03,1.810466e-02,7.878809e-02,6.431022e-02,9.212986e-02,1.990792e-02,1.039279e-02,1.922956e-02,8.819161e-02
9.622356e-02,2.486233e-02,2.522283e-02,9.450518e-02,4.485245e-02,2.201068e-01,2.127396e-03,1.607233e-02,1.168143e-01,5.785550e-02,1.649165e-01,2.087523e-02,1.994723e-02,1.859774e-02,7.702048e-02
7.082489e-02,1.836630e-02,2.177776e-02,7.350662e-02,3.574875e-02,1.708053e-01,1.743963e-03,1.700906e-02,1.064979e-01,6.365665e-02,2.148234e-01,2.278218e-02,3.219639e-02,4.999438e-02,1.002663e-01
5.366884e-02,1.415007e-02,6.137966e-02,5.853330e-02,6.253406e-02,1.223359e-01,1.463831e-03,2.339600e-02,9.377474e-02,4.855223e-02,2.923069e-01,1.877062e-02,3.553116e-02,4.006937e-02,7.353322e-02
4.843862e-02,1.601871e-02,8.930619e-02,7.637291e-02,5.358147e-02,9.036459e-02,1.342629e-03,1.817438e-02,1.594777e-01,4.685397e-02,2.586553e-01,1.491031e-02,3.295272e-02,3.761083e-02,5.593963e-02
6.214894e-02,1.526755e-02,7.838544e-02,6.761768e-02,4.453952e-02,6.707308e-02,1.216392e-03,1.431359e-02,1.285751e-01,5.348592e-02,3.268067e-01,1.489526e-02,2.894365e-02,5.252536e-02,4.420578e-02
5.066564e-02,1.260380e-02,5.786578e-02,5.178274e-02,3.516547e-02,4.886422e-02,9.849662e-04,1.143815e-02,9.532540e-02,5.261904e-02,4.242303e-01,1.312088e-02,2.722977e-02,8.101130e-02,3.709247e-02
4.259782e-02,1.474675e-02,5.221775e-02,4.025365e-02,3.521048e-02,3.834746e-02,1.078577e-03,1.542927e-02,7.977614e-02,4.919630e-02,4.429085e-01,1.422492e-02,3.191978e-02,1.101874e-01,3.190506e-02
3.887541e-02,1.282434e-02,4.455541e-02,3.566089e-02,2.702770e-02,3.640554e-02,9.399917e-04,1.858036e-02,6.066823e-02,5.257886e-02,4.954732e-01,1.220146e-02,2.779995e-02,1.108592e-01,2.554938e-02
4.279287e-02,1.107952e-02,3.695230e-02,3.838533e-02,2.118428e-02,3.335545e-02,9.039365e-04,1.494140e-02,4.675017e-02,6.462981e-02,5.191436e-01,1.193032e-02,2.390653e-02,1.123996e-01,2.164478e-02
4.457922e-02,9.528873e-03,3.697959e-02,4.991763e-02,2.080302e-02,3.074377e-02,1.120853e-03,1.532961e-02,3.835027e-02,8.982862e-02,4.908996e-01,9.808892e-03,1.894143e-02,1.230830e-01,2.008568e-02
4.807471e-02,1.382224e-02,4.851469e-02,5.820729e-02,1.998616e-02,2.910983e-02,1.029970e-03,1.542426e-02,3.128777e-02,1.112301e-01,4.439542e-01,8.787096e-03,1.590197e-02,1.350596e-01,1.961008e-02
4.892083e-02,1.309551e-02,4.417773e-02,5.554092e-02,2.002459e-02,2.568529e-02,1.197597e-03,1.435511e-02,2.611072e-02,1.127430e-01,4.163180e-01,8.677689e-03,1.388808e-02,1.742403e-01,2.502473e-02
5.437967e-02,1.551394e-02,5.116836e-02,5.758689e-02,2.683191e-02,2.650880e-02,3.011014e-03,1.674219e-02,3.438427e-02,9.851453e-02,3.766062e-01,1.000570e-02,1.224229e-02,1.878480e-01,2.865629e-02
5.736896e-02,1.427978e-02,4.837814e-02,5.058418e-02,3.390001e-02,2.583481e-02,4.462390e-03,1.751622e-02,3.017394e-02,9.297632e-02,3.778920e-01,1.121514e-02,1.244571e-02,1.948969e-01,2.807560e-02
5.329610e-02,1.437668e-02,3.739581e-02,3.684919e-02,4.487738e-02,2.070148e-02,4.367011e-03,1.341848e-02,2.854020e-02,7.264266e-02,4.640511e-01,1.345002e-02,1.251775e-02,1.626671e-01,2.084905e-02
4.968054e-02,1.149270e-02,2.783412e-02,2.685083e-02,4.866356e-02,1.856457e-02,4.219396e-03,1.061036e-02,2.180366e-02,5.443549e-02,5.652929e-01,1.210537e-02,1.104741e-02,1.207662e-01,1.663296e-02
4.210664e-02,8.643286e-03,2.024315e-02,1.908886e-02,4.305802e-02,1.402978e-02,3.710055e-03,7.822705e-03,1.856109e-02,4.497533e-02,6.595623e-01,1.038997e-02,8.853348e-03,8.617631e-02,1.277920e-02
4.653157e-02,7.042486e-03,2.034288e-02,1.535431e-02,6.127502e-02,1.196421e-02,6.153466e-03,5.074041e-02,2.253752e-02,5.648802e-02,6.091930e-01,1.018415e-02,9.173861e-03,6.168572e-02,1.133341e-02
6.291150e-02,5.742847e-03,1.653411e-02,1.446959e-02,6.854257e-02,1.315302e-02,6.342837e-03,6.438745e-02,1.969264e-02,4.440822e-02,6.071082e-01,9.337354e-03,1.095056e-02,4.557492e-02,1.084418e-02
9.458047e-02,8.249944e-03,1.660276e-02,1.584408e-02,6.557438e-02,1.504201e-02,5.792686e-03,9.546448e-02,2.711316e-02,3.209229e-02,5.610840e-01,9.283742e-03,1.079215e-02,3.258033e-02,9.903507e-03
8.488617e-02,2.766292e-02,1.668337e-02,1.282951e-02,9.464394e-02,2.449228e-02,5.472712e-03,9.859995e-02,9.029513e-02,2.651261e-02,4.552354e-01,1.036220e-02,1.430378e-02,2.495929e-02,1.306077e-02
6.401572e-02,2.238034e-02,2.098037e-02,1.102316e-02,8.324778e-02,2.020539e-02,4.867197e-03,2.749940e-01,8.962374e-02,2.121568e-02,3.386478e-01,8.427032e-03,1.197569e-02,1.796023e-02,1.043591e-02
4.867278e-02,2.257466e-02,2.620680e-02,1.099582e-02,7.624739e-02,2.528231e-02,6.066496e-03,3.602796e-01,1.285250e-01,1.660014e-02,2.395085e-01,6.480913e-03,1.154965e-02,1.295937e-02,8.050572e-03
4.134875e-02,3.928060e-02,3.506699e-02,1.080346e-02,6.932605e-02,6.804262e-02,6.826154e-03,3.077029e-01,1.875311e-01,1.549164e-02,1.706161e-01,5.687964e-03,1.879840e-02,9.783013e-03,1.369427e-02
4.881344e-02,9.315068e-02,2.824994e-02,1.214761e-02,6.573731e-02,8.746275e-02,6.969546e-03,2.562088e-01,2.056504e-01,1.517596e-02,1.234594e-01,5.559074e-03,2.213096e-02,7.518491e-03,2.176560e-02
5.713644e-02,9.195441e-02,2.268871e-02,1.386037e-02,6.556283e-02,1.212779e-01,9.403637e-03,1.887635e-01,2.033057e-01,1.970097e-02,8.978268e-02,8.291898e-03,5.335292e-02,5.881650e-03,4.903638e-02
4.782700e-02,9.799618e-02,1.997282e-02,2.525179e-02,5.488956e-02,1.295359e-01,1.335681e-02,1.501637e-01,2.456250e-01,2.064865e-02,6.572427e-02,8.712240e-03,6.423379e-02,4.678180e-03,5.138398e-02
4.239757e-02,9.877712e-02,1.955540e-02,1.207338e-01,4.198428e-02,9.480814e-02,1.000934e-02,1.105571e-01,2.339679e-01,2.058097e-02,4.841456e-02,7.561859e-03,4.959338e-02,3.783852e-03,9.727466e-02
6.800336e-02,9.498222e-02,1.614153e-02,1.146701e-01,3.598142e-02,1.177322e-01,9.350020e-03,9.012312e-02,2.179731e-01,2.029091e-02,3.899734e-02,6.626744e-03,5.953386e-02,3.586934e-03,1.060071e-01
1.539177e-01,8.855928e-02,1.248718e-02,9.788840e-02,3.498438e-02,1.148119e-01,9.838067e-03,7.150599e-02,1.912316e-01,1.823207e-02,2.985842e-02,7.049731e-03,7.842371e-02,3.039173e-03,8.817226e-02
1.648253e-01,1.236890e-01,1.050911e-02,7.633877e-02,3.484850e-02,8.870821e-02,9.337720e-03,5.409919e-02,1.794445e-01,1.673094e-02,2.500959e-02,7.276119e-03,1.310304e-01,2.914266e-03,7.523832e-02
1.362054e-01,1.179004e-01,1.643116e-02,5.965664e-02,3.665861e-02,6.949928e-02,1.324297e-02,6.360347e-02,1.532373e-01,1.503750e-02,2.320245e-02,8.221142e-03,2.097450e-01,3.197323e-03,7.416137e-02
1.945096e-01,9.474318e-02,1.293750e-02,5.500285e-02,3.465987e-02,5.692700e-02,1.104575e-02,4.544561e-02,1.190882e-01,1.459050e-02,3.511904e-02,2.101524e-02,2.342300e-01,8.535546e-03,6.215006e-02
1.705658e-01,7.136096e-02,1.219613e-02,5.189884e-02,3.731731e-02,5.044924e-02,1.085236e-02,3.372822e-02,8.909687e-02,1.664865e-02,6.842331e-02,3.289794e-02,2.781241e-01,9.803011e-03,6.663720e-02
