1.000000e+00,0.000000e+00,0.000000e+00,0.000000e+00,0.000000e+00,0.000000e+00,0.000000e+00,0.000000e+00,0.000000e+00,0.000000e+00,0.000000e+00,0.000000e+00,0.000000e+00,0.000000e+00,0.000000e+00
1.000000e+00,0.000000e+00,0.000000e+00,0.000000e+00,0.000000e+00,0.000000e+00,0.000000e+00,0.000000e+00,0.000000e+00,0.000000e+00,0.000000e+00,0.000000e+00,0.000000e+00,0.000000e+00,0.000000e+00
1.000000e+00,0.000000e+00,0.000000e+00,0.000000e+00,0.000000e+00,0.000000e+00,0.000000e+00,0.000000e+00,0.000000e+00,0.000000e+00,0.000000e+00,0.000000e+00,0.000000e+00,0.000000e+00,0.000000e+00
1.000000e+00,0.000000e+00,0.000000e+00,0.000000e+00,0.000000e+00,0.000000e+00,0.000000e+00,0.000000e+00,0.000000e+00,0.000000e+00,0.000000e+00,0.000000e+00,0.000000e+00,0.000000e+00,0.000000e+00
1.000000e+00,0.000000e+00,0.000000e+00,0.000000e+00,0.000000e+00,0.000000e+00,0.000000e+00,0.000000e+00,0.000000e+00,0.000000e+00,0.000000e+00,0.000000e+00,0.000000e+00,0.000000e+00,0.000000e+00
1.000000e+00,0.000000e+00,0.000000e+00,0.000000e+00,0.000000e+00,0.000000e+00,0.000000e+00,0.000000e+00,0.000000e+00,0.000000e+00,0.000000e+00,0.000000e+00,0.000000e+00,0.000000e+00,0.000000e+00
1.000000e+00,0.000000e+00,0.000000e+00,0.000000e+00,0.000000e+00,0.000000e+00,0.000000e+00,0.000000e+00,0.000000e+00,0.000000e+00,0.000000e+00,0.000000e+00,0.000000e+00,0.000000e+00,0.000000e+00
1.000000e+00,0.000000e+00,0.000000e+00,0.000000e+00,0.000000e+00,0.000000e+00,0.000000e+00,0.000000e+00,0.000000e+00,0.000000e+00,0.000000e+00,0.000000e+00,0.000000e+00,0.000000e+00,0.000000e+00
1.000000e+00,0.000000e+00,0.000000e+00,0.000000e+00,0.000000e+00,0.000000e+00,0.000000e+00,0.000000e+00,0.000000e+00,0.000000e+00,0.000000e+00,0.000000e+00,0.000000e+00,0.000000e+00,0.000000e+00
1.000000e+00,0.000000e+00,0.000000e+00,0.000000e+00,0.000000e+00,0.000000e+00,0.000000e+00,0.000000e+00,0.000000e+00,0.000000e+00,0.000000e+00,0.000000e+00,0.000000e+00,0.000000e+00,0.000000e+00
1.000000e+00,0.000000e+00,0.000000e+00,0.000000e+00,0.000000e+00,0.000000e+00,0.000000e+00,0.000000e+00,0.000000e+00,0.000000e+00,0.000000e+00,0.000000e+00,0.000000e+00,0.000000e+00,0.000000e+00
1.000000e+00,0.000000e+00,0.000000e+00,0.000000e+00,0.000000e+00,0.000000e+00,0.000000e+00,0.000000e+00,0.000000e+00,0.000000e+00,0.000000e+00,0.000000e+00,0.000000e+00,0.000000e+00,0.000000e+00
1.000000e+00,0.000000e+00,0.000000e+00,0.000000e+00,0.000000e+00,0.000000e+00,0.000000e+00,0.000000e+00,0.000000e+00,0.000000e+00,0.000000e+00,0.000000e+00,0.000000e+00,0.000000e+00,0.000000e+00
1.000000e+00,0.000000e+00,0.000000e+00,0.000000e+00,0.000000e+00,0.000000e+00,0.000000e+00,0.000000e+00,0.000000e+00,0.000000e+00,0.000000e+00,0.000000e+00,0.000000e+00,0.000000e+00,0.000000e+00
1.000000e+00,0.000000e+00,0.000000e+00,0.000000e+00,0.000000e+00,0.000000e+00,0.000000e+00,0.000000e+00,0.000000e+00,0.000000e+00,0.000000e+00,0.000000e+00,0.000000e+00,0.000000e+00,0.000000e+00
1.000000e+00,0.000000e+00,0.000000e+00,0.000000e+00,0.000000e+00,0.000000e+00,0.000000e+00,0.000000e+00,0.000000e+00,0.000000e+00,0.000000e+00,0.000000e+00,0.000000e+00,0.000000e+00,0.000000e+00
1.000000e+00,0.000000e+00,0.000000e+00,0.000000e+00,0.000000e+00,0.000000e+00,0.000000e+00,0.000000e+00,0.000000e+00,0.000000e+00,0.000000e+00,0.000000e+00,0.000000e+00,0.000000e+00,0.000000e+00
1.000000e+00,0.000000e+00,0.000000e+00,0.000000e+00,0.000000e+00,0.000000e+00,0.000000e+00,0.000000e+00,0.000000e+00,0.000000e+00,0.000000e+00,0.000000e+00,0.000000e+00,0.000000e+00,0.000000e+00
1.000000e+00,0.000000e+00,0.000000e+00,0.000000e+00,0.000000e+00,0.000000e+00,0.000000e+00,0.000000e+00,0.000000e+00,0.000000e+00,0.000000e+00,0.000000e+00,0.000000e+00,0.000000e+00,0.000000e+00
1.000000e+00,0.000000e+00,0.000000e+00,0.000000e+00,0.000000e+00,0.000000e+00,0.000000e+00,0.000000e+00,0.000000e+00,0.000000e+00,0.000000e+00,0.000000e+00,0.000000e+00,0.000000e+00,0.000000e+00
1.000000e+00,0.000000e+00,0.000000e+00,0.000000e+00,0.000000e+00,0.000000e+00,0.000000e+00,0.000000e+00,0.000000e+00,0.000000e+00,0.000000e+00,0.000000e+00,0.000000e+00,0.000000e+00,0.000000e+00
1.000000e+00,0.000000e+00,0.000000e+00,0.000000e+00,0.000000e+00,0.000000e+00,0.000000e+00,0.000000e+00,0.000000e+00,0.000000e+00,0.000000e+00,0.000000e+00,0.000000e+00,0.000000e+00,0.000000e+00
1.000000e+00,0.000000e+00,0.000000e+00,0.000000e+00,0.000000e+00,0.000000e+00,0.000000e+00,0.000000e+00,0.000000e+00,0.000000e+00,0.000000e+00,0.000000e+00,0.000000e+00,0.000000e+00,0.000000e+00
1.000000e+00,0.000000e+00,0.000000e+00,0.000000e+00,0.000000e+00,0.000000e+00,0.000000e+00,0.000000e+00,0.000000e+00,0.000000e+00,0.000000e+00,0.000000e+00,0.000000e+00,0.000000e+00,0.000000e+00
1.000000e+00,0.000000e+00,0.000000e+00,0.000000e+00,0.000000e+00,0.000000e+00,0.000000e+00,0.000000e+00,0.000000e+00,0.000000e+00,0.000000e+00,0.000000e+00,0.000000e+00,0.000000e+00,0.000000e+00
1.000000e+00,0.000000e+00,0.000000e+00,0.000000e+00,0.000000e+00,0.000000e+00,0.000000e+00,0.000000e+00,0.000000e+00,0.000000e+00,0.000000e+00,0.000000e+00,0.000000e+00,0.000000e+00,0.000000e+00
1.000000e+00,0.000000e+00,0.000000e+00,0.000000e+00,0.000000e+00,0.000000e+00,0.000000e+00,0.000000e+00,0.000000e+00,0.000000e+00,0.000000e+00,0.000000e+00,0.000000e+00,0.000000e+00,0.000000e+00
1.000000e+00,0.000000e+00,0.000000e+00,0.000000e+00,0.000000e+00,0.000000e+00,0.000000e+00,0.000000e+00,0.000000e+00,0.000000e+00,0.000000e+00,0.000000e+00,0.000000e+00,0.000000e+00,0.000000e+00
1.000000e+00,0.000000e+00,0.000000e+00,0.000000e+00,0.000000e+00,0.000000e+00,0.000000e+00,0.000000e+00,0.000000e+00,0.000000e+00,0.000000e+00,0.000000e+00,0.000000e+00,0.000000e+00,0.000000e+00
1.000000e+00,0.000000e+00,0.000000e+00,0.000000e+00,0.000000e+00,0.000000e+00,0.000000e+00,0.000000e+00,0.000000e+00,0.000000e+00,0.000000e+00,0.000000e+00,0.000000e+00,0.000000e+00,0.000000e+00
1.000000e+00,0.000000e+00,0.000000e+00,0.000000e+00,0.000000e+00,0.000000e+00,0.000000e+00,0.000000e+00,0.000000e+00,0.000000e+00,0.000000e+00,0.000000e+00,0.000000e+00,0.000000e+00,0.000000e+00
1.000000e+00,0.000000e+00,0.000000e+00,0.000000e+00,0.000000e+00,0.000000e+00,0.000000e+00,0.000000e+00,0.000000e+00,0.000000e+00,0.000000e+00,0.000000e+00,0.000000e+00,0.000000e+00,0.000000e+00
1.000000e+00,0.000000e+00,0.000000e+00,0.000000e+00,0.000000e+00,0.000000e+00,0.000000e+00,0.000000e+00,0.000000e+00,0.000000e+00,0.000000e+00,0.000000e+00,0.000000e+00,0.000000e+00,0.000000e+00
1.000000e+00,0.000000e+00,0.000000e+00,0.000000e+00,0.000000e+00,0.000000e+00,0.000000e+00,0.000000e+00,0.000000e+00,0.000000e+00,0.000000e+00,0.000000e+00,0.000000e+00,0.000000e+00,0.000000e+00
1.000000e+00,0.000000e+00,0.000000e+00,0.000000e+00,0.000000e+00,0.000000e+00,0.000000e+00,0.000000e+00,0.000000e+00,0.000000e+00,0.000000e+00,0.000000e+00,0.000000e+00,0.000000e+00,0.000000e+00
1.000000e+00,0.000000e+00,0.000000e+00,0.000000e+00,0.000000e+00,0.000000e+00,0.000000e+00,0.000000e+00,0.000000e+00,0.000000e+00,0.000000e+00,0.000000e+00,0.000000e+00,0.000000e+00,0.000000e+00
1.000000e+00,0.000000e+00,0.000000e+00,0.000000e+00,0.000000e+00,0.000000e+00,0.000000e+00,0.000000e+00,0.000000e+00,0.000000e+00,0.000000e+00,0.000000e+00,0.000000e+00,0.000000e+00,0.000000e+00
1.000000e+00,0.000000e+00,0.000000e+00,0.000000e+00,0.000000e+00,0.000000e+00,0.000000e+00,0.000000e+00,0.000000e+00,0.000000e+00,0.000000e+00,0.000000e+00,0.000000e+00,0.000000e+00,0.000000e+00
1.000000e+00,0.000000e+00,0.000000e+00,0.000000e+00,0.000000e+00,0.000000e+00,0.000000e+00,0.000000e+00,0.000000e+00,0.000000e+00,0.000000e+00,0.000000e+00,0.000000e+00,0.000000e+00,0.000000e+00
1.000000e+00,0.000000e+00,0.000000e+00,0.000000e+00,0.000000e+00,0.000000e+00,0.000000e+00,0.000000e+00,0.000000e+00,0.000000e+00,0.000000e+00,0.000000e+00,0.000000e+00,0.000000e+00,0.000000e+00
1.000000e+00,0.000000e+00,0.000000e+00,0.000000e+00,0.000000e+00,0.000000e+00,0.000000e+00,0.000000e+00,0.000000e+00,0.000000e+00,0.000000e+00,0.000000e+00,0.000000e+00,0.000000e+00,0.000000e+00
1.000000e+00,0.000000e+00,0.000000e+00,0.000000e+00,0.000000e+00,0.000000e+00,0.000000e+00,0.000000e+00,0.000000e+00,0.000000e+00,0.000000e+00,0.000000e+00,0.000000e+00,0.000000e+00,0.000000e+00
1.000000e+00,0.000000e+00,0.000000e+00,0.000000e+00,0.000000e+00,0.000000e+00,0.000000e+00,0.000000e+00,0.000000e+00,0.000000e+00,0.000000e+00,0.000000e+00,0.000000e+00,0.000000e+00,0.000000e+00
1.000000e+00,0.000000e+00,0.000000e+00,0.000000e+00,0.000000e+00,0.000000e+00,0.000000e+00,0.000000e+00,0.000000e+00,0.000000e+00,0.000000e+00,0.000000e+00,0.000000e+00,0.000000e+00,0.000000e+00
1.000000e+00,0.000000e+00,0.000000e+00,0.000000e+00,0.000000e+00,0.000000e+00,0.000000e+00,0.000000e+00,0.000000e+00,0.000000e+00,0.000000e+00,0.000000e+00,0.000000e+00,0.000000e+00,0.000000e+00
1.000000e+00,0.000000e+00,0.000000e+00,0.000000e+00,0.000000e+00,0.000000e+00,0.000000e+00,0.000000e+00,0.000000e+00,0.000000e+00,0.000000e+00,0.000000e+00,0.000000e+00,0.000000e+00,0.000000e+00
1.000000e+00,0.000000e+00,0.000000e+00,0.000000e+00,0.000000e+00,0.000000e+00,0.000000e+00,0.000000e+00,0.000000e+00,0.000000e+00,0.000000e+00,0.000000e+00,0.000000e+00,0.000000e+00,0.000000e+00
1.000000e+00,0.000000e+00,0.000000e+00,0.000000e+00,0.000000e+00,0.000000e+00,0.000000e+00,0.000000e+00,0.000000e+00,0.000000e+00,0.000000e+00,0.000000e+00,0.000000e+00,0.000000e+00,0.000000e+00
1.000000e+00,0.000000e+00,0.000000e+00,0.000000e+00,0.000000e+00,0.000000e+00,0.000000e+00,0.000000e+00,0.000000e+00,0.000000e+00,0.000000e+00,0.000000e+00,0.000000e+00,0.000000e+00,0.000000e+00
4.670177e-01,3.391396e-02,6.733491e-02,9.045277e-02,1.687277e-02,2.869835e-02,2.480653e-02,1.118119e-01,1.119577e-02,3.133965e-03,2.015060e-02,5.291581e-02,3.350753e-02,6.724041e-03,3.146338e-02
3.785574e-01,2.659417e-02,1.016444e-01,7.338689e-02,1.427446e-02,5.817860e-02,2.695223e-02,1.915722e-01,8.256784e-03,2.591522e-03,1.604200e-02,4.151697e-02,2.966097e-02,5.746136e-03,2.502525e-02
3.128908e-01,2.061672e-02,1.064667e-01,5.839550e-02,1.163226e-02,8.758940e-02,4.024744e-02,2.504407e-01,6.270777e-03,2.110498e-03,1.294845e-02,3.527722e-02,2.957048e-02,5.148609e-03,2.039441e-02
2.567229e-01,1.527517e-02,8.277637e-02,4.367175e-02,9.004402e-03,8.383961e-02,5.130566e-02,3.678182e-01,4.649368e-03,1.625709e-03,1.025275e-02,2.792978e-02,2.439299e-02,4.935964e-03,1.579941e-02
2.320094e-01,1.201453e-02,7.059972e-02,3.350238e-02,7.504568e-03,7.793174e-02,7.175405e-02,4.211998e-01,3.449762e-03,1.304239e-03,8.037328e-03,2.227766e-02,2.078584e-02,4.949219e-03,1.267975e-02
2.214551e-01,1.069227e-02,6.113903e-02,2.703757e-02,7.074389e-03,8.023106e-02,9.520533e-02,4.313871e-01,2.736047e-03,1.204607e-03,6.529784e-03,1.796382e-02,2.099117e-02,4.836213e-03,1.151649e-02
3.057649e-01,8.733507e-03,4.880194e-02,2.115321e-02,6.733784e-03,7.138362e-02,9.082764e-02,3.880427e-01,2.350020e-03,1.160751e-03,5.320334e-03,1.585659e-02,1.885702e-02,4.015023e-03,1.099888e-02
3.409829e-01,6.912916e-03,4.307713e-02,1.733988e-02,6.070579e-03,6.187018e-02,8.638350e-02,3.870043e-01,1.916068e-03,1.038473e-03,4.362145e-03,1.403548e-02,1.594543e-02,3.188089e-03,9.872930e-03
3.404553e-01,6.098330e-03,4.067846e-02,1.420963e-02,5.802063e-03,5.102035e-02,9.958653e-02,3.979877e-01,1.620603e-03,1.180047e-03,3.684321e-03,1.224574e-02,1.323599e-02,2.781798e-03,9.413097e-03
4.128982e-01,5.172410e-03,3.475038e-02,1.163300e-02,5.431927e-03,4.295250e-02,8.833212e-02,3.570641e-01,1.544501e-03,1.208323e-03,3.148470e-03,1.204379e-02,1.150285e-02,2.419873e-03,9.897522e-03
3.467932e-01,4.566363e-03,2.827415e-02,9.053941e-03,4.922120e-03,3.947046e-02,1.262319e-01,4.009719e-01,1.396931e-03,1.332660e-03,2.709053e-03,1.167691e-02,1.073319e-02,2.105216e-03,9.762000e-03
3.197630e-01,4.511287e-03,2.341941e-02,8.563710e-03,4.781688e-03,3.667162e-02,9.881499e-02,4.311397e-01,2.056631e-03,2.294614e-03,3.713325e-03,1.960330e-02,3.018335e-02,4.042238e-03,1.044110e-02
2.331174e-01,3.454577e-03,1.821614e-02,9.039930e-03,3.890790e-03,3.236439e-02,7.559130e-02,4.004396e-01,1.959276e-03,4.819436e-03,7.150594e-03,6.690157e-02,1.274338e-01,6.259045e-03,9.361977e-03
1.649410e-01,2.493340e-03,1.285867e-02,8.238831e-03,2.813668e-03,2.522892e-02,5.312285e-02,2.842604e-01,1.680093e-03,3.529993e-03,8.606749e-03,5.147924e-02,3.573765e-01,5.097010e-03,1.827269e-02
1.160042e-01,1.975298e-03,9.168553e-03,8.446077e-03,2.111887e-03,1.971149e-02,3.736007e-02,1.999910e-01,2.854408e-03,3.374649e-03,8.348450e-03,3.948754e-02,5.169936e-01,4.607453e-03,2.956526e-02
8.128097e-02,1.485041e-03,6.560157e-03,8.295549e-03,1.950464e-03,1.410304e-02,2.620016e-02,1.416661e-01,1.319748e-02,2.657996e-03,7.634562e-03,2.871532e-02,6.328086e-01,4.683100e-03,2.876149e-02
5.717754e-02,1.325488e-03,4.868766e-03,1.440107e-02,2.198120e-03,1.223034e-02,1.872817e-02,1.005789e-01,2.186708e-02,2.654217e-03,8.556757e-03,3.288535e-02,6.890997e-01,4.737982e-03,2.869056e-02
4.022072e-02,1.334728e-03,3.702935e-03,1.369885e-02,2.472057e-03,1.024296e-02,1.334934e-02,7.147212e-02,2.446553e-02,5.352107e-03,1.157701e-02,5.207486e-02,7.160284e-01,4.182997e-03,2.982537e-02
2.830225e-02,2.069544e-03,2.904787e-03,1.356220e-02,2.561048e-03,7.639003e-03,9.369157e-03,5.032692e-02,5.702160e-02,7.771040e-03,3.051516e-02,7.055963e-02,6.830722e-01,4.158068e-03,3.016734e-02
2.041087e-02,3.967325e-03,2.412971e-03,1.510804e-02,2.583775e-03,7.293096e-03,6.612174e-03,3.542027e-02,8.166485e-02,3.456195e-02,3.819793e-02,1.226239e-01,5.789973e-01,1.097191e-02,3.917360e-02
1.457174e-02,4.867279e-03,1.873118e-03,1.135409e-02,2.201780e-03,5.449511e-03,4.687396e-03,2.481741e-02,1.065534e-01,5.268069e-02,6.815343e-02,1.783372e-01,4.680699e-01,1.560208e-02,4.078089e-02
1.111214e-02,6.480035e-03,1.442169e-03,8.161110e-03,1.803422e-03,4.253808e-03,3.292911e-03,1.741544e-02,1.261919e-01,5.766357e-02,1.466875e-01,1.856014e-01,3.631235e-01,2.726335e-02,3.950776e-02
8.194404e-03,6.213923e-03,1.073531e-03,5.911389e-03,1.747723e-03,4.461712e-03,2.328754e-03,1.227792e-02,2.123995e-01,5.090970e-02,1.915913e-01,1.745724e-01,2.693251e-01,2.786565e-02,3.112691e-02
6.017447e-03,5.909881e-03,1.416058e-03,4.264739e-03,7.450873e-03,3.572699e-03,2.340737e-03,1.497521e-02,3.722662e-01,3.928782e-02,1.751228e-01,1.298721e-01,1.910740e-01,2.263090e-02,2.379849e-02
4.300239e-03,5.546668e-03,1.039670e-03,3.070110e-03,6.064281e-03,5.422025e-03,1.673407e-03,1.134751e-02,5.135165e-01,2.964691e-02,1.555835e-01,9.384806e-02,1.346044e-01,1.739545e-02,1.694133e-02
3.607199e-03,1.469233e-02,1.127018e-03,2.904256e-03,5.682881e-03,1.189882e-02,1.193262e-03,1.028634e-02,6.282164e-01,2.125261e-02,1.126259e-01,6.638464e-02,9.474771e-02,1.322566e-02,1.215509e-02
2.620348e-03,1.157507e-02,8.494821e-04,3.724326e-03,5.187786e-03,1.472785e-02,8.478750e-04,7.455054e-03,7.282197e-01,1.492494e-02,7.920360e-02,4.648962e-02,6.634586e-02,9.290486e-03,8.538099e-03
2.124062e-03,9.096788e-03,7.475285e-04,3.402432e-03,8.670267e-03,1.153406e-02,6.819468e-04,6.566595e-03,7.994301e-01,1.047575e-02,5.571237e-02,3.256038e-02,4.647917e-02,6.530812e-03,5.987807e-03
2.024587e-03,8.113595e-03,7.140905e-04,6.743759e-02,1.139858e-02,4.230710e-02,4.952071e-04,5.927647e-03,7.473028e-01,7.481869e-03,4.095492e-02,2.314921e-02,3.351219e-02,4.619181e-03,4.561523e-03
3.206901e-03,7.614226e-03,6.185623e-04,5.713698e-02,1.359498e-02,4.425376e-02,4.309182e-04,6.275659e-03,7.712689e-01,5.859400e-03,3.802921e-02,1.877459e-02,2.474724e-02,3.494641e-03,4.694049e-03
4.698020e-03,8.392522e-03,1.067028e-03,7.451376e-02,2.073868e-02,4.482769e-02,6.252006e-04,1.208955e-02,7.327420e-01,7.196232e-03,3.535575e-02,2.362990e-02,2.024847e-02,3.952436e-03,9.922834e-03
1.005109e-02,8.303878e-03,1.381457e-03,6.893426e-02,3.929892e-02,3.469242e-02,9.749448e-04,2.160610e-02,7.358477e-01,5.981049e-03,2.758067e-02,1.871950e-02,1.495006e-02,3.178614e-03,8.499358e-03
2.222857e-02,1.210132e-02,2.141036e-03,7.605221e-02,3.759339e-02,2.734788e-02,9.561131e-04,4.974829e-02,6.906957e-01,6.742088e-03,2.801843e-02,1.862342e-02,1.241016e-02,3.642443e-03,1.169901e-02
2.417645e-02,1.972749e-02,4.584479e-03,8.151211e-02,3.257565e-02,2.173904e-02,8.053237e-04,5.475236e-02,6.733974e-01,8.054102e-03,3.205464e-02,1.898940e-02,1.325765e-02,3.557790e-03,1.081620e-02
3.134048e-02,2.010003e-02,6.823031e-03,7.036349e-02,2.692918e-02,1.737555e-02,7.135054e-04,7.304309e-02,6.529414e-01,8.250443e-03,4.089977e-02,2.216914e-02,1.596350e-02,3.935822e-03,9.151643e-03
3.849281e-02,2.602981e-02,7.289262e-03,1.032083e-01,2.014289e-02,1.385355e-02,6.684714e-04,7.747507e-02,5.890282e-01,1.296006e-02,4.510672e-02,3.095288e-02,2.143665e-02,3.537747e-03,9.817582e-03
2.947149e-02,2.742515e-02,6.368693e-03,1.048665e-01,1.485193e-02,1.045488e-02,5.176824e-04,5.964737e-02,6.156861e-01,1.177556e-02,4.708378e-02,2.494635e-02,3.050753e-02,3.859723e-03,1.253724e-02
2.377326e-02,2.351831e-02,5.199572e-03,9.380208e-02,1.092821e-02,8.288709e-03,5.314479e-04,4.628122e-02,6.182863e-01,1.639009e-02,6.754797e-02,1.935826e-02,4.135497e-02,3.744947e-03,2.099471e-02
1.818329e-02,1.782709e-02,4.536573e-03,7.205176e-02,8.509121e-03,6.087122e-03,4.654468e-04,3.415398e-02,6.433410e-01,1.535127e-02,5.792432e-02,1.437362e-02,6.209365e-02,3.216765e-03,4.188503e-02
2.144697e-02,1.469659e-02,4.862948e-03,6.592400e-02,7.414875e-03,6.118139e-03,6.474972e-04,2.468202e-02,5.922472e-01,1.962656e-02,6.474004e-02,1.138662e-02,8.766620e-02,1.116299e-02,6.737739e-02
2.417721e-02,1.119875e-02,5.052368e-03,4.807037e-02,6.428675e-03,6.157828e-03,5.199001e-04,1.756246e-02,4.240863e-01,1.702453e-02,1.149826e-01,9.975887e-03,1.242683e-01,1.725492e-02,1.732399e-01
2.312711e-02,9.159707e-03,4.592831e-03,3.436175e-02,7.521575e-03,5.111603e-03,4.534608e-04,1.264670e-02,3.101079e-01,1.277840e-02,8.998357e-02,7.486515e-03,1.029889e-01,2.904712e-02,3.506328e-01
1.907519e-02,8.472129e-03,4.183470e-03,2.586381e-02,7.540266e-03,4.808301e-03,3.593380e-04,8.963670e-03,2.432083e-01,1.095965e-02,6.605418e-02,5.767260e-03,7.816579e-02,2.214954e-02,4.944291e-01
1.564560e-02,8.818915e-03,4.903314e-03,2.048872e-02,1.099340e-02,3.877947e-03,3.340469e-04,6.681080e-03,1.814242e-01,8.893887e-03,5.328660e-02,4.906742e-03,6.901573e-02,1.684448e-02,5.938854e-01
1.267004e-02,7.400037e-03,4.640752e-03,1.798554e-02,9.905128e-03,3.227431e-03,3.225194e-04,4.785609e-03,1.681638e-01,7.461286e-03,5.574490e-02,4.780657e-03,6.377763e-02,1.541540e-02,6.237193e-01
9.836792e-03,6.295031e-03,3.795171e-03,1.840809e-02,1.042666e-02,3.357995e-03,2.871273e-04,3.454582e-03,1.749089e-01,7.915194e-03,7.047811e-02,5.785587e-03,7.026842e-02,1.280392e-02,6.019784e-01
7.839602e-03,5.830695e-03,2.940438e-03,1.661647e-02,1.434471e-02,3.790222e-03,3.167490e-04,2.646936e-03,2.120995e-01,7.789424e-03,1.080224e-01,9.712316e-03,8.575241e-02,1.691426e-02,5.053839e-01
7.052254e-03,5.356499e-03,2.774843e-03,1.415943e-02,1.267352e-02,3.699438e-03,3.375137e-04,1.945866e-03,2.150207e-01,1.236873e-02,1.854255e-01,1.176481e-02,7.824290e-02,5.348429e-02,3.956938e-01
1.553594e-02,4.784772e-03,2.379770e-03,1.505067e-02,1.201402e-02,1.322282e-02,9.659732e-04,1.892417e-03,2.190635e-01,2.184109e-02,1.571353e-01,3.286343e-02,9.083465e-02,4.602027e-02,3.663955e-01
1.925857e-02,4.062443e-03,2.618989e-03,1.297822e-02,1.326423e-02,1.099132e-02,1.090624e-03,1.867889e-03,2.069642e-01,3.434231e-02,1.442318e-01,3.393613e-02,9.295108e-02,4.051224e-02,3.809300e-01
2.924421e-02,3.381643e-03,2.828743e-03,1.012740e-02,1.481492e-02,9.041091e-03,1.021914e-03,1.918735e-03,1.636809e-01,7.289343e-02,1.804099e-01,3.348772e-02,9.021878e-02,5.302832e-02,3.339023e-01
2.832549e-02,2.656126e-03,2.384054e-03,8.156105e-03,1.594524e-02,7.171867e-03,1.069502e-03,1.571188e-03,1.284404e-01,7.714245e-02,2.000355e-01,3.117695e-02,8.564982e-02,7.908092e-02,3.311944e-01
2.257288e-02,2.123970e-03,2.245201e-03,6.283216e-03,1.897479e-02,6.001774e-03,1.125395e-03,1.299206e-03,9.679373e-02,9.630246e-02,2.460883e-01,2.959847e-02,7.116169e-02,9.062850e-02,3.088004e-01
1.967671e-02,2.273933e-03,3.880130e-03,5.101742e-03,2.071382e-02,5.011424e-03,1.005751e-03,3.525574e-03,7.857184e-02,1.139209e-01,3.151145e-01,3.785879e-02,7.205358e-02,8.667066e-02,2.346207e-01
1.816027e-02,4.825243e-03,2.492920e-02,7.953822e-03,6.545129e-02,5.380335e-03,8.133823e-04,5.484066e-03,1.160705e-01,9.697026e-02,3.055309e-01,3.075461e-02,6.157795e-02,6.712180e-02,1.889764e-01
2.408620e-02,2.235056e-02,4.252705e-02,4.784646e-02,9.175743e-02,2.389855e-02,7.746940e-04,2.146444e-02,1.042267e-01,7.851688e-02,2.896534e-01,2.249376e-02,4.636367e-02,4.995464e-02,1.340855e-01
4.461576e-02,2.469023e-02,6.650850e-02,1.103428e-01,8.837738e-02,2.425737e-02,6.851711e-04,3.979089e-02,1.070318e-01,6.217267e-02,2.455976e-01,1.716180e-02,3.403849e-02,3.930692e-02,9.542252e-02
6.007359e-02,2.005676e-02,7.811548e-02,1.930390e-01,7.202687e-02,2.180784e-02,6.520079e-04,6.583379e-02,9.734958e-02,4.923763e-02,2.045963e-01,1.309902e-02,2.569363e-02,3.044693e-02,6.797154e-02
7.660964e-02,2.167244e-02,7.214611e-02,2.281886e-01,6.165890e-02,2.135196e-02,5.522767e-04,5.910406e-02,1.293529e-01,4.632675e-02,1.738790e-01,1.031828e-02,1.970405e-02,2.737837e-02,5.175663e-02
7.518192e-02,1.882349e-02,5.879345e-02,2.844921e-01,5.038242e-02,1.804698e-02,5.021397e-04,7.078192e-02,1.580276e-01,3.888797e-02,1.430035e-01,8.447958e-03,1.525879e-02,2.108782e-02,3.828191e-02
7.038899e-02,1.724867e-02,6.906559e-02,2.474639e-01,5.051032e-02,1.972654e-02,5.958128e-04,1.916418e-01,1.191412e-01,3.192829e-02,1.199911e-01,6.535742e-03,1.135944e-02,1.635085e-02,2.805167e-02
5.993384e-02,1.353373e-02,5.239081e-02,1.829192e-01,3.732943e-02,1.659807e-02,4.751312e-04,3.916489e-01,8.510493e-02,2.294431e-02,9.085668e-02,4.867215e-03,8.340471e-03,1.213212e-02,2.092521e-02
4.915243e-02,1.044537e-02,4.045536e-02,1.341868e-01,2.792497e-02,1.421698e-02,4.094346e-04,5.459231e-01,6.044473e-02,1.640079e-02,6.619099e-02,3.751870e-03,6.159370e-03,9.077723e-03,1.526009e-02
6.560201e-02,8.946301e-03,3.096029e-02,1.053177e-01,2.276710e-02,1.315526e-02,6.488876e-04,6.124804e-01,4.603947e-02,1.317936e-02,4.932731e-02,3.880510e-03,5.274015e-03,8.290209e-03,1.413118e-02
5.703041e-02,6.857077e-03,2.281595e-02,9.154858e-02,1.779848e-02,1.022166e-02,6.078455e-04,6.897575e-01,3.406499e-02,9.613222e-03,3.568517e-02,3.079620e-03,4.078254e-03,6.350195e-03,1.049110e-02
6.137336e-02,6.827270e-03,1.768713e-02,7.050022e-02,1.627374e-02,9.980129e-03,7.487099e-04,7.327538e-01,2.852663e-02,7.606647e-03,2.640694e-02,3.214426e-03,3.911309e-03,5.091916e-03,9.097820e-03
6.664459e-02,7.690012e-03,1.395546e-02,5.076366e-02,1.680608e-02,9.050322e-03,1.111055e-03,7.643332e-01,2.677196e-02,5.689119e-03,1.916840e-02,2.881814e-03,3.196067e-03,4.871694e-03,7.066447e-03
7.322818e-02,9.777166e-03,1.124802e-02,3.694574e-02,1.542655e-02,8.021338e-03,1.502756e-03,7.807673e-01,2.836170e-02,4.380234e-03,1.431195e-02,2.882155e-03,2.627055e-03,4.650166e-03,5.869714e-03
8.339551e-02,1.659365e-02,9.719201e-03,2.723334e-02,1.484546e-02,7.760313e-03,2.117574e-03,7.686321e-01,3.878514e-02,3.499385e-03,1.113236e-02,3.158534e-03,2.333097e-03,5.387501e-03,5.406895e-03
8.603516e-02,1.653605e-02,7.979063e-03,2.005912e-02,1.398931e-02,6.582359e-03,2.125637e-03,7.774179e-01,4.176457e-02,2.888988e-03,8.723666e-03,3.508398e-03,2.018512e-03,5.658353e-03,4.712921e-03
1.088918e-01,1.358783e-02,7.025060e-03,1.586549e-02,1.225311e-02,6.896246e-03,2.269821e-03,7.701642e-01,3.611928e-02,2.852453e-03,7.211829e-03,4.370221e-03,2.014503e-03,5.480388e-03,4.997754e-03
1.392261e-01,1.136115e-02,5.586423e-03,1.433413e-02,1.048737e-02,6.142682e-03,1.712882e-03,7.321861e-01,3.344120e-02,3.118816e-03,1.033901e-02,1.398554e-02,6.408004e-03,5.176356e-03,6.494282e-03
1.331568e-01,9.180586e-03,4.578771e-03,1.848188e-02,7.947849e-03,6.265040e-03,1.275627e-03,6.550572e-01,3.019504e-02,7.948825e-03,2.567745e-02,5.539183e-02,3.298345e-02,4.328077e-03,7.531626e-03
1.022275e-01,7.216115e-03,3.751537e-03,3.761816e-02,1.066985e-02,4.842359e-03,1.114349e-03,4.747698e-01,7.259022e-02,6.847960e-03,9.450412e-02,1.022743e-01,6.994229e-02,3.908785e-03,7.722704e-03
8.281229e-02,6.791716e-03,3.631965e-03,1.057436e-01,9.271988e-03,4.410507e-03,8.511074e-04,3.416772e-01,9.894896e-02,6.039352e-03,1.252113e-01,1.021420e-01,9.997080e-02,3.814006e-03,8.683275e-03
6.901714e-02,7.635099e-03,4.113289e-03,9.342397e-02,7.194263e-03,4.448471e-03,6.364763e-04,2.441140e-01,1.178064e-01,4.963716e-03,1.856741e-01,1.030113e-01,1.452523e-01,4.558096e-03,8.151457e-03
6.155235e-02,1.317615e-02,5.899509e-03,7.644216e-02,6.952905e-03,3.536613e-03,4.974860e-04,1.983644e-01,2.328114e-01,4.224546e-03,1.707323e-01,9.253609e-02,1.213246e-01,4.426567e-03,7.522918e-03
4.817155e-02,1.195975e-02,1.144384e-02,9.461914e-02,7.077144e-03,2.847477e-03,4.194038e-04,2.022896e-01,2.530829e-01,4.493293e-03,1.674810e-01,7.808487e-02,1.042958e-01,4.676515e-03,9.057701e-03
4.117936e-02,1.239724e-02,1.714395e-02,2.535514e-01,7.870599e-03,2.974655e-03,3.641504e-04,1.496756e-01,2.296953e-01,4.382919e-03,1.360170e-01,5.693712e-02,7.571283e-02,4.031968e-03,8.065775e-03
5.280082e-02,1.250555e-02,1.900075e-02,2.843911e-01,8.540244e-03,3.978731e-03,3.860435e-04,1.189085e-01,1.965374e-01,5.051976e-03,1.742194e-01,4.740690e-02,6.386559e-02,3.925271e-03,8.481707e-03
4.306770e-02,1.005842e-02,1.542601e-02,2.386557e-01,8.081707e-03,4.139397e-03,4.394068e-04,8.490202e-02,1.475458e-01,4.182384e-03,2.865147e-01,4.209132e-02,1.026725e-01,3.298006e-03,8.924969e-03
3.066416e-02,7.173553e-03,1.122865e-02,1.679474e-01,1.120523e-02,3.222166e-03,3.477475e-04,6.590639e-02,1.174633e-01,3.361595e-03,3.548014e-01,4.254954e-02,1.749022e-01,2.621885e-03,6.604864e-03
2.178119e-02,5.072554e-03,8.175788e-03,1.180209e-01,9.358803e-03,2.381512e-03,3.018279e-04,6.393391e-02,8.985589e-02,3.059277e-03,4.230487e-01,3.749228e-02,2.107848e-01,1.916755e-03,4.815849e-03
1.635914e-02,3.593693e-03,7.502607e-03,8.434187e-02,1.255621e-02,1.841091e-03,4.343058e-04,1.734752e-01,7.164419e-02,2.633448e-03,3.802044e-01,3.060291e-02,2.097825e-01,1.445568e-03,3.582869e-03
1.546303e-02,2.938265e-03,9.617286e-03,6.857897e-02,2.782312e-02,2.091492e-03,8.627344e-04,2.468626e-01,9.558865e-02,3.083825e-03,3.154649e-01,2.599372e-02,1.814926e-01,1.229763e-03,2.909167e-03
1.836327e-02,6.917630e-03,1.486168e-02,5.448301e-02,2.792804e-02,3.185036e-03,1.218904e-03,2.460589e-01,2.015038e-01,3.754072e-03,2.467657e-01,2.250962e-02,1.481329e-01,1.242020e-03,3.075463e-03
1.565102e-02,6.716813e-03,1.285283e-02,3.950108e-02,3.815550e-02,3.614085e-03,2.107216e-03,2.266456e-01,3.446272e-01,3.374770e-03,1.788915e-01,1.618495e-02,1.079379e-01,9.145905e-04,2.825158e-03
1.523776e-02,6.297097e-03,1.207104e-02,2.906694e-02,4.264148e-02,4.403593e-03,2.519807e-03,2.447469e-01,4.069531e-01,3.730889e-03,1.327511e-01,1.216905e-02,8.343462e-02,7.528645e-04,3.223881e-03
1.545912e-02,8.527467e-03,1.654536e-02,2.413425e-02,3.683920e-02,9.851287e-03,3.526438e-03,3.344035e-01,3.473617e-01,4.525372e-03,1.003380e-01,1.106367e-02,7.961071e-02,7.943274e-04,7.019546e-03
1.596234e-02,9.224386e-03,1.599064e-02,1.874820e-02,3.273973e-02,1.467193e-02,3.847773e-03,3.635447e-01,3.207472e-01,6.259773e-03,8.919832e-02,1.347514e-02,8.430790e-02,8.228417e-04,1.045915e-02
1.596888e-02,2.106586e-02,3.084137e-02,2.450748e-02,2.520810e-02,1.930967e-02,3.465274e-03,2.811169e-01,2.404133e-01,2.197110e-02,6.887748e-02,1.383155e-02,1.065147e-01,1.639349e-03,1.252690e-01
1.238290e-02,1.992130e-02,6.332336e-02,6.845406e-02,2.298813e-02,1.599121e-02,3.463243e-03,2.134129e-01,1.862185e-01,2.326535e-02,1.147536e-01,2.026296e-02,1.008825e-01,1.238177e-02,1.222982e-01
1.081421e-02,2.434312e-02,8.304334e-02,8.080636e-02,2.008396e-02,1.345062e-02,3.090141e-03,1.555255e-01,1.894635e-01,3.772192e-02,1.369103e-01,2.920712e-02,8.370160e-02,1.747402e-02,1.143642e-01
1.350694e-02,1.929179e-02,7.499916e-02,8.775301e-02,1.639911e-02,1.033544e-02,2.630638e-03,1.105012e-01,1.434292e-01,3.465478e-02,1.795119e-01,1.011299e-01,8.001594e-02,3.963239e-02,8.620865e-02
2.086735e-02,1.547972e-02,6.028645e-02,8.968685e-02,2.010818e-02,8.034487e-03,2.690556e-03,8.192325e-02,1.202745e-01,3.570892e-02,2.299022e-01,1.425920e-01,6.421337e-02,4.635772e-02,6.187446e-02
4.866958e-02,1.713277e-02,4.344675e-02,7.276589e-02,1.913447e-02,7.096441e-03,2.290282e-03,5.969029e-02,1.056430e-01,2.886002e-02,2.348773e-01,1.979049e-01,5.248093e-02,6.449483e-02,4.551259e-02
6.476085e-02,1.363789e-02,3.081369e-02,5.302861e-02,1.574251e-02,7.141718e-03,1.930775e-03,4.322919e-02,8.045323e-02,2.171814e-02,3.156334e-01,2.067838e-01,3.849296e-02,7.418526e-02,3.244794e-02
5.544810e-02,1.157255e-02,2.227555e-02,3.840448e-02,1.350098e-02,8.453455e-03,1.611043e-03,3.107280e-02,5.920141e-02,1.809832e-02,4.201348e-01,1.916759e-01,2.865981e-02,7.659269e-02,2.329816e-02
5.392504e-02,9.792322e-03,1.674711e-02,2.880558e-02,1.206239e-02,1.227164e-02,1.611524e-03,2.317511e-02,4.389836e-02,1.709947e-02,4.750214e-01,1.709199e-01,2.214842e-02,9.480893e-02,1.771288e-02
6.622381e-02,1.525609e-02,1.472531e-02,2.183469e-02,1.733288e-02,1.150558e-02,1.480499e-03,1.722409e-02,3.592174e-02,1.582688e-02,4.691903e-01,1.618302e-01,1.796551e-02,1.170821e-01,1.660044e-02
1.715955e-01,1.205436e-02,1.076457e-02,1.698694e-02,1.292688e-02,1.123377e-02,1.171375e-03,1.237294e-02,2.708968e-02,1.320119e-02,4.523936e-01,1.231658e-01,1.370652e-02,1.077972e-01,1.353973e-02
1.252725e-01,9.268248e-03,7.738193e-03,1.240435e-02,9.805817e-03,9.010886e-03,9.224227e-04,8.750091e-03,3.174128e-02,1.219588e-02,5.617065e-01,9.771120e-02,1.144778e-02,9.196470e-02,1.006023e-02
9.161357e-02,1.403303e-02,6.308075e-03,9.972806e-03,9.754224e-03,1.075124e-02,8.489907e-04,6.255094e-03,6.342753e-02,1.792336e-02,5.418539e-01,1.089152e-01,1.040051e-02,9.918319e-02,8.759276e-03
7.862124e-02,1.648946e-02,9.354418e-03,7.437204e-03,7.498488e-03,2.154197e-02,8.654250e-04,6.772748e-03,5.455684e-02,1.417024e-02,5.537753e-01,1.065296e-01,9.305590e-03,1.061309e-01,6.950613e-03
5.647039e-02,1.276082e-02,6.696525e-03,5.345455e-03,5.405385e-03,1.631806e-02,6.276617e-04,4.864557e-03,4.214725e-02,1.044099e-02,6.565300e-01,8.690561e-02,7.099824e-03,8.334459e-02,5.042977e-03
4.116254e-02,9.762739e-02,1.625008e-02,4.707351e-03,8.543611e-03,1.594134e-02,5.804057e-04,5.408275e-03,8.088242e-02,8.734962e-03,5.746880e-01,6.726625e-02,5.692905e-03,6.860234e-02,3.912166e-03
2.961328e-02,1.181486e-01,1.917707e-02,5.030994e-03,8.072082e-03,2.892246e-02,6.210246e-04,9.945339e-03,2.486818e-01,6.781408e-03,4.183453e-01,4.819902e-02,4.213631e-03,5.113766e-02,3.110351e-03
2.171317e-02,1.275194e-01,1.702582e-02,8.450459e-03,1.209124e-02,2.942915e-02,5.080975e-04,9.133152e-03,3.928262e-01,5.170114e-03,2.989748e-01,3.461737e-02,3.043514e-03,3.692968e-02,2.567927e-03
1.631191e-02,1.204581e-01,1.313395e-02,2.865076e-02,1.362882e-02,3.413136e-02,3.738855e-04,8.822253e-03,4.816671e-01,4.599787e-03,2.205182e-01,2.526532e-02,2.566569e-03,2.710105e-02,2.770992e-03
1.350174e-02,9.994344e-02,1.126185e-02,2.768419e-02,2.414304e-02,3.496289e-02,4.150024e-04,9.208594e-03,5.684394e-01,5.048584e-03,1.605525e-01,1.831125e-02,1.997225e-03,2.002435e-02,4.505901e-03
1.244746e-02,7.962915e-02,1.191852e-02,1.064259e-01,4.086269e-02,4.921550e-02,4.387907e-04,1.090680e-02,5.193519e-01,6.053160e-03,1.222933e-01,1.495379e-02,2.967583e-03,1.497202e-02,7.563361e-03
1.416873e-02,6.272332e-02,1.117642e-02,2.101192e-01,4.007089e-02,3.812014e-02,3.784389e-04,1.035072e-02,3.871909e-01,8.042844e-03,1.661918e-01,1.954687e-02,9.989738e-03,1.193106e-02,9.998837e-03
1.064608e-02,4.628545e-02,8.926176e-03,3.112639e-01,3.283010e-02,2.767598e-02,2.973480e-04,7.592745e-03,2.754655e-01,8.294812e-03,2.243477e-01,1.759282e-02,9.291120e-03,8.629112e-03,1.086113e-02
7.632117e-03,3.282202e-02,6.598449e-03,2.684814e-01,2.387208e-02,2.003119e-02,2.134015e-04,5.487998e-03,1.944291e-01,6.518254e-03,3.897002e-01,1.495318e-02,1.281768e-02,7.782934e-03,8.659942e-03
5.463894e-03,2.316022e-02,4.729751e-03,1.982747e-01,1.781693e-02,1.454495e-02,1.540262e-04,3.909143e-03,1.383000e-01,4.976321e-03,5.488101e-01,1.152075e-02,1.381172e-02,8.004455e-03,6.523036e-03
3.972811e-03,1.681729e-02,3.857400e-03,1.421874e-01,3.587637e-02,1.022511e-02,1.131134e-04,2.745936e-03,1.005687e-01,5.151590e-03,6.399336e-01,9.333959e-03,1.342543e-02,1.073546e-02,5.055772e-03
3.152029e-03,1.303835e-02,3.323743e-03,1.008766e-01,7.058238e-02,7.318342e-03,9.689663e-05,1.958584e-03,8.021643e-02,8.233137e-03,6.559898e-01,8.334886e-03,1.376217e-02,2.854452e-02,4.572136e-03
2.471297e-03,1.091227e-02,2.731757e-03,7.102958e-02,1.721586e-01,5.325255e-03,8.129295e-05,1.398384e-03,7.140849e-02,8.827990e-03,5.895247e-01,7.006451e-03,1.129315e-02,4.073825e-02,5.092527e-03
2.569561e-03,1.455846e-02,8.885272e-03,5.049374e-02,1.348140e-01,6.275552e-03,8.734367e-05,1.511990e-03,1.119404e-01,8.544924e-03,4.489110e-01,6.095302e-03,9.177935e-03,1.900605e-01,6.073954e-03
2.518672e-03,1.405787e-02,1.352054e-02,3.650055e-02,9.745708e-02,5.416267e-03,8.227475e-05,1.536193e-03,1.647176e-01,8.027641e-03,3.482154e-01,5.166847e-03,7.591903e-03,2.885801e-01,6.611063e-03
2.864429e-03,1.159527e-02,2.188468e-02,3.550462e-02,7.146799e-02,5.012166e-03,1.437301e-04,1.992844e-03,2.305216e-01,7.456663e-03,2.725509e-01,4.033932e-03,6.287932e-03,3.212245e-01,7.458880e-03
3.243541e-03,9.420981e-03,2.533891e-02,2.825846e-02,5.080478e-02,4.327248e-03,1.640463e-04,5.891820e-03,2.699164e-01,5.955818e-03,2.276681e-01,3.859674e-03,7.884423e-03,3.514536e-01,5.812213e-03
4.301109e-03,1.008219e-02,5.625733e-02,2.423378e-02,3.963470e-02,3.590869e-03,1.881496e-04,1.747511e-02,3.071196e-01,4.911745e-03,1.937328e-01,3.323003e-03,7.892951e-03,3.223128e-01,4.943827e-03
7.653000e-03,8.441420e-03,1.101780e-01,2.640827e-02,3.088057e-02,3.620544e-03,2.257520e-04,2.674184e-02,3.507377e-01,3.970244e-03,1.451398e-01,2.470168e-03,6.286794e-03,2.727007e-01,4.545200e-03
1.425567e-02,7.003237e-03,8.993167e-02,1.960043e-02,2.968304e-02,3.495634e-03,2.437063e-04,2.188648e-02,3.574223e-01,3.453399e-03,1.093990e-01,1.842437e-03,4.823069e-03,3.277682e-01,9.191778e-03
1.550711e-02,7.413845e-03,9.403202e-02,1.773959e-02,2.200270e-02,4.677082e-03,2.017037e-04,1.639405e-02,4.486663e-01,3.183445e-03,8.105023e-02,1.444462e-03,3.665390e-03,2.599790e-01,2.404318e-02
1.731640e-02,5.947152e-03,7.605971e-02,1.394397e-02,1.727436e-02,5.072795e-03,2.183520e-04,1.373797e-02,5.547484e-01,2.410850e-03,5.884178e-02,1.237032e-03,3.029234e-03,2.107127e-01,1.944933e-02
1.854930e-02,5.504979e-03,7.319276e-02,1.241058e-02,1.412747e-02,4.391962e-03,1.940991e-04,1.041719e-02,6.156187e-01,2.216358e-03,4.508273e-02,1.071527e-03,2.688916e-03,1.752161e-01,1.931733e-02
3.916398e-02,4.841649e-03,5.642147e-02,9.551785e-03,1.048363e-02,4.340653e-03,1.827264e-04,7.618216e-03,5.975072e-01,2.511812e-03,3.981612e-02,1.203688e-03,3.231782e-03,1.805145e-01,4.261083e-02
4.770099e-02,4.237967e-03,4.179012e-02,7.100537e-03,8.500092e-03,4.342353e-03,1.583747e-04,5.555573e-03,5.343453e-01,3.044278e-03,4.182765e-02,1.142088e-03,3.546609e-03,2.522709e-01,4.443720e-02
6.801337e-02,4.610332e-03,3.183145e-02,5.642257e-03,6.893640e-03,7.477977e-03,1.742944e-04,4.878482e-03,4.195578e-01,4.157960e-03,8.068359e-02,1.552067e-03,3.997131e-03,3.105521e-01,4.997761e-02
5.464270e-02,3.732746e-03,2.331917e-02,4.567637e-03,5.527306e-03,6.355850e-03,1.632479e-04,3.898050e-03,3.240648e-01,4.003299e-03,1.311468e-01,1.722200e-03,3.212706e-03,3.973712e-01,3.627238e-02
4.277530e-02,2.868944e-03,1.653075e-02,3.328803e-03,4.223258e-03,4.864279e-03,1.382367e-04,2.803335e-03,2.296259e-01,3.356952e-03,1.600444e-01,1.549938e-03,2.398031e-03,4.996497e-01,2.584233e-02
3.217626e-02,2.084676e-03,1.163076e-02,2.391192e-03,3.134359e-03,3.683651e-03,1.166906e-04,1.986844e-03,1.632545e-01,2.930693e-03,2.003655e-01,1.670413e-03,1.864875e-03,5.543825e-01,1.832709e-02
2.341752e-02,1.647183e-03,8.210939e-03,1.723259e-03,2.468219e-03,2.849429e-03,1.140788e-04,1.412918e-03,1.159056e-01,3.470654e-03,2.411672e-01,1.976210e-03,1.587772e-03,5.810239e-01,1.302514e-02
1.708216e-02,1.755925e-03,6.273857e-03,1.283344e-03,2.255589e-03,3.818785e-03,1.082467e-04,1.137847e-03,8.402482e-02,6.240133e-03,2.757705e-01,2.988516e-03,1.338691e-03,5.865245e-01,9.397073e-03
1.280330e-02,2.274754e-03,4.763278e-03,9.776567e-04,1.953095e-03,5.163258e-03,1.190118e-04,8.950375e-04,7.106108e-02,2.077535e-02,3.741396e-01,4.540539e-03,1.420674e-03,4.921686e-01,6.944726e-03
9.864241e-03,2.570190e-03,3.722711e-03,8.112264e-04,2.232186e-03,4.886101e-03,1.180742e-04,7.756997e-04,6.277183e-02,2.401237e-02,4.657044e-01,5.487348e-03,1.652886e-03,4.099579e-01,5.432857e-03
7.209936e-03,2.992156e-03,2.798619e-03,6.858144e-04,2.437497e-03,4.310952e-03,1.978367e-04,6.844287e-04,1.079531e-01,2.759849e-02,4.902036e-01,7.552467e-03,2.035371e-03,3.392430e-01,4.096741e-03
5.233184e-03,2.855767e-03,1.997084e-03,5.483320e-04,2.151169e-03,3.331259e-03,1.632750e-04,5.099644e-04,1.096852e-01,3.425671e-02,5.404346e-01,1.093747e-02,2.268776e-03,2.826071e-01,3.020134e-03
3.768599e-03,2.324384e-03,1.422367e-03,4.475126e-04,2.103510e-03,2.439510e-03,1.506134e-04,3.729548e-04,9.628363e-02,5.515109e-02,5.964003e-01,1.072076e-02,2.129531e-03,2.240240e-01,2.261292e-03
3.493002e-03,1.915018e-03,1.096293e-03,7.586310e-04,1.972254e-02,2.665979e-03,7.124121e-04,4.183905e-04,9.906583e-02,9.334429e-02,5.236526e-01,9.957597e-03,3.509332e-03,2.372404e-01,2.447660e-03
4.161119e-03,1.667025e-03,1.076988e-03,1.788159e-03,4.625254e-02,3.643556e-03,1.327380e-03,4.045813e-03,1.289794e-01,1.008250e-01,4.755554e-01,9.917233e-03,5.382328e-03,2.130935e-01,2.284581e-03
3.623857e-03,1.744099e-03,8.907690e-04,2.562583e-03,4.461131e-02,3.616587e-03,1.472865e-03,5.207571e-03,2.147841e-01,7.977614e-02,4.523408e-01,1.504257e-02,1.222042e-02,1.598455e-01,2.260849e-03
4.289107e-03,3.560753e-03,1.086417e-03,4.151204e-03,6.490955e-02,3.217457e-03,1.825037e-03,7.485820e-03,2.456014e-01,6.489797e-02,4.340439e-01,2.382181e-02,1.677198e-02,1.215739e-01,2.763645e-03
3.995739e-03,4.973017e-02,7.854887e-03,4.110823e-03,5.139158e-02,5.217726e-03,1.369399e-03,5.682376e-03,2.667153e-01,7.463909e-02,3.838548e-01,2.569642e-02,1.720048e-02,8.894712e-02,1.359402e-02
4.380794e-03,5.567273e-02,9.335207e-03,1.084440e-02,4.779268e-02,5.910536e-03,1.087398e-03,1.250145e-02,3.611444e-01,7.635980e-02,2.889003e-01,2.472643e-02,2.330505e-02,6.420401e-02,1.383487e-02
4.321595e-03,5.013926e-02,1.783366e-02,1.500739e-02,4.351529e-02,5.815090e-03,1.043342e-03,6.841199e-02,3.994803e-01,6.830176e-02,2.099984e-01,2.301258e-02,3.444997e-02,4.690301e-02,1.176643e-02
1.161375e-02,4.111357e-02,2.695271e-02,2.068919e-02,6.862884e-02,6.233022e-03,1.313206e-03,9.862930e-02,3.999735e-01,6.714431e-02,1.566235e-01,1.841859e-02,2.808011e-02,3.451231e-02,2.007418e-02
1.005124e-02,3.016552e-02,2.007282e-02,2.112950e-02,5.082608e-02,5.719614e-03,9.914567e-04,7.210063e-02,5.182134e-01,5.130175e-02,1.144345e-01,1.523591e-02,2.999660e-02,2.507365e-02,3.468730e-02
1.219757e-02,2.435229e-02,1.715870e-02,2.155460e-02,3.774520e-02,1.958800e-02,2.595724e-03,8.894677e-02,4.461717e-01,4.468530e-02,1.161750e-01,2.282760e-02,9.618557e-02,1.981478e-02,3.000116e-02
1.002912e-02,2.057112e-02,1.244524e-02,1.582401e-02,2.739418e-02,1.792458e-02,2.254585e-03,6.275138e-02,3.578420e-01,3.234644e-02,8.603303e-02,2.124949e-02,2.959009e-01,1.408317e-02,2.335080e-02
7.734089e-03,1.600745e-02,9.274555e-03,1.543648e-02,2.011962e-02,1.532936e-02,1.676082e-03,4.419795e-02,4.798903e-01,2.329907e-02,6.243281e-02,1.694407e-02,2.592531e-01,9.938422e-03,1.846666e-02
6.271418e-03,1.310233e-02,7.238238e-03,2.344650e-02,1.466476e-02,1.442611e-02,1.412404e-03,3.157394e-02,4.388598e-01,1.909175e-02,6.975044e-02,2.663121e-02,2.959266e-01,8.650100e-03,2.895444e-02
4.904845e-03,1.005894e-02,5.849449e-03,1.814851e-02,1.122797e-02,1.090171e-02,1.154293e-03,2.251832e-02,3.243739e-01,1.421092e-02,1.052557e-01,2.428481e-02,3.035509e-01,8.140366e-03,1.354194e-01
