1.000000e+00,0.000000e+00,0.000000e+00,0.000000e+00,0.000000e+00,0.000000e+00,0.000000e+00,0.000000e+00,0.000000e+00,0.000000e+00,0.000000e+00,0.000000e+00,0.000000e+00,0.000000e+00,0.000000e+00
1.000000e+00,0.000000e+00,0.000000e+00,0.000000e+00,0.000000e+00,0.000000e+00,0.000000e+00,0.000000e+00,0.000000e+00,0.000000e+00,0.000000e+00,0.000000e+00,0.000000e+00,0.000000e+00,0.000000e+00
1.000000e+00,0.000000e+00,0.000000e+00,0.000000e+00,0.000000e+00,0.000000e+00,0.000000e+00,0.000000e+00,0.000000e+00,0.000000e+00,0.000000e+00,0.000000e+00,0.000000e+00,0.000000e+00,0.000000e+00
1.000000e+00,0.000000e+00,0.000000e+00,0.000000e+00,0.000000e+00,0.000000e+00,0.000000e+00,0.000000e+00,0.000000e+00,0.000000e+00,0.000000e+00,0.000000e+00,0.000000e+00,0.000000e+00,0.000000e+00
1.000000e+00,0.000000e+00,0.000000e+00,0.000000e+00,0.000000e+00,0.000000e+00,0.000000e+00,0.000000e+00,0.000000e+00,0.000000e+00,0.000000e+00,0.000000e+00,0.000000e+00,0.000000e+00,0.000000e+00
1.000000e+00,0.000000e+00,0.000000e+00,0.000000e+00,0.000000e+00,0.000000e+00,0.000000e+00,0.000000e+00,0.000000e+00,0.000000e+00,0.000000e+00,0.000000e+00,0.000000e+00,0.000000e+00,0.000000e+00
1.000000e+00,0.000000e+00,0.000000e+00,0.000000e+00,0.000000e+00,0.000000e+00,0.000000e+00,0.000000e+00,0.000000e+00,0.000000e+00,0.000000e+00,0.000000e+00,0.000000e+00,0.000000e+00,0.000000e+00
1.000000e+00,0.000000e+00,0.000000e+00,0.000000e+00,0.000000e+00,0.000000e+00,0.000000e+00,0.000000e+00,0.000000e+00,0.000000e+00,0.000000e+00,0.000000e+00,0.000000e+00,0.000000e+00,0.000000e+00
1.000000e+00,0.000000e+00,0.000000e+00,0.000000e+00,0.000000e+00,0.000000e+00,0.000000e+00,0.000000e+00,0.000000e+00,0.000000e+00,0.000000e+00,0.000000e+00,0.000000e+00,0.000000e+00,0.000000e+00
1.000000e+00,0.000000e+00,0.000000e+00,0.000000e+00,0.000000e+00,0.000000e+00,0.000000e+00,0.000000e+00,0.000000e+00,0.000000e+00,0.000000e+00,0.000000e+00,0.000000e+00,0.000000e+00,0.000000e+00
1.000000e+00,0.000000e+00,0.000000e+00,0.000000e+00,0.000000e+00,0.000000e+00,0.000000e+00,0.000000e+00,0.000000e+00,0.000000e+00,0.000000e+00,0.000000e+00,0.000000e+00,0.000000e+00,0.000000e+00
1.000000e+00,0.000000e+00,0.000000e+00,0.000000e+00,0.000000e+00,0.000000e+00,0.000000e+00,0.000000e+00,0.000000e+00,0.000000e+00,0.000000e+00,0.000000e+00,0.000000e+00,0.000000e+00,0.000000e+00
1.000000e+00,0.000000e+00,0.000000e+00,0.000000e+00,0.000000e+00,0.000000e+00,0.000000e+00,0.000000e+00,0.000000e+00,0.000000e+00,0.000000e+00,0.000000e+00,0.000000e+00,0.000000e+00,0.000000e+00
1.000000e+00,0.000000e+00,0.000000e+00,0.000000e+00,0.000000e+00,0.000000e+00,0.000000e+00,0.000000e+00,0.000000e+00,0.000000e+00,0.000000e+00,0.000000e+00,0.000000e+00,0.000000e+00,0.000000e+00
1.000000e+00,0.000000e+00,0.000000e+00,0.000000e+00,0.000000e+00,0.000000e+00,0.000000e+00,0.000000e+00,0.000000e+00,0.000000e+00,0.000000e+00,0.000000e+00,0.000000e+00,0.000000e+00,0.000000e+00
1.000000e+00,0.000000e+00,0.000000e+00,0.000000e+00,0.000000e+00,0.000000e+00,0.000000e+00,0.000000e+00,0.000000e+00,0.000000e+00,0.000000e+00,0.000000e+00,0.000000e+00,0.000000e+00,0.000000e+00
1.000000e+00,0.000000e+00,0.000000e+00,0.000000e+00,0.000000e+00,0.000000e+00,0.000000e+00,0.000000e+00,0.000000e+00,0.000000e+00,0.000000e+00,0.000000e+00,0.000000e+00,0.000000e+00,0.000000e+00
1.000000e+00,0.000000e+00,0.000000e+00,0.000000e+00,0.000000e+00,0.000000e+00,0.000000e+00,0.000000e+00,0.000000e+00,0.000000e+00,0.000000e+00,0.000000e+00,0.000000e+00,0.000000e+00,0.000000e+00
1.000000e+00,0.000000e+00,0.000000e+00,0.000000e+00,0.000000e+00,0.000000e+00,0.000000e+00,0.000000e+00,0.000000e+00,0.000000e+00,0.000000e+00,0.000000e+00,0.000000e+00,0.000000e+00,0.000000e+00
1.000000e+00,0.000000e+00,0.000000e+00,0.000000e+00,0.000000e+00,0.000000e+00,0.000000e+00,0.000000e+00,0.000000e+00,0.000000e+00,0.000000e+00,0.000000e+00,0.000000e+00,0.000000e+00,0.000000e+00
1.000000e+00,0.000000e+00,0.000000e+00,0.000000e+00,0.000000e+00,0.000000e+00,0.000000e+00,0.000000e+00,0.000000e+00,0.000000e+00,0.000000e+00,0.000000e+00,0.000000e+00,0.000000e+00,0.000000e+00
1.000000e+00,0.000000e+00,0.000000e+00,0.000000e+00,0.000000e+00,0.000000e+00,0.000000e+00,0.000000e+00,0.000000e+00,0.000000e+00,0.000000e+00,0.000000e+00,0.000000e+00,0.000000e+00,0.000000e+00
1.000000e+00,0.000000e+00,0.000000e+00,0.000000e+00,0.000000e+00,0.000000e+00,0.000000e+00,0.000000e+00,0.000000e+00,0.000000e+00,0.000000e+00,0.000000e+00,0.000000e+00,0.000000e+00,0.000000e+00
1.000000e+00,0.000000e+00,0.000000e+00,0.000000e+00,0.000000e+00,0.000000e+00,0.000000e+00,0.000000e+00,0.000000e+00,0.000000e+00,0.000000e+00,0.000000e+00,0.000000e+00,0.000000e+00,0.000000e+00
1.000000e+00,0.000000e+00,0.000000e+00,0.000000e+00,0.000000e+00,0.000000e+00,0.000000e+00,0.000000e+00,0.000000e+00,0.000000e+00,0.000000e+00,0.000000e+00,0.000000e+00,0.000000e+00,0.000000e+00
1.000000e+00,0.000000e+00,0.000000e+00,0.000000e+00,0.000000e+00,0.000000e+00,0.000000e+00,0.000000e+00,0.000000e+00,0.000000e+00,0.000000e+00,0.000000e+00,0.000000e+00,0.000000e+00,0.000000e+00
1.000000e+00,0.000000e+00,0.000000e+00,0.000000e+00,0.000000e+00,0.000000e+00,0.000000e+00,0.000000e+00,0.000000e+00,0.000000e+00,0.000000e+00,0.000000e+00,0.000000e+00,0.000000e+00,0.000000e+00
1.000000e+00,0.000000e+00,0.000000e+00,0.000000e+00,0.000000e+00,0.000000e+00,0.000000e+00,0.000000e+00,0.000000e+00,0.000000e+00,0.000000e+00,0.000000e+00,0.000000e+00,0.000000e+00,0.000000e+00
1.000000e+00,0.000000e+00,0.000000e+00,0.000000e+00,0.000000e+00,0.000000e+00,0.000000e+00,0.000000e+00,0.000000e+00,0.000000e+00,0.000000e+00,0.000000e+00,0.000000e+00,0.000000e+00,0.000000e+00
1.000000e+00,0.000000e+00,0.000000e+00,0.000000e+00,0.000000e+00,0.000000e+00,0.000000e+00,0.000000e+00,0.000000e+00,0.000000e+00,0.000000e+00,0.000000e+00,0.000000e+00,0.000000e+00,0.000000e+00
1.000000e+00,0.000000e+00,0.000000e+00,0.000000e+00,0.000000e+00,0.000000e+00,0.000000e+00,0.000000e+00,0.000000e+00,0.000000e+00,0.000000e+00,0.000000e+00,0.000000e+00,0.000000e+00,0.000000e+00
1.000000e+00,0.000000e+00,0.000000e+00,0.000000e+00,0.000000e+00,0.000000e+00,0.000000e+00,0.000000e+00,0.000000e+00,0.000000e+00,0.000000e+00,0.000000e+00,0.000000e+00,0.000000e+00,0.000000e+00
1.000000e+00,0.000000e+00,0.000000e+00,0.000000e+00,0.000000e+00,0.000000e+00,0.000000e+00,0.000000e+00,0.000000e+00,0.000000e+00,0.000000e+00,0.000000e+00,0.000000e+00,0.000000e+00,0.000000e+00
1.000000e+00,0.000000e+00,0.000000e+00,0.000000e+00,0.000000e+00,0.000000e+00,0.000000e+00,0.000000e+00,0.000000e+00,0.000000e+00,0.000000e+00,0.000000e+00,0.000000e+00,0.000000e+00,0.000000e+00
1.000000e+00,0.000000e+00,0.000000e+00,0.000000e+00,0.000000e+00,0.000000e+00,0.000000e+00,0.000000e+00,0.000000e+00,0.000000e+00,0.000000e+00,0.000000e+00,0.000000e+00,0.000000e+00,0.000000e+00
1.000000e+00,0.000000e+00,0.000000e+00,0.000000e+00,0.000000e+00,0.000000e+00,0.000000e+00,0.000000e+00,0.000000e+00,0.000000e+00,0.000000e+00,0.000000e+00,0.000000e+00,0.000000e+00,0.000000e+00
1.000000e+00,0.000000e+00,0.000000e+00,0.000000e+00,0.000000e+00,0.000000e+00,0.000000e+00,0.000000e+00,0.000000e+00,0.000000e+00,0.000000e+00,0.000000e+00,0.000000e+00,0.000000e+00,0.000000e+00
1.000000e+00,0.000000e+00,0.000000e+00,0.000000e+00,0.000000e+00,0.000000e+00,0.000000e+00,0.000000e+00,0.000000e+00,0.000000e+00,0.000000e+00,0.000000e+00,0.000000e+00,0.000000e+00,0.000000e+00
1.000000e+00,0.000000e+00,0.000000e+00,0.000000e+00,0.000000e+00,0.000000e+00,0.000000e+00,0.000000e+00,0.000000e+00,0.000000e+00,0.000000e+00,0.000000e+00,0.000000e+00,0.000000e+00,0.000000e+00
1.000000e+00,0.000000e+00,0.000000e+00,0.000000e+00,0.000000e+00,0.000000e+00,0.000000e+00,0.000000e+00,0.000000e+00,0.000000e+00,0.000000e+00,0.000000e+00,0.000000e+00,0.000000e+00,0.000000e+00
1.000000e+00,0.000000e+00,0.000000e+00,0.000000e+00,0.000000e+00,0.000000e+00,0.000000e+00,0.000000e+00,0.000000e+00,0.000000e+00,0.000000e+00,0.000000e+00,0.000000e+00,0.000000e+00,0.000000e+00
1.000000e+00,0.000000e+00,0.000000e+00,0.000000e+00,0.000000e+00,0.000000e+00,0.000000e+00,0.000000e+00,0.000000e+00,0.000000e+00,0.000000e+00,0.000000e+00,0.000000e+00,0.000000e+00,0.000000e+00
1.000000e+00,0.000000e+00,0.000000e+00,0.000000e+00,0.000000e+00,0.000000e+00,0.000000e+00,0.000000e+00,0.000000e+00,0.000000e+00,0.000000e+00,0.000000e+00,0.000000e+00,0.000000e+00,0.000000e+00
1.000000e+00,0.000000e+00,0.000000e+00,0.000000e+00,0.000000e+00,0.000000e+00,0.000000e+00,0.000000e+00,0.000000e+00,0.000000e+00,0.000000e+00,0.000000e+00,0.000000e+00,0.000000e+00,0.000000e+00
1.000000e+00,0.000000e+00,0.000000e+00,0.000000e+00,0.000000e+00,0.000000e+00,0.000000e+00,0.000000e+00,0.000000e+00,0.000000e+00,0.000000e+00,0.000000e+00,0.000000e+00,0.000000e+00,0.000000e+00
1.000000e+00,0.000000e+00,0.000000e+00,0.000000e+00,0.000000e+00,0.000000e+00,0.000000e+00,0.000000e+00,0.000000e+00,0.000000e+00,0.000000e+00,0.000000e+00,0.000000e+00,0.000000e+00,0.000000e+00
1.000000e+00,0.000000e+00,0.000000e+00,0.000000e+00,0.000000e+00,0.000000e+00,0.000000e+00,0.000000e+00,0.000000e+00,0.000000e+00,0.000000e+00,0.000000e+00,0.000000e+00,0.000000e+00,0.000000e+00
1.000000e+00,0.000000e+00,0.000000e+00,0.000000e+00,0.000000e+00,0.000000e+00,0.000000e+00,0.000000e+00,0.000000e+00,0.000000e+00,0.000000e+00,0.000000e+00,0.000000e+00,0.000000e+00,0.000000e+00
1.000000e+00,0.000000e+00,0.000000e+00,0.000000e+00,0.000000e+00,0.000000e+00,0.000000e+00,0.000000e+00,0.000000e+00,0.000000e+00,0.000000e+00,0.000000e+00,0.000000e+00,0.000000e+00,0.000000e+00
1.000000e+00,0.000000e+00,0.000000e+00,0.000000e+00,0.000000e+00,0.000000e+00,0.000000e+00,0.000000e+00,0.000000e+00,0.000000e+00,0.000000e+00,0.000000e+00,0.000000e+00,0.000000e+00,0.000000e+00
1.000000e+00,0.000000e+00,0.000000e+00,0.000000e+00,0.000000e+00,0.000000e+00,0.000000e+00,0.000000e+00,0.000000e+00,0.000000e+00,0.000000e+00,0.000000e+00,0.000000e+00,0.000000e+00,0.000000e+00
4.525755e-01,9.393754e-02,3.212844e-02,1.704566e-01,2.120665e-02,2.412049e-02,7.426965e-03,3.037054e-02,2.821770e-02,6.494885e-03,2.474688e-02,2.435142e-02,1.033907e-02,1.041473e-02,6.321271e-02
4.042419e-01,1.085751e-01,3.126230e-02,1.806549e-01,2.430527e-02,2.277933e-02,8.461271e-03,2.730745e-02,3.188089e-02,7.550362e-03,2.657099e-02,2.600075e-02,1.194094e-02,1.342116e-02,7.504736e-02
3.668857e-01,1.211754e-01,2.885915e-02,1.848029e-01,2.609710e-02,2.181104e-02,8.809032e-03,2.398238e-02,3.494607e-02,8.022130e-03,2.974491e-02,2.561108e-02,1.305380e-02,1.721345e-02,8.898582e-02
3.538994e-01,1.212911e-01,2.565286e-02,1.730422e-01,2.659432e-02,2.188585e-02,8.466436e-03,2.013788e-02,3.739792e-02,8.718486e-03,2.940205e-02,2.585570e-02,1.474566e-02,2.044097e-02,1.124691e-01
3.238482e-01,1.150688e-01,2.515600e-02,1.725151e-01,2.597372e-02,2.102017e-02,7.897935e-03,1.962279e-02,4.202614e-02,9.245993e-03,3.106720e-02,2.942957e-02,1.991009e-02,2.320162e-02,1.340167e-01
2.765138e-01,1.088177e-01,4.783905e-02,2.278000e-01,2.279074e-02,1.761870e-02,6.945471e-03,2.210072e-02,3.988656e-02,8.209522e-03,2.947439e-02,2.862296e-02,1.991750e-02,1.853776e-02,1.249252e-01
2.426930e-01,1.063721e-01,7.477311e-02,2.784187e-01,2.011470e-02,1.533536e-02,5.927673e-03,2.228303e-02,3.556543e-02,6.528940e-03,2.672193e-02,2.562038e-02,1.877526e-02,1.524927e-02,1.056211e-01
3.630333e-01,8.739271e-02,6.010627e-02,2.260523e-01,1.803446e-02,1.434829e-02,5.156031e-03,1.880415e-02,3.014326e-02,5.299271e-03,2.377855e-02,2.412100e-02,2.151858e-02,1.287366e-02,8.933829e-02
3.405989e-01,7.734953e-02,9.105927e-02,2.686582e-01,1.574687e-02,1.225619e-02,4.343070e-03,1.683221e-02,2.463365e-02,4.255347e-03,2.228106e-02,2.130694e-02,1.764575e-02,1.016361e-02,7.286948e-02
4.730943e-01,6.192765e-02,6.562972e-02,2.000522e-01,1.349101e-02,1.405718e-02,4.255087e-03,1.362938e-02,2.096304e-02,3.787300e-03,1.800291e-02,2.304348e-02,2.144362e-02,8.113167e-03,5.850996e-02
1.000000e+00,0.000000e+00,0.000000e+00,0.000000e+00,0.000000e+00,0.000000e+00,0.000000e+00,0.000000e+00,0.000000e+00,0.000000e+00,0.000000e+00,0.000000e+00,0.000000e+00,0.000000e+00,0.000000e+00
4.943822e-01,5.332366e-02,8.312635e-02,1.884982e-01,1.156372e-02,1.670016e-02,5.455908e-03,1.402154e-02,1.673674e-02,2.892862e-03,1.336171e-02,2.808745e-02,2.489665e-02,4.907564e-03,4.204523e-02
4.318123e-01,4.153495e-02,5.980718e-02,2.589182e-01,9.143313e-03,2.545926e-02,4.166313e-03,1.076944e-02,2.354191e-02,2.330818e-03,1.324899e-02,2.194807e-02,5.774450e-02,3.627636e-03,3.594711e-02
3.114931e-01,4.114041e-02,6.546970e-02,4.011034e-01,6.812688e-03,1.870632e-02,3.223995e-03,7.785282e-03,2.751794e-02,2.364561e-03,1.040819e-02,1.619073e-02,4.325340e-02,2.676405e-03,4.185390e-02
2.237864e-01,3.109799e-02,5.518635e-02,5.288612e-01,5.017595e-03,1.349259e-02,2.328368e-03,5.571593e-03,2.553726e-02,3.302789e-03,1.043065e-02,1.311889e-02,3.670457e-02,2.219953e-03,4.334376e-02
1.588923e-01,2.247320e-02,4.792167e-02,6.067405e-01,3.798578e-03,1.061325e-02,1.851823e-03,4.071693e-03,2.871425e-02,3.667749e-03,1.035296e-02,1.372482e-02,4.265378e-02,1.816872e-03,4.270652e-02
1.226332e-01,1.669911e-02,3.779151e-02,5.692946e-01,3.525521e-03,1.015946e-02,1.486896e-03,3.115701e-03,3.826361e-02,5.876719e-03,4.996525e-02,1.539061e-02,9.046553e-02,1.585793e-03,3.374637e-02
2.015522e-01,1.245114e-02,2.702664e-02,4.470435e-01,5.021778e-03,9.246689e-03,1.307983e-03,2.862791e-03,4.379049e-02,6.740996e-03,7.078721e-02,2.751186e-02,1.152296e-01,3.050416e-03,2.637663e-02
2.440246e-01,1.066528e-02,1.937426e-02,3.573619e-01,7.611175e-03,9.532453e-03,1.161284e-03,4.041702e-03,5.743255e-02,6.850482e-03,7.365769e-02,3.181849e-02,1.479660e-01,4.941541e-03,2.356051e-02
3.994011e-01,8.857464e-03,1.405441e-02,2.569746e-01,7.958938e-03,7.761249e-03,1.083315e-03,4.383560e-03,5.741040e-02,6.304110e-03,5.776738e-02,2.788080e-02,1.274987e-01,4.567964e-03,1.809607e-02
4.443354e-01,7.658215e-03,1.025439e-02,1.857153e-01,8.119784e-03,6.896664e-03,1.045278e-03,6.699961e-03,6.044324e-02,5.606782e-03,5.406850e-02,2.704004e-02,1.640379e-01,4.245314e-03,1.383324e-02
4.241207e-01,1.017432e-02,8.890837e-03,1.396253e-01,7.627022e-03,7.258597e-03,1.016208e-03,7.043710e-03,7.314231e-02,5.545053e-03,5.231271e-02,2.544736e-02,2.145062e-01,5.977282e-03,1.731244e-02
3.300739e-01,1.524179e-02,1.215359e-02,1.197876e-01,6.836758e-03,7.692966e-03,9.871912e-04,9.337429e-03,9.197086e-02,6.561333e-03,5.088301e-02,2.965440e-02,2.882608e-01,7.822963e-03,2.273541e-02
2.939857e-01,1.418771e-02,9.808491e-03,1.520769e-01,5.894156e-03,2.135381e-02,1.697476e-03,7.953906e-03,9.469289e-02,7.797986e-03,4.832529e-02,5.595113e-02,2.338882e-01,1.333781e-02,3.904856e-02
2.165429e-01,1.244899e-02,1.235952e-02,1.394951e-01,8.599060e-03,2.290756e-02,1.885094e-03,6.582888e-03,8.497442e-02,9.783620e-03,6.453299e-02,6.970912e-02,2.366605e-01,2.212882e-02,9.138938e-02
1.563412e-01,9.746850e-03,1.250535e-02,1.198349e-01,1.923502e-02,1.725284e-02,2.512162e-03,5.809814e-03,9.221085e-02,1.417229e-02,9.114517e-02,6.927869e-02,1.960967e-01,4.435921e-02,1.494989e-01
1.280904e-01,8.919125e-03,1.928898e-02,1.083844e-01,1.995702e-02,1.803966e-02,2.414992e-03,6.121621e-03,7.306741e-02,1.388616e-02,8.576417e-02,6.616438e-02,1.752321e-01,4.023121e-02,2.344383e-01
1.398048e-01,8.450925e-03,1.966663e-02,1.032870e-01,2.050553e-02,3.297320e-02,2.311084e-03,6.174106e-03,5.740422e-02,1.362410e-02,7.678410e-02,7.499142e-02,1.774790e-01,3.087382e-02,2.356701e-01
1.315887e-01,6.824433e-03,1.599659e-02,7.915416e-02,1.719184e-02,5.638681e-02,2.803019e-03,4.966067e-03,4.383012e-02,1.315798e-02,6.113150e-02,8.066463e-02,2.497302e-01,2.594442e-02,2.106295e-01
9.790582e-02,4.896364e-03,1.231641e-02,5.681800e-02,1.264974e-02,5.174216e-02,5.158539e-03,4.890487e-03,3.204889e-02,1.061584e-02,4.560843e-02,9.009780e-02,4.023982e-01,1.860625e-02,1.542471e-01
7.446377e-02,3.500422e-03,9.207571e-03,4.044114e-02,9.906277e-03,4.182403e-02,5.131962e-03,4.178123e-03,2.340838e-02,8.415629e-03,3.306093e-02,8.912466e-02,5.341711e-01,1.414894e-02,1.090171e-01
6.841895e-02,2.670425e-03,7.452046e-03,2.856107e-02,8.085281e-03,3.275556e-02,6.047502e-03,4.298994e-03,1.797080e-02,7.301969e-03,2.446483e-02,1.186847e-01,5.864218e-01,1.010135e-02,7.676472e-02
5.433390e-02,1.972050e-03,5.569903e-03,2.011914e-02,6.690995e-03,2.890275e-02,6.543348e-03,4.070572e-03,1.387490e-02,5.440446e-03,1.780127e-02,1.242924e-01,6.484748e-01,7.411441e-03,5.450204e-02
4.118543e-02,5.292768e-03,6.752833e-03,1.484955e-02,1.448632e-02,2.529387e-02,6.547865e-03,6.006854e-03,4.916614e-02,6.675366e-03,1.553138e-02,1.135029e-01,6.431699e-01,6.808294e-03,4.473056e-02
3.438213e-02,5.844618e-03,7.701524e-03,1.166730e-02,1.614461e-02,3.115340e-02,7.531742e-03,4.063644e-02,8.454660e-02,7.958426e-03,1.743752e-02,9.240699e-02,6.019331e-01,5.498601e-03,3.515705e-02
3.312219e-02,6.576412e-03,2.340351e-02,1.237546e-02,2.954739e-02,3.213520e-02,9.330118e-03,8.849707e-02,1.379386e-01,7.626721e-03,1.712929e-02,6.917209e-02,4.984893e-01,4.406455e-03,3.025025e-02
2.455245e-02,1.234946e-02,2.644910e-02,9.317719e-02,2.305558e-02,3.040892e-02,6.705621e-03,6.217999e-02,2.559834e-01,6.117249e-03,2.565626e-02,5.044685e-02,3.555458e-01,3.364868e-03,2.400726e-02
1.729054e-02,9.636601e-03,3.794480e-02,2.590620e-01,2.007510e-02,2.173671e-02,4.970290e-03,4.387922e-02,2.004931e-01,4.655810e-03,6.153235e-02,3.785848e-02,2.609177e-01,2.429726e-03,1.751762e-02
1.217104e-02,7.138414e-03,2.721099e-02,2.891210e-01,2.263626e-02,1.536968e-02,3.569113e-03,3.098906e-02,1.542788e-01,4.859539e-03,1.758212e-01,3.141426e-02,1.866618e-01,2.574540e-02,1.301349e-02
8.674689e-03,5.268301e-03,1.951474e-02,2.551517e-01,1.958772e-02,1.103737e-02,2.545798e-03,2.190463e-02,1.136662e-01,5.325799e-03,2.670357e-01,8.505639e-02,1.337661e-01,4.206375e-02,9.401094e-03
6.274758e-03,3.993535e-03,1.433593e-02,2.254465e-01,2.860160e-02,8.944377e-03,1.885787e-03,1.585345e-02,8.100646e-02,5.355135e-03,3.567652e-01,1.106980e-01,9.489002e-02,3.917441e-02,6.774766e-03
5.387840e-03,3.094377e-03,1.198227e-02,1.830174e-01,3.313167e-02,9.512562e-03,1.404136e-03,1.338108e-02,5.911446e-02,6.794521e-03,3.833436e-01,1.363647e-01,6.960857e-02,7.878490e-02,5.077926e-03
3.979245e-03,2.236232e-03,8.794348e-03,1.380384e-01,2.639949e-02,7.897011e-03,1.004741e-03,1.017492e-02,4.217937e-02,5.544612e-03,5.047967e-01,1.287468e-01,4.961848e-02,6.693596e-02,3.653628e-03
3.545249e-03,1.853214e-03,7.444455e-03,1.023290e-01,2.337005e-02,8.269628e-03,7.563588e-04,7.761253e-03,3.001544e-02,4.033393e-03,5.472198e-01,1.091524e-01,3.554413e-02,1.160568e-01,2.648938e-03
2.772399e-03,2.001141e-03,6.624895e-03,7.605883e-02,2.706152e-02,7.221135e-03,5.636484e-04,5.646404e-03,3.184169e-02,3.476637e-03,5.833917e-01,1.021945e-01,2.530372e-02,1.227317e-01,3.110077e-03
2.461762e-03,1.808760e-03,5.464045e-03,5.685757e-02,2.602825e-02,6.686671e-03,4.495536e-04,4.409461e-03,2.644226e-02,3.112264e-03,5.572232e-01,8.918115e-02,1.805256e-02,1.985695e-01,3.253053e-03
2.457244e-03,1.441923e-03,4.158716e-03,4.171669e-02,4.754916e-02,5.801511e-03,3.607420e-04,3.504542e-03,2.318231e-02,4.075042e-03,4.972104e-01,7.196227e-02,1.343425e-02,2.792440e-01,3.901231e-03
2.367254e-03,1.197106e-03,3.288503e-03,2.977525e-02,8.744544e-02,4.635181e-03,3.034466e-04,2.544289e-03,2.681847e-02,6.204803e-03,4.912242e-01,6.137538e-02,1.048315e-02,2.676784e-01,4.659258e-03
2.767218e-03,1.549661e-03,2.846831e-03,2.105887e-02,6.790343e-02,6.534792e-03,2.389233e-04,1.948504e-03,6.665585e-02,6.139870e-03,4.370829e-01,7.499525e-02,8.371489e-03,2.979105e-01,3.995850e-03
2.250159e-03,1.392140e-03,2.122920e-03,1.477268e-02,4.895623e-02,5.281388e-03,1.736390e-04,1.397948e-03,6.073274e-02,6.808537e-03,4.874414e-01,5.761809e-02,6.301199e-03,3.018177e-01,2.933134e-03
1.796516e-03,1.133108e-03,1.687419e-03,1.040754e-02,3.581488e-02,4.056286e-03,1.276071e-04,1.072457e-03,5.143023e-02,6.654754e-03,5.200187e-01,4.399453e-02,4.735485e-03,3.149612e-01,2.109340e-03
1.544437e-03,9.324092e-04,1.348510e-03,7.447277e-03,2.592796e-02,3.370641e-03,1.083785e-04,8.964190e-04,4.180724e-02,7.992544e-03,6.104982e-01,3.201931e-02,3.496720e-03,2.610194e-01,1.590521e-03
1.703111e-03,1.076001e-03,1.348326e-03,5.356309e-03,1.856584e-02,2.932779e-03,8.696956e-05,7.187313e-04,6.056191e-02,8.027799e-03,5.320740e-01,2.545042e-02,2.877666e-03,3.379377e-01,1.282468e-03
1.451277e-03,1.702777e-03,1.184170e-03,3.839489e-03,1.342979e-02,2.607406e-03,6.889310e-05,5.272922e-04,1.162447e-01,7.026687e-03,4.490171e-01,2.024431e-02,2.232678e-03,3.791248e-01,1.298733e-03
1.129266e-03,2.158277e-03,1.196958e-03,2.733249e-03,9.697033e-03,2.957820e-03,5.458241e-05,3.885005e-04,1.960023e-01,5.744318e-03,3.538145e-01,1.529507e-02,1.661167e-03,4.059446e-01,1.222383e-03
8.819540e-04,1.709019e-03,9.072574e-04,2.059393e-03,6.988004e-03,2.637768e-03,4.467636e-05,2.829113e-04,2.493075e-01,5.839638e-03,2.952738e-01,1.130782e-02,1.222195e-03,4.199909e-01,1.547264e-03
8.868132e-04,1.817876e-03,1.689401e-03,1.801757e-03,5.355773e-03,2.524341e-03,4.661137e-05,4.813058e-04,4.160580e-01,6.060080e-03,2.275373e-01,8.041264e-03,9.508636e-04,3.248473e-01,1.901434e-03
1.133678e-03,1.431742e-03,1.290371e-03,1.597120e-03,3.886943e-03,2.374747e-03,4.266847e-05,3.908508e-04,5.453498e-01,5.093948e-03,1.704200e-01,5.757543e-03,7.151981e-04,2.583550e-01,2.160405e-03
3.277812e-03,2.546943e-03,4.928678e-03,1.407870e-03,2.897448e-03,6.484360e-03,8.038650e-05,1.024512e-03,6.488174e-01,4.554225e-03,1.251351e-01,4.142836e-03,5.700792e-04,1.914948e-01,2.637581e-03
6.908287e-03,2.470251e-03,4.718254e-03,1.381628e-03,2.431190e-03,9.556973e-03,8.541399e-05,1.364882e-03,7.243862e-01,4.189399e-03,9.417503e-02,3.042641e-03,4.874356e-04,1.419842e-01,2.818226e-03
1.033596e-02,2.091978e-03,4.488458e-03,1.326119e-03,2.124813e-03,1.036987e-02,1.000932e-04,1.634306e-03,7.775007e-01,3.586518e-03,7.590827e-02,2.183968e-03,3.958910e-04,1.051308e-01,2.822291e-03
1.480340e-02,2.110352e-03,1.105163e-02,1.930231e-03,2.367336e-03,1.140634e-02,1.169041e-04,4.039563e-03,7.852327e-01,2.975960e-03,7.064350e-02,1.696531e-03,3.307635e-04,8.868094e-02,2.613835e-03
1.972656e-02,2.581856e-03,1.233499e-02,2.493633e-03,3.040345e-03,1.009447e-02,1.307237e-04,4.803011e-03,8.000034e-01,2.512942e-03,6.189851e-02,1.338402e-03,2.809483e-04,7.593144e-02,2.828709e-03
3.098655e-02,2.535810e-03,1.250157e-02,3.292087e-03,3.576689e-03,8.523100e-03,1.487561e-04,4.344206e-03,7.069390e-01,2.198203e-03,1.228406e-01,1.157045e-03,2.802248e-04,9.687197e-02,3.804089e-03
4.623446e-02,2.358550e-03,9.981537e-03,3.638512e-03,4.199100e-03,7.550640e-03,1.427499e-04,3.517854e-03,5.669112e-01,2.103250e-03,2.495767e-01,1.452488e-03,5.722875e-04,9.719555e-02,4.565066e-03
6.300669e-02,2.494923e-03,7.781680e-03,3.801553e-03,4.637975e-03,7.604918e-03,1.310395e-04,2.836390e-03,5.040016e-01,3.108659e-03,2.914406e-01,1.828361e-03,1.014393e-03,9.815376e-02,8.157408e-03
7.748665e-02,2.962499e-03,8.067108e-03,3.973817e-03,4.164226e-03,7.930997e-03,1.372733e-04,3.312692e-03,4.810652e-01,2.872487e-03,2.487766e-01,2.139014e-03,1.350995e-03,1.462747e-01,9.485632e-03
8.700088e-02,3.957346e-03,6.584324e-03,4.319277e-03,3.797614e-03,9.182165e-03,1.585018e-04,3.563514e-03,4.752994e-01,3.195249e-03,2.298341e-01,2.867369e-03,1.892902e-03,1.569081e-01,1.143921e-02
9.112442e-02,5.849418e-03,6.112885e-03,5.166660e-03,4.081915e-03,1.249639e-02,5.116029e-04,3.556694e-03,4.499819e-01,2.782133e-03,2.468739e-01,4.690866e-03,2.789256e-03,1.539904e-01,9.991492e-03
1.723440e-01,8.049229e-03,4.905484e-03,8.615045e-03,3.940408e-03,1.727701e-02,5.551220e-04,3.759008e-03,4.269443e-01,2.735015e-03,1.921179e-01,1.175851e-02,6.184304e-03,1.283499e-01,1.246479e-02
2.059571e-01,6.922439e-03,4.438261e-03,1.078875e-02,4.008453e-03,2.538134e-02,8.749348e-04,3.753803e-03,4.495597e-01,3.806267e-03,1.463633e-01,1.303314e-02,6.165295e-03,1.056384e-01,1.330892e-02
1.943044e-01,1.568141e-02,3.439323e-03,1.533836e-02,6.746168e-03,6.672114e-02,9.281744e-04,4.376664e-03,4.244089e-01,5.722519e-03,1.102850e-01,2.186013e-02,1.894045e-02,8.511705e-02,2.613026e-02
1.408914e-01,1.627632e-02,4.538295e-03,1.216116e-01,1.501597e-02,5.452897e-02,8.477324e-04,3.548508e-03,3.884647e-01,7.346637e-03,9.311194e-02,2.423391e-02,4.231495e-02,5.987708e-02,2.739197e-02
1.003317e-01,1.675010e-02,5.838038e-03,1.475042e-01,1.848868e-02,4.131612e-02,8.021364e-04,2.641204e-03,2.989757e-01,9.341222e-03,8.280525e-02,2.979555e-02,1.664859e-01,4.284219e-02,3.608197e-02
7.194670e-02,1.230827e-02,5.439387e-03,1.301368e-01,1.564438e-02,3.104994e-02,6.638342e-04,1.935230e-03,2.112048e-01,1.100066e-02,1.120221e-01,4.721425e-02,2.765476e-01,3.055373e-02,4.233221e-02
5.107417e-02,8.714279e-03,4.592226e-03,9.220183e-02,1.235344e-02,2.359647e-02,5.623121e-04,1.447838e-03,1.487681e-01,9.454826e-03,9.869425e-02,4.140203e-02,4.326749e-01,2.178736e-02,5.267597e-02
4.560163e-02,6.752361e-03,3.716033e-03,6.834871e-02,1.350929e-02,2.716356e-02,9.655930e-04,1.225958e-03,1.076528e-01,7.031902e-03,7.707155e-02,6.343625e-02,5.016378e-01,1.577743e-02,6.010917e-02
4.465632e-02,5.113761e-03,3.966300e-03,4.931655e-02,1.371382e-02,2.258849e-02,1.380939e-03,1.228903e-03,7.737259e-02,5.500306e-03,6.449202e-02,1.055848e-01,4.948559e-01,1.181733e-02,9.841209e-02
4.676993e-02,3.999415e-03,4.311903e-03,3.541462e-02,1.322950e-02,1.769452e-02,1.169937e-03,1.234892e-03,5.494916e-02,4.719824e-03,5.053487e-02,1.181317e-01,4.194315e-01,9.920746e-03,2.184875e-01
3.690087e-02,3.100344e-03,3.417110e-03,2.491488e-02,1.577041e-02,1.286275e-02,1.164067e-03,1.168968e-03,4.094220e-02,3.639773e-03,3.757849e-02,1.130398e-01,3.968736e-01,8.120569e-03,3.005062e-01
2.694105e-02,2.352527e-03,2.549643e-03,1.752488e-02,1.487139e-02,9.619384e-03,1.284137e-03,9.732109e-04,3.143369e-02,3.669918e-03,3.008698e-02,1.349133e-01,4.668246e-01,7.145090e-03,2.498103e-01
2.520122e-02,2.104089e-03,2.447600e-03,1.279009e-02,1.628783e-02,9.365654e-03,2.053821e-03,2.819307e-03,2.633201e-02,6.472490e-03,2.833521e-02,1.076125e-01,5.696698e-01,6.175580e-03,1.823328e-01
1.991218e-02,1.785393e-03,2.359835e-03,9.228321e-03,1.768593e-02,8.432006e-03,2.220781e-03,2.829578e-03,2.491477e-02,1.667286e-02,3.125940e-02,9.611094e-02,6.231346e-01,5.048582e-03,1.384049e-01
1.668095e-02,3.469714e-03,3.267096e-03,6.921793e-03,3.199163e-02,1.182067e-02,3.505610e-03,3.270714e-03,1.684108e-01,1.755696e-02,3.048053e-02,7.896707e-02,5.187998e-01,3.697827e-03,1.011588e-01
1.687743e-02,4.405555e-03,1.361277e-02,7.317855e-03,5.740728e-02,1.668325e-02,1.216271e-02,1.298827e-02,2.668685e-01,2.629940e-02,2.676484e-02,6.161986e-02,3.996987e-01,2.821478e-03,7.447209e-02
1.571762e-02,4.592624e-03,1.470726e-02,7.442357e-03,1.734443e-01,2.564690e-02,1.083550e-02,1.116475e-02,2.930189e-01,3.308497e-02,2.166392e-02,4.632857e-02,2.865701e-01,2.300994e-03,5.348127e-02
3.380237e-02,7.873753e-03,2.713696e-02,6.305288e-03,1.383359e-01,2.392891e-02,9.177868e-03,1.076927e-02,3.956960e-01,3.874486e-02,2.405922e-02,3.614728e-02,2.063550e-01,2.437810e-03,3.922960e-02
5.833225e-02,2.221676e-02,4.608951e-02,9.002117e-03,1.111139e-01,1.972438e-02,7.829202e-03,1.015389e-02,4.415014e-01,4.183071e-02,2.246047e-02,2.793949e-02,1.483048e-01,2.136470e-03,3.136457e-02
5.928668e-02,7.105447e-02,4.174801e-02,9.869953e-03,8.501311e-02,1.633852e-02,5.997662e-03,7.921411e-03,4.850700e-01,3.771806e-02,2.268850e-02,2.355847e-02,1.078368e-01,1.695397e-03,2.420300e-02
6.420621e-02,7.044859e-02,3.490850e-02,8.377330e-03,6.708895e-02,1.761857e-02,5.830550e-03,1.346860e-02,5.487423e-01,3.504188e-02,1.786007e-02,1.825184e-02,7.654025e-02,1.634678e-03,1.998167e-02
9.363932e-02,7.731676e-02,3.413325e-02,1.864856e-02,6.471524e-02,2.395056e-02,6.690049e-03,1.550411e-02,5.304906e-01,3.023979e-02,1.523957e-02,1.592615e-02,5.560786e-02,1.594606e-03,1.630358e-02
9.232457e-02,6.552590e-02,2.742844e-02,2.914474e-02,5.685976e-02,3.038807e-02,5.661243e-03,1.161338e-02,3.892076e-01,2.764252e-02,1.153277e-01,1.273830e-02,7.560402e-02,1.585769e-02,4.467608e-02
1.373531e-01,5.071612e-02,2.089020e-02,2.618837e-02,5.959078e-02,3.318236e-02,4.883804e-03,9.053603e-03,2.922878e-01,2.161127e-02,1.557034e-01,1.021849e-02,6.758870e-02,6.889340e-02,4.183866e-02
1.034267e-01,3.676037e-02,1.494966e-02,1.935163e-02,4.717328e-02,2.454543e-02,3.510807e-03,6.512756e-03,2.271910e-01,1.737779e-02,2.677890e-01,7.511748e-03,5.594249e-02,1.215086e-01,4.644874e-02
8.030371e-02,2.754496e-02,1.098419e-02,1.477649e-02,3.592033e-02,1.968007e-02,2.627273e-03,4.784842e-03,3.094996e-01,1.693377e-02,2.102374e-01,5.762879e-03,4.339862e-02,1.619003e-01,5.564559e-02
7.875796e-02,2.212827e-02,9.013521e-03,1.239463e-02,3.111646e-02,1.710381e-02,2.871999e-03,4.142828e-03,3.011450e-01,1.719031e-02,2.006713e-01,5.069443e-03,4.145261e-02,1.749451e-01,8.199665e-02
6.494183e-02,1.950998e-02,7.454995e-03,9.094860e-03,4.194356e-02,1.317374e-02,2.150119e-03,3.129600e-03,2.550887e-01,1.708606e-02,1.813445e-01,4.540829e-03,3.845453e-02,2.707609e-01,7.132573e-02
4.971090e-02,1.632715e-02,6.183037e-03,6.629073e-03,3.519403e-02,1.093135e-02,1.680078e-03,2.349242e-03,2.757931e-01,1.458999e-02,1.455010e-01,3.744516e-03,2.926270e-02,3.329961e-01,6.910768e-02
4.191827e-02,2.197295e-02,6.613854e-03,4.984484e-03,3.700928e-02,1.098723e-02,1.575729e-03,2.125685e-03,2.943553e-01,1.207578e-02,1.093147e-01,2.859270e-03,2.213642e-02,3.488806e-01,8.319041e-02
4.040313e-02,2.273821e-02,7.410394e-03,4.045538e-03,2.763519e-02,1.329056e-02,1.441825e-03,1.818921e-03,3.397196e-01,9.007778e-03,7.830466e-02,2.280156e-03,1.672564e-02,3.499733e-01,8.520515e-02
3.168500e-02,1.927765e-02,6.106467e-03,3.042549e-03,1.987159e-02,2.969454e-02,1.179674e-03,1.381264e-03,4.109970e-01,8.219217e-03,5.978744e-02,1.867894e-03,1.221924e-02,3.200936e-01,7.457680e-02
2.490740e-02,3.144269e-02,5.847020e-03,2.740995e-03,1.603881e-02,7.369079e-02,1.087382e-03,2.068612e-03,4.363731e-01,7.544732e-03,4.642076e-02,1.838269e-03,9.459204e-03,2.798828e-01,6.065741e-02
1.917787e-02,4.242001e-02,4.644496e-03,2.572771e-03,1.468468e-02,6.228142e-02,8.139144e-04,1.738765e-03,5.093826e-01,7.277336e-03,3.573807e-02,1.534087e-03,7.285062e-03,2.383885e-01,5.206044e-02
1.610895e-02,4.695640e-02,3.747477e-03,2.956547e-03,1.170714e-02,4.613375e-02,5.983787e-04,1.339060e-03,5.517448e-01,1.086098e-02,2.777485e-02,1.412494e-03,7.543345e-03,1.848500e-01,8.626584e-02
1.263018e-02,5.144101e-02,3.093649e-03,3.469393e-03,8.845650e-03,3.287323e-02,4.280348e-04,9.825065e-04,5.799793e-01,3.329349e-02,2.199392e-02,1.282530e-03,6.815572e-03,1.410331e-01,1.018385e-01
9.143995e-03,4.046522e-02,2.295587e-03,4.156725e-03,6.285259e-03,2.318889e-02,3.074419e-04,7.175691e-04,6.732987e-01,2.540080e-02,2.485016e-02,2.108804e-03,1.416600e-02,9.974778e-02,7.386713e-02
8.854744e-03,3.175209e-02,5.460252e-03,8.016407e-03,5.123924e-03,1.679104e-02,2.904462e-04,8.620751e-04,7.028487e-01,2.151854e-02,3.991142e-02,3.754360e-03,2.656890e-02,7.236512e-02,5.588203e-02
1.231048e-02,2.720326e-02,5.750488e-03,1.022176e-02,5.561766e-03,1.300311e-02,4.191147e-04,1.400700e-03,6.990775e-01,2.135400e-02,5.545063e-02,5.787579e-03,3.345507e-02,5.822678e-02,5.077782e-02
1.086971e-02,2.312440e-02,8.840350e-03,1.885920e-02,5.758634e-03,9.348764e-03,3.709761e-04,2.056613e-03,7.375225e-01,1.623794e-02,4.501787e-02,5.552953e-03,2.776483e-02,4.404424e-02,4.463102e-02
1.160093e-02,2.626727e-02,9.420261e-03,2.433454e-02,5.574805e-03,7.370307e-03,4.111852e-04,2.638506e-03,7.397950e-01,2.095502e-02,3.545202e-02,4.821730e-03,2.306719e-02,3.864008e-02,4.965122e-02
3.117430e-02,2.952216e-02,1.089896e-02,3.454458e-02,2.423850e-02,1.503065e-02,5.519368e-04,6.862373e-03,6.554270e-01,2.251838e-02,3.186538e-02,5.351753e-03,2.122183e-02,4.638217e-02,6.441007e-02
8.780733e-02,3.615792e-02,1.007929e-02,4.351864e-02,5.737460e-02,3.280559e-02,8.207393e-04,6.326754e-03,5.216893e-01,1.706641e-02,2.656673e-02,4.793576e-03,1.713717e-02,4.070214e-02,9.715386e-02
1.022504e-01,4.885197e-02,1.429856e-02,1.310310e-01,7.769081e-02,4.569463e-02,3.152442e-03,7.402803e-03,3.840500e-01,1.290090e-02,2.264548e-02,5.254789e-03,1.484386e-02,3.347942e-02,9.645292e-02
1.136459e-01,4.124672e-02,1.701127e-01,1.182059e-01,6.505892e-02,4.555856e-02,3.058597e-03,1.224815e-02,2.769522e-01,9.598620e-03,1.980787e-02,5.389019e-03,1.188870e-02,2.693674e-02,8.029141e-02
8.373871e-02,3.030553e-02,3.350904e-01,1.341465e-01,4.911257e-02,3.254831e-02,2.360725e-03,1.225364e-02,1.995949e-01,8.535388e-03,1.560461e-02,4.280058e-03,9.445421e-03,1.895380e-02,6.402952e-02
6.006460e-02,2.217620e-02,4.379433e-01,1.129465e-01,3.704997e-02,2.452821e-02,1.804029e-03,1.326142e-02,1.524037e-01,1.027307e-02,2.382345e-02,3.645144e-03,9.888548e-03,1.368649e-02,7.650532e-02
4.609812e-02,2.213122e-02,4.829462e-01,1.069034e-01,2.704147e-02,1.946634e-02,1.348734e-03,1.103819e-02,1.372100e-01,2.171647e-02,2.929132e-02,3.700850e-03,1.459913e-02,9.913851e-03,6.659463e-02
3.424734e-02,2.067903e-02,4.862134e-01,8.998422e-02,1.933233e-02,1.793356e-02,9.968856e-04,8.480816e-03,1.329952e-01,4.878770e-02,3.183752e-02,3.754744e-03,2.504675e-02,8.321216e-03,7.138925e-02
2.569306e-02,1.706060e-02,3.819269e-01,6.747113e-02,1.367099e-02,1.915606e-02,8.797104e-04,6.233122e-03,1.261326e-01,4.695580e-02,2.872354e-02,1.334790e-02,1.782658e-01,1.379389e-02,6.068888e-02
1.868098e-02,1.316616e-02,3.011130e-01,4.944770e-02,9.715001e-03,1.443574e-02,7.928436e-04,4.489699e-03,1.159706e-01,3.727336e-02,2.658088e-02,3.053799e-02,3.009441e-01,1.569137e-02,6.116058e-02
1.405503e-02,1.160166e-02,2.446749e-01,4.339580e-02,6.929784e-03,1.102576e-02,6.205944e-04,3.191739e-03,1.695868e-01,3.172007e-02,2.359316e-02,2.867529e-02,2.822925e-01,7.596139e-02,5.267556e-02
1.023055e-02,9.377996e-03,1.733016e-01,3.600327e-02,5.186123e-03,9.020811e-03,6.027176e-04,2.263688e-03,1.441383e-01,2.638079e-02,2.049396e-02,2.407572e-02,4.296760e-01,6.838635e-02,4.086208e-02
8.661090e-03,7.331368e-03,1.218973e-01,3.018549e-02,6.517936e-03,1.215596e-02,1.359244e-03,1.886344e-03,1.096824e-01,2.164700e-02,7.953017e-02,4.174071e-02,4.492172e-01,6.080515e-02,4.738278e-02
6.912629e-03,5.322684e-03,8.557492e-02,2.830754e-02,7.885490e-03,9.852763e-03,1.702438e-03,1.455349e-03,8.356544e-02,3.908218e-02,1.006950e-01,6.995243e-02,4.347758e-01,4.450558e-02,8.040980e-02
5.477608e-03,3.752924e-03,6.043194e-02,2.094023e-02,2.355633e-02,7.497536e-03,5.314214e-03,3.962497e-03,6.233099e-02,3.413549e-02,1.316603e-01,6.019817e-02,4.523972e-01,3.334445e-02,9.500013e-02
4.424073e-03,2.649565e-03,4.260343e-02,1.608064e-02,4.097532e-02,5.757780e-03,4.878927e-03,4.539530e-03,4.767385e-02,2.832744e-02,1.457047e-01,5.690886e-02,4.434340e-01,2.902879e-02,1.270131e-01
4.226448e-03,1.977372e-03,3.026847e-02,1.286354e-02,3.391613e-02,9.264304e-03,4.009892e-03,6.523290e-03,3.854971e-02,2.596014e-02,1.393469e-01,6.011982e-02,4.704968e-01,2.186715e-02,1.406099e-01
3.315212e-03,1.452753e-03,2.156481e-02,9.971210e-03,3.537659e-02,1.106767e-02,4.314056e-03,7.425144e-03,2.976274e-02,2.103454e-02,1.430716e-01,6.338988e-02,5.001466e-01,1.604437e-02,1.320628e-01
2.681897e-03,1.144368e-03,1.530745e-02,7.223445e-03,2.753727e-02,9.800343e-03,3.260171e-03,7.032368e-03,2.285965e-02,1.726346e-02,1.280114e-01,8.012055e-02,5.427436e-01,1.182916e-02,1.231849e-01
1.976044e-03,1.000220e-03,1.109973e-02,5.684215e-03,2.057156e-02,8.405794e-03,2.406554e-03,5.815875e-03,2.326559e-02,3.010248e-02,1.142112e-01,1.057183e-01,5.683025e-01,8.625588e-03,9.281445e-02
1.465509e-03,8.270445e-04,8.183694e-03,4.118470e-03,1.599149e-02,6.320597e-03,1.752273e-03,5.036972e-03,1.941770e-02,5.016381e-02,9.808587e-02,1.256863e-01,5.861883e-01,6.364003e-03,7.039800e-02
1.204103e-03,1.780154e-03,1.046394e-02,3.079234e-03,1.894300e-02,4.473687e-03,1.346837e-03,1.881522e-02,3.258590e-02,4.280962e-02,7.650141e-02,1.190083e-01,6.133950e-01,4.593682e-03,5.099991e-02
1.211868e-03,7.236897e-03,1.278379e-02,2.425866e-03,2.146884e-02,3.236043e-03,1.002772e-03,1.628146e-02,4.246816e-02,6.643230e-02,6.810045e-02,1.270645e-01,5.801330e-01,4.775029e-03,4.537905e-02
1.569689e-03,1.155271e-02,1.598549e-02,1.851488e-03,1.678778e-02,2.406118e-03,7.217879e-04,1.284792e-02,3.854307e-02,1.954191e-01,6.500167e-02,1.396738e-01,4.591202e-01,3.719039e-03,3.480012e-02
1.481521e-03,1.211944e-02,1.430187e-02,1.385828e-03,1.301505e-02,1.750685e-03,5.170187e-04,1.061950e-02,3.879101e-02,3.147542e-01,7.210395e-02,1.521014e-01,3.385921e-01,3.176327e-03,2.529011e-02
1.333101e-03,1.024742e-02,1.350915e-02,1.045837e-03,1.123524e-02,1.248622e-03,3.786937e-04,8.847329e-03,4.717154e-02,4.352136e-01,6.581406e-02,1.327286e-01,2.493569e-01,2.872550e-03,1.899739e-02
2.440398e-03,8.682039e-03,1.272353e-02,1.182214e-03,1.580855e-02,9.703600e-04,2.958790e-04,2.491429e-02,9.668760e-02,4.742819e-01,5.333534e-02,1.151635e-01,1.778025e-01,2.278646e-03,1.343324e-02
4.266422e-03,6.802185e-03,1.068007e-02,2.051034e-03,3.211296e-02,1.316852e-03,3.803294e-04,2.749083e-02,1.649756e-01,4.697933e-01,4.409896e-02,9.731240e-02,1.275727e-01,1.660359e-03,9.485967e-03
5.239900e-03,5.500035e-03,1.163704e-02,8.552168e-03,3.189811e-02,1.117280e-03,3.078868e-04,7.286330e-02,2.193315e-01,4.327391e-01,3.711628e-02,7.270964e-02,9.312174e-02,1.194966e-03,6.671037e-03
9.834342e-03,4.612693e-03,1.053657e-02,9.369611e-03,3.950587e-02,1.207930e-03,2.842063e-04,5.933603e-02,2.447676e-01,4.521266e-01,3.937602e-02,5.489920e-02,6.842971e-02,9.321833e-04,4.781384e-03
1.474327e-02,3.618103e-03,1.311901e-02,2.825062e-02,4.036118e-02,1.920937e-03,6.791118e-04,1.240090e-01,1.956843e-01,4.445969e-01,3.728383e-02,4.066341e-02,5.090546e-02,7.207933e-04,3.444098e-03
2.510190e-02,4.524589e-03,1.196292e-02,2.465160e-02,5.729233e-02,1.921675e-03,6.526670e-04,9.647827e-02,2.106294e-01,4.488986e-01,4.413581e-02,3.081176e-02,3.885802e-02,1.008193e-03,3.072158e-03
3.411408e-02,7.211127e-03,1.113723e-02,2.518960e-02,5.934582e-02,2.074217e-03,6.201958e-04,1.134922e-01,2.216738e-01,4.060550e-01,5.109669e-02,3.121951e-02,3.268060e-02,1.306138e-03,2.783785e-03
4.476123e-02,7.843915e-03,8.226976e-03,2.330246e-02,4.766881e-02,1.756361e-03,5.986060e-04,8.544706e-02,1.945563e-01,4.239617e-01,1.104413e-01,2.302927e-02,2.390714e-02,1.883098e-03,2.615750e-03
7.683152e-02,7.779373e-03,6.570215e-03,2.653315e-02,4.403675e-02,1.964140e-03,1.428941e-03,8.211254e-02,1.656192e-01,4.394431e-01,1.017450e-01,2.118887e-02,1.874181e-02,3.147726e-03,2.857652e-03
1.095896e-01,1.143333e-02,4.980074e-03,2.617036e-02,4.776651e-02,2.196011e-03,1.580221e-03,6.769529e-02,1.605801e-01,4.357230e-01,9.264838e-02,1.875455e-02,1.446141e-02,3.534099e-03,2.887132e-03
1.924461e-01,1.210486e-02,5.450920e-03,4.547638e-02,5.394699e-02,5.484039e-03,3.019482e-03,7.286088e-02,1.361585e-01,3.237118e-01,9.706305e-02,2.930351e-02,1.327443e-02,6.323373e-03,3.375698e-03
3.038646e-01,1.042306e-02,4.431794e-03,4.408209e-02,5.387292e-02,5.899054e-03,2.909352e-03,5.812554e-02,1.100686e-01,2.544980e-01,9.552792e-02,3.365125e-02,1.187058e-02,6.636041e-03,4.139145e-03
4.270636e-01,8.218758e-03,4.237318e-03,4.129405e-02,4.175300e-02,5.619158e-03,3.483500e-03,4.604527e-02,8.577339e-02,2.092828e-01,7.644561e-02,2.949539e-02,9.941201e-03,6.380364e-03,4.966672e-03
1.000000e+00,0.000000e+00,0.000000e+00,0.000000e+00,0.000000e+00,0.000000e+00,0.000000e+00,0.000000e+00,0.000000e+00,0.000000e+00,0.000000e+00,0.000000e+00,0.000000e+00,0.000000e+00,0.000000e+00
1.000000e+00,0.000000e+00,0.000000e+00,0.000000e+00,0.000000e+00,0.000000e+00,0.000000e+00,0.000000e+00,0.000000e+00,0.000000e+00,0.000000e+00,0.000000e+00,0.000000e+00,0.000000e+00,0.000000e+00
1.000000e+00,0.000000e+00,0.000000e+00,0.000000e+00,0.000000e+00,0.000000e+00,0.000000e+00,0.000000e+00,0.000000e+00,0.000000e+00,0.000000e+00,0.000000e+00,0.000000e+00,0.000000e+00,0.000000e+00
1.000000e+00,0.000000e+00,0.000000e+00,0.000000e+00,0.000000e+00,0.000000e+00,0.000000e+00,0.000000e+00,0.000000e+00,0.000000e+00,0.000000e+00,0.000000e+00,0.000000e+00,0.000000e+00,0.000000e+00
