1.000000e+00,0.000000e+00,0.000000e+00,0.000000e+00,0.000000e+00,0.000000e+00,0.000000e+00,0.000000e+00,0.000000e+00,0.000000e+00,0.000000e+00,0.000000e+00,0.000000e+00,0.000000e+00,0.000000e+00
1.000000e+00,0.000000e+00,0.000000e+00,0.000000e+00,0.000000e+00,0.000000e+00,0.000000e+00,0.000000e+00,0.000000e+00,0.000000e+00,0.000000e+00,0.000000e+00,0.000000e+00,0.000000e+00,0.000000e+00
1.000000e+00,0.000000e+00,0.000000e+00,0.000000e+00,0.000000e+00,0.000000e+00,0.000000e+00,0.000000e+00,0.000000e+00,0.000000e+00,0.000000e+00,0.000000e+00,0.000000e+00,0.000000e+00,0.000000e+00
1.000000e+00,0.000000e+00,0.000000e+00,0.000000e+00,0.000000e+00,0.000000e+00,0.000000e+00,0.000000e+00,0.000000e+00,0.000000e+00,0.000000e+00,0.000000e+00,0.000000e+00,0.000000e+00,0.000000e+00
1.000000e+00,0.000000e+00,0.000000e+00,0.000000e+00,0.000000e+00,0.000000e+00,0.000000e+00,0.000000e+00,0.000000e+00,0.000000e+00,0.000000e+00,0.000000e+00,0.000000e+00,0.000000e+00,0.000000e+00
1.000000e+00,0.000000e+00,0.000000e+00,0.000000e+00,0.000000e+00,0.000000e+00,0.000000e+00,0.000000e+00,0.000000e+00,0.000000e+00,0.000000e+00,0.000000e+00,0.000000e+00,0.000000e+00,0.000000e+00
1.000000e+00,0.000000e+00,0.000000e+00,0.000000e+00,0.000000e+00,0.000000e+00,0.000000e+00,0.000000e+00,0.000000e+00,0.000000e+00,0.000000e+00,0.000000e+00,0.000000e+00,0.000000e+00,0.000000e+00
1.000000e+00,0.000000e+00,0.000000e+00,0.000000e+00,0.000000e+00,0.000000e+00,0.000000e+00,0.000000e+00,0.000000e+00,0.000000e+00,0.000000e+00,0.000000e+00,0.000000e+00,0.000000e+00,0.000000e+00
1.000000e+00,0.000000e+00,0.000000e+00,0.000000e+00,0.000000e+00,0.000000e+00,0.000000e+00,0.000000e+00,0.000000e+00,0.000000e+00,0.000000e+00,0.000000e+00,0.000000e+00,0.000000e+00,0.000000e+00
1.000000e+00,0.000000e+00,0.000000e+00,0.000000e+00,0.000000e+00,0.000000e+00,0.000000e+00,0.000000e+00,0.000000e+00,0.000000e+00,0.000000e+00,0.000000e+00,0.000000e+00,0.000000e+00,0.000000e+00
1.000000e+00,0.000000e+00,0.000000e+00,0.000000e+00,0.000000e+00,0.000000e+00,0.000000e+00,0.000000e+00,0.000000e+00,0.000000e+00,0.000000e+00,0.000000e+00,0.000000e+00,0.000000e+00,0.000000e+00
1.000000e+00,0.000000e+00,0.000000e+00,0.000000e+00,0.000000e+00,0.000000e+00,0.000000e+00,0.000000e+00,0.000000e+00,0.000000e+00,0.000000e+00,0.000000e+00,0.000000e+00,0.000000e+00,0.000000e+00
1.000000e+00,0.000000e+00,0.000000e+00,0.000000e+00,0.000000e+00,0.000000e+00,0.000000e+00,0.000000e+00,0.000000e+00,0.000000e+00,0.000000e+00,0.000000e+00,0.000000e+00,0.000000e+00,0.000000e+00
1.000000e+00,0.000000e+00,0.000000e+00,0.000000e+00,0.000000e+00,0.000000e+00,0.000000e+00,0.000000e+00,0.000000e+00,0.000000e+00,0.000000e+00,0.000000e+00,0.000000e+00,0.000000e+00,0.000000e+00
1.000000e+00,0.000000e+00,0.000000e+00,0.000000e+00,0.000000e+00,0.000000e+00,0.000000e+00,0.000000e+00,0.000000e+00,0.000000e+00,0.000000e+00,0.000000e+00,0.000000e+00,0.000000e+00,0.000000e+00
1.000000e+00,0.000000e+00,0.000000e+00,0.000000e+00,0.000000e+00,0.000000e+00,0.000000e+00,0.000000e+00,0.000000e+00,0.000000e+00,0.000000e+00,0.000000e+00,0.000000e+00,0.000000e+00,0.000000e+00
1.000000e+00,0.000000e+00,0.000000e+00,0.000000e+00,0.000000e+00,0.000000e+00,0.000000e+00,0.000000e+00,0.000000e+00,0.000000e+00,0.000000e+00,0.000000e+00,0.000000e+00,0.000000e+00,0.000000e+00
1.000000e+00,0.000000e+00,0.000000e+00,0.000000e+00,0.000000e+00,0.000000e+00,0.000000e+00,0.000000e+00,0.000000e+00,0.000000e+00,0.000000e+00,0.000000e+00,0.000000e+00,0.000000e+00,0.000000e+00
1.000000e+00,0.000000e+00,0.000000e+00,0.000000e+00,0.000000e+00,0.000000e+00,0.000000e+00,0.000000e+00,0.000000e+00,0.000000e+00,0.000000e+00,0.000000e+00,0.000000e+00,0.000000e+00,0.000000e+00
1.000000e+00,0.000000e+00,0.000000e+00,0.000000e+00,0.000000e+00,0.000000e+00,0.000000e+00,0.000000e+00,0.000000e+00,0.000000e+00,0.000000e+00,0.000000e+00,0.000000e+00,0.000000e+00,0.000000e+00
1.000000e+00,0.000000e+00,0.000000e+00,0.000000e+00,0.000000e+00,0.000000e+00,0.000000e+00,0.000000e+00,0.000000e+00,0.000000e+00,0.000000e+00,0.000000e+00,0.000000e+00,0.000000e+00,0.000000e+00
1.000000e+00,0.000000e+00,0.000000e+00,0.000000e+00,0.000000e+00,0.000000e+00,0.000000e+00,0.000000e+00,0.000000e+00,0.000000e+00,0.000000e+00,0.000000e+00,0.000000e+00,0.000000e+00,0.000000e+00
1.000000e+00,0.000000e+00,0.000000e+00,0.000000e+00,0.000000e+00,0.000000e+00,0.000000e+00,0.000000e+00,0.000000e+00,0.000000e+00,0.000000e+00,0.000000e+00,0.000000e+00,0.000000e+00,0.000000e+00
1.000000e+00,0.000000e+00,0.000000e+00,0.000000e+00,0.000000e+00,0.000000e+00,0.000000e+00,0.000000e+00,0.000000e+00,0.000000e+00,0.000000e+00,0.000000e+00,0.000000e+00,0.000000e+00,0.000000e+00
1.000000e+00,0.000000e+00,0.000000e+00,0.000000e+00,0.000000e+00,0.000000e+00,0.000000e+00,0.000000e+00,0.000000e+00,0.000000e+00,0.000000e+00,0.000000e+00,0.000000e+00,0.000000e+00,0.000000e+00
1.000000e+00,0.000000e+00,0.000000e+00,0.000000e+00,0.000000e+00,0.000000e+00,0.000000e+00,0.000000e+00,0.000000e+00,0.000000e+00,0.000000e+00,0.000000e+00,0.000000e+00,0.000000e+00,0.000000e+00
1.000000e+00,0.000000e+00,0.000000e+00,0.000000e+00,0.000000e+00,0.000000e+00,0.000000e+00,0.000000e+00,0.000000e+00,0.000000e+00,0.000000e+00,0.000000e+00,0.000000e+00,0.000000e+00,0.000000e+00
1.000000e+00,0.000000e+00,0.000000e+00,0.000000e+00,0.000000e+00,0.000000e+00,0.000000e+00,0.000000e+00,0.000000e+00,0.000000e+00,0.000000e+00,0.000000e+00,0.000000e+00,0.000000e+00,0.000000e+00
1.000000e+00,0.000000e+00,0.000000e+00,0.000000e+00,0.000000e+00,0.000000e+00,0.000000e+00,0.000000e+00,0.000000e+00,0.000000e+00,0.000000e+00,0.000000e+00,0.000000e+00,0.000000e+00,0.000000e+00
1.000000e+00,0.000000e+00,0.000000e+00,0.000000e+00,0.000000e+00,0.000000e+00,0.000000e+00,0.000000e+00,0.000000e+00,0.000000e+00,0.000000e+00,0.000000e+00,0.000000e+00,0.000000e+00,0.000000e+00
1.000000e+00,0.000000e+00,0.000000e+00,0.000000e+00,0.000000e+00,0.000000e+00,0.000000e+00,0.000000e+00,0.000000e+00,0.000000e+00,0.000000e+00,0.000000e+00,0.000000e+00,0.000000e+00,0.000000e+00
1.000000e+00,0.000000e+00,0.000000e+00,0.000000e+00,0.000000e+00,0.000000e+00,0.000000e+00,0.000000e+00,0.000000e+00,0.000000e+00,0.000000e+00,0.000000e+00,0.000000e+00,0.000000e+00,0.000000e+00
1.000000e+00,0.000000e+00,0.000000e+00,0.000000e+00,0.000000e+00,0.000000e+00,0.000000e+00,0.000000e+00,0.000000e+00,0.000000e+00,0.000000e+00,0.000000e+00,0.000000e+00,0.000000e+00,0.000000e+00
1.000000e+00,0.000000e+00,0.000000e+00,0.000000e+00,0.000000e+00,0.000000e+00,0.000000e+00,0.000000e+00,0.000000e+00,0.000000e+00,0.000000e+00,0.000000e+00,0.000000e+00,0.000000e+00,0.000000e+00
1.000000e+00,0.000000e+00,0.000000e+00,0.000000e+00,0.000000e+00,0.000000e+00,0.000000e+00,0.000000e+00,0.000000e+00,0.000000e+00,0.000000e+00,0.000000e+00,0.000000e+00,0.000000e+00,0.000000e+00
1.000000e+00,0.000000e+00,0.000000e+00,0.000000e+00,0.000000e+00,0.000000e+00,0.000000e+00,0.000000e+00,0.000000e+00,0.000000e+00,0.000000e+00,0.000000e+00,0.000000e+00,0.000000e+00,0.000000e+00
1.000000e+00,0.000000e+00,0.000000e+00,0.000000e+00,0.000000e+00,0.000000e+00,0.000000e+00,0.000000e+00,0.000000e+00,0.000000e+00,0.000000e+00,0.000000e+00,0.000000e+00,0.000000e+00,0.000000e+00
1.000000e+00,0.000000e+00,0.000000e+00,0.000000e+00,0.000000e+00,0.000000e+00,0.000000e+00,0.000000e+00,0.000000e+00,0.000000e+00,0.000000e+00,0.000000e+00,0.000000e+00,0.000000e+00,0.000000e+00
1.000000e+00,0.000000e+00,0.000000e+00,0.000000e+00,0.000000e+00,0.000000e+00,0.000000e+00,0.000000e+00,0.000000e+00,0.000000e+00,0.000000e+00,0.000000e+00,0.000000e+00,0.000000e+00,0.000000e+00
1.000000e+00,0.000000e+00,0.000000e+00,0.000000e+00,0.000000e+00,0.000000e+00,0.000000e+00,0.000000e+00,0.000000e+00,0.000000e+00,0.000000e+00,0.000000e+00,0.000000e+00,0.000000e+00,0.000000e+00
1.000000e+00,0.000000e+00,0.000000e+00,0.000000e+00,0.000000e+00,0.000000e+00,0.000000e+00,0.000000e+00,0.000000e+00,0.000000e+00,0.000000e+00,0.000000e+00,0.000000e+00,0.000000e+00,0.000000e+00
1.000000e+00,0.000000e+00,0.000000e+00,0.000000e+00,0.000000e+00,0.000000e+00,0.000000e+00,0.000000e+00,0.000000e+00,0.000000e+00,0.000000e+00,0.000000e+00,0.000000e+00,0.000000e+00,0.000000e+00
1.000000e+00,0.000000e+00,0.000000e+00,0.000000e+00,0.000000e+00,0.000000e+00,0.000000e+00,0.000000e+00,0.000000e+00,0.000000e+00,0.000000e+00,0.000000e+00,0.000000e+00,0.000000e+00,0.000000e+00
1.000000e+00,0.000000e+00,0.000000e+00,0.000000e+00,0.000000e+00,0.000000e+00,0.000000e+00,0.000000e+00,0.000000e+00,0.000000e+00,0.000000e+00,0.000000e+00,0.000000e+00,0.000000e+00,0.000000e+00
1.000000e+00,0.000000e+00,0.000000e+00,0.000000e+00,0.000000e+00,0.000000e+00,0.000000e+00,0.000000e+00,0.000000e+00,0.000000e+00,0.000000e+00,0.000000e+00,0.000000e+00,0.000000e+00,0.000000e+00
1.000000e+00,0.000000e+00,0.000000e+00,0.000000e+00,0.000000e+00,0.000000e+00,0.000000e+00,0.000000e+00,0.000000e+00,0.000000e+00,0.000000e+00,0.000000e+00,0.000000e+00,0.000000e+00,0.000000e+00
1.000000e+00,0.000000e+00,0.000000e+00,0.000000e+00,0.000000e+00,0.000000e+00,0.000000e+00,0.000000e+00,0.000000e+00,0.000000e+00,0.000000e+00,0.000000e+00,0.000000e+00,0.000000e+00,0.000000e+00
1.000000e+00,0.000000e+00,0.000000e+00,0.000000e+00,0.000000e+00,0.000000e+00,0.000000e+00,0.000000e+00,0.000000e+00,0.000000e+00,0.000000e+00,0.000000e+00,0.000000e+00,0.000000e+00,0.000000e+00
1.000000e+00,0.000000e+00,0.000000e+00,0.000000e+00,0.000000e+00,0.000000e+00,0.000000e+00,0.000000e+00,0.000000e+00,0.000000e+00,0.000000e+00,0.000000e+00,0.000000e+00,0.000000e+00,0.000000e+00
1.000000e+00,0.000000e+00,0.000000e+00,0.000000e+00,0.000000e+00,0.000000e+00,0.000000e+00,0.000000e+00,0.000000e+00,0.000000e+00,0.000000e+00,0.000000e+00,0.000000e+00,0.000000e+00,0.000000e+00
1.000000e+00,0.000000e+00,0.000000e+00,0.000000e+00,0.000000e+00,0.000000e+00,0.000000e+00,0.000000e+00,0.000000e+00,0.000000e+00,0.000000e+00,0.000000e+00,0.000000e+00,0.000000e+00,0.000000e+00
1.000000e+00,0.000000e+00,0.000000e+00,0.000000e+00,0.000000e+00,0.000000e+00,0.000000e+00,0.000000e+00,0.000000e+00,0.000000e+00,0.000000e+00,0.000000e+00,0.000000e+00,0.000000e+00,0.000000e+00
1.000000e+00,0.000000e+00,0.000000e+00,0.000000e+00,0.000000e+00,0.000000e+00,0.000000e+00,0.000000e+00,0.000000e+00,0.000000e+00,0.000000e+00,0.000000e+00,0.000000e+00,0.000000e+00,0.000000e+00
1.000000e+00,0.000000e+00,0.000000e+00,0.000000e+00,0.000000e+00,0.000000e+00,0.000000e+00,0.000000e+00,0.000000e+00,0.000000e+00,0.000000e+00,0.000000e+00,0.000000e+00,0.000000e+00,0.000000e+00
1.000000e+00,0.000000e+00,0.000000e+00,0.000000e+00,0.000000e+00,0.000000e+00,0.000000e+00,0.000000e+00,0.000000e+00,0.000000e+00,0.000000e+00,0.000000e+00,0.000000e+00,0.000000e+00,0.000000e+00
1.000000e+00,0.000000e+00,0.000000e+00,0.000000e+00,0.000000e+00,0.000000e+00,0.000000e+00,0.000000e+00,0.000000e+00,0.000000e+00,0.000000e+00,0.000000e+00,0.000000e+00,0.000000e+00,0.000000e+00
1.000000e+00,0.000000e+00,0.000000e+00,0.000000e+00,0.000000e+00,0.000000e+00,0.000000e+00,0.000000e+00,0.000000e+00,0.000000e+00,0.000000e+00,0.000000e+00,0.000000e+00,0.000000e+00,0.000000e+00
4.942579e-01,8.461255e-03,1.888768e-01,8.447850e-02,3.967771e-03,1.789387e-02,3.003319e-03,1.118477e-01,3.220429e-03,7.768533e-04,1.975376e-02,4.033326e-02,1.277792e-02,3.587354e-03,6.763389e-03
3.796868e-01,6.151945e-03,1.709507e-01,8.161822e-02,3.122512e-03,1.391993e-02,2.412539e-03,2.714338e-01,2.402494e-03,6.031917e-04,1.651854e-02,3.276657e-02,9.888047e-03,3.374198e-03,5.150391e-03
2.984548e-01,4.507046e-03,1.302600e-01,6.356748e-02,2.758970e-03,1.015648e-02,1.978572e-03,4.357557e-01,1.886632e-03,5.101169e-04,1.277170e-02,2.347439e-02,7.438896e-03,2.645929e-03,3.833319e-03
2.948090e-01,3.929914e-03,9.956229e-02,4.605136e-02,3.826342e-03,7.995632e-03,2.151378e-03,4.997901e-01,1.619364e-03,5.354264e-04,1.039381e-02,1.788927e-02,5.943602e-03,2.101766e-03,3.400743e-03
2.729433e-01,3.125137e-03,7.768293e-02,3.381987e-02,3.952010e-03,6.271220e-03,1.926557e-03,5.674032e-01,1.470122e-03,5.253225e-04,8.211520e-03,1.338127e-02,4.682231e-03,1.638820e-03,2.966427e-03
2.705326e-01,2.516751e-03,6.040999e-02,2.525937e-02,4.030867e-03,5.554910e-03,1.752115e-03,6.007941e-01,1.731395e-03,5.771968e-04,6.734218e-03,1.159963e-02,4.323030e-03,1.460259e-03,2.723508e-03
2.562570e-01,1.976963e-03,4.451176e-02,1.869495e-02,3.861713e-03,4.554426e-03,1.572386e-03,6.446064e-01,1.467052e-03,5.156221e-04,5.140732e-03,9.680736e-03,3.817167e-03,1.159694e-03,2.183359e-03
1.873225e-01,1.824638e-03,3.735697e-02,1.609791e-02,4.377189e-03,4.660684e-03,1.288159e-03,7.266370e-01,1.310921e-03,5.541088e-04,4.065507e-03,8.250398e-03,3.484024e-03,9.475081e-04,1.822464e-03
1.326636e-01,1.393637e-03,3.485485e-02,1.498633e-02,3.950681e-03,3.450307e-03,1.077578e-03,7.922890e-01,1.000459e-03,5.306369e-04,2.974788e-03,5.980382e-03,2.748632e-03,7.449707e-04,1.354120e-03
9.564821e-02,1.130288e-03,3.374638e-02,1.355713e-02,4.152919e-03,2.737182e-03,1.163247e-03,8.357342e-01,8.136589e-04,7.922514e-04,2.210747e-03,4.353940e-03,2.250376e-03,6.108974e-04,1.098559e-03
6.807930e-02,1.557639e-03,1.280617e-01,2.027315e-02,3.776892e-03,6.630088e-03,1.389259e-03,6.624630e-01,2.507669e-03,5.117484e-02,3.070262e-02,9.358883e-03,6.068075e-03,5.193044e-03,2.763834e-03
4.779084e-02,2.513869e-03,2.831003e-01,2.216705e-02,2.697210e-03,4.791762e-03,1.136195e-03,4.792946e-01,1.327912e-02,7.270320e-02,3.335980e-02,7.841357e-03,5.734588e-03,1.455595e-02,9.034077e-03
3.364373e-02,2.248851e-03,2.306200e-01,1.806311e-02,1.975204e-03,3.500198e-03,9.531475e-04,3.415738e-01,6.324929e-02,7.444165e-02,8.902711e-02,1.054547e-02,5.653475e-03,9.806766e-02,2.643725e-02
2.381069e-02,1.939832e-03,1.672120e-01,1.357343e-02,1.591915e-03,2.711223e-03,8.840364e-04,2.396594e-01,1.237699e-01,8.699303e-02,1.982578e-01,1.935301e-02,5.779246e-03,8.703618e-02,2.742817e-02
1.682211e-02,1.561313e-03,1.210125e-01,1.008861e-02,1.265897e-03,2.008100e-03,7.858625e-04,1.685372e-01,1.071402e-01,6.467462e-02,3.439695e-01,4.133459e-02,5.745908e-03,8.788222e-02,2.717126e-02
1.189209e-02,1.229972e-03,8.564533e-02,7.582397e-03,1.129142e-03,1.461728e-03,7.322858e-04,1.183708e-01,8.591633e-02,4.877312e-02,4.389334e-01,5.912182e-02,5.149909e-03,1.139434e-01,2.011827e-02
8.533671e-03,9.441331e-04,6.020049e-02,6.341166e-03,1.260743e-03,1.187389e-03,6.796486e-04,8.316740e-02,6.673186e-02,3.534658e-02,3.980795e-01,4.877178e-02,4.590291e-03,2.688620e-01,1.530332e-02
6.172652e-03,1.148458e-03,4.298262e-02,5.689440e-03,1.558680e-03,1.766904e-03,6.359610e-04,5.914100e-02,4.815258e-02,2.572771e-02,5.074365e-01,3.853266e-02,3.955144e-03,2.437420e-01,1.335775e-02
4.375367e-03,8.809510e-04,3.013331e-02,4.138929e-03,1.232659e-03,1.537377e-03,4.618738e-04,4.155268e-02,3.424464e-02,1.824417e-02,5.698327e-01,2.884363e-02,3.055814e-03,2.511253e-01,1.034067e-02
3.111447e-03,6.641963e-04,2.111329e-02,2.996117e-03,1.032857e-03,1.758702e-03,3.361524e-04,2.917925e-02,2.454465e-02,1.319674e-02,5.380309e-01,2.285915e-02,2.428461e-03,3.310288e-01,7.719321e-03
2.228916e-03,1.049487e-03,1.481909e-02,2.144284e-03,1.318278e-03,3.410738e-03,2.449971e-04,2.048434e-02,1.775073e-02,9.658066e-03,5.408457e-01,1.850332e-02,2.212159e-03,3.593278e-01,6.002146e-03
1.604039e-03,9.533030e-04,1.041698e-02,1.548817e-03,1.768124e-03,2.989369e-03,1.853778e-04,1.437069e-02,1.285712e-02,7.141978e-03,4.585865e-01,1.466977e-02,1.774546e-03,4.667445e-01,4.388971e-03
1.186542e-03,7.691585e-04,7.355702e-03,1.132817e-03,1.824705e-03,2.291154e-03,1.511473e-04,1.011582e-02,9.301973e-03,5.384608e-03,4.195175e-01,1.187790e-02,1.493654e-03,5.244789e-01,3.118444e-03
9.331282e-04,1.942809e-03,5.343738e-03,1.011917e-03,1.642677e-02,3.687255e-03,2.930040e-04,7.708580e-03,7.435577e-03,4.219453e-03,3.876112e-01,8.778219e-03,1.473127e-03,5.508273e-01,2.307998e-03
7.635617e-04,4.337390e-03,3.877980e-03,1.080783e-03,7.722840e-02,1.115815e-02,6.433242e-04,6.734042e-03,8.625466e-03,3.227587e-03,3.482430e-01,6.690134e-03,1.258388e-03,5.244628e-01,1.669040e-03
1.646510e-03,9.497181e-03,3.878603e-03,2.788242e-03,1.677456e-01,1.380416e-02,1.385476e-03,8.307412e-03,2.866695e-02,5.005884e-03,3.088958e-01,8.646861e-03,1.645462e-03,4.365375e-01,1.548345e-03
2.298552e-03,9.190868e-03,3.152003e-03,1.617342e-02,2.374322e-01,1.213707e-02,1.312452e-03,7.306912e-03,3.817743e-02,6.886009e-03,2.559687e-01,8.242926e-03,8.291933e-03,3.899967e-01,3.432825e-03
4.293736e-03,8.734591e-03,3.171220e-03,1.580881e-02,1.756438e-01,9.989692e-03,1.091240e-03,6.116565e-03,5.698740e-02,1.498470e-02,3.125274e-01,1.343842e-02,4.879816e-02,3.238657e-01,4.548613e-03
5.565363e-03,1.305673e-02,4.464318e-03,1.201110e-02,1.269535e-01,1.141112e-02,9.739303e-04,6.340518e-03,1.174800e-01,1.561535e-02,3.767797e-01,1.572300e-02,5.034353e-02,2.392659e-01,4.015950e-03
4.315030e-03,1.669818e-02,3.721168e-03,8.527436e-03,9.034079e-02,1.051801e-02,7.202806e-04,4.710417e-03,3.217932e-01,1.233065e-02,3.050553e-01,1.261561e-02,3.683839e-02,1.686425e-01,3.173129e-03
6.790803e-03,2.281839e-02,6.999066e-03,6.128989e-03,6.608443e-02,1.239740e-02,5.585698e-04,4.014713e-03,4.494974e-01,1.168463e-02,2.517391e-01,8.947642e-03,2.655099e-02,1.213321e-01,4.455766e-03
7.705246e-03,3.079481e-02,1.523822e-02,8.937508e-03,4.946234e-02,2.065558e-02,4.432828e-04,3.246432e-03,5.413655e-01,1.541784e-02,1.796996e-01,6.438443e-03,1.885430e-02,8.732077e-02,1.442013e-02
1.032875e-02,2.846115e-02,3.813632e-02,1.898270e-01,3.777330e-02,2.694636e-02,3.596471e-04,2.803339e-03,4.179029e-01,1.674962e-02,1.287340e-01,4.877738e-03,1.377842e-02,6.133742e-02,2.198403e-02
3.499373e-02,2.369431e-02,3.768998e-02,1.399254e-01,7.693046e-02,4.853978e-02,6.917249e-04,4.663759e-03,4.452680e-01,1.329993e-02,9.123251e-02,3.652792e-03,9.950750e-03,4.362428e-02,2.584261e-02
5.730133e-02,2.235173e-02,3.329353e-02,1.023587e-01,1.124444e-01,1.014327e-01,1.086444e-03,5.725093e-03,4.131556e-01,1.026978e-02,6.574930e-02,2.851675e-03,7.608920e-03,3.205565e-02,3.231531e-02
5.348554e-02,1.712831e-02,2.961140e-02,8.879120e-02,9.561811e-02,8.491165e-02,1.110194e-03,2.099322e-01,3.068258e-01,7.598973e-03,4.744573e-02,2.257196e-03,6.304522e-03,2.301374e-02,2.596551e-02
4.635336e-02,1.285760e-02,2.457954e-02,7.841666e-02,7.992223e-02,6.975008e-02,1.249779e-03,3.790752e-01,2.257408e-01,5.573614e-03,3.424905e-02,1.744916e-03,4.677341e-03,1.640242e-02,1.940749e-02
4.258819e-02,1.075686e-02,4.359562e-02,1.372733e-01,5.739843e-02,5.114046e-02,1.010693e-03,3.717065e-01,1.726783e-01,8.905548e-03,5.781289e-02,3.625543e-03,5.744589e-03,1.165577e-02,2.410742e-02
3.118922e-02,8.716671e-03,4.889863e-02,1.526728e-01,4.318531e-02,3.710977e-02,1.012821e-03,2.757911e-01,1.432999e-01,1.413421e-02,1.191329e-01,5.663298e-03,8.266048e-02,8.358686e-03,2.817437e-02
2.238845e-02,6.797164e-03,4.263314e-02,1.366101e-01,3.355868e-02,2.838456e-02,9.986090e-04,1.952877e-01,1.093870e-01,1.675651e-02,1.400909e-01,8.136678e-03,2.241163e-01,6.095836e-03,2.875843e-02
1.660664e-02,6.221362e-03,3.042925e-02,1.187188e-01,4.166590e-02,2.628350e-02,2.561519e-03,1.390230e-01,8.601103e-02,2.651825e-02,1.223557e-01,3.762910e-02,3.117304e-01,6.075424e-03,2.817008e-02
1.217215e-02,5.743722e-03,2.434012e-02,1.185086e-01,5.090098e-02,2.033912e-02,2.512990e-03,9.817487e-02,6.343781e-02,6.407087e-02,1.538704e-01,7.026282e-02,2.832151e-01,8.155769e-03,2.429473e-02
9.596020e-03,5.712785e-03,1.807729e-02,9.060602e-02,6.137239e-02,1.648251e-02,4.484366e-03,6.982912e-02,5.149385e-02,5.819874e-02,1.482578e-01,1.999393e-01,2.223738e-01,2.145775e-02,2.211824e-02
6.971202e-03,4.408411e-03,1.282365e-02,6.458600e-02,5.161911e-02,1.279678e-02,3.778261e-03,4.917539e-02,3.698487e-02,4.339424e-02,1.501914e-01,3.674551e-01,1.580597e-01,2.187160e-02,1.588430e-02
5.471430e-03,3.399699e-03,9.244086e-03,4.548919e-02,4.227036e-02,9.966783e-03,2.907576e-03,3.468973e-02,2.675766e-02,3.310238e-02,1.542722e-01,4.662550e-01,1.126324e-01,4.191231e-02,1.162925e-02
4.455942e-03,2.559722e-03,6.564750e-03,3.203078e-02,3.173596e-02,7.715615e-03,2.068035e-03,2.434432e-02,1.947537e-02,2.671865e-02,2.108876e-01,4.992462e-01,8.023833e-02,4.365249e-02,8.306298e-03
3.602483e-03,2.630615e-03,4.841775e-03,2.253197e-02,2.561758e-02,5.672857e-03,1.481602e-03,1.707645e-02,1.410690e-02,2.229896e-02,2.219844e-01,5.501331e-01,5.733408e-02,4.472000e-02,5.967288e-03
3.513596e-03,2.787810e-03,3.671520e-03,1.591083e-02,1.956459e-02,4.230716e-03,1.052290e-03,1.218814e-02,1.049578e-02,1.897446e-02,2.269656e-01,5.968706e-01,4.165693e-02,3.777914e-02,4.337969e-03
2.699064e-03,2.551435e-03,2.706063e-03,1.123819e-02,1.549601e-02,3.083301e-03,7.456524e-04,8.621898e-03,8.875133e-03,1.540693e-02,2.561909e-01,6.082885e-01,3.011020e-02,3.077625e-02,3.210476e-03
7.023110e-03,1.092152e-02,5.821381e-03,8.117043e-03,1.611678e-02,4.120505e-03,5.945967e-04,6.868178e-03,7.511630e-03,2.053623e-02,2.407705e-01,6.195651e-01,2.275648e-02,2.666870e-02,2.608165e-03
8.672875e-03,8.579553e-03,4.523759e-03,5.786207e-03,1.374270e-02,6.543263e-03,4.678252e-04,4.935160e-03,5.671215e-03,1.821204e-02,2.378328e-01,6.393825e-01,1.718428e-02,2.620431e-02,2.261457e-03
9.474359e-03,6.383390e-03,3.438029e-03,4.234446e-03,1.310798e-02,6.391019e-03,4.054474e-04,3.831187e-03,5.458449e-03,1.797268e-02,2.688291e-01,6.183113e-01,1.377941e-02,2.590266e-02,2.480519e-03
8.723098e-03,4.791241e-03,2.508872e-03,3.074861e-03,1.553242e-02,5.149364e-03,3.438389e-04,2.741182e-03,4.641541e-03,1.686188e-02,3.590325e-01,5.412346e-01,1.105641e-02,2.109569e-02,3.212525e-03
6.974555e-03,3.853698e-03,1.947276e-03,2.177715e-03,1.213091e-02,4.913164e-03,3.242336e-04,2.029312e-03,4.314785e-03,1.886459e-02,3.333302e-01,5.809464e-01,8.534395e-03,1.672733e-02,2.931366e-03
6.251385e-03,2.856602e-03,1.783667e-03,1.556514e-03,1.031564e-02,6.479133e-03,4.428655e-04,1.947512e-03,3.710558e-03,1.487039e-02,2.647319e-01,6.631269e-01,6.455951e-03,1.321411e-02,2.256880e-03
4.523640e-03,2.186797e-03,1.406332e-03,1.114945e-03,8.606881e-03,5.168818e-03,3.629538e-04,1.491621e-03,3.382057e-03,1.253212e-02,2.122046e-01,7.303360e-01,4.748090e-03,1.019751e-02,1.737758e-03
3.284673e-03,2.054215e-03,1.387727e-03,7.974927e-04,7.029963e-03,4.177927e-03,3.461325e-04,1.159461e-03,4.281736e-03,2.051467e-02,1.633488e-01,7.789563e-01,3.413429e-03,7.663894e-03,1.583611e-03
2.528128e-03,1.924289e-03,4.685540e-03,6.157226e-04,5.257550e-03,5.717373e-03,1.088372e-03,2.272911e-03,4.091575e-03,4.075502e-02,1.313854e-01,7.896326e-01,2.472522e-03,6.324663e-03,1.248419e-03
2.208442e-03,2.335899e-03,5.107026e-03,6.890588e-04,4.461464e-03,8.989293e-03,2.977685e-03,6.369686e-03,7.459116e-03,1.754061e-01,1.236066e-01,6.517202e-01,1.860260e-03,5.782308e-03,1.026832e-03
2.696356e-03,1.868496e-03,2.431186e-02,3.520044e-03,4.414543e-03,1.793538e-02,1.376074e-02,7.987639e-02,5.777130e-03,2.487426e-01,9.794120e-02,4.920121e-01,1.481605e-03,4.900622e-03,7.609129e-04
3.528350e-03,2.371610e-03,2.459545e-02,8.973775e-03,4.802760e-03,1.785666e-02,1.452492e-02,1.142071e-01,6.652363e-03,3.506970e-01,8.226878e-02,3.631296e-01,1.161723e-03,4.555047e-03,6.749070e-04
7.603521e-03,5.024364e-03,3.236953e-02,1.091923e-02,6.837351e-03,2.832653e-02,1.803384e-02,1.023819e-01,9.310536e-03,4.358502e-01,6.941279e-02,2.675360e-01,9.769951e-04,4.607458e-03,8.097161e-04
1.924705e-02,5.772395e-03,4.670069e-02,1.635129e-02,1.262352e-02,2.886934e-02,2.008700e-02,8.431158e-02,1.045366e-02,4.845952e-01,6.611553e-02,1.925144e-01,1.068849e-03,1.011195e-02,1.177608e-03
3.122281e-02,5.655524e-03,5.387790e-02,2.939790e-02,2.590618e-02,3.140051e-02,1.771000e-02,8.034506e-02,1.064162e-02,5.039108e-01,5.583993e-02,1.391836e-01,1.018959e-03,1.232290e-02,1.566219e-03
3.334890e-02,5.161166e-03,1.212048e-01,5.450721e-02,3.084739e-02,2.837555e-02,1.701891e-02,1.176526e-01,9.244233e-03,4.228280e-01,4.319445e-02,1.028047e-01,1.010315e-03,1.131633e-02,1.485350e-03
3.714414e-02,8.206621e-03,2.076587e-01,6.044890e-02,3.154907e-02,2.242141e-02,1.362914e-02,1.373875e-01,1.010462e-02,3.443891e-01,3.588458e-02,7.410820e-02,8.937176e-04,1.465605e-02,1.518126e-03
5.088347e-02,2.292229e-02,2.503955e-01,5.294250e-02,3.428927e-02,2.228954e-02,1.172956e-02,1.347042e-01,1.150538e-02,2.735378e-01,4.438929e-02,5.797262e-02,1.623194e-03,2.772167e-02,3.093830e-03
7.183722e-02,3.227198e-02,2.419384e-01,4.631484e-02,3.956547e-02,2.159244e-02,9.870567e-03,1.114022e-01,1.645023e-02,2.348525e-01,8.334669e-02,5.315335e-02,3.337319e-03,2.987812e-02,4.188724e-03
8.926868e-02,4.006472e-02,2.110504e-01,3.839727e-02,3.843939e-02,1.902863e-02,9.225640e-03,1.046736e-01,2.578392e-02,1.847545e-01,1.537075e-01,4.836993e-02,4.600622e-03,2.802604e-02,4.609182e-03
8.837435e-02,7.533465e-02,1.810113e-01,2.992401e-02,4.444502e-02,1.664913e-02,9.531637e-03,1.017501e-01,4.876388e-02,1.465874e-01,1.827669e-01,4.048557e-02,5.662790e-03,2.477867e-02,3.934624e-03
1.281918e-01,1.509813e-01,1.526116e-01,2.213647e-02,4.254369e-02,1.333619e-02,7.989452e-03,8.799584e-02,5.868146e-02,1.081310e-01,1.620380e-01,3.564885e-02,5.308283e-03,2.082549e-02,3.580582e-03
1.643356e-01,1.496774e-01,1.349004e-01,2.721037e-02,6.686420e-02,1.333889e-02,6.101775e-03,7.236966e-02,4.757455e-02,7.850932e-02,1.480201e-01,3.712515e-02,8.370013e-03,3.187203e-02,1.373061e-02
1.371152e-01,1.085906e-01,9.875719e-02,3.021336e-02,1.062246e-01,1.266963e-02,4.848844e-03,6.576196e-02,4.114313e-02,5.989495e-02,2.037841e-01,6.495513e-02,1.301417e-02,4.011117e-02,1.291594e-02
1.134779e-01,7.764862e-02,7.430217e-02,2.824411e-02,1.085816e-01,1.099295e-02,4.139748e-03,6.068727e-02,3.791142e-02,4.399769e-02,3.185059e-01,6.054099e-02,1.163888e-02,3.954323e-02,9.787506e-03
8.790656e-02,5.530130e-02,5.468663e-02,2.470039e-02,9.280284e-02,9.737018e-03,3.690384e-03,5.074548e-02,3.106042e-02,3.306749e-02,4.377166e-01,5.675421e-02,9.129134e-03,4.551302e-02,7.188494e-03
7.420871e-02,3.976254e-02,3.903320e-02,1.961379e-02,6.961396e-02,7.946722e-03,2.838898e-03,3.821152e-02,2.249666e-02,2.420728e-02,5.383387e-01,5.723036e-02,7.244728e-03,5.385999e-02,5.392996e-03
6.050340e-02,2.884323e-02,2.779067e-02,1.532928e-02,5.515676e-02,6.600410e-03,2.176860e-03,2.844447e-02,1.627051e-02,1.804737e-02,5.933663e-01,5.608862e-02,5.793530e-03,8.147953e-02,4.109038e-03
5.731742e-02,2.157147e-02,2.007175e-02,1.127461e-02,4.409013e-02,6.018079e-03,1.684333e-03,2.147554e-02,1.409226e-02,1.318555e-02,6.003361e-01,6.571046e-02,4.860348e-03,1.145996e-01,3.712334e-03
4.231530e-02,1.665723e-02,2.323304e-02,8.260735e-03,3.378877e-02,3.294320e-02,1.434283e-03,1.784205e-02,1.807318e-02,1.038903e-02,5.915775e-01,8.570961e-02,3.943468e-03,1.110253e-01,2.807331e-03
3.118551e-02,1.294138e-02,2.034801e-02,6.589557e-03,3.485025e-02,3.729301e-02,1.449424e-03,1.496433e-02,1.946459e-02,9.294491e-03,6.090990e-01,8.432347e-02,3.360080e-03,1.125109e-01,2.326052e-03
2.569937e-02,1.503942e-02,1.543293e-02,4.959177e-03,3.975000e-02,4.544354e-02,2.187015e-03,1.192112e-02,3.326593e-02,1.096596e-02,6.075986e-01,8.395290e-02,3.947883e-03,9.703031e-02,2.805827e-03
2.444272e-02,1.516730e-02,1.229582e-02,3.757491e-03,3.405546e-02,3.931768e-02,1.741104e-03,8.662549e-03,4.243163e-02,1.026531e-02,5.946898e-01,9.084039e-02,4.410184e-03,1.125303e-01,5.392164e-03
5.082681e-02,2.366960e-02,1.686448e-02,4.194680e-03,2.702107e-02,4.258668e-02,2.204443e-03,9.110938e-03,7.698681e-02,1.123474e-02,5.249193e-01,9.600396e-02,6.978855e-03,9.870542e-02,8.692203e-03
3.687011e-02,1.891125e-02,1.250889e-02,3.670844e-03,2.362322e-02,3.715077e-02,1.644312e-03,8.829165e-03,7.953931e-02,1.056247e-02,5.967525e-01,7.896364e-02,9.905519e-03,7.424989e-02,6.818102e-03
2.690832e-02,1.661002e-02,9.406451e-03,3.516202e-03,2.001321e-02,3.431207e-02,1.316081e-03,7.091792e-03,8.811976e-02,9.458971e-03,6.435992e-01,6.538254e-02,1.092487e-02,5.770974e-02,5.630797e-03
2.433901e-02,1.878149e-02,7.793673e-03,3.475598e-03,1.687916e-02,4.020306e-02,1.873531e-03,8.833821e-03,1.297724e-01,9.715338e-03,6.219244e-01,5.212988e-02,1.246045e-02,4.635385e-02,5.464340e-03
2.559787e-02,2.642249e-02,5.914664e-03,6.374521e-03,1.503338e-02,4.460758e-02,1.956085e-03,8.684088e-03,2.180277e-01,1.009443e-02,5.348932e-01,4.147068e-02,1.527997e-02,3.972805e-02,5.915403e-03
2.274624e-02,3.342466e-02,6.565064e-03,1.013970e-02,1.842870e-02,4.433523e-02,1.638005e-03,2.000373e-02,3.589014e-01,9.513710e-03,3.917341e-01,2.965331e-02,1.445672e-02,3.386682e-02,4.592629e-03
2.983610e-02,3.403000e-02,5.372369e-03,1.078125e-02,1.754451e-02,4.231150e-02,1.211670e-03,1.585109e-02,4.033538e-01,9.472741e-03,3.486779e-01,2.475627e-02,1.394369e-02,3.863384e-02,4.223251e-03
3.269586e-02,4.022574e-02,7.316372e-03,3.280178e-02,2.491753e-02,6.912031e-02,1.118267e-03,2.246264e-02,4.154262e-01,1.083062e-02,2.644478e-01,2.099792e-02,1.425327e-02,3.717265e-02,6.212976e-03
2.836695e-02,3.937483e-02,1.615604e-02,4.234112e-02,2.589548e-02,6.295478e-02,9.743846e-04,3.537611e-02,4.715864e-01,8.937747e-03,2.033201e-01,1.605910e-02,1.260450e-02,3.090148e-02,5.150875e-03
2.997358e-02,5.139885e-02,2.142719e-02,5.396935e-02,2.816436e-02,5.565873e-02,9.929447e-04,3.235489e-02,4.741155e-01,1.214562e-02,1.739354e-01,1.625445e-02,1.213282e-02,3.005653e-02,7.419770e-03
7.214406e-02,8.572493e-02,3.373970e-02,5.514156e-02,3.985282e-02,4.424825e-02,1.488218e-03,4.019763e-02,4.010928e-01,1.285397e-02,1.360766e-01,1.928799e-02,1.149525e-02,3.328592e-02,1.337033e-02
8.909497e-02,8.448272e-02,3.267785e-02,4.243743e-02,4.673580e-02,3.442565e-02,1.721309e-03,5.939800e-02,3.977676e-01,3.043230e-02,1.046093e-01,1.562279e-02,1.073355e-02,3.644173e-02,1.341901e-02
8.847003e-02,8.041707e-02,2.856736e-02,3.299973e-02,4.973209e-02,2.974614e-02,2.504734e-03,9.201936e-02,3.979464e-01,5.172894e-02,8.000368e-02,1.260569e-02,1.032884e-02,3.104030e-02,1.188965e-02
1.082231e-01,7.489246e-02,2.639038e-02,4.363035e-02,8.213154e-02,2.682550e-02,3.621470e-03,7.902838e-02,3.305419e-01,6.431402e-02,7.410736e-02,2.812399e-02,1.829989e-02,2.427850e-02,1.559122e-02
1.245264e-01,5.702140e-02,2.041976e-02,6.125345e-02,6.872457e-02,2.339282e-02,3.207695e-03,5.785602e-02,2.497102e-01,5.462345e-02,9.070457e-02,9.321254e-02,6.069865e-02,1.866538e-02,1.598318e-02
1.433970e-01,4.618783e-02,1.941845e-02,5.559564e-02,6.652281e-02,2.321355e-02,2.810376e-03,4.361697e-02,1.848808e-01,7.143675e-02,1.232558e-01,1.108093e-01,7.532476e-02,1.846395e-02,1.506605e-02
1.612903e-01,3.794273e-02,2.190531e-02,4.919443e-02,6.093384e-02,2.127973e-02,2.409793e-03,3.473471e-02,1.664408e-01,7.527044e-02,1.632628e-01,9.840879e-02,6.150891e-02,3.163342e-02,1.378408e-02
1.390316e-01,3.535307e-02,2.085434e-02,3.841053e-02,5.570032e-02,1.827475e-02,2.034432e-03,2.593514e-02,1.392401e-01,6.134330e-02,2.687629e-01,8.212530e-02,5.095713e-02,4.825173e-02,1.372542e-02
1.303810e-01,3.282312e-02,1.781640e-02,2.902438e-02,4.718980e-02,1.612502e-02,1.755054e-03,1.924762e-02,1.087037e-01,4.712084e-02,3.421667e-01,8.583099e-02,4.165180e-02,6.780073e-02,1.236295e-02
1.340959e-01,2.601543e-02,1.585913e-02,2.341957e-02,4.032704e-02,1.637078e-02,1.691878e-03,1.543825e-02,8.362166e-02,3.905037e-02,4.006173e-01,8.025135e-02,3.218807e-02,8.043073e-02,1.062253e-02
1.663030e-01,2.085087e-02,1.769059e-02,1.975445e-02,3.224502e-02,1.757292e-02,1.471797e-03,1.191445e-02,6.359752e-02,3.676276e-02,4.136461e-01,8.856679e-02,2.456481e-02,7.646843e-02,8.590449e-03
2.030721e-01,1.757504e-02,1.969549e-02,1.599238e-02,3.524270e-02,1.965229e-02,2.243885e-03,1.072523e-02,5.022634e-02,2.923841e-02,4.034061e-01,9.458637e-02,1.898870e-02,7.231742e-02,7.037386e-03
2.201253e-01,1.961330e-02,3.379318e-02,1.255994e-02,3.238770e-02,1.839261e-02,2.034218e-03,1.005268e-02,3.889745e-02,2.324013e-02,3.919075e-01,9.649366e-02,1.434631e-02,7.873508e-02,7.421010e-03
2.162486e-01,2.049151e-02,9.257852e-02,1.228400e-02,3.135506e-02,2.268061e-02,2.786915e-03,2.214472e-02,3.052120e-02,1.976760e-02,3.589036e-01,8.122640e-02,1.106411e-02,7.025896e-02,7.688134e-03
2.054253e-01,1.940880e-02,7.459228e-02,1.039249e-02,2.569157e-02,2.364900e-02,2.230466e-03,1.856245e-02,2.681804e-02,1.658901e-02,3.878380e-01,6.920963e-02,1.095165e-02,1.000999e-01,8.541439e-03
2.129766e-01,2.109123e-02,6.176301e-02,1.070462e-02,2.407778e-02,2.115594e-02,2.121355e-03,1.448276e-02,3.575175e-02,1.504140e-02,3.568594e-01,7.007433e-02,1.290439e-02,1.303861e-01,1.060939e-02
1.561699e-01,1.696032e-02,4.446314e-02,7.795450e-03,1.764105e-02,1.592127e-02,1.521636e-03,1.024565e-02,4.021316e-02,1.173303e-02,3.835225e-01,5.602792e-02,1.053926e-02,2.190332e-01,8.212588e-03
1.264976e-01,1.397580e-02,3.320391e-02,6.091745e-03,1.340975e-02,1.213110e-02,1.158202e-03,7.508830e-03,5.082424e-02,1.004029e-02,3.759937e-01,4.877363e-02,9.008170e-03,2.848419e-01,6.541145e-03
1.038410e-01,1.432497e-02,2.557442e-02,6.060246e-03,1.159196e-02,1.072364e-02,1.159691e-03,6.101663e-03,1.001454e-01,9.915878e-03,3.444210e-01,5.130801e-02,8.189498e-03,3.011111e-01,5.531469e-03
7.967489e-02,1.468328e-02,1.893144e-02,5.148360e-03,9.336832e-03,1.077260e-02,9.995041e-04,4.616697e-03,1.237433e-01,9.681766e-03,3.526847e-01,5.578434e-02,7.549176e-03,3.017499e-01,4.643193e-03
5.744354e-02,1.941414e-02,1.352598e-02,4.022125e-03,7.434366e-03,1.732913e-02,7.641301e-04,3.389940e-03,1.853052e-01,1.041965e-02,3.377951e-01,4.493504e-02,6.117319e-03,2.881324e-01,3.971981e-03
4.134089e-02,1.697852e-02,9.595444e-03,3.541294e-03,5.871951e-03,2.081956e-02,5.819399e-04,2.660838e-03,2.636974e-01,1.133757e-02,3.231227e-01,3.653327e-02,5.386730e-03,2.554331e-01,3.098809e-03
3.068065e-02,1.627737e-02,8.598819e-03,6.432875e-03,6.346350e-03,2.017928e-02,4.621880e-04,4.714098e-03,2.474650e-01,1.127967e-02,3.421986e-01,2.788230e-02,4.844492e-03,2.700570e-01,2.581390e-03
2.245644e-02,1.472445e-02,6.589882e-03,6.260035e-03,6.228672e-03,4.389880e-02,4.438451e-04,1.030472e-02,2.899870e-01,1.093180e-02,3.060411e-01,2.084658e-02,3.969936e-03,2.554282e-01,1.888635e-03
1.858739e-02,1.884627e-02,6.009063e-03,1.030790e-02,6.465156e-03,8.349154e-02,4.709656e-04,2.228401e-02,3.225767e-01,1.150380e-02,2.542064e-01,1.518937e-02,3.344793e-03,2.250850e-01,1.631678e-03
1.716342e-02,2.768306e-02,4.891741e-03,1.141948e-02,6.050630e-03,1.780474e-01,4.552272e-04,1.940474e-02,3.516952e-01,1.037450e-02,1.904817e-01,1.100091e-02,2.685206e-03,1.668082e-01,1.838518e-03
2.425689e-02,3.496217e-02,1.009127e-02,3.990877e-02,3.346892e-02,1.422857e-01,7.899711e-04,1.155536e-01,3.210838e-01,8.661646e-03,1.366932e-01,7.925097e-03,2.342717e-03,1.195825e-01,2.393876e-03
3.441032e-02,3.904481e-02,3.464733e-02,5.631481e-02,4.162739e-02,1.312358e-01,1.329604e-03,1.112390e-01,3.201737e-01,9.299423e-03,1.149229e-01,6.503731e-03,2.639381e-03,9.223009e-02,4.381658e-03
4.562843e-02,6.169306e-02,6.462806e-02,5.911510e-02,4.879730e-02,1.068057e-01,1.358635e-03,1.220331e-01,2.742910e-01,9.950518e-03,1.105644e-01,7.389501e-03,4.459821e-03,7.230642e-02,1.097888e-02
5.558439e-02,5.539025e-02,1.201618e-01,1.279384e-01,4.580533e-02,8.494367e-02,1.171718e-03,1.113215e-01,2.091213e-01,1.314553e-02,9.458840e-02,9.523842e-03,6.440006e-03,5.216959e-02,1.269431e-02
7.310975e-02,5.701003e-02,1.556763e-01,1.180930e-01,4.829692e-02,6.696040e-02,1.248281e-03,9.198851e-02,1.815841e-01,2.677442e-02,1.074126e-01,1.124008e-02,6.817842e-03,3.894306e-02,1.484460e-02
5.177271e-02,5.146205e-02,1.727138e-01,2.503181e-01,3.644616e-02,4.749013e-02,9.708378e-04,6.506163e-02,1.461731e-01,2.904075e-02,8.042497e-02,9.330052e-03,6.597022e-03,2.744479e-02,2.475384e-02
3.700242e-02,7.934657e-02,1.496653e-01,2.791102e-01,2.782825e-02,3.409389e-02,8.117259e-04,4.606722e-02,1.577921e-01,3.413033e-02,7.012064e-02,8.949926e-03,1.056213e-02,1.956927e-02,4.495012e-02
2.665738e-02,1.008610e-01,1.132681e-01,3.323356e-01,2.043117e-02,2.450745e-02,6.637193e-04,3.259468e-02,1.615543e-01,3.450329e-02,6.294813e-02,7.532318e-03,1.306694e-02,1.395581e-02,5.512007e-02
2.350357e-02,1.213585e-01,9.245063e-02,3.293502e-01,1.753265e-02,1.932523e-02,6.726146e-04,2.347163e-02,2.002697e-01,3.129250e-02,5.818976e-02,6.704431e-03,1.470632e-02,1.064616e-02,5.052606e-02
4.859916e-02,1.520721e-01,7.724382e-02,2.478007e-01,2.502939e-02,1.932602e-02,1.198778e-03,2.049042e-02,2.216091e-01,2.371988e-02,5.460633e-02,8.470824e-03,2.754568e-02,1.087153e-02,6.141625e-02
4.834905e-02,1.713564e-01,5.680025e-02,1.874459e-01,1.794160e-02,1.382159e-02,1.012484e-03,1.530637e-02,2.092683e-01,1.744695e-02,1.121300e-01,7.270055e-02,2.245535e-02,1.009431e-02,4.387088e-02
3.461441e-02,1.609795e-01,4.058732e-02,1.334090e-01,1.258493e-02,1.011651e-02,7.422979e-04,1.073428e-02,1.481077e-01,1.236242e-02,1.277839e-01,2.528704e-01,1.670105e-02,7.294389e-03,3.111191e-02
2.503255e-02,1.188194e-01,2.867662e-02,9.493010e-02,8.895156e-03,7.364683e-03,5.319018e-04,7.531951e-03,1.085153e-01,9.017517e-03,1.454744e-01,4.032769e-01,1.432801e-02,5.485381e-03,2.212015e-02
1.778489e-02,8.569757e-02,2.023068e-02,6.787781e-02,6.300698e-03,5.614785e-03,3.918122e-04,5.299483e-03,7.935065e-02,6.518290e-03,1.238448e-01,5.506672e-01,1.084557e-02,3.945409e-03,1.563030e-02
1.261331e-02,6.024368e-02,1.423859e-02,4.783654e-02,4.469031e-03,6.696309e-03,3.046837e-04,3.739996e-03,5.592535e-02,4.819799e-03,9.633858e-02,6.710462e-01,7.805259e-03,2.807881e-03,1.111478e-02
8.894391e-03,4.223449e-02,1.001232e-02,3.354957e-02,3.418810e-03,7.551055e-03,2.318037e-04,2.662722e-03,4.061872e-02,3.493080e-03,7.348230e-02,7.582630e-01,5.714779e-03,2.048285e-03,7.824691e-03
6.280996e-03,2.961456e-02,7.020621e-03,2.349626e-02,2.861333e-03,5.567229e-03,1.904501e-04,1.882563e-03,3.153944e-02,2.555415e-03,5.789071e-02,8.199664e-01,4.167556e-03,1.473976e-03,5.492463e-03
4.494508e-03,2.077211e-02,4.917569e-03,1.646337e-02,2.282566e-03,4.050626e-03,1.442871e-04,1.338444e-03,2.371495e-02,1.889085e-03,4.219812e-02,8.697873e-01,3.002935e-03,1.083748e-03,3.860378e-03
3.164542e-03,1.456098e-02,3.450656e-03,1.154704e-02,2.692552e-03,2.978966e-03,1.700555e-04,9.545617e-04,2.094364e-02,1.441853e-03,3.425062e-02,8.980645e-01,2.261532e-03,8.071089e-04,2.711397e-03
2.293779e-03,1.023518e-02,2.454873e-03,8.119463e-03,8.065028e-03,9.870404e-03,1.923205e-03,8.021079e-04,2.111297e-02,1.142073e-03,2.931382e-02,9.001415e-01,1.994864e-03,6.179938e-04,1.912756e-03
1.653075e-03,7.223898e-03,1.765186e-03,5.689249e-03,7.606853e-03,7.430391e-03,1.718149e-03,9.290436e-04,2.225543e-02,9.297224e-04,2.175202e-02,9.176444e-01,1.526709e-03,5.302407e-04,1.345591e-03
1.247214e-03,5.168273e-03,1.528846e-03,4.001510e-03,1.790743e-02,1.480615e-02,4.019007e-03,1.641076e-03,2.596353e-02,9.044618e-04,1.622322e-02,9.038783e-01,1.241831e-03,5.161900e-04,9.528935e-04
9.304805e-04,3.657495e-03,1.231987e-03,2.813471e-03,2.435202e-02,2.310620e-01,4.689125e-03,1.871730e-03,2.713026e-02,7.216146e-04,1.174774e-02,6.873069e-01,1.436500e-03,3.716095e-04,6.769641e-04
7.938631e-04,2.625819e-03,1.145993e-03,2.000404e-03,3.655527e-02,3.601270e-01,6.059051e-03,4.181751e-03,4.648703e-02,6.241846e-04,8.768465e-03,5.276167e-01,2.260086e-03,2.739468e-04,4.803319e-04
1.308064e-03,2.073827e-03,1.051965e-03,1.428579e-03,7.662517e-02,3.173188e-01,9.414438e-03,1.306330e-02,6.470830e-02,5.702283e-04,7.511862e-03,4.985390e-01,5.623790e-03,3.544371e-04,4.081771e-04
1.812865e-03,1.547375e-03,1.071217e-03,1.137653e-03,1.273446e-01,2.279788e-01,8.980820e-03,3.530510e-02,1.032670e-01,5.482534e-04,9.432416e-03,4.695854e-01,1.103364e-02,5.478476e-04,4.069795e-04
4.615459e-03,1.240621e-03,9.798976e-04,1.001695e-03,1.602396e-01,1.777393e-01,7.707505e-03,5.325348e-02,9.463580e-02,5.787087e-04,1.871612e-02,4.598951e-01,1.837129e-02,6.586647e-04,3.666889e-04
1.095172e-02,1.208383e-03,9.023971e-04,1.376380e-03,1.387985e-01,1.610606e-01,5.933546e-03,5.312044e-02,7.638426e-02,1.562675e-03,3.030942e-02,4.542261e-01,6.298997e-02,7.033608e-04,4.722078e-04
3.620527e-02,1.804067e-03,9.809737e-04,2.001703e-03,1.447193e-01,1.303331e-01,5.044244e-03,5.552914e-02,6.583819e-02,2.656701e-03,4.162277e-02,4.541268e-01,5.705045e-02,1.401719e-03,6.855094e-04
