1.000000e+00,0.000000e+00,0.000000e+00,0.000000e+00,0.000000e+00,0.000000e+00,0.000000e+00,0.000000e+00,0.000000e+00,0.000000e+00,0.000000e+00,0.000000e+00,0.000000e+00,0.000000e+00,0.000000e+00
1.000000e+00,0.000000e+00,0.000000e+00,0.000000e+00,0.000000e+00,0.000000e+00,0.000000e+00,0.000000e+00,0.000000e+00,0.000000e+00,0.000000e+00,0.000000e+00,0.000000e+00,0.000000e+00,0.000000e+00
1.000000e+00,0.000000e+00,0.000000e+00,0.000000e+00,0.000000e+00,0.000000e+00,0.000000e+00,0.000000e+00,0.000000e+00,0.000000e+00,0.000000e+00,0.000000e+00,0.000000e+00,0.000000e+00,0.000000e+00
1.000000e+00,0.000000e+00,0.000000e+00,0.000000e+00,0.000000e+00,0.000000e+00,0.000000e+00,0.000000e+00,0.000000e+00,0.000000e+00,0.000000e+00,0.000000e+00,0.000000e+00,0.000000e+00,0.000000e+00
1.000000e+00,0.000000e+00,0.000000e+00,0.000000e+00,0.000000e+00,0.000000e+00,0.000000e+00,0.000000e+00,0.000000e+00,0.000000e+00,0.000000e+00,0.000000e+00,0.000000e+00,0.000000e+00,0.000000e+00
1.000000e+00,0.000000e+00,0.000000e+00,0.000000e+00,0.000000e+00,0.000000e+00,0.000000e+00,0.000000e+00,0.000000e+00,0.000000e+00,0.000000e+00,0.000000e+00,0.000000e+00,0.000000e+00,0.000000e+00
1.000000e+00,0.000000e+00,0.000000e+00,0.000000e+00,0.000000e+00,0.000000e+00,0.000000e+00,0.000000e+00,0.000000e+00,0.000000e+00,0.000000e+00,0.000000e+00,0.000000e+00,0.000000e+00,0.000000e+00
1.000000e+00,0.000000e+00,0.000000e+00,0.000000e+00,0.000000e+00,0.000000e+00,0.000000e+00,0.000000e+00,0.000000e+00,0.000000e+00,0.000000e+00,0.000000e+00,0.000000e+00,0.000000e+00,0.000000e+00
1.000000e+00,0.000000e+00,0.000000e+00,0.000000e+00,0.000000e+00,0.000000e+00,0.000000e+00,0.000000e+00,0.000000e+00,0.000000e+00,0.000000e+00,0.000000e+00,0.000000e+00,0.000000e+00,0.000000e+00
1.000000e+00,0.000000e+00,0.000000e+00,0.000000e+00,0.000000e+00,0.000000e+00,0.000000e+00,0.000000e+00,0.000000e+00,0.000000e+00,0.000000e+00,0.000000e+00,0.000000e+00,0.000000e+00,0.000000e+00
1.000000e+00,0.000000e+00,0.000000e+00,0.000000e+00,0.000000e+00,0.000000e+00,0.000000e+00,0.000000e+00,0.000000e+00,0.000000e+00,0.000000e+00,0.000000e+00,0.000000e+00,0.000000e+00,0.000000e+00
1.000000e+00,0.000000e+00,0.000000e+00,0.000000e+00,0.000000e+00,0.000000e+00,0.000000e+00,0.000000e+00,0.000000e+00,0.000000e+00,0.000000e+00,0.000000e+00,0.000000e+00,0.000000e+00,0.000000e+00
1.000000e+00,0.000000e+00,0.000000e+00,0.000000e+00,0.000000e+00,0.000000e+00,0.000000e+00,0.000000e+00,0.000000e+00,0.000000e+00,0.000000e+00,0.000000e+00,0.000000e+00,0.000000e+00,0.000000e+00
1.000000e+00,0.000000e+00,0.000000e+00,0.000000e+00,0.000000e+00,0.000000e+00,0.000000e+00,0.000000e+00,0.000000e+00,0.000000e+00,0.000000e+00,0.000000e+00,0.000000e+00,0.000000e+00,0.000000e+00
1.000000e+00,0.000000e+00,0.000000e+00,0.000000e+00,0.000000e+00,0.000000e+00,0.000000e+00,0.000000e+00,0.000000e+00,0.000000e+00,0.000000e+00,0.000000e+00,0.000000e+00,0.000000e+00,0.000000e+00
1.000000e+00,0.000000e+00,0.000000e+00,0.000000e+00,0.000000e+00,0.000000e+00,0.000000e+00,0.000000e+00,0.000000e+00,0.000000e+00,0.000000e+00,0.000000e+00,0.000000e+00,0.000000e+00,0.000000e+00
1.000000e+00,0.000000e+00,0.000000e+00,0.000000e+00,0.000000e+00,0.000000e+00,0.000000e+00,0.000000e+00,0.000000e+00,0.000000e+00,0.000000e+00,0.000000e+00,0.000000e+00,0.000000e+00,0.000000e+00
1.000000e+00,0.000000e+00,0.000000e+00,0.000000e+00,0.000000e+00,0.000000e+00,0.000000e+00,0.000000e+00,0.000000e+00,0.000000e+00,0.000000e+00,0.000000e+00,0.000000e+00,0.000000e+00,0.000000e+00
1.000000e+00,0.000000e+00,0.000000e+00,0.000000e+00,0.000000e+00,0.000000e+00,0.000000e+00,0.000000e+00,0.000000e+00,0.000000e+00,0.000000e+00,0.000000e+00,0.000000e+00,0.000000e+00,0.000000e+00
1.000000e+00,0.000000e+00,0.000000e+00,0.000000e+00,0.000000e+00,0.000000e+00,0.000000e+00,0.000000e+00,0.000000e+00,0.000000e+00,0.000000e+00,0.000000e+00,0.000000e+00,0.000000e+00,0.000000e+00
1.000000e+00,0.000000e+00,0.000000e+00,0.000000e+00,0.000000e+00,0.000000e+00,0.000000e+00,0.000000e+00,0.000000e+00,0.000000e+00,0.000000e+00,0.000000e+00,0.000000e+00,0.000000e+00,0.000000e+00
1.000000e+00,0.000000e+00,0.000000e+00,0.000000e+00,0.000000e+00,0.000000e+00,0.000000e+00,0.000000e+00,0.000000e+00,0.000000e+00,0.000000e+00,0.000000e+00,0.000000e+00,0.000000e+00,0.000000e+00
1.000000e+00,0.000000e+00,0.000000e+00,0.000000e+00,0.000000e+00,0.000000e+00,0.000000e+00,0.000000e+00,0.000000e+00,0.000000e+00,0.000000e+00,0.000000e+00,0.000000e+00,0.000000e+00,0.000000e+00
1.000000e+00,0.000000e+00,0.000000e+00,0.000000e+00,0.000000e+00,0.000000e+00,0.000000e+00,0.000000e+00,0.000000e+00,0.000000e+00,0.000000e+00,0.000000e+00,0.000000e+00,0.000000e+00,0.000000e+00
1.000000e+00,0.000000e+00,0.000000e+00,0.000000e+00,0.000000e+00,0.000000e+00,0.000000e+00,0.000000e+00,0.000000e+00,0.000000e+00,0.000000e+00,0.000000e+00,0.000000e+00,0.000000e+00,0.000000e+00
1.000000e+00,0.000000e+00,0.000000e+00,0.000000e+00,0.000000e+00,0.000000e+00,0.000000e+00,0.000000e+00,0.000000e+00,0.000000e+00,0.000000e+00,0.000000e+00,0.000000e+00,0.000000e+00,0.000000e+00
1.000000e+00,0.000000e+00,0.000000e+00,0.000000e+00,0.000000e+00,0.000000e+00,0.000000e+00,0.000000e+00,0.000000e+00,0.000000e+00,0.000000e+00,0.000000e+00,0.000000e+00,0.000000e+00,0.000000e+00
1.000000e+00,0.000000e+00,0.000000e+00,0.000000e+00,0.000000e+00,0.000000e+00,0.000000e+00,0.000000e+00,0.000000e+00,0.000000e+00,0.000000e+00,0.000000e+00,0.000000e+00,0.000000e+00,0.000000e+00
1.000000e+00,0.000000e+00,0.000000e+00,0.000000e+00,0.000000e+00,0.000000e+00,0.000000e+00,0.000000e+00,0.000000e+00,0.000000e+00,0.000000e+00,0.000000e+00,0.000000e+00,0.000000e+00,0.000000e+00
1.000000e+00,0.000000e+00,0.000000e+00,0.000000e+00,0.000000e+00,0.000000e+00,0.000000e+00,0.000000e+00,0.000000e+00,0.000000e+00,0.000000e+00,0.000000e+00,0.000000e+00,0.000000e+00,0.000000e+00
1.000000e+00,0.000000e+00,0.000000e+00,0.000000e+00,0.000000e+00,0.000000e+00,0.000000e+00,0.000000e+00,0.000000e+00,0.000000e+00,0.000000e+00,0.000000e+00,0.000000e+00,0.000000e+00,0.000000e+00
1.000000e+00,0.000000e+00,0.000000e+00,0.000000e+00,0.000000e+00,0.000000e+00,0.000000e+00,0.000000e+00,0.000000e+00,0.000000e+00,0.000000e+00,0.000000e+00,0.000000e+00,0.000000e+00,0.000000e+00
1.000000e+00,0.000000e+00,0.000000e+00,0.000000e+00,0.000000e+00,0.000000e+00,0.000000e+00,0.000000e+00,0.000000e+00,0.000000e+00,0.000000e+00,0.000000e+00,0.000000e+00,0.000000e+00,0.000000e+00
1.000000e+00,0.000000e+00,0.000000e+00,0.000000e+00,0.000000e+00,0.000000e+00,0.000000e+00,0.000000e+00,0.000000e+00,0.000000e+00,0.000000e+00,0.000000e+00,0.000000e+00,0.000000e+00,0.000000e+00
1.000000e+00,0.000000e+00,0.000000e+00,0.000000e+00,0.000000e+00,0.000000e+00,0.000000e+00,0.000000e+00,0.000000e+00,0.000000e+00,0.000000e+00,0.000000e+00,0.000000e+00,0.000000e+00,0.000000e+00
1.000000e+00,0.000000e+00,0.000000e+00,0.000000e+00,0.000000e+00,0.000000e+00,0.000000e+00,0.000000e+00,0.000000e+00,0.000000e+00,0.000000e+00,0.000000e+00,0.000000e+00,0.000000e+00,0.000000e+00
1.000000e+00,0.000000e+00,0.000000e+00,0.000000e+00,0.000000e+00,0.000000e+00,0.000000e+00,0.000000e+00,0.000000e+00,0.000000e+00,0.000000e+00,0.000000e+00,0.000000e+00,0.000000e+00,0.000000e+00
1.000000e+00,0.000000e+00,0.000000e+00,0.000000e+00,0.000000e+00,0.000000e+00,0.000000e+00,0.000000e+00,0.000000e+00,0.000000e+00,0.000000e+00,0.000000e+00,0.000000e+00,0.000000e+00,0.000000e+00
1.000000e+00,0.000000e+00,0.000000e+00,0.000000e+00,0.000000e+00,0.000000e+00,0.000000e+00,0.000000e+00,0.000000e+00,0.000000e+00,0.000000e+00,0.000000e+00,0.000000e+00,0.000000e+00,0.000000e+00
1.000000e+00,0.000000e+00,0.000000e+00,0.000000e+00,0.000000e+00,0.000000e+00,0.000000e+00,0.000000e+00,0.000000e+00,0.000000e+00,0.000000e+00,0.000000e+00,0.000000e+00,0.000000e+00,0.000000e+00
1.000000e+00,0.000000e+00,0.000000e+00,0.000000e+00,0.000000e+00,0.000000e+00,0.000000e+00,0.000000e+00,0.000000e+00,0.000000e+00,0.000000e+00,0.000000e+00,0.000000e+00,0.000000e+00,0.000000e+00
1.000000e+00,0.000000e+00,0.000000e+00,0.000000e+00,0.000000e+00,0.000000e+00,0.000000e+00,0.000000e+00,0.000000e+00,0.000000e+00,0.000000e+00,0.000000e+00,0.000000e+00,0.000000e+00,0.000000e+00
1.000000e+00,0.000000e+00,0.000000e+00,0.000000e+00,0.000000e+00,0.000000e+00,0.000000e+00,0.000000e+00,0.000000e+00,0.000000e+00,0.000000e+00,0.000000e+00,0.000000e+00,0.000000e+00,0.000000e+00
1.000000e+00,0.000000e+00,0.000000e+00,0.000000e+00,0.000000e+00,0.000000e+00,0.000000e+00,0.000000e+00,0.000000e+00,0.000000e+00,0.000000e+00,0.000000e+00,0.000000e+00,0.000000e+00,0.000000e+00
1.000000e+00,0.000000e+00,0.000000e+00,0.000000e+00,0.000000e+00,0.000000e+00,0.000000e+00,0.000000e+00,0.000000e+00,0.000000e+00,0.000000e+00,0.000000e+00,0.000000e+00,0.000000e+00,0.000000e+00
1.000000e+00,0.000000e+00,0.000000e+00,0.000000e+00,0.000000e+00,0.000000e+00,0.000000e+00,0.000000e+00,0.000000e+00,0.000000e+00,0.000000e+00,0.000000e+00,0.000000e+00,0.000000e+00,0.000000e+00
1.000000e+00,0.000000e+00,0.000000e+00,0.000000e+00,0.000000e+00,0.000000e+00,0.000000e+00,0.000000e+00,0.000000e+00,0.000000e+00,0.000000e+00,0.000000e+00,0.000000e+00,0.000000e+00,0.000000e+00
1.000000e+00,0.000000e+00,0.000000e+00,0.000000e+00,0.000000e+00,0.000000e+00,0.000000e+00,0.000000e+00,0.000000e+00,0.000000e+00,0.000000e+00,0.000000e+00,0.000000e+00,0.000000e+00,0.000000e+00
1.000000e+00,0.000000e+00,0.000000e+00,0.000000e+00,0.000000e+00,0.000000e+00,0.000000e+00,0.000000e+00,0.000000e+00,0.000000e+00,0.000000e+00,0.000000e+00,0.000000e+00,0.000000e+00,0.000000e+00
1.000000e+00,0.000000e+00,0.000000e+00,0.000000e+00,0.000000e+00,0.000000e+00,0.000000e+00,0.000000e+00,0.000000e+00,0.000000e+00,0.000000e+00,0.000000e+00,0.000000e+00,0.000000e+00,0.000000e+00
1.000000e+00,0.000000e+00,0.000000e+00,0.000000e+00,0.000000e+00,0.000000e+00,0.000000e+00,0.000000e+00,0.000000e+00,0.000000e+00,0.000000e+00,0.000000e+00,0.000000e+00,0.000000e+00,0.000000e+00
1.000000e+00,0.000000e+00,0.000000e+00,0.000000e+00,0.000000e+00,0.000000e+00,0.000000e+00,0.000000e+00,0.000000e+00,0.000000e+00,0.000000e+00,0.000000e+00,0.000000e+00,0.000000e+00,0.000000e+00
1.000000e+00,0.000000e+00,0.000000e+00,0.000000e+00,0.000000e+00,0.000000e+00,0.000000e+00,0.000000e+00,0.000000e+00,0.000000e+00,0.000000e+00,0.000000e+00,0.000000e+00,0.000000e+00,0.000000e+00
1.000000e+00,0.000000e+00,0.000000e+00,0.000000e+00,0.000000e+00,0.000000e+00,0.000000e+00,0.000000e+00,0.000000e+00,0.000000e+00,0.000000e+00,0.000000e+00,0.000000e+00,0.000000e+00,0.000000e+00
1.000000e+00,0.000000e+00,0.000000e+00,0.000000e+00,0.000000e+00,0.000000e+00,0.000000e+00,0.000000e+00,0.000000e+00,0.000000e+00,0.000000e+00,0.000000e+00,0.000000e+00,0.000000e+00,0.000000e+00
4.319794e-01,1.319301e-02,4.629777e-03,4.802134e-02,3.450059e-03,2.155620e-01,5.733517e-03,4.521536e-03,2.838462e-02,1.339069e-03,4.328377e-03,1.592460e-02,1.979626e-01,1.262825e-03,2.370731e-02
3.068127e-01,1.159906e-02,4.357336e-03,8.161072e-02,2.903997e-03,1.772669e-01,4.673466e-03,3.490523e-03,3.886136e-02,1.528401e-03,3.482355e-03,1.255705e-02,3.275823e-01,9.707139e-04,2.230310e-02
2.149227e-01,9.665182e-03,3.901309e-03,6.723261e-02,2.442066e-03,1.378869e-01,3.787074e-03,2.576932e-03,4.798618e-02,1.301601e-03,2.823896e-03,1.319204e-02,4.575576e-01,6.998656e-04,3.402413e-02
1.506133e-01,8.341045e-03,3.072127e-03,5.105240e-02,2.035723e-03,1.068264e-01,3.057098e-03,1.941183e-03,4.558808e-02,1.041418e-03,2.349792e-03,1.094785e-02,5.693482e-01,4.951978e-04,4.329022e-02
1.077216e-01,7.900694e-03,2.664135e-03,3.990433e-02,5.132772e-03,8.143206e-02,2.821939e-03,1.868405e-03,4.137489e-02,9.052936e-04,3.446197e-03,1.317797e-02,5.810736e-01,9.498668e-04,1.096263e-01
8.750717e-02,1.388326e-02,1.055366e-02,5.538265e-02,1.007517e-02,6.874849e-02,4.103071e-03,4.635897e-03,4.789570e-02,2.229088e-03,1.181333e-02,5.027233e-02,5.153727e-01,2.518223e-03,1.150094e-01
7.969896e-02,1.365375e-02,1.079272e-02,4.805864e-02,1.292186e-02,5.460450e-02,5.242895e-03,4.434251e-03,4.476926e-02,2.478044e-03,1.661837e-02,7.040030e-02,5.171125e-01,2.305299e-03,1.169087e-01
1.505764e-01,1.236346e-02,9.651854e-03,3.787954e-02,1.415128e-02,4.734178e-02,5.598402e-03,6.543311e-03,4.921115e-02,2.870836e-03,1.644905e-02,6.236731e-02,4.170738e-01,3.543158e-03,1.643788e-01
1.899122e-01,1.249699e-02,7.695610e-03,2.872317e-02,1.206699e-02,4.321016e-02,4.739572e-03,7.430012e-03,4.788059e-02,3.264786e-03,1.387450e-02,4.786185e-02,3.213688e-01,8.495956e-03,2.509788e-01
1.455935e-01,2.329691e-02,7.616716e-03,3.411594e-02,8.909647e-03,3.613675e-02,3.586931e-03,7.673602e-03,1.491181e-01,3.125441e-03,1.585971e-02,6.605334e-02,3.048089e-01,8.531451e-03,1.855732e-01
1.364109e-01,2.025515e-02,6.176117e-03,2.863992e-02,6.815935e-03,3.748595e-02,2.938380e-03,6.191254e-03,1.434179e-01,3.059022e-03,1.629728e-02,6.078698e-02,2.330614e-01,1.350305e-02,2.849608e-01
1.048211e-01,2.065131e-02,9.481652e-03,6.387188e-02,6.169999e-03,3.444026e-02,2.647753e-03,4.884842e-03,1.479701e-01,2.888519e-03,1.977805e-02,5.687104e-02,1.884607e-01,1.329207e-02,3.237708e-01
8.214922e-02,1.612840e-02,8.260841e-03,5.526020e-02,6.842362e-03,3.197846e-02,3.163967e-03,7.008601e-03,1.446973e-01,3.307429e-03,4.194377e-02,5.409936e-02,2.095058e-01,2.945549e-02,3.061989e-01
6.624056e-02,1.434165e-02,8.096874e-03,4.482359e-02,8.103716e-03,2.416638e-02,3.648327e-03,6.760542e-03,1.674978e-01,3.519247e-03,4.040837e-02,4.466674e-02,1.665134e-01,5.074374e-02,3.504692e-01
1.877011e-01,1.364845e-02,6.957214e-03,4.954259e-02,6.213864e-03,3.012191e-02,3.449113e-03,5.700880e-03,1.311645e-01,4.030172e-03,3.724178e-02,5.384637e-02,1.446109e-01,5.642790e-02,2.693433e-01
1.474520e-01,1.038279e-02,9.931281e-03,4.052985e-02,6.351885e-03,4.594685e-02,4.904650e-03,1.999056e-02,1.114841e-01,4.692365e-03,4.580854e-02,7.328923e-02,1.464019e-01,6.598915e-02,2.668449e-01
1.210802e-01,7.983920e-03,9.301828e-03,3.340359e-02,5.247716e-03,5.356874e-02,4.112183e-03,1.610920e-02,8.392247e-02,5.429123e-03,6.492110e-02,1.347514e-01,1.733596e-01,5.696789e-02,2.298411e-01
1.059778e-01,7.031956e-03,8.987499e-03,2.664863e-02,1.502774e-02,4.508315e-02,5.343566e-03,1.501523e-02,7.999352e-02,6.528719e-03,5.649222e-02,1.171357e-01,2.190266e-01,4.115842e-02,2.505493e-01
9.370949e-02,6.243436e-03,8.140351e-03,2.066944e-02,2.457744e-02,3.986307e-02,5.332268e-03,1.360945e-02,7.365363e-02,7.122022e-03,4.454164e-02,1.179648e-01,2.744561e-01,2.946584e-02,2.406510e-01
9.109008e-02,5.644218e-03,6.358553e-03,1.531529e-02,2.292714e-02,4.114197e-02,5.263505e-03,1.361503e-02,6.262123e-02,6.169032e-03,3.250491e-02,1.441763e-01,3.522707e-01,2.185352e-02,1.790485e-01
9.441957e-02,5.179018e-03,9.249426e-03,1.957384e-02,2.708594e-02,3.748773e-02,6.184580e-03,7.040510e-02,6.081684e-02,5.538823e-03,3.132765e-02,1.211175e-01,3.637222e-01,1.732890e-02,1.305629e-01
1.266031e-01,6.387828e-03,9.099530e-03,2.527841e-02,5.222669e-02,4.193469e-02,1.653045e-02,6.235626e-02,8.096500e-02,5.459399e-03,3.102198e-02,1.074122e-01,3.275003e-01,1.340911e-02,9.381501e-02
1.292137e-01,8.934021e-03,1.382665e-02,8.298298e-02,5.691862e-02,4.683113e-02,1.564502e-02,7.211620e-02,1.113215e-01,6.212318e-03,2.757613e-02,8.362642e-02,2.640330e-01,1.044812e-02,7.031418e-02
1.850958e-01,1.005418e-02,1.141978e-02,9.586166e-02,5.507119e-02,4.448959e-02,1.564760e-02,5.534134e-02,1.214274e-01,5.046995e-03,2.218855e-02,7.600323e-02,2.411241e-01,8.263944e-03,5.296461e-02
2.286281e-01,1.054724e-02,1.167332e-02,1.627813e-01,4.498916e-02,4.761308e-02,1.232976e-02,4.055096e-02,1.207665e-01,5.483549e-03,2.151549e-02,6.284395e-02,1.811765e-01,6.126250e-03,4.297463e-02
1.844991e-01,2.499224e-02,1.087103e-02,1.869018e-01,3.481653e-02,6.321177e-02,8.975218e-03,2.895445e-02,1.483013e-01,7.562162e-03,4.310123e-02,5.518135e-02,1.618667e-01,4.689728e-03,3.607532e-02
1.299214e-01,2.352096e-02,8.132086e-03,1.407194e-01,2.538612e-02,4.512018e-02,6.301707e-03,2.028828e-02,3.767329e-01,5.424998e-03,3.620996e-02,3.883707e-02,1.137177e-01,3.913010e-03,2.577413e-02
9.259120e-02,1.777764e-02,5.846743e-03,1.181818e-01,1.813891e-02,3.171284e-02,4.447008e-03,1.445852e-02,3.833361e-01,4.238888e-03,1.657946e-01,3.452883e-02,8.157207e-02,8.893381e-03,1.848138e-02
6.523557e-02,1.273102e-02,4.183493e-03,1.051927e-01,1.321002e-02,2.224338e-02,3.137775e-03,1.035683e-02,3.525337e-01,3.263529e-03,2.814114e-01,3.802545e-02,5.825266e-02,1.712461e-02,1.309785e-02
4.642459e-02,9.268939e-03,3.816674e-03,1.050854e-01,2.642382e-02,1.633475e-02,2.495315e-03,7.893174e-03,2.629680e-01,2.843168e-03,3.593956e-01,8.804424e-02,4.131636e-02,1.814546e-02,9.544466e-03
3.277400e-02,6.532140e-03,2.803237e-03,8.022606e-02,2.595274e-02,1.173221e-02,1.852297e-03,5.759210e-03,1.853660e-01,2.560645e-03,4.091737e-01,1.851099e-01,2.912029e-02,1.430512e-02,6.732434e-03
2.328699e-02,4.691666e-03,2.182818e-03,6.068720e-02,2.473886e-02,9.093102e-03,1.427261e-03,4.190182e-03,1.302216e-01,1.942556e-03,4.149663e-01,2.850928e-01,2.057877e-02,1.209559e-02,4.804386e-03
1.679745e-02,3.710515e-03,1.868454e-03,4.574755e-02,3.553297e-02,7.353605e-03,1.146091e-03,3.197618e-03,9.172943e-02,1.688240e-03,4.753378e-01,2.851758e-01,1.473156e-02,1.244740e-02,3.535531e-03
1.213903e-02,3.997239e-03,2.445951e-03,3.656811e-02,5.988356e-02,6.567067e-03,8.971032e-04,2.441511e-03,6.586374e-02,2.483631e-03,4.442331e-01,3.376192e-01,1.070335e-02,1.107956e-02,3.077886e-03
8.968749e-03,3.892072e-03,2.988808e-03,3.326190e-02,7.870296e-02,6.178265e-03,9.769062e-04,2.234036e-03,4.869733e-02,3.053072e-03,3.703243e-01,4.147140e-01,8.167722e-03,1.521079e-02,2.629105e-03
8.711065e-03,3.224310e-03,3.379096e-03,2.568114e-02,7.575542e-02,6.324356e-03,1.309342e-03,3.685256e-03,3.867351e-02,3.356447e-03,3.848678e-01,4.157773e-01,6.467119e-03,2.067320e-02,2.114605e-03
7.103342e-03,2.604216e-03,3.352502e-03,1.852567e-02,6.195037e-02,4.842330e-03,1.015371e-03,3.147691e-03,3.305466e-02,3.127314e-03,4.749042e-01,3.543073e-01,4.828776e-03,2.559995e-02,1.636364e-03
8.443177e-03,2.333851e-03,4.277478e-03,1.382915e-02,5.395886e-02,6.525327e-03,8.553665e-04,3.197629e-03,3.094695e-02,5.173174e-03,4.965426e-01,2.964284e-01,4.384235e-03,7.157857e-02,1.525312e-03
7.679046e-03,2.735240e-03,4.450465e-03,1.012117e-02,5.992275e-02,5.235674e-03,6.845142e-04,2.834949e-03,3.121289e-02,7.852145e-03,5.203375e-01,2.518517e-01,4.930320e-03,8.852758e-02,1.624108e-03
6.550184e-03,2.609939e-03,3.376938e-03,7.190278e-03,4.790786e-02,4.358600e-03,5.025180e-04,2.158870e-03,3.000042e-02,6.654125e-03,5.502087e-01,2.166168e-01,4.225868e-03,1.163605e-01,1.278481e-03
5.107797e-03,2.180918e-03,2.724090e-03,5.092065e-03,3.485837e-02,4.589479e-03,3.616068e-04,1.672587e-03,5.105941e-02,5.736067e-03,5.350923e-01,1.986461e-01,3.253273e-03,1.485345e-01,1.091414e-03
3.846966e-03,4.440071e-03,4.434874e-03,3.784866e-03,3.406843e-02,4.443774e-03,2.882669e-04,1.488887e-03,1.076763e-01,1.012211e-02,4.908423e-01,1.894397e-01,2.804725e-03,1.406638e-01,1.654943e-03
4.891622e-03,3.790454e-03,5.826324e-02,7.377578e-03,2.851785e-02,6.913431e-03,5.723517e-04,1.882461e-02,1.824761e-01,1.133820e-02,4.027348e-01,1.370270e-01,2.374925e-03,1.331598e-01,1.738060e-03
5.406149e-03,3.901733e-03,4.382656e-02,6.017022e-03,2.236202e-02,7.256411e-03,4.420465e-04,1.404157e-02,2.688916e-01,9.890645e-03,3.876138e-01,1.020533e-01,1.743425e-03,1.241288e-01,2.424935e-03
6.660166e-03,3.018551e-03,3.086609e-02,4.589962e-03,1.592721e-02,6.097211e-03,3.164223e-04,9.998467e-03,3.082359e-01,8.349159e-03,3.526278e-01,7.336583e-02,1.329079e-03,1.763937e-01,2.224442e-03
5.096275e-03,2.708310e-03,2.240996e-02,3.742378e-03,1.157980e-02,4.487162e-03,2.246846e-04,7.655348e-03,4.916471e-01,6.579556e-03,2.548290e-01,5.150831e-02,1.027744e-03,1.341655e-01,2.338851e-03
3.798772e-03,2.049512e-03,1.580484e-02,2.891649e-03,8.519324e-03,3.370494e-03,1.601592e-04,5.587220e-03,6.262960e-01,5.614950e-03,1.843627e-01,3.613492e-02,7.904163e-04,1.018045e-01,2.814544e-03
3.239106e-03,1.570096e-03,1.164974e-02,2.378394e-03,6.723464e-03,3.020856e-03,1.161178e-04,4.615712e-03,7.156549e-01,4.189116e-03,1.410395e-01,2.547648e-02,7.313325e-04,7.669185e-02,2.903431e-03
3.813840e-03,1.170485e-03,8.488864e-03,3.107871e-03,5.849155e-03,1.789426e-02,1.214793e-04,6.547450e-03,7.091363e-01,3.495625e-03,1.555288e-01,1.856941e-02,1.569183e-03,6.172835e-02,2.978973e-03
6.276797e-03,9.396263e-04,6.525960e-03,4.314748e-03,7.164846e-03,2.944888e-02,2.084439e-04,3.339643e-02,6.918694e-01,3.278877e-03,1.194291e-01,2.268768e-02,5.172900e-03,6.471613e-02,4.570190e-03
9.952065e-03,7.901159e-04,6.242860e-03,5.711277e-03,7.321623e-03,2.296443e-02,2.664968e-04,7.088178e-02,6.422851e-01,2.981138e-03,1.009086e-01,3.772409e-02,1.283541e-02,7.279493e-02,6.340129e-03
1.494075e-02,1.109922e-03,1.062947e-02,1.022425e-02,8.979416e-03,1.828788e-02,3.835396e-04,8.466973e-02,5.925798e-01,4.182094e-03,9.645721e-02,3.582460e-02,1.959072e-02,9.369101e-02,8.449545e-03
2.902149e-02,1.944311e-03,1.341681e-02,1.621661e-02,2.015892e-02,1.663667e-02,6.157929e-04,8.109918e-02,5.387742e-01,5.310400e-03,1.001682e-01,3.056980e-02,1.816842e-02,9.580345e-02,3.209570e-02
3.962235e-02,3.648000e-03,2.196558e-02,2.321207e-02,4.423378e-02,1.457267e-02,9.829062e-04,6.532567e-02,5.250514e-01,5.129056e-03,9.171334e-02,2.328636e-02,1.543249e-02,9.565912e-02,3.016523e-02
4.322903e-02,8.464201e-03,3.944808e-02,4.331975e-02,6.362150e-02,1.608569e-02,1.100676e-03,5.237278e-02,5.173582e-01,4.960549e-03,7.039015e-02,1.660157e-02,1.136158e-02,8.688895e-02,2.479724e-02
5.716448e-02,1.573461e-02,5.096208e-02,9.480567e-02,8.193819e-02,2.641742e-02,1.873031e-03,4.433466e-02,4.428233e-01,5.877948e-03,5.458713e-02,1.208858e-02,8.478408e-03,8.213217e-02,2.078228e-02
6.453084e-02,2.397368e-02,4.811584e-02,1.016364e-01,1.312170e-01,2.329786e-02,2.968387e-03,3.528861e-02,3.988075e-01,6.010351e-03,4.261800e-02,8.685146e-03,6.344399e-03,9.070273e-02,1.580321e-02
6.636816e-02,2.370464e-02,8.704679e-02,2.217112e-01,1.182641e-01,1.947837e-02,3.064250e-03,2.847707e-02,3.029646e-01,4.646962e-03,3.437264e-02,6.214211e-03,4.669334e-03,6.702901e-02,1.198860e-02
7.850773e-02,1.889555e-02,1.147771e-01,2.492834e-01,1.098142e-01,1.577035e-02,2.571887e-03,7.974778e-02,2.288680e-01,3.502189e-03,3.075781e-02,4.697981e-03,3.687684e-03,5.038283e-02,8.735478e-03
6.053006e-02,1.354107e-02,8.712866e-02,1.910146e-01,8.396406e-02,1.126006e-02,2.060181e-03,3.144958e-01,1.634460e-01,2.577822e-03,2.213887e-02,3.324414e-03,2.659291e-03,3.572297e-02,6.136157e-03
4.403769e-02,9.659775e-03,6.539623e-02,1.360310e-01,5.978049e-02,8.079960e-03,1.649852e-03,5.092166e-01,1.148420e-01,1.879587e-03,1.562762e-02,2.340507e-03,1.886745e-03,2.525603e-02,4.315961e-03
3.206549e-02,6.843501e-03,4.768740e-02,9.615795e-02,4.271162e-02,5.985202e-03,1.354240e-03,6.501808e-01,8.069366e-02,1.363023e-03,1.108495e-02,1.656909e-03,1.368768e-03,1.777184e-02,3.074694e-03
2.447235e-02,5.037525e-03,3.842364e-02,6.855340e-02,3.033603e-02,5.170769e-03,1.314339e-03,7.393928e-01,5.731914e-02,1.201273e-03,9.842158e-03,1.799604e-03,1.640059e-03,1.283759e-02,2.659441e-03
2.016920e-02,4.058077e-03,3.834576e-02,4.955915e-02,2.179745e-02,9.389956e-03,1.525755e-03,7.811954e-01,4.103720e-02,1.585063e-03,1.257123e-02,2.364562e-03,3.162498e-03,9.949112e-03,3.289621e-03
2.399054e-02,3.768972e-03,4.504770e-02,3.666523e-02,1.750613e-02,1.079325e-02,1.299726e-03,7.668118e-01,3.380175e-02,5.837294e-03,2.976885e-02,4.208772e-03,5.758629e-03,9.023951e-03,5.717392e-03
2.683710e-02,3.643985e-03,3.583251e-02,2.984653e-02,1.431946e-02,1.421909e-02,1.041521e-03,6.122169e-01,2.754341e-02,9.365939e-02,6.019675e-02,1.462351e-02,3.017809e-02,2.055590e-02,1.528580e-02
3.098678e-02,5.562621e-03,3.891366e-02,9.526886e-02,1.595439e-02,1.456307e-02,9.524272e-04,5.014768e-01,3.201683e-02,7.641537e-02,8.033123e-02,3.083899e-02,3.577795e-02,2.395382e-02,1.698717e-02
2.414392e-02,7.222607e-03,4.762090e-02,1.305441e-01,1.363464e-02,1.206377e-02,8.539020e-04,3.643727e-01,3.946935e-02,7.421413e-02,1.096001e-01,7.534112e-02,5.547591e-02,2.687902e-02,1.856390e-02
1.870662e-02,6.454501e-03,3.796137e-02,1.044115e-01,1.441793e-02,9.221425e-03,7.082798e-04,2.648339e-01,4.511949e-02,1.010838e-01,1.509328e-01,9.668782e-02,9.632353e-02,3.897908e-02,1.415798e-02
2.245643e-02,6.365999e-03,3.407088e-02,9.383582e-02,4.178065e-02,8.466305e-03,2.358463e-03,2.020252e-01,4.298545e-02,8.260039e-02,2.101054e-01,1.032395e-01,7.335734e-02,6.502807e-02,1.132416e-02
2.799898e-02,7.257345e-03,2.867711e-02,8.495779e-02,4.299120e-02,8.588865e-03,2.865528e-03,1.446987e-01,3.710078e-02,7.431307e-02,2.834354e-01,9.726184e-02,5.469060e-02,9.485747e-02,1.030528e-02
2.150013e-02,7.679533e-03,2.130471e-02,6.104820e-02,4.729739e-02,6.343761e-03,2.173011e-03,1.021619e-01,4.071469e-02,5.428351e-02,2.577700e-01,1.586480e-01,4.273402e-02,1.682811e-01,8.059962e-03
1.613832e-02,8.317886e-03,1.695684e-02,4.379228e-02,4.597257e-02,5.244805e-03,1.634784e-03,7.243332e-02,6.838207e-02,4.095016e-02,2.239674e-01,1.438291e-01,3.120103e-02,2.749133e-01,6.266121e-03
1.163456e-02,7.249585e-03,1.392879e-02,3.080867e-02,3.758173e-02,3.865845e-03,1.166841e-03,5.091541e-02,8.612564e-02,3.041778e-02,1.831297e-01,1.206968e-01,2.228195e-02,3.954655e-01,4.731251e-03
1.017490e-02,5.826514e-03,1.162981e-02,2.272092e-02,3.217190e-02,4.693266e-03,8.629489e-04,3.593262e-02,1.353868e-01,2.270856e-02,1.592316e-01,9.015247e-02,1.646015e-02,4.480211e-01,4.026389e-03
7.595212e-03,4.435531e-03,9.273943e-03,1.650712e-02,3.378848e-02,3.758261e-03,6.717910e-04,2.521257e-02,1.543002e-01,1.801546e-02,1.320812e-01,6.500960e-02,1.237161e-02,5.129147e-01,4.064327e-03
6.558717e-03,3.756991e-03,7.511403e-03,1.232475e-02,2.562160e-02,3.231318e-03,5.007585e-04,1.774438e-02,2.069851e-01,1.407429e-02,1.041401e-01,4.778823e-02,9.165321e-03,5.370347e-01,3.562366e-03
4.888052e-03,2.991212e-03,5.849720e-03,8.818527e-03,1.837338e-02,2.676366e-03,3.561582e-04,1.244042e-02,2.200350e-01,1.053195e-02,8.171362e-02,3.527612e-02,6.784684e-03,5.861931e-01,3.071748e-03
4.078238e-03,2.463908e-03,4.773078e-03,6.394566e-03,1.326268e-02,2.323931e-03,2.532073e-04,8.731437e-03,2.028287e-01,7.769165e-03,6.325522e-02,2.534601e-02,4.968556e-03,6.509440e-01,2.607350e-03
3.563545e-03,2.593538e-03,4.072705e-03,4.626201e-03,9.388207e-03,2.929663e-03,1.818150e-04,6.141157e-03,2.047061e-01,6.055259e-03,4.739105e-02,1.783680e-02,3.566306e-03,6.840868e-01,2.860967e-03
3.057473e-03,2.206108e-03,4.552904e-03,3.826265e-03,6.699740e-03,3.900986e-03,1.398791e-04,4.463349e-03,1.804110e-01,5.514417e-03,3.457047e-02,1.260971e-02,2.589402e-03,7.323783e-01,3.080149e-03
2.723044e-03,1.761312e-03,5.184398e-03,9.229663e-03,5.095723e-03,7.256138e-03,1.285879e-04,3.391664e-03,1.853279e-01,6.488845e-03,3.139351e-02,9.491859e-03,6.569492e-03,7.152832e-01,1.067472e-02
3.403142e-03,1.663712e-03,5.705184e-03,1.758125e-02,5.165346e-03,1.015377e-02,2.137140e-04,3.609098e-03,1.556049e-01,3.862845e-02,3.948829e-02,1.251753e-02,2.431754e-02,6.651350e-01,1.681313e-02
3.350362e-03,1.325956e-03,4.659694e-03,2.777782e-02,4.942253e-03,1.695233e-02,3.052441e-04,1.118279e-02,1.247909e-01,3.320638e-02,5.592507e-02,2.111675e-02,4.557870e-02,6.342689e-01,1.461688e-02
3.804341e-03,1.585370e-03,6.975003e-03,2.102840e-02,4.393534e-03,1.240651e-02,2.714652e-04,8.996668e-03,1.046125e-01,9.050201e-02,1.250751e-01,2.290588e-02,6.481338e-02,5.065126e-01,2.611726e-02
7.036375e-03,2.138021e-03,1.426352e-02,1.694274e-02,1.178137e-02,9.459304e-03,3.497011e-04,1.114720e-02,1.359034e-01,1.347942e-01,1.047611e-01,1.741940e-02,6.593241e-02,4.405948e-01,2.747667e-02
9.667255e-03,2.049780e-03,4.292902e-02,1.582762e-02,1.331916e-02,7.126369e-03,3.735897e-04,2.933453e-02,1.381575e-01,1.597731e-01,1.079455e-01,1.455913e-02,8.925174e-02,3.445313e-01,2.515435e-02
2.577685e-02,3.285048e-03,6.857641e-02,3.632520e-02,3.157325e-02,8.837259e-03,8.388720e-04,4.829722e-02,1.368352e-01,1.483510e-01,8.874545e-02,1.480071e-02,9.988211e-02,2.450950e-01,4.278040e-02
3.963682e-02,4.119669e-03,8.627330e-02,3.692161e-02,5.414527e-02,9.547250e-03,1.403542e-03,7.559462e-02,1.437222e-01,1.501293e-01,7.810937e-02,1.388040e-02,8.648132e-02,1.809113e-01,3.912405e-02
3.705179e-02,4.523390e-03,1.063771e-01,2.711629e-02,8.656245e-02,8.674637e-03,1.829400e-03,8.555491e-02,1.306692e-01,1.138756e-01,5.727826e-02,1.929853e-02,1.211986e-01,1.682372e-01,3.175266e-02
3.908108e-02,3.904728e-03,8.527049e-02,2.824292e-02,7.908925e-02,7.800448e-03,1.481268e-03,9.846568e-02,1.726508e-01,8.102437e-02,4.592299e-02,4.610913e-02,1.624669e-01,1.208147e-01,2.767525e-02
3.027229e-02,3.570962e-03,6.645514e-02,2.586018e-02,7.147384e-02,9.357898e-03,1.297833e-03,7.482180e-02,2.952468e-01,5.769001e-02,4.673000e-02,3.613952e-02,1.644760e-01,9.084976e-02,2.575797e-02
3.378803e-02,6.881719e-03,6.148929e-02,2.093877e-02,1.089715e-01,9.872315e-03,1.177104e-03,6.303674e-02,2.718667e-01,4.359641e-02,4.772486e-02,3.349648e-02,1.706781e-01,9.327742e-02,3.320454e-02
4.347178e-02,5.992682e-03,5.017463e-02,1.605490e-02,1.458111e-01,1.246898e-02,1.353043e-03,5.251905e-02,2.123686e-01,4.475296e-02,4.561780e-02,3.069275e-02,2.185151e-01,8.624126e-02,3.396536e-02
7.243559e-02,7.995519e-03,7.155786e-02,1.623164e-02,1.310446e-01,1.225616e-02,2.271562e-03,5.643034e-02,1.666557e-01,3.775943e-02,4.747610e-02,3.374470e-02,2.399117e-01,7.176909e-02,3.246001e-02
6.777652e-02,1.583765e-02,6.196324e-02,2.315150e-02,1.020790e-01,1.088140e-02,3.481192e-03,5.022018e-02,1.850780e-01,3.031146e-02,5.710314e-02,3.967372e-02,2.249538e-01,5.859393e-02,6.889522e-02
4.917061e-02,3.778892e-02,4.586906e-02,2.086495e-02,7.327090e-02,1.047026e-02,2.681730e-03,3.563096e-02,2.098552e-01,2.655752e-02,4.938380e-02,4.479885e-02,2.127359e-01,4.725613e-02,1.336652e-01
3.679983e-02,7.210325e-02,3.697480e-02,2.630530e-02,5.401734e-02,1.117445e-02,2.325411e-03,2.571782e-02,1.947413e-01,2.232771e-02,4.057958e-02,4.187792e-02,2.914709e-01,3.471421e-02,1.088702e-01
2.966625e-02,6.645626e-02,4.900776e-02,2.060126e-02,4.327326e-02,1.431296e-02,1.606108e-02,6.471716e-02,1.891690e-01,1.789178e-02,3.547068e-02,3.543477e-02,3.068092e-01,2.480525e-02,8.632323e-02
2.304932e-02,8.610933e-02,4.075817e-02,1.840496e-02,3.508841e-02,2.143200e-02,1.392076e-02,4.836892e-02,2.165978e-01,1.361055e-02,2.566208e-02,3.116992e-02,3.443393e-01,1.762402e-02,6.386442e-02
1.860820e-02,6.674571e-02,3.283656e-02,1.415562e-02,2.959540e-02,2.575498e-02,1.115155e-02,3.609336e-02,1.683189e-01,9.843717e-03,1.855751e-02,2.446724e-02,4.832975e-01,1.259546e-02,4.797824e-02
1.590909e-02,5.081028e-02,2.720631e-02,1.129045e-02,2.806248e-02,2.663197e-02,9.530103e-03,2.761981e-02,1.294002e-01,7.175567e-03,1.351167e-02,1.926348e-02,5.881969e-01,9.127171e-03,3.626445e-02
2.060042e-02,3.908661e-02,2.312109e-02,1.005157e-02,3.673702e-02,2.482926e-02,1.131696e-02,2.577503e-02,1.032224e-01,5.559977e-03,1.045272e-02,1.753825e-02,6.367149e-01,6.916198e-03,2.807749e-02
2.082521e-02,3.040634e-02,1.999568e-02,9.576662e-03,3.390474e-02,2.032135e-02,1.054027e-02,3.082186e-02,7.919428e-02,4.331077e-03,8.426285e-03,1.471454e-02,6.896154e-01,5.468894e-03,2.185739e-02
1.985184e-02,2.743398e-02,5.325347e-02,1.507538e-02,3.658020e-02,1.881400e-02,8.596146e-03,3.592807e-02,7.527896e-02,6.193929e-03,9.213749e-03,1.231063e-02,6.387851e-01,5.705703e-03,3.697881e-02
1.553509e-02,2.470816e-02,6.473665e-02,1.940756e-01,2.664334e-02,1.380881e-02,6.060166e-03,2.655344e-02,1.089813e-01,9.269031e-03,1.208080e-02,1.145694e-02,4.528320e-01,4.287655e-03,2.897115e-02
1.326992e-02,3.142197e-02,6.034178e-02,2.218108e-01,1.956905e-02,1.298773e-02,4.350881e-03,1.949714e-02,1.370307e-01,1.774675e-02,4.058006e-02,1.895912e-02,3.361158e-01,5.289648e-03,6.102861e-02
1.058208e-02,2.338991e-02,4.852977e-02,1.673411e-01,1.474896e-02,1.050111e-02,3.306276e-03,1.455989e-01,1.179081e-01,1.398708e-02,7.565110e-02,3.360289e-02,2.818605e-01,4.313163e-03,4.867911e-02
8.984174e-03,1.660206e-02,3.640089e-02,1.191426e-01,1.141542e-02,7.788037e-03,2.531651e-03,2.848096e-01,8.540417e-02,1.085861e-02,1.162374e-01,3.011362e-02,2.230522e-01,3.244461e-03,4.341507e-02
7.442489e-03,1.217248e-02,3.258563e-02,9.792025e-02,1.071238e-02,6.589646e-03,2.102545e-03,4.575892e-01,6.128046e-02,8.025227e-03,8.702036e-02,2.167086e-02,1.576967e-01,2.391296e-03,3.480047e-02
6.302473e-03,8.895944e-03,3.164315e-02,1.169620e-01,8.323858e-03,6.779289e-03,1.527720e-03,5.453376e-01,4.446978e-02,6.481250e-03,6.847990e-02,1.573255e-02,1.120026e-01,2.102061e-03,2.495980e-02
7.697347e-03,7.008381e-03,2.603433e-02,1.017323e-01,7.558104e-03,7.282546e-03,1.151226e-03,6.208049e-01,3.363629e-02,5.620545e-03,6.491166e-02,1.233826e-02,8.391213e-02,2.040246e-03,1.827171e-02
1.031053e-02,5.566481e-03,2.287649e-02,7.622888e-02,6.974079e-03,8.032091e-03,1.019736e-03,7.008948e-01,2.516454e-02,4.799265e-03,5.196302e-02,9.402707e-03,6.108368e-02,1.835175e-03,1.384845e-02
1.732692e-02,5.074380e-03,2.461916e-02,5.755969e-02,6.946942e-03,7.458679e-03,1.014199e-03,7.437773e-01,1.985199e-02,5.656980e-03,4.255955e-02,8.300310e-03,4.669243e-02,1.974931e-03,1.118649e-02
3.409823e-02,3.146953e-02,5.104070e-02,4.590849e-02,1.157756e-02,1.121225e-02,2.168230e-03,6.683484e-01,2.926264e-02,1.310951e-02,4.237559e-02,6.789921e-03,3.496026e-02,2.963123e-03,1.471546e-02
4.187860e-02,3.026926e-02,5.796789e-02,3.797412e-02,1.291639e-02,1.042341e-02,2.291223e-03,6.884687e-01,2.386348e-02,1.254414e-02,3.135740e-02,5.225556e-03,2.651894e-02,4.860094e-03,1.344074e-02
4.765940e-02,2.805832e-02,4.930695e-02,2.940756e-02,1.603328e-02,9.995055e-03,2.652804e-03,7.169901e-01,2.354676e-02,9.778517e-03,2.288478e-02,3.924316e-03,2.410970e-02,4.553154e-03,1.109927e-02
5.411744e-02,2.927628e-02,3.716256e-02,2.371960e-02,1.580051e-02,1.428320e-02,2.942254e-03,7.232016e-01,2.814007e-02,9.654449e-03,1.800015e-02,3.518932e-03,2.268190e-02,3.523511e-03,1.397746e-02
5.231817e-02,3.055870e-02,3.074666e-02,7.926752e-02,1.408832e-02,1.355008e-02,2.711938e-03,5.737656e-01,3.735235e-02,2.392927e-02,4.265644e-02,1.519523e-02,4.842170e-02,4.170912e-03,3.126709e-02
6.306585e-02,3.258792e-02,2.723437e-02,1.472787e-01,1.470659e-02,1.212238e-02,2.492066e-03,4.212400e-01,4.310780e-02,2.375708e-02,6.879932e-02,4.960066e-02,6.027134e-02,4.592598e-03,2.914325e-02
1.196928e-01,2.563733e-02,3.003388e-02,1.426492e-01,1.242163e-02,1.103950e-02,2.120669e-03,3.021460e-01,4.507863e-02,1.918840e-02,8.421196e-02,5.191968e-02,1.181857e-01,6.391097e-03,2.928340e-02
1.667251e-01,2.023477e-02,2.820421e-02,1.156641e-01,1.116052e-02,9.672797e-03,1.765366e-03,2.155888e-01,4.249200e-02,1.748842e-02,1.073648e-01,5.640867e-02,1.659921e-01,1.039800e-02,3.084039e-02
2.172242e-01,1.662976e-02,2.171204e-02,9.807082e-02,1.485836e-02,1.219531e-02,1.983071e-03,1.523794e-01,4.966399e-02,1.610806e-02,1.165217e-01,7.140268e-02,1.683037e-01,1.549816e-02,2.744869e-02
1.926875e-01,1.363236e-02,1.731569e-02,7.681555e-02,3.972739e-02,1.254237e-02,4.354962e-03,1.086062e-01,6.699951e-02,2.019062e-02,1.466277e-01,9.412263e-02,1.600027e-01,2.095004e-02,2.542477e-02
1.978696e-01,1.268025e-02,1.382496e-02,9.947076e-02,4.526937e-02,1.608662e-02,4.371682e-03,8.709247e-02,6.566241e-02,1.544766e-02,1.218673e-01,8.265770e-02,1.976098e-01,1.895318e-02,2.113619e-02
1.830801e-01,9.616152e-03,1.043743e-02,7.496294e-02,3.989331e-02,1.806317e-02,4.534386e-03,6.891926e-02,5.480046e-02,1.260493e-02,1.052503e-01,1.554840e-01,2.070648e-01,3.026513e-02,2.502371e-02
1.320756e-01,7.071283e-03,1.132507e-02,5.328550e-02,4.705126e-02,1.475644e-02,1.217899e-02,9.132624e-02,4.560060e-02,1.151645e-02,1.016411e-01,1.349837e-01,2.644452e-01,2.691057e-02,4.583202e-02
1.067797e-01,6.213845e-03,9.175613e-03,4.045185e-02,4.245648e-02,1.307545e-02,1.001429e-02,6.533838e-02,3.738546e-02,8.676772e-03,7.460140e-02,1.820656e-01,3.437322e-01,2.045219e-02,3.958080e-02
7.813951e-02,7.195637e-03,2.114699e-02,3.632051e-02,9.631872e-02,1.317157e-02,2.150564e-02,4.871828e-02,2.895150e-02,7.765626e-03,7.705781e-02,1.715240e-01,3.383698e-01,1.565738e-02,3.815697e-02
9.977946e-02,7.373029e-03,1.792950e-02,3.055302e-02,7.693037e-02,1.353743e-02,1.602365e-02,3.893388e-02,3.008557e-02,6.238861e-03,5.948088e-02,1.747143e-01,3.826695e-01,1.489502e-02,3.085562e-02
9.913044e-02,6.371761e-03,1.422376e-02,2.337669e-02,6.653053e-02,1.204142e-02,1.276797e-02,3.203842e-02,2.613026e-02,6.001062e-03,5.772293e-02,1.835648e-01,4.131185e-01,1.448445e-02,3.249699e-02
8.572478e-02,4.854367e-03,1.790727e-02,1.721299e-02,5.965977e-02,9.839424e-03,1.019263e-02,7.809500e-02,2.052872e-02,4.906825e-03,5.475310e-02,1.398545e-01,4.531255e-01,1.186229e-02,3.148281e-02
1.924978e-01,9.079104e-03,3.913704e-02,1.624752e-02,6.365766e-02,1.136953e-02,8.831723e-03,7.042628e-02,2.213532e-02,4.403673e-03,4.586770e-02,1.040472e-01,3.766620e-01,1.022710e-02,2.541035e-02
1.828337e-01,8.373812e-03,5.549192e-02,1.379221e-02,1.239256e-01,1.076319e-02,2.873841e-02,7.084329e-02,3.162120e-02,3.262781e-03,3.680704e-02,7.701037e-02,3.283651e-01,7.830109e-03,2.034126e-02
1.651140e-01,8.579448e-03,5.835445e-02,1.228888e-02,1.351143e-01,1.050119e-02,3.194375e-02,1.519326e-01,3.342761e-02,2.762797e-03,3.014627e-02,6.899985e-02,2.687440e-01,6.245014e-03,1.584589e-02
1.523062e-01,9.304201e-03,1.342802e-01,2.783761e-02,1.818539e-01,1.137696e-02,4.066173e-02,1.241883e-01,3.025592e-02,2.253285e-03,2.220617e-02,5.059609e-02,1.967834e-01,4.588051e-03,1.150789e-02
1.567445e-01,8.536060e-03,1.415587e-01,4.739270e-02,2.023358e-01,1.190584e-02,3.834402e-02,1.531848e-01,2.649874e-02,2.161783e-03,1.761756e-02,3.712068e-02,1.443231e-01,3.546330e-03,8.729452e-03
2.277499e-01,1.026315e-02,1.286548e-01,5.491714e-02,1.940177e-01,1.627192e-02,3.695656e-02,1.275981e-01,3.267425e-02,3.093944e-03,1.561590e-02,3.155443e-02,1.088128e-01,3.164601e-03,8.654768e-03
2.971205e-01,1.213019e-02,1.190788e-01,5.364366e-02,1.919026e-01,1.542040e-02,3.483599e-02,1.084072e-01,3.136013e-02,2.669947e-03,1.334971e-02,2.448954e-02,8.438560e-02,2.584966e-03,8.620770e-03
2.748622e-01,1.607643e-02,1.115460e-01,4.167844e-02,2.232847e-01,1.431368e-02,3.386185e-02,1.069198e-01,4.236326e-02,2.460439e-03,1.510423e-02,1.935318e-02,8.463635e-02,2.169768e-03,1.136964e-02
2.469468e-01,1.564723e-02,1.048433e-01,3.312090e-02,2.803372e-01,1.536222e-02,2.814988e-02,1.077834e-01,4.964332e-02,2.008334e-03,1.262658e-02,2.027874e-02,7.095181e-02,1.930539e-03,1.036977e-02
2.497444e-01,1.657834e-02,9.599075e-02,2.692568e-02,2.659330e-01,1.360482e-02,2.357103e-02,1.498233e-01,6.096933e-02,1.970299e-03,1.004201e-02,1.633948e-02,5.808495e-02,1.816384e-03,8.606182e-03
1.904363e-01,7.620964e-02,9.662827e-02,1.491660e-01,1.948196e-01,1.086779e-02,1.672303e-02,1.073646e-01,5.139698e-02,3.366896e-03,2.124855e-02,1.813281e-02,4.527683e-02,2.195786e-03,1.616693e-02
1.363649e-01,6.835978e-02,9.757484e-02,2.210349e-01,1.406841e-01,1.577572e-02,1.210517e-02,7.899024e-02,3.931652e-02,5.147241e-03,1.150693e-01,1.434221e-02,3.482066e-02,5.764053e-03,1.465045e-02
9.865509e-02,5.012319e-02,8.551045e-02,2.273658e-01,1.009068e-01,1.173902e-02,8.693775e-03,5.603484e-02,7.196964e-02,5.551735e-03,1.467408e-01,3.274935e-02,7.680033e-02,9.759453e-03,1.739976e-02
6.959842e-02,3.549080e-02,6.304394e-02,1.892661e-01,7.174736e-02,8.862622e-03,6.128461e-03,3.937610e-02,5.428971e-02,1.177604e-02,1.850650e-01,1.148870e-01,1.210122e-01,1.371877e-02,1.573749e-02
4.909194e-02,2.500051e-02,4.565059e-02,1.558766e-01,6.345270e-02,6.952917e-03,4.377624e-03,2.780475e-02,4.194620e-02,3.079921e-02,2.448713e-01,1.306640e-01,1.314111e-01,1.781715e-02,2.428352e-02
3.504865e-02,1.756184e-02,3.294346e-02,1.151500e-01,4.736469e-02,5.919416e-03,3.181441e-03,1.958278e-02,3.082964e-02,4.916545e-02,2.474655e-01,1.824977e-01,1.372229e-01,1.844672e-02,5.761977e-02
2.462261e-02,1.249620e-02,2.455330e-02,8.786128e-02,3.579465e-02,5.387268e-03,2.395200e-03,1.384484e-02,2.863566e-02,5.362032e-02,2.494167e-01,2.239316e-01,1.600069e-01,1.702466e-02,6.040879e-02
