1.000000e+00,0.000000e+00,0.000000e+00,0.000000e+00,0.000000e+00,0.000000e+00,0.000000e+00,0.000000e+00,0.000000e+00,0.000000e+00,0.000000e+00,0.000000e+00,0.000000e+00,0.000000e+00,0.000000e+00
1.000000e+00,0.000000e+00,0.000000e+00,0.000000e+00,0.000000e+00,0.000000e+00,0.000000e+00,0.000000e+00,0.000000e+00,0.000000e+00,0.000000e+00,0.000000e+00,0.000000e+00,0.000000e+00,0.000000e+00
1.000000e+00,0.000000e+00,0.000000e+00,0.000000e+00,0.000000e+00,0.000000e+00,0.000000e+00,0.000000e+00,0.000000e+00,0.000000e+00,0.000000e+00,0.000000e+00,0.000000e+00,0.000000e+00,0.000000e+00
1.000000e+00,0.000000e+00,0.000000e+00,0.000000e+00,0.000000e+00,0.000000e+00,0.000000e+00,0.000000e+00,0.000000e+00,0.000000e+00,0.000000e+00,0.000000e+00,0.000000e+00,0.000000e+00,0.000000e+00
1.000000e+00,0.000000e+00,0.000000e+00,0.000000e+00,0.000000e+00,0.000000e+00,0.000000e+00,0.000000e+00,0.000000e+00,0.000000e+00,0.000000e+00,0.000000e+00,0.000000e+00,0.000000e+00,0.000000e+00
1.000000e+00,0.000000e+00,0.000000e+00,0.000000e+00,0.000000e+00,0.000000e+00,0.000000e+00,0.000000e+00,0.000000e+00,0.000000e+00,0.000000e+00,0.000000e+00,0.000000e+00,0.000000e+00,0.000000e+00
1.000000e+00,0.000000e+00,0.000000e+00,0.000000e+00,0.000000e+00,0.000000e+00,0.000000e+00,0.000000e+00,0.000000e+00,0.000000e+00,0.000000e+00,0.000000e+00,0.000000e+00,0.000000e+00,0.000000e+00
1.000000e+00,0.000000e+00,0.000000e+00,0.000000e+00,0.000000e+00,0.000000e+00,0.000000e+00,0.000000e+00,0.000000e+00,0.000000e+00,0.000000e+00,0.000000e+00,0.000000e+00,0.000000e+00,0.000000e+00
1.000000e+00,0.000000e+00,0.000000e+00,0.000000e+00,0.000000e+00,0.000000e+00,0.000000e+00,0.000000e+00,0.000000e+00,0.000000e+00,0.000000e+00,0.000000e+00,0.000000e+00,0.000000e+00,0.000000e+00
1.000000e+00,0.000000e+00,0.000000e+00,0.000000e+00,0.000000e+00,0.000000e+00,0.000000e+00,0.000000e+00,0.000000e+00,0.000000e+00,0.000000e+00,0.000000e+00,0.000000e+00,0.000000e+00,0.000000e+00
1.000000e+00,0.000000e+00,0.000000e+00,0.000000e+00,0.000000e+00,0.000000e+00,0.000000e+00,0.000000e+00,0.000000e+00,0.000000e+00,0.000000e+00,0.000000e+00,0.000000e+00,0.000000e+00,0.000000e+00
1.000000e+00,0.000000e+00,0.000000e+00,0.000000e+00,0.000000e+00,0.000000e+00,0.000000e+00,0.000000e+00,0.000000e+00,0.000000e+00,0.000000e+00,0.000000e+00,0.000000e+00,0.000000e+00,0.000000e+00
1.000000e+00,0.000000e+00,0.000000e+00,0.000000e+00,0.000000e+00,0.000000e+00,0.000000e+00,0.000000e+00,0.000000e+00,0.000000e+00,0.000000e+00,0.000000e+00,0.000000e+00,0.000000e+00,0.000000e+00
1.000000e+00,0.000000e+00,0.000000e+00,0.000000e+00,0.000000e+00,0.000000e+00,0.000000e+00,0.000000e+00,0.000000e+00,0.000000e+00,0.000000e+00,0.000000e+00,0.000000e+00,0.000000e+00,0.000000e+00
1.000000e+00,0.000000e+00,0.000000e+00,0.000000e+00,0.000000e+00,0.000000e+00,0.000000e+00,0.000000e+00,0.000000e+00,0.000000e+00,0.000000e+00,0.000000e+00,0.000000e+00,0.000000e+00,0.000000e+00
1.000000e+00,0.000000e+00,0.000000e+00,0.000000e+00,0.000000e+00,0.000000e+00,0.000000e+00,0.000000e+00,0.000000e+00,0.000000e+00,0.000000e+00,0.000000e+00,0.000000e+00,0.000000e+00,0.000000e+00
1.000000e+00,0.000000e+00,0.000000e+00,0.000000e+00,0.000000e+00,0.000000e+00,0.000000e+00,0.000000e+00,0.000000e+00,0.000000e+00,0.000000e+00,0.000000e+00,0.000000e+00,0.000000e+00,0.000000e+00
1.000000e+00,0.000000e+00,0.000000e+00,0.000000e+00,0.000000e+00,0.000000e+00,0.000000e+00,0.000000e+00,0.000000e+00,0.000000e+00,0.000000e+00,0.000000e+00,0.000000e+00,0.000000e+00,0.000000e+00
1.000000e+00,0.000000e+00,0.000000e+00,0.000000e+00,0.000000e+00,0.000000e+00,0.000000e+00,0.000000e+00,0.000000e+00,0.000000e+00,0.000000e+00,0.000000e+00,0.000000e+00,0.000000e+00,0.000000e+00
1.000000e+00,0.000000e+00,0.000000e+00,0.000000e+00,0.000000e+00,0.000000e+00,0.000000e+00,0.000000e+00,0.000000e+00,0.000000e+00,0.000000e+00,0.000000e+00,0.000000e+00,0.000000e+00,0.000000e+00
1.000000e+00,0.000000e+00,0.000000e+00,0.000000e+00,0.000000e+00,0.000000e+00,0.000000e+00,0.000000e+00,0.000000e+00,0.000000e+00,0.000000e+00,0.000000e+00,0.000000e+00,0.000000e+00,0.000000e+00
1.000000e+00,0.000000e+00,0.000000e+00,0.000000e+00,0.000000e+00,0.000000e+00,0.000000e+00,0.000000e+00,0.000000e+00,0.000000e+00,0.000000e+00,0.000000e+00,0.000000e+00,0.000000e+00,0.000000e+00
1.000000e+00,0.000000e+00,0.000000e+00,0.000000e+00,0.000000e+00,0.000000e+00,0.000000e+00,0.000000e+00,0.000000e+00,0.000000e+00,0.000000e+00,0.000000e+00,0.000000e+00,0.000000e+00,0.000000e+00
1.000000e+00,0.000000e+00,0.000000e+00,0.000000e+00,0.000000e+00,0.000000e+00,0.000000e+00,0.000000e+00,0.000000e+00,0.000000e+00,0.000000e+00,0.000000e+00,0.000000e+00,0.000000e+00,0.000000e+00
1.000000e+00,0.000000e+00,0.000000e+00,0.000000e+00,0.000000e+00,0.000000e+00,0.000000e+00,0.000000e+00,0.000000e+00,0.000000e+00,0.000000e+00,0.000000e+00,0.000000e+00,0.000000e+00,0.000000e+00
1.000000e+00,0.000000e+00,0.000000e+00,0.000000e+00,0.000000e+00,0.000000e+00,0.000000e+00,0.000000e+00,0.000000e+00,0.000000e+00,0.000000e+00,0.000000e+00,0.000000e+00,0.000000e+00,0.000000e+00
1.000000e+00,0.000000e+00,0.000000e+00,0.000000e+00,0.000000e+00,0.000000e+00,0.000000e+00,0.000000e+00,0.000000e+00,0.000000e+00,0.000000e+00,0.000000e+00,0.000000e+00,0.000000e+00,0.000000e+00
1.000000e+00,0.000000e+00,0.000000e+00,0.000000e+00,0.000000e+00,0.000000e+00,0.000000e+00,0.000000e+00,0.000000e+00,0.000000e+00,0.000000e+00,0.000000e+00,0.000000e+00,0.000000e+00,0.000000e+00
1.000000e+00,0.000000e+00,0.000000e+00,0.000000e+00,0.000000e+00,0.000000e+00,0.000000e+00,0.000000e+00,0.000000e+00,0.000000e+00,0.000000e+00,0.000000e+00,0.000000e+00,0.000000e+00,0.000000e+00
1.000000e+00,0.000000e+00,0.000000e+00,0.000000e+00,0.000000e+00,0.000000e+00,0.000000e+00,0.000000e+00,0.000000e+00,0.000000e+00,0.000000e+00,0.000000e+00,0.000000e+00,0.000000e+00,0.000000e+00
1.000000e+00,0.000000e+00,0.000000e+00,0.000000e+00,0.000000e+00,0.000000e+00,0.000000e+00,0.000000e+00,0.000000e+00,0.000000e+00,0.000000e+00,0.000000e+00,0.000000e+00,0.000000e+00,0.000000e+00
1.000000e+00,0.000000e+00,0.000000e+00,0.000000e+00,0.000000e+00,0.000000e+00,0.000000e+00,0.000000e+00,0.000000e+00,0.000000e+00,0.000000e+00,0.000000e+00,0.000000e+00,0.000000e+00,0.000000e+00
1.000000e+00,0.000000e+00,0.000000e+00,0.000000e+00,0.000000e+00,0.000000e+00,0.000000e+00,0.000000e+00,0.000000e+00,0.000000e+00,0.000000e+00,0.000000e+00,0.000000e+00,0.000000e+00,0.000000e+00
1.000000e+00,0.000000e+00,0.000000e+00,0.000000e+00,0.000000e+00,0.000000e+00,0.000000e+00,0.000000e+00,0.000000e+00,0.000000e+00,0.000000e+00,0.000000e+00,0.000000e+00,0.000000e+00,0.000000e+00
1.000000e+00,0.000000e+00,0.000000e+00,0.000000e+00,0.000000e+00,0.000000e+00,0.000000e+00,0.000000e+00,0.000000e+00,0.000000e+00,0.000000e+00,0.000000e+00,0.000000e+00,0.000000e+00,0.000000e+00
1.000000e+00,0.000000e+00,0.000000e+00,0.000000e+00,0.000000e+00,0.000000e+00,0.000000e+00,0.000000e+00,0.000000e+00,0.000000e+00,0.000000e+00,0.000000e+00,0.000000e+00,0.000000e+00,0.000000e+00
1.000000e+00,0.000000e+00,0.000000e+00,0.000000e+00,0.000000e+00,0.000000e+00,0.000000e+00,0.000000e+00,0.000000e+00,0.000000e+00,0.000000e+00,0.000000e+00,0.000000e+00,0.000000e+00,0.000000e+00
1.000000e+00,0.000000e+00,0.000000e+00,0.000000e+00,0.000000e+00,0.000000e+00,0.000000e+00,0.000000e+00,0.000000e+00,0.000000e+00,0.000000e+00,0.000000e+00,0.000000e+00,0.000000e+00,0.000000e+00
1.000000e+00,0.000000e+00,0.000000e+00,0.000000e+00,0.000000e+00,0.000000e+00,0.000000e+00,0.000000e+00,0.000000e+00,0.000000e+00,0.000000e+00,0.000000e+00,0.000000e+00,0.000000e+00,0.000000e+00
1.000000e+00,0.000000e+00,0.000000e+00,0.000000e+00,0.000000e+00,0.000000e+00,0.000000e+00,0.000000e+00,0.000000e+00,0.000000e+00,0.000000e+00,0.000000e+00,0.000000e+00,0.000000e+00,0.000000e+00
1.000000e+00,0.000000e+00,0.000000e+00,0.000000e+00,0.000000e+00,0.000000e+00,0.000000e+00,0.000000e+00,0.000000e+00,0.000000e+00,0.000000e+00,0.000000e+00,0.000000e+00,0.000000e+00,0.000000e+00
1.000000e+00,0.000000e+00,0.000000e+00,0.000000e+00,0.000000e+00,0.000000e+00,0.000000e+00,0.000000e+00,0.000000e+00,0.000000e+00,0.000000e+00,0.000000e+00,0.000000e+00,0.000000e+00,0.000000e+00
1.000000e+00,0.000000e+00,0.000000e+00,0.000000e+00,0.000000e+00,0.000000e+00,0.000000e+00,0.000000e+00,0.000000e+00,0.000000e+00,0.000000e+00,0.000000e+00,0.000000e+00,0.000000e+00,0.000000e+00
1.000000e+00,0.000000e+00,0.000000e+00,0.000000e+00,0.000000e+00,0.000000e+00,0.000000e+00,0.000000e+00,0.000000e+00,0.000000e+00,0.000000e+00,0.000000e+00,0.000000e+00,0.000000e+00,0.000000e+00
1.000000e+00,0.000000e+00,0.000000e+00,0.000000e+00,0.000000e+00,0.000000e+00,0.000000e+00,0.000000e+00,0.000000e+00,0.000000e+00,0.000000e+00,0.000000e+00,0.000000e+00,0.000000e+00,0.000000e+00
1.000000e+00,0.000000e+00,0.000000e+00,0.000000e+00,0.000000e+00,0.000000e+00,0.000000e+00,0.000000e+00,0.000000e+00,0.000000e+00,0.000000e+00,0.000000e+00,0.000000e+00,0.000000e+00,0.000000e+00
1.000000e+00,0.000000e+00,0.000000e+00,0.000000e+00,0.000000e+00,0.000000e+00,0.000000e+00,0.000000e+00,0.000000e+00,0.000000e+00,0.000000e+00,0.000000e+00,0.000000e+00,0.000000e+00,0.000000e+00
1.000000e+00,0.000000e+00,0.000000e+00,0.000000e+00,0.000000e+00,0.000000e+00,0.000000e+00,0.000000e+00,0.000000e+00,0.000000e+00,0.000000e+00,0.000000e+00,0.000000e+00,0.000000e+00,0.000000e+00
1.000000e+00,0.000000e+00,0.000000e+00,0.000000e+00,0.000000e+00,0.000000e+00,0.000000e+00,0.000000e+00,0.000000e+00,0.000000e+00,0.000000e+00,0.000000e+00,0.000000e+00,0.000000e+00,0.000000e+00
4.550431e-01,4.275955e-02,4.404734e-02,2.233223e-01,1.769318e-02,1.842500e-02,5.752619e-03,4.129504e-02,2.247027e-02,2.456550e-03,2.931839e-02,4.953987e-02,1.417731e-02,6.155417e-03,2.754409e-02
4.680251e-01,4.872909e-02,3.610277e-02,2.038149e-01,1.994297e-02,1.860851e-02,5.878399e-03,3.429504e-02,2.294171e-02,2.896745e-03,3.152610e-02,5.098613e-02,1.763953e-02,7.839376e-03,3.077355e-02
3.659081e-01,4.830931e-02,6.409244e-02,2.888958e-01,2.137338e-02,1.565116e-02,5.258149e-03,4.040924e-02,2.140909e-02,2.398196e-03,2.925973e-02,4.823720e-02,1.559522e-02,7.313251e-03,2.588968e-02
2.880524e-01,4.435710e-02,1.301117e-01,3.143987e-01,2.501849e-02,1.387457e-02,5.258671e-03,4.032846e-02,1.877152e-02,2.187793e-03,3.141081e-02,4.318213e-02,1.437424e-02,6.644019e-03,2.202928e-02
3.735169e-01,4.193457e-02,9.994648e-02,2.590233e-01,2.478721e-02,1.501023e-02,5.389103e-03,3.227141e-02,1.864262e-02,2.353113e-03,3.480222e-02,4.160628e-02,1.890494e-02,7.170305e-03,2.464128e-02
3.533049e-01,5.138708e-02,9.602603e-02,2.793080e-01,2.432654e-02,1.523922e-02,5.788087e-03,2.876627e-02,1.806630e-02,2.172587e-03,3.380458e-02,4.035103e-02,1.840582e-02,6.572605e-03,2.648089e-02
4.322833e-01,4.545711e-02,7.646029e-02,2.251380e-01,2.413825e-02,1.698716e-02,6.247357e-03,2.498280e-02,1.600431e-02,2.261634e-03,3.240758e-02,4.254952e-02,2.212686e-02,6.316124e-03,2.663970e-02
4.469037e-01,4.358342e-02,7.489222e-02,1.970640e-01,2.270526e-02,1.946893e-02,6.718820e-03,2.242349e-02,1.541388e-02,2.816265e-03,3.628822e-02,4.969855e-02,2.450395e-02,6.363119e-03,3.115619e-02
1.000000e+00,0.000000e+00,0.000000e+00,0.000000e+00,0.000000e+00,0.000000e+00,0.000000e+00,0.000000e+00,0.000000e+00,0.000000e+00,0.000000e+00,0.000000e+00,0.000000e+00,0.000000e+00,0.000000e+00
1.000000e+00,0.000000e+00,0.000000e+00,0.000000e+00,0.000000e+00,0.000000e+00,0.000000e+00,0.000000e+00,0.000000e+00,0.000000e+00,0.000000e+00,0.000000e+00,0.000000e+00,0.000000e+00,0.000000e+00
1.000000e+00,0.000000e+00,0.000000e+00,0.000000e+00,0.000000e+00,0.000000e+00,0.000000e+00,0.000000e+00,0.000000e+00,0.000000e+00,0.000000e+00,0.000000e+00,0.000000e+00,0.000000e+00,0.000000e+00
1.000000e+00,0.000000e+00,0.000000e+00,0.000000e+00,0.000000e+00,0.000000e+00,0.000000e+00,0.000000e+00,0.000000e+00,0.000000e+00,0.000000e+00,0.000000e+00,0.000000e+00,0.000000e+00,0.000000e+00
3.731643e-01,2.057237e-02,2.283029e-02,2.217042e-01,2.195346e-02,2.719277e-02,9.456749e-03,3.635409e-02,1.218518e-02,5.415319e-03,1.153663e-01,4.338703e-02,7.196895e-02,5.166676e-03,1.328224e-02
2.618280e-01,1.601732e-02,1.672858e-02,2.628653e-01,2.749216e-02,2.516908e-02,1.263746e-02,2.666279e-02,1.089064e-02,5.491052e-03,1.453159e-01,1.143189e-01,5.387130e-02,1.089986e-02,9.811563e-03
1.836588e-01,1.177254e-02,1.228326e-02,2.430471e-01,2.927209e-02,2.159025e-02,1.002926e-02,2.134625e-02,8.958499e-03,5.354726e-03,2.005652e-01,1.874048e-01,4.089371e-02,1.675068e-02,7.072794e-03
1.287535e-01,8.340855e-03,8.889028e-03,1.848777e-01,2.427970e-02,1.557056e-02,7.080411e-03,1.538257e-02,6.712286e-03,5.645167e-03,2.536819e-01,2.852557e-01,3.003436e-02,2.039062e-02,5.105565e-03
9.017500e-02,5.844662e-03,6.243527e-03,1.302753e-01,2.285571e-02,1.112005e-02,4.966740e-03,1.080177e-02,5.602856e-03,5.070124e-03,2.943276e-01,3.690678e-01,2.258863e-02,1.703225e-02,4.027943e-03
6.317704e-02,4.149735e-03,4.441498e-03,9.205756e-02,1.982970e-02,8.001336e-03,3.487552e-03,7.585765e-03,4.678729e-03,7.351469e-03,2.506056e-01,4.934614e-01,1.774932e-02,2.049590e-02,2.927380e-03
4.469011e-02,3.047508e-03,3.224849e-03,6.615628e-02,2.223822e-02,9.605760e-03,2.513728e-03,5.439794e-03,4.076632e-03,8.332788e-03,2.062645e-01,5.874332e-01,1.367981e-02,2.104743e-02,2.249414e-03
3.143974e-02,2.248443e-03,2.395385e-03,4.653363e-02,2.261662e-02,7.968292e-03,1.792264e-03,3.888065e-03,3.832584e-03,1.398697e-02,1.695900e-01,6.566199e-01,1.115972e-02,2.420726e-02,1.721183e-03
2.219926e-02,1.778491e-03,1.812125e-03,3.286545e-02,2.513923e-02,6.022642e-03,1.271498e-03,2.798519e-03,4.157878e-03,2.896556e-02,1.601299e-01,6.730964e-01,1.072060e-02,2.770976e-02,1.332611e-03
1.573430e-02,1.269026e-03,1.304470e-03,2.321053e-02,2.848583e-02,4.541551e-03,8.936599e-04,1.984128e-03,3.417402e-03,2.310238e-02,1.302957e-01,7.336988e-01,1.037785e-02,2.071250e-02,9.718720e-04
1.133136e-02,9.384847e-04,9.531310e-04,1.664103e-02,3.028078e-02,3.953666e-03,6.406035e-04,1.434217e-03,2.847236e-03,1.690567e-02,1.045396e-01,7.849303e-01,8.819289e-03,1.506297e-02,7.216618e-04
8.438904e-03,8.169880e-04,7.457621e-04,1.213686e-02,3.340198e-02,5.210998e-03,5.199047e-04,1.370273e-03,4.148832e-03,1.227848e-02,8.454897e-02,8.170426e-01,7.752341e-03,1.100594e-02,5.811283e-04
6.909983e-03,1.136979e-03,8.386935e-04,8.978808e-03,3.926004e-02,9.213703e-03,4.865443e-04,2.107448e-03,8.455414e-03,9.228283e-03,7.532439e-02,8.225244e-01,6.903666e-03,8.058028e-03,5.736134e-04
5.811084e-03,1.220754e-03,6.754219e-04,6.551472e-03,3.341265e-02,8.093255e-03,4.221137e-04,2.162919e-03,2.228660e-02,7.163769e-03,6.492133e-02,8.330290e-01,7.607277e-03,6.157324e-03,4.850474e-04
7.851609e-03,1.616714e-03,5.624379e-04,4.796398e-03,2.759156e-02,7.105150e-03,1.195340e-03,2.849566e-03,1.196772e-01,6.534642e-03,6.785320e-02,7.367861e-01,7.929228e-03,7.097308e-03,5.535673e-04
7.267389e-03,3.872030e-03,1.287796e-03,3.872462e-03,2.661766e-02,1.151897e-02,2.495638e-03,2.720971e-03,1.195374e-01,5.530073e-03,1.338602e-01,6.637402e-01,8.606752e-03,7.035885e-03,2.036508e-03
8.526878e-03,3.326582e-03,3.932385e-03,7.335678e-03,8.358456e-02,1.827333e-02,1.220005e-02,9.573083e-03,1.206941e-01,8.707550e-03,1.339244e-01,5.730863e-01,8.319804e-03,5.848596e-03,2.666669e-03
2.101106e-02,4.660846e-03,5.354716e-03,7.188378e-03,7.309026e-02,2.892821e-02,1.082373e-02,1.697605e-02,1.201512e-01,1.116323e-02,1.498230e-01,5.299144e-01,1.181887e-02,5.927941e-03,3.168237e-03
1.700580e-02,1.744052e-02,7.770767e-03,5.850002e-03,5.819653e-02,2.336238e-02,7.645370e-03,1.270591e-02,1.119950e-01,1.077994e-02,2.403230e-01,4.516917e-01,1.168464e-02,1.424051e-02,9.307922e-03
1.300544e-02,1.271587e-02,7.902300e-03,4.797203e-03,5.006788e-02,1.760993e-02,5.934225e-03,5.561967e-02,1.123767e-01,9.483876e-03,2.046418e-01,4.536918e-01,3.317560e-02,1.212195e-02,6.855818e-03
1.744619e-02,1.092835e-02,1.219142e-02,6.188136e-03,4.654630e-02,2.443043e-02,9.252492e-03,9.488513e-02,1.352485e-01,9.784877e-03,1.877286e-01,3.834993e-01,4.430112e-02,1.164841e-02,5.920802e-03
1.538739e-02,8.871105e-03,8.915428e-03,4.640806e-03,4.738545e-02,1.880999e-02,7.073379e-03,6.709915e-02,3.615082e-01,7.063798e-03,1.346566e-01,2.739857e-01,3.195316e-02,8.367943e-03,4.281915e-03
1.538428e-02,8.951603e-03,9.274923e-03,5.246499e-03,7.262711e-02,1.617252e-02,6.370318e-03,5.415794e-02,4.771693e-01,5.756803e-03,9.776793e-02,1.972916e-01,2.439624e-02,6.077421e-03,3.355528e-03
1.367319e-02,1.315479e-02,1.454150e-02,4.072246e-02,1.154567e-01,2.884156e-02,5.164709e-03,4.220026e-02,4.836385e-01,5.154167e-03,6.980347e-02,1.392711e-01,1.866594e-02,4.553090e-03,5.158534e-03
2.296504e-02,1.216630e-02,3.512648e-02,6.943392e-02,1.735399e-01,3.957963e-02,6.117548e-03,3.930401e-02,4.224516e-01,4.796520e-03,5.033604e-02,9.974489e-02,1.550315e-02,3.318172e-03,5.616708e-03
2.646874e-02,1.676020e-02,4.686607e-02,1.004480e-01,1.847336e-01,7.928132e-02,4.983174e-03,2.952245e-02,3.610329e-01,6.160121e-03,4.071444e-02,7.623813e-02,1.392233e-02,2.717846e-03,1.015058e-02
3.308344e-02,2.657487e-02,9.911747e-02,1.094059e-01,1.990147e-01,6.464722e-02,4.557630e-03,2.271770e-02,2.986921e-01,7.984432e-03,3.888978e-02,5.844405e-02,1.437141e-02,2.591803e-03,1.990740e-02
4.772311e-02,6.524669e-02,1.232848e-01,1.051580e-01,1.872319e-01,5.138429e-02,4.568435e-03,1.834155e-02,2.568039e-01,9.724109e-03,3.840911e-02,4.410265e-02,1.399728e-02,3.198271e-03,3.082595e-02
5.916613e-02,6.718341e-02,1.063847e-01,9.520976e-02,2.734756e-01,4.541230e-02,6.729350e-03,2.153191e-02,2.149599e-01,9.067031e-03,2.915924e-02,3.211301e-02,1.119289e-02,3.308898e-03,2.510591e-02
5.879373e-02,5.258044e-02,9.643924e-02,8.409411e-02,2.637417e-01,3.706383e-02,5.683542e-03,1.356857e-01,1.817591e-01,7.715642e-03,2.295793e-02,2.331822e-02,8.866012e-03,2.760623e-03,1.854020e-02
6.113745e-02,3.929355e-02,9.801939e-02,6.401986e-02,2.204307e-01,3.626262e-02,5.900305e-03,2.745278e-01,1.366927e-01,6.400994e-03,1.826423e-02,1.681456e-02,6.804532e-03,2.095724e-03,1.333549e-02
5.202743e-02,3.185087e-02,8.803087e-02,5.638188e-02,1.645983e-01,3.403049e-02,6.440937e-03,3.885142e-01,1.044285e-01,2.270281e-02,1.646839e-02,1.232704e-02,7.377612e-03,1.656708e-03,1.316403e-02
4.093346e-02,2.803851e-02,9.722275e-02,5.067778e-02,1.185455e-01,3.064526e-02,7.732538e-03,3.781058e-01,9.104398e-02,6.083920e-02,3.740551e-02,1.176671e-02,1.245403e-02,3.273326e-03,3.131574e-02
3.828905e-02,2.192116e-02,7.740992e-02,3.994904e-02,8.415008e-02,2.402835e-02,6.686334e-03,3.051448e-01,1.030948e-01,9.961915e-02,9.541847e-02,2.341797e-02,2.288043e-02,9.312786e-03,4.867769e-02
3.228008e-02,1.750637e-02,6.281494e-02,3.228039e-02,5.921547e-02,1.725551e-02,4.894501e-03,2.158538e-01,1.486436e-01,1.847293e-01,9.431767e-02,2.023581e-02,3.185013e-02,1.500841e-02,6.311414e-02
2.721701e-02,1.604351e-02,4.746386e-02,2.377715e-02,4.178599e-02,1.267859e-02,3.611975e-03,1.527206e-01,1.505358e-01,3.177968e-01,7.824747e-02,2.214798e-02,3.679948e-02,1.815491e-02,5.101891e-02
2.166192e-02,1.395014e-02,3.507475e-02,1.748628e-02,2.970470e-02,1.003368e-02,2.900419e-03,1.073586e-01,1.560156e-01,2.930786e-01,8.282730e-02,2.188660e-02,4.619987e-02,9.571616e-02,6.610546e-02
1.533902e-02,1.162232e-02,2.563855e-02,1.251138e-02,2.177785e-02,7.644739e-03,2.065483e-03,7.526532e-02,1.675225e-01,2.117049e-01,9.211184e-02,2.282825e-02,6.264398e-02,2.183323e-01,5.299165e-02
1.080136e-02,1.502087e-02,1.806466e-02,8.871885e-03,1.676209e-02,5.721815e-03,1.455526e-03,5.273213e-02,1.415873e-01,1.486312e-01,7.902091e-02,1.827721e-02,4.793680e-02,3.811189e-01,5.399734e-02
7.618320e-03,3.239648e-02,1.275750e-02,6.261395e-03,1.208408e-02,5.137405e-03,1.024946e-03,3.692350e-02,1.210382e-01,1.042188e-01,6.056270e-02,1.311805e-02,3.368475e-02,5.013570e-01,5.181691e-02
5.543771e-03,2.959077e-02,9.134209e-03,5.457663e-03,8.982322e-03,7.566531e-03,9.385989e-04,2.681537e-02,1.466276e-01,7.335019e-02,4.585959e-02,9.675493e-03,2.454866e-02,5.642140e-01,4.169523e-02
4.208598e-03,6.492356e-02,6.852542e-03,4.161140e-03,6.832280e-03,7.835349e-03,7.634585e-04,1.922866e-02,1.408674e-01,5.179890e-02,3.349793e-02,7.157682e-03,1.808086e-02,6.019707e-01,3.182097e-02
4.157185e-03,6.795780e-02,5.053753e-03,4.188221e-03,7.962177e-03,9.388822e-03,8.180189e-04,1.413414e-02,1.920736e-01,3.787779e-02,3.409914e-02,9.135170e-03,1.494797e-02,5.730780e-01,2.512825e-02
7.077017e-03,1.854582e-01,7.611195e-03,5.562401e-03,1.192014e-02,1.082001e-02,1.014128e-03,1.261887e-02,2.068656e-01,3.213942e-02,3.918058e-02,6.852654e-03,1.335353e-02,4.344077e-01,2.511856e-02
9.025968e-03,3.120716e-01,6.690834e-03,8.433653e-03,1.406944e-02,8.647852e-03,8.614594e-04,9.178664e-03,2.209547e-01,2.550301e-02,3.355537e-02,4.916708e-03,1.005533e-02,3.112157e-01,2.481971e-02
9.531012e-03,3.701333e-01,1.349759e-02,2.522838e-02,1.369538e-02,8.460834e-03,7.414974e-04,6.684439e-03,2.158245e-01,1.989808e-02,3.234170e-02,3.872009e-03,8.932975e-03,2.205224e-01,5.063586e-02
9.369247e-03,3.038603e-01,1.368728e-02,1.871050e-02,1.017134e-02,7.105997e-03,5.577530e-04,4.734960e-03,2.484791e-01,1.980142e-02,5.628101e-02,5.271815e-03,1.196529e-02,1.876832e-01,1.023208e-01
9.100417e-03,2.417864e-01,1.052320e-02,1.405706e-02,7.627299e-03,5.688134e-03,4.276519e-04,3.424336e-03,3.464812e-01,1.640423e-02,8.284836e-02,4.848788e-03,1.246192e-02,1.485973e-01,9.572367e-02
8.742780e-03,1.725562e-01,7.681408e-03,1.032206e-02,6.117076e-03,4.339601e-03,3.233111e-04,2.505228e-03,4.495202e-01,1.849427e-02,1.024936e-01,5.307714e-03,2.146621e-02,1.182609e-01,7.186952e-02
8.387122e-03,1.250032e-01,5.555728e-03,8.174202e-03,5.052974e-03,6.216650e-03,4.649847e-04,2.148395e-03,4.710909e-01,1.646528e-02,1.194084e-01,6.922299e-03,2.530870e-02,1.325783e-01,6.722294e-02
7.388148e-03,9.253956e-02,4.114721e-03,6.747397e-03,5.468606e-03,2.671359e-02,6.756634e-04,1.828847e-03,4.203762e-01,1.513745e-02,1.161048e-01,8.340138e-03,2.646395e-02,1.803803e-01,8.772066e-02
5.597203e-03,7.229687e-02,3.750673e-03,5.625892e-03,5.014471e-03,1.096137e-01,1.308874e-03,2.476393e-03,3.394974e-01,1.141024e-02,9.674446e-02,7.667677e-03,3.380248e-02,2.247275e-01,8.046621e-02
4.746558e-03,6.171238e-02,6.162353e-03,5.054531e-03,4.599776e-03,1.276475e-01,4.637194e-03,1.374768e-02,3.119928e-01,9.355381e-03,7.319137e-02,6.482392e-03,3.647977e-02,2.650519e-01,6.913848e-02
4.182254e-03,4.985879e-02,6.199858e-03,4.499134e-03,5.066012e-03,2.089045e-01,4.013066e-03,1.804595e-02,3.342460e-01,7.655540e-03,5.316813e-02,5.918449e-03,3.355850e-02,2.069367e-01,5.774707e-02
4.426429e-03,3.705467e-02,9.462908e-03,4.215908e-03,7.419469e-03,1.659328e-01,3.314869e-03,2.430122e-01,2.588574e-01,5.541775e-03,3.742443e-02,4.207850e-03,2.559276e-02,1.514948e-01,4.204191e-02
4.014687e-03,2.689597e-02,1.021036e-02,3.917413e-03,9.049949e-03,1.243573e-01,2.631087e-03,4.446459e-01,1.851462e-01,4.193702e-03,2.629865e-02,2.961585e-03,1.870085e-02,1.069645e-01,3.001184e-02
7.430555e-03,2.012027e-02,1.237317e-02,5.143758e-03,8.613219e-03,9.514764e-02,2.180947e-03,5.642965e-01,1.366431e-01,5.040913e-03,1.966416e-02,2.263072e-03,1.580364e-02,7.962368e-02,2.565539e-02
8.922430e-03,1.658207e-02,1.309311e-02,6.194195e-03,1.044014e-02,7.028748e-02,2.261328e-03,6.536424e-01,1.008488e-01,4.733388e-03,1.598575e-02,1.857215e-03,1.563418e-02,5.843884e-02,2.107870e-02
1.680294e-02,1.620868e-02,1.667891e-02,1.086084e-02,1.397691e-02,5.358365e-02,2.397394e-03,6.837318e-01,7.912224e-02,5.974989e-03,1.336132e-02,1.532929e-03,1.430236e-02,4.942153e-02,2.204353e-02
2.053086e-02,1.244325e-02,1.696591e-02,9.768507e-03,1.330659e-02,3.924453e-02,1.989812e-03,7.425544e-01,5.823814e-02,4.545475e-03,9.868501e-03,1.193067e-03,1.267476e-02,3.882686e-02,1.784936e-02
2.200607e-02,9.975948e-03,1.458340e-02,8.236795e-03,1.226815e-02,2.937249e-02,1.954730e-03,7.898636e-01,4.396106e-02,3.572162e-03,7.325191e-03,9.946626e-04,1.006254e-02,3.054825e-02,1.527492e-02
2.525219e-02,8.110791e-03,1.182378e-02,6.502379e-03,9.493484e-03,2.402069e-02,2.011047e-03,8.200955e-01,3.217126e-02,3.219137e-03,6.705070e-03,1.459760e-03,7.879050e-03,2.276577e-02,1.849002e-02
4.114467e-02,7.768357e-03,1.108755e-02,6.004705e-03,8.197755e-03,4.331806e-02,2.474907e-03,7.858105e-01,2.552382e-02,2.742279e-03,7.013869e-03,1.818883e-03,1.597629e-02,1.744966e-02,2.366863e-02
5.518790e-02,6.736950e-03,1.191672e-02,5.094342e-03,6.466754e-03,4.081220e-02,2.222098e-03,7.905226e-01,1.990150e-02,2.706303e-03,6.858640e-03,2.935383e-03,1.239217e-02,1.343129e-02,2.281515e-02
1.351830e-01,9.004842e-03,1.282546e-02,5.335753e-03,6.584823e-03,3.964847e-02,2.736952e-03,6.951167e-01,2.009752e-02,3.637994e-03,1.004789e-02,6.757166e-03,1.397023e-02,1.084337e-02,2.820983e-02
1.959132e-01,9.048314e-03,2.042005e-02,8.241256e-03,8.146618e-03,4.685501e-02,6.272258e-03,5.271615e-01,2.700984e-02,9.659217e-03,1.463190e-02,1.484464e-02,4.605966e-02,1.563608e-02,5.010044e-02
2.375697e-01,8.802377e-03,1.568892e-02,9.404459e-03,8.342810e-03,4.000141e-02,6.019974e-03,3.831163e-01,3.851283e-02,1.250833e-02,2.418637e-02,2.096413e-02,1.272656e-01,1.293685e-02,5.467992e-02
2.558585e-01,7.372404e-03,1.176733e-02,8.536885e-03,7.412951e-03,3.384093e-02,6.038168e-03,2.737346e-01,3.934912e-02,1.213108e-02,2.942921e-02,2.442843e-02,2.017819e-01,1.076094e-02,7.755759e-02
2.227261e-01,6.690188e-03,8.602743e-03,6.783927e-03,6.839740e-03,2.544980e-02,4.867809e-03,1.923703e-01,5.012796e-02,1.121389e-02,2.638947e-02,2.778673e-02,2.778487e-01,9.947591e-03,1.223551e-01
1.647806e-01,5.023602e-03,6.156049e-03,5.340880e-03,5.855453e-03,2.053907e-02,3.998262e-03,1.348726e-01,5.841368e-02,1.229712e-02,2.345787e-02,3.995417e-02,3.681706e-01,8.952284e-03,1.421877e-01
1.173992e-01,3.685466e-03,4.427297e-03,3.855673e-03,4.900387e-03,1.502607e-02,3.153224e-03,9.445403e-02,5.307795e-02,1.236389e-02,2.036121e-02,4.790593e-02,4.576560e-01,7.922122e-03,1.538115e-01
8.278205e-02,2.725091e-03,3.245951e-03,2.744015e-03,4.099758e-03,1.074044e-02,2.335715e-03,6.614283e-02,4.408073e-02,1.247744e-02,1.541555e-02,4.920818e-02,5.735983e-01,6.643323e-03,1.237606e-01
5.854341e-02,2.335289e-03,2.527786e-03,1.995641e-03,3.630779e-03,7.675556e-03,1.714880e-03,4.632043e-02,4.642551e-02,1.638019e-02,1.284940e-02,5.166463e-02,6.427062e-01,5.220879e-03,1.000094e-01
4.151341e-02,2.851435e-03,1.954286e-03,1.515197e-03,3.353464e-03,5.618464e-03,1.295795e-03,3.246029e-02,4.200775e-02,2.209359e-02,1.060057e-02,8.048065e-02,6.748692e-01,4.490413e-03,7.489549e-02
2.956780e-02,6.439338e-03,1.721497e-03,1.454668e-03,3.442582e-03,4.282819e-03,9.314053e-04,2.287937e-02,9.222446e-02,3.274304e-02,1.058292e-02,1.268268e-01,6.067864e-01,3.532670e-03,5.658422e-02
2.127578e-02,1.896776e-02,2.216564e-03,1.115300e-03,4.020850e-03,3.178269e-03,6.604369e-04,1.610300e-02,9.668916e-02,4.661149e-02,1.256978e-02,1.873904e-01,5.392181e-01,5.960829e-03,4.402227e-02
1.579398e-02,1.792737e-02,4.490231e-03,9.340647e-04,1.064646e-02,2.541493e-03,4.879562e-04,1.143464e-02,1.082156e-01,1.085420e-01,2.359032e-02,2.355304e-01,4.135714e-01,1.238547e-02,3.390870e-02
1.181706e-02,2.690648e-02,6.295851e-03,7.275935e-04,1.261026e-02,1.903069e-03,3.516102e-04,8.150493e-03,1.472119e-01,9.377433e-02,4.124270e-02,2.571915e-01,3.219379e-01,3.992784e-02,2.995136e-02
9.610873e-03,3.356323e-02,1.645313e-02,9.265875e-04,1.437034e-02,2.376800e-03,3.338231e-04,6.509386e-03,2.483988e-01,8.854138e-02,4.150965e-02,2.195641e-01,2.473032e-01,4.698061e-02,2.355793e-02
9.123056e-03,2.743442e-02,1.568684e-02,6.957281e-04,1.186496e-02,2.009547e-03,2.992573e-04,5.151248e-03,3.465254e-01,7.012583e-02,5.601463e-02,1.625405e-01,1.799305e-01,8.626325e-02,2.633471e-02
9.309814e-03,1.996078e-02,1.233500e-02,5.315410e-04,1.016680e-02,1.606190e-03,2.560953e-04,3.992292e-03,4.628313e-01,5.230569e-02,5.455485e-02,1.159788e-01,1.268125e-01,1.060659e-01,2.329247e-02
2.717092e-02,1.688404e-02,1.333989e-02,4.322026e-04,1.058652e-02,2.188117e-03,3.236543e-04,3.358794e-03,3.803926e-01,4.225005e-02,4.939843e-02,8.160838e-02,8.937537e-02,2.608019e-01,2.188912e-02
4.344741e-02,1.315049e-02,1.125606e-02,3.363521e-04,1.120252e-02,2.224369e-03,3.117691e-04,2.709437e-03,2.925156e-01,3.550665e-02,3.973988e-02,5.736950e-02,6.296264e-02,4.000578e-01,2.720953e-02
4.805378e-02,1.047205e-02,1.166188e-02,3.370042e-04,9.746079e-03,2.335453e-03,5.301476e-04,3.468967e-03,2.175828e-01,3.775208e-02,2.937745e-02,4.021429e-02,4.443434e-02,5.065121e-01,3.752151e-02
4.540624e-02,1.653426e-02,1.703016e-02,1.938952e-03,8.496491e-03,2.795591e-03,5.293585e-04,4.574822e-03,1.638691e-01,8.693457e-02,2.209145e-02,2.840382e-02,3.232231e-02,3.800081e-01,1.890647e-01
4.228826e-02,1.965149e-02,2.597303e-02,2.327827e-03,8.221216e-03,3.174121e-03,5.249579e-04,4.816919e-03,1.280172e-01,1.306338e-01,1.725121e-02,2.001914e-02,2.409509e-02,2.877052e-01,2.853004e-01
3.231077e-02,2.069725e-02,5.704838e-02,7.781345e-03,7.565126e-03,2.641357e-03,4.238861e-04,4.430731e-03,9.331612e-02,1.323779e-01,1.254342e-02,1.415261e-02,1.725275e-02,2.026930e-01,3.947653e-01
2.294775e-02,1.532797e-02,5.042047e-02,6.709187e-03,5.520392e-03,1.919171e-03,3.074220e-04,3.202769e-03,6.736407e-02,1.372773e-01,9.230058e-03,9.977999e-03,1.238670e-02,1.420386e-01,5.153701e-01
1.770122e-02,1.420845e-02,4.186780e-02,5.096088e-03,4.076190e-03,1.545923e-03,2.438742e-04,2.574398e-03,4.982807e-02,1.122370e-01,1.014127e-02,7.256825e-03,1.137863e-02,1.043152e-01,6.175290e-01
2.175145e-02,1.293475e-02,4.302490e-02,4.845485e-03,4.208400e-03,1.769659e-03,2.783081e-04,3.354317e-03,3.899541e-02,8.491381e-02,1.157717e-02,5.806768e-03,1.074130e-02,9.222184e-02,6.635764e-01
1.731731e-02,1.550832e-02,3.538515e-02,5.695337e-03,3.776286e-03,1.632610e-03,2.478629e-04,2.653171e-03,5.834897e-02,6.561528e-02,1.055610e-02,4.474003e-03,8.368420e-03,8.472866e-02,6.856924e-01
1.303458e-02,1.313663e-02,2.625614e-02,4.300184e-03,3.272495e-03,1.392738e-03,2.023685e-04,1.888449e-03,4.672858e-02,5.215316e-02,1.054248e-02,4.173020e-03,6.513453e-03,1.787858e-01,6.376199e-01
9.844963e-03,1.316230e-02,2.007884e-02,3.385357e-03,2.758305e-03,1.150333e-03,1.595047e-04,1.350091e-03,4.490081e-02,3.864118e-02,1.332981e-02,3.297604e-03,5.194422e-03,3.295144e-01,5.132320e-01
7.279948e-03,1.022678e-02,1.434301e-02,2.754350e-03,2.193559e-03,1.221123e-03,1.694786e-04,1.034076e-03,6.618903e-02,3.304462e-02,4.340521e-02,9.241733e-03,6.484104e-03,3.142338e-01,4.881791e-01
5.355905e-03,8.200826e-03,1.060073e-02,2.207954e-03,1.986722e-03,1.406343e-03,2.480922e-04,8.304314e-04,7.769053e-02,2.648399e-02,9.590928e-02,9.647807e-03,7.298684e-03,4.015828e-01,3.505498e-01
4.282349e-03,5.958672e-03,7.782775e-03,2.101007e-03,1.934061e-03,1.912578e-03,3.479348e-04,9.236474e-04,7.298554e-02,2.058053e-02,1.861229e-01,1.481367e-02,8.072535e-03,3.849851e-01,2.871966e-01
3.853893e-03,4.496000e-03,5.782469e-03,1.822566e-03,2.234461e-03,2.154175e-03,4.270239e-04,1.126098e-03,5.660079e-02,1.724319e-02,2.871425e-01,1.513389e-02,7.261316e-03,3.883482e-01,2.063733e-01
2.961451e-03,3.217538e-03,4.499712e-03,1.423624e-03,1.770387e-03,2.287969e-03,3.551116e-04,9.972133e-04,4.146066e-02,1.362853e-02,2.861347e-01,1.600385e-02,5.500484e-03,4.740123e-01,1.457463e-01
2.283575e-03,4.404673e-03,5.054332e-03,1.774577e-03,6.131630e-03,1.537596e-02,5.086164e-04,1.697317e-03,5.355234e-02,1.472395e-02,2.910539e-01,1.710567e-02,4.142277e-03,4.714515e-01,1.107396e-01
2.220410e-03,3.400184e-03,3.821357e-03,1.412943e-03,5.341107e-03,2.037718e-02,4.451911e-04,1.480467e-03,4.320479e-02,1.864919e-02,2.908909e-01,1.567936e-02,3.095782e-03,5.121967e-01,7.778437e-02
2.287535e-03,3.512945e-03,6.562103e-03,1.314305e-03,5.425632e-03,4.559678e-02,5.334246e-04,2.846654e-03,3.516348e-02,1.611834e-02,3.068362e-01,1.425357e-02,2.591722e-03,5.022385e-01,5.471875e-02
4.200014e-03,4.979284e-03,1.305362e-02,1.678922e-03,6.170119e-03,7.797444e-02,5.658848e-04,4.818113e-03,6.079659e-02,1.859615e-02,2.586951e-01,1.334902e-02,2.292302e-03,4.941342e-01,3.869619e-02
4.313596e-03,6.774851e-03,1.430260e-02,1.674962e-03,5.534651e-03,8.119852e-02,4.508788e-04,4.202434e-03,1.012928e-01,1.923644e-02,2.144311e-01,1.092574e-02,1.983318e-03,5.061601e-01,2.751790e-02
4.597056e-03,7.062066e-03,1.140227e-02,1.477485e-03,4.449174e-03,6.887458e-02,3.318852e-04,3.312070e-03,2.150741e-01,1.713468e-02,1.651780e-01,8.416620e-03,1.507682e-03,4.717639e-01,1.941841e-02
1.423921e-02,7.244413e-03,9.526737e-03,1.992509e-03,4.805124e-03,5.206678e-02,2.848748e-04,2.587046e-03,2.825617e-01,3.300094e-02,1.285342e-01,6.970372e-03,1.633940e-03,4.393996e-01,1.515250e-02
1.939684e-02,1.098092e-02,1.512664e-02,6.697565e-03,9.049235e-03,4.388644e-02,3.836936e-04,3.260228e-03,3.489643e-01,3.960542e-02,1.052251e-01,6.954937e-03,1.649671e-03,3.765175e-01,1.230146e-02
5.238825e-02,1.231220e-02,2.104069e-02,1.753817e-02,8.722115e-03,3.682265e-02,4.363921e-04,3.315859e-03,4.009160e-01,3.672484e-02,8.327737e-02,5.674945e-03,1.835876e-03,3.050984e-01,1.389623e-02
7.402796e-02,1.217993e-02,2.854821e-02,1.941279e-02,8.927749e-03,3.598223e-02,4.518346e-04,3.427076e-03,3.934097e-01,2.920518e-02,7.163274e-02,4.424796e-03,1.638430e-03,2.970856e-01,1.964576e-02
1.313404e-01,1.318835e-02,5.938143e-02,2.576698e-02,1.032634e-02,3.370413e-02,5.435504e-04,4.076346e-03,3.635372e-01,2.429450e-02,5.685601e-02,4.022359e-03,1.730954e-03,2.457241e-01,2.550730e-02
1.771942e-01,2.106747e-02,5.013558e-02,2.274105e-02,9.752185e-03,2.868594e-02,5.158337e-04,3.775720e-03,3.096943e-01,2.249073e-02,5.761233e-02,6.720153e-03,3.294600e-03,2.511097e-01,3.521021e-02
2.610337e-01,2.032904e-02,4.563104e-02,2.084244e-02,1.072287e-02,2.463463e-02,7.641376e-04,4.704658e-03,2.986627e-01,1.763425e-02,4.743205e-02,8.414309e-03,3.781193e-03,2.068745e-01,2.853855e-02
3.083760e-01,1.804837e-02,4.131099e-02,2.416184e-02,1.085648e-02,2.435796e-02,1.539852e-03,6.579748e-03,3.118556e-01,1.460247e-02,3.750634e-02,9.561151e-03,4.546035e-03,1.614148e-01,2.528238e-02
3.157854e-01,1.576454e-02,3.382995e-02,2.715226e-02,1.121904e-02,1.991821e-02,1.364806e-03,5.410353e-03,3.443016e-01,1.818323e-02,2.910425e-02,8.434314e-03,5.324023e-03,1.258308e-01,3.837718e-02
3.176219e-01,2.335218e-02,3.102333e-02,4.294585e-02,1.078078e-02,1.872884e-02,2.023277e-03,1.051921e-02,3.451236e-01,1.655949e-02,2.376035e-02,7.823148e-03,5.488330e-03,1.119883e-01,3.226141e-02
2.704597e-01,2.007166e-02,6.000557e-02,1.152398e-01,1.122744e-02,1.608288e-02,1.794793e-03,1.838121e-02,3.217221e-01,1.819673e-02,2.025069e-02,6.174028e-03,4.588783e-03,8.715124e-02,2.865348e-02
2.319995e-01,2.168836e-02,6.322651e-02,1.041013e-01,1.484813e-02,1.377893e-02,1.483450e-03,7.915452e-02,3.251116e-01,1.573612e-02,1.762417e-02,5.528743e-03,3.925988e-03,7.814660e-02,2.364604e-02
1.757718e-01,2.243099e-02,6.673766e-02,8.292384e-02,1.631681e-02,1.363660e-02,1.163722e-03,1.802581e-01,3.257812e-01,1.297616e-02,1.416506e-02,4.106738e-03,2.963969e-03,6.206072e-02,1.870651e-02
1.414793e-01,2.194258e-02,6.478141e-02,7.167593e-02,2.250833e-02,1.263773e-02,9.477214e-04,2.084994e-01,3.601614e-01,1.137166e-02,1.366461e-02,3.539569e-03,2.854106e-03,4.830450e-02,1.563179e-02
1.284668e-01,3.083677e-02,5.321275e-02,5.643588e-02,3.351580e-02,1.579169e-02,8.756614e-04,2.080811e-01,3.561918e-01,1.929466e-02,1.473437e-02,3.967686e-03,3.761594e-03,5.128208e-02,2.355140e-02
1.070393e-01,3.061502e-02,4.518842e-02,4.636143e-02,3.409392e-02,1.496056e-02,7.904989e-04,2.976214e-01,2.927788e-01,2.026268e-02,1.212329e-02,2.999170e-03,3.030425e-03,7.100437e-02,2.113075e-02
9.979354e-02,2.563390e-02,6.658190e-02,7.324497e-02,4.148910e-02,1.473288e-02,1.090575e-03,3.288131e-01,2.317290e-01,1.996715e-02,1.104615e-02,2.374115e-03,2.603659e-03,6.177882e-02,1.912115e-02
7.920526e-02,2.006950e-02,1.267944e-01,7.340000e-02,3.434265e-02,1.434321e-02,8.763989e-04,3.877942e-01,1.779652e-01,1.466049e-02,8.287938e-03,1.755021e-03,1.888438e-03,4.470035e-02,1.391701e-02
7.727681e-02,1.818921e-02,1.508294e-01,8.524676e-02,2.830791e-02,1.953235e-02,7.954495e-04,4.117189e-01,1.439700e-01,1.230301e-02,6.492642e-03,1.543950e-03,1.428854e-03,3.166156e-02,1.070317e-02
8.449844e-02,3.393852e-02,1.446226e-01,6.704460e-02,2.430796e-02,1.774065e-02,8.991894e-04,4.187436e-01,1.524446e-01,1.262841e-02,5.215556e-03,1.855800e-03,1.189644e-03,2.471927e-02,1.015113e-02
8.532583e-02,5.307906e-02,1.375242e-01,5.678260e-02,1.903491e-02,2.149166e-02,7.960752e-04,4.021221e-01,1.598044e-01,1.786330e-02,6.434651e-03,3.248166e-03,1.454397e-03,1.847195e-02,1.656665e-02
7.502815e-02,4.409344e-02,2.474886e-01,4.326197e-02,1.413923e-02,1.636303e-02,6.086000e-04,2.877365e-01,1.419320e-01,4.211459e-02,2.597375e-02,5.321656e-03,2.813184e-03,2.077622e-02,3.234903e-02
5.427948e-02,3.371315e-02,2.376387e-01,3.203908e-02,1.025737e-02,1.206647e-02,5.007263e-04,2.026095e-01,2.366654e-01,4.132266e-02,6.951137e-02,7.555137e-03,6.337462e-03,2.568257e-02,2.982082e-02
4.262365e-02,2.490129e-02,2.059549e-01,2.461388e-02,7.645428e-03,9.053785e-03,6.159961e-04,1.450237e-01,2.935248e-01,4.676647e-02,8.321887e-02,9.992134e-03,6.957501e-03,6.988982e-02,2.921772e-02
4.151025e-02,1.829431e-02,1.601519e-01,1.839703e-02,5.724316e-03,9.666643e-03,5.939930e-04,1.049284e-01,2.285741e-01,4.335750e-02,1.407354e-01,1.102503e-02,6.131384e-03,1.879435e-01,2.296623e-02
3.240769e-02,1.394777e-02,1.145215e-01,1.341168e-02,4.178625e-03,9.118164e-03,4.738002e-04,7.528109e-02,1.903273e-01,3.612051e-02,2.363439e-01,8.503050e-03,4.716439e-03,2.418218e-01,1.882657e-02
2.657963e-02,1.040545e-02,8.130864e-02,9.658280e-03,3.263636e-03,8.168190e-03,3.725596e-04,5.386100e-02,1.502641e-01,2.755041e-02,3.079350e-01,6.859926e-03,3.530390e-03,2.950905e-01,1.515235e-02
4.193983e-02,8.319200e-03,5.900024e-02,8.651894e-03,3.157576e-03,1.126565e-02,6.320740e-04,3.870134e-02,1.324421e-01,2.572212e-02,2.902210e-01,9.801275e-03,3.141903e-03,3.554103e-01,1.159348e-02
5.120361e-02,6.852452e-03,4.278222e-02,7.912837e-03,3.109904e-03,1.180069e-02,8.232124e-04,2.796277e-02,1.371429e-01,2.241546e-02,2.677946e-01,1.191906e-02,3.026127e-03,3.950039e-01,1.025029e-02
5.548276e-02,5.790389e-03,3.053683e-02,6.677750e-03,3.566736e-03,1.003276e-02,7.180615e-04,1.976719e-02,1.377944e-01,1.933409e-02,2.301679e-01,9.833641e-03,2.511022e-03,4.592642e-01,8.522239e-03
5.535513e-02,5.271888e-03,2.200968e-02,5.290046e-03,3.426759e-03,9.681024e-03,5.957577e-04,1.408477e-02,1.831385e-01,1.609881e-02,1.905468e-01,8.209018e-03,1.976172e-03,4.774755e-01,6.840188e-03
5.191386e-02,4.764564e-03,1.583086e-02,4.352932e-03,3.240509e-03,8.776316e-03,4.823967e-04,1.006638e-02,1.694609e-01,1.456041e-02,1.946303e-01,6.515403e-03,1.708570e-03,5.074848e-01,6.211810e-03
4.062656e-02,4.215551e-03,1.994380e-02,4.017546e-03,3.081338e-03,8.604832e-03,4.248620e-04,7.753687e-03,1.565568e-01,1.332358e-02,1.589690e-01,4.984266e-03,1.334072e-03,5.714365e-01,4.727593e-03
2.907914e-02,3.078697e-03,1.462828e-02,3.160484e-03,2.394957e-03,6.982536e-03,3.141726e-04,5.531651e-03,1.176619e-01,1.137764e-02,1.428510e-01,3.698798e-03,9.850784e-04,6.547902e-01,3.465511e-03
2.063430e-02,2.270167e-03,1.061660e-02,2.370938e-03,1.997209e-03,8.104736e-03,2.303905e-04,3.899033e-03,8.958039e-02,9.064902e-03,1.470231e-01,2.816407e-03,7.626124e-04,6.981262e-01,2.502960e-03
1.465487e-02,1.681326e-03,7.806858e-03,2.078478e-03,1.663429e-03,1.212025e-02,1.778659e-04,2.770005e-03,6.965882e-02,7.088905e-03,1.446504e-01,2.250406e-03,6.858337e-04,7.308947e-01,1.817780e-03
1.048071e-02,1.248355e-03,5.786731e-03,1.578471e-03,1.325157e-03,1.516839e-02,1.329412e-04,1.958939e-03,5.175404e-02,5.675326e-03,1.425638e-01,1.882006e-03,5.808637e-04,7.585598e-01,1.304474e-03
7.770244e-03,1.045877e-03,4.252888e-03,1.273372e-03,1.095003e-03,9.770691e-02,1.265926e-04,1.391766e-03,4.179885e-02,4.536235e-03,1.283127e-01,1.591043e-03,4.951804e-04,7.076464e-01,9.569896e-04
6.139155e-03,1.021468e-03,3.264185e-03,1.199535e-03,9.143609e-04,1.264611e-01,1.281894e-04,1.000308e-03,3.673814e-02,4.295066e-03,1.254486e-01,1.501882e-03,4.612124e-04,6.906472e-01,7.794808e-04
