1.000000e+00,0.000000e+00,0.000000e+00,0.000000e+00,0.000000e+00,0.000000e+00,0.000000e+00,0.000000e+00,0.000000e+00,0.000000e+00,0.000000e+00,0.000000e+00,0.000000e+00,0.000000e+00,0.000000e+00
1.000000e+00,0.000000e+00,0.000000e+00,0.000000e+00,0.000000e+00,0.000000e+00,0.000000e+00,0.000000e+00,0.000000e+00,0.000000e+00,0.000000e+00,0.000000e+00,0.000000e+00,0.000000e+00,0.000000e+00
1.000000e+00,0.000000e+00,0.000000e+00,0.000000e+00,0.000000e+00,0.000000e+00,0.000000e+00,0.000000e+00,0.000000e+00,0.000000e+00,0.000000e+00,0.000000e+00,0.000000e+00,0.000000e+00,0.000000e+00
1.000000e+00,0.000000e+00,0.000000e+00,0.000000e+00,0.000000e+00,0.000000e+00,0.000000e+00,0.000000e+00,0.000000e+00,0.000000e+00,0.000000e+00,0.000000e+00,0.000000e+00,0.000000e+00,0.000000e+00
1.000000e+00,0.000000e+00,0.000000e+00,0.000000e+00,0.000000e+00,0.000000e+00,0.000000e+00,0.000000e+00,0.000000e+00,0.000000e+00,0.000000e+00,0.000000e+00,0.000000e+00,0.000000e+00,0.000000e+00
1.000000e+00,0.000000e+00,0.000000e+00,0.000000e+00,0.000000e+00,0.000000e+00,0.000000e+00,0.000000e+00,0.000000e+00,0.000000e+00,0.000000e+00,0.000000e+00,0.000000e+00,0.000000e+00,0.000000e+00
1.000000e+00,0.000000e+00,0.000000e+00,0.000000e+00,0.000000e+00,0.000000e+00,0.000000e+00,0.000000e+00,0.000000e+00,0.000000e+00,0.000000e+00,0.000000e+00,0.000000e+00,0.000000e+00,0.000000e+00
1.000000e+00,0.000000e+00,0.000000e+00,0.000000e+00,0.000000e+00,0.000000e+00,0.000000e+00,0.000000e+00,0.000000e+00,0.000000e+00,0.000000e+00,0.000000e+00,0.000000e+00,0.000000e+00,0.000000e+00
1.000000e+00,0.000000e+00,0.000000e+00,0.000000e+00,0.000000e+00,0.000000e+00,0.000000e+00,0.000000e+00,0.000000e+00,0.000000e+00,0.000000e+00,0.000000e+00,0.000000e+00,0.000000e+00,0.000000e+00
1.000000e+00,0.000000e+00,0.000000e+00,0.000000e+00,0.000000e+00,0.000000e+00,0.000000e+00,0.000000e+00,0.000000e+00,0.000000e+00,0.000000e+00,0.000000e+00,0.000000e+00,0.000000e+00,0.000000e+00
1.000000e+00,0.000000e+00,0.000000e+00,0.000000e+00,0.000000e+00,0.000000e+00,0.000000e+00,0.000000e+00,0.000000e+00,0.000000e+00,0.000000e+00,0.000000e+00,0.000000e+00,0.000000e+00,0.000000e+00
1.000000e+00,0.000000e+00,0.000000e+00,0.000000e+00,0.000000e+00,0.000000e+00,0.000000e+00,0.000000e+00,0.000000e+00,0.000000e+00,0.000000e+00,0.000000e+00,0.000000e+00,0.000000e+00,0.000000e+00
1.000000e+00,0.000000e+00,0.000000e+00,0.000000e+00,0.000000e+00,0.000000e+00,0.000000e+00,0.000000e+00,0.000000e+00,0.000000e+00,0.000000e+00,0.000000e+00,0.000000e+00,0.000000e+00,0.000000e+00
1.000000e+00,0.000000e+00,0.000000e+00,0.000000e+00,0.000000e+00,0.000000e+00,0.000000e+00,0.000000e+00,0.000000e+00,0.000000e+00,0.000000e+00,0.000000e+00,0.000000e+00,0.000000e+00,0.000000e+00
1.000000e+00,0.000000e+00,0.000000e+00,0.000000e+00,0.000000e+00,0.000000e+00,0.000000e+00,0.000000e+00,0.000000e+00,0.000000e+00,0.000000e+00,0.000000e+00,0.000000e+00,0.000000e+00,0.000000e+00
1.000000e+00,0.000000e+00,0.000000e+00,0.000000e+00,0.000000e+00,0.000000e+00,0.000000e+00,0.000000e+00,0.000000e+00,0.000000e+00,0.000000e+00,0.000000e+00,0.000000e+00,0.000000e+00,0.000000e+00
1.000000e+00,0.000000e+00,0.000000e+00,0.000000e+00,0.000000e+00,0.000000e+00,0.000000e+00,0.000000e+00,0.000000e+00,0.000000e+00,0.000000e+00,0.000000e+00,0.000000e+00,0.000000e+00,0.000000e+00
1.000000e+00,0.000000e+00,0.000000e+00,0.000000e+00,0.000000e+00,0.000000e+00,0.000000e+00,0.000000e+00,0.000000e+00,0.000000e+00,0.000000e+00,0.000000e+00,0.000000e+00,0.000000e+00,0.000000e+00
1.000000e+00,0.000000e+00,0.000000e+00,0.000000e+00,0.000000e+00,0.000000e+00,0.000000e+00,0.000000e+00,0.000000e+00,0.000000e+00,0.000000e+00,0.000000e+00,0.000000e+00,0.000000e+00,0.000000e+00
1.000000e+00,0.000000e+00,0.000000e+00,0.000000e+00,0.000000e+00,0.000000e+00,0.000000e+00,0.000000e+00,0.000000e+00,0.000000e+00,0.000000e+00,0.000000e+00,0.000000e+00,0.000000e+00,0.000000e+00
1.000000e+00,0.000000e+00,0.000000e+00,0.000000e+00,0.000000e+00,0.000000e+00,0.000000e+00,0.000000e+00,0.000000e+00,0.000000e+00,0.000000e+00,0.000000e+00,0.000000e+00,0.000000e+00,0.000000e+00
1.000000e+00,0.000000e+00,0.000000e+00,0.000000e+00,0.000000e+00,0.000000e+00,0.000000e+00,0.000000e+00,0.000000e+00,0.000000e+00,0.000000e+00,0.000000e+00,0.000000e+00,0.000000e+00,0.000000e+00
1.000000e+00,0.000000e+00,0.000000e+00,0.000000e+00,0.000000e+00,0.000000e+00,0.000000e+00,0.000000e+00,0.000000e+00,0.000000e+00,0.000000e+00,0.000000e+00,0.000000e+00,0.000000e+00,0.000000e+00
1.000000e+00,0.000000e+00,0.000000e+00,0.000000e+00,0.000000e+00,0.000000e+00,0.000000e+00,0.000000e+00,0.000000e+00,0.000000e+00,0.000000e+00,0.000000e+00,0.000000e+00,0.000000e+00,0.000000e+00
1.000000e+00,0.000000e+00,0.000000e+00,0.000000e+00,0.000000e+00,0.000000e+00,0.000000e+00,0.000000e+00,0.000000e+00,0.000000e+00,0.000000e+00,0.000000e+00,0.000000e+00,0.000000e+00,0.000000e+00
1.000000e+00,0.000000e+00,0.000000e+00,0.000000e+00,0.000000e+00,0.000000e+00,0.000000e+00,0.000000e+00,0.000000e+00,0.000000e+00,0.000000e+00,0.000000e+00,0.000000e+00,0.000000e+00,0.000000e+00
1.000000e+00,0.000000e+00,0.000000e+00,0.000000e+00,0.000000e+00,0.000000e+00,0.000000e+00,0.000000e+00,0.000000e+00,0.000000e+00,0.000000e+00,0.000000e+00,0.000000e+00,0.000000e+00,0.000000e+00
1.000000e+00,0.000000e+00,0.000000e+00,0.000000e+00,0.000000e+00,0.000000e+00,0.000000e+00,0.000000e+00,0.000000e+00,0.000000e+00,0.000000e+00,0.000000e+00,0.000000e+00,0.000000e+00,0.000000e+00
1.000000e+00,0.000000e+00,0.000000e+00,0.000000e+00,0.000000e+00,0.000000e+00,0.000000e+00,0.000000e+00,0.000000e+00,0.000000e+00,0.000000e+00,0.000000e+00,0.000000e+00,0.000000e+00,0.000000e+00
1.000000e+00,0.000000e+00,0.000000e+00,0.000000e+00,0.000000e+00,0.000000e+00,0.000000e+00,0.000000e+00,0.000000e+00,0.000000e+00,0.000000e+00,0.000000e+00,0.000000e+00,0.000000e+00,0.000000e+00
1.000000e+00,0.000000e+00,0.000000e+00,0.000000e+00,0.000000e+00,0.000000e+00,0.000000e+00,0.000000e+00,0.000000e+00,0.000000e+00,0.000000e+00,0.000000e+00,0.000000e+00,0.000000e+00,0.000000e+00
1.000000e+00,0.000000e+00,0.000000e+00,0.000000e+00,0.000000e+00,0.000000e+00,0.000000e+00,0.000000e+00,0.000000e+00,0.000000e+00,0.000000e+00,0.000000e+00,0.000000e+00,0.000000e+00,0.000000e+00
1.000000e+00,0.000000e+00,0.000000e+00,0.000000e+00,0.000000e+00,0.000000e+00,0.000000e+00,0.000000e+00,0.000000e+00,0.000000e+00,0.000000e+00,0.000000e+00,0.000000e+00,0.000000e+00,0.000000e+00
1.000000e+00,0.000000e+00,0.000000e+00,0.000000e+00,0.000000e+00,0.000000e+00,0.000000e+00,0.000000e+00,0.000000e+00,0.000000e+00,0.000000e+00,0.000000e+00,0.000000e+00,0.000000e+00,0.000000e+00
1.000000e+00,0.000000e+00,0.000000e+00,0.000000e+00,0.000000e+00,0.000000e+00,0.000000e+00,0.000000e+00,0.000000e+00,0.000000e+00,0.000000e+00,0.000000e+00,0.000000e+00,0.000000e+00,0.000000e+00
1.000000e+00,0.000000e+00,0.000000e+00,0.000000e+00,0.000000e+00,0.000000e+00,0.000000e+00,0.000000e+00,0.000000e+00,0.000000e+00,0.000000e+00,0.000000e+00,0.000000e+00,0.000000e+00,0.000000e+00
1.000000e+00,0.000000e+00,0.000000e+00,0.000000e+00,0.000000e+00,0.000000e+00,0.000000e+00,0.000000e+00,0.000000e+00,0.000000e+00,0.000000e+00,0.000000e+00,0.000000e+00,0.000000e+00,0.000000e+00
1.000000e+00,0.000000e+00,0.000000e+00,0.000000e+00,0.000000e+00,0.000000e+00,0.000000e+00,0.000000e+00,0.000000e+00,0.000000e+00,0.000000e+00,0.000000e+00,0.000000e+00,0.000000e+00,0.000000e+00
1.000000e+00,0.000000e+00,0.000000e+00,0.000000e+00,0.000000e+00,0.000000e+00,0.000000e+00,0.000000e+00,0.000000e+00,0.000000e+00,0.000000e+00,0.000000e+00,0.000000e+00,0.000000e+00,0.000000e+00
1.000000e+00,0.000000e+00,0.000000e+00,0.000000e+00,0.000000e+00,0.000000e+00,0.000000e+00,0.000000e+00,0.000000e+00,0.000000e+00,0.000000e+00,0.000000e+00,0.000000e+00,0.000000e+00,0.000000e+00
1.000000e+00,0.000000e+00,0.000000e+00,0.000000e+00,0.000000e+00,0.000000e+00,0.000000e+00,0.000000e+00,0.000000e+00,0.000000e+00,0.000000e+00,0.000000e+00,0.000000e+00,0.000000e+00,0.000000e+00
1.000000e+00,0.000000e+00,0.000000e+00,0.000000e+00,0.000000e+00,0.000000e+00,0.000000e+00,0.000000e+00,0.000000e+00,0.000000e+00,0.000000e+00,0.000000e+00,0.000000e+00,0.000000e+00,0.000000e+00
1.000000e+00,0.000000e+00,0.000000e+00,0.000000e+00,0.000000e+00,0.000000e+00,0.000000e+00,0.000000e+00,0.000000e+00,0.000000e+00,0.000000e+00,0.000000e+00,0.000000e+00,0.000000e+00,0.000000e+00
1.000000e+00,0.000000e+00,0.000000e+00,0.000000e+00,0.000000e+00,0.000000e+00,0.000000e+00,0.000000e+00,0.000000e+00,0.000000e+00,0.000000e+00,0.000000e+00,0.000000e+00,0.000000e+00,0.000000e+00
1.000000e+00,0.000000e+00,0.000000e+00,0.000000e+00,0.000000e+00,0.000000e+00,0.000000e+00,0.000000e+00,0.000000e+00,0.000000e+00,0.000000e+00,0.000000e+00,0.000000e+00,0.000000e+00,0.000000e+00
1.000000e+00,0.000000e+00,0.000000e+00,0.000000e+00,0.000000e+00,0.000000e+00,0.000000e+00,0.000000e+00,0.000000e+00,0.000000e+00,0.000000e+00,0.000000e+00,0.000000e+00,0.000000e+00,0.000000e+00
1.000000e+00,0.000000e+00,0.000000e+00,0.000000e+00,0.000000e+00,0.000000e+00,0.000000e+00,0.000000e+00,0.000000e+00,0.000000e+00,0.000000e+00,0.000000e+00,0.000000e+00,0.000000e+00,0.000000e+00
1.000000e+00,0.000000e+00,0.000000e+00,0.000000e+00,0.000000e+00,0.000000e+00,0.000000e+00,0.000000e+00,0.000000e+00,0.000000e+00,0.000000e+00,0.000000e+00,0.000000e+00,0.000000e+00,0.000000e+00
1.000000e+00,0.000000e+00,0.000000e+00,0.000000e+00,0.000000e+00,0.000000e+00,0.000000e+00,0.000000e+00,0.000000e+00,0.000000e+00,0.000000e+00,0.000000e+00,0.000000e+00,0.000000e+00,0.000000e+00
1.000000e+00,0.000000e+00,0.000000e+00,0.000000e+00,0.000000e+00,0.000000e+00,0.000000e+00,0.000000e+00,0.000000e+00,0.000000e+00,0.000000e+00,0.000000e+00,0.000000e+00,0.000000e+00,0.000000e+00
1.000000e+00,0.000000e+00,0.000000e+00,0.000000e+00,0.000000e+00,0.000000e+00,0.000000e+00,0.000000e+00,0.000000e+00,0.000000e+00,0.000000e+00,0.000000e+00,0.000000e+00,0.000000e+00,0.000000e+00
1.000000e+00,0.000000e+00,0.000000e+00,0.000000e+00,0.000000e+00,0.000000e+00,0.000000e+00,0.000000e+00,0.000000e+00,0.000000e+00,0.000000e+00,0.000000e+00,0.000000e+00,0.000000e+00,0.000000e+00
1.000000e+00,0.000000e+00,0.000000e+00,0.000000e+00,0.000000e+00,0.000000e+00,0.000000e+00,0.000000e+00,0.000000e+00,0.000000e+00,0.000000e+00,0.000000e+00,0.000000e+00,0.000000e+00,0.000000e+00
1.000000e+00,0.000000e+00,0.000000e+00,0.000000e+00,0.000000e+00,0.000000e+00,0.000000e+00,0.000000e+00,0.000000e+00,0.000000e+00,0.000000e+00,0.000000e+00,0.000000e+00,0.000000e+00,0.000000e+00
1.000000e+00,0.000000e+00,0.000000e+00,0.000000e+00,0.000000e+00,0.000000e+00,0.000000e+00,0.000000e+00,0.000000e+00,0.000000e+00,0.000000e+00,0.000000e+00,0.000000e+00,0.000000e+00,0.000000e+00
1.000000e+00,0.000000e+00,0.000000e+00,0.000000e+00,0.000000e+00,0.000000e+00,0.000000e+00,0.000000e+00,0.000000e+00,0.000000e+00,0.000000e+00,0.000000e+00,0.000000e+00,0.000000e+00,0.000000e+00
1.000000e+00,0.000000e+00,0.000000e+00,0.000000e+00,0.000000e+00,0.000000e+00,0.000000e+00,0.000000e+00,0.000000e+00,0.000000e+00,0.000000e+00,0.000000e+00,0.000000e+00,0.000000e+00,0.000000e+00
1.000000e+00,0.000000e+00,0.000000e+00,0.000000e+00,0.000000e+00,0.000000e+00,0.000000e+00,0.000000e+00,0.000000e+00,0.000000e+00,0.000000e+00,0.000000e+00,0.000000e+00,0.000000e+00,0.000000e+00
1.000000e+00,0.000000e+00,0.000000e+00,0.000000e+00,0.000000e+00,0.000000e+00,0.000000e+00,0.000000e+00,0.000000e+00,0.000000e+00,0.000000e+00,0.000000e+00,0.000000e+00,0.000000e+00,0.000000e+00
4.301361e-01,2.652217e-02,2.866755e-02,6.325858e-02,1.963069e-02,2.221611e-02,6.371246e-02,2.619633e-01,7.296907e-03,1.685409e-03,9.732472e-03,1.903688e-02,2.392360e-02,2.523219e-03,1.969460e-02
3.355575e-01,1.954918e-02,3.255333e-02,4.585277e-02,1.544070e-02,2.858732e-02,1.228781e-01,3.298690e-01,5.299147e-03,1.301980e-03,7.311556e-03,1.461950e-02,2.382590e-02,2.232602e-03,1.512142e-02
2.636925e-01,1.416226e-02,3.098878e-02,3.371873e-02,1.208054e-02,3.084993e-02,1.497287e-01,4.075211e-01,3.860420e-03,1.011250e-03,5.638046e-03,1.200523e-02,2.109837e-02,2.167728e-03,1.147650e-02
1.945176e-01,1.003692e-02,2.519908e-02,2.488476e-02,8.880456e-03,2.332232e-02,1.149556e-01,5.569479e-01,2.729841e-03,7.392102e-04,4.076828e-03,8.640615e-03,1.513966e-02,1.788585e-03,8.140638e-03
1.416385e-01,7.164979e-03,2.125563e-02,1.892604e-02,6.834615e-03,1.845504e-02,9.959593e-02,6.555946e-01,1.941320e-03,5.513402e-04,2.961237e-03,6.433479e-03,1.132518e-02,1.502237e-03,5.819939e-03
1.155966e-01,5.539270e-03,1.773641e-02,1.452352e-02,5.730166e-03,1.990214e-02,9.676847e-02,6.995160e-01,1.455726e-03,4.965917e-04,2.231430e-03,5.221691e-03,9.368316e-03,1.364708e-03,4.549032e-03
8.459090e-02,4.034701e-03,1.469267e-02,1.081146e-02,4.539271e-03,1.481678e-02,8.281799e-02,7.653145e-01,1.043985e-03,4.055355e-04,1.606653e-03,3.968291e-03,7.019655e-03,1.021669e-03,3.315992e-03
6.297203e-02,2.889492e-03,1.198158e-02,7.965694e-03,3.642611e-03,1.088394e-02,6.911074e-02,8.169826e-01,7.450363e-04,3.341708e-04,1.153477e-03,2.985008e-03,5.185003e-03,7.658098e-04,2.402756e-03
7.439111e-02,2.307910e-03,9.494228e-03,5.892887e-03,3.437349e-03,9.176373e-03,6.256971e-02,8.195443e-01,6.064614e-04,5.746610e-04,9.322540e-04,3.428105e-03,4.616287e-03,6.227816e-04,2.405563e-03
1.032492e-01,1.946367e-03,8.365252e-03,4.610711e-03,3.106765e-03,1.078994e-02,5.921481e-02,7.915775e-01,5.886530e-04,8.496837e-04,9.315899e-04,5.293993e-03,4.857291e-03,6.638925e-04,3.954300e-03
1.518579e-01,1.773061e-03,8.015715e-03,3.860252e-03,3.196930e-03,1.878174e-02,5.938289e-02,7.294537e-01,6.277197e-04,1.395525e-03,1.014966e-03,6.933791e-03,7.074065e-03,6.767302e-04,5.954972e-03
1.585546e-01,1.855295e-03,7.848900e-03,3.659739e-03,4.389369e-03,2.167596e-02,4.626352e-02,7.278225e-01,9.433820e-04,1.824275e-03,1.407295e-03,6.473682e-03,8.935523e-03,7.517114e-04,7.594220e-03
1.147951e-01,1.877813e-03,1.155097e-02,4.775229e-03,5.946349e-03,2.460804e-02,4.438385e-02,6.409686e-01,1.207979e-03,4.263612e-03,4.780746e-03,9.135035e-03,1.011566e-01,1.139524e-03,2.941055e-02
8.688115e-02,1.723675e-03,9.016223e-03,4.868758e-03,4.906657e-03,1.841284e-02,3.330471e-02,5.174763e-01,1.557116e-03,6.679144e-03,1.182403e-02,1.570172e-02,2.442046e-01,5.028691e-03,3.841446e-02
6.281086e-02,1.508979e-03,6.505147e-03,5.828820e-03,3.743475e-03,1.393068e-02,2.368048e-02,3.703304e-01,3.557814e-03,7.414636e-03,2.064863e-02,1.689905e-02,4.013082e-01,7.468227e-03,5.436457e-02
4.457354e-02,1.175160e-03,4.595512e-03,7.253394e-03,3.167375e-03,1.042958e-02,1.670235e-02,2.596984e-01,9.736639e-03,6.068935e-03,2.109262e-02,1.340413e-02,5.462301e-01,6.623476e-03,4.924886e-02
3.179215e-02,1.511435e-03,3.539687e-03,2.737188e-02,4.183560e-03,8.433940e-03,1.202329e-02,1.821491e-01,2.640354e-02,8.178070e-03,4.245875e-02,1.898587e-02,5.619096e-01,9.261472e-03,6.179775e-02
2.430045e-02,2.439269e-03,3.072379e-03,5.343736e-02,5.304011e-03,9.469050e-03,9.170740e-03,1.278175e-01,3.865516e-02,1.367820e-02,6.376225e-02,4.420766e-02,5.195158e-01,1.467774e-02,7.049253e-02
1.789942e-02,2.056859e-03,2.884677e-03,6.018294e-02,5.111983e-03,1.213281e-02,7.142762e-03,8.973674e-02,3.479006e-02,2.521534e-02,9.189757e-02,1.566512e-01,4.240503e-01,1.305235e-02,5.719496e-02
1.294304e-02,1.737812e-03,2.765837e-03,5.818525e-02,5.002203e-03,9.626339e-03,5.193767e-03,6.296612e-02,3.074690e-02,3.455351e-02,1.142696e-01,2.448740e-01,3.603862e-01,1.356916e-02,4.318032e-02
9.582506e-03,1.357098e-03,2.981114e-03,5.044112e-02,4.967954e-03,9.658746e-03,3.812713e-03,4.420420e-02,2.454428e-02,4.381129e-02,1.365423e-01,3.628831e-01,2.619608e-01,1.235449e-02,3.089826e-02
8.374714e-03,1.194547e-03,2.614598e-03,3.649219e-02,5.517162e-03,7.835600e-03,2.750110e-03,3.151219e-02,2.216374e-02,4.308803e-02,1.274644e-01,4.838814e-01,1.916736e-01,1.336422e-02,2.207361e-02
1.030488e-02,9.668397e-04,2.223506e-03,2.880219e-02,9.229369e-03,7.446500e-03,2.253592e-03,2.350826e-02,2.207119e-02,4.240900e-02,1.357068e-01,5.406640e-01,1.460132e-01,1.195659e-02,1.644418e-02
9.420540e-03,8.926770e-04,1.780113e-03,2.111471e-02,2.334806e-02,6.004162e-03,1.888442e-03,1.994299e-02,2.491817e-02,3.217598e-02,1.641421e-01,5.588731e-01,1.138770e-01,9.333462e-03,1.228848e-02
7.514831e-03,1.185741e-03,1.392177e-03,1.509674e-02,9.675112e-02,6.423799e-03,2.047728e-03,1.555755e-02,8.894186e-02,2.371628e-02,1.820167e-01,4.558437e-01,8.731282e-02,6.986870e-03,9.212053e-03
6.615761e-03,2.892789e-03,1.523495e-03,1.299005e-02,1.446843e-01,6.881394e-03,1.924876e-03,2.033173e-02,1.877929e-01,1.768209e-02,1.429154e-01,3.752171e-01,6.651819e-02,5.395722e-03,6.634170e-03
7.241867e-03,6.775967e-03,2.109002e-03,1.101840e-02,1.311314e-01,7.194168e-03,1.712714e-03,3.129830e-02,2.152415e-01,1.992480e-02,1.130675e-01,3.865163e-01,5.601181e-02,5.950470e-03,4.805788e-03
7.990569e-03,8.626957e-03,2.359784e-03,1.093150e-02,1.144543e-01,6.605473e-03,1.850699e-03,4.265876e-02,2.370121e-01,1.620159e-02,8.707942e-02,4.109580e-01,4.401641e-02,5.827317e-03,3.427087e-03
8.125270e-03,1.099154e-02,2.492721e-03,1.038192e-02,9.747701e-02,7.447728e-03,1.952463e-03,5.649754e-02,3.139096e-01,1.459523e-02,6.941856e-02,3.645071e-01,3.499697e-02,4.731449e-03,2.474842e-03
7.089067e-03,1.345174e-02,1.853002e-03,7.422840e-03,7.575744e-02,6.785399e-03,1.584495e-03,4.199487e-02,4.898084e-01,1.073785e-02,5.266422e-02,2.601795e-01,2.519801e-02,3.655359e-03,1.817851e-03
5.382288e-03,1.126104e-02,1.649726e-03,5.435749e-03,5.469361e-02,5.871216e-03,1.159748e-03,3.189110e-02,6.326775e-01,7.715766e-03,3.747089e-02,1.828679e-01,1.793632e-02,2.665446e-03,1.321655e-03
4.234359e-03,9.964528e-03,1.268147e-03,4.839204e-03,4.335554e-02,5.286166e-03,9.508802e-04,2.252288e-02,7.313625e-01,5.810947e-03,2.645136e-02,1.281894e-01,1.276547e-02,1.898533e-03,1.100090e-03
3.733930e-03,9.284576e-03,9.428398e-04,4.593104e-03,3.719024e-02,6.099067e-03,8.030848e-04,1.581804e-02,7.965061e-01,4.394940e-03,1.883189e-02,8.990123e-02,9.333824e-03,1.375343e-03,1.191769e-03
4.450144e-03,7.965677e-03,7.744162e-04,3.992646e-03,6.821799e-02,6.546178e-03,1.220182e-03,1.131015e-02,8.059261e-01,3.254694e-03,1.393604e-02,6.307545e-02,6.799166e-03,1.006682e-03,1.524335e-03
5.702191e-03,1.607783e-02,1.208991e-03,3.279415e-02,6.471615e-02,7.268951e-03,1.108292e-03,9.873692e-03,7.897160e-01,3.254802e-03,1.166690e-02,4.484150e-02,6.171524e-03,8.827947e-04,4.716217e-03
7.666189e-03,1.569434e-02,1.608981e-03,6.431180e-02,5.888817e-02,7.737840e-03,1.019655e-03,9.290874e-03,7.756787e-01,3.968806e-03,9.050741e-03,3.214656e-02,5.304851e-03,7.025441e-04,6.929945e-03
1.216534e-02,1.449706e-02,1.575785e-03,7.075146e-02,6.597456e-02,7.994952e-03,9.974344e-04,1.301751e-02,7.688819e-01,3.822241e-03,7.037431e-03,2.295116e-02,4.053425e-03,5.417491e-04,5.737999e-03
1.349651e-02,2.125584e-02,2.010066e-03,1.057911e-01,6.065798e-02,6.831737e-03,8.112904e-04,1.204550e-02,7.378119e-01,5.212351e-03,7.449937e-03,1.696277e-02,3.645067e-03,4.417954e-04,5.576230e-03
2.521006e-02,1.860118e-02,2.128752e-03,9.076774e-02,8.428366e-02,5.636232e-03,7.990596e-04,2.664194e-02,7.084230e-01,4.433432e-03,1.205534e-02,1.249259e-02,3.740465e-03,3.854904e-04,4.401016e-03
2.379078e-02,2.968273e-02,2.301860e-03,1.327849e-01,6.540465e-02,4.669301e-03,7.543580e-04,2.353271e-02,6.454244e-01,4.649168e-03,4.183031e-02,9.835407e-03,7.561401e-03,6.324672e-04,7.145575e-03
2.119142e-02,3.580154e-02,4.128946e-03,1.293714e-01,4.879725e-02,4.113614e-03,6.522273e-04,2.134981e-02,6.172302e-01,1.177623e-02,7.025708e-02,7.583527e-03,1.395275e-02,8.196071e-04,1.297450e-02
1.632788e-02,2.568015e-02,4.142620e-03,1.176158e-01,3.594832e-02,3.748174e-03,5.549391e-04,1.629276e-02,6.022978e-01,1.197579e-02,1.044136e-01,6.380342e-03,3.223587e-02,2.087028e-03,2.029906e-02
1.241044e-02,1.833398e-02,5.304891e-03,1.082042e-01,2.609158e-02,3.350035e-03,4.803711e-04,1.212251e-02,6.074913e-01,1.397850e-02,1.203971e-01,5.238236e-03,4.016377e-02,4.139948e-03,2.229315e-02
9.442192e-03,1.382545e-02,4.626959e-03,8.121799e-02,2.142315e-02,3.279007e-03,1.207631e-03,8.807056e-03,4.533371e-01,1.114385e-02,1.246067e-01,4.271745e-03,8.162753e-02,1.169229e-02,1.694914e-01
6.860011e-03,9.934693e-03,3.587550e-03,5.872900e-02,1.583684e-02,2.922236e-03,9.080294e-04,6.386022e-03,3.500766e-01,8.760828e-03,1.076149e-01,3.261915e-03,8.581416e-02,1.707245e-02,3.222348e-01
4.941733e-03,7.226074e-03,2.817307e-03,4.164632e-02,1.366136e-02,2.810856e-03,7.121898e-04,4.552986e-03,2.813800e-01,6.562471e-03,7.733154e-02,2.764829e-03,7.174536e-02,1.327294e-02,4.685740e-01
3.783521e-03,5.228437e-03,3.823658e-03,3.020974e-02,1.059528e-02,3.737646e-03,7.137429e-04,3.747730e-03,2.186378e-01,5.977509e-03,6.019747e-02,3.201816e-03,5.826916e-02,1.077742e-02,5.810990e-01
3.440460e-03,4.066096e-03,3.971636e-03,2.185601e-02,7.701044e-03,2.755750e-02,8.056356e-04,2.905341e-03,1.666019e-01,8.434033e-03,5.650117e-02,3.927235e-03,4.783253e-02,1.223080e-02,6.321687e-01
3.551176e-03,3.758226e-03,3.643511e-03,1.654981e-02,5.861344e-03,3.468030e-02,6.316798e-04,2.189133e-03,1.473090e-01,8.310528e-03,1.233737e-01,5.185715e-03,4.563005e-02,1.900572e-02,5.803202e-01
3.506538e-03,3.211360e-03,3.120445e-03,1.250486e-02,4.420583e-03,3.798614e-02,4.871895e-04,1.642421e-03,1.354676e-01,6.768937e-03,1.653000e-01,6.186559e-03,4.785412e-02,4.978821e-02,5.217551e-01
4.230152e-03,4.259581e-03,6.264624e-03,1.005057e-02,3.783863e-03,3.160878e-02,3.963411e-04,1.268640e-03,1.296850e-01,9.106423e-03,1.928279e-01,6.739613e-03,4.707487e-02,1.088207e-01,4.438830e-01
4.987969e-03,4.444612e-03,8.954871e-03,8.116602e-03,2.971001e-03,2.483467e-02,3.465817e-04,1.213810e-03,1.125764e-01,1.364253e-02,2.111225e-01,6.973195e-03,5.348372e-02,1.515566e-01,3.947750e-01
4.322042e-03,5.566285e-03,1.043685e-02,6.235227e-03,3.799738e-03,2.036096e-02,2.876326e-04,9.850138e-04,1.593211e-01,1.272835e-02,1.789134e-01,6.054090e-03,4.345136e-02,2.303796e-01,3.171584e-01
4.037767e-03,6.096689e-03,8.233957e-03,4.532867e-03,3.422722e-03,1.489149e-02,2.327021e-04,8.926789e-04,1.682579e-01,1.470533e-02,1.570873e-01,4.832592e-03,3.246832e-02,3.330970e-01,2.472107e-01
3.443763e-03,4.788190e-03,6.394975e-03,3.411945e-03,2.904419e-03,1.114684e-02,2.007698e-04,9.808831e-04,1.551856e-01,1.861721e-02,1.914555e-01,3.821226e-03,2.435352e-02,2.819257e-01,2.913696e-01
3.707658e-03,3.676087e-03,4.826303e-03,2.976058e-03,3.780880e-03,8.898319e-03,2.276671e-04,1.481819e-03,1.653408e-01,1.929256e-02,2.195586e-01,4.553756e-03,2.152343e-02,2.648928e-01,2.752632e-01
3.634965e-03,2.977041e-03,3.681808e-03,2.775175e-03,4.763993e-03,7.174065e-03,2.476054e-04,1.135760e-03,2.178288e-01,1.972581e-02,2.384263e-01,6.781341e-03,2.223395e-02,2.427686e-01,2.258449e-01
7.929079e-03,3.558605e-03,3.444190e-03,3.124324e-03,9.145541e-03,6.589959e-03,3.959324e-04,9.831593e-04,2.481884e-01,2.507486e-02,2.467595e-01,9.654970e-03,2.174500e-02,2.392738e-01,1.741327e-01
7.936340e-03,3.903975e-03,2.831917e-03,2.923136e-03,7.823511e-03,5.507423e-03,3.503608e-04,7.958272e-04,2.055760e-01,2.716257e-02,2.887964e-01,1.096790e-02,1.731985e-02,2.940471e-01,1.240578e-01
1.308190e-02,3.550272e-03,2.459646e-03,2.911140e-03,7.520540e-03,4.358708e-03,3.281948e-04,7.014730e-04,1.643733e-01,3.602267e-02,3.128816e-01,1.066235e-02,1.308481e-02,3.388129e-01,8.925050e-02
1.219260e-02,2.870528e-03,1.865954e-03,2.405338e-03,5.729785e-03,3.254515e-03,2.962748e-04,5.696691e-04,1.179941e-01,4.414294e-02,3.407530e-01,1.175702e-02,1.022389e-02,3.826885e-01,6.325589e-02
1.174473e-02,2.272906e-03,1.407331e-03,1.902772e-03,5.568500e-03,2.699291e-03,6.391238e-04,6.275799e-04,8.328380e-02,5.058835e-02,4.328933e-01,1.126799e-02,9.021408e-03,3.411278e-01,4.495520e-02
1.014234e-02,1.737488e-03,1.044252e-03,1.482611e-03,1.360810e-02,2.223311e-03,9.132335e-04,7.859162e-04,5.885170e-02,4.869293e-02,4.464189e-01,1.053251e-02,9.332111e-03,3.609045e-01,3.333015e-02
8.555578e-03,1.590299e-03,1.118920e-03,1.333341e-03,6.730550e-02,2.095863e-03,2.074304e-03,1.047692e-03,4.611525e-02,5.521633e-02,4.439318e-01,1.625483e-02,9.679857e-03,3.191757e-01,2.450485e-02
6.786645e-03,1.760551e-03,1.960865e-03,1.263404e-03,1.353955e-01,2.412820e-03,4.453779e-03,1.424383e-03,3.936570e-02,6.142982e-02,3.861400e-01,1.963753e-02,1.203318e-02,3.076431e-01,1.829273e-02
5.699979e-03,4.931645e-03,1.543328e-02,1.009470e-02,1.080057e-01,4.009742e-03,4.457898e-03,5.577146e-03,5.292761e-02,9.043568e-02,3.371126e-01,4.998439e-02,1.740530e-02,2.334450e-01,6.047935e-02
4.183099e-03,3.579383e-03,1.245565e-02,1.528884e-02,7.754746e-02,3.201261e-03,3.236567e-03,2.538610e-02,2.130744e-01,7.816495e-02,2.576373e-01,4.861084e-02,2.028960e-02,1.702399e-01,6.710468e-02
3.488035e-03,2.770550e-03,1.316086e-02,2.028508e-02,5.837220e-02,2.988744e-03,2.389162e-03,8.261374e-02,2.569693e-01,6.260784e-02,2.183822e-01,5.191130e-02,3.541979e-02,1.248115e-01,6.382979e-02
4.437672e-03,2.653456e-03,2.256607e-02,2.148534e-02,4.962038e-02,4.646467e-03,2.219987e-03,1.731828e-01,2.221632e-01,5.074659e-02,1.869023e-01,4.689069e-02,6.208002e-02,9.457736e-02,5.582775e-02
3.965962e-03,2.136419e-03,2.284472e-02,3.241823e-02,3.801618e-02,4.280637e-03,1.814738e-03,2.194868e-01,2.134041e-01,4.335603e-02,1.751300e-01,4.283754e-02,8.025475e-02,6.988452e-02,5.016953e-02
7.378544e-03,2.269313e-03,6.108288e-02,4.055953e-02,3.233804e-02,7.433631e-03,2.608489e-03,2.641925e-01,1.842145e-01,3.707218e-02,1.624415e-01,3.283134e-02,7.202291e-02,5.358845e-02,3.996622e-02
7.066774e-03,1.350528e-02,1.695502e-01,3.800970e-02,2.960920e-02,6.362650e-03,2.406001e-03,1.936732e-01,2.354963e-01,2.890512e-02,1.297140e-01,2.467609e-02,5.370390e-02,3.834051e-02,2.898110e-02
5.986125e-03,6.061311e-02,1.410977e-01,3.103532e-02,2.488142e-02,6.839153e-03,2.031050e-03,1.372556e-01,3.668867e-01,2.090121e-02,9.512757e-02,1.883331e-02,3.912900e-02,2.701849e-02,2.236424e-02
4.687936e-03,1.519296e-01,1.026707e-01,3.223550e-02,2.602651e-02,6.749922e-03,1.595153e-03,9.740062e-02,4.158170e-01,1.484409e-02,6.840514e-02,1.373946e-02,2.854996e-02,1.907644e-02,1.627197e-02
3.683284e-03,2.253747e-01,7.992768e-02,4.226023e-02,2.916732e-02,6.014170e-03,1.406907e-03,8.034097e-02,4.168602e-01,1.051378e-02,4.871985e-02,9.906242e-03,2.057415e-02,1.343335e-02,1.181718e-02
3.853701e-03,2.560804e-01,6.373347e-02,6.125928e-02,3.811129e-02,6.598471e-03,1.387331e-03,8.543351e-02,3.980138e-01,7.872079e-03,3.497120e-02,7.184020e-03,1.663100e-02,9.471174e-03,9.399332e-03
6.619047e-03,2.021177e-01,5.847117e-02,9.481374e-02,3.742319e-02,2.836836e-02,1.380635e-03,6.718037e-02,4.398100e-01,5.907461e-03,2.569103e-02,5.254883e-03,1.294233e-02,6.700787e-03,7.319295e-03
1.766950e-02,1.665270e-01,4.614342e-02,7.747065e-02,5.634133e-02,2.318774e-02,3.044656e-03,6.134696e-02,5.004627e-01,4.388011e-03,1.872033e-02,3.795720e-03,1.051849e-02,4.748420e-03,5.635106e-03
2.900633e-02,1.198963e-01,3.547994e-02,9.007334e-02,8.585504e-02,1.728947e-02,3.926871e-03,7.384694e-02,5.086659e-01,3.603165e-03,1.357913e-02,2.808384e-03,8.167920e-03,3.359263e-03,4.441903e-03
3.916921e-02,9.264231e-02,2.655762e-02,8.330891e-02,9.068954e-02,1.438234e-02,4.417794e-03,6.468983e-02,5.484921e-01,3.379409e-03,1.032756e-02,2.318330e-03,1.265646e-02,2.478871e-03,4.489625e-03
3.141677e-02,9.125248e-02,2.058252e-02,7.173060e-02,8.494328e-02,1.272201e-02,3.564557e-03,4.727697e-02,5.746027e-01,3.688418e-03,9.734470e-03,2.499862e-03,3.637497e-02,1.915548e-03,7.694855e-03
2.477224e-02,7.092706e-02,2.226623e-02,6.727019e-02,7.009348e-02,1.190771e-02,3.073942e-03,5.164857e-02,5.189917e-01,3.985778e-03,1.225658e-02,6.975795e-03,1.010749e-01,1.920661e-03,3.283510e-02
2.001385e-02,5.829081e-02,2.001260e-02,7.852857e-02,5.065654e-02,1.181796e-02,2.446361e-03,3.799806e-02,4.540002e-01,4.816744e-03,1.434037e-02,8.482588e-03,1.224317e-01,2.220287e-03,1.139433e-01
1.529211e-02,4.253183e-02,1.437440e-02,5.792296e-02,3.772506e-02,8.908191e-03,2.004924e-03,2.776508e-02,5.422490e-01,3.621666e-03,2.120347e-02,1.218083e-02,1.060563e-01,1.687232e-03,1.064769e-01
1.161324e-02,3.440924e-02,1.087733e-02,4.873613e-02,2.827918e-02,7.155945e-03,1.690913e-03,2.501944e-02,6.061779e-01,2.838561e-03,1.795566e-02,9.499646e-03,7.820412e-02,1.399535e-03,1.161431e-01
9.623798e-03,3.829200e-02,1.070099e-02,5.726082e-02,2.209629e-02,5.949447e-03,1.417220e-03,1.905301e-02,6.292835e-01,3.040033e-03,1.363463e-02,6.879629e-03,5.879115e-02,1.229611e-03,1.227478e-01
1.289163e-02,3.764281e-02,1.026258e-02,4.939101e-02,1.868856e-02,8.370807e-03,1.428182e-03,2.279531e-02,6.355829e-01,2.832794e-03,1.021642e-02,5.011803e-03,4.394490e-02,1.294503e-03,1.396458e-01
1.626278e-02,3.321773e-02,1.910023e-02,1.786471e-01,1.669450e-02,8.771544e-03,1.101724e-03,4.067668e-02,5.365881e-01,3.005458e-03,8.967607e-03,3.692194e-03,3.182315e-02,1.103349e-03,1.003478e-01
2.939036e-02,3.714179e-02,4.545978e-02,1.523387e-01,1.583966e-02,1.483456e-02,1.509195e-03,3.469513e-02,5.005725e-01,1.576536e-02,8.371234e-03,3.175671e-03,2.415966e-02,1.841880e-03,1.149045e-01
7.532772e-02,4.863700e-02,4.277796e-02,1.201543e-01,4.191753e-02,2.851780e-02,4.033964e-03,3.164621e-02,4.357705e-01,1.202640e-02,6.932104e-03,2.717883e-03,1.894072e-02,1.535204e-03,1.290647e-01
7.639978e-02,6.006969e-02,5.276001e-02,9.470573e-02,4.749861e-02,4.597931e-02,5.893977e-03,8.024657e-02,3.878704e-01,9.690959e-03,6.291451e-03,2.737004e-03,1.474702e-02,1.902406e-03,1.132071e-01
7.391021e-02,7.264105e-02,1.363277e-01,1.521037e-01,3.980996e-02,3.714807e-02,4.628139e-03,6.814530e-02,2.806702e-01,8.852911e-03,5.350301e-03,3.230367e-03,1.127725e-02,1.559057e-03,1.043457e-01
1.170825e-01,8.684682e-02,1.662428e-01,1.547513e-01,3.744634e-02,4.659332e-02,4.055510e-03,6.060019e-02,2.164031e-01,8.451524e-03,5.829452e-03,5.713793e-03,9.276682e-03,1.498444e-03,7.920812e-02
1.457022e-01,8.320798e-02,1.301390e-01,1.195714e-01,4.237845e-02,1.016160e-01,3.858907e-03,4.696042e-02,2.059059e-01,2.645230e-02,5.127077e-03,5.676718e-03,1.052753e-02,1.707229e-03,7.116890e-02
1.791454e-01,8.290632e-02,1.256506e-01,9.200084e-02,5.268357e-02,9.712185e-02,5.080659e-03,4.622463e-02,1.935870e-01,3.883877e-02,4.034092e-03,5.526904e-03,1.181816e-02,1.610637e-03,6.377047e-02
2.451885e-01,6.700210e-02,1.470319e-01,7.415676e-02,4.185273e-02,1.059814e-01,5.849995e-03,3.901071e-02,1.598387e-01,3.871655e-02,4.108083e-03,6.173691e-03,1.424511e-02,1.512149e-03,4.933156e-02
2.772456e-01,5.461231e-02,1.734619e-01,6.266895e-02,3.878219e-02,9.201269e-02,6.595371e-03,4.310590e-02,1.487649e-01,3.440653e-02,3.742108e-03,6.576642e-03,1.725151e-02,1.469921e-03,3.930353e-02
2.568253e-01,4.615417e-02,2.499134e-01,6.371762e-02,3.591959e-02,7.747890e-02,7.760715e-03,4.746737e-02,1.312807e-01,2.675117e-02,3.279887e-03,6.330444e-03,1.713810e-02,1.200978e-03,2.878165e-02
2.606156e-01,3.703756e-02,2.668840e-01,7.038863e-02,3.900460e-02,8.869512e-02,6.856497e-03,3.705053e-02,1.029349e-01,2.676881e-02,4.107052e-03,1.986107e-02,1.454791e-02,1.412974e-03,2.383479e-02
2.398025e-01,3.009660e-02,2.159549e-01,6.518851e-02,3.041551e-02,2.008525e-01,5.483551e-03,2.734684e-02,7.522412e-02,2.687613e-02,7.449895e-03,3.570582e-02,1.600993e-02,1.783665e-03,2.180952e-02
2.541963e-01,2.346486e-02,1.575697e-01,5.777629e-02,2.256856e-02,2.190354e-01,4.246027e-03,2.057568e-02,5.616092e-02,2.207954e-02,1.546816e-02,8.870019e-02,3.570750e-02,2.228829e-03,2.022215e-02
2.166144e-01,1.749470e-02,1.129198e-01,4.467863e-02,1.600621e-02,3.064805e-01,3.268006e-03,1.459978e-02,4.135062e-02,1.807949e-02,1.569134e-02,1.422069e-01,2.929899e-02,3.012869e-03,1.829783e-02
1.615559e-01,1.361641e-02,8.204560e-02,3.364607e-02,1.181187e-02,3.492124e-01,2.930096e-03,1.057146e-02,3.230603e-02,2.117494e-02,2.090667e-02,2.058783e-01,2.621998e-02,5.436274e-03,2.268789e-02
1.250222e-01,1.053835e-02,5.909034e-02,2.642599e-02,9.033626e-03,3.182059e-01,2.393125e-03,8.027477e-03,2.543572e-02,1.542262e-02,2.015039e-02,3.350415e-01,1.992489e-02,5.469445e-03,1.981842e-02
9.527460e-02,7.641746e-03,4.273420e-02,1.976483e-02,6.786857e-03,2.961841e-01,2.088995e-03,5.836453e-03,1.905695e-02,1.152748e-02,1.698133e-02,4.424957e-01,1.458521e-02,4.473279e-03,1.456827e-02
6.759499e-02,5.428727e-03,3.039123e-02,1.411403e-02,5.015139e-03,2.210815e-01,1.728142e-03,4.131650e-03,1.439975e-02,9.385030e-03,1.532603e-02,5.869877e-01,1.066407e-02,3.273979e-03,1.047812e-02
4.743911e-02,3.850485e-03,2.197361e-02,9.942924e-03,5.449736e-03,1.564039e-01,1.276448e-03,2.941069e-03,1.271965e-02,9.102451e-03,1.431902e-02,6.959664e-01,8.754909e-03,2.447559e-03,7.412765e-03
3.328110e-02,2.791707e-03,1.624853e-02,6.977361e-03,6.271688e-03,1.100973e-01,9.778343e-04,2.202018e-03,1.417197e-02,1.046324e-02,1.213334e-02,7.690460e-01,7.995050e-03,2.121642e-03,5.221267e-03
2.354901e-02,1.988089e-03,1.186818e-02,4.895573e-03,5.566335e-03,7.848339e-02,7.388323e-04,1.596253e-03,1.132204e-02,1.189441e-02,1.020104e-02,8.260182e-01,6.457011e-03,1.739938e-03,3.681745e-03
1.712171e-02,1.779169e-03,1.064881e-02,3.435917e-03,6.039715e-03,5.581664e-02,5.380521e-04,1.229394e-03,1.148445e-02,1.083050e-02,1.001680e-02,8.600420e-01,6.571164e-03,1.788940e-03,2.656831e-03
1.267700e-02,3.444010e-03,5.618322e-02,2.438500e-03,7.201123e-02,4.018430e-02,5.256919e-04,1.848756e-03,1.766939e-02,8.363979e-03,7.980846e-03,7.674485e-01,5.663290e-03,1.613896e-03,1.947426e-03
9.693347e-03,2.771052e-03,4.292956e-02,1.742057e-03,8.122905e-02,2.852951e-02,6.785949e-04,2.603007e-03,2.979354e-02,3.008645e-02,7.660641e-03,7.515510e-01,6.785715e-03,2.491770e-03,1.454818e-03
7.705063e-03,2.398873e-03,3.228467e-02,1.253242e-03,8.710818e-02,2.022786e-02,7.583816e-04,3.245453e-03,4.756098e-02,3.332543e-02,8.151853e-03,7.445805e-01,7.831092e-03,2.471787e-03,1.096744e-03
5.727233e-03,2.538816e-03,2.742407e-02,8.854899e-04,7.807723e-02,1.498727e-02,6.238300e-04,3.150629e-03,6.131259e-02,6.497788e-02,1.905173e-02,7.107152e-01,6.545645e-03,3.107485e-03,8.749503e-04
4.204153e-03,5.929652e-03,2.448578e-02,6.285191e-04,5.920370e-02,1.079331e-02,5.214154e-04,2.605569e-03,6.362976e-02,1.127110e-01,3.083527e-02,6.752503e-01,5.291070e-03,3.118661e-03,7.918903e-04
3.801683e-03,5.527082e-03,2.022661e-02,6.500649e-04,6.594351e-02,8.542852e-03,8.759066e-04,7.848037e-03,1.553879e-01,1.616272e-01,4.841087e-02,5.126430e-01,4.822433e-03,2.859998e-03,8.328429e-04
5.004198e-03,5.063882e-03,1.562889e-02,1.071312e-03,5.585085e-02,1.863880e-02,1.182735e-03,1.387679e-02,1.698098e-01,2.037074e-01,5.760218e-02,4.334645e-01,9.454775e-03,7.968036e-03,1.675833e-03
5.277249e-03,4.395105e-03,1.212144e-02,1.400050e-03,4.795956e-02,1.395815e-02,1.840487e-03,1.169821e-02,2.026466e-01,2.513657e-01,5.755295e-02,3.694248e-01,1.169466e-02,7.158005e-03,1.507069e-03
6.694492e-03,3.509372e-03,8.714681e-03,1.596136e-03,3.750880e-02,1.106040e-02,1.403254e-03,8.699428e-03,1.500182e-01,4.319424e-01,5.019873e-02,2.671190e-01,1.131679e-02,8.518361e-03,1.699943e-03
8.844089e-03,3.467857e-03,6.527393e-03,2.639513e-03,3.336317e-02,8.381942e-03,1.040214e-03,7.183585e-03,1.224738e-01,5.038006e-01,6.554923e-02,2.053739e-01,1.253830e-02,1.627300e-02,2.543530e-03
1.340260e-02,4.027410e-03,5.331586e-03,3.430469e-03,3.165979e-02,7.887878e-03,8.479046e-04,6.106841e-03,1.097773e-01,4.471959e-01,1.551910e-01,1.594543e-01,1.295995e-02,3.789344e-02,4.833565e-03
1.946119e-02,4.386366e-03,5.533475e-03,4.158845e-03,2.523543e-02,7.400199e-03,6.647625e-04,5.060069e-03,8.630480e-02,3.692402e-01,2.848624e-01,1.236496e-01,1.134085e-02,4.820117e-02,4.500670e-03
2.185262e-02,3.659708e-03,4.472909e-03,3.774296e-03,2.098196e-02,7.508779e-03,5.587665e-04,3.885898e-03,6.573806e-02,3.859590e-01,3.205607e-01,9.647808e-02,9.091902e-03,5.159397e-02,3.883296e-03
2.593755e-02,2.882992e-03,3.261706e-03,3.178566e-03,1.621589e-02,6.751275e-03,4.798694e-04,2.927931e-03,4.819966e-02,3.610068e-01,4.017527e-01,7.335506e-02,7.631526e-03,4.301618e-02,3.402296e-03
3.434156e-02,3.594133e-03,3.024760e-03,2.661454e-03,1.251406e-02,7.043476e-03,4.920632e-04,2.223219e-03,3.697512e-02,3.960221e-01,3.700944e-01,6.364512e-02,7.693781e-03,5.076257e-02,8.912240e-03
5.417022e-02,6.355835e-03,4.082298e-03,2.802281e-03,9.874100e-03,8.331541e-03,6.867510e-04,2.259051e-03,3.342476e-02,3.100885e-01,4.295747e-01,6.339536e-02,6.516862e-03,5.816247e-02,1.027526e-02
4.715657e-02,5.221377e-03,3.298242e-03,2.483546e-03,7.539434e-03,7.664349e-03,6.091300e-04,2.161123e-03,2.854121e-02,2.757525e-01,4.921501e-01,5.422454e-02,6.122932e-03,5.798671e-02,9.088306e-03
4.216622e-02,5.272346e-03,2.753942e-03,2.017184e-03,5.769879e-03,7.232394e-03,5.369777e-04,1.743035e-03,2.446761e-02,2.945773e-01,4.944359e-01,4.889753e-02,5.447689e-03,5.686333e-02,7.818695e-03
3.735670e-02,8.224498e-03,2.810593e-03,1.955557e-03,4.685247e-03,7.123896e-03,5.458349e-04,1.436728e-03,2.792205e-02,2.483196e-01,5.054393e-01,5.313461e-02,4.813937e-03,8.933915e-02,6.892245e-03
3.477849e-02,1.034232e-02,3.202575e-03,1.647337e-03,3.934652e-03,6.813221e-03,4.896530e-04,1.203880e-03,2.714113e-02,2.448079e-01,4.852332e-01,5.082227e-02,4.449463e-03,1.190765e-01,6.057415e-03
4.935604e-02,1.406943e-02,9.018714e-03,1.788773e-03,4.361941e-03,8.586546e-03,9.592017e-04,2.817933e-03,3.082820e-02,2.054120e-01,4.747481e-01,4.983329e-02,4.905361e-03,1.370389e-01,6.275552e-03
4.277593e-02,1.127347e-02,7.462834e-03,1.640592e-03,4.006290e-03,7.792410e-03,9.008325e-04,2.758958e-03,2.514974e-02,1.587031e-01,5.625693e-01,4.106931e-02,4.234668e-03,1.244851e-01,5.177523e-03
5.105801e-02,1.549404e-02,1.836102e-02,2.296914e-03,8.212859e-03,2.228664e-02,1.109347e-03,3.355373e-03,2.438688e-02,1.796066e-01,4.790431e-01,3.854164e-02,5.311267e-03,1.434906e-01,7.445673e-03
5.787659e-02,1.603905e-02,1.767897e-02,2.711288e-03,7.659325e-03,2.130448e-02,1.091857e-03,2.933262e-03,2.980111e-02,2.003140e-01,4.363580e-01,3.645270e-02,4.937341e-03,1.542049e-01,1.063707e-02
7.359070e-02,1.571236e-02,1.921503e-02,5.541455e-03,6.446555e-03,1.776078e-02,1.404347e-03,2.957611e-03,3.645570e-02,1.818623e-01,4.321530e-01,4.180811e-02,4.414084e-03,1.497899e-01,1.088788e-02
1.270213e-01,1.677247e-02,2.285412e-02,8.061811e-03,7.218556e-03,1.825066e-02,2.037294e-03,4.296115e-03,4.217776e-02,1.588649e-01,3.829412e-01,4.139181e-02,4.042866e-03,1.534182e-01,1.065085e-02
1.441488e-01,1.442903e-02,2.461056e-02,1.446614e-02,9.397132e-03,1.895285e-02,1.790207e-03,1.144383e-02,3.809803e-02,1.587159e-01,3.679664e-01,3.346651e-02,3.428961e-03,1.489611e-01,1.012450e-02
1.989670e-01,1.622386e-02,2.703270e-02,2.212918e-02,1.014495e-02,1.931498e-02,1.525139e-03,1.028581e-02,3.861547e-02,1.206599e-01,3.003478e-01,3.097438e-02,3.490333e-03,1.847258e-01,1.556276e-02
2.151521e-01,1.910990e-02,2.804514e-02,2.314558e-02,1.793138e-02,1.926895e-02,1.450545e-03,1.179118e-02,4.199371e-02,9.726632e-02,2.704265e-01,2.584893e-02,3.015896e-03,2.108316e-01,1.472233e-02
2.333256e-01,2.371265e-02,2.896550e-02,2.418814e-02,3.202191e-02,1.997222e-02,1.237747e-03,1.116706e-02,4.012842e-02,7.593952e-02,2.341466e-01,2.081866e-02,2.465313e-03,2.377996e-01,1.411096e-02
2.456852e-01,2.199789e-02,7.127237e-02,3.298165e-02,3.438011e-02,2.170362e-02,2.272888e-03,1.906377e-02,5.487268e-02,8.037212e-02,1.838654e-01,2.043889e-02,2.272854e-03,1.933293e-01,1.549120e-02
2.281702e-01,1.729148e-02,6.369881e-02,2.465936e-02,2.880109e-02,1.727699e-02,1.767760e-03,1.617961e-02,1.121745e-01,1.308292e-01,1.620041e-01,1.569617e-02,2.027429e-03,1.605022e-01,1.892098e-02
2.210592e-01,1.501810e-02,4.926207e-02,1.929198e-02,2.766204e-02,1.639639e-02,1.490882e-03,1.264908e-02,1.004616e-01,2.359982e-01,1.388655e-01,1.366966e-02,2.181579e-03,1.277215e-01,1.827210e-02
2.113213e-01,1.217877e-02,3.839944e-02,1.485043e-02,2.291415e-02,1.223305e-02,1.251992e-03,1.073404e-02,9.454666e-02,2.085670e-01,2.008772e-01,1.272544e-02,2.242272e-03,1.428891e-01,1.426914e-02
1.934469e-01,1.109563e-02,2.793000e-02,1.257123e-02,1.734675e-02,1.008775e-02,9.453986e-04,8.581720e-03,1.059094e-01,1.672344e-01,2.768947e-01,1.390748e-02,3.644134e-03,1.367149e-01,1.368964e-02
