1.000000e+00,0.000000e+00,0.000000e+00,0.000000e+00,0.000000e+00,0.000000e+00,0.000000e+00,0.000000e+00,0.000000e+00,0.000000e+00,0.000000e+00,0.000000e+00,0.000000e+00,0.000000e+00,0.000000e+00
1.000000e+00,0.000000e+00,0.000000e+00,0.000000e+00,0.000000e+00,0.000000e+00,0.000000e+00,0.000000e+00,0.000000e+00,0.000000e+00,0.000000e+00,0.000000e+00,0.000000e+00,0.000000e+00,0.000000e+00
1.000000e+00,0.000000e+00,0.000000e+00,0.000000e+00,0.000000e+00,0.000000e+00,0.000000e+00,0.000000e+00,0.000000e+00,0.000000e+00,0.000000e+00,0.000000e+00,0.000000e+00,0.000000e+00,0.000000e+00
1.000000e+00,0.000000e+00,0.000000e+00,0.000000e+00,0.000000e+00,0.000000e+00,0.000000e+00,0.000000e+00,0.000000e+00,0.000000e+00,0.000000e+00,0.000000e+00,0.000000e+00,0.000000e+00,0.000000e+00
1.000000e+00,0.000000e+00,0.000000e+00,0.000000e+00,0.000000e+00,0.000000e+00,0.000000e+00,0.000000e+00,0.000000e+00,0.000000e+00,0.000000e+00,0.000000e+00,0.000000e+00,0.000000e+00,0.000000e+00
1.000000e+00,0.000000e+00,0.000000e+00,0.000000e+00,0.000000e+00,0.000000e+00,0.000000e+00,0.000000e+00,0.000000e+00,0.000000e+00,0.000000e+00,0.000000e+00,0.000000e+00,0.000000e+00,0.000000e+00
1.000000e+00,0.000000e+00,0.000000e+00,0.000000e+00,0.000000e+00,0.000000e+00,0.000000e+00,0.000000e+00,0.000000e+00,0.000000e+00,0.000000e+00,0.000000e+00,0.000000e+00,0.000000e+00,0.000000e+00
1.000000e+00,0.000000e+00,0.000000e+00,0.000000e+00,0.000000e+00,0.000000e+00,0.000000e+00,0.000000e+00,0.000000e+00,0.000000e+00,0.000000e+00,0.000000e+00,0.000000e+00,0.000000e+00,0.000000e+00
1.000000e+00,0.000000e+00,0.000000e+00,0.000000e+00,0.000000e+00,0.000000e+00,0.000000e+00,0.000000e+00,0.000000e+00,0.000000e+00,0.000000e+00,0.000000e+00,0.000000e+00,0.000000e+00,0.000000e+00
1.000000e+00,0.000000e+00,0.000000e+00,0.000000e+00,0.000000e+00,0.000000e+00,0.000000e+00,0.000000e+00,0.000000e+00,0.000000e+00,0.000000e+00,0.000000e+00,0.000000e+00,0.000000e+00,0.000000e+00
1.000000e+00,0.000000e+00,0.000000e+00,0.000000e+00,0.000000e+00,0.000000e+00,0.000000e+00,0.000000e+00,0.000000e+00,0.000000e+00,0.000000e+00,0.000000e+00,0.000000e+00,0.000000e+00,0.000000e+00
1.000000e+00,0.000000e+00,0.000000e+00,0.000000e+00,0.000000e+00,0.000000e+00,0.000000e+00,0.000000e+00,0.000000e+00,0.000000e+00,0.000000e+00,0.000000e+00,0.000000e+00,0.000000e+00,0.000000e+00
1.000000e+00,0.000000e+00,0.000000e+00,0.000000e+00,0.000000e+00,0.000000e+00,0.000000e+00,0.000000e+00,0.000000e+00,0.000000e+00,0.000000e+00,0.000000e+00,0.000000e+00,0.000000e+00,0.000000e+00
1.000000e+00,0.000000e+00,0.000000e+00,0.000000e+00,0.000000e+00,0.000000e+00,0.000000e+00,0.000000e+00,0.000000e+00,0.000000e+00,0.000000e+00,0.000000e+00,0.000000e+00,0.000000e+00,0.000000e+00
1.000000e+00,0.000000e+00,0.000000e+00,0.000000e+00,0.000000e+00,0.000000e+00,0.000000e+00,0.000000e+00,0.000000e+00,0.000000e+00,0.000000e+00,0.000000e+00,0.000000e+00,0.000000e+00,0.000000e+00
1.000000e+00,0.000000e+00,0.000000e+00,0.000000e+00,0.000000e+00,0.000000e+00,0.000000e+00,0.000000e+00,0.000000e+00,0.000000e+00,0.000000e+00,0.000000e+00,0.000000e+00,0.000000e+00,0.000000e+00
1.000000e+00,0.000000e+00,0.000000e+00,0.000000e+00,0.000000e+00,0.000000e+00,0.000000e+00,0.000000e+00,0.000000e+00,0.000000e+00,0.000000e+00,0.000000e+00,0.000000e+00,0.000000e+00,0.000000e+00
1.000000e+00,0.000000e+00,0.000000e+00,0.000000e+00,0.000000e+00,0.000000e+00,0.000000e+00,0.000000e+00,0.000000e+00,0.000000e+00,0.000000e+00,0.000000e+00,0.000000e+00,0.000000e+00,0.000000e+00
1.000000e+00,0.000000e+00,0.000000e+00,0.000000e+00,0.000000e+00,0.000000e+00,0.000000e+00,0.000000e+00,0.000000e+00,0.000000e+00,0.000000e+00,0.000000e+00,0.000000e+00,0.000000e+00,0.000000e+00
1.000000e+00,0.000000e+00,0.000000e+00,0.000000e+00,0.000000e+00,0.000000e+00,0.000000e+00,0.000000e+00,0.000000e+00,0.000000e+00,0.000000e+00,0.000000e+00,0.000000e+00,0.000000e+00,0.000000e+00
1.000000e+00,0.000000e+00,0.000000e+00,0.000000e+00,0.000000e+00,0.000000e+00,0.000000e+00,0.000000e+00,0.000000e+00,0.000000e+00,0.000000e+00,0.000000e+00,0.000000e+00,0.000000e+00,0.000000e+00
1.000000e+00,0.000000e+00,0.000000e+00,0.000000e+00,0.000000e+00,0.000000e+00,0.000000e+00,0.000000e+00,0.000000e+00,0.000000e+00,0.000000e+00,0.000000e+00,0.000000e+00,0.000000e+00,0.000000e+00
1.000000e+00,0.000000e+00,0.000000e+00,0.000000e+00,0.000000e+00,0.000000e+00,0.000000e+00,0.000000e+00,0.000000e+00,0.000000e+00,0.000000e+00,0.000000e+00,0.000000e+00,0.000000e+00,0.000000e+00
1.000000e+00,0.000000e+00,0.000000e+00,0.000000e+00,0.000000e+00,0.000000e+00,0.000000e+00,0.000000e+00,0.000000e+00,0.000000e+00,0.000000e+00,0.000000e+00,0.000000e+00,0.000000e+00,0.000000e+00
1.000000e+00,0.000000e+00,0.000000e+00,0.000000e+00,0.000000e+00,0.000000e+00,0.000000e+00,0.000000e+00,0.000000e+00,0.000000e+00,0.000000e+00,0.000000e+00,0.000000e+00,0.000000e+00,0.000000e+00
1.000000e+00,0.000000e+00,0.000000e+00,0.000000e+00,0.000000e+00,0.000000e+00,0.000000e+00,0.000000e+00,0.000000e+00,0.000000e+00,0.000000e+00,0.000000e+00,0.000000e+00,0.000000e+00,0.000000e+00
1.000000e+00,0.000000e+00,0.000000e+00,0.000000e+00,0.000000e+00,0.000000e+00,0.000000e+00,0.000000e+00,0.000000e+00,0.000000e+00,0.000000e+00,0.000000e+00,0.000000e+00,0.000000e+00,0.000000e+00
1.000000e+00,0.000000e+00,0.000000e+00,0.000000e+00,0.000000e+00,0.000000e+00,0.000000e+00,0.000000e+00,0.000000e+00,0.000000e+00,0.000000e+00,0.000000e+00,0.000000e+00,0.000000e+00,0.000000e+00
1.000000e+00,0.000000e+00,0.000000e+00,0.000000e+00,0.000000e+00,0.000000e+00,0.000000e+00,0.000000e+00,0.000000e+00,0.000000e+00,0.000000e+00,0.000000e+00,0.000000e+00,0.000000e+00,0.000000e+00
1.000000e+00,0.000000e+00,0.000000e+00,0.000000e+00,0.000000e+00,0.000000e+00,0.000000e+00,0.000000e+00,0.000000e+00,0.000000e+00,0.000000e+00,0.000000e+00,0.000000e+00,0.000000e+00,0.000000e+00
1.000000e+00,0.000000e+00,0.000000e+00,0.000000e+00,0.000000e+00,0.000000e+00,0.000000e+00,0.000000e+00,0.000000e+00,0.000000e+00,0.000000e+00,0.000000e+00,0.000000e+00,0.000000e+00,0.000000e+00
1.000000e+00,0.000000e+00,0.000000e+00,0.000000e+00,0.000000e+00,0.000000e+00,0.000000e+00,0.000000e+00,0.000000e+00,0.000000e+00,0.000000e+00,0.000000e+00,0.000000e+00,0.000000e+00,0.000000e+00
1.000000e+00,0.000000e+00,0.000000e+00,0.000000e+00,0.000000e+00,0.000000e+00,0.000000e+00,0.000000e+00,0.000000e+00,0.000000e+00,0.000000e+00,0.000000e+00,0.000000e+00,0.000000e+00,0.000000e+00
1.000000e+00,0.000000e+00,0.000000e+00,0.000000e+00,0.000000e+00,0.000000e+00,0.000000e+00,0.000000e+00,0.000000e+00,0.000000e+00,0.000000e+00,0.000000e+00,0.000000e+00,0.000000e+00,0.000000e+00
1.000000e+00,0.000000e+00,0.000000e+00,0.000000e+00,0.000000e+00,0.000000e+00,0.000000e+00,0.000000e+00,0.000000e+00,0.000000e+00,0.000000e+00,0.000000e+00,0.000000e+00,0.000000e+00,0.000000e+00
1.000000e+00,0.000000e+00,0.000000e+00,0.000000e+00,0.000000e+00,0.000000e+00,0.000000e+00,0.000000e+00,0.000000e+00,0.000000e+00,0.000000e+00,0.000000e+00,0.000000e+00,0.000000e+00,0.000000e+00
1.000000e+00,0.000000e+00,0.000000e+00,0.000000e+00,0.000000e+00,0.000000e+00,0.000000e+00,0.000000e+00,0.000000e+00,0.000000e+00,0.000000e+00,0.000000e+00,0.000000e+00,0.000000e+00,0.000000e+00
1.000000e+00,0.000000e+00,0.000000e+00,0.000000e+00,0.000000e+00,0.000000e+00,0.000000e+00,0.000000e+00,0.000000e+00,0.000000e+00,0.000000e+00,0.000000e+00,0.000000e+00,0.000000e+00,0.000000e+00
1.000000e+00,0.000000e+00,0.000000e+00,0.000000e+00,0.000000e+00,0.000000e+00,0.000000e+00,0.000000e+00,0.000000e+00,0.000000e+00,0.000000e+00,0.000000e+00,0.000000e+00,0.000000e+00,0.000000e+00
1.000000e+00,0.000000e+00,0.000000e+00,0.000000e+00,0.000000e+00,0.000000e+00,0.000000e+00,0.000000e+00,0.000000e+00,0.000000e+00,0.000000e+00,0.000000e+00,0.000000e+00,0.000000e+00,0.000000e+00
1.000000e+00,0.000000e+00,0.000000e+00,0.000000e+00,0.000000e+00,0.000000e+00,0.000000e+00,0.000000e+00,0.000000e+00,0.000000e+00,0.000000e+00,0.000000e+00,0.000000e+00,0.000000e+00,0.000000e+00
1.000000e+00,0.000000e+00,0.000000e+00,0.000000e+00,0.000000e+00,0.000000e+00,0.000000e+00,0.000000e+00,0.000000e+00,0.000000e+00,0.000000e+00,0.000000e+00,0.000000e+00,0.000000e+00,0.000000e+00
1.000000e+00,0.000000e+00,0.000000e+00,0.000000e+00,0.000000e+00,0.000000e+00,0.000000e+00,0.000000e+00,0.000000e+00,0.000000e+00,0.000000e+00,0.000000e+00,0.000000e+00,0.000000e+00,0.000000e+00
1.000000e+00,0.000000e+00,0.000000e+00,0.000000e+00,0.000000e+00,0.000000e+00,0.000000e+00,0.000000e+00,0.000000e+00,0.000000e+00,0.000000e+00,0.000000e+00,0.000000e+00,0.000000e+00,0.000000e+00
1.000000e+00,0.000000e+00,0.000000e+00,0.000000e+00,0.000000e+00,0.000000e+00,0.000000e+00,0.000000e+00,0.000000e+00,0.000000e+00,0.000000e+00,0.000000e+00,0.000000e+00,0.000000e+00,0.000000e+00
1.000000e+00,0.000000e+00,0.000000e+00,0.000000e+00,0.000000e+00,0.000000e+00,0.000000e+00,0.000000e+00,0.000000e+00,0.000000e+00,0.000000e+00,0.000000e+00,0.000000e+00,0.000000e+00,0.000000e+00
1.000000e+00,0.000000e+00,0.000000e+00,0.000000e+00,0.000000e+00,0.000000e+00,0.000000e+00,0.000000e+00,0.000000e+00,0.000000e+00,0.000000e+00,0.000000e+00,0.000000e+00,0.000000e+00,0.000000e+00
1.000000e+00,0.000000e+00,0.000000e+00,0.000000e+00,0.000000e+00,0.000000e+00,0.000000e+00,0.000000e+00,0.000000e+00,0.000000e+00,0.000000e+00,0.000000e+00,0.000000e+00,0.000000e+00,0.000000e+00
1.000000e+00,0.000000e+00,0.000000e+00,0.000000e+00,0.000000e+00,0.000000e+00,0.000000e+00,0.000000e+00,0.000000e+00,0.000000e+00,0.000000e+00,0.000000e+00,0.000000e+00,0.000000e+00,0.000000e+00
1.000000e+00,0.000000e+00,0.000000e+00,0.000000e+00,0.000000e+00,0.000000e+00,0.000000e+00,0.000000e+00,0.000000e+00,0.000000e+00,0.000000e+00,0.000000e+00,0.000000e+00,0.000000e+00,0.000000e+00
1.000000e+00,0.000000e+00,0.000000e+00,0.000000e+00,0.000000e+00,0.000000e+00,0.000000e+00,0.000000e+00,0.000000e+00,0.000000e+00,0.000000e+00,0.000000e+00,0.000000e+00,0.000000e+00,0.000000e+00
1.000000e+00,0.000000e+00,0.000000e+00,0.000000e+00,0.000000e+00,0.000000e+00,0.000000e+00,0.000000e+00,0.000000e+00,0.000000e+00,0.000000e+00,0.000000e+00,0.000000e+00,0.000000e+00,0.000000e+00
1.000000e+00,0.000000e+00,0.000000e+00,0.000000e+00,0.000000e+00,0.000000e+00,0.000000e+00,0.000000e+00,0.000000e+00,0.000000e+00,0.000000e+00,0.000000e+00,0.000000e+00,0.000000e+00,0.000000e+00
1.000000e+00,0.000000e+00,0.000000e+00,0.000000e+00,0.000000e+00,0.000000e+00,0.000000e+00,0.000000e+00,0.000000e+00,0.000000e+00,0.000000e+00,0.000000e+00,0.000000e+00,0.000000e+00,0.000000e+00
1.000000e+00,0.000000e+00,0.000000e+00,0.000000e+00,0.000000e+00,0.000000e+00,0.000000e+00,0.000000e+00,0.000000e+00,0.000000e+00,0.000000e+00,0.000000e+00,0.000000e+00,0.000000e+00,0.000000e+00
1.000000e+00,0.000000e+00,0.000000e+00,0.000000e+00,0.000000e+00,0.000000e+00,0.000000e+00,0.000000e+00,0.000000e+00,0.000000e+00,0.000000e+00,0.000000e+00,0.000000e+00,0.000000e+00,0.000000e+00
1.000000e+00,0.000000e+00,0.000000e+00,0.000000e+00,0.000000e+00,0.000000e+00,0.000000e+00,0.000000e+00,0.000000e+00,0.000000e+00,0.000000e+00,0.000000e+00,0.000000e+00,0.000000e+00,0.000000e+00
1.000000e+00,0.000000e+00,0.000000e+00,0.000000e+00,0.000000e+00,0.000000e+00,0.000000e+00,0.000000e+00,0.000000e+00,0.000000e+00,0.000000e+00,0.000000e+00,0.000000e+00,0.000000e+00,0.000000e+00
1.000000e+00,0.000000e+00,0.000000e+00,0.000000e+00,0.000000e+00,0.000000e+00,0.000000e+00,0.000000e+00,0.000000e+00,0.000000e+00,0.000000e+00,0.000000e+00,0.000000e+00,0.000000e+00,0.000000e+00
1.000000e+00,0.000000e+00,0.000000e+00,0.000000e+00,0.000000e+00,0.000000e+00,0.000000e+00,0.000000e+00,0.000000e+00,0.000000e+00,0.000000e+00,0.000000e+00,0.000000e+00,0.000000e+00,0.000000e+00
1.000000e+00,0.000000e+00,0.000000e+00,0.000000e+00,0.000000e+00,0.000000e+00,0.000000e+00,0.000000e+00,0.000000e+00,0.000000e+00,0.000000e+00,0.000000e+00,0.000000e+00,0.000000e+00,0.000000e+00
1.000000e+00,0.000000e+00,0.000000e+00,0.000000e+00,0.000000e+00,0.000000e+00,0.000000e+00,0.000000e+00,0.000000e+00,0.000000e+00,0.000000e+00,0.000000e+00,0.000000e+00,0.000000e+00,0.000000e+00
4.554131e-01,9.675714e-03,1.140714e-02,2.368752e-02,5.411792e-03,4.415375e-01,1.961907e-03,1.441793e-02,2.495710e-03,9.732946e-04,6.608438e-03,1.103686e-02,7.206600e-03,1.428133e-03,6.738454e-03
3.189610e-01,6.820018e-03,8.001599e-03,1.699427e-02,3.939867e-03,5.765194e-01,1.578972e-03,1.019827e-02,2.806374e-03,4.939487e-03,1.563312e-02,7.875479e-03,5.476064e-03,1.261239e-03,1.899486e-02
2.238256e-01,5.021719e-03,5.614514e-03,1.261753e-02,2.907875e-03,5.571711e-01,1.354637e-03,7.399204e-03,6.562647e-02,1.561733e-02,1.827831e-02,5.652610e-03,4.565162e-03,2.239736e-03,7.210825e-02
1.567268e-01,3.539949e-03,3.935699e-03,8.917215e-03,2.121087e-03,4.158010e-01,9.654179e-04,6.050395e-03,9.538158e-02,1.282713e-02,1.463738e-02,4.067506e-03,3.873791e-03,3.807650e-03,2.673475e-01
1.099043e-01,2.495713e-03,2.757024e-03,6.262803e-03,1.599519e-03,3.414105e-01,7.185561e-04,4.447554e-03,1.003612e-01,1.050493e-02,1.245259e-02,2.962012e-03,3.042569e-03,1.195619e-02,3.891245e-01
7.753571e-02,1.786527e-03,1.943735e-03,4.404573e-03,1.496516e-03,2.447570e-01,5.155188e-04,3.307678e-03,9.514983e-02,1.607814e-02,1.215419e-02,2.203117e-03,2.382752e-03,4.371171e-02,4.925731e-01
5.522800e-02,3.355651e-03,1.444879e-03,3.153748e-03,3.201951e-03,1.726468e-01,4.057136e-04,2.817182e-03,9.867814e-02,1.291679e-02,1.349594e-02,2.204077e-03,4.388507e-03,8.767530e-02,5.383874e-01
3.900705e-02,3.428094e-03,1.429783e-03,2.690107e-03,1.488638e-02,1.213525e-01,3.343630e-04,4.047435e-03,2.875299e-01,1.191500e-02,1.049219e-02,1.585988e-03,3.545436e-03,7.186557e-02,4.258904e-01
2.848201e-02,7.389771e-03,2.737290e-03,2.929002e-03,2.338313e-02,8.835822e-02,3.364169e-04,3.174741e-03,4.162252e-01,1.420239e-02,1.057527e-02,1.265049e-03,3.340067e-03,6.439519e-02,3.332064e-01
2.726184e-02,1.265120e-02,3.211674e-03,3.140356e-03,2.124967e-02,9.963685e-02,3.453996e-04,2.770151e-03,3.466800e-01,1.553203e-02,1.976304e-02,2.487469e-03,6.293512e-03,7.140160e-02,3.675752e-01
1.947014e-02,1.599644e-01,2.783201e-03,3.435954e-03,1.595546e-02,7.228329e-02,2.505267e-04,2.111974e-03,3.493337e-01,1.247012e-02,1.741658e-02,1.984026e-03,6.592408e-03,5.126641e-02,2.846818e-01
1.414253e-02,2.343930e-01,2.648918e-03,3.670105e-03,1.279786e-02,5.303577e-02,1.884050e-04,1.746584e-03,3.836723e-01,1.001112e-02,1.523632e-02,1.601137e-03,6.066600e-03,3.765295e-02,2.231365e-01
1.104903e-02,3.333108e-01,4.224418e-03,7.567069e-03,1.101780e-02,3.947588e-02,1.725749e-04,3.395842e-03,3.651499e-01,7.517907e-03,1.552567e-02,1.379290e-03,7.374491e-03,2.715558e-02,1.656838e-01
9.055754e-03,2.846977e-01,3.413347e-03,8.436509e-03,8.749448e-03,2.955511e-02,1.776294e-04,2.670052e-03,3.465230e-01,7.173002e-03,6.286303e-02,3.090418e-03,4.092580e-02,2.262384e-02,1.700453e-01
6.776507e-03,2.683932e-01,7.364708e-03,2.476090e-02,6.549944e-03,2.106863e-02,1.619014e-04,1.984726e-03,4.175495e-01,9.006565e-03,5.156585e-02,4.506907e-03,3.985510e-02,1.742268e-02,1.230329e-01
9.651549e-03,2.303013e-01,1.564592e-02,2.125616e-02,5.628634e-03,1.566016e-02,3.248228e-04,1.621640e-03,3.885116e-01,1.065594e-02,7.191238e-02,9.309459e-03,4.268701e-02,5.073202e-02,1.261014e-01
1.569211e-02,1.886478e-01,2.425507e-02,2.195576e-02,8.597409e-03,1.420738e-02,9.553980e-04,2.186098e-03,3.549281e-01,1.299071e-02,1.134393e-01,1.064414e-02,4.325844e-02,5.173757e-02,1.365047e-01
6.216547e-02,1.663654e-01,2.714974e-02,2.169937e-02,1.838661e-02,1.928569e-02,2.738893e-03,1.687083e-02,2.993554e-01,1.096663e-02,8.952008e-02,9.107616e-03,4.169602e-02,6.583750e-02,1.488549e-01
7.858150e-02,1.376958e-01,4.253761e-02,8.855253e-02,2.628556e-02,1.731261e-02,2.400997e-03,1.779363e-02,2.898670e-01,1.397997e-02,6.593535e-02,6.939793e-03,3.025013e-02,4.822840e-02,1.336392e-01
9.348693e-02,1.048877e-01,7.696008e-02,1.053227e-01,2.042776e-02,1.637806e-02,2.066595e-03,1.426288e-02,2.602062e-01,2.282859e-02,4.828035e-02,6.573232e-03,2.332390e-02,3.529900e-02,1.696960e-01
1.872139e-01,1.308638e-01,6.784669e-02,8.441121e-02,2.117093e-02,1.832326e-02,2.174757e-03,1.395111e-02,2.099611e-01,1.880871e-02,4.376137e-02,1.216591e-02,2.078940e-02,3.243159e-02,1.361263e-01
2.365679e-01,1.351070e-01,7.285573e-02,7.066327e-02,2.385114e-02,2.277791e-02,2.001243e-03,1.287544e-02,1.726274e-01,1.725287e-02,3.865609e-02,1.363879e-02,2.402372e-02,3.018970e-02,1.269118e-01
2.381788e-01,1.114591e-01,1.126445e-01,5.935572e-02,2.489370e-02,1.851331e-02,1.709966e-03,1.060745e-02,1.440819e-01,2.329704e-02,3.570775e-02,1.153784e-02,1.974975e-02,4.128443e-02,1.469788e-01
2.346793e-01,8.775245e-02,1.202536e-01,1.591931e-01,2.096523e-02,1.869322e-02,1.563036e-03,1.001832e-02,1.154283e-01,2.168939e-02,3.100009e-02,1.127698e-02,1.960671e-02,3.046688e-02,1.174133e-01
2.735661e-01,7.039024e-02,1.093191e-01,2.043746e-01,1.744106e-02,2.220798e-02,1.545217e-03,7.983573e-03,9.371839e-02,1.680435e-02,3.188308e-02,1.541563e-02,2.566625e-02,2.236429e-02,8.732016e-02
3.563676e-01,5.393156e-02,7.817388e-02,1.677057e-01,1.480522e-02,2.346015e-02,1.667421e-03,6.863594e-03,7.057551e-02,1.300306e-02,3.166993e-02,3.294160e-02,6.265750e-02,1.640752e-02,6.976975e-02
4.483782e-01,3.952056e-02,5.579102e-02,1.294292e-01,1.251988e-02,1.998103e-02,1.723510e-03,5.643558e-03,5.221861e-02,1.138060e-02,5.339253e-02,2.655192e-02,7.983606e-02,1.190559e-02,5.172776e-02
4.284912e-01,3.043280e-02,4.041111e-02,9.726422e-02,1.192426e-02,1.592640e-02,2.035911e-03,6.255643e-03,3.946161e-02,1.296462e-02,6.374791e-02,2.575435e-02,1.759898e-01,9.281296e-03,4.005894e-02
4.113024e-01,3.878080e-02,3.501492e-02,9.981197e-02,1.351388e-02,1.415610e-02,2.058729e-03,6.691739e-03,3.384822e-02,1.563031e-02,5.906810e-02,2.983249e-02,1.920937e-01,8.460468e-03,3.973612e-02
3.740783e-01,2.927236e-02,2.542853e-02,7.862113e-02,1.233063e-02,1.256781e-02,2.220158e-03,6.906164e-03,2.922277e-02,1.240879e-02,6.812499e-02,3.291602e-02,2.774965e-01,7.624677e-03,3.078116e-02
3.112584e-01,2.175201e-02,1.822685e-02,5.838559e-02,9.690390e-03,1.297846e-02,2.222219e-03,7.855692e-03,5.419993e-02,1.008793e-02,5.805816e-02,4.613050e-02,3.593958e-01,6.699827e-03,2.305824e-02
2.432935e-01,1.625667e-02,1.372467e-02,4.541762e-02,8.839967e-03,1.064774e-02,2.309814e-03,9.279853e-03,9.178250e-02,7.945213e-03,5.586617e-02,4.593106e-02,4.197959e-01,7.115251e-03,2.179406e-02
1.779801e-01,1.826161e-02,1.056882e-02,3.543579e-02,9.181146e-03,1.169140e-02,2.179620e-03,9.016432e-03,2.463045e-01,6.454286e-03,4.675817e-02,3.691649e-02,3.604613e-01,6.366798e-03,2.242360e-02
1.424728e-01,4.829433e-02,2.142020e-02,1.195150e-01,8.577586e-03,1.090611e-02,1.747432e-03,7.317776e-03,2.798279e-01,6.539642e-03,3.662679e-02,2.833104e-02,2.580236e-01,5.012551e-03,2.538719e-02
1.145612e-01,4.791598e-02,1.736156e-02,9.679486e-02,9.591215e-03,2.088823e-02,2.136446e-03,7.298970e-03,3.543469e-01,6.822635e-03,3.819216e-02,2.560227e-02,2.078696e-01,6.865378e-03,4.375263e-02
8.315387e-02,6.571566e-02,1.345272e-02,1.328655e-01,7.678157e-03,1.691329e-02,1.534094e-03,5.322515e-03,4.240702e-01,5.331423e-03,3.425480e-02,1.974727e-02,1.519235e-01,5.201644e-03,3.283536e-02
1.054605e-01,5.847658e-02,1.092231e-02,1.075197e-01,7.655541e-03,1.473505e-02,1.765385e-03,4.778493e-03,3.840572e-01,5.242301e-03,4.798371e-02,2.910803e-02,1.821397e-01,7.069040e-03,3.308649e-02
1.913784e-01,4.769969e-02,9.553220e-03,8.395280e-02,1.374199e-02,1.338534e-02,2.764609e-03,4.391965e-03,3.132016e-01,5.288668e-03,6.136017e-02,2.895897e-02,1.785178e-01,6.275938e-03,3.952883e-02
1.987124e-01,4.547695e-02,5.435790e-02,9.144601e-02,1.561999e-02,1.118730e-02,2.427338e-03,7.730280e-03,2.508926e-01,1.304100e-02,5.328315e-02,2.546551e-02,1.524421e-01,6.980897e-03,7.093661e-02
2.597474e-01,5.083108e-02,4.452905e-02,7.044326e-02,2.513358e-02,1.188011e-02,4.596787e-03,9.692082e-03,2.454855e-01,1.158838e-02,4.436992e-02,2.230715e-02,1.252149e-01,9.140735e-03,6.504007e-02
2.519672e-01,5.453196e-02,5.095747e-02,9.182943e-02,3.587782e-02,1.180301e-02,4.527534e-03,3.398902e-02,2.169623e-01,1.126677e-02,3.829440e-02,2.039411e-02,1.093375e-01,8.887756e-03,5.937380e-02
2.226389e-01,5.019771e-02,5.951180e-02,8.032266e-02,5.224910e-02,1.299415e-02,8.718915e-03,5.229908e-02,1.934341e-01,1.049286e-02,3.190732e-02,1.842480e-02,1.026948e-01,1.863269e-02,8.548114e-02
1.935006e-01,4.700817e-02,5.919751e-02,6.800701e-02,6.897860e-02,2.017507e-02,8.503375e-03,4.680504e-02,1.598864e-01,9.576168e-03,2.392117e-02,1.394039e-02,8.015989e-02,1.573951e-02,1.846012e-01
1.692947e-01,5.484001e-02,1.692413e-01,6.047004e-02,5.636286e-02,1.733107e-02,6.430702e-03,4.236867e-02,1.468282e-01,1.411332e-02,1.848932e-02,1.147508e-02,6.296147e-02,1.325559e-02,1.565377e-01
1.708650e-01,6.859034e-02,2.074393e-01,4.994911e-02,4.860039e-02,1.600131e-02,4.988417e-03,4.076658e-02,1.354520e-01,1.895804e-02,1.476059e-02,1.035107e-02,5.249460e-02,1.214908e-02,1.486342e-01
1.279946e-01,5.732606e-02,3.593879e-01,5.277545e-02,3.901214e-02,1.254102e-02,4.105944e-03,4.113598e-02,9.999483e-02,1.384784e-02,1.100543e-02,7.705143e-03,3.832823e-02,8.903773e-03,1.259357e-01
1.086654e-01,8.534048e-02,3.479474e-01,4.674768e-02,3.995730e-02,1.045500e-02,5.022409e-03,5.684290e-02,8.987792e-02,1.079586e-02,8.025821e-03,5.501374e-03,2.825452e-02,7.166328e-03,1.493996e-01
8.845600e-02,7.419989e-02,4.140713e-01,7.416855e-02,3.189104e-02,9.590432e-03,3.618405e-03,4.233198e-02,8.543944e-02,1.201699e-02,7.075972e-03,4.268497e-03,2.034801e-02,5.679809e-03,1.268437e-01
8.116493e-02,6.924777e-02,4.478311e-01,5.875484e-02,2.971703e-02,1.002841e-02,2.710557e-03,3.175032e-02,7.676429e-02,1.427891e-02,8.403891e-03,3.916398e-03,1.521678e-02,1.583296e-02,1.343818e-01
7.480299e-02,5.938422e-02,4.589916e-01,6.390202e-02,2.688857e-02,1.155674e-02,2.084729e-03,2.346740e-02,7.159737e-02,1.388399e-02,8.159637e-03,3.966773e-03,1.212306e-02,1.860112e-02,1.505897e-01
1.238674e-01,1.147619e-01,3.870206e-01,5.720622e-02,3.040658e-02,1.397352e-02,1.686200e-03,2.157412e-02,6.489607e-02,1.138483e-02,9.109964e-03,4.047761e-03,9.645071e-03,3.473588e-02,1.156838e-01
1.139472e-01,9.737518e-02,3.140727e-01,4.403777e-02,2.346441e-02,2.570510e-02,1.240112e-03,1.558785e-02,6.454679e-02,1.437678e-02,9.367675e-03,4.075325e-03,7.359325e-03,9.070206e-02,1.741417e-01
1.409351e-01,9.018572e-02,2.446829e-01,3.675548e-02,2.199126e-02,2.839585e-02,9.999842e-04,1.225056e-02,6.051191e-02,1.482168e-02,9.540129e-03,4.746317e-03,6.315179e-03,1.297433e-01,1.981247e-01
1.672123e-01,1.282371e-01,1.740447e-01,2.693357e-02,1.651246e-02,3.128730e-02,8.015748e-04,9.753461e-03,5.334512e-02,1.101454e-02,1.189939e-02,4.241292e-03,4.961834e-03,1.528308e-01,2.069245e-01
1.840534e-01,1.537415e-01,1.247697e-01,1.993806e-02,1.232882e-02,2.555640e-02,8.739363e-04,7.922479e-03,4.793119e-02,9.229544e-03,1.205755e-02,4.098095e-03,4.200315e-03,1.745118e-01,2.187873e-01
1.528749e-01,1.311752e-01,8.810847e-02,1.585001e-02,9.530306e-03,1.979602e-02,7.989348e-04,6.219132e-03,4.976735e-02,1.626095e-02,9.918461e-03,3.492903e-03,4.447838e-03,1.495548e-01,3.422048e-01
1.173558e-01,1.044102e-01,6.253748e-02,1.192062e-02,6.801945e-03,1.473558e-02,6.836163e-04,4.520093e-03,4.095010e-02,1.754385e-02,7.857815e-03,2.623617e-03,4.038638e-03,1.661841e-01,4.378366e-01
1.175605e-01,1.186195e-01,4.792440e-02,2.510195e-02,5.693002e-03,1.274686e-02,9.133655e-04,4.229268e-03,5.505949e-02,1.393511e-02,1.217290e-02,6.008678e-03,6.779565e-03,1.369847e-01,4.362707e-01
1.639149e-01,1.041109e-01,3.575111e-02,1.941260e-02,5.005644e-03,1.378159e-02,1.816446e-03,5.244885e-03,5.492092e-02,1.204658e-02,1.407532e-02,6.987242e-03,8.341870e-03,1.658446e-01,3.887453e-01
1.605085e-01,9.496442e-02,4.012867e-02,2.022336e-02,5.045669e-03,1.309792e-02,1.941111e-03,5.865428e-03,7.750216e-02,1.394510e-02,1.339041e-02,8.602576e-03,9.049227e-03,1.448521e-01,3.908834e-01
1.320795e-01,7.416620e-02,6.647502e-02,2.953305e-02,4.392518e-03,1.103284e-02,1.523805e-03,4.392090e-03,8.438227e-02,2.772243e-02,1.082177e-02,7.998724e-03,7.061382e-03,1.169493e-01,4.214690e-01
1.147372e-01,6.058656e-02,8.060114e-02,2.290270e-02,3.893724e-03,9.249382e-03,1.258189e-03,3.860822e-03,7.421975e-02,2.913716e-02,8.990745e-03,6.330100e-03,5.483064e-03,1.200807e-01,4.586687e-01
8.565925e-02,4.370001e-02,5.862581e-02,1.631598e-02,2.825840e-03,6.751798e-03,9.140913e-04,2.793967e-03,6.636608e-02,3.182650e-02,8.440454e-03,1.037658e-02,5.738244e-03,9.897146e-02,5.606940e-01
6.668509e-02,3.286914e-02,4.484234e-02,1.512198e-02,2.309619e-03,5.715033e-03,7.840160e-04,2.888895e-03,6.237172e-02,5.354773e-02,2.632843e-02,2.585558e-02,1.211405e-01,7.165906e-02,4.678809e-01
4.733930e-02,2.387977e-02,3.270740e-02,1.102021e-02,1.767576e-03,4.390523e-03,5.674279e-04,2.230890e-03,5.372915e-02,1.628038e-01,4.272821e-02,2.792936e-02,1.450395e-01,5.075524e-02,3.931116e-01
3.419244e-02,2.724582e-02,2.353508e-02,8.422259e-03,1.505671e-03,3.694705e-03,4.702529e-04,1.765149e-03,8.681873e-02,1.542393e-01,3.726671e-02,2.334773e-02,2.040947e-01,3.675816e-02,3.566433e-01
2.466398e-02,2.147658e-02,1.784381e-02,1.793526e-02,1.998974e-03,3.761231e-03,9.751860e-04,1.832505e-02,1.018043e-01,1.410660e-01,7.015404e-02,1.885427e-02,2.597386e-01,2.798097e-02,2.734217e-01
1.785418e-02,1.635031e-02,2.199276e-02,8.414847e-02,2.303354e-03,4.528818e-03,1.141499e-03,1.616531e-01,8.954880e-02,9.953267e-02,5.088964e-02,1.384343e-02,1.966824e-01,2.002566e-02,2.195049e-01
1.507962e-02,1.373880e-02,2.673611e-02,8.771982e-02,2.739282e-03,2.463130e-02,5.002269e-03,3.078938e-01,7.074389e-02,6.988452e-02,3.651857e-02,1.017914e-02,1.514408e-01,1.406558e-02,1.636266e-01
1.251099e-02,1.718126e-02,2.913629e-02,9.334028e-02,3.635749e-03,4.818790e-02,7.074775e-03,3.862208e-01,6.117437e-02,4.957630e-02,2.906606e-02,8.260509e-03,1.229070e-01,9.900584e-03,1.218271e-01
1.120309e-02,1.551569e-02,2.879008e-02,7.947631e-02,3.888050e-03,4.605638e-02,8.966958e-03,4.789039e-01,5.558981e-02,3.588997e-02,2.690825e-02,7.780643e-03,1.013001e-01,6.981072e-03,9.274980e-02
1.101449e-02,1.260578e-02,2.559155e-02,6.311683e-02,4.102299e-03,4.071559e-02,8.330528e-03,5.365214e-01,5.186654e-02,2.573422e-02,2.554242e-02,7.491483e-03,1.046511e-01,4.962452e-03,7.775334e-02
1.333076e-02,1.843734e-02,3.028535e-02,5.072255e-02,5.158141e-03,3.531135e-02,9.579355e-03,5.595456e-01,7.097779e-02,2.186573e-02,1.917570e-02,6.342946e-03,8.652682e-02,3.568516e-03,6.917199e-02
1.503543e-02,2.237168e-02,3.565297e-02,4.191191e-02,7.966744e-03,3.417997e-02,2.801236e-02,4.940754e-01,1.055660e-01,1.819843e-02,1.863496e-02,7.763256e-03,8.731930e-02,2.758890e-03,8.055271e-02
1.816123e-02,2.142761e-02,5.582799e-02,3.777620e-02,9.069324e-03,3.496224e-02,3.379623e-02,4.542590e-01,1.169695e-01,1.669738e-02,2.028465e-02,9.648412e-03,9.149890e-02,2.358539e-03,7.726271e-02
1.781380e-02,1.687841e-02,6.427684e-02,3.159515e-02,7.715771e-03,3.250775e-02,2.762879e-02,4.201232e-01,9.586813e-02,1.677310e-02,5.078942e-02,1.414799e-02,1.344827e-01,1.935036e-03,6.746384e-02
1.434323e-02,1.275733e-02,9.118636e-02,3.339732e-02,6.529617e-03,2.834223e-02,2.345848e-02,4.087565e-01,7.388958e-02,1.676356e-02,6.287346e-02,2.762718e-02,1.437478e-01,1.999659e-03,5.432766e-02
1.251507e-02,1.630142e-02,9.626193e-02,4.064633e-02,5.706412e-03,3.065303e-02,2.055288e-02,3.075606e-01,9.507868e-02,2.515637e-02,6.575891e-02,1.030205e-01,1.275769e-01,8.133721e-03,4.507716e-02
8.985081e-03,1.201046e-02,7.769985e-02,3.410451e-02,4.075465e-03,2.277006e-02,1.484003e-02,2.163797e-01,6.881303e-02,5.919178e-02,7.006133e-02,1.363998e-01,2.340700e-01,6.777174e-03,3.382167e-02
9.265171e-03,1.067317e-02,6.826564e-02,5.704473e-02,3.841675e-03,1.710811e-02,1.153085e-02,1.558364e-01,6.413648e-02,7.028972e-02,6.953786e-02,1.551190e-01,2.688468e-01,9.023864e-03,2.948055e-02
1.254782e-02,8.395636e-03,5.342162e-02,4.407305e-02,4.144313e-03,1.512653e-02,8.980441e-03,1.106004e-01,5.155037e-02,7.303748e-02,6.795750e-02,2.199911e-01,2.965849e-01,9.615426e-03,2.397349e-02
1.369991e-02,6.354437e-03,4.018999e-02,3.477191e-02,1.664197e-02,1.119437e-02,7.636189e-03,7.948968e-02,6.538671e-02,8.554582e-02,7.936361e-02,2.313362e-01,2.995131e-01,1.048192e-02,1.839412e-02
2.566265e-02,4.911650e-03,2.904180e-02,2.942078e-02,4.159919e-02,1.181983e-02,8.842196e-03,7.019245e-02,8.373773e-02,8.885790e-02,7.724985e-02,2.577102e-01,2.445272e-01,1.055058e-02,1.587600e-02
3.643814e-02,5.259175e-03,2.868389e-02,2.418120e-02,1.037535e-01,9.484413e-03,8.041777e-03,9.127616e-02,7.470143e-02,8.858125e-02,6.283638e-02,1.957353e-01,2.371163e-01,1.061744e-02,2.329359e-02
4.686374e-02,6.587682e-03,3.022043e-02,2.369102e-02,1.613278e-01,9.344155e-03,7.722091e-03,8.844515e-02,6.557934e-02,8.460455e-02,5.160371e-02,1.618414e-01,2.171991e-01,1.298586e-02,3.198391e-02
1.173946e-01,8.278428e-03,3.859771e-02,3.051448e-02,1.489866e-01,1.075745e-02,7.783059e-03,7.871143e-02,6.519575e-02,8.694056e-02,5.108670e-02,1.305691e-01,1.734300e-01,1.431968e-02,3.743431e-02
1.715441e-01,1.057077e-02,3.736327e-02,3.552642e-02,1.273909e-01,1.133048e-02,6.239876e-03,7.368058e-02,6.021326e-02,9.579153e-02,5.726475e-02,1.136380e-01,1.390422e-01,2.231426e-02,3.808958e-02
2.201174e-01,1.631107e-02,3.209364e-02,2.999378e-02,9.765249e-02,1.012219e-02,4.718968e-03,5.803670e-02,5.583356e-02,1.513959e-01,4.952792e-02,9.057549e-02,1.068584e-01,3.291010e-02,4.385233e-02
2.120126e-01,2.698003e-02,2.868839e-02,2.479583e-02,7.400866e-02,1.107471e-02,3.422729e-03,4.770437e-02,5.315260e-02,2.169599e-01,4.088135e-02,7.431150e-02,7.895807e-02,3.937959e-02,6.766969e-02
2.154422e-01,2.399172e-02,1.022811e-01,2.639012e-02,5.728510e-02,1.189681e-02,3.109997e-03,7.771128e-02,4.585999e-02,1.729553e-01,3.708241e-02,6.017649e-02,6.237495e-02,3.184421e-02,7.159839e-02
1.670656e-01,9.643247e-02,1.141606e-01,2.275821e-02,4.586424e-02,1.019692e-02,2.358663e-03,6.718677e-02,8.336425e-02,1.573719e-01,2.779583e-02,4.438186e-02,4.490820e-02,2.588308e-02,9.027145e-02
1.298241e-01,8.891840e-02,8.649473e-02,1.696175e-02,3.743489e-02,8.830188e-03,1.742976e-03,5.660848e-02,7.197011e-02,2.365165e-01,2.106507e-02,3.162594e-02,3.266972e-02,2.585398e-02,1.534831e-01
1.046989e-01,2.059536e-01,7.671884e-02,1.284450e-02,3.719294e-02,7.439397e-03,1.534008e-03,4.834370e-02,7.657132e-02,1.956457e-01,1.606212e-02,2.248215e-02,2.348551e-02,2.235306e-02,1.486742e-01
1.011712e-01,1.926569e-01,9.953664e-02,1.837904e-02,3.878511e-02,7.388721e-03,1.507007e-03,3.787052e-02,6.725470e-02,1.581467e-01,1.240957e-02,1.688243e-02,1.939752e-02,1.626146e-02,2.123524e-01
1.324686e-01,1.740052e-01,1.319434e-01,2.276246e-02,4.696012e-02,7.481475e-03,1.685098e-03,3.064836e-02,5.790193e-02,1.242887e-01,1.035485e-02,1.318907e-02,1.603317e-02,1.374779e-02,2.165298e-01
1.084868e-01,1.447313e-01,1.519938e-01,3.844224e-02,5.121356e-02,7.110749e-03,1.624348e-03,2.427458e-02,4.785746e-02,1.194407e-01,8.365586e-03,9.866792e-03,1.203423e-02,1.056121e-02,2.639966e-01
1.066343e-01,1.166309e-01,1.557160e-01,3.610862e-02,4.437297e-02,8.681092e-03,1.654281e-03,1.841311e-02,3.729784e-02,1.023853e-01,6.952724e-03,7.428371e-03,9.099170e-03,8.360481e-03,3.402648e-01
9.026063e-02,1.082495e-01,1.518588e-01,5.088871e-02,3.640189e-02,7.716062e-03,1.547689e-03,1.347266e-02,2.959508e-02,7.764202e-02,5.294693e-03,5.558467e-03,6.599848e-03,7.455473e-03,4.074584e-01
1.666657e-01,1.011168e-01,1.454039e-01,6.553272e-02,3.842777e-02,1.136362e-02,2.917320e-03,1.544933e-02,2.753036e-02,6.108465e-02,5.216683e-03,5.110293e-03,5.568859e-03,8.491771e-03,3.401203e-01
1.804774e-01,9.160051e-02,1.232581e-01,8.242820e-02,3.053345e-02,1.051495e-02,2.723379e-03,1.227904e-02,4.230563e-02,6.466040e-02,4.767646e-03,4.404016e-03,4.948324e-03,8.092407e-03,3.370065e-01
1.985646e-01,8.258501e-02,1.003078e-01,1.023526e-01,2.329693e-02,1.079536e-02,2.117919e-03,9.258884e-03,4.935889e-02,8.122908e-02,3.609074e-02,4.956006e-03,4.634990e-03,7.708714e-03,2.867424e-01
2.095212e-01,7.601923e-02,7.507476e-02,9.419811e-02,1.706699e-02,1.184176e-02,1.778249e-03,7.250944e-03,4.584456e-02,7.779951e-02,3.056588e-02,4.881534e-03,5.106974e-03,9.038130e-03,3.340122e-01
1.567681e-01,5.636005e-02,5.392696e-02,6.902178e-02,1.220830e-02,8.892871e-03,1.269973e-03,5.188749e-03,4.151568e-02,8.415314e-02,2.197838e-02,3.788275e-03,4.250878e-03,8.856609e-03,4.718202e-01
1.172772e-01,4.319570e-02,4.683372e-02,5.558769e-02,9.003613e-03,6.699659e-03,9.356515e-04,3.919649e-03,4.379182e-02,7.221144e-02,1.781699e-02,3.674373e-03,4.519758e-03,1.603265e-02,5.585001e-01
8.352573e-02,3.143734e-02,3.574394e-02,3.925698e-02,6.397367e-03,4.875947e-03,6.672923e-04,2.819379e-03,3.737730e-02,5.595133e-02,1.312771e-02,2.768542e-03,3.353042e-03,4.992881e-02,6.327692e-01
5.968472e-02,2.214281e-02,2.514814e-02,2.753232e-02,4.497043e-03,3.702736e-03,4.750491e-04,1.988227e-03,2.848375e-02,1.010098e-01,1.376419e-02,1.380600e-02,5.577947e-03,6.441694e-02,6.277702e-01
5.225396e-02,1.617631e-02,1.910453e-02,1.970108e-02,3.228967e-03,3.199407e-03,3.771687e-04,1.516831e-03,2.437465e-02,2.075325e-01,1.301782e-02,1.223518e-02,7.116509e-03,1.118604e-01,5.083046e-01
3.952743e-02,1.159248e-02,1.907650e-02,1.434221e-02,2.377317e-03,2.620351e-03,2.925452e-04,1.354410e-03,2.156560e-02,2.685423e-01,2.066702e-02,9.241751e-03,8.672616e-03,1.171217e-01,4.630057e-01
2.824592e-02,8.486520e-03,1.750321e-02,1.026847e-02,2.190611e-03,2.259637e-03,3.038351e-04,1.291325e-03,1.798343e-02,2.473860e-01,1.919338e-02,6.624175e-03,7.128327e-03,9.844404e-02,5.326911e-01
2.092042e-02,7.389830e-03,1.976442e-02,8.188986e-03,6.480605e-03,2.409618e-03,2.975155e-04,1.226400e-03,1.950919e-02,2.477318e-01,4.460903e-02,5.216766e-03,8.313768e-03,8.738641e-02,5.205552e-01
2.042970e-02,9.182285e-03,1.404556e-01,1.188802e-02,1.240119e-02,4.436666e-03,1.138513e-03,5.160574e-03,2.560494e-02,1.906635e-01,4.366687e-02,4.026703e-03,7.195789e-03,6.866208e-02,4.550875e-01
2.836663e-02,1.593613e-02,1.522829e-01,1.971443e-02,3.409418e-02,2.585839e-02,1.777250e-03,9.928675e-03,3.486651e-02,1.435548e-01,3.635948e-02,3.219144e-03,6.528833e-03,5.625837e-02,4.312542e-01
3.587760e-02,2.087827e-02,2.527862e-01,2.588610e-02,3.482620e-02,2.408827e-02,1.975360e-03,1.245888e-02,7.123933e-02,1.101664e-01,2.702056e-02,2.575626e-03,7.820199e-03,4.081358e-02,3.315874e-01
4.535240e-02,9.191760e-02,2.074277e-01,2.630419e-02,5.763756e-02,3.939553e-02,4.941237e-03,1.134900e-02,9.128926e-02,8.613657e-02,2.145842e-02,2.262576e-03,1.835240e-02,2.904856e-02,2.671270e-01
3.316230e-02,1.088097e-01,2.215076e-01,4.226159e-02,4.979004e-02,4.295027e-02,3.968113e-03,8.633068e-03,1.364427e-01,7.290503e-02,1.745912e-02,2.049076e-03,1.343740e-02,2.050422e-02,2.261197e-01
2.360911e-02,9.197882e-02,1.931404e-01,1.105709e-01,3.572334e-02,3.152776e-02,2.835762e-03,7.521734e-03,1.377905e-01,6.603799e-02,6.913885e-02,2.431442e-03,3.601225e-02,1.443721e-02,1.772439e-01
1.692822e-02,6.642447e-02,1.448737e-01,1.191164e-01,2.566478e-02,2.271845e-02,2.022713e-03,6.759395e-03,1.060824e-01,4.918720e-02,2.460122e-01,4.301753e-03,4.550844e-02,1.039390e-02,1.340059e-01
1.219557e-02,6.376469e-02,1.092313e-01,1.807596e-01,1.891418e-02,1.752470e-02,1.450785e-03,5.819663e-03,1.319712e-01,3.771192e-02,2.605115e-01,3.653518e-03,3.967207e-02,8.825101e-03,1.079941e-01
9.010000e-03,4.635804e-02,7.958336e-02,1.670839e-01,1.430675e-02,1.299278e-02,1.047595e-03,4.919789e-03,1.157471e-01,3.048826e-02,2.193098e-01,3.182692e-03,3.351617e-02,2.116074e-02,2.412930e-01
6.685508e-03,3.324259e-02,5.773078e-02,1.345145e-01,1.074473e-02,9.539856e-03,7.638279e-04,3.682517e-03,8.884729e-02,2.266935e-02,1.752156e-01,2.538295e-03,2.548253e-02,2.386001e-02,4.044826e-01
5.367468e-03,2.437018e-02,7.205595e-02,1.291754e-01,8.749920e-03,6.909620e-03,5.629803e-04,3.151204e-03,9.083661e-02,1.669649e-02,1.303834e-01,2.030374e-03,1.922164e-02,1.888047e-02,4.716083e-01
4.459832e-03,1.817259e-02,7.194601e-02,9.475411e-02,6.616177e-03,5.050707e-03,4.136558e-04,2.515401e-03,7.114234e-02,1.295767e-02,9.696499e-02,1.491906e-03,1.399305e-02,1.590999e-02,5.836115e-01
4.215141e-03,1.425843e-02,1.159959e-01,6.826511e-02,4.772396e-03,4.854577e-03,3.633957e-04,1.950784e-03,6.610121e-02,1.189344e-02,7.307563e-02,1.154035e-03,1.076313e-02,1.825467e-02,6.040822e-01
4.072324e-03,1.253185e-02,1.386917e-01,5.045444e-02,3.864564e-03,3.737551e-03,3.573985e-04,1.742288e-03,6.073634e-02,9.244403e-03,5.357321e-02,9.044356e-04,8.112975e-03,1.523841e-02,6.367381e-01
6.030582e-03,1.158268e-02,1.116590e-01,3.645200e-02,3.549330e-03,2.841476e-03,2.927778e-04,1.727959e-03,4.604558e-02,6.832243e-03,4.038171e-02,7.377871e-04,6.681890e-03,1.170057e-02,7.134845e-01
1.250256e-02,1.282615e-02,1.603009e-01,3.252006e-02,5.228003e-03,2.920458e-03,4.544669e-04,6.274365e-03,5.282570e-02,5.808924e-03,3.192187e-02,7.951260e-04,7.117463e-03,1.002169e-02,6.584823e-01
1.493465e-02,1.575480e-02,1.261167e-01,2.452631e-02,6.755641e-03,3.236259e-03,6.211601e-04,5.877900e-03,5.805875e-02,5.882605e-03,2.371461e-02,8.570791e-04,7.633766e-03,1.683474e-02,6.891950e-01
3.277490e-02,5.137369e-02,1.378051e-01,2.198512e-02,7.967331e-03,5.008706e-03,1.055754e-03,1.162389e-02,8.040479e-02,6.070761e-03,1.894596e-02,1.254528e-03,1.057515e-02,1.668166e-02,5.964727e-01
3.579679e-02,4.444306e-02,1.416728e-01,1.721267e-02,1.968677e-02,1.414119e-02,1.104895e-03,9.283178e-03,6.403299e-02,5.258357e-03,1.402256e-02,1.092123e-03,9.010933e-03,1.394064e-02,6.093010e-01
3.604714e-02,3.443922e-02,1.077927e-01,1.265955e-02,1.823154e-02,1.694664e-02,8.858967e-04,7.256906e-03,4.613784e-02,3.885956e-03,1.010739e-02,8.627435e-04,7.341943e-03,1.097773e-02,6.864268e-01
3.587248e-02,4.585095e-02,1.078271e-01,1.772576e-02,4.415419e-02,2.415139e-02,1.425045e-03,9.320794e-03,3.638576e-02,3.560526e-03,7.626794e-03,9.601563e-04,6.692915e-03,1.234720e-02,6.460989e-01
3.880813e-02,3.716657e-02,7.809316e-02,1.406656e-02,4.338066e-02,2.035858e-02,1.202141e-03,9.451738e-03,3.163438e-02,3.510376e-03,5.642827e-03,8.218598e-04,5.886870e-03,1.089973e-02,6.990764e-01
7.060674e-02,3.778367e-02,6.472539e-02,2.092855e-02,4.727035e-02,2.056003e-02,1.409702e-03,8.575075e-03,3.326811e-02,2.948111e-03,6.123383e-03,1.594621e-03,1.265814e-02,1.157771e-02,6.599705e-01
1.046907e-01,4.696308e-02,5.490397e-02,3.809452e-02,5.384279e-02,2.166761e-02,2.275422e-03,8.740505e-03,3.330772e-02,3.063493e-03,5.659098e-03,2.312663e-03,1.380024e-02,1.046397e-02,6.002142e-01
1.104230e-01,4.118009e-02,5.875646e-02,6.109823e-02,5.419939e-02,1.811047e-02,2.433913e-03,8.946297e-03,3.543701e-02,3.602320e-03,5.047765e-03,2.285825e-03,1.306855e-02,9.148575e-03,5.762622e-01
2.319699e-01,4.719452e-02,5.591163e-02,6.686121e-02,4.934835e-02,1.511393e-02,2.260372e-03,9.455071e-03,4.188959e-02,5.436295e-03,4.985056e-03,3.808188e-03,1.253626e-02,8.972521e-03,4.442571e-01
2.966704e-01,8.821240e-02,4.647921e-02,7.136646e-02,6.449533e-02,2.285913e-02,5.112287e-03,1.191628e-02,3.686301e-02,5.341219e-03,5.074269e-03,6.739614e-03,1.115275e-02,7.394450e-03,3.203232e-01
3.352425e-01,8.637166e-02,4.050563e-02,6.719244e-02,9.098013e-02,3.403725e-02,6.451699e-03,4.097930e-02,2.825935e-02,5.250210e-03,6.631756e-03,9.974691e-03,1.096414e-02,6.265295e-03,2.308940e-01
3.192942e-01,1.241313e-01,7.830372e-02,5.816714e-02,7.613529e-02,4.351425e-02,5.409349e-03,5.033994e-02,2.217942e-02,1.241212e-02,8.582195e-03,1.006059e-02,9.741524e-03,6.212976e-03,1.755160e-01
4.049053e-01,1.103152e-01,6.866993e-02,4.407744e-02,7.639465e-02,4.678484e-02,5.083689e-03,4.413234e-02,1.750587e-02,1.696522e-02,7.825338e-03,8.593570e-03,7.628505e-03,9.819083e-03,1.312990e-01
4.216785e-01,1.112449e-01,5.708987e-02,3.632260e-02,9.145246e-02,5.120571e-02,4.201107e-03,3.430077e-02,1.452995e-02,3.435076e-02,8.074438e-03,7.734613e-03,6.059878e-03,1.229179e-02,1.094626e-01
4.327267e-01,1.008336e-01,5.195773e-02,3.121261e-02,1.022354e-01,5.454738e-02,3.744890e-03,2.924215e-02,1.336858e-02,4.962288e-02,8.850138e-03,7.520037e-03,4.866092e-03,1.510049e-02,9.417137e-02
