1.000000e+00,0.000000e+00,0.000000e+00,0.000000e+00,0.000000e+00,0.000000e+00,0.000000e+00,0.000000e+00,0.000000e+00,0.000000e+00,0.000000e+00,0.000000e+00,0.000000e+00,0.000000e+00,0.000000e+00
1.000000e+00,0.000000e+00,0.000000e+00,0.000000e+00,0.000000e+00,0.000000e+00,0.000000e+00,0.000000e+00,0.000000e+00,0.000000e+00,0.000000e+00,0.000000e+00,0.000000e+00,0.000000e+00,0.000000e+00
1.000000e+00,0.000000e+00,0.000000e+00,0.000000e+00,0.000000e+00,0.000000e+00,0.000000e+00,0.000000e+00,0.000000e+00,0.000000e+00,0.000000e+00,0.000000e+00,0.000000e+00,0.000000e+00,0.000000e+00
1.000000e+00,0.000000e+00,0.000000e+00,0.000000e+00,0.000000e+00,0.000000e+00,0.000000e+00,0.000000e+00,0.000000e+00,0.000000e+00,0.000000e+00,0.000000e+00,0.000000e+00,0.000000e+00,0.000000e+00
1.000000e+00,0.000000e+00,0.000000e+00,0.000000e+00,0.000000e+00,0.000000e+00,0.000000e+00,0.000000e+00,0.000000e+00,0.000000e+00,0.000000e+00,0.000000e+00,0.000000e+00,0.000000e+00,0.000000e+00
1.000000e+00,0.000000e+00,0.000000e+00,0.000000e+00,0.000000e+00,0.000000e+00,0.000000e+00,0.000000e+00,0.000000e+00,0.000000e+00,0.000000e+00,0.000000e+00,0.000000e+00,0.000000e+00,0.000000e+00
1.000000e+00,0.000000e+00,0.000000e+00,0.000000e+00,0.000000e+00,0.000000e+00,0.000000e+00,0.000000e+00,0.000000e+00,0.000000e+00,0.000000e+00,0.000000e+00,0.000000e+00,0.000000e+00,0.000000e+00
1.000000e+00,0.000000e+00,0.000000e+00,0.000000e+00,0.000000e+00,0.000000e+00,0.000000e+00,0.000000e+00,0.000000e+00,0.000000e+00,0.000000e+00,0.000000e+00,0.000000e+00,0.000000e+00,0.000000e+00
1.000000e+00,0.000000e+00,0.000000e+00,0.000000e+00,0.000000e+00,0.000000e+00,0.000000e+00,0.000000e+00,0.000000e+00,0.000000e+00,0.000000e+00,0.000000e+00,0.000000e+00,0.000000e+00,0.000000e+00
1.000000e+00,0.000000e+00,0.000000e+00,0.000000e+00,0.000000e+00,0.000000e+00,0.000000e+00,0.000000e+00,0.000000e+00,0.000000e+00,0.000000e+00,0.000000e+00,0.000000e+00,0.000000e+00,0.000000e+00
1.000000e+00,0.000000e+00,0.000000e+00,0.000000e+00,0.000000e+00,0.000000e+00,0.000000e+00,0.000000e+00,0.000000e+00,0.000000e+00,0.000000e+00,0.000000e+00,0.000000e+00,0.000000e+00,0.000000e+00
1.000000e+00,0.000000e+00,0.000000e+00,0.000000e+00,0.000000e+00,0.000000e+00,0.000000e+00,0.000000e+00,0.000000e+00,0.000000e+00,0.000000e+00,0.000000e+00,0.000000e+00,0.000000e+00,0.000000e+00
1.000000e+00,0.000000e+00,0.000000e+00,0.000000e+00,0.000000e+00,0.000000e+00,0.000000e+00,0.000000e+00,0.000000e+00,0.000000e+00,0.000000e+00,0.000000e+00,0.000000e+00,0.000000e+00,0.000000e+00
1.000000e+00,0.000000e+00,0.000000e+00,0.000000e+00,0.000000e+00,0.000000e+00,0.000000e+00,0.000000e+00,0.000000e+00,0.000000e+00,0.000000e+00,0.000000e+00,0.000000e+00,0.000000e+00,0.000000e+00
1.000000e+00,0.000000e+00,0.000000e+00,0.000000e+00,0.000000e+00,0.000000e+00,0.000000e+00,0.000000e+00,0.000000e+00,0.000000e+00,0.000000e+00,0.000000e+00,0.000000e+00,0.000000e+00,0.000000e+00
1.000000e+00,0.000000e+00,0.000000e+00,0.000000e+00,0.000000e+00,0.000000e+00,0.000000e+00,0.000000e+00,0.000000e+00,0.000000e+00,0.000000e+00,0.000000e+00,0.000000e+00,0.000000e+00,0.000000e+00
1.000000e+00,0.000000e+00,0.000000e+00,0.000000e+00,0.000000e+00,0.000000e+00,0.000000e+00,0.000000e+00,0.000000e+00,0.000000e+00,0.000000e+00,0.000000e+00,0.000000e+00,0.000000e+00,0.000000e+00
1.000000e+00,0.000000e+00,0.000000e+00,0.000000e+00,0.000000e+00,0.000000e+00,0.000000e+00,0.000000e+00,0.000000e+00,0.000000e+00,0.000000e+00,0.000000e+00,0.000000e+00,0.000000e+00,0.000000e+00
1.000000e+00,0.000000e+00,0.000000e+00,0.000000e+00,0.000000e+00,0.000000e+00,0.000000e+00,0.000000e+00,0.000000e+00,0.000000e+00,0.000000e+00,0.000000e+00,0.000000e+00,0.000000e+00,0.000000e+00
4.642909e-01,5.057355e-02,4.622527e-02,1.417616e-01,6.228173e-03,2.283103e-02,4.268143e-03,2.096844e-02,3.857685e-02,4.109575e-03,6.213168e-02,1.934384e-02,5.961407e-03,1.991520e-02,9.281433e-02
1.000000e+00,0.000000e+00,0.000000e+00,0.000000e+00,0.000000e+00,0.000000e+00,0.000000e+00,0.000000e+00,0.000000e+00,0.000000e+00,0.000000e+00,0.000000e+00,0.000000e+00,0.000000e+00,0.000000e+00
1.000000e+00,0.000000e+00,0.000000e+00,0.000000e+00,0.000000e+00,0.000000e+00,0.000000e+00,0.000000e+00,0.000000e+00,0.000000e+00,0.000000e+00,0.000000e+00,0.000000e+00,0.000000e+00,0.000000e+00
1.000000e+00,0.000000e+00,0.000000e+00,0.000000e+00,0.000000e+00,0.000000e+00,0.000000e+00,0.000000e+00,0.000000e+00,0.000000e+00,0.000000e+00,0.000000e+00,0.000000e+00,0.000000e+00,0.000000e+00
1.000000e+00,0.000000e+00,0.000000e+00,0.000000e+00,0.000000e+00,0.000000e+00,0.000000e+00,0.000000e+00,0.000000e+00,0.000000e+00,0.000000e+00,0.000000e+00,0.000000e+00,0.000000e+00,0.000000e+00
1.000000e+00,0.000000e+00,0.000000e+00,0.000000e+00,0.000000e+00,0.000000e+00,0.000000e+00,0.000000e+00,0.000000e+00,0.000000e+00,0.000000e+00,0.000000e+00,0.000000e+00,0.000000e+00,0.000000e+00
1.000000e+00,0.000000e+00,0.000000e+00,0.000000e+00,0.000000e+00,0.000000e+00,0.000000e+00,0.000000e+00,0.000000e+00,0.000000e+00,0.000000e+00,0.000000e+00,0.000000e+00,0.000000e+00,0.000000e+00
1.000000e+00,0.000000e+00,0.000000e+00,0.000000e+00,0.000000e+00,0.000000e+00,0.000000e+00,0.000000e+00,0.000000e+00,0.000000e+00,0.000000e+00,0.000000e+00,0.000000e+00,0.000000e+00,0.000000e+00
1.000000e+00,0.000000e+00,0.000000e+00,0.000000e+00,0.000000e+00,0.000000e+00,0.000000e+00,0.000000e+00,0.000000e+00,0.000000e+00,0.000000e+00,0.000000e+00,0.000000e+00,0.000000e+00,0.000000e+00
1.000000e+00,0.000000e+00,0.000000e+00,0.000000e+00,0.000000e+00,0.000000e+00,0.000000e+00,0.000000e+00,0.000000e+00,0.000000e+00,0.000000e+00,0.000000e+00,0.000000e+00,0.000000e+00,0.000000e+00
1.000000e+00,0.000000e+00,0.000000e+00,0.000000e+00,0.000000e+00,0.000000e+00,0.000000e+00,0.000000e+00,0.000000e+00,0.000000e+00,0.000000e+00,0.000000e+00,0.000000e+00,0.000000e+00,0.000000e+00
1.000000e+00,0.000000e+00,0.000000e+00,0.000000e+00,0.000000e+00,0.000000e+00,0.000000e+00,0.000000e+00,0.000000e+00,0.000000e+00,0.000000e+00,0.000000e+00,0.000000e+00,0.000000e+00,0.000000e+00
1.000000e+00,0.000000e+00,0.000000e+00,0.000000e+00,0.000000e+00,0.000000e+00,0.000000e+00,0.000000e+00,0.000000e+00,0.000000e+00,0.000000e+00,0.000000e+00,0.000000e+00,0.000000e+00,0.000000e+00
1.000000e+00,0.000000e+00,0.000000e+00,0.000000e+00,0.000000e+00,0.000000e+00,0.000000e+00,0.000000e+00,0.000000e+00,0.000000e+00,0.000000e+00,0.000000e+00,0.000000e+00,0.000000e+00,0.000000e+00
1.000000e+00,0.000000e+00,0.000000e+00,0.000000e+00,0.000000e+00,0.000000e+00,0.000000e+00,0.000000e+00,0.000000e+00,0.000000e+00,0.000000e+00,0.000000e+00,0.000000e+00,0.000000e+00,0.000000e+00
1.000000e+00,0.000000e+00,0.000000e+00,0.000000e+00,0.000000e+00,0.000000e+00,0.000000e+00,0.000000e+00,0.000000e+00,0.000000e+00,0.000000e+00,0.000000e+00,0.000000e+00,0.000000e+00,0.000000e+00
1.000000e+00,0.000000e+00,0.000000e+00,0.000000e+00,0.000000e+00,0.000000e+00,0.000000e+00,0.000000e+00,0.000000e+00,0.000000e+00,0.000000e+00,0.000000e+00,0.000000e+00,0.000000e+00,0.000000e+00
1.000000e+00,0.000000e+00,0.000000e+00,0.000000e+00,0.000000e+00,0.000000e+00,0.000000e+00,0.000000e+00,0.000000e+00,0.000000e+00,0.000000e+00,0.000000e+00,0.000000e+00,0.000000e+00,0.000000e+00
1.000000e+00,0.000000e+00,0.000000e+00,0.000000e+00,0.000000e+00,0.000000e+00,0.000000e+00,0.000000e+00,0.000000e+00,0.000000e+00,0.000000e+00,0.000000e+00,0.000000e+00,0.000000e+00,0.000000e+00
1.000000e+00,0.000000e+00,0.000000e+00,0.000000e+00,0.000000e+00,0.000000e+00,0.000000e+00,0.000000e+00,0.000000e+00,0.000000e+00,0.000000e+00,0.000000e+00,0.000000e+00,0.000000e+00,0.000000e+00
1.000000e+00,0.000000e+00,0.000000e+00,0.000000e+00,0.000000e+00,0.000000e+00,0.000000e+00,0.000000e+00,0.000000e+00,0.000000e+00,0.000000e+00,0.000000e+00,0.000000e+00,0.000000e+00,0.000000e+00
1.000000e+00,0.000000e+00,0.000000e+00,0.000000e+00,0.000000e+00,0.000000e+00,0.000000e+00,0.000000e+00,0.000000e+00,0.000000e+00,0.000000e+00,0.000000e+00,0.000000e+00,0.000000e+00,0.000000e+00
1.000000e+00,0.000000e+00,0.000000e+00,0.000000e+00,0.000000e+00,0.000000e+00,0.000000e+00,0.000000e+00,0.000000e+00,0.000000e+00,0.000000e+00,0.000000e+00,0.000000e+00,0.000000e+00,0.000000e+00
1.000000e+00,0.000000e+00,0.000000e+00,0.000000e+00,0.000000e+00,0.000000e+00,0.000000e+00,0.000000e+00,0.000000e+00,0.000000e+00,0.000000e+00,0.000000e+00,0.000000e+00,0.000000e+00,0.000000e+00
1.000000e+00,0.000000e+00,0.000000e+00,0.000000e+00,0.000000e+00,0.000000e+00,0.000000e+00,0.000000e+00,0.000000e+00,0.000000e+00,0.000000e+00,0.000000e+00,0.000000e+00,0.000000e+00,0.000000e+00
1.000000e+00,0.000000e+00,0.000000e+00,0.000000e+00,0.000000e+00,0.000000e+00,0.000000e+00,0.000000e+00,0.000000e+00,0.000000e+00,0.000000e+00,0.000000e+00,0.000000e+00,0.000000e+00,0.000000e+00
1.000000e+00,0.000000e+00,0.000000e+00,0.000000e+00,0.000000e+00,0.000000e+00,0.000000e+00,0.000000e+00,0.000000e+00,0.000000e+00,0.000000e+00,0.000000e+00,0.000000e+00,0.000000e+00,0.000000e+00
1.000000e+00,0.000000e+00,0.000000e+00,0.000000e+00,0.000000e+00,0.000000e+00,0.000000e+00,0.000000e+00,0.000000e+00,0.000000e+00,0.000000e+00,0.000000e+00,0.000000e+00,0.000000e+00,0.000000e+00
1.000000e+00,0.000000e+00,0.000000e+00,0.000000e+00,0.000000e+00,0.000000e+00,0.000000e+00,0.000000e+00,0.000000e+00,0.000000e+00,0.000000e+00,0.000000e+00,0.000000e+00,0.000000e+00,0.000000e+00
1.000000e+00,0.000000e+00,0.000000e+00,0.000000e+00,0.000000e+00,0.000000e+00,0.000000e+00,0.000000e+00,0.000000e+00,0.000000e+00,0.000000e+00,0.000000e+00,0.000000e+00,0.000000e+00,0.000000e+00
1.000000e+00,0.000000e+00,0.000000e+00,0.000000e+00,0.000000e+00,0.000000e+00,0.000000e+00,0.000000e+00,0.000000e+00,0.000000e+00,0.000000e+00,0.000000e+00,0.000000e+00,0.000000e+00,0.000000e+00
1.000000e+00,0.000000e+00,0.000000e+00,0.000000e+00,0.000000e+00,0.000000e+00,0.000000e+00,0.000000e+00,0.000000e+00,0.000000e+00,0.000000e+00,0.000000e+00,0.000000e+00,0.000000e+00,0.000000e+00
1.000000e+00,0.000000e+00,0.000000e+00,0.000000e+00,0.000000e+00,0.000000e+00,0.000000e+00,0.000000e+00,0.000000e+00,0.000000e+00,0.000000e+00,0.000000e+00,0.000000e+00,0.000000e+00,0.000000e+00
1.000000e+00,0.000000e+00,0.000000e+00,0.000000e+00,0.000000e+00,0.000000e+00,0.000000e+00,0.000000e+00,0.000000e+00,0.000000e+00,0.000000e+00,0.000000e+00,0.000000e+00,0.000000e+00,0.000000e+00
1.000000e+00,0.000000e+00,0.000000e+00,0.000000e+00,0.000000e+00,0.000000e+00,0.000000e+00,0.000000e+00,0.000000e+00,0.000000e+00,0.000000e+00,0.000000e+00,0.000000e+00,0.000000e+00,0.000000e+00
1.000000e+00,0.000000e+00,0.000000e+00,0.000000e+00,0.000000e+00,0.000000e+00,0.000000e+00,0.000000e+00,0.000000e+00,0.000000e+00,0.000000e+00,0.000000e+00,0.000000e+00,0.000000e+00,0.000000e+00
1.000000e+00,0.000000e+00,0.000000e+00,0.000000e+00,0.000000e+00,0.000000e+00,0.000000e+00,0.000000e+00,0.000000e+00,0.000000e+00,0.000000e+00,0.000000e+00,0.000000e+00,0.000000e+00,0.000000e+00
1.000000e+00,0.000000e+00,0.000000e+00,0.000000e+00,0.000000e+00,0.000000e+00,0.000000e+00,0.000000e+00,0.000000e+00,0.000000e+00,0.000000e+00,0.000000e+00,0.000000e+00,0.000000e+00,0.000000e+00
1.000000e+00,0.000000e+00,0.000000e+00,0.000000e+00,0.000000e+00,0.000000e+00,0.000000e+00,0.000000e+00,0.000000e+00,0.000000e+00,0.000000e+00,0.000000e+00,0.000000e+00,0.000000e+00,0.000000e+00
4.198205e-01,1.196128e-02,4.585205e-02,4.124639e-02,6.153055e-03,2.059006e-02,8.106289e-03,3.926570e-01,2.275910e-03,8.974908e-04,5.767340e-03,1.866501e-02,1.356788e-02,1.720908e-03,1.071883e-02
3.259829e-01,8.725837e-03,3.927588e-02,3.302596e-02,5.212389e-03,1.684064e-02,6.416471e-03,5.208737e-01,1.751170e-03,7.006786e-04,5.871426e-03,1.407241e-02,1.159072e-02,1.874752e-03,7.785056e-03
2.681712e-01,7.242797e-03,3.558598e-02,2.582088e-02,6.038722e-03,1.457479e-02,6.009815e-03,5.984809e-01,1.361005e-03,6.451856e-04,6.564529e-03,1.065290e-02,9.484350e-03,3.459330e-03,5.907553e-03
2.375055e-01,6.754620e-03,3.095512e-02,1.999534e-02,7.162417e-03,1.256113e-02,5.064387e-03,6.397026e-01,1.187378e-03,6.558700e-04,8.716989e-03,9.653571e-03,8.903318e-03,6.453879e-03,4.727902e-03
2.848225e-01,9.896307e-03,7.379226e-02,1.628282e-02,1.612447e-02,3.084860e-02,8.267472e-03,5.002925e-01,1.619740e-03,1.540395e-03,9.812606e-03,8.315273e-03,9.185374e-03,2.152884e-02,7.670764e-03
3.485473e-01,1.030975e-02,7.577199e-02,1.359991e-02,2.130064e-02,8.294993e-02,1.119658e-02,3.718035e-01,1.814126e-03,1.854657e-03,9.791076e-03,8.066968e-03,8.801825e-03,2.458113e-02,9.610524e-03
3.683633e-01,1.050518e-02,7.124461e-02,1.240541e-02,2.353717e-02,1.594664e-01,9.184549e-03,2.720381e-01,2.136643e-03,3.059276e-03,1.108251e-02,8.896093e-03,9.489715e-03,2.316706e-02,1.542401e-02
4.220868e-01,9.147864e-03,6.363630e-02,1.068437e-02,2.149029e-02,1.987421e-01,1.068460e-02,1.997416e-01,1.875973e-03,2.809865e-03,8.906176e-03,7.787220e-03,9.010053e-03,1.842540e-02,1.497141e-02
3.077717e-01,8.031945e-03,6.100006e-02,9.469919e-03,1.711341e-02,3.476119e-01,7.727187e-03,1.410067e-01,2.376095e-03,3.310598e-03,1.923188e-02,6.846996e-03,8.442475e-03,4.469275e-02,1.536654e-02
2.173745e-01,6.493147e-03,4.300414e-02,6.739265e-03,1.254966e-02,4.430083e-01,5.659117e-03,9.882826e-02,2.700893e-03,7.904122e-03,3.043213e-02,5.887953e-03,8.308500e-03,7.920325e-02,3.190685e-02
1.543256e-01,6.447880e-03,3.046732e-02,4.794884e-03,8.969380e-03,3.918815e-01,4.051754e-03,6.924118e-02,3.341412e-03,1.926841e-02,3.631982e-02,5.957069e-03,8.391195e-03,1.197340e-01,1.368086e-01
1.096631e-01,4.751834e-02,2.336413e-02,1.311753e-02,6.477770e-03,2.897043e-01,3.021338e-03,4.857183e-02,1.142103e-01,3.283914e-02,3.929042e-02,7.005028e-03,1.312288e-02,1.034268e-01,1.486672e-01
7.786136e-02,4.616561e-02,2.007971e-02,1.352597e-02,4.732327e-03,2.338257e-01,2.337703e-03,3.409814e-02,1.036574e-01,3.352702e-02,5.024021e-02,1.317087e-02,1.240917e-02,1.019324e-01,2.524365e-01
5.562527e-02,3.369202e-02,2.010164e-02,2.429189e-02,4.164162e-03,2.172827e-01,1.928159e-03,2.411003e-02,9.490901e-02,4.763367e-02,6.977884e-02,2.133218e-02,2.468354e-02,9.078068e-02,2.696862e-01
4.010634e-02,2.799007e-02,1.700263e-02,2.496455e-02,6.648086e-03,1.722438e-01,1.691176e-03,1.837243e-02,8.874732e-02,4.378464e-02,8.910076e-02,2.969492e-02,3.057700e-02,8.609888e-02,3.229774e-01
2.905886e-02,3.077292e-02,1.749902e-02,2.918815e-02,1.062622e-02,1.262250e-01,1.435586e-03,2.079483e-02,1.032033e-01,4.007997e-02,1.471290e-01,4.722574e-02,4.021595e-02,7.805473e-02,2.784906e-01
2.131418e-02,3.464168e-02,2.029501e-02,5.022747e-02,1.822253e-02,9.923746e-02,2.882299e-03,1.733170e-02,2.118604e-01,4.314598e-02,1.218587e-01,3.503438e-02,3.724109e-02,6.324731e-02,2.234598e-01
1.559762e-02,2.643457e-02,2.134223e-02,9.195743e-02,1.991123e-02,7.791544e-02,2.344804e-03,1.389622e-02,1.726234e-01,3.678695e-02,1.633456e-01,2.752466e-02,7.311848e-02,4.534431e-02,2.118570e-01
1.127442e-02,1.961925e-02,2.202626e-02,7.487018e-02,1.624747e-02,5.914974e-02,2.306844e-03,1.097788e-02,1.356935e-01,3.866758e-02,1.664582e-01,2.325944e-02,1.158077e-01,3.265836e-02,2.709831e-01
8.403220e-03,1.611492e-02,3.685290e-02,5.416078e-02,1.391920e-02,4.372459e-02,4.692880e-03,9.544728e-03,1.010837e-01,3.100032e-02,1.453686e-01,2.345582e-02,1.874641e-01,2.418220e-02,3.000320e-01
6.970788e-03,1.526326e-02,3.250998e-02,4.059669e-02,1.295021e-02,3.833057e-02,3.787292e-03,7.753849e-03,9.432131e-02,2.501205e-02,1.430091e-01,2.776673e-02,2.461401e-01,1.815108e-02,2.874370e-01
5.626655e-03,4.009748e-02,3.962492e-02,8.509761e-02,1.567255e-02,3.090917e-02,2.977006e-03,5.802680e-03,1.929342e-01,1.891113e-02,1.076144e-01,2.244943e-02,2.098262e-01,1.345127e-02,2.090053e-01
4.237515e-03,4.863814e-02,2.864660e-02,6.933331e-02,1.157049e-02,3.723621e-02,2.136856e-03,4.292268e-03,2.642733e-01,1.358762e-02,8.547325e-02,2.722284e-02,2.431169e-01,1.002015e-02,1.502145e-01
3.280741e-03,7.465313e-02,2.148972e-02,9.743579e-02,8.565777e-03,3.403303e-02,1.508855e-03,3.039456e-03,3.643988e-01,1.060101e-02,6.403926e-02,2.231635e-02,1.763803e-01,7.609621e-03,1.106481e-01
2.644669e-03,5.503348e-02,1.533813e-02,7.587254e-02,6.183818e-03,2.499716e-02,1.076614e-03,2.219873e-03,2.966229e-01,7.865195e-03,8.411909e-02,3.704528e-02,3.018396e-01,6.496309e-03,8.264534e-02
2.117696e-03,4.015950e-02,1.099751e-02,5.829942e-02,4.486362e-03,1.840311e-02,7.735436e-04,1.733751e-03,2.561788e-01,6.080609e-03,1.097759e-01,5.207699e-02,3.538647e-01,5.503107e-03,7.954906e-02
2.553968e-03,6.034555e-02,8.502366e-03,6.826945e-02,3.430445e-03,1.429960e-02,5.600511e-04,1.315597e-03,3.379635e-01,5.211275e-03,8.908941e-02,4.976179e-02,2.859049e-01,6.805004e-03,6.598715e-02
2.773244e-03,4.890797e-02,6.193445e-03,5.103012e-02,2.638412e-03,1.075154e-02,4.784763e-04,2.909057e-03,3.147316e-01,4.255831e-03,7.509460e-02,5.213968e-02,3.188862e-01,8.789636e-03,1.004202e-01
3.133955e-03,4.069690e-02,4.703603e-03,3.655091e-02,2.225406e-03,8.585606e-03,4.428876e-04,2.587290e-03,3.098563e-01,3.245689e-03,5.567966e-02,4.102185e-02,2.558582e-01,8.749093e-03,2.266627e-01
2.349108e-03,2.928717e-02,4.109958e-03,2.575650e-02,1.912774e-03,6.210621e-03,3.186252e-04,1.905072e-03,2.199996e-01,2.361034e-03,3.908100e-02,2.889281e-02,1.827112e-01,6.735187e-03,4.483694e-01
2.454280e-03,2.310636e-02,5.300273e-03,1.885705e-02,3.518577e-03,5.297335e-03,2.577609e-04,1.545722e-03,1.617153e-01,2.075245e-03,2.768376e-02,2.043299e-02,1.306937e-01,6.509099e-03,5.905526e-01
2.786884e-03,2.080052e-02,2.028930e-02,1.573121e-02,3.610626e-03,7.463506e-03,2.622980e-04,1.180192e-03,1.313025e-01,3.994265e-03,2.091970e-02,1.527288e-02,9.538274e-02,5.378901e-03,6.556245e-01
3.861292e-03,1.707538e-02,1.608121e-02,1.252591e-02,3.482780e-03,7.888636e-03,2.430255e-04,9.613705e-04,1.269117e-01,7.861845e-03,3.872725e-02,1.137890e-02,7.621057e-02,1.258552e-02,6.642046e-01
4.065886e-03,1.415656e-02,1.899635e-02,9.662822e-03,4.342373e-03,7.205831e-03,2.268073e-04,8.364157e-04,9.609856e-02,7.054913e-03,5.560995e-02,9.237944e-03,6.951508e-02,1.234007e-02,6.906504e-01
1.015802e-02,1.273971e-02,1.399237e-02,6.983054e-03,1.256108e-02,5.512040e-03,2.013500e-04,6.353002e-04,7.452814e-02,5.588125e-03,5.244756e-02,6.771131e-03,5.244535e-02,1.681508e-02,7.286217e-01
1.479639e-02,1.123897e-02,1.062947e-02,5.481329e-03,1.412340e-02,4.828290e-03,2.284324e-04,5.953072e-04,6.014976e-02,5.236438e-03,5.478490e-02,5.618562e-03,4.515088e-02,1.914748e-02,7.479904e-01
1.792717e-02,8.679341e-03,8.616388e-03,5.008685e-03,1.082556e-02,7.721657e-03,3.058314e-04,6.181000e-04,4.449470e-02,6.612552e-03,1.022099e-01,1.111079e-02,5.652332e-02,1.919186e-02,7.001542e-01
1.486428e-02,8.922768e-03,1.588437e-02,5.181832e-03,8.793116e-03,8.250625e-03,4.624580e-04,8.608230e-04,3.436285e-02,7.772282e-03,2.681938e-01,1.910866e-02,6.326091e-02,2.581989e-02,5.182614e-01
1.433386e-02,1.198271e-02,4.290733e-02,8.555084e-03,8.630086e-03,1.989073e-02,1.583716e-03,2.120477e-03,3.138984e-02,6.539965e-02,2.881796e-01,1.945665e-02,7.152346e-02,2.726714e-02,3.867796e-01
1.282494e-02,1.382617e-02,3.738293e-02,7.392047e-03,8.007624e-03,1.069034e-01,2.140158e-03,2.475284e-03,3.364993e-02,1.673450e-01,2.222974e-01,1.599847e-02,5.734659e-02,3.318654e-02,2.792235e-01
1.271431e-02,1.383816e-02,3.359187e-02,6.887916e-03,1.245947e-02,1.143925e-01,2.321313e-03,2.671638e-03,6.211931e-02,2.699637e-01,1.695071e-01,1.387656e-02,4.828541e-02,3.577445e-02,2.015962e-01
1.970972e-02,1.552741e-02,4.924202e-02,1.773067e-02,2.000263e-02,1.381256e-01,3.982175e-03,4.442035e-03,6.434027e-02,2.978186e-01,1.282843e-01,1.437969e-02,4.755480e-02,3.033422e-02,1.485259e-01
2.493897e-02,1.470073e-02,4.008232e-02,2.308716e-02,3.725775e-02,1.042006e-01,4.273734e-03,5.049778e-02,7.408015e-02,3.185729e-01,9.752686e-02,1.363853e-02,6.368515e-02,2.469429e-02,1.087631e-01
2.445740e-02,1.093786e-02,3.021475e-02,9.150194e-02,5.153093e-02,7.423910e-02,3.826039e-03,1.537595e-01,5.630549e-02,2.706461e-01,7.375566e-02,1.090836e-02,5.254393e-02,1.849470e-02,7.687825e-02
5.873482e-02,9.344365e-03,2.807833e-02,1.406704e-01,7.778604e-02,6.200489e-02,3.677233e-03,1.265261e-01,4.299932e-02,2.365654e-01,6.156258e-02,1.907675e-02,6.311960e-02,1.441801e-02,5.543619e-02
5.875330e-02,9.526232e-03,2.553398e-02,1.793090e-01,6.999414e-02,5.222458e-02,3.048494e-03,9.813815e-02,3.659998e-02,1.843895e-01,6.950502e-02,5.846889e-02,9.564033e-02,1.452421e-02,4.434421e-02
5.605426e-02,8.652449e-03,3.207999e-02,1.700749e-01,5.534931e-02,5.046094e-02,2.790299e-03,7.321658e-02,3.036340e-02,1.322047e-01,9.555106e-02,1.274860e-01,1.185621e-01,1.305764e-02,3.409641e-02
7.609326e-02,9.617124e-03,3.119848e-02,1.351283e-01,5.359741e-02,4.407443e-02,3.104976e-03,7.550350e-02,4.000138e-02,1.220324e-01,1.121869e-01,1.253482e-01,1.309004e-01,1.461667e-02,2.659660e-02
8.271924e-02,1.128379e-02,3.017002e-02,1.314027e-01,4.163660e-02,3.932146e-02,3.369957e-03,6.086281e-02,6.070372e-02,9.040102e-02,1.194409e-01,1.613814e-01,1.321657e-01,1.163923e-02,2.350140e-02
8.715084e-02,1.561665e-02,2.785028e-02,1.345210e-01,3.348724e-02,3.638651e-02,3.125910e-03,5.549701e-02,1.420119e-01,6.491054e-02,1.030534e-01,1.441758e-01,1.234244e-01,9.392424e-03,1.939617e-02
1.406618e-01,1.879045e-02,2.623906e-02,1.075861e-01,3.337579e-02,3.198195e-02,3.944851e-03,6.168628e-02,2.040157e-01,4.660359e-02,9.053569e-02,1.075360e-01,1.036381e-01,7.794952e-03,1.560968e-02
1.492440e-01,2.018932e-02,2.177494e-02,1.023222e-01,3.212212e-02,4.001888e-02,3.829319e-03,4.909958e-02,3.027058e-01,3.637026e-02,7.015572e-02,7.744148e-02,7.561003e-02,6.028418e-03,1.308799e-02
1.486426e-01,2.713127e-02,2.593818e-02,1.091926e-01,3.404756e-02,4.290855e-02,6.313803e-03,4.304738e-02,3.357510e-01,3.002022e-02,5.770162e-02,5.806855e-02,6.376290e-02,4.779829e-03,1.269401e-02
1.610045e-01,3.233524e-02,3.116029e-02,8.638143e-02,4.547329e-02,3.954720e-02,1.213393e-02,4.065301e-02,3.565788e-01,2.376892e-02,5.091385e-02,4.331697e-02,5.980689e-02,3.807879e-03,1.311779e-02
1.547703e-01,3.187238e-02,3.339126e-02,1.208476e-01,6.722160e-02,3.340789e-02,1.694421e-02,3.633735e-02,3.145285e-01,2.204542e-02,4.856642e-02,4.131586e-02,6.211518e-02,3.341946e-03,1.329400e-02
1.194075e-01,3.173009e-02,3.304465e-02,1.606350e-01,8.824848e-02,2.679160e-02,1.795069e-02,2.720788e-02,2.573381e-01,1.720534e-02,4.603548e-02,3.213444e-02,1.196355e-01,2.649795e-03,1.998542e-02
8.416161e-02,5.728416e-02,3.486489e-02,2.996364e-01,7.029262e-02,1.974311e-02,1.271642e-02,1.911331e-02,2.028191e-01,1.253024e-02,4.494113e-02,2.855329e-02,9.469825e-02,1.954313e-03,1.669119e-02
5.958233e-02,4.327206e-02,2.497429e-02,2.795622e-01,5.017006e-02,1.561186e-02,9.177350e-03,1.359823e-02,1.653894e-01,9.066923e-03,4.469697e-02,4.103005e-02,2.295816e-01,1.441189e-03,1.284559e-02
4.227247e-02,3.082399e-02,1.818503e-02,2.244910e-01,3.636191e-02,1.198090e-02,6.773018e-03,9.868667e-03,1.234502e-01,6.711863e-03,4.168609e-02,3.810683e-02,3.948352e-01,1.111749e-03,1.334109e-02
3.383843e-02,2.656969e-02,2.021292e-02,2.352340e-01,2.825193e-02,9.429205e-03,4.961520e-03,7.367439e-03,1.525536e-01,6.007974e-03,6.221373e-02,4.938350e-02,3.524180e-01,1.399796e-03,1.015822e-02
2.641678e-02,1.912514e-02,1.588949e-02,1.843578e-01,2.189259e-02,7.503883e-03,3.714938e-03,5.482913e-03,1.170854e-01,5.036181e-03,8.155534e-02,5.487100e-02,4.461181e-01,1.682210e-03,9.268258e-03
2.110038e-02,1.472473e-02,1.331588e-02,1.318712e-01,4.353131e-02,6.330863e-03,4.169466e-03,4.300178e-03,1.427979e-01,4.252912e-03,1.040074e-01,7.734415e-02,4.223851e-01,1.905432e-03,7.963069e-03
1.880812e-02,1.171057e-02,1.144965e-02,9.488226e-02,3.454831e-02,7.267282e-03,3.272914e-03,5.410841e-03,1.311402e-01,4.768884e-03,8.274747e-02,8.984910e-02,4.935657e-01,2.600904e-03,7.977816e-03
1.534499e-02,1.047056e-02,1.356370e-02,6.703053e-02,2.722567e-02,7.282897e-03,2.741133e-03,7.248336e-03,1.335271e-01,5.487548e-03,7.164375e-02,8.753447e-02,5.375982e-01,2.960441e-03,1.034062e-02
1.261284e-02,7.893370e-03,2.246480e-02,4.887486e-02,2.405407e-02,6.131428e-03,2.259748e-03,4.493601e-02,1.018988e-01,5.171731e-03,5.612804e-02,7.033364e-02,5.780266e-01,3.209216e-03,1.600485e-02
1.585839e-02,7.883964e-03,7.143971e-02,4.478391e-02,4.536964e-02,5.785828e-03,2.426923e-03,5.813872e-02,1.117945e-01,5.453735e-03,4.484691e-02,5.424330e-02,4.975662e-01,3.566721e-03,3.084154e-02
2.254508e-02,8.569337e-03,8.552831e-02,3.581816e-02,8.643086e-02,6.310947e-03,3.943655e-03,9.544814e-02,1.135040e-01,5.115230e-03,3.951719e-02,4.234930e-02,4.018032e-01,3.628860e-03,4.948768e-02
2.705388e-02,9.213882e-03,1.267840e-01,4.993217e-02,7.894409e-02,6.162529e-03,4.046212e-03,8.126719e-02,1.036364e-01,4.828535e-03,3.863710e-02,3.648298e-02,3.787432e-01,4.315236e-03,4.995262e-02
5.055963e-02,8.458165e-03,1.042941e-01,4.322939e-02,7.235362e-02,5.415099e-03,3.664481e-03,6.575494e-02,8.467310e-02,4.136678e-03,3.935164e-02,3.649545e-02,3.725588e-01,6.491846e-03,1.025631e-01
1.275471e-01,1.729907e-02,9.748786e-02,4.248504e-02,7.006315e-02,7.018480e-03,3.404819e-03,6.403221e-02,7.606500e-02,5.987749e-03,3.565498e-02,2.893517e-02,2.968656e-01,7.578860e-03,1.195749e-01
1.571694e-01,2.233853e-02,8.092872e-02,4.042853e-02,8.589023e-02,9.506708e-03,5.034124e-03,5.850397e-02,8.426217e-02,5.712536e-03,3.043856e-02,2.410650e-02,2.335180e-01,7.226383e-03,1.549356e-01
1.944588e-01,3.092016e-02,7.930557e-02,6.036403e-02,1.019621e-01,1.192081e-02,5.380026e-03,5.819541e-02,7.856774e-02,6.309628e-03,2.716987e-02,3.215971e-02,1.776261e-01,8.258170e-03,1.274019e-01
1.626136e-01,4.631648e-02,1.029460e-01,1.451342e-01,1.027137e-01,9.815623e-03,4.782944e-03,4.708466e-02,8.540992e-02,9.451015e-03,2.069671e-02,2.478280e-02,1.270351e-01,6.382904e-03,1.048343e-01
1.768863e-01,6.949292e-02,8.572708e-02,1.280065e-01,1.195607e-01,8.894578e-03,6.083082e-03,3.899141e-02,1.130076e-01,1.461537e-02,1.680904e-02,1.920794e-02,9.272576e-02,6.180861e-03,1.038109e-01
1.834054e-01,9.203647e-02,6.792204e-02,1.050916e-01,1.265084e-01,1.071046e-02,8.216738e-03,3.041559e-02,1.801950e-01,1.396301e-02,1.343854e-02,1.570176e-02,6.778548e-02,5.278331e-03,7.933114e-02
2.099579e-01,9.413696e-02,5.737494e-02,1.284412e-01,1.136794e-01,1.091970e-02,7.843836e-03,2.400517e-02,1.881846e-01,1.701559e-02,1.213854e-02,1.808205e-02,5.093049e-02,4.698134e-03,6.259161e-02
2.110537e-01,7.398649e-02,5.459622e-02,2.084361e-01,8.977655e-02,1.679001e-02,6.510562e-03,1.925840e-02,1.609176e-01,1.466841e-02,2.220516e-02,2.397770e-02,4.537977e-02,3.796666e-03,4.864682e-02
1.919048e-01,6.064794e-02,4.264177e-02,2.253914e-01,7.410644e-02,2.254161e-02,5.719052e-03,1.436775e-02,1.252835e-01,1.478888e-02,6.683166e-02,2.387436e-02,7.620625e-02,4.021339e-03,5.167320e-02
1.533198e-01,4.563402e-02,3.205864e-02,2.420944e-01,5.791111e-02,2.095518e-02,4.358050e-03,1.094887e-02,1.273543e-01,1.194105e-02,1.006775e-01,2.772035e-02,1.164173e-01,3.212069e-03,4.539726e-02
1.276852e-01,3.391362e-02,2.442006e-02,1.846704e-01,4.451321e-02,2.125755e-02,3.892111e-03,8.163357e-03,9.323526e-02,1.351411e-02,9.835494e-02,3.894769e-02,2.261809e-01,3.002938e-03,7.824865e-02
1.182305e-01,2.465649e-02,1.883776e-02,1.367155e-01,3.491700e-02,1.861082e-02,3.544924e-03,6.343497e-03,6.809348e-02,1.220214e-02,1.013257e-01,4.165106e-02,2.823251e-01,2.823805e-03,1.297223e-01
8.730552e-02,1.745682e-02,1.456088e-02,9.772073e-02,2.636060e-02,1.909970e-02,3.131790e-03,5.815065e-03,4.915543e-02,1.030965e-02,8.587691e-02,4.771535e-02,4.052244e-01,2.187411e-03,1.280798e-01
6.279426e-02,1.238863e-02,1.308569e-02,6.991913e-02,2.032529e-02,1.670093e-02,2.791318e-03,4.631895e-03,3.498780e-02,7.700103e-03,6.225736e-02,4.940418e-02,5.293250e-01,1.590349e-03,1.120981e-01
4.727101e-02,9.188707e-03,1.124993e-02,5.058051e-02,1.613969e-02,1.697479e-02,2.381194e-03,5.695113e-03,2.506766e-02,5.859539e-03,4.648037e-02,5.284676e-02,6.242421e-01,1.660941e-03,8.436169e-02
3.551795e-02,6.510140e-03,8.184602e-03,3.656135e-02,1.178319e-02,3.652375e-02,2.281360e-03,5.945932e-03,1.859882e-02,5.172241e-03,4.751991e-02,6.973134e-02,6.476470e-01,1.594028e-03,6.642842e-02
2.732577e-02,4.639933e-03,6.433392e-03,2.729602e-02,9.204710e-03,5.255814e-02,2.486352e-03,6.040131e-03,1.551328e-02,4.823855e-03,5.601015e-02,9.129691e-02,6.381485e-01,1.294860e-03,5.692804e-02
2.145729e-02,3.342429e-03,5.231616e-03,2.004977e-02,9.927589e-03,4.338249e-02,1.956946e-03,8.266151e-03,1.952789e-02,4.412949e-03,5.276386e-02,8.881033e-02,6.773360e-01,1.062218e-03,4.247255e-02
1.679849e-02,2.570976e-03,6.380945e-03,1.508919e-02,1.045037e-02,3.976536e-02,4.360327e-03,4.359897e-02,3.195859e-02,4.191499e-03,4.733884e-02,1.198131e-01,6.251346e-01,1.109068e-03,3.143977e-02
1.305512e-02,2.314699e-03,5.833389e-03,1.122557e-02,1.391022e-02,3.098393e-02,5.417608e-03,4.225264e-02,1.220524e-01,4.609611e-03,4.023241e-02,1.570550e-01,5.271794e-01,1.024748e-03,2.285341e-02
1.044742e-02,4.181048e-03,8.728277e-03,8.711575e-03,2.030488e-02,2.335454e-02,1.258882e-02,4.555049e-02,1.714028e-01,4.895661e-03,3.234790e-02,2.384015e-01,3.976004e-01,1.184334e-03,2.030046e-02
9.743866e-03,3.713560e-03,1.017285e-02,7.206267e-03,3.719711e-02,1.868852e-02,5.047853e-02,7.168299e-02,1.526639e-01,5.345297e-03,2.726723e-02,2.843916e-01,3.003319e-01,1.170095e-03,1.994637e-02
1.920012e-02,1.037443e-02,1.749888e-02,9.344462e-03,5.333530e-02,2.205929e-02,7.526490e-02,9.464370e-02,1.355198e-01,4.771880e-03,2.188037e-02,2.843102e-01,2.282374e-01,1.313599e-03,2.224578e-02
2.464313e-02,4.216930e-02,3.621872e-02,1.247958e-02,5.444931e-02,2.782766e-02,6.799902e-02,1.062525e-01,1.700255e-01,5.406679e-03,1.802731e-02,2.413736e-01,1.704541e-01,1.588112e-03,2.108554e-02
3.399633e-02,5.077875e-02,3.488860e-02,1.287837e-02,5.997796e-02,2.950392e-02,6.628171e-02,1.194182e-01,1.805037e-01,5.426921e-03,1.438944e-02,2.384010e-01,1.326679e-01,1.826530e-03,1.906067e-02
3.832909e-02,4.705210e-02,5.876121e-02,5.238318e-02,6.877244e-02,2.487634e-02,7.608130e-02,1.489466e-01,1.586419e-01,5.746359e-03,1.189158e-02,1.863855e-01,1.060320e-01,1.430677e-03,1.466969e-02
5.159965e-02,5.691981e-02,8.238633e-02,7.011320e-02,7.857709e-02,2.003387e-02,6.574585e-02,1.451327e-01,1.436037e-01,8.302073e-03,1.052259e-02,1.682716e-01,8.492895e-02,1.293950e-03,1.256859e-02
4.542010e-02,6.846877e-02,9.916890e-02,1.911015e-01,8.925050e-02,1.643516e-02,4.976247e-02,1.297072e-01,1.080681e-01,5.997528e-03,7.961903e-03,1.184396e-01,5.984285e-02,9.670062e-04,9.408414e-03
4.638357e-02,5.236884e-02,1.102290e-01,2.094200e-01,1.256403e-01,2.711363e-02,4.307948e-02,1.491852e-01,9.056520e-02,4.503733e-03,6.606351e-03,8.396544e-02,4.289626e-02,8.862403e-04,7.156868e-03
3.907020e-02,3.741445e-02,9.098841e-02,2.740321e-01,2.030905e-01,2.256098e-02,3.155721e-02,1.285626e-01,6.782293e-02,3.497889e-03,5.624111e-03,5.916204e-02,3.076550e-02,6.597939e-04,5.191274e-03
4.934609e-02,2.718710e-02,7.885494e-02,2.143712e-01,2.568346e-01,3.317301e-02,3.205138e-02,1.732288e-01,4.948400e-02,5.051096e-03,8.515782e-03,4.304988e-02,2.350141e-02,7.425415e-04,4.608243e-03
7.826920e-02,2.052433e-02,7.429488e-02,1.651129e-01,2.995267e-01,2.950108e-02,2.994336e-02,1.779503e-01,3.591485e-02,9.146612e-03,2.144788e-02,3.228916e-02,1.734793e-02,1.487576e-03,7.243200e-03
5.870275e-02,1.518725e-02,5.614928e-02,1.270396e-01,2.219710e-01,2.619624e-02,2.245277e-02,1.279888e-01,2.766187e-02,1.932062e-01,6.040186e-02,2.417076e-02,1.410821e-02,6.541834e-03,1.822152e-02
4.183622e-02,1.099391e-02,4.079685e-02,1.012274e-01,1.603735e-01,2.811274e-02,1.659365e-02,9.116694e-02,2.345897e-02,2.515439e-01,7.725129e-02,1.926653e-02,2.352900e-02,1.098361e-02,1.028654e-01
2.970176e-02,7.998754e-03,2.936574e-02,7.850879e-02,1.137880e-01,2.285948e-02,1.216010e-02,6.510520e-02,2.132196e-02,3.429593e-01,9.854678e-02,1.834275e-02,4.025554e-02,1.607198e-02,1.030138e-01
2.110172e-02,5.784693e-03,2.061640e-02,6.320011e-02,8.016708e-02,2.265842e-02,8.633289e-03,4.560051e-02,1.698961e-02,3.985184e-01,1.252537e-01,2.153625e-02,4.020021e-02,1.422209e-02,1.155175e-01
1.492326e-02,4.164380e-03,1.448574e-02,5.025993e-02,5.630757e-02,2.253886e-02,6.082329e-03,3.193419e-02,1.303273e-02,3.871341e-01,1.759832e-01,3.873897e-02,5.546433e-02,1.552675e-02,1.134237e-01
1.086564e-02,3.228659e-03,1.079058e-02,3.699144e-02,3.963216e-02,2.440642e-02,4.575981e-03,2.260582e-02,1.004484e-02,2.891665e-01,2.405182e-01,6.898531e-02,9.393946e-02,1.648749e-02,1.277615e-01
1.005403e-02,2.588988e-03,7.912466e-03,2.662720e-02,2.819015e-02,2.347781e-02,3.439367e-03,1.613622e-02,8.364921e-03,2.260248e-01,2.467265e-01,1.436455e-01,1.014764e-01,2.163576e-02,1.336999e-01
1.060832e-02,2.323956e-03,7.610888e-03,2.036962e-02,2.144507e-02,2.131105e-02,3.384096e-03,1.226502e-02,7.861802e-03,1.858360e-01,2.401002e-01,2.259905e-01,9.965408e-02,2.368841e-02,1.175510e-01
7.812805e-03,2.136420e-03,5.785618e-03,1.448171e-02,1.549874e-02,1.843095e-02,2.820679e-03,8.800355e-03,6.406360e-03,2.756975e-01,1.944611e-01,2.405507e-01,8.186612e-02,2.024882e-02,1.050021e-01
5.709165e-03,2.060613e-03,4.498910e-03,1.025089e-02,1.327857e-02,1.478072e-02,3.587234e-03,6.806782e-03,7.098579e-03,3.100024e-01,1.868239e-01,2.507927e-01,6.894346e-02,1.848210e-02,9.688395e-02
4.800159e-03,4.421137e-03,4.370717e-03,7.650095e-03,1.529086e-02,1.746539e-02,6.984462e-03,1.142475e-02,1.762224e-02,3.368517e-01,1.814636e-01,2.415380e-01,5.443777e-02,1.995403e-02,7.572519e-02
5.747900e-03,4.770131e-03,4.949516e-03,6.089122e-03,3.202471e-02,2.416755e-02,1.870350e-02,1.951752e-02,1.714558e-02,2.605048e-01,2.743493e-01,2.077678e-01,4.470105e-02,1.823473e-02,6.132686e-02
7.366993e-03,6.844646e-03,7.232314e-03,6.574292e-03,1.584044e-01,2.937542e-02,2.190700e-02,4.539144e-02,4.363303e-02,1.897970e-01,2.205314e-01,1.686156e-01,3.380414e-02,1.520678e-02,4.531561e-02
6.665409e-03,1.008262e-02,6.815366e-03,5.324974e-03,1.404815e-01,2.258979e-02,1.708482e-02,4.503570e-02,2.691668e-01,1.334983e-01,1.561552e-01,1.203058e-01,2.413850e-02,1.089442e-02,3.176081e-02
5.720146e-03,1.721009e-02,5.276096e-03,4.125079e-03,1.241781e-01,2.016553e-02,1.240486e-02,3.262789e-02,4.436044e-01,9.369441e-02,1.097524e-01,8.430472e-02,1.698332e-02,7.680168e-03,2.227276e-02
4.679384e-03,1.885437e-02,5.004415e-03,1.403099e-02,1.180446e-01,3.177263e-02,9.653089e-03,2.552094e-02,5.298826e-01,6.690578e-02,7.747645e-02,5.928181e-02,1.521378e-02,5.395839e-03,1.828328e-02
4.508941e-03,2.482225e-02,5.920480e-03,1.797706e-02,1.091394e-01,2.798935e-02,9.237832e-03,2.325531e-02,5.953842e-01,4.963377e-02,5.506930e-02,4.204263e-02,1.464353e-02,3.792131e-03,1.658377e-02
6.940780e-03,2.044461e-02,5.673797e-03,1.644023e-02,1.618032e-01,3.378012e-02,1.609581e-02,2.218589e-02,5.832011e-01,3.558933e-02,3.923022e-02,2.973977e-02,1.224387e-02,2.674172e-03,1.395726e-02
9.014152e-03,1.650710e-02,4.806844e-03,1.347607e-02,1.333638e-01,2.762641e-02,1.529096e-02,1.126620e-01,5.716251e-01,2.511937e-02,2.811640e-02,2.133416e-02,9.190966e-03,1.900870e-03,9.965894e-03
9.264801e-03,1.381095e-02,4.278445e-03,1.007161e-02,1.125029e-01,2.371018e-02,1.302128e-02,2.600796e-01,4.851150e-01,1.766002e-02,2.003369e-02,1.523828e-02,6.732879e-03,1.361624e-03,7.118790e-03
1.462893e-02,1.392057e-02,4.325007e-03,8.102715e-03,9.279278e-02,2.844186e-02,1.161324e-02,3.069886e-01,4.691321e-01,1.271771e-02,1.442346e-02,1.142363e-02,5.131159e-03,9.822787e-04,5.376033e-03
2.214731e-02,1.417393e-02,5.344109e-03,1.046266e-02,7.989468e-02,4.513449e-02,9.480541e-03,3.711051e-01,3.916006e-01,9.735614e-03,1.262891e-02,1.540045e-02,6.722647e-03,7.204378e-04,5.448522e-03
2.751933e-02,1.526028e-02,1.046400e-02,2.517910e-02,6.706429e-02,6.987618e-02,7.867296e-03,3.581529e-01,3.079870e-01,1.010208e-02,1.716445e-02,3.652051e-02,3.758667e-02,5.780894e-04,8.677909e-03
2.121276e-02,1.109421e-02,9.359171e-03,4.856172e-02,4.889700e-02,7.281776e-02,5.824708e-03,2.690796e-01,2.186309e-01,7.916017e-03,3.414765e-02,4.992711e-02,1.919790e-01,4.635642e-04,1.008888e-02
1.526927e-02,7.952104e-03,7.961644e-03,5.105110e-02,3.712193e-02,5.915063e-02,4.755931e-03,2.035815e-01,1.553601e-01,6.850647e-03,4.152666e-02,5.535340e-02,3.448451e-01,6.571717e-04,8.562914e-03
1.073563e-02,5.580543e-03,5.748117e-03,3.668004e-02,2.628537e-02,4.255821e-02,3.420165e-03,1.436634e-01,1.089800e-01,5.449815e-03,5.310893e-02,5.208064e-02,4.988031e-01,5.370710e-04,6.368991e-03
7.754607e-03,4.168095e-03,4.573107e-03,2.677731e-02,1.928996e-02,3.406146e-02,3.222664e-03,1.010766e-01,7.703274e-02,4.635909e-03,5.326275e-02,1.305806e-01,5.274357e-01,1.155554e-03,4.973015e-03
6.341784e-03,3.751343e-03,3.447542e-03,1.929598e-02,1.527355e-02,2.878183e-02,4.065179e-03,7.184839e-02,5.494494e-02,4.121640e-03,4.814669e-02,2.845200e-01,4.486041e-01,3.062556e-03,3.794479e-03
5.774577e-03,3.658581e-03,2.592779e-03,1.376047e-02,1.225115e-02,2.133767e-02,3.204559e-03,5.087898e-02,3.989401e-02,6.678191e-03,5.087188e-02,4.131054e-01,3.677151e-01,5.380355e-03,2.896393e-03
4.682953e-03,2.872364e-03,1.911928e-03,9.743294e-03,9.813674e-03,1.518905e-02,2.464346e-03,3.590104e-02,2.891870e-02,7.238975e-03,4.700813e-02,5.445780e-01,2.809802e-01,6.521005e-03,2.176285e-03
3.644779e-03,2.389324e-03,1.505070e-03,7.009590e-03,7.725131e-03,1.088235e-02,1.816844e-03,2.574462e-02,2.416442e-02,7.489867e-03,4.209698e-02,6.462476e-01,2.113316e-01,6.291838e-03,1.660045e-03
3.984657e-03,3.628223e-03,1.649049e-03,5.715867e-03,7.315814e-03,7.778323e-03,1.392233e-03,1.870798e-02,3.520225e-02,2.508666e-02,4.072257e-02,6.887493e-01,1.521663e-01,6.601342e-03,1.299524e-03
4.827842e-03,4.709434e-03,1.756867e-03,4.346879e-03,6.094302e-03,5.564910e-03,1.027432e-03,1.410084e-02,4.736272e-02,2.994120e-02,4.647836e-02,7.134662e-01,1.102052e-01,9.047333e-03,1.070574e-03
6.087814e-02,4.841167e-03,1.877364e-03,4.914259e-03,5.847146e-03,5.012657e-03,7.847935e-04,1.129084e-02,4.559995e-02,4.148336e-02,9.102958e-02,6.331114e-01,7.882264e-02,1.343783e-02,1.068900e-03
5.277314e-02,9.029120e-03,2.834640e-03,8.740294e-03,2.573670e-02,3.922318e-03,6.989386e-04,9.154325e-03,4.670485e-02,4.729695e-02,1.172524e-01,6.042316e-01,5.596863e-02,1.437560e-02,1.280504e-03
5.363944e-02,9.574697e-03,8.049769e-03,2.235775e-02,4.840693e-02,3.889480e-03,1.276518e-03,2.042121e-02,6.002194e-02,5.260151e-02,1.290260e-01,5.297163e-01,3.998682e-02,1.923022e-02,1.801327e-03
5.278762e-02,7.354577e-03,7.281992e-03,1.869147e-02,4.938415e-02,1.331013e-02,4.375577e-03,6.344824e-02,5.233119e-02,4.457563e-02,1.782925e-01,4.517244e-01,2.989805e-02,2.473571e-02,1.808737e-03
4.403776e-02,5.536699e-03,5.575155e-03,1.481986e-02,6.562935e-02,1.064060e-02,3.745654e-03,5.132307e-02,4.192201e-02,3.439947e-02,3.041469e-01,3.629692e-01,2.491347e-02,2.814944e-02,2.191242e-03
3.153057e-02,4.006897e-03,4.427167e-03,1.091316e-02,7.340728e-02,7.978271e-03,3.597049e-03,5.261976e-02,3.293185e-02,2.517334e-02,4.384774e-01,2.687048e-01,2.142141e-02,2.221135e-02,2.599632e-03
2.275244e-02,3.530730e-03,3.478547e-03,8.031371e-03,1.641127e-01,6.642924e-03,6.987553e-03,4.027906e-02,3.686397e-02,1.998933e-02,4.522505e-01,1.971298e-01,1.864284e-02,1.657942e-02,2.728780e-03
1.606196e-02,2.947566e-03,2.716644e-03,5.652289e-03,1.312282e-01,4.844202e-03,5.011833e-03,2.882081e-02,2.725781e-01,1.423961e-02,3.440398e-01,1.430435e-01,1.484163e-02,1.183026e-02,2.143668e-03
1.130833e-02,2.913707e-03,2.037363e-03,4.317718e-03,9.818295e-02,3.665945e-03,3.593013e-03,2.055941e-02,4.800554e-01,1.017820e-02,2.420653e-01,1.004533e-01,1.077020e-02,8.362850e-03,1.536419e-03
8.098206e-03,2.553332e-03,2.255057e-03,5.754176e-03,7.447766e-02,4.727553e-03,2.676090e-03,1.677674e-02,6.178755e-01,7.347337e-03,1.710774e-01,7.087645e-02,8.447925e-03,5.927181e-03,1.129471e-03
6.491098e-03,4.883205e-03,2.012851e-03,4.400796e-03,5.725136e-02,1.584235e-02,1.927700e-03,1.183341e-02,6.855015e-01,7.577542e-03,1.340307e-01,5.325303e-02,8.277904e-03,4.914892e-03,1.801684e-03
5.553606e-03,6.141457e-03,1.945143e-03,3.734413e-03,4.770020e-02,1.843144e-02,1.447679e-03,8.576591e-03,7.170799e-01,6.933986e-03,1.158613e-01,4.709551e-02,1.200858e-02,4.165820e-03,3.324412e-03
