1.000000e+00,0.000000e+00,0.000000e+00,0.000000e+00,0.000000e+00,0.000000e+00,0.000000e+00,0.000000e+00,0.000000e+00,0.000000e+00,0.000000e+00,0.000000e+00,0.000000e+00,0.000000e+00,0.000000e+00
1.000000e+00,0.000000e+00,0.000000e+00,0.000000e+00,0.000000e+00,0.000000e+00,0.000000e+00,0.000000e+00,0.000000e+00,0.000000e+00,0.000000e+00,0.000000e+00,0.000000e+00,0.000000e+00,0.000000e+00
1.000000e+00,0.000000e+00,0.000000e+00,0.000000e+00,0.000000e+00,0.000000e+00,0.000000e+00,0.000000e+00,0.000000e+00,0.000000e+00,0.000000e+00,0.000000e+00,0.000000e+00,0.000000e+00,0.000000e+00
1.000000e+00,0.000000e+00,0.000000e+00,0.000000e+00,0.000000e+00,0.000000e+00,0.000000e+00,0.000000e+00,0.000000e+00,0.000000e+00,0.000000e+00,0.000000e+00,0.000000e+00,0.000000e+00,0.000000e+00
1.000000e+00,0.000000e+00,0.000000e+00,0.000000e+00,0.000000e+00,0.000000e+00,0.000000e+00,0.000000e+00,0.000000e+00,0.000000e+00,0.000000e+00,0.000000e+00,0.000000e+00,0.000000e+00,0.000000e+00
1.000000e+00,0.000000e+00,0.000000e+00,0.000000e+00,0.000000e+00,0.000000e+00,0.000000e+00,0.000000e+00,0.000000e+00,0.000000e+00,0.000000e+00,0.000000e+00,0.000000e+00,0.000000e+00,0.000000e+00
1.000000e+00,0.000000e+00,0.000000e+00,0.000000e+00,0.000000e+00,0.000000e+00,0.000000e+00,0.000000e+00,0.000000e+00,0.000000e+00,0.000000e+00,0.000000e+00,0.000000e+00,0.000000e+00,0.000000e+00
1.000000e+00,0.000000e+00,0.000000e+00,0.000000e+00,0.000000e+00,0.000000e+00,0.000000e+00,0.000000e+00,0.000000e+00,0.000000e+00,0.000000e+00,0.000000e+00,0.000000e+00,0.000000e+00,0.000000e+00
1.000000e+00,0.000000e+00,0.000000e+00,0.000000e+00,0.000000e+00,0.000000e+00,0.000000e+00,0.000000e+00,0.000000e+00,0.000000e+00,0.000000e+00,0.000000e+00,0.000000e+00,0.000000e+00,0.000000e+00
1.000000e+00,0.000000e+00,0.000000e+00,0.000000e+00,0.000000e+00,0.000000e+00,0.000000e+00,0.000000e+00,0.000000e+00,0.000000e+00,0.000000e+00,0.000000e+00,0.000000e+00,0.000000e+00,0.000000e+00
1.000000e+00,0.000000e+00,0.000000e+00,0.000000e+00,0.000000e+00,0.000000e+00,0.000000e+00,0.000000e+00,0.000000e+00,0.000000e+00,0.000000e+00,0.000000e+00,0.000000e+00,0.000000e+00,0.000000e+00
1.000000e+00,0.000000e+00,0.000000e+00,0.000000e+00,0.000000e+00,0.000000e+00,0.000000e+00,0.000000e+00,0.000000e+00,0.000000e+00,0.000000e+00,0.000000e+00,0.000000e+00,0.000000e+00,0.000000e+00
1.000000e+00,0.000000e+00,0.000000e+00,0.000000e+00,0.000000e+00,0.000000e+00,0.000000e+00,0.000000e+00,0.000000e+00,0.000000e+00,0.000000e+00,0.000000e+00,0.000000e+00,0.000000e+00,0.000000e+00
1.000000e+00,0.000000e+00,0.000000e+00,0.000000e+00,0.000000e+00,0.000000e+00,0.000000e+00,0.000000e+00,0.000000e+00,0.000000e+00,0.000000e+00,0.000000e+00,0.000000e+00,0.000000e+00,0.000000e+00
1.000000e+00,0.000000e+00,0.000000e+00,0.000000e+00,0.000000e+00,0.000000e+00,0.000000e+00,0.000000e+00,0.000000e+00,0.000000e+00,0.000000e+00,0.000000e+00,0.000000e+00,0.000000e+00,0.000000e+00
1.000000e+00,0.000000e+00,0.000000e+00,0.000000e+00,0.000000e+00,0.000000e+00,0.000000e+00,0.000000e+00,0.000000e+00,0.000000e+00,0.000000e+00,0.000000e+00,0.000000e+00,0.000000e+00,0.000000e+00
1.000000e+00,0.000000e+00,0.000000e+00,0.000000e+00,0.000000e+00,0.000000e+00,0.000000e+00,0.000000e+00,0.000000e+00,0.000000e+00,0.000000e+00,0.000000e+00,0.000000e+00,0.000000e+00,0.000000e+00
1.000000e+00,0.000000e+00,0.000000e+00,0.000000e+00,0.000000e+00,0.000000e+00,0.000000e+00,0.000000e+00,0.000000e+00,0.000000e+00,0.000000e+00,0.000000e+00,0.000000e+00,0.000000e+00,0.000000e+00
1.000000e+00,0.000000e+00,0.000000e+00,0.000000e+00,0.000000e+00,0.000000e+00,0.000000e+00,0.000000e+00,0.000000e+00,0.000000e+00,0.000000e+00,0.000000e+00,0.000000e+00,0.000000e+00,0.000000e+00
1.000000e+00,0.000000e+00,0.000000e+00,0.000000e+00,0.000000e+00,0.000000e+00,0.000000e+00,0.000000e+00,0.000000e+00,0.000000e+00,0.000000e+00,0.000000e+00,0.000000e+00,0.000000e+00,0.000000e+00
1.000000e+00,0.000000e+00,0.000000e+00,0.000000e+00,0.000000e+00,0.000000e+00,0.000000e+00,0.000000e+00,0.000000e+00,0.000000e+00,0.000000e+00,0.000000e+00,0.000000e+00,0.000000e+00,0.000000e+00
1.000000e+00,0.000000e+00,0.000000e+00,0.000000e+00,0.000000e+00,0.000000e+00,0.000000e+00,0.000000e+00,0.000000e+00,0.000000e+00,0.000000e+00,0.000000e+00,0.000000e+00,0.000000e+00,0.000000e+00
1.000000e+00,0.000000e+00,0.000000e+00,0.000000e+00,0.000000e+00,0.000000e+00,0.000000e+00,0.000000e+00,0.000000e+00,0.000000e+00,0.000000e+00,0.000000e+00,0.000000e+00,0.000000e+00,0.000000e+00
1.000000e+00,0.000000e+00,0.000000e+00,0.000000e+00,0.000000e+00,0.000000e+00,0.000000e+00,0.000000e+00,0.000000e+00,0.000000e+00,0.000000e+00,0.000000e+00,0.000000e+00,0.000000e+00,0.000000e+00
1.000000e+00,0.000000e+00,0.000000e+00,0.000000e+00,0.000000e+00,0.000000e+00,0.000000e+00,0.000000e+00,0.000000e+00,0.000000e+00,0.000000e+00,0.000000e+00,0.000000e+00,0.000000e+00,0.000000e+00
1.000000e+00,0.000000e+00,0.000000e+00,0.000000e+00,0.000000e+00,0.000000e+00,0.000000e+00,0.000000e+00,0.000000e+00,0.000000e+00,0.000000e+00,0.000000e+00,0.000000e+00,0.000000e+00,0.000000e+00
1.000000e+00,0.000000e+00,0.000000e+00,0.000000e+00,0.000000e+00,0.000000e+00,0.000000e+00,0.000000e+00,0.000000e+00,0.000000e+00,0.000000e+00,0.000000e+00,0.000000e+00,0.000000e+00,0.000000e+00
1.000000e+00,0.000000e+00,0.000000e+00,0.000000e+00,0.000000e+00,0.000000e+00,0.000000e+00,0.000000e+00,0.000000e+00,0.000000e+00,0.000000e+00,0.000000e+00,0.000000e+00,0.000000e+00,0.000000e+00
1.000000e+00,0.000000e+00,0.000000e+00,0.000000e+00,0.000000e+00,0.000000e+00,0.000000e+00,0.000000e+00,0.000000e+00,0.000000e+00,0.000000e+00,0.000000e+00,0.000000e+00,0.000000e+00,0.000000e+00
1.000000e+00,0.000000e+00,0.000000e+00,0.000000e+00,0.000000e+00,0.000000e+00,0.000000e+00,0.000000e+00,0.000000e+00,0.000000e+00,0.000000e+00,0.000000e+00,0.000000e+00,0.000000e+00,0.000000e+00
1.000000e+00,0.000000e+00,0.000000e+00,0.000000e+00,0.000000e+00,0.000000e+00,0.000000e+00,0.000000e+00,0.000000e+00,0.000000e+00,0.000000e+00,0.000000e+00,0.000000e+00,0.000000e+00,0.000000e+00
1.000000e+00,0.000000e+00,0.000000e+00,0.000000e+00,0.000000e+00,0.000000e+00,0.000000e+00,0.000000e+00,0.000000e+00,0.000000e+00,0.000000e+00,0.000000e+00,0.000000e+00,0.000000e+00,0.000000e+00
1.000000e+00,0.000000e+00,0.000000e+00,0.000000e+00,0.000000e+00,0.000000e+00,0.000000e+00,0.000000e+00,0.000000e+00,0.000000e+00,0.000000e+00,0.000000e+00,0.000000e+00,0.000000e+00,0.000000e+00
1.000000e+00,0.000000e+00,0.000000e+00,0.000000e+00,0.000000e+00,0.000000e+00,0.000000e+00,0.000000e+00,0.000000e+00,0.000000e+00,0.000000e+00,0.000000e+00,0.000000e+00,0.000000e+00,0.000000e+00
1.000000e+00,0.000000e+00,0.000000e+00,0.000000e+00,0.000000e+00,0.000000e+00,0.000000e+00,0.000000e+00,0.000000e+00,0.000000e+00,0.000000e+00,0.000000e+00,0.000000e+00,0.000000e+00,0.000000e+00
1.000000e+00,0.000000e+00,0.000000e+00,0.000000e+00,0.000000e+00,0.000000e+00,0.000000e+00,0.000000e+00,0.000000e+00,0.000000e+00,0.000000e+00,0.000000e+00,0.000000e+00,0.000000e+00,0.000000e+00
1.000000e+00,0.000000e+00,0.000000e+00,0.000000e+00,0.000000e+00,0.000000e+00,0.000000e+00,0.000000e+00,0.000000e+00,0.000000e+00,0.000000e+00,0.000000e+00,0.000000e+00,0.000000e+00,0.000000e+00
1.000000e+00,0.000000e+00,0.000000e+00,0.000000e+00,0.000000e+00,0.000000e+00,0.000000e+00,0.000000e+00,0.000000e+00,0.000000e+00,0.000000e+00,0.000000e+00,0.000000e+00,0.000000e+00,0.000000e+00
1.000000e+00,0.000000e+00,0.000000e+00,0.000000e+00,0.000000e+00,0.000000e+00,0.000000e+00,0.000000e+00,0.000000e+00,0.000000e+00,0.000000e+00,0.000000e+00,0.000000e+00,0.000000e+00,0.000000e+00
1.000000e+00,0.000000e+00,0.000000e+00,0.000000e+00,0.000000e+00,0.000000e+00,0.000000e+00,0.000000e+00,0.000000e+00,0.000000e+00,0.000000e+00,0.000000e+00,0.000000e+00,0.000000e+00,0.000000e+00
1.000000e+00,0.000000e+00,0.000000e+00,0.000000e+00,0.000000e+00,0.000000e+00,0.000000e+00,0.000000e+00,0.000000e+00,0.000000e+00,0.000000e+00,0.000000e+00,0.000000e+00,0.000000e+00,0.000000e+00
1.000000e+00,0.000000e+00,0.000000e+00,0.000000e+00,0.000000e+00,0.000000e+00,0.000000e+00,0.000000e+00,0.000000e+00,0.000000e+00,0.000000e+00,0.000000e+00,0.000000e+00,0.000000e+00,0.000000e+00
1.000000e+00,0.000000e+00,0.000000e+00,0.000000e+00,0.000000e+00,0.000000e+00,0.000000e+00,0.000000e+00,0.000000e+00,0.000000e+00,0.000000e+00,0.000000e+00,0.000000e+00,0.000000e+00,0.000000e+00
1.000000e+00,0.000000e+00,0.000000e+00,0.000000e+00,0.000000e+00,0.000000e+00,0.000000e+00,0.000000e+00,0.000000e+00,0.000000e+00,0.000000e+00,0.000000e+00,0.000000e+00,0.000000e+00,0.000000e+00
1.000000e+00,0.000000e+00,0.000000e+00,0.000000e+00,0.000000e+00,0.000000e+00,0.000000e+00,0.000000e+00,0.000000e+00,0.000000e+00,0.000000e+00,0.000000e+00,0.000000e+00,0.000000e+00,0.000000e+00
1.000000e+00,0.000000e+00,0.000000e+00,0.000000e+00,0.000000e+00,0.000000e+00,0.000000e+00,0.000000e+00,0.000000e+00,0.000000e+00,0.000000e+00,0.000000e+00,0.000000e+00,0.000000e+00,0.000000e+00
1.000000e+00,0.000000e+00,0.000000e+00,0.000000e+00,0.000000e+00,0.000000e+00,0.000000e+00,0.000000e+00,0.000000e+00,0.000000e+00,0.000000e+00,0.000000e+00,0.000000e+00,0.000000e+00,0.000000e+00
1.000000e+00,0.000000e+00,0.000000e+00,0.000000e+00,0.000000e+00,0.000000e+00,0.000000e+00,0.000000e+00,0.000000e+00,0.000000e+00,0.000000e+00,0.000000e+00,0.000000e+00,0.000000e+00,0.000000e+00
1.000000e+00,0.000000e+00,0.000000e+00,0.000000e+00,0.000000e+00,0.000000e+00,0.000000e+00,0.000000e+00,0.000000e+00,0.000000e+00,0.000000e+00,0.000000e+00,0.000000e+00,0.000000e+00,0.000000e+00
1.000000e+00,0.000000e+00,0.000000e+00,0.000000e+00,0.000000e+00,0.000000e+00,0.000000e+00,0.000000e+00,0.000000e+00,0.000000e+00,0.000000e+00,0.000000e+00,0.000000e+00,0.000000e+00,0.000000e+00
1.000000e+00,0.000000e+00,0.000000e+00,0.000000e+00,0.000000e+00,0.000000e+00,0.000000e+00,0.000000e+00,0.000000e+00,0.000000e+00,0.000000e+00,0.000000e+00,0.000000e+00,0.000000e+00,0.000000e+00
1.000000e+00,0.000000e+00,0.000000e+00,0.000000e+00,0.000000e+00,0.000000e+00,0.000000e+00,0.000000e+00,0.000000e+00,0.000000e+00,0.000000e+00,0.000000e+00,0.000000e+00,0.000000e+00,0.000000e+00
1.000000e+00,0.000000e+00,0.000000e+00,0.000000e+00,0.000000e+00,0.000000e+00,0.000000e+00,0.000000e+00,0.000000e+00,0.000000e+00,0.000000e+00,0.000000e+00,0.000000e+00,0.000000e+00,0.000000e+00
1.000000e+00,0.000000e+00,0.000000e+00,0.000000e+00,0.000000e+00,0.000000e+00,0.000000e+00,0.000000e+00,0.000000e+00,0.000000e+00,0.000000e+00,0.000000e+00,0.000000e+00,0.000000e+00,0.000000e+00
1.000000e+00,0.000000e+00,0.000000e+00,0.000000e+00,0.000000e+00,0.000000e+00,0.000000e+00,0.000000e+00,0.000000e+00,0.000000e+00,0.000000e+00,0.000000e+00,0.000000e+00,0.000000e+00,0.000000e+00
1.000000e+00,0.000000e+00,0.000000e+00,0.000000e+00,0.000000e+00,0.000000e+00,0.000000e+00,0.000000e+00,0.000000e+00,0.000000e+00,0.000000e+00,0.000000e+00,0.000000e+00,0.000000e+00,0.000000e+00
1.000000e+00,0.000000e+00,0.000000e+00,0.000000e+00,0.000000e+00,0.000000e+00,0.000000e+00,0.000000e+00,0.000000e+00,0.000000e+00,0.000000e+00,0.000000e+00,0.000000e+00,0.000000e+00,0.000000e+00
1.000000e+00,0.000000e+00,0.000000e+00,0.000000e+00,0.000000e+00,0.000000e+00,0.000000e+00,0.000000e+00,0.000000e+00,0.000000e+00,0.000000e+00,0.000000e+00,0.000000e+00,0.000000e+00,0.000000e+00
1.000000e+00,0.000000e+00,0.000000e+00,0.000000e+00,0.000000e+00,0.000000e+00,0.000000e+00,0.000000e+00,0.000000e+00,0.000000e+00,0.000000e+00,0.000000e+00,0.000000e+00,0.000000e+00,0.000000e+00
1.000000e+00,0.000000e+00,0.000000e+00,0.000000e+00,0.000000e+00,0.000000e+00,0.000000e+00,0.000000e+00,0.000000e+00,0.000000e+00,0.000000e+00,0.000000e+00,0.000000e+00,0.000000e+00,0.000000e+00
1.000000e+00,0.000000e+00,0.000000e+00,0.000000e+00,0.000000e+00,0.000000e+00,0.000000e+00,0.000000e+00,0.000000e+00,0.000000e+00,0.000000e+00,0.000000e+00,0.000000e+00,0.000000e+00,0.000000e+00
4.249213e-01,9.425432e-03,1.388040e-02,5.485010e-02,6.724427e-02,1.391894e-02,3.364730e-03,3.857635e-01,1.862050e-03,8.523905e-04,3.943657e-03,6.615152e-03,8.672109e-03,7.349583e-04,3.951050e-03
3.029397e-01,7.874794e-03,1.616136e-02,4.892880e-02,1.553184e-01,1.291716e-02,4.721300e-03,4.074752e-01,1.528381e-03,3.277359e-03,1.692859e-02,5.026677e-03,8.759607e-03,2.592883e-03,5.549725e-03
2.131927e-01,6.217348e-03,1.391826e-02,4.434132e-02,1.223966e-01,1.323557e-02,4.201795e-03,3.824936e-01,1.929566e-03,6.301261e-03,9.965643e-02,2.530780e-02,4.446212e-02,1.159588e-02,1.074975e-02
1.494824e-01,4.944619e-03,1.016187e-02,5.339246e-02,9.868375e-02,1.271839e-02,3.312443e-03,2.732852e-01,5.135003e-03,8.728253e-03,1.657314e-01,5.842473e-02,1.146838e-01,2.188866e-02,1.942713e-02
1.049118e-01,3.728497e-03,7.271388e-03,4.005567e-02,7.295392e-02,1.188114e-02,2.413172e-03,1.922494e-01,7.378121e-03,1.411004e-02,1.574243e-01,4.849492e-02,2.471347e-01,2.502516e-02,6.496775e-02
7.388577e-02,3.331725e-03,6.016192e-03,3.646148e-02,5.527059e-02,1.099586e-02,1.780561e-03,1.350532e-01,1.242685e-02,1.714672e-02,1.691465e-01,3.881543e-02,2.657161e-01,4.428363e-02,1.296694e-01
5.202964e-02,4.589560e-03,4.831528e-03,6.290983e-02,4.066276e-02,1.140286e-02,1.281938e-03,9.458316e-02,7.026152e-02,1.325252e-02,1.357366e-01,2.798151e-02,1.970817e-01,4.166514e-02,2.417297e-01
3.649557e-02,4.692131e-03,3.451370e-03,4.776275e-02,2.873514e-02,1.112969e-02,9.091292e-04,6.623041e-02,1.521870e-01,9.967052e-03,1.143956e-01,2.022761e-02,1.440778e-01,4.353521e-02,3.162035e-01
2.583858e-02,8.988294e-03,3.072928e-03,3.740945e-02,2.047817e-02,2.697572e-02,6.761012e-04,4.645541e-02,1.760370e-01,8.129795e-03,8.497664e-02,1.529334e-02,1.059092e-01,4.948360e-02,3.902758e-01
1.853531e-02,1.669822e-02,3.985002e-03,3.059023e-02,1.471703e-02,9.966525e-02,6.237581e-04,3.321243e-02,1.632763e-01,6.670400e-03,6.451851e-02,1.661079e-02,9.156565e-02,6.177141e-02,3.775598e-01
1.359940e-02,2.915758e-02,4.659522e-03,2.452599e-02,1.447398e-02,7.573975e-02,7.036912e-04,2.520036e-02,2.607147e-01,5.437239e-03,4.832888e-02,1.548325e-02,7.361296e-02,6.337359e-02,3.449892e-01
9.714893e-03,3.728845e-02,3.794370e-03,2.651253e-02,1.028433e-02,5.405232e-02,5.233920e-04,1.805082e-02,4.377819e-01,3.919373e-03,3.413711e-02,1.110636e-02,5.361041e-02,5.071367e-02,2.485101e-01
7.673694e-03,5.003145e-02,3.892266e-03,2.720307e-02,7.813246e-03,4.091973e-02,5.455179e-04,1.510187e-02,4.796769e-01,3.156915e-03,2.578432e-02,8.395417e-03,4.263412e-02,8.290698e-02,2.042645e-01
7.613352e-03,6.629246e-02,5.332700e-03,2.561980e-02,1.080342e-02,3.016989e-02,5.315682e-04,1.372789e-02,5.602468e-01,2.545739e-03,2.023749e-02,6.047166e-03,3.102538e-02,7.385731e-02,1.459491e-01
5.768271e-03,1.078347e-01,4.752666e-03,2.769555e-02,1.640759e-02,2.256314e-02,5.607621e-04,1.109735e-02,6.000019e-01,2.319826e-03,1.491803e-02,4.269808e-03,2.201061e-02,5.645480e-02,1.033450e-01
5.487540e-03,1.743603e-01,6.041872e-03,4.065778e-02,1.514910e-02,1.975094e-02,4.535010e-04,8.428267e-03,5.580913e-01,4.017646e-03,1.546120e-02,3.172127e-03,1.634518e-02,5.128055e-02,8.130261e-02
8.417894e-03,2.548420e-01,6.050979e-03,3.728069e-02,2.675029e-02,1.508437e-02,3.897055e-04,8.235248e-03,4.899073e-01,4.273780e-03,1.457732e-02,2.525095e-03,1.249032e-02,4.866766e-02,7.050730e-02
1.079881e-02,2.239048e-01,5.785636e-03,3.395650e-02,5.114710e-02,1.266071e-02,4.252500e-04,8.621449e-03,4.638511e-01,1.253825e-02,1.363942e-02,2.035178e-03,9.866028e-03,4.335521e-02,1.074145e-01
1.543619e-02,2.027746e-01,7.559832e-03,5.105945e-02,4.940034e-02,9.833303e-03,3.429802e-04,6.810630e-03,4.075007e-01,1.637298e-02,1.333077e-02,1.927855e-03,7.928658e-03,3.239087e-02,1.773308e-01
5.121327e-02,1.753658e-01,1.593474e-02,4.266381e-02,1.114767e-01,1.393622e-02,1.643089e-03,1.135665e-02,3.779322e-01,1.231412e-02,1.149872e-02,1.559959e-03,6.138148e-03,2.860193e-02,1.383646e-01
4.061686e-02,2.790978e-01,3.400538e-02,8.793543e-02,8.336368e-02,1.036520e-02,1.201487e-03,8.658988e-03,2.785893e-01,1.171903e-02,9.983882e-03,1.387807e-03,4.906007e-03,2.030637e-02,1.278628e-01
4.111402e-02,2.279716e-01,1.491654e-01,1.348579e-01,7.418887e-02,1.214002e-02,1.282897e-03,8.180116e-03,2.036205e-01,1.068268e-02,8.317166e-03,1.523812e-03,3.927218e-03,1.494364e-02,1.080842e-01
4.980583e-02,1.989899e-01,1.486312e-01,1.369610e-01,7.146773e-02,1.771411e-02,1.247558e-03,8.924345e-03,1.688628e-01,3.187492e-02,8.387367e-03,1.958097e-03,3.821190e-03,1.327376e-02,1.380802e-01
5.637044e-02,1.801905e-01,1.305386e-01,1.100530e-01,5.527383e-02,1.565084e-02,1.173155e-03,7.458836e-03,1.728369e-01,4.344708e-02,1.089701e-02,3.113608e-03,4.032415e-03,2.180951e-02,1.871542e-01
4.256893e-02,1.755237e-01,9.576173e-02,7.938901e-02,4.007727e-02,1.348185e-02,9.442145e-04,5.297720e-03,1.683211e-01,8.883654e-02,9.393493e-03,2.982304e-03,4.318637e-03,2.576688e-02,2.473367e-01
3.429829e-02,1.615244e-01,6.950891e-02,5.759639e-02,2.848042e-02,1.041458e-02,7.323421e-04,3.865978e-03,1.895535e-01,1.351277e-01,7.755620e-03,2.464505e-03,4.669009e-03,2.316950e-02,2.708388e-01
7.284773e-02,1.472249e-01,5.745749e-02,7.487831e-02,2.146243e-02,9.625238e-03,7.208821e-04,3.636063e-03,2.139853e-01,1.002040e-01,7.650171e-03,6.764970e-03,8.695786e-03,2.072087e-02,2.541258e-01
8.387335e-02,1.140892e-01,4.544324e-02,5.891781e-02,1.582722e-02,9.321469e-03,7.404692e-04,3.314413e-03,1.922613e-01,9.250208e-02,7.431267e-03,7.263607e-03,9.420886e-03,3.748576e-02,3.221079e-01
1.632910e-01,9.724516e-02,3.605834e-02,4.706849e-02,1.363369e-02,1.074330e-02,1.129278e-03,3.197580e-03,1.545029e-01,7.152838e-02,1.583106e-02,1.046131e-02,1.067495e-02,8.656424e-02,2.780702e-01
2.243124e-01,8.390987e-02,4.919773e-02,7.967480e-02,1.794256e-02,1.024802e-02,1.405002e-03,4.303815e-03,1.249361e-01,5.307013e-02,1.741673e-02,1.364005e-02,1.107690e-02,7.608516e-02,2.327807e-01
1.844666e-01,6.320542e-02,3.659796e-02,5.657658e-02,1.329650e-02,8.143237e-03,1.022738e-03,4.061572e-03,9.828646e-02,4.122720e-02,1.301962e-02,9.910486e-03,8.271364e-03,6.832302e-02,3.935912e-01
1.385869e-01,4.735065e-02,2.613151e-02,4.037915e-02,9.821917e-03,6.206116e-03,7.471812e-04,2.907039e-03,1.154390e-01,3.314400e-02,9.751427e-03,7.202728e-03,6.511380e-03,8.098543e-02,4.748356e-01
1.165838e-01,3.508784e-02,1.910742e-02,2.962784e-02,7.306900e-03,5.640733e-03,5.967142e-04,2.185273e-03,1.083912e-01,2.711966e-02,8.044998e-03,5.391189e-03,5.446996e-03,1.011854e-01,5.282840e-01
1.448463e-01,2.716171e-02,1.391935e-02,2.170422e-02,6.748166e-03,5.238980e-03,4.998102e-04,1.742817e-03,8.864754e-02,2.200181e-02,7.325097e-03,4.247337e-03,5.877494e-03,1.676842e-01,4.823551e-01
1.116925e-01,2.002968e-02,1.148834e-02,1.560853e-02,5.416255e-03,4.205602e-03,4.298743e-04,1.356747e-03,8.123568e-02,2.023448e-02,6.504340e-03,3.028729e-03,4.369305e-03,1.909870e-01,5.234129e-01
9.887984e-02,1.586512e-02,2.981504e-02,1.292522e-02,4.605220e-03,4.077035e-03,4.670857e-04,1.560484e-03,7.108830e-02,1.673247e-02,8.849863e-03,2.258458e-03,4.140297e-03,2.268685e-01,5.018671e-01
8.265229e-02,1.883913e-02,8.607458e-02,1.134520e-02,5.247253e-03,4.328997e-03,6.670022e-04,1.553922e-03,9.521854e-02,1.664090e-02,9.749630e-03,1.901419e-03,3.655633e-03,1.883743e-01,4.737512e-01
7.577737e-02,1.985301e-02,7.850900e-02,8.503932e-03,5.973283e-03,1.249584e-02,8.795564e-04,3.115176e-03,9.366022e-02,4.504658e-02,8.477785e-03,1.524625e-03,3.157902e-03,1.415026e-01,5.015231e-01
6.945756e-02,2.510423e-02,9.977614e-02,7.403019e-03,1.084972e-02,2.746251e-02,1.165237e-03,8.049566e-03,7.694273e-02,3.628896e-02,6.587735e-03,1.236326e-03,2.536145e-03,1.022605e-01,5.248796e-01
5.437616e-02,2.699396e-02,2.132153e-01,2.405349e-02,1.065261e-02,1.997695e-02,8.764939e-04,6.322925e-03,6.242527e-02,6.236507e-02,5.019669e-03,1.004709e-03,2.033351e-03,7.210302e-02,4.385810e-01
4.203157e-02,2.124137e-02,3.129555e-01,1.912948e-02,8.839480e-03,1.463469e-02,6.357351e-04,5.213939e-03,4.712977e-02,8.639406e-02,3.937982e-03,8.690666e-04,1.640239e-03,5.109888e-02,3.842482e-01
6.344526e-02,2.924967e-02,3.008248e-01,1.829732e-02,3.206525e-02,1.952993e-02,1.023459e-03,9.788634e-03,4.908701e-02,9.655698e-02,3.869088e-03,1.070054e-03,2.147240e-03,3.801857e-02,3.350268e-01
7.221414e-02,3.348190e-02,2.837631e-01,1.456185e-02,3.646157e-02,1.619385e-02,9.142356e-04,1.059589e-02,3.836156e-02,1.154930e-01,3.740001e-03,9.103564e-04,1.803631e-03,3.149304e-02,3.400118e-01
8.875884e-02,6.385264e-02,2.375092e-01,4.474792e-02,7.355008e-02,1.902417e-02,2.654684e-03,1.882168e-02,3.486899e-02,9.623516e-02,3.084766e-03,1.540192e-03,2.036103e-03,2.408415e-02,2.892314e-01
7.198724e-02,5.478227e-02,2.373871e-01,1.674789e-01,5.688777e-02,1.395157e-02,1.942974e-03,1.669822e-02,2.768040e-02,8.587650e-02,2.850647e-03,1.399657e-03,1.617561e-03,1.743494e-02,2.420242e-01
6.455345e-02,4.832845e-02,2.581059e-01,1.527973e-01,4.283961e-02,1.089363e-02,1.474792e-03,1.380560e-02,2.518114e-02,1.079171e-01,4.265877e-03,1.162281e-03,1.292409e-03,1.452271e-02,2.528597e-01
1.209306e-01,6.392983e-02,2.309586e-01,1.278435e-01,4.550908e-02,1.031649e-02,1.689045e-03,2.209849e-02,3.772117e-02,9.499206e-02,4.903418e-03,1.921507e-03,2.034741e-03,1.396030e-02,2.211912e-01
2.077683e-01,6.117138e-02,1.901539e-01,9.936193e-02,5.591432e-02,9.171959e-03,1.650511e-03,2.477138e-02,4.380059e-02,9.458753e-02,4.707309e-03,2.612261e-03,1.904335e-03,1.372266e-02,1.887017e-01
1.994225e-01,1.452216e-01,1.419802e-01,1.087375e-01,4.889506e-02,9.411198e-03,1.401363e-03,1.791128e-02,3.628306e-02,7.810781e-02,5.650403e-03,3.329183e-03,2.653027e-02,9.933535e-03,1.671850e-01
2.728771e-01,1.181777e-01,1.404694e-01,1.023871e-01,3.894708e-02,1.158566e-02,1.312509e-03,1.702961e-02,4.727481e-02,5.927054e-02,7.438734e-03,9.927283e-03,2.548173e-02,9.455881e-03,1.383650e-01
2.425486e-01,9.993796e-02,1.232233e-01,1.497291e-01,2.998901e-02,1.113578e-02,1.250180e-03,1.223671e-02,5.218332e-02,4.483479e-02,3.365891e-02,1.071081e-02,5.493056e-02,9.744462e-03,1.238865e-01
2.810630e-01,8.252250e-02,9.177050e-02,1.244328e-01,2.302134e-02,1.012821e-02,1.206473e-03,1.160802e-02,6.640050e-02,3.321554e-02,3.483121e-02,1.225889e-02,9.937195e-02,1.584627e-02,1.123228e-01
2.050369e-01,6.290867e-02,6.669685e-02,1.107290e-01,1.855374e-02,9.753248e-03,1.349110e-03,8.391494e-03,5.520533e-02,2.510967e-02,4.655518e-02,4.866102e-02,2.371317e-01,1.937521e-02,8.454293e-02
1.612736e-01,4.752358e-02,4.803627e-02,9.497487e-02,1.581138e-02,2.152104e-02,2.887315e-03,6.934094e-03,4.198435e-02,1.924389e-02,4.835587e-02,6.579652e-02,3.485879e-01,1.576244e-02,6.130700e-02
1.168453e-01,3.379175e-02,3.379657e-02,6.788739e-02,1.181491e-02,1.810799e-02,2.857773e-03,5.134823e-03,3.029668e-02,1.683236e-02,6.709288e-02,1.153000e-01,4.230573e-01,1.268613e-02,4.449822e-02
8.514121e-02,2.465983e-02,2.380050e-02,4.835236e-02,9.298412e-03,1.479604e-02,2.642197e-03,4.258346e-03,2.317698e-02,1.480806e-02,6.482647e-02,1.963270e-01,4.410010e-01,1.438516e-02,3.252650e-02
6.554801e-02,1.897273e-02,1.705178e-02,3.492820e-02,8.633597e-03,1.125190e-02,2.481206e-03,5.075397e-03,2.880672e-02,1.297677e-02,7.255791e-02,3.204673e-01,3.506804e-01,2.683341e-02,2.373465e-02
4.657041e-02,1.391539e-02,1.210421e-02,2.525977e-02,7.801862e-03,8.239602e-03,2.043139e-03,4.305016e-03,3.694152e-02,1.273931e-02,7.647485e-02,4.182208e-01,2.756293e-01,4.263941e-02,1.711544e-02
3.292770e-02,9.861512e-03,8.530527e-03,1.800324e-02,5.848570e-03,5.938306e-03,1.657591e-03,3.207234e-03,3.464903e-02,1.677560e-02,1.835474e-01,3.756393e-01,2.041270e-01,8.641089e-02,1.287612e-02
2.311472e-02,7.337009e-03,6.721095e-03,1.272027e-02,4.594080e-03,4.209384e-03,1.183058e-03,2.331590e-03,7.819457e-02,1.606437e-02,1.592546e-01,4.124537e-01,1.558197e-01,1.067252e-01,9.276683e-03
1.620972e-02,6.038737e-03,6.643395e-03,9.072630e-03,3.794184e-03,2.968127e-03,8.351951e-04,1.673633e-03,1.862850e-01,1.396618e-02,1.279110e-01,3.910884e-01,1.152941e-01,1.115278e-01,6.691795e-03
1.167813e-02,4.657722e-03,1.034897e-02,1.229680e-02,1.038822e-02,2.980110e-03,6.666862e-04,1.981398e-03,3.198074e-01,1.682974e-02,1.151971e-01,2.793508e-01,8.246520e-02,1.252299e-01,6.121811e-03
8.430023e-03,3.498180e-03,8.968505e-03,9.605324e-03,9.001745e-03,2.562436e-03,4.817989e-04,1.565421e-03,3.987971e-01,1.499656e-02,1.081032e-01,2.003782e-01,5.829573e-02,1.706931e-01,4.622756e-03
7.071463e-03,3.566455e-03,9.474841e-03,8.043174e-03,6.865757e-03,5.351122e-03,3.796627e-04,1.489436e-03,5.030082e-01,2.485331e-02,8.555265e-02,1.422415e-01,4.261393e-02,1.553395e-01,4.149037e-03
5.595222e-03,2.987021e-03,9.696933e-03,7.463594e-03,5.151433e-03,5.062970e-03,2.855154e-04,1.220032e-03,6.071110e-01,2.460624e-02,6.358735e-02,1.002471e-01,3.096344e-02,1.324425e-01,3.579754e-03
5.487754e-03,3.131026e-03,1.270690e-02,8.540319e-03,4.979067e-03,5.162379e-03,2.635559e-04,1.851780e-03,6.469772e-01,2.447260e-02,6.353782e-02,7.223912e-02,2.429423e-02,1.211900e-01,5.166386e-03
6.246948e-03,4.922346e-03,1.887394e-02,1.403441e-02,7.700601e-03,6.096585e-03,3.908091e-04,5.380413e-02,5.669531e-01,2.491336e-02,5.246359e-02,5.241690e-02,2.287635e-02,1.626957e-01,5.611262e-03
7.642805e-03,4.416621e-03,1.603621e-02,1.396937e-02,6.511727e-02,8.108181e-03,1.362562e-03,4.605277e-02,5.030997e-01,2.675838e-02,4.124213e-02,3.699240e-02,2.204845e-02,2.021019e-01,5.051362e-03
9.961712e-03,3.774889e-03,1.287707e-02,1.322175e-02,2.054851e-01,1.102548e-02,1.953262e-03,3.606280e-02,3.951139e-01,3.063164e-02,3.048840e-02,2.596517e-02,1.606987e-02,2.008736e-01,6.495477e-03
7.899981e-03,3.890020e-03,1.239520e-02,2.171717e-02,1.549366e-01,8.001344e-03,1.632485e-03,2.778517e-02,4.881639e-01,5.236516e-02,2.218448e-02,1.822911e-02,1.174124e-02,1.438520e-01,2.520619e-02
7.186794e-03,8.889848e-03,1.046024e-02,2.437463e-02,1.363182e-01,6.926339e-03,1.733869e-03,2.008768e-02,5.542573e-01,6.142754e-02,1.624835e-02,1.281445e-02,9.168428e-03,1.022050e-01,2.790146e-02
2.870273e-02,1.187083e-02,9.133704e-03,1.951838e-02,2.070417e-01,9.100569e-03,3.775883e-03,1.568022e-02,4.959421e-01,5.465732e-02,1.185147e-02,9.050927e-03,6.868959e-03,7.306532e-02,4.373996e-02
3.592787e-02,1.834395e-02,7.630821e-03,1.748329e-02,2.198817e-01,9.825651e-03,4.463272e-03,1.992722e-02,4.956048e-01,5.137758e-02,8.607188e-03,6.389386e-03,5.399558e-03,5.329598e-02,4.584176e-02
3.949201e-02,2.256851e-02,5.860080e-03,1.541971e-02,1.891051e-01,9.284575e-03,5.844327e-03,1.906494e-02,5.512233e-01,5.060132e-02,6.539471e-03,4.569468e-03,4.999427e-03,3.797616e-02,3.745162e-02
8.243819e-02,3.793799e-02,1.392289e-02,1.360393e-02,1.729999e-01,1.226165e-02,2.792800e-02,4.170943e-02,4.731253e-01,4.813019e-02,5.503886e-03,4.230111e-03,6.353271e-03,2.807073e-02,3.178457e-02
8.377890e-02,4.028068e-02,1.592588e-02,1.537639e-02,1.863553e-01,1.248659e-02,2.565076e-02,3.137396e-02,3.820612e-01,1.414474e-01,5.709348e-03,3.528063e-03,7.483387e-03,2.017416e-02,2.836793e-02
6.942900e-02,3.379886e-02,1.332982e-02,1.158110e-02,1.492125e-01,1.363786e-02,1.988002e-02,2.249596e-02,2.800307e-01,3.086537e-01,8.526982e-03,3.910580e-03,1.429365e-02,1.518738e-02,3.603180e-02
5.707164e-02,2.747015e-02,1.332653e-02,1.077354e-02,1.270415e-01,1.311248e-02,1.582947e-02,1.730841e-02,2.033404e-01,4.109358e-01,1.211240e-02,4.283912e-03,2.012934e-02,1.251198e-02,5.475249e-02
4.141600e-02,2.146217e-02,1.097252e-02,8.393329e-03,9.530768e-02,1.774893e-02,1.147320e-02,1.241647e-02,1.441132e-01,5.056556e-01,1.780163e-02,5.091676e-03,2.962711e-02,1.079573e-02,6.772475e-02
2.980433e-02,1.563508e-02,1.033770e-02,6.195248e-03,6.783702e-02,1.457000e-02,8.112312e-03,9.088664e-03,1.030206e-01,5.088236e-01,3.067823e-02,5.999246e-03,3.978920e-02,1.056100e-02,1.395478e-01
2.397461e-02,1.147904e-02,1.145778e-02,4.699410e-03,5.042809e-02,1.554889e-02,5.897670e-03,9.400805e-03,7.383377e-02,4.621860e-01,6.811631e-02,6.381843e-03,5.914802e-02,1.341733e-02,1.840304e-01
2.202523e-02,8.945144e-03,1.458862e-02,4.918884e-03,3.735484e-02,6.902633e-02,4.572861e-03,7.166343e-03,5.397099e-02,4.873538e-01,6.333113e-02,8.119918e-03,5.182465e-02,1.043834e-02,1.563629e-01
1.842212e-02,7.431524e-03,1.204897e-02,5.667323e-03,3.297897e-02,7.226441e-02,3.899910e-03,6.181504e-03,4.714936e-02,4.873695e-01,7.188675e-02,1.219315e-02,4.608100e-02,1.017013e-02,1.662553e-01
1.616922e-02,9.969589e-03,1.698850e-02,2.503639e-02,3.421782e-02,5.382003e-02,3.586223e-03,1.954300e-02,6.071101e-02,4.070882e-01,8.901365e-02,1.672884e-02,5.156270e-02,1.862733e-02,1.769375e-01
1.472295e-02,1.219445e-02,1.797636e-02,4.005588e-02,3.854939e-02,4.426961e-02,3.190867e-03,2.024527e-02,7.785846e-02,3.025285e-01,9.480897e-02,2.630259e-02,6.424747e-02,1.738084e-02,2.256684e-01
1.318796e-02,1.502189e-02,1.543523e-02,3.742390e-02,4.053560e-02,3.558702e-02,4.208035e-03,1.682727e-02,1.087873e-01,2.696086e-01,8.369480e-02,3.906744e-02,8.235727e-02,1.484529e-02,2.234124e-01
1.105366e-02,1.673197e-02,1.283138e-02,2.977507e-02,4.237812e-02,2.812838e-02,4.594788e-03,1.526758e-02,1.355060e-01,2.346939e-01,8.569137e-02,6.278093e-02,1.112005e-01,1.259723e-02,1.967692e-01
1.111949e-02,2.044495e-02,1.382612e-02,4.081865e-02,1.137646e-01,2.087072e-02,3.606771e-03,1.323277e-02,2.227449e-01,1.689318e-01,6.675963e-02,4.954816e-02,9.907186e-02,9.088578e-03,1.461711e-01
7.893127e-03,2.095729e-02,9.903826e-03,3.039302e-02,8.461285e-02,1.478711e-02,2.663402e-03,9.389143e-03,4.360258e-01,1.183172e-01,4.848851e-02,3.575074e-02,7.200506e-02,6.364790e-03,1.024481e-01
6.030499e-03,2.222137e-02,7.794448e-03,5.595579e-02,6.421899e-02,1.262719e-02,1.982045e-03,6.876727e-03,5.507494e-01,8.311055e-02,3.512161e-02,2.548633e-02,5.126997e-02,4.463114e-03,7.209191e-02
6.669731e-03,2.270251e-02,7.737994e-03,1.351583e-01,5.280550e-02,1.273381e-02,1.492996e-03,6.662721e-03,5.542389e-01,5.869217e-02,2.882383e-02,1.916403e-02,3.879272e-02,3.145222e-03,5.117960e-02
1.795686e-02,2.029202e-02,1.734607e-02,2.418755e-01,5.320413e-02,1.270483e-02,1.346922e-03,1.749542e-02,4.640146e-01,4.182854e-02,2.660259e-02,1.482572e-02,3.153115e-02,2.263559e-03,3.671215e-02
2.607127e-02,2.438745e-02,1.944509e-02,2.440144e-01,6.144732e-02,1.022526e-02,1.404366e-03,1.481733e-02,4.462084e-01,3.281676e-02,4.661262e-02,1.190163e-02,2.657438e-02,1.819955e-03,3.225373e-02
6.287118e-02,3.104739e-02,2.334392e-02,1.984188e-01,7.218339e-02,9.014034e-03,2.524139e-03,1.987189e-02,4.455192e-01,2.882709e-02,4.122604e-02,1.071959e-02,2.182925e-02,1.663966e-03,3.094012e-02
8.813416e-02,4.188358e-02,5.404545e-02,2.218357e-01,7.213990e-02,8.154179e-03,2.950869e-03,2.401438e-02,3.735970e-01,2.410170e-02,3.138343e-02,8.784176e-03,1.691568e-02,1.435398e-03,3.062434e-02
9.888407e-02,4.214601e-02,8.043658e-02,2.783595e-01,6.970078e-02,7.149689e-03,2.830740e-03,2.747395e-02,3.031773e-01,2.046624e-02,2.348632e-02,6.715579e-03,1.253976e-02,1.229161e-03,2.540429e-02
1.613882e-01,5.929183e-02,7.024927e-02,2.593616e-01,6.796035e-02,8.469492e-03,3.253965e-03,2.374793e-02,2.439349e-01,2.345541e-02,2.070845e-02,6.212451e-03,1.001588e-02,1.533926e-03,4.041632e-02
1.951416e-01,8.838160e-02,5.793187e-02,2.109114e-01,6.714097e-02,1.201566e-02,3.228716e-03,1.760204e-02,1.876015e-01,3.295388e-02,1.736454e-02,5.563669e-03,7.980737e-03,2.008023e-03,9.417377e-02
1.768744e-01,8.144614e-02,6.008425e-02,3.112995e-01,6.387448e-02,1.347349e-02,3.482533e-03,1.456004e-02,1.417940e-01,2.850192e-02,1.693703e-02,5.906816e-03,6.987606e-03,1.952367e-03,7.282544e-02
3.096030e-01,6.427876e-02,4.883396e-02,2.315619e-01,5.800099e-02,1.422810e-02,4.794590e-03,4.947713e-02,1.087414e-01,2.200507e-02,1.400341e-02,7.005666e-03,9.621816e-03,2.584022e-03,5.526026e-02
3.463750e-01,4.893538e-02,3.816351e-02,1.856926e-01,5.378037e-02,1.260088e-02,5.111661e-03,1.370437e-01,8.268272e-02,1.630604e-02,1.325874e-02,7.375803e-03,8.970404e-03,2.720299e-03,4.098288e-02
3.856285e-01,4.015234e-02,3.349912e-02,1.479259e-01,6.203911e-02,1.271740e-02,5.484093e-03,1.611294e-01,6.734942e-02,1.456332e-02,1.748501e-02,8.769308e-03,9.346451e-03,2.830416e-03,3.108023e-02
4.514243e-01,3.435439e-02,3.037696e-02,1.107567e-01,5.291103e-02,1.218139e-02,5.157617e-03,1.719385e-01,5.647146e-02,1.264685e-02,1.628359e-02,9.784007e-03,9.175985e-03,2.668381e-03,2.386886e-02
3.881545e-01,2.958761e-02,3.435001e-02,1.040356e-01,4.990551e-02,2.128790e-02,4.292521e-03,2.555678e-01,4.089639e-02,1.112268e-02,2.060178e-02,8.943424e-03,9.049712e-03,2.353246e-03,1.985135e-02
3.325984e-01,2.183155e-02,2.548330e-02,7.745241e-02,3.965130e-02,1.976552e-02,4.750203e-03,2.005825e-01,3.155073e-02,1.006390e-02,4.970841e-02,1.638132e-02,1.495018e-01,2.159092e-03,1.851949e-02
2.385634e-01,1.597548e-02,2.077375e-02,6.252562e-02,3.384985e-02,1.694760e-02,8.303455e-03,2.063743e-01,2.414629e-02,1.144909e-02,4.646877e-02,7.573576e-02,2.218094e-01,2.732230e-03,1.434486e-02
1.802738e-01,1.157627e-02,1.478822e-02,4.709968e-02,2.579308e-02,1.429105e-02,7.583556e-03,1.501738e-01,1.798997e-02,1.462553e-02,5.461446e-02,9.412894e-02,3.456286e-01,7.982474e-03,1.345050e-02
1.764481e-01,8.448996e-03,1.083050e-02,3.514237e-02,1.989572e-02,1.117659e-02,5.747558e-03,1.063760e-01,1.399340e-02,1.650550e-02,6.606577e-02,8.962779e-02,4.128694e-01,1.215655e-02,1.471574e-02
1.353066e-01,7.025148e-03,9.067097e-03,2.539459e-02,1.672194e-02,8.197019e-03,4.217866e-03,7.503620e-02,1.136030e-02,1.579028e-02,5.724728e-02,1.145898e-01,4.885034e-01,1.903494e-02,1.250758e-02
1.154140e-01,1.282886e-02,1.267713e-02,2.062110e-02,1.925540e-02,6.355485e-03,3.261577e-03,5.340976e-02,2.523857e-02,4.069488e-02,5.075460e-02,1.404704e-01,4.381400e-01,4.215223e-02,1.872597e-02
8.948509e-02,1.304088e-02,1.399861e-02,2.153031e-02,2.138635e-02,5.063351e-03,2.700601e-03,4.155193e-02,3.562501e-02,4.178505e-02,4.535593e-02,1.705446e-01,4.197802e-01,6.046796e-02,1.768411e-02
8.657183e-02,1.111032e-02,1.294759e-02,1.591006e-02,1.842147e-02,4.253596e-03,1.987629e-03,3.068170e-02,3.421763e-02,3.602649e-02,4.049509e-02,1.375382e-01,3.168431e-01,2.108396e-01,4.215570e-02
7.533926e-02,1.072270e-02,1.743704e-02,1.195272e-02,1.630010e-02,4.144421e-03,1.492185e-03,2.329334e-02,4.849610e-02,3.457657e-02,3.598380e-02,1.210517e-01,2.420698e-01,3.071868e-01,4.995340e-02
7.064041e-02,1.190333e-02,2.394644e-02,9.103230e-03,1.857600e-02,1.113657e-02,1.269809e-03,1.960575e-02,6.743954e-02,3.668852e-02,3.996073e-02,9.571852e-02,1.827598e-01,3.060545e-01,1.051968e-01
6.067135e-02,1.203079e-02,2.554237e-02,8.496036e-03,2.439653e-02,1.270779e-02,1.061153e-03,1.511696e-02,1.067550e-01,4.959865e-02,3.696320e-02,7.359578e-02,1.383601e-01,3.354214e-01,9.928294e-02
4.477995e-02,9.420194e-03,2.806373e-02,9.698963e-03,3.083791e-02,1.021589e-02,8.884302e-04,2.009901e-02,1.039905e-01,4.348831e-02,2.985495e-02,5.381836e-02,1.002707e-01,4.394025e-01,7.517057e-02
4.121184e-02,8.546653e-03,3.762992e-02,1.813317e-02,7.679901e-02,7.910731e-03,9.214241e-04,4.397429e-02,1.552111e-01,3.368276e-02,2.518354e-02,3.883054e-02,7.282784e-02,3.803453e-01,5.879197e-02
3.046558e-02,2.585583e-02,2.752607e-02,1.364335e-02,5.950352e-02,5.730841e-03,6.651839e-04,3.181311e-02,3.700281e-01,2.406633e-02,1.928361e-02,2.836697e-02,5.261988e-02,2.687220e-01,4.170967e-02
2.175546e-02,2.367996e-02,1.935535e-02,1.131442e-02,4.555229e-02,4.154415e-03,4.725211e-04,2.240764e-02,5.455035e-01,1.696085e-02,1.426353e-02,2.009779e-02,3.703460e-02,1.881849e-01,2.926273e-02
1.599590e-02,2.394251e-02,1.499561e-02,3.779316e-02,3.997325e-02,5.741773e-03,3.570557e-04,2.023733e-02,6.240042e-01,1.267735e-02,1.094176e-02,1.418406e-02,2.625608e-02,1.319978e-01,2.090210e-02
1.369941e-02,2.491577e-02,1.205912e-02,3.329184e-02,4.107441e-02,7.922359e-03,3.146810e-04,1.650467e-02,6.947863e-01,9.816330e-03,8.336369e-03,1.001490e-02,1.849739e-02,9.278180e-02,1.598463e-02
2.690294e-02,2.403565e-02,1.589221e-02,6.294088e-02,5.240203e-02,8.969566e-03,9.739039e-04,1.842255e-02,6.711071e-01,8.879377e-03,6.266437e-03,7.268607e-03,1.308841e-02,6.505352e-02,1.779683e-02
3.221329e-02,2.424922e-02,4.711096e-02,1.457168e-01,4.598956e-02,7.553764e-03,8.983929e-04,2.013076e-02,5.730690e-01,1.417103e-02,5.250577e-03,5.836926e-03,9.865358e-03,4.560957e-02,2.233484e-02
3.443845e-02,1.131797e-01,1.072843e-01,1.243757e-01,3.532898e-02,5.787122e-03,7.827833e-04,1.769008e-02,4.750444e-01,1.545936e-02,5.138128e-03,5.000798e-03,8.097064e-03,3.199312e-02,2.040010e-02
2.968563e-02,2.230882e-01,1.197979e-01,1.301775e-01,2.594300e-02,4.562104e-03,6.422123e-04,1.486883e-02,3.736345e-01,1.959494e-02,6.752905e-03,4.533113e-03,6.739514e-03,2.247555e-02,1.750414e-02
2.140902e-02,3.166879e-01,1.070394e-01,1.191473e-01,1.878733e-02,3.951388e-03,4.668349e-04,1.090654e-02,3.305200e-01,1.501034e-02,9.858598e-03,4.939843e-03,1.112714e-02,1.577600e-02,1.437233e-02
1.506172e-02,2.227138e-01,9.521049e-02,2.783468e-01,1.542472e-02,3.014493e-03,4.531772e-04,7.767907e-03,2.348495e-01,1.079780e-02,6.542180e-02,5.861446e-03,2.365483e-02,1.113766e-02,1.028385e-02
1.059640e-02,1.561378e-01,6.996904e-02,2.708239e-01,1.156517e-02,2.375063e-03,4.158323e-04,5.485845e-03,1.648642e-01,8.525269e-03,2.395975e-01,7.618602e-03,3.614108e-02,7.909318e-03,7.975085e-03
7.483380e-03,1.093956e-01,5.005553e-02,2.029093e-01,8.703151e-03,1.963717e-03,3.669901e-04,3.877333e-03,1.162667e-01,1.275205e-02,3.560423e-01,1.728681e-02,9.060936e-02,7.229349e-03,1.505843e-02
5.335039e-03,7.672928e-02,3.707715e-02,1.590634e-01,8.456239e-03,1.458560e-03,3.024827e-04,2.850567e-03,8.511958e-02,1.124751e-02,3.277269e-01,2.942350e-02,2.260490e-01,9.213377e-03,1.994744e-02
3.992277e-03,5.416803e-02,2.691565e-02,1.283504e-01,1.095141e-02,1.439031e-03,3.707328e-04,2.093667e-03,6.308863e-02,2.874598e-02,2.850831e-01,5.570003e-02,2.828964e-01,1.381664e-02,4.238805e-02
3.114921e-03,3.821038e-02,1.979226e-02,9.202439e-02,1.280963e-02,1.192554e-03,3.591731e-04,1.681782e-03,4.607090e-02,3.256465e-02,3.522015e-01,5.410432e-02,2.676278e-01,2.718985e-02,5.105594e-02
2.668416e-03,2.705709e-02,1.501946e-02,7.212450e-02,1.349029e-02,1.026028e-03,4.365586e-04,2.051326e-03,3.454992e-02,9.211988e-02,3.935654e-01,4.991693e-02,2.151473e-01,2.786059e-02,5.296633e-02
2.090124e-03,1.928512e-02,1.116597e-02,5.236781e-02,1.125807e-02,9.856669e-04,3.704826e-04,2.022019e-03,2.528842e-02,2.043353e-01,3.879648e-01,5.487905e-02,1.611983e-01,2.411504e-02,4.267384e-02
1.726951e-03,1.504382e-02,1.156005e-02,4.016001e-02,1.558753e-02,1.604351e-03,6.953938e-04,4.104636e-03,2.556214e-02,3.138373e-01,3.310548e-01,5.385282e-02,1.265038e-01,2.475555e-02,3.395080e-02
2.133627e-03,1.890185e-02,2.784905e-02,3.043231e-02,2.634965e-02,2.651477e-03,1.085390e-03,9.944517e-03,3.956218e-02,3.611556e-01,2.560723e-01,5.912568e-02,1.113611e-01,2.438089e-02,2.899438e-02
4.200413e-03,1.417076e-02,2.169934e-02,2.236860e-02,3.258266e-02,9.741593e-03,1.980177e-03,2.521181e-02,3.550297e-02,4.218741e-01,1.997407e-01,5.593191e-02,9.084634e-02,2.049177e-02,4.365692e-02
7.532761e-03,1.286715e-02,1.935290e-02,1.854471e-02,3.287090e-02,1.481428e-02,4.096655e-03,4.994408e-02,4.491888e-02,4.536366e-01,1.543473e-01,5.145658e-02,7.260738e-02,2.015000e-02,4.285985e-02
3.305475e-02,1.170947e-02,1.920143e-02,1.759133e-02,3.189522e-02,2.476758e-02,3.710176e-03,3.959195e-02,3.515669e-02,4.239938e-01,1.401304e-01,1.101663e-01,5.858825e-02,1.811166e-02,3.233097e-02
3.234069e-02,9.680358e-03,1.836530e-02,1.460553e-02,1.368394e-01,1.991823e-02,5.167021e-03,3.280965e-02,4.733502e-02,3.440092e-01,1.519136e-01,9.828299e-02,4.609617e-02,1.660679e-02,2.603000e-02
4.073890e-02,8.617687e-03,1.797595e-02,1.334169e-02,2.031470e-01,1.977981e-02,6.243809e-03,4.986298e-02,5.774867e-02,2.681108e-01,1.320564e-01,9.205078e-02,5.055068e-02,1.708704e-02,2.268774e-02
5.519907e-02,1.671250e-02,3.257591e-02,2.224264e-02,1.773523e-01,2.083914e-02,6.384355e-03,8.490421e-02,7.093173e-02,2.105090e-01,1.065967e-01,1.041895e-01,4.968706e-02,2.356802e-02,1.830786e-02
6.304945e-02,2.105754e-02,3.504952e-02,2.355764e-02,1.617342e-01,1.903339e-02,6.296879e-03,8.040826e-02,1.040953e-01,1.639920e-01,9.997117e-02,1.392975e-01,4.522133e-02,2.214818e-02,1.508769e-02
