1.000000e+00,0.000000e+00,0.000000e+00,0.000000e+00,0.000000e+00,0.000000e+00,0.000000e+00,0.000000e+00,0.000000e+00,0.000000e+00,0.000000e+00,0.000000e+00,0.000000e+00,0.000000e+00,0.000000e+00
1.000000e+00,0.000000e+00,0.000000e+00,0.000000e+00,0.000000e+00,0.000000e+00,0.000000e+00,0.000000e+00,0.000000e+00,0.000000e+00,0.000000e+00,0.000000e+00,0.000000e+00,0.000000e+00,0.000000e+00
1.000000e+00,0.000000e+00,0.000000e+00,0.000000e+00,0.000000e+00,0.000000e+00,0.000000e+00,0.000000e+00,0.000000e+00,0.000000e+00,0.000000e+00,0.000000e+00,0.000000e+00,0.000000e+00,0.000000e+00
1.000000e+00,0.000000e+00,0.000000e+00,0.000000e+00,0.000000e+00,0.000000e+00,0.000000e+00,0.000000e+00,0.000000e+00,0.000000e+00,0.000000e+00,0.000000e+00,0.000000e+00,0.000000e+00,0.000000e+00
1.000000e+00,0.000000e+00,0.000000e+00,0.000000e+00,0.000000e+00,0.000000e+00,0.000000e+00,0.000000e+00,0.000000e+00,0.000000e+00,0.000000e+00,0.000000e+00,0.000000e+00,0.000000e+00,0.000000e+00
1.000000e+00,0.000000e+00,0.000000e+00,0.000000e+00,0.000000e+00,0.000000e+00,0.000000e+00,0.000000e+00,0.000000e+00,0.000000e+00,0.000000e+00,0.000000e+00,0.000000e+00,0.000000e+00,0.000000e+00
1.000000e+00,0.000000e+00,0.000000e+00,0.000000e+00,0.000000e+00,0.000000e+00,0.000000e+00,0.000000e+00,0.000000e+00,0.000000e+00,0.000000e+00,0.000000e+00,0.000000e+00,0.000000e+00,0.000000e+00
1.000000e+00,0.000000e+00,0.000000e+00,0.000000e+00,0.000000e+00,0.000000e+00,0.000000e+00,0.000000e+00,0.000000e+00,0.000000e+00,0.000000e+00,0.000000e+00,0.000000e+00,0.000000e+00,0.000000e+00
1.000000e+00,0.000000e+00,0.000000e+00,0.000000e+00,0.000000e+00,0.000000e+00,0.000000e+00,0.000000e+00,0.000000e+00,0.000000e+00,0.000000e+00,0.000000e+00,0.000000e+00,0.000000e+00,0.000000e+00
1.000000e+00,0.000000e+00,0.000000e+00,0.000000e+00,0.000000e+00,0.000000e+00,0.000000e+00,0.000000e+00,0.000000e+00,0.000000e+00,0.000000e+00,0.000000e+00,0.000000e+00,0.000000e+00,0.000000e+00
1.000000e+00,0.000000e+00,0.000000e+00,0.000000e+00,0.000000e+00,0.000000e+00,0.000000e+00,0.000000e+00,0.000000e+00,0.000000e+00,0.000000e+00,0.000000e+00,0.000000e+00,0.000000e+00,0.000000e+00
1.000000e+00,0.000000e+00,0.000000e+00,0.000000e+00,0.000000e+00,0.000000e+00,0.000000e+00,0.000000e+00,0.000000e+00,0.000000e+00,0.000000e+00,0.000000e+00,0.000000e+00,0.000000e+00,0.000000e+00
1.000000e+00,0.000000e+00,0.000000e+00,0.000000e+00,0.000000e+00,0.000000e+00,0.000000e+00,0.000000e+00,0.000000e+00,0.000000e+00,0.000000e+00,0.000000e+00,0.000000e+00,0.000000e+00,0.000000e+00
1.000000e+00,0.000000e+00,0.000000e+00,0.000000e+00,0.000000e+00,0.000000e+00,0.000000e+00,0.000000e+00,0.000000e+00,0.000000e+00,0.000000e+00,0.000000e+00,0.000000e+00,0.000000e+00,0.000000e+00
1.000000e+00,0.000000e+00,0.000000e+00,0.000000e+00,0.000000e+00,0.000000e+00,0.000000e+00,0.000000e+00,0.000000e+00,0.000000e+00,0.000000e+00,0.000000e+00,0.000000e+00,0.000000e+00,0.000000e+00
1.000000e+00,0.000000e+00,0.000000e+00,0.000000e+00,0.000000e+00,0.000000e+00,0.000000e+00,0.000000e+00,0.000000e+00,0.000000e+00,0.000000e+00,0.000000e+00,0.000000e+00,0.000000e+00,0.000000e+00
1.000000e+00,0.000000e+00,0.000000e+00,0.000000e+00,0.000000e+00,0.000000e+00,0.000000e+00,0.000000e+00,0.000000e+00,0.000000e+00,0.000000e+00,0.000000e+00,0.000000e+00,0.000000e+00,0.000000e+00
1.000000e+00,0.000000e+00,0.000000e+00,0.000000e+00,0.000000e+00,0.000000e+00,0.000000e+00,0.000000e+00,0.000000e+00,0.000000e+00,0.000000e+00,0.000000e+00,0.000000e+00,0.000000e+00,0.000000e+00
1.000000e+00,0.000000e+00,0.000000e+00,0.000000e+00,0.000000e+00,0.000000e+00,0.000000e+00,0.000000e+00,0.000000e+00,0.000000e+00,0.000000e+00,0.000000e+00,0.000000e+00,0.000000e+00,0.000000e+00
1.000000e+00,0.000000e+00,0.000000e+00,0.000000e+00,0.000000e+00,0.000000e+00,0.000000e+00,0.000000e+00,0.000000e+00,0.000000e+00,0.000000e+00,0.000000e+00,0.000000e+00,0.000000e+00,0.000000e+00
1.000000e+00,0.000000e+00,0.000000e+00,0.000000e+00,0.000000e+00,0.000000e+00,0.000000e+00,0.000000e+00,0.000000e+00,0.000000e+00,0.000000e+00,0.000000e+00,0.000000e+00,0.000000e+00,0.000000e+00
1.000000e+00,0.000000e+00,0.000000e+00,0.000000e+00,0.000000e+00,0.000000e+00,0.000000e+00,0.000000e+00,0.000000e+00,0.000000e+00,0.000000e+00,0.000000e+00,0.000000e+00,0.000000e+00,0.000000e+00
1.000000e+00,0.000000e+00,0.000000e+00,0.000000e+00,0.000000e+00,0.000000e+00,0.000000e+00,0.000000e+00,0.000000e+00,0.000000e+00,0.000000e+00,0.000000e+00,0.000000e+00,0.000000e+00,0.000000e+00
1.000000e+00,0.000000e+00,0.000000e+00,0.000000e+00,0.000000e+00,0.000000e+00,0.000000e+00,0.000000e+00,0.000000e+00,0.000000e+00,0.000000e+00,0.000000e+00,0.000000e+00,0.000000e+00,0.000000e+00
1.000000e+00,0.000000e+00,0.000000e+00,0.000000e+00,0.000000e+00,0.000000e+00,0.000000e+00,0.000000e+00,0.000000e+00,0.000000e+00,0.000000e+00,0.000000e+00,0.000000e+00,0.000000e+00,0.000000e+00
1.000000e+00,0.000000e+00,0.000000e+00,0.000000e+00,0.000000e+00,0.000000e+00,0.000000e+00,0.000000e+00,0.000000e+00,0.000000e+00,0.000000e+00,0.000000e+00,0.000000e+00,0.000000e+00,0.000000e+00
1.000000e+00,0.000000e+00,0.000000e+00,0.000000e+00,0.000000e+00,0.000000e+00,0.000000e+00,0.000000e+00,0.000000e+00,0.000000e+00,0.000000e+00,0.000000e+00,0.000000e+00,0.000000e+00,0.000000e+00
1.000000e+00,0.000000e+00,0.000000e+00,0.000000e+00,0.000000e+00,0.000000e+00,0.000000e+00,0.000000e+00,0.000000e+00,0.000000e+00,0.000000e+00,0.000000e+00,0.000000e+00,0.000000e+00,0.000000e+00
1.000000e+00,0.000000e+00,0.000000e+00,0.000000e+00,0.000000e+00,0.000000e+00,0.000000e+00,0.000000e+00,0.000000e+00,0.000000e+00,0.000000e+00,0.000000e+00,0.000000e+00,0.000000e+00,0.000000e+00
1.000000e+00,0.000000e+00,0.000000e+00,0.000000e+00,0.000000e+00,0.000000e+00,0.000000e+00,0.000000e+00,0.000000e+00,0.000000e+00,0.000000e+00,0.000000e+00,0.000000e+00,0.000000e+00,0.000000e+00
1.000000e+00,0.000000e+00,0.000000e+00,0.000000e+00,0.000000e+00,0.000000e+00,0.000000e+00,0.000000e+00,0.000000e+00,0.000000e+00,0.000000e+00,0.000000e+00,0.000000e+00,0.000000e+00,0.000000e+00
1.000000e+00,0.000000e+00,0.000000e+00,0.000000e+00,0.000000e+00,0.000000e+00,0.000000e+00,0.000000e+00,0.000000e+00,0.000000e+00,0.000000e+00,0.000000e+00,0.000000e+00,0.000000e+00,0.000000e+00
1.000000e+00,0.000000e+00,0.000000e+00,0.000000e+00,0.000000e+00,0.000000e+00,0.000000e+00,0.000000e+00,0.000000e+00,0.000000e+00,0.000000e+00,0.000000e+00,0.000000e+00,0.000000e+00,0.000000e+00
1.000000e+00,0.000000e+00,0.000000e+00,0.000000e+00,0.000000e+00,0.000000e+00,0.000000e+00,0.000000e+00,0.000000e+00,0.000000e+00,0.000000e+00,0.000000e+00,0.000000e+00,0.000000e+00,0.000000e+00
1.000000e+00,0.000000e+00,0.000000e+00,0.000000e+00,0.000000e+00,0.000000e+00,0.000000e+00,0.000000e+00,0.000000e+00,0.000000e+00,0.000000e+00,0.000000e+00,0.000000e+00,0.000000e+00,0.000000e+00
1.000000e+00,0.000000e+00,0.000000e+00,0.000000e+00,0.000000e+00,0.000000e+00,0.000000e+00,0.000000e+00,0.000000e+00,0.000000e+00,0.000000e+00,0.000000e+00,0.000000e+00,0.000000e+00,0.000000e+00
1.000000e+00,0.000000e+00,0.000000e+00,0.000000e+00,0.000000e+00,0.000000e+00,0.000000e+00,0.000000e+00,0.000000e+00,0.000000e+00,0.000000e+00,0.000000e+00,0.000000e+00,0.000000e+00,0.000000e+00
1.000000e+00,0.000000e+00,0.000000e+00,0.000000e+00,0.000000e+00,0.000000e+00,0.000000e+00,0.000000e+00,0.000000e+00,0.000000e+00,0.000000e+00,0.000000e+00,0.000000e+00,0.000000e+00,0.000000e+00
1.000000e+00,0.000000e+00,0.000000e+00,0.000000e+00,0.000000e+00,0.000000e+00,0.000000e+00,0.000000e+00,0.000000e+00,0.000000e+00,0.000000e+00,0.000000e+00,0.000000e+00,0.000000e+00,0.000000e+00
1.000000e+00,0.000000e+00,0.000000e+00,0.000000e+00,0.000000e+00,0.000000e+00,0.000000e+00,0.000000e+00,0.000000e+00,0.000000e+00,0.000000e+00,0.000000e+00,0.000000e+00,0.000000e+00,0.000000e+00
1.000000e+00,0.000000e+00,0.000000e+00,0.000000e+00,0.000000e+00,0.000000e+00,0.000000e+00,0.000000e+00,0.000000e+00,0.000000e+00,0.000000e+00,0.000000e+00,0.000000e+00,0.000000e+00,0.000000e+00
1.000000e+00,0.000000e+00,0.000000e+00,0.000000e+00,0.000000e+00,0.000000e+00,0.000000e+00,0.000000e+00,0.000000e+00,0.000000e+00,0.000000e+00,0.000000e+00,0.000000e+00,0.000000e+00,0.000000e+00
1.000000e+00,0.000000e+00,0.000000e+00,0.000000e+00,0.000000e+00,0.000000e+00,0.000000e+00,0.000000e+00,0.000000e+00,0.000000e+00,0.000000e+00,0.000000e+00,0.000000e+00,0.000000e+00,0.000000e+00
1.000000e+00,0.000000e+00,0.000000e+00,0.000000e+00,0.000000e+00,0.000000e+00,0.000000e+00,0.000000e+00,0.000000e+00,0.000000e+00,0.000000e+00,0.000000e+00,0.000000e+00,0.000000e+00,0.000000e+00
1.000000e+00,0.000000e+00,0.000000e+00,0.000000e+00,0.000000e+00,0.000000e+00,0.000000e+00,0.000000e+00,0.000000e+00,0.000000e+00,0.000000e+00,0.000000e+00,0.000000e+00,0.000000e+00,0.000000e+00
1.000000e+00,0.000000e+00,0.000000e+00,0.000000e+00,0.000000e+00,0.000000e+00,0.000000e+00,0.000000e+00,0.000000e+00,0.000000e+00,0.000000e+00,0.000000e+00,0.000000e+00,0.000000e+00,0.000000e+00
1.000000e+00,0.000000e+00,0.000000e+00,0.000000e+00,0.000000e+00,0.000000e+00,0.000000e+00,0.000000e+00,0.000000e+00,0.000000e+00,0.000000e+00,0.000000e+00,0.000000e+00,0.000000e+00,0.000000e+00
1.000000e+00,0.000000e+00,0.000000e+00,0.000000e+00,0.000000e+00,0.000000e+00,0.000000e+00,0.000000e+00,0.000000e+00,0.000000e+00,0.000000e+00,0.000000e+00,0.000000e+00,0.000000e+00,0.000000e+00
4.942894e-01,8.146244e-02,2.206675e-02,1.097264e-01,1.625627e-02,2.276396e-02,6.074660e-03,1.733580e-02,2.271299e-02,9.064486e-03,2.232915e-02,3.007733e-02,2.127763e-02,1.992463e-02,1.046381e-01
4.677252e-01,8.791429e-02,2.005355e-02,1.177687e-01,1.773014e-02,2.463640e-02,6.286106e-03,1.680883e-02,2.326715e-02,8.921405e-03,2.297935e-02,3.619727e-02,2.539053e-02,1.850300e-02,1.058181e-01
4.097675e-01,9.523825e-02,3.226648e-02,1.388196e-01,2.138758e-02,2.534915e-02,7.498967e-03,2.358995e-02,2.302801e-02,8.189542e-03,2.371253e-02,4.988108e-02,2.806931e-02,1.609905e-02,9.710297e-02
3.253878e-01,8.688866e-02,3.972042e-02,2.370006e-01,2.111150e-02,2.399348e-02,6.819017e-03,2.585204e-02,2.200166e-02,6.317549e-03,2.250344e-02,6.822374e-02,2.746689e-02,1.208089e-02,7.463234e-02
2.579861e-01,6.563018e-02,1.121960e-01,2.185318e-01,1.769339e-02,3.096962e-02,7.967387e-03,6.718564e-02,1.868259e-02,4.825520e-03,2.712801e-02,8.025032e-02,2.659022e-02,9.418187e-03,5.494504e-02
1.957382e-01,4.830937e-02,2.550130e-01,1.981423e-01,1.373406e-02,2.752565e-02,7.225383e-03,8.168997e-02,1.421710e-02,3.601773e-03,2.246615e-02,6.339865e-02,2.208014e-02,6.901199e-03,3.995693e-02
1.441685e-01,3.413543e-02,3.995269e-01,1.578382e-01,1.003610e-02,2.075745e-02,7.110215e-03,1.023977e-01,1.003792e-02,2.585411e-03,1.682847e-02,4.540524e-02,1.598347e-02,5.009660e-03,2.817940e-02
1.058954e-01,2.398756e-02,4.210353e-01,1.238739e-01,7.212871e-03,1.659237e-02,7.856789e-03,2.054106e-01,7.075976e-03,1.841443e-03,1.206750e-02,3.213076e-02,1.149341e-02,3.671253e-03,1.985479e-02
8.033382e-02,1.695315e-02,4.522330e-01,9.655866e-02,5.612887e-03,1.322914e-02,4.027797e-02,2.312220e-01,5.037172e-03,1.427889e-03,8.676969e-03,2.277848e-02,8.665588e-03,2.770707e-03,1.422259e-02
6.652882e-02,1.190950e-02,3.726602e-01,7.179063e-02,4.084521e-03,1.034526e-02,3.371511e-02,3.835846e-01,3.562697e-03,1.031175e-03,6.210279e-03,1.604270e-02,6.448962e-03,2.011277e-03,1.007426e-02
5.576830e-02,8.403017e-03,2.881151e-01,5.236561e-02,3.075792e-03,7.909385e-03,2.774303e-02,5.241649e-01,2.533975e-03,7.612374e-04,4.463124e-03,1.127430e-02,4.736161e-03,1.494818e-03,7.191243e-03
4.474923e-02,5.939764e-03,2.091481e-01,3.739082e-02,2.358990e-03,6.126083e-03,3.028226e-02,6.407487e-01,1.823392e-03,5.603677e-04,3.185676e-03,7.943958e-03,3.552165e-03,1.077205e-03,5.113193e-03
3.556139e-02,4.189560e-03,1.476162e-01,2.663355e-02,1.803053e-03,4.563530e-03,2.344735e-02,7.395906e-01,1.294942e-03,4.041568e-04,2.269025e-03,5.617552e-03,2.608022e-03,7.797388e-04,3.621285e-03
2.759900e-02,2.971294e-03,1.040955e-01,1.911925e-02,1.399473e-03,3.514100e-03,1.906992e-02,8.101773e-01,9.306080e-04,2.956565e-04,1.624092e-03,4.023907e-03,2.023158e-03,5.748851e-04,2.581792e-03
2.204444e-02,2.132724e-03,7.354970e-02,1.371308e-02,1.211871e-03,2.740415e-03,1.565622e-02,8.597336e-01,6.849489e-04,2.320744e-04,1.211244e-03,2.993181e-03,1.763424e-03,4.486100e-04,1.884444e-03
1.847922e-02,1.571853e-03,5.191181e-02,9.849275e-03,1.394053e-03,2.121869e-03,1.380202e-02,8.934957e-01,5.270918e-04,2.023142e-04,9.546501e-04,2.245563e-03,1.647252e-03,3.539626e-04,1.443331e-03
1.358431e-02,1.128343e-03,3.707997e-02,7.202058e-03,1.695080e-03,1.641949e-03,1.433221e-02,9.171377e-01,3.963056e-04,1.761416e-04,7.527685e-04,1.805146e-03,1.732904e-03,2.773904e-04,1.057656e-03
1.102817e-02,8.838199e-04,2.687431e-02,5.845523e-03,2.146201e-03,1.794748e-03,1.149967e-02,9.331048e-01,3.772749e-04,4.486848e-04,8.956544e-04,1.554562e-03,2.166344e-03,3.815959e-04,9.986006e-04
1.013576e-02,7.289901e-04,1.942429e-02,4.880331e-03,2.941595e-03,2.082329e-03,9.482847e-03,9.326948e-01,5.822313e-04,1.033933e-03,2.126971e-03,2.712246e-03,9.321042e-03,8.767429e-04,9.758516e-04
7.372415e-03,5.435121e-04,1.383317e-02,3.750412e-03,2.589111e-03,2.040819e-03,6.859319e-03,7.251989e-01,5.028825e-04,1.527773e-02,1.455365e-02,3.811112e-02,1.580541e-01,6.911604e-03,4.401159e-03
5.418075e-03,3.960055e-04,9.793218e-03,2.716829e-03,1.988881e-03,1.542566e-03,4.899195e-03,5.337797e-01,4.218504e-04,2.594832e-02,1.944903e-02,5.442660e-02,3.215256e-01,9.432448e-03,8.261728e-03
3.872334e-03,4.389435e-04,6.871391e-03,2.095483e-03,1.457549e-03,1.108485e-03,3.531785e-03,3.777521e-01,1.473809e-03,4.899407e-02,2.301824e-02,8.009705e-02,4.034757e-01,3.605303e-02,9.760040e-03
2.824980e-03,5.681374e-04,5.098976e-03,2.914887e-03,1.399851e-03,9.493208e-04,2.729049e-03,2.658682e-01,3.355667e-03,1.498806e-01,2.311775e-02,7.418731e-02,4.105949e-01,3.547743e-02,2.103299e-02
2.054034e-03,5.288750e-04,3.736269e-03,3.896385e-03,1.499913e-02,8.698621e-04,2.218833e-03,1.880036e-01,1.618180e-02,1.507057e-01,3.240677e-02,7.919470e-02,4.474765e-01,3.150383e-02,2.622361e-02
1.659962e-03,1.002051e-03,2.950411e-03,3.056243e-02,3.311044e-02,1.108816e-03,2.480275e-03,1.341560e-01,3.805590e-02,1.662575e-01,3.239436e-02,9.299136e-02,4.034036e-01,3.436323e-02,2.550363e-02
1.636283e-03,1.875560e-03,2.842331e-03,3.595585e-02,2.918970e-02,1.123338e-03,2.244906e-03,9.554198e-02,4.357485e-02,1.878529e-01,3.179847e-02,1.047150e-01,3.510059e-01,3.738580e-02,7.325719e-02
1.461010e-03,2.025470e-03,2.966765e-03,3.039311e-02,5.190164e-02,1.041863e-03,3.227633e-03,6.775714e-02,8.176545e-02,1.640217e-01,3.739583e-02,9.421674e-02,3.081002e-01,3.153568e-02,1.221898e-01
1.575623e-03,1.971683e-03,6.962824e-03,2.441558e-02,1.240532e-01,1.305706e-03,7.062592e-03,6.129741e-02,1.054090e-01,1.196576e-01,4.556347e-02,7.015200e-02,2.561187e-01,2.409261e-02,1.503620e-01
1.873418e-03,1.918555e-03,1.252833e-02,1.846337e-02,2.430376e-01,1.803011e-03,8.300685e-03,4.575147e-02,1.294826e-01,8.730114e-02,4.111568e-02,5.094961e-02,2.081940e-01,1.794833e-02,1.313321e-01
2.342063e-03,5.531258e-03,1.462793e-02,1.579191e-02,2.839240e-01,3.175934e-03,8.519722e-03,3.494831e-02,2.199652e-01,6.330115e-02,3.020251e-02,3.601078e-02,1.502339e-01,1.301837e-02,1.184070e-01
4.285264e-03,8.822346e-03,1.651959e-02,1.463416e-02,3.658175e-01,5.286025e-03,9.841924e-03,2.853846e-02,2.387954e-01,4.677458e-02,2.215646e-02,2.548986e-02,1.079538e-01,9.326802e-03,9.575793e-02
8.842752e-03,9.023050e-03,1.741499e-02,8.558004e-02,4.115619e-01,5.379250e-03,9.414732e-03,5.817975e-02,1.765250e-01,3.303447e-02,1.625155e-02,1.833145e-02,7.653837e-02,6.570607e-03,6.735209e-02
1.197254e-02,1.209974e-02,1.172182e-01,1.512104e-01,3.354391e-01,1.223066e-02,7.917692e-03,4.443084e-02,1.411587e-01,2.504648e-02,1.646916e-02,1.461444e-02,5.602315e-02,4.671148e-03,4.949782e-02
1.565301e-02,2.093312e-02,1.170556e-01,1.335366e-01,2.641972e-01,1.103616e-02,7.740666e-03,3.363505e-02,2.298247e-01,2.409353e-02,3.559362e-02,1.281016e-02,4.245685e-02,3.351413e-03,4.808227e-02
1.348348e-02,3.430775e-02,1.715752e-01,1.461660e-01,2.052790e-01,8.641331e-03,6.032991e-03,2.669710e-02,2.422082e-01,2.268762e-02,3.787066e-02,9.888393e-03,3.168995e-02,2.385739e-03,4.108648e-02
1.749949e-02,4.117627e-02,1.338620e-01,1.141213e-01,1.891319e-01,8.863565e-03,5.769190e-03,2.346684e-02,2.949776e-01,2.685560e-02,3.600504e-02,8.000052e-03,2.371462e-02,1.818437e-03,7.473801e-02
1.735550e-02,8.016560e-02,1.035065e-01,8.855954e-02,1.530471e-01,8.778391e-03,4.701449e-03,1.772534e-02,2.975156e-01,4.467571e-02,3.486639e-02,6.084860e-03,1.730382e-02,1.373199e-03,1.243410e-01
1.543315e-02,1.153987e-01,8.475427e-02,1.062979e-01,1.163960e-01,7.987279e-03,3.834720e-03,1.304970e-02,3.395748e-01,4.307469e-02,3.111159e-02,5.555878e-03,1.577076e-02,1.110216e-03,1.006505e-01
2.519397e-02,1.210840e-01,6.250241e-02,1.173459e-01,9.162536e-02,9.621747e-03,3.800004e-03,1.006633e-02,3.366642e-01,4.210546e-02,2.895175e-02,4.626248e-03,5.889746e-02,1.087117e-03,8.642807e-02
4.128306e-02,1.076399e-01,4.566714e-02,9.192605e-02,7.894757e-02,1.239649e-02,4.318004e-03,1.469036e-02,2.834418e-01,3.309289e-02,2.606963e-02,3.597935e-03,1.198429e-01,1.023624e-03,1.360627e-01
1.091165e-01,8.808569e-02,3.443581e-02,6.925603e-02,7.927647e-02,2.486572e-02,4.051020e-03,1.829609e-02,2.290666e-01,3.234188e-02,2.051656e-02,3.285588e-03,1.382646e-01,2.243411e-03,1.468981e-01
8.515926e-02,1.125495e-01,3.218749e-02,8.884668e-02,5.897531e-02,2.074029e-02,3.126669e-03,1.500421e-02,2.179755e-01,4.696554e-02,2.423926e-02,6.700677e-03,1.192070e-01,2.734893e-03,1.655876e-01
8.121758e-02,8.547425e-02,2.453160e-02,8.261865e-02,4.283183e-02,1.777391e-02,2.635764e-03,1.233433e-02,1.796761e-01,1.241486e-01,4.729128e-02,1.228445e-02,1.439272e-01,4.570099e-03,1.386844e-01
6.919615e-02,8.025943e-02,2.144690e-02,1.190685e-01,3.306006e-02,1.491538e-02,2.165585e-03,1.041263e-02,2.417869e-01,9.259360e-02,5.441373e-02,1.213429e-02,1.336808e-01,4.802910e-03,1.100632e-01
6.132682e-02,6.358230e-02,1.799769e-02,1.022006e-01,2.597508e-02,1.252702e-02,1.992964e-03,8.696886e-03,2.092946e-01,7.047535e-02,6.782307e-02,1.998329e-02,1.864186e-01,1.326999e-02,1.384357e-01
4.645601e-02,4.643872e-02,1.289084e-02,7.544245e-02,2.802426e-02,9.599050e-03,2.182452e-03,6.347068e-03,2.985587e-01,5.092898e-02,1.108504e-01,2.068038e-02,1.750048e-01,1.033463e-02,1.062613e-01
3.324909e-02,3.323657e-02,9.138899e-03,5.681583e-02,9.926657e-02,7.462451e-03,1.732324e-03,4.544553e-03,4.154737e-01,3.587301e-02,8.039653e-02,1.555946e-02,1.240471e-01,7.726462e-03,7.547734e-02
3.069051e-02,2.672729e-02,6.769980e-03,4.778555e-02,8.472940e-02,1.602829e-02,1.699844e-03,3.534363e-03,4.875668e-01,2.605604e-02,8.347566e-02,1.727348e-02,1.054615e-01,6.937122e-03,5.526418e-02
3.550138e-02,2.265002e-02,5.383469e-03,4.181629e-02,6.604902e-02,4.488568e-02,1.369814e-03,2.632316e-03,4.168538e-01,1.946637e-02,1.238886e-01,4.124409e-02,1.282953e-01,6.445129e-03,4.351866e-02
3.505296e-02,2.444834e-02,5.543990e-03,6.057009e-02,6.109715e-02,3.405228e-02,1.146304e-03,2.873482e-03,4.108496e-01,1.605997e-02,1.198161e-01,3.763954e-02,1.401522e-01,6.466435e-03,4.423159e-02
3.741625e-02,2.479219e-02,5.760760e-03,5.840500e-02,4.856088e-02,2.655156e-02,1.117304e-03,3.020551e-03,3.495632e-01,1.677405e-02,1.040689e-01,4.033495e-02,1.833772e-01,1.165095e-02,8.860636e-02
3.447124e-02,3.042269e-02,5.216716e-03,4.700604e-02,4.843097e-02,2.011693e-02,1.389464e-03,2.717052e-03,4.115174e-01,1.391142e-02,1.055880e-01,4.382240e-02,1.594895e-01,9.900000e-03,6.600026e-02
5.814583e-02,2.874432e-02,7.406374e-03,7.329844e-02,8.207706e-02,1.632814e-02,2.296307e-03,4.860183e-03,4.103517e-01,1.090903e-02,8.338872e-02,3.721842e-02,1.221294e-01,9.723958e-03,5.312213e-02
5.923228e-02,3.124934e-02,9.627482e-03,6.129747e-02,8.861371e-02,2.199060e-02,4.490062e-03,5.227734e-03,4.155751e-01,8.105247e-03,6.597996e-02,3.742066e-02,1.109671e-01,1.723161e-02,6.299160e-02
6.524341e-02,2.738511e-02,1.104240e-02,5.194490e-02,8.360904e-02,2.199593e-02,4.436847e-03,7.009389e-03,3.673757e-01,6.125171e-03,5.652894e-02,6.481934e-02,1.717539e-01,1.324784e-02,4.748199e-02
5.464564e-02,2.436771e-02,1.221381e-02,4.436092e-02,8.342315e-02,1.902979e-02,4.103264e-03,6.733597e-03,3.145167e-01,4.670459e-03,4.869825e-02,5.091587e-02,2.835428e-01,1.034922e-02,3.842884e-02
5.059959e-02,2.080313e-02,1.145529e-02,3.395806e-02,6.911324e-02,1.639510e-02,3.688796e-03,9.741474e-03,2.455035e-01,4.346435e-03,4.869978e-02,4.341827e-02,3.969997e-01,9.924995e-03,3.535270e-02
5.321737e-02,2.491273e-02,3.428147e-02,8.846800e-02,7.093606e-02,1.769687e-02,3.728721e-03,1.847332e-02,2.210419e-01,5.876107e-03,4.280712e-02,3.812004e-02,3.378143e-01,1.012213e-02,3.250392e-02
4.278139e-02,2.026197e-02,3.274986e-02,1.195807e-01,7.658752e-02,1.555122e-02,4.317305e-03,2.177578e-02,1.918136e-01,6.271541e-03,6.611528e-02,3.154407e-02,3.297073e-01,8.717708e-03,3.222478e-02
4.775900e-02,1.717216e-02,2.932352e-02,1.207886e-01,7.829737e-02,1.480398e-02,5.430762e-03,2.077163e-02,1.600555e-01,6.393740e-03,7.250382e-02,2.579419e-02,3.582626e-01,7.333260e-03,3.530984e-02
4.912391e-02,1.454954e-02,2.527874e-02,9.066480e-02,8.345540e-02,1.262810e-02,8.480602e-03,2.047941e-02,1.288182e-01,6.105605e-03,7.439782e-02,2.048206e-02,3.756448e-01,6.685300e-03,8.320580e-02
6.318605e-02,1.253624e-02,1.994207e-02,6.622445e-02,6.960972e-02,1.032904e-02,7.181787e-03,1.816995e-02,9.894556e-02,5.290975e-03,8.953519e-02,2.143814e-02,4.184906e-01,8.184689e-03,9.093556e-02
6.894758e-02,1.157647e-02,1.452617e-02,5.050035e-02,5.653867e-02,1.208948e-02,5.343690e-03,1.344697e-02,7.611309e-02,8.859502e-03,1.704879e-01,4.048526e-02,3.645763e-01,2.082788e-02,8.568075e-02
5.634551e-02,9.641247e-03,1.050806e-02,3.654355e-02,4.542368e-02,1.028235e-02,3.814689e-03,9.746457e-03,5.930355e-02,8.875855e-03,2.961805e-01,3.653757e-02,3.117433e-01,3.446657e-02,7.058707e-02
4.381271e-02,8.888127e-03,8.174387e-03,2.764557e-02,3.522925e-02,8.623902e-03,2.751083e-03,7.046390e-03,6.554367e-02,9.444419e-03,3.832715e-01,3.577992e-02,2.493081e-01,6.314242e-02,5.133857e-02
3.160558e-02,7.932631e-03,1.219852e-02,1.965141e-02,2.810121e-02,6.175397e-03,1.941161e-03,5.089220e-03,5.105739e-02,7.633414e-03,5.142709e-01,3.058903e-02,1.858162e-01,6.069833e-02,3.723960e-02
2.466175e-02,8.888892e-03,1.556148e-02,1.435553e-02,2.140378e-02,6.591393e-03,1.429694e-03,3.920714e-03,8.658382e-02,1.353855e-02,4.839808e-01,2.474203e-02,1.426733e-01,1.020286e-01,4.963975e-02
2.016464e-02,8.660633e-03,1.050298e-01,1.261136e-02,1.587516e-02,6.040737e-03,1.133195e-03,3.314469e-03,8.841741e-02,1.125498e-02,4.145165e-01,1.812888e-02,1.023061e-01,1.456228e-01,4.692347e-02
2.064577e-02,8.423530e-03,2.501848e-01,3.947317e-02,1.284239e-02,6.400172e-03,9.434867e-04,2.580807e-03,7.505967e-02,9.933126e-03,3.223322e-01,1.310150e-02,7.302656e-02,1.253262e-01,3.972659e-02
2.614328e-02,9.501568e-03,3.709186e-01,4.131624e-02,1.217157e-02,6.590155e-03,9.048150e-04,2.629675e-03,6.159046e-02,8.921102e-03,2.482232e-01,9.510729e-03,5.210184e-02,1.089880e-01,4.048870e-02
5.076735e-02,1.010101e-02,3.965775e-01,3.295111e-02,1.075829e-02,6.855899e-03,7.744909e-04,2.371877e-03,5.838107e-02,1.508498e-02,2.080256e-01,7.344090e-03,3.765657e-02,1.294749e-01,3.287524e-02
6.886578e-02,1.099887e-02,3.076669e-01,2.587280e-02,1.111897e-02,7.963071e-03,6.756404e-04,7.131388e-03,6.584847e-02,1.830779e-02,1.797501e-01,6.077407e-03,2.883845e-02,2.329786e-01,2.790583e-02
7.374308e-02,1.531970e-02,2.781340e-01,1.012297e-01,1.091042e-02,6.493850e-03,7.297003e-04,6.816882e-03,7.616659e-02,2.399894e-02,1.459492e-01,7.516170e-03,2.752901e-02,1.943436e-01,3.111910e-02
7.554580e-02,1.853151e-02,2.611551e-01,2.053855e-01,9.545523e-03,5.574441e-03,6.362137e-04,5.526180e-03,6.630167e-02,2.531573e-02,1.237437e-01,6.882059e-03,2.358961e-02,1.417149e-01,3.055207e-02
9.133977e-02,1.745363e-02,2.269309e-01,1.474703e-01,9.571124e-03,7.449110e-03,5.334079e-04,5.313213e-03,7.493911e-02,2.581705e-02,9.751463e-02,5.888884e-03,2.058389e-02,2.020722e-01,6.712284e-02
8.282262e-02,1.922787e-02,2.535899e-01,1.423229e-01,1.484211e-02,9.799875e-03,6.636082e-04,6.096471e-03,7.442418e-02,3.103502e-02,8.396219e-02,6.887204e-03,2.202557e-02,1.902060e-01,6.209446e-02
1.451365e-01,2.377176e-02,2.107145e-01,1.244044e-01,1.628977e-02,1.898904e-02,1.563352e-03,6.419428e-03,7.160730e-02,2.614825e-02,7.392547e-02,1.614059e-02,2.065223e-02,1.774750e-01,6.676246e-02
2.303830e-01,2.675939e-02,1.556048e-01,1.097679e-01,2.227023e-02,2.070160e-02,2.188497e-03,7.445294e-03,8.190976e-02,2.436904e-02,6.522949e-02,1.883367e-02,1.993871e-02,1.493182e-01,6.528032e-02
3.324580e-01,2.881823e-02,1.138317e-01,8.636089e-02,2.044250e-02,2.140854e-02,2.071344e-03,7.430222e-03,8.603209e-02,2.067076e-02,5.623393e-02,1.681106e-02,1.811427e-02,1.208083e-01,6.850814e-02
3.771387e-01,3.041918e-02,8.579797e-02,7.493479e-02,1.858041e-02,1.986874e-02,2.037852e-03,6.945564e-03,9.051549e-02,1.972307e-02,4.629056e-02,2.079579e-02,1.813427e-02,1.059858e-01,8.283174e-02
3.868066e-01,2.790653e-02,6.548298e-02,5.624729e-02,1.513127e-02,1.754648e-02,1.939022e-03,7.386761e-03,1.008901e-01,2.169905e-02,3.693254e-02,1.732758e-02,1.701376e-02,9.112974e-02,1.365603e-01
3.894787e-01,2.392437e-02,5.764417e-02,4.420368e-02,1.278721e-02,1.611081e-02,2.952076e-03,9.097060e-03,1.070528e-01,2.476496e-02,2.904236e-02,1.395622e-02,1.407910e-02,8.906506e-02,1.658415e-01
3.420031e-01,2.281545e-02,6.797115e-02,4.178439e-02,1.020026e-02,1.294799e-02,2.885209e-03,8.091287e-03,1.644375e-01,3.164143e-02,2.352256e-02,1.069055e-02,1.154726e-02,7.065503e-02,1.788069e-01
2.982875e-01,1.799283e-02,5.539529e-02,3.244274e-02,8.433374e-03,1.407943e-02,2.321610e-03,6.814521e-03,1.688841e-01,3.426824e-02,1.914031e-02,8.062032e-03,9.722017e-03,7.080987e-02,2.533462e-01
2.190406e-01,1.673730e-02,4.033937e-02,2.344311e-02,6.283321e-03,1.175653e-02,1.793979e-03,5.734535e-03,3.084587e-01,5.087854e-02,1.416257e-02,5.834533e-03,7.617170e-03,5.496435e-02,2.329555e-01
1.613266e-01,1.365120e-02,3.058613e-02,1.912217e-02,4.619887e-03,9.087833e-03,1.394732e-03,7.316293e-03,4.321394e-01,5.285661e-02,1.143046e-02,4.212783e-03,6.297985e-03,4.239905e-02,2.035588e-01
1.194136e-01,1.811837e-02,2.835316e-02,1.624185e-02,3.410579e-03,6.569718e-03,1.046492e-03,8.295493e-03,5.156474e-01,4.185911e-02,9.170931e-03,3.063903e-03,5.192187e-03,3.145591e-02,1.921612e-01
8.409988e-02,1.366721e-02,2.284939e-02,1.164813e-02,2.399160e-03,4.680236e-03,7.438535e-04,6.034382e-03,5.893881e-01,3.308915e-02,7.188836e-03,2.353161e-03,5.738515e-03,2.245250e-02,1.936675e-01
5.922082e-02,1.007128e-02,1.667701e-02,8.392704e-03,1.706352e-03,3.376145e-03,5.321816e-04,4.534551e-03,4.388416e-01,2.342191e-02,6.404587e-03,1.709003e-03,6.279070e-03,1.595858e-02,4.028742e-01
4.179779e-02,7.833991e-03,1.271393e-02,6.094495e-03,1.254824e-03,2.447461e-03,3.776897e-04,3.285110e-03,3.500947e-01,1.675785e-02,4.776570e-03,1.278890e-03,5.953945e-03,1.186049e-02,5.334723e-01
2.976718e-02,6.986088e-03,1.322238e-02,4.882526e-03,1.055921e-03,1.817141e-03,2.769576e-04,2.670737e-03,3.126071e-01,1.228146e-02,4.534731e-03,1.022450e-03,7.638128e-03,1.027550e-02,5.909618e-01
2.171697e-02,1.963710e-02,3.291453e-02,8.196818e-03,1.199312e-03,1.488386e-03,2.542956e-04,2.047394e-03,3.957850e-01,1.339979e-02,6.690339e-03,3.587964e-03,2.089680e-02,1.038826e-02,4.617970e-01
1.624005e-02,1.581792e-02,2.686668e-02,6.081304e-03,1.157176e-03,1.530913e-03,2.294079e-04,1.675764e-03,2.855618e-01,1.612749e-02,9.175447e-03,3.879827e-03,2.177773e-02,3.294918e-02,5.609294e-01
1.471997e-02,1.225909e-02,2.169236e-02,4.722989e-03,2.286808e-03,1.776942e-03,2.054284e-04,1.355190e-03,2.026169e-01,2.029458e-02,1.041462e-02,3.113528e-03,1.917336e-02,4.847960e-02,6.368887e-01
1.098377e-02,9.002978e-03,1.598025e-02,3.513949e-03,1.839048e-03,1.647344e-03,1.598626e-04,1.015874e-03,1.437926e-01,1.766838e-02,3.161194e-02,2.651744e-03,1.768195e-02,4.835743e-02,6.940930e-01
7.922656e-03,6.956848e-03,1.165076e-02,2.703386e-03,1.402277e-03,1.467263e-03,1.189654e-04,7.550332e-04,1.035791e-01,1.535946e-02,2.783331e-02,2.044672e-03,1.394332e-02,4.459627e-02,7.596668e-01
6.160282e-03,6.401074e-03,9.994990e-03,2.387593e-03,1.232359e-03,2.916665e-03,9.675822e-05,5.538314e-04,1.063675e-01,4.749774e-02,2.415946e-02,2.525862e-03,1.487571e-02,3.452427e-02,7.403060e-01
4.787518e-03,4.932120e-03,8.187247e-03,2.588762e-03,1.266803e-03,1.698892e-02,1.164322e-04,4.678219e-04,7.775390e-02,9.149796e-02,3.473221e-02,3.695839e-03,2.658013e-02,2.646361e-02,6.999408e-01
5.747706e-03,4.806755e-03,8.893320e-03,2.961537e-03,1.168843e-03,2.903661e-02,4.457847e-04,5.633997e-04,6.581131e-02,9.384884e-02,8.102949e-02,1.082001e-02,4.568495e-02,2.417081e-02,6.250107e-01
4.772728e-03,3.840104e-03,9.878432e-03,4.487289e-03,1.096421e-03,2.674873e-02,4.255631e-04,4.473732e-04,5.998440e-02,1.063528e-01,1.048061e-01,7.667336e-02,8.669477e-02,2.160729e-02,4.921846e-01
4.172174e-03,2.870048e-03,9.302521e-03,4.001126e-03,2.545954e-03,1.941288e-02,6.106733e-04,1.459270e-03,4.377950e-02,8.293617e-02,2.234496e-01,9.139970e-02,7.855034e-02,2.319747e-02,4.123125e-01
6.872870e-03,2.080733e-02,6.661157e-02,3.809826e-03,5.876874e-03,1.834226e-02,1.005840e-03,3.189895e-03,4.928613e-02,8.272567e-02,2.598994e-01,8.161822e-02,6.056036e-02,4.400766e-02,2.953861e-01
7.965468e-03,5.234954e-02,7.853889e-02,1.798167e-02,1.715511e-02,2.127915e-02,2.517494e-03,7.929804e-03,1.614709e-01,6.199672e-02,1.960825e-01,6.327739e-02,4.703160e-02,5.071368e-02,2.137102e-01
8.294806e-03,6.798567e-02,6.333514e-02,1.804256e-02,3.614853e-02,3.119385e-02,4.679285e-03,1.047047e-02,2.716795e-01,4.673419e-02,1.463154e-01,5.118420e-02,4.545349e-02,4.439213e-02,1.540908e-01
7.245067e-03,9.114690e-02,4.932503e-02,3.831849e-02,4.362492e-02,3.707589e-02,4.405526e-03,1.599818e-02,3.209761e-01,3.536344e-02,1.153751e-01,4.069940e-02,5.341401e-02,3.165416e-02,1.153778e-01
7.192327e-03,7.116613e-02,3.891403e-02,4.184758e-02,5.491918e-02,3.969820e-02,7.253537e-03,2.860988e-02,3.068429e-01,3.049001e-02,1.216839e-01,4.230252e-02,9.523664e-02,2.481940e-02,8.902384e-02
7.878836e-03,7.212985e-02,3.702420e-02,1.887198e-01,4.557857e-02,3.113285e-02,5.500772e-03,4.182794e-02,2.598535e-01,2.344751e-02,1.001201e-01,3.044060e-02,7.324301e-02,1.777876e-02,6.532381e-02
1.230773e-02,5.432042e-02,3.339299e-02,1.636149e-01,4.752675e-02,3.356119e-02,5.033013e-03,3.169930e-02,2.084167e-01,1.851480e-02,1.007914e-01,4.270161e-02,1.600278e-01,3.028808e-02,5.780341e-02
2.563746e-02,4.263320e-02,2.588978e-02,1.219058e-01,4.091249e-02,2.678612e-02,5.020872e-03,2.433785e-02,1.657636e-01,1.429645e-02,9.138285e-02,7.134368e-02,2.682382e-01,3.097415e-02,4.487766e-02
2.572931e-02,3.344136e-02,2.212339e-02,1.011459e-01,3.879240e-02,2.063103e-02,4.328024e-03,1.953712e-02,1.311003e-01,1.040799e-02,7.504215e-02,9.181878e-02,3.698815e-01,2.302717e-02,3.299363e-02
3.252403e-02,2.453667e-02,1.672108e-02,7.350731e-02,3.794175e-02,1.567286e-02,4.124688e-03,1.970727e-02,1.096464e-01,7.518523e-03,6.917430e-02,8.494762e-02,4.620925e-01,1.755869e-02,2.432639e-02
2.657094e-02,1.765640e-02,1.230621e-02,5.341647e-02,2.985634e-02,1.469065e-02,4.738509e-03,2.314617e-02,8.641502e-02,5.592607e-03,5.868948e-02,7.248809e-02,5.643820e-01,1.252498e-02,1.752623e-02
2.923786e-02,1.303566e-02,1.172898e-02,4.330260e-02,2.982374e-02,1.829453e-02,7.153678e-03,1.006632e-01,7.916557e-02,4.213067e-03,4.807336e-02,6.261738e-02,5.310838e-01,8.877899e-03,1.272877e-02
5.465751e-02,1.034441e-02,1.383650e-02,3.431597e-02,3.248230e-02,6.433823e-02,1.593944e-02,1.406097e-01,8.772297e-02,3.337095e-03,3.807239e-02,5.175168e-02,4.367708e-01,6.310560e-03,9.510516e-03
9.262797e-02,9.719404e-03,1.727669e-02,3.335099e-02,3.856956e-02,1.226576e-01,2.131948e-02,1.178017e-01,8.924831e-02,2.675395e-03,2.853112e-02,4.230837e-02,3.716571e-01,4.494843e-03,7.761469e-03
9.300527e-02,1.084835e-02,1.595036e-02,3.552442e-02,4.081836e-02,1.630755e-01,1.788865e-02,9.547725e-02,1.145544e-01,3.237577e-03,2.260287e-02,4.182638e-02,3.328737e-01,3.336578e-03,8.980334e-03
7.248317e-02,1.302906e-02,1.320387e-02,3.217970e-02,3.727894e-02,1.578605e-01,1.455309e-02,8.214761e-02,1.189861e-01,3.909727e-03,2.114825e-02,3.858661e-02,3.796794e-01,2.788571e-03,1.216545e-02
6.561965e-02,1.493087e-02,1.767914e-02,3.171460e-02,4.904027e-02,1.166530e-01,1.351031e-02,1.260370e-01,1.220077e-01,3.685449e-03,3.720847e-02,3.596760e-02,3.308544e-01,2.529174e-03,3.256242e-02
6.883949e-02,1.185731e-02,2.089885e-02,2.689095e-02,5.711966e-02,8.363836e-02,1.379874e-02,2.339990e-01,9.589170e-02,4.087508e-03,4.576245e-02,2.904541e-02,2.571378e-01,2.206468e-03,4.882633e-02
8.327159e-02,1.117690e-02,2.105810e-02,2.208115e-02,5.697852e-02,7.106459e-02,1.582805e-02,2.305651e-01,7.757068e-02,3.503924e-03,3.468625e-02,3.623055e-02,2.814133e-01,2.048496e-03,5.252278e-02
1.225725e-01,1.208167e-02,2.071229e-02,3.106369e-02,6.362464e-02,6.673432e-02,1.800485e-02,2.457079e-01,6.065305e-02,2.791405e-03,2.746360e-02,5.097159e-02,2.357703e-01,1.623030e-03,4.022512e-02
1.188496e-01,9.959647e-03,1.699032e-02,3.480770e-02,6.148783e-02,5.421384e-02,1.605576e-02,3.183951e-01,5.119340e-02,2.330001e-03,2.092515e-02,4.106687e-02,2.211941e-01,1.419536e-03,3.111121e-02
1.025275e-01,1.080338e-02,2.302426e-02,2.954397e-02,1.866019e-01,4.198270e-02,4.478190e-02,2.423408e-01,4.917008e-02,1.898144e-03,1.567903e-02,3.018587e-02,1.936795e-01,1.244345e-03,2.653667e-02
9.887023e-02,1.258643e-02,3.171059e-02,2.740047e-02,2.731253e-01,3.289727e-02,6.780673e-02,1.796756e-01,4.740299e-02,1.571395e-03,1.269248e-02,2.385493e-02,1.692626e-01,1.049567e-03,2.009343e-02
8.715419e-02,1.446248e-02,2.679463e-02,2.413282e-02,3.856135e-01,2.576786e-02,9.713005e-02,1.307010e-01,4.302537e-02,1.194677e-03,9.455820e-03,1.748068e-02,1.216482e-01,8.519278e-04,1.458681e-02
8.139753e-02,1.659647e-02,2.246835e-02,2.073427e-02,4.678470e-01,2.084536e-02,1.053091e-01,9.284459e-02,5.064093e-02,8.918103e-04,7.399206e-03,1.295878e-02,8.842369e-02,7.311748e-04,1.091172e-02
6.359597e-02,7.005027e-02,2.809581e-02,1.218726e-01,4.049749e-01,1.876563e-02,7.846873e-02,6.808699e-02,4.969849e-02,1.339443e-03,6.072692e-03,1.065643e-02,6.256812e-02,5.491257e-04,1.520481e-02
7.135347e-02,6.409630e-02,2.127620e-02,9.974224e-02,4.590330e-01,1.740133e-02,6.373583e-02,5.275476e-02,6.216880e-02,1.153743e-03,4.671754e-03,8.767874e-03,6.161924e-02,4.374668e-04,1.178805e-02
5.731807e-02,9.578472e-02,2.247497e-02,1.308775e-01,4.515226e-01,2.390567e-02,6.017280e-02,4.170130e-02,4.943811e-02,1.063341e-03,3.554705e-03,7.361261e-03,4.548986e-02,3.342410e-04,9.000811e-03
4.050480e-02,6.720489e-02,1.584446e-02,9.198852e-02,3.382144e-01,1.739248e-02,3.166308e-01,3.027795e-02,3.465505e-02,8.756943e-04,2.505088e-03,5.166214e-03,3.202847e-02,2.388421e-04,6.472321e-03
2.896867e-02,4.726774e-02,1.119512e-02,6.461064e-02,2.687621e-01,1.353332e-02,4.832874e-01,2.371133e-02,2.441615e-02,1.153196e-03,1.809231e-03,3.648050e-03,2.259323e-02,1.827180e-04,4.861074e-03
2.058921e-02,3.311266e-02,7.907536e-03,4.534599e-02,2.179324e-01,9.616408e-03,5.886247e-01,2.144203e-02,1.733883e-02,1.278337e-02,1.498250e-03,2.598464e-03,1.634670e-02,1.452094e-04,4.718245e-03
1.518193e-02,2.319699e-02,5.703198e-03,3.183933e-02,1.731961e-01,6.984245e-03,6.774658e-01,1.687126e-02,1.242843e-02,1.661771e-02,1.424073e-03,1.968084e-03,1.297257e-02,1.130237e-04,4.037197e-03
1.188508e-02,1.635879e-02,5.046073e-03,2.271656e-02,2.052792e-01,6.388074e-03,6.388015e-01,1.441986e-02,8.912818e-03,5.183076e-02,1.634516e-03,1.543700e-03,1.107244e-02,1.491858e-04,3.961412e-03
9.132249e-03,1.172640e-02,3.845579e-03,1.608165e-02,1.536594e-01,5.816732e-03,6.179938e-01,1.107985e-02,6.357186e-03,1.381916e-01,2.151599e-03,1.675768e-03,9.524371e-03,4.803185e-04,1.228358e-02
8.363150e-03,8.851980e-03,4.110840e-03,1.160531e-02,1.292681e-01,6.964801e-03,4.850274e-01,8.708044e-03,4.780390e-03,2.924483e-01,2.656005e-03,1.654165e-03,8.593920e-03,9.615737e-04,2.600600e-02
1.076612e-02,8.214084e-03,6.323182e-03,8.496761e-03,1.493509e-01,2.267957e-02,3.896639e-01,8.468527e-03,3.551043e-03,3.401759e-01,3.524827e-03,1.567395e-03,7.648520e-03,3.493189e-03,3.607602e-02
2.148109e-02,7.320014e-03,6.891797e-03,7.135330e-03,1.339073e-01,2.573098e-02,4.639812e-01,1.054068e-02,2.836429e-03,2.663341e-01,3.661250e-03,1.729425e-03,6.773829e-03,4.405004e-03,3.727158e-02
3.500982e-02,6.848212e-03,8.771710e-03,6.606970e-03,1.124107e-01,4.047192e-02,4.803774e-01,1.200293e-02,2.722224e-03,2.363354e-01,3.516802e-03,2.240005e-03,6.526393e-03,5.028050e-03,4.113145e-02
4.054778e-02,7.940560e-03,9.494703e-03,5.898505e-03,8.618073e-02,3.990200e-02,5.652569e-01,1.144466e-02,4.015081e-03,1.769941e-01,3.060347e-03,2.056432e-03,5.092536e-03,5.204150e-03,3.691149e-02
6.428523e-02,1.007790e-02,1.005458e-02,6.342181e-03,7.060754e-02,5.647633e-02,5.765347e-01,1.040407e-02,8.999063e-03,1.322400e-01,3.230219e-03,2.370482e-03,4.279155e-03,6.897075e-03,3.720135e-02
1.450374e-01,1.221252e-02,8.254396e-03,7.647372e-03,6.034695e-02,5.476626e-02,5.318801e-01,8.408667e-03,9.918677e-03,9.829824e-02,4.512021e-03,3.833149e-03,3.918250e-03,1.028388e-02,4.068199e-02
2.734468e-01,1.416073e-02,8.436246e-03,1.153690e-02,4.777383e-02,5.106424e-02,4.249972e-01,8.378828e-03,9.244858e-03,7.283169e-02,7.564689e-03,9.378538e-03,5.189229e-03,1.287673e-02,4.311942e-02
3.239435e-01,1.487540e-02,8.802684e-03,1.122809e-02,3.470192e-02,9.341913e-02,3.063143e-01,6.398674e-03,8.082483e-03,5.609908e-02,1.279302e-02,9.767286e-03,4.412304e-03,3.621528e-02,7.294678e-02
3.865324e-01,1.941332e-02,9.907655e-03,1.157593e-02,2.538482e-02,1.067028e-01,2.168463e-01,4.950029e-03,1.051405e-02,4.750848e-02,2.577517e-02,1.056571e-02,5.207147e-03,5.008970e-02,6.902645e-02
3.564444e-01,2.165038e-02,1.091240e-02,1.252990e-02,2.030202e-02,9.177432e-02,1.620295e-01,6.415022e-03,1.568327e-02,5.177677e-02,7.361196e-02,1.627019e-02,8.932494e-03,9.242008e-02,5.924733e-02
2.694509e-01,2.097913e-02,9.961300e-03,1.139413e-02,1.742105e-02,6.819099e-02,1.141260e-01,7.019402e-03,3.689277e-02,7.665440e-02,1.352123e-01,2.004092e-02,7.780094e-03,1.512407e-01,5.363594e-02
1.900766e-01,5.794566e-02,1.971815e-02,1.405929e-02,1.369286e-02,5.070265e-02,7.996521e-02,5.348785e-03,9.058531e-02,6.807238e-02,1.196060e-01,1.542848e-02,6.373106e-03,2.213304e-01,4.709516e-02
1.354766e-01,5.261362e-02,2.530413e-02,1.026799e-02,1.066660e-02,3.676218e-02,5.607887e-02,4.293924e-03,8.492459e-02,6.425936e-02,9.669419e-02,1.134204e-02,5.013835e-03,3.622515e-01,4.405054e-02
9.632380e-02,3.829744e-02,2.082187e-02,7.353239e-03,8.330170e-03,2.646605e-02,3.932841e-02,3.263704e-03,8.122388e-02,5.630282e-02,7.171544e-02,8.217151e-03,3.674088e-03,4.939888e-01,4.469318e-02
7.229465e-02,3.379204e-02,3.226109e-02,5.964256e-03,6.893244e-03,2.264388e-02,2.775965e-02,3.229026e-03,7.127881e-02,7.261494e-02,5.596600e-02,6.048044e-03,2.970434e-03,5.328718e-01,5.341223e-02
5.276427e-02,2.533951e-02,2.724640e-02,5.010666e-03,5.358243e-03,1.773849e-02,1.951485e-02,3.788383e-03,5.796319e-02,6.531703e-02,4.689151e-02,4.436113e-03,2.296893e-03,6.231103e-01,4.322425e-02
4.100643e-02,1.899040e-02,2.002470e-02,6.557652e-03,4.767756e-03,1.575904e-02,1.384263e-02,1.476112e-02,4.591477e-02,4.781156e-02,3.658567e-02,3.559503e-03,2.946605e-03,6.957628e-01,3.170950e-02
3.258118e-02,1.459247e-02,1.524227e-02,1.351958e-02,1.106562e-02,1.260488e-02,1.029247e-02,5.935734e-02,4.503061e-02,3.506003e-02,2.765425e-02,2.926685e-03,2.942410e-03,6.945758e-01,2.255451e-02
3.177324e-02,1.644124e-02,1.208873e-02,2.001392e-02,1.449635e-01,1.476228e-02,1.083692e-02,6.599790e-02,7.081891e-02,2.517177e-02,2.004612e-02,2.219758e-03,3.601877e-03,5.451719e-01,1.609205e-02
3.093559e-02,1.460180e-02,1.290539e-02,1.173681e-01,2.002919e-01,1.445524e-02,1.059845e-02,7.624037e-02,6.232205e-02,1.811669e-02,1.462537e-02,1.623110e-03,3.794143e-03,4.104441e-01,1.167774e-02
