1.000000e+00,0.000000e+00,0.000000e+00,0.000000e+00,0.000000e+00,0.000000e+00,0.000000e+00,0.000000e+00,0.000000e+00,0.000000e+00,0.000000e+00,0.000000e+00,0.000000e+00,0.000000e+00,0.000000e+00
1.000000e+00,0.000000e+00,0.000000e+00,0.000000e+00,0.000000e+00,0.000000e+00,0.000000e+00,0.000000e+00,0.000000e+00,0.000000e+00,0.000000e+00,0.000000e+00,0.000000e+00,0.000000e+00,0.000000e+00
1.000000e+00,0.000000e+00,0.000000e+00,0.000000e+00,0.000000e+00,0.000000e+00,0.000000e+00,0.000000e+00,0.000000e+00,0.000000e+00,0.000000e+00,0.000000e+00,0.000000e+00,0.000000e+00,0.000000e+00
1.000000e+00,0.000000e+00,0.000000e+00,0.000000e+00,0.000000e+00,0.000000e+00,0.000000e+00,0.000000e+00,0.000000e+00,0.000000e+00,0.000000e+00,0.000000e+00,0.000000e+00,0.000000e+00,0.000000e+00
1.000000e+00,0.000000e+00,0.000000e+00,0.000000e+00,0.000000e+00,0.000000e+00,0.000000e+00,0.000000e+00,0.000000e+00,0.000000e+00,0.000000e+00,0.000000e+00,0.000000e+00,0.000000e+00,0.000000e+00
1.000000e+00,0.000000e+00,0.000000e+00,0.000000e+00,0.000000e+00,0.000000e+00,0.000000e+00,0.000000e+00,0.000000e+00,0.000000e+00,0.000000e+00,0.000000e+00,0.000000e+00,0.000000e+00,0.000000e+00
1.000000e+00,0.000000e+00,0.000000e+00,0.000000e+00,0.000000e+00,0.000000e+00,0.000000e+00,0.000000e+00,0.000000e+00,0.000000e+00,0.000000e+00,0.000000e+00,0.000000e+00,0.000000e+00,0.000000e+00
1.000000e+00,0.000000e+00,0.000000e+00,0.000000e+00,0.000000e+00,0.000000e+00,0.000000e+00,0.000000e+00,0.000000e+00,0.000000e+00,0.000000e+00,0.000000e+00,0.000000e+00,0.000000e+00,0.000000e+00
1.000000e+00,0.000000e+00,0.000000e+00,0.000000e+00,0.000000e+00,0.000000e+00,0.000000e+00,0.000000e+00,0.000000e+00,0.000000e+00,0.000000e+00,0.000000e+00,0.000000e+00,0.000000e+00,0.000000e+00
1.000000e+00,0.000000e+00,0.000000e+00,0.000000e+00,0.000000e+00,0.000000e+00,0.000000e+00,0.000000e+00,0.000000e+00,0.000000e+00,0.000000e+00,0.000000e+00,0.000000e+00,0.000000e+00,0.000000e+00
1.000000e+00,0.000000e+00,0.000000e+00,0.000000e+00,0.000000e+00,0.000000e+00,0.000000e+00,0.000000e+00,0.000000e+00,0.000000e+00,0.000000e+00,0.000000e+00,0.000000e+00,0.000000e+00,0.000000e+00
1.000000e+00,0.000000e+00,0.000000e+00,0.000000e+00,0.000000e+00,0.000000e+00,0.000000e+00,0.000000e+00,0.000000e+00,0.000000e+00,0.000000e+00,0.000000e+00,0.000000e+00,0.000000e+00,0.000000e+00
1.000000e+00,0.000000e+00,0.000000e+00,0.000000e+00,0.000000e+00,0.000000e+00,0.000000e+00,0.000000e+00,0.000000e+00,0.000000e+00,0.000000e+00,0.000000e+00,0.000000e+00,0.000000e+00,0.000000e+00
1.000000e+00,0.000000e+00,0.000000e+00,0.000000e+00,0.000000e+00,0.000000e+00,0.000000e+00,0.000000e+00,0.000000e+00,0.000000e+00,0.000000e+00,0.000000e+00,0.000000e+00,0.000000e+00,0.000000e+00
1.000000e+00,0.000000e+00,0.000000e+00,0.000000e+00,0.000000e+00,0.000000e+00,0.000000e+00,0.000000e+00,0.000000e+00,0.000000e+00,0.000000e+00,0.000000e+00,0.000000e+00,0.000000e+00,0.000000e+00
1.000000e+00,0.000000e+00,0.000000e+00,0.000000e+00,0.000000e+00,0.000000e+00,0.000000e+00,0.000000e+00,0.000000e+00,0.000000e+00,0.000000e+00,0.000000e+00,0.000000e+00,0.000000e+00,0.000000e+00
1.000000e+00,0.000000e+00,0.000000e+00,0.000000e+00,0.000000e+00,0.000000e+00,0.000000e+00,0.000000e+00,0.000000e+00,0.000000e+00,0.000000e+00,0.000000e+00,0.000000e+00,0.000000e+00,0.000000e+00
1.000000e+00,0.000000e+00,0.000000e+00,0.000000e+00,0.000000e+00,0.000000e+00,0.000000e+00,0.000000e+00,0.000000e+00,0.000000e+00,0.000000e+00,0.000000e+00,0.000000e+00,0.000000e+00,0.000000e+00
1.000000e+00,0.000000e+00,0.000000e+00,0.000000e+00,0.000000e+00,0.000000e+00,0.000000e+00,0.000000e+00,0.000000e+00,0.000000e+00,0.000000e+00,0.000000e+00,0.000000e+00,0.000000e+00,0.000000e+00
1.000000e+00,0.000000e+00,0.000000e+00,0.000000e+00,0.000000e+00,0.000000e+00,0.000000e+00,0.000000e+00,0.000000e+00,0.000000e+00,0.000000e+00,0.000000e+00,0.000000e+00,0.000000e+00,0.000000e+00
1.000000e+00,0.000000e+00,0.000000e+00,0.000000e+00,0.000000e+00,0.000000e+00,0.000000e+00,0.000000e+00,0.000000e+00,0.000000e+00,0.000000e+00,0.000000e+00,0.000000e+00,0.000000e+00,0.000000e+00
1.000000e+00,0.000000e+00,0.000000e+00,0.000000e+00,0.000000e+00,0.000000e+00,0.000000e+00,0.000000e+00,0.000000e+00,0.000000e+00,0.000000e+00,0.000000e+00,0.000000e+00,0.000000e+00,0.000000e+00
1.000000e+00,0.000000e+00,0.000000e+00,0.000000e+00,0.000000e+00,0.000000e+00,0.000000e+00,0.000000e+00,0.000000e+00,0.000000e+00,0.000000e+00,0.000000e+00,0.000000e+00,0.000000e+00,0.000000e+00
1.000000e+00,0.000000e+00,0.000000e+00,0.000000e+00,0.000000e+00,0.000000e+00,0.000000e+00,0.000000e+00,0.000000e+00,0.000000e+00,0.000000e+00,0.000000e+00,0.000000e+00,0.000000e+00,0.000000e+00
1.000000e+00,0.000000e+00,0.000000e+00,0.000000e+00,0.000000e+00,0.000000e+00,0.000000e+00,0.000000e+00,0.000000e+00,0.000000e+00,0.000000e+00,0.000000e+00,0.000000e+00,0.000000e+00,0.000000e+00
1.000000e+00,0.000000e+00,0.000000e+00,0.000000e+00,0.000000e+00,0.000000e+00,0.000000e+00,0.000000e+00,0.000000e+00,0.000000e+00,0.000000e+00,0.000000e+00,0.000000e+00,0.000000e+00,0.000000e+00
1.000000e+00,0.000000e+00,0.000000e+00,0.000000e+00,0.000000e+00,0.000000e+00,0.000000e+00,0.000000e+00,0.000000e+00,0.000000e+00,0.000000e+00,0.000000e+00,0.000000e+00,0.000000e+00,0.000000e+00
1.000000e+00,0.000000e+00,0.000000e+00,0.000000e+00,0.000000e+00,0.000000e+00,0.000000e+00,0.000000e+00,0.000000e+00,0.000000e+00,0.000000e+00,0.000000e+00,0.000000e+00,0.000000e+00,0.000000e+00
1.000000e+00,0.000000e+00,0.000000e+00,0.000000e+00,0.000000e+00,0.000000e+00,0.000000e+00,0.000000e+00,0.000000e+00,0.000000e+00,0.000000e+00,0.000000e+00,0.000000e+00,0.000000e+00,0.000000e+00
1.000000e+00,0.000000e+00,0.000000e+00,0.000000e+00,0.000000e+00,0.000000e+00,0.000000e+00,0.000000e+00,0.000000e+00,0.000000e+00,0.000000e+00,0.000000e+00,0.000000e+00,0.000000e+00,0.000000e+00
1.000000e+00,0.000000e+00,0.000000e+00,0.000000e+00,0.000000e+00,0.000000e+00,0.000000e+00,0.000000e+00,0.000000e+00,0.000000e+00,0.000000e+00,0.000000e+00,0.000000e+00,0.000000e+00,0.000000e+00
1.000000e+00,0.000000e+00,0.000000e+00,0.000000e+00,0.000000e+00,0.000000e+00,0.000000e+00,0.000000e+00,0.000000e+00,0.000000e+00,0.000000e+00,0.000000e+00,0.000000e+00,0.000000e+00,0.000000e+00
1.000000e+00,0.000000e+00,0.000000e+00,0.000000e+00,0.000000e+00,0.000000e+00,0.000000e+00,0.000000e+00,0.000000e+00,0.000000e+00,0.000000e+00,0.000000e+00,0.000000e+00,0.000000e+00,0.000000e+00
1.000000e+00,0.000000e+00,0.000000e+00,0.000000e+00,0.000000e+00,0.000000e+00,0.000000e+00,0.000000e+00,0.000000e+00,0.000000e+00,0.000000e+00,0.000000e+00,0.000000e+00,0.000000e+00,0.000000e+00
1.000000e+00,0.000000e+00,0.000000e+00,0.000000e+00,0.000000e+00,0.000000e+00,0.000000e+00,0.000000e+00,0.000000e+00,0.000000e+00,0.000000e+00,0.000000e+00,0.000000e+00,0.000000e+00,0.000000e+00
1.000000e+00,0.000000e+00,0.000000e+00,0.000000e+00,0.000000e+00,0.000000e+00,0.000000e+00,0.000000e+00,0.000000e+00,0.000000e+00,0.000000e+00,0.000000e+00,0.000000e+00,0.000000e+00,0.000000e+00
1.000000e+00,0.000000e+00,0.000000e+00,0.000000e+00,0.000000e+00,0.000000e+00,0.000000e+00,0.000000e+00,0.000000e+00,0.000000e+00,0.000000e+00,0.000000e+00,0.000000e+00,0.000000e+00,0.000000e+00
1.000000e+00,0.000000e+00,0.000000e+00,0.000000e+00,0.000000e+00,0.000000e+00,0.000000e+00,0.000000e+00,0.000000e+00,0.000000e+00,0.000000e+00,0.000000e+00,0.000000e+00,0.000000e+00,0.000000e+00
1.000000e+00,0.000000e+00,0.000000e+00,0.000000e+00,0.000000e+00,0.000000e+00,0.000000e+00,0.000000e+00,0.000000e+00,0.000000e+00,0.000000e+00,0.000000e+00,0.000000e+00,0.000000e+00,0.000000e+00
1.000000e+00,0.000000e+00,0.000000e+00,0.000000e+00,0.000000e+00,0.000000e+00,0.000000e+00,0.000000e+00,0.000000e+00,0.000000e+00,0.000000e+00,0.000000e+00,0.000000e+00,0.000000e+00,0.000000e+00
1.000000e+00,0.000000e+00,0.000000e+00,0.000000e+00,0.000000e+00,0.000000e+00,0.000000e+00,0.000000e+00,0.000000e+00,0.000000e+00,0.000000e+00,0.000000e+00,0.000000e+00,0.000000e+00,0.000000e+00
1.000000e+00,0.000000e+00,0.000000e+00,0.000000e+00,0.000000e+00,0.000000e+00,0.000000e+00,0.000000e+00,0.000000e+00,0.000000e+00,0.000000e+00,0.000000e+00,0.000000e+00,0.000000e+00,0.000000e+00
1.000000e+00,0.000000e+00,0.000000e+00,0.000000e+00,0.000000e+00,0.000000e+00,0.000000e+00,0.000000e+00,0.000000e+00,0.000000e+00,0.000000e+00,0.000000e+00,0.000000e+00,0.000000e+00,0.000000e+00
1.000000e+00,0.000000e+00,0.000000e+00,0.000000e+00,0.000000e+00,0.000000e+00,0.000000e+00,0.000000e+00,0.000000e+00,0.000000e+00,0.000000e+00,0.000000e+00,0.000000e+00,0.000000e+00,0.000000e+00
1.000000e+00,0.000000e+00,0.000000e+00,0.000000e+00,0.000000e+00,0.000000e+00,0.000000e+00,0.000000e+00,0.000000e+00,0.000000e+00,0.000000e+00,0.000000e+00,0.000000e+00,0.000000e+00,0.000000e+00
1.000000e+00,0.000000e+00,0.000000e+00,0.000000e+00,0.000000e+00,0.000000e+00,0.000000e+00,0.000000e+00,0.000000e+00,0.000000e+00,0.000000e+00,0.000000e+00,0.000000e+00,0.000000e+00,0.000000e+00
1.000000e+00,0.000000e+00,0.000000e+00,0.000000e+00,0.000000e+00,0.000000e+00,0.000000e+00,0.000000e+00,0.000000e+00,0.000000e+00,0.000000e+00,0.000000e+00,0.000000e+00,0.000000e+00,0.000000e+00
1.000000e+00,0.000000e+00,0.000000e+00,0.000000e+00,0.000000e+00,0.000000e+00,0.000000e+00,0.000000e+00,0.000000e+00,0.000000e+00,0.000000e+00,0.000000e+00,0.000000e+00,0.000000e+00,0.000000e+00
1.000000e+00,0.000000e+00,0.000000e+00,0.000000e+00,0.000000e+00,0.000000e+00,0.000000e+00,0.000000e+00,0.000000e+00,0.000000e+00,0.000000e+00,0.000000e+00,0.000000e+00,0.000000e+00,0.000000e+00
1.000000e+00,0.000000e+00,0.000000e+00,0.000000e+00,0.000000e+00,0.000000e+00,0.000000e+00,0.000000e+00,0.000000e+00,0.000000e+00,0.000000e+00,0.000000e+00,0.000000e+00,0.000000e+00,0.000000e+00
1.000000e+00,0.000000e+00,0.000000e+00,0.000000e+00,0.000000e+00,0.000000e+00,0.000000e+00,0.000000e+00,0.000000e+00,0.000000e+00,0.000000e+00,0.000000e+00,0.000000e+00,0.000000e+00,0.000000e+00
1.000000e+00,0.000000e+00,0.000000e+00,0.000000e+00,0.000000e+00,0.000000e+00,0.000000e+00,0.000000e+00,0.000000e+00,0.000000e+00,0.000000e+00,0.000000e+00,0.000000e+00,0.000000e+00,0.000000e+00
1.000000e+00,0.000000e+00,0.000000e+00,0.000000e+00,0.000000e+00,0.000000e+00,0.000000e+00,0.000000e+00,0.000000e+00,0.000000e+00,0.000000e+00,0.000000e+00,0.000000e+00,0.000000e+00,0.000000e+00
1.000000e+00,0.000000e+00,0.000000e+00,0.000000e+00,0.000000e+00,0.000000e+00,0.000000e+00,0.000000e+00,0.000000e+00,0.000000e+00,0.000000e+00,0.000000e+00,0.000000e+00,0.000000e+00,0.000000e+00
4.528346e-01,4.703160e-02,4.175324e-02,1.787232e-01,1.299703e-02,2.770902e-02,7.209295e-03,4.628531e-02,4.174771e-02,3.466337e-03,4.951060e-02,2.456364e-02,8.787384e-03,8.538030e-03,4.884309e-02
3.482465e-01,4.694385e-02,5.424311e-02,2.484831e-01,1.644197e-02,2.384095e-02,7.355602e-03,5.159955e-02,6.253123e-02,3.414812e-03,4.689513e-02,2.552745e-02,9.149079e-03,9.815778e-03,4.551196e-02
3.329339e-01,5.898323e-02,4.748113e-02,2.418935e-01,1.907144e-02,2.204815e-02,7.946515e-03,4.133018e-02,6.728683e-02,3.732266e-03,5.367010e-02,2.700245e-02,1.111290e-02,1.258376e-02,5.292363e-02
2.612553e-01,5.424832e-02,6.655394e-02,3.046458e-01,2.153670e-02,1.937664e-02,7.849742e-03,5.282845e-02,6.161445e-02,3.224918e-03,4.590904e-02,3.100964e-02,1.151264e-02,1.221295e-02,4.622149e-02
2.618974e-01,6.390861e-02,5.597033e-02,2.919114e-01,2.418291e-02,1.847801e-02,7.643252e-03,4.358451e-02,6.247607e-02,3.597078e-03,4.903540e-02,3.408851e-02,1.373630e-02,1.643782e-02,5.305253e-02
2.384122e-01,6.055234e-02,8.745789e-02,2.966986e-01,2.795436e-02,1.853457e-02,7.555593e-03,4.366828e-02,5.257673e-02,3.104797e-03,5.128937e-02,3.587178e-02,1.337045e-02,1.548509e-02,4.746801e-02
2.615239e-01,5.769233e-02,8.668843e-02,2.558993e-01,2.903120e-02,1.893441e-02,7.804045e-03,3.938475e-02,5.156993e-02,3.591378e-03,5.602796e-02,4.143234e-02,1.876236e-02,1.889220e-02,5.276549e-02
2.277776e-01,5.043235e-02,1.295522e-01,2.443146e-01,2.803774e-02,1.740642e-02,8.581163e-03,5.003082e-02,4.926506e-02,3.672771e-03,6.366692e-02,4.020243e-02,1.956331e-02,1.834365e-02,4.915291e-02
3.196179e-01,4.102787e-02,1.284951e-01,1.938384e-01,2.450884e-02,1.653889e-02,7.574433e-03,5.378662e-02,3.839877e-02,3.221650e-03,5.402443e-02,3.910789e-02,2.104724e-02,1.668406e-02,4.212797e-02
3.924769e-01,3.336778e-02,1.001282e-01,1.518057e-01,2.074257e-02,1.794223e-02,7.943557e-03,5.361418e-02,3.243209e-02,2.867632e-03,5.772137e-02,4.496088e-02,2.883103e-02,1.872152e-02,3.644433e-02
4.725764e-01,2.849372e-02,9.722223e-02,1.170412e-01,1.661744e-02,2.029216e-02,1.002912e-02,5.611671e-02,2.388361e-02,2.378200e-03,4.725669e-02,3.844423e-02,2.532924e-02,1.480129e-02,2.951772e-02
3.724353e-01,2.119897e-02,2.143432e-01,1.194571e-01,1.289121e-02,1.982637e-02,1.034059e-02,9.678948e-02,1.710002e-02,1.748102e-03,3.371764e-02,2.822381e-02,1.980019e-02,1.056051e-02,2.156747e-02
3.318832e-01,1.590132e-02,3.058146e-01,1.046415e-01,1.002866e-02,2.440816e-02,1.241446e-02,9.697622e-02,1.227526e-02,1.366438e-03,2.439797e-02,2.116487e-02,1.506009e-02,7.637403e-03,1.602987e-02
4.033836e-01,1.570315e-02,2.676989e-01,7.994277e-02,8.837985e-03,3.964609e-02,1.701946e-02,8.654360e-02,9.146801e-03,1.921851e-03,1.880562e-02,1.734656e-02,1.298002e-02,6.327712e-03,1.469588e-02
4.788471e-01,1.734732e-02,2.181500e-01,6.024417e-02,7.924846e-03,5.107557e-02,1.684247e-02,7.579948e-02,7.002207e-03,2.188528e-03,1.594991e-02,1.460580e-02,1.066989e-02,5.964885e-03,1.738774e-02
1.000000e+00,0.000000e+00,0.000000e+00,0.000000e+00,0.000000e+00,0.000000e+00,0.000000e+00,0.000000e+00,0.000000e+00,0.000000e+00,0.000000e+00,0.000000e+00,0.000000e+00,0.000000e+00,0.000000e+00
1.000000e+00,0.000000e+00,0.000000e+00,0.000000e+00,0.000000e+00,0.000000e+00,0.000000e+00,0.000000e+00,0.000000e+00,0.000000e+00,0.000000e+00,0.000000e+00,0.000000e+00,0.000000e+00,0.000000e+00
1.000000e+00,0.000000e+00,0.000000e+00,0.000000e+00,0.000000e+00,0.000000e+00,0.000000e+00,0.000000e+00,0.000000e+00,0.000000e+00,0.000000e+00,0.000000e+00,0.000000e+00,0.000000e+00,0.000000e+00
4.514098e-01,1.453791e-02,6.682560e-02,2.071104e-02,6.849039e-03,6.879212e-02,6.627406e-03,3.034469e-02,3.663639e-02,1.210290e-02,1.187404e-02,1.035247e-02,8.867143e-03,9.268726e-02,1.613822e-01
3.184045e-01,1.140292e-02,4.789331e-02,1.482724e-02,4.989716e-03,5.367528e-02,4.716701e-03,2.133614e-02,5.312362e-02,3.261391e-02,1.058237e-02,8.163722e-03,8.784731e-03,1.579146e-01,2.515712e-01
2.264069e-01,8.953884e-03,3.376259e-02,1.046666e-02,3.687134e-03,4.060208e-02,3.352338e-03,1.499689e-02,5.648073e-02,1.311728e-01,1.167531e-02,7.091014e-03,1.229158e-02,1.475856e-01,2.914745e-01
1.616727e-01,1.000572e-02,2.400718e-02,7.402973e-03,2.929735e-03,3.157225e-02,2.415913e-03,1.059080e-02,6.069726e-02,1.640053e-01,1.086336e-02,5.062232e-03,1.087592e-02,1.185458e-01,3.793528e-01
1.185473e-01,7.865420e-03,1.695203e-02,5.213146e-03,2.403250e-03,2.559283e-02,1.740076e-03,7.452067e-03,4.428622e-02,1.244396e-01,8.706923e-03,3.596170e-03,8.550444e-03,9.899701e-02,5.256575e-01
8.431578e-02,5.809991e-03,1.197810e-02,3.663696e-03,1.897376e-03,2.026029e-02,1.242060e-03,5.232639e-03,3.548530e-02,8.902984e-02,6.722106e-03,2.535801e-03,6.310003e-03,1.044992e-01,6.210179e-01
5.960689e-02,4.594428e-03,8.574017e-03,2.578283e-03,1.385939e-03,1.572050e-02,8.873909e-04,3.670651e-03,3.375081e-02,6.596357e-02,5.337972e-03,1.793087e-03,4.638054e-03,9.086559e-02,7.006329e-01
4.297056e-02,5.010360e-03,1.451330e-02,3.529493e-03,3.126584e-03,1.432375e-02,9.278817e-04,3.687862e-03,1.078316e-01,5.645885e-02,8.060660e-03,1.659431e-03,4.323715e-03,8.366293e-02,6.499131e-01
3.114124e-02,2.233055e-02,5.079227e-02,2.838797e-03,4.350595e-03,1.230138e-02,7.955703e-04,3.840847e-03,1.394105e-01,4.781876e-02,9.320674e-03,1.290055e-03,3.589792e-03,1.196523e-01,5.505267e-01
2.628513e-02,2.341898e-02,6.647018e-02,2.205353e-03,5.754138e-03,1.336069e-02,7.856105e-04,4.394304e-03,1.983144e-01,5.264672e-02,1.197841e-02,1.014536e-03,2.864881e-03,1.220642e-01,4.684425e-01
2.202152e-02,2.763823e-02,5.918685e-02,1.735630e-03,7.066557e-03,1.516497e-02,6.194639e-04,4.836409e-03,2.882687e-01,6.627176e-02,1.084919e-02,9.013450e-04,2.409174e-03,1.088599e-01,3.841704e-01
2.001972e-02,1.662087e-01,6.068468e-02,2.539422e-03,1.169603e-02,1.804900e-02,5.689741e-04,4.966945e-03,2.605174e-01,6.098545e-02,9.857232e-03,9.747025e-04,2.745963e-03,8.659700e-02,2.935888e-01
2.857769e-02,2.612128e-01,5.654474e-02,3.290785e-03,1.493137e-02,1.437061e-02,4.617090e-04,4.091301e-03,2.307078e-01,6.153516e-02,7.417253e-03,7.837239e-04,2.604194e-03,7.419297e-02,2.392780e-01
4.488013e-02,2.773789e-01,4.810583e-02,2.663432e-03,1.287404e-02,1.202568e-02,3.524653e-04,3.402581e-03,2.023577e-01,7.371213e-02,5.660449e-03,5.902708e-04,2.187022e-03,6.393866e-02,2.498707e-01
3.653086e-02,2.188312e-01,3.567618e-02,4.376548e-03,1.000106e-02,8.862787e-03,2.631859e-04,2.626116e-03,1.591450e-01,7.871000e-02,4.175744e-03,4.965717e-04,1.741938e-03,4.644893e-02,3.921139e-01
4.748861e-02,1.638114e-01,2.673608e-02,4.287977e-03,1.367967e-02,8.051351e-03,3.169437e-04,2.388478e-03,1.240489e-01,9.640110e-02,3.178942e-03,4.696185e-04,1.575183e-03,3.602785e-02,4.715379e-01
4.719800e-02,1.311532e-01,2.137738e-02,4.155404e-03,1.468367e-02,7.701858e-03,5.057673e-04,2.450298e-03,9.711861e-02,1.023696e-01,2.403545e-03,4.557810e-04,1.871075e-03,2.960204e-02,5.369537e-01
4.840540e-02,1.151097e-01,3.517091e-02,2.558560e-02,1.312309e-02,7.512162e-03,7.510879e-04,2.444909e-03,7.983290e-02,1.026601e-01,1.899356e-03,4.829938e-04,1.554535e-03,2.344880e-02,5.420184e-01
5.379565e-02,9.375292e-02,5.200445e-02,4.001478e-02,1.097818e-02,6.311188e-03,7.103733e-04,4.896080e-03,6.938142e-02,1.074978e-01,1.707333e-03,5.781605e-04,1.248440e-03,2.042451e-02,5.366987e-01
4.628318e-02,7.950561e-02,5.095461e-02,6.234203e-02,1.038323e-02,6.193944e-02,6.460625e-04,7.445152e-03,7.164589e-02,8.393367e-02,4.505816e-03,8.287031e-04,1.112195e-03,2.698027e-02,4.914941e-01
3.621080e-02,5.999927e-02,3.838954e-02,4.527718e-02,9.149029e-03,8.349514e-02,5.715905e-04,6.069813e-03,5.639026e-02,6.330045e-02,2.236300e-02,7.967592e-04,8.497055e-04,1.109109e-01,4.662266e-01
2.773508e-02,4.491722e-02,2.783798e-02,3.285570e-02,7.832414e-03,2.445812e-01,5.278446e-04,4.607793e-03,4.110468e-02,5.812231e-02,1.771175e-02,7.639813e-04,6.928372e-04,9.172433e-02,3.989849e-01
1.953191e-02,3.889393e-02,2.525217e-02,2.755876e-02,6.524754e-03,2.321691e-01,4.486801e-04,3.317655e-03,3.881892e-02,7.830773e-02,1.329751e-02,6.311263e-04,5.730257e-04,7.124755e-02,4.434272e-01
1.375811e-02,2.774866e-02,1.812531e-02,1.953153e-02,4.731077e-03,1.886308e-01,3.591436e-04,2.522375e-03,3.462225e-02,1.166444e-01,1.005790e-02,6.010705e-04,7.516498e-04,5.590928e-02,5.060064e-01
9.717721e-03,1.966701e-02,1.280029e-02,1.372091e-02,3.422163e-03,1.447660e-01,2.975666e-04,1.851268e-03,2.869305e-02,1.571923e-01,8.355193e-03,4.992233e-04,6.273584e-04,7.611854e-02,5.222714e-01
7.026630e-03,1.410342e-02,9.018838e-03,9.615867e-03,2.415659e-03,1.014747e-01,2.366914e-04,1.304692e-03,2.329326e-02,1.433505e-01,7.948728e-03,5.581231e-04,7.157000e-04,2.310390e-01,4.478981e-01
4.991001e-03,9.972535e-03,6.343902e-03,6.738301e-03,1.724663e-03,7.112703e-02,1.755175e-04,9.167329e-04,1.769810e-02,1.075732e-01,6.487071e-03,5.796248e-04,8.100750e-04,3.853413e-01,3.795209e-01
3.726493e-03,7.425763e-03,4.519602e-03,4.750844e-03,1.249331e-03,5.016404e-02,1.628030e-04,6.545512e-04,1.642632e-02,8.789900e-02,5.287598e-03,5.400077e-04,7.375255e-04,4.725242e-01,3.439319e-01
3.508111e-03,5.691892e-03,4.711563e-03,3.516631e-03,1.006207e-03,3.568619e-02,1.825936e-04,4.896849e-04,1.865695e-02,8.053540e-02,4.387813e-03,4.612462e-04,7.875334e-04,4.065470e-01,4.338312e-01
4.605869e-03,5.175575e-03,5.868105e-03,2.848985e-03,1.113455e-03,2.578036e-02,2.165635e-04,4.071794e-04,2.579862e-02,6.976358e-02,3.575517e-03,4.578668e-04,1.185427e-03,3.601547e-01,4.930482e-01
5.354918e-03,5.997594e-03,4.844277e-03,2.049590e-03,1.206420e-03,1.865456e-02,2.104446e-04,3.433583e-04,4.970586e-02,5.376314e-02,2.844623e-03,3.660029e-04,1.054088e-03,3.739276e-01,4.796775e-01
5.589793e-03,1.431048e-02,4.390143e-03,1.502122e-03,1.660716e-03,1.346389e-02,2.074713e-04,3.073568e-04,7.134895e-02,4.600656e-02,2.255342e-03,3.062443e-04,1.102736e-03,3.182988e-01,5.192494e-01
1.301890e-02,5.709976e-02,9.065234e-03,2.596200e-03,5.424558e-03,1.214957e-02,4.551412e-04,6.434582e-04,1.224591e-01,4.130205e-02,2.472092e-03,8.468583e-04,4.038141e-03,2.385004e-01,4.899284e-01
3.126777e-02,4.957430e-02,4.510895e-02,8.957531e-03,5.285373e-03,1.152968e-02,6.227194e-04,9.474464e-04,1.336129e-01,4.144055e-02,3.056889e-03,1.797806e-03,6.932149e-03,1.771155e-01,4.827504e-01
4.175563e-02,3.914282e-02,4.210905e-02,8.925246e-03,4.505933e-03,9.702571e-03,5.988969e-04,1.077365e-03,1.378932e-01,5.394943e-02,3.010589e-03,1.726000e-03,5.886159e-03,1.319334e-01,5.177836e-01
4.521832e-02,3.697239e-02,4.764730e-02,1.195865e-02,3.619153e-03,7.711266e-03,5.258766e-04,1.164354e-03,2.101266e-01,5.100747e-02,3.280621e-03,2.066777e-03,6.775606e-03,9.632243e-02,4.756031e-01
5.874624e-02,4.588664e-02,4.561963e-02,1.325888e-02,3.906735e-03,6.900548e-03,5.685996e-04,1.727921e-03,2.626475e-01,5.797083e-02,4.233861e-03,2.649995e-03,6.183204e-03,8.075801e-02,4.089414e-01
1.057279e-01,5.102544e-02,4.562622e-02,1.700107e-02,6.448923e-03,8.109016e-03,7.256969e-04,2.589773e-03,2.337905e-01,6.175370e-02,5.448238e-03,3.776973e-03,6.518053e-03,6.778308e-02,3.836753e-01
1.548834e-01,7.366130e-02,4.371516e-02,1.912519e-02,1.418498e-02,1.025166e-02,1.346998e-03,7.102330e-03,1.935569e-01,6.440811e-02,5.869115e-03,4.211495e-03,5.612774e-03,5.672755e-02,3.453431e-01
1.281593e-01,7.720983e-02,6.148258e-02,8.749463e-02,2.047070e-02,3.555208e-02,1.474153e-03,8.689154e-03,1.588663e-01,5.819387e-02,5.322537e-03,5.808176e-03,4.720267e-03,4.267931e-02,3.038771e-01
1.339768e-01,5.968351e-02,6.027015e-02,7.460907e-02,2.118591e-02,1.187467e-01,1.710034e-03,6.849042e-02,1.371570e-01,4.315798e-02,5.108588e-03,1.534462e-02,4.185559e-03,3.298731e-02,2.233863e-01
1.404073e-01,5.094574e-02,4.721461e-02,6.374466e-02,2.594029e-02,1.248854e-01,2.876851e-03,8.293771e-02,1.894217e-01,3.603237e-02,1.120989e-02,2.692978e-02,5.554329e-03,2.588793e-02,1.660114e-01
1.098015e-01,1.733756e-01,5.088686e-02,1.294340e-01,2.178336e-02,9.901630e-02,2.252693e-03,5.884876e-02,1.391240e-01,2.670363e-02,9.342582e-03,2.628070e-02,5.801976e-03,1.838934e-02,1.289587e-01
1.109716e-01,1.388555e-01,4.075901e-02,1.287317e-01,1.682687e-02,9.875295e-02,3.082254e-03,4.613484e-02,1.462772e-01,2.789895e-02,2.911275e-02,7.261986e-02,2.309434e-02,1.375921e-02,1.031230e-01
8.978813e-02,1.179983e-01,3.368142e-02,1.063472e-01,1.312795e-02,1.137035e-01,4.829285e-03,3.967282e-02,1.638469e-01,3.700346e-02,3.907173e-02,8.176175e-02,2.884723e-02,1.204805e-02,1.182722e-01
8.459915e-02,8.588436e-02,3.193659e-02,7.724050e-02,1.154646e-02,9.607130e-02,7.687957e-03,7.574090e-02,1.430134e-01,3.920662e-02,5.281711e-02,1.087352e-01,4.037278e-02,1.877913e-02,1.263686e-01
7.637814e-02,7.434645e-02,2.514895e-02,5.794861e-02,9.283140e-03,9.028889e-02,6.346607e-03,5.672046e-02,1.296042e-01,4.082609e-02,9.760334e-02,1.538551e-01,4.732367e-02,2.127437e-02,1.130520e-01
5.809710e-02,6.004480e-02,1.923770e-02,4.344274e-02,7.340825e-03,7.488089e-02,4.600649e-03,3.989755e-02,9.666562e-02,3.180485e-02,1.074276e-01,3.176513e-01,3.985380e-02,1.694737e-02,8.210723e-02
4.121398e-02,4.279116e-02,1.369773e-02,3.079037e-02,5.548449e-03,5.926851e-02,3.309567e-03,2.803333e-02,7.519662e-02,2.439161e-02,1.027512e-01,4.612473e-01,3.874143e-02,1.400762e-02,5.901115e-02
2.918088e-02,3.053392e-02,9.863812e-03,2.191715e-02,4.592620e-03,5.771025e-02,2.378363e-03,1.969134e-02,6.011350e-02,2.174601e-02,9.219585e-02,5.596452e-01,3.715762e-02,1.110955e-02,4.216398e-02
2.054972e-02,2.148842e-02,7.022611e-03,1.548298e-02,3.392902e-03,4.858574e-02,1.716123e-03,1.383216e-02,4.394716e-02,1.679712e-02,6.871907e-02,6.738818e-01,2.680729e-02,7.943341e-03,2.983367e-02
1.443916e-02,1.511708e-02,5.049024e-03,1.091996e-02,2.557559e-03,4.371729e-02,1.227338e-03,9.705038e-03,3.165728e-02,1.237498e-02,5.201356e-02,7.551672e-01,1.930778e-02,5.642040e-03,2.110479e-02
1.017152e-02,1.064969e-02,3.726720e-03,7.664120e-03,1.961733e-03,3.540690e-02,8.782865e-04,6.814953e-03,2.261192e-02,9.382777e-03,4.014182e-02,8.180282e-01,1.364619e-02,4.031780e-03,1.488345e-02
7.142560e-03,7.498254e-03,2.823409e-03,5.382136e-03,3.927114e-03,2.541243e-02,6.328663e-04,4.835225e-03,1.721195e-02,6.859621e-03,2.976986e-02,8.655044e-01,9.671927e-03,2.898898e-03,1.042936e-02
5.086082e-03,5.304805e-03,2.393526e-03,3.799246e-03,1.382880e-02,1.814390e-02,5.763347e-04,3.691799e-03,1.469684e-02,5.308371e-03,2.167086e-02,8.891362e-01,6.904715e-03,2.143637e-03,7.314867e-03
4.530744e-03,3.987177e-03,3.663981e-03,2.776305e-03,7.602429e-02,1.326299e-02,1.238704e-03,3.895434e-03,1.667165e-02,4.291694e-03,1.650064e-02,8.411971e-01,5.174422e-03,1.631164e-03,5.153724e-03
4.129941e-03,3.144291e-03,7.618606e-03,2.083450e-03,1.351429e-01,1.020681e-02,2.086574e-03,4.225995e-03,2.240226e-02,3.698616e-03,1.270129e-02,7.835693e-01,4.055247e-03,1.282562e-03,3.652124e-03
3.576551e-03,2.544541e-03,1.123227e-02,1.642287e-03,1.514787e-01,8.258153e-03,2.062480e-03,5.257322e-03,2.459469e-02,3.945936e-03,1.062050e-02,7.671659e-01,3.881271e-03,1.153372e-03,2.585921e-03
2.903932e-03,4.614834e-03,3.633336e-02,1.393650e-03,1.452019e-01,6.767886e-03,1.708983e-03,7.352203e-03,3.938529e-02,6.106365e-03,1.790414e-02,7.173754e-01,6.528002e-03,4.421378e-03,2.002524e-03
8.082435e-03,6.859762e-03,5.565524e-02,6.782214e-03,1.611547e-01,9.047600e-03,4.134993e-03,9.296615e-02,4.480992e-02,7.546840e-03,1.759430e-02,5.699555e-01,8.099577e-03,5.364346e-03,1.946410e-03
1.075333e-02,6.079249e-03,1.101584e-01,1.620769e-02,2.545953e-01,1.710064e-02,7.737266e-03,9.177384e-02,4.315057e-02,6.572082e-03,1.392398e-02,4.091241e-01,6.678980e-03,4.341213e-03,1.803279e-03
1.467131e-02,7.473374e-03,1.029930e-01,1.807720e-02,3.557395e-01,1.405226e-02,1.009501e-02,6.823231e-02,8.708899e-02,6.708869e-03,1.080975e-02,2.925508e-01,5.622866e-03,3.752291e-03,2.132471e-03
1.359536e-02,1.209854e-02,9.421460e-02,4.442436e-02,3.260297e-01,2.048232e-02,9.114114e-03,4.977615e-02,1.783116e-01,6.964891e-03,1.676211e-02,2.118867e-01,7.670477e-03,2.983907e-03,5.685156e-03
1.526480e-02,1.338694e-02,8.841451e-02,6.743289e-02,2.806021e-01,1.736898e-02,7.403788e-03,3.912154e-02,2.074299e-01,8.304082e-03,6.842326e-02,1.580532e-01,2.112391e-02,3.025024e-03,4.645038e-03
2.386185e-02,1.367448e-02,7.326340e-02,5.869502e-02,2.690159e-01,1.450701e-02,7.634019e-03,3.004801e-02,2.086162e-01,1.605265e-02,1.115243e-01,1.179627e-01,4.562341e-02,5.697569e-03,3.823486e-03
2.618060e-02,1.631724e-02,6.237805e-02,1.846100e-01,2.621118e-01,1.108602e-02,6.224946e-03,2.674232e-02,1.683353e-01,1.246319e-02,9.604213e-02,8.472008e-02,3.515844e-02,4.393388e-03,3.236340e-03
4.335313e-02,1.704767e-02,6.323467e-02,1.869620e-01,2.910004e-01,9.916287e-03,6.696487e-03,2.492797e-02,1.518333e-01,1.698144e-02,8.655365e-02,6.436221e-02,2.974790e-02,4.349614e-03,3.033245e-03
6.801506e-02,1.953497e-02,5.637318e-02,1.817187e-01,3.302924e-01,1.523698e-02,7.780572e-03,3.031874e-02,1.150775e-01,2.472917e-02,7.059421e-02,5.028061e-02,2.294921e-02,4.230773e-03,2.867952e-03
6.868839e-02,2.700962e-02,4.907777e-02,3.355897e-01,2.576626e-01,1.188158e-02,5.759929e-03,2.569758e-02,8.309095e-02,1.851084e-02,5.414673e-02,3.910040e-02,1.762657e-02,3.127243e-03,3.030155e-03
1.074776e-01,2.510095e-02,3.844554e-02,3.684211e-01,2.365627e-01,9.769815e-03,4.758659e-03,2.202351e-02,6.233810e-02,1.577651e-02,4.809293e-02,3.980277e-02,1.490002e-02,2.763910e-03,3.765951e-03
1.722225e-01,2.429173e-02,4.126570e-02,3.577993e-01,2.137844e-01,8.913272e-03,4.034788e-03,2.859514e-02,4.621750e-02,1.236826e-02,3.846125e-02,3.396502e-02,1.239705e-02,2.266165e-03,3.417946e-03
1.333445e-01,2.690426e-02,4.023827e-02,4.774134e-01,1.523181e-01,6.707910e-03,2.873400e-03,2.047795e-02,3.372565e-02,1.895198e-02,4.735561e-02,2.525195e-02,9.022193e-03,1.956583e-03,3.458334e-03
1.024545e-01,5.121668e-02,4.368977e-02,3.889486e-01,1.075869e-01,6.290705e-03,2.148764e-03,1.440517e-02,3.603356e-02,6.788826e-02,9.896230e-02,1.892663e-02,8.837393e-03,3.284153e-02,1.976928e-02
1.343583e-01,4.901953e-02,3.716357e-02,3.210823e-01,7.745711e-02,7.398759e-03,1.771732e-03,1.072718e-02,5.533879e-02,5.369264e-02,1.313558e-01,1.461795e-02,8.654140e-03,5.945683e-02,3.790539e-02
1.213178e-01,4.114874e-02,2.866494e-02,2.358681e-01,5.492168e-02,7.295572e-03,1.586501e-03,8.469507e-03,1.125439e-01,4.509621e-02,1.606974e-01,1.752608e-02,1.003795e-02,8.525254e-02,6.957306e-02
8.811672e-02,3.036429e-02,2.042178e-02,1.674955e-01,3.956997e-02,8.616294e-03,1.315797e-03,6.450885e-03,9.065916e-02,3.937886e-02,2.179224e-01,2.429790e-02,2.986908e-02,1.702307e-01,6.529069e-02
6.497653e-02,2.207362e-02,1.445789e-02,1.190132e-01,3.100319e-02,7.577557e-03,1.028103e-03,4.989266e-03,7.119823e-02,3.404480e-02,2.753191e-01,2.169745e-02,2.776656e-02,2.374211e-01,6.743337e-02
4.595227e-02,1.557506e-02,1.027537e-02,8.402698e-02,2.351549e-02,5.864567e-03,8.043534e-04,3.712252e-03,7.438683e-02,3.331125e-02,3.257287e-01,1.922266e-02,1.992584e-02,2.269070e-01,1.107914e-01
3.273316e-02,1.108587e-02,7.590014e-03,5.929532e-02,1.684300e-02,4.330413e-03,6.494471e-04,2.657460e-03,7.643704e-02,3.192598e-02,3.167506e-01,1.520586e-02,1.456390e-02,3.031243e-01,1.068077e-01
2.297581e-02,1.508126e-02,6.545204e-03,4.174127e-02,1.567870e-02,3.306947e-03,4.781127e-04,1.900145e-03,7.890394e-02,2.413079e-02,3.683772e-01,1.186106e-02,1.137720e-02,3.116822e-01,8.596015e-02
1.615248e-02,1.213267e-02,6.404243e-03,2.953330e-02,1.491371e-02,3.580932e-03,4.508425e-04,1.708799e-03,1.009321e-01,1.837993e-02,3.156493e-01,8.786933e-03,8.272155e-03,3.813027e-01,8.179988e-02
1.138577e-02,8.872867e-03,4.712949e-03,2.100219e-02,1.336820e-02,3.244043e-03,3.778874e-04,1.344377e-03,1.255653e-01,1.527825e-02,2.992750e-01,6.701791e-03,6.133660e-03,4.131980e-01,6.953973e-02
8.105138e-03,6.829690e-03,3.500845e-03,1.521200e-02,9.693915e-03,2.714164e-03,3.226892e-04,9.801476e-04,1.228897e-01,1.257148e-02,3.063014e-01,5.796771e-03,6.892219e-03,4.483081e-01,4.988172e-02
5.853399e-03,5.302948e-03,2.699302e-03,1.284915e-02,9.174054e-03,2.403993e-02,4.302199e-04,2.778888e-03,1.278930e-01,1.653383e-02,2.676192e-01,5.236560e-03,1.442481e-02,4.693205e-01,3.584417e-02
4.340582e-03,4.901653e-03,2.350392e-03,1.047900e-02,8.616518e-03,6.508119e-02,4.659824e-04,3.816794e-03,1.923117e-01,1.648287e-02,2.284626e-01,4.966307e-03,1.432618e-02,4.168268e-01,2.657139e-02
4.254714e-03,9.076083e-03,1.356236e-02,5.622765e-02,5.107622e-02,6.280626e-02,2.204010e-03,2.486600e-02,1.918541e-01,2.300010e-02,2.014202e-01,3.932158e-03,1.272323e-02,3.227083e-01,2.028855e-02
4.850178e-03,2.593453e-02,1.470796e-02,6.685973e-02,1.431103e-01,7.245228e-02,1.293181e-02,1.780602e-02,2.003738e-01,2.081034e-02,1.527216e-01,2.879262e-03,9.492319e-03,2.401391e-01,1.493080e-02
3.738001e-03,2.973081e-02,1.872134e-02,2.290954e-01,1.568618e-01,5.325563e-02,1.156268e-02,1.325042e-02,1.721295e-01,1.529042e-02,1.078046e-01,2.043410e-03,6.875883e-03,1.685471e-01,1.109306e-02
9.650066e-03,3.131630e-02,4.121927e-02,2.011329e-01,2.064253e-01,4.088625e-02,1.586528e-02,1.924902e-02,1.673254e-01,1.982309e-02,7.835622e-02,1.649344e-03,6.013539e-03,1.204166e-01,4.067132e-02
3.051791e-02,3.858115e-02,4.677437e-02,1.562053e-01,2.682704e-01,3.729655e-02,1.949477e-02,1.563589e-02,1.523656e-01,1.720563e-02,6.116944e-02,1.427550e-03,5.444676e-03,8.635422e-02,6.325664e-02
2.430872e-02,4.241203e-02,7.000579e-02,2.955692e-01,2.139875e-01,2.641882e-02,1.402285e-02,1.312706e-02,1.271185e-01,1.350622e-02,4.424793e-02,1.129746e-03,4.016543e-03,6.064807e-02,4.948109e-02
1.992412e-02,3.446710e-02,8.280593e-02,4.196543e-01,1.617525e-01,1.891193e-02,1.006182e-02,9.488300e-03,9.452963e-02,1.255079e-02,5.203301e-02,1.098370e-03,3.425237e-03,4.313170e-02,3.616527e-02
1.742645e-02,3.928867e-02,7.005300e-02,3.265380e-01,1.171009e-01,1.424937e-02,7.265094e-03,7.826084e-03,1.151711e-01,2.417721e-02,1.275019e-01,2.257099e-03,2.472602e-02,3.274813e-02,7.367103e-02
1.506563e-02,3.715055e-02,6.519496e-02,2.499241e-01,8.476616e-02,1.088042e-02,5.221394e-03,5.967547e-03,3.065415e-01,1.849980e-02,9.666540e-02,1.830836e-03,1.842204e-02,2.549391e-02,5.837582e-02
3.427073e-02,4.063926e-02,7.353202e-02,1.896003e-01,6.997517e-02,9.994250e-03,3.899882e-03,5.459389e-03,2.815502e-01,1.585021e-02,1.491368e-01,2.192688e-03,1.949877e-02,4.707836e-02,5.732200e-02
2.702868e-02,2.894283e-02,5.189776e-02,1.342734e-01,5.315095e-02,7.614391e-03,2.753491e-03,4.115347e-03,2.391343e-01,1.236050e-02,2.906667e-01,2.918290e-03,2.654182e-02,7.375101e-02,4.485056e-02
2.172754e-02,2.094222e-02,3.662577e-02,9.504146e-02,3.825972e-02,7.211835e-03,1.953610e-03,3.049454e-03,2.081347e-01,9.934057e-03,3.197269e-01,3.185895e-03,2.389752e-02,1.775441e-01,3.276536e-02
2.214857e-02,1.960673e-02,2.620900e-02,7.001083e-02,2.748725e-02,7.857524e-03,1.493828e-03,2.408343e-03,2.020961e-01,1.105723e-02,3.685837e-01,3.347592e-03,1.881097e-02,1.906592e-01,2.822320e-02
5.285714e-02,2.277503e-02,3.779368e-02,5.727191e-02,2.174121e-02,8.022548e-03,1.310460e-03,3.005112e-03,1.818040e-01,2.426171e-02,3.368907e-01,3.720277e-03,1.880775e-02,1.843862e-01,4.535230e-02
4.395054e-02,2.244538e-02,3.025238e-02,4.456421e-02,1.701569e-02,7.534207e-03,1.097703e-03,3.044634e-03,1.795958e-01,3.258161e-02,3.363040e-01,4.681769e-03,1.686752e-02,1.892298e-01,7.083474e-02
3.302512e-02,1.842662e-02,3.408211e-02,3.413022e-02,1.578649e-02,8.007908e-03,1.713502e-03,3.580675e-02,1.760595e-01,3.288756e-02,3.062556e-01,4.503684e-03,1.570841e-02,2.069195e-01,7.668699e-02
2.417933e-02,1.405788e-02,2.642613e-02,2.926969e-02,1.462023e-02,9.991530e-03,2.284716e-03,5.104395e-02,1.932144e-01,4.812735e-02,2.793703e-01,4.614145e-03,1.242942e-02,2.063871e-01,8.398375e-02
2.002391e-02,1.286939e-02,2.420795e-02,2.409776e-02,1.465850e-02,1.524877e-02,2.090928e-03,5.211102e-02,2.327948e-01,5.465198e-02,2.604855e-01,4.505746e-03,1.111849e-02,1.890278e-01,8.210745e-02
1.570829e-02,1.522846e-02,2.887555e-02,3.210379e-02,1.409598e-02,2.680697e-02,1.609081e-03,5.544704e-02,3.213834e-01,4.725144e-02,2.119955e-01,3.533654e-03,9.637761e-03,1.556468e-01,6.067619e-02
2.499330e-02,1.786312e-02,3.624397e-02,2.585502e-02,1.360538e-02,2.821712e-02,1.645574e-03,4.522059e-02,2.722773e-01,4.723352e-02,2.586082e-01,2.780507e-03,7.580653e-03,1.696705e-01,4.820529e-02
2.447853e-02,2.303478e-02,1.264094e-01,8.872183e-02,1.476691e-02,2.303767e-02,1.386082e-03,3.679100e-02,2.381580e-01,4.251944e-02,2.055183e-01,2.428161e-03,6.559845e-03,1.274794e-01,3.871060e-02
2.616979e-02,2.307326e-02,1.216909e-01,1.026391e-01,1.847186e-02,2.105020e-02,1.484622e-03,3.699611e-02,2.540812e-01,4.838164e-02,1.995668e-01,4.139630e-03,7.126495e-03,1.012884e-01,3.383999e-02
3.317007e-02,2.436668e-02,1.314213e-01,1.280450e-01,2.575995e-02,1.866051e-02,1.353311e-03,4.928555e-02,2.177032e-01,4.221052e-02,2.010565e-01,5.679892e-03,1.030166e-02,8.041023e-02,3.057557e-02
4.559940e-02,2.732069e-02,9.944284e-02,1.118741e-01,2.431139e-02,1.433231e-02,1.168470e-03,4.334036e-02,2.398688e-01,4.464215e-02,2.281020e-01,8.013708e-03,1.213391e-02,7.471986e-02,2.513005e-02
7.766302e-02,2.618300e-02,8.090788e-02,1.230630e-01,2.376995e-02,1.171708e-02,1.077665e-03,3.768298e-02,1.912719e-01,5.016292e-02,2.676509e-01,1.420494e-02,1.563530e-02,5.818964e-02,2.081977e-02
7.653561e-02,2.112301e-02,6.312571e-02,1.262731e-01,2.502907e-02,9.979501e-03,1.490910e-03,3.468686e-02,1.509636e-01,5.714639e-02,3.083066e-01,3.821429e-02,1.609841e-02,5.104285e-02,1.998422e-02
6.543612e-02,1.562305e-02,4.661215e-02,1.093095e-01,2.228805e-02,1.131467e-02,1.254605e-03,2.653656e-02,1.121877e-01,5.679542e-02,3.730252e-01,8.052427e-02,2.125209e-02,4.017312e-02,1.766755e-02
5.643845e-02,1.167649e-02,3.403287e-02,8.139881e-02,2.315606e-02,1.686016e-02,1.584928e-03,2.062100e-02,8.434385e-02,8.137998e-02,3.914672e-01,1.020210e-01,3.093507e-02,3.237532e-02,3.170893e-02
5.561806e-02,1.742566e-02,2.867148e-02,5.869615e-02,2.523180e-02,2.162175e-02,1.922017e-03,1.653865e-02,7.832687e-02,1.397209e-01,3.601307e-01,9.942669e-02,3.688574e-02,3.419145e-02,2.559214e-02
5.800726e-02,1.493508e-02,2.270886e-02,4.290796e-02,2.849757e-02,2.170924e-02,2.242423e-03,1.402516e-02,7.325383e-02,2.057137e-01,3.217502e-01,1.028288e-01,3.684223e-02,3.209988e-02,2.247788e-02
5.220042e-02,1.242455e-02,1.729746e-02,3.381577e-02,4.171922e-02,1.999831e-02,3.177864e-03,1.237662e-02,7.142887e-02,2.496130e-01,3.304152e-01,8.008170e-02,3.137353e-02,2.696644e-02,1.711099e-02
4.311534e-02,9.272979e-03,1.328922e-02,2.718619e-02,9.301957e-02,1.674328e-02,4.046407e-03,1.189302e-02,6.185267e-02,2.272498e-01,3.579695e-01,6.364527e-02,3.635466e-02,2.167001e-02,1.269213e-02
3.374620e-02,7.639485e-03,1.060272e-02,2.102634e-02,8.642511e-02,2.537002e-02,6.279650e-03,2.225760e-02,4.728230e-02,1.710382e-01,3.554667e-01,7.577636e-02,1.101356e-01,1.744863e-02,9.505067e-03
2.632538e-02,6.631223e-03,9.648937e-03,1.920773e-02,6.976937e-02,2.971595e-02,5.573000e-03,2.480298e-02,3.551489e-02,1.237273e-01,2.633168e-01,1.412739e-01,2.192737e-01,1.778247e-02,7.436294e-03
3.335133e-02,5.191708e-03,7.989777e-03,2.805292e-02,8.027849e-02,4.921874e-02,5.140869e-03,3.802317e-02,2.847400e-02,9.020394e-02,2.531137e-01,1.255977e-01,2.248514e-01,2.457786e-02,5.934308e-03
3.432338e-02,3.865268e-03,6.598641e-03,2.588459e-02,8.279957e-02,3.770366e-02,3.963671e-03,1.219334e-01,2.207630e-02,6.521374e-02,2.032143e-01,1.144004e-01,2.376023e-01,3.586271e-02,4.558116e-03
3.653274e-02,3.012830e-03,5.882001e-03,2.492968e-02,7.293031e-02,3.115359e-02,3.171172e-03,1.860433e-01,2.022556e-02,4.756922e-02,1.557632e-01,1.071235e-01,2.678016e-01,3.428829e-02,3.573075e-03
3.212487e-02,2.465488e-03,5.303625e-03,1.924698e-02,5.615259e-02,2.431730e-02,2.771547e-03,2.443637e-01,1.718089e-02,3.476162e-02,1.144399e-01,2.035862e-01,2.111244e-01,2.927187e-02,2.889002e-03
3.112711e-02,2.378891e-03,6.312102e-03,1.453771e-02,4.297448e-02,2.099398e-02,2.881167e-03,1.874340e-01,1.380238e-02,2.475663e-02,8.217843e-02,3.659008e-01,1.792272e-01,2.305425e-02,2.440890e-03
3.040851e-02,2.677087e-03,7.439846e-03,1.083120e-02,3.636540e-02,3.145842e-02,4.820369e-03,1.579981e-01,1.534542e-02,1.811305e-02,6.084826e-02,4.318224e-01,1.620781e-01,2.755487e-02,2.239063e-03
2.786025e-02,3.690633e-03,1.301951e-02,8.192298e-03,2.923081e-02,5.279201e-02,1.257374e-02,1.600113e-01,1.998565e-02,1.296983e-02,4.441248e-02,3.929039e-01,1.995600e-01,2.070408e-02,2.093398e-03
2.410730e-02,3.751084e-03,1.216722e-02,6.182618e-03,2.707478e-02,5.023255e-02,1.953622e-02,1.847983e-01,3.017404e-02,9.239761e-03,3.355263e-02,3.791478e-01,2.027586e-01,1.544332e-02,1.833701e-03
2.285317e-02,3.355812e-03,1.075167e-02,5.001287e-03,4.822418e-02,3.906054e-02,4.291772e-02,1.744968e-01,8.627737e-02,6.568647e-03,2.593775e-02,3.431039e-01,1.785022e-01,1.104755e-02,1.901414e-03
2.859696e-02,3.886566e-03,4.727622e-02,2.422069e-02,4.880918e-02,3.317919e-02,4.550207e-02,2.410965e-01,7.643119e-02,5.276668e-03,1.921831e-02,2.588176e-01,1.570463e-01,8.251906e-03,2.390667e-03
3.155806e-02,3.623439e-03,5.109131e-02,3.677484e-02,5.158117e-02,3.027757e-02,4.197440e-02,3.311669e-01,6.816139e-02,4.079521e-03,1.468689e-02,2.004399e-01,1.262332e-01,5.987464e-03,2.363893e-03
3.250937e-02,4.202235e-03,8.698243e-02,1.967021e-01,6.504407e-02,2.219695e-02,3.153883e-02,2.505851e-01,5.445660e-02,3.198202e-03,1.354750e-02,1.416542e-01,9.035084e-02,4.274250e-03,2.757366e-03
2.552319e-02,3.572389e-03,7.331748e-02,3.472573e-01,6.253266e-02,2.431353e-02,2.462910e-02,1.802565e-01,5.395181e-02,2.863683e-03,2.223956e-02,1.020560e-01,7.085501e-02,3.035170e-03,3.596633e-03
