1.000000e+00,0.000000e+00,0.000000e+00,0.000000e+00,0.000000e+00,0.000000e+00,0.000000e+00,0.000000e+00,0.000000e+00,0.000000e+00,0.000000e+00,0.000000e+00,0.000000e+00,0.000000e+00,0.000000e+00
1.000000e+00,0.000000e+00,0.000000e+00,0.000000e+00,0.000000e+00,0.000000e+00,0.000000e+00,0.000000e+00,0.000000e+00,0.000000e+00,0.000000e+00,0.000000e+00,0.000000e+00,0.000000e+00,0.000000e+00
1.000000e+00,0.000000e+00,0.000000e+00,0.000000e+00,0.000000e+00,0.000000e+00,0.000000e+00,0.000000e+00,0.000000e+00,0.000000e+00,0.000000e+00,0.000000e+00,0.000000e+00,0.000000e+00,0.000000e+00
1.000000e+00,0.000000e+00,0.000000e+00,0.000000e+00,0.000000e+00,0.000000e+00,0.000000e+00,0.000000e+00,0.000000e+00,0.000000e+00,0.000000e+00,0.000000e+00,0.000000e+00,0.000000e+00,0.000000e+00
1.000000e+00,0.000000e+00,0.000000e+00,0.000000e+00,0.000000e+00,0.000000e+00,0.000000e+00,0.000000e+00,0.000000e+00,0.000000e+00,0.000000e+00,0.000000e+00,0.000000e+00,0.000000e+00,0.000000e+00
1.000000e+00,0.000000e+00,0.000000e+00,0.000000e+00,0.000000e+00,0.000000e+00,0.000000e+00,0.000000e+00,0.000000e+00,0.000000e+00,0.000000e+00,0.000000e+00,0.000000e+00,0.000000e+00,0.000000e+00
1.000000e+00,0.000000e+00,0.000000e+00,0.000000e+00,0.000000e+00,0.000000e+00,0.000000e+00,0.000000e+00,0.000000e+00,0.000000e+00,0.000000e+00,0.000000e+00,0.000000e+00,0.000000e+00,0.000000e+00
1.000000e+00,0.000000e+00,0.000000e+00,0.000000e+00,0.000000e+00,0.000000e+00,0.000000e+00,0.000000e+00,0.000000e+00,0.000000e+00,0.000000e+00,0.000000e+00,0.000000e+00,0.000000e+00,0.000000e+00
1.000000e+00,0.000000e+00,0.000000e+00,0.000000e+00,0.000000e+00,0.000000e+00,0.000000e+00,0.000000e+00,0.000000e+00,0.000000e+00,0.000000e+00,0.000000e+00,0.000000e+00,0.000000e+00,0.000000e+00
1.000000e+00,0.000000e+00,0.000000e+00,0.000000e+00,0.000000e+00,0.000000e+00,0.000000e+00,0.000000e+00,0.000000e+00,0.000000e+00,0.000000e+00,0.000000e+00,0.000000e+00,0.000000e+00,0.000000e+00
1.000000e+00,0.000000e+00,0.000000e+00,0.000000e+00,0.000000e+00,0.000000e+00,0.000000e+00,0.000000e+00,0.000000e+00,0.000000e+00,0.000000e+00,0.000000e+00,0.000000e+00,0.000000e+00,0.000000e+00
1.000000e+00,0.000000e+00,0.000000e+00,0.000000e+00,0.000000e+00,0.000000e+00,0.000000e+00,0.000000e+00,0.000000e+00,0.000000e+00,0.000000e+00,0.000000e+00,0.000000e+00,0.000000e+00,0.000000e+00
1.000000e+00,0.000000e+00,0.000000e+00,0.000000e+00,0.000000e+00,0.000000e+00,0.000000e+00,0.000000e+00,0.000000e+00,0.000000e+00,0.000000e+00,0.000000e+00,0.000000e+00,0.000000e+00,0.000000e+00
1.000000e+00,0.000000e+00,0.000000e+00,0.000000e+00,0.000000e+00,0.000000e+00,0.000000e+00,0.000000e+00,0.000000e+00,0.000000e+00,0.000000e+00,0.000000e+00,0.000000e+00,0.000000e+00,0.000000e+00
1.000000e+00,0.000000e+00,0.000000e+00,0.000000e+00,0.000000e+00,0.000000e+00,0.000000e+00,0.000000e+00,0.000000e+00,0.000000e+00,0.000000e+00,0.000000e+00,0.000000e+00,0.000000e+00,0.000000e+00
1.000000e+00,0.000000e+00,0.000000e+00,0.000000e+00,0.000000e+00,0.000000e+00,0.000000e+00,0.000000e+00,0.000000e+00,0.000000e+00,0.000000e+00,0.000000e+00,0.000000e+00,0.000000e+00,0.000000e+00
1.000000e+00,0.000000e+00,0.000000e+00,0.000000e+00,0.000000e+00,0.000000e+00,0.000000e+00,0.000000e+00,0.000000e+00,0.000000e+00,0.000000e+00,0.000000e+00,0.000000e+00,0.000000e+00,0.000000e+00
1.000000e+00,0.000000e+00,0.000000e+00,0.000000e+00,0.000000e+00,0.000000e+00,0.000000e+00,0.000000e+00,0.000000e+00,0.000000e+00,0.000000e+00,0.000000e+00,0.000000e+00,0.000000e+00,0.000000e+00
1.000000e+00,0.000000e+00,0.000000e+00,0.000000e+00,0.000000e+00,0.000000e+00,0.000000e+00,0.000000e+00,0.000000e+00,0.000000e+00,0.000000e+00,0.000000e+00,0.000000e+00,0.000000e+00,0.000000e+00
1.000000e+00,0.000000e+00,0.000000e+00,0.000000e+00,0.000000e+00,0.000000e+00,0.000000e+00,0.000000e+00,0.000000e+00,0.000000e+00,0.000000e+00,0.000000e+00,0.000000e+00,0.000000e+00,0.000000e+00
1.000000e+00,0.000000e+00,0.000000e+00,0.000000e+00,0.000000e+00,0.000000e+00,0.000000e+00,0.000000e+00,0.000000e+00,0.000000e+00,0.000000e+00,0.000000e+00,0.000000e+00,0.000000e+00,0.000000e+00
1.000000e+00,0.000000e+00,0.000000e+00,0.000000e+00,0.000000e+00,0.000000e+00,0.000000e+00,0.000000e+00,0.000000e+00,0.000000e+00,0.000000e+00,0.000000e+00,0.000000e+00,0.000000e+00,0.000000e+00
1.000000e+00,0.000000e+00,0.000000e+00,0.000000e+00,0.000000e+00,0.000000e+00,0.000000e+00,0.000000e+00,0.000000e+00,0.000000e+00,0.000000e+00,0.000000e+00,0.000000e+00,0.000000e+00,0.000000e+00
1.000000e+00,0.000000e+00,0.000000e+00,0.000000e+00,0.000000e+00,0.000000e+00,0.000000e+00,0.000000e+00,0.000000e+00,0.000000e+00,0.000000e+00,0.000000e+00,0.000000e+00,0.000000e+00,0.000000e+00
1.000000e+00,0.000000e+00,0.000000e+00,0.000000e+00,0.000000e+00,0.000000e+00,0.000000e+00,0.000000e+00,0.000000e+00,0.000000e+00,0.000000e+00,0.000000e+00,0.000000e+00,0.000000e+00,0.000000e+00
1.000000e+00,0.000000e+00,0.000000e+00,0.000000e+00,0.000000e+00,0.000000e+00,0.000000e+00,0.000000e+00,0.000000e+00,0.000000e+00,0.000000e+00,0.000000e+00,0.000000e+00,0.000000e+00,0.000000e+00
1.000000e+00,0.000000e+00,0.000000e+00,0.000000e+00,0.000000e+00,0.000000e+00,0.000000e+00,0.000000e+00,0.000000e+00,0.000000e+00,0.000000e+00,0.000000e+00,0.000000e+00,0.000000e+00,0.000000e+00
1.000000e+00,0.000000e+00,0.000000e+00,0.000000e+00,0.000000e+00,0.000000e+00,0.000000e+00,0.000000e+00,0.000000e+00,0.000000e+00,0.000000e+00,0.000000e+00,0.000000e+00,0.000000e+00,0.000000e+00
1.000000e+00,0.000000e+00,0.000000e+00,0.000000e+00,0.000000e+00,0.000000e+00,0.000000e+00,0.000000e+00,0.000000e+00,0.000000e+00,0.000000e+00,0.000000e+00,0.000000e+00,0.000000e+00,0.000000e+00
1.000000e+00,0.000000e+00,0.000000e+00,0.000000e+00,0.000000e+00,0.000000e+00,0.000000e+00,0.000000e+00,0.000000e+00,0.000000e+00,0.000000e+00,0.000000e+00,0.000000e+00,0.000000e+00,0.000000e+00
1.000000e+00,0.000000e+00,0.000000e+00,0.000000e+00,0.000000e+00,0.000000e+00,0.000000e+00,0.000000e+00,0.000000e+00,0.000000e+00,0.000000e+00,0.000000e+00,0.000000e+00,0.000000e+00,0.000000e+00
1.000000e+00,0.000000e+00,0.000000e+00,0.000000e+00,0.000000e+00,0.000000e+00,0.000000e+00,0.000000e+00,0.000000e+00,0.000000e+00,0.000000e+00,0.000000e+00,0.000000e+00,0.000000e+00,0.000000e+00
1.000000e+00,0.000000e+00,0.000000e+00,0.000000e+00,0.000000e+00,0.000000e+00,0.000000e+00,0.000000e+00,0.000000e+00,0.000000e+00,0.000000e+00,0.000000e+00,0.000000e+00,0.000000e+00,0.000000e+00
1.000000e+00,0.000000e+00,0.000000e+00,0.000000e+00,0.000000e+00,0.000000e+00,0.000000e+00,0.000000e+00,0.000000e+00,0.000000e+00,0.000000e+00,0.000000e+00,0.000000e+00,0.000000e+00,0.000000e+00
1.000000e+00,0.000000e+00,0.000000e+00,0.000000e+00,0.000000e+00,0.000000e+00,0.000000e+00,0.000000e+00,0.000000e+00,0.000000e+00,0.000000e+00,0.000000e+00,0.000000e+00,0.000000e+00,0.000000e+00
1.000000e+00,0.000000e+00,0.000000e+00,0.000000e+00,0.000000e+00,0.000000e+00,0.000000e+00,0.000000e+00,0.000000e+00,0.000000e+00,0.000000e+00,0.000000e+00,0.000000e+00,0.000000e+00,0.000000e+00
1.000000e+00,0.000000e+00,0.000000e+00,0.000000e+00,0.000000e+00,0.000000e+00,0.000000e+00,0.000000e+00,0.000000e+00,0.000000e+00,0.000000e+00,0.000000e+00,0.000000e+00,0.000000e+00,0.000000e+00
1.000000e+00,0.000000e+00,0.000000e+00,0.000000e+00,0.000000e+00,0.000000e+00,0.000000e+00,0.000000e+00,0.000000e+00,0.000000e+00,0.000000e+00,0.000000e+00,0.000000e+00,0.000000e+00,0.000000e+00
1.000000e+00,0.000000e+00,0.000000e+00,0.000000e+00,0.000000e+00,0.000000e+00,0.000000e+00,0.000000e+00,0.000000e+00,0.000000e+00,0.000000e+00,0.000000e+00,0.000000e+00,0.000000e+00,0.000000e+00
1.000000e+00,0.000000e+00,0.000000e+00,0.000000e+00,0.000000e+00,0.000000e+00,0.000000e+00,0.000000e+00,0.000000e+00,0.000000e+00,0.000000e+00,0.000000e+00,0.000000e+00,0.000000e+00,0.000000e+00
1.000000e+00,0.000000e+00,0.000000e+00,0.000000e+00,0.000000e+00,0.000000e+00,0.000000e+00,0.000000e+00,0.000000e+00,0.000000e+00,0.000000e+00,0.000000e+00,0.000000e+00,0.000000e+00,0.000000e+00
1.000000e+00,0.000000e+00,0.000000e+00,0.000000e+00,0.000000e+00,0.000000e+00,0.000000e+00,0.000000e+00,0.000000e+00,0.000000e+00,0.000000e+00,0.000000e+00,0.000000e+00,0.000000e+00,0.000000e+00
1.000000e+00,0.000000e+00,0.000000e+00,0.000000e+00,0.000000e+00,0.000000e+00,0.000000e+00,0.000000e+00,0.000000e+00,0.000000e+00,0.000000e+00,0.000000e+00,0.000000e+00,0.000000e+00,0.000000e+00
1.000000e+00,0.000000e+00,0.000000e+00,0.000000e+00,0.000000e+00,0.000000e+00,0.000000e+00,0.000000e+00,0.000000e+00,0.000000e+00,0.000000e+00,0.000000e+00,0.000000e+00,0.000000e+00,0.000000e+00
1.000000e+00,0.000000e+00,0.000000e+00,0.000000e+00,0.000000e+00,0.000000e+00,0.000000e+00,0.000000e+00,0.000000e+00,0.000000e+00,0.000000e+00,0.000000e+00,0.000000e+00,0.000000e+00,0.000000e+00
1.000000e+00,0.000000e+00,0.000000e+00,0.000000e+00,0.000000e+00,0.000000e+00,0.000000e+00,0.000000e+00,0.000000e+00,0.000000e+00,0.000000e+00,0.000000e+00,0.000000e+00,0.000000e+00,0.000000e+00
1.000000e+00,0.000000e+00,0.000000e+00,0.000000e+00,0.000000e+00,0.000000e+00,0.000000e+00,0.000000e+00,0.000000e+00,0.000000e+00,0.000000e+00,0.000000e+00,0.000000e+00,0.000000e+00,0.000000e+00
1.000000e+00,0.000000e+00,0.000000e+00,0.000000e+00,0.000000e+00,0.000000e+00,0.000000e+00,0.000000e+00,0.000000e+00,0.000000e+00,0.000000e+00,0.000000e+00,0.000000e+00,0.000000e+00,0.000000e+00
1.000000e+00,0.000000e+00,0.000000e+00,0.000000e+00,0.000000e+00,0.000000e+00,0.000000e+00,0.000000e+00,0.000000e+00,0.000000e+00,0.000000e+00,0.000000e+00,0.000000e+00,0.000000e+00,0.000000e+00
1.000000e+00,0.000000e+00,0.000000e+00,0.000000e+00,0.000000e+00,0.000000e+00,0.000000e+00,0.000000e+00,0.000000e+00,0.000000e+00,0.000000e+00,0.000000e+00,0.000000e+00,0.000000e+00,0.000000e+00
1.000000e+00,0.000000e+00,0.000000e+00,0.000000e+00,0.000000e+00,0.000000e+00,0.000000e+00,0.000000e+00,0.000000e+00,0.000000e+00,0.000000e+00,0.000000e+00,0.000000e+00,0.000000e+00,0.000000e+00
1.000000e+00,0.000000e+00,0.000000e+00,0.000000e+00,0.000000e+00,0.000000e+00,0.000000e+00,0.000000e+00,0.000000e+00,0.000000e+00,0.000000e+00,0.000000e+00,0.000000e+00,0.000000e+00,0.000000e+00
1.000000e+00,0.000000e+00,0.000000e+00,0.000000e+00,0.000000e+00,0.000000e+00,0.000000e+00,0.000000e+00,0.000000e+00,0.000000e+00,0.000000e+00,0.000000e+00,0.000000e+00,0.000000e+00,0.000000e+00
1.000000e+00,0.000000e+00,0.000000e+00,0.000000e+00,0.000000e+00,0.000000e+00,0.000000e+00,0.000000e+00,0.000000e+00,0.000000e+00,0.000000e+00,0.000000e+00,0.000000e+00,0.000000e+00,0.000000e+00
1.000000e+00,0.000000e+00,0.000000e+00,0.000000e+00,0.000000e+00,0.000000e+00,0.000000e+00,0.000000e+00,0.000000e+00,0.000000e+00,0.000000e+00,0.000000e+00,0.000000e+00,0.000000e+00,0.000000e+00
1.000000e+00,0.000000e+00,0.000000e+00,0.000000e+00,0.000000e+00,0.000000e+00,0.000000e+00,0.000000e+00,0.000000e+00,0.000000e+00,0.000000e+00,0.000000e+00,0.000000e+00,0.000000e+00,0.000000e+00
1.000000e+00,0.000000e+00,0.000000e+00,0.000000e+00,0.000000e+00,0.000000e+00,0.000000e+00,0.000000e+00,0.000000e+00,0.000000e+00,0.000000e+00,0.000000e+00,0.000000e+00,0.000000e+00,0.000000e+00
1.000000e+00,0.000000e+00,0.000000e+00,0.000000e+00,0.000000e+00,0.000000e+00,0.000000e+00,0.000000e+00,0.000000e+00,0.000000e+00,0.000000e+00,0.000000e+00,0.000000e+00,0.000000e+00,0.000000e+00
1.000000e+00,0.000000e+00,0.000000e+00,0.000000e+00,0.000000e+00,0.000000e+00,0.000000e+00,0.000000e+00,0.000000e+00,0.000000e+00,0.000000e+00,0.000000e+00,0.000000e+00,0.000000e+00,0.000000e+00
1.000000e+00,0.000000e+00,0.000000e+00,0.000000e+00,0.000000e+00,0.000000e+00,0.000000e+00,0.000000e+00,0.000000e+00,0.000000e+00,0.000000e+00,0.000000e+00,0.000000e+00,0.000000e+00,0.000000e+00
1.000000e+00,0.000000e+00,0.000000e+00,0.000000e+00,0.000000e+00,0.000000e+00,0.000000e+00,0.000000e+00,0.000000e+00,0.000000e+00,0.000000e+00,0.000000e+00,0.000000e+00,0.000000e+00,0.000000e+00
4.152604e-01,2.760719e-02,8.464906e-02,3.069631e-01,9.487478e-03,9.819177e-03,3.054030e-03,2.427647e-02,7.555951e-03,1.010938e-02,3.690932e-02,2.047220e-02,2.063346e-02,2.546911e-03,2.065590e-02
4.049115e-01,3.637429e-02,6.446826e-02,2.695327e-01,9.520766e-03,1.389665e-02,3.434097e-03,1.950083e-02,2.778364e-02,1.678741e-02,4.195695e-02,3.886842e-02,2.750294e-02,2.902044e-03,2.255952e-02
3.389000e-01,9.108324e-02,4.691221e-02,2.270156e-01,9.104270e-03,1.255308e-02,3.191020e-03,1.433531e-02,9.128501e-02,2.946629e-02,3.989771e-02,3.486971e-02,2.883836e-02,2.555887e-03,2.999233e-02
2.395401e-01,1.991337e-01,3.611545e-02,1.805959e-01,6.844600e-03,1.017151e-02,2.324147e-03,1.009006e-02,8.633783e-02,3.303918e-02,3.078320e-02,2.714112e-02,2.218737e-02,2.676126e-03,1.130197e-01
1.680579e-01,1.977265e-01,2.587105e-02,1.279895e-01,5.101453e-03,1.004943e-02,1.701040e-03,7.114269e-03,1.039845e-01,3.450046e-02,2.285110e-02,1.945137e-02,1.744787e-02,1.605342e-02,2.421001e-01
1.178901e-01,1.703874e-01,1.907174e-02,9.345126e-02,3.724028e-03,7.860912e-03,1.222239e-03,5.013166e-03,9.813719e-02,6.034058e-02,1.699574e-02,1.408309e-02,1.298307e-02,1.414059e-02,3.646990e-01
8.339158e-02,1.740130e-01,1.350877e-02,6.645063e-02,2.750860e-03,6.941372e-03,8.784336e-04,3.675331e-03,1.136040e-01,5.367860e-02,1.379064e-02,1.256414e-02,1.815964e-02,1.870200e-02,4.178911e-01
5.858708e-02,1.599557e-01,9.651563e-03,4.680275e-02,1.994273e-03,5.946804e-03,6.451654e-04,2.724116e-03,1.080635e-01,5.188167e-02,1.008264e-02,9.421223e-03,1.366782e-02,3.807330e-02,4.825024e-01
4.139965e-02,1.354315e-01,6.884343e-03,3.295795e-02,1.438267e-03,4.812866e-03,4.871550e-04,2.000696e-03,9.102799e-02,4.155620e-02,1.107727e-02,8.102132e-03,1.108872e-02,1.200275e-01,4.917078e-01
3.069988e-02,1.028037e-01,5.016670e-03,2.346313e-02,1.296761e-03,3.875722e-03,4.187435e-04,1.494607e-03,8.487685e-02,3.517444e-02,1.022904e-02,6.749825e-03,9.068542e-03,1.110145e-01,5.738176e-01
2.397888e-02,7.947636e-02,5.138056e-03,1.709671e-02,1.132903e-03,3.917083e-03,4.121966e-04,1.145442e-03,7.351828e-02,3.528748e-02,8.331986e-03,5.086469e-03,7.326640e-03,1.372506e-01,6.009009e-01
2.048924e-02,5.753647e-02,4.113832e-03,1.218471e-02,8.829659e-04,4.276990e-03,3.279071e-04,8.512849e-04,5.441527e-02,2.783119e-02,7.099394e-03,3.659103e-03,5.556331e-03,2.607350e-01,5.400403e-01
1.656139e-02,4.157858e-02,3.246168e-03,8.602370e-03,7.618801e-04,3.622051e-03,2.521651e-04,6.186201e-04,4.019265e-02,2.133497e-02,5.729269e-03,2.593171e-03,4.022855e-03,3.729838e-01,4.779001e-01
1.843569e-02,3.401433e-02,1.197380e-02,8.610765e-03,2.154021e-03,5.227344e-03,2.806301e-04,8.264541e-04,3.282755e-02,1.932417e-02,7.166454e-03,1.883612e-03,3.269543e-03,3.872303e-01,4.667753e-01
1.802933e-02,2.909058e-02,6.687204e-02,1.186131e-02,3.280492e-03,5.118319e-03,3.927536e-04,1.073709e-03,3.306095e-02,1.876129e-02,5.936947e-03,1.576011e-03,3.218621e-03,3.367234e-01,4.650043e-01
1.434567e-02,2.575408e-02,2.728143e-01,1.053804e-02,3.528534e-03,3.957926e-03,3.335294e-04,9.284791e-04,2.716143e-02,2.614659e-02,4.421294e-03,1.269911e-03,2.743640e-03,2.478056e-01,3.582510e-01
1.126296e-02,2.210183e-02,4.244623e-01,1.383391e-02,3.079419e-03,2.929909e-03,2.725679e-04,6.784517e-04,2.644400e-02,2.191330e-02,3.496630e-03,1.032492e-03,2.319395e-03,1.759322e-01,2.902407e-01
1.068533e-02,3.454749e-02,4.503492e-01,1.129945e-02,3.671526e-03,8.761534e-03,3.469076e-04,8.914890e-04,2.736000e-02,9.081385e-02,3.787653e-03,1.033332e-03,2.136994e-03,1.248742e-01,2.294411e-01
9.940124e-03,5.488322e-02,3.207617e-01,8.872233e-03,6.339021e-03,2.166507e-01,5.897596e-04,1.596469e-03,2.151838e-02,9.931962e-02,5.795262e-03,9.416677e-04,1.954182e-03,8.802577e-02,1.628120e-01
7.822991e-03,4.268926e-02,2.253335e-01,6.678469e-03,6.062689e-03,2.936637e-01,9.640568e-04,1.870910e-03,1.669358e-02,1.998001e-01,1.872732e-02,9.041419e-04,2.035270e-03,6.198837e-02,1.147657e-01
6.461570e-03,3.341568e-02,1.585254e-01,5.154787e-03,6.527650e-03,3.338537e-01,1.182806e-03,1.591343e-03,1.293662e-02,2.856968e-01,2.629788e-02,1.020281e-03,2.300492e-03,4.382506e-02,8.121001e-02
5.903262e-03,2.645203e-02,1.116200e-01,4.014018e-03,7.366475e-03,4.065775e-01,1.626218e-03,1.549473e-03,9.460413e-03,3.041283e-01,2.829188e-02,1.918716e-03,2.112631e-03,3.108900e-02,5.789008e-02
7.616713e-03,2.130541e-02,7.916987e-02,4.567512e-03,9.367233e-03,3.777898e-01,1.846433e-03,2.875091e-03,1.072589e-02,3.671236e-01,4.326554e-02,4.162812e-03,3.384775e-03,2.381730e-02,4.298212e-02
8.817901e-03,1.994835e-02,5.726901e-02,4.486604e-03,8.850457e-03,3.011912e-01,2.065075e-03,2.267102e-03,1.088271e-02,4.693525e-01,4.487497e-02,5.104248e-03,3.337762e-03,2.197414e-02,3.957802e-02
6.721785e-03,1.453213e-02,4.133666e-02,4.331139e-03,7.525757e-03,2.236184e-01,1.549264e-03,1.856385e-03,9.642475e-03,4.675912e-01,4.210274e-02,4.516975e-03,4.544641e-03,4.378540e-02,1.263451e-01
5.658471e-03,1.083162e-02,3.054376e-02,3.744561e-03,7.848556e-03,1.603802e-01,1.142742e-03,1.553805e-03,9.046248e-03,3.773035e-01,6.114297e-02,4.121956e-03,5.637486e-03,1.482962e-01,1.727480e-01
4.110062e-03,7.680838e-03,2.272583e-02,2.663526e-03,5.763357e-03,1.125707e-01,8.118317e-04,1.214171e-03,7.597263e-03,2.723017e-01,4.606770e-02,3.072098e-03,4.271005e-03,2.409988e-01,2.681511e-01
3.021377e-03,5.476492e-03,1.698467e-02,1.957567e-03,6.744565e-03,7.948057e-02,6.393881e-04,1.183066e-03,8.552762e-03,2.083400e-01,3.677864e-02,2.659634e-03,3.469037e-03,3.209016e-01,3.038106e-01
3.764391e-03,4.245951e-03,1.279621e-02,1.987142e-03,1.745869e-02,5.693213e-02,6.318993e-04,2.131191e-03,1.444800e-02,1.714691e-01,3.413358e-02,2.441165e-03,5.060052e-03,2.893629e-01,3.831376e-01
8.958350e-03,4.821292e-03,3.967747e-02,4.817300e-03,1.545317e-02,4.168744e-02,6.309748e-04,1.755894e-03,1.929759e-02,1.300887e-01,1.575694e-01,4.276501e-03,1.626690e-02,2.187245e-01,3.359745e-01
1.837523e-02,5.285050e-03,3.692083e-02,9.805008e-03,1.710046e-02,4.020568e-02,6.435965e-04,2.176644e-03,2.933004e-02,1.466514e-01,1.734149e-01,1.047082e-02,3.219664e-02,1.866862e-01,2.907375e-01
1.640635e-02,4.817931e-03,1.004940e-01,1.498907e-02,3.140154e-02,2.936904e-02,1.704762e-03,3.619326e-02,2.933977e-02,1.187452e-01,1.865739e-01,1.193877e-02,3.300111e-02,1.672171e-01,2.178083e-01
1.687728e-02,4.613020e-03,8.644198e-02,3.378098e-02,5.259952e-02,2.262605e-02,1.555182e-03,3.824503e-02,3.162456e-02,1.136758e-01,1.497362e-01,1.140915e-02,2.788162e-02,1.453055e-01,2.636282e-01
2.579038e-02,8.151112e-03,1.695451e-01,3.770560e-02,5.380074e-02,1.754722e-02,1.718836e-03,3.266454e-02,3.452175e-02,9.530845e-02,1.612712e-01,1.022298e-02,2.703516e-02,1.157561e-01,2.089609e-01
3.871714e-02,1.901355e-02,1.894173e-01,3.433501e-02,1.522584e-01,1.726515e-02,5.690752e-03,2.592838e-02,3.082783e-02,9.231904e-02,1.255727e-01,7.503198e-03,2.049207e-02,8.610289e-02,1.545566e-01
3.419033e-02,2.843310e-02,1.537482e-01,3.783477e-02,3.133162e-01,1.361681e-02,6.773328e-03,2.188008e-02,3.782970e-02,6.880011e-02,9.099608e-02,5.545908e-03,1.514474e-02,6.296750e-02,1.089232e-01
3.841036e-02,3.844548e-02,1.301233e-01,7.427698e-02,3.802251e-01,1.158565e-02,7.316962e-03,1.991716e-02,3.655431e-02,5.147852e-02,6.909159e-02,5.976351e-03,1.333545e-02,4.518511e-02,7.807769e-02
6.259264e-02,5.080527e-02,1.125648e-01,7.686997e-02,3.939426e-01,1.284697e-02,7.426699e-03,1.766370e-02,4.344269e-02,4.356579e-02,6.111182e-02,8.227522e-03,1.310241e-02,3.410269e-02,6.173445e-02
5.253246e-02,6.269111e-02,9.602714e-02,1.871353e-01,3.310355e-01,1.263363e-02,7.224202e-03,1.442596e-02,4.871669e-02,3.180754e-02,5.616886e-02,1.235991e-02,1.129571e-02,2.526275e-02,5.068323e-02
4.582721e-02,1.394126e-01,8.613086e-02,1.806888e-01,2.453875e-01,1.351935e-02,6.228941e-03,1.101904e-02,8.795963e-02,3.315690e-02,4.805546e-02,1.428115e-02,1.142006e-02,1.883209e-02,5.808036e-02
3.260653e-02,1.264386e-01,7.796373e-02,2.896946e-01,1.740634e-01,9.957002e-03,4.464216e-03,7.868119e-03,1.150491e-01,2.438327e-02,4.956123e-02,1.119735e-02,1.163537e-02,1.325995e-02,5.185754e-02
2.635154e-02,1.345525e-01,6.550095e-02,2.541267e-01,1.249104e-01,9.761553e-03,3.506109e-03,6.350091e-03,1.336663e-01,1.845313e-02,8.280656e-02,1.445199e-02,5.857009e-02,1.128031e-02,5.571179e-02
2.248839e-02,1.038541e-01,4.993711e-02,2.012046e-01,8.810423e-02,8.160854e-03,2.580316e-03,4.710532e-03,1.177160e-01,3.114126e-02,1.941813e-01,1.624609e-02,8.500186e-02,9.898944e-03,6.477442e-02
1.609166e-02,7.409160e-02,3.595484e-02,1.473766e-01,6.276648e-02,6.089882e-03,1.845333e-03,3.334427e-03,1.137739e-01,3.981748e-02,3.113362e-01,1.764858e-02,9.556578e-02,8.292656e-03,6.601450e-02
1.245440e-02,5.409346e-02,3.380231e-02,1.585005e-01,4.635895e-02,5.933412e-03,1.338430e-03,2.580373e-03,9.400165e-02,1.186562e-01,2.851065e-01,1.648802e-02,8.433077e-02,1.098236e-02,7.537262e-02
1.015498e-02,3.894734e-02,3.134440e-02,1.232880e-01,3.603879e-02,5.374138e-03,9.880741e-04,2.132694e-03,7.166635e-02,1.844710e-01,2.908111e-01,1.425817e-02,7.378048e-02,2.208576e-02,9.465870e-02
7.426185e-03,2.798027e-02,2.306113e-02,8.780154e-02,2.563436e-02,4.138275e-03,7.103324e-04,1.548635e-03,5.432578e-02,2.735729e-01,2.074252e-01,1.069171e-02,5.643017e-02,1.843159e-02,2.008220e-01
5.646634e-03,2.108009e-02,1.734656e-02,6.506373e-02,1.854737e-02,3.513796e-03,5.299908e-04,1.226180e-03,4.639817e-02,2.566904e-01,1.492737e-01,8.303729e-03,4.326707e-02,1.943188e-02,3.436808e-01
4.342649e-03,1.579974e-02,1.283277e-02,4.608108e-02,1.316705e-02,2.917303e-03,3.827568e-04,9.191776e-04,3.589279e-02,2.185218e-01,1.141233e-01,6.515097e-03,3.250370e-02,1.930050e-02,4.767003e-01
3.309956e-03,1.142288e-02,1.085346e-02,3.266092e-02,9.320849e-03,6.010920e-03,3.228252e-04,7.359937e-04,2.785528e-02,2.375470e-01,8.425928e-02,4.980241e-03,2.527554e-02,1.484064e-02,5.306042e-01
2.882958e-03,8.327009e-03,1.241788e-02,2.439624e-02,6.704122e-03,1.128196e-02,3.741182e-04,8.094418e-04,2.259055e-02,2.481285e-01,6.927693e-02,4.499286e-03,2.574931e-02,1.237268e-02,5.501890e-01
4.364124e-03,6.092105e-03,1.202229e-02,1.838098e-02,5.036749e-03,3.325150e-02,3.536528e-04,1.570361e-03,1.804458e-02,2.551880e-01,9.959682e-02,6.410910e-03,3.134980e-02,1.348500e-02,4.948532e-01
6.176032e-03,4.650664e-03,2.940905e-02,1.548333e-02,4.240956e-03,3.379583e-02,3.580822e-04,2.691984e-03,1.707893e-02,3.073413e-01,9.979826e-02,7.186904e-03,3.353748e-02,1.502198e-02,4.232293e-01
9.138832e-03,5.125694e-03,4.209782e-02,1.370672e-02,3.897868e-03,2.701321e-02,2.915032e-04,3.077277e-03,4.274338e-02,3.263913e-01,9.940254e-02,7.063984e-03,2.962250e-02,2.649791e-02,3.639295e-01
1.065178e-02,6.291249e-03,7.547078e-02,1.654319e-02,6.440564e-03,2.062107e-02,2.874672e-04,5.212856e-03,7.928891e-02,3.236358e-01,8.520165e-02,7.636303e-03,2.729470e-02,3.723609e-02,2.981876e-01
9.836672e-03,5.086120e-03,2.687547e-01,1.381440e-02,1.013605e-02,1.475427e-02,4.624134e-04,1.116144e-02,7.488412e-02,2.358249e-01,7.452382e-02,6.193459e-03,2.115691e-02,3.378625e-02,2.196245e-01
1.063264e-02,1.200283e-02,3.735625e-01,1.226565e-02,1.139995e-02,1.122116e-02,3.738680e-04,1.079638e-02,1.072567e-01,1.722775e-01,6.096155e-02,4.673767e-03,1.540553e-02,3.159788e-02,1.655720e-01
1.748702e-02,2.013884e-02,4.324427e-01,1.128178e-02,1.166534e-02,8.709560e-03,3.197227e-04,1.185689e-02,1.115116e-01,1.285547e-01,4.656398e-02,3.478269e-03,1.130184e-02,3.841791e-02,1.462697e-01
5.653743e-02,3.023473e-02,4.103023e-01,9.373398e-03,1.482651e-02,1.037731e-02,3.443244e-04,1.250291e-02,8.903046e-02,9.889056e-02,3.449175e-02,2.590533e-03,8.471634e-03,5.838861e-02,1.636375e-01
7.181288e-02,5.031871e-02,3.707151e-01,1.083811e-02,1.887851e-02,1.193662e-02,3.672817e-04,4.236521e-02,9.286954e-02,7.570968e-02,2.563192e-02,1.961499e-03,6.691096e-03,9.229153e-02,1.276124e-01
6.980295e-02,4.916417e-02,4.243682e-01,1.714014e-02,1.761206e-02,9.513536e-03,3.363728e-04,4.731072e-02,1.118676e-01,5.597824e-02,1.901887e-02,1.441854e-03,4.913454e-03,7.743179e-02,9.410011e-02
6.306031e-02,4.370996e-02,3.795485e-01,1.592169e-02,1.646604e-02,7.362654e-03,4.738384e-04,1.186224e-01,1.203929e-01,4.129472e-02,1.427196e-02,1.142284e-03,3.848742e-03,9.741089e-02,7.647314e-02
6.334582e-02,4.533526e-02,3.312936e-01,1.307187e-02,2.189555e-02,6.253688e-03,7.348155e-04,1.708722e-01,9.289357e-02,3.047023e-02,1.032616e-02,8.766773e-04,2.980615e-03,1.443506e-01,6.529935e-02
7.276420e-02,5.706918e-02,3.588708e-01,1.249081e-02,1.877600e-02,5.042529e-03,7.671388e-04,1.654323e-01,8.007734e-02,2.993708e-02,8.263342e-03,8.267378e-04,2.618748e-03,1.246017e-01,6.246203e-02
5.282052e-02,4.145065e-02,2.753904e-01,1.809229e-01,1.694750e-02,3.924842e-03,6.183030e-04,1.170224e-01,1.123675e-01,2.336510e-02,3.687610e-02,1.342011e-03,4.369652e-03,8.745094e-02,4.513118e-02
3.711221e-02,3.105166e-02,2.170172e-01,3.414519e-01,1.299114e-02,3.030999e-03,5.064286e-04,8.215395e-02,9.038879e-02,2.741688e-02,5.539960e-02,3.660880e-03,3.863949e-03,6.157979e-02,3.237461e-02
2.608946e-02,2.301186e-02,1.612635e-01,4.119936e-01,9.343138e-03,2.180794e-03,3.950199e-04,5.756248e-02,7.061667e-02,2.178742e-02,1.053187e-01,3.938043e-02,3.930714e-03,4.400610e-02,2.312006e-02
1.849443e-02,1.647823e-02,1.148947e-01,3.617305e-01,6.798948e-03,1.635923e-03,2.970578e-04,4.031346e-02,5.340480e-02,1.979315e-02,2.131210e-01,9.644505e-02,3.653132e-03,3.635656e-02,1.658308e-02
1.325235e-02,1.171087e-02,8.164984e-02,2.965115e-01,5.461112e-03,1.514894e-03,2.576551e-04,2.825487e-02,3.937649e-02,1.929061e-02,2.996905e-01,1.585609e-01,3.939343e-03,2.810755e-02,1.242157e-02
9.379207e-03,8.254169e-03,5.732106e-02,2.109413e-01,6.906466e-03,1.155381e-03,2.066276e-04,1.979630e-02,2.919435e-02,1.690617e-02,4.292319e-01,1.717379e-01,3.845788e-03,2.614612e-02,8.977252e-03
6.658351e-03,5.849149e-03,4.019517e-02,1.485327e-01,2.227789e-02,9.208655e-04,2.051022e-04,1.407294e-02,2.719394e-02,1.984891e-02,5.080804e-01,1.673975e-01,4.129175e-03,2.773528e-02,6.902614e-03
4.749222e-03,4.365729e-03,2.837645e-02,1.048431e-01,2.806818e-02,2.466379e-03,1.619173e-03,1.018277e-02,1.366952e-01,1.679938e-02,4.766393e-01,1.499761e-01,5.517341e-03,2.273527e-02,6.966365e-03
3.478478e-03,3.622202e-03,2.037811e-02,7.515643e-02,4.463895e-02,3.594545e-03,1.534096e-03,7.454501e-03,2.683092e-01,1.424959e-02,3.893332e-01,1.369524e-01,7.277863e-03,1.836749e-02,5.652966e-03
2.946484e-03,2.926284e-03,1.575561e-02,5.437356e-02,1.201352e-01,4.865224e-03,1.458964e-03,7.169504e-03,2.578142e-01,1.479960e-02,3.048346e-01,1.654233e-01,2.446733e-02,1.735163e-02,5.678500e-03
2.364523e-03,2.160356e-03,1.140210e-02,3.860440e-02,1.004239e-01,5.981999e-03,1.543574e-03,5.114606e-03,1.936403e-01,1.414887e-02,2.707789e-01,2.768938e-01,5.668653e-02,1.392511e-02,6.331119e-03
2.038536e-03,1.695922e-03,8.303178e-03,2.726205e-02,7.448585e-02,5.269472e-03,1.585088e-03,3.647021e-03,1.430130e-01,1.266246e-02,2.374539e-01,3.887855e-01,7.524967e-02,1.172433e-02,6.824101e-03
1.831894e-03,2.739555e-03,6.627428e-03,1.956035e-02,5.466930e-02,4.485145e-03,1.568428e-03,4.384661e-03,1.617263e-01,1.770195e-02,3.053313e-01,3.214507e-01,7.642286e-02,1.268415e-02,8.815954e-03
1.514030e-03,5.428373e-03,5.939072e-03,1.388969e-02,4.254727e-02,3.970900e-03,1.252117e-03,4.343083e-03,3.519887e-01,1.301482e-02,2.489057e-01,2.313525e-01,5.969759e-02,9.270378e-03,6.885714e-03
5.132998e-03,6.473361e-03,2.833769e-02,2.791631e-02,1.094261e-01,6.402874e-03,2.566022e-03,7.003248e-03,3.688089e-01,1.094611e-02,2.048612e-01,1.637236e-01,4.679339e-02,6.677380e-03,4.930886e-03
1.336374e-02,9.112528e-03,2.631939e-02,2.838809e-02,2.430074e-01,3.115283e-02,1.505385e-02,6.692455e-03,2.943275e-01,9.338283e-03,1.641423e-01,1.151012e-01,3.556546e-02,4.773091e-03,3.661964e-03
1.316356e-02,8.374198e-03,3.201802e-02,5.177332e-02,3.685276e-01,2.777665e-02,2.908371e-02,1.033730e-02,2.227874e-01,7.194905e-03,1.166701e-01,8.072453e-02,2.557020e-02,3.369543e-03,2.629005e-03
1.355617e-02,6.296028e-03,2.587222e-02,3.781132e-02,3.322444e-01,2.081693e-02,3.340752e-02,2.043827e-01,1.586733e-01,5.139860e-03,8.248211e-02,5.662462e-02,1.837422e-02,2.383604e-03,1.935077e-03
1.283511e-02,4.545053e-03,1.974396e-02,2.713411e-02,2.822434e-01,1.555001e-02,4.329226e-02,3.641795e-01,1.120052e-01,3.736188e-03,5.845765e-02,3.971528e-02,1.335441e-02,1.691593e-03,1.516320e-03
1.184708e-02,3.769091e-03,1.448809e-02,1.984644e-02,2.109059e-01,1.179643e-02,3.643012e-02,5.242972e-01,7.887895e-02,3.167512e-03,4.300113e-02,2.800001e-02,1.073792e-02,1.241483e-03,1.592690e-03
1.029962e-02,3.123273e-03,1.559353e-02,1.410486e-02,1.567389e-01,1.001753e-02,3.419546e-02,6.359618e-01,5.531142e-02,2.605885e-03,3.064797e-02,1.969757e-02,8.757547e-03,9.388156e-04,2.005836e-03
1.777421e-02,4.888278e-03,1.993132e-02,1.057102e-02,1.360013e-01,1.286003e-02,4.030980e-02,6.624566e-01,3.910686e-02,2.880958e-03,2.234126e-02,1.441932e-02,1.014393e-02,8.187287e-04,5.496457e-03
1.948243e-02,5.500808e-03,1.946542e-02,8.780386e-03,1.306368e-01,1.676240e-02,4.613856e-02,6.368456e-01,2.800237e-02,1.611131e-02,1.668365e-02,1.054180e-02,2.610628e-02,1.454825e-03,1.748735e-02
2.171236e-02,6.437535e-03,1.723333e-02,7.695202e-03,9.958723e-02,3.535910e-02,4.657447e-02,5.185331e-01,2.483114e-02,5.012361e-02,2.483761e-02,9.437014e-03,8.468235e-02,4.203983e-03,4.875194e-02
1.222291e-01,9.437183e-03,1.917250e-02,8.261747e-03,7.479661e-02,3.838925e-02,4.421193e-02,4.377908e-01,2.234160e-02,5.649721e-02,3.224307e-02,1.495627e-02,7.141358e-02,6.246849e-03,4.201230e-02
2.577656e-01,9.445400e-03,2.303086e-02,1.134108e-02,5.657605e-02,3.380055e-02,3.847250e-02,3.633159e-01,2.019009e-02,4.380611e-02,2.745010e-02,1.469367e-02,5.506452e-02,7.209557e-03,3.783812e-02
2.971005e-01,1.373246e-02,2.491156e-02,2.167247e-02,4.344044e-02,4.500293e-02,3.003603e-02,2.681630e-01,3.370006e-02,7.433131e-02,2.901560e-02,2.103585e-02,4.606314e-02,7.592339e-03,4.420232e-02
3.003981e-01,1.466724e-02,1.958855e-02,2.347216e-02,3.184621e-02,6.007823e-02,2.213978e-02,1.909290e-01,4.110435e-02,7.708015e-02,4.354673e-02,5.682819e-02,5.694912e-02,1.031018e-02,5.106200e-02
3.111781e-01,2.076498e-02,1.788619e-02,3.093636e-02,2.409623e-02,6.967549e-02,1.685985e-02,1.371824e-01,4.445913e-02,9.590247e-02,4.272763e-02,7.868584e-02,5.071285e-02,9.696517e-03,4.923599e-02
3.148010e-01,1.736331e-02,1.556552e-02,2.600260e-02,1.914771e-02,7.314837e-02,1.262106e-02,9.710480e-02,3.945787e-02,9.291573e-02,6.157427e-02,1.342309e-01,4.750156e-02,9.597456e-03,3.896783e-02
2.406016e-01,1.306140e-02,1.121598e-02,1.978951e-02,1.390261e-02,5.866462e-02,9.114876e-03,6.813804e-02,3.489145e-02,7.774797e-02,5.785773e-02,3.218189e-01,3.664407e-02,7.590175e-03,2.896100e-02
1.852392e-01,9.680469e-03,7.990150e-03,1.451527e-02,1.010259e-02,4.581790e-02,6.502340e-03,4.779517e-02,3.018210e-02,6.338298e-02,6.108829e-02,4.635765e-01,2.701018e-02,5.955873e-03,2.116103e-02
1.404530e-01,7.640097e-03,5.909101e-03,1.084130e-02,1.661659e-02,3.340805e-02,5.372697e-03,3.361646e-02,5.129768e-02,5.219801e-02,6.884003e-02,5.324268e-01,2.046213e-02,5.096601e-03,1.582149e-02
1.229009e-01,6.227182e-03,4.750891e-03,8.806285e-03,3.466602e-02,2.668406e-02,1.520310e-02,2.472186e-02,6.437131e-02,4.762354e-02,6.689467e-02,5.443316e-01,1.545215e-02,4.767707e-03,1.259882e-02
9.471428e-02,6.934972e-03,3.679863e-03,6.650716e-03,6.605822e-02,2.300776e-02,1.478058e-02,1.860437e-02,1.560279e-01,4.122958e-02,6.244221e-02,4.785935e-01,1.244120e-02,5.046565e-03,9.788285e-03
6.761733e-02,7.826326e-03,2.677649e-03,4.798520e-03,6.260065e-02,1.789883e-02,1.293431e-02,1.347006e-02,2.789520e-01,3.222333e-02,6.690291e-02,4.069014e-01,1.269776e-02,4.305955e-03,8.192920e-03
4.961292e-02,1.430321e-02,2.163813e-03,3.571590e-03,4.951606e-02,1.901417e-02,1.376227e-02,1.080615e-02,3.352296e-01,2.420441e-02,1.158348e-01,3.403252e-01,1.202481e-02,3.419553e-03,6.211380e-03
3.599497e-02,2.953647e-02,4.064910e-03,3.347024e-03,4.483167e-02,2.470586e-02,1.202924e-02,1.797619e-02,3.888672e-01,1.848288e-02,1.299325e-01,2.696856e-01,1.252816e-02,3.029054e-03,4.988302e-03
2.669449e-02,2.737563e-02,4.374208e-03,3.196451e-03,4.190945e-02,3.078096e-02,9.756459e-03,4.596199e-02,4.742479e-01,1.359519e-02,1.099273e-01,1.942303e-01,1.108254e-02,2.568632e-03,4.298562e-03
2.051206e-02,2.760260e-02,5.185900e-03,3.062704e-03,3.277973e-02,3.139726e-02,7.938373e-03,8.840983e-02,4.700522e-01,1.097980e-02,1.052449e-01,1.464119e-01,4.308263e-02,2.806400e-03,4.533725e-03
1.570796e-02,4.572934e-02,5.979277e-03,3.270828e-03,2.905865e-02,2.893836e-02,6.513702e-03,1.044126e-01,4.683300e-01,9.930766e-03,8.692177e-02,1.347877e-01,5.291655e-02,2.744587e-03,4.757965e-03
1.211431e-02,4.198725e-02,6.948317e-03,7.173820e-03,2.381470e-02,8.666091e-02,5.264817e-03,8.947153e-02,3.789571e-01,8.820514e-03,7.776786e-02,1.220047e-01,1.304438e-01,2.649287e-03,5.921162e-03
9.333703e-03,3.003634e-02,8.795105e-03,3.814793e-02,1.969592e-02,1.814133e-01,4.354376e-03,6.894869e-02,2.818109e-01,6.808237e-03,6.222323e-02,9.575167e-02,1.852380e-01,2.103517e-03,5.339108e-03
6.864627e-03,2.131685e-02,6.969583e-03,2.805318e-02,1.531646e-02,1.593311e-01,3.447128e-03,5.000306e-02,2.027404e-01,5.292241e-03,5.347885e-02,7.991084e-02,3.601161e-01,1.541090e-03,5.618470e-03
5.682743e-03,1.588123e-02,5.735793e-03,2.054796e-02,1.219590e-02,1.215408e-01,3.227944e-03,3.642613e-02,1.528058e-01,7.050493e-03,7.358350e-02,1.040860e-01,4.193243e-01,1.279539e-03,2.063190e-02
4.766383e-03,1.628074e-02,9.878770e-03,1.605078e-02,1.210525e-02,8.830521e-02,2.842079e-03,2.660564e-02,1.201105e-01,3.120988e-02,9.608085e-02,1.078737e-01,4.020129e-01,2.637857e-03,6.323937e-02
4.438533e-03,1.283445e-02,7.541196e-03,1.270109e-02,1.154882e-02,6.401556e-02,2.250443e-03,1.894100e-02,1.245653e-01,3.273249e-02,1.103240e-01,1.056527e-01,3.829983e-01,2.961353e-02,7.984260e-02
4.219908e-03,1.174304e-02,5.814850e-03,9.597958e-03,9.322097e-03,4.590757e-02,1.594153e-03,1.332673e-02,1.247806e-01,4.266161e-02,9.800901e-02,7.734963e-02,2.844547e-01,8.446634e-02,1.867518e-01
4.528219e-03,1.814663e-02,5.877963e-03,8.930127e-03,8.139250e-03,3.548296e-02,1.182981e-03,1.041701e-02,1.750570e-01,3.904361e-02,8.524851e-02,5.672926e-02,2.082535e-01,8.817453e-02,2.547883e-01
4.005090e-03,1.408289e-02,4.503186e-03,6.663281e-03,6.811675e-03,2.570096e-02,8.639081e-04,7.351388e-03,2.372879e-01,3.892997e-02,8.227839e-02,4.165420e-02,1.478299e-01,9.240489e-02,2.896324e-01
4.365433e-03,1.167931e-02,7.270249e-03,9.520876e-03,6.137445e-03,1.968941e-02,7.388461e-04,5.716543e-03,3.591828e-01,3.780754e-02,6.853276e-02,3.042278e-02,1.059311e-01,7.373758e-02,2.592673e-01
9.152098e-03,1.066109e-02,9.195182e-03,8.505680e-03,5.972422e-03,1.511480e-02,6.220507e-04,5.076528e-03,3.586625e-01,3.982799e-02,8.033577e-02,2.311563e-02,7.787968e-02,1.041090e-01,2.517695e-01
1.249122e-02,9.274906e-03,1.408382e-02,8.368351e-03,5.338687e-03,1.231576e-02,5.893161e-04,7.298595e-03,4.187003e-01,3.414860e-02,8.059820e-02,1.825430e-02,5.948731e-02,1.283192e-01,1.907314e-01
1.450382e-02,1.001305e-02,2.350396e-02,9.351918e-03,1.080384e-02,9.983035e-03,5.096947e-04,9.613425e-03,4.413475e-01,3.060376e-02,1.014302e-01,1.378239e-02,4.545109e-02,1.388942e-01,1.402081e-01
1.329211e-02,1.161195e-02,3.278983e-02,3.769255e-02,1.452915e-02,1.197206e-02,4.814372e-04,4.507032e-02,4.679933e-01,2.503910e-02,8.100431e-02,1.026115e-02,3.298709e-02,1.151892e-01,1.000864e-01
1.026294e-02,9.183012e-03,2.696681e-02,1.459483e-01,1.453806e-02,1.359236e-02,3.851030e-04,3.175137e-02,4.644106e-01,1.900371e-02,7.695852e-02,7.900127e-03,2.716348e-02,8.102579e-02,7.090975e-02
8.160740e-03,7.106056e-03,1.998720e-02,1.209573e-01,1.441447e-02,1.530070e-02,3.083938e-04,2.265863e-02,4.014831e-01,1.840012e-02,1.914028e-01,1.546119e-02,5.209245e-02,5.919539e-02,5.307142e-02
7.667407e-03,5.560237e-03,1.540144e-02,8.929995e-02,1.260412e-02,1.202438e-02,4.196413e-04,1.631116e-02,3.424767e-01,5.416408e-02,2.135688e-01,3.186990e-02,9.682560e-02,4.557584e-02,5.623075e-02
8.209713e-03,4.244893e-03,2.233119e-02,6.523779e-02,1.665136e-02,1.043536e-02,2.111231e-03,2.679971e-02,2.491839e-01,5.332121e-02,2.696546e-01,4.714685e-02,1.284493e-01,3.522358e-02,6.099931e-02
7.367774e-03,3.479311e-03,7.792646e-02,4.832816e-02,1.658032e-02,8.932599e-03,2.696673e-02,1.518865e-01,1.755091e-01,5.333384e-02,2.128190e-01,3.532576e-02,1.069694e-01,2.506288e-02,4.951217e-02
6.281442e-03,3.093511e-03,8.870423e-02,3.918763e-02,2.046790e-02,2.232383e-02,5.592834e-02,2.914042e-01,1.236815e-01,3.902568e-02,1.521689e-01,2.526927e-02,7.762001e-02,1.773682e-02,3.710673e-02
5.796747e-03,3.260722e-03,1.592564e-01,3.466026e-02,1.948154e-02,3.900664e-02,6.412743e-02,3.286326e-01,8.723950e-02,2.873547e-02,1.107629e-01,1.912483e-02,6.064409e-02,1.255042e-02,2.672048e-02
8.174187e-03,3.315728e-03,1.512647e-01,2.726034e-02,2.022973e-02,3.129430e-02,1.114626e-01,3.827632e-01,6.307345e-02,2.148563e-02,8.643182e-02,1.454428e-02,4.935697e-02,9.283135e-03,2.006000e-02
1.027372e-02,3.892317e-03,1.485070e-01,2.173476e-02,1.893687e-02,3.086699e-02,1.419929e-01,4.000743e-01,4.743484e-02,1.717572e-02,7.650988e-02,1.249774e-02,4.772383e-02,6.855071e-03,1.552398e-02
1.522680e-02,6.552550e-03,1.586225e-01,1.750836e-02,1.882843e-02,3.463386e-02,1.649145e-01,3.255147e-01,4.669023e-02,2.393842e-02,9.662719e-02,1.278779e-02,5.862034e-02,5.366887e-03,1.416748e-02
1.489044e-02,8.813334e-03,1.401085e-01,1.695065e-02,1.639026e-02,2.743997e-02,2.061039e-01,3.454260e-01,3.949602e-02,2.283111e-02,8.408274e-02,1.032774e-02,5.052803e-02,3.982516e-03,1.262871e-02
1.616795e-02,9.670378e-03,1.280859e-01,1.306106e-02,1.354780e-02,2.285378e-02,3.168456e-01,2.917485e-01,3.278507e-02,1.952388e-02,6.317899e-02,7.960967e-03,4.993851e-02,2.983340e-03,1.164826e-02
2.021933e-02,1.024809e-02,1.057727e-01,1.116021e-02,1.220616e-02,1.792828e-02,3.852562e-01,2.657856e-01,4.160165e-02,2.292350e-02,4.545755e-02,5.987107e-03,4.098202e-02,2.195477e-03,1.227602e-02
2.348396e-02,9.775620e-03,8.424989e-02,9.259581e-03,1.029788e-02,1.402879e-02,4.969240e-01,2.113465e-01,3.613826e-02,1.928191e-02,3.265245e-02,4.741133e-03,3.424708e-02,1.617714e-03,1.195522e-02
2.885710e-02,1.039536e-02,6.968880e-02,8.417284e-03,1.606209e-02,1.278112e-02,5.321944e-01,1.819943e-01,3.839237e-02,1.955744e-02,2.451039e-02,5.073736e-03,3.595559e-02,1.230961e-03,1.488912e-02
3.560081e-02,9.919872e-03,5.848433e-02,7.658685e-03,2.052337e-02,1.220733e-02,5.392972e-01,1.796527e-01,3.932879e-02,2.319627e-02,1.900145e-02,5.226351e-03,3.333878e-02,1.085918e-03,1.547825e-02
4.500642e-02,9.140246e-03,5.051585e-02,6.377697e-03,2.080741e-02,1.016303e-02,5.670473e-01,1.598645e-01,3.950233e-02,2.459651e-02,1.479661e-02,4.708481e-03,2.629136e-02,1.170652e-03,2.001163e-02
6.040207e-02,1.180565e-02,4.941883e-02,6.589343e-03,3.108757e-02,1.202772e-02,4.777618e-01,1.925599e-01,4.907242e-02,2.804380e-02,1.392080e-02,5.160460e-03,2.303858e-02,1.756069e-03,3.735512e-02
6.919283e-02,1.742880e-02,5.082200e-02,5.890483e-03,4.848136e-02,1.458334e-02,3.840120e-01,2.132076e-01,8.231843e-02,2.860906e-02,1.633581e-02,5.867463e-03,2.225874e-02,2.331635e-03,3.866041e-02
1.044261e-01,2.265129e-02,4.498500e-02,6.301827e-03,5.337326e-02,1.581798e-02,2.912318e-01,2.222880e-01,1.143769e-01,2.816765e-02,1.817355e-02,7.364374e-03,2.889547e-02,3.289084e-03,3.865768e-02
9.312686e-02,2.994826e-02,4.508663e-02,2.568090e-02,4.186336e-02,1.980625e-02,2.145053e-01,2.411479e-01,9.967946e-02,5.502005e-02,4.765550e-02,1.657428e-02,2.409950e-02,2.795311e-03,4.301051e-02
7.742864e-02,4.017356e-02,3.857118e-02,4.266804e-02,3.127693e-02,2.303059e-02,1.514498e-01,1.896340e-01,1.051123e-01,9.698473e-02,6.815839e-02,3.171115e-02,2.447918e-02,2.554200e-03,7.676730e-02
6.085635e-02,3.723399e-02,3.333467e-02,3.790201e-02,2.372999e-02,1.866900e-02,1.063949e-01,1.414630e-01,1.130004e-01,1.819178e-01,8.507411e-02,4.173580e-02,3.562997e-02,2.884658e-03,8.017346e-02
4.947725e-02,3.563356e-02,2.951985e-02,3.760041e-02,2.063144e-02,1.526635e-02,7.513557e-02,1.085250e-01,1.595567e-01,1.888379e-01,8.938026e-02,5.598557e-02,5.187364e-02,2.785426e-03,7.979101e-02
