1.000000e+00,0.000000e+00,0.000000e+00,0.000000e+00,0.000000e+00,0.000000e+00,0.000000e+00,0.000000e+00,0.000000e+00,0.000000e+00,0.000000e+00,0.000000e+00,0.000000e+00,0.000000e+00,0.000000e+00
1.000000e+00,0.000000e+00,0.000000e+00,0.000000e+00,0.000000e+00,0.000000e+00,0.000000e+00,0.000000e+00,0.000000e+00,0.000000e+00,0.000000e+00,0.000000e+00,0.000000e+00,0.000000e+00,0.000000e+00
1.000000e+00,0.000000e+00,0.000000e+00,0.000000e+00,0.000000e+00,0.000000e+00,0.000000e+00,0.000000e+00,0.000000e+00,0.000000e+00,0.000000e+00,0.000000e+00,0.000000e+00,0.000000e+00,0.000000e+00
1.000000e+00,0.000000e+00,0.000000e+00,0.000000e+00,0.000000e+00,0.000000e+00,0.000000e+00,0.000000e+00,0.000000e+00,0.000000e+00,0.000000e+00,0.000000e+00,0.000000e+00,0.000000e+00,0.000000e+00
1.000000e+00,0.000000e+00,0.000000e+00,0.000000e+00,0.000000e+00,0.000000e+00,0.000000e+00,0.000000e+00,0.000000e+00,0.000000e+00,0.000000e+00,0.000000e+00,0.000000e+00,0.000000e+00,0.000000e+00
1.000000e+00,0.000000e+00,0.000000e+00,0.000000e+00,0.000000e+00,0.000000e+00,0.000000e+00,0.000000e+00,0.000000e+00,0.000000e+00,0.000000e+00,0.000000e+00,0.000000e+00,0.000000e+00,0.000000e+00
1.000000e+00,0.000000e+00,0.000000e+00,0.000000e+00,0.000000e+00,0.000000e+00,0.000000e+00,0.000000e+00,0.000000e+00,0.000000e+00,0.000000e+00,0.000000e+00,0.000000e+00,0.000000e+00,0.000000e+00
1.000000e+00,0.000000e+00,0.000000e+00,0.000000e+00,0.000000e+00,0.000000e+00,0.000000e+00,0.000000e+00,0.000000e+00,0.000000e+00,0.000000e+00,0.000000e+00,0.000000e+00,0.000000e+00,0.000000e+00
1.000000e+00,0.000000e+00,0.000000e+00,0.000000e+00,0.000000e+00,0.000000e+00,0.000000e+00,0.000000e+00,0.000000e+00,0.000000e+00,0.000000e+00,0.000000e+00,0.000000e+00,0.000000e+00,0.000000e+00
1.000000e+00,0.000000e+00,0.000000e+00,0.000000e+00,0.000000e+00,0.000000e+00,0.000000e+00,0.000000e+00,0.000000e+00,0.000000e+00,0.000000e+00,0.000000e+00,0.000000e+00,0.000000e+00,0.000000e+00
1.000000e+00,0.000000e+00,0.000000e+00,0.000000e+00,0.000000e+00,0.000000e+00,0.000000e+00,0.000000e+00,0.000000e+00,0.000000e+00,0.000000e+00,0.000000e+00,0.000000e+00,0.000000e+00,0.000000e+00
1.000000e+00,0.000000e+00,0.000000e+00,0.000000e+00,0.000000e+00,0.000000e+00,0.000000e+00,0.000000e+00,0.000000e+00,0.000000e+00,0.000000e+00,0.000000e+00,0.000000e+00,0.000000e+00,0.000000e+00
1.000000e+00,0.000000e+00,0.000000e+00,0.000000e+00,0.000000e+00,0.000000e+00,0.000000e+00,0.000000e+00,0.000000e+00,0.000000e+00,0.000000e+00,0.000000e+00,0.000000e+00,0.000000e+00,0.000000e+00
1.000000e+00,0.000000e+00,0.000000e+00,0.000000e+00,0.000000e+00,0.000000e+00,0.000000e+00,0.000000e+00,0.000000e+00,0.000000e+00,0.000000e+00,0.000000e+00,0.000000e+00,0.000000e+00,0.000000e+00
1.000000e+00,0.000000e+00,0.000000e+00,0.000000e+00,0.000000e+00,0.000000e+00,0.000000e+00,0.000000e+00,0.000000e+00,0.000000e+00,0.000000e+00,0.000000e+00,0.000000e+00,0.000000e+00,0.000000e+00
1.000000e+00,0.000000e+00,0.000000e+00,0.000000e+00,0.000000e+00,0.000000e+00,0.000000e+00,0.000000e+00,0.000000e+00,0.000000e+00,0.000000e+00,0.000000e+00,0.000000e+00,0.000000e+00,0.000000e+00
1.000000e+00,0.000000e+00,0.000000e+00,0.000000e+00,0.000000e+00,0.000000e+00,0.000000e+00,0.000000e+00,0.000000e+00,0.000000e+00,0.000000e+00,0.000000e+00,0.000000e+00,0.000000e+00,0.000000e+00
1.000000e+00,0.000000e+00,0.000000e+00,0.000000e+00,0.000000e+00,0.000000e+00,0.000000e+00,0.000000e+00,0.000000e+00,0.000000e+00,0.000000e+00,0.000000e+00,0.000000e+00,0.000000e+00,0.000000e+00
1.000000e+00,0.000000e+00,0.000000e+00,0.000000e+00,0.000000e+00,0.000000e+00,0.000000e+00,0.000000e+00,0.000000e+00,0.000000e+00,0.000000e+00,0.000000e+00,0.000000e+00,0.000000e+00,0.000000e+00
1.000000e+00,0.000000e+00,0.000000e+00,0.000000e+00,0.000000e+00,0.000000e+00,0.000000e+00,0.000000e+00,0.000000e+00,0.000000e+00,0.000000e+00,0.000000e+00,0.000000e+00,0.000000e+00,0.000000e+00
1.000000e+00,0.000000e+00,0.000000e+00,0.000000e+00,0.000000e+00,0.000000e+00,0.000000e+00,0.000000e+00,0.000000e+00,0.000000e+00,0.000000e+00,0.000000e+00,0.000000e+00,0.000000e+00,0.000000e+00
1.000000e+00,0.000000e+00,0.000000e+00,0.000000e+00,0.000000e+00,0.000000e+00,0.000000e+00,0.000000e+00,0.000000e+00,0.000000e+00,0.000000e+00,0.000000e+00,0.000000e+00,0.000000e+00,0.000000e+00
1.000000e+00,0.000000e+00,0.000000e+00,0.000000e+00,0.000000e+00,0.000000e+00,0.000000e+00,0.000000e+00,0.000000e+00,0.000000e+00,0.000000e+00,0.000000e+00,0.000000e+00,0.000000e+00,0.000000e+00
1.000000e+00,0.000000e+00,0.000000e+00,0.000000e+00,0.000000e+00,0.000000e+00,0.000000e+00,0.000000e+00,0.000000e+00,0.000000e+00,0.000000e+00,0.000000e+00,0.000000e+00,0.000000e+00,0.000000e+00
1.000000e+00,0.000000e+00,0.000000e+00,0.000000e+00,0.000000e+00,0.000000e+00,0.000000e+00,0.000000e+00,0.000000e+00,0.000000e+00,0.000000e+00,0.000000e+00,0.000000e+00,0.000000e+00,0.000000e+00
1.000000e+00,0.000000e+00,0.000000e+00,0.000000e+00,0.000000e+00,0.000000e+00,0.000000e+00,0.000000e+00,0.000000e+00,0.000000e+00,0.000000e+00,0.000000e+00,0.000000e+00,0.000000e+00,0.000000e+00
1.000000e+00,0.000000e+00,0.000000e+00,0.000000e+00,0.000000e+00,0.000000e+00,0.000000e+00,0.000000e+00,0.000000e+00,0.000000e+00,0.000000e+00,0.000000e+00,0.000000e+00,0.000000e+00,0.000000e+00
1.000000e+00,0.000000e+00,0.000000e+00,0.000000e+00,0.000000e+00,0.000000e+00,0.000000e+00,0.000000e+00,0.000000e+00,0.000000e+00,0.000000e+00,0.000000e+00,0.000000e+00,0.000000e+00,0.000000e+00
1.000000e+00,0.000000e+00,0.000000e+00,0.000000e+00,0.000000e+00,0.000000e+00,0.000000e+00,0.000000e+00,0.000000e+00,0.000000e+00,0.000000e+00,0.000000e+00,0.000000e+00,0.000000e+00,0.000000e+00
1.000000e+00,0.000000e+00,0.000000e+00,0.000000e+00,0.000000e+00,0.000000e+00,0.000000e+00,0.000000e+00,0.000000e+00,0.000000e+00,0.000000e+00,0.000000e+00,0.000000e+00,0.000000e+00,0.000000e+00
1.000000e+00,0.000000e+00,0.000000e+00,0.000000e+00,0.000000e+00,0.000000e+00,0.000000e+00,0.000000e+00,0.000000e+00,0.000000e+00,0.000000e+00,0.000000e+00,0.000000e+00,0.000000e+00,0.000000e+00
1.000000e+00,0.000000e+00,0.000000e+00,0.000000e+00,0.000000e+00,0.000000e+00,0.000000e+00,0.000000e+00,0.000000e+00,0.000000e+00,0.000000e+00,0.000000e+00,0.000000e+00,0.000000e+00,0.000000e+00
1.000000e+00,0.000000e+00,0.000000e+00,0.000000e+00,0.000000e+00,0.000000e+00,0.000000e+00,0.000000e+00,0.000000e+00,0.000000e+00,0.000000e+00,0.000000e+00,0.000000e+00,0.000000e+00,0.000000e+00
1.000000e+00,0.000000e+00,0.000000e+00,0.000000e+00,0.000000e+00,0.000000e+00,0.000000e+00,0.000000e+00,0.000000e+00,0.000000e+00,0.000000e+00,0.000000e+00,0.000000e+00,0.000000e+00,0.000000e+00
1.000000e+00,0.000000e+00,0.000000e+00,0.000000e+00,0.000000e+00,0.000000e+00,0.000000e+00,0.000000e+00,0.000000e+00,0.000000e+00,0.000000e+00,0.000000e+00,0.000000e+00,0.000000e+00,0.000000e+00
1.000000e+00,0.000000e+00,0.000000e+00,0.000000e+00,0.000000e+00,0.000000e+00,0.000000e+00,0.000000e+00,0.000000e+00,0.000000e+00,0.000000e+00,0.000000e+00,0.000000e+00,0.000000e+00,0.000000e+00
1.000000e+00,0.000000e+00,0.000000e+00,0.000000e+00,0.000000e+00,0.000000e+00,0.000000e+00,0.000000e+00,0.000000e+00,0.000000e+00,0.000000e+00,0.000000e+00,0.000000e+00,0.000000e+00,0.000000e+00
1.000000e+00,0.000000e+00,0.000000e+00,0.000000e+00,0.000000e+00,0.000000e+00,0.000000e+00,0.000000e+00,0.000000e+00,0.000000e+00,0.000000e+00,0.000000e+00,0.000000e+00,0.000000e+00,0.000000e+00
1.000000e+00,0.000000e+00,0.000000e+00,0.000000e+00,0.000000e+00,0.000000e+00,0.000000e+00,0.000000e+00,0.000000e+00,0.000000e+00,0.000000e+00,0.000000e+00,0.000000e+00,0.000000e+00,0.000000e+00
1.000000e+00,0.000000e+00,0.000000e+00,0.000000e+00,0.000000e+00,0.000000e+00,0.000000e+00,0.000000e+00,0.000000e+00,0.000000e+00,0.000000e+00,0.000000e+00,0.000000e+00,0.000000e+00,0.000000e+00
1.000000e+00,0.000000e+00,0.000000e+00,0.000000e+00,0.000000e+00,0.000000e+00,0.000000e+00,0.000000e+00,0.000000e+00,0.000000e+00,0.000000e+00,0.000000e+00,0.000000e+00,0.000000e+00,0.000000e+00
1.000000e+00,0.000000e+00,0.000000e+00,0.000000e+00,0.000000e+00,0.000000e+00,0.000000e+00,0.000000e+00,0.000000e+00,0.000000e+00,0.000000e+00,0.000000e+00,0.000000e+00,0.000000e+00,0.000000e+00
1.000000e+00,0.000000e+00,0.000000e+00,0.000000e+00,0.000000e+00,0.000000e+00,0.000000e+00,0.000000e+00,0.000000e+00,0.000000e+00,0.000000e+00,0.000000e+00,0.000000e+00,0.000000e+00,0.000000e+00
1.000000e+00,0.000000e+00,0.000000e+00,0.000000e+00,0.000000e+00,0.000000e+00,0.000000e+00,0.000000e+00,0.000000e+00,0.000000e+00,0.000000e+00,0.000000e+00,0.000000e+00,0.000000e+00,0.000000e+00
1.000000e+00,0.000000e+00,0.000000e+00,0.000000e+00,0.000000e+00,0.000000e+00,0.000000e+00,0.000000e+00,0.000000e+00,0.000000e+00,0.000000e+00,0.000000e+00,0.000000e+00,0.000000e+00,0.000000e+00
1.000000e+00,0.000000e+00,0.000000e+00,0.000000e+00,0.000000e+00,0.000000e+00,0.000000e+00,0.000000e+00,0.000000e+00,0.000000e+00,0.000000e+00,0.000000e+00,0.000000e+00,0.000000e+00,0.000000e+00
1.000000e+00,0.000000e+00,0.000000e+00,0.000000e+00,0.000000e+00,0.000000e+00,0.000000e+00,0.000000e+00,0.000000e+00,0.000000e+00,0.000000e+00,0.000000e+00,0.000000e+00,0.000000e+00,0.000000e+00
1.000000e+00,0.000000e+00,0.000000e+00,0.000000e+00,0.000000e+00,0.000000e+00,0.000000e+00,0.000000e+00,0.000000e+00,0.000000e+00,0.000000e+00,0.000000e+00,0.000000e+00,0.000000e+00,0.000000e+00
1.000000e+00,0.000000e+00,0.000000e+00,0.000000e+00,0.000000e+00,0.000000e+00,0.000000e+00,0.000000e+00,0.000000e+00,0.000000e+00,0.000000e+00,0.000000e+00,0.000000e+00,0.000000e+00,0.000000e+00
1.000000e+00,0.000000e+00,0.000000e+00,0.000000e+00,0.000000e+00,0.000000e+00,0.000000e+00,0.000000e+00,0.000000e+00,0.000000e+00,0.000000e+00,0.000000e+00,0.000000e+00,0.000000e+00,0.000000e+00
1.000000e+00,0.000000e+00,0.000000e+00,0.000000e+00,0.000000e+00,0.000000e+00,0.000000e+00,0.000000e+00,0.000000e+00,0.000000e+00,0.000000e+00,0.000000e+00,0.000000e+00,0.000000e+00,0.000000e+00
1.000000e+00,0.000000e+00,0.000000e+00,0.000000e+00,0.000000e+00,0.000000e+00,0.000000e+00,0.000000e+00,0.000000e+00,0.000000e+00,0.000000e+00,0.000000e+00,0.000000e+00,0.000000e+00,0.000000e+00
1.000000e+00,0.000000e+00,0.000000e+00,0.000000e+00,0.000000e+00,0.000000e+00,0.000000e+00,0.000000e+00,0.000000e+00,0.000000e+00,0.000000e+00,0.000000e+00,0.000000e+00,0.000000e+00,0.000000e+00
1.000000e+00,0.000000e+00,0.000000e+00,0.000000e+00,0.000000e+00,0.000000e+00,0.000000e+00,0.000000e+00,0.000000e+00,0.000000e+00,0.000000e+00,0.000000e+00,0.000000e+00,0.000000e+00,0.000000e+00
1.000000e+00,0.000000e+00,0.000000e+00,0.000000e+00,0.000000e+00,0.000000e+00,0.000000e+00,0.000000e+00,0.000000e+00,0.000000e+00,0.000000e+00,0.000000e+00,0.000000e+00,0.000000e+00,0.000000e+00
1.000000e+00,0.000000e+00,0.000000e+00,0.000000e+00,0.000000e+00,0.000000e+00,0.000000e+00,0.000000e+00,0.000000e+00,0.000000e+00,0.000000e+00,0.000000e+00,0.000000e+00,0.000000e+00,0.000000e+00
1.000000e+00,0.000000e+00,0.000000e+00,0.000000e+00,0.000000e+00,0.000000e+00,0.000000e+00,0.000000e+00,0.000000e+00,0.000000e+00,0.000000e+00,0.000000e+00,0.000000e+00,0.000000e+00,0.000000e+00
1.000000e+00,0.000000e+00,0.000000e+00,0.000000e+00,0.000000e+00,0.000000e+00,0.000000e+00,0.000000e+00,0.000000e+00,0.000000e+00,0.000000e+00,0.000000e+00,0.000000e+00,0.000000e+00,0.000000e+00
1.000000e+00,0.000000e+00,0.000000e+00,0.000000e+00,0.000000e+00,0.000000e+00,0.000000e+00,0.000000e+00,0.000000e+00,0.000000e+00,0.000000e+00,0.000000e+00,0.000000e+00,0.000000e+00,0.000000e+00
1.000000e+00,0.000000e+00,0.000000e+00,0.000000e+00,0.000000e+00,0.000000e+00,0.000000e+00,0.000000e+00,0.000000e+00,0.000000e+00,0.000000e+00,0.000000e+00,0.000000e+00,0.000000e+00,0.000000e+00
3.787253e-01,5.842451e-02,5.306516e-03,1.443825e-01,9.152698e-03,1.337976e-02,5.371297e-03,4.239513e-03,3.049498e-01,2.940270e-03,5.068672e-03,1.193726e-02,3.708076e-02,7.274176e-04,1.831353e-02
2.660903e-01,9.455864e-02,5.110520e-03,2.043911e-01,6.875127e-03,1.040304e-02,3.975383e-03,3.059949e-03,3.260463e-01,6.894468e-03,4.165737e-03,8.679517e-03,2.827149e-02,6.219321e-04,3.085653e-02
1.863174e-01,2.766393e-01,4.274535e-03,1.706463e-01,4.827644e-03,7.473484e-03,2.790728e-03,2.149000e-03,2.517586e-01,6.524231e-03,4.758484e-03,7.071114e-03,2.708497e-02,5.420209e-04,4.714210e-02
1.304666e-01,2.457153e-01,1.000836e-02,2.378249e-01,3.747148e-03,1.057641e-02,2.343255e-03,1.531343e-03,2.023350e-01,1.064668e-02,4.456341e-02,6.023094e-03,3.940076e-02,5.721986e-04,5.424557e-02
9.135355e-02,1.725630e-01,7.061979e-03,1.799952e-01,3.018858e-03,8.105881e-03,4.671317e-03,1.081026e-03,1.574636e-01,7.109850e-02,3.719978e-02,7.346786e-03,6.571937e-02,1.702027e-03,1.916191e-01
6.438427e-02,1.230891e-01,5.979409e-03,1.299295e-01,4.251923e-03,8.315276e-03,7.084303e-03,7.792687e-04,1.355718e-01,1.304953e-01,2.920885e-02,8.488763e-03,6.450285e-02,1.096059e-02,2.769588e-01
4.548907e-02,8.816075e-02,6.251287e-03,9.203026e-02,5.237333e-03,7.541145e-03,6.642472e-03,5.667270e-04,1.104846e-01,1.905908e-01,2.620362e-02,6.732672e-03,5.343258e-02,1.905891e-02,3.415778e-01
3.212427e-02,6.335457e-02,5.456765e-03,6.472143e-02,4.258565e-03,7.207243e-03,4.684819e-03,4.165441e-04,7.957903e-02,2.113520e-01,2.688971e-02,5.702015e-03,3.904749e-02,2.553156e-02,4.296740e-01
2.330044e-02,4.565333e-02,5.198692e-03,4.555789e-02,3.555968e-03,7.571956e-03,3.319429e-03,4.132155e-04,5.958075e-02,1.808560e-01,2.958527e-02,5.559212e-03,2.920900e-02,3.411008e-02,5.265287e-01
1.659543e-02,3.287392e-02,4.726371e-03,3.192613e-02,2.652677e-03,2.006822e-02,2.332755e-03,2.986890e-04,4.326373e-02,1.336551e-01,3.478309e-02,4.471260e-03,2.271685e-02,4.128227e-02,6.083535e-01
1.278638e-02,3.408771e-02,8.338372e-03,2.309349e-02,2.344874e-03,1.794490e-02,1.652341e-03,2.383912e-04,4.134540e-02,9.766567e-02,4.327441e-02,3.548416e-03,1.740239e-02,4.027548e-02,6.560018e-01
1.036981e-02,6.334688e-02,1.907684e-02,1.690097e-02,2.870667e-03,2.151304e-02,1.181209e-03,2.140550e-04,3.578598e-02,7.211941e-02,4.170050e-02,2.876712e-03,1.368042e-02,3.262807e-02,6.657355e-01
1.068963e-02,1.161122e-01,1.242432e-01,1.689310e-02,4.503180e-03,2.017894e-02,9.027841e-04,2.384351e-04,5.773264e-02,5.673761e-02,3.185659e-02,2.574363e-03,1.122933e-02,2.508674e-02,5.210212e-01
1.084287e-02,9.398013e-02,2.447596e-01,1.346550e-02,3.769625e-03,1.767968e-02,7.444225e-04,2.289832e-04,6.582834e-02,5.532037e-02,2.586799e-02,2.072380e-03,8.797428e-03,2.022630e-02,4.364164e-01
1.204827e-02,8.936234e-02,3.099903e-01,1.041465e-02,3.214646e-03,1.432328e-02,6.332092e-04,3.530051e-04,6.209368e-02,7.197331e-02,2.229911e-02,1.767253e-03,6.879635e-03,1.836769e-02,3.762797e-01
1.368161e-02,1.677550e-01,2.421012e-01,7.840318e-03,2.918039e-03,1.075222e-02,4.831815e-04,3.173497e-04,7.518710e-02,9.231997e-02,1.699276e-02,1.347933e-03,5.280002e-03,1.483465e-02,3.481887e-01
1.035276e-02,1.689446e-01,2.072737e-01,2.629329e-02,3.059158e-03,7.836060e-03,3.792969e-04,3.612174e-04,1.779935e-01,8.015645e-02,1.300032e-02,1.273623e-03,4.480371e-03,1.082291e-02,2.877729e-01
7.563631e-03,1.727640e-01,1.515298e-01,3.433586e-02,2.389677e-03,5.909134e-03,2.730617e-04,2.879738e-04,2.565442e-01,6.798524e-02,1.053080e-02,1.241186e-03,4.306951e-03,8.479048e-03,2.758595e-01
7.474903e-03,1.559916e-01,1.079204e-01,2.895351e-02,3.426584e-03,5.128425e-03,2.241356e-04,2.873859e-04,2.310623e-01,6.218560e-02,9.383618e-03,1.172707e-03,4.089386e-03,7.261679e-03,3.754377e-01
1.066733e-02,1.571436e-01,9.208204e-02,1.308026e-01,1.218554e-02,5.207828e-03,2.956798e-04,3.913926e-03,2.438191e-01,4.476731e-02,1.089716e-02,1.431080e-03,5.642896e-03,6.147845e-03,2.749961e-01
1.179622e-02,1.184783e-01,7.579705e-02,9.895994e-02,1.043604e-02,5.222202e-03,2.678428e-04,2.965628e-03,2.019672e-01,4.993103e-02,1.014514e-02,1.258975e-03,4.406897e-03,7.968857e-03,4.003988e-01
9.425238e-03,1.018997e-01,9.674689e-02,1.063861e-01,8.587583e-03,4.149352e-03,2.161072e-04,2.567720e-03,1.753147e-01,4.669798e-02,9.324357e-03,1.441275e-03,4.322554e-03,6.102543e-03,4.268179e-01
1.166706e-02,7.732287e-02,8.232695e-02,8.001100e-02,7.354834e-03,3.742723e-03,2.199595e-04,2.397690e-03,1.463732e-01,5.547796e-02,8.283166e-03,1.499630e-03,3.590808e-03,1.022674e-02,5.095055e-01
5.047722e-02,7.572339e-02,7.577541e-02,7.199064e-02,1.764527e-02,6.974532e-03,6.773155e-04,5.705704e-03,1.330913e-01,4.734145e-02,9.348295e-03,2.350806e-03,5.976207e-03,1.263914e-02,4.842833e-01
7.745290e-02,8.686946e-02,6.740384e-02,8.271834e-02,2.216294e-02,1.087020e-02,1.251519e-03,5.720890e-03,1.032307e-01,5.371135e-02,8.745753e-03,3.109835e-03,5.633126e-03,1.197865e-02,4.591406e-01
1.077401e-01,9.412309e-02,5.856043e-02,7.735199e-02,2.265851e-02,1.444914e-02,1.668774e-03,4.671969e-03,9.074670e-02,6.222230e-02,7.060205e-03,2.799052e-03,5.045148e-03,1.172216e-02,4.391805e-01
1.413202e-01,8.297519e-02,5.137437e-02,6.516042e-02,2.071853e-02,1.317933e-02,1.550254e-03,4.715309e-03,7.905301e-02,7.289439e-02,5.833794e-03,2.514394e-03,5.858628e-03,1.046305e-02,4.423892e-01
2.562125e-01,7.935788e-02,4.308448e-02,5.828620e-02,2.441382e-02,1.669843e-02,2.195539e-03,9.995660e-03,7.175149e-02,5.371846e-02,8.099558e-03,3.846616e-03,1.900641e-02,1.426732e-02,3.390657e-01
2.564205e-01,1.085879e-01,3.747623e-02,5.968927e-02,2.396940e-02,1.682091e-02,2.848096e-03,9.784126e-03,5.717151e-02,4.298307e-02,8.807446e-03,4.681606e-03,1.921712e-02,1.370780e-02,3.378351e-01
2.834420e-01,1.137531e-01,3.258829e-02,5.538820e-02,2.491002e-02,1.539504e-02,3.012981e-03,9.198198e-03,5.108820e-02,4.783350e-02,7.201855e-03,4.560724e-03,1.483990e-02,1.196757e-02,3.248205e-01
3.327519e-01,1.072203e-01,3.994878e-02,6.334519e-02,3.024776e-02,1.715001e-02,6.835772e-03,2.537821e-02,5.187034e-02,3.882229e-02,6.888582e-03,6.332583e-03,1.353996e-02,1.083536e-02,2.488330e-01
3.152592e-01,8.856685e-02,3.981161e-02,5.612148e-02,3.501451e-02,1.521872e-02,6.692427e-03,1.552391e-01,4.798402e-02,2.776609e-02,6.238238e-03,6.116721e-03,1.127629e-02,8.790174e-03,1.799046e-01
2.337586e-01,6.655525e-02,3.107684e-02,4.062945e-02,2.693086e-02,1.123098e-02,5.069522e-03,3.776844e-01,3.702766e-02,1.947379e-02,4.924380e-03,4.509008e-03,8.136694e-03,6.246436e-03,1.267461e-01
1.714533e-01,4.749433e-02,2.415350e-02,2.932693e-02,2.082911e-02,8.421346e-03,4.437236e-03,5.459881e-01,2.758239e-02,1.365561e-02,4.011675e-03,3.276764e-03,5.953582e-03,4.419401e-03,8.899678e-02
1.218994e-01,3.331775e-02,1.745164e-02,2.071822e-02,1.531857e-02,6.201762e-03,3.336667e-03,6.775868e-01,1.937684e-02,9.581557e-03,3.159061e-03,2.351251e-03,4.253355e-03,3.099140e-03,6.234796e-02
8.718228e-02,2.333322e-02,1.246359e-02,1.462403e-02,1.131206e-02,4.812636e-03,2.359483e-03,7.706241e-01,1.362375e-02,6.713466e-03,2.300702e-03,1.774817e-03,3.049702e-03,2.171844e-03,4.365433e-02
6.362533e-02,1.634665e-02,9.317318e-03,1.044453e-02,8.238884e-03,4.188654e-03,1.675572e-03,8.341140e-01,9.566741e-03,4.702492e-03,1.823974e-03,1.559269e-03,2.291346e-03,1.526412e-03,3.057893e-02
4.700856e-02,1.145311e-02,7.073659e-03,7.502000e-03,5.862496e-03,5.520761e-03,1.236233e-03,8.766823e-01,6.734856e-03,3.295870e-03,1.801096e-03,1.513246e-03,1.812432e-03,1.075172e-03,2.142832e-02
3.473314e-02,8.034426e-03,5.734675e-03,6.418742e-03,4.211525e-03,6.266523e-03,9.324830e-04,8.571510e-01,4.876323e-03,2.391590e-03,1.202419e-02,8.780560e-03,3.159266e-02,1.023469e-03,1.582865e-02
2.455395e-02,5.728291e-03,5.170961e-03,6.237297e-03,3.070444e-03,5.449447e-03,1.140738e-03,7.178215e-01,3.734984e-03,3.633789e-03,2.107077e-02,9.551695e-02,8.813393e-02,6.686250e-03,1.205069e-02
1.730472e-02,4.070044e-03,3.652814e-03,4.738992e-03,2.194165e-03,4.173915e-03,8.594400e-04,5.095013e-01,2.868054e-03,4.396077e-03,3.885998e-02,1.177139e-01,2.686173e-01,1.169292e-02,9.356331e-03
1.226574e-02,2.946783e-03,2.674888e-03,3.937573e-03,1.762512e-03,3.257672e-03,9.921028e-04,3.648425e-01,2.492895e-03,4.836407e-03,4.136759e-02,2.248095e-01,3.004664e-01,2.646674e-02,6.880652e-03
8.634005e-03,2.179366e-03,2.742425e-03,2.937811e-03,1.499922e-03,2.377464e-03,9.485978e-04,2.561768e-01,2.387226e-03,3.736838e-02,3.098473e-02,3.503019e-01,2.643331e-01,3.184449e-02,5.283819e-03
6.091284e-03,1.649986e-03,2.388504e-03,2.217035e-03,1.513416e-03,1.744583e-03,7.615466e-04,1.796520e-01,2.781037e-03,3.376623e-02,2.485562e-02,4.253905e-01,2.699407e-01,4.259708e-02,4.650513e-03
4.270612e-03,1.928554e-02,3.813558e-02,1.600693e-03,4.927434e-03,1.238870e-03,5.402312e-04,1.258522e-01,2.527707e-02,2.496349e-02,2.136217e-02,4.398703e-01,2.360395e-01,5.273127e-02,3.905050e-03
3.004280e-03,1.605536e-02,3.217179e-02,1.233123e-03,4.579293e-03,9.600276e-04,3.847420e-04,8.819459e-02,1.089154e-01,1.887292e-02,2.138325e-02,4.056555e-01,1.797922e-01,1.120091e-01,6.788432e-03
2.130376e-03,1.195870e-02,2.362952e-02,9.862904e-04,5.217602e-03,7.706666e-04,2.742199e-04,6.177677e-02,1.683485e-01,1.527748e-02,2.655823e-02,4.002751e-01,1.306144e-01,1.461423e-01,6.039886e-03
1.904522e-03,9.354781e-03,2.429448e-02,3.817705e-03,2.652459e-02,1.425843e-03,4.246290e-04,4.631349e-02,2.658723e-01,1.130987e-02,2.315527e-02,3.110517e-01,9.929080e-02,1.701017e-01,5.158312e-03
1.569598e-03,7.065120e-03,1.828403e-02,4.676507e-03,3.866064e-02,1.793749e-03,4.081241e-04,3.474049e-02,3.459350e-01,8.687478e-03,2.143474e-02,2.345738e-01,8.039113e-02,1.970147e-01,4.764845e-03
1.405233e-03,5.244488e-03,1.593833e-02,2.269955e-02,3.378735e-02,5.963994e-03,4.881548e-04,2.582223e-02,4.221077e-01,6.543260e-03,3.088010e-02,1.698724e-01,9.682266e-02,1.584798e-01,3.944834e-03
1.849109e-03,4.114395e-03,1.262179e-02,2.952098e-02,2.657768e-02,5.489077e-03,4.228530e-04,2.209236e-02,3.274685e-01,6.452661e-03,1.576881e-01,1.359046e-01,1.289320e-01,1.375654e-01,3.300413e-03
1.911610e-03,6.268688e-03,1.232262e-02,2.296226e-02,2.257382e-02,4.432289e-03,3.121299e-04,1.583689e-02,3.743714e-01,5.200888e-03,2.095204e-01,1.059557e-01,1.172383e-01,9.854914e-02,2.543822e-03
2.232118e-03,9.149415e-03,1.106889e-02,3.044839e-02,2.316857e-02,4.521637e-03,2.676878e-04,1.247219e-02,5.176100e-01,4.288373e-03,1.531182e-01,7.462664e-02,8.453880e-02,7.030661e-02,2.182604e-03
3.140839e-03,1.098731e-02,1.022269e-02,2.472070e-02,2.697517e-02,4.281887e-03,3.301223e-04,1.118011e-02,6.281296e-01,3.672424e-03,1.106745e-01,5.246903e-02,6.072177e-02,5.059247e-02,1.901467e-03
3.903103e-03,1.901635e-02,1.734814e-02,2.293509e-01,2.986138e-02,3.921730e-03,3.968067e-04,1.087375e-02,4.840805e-01,3.194702e-03,7.991565e-02,3.684047e-02,4.291525e-02,3.571850e-02,2.662831e-03
6.574739e-03,2.091091e-02,6.014503e-02,3.134657e-01,2.577283e-02,3.581978e-03,3.951553e-04,1.191143e-02,4.004332e-01,4.695992e-03,6.282371e-02,2.600891e-02,3.075110e-02,2.647874e-02,6.050622e-03
1.469028e-02,3.414764e-02,5.719824e-02,2.668953e-01,3.378117e-02,7.728628e-03,7.985338e-04,1.405040e-02,3.981490e-01,1.063022e-02,5.325999e-02,1.860943e-02,2.253896e-02,2.171492e-02,4.580737e-02
3.854697e-02,6.279412e-02,6.148883e-02,2.149142e-01,5.371692e-02,8.298833e-03,1.576500e-03,1.352940e-02,3.721428e-01,1.740491e-02,4.510298e-02,1.394213e-02,1.737738e-02,1.712200e-02,6.204201e-02
4.973622e-02,9.789608e-02,5.599613e-02,1.820562e-01,6.127920e-02,7.848855e-03,2.550242e-03,1.688746e-02,3.719275e-01,2.002900e-02,3.527951e-02,1.157274e-02,1.341830e-02,1.448062e-02,5.904195e-02
3.617742e-02,7.954408e-02,4.622919e-02,2.679569e-01,5.786379e-02,7.424133e-03,2.111831e-03,1.232759e-02,3.052394e-01,1.603722e-02,8.182554e-02,9.634929e-03,2.036217e-02,1.136291e-02,4.590290e-02
2.573488e-02,5.888759e-02,3.436084e-02,3.368751e-01,5.852319e-02,5.752746e-03,1.693987e-03,8.904330e-03,2.330909e-01,1.180033e-02,1.471350e-01,1.452205e-02,1.824075e-02,1.165635e-02,3.282200e-02
1.998119e-02,4.238315e-02,2.484721e-02,3.402397e-01,5.315661e-02,4.630031e-03,1.296734e-03,6.377544e-03,1.714224e-01,9.147386e-03,2.566414e-01,2.211502e-02,1.386732e-02,1.037465e-02,2.351965e-02
1.557037e-02,2.999698e-02,1.774592e-02,3.000014e-01,3.985013e-02,4.440144e-03,9.764248e-04,4.564363e-03,1.231970e-01,7.117848e-03,3.406494e-01,7.276407e-02,1.085636e-02,1.543877e-02,1.683079e-02
1.205052e-02,2.128795e-02,1.281562e-02,2.530479e-01,3.218095e-02,4.738724e-03,7.486960e-04,3.334812e-03,8.873258e-02,6.149529e-03,4.228439e-01,1.023263e-01,8.245257e-03,1.935936e-02,1.213807e-02
1.065469e-02,1.552100e-02,9.607092e-03,1.818508e-01,3.073246e-02,3.437285e-02,5.881534e-04,2.883511e-03,6.317065e-02,6.901924e-03,4.750467e-01,1.312382e-01,6.871355e-03,2.190382e-02,8.656759e-03
7.925802e-03,1.260538e-02,7.022235e-03,1.302994e-01,7.077581e-02,2.699195e-02,4.410062e-04,2.129057e-03,4.541824e-02,5.901131e-03,5.342273e-01,1.224302e-01,5.370209e-03,2.216215e-02,6.300278e-03
6.008675e-03,9.755992e-03,5.174547e-03,9.933048e-02,1.300166e-01,2.237039e-02,3.755297e-04,1.633380e-03,3.443535e-02,4.752386e-03,5.157761e-01,1.259241e-01,5.079649e-03,3.405688e-02,5.310044e-03
4.372915e-03,7.453556e-03,3.743617e-03,7.156152e-02,2.456598e-01,1.593007e-02,2.952144e-04,1.195914e-03,2.478323e-02,3.841889e-03,4.724308e-01,9.453683e-02,4.120587e-03,4.526561e-02,4.808454e-03
3.363271e-03,5.566860e-03,2.746333e-03,5.100285e-02,2.433760e-01,1.173561e-02,2.150227e-04,9.052867e-04,1.805395e-02,3.351265e-03,5.055246e-01,7.645917e-02,3.346007e-03,7.049111e-02,3.862718e-03
3.206567e-03,6.394886e-03,2.539874e-03,3.600838e-02,2.368265e-01,8.608584e-03,1.800650e-04,7.421550e-04,1.436278e-02,3.248381e-03,5.428011e-01,6.313369e-02,2.927254e-03,7.473011e-02,4.289594e-03
2.825841e-03,4.741556e-03,2.288887e-03,2.533327e-02,1.728635e-01,6.892316e-03,2.305120e-04,5.958005e-04,1.077103e-02,4.131740e-03,6.281298e-01,5.165524e-02,3.923588e-03,8.232998e-02,3.286904e-03
2.478315e-03,3.699306e-03,2.745999e-03,1.784033e-02,1.237403e-01,5.775101e-03,3.232308e-04,5.639144e-04,8.496500e-03,4.826397e-03,7.074335e-01,4.236775e-02,3.917571e-03,7.294986e-02,2.841900e-03
2.253444e-03,3.490747e-03,9.896947e-03,1.277797e-02,9.455409e-02,5.658802e-03,4.717102e-04,2.293177e-03,1.866871e-02,5.177474e-03,7.440493e-01,3.372411e-02,3.996004e-03,6.043094e-02,2.556526e-03
2.000011e-03,1.110619e-02,2.251337e-02,9.166298e-03,6.926215e-02,2.469360e-02,5.336333e-04,2.206146e-03,6.889959e-02,6.191339e-03,6.971974e-01,2.633216e-02,3.475850e-03,5.387123e-02,2.550959e-03
2.494651e-03,8.288653e-03,5.855425e-02,7.828425e-03,8.114792e-02,1.833288e-02,2.145075e-03,1.665605e-01,6.413446e-02,5.080949e-03,5.188781e-01,2.153405e-02,3.469494e-03,3.961474e-02,1.935842e-03
3.520941e-03,7.355365e-03,1.599245e-01,5.415592e-02,8.145764e-02,1.726807e-02,1.878958e-03,1.354946e-01,1.022934e-01,6.195366e-03,3.807698e-01,1.542079e-02,3.035878e-03,2.919452e-02,2.034182e-03
4.235445e-03,1.225526e-02,1.588642e-01,5.430051e-02,1.035851e-01,3.961087e-02,1.876766e-03,1.012033e-01,1.569297e-01,9.710522e-03,3.131814e-01,1.207798e-02,3.902030e-03,2.390177e-02,4.365168e-03
1.727906e-02,1.274868e-02,1.700848e-01,4.585692e-02,1.029408e-01,5.935309e-02,1.716167e-03,8.158685e-02,1.671277e-01,1.313313e-02,2.690738e-01,9.316067e-03,4.600467e-03,3.099846e-02,1.418404e-02
3.243852e-02,1.924479e-02,1.989982e-01,6.068034e-02,1.012906e-01,6.380782e-02,2.310379e-03,6.109152e-02,1.536506e-01,1.563685e-02,2.159002e-01,7.056071e-03,4.271370e-03,3.874367e-02,2.487913e-02
5.131781e-02,3.407921e-02,1.793876e-01,5.477126e-02,1.425409e-01,6.015346e-02,2.715101e-03,4.439800e-02,1.556473e-01,1.473420e-02,1.608841e-01,5.548311e-03,4.484470e-03,5.221881e-02,3.711939e-02
6.209505e-02,5.900090e-02,1.319099e-01,5.739592e-02,1.053432e-01,5.245670e-02,2.049948e-03,4.008891e-02,2.276764e-01,1.379331e-02,1.205520e-01,4.450702e-03,4.161126e-03,8.430272e-02,3.472316e-02
9.101284e-02,6.322192e-02,9.603022e-02,5.016809e-02,8.088089e-02,5.176872e-02,2.231450e-03,3.101916e-02,2.749635e-01,1.657197e-02,9.621686e-02,5.071983e-03,1.162737e-02,6.762375e-02,6.159134e-02
1.506875e-01,4.933123e-02,6.915822e-02,3.746247e-02,8.913726e-02,5.683418e-02,2.735593e-03,2.548148e-02,2.313882e-01,1.316984e-02,7.931679e-02,6.632228e-03,8.948376e-02,4.986402e-02,4.931728e-02
1.430937e-01,4.362376e-02,5.019511e-02,2.786969e-02,7.764735e-02,6.283697e-02,2.640084e-03,1.944093e-02,2.167390e-01,1.042013e-02,5.919810e-02,1.170571e-02,1.949300e-01,3.660595e-02,4.305351e-02
1.121173e-01,3.579793e-02,3.646848e-02,2.245314e-02,5.691471e-02,5.027536e-02,2.026500e-03,1.459003e-02,1.635538e-01,2.141147e-02,4.483390e-02,1.702358e-02,3.141800e-01,2.796550e-02,8.038836e-02
8.847079e-02,2.850753e-02,2.661952e-02,2.190981e-02,4.235144e-02,4.517252e-02,2.482821e-03,1.287363e-02,1.393128e-01,2.213541e-02,3.964365e-02,1.829505e-02,4.266477e-01,2.147407e-02,6.410332e-02
8.261675e-02,2.634290e-02,2.098710e-02,1.930883e-02,3.676356e-02,3.828783e-02,2.390896e-03,1.669641e-02,1.256530e-01,1.991557e-02,3.538604e-02,1.802234e-02,4.916549e-01,1.628526e-02,4.968869e-02
1.272631e-01,2.304700e-02,1.552722e-02,1.733795e-02,3.049313e-02,3.454337e-02,2.565822e-03,2.051300e-02,1.032812e-01,1.490055e-02,2.703893e-02,2.159423e-02,5.114884e-01,1.170357e-02,3.870253e-02
1.259076e-01,1.989933e-02,1.152675e-02,1.498189e-02,2.397753e-02,2.882435e-02,2.286615e-03,1.856962e-02,8.090494e-02,1.112534e-02,1.983974e-02,2.468111e-02,5.781771e-01,8.492303e-03,3.080571e-02
1.133873e-01,2.040074e-02,9.183230e-03,1.338678e-02,1.864795e-02,2.612828e-02,2.119669e-03,2.137284e-02,6.727253e-02,8.762302e-03,1.522521e-02,2.228432e-02,6.302133e-01,6.314145e-03,2.530148e-02
8.927600e-02,2.439136e-02,9.851202e-03,1.156168e-02,1.517700e-02,2.702508e-02,1.769959e-03,2.224332e-02,5.823516e-02,1.057078e-02,1.595823e-02,1.944467e-02,6.632084e-01,4.985318e-03,2.630180e-02
6.672671e-02,2.052735e-02,1.082540e-02,9.574546e-03,1.238171e-02,3.511596e-02,1.711403e-03,4.392979e-02,4.801539e-02,8.718595e-03,1.698805e-02,1.652951e-02,6.836697e-01,3.806032e-03,2.147987e-02
6.896321e-02,1.954028e-02,1.624606e-02,9.776937e-03,1.116004e-02,3.666674e-02,1.474597e-03,3.654849e-02,5.498217e-02,1.302415e-02,5.814791e-02,2.751036e-02,5.839173e-01,3.811564e-03,5.823021e-02
5.353847e-02,1.626995e-02,1.653476e-02,1.228328e-02,1.011411e-02,3.569020e-02,1.423250e-03,3.264698e-02,8.405523e-02,1.888727e-02,9.754849e-02,6.389065e-02,4.800049e-01,3.410546e-03,7.370189e-02
3.885954e-02,1.368334e-02,1.272585e-02,1.147777e-02,1.060496e-02,2.626133e-02,1.383541e-03,2.542105e-02,1.562182e-01,2.249744e-02,9.676093e-02,7.784890e-02,3.643036e-01,2.927762e-03,1.390258e-01
2.841887e-02,1.711389e-02,1.194042e-02,1.734455e-02,8.648984e-03,2.328674e-02,1.667525e-03,2.555741e-02,1.799738e-01,2.454416e-02,8.003628e-02,6.179329e-02,2.765269e-01,3.413393e-03,2.397338e-01
2.126214e-02,1.369268e-02,1.151051e-02,2.016709e-02,9.220920e-03,1.908796e-02,4.818059e-03,2.879933e-02,1.555810e-01,2.586780e-02,6.320012e-02,4.895150e-02,2.221010e-01,3.596679e-03,3.521432e-01
1.634789e-02,1.040964e-02,1.044646e-02,2.517335e-02,1.047462e-02,1.744208e-02,4.768488e-03,3.772725e-02,1.291402e-01,3.954402e-02,5.447125e-02,4.630064e-02,2.653623e-01,3.874892e-03,3.285169e-01
1.315089e-02,8.314472e-03,7.930499e-03,2.224303e-02,1.086299e-02,1.822988e-02,3.748338e-03,2.950406e-02,1.354883e-01,3.933672e-02,4.705358e-02,4.107047e-02,3.164782e-01,3.200144e-03,3.033884e-01
1.256805e-02,9.284088e-03,6.086631e-03,1.642022e-02,1.290121e-02,6.811640e-02,3.197540e-03,2.285981e-02,2.545731e-01,2.868039e-02,3.866164e-02,3.253029e-02,2.688532e-01,2.458376e-03,2.228090e-01
9.287380e-03,1.176073e-02,4.324418e-03,1.184643e-02,9.766137e-03,1.432237e-01,2.350972e-03,1.627280e-02,3.662902e-01,2.017296e-02,2.751144e-02,2.289601e-02,1.940390e-01,1.726657e-03,1.585312e-01
7.923008e-03,1.173707e-02,3.761789e-03,1.290151e-02,9.924142e-03,1.687268e-01,2.600978e-03,1.626462e-02,4.620976e-01,1.457231e-02,1.946992e-02,1.615860e-02,1.381319e-01,1.219099e-03,1.145106e-01
9.197260e-03,1.029633e-02,3.077473e-03,1.191841e-02,1.155206e-02,2.641135e-01,3.192119e-03,1.940509e-02,4.513885e-01,1.033019e-02,1.369777e-02,1.146810e-02,9.743317e-02,8.608846e-04,8.206920e-02
1.511602e-02,9.818248e-03,2.362796e-03,9.188857e-03,1.585970e-02,3.661940e-01,5.104405e-03,1.718084e-02,4.055730e-01,7.441961e-03,9.630248e-03,8.077552e-03,6.872661e-02,6.169601e-04,5.910888e-02
5.534189e-02,1.467990e-02,2.417597e-03,1.178067e-02,3.603294e-02,3.921251e-01,8.259090e-03,1.934624e-02,3.436304e-01,6.307842e-03,6.907357e-03,5.977141e-03,4.877131e-02,6.078485e-04,4.781472e-02
9.065665e-02,2.555868e-02,3.420996e-03,1.482908e-02,5.272236e-02,3.837495e-01,7.971168e-03,1.481575e-02,3.180912e-01,4.676731e-03,5.374130e-03,5.006955e-03,3.551528e-02,6.561232e-04,3.695533e-02
1.133315e-01,4.548677e-02,4.075636e-03,2.275257e-02,7.147418e-02,3.587200e-01,9.539265e-03,1.394533e-02,2.850615e-01,3.974748e-03,5.072023e-03,5.052046e-03,2.679214e-02,8.901352e-04,3.383223e-02
1.040796e-01,5.096088e-02,5.486015e-03,1.037312e-01,8.549010e-02,3.043958e-01,9.194142e-03,4.054985e-02,2.283865e-01,4.422937e-03,4.915900e-03,6.693949e-03,2.065167e-02,7.468599e-04,3.029450e-02
8.833437e-02,3.860554e-02,5.266874e-03,8.473382e-02,8.066496e-02,2.781951e-01,1.017330e-02,1.957739e-01,1.680984e-01,3.285822e-03,4.081124e-03,5.051728e-03,1.517776e-02,5.656553e-04,2.199170e-02
7.279141e-02,2.836656e-02,5.066312e-03,6.814557e-02,6.593747e-02,2.041551e-01,9.412186e-03,3.845889e-01,1.233237e-01,2.583189e-03,3.924646e-03,3.902984e-03,1.152528e-02,4.158115e-04,1.586088e-02
5.554042e-02,2.064712e-02,5.721553e-03,5.036940e-02,6.138916e-02,1.446035e-01,3.862194e-02,4.956583e-01,8.783770e-02,2.947815e-03,3.737526e-03,2.934375e-03,1.777367e-02,3.541838e-04,1.186338e-02
4.252551e-02,1.477229e-02,5.183239e-03,3.606545e-02,4.550006e-02,1.016723e-01,2.877147e-02,6.339197e-01,6.223985e-02,2.160709e-03,3.153382e-03,2.154569e-03,1.309085e-02,2.635130e-04,8.527115e-03
3.168701e-02,1.052981e-02,4.717334e-03,2.581748e-02,3.271792e-02,7.196290e-02,2.086429e-02,7.343496e-01,4.397362e-02,1.659251e-03,4.031592e-03,1.708415e-03,9.582467e-03,1.996103e-04,6.198675e-03
2.545707e-02,7.657689e-03,1.047218e-02,2.042948e-02,2.383184e-02,5.321099e-02,1.483141e-02,7.755746e-01,3.118924e-02,2.320294e-03,1.375755e-02,2.600154e-03,1.352549e-02,2.420269e-04,4.899994e-03
1.913182e-02,5.479734e-03,2.136410e-02,1.860911e-02,1.721111e-02,3.874317e-02,1.098095e-02,7.411548e-01,2.231723e-02,3.880477e-03,2.179340e-02,1.304262e-02,6.056258e-02,4.009397e-04,5.327894e-03
1.453256e-02,3.946449e-03,1.702263e-02,1.571130e-02,1.215442e-02,2.800997e-02,8.420878e-03,5.638672e-01,1.654238e-02,2.817686e-03,2.117563e-02,2.160522e-02,2.660334e-01,4.450941e-04,7.715238e-03
1.146591e-02,2.986753e-03,1.740846e-02,1.600761e-02,8.608616e-03,2.152834e-02,6.490269e-03,4.296080e-01,1.306532e-02,2.844299e-03,1.945760e-02,3.563478e-02,4.052400e-01,1.025288e-03,8.628714e-03
8.480649e-03,2.535466e-03,1.306076e-02,1.475775e-02,6.288161e-03,1.713227e-02,4.708555e-03,3.072754e-01,1.380153e-02,2.856934e-03,1.717121e-02,5.626516e-02,5.268369e-01,1.468346e-03,7.360970e-03
6.100202e-03,1.965550e-03,9.449422e-03,1.278239e-02,4.600553e-03,1.265214e-02,3.452786e-03,2.186623e-01,1.241778e-02,2.064382e-03,1.878783e-02,4.978453e-02,6.403068e-01,1.084849e-03,5.888580e-03
4.672570e-03,2.434019e-03,7.149042e-03,9.893889e-03,3.857364e-03,9.983234e-03,2.652763e-03,1.554524e-01,3.028700e-02,1.550207e-03,1.753407e-02,4.945386e-02,6.882623e-01,9.538986e-04,1.586338e-02
7.156405e-03,1.026022e-02,8.983353e-03,1.283503e-02,3.659268e-03,1.027058e-02,2.092675e-03,1.095268e-01,1.032503e-01,2.022426e-03,1.710325e-02,6.194371e-02,6.122949e-01,1.332508e-03,3.726875e-02
9.243436e-03,2.446333e-02,7.423312e-03,1.041844e-02,4.238966e-03,1.874700e-02,1.643537e-03,8.127116e-02,2.740689e-01,1.769030e-03,1.536743e-02,4.747397e-02,4.663027e-01,1.235696e-03,3.633313e-02
1.248584e-02,4.738775e-02,1.097949e-02,1.065406e-02,9.516352e-03,1.777234e-02,2.675440e-03,5.854387e-02,3.961538e-01,2.317896e-03,1.284898e-02,3.937948e-02,3.449114e-01,1.626101e-03,3.274724e-02
2.758915e-02,6.985313e-02,1.586792e-02,9.725714e-03,1.946340e-02,2.415312e-02,3.254242e-03,4.292894e-02,4.557243e-01,3.245335e-03,9.997422e-03,2.892167e-02,2.465411e-01,2.074932e-03,4.065964e-02
8.550049e-02,6.509111e-02,1.995590e-02,1.050073e-02,2.808059e-02,3.055402e-02,3.132185e-03,3.167367e-02,4.439380e-01,1.224069e-02,8.883098e-03,2.213918e-02,1.783095e-01,2.489035e-03,5.751177e-02
1.197707e-01,7.038085e-02,2.771480e-02,2.504860e-02,2.227258e-02,2.526279e-02,2.520875e-03,2.311116e-02,3.437410e-01,3.205890e-02,1.091291e-02,2.277893e-02,1.358698e-01,2.605730e-03,1.359504e-01
1.728660e-01,7.029347e-02,2.261175e-02,2.270436e-02,2.308956e-02,2.183835e-02,2.600809e-03,1.833026e-02,2.893090e-01,2.779901e-02,1.070453e-02,1.988332e-02,9.995560e-02,2.981851e-03,1.950322e-01
2.243253e-01,6.027546e-02,3.093996e-02,2.811635e-02,3.181776e-02,2.206486e-02,5.058834e-03,4.126134e-02,2.845771e-01,2.056914e-02,1.011898e-02,2.095865e-02,7.655030e-02,2.925470e-03,1.404404e-01
2.697990e-01,5.398367e-02,2.663527e-02,3.248960e-02,4.005094e-02,2.310397e-02,4.864265e-03,5.928619e-02,2.827819e-01,1.568690e-02,8.836936e-03,1.671887e-02,5.804712e-02,3.220968e-03,1.044944e-01
2.499237e-01,4.748715e-02,2.247624e-02,2.787027e-02,4.002981e-02,3.613794e-02,5.091502e-03,1.827599e-01,2.355936e-01,1.159663e-02,6.820112e-03,1.238574e-02,4.330167e-02,2.894707e-03,7.563102e-02
1.891178e-01,3.665319e-02,2.244554e-02,2.430541e-02,3.746801e-02,2.862799e-02,1.189541e-02,3.566422e-01,1.787985e-01,8.278452e-03,5.365723e-03,8.785439e-03,3.515357e-02,2.210630e-03,5.425214e-02
1.401962e-01,2.697597e-02,1.656503e-02,1.864111e-02,3.094549e-02,2.199069e-02,9.760549e-03,5.231644e-01,1.294554e-01,5.894103e-03,4.088216e-03,6.237848e-03,2.570639e-02,1.633362e-03,3.874528e-02
1.015100e-01,1.996272e-02,1.359526e-02,1.384156e-02,2.502322e-02,1.598019e-02,8.700486e-03,6.491224e-01,9.245506e-02,4.214831e-03,3.564347e-03,4.636404e-03,1.856262e-02,1.180571e-03,2.765038e-02
7.585217e-02,1.643720e-02,1.239356e-02,1.083620e-02,2.003826e-02,1.277668e-02,8.849829e-03,7.261245e-01,6.893911e-02,3.262429e-03,4.151773e-03,3.949578e-03,1.536117e-02,8.796585e-04,2.014796e-02
5.773357e-02,1.206892e-02,1.076346e-02,8.032782e-03,1.648731e-02,9.667575e-03,1.383418e-02,7.799290e-01,5.236351e-02,2.410411e-03,5.014517e-03,3.343317e-03,1.278761e-02,6.676478e-04,1.489620e-02
4.951948e-02,9.843982e-03,1.227815e-02,7.435561e-03,2.096472e-02,1.375889e-02,2.828242e-02,7.756445e-01,4.159467e-02,2.389542e-03,5.702026e-03,3.334936e-03,1.695057e-02,7.594174e-04,1.154111e-02
5.290711e-02,8.248942e-03,1.134280e-02,5.899364e-03,1.583996e-02,1.600098e-02,2.326650e-02,7.979032e-01,3.319216e-02,2.048767e-03,4.624105e-03,3.794041e-03,1.562314e-02,6.430809e-04,8.665841e-03
8.605871e-02,9.401815e-03,1.364327e-02,5.953197e-03,1.402115e-02,2.902320e-02,3.352007e-02,6.878840e-01,4.436856e-02,3.250145e-03,1.682890e-02,1.834121e-02,2.910102e-02,1.268522e-03,7.336194e-03
8.770508e-02,8.442389e-03,2.239607e-02,8.515183e-03,1.228692e-02,3.078197e-02,6.459793e-02,5.325092e-01,4.771533e-02,4.227557e-03,4.562956e-02,3.721270e-02,9.038768e-02,1.158623e-03,6.433859e-03
6.766682e-02,8.395782e-03,2.310716e-02,4.859626e-02,1.005948e-02,4.540339e-02,5.374142e-02,3.809216e-01,4.004721e-02,1.364586e-02,6.325103e-02,6.641109e-02,1.682220e-01,1.466987e-03,9.063965e-03
4.962663e-02,8.499140e-03,5.845603e-02,9.671396e-02,7.641744e-03,3.589528e-02,4.212142e-02,2.694469e-01,3.521653e-02,3.875048e-02,7.589873e-02,9.169479e-02,1.787981e-01,1.383455e-03,9.856792e-03
3.712949e-02,7.175654e-03,4.209546e-02,8.284555e-02,9.234010e-03,2.656152e-02,3.226906e-02,1.909930e-01,7.740679e-02,2.802298e-02,1.132673e-01,7.713751e-02,2.627312e-01,1.114806e-03,1.201568e-02
2.675916e-02,8.309472e-03,3.290465e-02,7.319939e-02,1.426141e-02,1.929941e-02,2.288839e-02,1.337780e-01,3.048882e-01,2.073474e-02,8.191147e-02,5.786466e-02,1.923899e-01,9.334675e-04,9.877561e-03
2.129920e-02,9.516329e-03,2.363152e-02,5.738325e-02,1.208134e-02,1.538050e-02,1.700937e-02,9.389264e-02,3.768042e-01,1.720478e-02,7.169196e-02,4.522904e-02,1.814400e-01,1.253554e-03,5.618223e-02
