1.000000e+00,0.000000e+00,0.000000e+00,0.000000e+00,0.000000e+00,0.000000e+00,0.000000e+00,0.000000e+00,0.000000e+00,0.000000e+00,0.000000e+00,0.000000e+00,0.000000e+00,0.000000e+00,0.000000e+00
1.000000e+00,0.000000e+00,0.000000e+00,0.000000e+00,0.000000e+00,0.000000e+00,0.000000e+00,0.000000e+00,0.000000e+00,0.000000e+00,0.000000e+00,0.000000e+00,0.000000e+00,0.000000e+00,0.000000e+00
1.000000e+00,0.000000e+00,0.000000e+00,0.000000e+00,0.000000e+00,0.000000e+00,0.000000e+00,0.000000e+00,0.000000e+00,0.000000e+00,0.000000e+00,0.000000e+00,0.000000e+00,0.000000e+00,0.000000e+00
1.000000e+00,0.000000e+00,0.000000e+00,0.000000e+00,0.000000e+00,0.000000e+00,0.000000e+00,0.000000e+00,0.000000e+00,0.000000e+00,0.000000e+00,0.000000e+00,0.000000e+00,0.000000e+00,0.000000e+00
1.000000e+00,0.000000e+00,0.000000e+00,0.000000e+00,0.000000e+00,0.000000e+00,0.000000e+00,0.000000e+00,0.000000e+00,0.000000e+00,0.000000e+00,0.000000e+00,0.000000e+00,0.000000e+00,0.000000e+00
1.000000e+00,0.000000e+00,0.000000e+00,0.000000e+00,0.000000e+00,0.000000e+00,0.000000e+00,0.000000e+00,0.000000e+00,0.000000e+00,0.000000e+00,0.000000e+00,0.000000e+00,0.000000e+00,0.000000e+00
1.000000e+00,0.000000e+00,0.000000e+00,0.000000e+00,0.000000e+00,0.000000e+00,0.000000e+00,0.000000e+00,0.000000e+00,0.000000e+00,0.000000e+00,0.000000e+00,0.000000e+00,0.000000e+00,0.000000e+00
1.000000e+00,0.000000e+00,0.000000e+00,0.000000e+00,0.000000e+00,0.000000e+00,0.000000e+00,0.000000e+00,0.000000e+00,0.000000e+00,0.000000e+00,0.000000e+00,0.000000e+00,0.000000e+00,0.000000e+00
1.000000e+00,0.000000e+00,0.000000e+00,0.000000e+00,0.000000e+00,0.000000e+00,0.000000e+00,0.000000e+00,0.000000e+00,0.000000e+00,0.000000e+00,0.000000e+00,0.000000e+00,0.000000e+00,0.000000e+00
1.000000e+00,0.000000e+00,0.000000e+00,0.000000e+00,0.000000e+00,0.000000e+00,0.000000e+00,0.000000e+00,0.000000e+00,0.000000e+00,0.000000e+00,0.000000e+00,0.000000e+00,0.000000e+00,0.000000e+00
1.000000e+00,0.000000e+00,0.000000e+00,0.000000e+00,0.000000e+00,0.000000e+00,0.000000e+00,0.000000e+00,0.000000e+00,0.000000e+00,0.000000e+00,0.000000e+00,0.000000e+00,0.000000e+00,0.000000e+00
1.000000e+00,0.000000e+00,0.000000e+00,0.000000e+00,0.000000e+00,0.000000e+00,0.000000e+00,0.000000e+00,0.000000e+00,0.000000e+00,0.000000e+00,0.000000e+00,0.000000e+00,0.000000e+00,0.000000e+00
1.000000e+00,0.000000e+00,0.000000e+00,0.000000e+00,0.000000e+00,0.000000e+00,0.000000e+00,0.000000e+00,0.000000e+00,0.000000e+00,0.000000e+00,0.000000e+00,0.000000e+00,0.000000e+00,0.000000e+00
1.000000e+00,0.000000e+00,0.000000e+00,0.000000e+00,0.000000e+00,0.000000e+00,0.000000e+00,0.000000e+00,0.000000e+00,0.000000e+00,0.000000e+00,0.000000e+00,0.000000e+00,0.000000e+00,0.000000e+00
1.000000e+00,0.000000e+00,0.000000e+00,0.000000e+00,0.000000e+00,0.000000e+00,0.000000e+00,0.000000e+00,0.000000e+00,0.000000e+00,0.000000e+00,0.000000e+00,0.000000e+00,0.000000e+00,0.000000e+00
1.000000e+00,0.000000e+00,0.000000e+00,0.000000e+00,0.000000e+00,0.000000e+00,0.000000e+00,0.000000e+00,0.000000e+00,0.000000e+00,0.000000e+00,0.000000e+00,0.000000e+00,0.000000e+00,0.000000e+00
1.000000e+00,0.000000e+00,0.000000e+00,0.000000e+00,0.000000e+00,0.000000e+00,0.000000e+00,0.000000e+00,0.000000e+00,0.000000e+00,0.000000e+00,0.000000e+00,0.000000e+00,0.000000e+00,0.000000e+00
1.000000e+00,0.000000e+00,0.000000e+00,0.000000e+00,0.000000e+00,0.000000e+00,0.000000e+00,0.000000e+00,0.000000e+00,0.000000e+00,0.000000e+00,0.000000e+00,0.000000e+00,0.000000e+00,0.000000e+00
1.000000e+00,0.000000e+00,0.000000e+00,0.000000e+00,0.000000e+00,0.000000e+00,0.000000e+00,0.000000e+00,0.000000e+00,0.000000e+00,0.000000e+00,0.000000e+00,0.000000e+00,0.000000e+00,0.000000e+00
1.000000e+00,0.000000e+00,0.000000e+00,0.000000e+00,0.000000e+00,0.000000e+00,0.000000e+00,0.000000e+00,0.000000e+00,0.000000e+00,0.000000e+00,0.000000e+00,0.000000e+00,0.000000e+00,0.000000e+00
1.000000e+00,0.000000e+00,0.000000e+00,0.000000e+00,0.000000e+00,0.000000e+00,0.000000e+00,0.000000e+00,0.000000e+00,0.000000e+00,0.000000e+00,0.000000e+00,0.000000e+00,0.000000e+00,0.000000e+00
1.000000e+00,0.000000e+00,0.000000e+00,0.000000e+00,0.000000e+00,0.000000e+00,0.000000e+00,0.000000e+00,0.000000e+00,0.000000e+00,0.000000e+00,0.000000e+00,0.000000e+00,0.000000e+00,0.000000e+00
1.000000e+00,0.000000e+00,0.000000e+00,0.000000e+00,0.000000e+00,0.000000e+00,0.000000e+00,0.000000e+00,0.000000e+00,0.000000e+00,0.000000e+00,0.000000e+00,0.000000e+00,0.000000e+00,0.000000e+00
1.000000e+00,0.000000e+00,0.000000e+00,0.000000e+00,0.000000e+00,0.000000e+00,0.000000e+00,0.000000e+00,0.000000e+00,0.000000e+00,0.000000e+00,0.000000e+00,0.000000e+00,0.000000e+00,0.000000e+00
1.000000e+00,0.000000e+00,0.000000e+00,0.000000e+00,0.000000e+00,0.000000e+00,0.000000e+00,0.000000e+00,0.000000e+00,0.000000e+00,0.000000e+00,0.000000e+00,0.000000e+00,0.000000e+00,0.000000e+00
1.000000e+00,0.000000e+00,0.000000e+00,0.000000e+00,0.000000e+00,0.000000e+00,0.000000e+00,0.000000e+00,0.000000e+00,0.000000e+00,0.000000e+00,0.000000e+00,0.000000e+00,0.000000e+00,0.000000e+00
1.000000e+00,0.000000e+00,0.000000e+00,0.000000e+00,0.000000e+00,0.000000e+00,0.000000e+00,0.000000e+00,0.000000e+00,0.000000e+00,0.000000e+00,0.000000e+00,0.000000e+00,0.000000e+00,0.000000e+00
1.000000e+00,0.000000e+00,0.000000e+00,0.000000e+00,0.000000e+00,0.000000e+00,0.000000e+00,0.000000e+00,0.000000e+00,0.000000e+00,0.000000e+00,0.000000e+00,0.000000e+00,0.000000e+00,0.000000e+00
1.000000e+00,0.000000e+00,0.000000e+00,0.000000e+00,0.000000e+00,0.000000e+00,0.000000e+00,0.000000e+00,0.000000e+00,0.000000e+00,0.000000e+00,0.000000e+00,0.000000e+00,0.000000e+00,0.000000e+00
1.000000e+00,0.000000e+00,0.000000e+00,0.000000e+00,0.000000e+00,0.000000e+00,0.000000e+00,0.000000e+00,0.000000e+00,0.000000e+00,0.000000e+00,0.000000e+00,0.000000e+00,0.000000e+00,0.000000e+00
1.000000e+00,0.000000e+00,0.000000e+00,0.000000e+00,0.000000e+00,0.000000e+00,0.000000e+00,0.000000e+00,0.000000e+00,0.000000e+00,0.000000e+00,0.000000e+00,0.000000e+00,0.000000e+00,0.000000e+00
1.000000e+00,0.000000e+00,0.000000e+00,0.000000e+00,0.000000e+00,0.000000e+00,0.000000e+00,0.000000e+00,0.000000e+00,0.000000e+00,0.000000e+00,0.000000e+00,0.000000e+00,0.000000e+00,0.000000e+00
1.000000e+00,0.000000e+00,0.000000e+00,0.000000e+00,0.000000e+00,0.000000e+00,0.000000e+00,0.000000e+00,0.000000e+00,0.000000e+00,0.000000e+00,0.000000e+00,0.000000e+00,0.000000e+00,0.000000e+00
1.000000e+00,0.000000e+00,0.000000e+00,0.000000e+00,0.000000e+00,0.000000e+00,0.000000e+00,0.000000e+00,0.000000e+00,0.000000e+00,0.000000e+00,0.000000e+00,0.000000e+00,0.000000e+00,0.000000e+00
1.000000e+00,0.000000e+00,0.000000e+00,0.000000e+00,0.000000e+00,0.000000e+00,0.000000e+00,0.000000e+00,0.000000e+00,0.000000e+00,0.000000e+00,0.000000e+00,0.000000e+00,0.000000e+00,0.000000e+00
1.000000e+00,0.000000e+00,0.000000e+00,0.000000e+00,0.000000e+00,0.000000e+00,0.000000e+00,0.000000e+00,0.000000e+00,0.000000e+00,0.000000e+00,0.000000e+00,0.000000e+00,0.000000e+00,0.000000e+00
1.000000e+00,0.000000e+00,0.000000e+00,0.000000e+00,0.000000e+00,0.000000e+00,0.000000e+00,0.000000e+00,0.000000e+00,0.000000e+00,0.000000e+00,0.000000e+00,0.000000e+00,0.000000e+00,0.000000e+00
1.000000e+00,0.000000e+00,0.000000e+00,0.000000e+00,0.000000e+00,0.000000e+00,0.000000e+00,0.000000e+00,0.000000e+00,0.000000e+00,0.000000e+00,0.000000e+00,0.000000e+00,0.000000e+00,0.000000e+00
1.000000e+00,0.000000e+00,0.000000e+00,0.000000e+00,0.000000e+00,0.000000e+00,0.000000e+00,0.000000e+00,0.000000e+00,0.000000e+00,0.000000e+00,0.000000e+00,0.000000e+00,0.000000e+00,0.000000e+00
1.000000e+00,0.000000e+00,0.000000e+00,0.000000e+00,0.000000e+00,0.000000e+00,0.000000e+00,0.000000e+00,0.000000e+00,0.000000e+00,0.000000e+00,0.000000e+00,0.000000e+00,0.000000e+00,0.000000e+00
1.000000e+00,0.000000e+00,0.000000e+00,0.000000e+00,0.000000e+00,0.000000e+00,0.000000e+00,0.000000e+00,0.000000e+00,0.000000e+00,0.000000e+00,0.000000e+00,0.000000e+00,0.000000e+00,0.000000e+00
1.000000e+00,0.000000e+00,0.000000e+00,0.000000e+00,0.000000e+00,0.000000e+00,0.000000e+00,0.000000e+00,0.000000e+00,0.000000e+00,0.000000e+00,0.000000e+00,0.000000e+00,0.000000e+00,0.000000e+00
1.000000e+00,0.000000e+00,0.000000e+00,0.000000e+00,0.000000e+00,0.000000e+00,0.000000e+00,0.000000e+00,0.000000e+00,0.000000e+00,0.000000e+00,0.000000e+00,0.000000e+00,0.000000e+00,0.000000e+00
1.000000e+00,0.000000e+00,0.000000e+00,0.000000e+00,0.000000e+00,0.000000e+00,0.000000e+00,0.000000e+00,0.000000e+00,0.000000e+00,0.000000e+00,0.000000e+00,0.000000e+00,0.000000e+00,0.000000e+00
1.000000e+00,0.000000e+00,0.000000e+00,0.000000e+00,0.000000e+00,0.000000e+00,0.000000e+00,0.000000e+00,0.000000e+00,0.000000e+00,0.000000e+00,0.000000e+00,0.000000e+00,0.000000e+00,0.000000e+00
1.000000e+00,0.000000e+00,0.000000e+00,0.000000e+00,0.000000e+00,0.000000e+00,0.000000e+00,0.000000e+00,0.000000e+00,0.000000e+00,0.000000e+00,0.000000e+00,0.000000e+00,0.000000e+00,0.000000e+00
1.000000e+00,0.000000e+00,0.000000e+00,0.000000e+00,0.000000e+00,0.000000e+00,0.000000e+00,0.000000e+00,0.000000e+00,0.000000e+00,0.000000e+00,0.000000e+00,0.000000e+00,0.000000e+00,0.000000e+00
1.000000e+00,0.000000e+00,0.000000e+00,0.000000e+00,0.000000e+00,0.000000e+00,0.000000e+00,0.000000e+00,0.000000e+00,0.000000e+00,0.000000e+00,0.000000e+00,0.000000e+00,0.000000e+00,0.000000e+00
1.000000e+00,0.000000e+00,0.000000e+00,0.000000e+00,0.000000e+00,0.000000e+00,0.000000e+00,0.000000e+00,0.000000e+00,0.000000e+00,0.000000e+00,0.000000e+00,0.000000e+00,0.000000e+00,0.000000e+00
4.287631e-01,9.575111e-02,2.001621e-02,2.257654e-01,2.538412e-02,3.004319e-02,1.582452e-02,3.854646e-02,2.272207e-02,2.612815e-03,1.041910e-02,3.349777e-02,1.749602e-02,2.935161e-03,3.022295e-02
4.207098e-01,9.411637e-02,1.875657e-02,2.075236e-01,3.066660e-02,3.445745e-02,1.644198e-02,3.408461e-02,2.855282e-02,2.662742e-03,1.155306e-02,3.953322e-02,2.455351e-02,3.835150e-03,3.255251e-02
3.479688e-01,8.697287e-02,2.863390e-02,2.383227e-01,3.971072e-02,3.815496e-02,1.916058e-02,4.828407e-02,2.950963e-02,2.550585e-03,1.433039e-02,4.475440e-02,2.554788e-02,3.975642e-03,3.212291e-02
3.822190e-01,8.224422e-02,2.395031e-02,2.089335e-01,3.959637e-02,3.948211e-02,1.825342e-02,4.011644e-02,3.067171e-02,2.723016e-03,1.479753e-02,4.957211e-02,2.892903e-02,4.626191e-03,3.388501e-02
3.275730e-01,7.340294e-02,4.500029e-02,2.376921e-01,4.712582e-02,3.783531e-02,1.972864e-02,5.256369e-02,2.808259e-02,2.451998e-03,1.490241e-02,5.090384e-02,2.658727e-02,4.236533e-03,3.191348e-02
2.538679e-01,5.391776e-02,8.983830e-02,2.926553e-01,3.769242e-02,2.998766e-02,1.496424e-02,1.025766e-01,2.109612e-02,1.990400e-03,1.315751e-02,4.060112e-02,2.067407e-02,3.326554e-03,2.365386e-02
2.292394e-01,4.019479e-02,1.722611e-01,2.269779e-01,2.943469e-02,2.494112e-02,1.353195e-02,1.672512e-01,1.513843e-02,1.552668e-03,1.042901e-02,3.147919e-02,1.706599e-02,2.621573e-03,1.788102e-02
1.696797e-01,2.876919e-02,2.249382e-01,1.932939e-01,2.206175e-02,1.902381e-02,1.199423e-02,2.601012e-01,1.076208e-02,1.130219e-03,7.735239e-03,2.271584e-02,1.305920e-02,1.916383e-03,1.281907e-02
1.251310e-01,2.032662e-02,1.899045e-01,1.507863e-01,1.618586e-02,1.442936e-02,1.022916e-02,4.216043e-01,7.616962e-03,8.148614e-04,5.773121e-03,1.629515e-02,1.032963e-02,1.441926e-03,9.131295e-03
9.160416e-02,1.431066e-02,1.488030e-01,1.137777e-01,1.170641e-02,1.075034e-02,8.327912e-03,5.636207e-01,5.368997e-03,5.848242e-04,4.226959e-03,1.157761e-02,7.759654e-03,1.109495e-03,6.471487e-03
6.659790e-02,1.004808e-02,1.070962e-01,8.052932e-02,8.363692e-03,7.831420e-03,7.044937e-03,6.861177e-01,3.768582e-03,4.150134e-04,3.021200e-03,8.149816e-03,5.639892e-03,8.239571e-04,4.552308e-03
4.699757e-02,7.043959e-03,7.566383e-02,5.646357e-02,5.961111e-03,5.598557e-03,6.171651e-03,7.775691e-01,2.639082e-03,2.920883e-04,2.123911e-03,5.715697e-03,3.979129e-03,5.890971e-04,3.191646e-03
3.309488e-02,4.942858e-03,5.384945e-02,3.961873e-02,4.263553e-03,4.028383e-03,6.197556e-03,8.408910e-01,1.849786e-03,2.083045e-04,1.501752e-03,4.018733e-03,2.852818e-03,4.350754e-04,2.247056e-03
2.341020e-02,3.470772e-03,3.810990e-02,2.778416e-02,3.200711e-03,2.892773e-03,6.916757e-03,8.848729e-01,1.300362e-03,1.527491e-04,1.075527e-03,2.829166e-03,2.083916e-03,3.149229e-04,1.585144e-03
1.679291e-02,2.450212e-03,2.694753e-02,1.951729e-02,2.753823e-03,2.131621e-03,7.785475e-03,9.147189e-01,9.225407e-04,1.326913e-04,8.079343e-04,2.011399e-03,1.668568e-03,2.292213e-04,1.129914e-03
1.231184e-02,1.728960e-03,1.914211e-02,1.375809e-02,2.583609e-03,1.559375e-03,6.949566e-03,9.368122e-01,6.517497e-04,1.294661e-04,6.040346e-04,1.439123e-03,1.351322e-03,1.679794e-04,8.105231e-04
9.963531e-03,1.233377e-03,1.355560e-02,9.727911e-03,3.812553e-03,1.266235e-03,6.009449e-03,9.502006e-01,4.723182e-04,1.589290e-04,5.391493e-04,1.050077e-03,1.235675e-03,1.318333e-04,6.427482e-04
1.020347e-02,8.963126e-04,1.005979e-02,7.099812e-03,7.362729e-03,1.183890e-03,5.512583e-03,9.539171e-01,3.669650e-04,2.247994e-04,5.513590e-04,8.240230e-04,1.123835e-03,1.111426e-04,5.621522e-04
8.701388e-03,8.458483e-04,7.450288e-03,5.149908e-03,6.660919e-03,2.445210e-03,4.329353e-03,8.452425e-01,5.599941e-04,6.970644e-03,1.322083e-02,2.311223e-02,6.889490e-02,3.616499e-03,2.799549e-03
6.780879e-03,6.344602e-04,5.308109e-03,3.861437e-03,5.735737e-03,2.334408e-03,3.238076e-03,6.648774e-01,5.481035e-04,6.705561e-03,1.695343e-02,3.022626e-02,2.408044e-01,4.051762e-03,7.939919e-03
4.883209e-03,4.648427e-04,3.765156e-03,3.086703e-03,4.070519e-03,1.764413e-03,2.347645e-03,4.732950e-01,8.176105e-04,5.956069e-03,1.325677e-02,5.842968e-02,4.095705e-01,8.401570e-03,9.890337e-03
3.514467e-03,3.576090e-04,2.695886e-03,2.259415e-03,2.935556e-03,1.272826e-03,1.712273e-03,3.335823e-01,1.217094e-03,6.180272e-03,1.038191e-02,4.652184e-02,5.395771e-01,1.107396e-02,3.671750e-02
2.517769e-03,3.040436e-04,2.048156e-03,1.694339e-03,2.159369e-03,9.141843e-04,1.280973e-03,2.348234e-01,1.182067e-03,9.677604e-03,8.043356e-03,4.199684e-02,6.484634e-01,9.874695e-03,3.501984e-02
1.788968e-03,2.268833e-04,1.585752e-03,1.274548e-03,1.839132e-03,6.931377e-04,1.046321e-03,1.644948e-01,1.025365e-03,1.372024e-02,6.345122e-03,4.986616e-02,7.187728e-01,7.413361e-03,2.990733e-02
1.264718e-03,1.783920e-04,1.666658e-03,9.476152e-04,3.119351e-03,4.954261e-04,8.725956e-04,1.154071e-01,1.593102e-03,1.245816e-02,5.538578e-03,4.155771e-02,7.795783e-01,5.606876e-03,2.971542e-02
9.007044e-04,2.275355e-04,3.806510e-03,7.234627e-04,5.507051e-03,3.755791e-04,6.942490e-04,8.098183e-02,2.177523e-03,2.949181e-02,4.781512e-03,6.574726e-02,7.688865e-01,4.636582e-03,3.106197e-02
6.701449e-04,2.548215e-04,4.098397e-03,5.951024e-04,8.732901e-03,3.168198e-04,5.687171e-04,5.756314e-02,5.524497e-03,5.054176e-02,5.378930e-03,7.673743e-02,7.522036e-01,4.176855e-03,3.263689e-02
5.325356e-04,5.864154e-04,5.526985e-03,6.057292e-04,4.954129e-02,3.679286e-04,5.808218e-04,4.857958e-02,2.786082e-02,6.108319e-02,6.854517e-03,1.024132e-01,6.669110e-01,3.454488e-03,2.510156e-02
4.689041e-04,1.257296e-03,1.304784e-02,5.899586e-04,1.580288e-01,3.569354e-04,5.368489e-04,4.678250e-02,1.333227e-01,4.348136e-02,5.949728e-03,8.041094e-02,4.949528e-01,2.530254e-03,1.828316e-02
4.104356e-04,4.335455e-03,1.167196e-02,5.184098e-04,1.376236e-01,3.082228e-04,4.701516e-04,4.703812e-02,3.299820e-01,3.075039e-02,4.706688e-03,5.913550e-02,3.577351e-01,1.826207e-03,1.348775e-02
7.801496e-04,6.653814e-03,1.003682e-02,9.053814e-04,1.284601e-01,1.305837e-03,7.499350e-04,3.608989e-02,4.812140e-01,2.215395e-02,3.823963e-03,4.229560e-02,2.532267e-01,1.503654e-03,1.080026e-02
1.769303e-03,7.553662e-03,7.704082e-03,2.376476e-03,1.036052e-01,1.795776e-03,6.199139e-04,2.670828e-02,6.077558e-01,1.649781e-02,3.349785e-03,3.145098e-02,1.795507e-01,1.099469e-03,8.162833e-03
3.301442e-03,7.400460e-03,5.821964e-03,2.865874e-03,1.014346e-01,2.408820e-03,5.993207e-04,2.012334e-02,6.846734e-01,1.285342e-02,2.705129e-03,2.235533e-02,1.262077e-01,8.189194e-04,6.430374e-03
7.627285e-03,7.027461e-03,5.487610e-03,7.812557e-03,1.190207e-01,3.842916e-03,8.647646e-04,1.772234e-02,7.072917e-01,9.767458e-03,2.193739e-03,1.597203e-02,8.882473e-02,6.468236e-04,5.898009e-03
1.292555e-02,1.005193e-02,4.357387e-03,6.918659e-03,1.038136e-01,3.427715e-03,7.978264e-04,1.455776e-02,7.527164e-01,7.389859e-03,1.726534e-03,1.164971e-02,6.246123e-02,5.447568e-04,6.661192e-03
1.525075e-02,1.239264e-02,5.304888e-03,1.321056e-02,9.588040e-02,3.208542e-03,7.566122e-04,5.125112e-02,7.349570e-01,6.837178e-03,1.589304e-03,8.625624e-03,4.410936e-02,4.593816e-04,6.166602e-03
2.469374e-02,1.343874e-02,1.968784e-02,5.425143e-02,8.382609e-02,5.080504e-03,6.841924e-04,7.736260e-02,6.570632e-01,1.138014e-02,2.682552e-03,8.257959e-03,3.191846e-02,4.756918e-04,9.196917e-03
3.737844e-02,1.349240e-02,1.629584e-02,4.879405e-02,6.887436e-02,6.748724e-03,7.558193e-04,1.300538e-01,6.214277e-01,1.059055e-02,3.336225e-03,9.044382e-03,2.348879e-02,5.426301e-04,9.176319e-03
4.093343e-02,1.527136e-02,1.738736e-02,7.628705e-02,5.583798e-02,5.682230e-03,8.228681e-04,1.273353e-01,4.677907e-01,9.983323e-03,1.210180e-01,1.772882e-02,2.589977e-02,4.077642e-03,1.394422e-02
2.924620e-02,1.189189e-02,1.373170e-02,1.284257e-01,4.460089e-02,4.792581e-03,6.527165e-04,9.608997e-02,3.310713e-01,8.536128e-03,2.386634e-01,3.224748e-02,4.462703e-02,3.628178e-03,1.179482e-02
2.071845e-02,8.465534e-03,1.030384e-02,1.102798e-01,3.460126e-02,3.699163e-03,5.185175e-04,6.797339e-02,2.330046e-01,7.700782e-03,3.529801e-01,3.572246e-02,9.604388e-02,3.915094e-03,1.407314e-02
1.508978e-02,6.098855e-03,8.470990e-03,8.602439e-02,3.085568e-02,2.900082e-03,5.135607e-04,4.803449e-02,1.664052e-01,8.214181e-03,4.136820e-01,5.421961e-02,1.433342e-01,3.469718e-03,1.268727e-02
1.203170e-02,4.721959e-03,6.924808e-03,6.432721e-02,4.778604e-02,2.619361e-03,5.885090e-04,3.448201e-02,1.232068e-01,8.252583e-03,4.272274e-01,6.999739e-02,1.829721e-01,4.550630e-03,1.031151e-02
9.425491e-03,4.019545e-03,5.343792e-03,4.614272e-02,3.653162e-02,2.896280e-03,5.994781e-04,2.514418e-02,9.050569e-02,9.477381e-03,3.918075e-01,1.781392e-01,1.702232e-01,2.023204e-02,9.511916e-03
7.718505e-03,3.541860e-03,4.417324e-03,3.452885e-02,2.702744e-02,3.130514e-03,7.337270e-04,1.854516e-02,6.655287e-02,2.443870e-02,3.729139e-01,2.439072e-01,1.553193e-01,2.914972e-02,8.074932e-03
6.415762e-03,3.510493e-03,3.440327e-03,2.555951e-02,1.946250e-02,3.585021e-03,6.924819e-04,1.362228e-02,5.165690e-02,3.550491e-02,3.517909e-01,3.296949e-01,1.218961e-01,2.697627e-02,6.191718e-03
4.867140e-03,3.108031e-03,2.658779e-03,1.977566e-02,1.512346e-02,2.960486e-03,5.989514e-04,9.787078e-03,4.223715e-02,3.902633e-02,3.131151e-01,4.230897e-01,9.270019e-02,2.623393e-02,4.717884e-03
3.706492e-03,3.093515e-03,2.315320e-03,1.530404e-02,1.351090e-02,2.921860e-03,1.030876e-03,7.223805e-03,3.528779e-02,4.154878e-02,2.847890e-01,4.912253e-01,7.149994e-02,2.221194e-02,4.330359e-03
3.063659e-03,2.930170e-03,1.852142e-03,1.134497e-02,1.030415e-02,3.240104e-03,7.592603e-04,5.472608e-03,2.594837e-02,3.016016e-02,2.174094e-01,6.175081e-01,5.068558e-02,1.604432e-02,3.277022e-03
2.376917e-03,2.707979e-03,1.483246e-03,8.247654e-03,1.118649e-02,2.719718e-03,7.276870e-04,4.206257e-03,2.171556e-02,2.212645e-02,1.626824e-01,7.090926e-01,3.616191e-02,1.198860e-02,2.576465e-03
2.600677e-03,3.050905e-03,1.852780e-03,6.058882e-03,4.685699e-02,8.759327e-03,1.879475e-03,5.110067e-03,2.767349e-02,1.714621e-02,1.270525e-01,7.137536e-01,2.588095e-02,9.894717e-03,2.429402e-03
4.002044e-03,4.587052e-03,4.833867e-03,4.859603e-03,8.901136e-02,1.410596e-02,7.488872e-03,7.821651e-03,4.361499e-02,1.631699e-02,1.187503e-01,6.519783e-01,1.914740e-02,8.356527e-03,5.125032e-03
5.352123e-03,3.825501e-03,4.516235e-03,3.620098e-03,2.098467e-01,2.712642e-02,7.501916e-03,7.741118e-03,5.818395e-02,1.291420e-02,1.020103e-01,5.314968e-01,1.542294e-02,6.273422e-03,4.168277e-03
1.193586e-02,3.990158e-03,4.756370e-03,3.002096e-03,3.094460e-01,3.030139e-02,6.807853e-03,8.547496e-03,5.512139e-02,1.310308e-02,9.429274e-02,4.117891e-01,3.643133e-02,6.439826e-03,4.035286e-03
1.423526e-02,3.457557e-03,4.845386e-03,2.503210e-03,3.804304e-01,3.095168e-02,7.307233e-03,1.464777e-02,4.866619e-02,1.056259e-02,9.686472e-02,3.276373e-01,4.854321e-02,5.495623e-03,3.851833e-03
2.598930e-02,5.214268e-03,8.872841e-03,2.902709e-03,2.883196e-01,2.698667e-02,1.146109e-02,7.106012e-02,5.743877e-02,1.149222e-02,1.404878e-01,2.520805e-01,7.259924e-02,1.009581e-02,1.499907e-02
6.030070e-02,1.706616e-02,2.091744e-02,1.088565e-02,2.866553e-01,3.184887e-02,2.651609e-02,5.746037e-02,5.934131e-02,1.441482e-02,1.271024e-01,1.815368e-01,6.579749e-02,9.864138e-03,3.029246e-02
6.346558e-02,1.444378e-02,7.625023e-02,2.239107e-02,2.704990e-01,2.661412e-02,2.613779e-02,1.136193e-01,5.192868e-02,1.239570e-02,1.051760e-01,1.301827e-01,5.571160e-02,7.811950e-03,2.337261e-02
7.362324e-02,1.850466e-02,1.009215e-01,2.755692e-02,3.160510e-01,3.397827e-02,2.803908e-02,8.180061e-02,5.783951e-02,1.388314e-02,8.349889e-02,9.285461e-02,4.134802e-02,7.588640e-03,2.251184e-02
7.932337e-02,2.080588e-02,9.888747e-02,2.598211e-02,3.889358e-01,3.632367e-02,3.020577e-02,5.986830e-02,6.040960e-02,1.426952e-02,6.233229e-02,6.634960e-02,3.041686e-02,7.692692e-03,1.819706e-02
7.425321e-02,2.931260e-02,1.960819e-01,5.635520e-02,3.424762e-01,2.865698e-02,3.130088e-02,4.496456e-02,4.782762e-02,1.134930e-02,4.596193e-02,4.811503e-02,2.271205e-02,5.684540e-03,1.494793e-02
7.125242e-02,3.366075e-02,2.063985e-01,5.316121e-02,3.671774e-01,2.285506e-02,3.310062e-02,5.945977e-02,4.045325e-02,1.050886e-02,3.354300e-02,3.467721e-02,1.707133e-02,5.676898e-03,1.100379e-02
7.183412e-02,2.937922e-02,2.316228e-01,4.575471e-02,3.242626e-01,1.749696e-02,8.237883e-02,7.716507e-02,3.087451e-02,8.427130e-03,2.464173e-02,2.475728e-02,1.908013e-02,4.110115e-03,8.214837e-03
6.298364e-02,2.535136e-02,1.853310e-01,3.489320e-02,3.252652e-01,1.541085e-02,1.127355e-01,1.453638e-01,2.314586e-02,8.765155e-03,1.789929e-02,1.768971e-02,1.429368e-02,3.648261e-03,7.223501e-03
5.437277e-02,1.898953e-02,1.366444e-01,2.557752e-02,2.795393e-01,1.292810e-02,1.169311e-01,2.866652e-01,1.724956e-02,6.778604e-03,1.291982e-02,1.253860e-02,1.054130e-02,2.724685e-03,5.599468e-03
5.126241e-02,1.374909e-02,9.769107e-02,1.903691e-02,2.446487e-01,9.607710e-03,1.147823e-01,3.956402e-01,1.441518e-02,6.458509e-03,9.502047e-03,8.992760e-03,7.916241e-03,1.999196e-03,4.297704e-03
1.011117e-01,1.189552e-02,7.315868e-02,1.705186e-02,1.997823e-01,1.375150e-02,1.150535e-01,3.993880e-01,1.817170e-02,1.683600e-02,8.327322e-03,9.797457e-03,7.469667e-03,1.858228e-03,6.346579e-03
1.310586e-01,1.033639e-02,5.755363e-02,1.593760e-02,1.596107e-01,2.555365e-02,1.264918e-01,4.015107e-01,1.939102e-02,1.938428e-02,7.392148e-03,1.001257e-02,6.791887e-03,1.690299e-03,7.284658e-03
1.486455e-01,8.725941e-03,4.626075e-02,1.227750e-02,1.227034e-01,4.105413e-02,1.540871e-01,4.036542e-01,1.470738e-02,1.638653e-02,6.055880e-03,8.432704e-03,6.509422e-03,1.641938e-03,8.857664e-03
1.331560e-01,6.738002e-03,3.555695e-02,9.296670e-03,9.033751e-02,5.359524e-02,1.942329e-01,4.267481e-01,1.081836e-02,1.257518e-02,4.546679e-03,6.736819e-03,6.617477e-03,1.274359e-03,7.769827e-03
1.197196e-01,5.921429e-03,2.861496e-02,7.192693e-03,6.677973e-02,6.525469e-02,2.194751e-01,4.359030e-01,7.999404e-03,1.046160e-02,4.149790e-03,5.618040e-03,5.542270e-03,9.682981e-04,1.639945e-02
1.068223e-01,5.212206e-03,2.364471e-02,6.566531e-03,4.856528e-02,8.839605e-02,2.101939e-01,4.572079e-01,6.434872e-03,9.376545e-03,3.992977e-03,4.514462e-03,4.718931e-03,8.184979e-04,2.353482e-02
1.019882e-01,4.710026e-03,1.952536e-02,6.149060e-03,3.522645e-02,1.195412e-01,1.772062e-01,4.786272e-01,5.386643e-03,8.518227e-03,4.274273e-03,4.045835e-03,4.130839e-03,7.678097e-04,2.990266e-02
9.038307e-02,4.045434e-03,1.530670e-02,5.372222e-03,2.559287e-02,3.269978e-01,1.245083e-01,3.424333e-01,4.176934e-03,1.116785e-02,6.740039e-03,9.747063e-03,6.082461e-03,1.199874e-03,2.624613e-02
7.843775e-02,3.418362e-03,1.141516e-02,4.433167e-03,1.876147e-02,4.554409e-01,8.753703e-02,2.506822e-01,3.281213e-03,2.319407e-02,8.643405e-03,1.622857e-02,1.216922e-02,2.352776e-03,2.400461e-02
5.886759e-02,2.532401e-03,8.303734e-03,3.443859e-03,1.329513e-02,3.764288e-01,6.141092e-02,1.766694e-01,2.457339e-03,2.123106e-01,8.720361e-03,2.882622e-02,2.037848e-02,2.391267e-03,2.396397e-02
4.205835e-02,1.847381e-03,5.957677e-03,2.874219e-03,9.375552e-03,3.217597e-01,4.303999e-02,1.237728e-01,1.914447e-03,3.192177e-01,8.279824e-03,8.328508e-02,1.634385e-02,1.975572e-03,1.829779e-02
3.009967e-02,1.355609e-03,4.246610e-03,2.247689e-03,6.717288e-03,2.491042e-01,3.015311e-02,8.686015e-02,2.224512e-03,3.688756e-01,1.012540e-02,1.739396e-01,1.699629e-02,2.815322e-03,1.423897e-02
2.303811e-02,1.604586e-02,2.118628e-02,1.750132e-03,6.193462e-03,1.772781e-01,2.114550e-02,6.123574e-02,7.516014e-03,3.424198e-01,2.418688e-02,2.398801e-01,2.608412e-02,7.039307e-03,2.500058e-02
2.432901e-02,5.516958e-02,4.548673e-02,1.470432e-03,7.605658e-03,1.259794e-01,1.484260e-02,4.343031e-02,1.405108e-02,3.615109e-01,2.932852e-02,1.914128e-01,3.285079e-02,8.856280e-03,4.367590e-02
1.844718e-02,6.545319e-02,6.122378e-02,2.548313e-03,9.211392e-03,1.026338e-01,1.074949e-02,3.104124e-02,4.158612e-02,3.229041e-01,3.111052e-02,1.906491e-01,3.439770e-02,1.417468e-02,6.386942e-02
1.328467e-02,6.079060e-02,5.189404e-02,2.766035e-03,8.168395e-03,7.562856e-02,7.709188e-03,2.219062e-02,7.439528e-02,2.750095e-01,5.669420e-02,1.858420e-01,4.336139e-02,4.351406e-02,7.875158e-02
9.807511e-03,7.415214e-02,3.798624e-02,2.336733e-03,7.326718e-03,5.650804e-02,5.430836e-03,1.603233e-02,2.833201e-01,1.952696e-01,4.393669e-02,1.367642e-01,3.550407e-02,3.401612e-02,6.160884e-02
7.855074e-03,1.231101e-01,2.864534e-02,2.689673e-03,2.287279e-02,4.206046e-02,3.893474e-03,1.154380e-02,3.787939e-01,1.410791e-01,3.183075e-02,9.656699e-02,2.645322e-02,2.639959e-02,5.620579e-02
6.676541e-03,1.890389e-01,2.273195e-02,1.876271e-02,2.814848e-02,3.384429e-02,2.871752e-03,9.528214e-03,3.800648e-01,1.038800e-01,2.303319e-02,6.819052e-02,2.196473e-02,1.917837e-02,7.208568e-02
6.208325e-03,3.222743e-01,1.883715e-02,1.869117e-02,2.847156e-02,2.493006e-02,2.093493e-03,7.618276e-03,3.365288e-01,7.448285e-02,1.737383e-02,4.798981e-02,1.759274e-02,1.403613e-02,6.287151e-02
5.171421e-03,4.104466e-01,1.671321e-02,3.559643e-02,2.044008e-02,1.790366e-02,1.475091e-03,5.651813e-03,2.630533e-01,5.962717e-02,1.632588e-02,3.451227e-02,1.570839e-02,1.036681e-02,8.700792e-02
6.199459e-03,4.460084e-01,1.484155e-02,2.750361e-02,1.504456e-02,1.335301e-02,1.068956e-03,4.333046e-03,2.128718e-01,5.047959e-02,2.534537e-02,2.569804e-02,1.602909e-02,9.597775e-03,1.316258e-01
1.211300e-02,3.410507e-01,1.245655e-02,2.020136e-02,1.632681e-02,1.840492e-02,8.875673e-04,3.536740e-03,1.991483e-01,5.448215e-02,2.328653e-02,1.828680e-02,1.424208e-02,9.843349e-03,2.557331e-01
1.124188e-02,2.923605e-01,9.730725e-03,1.586712e-02,1.426380e-02,1.630388e-02,1.154800e-03,3.071012e-03,2.760274e-01,5.041966e-02,2.084133e-02,1.337409e-02,1.569203e-02,9.843072e-03,2.498086e-01
1.190610e-02,2.230275e-01,7.531932e-03,1.230264e-02,1.150251e-02,1.343958e-02,8.723502e-04,2.372996e-03,2.497278e-01,4.753093e-02,1.687352e-02,1.010071e-02,1.377088e-02,1.602951e-02,3.630111e-01
2.479435e-02,1.829844e-01,6.168485e-03,2.029101e-02,1.538510e-02,1.552529e-02,9.254497e-04,2.504583e-03,3.022202e-01,3.966896e-02,1.285169e-02,7.498945e-03,1.173110e-02,1.420583e-02,3.432447e-01
4.579033e-02,1.478541e-01,7.628249e-03,6.769307e-02,3.334191e-02,2.325122e-02,1.111015e-03,9.759949e-03,2.710341e-01,3.424577e-02,1.044931e-02,5.690699e-03,9.340500e-03,1.339575e-02,3.194141e-01
5.357073e-02,1.135217e-01,1.373712e-02,4.898254e-02,2.956427e-02,2.067827e-02,9.510777e-04,8.274092e-03,2.017269e-01,5.328304e-02,8.781181e-03,4.151031e-03,7.512661e-03,2.286116e-02,4.124042e-01
6.915116e-02,1.059553e-01,2.488309e-02,5.096519e-02,4.393206e-02,2.240789e-02,2.112874e-03,2.454039e-02,1.624374e-01,3.977536e-02,1.034293e-02,3.662340e-03,7.306554e-03,2.068668e-02,4.118408e-01
4.859021e-02,7.542597e-02,1.820409e-02,3.576645e-02,3.080136e-02,1.577246e-02,1.482407e-03,1.718155e-02,1.159595e-01,3.045550e-02,7.368067e-03,2.581987e-03,5.159985e-03,2.171855e-02,5.735319e-01
4.456156e-02,5.505756e-02,1.526651e-02,2.806704e-02,2.327562e-02,1.235546e-02,1.212369e-03,1.259001e-02,9.979200e-02,2.469634e-02,1.089437e-02,3.242437e-03,7.588711e-03,4.256817e-02,6.188319e-01
4.280680e-02,4.029149e-02,1.292627e-02,2.106801e-02,1.737982e-02,1.028016e-02,9.797516e-04,9.106344e-03,8.058255e-02,2.310085e-02,9.935019e-03,3.119907e-03,6.809043e-03,8.907276e-02,6.325412e-01
3.581587e-02,3.003387e-02,1.133347e-02,1.571582e-02,1.260153e-02,7.871524e-03,7.673654e-04,6.426584e-03,7.083925e-02,1.868238e-02,8.851065e-03,2.655205e-03,5.480142e-03,2.756170e-01,4.973089e-01
3.654765e-02,2.315858e-02,1.011668e-02,1.141416e-02,9.617195e-03,6.513021e-03,6.925710e-04,4.622782e-03,5.509553e-02,2.050387e-02,8.526241e-03,2.405126e-03,4.767657e-03,3.797883e-01,4.262306e-01
2.643245e-02,1.655460e-02,8.791200e-03,8.027517e-03,6.933615e-03,4.755631e-03,5.063503e-04,3.278993e-03,4.118392e-02,6.540922e-02,7.525725e-03,1.809471e-03,3.754387e-03,4.872997e-01,3.177372e-01
1.975727e-02,1.187522e-02,7.127563e-03,5.682934e-03,4.954447e-03,3.504018e-03,3.719890e-04,2.313335e-03,3.194822e-02,8.951174e-02,6.156800e-03,1.382896e-03,2.770550e-03,5.612976e-01,2.513454e-01
2.254969e-02,1.044608e-02,9.517815e-03,5.263245e-03,5.088430e-03,3.054513e-03,4.381699e-04,2.244222e-03,3.817271e-02,8.262348e-02,7.334991e-03,1.279766e-03,2.277642e-03,6.070020e-01,2.027073e-01
1.645649e-02,7.443268e-03,6.872493e-03,3.705421e-03,3.718853e-03,2.375332e-03,3.243800e-04,1.578192e-03,3.391315e-02,1.123196e-01,6.660167e-03,9.288791e-04,1.696122e-03,6.274859e-01,1.745217e-01
1.334794e-02,5.555768e-03,6.073296e-03,2.657889e-03,2.859205e-03,1.923397e-03,2.564279e-04,1.286306e-03,3.655775e-02,1.077383e-01,6.358697e-03,8.045830e-04,1.429913e-03,6.334047e-01,1.797458e-01
9.805250e-03,4.085328e-03,5.386111e-03,1.941258e-03,2.286885e-03,1.735345e-03,2.083863e-04,1.161149e-03,3.651167e-02,1.679992e-01,8.013529e-03,7.612524e-04,1.221211e-03,6.032938e-01,1.555897e-01
6.990137e-03,2.960911e-03,4.320230e-03,1.380238e-03,1.646174e-03,1.283686e-03,1.527458e-04,8.214641e-04,2.996670e-02,1.573794e-01,8.875085e-03,6.222494e-04,9.815631e-04,6.494194e-01,1.332000e-01
5.003326e-03,2.114403e-03,3.383036e-03,1.031751e-03,1.239007e-03,9.493119e-04,1.275581e-04,6.359168e-04,2.279619e-02,1.604781e-01,1.326896e-02,5.513189e-04,1.078919e-03,6.815576e-01,1.057847e-01
3.633099e-03,1.587931e-03,2.788260e-03,9.484934e-04,1.062086e-03,7.270243e-04,1.141182e-04,5.219775e-04,1.970066e-02,1.907929e-01,2.251723e-02,7.390262e-04,1.269953e-03,6.576404e-01,9.595690e-02
2.929270e-03,1.201829e-03,2.560137e-03,1.165854e-03,4.316507e-03,6.001563e-04,1.400528e-04,1.268218e-03,2.299335e-02,2.856604e-01,3.307947e-02,1.064551e-03,1.735769e-03,5.006406e-01,1.406439e-01
2.340506e-03,8.949430e-04,2.469206e-03,1.564252e-03,5.057639e-03,5.335296e-04,1.675169e-04,3.057668e-03,2.127273e-02,4.307330e-01,3.499843e-02,1.505101e-03,2.973977e-03,3.775850e-01,1.148466e-01
1.956617e-03,7.130191e-04,3.612883e-03,2.361373e-03,6.564042e-03,7.125039e-04,5.427197e-04,4.925209e-03,1.830787e-02,5.547720e-01,2.792982e-02,2.245459e-03,6.512806e-03,2.721972e-01,9.664656e-02
1.958197e-03,5.257854e-04,3.659945e-03,3.867457e-03,3.536454e-02,1.228805e-03,9.261158e-04,1.894174e-02,1.602550e-02,6.095369e-01,2.317325e-02,2.360623e-03,9.094205e-03,1.944627e-01,7.887423e-02
1.549283e-03,4.071743e-04,3.938159e-03,3.546688e-03,3.286873e-02,9.277968e-04,1.325722e-03,2.746467e-01,1.233609e-02,4.461049e-01,1.704697e-02,1.876265e-03,8.948575e-03,1.366125e-01,5.786437e-02
1.424923e-03,3.649667e-04,4.286571e-03,2.902825e-03,2.666287e-02,7.062646e-04,1.375580e-03,4.784549e-01,9.697152e-03,3.162597e-01,1.251339e-02,1.483133e-03,7.167425e-03,9.579719e-02,4.090310e-02
1.680857e-03,3.302012e-04,3.533206e-03,2.347331e-03,2.097615e-02,5.610040e-04,2.196596e-03,6.271961e-01,7.141483e-03,2.226671e-01,8.998101e-03,1.176169e-03,5.352058e-03,6.710046e-02,2.874321e-02
1.518629e-03,2.696956e-04,2.735418e-03,2.011057e-03,2.024722e-02,6.102576e-04,2.253722e-03,7.296615e-01,5.447934e-03,1.562922e-01,6.719599e-03,8.906487e-04,4.144004e-03,4.702090e-02,2.017725e-02
1.583194e-03,2.753655e-04,2.201430e-03,2.100600e-03,2.846473e-02,8.169516e-04,2.144669e-03,7.913042e-01,4.284865e-03,1.103894e-01,5.182791e-03,7.038428e-04,3.337387e-03,3.299702e-02,1.421347e-02
2.477236e-03,2.764823e-04,2.000967e-03,2.788635e-03,3.258643e-02,1.192176e-03,1.828387e-03,8.355987e-01,3.245515e-03,7.766164e-02,3.954200e-03,5.481479e-04,2.582270e-03,2.323154e-02,1.002759e-02
3.389714e-03,3.113786e-04,2.277716e-03,3.432293e-03,2.920858e-02,1.748390e-03,1.441492e-03,8.713763e-01,2.586207e-03,5.469037e-02,3.036267e-03,4.802112e-04,2.414398e-03,1.644588e-02,7.160760e-03
5.977570e-03,3.528270e-04,2.524879e-03,4.038296e-03,2.781935e-02,2.505347e-03,1.119988e-03,8.934397e-01,1.927904e-03,3.867637e-02,2.293724e-03,5.244057e-04,1.926482e-03,1.167430e-02,5.198802e-03
1.220390e-02,3.704075e-04,2.327339e-03,3.608362e-03,2.710676e-02,2.478357e-03,8.962958e-04,9.060171e-01,1.446412e-03,2.742383e-02,1.810945e-03,7.403602e-04,1.582523e-03,8.230004e-03,3.757416e-03
1.648487e-02,3.900054e-04,2.155991e-03,3.506626e-03,2.274355e-02,2.620927e-03,7.130633e-04,9.180882e-01,1.095838e-03,1.933367e-02,1.566680e-03,1.339557e-03,1.458491e-03,5.795489e-03,2.707055e-03
1.691801e-02,3.409648e-04,1.745471e-03,2.793352e-03,1.687104e-02,2.387287e-03,6.179186e-04,9.342350e-01,8.169915e-04,1.357014e-02,1.199135e-03,1.324046e-03,1.156716e-03,4.080795e-03,1.943150e-03
1.631738e-02,3.302296e-04,1.461448e-03,2.183011e-03,1.272566e-02,1.925381e-03,5.425347e-04,9.471158e-01,6.280961e-04,9.538452e-03,9.089744e-04,1.165717e-03,8.915756e-04,2.874225e-03,1.391537e-03
1.798443e-02,5.169106e-04,1.889833e-03,2.831368e-03,9.782488e-03,1.988004e-03,5.238053e-04,9.505968e-01,6.750356e-04,6.839249e-03,9.739245e-04,1.295179e-03,9.452562e-04,2.066484e-03,1.091178e-03
2.814906e-02,1.035564e-03,3.065391e-03,4.609032e-03,1.195925e-02,2.453906e-03,9.135355e-04,9.338722e-01,1.384181e-03,5.343796e-03,1.354764e-03,1.575943e-03,1.376143e-03,1.548109e-03,1.359007e-03
4.965269e-02,1.168050e-03,4.014493e-03,5.170237e-03,1.231176e-02,3.335487e-03,1.642832e-03,9.081352e-01,2.111752e-03,4.032408e-03,1.587195e-03,2.172574e-03,1.945548e-03,1.274265e-03,1.445452e-03
6.219514e-02,1.790596e-03,6.153869e-03,6.196284e-03,1.244597e-02,7.410203e-03,1.915846e-03,8.618962e-01,6.375626e-03,1.094467e-02,4.067790e-03,3.568377e-03,7.122147e-03,1.915294e-03,6.002010e-03
5.223375e-02,1.784769e-03,5.468477e-03,5.660814e-03,9.654837e-03,7.987607e-03,1.600261e-03,8.119152e-01,1.360232e-02,5.860059e-02,6.983655e-03,4.676048e-03,9.992081e-03,1.953692e-03,7.885929e-03
4.075356e-02,2.737622e-03,4.308581e-03,1.021148e-02,7.078208e-03,6.762474e-03,1.384604e-03,6.777532e-01,2.931317e-02,1.192918e-01,2.376520e-02,2.996713e-02,2.579787e-02,4.295137e-03,1.657997e-02
2.994939e-02,3.922453e-03,5.307980e-03,2.283232e-02,5.278540e-03,6.790474e-03,1.125916e-03,4.969148e-01,3.499224e-02,2.070625e-01,6.434596e-02,3.326271e-02,5.606459e-02,9.511966e-03,2.263816e-02
2.179491e-02,3.645904e-03,4.880096e-03,2.039334e-02,3.884413e-03,6.329232e-03,8.625243e-04,3.527237e-01,3.043034e-02,2.434021e-01,1.076878e-01,3.014889e-02,9.225556e-02,2.444694e-02,5.711429e-02
1.663129e-02,4.933454e-03,4.383815e-03,1.815083e-02,3.129106e-03,1.365439e-02,7.350825e-04,2.496901e-01,3.911836e-02,3.010505e-01,1.243383e-01,2.563462e-02,9.707967e-02,3.325720e-02,6.821331e-02
1.347705e-02,4.586393e-03,3.966410e-03,1.756560e-02,3.932897e-03,1.100632e-02,6.892881e-04,1.834595e-01,5.985574e-02,3.549121e-01,1.143000e-01,2.151759e-02,8.045242e-02,4.322688e-02,8.705177e-02
2.006216e-02,1.645089e-02,1.546663e-02,2.988290e-02,1.838200e-02,1.411685e-02,2.375229e-03,1.492479e-01,1.240956e-01,2.783379e-01,8.405446e-02,1.551570e-02,5.963816e-02,3.699115e-02,1.353825e-01
3.436426e-02,3.131615e-02,1.355501e-02,3.077104e-02,2.350722e-02,1.337961e-02,2.869112e-03,1.250347e-01,2.132438e-01,2.438748e-01,6.198674e-02,1.234439e-02,4.366001e-02,3.027659e-02,1.198165e-01
3.372985e-02,4.581508e-02,2.242530e-02,7.260703e-02,4.176862e-02,1.786922e-02,3.988510e-03,9.344731e-02,2.581493e-01,1.817474e-01,5.672789e-02,1.752648e-02,3.433135e-02,2.266465e-02,9.720197e-02
3.525985e-02,4.372675e-02,2.301251e-02,1.155485e-01,3.529006e-02,1.581345e-02,3.605684e-03,6.710371e-02,3.067449e-01,1.343305e-01,6.348583e-02,2.515614e-02,2.748638e-02,1.719891e-02,8.623682e-02
6.168598e-02,4.175323e-02,2.000162e-02,1.099998e-01,3.695905e-02,1.445526e-02,4.113712e-03,5.022492e-02,3.304116e-01,9.879798e-02,6.124819e-02,2.485996e-02,2.384284e-02,1.362822e-02,1.080175e-01
1.456488e-01,4.278675e-02,1.772837e-02,8.725473e-02,3.896410e-02,1.460296e-02,7.772925e-03,3.805671e-02,3.034260e-01,7.481693e-02,4.714366e-02,2.357900e-02,1.955812e-02,1.075174e-02,1.279092e-01
2.289805e-01,4.934718e-02,2.112674e-02,7.656006e-02,4.131100e-02,1.621971e-02,1.147743e-02,3.931547e-02,2.375286e-01,6.062758e-02,3.652973e-02,2.264022e-02,1.520012e-02,8.768792e-03,1.343669e-01
2.948278e-01,5.617126e-02,1.968173e-02,7.227011e-02,4.212523e-02,1.505369e-02,1.328968e-02,3.195840e-02,1.870945e-01,5.315435e-02,2.850603e-02,2.251886e-02,1.267057e-02,7.456784e-03,1.432210e-01
2.577640e-01,8.026801e-02,2.497715e-02,1.216906e-01,3.241219e-02,1.335872e-02,9.773956e-03,2.296757e-02,1.371690e-01,5.044124e-02,2.303134e-02,1.942344e-02,1.054753e-02,6.468632e-03,1.897067e-01
2.004476e-01,5.781815e-02,1.882526e-02,3.264529e-01,2.646712e-02,1.072235e-02,6.953855e-03,1.737279e-02,1.008603e-01,3.615824e-02,3.272451e-02,1.527571e-02,1.005936e-02,4.900596e-03,1.349612e-01
1.585893e-01,4.339381e-02,1.526221e-02,4.019647e-01,2.172361e-02,1.105463e-02,5.129007e-03,1.260025e-02,7.509822e-02,2.612613e-02,7.249970e-02,3.067118e-02,2.272161e-02,3.812372e-03,9.935329e-02
1.126855e-01,3.050061e-02,1.087434e-02,3.795858e-01,1.709207e-02,1.086284e-02,3.729647e-03,8.957779e-03,5.546074e-02,2.023144e-02,1.582886e-01,3.852901e-02,8.045944e-02,2.942123e-03,6.980009e-02
7.918055e-02,2.138170e-02,7.647075e-03,2.804356e-01,1.611532e-02,8.173190e-03,2.684565e-03,6.316129e-03,4.012978e-02,1.517558e-02,2.980919e-01,3.535008e-02,1.381160e-01,2.205003e-03,4.899746e-02
5.580048e-02,1.498596e-02,5.408336e-03,2.046326e-01,1.349100e-02,6.578017e-03,1.901297e-03,5.148835e-03,3.068004e-02,1.149943e-02,2.438781e-01,3.652674e-02,3.333988e-01,1.741438e-03,3.432895e-02
3.995448e-02,1.051112e-02,3.936947e-03,1.460297e-01,2.559147e-02,5.040359e-03,1.445305e-03,5.359191e-03,2.569336e-02,8.857036e-03,2.367310e-01,3.192425e-02,4.333553e-01,1.394356e-03,2.417619e-02
2.933962e-02,7.402861e-03,3.091603e-03,1.041546e-01,2.334002e-02,4.667838e-03,1.241005e-03,8.204384e-03,2.579276e-02,7.545820e-03,1.964799e-01,4.138312e-02,5.276412e-01,1.501135e-03,1.821411e-02
2.100176e-02,5.212287e-03,2.352663e-03,7.316500e-02,1.712485e-02,3.765674e-03,9.484930e-04,1.348896e-02,2.027717e-02,5.440408e-03,1.418206e-01,4.086064e-02,6.403389e-01,1.209628e-03,1.299297e-02
1.538375e-02,3.741993e-03,2.342737e-03,5.447006e-02,1.301784e-02,3.368821e-03,7.988365e-04,1.893005e-02,1.951411e-02,4.092540e-03,1.055144e-01,4.666023e-02,7.017187e-01,1.113507e-03,9.332353e-03
1.150855e-02,3.851277e-03,2.607954e-03,4.018778e-02,9.869610e-03,3.334955e-03,9.183184e-04,2.226092e-02,5.398305e-02,3.188670e-03,7.807009e-02,6.945662e-02,6.927756e-01,9.585840e-04,7.028024e-03
9.291071e-03,6.202079e-03,2.210893e-03,2.901771e-02,8.050458e-03,2.843021e-03,8.196842e-04,2.074127e-02,1.961931e-01,2.486555e-03,5.973152e-02,6.957906e-02,5.868327e-01,7.231640e-04,5.277684e-03
