1.000000e+00,0.000000e+00,0.000000e+00,0.000000e+00,0.000000e+00,0.000000e+00,0.000000e+00,0.000000e+00,0.000000e+00,0.000000e+00,0.000000e+00,0.000000e+00,0.000000e+00,0.000000e+00,0.000000e+00
1.000000e+00,0.000000e+00,0.000000e+00,0.000000e+00,0.000000e+00,0.000000e+00,0.000000e+00,0.000000e+00,0.000000e+00,0.000000e+00,0.000000e+00,0.000000e+00,0.000000e+00,0.000000e+00,0.000000e+00
1.000000e+00,0.000000e+00,0.000000e+00,0.000000e+00,0.000000e+00,0.000000e+00,0.000000e+00,0.000000e+00,0.000000e+00,0.000000e+00,0.000000e+00,0.000000e+00,0.000000e+00,0.000000e+00,0.000000e+00
1.000000e+00,0.000000e+00,0.000000e+00,0.000000e+00,0.000000e+00,0.000000e+00,0.000000e+00,0.000000e+00,0.000000e+00,0.000000e+00,0.000000e+00,0.000000e+00,0.000000e+00,0.000000e+00,0.000000e+00
1.000000e+00,0.000000e+00,0.000000e+00,0.000000e+00,0.000000e+00,0.000000e+00,0.000000e+00,0.000000e+00,0.000000e+00,0.000000e+00,0.000000e+00,0.000000e+00,0.000000e+00,0.000000e+00,0.000000e+00
1.000000e+00,0.000000e+00,0.000000e+00,0.000000e+00,0.000000e+00,0.000000e+00,0.000000e+00,0.000000e+00,0.000000e+00,0.000000e+00,0.000000e+00,0.000000e+00,0.000000e+00,0.000000e+00,0.000000e+00
1.000000e+00,0.000000e+00,0.000000e+00,0.000000e+00,0.000000e+00,0.000000e+00,0.000000e+00,0.000000e+00,0.000000e+00,0.000000e+00,0.000000e+00,0.000000e+00,0.000000e+00,0.000000e+00,0.000000e+00
1.000000e+00,0.000000e+00,0.000000e+00,0.000000e+00,0.000000e+00,0.000000e+00,0.000000e+00,0.000000e+00,0.000000e+00,0.000000e+00,0.000000e+00,0.000000e+00,0.000000e+00,0.000000e+00,0.000000e+00
1.000000e+00,0.000000e+00,0.000000e+00,0.000000e+00,0.000000e+00,0.000000e+00,0.000000e+00,0.000000e+00,0.000000e+00,0.000000e+00,0.000000e+00,0.000000e+00,0.000000e+00,0.000000e+00,0.000000e+00
1.000000e+00,0.000000e+00,0.000000e+00,0.000000e+00,0.000000e+00,0.000000e+00,0.000000e+00,0.000000e+00,0.000000e+00,0.000000e+00,0.000000e+00,0.000000e+00,0.000000e+00,0.000000e+00,0.000000e+00
1.000000e+00,0.000000e+00,0.000000e+00,0.000000e+00,0.000000e+00,0.000000e+00,0.000000e+00,0.000000e+00,0.000000e+00,0.000000e+00,0.000000e+00,0.000000e+00,0.000000e+00,0.000000e+00,0.000000e+00
1.000000e+00,0.000000e+00,0.000000e+00,0.000000e+00,0.000000e+00,0.000000e+00,0.000000e+00,0.000000e+00,0.000000e+00,0.000000e+00,0.000000e+00,0.000000e+00,0.000000e+00,0.000000e+00,0.000000e+00
1.000000e+00,0.000000e+00,0.000000e+00,0.000000e+00,0.000000e+00,0.000000e+00,0.000000e+00,0.000000e+00,0.000000e+00,0.000000e+00,0.000000e+00,0.000000e+00,0.000000e+00,0.000000e+00,0.000000e+00
1.000000e+00,0.000000e+00,0.000000e+00,0.000000e+00,0.000000e+00,0.000000e+00,0.000000e+00,0.000000e+00,0.000000e+00,0.000000e+00,0.000000e+00,0.000000e+00,0.000000e+00,0.000000e+00,0.000000e+00
1.000000e+00,0.000000e+00,0.000000e+00,0.000000e+00,0.000000e+00,0.000000e+00,0.000000e+00,0.000000e+00,0.000000e+00,0.000000e+00,0.000000e+00,0.000000e+00,0.000000e+00,0.000000e+00,0.000000e+00
1.000000e+00,0.000000e+00,0.000000e+00,0.000000e+00,0.000000e+00,0.000000e+00,0.000000e+00,0.000000e+00,0.000000e+00,0.000000e+00,0.000000e+00,0.000000e+00,0.000000e+00,0.000000e+00,0.000000e+00
1.000000e+00,0.000000e+00,0.000000e+00,0.000000e+00,0.000000e+00,0.000000e+00,0.000000e+00,0.000000e+00,0.000000e+00,0.000000e+00,0.000000e+00,0.000000e+00,0.000000e+00,0.000000e+00,0.000000e+00
1.000000e+00,0.000000e+00,0.000000e+00,0.000000e+00,0.000000e+00,0.000000e+00,0.000000e+00,0.000000e+00,0.000000e+00,0.000000e+00,0.000000e+00,0.000000e+00,0.000000e+00,0.000000e+00,0.000000e+00
1.000000e+00,0.000000e+00,0.000000e+00,0.000000e+00,0.000000e+00,0.000000e+00,0.000000e+00,0.000000e+00,0.000000e+00,0.000000e+00,0.000000e+00,0.000000e+00,0.000000e+00,0.000000e+00,0.000000e+00
1.000000e+00,0.000000e+00,0.000000e+00,0.000000e+00,0.000000e+00,0.000000e+00,0.000000e+00,0.000000e+00,0.000000e+00,0.000000e+00,0.000000e+00,0.000000e+00,0.000000e+00,0.000000e+00,0.000000e+00
1.000000e+00,0.000000e+00,0.000000e+00,0.000000e+00,0.000000e+00,0.000000e+00,0.000000e+00,0.000000e+00,0.000000e+00,0.000000e+00,0.000000e+00,0.000000e+00,0.000000e+00,0.000000e+00,0.000000e+00
1.000000e+00,0.000000e+00,0.000000e+00,0.000000e+00,0.000000e+00,0.000000e+00,0.000000e+00,0.000000e+00,0.000000e+00,0.000000e+00,0.000000e+00,0.000000e+00,0.000000e+00,0.000000e+00,0.000000e+00
1.000000e+00,0.000000e+00,0.000000e+00,0.000000e+00,0.000000e+00,0.000000e+00,0.000000e+00,0.000000e+00,0.000000e+00,0.000000e+00,0.000000e+00,0.000000e+00,0.000000e+00,0.000000e+00,0.000000e+00
1.000000e+00,0.000000e+00,0.000000e+00,0.000000e+00,0.000000e+00,0.000000e+00,0.000000e+00,0.000000e+00,0.000000e+00,0.000000e+00,0.000000e+00,0.000000e+00,0.000000e+00,0.000000e+00,0.000000e+00
1.000000e+00,0.000000e+00,0.000000e+00,0.000000e+00,0.000000e+00,0.000000e+00,0.000000e+00,0.000000e+00,0.000000e+00,0.000000e+00,0.000000e+00,0.000000e+00,0.000000e+00,0.000000e+00,0.000000e+00
1.000000e+00,0.000000e+00,0.000000e+00,0.000000e+00,0.000000e+00,0.000000e+00,0.000000e+00,0.000000e+00,0.000000e+00,0.000000e+00,0.000000e+00,0.000000e+00,0.000000e+00,0.000000e+00,0.000000e+00
1.000000e+00,0.000000e+00,0.000000e+00,0.000000e+00,0.000000e+00,0.000000e+00,0.000000e+00,0.000000e+00,0.000000e+00,0.000000e+00,0.000000e+00,0.000000e+00,0.000000e+00,0.000000e+00,0.000000e+00
1.000000e+00,0.000000e+00,0.000000e+00,0.000000e+00,0.000000e+00,0.000000e+00,0.000000e+00,0.000000e+00,0.000000e+00,0.000000e+00,0.000000e+00,0.000000e+00,0.000000e+00,0.000000e+00,0.000000e+00
1.000000e+00,0.000000e+00,0.000000e+00,0.000000e+00,0.000000e+00,0.000000e+00,0.000000e+00,0.000000e+00,0.000000e+00,0.000000e+00,0.000000e+00,0.000000e+00,0.000000e+00,0.000000e+00,0.000000e+00
1.000000e+00,0.000000e+00,0.000000e+00,0.000000e+00,0.000000e+00,0.000000e+00,0.000000e+00,0.000000e+00,0.000000e+00,0.000000e+00,0.000000e+00,0.000000e+00,0.000000e+00,0.000000e+00,0.000000e+00
1.000000e+00,0.000000e+00,0.000000e+00,0.000000e+00,0.000000e+00,0.000000e+00,0.000000e+00,0.000000e+00,0.000000e+00,0.000000e+00,0.000000e+00,0.000000e+00,0.000000e+00,0.000000e+00,0.000000e+00
1.000000e+00,0.000000e+00,0.000000e+00,0.000000e+00,0.000000e+00,0.000000e+00,0.000000e+00,0.000000e+00,0.000000e+00,0.000000e+00,0.000000e+00,0.000000e+00,0.000000e+00,0.000000e+00,0.000000e+00
1.000000e+00,0.000000e+00,0.000000e+00,0.000000e+00,0.000000e+00,0.000000e+00,0.000000e+00,0.000000e+00,0.000000e+00,0.000000e+00,0.000000e+00,0.000000e+00,0.000000e+00,0.000000e+00,0.000000e+00
1.000000e+00,0.000000e+00,0.000000e+00,0.000000e+00,0.000000e+00,0.000000e+00,0.000000e+00,0.000000e+00,0.000000e+00,0.000000e+00,0.000000e+00,0.000000e+00,0.000000e+00,0.000000e+00,0.000000e+00
1.000000e+00,0.000000e+00,0.000000e+00,0.000000e+00,0.000000e+00,0.000000e+00,0.000000e+00,0.000000e+00,0.000000e+00,0.000000e+00,0.000000e+00,0.000000e+00,0.000000e+00,0.000000e+00,0.000000e+00
1.000000e+00,0.000000e+00,0.000000e+00,0.000000e+00,0.000000e+00,0.000000e+00,0.000000e+00,0.000000e+00,0.000000e+00,0.000000e+00,0.000000e+00,0.000000e+00,0.000000e+00,0.000000e+00,0.000000e+00
1.000000e+00,0.000000e+00,0.000000e+00,0.000000e+00,0.000000e+00,0.000000e+00,0.000000e+00,0.000000e+00,0.000000e+00,0.000000e+00,0.000000e+00,0.000000e+00,0.000000e+00,0.000000e+00,0.000000e+00
1.000000e+00,0.000000e+00,0.000000e+00,0.000000e+00,0.000000e+00,0.000000e+00,0.000000e+00,0.000000e+00,0.000000e+00,0.000000e+00,0.000000e+00,0.000000e+00,0.000000e+00,0.000000e+00,0.000000e+00
1.000000e+00,0.000000e+00,0.000000e+00,0.000000e+00,0.000000e+00,0.000000e+00,0.000000e+00,0.000000e+00,0.000000e+00,0.000000e+00,0.000000e+00,0.000000e+00,0.000000e+00,0.000000e+00,0.000000e+00
1.000000e+00,0.000000e+00,0.000000e+00,0.000000e+00,0.000000e+00,0.000000e+00,0.000000e+00,0.000000e+00,0.000000e+00,0.000000e+00,0.000000e+00,0.000000e+00,0.000000e+00,0.000000e+00,0.000000e+00
1.000000e+00,0.000000e+00,0.000000e+00,0.000000e+00,0.000000e+00,0.000000e+00,0.000000e+00,0.000000e+00,0.000000e+00,0.000000e+00,0.000000e+00,0.000000e+00,0.000000e+00,0.000000e+00,0.000000e+00
1.000000e+00,0.000000e+00,0.000000e+00,0.000000e+00,0.000000e+00,0.000000e+00,0.000000e+00,0.000000e+00,0.000000e+00,0.000000e+00,0.000000e+00,0.000000e+00,0.000000e+00,0.000000e+00,0.000000e+00
1.000000e+00,0.000000e+00,0.000000e+00,0.000000e+00,0.000000e+00,0.000000e+00,0.000000e+00,0.000000e+00,0.000000e+00,0.000000e+00,0.000000e+00,0.000000e+00,0.000000e+00,0.000000e+00,0.000000e+00
1.000000e+00,0.000000e+00,0.000000e+00,0.000000e+00,0.000000e+00,0.000000e+00,0.000000e+00,0.000000e+00,0.000000e+00,0.000000e+00,0.000000e+00,0.000000e+00,0.000000e+00,0.000000e+00,0.000000e+00
1.000000e+00,0.000000e+00,0.000000e+00,0.000000e+00,0.000000e+00,0.000000e+00,0.000000e+00,0.000000e+00,0.000000e+00,0.000000e+00,0.000000e+00,0.000000e+00,0.000000e+00,0.000000e+00,0.000000e+00
1.000000e+00,0.000000e+00,0.000000e+00,0.000000e+00,0.000000e+00,0.000000e+00,0.000000e+00,0.000000e+00,0.000000e+00,0.000000e+00,0.000000e+00,0.000000e+00,0.000000e+00,0.000000e+00,0.000000e+00
1.000000e+00,0.000000e+00,0.000000e+00,0.000000e+00,0.000000e+00,0.000000e+00,0.000000e+00,0.000000e+00,0.000000e+00,0.000000e+00,0.000000e+00,0.000000e+00,0.000000e+00,0.000000e+00,0.000000e+00
1.000000e+00,0.000000e+00,0.000000e+00,0.000000e+00,0.000000e+00,0.000000e+00,0.000000e+00,0.000000e+00,0.000000e+00,0.000000e+00,0.000000e+00,0.000000e+00,0.000000e+00,0.000000e+00,0.000000e+00
1.000000e+00,0.000000e+00,0.000000e+00,0.000000e+00,0.000000e+00,0.000000e+00,0.000000e+00,0.000000e+00,0.000000e+00,0.000000e+00,0.000000e+00,0.000000e+00,0.000000e+00,0.000000e+00,0.000000e+00
1.000000e+00,0.000000e+00,0.000000e+00,0.000000e+00,0.000000e+00,0.000000e+00,0.000000e+00,0.000000e+00,0.000000e+00,0.000000e+00,0.000000e+00,0.000000e+00,0.000000e+00,0.000000e+00,0.000000e+00
1.000000e+00,0.000000e+00,0.000000e+00,0.000000e+00,0.000000e+00,0.000000e+00,0.000000e+00,0.000000e+00,0.000000e+00,0.000000e+00,0.000000e+00,0.000000e+00,0.000000e+00,0.000000e+00,0.000000e+00
1.000000e+00,0.000000e+00,0.000000e+00,0.000000e+00,0.000000e+00,0.000000e+00,0.000000e+00,0.000000e+00,0.000000e+00,0.000000e+00,0.000000e+00,0.000000e+00,0.000000e+00,0.000000e+00,0.000000e+00
1.000000e+00,0.000000e+00,0.000000e+00,0.000000e+00,0.000000e+00,0.000000e+00,0.000000e+00,0.000000e+00,0.000000e+00,0.000000e+00,0.000000e+00,0.000000e+00,0.000000e+00,0.000000e+00,0.000000e+00
1.000000e+00,0.000000e+00,0.000000e+00,0.000000e+00,0.000000e+00,0.000000e+00,0.000000e+00,0.000000e+00,0.000000e+00,0.000000e+00,0.000000e+00,0.000000e+00,0.000000e+00,0.000000e+00,0.000000e+00
1.000000e+00,0.000000e+00,0.000000e+00,0.000000e+00,0.000000e+00,0.000000e+00,0.000000e+00,0.000000e+00,0.000000e+00,0.000000e+00,0.000000e+00,0.000000e+00,0.000000e+00,0.000000e+00,0.000000e+00
1.000000e+00,0.000000e+00,0.000000e+00,0.000000e+00,0.000000e+00,0.000000e+00,0.000000e+00,0.000000e+00,0.000000e+00,0.000000e+00,0.000000e+00,0.000000e+00,0.000000e+00,0.000000e+00,0.000000e+00
1.000000e+00,0.000000e+00,0.000000e+00,0.000000e+00,0.000000e+00,0.000000e+00,0.000000e+00,0.000000e+00,0.000000e+00,0.000000e+00,0.000000e+00,0.000000e+00,0.000000e+00,0.000000e+00,0.000000e+00
1.000000e+00,0.000000e+00,0.000000e+00,0.000000e+00,0.000000e+00,0.000000e+00,0.000000e+00,0.000000e+00,0.000000e+00,0.000000e+00,0.000000e+00,0.000000e+00,0.000000e+00,0.000000e+00,0.000000e+00
1.000000e+00,0.000000e+00,0.000000e+00,0.000000e+00,0.000000e+00,0.000000e+00,0.000000e+00,0.000000e+00,0.000000e+00,0.000000e+00,0.000000e+00,0.000000e+00,0.000000e+00,0.000000e+00,0.000000e+00
1.000000e+00,0.000000e+00,0.000000e+00,0.000000e+00,0.000000e+00,0.000000e+00,0.000000e+00,0.000000e+00,0.000000e+00,0.000000e+00,0.000000e+00,0.000000e+00,0.000000e+00,0.000000e+00,0.000000e+00
1.000000e+00,0.000000e+00,0.000000e+00,0.000000e+00,0.000000e+00,0.000000e+00,0.000000e+00,0.000000e+00,0.000000e+00,0.000000e+00,0.000000e+00,0.000000e+00,0.000000e+00,0.000000e+00,0.000000e+00
4.589300e-01,2.038828e-02,1.778939e-02,5.722848e-02,1.013663e-01,1.734920e-01,3.108448e-02,5.761194e-03,1.229093e-02,4.096068e-03,1.839443e-02,1.564920e-02,6.272402e-02,6.351030e-03,1.445421e-02
3.213432e-01,1.615402e-02,1.266199e-02,4.749495e-02,7.289970e-02,2.979417e-01,2.652133e-02,4.162583e-03,1.019876e-02,1.084783e-02,3.315952e-02,1.567894e-02,1.059225e-01,5.704891e-03,1.930818e-02
2.252092e-01,1.703012e-02,9.622295e-03,5.210128e-02,5.289724e-02,3.359982e-01,2.317238e-02,3.175989e-03,1.407510e-02,2.556023e-02,3.602049e-02,1.450745e-02,1.419569e-01,4.783412e-03,4.388972e-02
1.580954e-01,1.245419e-02,7.433275e-03,5.720374e-02,4.044044e-02,2.562101e-01,1.705303e-02,3.008337e-03,2.316541e-02,2.518076e-02,4.417980e-02,1.198139e-02,1.415695e-01,1.317425e-02,1.888503e-01
1.119949e-01,1.204177e-02,8.320933e-03,7.353646e-02,3.159076e-02,1.833840e-01,1.217709e-02,2.634861e-03,3.621748e-02,2.584665e-02,5.439993e-02,1.219263e-02,1.348723e-01,1.646986e-02,2.843204e-01
7.964080e-02,1.055659e-02,1.104770e-02,6.896414e-02,2.498431e-02,1.347137e-01,8.763839e-03,2.069111e-03,3.291616e-02,6.669639e-02,4.448686e-02,1.343036e-02,1.129734e-01,1.320579e-02,3.755509e-01
5.642179e-02,8.269127e-03,9.430966e-03,5.200863e-02,3.665932e-02,9.692070e-02,6.281019e-03,1.906800e-03,2.769676e-02,1.162966e-01,3.967949e-02,1.292196e-02,9.433061e-02,1.507804e-02,4.260982e-01
3.985936e-02,6.865539e-03,8.589195e-03,3.886556e-02,3.478948e-02,6.893383e-02,4.516217e-03,2.139150e-03,2.491576e-02,1.604168e-01,3.267342e-02,1.118411e-02,7.647751e-02,1.497752e-02,4.747966e-01
2.824641e-02,5.239128e-03,7.861374e-03,2.962967e-02,3.056952e-02,5.078073e-02,3.234868e-03,2.222457e-03,2.100959e-02,1.913871e-01,2.977335e-02,1.121615e-02,6.498977e-02,1.301694e-02,5.108230e-01
2.036565e-02,5.159141e-03,1.184341e-02,2.168164e-02,2.885706e-02,3.655967e-02,2.492498e-03,2.410615e-03,1.829674e-02,2.178724e-01,2.697825e-02,9.462988e-03,6.618755e-02,1.460387e-02,5.172285e-01
1.456558e-02,3.849484e-03,9.654393e-03,1.566290e-02,8.943015e-02,2.670405e-02,2.201564e-03,3.186087e-03,1.975968e-02,2.340619e-01,2.745991e-02,7.586735e-03,5.533793e-02,1.779411e-02,4.727455e-01
1.155185e-02,3.342404e-03,8.218433e-03,1.220068e-02,1.141837e-01,2.300882e-02,4.489528e-03,1.767071e-02,1.997063e-02,2.396227e-01,3.006897e-02,7.609286e-03,1.071769e-01,1.457369e-02,3.863117e-01
1.506229e-02,4.414346e-03,9.067154e-03,1.358150e-02,1.054193e-01,2.063844e-02,4.649519e-03,3.488772e-02,2.859586e-02,2.110622e-01,2.920540e-02,1.555707e-02,1.740175e-01,1.220276e-02,3.216389e-01
2.362986e-02,1.863562e-02,2.638257e-02,2.373113e-02,8.474022e-02,3.199027e-02,4.182030e-03,3.031923e-02,4.200201e-02,1.780318e-01,3.388754e-02,2.695326e-02,2.143187e-01,1.152641e-02,2.496693e-01
2.043382e-02,2.738544e-02,2.927694e-02,2.711742e-02,6.108548e-02,2.594678e-02,3.167016e-03,2.774281e-02,9.340765e-02,1.390048e-01,4.488797e-02,5.458386e-02,2.261194e-01,1.070919e-02,2.091313e-01
1.678849e-02,4.480932e-02,2.201288e-02,2.133057e-02,4.624665e-02,3.219717e-02,2.511198e-03,2.510895e-02,2.618253e-01,9.922042e-02,3.971184e-02,4.592241e-02,1.833144e-01,7.748722e-03,1.512517e-01
1.357381e-02,2.094140e-01,1.618897e-02,3.974945e-02,3.265940e-02,2.392979e-02,1.781534e-03,1.773555e-02,2.581131e-01,7.029974e-02,3.189015e-02,3.554315e-02,1.339508e-01,5.943987e-03,1.092266e-01
2.154012e-02,2.480079e-01,1.188742e-02,3.157160e-02,2.322132e-02,1.964228e-02,1.300460e-03,1.262322e-02,2.500495e-01,5.149269e-02,3.713026e-02,3.861927e-02,1.033145e-01,2.927744e-02,1.203220e-01
2.996279e-02,2.250084e-01,8.668485e-03,3.028102e-02,2.156899e-02,1.728446e-02,1.058951e-03,9.027731e-03,3.083398e-01,4.079806e-02,3.973988e-02,3.642084e-02,8.195078e-02,2.361136e-02,1.262783e-01
2.743420e-02,2.515325e-01,7.118248e-03,3.382250e-02,1.795035e-02,1.344065e-02,8.567497e-04,7.329863e-03,3.513138e-01,3.251071e-02,3.447921e-02,3.127736e-02,6.566159e-02,1.956709e-02,1.057051e-01
2.476916e-02,3.085074e-01,5.491188e-03,2.776263e-02,1.487150e-02,1.053785e-02,6.423278e-04,5.388949e-03,3.204245e-01,2.643475e-02,2.857250e-02,2.518799e-02,5.062556e-02,2.791848e-02,1.228652e-01
2.190646e-02,3.201383e-01,4.386535e-03,2.737715e-02,1.261861e-02,8.984201e-03,5.104788e-04,4.141282e-03,3.269414e-01,2.451880e-02,2.372767e-02,1.925862e-02,3.925726e-02,2.299699e-02,1.432362e-01
1.860612e-02,3.392473e-01,3.365278e-03,3.407931e-02,9.597527e-03,6.673235e-03,3.741281e-04,3.226252e-03,3.526050e-01,2.018231e-02,2.140550e-02,1.679374e-02,3.291696e-02,1.847149e-02,1.224558e-01
2.185065e-02,3.262921e-01,5.334191e-03,3.024586e-02,9.644189e-03,6.016228e-03,4.475817e-04,3.202192e-03,2.787224e-01,1.986312e-02,5.590948e-02,2.162266e-02,5.834318e-02,2.606435e-02,1.364419e-01
1.862409e-02,2.662930e-01,4.904280e-03,3.291756e-02,1.010471e-02,6.911341e-03,4.539448e-04,2.780205e-03,3.732332e-01,1.552802e-02,4.539568e-02,1.830838e-02,5.462507e-02,2.094097e-02,1.289795e-01
1.675348e-02,2.460353e-01,5.744479e-03,5.941856e-02,1.089173e-02,7.514993e-03,4.618457e-04,2.421724e-03,3.798999e-01,1.232397e-02,4.079541e-02,1.631894e-02,4.519932e-02,2.232436e-02,1.338960e-01
2.211747e-02,2.023369e-01,6.155345e-03,5.340550e-02,1.134736e-02,8.181573e-03,5.116260e-04,2.432811e-03,3.524346e-01,1.142220e-02,3.470777e-02,1.395813e-02,3.675885e-02,2.804227e-02,2.161875e-01
2.763524e-02,1.701244e-01,4.964881e-03,4.175916e-02,1.810889e-02,8.024351e-03,7.943623e-04,3.160161e-03,4.631308e-01,8.705368e-03,2.749639e-02,1.065037e-02,2.906414e-02,2.048684e-02,1.658946e-01
4.995742e-02,1.716624e-01,4.512154e-03,5.138160e-02,3.750008e-02,7.417527e-03,1.108943e-03,6.699164e-03,4.636057e-01,7.176843e-03,2.393776e-02,1.200369e-02,2.496864e-02,1.558050e-02,1.224874e-01
6.772906e-02,1.811818e-01,6.307674e-03,4.652588e-02,3.321176e-02,7.302696e-03,1.118392e-03,7.323808e-03,4.646439e-01,6.820197e-03,2.011589e-02,1.438545e-02,2.242742e-02,1.241940e-02,1.084866e-01
7.651404e-02,1.515986e-01,7.439022e-03,3.871169e-02,3.606579e-02,9.188347e-03,1.692270e-03,6.974791e-03,5.164207e-01,6.055418e-03,1.618631e-02,1.305007e-02,1.939056e-02,9.818636e-03,9.089380e-02
6.272357e-02,1.209619e-01,6.769992e-03,2.793768e-02,3.225968e-02,1.038683e-02,1.671879e-03,6.545979e-03,6.063885e-01,4.806780e-03,1.237642e-02,1.059408e-02,1.627793e-02,7.280231e-03,7.301854e-02
6.110847e-02,1.043032e-01,6.449844e-03,2.009192e-02,3.366318e-02,1.055919e-02,2.681250e-03,7.173473e-03,6.575200e-01,3.803860e-03,9.193923e-03,9.617513e-03,1.498575e-02,5.300852e-03,5.354764e-02
5.500594e-02,8.061509e-02,5.641763e-03,1.966205e-02,4.045127e-02,1.302066e-02,8.706545e-03,2.240957e-02,6.771933e-01,3.212176e-03,7.689628e-03,8.537393e-03,1.349709e-02,4.158500e-03,4.019899e-02
7.424082e-02,6.933519e-02,7.075595e-03,2.661509e-02,3.815180e-02,2.357975e-02,8.282539e-03,3.199798e-02,6.421453e-01,3.735130e-03,9.824829e-03,1.424431e-02,1.611264e-02,3.501382e-03,3.115765e-02
8.565319e-02,5.900834e-02,5.509963e-03,2.742081e-02,3.133028e-02,2.393701e-02,7.077137e-03,2.690908e-02,6.422464e-01,3.513333e-03,1.676651e-02,1.894212e-02,2.263104e-02,2.790290e-03,2.626451e-02
6.593315e-02,4.833301e-02,5.988793e-03,3.693726e-02,2.423639e-02,2.097223e-02,5.212011e-03,2.067357e-02,6.073785e-01,3.936165e-03,4.551269e-02,2.864053e-02,6.393162e-02,2.213312e-03,2.010076e-02
6.220081e-02,3.718036e-02,5.124412e-03,3.296845e-02,2.149973e-02,1.619290e-02,4.351774e-03,1.670479e-02,6.152104e-01,3.401382e-03,4.812833e-02,4.360745e-02,7.301617e-02,1.723715e-03,1.868939e-02
5.397043e-02,3.676124e-02,8.328035e-03,1.172620e-01,1.763582e-02,1.390090e-02,3.226538e-03,1.325785e-02,5.534824e-01,5.143501e-03,4.499543e-02,4.573323e-02,7.018082e-02,1.345731e-03,1.477614e-02
6.439369e-02,2.972359e-02,1.941042e-02,1.540929e-01,2.115727e-02,1.274094e-02,4.021795e-03,1.952098e-02,4.806475e-01,4.907141e-03,5.494495e-02,4.722841e-02,6.956221e-02,1.391265e-03,1.625698e-02
8.889131e-02,2.302279e-02,1.793056e-02,1.331989e-01,3.068122e-02,1.064865e-02,5.346820e-03,3.029038e-02,4.763786e-01,3.844674e-03,5.564171e-02,4.274359e-02,6.486130e-02,1.447220e-03,1.507233e-02
9.729224e-02,2.044315e-02,2.594371e-02,1.643984e-01,2.974188e-02,9.068882e-03,4.541725e-03,3.585926e-02,3.488622e-01,3.685351e-03,7.386165e-02,3.871825e-02,1.211719e-01,1.923195e-03,2.448830e-02
7.427882e-02,2.120505e-02,2.808665e-02,2.748782e-01,2.762615e-02,7.914986e-03,3.724585e-03,2.647159e-02,2.564867e-01,4.605905e-03,8.034791e-02,3.376054e-02,1.369671e-01,2.427693e-03,2.121826e-02
5.477078e-02,1.866406e-02,2.238121e-02,2.296389e-01,2.110778e-02,7.261439e-03,3.051585e-03,1.883749e-02,1.869864e-01,1.731617e-02,1.441526e-01,3.660156e-02,2.090686e-01,4.890281e-03,2.527109e-02
7.542440e-02,1.947882e-02,1.694838e-02,1.922442e-01,2.105186e-02,9.786058e-03,6.389354e-03,1.387301e-02,1.634422e-01,2.295770e-02,1.170958e-01,3.228882e-02,2.032591e-01,3.518719e-02,7.057310e-02
5.655275e-02,1.480169e-02,1.249745e-02,1.459605e-01,1.697390e-02,8.417043e-03,4.893323e-03,1.013072e-02,1.310805e-01,4.168915e-02,1.061268e-01,2.713675e-02,2.402912e-01,6.059035e-02,1.228578e-01
4.231992e-02,1.869187e-02,1.054442e-02,1.053654e-01,2.489479e-02,6.948469e-03,3.822945e-03,1.084940e-02,1.180155e-01,3.743703e-02,1.175196e-01,2.283967e-02,2.701138e-01,4.990599e-02,1.607311e-01
3.452113e-02,1.659278e-02,8.707616e-03,7.567839e-02,2.901064e-02,7.626099e-03,3.165832e-03,9.843026e-03,1.492455e-01,2.874194e-02,9.450302e-02,1.788044e-02,2.094704e-01,7.243685e-02,2.425765e-01
3.060730e-02,2.150562e-02,8.400668e-03,5.657170e-02,2.634610e-02,7.190167e-03,2.474877e-03,9.590214e-03,2.413352e-01,2.275668e-02,6.980609e-02,1.347541e-02,1.484232e-01,7.281449e-02,2.687023e-01
5.495416e-02,2.982695e-02,8.534415e-03,4.946965e-02,2.784097e-02,1.221360e-02,1.920627e-03,7.233655e-03,2.645488e-01,2.428107e-02,5.701636e-02,1.357276e-02,1.157833e-01,5.602369e-02,2.767800e-01
6.121567e-02,2.707165e-02,9.354367e-03,3.881207e-02,2.365317e-02,1.219028e-02,1.656556e-03,5.523229e-03,2.685235e-01,3.290280e-02,8.054803e-02,1.237438e-02,9.944908e-02,5.606921e-02,2.706560e-01
5.638997e-02,2.390273e-02,7.601708e-03,2.809733e-02,2.010362e-02,1.107003e-02,1.202726e-03,4.157086e-03,2.173188e-01,4.857963e-02,1.277632e-01,1.019496e-02,9.629042e-02,5.346604e-02,2.938618e-01
5.794661e-02,1.926302e-02,6.687601e-03,2.026182e-02,2.093004e-02,9.299978e-03,8.814927e-04,3.163503e-03,1.784367e-01,3.722521e-02,1.081556e-01,7.801459e-03,7.445782e-02,9.708171e-02,3.584075e-01
5.983160e-02,2.875583e-02,8.825759e-03,1.542986e-02,1.938076e-02,9.743968e-03,6.926705e-04,2.446743e-03,1.464695e-01,2.856673e-02,8.038306e-02,6.156558e-03,5.591468e-02,7.827337e-02,4.591289e-01
5.560003e-02,2.502791e-02,8.452708e-03,1.220968e-02,1.512963e-02,9.809373e-03,7.138038e-04,2.364832e-03,1.296682e-01,2.975697e-02,6.776363e-02,5.272286e-03,5.014246e-02,6.533466e-02,5.227539e-01
5.600391e-02,2.088225e-02,1.008480e-02,1.201553e-02,1.166254e-02,1.337224e-02,1.113887e-03,3.867461e-03,1.254851e-01,2.943260e-02,8.301535e-02,6.152797e-03,7.061674e-02,9.419384e-02,4.621011e-01
5.374079e-02,2.029143e-02,4.970758e-02,4.201444e-02,1.227135e-02,1.428303e-02,1.224317e-03,1.019227e-02,1.262900e-01,2.478763e-02,7.058526e-02,6.346983e-03,6.710465e-02,8.856221e-02,4.125982e-01
4.761749e-02,1.767737e-02,7.387500e-02,6.445023e-02,1.111461e-02,1.180834e-02,1.101758e-03,1.048526e-02,1.449054e-01,2.834281e-02,6.322793e-02,5.556972e-03,5.551336e-02,7.828149e-02,3.860421e-01
5.912763e-02,1.743973e-02,7.453199e-02,5.078430e-02,1.254425e-02,1.112219e-02,1.207154e-03,1.062005e-02,1.139197e-01,2.537280e-02,5.183491e-02,5.058963e-03,4.928334e-02,6.153989e-02,4.556131e-01
4.939507e-02,1.827428e-02,7.508045e-02,3.844347e-02,1.562520e-02,1.910460e-02,1.296470e-03,1.094615e-02,8.656412e-02,2.440701e-02,4.670312e-02,3.768138e-03,3.732969e-02,5.822027e-02,5.148420e-01
4.329909e-02,3.225563e-02,1.195567e-01,4.714888e-02,3.078172e-02,1.939501e-02,2.264513e-03,2.554798e-02,7.571764e-02,2.336732e-02,4.260495e-02,3.079904e-03,3.031541e-02,6.046840e-02,4.441969e-01
3.661152e-02,4.073870e-02,2.694149e-01,5.843928e-02,3.069785e-02,1.479842e-02,2.025091e-03,2.316613e-02,6.719384e-02,1.851121e-02,3.424434e-02,3.118529e-03,2.359652e-02,4.616258e-02,3.312811e-01
3.633512e-02,6.956076e-02,3.409919e-01,5.539574e-02,2.790957e-02,1.194554e-02,1.705289e-03,1.848899e-02,6.676301e-02,1.581651e-02,2.717976e-02,2.705562e-03,1.833154e-02,3.642327e-02,2.704474e-01
3.963018e-02,8.400325e-02,3.285008e-01,1.026693e-01,3.276276e-02,1.358031e-02,1.816130e-03,5.377684e-02,6.096523e-02,1.247985e-02,2.248472e-02,2.259251e-03,1.496965e-02,2.721548e-02,2.028862e-01
6.816237e-02,7.940236e-02,3.091204e-01,1.099998e-01,4.069639e-02,1.501408e-02,2.367312e-03,8.870744e-02,5.337575e-02,1.114691e-02,2.091974e-02,2.370331e-03,1.179182e-02,2.412860e-02,1.627966e-01
8.156346e-02,8.223768e-02,2.464995e-01,8.642964e-02,5.264560e-02,1.408944e-02,2.377969e-03,1.896745e-01,5.433865e-02,9.139822e-03,1.736307e-02,2.636358e-03,9.866472e-03,2.156633e-02,1.295715e-01
8.947793e-02,6.457523e-02,2.028180e-01,7.776117e-02,4.404153e-02,1.232040e-02,2.955570e-03,3.118730e-01,4.546959e-02,8.563417e-03,1.453396e-02,2.762076e-03,8.091628e-03,1.714340e-02,9.761312e-02
8.007830e-02,4.963991e-02,1.573724e-01,6.562372e-02,3.583969e-02,9.768302e-03,2.920669e-03,4.493002e-01,3.505631e-02,8.017234e-03,1.189942e-02,2.379711e-03,6.159906e-03,1.297676e-02,7.296748e-02
7.106502e-02,3.671096e-02,1.145021e-01,4.761057e-02,2.777231e-02,7.904131e-03,2.528556e-03,5.805640e-01,2.574119e-02,7.227930e-03,1.018905e-02,2.110677e-03,4.726424e-03,9.536470e-03,5.181061e-02
6.383563e-02,2.617462e-02,9.941000e-02,3.869926e-02,2.174463e-02,8.068227e-03,2.187175e-03,6.573563e-01,1.867987e-02,6.083001e-03,8.053239e-03,2.130365e-03,3.690706e-03,7.178172e-03,3.670880e-02
5.765111e-02,1.876666e-02,8.328415e-02,3.112778e-02,1.680336e-02,7.227359e-03,1.782465e-03,7.216070e-01,1.397934e-02,4.654619e-03,6.228397e-03,2.223528e-03,2.901982e-03,5.496859e-03,2.626539e-02
5.583455e-02,1.418603e-02,7.316308e-02,2.706266e-02,2.003428e-02,6.466202e-03,1.590791e-03,7.478701e-01,1.204158e-02,3.626799e-03,1.015049e-02,2.218044e-03,2.881469e-03,4.053188e-03,1.882078e-02
5.997749e-02,1.161720e-02,6.102133e-02,2.165069e-02,1.935968e-02,6.891031e-03,1.615036e-03,7.718182e-01,1.148868e-02,2.938269e-03,9.223278e-03,2.550554e-03,2.550697e-03,3.325314e-03,1.397251e-02
7.049532e-02,9.231695e-03,4.976100e-02,1.774441e-02,1.521421e-02,6.325378e-03,1.323577e-03,7.772995e-01,1.698707e-02,3.734492e-03,1.120173e-02,3.048586e-03,3.409415e-03,2.755041e-03,1.146858e-02
1.391808e-01,1.669519e-02,4.258621e-02,1.542637e-02,1.359265e-02,9.219931e-03,1.247970e-03,6.803315e-01,2.580300e-02,5.390019e-03,1.882319e-02,5.165081e-03,5.365572e-03,3.056605e-03,1.811597e-02
1.163255e-01,5.556935e-02,3.314408e-02,1.705679e-02,1.092516e-02,1.107549e-02,9.351815e-04,5.244996e-01,7.420559e-02,8.089411e-02,2.297434e-02,7.635841e-03,9.790042e-03,3.161024e-03,3.180790e-02
8.197318e-02,2.453998e-01,2.567336e-02,2.179337e-02,7.683041e-03,7.813049e-03,6.633376e-04,3.690010e-01,1.095767e-01,6.186282e-02,1.971835e-02,7.090290e-03,1.172012e-02,3.116197e-03,2.691542e-02
5.810690e-02,2.108527e-01,2.180257e-02,2.112995e-02,5.411152e-03,6.820342e-03,4.899571e-04,2.606314e-01,9.882969e-02,5.911596e-02,4.422648e-02,9.024238e-03,7.855547e-02,4.411790e-03,1.205914e-01
4.102174e-02,1.532051e-01,1.635349e-02,1.629063e-02,3.834100e-03,5.637673e-03,4.281031e-04,1.837149e-01,8.419691e-02,8.750683e-02,4.184471e-02,8.196841e-03,1.040387e-01,4.611667e-03,2.491187e-01
2.887888e-02,1.094246e-01,1.206762e-02,1.211467e-02,2.832206e-03,4.400850e-03,3.234638e-04,1.287629e-01,6.353132e-02,6.957936e-02,3.039772e-02,6.166608e-03,7.717948e-02,5.498505e-03,4.488418e-01
2.028588e-02,7.715264e-02,8.710391e-03,9.172941e-03,2.129272e-03,3.204668e-03,2.632290e-04,9.018393e-02,4.844471e-02,5.944325e-02,2.249047e-02,4.627245e-03,5.680290e-02,5.026567e-03,5.920619e-01
1.427221e-02,5.452292e-02,6.341068e-03,6.656159e-03,1.583620e-03,2.436674e-03,1.986740e-04,6.326002e-02,3.477895e-02,4.288300e-02,1.712075e-02,3.452065e-03,4.165589e-02,5.386700e-03,7.054513e-01
1.014954e-02,3.829138e-02,4.610272e-03,4.831752e-03,3.500090e-03,3.189506e-03,1.064978e-03,4.506154e-02,2.742591e-02,3.226973e-02,1.324701e-02,2.763938e-03,3.121535e-02,1.158473e-02,7.707943e-01
7.282631e-03,2.686557e-02,5.712547e-03,4.013923e-03,8.140320e-03,2.532344e-03,1.341512e-02,3.571488e-02,2.019664e-02,2.597008e-02,9.792708e-03,2.220862e-03,2.349287e-02,8.688896e-03,8.059606e-01
6.314946e-03,1.988245e-02,8.300664e-03,6.595083e-03,2.196326e-02,4.922981e-02,2.863242e-02,2.582234e-02,2.463400e-02,1.395636e-01,7.416843e-03,2.971703e-03,2.031773e-02,6.808550e-03,6.315466e-01
5.765347e-03,2.696160e-02,1.647925e-02,5.825329e-03,1.913935e-02,4.753966e-02,2.188921e-02,1.931634e-02,6.370042e-02,2.185711e-01,6.287866e-03,2.769136e-03,1.654094e-02,5.106641e-03,5.241078e-01
1.193885e-02,1.539632e-01,1.313657e-02,4.979522e-03,1.629058e-02,3.649597e-02,1.554388e-02,1.503582e-02,9.861289e-02,1.893157e-01,5.191172e-03,2.099763e-03,1.928639e-02,3.668138e-03,4.144415e-01
1.317010e-02,2.252446e-01,2.501827e-02,9.442124e-03,2.106835e-02,3.034913e-02,1.164635e-02,2.083451e-02,1.278042e-01,1.566847e-01,4.557428e-03,1.655686e-03,1.579502e-02,2.799575e-03,3.339300e-01
1.824794e-02,2.484496e-01,4.316127e-02,1.157741e-02,2.425799e-02,2.680196e-02,8.814459e-03,1.833320e-02,1.333193e-01,1.574295e-01,3.809249e-03,1.262414e-03,1.496205e-02,2.095056e-03,2.874787e-01
1.786542e-02,2.285340e-01,1.392535e-01,5.171602e-02,3.217522e-02,2.206346e-02,6.559915e-03,1.497325e-02,1.114348e-01,1.422343e-01,3.797839e-03,1.743360e-03,1.208938e-02,1.536455e-03,2.140231e-01
2.770070e-02,2.410858e-01,1.117615e-01,4.239696e-02,4.182800e-02,1.996449e-02,5.411324e-03,1.666868e-02,1.432343e-01,1.413024e-01,3.947210e-03,1.726921e-03,1.291743e-02,1.178230e-03,1.888761e-01
4.321941e-02,2.563780e-01,1.050706e-01,4.456852e-02,5.929976e-02,3.366754e-02,5.629397e-03,2.458588e-02,1.316383e-01,1.057297e-01,6.797990e-03,2.269901e-03,1.289447e-02,1.501556e-03,1.667489e-01
3.813842e-02,1.853187e-01,7.877582e-02,4.647678e-02,5.751343e-02,2.535179e-01,4.647900e-03,2.002247e-02,9.869303e-02,7.836034e-02,6.086210e-03,1.867485e-03,9.709283e-03,1.249009e-03,1.196233e-01
3.774578e-02,1.489152e-01,5.793339e-02,3.385239e-02,4.427977e-02,3.952446e-01,4.564242e-03,2.016022e-02,7.091612e-02,8.369270e-02,6.473588e-03,3.062469e-03,7.215685e-03,1.056953e-03,8.488690e-02
2.920215e-02,1.075967e-01,4.353356e-02,2.573580e-02,3.382623e-02,4.256658e-01,4.426278e-03,3.081558e-02,5.107417e-02,1.565100e-01,9.380862e-03,2.483928e-03,6.039072e-03,8.975089e-04,7.281245e-02
3.399834e-02,7.813110e-02,3.457680e-02,2.420095e-02,2.984066e-02,4.576180e-01,5.077788e-03,3.849424e-02,3.799462e-02,1.732367e-01,1.730578e-02,3.281937e-03,5.867589e-03,1.138989e-03,5.923656e-02
3.854591e-02,6.549694e-02,3.610074e-02,2.061894e-02,2.456410e-02,5.361421e-01,5.191030e-03,3.050832e-02,2.820381e-02,1.426499e-01,1.797125e-02,4.624176e-03,5.094750e-03,1.254936e-03,4.303317e-02
4.650187e-02,5.544765e-02,5.552457e-02,1.905051e-02,2.261661e-02,5.332141e-01,5.460819e-03,2.488105e-02,2.473290e-02,1.434682e-01,2.264674e-02,5.774964e-03,6.118199e-03,1.754985e-03,3.280694e-02
1.012337e-01,4.912083e-02,5.025186e-02,2.195384e-02,2.072268e-02,3.951490e-01,5.090931e-03,3.064448e-02,3.223716e-02,2.003753e-01,2.589471e-02,9.140803e-03,6.153073e-03,7.099785e-03,4.493194e-02
1.205284e-01,4.186738e-02,4.181591e-02,1.722902e-02,1.556623e-02,2.855945e-01,4.460928e-03,2.854456e-02,3.083220e-02,3.355954e-01,2.066970e-02,7.766513e-03,5.156240e-03,7.818805e-03,3.655418e-02
1.761673e-01,3.662524e-02,3.193653e-02,1.384743e-02,1.541448e-02,2.062777e-01,3.813192e-03,3.115823e-02,5.264520e-02,3.584792e-01,1.840492e-02,8.587301e-03,4.477383e-03,9.049126e-03,3.311683e-02
1.772524e-01,3.152508e-02,2.554186e-02,1.624204e-02,1.713912e-02,1.510678e-01,4.455230e-03,6.137593e-02,5.368147e-02,3.763372e-01,1.895553e-02,1.050195e-02,5.243611e-03,1.193192e-02,3.874885e-02
1.716902e-01,2.618147e-02,1.895860e-02,1.541101e-02,1.521396e-02,1.152234e-01,3.571750e-03,4.613879e-02,6.663653e-02,3.948152e-01,1.867897e-02,9.566829e-03,6.431930e-03,1.457888e-02,7.690249e-02
2.006088e-01,2.168467e-02,1.435779e-02,1.799447e-02,1.406663e-02,1.141410e-01,2.945574e-03,3.295970e-02,6.949445e-02,3.466855e-01,3.810470e-02,1.879667e-02,1.553842e-02,1.588458e-02,7.673702e-02
1.923869e-01,1.851098e-02,1.156654e-02,1.786487e-02,1.076728e-02,9.176259e-02,2.405274e-03,2.335353e-02,8.074811e-02,3.221453e-01,7.612266e-02,5.023541e-02,2.129804e-02,1.651993e-02,6.431259e-02
1.631598e-01,1.391889e-02,9.047479e-03,1.751715e-02,9.360069e-03,1.156995e-01,2.293592e-03,2.073169e-02,6.137434e-02,3.070906e-01,1.115763e-01,7.002382e-02,2.687643e-02,1.844379e-02,5.288660e-02
1.313741e-01,1.120371e-02,1.005844e-02,1.881181e-02,1.123851e-02,1.172568e-01,2.048960e-03,1.945468e-02,5.125264e-02,3.273123e-01,1.430232e-01,5.898521e-02,2.625915e-02,2.189536e-02,4.982517e-02
1.164226e-01,8.852459e-03,9.537111e-03,2.887259e-02,1.955980e-02,9.924733e-02,1.883270e-03,1.652532e-02,4.204784e-02,3.335091e-01,1.380406e-01,5.889211e-02,2.162133e-02,2.348370e-02,8.150484e-02
8.664133e-02,7.323190e-03,2.348198e-02,2.291982e-02,3.799091e-02,7.560205e-02,1.666612e-03,1.826854e-02,4.859400e-02,2.887945e-01,1.358185e-01,5.299577e-02,1.686976e-02,3.270594e-02,1.503271e-01
7.506698e-02,6.211214e-03,5.406761e-02,1.957869e-02,3.318317e-02,8.072469e-02,1.011482e-02,2.218611e-02,3.905051e-02,3.283347e-01,1.094618e-01,4.180302e-02,1.445661e-02,4.509678e-02,1.206633e-01
5.980605e-02,6.581121e-03,7.734890e-02,1.612615e-02,3.440759e-02,7.498470e-02,9.187242e-03,2.151736e-02,3.748054e-02,4.059523e-01,8.450034e-02,3.304745e-02,1.169803e-02,3.812350e-02,8.923870e-02
5.576714e-02,1.601570e-02,1.176481e-01,3.024958e-02,5.034299e-02,5.989162e-02,7.352006e-03,2.112193e-02,8.316837e-02,3.624285e-01,6.446337e-02,2.602982e-02,1.000432e-02,2.917374e-02,6.634273e-02
5.288142e-02,1.885306e-02,1.511849e-01,3.507880e-02,1.086329e-01,4.937263e-02,6.925254e-03,1.706503e-02,9.819288e-02,3.133114e-01,5.065146e-02,1.935488e-02,8.458093e-03,2.189661e-02,4.814061e-02
4.169919e-02,1.984414e-02,1.113892e-01,2.347525e-01,1.207228e-01,3.684944e-02,5.495363e-03,1.437653e-02,8.059444e-02,2.258748e-01,3.834411e-02,1.390345e-02,6.692292e-03,1.546864e-02,3.399315e-02
5.405973e-02,1.758447e-02,8.103875e-02,3.171336e-01,1.011254e-01,2.777650e-02,4.491188e-03,1.519478e-02,1.044102e-01,1.830331e-01,3.449699e-02,1.123104e-02,8.493010e-03,1.268321e-02,2.724805e-02
6.000059e-02,1.601848e-02,5.812513e-02,3.228909e-01,8.374462e-02,2.062770e-02,3.918651e-03,2.151790e-02,1.636756e-01,1.600315e-01,3.709544e-02,9.743361e-03,1.022696e-02,9.999593e-03,2.238357e-02
4.472065e-02,1.275495e-02,5.054107e-02,3.233997e-01,6.342328e-02,1.583038e-02,3.080597e-03,1.595075e-02,1.358635e-01,1.467984e-01,1.182348e-01,9.767268e-03,2.707327e-02,7.279124e-03,2.528235e-02
3.274448e-02,9.739213e-03,3.665537e-02,2.689684e-01,4.648009e-02,1.162323e-02,2.218951e-03,1.147977e-02,1.001644e-01,1.112287e-01,2.899728e-01,1.100914e-02,4.096485e-02,5.455571e-03,2.129507e-02
2.425042e-02,7.432948e-03,2.726937e-02,2.086154e-01,3.415247e-02,8.740377e-03,1.580679e-03,8.587820e-03,7.176808e-02,8.335925e-02,4.349037e-01,1.011768e-02,5.480935e-02,4.579070e-03,1.983341e-02
2.300701e-02,7.347553e-03,2.267332e-02,1.715888e-01,2.736037e-02,8.185276e-03,1.196435e-03,7.622651e-03,5.896414e-02,7.087228e-02,4.151116e-01,1.095929e-02,5.526683e-02,1.255004e-02,1.072944e-01
1.999541e-02,9.673338e-03,1.953701e-02,1.361899e-01,2.103549e-02,7.673520e-03,9.302175e-04,7.426516e-03,5.842323e-02,6.935023e-02,3.637557e-01,1.221643e-02,4.948672e-02,2.272983e-02,2.015764e-01
1.720218e-02,2.660570e-02,1.905953e-02,1.281708e-01,1.558107e-02,9.345584e-03,7.323101e-04,6.925935e-03,8.109216e-02,6.205661e-02,2.969177e-01,1.182040e-02,3.975078e-02,2.828762e-02,2.564516e-01
1.513146e-02,2.628511e-02,2.167394e-02,1.265128e-01,1.220438e-02,1.108784e-02,5.951722e-04,6.383496e-03,7.543626e-02,5.778269e-02,2.291454e-01,1.054786e-02,3.168320e-02,3.412721e-02,3.414031e-01
1.533932e-02,2.125768e-02,4.965512e-02,1.432931e-01,1.023400e-02,1.404739e-02,1.044395e-03,1.609392e-02,7.537182e-02,4.696965e-02,2.371380e-01,9.268858e-03,3.064532e-02,5.103592e-02,2.786055e-01
1.272070e-02,1.661178e-02,1.236845e-01,1.212977e-01,7.847639e-03,1.096291e-02,8.437467e-04,3.576243e-02,6.782671e-02,3.655042e-02,1.757299e-01,7.494320e-03,2.327542e-02,7.150346e-02,2.878883e-01
1.004854e-02,1.183172e-02,1.585969e-01,1.063538e-01,8.706959e-03,7.889336e-03,8.880434e-04,1.797607e-01,5.449478e-02,2.714123e-02,1.289138e-01,6.465051e-03,1.890479e-02,5.263348e-02,2.273708e-01
1.195854e-02,1.529547e-02,2.794420e-01,9.864294e-02,8.626197e-03,6.142729e-03,8.472496e-04,1.494058e-01,7.804786e-02,2.085827e-02,9.553245e-02,4.999619e-03,1.379670e-02,4.142505e-02,1.749792e-01
2.025244e-02,2.696320e-02,3.264298e-01,1.032513e-01,1.763316e-02,6.341826e-03,7.762123e-04,1.123849e-01,1.211946e-01,1.597083e-02,7.042219e-02,3.760212e-03,9.974072e-03,3.086418e-02,1.337810e-01
1.757950e-02,6.363954e-02,2.909602e-01,9.716675e-02,2.730089e-02,5.516741e-03,8.448910e-04,8.239424e-02,2.240230e-01,1.180696e-02,5.002674e-02,2.687491e-03,7.224476e-03,2.200822e-02,9.682043e-02
1.710112e-02,9.838698e-02,2.374257e-01,1.363834e-01,3.691688e-02,6.412732e-03,1.544111e-03,6.298429e-02,2.629226e-01,9.946375e-03,3.619872e-02,1.987318e-03,5.443259e-03,1.587530e-02,7.047120e-02
2.049677e-02,1.679160e-01,1.760996e-01,1.542990e-01,3.569841e-02,6.216445e-03,1.341674e-03,4.674897e-02,2.783387e-01,1.014835e-02,2.689438e-02,1.630016e-03,5.259295e-03,1.130044e-02,5.761193e-02
1.956511e-02,1.565782e-01,1.317928e-01,1.994211e-01,2.845022e-02,4.600822e-03,1.025095e-03,3.743123e-02,3.340557e-01,8.103964e-03,2.013656e-02,1.356094e-03,4.319196e-03,8.051661e-03,4.511235e-02
3.861183e-02,1.756506e-01,9.588594e-02,1.787452e-01,5.304343e-02,9.088630e-03,2.714519e-03,5.366144e-02,3.034620e-01,7.476509e-03,1.580058e-02,1.335082e-03,4.698894e-03,5.932275e-03,5.389311e-02
4.114088e-02,1.427254e-01,7.850760e-02,2.289162e-01,4.402362e-02,7.239644e-03,2.294185e-03,5.453260e-02,3.054665e-01,9.297673e-03,1.210682e-02,1.529171e-03,4.431525e-03,4.281103e-03,6.350715e-02
6.203880e-02,1.249842e-01,6.296816e-02,1.981681e-01,7.714976e-02,1.481820e-02,3.961291e-03,5.658428e-02,2.776367e-01,8.860135e-03,1.016360e-02,1.949288e-03,5.425241e-03,3.345107e-03,9.194715e-02
7.790057e-02,1.207099e-01,5.221040e-02,1.664482e-01,1.084005e-01,2.139323e-02,5.788073e-03,5.577347e-02,2.592827e-01,7.168235e-03,8.501145e-03,1.882258e-03,5.099152e-03,2.585180e-03,1.068570e-01
7.813238e-02,9.770969e-02,4.138585e-02,2.764384e-01,9.084411e-02,2.005080e-02,4.963149e-03,4.935477e-02,2.121666e-01,6.410524e-03,1.693879e-02,1.566221e-02,6.807717e-03,1.962802e-03,8.117224e-02
5.478110e-02,7.403499e-02,3.048261e-02,4.452264e-01,7.000136e-02,1.496990e-02,3.512050e-03,3.460569e-02,1.505525e-01,4.704535e-03,3.768378e-02,1.450617e-02,6.571688e-03,1.397557e-03,5.696961e-02
3.835689e-02,5.259569e-02,2.187895e-02,5.839028e-01,5.257879e-02,1.163479e-02,2.478253e-03,2.435605e-02,1.059538e-01,3.419023e-03,4.471119e-02,1.250741e-02,4.702807e-03,1.014411e-03,3.990910e-02
2.690297e-02,3.708309e-02,1.557349e-02,4.796166e-01,3.773133e-02,8.274891e-03,1.749157e-03,1.720735e-02,7.508321e-02,3.077059e-03,2.141963e-01,4.737792e-02,4.922444e-03,3.178275e-03,2.802592e-02
1.902096e-02,2.650516e-02,1.117002e-02,4.181213e-01,3.133108e-02,6.120976e-03,1.245754e-03,1.240724e-02,5.369289e-02,2.772169e-03,2.717034e-01,1.177813e-01,4.120456e-03,4.269839e-03,1.973742e-02
1.339189e-02,1.858770e-02,7.856118e-03,3.008386e-01,2.396529e-02,4.803927e-03,8.776791e-04,8.738947e-03,3.803902e-02,2.631389e-03,3.173959e-01,2.423466e-01,3.052528e-03,3.625264e-03,1.384902e-02
9.529743e-03,1.306485e-02,5.532833e-03,2.147567e-01,2.344103e-02,4.211839e-03,6.175504e-04,6.145054e-03,2.702831e-02,2.654315e-03,3.528273e-01,3.242555e-01,2.385695e-03,3.821410e-03,9.727925e-03
