1.000000e+00,0.000000e+00,0.000000e+00,0.000000e+00,0.000000e+00,0.000000e+00,0.000000e+00,0.000000e+00,0.000000e+00,0.000000e+00,0.000000e+00,0.000000e+00,0.000000e+00,0.000000e+00,0.000000e+00
1.000000e+00,0.000000e+00,0.000000e+00,0.000000e+00,0.000000e+00,0.000000e+00,0.000000e+00,0.000000e+00,0.000000e+00,0.000000e+00,0.000000e+00,0.000000e+00,0.000000e+00,0.000000e+00,0.000000e+00
1.000000e+00,0.000000e+00,0.000000e+00,0.000000e+00,0.000000e+00,0.000000e+00,0.000000e+00,0.000000e+00,0.000000e+00,0.000000e+00,0.000000e+00,0.000000e+00,0.000000e+00,0.000000e+00,0.000000e+00
1.000000e+00,0.000000e+00,0.000000e+00,0.000000e+00,0.000000e+00,0.000000e+00,0.000000e+00,0.000000e+00,0.000000e+00,0.000000e+00,0.000000e+00,0.000000e+00,0.000000e+00,0.000000e+00,0.000000e+00
1.000000e+00,0.000000e+00,0.000000e+00,0.000000e+00,0.000000e+00,0.000000e+00,0.000000e+00,0.000000e+00,0.000000e+00,0.000000e+00,0.000000e+00,0.000000e+00,0.000000e+00,0.000000e+00,0.000000e+00
1.000000e+00,0.000000e+00,0.000000e+00,0.000000e+00,0.000000e+00,0.000000e+00,0.000000e+00,0.000000e+00,0.000000e+00,0.000000e+00,0.000000e+00,0.000000e+00,0.000000e+00,0.000000e+00,0.000000e+00
1.000000e+00,0.000000e+00,0.000000e+00,0.000000e+00,0.000000e+00,0.000000e+00,0.000000e+00,0.000000e+00,0.000000e+00,0.000000e+00,0.000000e+00,0.000000e+00,0.000000e+00,0.000000e+00,0.000000e+00
1.000000e+00,0.000000e+00,0.000000e+00,0.000000e+00,0.000000e+00,0.000000e+00,0.000000e+00,0.000000e+00,0.000000e+00,0.000000e+00,0.000000e+00,0.000000e+00,0.000000e+00,0.000000e+00,0.000000e+00
1.000000e+00,0.000000e+00,0.000000e+00,0.000000e+00,0.000000e+00,0.000000e+00,0.000000e+00,0.000000e+00,0.000000e+00,0.000000e+00,0.000000e+00,0.000000e+00,0.000000e+00,0.000000e+00,0.000000e+00
1.000000e+00,0.000000e+00,0.000000e+00,0.000000e+00,0.000000e+00,0.000000e+00,0.000000e+00,0.000000e+00,0.000000e+00,0.000000e+00,0.000000e+00,0.000000e+00,0.000000e+00,0.000000e+00,0.000000e+00
1.000000e+00,0.000000e+00,0.000000e+00,0.000000e+00,0.000000e+00,0.000000e+00,0.000000e+00,0.000000e+00,0.000000e+00,0.000000e+00,0.000000e+00,0.000000e+00,0.000000e+00,0.000000e+00,0.000000e+00
1.000000e+00,0.000000e+00,0.000000e+00,0.000000e+00,0.000000e+00,0.000000e+00,0.000000e+00,0.000000e+00,0.000000e+00,0.000000e+00,0.000000e+00,0.000000e+00,0.000000e+00,0.000000e+00,0.000000e+00
1.000000e+00,0.000000e+00,0.000000e+00,0.000000e+00,0.000000e+00,0.000000e+00,0.000000e+00,0.000000e+00,0.000000e+00,0.000000e+00,0.000000e+00,0.000000e+00,0.000000e+00,0.000000e+00,0.000000e+00
1.000000e+00,0.000000e+00,0.000000e+00,0.000000e+00,0.000000e+00,0.000000e+00,0.000000e+00,0.000000e+00,0.000000e+00,0.000000e+00,0.000000e+00,0.000000e+00,0.000000e+00,0.000000e+00,0.000000e+00
1.000000e+00,0.000000e+00,0.000000e+00,0.000000e+00,0.000000e+00,0.000000e+00,0.000000e+00,0.000000e+00,0.000000e+00,0.000000e+00,0.000000e+00,0.000000e+00,0.000000e+00,0.000000e+00,0.000000e+00
1.000000e+00,0.000000e+00,0.000000e+00,0.000000e+00,0.000000e+00,0.000000e+00,0.000000e+00,0.000000e+00,0.000000e+00,0.000000e+00,0.000000e+00,0.000000e+00,0.000000e+00,0.000000e+00,0.000000e+00
1.000000e+00,0.000000e+00,0.000000e+00,0.000000e+00,0.000000e+00,0.000000e+00,0.000000e+00,0.000000e+00,0.000000e+00,0.000000e+00,0.000000e+00,0.000000e+00,0.000000e+00,0.000000e+00,0.000000e+00
1.000000e+00,0.000000e+00,0.000000e+00,0.000000e+00,0.000000e+00,0.000000e+00,0.000000e+00,0.000000e+00,0.000000e+00,0.000000e+00,0.000000e+00,0.000000e+00,0.000000e+00,0.000000e+00,0.000000e+00
1.000000e+00,0.000000e+00,0.000000e+00,0.000000e+00,0.000000e+00,0.000000e+00,0.000000e+00,0.000000e+00,0.000000e+00,0.000000e+00,0.000000e+00,0.000000e+00,0.000000e+00,0.000000e+00,0.000000e+00
1.000000e+00,0.000000e+00,0.000000e+00,0.000000e+00,0.000000e+00,0.000000e+00,0.000000e+00,0.000000e+00,0.000000e+00,0.000000e+00,0.000000e+00,0.000000e+00,0.000000e+00,0.000000e+00,0.000000e+00
1.000000e+00,0.000000e+00,0.000000e+00,0.000000e+00,0.000000e+00,0.000000e+00,0.000000e+00,0.000000e+00,0.000000e+00,0.000000e+00,0.000000e+00,0.000000e+00,0.000000e+00,0.000000e+00,0.000000e+00
1.000000e+00,0.000000e+00,0.000000e+00,0.000000e+00,0.000000e+00,0.000000e+00,0.000000e+00,0.000000e+00,0.000000e+00,0.000000e+00,0.000000e+00,0.000000e+00,0.000000e+00,0.000000e+00,0.000000e+00
1.000000e+00,0.000000e+00,0.000000e+00,0.000000e+00,0.000000e+00,0.000000e+00,0.000000e+00,0.000000e+00,0.000000e+00,0.000000e+00,0.000000e+00,0.000000e+00,0.000000e+00,0.000000e+00,0.000000e+00
1.000000e+00,0.000000e+00,0.000000e+00,0.000000e+00,0.000000e+00,0.000000e+00,0.000000e+00,0.000000e+00,0.000000e+00,0.000000e+00,0.000000e+00,0.000000e+00,0.000000e+00,0.000000e+00,0.000000e+00
1.000000e+00,0.000000e+00,0.000000e+00,0.000000e+00,0.000000e+00,0.000000e+00,0.000000e+00,0.000000e+00,0.000000e+00,0.000000e+00,0.000000e+00,0.000000e+00,0.000000e+00,0.000000e+00,0.000000e+00
1.000000e+00,0.000000e+00,0.000000e+00,0.000000e+00,0.000000e+00,0.000000e+00,0.000000e+00,0.000000e+00,0.000000e+00,0.000000e+00,0.000000e+00,0.000000e+00,0.000000e+00,0.000000e+00,0.000000e+00
1.000000e+00,0.000000e+00,0.000000e+00,0.000000e+00,0.000000e+00,0.000000e+00,0.000000e+00,0.000000e+00,0.000000e+00,0.000000e+00,0.000000e+00,0.000000e+00,0.000000e+00,0.000000e+00,0.000000e+00
1.000000e+00,0.000000e+00,0.000000e+00,0.000000e+00,0.000000e+00,0.000000e+00,0.000000e+00,0.000000e+00,0.000000e+00,0.000000e+00,0.000000e+00,0.000000e+00,0.000000e+00,0.000000e+00,0.000000e+00
1.000000e+00,0.000000e+00,0.000000e+00,0.000000e+00,0.000000e+00,0.000000e+00,0.000000e+00,0.000000e+00,0.000000e+00,0.000000e+00,0.000000e+00,0.000000e+00,0.000000e+00,0.000000e+00,0.000000e+00
1.000000e+00,0.000000e+00,0.000000e+00,0.000000e+00,0.000000e+00,0.000000e+00,0.000000e+00,0.000000e+00,0.000000e+00,0.000000e+00,0.000000e+00,0.000000e+00,0.000000e+00,0.000000e+00,0.000000e+00
1.000000e+00,0.000000e+00,0.000000e+00,0.000000e+00,0.000000e+00,0.000000e+00,0.000000e+00,0.000000e+00,0.000000e+00,0.000000e+00,0.000000e+00,0.000000e+00,0.000000e+00,0.000000e+00,0.000000e+00
1.000000e+00,0.000000e+00,0.000000e+00,0.000000e+00,0.000000e+00,0.000000e+00,0.000000e+00,0.000000e+00,0.000000e+00,0.000000e+00,0.000000e+00,0.000000e+00,0.000000e+00,0.000000e+00,0.000000e+00
1.000000e+00,0.000000e+00,0.000000e+00,0.000000e+00,0.000000e+00,0.000000e+00,0.000000e+00,0.000000e+00,0.000000e+00,0.000000e+00,0.000000e+00,0.000000e+00,0.000000e+00,0.000000e+00,0.000000e+00
1.000000e+00,0.000000e+00,0.000000e+00,0.000000e+00,0.000000e+00,0.000000e+00,0.000000e+00,0.000000e+00,0.000000e+00,0.000000e+00,0.000000e+00,0.000000e+00,0.000000e+00,0.000000e+00,0.000000e+00
1.000000e+00,0.000000e+00,0.000000e+00,0.000000e+00,0.000000e+00,0.000000e+00,0.000000e+00,0.000000e+00,0.000000e+00,0.000000e+00,0.000000e+00,0.000000e+00,0.000000e+00,0.000000e+00,0.000000e+00
1.000000e+00,0.000000e+00,0.000000e+00,0.000000e+00,0.000000e+00,0.000000e+00,0.000000e+00,0.000000e+00,0.000000e+00,0.000000e+00,0.000000e+00,0.000000e+00,0.000000e+00,0.000000e+00,0.000000e+00
1.000000e+00,0.000000e+00,0.000000e+00,0.000000e+00,0.000000e+00,0.000000e+00,0.000000e+00,0.000000e+00,0.000000e+00,0.000000e+00,0.000000e+00,0.000000e+00,0.000000e+00,0.000000e+00,0.000000e+00
1.000000e+00,0.000000e+00,0.000000e+00,0.000000e+00,0.000000e+00,0.000000e+00,0.000000e+00,0.000000e+00,0.000000e+00,0.000000e+00,0.000000e+00,0.000000e+00,0.000000e+00,0.000000e+00,0.000000e+00
1.000000e+00,0.000000e+00,0.000000e+00,0.000000e+00,0.000000e+00,0.000000e+00,0.000000e+00,0.000000e+00,0.000000e+00,0.000000e+00,0.000000e+00,0.000000e+00,0.000000e+00,0.000000e+00,0.000000e+00
1.000000e+00,0.000000e+00,0.000000e+00,0.000000e+00,0.000000e+00,0.000000e+00,0.000000e+00,0.000000e+00,0.000000e+00,0.000000e+00,0.000000e+00,0.000000e+00,0.000000e+00,0.000000e+00,0.000000e+00
1.000000e+00,0.000000e+00,0.000000e+00,0.000000e+00,0.000000e+00,0.000000e+00,0.000000e+00,0.000000e+00,0.000000e+00,0.000000e+00,0.000000e+00,0.000000e+00,0.000000e+00,0.000000e+00,0.000000e+00
1.000000e+00,0.000000e+00,0.000000e+00,0.000000e+00,0.000000e+00,0.000000e+00,0.000000e+00,0.000000e+00,0.000000e+00,0.000000e+00,0.000000e+00,0.000000e+00,0.000000e+00,0.000000e+00,0.000000e+00
1.000000e+00,0.000000e+00,0.000000e+00,0.000000e+00,0.000000e+00,0.000000e+00,0.000000e+00,0.000000e+00,0.000000e+00,0.000000e+00,0.000000e+00,0.000000e+00,0.000000e+00,0.000000e+00,0.000000e+00
1.000000e+00,0.000000e+00,0.000000e+00,0.000000e+00,0.000000e+00,0.000000e+00,0.000000e+00,0.000000e+00,0.000000e+00,0.000000e+00,0.000000e+00,0.000000e+00,0.000000e+00,0.000000e+00,0.000000e+00
1.000000e+00,0.000000e+00,0.000000e+00,0.000000e+00,0.000000e+00,0.000000e+00,0.000000e+00,0.000000e+00,0.000000e+00,0.000000e+00,0.000000e+00,0.000000e+00,0.000000e+00,0.000000e+00,0.000000e+00
1.000000e+00,0.000000e+00,0.000000e+00,0.000000e+00,0.000000e+00,0.000000e+00,0.000000e+00,0.000000e+00,0.000000e+00,0.000000e+00,0.000000e+00,0.000000e+00,0.000000e+00,0.000000e+00,0.000000e+00
1.000000e+00,0.000000e+00,0.000000e+00,0.000000e+00,0.000000e+00,0.000000e+00,0.000000e+00,0.000000e+00,0.000000e+00,0.000000e+00,0.000000e+00,0.000000e+00,0.000000e+00,0.000000e+00,0.000000e+00
1.000000e+00,0.000000e+00,0.000000e+00,0.000000e+00,0.000000e+00,0.000000e+00,0.000000e+00,0.000000e+00,0.000000e+00,0.000000e+00,0.000000e+00,0.000000e+00,0.000000e+00,0.000000e+00,0.000000e+00
1.000000e+00,0.000000e+00,0.000000e+00,0.000000e+00,0.000000e+00,0.000000e+00,0.000000e+00,0.000000e+00,0.000000e+00,0.000000e+00,0.000000e+00,0.000000e+00,0.000000e+00,0.000000e+00,0.000000e+00
1.000000e+00,0.000000e+00,0.000000e+00,0.000000e+00,0.000000e+00,0.000000e+00,0.000000e+00,0.000000e+00,0.000000e+00,0.000000e+00,0.000000e+00,0.000000e+00,0.000000e+00,0.000000e+00,0.000000e+00
1.000000e+00,0.000000e+00,0.000000e+00,0.000000e+00,0.000000e+00,0.000000e+00,0.000000e+00,0.000000e+00,0.000000e+00,0.000000e+00,0.000000e+00,0.000000e+00,0.000000e+00,0.000000e+00,0.000000e+00
1.000000e+00,0.000000e+00,0.000000e+00,0.000000e+00,0.000000e+00,0.000000e+00,0.000000e+00,0.000000e+00,0.000000e+00,0.000000e+00,0.000000e+00,0.000000e+00,0.000000e+00,0.000000e+00,0.000000e+00
1.000000e+00,0.000000e+00,0.000000e+00,0.000000e+00,0.000000e+00,0.000000e+00,0.000000e+00,0.000000e+00,0.000000e+00,0.000000e+00,0.000000e+00,0.000000e+00,0.000000e+00,0.000000e+00,0.000000e+00
1.000000e+00,0.000000e+00,0.000000e+00,0.000000e+00,0.000000e+00,0.000000e+00,0.000000e+00,0.000000e+00,0.000000e+00,0.000000e+00,0.000000e+00,0.000000e+00,0.000000e+00,0.000000e+00,0.000000e+00
1.000000e+00,0.000000e+00,0.000000e+00,0.000000e+00,0.000000e+00,0.000000e+00,0.000000e+00,0.000000e+00,0.000000e+00,0.000000e+00,0.000000e+00,0.000000e+00,0.000000e+00,0.000000e+00,0.000000e+00
1.000000e+00,0.000000e+00,0.000000e+00,0.000000e+00,0.000000e+00,0.000000e+00,0.000000e+00,0.000000e+00,0.000000e+00,0.000000e+00,0.000000e+00,0.000000e+00,0.000000e+00,0.000000e+00,0.000000e+00
1.000000e+00,0.000000e+00,0.000000e+00,0.000000e+00,0.000000e+00,0.000000e+00,0.000000e+00,0.000000e+00,0.000000e+00,0.000000e+00,0.000000e+00,0.000000e+00,0.000000e+00,0.000000e+00,0.000000e+00
1.000000e+00,0.000000e+00,0.000000e+00,0.000000e+00,0.000000e+00,0.000000e+00,0.000000e+00,0.000000e+00,0.000000e+00,0.000000e+00,0.000000e+00,0.000000e+00,0.000000e+00,0.000000e+00,0.000000e+00
1.000000e+00,0.000000e+00,0.000000e+00,0.000000e+00,0.000000e+00,0.000000e+00,0.000000e+00,0.000000e+00,0.000000e+00,0.000000e+00,0.000000e+00,0.000000e+00,0.000000e+00,0.000000e+00,0.000000e+00
1.000000e+00,0.000000e+00,0.000000e+00,0.000000e+00,0.000000e+00,0.000000e+00,0.000000e+00,0.000000e+00,0.000000e+00,0.000000e+00,0.000000e+00,0.000000e+00,0.000000e+00,0.000000e+00,0.000000e+00
3.595542e-01,5.461515e-03,3.238178e-02,1.304234e-02,2.831531e-03,1.314161e-02,9.505155e-03,5.349627e-01,1.584651e-03,1.104696e-03,3.829255e-03,7.118459e-03,5.950379e-03,1.721766e-03,7.809992e-03
2.543045e-01,3.865574e-03,2.371659e-02,9.417219e-03,2.139595e-03,9.688897e-03,7.504740e-03,6.686684e-01,1.115254e-03,7.822320e-04,2.733409e-03,5.027750e-03,4.247284e-03,1.284312e-03,5.504231e-03
1.797249e-01,2.730236e-03,1.683009e-02,6.767512e-03,1.968444e-03,6.868404e-03,5.840416e-03,7.646458e-01,7.861855e-04,5.529555e-04,1.941956e-03,3.535278e-03,3.020691e-03,9.191135e-04,3.868061e-03
1.270297e-01,1.928954e-03,1.195517e-02,4.936084e-03,1.763862e-03,4.878287e-03,4.686946e-03,8.324122e-01,5.554593e-04,3.953558e-04,1.388103e-03,2.492831e-03,2.195293e-03,6.597411e-04,2.722018e-03
9.042749e-02,1.369904e-03,8.673360e-03,3.623617e-03,1.715965e-03,3.479103e-03,4.226718e-03,8.788996e-01,3.952134e-04,2.966832e-04,1.010169e-03,1.778317e-03,1.697109e-03,4.771739e-04,1.929617e-03
6.462132e-02,9.725466e-04,6.386979e-03,2.716272e-03,1.762383e-03,2.506406e-03,4.315893e-03,9.109542e-01,2.830281e-04,2.261823e-04,7.495903e-04,1.296744e-03,1.490532e-03,3.458800e-04,1.372106e-03
4.641498e-02,6.986973e-04,4.824455e-03,2.092478e-03,1.726551e-03,1.882450e-03,4.102496e-03,9.335078e-01,2.137134e-04,2.163441e-04,5.901147e-04,9.850956e-04,1.472163e-03,2.632821e-04,1.009416e-03
3.511226e-02,5.195442e-04,3.558401e-03,1.600111e-03,1.904542e-03,2.597039e-03,4.017094e-03,9.423813e-01,1.909742e-04,3.147837e-04,7.818609e-04,1.411781e-03,4.596605e-03,2.334913e-04,7.802952e-04
2.499840e-02,3.744602e-04,2.555930e-03,1.260936e-03,1.635164e-03,2.229335e-03,3.039681e-03,8.365448e-01,1.621736e-04,2.050105e-03,5.796558e-03,2.174876e-02,9.365378e-02,1.475888e-03,2.474162e-03
1.757677e-02,2.705215e-04,1.820602e-03,1.017152e-03,1.271902e-03,1.629315e-03,2.341814e-03,6.120449e-01,1.468792e-04,1.311059e-02,6.482486e-03,1.593895e-01,1.717067e-01,8.920036e-03,2.270927e-03
1.237207e-02,1.952085e-04,1.278845e-03,7.550855e-04,9.314447e-04,1.199851e-03,1.747454e-03,4.337810e-01,3.060498e-04,1.191080e-02,1.184660e-02,3.169459e-01,1.716138e-01,3.330734e-02,1.808674e-03
8.744338e-03,2.067687e-04,9.163932e-04,6.547931e-04,7.394216e-04,8.830387e-04,1.287743e-03,3.056772e-01,9.485192e-04,1.163831e-02,1.347514e-02,2.789916e-01,2.634260e-01,1.103762e-01,2.034561e-03
6.167688e-03,3.923251e-04,8.212592e-04,5.826088e-04,7.183441e-04,6.737537e-04,9.321968e-04,2.141407e-01,2.582287e-03,3.631347e-02,1.894233e-02,2.871956e-01,2.339306e-01,1.936368e-01,2.970026e-03
4.332542e-03,1.109202e-03,8.904996e-04,4.842430e-04,9.372167e-04,5.011343e-04,6.710320e-04,1.499435e-01,8.146699e-03,3.044793e-02,1.944374e-02,3.160322e-01,1.968087e-01,2.668591e-01,3.392220e-03
3.062431e-03,1.426155e-03,1.054130e-03,4.479835e-04,1.279894e-03,3.808151e-04,4.898572e-04,1.051820e-01,4.349000e-02,2.240117e-02,1.473456e-02,4.048024e-01,1.737268e-01,2.245991e-01,2.922687e-03
2.161464e-03,2.781346e-03,1.397159e-03,4.030398e-04,1.478866e-03,3.429579e-04,3.544599e-04,7.366965e-02,1.403682e-01,1.627393e-02,1.125132e-02,3.676371e-01,1.320353e-01,2.472367e-01,2.608544e-03
1.522745e-03,1.205384e-02,2.445839e-03,4.119796e-04,1.681922e-03,3.487742e-04,2.622857e-04,5.161090e-02,3.195837e-01,1.167340e-02,8.623110e-03,2.672932e-01,9.424806e-02,2.262134e-01,2.026800e-03
1.103256e-03,9.815819e-03,7.569699e-03,1.013155e-03,3.859720e-03,4.992995e-04,1.932657e-04,3.624699e-02,4.630956e-01,8.429103e-03,6.852757e-03,1.875984e-01,6.618930e-02,2.056951e-01,1.838418e-03
8.552007e-04,9.021945e-03,2.370800e-02,1.312190e-03,3.990639e-03,6.178618e-04,1.478193e-04,2.549762e-02,5.472137e-01,7.801230e-03,5.599239e-03,1.316858e-01,4.646032e-02,1.926230e-01,3.465477e-03
9.930704e-04,7.467219e-03,2.984965e-02,1.227656e-03,5.138634e-03,7.692221e-04,1.181696e-04,1.800917e-02,5.810408e-01,7.430075e-03,5.072383e-03,9.233396e-02,3.276774e-02,2.080636e-01,9.718706e-03
1.247122e-03,6.402058e-03,7.489471e-02,2.895948e-03,4.340815e-03,7.528500e-04,1.211491e-04,1.319573e-02,5.542403e-01,1.505918e-02,5.195334e-03,6.484704e-02,2.381723e-02,2.181676e-01,1.482294e-02
6.341832e-03,6.123929e-03,1.850585e-01,5.576026e-03,6.105894e-03,1.302770e-03,3.400421e-04,1.129660e-02,4.931443e-01,1.248127e-02,6.908604e-03,4.563119e-02,1.816951e-02,1.859682e-01,1.555139e-02
1.498415e-02,6.064347e-03,2.084510e-01,9.025071e-03,5.593266e-03,2.604820e-03,4.242386e-04,1.052846e-02,4.399476e-01,1.319337e-02,7.590991e-03,3.232167e-02,1.408243e-02,1.800167e-01,5.517204e-02
2.335569e-02,9.350285e-03,1.733241e-01,1.001188e-02,4.701123e-03,2.843346e-03,4.074600e-04,9.841943e-03,3.868609e-01,1.527015e-02,1.304853e-02,2.302335e-02,1.212327e-02,2.204745e-01,9.536357e-02
1.962266e-02,1.793463e-02,1.416305e-01,1.891288e-02,4.287333e-03,2.532879e-03,4.537198e-04,1.586505e-02,4.393626e-01,1.455496e-02,1.316754e-02,1.626446e-02,1.009312e-02,1.879877e-01,9.733003e-02
1.836713e-02,4.524638e-02,1.160899e-01,3.518869e-02,4.807990e-03,3.700888e-03,4.330689e-04,2.254061e-02,4.680075e-01,1.266568e-02,1.207090e-02,1.155382e-02,7.966419e-03,1.544298e-01,8.693117e-02
2.421538e-02,7.692586e-02,9.632774e-02,2.852652e-02,7.082562e-03,8.044607e-03,4.478640e-04,2.937512e-02,4.302712e-01,1.456700e-02,1.091122e-02,8.512523e-03,7.497074e-03,1.331181e-01,1.241773e-01
2.797830e-02,7.592761e-02,8.227092e-02,2.558550e-02,8.277578e-03,6.694741e-03,4.892199e-04,3.640334e-02,3.987290e-01,1.499363e-02,1.106465e-02,6.585692e-03,6.134903e-03,1.203634e-01,1.785015e-01
2.274016e-02,5.812338e-02,6.777665e-02,1.992651e-02,6.859633e-03,4.955998e-03,3.829328e-04,2.823624e-02,3.304197e-01,2.984882e-02,8.985402e-03,4.910176e-03,4.736814e-03,1.050676e-01,3.070300e-01
1.669053e-02,4.242566e-02,6.562534e-02,1.534822e-02,5.146196e-03,3.659769e-03,2.972566e-04,2.003073e-02,2.720200e-01,5.484752e-02,7.445258e-03,4.941013e-03,4.577625e-03,9.587081e-02,3.910741e-01
1.271645e-02,3.014099e-02,4.691134e-02,1.102718e-02,3.643140e-03,2.962920e-03,2.198611e-04,1.412960e-02,2.002284e-01,9.550191e-02,1.036946e-02,1.469760e-02,3.491243e-02,7.681024e-02,4.457285e-01
9.912136e-03,2.166429e-02,3.376713e-02,8.108363e-03,2.594335e-03,2.421675e-03,1.735318e-04,1.005050e-02,1.526823e-01,1.376788e-01,1.215430e-02,1.447093e-02,4.515082e-02,6.367934e-02,4.854916e-01
7.185953e-03,1.532192e-02,2.379275e-02,6.025276e-03,1.902609e-03,1.976884e-03,1.305943e-04,7.138269e-03,1.122466e-01,1.293170e-01,1.693738e-02,1.350903e-02,6.402056e-02,4.602169e-02,5.544735e-01
5.125571e-03,1.087985e-02,1.690859e-02,4.588702e-03,1.391643e-03,1.725286e-03,1.056571e-04,5.153570e-03,9.227196e-02,1.656207e-01,2.493950e-02,1.193307e-02,6.914513e-02,3.642122e-02,5.537896e-01
3.782371e-03,8.194945e-03,1.256668e-02,4.478196e-03,1.410187e-03,2.321999e-03,2.510526e-04,3.743718e-03,8.580478e-02,1.467495e-01,3.922130e-02,1.871296e-02,1.069787e-01,3.588845e-02,5.298952e-01
2.714468e-03,5.857122e-03,9.330329e-03,3.873296e-03,2.186922e-03,1.887742e-03,2.175936e-04,2.673831e-03,9.542657e-02,1.131350e-01,5.101391e-02,2.262286e-02,1.712856e-01,7.669734e-02,4.410775e-01
2.028177e-03,4.350739e-03,7.137050e-03,3.327339e-03,2.064331e-03,1.561649e-03,2.010443e-04,2.022641e-03,1.146178e-01,9.937374e-02,5.190006e-02,2.130164e-02,1.492902e-01,8.708380e-02,4.537398e-01
1.514794e-03,3.281185e-03,7.860135e-03,2.483599e-03,2.780353e-03,1.150134e-03,1.749407e-04,1.550767e-03,8.513314e-02,7.856087e-02,4.619794e-02,1.535160e-02,1.065840e-01,7.498896e-02,5.723877e-01
1.125130e-03,2.366060e-03,6.414329e-03,1.771328e-03,3.117207e-03,8.795532e-04,1.418983e-04,1.127222e-03,6.045124e-02,5.728095e-02,3.660220e-02,1.082950e-02,7.527858e-02,5.718835e-02,6.854265e-01
1.140443e-03,4.212558e-03,1.021998e-02,1.334695e-03,5.944117e-03,2.099332e-03,1.458375e-04,9.714206e-04,5.887824e-02,5.521217e-02,4.014635e-02,7.841174e-03,5.493495e-02,8.803073e-02,6.688881e-01
1.105618e-03,8.114584e-03,2.776382e-02,1.028336e-03,5.863023e-03,2.232086e-03,1.200743e-04,8.385552e-04,6.679013e-02,5.082540e-02,4.399116e-02,5.817238e-03,4.082865e-02,2.080250e-01,5.366564e-01
1.103032e-03,1.091741e-02,3.856087e-02,8.146114e-04,5.507533e-03,2.921268e-03,9.580207e-05,8.173764e-04,6.688395e-02,4.017633e-02,4.936119e-02,4.230768e-03,2.983315e-02,3.279656e-01,4.208112e-01
2.012566e-03,9.570069e-03,4.877673e-02,6.526543e-04,4.121067e-03,3.215397e-03,7.797473e-05,1.008347e-03,5.094370e-02,3.007966e-02,3.622811e-02,3.013964e-03,2.124057e-02,4.900267e-01,2.990326e-01
3.921117e-03,2.964862e-02,1.039246e-01,1.278038e-03,4.428548e-03,7.847137e-03,2.271867e-04,1.521351e-03,4.432567e-02,2.194856e-02,2.790113e-02,2.182740e-03,1.537734e-02,5.223552e-01,2.131128e-01
4.061579e-03,2.349585e-02,3.460512e-01,5.226123e-03,3.412548e-03,5.926333e-03,2.350387e-04,1.454163e-03,3.218853e-02,1.561393e-02,2.003247e-02,1.543485e-03,1.087953e-02,3.797742e-01,1.501051e-01
1.562455e-02,3.871746e-02,2.899841e-01,5.240375e-03,8.062401e-03,3.987245e-02,4.602341e-04,1.485337e-03,2.420912e-02,1.153145e-02,1.516605e-02,1.105620e-03,7.795018e-03,4.340670e-01,1.066789e-01
2.707406e-02,1.396633e-01,2.524702e-01,6.284595e-03,8.660352e-03,3.338718e-02,4.325274e-04,2.460288e-03,5.005096e-02,1.481294e-02,1.169129e-02,8.440775e-04,5.989818e-03,3.598911e-01,8.628730e-02
4.683120e-02,1.419811e-01,2.342400e-01,9.517375e-03,8.314445e-03,2.859673e-02,3.415864e-04,3.626207e-03,6.989393e-02,2.183410e-02,1.973374e-02,1.391038e-03,6.065562e-03,2.862897e-01,1.213432e-01
6.585807e-02,1.320521e-01,2.138252e-01,1.022053e-02,7.385005e-03,2.425111e-02,2.820582e-04,4.861711e-03,7.963937e-02,2.221964e-02,4.079127e-02,3.790009e-03,8.776050e-03,2.680110e-01,1.180368e-01
5.086173e-02,1.477682e-01,1.803545e-01,1.258678e-01,6.510426e-03,1.765468e-02,2.324733e-04,3.753028e-03,1.150487e-01,1.656364e-02,3.125226e-02,2.846079e-03,6.664277e-03,1.922665e-01,1.023559e-01
5.910764e-02,1.153616e-01,2.763711e-01,1.339401e-01,6.908705e-03,1.646348e-02,4.538156e-04,4.072084e-03,9.115580e-02,1.247160e-02,2.739246e-02,2.623526e-03,6.579122e-03,1.698802e-01,7.721882e-02
5.534423e-02,8.581983e-02,3.158144e-01,2.058190e-01,6.487274e-03,1.433077e-02,3.831501e-04,3.474044e-03,8.169173e-02,1.121886e-02,2.425885e-02,3.333819e-03,6.526989e-03,1.279094e-01,5.758773e-02
4.044380e-02,6.506410e-02,3.536437e-01,1.523933e-01,4.666788e-03,1.135067e-02,3.149307e-04,2.467212e-03,7.235557e-02,3.950384e-02,1.912763e-02,2.894363e-03,5.475090e-03,1.064301e-01,1.238689e-01
2.922552e-02,5.330620e-02,3.267989e-01,1.088546e-01,3.399238e-03,9.445229e-03,2.571152e-04,1.768903e-03,5.445956e-02,5.646031e-02,1.693938e-02,3.322891e-03,6.723393e-03,8.075576e-02,2.482831e-01
2.083591e-02,4.114968e-02,2.511596e-01,8.051310e-02,3.800305e-03,7.590652e-03,3.155058e-04,1.479597e-03,9.235130e-02,7.189028e-02,2.221058e-02,4.707879e-03,1.010867e-02,8.211089e-02,3.097761e-01
1.524044e-02,3.114806e-02,1.923712e-01,5.915872e-02,3.104039e-03,5.948870e-03,2.667506e-04,1.119935e-03,1.247474e-01,9.624325e-02,2.766114e-02,4.248563e-03,9.291670e-03,1.146696e-01,3.147804e-01
1.326735e-02,3.000718e-02,1.514773e-01,4.674561e-02,3.433371e-03,7.719625e-03,2.721924e-04,9.857048e-04,1.672555e-01,1.194841e-01,3.158446e-02,4.427110e-03,8.178641e-03,1.367709e-01,2.783911e-01
1.013862e-02,2.881324e-02,1.176526e-01,3.645669e-02,2.862229e-03,6.013187e-03,2.196831e-04,7.129826e-04,1.868643e-01,1.112317e-01,2.431363e-02,3.943194e-03,6.162357e-03,2.387170e-01,2.258986e-01
1.183758e-02,2.704031e-02,8.489856e-02,2.776809e-02,5.115079e-03,7.561925e-03,2.458386e-04,5.843896e-04,2.083141e-01,9.027656e-02,2.064631e-02,3.027707e-03,5.208061e-03,2.942227e-01,2.132528e-01
1.649519e-02,2.292401e-02,6.342699e-02,2.029606e-02,4.504734e-03,6.046789e-03,2.549303e-04,5.193425e-04,1.935215e-01,7.052746e-02,1.593579e-02,2.315502e-03,4.851868e-03,3.105510e-01,2.678289e-01
1.493805e-02,1.874143e-02,7.108024e-02,1.547697e-02,5.255596e-03,4.702856e-03,2.592450e-04,1.090328e-03,2.123003e-01,5.734622e-02,1.250654e-02,1.867793e-03,3.849075e-03,3.049673e-01,2.756181e-01
1.351011e-02,1.446661e-02,5.543189e-02,1.135232e-02,4.205119e-03,3.792462e-03,2.295364e-04,8.248590e-04,1.857282e-01,4.385455e-02,1.027164e-02,1.401418e-03,3.021372e-03,4.174260e-01,2.344839e-01
1.553856e-02,1.433855e-02,4.340880e-02,8.624027e-03,6.657938e-03,3.446389e-03,2.141349e-04,9.239446e-04,2.242537e-01,4.495157e-02,1.100734e-02,1.103161e-03,2.652568e-03,4.257758e-01,1.971036e-01
1.835883e-02,5.364507e-02,4.079086e-02,8.288859e-03,1.653381e-02,3.405489e-03,3.203136e-04,1.858578e-03,2.726161e-01,3.703579e-02,1.428578e-02,9.531136e-04,2.637309e-03,3.516907e-01,1.775794e-01
1.477278e-02,2.684902e-01,3.220588e-02,6.330336e-03,1.533350e-02,2.569872e-03,2.364973e-04,1.346172e-03,2.114157e-01,3.545915e-02,1.140181e-02,7.543399e-04,2.012992e-03,2.549176e-01,1.427532e-01
1.171262e-02,3.833098e-01,2.911369e-02,8.920952e-03,1.110494e-02,2.384994e-03,1.744134e-04,1.013878e-03,1.629718e-01,3.363514e-02,8.543709e-03,9.092665e-04,1.898119e-03,1.802348e-01,1.640719e-01
1.961865e-02,4.637365e-01,2.427781e-02,7.303250e-03,8.301140e-03,2.368002e-03,1.458951e-04,9.901214e-04,1.182837e-01,2.550820e-02,6.286450e-03,6.851018e-04,1.519166e-03,1.405476e-01,1.804284e-01
4.550255e-02,5.050501e-01,3.053099e-02,2.137667e-02,9.242957e-03,2.256676e-02,3.934105e-04,3.579938e-03,8.981584e-02,1.837668e-02,5.963882e-03,1.135019e-03,2.071631e-03,1.015832e-01,1.428104e-01
6.657943e-02,4.141063e-01,3.530856e-02,2.344542e-02,1.192236e-02,2.583219e-02,4.205281e-04,4.296791e-03,7.801239e-02,1.616396e-02,6.287001e-03,1.584446e-03,2.850941e-03,7.851928e-02,2.346703e-01
5.286183e-02,3.112052e-01,2.675633e-02,1.748696e-02,1.186701e-02,1.890110e-02,3.708499e-04,3.215511e-03,1.288601e-01,4.232335e-02,6.077887e-03,1.421001e-03,2.991914e-03,5.576723e-02,3.198937e-01
4.340973e-02,2.301909e-01,4.926061e-02,4.482076e-02,1.015651e-02,1.466329e-02,3.692977e-04,2.681745e-03,1.952477e-01,4.048194e-02,5.975672e-03,1.473342e-03,2.498807e-03,4.113875e-02,3.176309e-01
3.220671e-02,1.680384e-01,4.390353e-02,5.275986e-02,7.653703e-03,1.087896e-02,4.203566e-04,2.007325e-03,2.076428e-01,1.117377e-01,1.268545e-02,1.745226e-03,6.987264e-03,3.022447e-02,3.111082e-01
2.391886e-02,1.228800e-01,5.038569e-02,4.061118e-02,6.084618e-03,9.153651e-03,6.559610e-04,1.808113e-03,1.576908e-01,2.088256e-01,5.681731e-02,3.066689e-03,3.403249e-02,2.786079e-02,2.562082e-01
1.744133e-02,9.219544e-02,4.151927e-02,2.949537e-02,4.595511e-03,7.230320e-03,6.158936e-04,1.505045e-03,1.138649e-01,2.116137e-01,1.374353e-01,4.287003e-03,8.008260e-02,2.511982e-02,2.329986e-01
1.281862e-02,7.188413e-02,3.850990e-02,2.167341e-02,3.821772e-03,6.981727e-03,7.808959e-04,1.460585e-03,8.358052e-02,2.533444e-01,1.421858e-01,6.491281e-03,7.365493e-02,2.303899e-02,2.597730e-01
9.759740e-03,5.162441e-02,3.202815e-02,1.748068e-02,3.258171e-03,6.437829e-03,6.756521e-04,1.963235e-03,6.151170e-02,2.649375e-01,1.912929e-01,7.396710e-03,6.939346e-02,2.553884e-02,2.567011e-01
7.560046e-03,3.775147e-02,2.503032e-02,1.424372e-02,2.683100e-03,5.654975e-03,6.611146e-04,1.723231e-03,4.634802e-02,3.659686e-01,1.816724e-01,7.745011e-03,5.445128e-02,2.459989e-02,2.239068e-01
6.283256e-03,2.743435e-02,2.001215e-02,1.183851e-02,2.567710e-03,1.708394e-02,6.164992e-04,1.858841e-03,3.538828e-02,3.156557e-01,3.071459e-01,1.417321e-02,4.412645e-02,3.104131e-02,1.647739e-01
8.216785e-03,2.240478e-02,2.287402e-02,9.656504e-03,3.016921e-03,4.426523e-02,8.942069e-04,2.959779e-03,2.670579e-02,2.546764e-01,3.449111e-01,1.859714e-02,3.656893e-02,6.316037e-02,1.410921e-01
1.228701e-02,1.701613e-02,2.002419e-02,8.950055e-03,2.926679e-03,4.923109e-02,9.914530e-04,2.834638e-03,2.179293e-02,2.952615e-01,3.186648e-01,2.430515e-02,2.921210e-02,7.534426e-02,1.211581e-01
1.401642e-02,1.330130e-02,2.418063e-02,1.051956e-02,5.032242e-03,4.776284e-02,9.291871e-04,4.463584e-03,2.586163e-02,3.285379e-01,2.682751e-01,2.651192e-02,2.426785e-02,9.503309e-02,1.113067e-01
1.548434e-02,9.982757e-03,2.003323e-02,8.380191e-03,6.716298e-03,3.549982e-02,8.822798e-04,5.835503e-03,2.906834e-02,3.909168e-01,2.313781e-01,2.374094e-02,1.965185e-02,1.095986e-01,9.283105e-02
1.569039e-02,7.929309e-03,3.579224e-02,1.069192e-02,1.513603e-02,2.848075e-02,1.249654e-03,1.472096e-02,3.822163e-02,3.907847e-01,1.885990e-01,2.611908e-02,1.831939e-02,1.248428e-01,8.342220e-02
1.676576e-02,6.480915e-03,3.806271e-02,1.155982e-02,2.147632e-02,2.207780e-02,1.538085e-03,1.951427e-02,5.585476e-02,3.726462e-01,1.582665e-01,3.027359e-02,1.739988e-02,1.504262e-01,7.765722e-02
1.447221e-02,5.094545e-03,3.522509e-02,9.559881e-03,2.920915e-02,1.606030e-02,2.836427e-03,5.172624e-02,5.359019e-02,4.005989e-01,1.294649e-01,3.147746e-02,1.727062e-02,1.409828e-01,6.243136e-02
1.436622e-02,1.573772e-02,4.233663e-02,8.466516e-03,3.206266e-02,1.178201e-02,2.199419e-03,4.740990e-02,8.852576e-02,3.312157e-01,1.465338e-01,3.254121e-02,1.663369e-02,1.647158e-01,4.547301e-02
1.906878e-02,2.345869e-02,5.186031e-02,8.774963e-03,5.586402e-02,9.689763e-03,2.081208e-03,4.242294e-02,1.137849e-01,2.720177e-01,1.562462e-01,2.667565e-02,1.533524e-02,1.700508e-01,3.266871e-02
1.900628e-02,4.378154e-02,4.761398e-02,9.911016e-03,5.897772e-02,8.178237e-03,2.017515e-03,4.116658e-02,1.791569e-01,2.289283e-01,1.290690e-01,2.094750e-02,1.333262e-02,1.744857e-01,2.342714e-02
1.754262e-02,7.812589e-02,4.078637e-02,9.268392e-03,5.832379e-02,8.522737e-03,1.680638e-03,3.535174e-02,2.927684e-01,1.681254e-01,1.024016e-01,1.629384e-02,1.107298e-02,1.422254e-01,1.751023e-02
1.600932e-02,9.369874e-02,3.134832e-02,9.561425e-03,5.860185e-02,8.416064e-03,1.897024e-03,3.223503e-02,4.113692e-01,1.227632e-01,7.497389e-02,1.220677e-02,8.584025e-03,1.053298e-01,1.300536e-02
1.973615e-02,8.268531e-02,2.633651e-02,1.515004e-02,9.218585e-02,7.811785e-03,2.751574e-03,5.624270e-02,4.442499e-01,9.604677e-02,5.534780e-02,9.124282e-03,6.727540e-03,7.534437e-02,1.025942e-02
2.685583e-02,6.880351e-02,2.263671e-02,1.971512e-02,1.410144e-01,8.446272e-03,3.663525e-03,7.428125e-02,4.476536e-01,7.233610e-02,4.130016e-02,6.897474e-03,4.958003e-03,5.329254e-02,8.145591e-03
3.497182e-02,8.427531e-02,2.605882e-02,3.460047e-02,1.278818e-01,1.007774e-02,2.876988e-03,1.112229e-01,4.303229e-01,5.298057e-02,3.130002e-02,5.759080e-03,3.852798e-03,3.758672e-02,6.232162e-03
4.948699e-02,7.364626e-02,4.462437e-02,4.464759e-02,1.211425e-01,9.271232e-03,2.278773e-03,1.736931e-01,3.808740e-01,3.801050e-02,2.378547e-02,4.649640e-03,2.860501e-03,2.646538e-02,4.563702e-03
6.585728e-02,5.819783e-02,7.315489e-02,3.872838e-02,1.020513e-01,7.587083e-03,1.706083e-03,2.641379e-01,3.125647e-01,2.812728e-02,1.953725e-02,3.978896e-03,2.125945e-03,1.869158e-02,3.553636e-03
5.242093e-02,4.123238e-02,7.881877e-02,2.915645e-02,7.328941e-02,5.701111e-03,1.299612e-03,4.438453e-01,2.203894e-01,1.976666e-02,1.396191e-02,2.948176e-03,1.520883e-03,1.310486e-02,2.544123e-03
4.008986e-02,2.914875e-02,9.258389e-02,6.305940e-02,5.234284e-02,5.760222e-03,9.759149e-04,5.162003e-01,1.547847e-01,1.401348e-02,1.207602e-02,5.967541e-03,1.862705e-03,9.203915e-03,1.930454e-03
2.877718e-02,2.047857e-02,7.185388e-02,8.344790e-02,3.690631e-02,4.770018e-03,6.931976e-04,5.288284e-01,1.086631e-01,1.088070e-02,4.460203e-02,4.296625e-02,8.839468e-03,6.869324e-03,1.423753e-03
2.027005e-02,1.439250e-02,5.792430e-02,1.161610e-01,2.595852e-02,3.729715e-03,4.936463e-04,5.000740e-01,7.624079e-02,8.407951e-03,6.899829e-02,8.583511e-02,1.519142e-02,5.308088e-03,1.014572e-03
1.421921e-02,1.009879e-02,4.086060e-02,1.049202e-01,1.820990e-02,2.865353e-03,3.474784e-04,3.571790e-01,5.360320e-02,6.860312e-03,1.220474e-01,2.377570e-01,2.606725e-02,4.241886e-03,7.224376e-04
9.973220e-03,7.082216e-03,2.863562e-02,7.413984e-02,1.276405e-02,2.274531e-03,2.442379e-04,2.508014e-01,3.866178e-02,4.919906e-03,1.260109e-01,3.681004e-01,7.269231e-02,3.178374e-03,5.212466e-04
7.128313e-03,5.043150e-03,2.035370e-02,5.897669e-02,9.074441e-03,2.854682e-03,1.775291e-04,1.772227e-01,3.281288e-02,3.792395e-03,1.369629e-01,4.272711e-01,1.142784e-01,3.609727e-03,4.415056e-04
5.565142e-03,5.037642e-03,1.557378e-02,6.422569e-02,6.707757e-03,4.058876e-03,1.681428e-04,1.259302e-01,4.020180e-02,5.672596e-03,1.859296e-01,4.284245e-01,1.038761e-01,8.086979e-03,5.412882e-04
4.274763e-03,4.033383e-03,1.203288e-02,6.015768e-02,6.285662e-03,4.056701e-03,1.719989e-04,8.863026e-02,3.834497e-02,6.595893e-03,2.636244e-01,4.139302e-01,8.821900e-02,9.115791e-03,5.264927e-04
3.119366e-03,2.882980e-03,8.748302e-03,4.572964e-02,8.837168e-03,2.984922e-03,1.453753e-04,6.235821e-02,2.954640e-02,1.562322e-02,4.167628e-01,3.275877e-01,6.729743e-02,7.940497e-03,4.359581e-04
2.441149e-03,2.181408e-03,6.766751e-03,3.981332e-02,2.677943e-02,3.200646e-03,2.176081e-04,4.430583e-02,2.350925e-02,3.143085e-02,4.524449e-01,3.045875e-01,5.213515e-02,9.774112e-03,4.121563e-04
2.361167e-03,1.669812e-03,5.426162e-03,3.173677e-02,3.901716e-02,4.846894e-03,2.506726e-04,3.247529e-02,2.007265e-02,4.197638e-02,5.107724e-01,2.564870e-01,4.250860e-02,9.974732e-03,4.243595e-04
2.138967e-03,1.982971e-03,9.728726e-03,2.403667e-02,7.952707e-02,4.636410e-03,6.476988e-04,2.381433e-02,2.046887e-02,3.540029e-02,4.692433e-01,2.770481e-01,3.553530e-02,1.494120e-02,8.501343e-04
2.078425e-03,2.094054e-03,1.008114e-02,1.821689e-02,7.420929e-02,4.817441e-03,1.856939e-03,1.910541e-02,2.338449e-02,4.402716e-02,4.167319e-01,3.328220e-01,3.060596e-02,1.732843e-02,2.640404e-03
1.322362e-02,3.695424e-03,8.709078e-03,1.342238e-02,5.960251e-02,2.382960e-02,2.631122e-03,1.718261e-02,2.150528e-02,4.798040e-02,3.424079e-01,3.926814e-01,2.663598e-02,2.244519e-02,4.047513e-03
6.176709e-02,6.437395e-03,7.596910e-03,1.016243e-02,4.719773e-02,2.689777e-02,3.234999e-03,1.494088e-02,2.202251e-02,7.127471e-02,2.801151e-01,3.977171e-01,2.227514e-02,2.372148e-02,4.638760e-03
1.157373e-01,8.383388e-03,6.373360e-03,8.117259e-03,4.808544e-02,2.526900e-02,4.043395e-03,1.347265e-02,3.275949e-02,1.366994e-01,2.334401e-01,3.196476e-01,1.971086e-02,2.239367e-02,5.867061e-03
9.074359e-02,9.232653e-03,7.692966e-03,8.350818e-03,8.658688e-02,2.317743e-02,8.639470e-03,5.178898e-02,4.013348e-02,1.986596e-01,1.920826e-01,2.393241e-01,1.626027e-02,2.172299e-02,5.604141e-03
7.660710e-02,1.043723e-02,6.840630e-03,6.816755e-03,9.534208e-02,2.390273e-02,1.218989e-02,4.462302e-02,3.799287e-02,2.171915e-01,2.319989e-01,1.931373e-01,1.557942e-02,1.980307e-02,7.537518e-03
6.029774e-02,9.922441e-03,1.462202e-02,1.920852e-02,8.962835e-02,1.931514e-02,1.110504e-02,1.314145e-01,3.222799e-02,2.677155e-01,1.740540e-01,1.374727e-01,1.150604e-02,1.602576e-02,5.484319e-03
4.631710e-02,9.680068e-03,1.195468e-02,1.555262e-02,2.638555e-01,1.636479e-02,1.146208e-02,9.329733e-02,5.883280e-02,2.220349e-01,1.299690e-01,9.693298e-02,8.266148e-03,1.157936e-02,3.900676e-03
3.544898e-02,9.290288e-03,1.287280e-02,1.618732e-02,4.263663e-01,1.592905e-02,9.377199e-03,6.637123e-02,7.238350e-02,1.583390e-01,9.154984e-02,6.849702e-02,6.199358e-03,8.161113e-03,3.027015e-03
3.411510e-02,1.139429e-02,1.340348e-02,1.466508e-02,5.289607e-01,1.364612e-02,8.070110e-03,4.916764e-02,7.477837e-02,1.243898e-01,6.541432e-02,4.873139e-02,4.874777e-03,6.001617e-03,2.387264e-03
4.020689e-02,2.025166e-02,2.089528e-02,3.121309e-02,5.292181e-01,1.187402e-02,8.637534e-03,6.402818e-02,7.496481e-02,1.011868e-01,4.857278e-02,3.698878e-02,4.197577e-03,4.683381e-03,3.081188e-03
5.584661e-02,1.709839e-02,3.341475e-02,4.864457e-02,4.685898e-01,9.904163e-03,1.026673e-02,1.287409e-01,6.152133e-02,9.006854e-02,3.542920e-02,2.920957e-02,3.893425e-03,3.728897e-03,3.643137e-03
6.463853e-02,1.449171e-02,2.945613e-02,5.864047e-02,4.588861e-01,8.368453e-03,9.651192e-03,1.364737e-01,6.536929e-02,9.241751e-02,2.637911e-02,2.509416e-02,3.483874e-03,2.929297e-03,3.720464e-03
8.268732e-02,1.647665e-02,4.321451e-02,6.908949e-02,4.773484e-01,8.086498e-03,8.170602e-03,1.117980e-01,5.550616e-02,7.650629e-02,2.108209e-02,1.988289e-02,3.066500e-03,3.021698e-03,4.062881e-03
9.927690e-02,1.681862e-02,3.545087e-02,8.196812e-02,4.358854e-01,9.339401e-03,9.073320e-03,1.441130e-01,4.481053e-02,7.412118e-02,1.828999e-02,1.858198e-02,3.585928e-03,3.669234e-03,5.015521e-03
9.690703e-02,1.415253e-02,3.033343e-02,6.724419e-02,4.039016e-01,9.255068e-03,7.705037e-03,2.403584e-01,3.588439e-02,5.249137e-02,1.518253e-02,1.590232e-02,3.785673e-03,2.763093e-03,4.133386e-03
7.894044e-02,1.021294e-02,2.263383e-02,5.103721e-02,2.919946e-01,7.402095e-03,6.085231e-03,4.366845e-01,2.573216e-02,3.685150e-02,1.242694e-02,1.181943e-02,3.164505e-03,1.980679e-03,3.033973e-03
6.194984e-02,7.279865e-03,1.613778e-02,3.859026e-02,2.138208e-01,6.254585e-03,4.563070e-03,5.817214e-01,1.812799e-02,2.589738e-02,1.072668e-02,8.634877e-03,2.592850e-03,1.420006e-03,2.282679e-03
5.683558e-02,5.807899e-03,1.235284e-02,3.588401e-02,1.577048e-01,8.374429e-03,3.582328e-03,5.903949e-01,1.366752e-02,1.927778e-02,5.489594e-02,2.034639e-02,1.687232e-02,1.160298e-03,2.842925e-03
4.115730e-02,4.137588e-03,9.431245e-03,3.410499e-02,1.118626e-01,7.597956e-03,3.106792e-03,4.659674e-01,1.023613e-02,1.583988e-02,7.623045e-02,3.712894e-02,1.776330e-01,1.107484e-03,4.458165e-03
3.013964e-02,3.183661e-03,7.618029e-03,3.288319e-02,8.152315e-02,8.642070e-03,1.266597e-02,3.894007e-01,8.397966e-03,1.558268e-02,8.031058e-02,1.204412e-01,1.997363e-01,5.506277e-03,3.968536e-03
2.333025e-02,2.684586e-03,6.245457e-03,2.795279e-02,6.044027e-02,1.422791e-02,1.751720e-02,2.962897e-01,7.755225e-03,1.230230e-02,6.819571e-02,2.915868e-01,1.572692e-01,1.080708e-02,3.395486e-03
1.658039e-02,3.236915e-03,5.333895e-03,1.985165e-02,4.258892e-02,1.077264e-02,1.238654e-02,2.077978e-01,9.811306e-03,1.326885e-02,5.821116e-02,4.634598e-01,1.217539e-01,1.227474e-02,2.671472e-03
1.264063e-02,3.846416e-03,4.202818e-03,1.461247e-02,3.010328e-02,9.302695e-03,8.788855e-03,1.464881e-01,1.751470e-02,1.165110e-02,7.041469e-02,5.406725e-01,9.876425e-02,2.865354e-02,2.343861e-03
9.157630e-03,1.486174e-02,3.124662e-03,1.039750e-02,2.203303e-02,6.723845e-03,6.164677e-03,1.026407e-01,9.238455e-02,9.178477e-03,7.125124e-02,5.375535e-01,8.197600e-02,3.019584e-02,2.356630e-03
6.476661e-03,1.849693e-02,2.392992e-03,7.370092e-03,1.573849e-02,4.862686e-03,4.322345e-03,7.193685e-02,7.847388e-02,7.615708e-03,1.221755e-01,5.593323e-01,6.273594e-02,3.589420e-02,2.175485e-03
4.568337e-03,2.234356e-02,2.835354e-03,5.366992e-03,1.504721e-02,4.126354e-03,3.059400e-03,5.048519e-02,1.404399e-01,6.454935e-03,1.965198e-01,4.435239e-01,4.568188e-02,5.673027e-02,2.816859e-03
3.504005e-03,2.033638e-02,2.502157e-03,4.834101e-03,1.414818e-02,4.720261e-03,2.183602e-03,3.554805e-02,1.715260e-01,9.398500e-03,2.312430e-01,3.864478e-01,3.908468e-02,6.844483e-02,6.078435e-03
2.986909e-03,1.671844e-02,2.125572e-03,4.280314e-03,1.229052e-02,4.457801e-03,1.549995e-03,2.502562e-02,1.655465e-01,1.076275e-02,2.806503e-01,3.463234e-01,3.403338e-02,8.733921e-02,5.909325e-03
2.794335e-03,1.357170e-02,1.826901e-03,3.668631e-03,1.361802e-02,5.086272e-03,1.249164e-03,1.818751e-02,2.041152e-01,1.240908e-02,3.199200e-01,2.867711e-01,3.090277e-02,8.081480e-02,5.064385e-03
3.388722e-03,1.054833e-02,1.708573e-03,6.072459e-03,6.605139e-02,5.202353e-03,1.570277e-03,1.412083e-02,2.900812e-01,1.147403e-02,2.846554e-01,2.119303e-01,2.429227e-02,6.476723e-02,4.136558e-03
3.691986e-03,8.847809e-03,1.737361e-03,9.200919e-03,7.295951e-02,5.079283e-03,1.611794e-03,1.336284e-02,3.668134e-01,1.190519e-02,2.502668e-01,1.744937e-01,2.160917e-02,5.281610e-02,5.604168e-03
2.890379e-03,7.359029e-03,3.611468e-03,7.638077e-03,5.566905e-02,6.133082e-03,1.249994e-03,1.903274e-02,5.063515e-01,9.394371e-03,1.927367e-01,1.254443e-01,1.786318e-02,4.007611e-02,4.550097e-03
4.683267e-03,6.268064e-03,4.659725e-02,8.034168e-03,4.847345e-02,5.083782e-03,1.623231e-03,1.549832e-01,3.926367e-01,8.844553e-03,1.678661e-01,9.782820e-02,2.406275e-02,2.938307e-02,3.632364e-03
4.034879e-03,6.208721e-03,4.515215e-02,1.439755e-02,4.713797e-02,5.405236e-03,1.395422e-03,1.127177e-01,5.241180e-01,7.671323e-03,1.204349e-01,6.872252e-02,1.742848e-02,2.154950e-02,3.625704e-03
1.140724e-02,7.152899e-03,4.378879e-02,2.564056e-02,6.796245e-02,7.695581e-03,1.818834e-03,9.085331e-02,5.663255e-01,7.299677e-03,8.754292e-02,4.841479e-02,1.309498e-02,1.562038e-02,5.382149e-03
