1.000000e+00,0.000000e+00,0.000000e+00,0.000000e+00,0.000000e+00,0.000000e+00,0.000000e+00,0.000000e+00,0.000000e+00,0.000000e+00,0.000000e+00,0.000000e+00,0.000000e+00,0.000000e+00,0.000000e+00
1.000000e+00,0.000000e+00,0.000000e+00,0.000000e+00,0.000000e+00,0.000000e+00,0.000000e+00,0.000000e+00,0.000000e+00,0.000000e+00,0.000000e+00,0.000000e+00,0.000000e+00,0.000000e+00,0.000000e+00
1.000000e+00,0.000000e+00,0.000000e+00,0.000000e+00,0.000000e+00,0.000000e+00,0.000000e+00,0.000000e+00,0.000000e+00,0.000000e+00,0.000000e+00,0.000000e+00,0.000000e+00,0.000000e+00,0.000000e+00
1.000000e+00,0.000000e+00,0.000000e+00,0.000000e+00,0.000000e+00,0.000000e+00,0.000000e+00,0.000000e+00,0.000000e+00,0.000000e+00,0.000000e+00,0.000000e+00,0.000000e+00,0.000000e+00,0.000000e+00
1.000000e+00,0.000000e+00,0.000000e+00,0.000000e+00,0.000000e+00,0.000000e+00,0.000000e+00,0.000000e+00,0.000000e+00,0.000000e+00,0.000000e+00,0.000000e+00,0.000000e+00,0.000000e+00,0.000000e+00
1.000000e+00,0.000000e+00,0.000000e+00,0.000000e+00,0.000000e+00,0.000000e+00,0.000000e+00,0.000000e+00,0.000000e+00,0.000000e+00,0.000000e+00,0.000000e+00,0.000000e+00,0.000000e+00,0.000000e+00
1.000000e+00,0.000000e+00,0.000000e+00,0.000000e+00,0.000000e+00,0.000000e+00,0.000000e+00,0.000000e+00,0.000000e+00,0.000000e+00,0.000000e+00,0.000000e+00,0.000000e+00,0.000000e+00,0.000000e+00
1.000000e+00,0.000000e+00,0.000000e+00,0.000000e+00,0.000000e+00,0.000000e+00,0.000000e+00,0.000000e+00,0.000000e+00,0.000000e+00,0.000000e+00,0.000000e+00,0.000000e+00,0.000000e+00,0.000000e+00
1.000000e+00,0.000000e+00,0.000000e+00,0.000000e+00,0.000000e+00,0.000000e+00,0.000000e+00,0.000000e+00,0.000000e+00,0.000000e+00,0.000000e+00,0.000000e+00,0.000000e+00,0.000000e+00,0.000000e+00
1.000000e+00,0.000000e+00,0.000000e+00,0.000000e+00,0.000000e+00,0.000000e+00,0.000000e+00,0.000000e+00,0.000000e+00,0.000000e+00,0.000000e+00,0.000000e+00,0.000000e+00,0.000000e+00,0.000000e+00
1.000000e+00,0.000000e+00,0.000000e+00,0.000000e+00,0.000000e+00,0.000000e+00,0.000000e+00,0.000000e+00,0.000000e+00,0.000000e+00,0.000000e+00,0.000000e+00,0.000000e+00,0.000000e+00,0.000000e+00
1.000000e+00,0.000000e+00,0.000000e+00,0.000000e+00,0.000000e+00,0.000000e+00,0.000000e+00,0.000000e+00,0.000000e+00,0.000000e+00,0.000000e+00,0.000000e+00,0.000000e+00,0.000000e+00,0.000000e+00
1.000000e+00,0.000000e+00,0.000000e+00,0.000000e+00,0.000000e+00,0.000000e+00,0.000000e+00,0.000000e+00,0.000000e+00,0.000000e+00,0.000000e+00,0.000000e+00,0.000000e+00,0.000000e+00,0.000000e+00
1.000000e+00,0.000000e+00,0.000000e+00,0.000000e+00,0.000000e+00,0.000000e+00,0.000000e+00,0.000000e+00,0.000000e+00,0.000000e+00,0.000000e+00,0.000000e+00,0.000000e+00,0.000000e+00,0.000000e+00
1.000000e+00,0.000000e+00,0.000000e+00,0.000000e+00,0.000000e+00,0.000000e+00,0.000000e+00,0.000000e+00,0.000000e+00,0.000000e+00,0.000000e+00,0.000000e+00,0.000000e+00,0.000000e+00,0.000000e+00
1.000000e+00,0.000000e+00,0.000000e+00,0.000000e+00,0.000000e+00,0.000000e+00,0.000000e+00,0.000000e+00,0.000000e+00,0.000000e+00,0.000000e+00,0.000000e+00,0.000000e+00,0.000000e+00,0.000000e+00
1.000000e+00,0.000000e+00,0.000000e+00,0.000000e+00,0.000000e+00,0.000000e+00,0.000000e+00,0.000000e+00,0.000000e+00,0.000000e+00,0.000000e+00,0.000000e+00,0.000000e+00,0.000000e+00,0.000000e+00
1.000000e+00,0.000000e+00,0.000000e+00,0.000000e+00,0.000000e+00,0.000000e+00,0.000000e+00,0.000000e+00,0.000000e+00,0.000000e+00,0.000000e+00,0.000000e+00,0.000000e+00,0.000000e+00,0.000000e+00
1.000000e+00,0.000000e+00,0.000000e+00,0.000000e+00,0.000000e+00,0.000000e+00,0.000000e+00,0.000000e+00,0.000000e+00,0.000000e+00,0.000000e+00,0.000000e+00,0.000000e+00,0.000000e+00,0.000000e+00
1.000000e+00,0.000000e+00,0.000000e+00,0.000000e+00,0.000000e+00,0.000000e+00,0.000000e+00,0.000000e+00,0.000000e+00,0.000000e+00,0.000000e+00,0.000000e+00,0.000000e+00,0.000000e+00,0.000000e+00
1.000000e+00,0.000000e+00,0.000000e+00,0.000000e+00,0.000000e+00,0.000000e+00,0.000000e+00,0.000000e+00,0.000000e+00,0.000000e+00,0.000000e+00,0.000000e+00,0.000000e+00,0.000000e+00,0.000000e+00
1.000000e+00,0.000000e+00,0.000000e+00,0.000000e+00,0.000000e+00,0.000000e+00,0.000000e+00,0.000000e+00,0.000000e+00,0.000000e+00,0.000000e+00,0.000000e+00,0.000000e+00,0.000000e+00,0.000000e+00
1.000000e+00,0.000000e+00,0.000000e+00,0.000000e+00,0.000000e+00,0.000000e+00,0.000000e+00,0.000000e+00,0.000000e+00,0.000000e+00,0.000000e+00,0.000000e+00,0.000000e+00,0.000000e+00,0.000000e+00
1.000000e+00,0.000000e+00,0.000000e+00,0.000000e+00,0.000000e+00,0.000000e+00,0.000000e+00,0.000000e+00,0.000000e+00,0.000000e+00,0.000000e+00,0.000000e+00,0.000000e+00,0.000000e+00,0.000000e+00
1.000000e+00,0.000000e+00,0.000000e+00,0.000000e+00,0.000000e+00,0.000000e+00,0.000000e+00,0.000000e+00,0.000000e+00,0.000000e+00,0.000000e+00,0.000000e+00,0.000000e+00,0.000000e+00,0.000000e+00
1.000000e+00,0.000000e+00,0.000000e+00,0.000000e+00,0.000000e+00,0.000000e+00,0.000000e+00,0.000000e+00,0.000000e+00,0.000000e+00,0.000000e+00,0.000000e+00,0.000000e+00,0.000000e+00,0.000000e+00
1.000000e+00,0.000000e+00,0.000000e+00,0.000000e+00,0.000000e+00,0.000000e+00,0.000000e+00,0.000000e+00,0.000000e+00,0.000000e+00,0.000000e+00,0.000000e+00,0.000000e+00,0.000000e+00,0.000000e+00
1.000000e+00,0.000000e+00,0.000000e+00,0.000000e+00,0.000000e+00,0.000000e+00,0.000000e+00,0.000000e+00,0.000000e+00,0.000000e+00,0.000000e+00,0.000000e+00,0.000000e+00,0.000000e+00,0.000000e+00
1.000000e+00,0.000000e+00,0.000000e+00,0.000000e+00,0.000000e+00,0.000000e+00,0.000000e+00,0.000000e+00,0.000000e+00,0.000000e+00,0.000000e+00,0.000000e+00,0.000000e+00,0.000000e+00,0.000000e+00
1.000000e+00,0.000000e+00,0.000000e+00,0.000000e+00,0.000000e+00,0.000000e+00,0.000000e+00,0.000000e+00,0.000000e+00,0.000000e+00,0.000000e+00,0.000000e+00,0.000000e+00,0.000000e+00,0.000000e+00
1.000000e+00,0.000000e+00,0.000000e+00,0.000000e+00,0.000000e+00,0.000000e+00,0.000000e+00,0.000000e+00,0.000000e+00,0.000000e+00,0.000000e+00,0.000000e+00,0.000000e+00,0.000000e+00,0.000000e+00
1.000000e+00,0.000000e+00,0.000000e+00,0.000000e+00,0.000000e+00,0.000000e+00,0.000000e+00,0.000000e+00,0.000000e+00,0.000000e+00,0.000000e+00,0.000000e+00,0.000000e+00,0.000000e+00,0.000000e+00
1.000000e+00,0.000000e+00,0.000000e+00,0.000000e+00,0.000000e+00,0.000000e+00,0.000000e+00,0.000000e+00,0.000000e+00,0.000000e+00,0.000000e+00,0.000000e+00,0.000000e+00,0.000000e+00,0.000000e+00
1.000000e+00,0.000000e+00,0.000000e+00,0.000000e+00,0.000000e+00,0.000000e+00,0.000000e+00,0.000000e+00,0.000000e+00,0.000000e+00,0.000000e+00,0.000000e+00,0.000000e+00,0.000000e+00,0.000000e+00
1.000000e+00,0.000000e+00,0.000000e+00,0.000000e+00,0.000000e+00,0.000000e+00,0.000000e+00,0.000000e+00,0.000000e+00,0.000000e+00,0.000000e+00,0.000000e+00,0.000000e+00,0.000000e+00,0.000000e+00
1.000000e+00,0.000000e+00,0.000000e+00,0.000000e+00,0.000000e+00,0.000000e+00,0.000000e+00,0.000000e+00,0.000000e+00,0.000000e+00,0.000000e+00,0.000000e+00,0.000000e+00,0.000000e+00,0.000000e+00
1.000000e+00,0.000000e+00,0.000000e+00,0.000000e+00,0.000000e+00,0.000000e+00,0.000000e+00,0.000000e+00,0.000000e+00,0.000000e+00,0.000000e+00,0.000000e+00,0.000000e+00,0.000000e+00,0.000000e+00
1.000000e+00,0.000000e+00,0.000000e+00,0.000000e+00,0.000000e+00,0.000000e+00,0.000000e+00,0.000000e+00,0.000000e+00,0.000000e+00,0.000000e+00,0.000000e+00,0.000000e+00,0.000000e+00,0.000000e+00
1.000000e+00,0.000000e+00,0.000000e+00,0.000000e+00,0.000000e+00,0.000000e+00,0.000000e+00,0.000000e+00,0.000000e+00,0.000000e+00,0.000000e+00,0.000000e+00,0.000000e+00,0.000000e+00,0.000000e+00
1.000000e+00,0.000000e+00,0.000000e+00,0.000000e+00,0.000000e+00,0.000000e+00,0.000000e+00,0.000000e+00,0.000000e+00,0.000000e+00,0.000000e+00,0.000000e+00,0.000000e+00,0.000000e+00,0.000000e+00
1.000000e+00,0.000000e+00,0.000000e+00,0.000000e+00,0.000000e+00,0.000000e+00,0.000000e+00,0.000000e+00,0.000000e+00,0.000000e+00,0.000000e+00,0.000000e+00,0.000000e+00,0.000000e+00,0.000000e+00
1.000000e+00,0.000000e+00,0.000000e+00,0.000000e+00,0.000000e+00,0.000000e+00,0.000000e+00,0.000000e+00,0.000000e+00,0.000000e+00,0.000000e+00,0.000000e+00,0.000000e+00,0.000000e+00,0.000000e+00
1.000000e+00,0.000000e+00,0.000000e+00,0.000000e+00,0.000000e+00,0.000000e+00,0.000000e+00,0.000000e+00,0.000000e+00,0.000000e+00,0.000000e+00,0.000000e+00,0.000000e+00,0.000000e+00,0.000000e+00
1.000000e+00,0.000000e+00,0.000000e+00,0.000000e+00,0.000000e+00,0.000000e+00,0.000000e+00,0.000000e+00,0.000000e+00,0.000000e+00,0.000000e+00,0.000000e+00,0.000000e+00,0.000000e+00,0.000000e+00
1.000000e+00,0.000000e+00,0.000000e+00,0.000000e+00,0.000000e+00,0.000000e+00,0.000000e+00,0.000000e+00,0.000000e+00,0.000000e+00,0.000000e+00,0.000000e+00,0.000000e+00,0.000000e+00,0.000000e+00
1.000000e+00,0.000000e+00,0.000000e+00,0.000000e+00,0.000000e+00,0.000000e+00,0.000000e+00,0.000000e+00,0.000000e+00,0.000000e+00,0.000000e+00,0.000000e+00,0.000000e+00,0.000000e+00,0.000000e+00
1.000000e+00,0.000000e+00,0.000000e+00,0.000000e+00,0.000000e+00,0.000000e+00,0.000000e+00,0.000000e+00,0.000000e+00,0.000000e+00,0.000000e+00,0.000000e+00,0.000000e+00,0.000000e+00,0.000000e+00
1.000000e+00,0.000000e+00,0.000000e+00,0.000000e+00,0.000000e+00,0.000000e+00,0.000000e+00,0.000000e+00,0.000000e+00,0.000000e+00,0.000000e+00,0.000000e+00,0.000000e+00,0.000000e+00,0.000000e+00
1.000000e+00,0.000000e+00,0.000000e+00,0.000000e+00,0.000000e+00,0.000000e+00,0.000000e+00,0.000000e+00,0.000000e+00,0.000000e+00,0.000000e+00,0.000000e+00,0.000000e+00,0.000000e+00,0.000000e+00
1.000000e+00,0.000000e+00,0.000000e+00,0.000000e+00,0.000000e+00,0.000000e+00,0.000000e+00,0.000000e+00,0.000000e+00,0.000000e+00,0.000000e+00,0.000000e+00,0.000000e+00,0.000000e+00,0.000000e+00
1.000000e+00,0.000000e+00,0.000000e+00,0.000000e+00,0.000000e+00,0.000000e+00,0.000000e+00,0.000000e+00,0.000000e+00,0.000000e+00,0.000000e+00,0.000000e+00,0.000000e+00,0.000000e+00,0.000000e+00
1.000000e+00,0.000000e+00,0.000000e+00,0.000000e+00,0.000000e+00,0.000000e+00,0.000000e+00,0.000000e+00,0.000000e+00,0.000000e+00,0.000000e+00,0.000000e+00,0.000000e+00,0.000000e+00,0.000000e+00
1.000000e+00,0.000000e+00,0.000000e+00,0.000000e+00,0.000000e+00,0.000000e+00,0.000000e+00,0.000000e+00,0.000000e+00,0.000000e+00,0.000000e+00,0.000000e+00,0.000000e+00,0.000000e+00,0.000000e+00
1.000000e+00,0.000000e+00,0.000000e+00,0.000000e+00,0.000000e+00,0.000000e+00,0.000000e+00,0.000000e+00,0.000000e+00,0.000000e+00,0.000000e+00,0.000000e+00,0.000000e+00,0.000000e+00,0.000000e+00
1.000000e+00,0.000000e+00,0.000000e+00,0.000000e+00,0.000000e+00,0.000000e+00,0.000000e+00,0.000000e+00,0.000000e+00,0.000000e+00,0.000000e+00,0.000000e+00,0.000000e+00,0.000000e+00,0.000000e+00
1.000000e+00,0.000000e+00,0.000000e+00,0.000000e+00,0.000000e+00,0.000000e+00,0.000000e+00,0.000000e+00,0.000000e+00,0.000000e+00,0.000000e+00,0.000000e+00,0.000000e+00,0.000000e+00,0.000000e+00
1.000000e+00,0.000000e+00,0.000000e+00,0.000000e+00,0.000000e+00,0.000000e+00,0.000000e+00,0.000000e+00,0.000000e+00,0.000000e+00,0.000000e+00,0.000000e+00,0.000000e+00,0.000000e+00,0.000000e+00
4.294607e-01,5.490062e-03,1.104923e-02,2.500333e-02,4.355271e-03,1.165163e-02,3.714173e-03,4.687251e-01,3.072901e-03,1.162273e-03,5.568976e-03,1.219048e-02,9.104601e-03,1.665636e-03,7.785738e-03
3.013306e-01,3.868030e-03,8.074137e-03,1.800076e-02,3.305167e-03,8.362299e-03,2.692159e-03,6.257764e-01,2.161567e-03,8.192167e-04,3.950473e-03,8.572012e-03,6.427540e-03,1.184551e-03,5.475183e-03
2.122284e-01,2.784945e-03,5.932741e-03,1.283485e-02,3.193593e-03,6.006486e-03,1.958987e-03,7.300271e-01,1.543828e-03,6.171259e-04,4.936080e-03,6.280943e-03,5.769594e-03,2.011143e-03,3.874253e-03
1.488071e-01,1.985257e-03,4.177826e-03,9.274351e-03,2.353660e-03,4.331182e-03,1.407026e-03,6.654267e-01,1.148074e-03,1.546656e-03,5.482895e-02,3.611404e-02,3.898790e-02,2.665554e-02,2.955767e-03
1.042406e-01,1.393656e-03,2.933316e-03,7.251227e-03,1.777749e-03,3.106544e-03,1.010660e-03,5.025980e-01,9.013693e-04,5.781296e-03,8.210355e-02,1.081868e-01,1.377342e-01,3.827605e-02,2.704979e-03
7.299043e-02,9.933898e-04,2.055506e-03,5.708539e-03,1.415442e-03,2.188852e-03,7.361995e-04,3.551379e-01,8.659077e-04,6.014311e-03,8.767200e-02,3.030229e-01,1.111005e-01,4.812285e-02,1.975378e-03
5.110017e-02,7.030773e-04,1.447558e-03,4.601950e-03,1.122023e-03,1.540541e-03,5.417427e-04,2.492638e-01,7.134825e-04,1.075187e-02,8.580771e-02,4.297773e-01,1.005279e-01,6.064217e-02,1.458657e-03
3.577580e-02,4.966018e-04,1.031344e-03,3.380655e-03,1.888200e-03,1.084653e-03,4.079465e-04,1.746848e-01,7.629288e-04,2.357123e-02,7.377873e-02,5.372885e-01,8.036759e-02,6.394725e-02,1.533863e-03
2.506778e-02,3.885580e-04,8.279431e-04,2.586068e-03,2.728455e-03,8.097538e-04,2.962548e-04,1.224391e-01,1.265679e-03,4.772513e-02,5.811412e-02,6.053867e-01,6.681288e-02,6.405310e-02,1.498512e-03
1.767416e-02,4.301710e-04,8.723481e-04,2.009995e-03,4.383550e-03,6.865653e-04,2.333304e-04,8.627042e-02,2.044586e-03,4.636297e-02,4.615311e-02,6.794404e-01,5.550558e-02,5.668507e-02,1.247837e-03
1.266865e-02,4.416359e-04,8.320544e-04,4.281433e-03,6.391577e-03,2.011426e-03,2.165464e-04,6.066073e-02,3.034981e-03,6.079959e-02,7.656816e-02,6.856049e-01,4.222435e-02,4.323013e-02,1.033899e-03
9.078718e-03,5.078756e-04,9.861245e-04,4.285991e-03,1.475320e-02,2.066929e-03,3.950932e-04,4.283757e-02,3.609851e-03,7.914984e-02,1.279704e-01,6.485215e-01,3.257855e-02,3.236641e-02,8.919329e-04
6.452169e-03,1.195650e-03,1.193933e-03,3.391549e-03,4.213931e-02,3.669895e-03,1.080839e-03,3.098810e-02,1.019643e-02,6.106581e-02,2.030103e-01,5.866600e-01,2.469632e-02,2.340917e-02,8.504883e-04
4.619806e-03,1.694880e-03,1.509906e-03,2.625367e-03,4.172284e-02,6.961909e-03,2.332201e-03,2.208546e-02,9.765816e-03,4.331425e-02,3.908803e-01,4.358174e-01,1.862871e-02,1.695970e-02,1.081479e-03
3.529160e-03,3.229742e-03,5.192453e-03,4.200793e-03,1.348888e-01,8.476951e-03,9.019817e-03,1.732700e-02,1.272556e-02,3.113110e-02,4.204648e-01,3.211183e-01,1.471540e-02,1.214617e-02,1.833962e-03
2.841868e-03,6.782152e-03,6.763522e-03,7.125525e-03,1.267620e-01,2.155914e-02,7.157867e-03,1.516416e-02,1.429297e-02,2.235509e-02,5.123198e-01,2.311773e-01,1.501830e-02,9.134509e-03,1.545733e-03
2.124525e-03,9.313663e-03,1.703369e-02,4.055354e-02,1.881172e-01,1.676800e-02,5.730915e-03,4.822765e-02,2.407531e-02,1.668109e-02,4.438114e-01,1.639815e-01,1.485800e-02,6.999530e-03,1.724003e-03
1.870777e-03,8.068794e-03,1.352089e-02,3.538287e-02,1.417816e-01,6.532285e-02,4.120195e-03,3.994535e-02,2.654520e-02,1.636883e-02,4.321757e-01,1.492451e-01,5.737536e-02,6.180654e-03,2.095889e-03
1.840888e-03,7.373179e-03,1.139218e-02,3.261280e-02,1.044521e-01,7.760299e-02,2.995945e-03,3.831872e-02,3.025089e-02,1.846702e-02,4.253040e-01,1.489739e-01,9.101751e-02,6.963344e-03,2.434541e-03
1.496764e-03,6.352052e-03,9.346064e-03,2.477098e-02,7.566343e-02,5.822021e-02,2.209023e-03,3.300718e-02,3.450478e-02,2.002133e-02,4.602365e-01,1.437902e-01,1.217197e-01,6.158728e-03,2.503115e-03
1.266881e-03,4.940853e-03,7.693214e-03,1.815489e-02,5.463720e-02,4.681927e-02,2.434136e-03,7.644848e-02,5.077676e-02,2.500200e-02,4.470253e-01,1.205023e-01,1.350933e-01,6.738313e-03,2.467182e-03
1.081954e-03,9.359723e-03,1.021682e-02,2.209804e-02,4.340018e-02,9.962426e-02,1.904641e-03,5.937342e-02,1.828288e-01,1.945184e-02,3.416604e-01,8.952766e-02,1.104060e-01,6.234507e-03,2.831791e-03
1.275950e-03,1.255512e-02,9.113383e-03,1.702779e-02,3.204674e-02,1.479754e-01,1.593534e-03,4.620925e-02,1.824723e-01,1.584962e-02,2.998692e-01,1.096940e-01,1.127986e-01,7.057146e-03,4.461951e-03
2.749120e-03,1.493527e-02,8.275259e-03,1.328443e-02,2.663850e-02,1.670037e-01,2.869903e-03,4.682495e-02,2.705487e-01,1.290573e-02,2.327915e-01,9.398522e-02,9.660009e-02,6.101477e-03,4.486138e-03
5.242526e-03,1.388358e-02,9.155022e-03,1.278553e-02,3.366154e-02,1.525534e-01,6.987082e-03,4.356164e-02,3.974085e-01,9.434924e-03,1.664900e-01,6.904634e-02,7.152633e-02,4.443668e-03,3.820039e-03
1.777196e-02,2.338075e-02,9.585229e-03,1.262535e-02,4.449974e-02,1.417714e-01,1.398955e-02,4.502655e-02,4.516258e-01,7.287378e-03,1.171626e-01,4.968001e-02,5.704112e-02,3.291862e-03,5.260748e-03
4.378167e-02,2.911648e-02,1.260709e-02,2.100683e-02,4.483519e-02,1.178307e-01,1.449381e-02,5.693837e-02,4.603925e-01,8.557759e-03,8.444284e-02,3.583711e-02,4.676216e-02,2.689292e-03,2.070818e-02
8.926215e-02,2.485313e-02,1.229811e-02,1.794076e-02,6.720756e-02,8.658490e-02,2.088163e-02,7.228614e-02,4.486351e-01,6.582570e-03,6.174002e-02,2.725297e-02,4.354673e-02,2.399070e-03,1.852915e-02
9.636717e-02,2.026900e-02,1.304372e-02,1.466552e-02,1.013189e-01,6.384984e-02,1.756847e-02,6.351221e-02,4.639168e-01,4.752546e-03,4.773790e-02,2.281812e-02,5.187307e-02,2.356388e-03,1.595041e-02
8.991790e-02,1.745374e-02,1.380676e-02,1.302957e-02,1.340113e-01,4.817240e-02,1.559465e-02,8.581424e-02,4.659969e-01,3.442525e-03,3.516355e-02,1.798159e-02,4.430463e-02,2.294473e-03,1.301582e-02
9.505437e-02,2.260505e-02,4.142217e-02,6.877550e-02,1.374053e-01,3.899995e-02,1.298996e-02,6.961751e-02,3.958375e-01,4.147780e-03,3.055817e-02,1.835671e-02,4.624136e-02,2.272695e-03,1.571600e-02
1.337089e-01,1.971200e-02,3.509281e-02,5.651416e-02,1.213867e-01,3.030278e-02,1.070624e-02,5.357983e-02,3.526865e-01,3.094914e-03,2.815420e-02,2.309315e-02,1.131259e-01,3.111674e-03,1.573018e-02
1.383039e-01,1.817729e-02,2.727523e-02,4.535805e-02,1.183474e-01,3.580943e-02,8.148751e-03,4.298306e-02,3.136593e-01,2.333428e-03,2.690588e-02,4.842667e-02,1.568899e-01,2.932096e-03,1.444965e-02
1.081378e-01,2.531851e-02,5.670779e-02,5.364048e-02,9.030025e-02,3.802345e-02,6.172443e-03,3.222632e-02,2.324756e-01,2.520330e-03,3.710487e-02,1.378336e-01,1.626996e-01,3.069900e-03,1.376903e-02
8.226057e-02,1.996250e-02,4.193891e-02,4.306746e-02,6.542725e-02,4.667234e-02,4.482132e-03,2.320931e-02,1.841331e-01,2.439551e-03,3.912822e-02,2.595259e-01,1.706595e-01,2.865769e-03,1.422751e-02
6.260693e-02,1.720949e-02,3.562231e-02,4.139213e-02,4.744911e-02,5.565679e-02,3.270815e-03,1.665400e-02,1.622445e-01,2.272792e-03,3.705307e-02,3.299299e-01,1.734297e-01,2.345833e-03,1.286267e-02
5.006317e-02,1.507457e-02,2.627831e-02,3.394910e-02,3.519415e-02,4.688814e-02,2.583037e-03,1.247636e-02,2.348462e-01,2.082315e-03,3.287112e-02,3.262243e-01,1.674520e-01,1.936952e-03,1.208024e-02
4.044580e-02,1.334659e-02,1.912334e-02,2.711006e-02,2.886060e-02,3.511324e-02,2.608679e-03,1.405739e-02,3.751845e-01,1.809366e-03,2.639291e-02,2.508124e-01,1.542621e-01,1.403998e-03,9.469045e-03
4.865179e-02,1.310066e-02,1.650864e-02,2.355560e-02,3.523431e-02,2.820614e-02,4.880685e-03,5.045210e-02,4.294113e-01,1.827575e-03,2.340131e-02,1.871881e-01,1.288216e-01,1.190876e-03,7.569305e-03
4.943955e-02,1.103542e-02,1.404242e-02,2.193104e-02,7.709064e-02,2.425951e-02,1.313248e-02,3.751725e-02,4.987328e-01,1.638447e-03,1.799780e-02,1.324337e-01,9.388542e-02,9.061611e-04,5.957357e-03
8.296871e-02,1.383784e-02,1.459877e-02,2.179933e-02,1.755939e-01,3.431822e-02,1.662796e-02,2.740699e-02,4.246334e-01,1.311157e-03,1.646131e-02,9.430237e-02,7.023770e-02,8.585413e-04,5.043778e-03
7.762514e-02,6.479553e-02,2.298974e-02,7.045121e-02,2.224587e-01,3.452644e-02,1.438694e-02,2.043360e-02,3.206792e-01,2.976806e-03,1.438726e-02,6.806280e-02,5.648881e-02,8.893156e-04,8.848451e-03
9.237032e-02,5.910274e-02,1.965265e-02,5.723840e-02,1.772919e-01,2.776276e-02,1.238254e-02,1.558181e-02,3.065999e-01,2.014656e-02,1.298845e-02,4.955418e-02,4.682387e-02,1.191096e-03,1.013128e-01
9.773012e-02,4.371264e-02,4.291529e-02,8.134510e-02,1.526020e-01,2.120518e-02,1.219081e-02,4.639554e-02,2.894976e-01,2.238366e-02,1.916474e-02,4.078861e-02,5.325026e-02,1.036508e-03,7.578187e-02
9.631872e-02,3.203202e-02,3.592022e-02,6.432670e-02,1.384500e-01,1.694298e-02,1.060195e-02,1.663955e-01,2.746575e-01,1.608331e-02,2.207639e-02,2.974307e-02,4.187003e-02,7.798002e-04,5.380173e-02
1.086132e-01,2.295612e-02,2.759921e-02,4.712435e-02,1.083734e-01,1.751215e-02,1.197405e-02,3.329047e-01,1.993307e-01,1.205246e-02,1.912380e-02,2.160604e-02,3.168005e-02,6.130160e-04,3.853668e-02
8.592228e-02,1.618681e-02,2.018565e-02,3.355427e-02,8.071302e-02,1.651790e-02,1.254440e-02,5.046633e-01,1.404861e-01,8.776294e-03,1.422266e-02,1.530178e-02,2.313127e-02,4.667684e-04,2.732744e-02
6.121688e-02,1.139673e-02,1.501103e-02,2.401473e-02,5.775288e-02,2.797506e-02,8.974635e-03,6.286186e-01,9.843381e-02,6.192182e-03,1.063427e-02,1.148220e-02,1.855017e-02,3.975318e-04,1.934929e-02
4.345274e-02,8.037088e-03,1.180243e-02,1.896055e-02,4.091352e-02,7.062591e-02,6.487732e-03,5.042402e-01,6.922406e-02,4.425794e-03,1.516750e-02,1.765506e-02,1.710898e-01,3.112193e-04,1.760647e-02
3.058793e-02,5.656144e-03,8.905808e-03,1.430432e-02,2.876751e-02,6.859931e-02,4.631590e-03,4.275406e-01,4.894222e-02,3.924065e-03,1.475764e-02,3.430571e-02,2.959266e-01,3.980079e-04,1.275253e-02
2.156625e-02,3.982983e-03,6.686670e-03,1.122777e-02,2.021821e-02,5.240348e-02,3.304016e-03,3.033512e-01,3.503968e-02,3.247541e-03,1.516715e-02,4.647421e-02,4.674659e-01,4.687477e-04,9.396134e-03
1.515102e-02,2.795750e-03,4.769445e-03,8.173661e-03,1.423092e-02,3.783442e-02,2.347550e-03,2.153571e-01,2.499826e-02,2.315421e-03,1.486937e-02,5.157321e-02,5.984627e-01,3.508679e-04,6.770302e-03
1.074837e-02,1.993894e-03,3.881557e-03,6.035253e-03,1.063292e-02,2.881452e-02,1.751717e-03,1.524747e-01,2.009461e-02,1.669643e-03,1.751853e-02,8.341287e-02,6.558359e-01,3.224688e-04,4.813112e-03
7.587428e-03,1.428087e-03,2.852987e-03,4.446678e-03,7.717335e-03,2.320705e-02,1.256540e-03,1.070033e-01,1.547373e-02,1.434776e-03,1.958606e-02,2.176274e-01,5.866789e-01,3.148919e-04,3.384905e-03
5.358376e-03,1.015334e-03,2.046096e-03,3.309627e-03,5.653383e-03,1.832889e-02,8.959515e-04,7.542132e-02,1.476752e-02,1.478324e-03,2.542860e-02,3.013045e-01,5.423535e-01,2.597284e-04,2.378807e-03
3.849920e-03,1.768019e-03,1.231169e-02,2.469113e-03,2.743970e-02,1.313480e-02,2.288478e-03,5.685142e-02,7.187329e-02,2.434958e-03,2.950625e-02,3.088872e-01,4.652204e-01,2.398411e-04,1.724945e-03
2.820308e-03,2.493667e-03,1.708254e-02,2.139453e-03,2.849868e-02,1.030932e-02,2.964079e-03,6.994005e-02,9.801687e-02,5.010865e-03,2.777907e-02,3.259392e-01,4.053650e-01,3.400386e-04,1.300853e-03
2.344283e-03,2.636661e-03,1.829794e-02,4.306436e-03,5.885457e-02,1.477798e-02,3.239990e-03,7.912565e-02,1.241171e-01,2.178895e-02,2.941656e-02,2.828486e-01,3.566542e-01,5.548709e-04,1.036215e-03
2.344246e-03,2.430853e-03,1.672859e-02,5.226497e-03,4.803683e-02,1.379289e-02,3.154408e-03,6.187572e-02,1.125404e-01,1.828328e-02,5.250078e-02,2.587144e-01,4.016965e-01,1.280981e-03,1.393572e-03
2.505060e-03,2.109175e-03,1.868691e-02,6.840866e-03,3.958885e-02,1.109354e-02,2.525799e-03,5.290381e-02,8.815712e-02,1.870664e-02,7.070214e-02,2.199612e-01,4.595858e-01,3.210191e-03,3.422890e-03
3.248388e-03,1.693676e-03,1.667913e-02,5.785659e-03,5.464569e-02,8.367192e-03,3.312719e-03,4.259003e-02,6.953966e-02,2.409277e-02,8.659570e-02,1.912055e-01,4.804214e-01,5.370192e-03,6.452340e-03
3.801137e-03,1.278306e-03,1.345072e-02,4.800647e-03,5.248726e-02,6.281987e-03,3.373237e-03,3.603443e-02,5.057289e-02,2.037475e-02,6.863184e-02,1.706699e-01,5.586029e-01,4.221821e-03,5.418107e-03
3.312759e-03,1.034099e-03,1.115220e-02,4.223470e-03,4.015359e-02,5.124661e-03,2.850176e-03,2.667777e-02,3.648322e-02,1.458411e-02,5.148624e-02,1.442904e-01,6.515583e-01,3.118915e-03,3.950141e-03
4.684614e-03,9.160668e-04,8.299871e-03,3.483418e-03,3.545113e-02,4.793519e-03,2.469569e-03,4.004231e-02,3.623562e-02,1.044467e-02,4.466556e-02,1.195525e-01,6.834927e-01,2.389881e-03,3.078551e-03
5.018731e-03,7.234258e-04,6.147807e-03,3.041136e-03,3.259291e-02,4.559230e-03,2.455292e-03,8.276807e-02,3.150573e-02,7.567340e-03,3.837705e-02,9.715530e-02,6.835505e-01,1.772857e-03,2.764555e-03
8.031215e-03,9.444746e-04,5.634571e-03,7.290208e-03,4.104253e-02,5.565049e-03,2.225259e-03,1.321826e-01,3.836262e-02,5.638286e-03,3.289753e-02,1.034116e-01,6.127768e-01,1.551241e-03,2.445913e-03
1.451951e-02,1.154869e-03,5.058143e-03,7.839086e-03,4.818531e-02,7.710768e-03,2.964357e-03,1.207210e-01,4.365487e-02,4.624518e-03,2.964270e-02,1.484992e-01,5.614394e-01,1.622916e-03,2.363289e-03
3.325652e-02,4.281836e-03,1.368409e-02,1.272891e-02,4.900034e-02,1.773955e-02,7.240207e-03,1.655296e-01,6.348220e-02,6.344201e-03,2.964254e-02,1.617145e-01,4.292056e-01,2.466092e-03,3.683752e-03
3.259461e-02,4.270397e-03,1.421467e-02,1.120645e-02,4.348950e-02,1.515925e-02,6.421937e-03,3.376961e-01,5.223403e-02,4.966369e-03,3.047973e-02,1.172003e-01,3.248162e-01,2.211321e-03,3.039132e-03
5.047844e-02,8.779583e-03,3.388294e-02,1.934497e-02,5.801345e-02,2.735137e-02,9.306883e-03,3.632260e-01,6.011970e-02,4.152417e-03,2.400658e-02,9.750379e-02,2.380738e-01,1.997323e-03,3.762769e-03
7.669638e-02,8.475699e-03,3.466992e-02,4.973695e-02,5.850233e-02,3.504546e-02,9.949256e-03,3.436272e-01,9.583014e-02,3.587900e-03,2.007225e-02,8.160454e-02,1.767998e-01,1.660963e-03,3.741182e-03
6.368826e-02,7.359624e-03,2.777354e-02,4.341490e-02,6.572035e-02,2.636847e-02,1.016626e-02,3.941779e-01,1.327390e-01,2.939204e-03,1.903301e-02,6.664255e-02,1.353119e-01,1.533289e-03,3.131758e-03
5.047034e-02,2.355607e-02,3.651743e-02,1.735192e-01,5.427837e-02,1.984807e-02,7.543063e-03,2.786536e-01,1.813184e-01,4.488671e-03,1.763797e-02,4.860439e-02,9.809020e-02,1.121360e-03,4.352958e-03
3.895040e-02,1.937290e-02,2.830202e-02,1.454685e-01,4.404565e-02,1.550573e-02,7.236598e-03,2.145390e-01,3.260224e-01,3.492918e-03,2.061192e-02,4.330533e-02,8.712763e-02,8.513005e-04,5.167631e-03
2.859803e-02,1.766065e-02,2.486228e-02,1.862067e-01,3.259129e-02,1.140310e-02,5.222044e-03,1.529134e-01,4.058075e-01,2.997961e-03,2.196771e-02,3.322417e-02,7.008351e-02,6.737320e-04,5.787891e-03
2.501922e-02,1.936741e-02,2.033409e-02,1.683930e-01,2.380738e-02,9.383925e-03,3.894220e-03,1.088666e-01,3.939588e-01,2.685802e-03,5.474372e-02,3.198852e-02,1.083699e-01,7.285921e-04,2.845892e-02
2.635590e-02,1.859354e-02,1.565878e-02,1.266977e-01,1.765447e-02,8.694028e-03,2.883779e-03,7.786737e-02,3.757079e-01,2.260792e-03,8.633225e-02,3.018900e-02,1.669330e-01,8.728909e-04,4.329856e-02
2.692874e-02,7.163260e-02,1.563020e-02,1.229311e-01,1.251559e-02,6.744444e-03,2.030322e-03,5.458867e-02,4.290265e-01,1.965306e-03,6.520095e-02,2.595905e-02,1.309727e-01,1.134221e-03,3.273961e-02
2.584127e-02,5.358145e-02,1.258701e-02,8.849254e-02,1.140033e-02,5.633034e-03,1.626909e-03,3.868808e-02,4.977050e-01,1.555186e-03,5.694920e-02,2.316062e-02,1.443729e-01,1.179033e-03,3.722753e-02
2.218335e-02,5.142160e-02,1.373315e-02,7.168198e-02,9.407493e-03,4.437776e-03,1.198723e-03,2.722412e-02,5.821717e-01,1.503190e-03,4.317647e-02,1.992836e-02,1.227244e-01,1.240838e-03,2.796676e-02
2.730516e-02,3.982267e-02,1.204489e-02,5.291568e-02,7.717007e-03,5.727035e-03,9.649409e-04,2.026532e-02,4.961631e-01,1.677555e-03,4.471805e-02,2.296825e-02,1.943296e-01,3.459982e-03,6.992072e-02
3.502094e-02,3.240749e-02,1.940759e-02,3.898131e-02,8.708250e-03,6.995978e-03,1.108607e-03,1.828829e-02,4.389002e-01,1.979844e-03,6.040065e-02,2.394121e-02,2.114540e-01,5.146920e-03,9.725864e-02
4.006025e-02,2.690388e-02,3.163554e-02,2.826558e-02,1.037049e-02,5.983678e-03,1.336257e-03,1.888567e-02,3.600586e-01,2.090496e-03,4.588430e-02,1.846379e-02,1.561424e-01,7.085294e-03,2.468337e-01
3.723604e-02,2.063496e-02,2.562094e-02,2.046814e-02,1.693207e-02,5.137198e-03,3.800057e-03,2.916602e-02,2.787572e-01,2.445112e-03,3.691990e-02,1.489466e-02,1.329823e-01,1.239312e-02,3.626122e-01
2.999827e-02,1.579114e-02,1.990087e-02,1.463943e-02,1.337325e-02,4.244474e-03,3.514819e-03,2.313648e-02,1.998286e-01,2.820415e-03,2.723990e-02,1.095914e-02,1.049455e-01,1.606292e-02,5.135447e-01
2.523971e-02,1.170080e-02,5.474638e-02,1.266394e-02,1.321085e-02,3.370875e-03,3.707197e-03,4.023962e-02,1.471972e-01,2.399247e-03,2.024663e-02,8.087701e-03,7.990249e-02,1.381054e-02,5.634767e-01
2.395991e-02,9.890236e-03,7.565182e-02,1.185424e-02,1.754230e-02,3.370461e-03,3.383907e-03,3.898292e-02,1.233152e-01,2.102652e-03,1.458635e-02,5.794397e-03,6.154366e-02,1.066244e-02,5.973595e-01
2.154725e-02,1.020366e-02,1.424784e-01,3.730153e-02,1.833233e-02,3.006000e-03,2.815389e-03,6.316341e-02,1.056295e-01,3.062164e-03,1.079693e-02,4.195857e-03,4.672480e-02,7.973262e-03,5.227695e-01
2.849765e-02,2.373158e-02,1.584667e-01,3.986895e-02,1.985508e-02,5.046640e-03,2.831102e-03,8.123319e-02,1.365080e-01,4.628272e-03,8.826866e-03,3.269515e-03,3.977965e-02,6.172913e-03,4.412839e-01
3.717479e-02,4.455015e-02,1.306170e-01,3.572946e-02,2.771775e-02,6.517499e-03,3.480370e-03,7.125392e-02,1.965471e-01,5.561415e-03,6.957014e-03,2.599006e-03,3.095965e-02,4.927706e-03,3.954072e-01
3.632067e-02,4.179217e-02,2.370412e-01,5.864500e-02,3.385967e-02,6.592488e-03,3.385613e-03,8.123504e-02,1.674449e-01,5.734650e-03,5.813649e-03,2.352965e-03,2.576614e-02,3.848539e-03,2.901674e-01
3.564431e-02,3.840866e-02,2.385162e-01,5.642388e-02,3.665626e-02,7.199121e-03,3.676778e-03,1.086979e-01,1.995410e-01,5.043931e-03,4.837477e-03,2.090219e-03,2.122097e-02,2.858401e-03,2.391849e-01
2.885524e-02,3.751343e-02,3.904577e-01,6.712721e-02,2.822310e-02,5.857175e-03,2.703565e-03,8.146749e-02,1.570112e-01,4.102831e-03,3.626577e-03,1.619856e-03,1.529658e-02,2.048174e-03,1.740899e-01
3.330155e-02,4.370953e-02,3.229606e-01,5.098158e-02,2.424263e-02,7.328590e-03,2.125705e-03,8.536066e-02,1.754279e-01,3.646232e-03,3.408552e-03,1.308499e-03,1.257866e-02,2.313714e-03,2.313056e-01
3.104607e-02,4.419010e-02,2.336784e-01,3.755243e-02,2.264886e-02,1.143396e-02,1.625787e-03,7.756221e-02,2.304636e-01,3.173582e-03,2.906183e-03,1.032899e-03,1.348706e-02,2.370693e-03,2.868282e-01
4.159721e-02,7.505322e-02,1.812388e-01,3.406001e-02,3.115427e-02,2.416534e-02,1.656374e-03,9.061588e-02,2.587774e-01,3.137598e-03,2.636738e-03,1.166059e-03,1.502536e-02,2.608350e-03,2.371074e-01
5.930154e-02,7.542400e-02,1.703864e-01,1.131665e-01,2.595372e-02,2.545408e-02,1.263646e-03,7.206963e-02,2.491505e-01,7.528195e-03,6.337263e-03,2.311960e-03,1.250269e-02,2.171322e-03,1.769786e-01
4.414767e-02,6.616577e-02,2.478995e-01,1.435193e-01,2.187328e-02,1.857374e-02,9.376510e-04,5.123520e-02,1.845799e-01,9.098510e-03,6.641702e-02,2.274881e-03,9.009124e-03,3.005185e-03,1.312633e-01
3.331371e-02,4.739744e-02,1.810127e-01,1.172857e-01,1.704436e-02,1.384212e-02,7.203727e-04,3.619777e-02,1.321436e-01,1.516031e-02,2.894681e-01,4.848168e-03,7.709525e-03,1.016280e-02,9.369338e-02
2.641756e-02,3.661706e-02,1.359731e-01,1.062611e-01,1.443897e-02,1.102943e-02,6.100712e-04,2.586024e-02,1.039272e-01,3.324358e-02,3.978075e-01,9.041330e-03,8.185235e-03,2.241154e-02,6.817616e-02
2.008071e-02,2.633490e-02,9.749829e-02,8.119035e-02,1.159832e-02,9.875624e-03,4.933686e-04,1.849694e-02,9.679507e-02,3.285819e-02,5.044274e-01,1.159674e-02,1.091175e-02,2.813584e-02,4.970647e-02
1.700522e-02,1.953810e-02,7.032489e-02,6.022055e-02,8.898239e-03,8.171057e-03,3.975615e-04,1.325943e-02,7.064055e-02,3.967951e-02,5.995588e-01,1.248217e-02,1.058157e-02,3.302684e-02,3.621547e-02
1.370330e-02,1.404177e-02,4.953549e-02,4.347819e-02,6.657296e-03,6.869352e-03,3.244962e-04,9.442358e-03,5.088536e-02,4.089241e-02,6.714298e-01,1.227753e-02,8.809280e-03,4.391038e-02,2.774298e-02
1.050910e-02,1.010057e-02,3.479013e-02,3.085279e-02,4.899625e-03,5.902338e-03,2.665568e-04,6.667029e-03,3.664960e-02,3.588738e-02,7.334987e-01,1.733631e-02,6.891645e-03,4.556203e-02,2.018621e-02
8.828854e-03,7.222945e-03,2.450100e-02,2.181329e-02,3.603407e-03,6.840269e-03,2.898228e-04,4.769498e-03,2.650837e-02,4.298927e-02,7.596493e-01,1.828740e-02,5.725786e-03,5.253651e-02,1.643423e-02
6.464112e-03,5.104317e-03,1.718944e-02,1.539267e-02,3.073624e-03,5.200617e-03,2.992364e-04,3.426599e-03,1.901798e-02,3.999059e-02,8.036842e-01,1.557442e-02,4.465659e-03,4.825074e-02,1.286577e-02
4.693123e-03,3.662263e-03,1.207222e-02,1.091366e-02,3.641304e-03,3.853584e-03,3.461214e-04,2.426490e-03,1.464243e-02,3.437683e-02,8.385422e-01,1.277779e-02,3.729120e-03,4.388728e-02,1.043565e-02
3.339001e-03,2.744355e-03,8.522114e-03,7.746339e-03,4.471011e-03,3.006250e-03,5.901580e-04,1.720385e-03,1.097402e-02,2.819435e-02,8.718066e-01,1.048568e-02,3.162782e-03,3.550427e-02,7.732794e-03
2.505009e-03,2.980151e-03,8.760374e-03,6.341350e-03,2.439282e-02,3.090479e-03,2.933787e-03,1.909096e-03,1.673922e-02,3.060437e-02,8.389564e-01,1.122132e-02,3.674111e-03,3.710531e-02,8.786250e-03
2.189267e-03,4.562453e-03,1.613599e-02,5.916259e-03,6.607164e-02,4.097667e-03,5.732382e-03,3.906299e-03,2.676937e-02,3.600077e-02,7.570990e-01,1.262032e-02,5.546803e-03,3.777800e-02,1.557383e-02
1.861330e-03,5.264945e-03,1.381178e-02,6.353360e-03,5.915135e-02,1.437939e-02,4.443223e-03,3.946439e-03,2.528780e-02,2.634312e-02,7.715600e-01,1.080076e-02,1.326067e-02,2.857734e-02,1.495851e-02
3.916653e-03,1.801120e-02,2.132050e-02,7.132610e-03,5.142523e-02,1.881177e-02,4.242446e-03,2.113500e-02,3.843734e-02,2.012150e-02,7.142541e-01,1.447556e-02,2.726861e-02,2.161432e-02,1.783309e-02
1.961142e-02,1.805058e-02,1.835721e-02,8.788014e-03,8.441234e-02,1.778509e-02,3.707493e-03,1.834244e-02,1.353548e-01,1.505015e-02,5.942020e-01,1.398642e-02,2.175245e-02,1.689684e-02,1.370260e-02
2.171940e-02,1.344299e-02,1.013473e-01,5.516512e-02,1.629974e-01,1.542643e-02,4.403335e-03,3.637283e-02,1.110811e-01,1.069086e-02,4.196186e-01,1.004527e-02,1.586410e-02,1.200282e-02,9.822368e-03
3.169877e-02,1.275726e-02,1.141813e-01,4.630753e-02,2.635517e-01,4.125157e-02,4.971670e-03,3.869593e-02,1.048203e-01,7.760996e-03,2.987027e-01,7.713993e-03,1.148250e-02,8.642339e-03,7.461370e-03
3.448828e-02,1.524049e-02,1.404658e-01,7.912873e-02,2.823475e-01,5.879992e-02,5.429390e-03,3.400443e-02,9.050769e-02,5.808914e-03,2.158543e-01,1.221654e-02,9.106449e-03,6.673104e-03,9.928346e-03
4.856490e-02,2.720397e-02,1.264490e-01,7.437368e-02,3.169817e-01,4.573171e-02,4.968407e-03,2.907421e-02,1.133123e-01,4.475715e-03,1.690160e-01,1.634287e-02,7.889815e-03,5.817445e-03,9.798203e-03
7.655704e-02,2.147540e-02,9.271178e-02,7.883872e-02,2.828271e-01,1.000361e-01,5.323086e-03,3.148230e-02,9.094291e-02,3.834402e-03,1.378539e-01,3.941675e-02,2.501750e-02,4.885675e-03,8.797347e-03
1.167744e-01,1.986875e-02,8.446512e-02,5.896872e-02,2.401829e-01,9.208257e-02,5.594096e-02,9.130854e-02,6.621091e-02,5.949258e-03,1.008784e-01,3.121296e-02,2.325444e-02,4.439136e-03,8.463068e-03
1.071244e-01,1.719488e-02,6.962257e-02,4.849071e-02,2.291228e-01,8.070302e-02,1.429247e-01,9.789585e-02,5.013501e-02,1.163625e-02,7.648279e-02,3.203391e-02,2.428133e-02,4.102970e-03,8.248890e-03
8.395141e-02,1.419737e-02,5.316594e-02,3.856533e-02,2.050632e-01,5.973034e-02,2.567492e-01,7.728133e-02,3.800300e-02,3.915354e-02,6.644115e-02,2.939781e-02,2.629010e-02,3.106820e-03,8.903494e-03
8.077325e-02,1.276182e-02,4.033538e-02,3.431659e-02,1.773174e-01,4.645424e-02,2.853185e-01,6.741187e-02,3.460443e-02,3.973526e-02,8.368841e-02,4.666522e-02,3.739303e-02,2.592198e-03,1.063248e-02
8.376366e-02,2.132203e-02,3.556010e-02,4.184586e-02,1.549776e-01,4.224082e-02,2.288494e-01,5.689152e-02,4.434028e-02,3.812119e-02,7.812700e-02,6.174037e-02,9.308586e-02,3.182577e-03,1.595178e-02
6.992447e-02,1.661209e-02,2.854766e-02,4.085540e-02,1.187115e-01,3.238626e-02,1.721118e-01,4.153026e-02,3.961701e-02,3.443116e-02,1.492662e-01,6.916256e-02,1.614396e-01,3.517987e-03,2.188603e-02
5.501953e-02,1.259234e-02,2.409173e-02,3.514150e-02,9.026751e-02,2.535484e-02,1.284872e-01,3.068201e-02,3.403031e-02,3.196471e-02,2.228240e-01,6.563587e-02,2.154404e-01,3.427719e-03,2.504034e-02
4.981285e-02,9.321727e-03,1.942905e-02,2.556306e-02,7.040751e-02,1.876200e-02,9.118840e-02,5.403416e-02,4.933180e-02,3.453204e-02,2.876177e-01,6.196941e-02,2.039711e-01,3.191545e-03,2.086776e-02
5.080151e-02,7.377407e-03,1.682517e-02,2.008590e-02,6.658442e-02,1.389222e-02,6.570330e-02,8.836766e-02,1.222296e-01,3.149660e-02,2.752267e-01,5.133081e-02,1.703359e-01,3.304678e-03,1.643826e-02
4.667858e-02,6.508116e-03,1.705463e-02,2.315533e-02,1.188503e-01,1.185449e-02,5.502848e-02,8.739090e-02,2.281898e-01,2.622976e-02,2.033229e-01,3.657739e-02,1.243660e-01,2.457074e-03,1.233625e-02
4.810818e-02,7.247563e-03,3.080698e-02,4.114328e-02,2.066829e-01,1.235369e-02,5.250056e-02,8.878440e-02,2.203798e-01,1.942416e-02,1.465980e-01,2.588244e-02,8.919626e-02,1.759508e-03,9.132328e-03
4.649008e-02,6.273559e-03,3.425711e-02,9.413738e-02,2.407882e-01,1.124332e-02,4.593768e-02,1.389018e-01,1.744191e-01,1.372094e-02,1.045910e-01,1.832454e-02,6.320322e-02,1.245665e-03,6.466447e-03
3.876995e-02,4.548220e-03,2.869458e-02,8.802891e-02,1.785095e-01,8.650047e-03,3.338280e-02,3.483380e-01,1.234327e-01,9.668794e-03,7.476000e-02,1.304716e-02,4.469861e-02,8.873566e-04,4.583342e-03
3.757276e-02,3.432426e-03,2.273034e-02,6.347535e-02,1.342229e-01,6.787293e-03,2.404909e-02,5.155860e-01,8.701507e-02,6.807393e-03,5.355027e-02,9.296707e-03,3.158138e-02,6.341765e-04,3.258940e-03
3.725132e-02,3.441321e-03,1.769304e-02,4.634379e-02,9.860580e-02,6.576212e-03,1.816821e-02,6.302642e-01,6.272095e-02,4.947959e-03,4.085778e-02,6.841903e-03,2.320088e-02,4.673845e-04,2.619327e-03
4.897092e-02,3.109732e-03,1.438015e-02,3.359998e-02,7.131203e-02,1.632878e-02,1.668665e-02,6.725712e-01,4.606162e-02,3.550064e-03,2.979679e-02,5.534819e-03,3.558571e-02,3.499461e-04,2.161670e-03
7.384460e-02,3.018744e-03,1.310781e-02,2.508499e-02,5.382087e-02,2.274289e-02,1.661140e-02,6.926929e-01,3.524251e-02,2.608155e-03,2.164973e-02,4.943387e-03,3.237182e-02,2.866048e-04,1.973582e-03
7.382248e-02,2.346032e-03,1.155668e-02,1.918142e-02,4.058254e-02,3.609616e-02,1.466577e-02,7.141632e-01,2.594988e-02,1.949736e-03,1.970576e-02,8.069169e-03,2.994514e-02,2.665665e-04,1.699500e-03
6.560205e-02,1.830841e-03,9.244796e-03,1.452851e-02,3.459897e-02,5.233848e-02,1.340708e-02,7.183433e-01,1.997158e-02,1.465436e-03,2.113622e-02,1.076569e-02,3.499215e-02,2.763328e-04,1.498617e-03
5.536311e-02,1.663304e-03,8.415641e-03,1.161191e-02,2.493904e-02,9.449665e-02,1.155020e-02,5.604346e-01,1.745024e-02,1.620526e-03,7.432012e-02,2.207356e-02,1.124604e-01,4.714782e-04,3.129322e-03
8.653975e-02,2.365377e-03,8.292331e-03,1.040055e-02,1.903624e-02,1.280905e-01,2.024162e-02,4.141056e-01,1.510436e-02,2.116037e-03,8.145197e-02,2.560324e-02,1.755732e-01,7.289039e-04,1.035035e-02
8.872680e-02,2.484853e-03,6.900672e-03,9.167868e-03,1.381162e-02,1.347484e-01,2.207354e-02,2.994010e-01,1.300204e-02,2.251256e-03,8.223183e-02,3.566258e-02,2.739798e-01,9.602759e-04,1.459749e-02
8.743436e-02,2.256493e-03,5.882448e-03,1.177173e-02,1.096827e-02,1.173792e-01,2.300081e-02,2.146500e-01,1.410743e-02,4.882128e-03,7.227264e-02,4.462853e-02,3.641897e-01,1.467586e-03,2.510865e-02
8.972599e-02,2.610373e-03,6.570345e-03,2.264961e-02,1.158716e-02,1.160983e-01,2.106899e-02,1.513622e-01,2.700158e-02,2.069606e-02,6.514870e-02,7.909267e-02,3.394549e-01,4.059671e-03,4.287346e-02
7.023704e-02,2.387555e-03,8.052850e-03,1.783704e-02,9.150734e-03,1.091676e-01,1.671198e-02,1.066276e-01,3.784843e-02,2.014419e-02,5.636958e-02,2.350071e-01,2.724212e-01,4.833368e-03,3.320371e-02
5.424478e-02,1.910490e-03,8.927349e-03,1.391121e-02,2.711420e-02,9.101383e-02,2.206733e-02,7.794181e-02,5.536803e-02,1.980901e-02,4.950476e-02,2.665675e-01,2.756732e-01,4.530949e-03,3.141560e-02
4.109819e-02,1.681254e-03,8.425664e-03,1.056511e-02,2.468846e-02,7.212025e-02,1.922278e-02,5.780242e-02,6.757285e-02,3.501219e-02,3.894385e-02,3.783965e-01,2.150272e-01,4.738844e-03,2.470448e-02
2.921560e-02,1.283531e-03,6.209518e-03,7.580401e-03,2.112437e-02,5.264522e-02,1.402115e-02,4.073471e-02,5.472791e-02,4.158520e-02,3.489957e-02,5.071816e-01,1.650030e-01,5.230173e-03,1.855814e-02
2.075088e-02,1.379980e-03,5.190081e-03,5.395229e-03,1.902618e-02,3.766418e-02,1.016207e-02,2.863953e-02,5.321696e-02,4.080780e-02,3.440575e-02,5.853381e-01,1.367495e-01,5.529326e-03,1.574443e-02
