1.000000e+00,0.000000e+00,0.000000e+00,0.000000e+00,0.000000e+00,0.000000e+00,0.000000e+00,0.000000e+00,0.000000e+00,0.000000e+00,0.000000e+00,0.000000e+00,0.000000e+00,0.000000e+00,0.000000e+00
1.000000e+00,0.000000e+00,0.000000e+00,0.000000e+00,0.000000e+00,0.000000e+00,0.000000e+00,0.000000e+00,0.000000e+00,0.000000e+00,0.000000e+00,0.000000e+00,0.000000e+00,0.000000e+00,0.000000e+00
1.000000e+00,0.000000e+00,0.000000e+00,0.000000e+00,0.000000e+00,0.000000e+00,0.000000e+00,0.000000e+00,0.000000e+00,0.000000e+00,0.000000e+00,0.000000e+00,0.000000e+00,0.000000e+00,0.000000e+00
1.000000e+00,0.000000e+00,0.000000e+00,0.000000e+00,0.000000e+00,0.000000e+00,0.000000e+00,0.000000e+00,0.000000e+00,0.000000e+00,0.000000e+00,0.000000e+00,0.000000e+00,0.000000e+00,0.000000e+00
1.000000e+00,0.000000e+00,0.000000e+00,0.000000e+00,0.000000e+00,0.000000e+00,0.000000e+00,0.000000e+00,0.000000e+00,0.000000e+00,0.000000e+00,0.000000e+00,0.000000e+00,0.000000e+00,0.000000e+00
1.000000e+00,0.000000e+00,0.000000e+00,0.000000e+00,0.000000e+00,0.000000e+00,0.000000e+00,0.000000e+00,0.000000e+00,0.000000e+00,0.000000e+00,0.000000e+00,0.000000e+00,0.000000e+00,0.000000e+00
1.000000e+00,0.000000e+00,0.000000e+00,0.000000e+00,0.000000e+00,0.000000e+00,0.000000e+00,0.000000e+00,0.000000e+00,0.000000e+00,0.000000e+00,0.000000e+00,0.000000e+00,0.000000e+00,0.000000e+00
1.000000e+00,0.000000e+00,0.000000e+00,0.000000e+00,0.000000e+00,0.000000e+00,0.000000e+00,0.000000e+00,0.000000e+00,0.000000e+00,0.000000e+00,0.000000e+00,0.000000e+00,0.000000e+00,0.000000e+00
1.000000e+00,0.000000e+00,0.000000e+00,0.000000e+00,0.000000e+00,0.000000e+00,0.000000e+00,0.000000e+00,0.000000e+00,0.000000e+00,0.000000e+00,0.000000e+00,0.000000e+00,0.000000e+00,0.000000e+00
1.000000e+00,0.000000e+00,0.000000e+00,0.000000e+00,0.000000e+00,0.000000e+00,0.000000e+00,0.000000e+00,0.000000e+00,0.000000e+00,0.000000e+00,0.000000e+00,0.000000e+00,0.000000e+00,0.000000e+00
1.000000e+00,0.000000e+00,0.000000e+00,0.000000e+00,0.000000e+00,0.000000e+00,0.000000e+00,0.000000e+00,0.000000e+00,0.000000e+00,0.000000e+00,0.000000e+00,0.000000e+00,0.000000e+00,0.000000e+00
1.000000e+00,0.000000e+00,0.000000e+00,0.000000e+00,0.000000e+00,0.000000e+00,0.000000e+00,0.000000e+00,0.000000e+00,0.000000e+00,0.000000e+00,0.000000e+00,0.000000e+00,0.000000e+00,0.000000e+00
1.000000e+00,0.000000e+00,0.000000e+00,0.000000e+00,0.000000e+00,0.000000e+00,0.000000e+00,0.000000e+00,0.000000e+00,0.000000e+00,0.000000e+00,0.000000e+00,0.000000e+00,0.000000e+00,0.000000e+00
1.000000e+00,0.000000e+00,0.000000e+00,0.000000e+00,0.000000e+00,0.000000e+00,0.000000e+00,0.000000e+00,0.000000e+00,0.000000e+00,0.000000e+00,0.000000e+00,0.000000e+00,0.000000e+00,0.000000e+00
1.000000e+00,0.000000e+00,0.000000e+00,0.000000e+00,0.000000e+00,0.000000e+00,0.000000e+00,0.000000e+00,0.000000e+00,0.000000e+00,0.000000e+00,0.000000e+00,0.000000e+00,0.000000e+00,0.000000e+00
1.000000e+00,0.000000e+00,0.000000e+00,0.000000e+00,0.000000e+00,0.000000e+00,0.000000e+00,0.000000e+00,0.000000e+00,0.000000e+00,0.000000e+00,0.000000e+00,0.000000e+00,0.000000e+00,0.000000e+00
1.000000e+00,0.000000e+00,0.000000e+00,0.000000e+00,0.000000e+00,0.000000e+00,0.000000e+00,0.000000e+00,0.000000e+00,0.000000e+00,0.000000e+00,0.000000e+00,0.000000e+00,0.000000e+00,0.000000e+00
1.000000e+00,0.000000e+00,0.000000e+00,0.000000e+00,0.000000e+00,0.000000e+00,0.000000e+00,0.000000e+00,0.000000e+00,0.000000e+00,0.000000e+00,0.000000e+00,0.000000e+00,0.000000e+00,0.000000e+00
1.000000e+00,0.000000e+00,0.000000e+00,0.000000e+00,0.000000e+00,0.000000e+00,0.000000e+00,0.000000e+00,0.000000e+00,0.000000e+00,0.000000e+00,0.000000e+00,0.000000e+00,0.000000e+00,0.000000e+00
1.000000e+00,0.000000e+00,0.000000e+00,0.000000e+00,0.000000e+00,0.000000e+00,0.000000e+00,0.000000e+00,0.000000e+00,0.000000e+00,0.000000e+00,0.000000e+00,0.000000e+00,0.000000e+00,0.000000e+00
1.000000e+00,0.000000e+00,0.000000e+00,0.000000e+00,0.000000e+00,0.000000e+00,0.000000e+00,0.000000e+00,0.000000e+00,0.000000e+00,0.000000e+00,0.000000e+00,0.000000e+00,0.000000e+00,0.000000e+00
1.000000e+00,0.000000e+00,0.000000e+00,0.000000e+00,0.000000e+00,0.000000e+00,0.000000e+00,0.000000e+00,0.000000e+00,0.000000e+00,0.000000e+00,0.000000e+00,0.000000e+00,0.000000e+00,0.000000e+00
1.000000e+00,0.000000e+00,0.000000e+00,0.000000e+00,0.000000e+00,0.000000e+00,0.000000e+00,0.000000e+00,0.000000e+00,0.000000e+00,0.000000e+00,0.000000e+00,0.000000e+00,0.000000e+00,0.000000e+00
1.000000e+00,0.000000e+00,0.000000e+00,0.000000e+00,0.000000e+00,0.000000e+00,0.000000e+00,0.000000e+00,0.000000e+00,0.000000e+00,0.000000e+00,0.000000e+00,0.000000e+00,0.000000e+00,0.000000e+00
1.000000e+00,0.000000e+00,0.000000e+00,0.000000e+00,0.000000e+00,0.000000e+00,0.000000e+00,0.000000e+00,0.000000e+00,0.000000e+00,0.000000e+00,0.000000e+00,0.000000e+00,0.000000e+00,0.000000e+00
1.000000e+00,0.000000e+00,0.000000e+00,0.000000e+00,0.000000e+00,0.000000e+00,0.000000e+00,0.000000e+00,0.000000e+00,0.000000e+00,0.000000e+00,0.000000e+00,0.000000e+00,0.000000e+00,0.000000e+00
1.000000e+00,0.000000e+00,0.000000e+00,0.000000e+00,0.000000e+00,0.000000e+00,0.000000e+00,0.000000e+00,0.000000e+00,0.000000e+00,0.000000e+00,0.000000e+00,0.000000e+00,0.000000e+00,0.000000e+00
1.000000e+00,0.000000e+00,0.000000e+00,0.000000e+00,0.000000e+00,0.000000e+00,0.000000e+00,0.000000e+00,0.000000e+00,0.000000e+00,0.000000e+00,0.000000e+00,0.000000e+00,0.000000e+00,0.000000e+00
1.000000e+00,0.000000e+00,0.000000e+00,0.000000e+00,0.000000e+00,0.000000e+00,0.000000e+00,0.000000e+00,0.000000e+00,0.000000e+00,0.000000e+00,0.000000e+00,0.000000e+00,0.000000e+00,0.000000e+00
1.000000e+00,0.000000e+00,0.000000e+00,0.000000e+00,0.000000e+00,0.000000e+00,0.000000e+00,0.000000e+00,0.000000e+00,0.000000e+00,0.000000e+00,0.000000e+00,0.000000e+00,0.000000e+00,0.000000e+00
1.000000e+00,0.000000e+00,0.000000e+00,0.000000e+00,0.000000e+00,0.000000e+00,0.000000e+00,0.000000e+00,0.000000e+00,0.000000e+00,0.000000e+00,0.000000e+00,0.000000e+00,0.000000e+00,0.000000e+00
1.000000e+00,0.000000e+00,0.000000e+00,0.000000e+00,0.000000e+00,0.000000e+00,0.000000e+00,0.000000e+00,0.000000e+00,0.000000e+00,0.000000e+00,0.000000e+00,0.000000e+00,0.000000e+00,0.000000e+00
1.000000e+00,0.000000e+00,0.000000e+00,0.000000e+00,0.000000e+00,0.000000e+00,0.000000e+00,0.000000e+00,0.000000e+00,0.000000e+00,0.000000e+00,0.000000e+00,0.000000e+00,0.000000e+00,0.000000e+00
1.000000e+00,0.000000e+00,0.000000e+00,0.000000e+00,0.000000e+00,0.000000e+00,0.000000e+00,0.000000e+00,0.000000e+00,0.000000e+00,0.000000e+00,0.000000e+00,0.000000e+00,0.000000e+00,0.000000e+00
1.000000e+00,0.000000e+00,0.000000e+00,0.000000e+00,0.000000e+00,0.000000e+00,0.000000e+00,0.000000e+00,0.000000e+00,0.000000e+00,0.000000e+00,0.000000e+00,0.000000e+00,0.000000e+00,0.000000e+00
1.000000e+00,0.000000e+00,0.000000e+00,0.000000e+00,0.000000e+00,0.000000e+00,0.000000e+00,0.000000e+00,0.000000e+00,0.000000e+00,0.000000e+00,0.000000e+00,0.000000e+00,0.000000e+00,0.000000e+00
1.000000e+00,0.000000e+00,0.000000e+00,0.000000e+00,0.000000e+00,0.000000e+00,0.000000e+00,0.000000e+00,0.000000e+00,0.000000e+00,0.000000e+00,0.000000e+00,0.000000e+00,0.000000e+00,0.000000e+00
1.000000e+00,0.000000e+00,0.000000e+00,0.000000e+00,0.000000e+00,0.000000e+00,0.000000e+00,0.000000e+00,0.000000e+00,0.000000e+00,0.000000e+00,0.000000e+00,0.000000e+00,0.000000e+00,0.000000e+00
1.000000e+00,0.000000e+00,0.000000e+00,0.000000e+00,0.000000e+00,0.000000e+00,0.000000e+00,0.000000e+00,0.000000e+00,0.000000e+00,0.000000e+00,0.000000e+00,0.000000e+00,0.000000e+00,0.000000e+00
1.000000e+00,0.000000e+00,0.000000e+00,0.000000e+00,0.000000e+00,0.000000e+00,0.000000e+00,0.000000e+00,0.000000e+00,0.000000e+00,0.000000e+00,0.000000e+00,0.000000e+00,0.000000e+00,0.000000e+00
1.000000e+00,0.000000e+00,0.000000e+00,0.000000e+00,0.000000e+00,0.000000e+00,0.000000e+00,0.000000e+00,0.000000e+00,0.000000e+00,0.000000e+00,0.000000e+00,0.000000e+00,0.000000e+00,0.000000e+00
1.000000e+00,0.000000e+00,0.000000e+00,0.000000e+00,0.000000e+00,0.000000e+00,0.000000e+00,0.000000e+00,0.000000e+00,0.000000e+00,0.000000e+00,0.000000e+00,0.000000e+00,0.000000e+00,0.000000e+00
1.000000e+00,0.000000e+00,0.000000e+00,0.000000e+00,0.000000e+00,0.000000e+00,0.000000e+00,0.000000e+00,0.000000e+00,0.000000e+00,0.000000e+00,0.000000e+00,0.000000e+00,0.000000e+00,0.000000e+00
1.000000e+00,0.000000e+00,0.000000e+00,0.000000e+00,0.000000e+00,0.000000e+00,0.000000e+00,0.000000e+00,0.000000e+00,0.000000e+00,0.000000e+00,0.000000e+00,0.000000e+00,0.000000e+00,0.000000e+00
1.000000e+00,0.000000e+00,0.000000e+00,0.000000e+00,0.000000e+00,0.000000e+00,0.000000e+00,0.000000e+00,0.000000e+00,0.000000e+00,0.000000e+00,0.000000e+00,0.000000e+00,0.000000e+00,0.000000e+00
1.000000e+00,0.000000e+00,0.000000e+00,0.000000e+00,0.000000e+00,0.000000e+00,0.000000e+00,0.000000e+00,0.000000e+00,0.000000e+00,0.000000e+00,0.000000e+00,0.000000e+00,0.000000e+00,0.000000e+00
1.000000e+00,0.000000e+00,0.000000e+00,0.000000e+00,0.000000e+00,0.000000e+00,0.000000e+00,0.000000e+00,0.000000e+00,0.000000e+00,0.000000e+00,0.000000e+00,0.000000e+00,0.000000e+00,0.000000e+00
1.000000e+00,0.000000e+00,0.000000e+00,0.000000e+00,0.000000e+00,0.000000e+00,0.000000e+00,0.000000e+00,0.000000e+00,0.000000e+00,0.000000e+00,0.000000e+00,0.000000e+00,0.000000e+00,0.000000e+00
1.000000e+00,0.000000e+00,0.000000e+00,0.000000e+00,0.000000e+00,0.000000e+00,0.000000e+00,0.000000e+00,0.000000e+00,0.000000e+00,0.000000e+00,0.000000e+00,0.000000e+00,0.000000e+00,0.000000e+00
1.000000e+00,0.000000e+00,0.000000e+00,0.000000e+00,0.000000e+00,0.000000e+00,0.000000e+00,0.000000e+00,0.000000e+00,0.000000e+00,0.000000e+00,0.000000e+00,0.000000e+00,0.000000e+00,0.000000e+00
1.000000e+00,0.000000e+00,0.000000e+00,0.000000e+00,0.000000e+00,0.000000e+00,0.000000e+00,0.000000e+00,0.000000e+00,0.000000e+00,0.000000e+00,0.000000e+00,0.000000e+00,0.000000e+00,0.000000e+00
4.931868e-01,2.952130e-02,9.197530e-03,6.856047e-02,1.852980e-02,7.340517e-02,2.008484e-02,1.594628e-02,1.605204e-02,3.865882e-03,9.302066e-03,1.249519e-01,9.399513e-02,2.236858e-03,2.116402e-02
4.672388e-01,3.184698e-02,8.851741e-03,7.060832e-02,2.031310e-02,7.135107e-02,1.968988e-02,1.479818e-02,1.758664e-02,3.539504e-03,9.130912e-03,1.313677e-01,1.104507e-01,2.248264e-03,2.097820e-02
4.362188e-01,3.339237e-02,9.330834e-03,7.392401e-02,2.068921e-02,7.474770e-02,1.881952e-02,1.515394e-02,1.868108e-02,3.718429e-03,9.609379e-03,1.372600e-01,1.233933e-01,2.378284e-03,2.268311e-02
4.211735e-01,3.553338e-02,1.042807e-02,8.074036e-02,2.131659e-02,7.625530e-02,1.732595e-02,1.566827e-02,2.159468e-02,4.473796e-03,9.744081e-03,1.310559e-01,1.258129e-01,2.468769e-03,2.640855e-02
3.581731e-01,4.410022e-02,1.885460e-02,1.206958e-01,2.452436e-02,6.543810e-02,1.506660e-02,1.951426e-02,2.097861e-02,4.655175e-03,1.086197e-02,1.308076e-01,1.344514e-01,2.827550e-03,2.905064e-02
4.172708e-01,4.258649e-02,1.546448e-02,1.153684e-01,2.547632e-02,5.363937e-02,1.310992e-02,1.681258e-02,2.062911e-02,4.470330e-03,1.109461e-02,1.143170e-01,1.196125e-01,2.773260e-03,2.737480e-02
1.000000e+00,0.000000e+00,0.000000e+00,0.000000e+00,0.000000e+00,0.000000e+00,0.000000e+00,0.000000e+00,0.000000e+00,0.000000e+00,0.000000e+00,0.000000e+00,0.000000e+00,0.000000e+00,0.000000e+00
1.000000e+00,0.000000e+00,0.000000e+00,0.000000e+00,0.000000e+00,0.000000e+00,0.000000e+00,0.000000e+00,0.000000e+00,0.000000e+00,0.000000e+00,0.000000e+00,0.000000e+00,0.000000e+00,0.000000e+00
4.475032e-01,3.934630e-02,7.172562e-03,1.013003e-01,1.886195e-02,5.527093e-02,8.456802e-03,9.096717e-03,6.729478e-02,4.348232e-03,8.010814e-03,6.127446e-02,1.085223e-01,1.994460e-03,6.154618e-02
3.998280e-01,4.255827e-02,7.619528e-03,8.985978e-02,1.470446e-02,5.544031e-02,6.959738e-03,7.143029e-03,9.385610e-02,4.253937e-03,6.372900e-03,4.440404e-02,1.530324e-01,1.768191e-03,7.219937e-02
3.883634e-01,5.588833e-02,1.045585e-02,1.055527e-01,1.651550e-02,4.794581e-02,6.726837e-03,6.244128e-03,8.427063e-02,5.739585e-03,6.949448e-03,3.559344e-02,1.473836e-01,1.826262e-03,8.054452e-02
2.970456e-01,1.063952e-01,2.556843e-02,2.132661e-01,2.219676e-02,3.842331e-02,8.242683e-03,5.041963e-03,6.135674e-02,5.874629e-03,5.765129e-03,2.686900e-02,1.105584e-01,1.512774e-03,7.188325e-02
2.091510e-01,8.024024e-02,4.619366e-02,4.066675e-01,1.611104e-02,2.731482e-02,5.876083e-03,3.632084e-03,4.359011e-02,4.787605e-03,4.388692e-03,1.897802e-02,7.774933e-02,1.086250e-03,5.423352e-02
1.475310e-01,5.885531e-02,2.158671e-01,3.793405e-01,1.140858e-02,1.929184e-02,4.152070e-03,2.741863e-03,3.090242e-02,4.753096e-03,3.775404e-03,1.382352e-02,5.497417e-02,7.773970e-04,5.180573e-02
1.191889e-01,5.247224e-02,2.040474e-01,3.416010e-01,1.029256e-02,2.134304e-02,3.953299e-03,2.688612e-03,3.387661e-02,1.716637e-02,2.677675e-02,1.196810e-02,5.492805e-02,2.790541e-03,9.690642e-02
1.014606e-01,5.469234e-02,1.632406e-01,2.952005e-01,9.316009e-03,2.358565e-02,3.880380e-03,2.314057e-03,3.764628e-02,2.615374e-02,3.536957e-02,1.208435e-02,5.249852e-02,3.735440e-03,1.788220e-01
1.027587e-01,1.059172e-01,1.167881e-01,2.241347e-01,1.146251e-02,2.212222e-02,3.749270e-03,2.400109e-03,1.206447e-01,2.015581e-02,2.662385e-02,9.720213e-03,8.042738e-02,3.762570e-03,1.493326e-01
7.547481e-02,9.640295e-02,1.187068e-01,2.836880e-01,1.004911e-02,1.866548e-02,3.009953e-03,1.849686e-03,1.107655e-01,1.889630e-02,1.928175e-02,7.428530e-03,5.932673e-02,2.843533e-03,1.736108e-01
1.202322e-01,7.817435e-02,9.092934e-02,2.118878e-01,1.477573e-02,1.974258e-02,2.704397e-03,1.854709e-03,1.358922e-01,1.455370e-02,1.543567e-02,6.058659e-03,4.325787e-02,4.091557e-03,2.404092e-01
9.922788e-02,7.942380e-02,1.097105e-01,2.185044e-01,1.430172e-02,2.119413e-02,2.516193e-03,1.527169e-03,1.005680e-01,1.669267e-02,1.146865e-02,4.938067e-03,3.103949e-02,3.173002e-03,2.857143e-01
1.466767e-01,1.035664e-01,8.345674e-02,1.760027e-01,1.860320e-02,4.228174e-02,3.749136e-03,1.573220e-03,7.868164e-02,1.554179e-02,8.884749e-03,4.382843e-03,2.302277e-02,3.171068e-03,2.904052e-01
1.128121e-01,1.860975e-01,8.674682e-02,2.157581e-01,1.521806e-02,3.286051e-02,2.962721e-03,1.202434e-03,5.671566e-02,1.359380e-02,6.601159e-03,3.628291e-03,1.642587e-02,2.653145e-03,2.467238e-01
1.383500e-01,1.646453e-01,6.736396e-02,1.726001e-01,1.353026e-02,2.527096e-02,2.791715e-03,1.429935e-03,4.442093e-02,1.676522e-02,5.380747e-03,3.552914e-03,1.337045e-02,3.206060e-03,3.273214e-01
1.948181e-01,1.700568e-01,6.659318e-02,1.781451e-01,1.667601e-02,2.244065e-02,3.582492e-03,2.911934e-03,3.363466e-02,1.300367e-02,5.653531e-03,5.972612e-03,1.306167e-02,4.393779e-03,2.690558e-01
3.297338e-01,1.333120e-01,5.808365e-02,1.519168e-01,1.827469e-02,1.953003e-02,4.395585e-03,6.897629e-03,2.573745e-02,9.790965e-03,6.292275e-03,1.050705e-02,1.605658e-02,7.521073e-03,2.019504e-01
3.458943e-01,1.078765e-01,6.890585e-02,1.823289e-01,2.324714e-02,1.919987e-02,5.602870e-03,2.365806e-02,2.013424e-02,7.549352e-03,6.730631e-03,1.164981e-02,1.588992e-02,7.839708e-03,1.534929e-01
2.940375e-01,8.070115e-02,7.076909e-02,1.572607e-01,2.273360e-02,1.942870e-02,5.858808e-03,1.752641e-01,1.529831e-02,5.730120e-03,7.110660e-03,1.101931e-02,1.560564e-02,6.484480e-03,1.126978e-01
2.613280e-01,5.865142e-02,5.846030e-02,1.167023e-01,2.033809e-02,1.875113e-02,7.582724e-03,3.277932e-01,1.148697e-02,4.216512e-03,6.001302e-03,9.006510e-03,1.306534e-02,5.015424e-03,8.160077e-02
1.998662e-01,4.239491e-02,4.692448e-02,1.187403e-01,6.860475e-02,1.899445e-02,1.498318e-02,3.487997e-01,9.073194e-03,4.043354e-03,6.842900e-03,6.654331e-03,4.835242e-02,3.752027e-03,6.197381e-02
2.150992e-01,3.340170e-02,3.704786e-02,9.646993e-02,6.019369e-02,1.882765e-02,1.740103e-02,3.318447e-01,1.972310e-02,7.079603e-03,9.904576e-03,5.665062e-03,8.118857e-02,3.727522e-03,6.242590e-02
1.943491e-01,2.513240e-02,2.745916e-02,7.077996e-02,6.190965e-02,1.608786e-02,3.390263e-02,2.989697e-01,1.791209e-02,1.767525e-02,1.474953e-02,4.949564e-03,1.017933e-01,3.779425e-03,1.105504e-01
2.655570e-01,1.983788e-02,1.975201e-02,5.254509e-02,5.094200e-02,1.519740e-02,3.529209e-02,2.408515e-01,1.622876e-02,1.703999e-02,1.745239e-02,7.411310e-03,1.178048e-01,3.747899e-03,1.203400e-01
3.315958e-01,1.873431e-02,1.486163e-02,4.416977e-02,3.825387e-02,1.566130e-02,3.558521e-02,1.824909e-01,1.747278e-02,1.572878e-02,1.545208e-02,1.176940e-02,1.499943e-01,5.546164e-03,1.026837e-01
3.282242e-01,1.745200e-02,1.066772e-02,3.577434e-02,2.945524e-02,3.162247e-02,4.468818e-02,1.304475e-01,1.425612e-02,1.247400e-02,1.879140e-02,1.286595e-02,2.204654e-01,4.575148e-03,8.824031e-02
3.900703e-01,1.585171e-02,1.061289e-02,2.693085e-02,2.383227e-02,2.737153e-02,3.196913e-02,9.172579e-02,1.280961e-02,1.188834e-02,1.728370e-02,1.200293e-02,2.266916e-01,4.463002e-03,9.649630e-02
4.451986e-01,1.861080e-02,1.210779e-02,2.046097e-02,1.981196e-02,2.339235e-02,2.469763e-02,6.454692e-02,1.296634e-02,1.284075e-02,1.709826e-02,1.209143e-02,1.956776e-01,5.471041e-03,1.150276e-01
4.051961e-01,1.408582e-02,1.030084e-02,1.491170e-02,1.548850e-02,1.758977e-02,1.809382e-02,4.529229e-02,1.071762e-02,1.203774e-02,1.617985e-02,9.348591e-03,1.565000e-01,5.480749e-03,2.487766e-01
2.980215e-01,1.056637e-02,1.101597e-02,1.140872e-02,1.234022e-02,1.282061e-02,1.323648e-02,3.230909e-02,1.031132e-02,1.110185e-02,1.395535e-02,7.428568e-03,1.394717e-01,4.452976e-03,4.115593e-01
2.226561e-01,7.961701e-03,9.156339e-03,8.429514e-03,1.221829e-02,9.127807e-03,9.863768e-03,2.392600e-02,1.075399e-02,1.116230e-02,1.204634e-02,5.955047e-03,1.054220e-01,3.384014e-03,5.479368e-01
1.781905e-01,6.497103e-03,1.065474e-02,7.216553e-03,1.397232e-02,7.217715e-03,8.081302e-03,2.837530e-02,1.023305e-02,1.314572e-02,1.226270e-02,5.932835e-03,8.554755e-02,2.790303e-03,6.098823e-01
1.352287e-01,5.911437e-03,9.467432e-03,7.205574e-03,1.271605e-02,5.620466e-03,6.338735e-03,3.183388e-02,1.206741e-02,1.120316e-02,1.118797e-02,5.356487e-03,6.603669e-02,2.640396e-03,6.771857e-01
9.976226e-02,5.134082e-03,8.533577e-03,7.175527e-03,1.845954e-02,4.690269e-03,5.310302e-03,2.846403e-02,1.459902e-02,8.154017e-03,9.090479e-03,4.363002e-03,4.926432e-02,2.068507e-03,7.349311e-01
7.780378e-02,6.792422e-03,1.012859e-02,1.114654e-02,3.495838e-02,5.077942e-03,6.219406e-03,2.980420e-02,2.098017e-02,6.761840e-03,7.187034e-03,3.408324e-03,3.689712e-02,1.629749e-03,7.412045e-01
6.121772e-02,8.210636e-03,9.688187e-03,1.002941e-02,9.241932e-02,9.925190e-03,1.798339e-02,3.363663e-02,6.894747e-02,5.178187e-03,5.774564e-03,3.339478e-03,2.865329e-02,1.223199e-03,6.437733e-01
5.536032e-02,7.994892e-03,1.169541e-02,1.546312e-02,1.615220e-01,9.930969e-03,4.783701e-02,5.757024e-02,5.946287e-02,3.992831e-03,4.644773e-03,2.803474e-03,2.575071e-02,1.026543e-03,5.349448e-01
4.850524e-02,8.013879e-03,1.384994e-02,2.843646e-02,2.194237e-01,9.738066e-03,5.310294e-02,1.080171e-01,5.289010e-02,3.010210e-03,3.641068e-03,2.198544e-03,2.176551e-02,8.533869e-04,4.265538e-01
5.111968e-02,2.882829e-02,1.684404e-02,3.061857e-02,1.947737e-01,1.291196e-02,4.217151e-02,1.465377e-01,9.394115e-02,3.635332e-03,3.118139e-03,2.229158e-03,2.225722e-02,6.807510e-04,3.503328e-01
5.095442e-02,5.685465e-02,1.548478e-02,2.738768e-02,1.645277e-01,2.100648e-02,3.298503e-02,1.329245e-01,1.716988e-01,3.548505e-03,2.832750e-03,2.056689e-03,2.646232e-02,5.281843e-04,2.907476e-01
3.963797e-02,9.446438e-02,2.799557e-02,1.088301e-01,1.217920e-01,1.598250e-02,2.420095e-02,9.522395e-02,2.150468e-01,1.126962e-02,3.558264e-03,2.782773e-03,2.261136e-02,5.009501e-04,2.161028e-01
2.870320e-02,6.680766e-02,2.052444e-02,1.671744e-01,9.935457e-02,1.220249e-02,1.834887e-02,6.882402e-02,1.784588e-01,9.055203e-03,5.464212e-02,7.556153e-03,9.781472e-02,5.063860e-04,1.700269e-01
2.097754e-02,4.836725e-02,1.805037e-02,2.602186e-01,8.717000e-02,9.462359e-03,1.381560e-02,4.980127e-02,1.785378e-01,7.258862e-03,6.440488e-02,1.179854e-02,1.087072e-01,6.803754e-04,1.207494e-01
1.479330e-02,3.387479e-02,1.282027e-02,1.867031e-01,6.281398e-02,6.818959e-03,9.816890e-03,3.495768e-02,1.257033e-01,6.103218e-03,2.712404e-01,1.198369e-02,1.352129e-01,6.393329e-04,8.651815e-02
1.141377e-02,2.391419e-02,1.013744e-02,1.495398e-01,4.795096e-02,5.264418e-03,7.269192e-03,2.457488e-02,9.149052e-02,5.260333e-03,2.897567e-01,4.752256e-02,2.161673e-01,1.025905e-03,6.871201e-02
1.019210e-02,1.699635e-02,7.294206e-03,1.088312e-01,3.598794e-02,4.541078e-03,6.124882e-03,1.725904e-02,6.575432e-02,9.738614e-03,2.205148e-01,9.505147e-02,3.457580e-01,2.638848e-03,5.331719e-02
7.489310e-03,1.236773e-02,5.535164e-03,7.722661e-02,2.714256e-02,4.574866e-03,4.582833e-03,1.216388e-02,4.683604e-02,8.708136e-03,1.646928e-01,2.366474e-01,3.504107e-01,2.860432e-03,3.876146e-02
5.969285e-03,9.352373e-03,4.558553e-03,5.437287e-02,2.105263e-02,4.490593e-03,3.389511e-03,8.583556e-03,3.389281e-02,1.070491e-02,1.271244e-01,3.381792e-01,3.450058e-01,4.436667e-03,2.888685e-02
5.366199e-03,7.319504e-03,2.916512e-02,3.895495e-02,2.518305e-02,4.242126e-03,5.798893e-03,2.455683e-02,2.864574e-02,1.145801e-02,1.014434e-01,2.797294e-01,4.129478e-01,3.931575e-03,2.125737e-02
6.355231e-03,8.452196e-03,5.550859e-02,2.922744e-02,2.589282e-02,4.010248e-03,5.830368e-03,2.660779e-02,3.374738e-02,1.564647e-02,7.833728e-02,2.475257e-01,4.359832e-01,5.329310e-03,2.154595e-02
6.690152e-03,1.565011e-02,1.093239e-01,2.086753e-02,2.832752e-02,4.909573e-03,4.900020e-03,1.979733e-02,8.061699e-02,3.898354e-02,6.320525e-02,1.971962e-01,3.644497e-01,7.627102e-03,3.745503e-02
8.096887e-03,2.073199e-02,1.096109e-01,1.726442e-02,3.303944e-02,6.272009e-03,4.595094e-03,1.678590e-02,2.366880e-01,3.415902e-02,5.354793e-02,1.407226e-01,2.676129e-01,6.210602e-03,4.466229e-02
1.597789e-02,2.855287e-02,8.989808e-02,1.509454e-02,3.521651e-02,1.002567e-02,3.747528e-03,1.485529e-02,3.587361e-01,2.896196e-02,4.254489e-02,1.013527e-01,1.948155e-01,5.215927e-03,5.500461e-02
1.475423e-02,3.787839e-02,8.370514e-02,3.031516e-02,3.424665e-02,1.034148e-02,3.610883e-03,1.669579e-02,4.315571e-01,2.461453e-02,3.174631e-02,7.233064e-02,1.408390e-01,4.497721e-03,6.286706e-02
1.500801e-02,5.037928e-02,6.477637e-02,2.577650e-02,3.014387e-02,2.007224e-02,3.081793e-03,1.458529e-02,5.144649e-01,2.049726e-02,2.582166e-02,5.328356e-02,1.040354e-01,3.764427e-03,5.430945e-02
2.767089e-02,4.368762e-02,4.963348e-02,4.391922e-02,4.834332e-02,2.208537e-02,3.226343e-03,1.132135e-02,5.242577e-01,2.111310e-02,2.190079e-02,4.102894e-02,7.988816e-02,3.087000e-03,5.883666e-02
2.462408e-02,3.515188e-02,4.679826e-02,2.448999e-01,3.815332e-02,1.708595e-02,2.513655e-03,1.008063e-02,4.073199e-01,2.150720e-02,1.920693e-02,2.934901e-02,5.745742e-02,2.363845e-03,4.348797e-02
4.399258e-02,3.544277e-02,4.128942e-02,2.935388e-01,3.537261e-02,1.660037e-02,2.440103e-03,9.128081e-03,3.359027e-01,2.399165e-02,3.000142e-02,2.259970e-02,4.469787e-02,2.446385e-03,6.255555e-02
4.154831e-02,2.925238e-02,4.527661e-02,3.246192e-01,2.877011e-02,1.765626e-02,3.796026e-03,7.384056e-03,2.679352e-01,2.531356e-02,6.626511e-02,2.057011e-02,6.290845e-02,1.968297e-03,5.673631e-02
4.568437e-02,2.485219e-02,4.455167e-02,3.108711e-01,2.548349e-02,1.691046e-02,4.278409e-03,7.318074e-03,2.141478e-01,2.116024e-02,9.624457e-02,2.071000e-02,1.171887e-01,2.151659e-03,4.844731e-02
8.969019e-02,1.979298e-02,3.740466e-02,2.332193e-01,2.176715e-02,1.551413e-02,4.360573e-03,5.982242e-03,1.625785e-01,1.754841e-02,1.648133e-01,3.122059e-02,1.453609e-01,3.141275e-03,4.760592e-02
7.317819e-02,1.823798e-02,3.286659e-02,1.855626e-01,1.739705e-02,1.195568e-02,3.752026e-03,5.722565e-03,1.341824e-01,1.363442e-02,1.240075e-01,4.460615e-02,2.827694e-01,4.645939e-03,4.748147e-02
5.287149e-02,1.409923e-02,5.422424e-02,2.424588e-01,1.434878e-02,9.325529e-03,3.025742e-03,6.310950e-03,1.704262e-01,1.184040e-02,9.824815e-02,4.275101e-02,2.365662e-01,5.061381e-03,3.844194e-02
3.827800e-02,1.119276e-02,4.192145e-02,2.621597e-01,1.188580e-02,8.447168e-03,2.656288e-03,5.020693e-03,1.563054e-01,1.206059e-02,1.461343e-01,3.521659e-02,2.167447e-01,1.163359e-02,4.034295e-02
2.766694e-02,8.294183e-03,2.997320e-02,2.013683e-01,8.773005e-03,6.661520e-03,2.073919e-03,3.818642e-03,1.307832e-01,1.064283e-02,2.350984e-01,3.215525e-02,2.309539e-01,1.874727e-02,5.298951e-02
2.053969e-02,6.554017e-03,2.218364e-02,1.554960e-01,7.482435e-03,5.935984e-03,1.614684e-03,2.886613e-03,1.526767e-01,1.804169e-02,2.989857e-01,2.990844e-02,1.955342e-01,2.492296e-02,5.723720e-02
1.782630e-02,6.220980e-03,2.592413e-02,1.449755e-01,7.366753e-03,5.492583e-03,1.256303e-03,2.601499e-03,2.621962e-01,2.409304e-02,2.539007e-01,2.290088e-02,1.543470e-01,2.013308e-02,5.076498e-02
2.042667e-02,8.737918e-03,2.079488e-02,1.145763e-01,8.318660e-03,1.017049e-02,1.033528e-03,2.384627e-03,2.763937e-01,3.100407e-02,2.760851e-01,1.870021e-02,1.247016e-01,3.455267e-02,5.211951e-02
1.900505e-02,7.151608e-03,1.550147e-02,8.213337e-02,7.746594e-03,1.699220e-02,7.830683e-04,2.024476e-03,2.365469e-01,2.426390e-02,3.703647e-01,1.387632e-02,1.001971e-01,6.225986e-02,4.115340e-02
2.629212e-02,7.057946e-03,1.240468e-02,6.914476e-02,8.297864e-03,1.839196e-02,1.196888e-03,4.262595e-03,3.213556e-01,1.954609e-02,3.330425e-01,1.358209e-02,7.781888e-02,5.320203e-02,3.440399e-02
4.075500e-02,1.090670e-02,1.555114e-02,6.388084e-02,8.078732e-03,1.512106e-02,1.139356e-03,3.766955e-03,3.899325e-01,3.091074e-02,2.592267e-01,1.461856e-02,6.045965e-02,4.270430e-02,4.294771e-02
3.517087e-02,1.003674e-02,1.780104e-02,8.718022e-02,7.480634e-03,1.176631e-02,9.358360e-04,3.355096e-03,4.667590e-01,2.876227e-02,1.963643e-01,1.426981e-02,4.743497e-02,3.154017e-02,4.114272e-02
4.039463e-02,8.933919e-03,3.058743e-02,8.885978e-02,7.564897e-03,8.930309e-03,8.326408e-04,4.211726e-03,5.077521e-01,2.578433e-02,1.619524e-01,1.353719e-02,4.072488e-02,2.528639e-02,3.464739e-02
3.568779e-02,1.553908e-02,6.602136e-02,8.738232e-02,1.342114e-02,9.004690e-03,9.147961e-04,8.982738e-03,4.192690e-01,2.265476e-02,1.885746e-01,3.497648e-02,4.820412e-02,1.964683e-02,2.972017e-02
3.813130e-02,2.386424e-02,1.698368e-01,7.074531e-02,3.497952e-02,1.028870e-02,1.237600e-03,9.121242e-03,3.550559e-01,1.958794e-02,1.579719e-01,2.740886e-02,3.801502e-02,1.667961e-02,2.707612e-02
4.231865e-02,2.132148e-02,2.037819e-01,2.095409e-01,3.812066e-02,1.355570e-02,1.660782e-03,8.501470e-03,2.555737e-01,1.484327e-02,1.118565e-01,1.950279e-02,2.692852e-02,1.203889e-02,2.045476e-02
3.552310e-02,1.609571e-02,1.881100e-01,3.828168e-01,3.093741e-02,1.053299e-02,1.665879e-03,7.717688e-03,1.800842e-01,1.061468e-02,8.016708e-02,1.372186e-02,1.896998e-02,8.495960e-03,1.454663e-02
3.150354e-02,1.435009e-02,1.913301e-01,4.613807e-01,2.590420e-02,2.020954e-02,1.678587e-03,5.985049e-03,1.312940e-01,8.352709e-03,6.675155e-02,1.005886e-02,1.407950e-02,6.028471e-03,1.109311e-02
2.426067e-02,1.435149e-02,1.804596e-01,5.339600e-01,1.983056e-02,1.789075e-02,1.389236e-03,4.436416e-03,1.024984e-01,8.240146e-03,5.813046e-02,7.674377e-03,1.333173e-02,4.312260e-03,9.234015e-03
1.801576e-02,1.359524e-02,1.389915e-01,5.647935e-01,1.571772e-02,1.284155e-02,1.036546e-03,3.259942e-03,8.397404e-02,6.331647e-03,1.150797e-01,5.678831e-03,1.030926e-02,3.426689e-03,6.947965e-03
1.311431e-02,1.090016e-02,1.070308e-01,4.382108e-01,1.159461e-02,9.175403e-03,8.003500e-04,2.500070e-03,7.130998e-02,5.765515e-03,2.995377e-01,4.801932e-03,8.203739e-03,1.139820e-02,5.656442e-03
1.436667e-02,9.019133e-03,1.057563e-01,3.564209e-01,9.312115e-03,7.366819e-03,7.676319e-04,2.213275e-03,6.022762e-02,6.467505e-03,3.918581e-01,5.759859e-03,8.487297e-03,1.690856e-02,5.068215e-03
3.005482e-02,7.601200e-03,8.769196e-02,2.839149e-01,7.952393e-03,7.086099e-03,7.594550e-04,2.188634e-03,4.688860e-02,8.038739e-03,4.708506e-01,7.281818e-03,8.005420e-03,2.745126e-02,4.234097e-03
4.706047e-02,8.677538e-03,7.139675e-02,2.394613e-01,1.049731e-02,1.164933e-02,8.808137e-04,3.502609e-03,3.507768e-02,8.088578e-03,5.130077e-01,9.736378e-03,8.468568e-03,2.873385e-02,3.761131e-03
4.868849e-02,1.206803e-02,5.280572e-02,1.859718e-01,4.284886e-02,1.224070e-02,7.664601e-04,3.156506e-03,2.785526e-02,8.790779e-03,5.309063e-01,1.133275e-02,7.669492e-03,5.076958e-02,4.129194e-03
5.827061e-02,1.677121e-02,4.007120e-02,1.366609e-01,6.054049e-02,1.354969e-02,6.558314e-04,3.314268e-03,2.406078e-02,2.106093e-02,5.294623e-01,1.058672e-02,6.973226e-03,7.240506e-02,5.616817e-03
5.971083e-02,1.842595e-02,5.793616e-02,1.117577e-01,6.530519e-02,2.036748e-02,6.613056e-04,5.982689e-03,4.018566e-02,3.834583e-02,4.567895e-01,1.167029e-02,7.262072e-03,9.793610e-02,7.663227e-03
8.401793e-02,2.588015e-02,4.807664e-02,8.315096e-02,5.882150e-02,3.160844e-02,6.209144e-04,7.329202e-03,4.101031e-02,3.486466e-02,3.788427e-01,1.256458e-02,7.702690e-03,1.781101e-01,7.399286e-03
6.657751e-02,2.430673e-02,3.836695e-02,5.941649e-02,4.453148e-02,2.616145e-02,4.809258e-04,6.368214e-03,3.224665e-02,3.894844e-02,3.722979e-01,1.086007e-02,6.207669e-03,2.666541e-01,6.575517e-03
5.335197e-02,2.017874e-02,5.550085e-02,4.346815e-02,4.033879e-02,2.671498e-02,4.326560e-04,7.575613e-03,2.631203e-02,4.174595e-02,3.809924e-01,1.009529e-02,5.733848e-03,2.819422e-01,5.616584e-03
7.486626e-02,1.946257e-02,7.667540e-02,3.207555e-02,3.292885e-02,4.059324e-02,6.532046e-04,7.633639e-03,2.368799e-02,5.478396e-02,3.399888e-01,1.041677e-02,5.792570e-03,2.756174e-01,4.823927e-03
7.174335e-02,2.094912e-02,7.992343e-02,2.696531e-02,3.602475e-02,5.159198e-02,7.710047e-04,1.039308e-02,3.291305e-02,6.125544e-02,3.287681e-01,1.155421e-02,9.107966e-03,2.535738e-01,4.465430e-03
5.546835e-02,1.691947e-02,6.029665e-02,2.448563e-02,2.996237e-02,4.509860e-02,9.433844e-04,8.994887e-03,4.959847e-02,1.031313e-01,3.284316e-01,1.095162e-02,8.638961e-03,2.527142e-01,4.364499e-03
4.145606e-02,1.524899e-02,4.410170e-02,1.932459e-02,2.807278e-02,3.798825e-02,1.157201e-03,6.944397e-03,7.915787e-02,1.874189e-01,3.033193e-01,9.194076e-03,7.428185e-03,2.155106e-01,3.677097e-03
3.134526e-02,1.329840e-02,3.231757e-02,1.619271e-02,2.495428e-02,3.134083e-02,1.111658e-03,6.878048e-03,8.915795e-02,2.890747e-01,2.596400e-01,7.449605e-03,6.441718e-03,1.877027e-01,3.094501e-03
2.530259e-02,1.174801e-02,2.398694e-02,1.477394e-02,2.464230e-02,2.442482e-02,1.191720e-03,9.124601e-03,9.330299e-02,3.645472e-01,2.070841e-01,7.365192e-03,8.017388e-03,1.810678e-01,3.420385e-03
1.932192e-02,1.570195e-02,1.827175e-02,2.581801e-02,2.700431e-02,1.850554e-02,9.933949e-04,1.915186e-02,2.718507e-01,2.899289e-01,1.481959e-01,6.204586e-03,6.349904e-03,1.299039e-01,2.797384e-03
1.495398e-02,1.404443e-02,1.393934e-02,3.490951e-02,3.437301e-02,1.679558e-02,8.599791e-04,2.132456e-02,4.171228e-01,2.232170e-01,1.048272e-01,4.686118e-03,4.684942e-03,9.213362e-02,2.127860e-03
2.022693e-02,1.262863e-02,1.161001e-02,3.428973e-02,7.193758e-02,1.677779e-02,2.028408e-03,1.824345e-02,5.047950e-01,1.594544e-01,7.472435e-02,3.405775e-03,3.465070e-03,6.472206e-02,1.690923e-03
2.895135e-02,1.318258e-02,9.473413e-03,4.154557e-02,9.485437e-02,1.499589e-02,2.726663e-03,2.770666e-02,5.469895e-01,1.138125e-01,5.348498e-02,2.522161e-03,2.630125e-03,4.559888e-02,1.525355e-03
3.289311e-02,1.153072e-02,8.550246e-03,5.016708e-02,9.437609e-02,1.273863e-02,2.440909e-03,1.041607e-01,5.261481e-01,8.030655e-02,3.852126e-02,2.064046e-03,2.361857e-03,3.224814e-02,1.492524e-03
3.988869e-02,1.242235e-02,7.036868e-03,3.993360e-02,8.305602e-02,1.660400e-02,2.125849e-03,1.616193e-01,5.221887e-01,5.658797e-02,2.927504e-02,2.110085e-03,2.001112e-03,2.346568e-02,1.684707e-03
4.308205e-02,1.674829e-02,5.696279e-03,3.108584e-02,8.313551e-02,1.979762e-02,1.811152e-03,2.055985e-01,5.074288e-01,4.021168e-02,2.261884e-02,1.954859e-03,1.611809e-03,1.740534e-02,1.813458e-03
5.069714e-02,1.961174e-02,6.043180e-03,2.550209e-02,7.488988e-02,2.430303e-02,1.876960e-03,2.899683e-01,4.386701e-01,2.976891e-02,1.927637e-02,1.902295e-03,1.525732e-03,1.380221e-02,2.162140e-03
4.694746e-02,1.590399e-02,5.156842e-03,1.977562e-02,6.424841e-02,1.819360e-02,1.609201e-03,4.378336e-01,3.393306e-01,2.193872e-02,1.455222e-02,1.557087e-03,1.167308e-03,1.005555e-02,1.729793e-03
4.578675e-02,1.487555e-02,5.342724e-03,1.547151e-02,5.787420e-02,1.378386e-02,1.482451e-03,5.519850e-01,2.554828e-01,1.570883e-02,1.059300e-02,1.515880e-03,1.006691e-03,7.438432e-03,1.652367e-03
8.769649e-02,1.468879e-02,6.592514e-03,1.279905e-02,5.148721e-02,1.111979e-02,2.578612e-03,5.693573e-01,2.090881e-01,1.491336e-02,8.299036e-03,1.779313e-03,9.635066e-04,6.709652e-03,1.927354e-03
1.472366e-01,1.537072e-02,1.128425e-02,1.273403e-02,4.480294e-02,1.004912e-02,6.068580e-03,5.449380e-01,1.691693e-01,1.839957e-02,6.859204e-03,2.386139e-03,1.279037e-03,6.598229e-03,2.824283e-03
1.776180e-01,1.296326e-02,1.391247e-02,1.310187e-02,3.861732e-02,1.173517e-02,1.586668e-02,5.538116e-01,1.267208e-01,1.652775e-02,5.493284e-03,2.663542e-03,2.231778e-03,5.736270e-03,3.000227e-03
1.736757e-01,1.072785e-02,1.668112e-02,1.184581e-02,3.685573e-02,1.109495e-02,3.001110e-02,5.875232e-01,9.207521e-02,1.279737e-02,4.266243e-03,2.631268e-03,2.139805e-03,4.765100e-03,2.909516e-03
2.264078e-01,8.709500e-03,1.789377e-02,9.615624e-03,2.977647e-02,1.242352e-02,4.945060e-02,5.502305e-01,6.773666e-02,9.959940e-03,3.656111e-03,3.632898e-03,2.384159e-03,4.206358e-03,3.915967e-03
3.471441e-01,7.177241e-03,1.805430e-02,8.201280e-03,2.431604e-02,1.587230e-02,5.614353e-02,4.428186e-01,4.970133e-02,8.620703e-03,3.321581e-03,6.428286e-03,3.143823e-03,3.596914e-03,5.459926e-03
4.005332e-01,6.192144e-03,1.770705e-02,8.210461e-03,2.028915e-02,1.764900e-02,5.228885e-02,4.111168e-01,3.669503e-02,7.371613e-03,2.914027e-03,7.099472e-03,3.141496e-03,3.184550e-03,5.607081e-03
4.387607e-01,5.077699e-03,1.438015e-02,7.157496e-03,1.867702e-02,1.919605e-02,4.387028e-02,3.999422e-01,2.684495e-02,5.757096e-03,2.394940e-03,6.471045e-03,3.004066e-03,2.718746e-03,5.747474e-03
4.209585e-01,4.328140e-03,1.200525e-02,6.376049e-03,1.714976e-02,2.315519e-02,4.835249e-02,4.230339e-01,2.031475e-02,5.099066e-03,2.233745e-03,5.782492e-03,3.292955e-03,2.200172e-03,5.717593e-03
3.849361e-01,3.902111e-03,1.229672e-02,6.155766e-03,1.704326e-02,2.850619e-02,5.819325e-02,4.480606e-01,1.506815e-02,4.244958e-03,2.441505e-03,6.556291e-03,4.229907e-03,1.951970e-03,6.413223e-03
3.273239e-01,4.700505e-03,1.047732e-02,1.241738e-02,1.367358e-02,1.088395e-01,5.111616e-02,3.310381e-01,1.323280e-02,3.814963e-03,4.061892e-03,9.660389e-03,1.002314e-01,1.790693e-03,7.621394e-03
2.387681e-01,5.621294e-03,8.711917e-03,1.249267e-02,1.065710e-02,1.335825e-01,4.217402e-02,2.390583e-01,1.252374e-02,5.776009e-03,7.497080e-03,1.102467e-02,2.475936e-01,2.041362e-03,2.247768e-02
1.705919e-01,4.184022e-03,6.221935e-03,9.337761e-03,8.308004e-03,9.662593e-02,3.069409e-02,1.690921e-01,9.730437e-03,4.743638e-03,6.447195e-03,8.099543e-03,4.392745e-01,1.528221e-03,3.512068e-02
1.323000e-01,3.076826e-03,4.511830e-03,6.911897e-03,6.331958e-03,7.021714e-02,2.255854e-02,1.198846e-01,7.405686e-03,3.648180e-03,5.206356e-03,6.276522e-03,5.797583e-01,1.228725e-03,3.068344e-02
1.060430e-01,2.504759e-03,3.342296e-03,5.695883e-03,6.196173e-03,9.781037e-02,1.608826e-02,8.456428e-02,6.988863e-03,3.812534e-03,7.978735e-03,9.788655e-03,6.057913e-01,1.745896e-03,4.164904e-02
8.989822e-02,3.162487e-03,1.700865e-02,3.200748e-02,7.326941e-03,7.497863e-02,1.161029e-02,6.940802e-02,5.124353e-02,8.481916e-03,1.233645e-02,1.465939e-02,5.379326e-01,2.533486e-03,6.741188e-02
8.095250e-02,3.071989e-03,4.278510e-02,4.456834e-02,7.351532e-03,5.782893e-02,8.796278e-03,7.221840e-02,4.721551e-02,1.131897e-02,2.211875e-02,1.876446e-02,4.698331e-01,3.490572e-03,1.096856e-01
6.832990e-02,3.481617e-03,4.996404e-02,3.774063e-02,7.187677e-03,4.393912e-02,7.854657e-03,8.210371e-02,6.064604e-02,1.339109e-02,2.497008e-02,1.956801e-02,3.700260e-01,3.421347e-03,2.073761e-01
6.261458e-02,3.893086e-03,4.551664e-02,2.812520e-02,1.182350e-02,3.218136e-02,6.841209e-03,7.348047e-02,7.965253e-02,1.158678e-02,2.189139e-02,1.584704e-02,2.714535e-01,2.906555e-03,3.321861e-01
4.790787e-02,4.465418e-03,1.444571e-01,5.296994e-02,1.224989e-02,3.182714e-02,5.095800e-03,7.868357e-02,1.173135e-01,1.212025e-02,1.857816e-02,1.546354e-02,1.965321e-01,2.276272e-03,2.600595e-01
3.600319e-02,9.057636e-03,2.699354e-01,6.361138e-02,1.058810e-02,2.500995e-02,3.840599e-03,6.672622e-02,1.338948e-01,1.087624e-02,1.731590e-02,1.249128e-02,1.410370e-01,1.780315e-03,1.978320e-01
2.684820e-02,7.429551e-03,2.791085e-01,1.495050e-01,1.019943e-02,2.112060e-02,2.969422e-03,5.205470e-02,1.028125e-01,1.075187e-02,6.129291e-02,1.168741e-02,1.148505e-01,1.546377e-03,1.478231e-01
1.891369e-02,5.444658e-03,2.015063e-01,2.015745e-01,7.442751e-03,1.571095e-02,2.147084e-03,3.784646e-02,7.390166e-02,1.054232e-02,2.125709e-01,1.134208e-02,9.430709e-02,1.315594e-03,1.054340e-01
1.341854e-02,4.032094e-03,1.418220e-01,1.936144e-01,5.966823e-03,1.124585e-02,1.539421e-03,2.722983e-02,5.416672e-02,1.840937e-02,3.687485e-01,1.038922e-02,7.270096e-02,2.061967e-03,7.465439e-02
9.919900e-03,3.166190e-03,9.983373e-02,1.640013e-01,4.477242e-03,8.264898e-03,1.094739e-03,1.914514e-02,4.073185e-02,5.509603e-02,4.433984e-01,1.085940e-02,6.226525e-02,2.372680e-02,5.401913e-02
9.163519e-03,3.379403e-03,7.242999e-02,1.314502e-01,5.608631e-03,6.628501e-03,8.138531e-04,1.380793e-02,3.277225e-02,5.064530e-02,5.133833e-01,1.214770e-02,5.944747e-02,4.931767e-02,3.900427e-02
1.119717e-02,3.016729e-03,5.709162e-02,9.723312e-02,8.657917e-03,5.644741e-03,8.315917e-04,1.416279e-02,2.474373e-02,4.014558e-02,6.068124e-01,9.965630e-03,5.554828e-02,3.741891e-02,2.752980e-02
3.785196e-02,9.938406e-03,4.989341e-02,8.095112e-02,3.037057e-02,1.295986e-02,8.263256e-04,1.326234e-02,2.822287e-02,3.407233e-02,5.614681e-01,9.501949e-03,5.471743e-02,5.397987e-02,2.198343e-02
5.097281e-02,1.197731e-02,5.753903e-02,6.890002e-02,4.148591e-02,2.324868e-02,8.472786e-04,1.452525e-02,3.125918e-02,3.004151e-02,5.225418e-01,8.791768e-03,4.997346e-02,7.038702e-02,1.750903e-02
5.306277e-02,1.644082e-02,4.686495e-02,5.035643e-02,3.034387e-02,5.727036e-02,9.305992e-04,1.375898e-02,2.815617e-02,2.327522e-02,4.837993e-01,7.040672e-03,3.684978e-02,1.372963e-01,1.455382e-02
5.567853e-02,1.971223e-02,3.770845e-02,3.648608e-02,2.264189e-02,7.322007e-02,8.284452e-04,1.196133e-02,3.018446e-02,1.980786e-02,4.562768e-01,6.938290e-03,2.861523e-02,1.832179e-01,1.672242e-02
6.371000e-02,5.074574e-02,4.406670e-02,3.562896e-02,2.164138e-02,7.086477e-02,1.233102e-03,1.329513e-02,4.666477e-02,2.592683e-02,4.016934e-01,7.827881e-03,2.362107e-02,1.740392e-01,1.904115e-02
5.039361e-02,4.141076e-02,1.050861e-01,1.507392e-01,1.909965e-02,5.042798e-02,1.079273e-03,1.843816e-02,8.513443e-02,2.186752e-02,2.888331e-01,6.007952e-03,1.795622e-02,1.282197e-01,1.530641e-02
7.208215e-02,5.178694e-02,9.199348e-02,1.585845e-01,2.187408e-02,4.545775e-02,1.442970e-03,1.916570e-02,1.093606e-01,1.915094e-02,2.580748e-01,5.707883e-03,1.655793e-02,1.118883e-01,1.687193e-02
1.127930e-01,5.315826e-02,8.817230e-02,1.869596e-01,2.198819e-02,6.384652e-02,1.565692e-03,3.623887e-02,9.442980e-02,1.695077e-02,2.024596e-01,6.029447e-03,1.388858e-02,8.507183e-02,1.644752e-02
1.759368e-01,5.487455e-02,7.995552e-02,1.591998e-01,2.110538e-02,5.062121e-02,1.764428e-03,3.122104e-02,1.146306e-01,1.622324e-02,1.672998e-01,8.527029e-03,1.307455e-02,8.446007e-02,2.110607e-02
1.924475e-01,6.206376e-02,6.958394e-02,1.330957e-01,2.072063e-02,4.476567e-02,1.868965e-03,2.612837e-02,1.597559e-01,1.638244e-02,1.430017e-01,9.027921e-03,1.166128e-02,8.908552e-02,2.041066e-02
1.631357e-01,6.447941e-02,8.645690e-02,1.720841e-01,1.941637e-02,4.482519e-02,2.143467e-03,2.916308e-02,1.750443e-01,1.412656e-02,1.089682e-01,7.899686e-03,9.343283e-03,8.679936e-02,1.611438e-02
1.797774e-01,6.487625e-02,8.506522e-02,1.441502e-01,1.857146e-02,4.551029e-02,2.118610e-03,2.832059e-02,2.164640e-01,1.167603e-02,8.596568e-02,8.302383e-03,8.565761e-03,8.677303e-02,1.386300e-02
