1.000000e+00,0.000000e+00,0.000000e+00,0.000000e+00,0.000000e+00,0.000000e+00,0.000000e+00,0.000000e+00,0.000000e+00,0.000000e+00,0.000000e+00,0.000000e+00,0.000000e+00,0.000000e+00,0.000000e+00
1.000000e+00,0.000000e+00,0.000000e+00,0.000000e+00,0.000000e+00,0.000000e+00,0.000000e+00,0.000000e+00,0.000000e+00,0.000000e+00,0.000000e+00,0.000000e+00,0.000000e+00,0.000000e+00,0.000000e+00
1.000000e+00,0.000000e+00,0.000000e+00,0.000000e+00,0.000000e+00,0.000000e+00,0.000000e+00,0.000000e+00,0.000000e+00,0.000000e+00,0.000000e+00,0.000000e+00,0.000000e+00,0.000000e+00,0.000000e+00
1.000000e+00,0.000000e+00,0.000000e+00,0.000000e+00,0.000000e+00,0.000000e+00,0.000000e+00,0.000000e+00,0.000000e+00,0.000000e+00,0.000000e+00,0.000000e+00,0.000000e+00,0.000000e+00,0.000000e+00
1.000000e+00,0.000000e+00,0.000000e+00,0.000000e+00,0.000000e+00,0.000000e+00,0.000000e+00,0.000000e+00,0.000000e+00,0.000000e+00,0.000000e+00,0.000000e+00,0.000000e+00,0.000000e+00,0.000000e+00
1.000000e+00,0.000000e+00,0.000000e+00,0.000000e+00,0.000000e+00,0.000000e+00,0.000000e+00,0.000000e+00,0.000000e+00,0.000000e+00,0.000000e+00,0.000000e+00,0.000000e+00,0.000000e+00,0.000000e+00
1.000000e+00,0.000000e+00,0.000000e+00,0.000000e+00,0.000000e+00,0.000000e+00,0.000000e+00,0.000000e+00,0.000000e+00,0.000000e+00,0.000000e+00,0.000000e+00,0.000000e+00,0.000000e+00,0.000000e+00
1.000000e+00,0.000000e+00,0.000000e+00,0.000000e+00,0.000000e+00,0.000000e+00,0.000000e+00,0.000000e+00,0.000000e+00,0.000000e+00,0.000000e+00,0.000000e+00,0.000000e+00,0.000000e+00,0.000000e+00
1.000000e+00,0.000000e+00,0.000000e+00,0.000000e+00,0.000000e+00,0.000000e+00,0.000000e+00,0.000000e+00,0.000000e+00,0.000000e+00,0.000000e+00,0.000000e+00,0.000000e+00,0.000000e+00,0.000000e+00
1.000000e+00,0.000000e+00,0.000000e+00,0.000000e+00,0.000000e+00,0.000000e+00,0.000000e+00,0.000000e+00,0.000000e+00,0.000000e+00,0.000000e+00,0.000000e+00,0.000000e+00,0.000000e+00,0.000000e+00
1.000000e+00,0.000000e+00,0.000000e+00,0.000000e+00,0.000000e+00,0.000000e+00,0.000000e+00,0.000000e+00,0.000000e+00,0.000000e+00,0.000000e+00,0.000000e+00,0.000000e+00,0.000000e+00,0.000000e+00
1.000000e+00,0.000000e+00,0.000000e+00,0.000000e+00,0.000000e+00,0.000000e+00,0.000000e+00,0.000000e+00,0.000000e+00,0.000000e+00,0.000000e+00,0.000000e+00,0.000000e+00,0.000000e+00,0.000000e+00
1.000000e+00,0.000000e+00,0.000000e+00,0.000000e+00,0.000000e+00,0.000000e+00,0.000000e+00,0.000000e+00,0.000000e+00,0.000000e+00,0.000000e+00,0.000000e+00,0.000000e+00,0.000000e+00,0.000000e+00
1.000000e+00,0.000000e+00,0.000000e+00,0.000000e+00,0.000000e+00,0.000000e+00,0.000000e+00,0.000000e+00,0.000000e+00,0.000000e+00,0.000000e+00,0.000000e+00,0.000000e+00,0.000000e+00,0.000000e+00
1.000000e+00,0.000000e+00,0.000000e+00,0.000000e+00,0.000000e+00,0.000000e+00,0.000000e+00,0.000000e+00,0.000000e+00,0.000000e+00,0.000000e+00,0.000000e+00,0.000000e+00,0.000000e+00,0.000000e+00
1.000000e+00,0.000000e+00,0.000000e+00,0.000000e+00,0.000000e+00,0.000000e+00,0.000000e+00,0.000000e+00,0.000000e+00,0.000000e+00,0.000000e+00,0.000000e+00,0.000000e+00,0.000000e+00,0.000000e+00
1.000000e+00,0.000000e+00,0.000000e+00,0.000000e+00,0.000000e+00,0.000000e+00,0.000000e+00,0.000000e+00,0.000000e+00,0.000000e+00,0.000000e+00,0.000000e+00,0.000000e+00,0.000000e+00,0.000000e+00
1.000000e+00,0.000000e+00,0.000000e+00,0.000000e+00,0.000000e+00,0.000000e+00,0.000000e+00,0.000000e+00,0.000000e+00,0.000000e+00,0.000000e+00,0.000000e+00,0.000000e+00,0.000000e+00,0.000000e+00
1.000000e+00,0.000000e+00,0.000000e+00,0.000000e+00,0.000000e+00,0.000000e+00,0.000000e+00,0.000000e+00,0.000000e+00,0.000000e+00,0.000000e+00,0.000000e+00,0.000000e+00,0.000000e+00,0.000000e+00
1.000000e+00,0.000000e+00,0.000000e+00,0.000000e+00,0.000000e+00,0.000000e+00,0.000000e+00,0.000000e+00,0.000000e+00,0.000000e+00,0.000000e+00,0.000000e+00,0.000000e+00,0.000000e+00,0.000000e+00
1.000000e+00,0.000000e+00,0.000000e+00,0.000000e+00,0.000000e+00,0.000000e+00,0.000000e+00,0.000000e+00,0.000000e+00,0.000000e+00,0.000000e+00,0.000000e+00,0.000000e+00,0.000000e+00,0.000000e+00
1.000000e+00,0.000000e+00,0.000000e+00,0.000000e+00,0.000000e+00,0.000000e+00,0.000000e+00,0.000000e+00,0.000000e+00,0.000000e+00,0.000000e+00,0.000000e+00,0.000000e+00,0.000000e+00,0.000000e+00
1.000000e+00,0.000000e+00,0.000000e+00,0.000000e+00,0.000000e+00,0.000000e+00,0.000000e+00,0.000000e+00,0.000000e+00,0.000000e+00,0.000000e+00,0.000000e+00,0.000000e+00,0.000000e+00,0.000000e+00
1.000000e+00,0.000000e+00,0.000000e+00,0.000000e+00,0.000000e+00,0.000000e+00,0.000000e+00,0.000000e+00,0.000000e+00,0.000000e+00,0.000000e+00,0.000000e+00,0.000000e+00,0.000000e+00,0.000000e+00
1.000000e+00,0.000000e+00,0.000000e+00,0.000000e+00,0.000000e+00,0.000000e+00,0.000000e+00,0.000000e+00,0.000000e+00,0.000000e+00,0.000000e+00,0.000000e+00,0.000000e+00,0.000000e+00,0.000000e+00
1.000000e+00,0.000000e+00,0.000000e+00,0.000000e+00,0.000000e+00,0.000000e+00,0.000000e+00,0.000000e+00,0.000000e+00,0.000000e+00,0.000000e+00,0.000000e+00,0.000000e+00,0.000000e+00,0.000000e+00
1.000000e+00,0.000000e+00,0.000000e+00,0.000000e+00,0.000000e+00,0.000000e+00,0.000000e+00,0.000000e+00,0.000000e+00,0.000000e+00,0.000000e+00,0.000000e+00,0.000000e+00,0.000000e+00,0.000000e+00
1.000000e+00,0.000000e+00,0.000000e+00,0.000000e+00,0.000000e+00,0.000000e+00,0.000000e+00,0.000000e+00,0.000000e+00,0.000000e+00,0.000000e+00,0.000000e+00,0.000000e+00,0.000000e+00,0.000000e+00
1.000000e+00,0.000000e+00,0.000000e+00,0.000000e+00,0.000000e+00,0.000000e+00,0.000000e+00,0.000000e+00,0.000000e+00,0.000000e+00,0.000000e+00,0.000000e+00,0.000000e+00,0.000000e+00,0.000000e+00
1.000000e+00,0.000000e+00,0.000000e+00,0.000000e+00,0.000000e+00,0.000000e+00,0.000000e+00,0.000000e+00,0.000000e+00,0.000000e+00,0.000000e+00,0.000000e+00,0.000000e+00,0.000000e+00,0.000000e+00
1.000000e+00,0.000000e+00,0.000000e+00,0.000000e+00,0.000000e+00,0.000000e+00,0.000000e+00,0.000000e+00,0.000000e+00,0.000000e+00,0.000000e+00,0.000000e+00,0.000000e+00,0.000000e+00,0.000000e+00
1.000000e+00,0.000000e+00,0.000000e+00,0.000000e+00,0.000000e+00,0.000000e+00,0.000000e+00,0.000000e+00,0.000000e+00,0.000000e+00,0.000000e+00,0.000000e+00,0.000000e+00,0.000000e+00,0.000000e+00
1.000000e+00,0.000000e+00,0.000000e+00,0.000000e+00,0.000000e+00,0.000000e+00,0.000000e+00,0.000000e+00,0.000000e+00,0.000000e+00,0.000000e+00,0.000000e+00,0.000000e+00,0.000000e+00,0.000000e+00
1.000000e+00,0.000000e+00,0.000000e+00,0.000000e+00,0.000000e+00,0.000000e+00,0.000000e+00,0.000000e+00,0.000000e+00,0.000000e+00,0.000000e+00,0.000000e+00,0.000000e+00,0.000000e+00,0.000000e+00
1.000000e+00,0.000000e+00,0.000000e+00,0.000000e+00,0.000000e+00,0.000000e+00,0.000000e+00,0.000000e+00,0.000000e+00,0.000000e+00,0.000000e+00,0.000000e+00,0.000000e+00,0.000000e+00,0.000000e+00
1.000000e+00,0.000000e+00,0.000000e+00,0.000000e+00,0.000000e+00,0.000000e+00,0.000000e+00,0.000000e+00,0.000000e+00,0.000000e+00,0.000000e+00,0.000000e+00,0.000000e+00,0.000000e+00,0.000000e+00
1.000000e+00,0.000000e+00,0.000000e+00,0.000000e+00,0.000000e+00,0.000000e+00,0.000000e+00,0.000000e+00,0.000000e+00,0.000000e+00,0.000000e+00,0.000000e+00,0.000000e+00,0.000000e+00,0.000000e+00
1.000000e+00,0.000000e+00,0.000000e+00,0.000000e+00,0.000000e+00,0.000000e+00,0.000000e+00,0.000000e+00,0.000000e+00,0.000000e+00,0.000000e+00,0.000000e+00,0.000000e+00,0.000000e+00,0.000000e+00
1.000000e+00,0.000000e+00,0.000000e+00,0.000000e+00,0.000000e+00,0.000000e+00,0.000000e+00,0.000000e+00,0.000000e+00,0.000000e+00,0.000000e+00,0.000000e+00,0.000000e+00,0.000000e+00,0.000000e+00
1.000000e+00,0.000000e+00,0.000000e+00,0.000000e+00,0.000000e+00,0.000000e+00,0.000000e+00,0.000000e+00,0.000000e+00,0.000000e+00,0.000000e+00,0.000000e+00,0.000000e+00,0.000000e+00,0.000000e+00
1.000000e+00,0.000000e+00,0.000000e+00,0.000000e+00,0.000000e+00,0.000000e+00,0.000000e+00,0.000000e+00,0.000000e+00,0.000000e+00,0.000000e+00,0.000000e+00,0.000000e+00,0.000000e+00,0.000000e+00
1.000000e+00,0.000000e+00,0.000000e+00,0.000000e+00,0.000000e+00,0.000000e+00,0.000000e+00,0.000000e+00,0.000000e+00,0.000000e+00,0.000000e+00,0.000000e+00,0.000000e+00,0.000000e+00,0.000000e+00
1.000000e+00,0.000000e+00,0.000000e+00,0.000000e+00,0.000000e+00,0.000000e+00,0.000000e+00,0.000000e+00,0.000000e+00,0.000000e+00,0.000000e+00,0.000000e+00,0.000000e+00,0.000000e+00,0.000000e+00
1.000000e+00,0.000000e+00,0.000000e+00,0.000000e+00,0.000000e+00,0.000000e+00,0.000000e+00,0.000000e+00,0.000000e+00,0.000000e+00,0.000000e+00,0.000000e+00,0.000000e+00,0.000000e+00,0.000000e+00
1.000000e+00,0.000000e+00,0.000000e+00,0.000000e+00,0.000000e+00,0.000000e+00,0.000000e+00,0.000000e+00,0.000000e+00,0.000000e+00,0.000000e+00,0.000000e+00,0.000000e+00,0.000000e+00,0.000000e+00
1.000000e+00,0.000000e+00,0.000000e+00,0.000000e+00,0.000000e+00,0.000000e+00,0.000000e+00,0.000000e+00,0.000000e+00,0.000000e+00,0.000000e+00,0.000000e+00,0.000000e+00,0.000000e+00,0.000000e+00
1.000000e+00,0.000000e+00,0.000000e+00,0.000000e+00,0.000000e+00,0.000000e+00,0.000000e+00,0.000000e+00,0.000000e+00,0.000000e+00,0.000000e+00,0.000000e+00,0.000000e+00,0.000000e+00,0.000000e+00
1.000000e+00,0.000000e+00,0.000000e+00,0.000000e+00,0.000000e+00,0.000000e+00,0.000000e+00,0.000000e+00,0.000000e+00,0.000000e+00,0.000000e+00,0.000000e+00,0.000000e+00,0.000000e+00,0.000000e+00
1.000000e+00,0.000000e+00,0.000000e+00,0.000000e+00,0.000000e+00,0.000000e+00,0.000000e+00,0.000000e+00,0.000000e+00,0.000000e+00,0.000000e+00,0.000000e+00,0.000000e+00,0.000000e+00,0.000000e+00
1.000000e+00,0.000000e+00,0.000000e+00,0.000000e+00,0.000000e+00,0.000000e+00,0.000000e+00,0.000000e+00,0.000000e+00,0.000000e+00,0.000000e+00,0.000000e+00,0.000000e+00,0.000000e+00,0.000000e+00
1.000000e+00,0.000000e+00,0.000000e+00,0.000000e+00,0.000000e+00,0.000000e+00,0.000000e+00,0.000000e+00,0.000000e+00,0.000000e+00,0.000000e+00,0.000000e+00,0.000000e+00,0.000000e+00,0.000000e+00
1.000000e+00,0.000000e+00,0.000000e+00,0.000000e+00,0.000000e+00,0.000000e+00,0.000000e+00,0.000000e+00,0.000000e+00,0.000000e+00,0.000000e+00,0.000000e+00,0.000000e+00,0.000000e+00,0.000000e+00
1.000000e+00,0.000000e+00,0.000000e+00,0.000000e+00,0.000000e+00,0.000000e+00,0.000000e+00,0.000000e+00,0.000000e+00,0.000000e+00,0.000000e+00,0.000000e+00,0.000000e+00,0.000000e+00,0.000000e+00
1.000000e+00,0.000000e+00,0.000000e+00,0.000000e+00,0.000000e+00,0.000000e+00,0.000000e+00,0.000000e+00,0.000000e+00,0.000000e+00,0.000000e+00,0.000000e+00,0.000000e+00,0.000000e+00,0.000000e+00
1.000000e+00,0.000000e+00,0.000000e+00,0.000000e+00,0.000000e+00,0.000000e+00,0.000000e+00,0.000000e+00,0.000000e+00,0.000000e+00,0.000000e+00,0.000000e+00,0.000000e+00,0.000000e+00,0.000000e+00
1.000000e+00,0.000000e+00,0.000000e+00,0.000000e+00,0.000000e+00,0.000000e+00,0.000000e+00,0.000000e+00,0.000000e+00,0.000000e+00,0.000000e+00,0.000000e+00,0.000000e+00,0.000000e+00,0.000000e+00
4.732101e-01,7.243153e-02,4.428763e-02,1.114327e-01,1.999179e-02,3.736743e-02,8.892446e-03,2.358152e-02,1.706027e-02,6.539240e-03,3.433166e-02,4.928920e-02,1.788477e-02,1.463490e-02,6.906491e-02
4.385422e-01,7.370006e-02,4.930567e-02,1.167674e-01,1.970849e-02,3.501895e-02,8.666257e-03,2.198724e-02,1.958633e-02,7.134686e-03,3.839775e-02,5.620704e-02,2.253496e-02,1.696482e-02,7.547813e-02
4.415323e-01,6.882020e-02,4.114396e-02,1.099390e-01,1.846299e-02,3.163193e-02,7.446074e-03,1.895776e-02,2.181602e-02,7.492224e-03,4.359942e-02,5.644449e-02,2.376760e-02,2.601258e-02,8.293357e-02
4.096285e-01,6.718016e-02,4.063835e-02,1.047643e-01,1.651495e-02,2.917117e-02,6.604407e-03,1.763551e-02,2.595039e-02,7.987859e-03,5.796705e-02,6.067717e-02,2.789453e-02,3.348573e-02,9.389992e-02
4.992466e-01,5.490269e-02,3.123278e-02,8.466533e-02,1.357165e-02,2.548792e-02,5.927130e-03,1.508627e-02,2.298730e-02,6.791311e-03,4.988429e-02,5.255254e-02,2.651759e-02,3.043807e-02,8.070861e-02
1.000000e+00,0.000000e+00,0.000000e+00,0.000000e+00,0.000000e+00,0.000000e+00,0.000000e+00,0.000000e+00,0.000000e+00,0.000000e+00,0.000000e+00,0.000000e+00,0.000000e+00,0.000000e+00,0.000000e+00
1.000000e+00,0.000000e+00,0.000000e+00,0.000000e+00,0.000000e+00,0.000000e+00,0.000000e+00,0.000000e+00,0.000000e+00,0.000000e+00,0.000000e+00,0.000000e+00,0.000000e+00,0.000000e+00,0.000000e+00
1.000000e+00,0.000000e+00,0.000000e+00,0.000000e+00,0.000000e+00,0.000000e+00,0.000000e+00,0.000000e+00,0.000000e+00,0.000000e+00,0.000000e+00,0.000000e+00,0.000000e+00,0.000000e+00,0.000000e+00
1.000000e+00,0.000000e+00,0.000000e+00,0.000000e+00,0.000000e+00,0.000000e+00,0.000000e+00,0.000000e+00,0.000000e+00,0.000000e+00,0.000000e+00,0.000000e+00,0.000000e+00,0.000000e+00,0.000000e+00
3.799307e-01,2.252650e-02,1.597838e-02,3.523375e-02,1.751488e-01,2.995652e-02,7.342988e-03,2.576748e-02,6.899595e-03,2.071359e-01,2.755654e-02,2.005024e-02,1.218930e-02,9.080647e-03,2.520267e-02
2.665443e-01,1.601863e-02,1.144274e-02,2.655825e-02,1.302252e-01,2.490055e-02,5.462174e-03,1.813981e-02,5.659284e-03,3.740118e-01,4.439475e-02,1.416473e-02,1.046999e-02,6.607695e-03,4.540013e-02
1.868210e-01,1.442377e-02,1.068423e-02,7.218456e-02,9.341678e-02,1.770731e-02,4.132928e-03,1.271149e-02,3.915308e-02,4.110599e-01,5.259032e-02,1.043444e-02,8.734412e-03,4.829375e-03,6.111647e-02
1.309963e-01,1.054891e-02,7.755186e-03,5.502227e-02,6.573310e-02,1.292981e-02,2.958956e-03,8.912400e-03,3.216183e-02,5.225458e-01,5.030985e-02,7.554216e-03,9.395681e-03,3.541920e-03,7.963383e-02
9.384708e-02,7.657956e-03,5.461908e-03,3.882784e-02,4.606460e-02,9.740062e-03,2.089938e-03,6.253990e-03,2.308037e-02,5.000436e-01,5.310249e-02,5.522947e-03,8.081382e-03,3.475627e-03,1.967502e-01
6.626549e-02,1.075059e-02,4.435683e-03,2.755423e-02,3.232512e-02,7.303023e-03,1.475829e-03,4.388182e-03,2.057813e-02,4.453741e-01,3.988806e-02,4.007816e-03,6.321508e-03,3.180625e-03,3.261517e-01
4.694059e-02,9.033365e-03,3.701929e-03,1.937823e-02,2.266950e-02,5.606729e-03,1.040541e-03,3.082141e-03,1.560473e-02,5.212874e-01,2.853302e-02,2.948500e-03,4.868933e-03,3.015157e-03,3.122893e-01
3.800478e-02,1.444932e-02,3.246245e-03,1.361547e-02,1.594222e-02,5.473906e-03,7.406828e-04,2.171867e-03,1.764565e-02,4.502917e-01,2.161183e-02,2.143336e-03,4.004759e-03,2.576439e-03,4.080818e-01
3.318395e-02,3.571928e-02,3.013347e-03,9.726322e-03,1.129579e-02,6.164794e-03,5.604097e-04,1.620804e-03,3.791460e-02,3.927939e-01,1.713146e-02,1.672463e-03,4.094698e-03,3.569926e-03,4.415382e-01
2.426659e-02,3.982105e-02,2.478752e-03,6.881034e-03,7.946795e-03,6.124286e-03,4.047578e-04,1.157467e-03,1.347703e-01,3.473113e-01,1.293002e-02,1.329759e-03,3.561476e-03,3.798323e-03,4.072180e-01
1.806757e-02,2.844780e-02,1.767708e-03,4.889695e-03,5.593618e-03,5.734895e-03,2.975572e-04,8.185635e-04,3.381740e-01,2.471803e-01,9.794145e-03,1.028996e-03,3.569612e-03,4.737403e-03,3.298980e-01
1.294712e-02,2.033459e-02,1.252302e-03,3.484787e-03,3.922290e-03,4.504278e-03,2.117668e-04,5.759418e-04,5.074917e-01,1.769536e-01,8.040991e-03,1.140899e-03,5.170204e-03,5.328690e-03,2.486407e-01
9.920700e-03,2.335880e-02,1.616141e-03,2.717682e-03,2.796606e-03,3.222129e-03,1.631604e-04,4.192222e-04,6.249008e-01,1.257958e-01,6.039139e-03,1.070632e-03,4.357346e-03,1.071220e-02,1.829095e-01
7.454841e-03,1.751785e-02,1.309312e-03,2.102223e-03,1.990455e-03,2.516968e-03,1.240920e-04,3.155340e-04,6.323411e-01,1.040950e-01,1.016505e-02,1.948621e-03,8.330679e-03,4.112691e-02,1.686613e-01
7.505598e-03,1.489320e-02,7.031904e-03,4.313397e-03,1.790936e-03,1.904886e-03,1.496358e-04,4.186588e-04,6.918558e-01,7.602277e-02,1.589574e-02,2.508208e-03,8.022928e-03,4.005437e-02,1.276319e-01
6.040170e-03,1.179336e-02,8.269579e-03,4.040479e-03,1.561409e-03,1.566824e-03,1.454102e-04,3.370889e-04,5.311569e-01,5.992571e-02,3.852785e-02,2.755979e-03,8.293821e-03,2.108947e-01,1.146907e-01
6.048151e-03,9.849994e-03,9.151059e-03,4.119965e-03,2.047316e-03,1.358209e-03,1.815310e-04,5.141205e-04,3.907009e-01,4.679832e-02,1.356660e-01,2.964066e-03,8.147474e-03,2.565940e-01,1.258588e-01
7.722910e-03,1.030672e-02,6.537811e-02,8.661740e-03,5.241136e-03,1.388872e-03,2.660364e-04,5.267246e-04,3.234269e-01,4.525750e-02,1.527701e-01,3.434384e-03,8.245395e-03,2.526967e-01,1.146767e-01
7.571065e-03,8.687505e-03,6.734820e-02,8.000767e-03,5.236839e-03,1.562961e-03,4.171491e-04,9.616109e-04,2.390044e-01,5.395673e-02,1.911810e-01,4.813406e-03,8.002022e-03,2.809558e-01,1.223006e-01
1.029453e-02,9.183787e-03,5.313608e-02,7.266260e-03,6.072641e-03,2.036187e-03,4.768980e-04,1.597132e-03,1.839909e-01,4.315992e-02,2.850775e-01,4.317295e-03,7.079156e-03,2.792301e-01,1.070815e-01
1.140595e-02,9.647426e-03,4.231860e-02,5.985990e-03,5.179635e-03,2.492986e-03,4.257907e-04,1.954284e-03,1.399623e-01,3.559308e-02,4.030881e-01,4.838062e-03,5.873452e-03,2.479611e-01,8.327319e-02
1.214411e-02,9.612195e-03,3.579373e-02,4.966609e-03,4.584038e-03,3.266277e-03,3.836651e-04,1.848820e-03,1.113989e-01,3.322708e-02,4.529579e-01,5.060602e-03,5.221601e-03,2.526629e-01,6.687143e-02
1.659160e-02,9.476554e-03,2.890006e-02,4.098976e-03,5.985729e-03,9.348549e-03,5.106677e-04,1.933955e-03,9.019496e-02,3.498164e-02,4.504043e-01,6.972308e-03,5.882083e-03,2.719041e-01,6.281443e-02
1.760214e-02,9.836125e-03,2.402294e-02,3.210094e-03,6.103279e-03,1.073503e-02,4.877449e-04,1.994333e-03,7.610525e-02,3.195320e-02,4.770200e-01,1.028593e-02,7.287163e-03,2.642467e-01,5.910997e-02
1.540794e-02,1.496132e-02,2.082556e-02,2.819196e-03,6.148283e-03,2.184827e-02,5.333021e-04,3.089955e-03,8.745357e-02,3.094680e-02,4.705471e-01,1.007421e-02,9.150259e-03,2.605943e-01,4.559983e-02
1.288597e-02,1.296508e-02,1.598510e-02,2.090308e-03,5.184606e-03,2.287629e-02,4.472823e-04,2.529057e-03,7.208291e-02,3.389631e-02,5.242599e-01,9.150506e-03,7.006988e-03,2.460464e-01,3.259329e-02
1.000402e-02,9.711767e-03,1.155837e-02,1.534616e-03,4.383354e-03,1.710005e-02,4.218818e-04,2.045893e-03,5.264598e-02,2.826291e-02,5.758238e-01,7.804119e-03,5.758343e-03,2.499564e-01,2.298849e-02
7.711912e-03,7.913944e-03,9.080266e-03,1.201066e-03,6.032534e-03,1.309520e-02,5.133238e-04,1.686631e-03,4.201969e-02,2.884165e-02,5.640694e-01,6.360573e-03,4.755622e-03,2.904655e-01,1.625265e-02
6.368667e-03,6.274485e-03,9.161068e-03,1.158012e-03,6.987282e-03,1.051030e-02,5.535954e-04,2.085062e-03,3.437186e-02,2.666988e-02,5.404973e-01,5.024892e-03,3.671428e-03,3.351654e-01,1.150073e-02
7.229574e-03,6.644606e-03,4.760444e-02,3.163324e-03,7.055910e-03,1.122362e-02,7.640782e-04,4.778367e-03,2.814688e-02,4.415117e-02,4.858846e-01,4.443587e-03,3.282927e-03,3.371576e-01,8.469298e-03
7.191557e-03,6.545901e-03,3.831328e-02,3.354413e-03,6.397117e-03,1.081131e-02,6.223007e-04,4.221486e-03,2.281305e-02,5.421032e-02,4.707000e-01,3.936759e-03,2.789774e-03,3.618619e-01,6.230790e-03
7.680529e-03,8.362253e-03,3.026072e-02,3.362864e-03,6.290695e-03,9.676768e-03,5.306597e-04,3.504698e-03,1.742713e-02,5.033626e-02,4.419329e-01,3.477006e-03,2.331220e-03,4.102504e-01,4.576006e-03
8.472465e-03,1.210190e-02,2.269806e-02,2.941595e-03,7.314119e-03,1.233619e-02,7.182321e-04,2.668696e-03,1.456086e-02,5.733555e-02,4.457504e-01,3.598086e-03,2.314436e-03,4.035251e-01,3.664417e-03
9.075742e-03,1.495065e-02,1.847466e-02,2.871513e-03,1.204673e-02,2.484852e-02,2.339036e-03,2.706085e-03,1.490243e-02,6.257023e-02,4.065694e-01,3.582291e-03,2.562822e-03,4.191758e-01,3.324154e-03
9.332982e-03,1.230034e-02,1.409439e-02,2.786200e-03,1.604291e-02,3.136343e-02,3.269477e-03,3.084184e-03,2.639266e-02,6.681085e-02,3.721623e-01,3.491363e-03,3.273112e-03,4.327673e-01,2.828475e-03
1.146132e-02,9.675452e-03,1.182957e-02,2.896216e-03,1.576095e-02,2.412202e-02,3.758257e-03,4.541190e-03,2.365299e-02,1.311649e-01,3.696289e-01,5.426906e-03,4.039994e-03,3.794360e-01,2.605328e-03
1.086083e-02,7.541070e-03,1.008584e-02,2.445890e-03,1.798213e-02,2.375005e-02,6.300040e-03,4.499221e-03,2.715868e-02,1.382278e-01,4.305429e-01,6.954960e-03,6.442760e-03,3.046784e-01,2.529463e-03
1.400762e-02,5.975718e-03,2.149902e-02,5.918859e-03,2.083781e-02,2.759792e-02,1.507431e-02,2.147423e-02,3.188257e-02,1.754595e-01,3.727899e-01,1.330600e-02,9.439575e-03,2.614304e-01,3.306624e-03
2.382763e-02,4.562853e-03,3.114687e-02,1.331498e-02,1.715266e-02,4.521876e-02,2.137929e-02,5.418961e-02,2.495548e-02,2.070476e-01,3.035266e-01,1.274963e-02,9.132656e-03,2.288542e-01,2.941258e-03
5.511075e-02,4.325399e-03,4.921463e-02,1.386466e-02,1.744424e-02,4.613000e-02,1.765615e-02,1.286939e-01,3.029845e-02,1.780599e-01,2.485730e-01,1.385620e-02,8.045578e-03,1.857971e-01,2.930016e-03
9.936075e-02,8.787950e-03,7.538239e-02,1.191069e-02,2.744470e-02,5.064585e-02,1.525742e-02,1.116936e-01,4.230027e-02,1.691999e-01,2.125909e-01,1.222160e-02,6.826682e-03,1.514515e-01,4.925899e-03
1.226293e-01,1.231753e-02,6.417799e-02,1.171819e-02,3.681491e-02,4.862305e-02,1.677394e-02,1.849385e-01,6.251232e-02,1.291910e-01,1.757603e-01,1.120897e-02,6.183286e-03,1.122970e-01,4.853703e-03
1.288781e-01,1.447598e-02,5.205053e-02,1.063655e-02,3.925138e-02,3.860706e-02,4.081257e-02,2.659344e-01,6.687456e-02,9.694222e-02,1.399287e-01,1.018334e-02,5.769799e-03,8.528176e-02,4.372957e-03
1.461786e-01,1.541616e-02,3.944866e-02,9.338232e-03,3.806585e-02,3.192567e-02,5.544822e-02,3.140566e-01,7.467078e-02,7.738073e-02,1.095165e-01,9.298200e-03,5.062842e-03,7.024366e-02,3.949230e-03
1.757603e-01,2.803530e-02,3.411053e-02,9.343555e-03,3.505952e-02,2.681647e-02,4.943623e-02,3.142186e-01,9.778089e-02,6.342399e-02,8.162826e-02,8.426001e-03,4.563257e-03,6.694739e-02,4.449689e-03
2.410223e-01,4.167029e-02,2.772172e-02,8.272288e-03,2.883363e-02,2.148781e-02,3.804797e-02,2.797801e-01,1.091227e-01,6.068314e-02,5.975502e-02,7.475251e-03,3.832573e-03,6.616123e-02,6.133962e-03
3.080688e-01,4.506107e-02,2.376793e-02,6.984709e-03,2.323176e-02,1.858672e-02,2.955589e-02,2.408656e-01,1.175717e-01,5.199312e-02,4.446760e-02,7.501972e-03,3.403554e-03,7.075059e-02,8.188951e-03
3.921285e-01,4.355359e-02,2.036282e-02,6.872294e-03,2.135311e-02,1.676430e-02,2.285539e-02,1.911612e-01,1.176734e-01,4.255004e-02,3.452529e-02,8.626077e-03,3.390074e-03,6.585461e-02,1.232946e-02
4.464800e-01,4.389481e-02,1.918361e-02,7.206105e-03,2.014422e-02,1.674360e-02,1.872785e-02,1.547989e-01,1.098175e-01,3.546863e-02,2.748115e-02,9.277474e-03,3.450341e-03,7.131688e-02,1.600894e-02
4.858976e-01,4.063021e-02,2.387572e-02,8.998842e-03,2.039089e-02,1.735931e-02,1.604111e-02,1.296928e-01,9.698318e-02,3.118861e-02,2.420912e-02,1.166850e-02,4.066219e-03,6.835587e-02,2.064205e-02
4.657216e-01,3.577529e-02,3.480435e-02,1.424047e-02,2.116199e-02,1.738006e-02,1.451937e-02,1.680907e-01,7.884845e-02,2.668085e-02,2.391078e-02,1.525190e-02,5.062412e-03,5.614940e-02,2.240243e-02
3.712072e-01,2.875496e-02,2.716338e-02,1.036212e-01,2.405760e-02,1.510115e-02,1.035028e-02,1.723903e-01,7.578364e-02,2.134815e-02,6.167879e-02,1.620558e-02,1.210253e-02,4.069423e-02,1.954110e-02
3.263147e-01,2.224814e-02,2.229504e-02,8.915134e-02,2.454675e-02,1.339133e-02,7.666279e-03,1.941977e-01,8.643456e-02,3.559061e-02,8.567666e-02,1.883068e-02,1.896984e-02,3.208780e-02,2.259856e-02
2.397828e-01,1.590958e-02,1.599195e-02,6.540400e-02,1.971890e-02,9.776357e-03,5.429803e-03,1.460556e-01,8.086030e-02,2.314878e-01,8.987905e-02,1.430053e-02,2.255604e-02,2.418363e-02,1.866370e-02
1.828175e-01,1.235476e-02,1.185146e-02,5.294366e-02,1.755206e-02,7.370315e-03,3.885366e-03,1.080003e-01,6.472252e-02,3.130030e-01,1.291938e-01,1.350422e-02,4.354224e-02,2.098078e-02,1.827794e-02
1.328018e-01,9.172902e-03,8.880196e-03,4.275705e-02,2.010973e-02,5.712077e-03,2.822089e-03,8.246341e-02,5.482465e-02,4.418676e-01,1.127707e-01,1.034272e-02,4.068978e-02,1.635198e-02,1.843328e-02
9.542999e-02,6.765205e-03,6.458753e-03,3.861018e-02,2.304658e-02,4.252263e-03,2.232178e-03,6.614717e-02,6.005226e-02,5.077593e-01,1.006050e-01,8.490476e-03,4.547903e-02,1.348908e-02,2.118259e-02
7.233375e-02,4.971934e-03,5.243819e-03,3.806715e-02,2.643317e-02,3.246611e-03,1.883215e-03,6.426459e-02,5.757516e-02,4.489927e-01,1.109353e-01,7.601116e-03,4.623687e-02,1.386353e-02,9.835106e-02
5.791930e-02,3.703120e-03,6.437983e-03,3.155511e-02,6.214669e-02,2.776360e-03,2.456084e-03,1.061437e-01,5.815484e-02,3.978004e-01,1.068404e-01,7.445513e-03,4.898325e-02,1.105120e-02,9.658602e-02
4.397958e-02,2.653776e-03,9.086298e-03,2.413324e-02,5.507917e-02,2.163382e-03,2.401582e-03,2.224755e-01,4.593317e-02,3.051221e-01,1.109304e-01,1.016867e-02,5.709659e-02,8.383012e-03,1.003935e-01
7.409590e-02,2.595248e-03,1.365502e-02,4.618925e-02,7.125939e-02,6.868755e-03,3.183899e-03,2.071894e-01,6.437238e-02,2.325586e-01,1.038895e-01,1.776076e-02,6.308408e-02,6.866709e-03,8.643116e-02
6.527835e-02,2.131969e-03,1.675054e-02,5.359230e-02,7.099852e-02,1.117772e-02,2.664043e-03,2.251652e-01,6.837569e-02,2.059304e-01,1.058289e-01,2.216991e-02,7.111520e-02,5.895396e-03,7.292590e-02
6.067737e-02,2.253855e-03,1.531420e-02,3.982207e-02,8.180883e-02,1.936599e-02,2.276986e-03,3.095221e-01,5.392009e-02,1.697880e-01,8.906764e-02,1.718457e-02,6.141530e-02,4.500994e-03,7.308205e-02
4.905708e-02,1.922359e-03,1.180106e-02,2.865227e-02,9.772724e-02,1.545678e-02,1.871880e-03,4.147389e-01,3.970242e-02,1.577929e-01,6.427353e-02,1.229320e-02,4.514549e-02,3.302888e-03,5.626210e-02
5.501745e-02,2.048956e-03,1.011227e-02,2.171209e-02,9.409907e-02,2.052884e-02,1.534055e-03,4.677232e-01,2.869753e-02,1.682393e-01,4.552230e-02,8.836936e-03,3.301727e-02,2.389512e-03,4.052118e-02
5.220203e-02,3.813823e-03,8.035276e-03,1.808808e-02,8.303577e-02,1.651818e-02,1.232444e-03,5.671024e-01,2.177647e-02,1.342241e-01,3.216488e-02,6.708741e-03,2.357495e-02,1.747816e-03,2.977498e-02
4.719756e-02,4.501955e-03,6.575170e-03,1.471779e-02,7.148119e-02,1.255527e-02,1.182838e-03,6.426834e-01,1.719596e-02,1.132108e-01,2.273798e-02,5.138961e-03,1.699203e-02,1.280556e-03,2.254853e-02
5.311671e-02,8.308708e-03,5.511717e-03,1.215753e-02,6.698622e-02,9.324448e-03,1.426862e-03,6.607527e-01,1.545363e-02,1.151417e-01,1.616791e-02,3.847083e-03,1.222775e-02,9.782116e-04,1.859883e-02
5.052922e-02,7.479568e-03,5.028810e-03,9.494907e-03,5.953549e-02,6.881526e-03,1.300738e-03,7.030073e-01,1.269469e-02,1.057122e-01,1.142127e-02,2.817603e-03,8.723930e-03,7.468975e-04,1.462585e-02
5.446905e-02,1.022524e-02,5.382661e-03,1.003510e-02,5.403524e-02,6.394523e-03,1.717109e-03,6.997210e-01,1.116288e-02,1.147006e-01,8.326826e-03,2.637305e-03,6.633075e-03,7.199257e-04,1.383946e-02
6.837975e-02,1.083677e-02,1.025483e-02,1.186477e-02,4.375879e-02,6.388361e-03,4.674528e-03,6.896926e-01,8.968167e-03,1.081020e-01,6.574420e-03,3.732258e-03,5.454414e-03,7.961978e-04,2.052206e-02
8.107962e-02,1.095425e-02,1.312701e-02,1.167951e-02,3.843325e-02,5.824802e-03,4.733310e-03,7.057762e-01,8.005880e-03,8.447861e-02,5.424584e-03,4.272984e-03,4.408440e-03,9.761972e-04,2.082535e-02
8.771057e-02,8.991649e-03,1.234968e-02,1.010917e-02,3.283801e-02,4.823927e-03,4.836350e-03,7.325814e-01,8.602190e-03,6.713389e-02,4.329867e-03,4.568631e-03,3.423637e-03,8.376790e-04,1.686330e-02
1.046598e-01,8.100522e-03,1.089693e-02,9.984555e-03,3.164414e-02,4.453585e-03,6.068711e-03,7.329617e-01,8.839651e-03,5.483649e-02,3.616792e-03,4.935784e-03,2.981644e-03,6.517741e-04,1.536796e-02
1.129853e-01,5.519790e-02,3.105895e-02,4.964511e-02,3.672034e-02,7.635836e-03,4.623889e-03,5.436808e-01,1.101656e-02,4.417266e-02,4.198480e-02,1.619994e-02,4.917354e-03,3.159011e-03,3.700150e-02
1.025764e-01,5.832013e-02,2.718038e-02,8.418743e-02,2.878300e-02,8.080108e-03,3.427739e-03,3.889565e-01,6.269009e-02,3.337378e-02,1.247950e-01,1.859157e-02,1.728419e-02,8.782647e-03,3.297099e-02
1.171460e-01,5.798358e-02,2.386685e-02,9.611379e-02,2.964348e-02,9.382571e-03,2.909813e-03,2.841143e-01,6.697577e-02,2.761902e-02,1.741054e-01,1.974147e-02,1.939310e-02,3.899469e-02,3.201018e-02
1.057326e-01,4.687826e-02,1.882917e-02,7.437332e-02,3.291401e-02,1.409083e-02,2.390647e-03,2.056013e-01,5.994491e-02,2.015086e-02,1.916021e-01,1.659883e-02,1.960720e-02,1.653833e-01,2.590269e-02
7.591730e-02,3.364211e-02,1.434568e-02,5.338463e-02,2.487079e-02,6.285343e-02,1.768622e-03,1.445654e-01,5.611512e-02,1.449645e-02,2.642016e-01,1.319277e-02,1.845502e-02,2.031933e-01,1.899782e-02
6.255577e-02,2.395403e-02,1.045117e-02,3.779670e-02,1.823386e-02,5.903534e-02,1.289495e-03,1.017188e-01,4.603716e-02,1.129693e-02,2.810871e-01,9.396113e-03,1.309636e-02,3.097156e-01,1.433560e-02
6.153275e-02,1.804212e-02,7.664808e-03,2.718527e-02,1.332600e-02,5.948054e-02,1.054759e-03,7.141415e-02,6.213065e-02,9.240862e-03,2.530768e-01,7.510812e-03,9.588631e-03,3.878526e-01,1.089928e-02
5.274743e-02,1.410155e-02,5.622126e-03,1.958172e-02,9.669101e-03,5.119754e-02,9.452385e-04,5.011558e-02,6.760282e-02,8.297616e-03,2.550552e-01,6.714948e-03,7.242457e-03,4.425727e-01,8.534042e-03
4.372023e-02,1.556361e-02,5.709799e-03,1.416383e-02,7.195821e-03,4.224770e-02,9.074157e-04,3.520952e-02,7.887712e-02,6.909712e-03,2.174778e-01,5.145350e-03,5.358693e-03,5.149053e-01,6.608003e-03
3.373006e-02,1.316802e-02,6.709998e-03,1.016930e-02,5.368826e-03,4.346167e-02,7.814103e-04,2.474878e-02,8.317723e-02,7.099708e-03,1.958683e-01,3.929066e-03,3.870792e-03,5.627528e-01,5.163941e-03
2.415066e-02,9.412450e-03,5.103667e-03,7.229884e-03,3.880134e-03,3.175019e-02,6.510031e-04,1.736712e-02,6.291676e-02,9.087203e-03,2.010774e-01,2.879674e-03,2.865165e-03,6.178238e-01,3.804855e-03
1.714637e-02,6.761407e-03,3.991395e-03,5.334150e-03,3.027143e-03,2.354291e-02,5.003780e-04,1.218276e-02,5.964934e-02,9.493104e-03,1.618660e-01,2.219714e-03,2.097649e-03,6.894106e-01,2.777052e-03
1.233789e-02,5.099320e-03,9.196967e-03,4.388205e-03,3.401975e-03,2.027827e-02,6.211317e-04,8.782128e-03,6.651184e-02,1.036142e-02,1.235233e-01,1.657412e-03,1.641674e-03,7.300987e-01,2.099840e-03
9.168725e-03,3.979791e-03,1.285204e-02,3.765385e-03,4.448438e-03,1.681704e-02,6.118326e-04,6.426965e-03,5.268096e-02,1.532959e-02,1.120323e-01,1.353112e-03,1.663136e-03,7.571819e-01,1.688797e-03
1.076000e-02,3.743125e-03,1.558354e-02,4.470763e-03,4.966632e-03,1.573299e-02,7.038488e-04,5.084910e-03,6.554122e-02,2.755685e-02,9.897123e-02,1.107466e-03,1.473663e-03,7.428533e-01,1.450397e-03
1.586190e-02,6.044131e-03,3.189255e-02,1.330458e-02,1.679441e-02,3.936473e-02,1.229345e-03,5.952226e-03,8.476348e-02,4.553832e-02,8.096313e-02,1.070005e-03,1.610960e-03,6.533886e-01,2.221613e-03
2.151074e-02,8.884331e-03,1.141893e-01,4.771090e-02,3.187284e-02,4.818018e-02,1.167163e-03,5.775293e-03,7.975420e-02,4.864556e-02,6.601741e-02,9.661793e-04,1.435777e-03,5.184996e-01,5.390537e-03
2.484731e-02,8.310555e-03,2.508676e-01,5.635395e-02,2.925311e-02,4.384857e-02,9.888896e-04,5.538209e-03,6.841987e-02,4.710281e-02,5.154040e-02,8.866923e-04,1.329130e-03,4.024655e-01,8.247408e-03
3.283754e-02,1.324980e-02,2.645409e-01,4.816104e-02,3.427087e-02,4.128973e-02,9.281657e-04,6.898415e-03,8.097741e-02,6.836550e-02,4.273661e-02,1.004300e-03,1.431441e-03,3.464969e-01,1.681141e-02
4.492573e-02,1.443802e-02,3.366939e-01,4.242365e-02,3.730927e-02,4.235573e-02,7.497424e-04,6.133876e-03,7.309288e-02,5.818849e-02,3.338785e-02,1.007896e-03,1.265442e-03,2.842520e-01,2.377556e-02
4.627217e-02,3.522674e-02,3.010769e-01,1.110779e-01,8.099806e-02,4.789997e-02,1.344893e-03,1.100162e-02,6.176731e-02,4.498479e-02,2.461298e-02,1.232377e-03,1.138808e-03,2.041121e-01,2.725343e-02
5.793758e-02,3.236578e-02,2.218395e-01,8.731517e-02,1.068509e-01,5.393262e-02,1.327784e-03,1.451641e-02,1.903073e-01,3.961506e-02,1.898606e-02,1.195303e-03,1.082642e-03,1.506405e-01,2.208741e-02
6.067210e-02,2.567831e-02,1.618191e-01,6.493583e-02,9.844507e-02,4.334563e-02,1.105327e-03,1.391132e-02,3.502129e-01,3.379723e-02,1.536898e-02,1.185940e-03,9.949849e-04,1.114083e-01,1.711894e-02
7.934587e-02,2.204255e-02,1.392086e-01,4.909422e-02,8.732845e-02,3.474282e-02,8.900132e-04,1.487801e-02,4.203060e-01,3.156679e-02,1.488670e-02,2.610620e-03,1.309042e-03,8.697626e-02,1.481408e-02
9.721434e-02,2.804541e-02,1.052920e-01,4.307145e-02,7.269993e-02,1.852172e-01,8.033125e-04,1.156609e-02,3.128083e-01,2.301824e-02,3.285218e-02,5.603090e-03,1.487913e-03,6.594376e-02,1.437675e-02
1.066400e-01,2.201230e-02,7.868973e-02,3.271987e-02,5.755107e-02,3.106197e-01,8.494571e-04,9.866279e-03,2.431796e-01,2.482386e-02,3.645897e-02,8.052091e-03,1.836152e-03,5.446563e-02,1.223519e-02
1.106716e-01,1.936370e-02,5.812408e-02,2.447703e-02,4.159818e-02,2.374701e-01,8.409179e-04,7.725825e-03,1.721634e-01,2.272956e-02,1.943905e-01,1.376932e-02,2.267896e-03,7.880428e-02,1.560360e-02
8.162111e-02,1.421540e-02,4.108791e-02,1.730881e-02,2.935014e-02,1.696024e-01,6.453424e-04,5.641117e-03,1.211678e-01,1.687536e-02,3.972726e-01,1.359065e-02,1.798682e-03,7.748800e-02,1.233462e-02
6.486785e-02,1.052885e-02,2.904087e-02,1.252481e-02,2.077329e-02,1.216915e-01,5.268672e-04,4.095828e-03,8.572071e-02,1.418869e-02,5.519209e-01,1.168775e-02,1.662655e-03,6.066332e-02,1.010618e-02
5.948883e-02,9.328074e-03,2.129454e-02,9.306994e-03,1.537631e-02,8.892868e-02,5.694205e-04,3.586170e-03,6.255765e-02,1.328729e-02,6.062976e-01,1.969351e-02,1.619059e-03,7.675691e-02,1.190902e-02
8.348637e-02,1.426972e-02,1.934670e-02,8.497505e-03,1.270592e-02,6.653656e-02,1.010548e-03,4.568496e-03,4.722494e-02,1.400664e-02,6.154402e-01,2.546603e-02,1.752591e-03,7.331681e-02,1.237106e-02
6.740043e-02,1.912117e-02,1.977728e-02,6.747019e-03,1.305818e-02,5.746539e-02,1.167384e-03,4.494784e-03,3.575842e-02,1.987731e-02,6.340741e-01,3.377494e-02,1.684605e-03,7.486928e-02,1.072982e-02
4.930715e-02,1.486248e-02,1.483894e-02,4.848456e-03,9.764687e-03,4.291042e-02,8.942132e-04,3.254319e-03,2.598141e-02,5.441700e-02,6.679991e-01,3.581602e-02,1.582567e-03,6.519164e-02,8.331645e-03
4.115207e-02,1.258110e-02,1.584900e-02,3.581406e-03,7.316846e-03,3.249822e-02,1.129674e-03,2.866510e-03,1.891457e-02,7.333855e-02,6.905097e-01,3.090262e-02,1.398347e-03,6.027230e-02,7.689120e-03
3.665087e-02,1.157042e-02,1.395933e-02,2.761693e-03,5.569603e-03,2.435636e-02,1.142333e-03,2.637528e-03,1.419653e-02,6.964114e-02,7.254979e-01,2.763879e-02,1.419163e-03,5.660580e-02,6.352572e-03
2.683348e-02,1.106079e-02,1.048505e-02,2.069877e-03,4.258080e-03,1.744682e-02,9.575315e-04,2.051532e-03,1.667410e-02,8.332168e-02,7.129260e-01,4.089281e-02,1.254289e-03,6.467824e-02,5.089705e-03
1.893385e-02,1.169001e-02,1.266547e-02,1.497175e-03,3.734183e-03,1.304709e-02,1.130350e-03,1.588376e-03,1.307996e-02,1.118643e-01,6.944779e-01,4.041193e-02,1.050918e-03,7.103537e-02,3.793117e-03
1.344398e-02,1.113330e-02,1.021628e-02,1.125406e-03,1.034361e-02,1.598333e-02,1.797074e-03,1.422545e-03,1.284058e-02,1.492799e-01,6.508237e-01,3.928681e-02,9.072217e-04,7.855064e-02,2.845722e-03
9.796989e-03,8.876817e-03,7.585410e-03,9.750072e-04,1.850447e-02,1.410980e-02,2.674643e-03,1.367129e-03,1.039888e-02,2.701401e-01,5.523756e-01,2.991603e-02,1.029722e-03,6.953196e-02,2.717471e-03
7.512627e-03,8.621797e-03,6.367601e-03,9.787427e-04,2.687563e-02,1.171495e-02,3.367645e-03,1.586759e-03,9.708987e-03,3.401959e-01,4.960799e-01,2.273138e-02,1.483673e-03,5.950329e-02,3.271075e-03
9.891232e-03,1.030443e-02,1.413263e-02,1.377991e-03,3.857013e-02,1.319489e-02,5.385039e-03,1.111424e-02,1.009131e-02,3.558722e-01,4.559009e-01,1.933964e-02,2.091355e-03,4.720405e-02,5.529915e-03
1.382769e-02,8.478403e-03,1.734025e-02,2.563811e-03,8.368547e-02,1.241349e-02,4.568712e-03,2.924298e-02,1.200043e-02,2.972100e-01,4.527863e-01,1.774745e-02,2.487349e-03,3.987119e-02,5.776373e-03
1.365690e-02,7.537052e-03,1.811164e-02,2.699571e-03,1.581714e-01,1.136118e-02,3.651811e-03,2.786077e-02,1.149877e-02,2.839447e-01,4.042083e-01,1.570222e-02,3.079266e-03,3.158368e-02,6.932742e-03
1.761781e-02,1.147437e-02,2.181127e-02,4.897876e-03,1.824514e-01,1.053331e-02,3.389107e-03,4.707736e-02,2.420926e-02,2.603392e-01,3.602639e-01,1.751554e-02,3.691661e-03,2.501175e-02,9.716267e-03
1.629906e-02,1.308885e-02,3.110883e-02,9.143758e-03,1.619949e-01,9.387534e-03,2.938240e-03,1.543776e-01,3.152341e-02,2.393321e-01,2.780241e-01,2.102407e-02,4.251573e-03,1.959539e-02,7.910627e-03
1.769008e-02,1.102270e-02,7.175286e-02,9.511823e-03,1.196111e-01,7.041726e-03,2.361214e-03,3.064137e-01,3.295003e-02,1.830389e-01,1.983883e-01,1.679734e-02,3.274835e-03,1.398049e-02,6.164834e-03
2.023165e-02,1.632350e-02,9.147950e-02,1.226870e-02,1.105580e-01,6.079793e-03,3.933372e-03,3.658933e-01,5.658111e-02,1.393831e-01,1.437511e-01,1.365266e-02,3.789282e-03,1.012062e-02,5.954251e-03
3.329121e-02,3.138113e-02,9.443805e-02,1.630439e-02,1.348741e-01,6.726617e-03,6.995160e-03,3.081930e-01,9.720747e-02,1.084198e-01,1.262401e-01,1.324007e-02,5.576661e-03,9.399787e-03,7.712572e-03
3.654482e-02,3.985395e-02,7.827073e-02,1.980879e-02,1.249031e-01,6.807279e-03,6.790009e-03,3.723366e-01,9.510453e-02,8.085024e-02,9.699474e-02,1.333829e-02,1.223770e-02,7.886273e-03,8.273037e-03
4.046918e-02,3.847901e-02,6.808124e-02,3.860516e-02,1.514683e-01,9.729404e-03,7.825946e-03,2.835780e-01,1.104515e-01,6.707671e-02,8.890853e-02,2.242494e-02,3.237526e-02,1.119974e-02,2.932699e-02
4.249455e-02,3.114654e-02,5.730184e-02,3.477880e-02,1.955693e-01,8.758539e-03,6.369454e-03,2.009718e-01,1.061097e-01,5.186622e-02,8.738197e-02,8.516028e-02,5.747494e-02,1.031723e-02,2.429887e-02
5.163424e-02,2.478710e-02,4.593854e-02,3.921798e-02,1.491557e-01,1.514078e-02,5.000948e-03,1.503116e-01,1.071896e-01,4.032836e-02,9.704904e-02,1.004536e-01,1.450019e-01,8.525752e-03,2.026486e-02
5.716439e-02,2.098574e-02,3.843961e-02,3.631832e-02,1.170533e-01,1.343393e-02,4.275953e-03,1.125720e-01,1.139267e-01,3.458447e-02,1.119245e-01,8.601951e-02,2.231559e-01,7.525272e-03,2.262045e-02
4.929494e-02,2.497345e-02,3.557717e-02,3.660702e-02,8.990602e-02,1.671613e-02,3.492283e-03,1.183989e-01,1.714142e-01,2.667971e-02,1.088472e-01,7.018358e-02,2.054642e-01,1.416446e-02,2.828065e-02
5.090443e-02,2.486419e-02,2.875790e-02,3.158058e-02,8.214688e-02,2.481188e-02,3.104525e-03,1.002969e-01,2.333591e-01,2.654656e-02,1.006282e-01,5.592343e-02,1.883331e-01,1.639916e-02,3.234316e-02
5.242539e-02,3.206895e-02,3.768204e-02,3.424337e-02,7.817106e-02,2.779747e-02,4.515394e-03,1.101601e-01,2.372010e-01,2.283662e-02,8.337712e-02,4.598928e-02,1.570808e-01,1.836179e-02,5.808971e-02
5.171716e-02,3.593128e-02,3.682140e-02,5.109455e-02,5.894290e-02,4.004750e-02,3.929709e-03,9.152380e-02,2.441773e-01,2.218720e-02,6.972755e-02,3.897210e-02,1.415975e-01,2.258320e-02,9.074688e-02
5.020017e-02,4.089617e-02,2.994502e-02,4.350995e-02,4.553117e-02,4.614211e-02,3.076652e-03,7.004881e-02,2.735795e-01,2.716489e-02,5.743733e-02,3.777211e-02,1.332334e-01,3.074725e-02,1.107156e-01
4.748300e-02,4.037390e-02,2.691106e-02,3.414534e-02,3.907229e-02,7.043326e-02,2.612432e-03,6.398003e-02,3.146800e-01,2.255095e-02,5.201766e-02,3.338560e-02,1.439506e-01,2.406286e-02,8.434099e-02
5.290638e-02,4.953103e-02,2.919168e-02,3.619242e-02,3.463632e-02,7.706017e-02,2.306858e-03,6.954315e-02,3.400151e-01,2.068716e-02,4.243299e-02,2.975648e-02,1.263807e-01,1.898484e-02,7.037473e-02
5.378636e-02,6.394354e-02,2.748239e-02,3.613652e-02,3.235428e-02,7.313074e-02,2.070550e-03,5.523473e-02,3.904812e-01,1.909574e-02,3.255461e-02,2.474855e-02,1.164542e-01,1.445109e-02,5.807551e-02
4.937196e-02,8.109331e-02,2.331473e-02,3.922999e-02,3.188802e-02,7.656913e-02,1.804366e-03,4.373651e-02,4.160860e-01,2.635033e-02,2.383860e-02,1.772282e-02,9.653362e-02,1.096853e-02,6.149208e-02
4.948983e-02,8.743045e-02,1.863524e-02,3.445123e-02,4.199315e-02,8.739828e-02,1.921298e-03,3.589647e-02,4.139509e-01,2.551338e-02,1.768427e-02,1.291959e-02,9.015615e-02,9.098141e-03,7.346159e-02
4.275155e-02,1.410285e-01,1.409824e-02,7.740991e-02,3.398855e-02,8.935760e-02,1.430302e-03,2.725014e-02,3.726549e-01,2.127912e-02,1.373777e-02,9.848721e-03,6.691439e-02,6.967743e-03,8.128253e-02
4.238776e-02,1.747805e-01,1.028865e-02,6.001088e-02,3.011029e-02,1.105888e-01,1.196064e-03,2.478560e-02,3.275366e-01,1.569481e-02,1.128269e-02,7.949067e-03,7.887246e-02,5.797395e-03,9.871848e-02
