1.000000e+00,0.000000e+00,0.000000e+00,0.000000e+00,0.000000e+00,0.000000e+00,0.000000e+00,0.000000e+00,0.000000e+00,0.000000e+00,0.000000e+00,0.000000e+00,0.000000e+00,0.000000e+00,0.000000e+00
1.000000e+00,0.000000e+00,0.000000e+00,0.000000e+00,0.000000e+00,0.000000e+00,0.000000e+00,0.000000e+00,0.000000e+00,0.000000e+00,0.000000e+00,0.000000e+00,0.000000e+00,0.000000e+00,0.000000e+00
1.000000e+00,0.000000e+00,0.000000e+00,0.000000e+00,0.000000e+00,0.000000e+00,0.000000e+00,0.000000e+00,0.000000e+00,0.000000e+00,0.000000e+00,0.000000e+00,0.000000e+00,0.000000e+00,0.000000e+00
1.000000e+00,0.000000e+00,0.000000e+00,0.000000e+00,0.000000e+00,0.000000e+00,0.000000e+00,0.000000e+00,0.000000e+00,0.000000e+00,0.000000e+00,0.000000e+00,0.000000e+00,0.000000e+00,0.000000e+00
1.000000e+00,0.000000e+00,0.000000e+00,0.000000e+00,0.000000e+00,0.000000e+00,0.000000e+00,0.000000e+00,0.000000e+00,0.000000e+00,0.000000e+00,0.000000e+00,0.000000e+00,0.000000e+00,0.000000e+00
1.000000e+00,0.000000e+00,0.000000e+00,0.000000e+00,0.000000e+00,0.000000e+00,0.000000e+00,0.000000e+00,0.000000e+00,0.000000e+00,0.000000e+00,0.000000e+00,0.000000e+00,0.000000e+00,0.000000e+00
1.000000e+00,0.000000e+00,0.000000e+00,0.000000e+00,0.000000e+00,0.000000e+00,0.000000e+00,0.000000e+00,0.000000e+00,0.000000e+00,0.000000e+00,0.000000e+00,0.000000e+00,0.000000e+00,0.000000e+00
1.000000e+00,0.000000e+00,0.000000e+00,0.000000e+00,0.000000e+00,0.000000e+00,0.000000e+00,0.000000e+00,0.000000e+00,0.000000e+00,0.000000e+00,0.000000e+00,0.000000e+00,0.000000e+00,0.000000e+00
1.000000e+00,0.000000e+00,0.000000e+00,0.000000e+00,0.000000e+00,0.000000e+00,0.000000e+00,0.000000e+00,0.000000e+00,0.000000e+00,0.000000e+00,0.000000e+00,0.000000e+00,0.000000e+00,0.000000e+00
1.000000e+00,0.000000e+00,0.000000e+00,0.000000e+00,0.000000e+00,0.000000e+00,0.000000e+00,0.000000e+00,0.000000e+00,0.000000e+00,0.000000e+00,0.000000e+00,0.000000e+00,0.000000e+00,0.000000e+00
1.000000e+00,0.000000e+00,0.000000e+00,0.000000e+00,0.000000e+00,0.000000e+00,0.000000e+00,0.000000e+00,0.000000e+00,0.000000e+00,0.000000e+00,0.000000e+00,0.000000e+00,0.000000e+00,0.000000e+00
1.000000e+00,0.000000e+00,0.000000e+00,0.000000e+00,0.000000e+00,0.000000e+00,0.000000e+00,0.000000e+00,0.000000e+00,0.000000e+00,0.000000e+00,0.000000e+00,0.000000e+00,0.000000e+00,0.000000e+00
1.000000e+00,0.000000e+00,0.000000e+00,0.000000e+00,0.000000e+00,0.000000e+00,0.000000e+00,0.000000e+00,0.000000e+00,0.000000e+00,0.000000e+00,0.000000e+00,0.000000e+00,0.000000e+00,0.000000e+00
1.000000e+00,0.000000e+00,0.000000e+00,0.000000e+00,0.000000e+00,0.000000e+00,0.000000e+00,0.000000e+00,0.000000e+00,0.000000e+00,0.000000e+00,0.000000e+00,0.000000e+00,0.000000e+00,0.000000e+00
1.000000e+00,0.000000e+00,0.000000e+00,0.000000e+00,0.000000e+00,0.000000e+00,0.000000e+00,0.000000e+00,0.000000e+00,0.000000e+00,0.000000e+00,0.000000e+00,0.000000e+00,0.000000e+00,0.000000e+00
1.000000e+00,0.000000e+00,0.000000e+00,0.000000e+00,0.000000e+00,0.000000e+00,0.000000e+00,0.000000e+00,0.000000e+00,0.000000e+00,0.000000e+00,0.000000e+00,0.000000e+00,0.000000e+00,0.000000e+00
1.000000e+00,0.000000e+00,0.000000e+00,0.000000e+00,0.000000e+00,0.000000e+00,0.000000e+00,0.000000e+00,0.000000e+00,0.000000e+00,0.000000e+00,0.000000e+00,0.000000e+00,0.000000e+00,0.000000e+00
1.000000e+00,0.000000e+00,0.000000e+00,0.000000e+00,0.000000e+00,0.000000e+00,0.000000e+00,0.000000e+00,0.000000e+00,0.000000e+00,0.000000e+00,0.000000e+00,0.000000e+00,0.000000e+00,0.000000e+00
1.000000e+00,0.000000e+00,0.000000e+00,0.000000e+00,0.000000e+00,0.000000e+00,0.000000e+00,0.000000e+00,0.000000e+00,0.000000e+00,0.000000e+00,0.000000e+00,0.000000e+00,0.000000e+00,0.000000e+00
1.000000e+00,0.000000e+00,0.000000e+00,0.000000e+00,0.000000e+00,0.000000e+00,0.000000e+00,0.000000e+00,0.000000e+00,0.000000e+00,0.000000e+00,0.000000e+00,0.000000e+00,0.000000e+00,0.000000e+00
1.000000e+00,0.000000e+00,0.000000e+00,0.000000e+00,0.000000e+00,0.000000e+00,0.000000e+00,0.000000e+00,0.000000e+00,0.000000e+00,0.000000e+00,0.000000e+00,0.000000e+00,0.000000e+00,0.000000e+00
1.000000e+00,0.000000e+00,0.000000e+00,0.000000e+00,0.000000e+00,0.000000e+00,0.000000e+00,0.000000e+00,0.000000e+00,0.000000e+00,0.000000e+00,0.000000e+00,0.000000e+00,0.000000e+00,0.000000e+00
1.000000e+00,0.000000e+00,0.000000e+00,0.000000e+00,0.000000e+00,0.000000e+00,0.000000e+00,0.000000e+00,0.000000e+00,0.000000e+00,0.000000e+00,0.000000e+00,0.000000e+00,0.000000e+00,0.000000e+00
1.000000e+00,0.000000e+00,0.000000e+00,0.000000e+00,0.000000e+00,0.000000e+00,0.000000e+00,0.000000e+00,0.000000e+00,0.000000e+00,0.000000e+00,0.000000e+00,0.000000e+00,0.000000e+00,0.000000e+00
1.000000e+00,0.000000e+00,0.000000e+00,0.000000e+00,0.000000e+00,0.000000e+00,0.000000e+00,0.000000e+00,0.000000e+00,0.000000e+00,0.000000e+00,0.000000e+00,0.000000e+00,0.000000e+00,0.000000e+00
1.000000e+00,0.000000e+00,0.000000e+00,0.000000e+00,0.000000e+00,0.000000e+00,0.000000e+00,0.000000e+00,0.000000e+00,0.000000e+00,0.000000e+00,0.000000e+00,0.000000e+00,0.000000e+00,0.000000e+00
1.000000e+00,0.000000e+00,0.000000e+00,0.000000e+00,0.000000e+00,0.000000e+00,0.000000e+00,0.000000e+00,0.000000e+00,0.000000e+00,0.000000e+00,0.000000e+00,0.000000e+00,0.000000e+00,0.000000e+00
1.000000e+00,0.000000e+00,0.000000e+00,0.000000e+00,0.000000e+00,0.000000e+00,0.000000e+00,0.000000e+00,0.000000e+00,0.000000e+00,0.000000e+00,0.000000e+00,0.000000e+00,0.000000e+00,0.000000e+00
1.000000e+00,0.000000e+00,0.000000e+00,0.000000e+00,0.000000e+00,0.000000e+00,0.000000e+00,0.000000e+00,0.000000e+00,0.000000e+00,0.000000e+00,0.000000e+00,0.000000e+00,0.000000e+00,0.000000e+00
1.000000e+00,0.000000e+00,0.000000e+00,0.000000e+00,0.000000e+00,0.000000e+00,0.000000e+00,0.000000e+00,0.000000e+00,0.000000e+00,0.000000e+00,0.000000e+00,0.000000e+00,0.000000e+00,0.000000e+00
1.000000e+00,0.000000e+00,0.000000e+00,0.000000e+00,0.000000e+00,0.000000e+00,0.000000e+00,0.000000e+00,0.000000e+00,0.000000e+00,0.000000e+00,0.000000e+00,0.000000e+00,0.000000e+00,0.000000e+00
1.000000e+00,0.000000e+00,0.000000e+00,0.000000e+00,0.000000e+00,0.000000e+00,0.000000e+00,0.000000e+00,0.000000e+00,0.000000e+00,0.000000e+00,0.000000e+00,0.000000e+00,0.000000e+00,0.000000e+00
1.000000e+00,0.000000e+00,0.000000e+00,0.000000e+00,0.000000e+00,0.000000e+00,0.000000e+00,0.000000e+00,0.000000e+00,0.000000e+00,0.000000e+00,0.000000e+00,0.000000e+00,0.000000e+00,0.000000e+00
1.000000e+00,0.000000e+00,0.000000e+00,0.000000e+00,0.000000e+00,0.000000e+00,0.000000e+00,0.000000e+00,0.000000e+00,0.000000e+00,0.000000e+00,0.000000e+00,0.000000e+00,0.000000e+00,0.000000e+00
1.000000e+00,0.000000e+00,0.000000e+00,0.000000e+00,0.000000e+00,0.000000e+00,0.000000e+00,0.000000e+00,0.000000e+00,0.000000e+00,0.000000e+00,0.000000e+00,0.000000e+00,0.000000e+00,0.000000e+00
1.000000e+00,0.000000e+00,0.000000e+00,0.000000e+00,0.000000e+00,0.000000e+00,0.000000e+00,0.000000e+00,0.000000e+00,0.000000e+00,0.000000e+00,0.000000e+00,0.000000e+00,0.000000e+00,0.000000e+00
1.000000e+00,0.000000e+00,0.000000e+00,0.000000e+00,0.000000e+00,0.000000e+00,0.000000e+00,0.000000e+00,0.000000e+00,0.000000e+00,0.000000e+00,0.000000e+00,0.000000e+00,0.000000e+00,0.000000e+00
1.000000e+00,0.000000e+00,0.000000e+00,0.000000e+00,0.000000e+00,0.000000e+00,0.000000e+00,0.000000e+00,0.000000e+00,0.000000e+00,0.000000e+00,0.000000e+00,0.000000e+00,0.000000e+00,0.000000e+00
1.000000e+00,0.000000e+00,0.000000e+00,0.000000e+00,0.000000e+00,0.000000e+00,0.000000e+00,0.000000e+00,0.000000e+00,0.000000e+00,0.000000e+00,0.000000e+00,0.000000e+00,0.000000e+00,0.000000e+00
1.000000e+00,0.000000e+00,0.000000e+00,0.000000e+00,0.000000e+00,0.000000e+00,0.000000e+00,0.000000e+00,0.000000e+00,0.000000e+00,0.000000e+00,0.000000e+00,0.000000e+00,0.000000e+00,0.000000e+00
1.000000e+00,0.000000e+00,0.000000e+00,0.000000e+00,0.000000e+00,0.000000e+00,0.000000e+00,0.000000e+00,0.000000e+00,0.000000e+00,0.000000e+00,0.000000e+00,0.000000e+00,0.000000e+00,0.000000e+00
1.000000e+00,0.000000e+00,0.000000e+00,0.000000e+00,0.000000e+00,0.000000e+00,0.000000e+00,0.000000e+00,0.000000e+00,0.000000e+00,0.000000e+00,0.000000e+00,0.000000e+00,0.000000e+00,0.000000e+00
1.000000e+00,0.000000e+00,0.000000e+00,0.000000e+00,0.000000e+00,0.000000e+00,0.000000e+00,0.000000e+00,0.000000e+00,0.000000e+00,0.000000e+00,0.000000e+00,0.000000e+00,0.000000e+00,0.000000e+00
1.000000e+00,0.000000e+00,0.000000e+00,0.000000e+00,0.000000e+00,0.000000e+00,0.000000e+00,0.000000e+00,0.000000e+00,0.000000e+00,0.000000e+00,0.000000e+00,0.000000e+00,0.000000e+00,0.000000e+00
1.000000e+00,0.000000e+00,0.000000e+00,0.000000e+00,0.000000e+00,0.000000e+00,0.000000e+00,0.000000e+00,0.000000e+00,0.000000e+00,0.000000e+00,0.000000e+00,0.000000e+00,0.000000e+00,0.000000e+00
1.000000e+00,0.000000e+00,0.000000e+00,0.000000e+00,0.000000e+00,0.000000e+00,0.000000e+00,0.000000e+00,0.000000e+00,0.000000e+00,0.000000e+00,0.000000e+00,0.000000e+00,0.000000e+00,0.000000e+00
4.342483e-01,9.256160e-02,3.797263e-02,1.210177e-01,2.265793e-02,5.114939e-02,2.471156e-02,4.828142e-02,2.010388e-02,9.390895e-03,1.132580e-02,3.446705e-02,1.835267e-02,4.354105e-03,6.940501e-02
4.004869e-01,1.070850e-01,3.899260e-02,1.364048e-01,2.671655e-02,4.733151e-02,2.307784e-02,4.706170e-02,2.173378e-02,1.102150e-02,1.196978e-02,3.347710e-02,1.695449e-02,4.696712e-03,7.298979e-02
3.797696e-01,1.130684e-01,3.829956e-02,1.503889e-01,2.758660e-02,4.332464e-02,2.086879e-02,4.505473e-02,2.376862e-02,1.144366e-02,1.247609e-02,3.410102e-02,1.717893e-02,5.244242e-03,7.742617e-02
2.957158e-01,1.065195e-01,5.558251e-02,2.145941e-01,2.810835e-02,3.946048e-02,1.690177e-02,4.332566e-02,2.937157e-02,1.040925e-02,1.252418e-02,3.910156e-02,1.923443e-02,5.164202e-03,8.398660e-02
2.738269e-01,1.165093e-01,5.001958e-02,2.230929e-01,3.138270e-02,3.581868e-02,1.584847e-02,3.810908e-02,3.290227e-02,1.013013e-02,1.563658e-02,3.989717e-02,2.154580e-02,7.236913e-03,8.804353e-02
2.776579e-01,1.181980e-01,4.422849e-02,2.128955e-01,3.311651e-02,3.456240e-02,1.445185e-02,3.257825e-02,3.467304e-02,9.973809e-03,1.736040e-02,3.949142e-02,2.358135e-02,9.906384e-03,9.732464e-02
3.245117e-01,1.133768e-01,3.605277e-02,1.919897e-01,3.282391e-02,3.456146e-02,1.266390e-02,2.681966e-02,3.143862e-02,8.931748e-03,1.820477e-02,4.048249e-02,2.597545e-02,1.090080e-02,9.126630e-02
3.815981e-01,1.051420e-01,2.928588e-02,1.704348e-01,3.132490e-02,3.405167e-02,1.147419e-02,2.324953e-02,2.828848e-02,7.697994e-03,1.711014e-02,3.995319e-02,2.770746e-02,1.041018e-02,8.227146e-02
3.964128e-01,1.028500e-01,2.612146e-02,1.546113e-01,2.930204e-02,3.753057e-02,1.077362e-02,2.087715e-02,2.656133e-02,7.713885e-03,1.775978e-02,4.118184e-02,3.097607e-02,1.177435e-02,8.555379e-02
3.998470e-01,9.605603e-02,2.840556e-02,1.411665e-01,2.741935e-02,3.871876e-02,1.111193e-02,2.138253e-02,2.533627e-02,7.789471e-03,1.901388e-02,4.261804e-02,3.553981e-02,1.328520e-02,9.230965e-02
4.826777e-01,8.175960e-02,2.287547e-02,1.181660e-01,2.258635e-02,3.304457e-02,9.595863e-03,1.816666e-02,2.187471e-02,6.851633e-03,1.831869e-02,3.819346e-02,3.285730e-02,1.295932e-02,8.007259e-02
1.000000e+00,0.000000e+00,0.000000e+00,0.000000e+00,0.000000e+00,0.000000e+00,0.000000e+00,0.000000e+00,0.000000e+00,0.000000e+00,0.000000e+00,0.000000e+00,0.000000e+00,0.000000e+00,0.000000e+00
1.000000e+00,0.000000e+00,0.000000e+00,0.000000e+00,0.000000e+00,0.000000e+00,0.000000e+00,0.000000e+00,0.000000e+00,0.000000e+00,0.000000e+00,0.000000e+00,0.000000e+00,0.000000e+00,0.000000e+00
1.000000e+00,0.000000e+00,0.000000e+00,0.000000e+00,0.000000e+00,0.000000e+00,0.000000e+00,0.000000e+00,0.000000e+00,0.000000e+00,0.000000e+00,0.000000e+00,0.000000e+00,0.000000e+00,0.000000e+00
1.000000e+00,0.000000e+00,0.000000e+00,0.000000e+00,0.000000e+00,0.000000e+00,0.000000e+00,0.000000e+00,0.000000e+00,0.000000e+00,0.000000e+00,0.000000e+00,0.000000e+00,0.000000e+00,0.000000e+00
1.000000e+00,0.000000e+00,0.000000e+00,0.000000e+00,0.000000e+00,0.000000e+00,0.000000e+00,0.000000e+00,0.000000e+00,0.000000e+00,0.000000e+00,0.000000e+00,0.000000e+00,0.000000e+00,0.000000e+00
1.000000e+00,0.000000e+00,0.000000e+00,0.000000e+00,0.000000e+00,0.000000e+00,0.000000e+00,0.000000e+00,0.000000e+00,0.000000e+00,0.000000e+00,0.000000e+00,0.000000e+00,0.000000e+00,0.000000e+00
1.000000e+00,0.000000e+00,0.000000e+00,0.000000e+00,0.000000e+00,0.000000e+00,0.000000e+00,0.000000e+00,0.000000e+00,0.000000e+00,0.000000e+00,0.000000e+00,0.000000e+00,0.000000e+00,0.000000e+00
1.000000e+00,0.000000e+00,0.000000e+00,0.000000e+00,0.000000e+00,0.000000e+00,0.000000e+00,0.000000e+00,0.000000e+00,0.000000e+00,0.000000e+00,0.000000e+00,0.000000e+00,0.000000e+00,0.000000e+00
1.000000e+00,0.000000e+00,0.000000e+00,0.000000e+00,0.000000e+00,0.000000e+00,0.000000e+00,0.000000e+00,0.000000e+00,0.000000e+00,0.000000e+00,0.000000e+00,0.000000e+00,0.000000e+00,0.000000e+00
1.000000e+00,0.000000e+00,0.000000e+00,0.000000e+00,0.000000e+00,0.000000e+00,0.000000e+00,0.000000e+00,0.000000e+00,0.000000e+00,0.000000e+00,0.000000e+00,0.000000e+00,0.000000e+00,0.000000e+00
4.193130e-01,1.814756e-02,8.796238e-03,1.962944e-02,6.466928e-03,4.706400e-02,1.814326e-03,4.745553e-03,2.174990e-02,7.929149e-03,1.403000e-02,1.077340e-02,1.495726e-02,2.126333e-01,1.919499e-01
2.955110e-01,1.315673e-02,6.210907e-03,1.378815e-02,5.847265e-03,3.812898e-02,1.316365e-03,3.340287e-03,1.609334e-02,5.855847e-03,1.382504e-02,7.717083e-03,1.205625e-02,3.925768e-01,1.745760e-01
2.089695e-01,9.488674e-03,4.401830e-03,9.701924e-03,7.179720e-03,2.812887e-02,9.486694e-04,2.369777e-03,1.292350e-02,4.445550e-03,1.273604e-02,5.623821e-03,9.937597e-03,5.451462e-01,1.379983e-01
1.468635e-01,7.535573e-03,3.190159e-03,6.833337e-03,5.630285e-03,2.035323e-02,6.996995e-04,1.673949e-03,2.470708e-02,4.969542e-03,9.342679e-03,4.055349e-03,7.570349e-03,6.394891e-01,1.170862e-01
1.032907e-01,7.746540e-03,2.301729e-03,4.840670e-03,5.178601e-03,1.502154e-02,5.314852e-04,1.180496e-03,5.568352e-02,6.382868e-03,6.971283e-03,3.049863e-03,6.417016e-03,6.809232e-01,1.004805e-01
7.251909e-02,7.968815e-03,1.788070e-03,3.402880e-03,3.808460e-03,1.068601e-02,3.884668e-04,8.325970e-04,1.178970e-01,6.161817e-03,5.164697e-03,2.160146e-03,4.599063e-03,6.710010e-01,9.162191e-02
5.090300e-02,7.327498e-03,1.822043e-03,2.412297e-03,2.896366e-03,7.578986e-03,2.834397e-04,5.912782e-04,1.388324e-01,7.550541e-03,4.190404e-03,1.527369e-03,3.270301e-03,6.965408e-01,7.427326e-02
3.568693e-02,5.326109e-03,1.444980e-03,1.695707e-03,2.231710e-03,5.326899e-03,2.035115e-04,4.172779e-04,1.445399e-01,1.696493e-02,3.887790e-03,1.096024e-03,2.343398e-03,7.214239e-01,5.741097e-02
2.502477e-02,4.150929e-03,1.312829e-03,1.221300e-03,1.729680e-03,3.772504e-03,1.649509e-04,3.341120e-04,1.683423e-01,7.778411e-02,7.123347e-03,8.651464e-04,2.336012e-03,6.612892e-01,4.454882e-02
1.762355e-02,3.090122e-03,1.340473e-03,9.405441e-04,1.464118e-03,3.615196e-03,1.735993e-04,3.013960e-04,1.351947e-01,2.227133e-01,8.732767e-03,9.723720e-04,4.774065e-03,5.658023e-01,3.326150e-02
1.255363e-02,4.376885e-03,2.656443e-03,8.553131e-04,2.033716e-03,3.387051e-03,1.917546e-04,5.033598e-04,1.223353e-01,3.789338e-01,1.175594e-02,1.227492e-03,4.676806e-03,4.268183e-01,2.769418e-02
9.133116e-03,3.266597e-03,2.375928e-03,1.776234e-03,2.917676e-03,6.072843e-03,7.491249e-04,1.091163e-03,9.474078e-02,5.309391e-01,9.674557e-03,1.319633e-03,3.656958e-03,3.081941e-01,2.409227e-02
9.190986e-03,4.333964e-03,8.878957e-03,9.183083e-03,7.232805e-03,2.941317e-02,1.368874e-03,2.635435e-03,7.153538e-02,6.028501e-01,1.055967e-02,1.591332e-03,3.485331e-03,2.193196e-01,1.842134e-02
2.592094e-02,1.445720e-02,1.555974e-02,1.438583e-02,1.970501e-02,4.250047e-02,1.587956e-03,2.522740e-02,6.592000e-02,5.838670e-01,1.183601e-02,1.671539e-03,4.200499e-03,1.568129e-01,1.634758e-02
3.076595e-02,1.904377e-02,8.159652e-02,2.867978e-02,2.904656e-02,3.787187e-02,2.098541e-03,9.281886e-02,5.886389e-02,4.760711e-01,1.090942e-02,1.590792e-03,3.812691e-03,1.129458e-01,1.388451e-02
3.405959e-02,2.551518e-02,1.078008e-01,2.318173e-02,2.429823e-02,2.926806e-02,2.591074e-03,7.748244e-02,6.624240e-02,4.838662e-01,9.653099e-03,1.346397e-03,3.873309e-03,8.436032e-02,2.646125e-02
4.062974e-02,3.372230e-02,9.179319e-02,1.900315e-02,2.112667e-02,2.478567e-02,2.422842e-03,6.265921e-02,6.345928e-02,5.117314e-01,8.879807e-03,1.284164e-03,4.536151e-03,6.301700e-02,5.094944e-02
5.731069e-02,3.750433e-02,6.882671e-02,1.638492e-02,1.703335e-02,1.972180e-02,2.810854e-03,4.902235e-02,5.022877e-02,5.041898e-01,8.118519e-03,1.554736e-03,4.013780e-03,4.801391e-02,1.152654e-01
8.097214e-02,5.684049e-02,5.052103e-02,1.391729e-02,1.476781e-02,1.593029e-02,3.639873e-03,4.081919e-02,5.984586e-02,4.429509e-01,7.001208e-03,2.278869e-03,3.361403e-03,4.102147e-02,1.661322e-01
1.096773e-01,5.896100e-02,3.695473e-02,1.249618e-02,1.277618e-02,1.353362e-02,4.875765e-03,3.351129e-02,6.181718e-02,4.111905e-01,6.212276e-03,3.488563e-03,3.068778e-03,3.539069e-02,1.960459e-01
2.226567e-01,5.975451e-02,2.710201e-02,1.569683e-02,1.242908e-02,1.319388e-02,5.074953e-03,2.843535e-02,5.831416e-02,3.121570e-01,6.943797e-03,7.690862e-03,4.345530e-03,2.997435e-02,1.962309e-01
3.488512e-01,5.499498e-02,2.055562e-02,2.251206e-02,1.243795e-02,1.702030e-02,5.433993e-03,2.186727e-02,5.305415e-02,2.356211e-01,8.300271e-03,1.272105e-02,5.944940e-03,2.608999e-02,1.545952e-01
4.098119e-01,4.756353e-02,1.824867e-02,2.746413e-02,1.176975e-02,2.284892e-02,5.393136e-03,1.749575e-02,4.996896e-02,2.091946e-01,1.197718e-02,1.673979e-02,1.044283e-02,1.947396e-02,1.216068e-01
4.592222e-01,3.782807e-02,1.502011e-02,3.158429e-02,1.056200e-02,2.602892e-02,5.243399e-03,1.508508e-02,4.376874e-02,1.843494e-01,1.870382e-02,2.177748e-02,1.830123e-02,1.560058e-02,9.692461e-02
4.852642e-01,3.010382e-02,1.186296e-02,3.336634e-02,9.935386e-03,2.645412e-02,4.229913e-03,1.217430e-02,4.220579e-02,1.631803e-01,2.657548e-02,3.139559e-02,2.681105e-02,1.357764e-02,8.286308e-02
1.000000e+00,0.000000e+00,0.000000e+00,0.000000e+00,0.000000e+00,0.000000e+00,0.000000e+00,0.000000e+00,0.000000e+00,0.000000e+00,0.000000e+00,0.000000e+00,0.000000e+00,0.000000e+00,0.000000e+00
4.982102e-01,1.921262e-02,7.764646e-03,2.910405e-02,1.614213e-02,2.318730e-02,3.563990e-03,1.106826e-02,3.355844e-02,2.093675e-01,2.717686e-02,3.488968e-02,2.588272e-02,8.698579e-03,5.217307e-02
4.009152e-01,1.601003e-02,6.535525e-03,4.550007e-02,1.769393e-02,2.317015e-02,3.211683e-03,1.096562e-02,3.440464e-02,3.033698e-01,2.618986e-02,3.289512e-02,2.895464e-02,7.320159e-03,4.286358e-02
3.871185e-01,1.314446e-02,5.283183e-03,4.647501e-02,2.137308e-02,2.395370e-02,3.929046e-03,1.429163e-02,3.920389e-02,3.201214e-01,2.313024e-02,3.153050e-02,2.809063e-02,6.506589e-03,3.584810e-02
3.519390e-01,1.022324e-02,4.680402e-03,4.672445e-02,2.666749e-02,1.954832e-02,4.025264e-03,6.965607e-02,3.345205e-02,3.116437e-01,2.390689e-02,3.032814e-02,2.786927e-02,5.006875e-03,3.432883e-02
4.178529e-01,8.476924e-03,4.985978e-03,4.257079e-02,3.028786e-02,1.889044e-02,3.848454e-03,1.038492e-01,2.516215e-02,2.397785e-01,2.229298e-02,2.812862e-02,2.294317e-02,3.973513e-03,2.695854e-02
4.150071e-01,6.470180e-03,5.826802e-03,3.432332e-02,3.012037e-02,1.544730e-02,3.888498e-03,1.990891e-01,1.869100e-02,1.804238e-01,2.122291e-02,2.505336e-02,1.967739e-02,2.969505e-03,2.178952e-02
4.029712e-01,5.762794e-03,6.580246e-03,3.383882e-02,2.749814e-02,1.806848e-02,3.562835e-03,2.772182e-01,1.721806e-02,1.296817e-01,1.823059e-02,2.322405e-02,1.610579e-02,2.200700e-03,1.783844e-02
4.199246e-01,5.677741e-03,5.442876e-03,2.748479e-02,2.451817e-02,2.356394e-02,3.734207e-03,3.173680e-01,1.486530e-02,9.345215e-02,1.430387e-02,1.987557e-02,1.376783e-02,1.725153e-03,1.429589e-02
4.313546e-01,6.544013e-03,5.161365e-03,2.405572e-02,2.585424e-02,2.654010e-02,3.496007e-03,3.398853e-01,1.248148e-02,6.790703e-02,1.115022e-02,1.815835e-02,1.446290e-02,1.342920e-03,1.160576e-02
3.790897e-01,1.081551e-02,5.242422e-03,2.365788e-02,5.434378e-02,2.495237e-02,8.280504e-03,3.670131e-01,1.327721e-02,6.343041e-02,8.982390e-03,1.423340e-02,1.560174e-02,1.023755e-03,1.005583e-02
3.447098e-01,1.511001e-02,6.744630e-03,2.751390e-02,7.200002e-02,2.267999e-02,1.462708e-02,3.753695e-01,1.565162e-02,5.725218e-02,8.220337e-03,1.113704e-02,1.852142e-02,8.164367e-04,9.646099e-03
2.956077e-01,2.386290e-02,1.067820e-02,2.818667e-02,8.095142e-02,2.095716e-02,1.756738e-02,3.817008e-01,2.209679e-02,6.768219e-02,8.783927e-03,1.009253e-02,1.897354e-02,9.252055e-04,1.193361e-02
2.274214e-01,2.749254e-02,1.376529e-02,2.522728e-02,7.808448e-02,1.677674e-02,1.767055e-02,4.398043e-01,3.798316e-02,6.404637e-02,7.022759e-03,7.728412e-03,1.769894e-02,1.023013e-03,1.825475e-02
1.779296e-01,3.242798e-02,2.149891e-02,2.262261e-02,7.732243e-02,1.502088e-02,2.069229e-02,4.754953e-01,4.614234e-02,5.394609e-02,5.491293e-03,5.962870e-03,1.638407e-02,1.362499e-03,2.770075e-02
1.437261e-01,3.469711e-02,2.734317e-02,2.337024e-02,7.703406e-02,1.561913e-02,2.331594e-02,4.675858e-01,6.812557e-02,4.677454e-02,4.331267e-03,4.622357e-03,1.687723e-02,1.463629e-03,4.511382e-02
1.251849e-01,3.759215e-02,2.748694e-02,2.416748e-02,8.538763e-02,1.732616e-02,2.620864e-02,4.329527e-01,9.906918e-02,4.307312e-02,3.538258e-03,3.770120e-03,1.749437e-02,1.534744e-03,5.521356e-02
1.571623e-01,3.960235e-02,2.785699e-02,2.230198e-02,7.639284e-02,1.847036e-02,2.283247e-02,4.081488e-01,9.098623e-02,4.143559e-02,3.673925e-03,3.732202e-03,1.843266e-02,1.901753e-03,6.706952e-02
1.884995e-01,3.109200e-02,2.071440e-02,1.692585e-02,6.265031e-02,1.589106e-02,1.825737e-02,3.840746e-01,6.596124e-02,4.075740e-02,3.366727e-03,3.183237e-03,1.356563e-02,1.615692e-03,1.334450e-01
1.778203e-01,3.557566e-02,1.731007e-02,1.684481e-02,4.733697e-02,2.037408e-02,1.345501e-02,2.806543e-01,5.051973e-02,4.275275e-02,1.427295e-02,7.817265e-03,1.143136e-02,1.332725e-02,2.505075e-01
1.324081e-01,2.866946e-02,1.416331e-02,1.376725e-02,3.428672e-02,1.952821e-02,1.080441e-02,2.224717e-01,4.206987e-02,3.220087e-02,4.014832e-02,7.590298e-03,1.031360e-02,1.731091e-01,2.184687e-01
9.934304e-02,2.173021e-02,1.105849e-02,1.247485e-02,2.779322e-02,1.958933e-02,8.164225e-03,1.638869e-01,6.795172e-02,2.589209e-02,1.148513e-01,8.561191e-03,1.361121e-02,2.397051e-01,1.653871e-01
7.166441e-02,1.551322e-02,8.183362e-03,9.040800e-03,2.019563e-02,1.708986e-02,5.782014e-03,1.162028e-01,6.280641e-02,2.094760e-02,1.029513e-01,6.580696e-03,1.074154e-02,4.112363e-01,1.210641e-01
5.817256e-02,1.110750e-02,5.810997e-03,6.506243e-03,1.443697e-02,1.572295e-02,4.078874e-03,8.159317e-02,6.317639e-02,1.538677e-02,7.473640e-02,5.389562e-03,8.382595e-03,5.459123e-01,8.958672e-02
5.219565e-02,8.462657e-03,4.255063e-03,4.914329e-03,1.100090e-02,1.726396e-02,2.936509e-03,5.743949e-02,6.376890e-02,1.154120e-02,5.587153e-02,4.126068e-03,6.838611e-03,6.309950e-01,6.839009e-02
5.396522e-02,6.970163e-03,3.433104e-03,3.789779e-03,8.901842e-03,1.617547e-02,2.179313e-03,4.053614e-02,8.278565e-02,1.003737e-02,4.135919e-02,3.214580e-03,5.571705e-03,6.678135e-01,5.326694e-02
6.628376e-02,5.594830e-03,2.715016e-03,3.076513e-03,6.828973e-03,1.661682e-02,1.603913e-03,2.851753e-02,1.018961e-01,8.863497e-03,3.261778e-02,2.846911e-03,4.824324e-03,6.740571e-01,4.365690e-02
7.247694e-02,4.607903e-03,3.150541e-03,2.752718e-03,5.215364e-03,1.625883e-02,1.329170e-03,2.009504e-02,1.331307e-01,6.956810e-03,2.660545e-02,2.278383e-03,3.789926e-03,6.680596e-01,3.329258e-02
6.348773e-02,3.924837e-03,2.788281e-03,2.331670e-03,4.002975e-03,1.298958e-02,1.018568e-03,1.412856e-02,2.072722e-01,5.938811e-03,2.280473e-02,1.823192e-03,2.991036e-03,6.284208e-01,2.607711e-02
7.127404e-02,3.150056e-03,2.982531e-03,1.980615e-03,3.013025e-03,1.164583e-02,7.869245e-04,9.931671e-03,2.368533e-01,7.494042e-03,2.000402e-02,1.498443e-03,2.627766e-03,6.045773e-01,2.218048e-02
5.199530e-02,2.739107e-03,1.025186e-02,1.796219e-03,2.831948e-03,1.157164e-02,5.997097e-04,7.263627e-03,3.359668e-01,1.062599e-02,2.284942e-02,1.473482e-03,3.699373e-03,5.140697e-01,2.226588e-02
4.920320e-02,2.673160e-03,1.526019e-02,1.379845e-03,2.562342e-03,1.028339e-02,4.698957e-04,5.407179e-03,4.212691e-01,2.041227e-02,2.788122e-02,1.279415e-03,3.241034e-03,4.162475e-01,2.243030e-02
4.595556e-02,3.975482e-03,2.819501e-02,1.182582e-03,2.308937e-03,8.585842e-03,3.621428e-04,4.307454e-03,3.975543e-01,2.451599e-02,2.540788e-02,1.218527e-03,2.901940e-03,4.222088e-01,3.131956e-02
3.377118e-02,4.557091e-03,1.295233e-01,2.455959e-03,3.242939e-03,7.264216e-03,3.068328e-04,5.162350e-03,3.439561e-01,7.215603e-02,1.955926e-02,1.179911e-03,2.933318e-03,3.433974e-01,3.053422e-02
2.511520e-02,3.471394e-03,2.969055e-01,2.694071e-03,3.065229e-03,5.816251e-03,2.346365e-04,4.885575e-03,2.503890e-01,1.072522e-01,1.446334e-02,9.695716e-04,2.517432e-03,2.591994e-01,2.302131e-02
2.063325e-02,3.953170e-03,3.524671e-01,8.324094e-03,3.533663e-03,4.568165e-03,1.888923e-04,6.141779e-03,1.922623e-01,1.723340e-01,1.309450e-02,1.157241e-03,3.315275e-03,1.944254e-01,2.360122e-02
1.863085e-02,3.247631e-03,3.743995e-01,6.101149e-03,3.421338e-03,3.766003e-03,1.365665e-04,4.790606e-03,1.354279e-01,2.603457e-01,1.008877e-02,9.125791e-04,2.783968e-03,1.430184e-01,3.292900e-02
1.773112e-02,5.038327e-03,3.234819e-01,1.573820e-02,1.013295e-02,5.512383e-03,1.902563e-04,1.072090e-02,1.061316e-01,3.199245e-01,1.474897e-02,1.119327e-03,4.874194e-03,1.200847e-01,4.457076e-02
1.340732e-02,4.040433e-03,2.285565e-01,1.122769e-02,7.358430e-03,4.049325e-03,1.456559e-04,7.665507e-03,7.570694e-02,4.950841e-01,1.129154e-02,8.975432e-04,3.876604e-03,8.484615e-02,5.184627e-02
1.105430e-02,3.266446e-03,1.603783e-01,7.917141e-03,5.395118e-03,2.953432e-03,1.072341e-04,5.428049e-03,5.351557e-02,6.185065e-01,9.089362e-03,6.627846e-04,2.994918e-03,6.010879e-02,5.862209e-02
8.891283e-03,2.460987e-03,1.124553e-01,5.573869e-03,3.867552e-03,2.187561e-03,7.641032e-05,3.863026e-03,3.948721e-02,6.994349e-01,8.172046e-03,5.653852e-04,4.355599e-03,4.397232e-02,6.463668e-02
6.679312e-03,1.849246e-03,7.882088e-02,3.927035e-03,2.800106e-03,1.657475e-03,5.503959e-05,2.739918e-03,2.906421e-02,7.680069e-01,7.303181e-03,5.829590e-04,6.636184e-03,3.236132e-02,5.751634e-02
6.412025e-03,3.251140e-03,5.694383e-02,3.297482e-03,2.407622e-03,1.508299e-03,5.856525e-05,2.313930e-03,4.142158e-02,7.269272e-01,1.724870e-02,1.958624e-03,2.903630e-02,3.106187e-02,7.615297e-02
7.261843e-03,4.001314e-03,4.138138e-02,2.742359e-03,2.069973e-03,1.308747e-03,5.698886e-05,1.853516e-03,3.496635e-02,5.976738e-01,1.633374e-02,1.711368e-03,2.543148e-02,2.824844e-02,2.349588e-01
1.217798e-02,7.854978e-03,1.080416e-01,2.404490e-02,4.638390e-03,1.630025e-03,1.604874e-04,2.543069e-03,3.920103e-02,4.905934e-01,4.480792e-02,2.045702e-03,3.400751e-02,2.450411e-02,2.037489e-01
1.647633e-02,1.115442e-02,1.004144e-01,1.735308e-02,4.249561e-03,3.133281e-03,1.573420e-04,2.009277e-03,3.560309e-02,5.240579e-01,3.499207e-02,1.541522e-03,2.574802e-02,4.552819e-02,1.775816e-01
1.907234e-02,3.472713e-02,8.138694e-02,1.317311e-02,3.695203e-03,6.253088e-03,2.020066e-04,1.861890e-03,3.776249e-02,3.895763e-01,3.398472e-02,3.616085e-03,2.498231e-02,5.538120e-02,2.943253e-01
1.668448e-02,2.700804e-02,6.037255e-02,1.247245e-02,3.546477e-03,7.520284e-03,2.833325e-04,1.724919e-03,3.926235e-02,2.899756e-01,8.139889e-02,4.243996e-03,3.253187e-02,8.759595e-02,3.353788e-01
1.274069e-02,2.670085e-02,4.455763e-02,9.897570e-03,2.983706e-03,6.889571e-03,2.869341e-04,1.340124e-03,5.087873e-02,2.189381e-01,6.981167e-02,4.076826e-03,2.674781e-02,1.002985e-01,4.238513e-01
9.768437e-03,3.308497e-02,9.064607e-02,7.732372e-02,2.818316e-03,5.706428e-03,2.393327e-04,2.371293e-03,1.166966e-01,1.575752e-01,6.081513e-02,3.640671e-03,2.268951e-02,8.862174e-02,3.280026e-01
1.261539e-02,3.330697e-02,1.599300e-01,7.938571e-02,1.865864e-02,5.978041e-03,7.088783e-04,2.914585e-03,1.584335e-01,1.122131e-01,7.411616e-02,4.201254e-03,1.864094e-02,7.518221e-02,2.437147e-01
1.431866e-02,2.729503e-02,2.774436e-01,6.701396e-02,2.045048e-02,8.844016e-03,3.949684e-03,1.105534e-02,1.352303e-01,8.115616e-02,8.199973e-02,3.778677e-03,1.584765e-02,6.187091e-02,1.897457e-01
1.108437e-02,2.122420e-02,3.810396e-01,1.424068e-01,1.865421e-02,6.938375e-03,2.857699e-03,7.831860e-03,1.018149e-01,5.738295e-02,5.783226e-02,2.696014e-03,1.119054e-02,4.341870e-02,1.336276e-01
2.701374e-02,2.670981e-02,4.028035e-01,1.562598e-01,4.378377e-02,2.424821e-02,3.433479e-03,6.043685e-03,7.723694e-02,4.164322e-02,4.320661e-02,2.014124e-03,8.210071e-03,3.078546e-02,1.066076e-01
4.478879e-02,4.114297e-02,3.623446e-01,1.757881e-01,7.780872e-02,5.655785e-02,5.527113e-03,5.247981e-03,5.777523e-02,2.966965e-02,3.178681e-02,1.619794e-03,6.144546e-03,2.214699e-02,8.165080e-02
4.044762e-02,3.882681e-02,3.484190e-01,2.498831e-01,6.302597e-02,4.218352e-02,4.129819e-03,4.585160e-03,5.080649e-02,2.345632e-02,2.860953e-02,1.721510e-03,5.111229e-03,1.598433e-02,8.280963e-02
4.229317e-02,3.459958e-02,3.763036e-01,2.590126e-01,5.963800e-02,3.277160e-02,3.293988e-03,9.641873e-03,5.400941e-02,1.818057e-02,2.793076e-02,1.876793e-03,5.029832e-03,1.156719e-02,6.385113e-02
8.322324e-02,5.709893e-02,3.566994e-01,2.032082e-01,7.032142e-02,3.132301e-02,3.527439e-03,3.186771e-02,4.975604e-02,1.627133e-02,2.541533e-02,2.272946e-03,5.069530e-03,1.003478e-02,5.391078e-02
1.021552e-01,9.874541e-02,3.361992e-01,1.554458e-01,7.242519e-02,3.387447e-02,4.814025e-03,2.908434e-02,4.269420e-02,2.135212e-02,2.174207e-02,2.879730e-03,6.018952e-03,1.034615e-02,6.222318e-02
1.372001e-01,1.079997e-01,3.200066e-01,1.243096e-01,6.603967e-02,2.808616e-02,4.804033e-03,2.672035e-02,4.214341e-02,2.486026e-02,2.250055e-02,5.070480e-03,9.446392e-03,1.020468e-02,7.060803e-02
2.776833e-01,8.709832e-02,2.507500e-01,9.685358e-02,5.845941e-02,2.821217e-02,4.610543e-03,2.439148e-02,3.483338e-02,2.159318e-02,2.063605e-02,8.362889e-03,1.286723e-02,1.298476e-02,6.066371e-02
3.119651e-01,1.121057e-01,1.832486e-01,9.581134e-02,4.593287e-02,2.545022e-02,4.021919e-03,1.898797e-02,2.741177e-02,2.059942e-02,3.300057e-02,2.484165e-02,1.989453e-02,1.678727e-02,5.994106e-02
3.372180e-01,9.712429e-02,1.407084e-01,1.298682e-01,3.613830e-02,2.628430e-02,3.937328e-03,1.990410e-02,2.432839e-02,2.128587e-02,3.613668e-02,3.160067e-02,2.382686e-02,1.435183e-02,5.728682e-02
2.849332e-01,7.704370e-02,1.027634e-01,1.797849e-01,2.857233e-02,2.449301e-02,3.311670e-03,1.776993e-02,2.427421e-02,1.874226e-02,1.100392e-01,3.254865e-02,2.764568e-02,2.084032e-02,4.723750e-02
3.113069e-01,6.059566e-02,7.435945e-02,1.604850e-01,2.272775e-02,2.200671e-02,2.939162e-03,1.499999e-02,2.029879e-02,1.561337e-02,1.720922e-01,2.899233e-02,2.827332e-02,2.647028e-02,3.883906e-02
3.662370e-01,4.754110e-02,5.435271e-02,1.211902e-01,1.743008e-02,2.146402e-02,2.741250e-03,1.291296e-02,2.516892e-02,1.318783e-02,1.666376e-01,3.029627e-02,3.050004e-02,5.655285e-02,3.378715e-02
3.980281e-01,4.149887e-02,4.755876e-02,9.849118e-02,1.489145e-02,2.760436e-02,3.813970e-03,1.390245e-02,2.739088e-02,1.167798e-02,1.507824e-01,3.209612e-02,2.859606e-02,7.244264e-02,3.122479e-02
4.883963e-01,3.240848e-02,4.290714e-02,7.798661e-02,1.381657e-02,3.144096e-02,4.239612e-03,1.316830e-02,2.265708e-02,9.669796e-03,1.202527e-01,2.906493e-02,2.474283e-02,6.272173e-02,2.652690e-02
1.000000e+00,0.000000e+00,0.000000e+00,0.000000e+00,0.000000e+00,0.000000e+00,0.000000e+00,0.000000e+00,0.000000e+00,0.000000e+00,0.000000e+00,0.000000e+00,0.000000e+00,0.000000e+00,0.000000e+00
4.266281e-01,1.920768e-02,2.536061e-02,4.327171e-02,1.367858e-02,3.033524e-02,2.692289e-03,8.032952e-03,7.424984e-02,6.382471e-03,1.832063e-01,1.700650e-02,1.781198e-02,1.027589e-01,2.937672e-02
3.307953e-01,1.507537e-02,1.877125e-02,3.132850e-02,1.037400e-02,3.972704e-02,2.157471e-03,5.898823e-03,1.719121e-01,5.464811e-03,1.450276e-01,1.269392e-02,1.359142e-02,1.706218e-01,2.656044e-02
2.486948e-01,1.199125e-02,1.378305e-02,2.261043e-02,7.741966e-03,5.264109e-02,1.575563e-03,4.192268e-03,2.508218e-01,5.197630e-03,1.051714e-01,9.218239e-03,1.000772e-02,2.327520e-01,2.360076e-02
1.776523e-01,9.209931e-03,1.361787e-02,1.636208e-02,6.310483e-03,4.743098e-02,1.141113e-03,3.209445e-03,3.468876e-01,6.213647e-03,7.909533e-02,6.817640e-03,7.381974e-03,2.596386e-01,1.903091e-02
1.259076e-01,7.293722e-03,1.485036e-02,1.152027e-02,5.587273e-03,3.394444e-02,8.088134e-04,3.076679e-03,4.468378e-01,5.564168e-03,6.154205e-02,4.821966e-03,5.287094e-03,2.576250e-01,1.533271e-02
9.096070e-02,6.364121e-03,1.680953e-02,8.229826e-03,6.768933e-03,2.635272e-02,5.801879e-04,6.789046e-03,5.058625e-01,6.424748e-03,4.505165e-02,3.452853e-03,3.821008e-03,2.584259e-01,1.410624e-02
6.772028e-02,1.077851e-02,1.852232e-01,1.165037e-02,2.284160e-02,1.986284e-02,4.528361e-04,1.926740e-02,4.102931e-01,7.746281e-03,3.223031e-02,2.474127e-03,2.722495e-03,1.893538e-01,1.738277e-02
6.259021e-02,1.039776e-02,1.605135e-01,9.140844e-03,5.832631e-02,2.205074e-02,8.037502e-04,4.602608e-02,4.056396e-01,7.516265e-03,2.284067e-02,1.783197e-03,1.965091e-03,1.760014e-01,1.440453e-02
4.964478e-02,8.823839e-03,3.326479e-01,1.308923e-02,5.170438e-02,1.647480e-02,5.848199e-04,3.905380e-02,3.158390e-01,7.492831e-03,1.614073e-02,1.265932e-03,1.402724e-03,1.282887e-01,1.754655e-02
4.407411e-02,7.943239e-03,4.274026e-01,1.433856e-02,4.312889e-02,1.542942e-02,4.250923e-04,3.456200e-02,2.589085e-01,9.731455e-03,1.155729e-02,9.068451e-04,1.021377e-03,1.126368e-01,1.793389e-02
4.697910e-02,1.037534e-02,4.594260e-01,2.055809e-02,3.423431e-02,1.479537e-02,3.163510e-04,2.826020e-02,2.122488e-01,1.675017e-02,8.396802e-03,6.812298e-04,9.394955e-04,1.068124e-01,3.922638e-02
5.035249e-02,1.320037e-02,3.901046e-01,1.925119e-02,2.585924e-02,1.164545e-02,2.346746e-04,2.247953e-02,1.793054e-01,3.948430e-02,6.275236e-03,5.347853e-04,9.223609e-04,9.855814e-02,1.417923e-01
5.985618e-02,2.209930e-02,3.008320e-01,1.722777e-02,2.140464e-02,9.099772e-03,1.984057e-04,1.952139e-02,1.644453e-01,7.522181e-02,5.460237e-03,4.864446e-04,1.273785e-03,1.015702e-01,2.013028e-01
6.433898e-02,1.833994e-02,2.464072e-01,1.814885e-02,1.953971e-02,7.218413e-03,2.454778e-04,3.606098e-02,1.631466e-01,9.427476e-02,4.798790e-03,4.237250e-04,1.173569e-03,1.354649e-01,1.904182e-01
7.895425e-02,1.660514e-02,1.869881e-01,1.765695e-02,1.916959e-02,8.082280e-03,3.366094e-04,9.117806e-02,2.273845e-01,7.934268e-02,4.990576e-03,3.917405e-04,9.633636e-04,1.246050e-01,1.433511e-01
9.219069e-02,1.615323e-02,1.419055e-01,1.746142e-02,1.734355e-02,1.274237e-02,4.389335e-04,1.088699e-01,2.897664e-01,6.350606e-02,4.519121e-03,3.585893e-04,9.942363e-04,1.251501e-01,1.085999e-01
1.129895e-01,3.086578e-02,1.152968e-01,1.764479e-02,1.665456e-02,1.809181e-02,6.522280e-04,9.619533e-02,2.747350e-01,5.672260e-02,5.428072e-03,3.686195e-04,1.243748e-03,1.597172e-01,9.339383e-02
1.397042e-01,4.795124e-02,8.747404e-02,1.508767e-02,1.476455e-02,2.106355e-02,7.097425e-04,7.781952e-02,2.397395e-01,5.078422e-02,7.619786e-03,4.519174e-04,1.330386e-03,2.051726e-01,9.032705e-02
1.633248e-01,6.262109e-02,6.981909e-02,1.453157e-02,2.000716e-02,2.223341e-02,1.264257e-03,7.157946e-02,2.212512e-01,4.880030e-02,9.136109e-03,9.182866e-04,1.556223e-03,2.164111e-01,7.654592e-02
1.624973e-01,1.062505e-01,5.144917e-02,1.426856e-02,3.223296e-02,2.740740e-02,1.279176e-03,6.008547e-02,2.236147e-01,4.123379e-02,8.410648e-03,1.003626e-03,1.485705e-03,1.984262e-01,7.035491e-02
1.383164e-01,1.284374e-01,4.232792e-02,7.085572e-02,2.935346e-02,2.127058e-02,1.273590e-03,4.539664e-02,1.742876e-01,4.396670e-02,8.863190e-03,3.876537e-03,2.781244e-03,1.399951e-01,1.489979e-01
1.057139e-01,1.096181e-01,5.579742e-02,2.116988e-01,2.507273e-02,1.625059e-02,1.025490e-03,3.413741e-02,1.335787e-01,3.896204e-02,1.075535e-02,3.439178e-03,3.107469e-03,9.833865e-02,1.525041e-01
7.954629e-02,8.102591e-02,5.133779e-02,1.676750e-01,1.874071e-02,1.178311e-02,7.540180e-04,2.405096e-02,1.056497e-01,3.803871e-02,1.452868e-02,2.848116e-03,2.541393e-03,7.118605e-02,3.302935e-01
5.703149e-02,6.192675e-02,5.774961e-02,1.183230e-01,1.356998e-02,8.399005e-03,5.732257e-04,1.685130e-02,7.672271e-02,2.714175e-02,1.147353e-02,2.258448e-03,1.969608e-03,7.164937e-02,4.743602e-01
4.314721e-02,4.602473e-02,5.111587e-02,8.785307e-02,9.815382e-03,6.068236e-03,4.717376e-04,1.182563e-02,6.883175e-02,2.114404e-02,8.889677e-03,2.189856e-03,1.760742e-03,7.200224e-02,5.688598e-01
4.387759e-02,3.484191e-02,1.042396e-01,6.905708e-02,8.017433e-03,5.064802e-03,4.237021e-04,8.633694e-03,5.588100e-02,1.814894e-02,9.472805e-03,2.401603e-03,3.014281e-03,1.058374e-01,5.310881e-01
3.894164e-02,3.284283e-02,1.235719e-01,6.639438e-02,6.659526e-03,3.873692e-03,3.421074e-04,6.126438e-03,5.438434e-02,1.915051e-02,8.152638e-03,2.564445e-03,2.420575e-03,1.409692e-01,4.936058e-01
3.375710e-02,2.679928e-02,9.153902e-02,4.760654e-02,5.314905e-03,3.103524e-03,2.846936e-04,4.390435e-03,4.420992e-02,1.679172e-02,6.640760e-03,2.182729e-03,1.867826e-03,2.583624e-01,4.571492e-01
2.489458e-02,1.913784e-02,6.624147e-02,3.344881e-02,3.790881e-03,2.228281e-03,2.289134e-04,3.096545e-03,3.339967e-02,1.547106e-02,5.253749e-03,1.648209e-03,1.342017e-03,4.437847e-01,3.460334e-01
2.085266e-02,1.352380e-02,4.671181e-02,2.343366e-02,2.698609e-03,1.685084e-03,1.691663e-04,2.180694e-03,2.577765e-02,3.045159e-02,5.314308e-03,1.650029e-03,1.270784e-03,5.622917e-01,2.619884e-01
3.337238e-02,9.683700e-03,3.366571e-02,1.649773e-02,2.120774e-03,1.824358e-03,2.046559e-04,1.656365e-03,2.033585e-02,6.325597e-02,5.321635e-03,1.740528e-03,1.638525e-03,6.065173e-01,2.021646e-01
4.133121e-02,7.143604e-03,2.943148e-02,1.204984e-02,1.772896e-03,1.940059e-03,1.849221e-04,1.229627e-03,2.022485e-02,9.031330e-02,5.053492e-03,1.721525e-03,1.561151e-03,6.340100e-01,1.520320e-01
3.187877e-02,5.392276e-03,2.524864e-02,8.560756e-03,1.459672e-03,1.707289e-03,1.524194e-04,8.880427e-04,1.701825e-02,1.624842e-01,5.210906e-03,1.405471e-03,1.327050e-03,6.096106e-01,1.276557e-01
2.518957e-02,4.369400e-03,3.775460e-02,6.531237e-03,1.776799e-03,2.398754e-03,1.893260e-04,9.747281e-04,1.574367e-02,2.345510e-01,1.020314e-02,1.447485e-03,1.822196e-03,5.412213e-01,1.158267e-01
3.781516e-02,8.713153e-03,3.950154e-02,5.877683e-03,1.570369e-02,1.179089e-02,1.486307e-03,1.679981e-03,1.486170e-02,3.567806e-01,1.345763e-02,1.473152e-03,2.551155e-03,3.909376e-01,9.736972e-02
9.710655e-02,3.392629e-02,6.262457e-02,4.066294e-02,4.945423e-02,1.616814e-02,3.402427e-03,6.371125e-03,2.130167e-02,2.907437e-01,1.719569e-02,2.292235e-03,3.348960e-03,2.776177e-01,7.778377e-02
1.718323e-01,5.191096e-02,8.606975e-02,6.913479e-02,6.920324e-02,1.815183e-02,3.928351e-03,5.840750e-03,1.751250e-02,2.180821e-01,1.527480e-02,3.069508e-03,4.916185e-03,1.972013e-01,6.787156e-02
2.481566e-01,4.687335e-02,6.552978e-02,5.709994e-02,7.528444e-02,2.409156e-02,3.340940e-03,5.322319e-03,2.048996e-02,1.737996e-01,1.548978e-02,3.247308e-03,5.677634e-03,1.523878e-01,1.032089e-01
4.054390e-01,3.875332e-02,5.506792e-02,4.405135e-02,6.011082e-02,2.090097e-02,2.666687e-03,5.656193e-03,1.922124e-02,1.248240e-01,1.489645e-02,3.534830e-03,5.220619e-03,1.140899e-01,8.556660e-02
4.488723e-01,4.609189e-02,5.263489e-02,5.918748e-02,5.044083e-02,2.516780e-02,2.574922e-03,6.380897e-03,2.251149e-02,9.173787e-02,1.523512e-02,6.575743e-03,6.764587e-03,8.328370e-02,8.254036e-02
4.634203e-01,4.550801e-02,9.558243e-02,6.946152e-02,4.045426e-02,2.208269e-02,2.672668e-03,9.031707e-03,1.901731e-02,6.641336e-02,1.340881e-02,1.104612e-02,7.785911e-03,6.224444e-02,7.187043e-02
4.742089e-01,3.961506e-02,1.526545e-01,6.621616e-02,3.630855e-02,2.236902e-02,2.401277e-03,8.304147e-03,1.630395e-02,4.855129e-02,1.074585e-02,1.039466e-02,6.174572e-03,4.727036e-02,5.848167e-02
1.000000e+00,0.000000e+00,0.000000e+00,0.000000e+00,0.000000e+00,0.000000e+00,0.000000e+00,0.000000e+00,0.000000e+00,0.000000e+00,0.000000e+00,0.000000e+00,0.000000e+00,0.000000e+00,0.000000e+00
