1.000000e+00,0.000000e+00,0.000000e+00,0.000000e+00,0.000000e+00,0.000000e+00,0.000000e+00,0.000000e+00,0.000000e+00,0.000000e+00,0.000000e+00,0.000000e+00,0.000000e+00,0.000000e+00,0.000000e+00
1.000000e+00,0.000000e+00,0.000000e+00,0.000000e+00,0.000000e+00,0.000000e+00,0.000000e+00,0.000000e+00,0.000000e+00,0.000000e+00,0.000000e+00,0.000000e+00,0.000000e+00,0.000000e+00,0.000000e+00
1.000000e+00,0.000000e+00,0.000000e+00,0.000000e+00,0.000000e+00,0.000000e+00,0.000000e+00,0.000000e+00,0.000000e+00,0.000000e+00,0.000000e+00,0.000000e+00,0.000000e+00,0.000000e+00,0.000000e+00
1.000000e+00,0.000000e+00,0.000000e+00,0.000000e+00,0.000000e+00,0.000000e+00,0.000000e+00,0.000000e+00,0.000000e+00,0.000000e+00,0.000000e+00,0.000000e+00,0.000000e+00,0.000000e+00,0.000000e+00
1.000000e+00,0.000000e+00,0.000000e+00,0.000000e+00,0.000000e+00,0.000000e+00,0.000000e+00,0.000000e+00,0.000000e+00,0.000000e+00,0.000000e+00,0.000000e+00,0.000000e+00,0.000000e+00,0.000000e+00
1.000000e+00,0.000000e+00,0.000000e+00,0.000000e+00,0.000000e+00,0.000000e+00,0.000000e+00,0.000000e+00,0.000000e+00,0.000000e+00,0.000000e+00,0.000000e+00,0.000000e+00,0.000000e+00,0.000000e+00
1.000000e+00,0.000000e+00,0.000000e+00,0.000000e+00,0.000000e+00,0.000000e+00,0.000000e+00,0.000000e+00,0.000000e+00,0.000000e+00,0.000000e+00,0.000000e+00,0.000000e+00,0.000000e+00,0.000000e+00
1.000000e+00,0.000000e+00,0.000000e+00,0.000000e+00,0.000000e+00,0.000000e+00,0.000000e+00,0.000000e+00,0.000000e+00,0.000000e+00,0.000000e+00,0.000000e+00,0.000000e+00,0.000000e+00,0.000000e+00
1.000000e+00,0.000000e+00,0.000000e+00,0.000000e+00,0.000000e+00,0.000000e+00,0.000000e+00,0.000000e+00,0.000000e+00,0.000000e+00,0.000000e+00,0.000000e+00,0.000000e+00,0.000000e+00,0.000000e+00
1.000000e+00,0.000000e+00,0.000000e+00,0.000000e+00,0.000000e+00,0.000000e+00,0.000000e+00,0.000000e+00,0.000000e+00,0.000000e+00,0.000000e+00,0.000000e+00,0.000000e+00,0.000000e+00,0.000000e+00
1.000000e+00,0.000000e+00,0.000000e+00,0.000000e+00,0.000000e+00,0.000000e+00,0.000000e+00,0.000000e+00,0.000000e+00,0.000000e+00,0.000000e+00,0.000000e+00,0.000000e+00,0.000000e+00,0.000000e+00
1.000000e+00,0.000000e+00,0.000000e+00,0.000000e+00,0.000000e+00,0.000000e+00,0.000000e+00,0.000000e+00,0.000000e+00,0.000000e+00,0.000000e+00,0.000000e+00,0.000000e+00,0.000000e+00,0.000000e+00
1.000000e+00,0.000000e+00,0.000000e+00,0.000000e+00,0.000000e+00,0.000000e+00,0.000000e+00,0.000000e+00,0.000000e+00,0.000000e+00,0.000000e+00,0.000000e+00,0.000000e+00,0.000000e+00,0.000000e+00
1.000000e+00,0.000000e+00,0.000000e+00,0.000000e+00,0.000000e+00,0.000000e+00,0.000000e+00,0.000000e+00,0.000000e+00,0.000000e+00,0.000000e+00,0.000000e+00,0.000000e+00,0.000000e+00,0.000000e+00
1.000000e+00,0.000000e+00,0.000000e+00,0.000000e+00,0.000000e+00,0.000000e+00,0.000000e+00,0.000000e+00,0.000000e+00,0.000000e+00,0.000000e+00,0.000000e+00,0.000000e+00,0.000000e+00,0.000000e+00
1.000000e+00,0.000000e+00,0.000000e+00,0.000000e+00,0.000000e+00,0.000000e+00,0.000000e+00,0.000000e+00,0.000000e+00,0.000000e+00,0.000000e+00,0.000000e+00,0.000000e+00,0.000000e+00,0.000000e+00
1.000000e+00,0.000000e+00,0.000000e+00,0.000000e+00,0.000000e+00,0.000000e+00,0.000000e+00,0.000000e+00,0.000000e+00,0.000000e+00,0.000000e+00,0.000000e+00,0.000000e+00,0.000000e+00,0.000000e+00
1.000000e+00,0.000000e+00,0.000000e+00,0.000000e+00,0.000000e+00,0.000000e+00,0.000000e+00,0.000000e+00,0.000000e+00,0.000000e+00,0.000000e+00,0.000000e+00,0.000000e+00,0.000000e+00,0.000000e+00
1.000000e+00,0.000000e+00,0.000000e+00,0.000000e+00,0.000000e+00,0.000000e+00,0.000000e+00,0.000000e+00,0.000000e+00,0.000000e+00,0.000000e+00,0.000000e+00,0.000000e+00,0.000000e+00,0.000000e+00
1.000000e+00,0.000000e+00,0.000000e+00,0.000000e+00,0.000000e+00,0.000000e+00,0.000000e+00,0.000000e+00,0.000000e+00,0.000000e+00,0.000000e+00,0.000000e+00,0.000000e+00,0.000000e+00,0.000000e+00
1.000000e+00,0.000000e+00,0.000000e+00,0.000000e+00,0.000000e+00,0.000000e+00,0.000000e+00,0.000000e+00,0.000000e+00,0.000000e+00,0.000000e+00,0.000000e+00,0.000000e+00,0.000000e+00,0.000000e+00
1.000000e+00,0.000000e+00,0.000000e+00,0.000000e+00,0.000000e+00,0.000000e+00,0.000000e+00,0.000000e+00,0.000000e+00,0.000000e+00,0.000000e+00,0.000000e+00,0.000000e+00,0.000000e+00,0.000000e+00
1.000000e+00,0.000000e+00,0.000000e+00,0.000000e+00,0.000000e+00,0.000000e+00,0.000000e+00,0.000000e+00,0.000000e+00,0.000000e+00,0.000000e+00,0.000000e+00,0.000000e+00,0.000000e+00,0.000000e+00
1.000000e+00,0.000000e+00,0.000000e+00,0.000000e+00,0.000000e+00,0.000000e+00,0.000000e+00,0.000000e+00,0.000000e+00,0.000000e+00,0.000000e+00,0.000000e+00,0.000000e+00,0.000000e+00,0.000000e+00
1.000000e+00,0.000000e+00,0.000000e+00,0.000000e+00,0.000000e+00,0.000000e+00,0.000000e+00,0.000000e+00,0.000000e+00,0.000000e+00,0.000000e+00,0.000000e+00,0.000000e+00,0.000000e+00,0.000000e+00
1.000000e+00,0.000000e+00,0.000000e+00,0.000000e+00,0.000000e+00,0.000000e+00,0.000000e+00,0.000000e+00,0.000000e+00,0.000000e+00,0.000000e+00,0.000000e+00,0.000000e+00,0.000000e+00,0.000000e+00
1.000000e+00,0.000000e+00,0.000000e+00,0.000000e+00,0.000000e+00,0.000000e+00,0.000000e+00,0.000000e+00,0.000000e+00,0.000000e+00,0.000000e+00,0.000000e+00,0.000000e+00,0.000000e+00,0.000000e+00
1.000000e+00,0.000000e+00,0.000000e+00,0.000000e+00,0.000000e+00,0.000000e+00,0.000000e+00,0.000000e+00,0.000000e+00,0.000000e+00,0.000000e+00,0.000000e+00,0.000000e+00,0.000000e+00,0.000000e+00
1.000000e+00,0.000000e+00,0.000000e+00,0.000000e+00,0.000000e+00,0.000000e+00,0.000000e+00,0.000000e+00,0.000000e+00,0.000000e+00,0.000000e+00,0.000000e+00,0.000000e+00,0.000000e+00,0.000000e+00
1.000000e+00,0.000000e+00,0.000000e+00,0.000000e+00,0.000000e+00,0.000000e+00,0.000000e+00,0.000000e+00,0.000000e+00,0.000000e+00,0.000000e+00,0.000000e+00,0.000000e+00,0.000000e+00,0.000000e+00
1.000000e+00,0.000000e+00,0.000000e+00,0.000000e+00,0.000000e+00,0.000000e+00,0.000000e+00,0.000000e+00,0.000000e+00,0.000000e+00,0.000000e+00,0.000000e+00,0.000000e+00,0.000000e+00,0.000000e+00
1.000000e+00,0.000000e+00,0.000000e+00,0.000000e+00,0.000000e+00,0.000000e+00,0.000000e+00,0.000000e+00,0.000000e+00,0.000000e+00,0.000000e+00,0.000000e+00,0.000000e+00,0.000000e+00,0.000000e+00
1.000000e+00,0.000000e+00,0.000000e+00,0.000000e+00,0.000000e+00,0.000000e+00,0.000000e+00,0.000000e+00,0.000000e+00,0.000000e+00,0.000000e+00,0.000000e+00,0.000000e+00,0.000000e+00,0.000000e+00
1.000000e+00,0.000000e+00,0.000000e+00,0.000000e+00,0.000000e+00,0.000000e+00,0.000000e+00,0.000000e+00,0.000000e+00,0.000000e+00,0.000000e+00,0.000000e+00,0.000000e+00,0.000000e+00,0.000000e+00
1.000000e+00,0.000000e+00,0.000000e+00,0.000000e+00,0.000000e+00,0.000000e+00,0.000000e+00,0.000000e+00,0.000000e+00,0.000000e+00,0.000000e+00,0.000000e+00,0.000000e+00,0.000000e+00,0.000000e+00
1.000000e+00,0.000000e+00,0.000000e+00,0.000000e+00,0.000000e+00,0.000000e+00,0.000000e+00,0.000000e+00,0.000000e+00,0.000000e+00,0.000000e+00,0.000000e+00,0.000000e+00,0.000000e+00,0.000000e+00
1.000000e+00,0.000000e+00,0.000000e+00,0.000000e+00,0.000000e+00,0.000000e+00,0.000000e+00,0.000000e+00,0.000000e+00,0.000000e+00,0.000000e+00,0.000000e+00,0.000000e+00,0.000000e+00,0.000000e+00
1.000000e+00,0.000000e+00,0.000000e+00,0.000000e+00,0.000000e+00,0.000000e+00,0.000000e+00,0.000000e+00,0.000000e+00,0.000000e+00,0.000000e+00,0.000000e+00,0.000000e+00,0.000000e+00,0.000000e+00
1.000000e+00,0.000000e+00,0.000000e+00,0.000000e+00,0.000000e+00,0.000000e+00,0.000000e+00,0.000000e+00,0.000000e+00,0.000000e+00,0.000000e+00,0.000000e+00,0.000000e+00,0.000000e+00,0.000000e+00
1.000000e+00,0.000000e+00,0.000000e+00,0.000000e+00,0.000000e+00,0.000000e+00,0.000000e+00,0.000000e+00,0.000000e+00,0.000000e+00,0.000000e+00,0.000000e+00,0.000000e+00,0.000000e+00,0.000000e+00
1.000000e+00,0.000000e+00,0.000000e+00,0.000000e+00,0.000000e+00,0.000000e+00,0.000000e+00,0.000000e+00,0.000000e+00,0.000000e+00,0.000000e+00,0.000000e+00,0.000000e+00,0.000000e+00,0.000000e+00
1.000000e+00,0.000000e+00,0.000000e+00,0.000000e+00,0.000000e+00,0.000000e+00,0.000000e+00,0.000000e+00,0.000000e+00,0.000000e+00,0.000000e+00,0.000000e+00,0.000000e+00,0.000000e+00,0.000000e+00
1.000000e+00,0.000000e+00,0.000000e+00,0.000000e+00,0.000000e+00,0.000000e+00,0.000000e+00,0.000000e+00,0.000000e+00,0.000000e+00,0.000000e+00,0.000000e+00,0.000000e+00,0.000000e+00,0.000000e+00
4.643340e-01,7.821840e-02,3.578112e-02,1.259369e-01,1.802829e-02,3.693987e-02,1.403185e-02,2.921768e-02,2.235780e-02,6.796286e-03,2.147929e-02,3.529767e-02,2.478674e-02,1.332991e-02,7.346425e-02
4.433397e-01,8.045915e-02,3.135444e-02,1.264548e-01,2.054276e-02,3.766762e-02,1.286278e-02,2.597874e-02,2.593452e-02,7.299507e-03,2.586943e-02,3.799455e-02,2.688342e-02,1.730156e-02,8.005704e-02
4.206206e-01,8.603674e-02,2.821077e-02,1.307569e-01,2.178926e-02,3.805850e-02,1.173153e-02,2.382314e-02,2.901244e-02,8.027175e-03,2.757524e-02,3.871990e-02,2.719218e-02,1.897882e-02,8.946675e-02
3.512833e-01,9.205811e-02,3.052922e-02,1.502664e-01,2.398636e-02,4.160297e-02,1.108190e-02,2.361719e-02,3.586467e-02,8.968489e-03,2.924791e-02,4.281357e-02,2.818876e-02,2.104645e-02,1.094448e-01
2.878634e-01,9.706290e-02,4.118648e-02,1.761368e-01,2.684801e-02,3.699932e-02,1.050205e-02,2.751632e-02,4.180197e-02,8.798656e-03,2.993196e-02,4.710834e-02,2.780287e-02,2.255150e-02,1.178894e-01
3.185831e-01,9.534274e-02,3.543775e-02,1.640451e-01,2.597345e-02,3.355671e-02,9.709029e-03,2.320676e-02,4.214888e-02,8.664014e-03,3.185333e-02,4.583683e-02,2.733392e-02,2.386427e-02,1.144441e-01
4.092295e-01,8.213764e-02,2.835144e-02,1.360145e-01,2.364953e-02,2.998825e-02,8.946389e-03,2.090611e-02,3.425106e-02,7.322267e-03,2.859737e-02,4.434025e-02,2.907820e-02,2.140753e-02,9.578001e-02
4.996704e-01,6.570913e-02,2.389153e-02,1.050117e-01,1.991829e-02,3.299458e-02,1.816880e-02,2.408575e-02,2.573983e-02,5.843716e-03,2.313600e-02,3.536948e-02,2.816044e-02,1.723006e-02,7.507024e-02
4.987935e-01,5.528149e-02,2.736423e-02,8.325744e-02,2.031807e-02,3.552926e-02,6.517626e-02,4.344184e-02,1.931958e-02,4.821331e-03,1.854240e-02,2.847777e-02,2.867447e-02,1.343918e-02,5.756309e-02
4.657679e-01,4.419607e-02,2.710444e-02,6.280026e-02,1.796987e-02,3.493432e-02,1.335313e-01,8.165576e-02,1.427378e-02,3.982393e-03,1.429392e-02,2.181669e-02,2.400749e-02,1.069884e-02,4.296685e-02
1.000000e+00,0.000000e+00,0.000000e+00,0.000000e+00,0.000000e+00,0.000000e+00,0.000000e+00,0.000000e+00,0.000000e+00,0.000000e+00,0.000000e+00,0.000000e+00,0.000000e+00,0.000000e+00,0.000000e+00
1.000000e+00,0.000000e+00,0.000000e+00,0.000000e+00,0.000000e+00,0.000000e+00,0.000000e+00,0.000000e+00,0.000000e+00,0.000000e+00,0.000000e+00,0.000000e+00,0.000000e+00,0.000000e+00,0.000000e+00
1.000000e+00,0.000000e+00,0.000000e+00,0.000000e+00,0.000000e+00,0.000000e+00,0.000000e+00,0.000000e+00,0.000000e+00,0.000000e+00,0.000000e+00,0.000000e+00,0.000000e+00,0.000000e+00,0.000000e+00
1.000000e+00,0.000000e+00,0.000000e+00,0.000000e+00,0.000000e+00,0.000000e+00,0.000000e+00,0.000000e+00,0.000000e+00,0.000000e+00,0.000000e+00,0.000000e+00,0.000000e+00,0.000000e+00,0.000000e+00
1.000000e+00,0.000000e+00,0.000000e+00,0.000000e+00,0.000000e+00,0.000000e+00,0.000000e+00,0.000000e+00,0.000000e+00,0.000000e+00,0.000000e+00,0.000000e+00,0.000000e+00,0.000000e+00,0.000000e+00
1.000000e+00,0.000000e+00,0.000000e+00,0.000000e+00,0.000000e+00,0.000000e+00,0.000000e+00,0.000000e+00,0.000000e+00,0.000000e+00,0.000000e+00,0.000000e+00,0.000000e+00,0.000000e+00,0.000000e+00
1.000000e+00,0.000000e+00,0.000000e+00,0.000000e+00,0.000000e+00,0.000000e+00,0.000000e+00,0.000000e+00,0.000000e+00,0.000000e+00,0.000000e+00,0.000000e+00,0.000000e+00,0.000000e+00,0.000000e+00
1.000000e+00,0.000000e+00,0.000000e+00,0.000000e+00,0.000000e+00,0.000000e+00,0.000000e+00,0.000000e+00,0.000000e+00,0.000000e+00,0.000000e+00,0.000000e+00,0.000000e+00,0.000000e+00,0.000000e+00
1.000000e+00,0.000000e+00,0.000000e+00,0.000000e+00,0.000000e+00,0.000000e+00,0.000000e+00,0.000000e+00,0.000000e+00,0.000000e+00,0.000000e+00,0.000000e+00,0.000000e+00,0.000000e+00,0.000000e+00
1.000000e+00,0.000000e+00,0.000000e+00,0.000000e+00,0.000000e+00,0.000000e+00,0.000000e+00,0.000000e+00,0.000000e+00,0.000000e+00,0.000000e+00,0.000000e+00,0.000000e+00,0.000000e+00,0.000000e+00
3.878481e-01,3.298520e-01,1.566751e-02,6.365045e-02,1.146288e-02,2.616720e-02,1.106001e-02,4.335438e-03,5.999504e-03,8.338399e-03,4.985039e-02,1.288826e-02,1.190243e-02,1.815321e-02,4.282425e-02
2.805105e-01,2.367883e-01,1.161106e-02,6.377342e-02,8.772644e-03,2.092373e-02,7.856758e-03,3.317442e-03,1.094804e-02,6.371745e-03,2.669877e-01,9.610591e-03,1.659848e-02,2.464369e-02,3.128576e-02
1.976659e-01,1.670918e-01,9.794749e-03,9.046748e-02,1.008079e-02,1.659883e-02,5.572042e-03,2.704275e-03,3.070824e-02,5.305429e-03,3.485150e-01,7.445707e-03,1.867844e-02,4.654273e-02,4.282845e-02
1.401915e-01,1.188130e-01,1.027528e-02,8.129700e-02,1.112772e-02,1.393415e-02,3.943351e-03,2.156229e-03,4.234960e-02,5.093126e-03,3.890791e-01,6.174400e-03,1.714521e-02,9.905171e-02,5.936855e-02
1.015472e-01,8.912340e-02,1.293190e-02,5.924870e-02,8.808353e-03,1.247824e-02,2.831157e-03,1.673449e-03,5.356320e-02,8.590372e-03,2.822140e-01,4.565416e-03,1.302904e-02,2.532195e-01,9.617607e-02
7.350349e-02,6.370427e-02,1.109525e-02,4.373487e-02,7.098339e-03,1.237710e-02,2.182249e-03,1.437720e-03,6.460567e-02,1.030845e-02,2.038377e-01,3.612070e-03,1.139243e-02,3.736521e-01,1.174582e-01
5.401180e-02,5.024052e-02,6.796580e-02,4.795182e-02,6.607070e-03,1.144508e-02,2.307386e-03,5.446076e-03,1.190986e-01,8.485018e-03,1.543704e-01,4.970279e-03,2.214748e-02,3.039461e-01,1.410065e-01
4.157539e-02,4.028939e-02,1.781329e-01,5.151857e-02,5.830571e-03,1.767931e-02,2.420072e-03,8.358763e-03,1.115703e-01,7.385940e-03,1.286350e-01,1.049385e-02,4.122471e-02,2.197277e-01,1.351574e-01
3.070842e-02,3.412497e-02,2.681742e-01,4.961639e-02,5.295158e-03,2.219309e-02,2.034934e-03,1.320055e-02,9.315139e-02,6.763058e-03,1.092160e-01,2.818671e-02,5.996348e-02,1.619069e-01,1.154646e-01
2.407825e-02,3.010608e-02,2.752099e-01,4.690254e-02,6.281110e-03,2.041215e-02,4.223589e-03,4.925069e-02,8.934471e-02,8.555437e-03,9.479719e-02,3.769448e-02,7.528596e-02,1.208375e-01,1.170204e-01
2.323536e-02,2.585001e-02,3.146158e-01,4.829850e-02,1.390175e-02,1.634216e-02,3.300484e-03,6.122344e-02,9.609856e-02,7.277952e-03,9.466256e-02,4.164708e-02,7.889578e-02,8.625056e-02,8.839990e-02
2.539612e-02,2.721242e-02,2.967251e-01,4.977486e-02,1.299517e-02,1.352340e-02,2.642367e-03,1.819852e-01,9.136304e-02,6.259768e-03,6.845509e-02,3.287942e-02,6.187950e-02,6.132388e-02,6.758463e-02
4.809379e-02,4.118890e-02,2.855575e-01,4.640025e-02,2.140429e-02,1.186641e-02,2.270535e-03,2.077108e-01,1.037385e-01,9.697666e-03,4.977830e-02,2.354285e-02,4.521978e-02,4.503193e-02,5.849839e-02
5.485302e-02,6.205598e-02,2.221760e-01,4.168077e-02,3.851583e-02,1.004744e-02,1.990283e-03,2.136223e-01,1.721949e-01,1.048904e-02,3.642376e-02,1.702812e-02,3.385400e-02,3.292528e-02,5.214328e-02
1.073509e-01,6.827275e-02,1.747622e-01,5.285917e-02,5.123468e-02,1.288920e-02,3.999422e-03,2.016243e-01,1.703965e-01,1.038817e-02,2.786344e-02,1.580504e-02,3.161089e-02,2.489189e-02,4.605132e-02
1.147617e-01,9.121938e-02,1.474071e-01,4.590039e-02,6.230460e-02,1.734301e-02,4.961176e-03,1.742196e-01,1.613547e-01,1.048951e-02,2.458616e-02,1.408201e-02,6.326229e-02,2.062976e-02,4.747862e-02
1.139903e-01,1.036950e-01,1.246293e-01,4.323603e-02,6.241713e-02,5.121413e-02,5.999475e-03,1.765740e-01,1.363385e-01,9.283134e-03,2.324798e-02,1.203328e-02,7.590125e-02,1.670867e-02,4.473182e-02
8.759926e-02,8.669298e-02,1.226283e-01,4.561969e-02,4.608912e-02,9.611310e-02,4.855566e-03,1.267923e-01,1.139563e-01,1.083295e-02,4.686911e-02,3.010217e-02,1.116732e-01,1.374917e-02,5.642676e-02
7.591881e-02,7.223675e-02,1.133177e-01,4.717813e-02,3.327992e-02,1.106094e-01,4.506922e-03,8.947441e-02,9.326094e-02,1.191893e-02,6.539003e-02,4.278219e-02,1.738570e-01,1.145240e-02,5.481643e-02
9.024985e-02,5.405461e-02,9.711333e-02,5.022959e-02,2.484886e-02,9.362952e-02,5.713274e-03,6.413256e-02,7.448771e-02,1.348857e-02,7.335224e-02,4.867401e-02,2.349853e-01,1.479556e-02,6.024503e-02
8.428673e-02,3.865932e-02,7.168606e-02,3.836503e-02,1.800985e-02,7.023474e-02,4.469342e-03,4.544715e-02,5.443761e-02,1.450276e-02,7.025366e-02,5.910672e-02,3.422783e-01,1.230791e-02,7.595484e-02
9.299862e-02,2.769623e-02,5.199473e-02,2.878398e-02,1.418867e-02,6.222802e-02,4.324150e-03,3.429333e-02,4.333999e-02,1.244323e-02,7.180873e-02,8.736825e-02,3.910055e-01,1.459284e-02,6.293375e-02
2.091576e-01,2.252561e-02,3.906604e-02,2.376530e-02,1.321692e-02,5.570057e-02,5.433780e-03,2.520865e-02,3.656140e-02,1.302068e-02,5.690530e-02,7.532410e-02,3.550882e-01,1.303731e-02,5.598853e-02
3.128999e-01,1.809184e-02,2.919979e-02,1.872461e-02,1.164084e-02,4.633821e-02,5.129000e-03,1.851004e-02,3.176121e-02,1.174650e-02,4.563973e-02,6.625926e-02,3.269408e-01,1.043755e-02,4.668075e-02
3.368395e-01,1.572942e-02,2.667843e-02,1.404729e-02,1.167021e-02,3.699822e-02,4.636293e-03,1.530189e-02,2.632819e-02,1.172740e-02,4.164632e-02,6.259821e-02,3.466338e-01,8.903084e-03,4.026170e-02
3.056801e-01,1.562826e-02,2.281613e-02,1.063331e-02,1.648515e-02,2.685924e-02,4.222752e-03,1.272939e-02,2.787816e-02,1.135745e-02,3.904767e-02,6.378456e-02,3.840227e-01,8.352811e-03,5.050223e-02
3.250993e-01,1.501835e-02,2.028594e-02,8.785175e-03,2.872019e-02,2.057448e-02,3.700524e-03,1.292808e-02,2.737513e-02,1.429681e-02,3.593674e-02,6.905463e-02,3.659344e-01,7.743176e-03,4.454701e-02
3.067358e-01,2.044742e-02,4.655792e-02,7.387890e-03,3.018326e-02,1.576142e-02,2.848526e-03,1.604280e-02,3.014936e-02,2.787449e-02,3.167185e-02,6.376211e-02,3.417950e-01,9.378944e-03,4.940327e-02
3.191277e-01,2.165354e-02,5.780894e-02,6.370731e-03,3.097310e-02,1.585557e-02,2.246778e-03,1.593984e-02,3.041343e-02,6.431855e-02,2.914058e-02,8.690575e-02,2.688579e-01,1.046256e-02,3.992506e-02
2.350531e-01,2.726782e-02,7.623231e-02,4.857664e-03,5.426982e-02,1.335319e-02,2.119551e-03,1.540426e-02,4.553540e-02,1.248914e-01,4.030892e-02,1.109425e-01,2.037547e-01,1.209162e-02,3.391777e-02
1.698948e-01,2.330772e-02,1.152273e-01,4.623838e-03,1.155852e-01,9.989599e-03,2.431810e-03,1.554303e-02,5.196106e-02,1.263979e-01,4.251684e-02,1.319136e-01,1.546953e-01,1.144223e-02,2.446960e-02
1.242746e-01,1.823805e-02,9.718389e-02,3.703686e-03,2.199739e-01,7.767848e-03,2.593399e-03,2.270353e-02,7.153961e-02,1.477787e-01,3.571398e-02,1.072154e-01,1.126804e-01,1.083840e-02,1.779459e-02
9.645254e-02,1.378992e-02,1.428031e-01,7.553367e-03,1.965328e-01,6.382418e-03,5.965997e-03,9.061103e-02,6.849499e-02,1.376504e-01,3.452442e-02,9.073212e-02,8.637647e-02,9.375691e-03,1.275473e-02
8.298221e-02,1.097100e-02,1.282659e-01,1.160527e-02,2.451679e-01,5.335995e-03,5.254547e-03,8.826489e-02,1.097981e-01,1.220224e-01,3.317358e-02,7.694685e-02,6.400688e-02,7.123856e-03,9.080563e-03
7.223987e-02,8.608213e-03,1.005536e-01,5.568069e-02,2.975308e-01,7.774916e-03,3.888301e-03,1.082741e-01,1.165491e-01,8.966037e-02,2.567681e-02,5.514138e-02,4.675610e-02,5.087613e-03,6.578197e-03
9.086117e-02,7.695652e-03,7.510361e-02,8.428113e-02,3.283750e-01,8.372400e-03,2.934544e-03,8.092216e-02,1.414582e-01,6.936539e-02,2.357703e-02,4.025331e-02,3.512252e-02,4.639010e-03,7.038857e-03
1.437965e-01,8.320466e-03,6.035299e-02,7.463230e-02,3.030918e-01,1.026265e-02,2.643273e-03,6.462707e-02,1.280112e-01,5.534715e-02,5.921841e-02,3.986998e-02,3.403993e-02,4.937395e-03,1.084887e-02
1.607214e-01,1.238637e-02,5.145244e-02,6.875453e-02,2.927805e-01,1.487146e-02,3.232560e-03,5.365368e-02,1.440879e-01,5.409783e-02,6.177818e-02,3.352115e-02,2.797505e-02,6.251020e-03,1.443607e-02
1.657702e-01,1.334716e-02,3.865309e-02,5.299493e-02,3.301463e-01,1.356417e-02,3.104133e-03,4.215014e-02,1.707081e-01,4.725245e-02,4.995953e-02,2.729823e-02,2.092657e-02,6.073777e-03,1.805134e-02
1.439415e-01,1.312373e-02,2.877650e-02,6.215896e-02,3.257557e-01,1.546279e-02,4.881713e-03,1.365574e-01,1.407661e-01,3.500444e-02,3.761962e-02,1.992288e-02,1.657100e-02,4.670869e-03,1.478689e-02
1.199532e-01,1.125705e-02,2.144385e-02,4.753828e-02,3.184984e-01,2.401876e-02,5.155962e-03,2.568228e-01,1.015952e-01,2.541627e-02,2.785841e-02,1.425540e-02,1.214859e-02,3.383041e-03,1.065487e-02
1.277545e-01,1.255085e-02,1.821667e-02,3.626521e-02,3.522066e-01,2.267250e-02,5.618496e-03,2.418995e-01,7.976204e-02,3.638677e-02,2.957620e-02,1.120492e-02,1.065671e-02,2.793966e-03,1.243500e-02
1.158845e-01,1.081662e-02,1.459678e-02,2.727018e-02,3.722904e-01,1.913492e-02,5.929571e-03,2.799754e-01,5.988920e-02,3.800753e-02,2.465258e-02,8.720057e-03,8.247565e-03,2.272838e-03,1.231202e-02
1.215651e-01,1.062419e-02,1.203247e-02,2.123320e-02,4.190037e-01,1.827310e-02,6.673975e-03,2.643351e-01,4.667025e-02,3.255819e-02,2.040466e-02,7.010154e-03,7.157641e-03,2.263305e-03,1.019495e-02
1.454699e-01,1.541497e-02,1.028074e-02,2.336361e-02,4.188650e-01,2.210260e-02,7.157113e-03,2.287577e-01,4.094428e-02,4.039332e-02,1.776414e-02,6.022853e-03,6.661692e-03,3.218489e-03,1.358352e-02
1.393387e-01,1.630713e-02,8.304188e-03,1.913564e-02,4.920707e-01,2.303698e-02,6.360193e-03,1.904223e-01,3.178415e-02,3.318460e-02,1.410782e-02,4.734492e-03,6.004250e-03,3.004022e-03,1.220471e-02
2.404758e-01,1.640993e-02,8.023546e-03,1.571605e-02,4.475714e-01,2.022172e-02,6.391653e-03,1.436803e-01,3.049621e-02,2.852962e-02,1.215000e-02,5.494542e-03,5.168653e-03,6.208017e-03,1.346239e-02
3.251887e-01,1.545796e-02,8.132259e-03,1.394913e-02,3.876169e-01,1.785192e-02,7.814279e-03,1.199386e-01,3.620685e-02,2.344640e-02,1.054225e-02,8.520335e-03,5.024416e-03,6.958180e-03,1.335187e-02
3.975958e-01,1.633902e-02,7.612068e-03,1.423587e-02,3.426055e-01,1.536135e-02,9.247952e-03,9.215791e-02,3.269681e-02,2.069859e-02,1.033389e-02,1.236786e-02,5.497962e-03,6.656139e-03,1.659331e-02
2.796440e-01,1.025963e-01,1.234397e-02,9.062708e-02,2.420942e-01,1.188308e-02,6.577238e-03,6.465566e-02,3.372474e-02,3.205660e-02,1.139825e-02,1.121714e-02,5.927036e-03,6.009531e-03,8.924505e-02
2.032393e-01,8.576912e-02,9.953218e-03,6.582412e-02,1.719345e-01,9.645983e-03,4.860726e-03,4.546958e-02,7.710352e-02,4.392745e-02,1.128504e-02,8.239902e-03,5.200732e-03,1.395697e-02,2.435899e-01
1.547012e-01,7.140128e-02,8.387871e-03,4.663224e-02,1.215690e-01,7.706464e-03,3.550991e-03,3.200572e-02,2.750180e-01,3.817122e-02,1.005255e-02,5.893828e-03,5.648047e-03,2.398732e-02,1.952743e-01
1.191525e-01,5.165831e-02,7.536216e-03,3.296393e-02,8.740343e-02,5.695570e-03,2.602243e-03,2.258869e-02,4.313538e-01,3.526845e-02,8.478821e-03,4.177408e-03,4.506642e-03,3.684539e-02,1.497686e-01
9.446970e-02,3.877179e-02,1.229927e-02,2.468085e-02,6.205777e-02,4.619418e-03,1.875812e-03,1.607361e-02,5.564603e-01,2.989468e-02,6.973021e-03,2.988057e-03,3.632343e-03,3.401383e-02,1.111895e-01
7.317436e-02,2.873951e-02,1.350316e-02,1.739529e-02,4.362564e-02,5.122186e-03,1.406314e-03,1.132298e-02,4.960933e-01,4.225334e-02,7.319571e-03,2.186570e-03,2.823630e-03,1.483640e-01,1.066701e-01
8.972603e-02,2.390159e-02,1.307763e-02,1.250318e-02,3.124998e-02,1.094470e-02,1.071162e-03,8.100509e-03,3.863859e-01,3.661317e-02,1.239756e-02,1.691699e-03,2.988978e-03,2.406473e-01,1.287006e-01
7.519963e-02,1.796627e-02,1.373388e-02,9.237050e-03,2.252967e-02,1.150743e-02,8.260600e-04,5.767220e-03,3.927263e-01,3.351779e-02,1.210762e-02,1.471574e-03,2.695211e-03,2.823336e-01,1.183807e-01
5.454037e-02,1.529094e-02,1.228704e-01,7.979633e-03,1.658548e-02,8.391459e-03,5.985916e-04,4.081068e-03,4.012069e-01,3.603316e-02,9.773270e-03,1.196290e-03,2.112231e-03,2.252769e-01,9.406331e-02
5.559347e-02,1.278478e-02,1.049049e-01,5.979711e-03,1.490907e-02,7.445837e-03,4.892738e-04,3.093870e-03,3.465281e-01,5.752012e-02,7.928747e-03,9.574525e-04,1.721505e-03,2.465708e-01,1.335723e-01
4.099877e-02,9.896432e-03,7.558166e-02,4.222517e-03,1.097116e-02,5.612430e-03,3.590475e-04,2.365092e-03,3.037739e-01,6.330971e-02,6.302818e-03,7.494159e-04,1.353469e-03,3.169324e-01,1.575712e-01
3.054916e-02,8.141027e-03,5.662373e-02,3.071649e-03,8.293776e-03,4.262427e-03,2.702639e-04,1.841255e-03,2.721748e-01,7.798061e-02,5.623715e-03,6.346820e-04,1.109696e-03,3.489147e-01,1.805084e-01
2.223910e-02,6.367151e-03,5.161290e-02,2.249486e-03,6.141539e-03,3.073056e-03,2.003693e-04,1.388006e-03,2.317575e-01,1.111230e-01,5.331160e-03,4.892941e-04,8.668360e-04,3.562939e-01,2.008667e-01
1.994680e-02,6.100850e-03,6.474230e-02,1.802387e-03,4.837114e-03,2.489804e-03,1.618991e-04,1.406544e-03,2.396633e-01,1.016852e-01,1.294672e-02,4.951441e-04,1.184024e-03,3.237574e-01,2.187804e-01
1.713525e-02,5.558481e-03,5.316926e-02,1.372225e-03,4.005077e-03,1.951472e-03,1.329606e-04,1.164791e-03,2.791578e-01,9.238993e-02,1.807556e-02,4.706893e-04,1.708599e-03,2.965726e-01,2.271353e-01
1.312815e-02,4.276976e-03,4.083914e-02,1.167620e-03,3.017787e-03,1.577609e-03,1.197780e-04,9.136500e-04,3.203754e-01,9.063610e-02,2.265711e-02,6.195923e-04,2.637653e-03,2.846929e-01,2.133405e-01
1.054433e-02,4.549948e-03,6.612430e-02,6.678578e-03,3.485522e-03,1.424226e-03,1.495158e-04,1.796934e-03,3.670182e-01,8.632928e-02,2.612109e-02,1.011565e-03,2.947066e-03,2.367463e-01,1.850732e-01
8.177951e-03,3.546325e-03,6.822033e-02,5.409539e-03,3.010452e-03,1.276337e-03,1.805797e-04,1.342697e-03,2.715200e-01,1.699983e-01,2.092771e-02,9.059098e-04,2.547817e-03,3.049434e-01,1.379926e-01
8.314942e-03,4.900213e-03,1.753273e-01,1.514762e-02,3.892466e-03,1.267133e-03,2.117197e-04,1.180910e-03,2.404217e-01,1.458580e-01,2.162223e-02,1.594810e-03,3.398631e-03,2.608960e-01,1.159663e-01
9.411582e-03,4.548861e-03,2.607006e-01,1.747189e-02,5.397324e-03,1.683464e-03,3.252216e-04,1.345647e-03,1.878111e-01,1.461965e-01,2.418283e-02,2.404957e-03,5.117143e-03,2.335756e-01,9.982741e-02
1.180451e-02,4.171291e-03,2.313217e-01,1.343954e-02,9.547787e-03,2.068499e-03,4.869788e-04,3.140824e-03,1.350671e-01,2.957958e-01,2.730892e-02,2.431959e-03,6.172756e-03,1.798680e-01,7.737441e-02
1.833789e-02,9.469166e-03,2.373487e-01,1.343270e-02,3.842735e-02,2.679474e-03,1.335318e-03,9.754173e-03,1.101409e-01,3.279467e-01,2.989704e-02,3.774224e-03,7.713373e-03,1.320655e-01,5.767757e-02
4.350515e-02,1.621271e-02,2.531442e-01,1.581845e-02,9.498020e-02,7.261685e-03,2.451097e-03,1.202494e-02,8.576603e-02,2.738641e-01,3.478815e-02,4.708647e-03,9.907109e-03,9.913298e-02,4.643455e-02
7.856318e-02,3.461426e-02,2.163095e-01,2.812033e-02,1.897952e-01,3.007402e-02,7.845961e-03,1.161447e-02,6.150180e-02,1.961426e-01,2.801462e-02,3.582556e-03,7.572320e-03,7.217415e-02,3.407500e-02
7.206117e-02,5.889402e-02,2.218039e-01,1.218979e-01,1.823037e-01,3.277966e-02,8.781618e-03,1.039961e-02,4.410294e-02,1.392079e-01,2.131284e-02,2.914641e-03,5.715351e-03,5.116224e-02,2.666258e-02
6.886393e-02,7.202897e-02,2.246460e-01,1.575623e-01,1.749542e-01,6.728192e-02,1.501925e-02,9.937746e-03,3.172199e-02,9.809761e-02,1.604220e-02,2.297759e-03,4.350095e-03,3.629253e-02,2.090347e-02
8.904480e-02,8.026947e-02,2.515875e-01,1.416679e-01,1.742832e-01,7.528007e-02,2.050810e-02,9.833131e-03,2.375933e-02,7.108753e-02,1.285335e-02,2.306093e-03,4.112951e-03,2.693400e-02,1.647267e-02
8.234338e-02,1.323522e-01,2.449353e-01,1.922147e-01,1.386442e-01,6.435013e-02,1.785690e-02,8.806935e-03,1.788645e-02,5.049936e-02,1.128555e-02,2.677002e-03,3.725967e-03,1.923310e-02,1.318898e-02
1.687431e-01,1.105538e-01,2.571713e-01,1.610160e-01,1.145387e-01,5.502585e-02,1.474456e-02,1.090021e-02,1.436983e-02,3.739283e-02,1.284169e-02,8.563000e-03,5.468005e-03,1.480539e-02,1.386579e-02
2.956722e-01,9.973028e-02,2.100732e-01,1.234329e-01,9.448820e-02,4.514439e-02,1.185103e-02,1.059578e-02,1.249782e-02,2.771768e-02,1.558743e-02,1.353795e-02,8.660336e-03,1.480304e-02,1.620779e-02
3.916711e-01,9.018470e-02,1.928861e-01,9.502508e-02,7.587114e-02,3.566841e-02,8.992408e-03,8.491076e-03,9.825676e-03,2.117902e-02,1.549069e-02,1.528674e-02,9.395476e-03,1.295772e-02,1.707459e-02
4.353584e-01,8.976446e-02,1.482096e-01,9.750988e-02,6.275006e-02,3.062828e-02,7.560020e-03,7.434553e-03,9.405782e-03,1.609271e-02,1.920872e-02,2.910852e-02,1.318205e-02,1.304857e-02,2.073841e-02
1.000000e+00,0.000000e+00,0.000000e+00,0.000000e+00,0.000000e+00,0.000000e+00,0.000000e+00,0.000000e+00,0.000000e+00,0.000000e+00,0.000000e+00,0.000000e+00,0.000000e+00,0.000000e+00,0.000000e+00
1.000000e+00,0.000000e+00,0.000000e+00,0.000000e+00,0.000000e+00,0.000000e+00,0.000000e+00,0.000000e+00,0.000000e+00,0.000000e+00,0.000000e+00,0.000000e+00,0.000000e+00,0.000000e+00,0.000000e+00
1.000000e+00,0.000000e+00,0.000000e+00,0.000000e+00,0.000000e+00,0.000000e+00,0.000000e+00,0.000000e+00,0.000000e+00,0.000000e+00,0.000000e+00,0.000000e+00,0.000000e+00,0.000000e+00,0.000000e+00
1.000000e+00,0.000000e+00,0.000000e+00,0.000000e+00,0.000000e+00,0.000000e+00,0.000000e+00,0.000000e+00,0.000000e+00,0.000000e+00,0.000000e+00,0.000000e+00,0.000000e+00,0.000000e+00,0.000000e+00
1.000000e+00,0.000000e+00,0.000000e+00,0.000000e+00,0.000000e+00,0.000000e+00,0.000000e+00,0.000000e+00,0.000000e+00,0.000000e+00,0.000000e+00,0.000000e+00,0.000000e+00,0.000000e+00,0.000000e+00
1.000000e+00,0.000000e+00,0.000000e+00,0.000000e+00,0.000000e+00,0.000000e+00,0.000000e+00,0.000000e+00,0.000000e+00,0.000000e+00,0.000000e+00,0.000000e+00,0.000000e+00,0.000000e+00,0.000000e+00
1.000000e+00,0.000000e+00,0.000000e+00,0.000000e+00,0.000000e+00,0.000000e+00,0.000000e+00,0.000000e+00,0.000000e+00,0.000000e+00,0.000000e+00,0.000000e+00,0.000000e+00,0.000000e+00,0.000000e+00
1.000000e+00,0.000000e+00,0.000000e+00,0.000000e+00,0.000000e+00,0.000000e+00,0.000000e+00,0.000000e+00,0.000000e+00,0.000000e+00,0.000000e+00,0.000000e+00,0.000000e+00,0.000000e+00,0.000000e+00
1.000000e+00,0.000000e+00,0.000000e+00,0.000000e+00,0.000000e+00,0.000000e+00,0.000000e+00,0.000000e+00,0.000000e+00,0.000000e+00,0.000000e+00,0.000000e+00,0.000000e+00,0.000000e+00,0.000000e+00
4.898761e-01,7.121798e-02,1.914669e-02,7.800108e-02,5.944256e-02,3.298550e-02,2.913528e-02,8.063835e-03,2.962296e-02,8.120405e-03,5.603380e-02,3.214091e-02,1.771733e-02,1.443933e-02,5.405627e-02
3.479251e-01,6.320832e-02,1.433745e-02,1.140762e-01,4.849825e-02,7.088032e-02,2.149533e-02,6.077236e-03,5.716375e-02,7.448518e-03,1.442841e-01,2.304657e-02,1.787549e-02,2.023325e-02,4.345016e-02
2.456802e-01,4.538502e-02,1.040619e-02,1.057270e-01,3.648727e-02,5.760057e-02,1.567995e-02,4.778838e-03,1.237637e-01,7.577930e-03,1.612158e-01,1.685641e-02,1.417315e-02,1.144640e-01,4.020398e-02
1.745271e-01,3.292269e-02,7.636907e-03,8.834223e-02,3.086802e-02,4.590246e-02,1.155659e-02,3.886834e-03,1.507341e-01,6.491776e-03,1.551591e-01,1.268491e-02,1.213102e-02,2.229549e-01,4.420133e-02
1.266341e-01,2.360361e-02,5.540350e-03,6.390632e-02,2.274380e-02,4.109288e-02,8.779658e-03,3.028380e-03,2.060641e-01,5.789731e-03,1.128579e-01,9.292994e-03,8.918590e-03,3.269145e-01,3.483314e-02
1.203736e-01,1.829007e-02,4.538060e-03,4.722737e-02,1.818670e-02,3.635704e-02,6.964320e-03,2.374774e-03,1.929260e-01,6.836194e-03,8.697382e-02,7.681740e-03,7.006666e-03,4.119441e-01,3.231946e-02
1.139709e-01,1.363271e-02,3.433188e-03,3.333567e-02,1.338796e-02,2.997310e-02,4.982940e-03,1.861782e-03,1.744926e-01,6.909802e-03,6.563015e-02,6.127703e-03,6.447996e-03,4.973077e-01,2.850574e-02
8.851092e-02,1.045337e-02,3.086420e-03,2.349063e-02,1.058291e-02,3.267055e-02,3.539722e-03,1.343164e-03,1.889091e-01,6.513163e-03,5.033717e-02,4.819116e-03,5.406658e-03,5.389456e-01,3.139153e-02
6.416462e-02,7.893064e-03,2.531805e-03,1.651179e-02,8.269683e-03,2.872381e-02,2.503820e-03,9.543031e-04,1.570585e-01,5.207368e-03,3.641378e-02,3.656799e-03,4.105843e-03,6.332655e-01,2.873931e-02
4.540800e-02,6.138452e-03,1.960977e-03,1.158055e-02,6.030890e-03,2.499335e-02,1.763122e-03,6.783939e-04,1.744472e-01,4.274641e-03,2.596160e-02,2.690670e-03,2.979477e-03,6.686285e-01,2.246421e-02
3.197656e-02,5.708165e-03,1.996572e-03,8.128376e-03,4.802633e-03,1.880836e-02,1.248908e-03,4.987603e-04,2.435291e-01,4.552546e-03,1.835409e-02,1.914759e-03,2.189531e-03,6.356119e-01,2.067969e-02
2.256978e-02,7.838592e-03,2.485782e-03,5.729491e-03,4.065539e-03,1.340057e-02,8.833451e-04,4.172432e-04,3.379635e-01,6.638555e-03,1.306565e-02,1.348090e-03,1.648215e-03,5.629133e-01,1.903227e-02
1.685860e-02,1.283543e-02,3.183183e-03,4.147965e-03,5.215463e-03,1.047688e-02,6.464449e-04,8.760887e-04,4.266260e-01,1.073524e-02,9.481082e-03,9.587055e-04,1.372193e-03,4.717109e-01,2.487576e-02
1.254806e-02,2.648711e-02,3.238486e-03,3.322942e-03,7.056720e-03,8.329132e-03,4.988794e-04,2.059454e-03,4.863439e-01,1.295111e-02,7.327158e-03,7.150622e-04,1.251637e-03,4.000033e-01,2.786705e-02
9.064848e-03,3.164769e-02,2.445899e-03,2.480268e-03,5.305297e-03,6.265212e-03,3.535733e-04,1.527637e-03,5.586871e-01,1.416116e-02,5.635618e-03,5.335803e-04,1.043040e-03,3.185921e-01,4.225686e-02
6.545850e-03,3.953991e-02,1.794248e-03,1.900008e-03,3.964123e-03,4.810198e-03,2.493944e-04,1.096247e-03,6.272538e-01,1.367435e-02,4.312765e-03,3.973618e-04,9.436305e-04,2.463630e-01,4.715502e-02
4.897443e-03,5.637646e-02,1.308002e-03,1.588593e-03,3.216179e-03,5.364330e-03,1.773070e-04,8.526366e-04,6.613686e-01,1.304067e-02,3.653977e-03,3.002983e-04,8.072485e-04,1.931807e-01,5.386751e-02
3.907319e-03,1.281660e-01,9.638491e-04,1.508755e-03,2.433717e-03,8.011213e-03,1.264396e-04,6.745125e-04,6.302863e-01,1.096645e-02,3.025662e-03,2.479960e-04,7.586289e-04,1.523202e-01,5.660285e-02
4.084026e-03,1.714806e-01,8.295219e-04,2.019141e-03,2.464025e-03,1.389871e-02,1.015318e-04,8.983767e-04,5.971274e-01,8.996586e-03,3.048192e-03,2.703122e-04,9.168469e-04,1.263633e-01,6.750138e-02
4.978307e-03,1.889301e-01,6.980921e-04,2.621321e-03,4.116467e-03,2.295301e-02,9.974660e-05,2.904445e-03,5.978374e-01,6.629341e-03,2.740638e-03,2.437961e-04,9.812147e-04,1.023966e-01,6.186944e-02
6.226409e-03,1.800802e-01,6.142221e-04,3.018226e-03,8.842001e-03,3.506543e-02,1.535600e-04,8.357421e-03,6.140440e-01,4.875473e-03,2.345172e-03,2.063229e-04,9.933187e-04,8.183350e-02,5.334479e-02
5.423720e-03,2.222198e-01,7.803200e-04,5.406673e-03,7.646347e-03,2.725970e-02,1.316939e-04,7.415476e-03,5.584121e-01,5.424027e-03,1.811088e-03,2.034041e-04,1.183595e-03,5.880265e-02,9.787940e-02
1.247595e-02,2.032318e-01,9.562713e-04,5.538829e-03,1.713971e-02,3.787227e-02,2.682928e-04,1.657147e-02,5.668304e-01,4.484698e-03,1.651781e-03,2.076949e-04,1.711230e-03,4.549919e-02,8.556044e-02
1.984653e-02,1.892826e-01,1.835476e-03,5.812728e-03,2.925881e-02,6.766140e-02,6.856788e-04,2.428458e-02,5.273533e-01,4.396001e-03,1.482775e-03,2.385757e-04,2.560210e-03,3.498452e-02,9.031681e-02
2.127982e-02,2.284504e-01,8.103627e-03,1.634597e-02,2.601687e-02,5.868637e-02,7.073801e-04,2.562675e-02,4.172535e-01,9.518630e-03,1.440442e-03,2.768157e-04,3.400608e-03,2.568810e-02,1.572048e-01
3.005639e-02,1.766975e-01,1.138310e-02,1.684584e-02,6.204853e-02,9.605928e-02,3.087261e-03,2.794001e-02,4.258292e-01,8.284161e-03,1.328733e-03,2.706154e-04,3.443672e-03,1.850544e-02,1.182202e-01
3.872465e-02,1.527969e-01,1.697558e-02,1.544152e-02,6.487766e-02,1.684240e-01,4.691063e-03,2.515225e-02,4.026276e-01,6.278528e-03,1.396274e-03,3.287542e-04,3.348004e-03,1.322366e-02,8.571358e-02
4.749505e-02,1.249591e-01,4.116267e-02,3.345051e-02,7.478724e-02,2.211525e-01,1.360077e-02,3.508545e-02,3.213648e-01,5.884232e-03,1.593709e-03,7.812834e-04,3.869533e-03,9.567402e-03,6.524574e-02
4.129907e-02,1.020003e-01,1.559948e-01,8.845872e-02,6.092212e-02,1.770604e-01,1.161169e-02,2.968278e-02,2.440959e-01,1.187972e-02,1.295162e-03,1.002870e-03,4.901076e-03,6.758999e-03,6.303646e-02
3.826519e-02,8.187155e-02,2.751953e-01,1.026132e-01,5.265964e-02,1.391973e-01,1.005954e-02,3.114924e-02,1.824836e-01,1.266788e-02,1.122002e-03,1.012151e-03,4.070187e-03,4.801845e-03,6.283128e-02
5.102761e-02,7.535256e-02,2.419823e-01,8.675972e-02,9.627832e-02,1.659860e-01,1.873561e-02,2.912227e-02,1.584961e-01,1.178056e-02,1.233004e-03,8.581614e-04,3.764824e-03,3.438447e-03,5.518446e-02
4.998444e-02,8.530569e-02,1.963640e-01,1.693330e-01,1.062508e-01,1.317509e-01,1.862956e-02,4.957246e-02,1.211232e-01,9.631005e-03,1.261742e-03,1.335770e-03,3.799284e-03,2.487975e-03,5.317011e-02
6.363834e-02,8.067739e-02,1.925612e-01,2.244696e-01,9.947890e-02,1.065535e-01,1.595365e-02,4.371704e-02,9.301630e-02,1.024995e-02,1.470958e-03,1.506481e-03,3.521284e-03,1.916033e-03,6.126935e-02
4.710487e-02,6.682790e-02,1.609364e-01,2.110431e-01,8.646011e-02,2.509055e-01,1.539882e-02,3.693549e-02,6.594437e-02,7.735817e-03,1.211033e-03,1.134080e-03,2.604965e-03,1.358396e-03,4.439915e-02
3.958987e-02,5.017369e-02,1.141736e-01,1.558581e-01,7.405546e-02,4.231076e-01,1.171306e-02,3.818344e-02,4.668172e-02,7.732742e-03,1.434521e-03,9.420885e-04,2.862038e-03,1.046136e-03,3.244597e-02
3.076961e-02,4.319462e-02,8.282676e-02,1.176149e-01,5.749972e-02,4.708154e-01,8.742888e-03,2.798549e-02,3.801361e-02,8.160235e-02,5.688208e-03,1.068224e-03,3.084908e-03,1.018169e-03,3.007509e-02
2.155727e-02,3.090025e-02,5.824857e-02,8.312918e-02,4.034946e-02,4.848043e-01,6.243743e-03,1.962754e-02,5.789996e-02,1.596613e-01,6.703159e-03,7.697062e-04,2.347785e-03,9.293485e-04,2.682842e-02
1.516047e-02,2.185937e-02,4.080950e-02,5.824350e-02,2.842464e-02,4.318750e-01,4.457987e-03,1.380854e-02,1.293135e-01,1.537733e-01,9.057905e-03,5.941736e-04,2.151569e-03,7.038791e-03,8.343178e-02
1.075041e-02,1.562898e-02,2.879495e-02,4.096343e-02,2.068258e-02,3.281984e-01,3.266739e-03,1.000594e-02,2.409301e-01,1.596847e-01,2.056568e-02,6.078888e-04,2.621992e-03,2.101140e-02,9.628685e-02
7.695972e-03,1.129021e-02,2.026162e-02,2.869426e-02,1.488739e-02,2.359142e-01,2.350999e-03,7.086863e-03,2.229183e-01,1.334131e-01,3.922309e-02,5.196779e-04,2.324146e-03,1.621824e-01,1.112379e-01
5.576976e-03,8.132432e-03,1.421907e-02,2.010207e-02,1.082608e-02,1.741484e-01,1.694238e-03,5.026631e-03,2.026922e-01,1.014548e-01,3.551818e-02,4.790369e-04,1.897015e-03,3.138067e-01,1.044262e-01
4.249506e-03,5.902909e-03,9.994211e-03,1.408048e-02,7.894114e-03,1.262854e-01,1.250004e-03,3.621189e-03,2.182006e-01,7.988461e-02,3.727217e-02,6.052746e-04,1.674591e-03,3.784912e-01,1.105937e-01
4.330658e-03,4.943739e-03,7.221431e-03,9.926834e-03,5.797165e-03,9.242962e-02,9.121730e-04,2.692564e-03,2.648827e-01,6.077552e-02,3.715028e-02,1.146373e-03,2.468147e-03,3.930415e-01,1.122814e-01
6.311094e-03,5.079164e-03,5.542671e-03,7.087745e-03,4.599162e-03,6.667028e-02,6.652122e-04,2.027062e-03,2.661075e-01,4.716546e-02,3.579509e-02,1.331448e-03,2.490210e-03,4.406284e-01,1.084995e-01
7.274785e-03,8.623909e-03,5.116231e-03,5.017340e-03,4.034174e-03,4.758911e-02,4.809865e-04,1.525397e-03,3.909965e-01,3.714275e-02,3.020862e-02,1.012382e-03,2.046336e-03,3.795482e-01,7.938337e-02
7.130170e-03,7.227804e-03,5.487061e-03,3.644659e-03,3.894575e-03,3.633199e-02,3.735929e-04,1.789912e-03,5.044120e-01,2.854971e-02,2.343381e-02,7.820508e-04,1.632658e-03,3.162689e-01,5.904111e-02
9.224942e-03,7.541616e-03,6.798076e-03,2.829447e-03,5.685731e-03,2.817214e-02,3.534898e-04,2.726042e-03,5.331184e-01,2.426124e-02,1.830986e-02,6.422730e-04,1.358707e-03,2.915220e-01,6.745601e-02
7.471655e-03,7.907139e-03,9.638278e-03,2.544399e-03,5.711932e-03,2.214185e-02,2.908870e-04,3.411541e-03,5.731099e-01,2.049419e-02,1.370302e-02,5.404658e-04,1.119487e-03,2.515365e-01,8.037882e-02
5.797765e-03,1.041171e-02,8.986086e-03,2.048267e-03,5.135096e-03,1.622468e-02,2.168040e-04,3.428921e-03,6.165709e-01,1.745864e-02,1.062230e-02,4.623615e-04,1.097102e-03,2.040188e-01,9.752049e-02
4.521401e-03,1.446294e-02,8.936086e-03,2.739117e-03,4.414286e-03,1.371615e-02,1.603461e-04,3.598189e-03,6.596678e-01,1.773366e-02,1.162336e-02,5.737786e-04,1.459991e-03,1.564096e-01,9.998333e-02
3.360604e-03,1.337691e-02,7.763050e-03,2.447391e-03,3.318702e-03,1.153183e-02,1.162027e-04,3.156929e-03,6.845266e-01,2.103498e-02,1.290828e-02,4.820981e-04,1.250207e-03,1.345018e-01,1.002243e-01
