1.000000e+00,0.000000e+00,0.000000e+00,0.000000e+00,0.000000e+00,0.000000e+00,0.000000e+00,0.000000e+00,0.000000e+00,0.000000e+00,0.000000e+00,0.000000e+00,0.000000e+00,0.000000e+00,0.000000e+00
1.000000e+00,0.000000e+00,0.000000e+00,0.000000e+00,0.000000e+00,0.000000e+00,0.000000e+00,0.000000e+00,0.000000e+00,0.000000e+00,0.000000e+00,0.000000e+00,0.000000e+00,0.000000e+00,0.000000e+00
1.000000e+00,0.000000e+00,0.000000e+00,0.000000e+00,0.000000e+00,0.000000e+00,0.000000e+00,0.000000e+00,0.000000e+00,0.000000e+00,0.000000e+00,0.000000e+00,0.000000e+00,0.000000e+00,0.000000e+00
1.000000e+00,0.000000e+00,0.000000e+00,0.000000e+00,0.000000e+00,0.000000e+00,0.000000e+00,0.000000e+00,0.000000e+00,0.000000e+00,0.000000e+00,0.000000e+00,0.000000e+00,0.000000e+00,0.000000e+00
1.000000e+00,0.000000e+00,0.000000e+00,0.000000e+00,0.000000e+00,0.000000e+00,0.000000e+00,0.000000e+00,0.000000e+00,0.000000e+00,0.000000e+00,0.000000e+00,0.000000e+00,0.000000e+00,0.000000e+00
1.000000e+00,0.000000e+00,0.000000e+00,0.000000e+00,0.000000e+00,0.000000e+00,0.000000e+00,0.000000e+00,0.000000e+00,0.000000e+00,0.000000e+00,0.000000e+00,0.000000e+00,0.000000e+00,0.000000e+00
1.000000e+00,0.000000e+00,0.000000e+00,0.000000e+00,0.000000e+00,0.000000e+00,0.000000e+00,0.000000e+00,0.000000e+00,0.000000e+00,0.000000e+00,0.000000e+00,0.000000e+00,0.000000e+00,0.000000e+00
1.000000e+00,0.000000e+00,0.000000e+00,0.000000e+00,0.000000e+00,0.000000e+00,0.000000e+00,0.000000e+00,0.000000e+00,0.000000e+00,0.000000e+00,0.000000e+00,0.000000e+00,0.000000e+00,0.000000e+00
1.000000e+00,0.000000e+00,0.000000e+00,0.000000e+00,0.000000e+00,0.000000e+00,0.000000e+00,0.000000e+00,0.000000e+00,0.000000e+00,0.000000e+00,0.000000e+00,0.000000e+00,0.000000e+00,0.000000e+00
1.000000e+00,0.000000e+00,0.000000e+00,0.000000e+00,0.000000e+00,0.000000e+00,0.000000e+00,0.000000e+00,0.000000e+00,0.000000e+00,0.000000e+00,0.000000e+00,0.000000e+00,0.000000e+00,0.000000e+00
1.000000e+00,0.000000e+00,0.000000e+00,0.000000e+00,0.000000e+00,0.000000e+00,0.000000e+00,0.000000e+00,0.000000e+00,0.000000e+00,0.000000e+00,0.000000e+00,0.000000e+00,0.000000e+00,0.000000e+00
1.000000e+00,0.000000e+00,0.000000e+00,0.000000e+00,0.000000e+00,0.000000e+00,0.000000e+00,0.000000e+00,0.000000e+00,0.000000e+00,0.000000e+00,0.000000e+00,0.000000e+00,0.000000e+00,0.000000e+00
1.000000e+00,0.000000e+00,0.000000e+00,0.000000e+00,0.000000e+00,0.000000e+00,0.000000e+00,0.000000e+00,0.000000e+00,0.000000e+00,0.000000e+00,0.000000e+00,0.000000e+00,0.000000e+00,0.000000e+00
1.000000e+00,0.000000e+00,0.000000e+00,0.000000e+00,0.000000e+00,0.000000e+00,0.000000e+00,0.000000e+00,0.000000e+00,0.000000e+00,0.000000e+00,0.000000e+00,0.000000e+00,0.000000e+00,0.000000e+00
1.000000e+00,0.000000e+00,0.000000e+00,0.000000e+00,0.000000e+00,0.000000e+00,0.000000e+00,0.000000e+00,0.000000e+00,0.000000e+00,0.000000e+00,0.000000e+00,0.000000e+00,0.000000e+00,0.000000e+00
1.000000e+00,0.000000e+00,0.000000e+00,0.000000e+00,0.000000e+00,0.000000e+00,0.000000e+00,0.000000e+00,0.000000e+00,0.000000e+00,0.000000e+00,0.000000e+00,0.000000e+00,0.000000e+00,0.000000e+00
1.000000e+00,0.000000e+00,0.000000e+00,0.000000e+00,0.000000e+00,0.000000e+00,0.000000e+00,0.000000e+00,0.000000e+00,0.000000e+00,0.000000e+00,0.000000e+00,0.000000e+00,0.000000e+00,0.000000e+00
1.000000e+00,0.000000e+00,0.000000e+00,0.000000e+00,0.000000e+00,0.000000e+00,0.000000e+00,0.000000e+00,0.000000e+00,0.000000e+00,0.000000e+00,0.000000e+00,0.000000e+00,0.000000e+00,0.000000e+00
1.000000e+00,0.000000e+00,0.000000e+00,0.000000e+00,0.000000e+00,0.000000e+00,0.000000e+00,0.000000e+00,0.000000e+00,0.000000e+00,0.000000e+00,0.000000e+00,0.000000e+00,0.000000e+00,0.000000e+00
1.000000e+00,0.000000e+00,0.000000e+00,0.000000e+00,0.000000e+00,0.000000e+00,0.000000e+00,0.000000e+00,0.000000e+00,0.000000e+00,0.000000e+00,0.000000e+00,0.000000e+00,0.000000e+00,0.000000e+00
1.000000e+00,0.000000e+00,0.000000e+00,0.000000e+00,0.000000e+00,0.000000e+00,0.000000e+00,0.000000e+00,0.000000e+00,0.000000e+00,0.000000e+00,0.000000e+00,0.000000e+00,0.000000e+00,0.000000e+00
1.000000e+00,0.000000e+00,0.000000e+00,0.000000e+00,0.000000e+00,0.000000e+00,0.000000e+00,0.000000e+00,0.000000e+00,0.000000e+00,0.000000e+00,0.000000e+00,0.000000e+00,0.000000e+00,0.000000e+00
1.000000e+00,0.000000e+00,0.000000e+00,0.000000e+00,0.000000e+00,0.000000e+00,0.000000e+00,0.000000e+00,0.000000e+00,0.000000e+00,0.000000e+00,0.000000e+00,0.000000e+00,0.000000e+00,0.000000e+00
1.000000e+00,0.000000e+00,0.000000e+00,0.000000e+00,0.000000e+00,0.000000e+00,0.000000e+00,0.000000e+00,0.000000e+00,0.000000e+00,0.000000e+00,0.000000e+00,0.000000e+00,0.000000e+00,0.000000e+00
1.000000e+00,0.000000e+00,0.000000e+00,0.000000e+00,0.000000e+00,0.000000e+00,0.000000e+00,0.000000e+00,0.000000e+00,0.000000e+00,0.000000e+00,0.000000e+00,0.000000e+00,0.000000e+00,0.000000e+00
1.000000e+00,0.000000e+00,0.000000e+00,0.000000e+00,0.000000e+00,0.000000e+00,0.000000e+00,0.000000e+00,0.000000e+00,0.000000e+00,0.000000e+00,0.000000e+00,0.000000e+00,0.000000e+00,0.000000e+00
1.000000e+00,0.000000e+00,0.000000e+00,0.000000e+00,0.000000e+00,0.000000e+00,0.000000e+00,0.000000e+00,0.000000e+00,0.000000e+00,0.000000e+00,0.000000e+00,0.000000e+00,0.000000e+00,0.000000e+00
1.000000e+00,0.000000e+00,0.000000e+00,0.000000e+00,0.000000e+00,0.000000e+00,0.000000e+00,0.000000e+00,0.000000e+00,0.000000e+00,0.000000e+00,0.000000e+00,0.000000e+00,0.000000e+00,0.000000e+00
1.000000e+00,0.000000e+00,0.000000e+00,0.000000e+00,0.000000e+00,0.000000e+00,0.000000e+00,0.000000e+00,0.000000e+00,0.000000e+00,0.000000e+00,0.000000e+00,0.000000e+00,0.000000e+00,0.000000e+00
1.000000e+00,0.000000e+00,0.000000e+00,0.000000e+00,0.000000e+00,0.000000e+00,0.000000e+00,0.000000e+00,0.000000e+00,0.000000e+00,0.000000e+00,0.000000e+00,0.000000e+00,0.000000e+00,0.000000e+00
1.000000e+00,0.000000e+00,0.000000e+00,0.000000e+00,0.000000e+00,0.000000e+00,0.000000e+00,0.000000e+00,0.000000e+00,0.000000e+00,0.000000e+00,0.000000e+00,0.000000e+00,0.000000e+00,0.000000e+00
1.000000e+00,0.000000e+00,0.000000e+00,0.000000e+00,0.000000e+00,0.000000e+00,0.000000e+00,0.000000e+00,0.000000e+00,0.000000e+00,0.000000e+00,0.000000e+00,0.000000e+00,0.000000e+00,0.000000e+00
1.000000e+00,0.000000e+00,0.000000e+00,0.000000e+00,0.000000e+00,0.000000e+00,0.000000e+00,0.000000e+00,0.000000e+00,0.000000e+00,0.000000e+00,0.000000e+00,0.000000e+00,0.000000e+00,0.000000e+00
1.000000e+00,0.000000e+00,0.000000e+00,0.000000e+00,0.000000e+00,0.000000e+00,0.000000e+00,0.000000e+00,0.000000e+00,0.000000e+00,0.000000e+00,0.000000e+00,0.000000e+00,0.000000e+00,0.000000e+00
1.000000e+00,0.000000e+00,0.000000e+00,0.000000e+00,0.000000e+00,0.000000e+00,0.000000e+00,0.000000e+00,0.000000e+00,0.000000e+00,0.000000e+00,0.000000e+00,0.000000e+00,0.000000e+00,0.000000e+00
1.000000e+00,0.000000e+00,0.000000e+00,0.000000e+00,0.000000e+00,0.000000e+00,0.000000e+00,0.000000e+00,0.000000e+00,0.000000e+00,0.000000e+00,0.000000e+00,0.000000e+00,0.000000e+00,0.000000e+00
1.000000e+00,0.000000e+00,0.000000e+00,0.000000e+00,0.000000e+00,0.000000e+00,0.000000e+00,0.000000e+00,0.000000e+00,0.000000e+00,0.000000e+00,0.000000e+00,0.000000e+00,0.000000e+00,0.000000e+00
1.000000e+00,0.000000e+00,0.000000e+00,0.000000e+00,0.000000e+00,0.000000e+00,0.000000e+00,0.000000e+00,0.000000e+00,0.000000e+00,0.000000e+00,0.000000e+00,0.000000e+00,0.000000e+00,0.000000e+00
1.000000e+00,0.000000e+00,0.000000e+00,0.000000e+00,0.000000e+00,0.000000e+00,0.000000e+00,0.000000e+00,0.000000e+00,0.000000e+00,0.000000e+00,0.000000e+00,0.000000e+00,0.000000e+00,0.000000e+00
1.000000e+00,0.000000e+00,0.000000e+00,0.000000e+00,0.000000e+00,0.000000e+00,0.000000e+00,0.000000e+00,0.000000e+00,0.000000e+00,0.000000e+00,0.000000e+00,0.000000e+00,0.000000e+00,0.000000e+00
1.000000e+00,0.000000e+00,0.000000e+00,0.000000e+00,0.000000e+00,0.000000e+00,0.000000e+00,0.000000e+00,0.000000e+00,0.000000e+00,0.000000e+00,0.000000e+00,0.000000e+00,0.000000e+00,0.000000e+00
1.000000e+00,0.000000e+00,0.000000e+00,0.000000e+00,0.000000e+00,0.000000e+00,0.000000e+00,0.000000e+00,0.000000e+00,0.000000e+00,0.000000e+00,0.000000e+00,0.000000e+00,0.000000e+00,0.000000e+00
1.000000e+00,0.000000e+00,0.000000e+00,0.000000e+00,0.000000e+00,0.000000e+00,0.000000e+00,0.000000e+00,0.000000e+00,0.000000e+00,0.000000e+00,0.000000e+00,0.000000e+00,0.000000e+00,0.000000e+00
1.000000e+00,0.000000e+00,0.000000e+00,0.000000e+00,0.000000e+00,0.000000e+00,0.000000e+00,0.000000e+00,0.000000e+00,0.000000e+00,0.000000e+00,0.000000e+00,0.000000e+00,0.000000e+00,0.000000e+00
1.000000e+00,0.000000e+00,0.000000e+00,0.000000e+00,0.000000e+00,0.000000e+00,0.000000e+00,0.000000e+00,0.000000e+00,0.000000e+00,0.000000e+00,0.000000e+00,0.000000e+00,0.000000e+00,0.000000e+00
1.000000e+00,0.000000e+00,0.000000e+00,0.000000e+00,0.000000e+00,0.000000e+00,0.000000e+00,0.000000e+00,0.000000e+00,0.000000e+00,0.000000e+00,0.000000e+00,0.000000e+00,0.000000e+00,0.000000e+00
1.000000e+00,0.000000e+00,0.000000e+00,0.000000e+00,0.000000e+00,0.000000e+00,0.000000e+00,0.000000e+00,0.000000e+00,0.000000e+00,0.000000e+00,0.000000e+00,0.000000e+00,0.000000e+00,0.000000e+00
1.000000e+00,0.000000e+00,0.000000e+00,0.000000e+00,0.000000e+00,0.000000e+00,0.000000e+00,0.000000e+00,0.000000e+00,0.000000e+00,0.000000e+00,0.000000e+00,0.000000e+00,0.000000e+00,0.000000e+00
1.000000e+00,0.000000e+00,0.000000e+00,0.000000e+00,0.000000e+00,0.000000e+00,0.000000e+00,0.000000e+00,0.000000e+00,0.000000e+00,0.000000e+00,0.000000e+00,0.000000e+00,0.000000e+00,0.000000e+00
1.000000e+00,0.000000e+00,0.000000e+00,0.000000e+00,0.000000e+00,0.000000e+00,0.000000e+00,0.000000e+00,0.000000e+00,0.000000e+00,0.000000e+00,0.000000e+00,0.000000e+00,0.000000e+00,0.000000e+00
1.000000e+00,0.000000e+00,0.000000e+00,0.000000e+00,0.000000e+00,0.000000e+00,0.000000e+00,0.000000e+00,0.000000e+00,0.000000e+00,0.000000e+00,0.000000e+00,0.000000e+00,0.000000e+00,0.000000e+00
4.766402e-01,4.696682e-02,1.822584e-02,9.548807e-02,3.565084e-02,7.329425e-02,3.744960e-02,4.532200e-02,3.263327e-02,3.356521e-03,7.658130e-03,5.834212e-02,4.619177e-02,2.179591e-03,2.060102e-02
4.276416e-01,5.001775e-02,1.909176e-02,1.035387e-01,4.389384e-02,8.499596e-02,3.908658e-02,4.313181e-02,3.552008e-02,3.659542e-03,7.464919e-03,6.616031e-02,5.262297e-02,2.036730e-03,2.113745e-02
4.034915e-01,5.131964e-02,1.885264e-02,1.075126e-01,4.762949e-02,9.051819e-02,3.997144e-02,4.138978e-02,3.609192e-02,3.755340e-03,7.287513e-03,7.289246e-02,5.581341e-02,1.846428e-03,2.162763e-02
4.055635e-01,4.950252e-02,1.659143e-02,1.031963e-01,4.500680e-02,9.186024e-02,3.812520e-02,3.637263e-02,3.359012e-02,3.515408e-03,7.255170e-03,8.101403e-02,6.596336e-02,1.717734e-03,2.072554e-02
3.839394e-01,5.124176e-02,1.513565e-02,1.038251e-01,4.361178e-02,9.126244e-02,3.286367e-02,3.063630e-02,3.154880e-02,3.716052e-03,7.670349e-03,9.761982e-02,8.311678e-02,1.793223e-03,2.201878e-02
2.936625e-01,5.531738e-02,2.247501e-02,1.405243e-01,4.807945e-02,8.700955e-02,2.817263e-02,4.056104e-02,2.832352e-02,3.502094e-03,8.825812e-03,1.303181e-01,8.927461e-02,1.829355e-03,2.212470e-02
2.636727e-01,4.903962e-02,4.057714e-02,1.455161e-01,5.040473e-02,8.062767e-02,2.633871e-02,5.713092e-02,2.621487e-02,3.588973e-03,1.044371e-02,1.311327e-01,9.282626e-02,1.822827e-03,2.066300e-02
2.276860e-01,4.112227e-02,7.851937e-02,1.466646e-01,4.558874e-02,7.269613e-02,2.150657e-02,1.018649e-01,2.274420e-02,3.589859e-03,1.281327e-02,1.166119e-01,8.746472e-02,2.015970e-03,1.911137e-02
2.462162e-01,3.380485e-02,1.050922e-01,1.202940e-01,3.833920e-02,7.020503e-02,1.873734e-02,1.505032e-01,1.719032e-02,3.031039e-03,1.142261e-02,9.307098e-02,7.321145e-02,2.195654e-03,1.668594e-02
2.812673e-01,2.664694e-02,1.041521e-01,9.393800e-02,2.935205e-02,6.089139e-02,1.852582e-02,2.187679e-01,1.259867e-02,2.459283e-03,9.454762e-03,6.957523e-02,5.610004e-02,2.171847e-03,1.409867e-02
3.193017e-01,2.042435e-02,8.387683e-02,7.117033e-02,2.218226e-02,4.898270e-02,1.717583e-02,2.903723e-01,9.290543e-03,2.061981e-03,7.764308e-03,5.119579e-02,4.252246e-02,2.133722e-03,1.154485e-02
3.541939e-01,1.519992e-02,6.264785e-02,5.216637e-02,1.634200e-02,3.762259e-02,1.482496e-02,3.526059e-01,6.690710e-03,1.626447e-03,6.052251e-03,3.744034e-02,3.166428e-02,1.840032e-03,9.082431e-03
3.899568e-01,1.147460e-02,5.019664e-02,3.842382e-02,1.218930e-02,2.995462e-02,1.371958e-02,3.810314e-01,4.861538e-03,1.355956e-03,4.912736e-03,2.798768e-02,2.435913e-02,1.714045e-03,7.862178e-03
4.409028e-01,9.269405e-03,4.354122e-02,2.910850e-02,9.889227e-03,2.489853e-02,1.352862e-02,3.657686e-01,3.931889e-03,1.630784e-03,4.624107e-03,2.267397e-02,1.938735e-02,2.173200e-03,8.671853e-03
1.000000e+00,0.000000e+00,0.000000e+00,0.000000e+00,0.000000e+00,0.000000e+00,0.000000e+00,0.000000e+00,0.000000e+00,0.000000e+00,0.000000e+00,0.000000e+00,0.000000e+00,0.000000e+00,0.000000e+00
1.000000e+00,0.000000e+00,0.000000e+00,0.000000e+00,0.000000e+00,0.000000e+00,0.000000e+00,0.000000e+00,0.000000e+00,0.000000e+00,0.000000e+00,0.000000e+00,0.000000e+00,0.000000e+00,0.000000e+00
1.000000e+00,0.000000e+00,0.000000e+00,0.000000e+00,0.000000e+00,0.000000e+00,0.000000e+00,0.000000e+00,0.000000e+00,0.000000e+00,0.000000e+00,0.000000e+00,0.000000e+00,0.000000e+00,0.000000e+00
3.724716e-01,1.890896e-02,1.715588e-02,3.064009e-01,9.140624e-03,9.673880e-03,4.526698e-03,1.666848e-01,1.956068e-02,4.925148e-03,3.362274e-02,1.452962e-02,1.177249e-02,3.512127e-03,7.113912e-03
2.619078e-01,1.621313e-02,1.233924e-02,3.621815e-01,7.974104e-03,6.927961e-03,3.198372e-03,1.167707e-01,1.669854e-02,5.457864e-03,1.030751e-01,6.608033e-02,1.031105e-02,5.563962e-03,5.300282e-03
1.836264e-01,1.148472e-02,8.694745e-03,3.162275e-01,9.376093e-03,4.934026e-03,2.256438e-03,8.182507e-02,1.241351e-02,5.081618e-03,1.979327e-01,1.480885e-01,7.751680e-03,6.502448e-03,3.804606e-03
1.290619e-01,8.086750e-03,6.115610e-03,2.382620e-01,9.560020e-03,3.600444e-03,1.594374e-03,5.745630e-02,9.249564e-03,6.088055e-03,3.043783e-01,2.074611e-01,6.383618e-03,9.979406e-03,2.722596e-03
9.067614e-02,5.687728e-03,4.322330e-03,1.715865e-01,1.770759e-02,2.735250e-03,1.128567e-03,4.027503e-02,7.146162e-03,6.250125e-03,4.107151e-01,2.094844e-01,5.570945e-03,2.478038e-02,1.933739e-03
6.411883e-02,4.008113e-03,3.087197e-03,1.251938e-01,1.834980e-02,2.093967e-03,7.964499e-04,2.825469e-02,5.828949e-03,5.907260e-03,4.749164e-01,2.103504e-01,5.129148e-03,5.058284e-02,1.382145e-03
4.627412e-02,2.925192e-03,2.328733e-03,9.177330e-02,1.758923e-02,2.167297e-03,5.675775e-04,1.991809e-02,5.629248e-03,5.147317e-03,5.399215e-01,2.001514e-01,6.526623e-03,5.804858e-02,1.031812e-03
3.301069e-02,2.149821e-03,1.866202e-03,6.700841e-02,1.797789e-02,1.991360e-03,4.035093e-04,1.401393e-02,5.956975e-03,5.618371e-03,6.115980e-01,1.752329e-01,8.220451e-03,5.402009e-02,9.314299e-04
2.351508e-02,1.666614e-03,1.842730e-03,5.003571e-02,2.220091e-02,1.684297e-03,2.952755e-04,9.940661e-03,8.011621e-03,8.309338e-03,6.534042e-01,1.530244e-01,9.353601e-03,5.564169e-02,1.073834e-03
1.656907e-02,1.716524e-03,1.485788e-03,3.535241e-02,4.239989e-02,1.280748e-03,2.974188e-04,7.040953e-03,1.788964e-02,7.501016e-03,6.867718e-01,1.235106e-01,7.906850e-03,4.890696e-02,1.370337e-03
1.190541e-02,1.605904e-03,1.414887e-03,2.524832e-02,4.837038e-02,1.501125e-03,4.977214e-04,5.063229e-03,1.412347e-02,8.517595e-03,7.079385e-01,1.138655e-01,6.819655e-03,5.189616e-02,1.232221e-03
9.173297e-03,1.446928e-02,3.781106e-03,1.823947e-02,6.108461e-02,1.811656e-03,4.876187e-04,3.931246e-03,1.891446e-02,7.198891e-03,7.096763e-01,9.947661e-02,5.372317e-03,4.469553e-02,1.687639e-03
6.767237e-03,1.160844e-02,5.148437e-03,1.292893e-02,7.126196e-02,2.244813e-03,1.209512e-03,4.529773e-03,3.674629e-02,5.884262e-03,7.211743e-01,8.019774e-02,4.367376e-03,3.408755e-02,1.843336e-03
5.314158e-03,1.123902e-02,1.331383e-02,9.698888e-03,8.409756e-02,4.159883e-03,4.107033e-03,1.929359e-02,8.605739e-02,6.435995e-03,6.536065e-01,7.064303e-02,4.199677e-03,2.591317e-02,1.920316e-03
4.242679e-03,1.220209e-02,5.956349e-02,7.900245e-03,6.536603e-02,3.745327e-03,5.289088e-03,1.871784e-01,9.984082e-02,5.739850e-03,4.698146e-01,5.390177e-02,4.501991e-03,1.886338e-02,1.850325e-03
8.134131e-03,1.703423e-02,6.631784e-02,7.691611e-03,6.720325e-02,8.079424e-03,4.981308e-03,1.850780e-01,2.070452e-01,9.099163e-03,3.536796e-01,3.971318e-02,4.829934e-03,1.729648e-02,3.816763e-03
9.751253e-03,2.027979e-02,1.088998e-01,6.681356e-03,5.677549e-02,1.224422e-02,4.690650e-03,1.794769e-01,2.842923e-01,9.590970e-03,2.581798e-01,2.834287e-02,4.304582e-03,1.317681e-02,3.313204e-03
1.080609e-02,1.602229e-02,2.563185e-01,1.706202e-02,4.820566e-02,9.565612e-03,5.473660e-03,1.854157e-01,2.213426e-01,1.205229e-02,1.818449e-01,2.001195e-02,3.357553e-03,9.461453e-03,3.059832e-03
1.611772e-02,2.258449e-02,3.258229e-01,1.802988e-02,4.864435e-02,7.687568e-03,5.493106e-03,1.590289e-01,2.221294e-01,1.635798e-02,1.287221e-01,1.431555e-02,2.859431e-03,7.452030e-03,4.754504e-03
1.604270e-02,2.684931e-02,4.327483e-01,1.788368e-02,4.126089e-02,6.052323e-03,3.939852e-03,1.499673e-01,1.721896e-01,1.745833e-02,9.109902e-02,1.042613e-02,2.437670e-03,5.696682e-03,5.948314e-03
2.450540e-02,4.190022e-02,4.674597e-01,1.687867e-02,4.222259e-02,5.735687e-03,3.057655e-03,1.249230e-01,1.533374e-01,3.318999e-02,6.485267e-02,8.298344e-03,2.320861e-03,5.656915e-03,5.660979e-03
3.283937e-02,5.143245e-02,3.533683e-01,1.418014e-02,5.792444e-02,5.174692e-03,2.739983e-03,1.937845e-01,1.893391e-01,3.381532e-02,4.620128e-02,6.209095e-03,2.078720e-03,6.401496e-03,4.511000e-03
4.754961e-02,9.628662e-02,2.660280e-01,1.651331e-02,7.634740e-02,6.628061e-03,3.153823e-03,1.710759e-01,2.212238e-01,3.458582e-02,3.326543e-02,5.738776e-03,1.882172e-03,7.521925e-03,1.219936e-02
4.732893e-02,1.257939e-01,2.049163e-01,6.429230e-02,6.527302e-02,7.924697e-03,2.340766e-03,1.216574e-01,1.706781e-01,6.812793e-02,3.266087e-02,5.227206e-03,2.486704e-03,6.064051e-03,7.522783e-02
4.553056e-02,1.100997e-01,1.665641e-01,1.270343e-01,5.067449e-02,1.077224e-02,1.786231e-03,8.590341e-02,1.389643e-01,6.130669e-02,6.319329e-02,5.483016e-03,8.932388e-03,8.294937e-03,1.154603e-01
4.528209e-02,1.112668e-01,1.205628e-01,9.743991e-02,3.892115e-02,1.824900e-02,1.503836e-03,6.077914e-02,1.238393e-01,1.123454e-01,8.710954e-02,7.180689e-03,2.552649e-02,9.736863e-03,1.402571e-01
3.447191e-02,8.342716e-02,8.655483e-02,6.987454e-02,2.841134e-02,2.510283e-02,1.178752e-03,4.302920e-02,1.124933e-01,8.524170e-02,7.400317e-02,5.664985e-03,2.360473e-02,2.813034e-02,2.988113e-01
2.585249e-02,6.260534e-02,6.471925e-02,5.008078e-02,2.121461e-02,1.964987e-02,9.357582e-04,3.056176e-02,1.259764e-01,6.318083e-02,5.595203e-02,4.151807e-03,1.817687e-02,3.958906e-02,4.173532e-01
2.076723e-02,4.457369e-02,4.554247e-02,3.536922e-02,1.976143e-02,1.482767e-02,8.343006e-04,2.155617e-02,1.057097e-01,4.482482e-02,4.010805e-02,2.977376e-03,1.328436e-02,5.153450e-02,5.383291e-01
1.745654e-02,3.307972e-02,3.200912e-02,2.483254e-02,1.456704e-02,1.184060e-02,6.624528e-04,1.516824e-02,9.829206e-02,3.172567e-02,2.927166e-02,2.154042e-03,1.167142e-02,5.986290e-02,6.174060e-01
1.492389e-02,3.168608e-02,2.338546e-02,1.755507e-02,1.138025e-02,1.021960e-02,6.743299e-04,1.079457e-02,1.416358e-01,2.266670e-02,2.160329e-02,1.596228e-03,9.925636e-03,5.892132e-02,6.230318e-01
2.140002e-02,2.574665e-02,1.975640e-02,1.242800e-02,9.049332e-03,9.067835e-03,5.678839e-04,7.793457e-03,1.072492e-01,1.677236e-02,1.668610e-02,1.234586e-03,7.655438e-03,1.107072e-01,6.338856e-01
5.337199e-02,2.347243e-02,4.822714e-02,9.989799e-03,7.335488e-03,1.300829e-02,7.537015e-04,5.934330e-03,8.064479e-02,1.315310e-02,1.298616e-02,1.116440e-03,6.244648e-03,9.173556e-02,6.320262e-01
6.989392e-02,2.073313e-02,1.183538e-01,7.896643e-03,5.927854e-03,1.280184e-02,8.536365e-04,4.697253e-03,6.074583e-02,1.042807e-02,1.047697e-02,9.104522e-04,5.005027e-03,7.149342e-02,5.997822e-01
1.236947e-01,1.846968e-02,9.801181e-02,6.211388e-03,5.017598e-03,2.026835e-02,1.009532e-03,3.701839e-03,4.572795e-02,1.950886e-02,1.035437e-02,3.059628e-03,9.741953e-03,6.519903e-02,5.700234e-01
1.368088e-01,1.890004e-02,8.478997e-02,5.032855e-03,4.634212e-03,1.908080e-02,8.835542e-04,2.864558e-03,3.770516e-02,2.503156e-02,9.448094e-03,2.809215e-03,1.030537e-02,6.648758e-02,5.752182e-01
1.249527e-01,1.697828e-02,1.307783e-01,7.227865e-03,4.542797e-03,1.577773e-02,7.627563e-04,2.716231e-03,3.299891e-02,2.078731e-02,8.929436e-03,2.990790e-03,9.604469e-03,6.623434e-02,5.547180e-01
1.032817e-01,1.366596e-02,9.650286e-02,5.549996e-03,4.080730e-03,1.249403e-02,5.627926e-04,2.118697e-03,3.710363e-02,2.159740e-02,7.835889e-03,2.314852e-03,7.632145e-03,7.427535e-02,6.109840e-01
8.712920e-02,1.357816e-02,8.232315e-02,6.014545e-03,4.331268e-03,1.020353e-02,4.781929e-04,2.706725e-03,4.679259e-02,2.379942e-02,6.877011e-03,2.446832e-03,6.621788e-03,8.305028e-02,6.236473e-01
8.661237e-02,1.263870e-02,8.429113e-02,1.154014e-02,1.057280e-02,9.088047e-03,4.595217e-04,8.526304e-03,8.141032e-02,2.904476e-02,6.464998e-03,2.472844e-03,5.265545e-03,9.280758e-02,5.588049e-01
8.043702e-02,1.100100e-02,7.258590e-02,1.020486e-02,1.088291e-02,7.983411e-03,3.784169e-04,7.810521e-03,9.170201e-02,4.023121e-02,5.256897e-03,2.013743e-03,4.003937e-03,1.323829e-01,5.231252e-01
7.138404e-02,9.659846e-03,6.261718e-02,1.033747e-02,9.378208e-03,6.355723e-03,3.265445e-04,6.614032e-03,1.255510e-01,6.034350e-02,4.219235e-03,1.622466e-03,3.048343e-03,1.261765e-01,5.023658e-01
6.146079e-02,1.060567e-02,1.065319e-01,1.096783e-02,1.005837e-02,4.879642e-03,2.706387e-04,5.410375e-03,1.398919e-01,8.939676e-02,3.755098e-03,1.280542e-03,2.253400e-03,1.027042e-01,4.505327e-01
6.476709e-02,1.030868e-02,1.190982e-01,1.240451e-02,9.104071e-03,3.933817e-03,2.254193e-04,4.254050e-03,1.413985e-01,1.001047e-01,3.301204e-03,1.022614e-03,1.797133e-03,8.255048e-02,4.457294e-01
7.185444e-02,1.002439e-02,1.231423e-01,1.282075e-02,7.464573e-03,3.360589e-03,1.987750e-04,3.567685e-03,1.417552e-01,7.955309e-02,2.980020e-03,9.222877e-04,1.443048e-03,7.877440e-02,4.621384e-01
5.384833e-02,7.792533e-03,9.541392e-02,9.325174e-03,5.356252e-03,2.500309e-03,1.461702e-04,2.584932e-03,1.047426e-01,6.191297e-02,2.524104e-03,6.737022e-04,1.070739e-03,9.669050e-02,5.554177e-01
5.448590e-02,1.099519e-02,7.391268e-02,2.224903e-02,5.163664e-03,3.043507e-03,2.043408e-04,2.128870e-03,1.006086e-01,4.847350e-02,3.198327e-03,1.078099e-03,1.800205e-03,8.828188e-02,5.843762e-01
5.234745e-02,8.712008e-03,5.328549e-02,1.649592e-02,3.948083e-03,2.999368e-03,1.718434e-04,1.592205e-03,9.158637e-02,4.289254e-02,3.066285e-03,1.067286e-03,1.785600e-03,1.092010e-01,6.108485e-01
1.007099e-01,7.699712e-03,3.844560e-02,1.511460e-02,4.010371e-03,3.974417e-03,4.675246e-04,1.776350e-03,1.104979e-01,3.342707e-02,3.226590e-03,1.240625e-03,2.506796e-03,9.678632e-02,5.801163e-01
1.331476e-01,1.077750e-02,3.191778e-02,4.333508e-02,3.998454e-03,5.480394e-03,1.010619e-03,2.021012e-03,1.492843e-01,2.952930e-02,3.755029e-03,1.910400e-03,3.567821e-03,7.084610e-02,5.094186e-01
2.176201e-01,1.107936e-02,2.471559e-02,4.005596e-02,5.554335e-03,7.357022e-03,1.395023e-03,2.837728e-03,1.375709e-01,2.528561e-02,4.041340e-03,2.508646e-03,4.344238e-03,6.314290e-02,4.524912e-01
2.007516e-01,2.977182e-02,2.702769e-02,1.507275e-01,6.265732e-03,7.354088e-03,1.824047e-03,4.019567e-03,1.399239e-01,1.908758e-02,4.984686e-03,2.941431e-03,4.448172e-03,4.543408e-02,3.554381e-01
2.420421e-01,3.086314e-02,2.953523e-02,1.572077e-01,8.423423e-03,8.204483e-03,1.865994e-03,6.645961e-03,1.566893e-01,1.791378e-02,6.378563e-03,3.174261e-03,4.590886e-03,3.474773e-02,2.917174e-01
3.135523e-01,3.397330e-02,4.597133e-02,1.350035e-01,1.134691e-02,8.155448e-03,1.539044e-03,2.150662e-02,1.255739e-01,1.783699e-02,6.581338e-03,2.704139e-03,3.830586e-03,3.203030e-02,2.403943e-01
3.515456e-01,5.336171e-02,3.620911e-02,1.853278e-01,1.186939e-02,9.353837e-03,1.770113e-03,2.315790e-02,9.328431e-02,1.413960e-02,7.095714e-03,4.422770e-03,4.012988e-03,2.326595e-02,1.811833e-01
3.529071e-01,6.072075e-02,4.168681e-02,2.368874e-01,1.322223e-02,9.896221e-03,2.095432e-03,2.241223e-02,7.067848e-02,1.260646e-02,7.679260e-03,5.136929e-03,3.892299e-03,1.742826e-02,1.427502e-01
3.519339e-01,7.603616e-02,1.066564e-01,1.948555e-01,1.270455e-02,8.889891e-03,1.925830e-03,3.145993e-02,5.845369e-02,1.448431e-02,7.028979e-03,5.015579e-03,3.616462e-03,1.298361e-02,1.139553e-01
4.200531e-01,6.532636e-02,1.069063e-01,1.517460e-01,1.349962e-02,1.336051e-02,1.728971e-03,3.812813e-02,4.476050e-02,1.217616e-02,1.206776e-02,9.863903e-03,6.912157e-03,1.172580e-02,9.174473e-02
4.088579e-01,6.897524e-02,8.975286e-02,1.620815e-01,1.121694e-02,1.916725e-02,1.698081e-03,3.337893e-02,3.712151e-02,1.031147e-02,1.725558e-02,2.261701e-02,1.727210e-02,1.017792e-02,9.011576e-02
3.631625e-01,6.952625e-02,8.452159e-02,2.038971e-01,1.209376e-02,2.259653e-02,1.877984e-03,3.282591e-02,3.328920e-02,1.005976e-02,3.311290e-02,2.636769e-02,2.049196e-02,1.046943e-02,7.570743e-02
3.009348e-01,6.669509e-02,7.193778e-02,2.058954e-01,1.084467e-02,1.999408e-02,1.490268e-03,2.565622e-02,3.308843e-02,2.059719e-02,1.144906e-01,2.404957e-02,2.647383e-02,1.425765e-02,6.359446e-02
2.234923e-01,5.727102e-02,6.948893e-02,2.268594e-01,1.034948e-02,1.651378e-02,1.178444e-03,1.957786e-02,3.686485e-02,2.427487e-02,1.841194e-01,1.903640e-02,2.811629e-02,2.151912e-02,6.133783e-02
1.676507e-01,4.364233e-02,6.600209e-02,2.053835e-01,9.972954e-03,1.600386e-02,1.000444e-03,1.514529e-02,3.600113e-02,2.691386e-02,2.932961e-01,1.760529e-02,2.627471e-02,2.637119e-02,4.873667e-02
1.224296e-01,3.143314e-02,5.176443e-02,1.501386e-01,8.170654e-03,1.303710e-02,7.889133e-04,1.087672e-02,2.724132e-02,2.273693e-02,4.581518e-01,1.632502e-02,2.012718e-02,2.408399e-02,4.269473e-02
9.534732e-02,2.262177e-02,5.489156e-02,1.347808e-01,8.067681e-03,1.078079e-02,7.305398e-04,9.506091e-03,2.357077e-02,5.661415e-02,4.516352e-01,1.419355e-02,1.576335e-02,5.269183e-02,4.880455e-02
6.866597e-02,1.603653e-02,4.955758e-02,9.771541e-02,7.015690e-03,8.254232e-03,5.847719e-04,7.684119e-03,1.734948e-02,6.357056e-02,4.702027e-01,1.102916e-02,1.150538e-02,1.189299e-01,5.189859e-02
4.929195e-02,1.169428e-02,7.244428e-02,7.316286e-02,7.738314e-03,6.428966e-03,6.213623e-04,1.391328e-02,1.622721e-02,9.442635e-02,3.635347e-01,8.066167e-03,8.490344e-03,1.805108e-01,9.344914e-02
3.854128e-02,8.469047e-03,5.392043e-02,5.370194e-02,1.578313e-02,5.429296e-03,5.234725e-04,1.108991e-02,1.323467e-02,1.573407e-01,2.874644e-01,6.755563e-03,6.993828e-03,1.609726e-01,1.797797e-01
2.837593e-02,6.095626e-03,3.920770e-02,4.086558e-02,2.698783e-02,4.629911e-03,4.736028e-04,8.746807e-03,1.118712e-02,2.336666e-01,2.279352e-01,5.637672e-03,6.339061e-03,1.314947e-01,2.283568e-01
2.389159e-02,4.516338e-03,2.869820e-02,3.047984e-02,3.550955e-02,4.442266e-03,4.168792e-04,8.712240e-03,9.417633e-03,2.964092e-01,1.992748e-01,7.002381e-03,7.889089e-03,1.013165e-01,2.420234e-01
2.316617e-02,3.555546e-03,2.429149e-02,2.454249e-02,6.751728e-02,4.299351e-03,3.831224e-04,1.716779e-02,9.315694e-03,3.063389e-01,1.959071e-01,1.127878e-02,8.411549e-03,8.985486e-02,2.139698e-01
2.386424e-02,4.232717e-03,5.113013e-02,2.971878e-02,1.170206e-01,4.088609e-03,1.062817e-03,1.058637e-01,1.926799e-02,2.412227e-01,1.649865e-01,1.179995e-02,8.252133e-03,6.619739e-02,1.512917e-01
2.635018e-02,4.633301e-03,4.777864e-02,1.494652e-01,1.927385e-01,5.365886e-03,2.229543e-03,8.961050e-02,1.483279e-02,1.802644e-01,1.193808e-01,8.599581e-03,6.109764e-03,4.665962e-02,1.059813e-01
4.895367e-02,5.708609e-03,4.180079e-02,2.708630e-01,2.073077e-01,6.778015e-03,2.854299e-03,6.677622e-02,1.325605e-02,1.303029e-01,8.614859e-02,6.639064e-03,4.732768e-03,3.293516e-02,7.494310e-02
7.697576e-02,8.967288e-03,3.796027e-02,3.734490e-01,1.851739e-01,6.954252e-03,4.738138e-03,5.280947e-02,1.153557e-02,9.168892e-02,6.429607e-02,5.488034e-03,3.920177e-03,2.317204e-02,5.287116e-02
1.394561e-01,1.295891e-02,3.612483e-02,3.451059e-01,1.844438e-01,1.862039e-02,8.602111e-03,5.075168e-02,2.113547e-02,6.498156e-02,5.199874e-02,5.573416e-03,3.824013e-03,1.655027e-02,3.987275e-02
2.023460e-01,2.208165e-02,3.491841e-02,2.662521e-01,2.099619e-01,2.533423e-02,1.386966e-02,4.654088e-02,2.674672e-02,4.672477e-02,4.382502e-02,1.149065e-02,5.201442e-03,1.224804e-02,3.245860e-02
2.285455e-01,2.690763e-02,3.743512e-02,2.741092e-01,1.887877e-01,2.296760e-02,1.538836e-02,6.756535e-02,2.223301e-02,3.350186e-02,3.416152e-02,1.079747e-02,4.656484e-03,8.867295e-03,2.407593e-02
3.466968e-01,2.625021e-02,3.779569e-02,2.094255e-01,1.629098e-01,1.898926e-02,1.268916e-02,6.827237e-02,2.182961e-02,2.555443e-02,2.642984e-02,1.266572e-02,4.279456e-03,6.896582e-03,1.931557e-02
2.830555e-01,3.259474e-02,3.476219e-02,2.307652e-01,1.740818e-01,2.120822e-02,1.134935e-02,1.158664e-01,2.016156e-02,1.963688e-02,2.123527e-02,1.099631e-02,3.646449e-03,5.120714e-03,1.551953e-02
3.139643e-01,2.780998e-02,2.859117e-02,1.932580e-01,1.942078e-01,2.159588e-02,9.445707e-03,1.239270e-01,1.855611e-02,1.717993e-02,1.853967e-02,1.124342e-02,4.101395e-03,4.186504e-03,1.339317e-02
2.214118e-01,2.335124e-02,2.276968e-02,2.827475e-01,1.370809e-01,1.566994e-02,6.636799e-03,8.709940e-02,1.824083e-02,1.282943e-02,1.298391e-01,2.439609e-02,4.662613e-03,3.326934e-03,9.937837e-03
1.552446e-01,1.681799e-02,1.687944e-02,2.864993e-01,9.662969e-02,1.110280e-02,4.659739e-03,6.114620e-02,1.494454e-02,9.293568e-03,2.876084e-01,2.331891e-02,3.519443e-03,5.212856e-03,7.122453e-03
1.092466e-01,1.211394e-02,1.245370e-02,2.691568e-01,6.968240e-02,8.380200e-03,3.313945e-03,4.327770e-02,1.164350e-02,7.418453e-03,4.027529e-01,3.399824e-02,2.738181e-03,8.381424e-03,5.442078e-03
7.837635e-02,8.919343e-03,9.130258e-03,2.044287e-01,5.467551e-02,7.047544e-03,2.376951e-03,3.052381e-02,8.936668e-03,6.637604e-03,4.459135e-01,8.610095e-02,2.374786e-03,5.027582e-02,4.282267e-03
5.865128e-02,6.790809e-03,7.166410e-03,1.465777e-01,4.604846e-02,1.866345e-02,1.707143e-03,2.180862e-02,6.677609e-03,5.294194e-03,4.506459e-01,1.292781e-01,2.073292e-03,9.530169e-02,3.315457e-03
4.314619e-02,5.493246e-03,5.330496e-03,1.037488e-01,7.876845e-02,1.675373e-02,1.262262e-03,1.568119e-02,4.979722e-03,4.254681e-03,5.147910e-01,1.086767e-01,2.030544e-03,9.236668e-02,2.716364e-03
3.121946e-02,4.854686e-03,3.924028e-03,7.299829e-02,9.149691e-02,1.271847e-02,9.111229e-04,1.115819e-02,4.037669e-03,3.415263e-03,5.488167e-01,1.004572e-01,1.664963e-03,1.099685e-01,2.358590e-03
2.330054e-02,3.743431e-03,2.972773e-03,5.134069e-02,7.651755e-02,1.309702e-02,7.391692e-04,8.322338e-03,3.139953e-03,3.538840e-03,5.845860e-01,8.562820e-02,1.660883e-03,1.396458e-01,1.766848e-03
1.656967e-02,2.854498e-03,2.845268e-03,3.615223e-02,9.845468e-02,1.487624e-02,1.659108e-03,6.360032e-03,3.225294e-03,3.753006e-03,6.003278e-01,7.568432e-02,3.168601e-03,1.324684e-01,1.600858e-03
1.199739e-02,2.835408e-03,2.247209e-03,2.535301e-02,8.981254e-02,1.097381e-02,1.569418e-03,4.626822e-03,2.636894e-03,3.544138e-03,6.739533e-01,5.727173e-02,3.317569e-03,1.084066e-01,1.454202e-03
9.323583e-03,6.989054e-03,2.448298e-03,1.789569e-02,8.710816e-02,8.582840e-03,1.377848e-03,3.422764e-03,3.554144e-03,6.085191e-03,7.079121e-01,4.996023e-02,3.041807e-03,8.840734e-02,3.891077e-03
7.823464e-03,6.687423e-03,3.415460e-03,1.274956e-02,7.441112e-02,6.665354e-03,1.157251e-03,3.391374e-03,4.936181e-03,9.609345e-03,7.293532e-01,5.337673e-02,3.706479e-03,7.874636e-02,3.970764e-03
7.248704e-03,9.702690e-03,6.619637e-03,9.123607e-03,7.746916e-02,7.214973e-03,1.365081e-03,3.213827e-03,6.824394e-03,1.563178e-02,7.272984e-01,5.226552e-02,4.395599e-03,6.564293e-02,5.983783e-03
8.671165e-03,3.032323e-02,4.059648e-02,6.647512e-03,1.915224e-01,6.996631e-03,3.333449e-03,9.270851e-03,3.599838e-02,2.039553e-02,5.448324e-01,4.198365e-02,3.652532e-03,4.986135e-02,5.914531e-03
1.202244e-02,6.270602e-02,8.409406e-02,5.022764e-03,2.086454e-01,7.429258e-03,4.145074e-03,1.764229e-02,9.464023e-02,2.482962e-02,3.964669e-01,3.250775e-02,2.862709e-03,4.082073e-02,6.164839e-03
1.700261e-02,1.135483e-01,7.756153e-02,4.434689e-03,1.796506e-01,7.529980e-03,3.084694e-03,2.839288e-02,2.002116e-01,2.126990e-02,2.810717e-01,2.373555e-02,2.248440e-03,3.280282e-02,7.454695e-03
1.596361e-02,8.201691e-02,2.899508e-01,4.912900e-03,1.496980e-01,5.937949e-03,2.767429e-03,3.052135e-02,1.578394e-01,1.578414e-02,1.972924e-01,1.688518e-02,1.690901e-03,2.313259e-02,5.606428e-03
1.357609e-02,5.860166e-02,4.586080e-01,5.383711e-03,1.302284e-01,4.481600e-03,2.993810e-03,2.390097e-02,1.177049e-01,1.214325e-02,1.385805e-01,1.207391e-02,1.311638e-03,1.624978e-02,4.161741e-03
1.404334e-02,4.388709e-02,5.768514e-01,6.000563e-03,1.004688e-01,4.017922e-03,2.269069e-03,1.825459e-02,8.755087e-02,1.744985e-02,9.860601e-02,8.802118e-03,1.260888e-03,1.167928e-02,8.858332e-03
1.119129e-02,3.151482e-02,6.055511e-01,1.006286e-02,7.132581e-02,4.923829e-03,1.620139e-03,1.451829e-02,6.320302e-02,5.662956e-02,9.315291e-02,1.258105e-02,4.547848e-03,8.551855e-03,1.062564e-02
8.433733e-03,2.252155e-02,4.364029e-01,8.033670e-03,5.164313e-02,3.968672e-03,1.160687e-03,1.076272e-02,7.376926e-02,5.007364e-02,2.817814e-01,1.152643e-02,1.342025e-02,1.462704e-02,1.187500e-02
6.011581e-03,1.594311e-02,3.073061e-01,5.859260e-03,3.735537e-02,3.031908e-03,8.156426e-04,7.714830e-03,9.138454e-02,3.990832e-02,4.158391e-01,9.163239e-03,1.614306e-02,3.327600e-02,1.024798e-02
4.296097e-03,1.199557e-02,2.169583e-01,4.223433e-03,2.657336e-02,2.426528e-03,5.722647e-04,5.452091e-03,9.602265e-02,4.079107e-02,4.701501e-01,7.094384e-03,1.619987e-02,8.451933e-02,1.272498e-02
3.162053e-03,9.036021e-03,1.631467e-01,3.343010e-03,1.884199e-02,2.067845e-03,4.054178e-04,3.899046e-03,2.140913e-01,3.493915e-02,3.549944e-01,5.281329e-03,1.209425e-02,1.323390e-01,4.235838e-02
2.502297e-03,6.705685e-03,1.216627e-01,2.497929e-03,1.338624e-02,2.238354e-03,2.877224e-04,2.808732e-03,2.389085e-01,2.985076e-02,2.855174e-01,4.030762e-03,9.068402e-03,2.305906e-01,4.994406e-02
1.976933e-03,5.497885e-03,8.680529e-02,1.826894e-03,9.465421e-03,1.810119e-03,2.046563e-04,2.009686e-03,3.845966e-01,2.288193e-02,2.166020e-01,3.052196e-03,6.893869e-03,2.152867e-01,4.108979e-02
1.527799e-03,4.783642e-03,6.135500e-02,1.302006e-03,6.668491e-03,1.720200e-03,1.461799e-04,1.419350e-03,4.862438e-01,1.822856e-02,1.591293e-01,2.407742e-03,5.699253e-03,2.174313e-01,3.193742e-02
1.209610e-03,3.770927e-03,4.329124e-02,9.912872e-04,4.739428e-03,2.079335e-03,1.068255e-04,1.047849e-03,5.857943e-01,1.566953e-02,1.160127e-01,2.187616e-03,6.161321e-03,1.925534e-01,2.438451e-02
1.051359e-03,2.952470e-03,3.127969e-02,2.671354e-03,3.910227e-03,7.520666e-03,1.358009e-04,4.857918e-03,6.626599e-01,1.431241e-02,9.328011e-02,3.628521e-03,9.143759e-03,1.449241e-01,1.767161e-02
1.066644e-03,2.198503e-03,2.273335e-02,3.653951e-03,3.511920e-03,3.104618e-02,2.495938e-04,1.163002e-02,6.856605e-01,1.415369e-02,7.832772e-02,6.068955e-03,1.459045e-02,1.122744e-01,1.283400e-02
1.085864e-03,2.070835e-03,1.669141e-02,8.597519e-03,5.981699e-03,6.672421e-02,3.711609e-04,2.014015e-02,6.076529e-01,1.765330e-02,8.956835e-02,2.777631e-02,3.442584e-02,9.147964e-02,9.780818e-03
1.014459e-03,2.413548e-03,1.610813e-02,1.713528e-02,9.174657e-03,5.510670e-02,1.143551e-03,1.337154e-01,5.460333e-01,1.627826e-02,7.546721e-02,2.390131e-02,2.875347e-02,6.648772e-02,7.267025e-03
1.416627e-03,3.671630e-03,2.159858e-02,2.806850e-02,1.661518e-02,4.275500e-02,1.358938e-03,1.334176e-01,5.801002e-01,1.570484e-02,5.950245e-02,1.909033e-02,2.306932e-02,4.799487e-02,5.635902e-03
4.570472e-03,5.995800e-03,2.438300e-02,2.773134e-02,4.076162e-02,3.960923e-02,1.530065e-03,9.834289e-02,6.278660e-01,1.358225e-02,4.425005e-02,1.367726e-02,1.681144e-02,3.565451e-02,5.234026e-03
1.260295e-02,8.203887e-03,3.212243e-02,2.474004e-02,5.700112e-02,6.557348e-02,1.800713e-03,7.789638e-02,6.172769e-01,1.173139e-02,3.345697e-02,9.825772e-03,1.235645e-02,3.057687e-02,4.834624e-03
1.209801e-02,1.720359e-02,3.832003e-02,5.580415e-02,4.778389e-02,7.417723e-02,1.446128e-03,6.157996e-02,5.857804e-01,2.482587e-02,2.519369e-02,7.089630e-03,9.420218e-03,2.203657e-02,1.724067e-02
2.224609e-02,1.882312e-02,4.280587e-02,8.324915e-02,6.098971e-02,7.001944e-02,3.859689e-03,9.588756e-02,5.074292e-01,2.531607e-02,2.191862e-02,5.445302e-03,8.431870e-03,1.682465e-02,1.675368e-02
4.018444e-02,2.086558e-02,4.204259e-02,8.225348e-02,6.923495e-02,6.318980e-02,5.799773e-03,1.673198e-01,4.177152e-01,2.891732e-02,1.959949e-02,4.801394e-03,8.172175e-03,1.303218e-02,1.687183e-02
5.877005e-02,5.757040e-02,4.226270e-02,7.194411e-02,6.220490e-02,7.728226e-02,5.868069e-03,1.351620e-01,3.727689e-01,4.211435e-02,1.658556e-02,4.084136e-03,6.960262e-03,1.309212e-02,3.333011e-02
7.513373e-02,7.897945e-02,4.109336e-02,6.036673e-02,5.716557e-02,1.043111e-01,6.850846e-03,1.075151e-01,3.382070e-01,5.184634e-02,1.348908e-02,3.550256e-03,6.988567e-03,1.371285e-02,4.078998e-02
9.031405e-02,9.202956e-02,3.462106e-02,4.762317e-02,5.476553e-02,1.336917e-01,6.525526e-03,8.451920e-02,3.363014e-01,4.350336e-02,1.065338e-02,3.487223e-03,9.538185e-03,1.506590e-02,3.736082e-02
1.004879e-01,9.814543e-02,2.522007e-02,3.995663e-02,5.773542e-02,1.180385e-01,6.653907e-03,6.899070e-02,3.762795e-01,3.632224e-02,8.522945e-03,3.302291e-03,7.814315e-03,1.340039e-02,3.912971e-02
1.154786e-01,9.232228e-02,1.847569e-02,4.423149e-02,5.836959e-02,9.207530e-02,7.061139e-03,5.516000e-02,3.716362e-01,4.098096e-02,7.710947e-03,4.837875e-03,6.329016e-03,1.296138e-02,7.236943e-02
1.113775e-01,9.609101e-02,1.452843e-02,4.530915e-02,5.601869e-02,7.291915e-02,6.521750e-03,4.423957e-02,3.678868e-01,3.662408e-02,1.020093e-02,7.208805e-03,5.463380e-03,1.429927e-02,1.113114e-01
1.224866e-01,9.118538e-02,1.395718e-02,4.659393e-02,6.450881e-02,5.798937e-02,7.293706e-03,3.674311e-02,3.300860e-01,3.259438e-02,1.112073e-02,8.371081e-03,5.391489e-03,1.839762e-02,1.532806e-01
1.341379e-01,9.870894e-02,2.315839e-02,4.193167e-02,5.222354e-02,5.294047e-02,5.373515e-03,2.615074e-02,2.419768e-01,3.035925e-02,4.121736e-02,1.074367e-02,6.742647e-03,4.222690e-02,1.921082e-01
1.069442e-01,7.190514e-02,1.868034e-02,4.770229e-02,3.823592e-02,4.677410e-02,4.421242e-03,2.127892e-02,1.998118e-01,2.452021e-02,2.021859e-01,1.635354e-02,1.803545e-02,4.246134e-02,1.406896e-01
8.109198e-02,5.224162e-02,1.452714e-02,3.764489e-02,2.731561e-02,3.902321e-02,3.221293e-03,1.554618e-02,1.548909e-01,1.846580e-02,3.578958e-01,1.813222e-02,1.775411e-02,5.532680e-02,1.069224e-01
6.223469e-02,4.049269e-02,1.890047e-02,3.071153e-02,1.978700e-02,3.067208e-02,2.385120e-03,1.144187e-02,1.339066e-01,1.526497e-02,4.046996e-01,1.503030e-02,1.497098e-02,1.196953e-01,7.980685e-02
5.155371e-02,3.690484e-02,2.131253e-02,2.267208e-02,1.453790e-02,2.711157e-02,1.772362e-03,8.373712e-03,1.053073e-01,1.182531e-02,3.780645e-01,1.297568e-02,1.305890e-02,2.350981e-01,5.943158e-02
8.501428e-02,3.760831e-02,2.568381e-02,1.857858e-02,1.235079e-02,2.855540e-02,1.454857e-03,6.513677e-03,8.739081e-02,1.228850e-02,3.129663e-01,1.119363e-02,1.117036e-02,2.992935e-01,4.993718e-02
9.227773e-02,3.152424e-02,3.669368e-02,1.695736e-02,1.981870e-02,2.183493e-02,2.138090e-03,7.209481e-03,7.573927e-02,2.141314e-02,3.131769e-01,1.435099e-02,1.138437e-02,2.851323e-01,5.034877e-02
9.830834e-02,2.451988e-02,3.951254e-02,1.827851e-02,2.645307e-02,1.767530e-02,1.848534e-03,1.112632e-02,6.257244e-02,3.457127e-02,3.353974e-01,1.726468e-02,1.232460e-02,2.563970e-01,4.375008e-02
8.469065e-02,2.288204e-02,7.350743e-02,2.058864e-02,3.737573e-02,1.445689e-02,1.624724e-03,1.601758e-02,7.803902e-02,4.659206e-02,3.255794e-01,2.231744e-02,1.554756e-02,2.067602e-01,3.402060e-02
7.599332e-02,2.036623e-02,6.666582e-02,1.933726e-02,6.159421e-02,1.276335e-02,1.665452e-03,2.865583e-02,8.312534e-02,8.287338e-02,3.044948e-01,2.408754e-02,1.861598e-02,1.729441e-01,2.681735e-02
