1.000000e+00,0.000000e+00,0.000000e+00,0.000000e+00,0.000000e+00,0.000000e+00,0.000000e+00,0.000000e+00,0.000000e+00,0.000000e+00,0.000000e+00,0.000000e+00,0.000000e+00,0.000000e+00,0.000000e+00
1.000000e+00,0.000000e+00,0.000000e+00,0.000000e+00,0.000000e+00,0.000000e+00,0.000000e+00,0.000000e+00,0.000000e+00,0.000000e+00,0.000000e+00,0.000000e+00,0.000000e+00,0.000000e+00,0.000000e+00
1.000000e+00,0.000000e+00,0.000000e+00,0.000000e+00,0.000000e+00,0.000000e+00,0.000000e+00,0.000000e+00,0.000000e+00,0.000000e+00,0.000000e+00,0.000000e+00,0.000000e+00,0.000000e+00,0.000000e+00
1.000000e+00,0.000000e+00,0.000000e+00,0.000000e+00,0.000000e+00,0.000000e+00,0.000000e+00,0.000000e+00,0.000000e+00,0.000000e+00,0.000000e+00,0.000000e+00,0.000000e+00,0.000000e+00,0.000000e+00
1.000000e+00,0.000000e+00,0.000000e+00,0.000000e+00,0.000000e+00,0.000000e+00,0.000000e+00,0.000000e+00,0.000000e+00,0.000000e+00,0.000000e+00,0.000000e+00,0.000000e+00,0.000000e+00,0.000000e+00
1.000000e+00,0.000000e+00,0.000000e+00,0.000000e+00,0.000000e+00,0.000000e+00,0.000000e+00,0.000000e+00,0.000000e+00,0.000000e+00,0.000000e+00,0.000000e+00,0.000000e+00,0.000000e+00,0.000000e+00
1.000000e+00,0.000000e+00,0.000000e+00,0.000000e+00,0.000000e+00,0.000000e+00,0.000000e+00,0.000000e+00,0.000000e+00,0.000000e+00,0.000000e+00,0.000000e+00,0.000000e+00,0.000000e+00,0.000000e+00
1.000000e+00,0.000000e+00,0.000000e+00,0.000000e+00,0.000000e+00,0.000000e+00,0.000000e+00,0.000000e+00,0.000000e+00,0.000000e+00,0.000000e+00,0.000000e+00,0.000000e+00,0.000000e+00,0.000000e+00
1.000000e+00,0.000000e+00,0.000000e+00,0.000000e+00,0.000000e+00,0.000000e+00,0.000000e+00,0.000000e+00,0.000000e+00,0.000000e+00,0.000000e+00,0.000000e+00,0.000000e+00,0.000000e+00,0.000000e+00
1.000000e+00,0.000000e+00,0.000000e+00,0.000000e+00,0.000000e+00,0.000000e+00,0.000000e+00,0.000000e+00,0.000000e+00,0.000000e+00,0.000000e+00,0.000000e+00,0.000000e+00,0.000000e+00,0.000000e+00
1.000000e+00,0.000000e+00,0.000000e+00,0.000000e+00,0.000000e+00,0.000000e+00,0.000000e+00,0.000000e+00,0.000000e+00,0.000000e+00,0.000000e+00,0.000000e+00,0.000000e+00,0.000000e+00,0.000000e+00
1.000000e+00,0.000000e+00,0.000000e+00,0.000000e+00,0.000000e+00,0.000000e+00,0.000000e+00,0.000000e+00,0.000000e+00,0.000000e+00,0.000000e+00,0.000000e+00,0.000000e+00,0.000000e+00,0.000000e+00
1.000000e+00,0.000000e+00,0.000000e+00,0.000000e+00,0.000000e+00,0.000000e+00,0.000000e+00,0.000000e+00,0.000000e+00,0.000000e+00,0.000000e+00,0.000000e+00,0.000000e+00,0.000000e+00,0.000000e+00
1.000000e+00,0.000000e+00,0.000000e+00,0.000000e+00,0.000000e+00,0.000000e+00,0.000000e+00,0.000000e+00,0.000000e+00,0.000000e+00,0.000000e+00,0.000000e+00,0.000000e+00,0.000000e+00,0.000000e+00
1.000000e+00,0.000000e+00,0.000000e+00,0.000000e+00,0.000000e+00,0.000000e+00,0.000000e+00,0.000000e+00,0.000000e+00,0.000000e+00,0.000000e+00,0.000000e+00,0.000000e+00,0.000000e+00,0.000000e+00
1.000000e+00,0.000000e+00,0.000000e+00,0.000000e+00,0.000000e+00,0.000000e+00,0.000000e+00,0.000000e+00,0.000000e+00,0.000000e+00,0.000000e+00,0.000000e+00,0.000000e+00,0.000000e+00,0.000000e+00
1.000000e+00,0.000000e+00,0.000000e+00,0.000000e+00,0.000000e+00,0.000000e+00,0.000000e+00,0.000000e+00,0.000000e+00,0.000000e+00,0.000000e+00,0.000000e+00,0.000000e+00,0.000000e+00,0.000000e+00
1.000000e+00,0.000000e+00,0.000000e+00,0.000000e+00,0.000000e+00,0.000000e+00,0.000000e+00,0.000000e+00,0.000000e+00,0.000000e+00,0.000000e+00,0.000000e+00,0.000000e+00,0.000000e+00,0.000000e+00
1.000000e+00,0.000000e+00,0.000000e+00,0.000000e+00,0.000000e+00,0.000000e+00,0.000000e+00,0.000000e+00,0.000000e+00,0.000000e+00,0.000000e+00,0.000000e+00,0.000000e+00,0.000000e+00,0.000000e+00
1.000000e+00,0.000000e+00,0.000000e+00,0.000000e+00,0.000000e+00,0.000000e+00,0.000000e+00,0.000000e+00,0.000000e+00,0.000000e+00,0.000000e+00,0.000000e+00,0.000000e+00,0.000000e+00,0.000000e+00
1.000000e+00,0.000000e+00,0.000000e+00,0.000000e+00,0.000000e+00,0.000000e+00,0.000000e+00,0.000000e+00,0.000000e+00,0.000000e+00,0.000000e+00,0.000000e+00,0.000000e+00,0.000000e+00,0.000000e+00
1.000000e+00,0.000000e+00,0.000000e+00,0.000000e+00,0.000000e+00,0.000000e+00,0.000000e+00,0.000000e+00,0.000000e+00,0.000000e+00,0.000000e+00,0.000000e+00,0.000000e+00,0.000000e+00,0.000000e+00
1.000000e+00,0.000000e+00,0.000000e+00,0.000000e+00,0.000000e+00,0.000000e+00,0.000000e+00,0.000000e+00,0.000000e+00,0.000000e+00,0.000000e+00,0.000000e+00,0.000000e+00,0.000000e+00,0.000000e+00
1.000000e+00,0.000000e+00,0.000000e+00,0.000000e+00,0.000000e+00,0.000000e+00,0.000000e+00,0.000000e+00,0.000000e+00,0.000000e+00,0.000000e+00,0.000000e+00,0.000000e+00,0.000000e+00,0.000000e+00
1.000000e+00,0.000000e+00,0.000000e+00,0.000000e+00,0.000000e+00,0.000000e+00,0.000000e+00,0.000000e+00,0.000000e+00,0.000000e+00,0.000000e+00,0.000000e+00,0.000000e+00,0.000000e+00,0.000000e+00
1.000000e+00,0.000000e+00,0.000000e+00,0.000000e+00,0.000000e+00,0.000000e+00,0.000000e+00,0.000000e+00,0.000000e+00,0.000000e+00,0.000000e+00,0.000000e+00,0.000000e+00,0.000000e+00,0.000000e+00
1.000000e+00,0.000000e+00,0.000000e+00,0.000000e+00,0.000000e+00,0.000000e+00,0.000000e+00,0.000000e+00,0.000000e+00,0.000000e+00,0.000000e+00,0.000000e+00,0.000000e+00,0.000000e+00,0.000000e+00
1.000000e+00,0.000000e+00,0.000000e+00,0.000000e+00,0.000000e+00,0.000000e+00,0.000000e+00,0.000000e+00,0.000000e+00,0.000000e+00,0.000000e+00,0.000000e+00,0.000000e+00,0.000000e+00,0.000000e+00
1.000000e+00,0.000000e+00,0.000000e+00,0.000000e+00,0.000000e+00,0.000000e+00,0.000000e+00,0.000000e+00,0.000000e+00,0.000000e+00,0.000000e+00,0.000000e+00,0.000000e+00,0.000000e+00,0.000000e+00
1.000000e+00,0.000000e+00,0.000000e+00,0.000000e+00,0.000000e+00,0.000000e+00,0.000000e+00,0.000000e+00,0.000000e+00,0.000000e+00,0.000000e+00,0.000000e+00,0.000000e+00,0.000000e+00,0.000000e+00
1.000000e+00,0.000000e+00,0.000000e+00,0.000000e+00,0.000000e+00,0.000000e+00,0.000000e+00,0.000000e+00,0.000000e+00,0.000000e+00,0.000000e+00,0.000000e+00,0.000000e+00,0.000000e+00,0.000000e+00
1.000000e+00,0.000000e+00,0.000000e+00,0.000000e+00,0.000000e+00,0.000000e+00,0.000000e+00,0.000000e+00,0.000000e+00,0.000000e+00,0.000000e+00,0.000000e+00,0.000000e+00,0.000000e+00,0.000000e+00
1.000000e+00,0.000000e+00,0.000000e+00,0.000000e+00,0.000000e+00,0.000000e+00,0.000000e+00,0.000000e+00,0.000000e+00,0.000000e+00,0.000000e+00,0.000000e+00,0.000000e+00,0.000000e+00,0.000000e+00
1.000000e+00,0.000000e+00,0.000000e+00,0.000000e+00,0.000000e+00,0.000000e+00,0.000000e+00,0.000000e+00,0.000000e+00,0.000000e+00,0.000000e+00,0.000000e+00,0.000000e+00,0.000000e+00,0.000000e+00
1.000000e+00,0.000000e+00,0.000000e+00,0.000000e+00,0.000000e+00,0.000000e+00,0.000000e+00,0.000000e+00,0.000000e+00,0.000000e+00,0.000000e+00,0.000000e+00,0.000000e+00,0.000000e+00,0.000000e+00
1.000000e+00,0.000000e+00,0.000000e+00,0.000000e+00,0.000000e+00,0.000000e+00,0.000000e+00,0.000000e+00,0.000000e+00,0.000000e+00,0.000000e+00,0.000000e+00,0.000000e+00,0.000000e+00,0.000000e+00
1.000000e+00,0.000000e+00,0.000000e+00,0.000000e+00,0.000000e+00,0.000000e+00,0.000000e+00,0.000000e+00,0.000000e+00,0.000000e+00,0.000000e+00,0.000000e+00,0.000000e+00,0.000000e+00,0.000000e+00
1.000000e+00,0.000000e+00,0.000000e+00,0.000000e+00,0.000000e+00,0.000000e+00,0.000000e+00,0.000000e+00,0.000000e+00,0.000000e+00,0.000000e+00,0.000000e+00,0.000000e+00,0.000000e+00,0.000000e+00
1.000000e+00,0.000000e+00,0.000000e+00,0.000000e+00,0.000000e+00,0.000000e+00,0.000000e+00,0.000000e+00,0.000000e+00,0.000000e+00,0.000000e+00,0.000000e+00,0.000000e+00,0.000000e+00,0.000000e+00
1.000000e+00,0.000000e+00,0.000000e+00,0.000000e+00,0.000000e+00,0.000000e+00,0.000000e+00,0.000000e+00,0.000000e+00,0.000000e+00,0.000000e+00,0.000000e+00,0.000000e+00,0.000000e+00,0.000000e+00
1.000000e+00,0.000000e+00,0.000000e+00,0.000000e+00,0.000000e+00,0.000000e+00,0.000000e+00,0.000000e+00,0.000000e+00,0.000000e+00,0.000000e+00,0.000000e+00,0.000000e+00,0.000000e+00,0.000000e+00
1.000000e+00,0.000000e+00,0.000000e+00,0.000000e+00,0.000000e+00,0.000000e+00,0.000000e+00,0.000000e+00,0.000000e+00,0.000000e+00,0.000000e+00,0.000000e+00,0.000000e+00,0.000000e+00,0.000000e+00
1.000000e+00,0.000000e+00,0.000000e+00,0.000000e+00,0.000000e+00,0.000000e+00,0.000000e+00,0.000000e+00,0.000000e+00,0.000000e+00,0.000000e+00,0.000000e+00,0.000000e+00,0.000000e+00,0.000000e+00
1.000000e+00,0.000000e+00,0.000000e+00,0.000000e+00,0.000000e+00,0.000000e+00,0.000000e+00,0.000000e+00,0.000000e+00,0.000000e+00,0.000000e+00,0.000000e+00,0.000000e+00,0.000000e+00,0.000000e+00
1.000000e+00,0.000000e+00,0.000000e+00,0.000000e+00,0.000000e+00,0.000000e+00,0.000000e+00,0.000000e+00,0.000000e+00,0.000000e+00,0.000000e+00,0.000000e+00,0.000000e+00,0.000000e+00,0.000000e+00
1.000000e+00,0.000000e+00,0.000000e+00,0.000000e+00,0.000000e+00,0.000000e+00,0.000000e+00,0.000000e+00,0.000000e+00,0.000000e+00,0.000000e+00,0.000000e+00,0.000000e+00,0.000000e+00,0.000000e+00
1.000000e+00,0.000000e+00,0.000000e+00,0.000000e+00,0.000000e+00,0.000000e+00,0.000000e+00,0.000000e+00,0.000000e+00,0.000000e+00,0.000000e+00,0.000000e+00,0.000000e+00,0.000000e+00,0.000000e+00
1.000000e+00,0.000000e+00,0.000000e+00,0.000000e+00,0.000000e+00,0.000000e+00,0.000000e+00,0.000000e+00,0.000000e+00,0.000000e+00,0.000000e+00,0.000000e+00,0.000000e+00,0.000000e+00,0.000000e+00
1.000000e+00,0.000000e+00,0.000000e+00,0.000000e+00,0.000000e+00,0.000000e+00,0.000000e+00,0.000000e+00,0.000000e+00,0.000000e+00,0.000000e+00,0.000000e+00,0.000000e+00,0.000000e+00,0.000000e+00
4.763051e-01,3.330995e-02,4.738508e-02,7.777235e-02,4.762179e-03,3.249300e-02,2.658376e-03,1.170852e-02,3.308187e-02,6.975707e-03,1.007200e-01,1.441091e-02,7.243538e-03,3.657532e-02,1.145981e-01
4.554308e-01,3.205211e-02,4.389190e-02,8.081498e-02,5.584215e-03,3.018562e-02,2.563907e-03,1.053191e-02,3.904386e-02,7.068546e-03,1.142666e-01,1.531384e-02,7.838069e-03,4.320915e-02,1.122044e-01
4.277340e-01,3.093155e-02,3.995521e-02,8.271945e-02,6.391585e-03,2.972441e-02,2.644587e-03,1.019779e-02,4.575110e-02,6.987592e-03,1.260485e-01,1.665452e-02,8.804346e-03,5.422121e-02,1.112342e-01
4.146478e-01,3.219019e-02,3.426432e-02,8.067931e-02,7.020161e-03,2.851161e-02,2.720653e-03,9.283814e-03,4.734264e-02,7.464101e-03,1.314600e-01,1.829188e-02,9.258179e-03,6.197993e-02,1.148854e-01
3.449591e-01,3.030171e-02,2.831181e-02,6.928673e-02,8.740262e-03,3.912347e-02,8.073637e-03,1.050548e-02,5.199905e-02,7.290128e-03,1.622940e-01,2.507575e-02,1.996200e-02,8.977970e-02,1.042972e-01
3.203723e-01,3.081067e-02,2.369322e-02,6.381497e-02,8.346891e-03,3.683763e-02,6.923945e-03,9.532318e-03,5.248151e-02,7.642134e-03,1.622230e-01,2.599275e-02,1.922499e-02,1.268032e-01,1.053005e-01
3.200010e-01,3.010690e-02,1.998451e-02,5.726700e-02,7.323432e-03,3.587605e-02,5.697954e-03,8.392231e-03,5.724001e-02,7.625544e-03,1.488962e-01,2.386583e-02,1.755371e-02,1.371626e-01,1.230070e-01
2.719084e-01,3.571465e-02,4.123693e-02,6.572448e-02,7.126569e-03,3.066982e-02,5.041761e-03,1.332534e-02,8.040725e-02,6.925982e-03,1.428622e-01,2.207542e-02,1.720211e-02,1.367215e-01,1.230575e-01
3.234138e-01,3.303704e-02,3.851897e-02,6.026177e-02,7.421885e-03,2.741025e-02,4.252286e-03,1.177713e-02,7.101676e-02,7.173348e-03,1.263664e-01,2.001035e-02,1.475817e-02,1.231867e-01,1.313951e-01
3.360656e-01,3.223812e-02,3.284765e-02,5.558399e-02,7.325640e-03,2.518606e-02,3.708767e-03,1.052144e-02,6.482492e-02,7.755535e-03,1.084438e-01,1.838865e-02,1.349942e-02,1.210535e-01,1.625569e-01
3.190950e-01,3.574334e-02,3.214315e-02,6.307284e-02,7.241113e-03,2.383655e-02,3.294400e-03,1.042902e-02,6.807215e-02,8.487076e-03,8.770538e-02,1.695113e-02,1.366273e-02,1.060344e-01,2.042318e-01
4.356766e-01,3.400474e-02,2.486729e-02,5.533052e-02,7.313292e-03,2.059938e-02,3.051591e-03,9.564333e-03,5.178172e-02,7.253836e-03,6.831752e-02,1.680430e-02,1.353196e-02,8.471067e-02,1.671923e-01
1.000000e+00,0.000000e+00,0.000000e+00,0.000000e+00,0.000000e+00,0.000000e+00,0.000000e+00,0.000000e+00,0.000000e+00,0.000000e+00,0.000000e+00,0.000000e+00,0.000000e+00,0.000000e+00,0.000000e+00
1.000000e+00,0.000000e+00,0.000000e+00,0.000000e+00,0.000000e+00,0.000000e+00,0.000000e+00,0.000000e+00,0.000000e+00,0.000000e+00,0.000000e+00,0.000000e+00,0.000000e+00,0.000000e+00,0.000000e+00
4.335627e-01,5.275535e-02,1.498399e-02,4.265822e-02,6.817766e-03,6.036562e-02,2.169414e-03,7.227875e-03,3.104859e-02,5.349727e-03,1.454556e-01,1.696003e-02,1.205178e-02,6.024487e-02,1.083486e-01
3.900736e-01,4.324553e-02,1.220816e-02,3.177310e-02,6.420828e-03,2.119643e-01,1.976934e-03,6.644709e-03,2.212686e-02,7.700942e-03,1.166437e-01,1.316631e-02,9.620342e-03,4.711655e-02,7.931818e-02
2.818120e-01,3.158141e-02,9.268962e-03,2.288410e-02,4.754716e-03,1.661297e-01,1.425963e-03,4.971556e-03,1.599713e-02,6.494224e-03,3.346494e-01,1.088614e-02,7.060505e-03,4.330396e-02,5.878032e-02
2.913648e-01,2.738906e-02,9.362049e-03,1.962785e-02,4.400515e-03,1.433657e-01,1.544239e-03,6.281895e-03,1.358875e-02,8.516872e-03,3.580713e-01,1.237715e-02,6.169761e-03,4.779346e-02,5.014667e-02
3.389893e-01,2.119646e-02,8.666751e-03,1.685173e-02,4.440076e-03,1.108434e-01,1.769695e-03,7.336041e-03,1.191528e-02,7.309660e-03,3.579226e-01,1.329671e-02,4.620720e-03,5.374221e-02,4.109933e-02
3.740144e-01,1.724470e-02,8.697397e-03,1.470008e-02,5.090500e-03,8.661066e-02,2.382619e-03,8.444782e-03,1.063439e-02,6.472767e-03,3.425378e-01,1.482620e-02,3.925289e-03,7.100740e-02,3.341100e-02
3.284825e-01,2.092920e-02,1.355365e-02,1.713690e-02,6.508690e-03,6.715093e-02,2.992623e-03,1.131331e-02,1.041789e-02,5.752641e-03,3.971100e-01,1.941282e-02,3.899684e-03,6.197074e-02,3.336846e-02
2.537036e-01,2.208678e-02,1.453937e-02,1.514224e-02,6.543669e-03,5.107416e-02,2.693955e-03,1.186562e-02,1.065485e-02,6.277387e-03,4.782042e-01,2.526721e-02,3.344087e-03,6.759873e-02,3.100421e-02
2.307113e-01,2.922404e-02,1.544105e-02,1.420457e-02,7.547891e-03,3.923180e-02,3.432312e-03,1.463507e-02,2.240000e-02,7.825231e-03,4.307020e-01,5.055452e-02,3.052558e-03,8.411534e-02,4.692227e-02
2.281143e-01,2.837050e-02,1.786259e-02,1.504344e-02,7.112908e-03,3.076729e-02,2.689864e-03,1.155176e-02,2.048700e-02,1.433161e-02,4.327239e-01,4.790208e-02,2.648035e-03,8.483367e-02,5.556103e-02
1.991663e-01,2.549021e-02,1.488331e-02,1.346232e-02,6.088842e-03,2.434043e-02,2.152356e-03,8.825609e-03,1.717193e-02,1.819266e-02,4.860159e-01,5.211649e-02,2.470321e-03,7.777049e-02,5.185269e-02
1.565383e-01,2.108469e-02,1.407412e-02,1.081457e-02,5.265852e-03,2.239456e-02,1.679722e-03,7.652110e-03,1.459803e-02,1.918459e-02,5.554356e-01,5.358553e-02,2.037383e-03,6.786880e-02,4.778609e-02
1.112577e-01,1.527720e-02,1.024752e-02,8.363995e-03,8.145592e-03,1.704492e-02,1.418438e-03,6.610041e-03,1.314646e-02,1.968150e-02,6.507548e-01,4.591893e-02,2.341643e-03,5.392708e-02,3.586414e-02
8.009947e-02,1.391443e-02,9.330448e-03,6.656974e-03,1.062788e-02,1.593296e-02,2.198499e-03,6.289064e-03,2.176072e-02,1.131860e-01,5.845441e-01,4.984622e-02,2.855485e-03,5.136400e-02,3.139371e-02
5.640909e-02,1.096090e-02,6.876248e-03,4.736039e-03,8.101828e-03,1.929178e-02,1.634683e-03,4.460115e-03,1.903032e-02,2.556772e-01,5.084679e-01,3.897053e-02,2.638799e-03,3.821516e-02,2.452942e-02
3.958814e-02,8.487198e-03,5.023297e-03,3.361328e-03,6.592274e-03,1.452167e-02,1.291218e-03,3.174508e-03,1.604984e-02,3.587335e-01,4.653708e-01,2.956313e-02,2.385596e-03,2.783783e-02,1.801969e-02
2.870314e-02,9.422493e-03,5.283216e-03,2.704046e-03,6.443053e-03,1.219497e-02,1.481797e-03,7.972415e-03,1.735087e-02,5.083132e-01,3.423827e-01,2.190985e-02,2.262058e-03,2.031082e-02,1.326535e-02
2.207199e-02,1.351816e-02,6.039849e-03,2.998316e-03,6.114471e-03,1.704392e-02,1.665589e-03,1.052592e-02,1.920932e-02,6.060743e-01,2.514865e-01,1.616073e-02,1.915146e-03,1.493935e-02,1.023639e-02
1.688910e-02,3.025457e-02,6.595431e-03,4.133326e-03,6.497853e-03,1.534522e-02,1.284081e-03,9.812691e-03,2.620561e-02,6.649044e-01,1.841180e-01,1.243260e-02,1.678290e-03,1.092395e-02,8.924871e-03
1.295743e-02,2.878738e-02,5.895287e-03,5.310929e-03,7.928108e-03,1.148986e-02,1.083965e-03,1.539641e-02,3.535752e-02,7.123485e-01,1.330210e-01,1.210550e-02,1.870894e-03,9.001413e-03,7.445807e-03
1.114107e-02,3.699647e-02,5.159550e-03,1.009924e-02,1.278448e-02,1.039057e-02,1.130012e-03,2.678652e-02,7.738974e-02,6.841736e-01,9.820829e-02,1.027368e-02,1.712556e-03,7.358447e-03,6.395711e-03
1.061227e-02,5.567081e-02,5.400332e-03,1.158686e-02,1.204442e-02,1.193341e-02,9.161853e-04,2.221989e-02,1.306343e-01,6.241572e-01,7.913031e-02,1.549737e-02,3.130658e-03,7.433947e-03,9.631907e-03
1.212511e-02,4.916687e-02,4.102794e-03,1.143343e-02,1.936559e-02,1.363741e-02,8.736097e-04,1.904999e-02,2.408054e-01,4.605410e-01,8.428671e-02,3.664347e-02,3.114176e-02,7.386848e-03,9.439923e-03
9.888129e-03,3.846995e-02,3.064564e-03,1.052209e-02,1.637349e-02,1.300900e-02,6.882212e-04,2.059525e-02,2.033326e-01,3.401697e-01,1.316155e-01,8.092682e-02,1.169159e-01,6.479914e-03,7.948855e-03
1.244700e-02,2.826946e-02,2.595135e-03,9.722809e-03,1.413433e-02,3.569284e-02,6.692482e-04,1.548422e-02,1.732379e-01,2.424021e-01,1.311131e-01,1.687901e-01,1.496395e-01,5.997060e-03,9.805127e-03
1.933174e-02,2.206432e-02,3.014631e-03,8.615351e-03,1.458507e-02,3.356754e-02,9.081403e-04,1.289894e-02,1.751021e-01,1.724301e-01,1.184106e-01,2.258733e-01,1.780928e-01,5.806991e-03,9.298336e-03
1.938260e-02,2.300087e-02,3.418977e-03,7.034347e-03,1.448352e-02,2.970954e-02,1.382938e-03,1.782637e-02,3.159525e-01,1.262121e-01,9.208670e-02,1.724694e-01,1.505909e-01,8.798655e-03,1.765061e-02
1.736088e-02,2.004352e-02,2.691675e-03,6.168730e-03,1.489563e-02,3.121517e-02,1.384993e-03,1.394845e-02,4.706413e-01,8.976471e-02,6.670962e-02,1.242852e-01,1.092348e-01,9.315628e-03,2.233968e-02
1.803523e-02,2.128768e-02,2.761911e-03,7.656184e-03,1.838647e-02,3.300435e-02,1.783653e-03,1.109935e-02,5.338247e-01,6.664513e-02,5.237047e-02,9.108018e-02,8.337321e-02,1.357442e-02,4.511704e-02
2.360689e-02,2.134141e-02,2.345206e-03,8.379344e-03,2.934055e-02,4.626002e-02,2.238747e-03,9.515193e-03,5.313318e-01,5.402517e-02,4.974644e-02,7.628872e-02,7.669646e-02,1.862801e-02,5.025611e-02
2.581850e-02,1.965414e-02,2.078240e-03,8.270322e-03,3.896318e-02,4.716165e-02,3.243844e-03,8.104456e-03,5.139990e-01,4.399583e-02,5.741921e-02,8.355434e-02,7.150261e-02,2.475120e-02,5.148353e-02
4.043740e-02,1.896783e-02,1.994716e-03,7.262374e-03,4.309265e-02,4.414721e-02,3.363497e-03,6.439317e-03,4.757964e-01,3.907330e-02,7.812484e-02,1.089058e-01,6.903699e-02,2.091074e-02,4.244696e-02
1.091610e-01,1.947230e-02,2.252366e-03,9.372501e-03,3.906963e-02,4.155055e-02,3.235630e-03,6.805895e-03,4.294950e-01,4.252888e-02,6.923781e-02,1.160865e-01,5.874689e-02,1.782762e-02,3.515757e-02
1.435317e-01,1.886706e-02,2.336265e-03,9.581028e-03,3.228669e-02,4.244927e-02,3.097256e-03,7.230346e-03,4.015155e-01,4.478674e-02,6.540088e-02,1.246297e-01,6.044529e-02,1.533076e-02,2.851154e-02
1.695675e-01,1.932938e-02,3.224269e-03,1.274800e-02,2.800084e-02,5.986631e-02,3.199050e-03,1.470048e-02,3.828873e-01,3.909773e-02,5.812753e-02,1.101035e-01,5.775426e-02,1.585383e-02,2.553993e-02
1.860094e-01,2.169610e-02,4.524749e-03,1.275297e-02,3.211655e-02,7.387637e-02,3.353090e-03,1.629032e-02,3.664281e-01,3.955407e-02,5.236113e-02,8.972299e-02,5.993437e-02,1.688683e-02,2.449295e-02
1.453968e-01,2.129929e-02,5.312581e-03,1.053053e-02,3.550408e-02,1.349245e-01,5.449581e-03,1.827991e-02,3.432089e-01,4.427909e-02,4.390220e-02,7.427680e-02,7.385728e-02,2.114863e-02,2.262972e-02
1.075855e-01,2.377985e-02,5.954766e-03,7.934108e-03,3.214785e-02,1.820014e-01,7.345200e-03,2.319487e-02,3.327386e-01,3.725759e-02,3.740025e-02,7.344316e-02,8.110187e-02,2.637065e-02,2.174428e-02
7.855467e-02,2.722081e-02,5.165777e-03,5.948239e-03,3.092850e-02,2.295151e-01,7.510694e-03,2.313395e-02,3.103349e-01,2.844266e-02,2.998817e-02,8.835194e-02,9.073047e-02,2.614047e-02,1.803366e-02
5.840481e-02,2.996703e-02,4.431290e-03,5.035205e-03,2.824355e-02,2.262143e-01,6.281146e-03,2.704938e-02,2.720928e-01,2.205794e-02,2.316811e-02,1.140851e-01,1.096631e-01,5.816439e-02,1.514177e-02
4.404802e-02,2.763791e-02,3.849385e-03,4.189122e-03,3.266555e-02,2.211547e-01,5.957488e-03,3.337585e-02,2.644103e-01,1.717314e-02,1.787683e-02,1.281735e-01,1.092578e-01,7.816496e-02,1.206548e-02
3.346230e-02,2.336690e-02,4.102004e-03,3.707059e-03,4.670721e-02,1.798343e-01,7.153019e-03,3.861488e-02,2.572556e-01,1.325765e-02,1.548897e-02,1.718386e-01,1.020601e-01,9.295815e-02,1.019317e-02
2.604536e-02,1.944321e-02,3.580690e-03,3.178341e-03,4.388250e-02,1.323887e-01,7.263373e-03,4.690199e-02,2.164869e-01,1.013048e-02,1.289021e-02,2.625160e-01,9.658623e-02,1.095599e-01,9.146050e-03
2.261071e-02,1.800964e-02,3.188177e-03,3.193703e-03,3.417517e-02,1.032926e-01,5.494109e-03,3.920831e-02,1.630514e-01,8.100491e-03,1.254599e-02,3.937823e-01,8.618245e-02,9.567732e-02,1.148759e-02
2.353911e-02,1.791490e-02,3.825724e-03,2.858699e-03,2.696379e-02,1.086789e-01,4.089712e-03,3.791006e-02,1.347728e-01,6.754408e-03,1.371232e-02,4.529871e-01,7.290682e-02,7.432772e-02,1.875793e-02
2.203211e-02,1.470511e-02,5.476097e-03,2.511265e-03,2.221261e-02,9.010635e-02,3.676060e-03,1.281833e-01,1.101382e-01,5.350556e-03,1.283299e-02,4.499500e-01,6.032201e-02,5.771076e-02,1.479262e-02
2.768105e-02,1.170435e-02,2.015475e-02,2.169938e-03,1.766436e-02,6.774685e-02,5.008942e-03,2.510543e-01,8.068348e-02,4.387571e-03,1.003261e-02,4.058041e-01,4.366251e-02,4.152003e-02,1.072509e-02
4.530988e-02,1.606609e-02,3.518197e-02,6.155863e-03,1.901772e-02,7.816085e-02,9.799150e-03,2.175559e-01,7.647892e-02,4.317578e-03,8.687921e-03,4.114263e-01,3.308925e-02,2.991482e-02,8.837821e-03
4.993484e-02,2.550551e-02,9.803742e-02,2.316494e-02,2.180460e-02,7.970579e-02,2.215401e-02,1.812697e-01,9.764381e-02,5.609395e-03,7.323842e-03,3.295514e-01,2.929102e-02,2.133883e-02,7.664854e-03
4.594643e-02,2.291773e-02,1.725576e-01,3.446725e-02,2.317530e-02,8.526956e-02,5.866398e-02,1.497290e-01,9.415013e-02,6.768222e-03,6.473256e-03,2.487294e-01,2.695373e-02,1.585459e-02,8.343808e-03
7.301904e-02,2.048323e-02,1.696736e-01,3.273785e-02,3.051016e-02,8.551585e-02,7.761946e-02,1.153818e-01,1.004900e-01,5.315259e-03,8.726530e-03,2.184906e-01,3.725371e-02,1.548064e-02,9.302172e-03
1.085196e-01,1.660396e-02,1.315646e-01,3.696239e-02,6.551135e-02,7.261626e-02,9.254035e-02,1.190680e-01,9.633678e-02,4.504399e-03,8.192837e-03,1.734742e-01,5.245542e-02,1.271281e-02,8.936951e-03
8.896600e-02,1.224011e-02,9.485424e-02,3.064771e-02,4.845046e-02,5.667441e-02,6.816001e-02,8.714014e-02,7.163502e-02,4.853064e-03,1.408507e-02,1.580889e-01,2.453475e-01,1.078711e-02,8.070216e-03
6.572833e-02,8.960729e-03,6.673311e-02,2.319012e-02,3.471057e-02,4.169061e-02,4.889483e-02,6.178608e-02,5.167165e-02,4.652836e-03,1.706672e-02,1.582870e-01,4.019893e-01,8.151514e-03,6.486570e-03
4.622896e-02,6.423706e-03,4.680140e-02,1.642387e-02,2.474871e-02,2.944995e-02,3.427560e-02,4.340263e-02,4.112395e-02,3.653994e-03,1.324794e-02,1.410878e-01,5.425568e-01,5.870198e-03,4.704492e-03
3.266471e-02,5.215190e-03,3.306875e-02,1.194937e-02,1.920658e-02,2.078657e-02,2.409467e-02,3.115567e-02,5.246256e-02,3.443600e-03,1.089166e-02,1.182002e-01,6.280174e-01,4.486169e-03,4.356938e-03
2.318212e-02,4.379465e-03,2.414340e-02,9.148659e-03,1.576851e-02,1.469284e-02,1.694053e-02,8.326609e-02,9.595397e-02,2.822937e-03,1.091295e-02,9.455004e-02,5.975966e-01,3.227809e-03,3.414116e-03
1.695457e-02,3.863400e-03,1.812012e-02,7.508827e-03,1.181904e-02,1.074733e-02,1.199557e-02,2.675324e-01,9.458984e-02,2.604771e-03,1.100458e-02,7.647001e-02,4.607061e-01,2.322885e-03,3.760611e-03
1.226573e-02,2.894362e-03,1.350633e-02,5.592767e-03,8.512717e-03,7.802654e-03,8.455442e-03,4.628434e-01,7.098941e-02,1.939995e-03,8.785183e-03,5.667005e-02,3.346299e-01,1.634799e-03,3.477247e-03
9.281497e-03,3.190973e-03,1.177444e-02,4.569471e-03,6.429041e-03,5.790433e-03,6.246973e-03,5.965567e-01,6.487764e-02,1.778476e-03,6.890157e-03,4.056397e-02,2.365865e-01,1.184712e-03,4.278996e-03
7.342583e-03,3.166209e-03,1.031539e-02,4.619444e-03,5.177303e-03,4.432262e-03,4.455250e-03,7.009286e-01,5.190537e-02,1.374008e-03,5.564850e-03,2.895608e-02,1.670710e-01,9.049950e-04,3.786698e-03
1.101279e-02,3.322103e-03,1.017129e-02,6.179444e-03,9.293295e-03,4.398165e-03,3.661475e-03,7.588754e-01,4.545872e-02,1.178260e-03,4.509641e-03,2.055602e-02,1.174635e-01,7.178128e-04,3.202082e-03
1.208215e-02,5.455517e-03,1.243165e-02,7.444364e-03,2.038999e-02,4.688000e-03,4.906436e-03,7.673817e-01,4.832153e-02,2.399941e-03,3.427566e-03,1.455426e-02,8.401524e-02,8.486038e-04,1.165302e-02
1.427429e-02,1.043753e-02,1.335273e-02,7.083715e-03,2.433129e-02,4.666043e-03,4.654402e-03,7.774409e-01,4.865354e-02,2.386442e-03,2.650841e-03,1.050346e-02,6.099230e-02,9.791750e-04,1.759334e-02
1.653604e-02,2.003780e-02,2.028022e-02,6.325976e-03,2.400823e-02,4.738460e-03,4.548165e-03,7.737457e-01,5.299030e-02,2.319736e-03,2.379122e-03,7.959666e-03,4.520050e-02,1.172284e-03,1.775776e-02
2.404086e-02,3.276175e-02,2.416395e-02,6.013730e-03,2.155793e-02,4.634490e-03,4.177347e-03,7.663038e-01,5.493930e-02,2.414587e-03,2.176118e-03,6.336109e-03,3.344288e-02,1.202656e-03,1.583448e-02
4.742543e-02,5.203661e-02,2.599549e-02,7.414077e-03,2.389102e-02,4.982710e-03,4.780496e-03,7.011363e-01,7.877401e-02,3.038538e-03,2.171287e-03,5.604085e-03,2.451796e-02,1.294690e-03,1.693732e-02
1.075392e-01,6.987264e-02,2.423749e-02,1.053037e-02,3.022942e-02,7.575515e-03,5.916165e-03,5.749582e-01,1.148427e-01,4.826542e-03,2.483139e-03,5.719659e-03,1.937199e-02,1.651107e-03,2.024592e-02
1.936625e-01,8.577245e-02,2.203825e-02,1.148092e-02,3.418599e-02,9.878919e-03,6.158762e-03,4.610050e-01,1.178005e-01,5.950655e-03,2.838604e-03,6.130516e-03,1.729317e-02,2.279956e-03,2.352393e-02
2.811352e-01,8.333951e-02,1.911212e-02,1.207776e-02,3.298520e-02,1.247634e-02,6.978861e-03,3.684811e-01,1.172812e-01,6.341887e-03,3.721341e-03,7.766624e-03,1.944574e-02,3.295140e-03,2.556216e-02
3.751276e-01,6.851101e-02,1.595127e-02,1.368731e-02,2.911144e-02,1.297618e-02,7.429982e-03,3.036681e-01,9.502570e-02,7.452006e-03,4.843390e-03,1.046380e-02,2.094186e-02,4.022012e-03,3.078840e-02
3.741874e-01,6.721517e-02,1.371205e-02,8.675234e-02,2.320747e-02,1.639334e-02,5.552628e-03,2.174635e-01,7.064404e-02,1.153951e-02,2.529676e-02,1.786184e-02,2.660090e-02,3.913453e-03,3.965968e-02
3.230907e-01,5.316823e-02,1.100575e-02,1.206670e-01,1.696723e-02,1.480299e-02,4.254561e-03,1.547749e-01,5.397474e-02,1.087021e-02,1.460689e-01,2.263102e-02,2.921510e-02,4.592309e-03,3.391641e-02
2.757757e-01,4.087415e-02,8.702905e-03,1.487887e-01,1.259020e-02,1.176135e-02,3.375233e-03,1.115203e-01,4.286393e-02,9.828023e-03,2.289411e-01,2.407522e-02,4.598708e-02,5.345272e-03,2.957101e-02
2.353268e-01,3.038109e-02,6.820291e-03,1.287592e-01,1.352101e-02,9.087142e-03,2.945352e-03,8.071616e-02,3.360931e-02,9.060926e-03,2.738532e-01,2.412340e-02,1.114199e-01,7.980031e-03,3.239619e-02
1.836138e-01,2.267304e-02,5.701266e-03,1.103221e-01,1.133642e-02,7.597311e-03,2.607360e-03,5.804561e-02,2.735291e-02,8.552182e-03,3.480881e-01,2.322056e-02,1.520106e-01,9.592110e-03,2.928663e-02
1.488554e-01,1.665057e-02,5.953728e-03,8.237845e-02,1.467605e-02,1.166320e-02,3.414418e-03,6.092158e-02,2.716152e-02,1.277871e-02,3.355202e-01,2.303745e-02,2.127171e-01,1.084772e-02,3.342394e-02
1.092986e-01,1.722431e-02,7.946793e-02,1.545314e-01,2.508752e-02,9.135595e-03,2.791036e-03,4.362460e-02,6.098855e-02,1.287123e-02,2.479673e-01,2.341424e-02,1.710642e-01,9.454403e-03,3.307899e-02
1.381513e-01,1.735414e-02,6.205190e-02,1.280152e-01,2.677994e-02,9.390170e-03,2.852927e-03,3.338515e-02,1.033211e-01,1.786485e-02,2.022018e-01,2.720417e-02,1.561790e-01,1.729792e-02,5.795041e-02
1.096273e-01,2.340734e-02,1.021703e-01,1.835777e-01,4.614577e-02,9.231309e-03,2.900961e-03,2.464161e-02,1.231425e-01,1.514544e-02,1.488860e-01,2.788240e-02,1.204961e-01,1.436877e-02,4.837670e-02
1.675499e-01,2.206788e-02,8.091088e-02,1.505347e-01,4.590985e-02,1.252506e-02,4.057485e-03,2.084025e-02,1.520506e-01,1.432474e-02,1.170995e-01,3.009680e-02,9.878901e-02,2.050052e-02,6.274283e-02
1.975593e-01,2.321560e-02,9.893756e-02,1.519112e-01,3.573706e-02,1.433396e-02,3.295996e-03,1.629353e-02,1.621026e-01,1.507433e-02,9.077436e-02,3.214568e-02,7.648242e-02,1.747808e-02,6.465837e-02
2.322736e-01,2.725605e-02,9.438303e-02,1.294267e-01,2.748159e-02,1.513113e-02,2.568869e-03,1.244786e-02,2.021701e-01,1.579643e-02,6.809404e-02,2.600927e-02,5.717117e-02,1.712240e-02,7.266773e-02
3.094414e-01,3.384689e-02,8.090970e-02,1.003526e-01,3.228983e-02,1.810079e-02,2.383692e-03,1.302409e-02,1.829006e-01,1.299075e-02,5.318644e-02,2.213969e-02,4.747224e-02,1.471557e-02,7.624572e-02
2.891775e-01,4.620370e-02,6.527185e-02,7.688142e-02,3.909471e-02,1.585158e-02,2.373663e-03,1.173732e-02,2.341802e-01,1.537921e-02,4.137654e-02,1.782334e-02,4.905445e-02,1.390403e-02,8.169048e-02
2.526644e-01,4.007930e-02,5.429240e-02,6.143314e-02,3.257813e-02,1.326725e-02,2.214431e-03,1.094787e-02,3.472585e-01,1.475522e-02,3.214075e-02,1.412560e-02,4.454695e-02,1.222861e-02,6.746744e-02
2.188003e-01,3.162004e-02,4.507004e-02,5.930145e-02,2.374086e-02,1.089287e-02,1.722363e-03,8.284858e-03,3.853803e-01,1.319388e-02,2.478529e-02,1.261640e-02,3.437347e-02,2.456482e-02,1.056530e-01
1.596960e-01,2.349303e-02,3.353301e-02,4.680211e-02,1.690980e-02,9.433292e-03,1.411620e-03,5.894891e-03,2.940359e-01,1.107083e-02,2.594833e-02,1.642114e-02,3.357258e-02,1.816710e-01,1.401065e-01
1.157614e-01,1.726553e-02,2.382924e-02,3.450989e-02,1.214383e-02,7.196124e-03,1.046544e-03,4.168211e-03,2.310836e-01,1.100963e-02,2.715288e-02,2.049613e-02,3.284793e-02,3.209194e-01,1.405697e-01
1.101031e-01,1.374101e-02,2.314066e-02,2.880937e-02,4.736326e-02,9.125685e-03,1.116318e-03,3.417843e-03,1.721763e-01,9.159615e-03,7.829261e-02,3.498464e-02,1.092662e-01,2.492185e-01,1.100850e-01
1.039252e-01,1.134482e-02,1.756084e-02,2.246795e-02,6.676662e-02,1.019774e-02,1.357937e-03,3.532517e-03,1.292675e-01,9.342288e-03,1.023531e-01,5.821078e-02,1.743410e-01,2.050117e-01,8.431998e-02
9.056111e-02,1.385834e-02,2.118650e-02,2.272558e-02,5.425034e-02,1.026265e-02,1.624948e-03,4.199333e-03,1.083008e-01,2.047172e-02,1.141857e-01,1.340489e-01,1.738368e-01,1.643405e-01,6.614685e-02
6.870965e-02,1.123205e-02,1.610933e-02,1.665699e-02,4.161257e-02,9.416282e-03,1.573000e-03,3.836049e-03,8.949107e-02,1.886212e-02,1.431213e-01,2.226349e-01,1.916614e-01,1.180667e-01,4.701657e-02
5.084540e-02,9.053426e-03,1.195845e-02,1.237498e-02,3.096772e-02,9.764275e-03,1.326550e-03,2.969091e-03,7.680722e-02,2.326124e-02,1.601990e-01,3.112699e-01,1.805209e-01,8.502863e-02,3.365325e-02
4.199338e-02,9.373223e-03,9.842564e-03,9.362129e-03,2.625424e-02,1.084432e-02,9.920974e-04,2.461006e-03,6.448567e-02,5.104893e-02,1.786341e-01,3.583659e-01,1.444309e-01,6.704574e-02,2.486579e-02
4.249531e-02,8.121180e-03,7.402485e-03,7.439914e-03,2.093545e-02,1.225797e-02,7.602507e-04,2.194083e-03,5.140915e-02,8.386838e-02,1.958453e-01,3.827757e-01,1.143623e-01,5.168894e-02,1.844369e-02
7.816681e-02,8.409902e-03,1.514690e-02,7.634287e-03,1.601484e-02,1.171692e-02,8.558424e-04,5.662288e-03,4.117716e-02,8.396774e-02,1.675275e-01,4.263665e-01,8.373628e-02,3.863396e-02,1.498311e-02
7.591623e-02,7.455248e-03,1.154466e-02,7.259443e-03,1.630152e-02,8.786513e-03,7.115373e-04,4.918728e-03,4.057864e-02,1.357241e-01,1.884453e-01,3.950666e-01,6.681634e-02,2.934538e-02,1.112981e-02
8.418325e-02,6.606030e-03,9.190671e-03,8.315495e-03,1.552426e-02,6.939127e-03,5.915842e-04,5.787224e-03,3.728519e-02,1.554058e-01,1.915810e-01,3.941041e-01,5.334393e-02,2.280925e-02,8.333175e-03
7.253381e-02,9.088782e-03,1.329668e-02,7.504131e-03,1.645825e-02,6.009906e-03,5.788093e-04,6.149083e-03,3.690546e-02,1.423836e-01,1.907453e-01,4.313384e-01,4.009440e-02,2.012984e-02,6.783509e-03
5.724663e-02,1.005122e-02,1.423437e-02,5.950378e-03,1.313021e-02,5.252814e-03,5.458721e-04,6.570193e-03,3.180145e-02,1.203184e-01,2.499836e-01,4.304031e-01,3.073799e-02,1.857273e-02,5.201113e-03
5.240033e-02,1.611724e-02,4.145429e-02,6.724501e-03,1.353696e-02,4.922776e-03,1.049395e-03,2.288308e-02,3.718283e-02,9.689191e-02,2.504874e-01,4.101414e-01,2.356774e-02,1.857384e-02,4.066382e-03
4.035034e-02,1.878564e-02,3.173548e-02,5.106939e-03,9.899340e-03,3.987111e-03,7.743890e-04,1.823219e-02,2.993372e-02,7.005113e-02,3.909829e-01,3.431019e-01,1.702224e-02,1.696462e-02,3.072051e-03
3.308510e-02,2.642601e-02,3.023131e-02,4.716186e-03,7.783871e-03,3.692767e-03,6.347673e-04,2.265302e-02,2.828473e-02,5.251911e-02,4.619055e-01,2.962632e-01,1.282888e-02,1.666128e-02,2.314330e-03
3.938423e-02,4.038487e-02,4.024190e-02,4.686821e-03,7.076596e-03,9.267723e-03,1.157169e-03,3.218162e-02,2.805993e-02,3.836192e-02,4.792407e-01,2.482554e-01,9.954396e-03,1.930130e-02,2.445403e-03
3.814672e-02,4.077923e-02,4.375325e-02,3.848325e-03,5.693096e-03,1.202629e-02,1.063310e-03,2.826142e-02,2.880402e-02,2.761883e-02,5.437371e-01,1.940699e-01,7.656588e-03,2.234697e-02,2.194973e-03
3.583749e-02,5.893181e-02,1.274630e-01,5.941127e-03,7.891107e-03,1.352236e-02,1.643808e-03,4.134793e-02,3.424530e-02,2.069199e-02,4.559698e-01,1.703098e-01,6.106132e-03,1.828600e-02,1.812411e-03
3.250371e-02,6.212747e-02,9.922563e-02,7.698463e-03,9.166828e-03,1.249361e-02,1.364459e-03,4.248749e-02,6.779400e-02,1.587094e-02,4.853734e-01,1.246017e-01,4.753393e-03,3.292930e-02,1.609628e-03
3.070653e-02,6.957795e-02,7.521471e-02,7.820589e-03,1.120296e-02,1.285586e-02,1.110228e-03,3.908929e-02,1.177078e-01,1.320751e-02,4.745659e-01,9.094318e-02,3.880294e-03,5.030487e-02,1.812266e-03
3.462905e-02,6.178224e-02,6.559191e-02,9.233102e-03,2.645523e-02,1.046714e-02,7.794471e-03,7.736424e-02,1.931981e-01,1.244630e-02,3.792754e-01,6.635641e-02,3.439359e-03,5.039644e-02,1.570640e-03
4.067402e-02,5.609234e-02,4.826054e-02,7.536592e-03,2.868226e-02,1.140934e-02,5.787553e-03,6.140215e-02,2.330709e-01,1.297028e-02,3.373855e-01,4.929122e-02,3.960652e-03,1.014231e-01,2.053530e-03
7.639410e-02,5.587720e-02,3.758226e-02,6.477966e-03,3.508559e-02,2.376919e-02,4.307107e-03,4.699195e-02,2.099746e-01,2.056804e-02,2.833880e-01,3.682088e-02,4.026445e-03,1.503493e-01,8.387350e-03
6.813721e-02,4.308596e-02,3.065013e-02,4.991165e-03,2.834542e-02,1.997153e-01,3.140271e-03,3.443473e-02,1.580319e-01,1.844568e-02,2.384424e-01,2.875855e-02,3.550606e-03,1.179839e-01,2.228678e-02
5.238456e-02,3.081286e-02,2.185568e-02,3.561702e-03,2.016472e-02,3.248470e-01,2.231719e-03,2.447768e-02,1.114732e-01,1.349945e-02,2.540425e-01,2.168828e-02,2.952108e-03,9.768493e-02,1.832358e-02
3.827582e-02,2.181044e-02,1.557004e-02,2.526217e-03,1.419093e-02,2.854183e-01,1.583366e-03,1.720333e-02,7.839534e-02,9.640176e-03,3.605154e-01,1.791077e-02,2.219785e-03,1.207902e-01,1.394983e-02
2.837673e-02,1.567413e-02,1.107044e-02,1.807158e-03,1.003122e-02,2.221840e-01,1.197361e-03,1.212931e-02,5.607362e-02,7.158808e-03,4.495498e-01,2.222558e-02,1.794915e-03,1.501350e-01,1.059201e-02
2.122615e-02,1.485297e-02,1.024718e-02,1.381405e-03,7.245427e-03,1.580902e-01,9.267655e-04,8.757847e-03,4.591924e-02,6.865408e-03,5.487715e-01,2.465394e-02,1.435983e-03,1.413572e-01,8.268839e-03
1.500184e-02,1.526561e-02,8.083384e-03,9.880940e-04,5.184986e-03,1.113118e-01,6.619929e-04,6.166455e-03,4.456733e-02,5.800133e-03,5.732499e-01,1.936651e-02,1.056650e-03,1.870063e-01,6.289061e-03
1.068066e-02,1.162150e-02,6.103695e-03,7.081481e-04,3.749580e-03,7.902031e-02,4.738921e-04,4.374914e-03,6.556568e-02,4.624662e-03,5.631820e-01,1.540855e-02,7.696188e-04,2.290528e-01,4.663999e-03
9.332512e-03,8.416309e-03,4.937972e-03,5.497721e-04,2.690606e-03,6.133301e-02,3.512876e-04,3.416051e-03,6.664849e-02,4.574104e-03,5.964741e-01,1.465845e-02,6.410396e-04,2.224752e-01,3.501131e-03
7.474996e-03,6.895681e-03,3.859768e-03,4.116328e-04,1.940614e-03,4.352791e-02,2.498706e-04,2.557507e-03,7.043537e-02,3.845493e-03,5.336859e-01,1.118148e-02,5.122209e-04,3.106250e-01,2.796573e-03
6.489735e-03,9.383751e-03,6.976621e-03,4.092811e-04,1.886134e-03,3.212510e-02,1.865669e-04,2.918679e-03,9.028821e-02,4.376763e-03,4.723758e-01,9.248079e-03,5.403761e-04,3.602345e-01,2.560449e-03
8.231331e-03,9.153596e-02,4.743171e-02,1.221518e-03,4.408945e-03,2.814993e-02,4.885048e-04,8.950753e-03,1.218567e-01,5.785909e-03,3.607832e-01,7.295320e-03,7.968043e-04,3.107026e-01,2.360878e-03
1.250149e-02,7.045711e-02,4.037492e-02,3.288494e-03,7.166180e-03,2.702378e-02,6.014664e-04,1.389537e-02,2.283469e-01,6.161001e-03,2.978435e-01,6.648040e-03,1.327868e-03,2.819897e-01,2.374243e-03
1.483993e-02,5.895839e-02,4.578770e-02,1.108201e-02,1.568053e-02,2.914502e-02,6.440288e-04,2.447172e-02,3.092058e-01,1.235195e-02,2.318889e-01,8.553665e-03,4.307728e-03,2.254176e-01,7.665018e-03
1.370425e-02,9.752184e-02,3.804166e-02,1.195641e-02,3.107473e-02,2.338998e-02,9.827348e-04,4.680450e-02,3.609641e-01,1.356082e-02,1.748761e-01,7.592362e-03,4.336890e-03,1.684623e-01,6.731331e-03
1.096396e-02,8.715589e-02,4.252445e-02,5.039735e-02,2.609219e-02,1.867061e-02,7.658730e-04,3.576146e-02,4.183214e-01,1.187810e-02,1.255249e-01,5.539585e-03,5.192060e-03,1.310279e-01,3.018427e-02
1.124763e-02,7.464216e-02,4.384852e-02,5.904805e-02,3.292630e-02,1.858544e-02,6.409652e-04,5.620942e-02,4.678449e-01,1.097597e-02,9.049173e-02,4.118570e-03,4.698772e-03,9.887312e-02,2.584833e-02
9.060481e-03,5.599313e-02,4.045497e-02,8.323812e-02,2.654797e-02,1.676239e-02,5.091304e-04,4.168113e-02,5.247042e-01,2.096859e-02,6.447151e-02,3.066249e-03,4.121299e-03,7.079796e-02,3.762289e-02
1.384966e-02,5.372316e-02,3.566515e-02,7.175002e-02,2.252829e-02,2.666176e-02,5.328241e-04,3.257610e-02,5.294302e-01,2.193052e-02,4.734384e-02,2.759761e-03,4.408098e-03,5.302604e-02,8.381466e-02
2.072749e-02,4.741713e-02,3.271507e-02,8.619835e-02,1.969215e-02,3.622462e-02,6.039355e-04,3.639475e-02,5.364683e-01,2.004541e-02,3.690774e-02,3.199202e-03,4.826844e-03,3.938795e-02,7.919111e-02
6.966062e-02,4.248307e-02,3.992712e-02,7.354759e-02,2.276494e-02,5.188147e-02,9.720976e-04,5.716550e-02,4.636020e-01,2.119397e-02,3.176941e-02,4.804006e-03,5.702897e-03,3.828713e-02,7.623822e-02
6.369771e-02,3.523647e-02,3.699806e-02,1.036338e-01,1.976565e-02,4.188227e-02,7.738207e-04,5.027312e-02,4.377317e-01,2.348733e-02,4.560857e-02,5.603807e-03,1.132051e-02,2.886426e-02,9.512302e-02
4.763732e-02,2.738987e-02,3.061209e-02,1.193533e-01,1.916390e-02,3.109466e-02,6.445788e-04,4.161513e-02,3.819259e-01,2.495832e-02,1.372375e-01,8.962044e-03,1.812294e-02,2.211537e-02,8.916719e-02
4.055084e-02,2.378955e-02,2.298130e-02,9.985693e-02,2.364623e-02,2.424496e-02,5.207145e-04,2.970439e-02,2.959327e-01,2.221914e-02,2.787188e-01,7.943398e-03,2.759134e-02,2.867223e-02,7.362750e-02
3.081659e-02,1.905902e-02,1.712410e-02,9.294177e-02,2.335378e-02,1.898718e-02,4.122612e-04,2.115869e-02,2.698665e-01,1.965385e-02,3.522479e-01,7.137422e-03,3.171479e-02,3.702575e-02,5.850039e-02
2.283509e-02,1.478070e-02,1.280226e-02,6.962464e-02,1.962166e-02,1.390966e-02,3.197650e-04,1.491189e-02,2.305367e-01,1.615581e-02,4.421722e-01,6.172049e-03,3.218692e-02,5.826719e-02,4.570346e-02
1.686675e-02,1.381815e-02,1.065873e-02,5.135636e-02,1.545294e-02,1.295689e-02,2.894696e-04,1.090435e-02,2.805410e-01,1.659506e-02,3.542790e-01,6.234558e-03,3.166828e-02,1.299329e-01,4.844559e-02
1.310615e-02,1.411376e-02,9.167922e-03,3.727992e-02,1.192949e-02,1.067533e-02,2.277562e-04,7.780610e-03,3.480216e-01,1.569357e-02,3.003479e-01,5.518993e-03,2.613194e-02,1.576213e-01,4.238372e-02
1.100717e-02,1.132519e-02,6.972618e-03,2.646511e-02,9.050899e-03,8.011186e-03,1.777123e-04,5.497251e-03,4.431559e-01,1.204460e-02,2.393237e-01,4.346360e-03,1.959567e-02,1.674198e-01,3.560684e-02
1.050265e-02,1.072220e-02,5.865497e-03,1.887611e-02,6.667024e-03,7.446887e-03,1.500603e-04,3.926622e-03,5.091116e-01,8.883638e-03,1.767294e-01,3.384429e-03,1.446015e-02,1.914417e-01,3.183200e-02
