1.000000e+00,0.000000e+00,0.000000e+00,0.000000e+00,0.000000e+00,0.000000e+00,0.000000e+00,0.000000e+00,0.000000e+00,0.000000e+00,0.000000e+00,0.000000e+00,0.000000e+00,0.000000e+00,0.000000e+00
1.000000e+00,0.000000e+00,0.000000e+00,0.000000e+00,0.000000e+00,0.000000e+00,0.000000e+00,0.000000e+00,0.000000e+00,0.000000e+00,0.000000e+00,0.000000e+00,0.000000e+00,0.000000e+00,0.000000e+00
1.000000e+00,0.000000e+00,0.000000e+00,0.000000e+00,0.000000e+00,0.000000e+00,0.000000e+00,0.000000e+00,0.000000e+00,0.000000e+00,0.000000e+00,0.000000e+00,0.000000e+00,0.000000e+00,0.000000e+00
1.000000e+00,0.000000e+00,0.000000e+00,0.000000e+00,0.000000e+00,0.000000e+00,0.000000e+00,0.000000e+00,0.000000e+00,0.000000e+00,0.000000e+00,0.000000e+00,0.000000e+00,0.000000e+00,0.000000e+00
1.000000e+00,0.000000e+00,0.000000e+00,0.000000e+00,0.000000e+00,0.000000e+00,0.000000e+00,0.000000e+00,0.000000e+00,0.000000e+00,0.000000e+00,0.000000e+00,0.000000e+00,0.000000e+00,0.000000e+00
1.000000e+00,0.000000e+00,0.000000e+00,0.000000e+00,0.000000e+00,0.000000e+00,0.000000e+00,0.000000e+00,0.000000e+00,0.000000e+00,0.000000e+00,0.000000e+00,0.000000e+00,0.000000e+00,0.000000e+00
1.000000e+00,0.000000e+00,0.000000e+00,0.000000e+00,0.000000e+00,0.000000e+00,0.000000e+00,0.000000e+00,0.000000e+00,0.000000e+00,0.000000e+00,0.000000e+00,0.000000e+00,0.000000e+00,0.000000e+00
1.000000e+00,0.000000e+00,0.000000e+00,0.000000e+00,0.000000e+00,0.000000e+00,0.000000e+00,0.000000e+00,0.000000e+00,0.000000e+00,0.000000e+00,0.000000e+00,0.000000e+00,0.000000e+00,0.000000e+00
1.000000e+00,0.000000e+00,0.000000e+00,0.000000e+00,0.000000e+00,0.000000e+00,0.000000e+00,0.000000e+00,0.000000e+00,0.000000e+00,0.000000e+00,0.000000e+00,0.000000e+00,0.000000e+00,0.000000e+00
1.000000e+00,0.000000e+00,0.000000e+00,0.000000e+00,0.000000e+00,0.000000e+00,0.000000e+00,0.000000e+00,0.000000e+00,0.000000e+00,0.000000e+00,0.000000e+00,0.000000e+00,0.000000e+00,0.000000e+00
1.000000e+00,0.000000e+00,0.000000e+00,0.000000e+00,0.000000e+00,0.000000e+00,0.000000e+00,0.000000e+00,0.000000e+00,0.000000e+00,0.000000e+00,0.000000e+00,0.000000e+00,0.000000e+00,0.000000e+00
1.000000e+00,0.000000e+00,0.000000e+00,0.000000e+00,0.000000e+00,0.000000e+00,0.000000e+00,0.000000e+00,0.000000e+00,0.000000e+00,0.000000e+00,0.000000e+00,0.000000e+00,0.000000e+00,0.000000e+00
1.000000e+00,0.000000e+00,0.000000e+00,0.000000e+00,0.000000e+00,0.000000e+00,0.000000e+00,0.000000e+00,0.000000e+00,0.000000e+00,0.000000e+00,0.000000e+00,0.000000e+00,0.000000e+00,0.000000e+00
1.000000e+00,0.000000e+00,0.000000e+00,0.000000e+00,0.000000e+00,0.000000e+00,0.000000e+00,0.000000e+00,0.000000e+00,0.000000e+00,0.000000e+00,0.000000e+00,0.000000e+00,0.000000e+00,0.000000e+00
1.000000e+00,0.000000e+00,0.000000e+00,0.000000e+00,0.000000e+00,0.000000e+00,0.000000e+00,0.000000e+00,0.000000e+00,0.000000e+00,0.000000e+00,0.000000e+00,0.000000e+00,0.000000e+00,0.000000e+00
1.000000e+00,0.000000e+00,0.000000e+00,0.000000e+00,0.000000e+00,0.000000e+00,0.000000e+00,0.000000e+00,0.000000e+00,0.000000e+00,0.000000e+00,0.000000e+00,0.000000e+00,0.000000e+00,0.000000e+00
1.000000e+00,0.000000e+00,0.000000e+00,0.000000e+00,0.000000e+00,0.000000e+00,0.000000e+00,0.000000e+00,0.000000e+00,0.000000e+00,0.000000e+00,0.000000e+00,0.000000e+00,0.000000e+00,0.000000e+00
1.000000e+00,0.000000e+00,0.000000e+00,0.000000e+00,0.000000e+00,0.000000e+00,0.000000e+00,0.000000e+00,0.000000e+00,0.000000e+00,0.000000e+00,0.000000e+00,0.000000e+00,0.000000e+00,0.000000e+00
1.000000e+00,0.000000e+00,0.000000e+00,0.000000e+00,0.000000e+00,0.000000e+00,0.000000e+00,0.000000e+00,0.000000e+00,0.000000e+00,0.000000e+00,0.000000e+00,0.000000e+00,0.000000e+00,0.000000e+00
1.000000e+00,0.000000e+00,0.000000e+00,0.000000e+00,0.000000e+00,0.000000e+00,0.000000e+00,0.000000e+00,0.000000e+00,0.000000e+00,0.000000e+00,0.000000e+00,0.000000e+00,0.000000e+00,0.000000e+00
1.000000e+00,0.000000e+00,0.000000e+00,0.000000e+00,0.000000e+00,0.000000e+00,0.000000e+00,0.000000e+00,0.000000e+00,0.000000e+00,0.000000e+00,0.000000e+00,0.000000e+00,0.000000e+00,0.000000e+00
1.000000e+00,0.000000e+00,0.000000e+00,0.000000e+00,0.000000e+00,0.000000e+00,0.000000e+00,0.000000e+00,0.000000e+00,0.000000e+00,0.000000e+00,0.000000e+00,0.000000e+00,0.000000e+00,0.000000e+00
1.000000e+00,0.000000e+00,0.000000e+00,0.000000e+00,0.000000e+00,0.000000e+00,0.000000e+00,0.000000e+00,0.000000e+00,0.000000e+00,0.000000e+00,0.000000e+00,0.000000e+00,0.000000e+00,0.000000e+00
1.000000e+00,0.000000e+00,0.000000e+00,0.000000e+00,0.000000e+00,0.000000e+00,0.000000e+00,0.000000e+00,0.000000e+00,0.000000e+00,0.000000e+00,0.000000e+00,0.000000e+00,0.000000e+00,0.000000e+00
1.000000e+00,0.000000e+00,0.000000e+00,0.000000e+00,0.000000e+00,0.000000e+00,0.000000e+00,0.000000e+00,0.000000e+00,0.000000e+00,0.000000e+00,0.000000e+00,0.000000e+00,0.000000e+00,0.000000e+00
1.000000e+00,0.000000e+00,0.000000e+00,0.000000e+00,0.000000e+00,0.000000e+00,0.000000e+00,0.000000e+00,0.000000e+00,0.000000e+00,0.000000e+00,0.000000e+00,0.000000e+00,0.000000e+00,0.000000e+00
1.000000e+00,0.000000e+00,0.000000e+00,0.000000e+00,0.000000e+00,0.000000e+00,0.000000e+00,0.000000e+00,0.000000e+00,0.000000e+00,0.000000e+00,0.000000e+00,0.000000e+00,0.000000e+00,0.000000e+00
1.000000e+00,0.000000e+00,0.000000e+00,0.000000e+00,0.000000e+00,0.000000e+00,0.000000e+00,0.000000e+00,0.000000e+00,0.000000e+00,0.000000e+00,0.000000e+00,0.000000e+00,0.000000e+00,0.000000e+00
1.000000e+00,0.000000e+00,0.000000e+00,0.000000e+00,0.000000e+00,0.000000e+00,0.000000e+00,0.000000e+00,0.000000e+00,0.000000e+00,0.000000e+00,0.000000e+00,0.000000e+00,0.000000e+00,0.000000e+00
1.000000e+00,0.000000e+00,0.000000e+00,0.000000e+00,0.000000e+00,0.000000e+00,0.000000e+00,0.000000e+00,0.000000e+00,0.000000e+00,0.000000e+00,0.000000e+00,0.000000e+00,0.000000e+00,0.000000e+00
1.000000e+00,0.000000e+00,0.000000e+00,0.000000e+00,0.000000e+00,0.000000e+00,0.000000e+00,0.000000e+00,0.000000e+00,0.000000e+00,0.000000e+00,0.000000e+00,0.000000e+00,0.000000e+00,0.000000e+00
1.000000e+00,0.000000e+00,0.000000e+00,0.000000e+00,0.000000e+00,0.000000e+00,0.000000e+00,0.000000e+00,0.000000e+00,0.000000e+00,0.000000e+00,0.000000e+00,0.000000e+00,0.000000e+00,0.000000e+00
1.000000e+00,0.000000e+00,0.000000e+00,0.000000e+00,0.000000e+00,0.000000e+00,0.000000e+00,0.000000e+00,0.000000e+00,0.000000e+00,0.000000e+00,0.000000e+00,0.000000e+00,0.000000e+00,0.000000e+00
1.000000e+00,0.000000e+00,0.000000e+00,0.000000e+00,0.000000e+00,0.000000e+00,0.000000e+00,0.000000e+00,0.000000e+00,0.000000e+00,0.000000e+00,0.000000e+00,0.000000e+00,0.000000e+00,0.000000e+00
1.000000e+00,0.000000e+00,0.000000e+00,0.000000e+00,0.000000e+00,0.000000e+00,0.000000e+00,0.000000e+00,0.000000e+00,0.000000e+00,0.000000e+00,0.000000e+00,0.000000e+00,0.000000e+00,0.000000e+00
1.000000e+00,0.000000e+00,0.000000e+00,0.000000e+00,0.000000e+00,0.000000e+00,0.000000e+00,0.000000e+00,0.000000e+00,0.000000e+00,0.000000e+00,0.000000e+00,0.000000e+00,0.000000e+00,0.000000e+00
1.000000e+00,0.000000e+00,0.000000e+00,0.000000e+00,0.000000e+00,0.000000e+00,0.000000e+00,0.000000e+00,0.000000e+00,0.000000e+00,0.000000e+00,0.000000e+00,0.000000e+00,0.000000e+00,0.000000e+00
1.000000e+00,0.000000e+00,0.000000e+00,0.000000e+00,0.000000e+00,0.000000e+00,0.000000e+00,0.000000e+00,0.000000e+00,0.000000e+00,0.000000e+00,0.000000e+00,0.000000e+00,0.000000e+00,0.000000e+00
1.000000e+00,0.000000e+00,0.000000e+00,0.000000e+00,0.000000e+00,0.000000e+00,0.000000e+00,0.000000e+00,0.000000e+00,0.000000e+00,0.000000e+00,0.000000e+00,0.000000e+00,0.000000e+00,0.000000e+00
1.000000e+00,0.000000e+00,0.000000e+00,0.000000e+00,0.000000e+00,0.000000e+00,0.000000e+00,0.000000e+00,0.000000e+00,0.000000e+00,0.000000e+00,0.000000e+00,0.000000e+00,0.000000e+00,0.000000e+00
1.000000e+00,0.000000e+00,0.000000e+00,0.000000e+00,0.000000e+00,0.000000e+00,0.000000e+00,0.000000e+00,0.000000e+00,0.000000e+00,0.000000e+00,0.000000e+00,0.000000e+00,0.000000e+00,0.000000e+00
1.000000e+00,0.000000e+00,0.000000e+00,0.000000e+00,0.000000e+00,0.000000e+00,0.000000e+00,0.000000e+00,0.000000e+00,0.000000e+00,0.000000e+00,0.000000e+00,0.000000e+00,0.000000e+00,0.000000e+00
1.000000e+00,0.000000e+00,0.000000e+00,0.000000e+00,0.000000e+00,0.000000e+00,0.000000e+00,0.000000e+00,0.000000e+00,0.000000e+00,0.000000e+00,0.000000e+00,0.000000e+00,0.000000e+00,0.000000e+00
1.000000e+00,0.000000e+00,0.000000e+00,0.000000e+00,0.000000e+00,0.000000e+00,0.000000e+00,0.000000e+00,0.000000e+00,0.000000e+00,0.000000e+00,0.000000e+00,0.000000e+00,0.000000e+00,0.000000e+00
1.000000e+00,0.000000e+00,0.000000e+00,0.000000e+00,0.000000e+00,0.000000e+00,0.000000e+00,0.000000e+00,0.000000e+00,0.000000e+00,0.000000e+00,0.000000e+00,0.000000e+00,0.000000e+00,0.000000e+00
1.000000e+00,0.000000e+00,0.000000e+00,0.000000e+00,0.000000e+00,0.000000e+00,0.000000e+00,0.000000e+00,0.000000e+00,0.000000e+00,0.000000e+00,0.000000e+00,0.000000e+00,0.000000e+00,0.000000e+00
1.000000e+00,0.000000e+00,0.000000e+00,0.000000e+00,0.000000e+00,0.000000e+00,0.000000e+00,0.000000e+00,0.000000e+00,0.000000e+00,0.000000e+00,0.000000e+00,0.000000e+00,0.000000e+00,0.000000e+00
1.000000e+00,0.000000e+00,0.000000e+00,0.000000e+00,0.000000e+00,0.000000e+00,0.000000e+00,0.000000e+00,0.000000e+00,0.000000e+00,0.000000e+00,0.000000e+00,0.000000e+00,0.000000e+00,0.000000e+00
1.000000e+00,0.000000e+00,0.000000e+00,0.000000e+00,0.000000e+00,0.000000e+00,0.000000e+00,0.000000e+00,0.000000e+00,0.000000e+00,0.000000e+00,0.000000e+00,0.000000e+00,0.000000e+00,0.000000e+00
1.000000e+00,0.000000e+00,0.000000e+00,0.000000e+00,0.000000e+00,0.000000e+00,0.000000e+00,0.000000e+00,0.000000e+00,0.000000e+00,0.000000e+00,0.000000e+00,0.000000e+00,0.000000e+00,0.000000e+00
1.000000e+00,0.000000e+00,0.000000e+00,0.000000e+00,0.000000e+00,0.000000e+00,0.000000e+00,0.000000e+00,0.000000e+00,0.000000e+00,0.000000e+00,0.000000e+00,0.000000e+00,0.000000e+00,0.000000e+00
1.000000e+00,0.000000e+00,0.000000e+00,0.000000e+00,0.000000e+00,0.000000e+00,0.000000e+00,0.000000e+00,0.000000e+00,0.000000e+00,0.000000e+00,0.000000e+00,0.000000e+00,0.000000e+00,0.000000e+00
1.000000e+00,0.000000e+00,0.000000e+00,0.000000e+00,0.000000e+00,0.000000e+00,0.000000e+00,0.000000e+00,0.000000e+00,0.000000e+00,0.000000e+00,0.000000e+00,0.000000e+00,0.000000e+00,0.000000e+00
1.000000e+00,0.000000e+00,0.000000e+00,0.000000e+00,0.000000e+00,0.000000e+00,0.000000e+00,0.000000e+00,0.000000e+00,0.000000e+00,0.000000e+00,0.000000e+00,0.000000e+00,0.000000e+00,0.000000e+00
1.000000e+00,0.000000e+00,0.000000e+00,0.000000e+00,0.000000e+00,0.000000e+00,0.000000e+00,0.000000e+00,0.000000e+00,0.000000e+00,0.000000e+00,0.000000e+00,0.000000e+00,0.000000e+00,0.000000e+00
1.000000e+00,0.000000e+00,0.000000e+00,0.000000e+00,0.000000e+00,0.000000e+00,0.000000e+00,0.000000e+00,0.000000e+00,0.000000e+00,0.000000e+00,0.000000e+00,0.000000e+00,0.000000e+00,0.000000e+00
1.000000e+00,0.000000e+00,0.000000e+00,0.000000e+00,0.000000e+00,0.000000e+00,0.000000e+00,0.000000e+00,0.000000e+00,0.000000e+00,0.000000e+00,0.000000e+00,0.000000e+00,0.000000e+00,0.000000e+00
1.000000e+00,0.000000e+00,0.000000e+00,0.000000e+00,0.000000e+00,0.000000e+00,0.000000e+00,0.000000e+00,0.000000e+00,0.000000e+00,0.000000e+00,0.000000e+00,0.000000e+00,0.000000e+00,0.000000e+00
1.000000e+00,0.000000e+00,0.000000e+00,0.000000e+00,0.000000e+00,0.000000e+00,0.000000e+00,0.000000e+00,0.000000e+00,0.000000e+00,0.000000e+00,0.000000e+00,0.000000e+00,0.000000e+00,0.000000e+00
1.000000e+00,0.000000e+00,0.000000e+00,0.000000e+00,0.000000e+00,0.000000e+00,0.000000e+00,0.000000e+00,0.000000e+00,0.000000e+00,0.000000e+00,0.000000e+00,0.000000e+00,0.000000e+00,0.000000e+00
1.000000e+00,0.000000e+00,0.000000e+00,0.000000e+00,0.000000e+00,0.000000e+00,0.000000e+00,0.000000e+00,0.000000e+00,0.000000e+00,0.000000e+00,0.000000e+00,0.000000e+00,0.000000e+00,0.000000e+00
4.237374e-01,8.360736e-02,1.921047e-02,2.888745e-01,5.812373e-03,1.011854e-02,3.493173e-03,6.040529e-03,1.100694e-02,6.409849e-03,6.321849e-03,1.410093e-02,1.219759e-02,2.235876e-03,1.068327e-01
3.010203e-01,6.068569e-02,1.477088e-02,3.812359e-01,5.190049e-03,7.699730e-03,2.560507e-03,4.327714e-03,9.323305e-03,1.162325e-02,7.018782e-02,3.524282e-02,1.831122e-02,1.696753e-03,7.612412e-02
2.287771e-01,4.320068e-02,1.065794e-02,3.366108e-01,4.289120e-03,6.453692e-03,1.843180e-03,3.116421e-03,9.086648e-03,1.236356e-02,9.607020e-02,9.569446e-02,9.519595e-02,1.384559e-03,5.525574e-02
1.688076e-01,3.125127e-02,7.704837e-03,3.302489e-01,7.462872e-03,7.593770e-03,1.641052e-03,2.535117e-03,1.515633e-02,9.645947e-03,8.895674e-02,1.433164e-01,1.417079e-01,1.398844e-03,4.257241e-02
1.238585e-01,2.229935e-02,5.693868e-03,2.481794e-01,7.258663e-03,9.163099e-03,1.441227e-03,2.033947e-03,1.368099e-02,7.622243e-03,7.213990e-02,2.409674e-01,2.125475e-01,1.429004e-03,3.168492e-02
8.965163e-02,1.602036e-02,4.981273e-03,1.939550e-01,7.164740e-03,4.818355e-02,1.666477e-03,1.790841e-03,1.959781e-02,6.256135e-03,5.895353e-02,3.422301e-01,1.803511e-01,2.290667e-03,2.690672e-02
6.501924e-02,1.179818e-02,4.259545e-03,1.435514e-01,8.439207e-03,3.693618e-02,1.695472e-03,1.562850e-03,2.722339e-02,5.136059e-03,4.825965e-02,3.606896e-01,2.631092e-01,2.085337e-03,2.023470e-02
4.897511e-02,8.888605e-03,3.378134e-03,1.032282e-01,7.033606e-03,3.083708e-02,1.587242e-03,1.363636e-03,4.222150e-02,4.929047e-03,4.024512e-02,3.424394e-01,3.445572e-01,3.667195e-03,1.664897e-02
4.127132e-02,7.077017e-03,2.945544e-03,7.409774e-02,8.928047e-03,2.787933e-02,1.839504e-03,1.534785e-03,5.059492e-02,7.255164e-03,3.733508e-02,3.273899e-01,3.948026e-01,3.302196e-03,1.374688e-02
4.943289e-02,8.258373e-03,3.742486e-03,5.272907e-02,8.291212e-03,2.969931e-02,2.774986e-03,3.282517e-03,7.103392e-02,6.378500e-03,3.296309e-02,3.673970e-01,3.481215e-01,2.993178e-03,1.290197e-02
5.600201e-02,6.835599e-03,2.937294e-03,3.786793e-02,6.460759e-03,3.076516e-02,2.458765e-03,2.829643e-03,6.700635e-02,5.984749e-03,2.832596e-02,3.802844e-01,3.572459e-01,3.350763e-03,1.164473e-02
5.628352e-02,5.322796e-03,2.188993e-03,2.736098e-02,5.037592e-03,7.710419e-02,2.130847e-03,2.225767e-03,5.699517e-02,5.402411e-03,2.656857e-02,3.945031e-01,3.267227e-01,3.372168e-03,8.781240e-03
4.754067e-02,4.536213e-03,2.044411e-03,2.067877e-02,5.038884e-03,7.303178e-02,1.703288e-03,2.073278e-03,6.176470e-02,5.023653e-03,3.195896e-02,4.300320e-01,3.046079e-01,3.278349e-03,6.687151e-03
3.475075e-02,3.316647e-03,1.512862e-03,1.471032e-02,3.719854e-03,6.510613e-02,1.425688e-03,1.573245e-03,4.730219e-02,4.713967e-03,2.924344e-02,5.442784e-01,2.401767e-01,3.190883e-03,4.978906e-03
2.632400e-02,2.857450e-03,1.182854e-03,1.060334e-02,3.343065e-03,5.334724e-02,1.167224e-03,1.404139e-03,4.216449e-02,4.027267e-03,2.731301e-02,6.357799e-01,1.833907e-01,3.238625e-03,3.856796e-03
2.682604e-02,3.538057e-03,1.747519e-03,9.717781e-03,5.856722e-03,4.396535e-02,1.623421e-03,1.753659e-03,5.290850e-02,9.662092e-03,3.083745e-02,6.556243e-01,1.477602e-01,4.694412e-03,3.484460e-03
2.247043e-02,1.530557e-02,7.318660e-03,8.245068e-03,4.903695e-02,4.059967e-02,3.305893e-03,2.798534e-03,1.839516e-01,9.402173e-03,2.996208e-02,5.116146e-01,1.088699e-01,4.003677e-03,3.115169e-03
1.739653e-02,2.831570e-02,1.003667e-02,7.598584e-03,4.125869e-02,6.241554e-02,2.962072e-03,8.504928e-03,2.033358e-01,1.098820e-02,2.789059e-02,4.853719e-01,8.650821e-02,3.849311e-03,3.567253e-03
1.616940e-02,2.425689e-02,8.526622e-03,1.013691e-02,3.910471e-02,7.018576e-02,2.383298e-03,1.104591e-02,2.438272e-01,1.404526e-02,3.922371e-02,4.194275e-01,9.214926e-02,5.497077e-03,4.020444e-03
1.509769e-02,1.830613e-02,7.480646e-03,1.993512e-02,3.359713e-02,6.226219e-02,2.384120e-03,1.482107e-02,2.234916e-01,1.349366e-02,9.656709e-02,3.600428e-01,1.185128e-01,8.321251e-03,5.686630e-03
3.385968e-02,1.419949e-02,5.772918e-03,1.903325e-02,3.334434e-02,5.832640e-02,2.262812e-03,1.171273e-02,2.525517e-01,1.200826e-02,1.221043e-01,3.068545e-01,1.115591e-01,1.129079e-02,5.119623e-03
4.668440e-02,1.243019e-02,5.447714e-03,2.393056e-02,3.634057e-02,6.490756e-02,2.309064e-03,1.107293e-02,2.121483e-01,1.350604e-02,1.738774e-01,2.481057e-01,1.038982e-01,3.961321e-02,5.728130e-03
4.050948e-02,1.024200e-02,4.258309e-03,2.050645e-02,3.143996e-02,7.588426e-02,1.922852e-03,1.048531e-02,1.730017e-01,1.737751e-02,2.045962e-01,2.532841e-01,1.135947e-01,3.673857e-02,6.158664e-03
4.368104e-02,1.046600e-02,4.646116e-03,1.845688e-02,2.769760e-02,1.000719e-01,2.498088e-03,1.062653e-02,1.552633e-01,2.558007e-02,2.087480e-01,2.572206e-01,9.986585e-02,2.901572e-02,6.162312e-03
3.817371e-02,1.294692e-02,3.990063e-03,1.834149e-02,2.353681e-02,8.685646e-02,2.309609e-03,8.919392e-03,1.482471e-01,2.223865e-02,1.886501e-01,3.248930e-01,8.966185e-02,2.458182e-02,6.653107e-03
3.622205e-02,1.458049e-02,3.443101e-03,1.516241e-02,2.127061e-02,8.314630e-02,2.652805e-03,7.455509e-03,1.602491e-01,2.249740e-02,1.586958e-01,3.584279e-01,8.798449e-02,2.046617e-02,7.745909e-03
3.725651e-02,1.529407e-02,7.054217e-03,1.505850e-02,2.833612e-02,7.288814e-02,4.344190e-03,1.449646e-02,1.571358e-01,2.397614e-02,1.319238e-01,3.779522e-01,8.026871e-02,2.563470e-02,8.380524e-03
4.068149e-02,1.975687e-02,6.465388e-03,1.222371e-02,3.376887e-02,6.570753e-02,6.334105e-03,1.454795e-02,1.492337e-01,2.218410e-02,1.013388e-01,4.117729e-01,8.846933e-02,1.961891e-02,7.896434e-03
5.453820e-02,1.782617e-02,1.011379e-02,1.712903e-02,4.971544e-02,8.048298e-02,1.158781e-02,5.044018e-02,1.350134e-01,3.002467e-02,8.143128e-02,3.390189e-01,9.519047e-02,2.007899e-02,7.408729e-03
5.296052e-02,2.638039e-02,1.030446e-02,1.652875e-02,5.415209e-02,8.541228e-02,1.670701e-02,3.789200e-02,1.975345e-01,2.461687e-02,7.063547e-02,2.665065e-01,1.131233e-01,1.865958e-02,8.586342e-03
5.291315e-02,3.960564e-02,1.229909e-02,1.787647e-02,4.989441e-02,1.029400e-01,1.700405e-02,3.097632e-02,2.282384e-01,2.378463e-02,6.355209e-02,2.033936e-01,1.189194e-01,2.002859e-02,1.857413e-02
7.382687e-02,3.829192e-02,1.160411e-02,8.768773e-02,4.065924e-02,7.790753e-02,1.283186e-02,2.277512e-02,2.896574e-01,2.132216e-02,5.348036e-02,1.464225e-01,8.945470e-02,1.603802e-02,1.804050e-02
1.084509e-01,3.769711e-02,9.785792e-03,1.174166e-01,3.601911e-02,6.481974e-02,9.610083e-03,1.729142e-02,2.570872e-01,2.714061e-02,7.758612e-02,1.134076e-01,7.006038e-02,1.735797e-02,3.626935e-02
1.257543e-01,3.714646e-02,1.553058e-02,1.553261e-01,7.192366e-02,5.184255e-02,9.726698e-03,1.575474e-02,2.269796e-01,2.378965e-02,7.273141e-02,8.926257e-02,5.752350e-02,1.726914e-02,2.943910e-02
1.030499e-01,4.029328e-02,1.250334e-02,1.235171e-01,7.088161e-02,4.711065e-02,9.346905e-03,1.181672e-02,2.450947e-01,1.968490e-02,9.802367e-02,8.639324e-02,7.939388e-02,1.957667e-02,3.331349e-02
1.003641e-01,3.659654e-02,1.159451e-02,1.228058e-01,5.925928e-02,4.018258e-02,8.245255e-03,1.355875e-02,2.677994e-01,1.965392e-02,1.106715e-01,7.126571e-02,8.653747e-02,2.277063e-02,2.869468e-02
9.809227e-02,4.166335e-02,8.594066e-03,8.967112e-02,4.434186e-02,6.298477e-02,7.190242e-03,1.105606e-02,2.653378e-01,1.679442e-02,1.075817e-01,7.250439e-02,1.098285e-01,2.902911e-02,3.533036e-02
1.099180e-01,4.172433e-02,6.392180e-03,6.462313e-02,3.555629e-02,1.266644e-01,6.464114e-03,9.594982e-03,2.664230e-01,1.353770e-02,8.817030e-02,6.921014e-02,1.003198e-01,2.875452e-02,3.264701e-02
1.270005e-01,5.224805e-02,5.812640e-03,4.937464e-02,3.912259e-02,1.484027e-01,7.411652e-03,1.343914e-02,2.344839e-01,1.272340e-02,6.552201e-02,6.941696e-02,1.137402e-01,2.712792e-02,3.417366e-02
1.080030e-01,5.571052e-02,8.495433e-03,6.488839e-02,3.348714e-02,1.662081e-01,6.304486e-03,5.296969e-02,2.230590e-01,1.172204e-02,5.870566e-02,5.326075e-02,9.324110e-02,3.136640e-02,3.257830e-02
1.122481e-01,7.898724e-02,9.876892e-03,5.234868e-02,3.293362e-02,1.488715e-01,6.799050e-03,5.194430e-02,1.916051e-01,1.143513e-02,4.889417e-02,4.521915e-02,1.453578e-01,2.694792e-02,3.653132e-02
1.133017e-01,6.578366e-02,1.996124e-02,5.309509e-02,5.855095e-02,1.259374e-01,1.010809e-02,7.050009e-02,1.671640e-01,1.032996e-02,4.425457e-02,3.778201e-02,1.529556e-01,3.093615e-02,3.933934e-02
1.258587e-01,6.384897e-02,2.301212e-02,4.842787e-02,6.473017e-02,1.058165e-01,1.064668e-02,6.588475e-02,1.533287e-01,1.056109e-02,3.794672e-02,3.063454e-02,1.730757e-01,2.779702e-02,5.843046e-02
1.144994e-01,5.226850e-02,1.042303e-01,3.939998e-02,5.075200e-02,7.721157e-02,9.591207e-03,5.906187e-02,1.184284e-01,1.383089e-02,3.100319e-02,2.800025e-02,2.231309e-01,2.212825e-02,5.646328e-02
8.541691e-02,3.722788e-02,2.828763e-01,3.138242e-02,3.906239e-02,5.476582e-02,7.480002e-03,5.087564e-02,8.861879e-02,2.850448e-02,2.610750e-02,2.058811e-02,1.845713e-01,1.626701e-02,4.625545e-02
1.037456e-01,2.768352e-02,3.897150e-01,2.847549e-02,3.313490e-02,3.924822e-02,5.833785e-03,3.870476e-02,6.553687e-02,3.365350e-02,2.152391e-02,1.574143e-02,1.414600e-01,1.274206e-02,4.280096e-02
7.726632e-02,2.050313e-02,5.409744e-01,2.209816e-02,2.495660e-02,2.768634e-02,4.402503e-03,2.796445e-02,4.912002e-02,3.390356e-02,1.527056e-02,1.109944e-02,9.922836e-02,9.016926e-03,3.650931e-02
6.529993e-02,2.342422e-02,6.059241e-01,1.727798e-02,2.137477e-02,2.004002e-02,3.659746e-03,2.222338e-02,4.081894e-02,3.558837e-02,1.086208e-02,7.913806e-03,6.990497e-02,7.246990e-03,4.844074e-02
5.525128e-02,1.955607e-02,6.053711e-01,1.654968e-02,2.370828e-02,1.470553e-02,3.169990e-03,4.719005e-02,3.450914e-02,3.260844e-02,7.790747e-03,5.613530e-03,4.933260e-02,6.568154e-03,7.807540e-02
6.182069e-02,2.076491e-02,5.186573e-01,1.764046e-02,3.262254e-02,1.246727e-02,3.690626e-03,7.364733e-02,3.179778e-02,5.602385e-02,5.745317e-03,4.068443e-03,3.586363e-02,6.990020e-03,1.181999e-01
7.172558e-02,2.632636e-02,4.649635e-01,1.785669e-02,3.976641e-02,1.013779e-02,3.885467e-03,9.805007e-02,3.281273e-02,6.264369e-02,4.229961e-03,3.066557e-03,2.575836e-02,7.238982e-03,1.315379e-01
7.196529e-02,4.731103e-02,4.387798e-01,1.432184e-02,3.576638e-02,7.857514e-03,4.605979e-03,1.044095e-01,3.442351e-02,5.755372e-02,3.086129e-03,2.581570e-03,1.858071e-02,6.892579e-03,1.518645e-01
7.603841e-02,5.324630e-02,3.668482e-01,1.268953e-02,3.457323e-02,6.343648e-03,5.059345e-03,1.576182e-01,2.889970e-02,5.056745e-02,2.355359e-03,3.378239e-03,1.410236e-02,6.881409e-03,1.813986e-01
8.644505e-02,6.261544e-02,3.145483e-01,1.093654e-02,3.135229e-02,4.858061e-03,4.027630e-03,1.746079e-01,2.341976e-02,4.412530e-02,1.985527e-03,3.806323e-03,1.050474e-02,6.724903e-03,2.200422e-01
1.607909e-01,1.054454e-01,2.304395e-01,1.208397e-02,3.633304e-02,4.923215e-03,3.762764e-03,1.610280e-01,2.696381e-02,4.440971e-02,1.786356e-03,4.621538e-03,8.413753e-03,6.381999e-03,1.926160e-01
2.523119e-01,1.233363e-01,1.735588e-01,9.500375e-03,3.815636e-02,4.480105e-03,2.997460e-03,1.493018e-01,3.142339e-02,3.330283e-02,1.741044e-03,5.077552e-03,6.777953e-03,6.455856e-03,1.615781e-01
3.471718e-01,1.059336e-01,1.414375e-01,1.212112e-02,3.799917e-02,5.850251e-03,3.024678e-03,1.442969e-01,4.117559e-02,2.537285e-02,1.723440e-03,4.920933e-03,6.444009e-03,5.454283e-03,1.170737e-01
2.939260e-01,1.032859e-01,1.542448e-01,1.314896e-02,2.825532e-02,5.267614e-03,2.178371e-03,1.020144e-01,3.511503e-02,2.216434e-02,6.812499e-02,5.516371e-03,8.574132e-03,4.605083e-02,1.121330e-01
2.814929e-01,9.560961e-02,1.287434e-01,1.598070e-02,2.197909e-02,8.345954e-03,1.751340e-03,7.384869e-02,4.713825e-02,3.390060e-02,9.108606e-02,6.471269e-03,1.236796e-02,8.562715e-02,9.565699e-02
2.080516e-01,6.920301e-02,1.023885e-01,1.321243e-02,1.595292e-02,6.578116e-03,1.408257e-03,5.380559e-02,3.841155e-02,2.930231e-02,1.324419e-01,1.304470e-02,1.202613e-02,2.326172e-01,7.155579e-02
1.780064e-01,5.100333e-02,7.835113e-02,1.035349e-02,1.187271e-02,5.657110e-03,1.271191e-03,4.037229e-02,3.215446e-02,2.912113e-02,1.727231e-01,1.530006e-02,1.287528e-02,3.040307e-01,5.690750e-02
2.323712e-01,3.745355e-02,6.001102e-02,9.485452e-03,9.630281e-03,5.760076e-03,1.692760e-03,3.051528e-02,3.411160e-02,3.447719e-02,1.919051e-01,1.731607e-02,1.129896e-02,2.764147e-01,4.755672e-02
2.071742e-01,2.797026e-02,4.607825e-02,9.916083e-03,7.921197e-03,5.749818e-03,1.581919e-03,2.247123e-02,3.408964e-02,3.867367e-02,2.758226e-01,2.015130e-02,9.302732e-03,2.484608e-01,4.463619e-02
1.826567e-01,2.106801e-02,3.290042e-02,8.268251e-03,7.028095e-03,7.580199e-03,1.310884e-03,1.625266e-02,2.560990e-02,3.058992e-02,4.083575e-01,2.427488e-02,7.747009e-03,1.941577e-01,3.219788e-02
1.524432e-01,1.686483e-02,2.370431e-02,7.390246e-03,6.650757e-03,8.315539e-03,1.213845e-03,1.183333e-02,2.150280e-02,2.406091e-02,5.038350e-01,2.074453e-02,6.037965e-03,1.720962e-01,2.330650e-02
1.211116e-01,1.300703e-02,1.736174e-02,9.667285e-03,7.169830e-03,1.120147e-02,1.259504e-03,9.036904e-03,2.084107e-02,2.076205e-02,5.816726e-01,1.959300e-02,5.313446e-03,1.447605e-01,1.724196e-02
9.925271e-02,1.013302e-02,1.258722e-02,8.952641e-03,5.603151e-03,9.579055e-03,9.710938e-04,6.700078e-03,1.655525e-02,1.539597e-02,6.609658e-01,1.631244e-02,5.843247e-03,1.178669e-01,1.328143e-02
8.127909e-02,8.140723e-03,9.703699e-03,8.277003e-03,5.696577e-03,8.169771e-03,8.542909e-04,5.630643e-03,1.496941e-02,1.210089e-02,6.810281e-01,1.498541e-02,5.435230e-03,1.333385e-01,1.039069e-02
7.615013e-02,1.242986e-02,8.240570e-03,1.150293e-02,9.199328e-03,9.021802e-03,8.986195e-04,5.526163e-03,2.389948e-02,1.142106e-02,6.497276e-01,1.413617e-02,5.076603e-03,1.531500e-01,9.619720e-03
5.381693e-02,9.292363e-03,5.884793e-03,8.895470e-03,8.850118e-03,7.141107e-03,7.047996e-04,4.092500e-03,2.248688e-02,1.032879e-02,7.269695e-01,1.165463e-02,5.126582e-03,1.176942e-01,7.061383e-03
4.199944e-02,9.229375e-03,4.677656e-03,7.487186e-03,1.152456e-02,7.297806e-03,7.994971e-04,4.068990e-03,3.332105e-02,1.082617e-02,7.503192e-01,1.181281e-02,4.629737e-03,9.592220e-02,6.084396e-03
4.982453e-02,1.696377e-02,6.422509e-03,7.931434e-03,1.502743e-02,1.148527e-02,1.170731e-03,1.157486e-02,5.714015e-02,1.243622e-02,6.885904e-01,1.451040e-02,4.728302e-03,9.408549e-02,8.108531e-03
5.083302e-02,2.154201e-02,5.880817e-03,8.133998e-03,3.809279e-02,1.999046e-02,1.517739e-03,9.974634e-03,1.156095e-01,1.612254e-02,5.871586e-01,1.761999e-02,5.333290e-03,9.111266e-02,1.107796e-02
5.624832e-02,4.547987e-02,1.013810e-02,6.786411e-03,3.504524e-02,3.273695e-02,1.446389e-03,1.109095e-02,1.360980e-01,1.602825e-02,5.387913e-01,2.010711e-02,5.002259e-03,7.405473e-02,1.094614e-02
5.333630e-02,6.687038e-02,1.577563e-02,5.723993e-03,2.686346e-02,2.810178e-02,1.144612e-03,1.659040e-02,1.151036e-01,1.468330e-02,5.668270e-01,1.820005e-02,4.288119e-03,5.532705e-02,1.116430e-02
4.587626e-02,8.732542e-02,2.694292e-02,4.784384e-03,3.951075e-02,4.316095e-02,1.582630e-03,1.819354e-02,1.605282e-01,1.377350e-02,4.779250e-01,1.881962e-02,4.043175e-03,4.357128e-02,1.396239e-02
3.450473e-02,7.378248e-02,3.812519e-02,4.130002e-03,3.351415e-02,8.288813e-02,1.417554e-03,5.306295e-02,2.282230e-01,1.070613e-02,3.762582e-01,1.501958e-02,4.398730e-03,3.221251e-02,1.175668e-02
2.760389e-02,6.669758e-02,1.039546e-01,5.869802e-03,2.894265e-02,9.129201e-02,1.269178e-03,1.059231e-01,2.270473e-01,8.893227e-03,2.806338e-01,1.177365e-02,4.280339e-03,2.391017e-02,1.190867e-02
2.328418e-02,8.520167e-02,1.247906e-01,4.685749e-03,2.683930e-02,8.099589e-02,1.135468e-03,1.468396e-01,2.564625e-01,6.556307e-03,2.054338e-01,8.494874e-03,3.275343e-03,1.700305e-02,9.001681e-03
1.895165e-02,1.478033e-01,9.505839e-02,7.105337e-03,2.346198e-02,7.714076e-02,9.998734e-04,1.225722e-01,3.275532e-01,4.915418e-03,1.462735e-01,6.055178e-03,2.718893e-03,1.223037e-02,7.160000e-03
1.600220e-02,2.084827e-01,8.549131e-02,2.092464e-02,1.870098e-02,8.616707e-02,8.489238e-04,9.593106e-02,3.159743e-01,5.890186e-03,1.051696e-01,4.793723e-03,4.187054e-03,9.125286e-03,2.231101e-02
2.153734e-02,1.959760e-01,6.282407e-02,1.692382e-02,5.707961e-02,7.629040e-02,1.305825e-03,8.621095e-02,3.650136e-01,4.323123e-03,7.812300e-02,4.155231e-03,4.826110e-03,8.072092e-03,1.733881e-02
1.959964e-02,2.099994e-01,4.640163e-02,1.997760e-02,5.187739e-02,6.721596e-02,1.180444e-03,9.923519e-02,3.970791e-01,3.245978e-03,5.579387e-02,3.180056e-03,5.358890e-03,6.125554e-03,1.372929e-02
2.124159e-02,1.735043e-01,3.644844e-02,7.445126e-02,5.282493e-02,6.627764e-02,9.179841e-04,1.024277e-01,3.759224e-01,4.831892e-03,5.257954e-02,5.636174e-03,9.413086e-03,4.795350e-03,1.872769e-02
2.111283e-02,1.387318e-01,3.119942e-02,7.959338e-02,5.877808e-02,1.126734e-01,9.193783e-04,1.197073e-01,3.431045e-01,5.009477e-03,4.189481e-02,4.714432e-03,1.241141e-02,5.565943e-03,2.458392e-02
2.046030e-02,1.086491e-01,2.490817e-02,1.188217e-01,5.033897e-02,1.390704e-01,8.194901e-04,9.878314e-02,3.152871e-01,8.520808e-03,3.752396e-02,4.429840e-03,1.396431e-02,5.999500e-03,5.242337e-02
3.328361e-02,7.943914e-02,2.306496e-02,1.486940e-01,4.820123e-02,1.306521e-01,8.647735e-04,7.453227e-02,2.548751e-01,7.411243e-03,4.881510e-02,1.919002e-02,8.049963e-02,7.032217e-03,4.344467e-02
6.010310e-02,6.926221e-02,2.056308e-02,1.275366e-01,3.672763e-02,1.059094e-01,8.179381e-04,5.340539e-02,1.948310e-01,6.196579e-03,4.888558e-02,4.478323e-02,1.809903e-01,1.068895e-02,3.929907e-02
4.750224e-02,5.108963e-02,1.489911e-02,1.100386e-01,2.618914e-02,7.678764e-02,8.656554e-04,3.813672e-02,1.499890e-01,4.869677e-03,5.265944e-02,7.410510e-02,3.077096e-01,1.170171e-02,3.345664e-02
4.055345e-02,3.721203e-02,1.062829e-02,8.958490e-02,1.918571e-02,5.626672e-02,8.209025e-04,2.711724e-02,1.235458e-01,3.958654e-03,4.385180e-02,7.989971e-02,4.286776e-01,1.118449e-02,2.751275e-02
4.052808e-02,2.656502e-02,7.619356e-03,6.693511e-02,1.406988e-02,4.747007e-02,1.020416e-03,1.989422e-02,9.328759e-02,3.317683e-03,3.652009e-02,8.125772e-02,5.280631e-01,1.122442e-02,2.222727e-02
3.635462e-02,1.963585e-02,5.494364e-03,4.864701e-02,1.024054e-02,3.971224e-02,9.084168e-04,1.433084e-02,7.273696e-02,3.568024e-03,3.647853e-02,1.411681e-01,5.368686e-01,1.546399e-02,1.839202e-02
3.156534e-02,1.501156e-02,3.991311e-03,3.510693e-02,7.771207e-03,3.148483e-02,7.689202e-04,1.020734e-02,6.265945e-02,4.424301e-03,3.393538e-02,2.064177e-01,5.241299e-01,1.780228e-02,1.472362e-02
2.605863e-02,1.161105e-02,2.981992e-03,2.539513e-02,5.872044e-03,2.632351e-02,8.031484e-04,7.468738e-03,5.456913e-02,4.481572e-03,3.137350e-02,2.568641e-01,5.123230e-01,2.138628e-02,1.248827e-02
2.648029e-02,9.109892e-03,2.138278e-03,1.817006e-02,4.298777e-03,2.133773e-02,7.160339e-04,5.448282e-03,4.704100e-02,3.780003e-03,2.844635e-02,3.405294e-01,4.639442e-01,1.852378e-02,1.003595e-02
2.318923e-02,6.877997e-03,1.517747e-03,1.281952e-02,3.055569e-03,1.597332e-02,5.329780e-04,3.860447e-03,3.707121e-02,3.088995e-03,2.318965e-02,4.829071e-01,3.638808e-01,1.472860e-02,7.306849e-03
2.067410e-02,5.233275e-03,1.090439e-03,9.087948e-03,2.197805e-03,1.374109e-02,4.386244e-04,2.754673e-03,2.887172e-02,2.556105e-03,1.879504e-02,5.902439e-01,2.880083e-01,1.107865e-02,5.228326e-03
2.044260e-02,4.078849e-03,7.992586e-04,6.495785e-03,1.616337e-03,1.526058e-02,3.962172e-04,2.015530e-03,2.325323e-02,2.421741e-03,1.542605e-02,6.720929e-01,2.234919e-01,8.385568e-03,3.823467e-03
2.325287e-02,4.972794e-03,6.905957e-04,4.949833e-03,1.455456e-03,2.456575e-02,4.207097e-04,1.752080e-03,2.652274e-02,2.634876e-03,1.568060e-02,6.771666e-01,2.058633e-01,7.040138e-03,3.031661e-03
2.218169e-02,8.162051e-03,7.521722e-04,4.131443e-03,1.648312e-03,3.186177e-02,7.251250e-04,1.499689e-03,5.763018e-02,3.084358e-03,1.654650e-02,6.679804e-01,1.755326e-01,5.532309e-03,2.731351e-03
2.069398e-02,1.118056e-02,1.100270e-03,3.848023e-03,3.461765e-03,4.218816e-02,4.522216e-03,1.870651e-03,1.705773e-01,5.220735e-03,1.767492e-02,5.406147e-01,1.687580e-01,4.384237e-03,3.904533e-03
2.179083e-02,1.620959e-02,9.998730e-04,3.526413e-03,3.015781e-03,4.275565e-02,3.697282e-03,1.803256e-03,1.860946e-01,4.772794e-03,1.697261e-02,5.314387e-01,1.587247e-01,4.317801e-03,3.880135e-03
3.729977e-02,2.905439e-02,8.834268e-04,3.174682e-03,2.925870e-03,4.372911e-02,3.171341e-03,2.105466e-03,1.826083e-01,4.577241e-03,1.688133e-02,4.976715e-01,1.660033e-01,5.697864e-03,4.216325e-03
2.824884e-02,2.612488e-02,9.060781e-04,2.790577e-03,3.397692e-03,4.546952e-02,3.307453e-03,2.314155e-03,2.072401e-01,3.905613e-03,1.914280e-02,4.779358e-01,1.698836e-01,5.066095e-03,4.266890e-03
2.709363e-02,3.209191e-02,1.590416e-03,6.316479e-03,5.281467e-03,7.694790e-02,2.915329e-03,3.063236e-03,2.114929e-01,4.054676e-03,2.351945e-02,4.370202e-01,1.574934e-01,6.042801e-03,5.076215e-03
3.019460e-02,2.942639e-02,1.482541e-03,7.221485e-03,7.524564e-03,1.254886e-01,2.706777e-03,2.714055e-03,2.441425e-01,4.458620e-03,3.520442e-02,3.657542e-01,1.298898e-01,8.207686e-03,5.583762e-03
7.256386e-02,2.851769e-02,2.787955e-03,8.630672e-03,2.720256e-02,1.067616e-01,1.107930e-02,1.966402e-02,2.385091e-01,5.060499e-03,4.522151e-02,3.090730e-01,1.094332e-01,1.043629e-02,5.058836e-03
1.021901e-01,3.211556e-02,3.263445e-03,9.182562e-03,3.187021e-02,9.901274e-02,8.400287e-03,1.785451e-02,2.116069e-01,5.848627e-03,7.069635e-02,2.885685e-01,9.471999e-02,1.854843e-02,6.121829e-03
1.228287e-01,2.995698e-02,4.032962e-03,8.057997e-03,3.685175e-02,1.386066e-01,6.744095e-03,1.598255e-02,1.809467e-01,6.645047e-03,9.751382e-02,2.494989e-01,7.374399e-02,2.240546e-02,6.184496e-03
1.135031e-01,3.486618e-02,3.955573e-03,6.673123e-03,3.385589e-02,1.452810e-01,5.567407e-03,1.439742e-02,1.713246e-01,9.564176e-03,1.326557e-01,2.296507e-01,6.209677e-02,2.414962e-02,1.245881e-02
1.533505e-01,3.613920e-02,4.311159e-03,7.342268e-03,3.061513e-02,1.285692e-01,5.100724e-03,1.483537e-02,1.519299e-01,9.119336e-03,1.729857e-01,1.956517e-01,5.412654e-02,2.251660e-02,1.340673e-02
1.708852e-01,4.153677e-02,3.849438e-03,6.794528e-03,2.719717e-02,1.522092e-01,4.687406e-03,1.422935e-02,1.453443e-01,8.303013e-03,1.544871e-01,1.878568e-01,4.830062e-02,2.026290e-02,1.405627e-02
2.295881e-01,4.868047e-02,3.663849e-03,7.012744e-03,2.667413e-02,1.461224e-01,5.462608e-03,1.532887e-02,1.380682e-01,6.649226e-03,1.231517e-01,1.718973e-01,4.279511e-02,1.914778e-02,1.575758e-02
2.037120e-01,5.431090e-02,3.061778e-03,5.452638e-03,2.150722e-02,1.729758e-01,5.111670e-03,1.286324e-02,1.249712e-01,4.957812e-03,9.365741e-02,2.316277e-01,3.973426e-02,1.435631e-02,1.170011e-02
2.617097e-01,5.989427e-02,2.453901e-03,4.662640e-03,1.803784e-02,1.450508e-01,4.995225e-03,1.234807e-02,1.298666e-01,3.755108e-03,6.902749e-02,2.350792e-01,3.316696e-02,1.043525e-02,9.516994e-03
3.175965e-01,5.509021e-02,1.948390e-03,3.973838e-03,1.719136e-02,1.296529e-01,5.032227e-03,1.109381e-02,1.238956e-01,2.811803e-03,5.061348e-02,2.375340e-01,2.784398e-02,7.637019e-03,8.084889e-03
3.380590e-01,6.196925e-02,1.737087e-03,3.660735e-03,2.021384e-02,1.264710e-01,6.107833e-03,9.963450e-03,1.262965e-01,2.176116e-03,3.754823e-02,2.261066e-01,2.622775e-02,5.784089e-03,7.678567e-03
3.812032e-01,7.777835e-02,1.616068e-03,3.897847e-03,1.935231e-02,1.105185e-01,5.819276e-03,9.746355e-03,1.233034e-01,1.703579e-03,2.875929e-02,1.982988e-01,2.557286e-02,4.600442e-03,7.829777e-03
3.766285e-01,8.158015e-02,1.884906e-03,3.087731e-03,1.683047e-02,8.537896e-02,5.806601e-03,9.541316e-03,9.945804e-02,1.335058e-03,2.130419e-02,2.638502e-01,2.319602e-02,3.516177e-03,6.601706e-03
4.388813e-01,9.677564e-02,1.836518e-03,3.414363e-03,1.718768e-02,6.934607e-02,5.778422e-03,9.794420e-03,9.025520e-02,1.150343e-03,1.553940e-02,2.170655e-01,2.190180e-02,2.880992e-03,8.192332e-03
1.000000e+00,0.000000e+00,0.000000e+00,0.000000e+00,0.000000e+00,0.000000e+00,0.000000e+00,0.000000e+00,0.000000e+00,0.000000e+00,0.000000e+00,0.000000e+00,0.000000e+00,0.000000e+00,0.000000e+00
4.519186e-01,9.987252e-02,2.032630e-02,3.471396e-02,3.094929e-02,5.392715e-02,2.105481e-02,2.018358e-02,8.468819e-02,2.964769e-03,8.674567e-03,1.203105e-01,3.379603e-02,1.978331e-03,1.464141e-02
4.185553e-01,8.131646e-02,2.604925e-02,3.338335e-02,2.986316e-02,5.180721e-02,4.700936e-02,5.462350e-02,7.534934e-02,2.891027e-03,6.950087e-03,9.176729e-02,6.106785e-02,1.686786e-03,1.768005e-02
4.143741e-01,7.774207e-02,2.153890e-02,4.035188e-02,2.404622e-02,4.947179e-02,3.600373e-02,4.041437e-02,6.812473e-02,2.831199e-03,5.301912e-03,6.614044e-02,1.329070e-01,1.402904e-03,1.934879e-02
3.227950e-01,5.665529e-02,1.591460e-02,3.149740e-02,1.873012e-02,4.441109e-02,2.892759e-02,2.838164e-02,5.063463e-02,2.442886e-03,4.655450e-03,4.916899e-02,3.222731e-01,2.741851e-03,2.077040e-02
2.907870e-01,4.089133e-02,1.350953e-02,2.409588e-02,1.642414e-02,3.848107e-02,2.488689e-02,2.037590e-02,3.759790e-02,2.279154e-03,4.674849e-03,4.628048e-02,3.998522e-01,3.681098e-03,3.618257e-02
2.246125e-01,3.021902e-02,1.017599e-02,1.835649e-02,1.389423e-02,3.127479e-02,2.049659e-02,1.431401e-02,2.770976e-02,4.452303e-03,1.003477e-02,7.011417e-02,4.576442e-01,4.100151e-03,6.260106e-02
1.678277e-01,2.386032e-02,9.717504e-03,1.395158e-02,1.315151e-02,2.639897e-02,1.505364e-02,1.002986e-02,2.042175e-02,6.475384e-03,1.660101e-02,6.830934e-02,4.493408e-01,5.086176e-03,1.537746e-01
1.503487e-01,1.756984e-02,7.593197e-03,1.105759e-02,1.014550e-02,2.707206e-02,1.202270e-02,7.057007e-03,1.554429e-02,1.152965e-02,1.610945e-02,6.873301e-02,4.551502e-01,6.350102e-03,1.837167e-01
1.158295e-01,1.249598e-02,5.693940e-03,8.397176e-03,7.505896e-03,2.551051e-02,8.926331e-03,5.063635e-03,1.143480e-02,2.212622e-02,2.350407e-02,1.910703e-01,4.143000e-01,4.939839e-03,1.432019e-01
8.377227e-02,8.847113e-03,4.314377e-03,6.229204e-03,5.455494e-03,2.127474e-02,6.435897e-03,3.626109e-03,8.440541e-03,4.683369e-02,2.695390e-02,2.440270e-01,4.104348e-01,3.725284e-03,1.196296e-01
5.956582e-02,6.238186e-03,3.214219e-03,4.710557e-03,4.050825e-03,4.549059e-02,4.851088e-03,2.749941e-03,6.433625e-03,6.360479e-02,3.791285e-02,2.758222e-01,3.835167e-01,3.298018e-03,9.854054e-02
4.229641e-02,4.457460e-03,2.585920e-03,3.561404e-03,3.319825e-03,3.578939e-02,3.504549e-03,2.196513e-03,4.854495e-03,9.281026e-02,6.718276e-02,3.224254e-01,3.287092e-01,3.017501e-03,8.328885e-02
2.995934e-02,3.295306e-03,2.006311e-03,2.839023e-03,2.644812e-03,2.755055e-02,2.552336e-03,1.696873e-03,6.839063e-03,1.508505e-01,7.076296e-02,3.800448e-01,2.549466e-01,3.154901e-03,6.085657e-02
2.127711e-02,2.338243e-03,1.492892e-03,2.104134e-03,2.857771e-03,1.982770e-02,1.922578e-03,1.447831e-03,5.771144e-03,2.724637e-01,7.849416e-02,3.511781e-01,1.925723e-01,2.663987e-03,4.358831e-02
1.530741e-02,1.704004e-03,1.138493e-03,2.034729e-03,9.099783e-03,1.421811e-02,2.446448e-03,2.072995e-03,7.480065e-03,3.335739e-01,7.791062e-02,3.457809e-01,1.536306e-01,2.286844e-03,3.131503e-02
1.346896e-02,1.259415e-03,1.360785e-03,3.012646e-03,3.983272e-02,1.267090e-02,2.667316e-02,5.879711e-02,6.226121e-03,3.333073e-01,7.514544e-02,2.753868e-01,1.282243e-01,2.453836e-03,2.218043e-02
1.345758e-02,1.002963e-03,1.681772e-03,3.771884e-03,5.493414e-02,1.233485e-02,2.283778e-02,6.514937e-02,5.702149e-03,3.577045e-01,6.603166e-02,2.804053e-01,9.617750e-02,2.997182e-03,1.581136e-02
1.754101e-02,8.585422e-04,1.603934e-03,6.244142e-03,5.947602e-02,1.581540e-02,1.957059e-02,5.964416e-02,5.685500e-03,3.737023e-01,5.561490e-02,2.790927e-01,7.734052e-02,1.624603e-02,1.156430e-02
2.165224e-02,7.857175e-04,2.011307e-03,6.042884e-03,6.700546e-02,1.203232e-02,1.632326e-02,6.431930e-02,5.436885e-03,3.745536e-01,4.338846e-02,2.912712e-01,5.929123e-02,2.662123e-02,9.265039e-03
2.003619e-02,6.995165e-04,1.698625e-03,6.602883e-03,5.562418e-02,9.499002e-03,1.305046e-02,5.514234e-02,4.610991e-03,2.811365e-01,4.095583e-02,4.178526e-01,5.212209e-02,3.394872e-02,7.020192e-03
3.202888e-02,4.514534e-03,4.163777e-03,8.524234e-02,8.387749e-02,1.052921e-02,1.091998e-02,6.180824e-02,1.026963e-02,2.186542e-01,4.401945e-02,3.482932e-01,4.843090e-02,2.933952e-02,7.908681e-03
2.995002e-02,3.538196e-03,3.214113e-03,6.329671e-02,7.116763e-02,1.094836e-02,8.518721e-03,4.675822e-02,1.059047e-02,1.655593e-01,4.313946e-02,4.720156e-01,3.989426e-02,2.526732e-02,6.141641e-03
