1.000000e+00,0.000000e+00,0.000000e+00,0.000000e+00,0.000000e+00,0.000000e+00,0.000000e+00,0.000000e+00,0.000000e+00,0.000000e+00,0.000000e+00,0.000000e+00,0.000000e+00,0.000000e+00,0.000000e+00
1.000000e+00,0.000000e+00,0.000000e+00,0.000000e+00,0.000000e+00,0.000000e+00,0.000000e+00,0.000000e+00,0.000000e+00,0.000000e+00,0.000000e+00,0.000000e+00,0.000000e+00,0.000000e+00,0.000000e+00
1.000000e+00,0.000000e+00,0.000000e+00,0.000000e+00,0.000000e+00,0.000000e+00,0.000000e+00,0.000000e+00,0.000000e+00,0.000000e+00,0.000000e+00,0.000000e+00,0.000000e+00,0.000000e+00,0.000000e+00
1.000000e+00,0.000000e+00,0.000000e+00,0.000000e+00,0.000000e+00,0.000000e+00,0.000000e+00,0.000000e+00,0.000000e+00,0.000000e+00,0.000000e+00,0.000000e+00,0.000000e+00,0.000000e+00,0.000000e+00
1.000000e+00,0.000000e+00,0.000000e+00,0.000000e+00,0.000000e+00,0.000000e+00,0.000000e+00,0.000000e+00,0.000000e+00,0.000000e+00,0.000000e+00,0.000000e+00,0.000000e+00,0.000000e+00,0.000000e+00
1.000000e+00,0.000000e+00,0.000000e+00,0.000000e+00,0.000000e+00,0.000000e+00,0.000000e+00,0.000000e+00,0.000000e+00,0.000000e+00,0.000000e+00,0.000000e+00,0.000000e+00,0.000000e+00,0.000000e+00
1.000000e+00,0.000000e+00,0.000000e+00,0.000000e+00,0.000000e+00,0.000000e+00,0.000000e+00,0.000000e+00,0.000000e+00,0.000000e+00,0.000000e+00,0.000000e+00,0.000000e+00,0.000000e+00,0.000000e+00
1.000000e+00,0.000000e+00,0.000000e+00,0.000000e+00,0.000000e+00,0.000000e+00,0.000000e+00,0.000000e+00,0.000000e+00,0.000000e+00,0.000000e+00,0.000000e+00,0.000000e+00,0.000000e+00,0.000000e+00
1.000000e+00,0.000000e+00,0.000000e+00,0.000000e+00,0.000000e+00,0.000000e+00,0.000000e+00,0.000000e+00,0.000000e+00,0.000000e+00,0.000000e+00,0.000000e+00,0.000000e+00,0.000000e+00,0.000000e+00
1.000000e+00,0.000000e+00,0.000000e+00,0.000000e+00,0.000000e+00,0.000000e+00,0.000000e+00,0.000000e+00,0.000000e+00,0.000000e+00,0.000000e+00,0.000000e+00,0.000000e+00,0.000000e+00,0.000000e+00
1.000000e+00,0.000000e+00,0.000000e+00,0.000000e+00,0.000000e+00,0.000000e+00,0.000000e+00,0.000000e+00,0.000000e+00,0.000000e+00,0.000000e+00,0.000000e+00,0.000000e+00,0.000000e+00,0.000000e+00
1.000000e+00,0.000000e+00,0.000000e+00,0.000000e+00,0.000000e+00,0.000000e+00,0.000000e+00,0.000000e+00,0.000000e+00,0.000000e+00,0.000000e+00,0.000000e+00,0.000000e+00,0.000000e+00,0.000000e+00
1.000000e+00,0.000000e+00,0.000000e+00,0.000000e+00,0.000000e+00,0.000000e+00,0.000000e+00,0.000000e+00,0.000000e+00,0.000000e+00,0.000000e+00,0.000000e+00,0.000000e+00,0.000000e+00,0.000000e+00
1.000000e+00,0.000000e+00,0.000000e+00,0.000000e+00,0.000000e+00,0.000000e+00,0.000000e+00,0.000000e+00,0.000000e+00,0.000000e+00,0.000000e+00,0.000000e+00,0.000000e+00,0.000000e+00,0.000000e+00
1.000000e+00,0.000000e+00,0.000000e+00,0.000000e+00,0.000000e+00,0.000000e+00,0.000000e+00,0.000000e+00,0.000000e+00,0.000000e+00,0.000000e+00,0.000000e+00,0.000000e+00,0.000000e+00,0.000000e+00
1.000000e+00,0.000000e+00,0.000000e+00,0.000000e+00,0.000000e+00,0.000000e+00,0.000000e+00,0.000000e+00,0.000000e+00,0.000000e+00,0.000000e+00,0.000000e+00,0.000000e+00,0.000000e+00,0.000000e+00
1.000000e+00,0.000000e+00,0.000000e+00,0.000000e+00,0.000000e+00,0.000000e+00,0.000000e+00,0.000000e+00,0.000000e+00,0.000000e+00,0.000000e+00,0.000000e+00,0.000000e+00,0.000000e+00,0.000000e+00
1.000000e+00,0.000000e+00,0.000000e+00,0.000000e+00,0.000000e+00,0.000000e+00,0.000000e+00,0.000000e+00,0.000000e+00,0.000000e+00,0.000000e+00,0.000000e+00,0.000000e+00,0.000000e+00,0.000000e+00
1.000000e+00,0.000000e+00,0.000000e+00,0.000000e+00,0.000000e+00,0.000000e+00,0.000000e+00,0.000000e+00,0.000000e+00,0.000000e+00,0.000000e+00,0.000000e+00,0.000000e+00,0.000000e+00,0.000000e+00
1.000000e+00,0.000000e+00,0.000000e+00,0.000000e+00,0.000000e+00,0.000000e+00,0.000000e+00,0.000000e+00,0.000000e+00,0.000000e+00,0.000000e+00,0.000000e+00,0.000000e+00,0.000000e+00,0.000000e+00
1.000000e+00,0.000000e+00,0.000000e+00,0.000000e+00,0.000000e+00,0.000000e+00,0.000000e+00,0.000000e+00,0.000000e+00,0.000000e+00,0.000000e+00,0.000000e+00,0.000000e+00,0.000000e+00,0.000000e+00
1.000000e+00,0.000000e+00,0.000000e+00,0.000000e+00,0.000000e+00,0.000000e+00,0.000000e+00,0.000000e+00,0.000000e+00,0.000000e+00,0.000000e+00,0.000000e+00,0.000000e+00,0.000000e+00,0.000000e+00
1.000000e+00,0.000000e+00,0.000000e+00,0.000000e+00,0.000000e+00,0.000000e+00,0.000000e+00,0.000000e+00,0.000000e+00,0.000000e+00,0.000000e+00,0.000000e+00,0.000000e+00,0.000000e+00,0.000000e+00
1.000000e+00,0.000000e+00,0.000000e+00,0.000000e+00,0.000000e+00,0.000000e+00,0.000000e+00,0.000000e+00,0.000000e+00,0.000000e+00,0.000000e+00,0.000000e+00,0.000000e+00,0.000000e+00,0.000000e+00
1.000000e+00,0.000000e+00,0.000000e+00,0.000000e+00,0.000000e+00,0.000000e+00,0.000000e+00,0.000000e+00,0.000000e+00,0.000000e+00,0.000000e+00,0.000000e+00,0.000000e+00,0.000000e+00,0.000000e+00
1.000000e+00,0.000000e+00,0.000000e+00,0.000000e+00,0.000000e+00,0.000000e+00,0.000000e+00,0.000000e+00,0.000000e+00,0.000000e+00,0.000000e+00,0.000000e+00,0.000000e+00,0.000000e+00,0.000000e+00
1.000000e+00,0.000000e+00,0.000000e+00,0.000000e+00,0.000000e+00,0.000000e+00,0.000000e+00,0.000000e+00,0.000000e+00,0.000000e+00,0.000000e+00,0.000000e+00,0.000000e+00,0.000000e+00,0.000000e+00
1.000000e+00,0.000000e+00,0.000000e+00,0.000000e+00,0.000000e+00,0.000000e+00,0.000000e+00,0.000000e+00,0.000000e+00,0.000000e+00,0.000000e+00,0.000000e+00,0.000000e+00,0.000000e+00,0.000000e+00
1.000000e+00,0.000000e+00,0.000000e+00,0.000000e+00,0.000000e+00,0.000000e+00,0.000000e+00,0.000000e+00,0.000000e+00,0.000000e+00,0.000000e+00,0.000000e+00,0.000000e+00,0.000000e+00,0.000000e+00
1.000000e+00,0.000000e+00,0.000000e+00,0.000000e+00,0.000000e+00,0.000000e+00,0.000000e+00,0.000000e+00,0.000000e+00,0.000000e+00,0.000000e+00,0.000000e+00,0.000000e+00,0.000000e+00,0.000000e+00
1.000000e+00,0.000000e+00,0.000000e+00,0.000000e+00,0.000000e+00,0.000000e+00,0.000000e+00,0.000000e+00,0.000000e+00,0.000000e+00,0.000000e+00,0.000000e+00,0.000000e+00,0.000000e+00,0.000000e+00
1.000000e+00,0.000000e+00,0.000000e+00,0.000000e+00,0.000000e+00,0.000000e+00,0.000000e+00,0.000000e+00,0.000000e+00,0.000000e+00,0.000000e+00,0.000000e+00,0.000000e+00,0.000000e+00,0.000000e+00
1.000000e+00,0.000000e+00,0.000000e+00,0.000000e+00,0.000000e+00,0.000000e+00,0.000000e+00,0.000000e+00,0.000000e+00,0.000000e+00,0.000000e+00,0.000000e+00,0.000000e+00,0.000000e+00,0.000000e+00
1.000000e+00,0.000000e+00,0.000000e+00,0.000000e+00,0.000000e+00,0.000000e+00,0.000000e+00,0.000000e+00,0.000000e+00,0.000000e+00,0.000000e+00,0.000000e+00,0.000000e+00,0.000000e+00,0.000000e+00
1.000000e+00,0.000000e+00,0.000000e+00,0.000000e+00,0.000000e+00,0.000000e+00,0.000000e+00,0.000000e+00,0.000000e+00,0.000000e+00,0.000000e+00,0.000000e+00,0.000000e+00,0.000000e+00,0.000000e+00
1.000000e+00,0.000000e+00,0.000000e+00,0.000000e+00,0.000000e+00,0.000000e+00,0.000000e+00,0.000000e+00,0.000000e+00,0.000000e+00,0.000000e+00,0.000000e+00,0.000000e+00,0.000000e+00,0.000000e+00
1.000000e+00,0.000000e+00,0.000000e+00,0.000000e+00,0.000000e+00,0.000000e+00,0.000000e+00,0.000000e+00,0.000000e+00,0.000000e+00,0.000000e+00,0.000000e+00,0.000000e+00,0.000000e+00,0.000000e+00
4.957063e-01,2.995133e-02,1.119876e-02,8.353262e-02,1.567774e-02,4.496393e-02,1.374355e-02,1.817987e-02,1.595292e-02,2.361312e-03,1.270166e-02,1.366369e-01,9.552562e-02,3.572081e-03,2.029530e-02
4.626490e-01,3.137407e-02,1.028069e-02,8.772992e-02,1.811535e-02,4.850616e-02,1.367368e-02,1.562564e-02,1.976932e-02,2.397973e-03,1.371891e-02,1.446799e-01,1.042027e-01,4.063443e-03,2.321323e-02
1.000000e+00,0.000000e+00,0.000000e+00,0.000000e+00,0.000000e+00,0.000000e+00,0.000000e+00,0.000000e+00,0.000000e+00,0.000000e+00,0.000000e+00,0.000000e+00,0.000000e+00,0.000000e+00,0.000000e+00
4.695265e-01,3.515326e-02,1.473111e-02,9.009682e-02,2.167284e-02,5.099223e-02,1.379321e-02,1.986045e-02,1.817839e-02,2.779751e-03,1.649448e-02,1.263517e-01,8.757508e-02,4.607767e-03,2.818641e-02
1.000000e+00,0.000000e+00,0.000000e+00,0.000000e+00,0.000000e+00,0.000000e+00,0.000000e+00,0.000000e+00,0.000000e+00,0.000000e+00,0.000000e+00,0.000000e+00,0.000000e+00,0.000000e+00,0.000000e+00
1.000000e+00,0.000000e+00,0.000000e+00,0.000000e+00,0.000000e+00,0.000000e+00,0.000000e+00,0.000000e+00,0.000000e+00,0.000000e+00,0.000000e+00,0.000000e+00,0.000000e+00,0.000000e+00,0.000000e+00
1.000000e+00,0.000000e+00,0.000000e+00,0.000000e+00,0.000000e+00,0.000000e+00,0.000000e+00,0.000000e+00,0.000000e+00,0.000000e+00,0.000000e+00,0.000000e+00,0.000000e+00,0.000000e+00,0.000000e+00
1.000000e+00,0.000000e+00,0.000000e+00,0.000000e+00,0.000000e+00,0.000000e+00,0.000000e+00,0.000000e+00,0.000000e+00,0.000000e+00,0.000000e+00,0.000000e+00,0.000000e+00,0.000000e+00,0.000000e+00
1.000000e+00,0.000000e+00,0.000000e+00,0.000000e+00,0.000000e+00,0.000000e+00,0.000000e+00,0.000000e+00,0.000000e+00,0.000000e+00,0.000000e+00,0.000000e+00,0.000000e+00,0.000000e+00,0.000000e+00
1.000000e+00,0.000000e+00,0.000000e+00,0.000000e+00,0.000000e+00,0.000000e+00,0.000000e+00,0.000000e+00,0.000000e+00,0.000000e+00,0.000000e+00,0.000000e+00,0.000000e+00,0.000000e+00,0.000000e+00
1.000000e+00,0.000000e+00,0.000000e+00,0.000000e+00,0.000000e+00,0.000000e+00,0.000000e+00,0.000000e+00,0.000000e+00,0.000000e+00,0.000000e+00,0.000000e+00,0.000000e+00,0.000000e+00,0.000000e+00
1.000000e+00,0.000000e+00,0.000000e+00,0.000000e+00,0.000000e+00,0.000000e+00,0.000000e+00,0.000000e+00,0.000000e+00,0.000000e+00,0.000000e+00,0.000000e+00,0.000000e+00,0.000000e+00,0.000000e+00
1.000000e+00,0.000000e+00,0.000000e+00,0.000000e+00,0.000000e+00,0.000000e+00,0.000000e+00,0.000000e+00,0.000000e+00,0.000000e+00,0.000000e+00,0.000000e+00,0.000000e+00,0.000000e+00,0.000000e+00
4.379059e-01,2.196428e-02,1.705393e-02,4.218955e-02,6.449059e-03,2.737755e-01,3.859942e-02,1.362029e-02,1.100234e-02,1.891334e-03,7.419440e-03,2.504999e-02,7.237478e-02,2.969858e-03,2.773434e-02
3.190173e-01,1.989622e-02,1.249002e-02,4.727561e-02,5.091279e-03,3.322634e-01,3.001404e-02,9.819241e-03,2.497499e-02,1.947257e-03,5.828164e-03,2.036028e-02,1.389257e-01,2.153848e-03,2.994265e-02
2.244468e-01,2.279886e-02,1.344503e-02,6.641188e-02,4.258098e-03,2.769253e-01,2.552553e-02,6.933094e-03,3.715466e-02,5.096917e-03,4.898430e-03,2.811826e-02,2.115716e-01,1.738639e-03,7.067693e-02
1.575053e-01,1.688064e-02,9.807892e-03,4.935797e-02,3.463849e-03,2.462505e-01,1.926939e-02,4.930038e-03,3.364775e-02,3.973014e-03,4.267510e-03,3.117401e-02,3.612848e-01,1.275977e-03,5.691133e-02
1.104526e-01,1.299774e-02,7.072421e-03,3.546197e-02,2.833950e-03,1.818535e-01,1.411653e-02,3.513148e-03,3.104259e-02,3.125252e-03,3.568053e-03,3.015069e-02,5.047964e-01,1.004947e-03,5.801013e-02
7.817478e-02,1.025177e-02,5.515003e-03,2.654734e-02,3.650383e-03,1.577104e-01,1.112247e-02,2.660643e-03,3.381855e-02,3.973209e-03,1.099936e-02,3.974029e-02,5.278991e-01,1.680883e-03,8.625583e-02
5.773326e-02,8.204553e-03,5.907513e-03,2.057571e-02,7.320809e-03,1.298441e-01,1.193781e-02,3.162350e-03,3.436814e-02,5.334895e-03,1.463750e-02,7.936388e-02,4.911365e-01,1.834271e-03,1.286387e-01
4.416833e-02,7.498287e-03,7.073592e-03,1.843534e-02,5.898993e-03,1.092231e-01,1.076592e-02,2.323524e-03,2.752808e-02,1.640134e-02,1.472831e-02,1.579555e-01,4.406998e-01,1.897121e-03,1.354027e-01
3.177353e-02,5.429137e-03,5.521381e-03,1.431047e-02,4.753443e-03,1.110799e-01,8.208197e-03,1.748131e-03,2.032599e-02,1.671024e-02,1.376062e-02,1.625536e-01,4.692566e-01,2.127514e-03,1.324413e-01
2.380106e-02,4.140209e-03,4.455960e-03,1.190107e-02,4.457309e-03,8.846487e-02,6.467530e-03,1.459119e-03,1.939459e-02,2.361172e-02,1.501447e-02,1.396638e-01,4.883550e-01,7.096280e-03,1.617170e-01
2.028155e-02,4.111943e-03,1.748084e-02,1.111442e-02,4.404685e-03,6.768283e-02,5.163948e-03,1.535649e-03,5.149478e-02,6.020451e-02,2.387777e-02,1.220948e-01,4.086360e-01,1.658597e-02,1.853303e-01
1.548689e-02,3.503033e-03,1.681042e-02,8.916724e-03,3.574882e-03,4.915798e-02,4.298269e-03,1.649358e-03,9.510861e-02,6.937958e-02,2.636218e-02,1.012973e-01,3.444670e-01,2.028060e-02,2.397072e-01
1.154938e-02,2.957012e-03,1.223776e-02,7.120643e-03,3.038501e-03,3.473467e-02,3.126962e-03,1.386463e-03,2.083769e-01,8.218507e-02,2.704955e-02,7.992429e-02,2.781582e-01,2.865697e-02,2.194977e-01
8.365106e-03,2.726679e-03,8.829224e-03,5.968501e-03,2.483969e-03,2.456230e-02,2.280512e-03,1.308704e-03,3.368120e-01,7.228156e-02,2.596539e-02,5.988226e-02,2.241278e-01,2.582815e-02,1.985778e-01
7.440721e-03,2.650009e-03,6.297721e-03,4.989763e-03,2.100972e-03,1.747399e-02,1.622806e-03,9.666608e-04,4.101609e-01,6.613111e-02,2.693223e-02,4.508281e-02,1.783971e-01,2.797915e-02,2.017740e-01
6.623777e-03,2.429464e-03,4.740568e-03,3.954092e-03,1.661670e-03,1.262148e-02,1.150675e-03,7.710142e-04,5.164851e-01,5.819304e-02,2.292231e-02,3.200791e-02,1.276619e-01,3.037096e-02,1.784060e-01
5.662011e-03,1.896479e-03,3.692789e-03,3.409484e-03,1.562577e-03,9.197009e-03,8.225782e-04,6.817415e-04,6.293747e-01,4.663733e-02,1.877084e-02,2.305436e-02,9.174226e-02,2.355593e-02,1.399399e-01
5.110739e-03,1.702776e-03,3.290027e-03,3.412755e-03,3.062892e-03,7.258016e-03,6.045474e-04,9.069361e-04,6.843895e-01,4.815448e-02,2.348148e-02,1.738865e-02,6.717109e-02,2.158364e-02,1.124824e-01
4.526136e-03,2.462334e-03,3.272020e-03,3.035383e-03,6.141198e-03,5.543345e-03,4.540847e-04,1.637925e-03,7.211943e-01,4.403932e-02,2.762002e-02,1.377346e-02,5.154442e-02,1.995252e-02,9.480357e-02
4.414546e-03,2.140123e-03,4.242852e-03,3.989877e-03,1.425151e-02,5.011353e-03,4.245606e-04,1.346856e-02,7.297819e-01,4.372900e-02,2.935734e-02,1.395295e-02,4.189780e-02,2.349355e-02,6.984406e-02
1.106663e-02,7.295856e-03,8.462094e-03,6.472128e-03,1.590587e-02,4.386153e-03,3.363472e-04,4.861941e-02,7.080843e-01,4.295792e-02,2.621917e-02,1.118010e-02,3.108605e-02,2.217675e-02,5.575124e-02
1.449007e-02,1.594163e-02,9.278404e-03,5.735639e-03,1.696167e-02,6.216813e-03,2.618524e-04,5.605381e-02,7.053955e-01,4.136945e-02,2.466784e-02,8.832514e-03,2.294962e-02,2.341934e-02,4.842585e-02
1.735540e-02,1.686977e-02,8.817866e-03,5.498240e-03,2.042908e-02,5.836488e-03,2.723043e-04,1.150665e-01,6.714337e-01,3.273446e-02,2.243026e-02,6.997691e-03,1.680203e-02,2.112285e-02,3.833336e-02
1.621553e-02,1.554408e-02,1.385809e-02,5.118716e-03,2.314449e-02,4.818377e-03,3.705891e-04,2.585597e-01,5.575899e-01,2.430355e-02,1.732931e-02,5.131735e-03,1.214809e-02,1.734837e-02,2.851942e-02
2.914048e-02,3.081233e-02,1.915383e-02,6.031707e-03,4.178454e-02,8.754260e-03,3.720526e-04,2.151213e-01,5.476022e-01,1.889067e-02,1.311379e-02,3.775759e-03,9.003591e-03,3.136369e-02,2.507981e-02
2.752556e-02,3.351469e-02,2.397340e-02,1.671572e-02,5.146997e-02,1.049504e-02,4.187044e-04,3.336938e-01,4.252504e-01,1.465159e-02,9.599430e-03,2.859822e-03,6.530709e-03,2.372342e-02,1.957769e-02
2.405871e-02,2.780486e-02,2.778371e-02,1.752133e-02,4.704260e-02,1.164544e-02,4.325526e-04,4.661575e-01,3.194089e-01,1.157244e-02,7.089447e-03,2.191745e-03,4.776277e-03,1.804840e-02,1.446611e-02
2.319160e-02,2.629052e-02,3.217848e-02,1.396402e-02,4.175296e-02,1.056466e-02,7.353636e-04,5.727313e-01,2.334875e-01,8.966714e-03,5.150620e-03,1.595925e-03,3.622203e-03,1.463738e-02,1.113073e-02
2.077014e-02,2.169040e-02,2.938497e-02,1.090664e-02,3.447502e-02,9.261973e-03,1.431590e-03,6.671906e-01,1.700935e-01,6.763528e-03,3.697701e-03,1.153272e-03,3.018082e-03,1.177535e-02,8.387164e-03
2.284548e-02,1.827554e-02,3.861047e-02,8.923464e-03,3.007364e-02,7.979561e-03,1.604613e-02,6.999301e-01,1.266506e-01,5.354763e-03,2.727436e-03,8.764777e-04,4.452740e-03,1.008970e-02,7.163825e-03
2.923695e-02,1.684497e-02,3.522134e-02,6.752491e-03,2.397195e-02,1.318486e-02,4.688280e-02,6.798619e-01,9.755542e-02,4.204099e-03,2.662733e-03,1.038848e-03,2.647530e-02,9.470522e-03,6.635734e-03
3.349611e-02,1.994158e-02,2.984760e-02,5.135223e-03,1.891872e-02,2.273090e-02,1.295702e-01,5.948397e-01,7.884625e-02,3.536047e-03,2.286715e-03,9.109353e-04,4.501532e-02,8.816861e-03,6.107876e-03
4.646701e-02,1.906674e-02,2.269069e-02,3.799778e-03,1.429886e-02,2.479665e-02,2.736452e-01,4.659949e-01,7.111651e-02,2.783197e-03,2.067648e-03,1.112327e-03,3.783763e-02,8.813605e-03,5.509259e-03
5.388133e-02,1.661303e-02,1.684090e-02,2.835114e-03,1.121900e-02,2.325252e-02,3.738756e-01,3.796749e-01,7.019098e-02,2.204195e-03,1.785449e-03,1.161796e-03,3.464914e-02,6.916464e-03,4.899600e-03
5.815446e-02,1.599551e-02,1.260384e-02,2.161286e-03,8.800465e-03,1.808749e-02,4.463139e-01,3.083147e-01,8.644871e-02,1.822109e-03,1.474871e-03,1.190841e-03,2.774499e-02,5.711059e-03,5.175787e-03
1.153745e-01,1.438648e-02,1.030171e-02,2.116427e-03,7.392148e-03,1.681506e-02,4.616830e-01,2.440283e-01,8.809560e-02,1.861216e-03,1.382751e-03,2.560750e-03,2.360543e-02,4.592703e-03,5.803976e-03
2.177822e-01,1.235785e-02,8.723604e-03,2.322483e-03,6.266022e-03,1.676904e-02,4.301439e-01,1.928128e-01,7.515650e-02,2.074322e-03,1.403065e-03,4.459729e-03,1.983177e-02,3.654507e-03,6.242271e-03
2.849317e-01,9.865331e-03,7.078148e-03,2.523629e-03,5.643862e-03,1.817909e-02,4.345476e-01,1.396994e-01,6.001788e-02,2.277755e-03,1.960466e-03,6.757794e-03,1.694057e-02,2.935528e-03,6.641254e-03
3.387051e-01,8.816208e-03,5.764783e-03,3.555937e-03,5.358857e-03,2.104484e-02,4.258717e-01,1.030950e-01,4.489217e-02,2.310107e-03,3.655274e-03,1.107344e-02,1.499681e-02,2.421546e-03,8.438195e-03
4.106396e-01,8.491396e-03,4.790571e-03,4.510611e-03,5.329672e-03,2.373749e-02,3.864544e-01,7.563970e-02,3.384912e-02,2.049286e-03,4.851868e-03,1.359575e-02,1.372071e-02,2.300285e-03,1.003950e-02
4.457716e-01,7.947419e-03,3.974818e-03,5.742871e-03,5.127345e-03,2.706544e-02,3.735141e-01,5.636760e-02,2.648646e-02,1.801284e-03,6.463619e-03,1.550324e-02,1.212715e-02,2.024652e-03,1.008245e-02
4.313650e-01,7.841760e-03,3.487218e-03,7.572179e-03,5.356673e-03,3.417827e-02,3.939205e-01,4.502835e-02,2.143426e-02,1.677805e-03,7.810594e-03,1.633027e-02,1.207988e-02,1.818250e-03,1.009898e-02
4.824400e-01,9.194233e-03,3.316963e-03,9.727390e-03,5.125705e-03,3.763115e-02,3.401716e-01,3.515431e-02,1.735918e-02,1.770845e-03,1.129773e-02,2.022622e-02,1.313321e-02,1.816000e-03,1.163544e-02
4.828890e-01,1.375744e-02,3.273271e-03,1.611089e-02,8.039252e-03,4.509708e-02,2.950629e-01,2.814445e-02,2.010766e-02,2.863858e-03,1.609484e-02,2.480901e-02,1.889327e-02,2.223371e-03,2.263362e-02
4.938308e-01,1.546052e-02,2.681159e-03,1.807730e-02,9.560458e-03,4.535979e-02,2.241140e-01,2.153571e-02,3.747680e-02,3.439258e-03,1.621529e-02,4.018835e-02,4.152559e-02,2.432088e-03,2.810280e-02
3.716809e-01,1.990512e-02,2.757055e-03,2.152959e-02,8.026819e-03,5.415306e-02,1.715435e-01,1.650499e-02,8.497939e-02,4.797781e-03,1.897200e-02,5.655266e-02,1.366384e-01,2.261209e-03,2.969747e-02
2.794810e-01,2.463381e-02,5.156630e-03,3.848479e-02,8.277728e-03,4.547159e-02,1.285453e-01,1.311915e-02,1.945133e-01,1.135486e-02,1.815235e-02,4.932275e-02,1.204959e-01,2.335290e-03,6.065556e-02
2.698798e-01,2.020826e-02,5.434402e-03,3.349589e-02,1.070634e-02,5.365685e-02,9.816618e-02,1.073725e-02,1.681726e-01,9.749424e-03,1.820700e-02,4.395279e-02,1.911244e-01,2.233444e-03,6.427538e-02
2.895428e-01,1.850630e-02,5.496522e-03,2.569508e-02,9.335731e-03,4.380914e-02,7.441856e-02,8.429361e-03,1.388356e-01,9.417310e-03,1.781589e-02,4.557870e-02,2.333787e-01,2.395497e-03,7.734479e-02
2.734969e-01,1.785743e-02,4.436116e-03,1.898004e-02,7.554143e-03,3.610739e-02,5.392091e-02,6.643657e-03,1.252536e-01,1.190085e-02,1.925668e-02,5.681098e-02,2.377207e-01,4.335877e-03,1.257247e-01
2.136697e-01,1.723820e-02,5.066841e-03,1.461095e-02,1.090890e-02,2.658127e-02,4.019452e-02,7.040944e-03,1.529874e-01,1.107979e-02,1.834409e-02,5.940630e-02,2.547495e-01,5.756122e-03,1.623654e-01
1.718067e-01,1.685073e-02,7.097243e-03,1.501795e-02,1.094540e-02,2.442520e-02,3.014198e-02,1.354618e-02,2.012336e-01,1.420639e-02,2.184207e-02,7.638384e-02,2.444200e-01,7.588105e-03,1.444946e-01
1.275136e-01,2.079655e-02,2.679637e-02,5.924283e-02,1.295842e-02,2.429073e-02,2.150974e-02,2.589333e-02,2.080357e-01,1.534172e-02,2.744811e-02,9.085620e-02,2.092481e-01,9.853370e-03,1.202152e-01
1.036372e-01,2.068008e-02,2.228428e-02,4.628599e-02,2.150144e-02,2.532543e-02,1.661488e-02,3.125882e-02,2.114842e-01,1.432561e-02,2.893572e-02,1.036351e-01,2.326978e-01,9.593721e-03,1.117397e-01
8.323219e-02,2.365651e-02,3.339980e-02,3.434932e-02,1.914856e-02,2.244852e-02,1.266131e-02,1.359521e-01,2.098663e-01,1.322528e-02,2.447779e-02,8.516629e-02,2.030855e-01,8.124239e-03,9.120630e-02
8.416603e-02,2.039496e-02,3.389803e-02,2.620196e-02,2.197194e-02,3.366660e-02,1.270525e-02,1.067608e-01,1.877471e-01,1.121428e-02,2.513173e-02,6.416940e-02,2.850837e-01,8.171507e-03,7.871674e-02
1.078985e-01,2.592115e-02,3.892438e-02,4.095450e-02,2.723587e-02,3.498593e-02,1.032787e-02,8.857868e-02,2.265421e-01,1.119195e-02,2.209774e-02,5.264237e-02,2.456926e-01,6.715014e-03,6.029137e-02
1.122452e-01,3.176894e-02,3.441321e-02,4.047209e-02,4.453211e-02,3.372004e-02,1.232110e-02,6.596133e-02,3.256326e-01,8.955417e-03,1.700557e-02,3.903402e-02,1.829125e-01,5.083704e-03,4.594212e-02
9.939844e-02,5.008203e-02,3.537831e-02,6.775298e-02,4.801777e-02,3.298118e-02,1.394832e-02,5.381777e-02,3.798242e-01,7.356720e-03,1.304453e-02,2.842076e-02,1.314685e-01,3.710197e-03,3.479825e-02
1.059377e-01,4.890673e-02,3.794907e-02,2.024754e-01,3.657736e-02,2.666070e-02,1.023068e-02,3.965797e-02,3.183468e-01,7.441105e-03,1.371466e-02,2.696489e-02,9.477265e-02,2.752119e-03,2.761206e-02
1.987310e-01,5.449099e-02,3.248820e-02,1.610609e-01,3.380429e-02,2.219950e-02,9.910173e-03,4.177772e-02,2.863628e-01,8.550184e-03,1.980747e-02,3.025625e-02,7.378424e-02,2.930324e-03,2.384590e-02
2.596759e-01,5.332686e-02,3.098995e-02,1.429740e-01,3.064393e-02,1.824385e-02,8.979148e-03,5.558194e-02,2.560759e-01,1.082818e-02,2.031709e-02,2.973336e-02,5.640446e-02,3.046179e-03,2.317916e-02
3.338617e-01,4.569025e-02,2.888542e-02,1.141637e-01,2.726383e-02,1.632824e-02,8.064031e-03,7.680860e-02,2.215958e-01,9.229332e-03,2.144981e-02,3.085132e-02,4.302988e-02,2.775101e-03,2.000295e-02
4.090401e-01,4.010421e-02,2.751030e-02,9.866942e-02,2.099796e-02,1.439058e-02,6.395919e-03,6.429176e-02,1.858903e-01,8.049130e-03,3.610656e-02,3.118744e-02,3.462491e-02,3.638766e-03,1.910264e-02
2.873406e-01,2.969087e-02,2.963318e-02,2.443077e-01,1.582645e-02,1.082838e-02,4.613704e-03,4.561995e-02,1.319465e-01,8.284179e-03,1.176758e-01,2.419113e-02,3.167823e-02,3.547892e-03,1.481535e-02
2.014675e-01,2.118537e-02,2.322439e-02,2.061458e-01,1.219319e-02,8.029196e-03,3.348958e-03,3.252498e-02,9.382889e-02,9.652267e-03,2.388565e-01,1.761725e-02,2.750278e-02,9.155934e-02,1.286352e-02
1.414977e-01,1.502283e-02,1.950355e-02,1.540401e-01,9.007970e-03,5.979738e-03,2.427533e-03,2.285226e-02,7.450129e-02,2.139082e-02,2.381941e-01,1.454338e-02,3.157113e-02,2.241363e-01,2.533127e-02
9.940602e-02,1.097290e-02,4.575327e-02,1.199989e-01,7.100407e-03,5.954553e-03,1.781642e-03,1.681007e-02,1.276990e-01,3.540231e-02,2.415394e-01,1.204282e-02,3.284568e-02,2.141114e-01,2.858167e-02
7.035334e-02,8.492512e-03,3.644267e-02,8.939297e-02,6.018544e-03,6.026498e-03,1.319219e-03,1.230784e-02,1.343802e-01,3.129935e-02,2.895960e-01,9.470843e-03,2.706775e-02,2.553005e-01,2.253178e-02
5.007679e-02,6.484381e-03,3.245267e-02,7.132767e-02,5.499244e-03,4.895796e-03,9.695719e-04,9.024249e-03,1.833190e-01,1.267279e-01,2.308037e-01,7.816959e-03,2.112057e-02,2.279789e-01,2.150266e-02
3.619052e-02,5.033297e-03,3.015062e-02,5.566521e-02,4.665654e-03,4.045028e-03,7.046488e-04,7.654996e-03,1.518884e-01,2.502668e-01,2.118713e-01,6.252345e-03,1.820498e-02,1.951901e-01,2.221600e-02
2.625747e-02,3.905077e-03,2.358403e-02,4.214459e-02,4.072828e-03,3.872624e-03,5.434069e-04,6.175798e-03,1.143737e-01,3.105103e-01,2.274604e-01,5.491144e-03,1.611127e-02,1.831638e-01,3.233360e-02
2.102632e-02,4.302598e-03,2.648693e-02,6.059718e-02,7.456399e-03,5.043020e-03,4.897972e-04,4.996149e-03,1.085423e-01,2.735678e-01,2.499078e-01,5.601467e-03,1.599836e-02,1.751959e-01,4.078787e-02
1.588628e-02,3.671535e-03,2.239934e-02,5.078592e-02,9.556368e-03,4.450768e-03,5.919485e-04,4.458525e-03,8.751300e-02,2.888684e-01,2.381363e-01,5.579437e-03,1.856568e-02,2.000875e-01,4.944891e-02
1.387971e-02,4.461377e-03,2.298948e-02,4.346241e-02,9.714483e-03,4.915800e-03,5.731389e-04,5.074263e-03,1.023185e-01,2.877988e-01,1.996188e-01,7.425331e-03,2.211048e-02,1.957869e-01,7.987045e-02
1.257888e-02,4.704147e-03,2.329699e-02,4.065349e-02,1.337758e-02,5.323249e-03,9.263232e-04,7.228238e-03,1.175526e-01,2.618670e-01,1.744762e-01,1.395424e-02,3.297958e-02,1.686748e-01,1.224066e-01
1.066572e-02,4.151430e-03,2.038619e-02,3.612769e-02,2.515712e-02,6.377528e-03,1.234304e-03,6.591397e-03,9.457434e-02,2.245333e-01,1.634086e-01,1.966378e-02,4.035132e-02,1.341996e-01,2.125776e-01
1.281905e-02,4.745362e-03,1.716976e-02,4.358529e-02,4.597821e-02,2.028577e-02,2.548065e-03,8.480162e-03,7.448038e-02,1.721356e-01,1.941229e-01,4.414222e-02,7.367633e-02,1.065931e-01,1.792377e-01
1.154467e-02,4.191247e-03,1.544146e-02,3.823080e-02,1.113826e-01,2.139857e-02,3.500088e-03,9.870665e-03,5.826099e-02,1.268504e-01,2.053602e-01,4.368621e-02,8.168193e-02,9.045208e-02,1.781480e-01
1.036836e-02,4.664161e-03,1.511383e-02,3.483457e-02,1.058818e-01,3.501628e-02,5.915266e-03,2.013842e-02,4.816839e-02,9.793749e-02,2.216815e-01,5.746040e-02,9.623198e-02,1.104984e-01,1.360891e-01
9.401901e-03,5.760947e-03,1.348231e-02,2.902636e-02,1.188647e-01,3.778744e-02,7.275242e-03,2.177866e-02,5.175814e-02,8.004776e-02,1.847070e-01,6.450833e-02,1.187533e-01,1.520609e-01,1.047870e-01
9.621037e-03,7.000147e-03,1.816354e-02,4.952787e-02,1.049092e-01,5.258419e-02,5.752762e-03,2.848894e-02,5.544214e-02,6.328725e-02,1.845638e-01,7.312904e-02,1.380902e-01,1.327697e-01,7.667014e-02
8.281838e-03,1.073882e-02,2.220110e-02,3.708622e-02,9.070572e-02,4.266786e-02,5.822878e-03,2.709024e-02,9.493805e-02,4.880172e-02,1.769937e-01,1.248505e-01,1.581333e-01,9.504412e-02,5.664388e-02
9.083216e-03,8.273502e-03,3.147624e-02,2.771537e-02,7.806412e-02,4.936553e-02,1.926368e-02,4.139887e-02,7.636148e-02,4.059670e-02,1.976931e-01,1.115464e-01,1.968796e-01,7.062440e-02,4.165772e-02
9.601514e-03,6.606936e-03,2.507130e-02,2.071532e-02,7.576315e-02,6.113630e-02,2.581727e-02,4.495579e-02,6.168815e-02,3.058028e-02,1.719618e-01,1.766074e-01,2.050122e-01,5.449365e-02,2.998880e-02
1.009053e-02,8.863694e-03,2.136868e-02,1.508414e-02,7.799199e-02,8.154260e-02,2.836959e-02,3.728370e-02,1.002474e-01,2.383919e-02,1.325295e-01,2.142580e-01,1.863421e-01,3.958739e-02,2.260138e-02
1.226233e-02,8.924563e-03,2.543782e-02,1.193735e-02,6.437881e-02,1.098047e-01,2.768331e-02,5.459721e-02,1.156274e-01,1.931021e-02,1.013468e-01,2.264520e-01,1.737569e-01,3.104546e-02,1.743516e-02
1.371098e-02,9.855257e-03,1.925072e-02,8.704536e-03,4.897601e-02,1.553675e-01,2.822611e-02,4.673827e-02,1.475513e-01,1.425148e-02,7.280560e-02,2.519512e-01,1.449108e-01,2.414343e-02,1.355688e-02
1.627658e-02,7.455530e-03,1.448523e-02,6.204516e-03,3.586487e-02,1.310522e-01,2.523838e-02,4.176953e-02,1.105067e-01,1.052640e-02,5.274130e-02,4.005913e-01,1.167321e-01,2.050100e-02,1.005435e-02
1.913022e-02,8.151000e-03,1.385343e-02,5.824729e-03,2.854224e-02,1.976902e-01,6.271841e-02,3.290097e-02,1.092457e-01,9.833386e-03,3.740757e-02,3.339193e-01,1.162101e-01,1.478079e-02,9.791972e-03
2.349096e-02,1.339091e-02,1.363252e-02,5.174018e-03,2.643003e-02,1.984135e-01,7.766876e-02,2.516207e-02,1.692370e-01,9.182886e-03,2.753635e-02,2.703214e-01,1.185201e-01,1.079800e-02,1.104155e-02
4.545866e-02,1.261472e-02,1.053738e-02,4.463881e-03,3.409438e-02,1.617524e-01,1.488182e-01,1.897665e-02,1.789615e-01,7.113325e-03,2.039039e-02,2.321583e-01,1.057962e-01,7.959451e-03,1.090450e-02
3.827886e-02,1.430741e-02,7.971282e-03,5.124279e-03,2.671535e-02,1.628814e-01,1.118937e-01,1.354601e-02,1.928182e-01,5.763591e-03,1.493589e-02,1.728290e-01,2.177296e-01,5.659595e-03,9.545903e-03
3.733713e-02,1.524532e-02,5.927475e-03,4.969806e-03,2.242128e-02,1.322642e-01,8.416506e-02,1.073863e-02,2.617462e-01,4.341687e-03,1.160867e-02,1.460672e-01,2.506747e-01,4.080736e-03,8.411944e-03
3.264184e-02,1.449587e-02,4.279751e-03,3.915844e-03,1.955145e-02,1.255317e-01,6.254636e-02,8.399628e-03,3.169219e-01,3.186620e-03,9.152548e-03,1.171747e-01,2.713808e-01,3.128967e-03,7.692078e-03
3.473525e-02,1.913923e-02,3.464245e-03,4.275010e-03,2.328923e-02,1.478327e-01,5.029607e-02,7.426456e-03,3.656849e-01,3.319766e-03,7.602511e-03,1.025033e-01,2.201157e-01,2.465542e-03,7.850120e-03
3.758233e-02,1.962274e-02,4.178482e-03,1.107582e-02,7.341573e-02,1.235597e-01,8.763437e-02,1.240321e-02,3.724089e-01,3.618697e-03,5.978310e-03,7.561214e-02,1.637141e-01,1.848721e-03,7.346754e-03
3.646399e-02,3.398066e-02,4.262174e-03,9.188303e-03,6.859396e-02,1.150328e-01,7.418419e-02,1.213490e-02,3.652966e-01,5.845187e-03,5.494190e-03,5.762907e-02,1.963406e-01,1.516014e-03,1.403729e-02
3.456568e-02,4.564921e-02,4.835425e-03,7.332881e-03,7.548485e-02,1.333826e-01,6.710870e-02,1.312348e-02,3.820551e-01,6.036886e-03,4.931294e-03,4.805716e-02,1.583647e-01,1.227684e-03,1.784433e-02
3.730337e-02,6.061731e-02,4.933807e-03,5.642351e-03,6.813904e-02,1.270951e-01,6.241519e-02,1.485732e-02,4.241066e-01,5.185966e-03,4.194038e-03,4.242080e-02,1.213958e-01,1.075141e-03,2.061823e-02
3.468071e-02,7.618804e-02,4.208307e-03,4.425019e-03,5.550613e-02,1.337614e-01,4.877075e-02,2.060070e-02,4.325494e-01,4.256441e-03,3.523688e-03,3.389677e-02,1.228120e-01,9.878009e-04,2.383284e-02
3.646893e-02,1.040896e-01,4.784546e-03,5.927166e-03,4.625868e-02,1.181876e-01,3.719933e-02,1.913866e-02,4.051006e-01,1.246524e-02,3.079198e-03,2.470562e-02,1.026781e-01,1.193026e-03,7.872368e-02
3.853644e-02,1.122349e-01,4.604700e-03,7.921549e-03,3.561298e-02,1.050804e-01,3.041326e-02,2.473314e-02,3.749741e-01,1.612210e-02,5.176352e-03,1.986297e-02,8.681953e-02,4.583342e-03,1.333242e-01
4.448112e-02,1.023470e-01,3.959659e-03,1.367214e-02,3.372004e-02,8.443993e-02,2.531645e-02,2.352200e-02,3.413756e-01,1.423503e-02,9.069085e-03,1.931180e-02,9.427519e-02,5.850344e-03,1.844246e-01
3.977693e-02,1.761398e-01,5.146671e-03,1.871122e-02,2.513658e-02,6.527624e-02,2.074603e-02,2.476108e-02,2.864485e-01,1.426909e-02,1.320393e-02,1.677708e-02,1.356282e-01,4.888433e-03,1.530902e-01
4.614428e-02,1.652612e-01,5.180184e-03,1.904567e-02,1.908733e-02,7.237431e-02,1.564037e-02,2.537997e-02,2.408269e-01,1.112673e-02,1.421185e-02,2.004929e-02,2.221217e-01,4.544004e-03,1.190062e-01
6.177482e-02,1.634521e-01,4.957977e-03,1.738800e-02,1.688772e-02,7.749873e-02,1.247176e-02,2.239847e-02,2.221379e-01,9.265720e-03,1.385966e-02,2.063382e-02,2.505905e-01,4.989278e-03,1.016936e-01
6.119800e-02,1.496346e-01,2.196525e-02,3.157739e-02,1.850033e-02,7.230911e-02,1.086819e-02,2.513556e-02,1.924339e-01,7.949831e-03,1.087220e-02,1.782422e-02,2.861314e-01,5.030577e-03,8.856952e-02
6.467456e-02,1.258561e-01,1.852703e-02,2.621958e-02,1.729580e-02,7.878554e-02,9.296221e-03,2.033389e-02,1.566990e-01,5.759201e-03,8.860469e-03,2.679767e-02,3.450627e-01,4.580020e-03,9.125215e-02
6.155412e-02,9.621390e-02,1.755054e-02,6.980685e-02,3.120071e-02,7.966346e-02,7.352480e-03,3.309323e-02,1.284643e-01,4.928678e-03,9.128884e-03,2.366116e-02,3.628775e-01,4.602038e-03,6.990212e-02
4.998849e-02,7.187133e-02,1.510237e-02,5.104451e-02,3.958482e-02,7.196900e-02,7.935811e-03,2.811894e-02,1.143405e-01,3.586779e-03,7.507945e-03,2.462099e-02,4.580707e-01,3.377850e-03,5.287999e-02
4.199843e-02,5.952597e-02,1.327698e-02,3.805701e-02,3.974897e-02,6.729963e-02,6.377182e-03,2.165357e-02,9.839518e-02,2.870149e-03,6.288813e-03,2.699803e-02,5.362761e-01,2.461778e-03,3.877222e-02
4.167646e-02,4.789348e-02,1.112750e-02,2.749294e-02,4.109947e-02,7.677951e-02,7.015449e-03,1.856837e-02,8.655410e-02,2.900428e-03,5.232130e-03,3.367978e-02,5.695603e-01,1.893539e-03,2.852651e-02
4.123880e-02,4.067513e-02,9.009470e-03,1.992984e-02,4.024728e-02,9.074814e-02,7.750064e-03,1.843811e-02,7.671994e-02,2.729409e-03,4.193977e-03,4.183652e-02,5.835187e-01,1.441693e-03,2.152296e-02
4.606541e-02,3.283257e-02,6.591880e-03,1.455420e-02,3.284825e-02,9.969957e-02,6.839707e-03,1.845901e-02,7.284075e-02,2.373758e-03,3.406258e-03,3.308178e-02,6.130072e-01,1.173013e-03,1.622655e-02
4.475063e-02,3.410397e-02,6.144229e-03,1.193986e-02,3.113781e-02,9.487716e-02,2.156342e-02,5.966713e-02,7.800802e-02,3.444386e-03,2.907401e-03,2.648700e-02,5.700507e-01,1.002644e-03,1.391559e-02
5.192212e-02,3.170881e-02,7.608185e-03,1.373853e-02,2.409396e-02,9.747716e-02,1.763822e-02,7.122301e-02,7.497489e-02,6.649961e-03,4.734184e-03,2.320562e-02,5.593897e-01,1.018410e-03,1.461719e-02
7.966386e-02,3.464347e-02,7.336206e-03,1.121514e-02,2.055624e-02,1.249857e-01,1.672865e-02,5.695608e-02,9.724021e-02,5.916366e-03,4.344099e-03,2.065176e-02,5.003683e-01,1.242975e-03,1.815094e-02
9.726926e-02,3.494825e-02,6.987029e-03,9.029793e-03,2.207646e-02,1.495731e-01,1.590407e-02,4.578949e-02,1.218228e-01,4.882744e-03,3.586696e-03,1.776477e-02,4.515008e-01,1.251300e-03,1.761341e-02
1.172221e-01,3.769940e-02,6.186032e-03,8.510611e-03,3.261190e-02,1.471491e-01,1.720567e-02,3.541764e-02,1.402788e-01,4.370712e-03,3.797817e-03,1.893925e-02,4.099944e-01,1.360932e-03,1.925566e-02
1.338563e-01,4.588733e-02,1.050665e-02,1.192315e-02,4.461631e-02,1.438956e-01,1.679381e-02,6.105908e-02,1.422059e-01,6.579788e-03,4.636432e-03,1.948442e-02,3.276517e-01,3.133854e-03,2.776967e-02
1.148940e-01,4.352894e-02,9.838530e-03,1.174579e-02,8.548160e-02,1.110791e-01,1.462971e-01,5.927217e-02,1.280796e-01,6.235684e-03,4.275588e-03,1.791053e-02,2.377261e-01,2.378515e-03,2.125680e-02
1.792400e-01,5.613851e-02,8.586377e-03,1.253182e-02,1.097586e-01,9.763256e-02,1.251571e-01,4.927875e-02,1.357544e-01,6.848548e-03,4.529273e-03,2.026348e-02,1.728522e-01,2.997762e-03,1.843061e-02
2.506689e-01,5.394850e-02,7.921462e-03,1.107794e-02,1.236304e-01,9.357368e-02,9.462736e-02,4.268473e-02,1.292249e-01,6.298809e-03,3.776792e-03,2.159650e-02,1.412610e-01,2.862071e-03,1.684694e-02
3.648832e-01,4.577282e-02,6.186801e-03,9.650742e-03,9.930637e-02,7.528228e-02,7.009002e-02,3.315865e-02,1.138533e-01,5.397717e-03,3.634863e-03,2.122086e-02,1.332367e-01,2.589582e-03,1.573610e-02
4.127588e-01,3.667484e-02,5.615762e-03,8.356273e-03,8.470108e-02,6.605068e-02,8.468309e-02,5.199787e-02,1.026553e-01,4.667503e-03,3.625719e-03,1.912869e-02,1.022610e-01,2.188863e-03,1.463456e-02
4.910049e-01,3.083292e-02,4.394180e-03,7.566328e-03,7.565485e-02,6.499462e-02,6.216707e-02,3.937717e-02,1.047223e-01,4.113129e-03,3.302014e-03,1.592156e-02,8.001597e-02,1.926471e-03,1.400650e-02
1.000000e+00,0.000000e+00,0.000000e+00,0.000000e+00,0.000000e+00,0.000000e+00,0.000000e+00,0.000000e+00,0.000000e+00,0.000000e+00,0.000000e+00,0.000000e+00,0.000000e+00,0.000000e+00,0.000000e+00
1.000000e+00,0.000000e+00,0.000000e+00,0.000000e+00,0.000000e+00,0.000000e+00,0.000000e+00,0.000000e+00,0.000000e+00,0.000000e+00,0.000000e+00,0.000000e+00,0.000000e+00,0.000000e+00,0.000000e+00
1.000000e+00,0.000000e+00,0.000000e+00,0.000000e+00,0.000000e+00,0.000000e+00,0.000000e+00,0.000000e+00,0.000000e+00,0.000000e+00,0.000000e+00,0.000000e+00,0.000000e+00,0.000000e+00,0.000000e+00
1.000000e+00,0.000000e+00,0.000000e+00,0.000000e+00,0.000000e+00,0.000000e+00,0.000000e+00,0.000000e+00,0.000000e+00,0.000000e+00,0.000000e+00,0.000000e+00,0.000000e+00,0.000000e+00,0.000000e+00
1.000000e+00,0.000000e+00,0.000000e+00,0.000000e+00,0.000000e+00,0.000000e+00,0.000000e+00,0.000000e+00,0.000000e+00,0.000000e+00,0.000000e+00,0.000000e+00,0.000000e+00,0.000000e+00,0.000000e+00
1.000000e+00,0.000000e+00,0.000000e+00,0.000000e+00,0.000000e+00,0.000000e+00,0.000000e+00,0.000000e+00,0.000000e+00,0.000000e+00,0.000000e+00,0.000000e+00,0.000000e+00,0.000000e+00,0.000000e+00
1.000000e+00,0.000000e+00,0.000000e+00,0.000000e+00,0.000000e+00,0.000000e+00,0.000000e+00,0.000000e+00,0.000000e+00,0.000000e+00,0.000000e+00,0.000000e+00,0.000000e+00,0.000000e+00,0.000000e+00
1.000000e+00,0.000000e+00,0.000000e+00,0.000000e+00,0.000000e+00,0.000000e+00,0.000000e+00,0.000000e+00,0.000000e+00,0.000000e+00,0.000000e+00,0.000000e+00,0.000000e+00,0.000000e+00,0.000000e+00
1.000000e+00,0.000000e+00,0.000000e+00,0.000000e+00,0.000000e+00,0.000000e+00,0.000000e+00,0.000000e+00,0.000000e+00,0.000000e+00,0.000000e+00,0.000000e+00,0.000000e+00,0.000000e+00,0.000000e+00
1.000000e+00,0.000000e+00,0.000000e+00,0.000000e+00,0.000000e+00,0.000000e+00,0.000000e+00,0.000000e+00,0.000000e+00,0.000000e+00,0.000000e+00,0.000000e+00,0.000000e+00,0.000000e+00,0.000000e+00
1.000000e+00,0.000000e+00,0.000000e+00,0.000000e+00,0.000000e+00,0.000000e+00,0.000000e+00,0.000000e+00,0.000000e+00,0.000000e+00,0.000000e+00,0.000000e+00,0.000000e+00,0.000000e+00,0.000000e+00
1.000000e+00,0.000000e+00,0.000000e+00,0.000000e+00,0.000000e+00,0.000000e+00,0.000000e+00,0.000000e+00,0.000000e+00,0.000000e+00,0.000000e+00,0.000000e+00,0.000000e+00,0.000000e+00,0.000000e+00
4.517997e-01,1.569064e-02,8.240798e-03,1.299644e-02,1.254476e-02,5.024391e-02,9.345092e-03,1.018573e-02,1.869690e-02,1.250322e-03,5.585751e-03,2.298325e-02,3.640777e-01,3.648465e-03,1.271057e-02
3.713686e-01,1.677904e-02,6.892491e-03,9.958804e-03,1.199899e-02,4.366834e-02,1.080902e-02,1.139422e-02,1.766782e-02,1.172127e-03,4.737568e-03,2.182378e-02,4.575667e-01,3.356659e-03,1.080592e-02
3.143610e-01,1.914901e-02,1.708214e-02,1.432687e-02,3.695257e-02,6.448257e-02,9.063981e-02,2.228333e-02,1.695953e-02,1.959825e-03,4.737070e-03,1.799975e-02,3.639227e-01,3.088594e-03,1.205521e-02
3.911345e-01,1.632709e-02,1.472859e-02,1.478456e-02,3.148071e-02,8.416167e-02,6.905212e-02,1.929838e-02,1.611549e-02,1.966780e-03,4.839715e-03,1.779222e-02,2.978139e-01,3.662048e-03,1.684223e-02
4.110021e-01,1.595238e-02,1.312125e-02,1.438459e-02,2.952772e-02,1.045759e-01,5.898944e-02,1.455664e-02,1.781403e-02,2.551546e-03,5.293320e-03,1.563456e-02,2.736860e-01,3.335685e-03,1.957486e-02
4.190361e-01,1.750043e-02,9.914165e-03,1.515202e-02,2.888857e-02,8.378989e-02,4.473849e-02,1.089699e-02,2.817344e-02,2.573685e-03,6.509696e-03,1.635312e-02,2.888319e-01,2.912766e-03,2.472875e-02
3.320254e-01,1.922368e-02,7.498179e-03,1.193900e-02,2.304906e-02,6.241790e-02,3.259916e-02,8.082216e-03,3.448524e-02,2.173774e-03,5.255248e-03,1.808164e-02,4.180216e-01,2.202626e-03,2.294527e-02
3.127096e-01,1.668683e-02,5.476115e-03,9.259996e-03,2.127505e-02,4.914042e-02,2.371250e-02,6.162524e-03,3.984130e-02,1.673023e-03,4.505529e-03,2.016507e-02,4.675903e-01,1.711768e-03,2.008994e-02
2.467269e-01,1.481609e-02,3.978705e-03,6.806278e-03,1.759580e-02,3.693265e-02,1.682133e-02,4.578925e-03,3.541957e-02,1.226900e-03,3.353792e-03,2.757772e-02,5.672991e-01,1.232535e-03,1.563373e-02
1.888500e-01,1.712575e-02,2.947699e-03,5.255952e-03,1.367672e-02,2.941753e-02,1.194488e-02,3.378648e-03,5.557232e-02,9.930866e-04,2.780249e-03,3.066531e-02,6.233079e-01,9.465110e-04,1.313748e-02
1.357348e-01,1.906524e-02,3.619393e-03,3.986876e-03,1.351588e-02,2.966959e-02,1.272423e-02,1.175921e-02,8.224353e-02,1.125028e-03,2.576714e-03,2.781171e-02,6.381086e-01,8.976481e-04,1.716160e-02
1.035471e-01,1.542677e-02,3.220157e-03,3.029782e-03,1.089344e-02,2.586769e-02,1.351596e-02,1.589108e-02,7.085303e-02,1.101772e-03,2.274411e-03,2.702804e-02,6.923899e-01,7.471580e-04,1.421367e-02
8.314317e-02,2.332992e-02,2.942764e-03,2.791758e-03,9.884996e-03,2.933452e-02,1.151060e-02,1.394429e-02,8.101466e-02,1.864664e-03,2.303018e-03,2.939048e-02,6.958413e-01,8.480519e-04,1.185583e-02
6.754080e-02,3.447327e-02,3.091316e-03,2.242108e-03,9.680480e-03,2.810947e-02,1.143933e-02,1.617901e-02,9.038844e-02,1.770259e-03,2.194157e-03,3.741071e-02,6.858325e-01,7.875875e-04,8.860509e-03
5.214823e-02,4.761476e-02,2.936752e-03,1.700517e-03,9.009377e-03,2.704842e-02,1.056238e-02,1.364501e-02,9.327818e-02,1.647479e-03,1.813355e-03,5.037774e-02,6.803537e-01,6.557432e-04,7.208327e-03
