1.000000e+00,0.000000e+00,0.000000e+00,0.000000e+00,0.000000e+00,0.000000e+00,0.000000e+00,0.000000e+00,0.000000e+00,0.000000e+00,0.000000e+00,0.000000e+00,0.000000e+00,0.000000e+00,0.000000e+00
1.000000e+00,0.000000e+00,0.000000e+00,0.000000e+00,0.000000e+00,0.000000e+00,0.000000e+00,0.000000e+00,0.000000e+00,0.000000e+00,0.000000e+00,0.000000e+00,0.000000e+00,0.000000e+00,0.000000e+00
1.000000e+00,0.000000e+00,0.000000e+00,0.000000e+00,0.000000e+00,0.000000e+00,0.000000e+00,0.000000e+00,0.000000e+00,0.000000e+00,0.000000e+00,0.000000e+00,0.000000e+00,0.000000e+00,0.000000e+00
1.000000e+00,0.000000e+00,0.000000e+00,0.000000e+00,0.000000e+00,0.000000e+00,0.000000e+00,0.000000e+00,0.000000e+00,0.000000e+00,0.000000e+00,0.000000e+00,0.000000e+00,0.000000e+00,0.000000e+00
1.000000e+00,0.000000e+00,0.000000e+00,0.000000e+00,0.000000e+00,0.000000e+00,0.000000e+00,0.000000e+00,0.000000e+00,0.000000e+00,0.000000e+00,0.000000e+00,0.000000e+00,0.000000e+00,0.000000e+00
1.000000e+00,0.000000e+00,0.000000e+00,0.000000e+00,0.000000e+00,0.000000e+00,0.000000e+00,0.000000e+00,0.000000e+00,0.000000e+00,0.000000e+00,0.000000e+00,0.000000e+00,0.000000e+00,0.000000e+00
1.000000e+00,0.000000e+00,0.000000e+00,0.000000e+00,0.000000e+00,0.000000e+00,0.000000e+00,0.000000e+00,0.000000e+00,0.000000e+00,0.000000e+00,0.000000e+00,0.000000e+00,0.000000e+00,0.000000e+00
1.000000e+00,0.000000e+00,0.000000e+00,0.000000e+00,0.000000e+00,0.000000e+00,0.000000e+00,0.000000e+00,0.000000e+00,0.000000e+00,0.000000e+00,0.000000e+00,0.000000e+00,0.000000e+00,0.000000e+00
1.000000e+00,0.000000e+00,0.000000e+00,0.000000e+00,0.000000e+00,0.000000e+00,0.000000e+00,0.000000e+00,0.000000e+00,0.000000e+00,0.000000e+00,0.000000e+00,0.000000e+00,0.000000e+00,0.000000e+00
1.000000e+00,0.000000e+00,0.000000e+00,0.000000e+00,0.000000e+00,0.000000e+00,0.000000e+00,0.000000e+00,0.000000e+00,0.000000e+00,0.000000e+00,0.000000e+00,0.000000e+00,0.000000e+00,0.000000e+00
1.000000e+00,0.000000e+00,0.000000e+00,0.000000e+00,0.000000e+00,0.000000e+00,0.000000e+00,0.000000e+00,0.000000e+00,0.000000e+00,0.000000e+00,0.000000e+00,0.000000e+00,0.000000e+00,0.000000e+00
1.000000e+00,0.000000e+00,0.000000e+00,0.000000e+00,0.000000e+00,0.000000e+00,0.000000e+00,0.000000e+00,0.000000e+00,0.000000e+00,0.000000e+00,0.000000e+00,0.000000e+00,0.000000e+00,0.000000e+00
1.000000e+00,0.000000e+00,0.000000e+00,0.000000e+00,0.000000e+00,0.000000e+00,0.000000e+00,0.000000e+00,0.000000e+00,0.000000e+00,0.000000e+00,0.000000e+00,0.000000e+00,0.000000e+00,0.000000e+00
1.000000e+00,0.000000e+00,0.000000e+00,0.000000e+00,0.000000e+00,0.000000e+00,0.000000e+00,0.000000e+00,0.000000e+00,0.000000e+00,0.000000e+00,0.000000e+00,0.000000e+00,0.000000e+00,0.000000e+00
1.000000e+00,0.000000e+00,0.000000e+00,0.000000e+00,0.000000e+00,0.000000e+00,0.000000e+00,0.000000e+00,0.000000e+00,0.000000e+00,0.000000e+00,0.000000e+00,0.000000e+00,0.000000e+00,0.000000e+00
1.000000e+00,0.000000e+00,0.000000e+00,0.000000e+00,0.000000e+00,0.000000e+00,0.000000e+00,0.000000e+00,0.000000e+00,0.000000e+00,0.000000e+00,0.000000e+00,0.000000e+00,0.000000e+00,0.000000e+00
1.000000e+00,0.000000e+00,0.000000e+00,0.000000e+00,0.000000e+00,0.000000e+00,0.000000e+00,0.000000e+00,0.000000e+00,0.000000e+00,0.000000e+00,0.000000e+00,0.000000e+00,0.000000e+00,0.000000e+00
1.000000e+00,0.000000e+00,0.000000e+00,0.000000e+00,0.000000e+00,0.000000e+00,0.000000e+00,0.000000e+00,0.000000e+00,0.000000e+00,0.000000e+00,0.000000e+00,0.000000e+00,0.000000e+00,0.000000e+00
1.000000e+00,0.000000e+00,0.000000e+00,0.000000e+00,0.000000e+00,0.000000e+00,0.000000e+00,0.000000e+00,0.000000e+00,0.000000e+00,0.000000e+00,0.000000e+00,0.000000e+00,0.000000e+00,0.000000e+00
1.000000e+00,0.000000e+00,0.000000e+00,0.000000e+00,0.000000e+00,0.000000e+00,0.000000e+00,0.000000e+00,0.000000e+00,0.000000e+00,0.000000e+00,0.000000e+00,0.000000e+00,0.000000e+00,0.000000e+00
1.000000e+00,0.000000e+00,0.000000e+00,0.000000e+00,0.000000e+00,0.000000e+00,0.000000e+00,0.000000e+00,0.000000e+00,0.000000e+00,0.000000e+00,0.000000e+00,0.000000e+00,0.000000e+00,0.000000e+00
1.000000e+00,0.000000e+00,0.000000e+00,0.000000e+00,0.000000e+00,0.000000e+00,0.000000e+00,0.000000e+00,0.000000e+00,0.000000e+00,0.000000e+00,0.000000e+00,0.000000e+00,0.000000e+00,0.000000e+00
1.000000e+00,0.000000e+00,0.000000e+00,0.000000e+00,0.000000e+00,0.000000e+00,0.000000e+00,0.000000e+00,0.000000e+00,0.000000e+00,0.000000e+00,0.000000e+00,0.000000e+00,0.000000e+00,0.000000e+00
1.000000e+00,0.000000e+00,0.000000e+00,0.000000e+00,0.000000e+00,0.000000e+00,0.000000e+00,0.000000e+00,0.000000e+00,0.000000e+00,0.000000e+00,0.000000e+00,0.000000e+00,0.000000e+00,0.000000e+00
1.000000e+00,0.000000e+00,0.000000e+00,0.000000e+00,0.000000e+00,0.000000e+00,0.000000e+00,0.000000e+00,0.000000e+00,0.000000e+00,0.000000e+00,0.000000e+00,0.000000e+00,0.000000e+00,0.000000e+00
1.000000e+00,0.000000e+00,0.000000e+00,0.000000e+00,0.000000e+00,0.000000e+00,0.000000e+00,0.000000e+00,0.000000e+00,0.000000e+00,0.000000e+00,0.000000e+00,0.000000e+00,0.000000e+00,0.000000e+00
1.000000e+00,0.000000e+00,0.000000e+00,0.000000e+00,0.000000e+00,0.000000e+00,0.000000e+00,0.000000e+00,0.000000e+00,0.000000e+00,0.000000e+00,0.000000e+00,0.000000e+00,0.000000e+00,0.000000e+00
1.000000e+00,0.000000e+00,0.000000e+00,0.000000e+00,0.000000e+00,0.000000e+00,0.000000e+00,0.000000e+00,0.000000e+00,0.000000e+00,0.000000e+00,0.000000e+00,0.000000e+00,0.000000e+00,0.000000e+00
1.000000e+00,0.000000e+00,0.000000e+00,0.000000e+00,0.000000e+00,0.000000e+00,0.000000e+00,0.000000e+00,0.000000e+00,0.000000e+00,0.000000e+00,0.000000e+00,0.000000e+00,0.000000e+00,0.000000e+00
1.000000e+00,0.000000e+00,0.000000e+00,0.000000e+00,0.000000e+00,0.000000e+00,0.000000e+00,0.000000e+00,0.000000e+00,0.000000e+00,0.000000e+00,0.000000e+00,0.000000e+00,0.000000e+00,0.000000e+00
1.000000e+00,0.000000e+00,0.000000e+00,0.000000e+00,0.000000e+00,0.000000e+00,0.000000e+00,0.000000e+00,0.000000e+00,0.000000e+00,0.000000e+00,0.000000e+00,0.000000e+00,0.000000e+00,0.000000e+00
1.000000e+00,0.000000e+00,0.000000e+00,0.000000e+00,0.000000e+00,0.000000e+00,0.000000e+00,0.000000e+00,0.000000e+00,0.000000e+00,0.000000e+00,0.000000e+00,0.000000e+00,0.000000e+00,0.000000e+00
1.000000e+00,0.000000e+00,0.000000e+00,0.000000e+00,0.000000e+00,0.000000e+00,0.000000e+00,0.000000e+00,0.000000e+00,0.000000e+00,0.000000e+00,0.000000e+00,0.000000e+00,0.000000e+00,0.000000e+00
1.000000e+00,0.000000e+00,0.000000e+00,0.000000e+00,0.000000e+00,0.000000e+00,0.000000e+00,0.000000e+00,0.000000e+00,0.000000e+00,0.000000e+00,0.000000e+00,0.000000e+00,0.000000e+00,0.000000e+00
1.000000e+00,0.000000e+00,0.000000e+00,0.000000e+00,0.000000e+00,0.000000e+00,0.000000e+00,0.000000e+00,0.000000e+00,0.000000e+00,0.000000e+00,0.000000e+00,0.000000e+00,0.000000e+00,0.000000e+00
1.000000e+00,0.000000e+00,0.000000e+00,0.000000e+00,0.000000e+00,0.000000e+00,0.000000e+00,0.000000e+00,0.000000e+00,0.000000e+00,0.000000e+00,0.000000e+00,0.000000e+00,0.000000e+00,0.000000e+00
1.000000e+00,0.000000e+00,0.000000e+00,0.000000e+00,0.000000e+00,0.000000e+00,0.000000e+00,0.000000e+00,0.000000e+00,0.000000e+00,0.000000e+00,0.000000e+00,0.000000e+00,0.000000e+00,0.000000e+00
1.000000e+00,0.000000e+00,0.000000e+00,0.000000e+00,0.000000e+00,0.000000e+00,0.000000e+00,0.000000e+00,0.000000e+00,0.000000e+00,0.000000e+00,0.000000e+00,0.000000e+00,0.000000e+00,0.000000e+00
1.000000e+00,0.000000e+00,0.000000e+00,0.000000e+00,0.000000e+00,0.000000e+00,0.000000e+00,0.000000e+00,0.000000e+00,0.000000e+00,0.000000e+00,0.000000e+00,0.000000e+00,0.000000e+00,0.000000e+00
1.000000e+00,0.000000e+00,0.000000e+00,0.000000e+00,0.000000e+00,0.000000e+00,0.000000e+00,0.000000e+00,0.000000e+00,0.000000e+00,0.000000e+00,0.000000e+00,0.000000e+00,0.000000e+00,0.000000e+00
1.000000e+00,0.000000e+00,0.000000e+00,0.000000e+00,0.000000e+00,0.000000e+00,0.000000e+00,0.000000e+00,0.000000e+00,0.000000e+00,0.000000e+00,0.000000e+00,0.000000e+00,0.000000e+00,0.000000e+00
1.000000e+00,0.000000e+00,0.000000e+00,0.000000e+00,0.000000e+00,0.000000e+00,0.000000e+00,0.000000e+00,0.000000e+00,0.000000e+00,0.000000e+00,0.000000e+00,0.000000e+00,0.000000e+00,0.000000e+00
1.000000e+00,0.000000e+00,0.000000e+00,0.000000e+00,0.000000e+00,0.000000e+00,0.000000e+00,0.000000e+00,0.000000e+00,0.000000e+00,0.000000e+00,0.000000e+00,0.000000e+00,0.000000e+00,0.000000e+00
1.000000e+00,0.000000e+00,0.000000e+00,0.000000e+00,0.000000e+00,0.000000e+00,0.000000e+00,0.000000e+00,0.000000e+00,0.000000e+00,0.000000e+00,0.000000e+00,0.000000e+00,0.000000e+00,0.000000e+00
1.000000e+00,0.000000e+00,0.000000e+00,0.000000e+00,0.000000e+00,0.000000e+00,0.000000e+00,0.000000e+00,0.000000e+00,0.000000e+00,0.000000e+00,0.000000e+00,0.000000e+00,0.000000e+00,0.000000e+00
1.000000e+00,0.000000e+00,0.000000e+00,0.000000e+00,0.000000e+00,0.000000e+00,0.000000e+00,0.000000e+00,0.000000e+00,0.000000e+00,0.000000e+00,0.000000e+00,0.000000e+00,0.000000e+00,0.000000e+00
1.000000e+00,0.000000e+00,0.000000e+00,0.000000e+00,0.000000e+00,0.000000e+00,0.000000e+00,0.000000e+00,0.000000e+00,0.000000e+00,0.000000e+00,0.000000e+00,0.000000e+00,0.000000e+00,0.000000e+00
1.000000e+00,0.000000e+00,0.000000e+00,0.000000e+00,0.000000e+00,0.000000e+00,0.000000e+00,0.000000e+00,0.000000e+00,0.000000e+00,0.000000e+00,0.000000e+00,0.000000e+00,0.000000e+00,0.000000e+00
4.883863e-01,1.304096e-02,8.479026e-03,3.249162e-02,2.989461e-01,2.384361e-02,5.500015e-02,8.769660e-03,4.762372e-03,8.614754e-03,1.513321e-02,1.491838e-02,1.346726e-02,3.349062e-03,1.079752e-02
4.922073e-01,9.967957e-03,6.688944e-03,2.501776e-02,3.056632e-01,1.957637e-02,4.865870e-02,7.189360e-03,4.590261e-03,1.670497e-02,1.788106e-02,1.424743e-02,1.291057e-02,3.713320e-03,1.498282e-02
3.708057e-01,8.215422e-03,5.114255e-03,3.346472e-02,2.264663e-01,2.138825e-02,8.841848e-02,5.491473e-03,4.492937e-03,4.294048e-02,9.938730e-02,2.423301e-02,3.676765e-02,4.344647e-03,2.846942e-02
2.778030e-01,6.567668e-03,3.841199e-03,3.675858e-02,1.641230e-01,2.674517e-02,9.697994e-02,4.064413e-03,6.784926e-03,5.427508e-02,1.281931e-01,8.313491e-02,7.935775e-02,4.294379e-03,2.707688e-02
2.047084e-01,4.893435e-03,2.953570e-03,4.136903e-02,1.164476e-01,2.847613e-02,7.127918e-02,3.613410e-03,1.511736e-02,4.649293e-02,1.564407e-01,1.139805e-01,1.593010e-01,4.087326e-03,3.083938e-02
1.473797e-01,3.759857e-03,2.321548e-03,3.740817e-02,8.476176e-02,2.752990e-02,5.338882e-02,2.688094e-03,8.904289e-02,3.516937e-02,1.557171e-01,1.681557e-01,1.631489e-01,3.351877e-03,2.617634e-02
1.433409e-01,3.815736e-03,2.530014e-03,5.399776e-02,8.768001e-02,2.964097e-02,4.833850e-02,2.477527e-03,1.897057e-01,3.006754e-02,1.192364e-01,1.365452e-01,1.262055e-01,3.942527e-03,2.247572e-02
1.012350e-01,3.038146e-03,2.497372e-03,4.376515e-02,6.454664e-02,3.684526e-02,3.506135e-02,2.300054e-03,1.788124e-01,2.897586e-02,1.264167e-01,1.959201e-01,1.579887e-01,3.905721e-03,1.869155e-02
7.205217e-02,2.331079e-03,1.863862e-03,3.375229e-02,4.635974e-02,4.260837e-02,2.477112e-02,1.731080e-03,1.536668e-01,2.693649e-02,1.210050e-01,2.905988e-01,1.636479e-01,4.291382e-03,1.438397e-02
5.280228e-02,2.190268e-03,1.509477e-03,2.646872e-02,3.493325e-02,3.880131e-02,1.758813e-02,1.309430e-03,1.431487e-01,3.117665e-02,1.086903e-01,3.896234e-01,1.338732e-01,6.508224e-03,1.137673e-02
3.825075e-02,1.875467e-03,1.160136e-03,1.957408e-02,2.523934e-02,2.954474e-02,1.240570e-02,1.006468e-03,1.179760e-01,3.178314e-02,8.619972e-02,5.127158e-01,1.080671e-01,5.770679e-03,8.430882e-03
3.026084e-02,3.987531e-03,1.226890e-03,1.440983e-02,2.000798e-02,2.173643e-02,8.770098e-03,1.022031e-03,1.213215e-01,4.424617e-02,9.231871e-02,5.348725e-01,8.784770e-02,1.132350e-02,6.648265e-03
2.158573e-02,3.623886e-03,1.156886e-03,1.042686e-02,1.513352e-02,1.574093e-02,6.165312e-03,1.816267e-03,1.349439e-01,3.587911e-02,7.011471e-02,6.029739e-01,6.708696e-02,8.487934e-03,4.864002e-03
1.540811e-02,3.049992e-03,9.487167e-04,7.423988e-03,2.333109e-02,1.129402e-02,4.712904e-03,1.467927e-03,2.629338e-01,2.741688e-02,5.271403e-02,5.263313e-01,5.329645e-02,6.164609e-03,3.506176e-03
1.109931e-02,9.563491e-03,1.548685e-03,5.298813e-03,1.941293e-02,8.112790e-03,3.343603e-03,1.351782e-03,3.630871e-01,2.598328e-02,4.169704e-02,4.594133e-01,4.244272e-02,4.923370e-03,2.721771e-03
7.922851e-03,6.639450e-02,2.997474e-03,3.751077e-03,1.473368e-02,6.065106e-03,2.378331e-03,1.204471e-03,4.519945e-01,2.031260e-02,3.383443e-02,3.473490e-01,3.308550e-02,5.422455e-03,2.554019e-03
5.940026e-03,6.695040e-02,3.201794e-03,2.705280e-03,1.180987e-02,6.547492e-03,1.683109e-03,1.451815e-03,4.963061e-01,1.854701e-02,7.051843e-02,2.728354e-01,2.402806e-02,1.357241e-02,3.902823e-03
5.024775e-03,7.486784e-02,5.308392e-03,1.999455e-03,1.004507e-02,6.014274e-03,1.190542e-03,1.560587e-03,4.428814e-01,1.729556e-02,1.755581e-01,1.967923e-01,1.723999e-02,3.538914e-02,8.832583e-03
6.252231e-03,1.065713e-01,1.651858e-02,1.862327e-03,1.088051e-02,7.420905e-03,9.028818e-04,3.047738e-03,4.364812e-01,1.601172e-02,1.985055e-01,1.394085e-01,1.254195e-02,3.465888e-02,8.935692e-03
6.519502e-03,1.054678e-01,1.806734e-02,1.860321e-03,1.430322e-02,7.295426e-03,6.894636e-04,4.810651e-03,4.601341e-01,1.577179e-02,2.156034e-01,9.873446e-02,9.086408e-03,3.051225e-02,1.114382e-02
1.298854e-02,1.225444e-01,1.988446e-02,3.369604e-03,4.110517e-02,7.584027e-03,6.045245e-04,1.219747e-02,4.470385e-01,1.638652e-02,1.937425e-01,6.944458e-02,6.515533e-03,3.128979e-02,1.530433e-02
1.477720e-02,1.032588e-01,1.742209e-02,3.147032e-03,3.067853e-02,7.623580e-03,4.298010e-04,8.968681e-03,5.311689e-01,1.578378e-02,1.372777e-01,4.877479e-02,4.684918e-03,2.471393e-02,5.129024e-02
1.924265e-02,9.228291e-02,1.845584e-02,2.508555e-03,2.670269e-02,1.159224e-02,3.259320e-04,9.563902e-03,5.696988e-01,1.153763e-02,1.020389e-01,3.432129e-02,3.413102e-03,5.436617e-02,4.394941e-02
1.888366e-02,8.125847e-02,1.453425e-02,1.857687e-03,2.101631e-02,1.291962e-02,2.415318e-04,7.960537e-03,5.964680e-01,8.448923e-03,8.268356e-02,2.420488e-02,2.537904e-03,9.225763e-02,3.472704e-02
2.385445e-02,8.900314e-02,1.130336e-02,1.697282e-03,1.876052e-02,1.893351e-02,2.094294e-04,9.592338e-03,5.341942e-01,9.398097e-03,8.277053e-02,1.749960e-02,2.274717e-03,1.342823e-01,4.622657e-02
3.133621e-02,8.870699e-02,9.108374e-03,1.778891e-03,1.767415e-02,1.866339e-02,2.014265e-04,9.639370e-03,4.633594e-01,8.959099e-03,7.812935e-02,1.250683e-02,1.941555e-03,2.092338e-01,4.876118e-02
3.589662e-02,7.227673e-02,8.363456e-03,3.670580e-03,1.411439e-02,1.555088e-02,1.910105e-04,8.205478e-03,3.673798e-01,1.542095e-02,6.004040e-02,9.752578e-03,2.249594e-03,1.902066e-01,1.966809e-01
2.920967e-02,5.471164e-02,7.205788e-03,2.783263e-03,1.023172e-02,1.240795e-02,1.687499e-04,5.851734e-03,2.791618e-01,2.029299e-01,5.597483e-02,7.860484e-03,6.186611e-03,1.458470e-01,1.794689e-01
2.226343e-02,4.357437e-02,7.071714e-03,2.423083e-03,7.305801e-03,1.015064e-02,1.804880e-04,4.176059e-03,2.057997e-01,3.547643e-01,5.523141e-02,6.964709e-03,1.085679e-02,1.136503e-01,1.555872e-01
1.594534e-02,3.119513e-02,5.519670e-03,2.325676e-03,5.473725e-03,7.394932e-03,1.574949e-04,3.041311e-03,1.520195e-01,4.600762e-01,5.402911e-02,1.103084e-02,2.110269e-02,8.613863e-02,1.445498e-01
1.143010e-02,2.215405e-02,4.225509e-03,2.563122e-03,5.081126e-03,6.076910e-03,2.195585e-04,2.395613e-03,1.166426e-01,4.286049e-01,1.352282e-01,2.221495e-02,3.472697e-02,8.958774e-02,1.188487e-01
8.207483e-03,1.569395e-02,3.543087e-03,2.200723e-03,6.314327e-03,4.840641e-03,5.114672e-04,2.336834e-03,8.918587e-02,3.612202e-01,1.788929e-01,3.812906e-02,7.083328e-02,1.180644e-01,1.000257e-01
6.023224e-03,1.120182e-02,3.004163e-03,2.149307e-03,4.972356e-03,4.623177e-03,6.241687e-04,1.678809e-03,7.338475e-02,2.933858e-01,1.455655e-01,1.611652e-01,6.719417e-02,1.518424e-01,7.318517e-02
5.275096e-03,8.163344e-03,2.506422e-03,2.953122e-03,4.234299e-03,1.102702e-02,7.106548e-04,1.312959e-03,6.148507e-02,2.152072e-01,1.168214e-01,2.385725e-01,1.112528e-01,1.658526e-01,5.462558e-02
4.598697e-03,6.146781e-03,1.928500e-03,2.538842e-03,5.333756e-03,1.096935e-02,7.525369e-04,1.067968e-03,4.761947e-02,1.692829e-01,9.434298e-02,3.463513e-01,1.174816e-01,1.508464e-01,4.073894e-02
5.308757e-03,4.393436e-03,1.552556e-03,2.574667e-03,5.549689e-03,1.023385e-02,1.210143e-03,1.994560e-03,3.825278e-02,1.286111e-01,8.779883e-02,3.494398e-01,1.387763e-01,1.916485e-01,3.265514e-02
4.165823e-03,3.537235e-03,2.605167e-03,2.423379e-03,2.111245e-02,9.429467e-03,5.522754e-03,2.720336e-03,6.063267e-02,1.123623e-01,8.610925e-02,3.708672e-01,1.536700e-01,1.377628e-01,2.707929e-02
3.172409e-03,3.328460e-03,2.861762e-03,1.875143e-03,1.838703e-02,7.831229e-03,6.424360e-03,2.508046e-03,5.497917e-02,1.119548e-01,6.825802e-02,4.789972e-01,1.178739e-01,9.969769e-02,2.185077e-02
2.517914e-03,2.645196e-03,2.599929e-03,1.736135e-03,1.546045e-02,8.033649e-03,5.883478e-03,2.683273e-03,4.946700e-02,1.427500e-01,6.095134e-02,5.160506e-01,9.896203e-02,7.361048e-02,1.664853e-02
2.060517e-03,2.522332e-03,2.405934e-03,1.604673e-03,1.802016e-02,7.386927e-03,6.482903e-03,4.318286e-03,7.277627e-02,2.698400e-01,5.615314e-02,4.016090e-01,8.438273e-02,5.731563e-02,1.312150e-02
1.890648e-03,2.026153e-03,2.096229e-03,1.250074e-03,5.695613e-02,6.174111e-03,2.070270e-02,1.574202e-02,1.489081e-01,2.399927e-01,6.704760e-02,2.949373e-01,9.033357e-02,4.126502e-02,1.067767e-02
3.308566e-03,1.911795e-03,2.920169e-03,2.973403e-03,5.034142e-02,1.428452e-02,2.334902e-02,1.363162e-01,1.119394e-01,1.915517e-01,7.240488e-02,2.523974e-01,9.632529e-02,3.027830e-02,9.698041e-03
6.453567e-03,1.478716e-03,3.966220e-03,4.427395e-03,4.069854e-02,3.197815e-02,4.181179e-02,3.033051e-01,7.907504e-02,1.491983e-01,5.270411e-02,1.852429e-01,6.980624e-02,2.287310e-02,6.980914e-03
7.618175e-03,1.098114e-03,5.181569e-03,4.120379e-03,3.204450e-02,2.772445e-02,1.715647e-01,3.458781e-01,5.563435e-02,1.068889e-01,3.740403e-02,1.336231e-01,4.977555e-02,1.637372e-02,5.070476e-03
9.184351e-03,8.942282e-04,5.642001e-03,3.809420e-03,2.490230e-02,2.158378e-02,2.522786e-01,3.939787e-01,3.931076e-02,7.629532e-02,2.629479e-02,9.520981e-02,3.524551e-02,1.173969e-02,3.630835e-03
9.120777e-03,7.447258e-04,5.288093e-03,3.385637e-03,2.227556e-02,1.805961e-02,3.172777e-01,4.185341e-01,2.809536e-02,5.425196e-02,1.865061e-02,6.752015e-02,2.576676e-02,8.337025e-03,2.692032e-03
1.074370e-02,6.883154e-04,4.437728e-03,2.968410e-03,2.027726e-02,1.808294e-02,3.986632e-01,3.894787e-01,2.063630e-02,4.058756e-02,1.554474e-02,4.800296e-02,2.168760e-02,6.009576e-03,2.191070e-03
1.990784e-02,1.092105e-03,3.737376e-03,2.411403e-03,1.847288e-02,1.536481e-02,4.434475e-01,3.680163e-01,1.856111e-02,3.266449e-02,1.295281e-02,3.397348e-02,2.308421e-02,4.333995e-03,1.979721e-03
3.491667e-02,1.933184e-03,3.444134e-03,2.232195e-03,1.712988e-02,1.371707e-02,4.601634e-01,3.475078e-01,2.483960e-02,2.804387e-02,1.152774e-02,2.475116e-02,2.430930e-02,3.155648e-03,2.328288e-03
4.069735e-02,2.236401e-03,3.460397e-03,2.267374e-03,1.447633e-02,1.141506e-02,5.437687e-01,2.811467e-01,2.669661e-02,2.083953e-02,9.164840e-03,1.889525e-02,1.996188e-02,2.428941e-03,2.544608e-03
5.506675e-02,2.182137e-03,3.685433e-03,2.595423e-03,1.357630e-02,1.015214e-02,5.620181e-01,2.578585e-01,3.061409e-02,1.590501e-02,8.602026e-03,1.454074e-02,1.771291e-02,2.124940e-03,3.365452e-03
1.211259e-01,2.961356e-03,5.796257e-03,3.763782e-03,1.755191e-02,1.075134e-02,4.970990e-01,2.391906e-01,3.423554e-02,1.323658e-02,1.037776e-02,1.198139e-02,2.463049e-02,2.819684e-03,4.478352e-03
2.399399e-01,8.307690e-03,7.313323e-03,5.976711e-03,2.356580e-02,1.250677e-02,3.785214e-01,1.958702e-01,4.794142e-02,1.305557e-02,9.905731e-03,1.248718e-02,2.919940e-02,7.108923e-03,8.299878e-03
3.146961e-01,1.205872e-02,1.106422e-02,7.332154e-03,2.627817e-02,1.452947e-02,2.931171e-01,1.593146e-01,6.885974e-02,1.365229e-02,8.706763e-03,1.251318e-02,3.831823e-02,7.265131e-03,1.229400e-02
3.500234e-01,1.599695e-02,1.600803e-02,7.057221e-03,2.928649e-02,1.395259e-02,2.183616e-01,1.310982e-01,1.114933e-01,1.663709e-02,7.344112e-03,1.098039e-02,3.174654e-02,7.873812e-03,3.214024e-02
3.872900e-01,1.670267e-02,1.592938e-02,6.416025e-03,3.319259e-02,1.320669e-02,1.763854e-01,1.125124e-01,1.209908e-01,2.435340e-02,6.784502e-03,1.004723e-02,2.503498e-02,7.640874e-03,4.351297e-02
4.222855e-01,1.463056e-02,1.502619e-02,6.078738e-03,3.009431e-02,1.825990e-02,1.469331e-01,1.328095e-01,9.947005e-02,2.901166e-02,7.210206e-03,1.365716e-02,1.976120e-02,6.182096e-03,3.858979e-02
4.718197e-01,1.492701e-02,1.283955e-02,7.435877e-03,2.886450e-02,1.785422e-02,1.083200e-01,1.479871e-01,7.814766e-02,3.514362e-02,6.592733e-03,1.512688e-02,1.618140e-02,4.994983e-03,3.376463e-02
4.983554e-01,1.545256e-02,1.205131e-02,9.548824e-03,3.220837e-02,1.818189e-02,8.304192e-02,1.600108e-01,6.189044e-02,3.336694e-02,6.805348e-03,1.863353e-02,1.421873e-02,4.089401e-03,3.214443e-02
3.627068e-01,2.538709e-02,2.179582e-02,1.626169e-02,2.979817e-02,1.855570e-02,6.105817e-02,1.135794e-01,7.476789e-02,1.148951e-01,4.583607e-02,5.996350e-02,1.594050e-02,6.602301e-03,3.285180e-02
2.644927e-01,2.225758e-02,1.780811e-02,2.114014e-02,2.375327e-02,1.984801e-02,4.357735e-02,8.041238e-02,6.224915e-02,1.915125e-01,8.435650e-02,1.047484e-01,2.926569e-02,7.892005e-03,2.668626e-02
1.935787e-01,1.684911e-02,1.370515e-02,2.116454e-02,2.133461e-02,1.605846e-02,3.089611e-02,5.694501e-02,1.396459e-01,1.917783e-01,1.211269e-01,1.081769e-01,3.893501e-02,6.658061e-03,2.314713e-02
1.401774e-01,1.383936e-02,1.049513e-02,2.008332e-02,2.157572e-02,1.637937e-02,2.195936e-02,4.013528e-02,2.061696e-01,2.145142e-01,1.106979e-01,1.037366e-01,4.680771e-02,1.090077e-02,2.252829e-02
1.007676e-01,1.115472e-02,9.042273e-03,2.740704e-02,2.559122e-02,1.665608e-02,1.643870e-02,2.893022e-02,2.721686e-01,2.103533e-01,9.453796e-02,1.114580e-01,4.738064e-02,9.357562e-03,1.875612e-02
7.469083e-02,9.302082e-03,7.028467e-03,2.448862e-02,2.014325e-02,2.222759e-02,1.215830e-02,2.096687e-02,2.324008e-01,3.158102e-01,8.134553e-02,1.130970e-01,3.902053e-02,9.528908e-03,1.779108e-02
5.348557e-02,7.687130e-03,5.689810e-03,2.878481e-02,1.543850e-02,2.148490e-02,8.904374e-03,1.519951e-02,1.944168e-01,4.261580e-01,6.885309e-02,9.754479e-02,3.301443e-02,8.516922e-03,1.482137e-02
4.100044e-02,9.591850e-03,4.573645e-03,2.783058e-02,1.259157e-02,2.155422e-02,6.601290e-03,1.200249e-02,1.979108e-01,4.214084e-01,7.446000e-02,9.952216e-02,4.302803e-02,9.359650e-03,1.856484e-02
3.003388e-02,7.642880e-03,3.308530e-03,2.251862e-02,9.680177e-03,2.136064e-02,4.869617e-03,8.826697e-03,1.611314e-01,4.460182e-01,1.021654e-01,9.849093e-02,5.491279e-02,1.059454e-02,1.844572e-02
2.183625e-02,5.831657e-03,2.387427e-03,1.882442e-02,7.286111e-03,2.283548e-02,3.658136e-03,6.359809e-03,1.248414e-01,3.846634e-01,1.457831e-01,1.417881e-01,8.879694e-02,9.452125e-03,1.565568e-02
1.632858e-02,5.439267e-03,1.767469e-03,1.408702e-02,5.562094e-03,1.804025e-02,2.613290e-03,4.563303e-03,1.025007e-01,3.286535e-01,1.572972e-01,1.887227e-01,1.210454e-01,1.003133e-02,2.334780e-02
1.215374e-02,7.317521e-03,1.894035e-03,1.061459e-02,6.241152e-03,1.370713e-02,1.958192e-03,3.678523e-03,1.082249e-01,2.834240e-01,1.641612e-01,1.811152e-01,1.547427e-01,1.162538e-02,3.914179e-02
1.141434e-02,6.589116e-03,3.322777e-02,8.687756e-03,1.540793e-02,1.223129e-02,2.174619e-03,3.841214e-02,1.039895e-01,2.187538e-01,1.542232e-01,2.015345e-01,1.492587e-01,1.274913e-02,3.134627e-02
1.410737e-02,5.788731e-03,4.800827e-02,8.801332e-03,3.964119e-02,9.723717e-03,3.550972e-03,1.582630e-01,9.593219e-02,1.681569e-01,1.297911e-01,1.549834e-01,1.203727e-01,1.875303e-02,2.412608e-02
2.249735e-02,7.698064e-03,1.224246e-01,1.431176e-02,7.759022e-02,8.390294e-03,3.416631e-03,1.864612e-01,8.545489e-02,1.277209e-01,1.010265e-01,1.138489e-01,9.194329e-02,1.817138e-02,1.904405e-02
2.300002e-02,9.387795e-03,1.484380e-01,1.239971e-02,6.819759e-02,6.282273e-03,2.560294e-03,3.087779e-01,6.494499e-02,9.393403e-02,7.409397e-02,8.213620e-02,6.951073e-02,1.960487e-02,1.673169e-02
2.333180e-02,2.092275e-02,1.894958e-01,1.102407e-02,6.300468e-02,4.860643e-03,2.091688e-03,3.128977e-01,5.636545e-02,7.384759e-02,5.593047e-02,5.899706e-02,5.228376e-02,4.014037e-02,3.480623e-02
2.364614e-02,1.603738e-02,2.071435e-01,9.757426e-03,4.898269e-02,3.755639e-03,1.599511e-03,3.884635e-01,4.612176e-02,5.405644e-02,4.446933e-02,4.226186e-02,4.019057e-02,3.728579e-02,3.622850e-02
2.046112e-02,1.225294e-02,1.667822e-01,1.091358e-02,3.732955e-02,4.561907e-03,1.255222e-03,2.769915e-01,3.713097e-02,2.615206e-01,4.874651e-02,3.209880e-02,3.278147e-02,2.903888e-02,2.813490e-02
1.884653e-02,9.894306e-03,1.414420e-01,2.589161e-02,3.885552e-02,6.856244e-03,1.287590e-03,1.970355e-01,3.511088e-02,2.486907e-01,1.452876e-01,4.035240e-02,4.203395e-02,2.396765e-02,2.444764e-02
1.640204e-02,8.462686e-03,1.079822e-01,5.687080e-02,3.279612e-02,1.138173e-02,1.160758e-03,1.397381e-01,3.971523e-02,1.940001e-01,2.438201e-01,5.557159e-02,5.008576e-02,2.091872e-02,2.109410e-02
1.248644e-02,6.198336e-03,7.711200e-02,5.180647e-02,2.571386e-02,1.051370e-02,8.894184e-04,9.812044e-02,3.346253e-02,1.579164e-01,3.705560e-01,6.527822e-02,5.046154e-02,1.985436e-02,1.963032e-02
9.293060e-03,4.536518e-03,5.616601e-02,3.881788e-02,1.922770e-02,8.162671e-03,6.679184e-04,7.144541e-02,2.734147e-02,1.265001e-01,4.951651e-01,6.271857e-02,4.562566e-02,1.941776e-02,1.491419e-02
7.536503e-03,3.711365e-03,3.961475e-02,2.818203e-02,1.422133e-02,6.711997e-03,4.972646e-04,5.025961e-02,2.731398e-02,1.368066e-01,5.495445e-01,4.883612e-02,3.529236e-02,3.986700e-02,1.160466e-02
6.494631e-03,2.901755e-03,2.790691e-02,2.206351e-02,1.390799e-02,6.408970e-03,3.853610e-04,3.609527e-02,5.509597e-02,1.230920e-01,5.525168e-01,4.542472e-02,3.824199e-02,6.075289e-02,8.711291e-03
9.347718e-03,2.553559e-03,1.975626e-02,1.629623e-02,1.129105e-02,5.974291e-03,2.861472e-04,2.553421e-02,5.447495e-02,1.241167e-01,5.751405e-01,3.565235e-02,2.984824e-02,8.205262e-02,7.675188e-03
1.085526e-02,3.069099e-03,1.441472e-02,1.203725e-02,8.585773e-03,4.712841e-03,2.179982e-04,1.807031e-02,6.299362e-02,1.194548e-01,5.550893e-01,2.967481e-02,2.482631e-02,1.283271e-01,7.670802e-03
1.120998e-02,4.728488e-03,1.059046e-02,8.791209e-03,6.559937e-03,3.733996e-03,1.709260e-04,1.277048e-02,6.809732e-02,1.071551e-01,5.030041e-01,2.626979e-02,1.923681e-02,2.078965e-01,9.784877e-03
1.295045e-02,8.644871e-03,1.082422e-02,8.327806e-03,6.249636e-03,3.903591e-03,3.122211e-04,9.452775e-03,7.663964e-02,9.981585e-02,4.747239e-01,2.599397e-02,1.621156e-02,2.275530e-01,1.839652e-02
1.756926e-02,7.903225e-03,9.005698e-03,6.966697e-03,7.550486e-03,3.077531e-03,2.935034e-04,6.760913e-03,5.982101e-02,8.052199e-02,5.352356e-01,2.322828e-02,1.323197e-02,2.081254e-01,2.070834e-02
2.195003e-02,6.336006e-03,7.871395e-03,6.077072e-03,8.959102e-03,2.914545e-03,3.378697e-04,5.110919e-03,4.775516e-02,7.491507e-02,5.419641e-01,2.432400e-02,1.180774e-02,2.157880e-01,2.388894e-02
1.924123e-02,4.902209e-03,6.473822e-03,5.050960e-03,9.414185e-03,2.720677e-03,3.331547e-04,3.827508e-03,3.798494e-02,7.671787e-02,5.285345e-01,2.341443e-02,1.208438e-02,2.385956e-01,3.070452e-02
1.521763e-02,4.569157e-03,5.173722e-03,4.178347e-03,2.886787e-02,5.097283e-03,9.402315e-04,3.158011e-03,5.903851e-02,1.021396e-01,4.830235e-01,2.194896e-02,1.403579e-02,2.240064e-01,2.860489e-02
1.223275e-02,4.525243e-03,4.701245e-03,3.284699e-03,3.014410e-02,4.846551e-03,1.096163e-03,3.225410e-03,6.240498e-02,1.313009e-01,4.471999e-01,2.084763e-02,1.558652e-02,2.325059e-01,2.609797e-02
1.017504e-02,3.874475e-03,4.080180e-03,2.605535e-03,2.604133e-02,4.038463e-03,1.111120e-03,2.631085e-03,5.221558e-02,1.390278e-01,4.692774e-01,2.084788e-02,1.559111e-02,2.254052e-01,2.307775e-02
2.555252e-02,8.740175e-03,8.711512e-03,2.062167e-03,2.105113e-02,4.415693e-03,1.379329e-03,2.211405e-03,4.355179e-02,1.548113e-01,4.355605e-01,2.287159e-02,1.348194e-02,2.367524e-01,1.884646e-02
3.977392e-02,1.230162e-02,1.282839e-02,1.665428e-03,1.970435e-02,6.067799e-03,1.738990e-03,2.065905e-03,3.873063e-02,1.943525e-01,4.077523e-01,1.974017e-02,1.070197e-02,2.172961e-01,1.527984e-02
4.825310e-02,2.109537e-02,1.541666e-02,1.354563e-03,2.031478e-02,6.463530e-03,1.598036e-03,2.673333e-03,4.404279e-02,2.804709e-01,3.449553e-01,1.667709e-02,8.552510e-03,1.752405e-01,1.289147e-02
5.142360e-02,2.461686e-02,4.321614e-02,1.294530e-03,1.864203e-02,7.986361e-03,3.562444e-03,1.298228e-02,4.043915e-02,3.417844e-01,2.693021e-01,1.710834e-02,7.581812e-03,1.488989e-01,1.116117e-02
6.153613e-02,2.681178e-02,4.795756e-02,1.602970e-03,2.100020e-02,1.112342e-02,5.405359e-03,2.925576e-02,4.020385e-02,3.749277e-01,2.152939e-01,1.870198e-02,6.440918e-03,1.292639e-01,1.047457e-02
6.834787e-02,3.399556e-02,9.749290e-02,5.019414e-03,3.261981e-02,1.243076e-02,5.032725e-03,7.807426e-02,4.022276e-02,3.244706e-01,1.628251e-01,1.961721e-02,5.796046e-03,9.987380e-02,1.418119e-02
8.472151e-02,4.076853e-02,8.742177e-02,5.043957e-03,4.142547e-02,2.641011e-02,4.452865e-03,9.226965e-02,3.922588e-02,3.347439e-01,1.246193e-01,1.692549e-02,4.732986e-03,8.485985e-02,1.237874e-02
9.543850e-02,4.537061e-02,1.067942e-01,4.542583e-03,4.670575e-02,2.272700e-02,4.341127e-03,1.260988e-01,3.616100e-02,3.212044e-01,8.917300e-02,1.296597e-02,3.721945e-03,7.523056e-02,9.524697e-03
1.099043e-01,3.917320e-02,1.093638e-01,3.835076e-03,4.187758e-02,1.881439e-02,4.290079e-03,1.083263e-01,3.033363e-02,3.817556e-01,6.643913e-02,1.100804e-02,3.275422e-03,6.408168e-02,7.521787e-03
1.127854e-01,3.322661e-02,8.663041e-02,3.175641e-03,3.328041e-02,1.489230e-02,3.908957e-03,9.679153e-02,2.683016e-02,4.588086e-01,5.098982e-02,1.217900e-02,3.571782e-03,5.701654e-02,5.912832e-03
1.161829e-01,3.539391e-02,6.922518e-02,3.063773e-03,2.657564e-02,1.271350e-02,7.198074e-03,9.933305e-02,3.320752e-02,4.783875e-01,3.922504e-02,1.379727e-02,4.595221e-03,5.557632e-02,5.525130e-03
1.166577e-01,3.423318e-02,5.132670e-02,2.698069e-03,2.178309e-02,1.097404e-02,1.055874e-02,9.018818e-02,3.164794e-02,5.332605e-01,3.034348e-02,1.182337e-02,4.488913e-03,4.486086e-02,5.155201e-03
1.323548e-01,3.644478e-02,3.877480e-02,2.568647e-03,1.846746e-02,9.497603e-03,4.612843e-02,8.810998e-02,4.718652e-02,4.945644e-01,2.377352e-02,1.017135e-02,4.527139e-03,4.196707e-02,5.463609e-03
1.802390e-01,4.837105e-02,2.881842e-02,2.499795e-03,1.454760e-02,7.805368e-03,4.246045e-02,7.529771e-02,5.729341e-02,4.543518e-01,1.891816e-02,8.479487e-03,3.915718e-03,5.039609e-02,6.605936e-03
2.389365e-01,6.786025e-02,2.140812e-02,2.419492e-03,1.168943e-02,6.522166e-03,3.641887e-02,6.749109e-02,6.982716e-02,3.770658e-01,1.472745e-02,8.035779e-03,3.389106e-03,6.628126e-02,7.927516e-03
3.061249e-01,9.086049e-02,1.779200e-02,3.466739e-03,1.180908e-02,7.407858e-03,3.303617e-02,7.249353e-02,8.076602e-02,2.859159e-01,1.274034e-02,8.886402e-03,3.600159e-03,5.630724e-02,8.793179e-03
3.592609e-01,9.846053e-02,1.562887e-02,4.836293e-03,1.347033e-02,9.088185e-03,3.331600e-02,7.475686e-02,8.774532e-02,2.162863e-01,1.162807e-02,1.200021e-02,4.836463e-03,4.770060e-02,1.098496e-02
4.081166e-01,9.196188e-02,1.576631e-02,6.352148e-03,1.466233e-02,1.261958e-02,4.349849e-02,6.898785e-02,8.570883e-02,1.656592e-01,9.900768e-03,1.553792e-02,6.969932e-03,3.966326e-02,1.459481e-02
4.653394e-01,7.779171e-02,1.617638e-02,7.128772e-03,1.674299e-02,1.560902e-02,3.862506e-02,5.757071e-02,9.192245e-02,1.266543e-01,9.672638e-03,1.931833e-02,7.731504e-03,3.151628e-02,1.820036e-02
1.000000e+00,0.000000e+00,0.000000e+00,0.000000e+00,0.000000e+00,0.000000e+00,0.000000e+00,0.000000e+00,0.000000e+00,0.000000e+00,0.000000e+00,0.000000e+00,0.000000e+00,0.000000e+00,0.000000e+00
1.000000e+00,0.000000e+00,0.000000e+00,0.000000e+00,0.000000e+00,0.000000e+00,0.000000e+00,0.000000e+00,0.000000e+00,0.000000e+00,0.000000e+00,0.000000e+00,0.000000e+00,0.000000e+00,0.000000e+00
1.000000e+00,0.000000e+00,0.000000e+00,0.000000e+00,0.000000e+00,0.000000e+00,0.000000e+00,0.000000e+00,0.000000e+00,0.000000e+00,0.000000e+00,0.000000e+00,0.000000e+00,0.000000e+00,0.000000e+00
1.000000e+00,0.000000e+00,0.000000e+00,0.000000e+00,0.000000e+00,0.000000e+00,0.000000e+00,0.000000e+00,0.000000e+00,0.000000e+00,0.000000e+00,0.000000e+00,0.000000e+00,0.000000e+00,0.000000e+00
1.000000e+00,0.000000e+00,0.000000e+00,0.000000e+00,0.000000e+00,0.000000e+00,0.000000e+00,0.000000e+00,0.000000e+00,0.000000e+00,0.000000e+00,0.000000e+00,0.000000e+00,0.000000e+00,0.000000e+00
1.000000e+00,0.000000e+00,0.000000e+00,0.000000e+00,0.000000e+00,0.000000e+00,0.000000e+00,0.000000e+00,0.000000e+00,0.000000e+00,0.000000e+00,0.000000e+00,0.000000e+00,0.000000e+00,0.000000e+00
1.000000e+00,0.000000e+00,0.000000e+00,0.000000e+00,0.000000e+00,0.000000e+00,0.000000e+00,0.000000e+00,0.000000e+00,0.000000e+00,0.000000e+00,0.000000e+00,0.000000e+00,0.000000e+00,0.000000e+00
1.000000e+00,0.000000e+00,0.000000e+00,0.000000e+00,0.000000e+00,0.000000e+00,0.000000e+00,0.000000e+00,0.000000e+00,0.000000e+00,0.000000e+00,0.000000e+00,0.000000e+00,0.000000e+00,0.000000e+00
1.000000e+00,0.000000e+00,0.000000e+00,0.000000e+00,0.000000e+00,0.000000e+00,0.000000e+00,0.000000e+00,0.000000e+00,0.000000e+00,0.000000e+00,0.000000e+00,0.000000e+00,0.000000e+00,0.000000e+00
4.519259e-01,1.297769e-02,3.514073e-03,2.353770e-02,1.762972e-02,1.990460e-02,2.532537e-02,1.062873e-02,3.323001e-02,1.110199e-01,3.788428e-02,9.304076e-02,9.927988e-02,1.800523e-02,4.209615e-02
3.682376e-01,1.001745e-02,2.651656e-03,2.288509e-02,1.535048e-02,2.294702e-02,2.332093e-02,7.714193e-03,3.083025e-02,1.875355e-01,3.870757e-02,9.966969e-02,1.033749e-01,1.499836e-02,5.175935e-02
2.646243e-01,7.130708e-03,1.973418e-03,1.855373e-02,1.175594e-02,1.886608e-02,1.810298e-02,6.572478e-03,2.867419e-02,3.553477e-01,4.596031e-02,8.709601e-02,8.281328e-02,1.137768e-02,4.115117e-02
1.908567e-01,5.502434e-03,3.699260e-03,1.570386e-02,2.149073e-02,1.360428e-02,1.457309e-02,1.448905e-02,1.363541e-01,3.471423e-01,5.470148e-02,7.711551e-02,6.562474e-02,8.483968e-03,3.065848e-02
1.358572e-01,4.081762e-03,1.205078e-02,1.455240e-02,2.077862e-02,1.025761e-02,1.061988e-02,1.958756e-01,1.118872e-01,3.150741e-01,4.029339e-02,5.420332e-02,4.639833e-02,6.044873e-03,2.202490e-02
1.076197e-01,3.935506e-03,5.386487e-02,5.192506e-02,3.967496e-02,1.137283e-02,9.131414e-03,2.029198e-01,1.382639e-01,2.594076e-01,2.930691e-02,3.821391e-02,3.298272e-02,4.309876e-03,1.707103e-02
8.220046e-02,3.236811e-03,2.081453e-01,7.239255e-02,3.849652e-02,1.012080e-02,7.227366e-03,1.779543e-01,1.173597e-01,1.954423e-01,2.115345e-02,2.694698e-02,2.350925e-02,3.044503e-03,1.276975e-02
7.600801e-02,4.490660e-03,2.181950e-01,8.427030e-02,3.744570e-02,1.378452e-02,1.370099e-02,2.522166e-01,9.062272e-02,1.430565e-01,1.667200e-02,1.971298e-02,1.765162e-02,2.227512e-03,9.944871e-03
7.442880e-02,6.045798e-03,2.023756e-01,7.360207e-02,4.369621e-02,1.252954e-02,4.228869e-02,3.098393e-01,7.030356e-02,1.107706e-01,1.452907e-02,1.425576e-02,1.534925e-02,1.717532e-03,8.268118e-03
6.802229e-02,1.846553e-02,1.638297e-01,5.415345e-02,4.137369e-02,1.094273e-02,1.035967e-01,3.323201e-01,7.273872e-02,8.812667e-02,1.286727e-02,1.041467e-02,1.282269e-02,1.328455e-03,8.997321e-03
5.958616e-02,3.549450e-02,1.382019e-01,3.876607e-02,4.334565e-02,9.217738e-03,1.590950e-01,2.772646e-01,1.031475e-01,8.309187e-02,1.799913e-02,7.793108e-03,1.318499e-02,1.219703e-03,1.259209e-02
5.625029e-02,3.833109e-02,1.055076e-01,2.828001e-02,5.151730e-02,7.992032e-03,1.575613e-01,2.860328e-01,1.325549e-01,8.392742e-02,1.775624e-02,5.883907e-03,1.330311e-02,1.117855e-03,1.398410e-02
8.386247e-02,3.241895e-02,7.858769e-02,2.248439e-02,5.449335e-02,8.419675e-03,1.401961e-01,3.014414e-01,1.585787e-01,6.749839e-02,1.769409e-02,5.469457e-03,1.363459e-02,1.262498e-03,1.395823e-02
9.492498e-02,2.760897e-02,5.892321e-02,1.789800e-02,4.773851e-02,7.492574e-03,1.344961e-01,3.332403e-01,1.662612e-01,5.446080e-02,2.236132e-02,6.733560e-03,1.268166e-02,1.315178e-03,1.386355e-02
1.392227e-01,2.562676e-02,4.578575e-02,1.526209e-02,5.327247e-02,7.951847e-03,1.322685e-01,3.085895e-01,1.704191e-01,4.609105e-02,2.039501e-02,7.245637e-03,1.317315e-02,1.518149e-03,1.317825e-02
2.097465e-01,2.366735e-02,3.531452e-02,1.471886e-02,5.017946e-02,1.212791e-02,1.680457e-01,2.528900e-01,1.448931e-01,3.646502e-02,1.660492e-02,8.249536e-03,1.188599e-02,1.681475e-03,1.352958e-02
2.648708e-01,2.386659e-02,2.708880e-02,1.851197e-02,4.713648e-02,7.363995e-02,1.438838e-01,1.858845e-01,1.165147e-01,2.849220e-02,1.703723e-02,2.423854e-02,1.057296e-02,2.001867e-03,1.625958e-02
2.479525e-01,2.642958e-02,2.105124e-02,2.588118e-02,4.707729e-02,1.914318e-01,1.039055e-01,1.310683e-01,9.149195e-02,2.342655e-02,2.704968e-02,2.758599e-02,1.103520e-02,4.239927e-03,2.037342e-02
3.570493e-01,2.459509e-02,1.921587e-02,2.513758e-02,4.453748e-02,1.632126e-01,9.072848e-02,9.718288e-02,7.444517e-02,1.928157e-02,2.613097e-02,2.387315e-02,9.981528e-03,4.964272e-03,1.966403e-02
3.420731e-01,2.606768e-02,1.806892e-02,2.682122e-02,3.841773e-02,2.543166e-01,6.508754e-02,6.893424e-02,5.591797e-02,1.717617e-02,2.501969e-02,2.080851e-02,1.048307e-02,5.241693e-03,2.556585e-02
2.466424e-01,2.813635e-02,1.176825e-01,1.508823e-01,3.090443e-02,1.937969e-01,4.584540e-02,4.872559e-02,4.130055e-02,2.266033e-02,2.206629e-02,1.671323e-02,7.981830e-03,3.821836e-03,2.284004e-02
2.052997e-01,2.913631e-02,1.705240e-01,1.463590e-01,2.411688e-02,1.735726e-01,3.287052e-02,3.473541e-02,3.479683e-02,3.467257e-02,6.386152e-02,2.066888e-02,6.492359e-03,3.239603e-03,1.965377e-02
1.650507e-01,2.332667e-02,1.721001e-01,1.372525e-01,2.047705e-02,1.389471e-01,2.371899e-02,2.704723e-02,3.399142e-02,2.990237e-02,1.766569e-01,2.618281e-02,5.274045e-03,3.429086e-03,1.664311e-02
1.315611e-01,1.869328e-02,1.358988e-01,9.997214e-02,1.552710e-02,1.098841e-01,1.690373e-02,2.084035e-02,2.595340e-02,2.328456e-02,3.450000e-01,3.339694e-02,4.445333e-03,5.710240e-03,1.292901e-02
9.519605e-02,1.439402e-02,1.036682e-01,7.040672e-02,1.102715e-02,1.027714e-01,1.190594e-02,1.490703e-02,1.863661e-02,1.718746e-02,4.818583e-01,2.899090e-02,3.547753e-03,1.601900e-02,9.483571e-03
6.683872e-02,1.041657e-02,7.299299e-02,4.954485e-02,7.810951e-03,7.401532e-02,8.355821e-03,1.047374e-02,1.418811e-02,1.272490e-02,6.263039e-01,2.237047e-02,2.815645e-03,1.441885e-02,6.729238e-03
4.966839e-02,9.469055e-03,5.948967e-02,3.764590e-02,6.744883e-03,5.944288e-02,6.009594e-03,8.562248e-03,3.810275e-02,1.216847e-02,6.623530e-01,1.990276e-02,3.151130e-03,2.228104e-02,5.008176e-03
3.541135e-02,8.081915e-03,4.247040e-02,2.652228e-02,4.856077e-03,4.399016e-02,4.226029e-03,6.075919e-03,3.318331e-02,1.114965e-02,7.265550e-01,1.626121e-02,2.870784e-03,3.460199e-02,3.743943e-03
2.514241e-02,8.428251e-03,3.001158e-02,1.868991e-02,3.483576e-03,3.179846e-02,2.972252e-03,4.313887e-03,3.079251e-02,1.217882e-02,7.508515e-01,1.671807e-02,2.428536e-03,5.920229e-02,2.988027e-03
1.792902e-02,1.112946e-02,2.110372e-02,1.315301e-02,2.521840e-03,2.374660e-02,2.098850e-03,3.055252e-03,3.492773e-02,1.115697e-02,7.561469e-01,1.600075e-02,2.080981e-03,8.248976e-02,2.459174e-03
1.271301e-02,1.128358e-02,1.480369e-02,9.238198e-03,1.917453e-03,1.802915e-02,1.514133e-03,2.174648e-03,4.087173e-02,1.243122e-02,7.740291e-01,1.605490e-02,1.738107e-03,8.122385e-02,1.977227e-03
9.088016e-03,1.317891e-02,1.060503e-02,6.571564e-03,1.967790e-03,1.629591e-02,1.189600e-03,1.844306e-03,5.124917e-02,2.361520e-02,7.492601e-01,1.571113e-02,1.453196e-03,9.637760e-02,1.592530e-03
6.495090e-03,1.613172e-02,7.467608e-03,4.647016e-03,2.127722e-03,1.318001e-02,9.398342e-04,1.383438e-03,8.786467e-02,2.468476e-02,7.423839e-01,1.526355e-02,1.719407e-03,7.449511e-02,1.216169e-03
4.694285e-03,1.618824e-02,5.358649e-03,3.337232e-03,4.941212e-03,1.156052e-02,8.099283e-04,1.277014e-03,1.527277e-01,2.572648e-02,6.996009e-01,1.295983e-02,1.934228e-03,5.795679e-02,9.269346e-04
