1.000000e+00,0.000000e+00,0.000000e+00,0.000000e+00,0.000000e+00,0.000000e+00,0.000000e+00,0.000000e+00,0.000000e+00,0.000000e+00,0.000000e+00,0.000000e+00,0.000000e+00,0.000000e+00,0.000000e+00
1.000000e+00,0.000000e+00,0.000000e+00,0.000000e+00,0.000000e+00,0.000000e+00,0.000000e+00,0.000000e+00,0.000000e+00,0.000000e+00,0.000000e+00,0.000000e+00,0.000000e+00,0.000000e+00,0.000000e+00
1.000000e+00,0.000000e+00,0.000000e+00,0.000000e+00,0.000000e+00,0.000000e+00,0.000000e+00,0.000000e+00,0.000000e+00,0.000000e+00,0.000000e+00,0.000000e+00,0.000000e+00,0.000000e+00,0.000000e+00
1.000000e+00,0.000000e+00,0.000000e+00,0.000000e+00,0.000000e+00,0.000000e+00,0.000000e+00,0.000000e+00,0.000000e+00,0.000000e+00,0.000000e+00,0.000000e+00,0.000000e+00,0.000000e+00,0.000000e+00
1.000000e+00,0.000000e+00,0.000000e+00,0.000000e+00,0.000000e+00,0.000000e+00,0.000000e+00,0.000000e+00,0.000000e+00,0.000000e+00,0.000000e+00,0.000000e+00,0.000000e+00,0.000000e+00,0.000000e+00
1.000000e+00,0.000000e+00,0.000000e+00,0.000000e+00,0.000000e+00,0.000000e+00,0.000000e+00,0.000000e+00,0.000000e+00,0.000000e+00,0.000000e+00,0.000000e+00,0.000000e+00,0.000000e+00,0.000000e+00
1.000000e+00,0.000000e+00,0.000000e+00,0.000000e+00,0.000000e+00,0.000000e+00,0.000000e+00,0.000000e+00,0.000000e+00,0.000000e+00,0.000000e+00,0.000000e+00,0.000000e+00,0.000000e+00,0.000000e+00
1.000000e+00,0.000000e+00,0.000000e+00,0.000000e+00,0.000000e+00,0.000000e+00,0.000000e+00,0.000000e+00,0.000000e+00,0.000000e+00,0.000000e+00,0.000000e+00,0.000000e+00,0.000000e+00,0.000000e+00
1.000000e+00,0.000000e+00,0.000000e+00,0.000000e+00,0.000000e+00,0.000000e+00,0.000000e+00,0.000000e+00,0.000000e+00,0.000000e+00,0.000000e+00,0.000000e+00,0.000000e+00,0.000000e+00,0.000000e+00
1.000000e+00,0.000000e+00,0.000000e+00,0.000000e+00,0.000000e+00,0.000000e+00,0.000000e+00,0.000000e+00,0.000000e+00,0.000000e+00,0.000000e+00,0.000000e+00,0.000000e+00,0.000000e+00,0.000000e+00
1.000000e+00,0.000000e+00,0.000000e+00,0.000000e+00,0.000000e+00,0.000000e+00,0.000000e+00,0.000000e+00,0.000000e+00,0.000000e+00,0.000000e+00,0.000000e+00,0.000000e+00,0.000000e+00,0.000000e+00
1.000000e+00,0.000000e+00,0.000000e+00,0.000000e+00,0.000000e+00,0.000000e+00,0.000000e+00,0.000000e+00,0.000000e+00,0.000000e+00,0.000000e+00,0.000000e+00,0.000000e+00,0.000000e+00,0.000000e+00
1.000000e+00,0.000000e+00,0.000000e+00,0.000000e+00,0.000000e+00,0.000000e+00,0.000000e+00,0.000000e+00,0.000000e+00,0.000000e+00,0.000000e+00,0.000000e+00,0.000000e+00,0.000000e+00,0.000000e+00
1.000000e+00,0.000000e+00,0.000000e+00,0.000000e+00,0.000000e+00,0.000000e+00,0.000000e+00,0.000000e+00,0.000000e+00,0.000000e+00,0.000000e+00,0.000000e+00,0.000000e+00,0.000000e+00,0.000000e+00
1.000000e+00,0.000000e+00,0.000000e+00,0.000000e+00,0.000000e+00,0.000000e+00,0.000000e+00,0.000000e+00,0.000000e+00,0.000000e+00,0.000000e+00,0.000000e+00,0.000000e+00,0.000000e+00,0.000000e+00
1.000000e+00,0.000000e+00,0.000000e+00,0.000000e+00,0.000000e+00,0.000000e+00,0.000000e+00,0.000000e+00,0.000000e+00,0.000000e+00,0.000000e+00,0.000000e+00,0.000000e+00,0.000000e+00,0.000000e+00
1.000000e+00,0.000000e+00,0.000000e+00,0.000000e+00,0.000000e+00,0.000000e+00,0.000000e+00,0.000000e+00,0.000000e+00,0.000000e+00,0.000000e+00,0.000000e+00,0.000000e+00,0.000000e+00,0.000000e+00
1.000000e+00,0.000000e+00,0.000000e+00,0.000000e+00,0.000000e+00,0.000000e+00,0.000000e+00,0.000000e+00,0.000000e+00,0.000000e+00,0.000000e+00,0.000000e+00,0.000000e+00,0.000000e+00,0.000000e+00
1.000000e+00,0.000000e+00,0.000000e+00,0.000000e+00,0.000000e+00,0.000000e+00,0.000000e+00,0.000000e+00,0.000000e+00,0.000000e+00,0.000000e+00,0.000000e+00,0.000000e+00,0.000000e+00,0.000000e+00
1.000000e+00,0.000000e+00,0.000000e+00,0.000000e+00,0.000000e+00,0.000000e+00,0.000000e+00,0.000000e+00,0.000000e+00,0.000000e+00,0.000000e+00,0.000000e+00,0.000000e+00,0.000000e+00,0.000000e+00
1.000000e+00,0.000000e+00,0.000000e+00,0.000000e+00,0.000000e+00,0.000000e+00,0.000000e+00,0.000000e+00,0.000000e+00,0.000000e+00,0.000000e+00,0.000000e+00,0.000000e+00,0.000000e+00,0.000000e+00
1.000000e+00,0.000000e+00,0.000000e+00,0.000000e+00,0.000000e+00,0.000000e+00,0.000000e+00,0.000000e+00,0.000000e+00,0.000000e+00,0.000000e+00,0.000000e+00,0.000000e+00,0.000000e+00,0.000000e+00
1.000000e+00,0.000000e+00,0.000000e+00,0.000000e+00,0.000000e+00,0.000000e+00,0.000000e+00,0.000000e+00,0.000000e+00,0.000000e+00,0.000000e+00,0.000000e+00,0.000000e+00,0.000000e+00,0.000000e+00
1.000000e+00,0.000000e+00,0.000000e+00,0.000000e+00,0.000000e+00,0.000000e+00,0.000000e+00,0.000000e+00,0.000000e+00,0.000000e+00,0.000000e+00,0.000000e+00,0.000000e+00,0.000000e+00,0.000000e+00
1.000000e+00,0.000000e+00,0.000000e+00,0.000000e+00,0.000000e+00,0.000000e+00,0.000000e+00,0.000000e+00,0.000000e+00,0.000000e+00,0.000000e+00,0.000000e+00,0.000000e+00,0.000000e+00,0.000000e+00
1.000000e+00,0.000000e+00,0.000000e+00,0.000000e+00,0.000000e+00,0.000000e+00,0.000000e+00,0.000000e+00,0.000000e+00,0.000000e+00,0.000000e+00,0.000000e+00,0.000000e+00,0.000000e+00,0.000000e+00
1.000000e+00,0.000000e+00,0.000000e+00,0.000000e+00,0.000000e+00,0.000000e+00,0.000000e+00,0.000000e+00,0.000000e+00,0.000000e+00,0.000000e+00,0.000000e+00,0.000000e+00,0.000000e+00,0.000000e+00
1.000000e+00,0.000000e+00,0.000000e+00,0.000000e+00,0.000000e+00,0.000000e+00,0.000000e+00,0.000000e+00,0.000000e+00,0.000000e+00,0.000000e+00,0.000000e+00,0.000000e+00,0.000000e+00,0.000000e+00
1.000000e+00,0.000000e+00,0.000000e+00,0.000000e+00,0.000000e+00,0.000000e+00,0.000000e+00,0.000000e+00,0.000000e+00,0.000000e+00,0.000000e+00,0.000000e+00,0.000000e+00,0.000000e+00,0.000000e+00
1.000000e+00,0.000000e+00,0.000000e+00,0.000000e+00,0.000000e+00,0.000000e+00,0.000000e+00,0.000000e+00,0.000000e+00,0.000000e+00,0.000000e+00,0.000000e+00,0.000000e+00,0.000000e+00,0.000000e+00
1.000000e+00,0.000000e+00,0.000000e+00,0.000000e+00,0.000000e+00,0.000000e+00,0.000000e+00,0.000000e+00,0.000000e+00,0.000000e+00,0.000000e+00,0.000000e+00,0.000000e+00,0.000000e+00,0.000000e+00
1.000000e+00,0.000000e+00,0.000000e+00,0.000000e+00,0.000000e+00,0.000000e+00,0.000000e+00,0.000000e+00,0.000000e+00,0.000000e+00,0.000000e+00,0.000000e+00,0.000000e+00,0.000000e+00,0.000000e+00
1.000000e+00,0.000000e+00,0.000000e+00,0.000000e+00,0.000000e+00,0.000000e+00,0.000000e+00,0.000000e+00,0.000000e+00,0.000000e+00,0.000000e+00,0.000000e+00,0.000000e+00,0.000000e+00,0.000000e+00
1.000000e+00,0.000000e+00,0.000000e+00,0.000000e+00,0.000000e+00,0.000000e+00,0.000000e+00,0.000000e+00,0.000000e+00,0.000000e+00,0.000000e+00,0.000000e+00,0.000000e+00,0.000000e+00,0.000000e+00
1.000000e+00,0.000000e+00,0.000000e+00,0.000000e+00,0.000000e+00,0.000000e+00,0.000000e+00,0.000000e+00,0.000000e+00,0.000000e+00,0.000000e+00,0.000000e+00,0.000000e+00,0.000000e+00,0.000000e+00
1.000000e+00,0.000000e+00,0.000000e+00,0.000000e+00,0.000000e+00,0.000000e+00,0.000000e+00,0.000000e+00,0.000000e+00,0.000000e+00,0.000000e+00,0.000000e+00,0.000000e+00,0.000000e+00,0.000000e+00
1.000000e+00,0.000000e+00,0.000000e+00,0.000000e+00,0.000000e+00,0.000000e+00,0.000000e+00,0.000000e+00,0.000000e+00,0.000000e+00,0.000000e+00,0.000000e+00,0.000000e+00,0.000000e+00,0.000000e+00
1.000000e+00,0.000000e+00,0.000000e+00,0.000000e+00,0.000000e+00,0.000000e+00,0.000000e+00,0.000000e+00,0.000000e+00,0.000000e+00,0.000000e+00,0.000000e+00,0.000000e+00,0.000000e+00,0.000000e+00
1.000000e+00,0.000000e+00,0.000000e+00,0.000000e+00,0.000000e+00,0.000000e+00,0.000000e+00,0.000000e+00,0.000000e+00,0.000000e+00,0.000000e+00,0.000000e+00,0.000000e+00,0.000000e+00,0.000000e+00
1.000000e+00,0.000000e+00,0.000000e+00,0.000000e+00,0.000000e+00,0.000000e+00,0.000000e+00,0.000000e+00,0.000000e+00,0.000000e+00,0.000000e+00,0.000000e+00,0.000000e+00,0.000000e+00,0.000000e+00
1.000000e+00,0.000000e+00,0.000000e+00,0.000000e+00,0.000000e+00,0.000000e+00,0.000000e+00,0.000000e+00,0.000000e+00,0.000000e+00,0.000000e+00,0.000000e+00,0.000000e+00,0.000000e+00,0.000000e+00
1.000000e+00,0.000000e+00,0.000000e+00,0.000000e+00,0.000000e+00,0.000000e+00,0.000000e+00,0.000000e+00,0.000000e+00,0.000000e+00,0.000000e+00,0.000000e+00,0.000000e+00,0.000000e+00,0.000000e+00
1.000000e+00,0.000000e+00,0.000000e+00,0.000000e+00,0.000000e+00,0.000000e+00,0.000000e+00,0.000000e+00,0.000000e+00,0.000000e+00,0.000000e+00,0.000000e+00,0.000000e+00,0.000000e+00,0.000000e+00
1.000000e+00,0.000000e+00,0.000000e+00,0.000000e+00,0.000000e+00,0.000000e+00,0.000000e+00,0.000000e+00,0.000000e+00,0.000000e+00,0.000000e+00,0.000000e+00,0.000000e+00,0.000000e+00,0.000000e+00
1.000000e+00,0.000000e+00,0.000000e+00,0.000000e+00,0.000000e+00,0.000000e+00,0.000000e+00,0.000000e+00,0.000000e+00,0.000000e+00,0.000000e+00,0.000000e+00,0.000000e+00,0.000000e+00,0.000000e+00
1.000000e+00,0.000000e+00,0.000000e+00,0.000000e+00,0.000000e+00,0.000000e+00,0.000000e+00,0.000000e+00,0.000000e+00,0.000000e+00,0.000000e+00,0.000000e+00,0.000000e+00,0.000000e+00,0.000000e+00
1.000000e+00,0.000000e+00,0.000000e+00,0.000000e+00,0.000000e+00,0.000000e+00,0.000000e+00,0.000000e+00,0.000000e+00,0.000000e+00,0.000000e+00,0.000000e+00,0.000000e+00,0.000000e+00,0.000000e+00
1.000000e+00,0.000000e+00,0.000000e+00,0.000000e+00,0.000000e+00,0.000000e+00,0.000000e+00,0.000000e+00,0.000000e+00,0.000000e+00,0.000000e+00,0.000000e+00,0.000000e+00,0.000000e+00,0.000000e+00
1.000000e+00,0.000000e+00,0.000000e+00,0.000000e+00,0.000000e+00,0.000000e+00,0.000000e+00,0.000000e+00,0.000000e+00,0.000000e+00,0.000000e+00,0.000000e+00,0.000000e+00,0.000000e+00,0.000000e+00
1.000000e+00,0.000000e+00,0.000000e+00,0.000000e+00,0.000000e+00,0.000000e+00,0.000000e+00,0.000000e+00,0.000000e+00,0.000000e+00,0.000000e+00,0.000000e+00,0.000000e+00,0.000000e+00,0.000000e+00
1.000000e+00,0.000000e+00,0.000000e+00,0.000000e+00,0.000000e+00,0.000000e+00,0.000000e+00,0.000000e+00,0.000000e+00,0.000000e+00,0.000000e+00,0.000000e+00,0.000000e+00,0.000000e+00,0.000000e+00
1.000000e+00,0.000000e+00,0.000000e+00,0.000000e+00,0.000000e+00,0.000000e+00,0.000000e+00,0.000000e+00,0.000000e+00,0.000000e+00,0.000000e+00,0.000000e+00,0.000000e+00,0.000000e+00,0.000000e+00
4.056151e-01,3.564398e-02,5.000950e-02,1.085650e-01,5.840934e-03,1.576738e-01,7.249899e-03,1.097686e-02,1.228268e-02,1.392164e-03,8.004602e-03,8.108250e-02,9.299245e-02,1.198946e-03,2.147160e-02
2.913329e-01,2.647805e-02,3.689863e-02,9.863721e-02,4.567300e-03,1.930113e-01,6.282453e-03,8.115163e-03,1.190648e-02,1.351151e-03,9.569256e-03,1.568349e-01,1.356937e-01,8.879830e-04,1.843354e-02
2.134066e-01,1.934462e-02,2.627747e-02,7.430303e-02,6.692261e-03,1.423912e-01,4.867808e-03,5.933824e-03,4.094914e-02,1.608782e-03,1.238867e-02,1.658908e-01,2.713926e-01,6.488942e-04,1.390422e-02
1.495285e-01,1.382783e-02,1.844107e-02,5.389160e-02,5.023442e-03,1.264394e-01,3.651214e-03,4.185098e-03,4.471366e-02,1.165303e-03,8.878415e-03,1.214705e-01,4.380785e-01,4.571906e-04,1.024815e-02
1.048006e-01,1.093377e-02,1.294120e-02,3.889040e-02,3.679408e-03,9.170493e-02,2.602071e-03,2.938784e-03,6.449512e-02,8.851612e-04,6.564345e-03,8.801652e-02,5.628867e-01,3.240494e-04,8.336988e-03
7.347797e-02,8.704218e-03,9.288794e-03,2.820285e-02,2.698860e-03,6.514539e-02,1.846405e-03,2.077818e-03,4.917920e-02,7.059363e-04,4.659041e-03,6.387796e-02,6.816694e-01,2.304036e-04,8.235697e-03
5.184162e-02,6.338647e-03,6.778040e-03,2.016595e-02,2.097922e-03,4.811037e-02,1.400408e-03,1.558205e-03,3.728189e-02,5.182839e-04,3.614684e-03,4.828421e-02,7.648157e-01,1.696267e-04,7.024474e-03
3.804077e-02,5.531419e-03,6.660957e-03,2.521019e-02,2.217944e-03,4.115089e-02,1.231798e-03,1.332214e-03,3.389207e-02,6.590774e-04,2.909628e-03,3.594014e-02,7.920423e-01,1.634203e-04,1.301728e-02
2.897333e-02,4.880817e-03,5.094260e-03,1.857190e-02,2.034297e-03,3.256423e-02,1.273209e-03,1.383216e-03,2.737037e-02,8.887962e-04,2.641751e-03,2.732609e-02,8.280491e-01,1.626013e-04,1.878607e-02
2.224603e-02,4.460840e-03,3.964143e-03,1.390993e-02,2.167140e-03,2.662479e-02,1.367133e-03,1.587825e-03,2.257389e-02,1.382506e-03,2.623545e-03,2.275039e-02,8.357054e-01,2.209159e-04,3.841560e-02
1.882744e-02,4.233552e-03,3.310931e-03,1.103351e-02,1.995627e-03,2.668771e-02,2.257308e-03,2.444524e-03,1.952028e-02,2.068200e-03,3.748084e-03,2.112680e-02,7.698188e-01,4.464071e-04,1.124808e-01
1.418047e-02,4.135720e-03,3.274334e-03,1.059243e-02,1.726661e-03,2.636373e-02,3.329091e-03,2.745936e-03,2.027160e-02,3.538233e-03,6.697019e-03,2.401081e-02,6.936087e-01,8.195414e-04,1.847057e-01
1.027650e-02,3.992955e-03,3.381073e-03,9.593357e-03,1.460988e-03,1.919497e-02,6.224391e-03,5.892390e-03,3.671879e-02,3.657819e-03,8.244138e-03,2.156160e-02,5.542644e-01,1.093730e-03,3.144429e-01
7.739181e-03,6.229923e-03,2.778772e-03,7.790796e-03,1.186983e-03,1.525764e-02,1.005717e-02,5.724298e-03,8.722287e-02,3.978035e-03,8.264096e-03,2.293623e-02,4.242491e-01,1.281930e-03,3.953030e-01
6.280524e-03,7.094119e-03,2.154738e-03,6.211180e-03,1.064094e-03,1.298724e-02,1.602509e-02,7.259814e-03,1.285176e-01,4.228672e-03,9.096088e-03,2.409207e-02,3.263031e-01,1.501611e-03,4.471841e-01
6.916863e-03,1.090371e-02,1.856885e-03,5.089938e-03,1.220251e-03,1.413396e-02,1.962155e-02,1.046938e-02,1.770170e-01,3.884652e-03,7.966560e-03,3.468871e-02,2.787333e-01,1.828158e-03,4.256690e-01
6.970324e-03,1.176246e-02,1.653882e-03,3.797749e-03,1.806245e-03,1.582420e-02,2.535031e-02,1.407950e-02,2.110627e-01,3.312042e-03,7.199937e-03,4.475616e-02,2.545773e-01,1.769212e-03,3.960779e-01
5.208507e-03,9.456222e-03,1.445219e-03,2.924593e-03,1.761672e-03,1.327749e-02,1.517489e-01,2.106772e-02,1.865796e-01,3.337767e-03,5.946415e-03,3.824465e-02,2.315762e-01,1.523191e-03,3.259019e-01
3.934375e-03,7.674609e-03,2.253407e-03,2.386196e-03,1.700812e-03,1.075188e-02,2.881929e-01,2.857856e-02,1.549197e-01,2.675750e-03,4.906698e-03,2.934274e-02,2.214069e-01,1.145016e-03,2.401304e-01
3.007732e-03,5.785120e-03,2.764553e-03,1.882721e-03,1.908966e-03,8.169236e-03,4.163598e-01,3.947254e-02,1.197629e-01,2.158645e-03,4.083199e-03,2.355754e-02,1.956309e-01,8.423504e-04,1.746138e-01
1.151225e-02,7.097160e-03,5.466175e-03,2.868744e-03,4.366660e-03,1.342507e-02,3.038273e-01,3.979683e-02,1.141165e-01,2.626637e-03,8.270839e-03,2.114907e-02,3.343672e-01,7.584217e-04,1.303510e-01
2.205944e-02,9.332886e-03,8.914844e-03,3.095712e-03,8.502753e-03,1.755749e-02,2.508656e-01,4.534400e-02,9.817849e-02,3.338059e-03,1.136967e-02,2.021901e-02,4.021549e-01,7.267654e-04,9.834036e-02
1.727145e-02,1.848372e-02,1.259660e-02,2.780572e-03,1.222272e-02,2.388199e-02,1.806258e-01,3.417520e-02,8.917090e-02,8.407094e-03,7.848598e-02,1.654923e-02,4.252256e-01,1.099061e-03,7.902409e-02
1.340447e-02,9.376042e-02,3.824474e-02,3.976082e-03,1.384522e-02,4.424055e-02,1.277186e-01,2.536973e-02,1.471897e-01,1.038793e-02,9.587246e-02,1.252278e-02,3.082030e-01,1.142392e-03,6.412187e-02
1.333517e-02,9.002080e-02,3.378786e-02,3.442194e-03,2.322976e-02,9.167257e-02,9.214099e-02,2.004616e-02,2.508092e-01,8.735049e-03,8.370550e-02,9.278243e-03,2.295215e-01,9.063067e-04,4.936875e-02
1.626647e-02,1.074703e-01,3.839422e-02,3.752676e-03,3.991530e-02,9.698023e-02,6.886232e-02,1.685384e-02,2.596046e-01,6.766947e-03,6.116144e-02,7.415106e-03,2.381029e-01,7.705590e-04,3.768307e-02
1.917050e-02,1.273283e-01,6.160922e-02,1.621728e-02,5.381903e-02,1.044920e-01,5.655159e-02,2.531982e-02,2.498746e-01,7.569198e-03,4.443061e-02,5.624333e-03,1.942602e-01,6.622695e-04,3.307104e-02
1.935992e-02,1.763443e-01,6.184176e-02,8.562566e-02,4.272769e-02,9.119026e-02,4.026665e-02,3.368752e-02,2.315466e-01,7.645314e-03,3.199257e-02,4.734345e-03,1.420798e-01,5.213144e-04,3.043635e-02
4.921932e-02,1.661933e-01,5.681535e-02,8.259299e-02,5.283510e-02,7.361659e-02,4.528842e-02,7.372298e-02,2.105350e-01,6.042829e-03,2.277673e-02,3.973603e-03,1.280497e-01,4.850627e-04,2.785301e-02
7.243182e-02,1.429311e-01,4.514501e-02,6.831035e-02,5.100824e-02,5.543639e-02,5.665766e-02,1.752919e-01,1.761766e-01,4.445906e-03,1.639694e-02,3.204342e-03,1.083191e-01,4.566092e-04,2.378798e-02
9.259917e-02,1.102248e-01,4.314144e-02,5.087523e-02,5.445036e-02,4.273215e-02,1.306611e-01,1.955600e-01,1.567111e-01,3.287455e-03,1.185335e-02,2.826413e-03,8.615420e-02,4.017854e-04,1.852147e-02
1.000533e-01,8.762051e-02,3.819516e-02,3.987009e-02,5.567968e-02,3.484482e-02,2.341698e-01,1.877351e-01,1.230565e-01,2.629660e-03,1.044030e-02,3.900363e-03,6.463571e-02,3.701217e-04,1.679885e-02
1.618778e-01,7.628951e-02,3.159928e-02,3.299686e-02,6.432265e-02,3.132379e-02,2.552638e-01,1.467545e-01,1.023565e-01,3.115029e-03,1.229015e-02,1.122789e-02,5.428948e-02,5.134481e-04,1.577924e-02
2.558267e-01,6.269293e-02,2.390928e-02,3.155150e-02,5.982678e-02,3.064337e-02,2.326011e-01,1.086274e-01,8.653425e-02,4.846967e-03,1.402825e-02,1.551215e-02,5.337642e-02,7.063687e-04,1.931645e-02
3.622577e-01,5.602201e-02,1.844521e-02,3.706859e-02,4.752069e-02,3.034780e-02,1.762169e-01,7.712514e-02,7.557391e-02,6.488934e-03,1.351880e-02,1.998660e-02,5.149708e-02,9.240595e-04,2.700664e-02
4.666963e-01,4.582491e-02,1.460668e-02,3.091274e-02,4.057609e-02,2.988721e-02,1.265128e-01,5.526843e-02,6.781537e-02,6.494127e-03,1.350187e-02,1.904663e-02,5.358561e-02,1.279503e-03,2.799184e-02
1.000000e+00,0.000000e+00,0.000000e+00,0.000000e+00,0.000000e+00,0.000000e+00,0.000000e+00,0.000000e+00,0.000000e+00,0.000000e+00,0.000000e+00,0.000000e+00,0.000000e+00,0.000000e+00,0.000000e+00
1.000000e+00,0.000000e+00,0.000000e+00,0.000000e+00,0.000000e+00,0.000000e+00,0.000000e+00,0.000000e+00,0.000000e+00,0.000000e+00,0.000000e+00,0.000000e+00,0.000000e+00,0.000000e+00,0.000000e+00
1.000000e+00,0.000000e+00,0.000000e+00,0.000000e+00,0.000000e+00,0.000000e+00,0.000000e+00,0.000000e+00,0.000000e+00,0.000000e+00,0.000000e+00,0.000000e+00,0.000000e+00,0.000000e+00,0.000000e+00
1.000000e+00,0.000000e+00,0.000000e+00,0.000000e+00,0.000000e+00,0.000000e+00,0.000000e+00,0.000000e+00,0.000000e+00,0.000000e+00,0.000000e+00,0.000000e+00,0.000000e+00,0.000000e+00,0.000000e+00
1.000000e+00,0.000000e+00,0.000000e+00,0.000000e+00,0.000000e+00,0.000000e+00,0.000000e+00,0.000000e+00,0.000000e+00,0.000000e+00,0.000000e+00,0.000000e+00,0.000000e+00,0.000000e+00,0.000000e+00
4.367846e-01,1.265079e-02,2.970575e-03,1.534725e-02,7.435947e-03,2.002325e-02,1.773287e-02,8.245808e-03,2.119000e-02,2.140556e-03,7.082519e-03,4.985391e-02,3.712108e-01,6.350113e-04,2.669624e-02
3.096788e-01,1.030870e-02,2.215351e-03,1.187389e-02,5.581953e-03,1.665891e-02,1.293525e-02,5.942313e-03,2.623618e-02,1.723628e-03,8.294525e-03,9.763792e-02,4.657207e-01,5.406820e-04,2.465124e-02
2.183776e-01,8.559500e-03,1.599733e-03,8.538539e-03,4.167423e-03,1.270422e-02,9.256253e-03,4.238766e-03,2.768034e-02,1.391926e-03,9.361321e-03,2.051148e-01,4.670628e-01,6.130607e-04,2.133374e-02
1.546265e-01,7.295630e-03,1.152798e-03,6.187214e-03,3.278476e-03,1.014067e-02,6.656473e-03,3.035773e-03,3.335834e-02,1.142143e-03,9.918688e-03,2.534046e-01,4.912177e-01,7.157963e-04,1.786920e-02
1.087251e-01,6.210688e-03,8.781939e-04,4.436078e-03,3.135651e-03,8.156993e-03,5.106446e-03,2.233193e-03,3.571937e-02,1.148531e-03,1.044527e-02,2.553091e-01,5.407103e-01,8.058876e-04,1.697925e-02
7.651943e-02,4.966578e-03,7.484977e-04,3.164786e-03,3.249213e-03,6.560873e-03,4.986144e-03,1.884327e-03,3.433920e-02,1.227535e-03,1.017404e-02,2.387204e-01,5.961173e-01,8.559048e-04,1.648585e-02
5.399948e-02,3.792145e-03,7.160246e-03,2.344293e-03,5.853905e-03,5.750587e-03,1.983873e-02,8.175216e-02,3.490376e-02,2.201752e-03,1.114356e-02,1.971594e-01,5.507901e-01,8.653695e-04,2.244447e-02
4.703335e-02,6.526612e-03,1.320902e-02,2.027838e-03,2.196459e-02,1.188743e-02,1.836602e-02,9.542404e-02,6.326200e-02,4.457335e-03,2.137304e-02,1.686760e-01,4.996590e-01,1.374504e-03,2.475921e-02
3.617032e-02,4.956607e-03,3.263959e-02,2.645692e-03,2.107139e-02,9.680458e-03,1.586581e-02,1.985480e-01,5.388062e-02,4.557051e-03,2.001316e-02,1.232463e-01,4.531281e-01,1.209436e-03,2.238755e-02
2.844755e-02,8.512169e-03,2.815167e-02,2.471790e-03,2.698890e-02,1.657106e-02,1.316728e-02,1.519292e-01,2.531770e-01,3.921850e-03,1.541872e-02,8.768931e-02,3.404449e-01,9.209907e-04,2.218761e-02
2.201298e-02,1.195317e-02,2.368687e-02,3.320589e-03,3.391216e-02,1.524967e-02,9.942108e-03,1.375178e-01,3.975941e-01,3.374083e-03,1.190165e-02,6.238938e-02,2.463730e-01,7.504246e-04,2.002202e-02
1.699771e-02,1.628493e-02,1.759014e-02,2.750453e-03,3.030012e-02,2.069494e-02,7.499642e-03,9.748237e-02,5.410527e-01,2.560723e-03,8.862866e-03,4.396478e-02,1.775635e-01,5.459355e-04,1.584918e-02
1.622682e-02,2.243186e-02,1.324112e-02,6.324672e-03,3.355552e-02,1.838479e-02,7.936141e-03,7.631376e-02,6.211790e-01,2.725633e-03,6.850667e-03,3.106092e-02,1.308660e-01,4.060424e-04,1.249702e-02
1.826879e-02,2.056051e-02,1.307459e-02,5.617682e-02,4.103361e-02,1.429805e-02,7.319183e-03,7.866757e-02,6.148292e-01,3.467881e-03,5.754310e-03,2.234969e-02,9.305195e-02,3.151941e-04,1.083250e-02
2.137942e-02,2.739250e-02,3.696203e-02,7.651404e-02,6.778961e-02,1.568991e-02,1.743900e-02,8.286821e-02,5.465621e-01,4.674195e-03,5.036203e-03,1.628568e-02,6.945340e-02,2.774628e-04,1.167617e-02
2.293535e-02,2.005902e-02,2.695795e-02,5.804819e-02,1.289346e-01,1.359206e-02,1.251400e-01,1.064151e-01,4.188083e-01,3.605798e-03,3.895622e-03,1.175415e-02,5.063229e-02,3.005214e-04,8.920963e-03
2.078809e-02,1.451658e-02,2.029835e-02,4.270018e-02,1.724854e-01,1.350583e-02,2.481421e-01,8.449771e-02,3.041013e-01,1.681369e-02,4.339953e-03,8.497647e-03,3.781589e-02,4.522298e-04,1.104504e-02
2.727040e-02,1.098197e-02,1.539811e-02,3.053062e-02,1.450992e-01,1.105423e-02,3.685884e-01,8.228482e-02,2.366808e-01,1.303914e-02,9.538243e-03,6.793492e-03,2.787090e-02,3.887274e-04,1.448100e-02
3.679629e-02,8.764643e-03,1.170787e-02,2.249697e-02,1.308500e-01,8.446299e-03,4.573404e-01,8.021148e-02,1.825586e-01,1.060585e-02,1.141564e-02,5.334381e-03,2.100476e-02,3.240842e-04,1.214280e-02
4.237912e-02,8.191959e-03,8.663838e-03,1.867634e-02,1.438216e-01,8.087453e-03,5.099739e-01,6.147520e-02,1.448517e-01,1.103297e-02,1.031291e-02,4.692859e-03,1.541243e-02,4.288125e-04,1.199894e-02
4.753211e-02,7.445635e-03,6.471940e-03,1.541056e-02,1.569989e-01,7.879484e-03,5.477878e-01,4.689219e-02,1.200229e-01,8.458141e-03,8.658196e-03,4.152559e-03,1.164236e-02,4.507981e-04,1.019638e-02
1.149224e-01,7.071799e-03,5.376060e-03,1.423758e-02,1.799062e-01,1.423538e-02,4.697087e-01,4.007975e-02,1.108807e-01,6.374287e-03,8.432238e-03,4.601751e-03,1.295419e-02,9.991722e-04,1.021986e-02
1.782232e-01,7.746960e-03,4.618229e-03,1.283140e-02,2.298098e-01,1.508783e-02,3.816278e-01,3.220209e-02,9.327152e-02,4.902270e-03,7.916562e-03,4.312122e-03,1.318318e-02,1.827204e-03,1.243981e-02
2.259284e-01,8.866560e-03,5.370155e-03,1.525693e-02,2.221264e-01,4.958183e-02,2.855484e-01,2.512668e-02,8.215948e-02,6.729786e-03,1.904498e-02,5.593348e-03,1.075651e-02,7.466298e-03,3.044422e-02
2.656988e-01,1.032219e-02,7.198881e-03,1.719847e-02,1.851607e-01,9.256782e-02,2.105444e-01,2.065706e-02,6.967506e-02,7.257253e-03,2.642290e-02,6.560045e-03,9.171020e-03,1.873419e-02,5.283123e-02
3.042328e-01,1.400108e-02,7.397874e-03,1.847737e-02,1.485539e-01,1.041166e-01,1.540647e-01,1.854152e-02,5.884574e-02,7.613669e-03,2.661793e-02,6.683624e-03,7.887704e-03,3.718953e-02,8.577588e-02
2.774731e-01,1.915698e-02,8.975753e-03,1.701109e-02,1.237077e-01,8.965476e-02,1.108385e-01,1.441322e-02,4.557059e-02,9.221669e-03,4.105979e-02,6.113593e-03,6.485896e-03,1.048430e-01,1.254745e-01
2.232654e-01,2.961067e-02,1.319907e-02,3.013580e-02,9.075886e-02,1.022434e-01,7.842660e-02,1.049302e-02,4.603512e-02,3.113627e-02,6.494532e-02,6.326551e-03,5.244520e-03,8.775708e-02,1.804224e-01
1.580463e-01,4.167562e-02,3.659156e-02,9.432814e-02,6.463841e-02,7.554499e-02,5.496151e-02,7.398840e-03,5.328989e-02,3.178105e-02,6.261697e-02,5.315633e-03,3.858946e-03,7.168453e-02,2.382676e-01
1.107102e-01,3.316355e-02,6.089345e-02,1.562333e-01,4.595485e-02,5.445678e-02,3.857331e-02,5.188881e-03,5.656660e-02,3.655958e-02,4.747592e-02,4.157892e-03,2.924130e-03,5.180851e-02,2.953331e-01
7.764455e-02,2.808903e-02,5.502188e-02,1.230274e-01,3.250358e-02,3.898463e-02,2.708821e-02,3.642315e-03,5.569512e-02,5.633292e-02,4.026996e-02,4.202363e-03,2.459170e-03,4.597855e-02,4.090604e-01
5.478583e-02,4.150708e-02,4.376656e-02,1.021071e-01,2.332243e-02,2.882630e-02,1.921621e-02,2.571776e-03,1.635692e-01,4.834441e-02,3.361028e-02,9.422690e-03,2.117540e-02,4.104252e-02,3.667322e-01
3.940995e-02,3.867330e-02,5.972208e-02,1.154287e-01,1.772214e-02,2.499821e-02,1.415707e-02,2.551765e-03,2.772463e-01,4.060018e-02,2.880256e-02,8.979481e-03,2.666691e-02,2.987905e-02,2.751623e-01
2.968603e-02,3.044270e-02,1.402954e-01,1.623546e-01,1.341180e-02,1.963544e-02,1.011143e-02,2.420625e-03,2.860544e-01,3.257355e-02,2.338998e-02,7.682546e-03,2.191621e-02,2.203252e-02,1.979927e-01
2.437103e-02,4.341912e-02,1.271757e-01,1.737546e-01,1.061993e-02,1.547163e-02,7.235219e-03,1.908540e-03,3.491971e-01,2.647098e-02,1.756696e-02,5.752426e-03,1.588395e-02,1.705391e-02,1.641189e-01
1.868786e-02,3.810386e-02,1.065431e-01,3.244781e-01,7.999361e-03,1.975970e-02,5.100702e-03,1.473534e-03,2.900911e-01,2.055190e-02,1.467323e-02,4.734209e-03,1.181250e-02,1.253128e-02,1.234596e-01
1.708748e-02,5.545347e-02,9.916972e-02,3.108107e-01,9.218791e-03,1.795683e-02,4.075726e-03,1.326221e-03,3.097861e-01,1.688385e-02,3.223243e-02,6.453541e-03,1.220439e-02,9.724976e-03,9.761565e-02
1.309285e-02,9.128728e-02,7.208306e-02,2.318232e-01,9.403638e-03,1.415761e-02,3.022820e-03,1.566008e-03,4.251170e-01,1.399909e-02,2.827186e-02,5.709220e-03,1.084292e-02,7.121277e-03,7.250207e-02
9.817921e-03,7.219984e-02,5.964100e-02,3.447226e-01,9.336028e-03,1.094904e-02,2.247702e-03,2.220802e-03,3.819275e-01,1.187924e-02,2.100809e-02,4.190354e-03,7.940994e-03,5.171085e-03,5.674772e-02
7.721408e-03,5.777883e-02,6.470929e-02,4.389992e-01,7.750800e-03,8.522627e-03,1.624718e-03,1.893022e-03,3.200636e-01,1.350522e-02,1.569206e-02,3.120267e-03,5.978757e-03,3.739138e-03,4.890110e-02
1.094731e-02,6.065330e-02,6.811614e-02,4.123148e-01,1.328365e-02,8.068888e-03,1.920471e-03,1.623512e-03,3.443347e-01,1.336980e-02,1.438391e-02,2.547838e-03,5.558234e-03,2.764622e-03,4.011285e-02
9.145476e-03,4.964296e-02,5.783262e-02,5.236450e-01,1.215565e-02,6.602745e-03,1.428378e-03,2.466350e-03,2.693893e-01,1.152357e-02,1.227583e-02,2.031431e-03,4.472486e-03,2.078733e-03,3.530938e-02
1.140611e-02,3.881971e-02,4.527900e-02,4.458815e-01,1.402239e-02,6.440612e-03,1.314608e-03,3.840533e-03,3.371348e-01,1.323286e-02,2.915416e-02,1.969274e-03,6.060888e-03,2.124060e-03,4.331946e-02
1.035503e-02,3.023676e-02,4.934520e-02,3.960205e-01,1.274209e-02,5.274209e-03,1.056950e-03,1.339797e-02,3.878061e-01,1.474605e-02,3.432544e-02,1.870398e-03,7.489706e-03,2.039673e-03,3.329389e-02
1.200001e-02,2.390663e-02,6.831922e-02,3.148533e-01,1.357901e-02,5.546045e-03,8.748284e-04,1.995273e-02,4.559028e-01,1.552378e-02,3.368043e-02,1.724979e-03,6.688954e-03,1.784786e-03,2.566240e-02
4.627007e-02,2.121504e-02,7.820405e-02,2.308582e-01,4.079882e-02,1.406203e-02,2.035578e-03,6.851466e-02,4.178957e-01,1.536296e-02,3.323378e-02,1.826228e-03,6.105796e-03,2.559130e-03,2.105793e-02
1.028397e-01,2.887429e-02,7.061367e-02,1.755125e-01,4.084848e-02,1.700008e-02,2.566066e-03,8.757707e-02,3.731046e-01,1.596832e-02,2.506322e-02,2.048538e-03,6.477655e-03,2.870171e-03,4.863559e-02
8.141232e-02,2.791424e-02,8.885495e-02,1.663126e-01,2.999061e-02,1.723470e-02,2.035433e-03,6.883594e-02,4.061604e-01,2.586192e-02,1.897519e-02,2.397419e-03,7.703212e-03,2.287543e-03,5.402355e-02
1.079004e-01,4.476158e-02,1.090467e-01,1.407799e-01,2.592676e-02,1.734661e-02,2.346598e-03,8.537826e-02,3.339231e-01,3.071983e-02,1.934041e-02,3.824348e-03,1.246551e-02,2.647733e-03,6.359225e-02
1.358619e-01,5.791834e-02,9.349401e-02,1.099583e-01,2.849496e-02,1.772159e-02,4.543377e-03,6.299582e-02,3.229020e-01,2.429841e-02,1.956367e-02,5.075861e-03,2.019432e-02,2.706547e-03,9.427094e-02
1.749744e-01,6.588677e-02,7.693861e-02,9.634636e-02,2.691641e-02,1.783251e-02,4.565198e-03,4.787403e-02,2.775336e-01,2.464678e-02,1.789007e-02,6.651826e-03,2.560561e-02,2.960895e-03,1.333770e-01
1.754367e-01,5.107412e-02,6.164958e-02,7.939266e-02,2.302800e-02,1.830266e-02,3.658034e-03,3.780248e-02,2.126002e-01,2.553401e-02,1.993126e-02,8.914951e-03,4.451701e-02,5.642482e-03,2.325159e-01
1.997888e-01,4.004367e-02,4.689569e-02,6.560601e-02,1.801950e-02,1.885379e-02,2.953223e-03,2.897302e-02,1.667898e-01,2.650273e-02,4.046661e-02,1.996289e-02,8.771862e-02,1.901540e-02,2.184103e-01
2.123360e-01,3.121791e-02,3.379199e-02,5.549719e-02,1.511304e-02,2.104854e-02,2.484398e-03,2.137777e-02,1.319983e-01,2.525596e-02,6.027733e-02,3.569649e-02,1.501199e-01,2.808809e-02,1.756971e-01
1.997729e-01,2.446216e-02,2.494713e-02,4.600214e-02,1.552034e-02,1.940162e-02,2.151215e-03,1.560279e-02,1.166646e-01,2.803443e-02,7.333860e-02,6.253607e-02,2.043768e-01,3.474832e-02,1.324409e-01
1.577987e-01,1.985282e-02,1.831659e-02,3.665035e-02,1.590001e-02,1.730696e-02,2.317565e-03,1.115504e-02,1.007315e-01,3.440168e-02,8.187371e-02,1.003890e-01,2.756163e-01,2.893003e-02,9.875976e-02
1.190277e-01,1.575367e-02,1.374410e-02,2.787160e-02,1.478783e-02,1.408417e-02,2.221338e-03,8.321485e-03,7.858525e-02,4.011982e-02,8.596281e-02,1.785695e-01,2.967516e-01,3.223794e-02,7.196118e-02
9.048722e-02,1.148265e-02,9.698651e-03,1.994936e-02,1.250939e-02,1.113300e-02,1.734459e-03,5.870700e-03,6.006775e-02,4.234689e-02,8.704457e-02,2.821691e-01,2.882929e-01,2.496120e-02,5.225214e-02
7.342277e-02,1.032999e-02,6.952323e-03,1.417431e-02,9.560234e-03,8.413794e-03,1.280750e-03,4.155951e-03,4.797262e-02,5.011909e-02,1.215637e-01,3.225250e-01,2.706968e-01,2.125129e-02,3.758143e-02
5.671006e-02,1.094492e-02,6.797510e-03,1.029164e-02,7.973107e-03,6.555311e-03,1.290161e-03,4.811366e-03,4.133264e-02,5.728863e-02,1.294388e-01,3.676426e-01,2.511519e-01,1.909512e-02,2.867627e-02
4.692752e-02,2.068371e-02,6.794783e-03,7.881266e-03,7.153883e-03,4.852617e-03,1.058298e-03,5.658833e-03,4.121758e-02,6.855082e-02,1.505598e-01,3.902863e-01,2.065536e-01,2.024397e-02,2.157704e-02
4.659351e-02,2.073437e-02,7.084363e-03,6.423875e-03,8.206477e-03,3.779214e-03,9.371019e-04,8.447885e-03,5.417922e-02,8.561237e-02,1.692282e-01,3.950157e-01,1.576222e-01,2.029962e-02,1.583593e-02
3.379648e-02,2.033291e-02,6.046235e-03,4.839045e-03,8.591460e-03,2.882470e-03,7.086995e-04,7.153661e-03,8.803911e-02,7.123938e-02,2.305652e-01,3.735217e-01,1.173751e-01,2.283711e-02,1.207152e-02
2.409731e-02,2.073032e-02,5.377870e-03,3.768065e-03,8.393074e-03,2.314958e-03,5.271416e-04,5.832912e-03,1.798257e-01,5.730477e-02,2.412711e-01,3.289455e-01,8.614774e-02,2.656046e-02,8.903012e-03
1.757262e-02,1.835870e-02,6.781350e-03,2.943499e-03,8.084292e-03,2.094626e-03,3.899770e-04,4.538917e-03,2.540505e-01,4.431987e-02,2.970725e-01,2.454888e-01,6.240636e-02,2.892900e-02,6.968996e-03
1.294293e-02,1.496116e-02,6.932141e-03,2.291622e-03,7.281449e-03,2.109781e-03,3.066072e-04,4.116503e-03,2.874988e-01,3.550000e-02,3.449492e-01,1.920428e-01,4.536705e-02,3.818980e-02,5.510135e-03
1.063900e-02,1.147751e-02,5.962075e-03,1.832291e-03,6.749724e-03,3.035650e-03,2.477323e-04,4.488767e-03,3.702566e-01,2.759573e-02,3.203739e-01,1.465827e-01,3.390406e-02,5.108697e-02,5.767226e-03
9.313190e-03,8.740264e-03,4.608358e-03,1.541362e-03,6.727113e-03,3.402135e-03,1.993267e-04,4.931244e-03,4.238046e-01,2.485587e-02,2.781603e-01,1.133403e-01,2.706158e-02,8.754086e-02,5.773427e-03
8.599471e-03,6.772993e-03,4.383400e-03,1.665518e-03,7.764827e-03,5.477375e-03,2.220522e-04,7.545840e-03,4.496548e-01,2.511126e-02,2.405260e-01,9.826785e-02,2.571783e-02,1.119802e-01,6.310582e-03
7.588880e-03,1.034443e-02,5.313332e-03,1.457285e-03,7.736328e-03,4.448084e-03,2.137598e-04,6.620390e-03,3.533588e-01,2.271441e-02,3.087435e-01,7.702791e-02,2.303953e-02,1.647728e-01,6.620559e-03
7.296233e-03,1.018016e-02,1.303386e-02,1.645219e-03,1.533469e-02,5.099599e-03,8.126249e-04,3.259612e-02,3.649214e-01,2.066036e-02,2.944691e-01,5.902953e-02,1.947393e-02,1.502488e-01,5.198353e-03
5.614907e-03,1.924322e-02,2.730474e-02,1.605353e-03,1.390754e-02,6.865591e-03,6.445359e-04,3.432298e-02,4.840965e-01,1.546889e-02,2.186535e-01,4.196448e-02,1.418922e-02,1.122024e-01,3.916034e-03
4.519649e-03,1.946411e-02,8.997297e-02,2.064180e-02,1.405115e-02,9.197517e-03,5.767187e-04,2.896086e-02,5.221145e-01,1.444852e-02,1.538942e-01,2.944439e-02,1.005429e-02,7.896157e-02,3.697725e-03
4.299951e-03,1.930557e-02,8.463344e-02,2.631970e-02,2.626509e-02,5.922106e-02,9.066158e-04,2.266842e-02,5.467607e-01,1.306428e-02,1.082601e-01,2.064295e-02,7.494276e-03,5.610877e-02,4.049097e-03
4.287099e-03,2.011295e-02,6.653886e-02,7.412827e-02,2.761007e-02,7.234312e-02,8.439053e-04,2.271478e-02,5.586140e-01,1.286006e-02,7.660214e-02,1.452894e-02,5.599350e-03,3.944523e-02,3.771292e-03
5.422675e-03,2.186755e-02,4.954591e-02,6.052066e-02,3.293210e-02,1.494513e-01,1.330010e-03,1.784078e-02,5.496618e-01,1.037115e-02,5.400363e-02,1.020452e-02,4.133854e-03,2.775645e-02,4.957779e-03
4.160438e-03,1.706770e-02,3.556204e-02,1.181867e-01,3.136115e-02,1.067783e-01,1.075727e-03,1.345811e-02,5.692489e-01,7.681986e-03,4.507978e-02,9.392289e-03,1.733385e-02,1.946425e-02,4.148833e-03
3.251557e-03,1.222747e-02,2.532695e-02,2.125667e-01,3.929991e-02,7.749940e-02,9.241969e-04,9.701618e-03,4.375670e-01,8.291553e-03,5.076768e-02,4.750657e-02,5.730048e-02,1.404989e-02,3.718993e-03
2.465821e-03,8.775270e-03,1.797644e-02,1.963296e-01,2.944781e-02,5.525378e-02,6.733706e-04,6.879366e-03,3.174692e-01,2.014555e-02,1.227212e-01,1.158783e-01,9.175767e-02,1.008480e-02,4.141787e-03
2.086237e-03,6.397793e-03,1.332860e-02,1.449449e-01,2.146513e-02,5.449157e-02,8.269362e-04,6.969415e-03,2.563178e-01,2.597086e-02,1.362031e-01,1.867316e-01,1.275190e-01,7.461009e-03,9.285879e-03
2.276498e-03,4.987560e-03,9.666437e-03,1.071890e-01,1.635119e-02,5.571573e-02,8.071951e-04,5.609178e-03,2.166425e-01,2.603748e-02,1.304117e-01,2.486323e-01,1.602702e-01,5.832842e-03,9.570115e-03
3.626461e-03,7.481894e-03,6.874858e-03,7.774720e-02,1.222313e-02,6.780522e-02,7.982766e-04,4.242645e-03,2.007031e-01,3.073967e-02,1.094021e-01,3.221253e-01,1.403577e-01,6.212693e-03,9.659784e-03
2.822435e-03,5.539449e-03,4.874673e-03,5.529980e-02,9.616042e-03,5.371629e-02,6.704173e-04,4.134174e-03,2.089966e-01,2.889612e-02,1.003198e-01,3.420439e-01,1.711512e-01,4.676313e-03,7.242751e-03
3.933693e-03,5.366495e-03,3.650292e-03,4.042322e-02,1.190961e-02,5.533868e-02,8.390018e-04,4.403966e-03,2.226394e-01,2.842149e-02,9.222956e-02,3.862786e-01,1.356371e-01,3.631109e-03,5.297730e-03
6.977461e-03,4.774184e-03,2.668044e-03,2.996004e-02,1.073347e-02,6.792285e-02,1.010779e-03,4.832509e-03,1.955749e-01,2.850085e-02,8.309699e-02,4.548706e-01,1.011107e-01,3.570831e-03,4.395852e-03
6.931077e-03,4.020524e-03,1.894953e-03,2.155370e-02,7.841838e-03,5.385822e-02,8.187366e-04,3.737683e-03,1.767384e-01,2.448315e-02,7.727782e-02,5.345706e-01,8.001979e-02,2.829115e-03,3.424407e-03
9.177752e-03,4.253674e-03,1.392954e-03,1.541008e-02,5.997423e-03,4.223377e-02,6.792960e-04,3.203916e-03,1.550592e-01,2.484469e-02,7.194548e-02,5.955734e-01,6.458727e-02,2.584545e-03,3.056651e-03
1.361440e-02,4.751236e-03,1.078588e-03,1.131896e-02,5.120262e-03,3.393596e-02,5.565770e-04,3.106440e-03,1.410142e-01,3.203985e-02,6.979932e-02,6.274066e-01,5.129452e-02,2.261894e-03,2.701200e-03
2.430563e-02,1.346158e-02,1.375824e-03,9.334411e-03,6.155842e-03,3.326384e-02,6.059475e-04,5.053355e-03,1.569689e-01,4.681914e-02,7.145989e-02,5.875101e-01,3.887893e-02,2.039738e-03,2.766839e-03
2.368382e-02,3.704461e-02,3.910692e-03,8.497196e-03,7.447059e-03,2.774728e-02,7.309790e-04,2.859260e-02,2.868089e-01,4.246408e-02,5.876869e-02,4.422662e-01,2.838184e-02,1.545232e-03,2.110829e-03
2.175180e-02,3.867786e-02,3.544728e-03,6.808487e-03,6.151447e-03,2.960892e-02,5.661962e-04,2.133016e-02,2.328842e-01,3.604880e-02,1.401060e-01,4.374911e-01,2.145934e-02,1.602930e-03,1.968029e-03
1.618046e-02,2.952339e-02,2.531074e-03,5.066967e-03,4.513835e-03,2.183618e-02,4.246428e-04,1.518205e-02,1.776259e-01,2.728931e-02,2.764330e-01,4.033259e-01,1.594128e-02,2.279655e-03,1.846469e-03
1.144492e-02,2.481362e-02,1.796840e-03,3.591840e-03,3.236715e-03,1.538109e-02,3.022710e-04,1.064314e-02,1.332978e-01,1.944133e-02,4.525596e-01,3.082410e-01,1.159888e-02,2.177426e-03,1.473577e-03
8.224257e-03,2.187937e-02,1.375668e-03,2.564490e-03,2.448502e-03,1.090066e-02,2.248986e-04,7.568341e-03,1.118909e-01,1.394927e-02,5.772473e-01,2.301224e-01,8.259314e-03,2.198943e-03,1.145774e-03
6.730383e-03,2.349634e-02,2.940695e-03,2.285808e-03,2.605801e-03,7.818835e-03,1.938432e-04,5.917253e-03,1.393663e-01,1.079523e-02,6.228471e-01,1.653167e-01,5.879669e-03,2.759638e-03,1.046436e-03
5.670837e-03,2.030181e-02,2.406932e-03,1.724979e-03,2.296015e-03,5.595418e-03,1.788932e-04,4.391591e-03,1.428912e-01,8.283502e-03,6.784034e-01,1.192487e-01,4.185550e-03,3.529045e-03,8.922365e-04
4.428840e-03,1.658987e-02,1.960446e-03,1.357055e-03,2.016096e-03,3.980420e-03,1.283511e-04,3.219641e-03,1.275822e-01,6.151684e-03,7.369673e-01,8.859493e-02,2.981900e-03,3.313326e-03,7.279249e-04
3.562288e-03,1.925074e-02,1.609578e-03,1.054785e-03,1.961674e-03,2.842068e-03,9.244217e-05,2.575742e-03,1.487396e-01,4.776363e-03,7.438649e-01,6.299257e-02,2.107247e-03,3.854612e-03,7.153577e-04
3.271541e-03,4.898613e-02,4.180765e-03,1.164981e-03,3.807982e-03,2.179136e-03,1.094977e-04,4.066851e-03,2.789103e-01,3.991096e-03,5.992311e-01,4.467281e-02,1.511276e-03,3.203667e-03,7.128223e-04
2.780673e-03,4.497847e-02,3.296178e-03,9.383474e-04,5.959133e-03,1.834942e-03,8.391858e-05,3.867610e-03,4.648053e-01,2.947826e-03,4.330522e-01,3.138305e-02,1.074505e-03,2.320454e-03,6.772866e-04
2.904433e-03,5.784655e-02,4.955534e-03,5.276216e-03,1.336140e-02,1.769734e-03,7.736497e-05,6.866463e-03,5.624099e-01,3.210470e-03,3.149865e-01,2.214230e-02,7.783436e-04,1.676620e-03,1.738116e-03
1.027383e-02,5.200937e-02,4.809281e-03,9.111404e-03,6.521384e-02,1.700408e-03,4.582956e-04,2.065796e-02,5.738378e-01,3.066207e-03,2.357551e-01,1.567858e-02,5.806491e-04,1.305666e-03,5.541578e-03
1.124210e-02,4.595201e-02,8.745657e-03,9.537334e-02,1.094485e-01,1.775348e-03,5.699726e-04,6.650184e-02,4.571281e-01,5.008355e-03,1.665426e-01,1.122630e-02,4.730712e-04,9.775548e-04,1.903521e-02
2.083219e-02,5.084988e-02,9.115943e-03,7.655510e-02,2.076984e-01,3.890304e-03,9.652745e-04,7.013498e-02,4.122754e-01,3.963443e-03,1.178106e-01,8.133970e-03,4.378396e-04,7.937360e-04,1.654292e-02
1.985309e-02,4.670860e-02,9.638489e-03,1.681684e-01,2.255485e-01,3.729589e-03,1.127754e-03,1.057537e-01,3.079779e-01,3.147247e-03,8.297089e-02,5.879720e-03,4.381678e-04,6.638600e-04,1.839405e-02
2.790156e-02,5.849349e-02,2.080716e-02,2.150001e-01,1.984747e-01,4.574914e-03,1.180155e-03,1.415242e-01,2.285935e-01,3.434322e-03,5.941830e-02,4.404463e-03,6.258277e-04,8.099747e-04,3.475729e-02
5.251709e-02,1.067003e-01,5.290713e-02,1.667803e-01,1.560152e-01,6.798529e-03,1.181728e-03,1.496611e-01,1.736908e-01,4.350080e-03,4.311984e-02,3.747446e-03,1.122054e-03,1.543095e-03,7.986517e-02
9.075303e-02,1.287369e-01,8.456267e-02,1.658578e-01,1.318479e-01,1.205111e-02,1.189757e-03,1.135461e-01,1.338297e-01,3.646361e-03,3.222554e-02,3.304639e-03,1.570549e-03,1.984791e-03,9.489310e-02
1.383079e-01,1.472041e-01,9.145358e-02,1.346324e-01,1.285777e-01,1.834429e-02,1.390609e-03,8.868169e-02,1.061013e-01,3.754894e-03,2.421532e-02,2.975553e-03,1.827759e-03,2.821854e-03,1.097110e-01
1.987384e-01,1.326467e-01,7.789467e-02,1.625957e-01,1.246394e-01,2.141928e-02,1.770200e-03,7.751680e-02,8.408010e-02,3.076302e-03,1.953233e-02,3.628938e-03,2.926902e-03,2.950208e-03,8.658389e-02
3.368074e-01,1.166856e-01,5.903640e-02,1.464299e-01,9.801938e-02,1.876182e-02,1.698401e-03,5.982517e-02,6.512879e-02,2.538827e-03,1.533178e-02,4.246352e-03,3.504089e-03,2.969182e-03,6.901683e-02
