1.000000e+00,0.000000e+00,0.000000e+00,0.000000e+00,0.000000e+00,0.000000e+00,0.000000e+00,0.000000e+00,0.000000e+00,0.000000e+00,0.000000e+00,0.000000e+00,0.000000e+00,0.000000e+00,0.000000e+00
1.000000e+00,0.000000e+00,0.000000e+00,0.000000e+00,0.000000e+00,0.000000e+00,0.000000e+00,0.000000e+00,0.000000e+00,0.000000e+00,0.000000e+00,0.000000e+00,0.000000e+00,0.000000e+00,0.000000e+00
1.000000e+00,0.000000e+00,0.000000e+00,0.000000e+00,0.000000e+00,0.000000e+00,0.000000e+00,0.000000e+00,0.000000e+00,0.000000e+00,0.000000e+00,0.000000e+00,0.000000e+00,0.000000e+00,0.000000e+00
1.000000e+00,0.000000e+00,0.000000e+00,0.000000e+00,0.000000e+00,0.000000e+00,0.000000e+00,0.000000e+00,0.000000e+00,0.000000e+00,0.000000e+00,0.000000e+00,0.000000e+00,0.000000e+00,0.000000e+00
1.000000e+00,0.000000e+00,0.000000e+00,0.000000e+00,0.000000e+00,0.000000e+00,0.000000e+00,0.000000e+00,0.000000e+00,0.000000e+00,0.000000e+00,0.000000e+00,0.000000e+00,0.000000e+00,0.000000e+00
1.000000e+00,0.000000e+00,0.000000e+00,0.000000e+00,0.000000e+00,0.000000e+00,0.000000e+00,0.000000e+00,0.000000e+00,0.000000e+00,0.000000e+00,0.000000e+00,0.000000e+00,0.000000e+00,0.000000e+00
1.000000e+00,0.000000e+00,0.000000e+00,0.000000e+00,0.000000e+00,0.000000e+00,0.000000e+00,0.000000e+00,0.000000e+00,0.000000e+00,0.000000e+00,0.000000e+00,0.000000e+00,0.000000e+00,0.000000e+00
1.000000e+00,0.000000e+00,0.000000e+00,0.000000e+00,0.000000e+00,0.000000e+00,0.000000e+00,0.000000e+00,0.000000e+00,0.000000e+00,0.000000e+00,0.000000e+00,0.000000e+00,0.000000e+00,0.000000e+00
1.000000e+00,0.000000e+00,0.000000e+00,0.000000e+00,0.000000e+00,0.000000e+00,0.000000e+00,0.000000e+00,0.000000e+00,0.000000e+00,0.000000e+00,0.000000e+00,0.000000e+00,0.000000e+00,0.000000e+00
1.000000e+00,0.000000e+00,0.000000e+00,0.000000e+00,0.000000e+00,0.000000e+00,0.000000e+00,0.000000e+00,0.000000e+00,0.000000e+00,0.000000e+00,0.000000e+00,0.000000e+00,0.000000e+00,0.000000e+00
1.000000e+00,0.000000e+00,0.000000e+00,0.000000e+00,0.000000e+00,0.000000e+00,0.000000e+00,0.000000e+00,0.000000e+00,0.000000e+00,0.000000e+00,0.000000e+00,0.000000e+00,0.000000e+00,0.000000e+00
1.000000e+00,0.000000e+00,0.000000e+00,0.000000e+00,0.000000e+00,0.000000e+00,0.000000e+00,0.000000e+00,0.000000e+00,0.000000e+00,0.000000e+00,0.000000e+00,0.000000e+00,0.000000e+00,0.000000e+00
1.000000e+00,0.000000e+00,0.000000e+00,0.000000e+00,0.000000e+00,0.000000e+00,0.000000e+00,0.000000e+00,0.000000e+00,0.000000e+00,0.000000e+00,0.000000e+00,0.000000e+00,0.000000e+00,0.000000e+00
1.000000e+00,0.000000e+00,0.000000e+00,0.000000e+00,0.000000e+00,0.000000e+00,0.000000e+00,0.000000e+00,0.000000e+00,0.000000e+00,0.000000e+00,0.000000e+00,0.000000e+00,0.000000e+00,0.000000e+00
1.000000e+00,0.000000e+00,0.000000e+00,0.000000e+00,0.000000e+00,0.000000e+00,0.000000e+00,0.000000e+00,0.000000e+00,0.000000e+00,0.000000e+00,0.000000e+00,0.000000e+00,0.000000e+00,0.000000e+00
1.000000e+00,0.000000e+00,0.000000e+00,0.000000e+00,0.000000e+00,0.000000e+00,0.000000e+00,0.000000e+00,0.000000e+00,0.000000e+00,0.000000e+00,0.000000e+00,0.000000e+00,0.000000e+00,0.000000e+00
1.000000e+00,0.000000e+00,0.000000e+00,0.000000e+00,0.000000e+00,0.000000e+00,0.000000e+00,0.000000e+00,0.000000e+00,0.000000e+00,0.000000e+00,0.000000e+00,0.000000e+00,0.000000e+00,0.000000e+00
1.000000e+00,0.000000e+00,0.000000e+00,0.000000e+00,0.000000e+00,0.000000e+00,0.000000e+00,0.000000e+00,0.000000e+00,0.000000e+00,0.000000e+00,0.000000e+00,0.000000e+00,0.000000e+00,0.000000e+00
1.000000e+00,0.000000e+00,0.000000e+00,0.000000e+00,0.000000e+00,0.000000e+00,0.000000e+00,0.000000e+00,0.000000e+00,0.000000e+00,0.000000e+00,0.000000e+00,0.000000e+00,0.000000e+00,0.000000e+00
1.000000e+00,0.000000e+00,0.000000e+00,0.000000e+00,0.000000e+00,0.000000e+00,0.000000e+00,0.000000e+00,0.000000e+00,0.000000e+00,0.000000e+00,0.000000e+00,0.000000e+00,0.000000e+00,0.000000e+00
1.000000e+00,0.000000e+00,0.000000e+00,0.000000e+00,0.000000e+00,0.000000e+00,0.000000e+00,0.000000e+00,0.000000e+00,0.000000e+00,0.000000e+00,0.000000e+00,0.000000e+00,0.000000e+00,0.000000e+00
1.000000e+00,0.000000e+00,0.000000e+00,0.000000e+00,0.000000e+00,0.000000e+00,0.000000e+00,0.000000e+00,0.000000e+00,0.000000e+00,0.000000e+00,0.000000e+00,0.000000e+00,0.000000e+00,0.000000e+00
1.000000e+00,0.000000e+00,0.000000e+00,0.000000e+00,0.000000e+00,0.000000e+00,0.000000e+00,0.000000e+00,0.000000e+00,0.000000e+00,0.000000e+00,0.000000e+00,0.000000e+00,0.000000e+00,0.000000e+00
1.000000e+00,0.000000e+00,0.000000e+00,0.000000e+00,0.000000e+00,0.000000e+00,0.000000e+00,0.000000e+00,0.000000e+00,0.000000e+00,0.000000e+00,0.000000e+00,0.000000e+00,0.000000e+00,0.000000e+00
1.000000e+00,0.000000e+00,0.000000e+00,0.000000e+00,0.000000e+00,0.000000e+00,0.000000e+00,0.000000e+00,0.000000e+00,0.000000e+00,0.000000e+00,0.000000e+00,0.000000e+00,0.000000e+00,0.000000e+00
1.000000e+00,0.000000e+00,0.000000e+00,0.000000e+00,0.000000e+00,0.000000e+00,0.000000e+00,0.000000e+00,0.000000e+00,0.000000e+00,0.000000e+00,0.000000e+00,0.000000e+00,0.000000e+00,0.000000e+00
4.301047e-01,3.034352e-02,5.208874e-02,1.574934e-01,1.318404e-02,2.563362e-02,7.963767e-03,4.743005e-02,1.388795e-02,2.766285e-03,2.264840e-02,1.356307e-01,3.461443e-02,4.378315e-03,2.183219e-02
1.000000e+00,0.000000e+00,0.000000e+00,0.000000e+00,0.000000e+00,0.000000e+00,0.000000e+00,0.000000e+00,0.000000e+00,0.000000e+00,0.000000e+00,0.000000e+00,0.000000e+00,0.000000e+00,0.000000e+00
1.000000e+00,0.000000e+00,0.000000e+00,0.000000e+00,0.000000e+00,0.000000e+00,0.000000e+00,0.000000e+00,0.000000e+00,0.000000e+00,0.000000e+00,0.000000e+00,0.000000e+00,0.000000e+00,0.000000e+00
1.000000e+00,0.000000e+00,0.000000e+00,0.000000e+00,0.000000e+00,0.000000e+00,0.000000e+00,0.000000e+00,0.000000e+00,0.000000e+00,0.000000e+00,0.000000e+00,0.000000e+00,0.000000e+00,0.000000e+00
1.000000e+00,0.000000e+00,0.000000e+00,0.000000e+00,0.000000e+00,0.000000e+00,0.000000e+00,0.000000e+00,0.000000e+00,0.000000e+00,0.000000e+00,0.000000e+00,0.000000e+00,0.000000e+00,0.000000e+00
1.000000e+00,0.000000e+00,0.000000e+00,0.000000e+00,0.000000e+00,0.000000e+00,0.000000e+00,0.000000e+00,0.000000e+00,0.000000e+00,0.000000e+00,0.000000e+00,0.000000e+00,0.000000e+00,0.000000e+00
1.000000e+00,0.000000e+00,0.000000e+00,0.000000e+00,0.000000e+00,0.000000e+00,0.000000e+00,0.000000e+00,0.000000e+00,0.000000e+00,0.000000e+00,0.000000e+00,0.000000e+00,0.000000e+00,0.000000e+00
1.000000e+00,0.000000e+00,0.000000e+00,0.000000e+00,0.000000e+00,0.000000e+00,0.000000e+00,0.000000e+00,0.000000e+00,0.000000e+00,0.000000e+00,0.000000e+00,0.000000e+00,0.000000e+00,0.000000e+00
1.000000e+00,0.000000e+00,0.000000e+00,0.000000e+00,0.000000e+00,0.000000e+00,0.000000e+00,0.000000e+00,0.000000e+00,0.000000e+00,0.000000e+00,0.000000e+00,0.000000e+00,0.000000e+00,0.000000e+00
1.000000e+00,0.000000e+00,0.000000e+00,0.000000e+00,0.000000e+00,0.000000e+00,0.000000e+00,0.000000e+00,0.000000e+00,0.000000e+00,0.000000e+00,0.000000e+00,0.000000e+00,0.000000e+00,0.000000e+00
1.000000e+00,0.000000e+00,0.000000e+00,0.000000e+00,0.000000e+00,0.000000e+00,0.000000e+00,0.000000e+00,0.000000e+00,0.000000e+00,0.000000e+00,0.000000e+00,0.000000e+00,0.000000e+00,0.000000e+00
1.000000e+00,0.000000e+00,0.000000e+00,0.000000e+00,0.000000e+00,0.000000e+00,0.000000e+00,0.000000e+00,0.000000e+00,0.000000e+00,0.000000e+00,0.000000e+00,0.000000e+00,0.000000e+00,0.000000e+00
1.000000e+00,0.000000e+00,0.000000e+00,0.000000e+00,0.000000e+00,0.000000e+00,0.000000e+00,0.000000e+00,0.000000e+00,0.000000e+00,0.000000e+00,0.000000e+00,0.000000e+00,0.000000e+00,0.000000e+00
1.000000e+00,0.000000e+00,0.000000e+00,0.000000e+00,0.000000e+00,0.000000e+00,0.000000e+00,0.000000e+00,0.000000e+00,0.000000e+00,0.000000e+00,0.000000e+00,0.000000e+00,0.000000e+00,0.000000e+00
1.000000e+00,0.000000e+00,0.000000e+00,0.000000e+00,0.000000e+00,0.000000e+00,0.000000e+00,0.000000e+00,0.000000e+00,0.000000e+00,0.000000e+00,0.000000e+00,0.000000e+00,0.000000e+00,0.000000e+00
1.000000e+00,0.000000e+00,0.000000e+00,0.000000e+00,0.000000e+00,0.000000e+00,0.000000e+00,0.000000e+00,0.000000e+00,0.000000e+00,0.000000e+00,0.000000e+00,0.000000e+00,0.000000e+00,0.000000e+00
1.000000e+00,0.000000e+00,0.000000e+00,0.000000e+00,0.000000e+00,0.000000e+00,0.000000e+00,0.000000e+00,0.000000e+00,0.000000e+00,0.000000e+00,0.000000e+00,0.000000e+00,0.000000e+00,0.000000e+00
1.000000e+00,0.000000e+00,0.000000e+00,0.000000e+00,0.000000e+00,0.000000e+00,0.000000e+00,0.000000e+00,0.000000e+00,0.000000e+00,0.000000e+00,0.000000e+00,0.000000e+00,0.000000e+00,0.000000e+00
1.000000e+00,0.000000e+00,0.000000e+00,0.000000e+00,0.000000e+00,0.000000e+00,0.000000e+00,0.000000e+00,0.000000e+00,0.000000e+00,0.000000e+00,0.000000e+00,0.000000e+00,0.000000e+00,0.000000e+00
1.000000e+00,0.000000e+00,0.000000e+00,0.000000e+00,0.000000e+00,0.000000e+00,0.000000e+00,0.000000e+00,0.000000e+00,0.000000e+00,0.000000e+00,0.000000e+00,0.000000e+00,0.000000e+00,0.000000e+00
1.000000e+00,0.000000e+00,0.000000e+00,0.000000e+00,0.000000e+00,0.000000e+00,0.000000e+00,0.000000e+00,0.000000e+00,0.000000e+00,0.000000e+00,0.000000e+00,0.000000e+00,0.000000e+00,0.000000e+00
1.000000e+00,0.000000e+00,0.000000e+00,0.000000e+00,0.000000e+00,0.000000e+00,0.000000e+00,0.000000e+00,0.000000e+00,0.000000e+00,0.000000e+00,0.000000e+00,0.000000e+00,0.000000e+00,0.000000e+00
1.000000e+00,0.000000e+00,0.000000e+00,0.000000e+00,0.000000e+00,0.000000e+00,0.000000e+00,0.000000e+00,0.000000e+00,0.000000e+00,0.000000e+00,0.000000e+00,0.000000e+00,0.000000e+00,0.000000e+00
1.000000e+00,0.000000e+00,0.000000e+00,0.000000e+00,0.000000e+00,0.000000e+00,0.000000e+00,0.000000e+00,0.000000e+00,0.000000e+00,0.000000e+00,0.000000e+00,0.000000e+00,0.000000e+00,0.000000e+00
1.000000e+00,0.000000e+00,0.000000e+00,0.000000e+00,0.000000e+00,0.000000e+00,0.000000e+00,0.000000e+00,0.000000e+00,0.000000e+00,0.000000e+00,0.000000e+00,0.000000e+00,0.000000e+00,0.000000e+00
3.821412e-01,1.401697e-02,1.809992e-02,6.286524e-02,6.069635e-03,2.146442e-01,2.037487e-02,7.850863e-03,3.560400e-02,1.974155e-03,7.464987e-03,3.305477e-02,1.737383e-01,1.191517e-03,2.090937e-02
2.684308e-01,1.008741e-02,1.289847e-02,4.459925e-02,4.301011e-03,3.745438e-01,1.457678e-02,5.536683e-03,2.586468e-02,1.434491e-03,5.634404e-03,6.786030e-02,1.475881e-01,8.565531e-04,1.578723e-02
2.129258e-01,8.981321e-03,9.462875e-03,3.509976e-02,3.293108e-03,4.001484e-01,1.125555e-02,4.181152e-03,2.784564e-02,1.397896e-03,5.576880e-03,9.839471e-02,1.663363e-01,6.642252e-04,1.443639e-02
1.627438e-01,8.119847e-03,7.181862e-03,2.751052e-02,2.526357e-03,3.577781e-01,8.536957e-03,3.167728e-03,2.649008e-02,1.212936e-03,4.485149e-03,7.993972e-02,2.971351e-01,4.995779e-04,1.267220e-02
1.161371e-01,7.474852e-03,5.535700e-03,2.392398e-02,1.980389e-03,2.709151e-01,6.620495e-03,2.385546e-03,3.241312e-02,1.050256e-03,3.881483e-03,6.903538e-02,4.447682e-01,3.893481e-04,1.348907e-02
8.191116e-02,5.800198e-03,4.395362e-03,1.829570e-02,1.974931e-03,1.973911e-01,7.876753e-03,2.220368e-03,3.098904e-02,9.706170e-04,3.213343e-03,5.670198e-02,5.747502e-01,3.005166e-04,1.320861e-02
5.800882e-02,4.893893e-03,3.129652e-03,1.317190e-02,1.432186e-03,1.406965e-01,5.645885e-03,1.664858e-03,2.569973e-02,7.481423e-04,2.674334e-03,5.569846e-02,6.757384e-01,2.424852e-04,1.055476e-02
4.077090e-02,3.664088e-03,2.265071e-03,9.513492e-03,1.041102e-03,1.011956e-01,4.116085e-03,1.237057e-03,1.922610e-02,5.738494e-04,2.124579e-03,5.160854e-02,7.543207e-01,1.773114e-04,8.165417e-03
2.899441e-02,2.860276e-03,1.634239e-03,6.995767e-03,7.823945e-04,7.594212e-02,3.054075e-03,9.323888e-04,1.493101e-02,4.811379e-04,1.817018e-03,5.140190e-02,8.034939e-01,1.313874e-04,6.547926e-03
2.090932e-02,3.532652e-03,1.314545e-03,4.987382e-03,7.794750e-04,5.831096e-02,2.362022e-03,7.386199e-04,1.324328e-02,5.818843e-04,1.983093e-03,5.911821e-02,8.265606e-01,1.834467e-04,5.394507e-03
1.482048e-02,2.866900e-03,1.046743e-03,3.512925e-03,8.394106e-04,4.260529e-02,9.205928e-03,1.770595e-03,1.068667e-02,6.394641e-04,1.881493e-03,5.688077e-02,8.473215e-01,1.573353e-04,5.764511e-03
1.053705e-02,2.831976e-03,9.133745e-04,2.488066e-03,1.161140e-03,3.485367e-02,8.512315e-03,1.549956e-03,1.121148e-02,6.655565e-04,1.862635e-03,6.731437e-02,8.501910e-01,1.710896e-04,5.736381e-03
7.608304e-03,2.217119e-03,8.121479e-04,1.782529e-03,1.377355e-03,2.731850e-02,9.343795e-03,1.713961e-03,9.197759e-03,5.644790e-04,1.751384e-03,7.291377e-02,8.586084e-01,1.537023e-04,4.636850e-03
5.457367e-03,1.992407e-03,6.579691e-04,1.299155e-03,1.423653e-03,1.971630e-02,6.674213e-03,1.324436e-03,8.317693e-03,4.432043e-04,1.879952e-03,7.180899e-02,8.754811e-01,1.267435e-04,3.396710e-03
4.277058e-03,2.497462e-03,1.398388e-03,1.156847e-03,3.770003e-03,1.737980e-02,5.778809e-03,1.643018e-03,2.163986e-02,5.078028e-04,2.869702e-03,7.023087e-02,8.635952e-01,1.598547e-04,3.095293e-03
3.446038e-03,2.766358e-03,1.692028e-03,9.227110e-04,8.986667e-03,1.535651e-02,4.796184e-03,7.243534e-03,3.291476e-02,4.058192e-04,2.946015e-03,8.010448e-02,8.357775e-01,1.672542e-04,2.474106e-03
6.262744e-03,2.394548e-03,2.072856e-03,1.043136e-03,1.436651e-02,1.783310e-02,7.391001e-03,6.385379e-03,2.768198e-02,3.135128e-04,2.181367e-03,5.997818e-02,8.500766e-01,1.511714e-04,1.867990e-03
7.052926e-03,1.981909e-03,2.183879e-03,1.007168e-03,1.525093e-02,1.892590e-02,6.493532e-03,5.395466e-03,2.165787e-02,2.307699e-04,1.646513e-03,4.750486e-02,8.691486e-01,1.266027e-04,1.393033e-03
1.213384e-02,2.491807e-03,3.529490e-03,1.075190e-03,1.552015e-02,2.632843e-02,5.557037e-03,4.162517e-03,1.873905e-02,2.381779e-04,1.267656e-03,3.450841e-02,8.729562e-01,1.235992e-04,1.368509e-03
1.570594e-02,2.323832e-02,6.678694e-03,1.527905e-03,1.416925e-02,7.704260e-02,5.930547e-03,3.453388e-03,4.640891e-02,4.491108e-04,1.685359e-03,2.623385e-02,7.704163e-01,1.543153e-04,6.905561e-03
1.784436e-02,2.424028e-02,5.815609e-03,1.606783e-03,1.409646e-02,6.723937e-02,6.608182e-03,4.182229e-03,7.088001e-02,4.235546e-04,1.730631e-03,1.968176e-02,7.595695e-01,1.411474e-04,5.940151e-03
3.214812e-02,2.031527e-02,6.820095e-03,3.117294e-03,1.723713e-02,5.515943e-02,7.998053e-03,2.213887e-02,7.378259e-02,3.773062e-04,1.371642e-03,1.501854e-02,7.397985e-01,1.414795e-04,4.575649e-03
4.577124e-02,1.822678e-02,6.688083e-03,5.556759e-03,2.113952e-02,5.661037e-02,1.131713e-02,6.120541e-02,9.249713e-02,3.732991e-04,1.101173e-03,1.129701e-02,6.632435e-01,1.613090e-04,4.811266e-03
5.529141e-02,2.752055e-02,1.079977e-02,2.991888e-02,2.043400e-02,6.821024e-02,1.135972e-02,1.186907e-01,1.069141e-01,2.950303e-03,1.212110e-03,8.601956e-03,5.231861e-01,4.039929e-04,1.450611e-02
9.002955e-02,3.511710e-02,8.600276e-03,2.263268e-02,2.595040e-02,6.862450e-02,2.416888e-02,1.070281e-01,1.557652e-01,2.226757e-03,9.939490e-04,6.838157e-03,4.390292e-01,3.823694e-04,1.261291e-02
1.325770e-01,4.108445e-02,8.383933e-03,1.861287e-02,3.031749e-02,7.537445e-02,2.735862e-02,1.155155e-01,1.571611e-01,2.074082e-03,9.077378e-04,5.623735e-03,3.652933e-01,6.020934e-04,1.911370e-02
1.965256e-01,4.723231e-02,7.194871e-03,1.559080e-02,3.264259e-02,7.686570e-02,2.354346e-02,9.512851e-02,1.523089e-01,1.643409e-03,9.406910e-04,5.569155e-03,3.237200e-01,7.684362e-04,2.032561e-02
2.716044e-01,4.138462e-02,5.877617e-03,1.203847e-02,3.534500e-02,8.498991e-02,2.158828e-02,7.136827e-02,1.369321e-01,1.314158e-03,1.001984e-03,5.275147e-03,2.910911e-01,7.971525e-04,1.939172e-02
3.611223e-01,3.195533e-02,4.420026e-03,9.252722e-03,3.215468e-02,1.076927e-01,2.114863e-02,5.601409e-02,1.173339e-01,1.060897e-03,1.292947e-03,4.877904e-03,2.353945e-01,6.334782e-04,1.564594e-02
4.682099e-01,2.498317e-02,3.288718e-03,7.245236e-03,2.823607e-02,9.984189e-02,1.726827e-02,4.088002e-02,9.706507e-02,8.208059e-04,1.362826e-03,6.076773e-03,1.913266e-01,5.704854e-04,1.282420e-02
4.954396e-01,2.007197e-02,2.449723e-03,6.049394e-03,2.260649e-02,1.220508e-01,1.443153e-02,2.999222e-02,7.846159e-02,6.644542e-04,1.390100e-03,7.862451e-03,1.874073e-01,4.484123e-04,1.067404e-02
1.000000e+00,0.000000e+00,0.000000e+00,0.000000e+00,0.000000e+00,0.000000e+00,0.000000e+00,0.000000e+00,0.000000e+00,0.000000e+00,0.000000e+00,0.000000e+00,0.000000e+00,0.000000e+00,0.000000e+00
4.720434e-01,1.343575e-02,1.461703e-03,4.551185e-03,1.606072e-02,9.095754e-02,8.718772e-03,1.630809e-02,5.052614e-02,6.020048e-04,1.479598e-03,1.009270e-02,3.059887e-01,2.881137e-04,7.485511e-03
3.880201e-01,1.279812e-02,1.161252e-03,3.904548e-03,1.225584e-02,6.838199e-02,6.586161e-03,1.195591e-02,4.156745e-02,4.919613e-04,1.237289e-03,1.045644e-02,4.349717e-01,2.438509e-04,5.967353e-03
3.035906e-01,1.171218e-02,9.515199e-04,3.450365e-03,9.003551e-03,4.963814e-02,4.871100e-03,8.647787e-03,3.849540e-02,4.031649e-04,1.664045e-03,1.314226e-02,5.485445e-01,2.883639e-04,5.597044e-03
2.313507e-01,1.228143e-02,1.007316e-03,3.108896e-03,6.778345e-03,3.745850e-02,3.901548e-03,6.245105e-03,3.622682e-02,3.744502e-04,2.334909e-03,1.400168e-02,6.378584e-01,6.456724e-04,6.426220e-03
1.874183e-01,9.341747e-03,9.667915e-04,2.358244e-03,5.279812e-03,2.728584e-02,4.270749e-03,4.730667e-03,2.805825e-02,4.590139e-04,2.227245e-03,1.341643e-02,7.069029e-01,7.251143e-04,6.558870e-03
1.420736e-01,7.823010e-03,8.313963e-04,1.753005e-03,4.023344e-03,2.078577e-02,3.354996e-03,3.406335e-03,2.251245e-02,5.559919e-04,2.106995e-03,1.403139e-02,7.697797e-01,6.031626e-04,6.358808e-03
1.010766e-01,6.607733e-03,9.183386e-04,1.254754e-03,3.425623e-03,1.547019e-02,2.912568e-03,2.595450e-03,1.787475e-02,8.026838e-04,2.007008e-03,1.724000e-02,8.178017e-01,4.897818e-04,9.522753e-03
7.125993e-02,5.242915e-03,9.017264e-04,8.900678e-04,3.145670e-03,1.152195e-02,3.035492e-03,1.985971e-03,1.411701e-02,8.677901e-04,2.429768e-03,2.482868e-02,8.501573e-01,4.773792e-04,9.138379e-03
5.029646e-02,4.490509e-03,1.485599e-03,6.466289e-04,3.921718e-03,8.665621e-03,4.138990e-03,1.703059e-03,1.173181e-02,1.104599e-03,2.454388e-03,3.033980e-02,8.701907e-01,4.427429e-04,8.387381e-03
3.573590e-02,4.570765e-03,1.903038e-03,4.811849e-04,4.792949e-03,6.620284e-03,5.958284e-03,1.927265e-03,1.055048e-02,1.091412e-03,2.294702e-03,4.432392e-02,8.720527e-01,3.386308e-04,7.358469e-03
2.563614e-02,6.126990e-03,3.609844e-03,3.812787e-04,9.377675e-03,6.085995e-03,1.308186e-02,2.601249e-03,1.596365e-02,1.249529e-03,2.258362e-03,7.024965e-02,8.345513e-01,2.767195e-04,8.549786e-03
1.838566e-02,1.022874e-02,1.143654e-02,3.014332e-04,1.287033e-02,8.883557e-03,2.888424e-02,3.329177e-02,9.183171e-02,1.054384e-03,2.816607e-03,6.969514e-02,6.920172e-01,2.288697e-04,1.807383e-02
1.369452e-02,1.816533e-02,1.029667e-02,3.217702e-04,1.428928e-02,2.304685e-02,2.587213e-02,2.994004e-02,2.915231e-01,1.249080e-03,2.327789e-03,4.983869e-02,5.025461e-01,2.019902e-04,1.668668e-02
1.538168e-02,2.169106e-02,1.098525e-02,3.203589e-04,2.260472e-02,3.940693e-02,3.858464e-02,2.948911e-02,3.396568e-01,1.010819e-03,1.692613e-03,3.557016e-02,4.300742e-01,1.671736e-04,1.336452e-02
2.686844e-02,3.224806e-02,2.042345e-02,3.934581e-03,4.093448e-02,4.575750e-02,3.886378e-02,4.633935e-02,3.577914e-01,1.340857e-03,1.389212e-03,2.543625e-02,3.455626e-01,2.184884e-04,1.289159e-02
3.906495e-02,4.267824e-02,1.897707e-02,5.451328e-03,4.518732e-02,5.678933e-02,4.370498e-02,4.101288e-02,3.990217e-01,1.358551e-03,1.106385e-03,1.828174e-02,2.745270e-01,2.328938e-04,1.260561e-02
5.547268e-02,7.711522e-02,1.457446e-02,9.599652e-03,4.056429e-02,5.400263e-02,3.401809e-02,3.187312e-02,4.475872e-01,2.357946e-03,1.291041e-03,1.390989e-02,2.014113e-01,2.073649e-04,1.601512e-02
8.140388e-02,6.486774e-02,3.152305e-02,1.567909e-01,3.324715e-02,4.124342e-02,2.542655e-02,2.766102e-02,3.532042e-01,4.862868e-03,2.029789e-03,1.240112e-02,1.446429e-01,2.019691e-04,2.049347e-02
1.868295e-01,7.537432e-02,2.392677e-02,1.516501e-01,3.711820e-02,3.995061e-02,2.054505e-02,2.714487e-02,2.815979e-01,4.021978e-03,2.703070e-03,1.250463e-02,1.141218e-01,4.922965e-04,2.201882e-02
1.828612e-01,6.124789e-02,2.192727e-02,1.660062e-01,5.310699e-02,4.552829e-02,2.108853e-02,5.319387e-02,2.463817e-01,4.651529e-03,7.566217e-03,1.858578e-02,9.728886e-02,7.933096e-04,1.977230e-02
1.646488e-01,4.510167e-02,1.707272e-02,1.273457e-01,1.247398e-01,5.211641e-02,5.117105e-02,8.571330e-02,2.079471e-01,5.333187e-03,8.268382e-03,1.464429e-02,7.896584e-02,9.529175e-04,1.597884e-02
1.320546e-01,3.206760e-02,1.551314e-02,9.287102e-02,1.319277e-01,4.157936e-02,6.444052e-02,2.331793e-01,1.599871e-01,8.159133e-03,6.729907e-03,1.077412e-02,5.824016e-02,7.235245e-04,1.175287e-02
1.243674e-01,2.346879e-02,1.729721e-02,6.708188e-02,1.059117e-01,3.434748e-02,8.694504e-02,3.332010e-01,1.289839e-01,7.762437e-03,5.323123e-03,7.955534e-03,4.782814e-02,5.610774e-04,8.965336e-03
1.402686e-01,1.881632e-02,1.761377e-02,4.896500e-02,8.364894e-02,2.691725e-02,9.766547e-02,3.854908e-01,1.003986e-01,8.327332e-03,5.260956e-03,6.469034e-03,4.944447e-02,6.066625e-04,1.010681e-02
1.345156e-01,1.592721e-02,1.550209e-02,3.703003e-02,7.135089e-02,2.212942e-02,8.869067e-02,4.685402e-01,7.751009e-02,7.897975e-03,4.206876e-03,5.210091e-03,3.730856e-02,5.447411e-04,1.363552e-02
1.521184e-01,1.649455e-02,1.450211e-02,2.878922e-02,7.102637e-02,1.959394e-02,1.041873e-01,4.543828e-01,7.122189e-02,1.191658e-02,3.784433e-03,5.152437e-03,2.893099e-02,6.108611e-04,1.728810e-02
2.343096e-01,1.444263e-02,1.649191e-02,2.535107e-02,5.766513e-02,1.776819e-02,9.278846e-02,4.177868e-01,5.704069e-02,1.012695e-02,3.888520e-03,6.220820e-03,2.565883e-02,1.330935e-03,1.912935e-02
3.281179e-01,1.221785e-02,1.511875e-02,2.015366e-02,4.401178e-02,1.641127e-02,8.647341e-02,3.672700e-01,4.272561e-02,9.218739e-03,4.470564e-03,6.718343e-03,2.153243e-02,2.285931e-03,2.327374e-02
4.308144e-01,1.084041e-02,1.446038e-02,1.626891e-02,3.307864e-02,1.589028e-02,7.061177e-02,3.015529e-01,3.456233e-02,7.724478e-03,5.155914e-03,7.170398e-03,2.032101e-02,3.734563e-03,2.781364e-02
1.000000e+00,0.000000e+00,0.000000e+00,0.000000e+00,0.000000e+00,0.000000e+00,0.000000e+00,0.000000e+00,0.000000e+00,0.000000e+00,0.000000e+00,0.000000e+00,0.000000e+00,0.000000e+00,0.000000e+00
1.000000e+00,0.000000e+00,0.000000e+00,0.000000e+00,0.000000e+00,0.000000e+00,0.000000e+00,0.000000e+00,0.000000e+00,0.000000e+00,0.000000e+00,0.000000e+00,0.000000e+00,0.000000e+00,0.000000e+00
1.000000e+00,0.000000e+00,0.000000e+00,0.000000e+00,0.000000e+00,0.000000e+00,0.000000e+00,0.000000e+00,0.000000e+00,0.000000e+00,0.000000e+00,0.000000e+00,0.000000e+00,0.000000e+00,0.000000e+00
4.661170e-01,1.067110e-02,8.870183e-03,1.258801e-02,1.129987e-02,5.535723e-02,2.204596e-02,8.812911e-02,4.141328e-02,1.760278e-02,1.408304e-02,1.157321e-02,1.899607e-02,4.844213e-02,1.728110e-01
3.391849e-01,8.037425e-03,6.383742e-03,9.428754e-03,8.120380e-03,4.800844e-02,1.560814e-02,6.200323e-02,7.577307e-02,1.560037e-02,1.986133e-02,1.335751e-02,1.938532e-02,5.324204e-02,3.060053e-01
2.416574e-01,6.125914e-03,4.797076e-03,7.956332e-03,5.966349e-03,3.687126e-02,1.101797e-02,4.415778e-02,1.630092e-01,1.834746e-02,3.459504e-02,1.503856e-02,3.623657e-02,4.717501e-02,3.270480e-01
1.799196e-01,5.320359e-03,4.052884e-03,7.466476e-03,6.134951e-03,3.274794e-02,7.894875e-03,3.152605e-02,1.694541e-01,4.665406e-02,6.357636e-02,1.665116e-02,5.945408e-02,6.812760e-02,3.010194e-01
1.337936e-01,4.881961e-03,6.299890e-03,1.375100e-02,7.234232e-03,3.762198e-02,5.799331e-03,2.380030e-02,2.101342e-01,6.667198e-02,7.569150e-02,1.424941e-02,4.929527e-02,5.926949e-02,2.915059e-01
9.481738e-02,3.698527e-03,4.593595e-03,1.088607e-02,7.284500e-03,3.554007e-02,4.168825e-03,1.680650e-02,1.547790e-01,1.004376e-01,7.551226e-02,1.422137e-02,4.236392e-02,4.482631e-02,3.900641e-01
6.729142e-02,2.894142e-03,3.541819e-03,8.405291e-03,8.238451e-03,3.287162e-02,3.010696e-03,1.203653e-02,1.126314e-01,1.139889e-01,1.145515e-01,2.017775e-02,4.560840e-02,3.489559e-02,4.198565e-01
5.140834e-02,2.545679e-03,2.703524e-03,8.139036e-03,9.713134e-03,3.188026e-02,2.222981e-03,8.661374e-03,8.306291e-02,1.267227e-01,1.253325e-01,2.930041e-02,5.000047e-02,2.671209e-02,4.415946e-01
3.843736e-02,2.109352e-03,2.073491e-03,7.020261e-03,1.085626e-02,2.881538e-02,1.643372e-03,6.473732e-03,6.096255e-02,1.519473e-01,1.328301e-01,3.519287e-02,5.296460e-02,2.328382e-02,4.453895e-01
3.860264e-02,1.358913e-02,9.818034e-03,7.067556e-03,1.650286e-02,2.531181e-02,1.581699e-03,7.592207e-03,1.312418e-01,1.684139e-01,1.514542e-01,4.148548e-02,5.138096e-02,1.957097e-02,3.163867e-01
2.890044e-02,3.528267e-02,7.934302e-03,5.782009e-03,1.413273e-02,3.671198e-02,1.147906e-03,6.084466e-03,3.261317e-01,1.211021e-01,1.099220e-01,3.031188e-02,3.804335e-02,1.459180e-02,2.239206e-01
2.071134e-02,4.981718e-02,1.085596e-02,4.606437e-02,1.330915e-02,4.494345e-02,8.658760e-04,6.229122e-03,4.246822e-01,8.695500e-02,7.802963e-02,2.143596e-02,2.714265e-02,1.052394e-02,1.584342e-01
1.641999e-02,4.223658e-02,9.553690e-03,1.160690e-01,1.384007e-02,8.600277e-02,6.472055e-04,6.515317e-03,4.185439e-01,6.686151e-02,6.275982e-02,1.601271e-02,2.133594e-02,7.505917e-03,1.156956e-01
1.229405e-02,4.321910e-02,8.284155e-03,1.619096e-01,1.350356e-02,8.635847e-02,4.817028e-04,6.947772e-03,3.858831e-01,4.994816e-02,9.004514e-02,1.894944e-02,3.245134e-02,5.412041e-03,8.431242e-02
1.061632e-02,3.423363e-02,1.057921e-02,2.195686e-01,1.381433e-02,8.597630e-02,4.242841e-04,1.051495e-02,2.956983e-01,8.288488e-02,1.174074e-01,1.561193e-02,3.321432e-02,4.271161e-03,6.518438e-02
9.135536e-03,2.681683e-02,8.868243e-03,1.775545e-01,1.195758e-02,6.737248e-02,4.024327e-04,1.769608e-02,2.646272e-01,6.317998e-02,2.215825e-01,2.183495e-02,5.668982e-02,3.726533e-03,4.855533e-02
8.238351e-03,2.832311e-02,7.386090e-03,1.297667e-01,1.057687e-02,5.532943e-02,4.751674e-04,1.720565e-02,3.252638e-01,5.009197e-02,2.521251e-01,2.045486e-02,5.588370e-02,2.970788e-03,3.590851e-02
7.141272e-03,2.816116e-02,6.118653e-03,9.176209e-02,1.306280e-02,4.328493e-02,1.023687e-03,1.775604e-02,4.823064e-01,3.714063e-02,1.850048e-01,1.534139e-02,4.325912e-02,2.371331e-03,2.626576e-02
6.420602e-03,2.750086e-02,7.535505e-03,7.179089e-02,1.329420e-02,3.754191e-02,1.752990e-03,9.296795e-02,4.922107e-01,2.829173e-02,1.413443e-01,1.201765e-02,4.373861e-02,2.397199e-03,2.119495e-02
7.469660e-03,4.966964e-02,1.091589e-02,5.580859e-02,1.479192e-02,3.220884e-02,2.577049e-03,1.258737e-01,4.952776e-01,2.994634e-02,1.017024e-01,8.968583e-03,4.119373e-02,2.258719e-03,2.133737e-02
1.161090e-02,4.978520e-02,1.923125e-02,3.992367e-02,1.739839e-02,2.810891e-02,3.667232e-03,2.265476e-01,4.437014e-01,2.191578e-02,7.279973e-02,6.458705e-03,3.661186e-02,1.881383e-03,2.035807e-02
1.349867e-02,4.312290e-02,2.276634e-02,2.991161e-02,2.467262e-02,2.505950e-02,4.053254e-03,2.601557e-01,4.529528e-01,1.632428e-02,5.169499e-02,4.960922e-03,3.409597e-02,1.470678e-03,1.525977e-02
1.340398e-02,4.284361e-02,2.076172e-02,3.458089e-02,2.228478e-02,3.139307e-02,4.831639e-03,2.435362e-01,4.638647e-01,1.340145e-02,3.718143e-02,4.238677e-03,4.252053e-02,1.092137e-03,2.406517e-02
1.602314e-02,5.503425e-02,2.272245e-02,3.341915e-02,2.062654e-02,2.888375e-02,6.619791e-03,2.456267e-01,4.586841e-01,1.292854e-02,2.756879e-02,4.426255e-03,3.957532e-02,8.361135e-04,2.702519e-02
2.669980e-02,6.419836e-02,1.761249e-02,2.838175e-02,2.191934e-02,2.289829e-02,5.547103e-03,2.212607e-01,4.992328e-01,1.021252e-02,1.979684e-02,3.772514e-03,3.107027e-02,6.703950e-04,2.672680e-02
3.195119e-02,7.711294e-02,2.323608e-02,2.706181e-02,2.019144e-02,2.156796e-02,5.201238e-03,1.988474e-01,5.073252e-01,8.589769e-03,1.457691e-02,3.222326e-03,3.113163e-02,5.616128e-04,2.942248e-02
4.109897e-02,7.404067e-02,2.304033e-02,2.241682e-02,1.949375e-02,3.784772e-02,5.553438e-03,1.625334e-01,4.722012e-01,6.941771e-03,1.066545e-02,3.071147e-03,9.638512e-02,4.312229e-04,2.427894e-02
3.200694e-02,5.873984e-02,1.853824e-02,1.674100e-02,1.436051e-02,4.444333e-02,5.525078e-03,1.151787e-01,3.598762e-01,5.273761e-03,8.230793e-03,3.565847e-03,2.954518e-01,3.523781e-04,2.171559e-02
2.455237e-02,4.625595e-02,1.410421e-02,1.239876e-02,1.090331e-02,3.521558e-02,5.204755e-03,8.137847e-02,2.716745e-01,4.066640e-03,6.824274e-03,4.356190e-03,4.542702e-01,2.975630e-04,2.849725e-02
1.773126e-02,3.569587e-02,1.124532e-02,9.192580e-03,8.326151e-03,2.589480e-02,4.449702e-03,5.712571e-02,1.941370e-01,3.091191e-03,4.992337e-03,3.836170e-03,5.873717e-01,2.342230e-04,3.667597e-02
1.679705e-02,3.040220e-02,3.266161e-02,2.051483e-02,8.798660e-03,2.466938e-02,6.526217e-03,4.065091e-02,1.515929e-01,4.541632e-03,4.463310e-03,7.599168e-03,6.032559e-01,7.195465e-04,4.680666e-02
1.805655e-02,2.479851e-02,2.739683e-02,2.000490e-02,1.303743e-02,2.519649e-02,1.349380e-02,2.893989e-02,1.165055e-01,5.046788e-03,6.244480e-03,1.817061e-02,6.315475e-01,6.385585e-04,5.092216e-02
1.657728e-02,1.883904e-02,2.369294e-02,1.511203e-02,1.167228e-02,2.013356e-02,1.317018e-02,2.040072e-02,8.434137e-02,4.828390e-03,5.958653e-03,2.118681e-02,6.984941e-01,5.126297e-04,4.508001e-02
1.592673e-02,1.363533e-02,1.763646e-02,1.115897e-02,1.006887e-02,1.650888e-02,1.102075e-02,1.437408e-02,6.258726e-02,4.092679e-03,7.042276e-03,2.852756e-02,7.519304e-01,6.554463e-04,3.483430e-02
2.031841e-02,1.060932e-02,1.395735e-02,8.769715e-03,9.656179e-03,1.935440e-02,8.480394e-03,1.020767e-02,4.897548e-02,6.891552e-03,2.866994e-02,6.748017e-02,7.085718e-01,1.225523e-03,3.683202e-02
2.130083e-02,8.668881e-03,1.237373e-02,6.819280e-03,9.575183e-03,1.517521e-02,7.356513e-03,7.339227e-03,3.762190e-02,1.494922e-02,3.685897e-02,1.260372e-01,6.624536e-01,1.478411e-03,3.199185e-02
1.963096e-02,7.175442e-03,1.177587e-02,5.162542e-03,9.737797e-03,1.168547e-02,8.955174e-03,5.461597e-03,2.896063e-02,1.559513e-02,3.748811e-02,2.605551e-01,5.465736e-01,1.838039e-03,2.940447e-02
1.740824e-02,7.070479e-03,1.919193e-02,8.124840e-03,1.353097e-02,1.108568e-02,6.803636e-03,9.480193e-03,3.650676e-02,1.594867e-02,3.461712e-02,2.868550e-01,4.950746e-01,4.291181e-03,3.401071e-02
1.823949e-02,8.124502e-03,2.033547e-02,8.960219e-03,1.770302e-02,1.257993e-02,5.577504e-03,1.138572e-02,4.146387e-02,2.288029e-02,4.950761e-02,2.652613e-01,4.612896e-01,9.332666e-03,4.735880e-02
1.666001e-02,5.270056e-02,3.399943e-02,8.753886e-03,2.876913e-02,1.330516e-02,8.185444e-03,1.039084e-02,7.624559e-02,2.592782e-02,4.858550e-02,2.186995e-01,3.535639e-01,9.711077e-03,9.450218e-02
1.401954e-02,4.362263e-02,3.414206e-02,8.559166e-03,2.564974e-02,3.361906e-02,7.507192e-03,3.416088e-02,1.012715e-01,4.274668e-02,5.049646e-02,1.777828e-01,2.843561e-01,1.068775e-02,1.313784e-01
1.272340e-02,3.279188e-02,6.797704e-02,8.537264e-03,2.196702e-02,2.896432e-02,7.550226e-03,1.454409e-01,9.702934e-02,3.927312e-02,4.784902e-02,1.359521e-01,2.080493e-01,9.335353e-03,1.365598e-01
1.752053e-02,2.864044e-02,9.700061e-02,1.578101e-02,2.153971e-02,6.422314e-02,6.110245e-03,1.583939e-01,1.332746e-01,4.556159e-02,3.561436e-02,9.950165e-02,1.523824e-01,8.780109e-03,1.156757e-01
2.096506e-02,2.820340e-02,1.708168e-01,1.733515e-02,2.093602e-02,7.557086e-02,5.196757e-03,1.472400e-01,1.461610e-01,4.835123e-02,2.572880e-02,7.405606e-02,1.084921e-01,7.677088e-03,1.032696e-01
2.916635e-02,4.396394e-02,2.202218e-01,1.478325e-02,2.646923e-02,9.425595e-02,5.748086e-03,1.085457e-01,1.810623e-01,4.196306e-02,1.843935e-02,5.225594e-02,7.660140e-02,6.596635e-03,7.992704e-02
3.176312e-02,5.279139e-02,2.438543e-01,5.877579e-02,3.120231e-02,7.863913e-02,5.676437e-03,9.732632e-02,1.676174e-01,4.889520e-02,1.402919e-02,3.704842e-02,5.530829e-02,4.876568e-03,7.219625e-02
4.661644e-02,5.607697e-02,2.300567e-01,6.002737e-02,8.819836e-02,7.397185e-02,2.170140e-02,8.028118e-02,1.744061e-01,3.563559e-02,1.011048e-02,2.620798e-02,3.964661e-02,3.706375e-03,5.335664e-02
4.503165e-02,5.378687e-02,1.846437e-01,1.297192e-01,1.356814e-01,9.061860e-02,2.190208e-02,7.176869e-02,1.397879e-01,2.710511e-02,7.563065e-03,1.854828e-02,2.828974e-02,2.844918e-03,4.270889e-02
4.172906e-02,4.700398e-02,1.586233e-01,1.423857e-01,1.951829e-01,1.146235e-01,3.428578e-02,6.342001e-02,1.114337e-01,1.956279e-02,5.484159e-03,1.310278e-02,2.010371e-02,2.078712e-03,3.098005e-02
4.174694e-02,4.566940e-02,1.903723e-01,2.289438e-01,1.617452e-01,8.760731e-02,2.610629e-02,4.809027e-02,8.152597e-02,1.719852e-02,5.533196e-03,9.738563e-03,1.437475e-02,1.643014e-03,3.970446e-02
6.072206e-02,4.102430e-02,2.750188e-01,1.803157e-01,1.473167e-01,6.836164e-02,2.024142e-02,4.051530e-02,6.459735e-02,1.439651e-02,4.909244e-03,7.446068e-03,1.137706e-02,2.520876e-03,6.123706e-02
7.886483e-02,4.312988e-02,2.629262e-01,1.946419e-01,1.496399e-01,5.588520e-02,1.924107e-02,5.287698e-02,5.105510e-02,1.202077e-02,4.297840e-03,6.477663e-03,8.936783e-03,2.691051e-03,5.731491e-02
5.646514e-02,3.275722e-02,2.017421e-01,1.447585e-01,1.053910e-01,3.943508e-02,1.358325e-02,3.714041e-02,7.058519e-02,1.721607e-02,3.728874e-03,4.685741e-03,6.700537e-03,5.326751e-03,2.604841e-01
4.005237e-02,2.466826e-02,1.465696e-01,1.022732e-01,7.400709e-02,2.777891e-02,9.615832e-03,2.601915e-02,7.034554e-02,1.416433e-02,3.946148e-03,3.461704e-03,4.892846e-03,1.848097e-02,4.337241e-01
2.853833e-02,1.755624e-02,1.035058e-01,7.173514e-02,5.186906e-02,1.956976e-02,6.770792e-03,1.830181e-02,9.124140e-02,2.415459e-02,7.640732e-03,4.536396e-03,4.085809e-03,3.585679e-02,5.146373e-01
2.007527e-02,1.238197e-02,7.306436e-02,5.024894e-02,3.634149e-02,1.379818e-02,4.758317e-03,1.293934e-02,8.249263e-02,1.211069e-01,2.113212e-02,5.428976e-03,4.416113e-03,9.316082e-02,4.486546e-01
1.414225e-02,8.731515e-03,5.233011e-02,3.524698e-02,2.547761e-02,9.723301e-03,3.354509e-03,9.090333e-03,6.609873e-02,1.318818e-01,2.118850e-02,4.285217e-03,3.338252e-03,2.261836e-01,3.889273e-01
9.991255e-03,6.401280e-03,4.103256e-02,2.476102e-02,1.791144e-02,6.924104e-03,2.448899e-03,6.432479e-03,6.145343e-02,1.238083e-01,2.015408e-02,3.243374e-03,2.494354e-03,3.199140e-01,3.530295e-01
7.247973e-03,4.682049e-03,3.148850e-02,1.750850e-02,1.269509e-02,4.948770e-03,1.862140e-03,4.589642e-03,5.087531e-02,1.056453e-01,1.728446e-02,2.392458e-03,2.016295e-03,4.436793e-01,2.930842e-01
5.335795e-03,4.464856e-03,2.293713e-02,1.240608e-02,9.362480e-03,4.840909e-03,1.375615e-03,3.527450e-03,1.057382e-01,9.514178e-02,2.368950e-02,1.951838e-03,2.375319e-03,4.046973e-01,3.021558e-01
4.583288e-03,3.302474e-03,1.720546e-02,8.812181e-03,6.697175e-03,6.538386e-03,1.735615e-03,2.921123e-03,9.550254e-02,1.216536e-01,2.307108e-02,1.536840e-03,2.113759e-03,4.592903e-01,2.450362e-01
5.151559e-03,2.602406e-03,1.259075e-02,6.560539e-03,4.913395e-03,1.471275e-02,2.539252e-03,2.800026e-03,1.095648e-01,9.955106e-02,3.037094e-02,1.198989e-03,1.718840e-03,4.937464e-01,2.119783e-01
7.025870e-03,3.006525e-03,9.815599e-03,6.068434e-03,4.066818e-03,2.717299e-02,2.171865e-03,2.858195e-03,1.157324e-01,8.584640e-02,4.701537e-02,1.176185e-03,1.762297e-03,5.232573e-01,1.630239e-01
6.931835e-03,3.273411e-03,7.454914e-03,4.538884e-03,3.327370e-03,3.287531e-02,1.623498e-03,2.261642e-03,1.395050e-01,7.585133e-02,6.254603e-02,1.456844e-03,2.143814e-03,5.314900e-01,1.247201e-01
6.211771e-03,4.584182e-03,8.298145e-03,3.718545e-03,3.866346e-03,3.615874e-02,1.316412e-03,2.043627e-03,1.323664e-01,9.341218e-02,7.443582e-02,1.775522e-03,3.051510e-03,5.304389e-01,9.832193e-02
8.600017e-03,9.622717e-03,8.366371e-03,4.427817e-03,4.628546e-03,2.863915e-02,1.088020e-03,2.987808e-03,2.098535e-01,1.164581e-01,7.546401e-02,2.066095e-03,3.122563e-03,4.476428e-01,7.703251e-02
1.223501e-02,2.487242e-02,3.128334e-02,2.687121e-02,7.543903e-03,2.762390e-02,1.373613e-03,5.713552e-03,2.506182e-01,1.140172e-01,7.969714e-02,3.322353e-03,5.351979e-03,3.515015e-01,5.797480e-02
5.405524e-02,5.029678e-02,4.276895e-02,4.994550e-02,1.692539e-02,2.515578e-02,1.189728e-03,6.628919e-03,2.728720e-01,9.578762e-02,7.589918e-02,3.041366e-03,5.109182e-03,2.572022e-01,4.312228e-02
5.512423e-02,1.183845e-01,5.637203e-02,8.098818e-02,2.702886e-02,2.474120e-02,9.620129e-04,1.063157e-02,2.677111e-01,7.263274e-02,5.958424e-02,2.480949e-03,4.021301e-03,1.877867e-01,3.155049e-02
7.998183e-02,1.577220e-01,5.467497e-02,7.136898e-02,4.011852e-02,2.954994e-02,9.582807e-04,1.858208e-02,2.705550e-01,5.498029e-02,4.770611e-02,1.966724e-03,3.111514e-03,1.433016e-01,2.542219e-02
7.773105e-02,1.884776e-01,4.600720e-02,1.066388e-01,3.629178e-02,2.756520e-02,8.018688e-04,1.396227e-02,2.851666e-01,4.211544e-02,4.064070e-02,2.260785e-03,3.713154e-03,1.019378e-01,2.668986e-02
7.720467e-02,1.751127e-01,3.475163e-02,1.047477e-01,3.634529e-02,2.708542e-02,7.380535e-04,1.232196e-02,2.968377e-01,3.428339e-02,7.870790e-02,4.940310e-03,9.530549e-03,7.899599e-02,2.839679e-02
6.954620e-02,1.708627e-01,2.845014e-02,8.201708e-02,3.312875e-02,2.447581e-02,5.943569e-04,1.011665e-02,2.624155e-01,3.474583e-02,1.492744e-01,8.803173e-03,1.841126e-02,6.976569e-02,3.739251e-02
6.629831e-02,1.438219e-01,2.683375e-02,6.538982e-02,2.981102e-02,2.153599e-02,5.381759e-04,9.132206e-03,2.598661e-01,3.072481e-02,1.924134e-01,9.137277e-03,1.986425e-02,8.739759e-02,3.723545e-02
8.697380e-02,1.462443e-01,2.466093e-02,5.164440e-02,3.239451e-02,2.405553e-02,6.939573e-04,4.202152e-02,2.848509e-01,2.383177e-02,1.461470e-01,7.517112e-03,1.479231e-02,8.193249e-02,3.223953e-02
9.813079e-02,1.295453e-01,1.982487e-02,3.977577e-02,2.871812e-02,6.578711e-02,6.798389e-04,3.510932e-02,2.621712e-01,1.971058e-02,1.299214e-01,6.701765e-03,1.224012e-02,1.221382e-01,2.954553e-02
1.125091e-01,1.149454e-01,1.683924e-02,3.055325e-02,2.958617e-02,1.224821e-01,6.767876e-04,3.196041e-02,2.554936e-01,1.564936e-02,1.013768e-01,6.293172e-03,1.040105e-02,1.237811e-01,2.745252e-02
1.139630e-01,1.166440e-01,1.299844e-02,2.414060e-02,3.234684e-02,1.454483e-01,6.618794e-04,3.891912e-02,2.572703e-01,1.261042e-02,7.983023e-02,5.519236e-03,7.854667e-03,1.208323e-01,3.096071e-02
1.254345e-01,1.144439e-01,1.071824e-02,2.010950e-02,3.494269e-02,1.637105e-01,7.539705e-04,4.458966e-02,2.340864e-01,1.233289e-02,7.111207e-02,6.080201e-03,6.255436e-03,1.180386e-01,3.739150e-02
1.632164e-01,1.289919e-01,1.030114e-02,1.634576e-02,3.104740e-02,1.671582e-01,7.091737e-04,4.389965e-02,2.052279e-01,9.935265e-03,6.190760e-02,5.950131e-03,5.126184e-03,1.148522e-01,3.533104e-02
1.803925e-01,1.332198e-01,1.078175e-02,1.447201e-02,2.607214e-02,1.530737e-01,6.879582e-04,4.025853e-02,1.901585e-01,8.447757e-03,5.058810e-02,5.188070e-03,4.823928e-03,1.519538e-01,2.988139e-02
2.324269e-01,1.266323e-01,1.232051e-02,1.456619e-02,2.433177e-02,1.305217e-01,8.398161e-04,4.264651e-02,1.620182e-01,9.026775e-03,4.357367e-02,6.884225e-03,4.647304e-03,1.597789e-01,2.978523e-02
3.624733e-01,9.402013e-02,1.116614e-02,1.403742e-02,2.002557e-02,1.001415e-01,9.656138e-04,3.151200e-02,1.289552e-01,7.219529e-03,3.882261e-02,7.803654e-03,5.002518e-03,1.451922e-01,3.266264e-02
4.106785e-01,7.715369e-02,9.823050e-03,1.195028e-02,1.508328e-02,1.039253e-01,7.968064e-04,2.276937e-02,1.066496e-01,5.963624e-03,3.730450e-02,6.242786e-03,5.277007e-03,1.317043e-01,5.467794e-02
3.360748e-01,6.218190e-02,1.118091e-02,1.000654e-02,1.086571e-02,8.478875e-02,6.314299e-04,1.673723e-02,1.205394e-01,7.250570e-03,5.879151e-02,6.169274e-03,5.245977e-03,1.949072e-01,7.462870e-02
2.735285e-01,4.814128e-02,8.150153e-02,2.440412e-02,9.643945e-03,7.134882e-02,6.701529e-04,1.221341e-02,9.627397e-02,1.176281e-02,8.122806e-02,9.148251e-03,7.703134e-03,2.098807e-01,6.255134e-02
2.038194e-01,3.601136e-02,1.187850e-01,2.430972e-02,7.758074e-03,5.788017e-02,5.903848e-04,8.760549e-03,7.313027e-02,1.454255e-02,1.110150e-01,7.442012e-03,6.130378e-03,2.805464e-01,4.927874e-02
1.710222e-01,3.018727e-02,1.095546e-01,1.965925e-02,6.718706e-03,4.747299e-02,5.629114e-04,6.387250e-03,1.080491e-01,2.067489e-02,9.981027e-02,7.002791e-03,5.086446e-03,3.276765e-01,4.013477e-02
1.610081e-01,2.479953e-02,1.102735e-01,1.912715e-02,5.884752e-03,4.389333e-02,6.801802e-04,4.974016e-03,1.172657e-01,1.977595e-02,9.001125e-02,7.424753e-03,4.237804e-03,3.538216e-01,3.682254e-02
