1.000000e+00,0.000000e+00,0.000000e+00,0.000000e+00,0.000000e+00,0.000000e+00,0.000000e+00,0.000000e+00,0.000000e+00,0.000000e+00,0.000000e+00,0.000000e+00,0.000000e+00,0.000000e+00,0.000000e+00
1.000000e+00,0.000000e+00,0.000000e+00,0.000000e+00,0.000000e+00,0.000000e+00,0.000000e+00,0.000000e+00,0.000000e+00,0.000000e+00,0.000000e+00,0.000000e+00,0.000000e+00,0.000000e+00,0.000000e+00
1.000000e+00,0.000000e+00,0.000000e+00,0.000000e+00,0.000000e+00,0.000000e+00,0.000000e+00,0.000000e+00,0.000000e+00,0.000000e+00,0.000000e+00,0.000000e+00,0.000000e+00,0.000000e+00,0.000000e+00
1.000000e+00,0.000000e+00,0.000000e+00,0.000000e+00,0.000000e+00,0.000000e+00,0.000000e+00,0.000000e+00,0.000000e+00,0.000000e+00,0.000000e+00,0.000000e+00,0.000000e+00,0.000000e+00,0.000000e+00
1.000000e+00,0.000000e+00,0.000000e+00,0.000000e+00,0.000000e+00,0.000000e+00,0.000000e+00,0.000000e+00,0.000000e+00,0.000000e+00,0.000000e+00,0.000000e+00,0.000000e+00,0.000000e+00,0.000000e+00
1.000000e+00,0.000000e+00,0.000000e+00,0.000000e+00,0.000000e+00,0.000000e+00,0.000000e+00,0.000000e+00,0.000000e+00,0.000000e+00,0.000000e+00,0.000000e+00,0.000000e+00,0.000000e+00,0.000000e+00
1.000000e+00,0.000000e+00,0.000000e+00,0.000000e+00,0.000000e+00,0.000000e+00,0.000000e+00,0.000000e+00,0.000000e+00,0.000000e+00,0.000000e+00,0.000000e+00,0.000000e+00,0.000000e+00,0.000000e+00
1.000000e+00,0.000000e+00,0.000000e+00,0.000000e+00,0.000000e+00,0.000000e+00,0.000000e+00,0.000000e+00,0.000000e+00,0.000000e+00,0.000000e+00,0.000000e+00,0.000000e+00,0.000000e+00,0.000000e+00
1.000000e+00,0.000000e+00,0.000000e+00,0.000000e+00,0.000000e+00,0.000000e+00,0.000000e+00,0.000000e+00,0.000000e+00,0.000000e+00,0.000000e+00,0.000000e+00,0.000000e+00,0.000000e+00,0.000000e+00
1.000000e+00,0.000000e+00,0.000000e+00,0.000000e+00,0.000000e+00,0.000000e+00,0.000000e+00,0.000000e+00,0.000000e+00,0.000000e+00,0.000000e+00,0.000000e+00,0.000000e+00,0.000000e+00,0.000000e+00
1.000000e+00,0.000000e+00,0.000000e+00,0.000000e+00,0.000000e+00,0.000000e+00,0.000000e+00,0.000000e+00,0.000000e+00,0.000000e+00,0.000000e+00,0.000000e+00,0.000000e+00,0.000000e+00,0.000000e+00
1.000000e+00,0.000000e+00,0.000000e+00,0.000000e+00,0.000000e+00,0.000000e+00,0.000000e+00,0.000000e+00,0.000000e+00,0.000000e+00,0.000000e+00,0.000000e+00,0.000000e+00,0.000000e+00,0.000000e+00
1.000000e+00,0.000000e+00,0.000000e+00,0.000000e+00,0.000000e+00,0.000000e+00,0.000000e+00,0.000000e+00,0.000000e+00,0.000000e+00,0.000000e+00,0.000000e+00,0.000000e+00,0.000000e+00,0.000000e+00
1.000000e+00,0.000000e+00,0.000000e+00,0.000000e+00,0.000000e+00,0.000000e+00,0.000000e+00,0.000000e+00,0.000000e+00,0.000000e+00,0.000000e+00,0.000000e+00,0.000000e+00,0.000000e+00,0.000000e+00
1.000000e+00,0.000000e+00,0.000000e+00,0.000000e+00,0.000000e+00,0.000000e+00,0.000000e+00,0.000000e+00,0.000000e+00,0.000000e+00,0.000000e+00,0.000000e+00,0.000000e+00,0.000000e+00,0.000000e+00
1.000000e+00,0.000000e+00,0.000000e+00,0.000000e+00,0.000000e+00,0.000000e+00,0.000000e+00,0.000000e+00,0.000000e+00,0.000000e+00,0.000000e+00,0.000000e+00,0.000000e+00,0.000000e+00,0.000000e+00
1.000000e+00,0.000000e+00,0.000000e+00,0.000000e+00,0.000000e+00,0.000000e+00,0.000000e+00,0.000000e+00,0.000000e+00,0.000000e+00,0.000000e+00,0.000000e+00,0.000000e+00,0.000000e+00,0.000000e+00
1.000000e+00,0.000000e+00,0.000000e+00,0.000000e+00,0.000000e+00,0.000000e+00,0.000000e+00,0.000000e+00,0.000000e+00,0.000000e+00,0.000000e+00,0.000000e+00,0.000000e+00,0.000000e+00,0.000000e+00
1.000000e+00,0.000000e+00,0.000000e+00,0.000000e+00,0.000000e+00,0.000000e+00,0.000000e+00,0.000000e+00,0.000000e+00,0.000000e+00,0.000000e+00,0.000000e+00,0.000000e+00,0.000000e+00,0.000000e+00
1.000000e+00,0.000000e+00,0.000000e+00,0.000000e+00,0.000000e+00,0.000000e+00,0.000000e+00,0.000000e+00,0.000000e+00,0.000000e+00,0.000000e+00,0.000000e+00,0.000000e+00,0.000000e+00,0.000000e+00
1.000000e+00,0.000000e+00,0.000000e+00,0.000000e+00,0.000000e+00,0.000000e+00,0.000000e+00,0.000000e+00,0.000000e+00,0.000000e+00,0.000000e+00,0.000000e+00,0.000000e+00,0.000000e+00,0.000000e+00
1.000000e+00,0.000000e+00,0.000000e+00,0.000000e+00,0.000000e+00,0.000000e+00,0.000000e+00,0.000000e+00,0.000000e+00,0.000000e+00,0.000000e+00,0.000000e+00,0.000000e+00,0.000000e+00,0.000000e+00
1.000000e+00,0.000000e+00,0.000000e+00,0.000000e+00,0.000000e+00,0.000000e+00,0.000000e+00,0.000000e+00,0.000000e+00,0.000000e+00,0.000000e+00,0.000000e+00,0.000000e+00,0.000000e+00,0.000000e+00
1.000000e+00,0.000000e+00,0.000000e+00,0.000000e+00,0.000000e+00,0.000000e+00,0.000000e+00,0.000000e+00,0.000000e+00,0.000000e+00,0.000000e+00,0.000000e+00,0.000000e+00,0.000000e+00,0.000000e+00
1.000000e+00,0.000000e+00,0.000000e+00,0.000000e+00,0.000000e+00,0.000000e+00,0.000000e+00,0.000000e+00,0.000000e+00,0.000000e+00,0.000000e+00,0.000000e+00,0.000000e+00,0.000000e+00,0.000000e+00
1.000000e+00,0.000000e+00,0.000000e+00,0.000000e+00,0.000000e+00,0.000000e+00,0.000000e+00,0.000000e+00,0.000000e+00,0.000000e+00,0.000000e+00,0.000000e+00,0.000000e+00,0.000000e+00,0.000000e+00
1.000000e+00,0.000000e+00,0.000000e+00,0.000000e+00,0.000000e+00,0.000000e+00,0.000000e+00,0.000000e+00,0.000000e+00,0.000000e+00,0.000000e+00,0.000000e+00,0.000000e+00,0.000000e+00,0.000000e+00
1.000000e+00,0.000000e+00,0.000000e+00,0.000000e+00,0.000000e+00,0.000000e+00,0.000000e+00,0.000000e+00,0.000000e+00,0.000000e+00,0.000000e+00,0.000000e+00,0.000000e+00,0.000000e+00,0.000000e+00
1.000000e+00,0.000000e+00,0.000000e+00,0.000000e+00,0.000000e+00,0.000000e+00,0.000000e+00,0.000000e+00,0.000000e+00,0.000000e+00,0.000000e+00,0.000000e+00,0.000000e+00,0.000000e+00,0.000000e+00
1.000000e+00,0.000000e+00,0.000000e+00,0.000000e+00,0.000000e+00,0.000000e+00,0.000000e+00,0.000000e+00,0.000000e+00,0.000000e+00,0.000000e+00,0.000000e+00,0.000000e+00,0.000000e+00,0.000000e+00
1.000000e+00,0.000000e+00,0.000000e+00,0.000000e+00,0.000000e+00,0.000000e+00,0.000000e+00,0.000000e+00,0.000000e+00,0.000000e+00,0.000000e+00,0.000000e+00,0.000000e+00,0.000000e+00,0.000000e+00
1.000000e+00,0.000000e+00,0.000000e+00,0.000000e+00,0.000000e+00,0.000000e+00,0.000000e+00,0.000000e+00,0.000000e+00,0.000000e+00,0.000000e+00,0.000000e+00,0.000000e+00,0.000000e+00,0.000000e+00
1.000000e+00,0.000000e+00,0.000000e+00,0.000000e+00,0.000000e+00,0.000000e+00,0.000000e+00,0.000000e+00,0.000000e+00,0.000000e+00,0.000000e+00,0.000000e+00,0.000000e+00,0.000000e+00,0.000000e+00
1.000000e+00,0.000000e+00,0.000000e+00,0.000000e+00,0.000000e+00,0.000000e+00,0.000000e+00,0.000000e+00,0.000000e+00,0.000000e+00,0.000000e+00,0.000000e+00,0.000000e+00,0.000000e+00,0.000000e+00
1.000000e+00,0.000000e+00,0.000000e+00,0.000000e+00,0.000000e+00,0.000000e+00,0.000000e+00,0.000000e+00,0.000000e+00,0.000000e+00,0.000000e+00,0.000000e+00,0.000000e+00,0.000000e+00,0.000000e+00
1.000000e+00,0.000000e+00,0.000000e+00,0.000000e+00,0.000000e+00,0.000000e+00,0.000000e+00,0.000000e+00,0.000000e+00,0.000000e+00,0.000000e+00,0.000000e+00,0.000000e+00,0.000000e+00,0.000000e+00
1.000000e+00,0.000000e+00,0.000000e+00,0.000000e+00,0.000000e+00,0.000000e+00,0.000000e+00,0.000000e+00,0.000000e+00,0.000000e+00,0.000000e+00,0.000000e+00,0.000000e+00,0.000000e+00,0.000000e+00
1.000000e+00,0.000000e+00,0.000000e+00,0.000000e+00,0.000000e+00,0.000000e+00,0.000000e+00,0.000000e+00,0.000000e+00,0.000000e+00,0.000000e+00,0.000000e+00,0.000000e+00,0.000000e+00,0.000000e+00
1.000000e+00,0.000000e+00,0.000000e+00,0.000000e+00,0.000000e+00,0.000000e+00,0.000000e+00,0.000000e+00,0.000000e+00,0.000000e+00,0.000000e+00,0.000000e+00,0.000000e+00,0.000000e+00,0.000000e+00
1.000000e+00,0.000000e+00,0.000000e+00,0.000000e+00,0.000000e+00,0.000000e+00,0.000000e+00,0.000000e+00,0.000000e+00,0.000000e+00,0.000000e+00,0.000000e+00,0.000000e+00,0.000000e+00,0.000000e+00
1.000000e+00,0.000000e+00,0.000000e+00,0.000000e+00,0.000000e+00,0.000000e+00,0.000000e+00,0.000000e+00,0.000000e+00,0.000000e+00,0.000000e+00,0.000000e+00,0.000000e+00,0.000000e+00,0.000000e+00
1.000000e+00,0.000000e+00,0.000000e+00,0.000000e+00,0.000000e+00,0.000000e+00,0.000000e+00,0.000000e+00,0.000000e+00,0.000000e+00,0.000000e+00,0.000000e+00,0.000000e+00,0.000000e+00,0.000000e+00
1.000000e+00,0.000000e+00,0.000000e+00,0.000000e+00,0.000000e+00,0.000000e+00,0.000000e+00,0.000000e+00,0.000000e+00,0.000000e+00,0.000000e+00,0.000000e+00,0.000000e+00,0.000000e+00,0.000000e+00
1.000000e+00,0.000000e+00,0.000000e+00,0.000000e+00,0.000000e+00,0.000000e+00,0.000000e+00,0.000000e+00,0.000000e+00,0.000000e+00,0.000000e+00,0.000000e+00,0.000000e+00,0.000000e+00,0.000000e+00
4.991905e-01,9.218743e-02,2.704103e-02,1.569256e-01,2.040453e-02,2.978207e-02,1.304840e-02,4.006129e-02,2.260391e-02,5.179227e-03,1.357695e-02,2.454002e-02,9.521910e-03,3.719885e-03,4.221726e-02
3.655513e-01,1.009169e-01,6.053965e-02,2.459191e-01,1.969926e-02,2.647840e-02,1.163368e-02,5.152223e-02,2.296339e-02,4.390443e-03,1.275965e-02,2.338521e-02,8.667363e-03,3.662817e-03,4.191070e-02
3.161509e-01,1.195208e-01,5.117387e-02,2.579121e-01,2.407635e-02,2.525876e-02,1.233373e-02,4.285070e-02,2.902800e-02,4.889286e-03,1.831168e-02,2.922159e-02,1.217651e-02,6.459024e-03,5.063674e-02
2.501496e-01,1.160741e-01,6.430880e-02,2.796478e-01,3.559972e-02,2.906409e-02,1.333526e-02,4.727816e-02,2.953378e-02,4.768427e-03,2.062194e-02,3.558312e-02,1.415670e-02,7.219095e-03,5.265945e-02
2.495821e-01,1.189727e-01,5.576779e-02,2.645005e-01,4.077797e-02,2.927771e-02,1.306228e-02,3.955515e-02,3.384981e-02,4.939657e-03,2.464311e-02,4.189136e-02,1.869706e-02,8.695534e-03,5.578730e-02
2.081884e-01,1.111584e-01,6.772690e-02,2.645400e-01,4.872876e-02,3.399897e-02,1.378751e-02,4.138789e-02,3.079887e-02,4.859681e-03,2.789626e-02,5.575348e-02,2.254150e-02,9.636760e-03,5.899652e-02
2.433685e-01,1.126806e-01,5.958530e-02,2.283770e-01,4.850828e-02,3.353680e-02,1.327216e-02,3.358747e-02,3.043970e-02,6.024962e-03,2.783140e-02,5.809151e-02,2.812055e-02,1.128067e-02,6.529506e-02
3.121909e-01,9.930045e-02,4.661352e-02,1.921370e-01,4.193751e-02,3.316418e-02,1.171159e-02,2.709027e-02,2.876482e-02,5.873936e-03,2.542911e-02,6.342344e-02,3.691737e-02,1.050135e-02,6.494461e-02
3.202474e-01,7.457075e-02,4.121656e-02,1.614116e-01,3.268794e-02,4.523852e-02,1.120855e-02,4.650211e-02,2.454695e-02,4.612951e-03,2.459997e-02,1.044535e-01,4.923868e-02,8.859328e-03,5.060516e-02
3.524047e-01,5.696939e-02,4.376747e-02,1.349549e-01,2.528971e-02,5.269932e-02,1.002435e-02,5.691753e-02,1.998700e-02,3.795941e-03,2.274448e-02,1.203004e-01,5.214124e-02,7.536027e-03,4.046752e-02
2.728683e-01,4.235959e-02,2.119554e-01,1.145007e-01,1.904819e-02,4.265504e-02,8.095052e-03,8.954844e-02,1.429907e-02,2.989631e-03,2.070159e-02,8.809888e-02,3.758368e-02,6.011212e-03,2.928509e-02
2.100273e-01,3.028023e-02,3.836873e-01,8.716024e-02,1.360277e-02,3.460929e-02,7.816712e-03,8.930112e-02,1.011254e-02,2.360282e-03,1.557022e-02,6.310861e-02,2.674276e-02,4.598427e-03,2.102229e-02
1.642094e-01,2.158307e-02,4.603508e-01,6.982637e-02,9.797834e-03,2.735599e-02,7.513925e-03,1.359408e-01,7.199213e-03,2.028591e-03,1.150343e-02,4.493457e-02,1.903420e-02,3.583430e-03,1.513849e-02
1.521434e-01,1.562297e-02,3.862379e-01,5.880195e-02,7.184790e-03,2.629583e-02,1.058275e-02,2.655240e-01,5.230669e-03,2.042547e-03,8.813484e-03,3.233432e-02,1.394765e-02,3.604620e-03,1.163313e-02
1.713049e-01,1.157557e-02,3.201489e-01,4.632349e-02,5.367641e-03,2.575063e-02,1.646650e-02,3.422729e-01,4.060854e-03,2.118932e-03,6.869911e-03,2.378718e-02,1.070715e-02,3.598506e-03,9.646961e-03
2.234794e-01,9.035323e-03,2.845052e-01,3.594650e-02,4.425683e-03,2.220600e-02,1.609055e-02,3.502114e-01,3.953318e-03,2.494058e-03,6.292922e-03,1.865446e-02,8.980112e-03,4.314557e-03,9.410497e-03
3.624052e-01,7.547419e-03,2.106293e-01,2.685064e-02,4.608195e-03,1.881329e-02,1.480522e-02,3.013448e-01,3.682823e-03,2.478925e-03,5.821829e-03,1.740796e-02,8.875722e-03,4.090641e-03,1.063811e-02
4.497921e-01,5.920903e-03,1.623263e-01,2.188924e-02,4.034468e-03,1.615051e-02,1.537152e-02,2.776549e-01,3.161250e-03,2.247592e-03,4.695464e-03,1.537156e-02,8.914006e-03,3.341218e-03,9.129001e-03
1.000000e+00,0.000000e+00,0.000000e+00,0.000000e+00,0.000000e+00,0.000000e+00,0.000000e+00,0.000000e+00,0.000000e+00,0.000000e+00,0.000000e+00,0.000000e+00,0.000000e+00,0.000000e+00,0.000000e+00
1.000000e+00,0.000000e+00,0.000000e+00,0.000000e+00,0.000000e+00,0.000000e+00,0.000000e+00,0.000000e+00,0.000000e+00,0.000000e+00,0.000000e+00,0.000000e+00,0.000000e+00,0.000000e+00,0.000000e+00
1.000000e+00,0.000000e+00,0.000000e+00,0.000000e+00,0.000000e+00,0.000000e+00,0.000000e+00,0.000000e+00,0.000000e+00,0.000000e+00,0.000000e+00,0.000000e+00,0.000000e+00,0.000000e+00,0.000000e+00
1.000000e+00,0.000000e+00,0.000000e+00,0.000000e+00,0.000000e+00,0.000000e+00,0.000000e+00,0.000000e+00,0.000000e+00,0.000000e+00,0.000000e+00,0.000000e+00,0.000000e+00,0.000000e+00,0.000000e+00
1.000000e+00,0.000000e+00,0.000000e+00,0.000000e+00,0.000000e+00,0.000000e+00,0.000000e+00,0.000000e+00,0.000000e+00,0.000000e+00,0.000000e+00,0.000000e+00,0.000000e+00,0.000000e+00,0.000000e+00
1.000000e+00,0.000000e+00,0.000000e+00,0.000000e+00,0.000000e+00,0.000000e+00,0.000000e+00,0.000000e+00,0.000000e+00,0.000000e+00,0.000000e+00,0.000000e+00,0.000000e+00,0.000000e+00,0.000000e+00
4.296996e-01,2.450916e-02,1.649926e-01,3.014305e-02,4.253861e-03,1.699015e-02,6.175886e-03,5.717476e-02,1.149586e-02,3.217266e-03,1.498225e-01,1.736825e-02,7.857392e-03,5.452940e-02,2.177011e-02
3.023879e-01,1.978305e-02,1.181645e-01,2.253496e-02,3.674998e-03,1.691281e-02,4.415906e-03,4.067487e-02,1.791701e-02,4.244260e-03,3.591046e-01,1.482357e-02,6.770554e-03,5.164093e-02,1.694998e-02
2.128894e-01,2.302715e-02,8.643323e-02,1.997589e-02,5.190859e-03,2.301613e-02,3.277859e-03,2.924271e-02,5.864885e-02,6.938829e-03,4.539677e-01,1.288731e-02,5.357004e-03,4.597856e-02,1.316850e-02
1.499168e-01,1.838185e-02,6.357577e-02,1.531804e-02,4.454826e-03,1.771645e-02,2.559791e-03,2.104901e-02,4.748432e-02,5.726353e-03,5.830152e-01,1.171101e-02,4.084004e-03,4.541459e-02,9.591933e-03
1.059341e-01,1.373205e-02,4.536428e-02,1.242648e-02,3.353564e-03,1.458721e-02,1.841536e-03,1.491049e-02,3.562428e-02,4.829811e-03,6.890045e-01,9.797849e-03,3.606408e-03,3.810620e-02,6.881172e-03
7.508118e-02,1.098986e-02,3.219204e-02,9.491907e-03,2.631714e-03,1.127189e-02,1.328977e-03,1.053226e-02,3.328267e-02,5.576385e-03,7.536254e-01,8.801679e-03,2.991461e-03,3.713602e-02,5.066512e-03
5.267855e-02,7.955112e-03,2.265469e-02,6.728907e-03,1.938896e-03,8.229719e-03,9.373408e-04,7.390825e-03,2.414604e-02,4.852158e-03,8.116004e-01,7.419745e-03,2.207481e-03,3.764432e-02,3.615808e-03
3.691867e-02,5.726474e-03,1.589420e-02,4.754683e-03,1.410095e-03,6.185044e-03,6.611092e-04,5.183456e-03,1.757086e-02,4.255350e-03,8.602893e-01,5.867003e-03,1.715783e-03,3.094366e-02,2.624301e-03
2.598281e-02,4.405768e-03,1.131399e-02,3.702198e-03,1.438489e-03,5.988201e-03,6.398988e-04,3.911585e-03,3.383252e-02,5.120542e-03,8.575273e-01,6.538538e-03,2.407766e-03,3.522234e-02,1.968082e-03
1.860416e-02,1.383444e-02,1.056765e-02,2.816799e-03,1.865575e-03,8.068734e-03,7.509651e-04,3.581094e-03,7.209343e-02,9.479225e-03,7.744778e-01,8.695316e-03,2.414524e-03,7.080999e-02,1.940290e-03
1.335041e-02,1.130174e-02,8.696089e-03,2.126978e-03,1.738701e-03,8.011817e-03,6.413498e-04,2.896130e-03,5.902009e-02,1.031929e-02,7.588431e-01,8.071269e-03,1.813313e-03,1.111464e-01,2.023408e-03
9.531516e-03,1.250936e-02,7.098321e-03,1.841590e-03,1.626676e-03,6.237331e-03,5.731996e-04,2.301869e-03,5.269084e-02,1.394684e-02,7.571853e-01,8.759774e-03,1.518653e-03,1.218553e-01,2.323440e-03
6.740329e-03,1.016867e-02,5.020235e-03,1.391789e-03,1.385977e-03,4.986585e-03,4.205469e-04,1.662413e-03,5.022683e-02,1.279384e-02,7.767414e-01,1.058654e-02,1.415380e-03,1.145404e-01,1.919142e-03
4.828459e-03,8.017726e-03,3.567857e-03,1.098757e-03,1.187748e-03,3.818228e-03,3.066626e-04,1.190261e-03,4.090805e-02,1.088645e-02,8.027374e-01,1.122132e-02,1.332512e-03,1.072864e-01,1.612240e-03
3.635141e-03,1.154930e-02,3.493973e-03,1.029727e-03,7.179653e-03,5.361699e-03,4.096360e-04,8.931679e-04,7.400927e-02,1.571601e-02,7.621208e-01,1.161855e-02,2.710442e-03,9.819983e-02,2.072793e-03
3.071961e-03,9.898216e-03,3.113019e-03,1.321606e-03,1.201612e-02,6.530706e-03,5.182766e-04,1.025988e-03,9.573556e-02,1.780825e-02,7.234475e-01,1.212126e-02,3.297875e-03,1.083625e-01,1.731178e-03
1.017127e-02,2.085654e-02,3.571719e-03,1.211057e-03,5.914522e-02,1.393372e-02,1.143713e-03,1.596846e-03,1.449676e-01,1.755578e-02,5.869842e-01,1.262886e-02,4.316368e-03,1.203144e-01,1.602659e-03
8.502454e-03,3.394522e-02,3.355711e-03,1.052084e-03,6.907066e-02,1.708275e-02,1.149082e-03,1.670384e-03,3.324389e-01,1.511828e-02,4.148194e-01,9.262981e-03,3.315241e-03,8.740512e-02,1.811650e-03
7.672130e-03,4.443952e-02,8.798773e-03,1.467698e-03,6.257296e-02,3.289678e-02,1.311240e-03,3.904660e-03,4.607583e-01,1.174016e-02,2.915675e-01,6.694733e-03,2.675668e-03,6.156292e-02,1.937030e-03
7.679686e-03,5.643287e-02,2.641217e-02,3.498132e-03,5.597495e-02,2.895563e-02,1.867766e-03,5.514649e-03,5.397947e-01,1.298621e-02,2.053367e-01,5.017947e-03,2.181239e-03,4.332132e-02,5.026001e-03
1.254477e-02,5.884753e-02,6.688327e-02,7.058457e-03,8.947085e-02,2.442596e-02,3.355165e-03,7.904575e-03,5.250546e-01,1.499754e-02,1.453111e-01,3.743794e-03,1.686927e-03,3.046787e-02,8.247701e-03
1.754337e-02,5.100367e-02,2.252133e-01,1.993333e-02,8.341675e-02,2.300345e-02,2.903959e-03,1.797102e-02,4.109229e-01,1.295297e-02,1.021731e-01,2.795208e-03,1.320753e-03,2.144392e-02,7.402317e-03
2.185958e-02,4.077470e-02,1.675562e-01,1.466171e-02,7.568985e-02,1.724714e-02,2.472697e-03,1.870275e-01,3.684388e-01,9.201365e-03,7.162140e-02,2.042531e-03,9.853124e-04,1.509090e-02,5.330313e-03
3.145521e-02,3.755245e-02,1.366301e-01,1.122632e-02,7.737737e-02,1.382357e-02,2.182687e-03,2.576185e-01,3.577610e-01,6.688413e-03,5.037472e-02,1.635151e-03,8.300178e-04,1.072231e-02,4.122187e-03
5.374742e-02,4.535933e-02,1.354523e-01,1.041329e-02,7.750711e-02,1.273035e-02,2.753854e-03,2.565019e-01,3.442612e-01,6.081949e-03,3.574921e-02,1.585635e-03,7.960548e-04,7.936001e-03,9.124381e-03
4.572536e-02,3.429274e-02,1.098216e-01,8.342421e-03,5.970435e-02,9.747623e-03,2.660689e-03,4.333480e-01,2.512496e-01,4.522469e-03,2.522912e-02,1.411885e-03,7.093032e-04,5.620607e-03,7.614143e-03
4.122481e-02,3.069879e-02,9.471763e-02,6.651415e-03,4.498509e-02,8.674222e-03,3.367574e-03,5.454261e-01,1.898792e-01,3.441949e-03,1.796986e-02,1.462802e-03,8.535264e-04,4.072599e-03,6.574341e-03
4.329971e-02,2.915230e-02,7.227880e-02,4.857531e-03,3.256008e-02,6.759176e-03,7.920370e-03,6.337339e-01,1.435621e-01,2.841581e-03,1.276966e-02,1.155839e-03,8.752261e-04,3.017667e-03,5.216080e-03
5.787548e-02,3.230863e-02,5.560500e-02,3.720067e-03,2.449004e-02,5.650090e-03,1.360355e-02,6.687846e-01,1.152088e-01,3.130005e-03,9.370148e-03,1.078633e-03,1.244952e-03,3.029180e-03,4.900861e-03
1.165106e-01,5.812940e-02,5.339238e-02,3.342921e-03,1.874175e-02,6.586790e-03,2.425861e-02,5.843620e-01,1.028906e-01,3.836051e-03,7.459263e-03,1.828364e-03,1.604469e-03,1.113963e-02,5.917220e-03
9.799129e-02,4.744288e-02,5.370637e-02,2.847194e-03,1.475412e-02,7.226682e-03,2.095921e-01,4.659099e-01,7.563953e-02,2.808937e-03,5.449472e-03,1.528968e-03,2.278532e-03,8.251985e-03,4.571985e-03
8.713150e-02,3.551724e-02,6.906387e-02,3.044743e-03,1.321652e-02,1.441523e-02,2.677798e-01,4.141574e-01,5.386354e-02,3.193482e-03,4.345791e-03,1.347303e-03,2.193728e-02,5.990220e-03,4.996073e-03
1.895926e-01,2.659833e-02,5.760860e-02,3.232182e-03,1.353706e-02,1.833028e-02,2.702315e-01,3.380801e-01,4.240265e-02,2.756509e-03,3.738243e-03,2.790876e-03,2.177588e-02,4.438866e-03,4.886338e-03
2.627373e-01,2.004279e-02,4.488987e-02,3.158769e-03,1.451513e-02,3.175885e-02,2.745966e-01,2.696844e-01,3.477599e-02,2.860432e-03,3.709889e-03,4.783872e-03,2.276195e-02,3.435645e-03,6.288502e-03
3.256451e-01,1.572522e-02,3.760366e-02,3.511401e-03,1.862031e-02,4.625259e-02,2.420203e-01,2.405670e-01,2.783542e-02,2.882730e-03,3.631383e-03,6.414223e-03,1.851508e-02,2.776158e-03,7.999489e-03
2.325392e-01,1.175633e-02,2.854471e-02,2.816194e-03,1.699579e-02,7.575826e-02,3.590951e-01,1.800292e-01,2.031590e-02,3.184239e-03,4.032718e-03,6.250651e-03,4.799442e-02,2.273762e-03,8.413537e-03
1.780406e-01,1.046813e-02,2.080095e-02,3.231017e-03,1.450762e-02,9.011541e-02,3.475796e-01,1.321889e-01,1.732607e-02,8.374371e-03,4.154027e-02,1.634426e-02,9.244153e-02,4.151045e-03,2.289028e-02
1.342975e-01,8.691622e-03,1.481099e-02,3.089084e-03,1.388155e-02,7.231560e-02,2.920124e-01,9.881638e-02,1.482318e-02,1.351300e-02,5.244797e-02,2.134027e-02,1.612752e-01,4.753800e-03,9.393146e-02
1.056353e-01,7.734482e-03,1.126599e-02,2.803411e-03,1.647377e-02,5.753918e-02,2.659513e-01,7.589978e-02,1.238108e-02,2.076987e-02,4.159298e-02,4.143545e-02,2.142403e-01,5.248149e-03,1.210290e-01
7.682014e-02,5.872630e-03,8.073578e-03,2.714445e-03,1.464939e-02,4.160815e-02,1.949734e-01,5.351037e-02,8.894913e-03,2.440879e-02,3.085849e-02,6.315826e-02,3.486773e-01,3.938986e-03,1.218411e-01
5.461503e-02,4.426321e-03,5.797316e-03,1.992892e-03,1.149871e-02,3.052946e-02,1.389490e-01,3.755468e-02,6.612603e-03,2.112327e-02,2.348898e-02,4.592211e-02,2.781351e-01,3.220921e-03,3.361337e-01
4.220814e-02,6.268707e-03,2.547137e-02,1.635667e-03,1.538226e-02,2.344861e-02,9.849596e-02,2.692605e-02,1.849318e-02,3.096915e-02,2.276574e-02,3.430437e-02,2.409108e-01,2.650960e-03,4.100690e-01
4.526903e-02,1.663819e-02,3.263818e-02,1.201633e-01,2.760446e-02,2.010960e-02,6.990000e-02,1.992042e-02,8.553085e-02,2.902619e-02,1.822499e-02,2.569062e-02,1.699913e-01,1.946847e-03,3.173461e-01
3.694237e-02,1.636603e-02,2.957030e-02,2.358299e-01,2.762693e-02,2.008057e-02,4.927788e-02,1.454424e-02,1.567920e-01,2.355542e-02,1.394152e-02,1.908109e-02,1.193960e-01,1.544182e-03,2.354515e-01
7.654694e-02,3.466696e-02,3.031210e-02,1.880625e-01,3.636659e-02,2.835079e-02,3.762280e-02,1.167403e-02,2.559471e-01,1.760992e-02,1.046706e-02,1.357251e-02,8.470731e-02,1.245780e-03,1.728477e-01
5.701591e-02,3.138279e-02,2.527738e-02,3.835561e-01,3.063262e-02,2.177629e-02,2.659589e-02,9.157073e-03,1.993912e-01,1.291217e-02,8.401747e-03,9.665346e-03,5.958749e-02,9.064334e-04,1.237415e-01
4.134847e-02,2.499057e-02,2.328795e-02,4.532917e-01,2.209482e-02,1.566511e-02,1.865709e-02,6.843062e-03,1.527263e-01,1.387444e-02,8.439347e-02,7.731732e-03,4.426182e-02,7.065214e-04,9.012692e-02
3.168512e-02,1.934531e-02,1.760199e-02,4.003494e-01,1.645970e-02,1.166064e-02,1.310197e-02,5.682542e-03,1.234729e-01,1.356968e-02,2.095291e-01,1.416555e-02,5.882409e-02,8.243787e-04,6.372757e-02
2.453050e-02,1.531106e-02,1.660142e-02,3.732335e-01,1.364597e-02,8.896771e-03,9.474540e-03,5.006516e-03,1.206356e-01,1.373744e-02,2.674509e-01,2.635173e-02,5.700219e-02,1.812461e-03,4.630942e-02
1.941615e-02,1.153095e-02,1.430718e-02,2.908340e-01,1.180753e-02,1.234438e-02,6.966580e-03,9.992100e-03,1.134003e-01,1.132469e-02,3.161026e-01,5.676797e-02,8.523443e-02,6.152702e-03,3.381852e-02
1.489359e-02,9.540351e-03,1.225821e-02,2.305159e-01,1.327467e-02,1.020975e-02,4.933418e-03,7.782618e-03,1.061137e-01,1.988560e-02,3.685880e-01,6.108952e-02,9.229545e-02,2.289835e-02,2.572093e-02
1.343148e-02,7.149311e-03,2.479415e-02,1.754157e-01,1.301126e-02,1.066461e-02,3.817949e-03,2.012169e-02,9.160001e-02,2.363319e-02,3.714987e-01,6.896757e-02,1.124564e-01,4.399382e-02,1.944417e-02
1.097405e-02,8.310912e-03,1.922935e-02,1.270780e-01,1.182980e-02,9.665008e-03,2.810651e-03,1.480370e-02,8.449499e-02,3.902477e-02,3.349766e-01,1.544287e-01,1.010006e-01,6.541179e-02,1.596106e-02
8.437661e-03,7.148853e-03,1.527534e-02,9.364977e-02,1.414705e-02,1.018749e-02,2.285825e-03,1.081904e-02,8.828063e-02,4.153368e-02,3.617631e-01,1.802636e-01,8.925488e-02,6.407604e-02,1.287700e-02
6.763662e-03,5.865480e-03,1.164134e-02,6.707124e-02,1.545490e-02,1.284355e-02,2.086141e-03,8.766222e-03,7.187784e-02,4.269272e-02,3.328741e-01,2.896981e-01,6.988657e-02,5.248857e-02,9.989684e-03
6.365203e-03,1.024576e-02,1.196607e-02,4.837491e-02,2.457052e-02,1.565136e-02,2.252844e-03,7.984135e-03,1.076082e-01,4.237164e-02,2.700465e-01,3.346880e-01,5.942924e-02,5.024332e-02,8.202236e-03
6.565841e-03,7.928164e-03,8.964620e-03,3.408797e-02,1.994858e-02,1.497962e-02,2.287675e-03,6.504528e-03,8.506444e-02,4.578157e-02,2.268094e-01,4.443406e-01,4.792832e-02,4.184696e-02,6.961747e-03
7.794012e-03,7.162290e-03,8.600865e-03,2.455648e-02,2.953177e-02,1.842214e-02,7.888171e-03,8.763522e-03,1.636104e-01,3.688946e-02,1.973810e-01,4.125554e-01,3.832698e-02,3.196450e-02,6.552993e-03
1.373270e-02,6.033325e-03,1.013744e-02,1.823178e-02,4.064044e-02,1.672570e-02,1.213996e-02,3.169344e-02,1.883230e-01,3.438277e-02,1.805382e-01,3.800732e-01,3.354476e-02,2.688836e-02,6.914976e-03
1.681802e-02,6.799736e-03,1.378005e-02,1.364695e-02,4.234995e-02,1.734189e-02,1.108095e-02,4.512759e-02,1.734623e-01,3.518773e-02,1.435340e-01,4.229980e-01,3.109926e-02,2.102051e-02,5.753169e-03
1.748313e-02,1.139903e-02,1.535592e-02,1.069797e-02,4.588239e-02,1.743175e-02,9.883344e-03,5.867385e-02,2.523895e-01,3.607876e-02,1.118974e-01,3.617787e-01,2.895370e-02,1.699599e-02,5.098573e-03
1.654555e-02,1.673430e-02,1.535988e-02,7.988537e-03,6.364251e-02,1.718851e-02,7.411031e-03,5.732229e-02,3.890422e-01,3.020833e-02,8.235529e-02,2.575799e-01,2.222379e-02,1.243563e-02,3.962292e-03
3.704758e-02,1.751340e-02,3.302245e-02,1.118301e-02,7.663521e-02,2.241994e-02,6.515369e-03,1.047090e-01,3.651571e-01,3.886010e-02,6.565697e-02,1.872804e-01,1.687371e-02,1.338019e-02,3.745662e-03
4.404022e-02,2.070898e-02,2.841658e-02,1.204929e-02,9.810858e-02,3.013197e-02,6.316629e-03,8.931364e-02,4.251906e-01,3.436433e-02,4.997316e-02,1.340059e-01,1.280803e-02,1.077271e-02,3.799347e-03
5.115435e-02,1.833622e-02,2.669048e-02,1.711011e-02,2.022790e-01,2.468801e-02,9.878594e-03,9.173527e-02,3.763703e-01,2.844366e-02,3.552447e-02,9.513950e-02,1.005717e-02,7.928694e-03,4.664201e-03
6.398758e-02,1.870228e-02,2.045324e-02,1.606664e-02,3.108746e-01,1.936636e-02,1.001444e-02,7.155250e-02,3.333027e-01,2.320400e-02,2.556937e-02,6.731860e-02,7.660576e-03,6.345080e-03,5.581992e-03
7.328375e-02,1.843196e-02,3.185773e-02,5.686061e-02,3.254099e-01,1.539468e-02,9.106733e-03,9.867372e-02,2.649024e-01,1.792730e-02,1.881662e-02,5.013856e-02,6.294645e-03,4.693708e-03,8.207735e-03
5.944721e-02,1.367704e-02,2.440467e-02,4.082114e-02,2.878749e-01,1.123357e-02,8.014784e-03,2.835750e-01,1.960157e-01,1.257476e-02,1.333741e-02,3.536547e-02,4.579086e-03,3.298218e-03,5.781048e-03
4.673273e-02,9.763881e-03,1.780867e-02,2.947566e-02,2.243979e-01,8.086430e-03,6.330639e-03,4.644569e-01,1.401453e-01,8.828482e-03,9.386895e-03,2.488144e-02,3.310214e-03,2.319491e-03,4.075450e-03
3.776367e-02,6.924067e-03,1.301727e-02,2.118469e-02,1.633887e-01,5.939094e-03,4.654666e-03,6.116790e-01,9.822775e-02,6.211077e-03,6.623691e-03,1.749425e-02,2.377090e-03,1.636914e-03,2.878015e-03
3.364968e-02,4.955404e-03,9.759252e-03,1.525515e-02,1.203204e-01,4.460067e-03,3.635624e-03,7.125382e-01,6.888226e-02,4.415104e-03,4.771392e-03,1.238962e-02,1.732993e-03,1.173026e-03,2.061738e-03
3.863455e-02,3.717948e-03,7.550312e-03,1.127014e-02,9.198710e-02,8.348613e-03,6.681449e-03,7.627462e-01,4.848270e-02,3.122470e-03,3.763883e-03,9.039427e-03,2.215385e-03,8.596657e-04,1.580070e-03
7.574580e-02,3.318845e-03,7.793423e-03,8.686915e-03,7.238633e-02,1.043570e-02,7.545901e-03,7.615648e-01,3.446769e-02,2.303397e-03,3.390055e-03,7.077851e-03,2.646081e-03,7.313224e-04,1.905833e-03
1.295512e-01,2.765237e-03,6.507548e-03,6.600498e-03,5.613253e-02,1.620773e-02,6.802887e-03,7.242510e-01,2.505127e-02,2.156830e-03,7.288177e-03,7.545865e-03,5.334729e-03,1.136985e-03,2.667470e-03
3.088994e-01,2.925782e-03,5.534985e-03,7.500137e-03,4.171152e-02,1.988422e-02,6.349289e-03,5.301650e-01,1.942933e-02,2.604311e-03,9.047727e-03,2.429424e-02,1.415406e-02,2.154168e-03,5.345830e-03
4.560612e-01,2.782999e-03,4.477094e-03,7.176730e-03,3.108947e-02,2.462278e-02,5.371759e-03,3.816282e-01,1.476555e-02,2.549649e-03,1.009229e-02,2.649574e-02,2.351011e-02,2.730582e-03,6.645875e-03
1.000000e+00,0.000000e+00,0.000000e+00,0.000000e+00,0.000000e+00,0.000000e+00,0.000000e+00,0.000000e+00,0.000000e+00,0.000000e+00,0.000000e+00,0.000000e+00,0.000000e+00,0.000000e+00,0.000000e+00
1.000000e+00,0.000000e+00,0.000000e+00,0.000000e+00,0.000000e+00,0.000000e+00,0.000000e+00,0.000000e+00,0.000000e+00,0.000000e+00,0.000000e+00,0.000000e+00,0.000000e+00,0.000000e+00,0.000000e+00
1.000000e+00,0.000000e+00,0.000000e+00,0.000000e+00,0.000000e+00,0.000000e+00,0.000000e+00,0.000000e+00,0.000000e+00,0.000000e+00,0.000000e+00,0.000000e+00,0.000000e+00,0.000000e+00,0.000000e+00
1.000000e+00,0.000000e+00,0.000000e+00,0.000000e+00,0.000000e+00,0.000000e+00,0.000000e+00,0.000000e+00,0.000000e+00,0.000000e+00,0.000000e+00,0.000000e+00,0.000000e+00,0.000000e+00,0.000000e+00
1.000000e+00,0.000000e+00,0.000000e+00,0.000000e+00,0.000000e+00,0.000000e+00,0.000000e+00,0.000000e+00,0.000000e+00,0.000000e+00,0.000000e+00,0.000000e+00,0.000000e+00,0.000000e+00,0.000000e+00
1.000000e+00,0.000000e+00,0.000000e+00,0.000000e+00,0.000000e+00,0.000000e+00,0.000000e+00,0.000000e+00,0.000000e+00,0.000000e+00,0.000000e+00,0.000000e+00,0.000000e+00,0.000000e+00,0.000000e+00
3.891106e-01,8.168907e-03,3.067200e-03,6.595579e-03,5.051324e-03,4.944089e-02,5.431689e-03,3.539892e-02,2.985775e-02,1.401633e-02,2.376771e-02,2.340396e-01,1.763863e-01,2.464126e-03,1.720314e-02
2.872797e-01,6.239523e-03,2.316216e-03,5.011549e-03,4.268143e-03,4.108840e-02,4.864369e-03,2.499138e-02,3.332867e-02,2.494264e-02,2.864182e-02,3.193440e-01,1.978759e-01,2.106094e-03,1.770161e-02
2.054989e-01,6.519552e-03,1.839706e-03,3.629073e-03,3.358413e-03,2.939286e-02,3.580816e-03,1.761857e-02,3.146086e-02,4.359075e-02,2.427262e-02,4.032520e-01,2.080460e-01,1.878651e-03,1.606124e-02
1.496018e-01,4.935428e-03,1.328252e-03,2.639309e-03,2.625112e-03,2.141500e-02,2.621546e-03,1.247997e-02,3.033374e-02,4.945639e-02,2.350043e-02,5.066984e-01,1.784166e-01,1.593366e-03,1.235480e-02
1.061295e-01,4.653693e-03,9.667822e-04,1.895729e-03,2.319986e-03,1.514897e-02,1.901991e-03,8.895611e-03,1.036411e-01,4.119092e-02,2.146310e-02,5.343279e-01,1.469757e-01,1.183407e-03,9.305508e-03
7.450684e-02,4.392799e-03,7.488780e-04,1.354526e-03,2.227593e-03,1.066860e-02,1.483836e-03,6.410320e-03,1.690866e-01,3.654300e-02,1.674432e-02,5.563567e-01,1.117538e-01,8.655417e-04,6.856692e-03
5.251967e-02,4.209359e-03,1.154316e-03,1.030419e-03,3.318324e-03,7.634239e-03,1.469766e-03,7.751456e-03,2.357932e-01,3.749796e-02,1.287093e-02,5.414959e-01,8.750499e-02,6.752162e-04,5.074254e-03
3.805052e-02,5.968574e-03,1.452537e-03,8.511603e-04,3.402677e-03,5.530423e-03,1.143135e-03,7.380383e-03,2.573338e-01,3.422261e-02,1.082205e-02,5.611618e-01,6.800062e-02,6.352093e-04,4.044463e-03
2.719103e-02,6.707248e-03,1.268553e-03,7.811378e-04,3.491120e-03,3.940693e-03,8.742673e-04,8.209074e-03,4.371767e-01,2.545227e-02,8.175967e-03,4.233731e-01,4.998147e-02,4.537104e-04,2.923594e-03
1.921724e-02,6.280682e-03,1.070377e-03,8.620032e-04,3.685715e-03,2.899152e-03,6.668570e-04,1.056406e-02,5.956392e-01,1.797540e-02,5.859403e-03,2.977464e-01,3.515800e-02,3.182614e-04,2.057268e-03
1.581335e-02,5.273139e-03,4.149145e-03,3.197407e-03,1.856844e-02,7.079987e-03,6.470281e-04,1.379629e-02,6.745122e-01,1.623110e-02,4.766693e-03,2.093017e-01,2.492756e-02,2.355172e-04,1.500397e-03
1.728548e-02,4.966454e-03,1.201623e-02,5.407433e-03,2.944707e-02,1.592156e-02,7.358700e-04,1.656694e-02,7.099463e-01,1.714102e-02,4.594711e-03,1.468937e-01,1.774137e-02,1.862732e-04,1.149603e-03
2.034628e-02,4.118540e-03,1.084590e-02,2.926785e-02,4.696820e-02,1.813663e-02,6.101481e-04,3.246266e-02,7.049729e-01,1.225965e-02,3.493446e-03,1.029835e-01,1.250365e-02,1.381605e-04,8.925409e-04
2.738506e-02,4.151001e-03,8.829423e-03,2.716330e-02,7.791521e-02,1.419429e-02,6.688982e-04,3.967729e-02,7.059221e-01,8.944905e-03,2.597237e-03,7.224834e-02,8.832120e-03,1.242544e-04,1.346542e-03
3.277850e-02,4.507700e-03,8.851795e-03,2.684314e-02,1.199366e-01,1.281132e-02,1.231733e-03,7.505040e-02,6.467801e-01,7.148731e-03,2.160775e-03,5.123367e-02,6.903584e-03,1.329067e-04,3.629118e-03
3.864121e-02,7.285313e-03,9.565847e-03,2.130205e-02,1.614953e-01,9.862873e-03,1.549193e-03,1.255932e-01,5.572783e-01,8.466601e-03,2.106363e-03,3.637484e-02,5.455042e-03,3.497099e-04,1.467419e-02
5.269964e-02,1.275206e-02,1.450578e-02,1.922269e-02,1.434767e-01,8.949662e-03,1.533580e-03,1.605578e-01,4.666185e-01,4.989960e-02,2.942430e-03,2.656939e-02,5.037536e-03,5.150545e-04,3.471956e-02
6.552466e-02,1.480851e-02,1.983028e-02,1.919414e-02,1.156430e-01,1.094083e-02,1.674984e-03,1.381238e-01,3.893950e-01,1.394169e-01,7.719467e-03,2.074007e-02,6.526508e-03,1.405248e-03,4.905655e-02
8.661037e-02,1.937923e-02,2.009417e-02,2.172376e-02,1.148384e-01,1.230104e-02,1.894825e-03,1.317752e-01,3.900312e-01,1.118900e-01,9.818939e-03,1.634128e-02,7.902657e-03,2.258201e-03,5.314066e-02
1.678223e-01,2.282618e-02,1.782044e-02,2.490659e-02,1.263639e-01,1.547400e-02,2.852597e-03,1.255512e-01,3.212816e-01,8.688717e-02,1.304145e-02,1.368455e-02,1.212484e-02,4.307191e-03,4.505583e-02
1.610847e-01,2.638979e-02,2.141923e-02,2.911696e-02,9.974057e-02,1.668211e-02,2.516063e-03,9.074071e-02,3.312041e-01,7.264359e-02,5.177349e-02,1.222249e-02,3.167859e-02,8.488265e-03,4.429933e-02
1.206192e-01,2.355228e-02,1.862845e-02,2.727823e-02,7.492641e-02,1.366021e-02,2.079512e-03,6.463220e-02,3.729358e-01,6.014644e-02,1.090906e-01,1.134190e-02,4.034811e-02,1.664988e-02,4.411084e-02
8.697858e-02,1.767355e-02,1.388955e-02,2.119379e-02,5.334564e-02,1.063137e-02,1.612447e-03,4.549480e-02,4.688545e-01,5.069131e-02,1.181755e-01,9.842152e-03,3.255041e-02,2.716723e-02,4.189912e-02
6.779548e-02,1.416636e-02,1.192345e-02,2.223405e-02,3.906247e-02,1.000585e-02,1.574975e-03,3.309575e-02,4.948776e-01,4.645753e-02,1.389463e-01,9.921748e-03,2.820150e-02,3.889346e-02,4.284354e-02
9.606939e-02,1.246290e-02,1.060548e-02,1.917237e-02,3.186710e-02,1.086517e-02,1.606075e-03,2.451075e-02,3.685135e-01,4.132984e-02,2.148061e-01,1.074941e-02,2.211093e-02,9.688188e-02,3.844916e-02
6.883590e-02,1.082860e-02,8.556788e-03,1.422014e-02,2.908668e-02,7.981382e-03,1.386137e-03,1.755606e-02,3.476047e-01,3.079343e-02,2.091000e-01,1.824721e-02,2.082451e-02,1.849483e-01,3.003027e-02
5.074490e-02,1.228866e-02,8.760222e-03,1.086856e-02,2.431520e-02,6.208474e-03,1.262075e-03,1.273950e-02,3.526537e-01,2.424414e-02,1.584687e-01,1.550153e-02,1.638822e-02,2.825645e-01,2.299167e-02
3.922698e-02,2.406471e-02,2.002822e-02,8.092824e-03,1.897852e-02,9.575309e-03,1.256808e-03,9.502511e-03,3.617026e-01,1.866018e-02,1.174012e-01,1.103375e-02,1.223803e-02,3.261734e-01,2.206501e-02
2.950556e-02,1.769397e-02,1.640890e-02,6.291812e-03,1.600289e-02,8.524946e-03,9.882738e-04,6.965228e-03,4.707511e-01,1.369388e-02,8.558003e-02,7.863373e-03,8.797443e-03,2.938610e-01,1.707156e-02
2.276907e-02,1.490427e-02,2.282562e-02,5.020563e-03,1.571911e-02,8.045612e-03,7.198145e-04,5.063518e-03,5.249507e-01,1.024129e-02,6.415425e-02,5.645247e-03,6.364495e-03,2.797082e-01,1.386824e-02
1.750155e-02,1.350933e-02,8.977142e-02,8.372152e-03,2.266250e-02,8.680177e-03,6.939230e-04,1.023912e-02,5.148885e-01,8.342744e-03,4.994804e-02,4.089168e-03,4.839732e-03,2.355997e-01,1.086199e-02
1.450244e-02,1.130321e-02,7.920314e-02,6.407040e-03,2.733607e-02,7.720769e-03,5.404582e-04,8.490657e-03,5.000589e-01,6.411976e-03,4.027086e-02,3.034027e-03,4.154419e-03,2.805664e-01,9.999679e-03
1.418588e-02,1.052236e-02,6.782561e-02,1.136469e-02,3.675501e-02,6.230810e-03,4.297937e-04,1.213327e-02,5.217299e-01,5.479552e-03,3.548039e-02,2.398913e-03,4.526025e-03,2.590267e-01,1.191114e-02
2.081433e-02,1.213644e-02,1.067516e-01,2.354054e-02,5.061316e-02,7.261122e-03,3.844397e-04,1.131536e-02,4.341436e-01,7.118550e-03,6.564167e-02,2.274755e-03,6.747921e-03,2.400047e-01,1.125183e-02
2.386449e-02,1.360621e-02,1.524062e-01,1.815128e-02,3.929188e-02,1.883975e-02,3.428215e-04,9.653751e-03,3.497466e-01,9.981431e-03,9.035641e-02,2.636379e-03,8.010342e-03,2.430151e-01,2.009747e-02
2.146928e-02,1.398479e-02,2.345617e-01,1.573205e-02,3.211514e-02,2.021489e-02,3.011753e-04,9.839787e-03,2.878893e-01,1.473513e-02,1.055985e-01,3.140658e-03,7.835148e-03,2.103041e-01,2.227839e-02
1.985352e-02,1.620867e-02,2.443539e-01,1.612430e-02,2.644721e-02,5.342299e-02,3.550462e-04,9.887684e-03,2.385671e-01,2.786564e-02,1.115986e-01,8.087031e-03,1.740680e-02,1.800937e-01,2.972778e-02
2.015450e-02,1.424815e-02,2.381010e-01,3.274703e-02,2.738846e-02,5.405219e-02,1.268157e-03,1.855830e-02,2.016229e-01,5.642838e-02,1.012601e-01,9.522316e-03,2.558665e-02,1.698118e-01,2.925002e-02
3.754642e-02,1.293117e-02,1.951107e-01,3.751981e-02,5.843413e-02,4.434509e-02,2.770353e-03,1.898141e-02,1.975069e-01,1.077663e-01,8.886391e-02,9.181986e-03,2.111632e-02,1.440766e-01,2.384891e-02
3.238577e-02,1.308828e-02,1.718904e-01,1.212546e-01,1.195574e-01,4.313964e-02,3.745358e-03,1.685894e-02,1.871776e-01,8.189508e-02,6.505930e-02,7.270262e-03,1.591638e-02,1.025738e-01,1.818723e-02
2.972926e-02,1.172657e-02,1.775982e-01,2.544658e-01,9.290021e-02,5.455806e-02,2.890244e-03,1.262899e-02,1.550009e-01,5.913018e-02,4.716743e-02,5.355498e-03,1.168886e-02,7.189143e-02,1.326833e-02
3.801994e-02,1.272661e-02,1.537180e-01,3.171202e-01,7.899271e-02,9.530899e-02,3.316088e-03,1.039086e-02,1.328845e-01,4.411211e-02,3.824828e-02,4.504793e-03,9.828975e-03,5.056658e-02,1.026138e-02
5.644183e-02,2.424638e-02,2.008068e-01,2.810439e-01,7.513833e-02,7.753582e-02,1.531033e-02,1.940753e-02,1.127606e-01,3.838769e-02,3.590875e-02,4.574489e-03,1.236625e-02,3.703720e-02,9.034078e-03
6.663151e-02,4.177999e-02,2.602796e-01,2.146829e-01,6.576374e-02,7.074764e-02,1.863962e-02,2.679757e-02,1.026400e-01,3.887737e-02,3.307992e-02,5.557822e-03,1.827051e-02,2.760135e-02,8.650567e-03
7.724226e-02,5.389278e-02,2.108687e-01,1.532464e-01,7.269156e-02,5.903026e-02,4.123646e-02,4.439669e-02,1.623882e-01,3.910068e-02,2.514467e-02,5.606858e-03,1.804925e-02,2.449498e-02,1.261030e-02
9.156956e-02,7.549009e-02,1.724205e-01,1.113547e-01,8.670181e-02,6.024953e-02,4.726692e-02,6.891236e-02,1.714628e-01,3.576742e-02,2.053789e-02,5.786350e-03,1.881549e-02,2.096178e-02,1.270280e-02
9.934439e-02,6.603911e-02,2.047002e-01,8.200129e-02,8.930864e-02,4.776078e-02,7.127401e-02,7.658368e-02,1.360863e-01,5.537942e-02,1.581443e-02,6.500993e-03,2.022959e-02,1.620641e-02,1.277080e-02
1.872712e-01,6.187946e-02,1.604177e-01,6.057220e-02,7.593480e-02,4.034238e-02,5.788105e-02,7.540886e-02,1.432856e-01,5.639011e-02,1.403644e-02,1.597943e-02,1.838824e-02,1.553230e-02,1.668019e-02
2.504941e-01,5.757624e-02,1.261455e-01,4.656211e-02,6.205501e-02,3.458706e-02,4.674905e-02,6.811208e-02,1.670829e-01,5.248200e-02,1.198135e-02,2.477590e-02,1.645696e-02,1.533327e-02,1.960656e-02
3.133730e-01,4.709504e-02,1.240450e-01,3.602044e-02,5.115506e-02,3.100641e-02,4.292935e-02,7.888018e-02,1.400550e-01,5.136643e-02,9.813707e-03,2.599728e-02,1.412163e-02,1.420706e-02,1.993450e-02
3.688920e-01,4.197722e-02,1.109352e-01,2.852041e-02,4.201083e-02,3.191337e-02,4.030079e-02,7.414918e-02,1.279387e-01,5.121073e-02,9.056098e-03,2.691406e-02,1.278668e-02,1.279026e-02,2.060454e-02
4.460909e-01,3.787061e-02,8.951983e-02,2.670011e-02,3.391010e-02,3.502413e-02,3.371032e-02,5.962663e-02,1.077381e-01,4.266649e-02,8.881235e-03,3.125736e-02,1.273010e-02,1.072804e-02,2.354607e-02
1.000000e+00,0.000000e+00,0.000000e+00,0.000000e+00,0.000000e+00,0.000000e+00,0.000000e+00,0.000000e+00,0.000000e+00,0.000000e+00,0.000000e+00,0.000000e+00,0.000000e+00,0.000000e+00,0.000000e+00
1.000000e+00,0.000000e+00,0.000000e+00,0.000000e+00,0.000000e+00,0.000000e+00,0.000000e+00,0.000000e+00,0.000000e+00,0.000000e+00,0.000000e+00,0.000000e+00,0.000000e+00,0.000000e+00,0.000000e+00
