1.000000e+00,0.000000e+00,0.000000e+00,0.000000e+00,0.000000e+00,0.000000e+00,0.000000e+00,0.000000e+00,0.000000e+00,0.000000e+00,0.000000e+00,0.000000e+00,0.000000e+00,0.000000e+00,0.000000e+00
1.000000e+00,0.000000e+00,0.000000e+00,0.000000e+00,0.000000e+00,0.000000e+00,0.000000e+00,0.000000e+00,0.000000e+00,0.000000e+00,0.000000e+00,0.000000e+00,0.000000e+00,0.000000e+00,0.000000e+00
1.000000e+00,0.000000e+00,0.000000e+00,0.000000e+00,0.000000e+00,0.000000e+00,0.000000e+00,0.000000e+00,0.000000e+00,0.000000e+00,0.000000e+00,0.000000e+00,0.000000e+00,0.000000e+00,0.000000e+00
1.000000e+00,0.000000e+00,0.000000e+00,0.000000e+00,0.000000e+00,0.000000e+00,0.000000e+00,0.000000e+00,0.000000e+00,0.000000e+00,0.000000e+00,0.000000e+00,0.000000e+00,0.000000e+00,0.000000e+00
1.000000e+00,0.000000e+00,0.000000e+00,0.000000e+00,0.000000e+00,0.000000e+00,0.000000e+00,0.000000e+00,0.000000e+00,0.000000e+00,0.000000e+00,0.000000e+00,0.000000e+00,0.000000e+00,0.000000e+00
1.000000e+00,0.000000e+00,0.000000e+00,0.000000e+00,0.000000e+00,0.000000e+00,0.000000e+00,0.000000e+00,0.000000e+00,0.000000e+00,0.000000e+00,0.000000e+00,0.000000e+00,0.000000e+00,0.000000e+00
1.000000e+00,0.000000e+00,0.000000e+00,0.000000e+00,0.000000e+00,0.000000e+00,0.000000e+00,0.000000e+00,0.000000e+00,0.000000e+00,0.000000e+00,0.000000e+00,0.000000e+00,0.000000e+00,0.000000e+00
1.000000e+00,0.000000e+00,0.000000e+00,0.000000e+00,0.000000e+00,0.000000e+00,0.000000e+00,0.000000e+00,0.000000e+00,0.000000e+00,0.000000e+00,0.000000e+00,0.000000e+00,0.000000e+00,0.000000e+00
1.000000e+00,0.000000e+00,0.000000e+00,0.000000e+00,0.000000e+00,0.000000e+00,0.000000e+00,0.000000e+00,0.000000e+00,0.000000e+00,0.000000e+00,0.000000e+00,0.000000e+00,0.000000e+00,0.000000e+00
1.000000e+00,0.000000e+00,0.000000e+00,0.000000e+00,0.000000e+00,0.000000e+00,0.000000e+00,0.000000e+00,0.000000e+00,0.000000e+00,0.000000e+00,0.000000e+00,0.000000e+00,0.000000e+00,0.000000e+00
1.000000e+00,0.000000e+00,0.000000e+00,0.000000e+00,0.000000e+00,0.000000e+00,0.000000e+00,0.000000e+00,0.000000e+00,0.000000e+00,0.000000e+00,0.000000e+00,0.000000e+00,0.000000e+00,0.000000e+00
1.000000e+00,0.000000e+00,0.000000e+00,0.000000e+00,0.000000e+00,0.000000e+00,0.000000e+00,0.000000e+00,0.000000e+00,0.000000e+00,0.000000e+00,0.000000e+00,0.000000e+00,0.000000e+00,0.000000e+00
1.000000e+00,0.000000e+00,0.000000e+00,0.000000e+00,0.000000e+00,0.000000e+00,0.000000e+00,0.000000e+00,0.000000e+00,0.000000e+00,0.000000e+00,0.000000e+00,0.000000e+00,0.000000e+00,0.000000e+00
1.000000e+00,0.000000e+00,0.000000e+00,0.000000e+00,0.000000e+00,0.000000e+00,0.000000e+00,0.000000e+00,0.000000e+00,0.000000e+00,0.000000e+00,0.000000e+00,0.000000e+00,0.000000e+00,0.000000e+00
1.000000e+00,0.000000e+00,0.000000e+00,0.000000e+00,0.000000e+00,0.000000e+00,0.000000e+00,0.000000e+00,0.000000e+00,0.000000e+00,0.000000e+00,0.000000e+00,0.000000e+00,0.000000e+00,0.000000e+00
1.000000e+00,0.000000e+00,0.000000e+00,0.000000e+00,0.000000e+00,0.000000e+00,0.000000e+00,0.000000e+00,0.000000e+00,0.000000e+00,0.000000e+00,0.000000e+00,0.000000e+00,0.000000e+00,0.000000e+00
1.000000e+00,0.000000e+00,0.000000e+00,0.000000e+00,0.000000e+00,0.000000e+00,0.000000e+00,0.000000e+00,0.000000e+00,0.000000e+00,0.000000e+00,0.000000e+00,0.000000e+00,0.000000e+00,0.000000e+00
1.000000e+00,0.000000e+00,0.000000e+00,0.000000e+00,0.000000e+00,0.000000e+00,0.000000e+00,0.000000e+00,0.000000e+00,0.000000e+00,0.000000e+00,0.000000e+00,0.000000e+00,0.000000e+00,0.000000e+00
1.000000e+00,0.000000e+00,0.000000e+00,0.000000e+00,0.000000e+00,0.000000e+00,0.000000e+00,0.000000e+00,0.000000e+00,0.000000e+00,0.000000e+00,0.000000e+00,0.000000e+00,0.000000e+00,0.000000e+00
1.000000e+00,0.000000e+00,0.000000e+00,0.000000e+00,0.000000e+00,0.000000e+00,0.000000e+00,0.000000e+00,0.000000e+00,0.000000e+00,0.000000e+00,0.000000e+00,0.000000e+00,0.000000e+00,0.000000e+00
1.000000e+00,0.000000e+00,0.000000e+00,0.000000e+00,0.000000e+00,0.000000e+00,0.000000e+00,0.000000e+00,0.000000e+00,0.000000e+00,0.000000e+00,0.000000e+00,0.000000e+00,0.000000e+00,0.000000e+00
1.000000e+00,0.000000e+00,0.000000e+00,0.000000e+00,0.000000e+00,0.000000e+00,0.000000e+00,0.000000e+00,0.000000e+00,0.000000e+00,0.000000e+00,0.000000e+00,0.000000e+00,0.000000e+00,0.000000e+00
1.000000e+00,0.000000e+00,0.000000e+00,0.000000e+00,0.000000e+00,0.000000e+00,0.000000e+00,0.000000e+00,0.000000e+00,0.000000e+00,0.000000e+00,0.000000e+00,0.000000e+00,0.000000e+00,0.000000e+00
1.000000e+00,0.000000e+00,0.000000e+00,0.000000e+00,0.000000e+00,0.000000e+00,0.000000e+00,0.000000e+00,0.000000e+00,0.000000e+00,0.000000e+00,0.000000e+00,0.000000e+00,0.000000e+00,0.000000e+00
1.000000e+00,0.000000e+00,0.000000e+00,0.000000e+00,0.000000e+00,0.000000e+00,0.000000e+00,0.000000e+00,0.000000e+00,0.000000e+00,0.000000e+00,0.000000e+00,0.000000e+00,0.000000e+00,0.000000e+00
1.000000e+00,0.000000e+00,0.000000e+00,0.000000e+00,0.000000e+00,0.000000e+00,0.000000e+00,0.000000e+00,0.000000e+00,0.000000e+00,0.000000e+00,0.000000e+00,0.000000e+00,0.000000e+00,0.000000e+00
1.000000e+00,0.000000e+00,0.000000e+00,0.000000e+00,0.000000e+00,0.000000e+00,0.000000e+00,0.000000e+00,0.000000e+00,0.000000e+00,0.000000e+00,0.000000e+00,0.000000e+00,0.000000e+00,0.000000e+00
1.000000e+00,0.000000e+00,0.000000e+00,0.000000e+00,0.000000e+00,0.000000e+00,0.000000e+00,0.000000e+00,0.000000e+00,0.000000e+00,0.000000e+00,0.000000e+00,0.000000e+00,0.000000e+00,0.000000e+00
1.000000e+00,0.000000e+00,0.000000e+00,0.000000e+00,0.000000e+00,0.000000e+00,0.000000e+00,0.000000e+00,0.000000e+00,0.000000e+00,0.000000e+00,0.000000e+00,0.000000e+00,0.000000e+00,0.000000e+00
1.000000e+00,0.000000e+00,0.000000e+00,0.000000e+00,0.000000e+00,0.000000e+00,0.000000e+00,0.000000e+00,0.000000e+00,0.000000e+00,0.000000e+00,0.000000e+00,0.000000e+00,0.000000e+00,0.000000e+00
1.000000e+00,0.000000e+00,0.000000e+00,0.000000e+00,0.000000e+00,0.000000e+00,0.000000e+00,0.000000e+00,0.000000e+00,0.000000e+00,0.000000e+00,0.000000e+00,0.000000e+00,0.000000e+00,0.000000e+00
1.000000e+00,0.000000e+00,0.000000e+00,0.000000e+00,0.000000e+00,0.000000e+00,0.000000e+00,0.000000e+00,0.000000e+00,0.000000e+00,0.000000e+00,0.000000e+00,0.000000e+00,0.000000e+00,0.000000e+00
1.000000e+00,0.000000e+00,0.000000e+00,0.000000e+00,0.000000e+00,0.000000e+00,0.000000e+00,0.000000e+00,0.000000e+00,0.000000e+00,0.000000e+00,0.000000e+00,0.000000e+00,0.000000e+00,0.000000e+00
1.000000e+00,0.000000e+00,0.000000e+00,0.000000e+00,0.000000e+00,0.000000e+00,0.000000e+00,0.000000e+00,0.000000e+00,0.000000e+00,0.000000e+00,0.000000e+00,0.000000e+00,0.000000e+00,0.000000e+00
1.000000e+00,0.000000e+00,0.000000e+00,0.000000e+00,0.000000e+00,0.000000e+00,0.000000e+00,0.000000e+00,0.000000e+00,0.000000e+00,0.000000e+00,0.000000e+00,0.000000e+00,0.000000e+00,0.000000e+00
1.000000e+00,0.000000e+00,0.000000e+00,0.000000e+00,0.000000e+00,0.000000e+00,0.000000e+00,0.000000e+00,0.000000e+00,0.000000e+00,0.000000e+00,0.000000e+00,0.000000e+00,0.000000e+00,0.000000e+00
1.000000e+00,0.000000e+00,0.000000e+00,0.000000e+00,0.000000e+00,0.000000e+00,0.000000e+00,0.000000e+00,0.000000e+00,0.000000e+00,0.000000e+00,0.000000e+00,0.000000e+00,0.000000e+00,0.000000e+00
1.000000e+00,0.000000e+00,0.000000e+00,0.000000e+00,0.000000e+00,0.000000e+00,0.000000e+00,0.000000e+00,0.000000e+00,0.000000e+00,0.000000e+00,0.000000e+00,0.000000e+00,0.000000e+00,0.000000e+00
1.000000e+00,0.000000e+00,0.000000e+00,0.000000e+00,0.000000e+00,0.000000e+00,0.000000e+00,0.000000e+00,0.000000e+00,0.000000e+00,0.000000e+00,0.000000e+00,0.000000e+00,0.000000e+00,0.000000e+00
1.000000e+00,0.000000e+00,0.000000e+00,0.000000e+00,0.000000e+00,0.000000e+00,0.000000e+00,0.000000e+00,0.000000e+00,0.000000e+00,0.000000e+00,0.000000e+00,0.000000e+00,0.000000e+00,0.000000e+00
1.000000e+00,0.000000e+00,0.000000e+00,0.000000e+00,0.000000e+00,0.000000e+00,0.000000e+00,0.000000e+00,0.000000e+00,0.000000e+00,0.000000e+00,0.000000e+00,0.000000e+00,0.000000e+00,0.000000e+00
1.000000e+00,0.000000e+00,0.000000e+00,0.000000e+00,0.000000e+00,0.000000e+00,0.000000e+00,0.000000e+00,0.000000e+00,0.000000e+00,0.000000e+00,0.000000e+00,0.000000e+00,0.000000e+00,0.000000e+00
1.000000e+00,0.000000e+00,0.000000e+00,0.000000e+00,0.000000e+00,0.000000e+00,0.000000e+00,0.000000e+00,0.000000e+00,0.000000e+00,0.000000e+00,0.000000e+00,0.000000e+00,0.000000e+00,0.000000e+00
1.000000e+00,0.000000e+00,0.000000e+00,0.000000e+00,0.000000e+00,0.000000e+00,0.000000e+00,0.000000e+00,0.000000e+00,0.000000e+00,0.000000e+00,0.000000e+00,0.000000e+00,0.000000e+00,0.000000e+00
1.000000e+00,0.000000e+00,0.000000e+00,0.000000e+00,0.000000e+00,0.000000e+00,0.000000e+00,0.000000e+00,0.000000e+00,0.000000e+00,0.000000e+00,0.000000e+00,0.000000e+00,0.000000e+00,0.000000e+00
1.000000e+00,0.000000e+00,0.000000e+00,0.000000e+00,0.000000e+00,0.000000e+00,0.000000e+00,0.000000e+00,0.000000e+00,0.000000e+00,0.000000e+00,0.000000e+00,0.000000e+00,0.000000e+00,0.000000e+00
1.000000e+00,0.000000e+00,0.000000e+00,0.000000e+00,0.000000e+00,0.000000e+00,0.000000e+00,0.000000e+00,0.000000e+00,0.000000e+00,0.000000e+00,0.000000e+00,0.000000e+00,0.000000e+00,0.000000e+00
1.000000e+00,0.000000e+00,0.000000e+00,0.000000e+00,0.000000e+00,0.000000e+00,0.000000e+00,0.000000e+00,0.000000e+00,0.000000e+00,0.000000e+00,0.000000e+00,0.000000e+00,0.000000e+00,0.000000e+00
1.000000e+00,0.000000e+00,0.000000e+00,0.000000e+00,0.000000e+00,0.000000e+00,0.000000e+00,0.000000e+00,0.000000e+00,0.000000e+00,0.000000e+00,0.000000e+00,0.000000e+00,0.000000e+00,0.000000e+00
1.000000e+00,0.000000e+00,0.000000e+00,0.000000e+00,0.000000e+00,0.000000e+00,0.000000e+00,0.000000e+00,0.000000e+00,0.000000e+00,0.000000e+00,0.000000e+00,0.000000e+00,0.000000e+00,0.000000e+00
1.000000e+00,0.000000e+00,0.000000e+00,0.000000e+00,0.000000e+00,0.000000e+00,0.000000e+00,0.000000e+00,0.000000e+00,0.000000e+00,0.000000e+00,0.000000e+00,0.000000e+00,0.000000e+00,0.000000e+00
1.000000e+00,0.000000e+00,0.000000e+00,0.000000e+00,0.000000e+00,0.000000e+00,0.000000e+00,0.000000e+00,0.000000e+00,0.000000e+00,0.000000e+00,0.000000e+00,0.000000e+00,0.000000e+00,0.000000e+00
1.000000e+00,0.000000e+00,0.000000e+00,0.000000e+00,0.000000e+00,0.000000e+00,0.000000e+00,0.000000e+00,0.000000e+00,0.000000e+00,0.000000e+00,0.000000e+00,0.000000e+00,0.000000e+00,0.000000e+00
1.000000e+00,0.000000e+00,0.000000e+00,0.000000e+00,0.000000e+00,0.000000e+00,0.000000e+00,0.000000e+00,0.000000e+00,0.000000e+00,0.000000e+00,0.000000e+00,0.000000e+00,0.000000e+00,0.000000e+00
1.000000e+00,0.000000e+00,0.000000e+00,0.000000e+00,0.000000e+00,0.000000e+00,0.000000e+00,0.000000e+00,0.000000e+00,0.000000e+00,0.000000e+00,0.000000e+00,0.000000e+00,0.000000e+00,0.000000e+00
1.000000e+00,0.000000e+00,0.000000e+00,0.000000e+00,0.000000e+00,0.000000e+00,0.000000e+00,0.000000e+00,0.000000e+00,0.000000e+00,0.000000e+00,0.000000e+00,0.000000e+00,0.000000e+00,0.000000e+00
1.000000e+00,0.000000e+00,0.000000e+00,0.000000e+00,0.000000e+00,0.000000e+00,0.000000e+00,0.000000e+00,0.000000e+00,0.000000e+00,0.000000e+00,0.000000e+00,0.000000e+00,0.000000e+00,0.000000e+00
4.415602e-01,1.340678e-02,5.374769e-02,5.656205e-02,7.560339e-03,1.165283e-02,6.657471e-03,3.705192e-01,3.144532e-03,1.019611e-03,4.528647e-03,8.366659e-03,9.180852e-03,1.346340e-03,1.074683e-02
3.204234e-01,9.653155e-03,4.354101e-02,4.205666e-02,7.428109e-03,1.092975e-02,6.772710e-02,4.681152e-01,2.317084e-03,7.489304e-04,3.314470e-03,6.030367e-03,8.937792e-03,9.907362e-04,7.786174e-03
2.328357e-01,7.400614e-03,3.308397e-02,3.114000e-02,1.409964e-02,3.308863e-02,1.908285e-01,4.104846e-01,1.805552e-03,7.979052e-04,2.563121e-03,4.440067e-03,3.068377e-02,7.408785e-04,6.006987e-03
1.647671e-01,5.909577e-03,2.391245e-02,2.308139e-02,1.671195e-02,4.345652e-02,1.864689e-01,3.091473e-01,2.555830e-03,1.904793e-03,2.133595e-02,4.017272e-03,1.782851e-01,6.270019e-04,1.781883e-02
1.156844e-01,4.789893e-03,1.702917e-02,1.723163e-02,1.475775e-02,3.289368e-02,2.472097e-01,2.654124e-01,6.351113e-03,2.252958e-02,2.620240e-02,2.023093e-02,1.865999e-01,3.068715e-03,2.000871e-02
8.116529e-02,3.676538e-03,1.202858e-02,1.436447e-02,1.224050e-02,2.708352e-02,2.871971e-01,1.907905e-01,5.188163e-03,1.651906e-02,2.039082e-02,3.887217e-02,2.578579e-01,3.182198e-03,2.944305e-02
5.699355e-02,2.955953e-03,8.492819e-03,1.965666e-02,1.269314e-02,3.893618e-02,2.085526e-01,1.379163e-01,5.376083e-03,1.477930e-02,2.240678e-02,3.273103e-02,3.924327e-01,2.889045e-03,4.318777e-02
4.097550e-02,4.873000e-03,6.316064e-03,2.146452e-02,1.105922e-02,4.061483e-02,1.469101e-01,9.671018e-02,4.063556e-02,1.052970e-02,1.614689e-02,3.545069e-02,4.919592e-01,2.415187e-03,3.393939e-02
2.922111e-02,3.896301e-03,4.622030e-03,1.606442e-02,8.519486e-03,5.244486e-02,1.036886e-01,6.800610e-02,2.881673e-02,7.407858e-03,1.177537e-02,4.022155e-02,5.977927e-01,1.757073e-03,2.576582e-02
2.068724e-02,2.854360e-03,3.290776e-03,1.143279e-02,6.502649e-03,4.706510e-02,7.264441e-02,4.767682e-02,2.033420e-02,5.197753e-03,8.467813e-03,3.324155e-02,7.001635e-01,1.244122e-03,1.919697e-02
1.602531e-02,2.710198e-03,2.375937e-03,8.926140e-03,4.974875e-03,7.549244e-02,5.153832e-02,3.341519e-02,1.612722e-02,3.684948e-03,6.699719e-03,5.141395e-02,7.117084e-01,9.344665e-04,1.397293e-02
1.174502e-02,2.252539e-03,1.797704e-03,7.208264e-03,4.084968e-03,1.008275e-01,3.642885e-02,2.341997e-02,1.204502e-02,2.637396e-03,6.970339e-03,6.904934e-02,7.098069e-01,6.962880e-04,1.102989e-02
1.127588e-02,1.935009e-03,1.580005e-03,6.076747e-03,3.664389e-03,1.342561e-01,2.577444e-02,1.657547e-02,9.864541e-03,2.317111e-03,2.580715e-02,8.913179e-02,6.604109e-01,1.303337e-03,1.002708e-02
8.604035e-03,1.514911e-03,1.275574e-03,4.632315e-03,3.292625e-03,1.010470e-01,1.818237e-02,1.165693e-02,7.400597e-03,1.795433e-03,2.177108e-02,2.411942e-01,5.689240e-01,1.117882e-03,7.591210e-03
6.900874e-03,1.188130e-03,1.010061e-03,3.610401e-03,3.355940e-03,7.391231e-02,1.281080e-02,8.256014e-03,7.100506e-03,1.453439e-03,1.805582e-02,3.294151e-01,5.263962e-01,9.131948e-04,5.621190e-03
7.144568e-03,2.867971e-03,1.122350e-03,2.861250e-03,4.623420e-03,6.090344e-02,9.201715e-03,5.979967e-03,1.605664e-02,1.668495e-03,1.586088e-02,3.218345e-01,5.443240e-01,9.994768e-04,4.551380e-03
7.099649e-03,4.437315e-03,1.548985e-03,2.308910e-03,1.329377e-02,4.747781e-02,6.952399e-03,4.705091e-03,2.416578e-02,1.993713e-03,1.200686e-02,3.226901e-01,5.466442e-01,8.812792e-04,3.794191e-03
7.045990e-03,1.721024e-02,3.812224e-03,1.865946e-03,2.086537e-02,3.948519e-02,5.872710e-03,4.400217e-03,4.802994e-02,1.855084e-03,9.444028e-03,3.522521e-01,4.839987e-01,8.330441e-04,3.029264e-03
6.981600e-03,4.562249e-02,1.134086e-02,2.688307e-03,2.339467e-02,6.949098e-02,6.038540e-03,8.015322e-03,7.694279e-02,2.845809e-03,7.713045e-03,3.075971e-01,4.270473e-01,1.063189e-03,3.217963e-03
6.460232e-03,1.105692e-01,1.048570e-02,2.027852e-03,1.841018e-02,1.038529e-01,5.417914e-03,7.890390e-03,1.401339e-01,2.342004e-03,5.733736e-03,2.247543e-01,3.581038e-01,1.090708e-03,2.727280e-03
1.047672e-02,9.877051e-02,1.448177e-02,1.854045e-03,4.822116e-02,1.067562e-01,2.709741e-02,7.757684e-03,1.589450e-01,1.951679e-03,4.162431e-03,1.600044e-01,3.564680e-01,8.991407e-04,2.153844e-03
1.415554e-02,8.662646e-02,3.594705e-02,5.719846e-03,1.034267e-01,1.149660e-01,3.516306e-02,1.925871e-02,1.741143e-01,2.052311e-03,3.061164e-03,1.129522e-01,2.891642e-01,7.690401e-04,2.623333e-03
2.394561e-02,9.084471e-02,2.916594e-02,5.915428e-03,8.476795e-02,1.516588e-01,2.602566e-02,1.791260e-02,2.554187e-01,1.856586e-03,2.248369e-03,7.928807e-02,2.267273e-01,5.828794e-04,3.641374e-03
4.311475e-02,1.190119e-01,2.199504e-02,6.570632e-03,7.126321e-02,1.398573e-01,2.024272e-02,2.121860e-02,3.211773e-01,2.356914e-03,1.756908e-03,5.581861e-02,1.696778e-01,4.695173e-04,5.468775e-03
6.051302e-02,9.485279e-02,1.588436e-02,6.794330e-03,6.802209e-02,1.250943e-01,1.915517e-02,1.193747e-01,3.191209e-01,1.855121e-03,1.304964e-03,3.918740e-02,1.231317e-01,3.772685e-04,5.331880e-03
8.852124e-02,7.373774e-02,1.370097e-02,6.576541e-03,6.490192e-02,9.700194e-02,4.634697e-02,1.692345e-01,3.041618e-01,1.579061e-03,1.068033e-03,2.761758e-02,9.803129e-02,3.664103e-04,7.154027e-03
1.051482e-01,6.033013e-02,1.027910e-02,5.328836e-03,5.479810e-02,7.410178e-02,1.131127e-01,1.673599e-01,3.081334e-01,1.208200e-03,8.483847e-04,1.947864e-02,7.372452e-02,3.008877e-04,5.847286e-03
8.473057e-02,4.331271e-02,9.183655e-03,4.150184e-03,4.567341e-02,5.651662e-02,3.068428e-01,1.446996e-01,2.302319e-01,9.289541e-04,7.281959e-04,1.376799e-02,5.367554e-02,2.401358e-04,5.317703e-03
6.729999e-02,3.070188e-02,6.573181e-03,3.011306e-03,3.341081e-02,4.979333e-02,4.782139e-01,1.057684e-01,1.667449e-01,7.388825e-04,6.790450e-04,9.976206e-03,4.297039e-02,1.750024e-04,3.942868e-03
5.917361e-02,2.202038e-02,4.706020e-03,2.187444e-03,2.535870e-02,4.104368e-02,5.959028e-01,7.691076e-02,1.298238e-01,5.889164e-04,5.855365e-04,7.362850e-03,3.132736e-02,1.294407e-04,2.878668e-03
8.442910e-02,1.754182e-02,3.515756e-03,1.664546e-03,1.950821e-02,4.202966e-02,6.295799e-01,5.637471e-02,1.123661e-01,5.319711e-04,6.128405e-04,5.669563e-03,2.376782e-02,1.020573e-04,2.305937e-03
1.353860e-01,1.301710e-02,2.834930e-03,1.419633e-03,1.578404e-02,5.831253e-02,6.119297e-01,4.079143e-02,9.266842e-02,4.778031e-04,6.535657e-04,5.156801e-03,1.949775e-02,9.611085e-05,1.974228e-03
1.255997e-01,1.053710e-02,2.451919e-03,1.325595e-03,1.301598e-02,6.828092e-02,6.433413e-01,2.945917e-02,7.303216e-02,4.364033e-04,9.756961e-04,4.535576e-03,2.513633e-02,7.598913e-05,1.796191e-03
1.471483e-01,8.193129e-03,2.129366e-03,1.164943e-03,1.033419e-02,6.477721e-02,6.545843e-01,2.240886e-02,5.640815e-02,3.594661e-04,1.442801e-03,4.326751e-03,2.486227e-02,7.276995e-05,1.787519e-03
1.625162e-01,6.316821e-03,1.762917e-03,1.111734e-03,8.627750e-03,5.718086e-02,6.661713e-01,1.962587e-02,4.244411e-02,2.919256e-04,1.656423e-03,4.084518e-03,2.639898e-02,6.975510e-05,1.740791e-03
1.556034e-01,4.861908e-03,1.487633e-03,9.659945e-04,6.885154e-03,5.460938e-02,6.856815e-01,1.573021e-02,3.098810e-02,2.288919e-04,2.027372e-03,3.665084e-03,3.565899e-02,6.821536e-05,1.538247e-03
1.423440e-01,3.741675e-03,1.311659e-03,8.609472e-04,5.498818e-03,4.992498e-02,7.146414e-01,1.302221e-02,2.249547e-02,1.963998e-04,2.913419e-03,4.154907e-03,3.720651e-02,1.091879e-04,1.578481e-03
1.051323e-01,3.203044e-03,1.115841e-03,1.155153e-03,5.336470e-03,6.957610e-02,6.228278e-01,1.039438e-02,1.677369e-02,5.693008e-04,1.220770e-02,1.299112e-02,1.322619e-01,4.362456e-04,6.019010e-03
7.698986e-02,2.367835e-03,8.056062e-04,9.376300e-04,4.482777e-03,6.324626e-02,4.723047e-01,7.695164e-03,1.203777e-02,6.912021e-04,1.631689e-02,1.384368e-02,3.043918e-01,5.241435e-04,2.336476e-02
5.674259e-02,1.748881e-03,6.170815e-04,8.441280e-04,3.978573e-03,5.320298e-02,3.693656e-01,5.693377e-03,8.862806e-03,8.981951e-04,2.420609e-02,1.675760e-02,4.231413e-01,6.551117e-04,3.328572e-02
4.266843e-02,1.641522e-03,8.056022e-04,1.267824e-03,9.249179e-03,4.031225e-02,3.127182e-01,4.387168e-03,1.017059e-02,3.105253e-03,2.464306e-02,2.449249e-02,4.913312e-01,2.608875e-03,3.059837e-02
3.634071e-02,1.291829e-03,8.905018e-04,1.138455e-03,9.463317e-03,3.520076e-02,2.325821e-01,3.596051e-03,8.881107e-03,3.265846e-03,2.139285e-02,5.676803e-02,5.514048e-01,3.100462e-03,3.468320e-02
2.944048e-02,1.164323e-03,1.230258e-03,9.552425e-04,8.755885e-03,3.393845e-02,1.647200e-01,2.644962e-03,8.000624e-03,2.944535e-03,1.707413e-02,6.587514e-02,6.346321e-01,3.137951e-03,2.548597e-02
3.605778e-02,1.198794e-03,1.171348e-03,8.085034e-04,8.758915e-03,2.741982e-02,1.159163e-01,2.090155e-03,1.115590e-02,3.895811e-03,1.439962e-02,7.629243e-02,6.753170e-01,3.446639e-03,2.207103e-02
4.774924e-02,1.213820e-03,1.303498e-03,7.256948e-04,8.849342e-03,2.077816e-02,8.188069e-02,1.670184e-03,1.979098e-02,7.313200e-03,1.465759e-02,8.963974e-02,6.745485e-01,4.947214e-03,2.493217e-02
8.198874e-02,4.843018e-03,4.025511e-03,1.574299e-03,1.590115e-02,1.589747e-02,5.875238e-02,5.180820e-03,9.377788e-02,1.482702e-02,1.395569e-02,8.971850e-02,5.663303e-01,4.371072e-03,2.885625e-02
8.330242e-02,1.138784e-02,1.236594e-02,2.687860e-03,2.457174e-02,2.094251e-02,4.282267e-02,1.189782e-02,1.788860e-01,2.025706e-02,1.504192e-02,1.212392e-01,4.221851e-01,4.652467e-03,2.775954e-02
9.188952e-02,2.173531e-02,2.503052e-02,3.880803e-03,3.581641e-02,2.238243e-02,3.388392e-02,1.921425e-02,2.788876e-01,2.173810e-02,1.218404e-02,9.240739e-02,3.048548e-01,3.684033e-03,3.241097e-02
6.911686e-02,3.069744e-02,4.907609e-02,2.466655e-02,3.149379e-02,2.558488e-02,2.445401e-02,1.900079e-02,3.826067e-01,1.869444e-02,9.318938e-03,6.602515e-02,2.149578e-01,2.662807e-03,3.164373e-02
6.427161e-02,2.737001e-02,4.125167e-02,2.108027e-02,3.820001e-02,9.209464e-02,2.030345e-02,2.037262e-02,4.243902e-01,1.412698e-02,7.448902e-03,4.670990e-02,1.530672e-01,1.976964e-03,2.733555e-02
5.279908e-02,2.260312e-02,3.762069e-02,1.442935e-01,4.069918e-02,7.338663e-02,1.549147e-02,5.460181e-02,3.794033e-01,1.043291e-02,5.886886e-03,3.304959e-02,1.077995e-01,1.435561e-03,2.049674e-02
6.270136e-02,2.587021e-02,2.800910e-02,1.132723e-01,6.445266e-02,1.008388e-01,1.941290e-02,6.775906e-02,3.838667e-01,7.441739e-03,4.278104e-03,2.331857e-02,7.742193e-02,1.058642e-03,2.029795e-02
5.858519e-02,3.634471e-02,2.806541e-02,1.939051e-01,7.935372e-02,8.409093e-02,2.058235e-02,1.019126e-01,2.974929e-01,5.530871e-03,3.509349e-03,1.738505e-02,5.546799e-02,8.302509e-04,1.694354e-02
9.706774e-02,4.427438e-02,3.092096e-02,1.952902e-01,7.607066e-02,7.696364e-02,1.695773e-02,1.037683e-01,2.590272e-01,7.867347e-03,3.880019e-03,1.545175e-02,4.082178e-02,9.280714e-04,3.071019e-02
1.088800e-01,4.394161e-02,3.262658e-02,1.935408e-01,8.769464e-02,7.237034e-02,1.797873e-02,1.556444e-01,2.044625e-01,7.707181e-03,3.390500e-03,1.316273e-02,3.012607e-02,8.146468e-04,2.765912e-02
2.040162e-01,4.187806e-02,3.116985e-02,1.476493e-01,1.215143e-01,5.806145e-02,1.362708e-02,1.290809e-01,1.786720e-01,6.325546e-03,3.351396e-03,1.098612e-02,2.687837e-02,1.192601e-03,2.559669e-02
1.863763e-01,6.336758e-02,2.989619e-02,2.340252e-01,1.005561e-01,4.536267e-02,1.030506e-02,9.542170e-02,1.445625e-01,1.136763e-02,6.766580e-03,1.097029e-02,2.124164e-02,1.302212e-03,3.847832e-02
1.988761e-01,5.245808e-02,4.351097e-02,2.985976e-01,7.797808e-02,3.336315e-02,7.578280e-03,7.391611e-02,1.163561e-01,1.192885e-02,1.324722e-02,1.256142e-02,2.046902e-02,1.589227e-03,3.756981e-02
2.281115e-01,4.874504e-02,3.875140e-02,2.422897e-01,5.675616e-02,2.557679e-02,5.590425e-03,5.373552e-02,1.707789e-01,3.198365e-02,1.530663e-02,1.075931e-02,1.806536e-02,4.585002e-03,4.896468e-02
2.301435e-01,4.337448e-02,2.940034e-02,1.742346e-01,4.150716e-02,1.994384e-02,4.328440e-03,3.856583e-02,1.904607e-01,5.722912e-02,1.605674e-02,8.639976e-03,1.556757e-02,8.002676e-03,1.225451e-01
2.000330e-01,4.336919e-02,3.132147e-02,1.362563e-01,3.305048e-02,1.744699e-02,3.358178e-03,2.844441e-02,2.306944e-01,5.601557e-02,1.695148e-02,7.787853e-03,1.770111e-02,3.925002e-02,1.383196e-01
1.998049e-01,3.775172e-02,3.140782e-02,1.129038e-01,2.578759e-02,1.631176e-02,2.611804e-03,2.417666e-02,2.318800e-01,7.446314e-02,1.996603e-02,6.921334e-03,2.317559e-02,5.776615e-02,1.350716e-01
2.012648e-01,3.216157e-02,3.055122e-02,8.933695e-02,1.918067e-02,1.279285e-02,1.957110e-03,1.857881e-02,2.270540e-01,1.282125e-01,1.677896e-02,6.051478e-03,2.132197e-02,7.226825e-02,1.224889e-01
2.059596e-01,2.799408e-02,2.895756e-02,6.602492e-02,1.451152e-02,1.129257e-02,1.751520e-03,1.441478e-02,1.980478e-01,9.694663e-02,1.535175e-02,6.985611e-03,2.166970e-02,1.529084e-01,1.371836e-01
1.982925e-01,2.313331e-02,2.191154e-02,4.774405e-02,1.071671e-02,1.007228e-02,1.545115e-03,1.067158e-02,1.530739e-01,7.215448e-02,1.293049e-02,6.027971e-03,1.751081e-02,2.830183e-01,1.311969e-01
2.886983e-01,2.597651e-02,1.683105e-02,3.614755e-02,1.078320e-02,1.117868e-02,1.542314e-03,8.171415e-03,1.335845e-01,5.337768e-02,1.171725e-02,6.126422e-03,1.872884e-02,2.593164e-01,1.178198e-01
3.301744e-01,2.859272e-02,1.311481e-02,2.738729e-02,1.078217e-02,1.127526e-02,1.311197e-03,6.228277e-03,1.095617e-01,4.113184e-02,9.946145e-03,5.338436e-03,1.718103e-02,2.733549e-01,1.146198e-01
2.574881e-01,2.469823e-02,1.248722e-02,2.014679e-02,8.081647e-03,8.618169e-03,1.004891e-03,4.543817e-03,9.411075e-02,3.899317e-02,8.173592e-03,4.236788e-03,1.302953e-02,3.618022e-01,1.425852e-01
1.978283e-01,2.805496e-02,1.048699e-02,1.478553e-02,6.764982e-03,6.564193e-03,8.193977e-04,3.363249e-03,9.553802e-02,4.012024e-02,7.046130e-03,3.647944e-03,1.026531e-02,4.302714e-01,1.444433e-01
1.554399e-01,4.077962e-02,9.301733e-03,1.072343e-02,6.187871e-03,6.001708e-03,6.657559e-04,2.573492e-03,1.234134e-01,4.376819e-02,5.984606e-03,2.888563e-03,8.283101e-03,4.335467e-01,1.504420e-01
1.395424e-01,8.820621e-02,2.073615e-02,8.358868e-03,1.140872e-02,7.341063e-03,7.638314e-04,3.701732e-03,1.277393e-01,4.425343e-02,4.836012e-03,2.269694e-03,6.971479e-03,3.421980e-01,1.916731e-01
1.335415e-01,9.689593e-02,2.342880e-02,6.533712e-03,1.699246e-02,7.491203e-03,7.798877e-04,4.152883e-03,1.227975e-01,4.109332e-02,4.247439e-03,1.775789e-03,5.797890e-03,2.800336e-01,2.544381e-01
1.339490e-01,8.984888e-02,2.591315e-02,2.440213e-02,1.921889e-02,6.459688e-03,8.255581e-04,4.114546e-03,1.062279e-01,3.235785e-02,3.829346e-03,2.054671e-03,5.041025e-03,1.992255e-01,3.465318e-01
1.704252e-01,8.704065e-02,4.627702e-02,3.654762e-02,2.112436e-02,6.502729e-03,1.015044e-03,6.353263e-03,1.371437e-01,2.979298e-02,3.893108e-03,2.887040e-03,5.317848e-03,1.422755e-01,3.034040e-01
1.957937e-01,1.190301e-01,4.463905e-02,3.021568e-02,5.278859e-02,8.714514e-03,1.022453e-03,1.375882e-02,1.211944e-01,2.187830e-02,3.337071e-03,2.494232e-03,6.208675e-03,1.013701e-01,2.775543e-01
2.050307e-01,1.284847e-01,4.826285e-02,1.043253e-01,4.998799e-02,1.017565e-02,1.178123e-03,1.421526e-02,1.153611e-01,1.758274e-02,4.049275e-03,6.288059e-03,5.679454e-03,7.214113e-02,2.172377e-01
2.745874e-01,1.162261e-01,4.125641e-02,1.077924e-01,4.745084e-02,1.214742e-02,1.287080e-03,1.885824e-02,1.146348e-01,1.479170e-02,3.974504e-03,6.374379e-03,6.076439e-03,5.247318e-02,1.820691e-01
3.295658e-01,1.144840e-01,4.403057e-02,8.814740e-02,4.018628e-02,1.115849e-02,1.336053e-03,2.039587e-02,1.230371e-01,1.551937e-02,4.202457e-03,5.556177e-03,6.027893e-03,3.806169e-02,1.582909e-01
4.410238e-01,9.212025e-02,3.365334e-02,6.929339e-02,4.094089e-02,1.044812e-02,1.551081e-03,1.895600e-02,1.016390e-01,1.245453e-02,5.141852e-03,7.034356e-03,8.233989e-03,2.984901e-02,1.276605e-01
3.824318e-01,1.293392e-01,2.584218e-02,1.387689e-01,3.473849e-02,1.023943e-02,1.895376e-03,1.465369e-02,8.824544e-02,1.057392e-02,4.896339e-03,8.976037e-03,7.142626e-03,2.160982e-02,1.206468e-01
3.776470e-01,1.073170e-01,3.680021e-02,1.575888e-01,2.753921e-02,1.116360e-02,2.477786e-03,1.473599e-02,7.323267e-02,9.901815e-03,6.289613e-03,1.557340e-02,8.444136e-03,1.939663e-02,1.318920e-01
3.238339e-01,8.672886e-02,4.483620e-02,1.177615e-01,2.199952e-02,1.072100e-02,2.123386e-03,1.172626e-02,7.683127e-02,1.064409e-02,7.245832e-03,1.322904e-02,7.944085e-03,3.133110e-02,2.330439e-01
2.381411e-01,6.641413e-02,3.425959e-02,8.606035e-02,1.578778e-02,8.065844e-03,1.590056e-03,8.521360e-03,1.581092e-01,1.447538e-02,8.179230e-03,1.043700e-02,7.304868e-03,2.653638e-02,3.161177e-01
1.917559e-01,5.146340e-02,3.160524e-02,6.189681e-02,1.147280e-02,8.419504e-03,1.283660e-03,6.684302e-03,1.844421e-01,5.631522e-02,1.149186e-02,8.595785e-03,8.819919e-03,8.725736e-02,2.784961e-01
1.395414e-01,3.800248e-02,2.655301e-02,4.412871e-02,8.085578e-03,7.119060e-03,9.431458e-04,4.835247e-03,2.192363e-01,5.920920e-02,1.369474e-02,7.326498e-03,9.060964e-03,8.027340e-02,3.419903e-01
9.920753e-02,2.840030e-02,2.017342e-02,3.154480e-02,5.797534e-03,5.634813e-03,7.785559e-04,4.845232e-03,2.447624e-01,7.045213e-02,2.226848e-02,6.970606e-03,1.934138e-02,6.402779e-02,3.757950e-01
6.955555e-02,2.052286e-02,1.491351e-02,2.218264e-02,4.123047e-03,4.070432e-03,5.860631e-04,3.530401e-03,2.725916e-01,7.416346e-02,1.845086e-02,5.709212e-03,1.690027e-02,4.753226e-02,4.251679e-01
4.992949e-02,1.585837e-02,1.136814e-02,1.565477e-02,2.955273e-03,3.280185e-03,4.542389e-04,2.566308e-03,2.150421e-01,9.963654e-02,1.533229e-02,5.334778e-03,1.577679e-02,3.802886e-02,5.087818e-01
3.566893e-02,1.161185e-02,9.932534e-03,1.228706e-02,4.239883e-03,2.430676e-03,7.255721e-04,4.443866e-02,1.614927e-01,7.570449e-02,5.390615e-02,4.842097e-03,2.014768e-02,3.448857e-02,5.280832e-01
2.573920e-02,9.669624e-03,3.981818e-02,2.523994e-02,1.106130e-02,2.283030e-03,7.426692e-04,3.820024e-02,1.333114e-01,5.398371e-02,4.012702e-02,3.781181e-03,1.978508e-02,2.494578e-02,5.713117e-01
2.039695e-02,9.386345e-03,3.690466e-02,1.892844e-02,2.008969e-02,6.435491e-03,8.629918e-04,3.026716e-02,1.098906e-01,4.654463e-02,2.893262e-02,2.744066e-03,1.476928e-02,2.272702e-02,6.311201e-01
1.694191e-02,1.950174e-02,3.653751e-02,2.218754e-02,3.834279e-02,1.167368e-02,1.136867e-03,3.103019e-02,1.490321e-01,3.377112e-02,2.173373e-02,2.017034e-03,1.176094e-02,1.832299e-02,5.860099e-01
1.955342e-02,2.250131e-02,5.917495e-02,1.282970e-01,7.430601e-02,2.944491e-02,1.411929e-03,3.631575e-02,1.278034e-01,2.570138e-02,1.830130e-02,1.687726e-03,9.564262e-03,1.355145e-02,4.323852e-01
1.997927e-02,2.793109e-02,8.570819e-02,2.381417e-01,7.227966e-02,2.876292e-02,1.102325e-03,5.678234e-02,1.062668e-01,1.953075e-02,1.817506e-02,1.752787e-03,7.765737e-03,1.001581e-02,3.058056e-01
2.146340e-02,3.084440e-02,1.092481e-01,2.664656e-01,6.617384e-02,2.338728e-02,8.575769e-04,5.232327e-02,1.045906e-01,1.615532e-02,5.981360e-02,2.702076e-03,1.232510e-02,8.109879e-03,2.255400e-01
4.230887e-02,2.853103e-02,8.847247e-02,2.394355e-01,7.195399e-02,2.257247e-02,8.719700e-04,4.110328e-02,1.008901e-01,1.528249e-02,1.255688e-01,1.019559e-02,3.765811e-02,8.445558e-03,1.667097e-01
8.717169e-02,2.670957e-02,7.056952e-02,2.109393e-01,6.540115e-02,1.830493e-02,9.034284e-04,3.188034e-02,8.023565e-02,4.240660e-02,1.837703e-01,1.333269e-02,3.820173e-02,8.197467e-03,1.219756e-01
9.998534e-02,2.361203e-02,5.256333e-02,1.559757e-01,5.057088e-02,1.399380e-02,8.310229e-04,2.602519e-02,7.081739e-02,6.457300e-02,2.711515e-01,1.326804e-02,5.720931e-02,1.000574e-02,8.941774e-02
9.565350e-02,1.857809e-02,3.842639e-02,1.202381e-01,4.185473e-02,1.234290e-02,9.368942e-04,2.261375e-02,6.385430e-02,7.459800e-02,3.198177e-01,2.012466e-02,9.613868e-02,9.760113e-03,6.506222e-02
1.122244e-01,1.947144e-02,2.822339e-02,9.791844e-02,3.293659e-02,1.391383e-02,1.088307e-03,1.910699e-02,5.870947e-02,9.544562e-02,3.355861e-01,3.093332e-02,9.252666e-02,1.241628e-02,4.949917e-02
1.214144e-01,1.828784e-02,2.201829e-02,7.997546e-02,2.593444e-02,2.577911e-02,1.606822e-03,2.121682e-02,5.991248e-02,7.997818e-02,3.440338e-01,6.080127e-02,8.993416e-02,1.097687e-02,3.813003e-02
1.032654e-01,2.358263e-02,1.843297e-02,7.021950e-02,2.073087e-02,2.654394e-02,1.561673e-03,1.854076e-02,1.469979e-01,6.427636e-02,3.045660e-01,7.748334e-02,8.262997e-02,8.825663e-03,3.234298e-02
7.827424e-02,2.770062e-02,2.148902e-02,6.120804e-02,1.757302e-02,2.283307e-02,1.437611e-03,1.628407e-02,2.253843e-01,5.055018e-02,2.624969e-01,1.052840e-01,7.207411e-02,1.017699e-02,2.723395e-02
6.015965e-02,3.030640e-02,4.139641e-02,4.811030e-02,1.533501e-02,1.911048e-02,1.547083e-03,1.971392e-02,2.693511e-01,4.290248e-02,2.139972e-01,1.318130e-01,6.456544e-02,1.837100e-02,2.332062e-02
5.543030e-02,2.742438e-02,3.644885e-02,3.696520e-02,1.633182e-02,1.916685e-02,2.613234e-03,2.695790e-02,2.793085e-01,5.848300e-02,1.933512e-01,1.425851e-01,5.573940e-02,2.823688e-02,2.095740e-02
4.852919e-02,2.922663e-02,3.118661e-02,2.651173e-02,2.318666e-02,1.762882e-02,2.618945e-03,2.317470e-02,3.637398e-01,7.066366e-02,1.585599e-01,1.097749e-01,5.013264e-02,2.698449e-02,1.808140e-02
4.927556e-02,2.603002e-02,2.512547e-02,2.006775e-02,2.765214e-02,1.505405e-02,3.219776e-03,2.817217e-02,3.011091e-01,1.786925e-01,1.546473e-01,8.651816e-02,4.221722e-02,2.850778e-02,1.371099e-02
4.081494e-02,2.182413e-02,2.573357e-02,2.033288e-02,4.409619e-02,1.479825e-02,3.800433e-03,4.295480e-02,4.142872e-01,1.313169e-01,1.143035e-01,6.283645e-02,3.134315e-02,2.158038e-02,9.977330e-03
5.302852e-02,3.263115e-02,2.931053e-02,1.821327e-02,4.968005e-02,1.528671e-02,4.689604e-03,3.892206e-02,4.248145e-01,1.402854e-01,9.026865e-02,5.076848e-02,2.482350e-02,1.881904e-02,8.458522e-03
5.186689e-02,3.366661e-02,2.411311e-02,1.525396e-02,6.543275e-02,1.353497e-02,5.488004e-03,2.982652e-02,4.855538e-01,1.302879e-01,6.721395e-02,3.768482e-02,1.851493e-02,1.467069e-02,6.891156e-03
5.973066e-02,3.011712e-02,2.584283e-02,1.785005e-02,1.173551e-01,1.667966e-02,1.169086e-02,3.096044e-02,4.582123e-01,1.193738e-01,5.120970e-02,2.976580e-02,1.466262e-02,1.112697e-02,5.422089e-03
6.327602e-02,2.255642e-02,2.794639e-02,4.909375e-02,1.569194e-01,1.397792e-02,1.105045e-02,7.045287e-02,4.114276e-01,8.703318e-02,3.714802e-02,2.484194e-02,1.212458e-02,7.958909e-03,4.192583e-03
5.848444e-02,2.194614e-02,2.732053e-02,3.871750e-02,1.673369e-01,1.248253e-02,1.175472e-02,1.455706e-01,3.847667e-01,6.708682e-02,2.699984e-02,1.902338e-02,9.226871e-03,5.964876e-03,3.318136e-03
4.853008e-02,1.689501e-02,2.249375e-02,2.811340e-02,1.372418e-01,9.215073e-03,9.094631e-03,3.518820e-01,2.828443e-01,4.781585e-02,1.904918e-02,1.358628e-02,6.621471e-03,4.239524e-03,2.377606e-03
3.584515e-02,1.196614e-02,1.649524e-02,1.999299e-02,1.054261e-01,6.555496e-03,6.848810e-03,5.307071e-01,2.003137e-01,3.355499e-02,1.336781e-02,9.574380e-03,4.692623e-03,2.983785e-03,1.675665e-03
2.798940e-02,8.537441e-03,1.307834e-02,1.453993e-02,7.556830e-02,5.987406e-03,5.067655e-03,6.614994e-01,1.406294e-01,2.357739e-02,9.645117e-03,6.944965e-03,3.544601e-03,2.121106e-03,1.269544e-03
2.568909e-02,6.381916e-03,1.302843e-02,1.104167e-02,5.664066e-02,7.544567e-03,4.447889e-03,7.404058e-01,9.929252e-02,1.670274e-02,7.013657e-03,5.060977e-03,4.166880e-03,1.523208e-03,1.060034e-03
4.028908e-02,5.161952e-03,1.013165e-02,8.263599e-03,4.346104e-02,2.677609e-02,7.329313e-03,7.334867e-01,7.051454e-02,1.188629e-02,5.772965e-03,4.540049e-03,3.010577e-02,1.105120e-03,1.175868e-03
3.158938e-02,3.981592e-03,8.146090e-03,8.142930e-03,3.144521e-02,4.801662e-02,1.252027e-02,5.469118e-01,5.424562e-02,9.283650e-03,1.168330e-02,2.618862e-02,1.912944e-01,8.640277e-04,1.568644e-02
2.485344e-02,3.034133e-03,5.825668e-03,7.544336e-03,2.267929e-02,4.302171e-02,3.050872e-02,3.906715e-01,4.300570e-02,1.070362e-02,1.891528e-02,5.540455e-02,3.098073e-01,1.326368e-03,3.269838e-02
1.961023e-02,2.323606e-03,4.120770e-03,6.616207e-03,1.618227e-02,3.433856e-02,3.423884e-02,2.736794e-01,3.437698e-02,1.889201e-02,2.866253e-02,6.844287e-02,3.201660e-01,1.754804e-03,1.365950e-01
1.566204e-02,1.829007e-03,2.976292e-03,5.462559e-03,1.172236e-02,3.110684e-02,5.189446e-02,1.918937e-01,3.125450e-02,1.433833e-02,2.934678e-02,2.686586e-01,2.428593e-01,1.876357e-03,9.911896e-02
1.171422e-02,1.611418e-03,2.145585e-03,3.956587e-03,8.287862e-03,2.507675e-02,3.749881e-02,1.343757e-01,2.625648e-02,1.062880e-02,2.790209e-02,4.564985e-01,1.796682e-01,2.500237e-03,7.187881e-02
8.456640e-03,1.341036e-03,1.534169e-03,2.906211e-03,5.834894e-03,1.846398e-02,2.662392e-02,9.427396e-02,2.092873e-02,7.984316e-03,3.865492e-02,5.894344e-01,1.293403e-01,3.515628e-03,5.070698e-02
6.311006e-03,2.033243e-03,1.133851e-03,2.261453e-03,4.188933e-03,1.413338e-02,1.938798e-02,6.636722e-02,2.098005e-02,7.341966e-03,8.514160e-02,6.330228e-01,9.323319e-02,7.827173e-03,3.663629e-02
4.520944e-03,1.295734e-02,9.208727e-04,1.613221e-03,3.065960e-03,1.056728e-02,1.360631e-02,4.652463e-02,3.158395e-02,5.643278e-03,2.254290e-01,5.309947e-01,6.628719e-02,1.921906e-02,2.706643e-02
3.333559e-03,1.094282e-02,7.158558e-04,1.202720e-03,2.309535e-03,7.662901e-03,9.543723e-03,3.265715e-02,3.272834e-02,4.572356e-03,2.953930e-01,5.115903e-01,4.705620e-02,2.041896e-02,1.987264e-02
2.551749e-03,9.527490e-03,6.109279e-04,1.093713e-03,2.084444e-03,5.679166e-03,6.701066e-03,2.297004e-02,4.427438e-02,4.094768e-03,2.565420e-01,5.774356e-01,3.369875e-02,1.855483e-02,1.418120e-02
1.845252e-03,6.770035e-03,5.307453e-04,1.606586e-03,8.081729e-03,4.985759e-03,5.013226e-03,1.622562e-02,3.616128e-02,3.659035e-03,3.895211e-01,4.751028e-01,2.409663e-02,1.628586e-02,1.011433e-02
1.498376e-03,5.585686e-03,1.183962e-03,1.643754e-03,1.952182e-02,6.130220e-03,4.795609e-03,1.231453e-02,4.524104e-02,3.385670e-03,3.345016e-01,5.249510e-01,1.721795e-02,1.470011e-02,7.328697e-03
1.298198e-03,4.708698e-03,1.457664e-03,1.566954e-03,3.582598e-02,4.766671e-03,3.517952e-03,9.302643e-03,5.256476e-02,2.935547e-03,2.876956e-01,5.623580e-01,1.310030e-02,1.364887e-02,5.252103e-03
1.134942e-03,6.359654e-03,1.744553e-03,1.221801e-03,5.147400e-02,3.767484e-03,2.582378e-03,6.665481e-03,4.714864e-02,2.942611e-03,2.626451e-01,5.870554e-01,9.836031e-03,1.155217e-02,3.869770e-03
1.079909e-03,9.051660e-03,3.064670e-03,9.366444e-04,1.369956e-01,3.061418e-03,2.002530e-03,5.418115e-03,4.653999e-02,3.302373e-03,2.694825e-01,4.984110e-01,7.460836e-03,1.039249e-02,2.800276e-03
1.355690e-03,8.193901e-03,3.490329e-03,1.337004e-03,2.831235e-01,9.136314e-03,2.471391e-03,3.613402e-02,3.872996e-02,2.705666e-03,2.123690e-01,3.856121e-01,5.342001e-03,8.008171e-03,1.990987e-03
2.080264e-03,8.083563e-03,3.877408e-03,2.083177e-03,3.472714e-01,1.210004e-02,3.202847e-03,9.945249e-02,3.956171e-02,2.193512e-03,1.593077e-01,3.092110e-01,3.974533e-03,6.159822e-03,1.440590e-03
4.258327e-03,1.088234e-02,3.907445e-03,2.433891e-03,3.271272e-01,5.530833e-02,3.223317e-03,8.643640e-02,1.460384e-01,1.893530e-03,1.177876e-01,2.305435e-01,3.184515e-03,5.883622e-03,1.091619e-03
1.045853e-02,1.249092e-02,6.996594e-03,3.999800e-03,3.148863e-01,9.196368e-02,4.554507e-03,9.556972e-02,1.815351e-01,2.209196e-03,9.184097e-02,1.748804e-01,2.774278e-03,4.951331e-03,8.886295e-04
2.349091e-02,1.620835e-02,1.426928e-02,6.284221e-03,2.937621e-01,7.951257e-02,4.621989e-03,8.056816e-02,2.686238e-01,3.073206e-03,7.730788e-02,1.243304e-01,2.630133e-03,4.126966e-03,1.190093e-03
2.479451e-02,1.780886e-02,3.055312e-02,2.164535e-02,2.986197e-01,8.118138e-02,6.842365e-03,6.957512e-02,2.906992e-01,4.385976e-03,5.911867e-02,8.766682e-02,2.415267e-03,3.093434e-03,1.600202e-03
2.933771e-02,1.678185e-02,2.805137e-02,3.372554e-02,2.928874e-01,7.472512e-02,6.350917e-03,5.958694e-02,3.367901e-01,4.838145e-03,4.763784e-02,6.216624e-02,2.231039e-03,2.540657e-03,2.349083e-03
3.762354e-02,1.659286e-02,2.323064e-02,3.205442e-02,2.815791e-01,6.132217e-02,5.997270e-03,6.428832e-02,3.732074e-01,5.992627e-03,4.167961e-02,4.679793e-02,2.721415e-03,2.428387e-03,4.484258e-03
4.976251e-02,1.470032e-02,1.795229e-02,3.346898e-02,2.783224e-01,4.601188e-02,5.630916e-03,8.856246e-02,3.770383e-01,8.685207e-03,3.324507e-02,3.748197e-02,2.452728e-03,2.243243e-03,4.441768e-03
8.293033e-02,1.516616e-02,1.863273e-02,3.583063e-02,2.537674e-01,3.475157e-02,1.658795e-02,9.977659e-02,3.477897e-01,1.859068e-02,2.573705e-02,3.052841e-02,1.281914e-02,2.146292e-03,4.945368e-03
7.937791e-02,1.726202e-02,5.423078e-02,1.315825e-01,1.908365e-01,2.635929e-02,1.251289e-02,1.033119e-01,2.615121e-01,4.441389e-02,2.425465e-02,2.522633e-02,1.193966e-02,2.041043e-03,1.513856e-02
1.153861e-01,1.677001e-02,4.507997e-02,1.352353e-01,1.616670e-01,2.174605e-02,1.028881e-02,1.299689e-01,2.300369e-01,3.575535e-02,2.590316e-02,2.555438e-02,2.497497e-02,2.685866e-03,1.894733e-02
1.697830e-01,1.728136e-02,4.128116e-02,1.293141e-01,1.295768e-01,1.934844e-02,1.337016e-02,1.117833e-01,1.903794e-01,3.032731e-02,3.068496e-02,2.596093e-02,6.731858e-02,2.623786e-03,2.096680e-02
2.362003e-01,1.783206e-02,4.228091e-02,1.052855e-01,1.006577e-01,1.651792e-02,1.614924e-02,9.907556e-02,1.670654e-01,2.551354e-02,2.898433e-02,2.449358e-02,7.977482e-02,3.909521e-03,3.625969e-02
