1.000000e+00,0.000000e+00,0.000000e+00,0.000000e+00,0.000000e+00,0.000000e+00,0.000000e+00,0.000000e+00,0.000000e+00,0.000000e+00,0.000000e+00,0.000000e+00,0.000000e+00,0.000000e+00,0.000000e+00
1.000000e+00,0.000000e+00,0.000000e+00,0.000000e+00,0.000000e+00,0.000000e+00,0.000000e+00,0.000000e+00,0.000000e+00,0.000000e+00,0.000000e+00,0.000000e+00,0.000000e+00,0.000000e+00,0.000000e+00
1.000000e+00,0.000000e+00,0.000000e+00,0.000000e+00,0.000000e+00,0.000000e+00,0.000000e+00,0.000000e+00,0.000000e+00,0.000000e+00,0.000000e+00,0.000000e+00,0.000000e+00,0.000000e+00,0.000000e+00
1.000000e+00,0.000000e+00,0.000000e+00,0.000000e+00,0.000000e+00,0.000000e+00,0.000000e+00,0.000000e+00,0.000000e+00,0.000000e+00,0.000000e+00,0.000000e+00,0.000000e+00,0.000000e+00,0.000000e+00
1.000000e+00,0.000000e+00,0.000000e+00,0.000000e+00,0.000000e+00,0.000000e+00,0.000000e+00,0.000000e+00,0.000000e+00,0.000000e+00,0.000000e+00,0.000000e+00,0.000000e+00,0.000000e+00,0.000000e+00
1.000000e+00,0.000000e+00,0.000000e+00,0.000000e+00,0.000000e+00,0.000000e+00,0.000000e+00,0.000000e+00,0.000000e+00,0.000000e+00,0.000000e+00,0.000000e+00,0.000000e+00,0.000000e+00,0.000000e+00
1.000000e+00,0.000000e+00,0.000000e+00,0.000000e+00,0.000000e+00,0.000000e+00,0.000000e+00,0.000000e+00,0.000000e+00,0.000000e+00,0.000000e+00,0.000000e+00,0.000000e+00,0.000000e+00,0.000000e+00
1.000000e+00,0.000000e+00,0.000000e+00,0.000000e+00,0.000000e+00,0.000000e+00,0.000000e+00,0.000000e+00,0.000000e+00,0.000000e+00,0.000000e+00,0.000000e+00,0.000000e+00,0.000000e+00,0.000000e+00
1.000000e+00,0.000000e+00,0.000000e+00,0.000000e+00,0.000000e+00,0.000000e+00,0.000000e+00,0.000000e+00,0.000000e+00,0.000000e+00,0.000000e+00,0.000000e+00,0.000000e+00,0.000000e+00,0.000000e+00
1.000000e+00,0.000000e+00,0.000000e+00,0.000000e+00,0.000000e+00,0.000000e+00,0.000000e+00,0.000000e+00,0.000000e+00,0.000000e+00,0.000000e+00,0.000000e+00,0.000000e+00,0.000000e+00,0.000000e+00
1.000000e+00,0.000000e+00,0.000000e+00,0.000000e+00,0.000000e+00,0.000000e+00,0.000000e+00,0.000000e+00,0.000000e+00,0.000000e+00,0.000000e+00,0.000000e+00,0.000000e+00,0.000000e+00,0.000000e+00
1.000000e+00,0.000000e+00,0.000000e+00,0.000000e+00,0.000000e+00,0.000000e+00,0.000000e+00,0.000000e+00,0.000000e+00,0.000000e+00,0.000000e+00,0.000000e+00,0.000000e+00,0.000000e+00,0.000000e+00
1.000000e+00,0.000000e+00,0.000000e+00,0.000000e+00,0.000000e+00,0.000000e+00,0.000000e+00,0.000000e+00,0.000000e+00,0.000000e+00,0.000000e+00,0.000000e+00,0.000000e+00,0.000000e+00,0.000000e+00
1.000000e+00,0.000000e+00,0.000000e+00,0.000000e+00,0.000000e+00,0.000000e+00,0.000000e+00,0.000000e+00,0.000000e+00,0.000000e+00,0.000000e+00,0.000000e+00,0.000000e+00,0.000000e+00,0.000000e+00
1.000000e+00,0.000000e+00,0.000000e+00,0.000000e+00,0.000000e+00,0.000000e+00,0.000000e+00,0.000000e+00,0.000000e+00,0.000000e+00,0.000000e+00,0.000000e+00,0.000000e+00,0.000000e+00,0.000000e+00
1.000000e+00,0.000000e+00,0.000000e+00,0.000000e+00,0.000000e+00,0.000000e+00,0.000000e+00,0.000000e+00,0.000000e+00,0.000000e+00,0.000000e+00,0.000000e+00,0.000000e+00,0.000000e+00,0.000000e+00
1.000000e+00,0.000000e+00,0.000000e+00,0.000000e+00,0.000000e+00,0.000000e+00,0.000000e+00,0.000000e+00,0.000000e+00,0.000000e+00,0.000000e+00,0.000000e+00,0.000000e+00,0.000000e+00,0.000000e+00
1.000000e+00,0.000000e+00,0.000000e+00,0.000000e+00,0.000000e+00,0.000000e+00,0.000000e+00,0.000000e+00,0.000000e+00,0.000000e+00,0.000000e+00,0.000000e+00,0.000000e+00,0.000000e+00,0.000000e+00
1.000000e+00,0.000000e+00,0.000000e+00,0.000000e+00,0.000000e+00,0.000000e+00,0.000000e+00,0.000000e+00,0.000000e+00,0.000000e+00,0.000000e+00,0.000000e+00,0.000000e+00,0.000000e+00,0.000000e+00
1.000000e+00,0.000000e+00,0.000000e+00,0.000000e+00,0.000000e+00,0.000000e+00,0.000000e+00,0.000000e+00,0.000000e+00,0.000000e+00,0.000000e+00,0.000000e+00,0.000000e+00,0.000000e+00,0.000000e+00
1.000000e+00,0.000000e+00,0.000000e+00,0.000000e+00,0.000000e+00,0.000000e+00,0.000000e+00,0.000000e+00,0.000000e+00,0.000000e+00,0.000000e+00,0.000000e+00,0.000000e+00,0.000000e+00,0.000000e+00
1.000000e+00,0.000000e+00,0.000000e+00,0.000000e+00,0.000000e+00,0.000000e+00,0.000000e+00,0.000000e+00,0.000000e+00,0.000000e+00,0.000000e+00,0.000000e+00,0.000000e+00,0.000000e+00,0.000000e+00
1.000000e+00,0.000000e+00,0.000000e+00,0.000000e+00,0.000000e+00,0.000000e+00,0.000000e+00,0.000000e+00,0.000000e+00,0.000000e+00,0.000000e+00,0.000000e+00,0.000000e+00,0.000000e+00,0.000000e+00
1.000000e+00,0.000000e+00,0.000000e+00,0.000000e+00,0.000000e+00,0.000000e+00,0.000000e+00,0.000000e+00,0.000000e+00,0.000000e+00,0.000000e+00,0.000000e+00,0.000000e+00,0.000000e+00,0.000000e+00
1.000000e+00,0.000000e+00,0.000000e+00,0.000000e+00,0.000000e+00,0.000000e+00,0.000000e+00,0.000000e+00,0.000000e+00,0.000000e+00,0.000000e+00,0.000000e+00,0.000000e+00,0.000000e+00,0.000000e+00
1.000000e+00,0.000000e+00,0.000000e+00,0.000000e+00,0.000000e+00,0.000000e+00,0.000000e+00,0.000000e+00,0.000000e+00,0.000000e+00,0.000000e+00,0.000000e+00,0.000000e+00,0.000000e+00,0.000000e+00
1.000000e+00,0.000000e+00,0.000000e+00,0.000000e+00,0.000000e+00,0.000000e+00,0.000000e+00,0.000000e+00,0.000000e+00,0.000000e+00,0.000000e+00,0.000000e+00,0.000000e+00,0.000000e+00,0.000000e+00
1.000000e+00,0.000000e+00,0.000000e+00,0.000000e+00,0.000000e+00,0.000000e+00,0.000000e+00,0.000000e+00,0.000000e+00,0.000000e+00,0.000000e+00,0.000000e+00,0.000000e+00,0.000000e+00,0.000000e+00
1.000000e+00,0.000000e+00,0.000000e+00,0.000000e+00,0.000000e+00,0.000000e+00,0.000000e+00,0.000000e+00,0.000000e+00,0.000000e+00,0.000000e+00,0.000000e+00,0.000000e+00,0.000000e+00,0.000000e+00
1.000000e+00,0.000000e+00,0.000000e+00,0.000000e+00,0.000000e+00,0.000000e+00,0.000000e+00,0.000000e+00,0.000000e+00,0.000000e+00,0.000000e+00,0.000000e+00,0.000000e+00,0.000000e+00,0.000000e+00
1.000000e+00,0.000000e+00,0.000000e+00,0.000000e+00,0.000000e+00,0.000000e+00,0.000000e+00,0.000000e+00,0.000000e+00,0.000000e+00,0.000000e+00,0.000000e+00,0.000000e+00,0.000000e+00,0.000000e+00
1.000000e+00,0.000000e+00,0.000000e+00,0.000000e+00,0.000000e+00,0.000000e+00,0.000000e+00,0.000000e+00,0.000000e+00,0.000000e+00,0.000000e+00,0.000000e+00,0.000000e+00,0.000000e+00,0.000000e+00
1.000000e+00,0.000000e+00,0.000000e+00,0.000000e+00,0.000000e+00,0.000000e+00,0.000000e+00,0.000000e+00,0.000000e+00,0.000000e+00,0.000000e+00,0.000000e+00,0.000000e+00,0.000000e+00,0.000000e+00
1.000000e+00,0.000000e+00,0.000000e+00,0.000000e+00,0.000000e+00,0.000000e+00,0.000000e+00,0.000000e+00,0.000000e+00,0.000000e+00,0.000000e+00,0.000000e+00,0.000000e+00,0.000000e+00,0.000000e+00
1.000000e+00,0.000000e+00,0.000000e+00,0.000000e+00,0.000000e+00,0.000000e+00,0.000000e+00,0.000000e+00,0.000000e+00,0.000000e+00,0.000000e+00,0.000000e+00,0.000000e+00,0.000000e+00,0.000000e+00
1.000000e+00,0.000000e+00,0.000000e+00,0.000000e+00,0.000000e+00,0.000000e+00,0.000000e+00,0.000000e+00,0.000000e+00,0.000000e+00,0.000000e+00,0.000000e+00,0.000000e+00,0.000000e+00,0.000000e+00
1.000000e+00,0.000000e+00,0.000000e+00,0.000000e+00,0.000000e+00,0.000000e+00,0.000000e+00,0.000000e+00,0.000000e+00,0.000000e+00,0.000000e+00,0.000000e+00,0.000000e+00,0.000000e+00,0.000000e+00
1.000000e+00,0.000000e+00,0.000000e+00,0.000000e+00,0.000000e+00,0.000000e+00,0.000000e+00,0.000000e+00,0.000000e+00,0.000000e+00,0.000000e+00,0.000000e+00,0.000000e+00,0.000000e+00,0.000000e+00
1.000000e+00,0.000000e+00,0.000000e+00,0.000000e+00,0.000000e+00,0.000000e+00,0.000000e+00,0.000000e+00,0.000000e+00,0.000000e+00,0.000000e+00,0.000000e+00,0.000000e+00,0.000000e+00,0.000000e+00
1.000000e+00,0.000000e+00,0.000000e+00,0.000000e+00,0.000000e+00,0.000000e+00,0.000000e+00,0.000000e+00,0.000000e+00,0.000000e+00,0.000000e+00,0.000000e+00,0.000000e+00,0.000000e+00,0.000000e+00
1.000000e+00,0.000000e+00,0.000000e+00,0.000000e+00,0.000000e+00,0.000000e+00,0.000000e+00,0.000000e+00,0.000000e+00,0.000000e+00,0.000000e+00,0.000000e+00,0.000000e+00,0.000000e+00,0.000000e+00
1.000000e+00,0.000000e+00,0.000000e+00,0.000000e+00,0.000000e+00,0.000000e+00,0.000000e+00,0.000000e+00,0.000000e+00,0.000000e+00,0.000000e+00,0.000000e+00,0.000000e+00,0.000000e+00,0.000000e+00
1.000000e+00,0.000000e+00,0.000000e+00,0.000000e+00,0.000000e+00,0.000000e+00,0.000000e+00,0.000000e+00,0.000000e+00,0.000000e+00,0.000000e+00,0.000000e+00,0.000000e+00,0.000000e+00,0.000000e+00
1.000000e+00,0.000000e+00,0.000000e+00,0.000000e+00,0.000000e+00,0.000000e+00,0.000000e+00,0.000000e+00,0.000000e+00,0.000000e+00,0.000000e+00,0.000000e+00,0.000000e+00,0.000000e+00,0.000000e+00
1.000000e+00,0.000000e+00,0.000000e+00,0.000000e+00,0.000000e+00,0.000000e+00,0.000000e+00,0.000000e+00,0.000000e+00,0.000000e+00,0.000000e+00,0.000000e+00,0.000000e+00,0.000000e+00,0.000000e+00
1.000000e+00,0.000000e+00,0.000000e+00,0.000000e+00,0.000000e+00,0.000000e+00,0.000000e+00,0.000000e+00,0.000000e+00,0.000000e+00,0.000000e+00,0.000000e+00,0.000000e+00,0.000000e+00,0.000000e+00
1.000000e+00,0.000000e+00,0.000000e+00,0.000000e+00,0.000000e+00,0.000000e+00,0.000000e+00,0.000000e+00,0.000000e+00,0.000000e+00,0.000000e+00,0.000000e+00,0.000000e+00,0.000000e+00,0.000000e+00
1.000000e+00,0.000000e+00,0.000000e+00,0.000000e+00,0.000000e+00,0.000000e+00,0.000000e+00,0.000000e+00,0.000000e+00,0.000000e+00,0.000000e+00,0.000000e+00,0.000000e+00,0.000000e+00,0.000000e+00
1.000000e+00,0.000000e+00,0.000000e+00,0.000000e+00,0.000000e+00,0.000000e+00,0.000000e+00,0.000000e+00,0.000000e+00,0.000000e+00,0.000000e+00,0.000000e+00,0.000000e+00,0.000000e+00,0.000000e+00
1.000000e+00,0.000000e+00,0.000000e+00,0.000000e+00,0.000000e+00,0.000000e+00,0.000000e+00,0.000000e+00,0.000000e+00,0.000000e+00,0.000000e+00,0.000000e+00,0.000000e+00,0.000000e+00,0.000000e+00
1.000000e+00,0.000000e+00,0.000000e+00,0.000000e+00,0.000000e+00,0.000000e+00,0.000000e+00,0.000000e+00,0.000000e+00,0.000000e+00,0.000000e+00,0.000000e+00,0.000000e+00,0.000000e+00,0.000000e+00
1.000000e+00,0.000000e+00,0.000000e+00,0.000000e+00,0.000000e+00,0.000000e+00,0.000000e+00,0.000000e+00,0.000000e+00,0.000000e+00,0.000000e+00,0.000000e+00,0.000000e+00,0.000000e+00,0.000000e+00
1.000000e+00,0.000000e+00,0.000000e+00,0.000000e+00,0.000000e+00,0.000000e+00,0.000000e+00,0.000000e+00,0.000000e+00,0.000000e+00,0.000000e+00,0.000000e+00,0.000000e+00,0.000000e+00,0.000000e+00
1.000000e+00,0.000000e+00,0.000000e+00,0.000000e+00,0.000000e+00,0.000000e+00,0.000000e+00,0.000000e+00,0.000000e+00,0.000000e+00,0.000000e+00,0.000000e+00,0.000000e+00,0.000000e+00,0.000000e+00
1.000000e+00,0.000000e+00,0.000000e+00,0.000000e+00,0.000000e+00,0.000000e+00,0.000000e+00,0.000000e+00,0.000000e+00,0.000000e+00,0.000000e+00,0.000000e+00,0.000000e+00,0.000000e+00,0.000000e+00
1.000000e+00,0.000000e+00,0.000000e+00,0.000000e+00,0.000000e+00,0.000000e+00,0.000000e+00,0.000000e+00,0.000000e+00,0.000000e+00,0.000000e+00,0.000000e+00,0.000000e+00,0.000000e+00,0.000000e+00
1.000000e+00,0.000000e+00,0.000000e+00,0.000000e+00,0.000000e+00,0.000000e+00,0.000000e+00,0.000000e+00,0.000000e+00,0.000000e+00,0.000000e+00,0.000000e+00,0.000000e+00,0.000000e+00,0.000000e+00
1.000000e+00,0.000000e+00,0.000000e+00,0.000000e+00,0.000000e+00,0.000000e+00,0.000000e+00,0.000000e+00,0.000000e+00,0.000000e+00,0.000000e+00,0.000000e+00,0.000000e+00,0.000000e+00,0.000000e+00
1.000000e+00,0.000000e+00,0.000000e+00,0.000000e+00,0.000000e+00,0.000000e+00,0.000000e+00,0.000000e+00,0.000000e+00,0.000000e+00,0.000000e+00,0.000000e+00,0.000000e+00,0.000000e+00,0.000000e+00
1.000000e+00,0.000000e+00,0.000000e+00,0.000000e+00,0.000000e+00,0.000000e+00,0.000000e+00,0.000000e+00,0.000000e+00,0.000000e+00,0.000000e+00,0.000000e+00,0.000000e+00,0.000000e+00,0.000000e+00
1.000000e+00,0.000000e+00,0.000000e+00,0.000000e+00,0.000000e+00,0.000000e+00,0.000000e+00,0.000000e+00,0.000000e+00,0.000000e+00,0.000000e+00,0.000000e+00,0.000000e+00,0.000000e+00,0.000000e+00
4.921529e-01,9.522159e-03,8.600849e-02,5.693048e-02,4.933940e-03,1.346800e-02,5.996049e-03,2.932765e-01,3.135898e-03,7.869647e-04,5.122150e-03,1.011481e-02,9.604672e-03,1.389286e-03,7.557805e-03
3.978810e-01,7.215855e-03,1.326499e-01,5.066605e-02,4.043710e-03,1.287075e-02,8.625297e-03,3.550143e-01,2.410261e-03,6.572942e-04,4.156270e-03,7.939139e-03,8.277197e-03,1.295446e-03,6.297565e-03
3.146288e-01,5.318771e-03,1.390479e-01,4.006849e-02,3.199677e-03,1.112673e-02,8.836598e-03,4.535099e-01,1.777506e-03,5.145431e-04,3.306170e-03,6.067928e-03,6.585766e-03,1.122026e-03,4.889143e-03
2.235707e-01,3.800306e-03,1.103801e-01,2.996784e-02,2.636604e-03,8.195004e-03,7.236090e-03,5.965664e-01,1.270184e-03,4.138435e-04,2.392322e-03,4.346603e-03,4.850790e-03,8.521449e-04,3.520970e-03
1.632099e-01,2.783462e-03,8.865710e-02,2.400228e-02,3.063807e-03,6.997763e-03,9.285970e-03,6.878717e-01,1.070421e-03,4.693945e-04,1.909023e-03,3.216149e-03,4.125146e-03,6.777991e-04,2.660105e-03
1.200267e-01,2.006412e-03,7.431065e-02,2.032386e-02,3.517517e-03,5.524491e-03,1.115051e-02,7.523468e-01,8.041996e-04,4.331082e-04,1.489448e-03,2.336736e-03,3.264612e-03,5.106162e-04,1.954335e-03
8.764980e-02,1.468315e-03,5.547131e-02,1.472530e-02,5.037693e-03,5.358310e-03,5.891007e-02,7.623560e-01,6.189835e-04,3.956079e-04,1.132503e-03,1.790926e-03,3.187911e-03,4.088957e-04,1.488327e-03
6.700651e-02,1.076904e-03,4.092112e-02,1.070320e-02,6.823467e-03,4.997964e-03,8.021495e-02,7.807909e-01,4.722631e-04,3.657635e-04,8.928936e-04,1.431291e-03,2.822781e-03,3.259964e-04,1.153932e-03
5.298991e-02,7.912858e-04,3.046699e-02,7.839822e-03,1.044121e-02,4.955673e-03,9.856008e-02,7.873522e-01,3.744451e-04,3.919861e-04,7.793615e-04,1.352808e-03,2.552468e-03,2.627027e-04,8.889734e-04
4.987721e-02,7.231518e-04,2.378842e-02,6.042945e-03,1.457104e-02,5.310661e-03,1.107597e-01,7.820473e-01,3.813176e-04,5.344982e-04,7.478661e-04,1.494272e-03,2.510337e-03,2.605770e-04,9.505925e-04
5.745509e-02,8.684366e-04,2.073579e-02,5.409193e-03,2.244771e-02,6.246397e-03,1.096835e-01,7.684482e-01,4.574879e-04,1.170188e-03,8.691731e-04,1.913675e-03,2.698466e-03,3.089629e-04,1.287665e-03
1.065727e-01,1.205974e-03,1.740081e-02,4.795931e-03,3.319140e-02,6.160646e-03,1.170479e-01,7.016643e-01,8.679449e-04,1.587034e-03,9.428828e-04,3.015485e-03,3.333713e-03,3.471858e-04,1.865990e-03
1.588557e-01,1.666834e-03,1.538737e-02,4.457281e-03,3.091331e-02,7.326882e-03,1.487756e-01,6.165266e-01,1.030104e-03,2.594879e-03,1.057898e-03,4.255043e-03,3.810811e-03,4.665851e-04,2.875027e-03
2.292376e-01,1.970824e-03,1.452531e-02,3.960668e-03,2.501363e-02,1.372875e-02,2.257034e-01,4.632706e-01,1.438539e-03,2.786579e-03,1.267115e-03,7.348769e-03,4.971054e-03,5.940948e-04,4.182916e-03
2.687797e-01,1.851009e-03,1.406895e-02,3.609514e-03,1.987809e-02,2.149820e-02,3.032016e-01,3.417003e-01,1.551376e-03,2.340721e-03,1.191298e-03,9.974703e-03,5.287384e-03,5.684858e-04,4.498669e-03
2.366558e-01,1.580386e-03,1.127651e-02,2.965456e-03,1.540632e-02,2.685809e-02,4.310828e-01,2.508929e-01,1.398775e-03,1.886590e-03,1.043741e-03,9.165269e-03,5.020626e-03,4.928789e-04,4.273796e-03
1.978111e-01,1.276659e-03,8.419912e-03,2.586252e-03,1.195034e-02,3.261313e-02,5.324873e-01,1.900153e-01,1.211543e-03,1.513092e-03,9.210957e-04,7.557593e-03,7.133625e-03,3.992728e-04,4.103772e-03
1.762938e-01,1.106802e-03,6.409416e-03,2.469368e-03,1.015276e-02,3.557537e-02,5.742218e-01,1.693494e-01,1.068310e-03,1.222067e-03,8.176935e-04,6.515800e-03,1.035625e-02,3.483635e-04,4.092693e-03
1.466281e-01,9.693701e-04,4.798907e-03,2.262663e-03,8.355785e-03,3.566023e-02,6.164123e-01,1.588009e-01,8.731468e-04,9.317412e-04,6.760677e-04,5.205600e-03,1.451377e-02,2.776427e-04,3.633656e-03
1.335664e-01,1.325280e-03,3.759299e-03,4.030285e-03,7.942713e-03,6.712858e-02,5.750861e-01,1.537712e-01,1.097467e-03,7.678796e-04,9.365890e-04,6.302195e-03,3.963509e-02,2.987536e-04,4.352055e-03
1.135893e-01,1.890306e-03,3.424000e-03,5.886287e-03,6.326759e-03,1.814578e-01,4.652767e-01,1.130363e-01,1.692087e-03,8.483172e-04,3.198801e-03,1.713940e-02,7.836715e-02,4.585037e-04,7.408229e-03
8.015679e-02,1.425065e-03,2.420501e-03,4.374175e-03,4.526306e-03,1.681192e-01,3.282113e-01,7.930459e-02,1.313151e-03,6.632864e-04,2.430079e-03,1.235576e-02,3.074552e-01,3.293718e-04,6.915235e-03
5.636391e-02,1.084641e-03,1.707968e-03,3.306995e-03,3.228208e-03,1.264533e-01,2.314397e-01,5.560943e-02,1.066151e-03,4.997007e-04,1.827956e-03,8.827943e-03,5.023852e-01,2.331285e-04,5.965751e-03
3.964026e-02,7.765886e-04,1.211349e-03,2.355842e-03,2.322272e-03,8.952157e-02,1.633626e-01,3.895506e-02,8.038503e-04,3.734052e-04,1.343029e-03,6.429493e-03,6.482040e-01,1.674511e-04,4.533232e-03
2.793478e-02,5.627953e-04,8.547702e-04,1.659194e-03,1.751265e-03,6.344358e-02,1.156958e-01,2.730767e-02,6.525877e-04,2.900103e-04,9.878150e-04,5.609071e-03,7.495731e-01,1.199488e-04,3.557658e-03
1.973339e-02,4.161677e-04,6.014048e-04,1.169213e-03,1.276805e-03,4.528201e-02,8.176765e-02,1.914334e-02,4.994006e-04,2.356198e-04,7.600692e-04,5.053431e-03,8.213197e-01,8.516487e-05,2.656560e-03
1.398642e-02,5.292755e-04,4.620327e-04,8.242395e-04,1.087560e-03,3.247520e-02,5.776271e-02,1.342326e-02,7.685674e-04,3.271561e-04,7.335608e-04,6.792669e-03,8.681633e-01,7.759390e-05,2.586348e-03
9.997322e-03,5.750574e-04,4.094295e-04,5.851285e-04,1.129868e-03,2.349111e-02,4.092921e-02,9.422582e-03,9.360345e-04,3.861065e-04,7.494665e-04,8.401558e-03,9.001152e-01,8.174192e-05,2.790145e-03
7.107894e-03,4.723551e-04,3.439070e-04,4.137476e-04,1.240802e-03,1.664685e-02,2.874332e-02,6.609720e-03,9.878606e-04,4.145385e-04,6.521955e-04,1.076695e-02,9.220593e-01,7.833692e-05,3.462175e-03
5.353360e-03,3.929310e-04,3.511357e-04,3.092537e-04,1.735166e-03,1.455456e-02,2.040895e-02,4.721615e-03,9.674618e-04,5.114555e-04,9.228906e-04,1.255727e-02,9.341789e-01,1.616386e-04,2.873289e-03
4.293846e-03,3.052938e-04,3.219897e-04,2.952185e-04,2.295468e-03,2.877798e-02,1.483022e-02,3.601208e-03,1.035018e-03,7.293372e-04,1.614944e-03,1.311728e-02,9.262934e-01,1.839772e-04,2.304718e-03
3.952653e-03,4.400109e-04,1.825215e-03,3.300693e-04,3.951476e-03,3.869564e-02,1.070934e-02,3.052357e-03,1.050924e-03,2.164747e-03,3.663690e-03,1.536919e-02,9.121404e-01,4.111737e-04,2.242995e-03
5.330559e-03,4.200171e-04,1.892708e-03,7.293815e-04,5.666205e-03,8.511473e-02,8.210397e-03,3.441318e-03,1.372908e-03,2.777783e-03,7.054607e-03,3.536972e-02,8.401842e-01,5.711449e-04,1.864263e-03
1.001600e-02,7.555548e-04,6.307771e-03,1.678261e-03,4.541486e-03,2.375510e-01,6.082811e-03,2.469433e-03,7.884940e-03,4.492248e-03,7.493405e-03,5.648105e-02,6.505342e-01,7.175304e-04,2.994205e-03
8.696376e-03,6.762948e-04,4.773420e-03,2.191816e-03,3.566321e-03,1.732084e-01,4.349812e-03,1.979614e-03,8.263402e-03,4.329843e-03,1.474715e-02,1.236905e-01,6.461278e-01,9.934844e-04,2.405628e-03
7.118364e-03,5.880856e-04,5.234406e-03,3.078214e-03,1.459081e-02,1.238060e-01,4.866289e-03,2.908710e-03,3.359035e-02,4.510586e-03,2.659125e-02,1.419477e-01,6.279595e-01,9.262265e-04,2.283487e-03
1.640392e-02,2.280986e-03,1.511386e-02,2.555757e-02,6.938493e-02,9.475268e-02,9.078432e-03,1.785897e-02,5.357632e-02,9.724464e-03,3.805860e-02,1.238611e-01,5.093286e-01,2.194561e-03,1.282497e-02
1.846895e-02,2.694716e-03,1.218354e-02,3.460762e-02,9.353621e-02,7.705124e-02,8.114308e-03,1.463891e-02,7.164758e-02,1.180479e-02,5.979701e-02,1.193862e-01,4.554892e-01,2.775949e-03,1.780377e-02
1.645080e-02,2.185399e-03,8.910723e-03,2.593157e-02,7.253607e-02,6.484101e-02,5.978816e-03,1.064836e-02,6.985538e-02,1.267559e-02,9.500888e-02,1.860118e-01,4.116818e-01,2.621908e-03,1.466183e-02
1.197120e-02,1.880890e-03,1.373801e-02,1.901709e-02,6.264196e-02,4.579009e-02,4.799176e-03,2.644239e-02,7.615830e-02,1.010043e-02,1.265016e-01,1.918249e-01,3.954864e-01,1.973906e-03,1.167361e-02
8.915905e-03,1.548382e-03,7.562194e-02,1.393070e-02,4.863377e-02,3.222733e-02,3.490335e-03,9.731668e-02,6.102927e-02,7.218966e-03,1.137014e-01,1.528436e-01,3.735984e-01,1.412509e-03,8.510815e-03
7.898150e-03,3.191222e-03,2.279146e-01,2.166957e-02,6.596497e-02,2.486218e-02,2.871380e-03,7.655428e-02,1.018416e-01,5.472544e-03,8.221779e-02,1.079767e-01,2.634700e-01,1.034927e-03,7.060021e-03
9.132877e-03,9.190131e-03,1.996398e-01,1.794581e-02,6.787683e-02,2.019296e-02,2.366707e-03,5.682583e-02,2.801442e-01,4.080579e-03,6.141726e-02,7.707505e-02,1.880370e-01,7.541544e-04,5.320824e-03
1.011049e-02,1.036198e-02,1.864040e-01,8.194220e-02,7.195719e-02,1.806234e-02,2.019810e-03,4.247369e-02,3.361272e-01,3.319100e-03,4.520670e-02,5.445459e-02,1.325684e-01,5.951941e-04,4.397142e-03
1.106069e-02,8.696657e-03,1.612635e-01,2.171528e-01,6.124798e-02,1.535813e-02,1.705699e-03,3.221610e-02,2.587623e-01,3.860947e-03,6.155020e-02,4.216873e-02,1.197806e-01,8.019793e-04,4.373636e-03
8.795695e-03,6.652734e-03,1.247704e-01,2.297503e-01,4.859404e-02,1.320196e-02,1.430231e-03,2.324055e-02,1.836122e-01,6.773290e-03,1.796480e-01,3.622173e-02,1.289359e-01,1.033663e-03,7.339349e-03
8.610600e-03,5.645019e-03,8.907049e-02,2.052588e-01,3.598969e-02,9.937133e-03,1.088945e-03,1.773595e-02,1.366596e-01,7.093530e-03,2.830611e-01,2.900783e-02,1.634769e-01,1.249398e-03,6.115094e-03
6.719044e-03,4.411291e-03,6.288122e-02,1.497292e-01,2.635071e-02,9.472263e-03,9.105417e-04,1.359894e-02,1.075503e-01,9.137066e-03,3.278148e-01,3.194743e-02,2.428210e-01,1.369629e-03,5.286597e-03
6.548611e-03,3.897886e-03,4.472299e-02,1.122235e-01,2.004338e-02,1.261892e-02,9.511228e-04,1.025536e-02,9.509113e-02,1.164273e-02,2.895836e-01,6.144249e-02,3.233953e-01,1.712917e-03,5.870166e-03
1.025516e-02,3.784787e-03,3.475964e-02,9.229979e-02,2.055536e-02,1.107058e-02,1.828307e-03,1.047937e-02,1.112030e-01,2.319904e-02,2.576328e-01,6.919602e-02,3.446514e-01,1.964954e-03,7.119771e-03
1.441436e-02,3.431195e-03,2.517429e-02,7.261638e-02,2.694077e-02,9.537307e-03,2.196349e-03,9.230183e-03,1.070048e-01,2.081044e-02,2.575150e-01,7.002517e-02,3.698653e-01,3.182304e-03,8.056216e-03
1.831654e-02,6.072947e-03,1.974930e-02,5.853530e-02,2.925987e-02,9.708559e-03,2.054538e-03,9.772927e-03,1.285635e-01,1.841383e-02,2.259763e-01,8.875119e-02,3.733098e-01,4.618675e-03,6.896798e-03
1.971021e-02,8.167158e-03,1.516235e-02,4.423210e-02,2.492169e-02,8.554274e-03,1.654413e-03,8.246321e-03,1.512613e-01,2.052278e-02,1.886262e-01,1.706719e-01,3.285712e-01,3.983576e-03,5.714604e-03
1.833920e-02,1.074523e-02,1.187135e-02,3.292375e-02,1.917688e-02,7.056025e-03,1.267916e-03,9.562790e-03,1.777307e-01,1.762579e-02,1.574754e-01,2.399972e-01,2.881754e-01,3.653939e-03,4.398454e-03
1.872759e-02,1.437170e-02,9.632125e-03,2.490832e-02,1.523594e-02,5.680690e-03,9.937721e-04,1.022835e-02,1.995734e-01,1.713666e-02,1.462231e-01,2.607849e-01,2.680872e-01,3.679566e-03,4.736682e-03
3.412107e-02,1.611038e-02,8.453956e-03,1.873605e-02,1.945291e-02,5.472824e-03,1.150411e-03,1.271202e-02,2.241328e-01,1.974754e-02,1.456858e-01,2.665627e-01,2.174599e-01,6.027538e-03,4.174120e-03
4.375989e-02,1.470240e-02,7.737767e-03,1.429584e-02,1.554439e-02,5.259618e-03,9.752178e-04,1.306526e-02,1.861902e-01,1.697468e-02,1.306756e-01,3.788534e-01,1.625362e-01,5.731765e-03,3.697675e-03
4.754488e-02,1.308698e-02,6.256984e-03,1.081546e-02,1.304115e-02,5.063157e-03,9.332070e-04,1.400026e-02,1.509550e-01,1.510804e-02,1.221103e-01,4.687400e-01,1.246480e-01,4.685657e-03,3.010863e-03
5.378848e-02,1.686662e-02,1.368889e-02,9.284085e-03,1.682934e-02,7.240316e-03,2.262458e-03,3.865837e-02,1.447443e-01,1.767641e-02,1.187786e-01,4.546416e-01,9.738456e-02,4.971664e-03,3.184294e-03
1.075762e-01,1.719259e-02,1.666436e-02,8.964738e-03,3.714059e-02,2.344354e-02,1.211148e-02,5.460160e-02,1.215067e-01,4.556044e-02,1.201425e-01,3.527369e-01,7.179116e-02,7.478767e-03,3.088420e-03
1.533627e-01,1.946190e-02,2.269296e-02,1.169476e-02,4.611343e-02,2.539302e-02,2.002911e-02,7.165451e-02,1.000781e-01,7.022920e-02,1.172412e-01,2.754535e-01,5.366469e-02,9.009002e-03,3.921942e-03
1.926665e-01,2.085353e-02,2.044274e-02,1.067691e-02,7.286434e-02,2.569967e-02,1.764047e-02,5.392909e-02,1.388350e-01,7.130205e-02,1.150026e-01,2.042603e-01,3.975622e-02,9.907784e-03,6.162656e-03
1.795699e-01,2.720948e-02,3.117830e-02,1.179548e-02,1.494395e-01,2.286479e-02,1.734534e-02,4.657212e-02,1.693588e-01,5.645515e-02,8.866017e-02,1.539106e-01,3.111047e-02,8.684581e-03,5.845306e-03
1.930926e-01,3.540248e-02,3.159241e-02,1.440231e-02,1.527311e-01,1.793852e-02,1.376367e-02,3.448623e-02,1.737461e-01,9.205171e-02,8.657739e-02,1.131903e-01,2.544991e-02,9.864671e-03,5.710544e-03
1.841108e-01,3.277232e-02,2.940389e-02,3.288684e-02,1.798170e-01,1.934569e-02,1.363039e-02,3.163306e-02,1.587463e-01,1.173414e-01,7.211362e-02,9.047822e-02,2.170791e-02,9.468701e-03,6.543861e-03
1.935449e-01,2.953624e-02,2.666718e-02,4.236215e-02,2.068242e-01,2.015490e-02,1.249824e-02,2.669714e-02,1.606617e-01,1.122244e-01,5.968677e-02,7.154270e-02,1.768021e-02,1.232007e-02,7.599236e-03
1.743883e-01,2.719305e-02,2.700461e-02,1.122924e-01,2.210519e-01,1.895057e-02,1.348808e-02,4.766239e-02,1.248238e-01,9.760132e-02,4.592408e-02,6.038143e-02,1.399023e-02,9.104029e-03,6.143774e-03
1.398927e-01,1.987215e-02,2.143876e-02,8.712813e-02,1.940530e-01,1.802891e-02,1.989494e-01,5.461822e-02,9.304398e-02,7.370140e-02,3.305026e-02,4.391276e-02,1.105611e-02,6.669377e-03,4.584888e-03
1.532138e-01,1.511905e-02,1.828593e-02,7.180969e-02,1.569834e-01,1.464731e-02,2.982213e-01,5.035564e-02,6.900705e-02,7.309473e-02,2.483460e-02,3.479807e-02,1.023516e-02,4.943248e-03,4.451037e-03
1.344852e-01,1.114334e-02,1.314550e-02,5.251489e-02,1.652227e-01,1.109402e-02,3.817030e-01,4.087127e-02,5.439849e-02,7.202472e-02,1.867536e-02,2.613392e-02,9.344981e-03,4.060710e-03,5.181813e-03
1.104786e-01,8.163999e-03,9.398174e-03,3.773188e-02,1.382177e-01,9.191921e-03,4.898035e-01,3.114380e-02,4.248071e-02,6.630703e-02,1.574305e-02,2.386284e-02,8.360672e-03,3.401388e-03,5.714687e-03
1.546683e-01,7.009360e-03,6.911889e-03,2.956643e-02,1.294057e-01,8.668283e-03,4.807437e-01,2.346723e-02,4.777246e-02,4.906861e-02,1.484447e-02,2.810902e-02,1.162132e-02,2.825409e-03,5.317806e-03
1.867956e-01,8.508539e-03,5.274231e-03,2.701532e-02,1.276689e-01,1.080369e-02,4.553702e-01,1.708514e-02,4.597350e-02,4.862342e-02,1.400164e-02,3.039880e-02,1.186748e-02,3.447661e-03,7.165828e-03
2.672823e-01,2.151583e-02,7.316902e-03,2.452124e-02,1.043168e-01,2.183803e-02,3.641401e-01,1.244280e-02,4.191192e-02,3.814238e-02,2.886755e-02,3.007578e-02,1.204344e-02,7.073991e-03,1.851093e-02
2.873154e-01,1.990026e-02,8.533346e-03,2.007537e-02,8.932205e-02,6.594790e-02,3.358594e-01,9.306468e-03,3.312532e-02,3.043331e-02,3.082101e-02,2.798699e-02,1.542508e-02,7.021649e-03,1.892646e-02
2.910015e-01,1.751276e-02,1.300463e-02,1.852868e-02,7.580745e-02,1.377982e-01,2.744096e-01,7.287584e-03,2.881026e-02,2.907145e-02,3.647960e-02,2.745436e-02,1.515996e-02,7.493412e-03,2.018062e-02
3.886455e-01,1.733765e-02,1.694043e-02,1.967061e-02,5.918701e-02,1.167351e-01,2.245142e-01,6.406500e-03,2.384606e-02,2.536807e-02,3.356280e-02,2.563473e-02,1.409904e-02,7.040687e-03,2.101161e-02
4.765276e-01,1.587728e-02,1.603258e-02,1.640666e-02,4.405548e-02,1.038957e-01,1.780877e-01,5.606493e-03,1.990574e-02,1.968457e-02,3.662699e-02,2.160186e-02,1.514484e-02,1.089726e-02,1.964914e-02
4.683837e-01,1.948468e-02,3.304625e-02,2.146553e-02,3.929331e-02,9.003729e-02,1.473189e-01,5.760465e-03,2.426179e-02,2.148408e-02,6.235947e-02,2.107276e-02,1.337019e-02,1.208531e-02,2.057629e-02
4.977880e-01,1.905141e-02,2.816487e-02,1.932360e-02,3.129147e-02,7.673848e-02,1.164723e-01,5.723880e-03,2.575471e-02,1.990267e-02,9.274346e-02,2.094206e-02,1.195464e-02,1.246097e-02,2.168755e-02
4.616651e-01,2.168717e-02,2.664830e-02,1.762308e-02,2.443774e-02,1.408737e-01,8.452673e-02,5.163419e-03,2.327174e-02,1.759855e-02,9.521841e-02,2.247958e-02,1.114830e-02,1.662919e-02,3.102898e-02
3.261077e-01,4.129351e-02,2.357924e-02,2.829662e-02,1.965494e-02,1.580933e-01,6.004556e-02,4.663117e-03,6.048635e-02,2.802344e-02,1.417353e-01,2.722757e-02,2.390878e-02,1.458779e-02,4.229680e-02
2.295832e-01,4.525150e-02,2.035284e-02,2.482994e-02,1.405763e-02,1.982404e-01,4.218556e-02,3.588101e-03,7.909381e-02,3.765993e-02,1.561475e-01,2.956371e-02,2.240334e-02,1.493314e-02,8.210932e-02
1.610619e-01,4.171267e-02,1.483198e-02,1.824301e-02,9.993092e-03,1.547926e-01,2.959096e-02,2.561789e-03,6.288827e-02,3.299332e-02,2.538238e-01,6.170293e-02,1.824536e-02,2.714275e-02,1.104155e-01
1.128922e-01,3.101023e-02,1.071560e-02,1.299733e-02,7.236340e-03,1.160291e-01,2.080013e-02,1.928644e-03,5.756407e-02,3.421226e-02,2.712568e-01,7.966869e-02,1.628463e-02,5.739783e-02,1.700062e-01
7.926941e-02,2.330123e-02,7.667280e-03,9.186681e-03,5.662697e-03,8.431595e-02,1.463481e-02,1.417744e-03,6.907061e-02,3.292728e-02,2.323199e-01,7.943641e-02,1.853841e-02,5.899857e-02,2.832530e-01
5.666243e-02,2.308620e-02,2.252496e-02,7.890134e-03,5.975578e-03,6.367049e-02,1.097614e-02,1.557886e-03,8.544686e-02,2.812620e-02,1.704194e-01,5.915852e-02,1.704358e-02,5.155545e-02,3.959062e-01
3.997903e-02,3.856101e-02,1.765254e-02,5.707436e-03,5.243656e-03,4.643163e-02,7.826176e-03,1.598287e-03,1.023623e-01,2.666540e-02,1.246049e-01,4.335561e-02,1.451232e-02,5.962173e-02,4.658780e-01
2.825673e-02,2.046342e-01,1.550318e-02,5.409655e-03,5.134786e-03,3.564980e-02,5.532973e-03,3.482806e-03,1.458843e-01,1.946135e-02,8.893018e-02,3.072768e-02,1.075015e-02,4.398381e-02,3.566584e-01
2.001441e-02,2.540420e-01,1.123786e-02,4.686584e-03,5.288211e-03,3.642501e-02,3.889211e-03,3.303710e-03,2.453648e-01,1.400489e-02,6.290250e-02,2.164391e-02,1.023456e-02,3.127590e-02,2.756865e-01
1.420172e-02,3.371153e-01,1.052197e-02,2.661122e-02,8.878937e-03,3.605404e-02,2.763162e-03,4.034591e-03,2.592457e-01,1.027477e-02,4.448616e-02,1.521980e-02,9.248577e-03,2.211234e-02,1.992317e-01
1.072810e-02,3.768979e-01,9.322506e-03,4.456449e-02,3.485399e-02,2.935129e-02,2.439302e-03,4.806463e-03,2.698538e-01,7.437624e-03,3.145067e-02,1.074558e-02,8.350975e-03,1.558828e-02,1.436090e-01
7.995664e-03,3.376813e-01,8.166064e-03,1.489477e-01,3.402291e-02,2.377781e-02,1.933039e-03,7.179185e-03,2.709793e-01,5.635812e-03,2.291976e-02,7.649936e-03,1.011191e-02,1.098907e-02,1.020105e-01
7.580297e-03,3.180443e-01,7.437090e-03,1.588187e-01,3.623078e-02,2.224348e-02,1.631923e-03,1.114216e-02,3.125481e-01,4.493440e-03,2.242726e-02,6.095118e-03,9.766723e-03,7.931307e-03,7.360937e-02
1.020760e-02,2.400159e-01,2.238027e-02,1.789622e-01,6.519957e-02,2.876553e-02,8.858528e-03,1.360478e-02,3.017096e-01,1.591461e-02,2.204277e-02,5.417736e-03,1.479112e-02,6.497940e-03,6.563184e-02
2.979280e-02,1.877640e-01,2.317482e-02,1.689292e-01,6.128285e-02,3.074814e-02,1.268890e-02,1.525476e-02,3.359532e-01,1.539959e-02,2.994481e-02,1.215103e-02,1.741167e-02,6.570791e-03,5.293347e-02
3.717152e-02,1.380996e-01,2.134454e-02,1.765880e-01,5.420459e-02,2.921994e-02,1.331017e-02,1.487138e-02,2.768985e-01,3.911057e-02,8.171482e-02,2.091337e-02,4.725678e-02,7.464334e-03,4.183191e-02
3.168069e-02,1.013956e-01,1.667331e-02,2.042773e-01,4.661033e-02,2.560762e-02,1.181457e-02,1.173937e-02,2.348502e-01,6.763028e-02,1.098837e-01,3.052254e-02,6.235033e-02,1.221433e-02,3.274982e-02
2.744174e-02,7.575269e-02,1.224282e-02,1.522615e-01,4.432463e-02,1.899668e-02,8.896254e-03,8.472099e-03,1.990678e-01,5.780000e-02,1.642803e-01,6.854568e-02,6.809121e-02,6.967904e-02,2.414765e-02
3.080984e-02,5.556580e-02,9.460689e-03,1.097209e-01,3.716663e-02,1.526111e-02,6.800914e-03,6.700590e-03,1.471820e-01,4.506658e-02,3.101510e-01,6.592163e-02,5.135733e-02,9.009681e-02,1.873814e-02
2.814813e-02,3.956478e-02,7.063961e-03,7.903689e-02,2.754899e-02,1.213247e-02,4.928765e-03,5.117457e-03,1.076467e-01,3.431084e-02,4.450504e-01,6.858259e-02,3.726282e-02,8.908688e-02,1.451829e-02
2.890010e-02,2.823067e-02,5.300743e-03,5.564730e-02,2.101038e-02,1.119196e-02,3.652586e-03,3.955550e-03,7.852578e-02,2.469402e-02,5.563874e-01,6.231602e-02,2.657619e-02,8.312745e-02,1.048392e-02
2.397525e-02,2.083282e-02,4.227095e-03,3.904554e-02,1.597586e-02,1.008515e-02,2.822506e-03,3.141874e-03,5.827327e-02,1.783913e-02,6.216058e-01,6.273107e-02,1.891951e-02,9.287207e-02,7.653105e-03
2.157903e-02,1.505851e-02,1.129441e-02,2.770405e-02,1.438087e-02,2.954043e-02,2.680120e-03,5.034736e-03,4.386607e-02,1.300330e-02,6.623334e-01,5.737930e-02,1.358974e-02,7.679136e-02,5.764755e-03
1.577006e-02,1.067648e-02,8.115541e-03,1.964310e-02,1.422202e-02,2.237904e-02,2.077926e-03,3.767919e-03,3.125212e-02,9.396596e-03,7.394544e-01,4.344484e-02,1.027616e-02,6.534475e-02,4.179141e-03
1.305172e-02,7.794986e-03,6.071956e-03,1.391761e-02,2.091196e-02,1.947752e-02,1.800237e-03,2.888385e-03,2.225412e-02,7.687087e-03,7.815832e-01,3.247608e-02,8.372047e-03,5.852726e-02,3.185929e-03
1.015716e-02,6.044524e-03,2.233113e-02,1.013208e-02,6.136897e-02,1.764680e-02,2.833458e-03,4.924781e-03,1.664015e-02,8.217759e-03,7.430525e-01,2.522924e-02,6.484832e-03,6.214959e-02,2.787123e-03
7.948644e-03,5.294446e-03,1.935009e-02,7.249745e-03,6.576478e-02,1.723881e-02,2.505257e-03,4.306743e-03,1.475200e-02,1.087177e-02,7.499962e-01,2.211882e-02,5.713093e-03,6.463659e-02,2.253073e-03
7.047905e-03,2.200053e-02,1.994653e-02,5.199583e-03,8.131440e-02,3.957919e-02,2.356322e-03,3.574504e-03,2.123035e-02,1.507973e-02,6.888653e-01,2.363515e-02,5.118880e-03,6.255545e-02,2.496239e-03
5.592982e-03,1.756357e-02,1.499088e-02,3.691281e-03,6.009167e-02,2.950816e-02,1.900162e-03,3.052791e-03,2.545768e-02,1.733555e-02,7.331107e-01,2.403642e-02,4.225167e-03,5.743032e-02,2.012696e-03
6.164336e-03,1.779503e-02,4.224918e-02,4.919704e-03,7.065809e-02,4.733530e-02,5.182812e-03,1.942484e-02,3.606508e-02,3.171320e-02,6.319879e-01,2.308081e-02,3.433516e-03,5.821030e-02,1.779995e-03
5.516869e-03,1.430078e-02,3.608223e-02,5.510250e-03,5.361154e-02,3.953286e-02,8.412516e-03,2.676572e-02,3.413943e-02,2.652808e-02,6.774064e-01,2.106821e-02,2.813250e-03,4.686641e-02,1.445464e-03
5.497110e-03,1.597467e-02,2.648618e-02,4.246984e-03,3.868591e-02,3.278806e-02,6.455679e-03,2.137619e-02,4.940935e-02,2.073583e-02,7.223601e-01,1.747667e-02,2.464034e-03,3.448737e-02,1.555904e-03
1.132530e-02,2.425631e-02,2.234688e-02,5.782585e-03,3.279274e-02,2.609140e-02,4.668930e-03,3.689148e-02,6.383825e-02,2.227076e-02,6.944127e-01,1.820435e-02,2.828337e-03,3.151414e-02,2.775819e-03
2.913573e-02,2.918622e-02,2.601672e-02,1.729168e-02,4.077604e-02,2.207478e-02,3.859704e-03,1.205928e-01,8.239425e-02,2.710549e-02,5.497761e-01,1.519869e-02,4.307155e-03,2.931857e-02,2.966072e-03
3.135757e-02,2.500454e-02,3.367940e-02,3.168465e-02,3.598945e-02,1.779748e-02,2.888336e-03,2.928826e-01,6.878806e-02,2.355279e-02,3.932260e-01,1.157045e-02,5.079395e-03,2.377447e-02,2.724799e-03
4.638404e-02,4.701563e-02,4.195410e-02,4.018705e-02,3.567420e-02,2.210653e-02,2.267539e-03,2.857566e-01,7.670321e-02,3.054687e-02,3.217522e-01,9.483098e-03,4.531952e-03,2.988863e-02,5.748271e-03
5.661377e-02,9.157260e-02,6.618550e-02,4.936140e-02,3.549451e-02,2.081688e-02,1.828740e-03,2.558706e-01,8.581379e-02,2.717409e-02,2.612119e-01,7.598989e-03,3.930991e-03,2.845950e-02,8.066695e-03
7.846069e-02,1.382902e-01,7.376675e-02,4.406681e-02,3.494377e-02,3.088180e-02,1.878034e-03,2.010144e-01,1.208914e-01,2.406650e-02,2.020252e-01,6.696554e-03,3.315060e-03,2.993842e-02,9.764411e-03
7.328679e-02,1.874824e-01,6.178074e-02,3.985241e-02,3.705496e-02,5.938482e-02,1.827412e-03,1.589014e-01,1.609008e-01,2.049589e-02,1.551724e-01,5.658589e-03,2.753492e-03,2.555171e-02,9.896288e-03
7.347257e-02,2.679632e-01,5.027907e-02,3.150064e-02,3.801792e-02,5.741678e-02,1.898301e-03,1.314178e-01,1.691432e-01,1.670123e-02,1.211219e-01,4.861523e-03,2.398601e-03,2.506824e-02,8.739005e-03
8.716844e-02,3.079455e-01,4.086886e-02,2.406652e-02,3.700510e-02,4.415371e-02,4.083336e-03,1.138697e-01,1.832736e-01,1.591460e-02,9.158793e-02,4.643719e-03,2.734943e-03,3.494627e-02,7.737899e-03
1.010882e-01,3.454480e-01,3.163328e-02,1.798019e-02,3.284173e-02,3.364920e-02,6.811663e-03,1.038695e-01,1.924594e-01,1.354098e-02,6.801490e-02,4.325089e-03,2.826401e-03,3.784582e-02,7.665651e-03
1.933341e-01,2.782595e-01,2.868185e-02,1.578299e-02,2.766977e-02,3.229048e-02,1.276260e-02,9.606598e-02,1.780939e-01,1.437454e-02,5.060016e-02,9.682799e-03,4.825670e-03,4.542484e-02,1.215089e-02
2.215662e-01,2.065835e-01,2.294347e-02,1.924479e-02,2.285908e-02,6.317788e-02,1.942904e-02,7.397765e-02,1.512067e-01,1.517562e-02,4.254949e-02,1.815188e-02,6.219555e-02,3.658008e-02,2.435906e-02
1.964766e-01,1.521981e-01,1.651932e-02,1.852518e-02,1.846718e-02,6.056732e-02,1.510230e-02,5.346508e-02,1.143815e-01,1.222884e-02,3.168305e-02,1.460216e-02,2.461799e-01,2.589668e-02,2.370678e-02
1.695212e-01,1.094093e-01,1.180948e-02,1.624866e-02,1.396547e-02,4.806600e-02,1.138387e-02,3.814959e-02,8.272038e-02,9.087299e-03,2.274884e-02,1.212144e-02,4.166951e-01,1.826433e-02,1.980904e-02
1.304053e-01,7.751383e-02,8.484812e-03,1.251384e-02,1.037579e-02,3.840289e-02,9.122958e-03,2.696227e-02,5.918765e-02,6.630590e-03,1.620337e-02,1.023845e-02,5.654634e-01,1.284170e-02,1.565309e-02
9.379144e-02,5.466098e-02,6.001709e-03,9.275482e-03,7.852828e-03,3.166752e-02,6.660319e-03,1.898544e-02,4.196252e-02,4.750961e-03,1.197642e-02,1.031841e-02,6.804909e-01,9.015129e-03,1.259000e-02
6.725725e-02,3.945942e-02,4.448685e-03,6.707612e-03,5.737712e-03,2.400926e-02,4.969842e-03,1.336580e-02,3.009384e-02,3.582000e-03,9.522363e-03,1.451341e-02,7.484770e-01,6.457214e-03,2.139859e-02
4.975880e-02,2.811909e-02,3.182466e-03,4.987985e-03,4.213057e-03,2.199097e-02,3.780993e-03,9.453136e-03,2.213730e-02,3.005886e-03,8.404029e-03,1.828048e-02,7.917790e-01,4.599385e-03,2.630743e-02
3.560708e-02,2.074662e-02,2.372351e-03,3.613732e-03,3.123756e-03,1.829119e-02,2.776641e-03,6.658125e-03,2.118214e-02,3.229480e-03,1.011899e-02,1.994794e-02,7.160280e-01,3.445521e-03,1.328584e-01
2.533357e-02,1.572213e-02,1.955663e-03,2.620441e-03,2.321613e-03,1.498988e-02,2.052842e-03,4.694644e-03,1.821996e-02,4.815741e-03,1.230881e-02,1.964120e-02,6.488948e-01,2.549791e-03,2.238790e-01
1.830511e-02,1.271687e-02,1.811036e-03,1.937260e-03,1.704939e-03,3.957712e-02,1.452177e-03,3.327275e-03,1.496831e-02,8.109182e-03,1.458576e-02,2.092543e-02,5.724456e-01,2.205271e-03,2.859287e-01
1.347173e-02,1.012520e-02,1.758163e-03,1.800692e-03,1.286247e-03,5.305368e-02,1.051541e-03,3.451740e-03,3.297197e-02,2.556537e-02,1.988520e-02,3.340130e-02,4.373151e-01,1.849434e-03,3.630126e-01
1.031600e-02,9.220684e-03,4.512225e-03,2.881645e-03,1.343290e-03,4.474263e-02,7.972550e-04,2.339265e-02,1.137235e-01,7.104851e-02,2.291438e-02,4.186047e-02,3.356153e-01,1.540332e-03,3.160911e-01
7.431411e-03,8.730111e-03,3.209097e-03,2.194094e-03,1.105230e-03,3.206412e-02,5.669651e-04,1.653540e-02,3.382730e-01,5.108994e-02,1.671552e-02,3.123552e-02,2.360365e-01,1.110314e-03,2.537027e-01
5.290481e-03,7.079958e-03,2.255528e-03,1.617832e-03,9.461475e-04,2.331014e-02,4.092711e-04,1.159084e-02,5.282149e-01,3.591705e-02,1.195002e-02,2.246743e-02,1.655972e-01,7.810523e-04,1.825721e-01
3.790925e-03,6.812624e-03,1.598981e-03,1.923061e-03,1.285630e-03,1.887118e-02,3.315775e-04,8.159375e-03,6.561379e-01,2.573103e-02,9.013474e-03,1.633428e-02,1.165460e-01,5.506598e-04,1.329132e-01
2.843359e-03,9.326763e-03,1.720474e-03,4.764923e-02,1.879247e-03,1.615407e-02,3.223093e-04,7.350686e-03,6.958957e-01,1.974821e-02,6.855008e-03,1.167698e-02,8.212893e-02,3.940531e-04,9.605502e-02
3.247504e-03,9.628076e-03,1.664367e-03,3.839967e-02,4.290081e-03,1.687440e-02,3.093153e-03,1.562966e-02,7.380967e-01,1.434799e-02,5.371740e-03,8.401876e-03,6.639881e-02,2.935499e-04,7.426241e-02
5.766187e-03,8.417998e-03,1.781343e-03,2.786819e-02,7.457349e-03,4.966928e-02,1.205279e-02,4.150797e-02,7.219461e-01,1.022175e-02,4.074037e-03,5.977867e-03,4.869060e-02,2.671265e-04,5.430140e-02
1.750671e-02,7.183913e-03,1.931640e-03,2.328425e-02,1.584289e-02,6.561938e-02,1.220573e-02,4.876917e-02,7.189571e-01,7.370943e-03,3.138348e-03,4.292304e-03,3.515864e-02,2.210893e-04,3.851786e-02
