1.000000e+00,0.000000e+00,0.000000e+00,0.000000e+00,0.000000e+00,0.000000e+00,0.000000e+00,0.000000e+00,0.000000e+00,0.000000e+00,0.000000e+00,0.000000e+00,0.000000e+00,0.000000e+00,0.000000e+00
1.000000e+00,0.000000e+00,0.000000e+00,0.000000e+00,0.000000e+00,0.000000e+00,0.000000e+00,0.000000e+00,0.000000e+00,0.000000e+00,0.000000e+00,0.000000e+00,0.000000e+00,0.000000e+00,0.000000e+00
1.000000e+00,0.000000e+00,0.000000e+00,0.000000e+00,0.000000e+00,0.000000e+00,0.000000e+00,0.000000e+00,0.000000e+00,0.000000e+00,0.000000e+00,0.000000e+00,0.000000e+00,0.000000e+00,0.000000e+00
1.000000e+00,0.000000e+00,0.000000e+00,0.000000e+00,0.000000e+00,0.000000e+00,0.000000e+00,0.000000e+00,0.000000e+00,0.000000e+00,0.000000e+00,0.000000e+00,0.000000e+00,0.000000e+00,0.000000e+00
1.000000e+00,0.000000e+00,0.000000e+00,0.000000e+00,0.000000e+00,0.000000e+00,0.000000e+00,0.000000e+00,0.000000e+00,0.000000e+00,0.000000e+00,0.000000e+00,0.000000e+00,0.000000e+00,0.000000e+00
1.000000e+00,0.000000e+00,0.000000e+00,0.000000e+00,0.000000e+00,0.000000e+00,0.000000e+00,0.000000e+00,0.000000e+00,0.000000e+00,0.000000e+00,0.000000e+00,0.000000e+00,0.000000e+00,0.000000e+00
1.000000e+00,0.000000e+00,0.000000e+00,0.000000e+00,0.000000e+00,0.000000e+00,0.000000e+00,0.000000e+00,0.000000e+00,0.000000e+00,0.000000e+00,0.000000e+00,0.000000e+00,0.000000e+00,0.000000e+00
1.000000e+00,0.000000e+00,0.000000e+00,0.000000e+00,0.000000e+00,0.000000e+00,0.000000e+00,0.000000e+00,0.000000e+00,0.000000e+00,0.000000e+00,0.000000e+00,0.000000e+00,0.000000e+00,0.000000e+00
1.000000e+00,0.000000e+00,0.000000e+00,0.000000e+00,0.000000e+00,0.000000e+00,0.000000e+00,0.000000e+00,0.000000e+00,0.000000e+00,0.000000e+00,0.000000e+00,0.000000e+00,0.000000e+00,0.000000e+00
1.000000e+00,0.000000e+00,0.000000e+00,0.000000e+00,0.000000e+00,0.000000e+00,0.000000e+00,0.000000e+00,0.000000e+00,0.000000e+00,0.000000e+00,0.000000e+00,0.000000e+00,0.000000e+00,0.000000e+00
1.000000e+00,0.000000e+00,0.000000e+00,0.000000e+00,0.000000e+00,0.000000e+00,0.000000e+00,0.000000e+00,0.000000e+00,0.000000e+00,0.000000e+00,0.000000e+00,0.000000e+00,0.000000e+00,0.000000e+00
1.000000e+00,0.000000e+00,0.000000e+00,0.000000e+00,0.000000e+00,0.000000e+00,0.000000e+00,0.000000e+00,0.000000e+00,0.000000e+00,0.000000e+00,0.000000e+00,0.000000e+00,0.000000e+00,0.000000e+00
1.000000e+00,0.000000e+00,0.000000e+00,0.000000e+00,0.000000e+00,0.000000e+00,0.000000e+00,0.000000e+00,0.000000e+00,0.000000e+00,0.000000e+00,0.000000e+00,0.000000e+00,0.000000e+00,0.000000e+00
1.000000e+00,0.000000e+00,0.000000e+00,0.000000e+00,0.000000e+00,0.000000e+00,0.000000e+00,0.000000e+00,0.000000e+00,0.000000e+00,0.000000e+00,0.000000e+00,0.000000e+00,0.000000e+00,0.000000e+00
1.000000e+00,0.000000e+00,0.000000e+00,0.000000e+00,0.000000e+00,0.000000e+00,0.000000e+00,0.000000e+00,0.000000e+00,0.000000e+00,0.000000e+00,0.000000e+00,0.000000e+00,0.000000e+00,0.000000e+00
1.000000e+00,0.000000e+00,0.000000e+00,0.000000e+00,0.000000e+00,0.000000e+00,0.000000e+00,0.000000e+00,0.000000e+00,0.000000e+00,0.000000e+00,0.000000e+00,0.000000e+00,0.000000e+00,0.000000e+00
1.000000e+00,0.000000e+00,0.000000e+00,0.000000e+00,0.000000e+00,0.000000e+00,0.000000e+00,0.000000e+00,0.000000e+00,0.000000e+00,0.000000e+00,0.000000e+00,0.000000e+00,0.000000e+00,0.000000e+00
1.000000e+00,0.000000e+00,0.000000e+00,0.000000e+00,0.000000e+00,0.000000e+00,0.000000e+00,0.000000e+00,0.000000e+00,0.000000e+00,0.000000e+00,0.000000e+00,0.000000e+00,0.000000e+00,0.000000e+00
1.000000e+00,0.000000e+00,0.000000e+00,0.000000e+00,0.000000e+00,0.000000e+00,0.000000e+00,0.000000e+00,0.000000e+00,0.000000e+00,0.000000e+00,0.000000e+00,0.000000e+00,0.000000e+00,0.000000e+00
1.000000e+00,0.000000e+00,0.000000e+00,0.000000e+00,0.000000e+00,0.000000e+00,0.000000e+00,0.000000e+00,0.000000e+00,0.000000e+00,0.000000e+00,0.000000e+00,0.000000e+00,0.000000e+00,0.000000e+00
1.000000e+00,0.000000e+00,0.000000e+00,0.000000e+00,0.000000e+00,0.000000e+00,0.000000e+00,0.000000e+00,0.000000e+00,0.000000e+00,0.000000e+00,0.000000e+00,0.000000e+00,0.000000e+00,0.000000e+00
1.000000e+00,0.000000e+00,0.000000e+00,0.000000e+00,0.000000e+00,0.000000e+00,0.000000e+00,0.000000e+00,0.000000e+00,0.000000e+00,0.000000e+00,0.000000e+00,0.000000e+00,0.000000e+00,0.000000e+00
1.000000e+00,0.000000e+00,0.000000e+00,0.000000e+00,0.000000e+00,0.000000e+00,0.000000e+00,0.000000e+00,0.000000e+00,0.000000e+00,0.000000e+00,0.000000e+00,0.000000e+00,0.000000e+00,0.000000e+00
1.000000e+00,0.000000e+00,0.000000e+00,0.000000e+00,0.000000e+00,0.000000e+00,0.000000e+00,0.000000e+00,0.000000e+00,0.000000e+00,0.000000e+00,0.000000e+00,0.000000e+00,0.000000e+00,0.000000e+00
1.000000e+00,0.000000e+00,0.000000e+00,0.000000e+00,0.000000e+00,0.000000e+00,0.000000e+00,0.000000e+00,0.000000e+00,0.000000e+00,0.000000e+00,0.000000e+00,0.000000e+00,0.000000e+00,0.000000e+00
1.000000e+00,0.000000e+00,0.000000e+00,0.000000e+00,0.000000e+00,0.000000e+00,0.000000e+00,0.000000e+00,0.000000e+00,0.000000e+00,0.000000e+00,0.000000e+00,0.000000e+00,0.000000e+00,0.000000e+00
1.000000e+00,0.000000e+00,0.000000e+00,0.000000e+00,0.000000e+00,0.000000e+00,0.000000e+00,0.000000e+00,0.000000e+00,0.000000e+00,0.000000e+00,0.000000e+00,0.000000e+00,0.000000e+00,0.000000e+00
1.000000e+00,0.000000e+00,0.000000e+00,0.000000e+00,0.000000e+00,0.000000e+00,0.000000e+00,0.000000e+00,0.000000e+00,0.000000e+00,0.000000e+00,0.000000e+00,0.000000e+00,0.000000e+00,0.000000e+00
1.000000e+00,0.000000e+00,0.000000e+00,0.000000e+00,0.000000e+00,0.000000e+00,0.000000e+00,0.000000e+00,0.000000e+00,0.000000e+00,0.000000e+00,0.000000e+00,0.000000e+00,0.000000e+00,0.000000e+00
1.000000e+00,0.000000e+00,0.000000e+00,0.000000e+00,0.000000e+00,0.000000e+00,0.000000e+00,0.000000e+00,0.000000e+00,0.000000e+00,0.000000e+00,0.000000e+00,0.000000e+00,0.000000e+00,0.000000e+00
1.000000e+00,0.000000e+00,0.000000e+00,0.000000e+00,0.000000e+00,0.000000e+00,0.000000e+00,0.000000e+00,0.000000e+00,0.000000e+00,0.000000e+00,0.000000e+00,0.000000e+00,0.000000e+00,0.000000e+00
1.000000e+00,0.000000e+00,0.000000e+00,0.000000e+00,0.000000e+00,0.000000e+00,0.000000e+00,0.000000e+00,0.000000e+00,0.000000e+00,0.000000e+00,0.000000e+00,0.000000e+00,0.000000e+00,0.000000e+00
1.000000e+00,0.000000e+00,0.000000e+00,0.000000e+00,0.000000e+00,0.000000e+00,0.000000e+00,0.000000e+00,0.000000e+00,0.000000e+00,0.000000e+00,0.000000e+00,0.000000e+00,0.000000e+00,0.000000e+00
1.000000e+00,0.000000e+00,0.000000e+00,0.000000e+00,0.000000e+00,0.000000e+00,0.000000e+00,0.000000e+00,0.000000e+00,0.000000e+00,0.000000e+00,0.000000e+00,0.000000e+00,0.000000e+00,0.000000e+00
1.000000e+00,0.000000e+00,0.000000e+00,0.000000e+00,0.000000e+00,0.000000e+00,0.000000e+00,0.000000e+00,0.000000e+00,0.000000e+00,0.000000e+00,0.000000e+00,0.000000e+00,0.000000e+00,0.000000e+00
1.000000e+00,0.000000e+00,0.000000e+00,0.000000e+00,0.000000e+00,0.000000e+00,0.000000e+00,0.000000e+00,0.000000e+00,0.000000e+00,0.000000e+00,0.000000e+00,0.000000e+00,0.000000e+00,0.000000e+00
1.000000e+00,0.000000e+00,0.000000e+00,0.000000e+00,0.000000e+00,0.000000e+00,0.000000e+00,0.000000e+00,0.000000e+00,0.000000e+00,0.000000e+00,0.000000e+00,0.000000e+00,0.000000e+00,0.000000e+00
1.000000e+00,0.000000e+00,0.000000e+00,0.000000e+00,0.000000e+00,0.000000e+00,0.000000e+00,0.000000e+00,0.000000e+00,0.000000e+00,0.000000e+00,0.000000e+00,0.000000e+00,0.000000e+00,0.000000e+00
1.000000e+00,0.000000e+00,0.000000e+00,0.000000e+00,0.000000e+00,0.000000e+00,0.000000e+00,0.000000e+00,0.000000e+00,0.000000e+00,0.000000e+00,0.000000e+00,0.000000e+00,0.000000e+00,0.000000e+00
1.000000e+00,0.000000e+00,0.000000e+00,0.000000e+00,0.000000e+00,0.000000e+00,0.000000e+00,0.000000e+00,0.000000e+00,0.000000e+00,0.000000e+00,0.000000e+00,0.000000e+00,0.000000e+00,0.000000e+00
1.000000e+00,0.000000e+00,0.000000e+00,0.000000e+00,0.000000e+00,0.000000e+00,0.000000e+00,0.000000e+00,0.000000e+00,0.000000e+00,0.000000e+00,0.000000e+00,0.000000e+00,0.000000e+00,0.000000e+00
1.000000e+00,0.000000e+00,0.000000e+00,0.000000e+00,0.000000e+00,0.000000e+00,0.000000e+00,0.000000e+00,0.000000e+00,0.000000e+00,0.000000e+00,0.000000e+00,0.000000e+00,0.000000e+00,0.000000e+00
1.000000e+00,0.000000e+00,0.000000e+00,0.000000e+00,0.000000e+00,0.000000e+00,0.000000e+00,0.000000e+00,0.000000e+00,0.000000e+00,0.000000e+00,0.000000e+00,0.000000e+00,0.000000e+00,0.000000e+00
1.000000e+00,0.000000e+00,0.000000e+00,0.000000e+00,0.000000e+00,0.000000e+00,0.000000e+00,0.000000e+00,0.000000e+00,0.000000e+00,0.000000e+00,0.000000e+00,0.000000e+00,0.000000e+00,0.000000e+00
1.000000e+00,0.000000e+00,0.000000e+00,0.000000e+00,0.000000e+00,0.000000e+00,0.000000e+00,0.000000e+00,0.000000e+00,0.000000e+00,0.000000e+00,0.000000e+00,0.000000e+00,0.000000e+00,0.000000e+00
1.000000e+00,0.000000e+00,0.000000e+00,0.000000e+00,0.000000e+00,0.000000e+00,0.000000e+00,0.000000e+00,0.000000e+00,0.000000e+00,0.000000e+00,0.000000e+00,0.000000e+00,0.000000e+00,0.000000e+00
1.000000e+00,0.000000e+00,0.000000e+00,0.000000e+00,0.000000e+00,0.000000e+00,0.000000e+00,0.000000e+00,0.000000e+00,0.000000e+00,0.000000e+00,0.000000e+00,0.000000e+00,0.000000e+00,0.000000e+00
1.000000e+00,0.000000e+00,0.000000e+00,0.000000e+00,0.000000e+00,0.000000e+00,0.000000e+00,0.000000e+00,0.000000e+00,0.000000e+00,0.000000e+00,0.000000e+00,0.000000e+00,0.000000e+00,0.000000e+00
1.000000e+00,0.000000e+00,0.000000e+00,0.000000e+00,0.000000e+00,0.000000e+00,0.000000e+00,0.000000e+00,0.000000e+00,0.000000e+00,0.000000e+00,0.000000e+00,0.000000e+00,0.000000e+00,0.000000e+00
1.000000e+00,0.000000e+00,0.000000e+00,0.000000e+00,0.000000e+00,0.000000e+00,0.000000e+00,0.000000e+00,0.000000e+00,0.000000e+00,0.000000e+00,0.000000e+00,0.000000e+00,0.000000e+00,0.000000e+00
1.000000e+00,0.000000e+00,0.000000e+00,0.000000e+00,0.000000e+00,0.000000e+00,0.000000e+00,0.000000e+00,0.000000e+00,0.000000e+00,0.000000e+00,0.000000e+00,0.000000e+00,0.000000e+00,0.000000e+00
1.000000e+00,0.000000e+00,0.000000e+00,0.000000e+00,0.000000e+00,0.000000e+00,0.000000e+00,0.000000e+00,0.000000e+00,0.000000e+00,0.000000e+00,0.000000e+00,0.000000e+00,0.000000e+00,0.000000e+00
1.000000e+00,0.000000e+00,0.000000e+00,0.000000e+00,0.000000e+00,0.000000e+00,0.000000e+00,0.000000e+00,0.000000e+00,0.000000e+00,0.000000e+00,0.000000e+00,0.000000e+00,0.000000e+00,0.000000e+00
1.000000e+00,0.000000e+00,0.000000e+00,0.000000e+00,0.000000e+00,0.000000e+00,0.000000e+00,0.000000e+00,0.000000e+00,0.000000e+00,0.000000e+00,0.000000e+00,0.000000e+00,0.000000e+00,0.000000e+00
1.000000e+00,0.000000e+00,0.000000e+00,0.000000e+00,0.000000e+00,0.000000e+00,0.000000e+00,0.000000e+00,0.000000e+00,0.000000e+00,0.000000e+00,0.000000e+00,0.000000e+00,0.000000e+00,0.000000e+00
4.926405e-01,7.070689e-03,4.026223e-02,3.326969e-02,7.173355e-03,3.663218e-02,1.879547e-02,3.247201e-01,2.455940e-03,6.387210e-04,4.512898e-03,1.098515e-02,1.255699e-02,1.494029e-03,6.792089e-03
4.635713e-01,7.238355e-03,3.532400e-02,2.550779e-02,1.201657e-02,3.992264e-02,4.398663e-02,3.358015e-01,2.127142e-03,7.208185e-04,4.519693e-03,9.357213e-03,1.215723e-02,1.873507e-03,5.875536e-03
3.292142e-01,5.751485e-03,2.754202e-02,1.899016e-02,1.081329e-02,3.903115e-02,3.824287e-02,4.283347e-01,1.806070e-03,1.378843e-03,1.634274e-02,1.683289e-02,5.306207e-02,6.638533e-03,6.018886e-03
2.353051e-01,4.339661e-03,2.105874e-02,1.451863e-02,9.046855e-03,5.179733e-02,3.143510e-02,3.946445e-01,1.429617e-03,3.198540e-03,2.623634e-02,2.512652e-02,1.584451e-01,6.577718e-03,1.684028e-02
1.685522e-01,3.247091e-03,1.502829e-02,1.127839e-02,6.614547e-03,3.910667e-02,2.361995e-02,2.843329e-01,1.260963e-03,3.165637e-03,2.777687e-02,3.422300e-02,2.959550e-01,1.016842e-02,7.567017e-02
1.319844e-01,2.601325e-03,1.061587e-02,9.896582e-03,5.596258e-03,9.011457e-02,2.300337e-02,1.997704e-01,2.055148e-03,5.921452e-03,2.489842e-02,1.642987e-01,2.577062e-01,1.437172e-02,5.716559e-02
1.103973e-01,2.253083e-03,7.583058e-03,8.205220e-03,8.713128e-03,1.285120e-01,2.901436e-02,1.404249e-01,3.316163e-03,4.874088e-03,4.057201e-02,2.355218e-01,2.221034e-01,1.528363e-02,4.322574e-02
8.261672e-02,1.646491e-03,5.380457e-03,6.299771e-03,6.596336e-03,1.192196e-01,2.058508e-02,9.843015e-02,2.692675e-03,5.311949e-03,4.430597e-02,4.085587e-01,1.566383e-01,1.117124e-02,3.054659e-02
6.238841e-02,1.215845e-03,3.871092e-03,5.106302e-03,5.611930e-03,1.089613e-01,1.535615e-02,6.947452e-02,2.454040e-03,4.767066e-03,5.401836e-02,5.256954e-01,1.104125e-01,9.094574e-03,2.157249e-02
4.415393e-02,1.615666e-03,3.112863e-03,4.175084e-03,6.616233e-03,7.981655e-02,1.091425e-02,4.894159e-02,3.338681e-03,3.656994e-03,1.593562e-01,5.326741e-01,7.763691e-02,8.311152e-03,1.567987e-02
3.260543e-02,1.359497e-03,2.296199e-03,3.227399e-03,6.576971e-03,5.695922e-02,7.955721e-03,3.469766e-02,4.258786e-03,3.764927e-03,1.785957e-01,5.910966e-01,5.562157e-02,9.579928e-03,1.140441e-02
2.478437e-02,1.273220e-03,1.777490e-03,2.452776e-03,6.428275e-03,4.101599e-02,5.666432e-03,2.459156e-02,5.374599e-03,4.037616e-03,2.260021e-01,5.956765e-01,4.025710e-02,1.223708e-02,8.424837e-03
2.142085e-02,1.210132e-03,1.615716e-03,2.281862e-03,1.053053e-02,3.685077e-02,4.353404e-03,1.871652e-02,6.050270e-03,5.563906e-03,2.143215e-01,6.291145e-01,2.919251e-02,1.265955e-02,6.117916e-03
1.746672e-02,9.793686e-04,1.210427e-03,1.681333e-03,9.324295e-03,2.686267e-02,3.110417e-03,1.328244e-02,5.856637e-03,5.488053e-03,2.113226e-01,6.644487e-01,2.168032e-02,1.286154e-02,4.424457e-03
1.503452e-02,8.166216e-04,8.748314e-04,1.238492e-03,8.253020e-03,1.999956e-02,2.236760e-03,9.453052e-03,5.243850e-03,4.662052e-03,2.942736e-01,6.055348e-01,1.627296e-02,1.292184e-02,3.184053e-03
1.307954e-02,7.352633e-04,6.249107e-04,8.814359e-04,6.498700e-03,1.413071e-02,1.586267e-03,6.658072e-03,3.997828e-03,3.530451e-03,4.041555e-01,5.172750e-01,1.180331e-02,1.277650e-02,2.266564e-03
1.174263e-02,9.189635e-04,4.783910e-04,6.325387e-04,5.647012e-03,1.032105e-02,1.152027e-03,4.753690e-03,3.455006e-03,2.904998e-03,4.805450e-01,4.538670e-01,8.717344e-03,1.323159e-02,1.632741e-03
9.223111e-03,2.802589e-03,6.395237e-04,5.919154e-04,1.071269e-02,8.261219e-03,8.809464e-04,3.754559e-03,6.555910e-03,3.558158e-03,4.863415e-01,4.381298e-01,6.468199e-03,2.034524e-02,1.734602e-03
7.120654e-03,2.623979e-03,5.658288e-04,5.211466e-04,1.306800e-02,7.001172e-03,6.979203e-04,3.006663e-03,1.301100e-02,3.383376e-03,4.722166e-01,4.479079e-01,4.945881e-03,2.256513e-02,1.364678e-03
5.247875e-03,2.580323e-03,1.139838e-03,1.373405e-03,4.646618e-02,1.046807e-02,9.609736e-04,8.157166e-03,4.520109e-02,3.124839e-03,3.927540e-01,4.502843e-01,3.599387e-03,2.753982e-02,1.102670e-03
4.087816e-03,2.372348e-03,9.866230e-04,1.055886e-03,4.881807e-02,1.102185e-02,1.374464e-03,8.772114e-03,2.750278e-01,2.313191e-03,2.884477e-01,3.316235e-01,2.810138e-03,2.046112e-02,8.273717e-04
3.393721e-03,2.857592e-03,1.618891e-03,1.010123e-03,6.141835e-02,1.015182e-02,4.018963e-03,5.280278e-02,3.819438e-01,1.900677e-03,2.129417e-01,2.471807e-01,2.633554e-03,1.546882e-02,6.585021e-04
3.847567e-03,2.998854e-03,5.849231e-03,2.066854e-03,8.365186e-02,1.141279e-02,5.150885e-03,7.893822e-02,4.509926e-01,1.824553e-03,1.605300e-01,1.783536e-01,2.758599e-03,1.109464e-02,5.296518e-04
3.879411e-03,2.951230e-03,5.350074e-03,1.716237e-03,1.685130e-01,1.301485e-02,1.729684e-02,6.031772e-02,4.681567e-01,1.370873e-03,1.206058e-01,1.255693e-01,3.013151e-03,7.848475e-03,3.963323e-04
5.696828e-03,3.212892e-03,6.529510e-03,4.263015e-03,2.478327e-01,1.492853e-02,2.168627e-02,6.448664e-02,4.433870e-01,1.039411e-03,9.035475e-02,8.817664e-02,2.520557e-03,5.557962e-03,3.272952e-04
8.487653e-03,1.144913e-02,5.593061e-03,6.282396e-03,2.645600e-01,1.253060e-02,1.699184e-02,7.915725e-02,4.610436e-01,7.857608e-04,6.506507e-02,6.191822e-02,1.895384e-03,3.918242e-03,3.218099e-04
1.136634e-02,1.187662e-02,6.890506e-03,2.899612e-02,2.950670e-01,9.278717e-03,1.393582e-02,1.434682e-01,3.839516e-01,6.124552e-04,4.644885e-02,4.360776e-02,1.426128e-03,2.764520e-03,3.093922e-04
2.234415e-02,1.335851e-02,9.306269e-03,2.646750e-02,2.876203e-01,7.064933e-03,2.880605e-02,1.832968e-01,3.482144e-01,6.889291e-04,3.382696e-02,3.099981e-02,5.207548e-03,2.114055e-03,6.837882e-04
3.217204e-02,2.493702e-02,1.147295e-02,2.784513e-02,2.435893e-01,6.002645e-03,5.106936e-02,2.007268e-01,3.284895e-01,1.049002e-03,2.580274e-02,2.239829e-02,2.139334e-02,1.579599e-03,1.472223e-03
3.674755e-02,2.139164e-02,9.766414e-03,2.335031e-02,1.792596e-01,7.429910e-03,1.420565e-01,1.730549e-01,2.854055e-01,2.028963e-03,2.045213e-02,1.821445e-02,7.679190e-02,1.253012e-03,2.797182e-03
4.330058e-02,1.892694e-02,8.267731e-03,1.914713e-02,1.320547e-01,8.821312e-03,1.301272e-01,1.292764e-01,2.590068e-01,5.381835e-03,1.856563e-02,1.608863e-02,1.871771e-01,1.506155e-03,2.235197e-02
6.141733e-02,1.486668e-02,6.721519e-03,1.566411e-02,1.003701e-01,7.555912e-03,1.138532e-01,9.883215e-02,1.986574e-01,7.101633e-03,1.613394e-02,1.289278e-02,3.008185e-01,1.474539e-03,4.364020e-02
7.513469e-02,1.618338e-02,1.048551e-02,1.760103e-02,9.834200e-02,9.011573e-03,1.175375e-01,7.907152e-02,1.513862e-01,7.862044e-03,1.645223e-02,1.052623e-02,2.943418e-01,1.908165e-03,9.415614e-02
7.994242e-02,1.738594e-02,9.604221e-03,2.086188e-02,8.473773e-02,1.020493e-02,1.404182e-01,5.921582e-02,1.161518e-01,1.197920e-02,1.522951e-02,1.088839e-02,2.936397e-01,1.891879e-03,1.278484e-01
1.082699e-01,1.667321e-02,1.027019e-02,1.804923e-02,7.379191e-02,1.079207e-02,1.463378e-01,4.473168e-02,8.976308e-02,1.553542e-02,1.366707e-02,1.474441e-02,2.703632e-01,1.663439e-03,1.653474e-01
1.395139e-01,1.712803e-02,1.529324e-02,2.182809e-02,5.335177e-02,1.585353e-02,1.044384e-01,3.184339e-02,6.648482e-02,1.346547e-02,1.204754e-02,2.088420e-02,3.162206e-01,2.082502e-03,1.695645e-01
1.406007e-01,1.547122e-02,1.629888e-02,2.525939e-02,3.917427e-02,2.041509e-02,7.504274e-02,2.321517e-02,5.001724e-02,1.130375e-02,1.060484e-02,2.514933e-02,4.095193e-01,3.332501e-03,1.345956e-01
1.961755e-01,1.254811e-02,1.707313e-02,2.115165e-02,2.974972e-02,1.906228e-02,5.574508e-02,1.751063e-02,3.723854e-02,1.122755e-02,1.026441e-02,2.444467e-02,3.778341e-01,3.913283e-03,1.660614e-01
1.936307e-01,1.145227e-02,1.328520e-02,1.745750e-02,2.811788e-02,1.926733e-02,4.029847e-02,1.339834e-02,2.841061e-02,1.399351e-02,1.002483e-02,2.749570e-02,3.700058e-01,3.334909e-03,2.098270e-01
1.669356e-01,9.980844e-03,1.090135e-02,1.769719e-02,3.012089e-02,1.720938e-02,3.175550e-02,1.885272e-02,2.555115e-02,1.719378e-02,1.273955e-02,3.152089e-02,3.410966e-01,3.618101e-03,2.648265e-01
2.185230e-01,8.069116e-03,9.627304e-03,1.697670e-02,2.853910e-02,1.484572e-02,2.405937e-02,1.756630e-02,2.626643e-02,2.382737e-02,1.180330e-02,2.934987e-02,3.119274e-01,3.472398e-03,2.551467e-01
1.968514e-01,6.436835e-03,9.568001e-03,1.347983e-02,2.976252e-02,1.090554e-02,1.796678e-02,1.829126e-02,2.191682e-02,2.629374e-02,9.741834e-03,2.575395e-02,2.599582e-01,2.961765e-03,3.501116e-01
1.677441e-01,5.580854e-03,1.776902e-02,1.418833e-02,3.300387e-02,8.296163e-03,1.366747e-02,4.643610e-02,2.211311e-02,3.168545e-02,1.051332e-02,2.057407e-02,2.034127e-01,2.419493e-03,4.025961e-01
1.596887e-01,5.929902e-03,5.202067e-02,1.919867e-02,3.514353e-02,7.260701e-03,1.058871e-02,5.314925e-02,2.212483e-02,4.380428e-02,1.829178e-02,1.964866e-02,1.740469e-01,2.624161e-03,3.764793e-01
1.497869e-01,7.947117e-03,7.200557e-02,1.880283e-02,3.442659e-02,2.609107e-02,8.506363e-03,4.770054e-02,3.254379e-02,4.840501e-02,2.093115e-02,1.790775e-02,1.754725e-01,3.034085e-03,3.364388e-01
1.718885e-01,1.338539e-02,7.719149e-02,2.183017e-02,3.813322e-02,4.727989e-02,7.666912e-03,5.791669e-02,5.330033e-02,4.218815e-02,2.650323e-02,1.979681e-02,1.556360e-01,3.640317e-03,2.636428e-01
1.524458e-01,1.779293e-02,6.677739e-02,2.200925e-02,3.584008e-02,9.155261e-02,5.900960e-03,6.141553e-02,5.187396e-02,4.047742e-02,3.274299e-02,1.968304e-02,1.546266e-01,5.737369e-03,2.411241e-01
1.340045e-01,1.568775e-02,5.290218e-02,1.930022e-02,2.990907e-02,1.105572e-01,5.027756e-03,7.365390e-02,4.648842e-02,3.519638e-02,2.915532e-02,1.526808e-02,1.503278e-01,6.066643e-03,2.764547e-01
1.212849e-01,1.699893e-02,4.154741e-02,1.787917e-02,2.659132e-02,1.020213e-01,4.233773e-03,5.993745e-02,4.977451e-02,3.211665e-02,2.384383e-02,1.290940e-02,1.328552e-01,7.551567e-03,3.504545e-01
1.046500e-01,1.567901e-02,3.152007e-02,1.384825e-02,2.144780e-02,7.921694e-02,3.110101e-03,4.419886e-02,4.857610e-02,2.526084e-02,1.775674e-02,1.032496e-02,1.072721e-01,1.038402e-02,4.667542e-01
9.268802e-02,1.530297e-02,2.339044e-02,1.075169e-02,1.680385e-02,5.775234e-02,2.482523e-03,3.337738e-02,5.418748e-02,2.891861e-02,1.293250e-02,7.668086e-03,7.991678e-02,1.501342e-02,5.488139e-01
9.603739e-02,1.531696e-02,1.819268e-02,9.168560e-03,1.509632e-02,4.381924e-02,2.073616e-03,2.505120e-02,5.215966e-02,3.470293e-02,9.538588e-03,6.533733e-03,6.302088e-02,1.630066e-02,5.929875e-01
1.284020e-01,1.701311e-02,1.459059e-02,8.598191e-03,1.543151e-02,3.409642e-02,2.002845e-03,1.859924e-02,4.581863e-02,3.511161e-02,7.333057e-03,5.255866e-03,4.589637e-02,1.878602e-02,6.030645e-01
1.875448e-01,2.346335e-02,1.120207e-02,8.067474e-03,1.529221e-02,2.737172e-02,2.085126e-03,1.371884e-02,6.000287e-02,5.431835e-02,6.463545e-03,5.817188e-03,3.469788e-02,3.093540e-02,5.190191e-01
2.746975e-01,2.294892e-02,9.063087e-03,1.426919e-02,2.643283e-02,2.373294e-02,2.230103e-03,1.107231e-02,9.320295e-02,5.473239e-02,8.341062e-03,8.110244e-03,2.860724e-02,3.704226e-02,3.855169e-01
3.546677e-01,2.744517e-02,7.661896e-03,2.211312e-02,4.302275e-02,2.304991e-02,2.267526e-03,9.350041e-03,9.487578e-02,4.666422e-02,1.116985e-02,1.365206e-02,2.392823e-02,3.440893e-02,2.857228e-01
4.166060e-01,3.438713e-02,6.819065e-03,2.727301e-02,4.834638e-02,2.174988e-02,2.109553e-03,8.268623e-03,9.110258e-02,3.898866e-02,1.580051e-02,1.719971e-02,2.114741e-02,3.412174e-02,2.160797e-01
4.710736e-01,3.201714e-02,9.576051e-03,3.378046e-02,3.965555e-02,2.289789e-02,2.096427e-03,9.393768e-03,7.885159e-02,3.032631e-02,2.013641e-02,2.028740e-02,1.984757e-02,4.680753e-02,1.632523e-01
3.812747e-01,2.538931e-02,1.247650e-02,2.595431e-02,2.854768e-02,4.782337e-02,1.587882e-03,7.582196e-03,6.016700e-02,2.170764e-02,1.019925e-01,1.684799e-02,1.489372e-02,1.347879e-01,1.189673e-01
2.972149e-01,1.968727e-02,9.582392e-03,1.895018e-02,2.039968e-02,4.488896e-02,1.181753e-03,5.684604e-03,4.518410e-02,1.547116e-02,1.950839e-01,1.429468e-02,1.102888e-02,2.152407e-01,8.610671e-02
2.128559e-01,1.443378e-02,6.786852e-03,1.347273e-02,1.437209e-02,3.216948e-02,8.406044e-04,4.020581e-03,3.358648e-02,1.105713e-02,3.066280e-01,1.121393e-02,8.087870e-03,2.699379e-01,6.053664e-02
1.505661e-01,1.153981e-02,4.840315e-03,9.555511e-03,1.024783e-02,2.661584e-02,6.108635e-04,2.849014e-03,2.590493e-02,8.559936e-03,3.940158e-01,9.313769e-03,5.876613e-03,2.969447e-01,4.255892e-02
1.080350e-01,9.791711e-03,3.657297e-03,6.807585e-03,7.511349e-03,2.389190e-02,5.119125e-04,2.212194e-03,2.198066e-02,6.782558e-03,4.506603e-01,9.131253e-03,4.229670e-03,3.148867e-01,2.990993e-02
7.802032e-02,1.212557e-02,3.120463e-03,4.884474e-03,5.618136e-03,2.887869e-02,4.972288e-04,1.876434e-03,2.342605e-02,5.411078e-03,4.667055e-01,1.005529e-02,3.053305e-03,3.351706e-01,2.115687e-02
5.589149e-02,2.324959e-02,2.995425e-03,3.739866e-03,4.631435e-03,4.482231e-02,6.120187e-04,1.811363e-03,4.660909e-02,6.391433e-03,4.854329e-01,8.831585e-03,2.180225e-03,2.976039e-01,1.519733e-02
3.978004e-02,2.352953e-02,3.023622e-03,2.751481e-03,3.628478e-03,5.178815e-02,7.075437e-04,1.435838e-03,5.976818e-02,2.028687e-02,4.865304e-01,8.647960e-03,1.886433e-03,2.850557e-01,1.117972e-02
2.908320e-02,2.089341e-02,4.893735e-03,2.276395e-03,3.273642e-03,4.573802e-02,6.726215e-04,1.656921e-03,5.608774e-02,2.360767e-02,5.261428e-01,8.320888e-03,1.734285e-03,2.674780e-01,8.140711e-03
2.081621e-02,2.091885e-02,4.608387e-03,1.733316e-03,2.659707e-03,4.612916e-02,5.166853e-04,1.519428e-03,5.609727e-02,2.562253e-02,5.475843e-01,6.843917e-03,1.486390e-03,2.575102e-01,5.953762e-03
1.514219e-02,2.632962e-02,5.169269e-03,1.608051e-03,2.295409e-03,8.012430e-02,5.770808e-04,2.457779e-03,7.560647e-02,2.630062e-02,5.255365e-01,5.733904e-03,1.168074e-03,2.276762e-01,4.274503e-03
1.101669e-02,2.423630e-02,4.473803e-03,1.262180e-03,1.955128e-03,7.290142e-02,4.775748e-04,1.971077e-03,8.468382e-02,3.297830e-02,5.039542e-01,5.070128e-03,1.045411e-03,2.506284e-01,3.345643e-03
7.934675e-03,1.859245e-02,3.238226e-03,1.221991e-03,2.557114e-03,5.613913e-02,4.102171e-04,1.585448e-03,1.458940e-01,3.191599e-02,4.711093e-01,6.589608e-03,3.167694e-03,2.468724e-01,2.771757e-03
5.726418e-03,1.412586e-02,2.355105e-03,1.255821e-03,7.365364e-03,4.167034e-02,5.734630e-04,1.204812e-03,1.755979e-01,3.565611e-02,5.011969e-01,6.948890e-03,4.534471e-03,1.991022e-01,2.686362e-03
4.269545e-03,2.091548e-02,2.430849e-03,1.186908e-03,8.590937e-03,3.362444e-02,1.070007e-03,1.362919e-03,2.177398e-01,5.958567e-02,4.833708e-01,7.815903e-03,4.900335e-03,1.465516e-01,6.584774e-03
3.388545e-03,3.303604e-02,2.126899e-03,1.137335e-03,8.991842e-03,2.652152e-02,1.191432e-03,2.350187e-03,2.204844e-01,5.304370e-02,5.215654e-01,8.050870e-03,5.778356e-03,1.041030e-01,8.230532e-03
2.900003e-03,3.847140e-02,1.725752e-03,1.874948e-03,1.127434e-02,2.135197e-02,9.502632e-04,4.140884e-03,2.641683e-01,3.822671e-02,5.027145e-01,1.709304e-02,1.490245e-02,7.370901e-02,6.496430e-03
2.740544e-03,3.097810e-02,1.384568e-03,2.143564e-03,9.187459e-03,2.092062e-02,7.450094e-04,4.230685e-03,2.775155e-01,3.002089e-02,4.290026e-01,7.880951e-02,5.387028e-02,5.350836e-02,4.942381e-03
2.706516e-03,2.350458e-02,1.138049e-03,2.254187e-03,8.638917e-03,1.879732e-02,5.577147e-04,4.179842e-03,2.547876e-01,2.214254e-02,3.732343e-01,8.215691e-02,1.636156e-01,3.863054e-02,3.655416e-03
3.121223e-03,1.813550e-02,1.186278e-03,2.476108e-03,7.907553e-03,3.102821e-02,7.329173e-04,9.011836e-03,2.419149e-01,1.880694e-02,3.124601e-01,7.190260e-02,2.477480e-01,3.048930e-02,3.078612e-03
5.042517e-03,1.390829e-02,2.169861e-03,2.571453e-03,9.402366e-03,4.799490e-02,3.001363e-03,2.932812e-02,2.119865e-01,1.580966e-02,2.775625e-01,7.450215e-02,2.778662e-01,2.604739e-02,2.806836e-03
3.931854e-03,1.125557e-02,3.683544e-03,1.958793e-03,7.363056e-03,7.742115e-02,2.166468e-03,2.135372e-02,1.819335e-01,1.155103e-02,2.819250e-01,1.356381e-01,2.375764e-01,1.943330e-02,2.808678e-03
3.680104e-03,8.109725e-03,3.193101e-03,1.712826e-03,6.386709e-03,1.360496e-01,1.984406e-03,1.657128e-02,1.364263e-01,8.841320e-03,2.226852e-01,1.612276e-01,2.752939e-01,1.418489e-02,3.653070e-03
3.845768e-03,6.404947e-03,3.569183e-03,1.654188e-03,7.547786e-03,1.281309e-01,3.598410e-03,1.702143e-02,1.318849e-01,7.978517e-03,1.797612e-01,1.873649e-01,3.048928e-01,1.082393e-02,5.521123e-03
3.402156e-03,8.531327e-03,3.859276e-03,1.405641e-03,6.211682e-03,1.002721e-01,3.686577e-03,1.309854e-02,1.123191e-01,6.353469e-03,1.344130e-01,2.722664e-01,3.200551e-01,7.803816e-03,6.321802e-03
3.100752e-03,9.279468e-03,5.646861e-03,1.339710e-03,6.480828e-03,7.355098e-02,4.098879e-03,1.025800e-02,1.018019e-01,5.669088e-03,1.009583e-01,3.583819e-01,3.062719e-01,5.790705e-03,7.370744e-03
2.852730e-03,7.184832e-03,5.104269e-03,1.198256e-03,6.222395e-03,5.628304e-02,4.002147e-03,7.946788e-03,8.250559e-02,6.210875e-03,8.344743e-02,3.903412e-01,3.278148e-01,4.567393e-03,1.431826e-02
2.482579e-03,5.559721e-03,5.098680e-03,1.102627e-03,6.376230e-03,4.112099e-02,4.568206e-03,6.265875e-03,6.212923e-02,5.258020e-03,6.060679e-02,4.745108e-01,3.097398e-01,3.317808e-03,1.186268e-02
2.480683e-03,4.370829e-03,4.579553e-03,9.715852e-04,2.678152e-02,2.960188e-02,4.650955e-03,4.935153e-03,5.032481e-02,4.725895e-03,4.499195e-02,5.491075e-01,2.604327e-01,2.492511e-03,9.552537e-03
1.049877e-02,4.476354e-03,4.169352e-03,8.484344e-04,2.180821e-02,2.151587e-02,3.723152e-03,3.929749e-03,3.944179e-02,4.486741e-03,3.617926e-02,4.940037e-01,3.423500e-01,3.907227e-03,8.661390e-03
1.971374e-02,3.747169e-03,3.748594e-03,1.034418e-03,1.881084e-02,1.623055e-02,3.657838e-03,5.091539e-03,3.753530e-02,5.005734e-03,3.705674e-02,4.405295e-01,3.945826e-01,3.900325e-03,9.355210e-03
1.936812e-02,3.180504e-03,5.492560e-03,2.241843e-03,1.618987e-02,1.295220e-02,3.290201e-03,7.857835e-03,3.158675e-02,1.379498e-02,4.579488e-02,5.046946e-01,3.228629e-01,3.199443e-03,7.493349e-03
1.563066e-02,2.380646e-03,4.149115e-03,2.117354e-03,1.178569e-02,1.333592e-02,2.444564e-03,5.867732e-03,2.597378e-02,1.081600e-02,4.621287e-02,6.026791e-01,2.488330e-01,2.392032e-03,5.381546e-03
1.177474e-02,1.768998e-03,2.999147e-03,1.677785e-03,8.446963e-03,1.265046e-02,1.815512e-03,4.346942e-03,2.640348e-02,7.966766e-03,3.904108e-02,6.495048e-01,2.260782e-01,1.700061e-03,3.825142e-03
8.662004e-03,1.382576e-03,2.114923e-03,1.291731e-03,6.060860e-03,1.023259e-02,1.321209e-03,3.466174e-03,5.801787e-02,6.064036e-03,3.333922e-02,6.579908e-01,2.060783e-01,1.224120e-03,2.753543e-03
6.351216e-03,1.248193e-03,1.497379e-03,1.011753e-03,4.371142e-03,8.095130e-03,1.016035e-03,2.827945e-03,8.841026e-02,5.179225e-03,2.978158e-02,6.746576e-01,1.726427e-01,8.872036e-04,2.022589e-03
5.241770e-03,1.409768e-03,1.208185e-03,8.897792e-04,5.874682e-03,7.423285e-03,2.715985e-03,3.556279e-03,2.403468e-01,5.179095e-03,2.723850e-02,5.513243e-01,1.434039e-01,7.428357e-04,3.444763e-03
5.769633e-03,2.634298e-03,2.493885e-03,2.196967e-03,1.041578e-02,1.124974e-02,6.394071e-03,9.032120e-03,3.675545e-01,7.224412e-03,2.523584e-02,4.331313e-01,1.110592e-01,7.448061e-04,4.863415e-03
1.014854e-02,4.940983e-03,1.527587e-02,4.243707e-03,2.117821e-02,1.133120e-02,1.229332e-02,4.229728e-02,4.322517e-01,8.855199e-03,2.078862e-02,3.262861e-01,8.485475e-02,6.768816e-04,4.577631e-03
1.772189e-02,6.554259e-03,2.468227e-02,8.410804e-03,5.305509e-02,1.759733e-02,1.833182e-02,6.484164e-02,4.385315e-01,1.502010e-02,1.860833e-02,2.408820e-01,6.999881e-02,1.184226e-03,4.579966e-03
2.080998e-02,7.480145e-03,2.338478e-02,8.311269e-03,6.691271e-02,3.268662e-02,1.842954e-02,6.089706e-02,3.714834e-01,2.229620e-02,1.952945e-02,2.747435e-01,6.616201e-02,2.083737e-03,4.789513e-03
3.285916e-02,1.077843e-02,1.970882e-02,8.510191e-03,9.216753e-02,3.594682e-02,2.885724e-02,5.039529e-02,3.574738e-01,2.115558e-02,1.883680e-02,2.451150e-01,7.113248e-02,2.070731e-03,4.992164e-03
3.870361e-02,1.336187e-02,1.678178e-02,1.023221e-02,8.586162e-02,3.602386e-02,2.354621e-02,6.135452e-02,2.857281e-01,1.971488e-02,1.706604e-02,2.812208e-01,1.037503e-01,1.767679e-03,4.886547e-03
4.217886e-02,1.523226e-02,1.333805e-02,1.152656e-02,7.939607e-02,3.519184e-02,1.789314e-02,5.582765e-02,2.303470e-01,1.790528e-02,1.461833e-02,3.636280e-01,9.629047e-02,2.159060e-03,4.467458e-03
5.411074e-02,1.910298e-02,1.105703e-02,9.594966e-03,6.699392e-02,3.270836e-02,1.366101e-02,4.385385e-02,1.745682e-01,1.553177e-02,1.461041e-02,4.536784e-01,8.173013e-02,2.883299e-03,5.915004e-03
5.071893e-02,1.563026e-02,8.854003e-03,7.355918e-03,6.449512e-02,2.692642e-02,1.085788e-02,3.661213e-02,1.256382e-01,1.190037e-02,1.445796e-02,5.393192e-01,7.934557e-02,2.940613e-03,4.947476e-03
7.481343e-02,3.295350e-02,2.284072e-02,5.992267e-02,8.000451e-02,2.678966e-02,9.929869e-03,4.207908e-02,9.844305e-02,9.157054e-03,1.432887e-02,4.229101e-01,8.918829e-02,2.673747e-03,1.396545e-02
8.830053e-02,3.216866e-02,2.020814e-02,5.728397e-02,6.954829e-02,6.204998e-02,8.736304e-03,4.931811e-02,7.723359e-02,7.180863e-03,1.274975e-02,4.057285e-01,8.497309e-02,4.827714e-03,1.969257e-02
9.109178e-02,2.433882e-02,1.505830e-02,4.600676e-02,6.094854e-02,7.184543e-02,7.222231e-03,3.931714e-02,5.803182e-02,5.803637e-03,1.327068e-02,4.704188e-01,7.019580e-02,8.829145e-03,1.762114e-02
1.160444e-01,2.384954e-02,1.779970e-02,8.927508e-02,4.985451e-02,8.790608e-02,7.337038e-03,3.652868e-02,5.063462e-02,7.408737e-03,1.429780e-02,3.928198e-01,6.896463e-02,7.299272e-03,2.998008e-02
1.199535e-01,2.092274e-02,1.640636e-02,7.282799e-02,4.152418e-02,1.476390e-01,9.776226e-03,4.333921e-02,4.701065e-02,6.538478e-03,1.321934e-02,3.214863e-01,8.090489e-02,6.125497e-03,5.232570e-02
1.374091e-01,3.066483e-02,2.029708e-02,1.304791e-01,3.983009e-02,1.527584e-01,8.769089e-03,4.991862e-02,4.443612e-02,6.812398e-03,1.071741e-02,2.299866e-01,6.873550e-02,4.617844e-03,6.456786e-02
1.538907e-01,3.163024e-02,2.309758e-02,1.236630e-01,2.947778e-02,2.182764e-01,9.249941e-03,5.039255e-02,4.600652e-02,1.021370e-02,9.162751e-03,1.655098e-01,6.992729e-02,3.455271e-03,5.604643e-02
1.476924e-01,2.830786e-02,3.219776e-02,1.081384e-01,2.193595e-02,2.920354e-01,1.171325e-02,5.462768e-02,4.578773e-02,1.357949e-02,7.280790e-03,1.191890e-01,6.055039e-02,2.565629e-03,5.439824e-02
1.484469e-01,1.431660e-01,2.817945e-02,8.564524e-02,1.655434e-02,2.320658e-01,9.461951e-03,3.955266e-02,6.606412e-02,1.660458e-02,6.655162e-03,8.609870e-02,7.406686e-02,2.377752e-03,4.506049e-02
1.683095e-01,1.182306e-01,2.147608e-02,6.321282e-02,1.316786e-02,2.902964e-01,9.977132e-03,3.174799e-02,7.206906e-02,1.231529e-02,6.154789e-03,6.745349e-02,8.913355e-02,1.933543e-03,3.452178e-02
1.396918e-01,1.142028e-01,1.566584e-02,4.654342e-02,9.870189e-03,2.141838e-01,7.566687e-03,2.351037e-02,7.798313e-02,9.441922e-03,5.153693e-03,4.967243e-02,2.544750e-01,1.707584e-03,3.033136e-02
1.028724e-01,1.015858e-01,1.572271e-02,6.053342e-02,8.130119e-03,1.669196e-01,6.131267e-03,1.989058e-02,1.601779e-01,7.528774e-03,4.194573e-03,3.560566e-02,2.806707e-01,1.432106e-03,2.860441e-02
7.564844e-02,7.777831e-02,2.935530e-02,1.212625e-01,7.388019e-03,1.283472e-01,5.617858e-03,1.631260e-02,1.697954e-01,7.157646e-03,3.904674e-03,2.582848e-02,3.005803e-01,1.245221e-03,2.977801e-02
7.765563e-02,6.139528e-02,3.617184e-02,1.174334e-01,9.823894e-03,9.809510e-02,5.334582e-03,1.696999e-02,1.524088e-01,7.976324e-03,5.927420e-03,2.011916e-02,3.542240e-01,1.255281e-03,3.520938e-02
9.009220e-02,5.577102e-02,3.306264e-02,1.223849e-01,1.095335e-02,7.636808e-02,5.342009e-03,1.911284e-02,1.394968e-01,1.052587e-02,1.581500e-02,2.168979e-02,3.368871e-01,1.843471e-03,6.065501e-02
6.587132e-02,4.726588e-02,5.255082e-02,9.728996e-02,9.119155e-03,5.508821e-02,5.219107e-03,1.801880e-02,1.570249e-01,1.738186e-02,1.944707e-02,2.595249e-02,3.334581e-01,2.641316e-03,9.367090e-02
6.500895e-02,3.839957e-02,4.454235e-02,9.952062e-02,9.999546e-03,4.147298e-02,4.967542e-03,1.888875e-02,2.255269e-01,1.428513e-02,2.252920e-02,2.383099e-02,2.630846e-01,3.257781e-03,1.246851e-01
7.404412e-02,2.999131e-02,7.355098e-02,1.301030e-01,1.028156e-02,3.118115e-02,4.331879e-03,2.878462e-02,2.084471e-01,1.396181e-02,2.152842e-02,2.261352e-02,2.039804e-01,3.732034e-03,1.434681e-01
1.196835e-01,2.838194e-02,5.837128e-02,9.711777e-02,1.109294e-02,2.416191e-02,3.732260e-03,2.296947e-02,2.248310e-01,1.583301e-02,1.763053e-02,1.799627e-02,1.486168e-01,5.805582e-03,2.037757e-01
1.784899e-01,3.233388e-02,5.143564e-02,9.955092e-02,1.168004e-02,2.090149e-02,3.561588e-03,1.960925e-02,2.290737e-01,1.544376e-02,1.492926e-02,1.473861e-02,1.083005e-01,6.062994e-03,1.938883e-01
1.627692e-01,2.993241e-02,4.086959e-02,7.468937e-02,1.828311e-02,1.907708e-02,4.564169e-03,1.628688e-02,2.808121e-01,1.181261e-02,1.139703e-02,1.122037e-02,8.114845e-02,4.716308e-03,2.324213e-01
1.636560e-01,2.797845e-02,3.562289e-02,6.349498e-02,2.220425e-02,2.223852e-02,1.410853e-02,5.432274e-02,2.905414e-01,9.291006e-03,9.344711e-03,8.886371e-03,6.186900e-02,4.187807e-03,2.122533e-01
1.492881e-01,2.736576e-02,2.851787e-02,4.903436e-02,2.159015e-02,1.891623e-02,2.024463e-02,1.316570e-01,3.021728e-01,6.784983e-03,7.210795e-03,7.128929e-03,4.686721e-02,3.292721e-03,1.799284e-01
1.185680e-01,2.453091e-02,2.947129e-02,3.894705e-02,2.521650e-02,1.534391e-02,1.593503e-02,2.716522e-01,2.425438e-01,5.521371e-03,5.705413e-03,5.573211e-03,3.392345e-02,2.992943e-03,1.640749e-01
9.370081e-02,1.966096e-02,3.016381e-02,3.227490e-02,4.319376e-02,1.467587e-02,1.362894e-02,3.938465e-01,1.977839e-01,3.952712e-03,4.383994e-03,4.108123e-03,2.465830e-02,2.168141e-03,1.217994e-01
7.538037e-02,1.641005e-02,5.212738e-02,3.200205e-02,3.692109e-02,2.080599e-02,1.259010e-02,4.893652e-01,1.469640e-01,3.030250e-03,3.408691e-03,3.030078e-03,1.786392e-02,1.614337e-03,8.848641e-02
7.635901e-02,1.252504e-02,4.422669e-02,2.516779e-02,2.873145e-02,1.711448e-02,1.087384e-02,5.928832e-01,1.082987e-01,2.345072e-03,2.643680e-03,2.344011e-03,1.313536e-02,1.163224e-03,6.218835e-02
1.182791e-01,1.041361e-02,4.564096e-02,2.322586e-02,2.452965e-02,1.952438e-02,1.081959e-02,6.036574e-01,7.891445e-02,2.225273e-03,2.938377e-03,3.560668e-03,1.090141e-02,9.430535e-04,4.442624e-02
1.400965e-01,8.846935e-03,3.647879e-02,1.781989e-02,2.093903e-02,1.690759e-02,8.901349e-03,6.365968e-01,6.157153e-02,1.775856e-03,3.075202e-03,5.052792e-03,8.929206e-03,9.573602e-04,3.205118e-02
1.542264e-01,8.185275e-03,2.726192e-02,1.384369e-02,1.813922e-02,1.427924e-02,7.197845e-03,6.632252e-01,5.042645e-02,1.472761e-03,2.812104e-03,6.357095e-03,7.706181e-03,9.972837e-04,2.386931e-02
2.813213e-01,6.728308e-03,2.096584e-02,1.108884e-02,1.433647e-02,2.016113e-02,6.403113e-03,5.520757e-01,4.326737e-02,1.248144e-03,3.273397e-03,1.093587e-02,8.119197e-03,1.251354e-03,1.882392e-02
3.629546e-01,5.483388e-03,1.582923e-02,9.473438e-03,1.208648e-02,5.328662e-02,6.002120e-03,4.327726e-01,3.621696e-02,1.142766e-03,3.940847e-03,3.557837e-02,9.339261e-03,1.101661e-03,1.479176e-02
4.253238e-01,5.059045e-03,1.336491e-02,9.626104e-03,1.066651e-02,7.477644e-02,6.849018e-03,3.381326e-01,3.410418e-02,1.370264e-03,5.540469e-03,4.952531e-02,1.160352e-02,1.232079e-03,1.282572e-02
4.664575e-01,6.717742e-03,1.195551e-02,1.408382e-02,9.917271e-03,7.227169e-02,6.039011e-03,2.834084e-01,3.102683e-02,1.762878e-03,6.933162e-03,5.815999e-02,1.385439e-02,2.107354e-03,1.530452e-02
4.877300e-01,1.024564e-02,1.187814e-02,2.164946e-02,1.070048e-02,8.044953e-02,6.026583e-03,2.087494e-01,2.946678e-02,2.422837e-03,1.186830e-02,7.821847e-02,1.980188e-02,3.076000e-03,1.771652e-02
3.992799e-01,1.099039e-02,1.447659e-02,2.747190e-02,9.862972e-03,1.666000e-01,5.749173e-03,1.505397e-01,2.484364e-02,2.434364e-03,1.997658e-02,1.251943e-01,2.253286e-02,2.656408e-03,1.739126e-02
2.863208e-01,8.757558e-03,1.115614e-02,1.945875e-02,7.301355e-03,3.163115e-01,4.345164e-03,1.057302e-01,1.770196e-02,1.846927e-03,6.252872e-02,1.263318e-01,1.708863e-02,2.240011e-03,1.288048e-02
2.012906e-01,6.282114e-03,8.239218e-03,1.366839e-02,5.211628e-03,4.025366e-01,3.133524e-03,7.408822e-02,1.246245e-02,1.357976e-03,1.137792e-01,1.346592e-01,1.230910e-02,1.803592e-03,9.178165e-03
1.414124e-01,4.542393e-03,6.091661e-03,9.700973e-03,3.767736e-03,3.040115e-01,2.239532e-03,5.193250e-02,8.900261e-03,1.168188e-03,1.796125e-01,2.689452e-01,8.757836e-03,2.338815e-03,6.578595e-03
9.914292e-02,3.460504e-03,5.109105e-03,6.860733e-03,2.789830e-03,2.173875e-01,1.583235e-03,3.638473e-02,6.423987e-03,9.021604e-04,2.773276e-01,3.296340e-01,6.186250e-03,2.086246e-03,4.721253e-03
6.945804e-02,2.683848e-03,4.379265e-03,4.822214e-03,2.400040e-03,1.526943e-01,1.162131e-03,2.551284e-02,6.137935e-03,7.977815e-04,2.557456e-01,4.644285e-01,4.429594e-03,1.988862e-03,3.359057e-03
4.870112e-02,2.120899e-03,3.629249e-03,3.388450e-03,2.424892e-03,1.074051e-01,1.104948e-03,1.799683e-02,8.028964e-03,8.522476e-04,2.834797e-01,5.133669e-01,3.334879e-03,1.790339e-03,2.375362e-03
3.477757e-02,2.678354e-03,4.582285e-03,2.457686e-03,4.087210e-03,7.607269e-02,4.665688e-03,1.604523e-02,1.191079e-02,1.474098e-03,2.865629e-01,5.483205e-01,2.523556e-03,2.147075e-03,1.694364e-03
2.457509e-02,2.614413e-03,3.731741e-03,1.746730e-03,3.232009e-03,5.408612e-02,4.337402e-03,1.173867e-02,8.848578e-03,1.687635e-03,3.640581e-01,5.135830e-01,1.930562e-03,2.631587e-03,1.198344e-03
1.790857e-02,4.819813e-02,8.315468e-03,1.301976e-03,5.244064e-03,3.924930e-02,7.321151e-03,1.226595e-02,5.199615e-02,6.038646e-03,3.534315e-01,4.431680e-01,1.637460e-03,2.968380e-03,9.552706e-04
