1.000000e+00,0.000000e+00,0.000000e+00,0.000000e+00,0.000000e+00,0.000000e+00,0.000000e+00,0.000000e+00,0.000000e+00,0.000000e+00,0.000000e+00,0.000000e+00,0.000000e+00,0.000000e+00,0.000000e+00
1.000000e+00,0.000000e+00,0.000000e+00,0.000000e+00,0.000000e+00,0.000000e+00,0.000000e+00,0.000000e+00,0.000000e+00,0.000000e+00,0.000000e+00,0.000000e+00,0.000000e+00,0.000000e+00,0.000000e+00
1.000000e+00,0.000000e+00,0.000000e+00,0.000000e+00,0.000000e+00,0.000000e+00,0.000000e+00,0.000000e+00,0.000000e+00,0.000000e+00,0.000000e+00,0.000000e+00,0.000000e+00,0.000000e+00,0.000000e+00
1.000000e+00,0.000000e+00,0.000000e+00,0.000000e+00,0.000000e+00,0.000000e+00,0.000000e+00,0.000000e+00,0.000000e+00,0.000000e+00,0.000000e+00,0.000000e+00,0.000000e+00,0.000000e+00,0.000000e+00
1.000000e+00,0.000000e+00,0.000000e+00,0.000000e+00,0.000000e+00,0.000000e+00,0.000000e+00,0.000000e+00,0.000000e+00,0.000000e+00,0.000000e+00,0.000000e+00,0.000000e+00,0.000000e+00,0.000000e+00
1.000000e+00,0.000000e+00,0.000000e+00,0.000000e+00,0.000000e+00,0.000000e+00,0.000000e+00,0.000000e+00,0.000000e+00,0.000000e+00,0.000000e+00,0.000000e+00,0.000000e+00,0.000000e+00,0.000000e+00
1.000000e+00,0.000000e+00,0.000000e+00,0.000000e+00,0.000000e+00,0.000000e+00,0.000000e+00,0.000000e+00,0.000000e+00,0.000000e+00,0.000000e+00,0.000000e+00,0.000000e+00,0.000000e+00,0.000000e+00
1.000000e+00,0.000000e+00,0.000000e+00,0.000000e+00,0.000000e+00,0.000000e+00,0.000000e+00,0.000000e+00,0.000000e+00,0.000000e+00,0.000000e+00,0.000000e+00,0.000000e+00,0.000000e+00,0.000000e+00
1.000000e+00,0.000000e+00,0.000000e+00,0.000000e+00,0.000000e+00,0.000000e+00,0.000000e+00,0.000000e+00,0.000000e+00,0.000000e+00,0.000000e+00,0.000000e+00,0.000000e+00,0.000000e+00,0.000000e+00
1.000000e+00,0.000000e+00,0.000000e+00,0.000000e+00,0.000000e+00,0.000000e+00,0.000000e+00,0.000000e+00,0.000000e+00,0.000000e+00,0.000000e+00,0.000000e+00,0.000000e+00,0.000000e+00,0.000000e+00
1.000000e+00,0.000000e+00,0.000000e+00,0.000000e+00,0.000000e+00,0.000000e+00,0.000000e+00,0.000000e+00,0.000000e+00,0.000000e+00,0.000000e+00,0.000000e+00,0.000000e+00,0.000000e+00,0.000000e+00
1.000000e+00,0.000000e+00,0.000000e+00,0.000000e+00,0.000000e+00,0.000000e+00,0.000000e+00,0.000000e+00,0.000000e+00,0.000000e+00,0.000000e+00,0.000000e+00,0.000000e+00,0.000000e+00,0.000000e+00
1.000000e+00,0.000000e+00,0.000000e+00,0.000000e+00,0.000000e+00,0.000000e+00,0.000000e+00,0.000000e+00,0.000000e+00,0.000000e+00,0.000000e+00,0.000000e+00,0.000000e+00,0.000000e+00,0.000000e+00
1.000000e+00,0.000000e+00,0.000000e+00,0.000000e+00,0.000000e+00,0.000000e+00,0.000000e+00,0.000000e+00,0.000000e+00,0.000000e+00,0.000000e+00,0.000000e+00,0.000000e+00,0.000000e+00,0.000000e+00
1.000000e+00,0.000000e+00,0.000000e+00,0.000000e+00,0.000000e+00,0.000000e+00,0.000000e+00,0.000000e+00,0.000000e+00,0.000000e+00,0.000000e+00,0.000000e+00,0.000000e+00,0.000000e+00,0.000000e+00
1.000000e+00,0.000000e+00,0.000000e+00,0.000000e+00,0.000000e+00,0.000000e+00,0.000000e+00,0.000000e+00,0.000000e+00,0.000000e+00,0.000000e+00,0.000000e+00,0.000000e+00,0.000000e+00,0.000000e+00
1.000000e+00,0.000000e+00,0.000000e+00,0.000000e+00,0.000000e+00,0.000000e+00,0.000000e+00,0.000000e+00,0.000000e+00,0.000000e+00,0.000000e+00,0.000000e+00,0.000000e+00,0.000000e+00,0.000000e+00
1.000000e+00,0.000000e+00,0.000000e+00,0.000000e+00,0.000000e+00,0.000000e+00,0.000000e+00,0.000000e+00,0.000000e+00,0.000000e+00,0.000000e+00,0.000000e+00,0.000000e+00,0.000000e+00,0.000000e+00
1.000000e+00,0.000000e+00,0.000000e+00,0.000000e+00,0.000000e+00,0.000000e+00,0.000000e+00,0.000000e+00,0.000000e+00,0.000000e+00,0.000000e+00,0.000000e+00,0.000000e+00,0.000000e+00,0.000000e+00
1.000000e+00,0.000000e+00,0.000000e+00,0.000000e+00,0.000000e+00,0.000000e+00,0.000000e+00,0.000000e+00,0.000000e+00,0.000000e+00,0.000000e+00,0.000000e+00,0.000000e+00,0.000000e+00,0.000000e+00
1.000000e+00,0.000000e+00,0.000000e+00,0.000000e+00,0.000000e+00,0.000000e+00,0.000000e+00,0.000000e+00,0.000000e+00,0.000000e+00,0.000000e+00,0.000000e+00,0.000000e+00,0.000000e+00,0.000000e+00
1.000000e+00,0.000000e+00,0.000000e+00,0.000000e+00,0.000000e+00,0.000000e+00,0.000000e+00,0.000000e+00,0.000000e+00,0.000000e+00,0.000000e+00,0.000000e+00,0.000000e+00,0.000000e+00,0.000000e+00
1.000000e+00,0.000000e+00,0.000000e+00,0.000000e+00,0.000000e+00,0.000000e+00,0.000000e+00,0.000000e+00,0.000000e+00,0.000000e+00,0.000000e+00,0.000000e+00,0.000000e+00,0.000000e+00,0.000000e+00
1.000000e+00,0.000000e+00,0.000000e+00,0.000000e+00,0.000000e+00,0.000000e+00,0.000000e+00,0.000000e+00,0.000000e+00,0.000000e+00,0.000000e+00,0.000000e+00,0.000000e+00,0.000000e+00,0.000000e+00
1.000000e+00,0.000000e+00,0.000000e+00,0.000000e+00,0.000000e+00,0.000000e+00,0.000000e+00,0.000000e+00,0.000000e+00,0.000000e+00,0.000000e+00,0.000000e+00,0.000000e+00,0.000000e+00,0.000000e+00
1.000000e+00,0.000000e+00,0.000000e+00,0.000000e+00,0.000000e+00,0.000000e+00,0.000000e+00,0.000000e+00,0.000000e+00,0.000000e+00,0.000000e+00,0.000000e+00,0.000000e+00,0.000000e+00,0.000000e+00
1.000000e+00,0.000000e+00,0.000000e+00,0.000000e+00,0.000000e+00,0.000000e+00,0.000000e+00,0.000000e+00,0.000000e+00,0.000000e+00,0.000000e+00,0.000000e+00,0.000000e+00,0.000000e+00,0.000000e+00
1.000000e+00,0.000000e+00,0.000000e+00,0.000000e+00,0.000000e+00,0.000000e+00,0.000000e+00,0.000000e+00,0.000000e+00,0.000000e+00,0.000000e+00,0.000000e+00,0.000000e+00,0.000000e+00,0.000000e+00
1.000000e+00,0.000000e+00,0.000000e+00,0.000000e+00,0.000000e+00,0.000000e+00,0.000000e+00,0.000000e+00,0.000000e+00,0.000000e+00,0.000000e+00,0.000000e+00,0.000000e+00,0.000000e+00,0.000000e+00
1.000000e+00,0.000000e+00,0.000000e+00,0.000000e+00,0.000000e+00,0.000000e+00,0.000000e+00,0.000000e+00,0.000000e+00,0.000000e+00,0.000000e+00,0.000000e+00,0.000000e+00,0.000000e+00,0.000000e+00
1.000000e+00,0.000000e+00,0.000000e+00,0.000000e+00,0.000000e+00,0.000000e+00,0.000000e+00,0.000000e+00,0.000000e+00,0.000000e+00,0.000000e+00,0.000000e+00,0.000000e+00,0.000000e+00,0.000000e+00
1.000000e+00,0.000000e+00,0.000000e+00,0.000000e+00,0.000000e+00,0.000000e+00,0.000000e+00,0.000000e+00,0.000000e+00,0.000000e+00,0.000000e+00,0.000000e+00,0.000000e+00,0.000000e+00,0.000000e+00
1.000000e+00,0.000000e+00,0.000000e+00,0.000000e+00,0.000000e+00,0.000000e+00,0.000000e+00,0.000000e+00,0.000000e+00,0.000000e+00,0.000000e+00,0.000000e+00,0.000000e+00,0.000000e+00,0.000000e+00
1.000000e+00,0.000000e+00,0.000000e+00,0.000000e+00,0.000000e+00,0.000000e+00,0.000000e+00,0.000000e+00,0.000000e+00,0.000000e+00,0.000000e+00,0.000000e+00,0.000000e+00,0.000000e+00,0.000000e+00
1.000000e+00,0.000000e+00,0.000000e+00,0.000000e+00,0.000000e+00,0.000000e+00,0.000000e+00,0.000000e+00,0.000000e+00,0.000000e+00,0.000000e+00,0.000000e+00,0.000000e+00,0.000000e+00,0.000000e+00
1.000000e+00,0.000000e+00,0.000000e+00,0.000000e+00,0.000000e+00,0.000000e+00,0.000000e+00,0.000000e+00,0.000000e+00,0.000000e+00,0.000000e+00,0.000000e+00,0.000000e+00,0.000000e+00,0.000000e+00
1.000000e+00,0.000000e+00,0.000000e+00,0.000000e+00,0.000000e+00,0.000000e+00,0.000000e+00,0.000000e+00,0.000000e+00,0.000000e+00,0.000000e+00,0.000000e+00,0.000000e+00,0.000000e+00,0.000000e+00
1.000000e+00,0.000000e+00,0.000000e+00,0.000000e+00,0.000000e+00,0.000000e+00,0.000000e+00,0.000000e+00,0.000000e+00,0.000000e+00,0.000000e+00,0.000000e+00,0.000000e+00,0.000000e+00,0.000000e+00
1.000000e+00,0.000000e+00,0.000000e+00,0.000000e+00,0.000000e+00,0.000000e+00,0.000000e+00,0.000000e+00,0.000000e+00,0.000000e+00,0.000000e+00,0.000000e+00,0.000000e+00,0.000000e+00,0.000000e+00
1.000000e+00,0.000000e+00,0.000000e+00,0.000000e+00,0.000000e+00,0.000000e+00,0.000000e+00,0.000000e+00,0.000000e+00,0.000000e+00,0.000000e+00,0.000000e+00,0.000000e+00,0.000000e+00,0.000000e+00
1.000000e+00,0.000000e+00,0.000000e+00,0.000000e+00,0.000000e+00,0.000000e+00,0.000000e+00,0.000000e+00,0.000000e+00,0.000000e+00,0.000000e+00,0.000000e+00,0.000000e+00,0.000000e+00,0.000000e+00
1.000000e+00,0.000000e+00,0.000000e+00,0.000000e+00,0.000000e+00,0.000000e+00,0.000000e+00,0.000000e+00,0.000000e+00,0.000000e+00,0.000000e+00,0.000000e+00,0.000000e+00,0.000000e+00,0.000000e+00
1.000000e+00,0.000000e+00,0.000000e+00,0.000000e+00,0.000000e+00,0.000000e+00,0.000000e+00,0.000000e+00,0.000000e+00,0.000000e+00,0.000000e+00,0.000000e+00,0.000000e+00,0.000000e+00,0.000000e+00
1.000000e+00,0.000000e+00,0.000000e+00,0.000000e+00,0.000000e+00,0.000000e+00,0.000000e+00,0.000000e+00,0.000000e+00,0.000000e+00,0.000000e+00,0.000000e+00,0.000000e+00,0.000000e+00,0.000000e+00
1.000000e+00,0.000000e+00,0.000000e+00,0.000000e+00,0.000000e+00,0.000000e+00,0.000000e+00,0.000000e+00,0.000000e+00,0.000000e+00,0.000000e+00,0.000000e+00,0.000000e+00,0.000000e+00,0.000000e+00
1.000000e+00,0.000000e+00,0.000000e+00,0.000000e+00,0.000000e+00,0.000000e+00,0.000000e+00,0.000000e+00,0.000000e+00,0.000000e+00,0.000000e+00,0.000000e+00,0.000000e+00,0.000000e+00,0.000000e+00
1.000000e+00,0.000000e+00,0.000000e+00,0.000000e+00,0.000000e+00,0.000000e+00,0.000000e+00,0.000000e+00,0.000000e+00,0.000000e+00,0.000000e+00,0.000000e+00,0.000000e+00,0.000000e+00,0.000000e+00
1.000000e+00,0.000000e+00,0.000000e+00,0.000000e+00,0.000000e+00,0.000000e+00,0.000000e+00,0.000000e+00,0.000000e+00,0.000000e+00,0.000000e+00,0.000000e+00,0.000000e+00,0.000000e+00,0.000000e+00
1.000000e+00,0.000000e+00,0.000000e+00,0.000000e+00,0.000000e+00,0.000000e+00,0.000000e+00,0.000000e+00,0.000000e+00,0.000000e+00,0.000000e+00,0.000000e+00,0.000000e+00,0.000000e+00,0.000000e+00
1.000000e+00,0.000000e+00,0.000000e+00,0.000000e+00,0.000000e+00,0.000000e+00,0.000000e+00,0.000000e+00,0.000000e+00,0.000000e+00,0.000000e+00,0.000000e+00,0.000000e+00,0.000000e+00,0.000000e+00
1.000000e+00,0.000000e+00,0.000000e+00,0.000000e+00,0.000000e+00,0.000000e+00,0.000000e+00,0.000000e+00,0.000000e+00,0.000000e+00,0.000000e+00,0.000000e+00,0.000000e+00,0.000000e+00,0.000000e+00
1.000000e+00,0.000000e+00,0.000000e+00,0.000000e+00,0.000000e+00,0.000000e+00,0.000000e+00,0.000000e+00,0.000000e+00,0.000000e+00,0.000000e+00,0.000000e+00,0.000000e+00,0.000000e+00,0.000000e+00
1.000000e+00,0.000000e+00,0.000000e+00,0.000000e+00,0.000000e+00,0.000000e+00,0.000000e+00,0.000000e+00,0.000000e+00,0.000000e+00,0.000000e+00,0.000000e+00,0.000000e+00,0.000000e+00,0.000000e+00
1.000000e+00,0.000000e+00,0.000000e+00,0.000000e+00,0.000000e+00,0.000000e+00,0.000000e+00,0.000000e+00,0.000000e+00,0.000000e+00,0.000000e+00,0.000000e+00,0.000000e+00,0.000000e+00,0.000000e+00
1.000000e+00,0.000000e+00,0.000000e+00,0.000000e+00,0.000000e+00,0.000000e+00,0.000000e+00,0.000000e+00,0.000000e+00,0.000000e+00,0.000000e+00,0.000000e+00,0.000000e+00,0.000000e+00,0.000000e+00
1.000000e+00,0.000000e+00,0.000000e+00,0.000000e+00,0.000000e+00,0.000000e+00,0.000000e+00,0.000000e+00,0.000000e+00,0.000000e+00,0.000000e+00,0.000000e+00,0.000000e+00,0.000000e+00,0.000000e+00
1.000000e+00,0.000000e+00,0.000000e+00,0.000000e+00,0.000000e+00,0.000000e+00,0.000000e+00,0.000000e+00,0.000000e+00,0.000000e+00,0.000000e+00,0.000000e+00,0.000000e+00,0.000000e+00,0.000000e+00
3.729416e-01,2.695176e-02,4.533779e-03,2.548035e-01,7.650626e-03,2.328186e-02,4.763347e-03,8.358190e-03,1.187563e-01,3.602752e-03,1.083084e-02,1.983849e-02,1.013589e-01,1.379152e-03,4.094895e-02
2.629067e-01,3.396998e-02,3.578246e-03,3.547531e-01,6.099438e-03,1.696776e-02,3.433940e-03,5.950948e-03,1.560432e-01,2.604253e-03,1.716711e-02,1.943277e-02,8.669377e-02,1.012288e-03,2.938648e-02
1.849446e-01,2.435585e-02,2.860978e-03,3.538579e-01,5.880233e-03,1.217376e-02,2.796686e-03,4.191955e-03,1.234295e-01,8.037340e-03,1.648213e-02,1.509686e-01,8.690206e-02,7.999524e-04,2.231845e-02
1.333113e-01,1.717479e-02,2.045663e-03,2.570892e-01,4.671397e-03,8.900858e-03,2.074116e-03,2.950956e-03,9.418934e-02,1.368264e-02,1.322238e-02,3.443981e-01,8.548487e-02,2.069318e-03,1.873506e-02
1.204907e-01,1.219121e-02,1.506803e-03,1.837008e-01,4.353876e-03,2.261208e-02,2.198890e-03,2.219988e-03,8.463043e-02,1.472698e-02,3.152703e-02,3.511871e-01,1.367317e-01,1.593768e-02,1.598482e-02
8.820099e-02,8.789158e-03,1.628183e-03,1.302860e-01,4.611250e-03,2.366251e-02,1.754534e-03,1.596201e-03,6.813883e-02,1.425469e-02,7.781963e-02,4.370660e-01,1.143651e-01,1.429029e-02,1.353670e-02
6.365824e-02,6.324614e-03,1.176185e-03,9.141665e-02,3.875085e-03,2.338812e-02,1.275089e-03,1.192053e-03,5.406650e-02,1.087572e-02,1.245087e-01,4.949023e-01,9.990302e-02,1.358247e-02,9.855329e-03
4.499989e-02,5.292195e-03,9.441372e-04,6.427215e-02,2.977390e-03,1.988933e-02,9.206157e-04,1.005860e-03,5.085491e-02,8.268976e-03,2.180573e-01,4.832743e-01,8.033054e-02,1.182852e-02,7.083914e-03
3.167508e-02,3.784053e-03,6.828165e-04,4.503415e-02,2.243149e-03,1.600633e-02,6.512364e-04,7.546729e-04,3.808164e-02,5.933420e-03,4.093236e-01,3.735351e-01,5.645382e-02,1.085410e-02,4.986856e-03
2.237088e-02,3.126285e-03,5.058864e-04,3.156756e-02,1.675645e-03,1.468818e-02,4.682754e-04,6.241659e-04,3.258444e-02,4.405562e-03,4.784285e-01,3.506543e-01,3.988156e-02,1.541724e-02,3.601512e-03
1.573962e-02,4.266567e-03,4.831189e-04,2.236766e-02,1.615391e-03,1.950740e-02,3.929819e-04,2.162114e-03,7.525969e-02,3.356159e-03,4.169766e-01,3.937752e-01,2.814389e-02,1.330745e-02,2.646257e-03
1.108966e-02,4.805182e-03,3.565654e-04,1.570548e-02,1.332514e-03,1.709899e-02,2.879779e-04,1.721892e-03,9.223759e-02,2.600706e-03,4.238809e-01,3.886342e-01,1.984474e-02,1.844698e-02,1.956615e-03
8.068730e-03,5.984862e-03,5.928613e-04,1.148138e-02,1.920366e-03,1.554753e-02,3.506320e-04,6.613096e-03,1.573210e-01,2.948662e-03,3.659749e-01,3.895559e-01,1.423352e-02,1.787790e-02,1.528578e-03
5.789138e-03,4.547068e-03,4.387239e-04,8.101859e-03,1.455931e-03,1.316218e-02,2.571454e-04,4.702305e-03,1.422544e-01,2.354600e-03,3.765729e-01,4.090431e-01,1.083706e-02,1.930408e-02,1.179454e-03
4.261010e-03,3.627598e-03,3.270717e-04,5.738415e-03,1.263679e-03,1.144567e-02,1.953020e-04,3.349098e-03,1.457575e-01,1.987950e-03,4.444538e-01,3.482628e-01,8.748434e-03,1.968858e-02,8.930293e-04
3.089406e-03,3.135121e-03,2.663836e-04,4.056691e-03,1.928763e-03,1.142502e-02,1.992972e-04,2.431514e-03,2.155734e-01,1.975934e-03,4.452690e-01,2.873089e-01,7.662070e-03,1.493211e-02,7.463852e-04
2.218721e-03,2.401609e-03,1.986270e-04,2.895331e-03,1.889671e-03,9.741952e-03,2.102217e-04,1.788113e-03,1.905310e-01,2.051126e-03,5.244077e-01,2.421602e-01,7.605681e-03,1.125683e-02,6.431983e-04
1.768990e-03,1.899234e-03,1.959884e-04,2.243962e-03,3.637124e-03,7.503530e-03,3.550448e-04,1.581408e-03,1.634538e-01,2.264498e-03,6.128694e-01,1.854450e-01,7.802690e-03,8.197673e-03,7.816168e-04
1.413941e-03,2.103454e-03,2.493966e-04,1.738138e-03,3.921409e-03,7.215681e-03,3.469758e-04,2.012796e-03,1.480931e-01,1.913962e-03,6.712382e-01,1.339918e-01,1.887555e-02,6.020964e-03,8.646846e-04
1.417058e-03,3.252836e-03,7.103674e-04,2.311117e-03,1.154479e-02,1.178526e-02,1.546296e-03,1.063189e-02,3.402514e-01,2.614672e-03,4.969781e-01,9.556637e-02,1.593388e-02,4.275349e-03,1.180753e-03
1.085708e-03,5.241459e-03,7.189254e-04,3.056502e-03,1.212451e-02,2.689334e-02,1.211718e-03,1.085284e-02,5.042599e-01,2.202581e-03,3.491664e-01,6.724241e-02,1.166076e-02,3.036115e-03,1.246893e-03
1.120270e-03,6.848065e-03,1.096870e-03,5.422675e-03,1.796693e-02,3.434181e-02,1.113324e-03,1.691314e-02,6.071004e-01,2.244350e-03,2.460270e-01,4.748723e-02,8.682568e-03,2.167275e-03,1.468132e-03
3.378472e-03,8.446294e-03,1.039874e-03,7.275355e-03,7.282267e-02,3.227323e-02,1.958742e-03,1.642022e-02,6.370754e-01,2.419357e-03,1.730610e-01,3.336706e-02,6.378601e-03,1.534781e-03,2.549069e-03
6.068305e-03,7.560465e-03,1.574105e-03,3.543806e-02,8.354504e-02,4.563046e-02,3.553376e-03,6.279019e-02,5.940904e-01,3.204724e-03,1.217483e-01,2.377839e-02,5.378958e-03,1.129920e-03,4.509369e-03
1.024707e-02,7.686755e-03,1.605328e-03,2.752147e-02,1.090095e-01,4.427480e-02,4.643802e-03,1.411675e-01,5.394522e-01,2.756096e-03,8.536077e-02,1.682455e-02,4.040071e-03,8.248065e-04,4.585332e-03
1.493988e-02,9.518293e-03,2.487546e-03,2.257271e-02,9.442763e-02,7.293595e-02,4.496388e-03,2.304372e-01,4.619541e-01,3.138850e-03,5.992082e-02,1.200014e-02,3.091336e-03,6.460242e-04,7.433020e-03
1.648098e-02,1.123808e-02,3.948846e-03,1.965915e-02,7.274612e-02,7.320230e-02,3.808719e-03,3.618997e-01,3.612267e-01,4.434636e-03,4.223502e-02,8.792432e-03,2.744256e-03,4.998855e-04,1.708313e-02
1.626107e-02,1.706401e-02,3.806974e-02,4.535136e-02,6.261735e-02,6.632978e-02,7.931671e-03,2.778389e-01,3.071105e-01,1.079779e-02,3.820867e-02,2.644365e-02,4.320690e-02,8.051400e-04,4.196346e-02
1.235744e-02,1.276210e-02,2.789267e-02,3.996824e-02,4.627732e-02,5.180686e-02,7.318922e-03,1.971038e-01,2.448124e-01,9.594416e-03,4.223749e-02,1.148278e-01,1.590499e-01,8.570781e-04,3.313342e-02
9.056860e-03,9.257923e-03,2.125613e-02,3.220863e-02,3.540161e-02,4.398177e-02,6.257096e-03,1.390555e-01,1.779555e-01,8.218201e-03,4.995305e-02,1.306941e-01,3.090000e-01,8.762989e-04,2.682737e-02
7.100257e-03,6.875934e-03,1.529456e-02,2.356410e-02,2.565580e-02,3.518634e-02,4.922580e-03,9.815006e-02,1.540895e-01,8.284054e-03,5.213246e-02,1.147143e-01,4.274681e-01,1.075716e-03,2.548623e-02
7.525438e-03,6.753136e-03,1.191445e-02,2.082353e-02,1.919201e-02,5.397108e-02,5.403202e-03,6.888968e-02,2.140976e-01,8.126002e-03,4.116721e-02,1.659713e-01,3.340515e-01,8.383211e-03,3.373063e-02
6.776634e-03,5.628125e-03,8.631219e-03,1.661961e-02,1.472274e-02,4.004287e-02,4.212135e-03,4.857250e-02,2.023584e-01,7.599344e-03,4.879039e-02,3.114761e-01,2.464307e-01,1.165192e-02,2.648734e-02
5.225009e-03,4.143559e-03,6.181766e-03,1.232907e-02,1.088725e-02,2.911007e-02,3.240539e-03,3.418603e-02,1.457062e-01,5.856562e-03,1.032973e-01,4.305432e-01,1.762559e-01,1.371849e-02,1.931903e-02
4.345854e-03,3.207804e-03,4.530405e-03,1.018111e-02,8.630251e-03,2.365848e-02,2.425293e-03,2.428569e-02,1.067184e-01,5.778880e-03,1.555711e-01,4.912692e-01,1.302521e-01,1.446574e-02,1.467972e-02
3.370509e-03,2.399270e-03,3.218882e-03,7.283214e-03,6.288724e-03,1.734864e-02,1.716946e-03,1.711215e-02,7.655075e-02,5.088266e-03,1.967092e-01,5.465557e-01,9.202508e-02,1.380692e-02,1.052569e-02
3.205197e-03,1.958558e-03,2.469696e-03,5.213453e-03,4.846986e-03,1.461961e-02,1.279045e-03,1.227372e-02,5.450805e-02,4.315778e-03,2.287723e-01,5.793568e-01,6.494119e-02,1.468323e-02,7.556403e-03
6.694875e-03,1.968009e-03,2.871230e-03,5.197236e-03,5.603559e-03,1.288325e-02,1.307814e-03,1.202117e-02,3.994394e-02,4.209268e-03,3.010724e-01,5.318667e-01,4.646590e-02,2.208914e-02,5.805460e-03
9.615245e-03,1.900265e-03,2.539480e-03,5.146969e-03,5.959570e-03,1.230163e-02,1.318529e-03,9.895841e-03,3.571422e-02,4.229251e-03,3.782939e-01,4.647848e-01,3.370615e-02,2.877127e-02,5.822813e-03
1.367335e-02,2.075323e-03,2.182660e-03,4.220472e-03,5.202954e-03,2.231584e-02,1.391344e-03,7.743217e-03,2.854608e-02,3.782412e-03,4.211217e-01,4.301021e-01,2.477351e-02,2.754054e-02,5.328479e-03
1.526303e-02,4.434431e-03,2.732985e-03,3.815376e-03,4.258824e-02,1.718626e-02,3.161230e-03,6.872964e-03,2.385686e-02,3.854219e-03,4.691370e-01,3.559319e-01,1.899194e-02,2.806375e-02,4.109709e-03
1.331546e-02,3.902027e-03,2.217390e-03,2.968791e-03,3.849339e-02,1.293204e-02,2.935372e-03,5.185931e-03,1.819298e-02,3.309774e-03,5.795069e-01,2.722195e-01,1.446993e-02,2.726019e-02,3.090216e-03
1.401713e-02,5.772513e-03,1.874662e-02,5.953681e-03,6.467942e-02,1.049973e-02,2.785809e-03,8.482040e-03,1.805216e-02,5.115300e-03,5.759495e-01,2.257163e-01,1.079106e-02,3.068157e-02,2.757109e-03
1.427443e-02,9.295912e-03,5.961931e-02,1.585751e-02,9.698100e-02,1.689872e-02,1.298627e-02,1.015566e-01,1.407518e-02,6.299550e-03,4.375522e-01,1.803729e-01,8.341359e-03,2.384469e-02,2.044312e-03
1.256764e-02,7.298773e-03,8.387555e-02,2.446399e-02,1.694452e-01,1.379783e-02,1.453777e-02,1.818173e-01,1.042486e-02,4.975557e-03,3.171957e-01,1.347870e-01,6.158760e-03,1.719473e-02,1.459278e-03
1.306407e-02,6.206484e-03,2.156365e-01,6.745397e-02,1.779448e-01,1.180589e-02,1.045290e-02,1.472126e-01,7.950470e-03,3.737198e-03,2.252365e-01,9.563473e-02,4.408156e-03,1.222194e-02,1.033826e-03
1.262686e-02,1.118776e-02,2.385789e-01,8.461198e-02,2.448096e-01,3.268895e-02,8.568536e-03,1.085066e-01,6.668111e-03,3.330126e-03,1.651691e-01,6.985201e-02,3.207682e-03,9.403427e-03,7.902330e-04
1.445417e-02,1.523455e-02,2.641048e-01,9.002134e-02,2.554188e-01,8.119924e-02,6.477581e-03,7.728710e-02,8.075080e-03,4.629768e-03,1.214440e-01,5.037357e-02,2.304572e-03,8.021177e-03,9.542702e-04
1.353632e-02,1.388347e-02,4.111586e-01,9.768108e-02,1.996594e-01,6.423277e-02,4.629372e-03,5.505001e-02,6.212236e-03,3.826072e-03,8.577920e-02,3.603306e-02,1.651927e-03,5.771231e-03,8.953103e-04
1.992656e-02,2.133622e-02,4.287689e-01,8.094462e-02,2.289627e-01,7.245651e-02,3.469904e-03,3.974722e-02,4.955633e-03,3.690124e-03,6.226449e-02,2.631707e-02,1.238888e-03,4.723301e-03,1.197821e-03
2.406448e-02,2.701510e-02,3.356279e-01,6.945379e-02,3.643417e-01,6.987555e-02,2.901441e-03,2.859375e-02,3.833404e-03,3.505454e-03,4.566953e-02,1.907024e-02,1.000649e-03,3.599549e-03,1.447500e-03
2.202640e-02,3.354420e-02,2.842594e-01,6.428125e-02,4.499871e-01,6.417007e-02,2.400089e-03,2.171713e-02,3.206213e-03,2.825505e-03,3.241558e-02,1.418237e-02,8.320280e-04,2.700205e-03,1.452515e-03
1.781160e-02,8.540332e-02,2.758962e-01,5.099140e-02,3.201299e-01,4.784164e-02,1.689477e-03,1.536758e-02,1.558967e-02,4.219415e-03,7.988038e-02,1.084489e-02,3.069094e-03,3.268834e-02,3.857709e-02
1.289647e-02,6.548727e-02,2.001219e-01,4.058760e-02,2.257479e-01,3.470279e-02,1.192222e-03,1.082778e-02,5.950620e-02,4.258407e-03,1.706237e-01,9.006137e-03,6.755881e-03,1.181056e-01,4.018020e-02
9.498873e-03,6.231780e-02,1.440032e-01,3.071323e-02,1.589179e-01,2.668892e-02,8.771814e-04,7.985150e-03,5.771502e-02,5.716158e-03,2.985903e-01,7.850001e-03,1.006203e-02,1.398104e-01,3.925385e-02
6.733862e-03,4.516114e-02,1.027207e-01,2.163253e-02,1.114949e-01,1.913130e-02,6.246889e-04,5.631909e-03,4.611481e-02,5.325629e-03,3.870748e-01,9.470385e-03,8.603622e-03,2.003624e-01,2.991736e-02
4.818822e-03,3.235494e-02,7.277357e-02,1.539629e-02,7.822359e-02,1.387498e-02,4.462128e-04,3.962642e-03,3.459358e-02,4.524102e-03,3.980389e-01,9.838820e-03,6.428865e-03,3.031351e-01,2.158955e-02
3.432663e-03,2.285482e-02,5.103652e-02,1.093915e-02,5.507398e-02,1.016684e-02,3.191616e-04,2.782825e-03,2.939049e-02,3.535113e-03,3.522060e-01,8.461001e-03,4.579703e-03,4.299668e-01,1.525490e-02
2.459008e-03,1.641369e-02,3.603607e-02,7.737760e-03,4.817966e-02,7.397207e-03,2.398399e-04,1.968182e-03,5.213974e-02,3.165432e-03,2.967060e-01,6.597307e-03,3.311505e-03,5.052002e-01,1.244837e-02
1.776679e-03,1.160938e-02,2.582044e-02,5.555501e-03,4.259495e-02,5.936935e-03,1.934347e-04,1.401985e-03,6.910951e-02,2.726130e-03,2.830355e-01,5.153686e-03,2.398269e-03,5.321640e-01,1.052363e-02
1.491837e-03,8.309470e-03,1.851608e-02,4.609004e-03,6.242221e-02,5.034707e-03,3.367408e-04,1.169249e-03,1.002252e-01,4.485907e-03,2.743928e-01,4.302904e-03,2.070829e-03,5.033643e-01,9.268821e-03
1.294418e-03,6.062504e-03,1.321496e-02,3.445186e-03,6.373297e-02,9.286795e-03,2.717410e-04,9.275214e-04,1.436267e-01,3.673178e-03,2.248777e-01,3.304855e-03,1.559378e-03,5.174043e-01,7.317730e-03
1.041383e-03,5.010206e-03,9.883972e-03,2.573815e-03,5.050363e-02,1.081357e-02,2.182266e-04,7.005074e-04,2.388717e-01,3.861676e-03,1.850037e-01,2.661613e-03,1.181422e-03,4.797430e-01,7.931530e-03
7.860913e-04,4.164667e-03,7.653989e-03,1.945912e-03,3.595738e-02,9.109934e-03,1.609961e-04,5.076049e-04,3.708208e-01,4.233243e-03,1.345308e-01,1.901004e-03,8.811358e-04,4.208782e-01,6.468206e-03
6.421888e-04,3.250058e-03,5.941469e-03,3.326463e-03,2.570659e-02,7.291074e-03,1.300465e-04,4.158943e-04,5.314777e-01,4.474591e-03,9.943196e-02,1.372693e-03,6.815644e-04,3.101717e-01,5.685979e-03
6.210433e-04,3.478331e-03,6.139981e-03,1.031211e-02,2.011199e-02,6.062759e-03,2.252893e-04,2.371244e-03,6.446866e-01,4.366822e-03,7.124297e-02,1.006939e-03,7.250835e-04,2.232904e-01,5.358391e-03
8.045838e-04,2.891411e-03,4.714257e-03,1.115550e-02,1.567667e-02,5.632870e-03,2.420491e-04,1.705078e-03,7.266303e-01,4.702540e-03,5.518156e-02,8.118812e-04,1.315274e-03,1.615225e-01,7.013449e-03
3.737646e-03,3.320997e-03,6.329532e-03,4.962349e-02,1.314114e-02,6.690036e-03,4.138277e-04,2.690889e-03,6.634269e-01,6.588407e-03,9.878440e-02,2.194596e-03,1.050894e-02,1.252495e-01,7.299653e-03
4.180729e-03,6.567115e-03,1.060859e-02,4.074819e-02,1.446248e-02,6.496198e-03,4.210455e-04,2.114560e-03,5.472633e-01,8.201402e-02,1.300026e-01,5.178493e-03,2.485315e-02,1.166840e-01,8.405501e-03
7.016814e-03,1.175260e-02,1.516217e-02,3.203376e-02,1.566408e-02,8.559722e-03,5.266544e-04,2.341544e-03,4.587944e-01,1.407673e-01,1.338204e-01,6.202390e-03,2.581129e-02,1.151801e-01,2.636671e-02
2.872046e-02,1.386687e-02,4.464607e-02,2.572717e-02,2.472841e-02,1.333291e-02,7.038728e-04,7.167557e-03,3.606121e-01,1.491310e-01,1.686636e-01,5.481719e-03,2.411009e-02,1.089173e-01,2.419086e-02
4.627386e-02,1.306055e-02,1.236787e-01,2.171726e-02,3.234095e-02,1.616785e-02,7.251824e-04,8.825784e-03,2.813727e-01,1.736883e-01,1.428019e-01,4.488961e-03,1.930543e-02,8.985306e-02,2.569944e-02
6.501251e-02,3.326726e-02,1.093568e-01,2.122156e-02,4.622186e-02,8.119224e-02,9.714272e-04,7.268179e-03,2.387110e-01,1.674896e-01,1.128258e-01,3.514045e-03,1.424828e-02,7.583423e-02,2.286514e-02
7.586595e-02,3.170796e-02,1.875460e-01,1.078717e-01,5.165339e-02,6.006855e-02,1.260591e-03,1.217224e-02,1.756969e-01,1.245185e-01,8.120671e-02,3.833145e-03,1.053546e-02,5.466879e-02,2.139404e-02
7.342900e-02,2.935777e-02,2.262707e-01,8.394127e-02,3.717338e-02,4.545207e-02,9.306673e-04,9.247482e-03,1.289362e-01,2.254851e-01,6.371361e-02,3.820417e-03,8.411548e-03,4.062261e-02,2.320813e-02
6.387971e-02,2.512424e-02,1.668688e-01,1.115379e-01,3.135755e-02,5.385215e-02,8.963760e-04,1.497239e-02,1.106947e-01,2.469419e-01,8.999964e-02,6.545071e-03,1.893593e-02,3.800181e-02,2.039183e-02
5.646190e-02,2.441199e-02,1.219162e-01,1.206122e-01,2.833865e-02,5.606246e-02,8.040362e-04,2.203266e-02,9.173156e-02,2.507477e-01,1.336607e-01,1.004736e-02,3.050629e-02,3.597262e-02,1.669374e-02
5.691890e-02,2.138418e-02,9.188379e-02,9.165987e-02,2.318353e-02,1.254542e-01,7.526673e-04,1.947299e-02,7.739049e-02,2.939095e-01,1.197304e-01,9.484794e-03,2.364150e-02,2.981339e-02,1.531989e-02
5.482370e-02,1.875738e-02,7.036011e-02,6.557307e-02,2.252842e-02,1.033794e-01,7.228666e-04,1.724753e-02,5.913633e-02,4.185337e-01,1.003937e-01,7.588889e-03,1.750034e-02,3.053302e-02,1.292153e-02
5.119503e-02,1.519604e-02,5.069454e-02,4.640544e-02,1.743588e-02,7.420611e-02,5.551705e-04,1.380454e-02,4.365531e-02,5.509400e-01,7.918395e-02,5.780545e-03,1.268866e-02,2.789229e-02,1.036649e-02
6.986152e-02,2.535787e-02,4.024560e-02,3.650803e-02,1.829030e-02,5.541938e-02,5.877074e-04,2.037540e-02,4.828323e-02,5.276922e-01,7.688966e-02,5.111844e-03,1.016281e-02,4.741746e-02,1.779698e-02
8.128378e-02,2.620186e-02,3.092057e-02,3.096824e-02,1.910392e-02,4.219669e-02,6.697206e-04,2.348077e-02,4.718798e-02,5.425625e-01,6.599951e-02,4.589556e-03,8.189129e-03,5.409845e-02,2.254735e-02
9.514196e-02,2.707043e-02,2.908065e-02,3.183975e-02,2.694532e-02,3.353138e-02,1.267442e-03,2.039874e-02,6.034746e-02,5.115747e-01,6.208540e-02,4.298553e-03,7.489219e-03,6.510485e-02,2.382410e-02
1.373077e-01,4.507180e-02,2.607403e-02,2.690489e-02,4.337022e-02,2.638488e-02,1.810595e-03,1.911938e-02,6.193580e-02,4.456708e-01,5.302857e-02,6.140868e-03,6.733647e-03,7.551247e-02,2.493444e-02
1.002554e-01,4.581481e-02,2.257983e-02,1.956534e-02,3.065773e-02,2.994681e-02,1.358139e-03,1.353781e-02,8.920094e-02,3.357177e-01,3.945887e-02,4.588531e-03,5.111007e-03,5.978101e-02,2.024261e-01
7.201106e-02,3.554185e-02,1.645173e-02,1.586493e-02,2.165626e-02,2.178397e-02,9.867941e-04,9.684886e-03,2.330919e-01,2.414812e-01,2.963199e-02,3.430331e-03,6.527047e-03,4.268987e-02,2.491663e-01
5.551340e-02,2.988688e-02,1.292769e-02,1.244897e-02,1.604673e-02,1.930059e-02,8.959313e-04,7.154310e-03,3.366557e-01,2.126558e-01,2.500310e-02,2.659317e-03,8.545263e-03,3.424586e-02,2.260604e-01
4.227535e-02,2.701946e-02,9.500158e-03,8.977851e-03,1.144852e-02,1.394187e-02,6.494588e-04,5.084396e-03,3.126146e-01,2.169766e-01,1.854824e-02,1.935026e-03,6.585970e-03,2.744683e-02,2.969958e-01
4.373690e-02,2.308587e-02,7.160633e-03,6.411538e-03,8.682458e-03,1.070729e-02,5.006209e-04,3.690558e-03,2.474241e-01,1.636161e-01,1.657527e-02,1.436757e-03,5.033844e-03,4.830473e-02,4.136333e-01
3.364903e-02,1.917192e-02,7.973031e-03,5.555301e-03,6.940121e-03,8.342135e-03,3.800234e-04,2.734522e-03,3.525819e-01,1.278655e-01,1.249397e-02,1.069350e-03,3.845845e-03,3.772074e-02,3.796766e-01
2.910937e-02,1.540743e-02,7.842790e-03,4.183367e-03,5.267040e-03,6.752277e-03,3.054821e-04,1.959386e-03,2.778555e-01,9.528468e-02,9.347950e-03,8.716590e-04,3.011263e-03,4.630329e-02,4.964985e-01
3.119561e-02,1.346434e-02,2.066365e-02,3.956149e-03,4.659723e-03,6.432606e-03,3.007591e-04,1.541965e-03,2.206892e-01,7.443269e-02,8.050675e-03,9.138628e-04,3.378019e-03,5.807168e-02,5.522490e-01
4.162532e-02,1.460952e-02,2.551889e-02,3.341971e-03,6.816949e-03,6.440285e-03,2.766235e-04,1.133865e-03,2.037724e-01,5.942539e-02,1.521194e-02,9.247968e-04,3.797698e-03,8.331417e-02,5.337902e-01
3.924358e-02,1.256956e-02,2.348017e-02,2.854385e-03,6.208276e-03,6.531998e-03,2.839403e-04,8.965170e-04,2.761762e-01,4.597458e-02,3.391438e-02,9.321712e-04,5.585020e-03,7.080974e-02,4.745395e-01
3.891163e-02,1.018724e-02,1.738424e-02,2.268458e-03,6.066723e-03,6.006374e-03,2.782474e-04,6.785278e-04,3.088608e-01,3.469240e-02,3.140776e-02,8.220866e-04,5.385811e-03,6.560128e-02,4.714484e-01
3.088879e-02,9.560144e-03,1.430062e-02,3.454727e-03,5.200698e-03,5.017668e-03,2.220235e-04,7.045846e-04,4.471948e-01,2.618905e-02,2.372440e-02,7.698199e-04,4.141159e-03,4.941687e-02,3.792147e-01
2.427825e-02,8.082779e-03,1.307961e-02,3.444810e-03,4.705209e-03,4.070123e-03,1.901760e-04,5.818006e-04,5.473467e-01,2.622671e-02,1.866787e-02,6.144582e-04,3.116058e-03,5.076400e-02,2.948315e-01
2.089705e-02,7.390728e-03,1.304172e-02,2.724113e-03,4.851524e-03,3.069518e-03,1.565922e-04,4.663007e-04,5.659138e-01,7.077409e-02,1.550147e-02,4.830756e-04,2.351024e-03,4.708494e-02,2.452940e-01
1.670413e-02,6.045831e-03,1.477708e-02,2.080712e-03,3.900647e-03,2.313690e-03,1.307820e-04,4.178341e-04,5.909092e-01,7.836842e-02,1.175123e-02,3.659134e-04,1.780159e-03,4.321313e-02,2.272412e-01
1.766362e-02,5.614392e-03,1.428981e-02,1.799512e-03,3.668048e-03,1.881806e-03,1.193035e-04,4.359121e-04,6.015928e-01,8.396693e-02,9.613124e-03,2.901077e-04,1.458065e-03,4.337018e-02,2.142364e-01
2.300956e-02,6.075858e-03,1.186299e-02,1.603951e-03,3.630649e-03,2.229930e-03,1.157212e-04,3.645952e-04,4.978416e-01,8.607235e-02,8.717837e-03,2.904154e-04,1.802848e-03,9.846175e-02,2.579200e-01
2.045914e-02,5.934376e-03,9.966221e-03,1.495867e-03,2.986890e-03,1.895836e-03,9.076169e-05,3.983416e-04,4.808322e-01,9.342302e-02,6.782276e-03,2.504712e-04,1.564694e-03,1.263955e-01,2.475245e-01
2.784559e-02,5.582299e-03,1.018356e-02,1.525092e-03,3.589405e-03,1.901503e-03,8.103867e-05,8.921342e-04,5.379497e-01,7.460458e-02,6.113676e-03,2.226253e-04,1.298876e-03,1.002535e-01,2.279564e-01
3.047897e-02,7.602972e-03,6.276077e-02,2.082425e-02,1.069675e-02,2.503810e-03,1.213087e-04,6.268821e-03,5.176319e-01,6.975966e-02,5.118008e-03,2.106996e-04,1.047583e-03,7.185429e-02,1.931201e-01
5.119607e-02,1.124530e-02,5.672991e-02,1.834867e-02,1.808190e-02,4.634262e-03,1.736801e-04,1.346480e-02,4.818342e-01,8.098378e-02,4.037954e-03,1.988810e-04,8.767598e-04,5.546850e-02,2.027253e-01
4.990644e-02,1.521445e-02,6.143779e-02,3.775339e-02,2.137447e-02,4.607061e-03,2.866461e-04,1.545111e-02,4.187448e-01,7.879522e-02,3.138385e-03,2.049450e-04,9.065876e-04,4.043606e-02,2.517427e-01
7.748722e-02,1.727092e-02,7.266849e-02,4.144376e-02,4.220249e-02,6.100308e-03,3.771671e-04,1.786100e-02,3.854417e-01,6.457293e-02,2.671743e-03,2.302199e-04,9.592203e-04,3.212108e-02,2.385918e-01
6.920815e-02,2.789696e-02,8.639512e-02,1.014125e-01,4.562103e-02,5.376140e-03,4.368090e-04,2.146747e-02,3.370734e-01,5.307899e-02,2.203318e-03,3.704353e-04,9.188055e-04,2.363754e-02,2.249033e-01
7.746398e-02,2.476819e-02,1.106094e-01,8.676389e-02,5.313105e-02,5.246781e-03,5.052922e-04,2.155340e-02,3.347656e-01,4.489565e-02,2.548081e-03,6.021088e-04,8.648538e-04,2.350640e-02,2.127753e-01
9.152927e-02,3.115338e-02,1.004802e-01,8.827818e-02,6.182220e-02,5.907720e-03,1.355202e-03,3.990776e-02,2.872097e-01,4.830121e-02,2.770972e-03,8.167507e-04,1.282085e-03,2.497099e-02,2.142144e-01
1.314781e-01,4.058658e-02,8.311237e-02,8.857583e-02,8.168387e-02,9.575032e-03,1.859692e-03,3.374925e-02,2.580242e-01,4.102004e-02,3.837589e-03,9.279116e-04,1.615934e-03,3.151177e-02,1.924419e-01
1.569351e-01,4.606122e-02,7.023454e-02,9.326714e-02,9.578615e-02,1.435339e-02,3.013466e-03,4.085338e-02,2.205161e-01,3.471021e-02,4.593065e-03,1.090688e-03,2.134027e-03,3.017379e-02,1.862776e-01
1.407510e-01,5.341227e-02,7.857071e-02,1.062892e-01,9.926367e-02,1.669412e-02,5.471568e-03,3.595554e-02,1.694730e-01,3.260233e-02,4.149095e-03,1.095309e-03,1.937123e-03,2.815554e-02,2.261795e-01
1.532164e-01,6.370178e-02,7.701309e-02,9.631436e-02,9.212343e-02,1.745412e-02,5.412423e-03,2.754269e-02,1.460095e-01,3.237785e-02,4.326903e-03,1.075667e-03,2.093058e-03,2.767396e-02,2.536647e-01
1.399106e-01,8.004574e-02,7.015585e-02,1.075801e-01,9.305727e-02,1.876056e-02,6.061579e-03,2.208819e-02,1.185452e-01,3.031313e-02,4.637566e-03,1.272222e-03,2.191362e-03,2.826511e-02,2.771155e-01
1.786712e-01,6.477562e-02,5.087808e-02,7.959974e-02,8.495998e-02,1.409537e-01,5.250996e-03,1.881247e-02,9.792467e-02,2.502910e-02,7.111226e-03,1.673946e-03,2.559760e-03,3.504689e-02,2.067526e-01
1.548329e-01,4.949437e-02,3.656357e-02,6.115573e-02,6.787101e-02,2.487888e-01,4.591852e-03,2.445273e-02,8.143761e-02,3.260239e-02,1.807078e-02,2.506020e-03,3.773288e-03,4.243873e-02,1.714202e-01
1.128081e-01,3.524363e-02,2.606101e-02,4.371656e-02,5.138936e-02,4.464898e-01,3.608630e-03,2.039601e-02,5.745188e-02,3.142349e-02,1.373081e-02,1.861371e-03,2.775226e-03,3.092748e-02,1.221167e-01
8.050297e-02,2.541412e-02,1.869147e-02,3.311498e-02,3.738606e-02,5.427093e-01,2.877828e-03,1.500851e-02,4.374429e-02,6.703223e-02,1.022769e-02,1.340819e-03,2.248769e-03,2.204989e-02,9.765110e-02
5.685855e-02,2.011683e-02,1.533022e-02,3.570046e-02,2.687596e-02,5.170624e-01,2.258338e-03,1.067092e-02,3.369229e-02,1.810842e-01,7.671110e-03,1.078538e-03,1.779377e-03,1.562492e-02,7.419579e-02
4.540966e-02,1.789177e-02,1.198119e-02,2.931752e-02,1.974224e-02,4.220809e-01,1.944143e-03,7.972567e-03,7.070599e-02,1.614174e-01,1.583554e-02,1.323143e-03,2.461893e-03,2.692222e-02,1.649937e-01
4.599731e-02,1.690221e-02,9.651678e-03,2.434112e-02,1.525766e-02,3.318001e-01,2.516673e-03,6.705525e-03,8.365880e-02,1.387181e-01,4.761113e-02,2.681690e-03,4.959090e-03,1.152687e-01,1.539301e-01
3.279134e-02,1.227418e-02,6.815372e-03,1.709209e-02,1.084237e-02,2.390604e-01,1.873752e-03,4.756406e-03,6.664019e-02,1.024140e-01,6.600681e-02,2.449806e-03,4.641350e-03,3.103904e-01,1.219514e-01
2.362519e-02,8.782621e-03,4.785741e-03,1.211726e-02,7.681803e-03,1.687967e-01,1.347952e-03,3.350431e-03,1.258779e-01,7.524825e-02,5.882132e-02,2.238913e-03,4.719584e-03,4.088453e-01,9.376089e-02
2.388323e-02,6.679156e-03,3.445916e-03,8.836553e-03,5.817947e-03,1.199025e-01,1.074725e-03,2.429695e-03,1.424662e-01,5.843604e-02,5.994077e-02,3.497762e-03,5.466343e-03,4.806849e-01,7.743828e-02
2.045148e-02,5.416508e-03,2.465586e-03,6.359037e-03,4.182656e-03,8.545494e-02,7.982712e-04,1.745680e-03,1.605596e-01,4.776763e-02,8.669670e-02,3.578458e-03,4.400416e-03,5.011920e-01,6.893107e-02
1.836146e-02,5.335117e-03,2.108146e-03,4.582092e-03,3.031168e-03,6.406016e-02,6.287763e-04,1.266232e-03,1.605160e-01,3.859257e-02,1.238554e-01,3.640043e-03,3.304810e-03,5.179054e-01,5.281272e-02
1.354819e-02,5.503273e-03,1.975895e-03,3.265046e-03,2.287843e-03,5.194464e-02,5.194840e-04,9.833231e-04,1.811541e-01,3.333452e-02,1.422485e-01,2.934516e-03,2.520697e-03,5.155458e-01,4.223426e-02
1.571729e-02,9.018980e-03,1.694972e-03,2.477209e-03,2.002402e-03,4.055123e-02,4.170825e-04,7.614470e-04,2.260678e-01,2.904217e-02,1.483584e-01,2.905390e-03,2.021931e-03,4.880657e-01,3.089806e-02
1.525271e-02,9.274112e-03,2.018094e-03,2.101324e-03,1.838782e-03,3.252942e-02,3.213749e-04,6.079380e-04,2.884212e-01,2.400853e-02,1.212716e-01,2.174472e-03,1.492783e-03,4.729115e-01,2.577620e-02
1.490602e-02,8.032801e-03,1.892662e-03,1.790594e-03,1.472383e-03,2.696876e-02,3.002360e-04,6.075113e-04,4.066599e-01,1.971109e-02,9.045360e-02,1.681916e-03,1.285698e-03,4.043143e-01,1.992250e-02
1.490978e-02,9.583240e-03,2.319467e-03,1.580225e-03,1.284807e-03,2.090941e-02,2.550021e-04,5.113981e-04,5.127226e-01,1.857743e-02,6.509644e-02,1.226163e-03,9.635011e-04,3.324820e-01,1.757850e-02
1.100641e-02,7.440564e-03,1.785638e-03,1.607941e-03,1.052665e-03,1.643032e-02,1.906384e-04,4.138209e-04,5.617332e-01,1.374122e-02,4.605662e-02,9.132752e-04,7.399163e-04,3.222448e-01,1.464293e-02
1.036030e-02,2.593067e-02,3.553494e-02,1.326958e-02,1.164522e-03,1.594612e-02,3.182246e-04,1.293184e-03,5.273144e-01,1.145581e-02,3.372911e-02,6.718896e-04,6.700107e-04,3.058650e-01,1.647620e-02
1.345444e-02,2.239945e-02,2.926493e-02,2.103503e-02,2.020974e-03,1.530653e-02,3.614443e-04,1.392806e-03,5.261545e-01,1.031696e-02,2.534927e-02,5.277878e-04,6.631529e-04,3.000676e-01,3.168506e-02
2.633054e-02,1.932321e-02,9.676524e-02,5.796098e-02,3.440216e-03,2.197580e-02,5.000768e-04,5.098614e-03,4.406130e-01,8.036774e-03,1.987489e-02,4.047253e-04,5.996953e-04,2.718875e-01,2.718872e-02
3.656155e-02,2.188155e-02,8.158419e-02,4.758844e-02,1.188702e-02,1.910858e-02,5.054717e-04,5.626612e-03,3.959416e-01,7.088237e-03,1.755782e-02,3.477846e-04,8.246393e-04,3.201197e-01,3.337682e-02
3.682328e-02,3.502320e-02,1.119477e-01,5.587227e-02,4.002771e-02,1.603056e-02,5.729368e-04,1.968454e-02,3.384837e-01,6.005929e-03,1.840021e-02,2.930708e-04,1.016340e-03,2.927547e-01,2.706390e-02
4.551521e-02,2.972720e-02,1.035188e-01,8.119920e-02,8.271030e-02,1.544010e-02,8.050849e-04,1.914203e-02,2.950177e-01,4.971925e-03,2.003660e-02,2.432149e-04,1.029665e-03,2.778701e-01,2.277291e-02
7.332781e-02,2.649228e-02,8.065771e-02,5.961933e-02,1.212991e-01,1.383454e-02,7.781666e-04,1.537983e-02,2.964261e-01,4.646258e-03,3.277855e-02,2.160870e-04,9.397380e-04,2.445402e-01,2.906426e-02
7.409795e-02,2.761186e-02,6.873123e-02,8.003743e-02,1.410098e-01,1.449228e-02,1.040630e-03,1.469194e-02,2.620630e-01,3.701968e-03,3.700291e-02,3.620530e-04,1.028169e-03,2.482727e-01,2.585602e-02
5.878406e-02,3.179733e-02,5.628259e-02,2.693018e-01,1.091176e-01,1.081905e-02,7.847397e-04,1.065212e-02,1.966470e-01,3.886085e-03,2.671913e-02,3.944661e-04,8.316167e-04,1.793893e-01,4.459312e-02
4.127980e-02,2.464212e-02,5.794212e-02,1.901437e-01,7.648962e-02,7.637193e-03,5.639698e-04,7.462602e-03,1.452672e-01,1.081321e-02,1.952094e-02,3.039362e-04,6.176929e-04,1.278367e-01,2.894792e-01
2.975283e-02,1.827851e-02,4.152323e-02,1.340370e-01,5.367265e-02,5.734941e-03,4.153535e-04,5.323223e-03,1.450635e-01,1.697937e-02,2.783893e-02,4.257554e-03,1.399728e-02,1.028760e-01,4.002496e-01
2.426678e-02,1.332018e-02,2.957445e-02,9.404317e-02,3.766287e-02,4.941030e-03,3.075557e-04,3.855894e-03,1.191492e-01,7.198253e-02,3.185986e-02,7.919363e-03,1.645634e-02,9.469467e-02,4.499661e-01
1.933155e-02,1.027337e-02,2.091035e-02,6.656190e-02,2.667567e-02,4.666000e-03,2.468614e-04,2.987056e-03,9.092635e-02,6.723575e-02,7.081172e-02,1.097804e-02,6.771211e-02,6.812581e-02,4.725575e-01
1.487728e-02,7.356513e-03,1.481394e-02,4.692337e-02,1.950627e-02,3.645814e-03,2.083864e-04,2.569651e-03,6.619917e-02,8.003274e-02,1.154678e-01,1.093335e-02,6.068942e-02,5.031188e-02,5.064644e-01
