1.000000e+00,0.000000e+00,0.000000e+00,0.000000e+00,0.000000e+00,0.000000e+00,0.000000e+00,0.000000e+00,0.000000e+00,0.000000e+00,0.000000e+00,0.000000e+00,0.000000e+00,0.000000e+00,0.000000e+00
1.000000e+00,0.000000e+00,0.000000e+00,0.000000e+00,0.000000e+00,0.000000e+00,0.000000e+00,0.000000e+00,0.000000e+00,0.000000e+00,0.000000e+00,0.000000e+00,0.000000e+00,0.000000e+00,0.000000e+00
1.000000e+00,0.000000e+00,0.000000e+00,0.000000e+00,0.000000e+00,0.000000e+00,0.000000e+00,0.000000e+00,0.000000e+00,0.000000e+00,0.000000e+00,0.000000e+00,0.000000e+00,0.000000e+00,0.000000e+00
1.000000e+00,0.000000e+00,0.000000e+00,0.000000e+00,0.000000e+00,0.000000e+00,0.000000e+00,0.000000e+00,0.000000e+00,0.000000e+00,0.000000e+00,0.000000e+00,0.000000e+00,0.000000e+00,0.000000e+00
1.000000e+00,0.000000e+00,0.000000e+00,0.000000e+00,0.000000e+00,0.000000e+00,0.000000e+00,0.000000e+00,0.000000e+00,0.000000e+00,0.000000e+00,0.000000e+00,0.000000e+00,0.000000e+00,0.000000e+00
1.000000e+00,0.000000e+00,0.000000e+00,0.000000e+00,0.000000e+00,0.000000e+00,0.000000e+00,0.000000e+00,0.000000e+00,0.000000e+00,0.000000e+00,0.000000e+00,0.000000e+00,0.000000e+00,0.000000e+00
1.000000e+00,0.000000e+00,0.000000e+00,0.000000e+00,0.000000e+00,0.000000e+00,0.000000e+00,0.000000e+00,0.000000e+00,0.000000e+00,0.000000e+00,0.000000e+00,0.000000e+00,0.000000e+00,0.000000e+00
1.000000e+00,0.000000e+00,0.000000e+00,0.000000e+00,0.000000e+00,0.000000e+00,0.000000e+00,0.000000e+00,0.000000e+00,0.000000e+00,0.000000e+00,0.000000e+00,0.000000e+00,0.000000e+00,0.000000e+00
1.000000e+00,0.000000e+00,0.000000e+00,0.000000e+00,0.000000e+00,0.000000e+00,0.000000e+00,0.000000e+00,0.000000e+00,0.000000e+00,0.000000e+00,0.000000e+00,0.000000e+00,0.000000e+00,0.000000e+00
1.000000e+00,0.000000e+00,0.000000e+00,0.000000e+00,0.000000e+00,0.000000e+00,0.000000e+00,0.000000e+00,0.000000e+00,0.000000e+00,0.000000e+00,0.000000e+00,0.000000e+00,0.000000e+00,0.000000e+00
1.000000e+00,0.000000e+00,0.000000e+00,0.000000e+00,0.000000e+00,0.000000e+00,0.000000e+00,0.000000e+00,0.000000e+00,0.000000e+00,0.000000e+00,0.000000e+00,0.000000e+00,0.000000e+00,0.000000e+00
1.000000e+00,0.000000e+00,0.000000e+00,0.000000e+00,0.000000e+00,0.000000e+00,0.000000e+00,0.000000e+00,0.000000e+00,0.000000e+00,0.000000e+00,0.000000e+00,0.000000e+00,0.000000e+00,0.000000e+00
1.000000e+00,0.000000e+00,0.000000e+00,0.000000e+00,0.000000e+00,0.000000e+00,0.000000e+00,0.000000e+00,0.000000e+00,0.000000e+00,0.000000e+00,0.000000e+00,0.000000e+00,0.000000e+00,0.000000e+00
1.000000e+00,0.000000e+00,0.000000e+00,0.000000e+00,0.000000e+00,0.000000e+00,0.000000e+00,0.000000e+00,0.000000e+00,0.000000e+00,0.000000e+00,0.000000e+00,0.000000e+00,0.000000e+00,0.000000e+00
1.000000e+00,0.000000e+00,0.000000e+00,0.000000e+00,0.000000e+00,0.000000e+00,0.000000e+00,0.000000e+00,0.000000e+00,0.000000e+00,0.000000e+00,0.000000e+00,0.000000e+00,0.000000e+00,0.000000e+00
1.000000e+00,0.000000e+00,0.000000e+00,0.000000e+00,0.000000e+00,0.000000e+00,0.000000e+00,0.000000e+00,0.000000e+00,0.000000e+00,0.000000e+00,0.000000e+00,0.000000e+00,0.000000e+00,0.000000e+00
1.000000e+00,0.000000e+00,0.000000e+00,0.000000e+00,0.000000e+00,0.000000e+00,0.000000e+00,0.000000e+00,0.000000e+00,0.000000e+00,0.000000e+00,0.000000e+00,0.000000e+00,0.000000e+00,0.000000e+00
1.000000e+00,0.000000e+00,0.000000e+00,0.000000e+00,0.000000e+00,0.000000e+00,0.000000e+00,0.000000e+00,0.000000e+00,0.000000e+00,0.000000e+00,0.000000e+00,0.000000e+00,0.000000e+00,0.000000e+00
1.000000e+00,0.000000e+00,0.000000e+00,0.000000e+00,0.000000e+00,0.000000e+00,0.000000e+00,0.000000e+00,0.000000e+00,0.000000e+00,0.000000e+00,0.000000e+00,0.000000e+00,0.000000e+00,0.000000e+00
1.000000e+00,0.000000e+00,0.000000e+00,0.000000e+00,0.000000e+00,0.000000e+00,0.000000e+00,0.000000e+00,0.000000e+00,0.000000e+00,0.000000e+00,0.000000e+00,0.000000e+00,0.000000e+00,0.000000e+00
1.000000e+00,0.000000e+00,0.000000e+00,0.000000e+00,0.000000e+00,0.000000e+00,0.000000e+00,0.000000e+00,0.000000e+00,0.000000e+00,0.000000e+00,0.000000e+00,0.000000e+00,0.000000e+00,0.000000e+00
1.000000e+00,0.000000e+00,0.000000e+00,0.000000e+00,0.000000e+00,0.000000e+00,0.000000e+00,0.000000e+00,0.000000e+00,0.000000e+00,0.000000e+00,0.000000e+00,0.000000e+00,0.000000e+00,0.000000e+00
1.000000e+00,0.000000e+00,0.000000e+00,0.000000e+00,0.000000e+00,0.000000e+00,0.000000e+00,0.000000e+00,0.000000e+00,0.000000e+00,0.000000e+00,0.000000e+00,0.000000e+00,0.000000e+00,0.000000e+00
1.000000e+00,0.000000e+00,0.000000e+00,0.000000e+00,0.000000e+00,0.000000e+00,0.000000e+00,0.000000e+00,0.000000e+00,0.000000e+00,0.000000e+00,0.000000e+00,0.000000e+00,0.000000e+00,0.000000e+00
1.000000e+00,0.000000e+00,0.000000e+00,0.000000e+00,0.000000e+00,0.000000e+00,0.000000e+00,0.000000e+00,0.000000e+00,0.000000e+00,0.000000e+00,0.000000e+00,0.000000e+00,0.000000e+00,0.000000e+00
1.000000e+00,0.000000e+00,0.000000e+00,0.000000e+00,0.000000e+00,0.000000e+00,0.000000e+00,0.000000e+00,0.000000e+00,0.000000e+00,0.000000e+00,0.000000e+00,0.000000e+00,0.000000e+00,0.000000e+00
1.000000e+00,0.000000e+00,0.000000e+00,0.000000e+00,0.000000e+00,0.000000e+00,0.000000e+00,0.000000e+00,0.000000e+00,0.000000e+00,0.000000e+00,0.000000e+00,0.000000e+00,0.000000e+00,0.000000e+00
1.000000e+00,0.000000e+00,0.000000e+00,0.000000e+00,0.000000e+00,0.000000e+00,0.000000e+00,0.000000e+00,0.000000e+00,0.000000e+00,0.000000e+00,0.000000e+00,0.000000e+00,0.000000e+00,0.000000e+00
1.000000e+00,0.000000e+00,0.000000e+00,0.000000e+00,0.000000e+00,0.000000e+00,0.000000e+00,0.000000e+00,0.000000e+00,0.000000e+00,0.000000e+00,0.000000e+00,0.000000e+00,0.000000e+00,0.000000e+00
1.000000e+00,0.000000e+00,0.000000e+00,0.000000e+00,0.000000e+00,0.000000e+00,0.000000e+00,0.000000e+00,0.000000e+00,0.000000e+00,0.000000e+00,0.000000e+00,0.000000e+00,0.000000e+00,0.000000e+00
1.000000e+00,0.000000e+00,0.000000e+00,0.000000e+00,0.000000e+00,0.000000e+00,0.000000e+00,0.000000e+00,0.000000e+00,0.000000e+00,0.000000e+00,0.000000e+00,0.000000e+00,0.000000e+00,0.000000e+00
1.000000e+00,0.000000e+00,0.000000e+00,0.000000e+00,0.000000e+00,0.000000e+00,0.000000e+00,0.000000e+00,0.000000e+00,0.000000e+00,0.000000e+00,0.000000e+00,0.000000e+00,0.000000e+00,0.000000e+00
1.000000e+00,0.000000e+00,0.000000e+00,0.000000e+00,0.000000e+00,0.000000e+00,0.000000e+00,0.000000e+00,0.000000e+00,0.000000e+00,0.000000e+00,0.000000e+00,0.000000e+00,0.000000e+00,0.000000e+00
1.000000e+00,0.000000e+00,0.000000e+00,0.000000e+00,0.000000e+00,0.000000e+00,0.000000e+00,0.000000e+00,0.000000e+00,0.000000e+00,0.000000e+00,0.000000e+00,0.000000e+00,0.000000e+00,0.000000e+00
1.000000e+00,0.000000e+00,0.000000e+00,0.000000e+00,0.000000e+00,0.000000e+00,0.000000e+00,0.000000e+00,0.000000e+00,0.000000e+00,0.000000e+00,0.000000e+00,0.000000e+00,0.000000e+00,0.000000e+00
1.000000e+00,0.000000e+00,0.000000e+00,0.000000e+00,0.000000e+00,0.000000e+00,0.000000e+00,0.000000e+00,0.000000e+00,0.000000e+00,0.000000e+00,0.000000e+00,0.000000e+00,0.000000e+00,0.000000e+00
1.000000e+00,0.000000e+00,0.000000e+00,0.000000e+00,0.000000e+00,0.000000e+00,0.000000e+00,0.000000e+00,0.000000e+00,0.000000e+00,0.000000e+00,0.000000e+00,0.000000e+00,0.000000e+00,0.000000e+00
1.000000e+00,0.000000e+00,0.000000e+00,0.000000e+00,0.000000e+00,0.000000e+00,0.000000e+00,0.000000e+00,0.000000e+00,0.000000e+00,0.000000e+00,0.000000e+00,0.000000e+00,0.000000e+00,0.000000e+00
1.000000e+00,0.000000e+00,0.000000e+00,0.000000e+00,0.000000e+00,0.000000e+00,0.000000e+00,0.000000e+00,0.000000e+00,0.000000e+00,0.000000e+00,0.000000e+00,0.000000e+00,0.000000e+00,0.000000e+00
1.000000e+00,0.000000e+00,0.000000e+00,0.000000e+00,0.000000e+00,0.000000e+00,0.000000e+00,0.000000e+00,0.000000e+00,0.000000e+00,0.000000e+00,0.000000e+00,0.000000e+00,0.000000e+00,0.000000e+00
1.000000e+00,0.000000e+00,0.000000e+00,0.000000e+00,0.000000e+00,0.000000e+00,0.000000e+00,0.000000e+00,0.000000e+00,0.000000e+00,0.000000e+00,0.000000e+00,0.000000e+00,0.000000e+00,0.000000e+00
1.000000e+00,0.000000e+00,0.000000e+00,0.000000e+00,0.000000e+00,0.000000e+00,0.000000e+00,0.000000e+00,0.000000e+00,0.000000e+00,0.000000e+00,0.000000e+00,0.000000e+00,0.000000e+00,0.000000e+00
1.000000e+00,0.000000e+00,0.000000e+00,0.000000e+00,0.000000e+00,0.000000e+00,0.000000e+00,0.000000e+00,0.000000e+00,0.000000e+00,0.000000e+00,0.000000e+00,0.000000e+00,0.000000e+00,0.000000e+00
1.000000e+00,0.000000e+00,0.000000e+00,0.000000e+00,0.000000e+00,0.000000e+00,0.000000e+00,0.000000e+00,0.000000e+00,0.000000e+00,0.000000e+00,0.000000e+00,0.000000e+00,0.000000e+00,0.000000e+00
1.000000e+00,0.000000e+00,0.000000e+00,0.000000e+00,0.000000e+00,0.000000e+00,0.000000e+00,0.000000e+00,0.000000e+00,0.000000e+00,0.000000e+00,0.000000e+00,0.000000e+00,0.000000e+00,0.000000e+00
1.000000e+00,0.000000e+00,0.000000e+00,0.000000e+00,0.000000e+00,0.000000e+00,0.000000e+00,0.000000e+00,0.000000e+00,0.000000e+00,0.000000e+00,0.000000e+00,0.000000e+00,0.000000e+00,0.000000e+00
1.000000e+00,0.000000e+00,0.000000e+00,0.000000e+00,0.000000e+00,0.000000e+00,0.000000e+00,0.000000e+00,0.000000e+00,0.000000e+00,0.000000e+00,0.000000e+00,0.000000e+00,0.000000e+00,0.000000e+00
1.000000e+00,0.000000e+00,0.000000e+00,0.000000e+00,0.000000e+00,0.000000e+00,0.000000e+00,0.000000e+00,0.000000e+00,0.000000e+00,0.000000e+00,0.000000e+00,0.000000e+00,0.000000e+00,0.000000e+00
1.000000e+00,0.000000e+00,0.000000e+00,0.000000e+00,0.000000e+00,0.000000e+00,0.000000e+00,0.000000e+00,0.000000e+00,0.000000e+00,0.000000e+00,0.000000e+00,0.000000e+00,0.000000e+00,0.000000e+00
1.000000e+00,0.000000e+00,0.000000e+00,0.000000e+00,0.000000e+00,0.000000e+00,0.000000e+00,0.000000e+00,0.000000e+00,0.000000e+00,0.000000e+00,0.000000e+00,0.000000e+00,0.000000e+00,0.000000e+00
1.000000e+00,0.000000e+00,0.000000e+00,0.000000e+00,0.000000e+00,0.000000e+00,0.000000e+00,0.000000e+00,0.000000e+00,0.000000e+00,0.000000e+00,0.000000e+00,0.000000e+00,0.000000e+00,0.000000e+00
1.000000e+00,0.000000e+00,0.000000e+00,0.000000e+00,0.000000e+00,0.000000e+00,0.000000e+00,0.000000e+00,0.000000e+00,0.000000e+00,0.000000e+00,0.000000e+00,0.000000e+00,0.000000e+00,0.000000e+00
1.000000e+00,0.000000e+00,0.000000e+00,0.000000e+00,0.000000e+00,0.000000e+00,0.000000e+00,0.000000e+00,0.000000e+00,0.000000e+00,0.000000e+00,0.000000e+00,0.000000e+00,0.000000e+00,0.000000e+00
1.000000e+00,0.000000e+00,0.000000e+00,0.000000e+00,0.000000e+00,0.000000e+00,0.000000e+00,0.000000e+00,0.000000e+00,0.000000e+00,0.000000e+00,0.000000e+00,0.000000e+00,0.000000e+00,0.000000e+00
4.882526e-01,9.041244e-03,2.654713e-02,2.465278e-02,4.876146e-02,1.175854e-01,4.614514e-02,1.754895e-01,4.663008e-03,7.866448e-04,4.162123e-03,1.084785e-02,3.459126e-02,1.653166e-03,6.820687e-03
3.547100e-01,7.006533e-03,2.618712e-02,2.069876e-02,3.794250e-02,1.214741e-01,9.908463e-02,2.719554e-01,3.399168e-03,6.515631e-04,3.197755e-03,8.663188e-03,3.878372e-02,1.282663e-03,4.963022e-03
2.547185e-01,5.743893e-03,2.174498e-02,1.646932e-02,3.092685e-02,1.939191e-01,1.053635e-01,2.935130e-01,2.675619e-03,7.322786e-04,2.694868e-03,7.312044e-03,5.934861e-02,9.920266e-04,3.845439e-03
1.815735e-01,4.367926e-03,1.715961e-02,1.259943e-02,2.700316e-02,2.110066e-01,8.046071e-02,4.018252e-01,2.332225e-03,9.652930e-04,2.177545e-03,5.571021e-03,4.835386e-02,8.055891e-04,3.798349e-03
1.317060e-01,3.893753e-03,1.805475e-02,1.233220e-02,3.376732e-02,2.101783e-01,6.410705e-02,4.729441e-01,2.549495e-03,2.785475e-03,2.266333e-03,4.288406e-03,3.564718e-02,8.942427e-04,4.585414e-03
9.666286e-02,3.502531e-03,2.634259e-02,1.607728e-02,6.614675e-02,1.612196e-01,5.516078e-02,5.078770e-01,4.944787e-03,2.045027e-02,2.086362e-03,3.204432e-03,2.695847e-02,7.308096e-04,8.635405e-03
1.062934e-01,4.134510e-03,3.707792e-02,1.492806e-02,7.896674e-02,1.219721e-01,4.478722e-02,5.289770e-01,5.376396e-03,2.162623e-02,1.979193e-03,2.573047e-03,1.939687e-02,8.131776e-04,1.109809e-02
1.381018e-01,4.972270e-03,4.053469e-02,1.283074e-02,8.962740e-02,9.023883e-02,3.718527e-02,5.247527e-01,4.772002e-03,2.321709e-02,2.406091e-03,2.249685e-03,1.415296e-02,1.112048e-03,1.384637e-02
1.534063e-01,4.777895e-03,3.813140e-02,1.181654e-02,8.462411e-02,6.746329e-02,2.927492e-02,5.534322e-01,3.954441e-03,2.053686e-02,2.592548e-03,2.945034e-03,1.068369e-02,1.508671e-03,1.485203e-02
2.018003e-01,5.302888e-03,3.571462e-02,1.132291e-02,8.264002e-02,5.310044e-02,2.511846e-02,5.264066e-01,3.575303e-03,1.991283e-02,3.095505e-03,4.234449e-03,8.481292e-03,2.312936e-03,1.698144e-02
2.020949e-01,5.428722e-03,3.205185e-02,1.200735e-02,7.257256e-02,4.248825e-02,2.985873e-02,5.446541e-01,3.499677e-03,1.663521e-02,3.431079e-03,5.675225e-03,7.282819e-03,2.569523e-03,1.974999e-02
1.495488e-01,1.269906e-02,2.530396e-02,4.012648e-02,5.289531e-02,4.680370e-02,2.146494e-02,3.820024e-01,2.025910e-02,5.177276e-02,1.623480e-02,3.939898e-02,2.345745e-02,8.848670e-03,1.091837e-01
1.051550e-01,1.644777e-02,2.054542e-02,1.149383e-01,3.777853e-02,5.116686e-02,1.508918e-02,2.674831e-01,4.495315e-02,4.148681e-02,5.338934e-02,3.384811e-02,3.247148e-02,8.100554e-03,1.571464e-01
7.378813e-02,3.501841e-02,1.541870e-02,8.766961e-02,2.683797e-02,4.514451e-02,1.059290e-02,1.873498e-01,5.222643e-02,3.252970e-02,7.936512e-02,3.828939e-02,5.324769e-02,7.103256e-03,2.554185e-01
5.172842e-02,1.078607e-01,1.196942e-02,7.952346e-02,1.946173e-02,3.414174e-02,7.434404e-03,1.311617e-01,9.350579e-02,2.972185e-02,7.135934e-02,3.292176e-02,4.257976e-02,5.906050e-03,2.807239e-01
3.662946e-02,8.559588e-02,1.039138e-02,1.210264e-01,1.424316e-02,2.822398e-02,5.259151e-03,9.188238e-02,1.092198e-01,3.240921e-02,6.300699e-02,2.586373e-02,4.118755e-02,4.763686e-03,3.302973e-01
2.644971e-02,6.126469e-02,7.581712e-03,8.783963e-02,1.041634e-02,2.255568e-02,3.720415e-03,6.437565e-02,8.952148e-02,2.624441e-02,5.048981e-02,2.168677e-02,4.221506e-02,4.202364e-03,4.814363e-01
2.011783e-02,4.469535e-02,6.418396e-03,6.438614e-02,7.862421e-03,1.836003e-02,2.714605e-03,4.515183e-02,7.838975e-02,2.621799e-02,4.628587e-02,2.271387e-02,4.656289e-02,5.024972e-03,5.650980e-01
1.465138e-02,3.923080e-02,4.775006e-03,4.547444e-02,5.894548e-03,1.308639e-02,1.929121e-03,3.172631e-02,1.273901e-01,2.242680e-02,3.433641e-02,1.795119e-02,3.523194e-02,4.102009e-03,6.017935e-01
1.065063e-02,4.271394e-02,3.841740e-03,3.772038e-02,5.501718e-03,9.502475e-03,1.421100e-03,2.271346e-02,2.823038e-01,1.724042e-02,2.678309e-02,1.414226e-02,2.671403e-02,3.849742e-03,4.949012e-01
8.029187e-03,3.768908e-02,2.978462e-03,2.716357e-02,4.675418e-03,7.020631e-03,1.053838e-03,1.651498e-02,4.734702e-01,1.230232e-02,2.014451e-02,1.056927e-02,1.963969e-02,2.813857e-03,3.559350e-01
6.066032e-03,3.543171e-02,2.424746e-03,1.980939e-02,8.786228e-03,5.976994e-03,9.732603e-04,1.194446e-02,6.112075e-01,8.861473e-03,1.453472e-02,7.613438e-03,1.407701e-02,1.985468e-03,2.503076e-01
4.571335e-03,3.343058e-02,3.639763e-03,3.674842e-02,1.230499e-02,6.352998e-03,8.703999e-04,9.868911e-03,6.780151e-01,8.675802e-03,1.069500e-02,5.583802e-03,1.047243e-02,1.413599e-03,1.773569e-01
4.189940e-03,3.031908e-02,3.430800e-03,4.796638e-02,1.424754e-02,5.333871e-03,7.602097e-04,7.379475e-03,6.913289e-01,1.904932e-02,7.974491e-03,4.200186e-03,8.324656e-03,1.030731e-03,1.544645e-01
3.616898e-03,2.933779e-02,5.450326e-03,1.511450e-01,1.205643e-02,5.273213e-03,6.056367e-04,5.765635e-03,6.023321e-01,2.771655e-02,6.646693e-03,3.915013e-03,8.461799e-03,7.750663e-04,1.369019e-01
6.346245e-03,3.075578e-02,6.805022e-03,1.169239e-01,3.191692e-02,7.552133e-03,1.374945e-03,4.689283e-03,5.585961e-01,2.689268e-02,1.243477e-02,3.883821e-03,2.229620e-02,1.051789e-03,1.684805e-01
6.264280e-03,2.573076e-02,1.035810e-02,2.160057e-01,3.909317e-02,8.325927e-03,1.504285e-03,9.648426e-03,4.760281e-01,2.325309e-02,3.202976e-02,3.456437e-03,2.041376e-02,2.228040e-03,1.256603e-01
6.063357e-03,2.539583e-02,1.514704e-02,1.955501e-01,3.262097e-02,8.031571e-03,1.567842e-03,9.996131e-03,3.999960e-01,2.744448e-02,8.483802e-02,4.049982e-03,2.104421e-02,1.100235e-02,1.572520e-01
2.034253e-02,3.000957e-02,1.790106e-02,1.454417e-01,4.942627e-02,1.317925e-02,2.981132e-03,1.077118e-02,3.240270e-01,2.011518e-02,2.174352e-01,4.119528e-03,2.114680e-02,8.340623e-03,1.147630e-01
2.661482e-02,6.489870e-02,2.059360e-02,1.573163e-01,6.148311e-02,1.455076e-02,4.656780e-03,1.210471e-02,2.932849e-01,1.663662e-02,2.091865e-01,4.611369e-03,2.267336e-02,6.594630e-03,8.479384e-02
2.211184e-02,6.005747e-02,5.582251e-02,3.220896e-01,5.292657e-02,1.072620e-02,3.473700e-03,9.344639e-03,2.121072e-01,1.257460e-02,1.477768e-01,3.513419e-03,1.631204e-02,4.746976e-03,6.641641e-02
6.627195e-02,4.712649e-02,6.092744e-02,2.851846e-01,5.907245e-02,8.500822e-03,3.101985e-03,8.193704e-02,1.922726e-01,1.051401e-02,1.132746e-01,2.843939e-03,1.205060e-02,4.220821e-03,5.270069e-02
5.960339e-02,3.459361e-02,4.765242e-02,2.073498e-01,4.643291e-02,6.244757e-03,2.668820e-03,3.129920e-01,1.425105e-01,7.492660e-03,8.123878e-02,2.042885e-03,8.606888e-03,3.085731e-03,3.748486e-02
4.777905e-02,2.968533e-02,3.857756e-02,1.480180e-01,3.617229e-02,5.073297e-03,1.975009e-03,4.787673e-01,1.057962e-01,6.004528e-03,5.742563e-02,1.614609e-03,6.230566e-03,2.553377e-03,3.432734e-02
3.940798e-02,2.920227e-02,5.996387e-02,1.666491e-01,2.851034e-02,4.882328e-03,1.518814e-03,4.233339e-01,1.245045e-01,6.671837e-03,6.518360e-02,3.684140e-03,1.615980e-02,2.160088e-03,2.816739e-02
2.836500e-02,2.168888e-02,4.921406e-02,2.814479e-01,2.313179e-02,4.528707e-03,1.183490e-03,3.087964e-01,9.035686e-02,5.699320e-03,1.200961e-01,9.808229e-03,3.290858e-02,2.026241e-03,2.074832e-02
2.169505e-02,1.671168e-02,3.549115e-02,2.584328e-01,1.863667e-02,4.801003e-03,1.345098e-03,2.434097e-01,6.753935e-02,5.132261e-03,1.526683e-01,5.724224e-02,9.058933e-02,1.019616e-02,1.610921e-02
1.531566e-02,1.199325e-02,2.546002e-02,2.083326e-01,1.339443e-02,3.668491e-03,1.098715e-03,1.788586e-01,4.835781e-02,4.561183e-03,2.145849e-01,8.723637e-02,1.590372e-01,1.613684e-02,1.196402e-02
1.088998e-02,8.544442e-03,1.815683e-02,1.496885e-01,9.575041e-03,3.134848e-03,8.170006e-04,1.258699e-01,3.594609e-02,4.634129e-03,1.755974e-01,2.828086e-01,1.419958e-01,2.358158e-02,8.759825e-03
7.657291e-03,6.067123e-03,1.296611e-02,1.060109e-01,7.411635e-03,2.563966e-03,6.101392e-04,8.833507e-02,2.856310e-02,5.089222e-03,1.558318e-01,4.311949e-01,1.143551e-01,2.680336e-02,6.540291e-03
5.422560e-03,4.309787e-03,9.381952e-03,7.752345e-02,7.752700e-03,2.418295e-03,4.663026e-04,6.222242e-02,2.217594e-02,4.402986e-03,1.803227e-01,5.070639e-01,8.875982e-02,2.312160e-02,4.655677e-03
3.868818e-03,3.039424e-03,6.758592e-03,5.568266e-02,1.199268e-02,2.626550e-03,3.372596e-04,4.373001e-02,1.709840e-02,4.769533e-03,2.132110e-01,5.505830e-01,6.630546e-02,1.672126e-02,3.275413e-03
2.799525e-03,2.139319e-03,4.817569e-03,4.028613e-02,2.505503e-02,2.517984e-03,2.559941e-04,3.071690e-02,1.277204e-02,5.841448e-03,2.458088e-01,5.653400e-01,4.725072e-02,1.208294e-02,2.315646e-03
2.151842e-03,1.518406e-03,3.389637e-03,2.833677e-02,7.316475e-02,2.167352e-03,1.867522e-04,2.159297e-02,9.782505e-03,4.566667e-03,2.489634e-01,5.604038e-01,3.362735e-02,8.518761e-03,1.629052e-03
2.342020e-03,1.125523e-03,2.412756e-03,1.999247e-02,9.349416e-02,2.286131e-03,1.583747e-04,1.523610e-02,7.603219e-03,4.072810e-03,2.247302e-01,5.954111e-01,2.387710e-02,6.099490e-03,1.158576e-03
2.220235e-03,8.972993e-04,1.742975e-03,1.408788e-02,7.490234e-02,2.316920e-03,1.428711e-04,1.079265e-02,6.198228e-03,3.338858e-03,1.922518e-01,6.688756e-01,1.702418e-02,4.374015e-03,8.343107e-04
1.960524e-03,6.922362e-04,1.248969e-03,9.973923e-03,5.967582e-02,1.978144e-03,1.482702e-04,7.623891e-03,4.898897e-03,3.207604e-03,1.552405e-01,7.374481e-01,1.212935e-02,3.167803e-03,6.059807e-04
2.392174e-03,5.963918e-04,9.353431e-04,7.126082e-03,5.754479e-02,2.002609e-03,3.967269e-04,6.065203e-03,4.452101e-03,2.898368e-03,1.173312e-01,7.867283e-01,8.656939e-03,2.422001e-03,4.518233e-04
2.093323e-03,6.172472e-04,8.066176e-04,5.128413e-03,4.340751e-02,6.445177e-03,1.403441e-03,8.926865e-03,8.266577e-03,2.528693e-03,9.272759e-02,8.188344e-01,6.676501e-03,1.778715e-03,3.589564e-04
2.401980e-03,4.121679e-03,1.900641e-03,3.935201e-03,3.928842e-02,1.503211e-02,4.287922e-03,2.689427e-02,9.033852e-02,3.798121e-03,7.104965e-02,7.300482e-01,4.922801e-03,1.517217e-03,4.632865e-04
3.836598e-03,1.282979e-02,3.021525e-03,2.966799e-03,3.294276e-02,1.821354e-02,5.165888e-03,2.194830e-02,1.621758e-01,3.826446e-02,6.581979e-02,6.234736e-01,4.000777e-03,2.266403e-03,3.073960e-03
4.616778e-03,2.097426e-02,5.055538e-03,2.230973e-03,3.609323e-02,1.826308e-02,6.815621e-03,1.680716e-02,3.321070e-01,3.673518e-02,5.336559e-02,4.566401e-01,4.159197e-03,2.835919e-03,3.300393e-03
1.275125e-02,2.550576e-02,1.370483e-02,2.621314e-03,7.668847e-02,3.083926e-02,7.290300e-03,1.525725e-02,3.640099e-01,3.843334e-02,4.867554e-02,3.502685e-01,7.010955e-03,3.529363e-03,3.413903e-03
1.208960e-02,3.289888e-02,3.595781e-02,3.549912e-03,1.097489e-01,2.685503e-02,6.756839e-03,2.656142e-02,4.126090e-01,3.069518e-02,3.835157e-02,2.509114e-01,6.975111e-03,3.097176e-03,2.942032e-03
1.052691e-02,3.613492e-02,2.666610e-02,2.877614e-03,1.305981e-01,2.040085e-02,4.994979e-03,1.923103e-02,5.085344e-01,2.411562e-02,2.845750e-02,1.769448e-01,5.581946e-03,2.654316e-03,2.280871e-03
1.111979e-02,3.015471e-02,2.892587e-02,3.080081e-03,2.085820e-01,2.356540e-02,8.359633e-03,1.744251e-02,4.969005e-01,1.854991e-02,2.049911e-02,1.249127e-01,4.135829e-03,2.039494e-03,1.732391e-03
2.226698e-02,3.701480e-02,2.187079e-02,3.244959e-03,2.572071e-01,1.896660e-02,6.744617e-03,1.495689e-02,4.896176e-01,1.527149e-02,1.681929e-02,8.860379e-02,3.407194e-03,2.436846e-03,1.571011e-03
3.742910e-02,4.455160e-02,1.909143e-02,6.338226e-03,2.609891e-01,2.553927e-02,7.227436e-03,1.635399e-02,4.823280e-01,1.306076e-02,1.509813e-02,6.340139e-02,3.152092e-03,3.674393e-03,1.765075e-03
4.633658e-02,3.581014e-02,1.472445e-02,4.716096e-02,2.258730e-01,7.825758e-02,5.573390e-03,1.460635e-02,3.824444e-01,1.417210e-02,2.210664e-02,7.338414e-02,1.774515e-02,3.119190e-03,1.868586e-02
6.616931e-02,3.221688e-02,1.101188e-02,5.868865e-02,2.183403e-01,8.834074e-02,5.068690e-03,1.226315e-02,3.320380e-01,1.473357e-02,4.722897e-02,6.111235e-02,3.211568e-02,2.474993e-03,1.819679e-02
6.212756e-02,3.634203e-02,1.085690e-02,9.132166e-02,1.616785e-01,8.085896e-02,4.071308e-03,9.560941e-03,2.773321e-01,1.852391e-02,5.011664e-02,6.479694e-02,9.393242e-02,2.235039e-03,3.624515e-02
4.948268e-02,3.015805e-02,8.865605e-03,7.567143e-02,1.181241e-01,6.307480e-02,3.124417e-03,6.864740e-03,2.175969e-01,2.694357e-02,8.729973e-02,8.584298e-02,1.826209e-01,2.343344e-03,4.198672e-02
3.634994e-02,2.938539e-02,7.022046e-03,5.629998e-02,8.430506e-02,5.007747e-02,2.283012e-03,4.941529e-03,2.152127e-01,4.767941e-02,1.038119e-01,7.755615e-02,2.057363e-01,1.209087e-02,6.724821e-02
2.807229e-02,2.389126e-02,5.744462e-03,4.108763e-02,6.093642e-02,5.046517e-02,1.722286e-03,3.551637e-03,1.673517e-01,1.059624e-01,1.252234e-01,1.410369e-01,1.808337e-01,1.274191e-02,5.137887e-02
2.075286e-02,1.997456e-02,4.589068e-03,2.919639e-02,4.414649e-02,3.863057e-02,1.240336e-03,2.509709e-03,1.300676e-01,1.082076e-01,1.459322e-01,2.202239e-01,1.788690e-01,1.644155e-02,3.921827e-02
1.521776e-02,1.761307e-02,3.541344e-03,2.146812e-02,3.339979e-02,2.822373e-02,8.925812e-04,1.924479e-03,1.207221e-01,1.188670e-01,1.427616e-01,2.978145e-01,1.494684e-01,1.876075e-02,2.932469e-02
1.089532e-02,1.376458e-02,2.604279e-03,1.552723e-02,2.570028e-02,2.045330e-02,6.557140e-04,1.445104e-03,1.149934e-01,1.080097e-01,1.271237e-01,4.118766e-01,1.100356e-01,1.599499e-02,2.092021e-02
8.040476e-03,1.194581e-02,2.257759e-03,1.254483e-02,2.130498e-02,1.594422e-02,5.222706e-04,2.534537e-03,1.391586e-01,1.035747e-01,1.234442e-01,4.468542e-01,8.280347e-02,1.412441e-02,1.494562e-02
7.417134e-03,8.997612e-03,1.188579e-02,1.225510e-02,2.363698e-02,1.414012e-02,3.610855e-03,1.478294e-01,1.057703e-01,8.656495e-02,1.110906e-01,3.837485e-01,6.195378e-02,1.059620e-02,1.050259e-02
6.938427e-03,8.553971e-03,9.318383e-03,9.475882e-03,2.312925e-02,1.053811e-02,2.648175e-03,1.187939e-01,1.397098e-01,7.094005e-02,1.117009e-01,4.235332e-01,4.797756e-02,9.276137e-03,7.466253e-03
5.459560e-03,7.097191e-03,6.784268e-03,6.741834e-03,2.092334e-02,7.758403e-03,2.015523e-03,8.497617e-02,1.782962e-01,5.317652e-02,9.970282e-02,4.754396e-01,3.848521e-02,7.751254e-03,5.392080e-03
4.015384e-03,5.760326e-03,4.947107e-03,4.784840e-03,1.527373e-02,5.743095e-03,1.551274e-03,6.015735e-02,1.586706e-01,3.881995e-02,8.386370e-02,5.777539e-01,2.878927e-02,6.009483e-03,3.860032e-03
3.527713e-03,4.957284e-03,4.108017e-03,3.519451e-03,1.877125e-02,4.817972e-03,2.407185e-03,4.739274e-02,2.053855e-01,2.987790e-02,8.031897e-02,5.633833e-01,2.292953e-02,5.757659e-03,2.845604e-03
9.255386e-03,4.826709e-03,3.470830e-03,3.103688e-03,3.530592e-02,1.528378e-02,4.194562e-03,3.617483e-02,2.573400e-01,3.235561e-02,1.145530e-01,4.569480e-01,1.990702e-02,4.602918e-03,2.677813e-03
1.450495e-02,5.975310e-03,3.090775e-03,2.655433e-03,4.890956e-02,1.504646e-02,4.385675e-03,2.833770e-02,2.961855e-01,4.205984e-02,1.423017e-01,3.695524e-01,2.039550e-02,4.178609e-03,2.420591e-03
2.884161e-02,1.819404e-02,4.990391e-03,3.344289e-03,5.249145e-02,1.319147e-02,3.911077e-03,3.086302e-02,2.598915e-01,7.464369e-02,1.824430e-01,2.845724e-01,3.340888e-02,6.284011e-03,2.929226e-03
3.664563e-02,2.278254e-02,7.812527e-03,1.057990e-02,4.531906e-02,1.390712e-02,3.766580e-03,4.830066e-02,2.176047e-01,9.731016e-02,2.171298e-01,2.063346e-01,5.198865e-02,1.508287e-02,5.435173e-03
4.529779e-02,2.383411e-02,9.964148e-03,1.734114e-02,7.725394e-02,1.954671e-02,1.203723e-02,4.362221e-02,2.401796e-01,1.135957e-01,1.835287e-01,1.462700e-01,4.343067e-02,1.778834e-02,6.309783e-03
4.586511e-02,2.171154e-02,9.107852e-03,2.634421e-02,1.056966e-01,1.607271e-02,1.299448e-02,3.327641e-02,3.569509e-01,8.534592e-02,1.334137e-01,1.034486e-01,3.192090e-02,1.304054e-02,4.810504e-03
4.765726e-02,2.216039e-02,7.303695e-03,2.265833e-02,1.264717e-01,1.571016e-02,1.172151e-02,2.535563e-02,4.447283e-01,6.283890e-02,1.023181e-01,7.290071e-02,2.306474e-02,1.150739e-02,3.603270e-03
5.598341e-02,2.733319e-02,6.369181e-03,2.337834e-02,1.582558e-01,1.771347e-02,1.179240e-02,3.246333e-02,4.427589e-01,6.614983e-02,7.671370e-02,5.239175e-02,1.682264e-02,8.912867e-03,2.961315e-03
5.611273e-02,3.730003e-02,6.032884e-03,3.634523e-02,1.839725e-01,1.904503e-02,1.108930e-02,4.349440e-02,4.163775e-01,6.615232e-02,6.191361e-02,4.025940e-02,1.256971e-02,6.764899e-03,2.570525e-03
6.290121e-02,3.295265e-02,4.599679e-03,4.740591e-02,1.777112e-01,1.517787e-02,9.649794e-03,4.558777e-02,4.278728e-01,8.057266e-02,4.781674e-02,3.073530e-02,9.551293e-03,5.275541e-03,2.189515e-03
7.330185e-02,3.957298e-02,3.769728e-03,4.111192e-02,1.646372e-01,1.168030e-02,8.375763e-03,8.188362e-02,4.031591e-01,1.011922e-01,3.544227e-02,2.266757e-02,7.106397e-03,4.237661e-03,1.861395e-03
9.388562e-02,5.404773e-02,3.371531e-03,3.491289e-02,1.347473e-01,1.019689e-02,6.649661e-03,7.186592e-02,3.923987e-01,1.384214e-01,2.950370e-02,1.778716e-02,5.751917e-03,4.570433e-03,1.889104e-03
8.959372e-02,3.841142e-02,2.549269e-03,2.664433e-02,1.197617e-01,8.324426e-03,1.108122e-01,1.653153e-01,2.891085e-01,1.048137e-01,2.142036e-02,1.321296e-02,5.146074e-03,3.332481e-03,1.553559e-03
9.443147e-02,2.751642e-02,2.308414e-03,2.036693e-02,1.614446e-01,1.122016e-02,9.597541e-02,2.475308e-01,2.281054e-01,7.566588e-02,1.573948e-02,1.029718e-02,5.605880e-03,2.425908e-03,1.366054e-03
9.287502e-02,1.966448e-02,1.985622e-03,1.530673e-02,1.359481e-01,1.322274e-02,1.023581e-01,3.559312e-01,1.775330e-01,5.340134e-02,1.156178e-02,8.479724e-03,8.870864e-03,1.752553e-03,1.108714e-03
1.130010e-01,1.410547e-02,2.379685e-03,1.156022e-02,1.094637e-01,3.835892e-02,1.423348e-01,3.603848e-01,1.369727e-01,3.845069e-02,9.323074e-03,8.080347e-03,1.316533e-02,1.277569e-03,1.141774e-03
1.061843e-01,9.971088e-03,2.127016e-03,8.367641e-03,7.861942e-02,9.062678e-02,1.894893e-01,3.553337e-01,9.823374e-02,2.720785e-02,7.054985e-03,7.244949e-03,1.756741e-02,9.256901e-04,1.046155e-03
8.052781e-02,7.121147e-03,3.207610e-03,6.224604e-03,5.827422e-02,9.913997e-02,2.812740e-01,2.963899e-01,6.934346e-02,1.932535e-02,5.084254e-03,5.606344e-03,6.675892e-02,6.630814e-04,1.059339e-03
6.876232e-02,5.702925e-03,3.142076e-03,4.739239e-03,4.551557e-02,1.055056e-01,3.171242e-01,2.191421e-01,5.023853e-02,1.402424e-02,4.878617e-03,5.077599e-03,1.531075e-01,5.478068e-04,2.491680e-03
4.885057e-02,4.214088e-03,2.322802e-03,3.507096e-03,3.275602e-02,1.075657e-01,2.578731e-01,1.541737e-01,3.532378e-02,1.017047e-02,5.215798e-03,4.892157e-03,3.279189e-01,4.215239e-04,4.794292e-03
3.520456e-02,3.318824e-03,1.676650e-03,2.595433e-03,2.338435e-02,7.737944e-02,2.185877e-01,1.081345e-01,2.489797e-02,7.431789e-03,4.439386e-03,3.633754e-03,4.699641e-01,3.338417e-04,1.901768e-02
2.573269e-02,2.534554e-03,1.229604e-03,1.919033e-03,1.703499e-02,5.598610e-02,1.807815e-01,7.578820e-02,1.766562e-02,5.383102e-03,3.741438e-03,2.784532e-03,5.543027e-01,2.674163e-04,5.484843e-02
2.726345e-02,5.598822e-03,3.922059e-03,1.965026e-03,1.740287e-02,4.271527e-02,1.387407e-01,5.340179e-02,2.984711e-02,8.012100e-03,3.433095e-03,4.850708e-03,5.745886e-01,1.902221e-03,8.635613e-02
2.154822e-02,4.583722e-03,3.324053e-03,2.215774e-03,1.342655e-02,3.850187e-02,1.002046e-01,3.751150e-02,2.594916e-02,7.879864e-03,5.845482e-03,1.266117e-02,5.897088e-01,2.858810e-03,1.337803e-01
2.015476e-02,3.700802e-03,2.696794e-03,2.039421e-03,9.801923e-03,3.458353e-02,7.269208e-02,2.634023e-02,2.164873e-02,8.239090e-03,1.017258e-02,3.868272e-02,5.639283e-01,2.768183e-03,1.825509e-01
1.824916e-02,2.790501e-03,2.064214e-03,1.621504e-03,7.307911e-03,3.088644e-02,5.230512e-02,1.848053e-02,1.680932e-02,7.138723e-03,8.945927e-03,5.437325e-02,5.918958e-01,2.136850e-03,1.849948e-01
1.531276e-02,2.493944e-03,1.628699e-03,1.374218e-03,5.482549e-03,2.531706e-02,3.702768e-02,1.298633e-02,1.446146e-02,6.087190e-03,1.132051e-02,1.284907e-01,5.779798e-01,1.590996e-03,1.584461e-01
1.298307e-02,1.995140e-03,1.283007e-03,1.532449e-03,4.179942e-03,2.663162e-02,2.601122e-02,9.135776e-03,1.233066e-02,6.387987e-03,1.866851e-02,1.447864e-01,6.030931e-01,1.927945e-03,1.290532e-01
1.085323e-02,2.763734e-03,3.398299e-03,2.004849e-03,2.445712e-02,2.811562e-02,2.755208e-02,8.487066e-03,3.612066e-02,8.586656e-03,3.158550e-02,1.574423e-01,5.185102e-01,1.956121e-03,1.381666e-01
9.452718e-03,3.526167e-03,6.316295e-03,2.722934e-03,8.783953e-02,2.125819e-02,5.179615e-02,1.938117e-02,8.524708e-02,7.295729e-03,2.915187e-02,1.402658e-01,3.976238e-01,1.503678e-03,1.366189e-01
9.367310e-03,2.010383e-02,6.413643e-03,2.350132e-03,7.883009e-02,2.797682e-02,3.901588e-02,1.462842e-02,2.800846e-01,5.486694e-03,2.099389e-02,9.991802e-02,2.936720e-01,1.067044e-03,1.000917e-01
9.215420e-03,1.858050e-02,6.657642e-03,2.560244e-03,7.145831e-02,2.641255e-02,4.228338e-02,2.226875e-02,4.236201e-01,4.132523e-03,1.513325e-02,7.048719e-02,2.141498e-01,7.519278e-04,7.228838e-02
5.221048e-02,2.400994e-02,1.098278e-02,1.386510e-02,8.311010e-02,3.192236e-02,4.155358e-02,1.999275e-02,4.381437e-01,4.333604e-03,1.106096e-02,5.027789e-02,1.652872e-01,5.799215e-04,5.266970e-02
6.391582e-02,3.080971e-02,4.371254e-02,7.232793e-02,9.665923e-02,2.502109e-02,4.028893e-02,1.790437e-02,3.949530e-01,5.141690e-03,9.818774e-03,3.616754e-02,1.209479e-01,4.857616e-04,4.184574e-02
8.333085e-02,3.430936e-02,4.345063e-02,6.092892e-02,1.004024e-01,2.685033e-02,5.282971e-02,3.779887e-02,3.901616e-01,4.934632e-03,8.831082e-03,2.698654e-02,9.516508e-02,5.151881e-04,3.350478e-02
6.189151e-02,2.681935e-02,4.164556e-02,1.040836e-01,8.594232e-02,2.104471e-02,3.804079e-02,2.850351e-02,4.133357e-01,5.298750e-03,3.415205e-02,3.333078e-02,7.931401e-02,7.951378e-04,2.580229e-02
4.474247e-02,2.105334e-02,3.068693e-02,1.268282e-01,8.035489e-02,1.516348e-02,2.746689e-02,2.060000e-02,4.832253e-01,3.901172e-03,3.937247e-02,2.897531e-02,5.710149e-02,1.726754e-03,1.880128e-02
3.440568e-02,1.632775e-02,2.326578e-02,1.932920e-01,6.188738e-02,1.248071e-02,1.948642e-02,1.722462e-02,3.775558e-01,3.156231e-03,9.336508e-02,9.007947e-02,4.141366e-02,2.103823e-03,1.395550e-02
2.625351e-02,1.161534e-02,1.637019e-02,1.497812e-01,4.492026e-02,9.483628e-03,1.366045e-02,1.225977e-02,2.742924e-01,2.805060e-03,2.758227e-01,1.176982e-01,2.960951e-02,5.422405e-03,1.000536e-02
1.939009e-02,8.276087e-03,1.157272e-02,1.170300e-01,3.245253e-02,7.240295e-03,9.599122e-03,9.082258e-03,1.957545e-01,2.540829e-03,3.832555e-01,1.693461e-01,2.161560e-02,5.676813e-03,7.167439e-03
1.450934e-02,6.022893e-03,8.339429e-03,8.479434e-02,3.107514e-02,8.615647e-03,6.750222e-03,6.567003e-03,1.384119e-01,2.944896e-03,4.037200e-01,2.574778e-01,1.547520e-02,9.972451e-03,5.323833e-03
1.093929e-02,4.948023e-03,6.120033e-03,6.075818e-02,3.457900e-02,8.466380e-03,4.745947e-03,4.674159e-03,9.758791e-02,2.866304e-03,4.529612e-01,2.820905e-01,1.126672e-02,1.357166e-02,4.424752e-03
8.786987e-03,4.571392e-03,4.562224e-03,4.307394e-02,3.992369e-02,9.782683e-03,3.343711e-03,3.347720e-03,7.027573e-02,3.124107e-03,5.159901e-01,2.613657e-01,8.509126e-03,1.922631e-02,4.116667e-03
7.019964e-03,4.789921e-03,3.531969e-03,3.082233e-02,5.207030e-02,9.470848e-03,2.377997e-03,2.416017e-03,5.135750e-02,4.167015e-03,5.430361e-01,2.389558e-01,6.785880e-03,3.821116e-02,4.987194e-03
5.459771e-03,4.337884e-03,2.582363e-03,2.166308e-02,4.297975e-02,7.565946e-03,1.683938e-03,1.724350e-03,3.730918e-02,4.989497e-03,6.194080e-01,1.930176e-01,5.660829e-03,4.707389e-02,4.543959e-03
4.050682e-03,3.160862e-03,1.881161e-03,1.518823e-02,3.747788e-02,5.671010e-03,1.196777e-03,1.234948e-03,2.631718e-02,3.856440e-03,6.999809e-01,1.415401e-01,4.339828e-03,5.075609e-02,3.347944e-03
2.962021e-03,2.446687e-03,1.391710e-03,1.066109e-02,6.170121e-02,4.055273e-03,8.713168e-04,8.902888e-04,1.911792e-02,3.053864e-03,7.307177e-01,1.071505e-01,3.300599e-03,4.922583e-02,2.454038e-03
2.153996e-03,2.383500e-03,1.053506e-03,7.498447e-03,1.756131e-01,3.111763e-03,6.618398e-04,6.445806e-04,1.393097e-02,2.420884e-03,6.570595e-01,8.182520e-02,2.416378e-03,4.740956e-02,1.816743e-03
1.961177e-03,2.087774e-03,2.296341e-03,6.908907e-03,3.301753e-01,2.814119e-03,6.563689e-04,1.195629e-02,1.076471e-02,1.990067e-03,5.185190e-01,6.457111e-02,1.806766e-03,4.216320e-02,1.328806e-03
1.881323e-03,2.209569e-03,2.291232e-03,5.609305e-03,4.923791e-01,4.102390e-03,1.229044e-03,1.585605e-02,9.536807e-03,1.467415e-03,3.793440e-01,5.055619e-02,1.328795e-03,3.123395e-02,9.747711e-04
3.154881e-03,2.708618e-03,2.881703e-03,4.549205e-03,6.338308e-01,4.103118e-03,1.304399e-03,1.174200e-02,7.403312e-03,1.057895e-03,2.677912e-01,3.560628e-02,9.783898e-04,2.210788e-02,7.803490e-04
5.639085e-03,5.890081e-03,4.832650e-03,4.936315e-03,7.246571e-01,5.197193e-03,2.222769e-03,9.299138e-03,6.037063e-03,7.867988e-04,1.884604e-01,2.508904e-02,7.403962e-04,1.556290e-02,6.491083e-04
2.218666e-02,2.160283e-02,1.466187e-02,1.254784e-02,7.235994e-01,1.217541e-02,5.329368e-03,1.234959e-02,5.827743e-03,1.331019e-03,1.337690e-01,1.815515e-02,8.057992e-04,1.198253e-02,3.675796e-03
2.376163e-02,2.249771e-02,9.310154e-02,1.625025e-01,5.441577e-01,9.832853e-03,4.287838e-03,1.246192e-02,5.175872e-03,1.464298e-03,9.467479e-02,1.306641e-02,7.688684e-04,8.608846e-03,3.637241e-03
1.759147e-02,2.711434e-02,1.819205e-01,1.985493e-01,3.839549e-01,7.310297e-03,3.159554e-03,9.628503e-03,8.515563e-03,8.481723e-03,1.209337e-01,1.096603e-02,3.926027e-03,7.427325e-03,1.052077e-02
1.418750e-02,2.320777e-02,1.389308e-01,2.341937e-01,2.784932e-01,5.910196e-03,2.478967e-03,8.256578e-03,9.647276e-03,2.404340e-02,1.997499e-01,2.836795e-02,1.642646e-02,6.981669e-03,9.124706e-03
1.097094e-02,1.757034e-02,9.879473e-02,1.877887e-01,2.027935e-01,4.723654e-03,1.858626e-03,6.776488e-03,8.618239e-03,2.772988e-02,3.544318e-01,4.708351e-02,1.622940e-02,7.602226e-03,7.028018e-03
8.490358e-03,1.280410e-02,6.971237e-02,1.371340e-01,1.433522e-01,4.350819e-03,1.339822e-03,5.185352e-03,1.002997e-02,2.663716e-02,4.570584e-01,9.249356e-02,1.723486e-02,9.019691e-03,5.157358e-03
6.766170e-03,9.883040e-03,4.973292e-02,9.777537e-02,1.046300e-01,4.157256e-03,9.558708e-04,3.731259e-03,1.140137e-02,2.473368e-02,5.211280e-01,1.292442e-01,1.384113e-02,1.752808e-02,4.491574e-03
6.545131e-03,1.147848e-02,4.072453e-02,7.011002e-02,8.444189e-02,3.772993e-03,7.200533e-04,3.190569e-03,1.644594e-02,3.533377e-02,5.505923e-01,1.295990e-01,1.145494e-02,3.107202e-02,4.518342e-03
7.687987e-03,1.084003e-02,3.505188e-02,5.044563e-02,7.602394e-02,3.695011e-03,6.873751e-04,6.930395e-03,1.901430e-02,9.542541e-02,5.306107e-01,1.094829e-01,9.873476e-03,4.034009e-02,3.890914e-03
1.087759e-02,1.042256e-02,2.809173e-02,3.782983e-02,8.260769e-02,3.958066e-03,5.592720e-04,5.992069e-03,1.558590e-02,9.591354e-02,5.315520e-01,1.144236e-01,8.197979e-03,4.933769e-02,4.650398e-03
1.929054e-02,1.005743e-02,2.984174e-02,3.581417e-02,7.474500e-02,4.807290e-03,5.322415e-04,7.494364e-03,1.925457e-02,9.567320e-02,4.836131e-01,1.398460e-01,8.175591e-03,6.608933e-02,4.765437e-03
1.894269e-02,9.791395e-03,2.311013e-02,2.640316e-02,5.465956e-02,4.355452e-03,5.615464e-04,6.434643e-03,1.986646e-02,7.765827e-02,4.563223e-01,2.292848e-01,8.825147e-03,5.972761e-02,4.056795e-03
1.609800e-02,8.703165e-03,1.726453e-02,1.952726e-02,4.151614e-02,4.341896e-03,6.724744e-04,5.828354e-03,2.065552e-02,6.008729e-02,5.322458e-01,2.127434e-01,9.589167e-03,4.727881e-02,3.448169e-03
2.223826e-02,7.923352e-03,1.280925e-02,1.395600e-02,3.369785e-02,3.661612e-03,7.147377e-04,5.264577e-03,1.836029e-02,4.685044e-02,6.091514e-01,1.758665e-01,9.872655e-03,3.671277e-02,2.920331e-03
3.471740e-02,1.809997e-02,1.233806e-02,1.014890e-02,4.800860e-02,5.316501e-03,1.126469e-03,5.167064e-03,4.014943e-02,3.931707e-02,5.751821e-01,1.609181e-01,1.081400e-02,3.431053e-02,4.385846e-03
4.886796e-02,2.341010e-02,3.919926e-02,7.702289e-03,5.736089e-02,9.738995e-03,4.620448e-03,7.097686e-02,6.420709e-02,3.769848e-02,4.602408e-01,1.305344e-01,9.717749e-03,3.120869e-02,4.516064e-03
4.173644e-02,3.138828e-02,3.196001e-02,5.833170e-03,5.517817e-02,9.913787e-03,4.577089e-03,5.155811e-02,9.693180e-02,5.773583e-02,4.616513e-01,1.028714e-01,9.112823e-03,3.357876e-02,5.972997e-03
3.425817e-02,8.110065e-02,3.615164e-02,4.362459e-03,5.908359e-02,8.868393e-03,4.041155e-03,3.706179e-02,1.501292e-01,9.254920e-02,3.711241e-01,7.582282e-02,8.796824e-03,3.060162e-02,6.048415e-03
2.750154e-02,9.207670e-02,7.721177e-02,3.726276e-03,4.912025e-02,1.274727e-02,4.457050e-03,4.402571e-02,1.646368e-01,1.387464e-01,2.848262e-01,5.639095e-02,7.526832e-03,3.171222e-02,5.294023e-03
2.428438e-02,6.825966e-02,1.087673e-01,1.120585e-02,5.133015e-02,1.469948e-02,3.788518e-02,1.173020e-01,1.358375e-01,1.376088e-01,2.088692e-01,4.376859e-02,6.678321e-03,2.952762e-02,3.976010e-03
2.460585e-02,5.178556e-02,1.427057e-01,1.066531e-02,5.138633e-02,1.390003e-02,3.605217e-02,2.185998e-01,1.063667e-01,1.321760e-01,1.479995e-01,3.121162e-02,5.040803e-03,2.453663e-02,2.967946e-03
2.387689e-02,3.931181e-02,1.230951e-01,8.963069e-03,5.394719e-02,1.351983e-02,9.153259e-02,3.030064e-01,8.058537e-02,1.109823e-01,1.038974e-01,2.212834e-02,4.527396e-03,1.840633e-02,2.220013e-03
2.194038e-02,2.855881e-02,9.710829e-02,7.183465e-03,4.823303e-02,1.053150e-02,1.931922e-01,3.429715e-01,5.907870e-02,8.302627e-02,7.288520e-02,1.563507e-02,4.405085e-03,1.359494e-02,1.655486e-03
2.147329e-02,2.095925e-02,7.304080e-02,5.637696e-03,3.835104e-02,7.900222e-03,3.078150e-01,3.320151e-01,4.746183e-02,6.618656e-02,5.134087e-02,1.117545e-02,4.406474e-03,1.087209e-02,1.364287e-03
2.462584e-02,1.554696e-02,5.299330e-02,4.576497e-03,2.922003e-02,6.113335e-03,4.306957e-01,2.841601e-01,3.905537e-02,5.454213e-02,3.641905e-02,8.188352e-03,3.820691e-03,8.939079e-03,1.103613e-03
