1.000000e+00,0.000000e+00,0.000000e+00,0.000000e+00,0.000000e+00,0.000000e+00,0.000000e+00,0.000000e+00,0.000000e+00,0.000000e+00,0.000000e+00,0.000000e+00,0.000000e+00,0.000000e+00,0.000000e+00
1.000000e+00,0.000000e+00,0.000000e+00,0.000000e+00,0.000000e+00,0.000000e+00,0.000000e+00,0.000000e+00,0.000000e+00,0.000000e+00,0.000000e+00,0.000000e+00,0.000000e+00,0.000000e+00,0.000000e+00
1.000000e+00,0.000000e+00,0.000000e+00,0.000000e+00,0.000000e+00,0.000000e+00,0.000000e+00,0.000000e+00,0.000000e+00,0.000000e+00,0.000000e+00,0.000000e+00,0.000000e+00,0.000000e+00,0.000000e+00
1.000000e+00,0.000000e+00,0.000000e+00,0.000000e+00,0.000000e+00,0.000000e+00,0.000000e+00,0.000000e+00,0.000000e+00,0.000000e+00,0.000000e+00,0.000000e+00,0.000000e+00,0.000000e+00,0.000000e+00
1.000000e+00,0.000000e+00,0.000000e+00,0.000000e+00,0.000000e+00,0.000000e+00,0.000000e+00,0.000000e+00,0.000000e+00,0.000000e+00,0.000000e+00,0.000000e+00,0.000000e+00,0.000000e+00,0.000000e+00
1.000000e+00,0.000000e+00,0.000000e+00,0.000000e+00,0.000000e+00,0.000000e+00,0.000000e+00,0.000000e+00,0.000000e+00,0.000000e+00,0.000000e+00,0.000000e+00,0.000000e+00,0.000000e+00,0.000000e+00
1.000000e+00,0.000000e+00,0.000000e+00,0.000000e+00,0.000000e+00,0.000000e+00,0.000000e+00,0.000000e+00,0.000000e+00,0.000000e+00,0.000000e+00,0.000000e+00,0.000000e+00,0.000000e+00,0.000000e+00
1.000000e+00,0.000000e+00,0.000000e+00,0.000000e+00,0.000000e+00,0.000000e+00,0.000000e+00,0.000000e+00,0.000000e+00,0.000000e+00,0.000000e+00,0.000000e+00,0.000000e+00,0.000000e+00,0.000000e+00
1.000000e+00,0.000000e+00,0.000000e+00,0.000000e+00,0.000000e+00,0.000000e+00,0.000000e+00,0.000000e+00,0.000000e+00,0.000000e+00,0.000000e+00,0.000000e+00,0.000000e+00,0.000000e+00,0.000000e+00
1.000000e+00,0.000000e+00,0.000000e+00,0.000000e+00,0.000000e+00,0.000000e+00,0.000000e+00,0.000000e+00,0.000000e+00,0.000000e+00,0.000000e+00,0.000000e+00,0.000000e+00,0.000000e+00,0.000000e+00
1.000000e+00,0.000000e+00,0.000000e+00,0.000000e+00,0.000000e+00,0.000000e+00,0.000000e+00,0.000000e+00,0.000000e+00,0.000000e+00,0.000000e+00,0.000000e+00,0.000000e+00,0.000000e+00,0.000000e+00
1.000000e+00,0.000000e+00,0.000000e+00,0.000000e+00,0.000000e+00,0.000000e+00,0.000000e+00,0.000000e+00,0.000000e+00,0.000000e+00,0.000000e+00,0.000000e+00,0.000000e+00,0.000000e+00,0.000000e+00
1.000000e+00,0.000000e+00,0.000000e+00,0.000000e+00,0.000000e+00,0.000000e+00,0.000000e+00,0.000000e+00,0.000000e+00,0.000000e+00,0.000000e+00,0.000000e+00,0.000000e+00,0.000000e+00,0.000000e+00
1.000000e+00,0.000000e+00,0.000000e+00,0.000000e+00,0.000000e+00,0.000000e+00,0.000000e+00,0.000000e+00,0.000000e+00,0.000000e+00,0.000000e+00,0.000000e+00,0.000000e+00,0.000000e+00,0.000000e+00
1.000000e+00,0.000000e+00,0.000000e+00,0.000000e+00,0.000000e+00,0.000000e+00,0.000000e+00,0.000000e+00,0.000000e+00,0.000000e+00,0.000000e+00,0.000000e+00,0.000000e+00,0.000000e+00,0.000000e+00
1.000000e+00,0.000000e+00,0.000000e+00,0.000000e+00,0.000000e+00,0.000000e+00,0.000000e+00,0.000000e+00,0.000000e+00,0.000000e+00,0.000000e+00,0.000000e+00,0.000000e+00,0.000000e+00,0.000000e+00
1.000000e+00,0.000000e+00,0.000000e+00,0.000000e+00,0.000000e+00,0.000000e+00,0.000000e+00,0.000000e+00,0.000000e+00,0.000000e+00,0.000000e+00,0.000000e+00,0.000000e+00,0.000000e+00,0.000000e+00
1.000000e+00,0.000000e+00,0.000000e+00,0.000000e+00,0.000000e+00,0.000000e+00,0.000000e+00,0.000000e+00,0.000000e+00,0.000000e+00,0.000000e+00,0.000000e+00,0.000000e+00,0.000000e+00,0.000000e+00
1.000000e+00,0.000000e+00,0.000000e+00,0.000000e+00,0.000000e+00,0.000000e+00,0.000000e+00,0.000000e+00,0.000000e+00,0.000000e+00,0.000000e+00,0.000000e+00,0.000000e+00,0.000000e+00,0.000000e+00
1.000000e+00,0.000000e+00,0.000000e+00,0.000000e+00,0.000000e+00,0.000000e+00,0.000000e+00,0.000000e+00,0.000000e+00,0.000000e+00,0.000000e+00,0.000000e+00,0.000000e+00,0.000000e+00,0.000000e+00
1.000000e+00,0.000000e+00,0.000000e+00,0.000000e+00,0.000000e+00,0.000000e+00,0.000000e+00,0.000000e+00,0.000000e+00,0.000000e+00,0.000000e+00,0.000000e+00,0.000000e+00,0.000000e+00,0.000000e+00
1.000000e+00,0.000000e+00,0.000000e+00,0.000000e+00,0.000000e+00,0.000000e+00,0.000000e+00,0.000000e+00,0.000000e+00,0.000000e+00,0.000000e+00,0.000000e+00,0.000000e+00,0.000000e+00,0.000000e+00
1.000000e+00,0.000000e+00,0.000000e+00,0.000000e+00,0.000000e+00,0.000000e+00,0.000000e+00,0.000000e+00,0.000000e+00,0.000000e+00,0.000000e+00,0.000000e+00,0.000000e+00,0.000000e+00,0.000000e+00
1.000000e+00,0.000000e+00,0.000000e+00,0.000000e+00,0.000000e+00,0.000000e+00,0.000000e+00,0.000000e+00,0.000000e+00,0.000000e+00,0.000000e+00,0.000000e+00,0.000000e+00,0.000000e+00,0.000000e+00
1.000000e+00,0.000000e+00,0.000000e+00,0.000000e+00,0.000000e+00,0.000000e+00,0.000000e+00,0.000000e+00,0.000000e+00,0.000000e+00,0.000000e+00,0.000000e+00,0.000000e+00,0.000000e+00,0.000000e+00
1.000000e+00,0.000000e+00,0.000000e+00,0.000000e+00,0.000000e+00,0.000000e+00,0.000000e+00,0.000000e+00,0.000000e+00,0.000000e+00,0.000000e+00,0.000000e+00,0.000000e+00,0.000000e+00,0.000000e+00
1.000000e+00,0.000000e+00,0.000000e+00,0.000000e+00,0.000000e+00,0.000000e+00,0.000000e+00,0.000000e+00,0.000000e+00,0.000000e+00,0.000000e+00,0.000000e+00,0.000000e+00,0.000000e+00,0.000000e+00
1.000000e+00,0.000000e+00,0.000000e+00,0.000000e+00,0.000000e+00,0.000000e+00,0.000000e+00,0.000000e+00,0.000000e+00,0.000000e+00,0.000000e+00,0.000000e+00,0.000000e+00,0.000000e+00,0.000000e+00
1.000000e+00,0.000000e+00,0.000000e+00,0.000000e+00,0.000000e+00,0.000000e+00,0.000000e+00,0.000000e+00,0.000000e+00,0.000000e+00,0.000000e+00,0.000000e+00,0.000000e+00,0.000000e+00,0.000000e+00
1.000000e+00,0.000000e+00,0.000000e+00,0.000000e+00,0.000000e+00,0.000000e+00,0.000000e+00,0.000000e+00,0.000000e+00,0.000000e+00,0.000000e+00,0.000000e+00,0.000000e+00,0.000000e+00,0.000000e+00
1.000000e+00,0.000000e+00,0.000000e+00,0.000000e+00,0.000000e+00,0.000000e+00,0.000000e+00,0.000000e+00,0.000000e+00,0.000000e+00,0.000000e+00,0.000000e+00,0.000000e+00,0.000000e+00,0.000000e+00
1.000000e+00,0.000000e+00,0.000000e+00,0.000000e+00,0.000000e+00,0.000000e+00,0.000000e+00,0.000000e+00,0.000000e+00,0.000000e+00,0.000000e+00,0.000000e+00,0.000000e+00,0.000000e+00,0.000000e+00
1.000000e+00,0.000000e+00,0.000000e+00,0.000000e+00,0.000000e+00,0.000000e+00,0.000000e+00,0.000000e+00,0.000000e+00,0.000000e+00,0.000000e+00,0.000000e+00,0.000000e+00,0.000000e+00,0.000000e+00
1.000000e+00,0.000000e+00,0.000000e+00,0.000000e+00,0.000000e+00,0.000000e+00,0.000000e+00,0.000000e+00,0.000000e+00,0.000000e+00,0.000000e+00,0.000000e+00,0.000000e+00,0.000000e+00,0.000000e+00
1.000000e+00,0.000000e+00,0.000000e+00,0.000000e+00,0.000000e+00,0.000000e+00,0.000000e+00,0.000000e+00,0.000000e+00,0.000000e+00,0.000000e+00,0.000000e+00,0.000000e+00,0.000000e+00,0.000000e+00
1.000000e+00,0.000000e+00,0.000000e+00,0.000000e+00,0.000000e+00,0.000000e+00,0.000000e+00,0.000000e+00,0.000000e+00,0.000000e+00,0.000000e+00,0.000000e+00,0.000000e+00,0.000000e+00,0.000000e+00
1.000000e+00,0.000000e+00,0.000000e+00,0.000000e+00,0.000000e+00,0.000000e+00,0.000000e+00,0.000000e+00,0.000000e+00,0.000000e+00,0.000000e+00,0.000000e+00,0.000000e+00,0.000000e+00,0.000000e+00
1.000000e+00,0.000000e+00,0.000000e+00,0.000000e+00,0.000000e+00,0.000000e+00,0.000000e+00,0.000000e+00,0.000000e+00,0.000000e+00,0.000000e+00,0.000000e+00,0.000000e+00,0.000000e+00,0.000000e+00
1.000000e+00,0.000000e+00,0.000000e+00,0.000000e+00,0.000000e+00,0.000000e+00,0.000000e+00,0.000000e+00,0.000000e+00,0.000000e+00,0.000000e+00,0.000000e+00,0.000000e+00,0.000000e+00,0.000000e+00
1.000000e+00,0.000000e+00,0.000000e+00,0.000000e+00,0.000000e+00,0.000000e+00,0.000000e+00,0.000000e+00,0.000000e+00,0.000000e+00,0.000000e+00,0.000000e+00,0.000000e+00,0.000000e+00,0.000000e+00
1.000000e+00,0.000000e+00,0.000000e+00,0.000000e+00,0.000000e+00,0.000000e+00,0.000000e+00,0.000000e+00,0.000000e+00,0.000000e+00,0.000000e+00,0.000000e+00,0.000000e+00,0.000000e+00,0.000000e+00
1.000000e+00,0.000000e+00,0.000000e+00,0.000000e+00,0.000000e+00,0.000000e+00,0.000000e+00,0.000000e+00,0.000000e+00,0.000000e+00,0.000000e+00,0.000000e+00,0.000000e+00,0.000000e+00,0.000000e+00
1.000000e+00,0.000000e+00,0.000000e+00,0.000000e+00,0.000000e+00,0.000000e+00,0.000000e+00,0.000000e+00,0.000000e+00,0.000000e+00,0.000000e+00,0.000000e+00,0.000000e+00,0.000000e+00,0.000000e+00
1.000000e+00,0.000000e+00,0.000000e+00,0.000000e+00,0.000000e+00,0.000000e+00,0.000000e+00,0.000000e+00,0.000000e+00,0.000000e+00,0.000000e+00,0.000000e+00,0.000000e+00,0.000000e+00,0.000000e+00
1.000000e+00,0.000000e+00,0.000000e+00,0.000000e+00,0.000000e+00,0.000000e+00,0.000000e+00,0.000000e+00,0.000000e+00,0.000000e+00,0.000000e+00,0.000000e+00,0.000000e+00,0.000000e+00,0.000000e+00
1.000000e+00,0.000000e+00,0.000000e+00,0.000000e+00,0.000000e+00,0.000000e+00,0.000000e+00,0.000000e+00,0.000000e+00,0.000000e+00,0.000000e+00,0.000000e+00,0.000000e+00,0.000000e+00,0.000000e+00
1.000000e+00,0.000000e+00,0.000000e+00,0.000000e+00,0.000000e+00,0.000000e+00,0.000000e+00,0.000000e+00,0.000000e+00,0.000000e+00,0.000000e+00,0.000000e+00,0.000000e+00,0.000000e+00,0.000000e+00
4.642118e-01,6.442852e-02,4.059540e-02,2.237458e-01,2.285411e-02,2.456853e-02,7.452806e-03,2.167543e-02,1.593332e-02,2.514703e-03,1.461721e-02,3.745314e-02,2.213760e-02,4.996250e-03,3.281542e-02
1.000000e+00,0.000000e+00,0.000000e+00,0.000000e+00,0.000000e+00,0.000000e+00,0.000000e+00,0.000000e+00,0.000000e+00,0.000000e+00,0.000000e+00,0.000000e+00,0.000000e+00,0.000000e+00,0.000000e+00
1.000000e+00,0.000000e+00,0.000000e+00,0.000000e+00,0.000000e+00,0.000000e+00,0.000000e+00,0.000000e+00,0.000000e+00,0.000000e+00,0.000000e+00,0.000000e+00,0.000000e+00,0.000000e+00,0.000000e+00
1.000000e+00,0.000000e+00,0.000000e+00,0.000000e+00,0.000000e+00,0.000000e+00,0.000000e+00,0.000000e+00,0.000000e+00,0.000000e+00,0.000000e+00,0.000000e+00,0.000000e+00,0.000000e+00,0.000000e+00
1.000000e+00,0.000000e+00,0.000000e+00,0.000000e+00,0.000000e+00,0.000000e+00,0.000000e+00,0.000000e+00,0.000000e+00,0.000000e+00,0.000000e+00,0.000000e+00,0.000000e+00,0.000000e+00,0.000000e+00
4.785130e-01,3.152299e-02,2.202278e-02,1.530109e-01,1.602719e-01,2.165973e-02,2.153111e-02,2.283028e-02,8.970916e-03,1.915834e-03,9.089944e-03,2.223301e-02,2.146275e-02,3.034851e-03,2.192994e-02
3.523036e-01,2.485410e-02,1.852386e-02,1.151677e-01,3.003984e-01,3.253362e-02,3.139985e-02,5.730120e-02,6.571792e-03,1.495550e-03,7.327466e-03,1.734241e-02,1.695017e-02,2.201066e-03,1.562927e-02
2.488187e-01,1.755623e-02,1.363729e-02,8.212010e-02,4.614516e-01,2.371376e-02,2.570952e-02,4.075607e-02,4.654164e-03,3.160363e-03,2.915386e-02,1.226965e-02,1.245859e-02,2.955851e-03,2.158426e-02
1.986124e-01,1.363759e-02,1.454160e-02,6.081791e-02,5.339965e-01,2.075569e-02,1.927559e-02,2.921845e-02,4.009584e-03,8.677663e-03,3.653096e-02,9.093372e-03,9.464584e-03,7.208863e-03,3.415919e-02
1.556583e-01,1.052320e-02,1.258532e-02,4.463016e-02,5.686966e-01,1.725112e-02,1.411348e-02,2.088498e-02,4.158408e-03,3.048364e-02,4.132123e-02,6.638386e-03,7.325142e-03,9.378280e-03,5.635163e-02
1.440277e-01,9.058158e-03,1.032405e-02,3.252136e-02,5.256805e-01,1.446269e-02,1.041120e-02,1.525844e-02,4.134316e-03,2.586451e-02,3.470438e-02,6.044425e-03,6.942875e-03,2.310009e-02,1.374653e-01
2.085382e-01,9.887762e-03,8.469060e-03,2.389945e-02,3.994807e-01,1.459088e-02,7.581553e-03,1.141423e-02,3.919544e-03,2.076575e-02,3.030003e-02,5.344104e-03,6.021054e-03,3.227137e-02,2.175162e-01
2.056394e-01,1.039308e-02,7.496522e-03,2.029167e-02,3.595433e-01,2.064588e-02,5.972233e-03,9.572766e-03,6.414329e-03,1.879021e-02,2.741051e-02,7.249861e-03,7.268312e-03,4.411053e-02,2.492014e-01
1.711586e-01,9.966023e-03,6.906183e-03,1.514242e-02,2.837159e-01,7.739566e-02,6.279957e-03,8.588800e-03,6.193218e-03,2.060694e-02,4.264265e-02,1.473173e-02,9.794455e-03,1.162830e-01,2.105945e-01
1.284148e-01,7.680290e-03,5.123438e-03,1.094191e-02,2.053122e-01,9.938988e-02,5.787663e-03,6.719142e-03,5.794859e-03,1.805337e-02,4.888858e-02,1.855415e-02,1.313499e-02,2.514737e-01,1.747310e-01
9.911042e-02,2.000070e-02,4.144624e-03,8.757696e-03,1.452649e-01,1.207439e-01,4.242212e-03,5.125008e-03,1.405524e-02,1.891766e-02,8.091448e-02,1.682813e-02,1.815156e-02,2.558612e-01,1.878824e-01
7.421049e-02,2.234132e-02,4.488419e-03,8.929580e-03,1.026063e-01,1.261119e-01,3.388094e-03,4.293926e-03,2.376773e-02,3.349997e-02,1.918118e-01,1.344798e-02,1.449028e-02,2.117560e-01,1.648563e-01
5.236267e-02,1.830764e-02,3.238864e-03,6.363175e-03,7.191783e-02,9.532937e-02,2.411758e-03,3.085204e-03,1.897904e-02,4.504065e-02,3.322546e-01,1.045294e-02,1.070782e-02,1.942338e-01,1.353146e-01
3.672136e-02,1.611860e-02,2.353052e-03,4.552573e-03,5.048783e-02,6.932580e-02,1.700300e-03,2.189460e-03,2.099087e-02,6.208159e-02,4.179132e-01,9.041298e-03,7.843894e-03,1.849723e-01,1.137079e-01
2.574117e-02,1.651383e-02,1.694106e-03,3.231450e-03,3.537694e-02,5.236050e-02,1.195544e-03,1.541645e-03,2.017664e-02,6.276663e-02,4.677426e-01,1.003078e-02,6.012391e-03,2.048761e-01,9.073973e-02
1.805838e-02,1.828161e-02,1.245819e-03,2.348655e-03,2.483452e-02,5.590062e-02,8.440295e-04,1.106364e-03,7.270950e-02,5.388353e-02,4.414529e-01,4.401045e-02,5.652152e-03,1.829206e-01,7.675088e-02
1.268107e-02,2.932640e-02,9.872037e-04,1.710124e-03,1.742832e-02,6.350017e-02,5.969808e-04,8.111703e-04,1.499038e-01,4.319650e-02,3.851333e-01,4.735311e-02,4.773851e-03,1.733434e-01,6.925462e-02
8.894411e-03,3.131170e-02,7.254810e-04,1.214095e-03,1.224796e-02,7.303865e-02,4.211501e-04,6.396548e-04,3.585339e-01,3.046699e-02,2.714078e-01,3.362800e-02,3.443681e-03,1.243908e-01,4.963582e-02
6.241376e-03,2.502058e-02,5.367196e-04,1.069149e-03,8.844981e-03,5.713222e-02,3.114596e-04,1.425659e-03,5.393481e-01,2.139231e-02,1.901869e-01,2.357008e-02,2.446559e-03,8.764082e-02,3.483313e-02
4.421148e-03,1.955540e-02,4.628839e-04,1.603553e-03,7.160842e-03,4.705578e-02,2.594590e-04,1.426354e-03,6.649985e-01,1.514432e-02,1.333654e-01,1.653796e-02,1.747101e-03,6.161909e-02,2.464220e-02
5.204087e-03,1.486569e-02,1.654496e-03,8.222374e-03,1.545727e-02,3.682327e-02,3.367770e-04,9.901481e-03,7.286166e-01,1.142775e-02,9.362767e-02,1.161751e-02,1.288091e-03,4.331376e-02,1.764318e-02
9.449331e-03,1.273819e-02,3.559017e-03,2.183313e-02,2.503068e-02,3.849643e-02,3.377692e-04,1.178615e-02,7.420749e-01,1.158704e-02,6.734336e-02,8.323246e-03,1.281888e-03,3.098036e-02,1.517846e-02
1.183706e-02,1.296443e-02,6.465937e-03,3.305380e-02,5.975356e-02,4.443692e-02,4.864993e-04,2.085634e-02,6.933309e-01,1.335120e-02,5.082367e-02,6.296087e-03,1.678277e-03,2.251901e-02,2.214633e-02
1.022527e-02,1.184680e-02,6.803093e-03,5.291917e-02,5.932593e-02,3.720340e-02,4.862145e-04,2.778611e-02,6.958982e-01,1.158795e-02,3.652661e-02,4.643061e-03,1.974674e-03,1.634040e-02,2.643308e-02
1.335481e-02,1.273317e-02,7.078099e-03,5.087904e-02,8.781743e-02,3.352470e-02,1.024421e-03,7.803516e-02,6.377820e-01,9.825978e-03,2.679130e-02,3.509539e-03,1.956546e-03,1.203461e-02,2.365322e-02
3.076148e-02,2.598604e-02,6.897756e-03,5.748346e-02,1.127741e-01,3.259402e-02,1.885048e-03,8.318971e-02,5.804262e-01,8.494850e-03,1.961408e-02,2.652307e-03,2.555149e-03,9.054341e-03,2.563146e-02
5.108216e-02,3.837599e-02,7.238474e-03,6.244016e-02,1.057151e-01,3.139717e-02,2.941708e-03,1.052918e-01,5.321100e-01,7.942385e-03,1.453271e-02,2.053173e-03,6.744203e-03,7.032642e-03,2.510226e-02
7.044967e-02,4.560976e-02,1.215800e-02,5.926282e-02,8.137167e-02,2.596121e-02,5.996678e-03,1.625891e-01,4.734156e-01,6.963229e-03,1.076116e-02,1.877765e-03,1.577561e-02,5.566732e-03,2.224099e-02
1.151102e-01,4.770361e-02,1.824951e-02,4.988203e-02,6.255558e-02,2.461738e-02,1.099837e-02,1.451401e-01,4.593215e-01,5.696625e-03,8.796689e-03,3.855898e-03,2.230917e-02,4.447424e-03,2.131592e-02
1.712912e-01,4.366847e-02,3.372626e-02,6.078739e-02,5.123479e-02,3.011787e-02,2.169833e-02,1.086196e-01,3.548124e-01,6.674130e-03,9.088486e-03,1.423448e-02,5.052801e-02,7.214313e-03,3.630428e-02
1.742027e-01,3.278168e-02,2.414301e-02,5.221974e-02,3.941032e-02,2.759402e-02,1.005331e-01,7.834578e-02,2.565599e-01,1.433188e-02,3.071981e-02,2.989329e-02,9.329979e-02,6.886993e-03,3.907802e-02
1.483462e-01,2.513882e-02,1.710779e-02,4.258858e-02,3.157275e-02,2.350811e-02,1.906531e-01,5.637543e-02,1.857187e-01,2.041375e-02,3.485248e-02,5.484072e-02,1.176141e-01,6.285471e-03,4.498393e-02
1.659421e-01,1.965289e-02,1.208936e-02,3.237275e-02,2.399007e-02,2.271147e-02,1.917318e-01,3.992627e-02,1.326451e-01,2.365166e-02,4.321613e-02,1.242064e-01,1.217552e-01,5.859960e-03,4.024882e-02
1.412088e-01,1.473998e-02,9.028576e-03,2.558083e-02,1.750153e-02,2.485323e-02,1.642153e-01,2.833289e-02,9.564207e-02,2.988305e-02,6.027265e-02,2.203572e-01,1.326013e-01,5.131811e-03,3.065078e-02
1.086063e-01,1.067709e-02,6.637976e-03,1.915521e-02,1.275514e-02,2.067649e-02,1.341808e-01,1.995446e-02,7.213260e-02,4.971160e-02,7.202547e-02,3.163610e-01,1.243900e-01,9.031793e-03,2.370407e-02
8.086118e-02,8.137775e-03,5.099260e-03,1.405228e-02,9.248290e-03,1.541684e-02,9.530777e-02,1.413613e-02,5.658646e-02,1.222146e-01,8.697761e-02,3.325015e-01,1.008173e-01,3.799770e-02,2.064526e-02
5.912256e-02,7.036789e-03,3.939527e-03,1.004264e-02,6.852219e-03,1.128868e-02,6.845321e-02,1.025267e-02,4.764690e-02,1.646684e-01,1.027596e-01,3.309652e-01,8.244546e-02,7.052700e-02,2.399925e-02
4.221693e-02,1.456062e-02,3.183272e-03,7.138388e-03,5.266366e-03,8.471638e-03,4.801822e-02,7.238663e-03,5.563689e-02,1.770194e-01,1.115078e-01,2.901346e-01,6.604868e-02,1.323725e-01,3.118605e-02
3.005218e-02,1.115283e-02,2.280443e-03,5.046153e-03,3.772576e-03,6.145160e-03,3.364576e-02,5.108821e-03,6.143835e-02,1.536805e-01,1.435166e-01,2.330811e-01,4.835363e-02,2.355181e-01,2.720767e-02
2.134481e-02,9.534707e-03,1.695327e-03,3.593126e-03,2.813304e-03,4.607039e-03,2.357136e-02,3.596106e-03,7.803049e-02,1.247412e-01,1.826128e-01,1.819421e-01,3.517063e-02,3.003767e-01,2.637041e-02
1.507463e-02,9.933067e-03,1.252337e-03,2.598006e-03,2.137591e-03,3.543855e-03,1.650461e-02,2.560728e-03,1.477727e-01,9.042088e-02,2.277987e-01,1.393201e-01,2.592119e-02,2.928503e-01,2.231131e-02
1.068590e-02,1.777717e-02,9.811581e-04,1.886202e-03,1.674556e-03,2.901272e-03,1.155739e-02,1.822117e-03,1.797563e-01,6.438044e-02,2.339135e-01,1.013856e-01,1.897970e-02,3.290192e-01,2.327955e-02
7.681863e-03,3.318803e-02,1.070878e-03,1.442473e-03,1.272814e-03,2.828067e-03,8.095252e-03,1.352215e-03,1.802138e-01,4.571597e-02,2.354063e-01,7.193102e-02,1.395890e-02,3.674230e-01,2.841939e-02
5.846654e-03,2.709504e-02,8.890918e-04,1.066499e-03,9.489152e-04,2.846533e-03,5.669522e-03,1.047054e-03,1.613961e-01,3.233291e-02,1.940248e-01,5.060190e-02,1.018017e-02,4.788000e-01,2.725481e-02
4.902016e-03,2.175238e-02,8.094732e-04,8.041359e-04,7.097655e-04,2.865524e-03,3.974005e-03,9.341004e-04,1.423011e-01,2.278809e-02,1.504097e-01,3.555031e-02,7.405792e-03,5.796951e-01,2.509854e-02
8.272439e-03,4.815711e-02,1.318576e-03,6.931376e-04,6.732444e-04,2.563823e-03,2.795434e-03,8.855435e-04,1.503690e-01,1.625214e-02,1.153776e-01,2.507409e-02,5.871305e-03,5.955127e-01,2.618386e-02
1.823263e-02,1.513295e-01,3.473624e-03,7.478201e-04,1.083966e-03,2.445976e-03,1.979018e-03,1.194183e-03,1.506397e-01,1.205224e-02,8.539622e-02,1.768210e-02,4.821254e-03,5.251001e-01,2.382182e-02
2.725673e-02,1.888177e-01,7.937024e-03,1.630171e-03,2.311088e-03,2.940940e-03,1.402878e-03,2.468918e-03,2.150711e-01,1.199003e-02,6.119499e-02,1.257625e-02,4.053792e-03,3.931364e-01,6.721198e-02
3.096997e-02,1.487833e-01,6.302434e-02,1.741496e-02,1.544582e-02,3.066161e-03,1.122440e-03,7.818984e-03,2.015367e-01,1.468883e-02,4.384631e-02,8.874776e-03,3.009263e-03,2.809996e-01,1.593986e-01
3.615584e-02,1.336205e-01,6.745343e-02,1.805321e-02,4.147270e-02,5.472957e-03,9.710978e-04,1.131546e-02,2.425307e-01,1.806993e-02,3.305288e-02,6.301386e-03,2.441277e-03,2.154546e-01,1.676339e-01
5.513041e-02,1.173388e-01,6.426766e-02,2.449264e-02,6.696198e-02,7.170147e-03,9.349064e-04,1.342371e-02,2.432580e-01,1.662975e-02,2.967201e-02,4.509571e-03,2.057373e-03,1.949501e-01,1.592029e-01
9.225971e-02,9.927131e-02,5.416239e-02,2.368020e-02,9.018905e-02,1.429158e-02,1.246203e-03,1.232954e-02,2.405857e-01,1.467497e-02,3.132629e-02,3.232975e-03,1.953465e-03,1.765125e-01,1.442841e-01
9.733367e-02,8.237091e-02,4.401804e-02,3.184072e-02,7.796293e-02,5.707577e-02,1.049643e-03,1.011728e-02,1.982946e-01,1.493364e-02,2.443954e-02,2.340581e-03,1.558677e-03,1.357124e-01,2.209516e-01
1.339950e-01,6.422157e-02,3.294007e-02,2.404554e-02,6.071793e-02,7.534561e-02,9.339214e-04,1.004920e-02,1.891685e-01,1.323924e-02,2.418253e-02,1.915261e-03,1.648074e-03,1.596012e-01,2.079964e-01
1.200119e-01,4.780872e-02,2.464258e-02,1.803129e-02,4.471956e-02,7.018902e-02,7.751143e-04,8.342166e-03,1.766776e-01,1.674054e-02,2.017654e-02,1.582931e-03,1.537802e-03,1.332418e-01,3.155225e-01
8.513953e-02,4.612074e-02,2.296276e-02,3.888141e-02,3.230971e-02,4.964625e-02,5.554237e-04,5.881429e-03,1.302740e-01,1.482668e-02,1.488179e-02,1.441247e-03,1.430956e-03,9.433068e-02,4.613174e-01
5.981864e-02,3.597099e-02,1.741669e-02,2.812655e-02,2.275420e-02,3.488916e-02,3.937257e-04,4.131177e-03,1.034818e-01,1.161174e-02,1.109213e-02,1.205484e-03,1.157081e-03,6.867573e-02,5.992749e-01
4.229816e-02,2.737371e-02,1.263661e-02,1.986529e-02,1.602361e-02,2.463032e-02,3.000897e-04,3.058746e-03,9.661949e-02,1.287398e-02,2.270431e-02,7.616780e-03,7.492678e-03,6.073065e-02,6.457756e-01
2.992805e-02,1.958174e-02,9.077181e-03,1.403067e-02,1.148770e-02,1.748321e-02,2.241251e-04,2.389070e-03,1.291269e-01,1.677787e-02,6.287752e-02,9.057506e-03,2.087707e-02,6.022120e-02,5.968602e-01
2.119548e-02,1.375752e-02,6.416691e-03,9.914888e-03,8.302867e-03,1.327048e-02,1.620980e-04,1.939046e-03,1.258812e-01,1.444291e-02,1.566839e-01,8.322817e-03,2.011579e-02,8.229068e-02,5.173036e-01
1.518117e-02,9.673025e-03,4.535837e-03,7.199416e-03,6.722946e-03,9.968476e-03,1.331640e-04,2.154087e-03,1.245857e-01,1.726009e-02,1.978346e-01,6.785445e-03,1.712316e-02,9.364377e-02,4.871991e-01
1.071641e-02,6.786816e-03,3.207866e-03,5.352989e-03,5.621528e-03,7.326663e-03,4.895311e-04,2.460155e-03,1.337902e-01,2.130218e-02,2.284655e-01,6.961913e-03,1.660105e-02,1.304444e-01,4.204729e-01
7.678073e-03,4.819231e-03,2.561891e-03,4.183067e-03,6.237626e-03,5.396634e-03,5.990275e-03,1.981836e-02,1.176538e-01,2.219328e-02,2.713579e-01,7.306841e-03,2.019707e-02,1.422189e-01,3.623871e-01
5.556129e-03,3.623168e-03,2.040358e-03,3.828116e-03,1.006287e-02,4.698575e-03,2.351275e-02,1.728736e-02,9.789441e-02,2.421655e-02,2.017890e-01,1.187910e-02,2.026391e-02,2.517078e-01,3.216399e-01
4.271825e-03,2.779989e-03,1.932251e-03,3.694550e-03,1.107448e-02,4.963110e-03,2.104438e-02,1.356289e-02,7.470281e-02,3.500864e-02,1.490261e-01,2.724409e-02,2.651701e-02,3.175326e-01,3.066452e-01
3.702137e-03,3.565330e-03,4.040129e-03,5.144286e-03,2.187188e-02,1.475915e-02,2.832578e-02,2.486015e-02,6.873849e-02,6.071028e-02,1.364014e-01,3.450363e-02,4.894505e-02,2.711571e-01,2.732753e-01
3.116755e-03,4.006641e-03,4.533347e-03,5.025600e-03,1.885718e-02,2.117866e-02,2.206771e-02,1.843927e-02,5.978949e-02,7.917155e-02,1.515012e-01,6.395179e-02,1.024178e-01,2.166469e-01,2.292962e-01
2.378961e-03,5.324436e-03,5.411203e-03,3.938532e-03,1.390268e-02,1.662340e-02,1.575442e-02,1.320585e-02,5.866987e-02,6.241646e-02,1.908768e-01,1.138662e-01,1.692882e-01,1.531969e-01,1.751461e-01
2.127011e-03,6.123976e-03,5.558003e-03,3.575119e-03,1.046299e-02,1.360416e-02,1.123345e-02,1.059795e-02,9.329686e-02,5.276093e-02,2.134868e-01,1.624562e-01,1.773745e-01,1.084149e-01,1.289272e-01
2.181594e-03,1.683755e-02,7.849256e-03,2.924235e-03,9.718650e-03,1.217768e-02,7.926737e-03,8.200811e-03,2.124763e-01,4.204476e-02,2.126065e-01,1.453292e-01,1.506537e-01,7.683133e-02,9.224172e-02
2.260858e-03,1.530256e-02,1.249644e-02,4.875137e-03,9.576268e-03,5.541363e-02,5.773237e-03,1.974679e-02,3.469011e-01,3.142685e-02,1.557556e-01,1.078926e-01,1.113246e-01,5.436181e-02,6.689260e-02
2.039291e-03,1.436921e-02,9.793277e-03,4.290653e-03,9.739155e-03,9.394456e-02,4.218061e-03,1.585301e-02,4.677123e-01,2.280958e-02,1.115308e-01,7.748791e-02,8.013583e-02,3.824859e-02,4.782776e-02
2.053177e-03,1.344918e-02,7.223866e-03,6.140344e-03,1.479406e-02,8.883609e-02,3.731244e-03,1.337086e-02,5.818378e-01,1.668623e-02,7.826346e-02,5.440633e-02,5.843901e-02,2.683753e-02,3.393079e-02
2.297235e-03,1.570830e-02,5.200734e-03,6.669255e-03,1.674912e-02,7.710129e-02,2.977820e-03,9.655525e-03,6.640629e-01,1.295456e-02,5.535605e-02,3.907513e-02,4.801390e-02,1.887347e-02,2.530471e-02
3.008408e-03,1.967592e-02,3.866786e-03,1.013182e-02,1.939643e-02,7.360385e-02,2.513045e-03,7.155204e-03,7.091448e-01,1.091856e-02,3.998826e-02,2.865497e-02,3.770531e-02,1.333616e-02,2.090046e-02
4.066833e-03,2.574204e-02,3.459149e-03,3.150535e-02,1.824771e-02,9.026335e-02,2.411474e-03,1.914179e-02,6.684228e-01,1.194406e-02,2.968946e-02,2.050893e-02,3.194248e-02,1.002399e-02,3.263064e-02
6.336643e-03,2.036619e-02,4.527837e-03,5.241508e-02,2.023751e-02,1.056337e-01,2.550147e-03,2.343880e-02,6.251986e-01,1.828785e-02,2.589441e-02,1.614393e-02,2.814732e-02,8.275031e-03,4.254703e-02
8.312075e-03,2.027465e-02,5.416083e-03,7.301496e-02,1.915997e-02,1.162484e-01,2.571674e-03,2.006628e-02,5.497022e-01,2.821269e-02,2.523390e-02,1.817960e-02,3.220163e-02,1.096461e-02,7.044136e-02
1.033741e-02,2.174238e-02,1.504854e-02,9.369677e-02,2.543112e-02,9.935865e-02,5.721376e-03,2.839042e-02,5.024363e-01,2.768335e-02,3.513181e-02,1.498318e-02,3.499955e-02,9.942415e-03,7.509679e-02
1.346499e-02,3.251556e-02,1.641424e-02,9.224604e-02,2.540431e-02,7.892973e-02,6.031234e-03,2.175168e-02,5.043955e-01,2.304310e-02,3.838009e-02,1.307441e-02,3.417587e-02,1.296288e-02,8.721037e-02
1.126779e-02,5.434886e-02,1.296692e-02,7.876920e-02,2.195347e-02,6.440213e-02,4.810504e-03,1.665382e-02,5.464463e-01,1.846676e-02,2.979301e-02,9.648558e-03,3.259593e-02,1.285806e-02,8.501872e-02
9.308382e-03,5.907883e-02,1.257929e-02,1.240782e-01,1.647382e-02,6.311046e-02,3.473684e-03,1.244649e-02,4.716799e-01,2.383223e-02,2.396542e-02,7.319245e-03,2.486434e-02,1.547745e-02,1.323123e-01
6.737358e-03,4.228603e-02,9.082543e-03,8.716620e-02,1.163437e-02,4.495244e-02,2.440016e-03,8.757327e-03,3.448287e-01,1.928923e-02,1.763157e-02,5.373700e-03,1.759901e-02,4.654972e-02,3.356718e-01
6.028170e-03,3.058405e-02,7.199891e-03,6.156025e-02,8.380895e-03,3.245535e-02,1.798732e-03,7.124483e-03,2.844193e-01,1.814928e-02,2.281762e-02,5.017971e-03,1.411934e-02,1.650654e-01,3.352793e-01
8.614479e-03,2.442946e-02,1.318446e-02,4.465739e-02,6.609997e-03,4.476447e-02,2.049845e-03,6.917664e-03,2.621474e-01,3.736496e-02,4.991434e-02,5.434145e-03,1.339332e-02,2.184443e-01,2.620738e-01
7.049051e-03,1.869459e-02,1.426670e-02,3.169866e-02,5.174455e-03,3.527702e-02,1.750420e-03,5.423581e-03,2.932082e-01,8.006343e-02,4.387683e-02,9.215386e-03,1.313993e-02,2.144315e-01,2.267302e-01
1.468187e-02,1.832157e-02,1.307251e-02,2.635567e-02,1.507334e-02,7.085530e-02,3.545979e-03,9.845332e-03,2.977562e-01,7.465490e-02,7.384407e-02,9.203332e-03,1.490993e-02,1.740188e-01,1.838613e-01
1.473399e-02,2.355677e-02,2.165941e-02,2.729392e-02,1.902900e-02,1.040647e-01,2.971454e-03,1.018060e-02,3.241239e-01,6.055809e-02,6.746143e-02,7.337457e-03,1.139457e-02,1.553203e-01,1.503144e-01
1.144791e-02,2.160573e-02,1.828151e-02,2.381156e-02,1.456182e-02,7.801785e-02,2.236345e-03,8.000460e-03,3.640232e-01,4.829413e-02,1.326930e-01,6.611485e-03,9.001254e-03,1.476135e-01,1.138002e-01
8.872079e-03,1.934128e-02,2.319701e-02,4.603518e-02,1.121289e-02,5.658467e-02,1.665987e-03,7.223521e-03,4.605885e-01,3.799648e-02,1.199973e-01,6.096850e-03,7.729809e-03,1.103778e-01,8.308055e-02
8.022005e-03,1.569786e-02,1.762913e-02,4.093757e-02,1.271861e-02,4.205236e-02,1.481237e-03,5.659257e-03,4.146562e-01,1.158870e-01,1.440510e-01,7.763821e-03,1.022305e-02,9.661207e-02,6.660879e-02
8.890294e-03,1.753641e-02,1.445705e-02,3.735247e-02,1.106528e-02,3.235699e-02,1.213643e-03,5.547158e-03,3.423533e-01,9.043530e-02,2.354128e-01,8.696619e-03,1.261646e-02,1.225906e-01,5.947568e-02
7.665631e-03,1.583037e-02,1.140924e-02,2.861456e-02,8.963183e-03,2.807309e-02,9.861717e-04,4.416994e-03,2.827441e-01,6.938844e-02,3.013019e-01,8.709790e-03,1.313959e-02,1.707126e-01,4.804437e-02
7.086827e-03,1.334854e-02,9.132753e-03,3.392879e-02,7.469162e-03,2.378135e-02,8.900622e-04,3.756451e-03,2.445187e-01,6.109889e-02,3.507569e-01,9.049373e-03,1.344612e-02,1.829183e-01,3.881771e-02
5.828580e-03,1.056223e-02,6.730206e-03,2.726140e-02,5.951468e-03,1.946438e-02,7.948232e-04,2.924362e-03,2.119052e-01,5.759135e-02,4.006219e-01,1.703005e-02,1.676182e-02,1.849702e-01,3.160201e-02
4.738773e-03,8.170301e-03,5.098453e-03,2.292509e-02,6.279342e-03,1.624870e-02,8.621387e-04,2.605586e-03,2.028569e-01,5.058349e-02,3.820418e-01,2.008402e-02,3.074354e-02,2.214824e-01,2.527958e-02
3.680193e-03,7.020361e-03,3.804733e-03,1.782453e-02,5.165244e-03,1.206775e-02,6.519097e-04,1.910066e-03,1.628361e-01,3.934718e-02,5.068173e-01,2.536624e-02,2.888713e-02,1.653048e-01,1.931643e-02
3.881914e-03,5.342272e-03,2.998902e-03,1.337393e-02,6.163369e-03,1.084717e-02,6.740896e-04,2.612104e-03,1.258588e-01,3.084578e-02,5.903651e-01,4.519996e-02,2.774803e-02,1.197107e-01,1.437788e-02
4.916365e-03,4.958108e-03,3.762784e-03,1.104826e-02,1.205449e-02,1.377358e-02,1.234059e-03,4.709807e-03,9.878667e-02,3.115243e-02,6.200137e-01,5.599789e-02,2.885542e-02,9.040336e-02,1.833306e-02
8.373344e-03,4.766045e-03,4.499935e-03,8.640343e-03,2.512781e-02,1.746059e-02,5.768697e-03,2.177640e-02,7.758828e-02,2.943138e-02,6.289922e-01,5.275175e-02,2.694013e-02,6.892344e-02,1.895966e-02
8.756762e-03,9.728933e-03,1.258617e-02,7.030217e-03,4.141577e-02,1.746486e-02,1.041405e-02,1.715682e-02,6.693170e-02,2.225500e-02,6.546940e-01,4.183917e-02,2.463409e-02,4.975185e-02,1.534060e-02
7.545225e-03,7.690551e-03,1.343806e-02,5.803862e-03,4.258284e-02,2.128193e-02,1.330921e-02,1.515239e-02,4.958092e-02,1.604301e-02,7.075000e-01,3.145536e-02,2.040745e-02,3.682145e-02,1.138780e-02
6.220962e-03,5.835031e-03,1.238764e-02,4.653254e-03,6.461140e-02,1.882292e-02,1.133540e-02,1.597616e-02,4.098692e-02,1.161763e-02,7.199000e-01,2.853616e-02,1.815590e-02,3.274457e-02,8.216085e-03
7.820295e-03,4.286227e-03,2.262631e-02,3.612424e-03,4.805364e-02,3.055725e-02,1.079563e-02,3.394016e-02,3.161682e-02,9.127389e-03,6.965815e-01,3.368456e-02,2.361628e-02,3.762759e-02,6.053997e-03
1.003695e-02,3.355323e-03,3.003614e-02,2.785619e-03,3.708260e-02,8.979534e-02,9.366946e-03,3.530800e-02,2.904327e-02,7.248958e-03,6.226973e-01,3.982908e-02,4.270356e-02,3.616984e-02,4.541143e-03
1.598493e-02,2.939253e-03,2.449831e-02,2.466635e-03,3.449963e-02,1.482130e-01,7.148032e-03,3.073672e-02,2.935124e-02,5.667740e-03,5.382960e-01,5.533462e-02,6.819409e-02,3.303122e-02,3.638615e-03
2.130085e-02,2.572275e-03,1.868427e-02,2.291737e-03,3.099659e-02,1.370313e-01,5.307368e-03,2.406134e-02,2.632694e-02,4.406835e-03,4.734881e-01,7.975659e-02,1.395438e-01,3.132235e-02,2.909653e-03
2.248498e-02,2.336466e-03,1.480308e-02,2.031121e-03,2.350591e-02,1.113582e-01,3.928301e-03,1.828904e-02,2.710787e-02,3.602500e-03,3.942834e-01,1.614738e-01,1.847109e-01,2.762433e-02,2.460223e-03
2.522065e-02,8.302264e-03,1.683049e-02,1.979215e-03,1.869054e-02,1.302248e-01,3.082013e-03,1.490299e-02,5.725199e-02,3.717044e-03,2.973701e-01,1.693359e-01,2.247514e-01,2.537399e-02,2.966576e-03
2.378280e-02,7.312449e-03,2.745249e-02,1.551705e-03,1.649274e-02,1.195489e-01,4.886467e-02,3.244437e-02,5.914612e-02,7.578208e-03,2.155229e-01,2.432947e-01,1.719240e-01,2.256049e-02,2.523526e-03
2.087421e-02,7.750877e-03,2.392039e-02,1.257841e-03,1.503337e-02,1.110191e-01,3.499800e-02,2.523329e-02,4.871388e-02,5.934439e-03,1.547161e-01,3.566575e-01,1.746944e-01,1.697459e-02,2.222061e-03
2.101487e-02,7.527789e-03,2.128486e-02,1.114631e-03,1.429117e-02,8.801568e-02,2.563438e-02,2.119873e-02,4.025915e-02,4.956811e-03,1.123259e-01,4.737038e-01,1.524759e-01,1.410826e-02,2.088153e-03
2.940653e-02,7.984413e-03,2.290512e-02,1.448962e-03,3.386553e-02,6.771717e-02,2.300282e-02,1.839533e-02,3.888926e-02,4.300135e-03,8.336783e-02,5.381908e-01,1.174234e-01,1.095077e-02,2.151903e-03
3.798394e-02,6.321092e-03,2.281605e-02,1.416636e-03,2.632148e-02,9.091489e-02,1.785996e-02,2.496879e-02,2.865582e-02,3.776915e-03,5.983884e-02,5.618237e-01,1.067065e-01,8.889282e-03,1.706145e-03
3.940628e-02,4.885062e-03,1.752815e-02,1.780987e-03,2.010962e-02,1.990166e-01,1.314864e-02,2.147247e-02,2.180557e-02,3.465747e-03,4.419724e-02,5.089191e-01,9.613226e-02,6.618402e-03,1.513834e-03
4.985984e-02,2.657682e-02,4.453552e-02,3.927262e-03,2.665823e-02,1.649929e-01,1.717062e-02,1.902155e-02,5.331243e-02,6.354546e-03,4.428148e-02,4.461284e-01,8.044222e-02,5.708751e-03,1.102944e-02
5.383193e-02,1.936660e-02,3.608715e-02,3.122696e-03,2.984828e-02,1.352728e-01,5.138079e-02,2.423683e-02,4.076482e-02,6.974499e-03,3.660327e-02,4.756950e-01,7.351913e-02,5.039140e-03,8.257105e-03
4.354681e-02,1.417638e-02,2.802631e-02,2.762006e-03,2.415053e-02,1.893913e-01,3.909604e-02,1.837266e-02,3.233160e-02,5.923463e-03,3.525031e-02,4.691544e-01,8.745593e-02,3.893795e-03,6.468425e-03
3.789598e-02,1.184465e-02,2.118140e-02,2.773328e-03,2.140147e-02,1.457358e-01,2.986596e-02,1.455280e-02,3.912853e-02,6.654043e-03,3.685046e-02,5.334302e-01,8.948849e-02,3.561222e-03,5.635642e-03
2.793677e-02,9.701937e-03,1.526661e-02,2.277733e-03,1.806310e-02,1.053325e-01,2.170940e-02,1.055312e-02,5.327389e-02,5.276512e-03,4.419663e-02,5.846048e-01,9.411494e-02,2.793706e-03,4.898371e-03
2.037271e-02,8.509004e-03,1.136964e-02,1.979145e-03,1.839485e-02,7.730086e-02,1.884847e-02,1.020405e-02,1.311724e-01,6.222937e-03,5.045452e-02,5.532250e-01,8.463661e-02,2.141657e-03,5.168076e-03
1.586786e-02,9.344285e-03,8.944936e-03,1.701558e-03,1.542957e-02,5.655467e-02,1.434349e-02,8.373797e-03,1.387132e-01,6.764997e-03,4.786685e-02,5.897080e-01,8.028707e-02,1.677235e-03,4.422602e-03
1.153137e-02,7.133267e-03,6.763712e-03,2.018121e-03,1.281308e-02,4.229318e-02,1.074012e-02,8.659593e-03,1.735267e-01,7.951213e-03,4.283013e-02,5.972601e-01,7.141867e-02,1.289161e-03,3.771599e-03
8.253648e-03,5.620646e-03,4.798107e-03,1.596276e-03,9.548477e-03,3.039839e-02,7.716070e-03,6.732057e-03,1.803449e-01,6.867087e-03,3.580184e-02,6.404943e-01,5.722122e-02,1.070241e-03,3.536774e-03
5.987729e-03,4.797929e-03,3.416087e-03,1.174166e-03,7.895708e-03,2.314240e-02,5.519977e-03,7.422632e-03,3.532805e-01,5.270950e-03,3.655140e-02,4.966397e-01,4.530995e-02,7.660033e-04,2.824898e-03
5.043733e-03,4.187122e-03,2.990121e-03,1.417656e-03,7.190316e-03,1.813226e-02,3.996575e-03,1.527082e-02,5.155516e-01,4.373496e-03,3.416372e-02,3.507935e-01,3.419757e-02,5.675387e-04,2.124017e-03
6.710131e-03,3.600390e-03,4.616270e-03,5.154612e-03,7.220812e-03,1.551023e-02,3.125162e-03,4.372634e-02,5.947591e-01,4.334529e-03,2.816874e-02,2.538950e-01,2.691082e-02,4.211357e-04,1.846638e-03
1.380831e-02,4.507309e-03,4.197137e-02,2.328024e-02,3.040181e-02,1.813716e-02,2.607997e-03,4.340614e-02,5.920612e-01,4.240853e-03,2.129053e-02,1.816432e-01,2.045844e-02,3.445454e-04,1.840916e-03
1.824799e-02,4.916729e-03,4.670916e-02,2.338628e-02,4.935411e-02,1.439428e-02,2.143329e-03,1.213943e-01,5.515263e-01,4.172760e-03,1.631085e-02,1.295259e-01,1.584513e-02,3.113791e-04,1.761450e-03
1.690758e-02,4.234478e-03,3.799120e-02,1.785058e-02,5.043272e-02,1.052942e-02,1.718826e-03,3.068346e-01,4.326854e-01,3.164408e-03,1.214873e-02,9.194224e-02,1.186991e-02,2.670542e-04,1.422879e-03
3.687738e-02,1.300165e-02,5.312013e-02,1.431645e-02,6.575872e-02,8.371764e-03,1.835515e-03,3.545674e-01,3.617223e-01,3.938988e-03,9.911951e-03,6.535874e-02,9.019782e-03,6.210413e-04,1.578207e-03
5.285924e-02,1.993682e-02,6.098471e-02,1.373620e-02,8.002730e-02,7.145448e-03,2.391489e-03,3.153735e-01,3.801605e-01,3.497686e-03,7.785889e-03,4.672211e-02,6.769178e-03,9.053213e-04,1.704643e-03
7.648943e-02,3.139136e-02,5.606738e-02,2.295456e-02,1.002432e-01,6.754999e-03,2.903225e-03,2.710762e-01,3.694779e-01,4.143851e-03,9.329217e-03,3.659543e-02,6.246862e-03,1.759105e-03,4.567267e-03
9.427758e-02,3.082050e-02,4.062261e-02,1.745025e-02,9.739266e-02,7.334976e-03,2.471143e-03,2.338169e-01,4.247554e-01,4.208032e-03,8.058599e-03,2.750600e-02,4.777929e-03,2.304605e-03,4.202865e-03
1.277541e-01,2.775630e-02,2.988269e-02,1.356008e-02,8.472261e-02,7.509507e-03,2.268487e-03,2.659715e-01,3.909032e-01,5.471217e-03,8.075483e-03,2.262501e-02,4.089036e-03,4.621604e-03,4.789222e-03
1.985096e-01,3.010917e-02,2.210376e-02,1.047869e-02,6.686637e-02,7.001959e-03,2.783492e-03,2.433623e-01,3.529617e-01,1.160180e-02,8.530807e-03,1.890171e-02,3.603615e-03,1.636393e-02,6.821146e-03
2.765673e-01,3.013105e-02,1.744701e-02,8.490841e-03,5.167842e-02,6.664106e-03,3.738151e-03,2.213328e-01,3.118768e-01,1.402673e-02,9.066221e-03,1.705498e-02,3.349711e-03,1.921252e-02,9.363368e-03
3.162875e-01,3.069064e-02,1.397431e-02,8.447123e-03,4.499164e-02,7.071191e-03,4.120301e-03,2.456910e-01,2.562093e-01,1.647544e-02,8.679414e-03,1.376188e-02,3.226940e-03,2.102131e-02,9.351901e-03
3.618569e-01,2.266943e-02,1.095329e-02,7.814530e-03,3.566065e-02,6.605864e-03,3.841181e-03,2.894738e-01,1.922937e-01,1.947012e-02,7.807436e-03,1.290463e-02,3.256500e-03,1.641194e-02,8.980046e-03
4.151683e-01,1.712092e-02,9.321863e-03,8.343467e-03,3.048871e-02,6.246518e-03,3.954451e-03,2.934008e-01,1.450628e-01,2.658296e-02,7.423706e-03,1.198379e-02,3.240555e-03,1.289665e-02,8.764409e-03
4.867635e-01,1.413064e-02,8.412740e-03,8.990355e-03,2.755146e-02,7.590332e-03,4.709741e-03,2.586248e-01,1.099701e-01,2.609923e-02,7.912319e-03,1.493408e-02,4.073890e-03,1.001320e-02,1.022355e-02
1.000000e+00,0.000000e+00,0.000000e+00,0.000000e+00,0.000000e+00,0.000000e+00,0.000000e+00,0.000000e+00,0.000000e+00,0.000000e+00,0.000000e+00,0.000000e+00,0.000000e+00,0.000000e+00,0.000000e+00
4.461735e-01,8.544384e-03,6.031320e-03,9.530601e-03,1.836875e-02,6.271380e-03,3.378853e-03,3.921921e-01,5.861549e-02,1.542170e-02,6.123639e-03,1.254630e-02,3.621364e-03,5.572404e-03,7.608137e-03
4.278361e-01,6.545408e-03,7.437067e-03,1.862533e-02,1.421586e-02,5.485306e-03,2.806995e-03,4.338568e-01,4.145236e-02,1.152491e-02,5.338637e-03,1.031589e-02,3.489901e-03,4.282231e-03,6.787199e-03
1.000000e+00,0.000000e+00,0.000000e+00,0.000000e+00,0.000000e+00,0.000000e+00,0.000000e+00,0.000000e+00,0.000000e+00,0.000000e+00,0.000000e+00,0.000000e+00,0.000000e+00,0.000000e+00,0.000000e+00
4.813682e-01,3.901387e-02,1.371900e-02,5.195965e-02,1.346812e-02,1.297193e-02,3.110750e-03,2.781676e-01,2.308160e-02,7.964985e-03,1.589774e-02,2.753811e-02,1.329895e-02,4.348777e-03,1.409072e-02
4.602295e-01,3.967583e-02,1.312651e-02,5.966538e-02,1.485316e-02,1.620187e-02,3.162045e-03,2.056021e-01,1.916222e-02,1.036657e-02,5.774821e-02,4.967266e-02,2.949560e-02,5.310742e-03,1.572762e-02
3.805169e-01,2.950952e-02,2.539663e-02,6.240369e-02,1.331285e-02,1.806082e-02,4.304993e-03,1.630772e-01,1.864336e-02,9.970578e-03,1.006479e-01,8.102611e-02,7.318918e-02,5.095722e-03,1.484461e-02
3.637260e-01,2.177365e-02,1.969318e-02,5.749181e-02,1.190152e-02,2.711195e-02,4.179907e-03,1.162885e-01,1.938494e-02,1.100964e-02,1.188646e-01,1.042000e-01,1.041947e-01,5.233563e-03,1.494592e-02
2.709113e-01,1.570238e-02,1.406640e-02,4.447919e-02,9.038649e-03,3.071207e-02,3.471238e-03,8.171677e-02,1.878962e-02,8.430472e-03,9.893021e-02,2.300135e-01,1.561150e-01,4.776647e-03,1.284659e-02
1.964474e-01,1.154206e-02,1.008603e-02,3.223718e-02,6.843127e-03,2.956902e-02,2.687679e-03,5.732220e-02,2.077715e-02,8.336565e-03,8.844075e-02,3.341169e-01,1.837311e-01,4.707279e-03,1.315556e-02
1.524638e-01,9.239729e-03,7.439306e-03,2.359867e-02,5.344910e-03,2.397983e-02,2.255822e-03,4.047720e-02,2.927763e-02,9.468248e-03,8.522075e-02,3.675957e-01,2.180693e-01,5.545065e-03,2.002393e-02
