1.000000e+00,0.000000e+00,0.000000e+00,0.000000e+00,0.000000e+00,0.000000e+00,0.000000e+00,0.000000e+00,0.000000e+00,0.000000e+00,0.000000e+00,0.000000e+00,0.000000e+00,0.000000e+00,0.000000e+00
1.000000e+00,0.000000e+00,0.000000e+00,0.000000e+00,0.000000e+00,0.000000e+00,0.000000e+00,0.000000e+00,0.000000e+00,0.000000e+00,0.000000e+00,0.000000e+00,0.000000e+00,0.000000e+00,0.000000e+00
1.000000e+00,0.000000e+00,0.000000e+00,0.000000e+00,0.000000e+00,0.000000e+00,0.000000e+00,0.000000e+00,0.000000e+00,0.000000e+00,0.000000e+00,0.000000e+00,0.000000e+00,0.000000e+00,0.000000e+00
1.000000e+00,0.000000e+00,0.000000e+00,0.000000e+00,0.000000e+00,0.000000e+00,0.000000e+00,0.000000e+00,0.000000e+00,0.000000e+00,0.000000e+00,0.000000e+00,0.000000e+00,0.000000e+00,0.000000e+00
1.000000e+00,0.000000e+00,0.000000e+00,0.000000e+00,0.000000e+00,0.000000e+00,0.000000e+00,0.000000e+00,0.000000e+00,0.000000e+00,0.000000e+00,0.000000e+00,0.000000e+00,0.000000e+00,0.000000e+00
1.000000e+00,0.000000e+00,0.000000e+00,0.000000e+00,0.000000e+00,0.000000e+00,0.000000e+00,0.000000e+00,0.000000e+00,0.000000e+00,0.000000e+00,0.000000e+00,0.000000e+00,0.000000e+00,0.000000e+00
1.000000e+00,0.000000e+00,0.000000e+00,0.000000e+00,0.000000e+00,0.000000e+00,0.000000e+00,0.000000e+00,0.000000e+00,0.000000e+00,0.000000e+00,0.000000e+00,0.000000e+00,0.000000e+00,0.000000e+00
1.000000e+00,0.000000e+00,0.000000e+00,0.000000e+00,0.000000e+00,0.000000e+00,0.000000e+00,0.000000e+00,0.000000e+00,0.000000e+00,0.000000e+00,0.000000e+00,0.000000e+00,0.000000e+00,0.000000e+00
1.000000e+00,0.000000e+00,0.000000e+00,0.000000e+00,0.000000e+00,0.000000e+00,0.000000e+00,0.000000e+00,0.000000e+00,0.000000e+00,0.000000e+00,0.000000e+00,0.000000e+00,0.000000e+00,0.000000e+00
1.000000e+00,0.000000e+00,0.000000e+00,0.000000e+00,0.000000e+00,0.000000e+00,0.000000e+00,0.000000e+00,0.000000e+00,0.000000e+00,0.000000e+00,0.000000e+00,0.000000e+00,0.000000e+00,0.000000e+00
1.000000e+00,0.000000e+00,0.000000e+00,0.000000e+00,0.000000e+00,0.000000e+00,0.000000e+00,0.000000e+00,0.000000e+00,0.000000e+00,0.000000e+00,0.000000e+00,0.000000e+00,0.000000e+00,0.000000e+00
1.000000e+00,0.000000e+00,0.000000e+00,0.000000e+00,0.000000e+00,0.000000e+00,0.000000e+00,0.000000e+00,0.000000e+00,0.000000e+00,0.000000e+00,0.000000e+00,0.000000e+00,0.000000e+00,0.000000e+00
1.000000e+00,0.000000e+00,0.000000e+00,0.000000e+00,0.000000e+00,0.000000e+00,0.000000e+00,0.000000e+00,0.000000e+00,0.000000e+00,0.000000e+00,0.000000e+00,0.000000e+00,0.000000e+00,0.000000e+00
1.000000e+00,0.000000e+00,0.000000e+00,0.000000e+00,0.000000e+00,0.000000e+00,0.000000e+00,0.000000e+00,0.000000e+00,0.000000e+00,0.000000e+00,0.000000e+00,0.000000e+00,0.000000e+00,0.000000e+00
1.000000e+00,0.000000e+00,0.000000e+00,0.000000e+00,0.000000e+00,0.000000e+00,0.000000e+00,0.000000e+00,0.000000e+00,0.000000e+00,0.000000e+00,0.000000e+00,0.000000e+00,0.000000e+00,0.000000e+00
1.000000e+00,0.000000e+00,0.000000e+00,0.000000e+00,0.000000e+00,0.000000e+00,0.000000e+00,0.000000e+00,0.000000e+00,0.000000e+00,0.000000e+00,0.000000e+00,0.000000e+00,0.000000e+00,0.000000e+00
1.000000e+00,0.000000e+00,0.000000e+00,0.000000e+00,0.000000e+00,0.000000e+00,0.000000e+00,0.000000e+00,0.000000e+00,0.000000e+00,0.000000e+00,0.000000e+00,0.000000e+00,0.000000e+00,0.000000e+00
1.000000e+00,0.000000e+00,0.000000e+00,0.000000e+00,0.000000e+00,0.000000e+00,0.000000e+00,0.000000e+00,0.000000e+00,0.000000e+00,0.000000e+00,0.000000e+00,0.000000e+00,0.000000e+00,0.000000e+00
1.000000e+00,0.000000e+00,0.000000e+00,0.000000e+00,0.000000e+00,0.000000e+00,0.000000e+00,0.000000e+00,0.000000e+00,0.000000e+00,0.000000e+00,0.000000e+00,0.000000e+00,0.000000e+00,0.000000e+00
1.000000e+00,0.000000e+00,0.000000e+00,0.000000e+00,0.000000e+00,0.000000e+00,0.000000e+00,0.000000e+00,0.000000e+00,0.000000e+00,0.000000e+00,0.000000e+00,0.000000e+00,0.000000e+00,0.000000e+00
1.000000e+00,0.000000e+00,0.000000e+00,0.000000e+00,0.000000e+00,0.000000e+00,0.000000e+00,0.000000e+00,0.000000e+00,0.000000e+00,0.000000e+00,0.000000e+00,0.000000e+00,0.000000e+00,0.000000e+00
1.000000e+00,0.000000e+00,0.000000e+00,0.000000e+00,0.000000e+00,0.000000e+00,0.000000e+00,0.000000e+00,0.000000e+00,0.000000e+00,0.000000e+00,0.000000e+00,0.000000e+00,0.000000e+00,0.000000e+00
1.000000e+00,0.000000e+00,0.000000e+00,0.000000e+00,0.000000e+00,0.000000e+00,0.000000e+00,0.000000e+00,0.000000e+00,0.000000e+00,0.000000e+00,0.000000e+00,0.000000e+00,0.000000e+00,0.000000e+00
1.000000e+00,0.000000e+00,0.000000e+00,0.000000e+00,0.000000e+00,0.000000e+00,0.000000e+00,0.000000e+00,0.000000e+00,0.000000e+00,0.000000e+00,0.000000e+00,0.000000e+00,0.000000e+00,0.000000e+00
1.000000e+00,0.000000e+00,0.000000e+00,0.000000e+00,0.000000e+00,0.000000e+00,0.000000e+00,0.000000e+00,0.000000e+00,0.000000e+00,0.000000e+00,0.000000e+00,0.000000e+00,0.000000e+00,0.000000e+00
1.000000e+00,0.000000e+00,0.000000e+00,0.000000e+00,0.000000e+00,0.000000e+00,0.000000e+00,0.000000e+00,0.000000e+00,0.000000e+00,0.000000e+00,0.000000e+00,0.000000e+00,0.000000e+00,0.000000e+00
1.000000e+00,0.000000e+00,0.000000e+00,0.000000e+00,0.000000e+00,0.000000e+00,0.000000e+00,0.000000e+00,0.000000e+00,0.000000e+00,0.000000e+00,0.000000e+00,0.000000e+00,0.000000e+00,0.000000e+00
1.000000e+00,0.000000e+00,0.000000e+00,0.000000e+00,0.000000e+00,0.000000e+00,0.000000e+00,0.000000e+00,0.000000e+00,0.000000e+00,0.000000e+00,0.000000e+00,0.000000e+00,0.000000e+00,0.000000e+00
1.000000e+00,0.000000e+00,0.000000e+00,0.000000e+00,0.000000e+00,0.000000e+00,0.000000e+00,0.000000e+00,0.000000e+00,0.000000e+00,0.000000e+00,0.000000e+00,0.000000e+00,0.000000e+00,0.000000e+00
1.000000e+00,0.000000e+00,0.000000e+00,0.000000e+00,0.000000e+00,0.000000e+00,0.000000e+00,0.000000e+00,0.000000e+00,0.000000e+00,0.000000e+00,0.000000e+00,0.000000e+00,0.000000e+00,0.000000e+00
1.000000e+00,0.000000e+00,0.000000e+00,0.000000e+00,0.000000e+00,0.000000e+00,0.000000e+00,0.000000e+00,0.000000e+00,0.000000e+00,0.000000e+00,0.000000e+00,0.000000e+00,0.000000e+00,0.000000e+00
1.000000e+00,0.000000e+00,0.000000e+00,0.000000e+00,0.000000e+00,0.000000e+00,0.000000e+00,0.000000e+00,0.000000e+00,0.000000e+00,0.000000e+00,0.000000e+00,0.000000e+00,0.000000e+00,0.000000e+00
1.000000e+00,0.000000e+00,0.000000e+00,0.000000e+00,0.000000e+00,0.000000e+00,0.000000e+00,0.000000e+00,0.000000e+00,0.000000e+00,0.000000e+00,0.000000e+00,0.000000e+00,0.000000e+00,0.000000e+00
1.000000e+00,0.000000e+00,0.000000e+00,0.000000e+00,0.000000e+00,0.000000e+00,0.000000e+00,0.000000e+00,0.000000e+00,0.000000e+00,0.000000e+00,0.000000e+00,0.000000e+00,0.000000e+00,0.000000e+00
1.000000e+00,0.000000e+00,0.000000e+00,0.000000e+00,0.000000e+00,0.000000e+00,0.000000e+00,0.000000e+00,0.000000e+00,0.000000e+00,0.000000e+00,0.000000e+00,0.000000e+00,0.000000e+00,0.000000e+00
1.000000e+00,0.000000e+00,0.000000e+00,0.000000e+00,0.000000e+00,0.000000e+00,0.000000e+00,0.000000e+00,0.000000e+00,0.000000e+00,0.000000e+00,0.000000e+00,0.000000e+00,0.000000e+00,0.000000e+00
1.000000e+00,0.000000e+00,0.000000e+00,0.000000e+00,0.000000e+00,0.000000e+00,0.000000e+00,0.000000e+00,0.000000e+00,0.000000e+00,0.000000e+00,0.000000e+00,0.000000e+00,0.000000e+00,0.000000e+00
1.000000e+00,0.000000e+00,0.000000e+00,0.000000e+00,0.000000e+00,0.000000e+00,0.000000e+00,0.000000e+00,0.000000e+00,0.000000e+00,0.000000e+00,0.000000e+00,0.000000e+00,0.000000e+00,0.000000e+00
1.000000e+00,0.000000e+00,0.000000e+00,0.000000e+00,0.000000e+00,0.000000e+00,0.000000e+00,0.000000e+00,0.000000e+00,0.000000e+00,0.000000e+00,0.000000e+00,0.000000e+00,0.000000e+00,0.000000e+00
1.000000e+00,0.000000e+00,0.000000e+00,0.000000e+00,0.000000e+00,0.000000e+00,0.000000e+00,0.000000e+00,0.000000e+00,0.000000e+00,0.000000e+00,0.000000e+00,0.000000e+00,0.000000e+00,0.000000e+00
1.000000e+00,0.000000e+00,0.000000e+00,0.000000e+00,0.000000e+00,0.000000e+00,0.000000e+00,0.000000e+00,0.000000e+00,0.000000e+00,0.000000e+00,0.000000e+00,0.000000e+00,0.000000e+00,0.000000e+00
1.000000e+00,0.000000e+00,0.000000e+00,0.000000e+00,0.000000e+00,0.000000e+00,0.000000e+00,0.000000e+00,0.000000e+00,0.000000e+00,0.000000e+00,0.000000e+00,0.000000e+00,0.000000e+00,0.000000e+00
1.000000e+00,0.000000e+00,0.000000e+00,0.000000e+00,0.000000e+00,0.000000e+00,0.000000e+00,0.000000e+00,0.000000e+00,0.000000e+00,0.000000e+00,0.000000e+00,0.000000e+00,0.000000e+00,0.000000e+00
1.000000e+00,0.000000e+00,0.000000e+00,0.000000e+00,0.000000e+00,0.000000e+00,0.000000e+00,0.000000e+00,0.000000e+00,0.000000e+00,0.000000e+00,0.000000e+00,0.000000e+00,0.000000e+00,0.000000e+00
1.000000e+00,0.000000e+00,0.000000e+00,0.000000e+00,0.000000e+00,0.000000e+00,0.000000e+00,0.000000e+00,0.000000e+00,0.000000e+00,0.000000e+00,0.000000e+00,0.000000e+00,0.000000e+00,0.000000e+00
1.000000e+00,0.000000e+00,0.000000e+00,0.000000e+00,0.000000e+00,0.000000e+00,0.000000e+00,0.000000e+00,0.000000e+00,0.000000e+00,0.000000e+00,0.000000e+00,0.000000e+00,0.000000e+00,0.000000e+00
1.000000e+00,0.000000e+00,0.000000e+00,0.000000e+00,0.000000e+00,0.000000e+00,0.000000e+00,0.000000e+00,0.000000e+00,0.000000e+00,0.000000e+00,0.000000e+00,0.000000e+00,0.000000e+00,0.000000e+00
1.000000e+00,0.000000e+00,0.000000e+00,0.000000e+00,0.000000e+00,0.000000e+00,0.000000e+00,0.000000e+00,0.000000e+00,0.000000e+00,0.000000e+00,0.000000e+00,0.000000e+00,0.000000e+00,0.000000e+00
1.000000e+00,0.000000e+00,0.000000e+00,0.000000e+00,0.000000e+00,0.000000e+00,0.000000e+00,0.000000e+00,0.000000e+00,0.000000e+00,0.000000e+00,0.000000e+00,0.000000e+00,0.000000e+00,0.000000e+00
1.000000e+00,0.000000e+00,0.000000e+00,0.000000e+00,0.000000e+00,0.000000e+00,0.000000e+00,0.000000e+00,0.000000e+00,0.000000e+00,0.000000e+00,0.000000e+00,0.000000e+00,0.000000e+00,0.000000e+00
1.000000e+00,0.000000e+00,0.000000e+00,0.000000e+00,0.000000e+00,0.000000e+00,0.000000e+00,0.000000e+00,0.000000e+00,0.000000e+00,0.000000e+00,0.000000e+00,0.000000e+00,0.000000e+00,0.000000e+00
1.000000e+00,0.000000e+00,0.000000e+00,0.000000e+00,0.000000e+00,0.000000e+00,0.000000e+00,0.000000e+00,0.000000e+00,0.000000e+00,0.000000e+00,0.000000e+00,0.000000e+00,0.000000e+00,0.000000e+00
1.000000e+00,0.000000e+00,0.000000e+00,0.000000e+00,0.000000e+00,0.000000e+00,0.000000e+00,0.000000e+00,0.000000e+00,0.000000e+00,0.000000e+00,0.000000e+00,0.000000e+00,0.000000e+00,0.000000e+00
1.000000e+00,0.000000e+00,0.000000e+00,0.000000e+00,0.000000e+00,0.000000e+00,0.000000e+00,0.000000e+00,0.000000e+00,0.000000e+00,0.000000e+00,0.000000e+00,0.000000e+00,0.000000e+00,0.000000e+00
1.000000e+00,0.000000e+00,0.000000e+00,0.000000e+00,0.000000e+00,0.000000e+00,0.000000e+00,0.000000e+00,0.000000e+00,0.000000e+00,0.000000e+00,0.000000e+00,0.000000e+00,0.000000e+00,0.000000e+00
1.000000e+00,0.000000e+00,0.000000e+00,0.000000e+00,0.000000e+00,0.000000e+00,0.000000e+00,0.000000e+00,0.000000e+00,0.000000e+00,0.000000e+00,0.000000e+00,0.000000e+00,0.000000e+00,0.000000e+00
1.000000e+00,0.000000e+00,0.000000e+00,0.000000e+00,0.000000e+00,0.000000e+00,0.000000e+00,0.000000e+00,0.000000e+00,0.000000e+00,0.000000e+00,0.000000e+00,0.000000e+00,0.000000e+00,0.000000e+00
1.000000e+00,0.000000e+00,0.000000e+00,0.000000e+00,0.000000e+00,0.000000e+00,0.000000e+00,0.000000e+00,0.000000e+00,0.000000e+00,0.000000e+00,0.000000e+00,0.000000e+00,0.000000e+00,0.000000e+00
1.000000e+00,0.000000e+00,0.000000e+00,0.000000e+00,0.000000e+00,0.000000e+00,0.000000e+00,0.000000e+00,0.000000e+00,0.000000e+00,0.000000e+00,0.000000e+00,0.000000e+00,0.000000e+00,0.000000e+00
1.000000e+00,0.000000e+00,0.000000e+00,0.000000e+00,0.000000e+00,0.000000e+00,0.000000e+00,0.000000e+00,0.000000e+00,0.000000e+00,0.000000e+00,0.000000e+00,0.000000e+00,0.000000e+00,0.000000e+00
1.000000e+00,0.000000e+00,0.000000e+00,0.000000e+00,0.000000e+00,0.000000e+00,0.000000e+00,0.000000e+00,0.000000e+00,0.000000e+00,0.000000e+00,0.000000e+00,0.000000e+00,0.000000e+00,0.000000e+00
1.000000e+00,0.000000e+00,0.000000e+00,0.000000e+00,0.000000e+00,0.000000e+00,0.000000e+00,0.000000e+00,0.000000e+00,0.000000e+00,0.000000e+00,0.000000e+00,0.000000e+00,0.000000e+00,0.000000e+00
4.744511e-01,5.924118e-02,2.987584e-02,3.067893e-01,2.447225e-03,9.790055e-03,1.304277e-03,5.077055e-03,4.195673e-02,4.473270e-03,9.146097e-03,9.571536e-03,1.140248e-02,1.921628e-03,3.255224e-02
4.568747e-01,5.706173e-02,5.874985e-02,2.741160e-01,2.075603e-03,8.771081e-03,1.060672e-03,4.758167e-03,4.363716e-02,5.385250e-03,1.629163e-02,7.901237e-03,1.221487e-02,5.444670e-03,4.565740e-02
4.296418e-01,4.699700e-02,1.236055e-01,2.160993e-01,1.707625e-03,8.064143e-03,8.811424e-04,5.531143e-03,5.355512e-02,7.785177e-03,1.992609e-02,6.616787e-03,1.782087e-02,7.117025e-03,5.465126e-02
3.914086e-01,4.252321e-02,1.221519e-01,1.853132e-01,1.745777e-03,8.108271e-03,7.103099e-04,5.492859e-03,7.313491e-02,1.884697e-02,2.843669e-02,7.058804e-03,4.373376e-02,6.397244e-03,6.493757e-02
2.836388e-01,3.223547e-02,1.647832e-01,2.479988e-01,1.499265e-03,6.575070e-03,6.165193e-04,4.118934e-03,7.265340e-02,1.851511e-02,5.018026e-02,1.022315e-02,4.340005e-02,5.834385e-03,5.772763e-02
2.040976e-01,2.327206e-02,1.229049e-01,2.153953e-01,1.271819e-03,6.729135e-03,4.522970e-04,2.921342e-03,5.265201e-02,2.272094e-02,7.007129e-02,3.415253e-02,1.934074e-01,5.785426e-03,4.416595e-02
1.431832e-01,1.655217e-02,9.305072e-02,1.562037e-01,1.144986e-03,5.818079e-03,3.388975e-04,2.069819e-03,3.754822e-02,1.843933e-02,7.762272e-02,5.666351e-02,3.504324e-01,4.693018e-03,3.623933e-02
1.003043e-01,1.177584e-02,7.612316e-02,1.177779e-01,1.412222e-03,6.107713e-03,3.119996e-04,1.469896e-03,2.690159e-02,1.546710e-02,8.222422e-02,1.341006e-01,3.947150e-01,3.592761e-03,2.771573e-02
7.024544e-02,8.422618e-03,5.690251e-02,8.647911e-02,3.652663e-03,6.359550e-03,6.170633e-04,1.136350e-03,2.431055e-02,1.551385e-02,8.729590e-02,2.901435e-01,3.250259e-01,2.908701e-03,2.098636e-02
4.918071e-02,5.923909e-03,3.994785e-02,6.098813e-02,3.054174e-03,1.148569e-02,4.699341e-04,8.163817e-04,1.863104e-02,1.142679e-02,6.337396e-02,3.679502e-01,3.495218e-01,2.160668e-03,1.506872e-02
3.444573e-02,4.189952e-03,2.802350e-02,4.282598e-02,2.227666e-03,5.010446e-02,4.641072e-04,7.096602e-04,1.581566e-02,8.810761e-03,4.462224e-02,3.970368e-01,3.583761e-01,1.706481e-03,1.064097e-02
2.412827e-02,2.974194e-03,1.975414e-02,3.001496e-02,1.854076e-03,4.320787e-02,1.087026e-03,6.327549e-04,1.244553e-02,6.809123e-03,3.147741e-02,5.325542e-01,2.841977e-01,1.276594e-03,7.586151e-03
1.698194e-02,2.091160e-03,1.384787e-02,2.101529e-02,1.682161e-03,3.138432e-02,1.043154e-03,5.268130e-04,1.025378e-02,4.938514e-03,2.229427e-02,6.606617e-01,2.068537e-01,9.358568e-04,5.489550e-03
1.201946e-02,1.475356e-03,9.714218e-03,1.471442e-02,1.358117e-03,2.257342e-02,7.781427e-04,3.928860e-04,7.496459e-03,3.571488e-03,1.611974e-02,7.517329e-01,1.534267e-01,7.359276e-04,3.890727e-03
8.940011e-03,1.085294e-03,6.850241e-03,1.033955e-02,1.783991e-03,1.981866e-02,7.942721e-04,4.031229e-04,5.906208e-03,2.621937e-03,1.401862e-02,7.922363e-01,1.311552e-01,1.242760e-03,2.803842e-03
6.609206e-03,9.148180e-04,4.889713e-03,7.514290e-03,2.172146e-03,1.779031e-02,7.999264e-04,4.823060e-04,5.202564e-03,2.126090e-03,2.946251e-02,7.585231e-01,1.601967e-01,1.251163e-03,2.065223e-03
5.500518e-03,7.859098e-04,4.085075e-03,5.457595e-03,7.557686e-03,1.344316e-02,1.399107e-03,1.230283e-03,5.392223e-03,2.110143e-03,4.074947e-02,7.540480e-01,1.556142e-01,1.118002e-03,1.508604e-03
4.607627e-03,8.700156e-04,5.105091e-03,3.927963e-03,2.504560e-02,1.132915e-02,9.749325e-03,4.514307e-03,1.349251e-02,2.387926e-03,4.616406e-02,7.357810e-01,1.349841e-01,8.344648e-04,1.206962e-03
3.433014e-03,8.025459e-04,5.662910e-03,2.778176e-03,2.748076e-02,8.785304e-03,5.758938e-02,1.526848e-02,1.245152e-02,2.711625e-03,3.839314e-02,7.228873e-01,1.000829e-01,6.107488e-04,1.062205e-03
3.317828e-03,2.222769e-03,1.056411e-02,2.191569e-03,4.049079e-02,7.576876e-03,8.604217e-02,8.334405e-02,2.187826e-02,2.957361e-03,3.021310e-02,6.285577e-01,7.884783e-02,5.505065e-04,1.244978e-03
3.380632e-03,4.805787e-03,1.033182e-02,1.645027e-03,5.599495e-02,1.031366e-02,1.342805e-01,5.990952e-02,1.452620e-01,2.946509e-03,2.459448e-02,4.831938e-01,6.021382e-02,4.764717e-04,2.650876e-03
3.245333e-03,3.625697e-03,8.288765e-03,1.226864e-03,5.412578e-02,7.891817e-03,3.405057e-01,5.637880e-02,1.060853e-01,2.658770e-03,1.790212e-02,3.497869e-01,4.526575e-02,3.685982e-04,2.643792e-03
3.274338e-02,6.353340e-03,1.287892e-02,3.473798e-03,1.074977e-01,1.179080e-02,3.410340e-01,4.287495e-02,1.014448e-01,3.092914e-03,1.570204e-02,2.658297e-01,4.668492e-02,1.115764e-03,7.483043e-03
3.103124e-02,9.022293e-03,3.071049e-02,3.490372e-03,1.070984e-01,1.193364e-02,3.367436e-01,3.418445e-02,9.323871e-02,1.127096e-02,5.491319e-02,2.003495e-01,5.634863e-02,1.925781e-03,1.773874e-02
2.772342e-02,1.156936e-02,2.851046e-02,3.404847e-03,9.539354e-02,1.140017e-02,2.721017e-01,2.594230e-02,1.032049e-01,1.332855e-02,1.259490e-01,1.778298e-01,7.967966e-02,2.784182e-03,2.117820e-02
2.155288e-02,2.022518e-02,3.415856e-02,4.713722e-03,7.503608e-02,1.212908e-02,2.058921e-01,2.028419e-02,1.445816e-01,3.135573e-02,1.502364e-01,1.602441e-01,8.451815e-02,2.759342e-03,3.231283e-02
1.836053e-02,2.219050e-02,2.632909e-02,7.408655e-03,6.360312e-02,1.205132e-02,1.497817e-01,1.479023e-02,2.789822e-01,2.519087e-02,1.333883e-01,1.380571e-01,8.028446e-02,2.134798e-03,2.744704e-02
1.469112e-02,1.740323e-02,1.867274e-02,1.064244e-02,4.874421e-02,1.269134e-02,1.049161e-01,1.059000e-02,4.439505e-01,1.785354e-02,1.160978e-01,1.050881e-01,5.735281e-02,1.702095e-03,1.960404e-02
1.064643e-02,1.231484e-02,1.313566e-02,9.289010e-03,3.521359e-02,1.066623e-02,7.345916e-02,7.630312e-03,3.564700e-01,1.318883e-02,2.720548e-01,1.182681e-01,4.286475e-02,1.096752e-02,1.383067e-02
7.856422e-03,8.889413e-03,9.238998e-03,7.457838e-03,2.574111e-02,8.480451e-03,5.143805e-02,5.516699e-03,2.654932e-01,9.987617e-03,4.256585e-01,1.108827e-01,3.206992e-02,2.148466e-02,9.804502e-03
6.078068e-03,6.327780e-03,6.501747e-03,6.231285e-03,1.863630e-02,7.561300e-03,3.603411e-02,4.025774e-03,1.932561e-01,8.476534e-03,5.101928e-01,1.477496e-01,2.403744e-02,1.794242e-02,6.948643e-03
4.961868e-03,4.568290e-03,4.605099e-03,5.375806e-03,1.427128e-02,6.658047e-03,2.524423e-02,2.884510e-03,1.402458e-01,7.367161e-03,5.383923e-01,2.066833e-01,1.791891e-02,1.583024e-02,4.993168e-03
4.321923e-03,3.486786e-03,3.306237e-03,4.228561e-03,1.439500e-02,7.620149e-03,1.770403e-02,2.077641e-03,9.951447e-02,6.899352e-03,5.156900e-01,2.901968e-01,1.298596e-02,1.378828e-02,3.784678e-03
4.326438e-03,2.764127e-03,2.408011e-03,3.142630e-03,1.210627e-02,7.694741e-03,1.242038e-02,1.549175e-03,7.092687e-02,7.278959e-03,4.563426e-01,3.928750e-01,9.765462e-03,1.348013e-02,2.919156e-03
4.519610e-03,2.212684e-03,1.768046e-03,2.506546e-03,1.605588e-02,8.555746e-03,8.757358e-03,1.205512e-03,5.046775e-02,1.089908e-02,4.056871e-01,4.648961e-01,7.616668e-03,1.251371e-02,2.338109e-03
6.816314e-03,2.095678e-03,1.276817e-03,1.966707e-03,1.613345e-02,7.840809e-03,6.170963e-03,8.952440e-04,3.602165e-02,9.349304e-03,3.663040e-01,5.271502e-01,5.829554e-03,9.934363e-03,2.214833e-03
1.265648e-02,2.428172e-03,9.449075e-04,1.558945e-03,1.472912e-02,7.099845e-03,4.358185e-03,6.772485e-04,2.585861e-02,7.772627e-03,3.303984e-01,5.763289e-01,4.438917e-03,8.523495e-03,2.226129e-03
2.214344e-02,2.126777e-03,7.185760e-04,1.214758e-03,1.160767e-02,5.854882e-03,3.068264e-03,5.566201e-04,1.838516e-02,7.927828e-03,2.865823e-01,6.269984e-01,3.387492e-03,7.448030e-03,1.979682e-03
2.098543e-02,2.070974e-03,5.571126e-04,9.807418e-04,1.207708e-02,4.657156e-03,2.164941e-03,4.250825e-04,1.316982e-02,9.633091e-03,2.551168e-01,6.666129e-01,2.876266e-03,6.451726e-03,2.220860e-03
1.743389e-02,2.091115e-03,4.690520e-04,7.956302e-04,1.179898e-02,3.821634e-03,1.544923e-03,3.380167e-04,9.518960e-03,8.473838e-03,2.373810e-01,6.963435e-01,2.494244e-03,5.291601e-03,2.203538e-03
1.326957e-02,1.653205e-03,4.282617e-04,6.043575e-04,9.048589e-03,3.331102e-03,1.105167e-03,3.605151e-04,6.946767e-03,7.837332e-03,1.753459e-01,7.719769e-01,2.048961e-03,4.254646e-03,1.788628e-03
1.042007e-02,1.442314e-03,4.879322e-04,4.816872e-04,7.238511e-03,2.830552e-03,8.060416e-04,4.862022e-04,5.412355e-03,7.508042e-03,1.308230e-01,8.255898e-01,1.735430e-03,3.243865e-03,1.494087e-03
7.655089e-03,1.114372e-03,4.782777e-04,3.883330e-04,8.310152e-03,2.314570e-03,7.440600e-04,2.216285e-03,4.653307e-03,6.966295e-03,9.431589e-02,8.658253e-01,1.332281e-03,2.612273e-03,1.073534e-03
6.888124e-03,1.082205e-03,7.052543e-03,1.570616e-03,6.316689e-03,2.350854e-03,9.581908e-04,2.835775e-02,3.485633e-03,6.753037e-03,7.727011e-02,8.538424e-01,1.018652e-03,2.284177e-03,7.690131e-04
6.218714e-03,9.728053e-04,6.597643e-03,1.774584e-03,4.663434e-03,2.363713e-03,8.544803e-04,2.594708e-02,2.857117e-03,7.250335e-03,8.147439e-02,8.546224e-01,7.935519e-04,3.046480e-03,5.632257e-04
4.892930e-03,1.123060e-03,5.924891e-03,1.472618e-03,5.608995e-03,2.732435e-03,1.590751e-03,2.307245e-02,2.836823e-03,6.843496e-03,6.477107e-02,8.747413e-01,6.836525e-04,3.269858e-03,4.355810e-04
4.434458e-03,1.075757e-03,5.168331e-03,1.184146e-03,5.858777e-03,3.005283e-03,2.234227e-03,2.048400e-02,2.705571e-03,7.043253e-03,6.263963e-02,8.792426e-01,8.338452e-04,3.726404e-03,3.637184e-04
5.149972e-03,1.909905e-03,4.533266e-03,1.124013e-03,2.040620e-02,4.777774e-03,4.798409e-03,2.025844e-02,3.142377e-03,8.636769e-03,1.118814e-01,8.055212e-01,1.234487e-03,6.273576e-03,3.521824e-04
1.113184e-02,2.705187e-03,6.513163e-03,1.688116e-03,2.394505e-02,9.213170e-03,1.087419e-02,3.234457e-02,4.713782e-03,1.813597e-02,1.442046e-01,7.174499e-01,2.545113e-03,1.409402e-02,4.413170e-04
1.501366e-02,2.576913e-03,2.282277e-02,6.334560e-03,2.436807e-02,9.815146e-03,1.023813e-02,1.524319e-01,8.063767e-03,1.965427e-02,1.224429e-01,5.837995e-01,2.938561e-03,1.897580e-02,5.238840e-04
3.046415e-02,6.307115e-03,3.348229e-02,7.817409e-03,2.462437e-02,1.334816e-02,1.115702e-02,1.285904e-01,1.781683e-02,1.962283e-02,1.658098e-01,5.108517e-01,3.012259e-03,2.601840e-02,1.077042e-03
4.421642e-02,5.432106e-03,4.593052e-02,1.880761e-02,3.069371e-02,1.540136e-02,1.281308e-02,1.850659e-01,2.019183e-02,1.770677e-02,1.578953e-01,4.159668e-01,3.036302e-03,2.579668e-02,1.045487e-03
6.175364e-02,7.117020e-03,6.136932e-02,2.809342e-02,5.203986e-02,2.372694e-02,1.502967e-02,1.663691e-01,2.135510e-02,1.841845e-02,1.647915e-01,3.540397e-01,2.783965e-03,2.179965e-02,1.312548e-03
8.744872e-02,8.329182e-03,5.684902e-02,3.967943e-02,6.579756e-02,4.206900e-02,1.616128e-02,1.503575e-01,2.139556e-02,2.360069e-02,1.441635e-01,3.195106e-01,2.687279e-03,2.051270e-02,1.438069e-03
7.512824e-02,6.963426e-03,4.813529e-02,3.401653e-02,1.252404e-01,4.227157e-02,8.619643e-02,1.218298e-01,1.872811e-02,2.169328e-02,1.141853e-01,2.865703e-01,2.468230e-03,1.547979e-02,1.093302e-03
8.386002e-02,6.509859e-03,4.911553e-02,3.972192e-02,1.155269e-01,8.535749e-02,7.460792e-02,1.080789e-01,1.555349e-02,1.813658e-02,1.003572e-01,2.873042e-01,2.963533e-03,1.179429e-02,1.112139e-03
9.599216e-02,7.156381e-03,5.153238e-02,5.291830e-02,1.334606e-01,8.475170e-02,6.817198e-02,1.064906e-01,1.284650e-02,1.819345e-02,9.221936e-02,2.621132e-01,3.079978e-03,9.898406e-03,1.174939e-03
1.470110e-01,7.331877e-03,4.829153e-02,4.719099e-02,1.140272e-01,1.265586e-01,5.020931e-02,8.137824e-02,1.028203e-02,1.433800e-02,8.509294e-02,2.548366e-01,3.349858e-03,8.516683e-03,1.585048e-03
1.174963e-01,6.768532e-03,3.675248e-02,3.344985e-02,8.158154e-02,2.743794e-01,3.525236e-02,5.746659e-02,7.446694e-03,1.032529e-02,1.058483e-01,2.212282e-01,2.671619e-03,7.270132e-03,2.062694e-03
9.621092e-02,5.661372e-03,2.738000e-02,2.388550e-02,5.868388e-02,3.034617e-01,2.488803e-02,4.096768e-02,5.493025e-03,7.582211e-03,1.298287e-01,2.661321e-01,2.292840e-03,5.605909e-03,1.926065e-03
7.794417e-02,4.926666e-03,2.109952e-02,1.694861e-02,4.169635e-02,2.328044e-01,1.752846e-02,2.898564e-02,4.104983e-03,5.752989e-03,2.751202e-01,2.635054e-01,2.523115e-03,4.880981e-03,2.178456e-03
5.850084e-02,4.070815e-03,1.563452e-02,1.217002e-02,3.050051e-02,2.153314e-01,1.259003e-02,2.062787e-02,3.131064e-03,4.377831e-03,2.356794e-01,3.793975e-01,1.972014e-03,3.756684e-03,2.259478e-03
4.159391e-02,2.948448e-03,1.118767e-02,8.592741e-03,2.148695e-02,1.855422e-01,8.888758e-03,1.455216e-02,2.288462e-03,3.227305e-03,2.026507e-01,4.910769e-01,1.511698e-03,2.725836e-03,1.726127e-03
2.941492e-02,2.205758e-03,8.325882e-03,6.054425e-03,1.539478e-02,1.393544e-01,6.495647e-03,1.029491e-02,1.689174e-03,2.658372e-03,1.487766e-01,6.248570e-01,1.143111e-03,2.022692e-03,1.312315e-03
2.072993e-02,1.633665e-03,6.222359e-03,4.257127e-03,1.110199e-02,1.036736e-01,4.632416e-03,7.244034e-03,1.255019e-03,2.043311e-03,1.195814e-01,7.142624e-01,8.518948e-04,1.501642e-03,1.009245e-03
1.452577e-02,1.423540e-03,1.013066e-02,3.012615e-03,9.163608e-03,7.355388e-02,3.269329e-03,5.191470e-03,1.204431e-03,1.541633e-03,9.331979e-02,7.810096e-01,6.288350e-04,1.152145e-03,8.726724e-04
1.018649e-02,1.127410e-03,1.133159e-02,2.122498e-03,7.090740e-03,5.221597e-02,2.302946e-03,3.915678e-03,1.158450e-03,1.380566e-03,7.907434e-02,8.257992e-01,5.258924e-04,1.095829e-03,6.723765e-04
7.139996e-03,8.218263e-04,9.302258e-03,1.502819e-03,5.808801e-03,3.747310e-02,1.620305e-03,2.792612e-03,1.069430e-03,1.306058e-03,5.869374e-02,8.706964e-01,4.568119e-04,8.339128e-04,4.819621e-04
5.157510e-03,7.408814e-04,1.210082e-02,1.074967e-03,8.119205e-03,2.871212e-02,1.221548e-03,2.070310e-03,1.418654e-03,2.566221e-03,4.875600e-02,8.858619e-01,6.825990e-04,1.107439e-03,4.098288e-04
3.736437e-03,8.044611e-04,1.283777e-02,7.711076e-04,9.542839e-03,2.241249e-02,9.815764e-04,1.606337e-03,1.931786e-03,3.327149e-03,3.780410e-02,9.016072e-01,9.599889e-04,1.265547e-03,4.112491e-04
2.639855e-03,9.315719e-04,1.240071e-02,5.492165e-04,1.095325e-02,1.675801e-02,7.602419e-04,1.673184e-03,5.662092e-03,3.551633e-03,2.871061e-02,9.128770e-01,9.756826e-04,1.230123e-03,3.268320e-04
1.879251e-03,1.654712e-03,1.553970e-02,3.904777e-04,2.447859e-02,1.246257e-02,7.528834e-04,1.941396e-03,6.366891e-02,2.937166e-03,2.156510e-02,8.503743e-01,1.048834e-03,1.059149e-03,2.469805e-04
1.347066e-03,4.074393e-03,1.504845e-02,2.859313e-04,1.862307e-02,9.780421e-03,5.744579e-04,1.662784e-03,4.878787e-02,4.512281e-03,2.234529e-02,8.679125e-01,1.518378e-03,3.168030e-03,3.590677e-04
1.237954e-03,5.157050e-03,2.139518e-02,1.093651e-03,1.530140e-02,1.242279e-02,5.311620e-04,5.143900e-02,4.115972e-02,4.472484e-03,2.484618e-02,8.145235e-01,2.054524e-03,3.813159e-03,5.522571e-04
1.060252e-03,5.477914e-03,1.799139e-02,1.482317e-03,1.189974e-02,1.574639e-02,4.392109e-04,5.226257e-02,3.716090e-02,5.446712e-03,5.666384e-02,7.844566e-01,2.108497e-03,7.133122e-03,6.704864e-04
1.131825e-03,1.477233e-02,1.417390e-02,1.355476e-03,9.747908e-03,2.543921e-02,3.654209e-04,4.735857e-02,1.602794e-01,6.588194e-03,7.280303e-02,6.231596e-01,2.170704e-03,1.961273e-02,1.041674e-03
1.354153e-03,3.546643e-02,1.414224e-02,1.148666e-03,8.803919e-03,2.458111e-02,3.057668e-04,3.782932e-02,2.315646e-01,6.879881e-03,1.187961e-01,4.845414e-01,1.982553e-03,3.114898e-02,1.454848e-03
5.633160e-03,4.156848e-02,5.043673e-02,3.322137e-03,2.303760e-02,2.732243e-02,7.363699e-04,3.476031e-02,2.541286e-01,8.615887e-03,1.335996e-01,3.850439e-01,2.583262e-03,2.779338e-02,1.418211e-03
5.982558e-03,4.136736e-02,4.111459e-02,3.486565e-03,2.822013e-02,2.174309e-02,5.275106e-04,2.513599e-02,3.348419e-01,7.975151e-03,1.821206e-01,2.770015e-01,2.148173e-03,2.605376e-02,2.281119e-03
1.078745e-02,4.206073e-02,4.397912e-02,9.524040e-03,4.882633e-02,1.973294e-02,4.431946e-04,2.279298e-02,3.598994e-01,7.318020e-03,1.995797e-01,2.052609e-01,2.203998e-03,2.463652e-02,2.954606e-03
1.663996e-02,4.571189e-02,3.466399e-02,8.845459e-03,4.899499e-02,1.589333e-02,3.519552e-04,1.873610e-02,3.847547e-01,7.315245e-03,2.384420e-01,1.464206e-01,1.991183e-03,2.644194e-02,4.796632e-03
2.251406e-02,5.264936e-02,2.831109e-02,8.949909e-03,4.692271e-02,1.286179e-02,2.843642e-04,1.644806e-02,3.940318e-01,7.134624e-03,2.752913e-01,1.040501e-01,1.650139e-03,2.307294e-02,5.827716e-03
2.398810e-02,4.502779e-02,2.148910e-02,7.300009e-03,3.685569e-02,1.058037e-02,2.221899e-04,1.253953e-02,4.172533e-01,6.350234e-03,3.145001e-01,7.397904e-02,1.273746e-03,2.171462e-02,6.926213e-03
2.722076e-02,3.941493e-02,1.680789e-02,6.283049e-03,3.243422e-02,9.086754e-03,1.912018e-04,1.213865e-02,3.853819e-01,5.548294e-03,3.831617e-01,5.205655e-02,9.961751e-04,2.005520e-02,9.222703e-03
3.093771e-02,3.233019e-02,1.256727e-02,5.428618e-03,3.037345e-02,7.490041e-03,1.623886e-04,1.143361e-02,3.222128e-01,5.187184e-03,4.727392e-01,3.685565e-02,8.125465e-04,1.828891e-02,1.318040e-02
3.837954e-02,8.379744e-02,3.215336e-02,5.600982e-02,6.961416e-02,6.488674e-03,3.430879e-04,1.493794e-02,2.676980e-01,5.314334e-03,3.598647e-01,2.647281e-02,6.907991e-04,1.550328e-02,2.273195e-02
3.870077e-02,8.199601e-02,2.979145e-02,4.164071e-02,5.413862e-02,5.485408e-03,2.721477e-04,1.242440e-02,2.339264e-01,1.903080e-02,2.928978e-01,1.930860e-02,1.244104e-03,2.029857e-02,1.488442e-01
2.797752e-02,6.159491e-02,2.461903e-02,2.958272e-02,3.827738e-02,4.132491e-03,2.066471e-04,9.458365e-03,3.389961e-01,2.071877e-02,2.478306e-01,1.466413e-02,2.100179e-02,1.874004e-02,1.421995e-01
2.115734e-02,4.528597e-02,2.787349e-02,2.192273e-02,2.938629e-02,3.574105e-03,1.705309e-04,8.009588e-03,3.753343e-01,1.936324e-02,2.585072e-01,1.091462e-02,3.169259e-02,3.355702e-02,1.132509e-01
1.565175e-02,3.230972e-02,3.705519e-02,1.828319e-02,2.134402e-02,4.738554e-03,1.734352e-04,6.305460e-03,4.117963e-01,2.686946e-02,2.329449e-01,8.748897e-03,5.515689e-02,2.922225e-02,9.939997e-02
1.152392e-02,2.370329e-02,3.208736e-02,1.496548e-02,1.527975e-02,3.932270e-03,1.895101e-04,4.754466e-03,4.095491e-01,4.268479e-02,1.883373e-01,7.536646e-03,4.844480e-02,2.654129e-02,1.704700e-01
9.700852e-03,1.767102e-02,2.525076e-02,1.153753e-02,1.176437e-02,3.200691e-03,2.037117e-04,3.577112e-03,3.345280e-01,8.731262e-02,1.593888e-01,6.886672e-03,4.246402e-02,3.607209e-02,2.504418e-01
7.045738e-03,1.240393e-02,1.819848e-02,1.019824e-02,1.021765e-02,2.453670e-03,2.190153e-04,3.166855e-03,2.403471e-01,7.899864e-02,1.275097e-01,7.515184e-03,3.489103e-02,4.045262e-02,4.063823e-01
5.135396e-03,8.697114e-03,1.280827e-02,7.471544e-03,8.006623e-03,1.893442e-03,1.653246e-04,2.341245e-03,1.693052e-01,6.007188e-02,9.657303e-02,6.951663e-03,2.676057e-02,3.087653e-02,5.629421e-01
4.303835e-03,6.226389e-03,9.891224e-03,6.483961e-03,8.024553e-03,2.192917e-03,2.897731e-04,2.237263e-03,1.210372e-01,5.354024e-02,8.959956e-02,1.019761e-02,3.339481e-02,2.802697e-02,6.245537e-01
3.763590e-03,4.734985e-03,7.571702e-03,5.518074e-03,9.228507e-03,7.525990e-03,5.761479e-04,1.959693e-03,8.671696e-02,5.333365e-02,8.737328e-02,2.630272e-02,4.599585e-02,2.231327e-02,6.370857e-01
4.075403e-03,4.719249e-03,6.322869e-03,4.703821e-03,1.834429e-02,1.168965e-02,7.783275e-03,8.390866e-03,1.048160e-01,5.845445e-02,8.240396e-02,4.060500e-02,6.110338e-02,2.086463e-02,5.657232e-01
3.697046e-03,6.631306e-03,5.615155e-03,3.844005e-03,2.316076e-02,3.167361e-02,1.001004e-02,7.700217e-03,2.618439e-01,4.699093e-02,6.861931e-02,4.064880e-02,5.817642e-02,1.557049e-02,4.158180e-01
3.685956e-03,6.234851e-03,8.081693e-03,3.531578e-03,3.308459e-02,2.882033e-02,5.442785e-02,1.341992e-02,2.431147e-01,3.670945e-02,5.860723e-02,5.841296e-02,8.300528e-02,1.354615e-02,3.553174e-01
4.458616e-03,5.712830e-03,6.784060e-03,2.810889e-03,3.619076e-02,2.280812e-02,4.072072e-02,1.019331e-02,1.888402e-01,2.858067e-02,6.635115e-02,1.565375e-01,1.214680e-01,1.539713e-02,2.931460e-01
1.159688e-02,4.675847e-03,5.221997e-03,2.397506e-03,4.630491e-02,2.111908e-02,3.011484e-02,9.637876e-03,1.415019e-01,2.290448e-02,5.646501e-02,2.780828e-01,1.449742e-01,1.209818e-02,2.129045e-01
1.194759e-02,5.456117e-03,4.349231e-03,1.824838e-03,4.521417e-02,2.094568e-02,2.291386e-02,8.352031e-03,1.063578e-01,1.712336e-02,4.302792e-02,3.890603e-01,1.620536e-01,9.817488e-03,1.515561e-01
1.182858e-02,7.100787e-03,5.630643e-03,1.438074e-03,3.422524e-02,1.710236e-02,1.762877e-02,6.464774e-03,8.006873e-02,1.277302e-02,3.340970e-02,4.990557e-01,1.593696e-01,7.130130e-03,1.067739e-01
1.597667e-02,7.741337e-03,1.524165e-02,1.675125e-03,2.965146e-02,1.501160e-02,2.052080e-02,7.891993e-03,6.105413e-02,1.022208e-02,2.601390e-02,4.623633e-01,2.436466e-01,5.655717e-03,7.733372e-02
2.203446e-02,8.840550e-03,1.753956e-02,1.527901e-03,2.794022e-02,1.433494e-02,1.815054e-02,1.402688e-02,4.718957e-02,8.586002e-03,2.112499e-02,4.418638e-01,2.931312e-01,5.902908e-03,5.780648e-02
4.178547e-02,1.189948e-02,1.856453e-02,9.790322e-03,4.763027e-02,1.891018e-02,1.740625e-02,3.230574e-02,4.596193e-02,8.870838e-03,1.837616e-02,3.830283e-01,2.961521e-01,6.620886e-03,4.269765e-02
5.250800e-02,1.208543e-02,1.428224e-02,8.166948e-03,5.038380e-02,1.967645e-02,1.416087e-02,2.978955e-02,4.316911e-02,6.935529e-03,1.546029e-02,4.085887e-01,2.863280e-01,6.177415e-03,3.228770e-02
7.271425e-02,1.151167e-02,1.125518e-02,7.419149e-03,4.445371e-02,2.833800e-02,1.215240e-02,3.141861e-02,3.861306e-02,5.997779e-03,1.300240e-02,3.892681e-01,3.034645e-01,6.051021e-03,2.434018e-02
8.301815e-02,1.003685e-02,8.823623e-03,5.832226e-03,3.998587e-02,2.612898e-02,1.228432e-02,2.354449e-02,3.349802e-02,4.648953e-03,1.042567e-02,4.076070e-01,3.118826e-01,4.531323e-03,1.775186e-02
1.124197e-01,1.338364e-02,7.743997e-03,5.813132e-03,3.447851e-02,5.997807e-02,1.065388e-02,2.177730e-02,3.810563e-02,4.978017e-03,9.364784e-03,3.809227e-01,2.820398e-01,3.722425e-03,1.461848e-02
8.628856e-02,1.734819e-02,8.768283e-03,5.340594e-03,2.715177e-02,5.519709e-02,8.492707e-03,2.675656e-02,4.957136e-02,4.976396e-03,7.897090e-03,3.462862e-01,3.413503e-01,3.338530e-03,1.123637e-02
6.882972e-02,1.551608e-02,6.596017e-03,3.935193e-03,2.200874e-02,4.759597e-02,7.843534e-03,2.069156e-02,4.462749e-02,3.702285e-03,5.908654e-03,3.773709e-01,3.641976e-01,2.824955e-03,8.351427e-03
6.350128e-02,1.482216e-02,3.318482e-02,1.787488e-02,2.949699e-02,4.470565e-02,1.001533e-02,2.293677e-02,4.879983e-02,3.449177e-03,4.685723e-03,2.961732e-01,4.004979e-01,2.430766e-03,7.425606e-03
5.606709e-02,1.151116e-02,2.439952e-02,1.289022e-02,2.433370e-02,3.844854e-02,8.839442e-03,1.727325e-02,3.991941e-02,2.483757e-03,3.500284e-03,2.512507e-01,5.013931e-01,2.038937e-03,5.650931e-03
5.670370e-02,1.040382e-02,4.063951e-02,1.653993e-02,3.217663e-02,3.968433e-02,1.357626e-02,2.050440e-02,4.165157e-02,2.225821e-03,2.852021e-03,2.180792e-01,4.970669e-01,2.068615e-03,5.827236e-03
5.538297e-02,9.356000e-03,3.549682e-02,1.267648e-02,3.182252e-02,7.314794e-02,2.280456e-02,1.603456e-02,4.139993e-02,1.926090e-03,4.098589e-03,2.394789e-01,4.482996e-01,2.015749e-03,6.059266e-03
5.402731e-02,9.596301e-03,2.675949e-02,9.924122e-03,2.410346e-02,1.036593e-01,2.297003e-02,1.150885e-02,3.701024e-02,2.928323e-03,1.098747e-02,2.749538e-01,4.023961e-01,3.510115e-03,5.664968e-03
6.377129e-02,7.656616e-03,2.652722e-02,9.098399e-03,2.315333e-02,8.482172e-02,1.948586e-02,8.293314e-03,4.534573e-02,3.202836e-03,3.761831e-02,2.648364e-01,3.946822e-01,2.637137e-03,8.869668e-03
5.031215e-02,6.426374e-03,2.041635e-02,7.982511e-03,1.940602e-02,6.355704e-02,1.420150e-02,6.252638e-03,4.000195e-02,2.968186e-03,2.924645e-02,3.558867e-01,3.719932e-01,1.987878e-03,9.361081e-03
4.073242e-02,9.955740e-03,1.608095e-02,6.448525e-03,1.509700e-02,4.759373e-02,1.020898e-02,4.532881e-03,3.864159e-02,3.616424e-03,2.346558e-02,3.496554e-01,4.125293e-01,2.243456e-03,1.919804e-02
3.435645e-02,1.163334e-02,1.339429e-02,5.727637e-03,1.533885e-02,4.284139e-02,8.028272e-03,4.218493e-03,4.455179e-02,5.228868e-03,2.286035e-02,3.125373e-01,4.440920e-01,2.431985e-03,3.275903e-02
2.705977e-02,1.254782e-02,1.022670e-02,4.453249e-03,1.487957e-02,4.289397e-02,6.703693e-03,3.706207e-03,6.570838e-02,1.117362e-02,2.295726e-02,3.203627e-01,3.981922e-01,2.503428e-03,5.663149e-02
2.225566e-02,2.895971e-02,9.770596e-03,4.608768e-03,1.310189e-02,3.985163e-02,5.825550e-03,3.367982e-03,6.534156e-02,2.536260e-02,2.771705e-02,3.375788e-01,3.394763e-01,2.900548e-03,7.388140e-02
1.765143e-02,2.795705e-02,1.322097e-02,3.854257e-03,1.083327e-02,2.917605e-02,7.108579e-03,5.049162e-03,5.856762e-02,1.082644e-01,3.040684e-02,3.213788e-01,3.008944e-01,3.281622e-03,6.235565e-02
1.383455e-02,2.581695e-02,1.224765e-02,3.167192e-03,8.390497e-03,2.097187e-02,6.401333e-03,5.000547e-03,5.344287e-02,2.536259e-01,2.750112e-02,2.674970e-01,2.435166e-01,2.839269e-03,5.574667e-02
1.061726e-02,4.446191e-02,9.539822e-03,2.724326e-03,6.735748e-03,1.807136e-02,4.811398e-03,5.070878e-03,9.803092e-02,3.068101e-01,2.411419e-02,1.946879e-01,1.786320e-01,2.549473e-03,9.314285e-02
8.421881e-03,5.529075e-02,7.046246e-03,2.298972e-03,5.489225e-03,2.180202e-02,3.893873e-03,5.986507e-03,2.067183e-01,2.811418e-01,2.097704e-02,1.471908e-01,1.293085e-01,2.301543e-03,1.021326e-01
8.016020e-03,5.552064e-02,5.367313e-03,2.883242e-03,4.956014e-03,2.394596e-02,3.067936e-03,1.036376e-02,2.574856e-01,2.380732e-01,1.843339e-02,1.102493e-01,1.054440e-01,2.200636e-03,1.539930e-01
1.066947e-02,4.568996e-02,4.714618e-03,4.323013e-03,7.679028e-03,2.322045e-02,4.183550e-03,1.733014e-02,2.984422e-01,1.920727e-01,1.358065e-02,7.915443e-02,8.110365e-02,2.134744e-03,2.157014e-01
1.194476e-02,4.744308e-02,4.120283e-03,4.216950e-03,1.166840e-02,2.810203e-02,4.758889e-03,2.138143e-02,3.668188e-01,1.477648e-01,9.933911e-03,5.795377e-02,6.154948e-02,1.956283e-03,2.203871e-01
1.094264e-02,7.589729e-02,5.230442e-03,5.095535e-03,9.890910e-03,4.082017e-02,4.857616e-03,4.448616e-02,3.824487e-01,1.124745e-01,1.050698e-02,4.528585e-02,5.902339e-02,1.694981e-03,1.913448e-01
1.279602e-02,8.357184e-02,4.687088e-03,4.372163e-03,1.005406e-02,6.632543e-02,5.217170e-03,4.892131e-02,4.252988e-01,8.325697e-02,9.309461e-03,3.669333e-02,4.819532e-02,1.900244e-03,1.594008e-01
1.678810e-02,8.157189e-02,4.520265e-03,7.071076e-03,8.497829e-03,6.881825e-02,4.367687e-03,7.735159e-02,4.441444e-01,5.964968e-02,8.321958e-03,2.930419e-02,3.727625e-02,2.190255e-03,1.501266e-01
3.312042e-02,6.969894e-02,4.688530e-03,8.027531e-03,1.040750e-02,6.090081e-02,3.840046e-03,1.184684e-01,4.409648e-01,4.410404e-02,8.693621e-03,2.243623e-02,2.923928e-02,3.285832e-03,1.421239e-01
4.792654e-02,7.239287e-02,4.396648e-03,7.596415e-03,1.216095e-02,5.224518e-02,3.310215e-03,1.049656e-01,4.646279e-01,3.338296e-02,8.322354e-03,1.773838e-02,2.292028e-02,3.909621e-03,1.441040e-01
5.314467e-02,8.899814e-02,9.364953e-03,1.994817e-02,1.123186e-02,4.736018e-02,2.689902e-03,1.019703e-01,4.610381e-01,2.687709e-02,1.564971e-02,1.861683e-02,1.988592e-02,4.043705e-03,1.191805e-01
4.780208e-02,1.218904e-01,1.077182e-02,6.696364e-02,1.026576e-02,4.268369e-02,1.958237e-03,7.664993e-02,4.154255e-01,2.313339e-02,3.672995e-02,2.145581e-02,2.262647e-02,3.731717e-03,9.791167e-02
4.551952e-02,1.091197e-01,9.147306e-03,1.120729e-01,8.371601e-03,3.937881e-02,1.450015e-03,5.604159e-02,3.586975e-01,1.750666e-02,8.297475e-02,6.583314e-02,1.819982e-02,3.004602e-03,7.268207e-02
3.603106e-02,8.169401e-02,6.830376e-03,1.346350e-01,6.222575e-03,3.238633e-02,1.044531e-03,3.965599e-02,2.686639e-01,1.250308e-02,1.074819e-01,2.041175e-01,1.447575e-02,2.416003e-03,5.184201e-02
2.654235e-02,5.820396e-02,5.498631e-03,1.488129e-01,4.671338e-03,2.425212e-02,7.682088e-04,2.801032e-02,1.943112e-01,9.057942e-03,1.212245e-01,3.285756e-01,1.121330e-02,1.961409e-03,3.689623e-02
2.112403e-02,4.094099e-02,4.068302e-03,1.077117e-01,3.862716e-02,1.738315e-02,8.112724e-04,1.977918e-02,1.380186e-01,7.745773e-03,2.018128e-01,3.649032e-01,9.320541e-03,1.725135e-03,2.602812e-02
1.709527e-02,2.966684e-02,3.101270e-03,8.041389e-02,4.842771e-02,1.444499e-02,6.937832e-04,1.403601e-02,9.841043e-02,6.800826e-03,2.391473e-01,4.190335e-01,7.565693e-03,2.532732e-03,1.862969e-02
