1.000000e+00,0.000000e+00,0.000000e+00,0.000000e+00,0.000000e+00,0.000000e+00,0.000000e+00,0.000000e+00,0.000000e+00,0.000000e+00,0.000000e+00,0.000000e+00,0.000000e+00,0.000000e+00,0.000000e+00
1.000000e+00,0.000000e+00,0.000000e+00,0.000000e+00,0.000000e+00,0.000000e+00,0.000000e+00,0.000000e+00,0.000000e+00,0.000000e+00,0.000000e+00,0.000000e+00,0.000000e+00,0.000000e+00,0.000000e+00
1.000000e+00,0.000000e+00,0.000000e+00,0.000000e+00,0.000000e+00,0.000000e+00,0.000000e+00,0.000000e+00,0.000000e+00,0.000000e+00,0.000000e+00,0.000000e+00,0.000000e+00,0.000000e+00,0.000000e+00
1.000000e+00,0.000000e+00,0.000000e+00,0.000000e+00,0.000000e+00,0.000000e+00,0.000000e+00,0.000000e+00,0.000000e+00,0.000000e+00,0.000000e+00,0.000000e+00,0.000000e+00,0.000000e+00,0.000000e+00
1.000000e+00,0.000000e+00,0.000000e+00,0.000000e+00,0.000000e+00,0.000000e+00,0.000000e+00,0.000000e+00,0.000000e+00,0.000000e+00,0.000000e+00,0.000000e+00,0.000000e+00,0.000000e+00,0.000000e+00
1.000000e+00,0.000000e+00,0.000000e+00,0.000000e+00,0.000000e+00,0.000000e+00,0.000000e+00,0.000000e+00,0.000000e+00,0.000000e+00,0.000000e+00,0.000000e+00,0.000000e+00,0.000000e+00,0.000000e+00
1.000000e+00,0.000000e+00,0.000000e+00,0.000000e+00,0.000000e+00,0.000000e+00,0.000000e+00,0.000000e+00,0.000000e+00,0.000000e+00,0.000000e+00,0.000000e+00,0.000000e+00,0.000000e+00,0.000000e+00
1.000000e+00,0.000000e+00,0.000000e+00,0.000000e+00,0.000000e+00,0.000000e+00,0.000000e+00,0.000000e+00,0.000000e+00,0.000000e+00,0.000000e+00,0.000000e+00,0.000000e+00,0.000000e+00,0.000000e+00
1.000000e+00,0.000000e+00,0.000000e+00,0.000000e+00,0.000000e+00,0.000000e+00,0.000000e+00,0.000000e+00,0.000000e+00,0.000000e+00,0.000000e+00,0.000000e+00,0.000000e+00,0.000000e+00,0.000000e+00
1.000000e+00,0.000000e+00,0.000000e+00,0.000000e+00,0.000000e+00,0.000000e+00,0.000000e+00,0.000000e+00,0.000000e+00,0.000000e+00,0.000000e+00,0.000000e+00,0.000000e+00,0.000000e+00,0.000000e+00
1.000000e+00,0.000000e+00,0.000000e+00,0.000000e+00,0.000000e+00,0.000000e+00,0.000000e+00,0.000000e+00,0.000000e+00,0.000000e+00,0.000000e+00,0.000000e+00,0.000000e+00,0.000000e+00,0.000000e+00
1.000000e+00,0.000000e+00,0.000000e+00,0.000000e+00,0.000000e+00,0.000000e+00,0.000000e+00,0.000000e+00,0.000000e+00,0.000000e+00,0.000000e+00,0.000000e+00,0.000000e+00,0.000000e+00,0.000000e+00
1.000000e+00,0.000000e+00,0.000000e+00,0.000000e+00,0.000000e+00,0.000000e+00,0.000000e+00,0.000000e+00,0.000000e+00,0.000000e+00,0.000000e+00,0.000000e+00,0.000000e+00,0.000000e+00,0.000000e+00
1.000000e+00,0.000000e+00,0.000000e+00,0.000000e+00,0.000000e+00,0.000000e+00,0.000000e+00,0.000000e+00,0.000000e+00,0.000000e+00,0.000000e+00,0.000000e+00,0.000000e+00,0.000000e+00,0.000000e+00
1.000000e+00,0.000000e+00,0.000000e+00,0.000000e+00,0.000000e+00,0.000000e+00,0.000000e+00,0.000000e+00,0.000000e+00,0.000000e+00,0.000000e+00,0.000000e+00,0.000000e+00,0.000000e+00,0.000000e+00
1.000000e+00,0.000000e+00,0.000000e+00,0.000000e+00,0.000000e+00,0.000000e+00,0.000000e+00,0.000000e+00,0.000000e+00,0.000000e+00,0.000000e+00,0.000000e+00,0.000000e+00,0.000000e+00,0.000000e+00
1.000000e+00,0.000000e+00,0.000000e+00,0.000000e+00,0.000000e+00,0.000000e+00,0.000000e+00,0.000000e+00,0.000000e+00,0.000000e+00,0.000000e+00,0.000000e+00,0.000000e+00,0.000000e+00,0.000000e+00
1.000000e+00,0.000000e+00,0.000000e+00,0.000000e+00,0.000000e+00,0.000000e+00,0.000000e+00,0.000000e+00,0.000000e+00,0.000000e+00,0.000000e+00,0.000000e+00,0.000000e+00,0.000000e+00,0.000000e+00
1.000000e+00,0.000000e+00,0.000000e+00,0.000000e+00,0.000000e+00,0.000000e+00,0.000000e+00,0.000000e+00,0.000000e+00,0.000000e+00,0.000000e+00,0.000000e+00,0.000000e+00,0.000000e+00,0.000000e+00
1.000000e+00,0.000000e+00,0.000000e+00,0.000000e+00,0.000000e+00,0.000000e+00,0.000000e+00,0.000000e+00,0.000000e+00,0.000000e+00,0.000000e+00,0.000000e+00,0.000000e+00,0.000000e+00,0.000000e+00
1.000000e+00,0.000000e+00,0.000000e+00,0.000000e+00,0.000000e+00,0.000000e+00,0.000000e+00,0.000000e+00,0.000000e+00,0.000000e+00,0.000000e+00,0.000000e+00,0.000000e+00,0.000000e+00,0.000000e+00
1.000000e+00,0.000000e+00,0.000000e+00,0.000000e+00,0.000000e+00,0.000000e+00,0.000000e+00,0.000000e+00,0.000000e+00,0.000000e+00,0.000000e+00,0.000000e+00,0.000000e+00,0.000000e+00,0.000000e+00
1.000000e+00,0.000000e+00,0.000000e+00,0.000000e+00,0.000000e+00,0.000000e+00,0.000000e+00,0.000000e+00,0.000000e+00,0.000000e+00,0.000000e+00,0.000000e+00,0.000000e+00,0.000000e+00,0.000000e+00
1.000000e+00,0.000000e+00,0.000000e+00,0.000000e+00,0.000000e+00,0.000000e+00,0.000000e+00,0.000000e+00,0.000000e+00,0.000000e+00,0.000000e+00,0.000000e+00,0.000000e+00,0.000000e+00,0.000000e+00
1.000000e+00,0.000000e+00,0.000000e+00,0.000000e+00,0.000000e+00,0.000000e+00,0.000000e+00,0.000000e+00,0.000000e+00,0.000000e+00,0.000000e+00,0.000000e+00,0.000000e+00,0.000000e+00,0.000000e+00
1.000000e+00,0.000000e+00,0.000000e+00,0.000000e+00,0.000000e+00,0.000000e+00,0.000000e+00,0.000000e+00,0.000000e+00,0.000000e+00,0.000000e+00,0.000000e+00,0.000000e+00,0.000000e+00,0.000000e+00
1.000000e+00,0.000000e+00,0.000000e+00,0.000000e+00,0.000000e+00,0.000000e+00,0.000000e+00,0.000000e+00,0.000000e+00,0.000000e+00,0.000000e+00,0.000000e+00,0.000000e+00,0.000000e+00,0.000000e+00
1.000000e+00,0.000000e+00,0.000000e+00,0.000000e+00,0.000000e+00,0.000000e+00,0.000000e+00,0.000000e+00,0.000000e+00,0.000000e+00,0.000000e+00,0.000000e+00,0.000000e+00,0.000000e+00,0.000000e+00
1.000000e+00,0.000000e+00,0.000000e+00,0.000000e+00,0.000000e+00,0.000000e+00,0.000000e+00,0.000000e+00,0.000000e+00,0.000000e+00,0.000000e+00,0.000000e+00,0.000000e+00,0.000000e+00,0.000000e+00
1.000000e+00,0.000000e+00,0.000000e+00,0.000000e+00,0.000000e+00,0.000000e+00,0.000000e+00,0.000000e+00,0.000000e+00,0.000000e+00,0.000000e+00,0.000000e+00,0.000000e+00,0.000000e+00,0.000000e+00
1.000000e+00,0.000000e+00,0.000000e+00,0.000000e+00,0.000000e+00,0.000000e+00,0.000000e+00,0.000000e+00,0.000000e+00,0.000000e+00,0.000000e+00,0.000000e+00,0.000000e+00,0.000000e+00,0.000000e+00
1.000000e+00,0.000000e+00,0.000000e+00,0.000000e+00,0.000000e+00,0.000000e+00,0.000000e+00,0.000000e+00,0.000000e+00,0.000000e+00,0.000000e+00,0.000000e+00,0.000000e+00,0.000000e+00,0.000000e+00
1.000000e+00,0.000000e+00,0.000000e+00,0.000000e+00,0.000000e+00,0.000000e+00,0.000000e+00,0.000000e+00,0.000000e+00,0.000000e+00,0.000000e+00,0.000000e+00,0.000000e+00,0.000000e+00,0.000000e+00
1.000000e+00,0.000000e+00,0.000000e+00,0.000000e+00,0.000000e+00,0.000000e+00,0.000000e+00,0.000000e+00,0.000000e+00,0.000000e+00,0.000000e+00,0.000000e+00,0.000000e+00,0.000000e+00,0.000000e+00
1.000000e+00,0.000000e+00,0.000000e+00,0.000000e+00,0.000000e+00,0.000000e+00,0.000000e+00,0.000000e+00,0.000000e+00,0.000000e+00,0.000000e+00,0.000000e+00,0.000000e+00,0.000000e+00,0.000000e+00
1.000000e+00,0.000000e+00,0.000000e+00,0.000000e+00,0.000000e+00,0.000000e+00,0.000000e+00,0.000000e+00,0.000000e+00,0.000000e+00,0.000000e+00,0.000000e+00,0.000000e+00,0.000000e+00,0.000000e+00
1.000000e+00,0.000000e+00,0.000000e+00,0.000000e+00,0.000000e+00,0.000000e+00,0.000000e+00,0.000000e+00,0.000000e+00,0.000000e+00,0.000000e+00,0.000000e+00,0.000000e+00,0.000000e+00,0.000000e+00
1.000000e+00,0.000000e+00,0.000000e+00,0.000000e+00,0.000000e+00,0.000000e+00,0.000000e+00,0.000000e+00,0.000000e+00,0.000000e+00,0.000000e+00,0.000000e+00,0.000000e+00,0.000000e+00,0.000000e+00
1.000000e+00,0.000000e+00,0.000000e+00,0.000000e+00,0.000000e+00,0.000000e+00,0.000000e+00,0.000000e+00,0.000000e+00,0.000000e+00,0.000000e+00,0.000000e+00,0.000000e+00,0.000000e+00,0.000000e+00
1.000000e+00,0.000000e+00,0.000000e+00,0.000000e+00,0.000000e+00,0.000000e+00,0.000000e+00,0.000000e+00,0.000000e+00,0.000000e+00,0.000000e+00,0.000000e+00,0.000000e+00,0.000000e+00,0.000000e+00
1.000000e+00,0.000000e+00,0.000000e+00,0.000000e+00,0.000000e+00,0.000000e+00,0.000000e+00,0.000000e+00,0.000000e+00,0.000000e+00,0.000000e+00,0.000000e+00,0.000000e+00,0.000000e+00,0.000000e+00
1.000000e+00,0.000000e+00,0.000000e+00,0.000000e+00,0.000000e+00,0.000000e+00,0.000000e+00,0.000000e+00,0.000000e+00,0.000000e+00,0.000000e+00,0.000000e+00,0.000000e+00,0.000000e+00,0.000000e+00
1.000000e+00,0.000000e+00,0.000000e+00,0.000000e+00,0.000000e+00,0.000000e+00,0.000000e+00,0.000000e+00,0.000000e+00,0.000000e+00,0.000000e+00,0.000000e+00,0.000000e+00,0.000000e+00,0.000000e+00
1.000000e+00,0.000000e+00,0.000000e+00,0.000000e+00,0.000000e+00,0.000000e+00,0.000000e+00,0.000000e+00,0.000000e+00,0.000000e+00,0.000000e+00,0.000000e+00,0.000000e+00,0.000000e+00,0.000000e+00
1.000000e+00,0.000000e+00,0.000000e+00,0.000000e+00,0.000000e+00,0.000000e+00,0.000000e+00,0.000000e+00,0.000000e+00,0.000000e+00,0.000000e+00,0.000000e+00,0.000000e+00,0.000000e+00,0.000000e+00
1.000000e+00,0.000000e+00,0.000000e+00,0.000000e+00,0.000000e+00,0.000000e+00,0.000000e+00,0.000000e+00,0.000000e+00,0.000000e+00,0.000000e+00,0.000000e+00,0.000000e+00,0.000000e+00,0.000000e+00
1.000000e+00,0.000000e+00,0.000000e+00,0.000000e+00,0.000000e+00,0.000000e+00,0.000000e+00,0.000000e+00,0.000000e+00,0.000000e+00,0.000000e+00,0.000000e+00,0.000000e+00,0.000000e+00,0.000000e+00
1.000000e+00,0.000000e+00,0.000000e+00,0.000000e+00,0.000000e+00,0.000000e+00,0.000000e+00,0.000000e+00,0.000000e+00,0.000000e+00,0.000000e+00,0.000000e+00,0.000000e+00,0.000000e+00,0.000000e+00
1.000000e+00,0.000000e+00,0.000000e+00,0.000000e+00,0.000000e+00,0.000000e+00,0.000000e+00,0.000000e+00,0.000000e+00,0.000000e+00,0.000000e+00,0.000000e+00,0.000000e+00,0.000000e+00,0.000000e+00
1.000000e+00,0.000000e+00,0.000000e+00,0.000000e+00,0.000000e+00,0.000000e+00,0.000000e+00,0.000000e+00,0.000000e+00,0.000000e+00,0.000000e+00,0.000000e+00,0.000000e+00,0.000000e+00,0.000000e+00
1.000000e+00,0.000000e+00,0.000000e+00,0.000000e+00,0.000000e+00,0.000000e+00,0.000000e+00,0.000000e+00,0.000000e+00,0.000000e+00,0.000000e+00,0.000000e+00,0.000000e+00,0.000000e+00,0.000000e+00
1.000000e+00,0.000000e+00,0.000000e+00,0.000000e+00,0.000000e+00,0.000000e+00,0.000000e+00,0.000000e+00,0.000000e+00,0.000000e+00,0.000000e+00,0.000000e+00,0.000000e+00,0.000000e+00,0.000000e+00
1.000000e+00,0.000000e+00,0.000000e+00,0.000000e+00,0.000000e+00,0.000000e+00,0.000000e+00,0.000000e+00,0.000000e+00,0.000000e+00,0.000000e+00,0.000000e+00,0.000000e+00,0.000000e+00,0.000000e+00
1.000000e+00,0.000000e+00,0.000000e+00,0.000000e+00,0.000000e+00,0.000000e+00,0.000000e+00,0.000000e+00,0.000000e+00,0.000000e+00,0.000000e+00,0.000000e+00,0.000000e+00,0.000000e+00,0.000000e+00
1.000000e+00,0.000000e+00,0.000000e+00,0.000000e+00,0.000000e+00,0.000000e+00,0.000000e+00,0.000000e+00,0.000000e+00,0.000000e+00,0.000000e+00,0.000000e+00,0.000000e+00,0.000000e+00,0.000000e+00
1.000000e+00,0.000000e+00,0.000000e+00,0.000000e+00,0.000000e+00,0.000000e+00,0.000000e+00,0.000000e+00,0.000000e+00,0.000000e+00,0.000000e+00,0.000000e+00,0.000000e+00,0.000000e+00,0.000000e+00
1.000000e+00,0.000000e+00,0.000000e+00,0.000000e+00,0.000000e+00,0.000000e+00,0.000000e+00,0.000000e+00,0.000000e+00,0.000000e+00,0.000000e+00,0.000000e+00,0.000000e+00,0.000000e+00,0.000000e+00
1.000000e+00,0.000000e+00,0.000000e+00,0.000000e+00,0.000000e+00,0.000000e+00,0.000000e+00,0.000000e+00,0.000000e+00,0.000000e+00,0.000000e+00,0.000000e+00,0.000000e+00,0.000000e+00,0.000000e+00
1.000000e+00,0.000000e+00,0.000000e+00,0.000000e+00,0.000000e+00,0.000000e+00,0.000000e+00,0.000000e+00,0.000000e+00,0.000000e+00,0.000000e+00,0.000000e+00,0.000000e+00,0.000000e+00,0.000000e+00
1.000000e+00,0.000000e+00,0.000000e+00,0.000000e+00,0.000000e+00,0.000000e+00,0.000000e+00,0.000000e+00,0.000000e+00,0.000000e+00,0.000000e+00,0.000000e+00,0.000000e+00,0.000000e+00,0.000000e+00
1.000000e+00,0.000000e+00,0.000000e+00,0.000000e+00,0.000000e+00,0.000000e+00,0.000000e+00,0.000000e+00,0.000000e+00,0.000000e+00,0.000000e+00,0.000000e+00,0.000000e+00,0.000000e+00,0.000000e+00
1.000000e+00,0.000000e+00,0.000000e+00,0.000000e+00,0.000000e+00,0.000000e+00,0.000000e+00,0.000000e+00,0.000000e+00,0.000000e+00,0.000000e+00,0.000000e+00,0.000000e+00,0.000000e+00,0.000000e+00
4.994074e-01,8.903868e-03,3.163682e-02,2.291283e-02,4.599497e-03,3.112563e-01,4.134586e-02,9.940255e-03,2.944076e-03,7.743977e-04,5.269838e-03,2.112537e-02,3.028056e-02,1.039754e-03,8.563129e-03
3.690806e-01,6.390700e-03,2.463583e-02,1.633500e-02,3.757929e-03,4.162542e-01,9.255932e-02,1.445031e-02,2.190160e-03,5.801452e-04,3.827917e-03,1.543440e-02,2.731455e-02,7.897715e-04,6.399143e-03
2.666228e-01,4.526711e-03,1.771986e-02,1.155207e-02,2.780736e-03,5.546800e-01,8.578333e-02,1.323631e-02,1.573096e-03,4.299001e-04,2.753649e-03,1.112125e-02,2.198381e-02,5.796887e-04,4.656791e-03
2.074169e-01,3.241679e-03,1.283951e-02,8.245755e-03,2.062854e-03,6.005123e-01,1.183107e-01,1.237973e-02,1.158942e-03,3.343892e-04,2.099362e-03,8.289640e-03,1.909372e-02,4.707515e-04,3.543774e-03
1.969490e-01,2.454895e-03,9.446246e-03,6.274236e-03,1.656414e-03,6.051003e-01,1.356969e-01,1.223622e-02,9.457868e-04,2.872885e-04,1.817939e-03,6.692625e-03,1.716667e-02,4.289711e-04,2.846569e-03
1.843573e-01,2.014997e-03,7.711634e-03,5.140603e-03,1.713037e-03,5.414114e-01,2.056854e-01,1.877615e-02,9.402405e-04,2.973136e-04,2.143067e-03,6.105215e-03,2.055701e-02,4.977870e-04,2.648852e-03
1.702341e-01,1.717026e-03,7.190352e-03,4.357698e-03,1.746353e-03,4.660020e-01,2.889300e-01,2.350102e-02,9.083184e-04,3.037644e-04,2.070859e-03,5.097594e-03,2.490485e-02,4.965755e-04,2.539484e-03
1.551605e-01,1.452681e-03,7.368046e-03,3.629585e-03,1.693156e-03,3.647527e-01,4.064078e-01,2.438119e-02,7.810995e-04,3.252890e-04,1.747364e-03,4.201829e-03,2.532836e-02,4.234088e-04,2.347178e-03
1.160977e-01,1.071498e-03,5.478142e-03,2.629869e-03,1.382311e-03,2.686221e-01,5.564340e-01,2.106468e-02,5.922366e-04,2.439590e-04,1.323343e-03,3.182697e-03,1.976481e-02,3.154734e-04,1.797147e-03
8.968189e-02,8.768952e-04,4.154276e-03,1.940972e-03,1.397650e-03,1.954944e-01,6.650764e-01,1.852895e-02,4.675775e-04,2.062054e-04,1.182899e-03,2.653042e-03,1.652306e-02,2.759029e-04,1.539928e-03
6.702240e-02,7.124830e-04,3.437794e-03,1.465076e-03,1.942259e-03,1.401168e-01,7.518607e-01,1.534634e-02,3.642789e-04,2.392906e-04,1.173212e-03,2.303388e-03,1.225145e-02,2.647953e-04,1.499703e-03
4.750360e-02,5.389485e-04,2.508555e-03,1.054450e-03,1.874851e-03,9.916278e-02,8.213531e-01,1.178313e-02,2.768589e-04,2.455955e-04,9.344517e-04,1.761890e-03,9.199898e-03,2.012525e-04,1.600630e-03
3.353320e-02,6.606736e-04,1.862196e-03,9.061040e-04,1.654580e-03,7.741050e-02,6.666619e-01,9.058301e-03,3.780607e-04,7.938243e-04,1.228387e-03,1.701913e-03,2.000029e-01,1.508139e-04,3.996575e-03
2.375968e-02,5.621351e-04,1.314054e-03,6.820618e-04,1.276693e-03,6.002055e-02,4.797243e-01,6.521164e-03,3.708219e-04,7.866144e-04,4.175429e-03,3.163709e-03,3.733518e-01,2.275695e-04,4.406334e-02
1.683618e-02,4.564338e-04,9.310510e-04,5.708532e-04,1.183095e-03,4.828150e-02,3.459323e-01,4.654688e-03,4.389653e-04,1.291297e-03,4.145187e-03,3.615429e-03,3.652681e-01,3.381461e-04,2.060567e-01
1.208892e-02,3.755683e-04,6.795829e-04,5.571673e-04,1.459173e-03,4.706590e-02,2.657953e-01,3.303901e-03,5.787308e-04,2.018535e-03,5.723854e-03,3.108779e-02,4.491181e-01,3.232339e-03,1.769151e-01
8.844462e-03,4.994042e-04,5.705516e-04,6.592717e-04,1.472394e-03,3.601835e-02,2.034514e-01,2.414357e-03,1.026612e-03,4.612732e-03,8.570027e-03,6.618840e-02,4.937500e-01,5.161540e-03,1.667605e-01
6.923290e-03,1.758150e-03,2.461033e-03,6.713352e-04,2.806457e-03,2.761070e-02,1.507723e-01,2.123962e-03,8.113266e-03,1.321615e-02,2.112097e-02,8.964257e-02,5.437597e-01,6.787950e-03,1.222321e-01
6.613146e-03,1.810643e-02,7.632675e-03,1.214878e-03,1.685962e-02,2.181229e-02,1.105254e-01,2.169527e-03,4.658285e-02,3.559277e-02,2.469089e-02,7.143215e-02,5.238461e-01,1.267068e-02,1.002506e-01
6.632764e-03,4.099827e-02,9.602610e-03,1.365631e-03,2.343840e-02,1.699289e-02,7.901819e-02,1.787614e-03,7.641697e-02,7.793561e-02,2.421932e-02,7.114252e-02,4.638816e-01,1.587326e-02,9.069440e-02
1.178262e-02,9.438717e-02,8.526427e-03,1.650579e-03,1.864062e-02,1.426691e-02,5.630303e-02,1.772682e-03,1.550157e-01,8.211456e-02,2.454658e-02,7.854282e-02,3.694161e-01,1.335922e-02,6.967496e-02
1.218822e-02,8.864837e-02,6.894271e-03,1.793370e-03,1.565092e-02,1.322529e-02,4.042149e-02,1.802861e-03,2.158503e-01,8.492401e-02,3.608671e-02,1.176586e-01,2.992191e-01,1.248597e-02,5.315054e-02
1.534806e-02,7.562359e-02,6.597332e-03,4.505554e-03,1.596537e-02,1.120460e-02,2.869694e-02,8.596234e-03,3.680043e-01,6.217434e-02,3.660201e-02,9.876478e-02,2.183367e-01,1.101977e-02,3.856039e-02
1.282083e-02,9.284100e-02,6.281032e-03,4.571551e-03,1.464047e-02,1.844847e-02,2.020713e-02,1.020495e-02,4.579152e-01,4.824324e-02,3.482479e-02,8.069766e-02,1.573337e-01,1.056980e-02,3.040012e-02
1.061864e-02,1.044972e-01,6.668237e-03,6.105866e-03,1.309081e-02,2.480701e-02,1.428133e-02,1.432956e-02,5.341753e-01,3.585122e-02,2.928064e-02,6.198149e-02,1.119353e-01,9.334871e-03,2.304255e-02
1.202041e-02,9.955794e-02,5.735716e-03,6.265308e-03,2.983907e-02,2.538143e-02,1.065378e-02,3.034965e-02,5.831709e-01,2.607213e-02,2.305756e-02,4.424889e-02,7.890503e-02,8.265801e-03,1.647634e-02
1.609020e-02,9.340529e-02,5.509047e-03,6.565561e-03,3.843614e-02,2.402046e-02,7.750423e-03,3.317410e-02,6.306292e-01,1.903770e-02,1.788788e-02,3.152716e-02,5.561800e-02,7.412878e-03,1.293590e-02
2.192428e-02,9.416644e-02,5.857065e-03,1.746840e-02,5.993382e-02,1.860678e-02,5.766634e-03,6.816897e-02,6.021169e-01,1.365091e-02,1.439375e-02,2.250014e-02,3.945934e-02,5.945777e-03,1.004071e-02
2.511323e-02,7.081519e-02,8.770602e-03,5.894558e-02,8.084767e-02,1.379956e-02,4.425158e-03,1.764437e-01,4.839664e-01,9.835517e-03,1.132035e-02,1.602160e-02,2.812842e-02,4.271357e-03,7.295596e-03
3.791465e-02,6.624666e-02,9.782024e-03,8.896414e-02,9.538142e-02,1.210450e-02,3.536390e-03,1.529341e-01,4.748653e-01,7.366667e-03,9.670101e-03,1.161889e-02,2.006411e-02,3.291673e-03,6.259293e-03
4.140672e-02,5.105403e-02,1.585243e-02,1.595545e-01,9.721284e-02,1.283504e-02,3.128488e-03,1.579075e-01,4.155386e-01,5.643022e-03,8.288867e-03,8.962046e-03,1.470325e-02,2.521825e-03,5.390869e-03
4.249335e-02,4.810787e-02,1.766657e-02,1.468811e-01,1.061870e-01,1.047595e-02,3.484447e-03,1.759101e-01,4.114746e-01,4.948297e-03,7.033324e-03,6.832307e-03,1.095837e-02,2.080795e-03,5.465860e-03
4.178695e-02,5.111850e-02,1.821078e-02,1.331371e-01,9.722007e-02,8.652275e-03,3.063404e-03,2.371655e-01,3.776828e-01,4.695267e-03,6.168251e-03,5.109638e-03,8.223722e-03,1.657637e-03,6.108084e-03
4.212288e-02,5.031717e-02,2.219949e-02,1.129215e-01,1.331062e-01,8.471077e-03,3.744256e-03,2.206252e-01,3.801763e-01,4.084127e-03,4.704813e-03,3.878772e-03,6.225094e-03,1.288740e-03,6.134414e-03
4.253875e-02,4.324029e-02,2.524063e-02,1.006389e-01,1.417025e-01,7.677547e-03,3.522578e-03,2.681158e-01,3.431239e-01,3.938776e-03,3.943793e-03,2.988897e-03,4.661643e-03,1.174488e-03,7.491484e-03
4.924399e-02,4.296672e-02,2.467623e-02,7.380638e-02,1.561600e-01,1.054317e-02,3.335363e-03,1.972474e-01,4.211824e-01,3.109362e-03,3.262056e-03,2.537742e-03,4.884924e-03,1.025970e-03,6.018205e-03
8.502400e-02,4.456229e-02,3.290776e-02,5.700969e-02,1.575742e-01,1.601473e-02,3.347238e-03,1.471345e-01,4.301207e-01,3.527499e-03,3.170614e-03,3.862806e-03,6.390950e-03,1.392814e-03,7.960213e-03
1.399746e-01,4.786267e-02,5.512073e-02,4.884706e-02,1.418459e-01,2.205354e-02,3.621255e-03,1.154216e-01,3.917234e-01,3.812098e-03,3.391036e-03,6.046121e-03,8.901849e-03,1.811954e-03,9.566300e-03
1.890125e-01,4.732790e-02,7.343941e-02,5.564578e-02,1.026203e-01,2.105798e-02,2.779291e-03,1.025622e-01,2.836476e-01,2.279508e-02,2.181600e-02,2.087766e-02,1.710444e-02,3.328088e-03,3.598567e-02
1.349627e-01,3.442454e-02,6.244169e-02,5.456638e-02,7.228149e-02,1.566201e-02,2.088858e-03,1.237042e-01,2.004275e-01,2.728985e-02,1.409980e-01,4.774755e-02,3.635524e-02,9.842424e-03,3.720751e-02
9.506785e-02,2.450041e-02,4.626406e-02,4.324896e-02,5.212339e-02,1.198068e-02,1.653095e-03,1.009426e-01,1.431958e-01,2.570613e-02,2.757384e-01,6.205994e-02,6.703918e-02,2.081502e-02,2.966443e-02
6.750380e-02,1.878610e-02,3.650897e-02,3.926876e-02,3.785436e-02,9.418933e-03,1.332680e-03,7.392255e-02,1.135817e-01,4.844632e-02,3.263305e-01,6.002932e-02,1.073054e-01,3.159265e-02,2.811803e-02
4.934098e-02,1.599027e-02,2.855340e-02,3.196034e-02,2.730654e-02,7.818145e-03,1.052790e-03,5.811090e-02,9.054227e-02,7.128873e-02,3.004491e-01,5.872619e-02,1.834123e-01,3.933064e-02,3.611746e-02
3.596368e-02,1.331728e-02,2.081028e-02,3.185618e-02,1.998691e-02,6.179445e-03,1.112897e-03,4.577040e-02,8.793385e-02,1.306279e-01,2.506569e-01,4.642650e-02,1.810119e-01,5.344399e-02,7.490192e-02
2.586673e-02,1.342555e-02,1.549580e-02,3.195031e-02,1.550424e-02,4.589791e-03,1.037611e-03,3.606062e-02,1.105814e-01,1.733582e-01,1.959129e-01,3.702909e-02,1.526237e-01,8.592036e-02,1.006437e-01
1.860346e-02,1.325705e-02,1.113876e-02,2.904126e-02,1.181417e-02,3.717763e-03,1.005359e-03,2.763153e-02,1.328726e-01,1.979809e-01,1.628539e-01,3.728505e-02,1.523000e-01,9.753989e-02,1.029584e-01
1.342880e-02,1.359002e-02,8.142187e-03,2.461891e-02,9.017680e-03,3.517104e-03,8.869476e-04,2.077166e-02,1.411213e-01,2.112093e-01,1.411235e-01,5.001821e-02,1.594972e-01,8.683866e-02,1.162186e-01
1.076865e-02,1.153033e-02,6.774600e-03,2.370875e-02,8.676738e-03,7.892329e-03,9.516748e-04,2.012079e-02,1.247048e-01,1.595651e-01,2.032333e-01,6.742425e-02,1.741091e-01,7.428142e-02,1.062581e-01
9.308972e-03,9.436342e-03,1.130543e-02,2.147811e-02,1.679213e-02,5.056198e-02,1.775546e-03,1.810746e-02,9.922847e-02,1.201445e-01,2.430070e-01,5.797447e-02,1.652243e-01,5.611126e-02,1.195440e-01
9.317989e-03,8.121706e-03,3.141461e-02,4.129742e-02,2.544863e-02,8.715059e-02,2.039881e-03,1.703893e-02,9.010697e-02,9.111546e-02,2.512765e-01,5.377467e-02,1.522642e-01,4.468399e-02,9.494852e-02
3.087617e-02,1.111307e-02,3.600571e-02,4.363899e-02,3.911384e-02,7.884654e-02,3.522850e-03,2.028464e-02,9.930068e-02,8.384921e-02,2.597407e-01,5.922389e-02,1.258403e-01,3.543578e-02,7.320761e-02
4.133632e-02,1.480304e-02,4.610487e-02,6.929043e-02,5.716261e-02,6.818754e-02,4.257703e-03,2.192603e-02,1.166190e-01,7.343955e-02,2.313190e-01,6.100155e-02,1.119445e-01,2.652097e-02,5.608691e-02
4.526576e-02,2.693120e-02,6.240938e-02,5.682444e-02,5.669954e-02,5.539266e-02,5.021634e-03,4.058150e-02,1.532666e-01,6.734740e-02,1.864566e-01,7.040147e-02,1.027945e-01,2.153616e-02,4.907117e-02
4.725198e-02,5.400241e-02,5.618218e-02,4.518483e-02,6.355058e-02,4.194123e-02,4.042012e-03,3.483399e-02,2.735663e-01,5.073051e-02,1.348494e-01,5.443262e-02,8.212330e-02,1.567066e-02,4.163804e-02
5.342516e-02,8.038478e-02,5.323231e-02,3.362432e-02,7.233189e-02,3.459593e-02,4.064775e-03,3.612126e-02,3.421780e-01,3.754593e-02,9.815352e-02,4.146794e-02,6.353831e-02,1.248906e-02,3.684686e-02
1.043303e-01,8.815141e-02,5.037450e-02,3.074664e-02,6.548779e-02,3.940180e-02,9.776563e-03,4.871523e-02,3.236209e-01,3.770658e-02,7.280040e-02,3.746647e-02,5.031757e-02,1.043828e-02,3.066562e-02
1.419933e-01,9.957989e-02,5.108275e-02,3.080127e-02,5.629455e-02,3.763210e-02,1.068650e-02,3.930039e-02,3.214225e-01,3.520463e-02,5.475533e-02,3.765973e-02,4.924458e-02,8.117864e-03,2.622461e-02
1.441604e-01,1.157038e-01,4.187497e-02,2.920574e-02,5.372018e-02,3.511450e-02,1.801597e-02,5.213616e-02,3.295383e-01,2.879904e-02,4.128750e-02,3.408537e-02,4.577504e-02,7.252530e-03,2.333045e-02
1.424242e-01,1.296077e-01,3.257629e-02,2.971577e-02,5.191397e-02,3.384271e-02,1.573296e-02,4.474574e-02,3.703017e-01,2.298285e-02,3.065842e-02,3.117168e-02,3.945182e-02,5.951249e-03,1.892282e-02
1.369508e-01,1.178774e-01,2.492479e-02,7.070329e-02,4.998840e-02,3.378407e-02,1.190401e-02,3.213936e-02,3.742390e-01,1.735400e-02,2.734362e-02,3.253443e-02,4.564477e-02,4.818860e-03,1.979315e-02
1.357275e-01,9.010258e-02,1.810168e-02,6.233568e-02,3.628840e-02,2.968749e-02,8.689516e-03,2.286899e-02,2.972660e-01,1.262371e-02,2.448223e-02,6.451969e-02,1.749992e-01,3.659621e-03,1.864772e-02
1.264238e-01,6.765161e-02,1.401582e-02,6.711983e-02,2.644166e-02,3.031065e-02,6.417478e-03,1.624787e-02,2.260175e-01,9.358148e-03,2.188514e-02,9.156446e-02,2.758887e-01,3.103385e-03,1.755400e-02
9.330327e-02,5.064063e-02,1.093741e-02,5.405083e-02,2.036187e-02,3.905486e-02,4.809506e-03,1.163661e-02,2.057104e-01,6.978903e-03,1.905921e-02,1.137404e-01,3.486434e-01,2.403400e-03,1.866943e-02
6.948726e-02,6.014277e-02,1.240786e-02,9.845982e-02,1.448519e-02,9.128179e-02,3.435872e-03,8.252718e-03,1.898524e-01,7.053661e-03,1.568789e-02,8.948518e-02,2.830102e-01,2.612944e-03,5.434452e-02
5.399331e-02,5.118236e-02,9.626533e-03,7.171571e-02,1.099431e-02,1.766734e-01,2.658384e-03,6.295052e-03,1.847433e-01,5.252178e-03,1.297500e-02,7.112630e-02,2.945940e-01,2.497561e-03,4.567265e-02
4.150944e-02,6.856188e-02,1.053186e-02,1.198478e-01,1.045960e-02,2.131265e-01,2.157790e-03,5.435959e-03,1.821552e-01,4.633846e-03,1.089219e-02,5.122382e-02,2.254965e-01,2.384056e-03,5.158359e-02
6.587815e-02,5.525269e-02,8.615234e-03,1.003142e-01,9.952772e-03,1.967158e-01,2.101875e-03,5.164898e-03,1.706556e-01,4.266506e-03,1.402772e-02,4.178960e-02,2.726980e-01,4.825721e-03,4.774117e-02
5.572233e-02,4.089467e-02,8.188091e-03,1.821629e-01,9.319767e-03,1.566416e-01,1.599061e-03,5.806712e-03,2.483283e-01,4.391985e-03,1.626524e-02,3.055388e-02,1.965848e-01,3.872008e-03,3.966864e-02
6.327977e-02,3.135039e-02,5.981425e-03,1.376179e-01,8.279900e-03,1.202178e-01,1.418203e-03,6.920207e-03,2.151532e-01,3.641133e-03,2.565771e-02,3.093963e-02,3.126279e-01,4.933044e-03,3.198189e-02
5.884799e-02,2.542794e-02,5.059409e-03,1.260468e-01,6.996595e-03,9.005366e-02,1.181634e-03,5.170836e-03,3.627311e-01,3.275260e-03,2.325926e-02,2.430089e-02,2.368772e-01,4.873207e-03,2.589821e-02
4.683635e-02,1.949699e-02,3.983571e-03,1.033477e-01,1.011726e-02,6.482390e-02,1.544294e-03,4.105424e-03,2.713339e-01,2.468793e-03,2.224261e-02,2.110781e-02,4.032333e-01,3.533189e-03,2.182487e-02
5.903947e-02,2.211427e-02,5.411935e-03,1.075656e-01,2.511799e-02,5.114721e-02,2.341433e-03,4.394782e-03,3.022042e-01,2.452692e-03,1.905734e-02,1.976594e-02,3.525665e-01,3.749792e-03,2.307079e-02
5.809461e-02,1.838576e-02,4.521376e-03,8.377054e-02,2.334761e-02,4.370510e-02,2.260875e-03,4.778869e-03,2.346739e-01,2.449948e-03,2.426890e-02,4.357040e-02,4.175802e-01,1.210430e-02,2.648762e-02
7.175720e-02,1.712544e-02,1.359207e-02,6.399832e-02,3.082757e-02,4.160200e-02,3.516600e-03,8.632252e-03,2.045169e-01,3.010843e-03,3.337112e-02,4.484564e-02,4.214695e-01,1.629059e-02,2.544394e-02
1.107939e-01,1.598414e-02,1.955451e-02,5.100275e-02,3.664012e-02,3.456885e-02,4.092919e-03,1.691029e-02,1.950755e-01,4.354098e-03,3.667102e-02,3.836720e-02,3.817108e-01,2.303105e-02,3.124275e-02
1.289700e-01,2.085844e-02,2.414156e-02,3.889374e-02,4.048222e-02,3.101451e-02,5.226064e-03,1.848521e-02,2.727029e-01,4.545757e-03,3.260750e-02,3.251373e-02,2.979456e-01,2.081987e-02,3.079295e-02
1.846689e-01,2.200282e-02,3.754316e-02,3.743611e-02,4.078155e-02,3.037126e-02,5.840488e-03,3.323287e-02,2.550784e-01,4.823842e-03,2.660889e-02,2.854367e-02,2.475807e-01,1.774079e-02,2.774656e-02
1.517898e-01,2.662729e-02,5.590237e-02,2.964306e-02,4.067278e-02,3.766442e-02,5.512562e-03,4.256000e-02,3.260951e-01,4.584733e-03,2.042707e-02,2.076304e-02,1.951384e-01,1.372321e-02,2.889627e-02
1.409479e-01,2.346855e-02,9.976916e-02,4.914628e-02,4.324189e-02,2.854421e-02,4.773074e-03,5.417847e-02,3.452936e-01,5.039256e-03,1.616463e-02,1.675496e-02,1.401101e-01,1.028095e-02,2.228698e-02
1.242095e-01,2.853679e-02,9.835499e-02,4.375642e-02,3.591271e-02,2.569298e-02,3.935554e-03,7.547127e-02,3.974358e-01,4.682296e-03,1.443618e-02,1.476277e-02,1.050373e-01,7.987648e-03,1.978781e-02
1.108134e-01,2.399402e-02,8.241774e-02,4.077754e-02,2.901719e-02,2.308784e-02,2.962685e-03,1.478751e-01,4.024243e-01,3.622368e-03,1.836745e-02,1.541061e-02,7.822107e-02,5.890716e-03,1.511800e-02
9.277012e-02,2.391241e-02,6.065761e-02,3.231405e-02,2.377382e-02,2.217063e-02,2.231569e-03,1.483733e-01,4.846125e-01,2.738957e-03,1.883285e-02,1.518983e-02,5.679176e-02,4.308075e-03,1.132263e-02
9.081376e-02,2.544862e-02,4.630489e-02,3.875813e-02,1.889394e-02,2.325561e-02,1.689958e-03,1.692366e-01,4.912751e-01,2.338196e-03,1.869818e-02,1.885272e-02,4.239176e-02,3.177971e-03,8.864566e-03
1.072876e-01,2.711051e-02,3.542980e-02,2.906387e-02,1.551933e-02,6.392000e-02,1.551168e-03,1.567266e-01,4.877225e-01,2.157940e-03,1.745537e-02,1.571634e-02,3.035240e-02,2.731705e-03,7.254926e-03
1.261195e-01,2.799264e-02,2.584957e-02,2.199126e-02,1.219426e-02,7.014857e-02,1.321354e-03,1.380932e-01,5.131401e-01,2.101758e-03,1.670091e-02,1.359505e-02,2.174786e-02,2.472351e-03,6.531519e-03
1.256384e-01,2.161425e-02,1.913084e-02,2.131295e-02,9.688887e-03,2.397970e-01,1.357501e-03,1.075185e-01,3.938178e-01,2.196833e-03,1.644118e-02,1.584158e-02,1.589423e-02,2.250536e-03,7.499618e-03
9.002726e-02,1.567467e-02,1.366846e-02,1.627662e-02,7.339629e-03,4.452070e-01,1.026412e-03,7.535330e-02,2.796179e-01,1.822014e-03,1.343057e-02,2.080850e-02,1.180921e-02,1.709046e-03,6.229440e-03
6.623900e-02,1.165829e-02,9.956004e-03,1.320716e-02,6.017259e-03,4.492576e-01,1.125404e-03,5.299099e-02,1.973549e-01,1.691723e-03,5.169998e-02,1.203426e-01,1.011709e-02,1.669543e-03,6.672380e-03
4.742128e-02,8.270358e-03,7.111678e-03,9.687486e-03,4.371660e-03,4.263263e-01,9.212654e-04,3.712151e-02,1.384513e-01,1.822319e-03,5.887086e-02,2.440391e-01,8.753994e-03,1.433860e-03,5.397113e-03
3.342853e-02,5.833918e-03,5.028685e-03,6.981727e-03,3.217816e-03,3.518982e-01,7.652072e-04,2.599742e-02,9.710601e-02,1.468978e-03,5.909621e-02,3.975112e-01,6.569440e-03,1.063295e-03,4.033313e-03
2.374064e-02,4.243494e-03,3.886107e-03,5.174936e-03,3.026434e-03,2.576039e-01,6.322617e-04,1.825471e-02,6.866334e-02,1.971527e-03,5.894497e-02,5.441188e-01,5.118194e-03,8.877506e-04,3.732973e-03
1.674692e-02,3.076702e-03,2.926864e-03,3.715604e-03,2.674802e-03,1.883675e-01,5.065910e-04,1.281834e-02,4.895213e-02,2.489371e-03,5.582201e-02,6.539004e-01,4.254234e-03,8.476716e-04,2.900912e-03
1.189628e-02,2.945773e-03,4.253956e-03,2.659857e-03,5.618513e-03,1.340073e-01,3.957407e-04,9.057411e-03,3.573518e-02,2.768757e-03,4.382918e-02,7.371953e-01,5.622734e-03,1.706512e-03,2.307606e-03
8.413391e-03,2.088972e-03,3.140414e-03,1.874154e-03,4.454738e-03,9.442557e-02,2.887104e-04,6.374662e-03,2.558675e-02,5.342325e-03,3.410836e-02,8.060542e-01,4.650115e-03,1.562009e-03,1.635700e-03
6.048783e-03,1.486603e-03,2.296686e-03,1.319664e-03,3.764189e-03,6.652273e-02,2.166643e-04,4.575851e-03,2.004520e-02,8.178798e-03,2.579115e-02,8.532592e-01,3.877465e-03,1.455026e-03,1.162112e-03
4.309389e-03,1.080407e-03,1.822789e-03,9.349531e-04,1.472773e-02,4.690150e-02,3.680711e-04,3.331048e-03,1.782886e-02,7.144327e-03,3.890993e-02,8.573327e-01,3.250396e-03,1.183526e-03,8.744824e-04
3.190760e-03,8.372763e-04,1.582849e-03,6.642919e-04,1.248025e-02,3.350225e-02,3.465890e-04,2.432229e-03,1.415017e-02,1.077609e-02,5.728054e-02,8.572303e-01,3.461607e-03,1.356724e-03,7.081542e-04
2.336136e-03,8.087380e-04,1.887113e-03,4.801478e-04,1.959525e-02,2.398955e-02,4.801931e-04,1.927539e-03,1.246521e-02,1.737570e-02,6.900863e-02,8.434163e-01,3.397691e-03,1.571119e-03,1.260663e-03
1.799456e-03,1.007295e-03,1.627420e-03,3.516253e-04,2.217336e-02,1.715867e-02,7.035364e-04,1.736811e-03,2.113505e-02,4.856538e-02,6.691432e-02,8.100641e-01,3.235178e-03,2.319745e-03,1.208047e-03
1.356717e-03,1.144452e-03,2.137591e-03,2.625981e-04,2.786836e-02,1.234442e-02,1.212473e-03,1.489100e-03,2.669228e-02,4.379222e-02,6.377002e-02,8.106475e-01,3.622171e-03,2.539221e-03,1.120882e-03
1.334719e-03,5.176095e-03,6.640250e-03,2.180351e-04,2.804885e-02,9.440488e-03,2.584129e-03,1.872922e-03,5.520949e-02,6.125377e-02,6.717118e-02,7.494416e-01,4.874563e-03,5.438954e-03,1.295000e-03
1.661151e-03,4.717076e-03,6.880385e-03,1.860702e-04,4.439079e-02,8.233367e-03,4.269646e-03,4.266927e-03,7.961977e-02,8.355528e-02,6.975761e-02,6.767132e-01,6.130182e-03,7.618748e-03,1.999764e-03
2.333233e-03,4.225423e-03,5.717998e-03,1.614644e-04,1.471949e-01,9.151950e-03,1.055069e-02,1.307886e-02,1.416992e-01,7.846702e-02,5.475117e-02,5.183969e-01,5.926186e-03,6.640201e-03,1.704838e-03
4.406019e-03,4.306423e-03,4.744512e-03,2.130059e-04,1.942344e-01,7.751797e-03,9.999325e-03,2.102149e-02,1.586355e-01,6.588114e-02,4.822404e-02,4.644933e-01,8.505799e-03,6.267555e-03,1.315752e-03
4.798985e-03,4.608475e-03,3.924476e-03,2.926627e-04,2.185916e-01,8.806223e-03,1.034535e-02,3.902350e-02,2.218439e-01,5.154473e-02,4.314987e-02,3.773551e-01,9.483276e-03,5.164654e-03,1.067212e-03
5.220767e-03,4.173336e-03,3.463913e-03,7.276228e-04,2.361803e-01,9.441317e-03,9.369252e-03,5.618245e-02,2.155755e-01,3.766555e-02,3.865696e-02,3.668706e-01,1.135972e-02,4.207054e-03,9.055807e-04
5.303699e-03,3.090379e-03,2.927359e-03,7.689433e-04,3.383882e-01,9.963240e-03,1.553371e-02,6.963245e-02,2.171529e-01,2.729830e-02,2.988750e-02,2.660889e-01,9.973958e-03,3.258219e-03,7.321423e-04
7.758552e-03,3.153632e-03,4.256736e-03,1.064659e-03,4.497812e-01,1.041942e-02,2.641113e-02,5.941207e-02,1.951214e-01,1.930472e-02,2.326041e-02,1.888248e-01,8.268377e-03,2.406107e-03,5.566753e-04
7.229082e-03,2.602878e-03,3.987571e-03,2.283439e-03,4.980143e-01,7.866621e-03,2.387140e-02,4.755008e-02,2.345263e-01,1.354843e-02,1.723217e-02,1.330743e-01,6.115350e-03,1.691002e-03,4.070057e-04
8.171229e-03,2.360237e-03,5.881913e-03,9.487756e-03,5.468787e-01,6.117731e-03,2.421914e-02,4.831136e-02,2.263986e-01,9.549147e-03,1.266315e-02,9.385304e-02,4.562190e-03,1.189001e-03,3.567456e-04
9.719739e-03,2.947583e-03,6.662377e-03,9.815704e-03,5.326380e-01,4.705633e-03,2.364433e-02,6.800829e-02,2.547732e-01,6.785909e-03,9.605353e-03,6.605551e-02,3.363546e-03,8.436710e-04,4.310846e-04
1.320351e-02,2.733205e-03,7.665519e-03,7.770046e-03,5.996017e-01,4.787012e-03,2.027574e-02,5.130594e-02,2.304296e-01,4.786537e-03,7.053297e-03,4.641927e-02,2.607234e-03,6.211531e-04,7.401726e-04
1.861253e-02,6.014216e-03,1.171224e-02,1.994369e-02,5.911805e-01,6.690501e-03,2.877833e-02,6.695117e-02,2.045203e-01,3.466275e-03,5.155589e-03,3.276248e-02,2.047677e-03,5.068908e-04,1.657673e-03
2.278791e-02,7.017509e-03,9.976711e-03,1.589216e-02,5.906337e-01,5.983745e-03,2.277860e-02,5.623835e-02,2.350205e-01,2.488705e-03,4.025214e-03,2.344371e-02,1.593063e-03,5.207609e-04,1.599401e-03
3.065047e-02,9.417254e-03,1.128826e-02,1.703865e-02,5.075734e-01,7.870077e-03,2.634997e-02,9.430224e-02,2.693763e-01,2.005563e-03,3.256772e-03,1.714941e-02,1.403653e-03,4.697701e-04,1.848326e-03
4.146084e-02,8.360750e-03,9.263208e-03,1.490549e-02,4.302192e-01,8.336594e-03,2.134885e-02,2.284091e-01,2.181871e-01,1.520616e-03,2.404319e-03,1.237322e-02,1.212007e-03,3.568862e-04,1.641888e-03
4.584444e-02,6.478665e-03,7.831325e-03,1.219393e-02,3.424351e-01,7.293783e-03,1.782282e-02,3.836140e-01,1.620086e-01,1.105471e-03,1.776742e-03,8.913283e-03,1.083311e-03,2.731362e-04,1.325314e-03
5.708756e-02,5.234892e-03,6.027784e-03,1.114777e-02,2.579652e-01,7.167808e-03,1.376131e-02,5.040408e-01,1.246279e-01,8.499532e-04,1.623335e-03,7.195058e-03,1.732018e-03,2.272620e-04,1.311334e-03
4.831675e-02,3.888294e-03,5.173383e-03,9.024661e-03,1.838155e-01,7.294069e-03,1.183437e-02,6.312082e-01,8.890919e-02,6.423777e-04,1.318804e-03,5.510428e-03,1.679894e-03,1.866249e-04,1.197529e-03
4.384506e-02,2.814668e-03,4.229945e-03,6.575664e-03,1.297866e-01,1.238760e-02,2.419663e-02,7.019780e-01,6.411777e-02,4.754173e-04,1.033523e-03,4.100172e-03,3.263301e-03,1.436050e-04,1.052098e-03
4.858993e-02,2.125929e-03,3.292136e-03,4.748616e-03,9.214322e-02,1.398744e-02,3.196742e-02,7.471673e-01,4.760698e-02,3.525835e-04,8.147854e-04,3.017249e-03,3.158814e-03,1.089485e-04,9.186597e-04
7.009384e-02,1.829506e-03,2.859212e-03,3.721101e-03,6.667976e-02,1.805027e-02,3.984397e-02,7.500898e-01,3.939588e-02,2.811310e-04,7.054468e-04,2.437758e-03,3.016372e-03,9.457405e-05,9.013797e-04
7.868291e-02,1.671645e-03,4.632162e-03,3.631994e-03,4.908026e-02,4.209055e-02,1.374277e-01,6.387115e-01,3.060817e-02,2.838423e-04,6.562163e-04,2.457833e-03,8.986671e-03,9.907452e-05,9.794645e-04
7.244979e-02,1.382684e-03,5.241608e-03,2.877114e-03,3.571287e-02,9.030235e-02,2.113774e-01,5.404199e-01,2.276377e-02,2.971473e-04,5.783713e-04,2.038036e-03,1.358779e-02,1.025635e-04,8.685478e-04
8.876935e-02,1.182672e-03,5.677531e-03,2.821931e-03,2.603684e-02,1.068657e-01,2.248906e-01,5.103511e-01,1.689558e-02,4.053229e-04,5.669032e-04,2.199159e-03,1.222195e-02,1.383682e-04,9.770560e-04
1.019431e-01,9.717201e-04,6.378340e-03,3.400296e-03,1.933788e-02,1.247208e-01,2.327747e-01,4.824103e-01,1.229426e-02,4.619957e-04,5.408775e-04,2.571323e-03,1.088792e-02,1.797624e-04,1.126656e-03
1.251020e-01,8.401188e-04,7.973026e-03,4.096018e-03,1.479092e-02,1.321833e-01,2.418074e-01,4.483957e-01,9.213213e-03,5.052992e-04,5.293973e-04,2.751830e-03,1.051867e-02,1.812458e-04,1.111981e-03
1.270427e-01,7.542400e-04,8.513996e-03,4.181524e-03,1.191132e-02,1.355019e-01,2.564520e-01,4.314145e-01,6.959640e-03,5.633565e-04,7.001425e-04,3.255468e-03,1.137943e-02,1.707090e-04,1.199088e-03
1.318298e-01,6.699055e-04,7.229760e-03,3.428742e-03,9.632400e-03,1.226804e-01,2.387619e-01,4.645417e-01,5.354818e-03,4.566482e-04,7.381332e-04,2.983796e-03,1.041933e-02,1.357853e-04,1.136818e-03
1.403157e-01,5.958781e-04,6.279235e-03,2.884692e-03,8.055808e-03,1.091752e-01,2.190885e-01,4.944117e-01,4.220084e-03,3.992838e-04,7.379030e-04,2.945098e-03,9.589260e-03,1.142501e-04,1.187530e-03
1.358076e-01,8.666205e-04,6.921853e-03,3.300627e-03,8.196632e-03,1.299031e-01,1.796171e-01,5.103335e-01,3.556332e-03,1.389700e-03,2.320372e-03,4.614000e-03,1.007910e-02,2.892262e-04,2.804212e-03
1.036253e-01,7.341551e-04,5.105507e-03,2.667713e-03,6.680466e-03,1.928396e-01,1.386377e-01,3.790187e-01,3.721899e-03,1.473876e-03,4.810752e-03,4.639270e-03,1.506548e-01,3.134399e-04,5.076811e-03
7.347536e-02,6.411194e-04,3.631289e-03,1.987881e-03,4.808945e-03,1.398452e-01,1.039818e-01,2.684947e-01,2.721053e-03,1.844071e-03,4.088340e-03,3.620652e-03,3.782973e-01,2.656334e-04,1.229666e-02
5.195894e-02,5.532464e-04,2.867853e-03,1.455273e-03,3.641367e-03,9.886207e-02,7.656660e-02,1.901660e-01,2.727682e-03,2.364915e-03,3.468508e-03,2.839416e-03,5.491983e-01,2.956335e-04,1.303422e-02
3.681939e-02,4.206495e-04,2.193654e-03,1.114971e-03,2.789154e-03,7.044294e-02,5.430500e-02,1.334697e-01,2.135305e-03,3.624538e-03,2.773899e-03,2.537893e-03,6.740232e-01,5.424275e-04,1.280740e-02
2.813884e-02,4.669236e-04,2.315418e-03,1.801928e-03,4.365334e-03,5.637387e-02,3.912522e-02,9.472816e-02,7.880174e-03,5.562128e-03,3.072438e-03,3.638685e-03,7.307088e-01,1.759342e-03,2.006274e-02
2.547456e-02,5.641080e-04,1.814800e-03,1.796601e-03,7.197311e-03,4.514551e-02,2.850620e-02,6.705185e-02,1.183603e-02,7.106349e-03,3.440399e-03,5.905946e-03,7.483896e-01,3.704679e-03,4.206612e-02
2.576282e-02,2.181911e-03,7.645282e-03,1.002273e-02,1.292104e-02,3.285486e-02,2.121074e-02,5.204127e-02,3.941949e-02,2.023267e-02,4.289952e-03,5.477381e-03,6.205534e-01,8.309512e-03,1.370770e-01
2.558940e-02,4.894620e-03,9.512668e-03,9.961640e-03,1.790312e-02,2.657704e-02,1.580718e-02,3.890869e-02,8.909576e-02,1.656671e-02,3.917063e-03,5.122443e-03,4.580052e-01,6.248940e-03,2.718895e-01
2.039854e-02,8.599957e-03,3.402717e-02,5.322370e-02,1.830394e-02,1.991570e-02,1.123818e-02,3.118422e-02,1.980141e-01,1.317863e-02,3.988213e-03,3.797868e-03,3.237122e-01,4.799206e-03,2.556184e-01
3.646988e-02,1.704225e-02,3.164764e-02,4.081138e-02,2.308769e-02,1.931771e-02,9.422041e-03,3.236084e-02,2.882671e-01,1.050221e-02,3.876793e-03,3.096684e-03,2.392862e-01,4.544628e-03,2.402670e-01
4.312801e-02,2.114369e-02,2.767676e-02,3.279124e-02,6.523827e-02,2.403077e-02,1.814776e-02,3.087202e-02,3.510394e-01,7.740849e-03,3.132817e-03,2.394010e-03,1.720316e-01,3.418579e-03,1.972144e-01
