1.000000e+00,0.000000e+00,0.000000e+00,0.000000e+00,0.000000e+00,0.000000e+00,0.000000e+00,0.000000e+00,0.000000e+00,0.000000e+00,0.000000e+00,0.000000e+00,0.000000e+00,0.000000e+00,0.000000e+00
1.000000e+00,0.000000e+00,0.000000e+00,0.000000e+00,0.000000e+00,0.000000e+00,0.000000e+00,0.000000e+00,0.000000e+00,0.000000e+00,0.000000e+00,0.000000e+00,0.000000e+00,0.000000e+00,0.000000e+00
1.000000e+00,0.000000e+00,0.000000e+00,0.000000e+00,0.000000e+00,0.000000e+00,0.000000e+00,0.000000e+00,0.000000e+00,0.000000e+00,0.000000e+00,0.000000e+00,0.000000e+00,0.000000e+00,0.000000e+00
1.000000e+00,0.000000e+00,0.000000e+00,0.000000e+00,0.000000e+00,0.000000e+00,0.000000e+00,0.000000e+00,0.000000e+00,0.000000e+00,0.000000e+00,0.000000e+00,0.000000e+00,0.000000e+00,0.000000e+00
1.000000e+00,0.000000e+00,0.000000e+00,0.000000e+00,0.000000e+00,0.000000e+00,0.000000e+00,0.000000e+00,0.000000e+00,0.000000e+00,0.000000e+00,0.000000e+00,0.000000e+00,0.000000e+00,0.000000e+00
1.000000e+00,0.000000e+00,0.000000e+00,0.000000e+00,0.000000e+00,0.000000e+00,0.000000e+00,0.000000e+00,0.000000e+00,0.000000e+00,0.000000e+00,0.000000e+00,0.000000e+00,0.000000e+00,0.000000e+00
1.000000e+00,0.000000e+00,0.000000e+00,0.000000e+00,0.000000e+00,0.000000e+00,0.000000e+00,0.000000e+00,0.000000e+00,0.000000e+00,0.000000e+00,0.000000e+00,0.000000e+00,0.000000e+00,0.000000e+00
1.000000e+00,0.000000e+00,0.000000e+00,0.000000e+00,0.000000e+00,0.000000e+00,0.000000e+00,0.000000e+00,0.000000e+00,0.000000e+00,0.000000e+00,0.000000e+00,0.000000e+00,0.000000e+00,0.000000e+00
1.000000e+00,0.000000e+00,0.000000e+00,0.000000e+00,0.000000e+00,0.000000e+00,0.000000e+00,0.000000e+00,0.000000e+00,0.000000e+00,0.000000e+00,0.000000e+00,0.000000e+00,0.000000e+00,0.000000e+00
1.000000e+00,0.000000e+00,0.000000e+00,0.000000e+00,0.000000e+00,0.000000e+00,0.000000e+00,0.000000e+00,0.000000e+00,0.000000e+00,0.000000e+00,0.000000e+00,0.000000e+00,0.000000e+00,0.000000e+00
1.000000e+00,0.000000e+00,0.000000e+00,0.000000e+00,0.000000e+00,0.000000e+00,0.000000e+00,0.000000e+00,0.000000e+00,0.000000e+00,0.000000e+00,0.000000e+00,0.000000e+00,0.000000e+00,0.000000e+00
1.000000e+00,0.000000e+00,0.000000e+00,0.000000e+00,0.000000e+00,0.000000e+00,0.000000e+00,0.000000e+00,0.000000e+00,0.000000e+00,0.000000e+00,0.000000e+00,0.000000e+00,0.000000e+00,0.000000e+00
1.000000e+00,0.000000e+00,0.000000e+00,0.000000e+00,0.000000e+00,0.000000e+00,0.000000e+00,0.000000e+00,0.000000e+00,0.000000e+00,0.000000e+00,0.000000e+00,0.000000e+00,0.000000e+00,0.000000e+00
1.000000e+00,0.000000e+00,0.000000e+00,0.000000e+00,0.000000e+00,0.000000e+00,0.000000e+00,0.000000e+00,0.000000e+00,0.000000e+00,0.000000e+00,0.000000e+00,0.000000e+00,0.000000e+00,0.000000e+00
1.000000e+00,0.000000e+00,0.000000e+00,0.000000e+00,0.000000e+00,0.000000e+00,0.000000e+00,0.000000e+00,0.000000e+00,0.000000e+00,0.000000e+00,0.000000e+00,0.000000e+00,0.000000e+00,0.000000e+00
1.000000e+00,0.000000e+00,0.000000e+00,0.000000e+00,0.000000e+00,0.000000e+00,0.000000e+00,0.000000e+00,0.000000e+00,0.000000e+00,0.000000e+00,0.000000e+00,0.000000e+00,0.000000e+00,0.000000e+00
1.000000e+00,0.000000e+00,0.000000e+00,0.000000e+00,0.000000e+00,0.000000e+00,0.000000e+00,0.000000e+00,0.000000e+00,0.000000e+00,0.000000e+00,0.000000e+00,0.000000e+00,0.000000e+00,0.000000e+00
1.000000e+00,0.000000e+00,0.000000e+00,0.000000e+00,0.000000e+00,0.000000e+00,0.000000e+00,0.000000e+00,0.000000e+00,0.000000e+00,0.000000e+00,0.000000e+00,0.000000e+00,0.000000e+00,0.000000e+00
1.000000e+00,0.000000e+00,0.000000e+00,0.000000e+00,0.000000e+00,0.000000e+00,0.000000e+00,0.000000e+00,0.000000e+00,0.000000e+00,0.000000e+00,0.000000e+00,0.000000e+00,0.000000e+00,0.000000e+00
1.000000e+00,0.000000e+00,0.000000e+00,0.000000e+00,0.000000e+00,0.000000e+00,0.000000e+00,0.000000e+00,0.000000e+00,0.000000e+00,0.000000e+00,0.000000e+00,0.000000e+00,0.000000e+00,0.000000e+00
1.000000e+00,0.000000e+00,0.000000e+00,0.000000e+00,0.000000e+00,0.000000e+00,0.000000e+00,0.000000e+00,0.000000e+00,0.000000e+00,0.000000e+00,0.000000e+00,0.000000e+00,0.000000e+00,0.000000e+00
1.000000e+00,0.000000e+00,0.000000e+00,0.000000e+00,0.000000e+00,0.000000e+00,0.000000e+00,0.000000e+00,0.000000e+00,0.000000e+00,0.000000e+00,0.000000e+00,0.000000e+00,0.000000e+00,0.000000e+00
1.000000e+00,0.000000e+00,0.000000e+00,0.000000e+00,0.000000e+00,0.000000e+00,0.000000e+00,0.000000e+00,0.000000e+00,0.000000e+00,0.000000e+00,0.000000e+00,0.000000e+00,0.000000e+00,0.000000e+00
1.000000e+00,0.000000e+00,0.000000e+00,0.000000e+00,0.000000e+00,0.000000e+00,0.000000e+00,0.000000e+00,0.000000e+00,0.000000e+00,0.000000e+00,0.000000e+00,0.000000e+00,0.000000e+00,0.000000e+00
1.000000e+00,0.000000e+00,0.000000e+00,0.000000e+00,0.000000e+00,0.000000e+00,0.000000e+00,0.000000e+00,0.000000e+00,0.000000e+00,0.000000e+00,0.000000e+00,0.000000e+00,0.000000e+00,0.000000e+00
1.000000e+00,0.000000e+00,0.000000e+00,0.000000e+00,0.000000e+00,0.000000e+00,0.000000e+00,0.000000e+00,0.000000e+00,0.000000e+00,0.000000e+00,0.000000e+00,0.000000e+00,0.000000e+00,0.000000e+00
1.000000e+00,0.000000e+00,0.000000e+00,0.000000e+00,0.000000e+00,0.000000e+00,0.000000e+00,0.000000e+00,0.000000e+00,0.000000e+00,0.000000e+00,0.000000e+00,0.000000e+00,0.000000e+00,0.000000e+00
1.000000e+00,0.000000e+00,0.000000e+00,0.000000e+00,0.000000e+00,0.000000e+00,0.000000e+00,0.000000e+00,0.000000e+00,0.000000e+00,0.000000e+00,0.000000e+00,0.000000e+00,0.000000e+00,0.000000e+00
1.000000e+00,0.000000e+00,0.000000e+00,0.000000e+00,0.000000e+00,0.000000e+00,0.000000e+00,0.000000e+00,0.000000e+00,0.000000e+00,0.000000e+00,0.000000e+00,0.000000e+00,0.000000e+00,0.000000e+00
1.000000e+00,0.000000e+00,0.000000e+00,0.000000e+00,0.000000e+00,0.000000e+00,0.000000e+00,0.000000e+00,0.000000e+00,0.000000e+00,0.000000e+00,0.000000e+00,0.000000e+00,0.000000e+00,0.000000e+00
1.000000e+00,0.000000e+00,0.000000e+00,0.000000e+00,0.000000e+00,0.000000e+00,0.000000e+00,0.000000e+00,0.000000e+00,0.000000e+00,0.000000e+00,0.000000e+00,0.000000e+00,0.000000e+00,0.000000e+00
1.000000e+00,0.000000e+00,0.000000e+00,0.000000e+00,0.000000e+00,0.000000e+00,0.000000e+00,0.000000e+00,0.000000e+00,0.000000e+00,0.000000e+00,0.000000e+00,0.000000e+00,0.000000e+00,0.000000e+00
1.000000e+00,0.000000e+00,0.000000e+00,0.000000e+00,0.000000e+00,0.000000e+00,0.000000e+00,0.000000e+00,0.000000e+00,0.000000e+00,0.000000e+00,0.000000e+00,0.000000e+00,0.000000e+00,0.000000e+00
1.000000e+00,0.000000e+00,0.000000e+00,0.000000e+00,0.000000e+00,0.000000e+00,0.000000e+00,0.000000e+00,0.000000e+00,0.000000e+00,0.000000e+00,0.000000e+00,0.000000e+00,0.000000e+00,0.000000e+00
1.000000e+00,0.000000e+00,0.000000e+00,0.000000e+00,0.000000e+00,0.000000e+00,0.000000e+00,0.000000e+00,0.000000e+00,0.000000e+00,0.000000e+00,0.000000e+00,0.000000e+00,0.000000e+00,0.000000e+00
1.000000e+00,0.000000e+00,0.000000e+00,0.000000e+00,0.000000e+00,0.000000e+00,0.000000e+00,0.000000e+00,0.000000e+00,0.000000e+00,0.000000e+00,0.000000e+00,0.000000e+00,0.000000e+00,0.000000e+00
1.000000e+00,0.000000e+00,0.000000e+00,0.000000e+00,0.000000e+00,0.000000e+00,0.000000e+00,0.000000e+00,0.000000e+00,0.000000e+00,0.000000e+00,0.000000e+00,0.000000e+00,0.000000e+00,0.000000e+00
1.000000e+00,0.000000e+00,0.000000e+00,0.000000e+00,0.000000e+00,0.000000e+00,0.000000e+00,0.000000e+00,0.000000e+00,0.000000e+00,0.000000e+00,0.000000e+00,0.000000e+00,0.000000e+00,0.000000e+00
1.000000e+00,0.000000e+00,0.000000e+00,0.000000e+00,0.000000e+00,0.000000e+00,0.000000e+00,0.000000e+00,0.000000e+00,0.000000e+00,0.000000e+00,0.000000e+00,0.000000e+00,0.000000e+00,0.000000e+00
1.000000e+00,0.000000e+00,0.000000e+00,0.000000e+00,0.000000e+00,0.000000e+00,0.000000e+00,0.000000e+00,0.000000e+00,0.000000e+00,0.000000e+00,0.000000e+00,0.000000e+00,0.000000e+00,0.000000e+00
1.000000e+00,0.000000e+00,0.000000e+00,0.000000e+00,0.000000e+00,0.000000e+00,0.000000e+00,0.000000e+00,0.000000e+00,0.000000e+00,0.000000e+00,0.000000e+00,0.000000e+00,0.000000e+00,0.000000e+00
1.000000e+00,0.000000e+00,0.000000e+00,0.000000e+00,0.000000e+00,0.000000e+00,0.000000e+00,0.000000e+00,0.000000e+00,0.000000e+00,0.000000e+00,0.000000e+00,0.000000e+00,0.000000e+00,0.000000e+00
1.000000e+00,0.000000e+00,0.000000e+00,0.000000e+00,0.000000e+00,0.000000e+00,0.000000e+00,0.000000e+00,0.000000e+00,0.000000e+00,0.000000e+00,0.000000e+00,0.000000e+00,0.000000e+00,0.000000e+00
4.392480e-01,5.529778e-02,2.069975e-01,1.952386e-01,5.819975e-03,1.232696e-02,2.885695e-03,1.277695e-02,5.085676e-03,2.918684e-03,7.049949e-03,1.420535e-02,1.089366e-02,2.064100e-03,2.719113e-02
3.269485e-01,4.884338e-02,3.435558e-01,1.700565e-01,4.784327e-03,1.368585e-02,2.469143e-03,1.294548e-02,4.467136e-03,3.330675e-03,6.379334e-03,1.420109e-02,9.644250e-03,2.271932e-03,3.641672e-02
2.806546e-01,4.015737e-02,4.274178e-01,1.513094e-01,5.877151e-03,1.243037e-02,2.253046e-03,1.221705e-02,5.080132e-03,3.017020e-03,5.531691e-03,1.307191e-02,8.471459e-03,2.160371e-03,3.035060e-02
4.324825e-01,3.077959e-02,3.322229e-01,1.118694e-01,6.307253e-03,1.232506e-02,2.237564e-03,1.102960e-02,4.660283e-03,2.558241e-03,5.305231e-03,1.176090e-02,9.621058e-03,2.102062e-03,2.473835e-02
4.112824e-01,2.870400e-02,3.460060e-01,1.301633e-01,8.427478e-03,1.062228e-02,1.898720e-03,1.007693e-02,4.281986e-03,2.111322e-03,4.815299e-03,1.097653e-02,8.964128e-03,1.731622e-03,1.993809e-02
1.000000e+00,0.000000e+00,0.000000e+00,0.000000e+00,0.000000e+00,0.000000e+00,0.000000e+00,0.000000e+00,0.000000e+00,0.000000e+00,0.000000e+00,0.000000e+00,0.000000e+00,0.000000e+00,0.000000e+00
1.000000e+00,0.000000e+00,0.000000e+00,0.000000e+00,0.000000e+00,0.000000e+00,0.000000e+00,0.000000e+00,0.000000e+00,0.000000e+00,0.000000e+00,0.000000e+00,0.000000e+00,0.000000e+00,0.000000e+00
1.000000e+00,0.000000e+00,0.000000e+00,0.000000e+00,0.000000e+00,0.000000e+00,0.000000e+00,0.000000e+00,0.000000e+00,0.000000e+00,0.000000e+00,0.000000e+00,0.000000e+00,0.000000e+00,0.000000e+00
1.000000e+00,0.000000e+00,0.000000e+00,0.000000e+00,0.000000e+00,0.000000e+00,0.000000e+00,0.000000e+00,0.000000e+00,0.000000e+00,0.000000e+00,0.000000e+00,0.000000e+00,0.000000e+00,0.000000e+00
1.000000e+00,0.000000e+00,0.000000e+00,0.000000e+00,0.000000e+00,0.000000e+00,0.000000e+00,0.000000e+00,0.000000e+00,0.000000e+00,0.000000e+00,0.000000e+00,0.000000e+00,0.000000e+00,0.000000e+00
1.000000e+00,0.000000e+00,0.000000e+00,0.000000e+00,0.000000e+00,0.000000e+00,0.000000e+00,0.000000e+00,0.000000e+00,0.000000e+00,0.000000e+00,0.000000e+00,0.000000e+00,0.000000e+00,0.000000e+00
1.000000e+00,0.000000e+00,0.000000e+00,0.000000e+00,0.000000e+00,0.000000e+00,0.000000e+00,0.000000e+00,0.000000e+00,0.000000e+00,0.000000e+00,0.000000e+00,0.000000e+00,0.000000e+00,0.000000e+00
1.000000e+00,0.000000e+00,0.000000e+00,0.000000e+00,0.000000e+00,0.000000e+00,0.000000e+00,0.000000e+00,0.000000e+00,0.000000e+00,0.000000e+00,0.000000e+00,0.000000e+00,0.000000e+00,0.000000e+00
1.000000e+00,0.000000e+00,0.000000e+00,0.000000e+00,0.000000e+00,0.000000e+00,0.000000e+00,0.000000e+00,0.000000e+00,0.000000e+00,0.000000e+00,0.000000e+00,0.000000e+00,0.000000e+00,0.000000e+00
1.000000e+00,0.000000e+00,0.000000e+00,0.000000e+00,0.000000e+00,0.000000e+00,0.000000e+00,0.000000e+00,0.000000e+00,0.000000e+00,0.000000e+00,0.000000e+00,0.000000e+00,0.000000e+00,0.000000e+00
1.000000e+00,0.000000e+00,0.000000e+00,0.000000e+00,0.000000e+00,0.000000e+00,0.000000e+00,0.000000e+00,0.000000e+00,0.000000e+00,0.000000e+00,0.000000e+00,0.000000e+00,0.000000e+00,0.000000e+00
1.000000e+00,0.000000e+00,0.000000e+00,0.000000e+00,0.000000e+00,0.000000e+00,0.000000e+00,0.000000e+00,0.000000e+00,0.000000e+00,0.000000e+00,0.000000e+00,0.000000e+00,0.000000e+00,0.000000e+00
1.000000e+00,0.000000e+00,0.000000e+00,0.000000e+00,0.000000e+00,0.000000e+00,0.000000e+00,0.000000e+00,0.000000e+00,0.000000e+00,0.000000e+00,0.000000e+00,0.000000e+00,0.000000e+00,0.000000e+00
4.270331e-01,7.104450e-03,1.233928e-02,9.438555e-03,2.737973e-03,9.397976e-02,1.607747e-03,4.448765e-03,5.236312e-03,3.220710e-02,4.341255e-03,6.396333e-03,8.330450e-03,7.337548e-02,3.114234e-01
3.088745e-01,6.354108e-03,9.001497e-03,7.444559e-03,2.067717e-03,6.939712e-02,1.178778e-03,3.343076e-03,2.827463e-02,2.435216e-02,8.543090e-03,4.896543e-03,6.728265e-03,1.072483e-01,4.122956e-01
2.237426e-01,1.462838e-02,9.696703e-03,1.077248e-02,2.545158e-03,8.309658e-02,1.131242e-03,2.703564e-03,3.440192e-02,2.492459e-02,8.856232e-03,3.846241e-03,5.518165e-03,1.042052e-01,4.699310e-01
1.658467e-01,1.396089e-02,8.004893e-03,8.169806e-03,5.344492e-03,1.096744e-01,9.260303e-04,2.347314e-03,2.589598e-02,3.000020e-02,9.347383e-03,3.588566e-03,5.912412e-03,1.407896e-01,4.701914e-01
1.169307e-01,1.101596e-02,8.320858e-03,6.571114e-03,4.210817e-03,7.757840e-02,6.799625e-04,1.707282e-03,8.346973e-02,2.474910e-02,1.916876e-02,3.367301e-03,5.028805e-03,1.547461e-01,4.824551e-01
8.798641e-02,8.836357e-03,7.293618e-03,6.035491e-03,3.382987e-03,5.559507e-02,5.742616e-04,1.561518e-03,1.235376e-01,2.134356e-02,4.434210e-02,5.442598e-03,4.886383e-03,1.464731e-01,4.827089e-01
6.266955e-02,6.757644e-03,5.820450e-03,5.070812e-03,3.256032e-03,3.963839e-02,5.070183e-04,1.273612e-03,2.103984e-01,2.523982e-02,8.605298e-02,4.738102e-03,4.989427e-03,1.818520e-01,3.617357e-01
4.442181e-02,5.285427e-03,4.847040e-03,4.727890e-03,3.258263e-03,4.289858e-02,4.986003e-04,1.895708e-03,1.767800e-01,1.990854e-02,1.645470e-01,5.237052e-03,7.212955e-03,2.579274e-01,2.605538e-01
3.136950e-02,3.917329e-03,3.875795e-03,4.457166e-03,3.058993e-03,5.280906e-02,4.413905e-04,1.572255e-03,1.431075e-01,1.684128e-02,2.763812e-01,6.079260e-03,8.432064e-03,2.632245e-01,1.844327e-01
2.222974e-02,4.712380e-03,3.141511e-03,3.599993e-03,4.740372e-03,9.380352e-02,4.864471e-04,1.396129e-03,1.063272e-01,1.352092e-02,2.996714e-01,6.412917e-03,1.117092e-02,2.985190e-01,1.302676e-01
1.638074e-02,4.184576e-03,5.974014e-03,3.278692e-03,8.031731e-03,8.864561e-02,8.297176e-04,4.042929e-03,8.961181e-02,1.089904e-02,2.944759e-01,5.882341e-03,9.195764e-03,3.663960e-01,9.217110e-02
1.218218e-02,1.033758e-02,7.226380e-03,3.707417e-03,1.008413e-02,1.172374e-01,8.676255e-04,4.508759e-03,1.104563e-01,9.267926e-03,2.627635e-01,5.961814e-03,6.947478e-03,3.732111e-01,6.524039e-02
9.786915e-03,8.223347e-03,6.027372e-03,3.146857e-03,7.577901e-03,1.471754e-01,8.291405e-04,4.250606e-03,1.206845e-01,7.216163e-03,2.570280e-01,5.376169e-03,5.273968e-03,3.713399e-01,4.606375e-02
7.057419e-03,5.947921e-03,4.499316e-03,2.422256e-03,5.476350e-03,1.250126e-01,6.057477e-04,3.202857e-03,9.526274e-02,5.885987e-03,2.606290e-01,4.611744e-03,3.987965e-03,4.429221e-01,3.247587e-02
5.204147e-03,4.285916e-03,4.680334e-03,2.052473e-03,4.263740e-03,9.345187e-02,4.796249e-04,3.110792e-03,7.271645e-02,5.505406e-03,2.525084e-01,3.773137e-03,3.104548e-03,5.219476e-01,2.291552e-02
3.844227e-03,3.152993e-03,3.456676e-03,1.654594e-03,3.196979e-03,8.576198e-02,3.806777e-04,2.302010e-03,5.458280e-02,5.165937e-03,2.458031e-01,3.365001e-03,2.935579e-03,5.682610e-01,1.613651e-02
3.041294e-03,2.565118e-03,5.902367e-03,1.973157e-03,3.580646e-03,8.295055e-02,7.719375e-04,3.358683e-03,5.164748e-02,8.175420e-03,2.395667e-01,3.507126e-03,7.082713e-03,5.737474e-01,1.212933e-02
2.919609e-03,2.096409e-03,5.881644e-03,2.111292e-03,3.208527e-03,9.175345e-02,7.206071e-04,3.681774e-03,4.513894e-02,8.409197e-03,2.493382e-01,3.603869e-03,6.892290e-03,5.655481e-01,8.696048e-03
3.244067e-03,3.218763e-03,5.225959e-03,2.683064e-03,4.248735e-03,1.063799e-01,1.261413e-03,3.669299e-03,5.085799e-02,1.230422e-02,2.438214e-01,3.235070e-03,5.827291e-03,5.470294e-01,6.993480e-03
3.196032e-03,5.158826e-03,5.986540e-03,5.867337e-03,4.882995e-03,2.323795e-01,1.075831e-03,1.090047e-02,6.024786e-02,1.726570e-02,1.883886e-01,2.582655e-03,4.631439e-03,4.516711e-01,5.765035e-03
2.434820e-03,4.799712e-03,4.536855e-03,4.521669e-03,3.979464e-03,4.233325e-01,8.005100e-04,8.448684e-03,6.012896e-02,1.323241e-02,1.348662e-01,1.893781e-03,3.525282e-03,3.293516e-01,4.147551e-03
2.202054e-03,5.451238e-03,4.588604e-03,4.230125e-03,3.505809e-03,5.642484e-01,6.075556e-04,1.327424e-02,4.907081e-02,1.110348e-02,9.634051e-02,1.373256e-03,2.586524e-03,2.382131e-01,3.204308e-03
2.058240e-03,5.523547e-03,5.351837e-03,3.621563e-03,2.883556e-03,6.732537e-01,4.524474e-04,1.233689e-02,3.973661e-02,9.805321e-03,6.854185e-02,9.965822e-04,1.908543e-03,1.705916e-01,2.937743e-03
2.311562e-03,5.628704e-03,1.078716e-02,9.532697e-03,3.075839e-03,7.268105e-01,3.591156e-04,1.499886e-02,3.482996e-02,1.233291e-02,4.910849e-02,8.646037e-04,1.514151e-03,1.208913e-01,6.954233e-03
6.607836e-03,1.008369e-02,1.364463e-02,7.513907e-03,3.967079e-03,7.596711e-01,3.268830e-04,1.418858e-02,3.585675e-02,1.227950e-02,3.623619e-02,7.009249e-04,1.236136e-03,8.728675e-02,1.040000e-02
1.048890e-02,8.806126e-03,1.449889e-02,8.990579e-03,6.557914e-03,7.775362e-01,3.509723e-04,2.843082e-02,3.259938e-02,1.163508e-02,2.607696e-02,6.475932e-04,1.028516e-03,6.200235e-02,1.034971e-02
3.676342e-02,9.773349e-03,1.469966e-02,8.732092e-03,1.756121e-02,7.521017e-01,5.573097e-04,2.466311e-02,3.185734e-02,1.272042e-02,2.004847e-02,5.283302e-04,8.390498e-04,4.610367e-02,2.305079e-02
4.121052e-02,2.123252e-02,3.301851e-02,4.648161e-02,2.900853e-02,6.005190e-01,9.402038e-04,5.141287e-02,5.036341e-02,2.222800e-02,1.458673e-02,8.382794e-04,8.384978e-04,3.270332e-02,5.461795e-02
6.065208e-02,2.046594e-02,3.425314e-02,3.783091e-02,3.174725e-02,5.964470e-01,1.520667e-03,5.061220e-02,4.245069e-02,2.173219e-02,1.130941e-02,7.382411e-04,8.047089e-04,2.379247e-02,6.564315e-02
6.533100e-02,1.789554e-02,3.835329e-02,5.517425e-02,4.933647e-02,4.928440e-01,2.877677e-03,1.164653e-01,4.754259e-02,2.172952e-02,8.732038e-03,8.774839e-04,9.978974e-04,1.737291e-02,6.446996e-02
8.088501e-02,1.762152e-02,3.715273e-02,5.952641e-02,6.704669e-02,3.978291e-01,1.471663e-02,1.553321e-01,4.050006e-02,3.124971e-02,6.989702e-03,9.108363e-04,1.761305e-03,1.288759e-02,7.559063e-02
6.464431e-02,1.507862e-02,4.246557e-02,4.466257e-02,5.450503e-02,2.865132e-01,1.674383e-02,1.200642e-01,3.344201e-02,1.668866e-01,6.081954e-03,8.676456e-04,2.359053e-03,9.487094e-03,1.361984e-01
4.539013e-02,1.099245e-02,5.806810e-02,3.139311e-02,3.931784e-02,2.008706e-01,1.378889e-02,8.526098e-02,2.402069e-02,3.744484e-01,5.051706e-03,7.018680e-04,2.066869e-03,6.722119e-03,1.019063e-01
3.180290e-02,7.931577e-03,5.371750e-02,2.232533e-02,2.883607e-02,1.413490e-01,1.238848e-02,6.115067e-02,1.703159e-02,5.280901e-01,1.007788e-02,3.121977e-03,3.589066e-03,5.006971e-03,7.358092e-02
2.237490e-02,7.465608e-03,4.047645e-02,1.612622e-02,2.097106e-02,9.996095e-02,9.765405e-03,4.295851e-02,1.450777e-02,5.625434e-01,4.614147e-02,3.041022e-02,2.197716e-02,9.406215e-03,5.491469e-02
1.584452e-02,6.510295e-03,2.913001e-02,1.145099e-02,1.526208e-02,7.037913e-02,7.582263e-03,3.023897e-02,1.299675e-02,6.237639e-01,6.129491e-02,3.559545e-02,2.613841e-02,1.385587e-02,3.995650e-02
1.144704e-02,1.106727e-02,2.176589e-02,8.430571e-03,1.207839e-02,5.072916e-02,6.152113e-03,2.126618e-02,1.460209e-02,5.768794e-01,7.411486e-02,4.349628e-02,3.486723e-02,8.097126e-02,3.213225e-02
8.440932e-03,1.378340e-02,1.624452e-02,6.249702e-03,8.700074e-03,3.585681e-02,4.583321e-03,1.494749e-02,1.605028e-02,4.888970e-01,1.276769e-01,5.863087e-02,3.616878e-02,1.390514e-01,2.471844e-02
6.487759e-03,1.029151e-02,1.328803e-02,6.131094e-03,6.349274e-03,3.118563e-02,3.286131e-03,1.067070e-02,3.995733e-02,4.080168e-01,1.812798e-01,5.115798e-02,3.061312e-02,1.767837e-01,2.450111e-02
6.644884e-03,7.960196e-03,1.001447e-02,6.497379e-03,4.933885e-03,2.355306e-02,2.374303e-03,7.755701e-03,7.463097e-02,3.270746e-01,1.790300e-01,3.815456e-02,2.269435e-02,2.677110e-01,2.097071e-02
7.833860e-03,6.861335e-03,7.423074e-03,5.690372e-03,4.028827e-03,1.772688e-02,1.714892e-03,5.624323e-03,7.796583e-02,2.433660e-01,1.664250e-01,2.796554e-02,1.678794e-02,3.917744e-01,1.881171e-02
7.052252e-03,5.868820e-03,5.610732e-03,4.391154e-03,3.201095e-03,1.303807e-02,1.238342e-03,4.029095e-03,8.900614e-02,1.757306e-01,1.327886e-01,1.989414e-02,1.219318e-02,5.096395e-01,1.631836e-02
5.088360e-03,5.934347e-03,4.654864e-03,3.128331e-03,2.535837e-03,9.318438e-03,8.728511e-04,2.834710e-03,7.352386e-02,1.239801e-01,1.109295e-01,1.404424e-02,8.655715e-03,6.210534e-01,1.344544e-02
3.890783e-03,5.209362e-03,5.168650e-03,2.587880e-03,2.071563e-03,7.482803e-03,6.293490e-04,2.366329e-03,9.302671e-02,8.734353e-02,8.170339e-02,9.950936e-03,6.388704e-03,6.789864e-01,1.319368e-02
3.987875e-03,5.431963e-03,5.163613e-03,2.205211e-03,1.719952e-03,7.471322e-03,4.683627e-04,2.102500e-03,9.099264e-02,6.165218e-02,5.874252e-02,7.157861e-03,4.733927e-03,7.374665e-01,1.070367e-02
4.090867e-03,5.297112e-03,4.406170e-03,2.199283e-03,2.012875e-03,6.660604e-03,3.613572e-04,3.256984e-03,1.001388e-01,4.382171e-02,4.368495e-02,5.367829e-03,3.734545e-03,7.662833e-01,8.683705e-03
3.506858e-03,5.385900e-03,4.643986e-03,2.221305e-03,2.267427e-03,5.798095e-03,2.718742e-04,7.124658e-03,1.560967e-01,3.195738e-02,3.931078e-02,4.129887e-03,3.450094e-03,7.260782e-01,7.756951e-03
3.427370e-03,7.199792e-03,4.652999e-03,1.720570e-03,2.472553e-03,4.645483e-03,1.998750e-04,7.443962e-03,2.122764e-01,2.379976e-02,3.705800e-02,3.080411e-03,2.843395e-03,6.819206e-01,7.258812e-03
2.942530e-03,7.787036e-03,3.886557e-03,1.257728e-03,1.964418e-03,3.582775e-03,1.421685e-04,5.528489e-03,2.165806e-01,1.709272e-02,2.831363e-02,2.240189e-03,2.117017e-03,7.002313e-01,6.332890e-03
3.861725e-03,7.841327e-03,4.395406e-03,1.092062e-03,4.069582e-03,4.349189e-03,1.073066e-04,6.677678e-03,3.089627e-01,1.245036e-02,2.062085e-02,1.607891e-03,1.591756e-03,6.174592e-01,4.912911e-03
3.826445e-03,8.586342e-03,1.168318e-02,3.466201e-03,1.791268e-02,4.105581e-03,8.764751e-05,2.866903e-02,4.262571e-01,9.852486e-03,1.509145e-02,1.190644e-03,1.294982e-03,4.639112e-01,4.065103e-03
5.992942e-03,8.917890e-03,1.367009e-02,4.721989e-03,2.470782e-02,8.346081e-03,8.699305e-05,3.681719e-02,5.079013e-01,7.743406e-03,1.100298e-02,8.888530e-04,1.058740e-03,3.647423e-01,3.401463e-03
8.576084e-03,8.207905e-03,2.759293e-02,4.817673e-03,4.374157e-02,7.089101e-03,1.026931e-04,4.881181e-02,5.287195e-01,5.875191e-03,8.187020e-03,6.572687e-04,7.817202e-04,3.036471e-01,3.192457e-03
1.392563e-02,6.444953e-03,3.500663e-02,6.514132e-03,5.305703e-02,6.246963e-03,1.030619e-04,5.770493e-02,5.315799e-01,4.584526e-03,6.330130e-03,4.757833e-04,5.825427e-04,2.744519e-01,2.991854e-03
1.999629e-02,5.313741e-03,2.598986e-02,6.122482e-03,4.799448e-02,4.935324e-03,7.927154e-05,4.607217e-02,6.254587e-01,4.145112e-03,5.206915e-03,3.496049e-04,4.576741e-04,2.051249e-01,2.753528e-03
2.754510e-02,4.440348e-03,2.034039e-02,8.266628e-03,4.299822e-02,3.995835e-03,7.019078e-05,4.304672e-02,6.906556e-01,3.666400e-03,4.220006e-03,2.877776e-04,3.959798e-04,1.471087e-01,2.962033e-03
4.024727e-02,4.770705e-03,2.047687e-02,4.067503e-02,4.047550e-02,3.594413e-03,1.607353e-04,4.697340e-02,6.835182e-01,3.692531e-03,4.097566e-03,5.136539e-04,6.000968e-04,1.056960e-01,4.508057e-03
4.903848e-02,4.323866e-03,1.936202e-02,3.747769e-02,4.345277e-02,3.169893e-03,2.135409e-04,6.546432e-02,6.856264e-01,3.328813e-03,4.976090e-03,7.167713e-04,7.797458e-04,7.770187e-02,4.367795e-03
5.253891e-02,4.029906e-03,1.853550e-02,3.829858e-02,3.693321e-02,3.535427e-03,2.764091e-04,5.361800e-02,7.114221e-01,3.019427e-03,8.786594e-03,1.744989e-03,1.696821e-03,5.924381e-02,6.320305e-03
4.260809e-02,3.907180e-03,1.910707e-02,6.998661e-02,3.094152e-02,4.517355e-03,3.382544e-04,4.341485e-02,5.423959e-01,3.756979e-03,1.615639e-01,5.699613e-03,1.123790e-02,5.091351e-02,9.611349e-03
3.052698e-02,4.638986e-03,2.653844e-02,1.175357e-01,2.265661e-02,3.591700e-03,3.072393e-04,3.109673e-02,4.089874e-01,4.292225e-03,2.666983e-01,8.690873e-03,1.815833e-02,4.554016e-02,1.074035e-02
2.197853e-02,3.484075e-03,1.995001e-02,8.561295e-02,1.642267e-02,2.967561e-03,2.521185e-04,2.187737e-02,2.921363e-01,8.855971e-03,3.626744e-01,2.000014e-02,2.718572e-02,9.970161e-02,1.690058e-02
1.594835e-02,2.614500e-03,1.495636e-02,6.123450e-02,1.203021e-02,2.441834e-03,2.264414e-04,1.540519e-02,2.081694e-01,2.879233e-02,4.044400e-01,3.083929e-02,3.007083e-02,1.400587e-01,3.277207e-02
1.138325e-02,1.951953e-03,1.072530e-02,4.306389e-02,8.794256e-03,2.269674e-03,1.935399e-04,1.084049e-02,1.470304e-01,4.552846e-02,4.816086e-01,3.522017e-02,2.546787e-02,1.356060e-01,4.031617e-02
8.397338e-03,1.506185e-03,7.694682e-03,3.034349e-02,6.762975e-03,1.984296e-03,2.881362e-04,7.712713e-03,1.040691e-01,8.652535e-02,4.749995e-01,4.210854e-02,2.244443e-02,1.486110e-01,5.655218e-02
6.500604e-03,1.128637e-03,5.482658e-03,2.141224e-02,5.041388e-03,1.909266e-03,3.658785e-04,5.489498e-03,7.370129e-02,1.159203e-01,4.751043e-01,5.961013e-02,1.818962e-02,1.389597e-01,7.118437e-02
5.205222e-03,8.269112e-04,3.932929e-03,1.529946e-02,4.226947e-03,2.516861e-03,4.272443e-04,3.938396e-03,5.224178e-02,1.572278e-01,4.401820e-01,1.122356e-01,1.691207e-02,1.074856e-01,7.734108e-02
4.427662e-03,6.228994e-04,2.905616e-03,1.098663e-02,4.006993e-03,2.708756e-03,3.942662e-04,2.843272e-03,3.735374e-02,1.821792e-01,4.010602e-01,1.867097e-01,1.487609e-02,8.291379e-02,6.601110e-02
4.044763e-03,7.968204e-04,2.613176e-03,7.900248e-03,5.554984e-03,2.466614e-03,3.657643e-04,2.251384e-03,3.721350e-02,2.106914e-01,3.360386e-01,2.598100e-01,1.409822e-02,6.579618e-02,5.035827e-02
3.194595e-03,6.727563e-04,2.057452e-03,5.625346e-03,4.245538e-03,2.986973e-03,3.254026e-04,1.838946e-03,2.652324e-02,1.668113e-01,2.508835e-01,4.405225e-01,1.051228e-02,4.827133e-02,3.552880e-02
2.537820e-03,5.563718e-04,1.619184e-03,3.978456e-03,3.316133e-03,3.173983e-03,2.665867e-04,1.377164e-03,1.903722e-02,1.291249e-01,1.918221e-01,5.750479e-01,7.747216e-03,3.541115e-02,2.498377e-02
2.170165e-03,6.135262e-04,1.494811e-03,2.890188e-03,5.988552e-03,3.920534e-03,1.993039e-03,4.213422e-03,1.538257e-02,1.011318e-01,1.422971e-01,6.693077e-01,5.804704e-03,2.518991e-02,1.760188e-02
2.155474e-03,6.863516e-04,1.927248e-03,2.102795e-03,3.225770e-02,5.781453e-03,5.836809e-03,5.772537e-03,1.427733e-02,7.745073e-02,1.206134e-01,6.953276e-01,4.963425e-03,1.830532e-02,1.254178e-02
3.793370e-03,5.372721e-03,2.050933e-02,1.717452e-03,9.333087e-02,1.205739e-02,9.615965e-03,5.494898e-03,2.013166e-02,6.492618e-02,9.328166e-02,6.399715e-01,5.640151e-03,1.449269e-02,9.664137e-03
4.872071e-03,4.214762e-03,1.523306e-02,1.351492e-03,1.050614e-01,1.048164e-02,9.208245e-03,4.850165e-03,2.662729e-02,5.466979e-02,7.175627e-02,6.675869e-01,6.314914e-03,1.078627e-02,6.985667e-03
3.860256e-03,3.883698e-03,1.157350e-02,1.031512e-03,8.429486e-02,7.644289e-03,6.669628e-03,4.141415e-03,3.590081e-02,4.039503e-02,5.403158e-02,7.270937e-01,6.637913e-03,7.904254e-03,4.937559e-03
3.388971e-03,5.107234e-03,1.086799e-02,8.247448e-04,9.206799e-02,6.760692e-03,5.413287e-03,6.019602e-03,9.773913e-02,3.031125e-02,4.211732e-02,6.823013e-01,7.543169e-03,5.989135e-03,3.548091e-03
3.179022e-03,1.123909e-02,1.138889e-02,6.450325e-04,8.138731e-02,5.798803e-03,4.138471e-03,7.960646e-03,1.958071e-01,2.310068e-02,3.260145e-02,6.077300e-01,7.972629e-03,4.464308e-03,2.586598e-03
3.378429e-03,1.191335e-02,1.643950e-02,5.816178e-04,7.548474e-02,5.303489e-03,3.147271e-03,1.876111e-02,2.399789e-01,1.997550e-02,2.561249e-02,5.645965e-01,9.305906e-03,3.577479e-03,1.943701e-03
3.377786e-03,1.104863e-02,2.084475e-02,7.810047e-04,6.766399e-02,4.346535e-03,2.645592e-03,7.385666e-02,2.962533e-01,1.742289e-02,2.051785e-02,4.643911e-01,1.252889e-02,2.812037e-03,1.508961e-03
3.007843e-03,1.154589e-02,2.201069e-02,8.279332e-04,5.465300e-02,4.439960e-03,2.125786e-03,1.105634e-01,4.029732e-01,1.365271e-02,1.563478e-02,3.439769e-01,1.123594e-02,2.126326e-03,1.225594e-03
3.836403e-03,1.447633e-02,2.664690e-02,1.554675e-03,5.200823e-02,7.809447e-03,1.766106e-03,1.169484e-01,4.953072e-01,1.103168e-02,1.156746e-02,2.456064e-01,8.683058e-03,1.686493e-03,1.071338e-03
6.207607e-03,1.518263e-02,3.480728e-02,2.530513e-03,7.881349e-02,9.859823e-03,2.439711e-03,1.089704e-01,5.365481e-01,9.974344e-03,9.179022e-03,1.763214e-01,6.578441e-03,1.627458e-03,9.597614e-04
9.215123e-03,1.262059e-02,3.799520e-02,5.767011e-03,1.348058e-01,9.388091e-03,4.156595e-03,1.285488e-01,5.114857e-01,8.458223e-03,6.695290e-03,1.241781e-01,4.761458e-03,1.192064e-03,7.319932e-04
1.972309e-02,1.357569e-02,3.902465e-02,2.175959e-02,1.674744e-01,1.071128e-02,6.051991e-03,1.218285e-01,4.923227e-01,8.813646e-03,5.471321e-03,8.745667e-02,3.732300e-03,1.063010e-03,9.911822e-04
3.176525e-02,1.606946e-02,3.716189e-02,4.870797e-02,1.821445e-01,1.247952e-02,6.801665e-03,1.062010e-01,4.774215e-01,9.397051e-03,4.182563e-03,6.167454e-02,3.392291e-03,9.026801e-04,1.698072e-03
4.648860e-02,1.396671e-02,3.590353e-02,1.049918e-01,1.980906e-01,1.193498e-02,6.653189e-03,1.096834e-01,4.107757e-01,8.815742e-03,3.406528e-03,4.346892e-02,3.116756e-03,7.799684e-04,1.923528e-03
7.509950e-02,1.383769e-02,3.920304e-02,1.301265e-01,2.248929e-01,1.525455e-02,7.125910e-03,9.848902e-02,3.450896e-01,9.514058e-03,3.132184e-03,3.088189e-02,2.968254e-03,8.007038e-04,3.584211e-03
6.969413e-02,1.187348e-02,1.211336e-01,1.927427e-01,2.016253e-01,1.288792e-02,6.451730e-03,8.396408e-02,2.591513e-01,9.350577e-03,2.710809e-03,2.180470e-02,2.335141e-03,5.973695e-04,3.677073e-03
1.032502e-01,1.615826e-02,1.096381e-01,2.076384e-01,2.294180e-01,1.376374e-02,1.004728e-02,6.250601e-02,2.146830e-01,7.476496e-03,2.743948e-03,1.562168e-02,2.138649e-03,4.557487e-04,4.460408e-03
7.660335e-02,1.593368e-02,8.846093e-02,3.091341e-01,2.579191e-01,1.435490e-02,1.171672e-02,4.851500e-02,1.532927e-01,5.408363e-03,2.190645e-03,1.104402e-02,1.623835e-03,3.241174e-04,3.478487e-03
6.402124e-02,1.696889e-02,7.691762e-02,3.842719e-01,2.463115e-01,1.608715e-02,1.049323e-02,4.958056e-02,1.154504e-01,4.544720e-03,2.456097e-03,7.908602e-03,1.452539e-03,2.751583e-04,3.260490e-03
5.237793e-02,3.521879e-02,9.674537e-02,3.806759e-01,2.121066e-01,1.490555e-02,8.034541e-03,3.644251e-02,9.187463e-02,2.196209e-02,1.404608e-02,6.096181e-03,2.568121e-03,1.897849e-03,2.504780e-02
3.694228e-02,4.569753e-02,8.657514e-02,3.666008e-01,1.502781e-01,1.113387e-02,5.725942e-03,2.591024e-02,9.152874e-02,2.568626e-02,1.046581e-01,5.083543e-03,1.455625e-02,2.588052e-03,2.703518e-02
2.600257e-02,3.375022e-02,6.374098e-02,2.747507e-01,1.060867e-01,8.806007e-03,4.094468e-03,1.816098e-02,8.840931e-02,2.172064e-02,2.957546e-01,4.084629e-03,2.240825e-02,7.078856e-03,2.515111e-02
1.840664e-02,2.469557e-02,4.625782e-02,2.117152e-01,7.470842e-02,6.759170e-03,2.950883e-03,1.288798e-02,9.926645e-02,1.718966e-02,4.165705e-01,3.309335e-03,2.638571e-02,1.445813e-02,2.443859e-02
1.353206e-02,1.780324e-02,3.307966e-02,1.513022e-01,5.320722e-02,5.740207e-03,2.177540e-03,9.107936e-03,1.579949e-01,1.484208e-02,4.594586e-01,2.643670e-03,2.380600e-02,3.434533e-02,2.095940e-02
1.060694e-02,1.283237e-02,2.333301e-02,1.064843e-01,3.820572e-02,4.913282e-03,1.564236e-03,6.443107e-03,1.731144e-01,1.232301e-02,4.805936e-01,2.147475e-03,2.381891e-02,8.363209e-02,1.998762e-02
7.637909e-03,9.095324e-03,1.646663e-02,7.489625e-02,2.682230e-02,3.644670e-03,1.114134e-03,4.545362e-03,4.124353e-01,9.292526e-03,3.368014e-01,1.767346e-03,1.723279e-02,6.114711e-02,1.710104e-02
6.703655e-03,6.921663e-03,1.171881e-02,5.251337e-02,2.001290e-02,3.321469e-03,9.144785e-04,3.233742e-03,3.665009e-01,8.056708e-03,2.455715e-01,1.652889e-03,1.540422e-02,1.839335e-01,7.354018e-02
6.293613e-03,5.340359e-03,8.346231e-03,3.695378e-02,1.577854e-02,4.754621e-03,8.517605e-04,2.424228e-03,3.845348e-01,7.089140e-03,1.898511e-01,2.119956e-03,1.732973e-02,2.388824e-01,7.944977e-02
8.842885e-03,4.053194e-03,6.337552e-03,2.653803e-02,1.186909e-02,6.227104e-03,6.655746e-04,2.180932e-03,4.894873e-01,6.533789e-03,1.454575e-01,2.457157e-03,1.493113e-02,2.126943e-01,6.172457e-02
7.516462e-03,3.631889e-03,5.184890e-03,1.886248e-02,9.601290e-03,6.840572e-03,5.989310e-04,1.750133e-03,5.086833e-01,6.506742e-03,1.190254e-01,2.285180e-03,1.233354e-02,2.453781e-01,5.180109e-02
6.366702e-03,2.749552e-03,3.948701e-03,1.327788e-02,6.968191e-03,5.176189e-03,4.592085e-04,1.301682e-03,4.062729e-01,2.761056e-02,9.376800e-02,1.778467e-03,9.129236e-03,3.761025e-01,4.509022e-02
4.978568e-03,2.427848e-03,3.434328e-03,9.379097e-03,5.073664e-03,3.779487e-03,3.598440e-04,9.497477e-04,3.341284e-01,4.736786e-02,8.401646e-02,1.447983e-03,6.909468e-03,4.580165e-01,3.773075e-02
5.859648e-03,2.407298e-03,3.209235e-03,7.090180e-03,4.803217e-03,3.781526e-03,3.096269e-04,7.330047e-04,4.089185e-01,4.455563e-02,1.060456e-01,1.229704e-03,6.868923e-03,3.730501e-01,3.113775e-02
4.658073e-03,1.768962e-03,2.337791e-03,5.079881e-03,3.622246e-03,3.361693e-03,2.339662e-04,5.243763e-04,4.942936e-01,3.435107e-02,8.313777e-02,9.547598e-04,5.024706e-03,3.365097e-01,2.414141e-02
3.468695e-03,1.325154e-03,1.798004e-03,3.660924e-03,2.731542e-03,3.092819e-03,1.840200e-04,3.757034e-04,5.670408e-01,2.788550e-02,6.204121e-02,7.586781e-04,3.660991e-03,3.028354e-01,1.914057e-02
3.763054e-03,1.123738e-03,1.748047e-03,2.729974e-03,2.232031e-03,4.063616e-03,1.454975e-04,2.900375e-04,5.638142e-01,2.415428e-02,5.111365e-02,8.052300e-04,3.260234e-03,3.253535e-01,1.540303e-02
3.258235e-03,9.986075e-04,2.660539e-03,2.596789e-03,3.819941e-03,3.514288e-03,1.391361e-04,1.973573e-03,5.661013e-01,2.300287e-02,5.553209e-02,1.156624e-03,3.441956e-03,3.193172e-01,1.248688e-02
2.622512e-03,9.207893e-04,3.314088e-03,2.773927e-03,8.569015e-03,3.103298e-03,1.884183e-04,3.715683e-03,5.459336e-01,2.382695e-02,6.142280e-02,1.795661e-03,3.973608e-03,3.274382e-01,1.040141e-02
2.178726e-03,8.689684e-04,3.708069e-03,6.475336e-03,1.273158e-02,3.238027e-03,2.906715e-04,4.641991e-02,4.486246e-01,2.924526e-02,5.813845e-02,2.479556e-03,4.751966e-03,3.721929e-01,8.656040e-03
1.925178e-03,8.424065e-04,8.562312e-03,9.051478e-03,2.270087e-02,3.357460e-03,5.527266e-04,7.552315e-02,3.782221e-01,2.862555e-02,6.091041e-02,2.401714e-03,4.564449e-03,3.940870e-01,8.673144e-03
2.161903e-03,1.339839e-03,2.517995e-02,1.369114e-02,2.593810e-02,5.634804e-03,7.790085e-04,1.404847e-01,3.126345e-01,2.532435e-02,5.857160e-02,2.366573e-03,4.409267e-03,3.726245e-01,8.859778e-03
4.757031e-03,2.523592e-03,3.444495e-02,1.603484e-02,2.269451e-02,6.917061e-03,7.136627e-04,1.597762e-01,2.780716e-01,2.115792e-02,4.668846e-02,1.889268e-03,3.768232e-03,3.884786e-01,1.208408e-02
5.109849e-03,2.202961e-03,3.985839e-02,1.970203e-02,2.226924e-02,5.966291e-03,9.565710e-04,2.739220e-01,2.217865e-01,1.794969e-02,3.771628e-02,1.874354e-03,3.390362e-03,3.359104e-01,1.138521e-02
6.644208e-03,2.059154e-03,3.578242e-02,1.501591e-02,1.618791e-02,4.892179e-03,7.470939e-04,2.074310e-01,1.743376e-01,1.482396e-02,3.083162e-02,1.403379e-03,2.652220e-03,4.676377e-01,1.955367e-02
8.922670e-03,1.876791e-03,3.438199e-02,1.247476e-02,1.193470e-02,3.933294e-03,6.923040e-04,1.671128e-01,1.435308e-01,1.198351e-02,2.338781e-02,1.069814e-03,2.098102e-03,5.500544e-01,2.654630e-02
1.114074e-02,2.186855e-03,1.263520e-01,2.446567e-02,1.084174e-02,3.342839e-03,8.327640e-04,1.491370e-01,1.487527e-01,1.254454e-02,1.988820e-02,9.872734e-04,2.755718e-03,4.472145e-01,3.955761e-02
2.208216e-02,3.440917e-03,1.407560e-01,2.788616e-02,1.248861e-02,3.106786e-03,1.331284e-03,1.576299e-01,1.375011e-01,1.450577e-02,3.174682e-02,1.547166e-03,5.807341e-03,3.984233e-01,4.174682e-02
1.910818e-02,3.902292e-03,1.379947e-01,3.993759e-02,1.164397e-02,2.652344e-03,1.206115e-03,1.240381e-01,1.407280e-01,1.876985e-02,1.241108e-01,4.488953e-03,1.518404e-02,3.075712e-01,4.866397e-02
1.489368e-02,3.622452e-03,1.053571e-01,3.638288e-02,1.310974e-02,2.156585e-03,9.728283e-04,8.981545e-02,1.521111e-01,1.710949e-02,2.251525e-01,7.097137e-03,2.467176e-02,2.644517e-01,4.309560e-02
1.160292e-02,3.244922e-03,7.952054e-02,3.356103e-02,1.487082e-02,1.896416e-03,7.698041e-04,6.430756e-02,1.700414e-01,1.585764e-02,3.071335e-01,8.457825e-03,2.825921e-02,2.240107e-01,3.646564e-02
8.998673e-03,2.772527e-03,5.846378e-02,2.940071e-02,1.383521e-02,1.715712e-03,5.816399e-04,4.591052e-02,1.982307e-01,1.733703e-02,3.660005e-01,8.492758e-03,2.863451e-02,1.897404e-01,2.988533e-02
8.087292e-03,2.437464e-03,4.152619e-02,2.312325e-02,1.290804e-02,1.497311e-03,4.724179e-04,3.256205e-02,2.198879e-01,2.828834e-02,4.103446e-01,9.204546e-03,2.596660e-02,1.569246e-01,2.676943e-02
7.024269e-03,2.134525e-03,2.932955e-02,1.874032e-02,1.202218e-02,1.707958e-03,3.924948e-04,2.303266e-02,2.800527e-01,3.993212e-02,3.961350e-01,1.225699e-02,2.321334e-02,1.284713e-01,2.555466e-02
9.102635e-03,2.097612e-03,2.068232e-02,1.436609e-02,1.210839e-02,1.700521e-03,3.681249e-04,1.624351e-02,2.354138e-01,3.622020e-02,4.581708e-01,2.216058e-02,2.361700e-02,1.226228e-01,2.512562e-02
1.509398e-02,3.479520e-03,1.604991e-02,1.178280e-02,1.169186e-02,1.617135e-03,3.495847e-04,1.150977e-02,1.793904e-01,2.984850e-02,5.222964e-01,2.154322e-02,2.091529e-02,1.332361e-01,2.119556e-02
1.490099e-02,4.106322e-03,1.847042e-02,9.103245e-03,1.127223e-02,2.039863e-03,4.212004e-04,8.434650e-03,1.865811e-01,2.534581e-02,4.360316e-01,3.450499e-02,2.094681e-02,2.100750e-01,1.776576e-02
1.596596e-02,3.855551e-03,2.612455e-02,7.357898e-03,9.747820e-03,4.017536e-03,3.969277e-04,6.279034e-03,1.813297e-01,2.221961e-02,3.842947e-01,2.831071e-02,1.825926e-02,2.687448e-01,2.309598e-02
1.554514e-02,4.178295e-03,2.297299e-02,6.096651e-03,8.247472e-03,7.457566e-03,3.270925e-04,4.591294e-03,1.676188e-01,2.418000e-02,3.631635e-01,2.199002e-02,1.578392e-02,2.849053e-01,5.294199e-02
1.357211e-02,5.051019e-03,2.236990e-02,4.664826e-03,6.500447e-03,1.897519e-02,3.315836e-04,3.474888e-03,1.340706e-01,5.404655e-02,3.548208e-01,1.642120e-02,1.341417e-02,2.706119e-01,8.167478e-02
1.152315e-02,1.487302e-02,3.217473e-02,3.878796e-03,6.531986e-03,2.146252e-02,3.583728e-04,3.064519e-03,1.190089e-01,6.550457e-02,3.112729e-01,1.199002e-02,1.134810e-02,2.237253e-01,1.632832e-01
1.123345e-02,1.970168e-02,8.953547e-02,4.420699e-03,6.392429e-03,3.227083e-02,6.035552e-04,1.644233e-02,1.519918e-01,5.566544e-02,2.881606e-01,8.697156e-03,9.296197e-03,1.818181e-01,1.237703e-01
1.516183e-02,2.313257e-02,1.529751e-01,4.722854e-03,9.483983e-03,7.403079e-02,1.997601e-03,2.019439e-02,1.629221e-01,4.380284e-02,2.277607e-01,6.273429e-03,6.849532e-03,1.606371e-01,9.005522e-02
1.816632e-02,1.829820e-02,1.365612e-01,4.324366e-03,9.371506e-03,1.600560e-01,3.373863e-03,2.053175e-02,1.785525e-01,3.474796e-02,1.835580e-01,4.500303e-03,4.988639e-03,1.572997e-01,6.566970e-02
2.585512e-02,1.504433e-02,2.048101e-01,5.920837e-03,9.747917e-03,2.343228e-01,2.751322e-03,1.684408e-02,1.532391e-01,2.615593e-02,1.335026e-01,3.464393e-03,3.832923e-03,1.167881e-01,4.772038e-02
3.119650e-02,1.317642e-02,3.541670e-01,1.720692e-02,1.079504e-02,1.969787e-01,2.056410e-03,1.544919e-02,1.158160e-01,2.076342e-02,9.621523e-02,2.807772e-03,3.098247e-03,8.339009e-02,3.688310e-02
4.420580e-02,4.346655e-02,4.109669e-01,1.527982e-02,2.422685e-02,1.423558e-01,1.944931e-03,1.950274e-02,9.492377e-02,1.751995e-02,6.945015e-02,2.566335e-03,3.235043e-03,8.219960e-02,2.815576e-02
6.256676e-02,6.729258e-02,4.204363e-01,1.826359e-02,2.667059e-02,1.026990e-01,2.336733e-03,3.409056e-02,9.070215e-02,1.981740e-02,4.975359e-02,2.014728e-03,3.403543e-03,6.942329e-02,3.052929e-02
8.901523e-02,7.006373e-02,4.225181e-01,2.127382e-02,3.155558e-02,7.852893e-02,2.005985e-03,3.440598e-02,8.979592e-02,1.962811e-02,3.743520e-02,1.739010e-03,2.994738e-03,6.349151e-02,3.554816e-02
8.685301e-02,6.686870e-02,4.659312e-01,2.041334e-02,2.653776e-02,5.945715e-02,1.600684e-03,2.781128e-02,7.849701e-02,1.790614e-02,2.717475e-02,1.378515e-03,2.766165e-03,6.504799e-02,5.175629e-02
9.002696e-02,6.047174e-02,5.052793e-01,2.653639e-02,2.800191e-02,4.419864e-02,1.453157e-03,2.725875e-02,7.107785e-02,1.378921e-02,1.985097e-02,1.198126e-03,2.332527e-03,6.375082e-02,4.477367e-02
