1.000000e+00,0.000000e+00,0.000000e+00,0.000000e+00,0.000000e+00,0.000000e+00,0.000000e+00,0.000000e+00,0.000000e+00,0.000000e+00,0.000000e+00,0.000000e+00,0.000000e+00,0.000000e+00,0.000000e+00
1.000000e+00,0.000000e+00,0.000000e+00,0.000000e+00,0.000000e+00,0.000000e+00,0.000000e+00,0.000000e+00,0.000000e+00,0.000000e+00,0.000000e+00,0.000000e+00,0.000000e+00,0.000000e+00,0.000000e+00
1.000000e+00,0.000000e+00,0.000000e+00,0.000000e+00,0.000000e+00,0.000000e+00,0.000000e+00,0.000000e+00,0.000000e+00,0.000000e+00,0.000000e+00,0.000000e+00,0.000000e+00,0.000000e+00,0.000000e+00
1.000000e+00,0.000000e+00,0.000000e+00,0.000000e+00,0.000000e+00,0.000000e+00,0.000000e+00,0.000000e+00,0.000000e+00,0.000000e+00,0.000000e+00,0.000000e+00,0.000000e+00,0.000000e+00,0.000000e+00
1.000000e+00,0.000000e+00,0.000000e+00,0.000000e+00,0.000000e+00,0.000000e+00,0.000000e+00,0.000000e+00,0.000000e+00,0.000000e+00,0.000000e+00,0.000000e+00,0.000000e+00,0.000000e+00,0.000000e+00
1.000000e+00,0.000000e+00,0.000000e+00,0.000000e+00,0.000000e+00,0.000000e+00,0.000000e+00,0.000000e+00,0.000000e+00,0.000000e+00,0.000000e+00,0.000000e+00,0.000000e+00,0.000000e+00,0.000000e+00
1.000000e+00,0.000000e+00,0.000000e+00,0.000000e+00,0.000000e+00,0.000000e+00,0.000000e+00,0.000000e+00,0.000000e+00,0.000000e+00,0.000000e+00,0.000000e+00,0.000000e+00,0.000000e+00,0.000000e+00
1.000000e+00,0.000000e+00,0.000000e+00,0.000000e+00,0.000000e+00,0.000000e+00,0.000000e+00,0.000000e+00,0.000000e+00,0.000000e+00,0.000000e+00,0.000000e+00,0.000000e+00,0.000000e+00,0.000000e+00
1.000000e+00,0.000000e+00,0.000000e+00,0.000000e+00,0.000000e+00,0.000000e+00,0.000000e+00,0.000000e+00,0.000000e+00,0.000000e+00,0.000000e+00,0.000000e+00,0.000000e+00,0.000000e+00,0.000000e+00
1.000000e+00,0.000000e+00,0.000000e+00,0.000000e+00,0.000000e+00,0.000000e+00,0.000000e+00,0.000000e+00,0.000000e+00,0.000000e+00,0.000000e+00,0.000000e+00,0.000000e+00,0.000000e+00,0.000000e+00
1.000000e+00,0.000000e+00,0.000000e+00,0.000000e+00,0.000000e+00,0.000000e+00,0.000000e+00,0.000000e+00,0.000000e+00,0.000000e+00,0.000000e+00,0.000000e+00,0.000000e+00,0.000000e+00,0.000000e+00
1.000000e+00,0.000000e+00,0.000000e+00,0.000000e+00,0.000000e+00,0.000000e+00,0.000000e+00,0.000000e+00,0.000000e+00,0.000000e+00,0.000000e+00,0.000000e+00,0.000000e+00,0.000000e+00,0.000000e+00
1.000000e+00,0.000000e+00,0.000000e+00,0.000000e+00,0.000000e+00,0.000000e+00,0.000000e+00,0.000000e+00,0.000000e+00,0.000000e+00,0.000000e+00,0.000000e+00,0.000000e+00,0.000000e+00,0.000000e+00
1.000000e+00,0.000000e+00,0.000000e+00,0.000000e+00,0.000000e+00,0.000000e+00,0.000000e+00,0.000000e+00,0.000000e+00,0.000000e+00,0.000000e+00,0.000000e+00,0.000000e+00,0.000000e+00,0.000000e+00
1.000000e+00,0.000000e+00,0.000000e+00,0.000000e+00,0.000000e+00,0.000000e+00,0.000000e+00,0.000000e+00,0.000000e+00,0.000000e+00,0.000000e+00,0.000000e+00,0.000000e+00,0.000000e+00,0.000000e+00
1.000000e+00,0.000000e+00,0.000000e+00,0.000000e+00,0.000000e+00,0.000000e+00,0.000000e+00,0.000000e+00,0.000000e+00,0.000000e+00,0.000000e+00,0.000000e+00,0.000000e+00,0.000000e+00,0.000000e+00
1.000000e+00,0.000000e+00,0.000000e+00,0.000000e+00,0.000000e+00,0.000000e+00,0.000000e+00,0.000000e+00,0.000000e+00,0.000000e+00,0.000000e+00,0.000000e+00,0.000000e+00,0.000000e+00,0.000000e+00
1.000000e+00,0.000000e+00,0.000000e+00,0.000000e+00,0.000000e+00,0.000000e+00,0.000000e+00,0.000000e+00,0.000000e+00,0.000000e+00,0.000000e+00,0.000000e+00,0.000000e+00,0.000000e+00,0.000000e+00
1.000000e+00,0.000000e+00,0.000000e+00,0.000000e+00,0.000000e+00,0.000000e+00,0.000000e+00,0.000000e+00,0.000000e+00,0.000000e+00,0.000000e+00,0.000000e+00,0.000000e+00,0.000000e+00,0.000000e+00
1.000000e+00,0.000000e+00,0.000000e+00,0.000000e+00,0.000000e+00,0.000000e+00,0.000000e+00,0.000000e+00,0.000000e+00,0.000000e+00,0.000000e+00,0.000000e+00,0.000000e+00,0.000000e+00,0.000000e+00
1.000000e+00,0.000000e+00,0.000000e+00,0.000000e+00,0.000000e+00,0.000000e+00,0.000000e+00,0.000000e+00,0.000000e+00,0.000000e+00,0.000000e+00,0.000000e+00,0.000000e+00,0.000000e+00,0.000000e+00
1.000000e+00,0.000000e+00,0.000000e+00,0.000000e+00,0.000000e+00,0.000000e+00,0.000000e+00,0.000000e+00,0.000000e+00,0.000000e+00,0.000000e+00,0.000000e+00,0.000000e+00,0.000000e+00,0.000000e+00
1.000000e+00,0.000000e+00,0.000000e+00,0.000000e+00,0.000000e+00,0.000000e+00,0.000000e+00,0.000000e+00,0.000000e+00,0.000000e+00,0.000000e+00,0.000000e+00,0.000000e+00,0.000000e+00,0.000000e+00
1.000000e+00,0.000000e+00,0.000000e+00,0.000000e+00,0.000000e+00,0.000000e+00,0.000000e+00,0.000000e+00,0.000000e+00,0.000000e+00,0.000000e+00,0.000000e+00,0.000000e+00,0.000000e+00,0.000000e+00
1.000000e+00,0.000000e+00,0.000000e+00,0.000000e+00,0.000000e+00,0.000000e+00,0.000000e+00,0.000000e+00,0.000000e+00,0.000000e+00,0.000000e+00,0.000000e+00,0.000000e+00,0.000000e+00,0.000000e+00
1.000000e+00,0.000000e+00,0.000000e+00,0.000000e+00,0.000000e+00,0.000000e+00,0.000000e+00,0.000000e+00,0.000000e+00,0.000000e+00,0.000000e+00,0.000000e+00,0.000000e+00,0.000000e+00,0.000000e+00
1.000000e+00,0.000000e+00,0.000000e+00,0.000000e+00,0.000000e+00,0.000000e+00,0.000000e+00,0.000000e+00,0.000000e+00,0.000000e+00,0.000000e+00,0.000000e+00,0.000000e+00,0.000000e+00,0.000000e+00
1.000000e+00,0.000000e+00,0.000000e+00,0.000000e+00,0.000000e+00,0.000000e+00,0.000000e+00,0.000000e+00,0.000000e+00,0.000000e+00,0.000000e+00,0.000000e+00,0.000000e+00,0.000000e+00,0.000000e+00
1.000000e+00,0.000000e+00,0.000000e+00,0.000000e+00,0.000000e+00,0.000000e+00,0.000000e+00,0.000000e+00,0.000000e+00,0.000000e+00,0.000000e+00,0.000000e+00,0.000000e+00,0.000000e+00,0.000000e+00
1.000000e+00,0.000000e+00,0.000000e+00,0.000000e+00,0.000000e+00,0.000000e+00,0.000000e+00,0.000000e+00,0.000000e+00,0.000000e+00,0.000000e+00,0.000000e+00,0.000000e+00,0.000000e+00,0.000000e+00
1.000000e+00,0.000000e+00,0.000000e+00,0.000000e+00,0.000000e+00,0.000000e+00,0.000000e+00,0.000000e+00,0.000000e+00,0.000000e+00,0.000000e+00,0.000000e+00,0.000000e+00,0.000000e+00,0.000000e+00
1.000000e+00,0.000000e+00,0.000000e+00,0.000000e+00,0.000000e+00,0.000000e+00,0.000000e+00,0.000000e+00,0.000000e+00,0.000000e+00,0.000000e+00,0.000000e+00,0.000000e+00,0.000000e+00,0.000000e+00
1.000000e+00,0.000000e+00,0.000000e+00,0.000000e+00,0.000000e+00,0.000000e+00,0.000000e+00,0.000000e+00,0.000000e+00,0.000000e+00,0.000000e+00,0.000000e+00,0.000000e+00,0.000000e+00,0.000000e+00
1.000000e+00,0.000000e+00,0.000000e+00,0.000000e+00,0.000000e+00,0.000000e+00,0.000000e+00,0.000000e+00,0.000000e+00,0.000000e+00,0.000000e+00,0.000000e+00,0.000000e+00,0.000000e+00,0.000000e+00
1.000000e+00,0.000000e+00,0.000000e+00,0.000000e+00,0.000000e+00,0.000000e+00,0.000000e+00,0.000000e+00,0.000000e+00,0.000000e+00,0.000000e+00,0.000000e+00,0.000000e+00,0.000000e+00,0.000000e+00
1.000000e+00,0.000000e+00,0.000000e+00,0.000000e+00,0.000000e+00,0.000000e+00,0.000000e+00,0.000000e+00,0.000000e+00,0.000000e+00,0.000000e+00,0.000000e+00,0.000000e+00,0.000000e+00,0.000000e+00
1.000000e+00,0.000000e+00,0.000000e+00,0.000000e+00,0.000000e+00,0.000000e+00,0.000000e+00,0.000000e+00,0.000000e+00,0.000000e+00,0.000000e+00,0.000000e+00,0.000000e+00,0.000000e+00,0.000000e+00
1.000000e+00,0.000000e+00,0.000000e+00,0.000000e+00,0.000000e+00,0.000000e+00,0.000000e+00,0.000000e+00,0.000000e+00,0.000000e+00,0.000000e+00,0.000000e+00,0.000000e+00,0.000000e+00,0.000000e+00
1.000000e+00,0.000000e+00,0.000000e+00,0.000000e+00,0.000000e+00,0.000000e+00,0.000000e+00,0.000000e+00,0.000000e+00,0.000000e+00,0.000000e+00,0.000000e+00,0.000000e+00,0.000000e+00,0.000000e+00
1.000000e+00,0.000000e+00,0.000000e+00,0.000000e+00,0.000000e+00,0.000000e+00,0.000000e+00,0.000000e+00,0.000000e+00,0.000000e+00,0.000000e+00,0.000000e+00,0.000000e+00,0.000000e+00,0.000000e+00
1.000000e+00,0.000000e+00,0.000000e+00,0.000000e+00,0.000000e+00,0.000000e+00,0.000000e+00,0.000000e+00,0.000000e+00,0.000000e+00,0.000000e+00,0.000000e+00,0.000000e+00,0.000000e+00,0.000000e+00
1.000000e+00,0.000000e+00,0.000000e+00,0.000000e+00,0.000000e+00,0.000000e+00,0.000000e+00,0.000000e+00,0.000000e+00,0.000000e+00,0.000000e+00,0.000000e+00,0.000000e+00,0.000000e+00,0.000000e+00
1.000000e+00,0.000000e+00,0.000000e+00,0.000000e+00,0.000000e+00,0.000000e+00,0.000000e+00,0.000000e+00,0.000000e+00,0.000000e+00,0.000000e+00,0.000000e+00,0.000000e+00,0.000000e+00,0.000000e+00
1.000000e+00,0.000000e+00,0.000000e+00,0.000000e+00,0.000000e+00,0.000000e+00,0.000000e+00,0.000000e+00,0.000000e+00,0.000000e+00,0.000000e+00,0.000000e+00,0.000000e+00,0.000000e+00,0.000000e+00
1.000000e+00,0.000000e+00,0.000000e+00,0.000000e+00,0.000000e+00,0.000000e+00,0.000000e+00,0.000000e+00,0.000000e+00,0.000000e+00,0.000000e+00,0.000000e+00,0.000000e+00,0.000000e+00,0.000000e+00
1.000000e+00,0.000000e+00,0.000000e+00,0.000000e+00,0.000000e+00,0.000000e+00,0.000000e+00,0.000000e+00,0.000000e+00,0.000000e+00,0.000000e+00,0.000000e+00,0.000000e+00,0.000000e+00,0.000000e+00
1.000000e+00,0.000000e+00,0.000000e+00,0.000000e+00,0.000000e+00,0.000000e+00,0.000000e+00,0.000000e+00,0.000000e+00,0.000000e+00,0.000000e+00,0.000000e+00,0.000000e+00,0.000000e+00,0.000000e+00
1.000000e+00,0.000000e+00,0.000000e+00,0.000000e+00,0.000000e+00,0.000000e+00,0.000000e+00,0.000000e+00,0.000000e+00,0.000000e+00,0.000000e+00,0.000000e+00,0.000000e+00,0.000000e+00,0.000000e+00
1.000000e+00,0.000000e+00,0.000000e+00,0.000000e+00,0.000000e+00,0.000000e+00,0.000000e+00,0.000000e+00,0.000000e+00,0.000000e+00,0.000000e+00,0.000000e+00,0.000000e+00,0.000000e+00,0.000000e+00
1.000000e+00,0.000000e+00,0.000000e+00,0.000000e+00,0.000000e+00,0.000000e+00,0.000000e+00,0.000000e+00,0.000000e+00,0.000000e+00,0.000000e+00,0.000000e+00,0.000000e+00,0.000000e+00,0.000000e+00
1.000000e+00,0.000000e+00,0.000000e+00,0.000000e+00,0.000000e+00,0.000000e+00,0.000000e+00,0.000000e+00,0.000000e+00,0.000000e+00,0.000000e+00,0.000000e+00,0.000000e+00,0.000000e+00,0.000000e+00
1.000000e+00,0.000000e+00,0.000000e+00,0.000000e+00,0.000000e+00,0.000000e+00,0.000000e+00,0.000000e+00,0.000000e+00,0.000000e+00,0.000000e+00,0.000000e+00,0.000000e+00,0.000000e+00,0.000000e+00
1.000000e+00,0.000000e+00,0.000000e+00,0.000000e+00,0.000000e+00,0.000000e+00,0.000000e+00,0.000000e+00,0.000000e+00,0.000000e+00,0.000000e+00,0.000000e+00,0.000000e+00,0.000000e+00,0.000000e+00
1.000000e+00,0.000000e+00,0.000000e+00,0.000000e+00,0.000000e+00,0.000000e+00,0.000000e+00,0.000000e+00,0.000000e+00,0.000000e+00,0.000000e+00,0.000000e+00,0.000000e+00,0.000000e+00,0.000000e+00
1.000000e+00,0.000000e+00,0.000000e+00,0.000000e+00,0.000000e+00,0.000000e+00,0.000000e+00,0.000000e+00,0.000000e+00,0.000000e+00,0.000000e+00,0.000000e+00,0.000000e+00,0.000000e+00,0.000000e+00
1.000000e+00,0.000000e+00,0.000000e+00,0.000000e+00,0.000000e+00,0.000000e+00,0.000000e+00,0.000000e+00,0.000000e+00,0.000000e+00,0.000000e+00,0.000000e+00,0.000000e+00,0.000000e+00,0.000000e+00
1.000000e+00,0.000000e+00,0.000000e+00,0.000000e+00,0.000000e+00,0.000000e+00,0.000000e+00,0.000000e+00,0.000000e+00,0.000000e+00,0.000000e+00,0.000000e+00,0.000000e+00,0.000000e+00,0.000000e+00
1.000000e+00,0.000000e+00,0.000000e+00,0.000000e+00,0.000000e+00,0.000000e+00,0.000000e+00,0.000000e+00,0.000000e+00,0.000000e+00,0.000000e+00,0.000000e+00,0.000000e+00,0.000000e+00,0.000000e+00
1.000000e+00,0.000000e+00,0.000000e+00,0.000000e+00,0.000000e+00,0.000000e+00,0.000000e+00,0.000000e+00,0.000000e+00,0.000000e+00,0.000000e+00,0.000000e+00,0.000000e+00,0.000000e+00,0.000000e+00
1.000000e+00,0.000000e+00,0.000000e+00,0.000000e+00,0.000000e+00,0.000000e+00,0.000000e+00,0.000000e+00,0.000000e+00,0.000000e+00,0.000000e+00,0.000000e+00,0.000000e+00,0.000000e+00,0.000000e+00
4.027135e-01,1.190965e-02,9.031530e-03,2.387841e-02,5.641387e-02,1.525204e-01,1.139537e-02,2.819829e-01,3.809139e-03,2.409218e-03,8.855992e-03,1.487958e-02,1.073091e-02,1.623861e-03,7.845806e-03
2.845067e-01,8.437259e-03,8.190989e-03,1.841512e-02,4.226713e-02,1.123999e-01,1.101247e-02,4.789907e-01,2.698041e-03,2.097371e-03,6.256656e-03,1.045446e-02,7.596232e-03,1.167253e-03,5.509754e-03
1.995079e-01,5.948446e-03,6.101087e-03,1.315830e-02,3.024868e-02,7.916440e-02,1.024739e-02,6.302679e-01,1.910537e-03,1.630392e-03,4.409406e-03,7.333834e-03,5.368406e-03,8.263692e-04,3.877010e-03
1.404032e-01,4.265787e-03,4.729979e-03,9.642954e-03,2.299934e-02,5.637241e-02,8.440098e-03,7.349349e-01,1.394689e-03,1.360449e-03,3.157322e-03,5.158481e-03,3.803157e-03,5.874460e-04,2.749828e-03
9.907947e-02,3.056713e-03,3.488253e-03,6.933837e-03,1.650447e-02,3.984797e-02,6.424243e-03,8.116276e-01,9.982806e-04,1.036960e-03,2.262521e-03,3.642970e-03,2.715281e-03,4.192629e-04,1.962139e-03
7.057170e-02,2.446719e-03,2.584181e-03,5.155030e-03,1.611723e-02,2.929076e-02,4.992130e-03,8.586124e-01,8.404567e-04,8.205408e-04,1.798732e-03,2.615950e-03,2.160814e-03,3.324102e-04,1.660908e-03
5.142340e-02,1.816252e-03,2.011013e-03,3.783925e-03,1.388839e-02,2.094135e-02,4.454037e-03,8.931432e-01,7.635594e-04,7.319224e-04,1.393812e-03,2.031644e-03,2.021514e-03,2.771885e-04,1.318819e-03
4.557966e-02,1.673956e-03,1.920166e-03,2.910811e-03,1.214120e-02,1.519513e-02,3.734233e-03,9.039712e-01,1.090782e-03,1.029705e-03,1.968823e-03,2.840452e-03,4.031085e-03,3.793248e-04,1.533450e-03
5.286112e-02,2.360239e-03,1.709244e-03,2.863398e-03,1.172101e-02,1.239823e-02,3.266644e-03,8.605416e-01,2.553548e-03,1.751173e-03,6.307492e-03,7.497404e-03,3.023750e-02,5.807383e-04,3.350663e-03
5.315303e-02,3.678262e-03,2.132633e-03,5.287704e-03,1.215830e-02,1.270203e-02,2.736094e-03,7.840146e-01,8.337515e-03,5.649219e-03,2.299594e-02,1.227136e-02,6.481675e-02,1.290865e-03,8.775690e-03
5.880657e-02,3.632875e-03,2.300293e-03,1.569928e-02,1.083554e-02,1.123925e-02,2.117276e-03,6.159593e-01,1.814736e-02,6.811614e-03,5.774679e-02,2.341436e-02,1.609510e-01,1.663216e-03,1.067519e-02
1.045517e-01,9.721885e-03,2.460385e-03,1.666347e-02,8.954054e-03,1.071171e-02,1.834181e-03,4.764163e-01,3.293184e-02,3.434172e-02,6.345369e-02,3.296565e-02,1.903755e-01,2.104952e-03,1.251291e-02
1.840644e-01,1.067080e-02,7.935915e-03,1.680733e-02,1.163496e-02,8.981461e-03,1.834411e-03,3.858885e-01,4.646672e-02,3.036845e-02,6.629731e-02,3.138518e-02,1.729721e-01,2.378909e-03,2.231360e-02
2.286714e-01,1.308660e-02,1.007632e-02,3.251148e-02,1.500069e-02,9.177555e-03,3.518233e-03,3.029803e-01,6.497547e-02,4.509085e-02,6.495598e-02,2.679740e-02,1.549969e-01,3.874100e-03,2.428663e-02
1.818288e-01,1.553417e-02,1.005712e-02,8.526744e-02,1.534830e-02,1.092923e-02,3.742380e-03,2.162187e-01,8.951436e-02,4.735044e-02,8.472970e-02,3.346045e-02,1.666774e-01,3.810906e-03,3.553056e-02
2.709166e-01,1.448572e-02,7.756984e-03,8.885892e-02,1.318265e-02,1.517056e-02,3.236092e-03,1.522328e-01,7.260599e-02,6.641027e-02,7.934179e-02,3.073295e-02,1.476678e-01,4.537209e-03,3.286368e-02
3.568864e-01,1.252921e-02,5.787099e-03,8.654883e-02,1.125346e-02,1.699535e-02,2.689430e-03,1.070338e-01,5.975409e-02,7.271443e-02,6.775536e-02,3.340363e-02,1.309410e-01,4.748560e-03,3.095931e-02
3.375107e-01,1.605431e-02,5.965428e-03,1.356782e-01,1.725572e-02,1.891107e-02,3.150032e-03,7.947332e-02,5.065902e-02,6.090028e-02,5.827210e-02,6.004715e-02,1.245829e-01,4.272365e-03,2.726745e-02
4.224958e-01,1.523462e-02,5.329916e-03,1.152344e-01,2.031012e-02,2.083778e-02,3.615726e-03,5.722102e-02,4.562235e-02,5.192561e-02,5.203990e-02,5.991418e-02,1.008307e-01,3.942091e-03,2.544573e-02
4.323135e-01,1.839026e-02,6.029816e-03,1.097168e-01,3.166230e-02,2.359302e-02,5.268925e-03,4.655882e-02,4.737827e-02,4.102693e-02,4.854773e-02,7.838246e-02,8.753972e-02,3.792681e-03,1.979881e-02
4.658398e-01,1.769649e-02,6.505708e-03,9.966934e-02,2.711718e-02,3.030604e-02,4.815549e-03,3.919933e-02,5.329648e-02,3.291844e-02,4.589667e-02,7.818936e-02,7.659534e-02,3.973052e-03,1.798119e-02
4.734988e-01,1.516567e-02,6.864551e-03,8.137067e-02,2.859250e-02,2.718923e-02,5.355514e-03,3.306623e-02,6.170083e-02,3.402051e-02,4.698785e-02,8.690229e-02,7.708934e-02,3.738598e-03,1.845741e-02
4.342155e-01,1.367410e-02,1.060968e-02,1.220012e-01,2.833018e-02,2.447785e-02,4.492436e-03,4.391149e-02,8.785841e-02,2.718511e-02,4.275462e-02,7.544370e-02,6.702079e-02,3.117553e-03,1.490744e-02
4.389766e-01,1.476591e-02,1.230089e-02,1.099186e-01,3.400658e-02,2.415686e-02,5.256963e-03,3.778186e-02,1.026397e-01,2.321376e-02,4.185387e-02,7.730225e-02,5.877377e-02,3.019176e-03,1.603326e-02
4.441365e-01,1.997920e-02,1.796392e-02,1.017406e-01,4.689720e-02,2.277517e-02,7.041655e-03,3.425517e-02,1.057128e-01,1.959421e-02,3.364277e-02,6.943037e-02,4.986524e-02,2.860500e-03,2.410463e-02
3.551389e-01,2.846695e-02,4.255861e-02,1.414803e-01,7.755423e-02,2.402529e-02,1.715765e-02,3.644557e-02,1.082909e-01,1.531072e-02,2.528393e-02,5.088213e-02,4.222026e-02,2.324269e-03,3.286022e-02
2.706082e-01,3.386955e-02,7.478401e-02,1.560656e-01,1.107354e-01,2.211170e-02,2.733447e-02,3.956963e-02,1.095793e-01,1.226381e-02,1.850632e-02,3.621874e-02,3.542464e-02,1.860892e-03,5.106778e-02
2.011217e-01,2.739383e-02,1.402327e-01,2.455165e-01,9.568101e-02,1.637358e-02,2.045196e-02,5.014428e-02,8.670885e-02,1.043475e-02,1.334359e-02,2.571744e-02,2.705485e-02,1.346034e-03,3.847888e-02
1.598191e-01,2.932502e-02,1.890338e-01,2.545395e-01,8.199047e-02,1.272778e-02,1.627343e-02,6.701490e-02,8.624785e-02,1.218391e-02,1.042091e-02,1.876534e-02,2.709556e-02,1.050382e-03,3.351207e-02
1.434948e-01,3.714309e-02,1.545779e-01,2.105713e-01,1.087671e-01,1.026629e-02,1.674280e-02,1.049494e-01,1.264850e-01,1.171611e-02,8.782828e-03,1.404379e-02,2.501580e-02,9.836124e-04,2.646014e-02
1.412115e-01,4.135019e-02,1.306609e-01,1.603244e-01,1.154135e-01,8.978699e-03,1.541793e-02,1.516519e-01,1.536558e-01,1.336192e-02,7.933373e-03,1.102927e-02,2.307396e-02,9.519270e-04,2.498477e-02
1.572255e-01,4.324422e-02,1.000718e-01,1.226102e-01,1.102866e-01,9.233106e-03,1.495736e-02,1.704398e-01,1.905892e-01,1.247198e-02,7.605892e-03,9.069229e-03,2.528314e-02,8.972862e-04,2.601466e-02
2.183194e-01,4.404414e-02,7.589544e-02,1.086132e-01,1.043710e-01,1.520598e-02,1.424775e-02,1.374995e-01,1.570536e-01,1.286261e-02,8.983992e-03,1.444568e-02,5.082035e-02,9.695468e-04,3.666773e-02
2.648062e-01,4.287714e-02,6.063751e-02,9.633707e-02,7.725631e-02,1.963346e-02,1.174252e-02,9.980491e-02,1.225979e-01,2.258683e-02,1.185555e-02,1.936054e-02,7.141799e-02,1.398912e-03,7.768708e-02
3.593001e-01,3.862324e-02,4.431109e-02,8.098786e-02,5.931115e-02,2.191831e-02,9.547615e-03,7.219387e-02,9.391662e-02,1.753518e-02,1.253612e-02,1.633042e-02,9.373435e-02,1.350810e-03,7.840321e-02
2.907552e-01,2.983190e-02,3.258263e-02,5.931884e-02,4.233550e-02,2.318400e-02,8.069911e-03,5.093385e-02,6.858931e-02,1.356445e-02,9.888561e-03,1.666546e-02,2.730552e-01,1.326956e-03,7.989817e-02
2.162757e-01,2.283198e-02,2.408245e-02,4.251887e-02,3.031506e-02,2.908940e-02,7.162908e-03,3.576151e-02,4.897555e-02,1.039110e-02,8.430228e-03,1.908604e-02,4.227476e-01,1.110097e-03,8.122157e-02
1.551868e-01,1.684698e-02,1.800738e-02,3.049621e-02,2.152277e-02,4.802702e-02,5.679739e-03,2.506784e-02,3.511212e-02,7.707304e-03,1.160242e-02,4.785445e-02,5.118060e-01,1.575344e-03,6.350769e-02
1.142752e-01,1.233236e-02,1.380877e-02,2.195286e-02,1.543775e-02,4.734596e-02,4.669903e-03,1.761489e-02,2.514998e-02,6.203678e-03,2.270246e-02,7.255666e-02,5.485051e-01,2.067070e-03,7.537735e-02
8.191336e-02,8.866277e-03,1.032601e-02,1.553814e-02,1.124746e-02,3.892925e-02,5.642793e-03,1.237524e-02,1.847841e-02,6.880532e-03,2.128683e-02,8.135831e-02,4.918939e-01,1.970916e-03,1.932925e-01
5.889666e-02,6.255542e-03,7.718912e-03,1.107736e-02,8.124014e-03,3.042627e-02,6.417958e-03,8.963399e-03,1.331606e-02,8.205415e-03,2.102317e-02,8.273181e-02,4.851424e-01,2.129419e-03,2.495716e-01
4.254036e-02,4.417025e-03,6.339898e-03,8.018442e-03,5.947325e-03,3.207983e-02,5.631839e-03,6.661307e-03,9.494343e-03,1.063839e-02,2.701718e-02,8.941066e-02,4.500075e-01,1.720448e-03,3.000754e-01
3.586804e-02,3.408579e-03,7.161174e-03,5.903766e-03,5.033854e-03,3.953885e-02,1.239434e-02,5.597312e-03,7.293736e-03,1.431009e-02,2.589238e-02,1.191619e-01,3.770935e-01,1.332553e-03,3.400098e-01
3.103534e-02,2.817646e-03,1.448602e-02,5.708135e-03,5.752632e-03,6.933419e-02,3.174974e-02,5.354794e-03,6.080398e-03,1.838585e-02,2.512354e-02,1.268796e-01,3.464419e-01,1.006199e-03,3.098440e-01
2.983763e-02,2.108989e-03,1.161157e-02,5.054648e-03,1.765797e-02,6.286404e-02,4.233751e-02,7.662131e-03,1.184056e-02,2.439521e-02,2.340471e-02,1.246955e-01,2.929472e-01,1.326764e-03,3.422555e-01
2.689426e-02,1.549640e-03,8.743960e-03,5.623422e-03,1.494969e-02,9.893384e-02,6.563345e-02,8.304879e-02,9.874337e-03,2.651403e-02,2.366342e-02,1.143289e-01,2.255561e-01,3.121891e-03,2.915642e-01
2.580371e-02,2.086555e-03,6.747998e-03,5.386040e-03,1.723014e-02,1.321342e-01,8.119243e-02,9.471329e-02,3.079832e-02,2.322815e-02,2.036933e-02,1.489321e-01,1.735941e-01,3.347882e-03,2.344358e-01
2.054095e-02,2.426355e-03,6.347589e-03,6.694906e-03,1.827303e-02,2.264318e-01,6.355383e-02,8.422592e-02,4.394995e-02,1.951850e-02,2.002277e-02,1.483506e-01,1.569027e-01,4.324522e-03,1.784366e-01
1.767858e-02,4.330345e-03,9.577640e-03,1.399727e-02,2.068792e-02,2.316924e-01,4.653651e-02,9.552062e-02,5.786428e-02,2.055248e-02,2.896505e-02,1.237642e-01,1.715272e-01,5.774954e-03,1.515306e-01
1.541176e-02,8.427565e-03,7.996266e-03,1.388559e-02,1.586124e-02,2.299844e-01,3.325474e-02,7.414172e-02,7.646646e-02,2.211969e-02,4.248814e-02,1.167363e-01,2.131230e-01,6.965602e-03,1.231376e-01
1.611077e-02,4.449793e-02,1.367225e-02,3.134080e-02,1.255995e-02,1.726269e-01,2.369159e-02,5.393502e-02,1.629061e-01,2.412622e-02,4.145747e-02,9.301956e-02,2.051704e-01,6.203497e-03,9.868167e-02
1.622257e-02,5.729200e-02,2.220178e-02,2.701015e-02,1.394050e-02,1.454540e-01,1.708761e-02,4.021859e-02,1.465835e-01,2.233351e-02,4.993080e-02,7.171793e-02,1.727247e-01,7.508022e-03,1.897743e-01
3.179631e-02,7.039113e-02,2.216200e-02,2.190749e-02,1.758862e-02,1.458941e-01,1.328827e-02,3.467283e-02,1.686791e-01,1.714589e-02,3.794867e-02,5.695803e-02,1.859386e-01,5.936986e-03,1.696920e-01
3.070201e-02,9.025089e-02,3.506648e-02,4.639389e-02,1.925336e-02,1.205768e-01,1.024688e-02,2.576759e-02,1.660242e-01,1.833505e-02,2.945390e-02,4.589621e-02,1.449225e-01,5.049365e-03,2.120609e-01
4.659539e-02,9.282158e-02,5.258967e-02,3.611784e-02,2.060992e-02,9.928918e-02,8.857233e-03,2.143938e-02,1.651955e-01,2.591975e-02,2.342934e-02,3.576322e-02,1.229627e-01,5.629230e-03,2.427802e-01
7.419967e-02,7.991531e-02,6.490304e-02,4.313436e-02,2.901388e-02,9.466538e-02,8.738928e-03,2.286258e-02,1.610100e-01,2.079151e-02,2.222462e-02,3.326644e-02,1.524104e-01,6.173646e-03,1.866904e-01
6.754059e-02,6.445575e-02,6.129209e-02,3.943046e-02,3.188236e-02,7.550660e-02,7.005862e-03,1.833440e-02,1.381305e-01,1.585395e-02,4.674049e-02,4.786099e-02,2.148481e-01,1.288006e-02,1.582379e-01
6.333179e-02,5.347329e-02,1.475593e-01,5.713762e-02,2.934818e-02,5.849335e-02,5.135839e-03,1.644883e-02,1.107858e-01,1.522798e-02,3.665280e-02,4.182170e-02,1.890927e-01,1.270866e-02,1.627822e-01
8.234167e-02,5.592584e-02,1.452237e-01,5.373249e-02,2.933511e-02,5.633103e-02,4.221971e-03,1.783415e-02,1.123932e-01,1.524720e-02,3.068184e-02,3.218838e-02,1.894045e-01,1.110013e-02,1.640387e-01
7.013932e-02,5.314234e-02,1.847762e-01,4.583057e-02,3.691353e-02,6.875158e-02,5.309864e-03,3.079494e-02,9.236842e-02,1.384360e-02,2.433997e-02,2.525753e-02,1.964411e-01,9.216968e-03,1.428741e-01
6.804019e-02,5.660951e-02,1.746324e-01,3.865941e-02,4.404255e-02,9.189715e-02,5.707794e-03,3.254891e-02,8.101436e-02,1.138147e-02,2.065957e-02,2.249110e-02,2.303889e-01,9.540685e-03,1.123860e-01
8.242723e-02,7.363284e-02,1.509362e-01,3.124619e-02,5.234244e-02,9.208462e-02,5.782080e-03,3.703020e-02,7.459106e-02,1.131175e-02,1.945759e-02,1.937428e-02,2.293730e-01,1.672659e-02,1.036839e-01
9.335019e-02,7.205786e-02,1.142553e-01,2.897868e-02,4.722459e-02,9.720035e-02,1.002471e-02,4.863007e-02,7.033011e-02,1.174446e-02,1.732611e-02,1.916575e-02,2.249850e-01,1.448192e-02,1.302450e-01
1.013551e-01,5.781178e-02,8.313624e-02,2.481071e-02,4.305626e-02,9.767459e-02,1.040719e-02,7.105425e-02,6.368703e-02,1.386887e-02,1.744764e-02,1.982198e-02,2.806068e-01,1.170149e-02,1.035601e-01
1.169777e-01,6.091679e-02,9.631042e-02,6.977917e-02,5.266758e-02,8.475479e-02,1.003107e-02,6.823328e-02,6.294507e-02,1.976720e-02,1.485961e-02,2.100390e-02,2.253554e-01,8.975278e-03,8.742282e-02
1.894609e-01,5.437973e-02,7.765629e-02,6.602781e-02,4.052081e-02,6.759737e-02,7.979000e-03,5.496323e-02,6.127495e-02,2.430903e-02,1.965360e-02,4.393354e-02,1.981228e-01,1.206612e-02,8.205489e-02
2.242790e-01,5.375320e-02,5.760534e-02,5.299677e-02,3.969027e-02,9.234420e-02,7.633298e-03,4.486655e-02,8.392662e-02,2.080517e-02,2.049960e-02,4.164511e-02,1.777376e-01,1.098718e-02,7.123008e-02
2.270101e-01,4.655549e-02,4.195684e-02,3.896807e-02,4.158539e-02,9.693187e-02,7.077576e-03,7.411537e-02,1.098986e-01,1.534653e-02,1.685829e-02,3.676297e-02,1.822526e-01,8.474096e-03,5.620629e-02
2.418469e-01,3.851188e-02,3.040260e-02,3.071935e-02,3.748364e-02,8.610839e-02,5.759737e-03,6.519220e-02,1.051107e-01,1.157873e-02,1.329356e-02,3.889823e-02,2.452792e-01,7.209367e-03,4.260555e-02
2.309866e-01,3.125643e-02,3.151439e-02,6.854334e-02,4.368620e-02,7.162789e-02,6.098946e-03,1.121517e-01,9.249465e-02,8.964490e-03,1.059654e-02,3.470857e-02,2.178520e-01,6.465925e-03,3.305231e-02
2.097410e-01,2.553585e-02,2.857827e-02,6.107021e-02,1.102744e-01,6.764744e-02,7.491104e-03,1.344751e-01,9.287421e-02,6.885162e-03,9.696749e-03,2.698105e-02,1.870821e-01,5.088547e-03,2.657886e-02
1.899959e-01,2.169666e-02,2.616334e-02,4.705058e-02,1.219699e-01,5.363481e-02,7.330532e-03,2.473081e-01,7.302441e-02,5.287153e-03,8.400847e-03,2.034630e-02,1.525771e-01,3.959622e-03,2.125466e-02
1.652170e-01,2.393383e-02,3.099716e-02,5.141798e-02,1.053335e-01,4.381564e-02,9.160394e-03,2.878082e-01,5.963532e-02,5.028934e-03,7.589687e-03,1.566871e-02,1.632706e-01,2.925979e-03,2.819711e-02
1.409437e-01,3.272118e-02,3.568818e-02,8.191817e-02,8.643043e-02,3.471537e-02,1.021266e-02,3.102826e-01,6.302349e-02,7.028178e-03,8.252520e-03,1.240466e-02,1.344296e-01,2.211242e-03,3.973807e-02
1.251608e-01,3.202373e-02,3.733943e-02,6.063269e-02,7.551561e-02,2.575113e-02,1.146493e-02,4.060923e-01,6.400304e-02,6.125198e-03,1.236686e-02,9.299297e-03,9.808646e-02,1.684833e-03,3.445363e-02
1.291067e-01,4.444330e-02,3.329314e-02,4.770385e-02,5.756458e-02,2.580990e-02,1.020513e-02,3.998730e-01,1.031603e-01,5.126419e-03,1.215548e-02,7.971736e-03,9.254047e-02,1.486459e-03,2.955947e-02
1.049480e-01,4.640201e-02,2.959592e-02,3.683677e-02,4.206856e-02,2.315089e-02,8.293560e-03,4.579497e-01,1.126173e-01,4.165457e-03,1.077744e-02,6.772780e-03,9.167179e-02,1.150408e-03,2.359948e-02
8.705709e-02,4.264750e-02,3.036487e-02,2.842434e-02,3.186404e-02,2.671514e-02,6.421997e-03,5.027964e-01,1.249788e-01,3.277428e-03,9.033966e-03,6.924882e-03,8.070338e-02,9.408073e-04,1.784928e-02
8.248811e-02,3.956845e-02,7.860734e-02,3.442667e-02,2.540349e-02,2.276989e-02,5.479578e-03,4.677414e-01,9.763835e-02,2.586332e-02,1.511607e-02,1.664706e-02,6.724244e-02,1.249319e-03,1.975849e-02
8.329642e-02,3.639540e-02,1.157424e-01,4.951571e-02,2.214130e-02,2.184748e-02,6.339818e-03,3.958874e-01,7.373732e-02,4.038523e-02,2.186309e-02,4.456941e-02,5.888208e-02,2.211458e-03,2.718549e-02
1.393354e-01,2.789776e-02,8.686855e-02,4.944625e-02,1.734809e-02,2.549728e-02,5.795880e-03,2.932305e-01,5.883566e-02,3.602492e-02,4.500848e-02,8.754472e-02,9.526809e-02,5.892324e-03,2.600605e-02
1.470024e-01,2.106801e-02,6.217348e-02,4.012228e-02,1.609400e-02,2.408287e-02,4.417446e-03,2.092224e-01,4.911791e-02,3.782746e-02,1.025358e-01,1.091963e-01,1.369885e-01,1.490414e-02,2.524691e-02
1.244650e-01,1.619793e-02,4.467048e-02,2.951584e-02,1.314861e-02,1.766458e-02,3.219412e-03,1.482570e-01,5.430378e-02,3.353558e-02,9.977144e-02,1.361608e-01,2.382224e-01,2.223853e-02,1.862861e-02
1.223986e-01,1.428390e-02,3.208425e-02,2.249986e-02,1.215684e-02,1.355037e-02,2.464160e-03,1.047591e-01,7.186598e-02,3.576884e-02,9.743680e-02,1.477394e-01,2.529164e-01,5.354072e-02,1.653482e-02
2.432539e-01,1.572910e-02,2.371752e-02,1.895253e-02,1.108727e-02,1.169827e-02,2.073400e-03,7.411701e-02,8.890773e-02,3.774514e-02,7.924128e-02,1.247973e-01,1.925115e-01,6.149407e-02,1.467396e-02
2.375050e-01,1.363009e-02,1.874874e-02,1.658605e-02,1.016759e-02,1.087182e-02,1.775937e-03,5.357372e-02,1.654016e-01,3.198348e-02,6.409664e-02,9.546233e-02,1.387377e-01,1.270069e-01,1.445231e-02
2.733387e-01,1.595293e-02,1.629782e-02,1.518384e-02,8.911769e-03,1.456827e-02,1.701261e-03,3.909420e-02,1.926129e-01,2.549095e-02,5.606875e-02,7.317345e-02,1.036224e-01,1.496847e-01,1.429817e-02
2.450324e-01,1.539148e-02,1.331384e-02,1.497831e-02,1.527514e-02,1.632499e-02,2.672473e-03,3.005926e-02,2.014530e-01,2.067098e-02,4.456209e-02,5.294687e-02,7.681335e-02,2.379524e-01,1.255336e-02
2.198249e-01,1.913137e-02,1.033510e-02,1.564945e-02,1.783241e-02,1.344862e-02,2.232869e-03,2.448309e-02,2.929551e-01,1.748887e-02,4.168129e-02,4.037956e-02,5.608414e-02,2.182302e-01,1.024305e-02
1.915013e-01,2.846718e-02,8.885330e-03,1.252832e-02,2.002265e-02,1.164967e-02,1.833015e-03,2.120050e-02,3.133871e-01,1.411035e-02,3.469176e-02,2.927670e-02,4.045334e-02,2.634308e-01,8.561954e-03
1.542706e-01,3.682205e-02,5.149704e-02,1.834545e-02,2.285307e-02,2.043373e-02,1.774990e-03,3.125432e-02,3.072318e-01,1.534180e-02,4.296169e-02,2.158412e-02,3.132856e-02,2.360450e-01,8.255615e-03
1.404532e-01,3.886631e-02,9.310852e-02,4.814771e-02,2.764235e-02,3.142858e-02,1.719993e-03,2.512770e-02,2.876600e-01,1.678682e-02,4.715243e-02,1.673147e-02,2.574873e-02,1.870357e-01,1.239051e-02
1.197858e-01,3.507413e-02,2.015466e-01,5.936603e-02,2.922664e-02,2.757466e-02,1.629365e-03,2.026731e-02,2.276728e-01,1.859610e-02,5.385568e-02,1.282823e-02,2.077666e-02,1.603053e-01,1.149470e-02
1.080699e-01,5.879959e-02,1.846655e-01,5.642455e-02,3.798069e-02,3.447988e-02,2.303156e-03,1.782841e-02,2.555268e-01,2.109930e-02,4.726305e-02,9.709108e-03,1.583705e-02,1.388803e-01,1.113266e-02
1.145039e-01,4.825661e-02,2.657445e-01,8.586942e-02,3.463501e-02,3.130309e-02,2.292775e-03,1.526051e-02,2.087592e-01,1.696380e-02,3.735322e-02,8.357238e-03,1.201114e-02,1.018525e-01,1.683707e-02
1.584652e-01,7.052237e-02,2.487935e-01,6.566238e-02,2.755672e-02,4.067371e-02,2.810816e-03,1.529397e-02,2.009532e-01,1.370148e-02,2.889369e-02,6.667386e-03,9.551071e-03,9.138818e-02,1.906638e-02
1.992840e-01,7.302571e-02,2.055427e-01,5.463667e-02,2.422526e-02,6.603147e-02,2.533446e-03,1.662821e-02,2.107635e-01,1.159495e-02,2.693096e-02,7.753055e-03,7.900012e-03,7.151241e-02,2.163769e-02
1.897061e-01,7.969594e-02,1.709685e-01,9.375172e-02,2.417430e-02,5.550563e-02,2.317553e-03,3.146788e-02,2.189006e-01,1.056887e-02,2.430076e-02,7.884732e-03,7.140524e-03,5.251401e-02,3.110287e-02
2.194510e-01,6.539920e-02,1.251802e-01,7.532670e-02,3.378899e-02,7.492936e-02,2.468310e-03,3.912483e-02,2.563872e-01,8.167919e-03,1.970628e-02,8.856328e-03,6.310693e-03,3.881102e-02,2.609202e-02
1.932565e-01,5.821960e-02,1.076241e-01,2.216361e-01,2.890062e-02,5.377081e-02,1.956406e-03,4.815958e-02,1.962485e-01,6.970095e-03,1.648924e-02,8.344942e-03,5.172289e-03,2.803469e-02,2.521644e-02
1.730347e-01,4.324997e-02,1.278034e-01,3.314073e-01,2.250456e-02,3.926464e-02,1.488569e-03,3.741119e-02,1.426408e-01,6.010627e-03,1.963046e-02,7.323516e-03,6.076829e-03,2.042696e-02,2.172645e-02
1.578564e-01,3.228005e-02,1.113293e-01,3.986358e-01,1.858145e-02,2.888468e-02,1.139811e-03,2.871030e-02,1.058202e-01,1.332244e-02,5.322489e-02,7.950021e-03,8.132208e-03,1.491509e-02,1.921733e-02
1.491977e-01,2.876606e-02,1.173975e-01,3.364714e-01,2.569054e-02,2.250846e-02,1.046407e-03,2.628068e-02,7.804900e-02,6.318968e-02,9.866045e-02,7.202427e-03,7.885283e-03,1.420666e-02,2.344773e-02
1.161684e-01,2.396441e-02,1.299034e-01,2.473307e-01,2.621680e-02,1.714890e-02,8.994314e-04,2.267021e-02,5.559743e-02,2.359477e-01,7.840529e-02,5.629602e-03,6.553636e-03,1.148736e-02,2.207671e-02
9.157727e-02,3.016181e-02,1.233036e-01,2.812657e-01,3.071968e-02,1.595060e-02,1.606750e-03,1.954518e-02,4.495146e-02,2.402765e-01,6.285382e-02,4.802951e-03,1.088124e-02,8.762530e-03,3.334097e-02
8.081155e-02,2.513377e-02,9.286167e-02,2.095936e-01,2.822853e-02,1.403124e-02,1.411317e-03,1.792306e-02,3.474654e-02,3.681778e-01,5.984526e-02,4.146448e-03,1.372082e-02,1.114446e-02,3.822393e-02
7.385895e-02,2.116774e-02,7.127640e-02,2.001451e-01,2.372060e-02,1.428438e-02,1.434880e-03,1.649448e-02,5.528478e-02,3.967550e-01,5.112557e-02,3.575706e-03,1.430474e-02,1.099689e-02,4.557483e-02
6.121678e-02,1.711252e-02,5.612218e-02,1.443543e-01,1.842816e-02,1.291576e-02,1.801867e-03,1.243601e-02,4.185657e-02,5.224431e-01,4.064161e-02,4.214858e-03,1.446677e-02,8.799082e-03,4.319045e-02
4.825403e-02,1.391629e-02,4.372487e-02,1.105611e-01,1.472013e-02,1.238455e-02,1.706015e-03,9.831462e-03,3.527812e-02,6.042370e-01,3.400964e-02,4.204020e-03,1.459618e-02,7.243186e-03,4.533352e-02
7.607419e-02,1.146893e-02,3.850869e-02,8.157821e-02,1.432664e-02,1.818569e-02,2.800365e-03,1.869572e-02,2.954942e-02,6.036173e-01,3.169376e-02,4.804756e-03,2.130830e-02,6.803337e-03,4.058461e-02
9.086026e-02,9.500905e-03,4.434734e-02,6.181772e-02,1.688790e-02,1.531544e-02,3.591739e-03,3.288222e-02,2.426552e-02,6.159053e-01,2.568896e-02,4.602667e-03,1.808498e-02,5.290643e-03,3.095831e-02
8.670831e-02,7.152446e-03,3.304348e-02,4.402930e-02,1.559309e-02,1.134800e-02,2.740930e-03,3.302073e-02,1.801030e-02,6.810629e-01,2.032590e-02,3.769717e-03,1.443907e-02,4.238656e-03,2.451709e-02
1.079846e-01,9.111989e-03,5.314776e-02,3.209998e-02,2.009515e-02,8.971044e-03,2.372344e-03,6.410509e-02,2.165548e-02,6.239917e-01,1.762905e-02,3.539796e-03,1.166157e-02,3.968611e-03,1.966581e-02
1.193201e-01,7.441040e-03,7.386892e-02,2.429599e-02,2.603298e-02,7.304230e-03,2.265207e-03,9.671183e-02,1.759862e-02,5.811142e-01,1.392062e-02,2.994891e-03,9.052210e-03,3.325313e-03,1.475395e-02
1.170910e-01,7.804394e-03,1.821474e-01,2.120067e-02,2.411539e-02,6.683146e-03,2.143042e-03,9.898362e-02,1.542985e-02,4.905573e-01,1.048915e-02,2.540563e-03,6.894773e-03,2.567833e-03,1.135205e-02
9.528640e-02,7.500784e-03,3.446937e-01,2.059177e-02,2.344812e-02,5.194654e-03,1.718635e-03,9.975230e-02,1.338266e-02,3.627013e-01,7.948145e-03,2.213571e-03,5.171290e-03,1.962522e-03,8.434189e-03
8.116805e-02,8.938817e-03,4.165367e-01,1.619050e-02,3.767068e-02,3.938715e-03,1.979980e-03,9.756930e-02,1.232743e-02,3.012249e-01,6.802763e-03,1.934306e-03,4.132982e-03,2.491856e-03,7.093079e-03
1.002807e-01,1.013304e-02,4.112008e-01,1.343858e-02,4.198714e-02,3.717622e-03,2.558665e-03,1.041411e-01,1.190262e-02,2.766163e-01,5.753015e-03,1.939481e-03,3.654233e-03,2.993297e-03,9.683479e-03
1.194709e-01,9.646269e-03,3.958742e-01,9.969251e-03,8.229859e-02,5.022153e-03,6.236269e-03,8.296656e-02,1.014416e-02,2.584675e-01,4.366334e-03,1.677286e-03,3.114748e-03,2.572159e-03,8.173713e-03
9.816857e-02,1.960223e-02,3.038374e-01,1.900384e-02,1.751080e-01,1.036478e-02,1.157686e-02,1.164415e-01,7.933343e-03,2.197700e-01,4.300377e-03,2.289079e-03,2.746932e-03,2.078269e-03,6.778858e-03
1.126752e-01,2.794151e-02,2.663310e-01,3.720621e-02,1.394209e-01,1.238837e-02,1.241179e-02,1.074332e-01,5.759521e-03,2.563221e-01,3.956775e-03,6.771909e-03,3.791191e-03,1.657772e-03,5.932698e-03
1.516095e-01,2.704997e-02,2.030762e-01,3.366883e-02,1.024153e-01,1.104645e-02,1.004335e-02,8.288682e-02,4.259211e-03,3.510290e-01,3.689097e-03,8.840786e-03,3.625396e-03,1.484470e-03,5.275641e-03
1.890382e-01,2.394149e-02,1.460187e-01,7.650792e-02,7.986222e-02,2.543394e-02,1.055382e-02,6.702602e-02,4.086727e-03,2.850780e-01,1.813272e-02,6.018903e-02,6.256118e-03,1.753361e-03,6.121786e-03
1.724011e-01,1.761723e-02,1.039568e-01,6.209715e-02,7.723682e-02,9.031355e-02,8.133952e-03,1.803297e-01,3.145178e-03,2.013293e-01,1.974194e-02,5.147311e-02,6.117323e-03,1.488309e-03,4.618614e-03
2.330155e-01,1.437985e-02,7.576711e-02,6.087161e-02,6.948009e-02,7.888249e-02,7.326034e-03,1.738199e-01,1.595671e-02,1.481711e-01,5.005815e-02,4.981868e-02,1.432617e-02,1.968069e-03,6.158554e-03
2.049054e-01,1.071480e-02,5.525905e-02,4.785620e-02,5.047664e-02,5.856219e-02,5.408459e-03,1.237640e-01,2.094352e-01,1.256422e-01,4.682944e-02,3.651170e-02,1.636072e-02,1.850944e-03,6.423046e-03
1.494434e-01,8.348703e-03,3.873987e-02,3.441441e-02,3.585533e-02,4.132549e-02,3.865814e-03,8.680414e-02,4.217317e-01,9.459765e-02,3.832524e-02,2.582082e-02,1.294473e-02,1.459135e-03,6.323656e-03
1.056700e-01,6.364147e-03,2.722120e-02,2.478667e-02,2.578468e-02,2.897962e-02,2.738244e-03,6.091212e-02,5.898157e-01,6.682684e-02,2.750703e-02,1.812114e-02,9.400807e-03,1.078590e-03,4.793288e-03
7.699181e-02,5.015587e-03,1.927455e-02,1.827339e-02,1.855836e-02,2.049304e-02,1.976528e-03,4.309598e-02,6.887634e-01,5.009332e-02,2.086261e-02,1.294412e-02,8.613079e-03,1.082177e-03,1.396213e-02
6.194156e-02,4.292007e-03,1.364290e-02,1.332976e-02,1.362709e-02,1.453128e-02,1.448659e-03,3.030996e-02,7.504181e-01,3.670445e-02,1.573414e-02,9.357844e-03,7.934511e-03,1.419695e-03,2.530815e-02
4.407316e-02,3.174286e-03,9.621554e-03,9.648763e-03,9.587544e-03,1.020326e-02,1.020555e-03,2.126481e-02,8.206816e-01,2.606463e-02,1.120498e-02,6.581114e-03,5.824018e-03,1.292875e-03,1.975687e-02
3.299884e-02,3.014314e-03,1.954235e-02,1.134352e-02,7.009369e-03,7.226681e-03,7.317201e-04,1.494289e-02,8.517471e-01,1.847916e-02,8.081203e-03,4.682656e-03,4.501696e-03,1.237745e-03,1.446079e-02
3.265352e-02,3.431038e-03,2.047949e-02,1.537853e-02,5.071805e-03,5.398997e-03,5.593574e-04,1.072015e-02,8.485153e-01,1.390570e-02,7.828658e-03,5.299472e-03,8.193624e-03,4.148885e-03,1.841555e-02
4.919532e-02,4.019575e-03,1.702531e-02,1.110092e-02,3.977707e-03,4.554208e-03,4.364938e-04,7.650949e-03,7.363786e-01,1.127386e-02,9.208756e-03,4.112619e-03,8.219329e-03,9.931105e-02,3.353540e-02
8.163422e-02,4.822149e-03,1.496730e-02,1.014779e-02,3.773554e-03,4.523435e-03,5.143822e-04,6.044952e-03,6.919653e-01,9.650303e-03,9.381575e-03,3.898916e-03,8.056924e-03,9.958920e-02,5.102999e-02
7.579607e-02,6.389773e-03,3.311916e-02,1.191997e-02,3.285787e-03,3.888215e-03,4.578891e-04,4.435210e-03,6.148294e-01,1.158801e-02,7.945315e-03,3.616899e-03,6.279311e-03,9.105778e-02,1.253912e-01
6.349720e-02,5.700728e-03,4.909505e-02,9.063008e-03,2.648748e-03,3.188497e-03,4.363994e-04,3.263918e-03,4.765055e-01,2.205035e-02,6.477521e-03,2.805829e-03,4.798699e-03,1.700930e-01,1.803755e-01
4.510051e-02,9.991027e-03,3.933978e-02,6.744468e-03,2.099646e-03,2.362222e-03,3.237338e-04,2.337034e-03,3.954259e-01,1.019039e-01,5.895526e-03,2.680268e-03,4.706630e-03,1.300329e-01,2.510564e-01
3.530010e-02,1.412613e-02,3.048138e-02,5.385747e-03,3.673522e-03,2.249421e-03,2.737840e-04,1.790671e-03,3.193206e-01,1.764753e-01,6.876802e-03,2.290192e-03,5.965948e-03,1.245159e-01,2.712744e-01
2.762240e-02,2.687335e-02,7.775921e-02,4.991422e-02,5.441067e-03,2.426199e-03,2.802383e-04,2.306493e-03,3.114845e-01,1.331199e-01,6.736866e-03,1.872471e-03,5.550023e-03,8.912841e-02,2.594847e-01
4.019351e-02,2.555364e-02,1.169580e-01,1.108648e-01,5.388412e-03,3.176664e-03,2.928203e-04,4.330510e-03,2.574930e-01,1.156555e-01,7.514647e-03,2.064130e-03,5.493750e-03,6.757534e-02,2.374453e-01
4.556508e-02,5.294861e-02,9.268753e-02,9.154963e-02,4.865210e-03,3.864582e-03,2.570706e-04,3.497243e-03,2.590446e-01,1.076639e-01,6.985764e-03,1.845692e-03,4.893088e-03,5.848992e-02,2.658421e-01
1.486299e-01,9.045212e-02,6.887828e-02,7.172433e-02,1.151243e-02,7.387111e-03,5.508036e-04,2.650791e-02,1.999872e-01,7.655612e-02,6.730382e-03,4.548240e-03,7.687984e-03,4.539863e-02,2.334486e-01
2.613759e-01,8.332357e-02,4.995756e-02,6.294216e-02,1.301405e-02,1.676320e-02,1.320336e-03,2.418749e-02,1.511595e-01,5.536127e-02,8.119494e-03,2.207599e-02,1.479857e-02,3.557048e-02,2.000305e-01
