1.000000e+00,0.000000e+00,0.000000e+00,0.000000e+00,0.000000e+00,0.000000e+00,0.000000e+00,0.000000e+00,0.000000e+00,0.000000e+00,0.000000e+00,0.000000e+00,0.000000e+00,0.000000e+00,0.000000e+00
1.000000e+00,0.000000e+00,0.000000e+00,0.000000e+00,0.000000e+00,0.000000e+00,0.000000e+00,0.000000e+00,0.000000e+00,0.000000e+00,0.000000e+00,0.000000e+00,0.000000e+00,0.000000e+00,0.000000e+00
1.000000e+00,0.000000e+00,0.000000e+00,0.000000e+00,0.000000e+00,0.000000e+00,0.000000e+00,0.000000e+00,0.000000e+00,0.000000e+00,0.000000e+00,0.000000e+00,0.000000e+00,0.000000e+00,0.000000e+00
1.000000e+00,0.000000e+00,0.000000e+00,0.000000e+00,0.000000e+00,0.000000e+00,0.000000e+00,0.000000e+00,0.000000e+00,0.000000e+00,0.000000e+00,0.000000e+00,0.000000e+00,0.000000e+00,0.000000e+00
1.000000e+00,0.000000e+00,0.000000e+00,0.000000e+00,0.000000e+00,0.000000e+00,0.000000e+00,0.000000e+00,0.000000e+00,0.000000e+00,0.000000e+00,0.000000e+00,0.000000e+00,0.000000e+00,0.000000e+00
1.000000e+00,0.000000e+00,0.000000e+00,0.000000e+00,0.000000e+00,0.000000e+00,0.000000e+00,0.000000e+00,0.000000e+00,0.000000e+00,0.000000e+00,0.000000e+00,0.000000e+00,0.000000e+00,0.000000e+00
1.000000e+00,0.000000e+00,0.000000e+00,0.000000e+00,0.000000e+00,0.000000e+00,0.000000e+00,0.000000e+00,0.000000e+00,0.000000e+00,0.000000e+00,0.000000e+00,0.000000e+00,0.000000e+00,0.000000e+00
1.000000e+00,0.000000e+00,0.000000e+00,0.000000e+00,0.000000e+00,0.000000e+00,0.000000e+00,0.000000e+00,0.000000e+00,0.000000e+00,0.000000e+00,0.000000e+00,0.000000e+00,0.000000e+00,0.000000e+00
1.000000e+00,0.000000e+00,0.000000e+00,0.000000e+00,0.000000e+00,0.000000e+00,0.000000e+00,0.000000e+00,0.000000e+00,0.000000e+00,0.000000e+00,0.000000e+00,0.000000e+00,0.000000e+00,0.000000e+00
1.000000e+00,0.000000e+00,0.000000e+00,0.000000e+00,0.000000e+00,0.000000e+00,0.000000e+00,0.000000e+00,0.000000e+00,0.000000e+00,0.000000e+00,0.000000e+00,0.000000e+00,0.000000e+00,0.000000e+00
1.000000e+00,0.000000e+00,0.000000e+00,0.000000e+00,0.000000e+00,0.000000e+00,0.000000e+00,0.000000e+00,0.000000e+00,0.000000e+00,0.000000e+00,0.000000e+00,0.000000e+00,0.000000e+00,0.000000e+00
1.000000e+00,0.000000e+00,0.000000e+00,0.000000e+00,0.000000e+00,0.000000e+00,0.000000e+00,0.000000e+00,0.000000e+00,0.000000e+00,0.000000e+00,0.000000e+00,0.000000e+00,0.000000e+00,0.000000e+00
1.000000e+00,0.000000e+00,0.000000e+00,0.000000e+00,0.000000e+00,0.000000e+00,0.000000e+00,0.000000e+00,0.000000e+00,0.000000e+00,0.000000e+00,0.000000e+00,0.000000e+00,0.000000e+00,0.000000e+00
1.000000e+00,0.000000e+00,0.000000e+00,0.000000e+00,0.000000e+00,0.000000e+00,0.000000e+00,0.000000e+00,0.000000e+00,0.000000e+00,0.000000e+00,0.000000e+00,0.000000e+00,0.000000e+00,0.000000e+00
1.000000e+00,0.000000e+00,0.000000e+00,0.000000e+00,0.000000e+00,0.000000e+00,0.000000e+00,0.000000e+00,0.000000e+00,0.000000e+00,0.000000e+00,0.000000e+00,0.000000e+00,0.000000e+00,0.000000e+00
1.000000e+00,0.000000e+00,0.000000e+00,0.000000e+00,0.000000e+00,0.000000e+00,0.000000e+00,0.000000e+00,0.000000e+00,0.000000e+00,0.000000e+00,0.000000e+00,0.000000e+00,0.000000e+00,0.000000e+00
1.000000e+00,0.000000e+00,0.000000e+00,0.000000e+00,0.000000e+00,0.000000e+00,0.000000e+00,0.000000e+00,0.000000e+00,0.000000e+00,0.000000e+00,0.000000e+00,0.000000e+00,0.000000e+00,0.000000e+00
1.000000e+00,0.000000e+00,0.000000e+00,0.000000e+00,0.000000e+00,0.000000e+00,0.000000e+00,0.000000e+00,0.000000e+00,0.000000e+00,0.000000e+00,0.000000e+00,0.000000e+00,0.000000e+00,0.000000e+00
1.000000e+00,0.000000e+00,0.000000e+00,0.000000e+00,0.000000e+00,0.000000e+00,0.000000e+00,0.000000e+00,0.000000e+00,0.000000e+00,0.000000e+00,0.000000e+00,0.000000e+00,0.000000e+00,0.000000e+00
1.000000e+00,0.000000e+00,0.000000e+00,0.000000e+00,0.000000e+00,0.000000e+00,0.000000e+00,0.000000e+00,0.000000e+00,0.000000e+00,0.000000e+00,0.000000e+00,0.000000e+00,0.000000e+00,0.000000e+00
1.000000e+00,0.000000e+00,0.000000e+00,0.000000e+00,0.000000e+00,0.000000e+00,0.000000e+00,0.000000e+00,0.000000e+00,0.000000e+00,0.000000e+00,0.000000e+00,0.000000e+00,0.000000e+00,0.000000e+00
1.000000e+00,0.000000e+00,0.000000e+00,0.000000e+00,0.000000e+00,0.000000e+00,0.000000e+00,0.000000e+00,0.000000e+00,0.000000e+00,0.000000e+00,0.000000e+00,0.000000e+00,0.000000e+00,0.000000e+00
1.000000e+00,0.000000e+00,0.000000e+00,0.000000e+00,0.000000e+00,0.000000e+00,0.000000e+00,0.000000e+00,0.000000e+00,0.000000e+00,0.000000e+00,0.000000e+00,0.000000e+00,0.000000e+00,0.000000e+00
1.000000e+00,0.000000e+00,0.000000e+00,0.000000e+00,0.000000e+00,0.000000e+00,0.000000e+00,0.000000e+00,0.000000e+00,0.000000e+00,0.000000e+00,0.000000e+00,0.000000e+00,0.000000e+00,0.000000e+00
1.000000e+00,0.000000e+00,0.000000e+00,0.000000e+00,0.000000e+00,0.000000e+00,0.000000e+00,0.000000e+00,0.000000e+00,0.000000e+00,0.000000e+00,0.000000e+00,0.000000e+00,0.000000e+00,0.000000e+00
1.000000e+00,0.000000e+00,0.000000e+00,0.000000e+00,0.000000e+00,0.000000e+00,0.000000e+00,0.000000e+00,0.000000e+00,0.000000e+00,0.000000e+00,0.000000e+00,0.000000e+00,0.000000e+00,0.000000e+00
1.000000e+00,0.000000e+00,0.000000e+00,0.000000e+00,0.000000e+00,0.000000e+00,0.000000e+00,0.000000e+00,0.000000e+00,0.000000e+00,0.000000e+00,0.000000e+00,0.000000e+00,0.000000e+00,0.000000e+00
1.000000e+00,0.000000e+00,0.000000e+00,0.000000e+00,0.000000e+00,0.000000e+00,0.000000e+00,0.000000e+00,0.000000e+00,0.000000e+00,0.000000e+00,0.000000e+00,0.000000e+00,0.000000e+00,0.000000e+00
1.000000e+00,0.000000e+00,0.000000e+00,0.000000e+00,0.000000e+00,0.000000e+00,0.000000e+00,0.000000e+00,0.000000e+00,0.000000e+00,0.000000e+00,0.000000e+00,0.000000e+00,0.000000e+00,0.000000e+00
1.000000e+00,0.000000e+00,0.000000e+00,0.000000e+00,0.000000e+00,0.000000e+00,0.000000e+00,0.000000e+00,0.000000e+00,0.000000e+00,0.000000e+00,0.000000e+00,0.000000e+00,0.000000e+00,0.000000e+00
1.000000e+00,0.000000e+00,0.000000e+00,0.000000e+00,0.000000e+00,0.000000e+00,0.000000e+00,0.000000e+00,0.000000e+00,0.000000e+00,0.000000e+00,0.000000e+00,0.000000e+00,0.000000e+00,0.000000e+00
1.000000e+00,0.000000e+00,0.000000e+00,0.000000e+00,0.000000e+00,0.000000e+00,0.000000e+00,0.000000e+00,0.000000e+00,0.000000e+00,0.000000e+00,0.000000e+00,0.000000e+00,0.000000e+00,0.000000e+00
1.000000e+00,0.000000e+00,0.000000e+00,0.000000e+00,0.000000e+00,0.000000e+00,0.000000e+00,0.000000e+00,0.000000e+00,0.000000e+00,0.000000e+00,0.000000e+00,0.000000e+00,0.000000e+00,0.000000e+00
1.000000e+00,0.000000e+00,0.000000e+00,0.000000e+00,0.000000e+00,0.000000e+00,0.000000e+00,0.000000e+00,0.000000e+00,0.000000e+00,0.000000e+00,0.000000e+00,0.000000e+00,0.000000e+00,0.000000e+00
1.000000e+00,0.000000e+00,0.000000e+00,0.000000e+00,0.000000e+00,0.000000e+00,0.000000e+00,0.000000e+00,0.000000e+00,0.000000e+00,0.000000e+00,0.000000e+00,0.000000e+00,0.000000e+00,0.000000e+00
1.000000e+00,0.000000e+00,0.000000e+00,0.000000e+00,0.000000e+00,0.000000e+00,0.000000e+00,0.000000e+00,0.000000e+00,0.000000e+00,0.000000e+00,0.000000e+00,0.000000e+00,0.000000e+00,0.000000e+00
1.000000e+00,0.000000e+00,0.000000e+00,0.000000e+00,0.000000e+00,0.000000e+00,0.000000e+00,0.000000e+00,0.000000e+00,0.000000e+00,0.000000e+00,0.000000e+00,0.000000e+00,0.000000e+00,0.000000e+00
1.000000e+00,0.000000e+00,0.000000e+00,0.000000e+00,0.000000e+00,0.000000e+00,0.000000e+00,0.000000e+00,0.000000e+00,0.000000e+00,0.000000e+00,0.000000e+00,0.000000e+00,0.000000e+00,0.000000e+00
1.000000e+00,0.000000e+00,0.000000e+00,0.000000e+00,0.000000e+00,0.000000e+00,0.000000e+00,0.000000e+00,0.000000e+00,0.000000e+00,0.000000e+00,0.000000e+00,0.000000e+00,0.000000e+00,0.000000e+00
1.000000e+00,0.000000e+00,0.000000e+00,0.000000e+00,0.000000e+00,0.000000e+00,0.000000e+00,0.000000e+00,0.000000e+00,0.000000e+00,0.000000e+00,0.000000e+00,0.000000e+00,0.000000e+00,0.000000e+00
1.000000e+00,0.000000e+00,0.000000e+00,0.000000e+00,0.000000e+00,0.000000e+00,0.000000e+00,0.000000e+00,0.000000e+00,0.000000e+00,0.000000e+00,0.000000e+00,0.000000e+00,0.000000e+00,0.000000e+00
1.000000e+00,0.000000e+00,0.000000e+00,0.000000e+00,0.000000e+00,0.000000e+00,0.000000e+00,0.000000e+00,0.000000e+00,0.000000e+00,0.000000e+00,0.000000e+00,0.000000e+00,0.000000e+00,0.000000e+00
1.000000e+00,0.000000e+00,0.000000e+00,0.000000e+00,0.000000e+00,0.000000e+00,0.000000e+00,0.000000e+00,0.000000e+00,0.000000e+00,0.000000e+00,0.000000e+00,0.000000e+00,0.000000e+00,0.000000e+00
4.904910e-01,7.087770e-02,4.154105e-02,1.317230e-01,1.997384e-02,2.226091e-02,7.553985e-03,2.202250e-02,2.517072e-02,4.806320e-03,2.896281e-02,3.354269e-02,2.167955e-02,1.275863e-02,6.663530e-02
4.661624e-01,7.128014e-02,4.898784e-02,1.349897e-01,2.029572e-02,2.263716e-02,7.967419e-03,2.155029e-02,2.467407e-02,6.037482e-03,2.741041e-02,3.427852e-02,2.213891e-02,1.207981e-02,7.951011e-02
4.678571e-01,6.791069e-02,5.640263e-02,1.379997e-01,2.197165e-02,2.148991e-02,7.631253e-03,2.236461e-02,2.179831e-02,5.507673e-03,2.696800e-02,3.620261e-02,2.362765e-02,1.128539e-02,7.098274e-02
1.000000e+00,0.000000e+00,0.000000e+00,0.000000e+00,0.000000e+00,0.000000e+00,0.000000e+00,0.000000e+00,0.000000e+00,0.000000e+00,0.000000e+00,0.000000e+00,0.000000e+00,0.000000e+00,0.000000e+00
1.000000e+00,0.000000e+00,0.000000e+00,0.000000e+00,0.000000e+00,0.000000e+00,0.000000e+00,0.000000e+00,0.000000e+00,0.000000e+00,0.000000e+00,0.000000e+00,0.000000e+00,0.000000e+00,0.000000e+00
1.000000e+00,0.000000e+00,0.000000e+00,0.000000e+00,0.000000e+00,0.000000e+00,0.000000e+00,0.000000e+00,0.000000e+00,0.000000e+00,0.000000e+00,0.000000e+00,0.000000e+00,0.000000e+00,0.000000e+00
1.000000e+00,0.000000e+00,0.000000e+00,0.000000e+00,0.000000e+00,0.000000e+00,0.000000e+00,0.000000e+00,0.000000e+00,0.000000e+00,0.000000e+00,0.000000e+00,0.000000e+00,0.000000e+00,0.000000e+00
1.000000e+00,0.000000e+00,0.000000e+00,0.000000e+00,0.000000e+00,0.000000e+00,0.000000e+00,0.000000e+00,0.000000e+00,0.000000e+00,0.000000e+00,0.000000e+00,0.000000e+00,0.000000e+00,0.000000e+00
1.000000e+00,0.000000e+00,0.000000e+00,0.000000e+00,0.000000e+00,0.000000e+00,0.000000e+00,0.000000e+00,0.000000e+00,0.000000e+00,0.000000e+00,0.000000e+00,0.000000e+00,0.000000e+00,0.000000e+00
1.000000e+00,0.000000e+00,0.000000e+00,0.000000e+00,0.000000e+00,0.000000e+00,0.000000e+00,0.000000e+00,0.000000e+00,0.000000e+00,0.000000e+00,0.000000e+00,0.000000e+00,0.000000e+00,0.000000e+00
1.000000e+00,0.000000e+00,0.000000e+00,0.000000e+00,0.000000e+00,0.000000e+00,0.000000e+00,0.000000e+00,0.000000e+00,0.000000e+00,0.000000e+00,0.000000e+00,0.000000e+00,0.000000e+00,0.000000e+00
1.000000e+00,0.000000e+00,0.000000e+00,0.000000e+00,0.000000e+00,0.000000e+00,0.000000e+00,0.000000e+00,0.000000e+00,0.000000e+00,0.000000e+00,0.000000e+00,0.000000e+00,0.000000e+00,0.000000e+00
4.026072e-01,2.629283e-02,9.312415e-03,1.486538e-01,9.850348e-03,1.715514e-02,2.286602e-03,4.111847e-03,6.081996e-03,4.934442e-02,1.051243e-01,1.120548e-01,9.112434e-02,2.992613e-03,1.300727e-02
2.963870e-01,1.911460e-02,6.555351e-03,1.147181e-01,2.278975e-02,1.350680e-02,2.571631e-03,3.037911e-03,1.093866e-01,4.316943e-02,9.530261e-02,1.810623e-01,8.026047e-02,2.505978e-03,9.631372e-03
2.083902e-01,1.358359e-02,4.797047e-03,8.334594e-02,3.650463e-02,1.717344e-02,2.598739e-03,2.881741e-03,1.798668e-01,3.102490e-02,8.829766e-02,2.542910e-01,6.819711e-02,2.185395e-03,6.861875e-03
1.467055e-01,9.616762e-03,3.460047e-03,5.966774e-02,3.869860e-02,2.493977e-02,2.126018e-03,2.875644e-03,1.699574e-01,2.230942e-02,6.898057e-02,3.889456e-01,5.500105e-02,1.825464e-03,4.890409e-03
1.053463e-01,6.815467e-03,2.698441e-03,4.310806e-02,3.111956e-02,1.999962e-01,2.705709e-03,3.378017e-03,1.352664e-01,1.588937e-02,5.149953e-02,3.498679e-01,4.707380e-02,1.535891e-03,3.699315e-03
7.401581e-02,4.797254e-03,2.027302e-03,3.059385e-02,2.280229e-02,2.027037e-01,2.061910e-03,3.756760e-03,1.077271e-01,1.133430e-02,3.852571e-02,4.557322e-01,4.013175e-02,1.172157e-03,2.618062e-03
5.439894e-02,3.590202e-03,1.855683e-03,2.210324e-02,2.159497e-02,1.821304e-01,3.799780e-03,5.394057e-03,1.786955e-01,8.397849e-03,3.753407e-02,4.382823e-01,3.940991e-02,9.219517e-04,1.891244e-03
4.052423e-02,2.784712e-03,2.043033e-03,1.620096e-02,1.598382e-02,2.879723e-01,3.683710e-03,5.136543e-03,1.467160e-01,7.143937e-03,2.853518e-02,4.083320e-01,3.254305e-02,8.235505e-04,1.576972e-03
3.082379e-02,2.077418e-03,2.238040e-03,1.163652e-02,1.228389e-02,3.054178e-01,4.257223e-03,8.732982e-03,1.116012e-01,5.961912e-03,2.119056e-02,4.545371e-01,2.734917e-02,6.880987e-04,1.204276e-03
2.487520e-02,1.794034e-03,1.980620e-03,8.347537e-03,9.282772e-03,2.512808e-01,3.697385e-03,8.066861e-03,8.566094e-02,5.260129e-03,1.534516e-02,5.479392e-01,3.488020e-02,5.633258e-04,1.025784e-03
1.864536e-02,1.793527e-03,1.557917e-03,5.914442e-03,7.745210e-03,1.936707e-01,2.876831e-03,6.321398e-03,7.312182e-02,4.798583e-03,1.130707e-02,6.398894e-01,3.110082e-02,4.567411e-04,8.002017e-04
1.404316e-02,1.682395e-03,1.270880e-03,4.190955e-03,6.922604e-03,1.683383e-01,3.583494e-03,5.799950e-03,6.056280e-02,5.006474e-03,8.474342e-03,6.887989e-01,3.022914e-02,4.135734e-04,6.829994e-04
1.077137e-02,1.479728e-03,1.160360e-03,2.992030e-03,5.711457e-03,1.321346e-01,3.227225e-03,5.954600e-03,4.842638e-02,4.747382e-03,6.455010e-03,7.516761e-01,2.438416e-02,3.487865e-04,5.307354e-04
8.416985e-03,1.438780e-03,9.999131e-04,2.159286e-03,6.384193e-03,9.778048e-02,2.887821e-03,4.973316e-03,4.469107e-02,4.141779e-03,5.047095e-03,8.010665e-01,1.930499e-02,2.958959e-04,4.118653e-04
9.496136e-03,6.281320e-03,2.453940e-03,1.777886e-03,7.925292e-03,9.285681e-02,3.372211e-03,2.037394e-02,1.473089e-01,3.754213e-03,4.815393e-03,6.796444e-01,1.920491e-02,3.311842e-04,4.035200e-04
1.611518e-02,1.237374e-02,2.743316e-03,3.470290e-03,1.197744e-02,9.977840e-02,9.713106e-03,1.937677e-02,2.441776e-01,3.496567e-03,4.499258e-03,5.557455e-01,1.570123e-02,2.963922e-04,5.351788e-04
1.537242e-02,3.705375e-02,4.473533e-03,4.564884e-03,1.222677e-02,1.325321e-01,1.109850e-02,1.776530e-02,3.083084e-01,3.506999e-03,3.668642e-03,4.354037e-01,1.302586e-02,3.067092e-04,6.923868e-04
2.857015e-02,4.102201e-02,5.360764e-03,3.781064e-03,1.802191e-02,1.171558e-01,2.218688e-02,1.629956e-02,2.595327e-01,3.897796e-03,3.574803e-03,4.677788e-01,1.139089e-02,3.377420e-04,1.089092e-03
4.157947e-02,6.450699e-02,6.759082e-03,3.445335e-03,1.944768e-02,1.064957e-01,3.083591e-02,1.242341e-02,2.544000e-01,3.483454e-03,4.115693e-03,4.394784e-01,9.975305e-03,2.881223e-04,2.765464e-03
5.009800e-02,8.438036e-02,8.342626e-03,6.452512e-03,5.321678e-02,9.073427e-02,4.794553e-02,2.310475e-02,2.715376e-01,3.672433e-03,3.403896e-03,3.446599e-01,8.589594e-03,2.638944e-04,3.597789e-03
4.646932e-02,7.521860e-02,1.940819e-02,1.143145e-02,6.417803e-02,6.978232e-02,6.119499e-02,1.293564e-01,2.414847e-01,5.471569e-03,2.670892e-03,2.555665e-01,8.355395e-03,2.770170e-04,9.134682e-03
4.518727e-02,6.884506e-02,2.190018e-02,1.016546e-02,7.962531e-02,5.509066e-02,8.906644e-02,1.904304e-01,2.315256e-01,4.330588e-03,2.006623e-03,1.851993e-01,8.881463e-03,2.251260e-04,7.520507e-03
6.412178e-02,6.455149e-02,1.744766e-02,8.655126e-03,9.199398e-02,4.922280e-02,8.555919e-02,2.329653e-01,2.177293e-01,3.264943e-03,1.857247e-03,1.418309e-01,1.470512e-02,2.217833e-04,5.873413e-03
7.783923e-02,6.114701e-02,1.439679e-02,7.185673e-03,1.025716e-01,4.641087e-02,9.121154e-02,2.344551e-01,2.289836e-01,2.464953e-03,2.020381e-03,1.126873e-01,1.389383e-02,2.174431e-04,4.514650e-03
9.456187e-02,5.911285e-02,1.654263e-02,2.034467e-02,1.217136e-01,4.841885e-02,8.582602e-02,1.868164e-01,2.266959e-01,6.277938e-03,3.481040e-03,9.268267e-02,2.739118e-02,4.113523e-04,9.722958e-03
1.498643e-01,5.125403e-02,1.205424e-02,1.986057e-02,1.256543e-01,4.740303e-02,7.545225e-02,1.538218e-01,2.299719e-01,6.243307e-03,5.749016e-03,6.851158e-02,3.281908e-02,1.035101e-03,2.030544e-02
3.017571e-01,3.853181e-02,8.742309e-03,1.952836e-02,1.022007e-01,3.933778e-02,6.445533e-02,1.118596e-01,1.786776e-01,5.387594e-03,6.683338e-03,5.316938e-02,5.040656e-02,1.724266e-03,1.753828e-02
4.251770e-01,2.878784e-02,6.684043e-03,1.736179e-02,7.558434e-02,3.901673e-02,4.983387e-02,7.939254e-02,1.338964e-01,4.951837e-03,7.834719e-03,4.555732e-02,6.598754e-02,2.070001e-03,1.786400e-02
4.959727e-01,2.194792e-02,4.969561e-03,1.439430e-02,5.456766e-02,4.438736e-02,3.769074e-02,5.603122e-02,1.031712e-01,5.772653e-03,8.942250e-03,4.027149e-02,9.245531e-02,2.733760e-03,1.669181e-02
1.000000e+00,0.000000e+00,0.000000e+00,0.000000e+00,0.000000e+00,0.000000e+00,0.000000e+00,0.000000e+00,0.000000e+00,0.000000e+00,0.000000e+00,0.000000e+00,0.000000e+00,0.000000e+00,0.000000e+00
1.000000e+00,0.000000e+00,0.000000e+00,0.000000e+00,0.000000e+00,0.000000e+00,0.000000e+00,0.000000e+00,0.000000e+00,0.000000e+00,0.000000e+00,0.000000e+00,0.000000e+00,0.000000e+00,0.000000e+00
4.726419e-01,1.078410e-02,2.113568e-03,8.574327e-03,2.026324e-02,3.837431e-02,1.719855e-02,1.944275e-02,4.464351e-02,2.044454e-02,5.659919e-02,1.215131e-01,1.361539e-01,6.403662e-03,2.484930e-02
4.084431e-01,1.694413e-02,1.679860e-03,6.819744e-03,1.439855e-02,2.806971e-02,1.250622e-02,1.362629e-02,3.682933e-02,3.669900e-02,6.445083e-02,1.323866e-01,1.891626e-01,8.762497e-03,2.922156e-02
3.123707e-01,3.577348e-02,1.448145e-03,5.050014e-03,1.024554e-02,2.027217e-02,8.938340e-03,9.562695e-03,4.066827e-02,7.202283e-02,6.650574e-02,1.394160e-01,2.174405e-01,1.605554e-02,4.422991e-02
2.232499e-01,2.951388e-02,1.119064e-03,3.743605e-03,7.282246e-03,1.466561e-02,6.395872e-03,6.766716e-03,4.392151e-02,1.800781e-01,6.056427e-02,1.716164e-01,1.860367e-01,1.975883e-02,4.528726e-02
1.613590e-01,2.265858e-02,8.323184e-04,2.812520e-03,5.167332e-03,1.065924e-02,4.700252e-03,4.765268e-03,3.915273e-02,2.966787e-01,5.297253e-02,2.024767e-01,1.370058e-01,1.839881e-02,4.036017e-02
1.171690e-01,1.992594e-02,6.408683e-04,2.221655e-03,3.688172e-03,7.983568e-03,3.406864e-03,3.377819e-03,3.844959e-02,3.346246e-01,6.232166e-02,2.431474e-01,1.012455e-01,1.881945e-02,4.297797e-02
8.282536e-02,8.885760e-02,1.193263e-03,1.649916e-03,2.820939e-03,1.161610e-02,2.410858e-03,2.412790e-03,9.862654e-02,2.720256e-01,6.314000e-02,2.097562e-01,7.340302e-02,1.866584e-02,7.059596e-02
5.892203e-02,9.697504e-02,1.587193e-03,1.207127e-03,2.254295e-03,1.426897e-02,1.735332e-03,1.759612e-03,1.210179e-01,2.671559e-01,8.616386e-02,1.859499e-01,5.286096e-02,2.850311e-02,7.963876e-02
4.482762e-02,9.029314e-02,1.446078e-02,1.384277e-03,3.539316e-03,1.718322e-02,1.863344e-03,3.540605e-03,1.764888e-01,2.879981e-01,7.913560e-02,1.472746e-01,3.822482e-02,2.886384e-02,6.492196e-02
3.620094e-02,7.363312e-02,1.169703e-02,1.110874e-03,5.012440e-03,3.511948e-02,1.529064e-03,2.912915e-03,2.927127e-01,2.552415e-01,7.203511e-02,1.047868e-01,2.693764e-02,3.190038e-02,4.917010e-02
3.850621e-02,6.787985e-02,1.586801e-02,1.814913e-03,1.011879e-02,4.551133e-02,1.444856e-03,4.633782e-03,3.478327e-01,2.407893e-01,5.526972e-02,7.572660e-02,1.930068e-02,2.716928e-02,4.813400e-02
3.554834e-02,1.005373e-01,1.776189e-02,3.798725e-03,1.182412e-02,6.259696e-02,1.151669e-03,4.859735e-03,4.030256e-01,1.825065e-01,3.983004e-02,5.446266e-02,1.393939e-02,1.988790e-02,4.826923e-02
3.169905e-02,9.175628e-02,1.775829e-02,3.722380e-03,1.120105e-02,7.784536e-02,8.767456e-03,9.318152e-03,4.454551e-01,1.520990e-01,2.945125e-02,4.169364e-02,2.143550e-02,1.441443e-02,4.338305e-02
2.916465e-02,7.890476e-02,2.130601e-02,2.784987e-03,1.066497e-02,6.828105e-02,9.195869e-02,3.579514e-02,4.328738e-01,1.175109e-01,2.160362e-02,2.957249e-02,1.689230e-02,1.096152e-02,3.172518e-02
3.273900e-02,6.430880e-02,2.785973e-02,3.014698e-03,1.550387e-02,1.041365e-01,1.018763e-01,9.301917e-02,3.782193e-01,9.502888e-02,1.658017e-02,2.141274e-02,1.317856e-02,8.316734e-03,2.480556e-02
3.592724e-02,5.166689e-02,4.149061e-02,3.634594e-03,1.808467e-02,1.095893e-01,8.669851e-02,1.929601e-01,3.246361e-01,7.299380e-02,1.243459e-02,1.527400e-02,9.753452e-03,6.144348e-03,1.871169e-02
5.540662e-02,8.689693e-02,4.696212e-02,5.057307e-03,1.871550e-02,1.197221e-01,6.997423e-02,1.953662e-01,2.984420e-01,5.282698e-02,9.912026e-03,1.180692e-02,8.025330e-03,5.650762e-03,1.523498e-02
6.780005e-02,1.245396e-01,3.987395e-02,7.797567e-03,2.172987e-02,1.153143e-01,5.679258e-02,1.930518e-01,2.823372e-01,3.843107e-02,9.326566e-03,1.247146e-02,9.795459e-03,4.871195e-03,1.586739e-02
7.963010e-02,1.148834e-01,5.645428e-02,1.124992e-02,3.505609e-02,8.771683e-02,8.622407e-02,1.789539e-01,2.661774e-01,2.874853e-02,8.442394e-03,1.300266e-02,1.321452e-02,6.563100e-03,1.368273e-02
1.073671e-01,1.645283e-01,5.721042e-02,1.387823e-02,3.896637e-02,6.623003e-02,7.125038e-02,1.611523e-01,2.480177e-01,2.154966e-02,7.219417e-03,1.252830e-02,1.134188e-02,7.134805e-03,1.162514e-02
1.604950e-01,1.922799e-01,5.522852e-02,1.419224e-02,4.093019e-02,4.917469e-02,5.705732e-02,1.453046e-01,2.204652e-01,1.730627e-02,6.180047e-03,1.102736e-02,9.577315e-03,1.088460e-02,9.896694e-03
2.631346e-01,1.773425e-01,5.231325e-02,1.246906e-02,3.233778e-02,3.831290e-02,4.797452e-02,1.251480e-01,1.810184e-01,1.534186e-02,6.259994e-03,1.466187e-02,1.016503e-02,1.093251e-02,1.258784e-02
3.535470e-01,1.419060e-01,5.342421e-02,1.140016e-02,2.777489e-02,3.093513e-02,4.406383e-02,1.157626e-01,1.509362e-01,1.371517e-02,6.839967e-03,1.644805e-02,1.039588e-02,8.814443e-03,1.403651e-02
4.330320e-01,1.051035e-01,5.327384e-02,1.396815e-02,2.337723e-02,2.605999e-02,3.261885e-02,1.273631e-01,1.189193e-01,1.154203e-02,6.703868e-03,1.845809e-02,9.734760e-03,6.967639e-03,1.287766e-02
1.000000e+00,0.000000e+00,0.000000e+00,0.000000e+00,0.000000e+00,0.000000e+00,0.000000e+00,0.000000e+00,0.000000e+00,0.000000e+00,0.000000e+00,0.000000e+00,0.000000e+00,0.000000e+00,0.000000e+00
1.000000e+00,0.000000e+00,0.000000e+00,0.000000e+00,0.000000e+00,0.000000e+00,0.000000e+00,0.000000e+00,0.000000e+00,0.000000e+00,0.000000e+00,0.000000e+00,0.000000e+00,0.000000e+00,0.000000e+00
1.000000e+00,0.000000e+00,0.000000e+00,0.000000e+00,0.000000e+00,0.000000e+00,0.000000e+00,0.000000e+00,0.000000e+00,0.000000e+00,0.000000e+00,0.000000e+00,0.000000e+00,0.000000e+00,0.000000e+00
1.000000e+00,0.000000e+00,0.000000e+00,0.000000e+00,0.000000e+00,0.000000e+00,0.000000e+00,0.000000e+00,0.000000e+00,0.000000e+00,0.000000e+00,0.000000e+00,0.000000e+00,0.000000e+00,0.000000e+00
1.000000e+00,0.000000e+00,0.000000e+00,0.000000e+00,0.000000e+00,0.000000e+00,0.000000e+00,0.000000e+00,0.000000e+00,0.000000e+00,0.000000e+00,0.000000e+00,0.000000e+00,0.000000e+00,0.000000e+00
1.000000e+00,0.000000e+00,0.000000e+00,0.000000e+00,0.000000e+00,0.000000e+00,0.000000e+00,0.000000e+00,0.000000e+00,0.000000e+00,0.000000e+00,0.000000e+00,0.000000e+00,0.000000e+00,0.000000e+00
1.000000e+00,0.000000e+00,0.000000e+00,0.000000e+00,0.000000e+00,0.000000e+00,0.000000e+00,0.000000e+00,0.000000e+00,0.000000e+00,0.000000e+00,0.000000e+00,0.000000e+00,0.000000e+00,0.000000e+00
4.735676e-01,1.182207e-02,1.742908e-02,7.870288e-03,6.161598e-03,1.419871e-02,4.171338e-03,1.548795e-02,1.680200e-02,4.343679e-02,2.344070e-01,6.898100e-02,4.522361e-03,7.112802e-02,1.001416e-02
3.921584e-01,9.813159e-03,1.351526e-02,6.811834e-03,6.466548e-03,1.335338e-02,3.263520e-03,1.166527e-02,1.413744e-02,3.521712e-02,3.118019e-01,7.274539e-02,3.749934e-03,9.774645e-02,7.554369e-03
2.806569e-01,7.438035e-03,9.548763e-03,5.088608e-03,4.991285e-03,1.004390e-02,2.404159e-03,8.273473e-03,1.192585e-02,2.896760e-02,4.687168e-01,6.152213e-02,3.156272e-03,9.168105e-02,5.585134e-03
1.988628e-01,6.607783e-03,6.742996e-03,3.712035e-03,3.793073e-03,7.344670e-03,1.731283e-03,5.846244e-03,1.776905e-02,2.683334e-02,5.824537e-01,5.241010e-02,2.678632e-03,7.897465e-02,4.239548e-03
1.398505e-01,5.110502e-03,4.734958e-03,2.626905e-03,2.730256e-03,5.366813e-03,1.226232e-03,4.110145e-03,1.672351e-02,2.136867e-02,6.810629e-01,4.257042e-02,2.242538e-03,6.722608e-02,3.049480e-03
9.796849e-02,3.723913e-03,3.321921e-03,1.860361e-03,1.965961e-03,3.941101e-03,8.619505e-04,2.886234e-03,1.365494e-02,1.641485e-02,7.555788e-01,3.381902e-02,1.797292e-03,6.003925e-02,2.165924e-03
6.888495e-02,3.935979e-03,2.382885e-03,1.323631e-03,1.441206e-03,3.425473e-03,6.254416e-04,2.068487e-03,1.280426e-02,1.455815e-02,7.712219e-01,3.450433e-02,1.460687e-03,7.978861e-02,1.573930e-03
4.832568e-02,5.961314e-02,2.413701e-03,9.522286e-04,1.209985e-03,6.746348e-03,4.798159e-04,1.549334e-03,4.438638e-02,1.346360e-02,7.114574e-01,3.337533e-02,1.237304e-03,7.358354e-02,1.206243e-03
3.403497e-02,4.851678e-02,2.891577e-03,7.265197e-04,1.114093e-03,1.541084e-02,3.761323e-04,1.289163e-03,6.706630e-02,1.569803e-02,6.831878e-01,4.280467e-02,1.231165e-03,8.465622e-02,9.956992e-04
2.451235e-02,4.299708e-02,5.661858e-02,1.448249e-03,1.817661e-03,3.172438e-02,9.404410e-04,8.398305e-03,9.219345e-02,1.983812e-02,5.876949e-01,4.011978e-02,1.597591e-03,8.918430e-02,9.148137e-04
1.950219e-02,4.337991e-02,5.816245e-02,2.068890e-03,1.950316e-03,6.009508e-02,1.446068e-03,1.681262e-02,1.202901e-01,1.748721e-02,4.955553e-01,3.192388e-02,1.423448e-03,1.289362e-01,9.662833e-04
1.645881e-02,4.834015e-02,5.115867e-02,2.203265e-03,2.288894e-03,1.304247e-01,1.077713e-03,1.557101e-02,1.782207e-01,1.674355e-02,3.917461e-01,2.498651e-02,1.334001e-03,1.181733e-01,1.272656e-03
1.437724e-02,6.062273e-02,4.573334e-02,2.259109e-03,8.496065e-03,1.715813e-01,8.007871e-04,1.269447e-02,2.069255e-01,1.514287e-02,3.361837e-01,2.007346e-02,1.441384e-03,9.987839e-02,3.789674e-03
1.676625e-02,5.054380e-02,5.961312e-02,3.824546e-03,2.586560e-02,1.660505e-01,7.094761e-04,4.223441e-02,2.293906e-01,1.675762e-02,2.812965e-01,1.574469e-02,2.119405e-03,7.942307e-02,9.660397e-03
2.279266e-02,4.815622e-02,7.336183e-02,4.411759e-03,4.432412e-02,1.857712e-01,7.013213e-04,4.629574e-02,2.233563e-01,1.695136e-02,2.387135e-01,1.202508e-02,2.198515e-03,6.815157e-02,1.278892e-02
2.736593e-02,4.041327e-02,6.962123e-02,1.924284e-02,4.486994e-02,1.511431e-01,6.493834e-04,1.228672e-01,2.196279e-01,1.704182e-02,1.846738e-01,1.450450e-02,4.043032e-03,5.834725e-02,2.558876e-02
2.779968e-02,4.233610e-02,7.339919e-02,2.939923e-02,4.386472e-02,1.319278e-01,6.177030e-04,1.192145e-01,2.428175e-01,1.940186e-02,1.530026e-01,2.846363e-02,6.028806e-03,4.394784e-02,3.777884e-02
2.304959e-02,3.418631e-02,5.194034e-02,2.176071e-02,3.410306e-02,1.030070e-01,5.765927e-04,8.737296e-02,4.101029e-01,1.463957e-02,1.128567e-01,3.850430e-02,6.465152e-03,3.235035e-02,2.908456e-02
1.915015e-02,2.789554e-02,3.682055e-02,1.609152e-02,2.485851e-02,1.567318e-01,4.527997e-04,6.235307e-02,4.614311e-01,1.123740e-02,8.505572e-02,3.687137e-02,6.261964e-03,2.704936e-02,2.773923e-02
1.571705e-02,2.357057e-02,2.700707e-02,1.302657e-02,1.886953e-02,2.284096e-01,3.370293e-04,4.507248e-02,4.298934e-01,1.384673e-02,7.241850e-02,2.789924e-02,5.083619e-03,3.645453e-02,4.239415e-02
1.231644e-02,1.976138e-02,2.028756e-02,1.790001e-02,1.596818e-02,2.290317e-01,2.617675e-04,3.431842e-02,4.608933e-01,1.733547e-02,6.021646e-02,2.795568e-02,5.271881e-03,3.181051e-02,4.667134e-02
1.124933e-02,1.491916e-02,1.599905e-02,2.054470e-02,1.592340e-02,1.725617e-01,2.732692e-04,3.321388e-02,5.081156e-01,1.673406e-02,7.048546e-02,5.379383e-02,5.743300e-03,2.598386e-02,3.445933e-02
1.152579e-02,1.603297e-02,1.387000e-02,1.738040e-02,1.637884e-02,1.233152e-01,2.706848e-04,6.094572e-02,5.398984e-01,1.837504e-02,6.871215e-02,6.019085e-02,5.957103e-03,2.229978e-02,2.484721e-02
1.921199e-02,1.881723e-02,1.164626e-02,1.443133e-02,1.348120e-02,1.126253e-01,8.518865e-04,7.522506e-02,4.750046e-01,2.238566e-02,1.196338e-01,6.588443e-02,1.001525e-02,2.250585e-02,1.828020e-02
2.475420e-02,1.749167e-02,9.999557e-03,1.372627e-02,1.109491e-02,1.811965e-01,1.537800e-03,6.545863e-02,3.852465e-01,2.159262e-02,1.542840e-01,6.446551e-02,1.431929e-02,2.046180e-02,1.437082e-02
2.502163e-02,1.445639e-02,9.381484e-03,1.179684e-02,1.004506e-02,1.738925e-01,1.721665e-03,5.084633e-02,3.137935e-01,1.704382e-02,1.842811e-01,1.341409e-01,2.691462e-02,1.583715e-02,1.082701e-02
2.277572e-02,1.244680e-02,7.554102e-03,9.258574e-03,9.490941e-03,1.433499e-01,1.601299e-03,3.826401e-02,2.746483e-01,1.338637e-02,1.841072e-01,2.274494e-01,3.467532e-02,1.267103e-02,8.321103e-03
1.974580e-02,1.161769e-02,6.693307e-03,7.544918e-03,9.435927e-03,1.044197e-01,1.322646e-03,3.567928e-02,2.838444e-01,1.241421e-02,1.545064e-01,2.933715e-01,4.075195e-02,1.181675e-02,6.835713e-03
1.467684e-02,1.299510e-02,1.157184e-02,8.525973e-03,9.356108e-03,7.695819e-02,1.146112e-03,3.374401e-02,2.579063e-01,1.038785e-02,1.227987e-01,3.702003e-01,5.286448e-02,1.089136e-02,5.976852e-03
1.186471e-02,1.180238e-02,1.311279e-02,7.837998e-03,9.856827e-03,5.765940e-02,1.261935e-03,3.600136e-02,2.596532e-01,1.101024e-02,1.009842e-01,4.058987e-01,5.328250e-02,1.318317e-02,6.590680e-03
9.113174e-03,3.356978e-02,1.735392e-02,6.007356e-03,1.858902e-02,4.077209e-02,1.206772e-03,2.790944e-02,4.193535e-01,8.104078e-03,7.411158e-02,2.902048e-01,3.862867e-02,1.001554e-02,5.060314e-03
7.406842e-03,4.809918e-02,1.915006e-02,4.678359e-03,1.799290e-02,2.895434e-02,1.007197e-03,2.404536e-02,5.398444e-01,6.047613e-03,5.336187e-02,2.076166e-01,2.805462e-02,9.555118e-03,4.185477e-03
7.259516e-03,6.759219e-02,2.594270e-02,3.761643e-03,3.211443e-02,2.155116e-02,1.058041e-03,2.235439e-02,5.939205e-01,4.792823e-03,3.933388e-02,1.467016e-01,2.032560e-02,1.004821e-02,3.243218e-03
1.386391e-02,9.324598e-02,7.922166e-02,1.482034e-02,5.616930e-02,1.658668e-02,1.302951e-03,2.851614e-02,5.256528e-01,7.008794e-03,2.903416e-02,1.056057e-01,1.542681e-02,8.845098e-03,4.699666e-03
1.861120e-02,1.072889e-01,7.236036e-02,1.539040e-02,7.731764e-02,1.619472e-02,1.744850e-03,2.738144e-02,5.205337e-01,1.357783e-02,2.247974e-02,7.963043e-02,1.241594e-02,7.332089e-03,7.740655e-03
2.614358e-02,8.225677e-02,7.260136e-02,6.369530e-02,1.134693e-01,1.291830e-02,3.025913e-03,3.715727e-02,4.712014e-01,1.297875e-02,1.916883e-02,6.263816e-02,1.061244e-02,5.319051e-03,6.813536e-03
3.204702e-02,6.517076e-02,7.648717e-02,1.057236e-01,1.044691e-01,1.074960e-02,2.629223e-03,3.219564e-02,3.834193e-01,1.771042e-02,8.514301e-02,5.577689e-02,1.607315e-02,4.690848e-03,7.714332e-03
3.852290e-02,4.988016e-02,5.585340e-02,9.851878e-02,8.907291e-02,9.179559e-03,1.928630e-03,2.953791e-02,2.993279e-01,1.729273e-02,1.957776e-01,5.577043e-02,4.370674e-02,7.157328e-03,8.473120e-03
3.289357e-02,3.587392e-02,3.980907e-02,8.119404e-02,6.817344e-02,8.100443e-03,1.422543e-03,2.142488e-02,2.250784e-01,2.175206e-02,2.749766e-01,6.305906e-02,7.371536e-02,3.874896e-02,1.377774e-02
2.571697e-02,2.560039e-02,2.819851e-02,6.348586e-02,5.240697e-02,7.104964e-03,1.076747e-03,1.523123e-02,1.659034e-01,2.602946e-02,3.506879e-01,5.455484e-02,6.343424e-02,1.049530e-01,1.561561e-02
2.021588e-02,1.831988e-02,2.027158e-02,5.026490e-02,4.059295e-02,6.432906e-03,8.714212e-04,1.101207e-02,1.260237e-01,2.381166e-02,4.681697e-01,4.402606e-02,4.878625e-02,1.040623e-01,1.713874e-02
1.612742e-02,1.703278e-02,1.553641e-02,3.831548e-02,3.182146e-02,5.299530e-03,6.711278e-04,7.969410e-03,9.404968e-02,2.009196e-02,5.664909e-01,3.401115e-02,3.650546e-02,1.007195e-01,1.535774e-02
1.680223e-02,1.628027e-02,2.849490e-02,4.108170e-02,2.503145e-02,5.752541e-03,7.626829e-04,3.543221e-02,9.365603e-02,1.930898e-02,5.143422e-01,2.757506e-02,3.117475e-02,1.279964e-01,1.630859e-02
2.064865e-02,1.904659e-02,4.088674e-02,3.540686e-02,1.947583e-02,7.289539e-03,7.950934e-04,3.244975e-02,7.257498e-02,2.154693e-02,4.805239e-01,2.242199e-02,2.391002e-02,1.853286e-01,1.769459e-02
2.194337e-02,1.861716e-02,3.674631e-02,2.743601e-02,1.453708e-02,6.575819e-03,7.449498e-04,3.065897e-02,5.499847e-02,2.016063e-02,5.031921e-01,1.693299e-02,1.809425e-02,2.151352e-01,1.422669e-02
2.679569e-02,1.858646e-02,9.635002e-02,2.992433e-02,1.198110e-02,8.825427e-03,1.034510e-03,4.880157e-02,5.583756e-02,2.118628e-02,4.233051e-01,1.390366e-02,1.496218e-02,2.135897e-01,1.491639e-02
2.682315e-02,1.699634e-02,8.436611e-02,2.239385e-02,9.023261e-03,6.697537e-03,8.162560e-04,4.580310e-02,4.335700e-02,1.812623e-02,3.929613e-01,1.066138e-02,1.142854e-02,2.963887e-01,1.415728e-02
2.710829e-02,1.547546e-02,6.455070e-02,1.671698e-02,6.733849e-03,5.411930e-03,7.080449e-04,3.876422e-02,3.342712e-02,1.443645e-02,3.029931e-01,7.727340e-03,8.258121e-03,4.460639e-01,1.162449e-02
3.516290e-02,1.656911e-02,6.589989e-02,1.708776e-02,6.218234e-03,4.974232e-03,6.954546e-04,7.713610e-02,2.986261e-02,1.196816e-02,2.212927e-01,5.590915e-03,6.162560e-03,4.925009e-01,8.878480e-03
3.918183e-02,1.454590e-02,1.480436e-01,3.949126e-02,6.914604e-03,6.402614e-03,8.380771e-04,9.660096e-02,2.810573e-02,9.448418e-03,1.609865e-01,4.317293e-03,5.183316e-03,4.324626e-01,7.477241e-03
4.555186e-02,1.484143e-02,1.783136e-01,4.233060e-02,1.019244e-02,5.393499e-03,6.731059e-04,8.974339e-02,2.321700e-02,8.235076e-03,1.148643e-01,3.193649e-03,3.859985e-03,4.523108e-01,7.279182e-03
6.492988e-02,1.813854e-02,2.349462e-01,4.425965e-02,1.426878e-02,5.307884e-03,5.808973e-04,7.843123e-02,2.312219e-02,8.213769e-03,8.334013e-02,2.481640e-03,3.038160e-03,4.129574e-01,5.983622e-03
1.006268e-01,2.405510e-02,3.241652e-01,4.594275e-02,1.921013e-02,5.784396e-03,4.989653e-04,6.277458e-02,2.579879e-02,1.175649e-02,6.078858e-02,2.673544e-03,2.833388e-03,3.057046e-01,7.386771e-03
7.885128e-02,1.844256e-02,4.957469e-01,4.046088e-02,1.452426e-02,4.477641e-03,3.797827e-04,5.173023e-02,1.907585e-02,8.686885e-03,4.272312e-02,2.001313e-03,2.190092e-03,2.150658e-01,5.643382e-03
6.659804e-02,1.450794e-02,6.065562e-01,3.343542e-02,1.239081e-02,3.437764e-03,3.463444e-04,5.019512e-02,1.493934e-02,6.713012e-03,3.008119e-02,1.532312e-03,1.657116e-03,1.532996e-01,4.309847e-03
7.678922e-02,2.157065e-02,6.418096e-01,3.149599e-02,1.337671e-02,3.204700e-03,5.242081e-04,5.281774e-02,1.382735e-02,6.801474e-03,2.143878e-02,1.290131e-03,1.512686e-03,1.094764e-01,4.064473e-03
9.911494e-02,2.679164e-02,6.479216e-01,2.872579e-02,1.611912e-02,3.074631e-03,8.679735e-04,5.282705e-02,1.701300e-02,5.962965e-03,1.544323e-02,1.342856e-03,1.564885e-03,7.923688e-02,3.993526e-03
1.233824e-01,2.820314e-02,6.465614e-01,2.710456e-02,1.960934e-02,4.155336e-03,1.158611e-03,4.763056e-02,1.996127e-02,5.686090e-03,1.126754e-02,1.788205e-03,1.779883e-03,5.608701e-02,5.624695e-03
1.718888e-01,2.266081e-02,6.392056e-01,1.948385e-02,1.473758e-02,5.380343e-03,8.504461e-04,3.520531e-02,1.653871e-02,7.529390e-03,1.087813e-02,2.300263e-03,2.031045e-03,4.286281e-02,8.447006e-03
2.485782e-01,1.750394e-02,5.632126e-01,1.406693e-02,1.071362e-02,6.427589e-03,6.217877e-04,2.508318e-02,2.304083e-02,1.753165e-02,1.491287e-02,3.234968e-03,3.301348e-03,3.671958e-02,1.505088e-02
3.283123e-01,1.715854e-02,4.219958e-01,1.220196e-02,8.360691e-03,7.738661e-03,6.388311e-04,1.858109e-02,3.464132e-02,3.278023e-02,3.238520e-02,6.360770e-03,1.621263e-02,4.619577e-02,1.643620e-02
3.521865e-01,1.593192e-02,3.091941e-01,1.295938e-02,6.488308e-03,7.322211e-03,5.836921e-04,1.390066e-02,6.512779e-02,3.931667e-02,6.799818e-02,8.665483e-03,3.335768e-02,4.753636e-02,1.943098e-02
2.852310e-01,1.746239e-02,2.264659e-01,2.738056e-02,6.324471e-03,6.398272e-03,6.373035e-04,1.159852e-02,1.140371e-01,3.427007e-02,1.236917e-01,9.482227e-03,3.899119e-02,7.776212e-02,2.026724e-02
2.197532e-01,1.871865e-02,1.617880e-01,2.750474e-02,7.851532e-03,5.699142e-03,1.355160e-03,8.614536e-03,1.551346e-01,3.089950e-02,1.401441e-01,1.030891e-02,3.654289e-02,1.475378e-01,2.814733e-02
1.724221e-01,1.937947e-02,1.161947e-01,3.610707e-02,8.481663e-03,4.785927e-03,1.879542e-03,7.224105e-03,2.461184e-01,2.894686e-02,1.343007e-01,8.413903e-03,3.059450e-02,1.570285e-01,2.812258e-02
1.396019e-01,1.538030e-02,8.291491e-02,4.624487e-02,7.623844e-03,4.665383e-03,2.056110e-03,7.307027e-03,3.780482e-01,2.387041e-02,1.109654e-01,7.364774e-03,2.534996e-02,1.249711e-01,2.363578e-02
1.141146e-01,1.229900e-02,5.870907e-02,3.882906e-02,8.834848e-03,4.973887e-03,2.122864e-03,6.451054e-03,3.256651e-01,1.854737e-02,2.085034e-01,6.511598e-03,3.333388e-02,1.277481e-01,3.335626e-02
8.337083e-02,8.765861e-03,4.123179e-02,2.755656e-02,8.111071e-03,4.282482e-03,1.648129e-03,4.789837e-03,3.003144e-01,1.451477e-02,1.745301e-01,6.011640e-03,3.151701e-02,2.612452e-01,3.211035e-02
6.000122e-02,6.333692e-03,2.890985e-02,1.943571e-02,6.451895e-03,3.224174e-03,1.243212e-03,3.496177e-03,3.147153e-01,1.187059e-02,1.417328e-01,5.327862e-03,2.833689e-02,3.368699e-01,3.205071e-02
4.215514e-02,4.892922e-03,2.052532e-02,1.364020e-02,7.943848e-03,2.573621e-03,9.203552e-04,2.597235e-03,3.764744e-01,9.862975e-03,1.125597e-01,4.583266e-03,2.554272e-02,3.415221e-01,3.420616e-02
2.984364e-02,7.202111e-03,2.093385e-02,9.695056e-03,6.976626e-03,3.279479e-03,7.130635e-04,2.345802e-03,4.765522e-01,1.024420e-02,8.968381e-02,3.584188e-03,1.947343e-02,2.901798e-01,2.929266e-02
2.145492e-02,5.580385e-03,1.515244e-02,6.998179e-03,5.560677e-03,2.528362e-03,5.545033e-04,1.718032e-03,5.554643e-01,1.269799e-02,6.688148e-02,2.641585e-03,1.432095e-02,2.532744e-01,3.517178e-02
1.545155e-02,4.184578e-03,1.111680e-02,5.419966e-03,4.996991e-03,2.297593e-03,4.256727e-04,1.233033e-03,6.459645e-01,1.057446e-02,5.159353e-02,1.870821e-03,1.018068e-02,2.078619e-01,2.682787e-02
1.160406e-02,4.190672e-03,1.108372e-02,4.545012e-03,5.944559e-03,9.454451e-03,3.473834e-04,2.014092e-03,6.978632e-01,1.037940e-02,4.045801e-02,1.381854e-03,7.325551e-03,1.736984e-01,1.970955e-02
1.081832e-02,3.797628e-03,1.222001e-02,3.921329e-03,6.927966e-03,3.888098e-02,4.111625e-04,3.983824e-03,7.044838e-01,1.065944e-02,3.116825e-02,1.015503e-03,5.236808e-03,1.505390e-01,1.593591e-02
1.073899e-02,3.222350e-03,1.143410e-02,3.156574e-03,7.688512e-03,3.771994e-02,3.579544e-04,3.796665e-03,7.307401e-01,8.318441e-03,2.224985e-02,7.219327e-04,3.684345e-03,1.407379e-01,1.543230e-02
2.251203e-02,2.866414e-03,3.428506e-02,1.322784e-02,2.516786e-02,3.382600e-02,7.148221e-04,1.480117e-02,7.090104e-01,6.488730e-03,1.609574e-02,5.758277e-04,2.689045e-03,1.062603e-01,1.147875e-02
3.175401e-02,3.191836e-03,1.557347e-01,7.612052e-02,2.624172e-02,2.905349e-02,5.674927e-04,2.662565e-02,5.454789e-01,5.482044e-03,1.184958e-02,5.436070e-04,2.048141e-03,7.540886e-02,9.899423e-03
7.885907e-02,5.225743e-03,1.363658e-01,8.262523e-02,3.302829e-02,2.210250e-02,6.189517e-04,3.736822e-02,5.117668e-01,1.138943e-02,1.015767e-02,5.864049e-04,1.615350e-03,5.538587e-02,1.290475e-02
1.152521e-01,1.555110e-02,1.273443e-01,1.061929e-01,4.096582e-02,1.662801e-02,6.233474e-04,5.056234e-02,4.436683e-01,1.505432e-02,9.193426e-03,6.521862e-04,1.408546e-03,4.211664e-02,1.478670e-02
1.176637e-01,1.350382e-02,1.920722e-01,9.534089e-02,3.648299e-02,1.302910e-02,5.812994e-04,4.099480e-02,4.205996e-01,1.278860e-02,7.450610e-03,7.012070e-04,1.199272e-03,3.352378e-02,1.406828e-02
1.104593e-01,1.388763e-02,2.202226e-01,7.582673e-02,3.101305e-02,1.141097e-02,7.394140e-04,3.366141e-02,4.390844e-01,1.224905e-02,6.381571e-03,7.147453e-04,1.256427e-03,3.019199e-02,1.290081e-02
1.349283e-01,1.210996e-02,1.875848e-01,8.298178e-02,3.141012e-02,1.377671e-02,1.147810e-03,3.378306e-02,4.434620e-01,1.354210e-02,5.218559e-03,1.092092e-03,1.323552e-03,2.408468e-02,1.355445e-02
1.547573e-01,1.171354e-02,1.467875e-01,8.012705e-02,3.015459e-02,1.608138e-02,1.397232e-03,2.770137e-02,4.737489e-01,1.423255e-02,4.580772e-03,1.586456e-03,1.352430e-03,2.295256e-02,1.282640e-02
1.663866e-01,1.251767e-02,1.287994e-01,7.581239e-02,3.114799e-02,1.523226e-02,1.568624e-03,2.703186e-02,4.858306e-01,1.279364e-02,4.275062e-03,2.010137e-03,1.507043e-03,2.174376e-02,1.334298e-02
1.847290e-01,1.310028e-02,2.137558e-01,7.801466e-02,2.679173e-02,1.441344e-02,1.800221e-03,3.447535e-02,3.712425e-01,1.801727e-02,4.147792e-03,2.495019e-03,1.648639e-03,1.663834e-02,1.873005e-02
2.172573e-01,1.469874e-02,2.583685e-01,8.940972e-02,2.958175e-02,1.340961e-02,2.136834e-03,4.315926e-02,2.761675e-01,1.474583e-02,3.750122e-03,3.635460e-03,1.892514e-03,1.243733e-02,1.934953e-02
