1.000000e+00,0.000000e+00,0.000000e+00,0.000000e+00,0.000000e+00,0.000000e+00,0.000000e+00,0.000000e+00,0.000000e+00,0.000000e+00,0.000000e+00,0.000000e+00,0.000000e+00,0.000000e+00,0.000000e+00
1.000000e+00,0.000000e+00,0.000000e+00,0.000000e+00,0.000000e+00,0.000000e+00,0.000000e+00,0.000000e+00,0.000000e+00,0.000000e+00,0.000000e+00,0.000000e+00,0.000000e+00,0.000000e+00,0.000000e+00
1.000000e+00,0.000000e+00,0.000000e+00,0.000000e+00,0.000000e+00,0.000000e+00,0.000000e+00,0.000000e+00,0.000000e+00,0.000000e+00,0.000000e+00,0.000000e+00,0.000000e+00,0.000000e+00,0.000000e+00
1.000000e+00,0.000000e+00,0.000000e+00,0.000000e+00,0.000000e+00,0.000000e+00,0.000000e+00,0.000000e+00,0.000000e+00,0.000000e+00,0.000000e+00,0.000000e+00,0.000000e+00,0.000000e+00,0.000000e+00
1.000000e+00,0.000000e+00,0.000000e+00,0.000000e+00,0.000000e+00,0.000000e+00,0.000000e+00,0.000000e+00,0.000000e+00,0.000000e+00,0.000000e+00,0.000000e+00,0.000000e+00,0.000000e+00,0.000000e+00
1.000000e+00,0.000000e+00,0.000000e+00,0.000000e+00,0.000000e+00,0.000000e+00,0.000000e+00,0.000000e+00,0.000000e+00,0.000000e+00,0.000000e+00,0.000000e+00,0.000000e+00,0.000000e+00,0.000000e+00
1.000000e+00,0.000000e+00,0.000000e+00,0.000000e+00,0.000000e+00,0.000000e+00,0.000000e+00,0.000000e+00,0.000000e+00,0.000000e+00,0.000000e+00,0.000000e+00,0.000000e+00,0.000000e+00,0.000000e+00
1.000000e+00,0.000000e+00,0.000000e+00,0.000000e+00,0.000000e+00,0.000000e+00,0.000000e+00,0.000000e+00,0.000000e+00,0.000000e+00,0.000000e+00,0.000000e+00,0.000000e+00,0.000000e+00,0.000000e+00
1.000000e+00,0.000000e+00,0.000000e+00,0.000000e+00,0.000000e+00,0.000000e+00,0.000000e+00,0.000000e+00,0.000000e+00,0.000000e+00,0.000000e+00,0.000000e+00,0.000000e+00,0.000000e+00,0.000000e+00
1.000000e+00,0.000000e+00,0.000000e+00,0.000000e+00,0.000000e+00,0.000000e+00,0.000000e+00,0.000000e+00,0.000000e+00,0.000000e+00,0.000000e+00,0.000000e+00,0.000000e+00,0.000000e+00,0.000000e+00
1.000000e+00,0.000000e+00,0.000000e+00,0.000000e+00,0.000000e+00,0.000000e+00,0.000000e+00,0.000000e+00,0.000000e+00,0.000000e+00,0.000000e+00,0.000000e+00,0.000000e+00,0.000000e+00,0.000000e+00
1.000000e+00,0.000000e+00,0.000000e+00,0.000000e+00,0.000000e+00,0.000000e+00,0.000000e+00,0.000000e+00,0.000000e+00,0.000000e+00,0.000000e+00,0.000000e+00,0.000000e+00,0.000000e+00,0.000000e+00
1.000000e+00,0.000000e+00,0.000000e+00,0.000000e+00,0.000000e+00,0.000000e+00,0.000000e+00,0.000000e+00,0.000000e+00,0.000000e+00,0.000000e+00,0.000000e+00,0.000000e+00,0.000000e+00,0.000000e+00
1.000000e+00,0.000000e+00,0.000000e+00,0.000000e+00,0.000000e+00,0.000000e+00,0.000000e+00,0.000000e+00,0.000000e+00,0.000000e+00,0.000000e+00,0.000000e+00,0.000000e+00,0.000000e+00,0.000000e+00
1.000000e+00,0.000000e+00,0.000000e+00,0.000000e+00,0.000000e+00,0.000000e+00,0.000000e+00,0.000000e+00,0.000000e+00,0.000000e+00,0.000000e+00,0.000000e+00,0.000000e+00,0.000000e+00,0.000000e+00
1.000000e+00,0.000000e+00,0.000000e+00,0.000000e+00,0.000000e+00,0.000000e+00,0.000000e+00,0.000000e+00,0.000000e+00,0.000000e+00,0.000000e+00,0.000000e+00,0.000000e+00,0.000000e+00,0.000000e+00
1.000000e+00,0.000000e+00,0.000000e+00,0.000000e+00,0.000000e+00,0.000000e+00,0.000000e+00,0.000000e+00,0.000000e+00,0.000000e+00,0.000000e+00,0.000000e+00,0.000000e+00,0.000000e+00,0.000000e+00
1.000000e+00,0.000000e+00,0.000000e+00,0.000000e+00,0.000000e+00,0.000000e+00,0.000000e+00,0.000000e+00,0.000000e+00,0.000000e+00,0.000000e+00,0.000000e+00,0.000000e+00,0.000000e+00,0.000000e+00
1.000000e+00,0.000000e+00,0.000000e+00,0.000000e+00,0.000000e+00,0.000000e+00,0.000000e+00,0.000000e+00,0.000000e+00,0.000000e+00,0.000000e+00,0.000000e+00,0.000000e+00,0.000000e+00,0.000000e+00
1.000000e+00,0.000000e+00,0.000000e+00,0.000000e+00,0.000000e+00,0.000000e+00,0.000000e+00,0.000000e+00,0.000000e+00,0.000000e+00,0.000000e+00,0.000000e+00,0.000000e+00,0.000000e+00,0.000000e+00
1.000000e+00,0.000000e+00,0.000000e+00,0.000000e+00,0.000000e+00,0.000000e+00,0.000000e+00,0.000000e+00,0.000000e+00,0.000000e+00,0.000000e+00,0.000000e+00,0.000000e+00,0.000000e+00,0.000000e+00
1.000000e+00,0.000000e+00,0.000000e+00,0.000000e+00,0.000000e+00,0.000000e+00,0.000000e+00,0.000000e+00,0.000000e+00,0.000000e+00,0.000000e+00,0.000000e+00,0.000000e+00,0.000000e+00,0.000000e+00
1.000000e+00,0.000000e+00,0.000000e+00,0.000000e+00,0.000000e+00,0.000000e+00,0.000000e+00,0.000000e+00,0.000000e+00,0.000000e+00,0.000000e+00,0.000000e+00,0.000000e+00,0.000000e+00,0.000000e+00
1.000000e+00,0.000000e+00,0.000000e+00,0.000000e+00,0.000000e+00,0.000000e+00,0.000000e+00,0.000000e+00,0.000000e+00,0.000000e+00,0.000000e+00,0.000000e+00,0.000000e+00,0.000000e+00,0.000000e+00
1.000000e+00,0.000000e+00,0.000000e+00,0.000000e+00,0.000000e+00,0.000000e+00,0.000000e+00,0.000000e+00,0.000000e+00,0.000000e+00,0.000000e+00,0.000000e+00,0.000000e+00,0.000000e+00,0.000000e+00
1.000000e+00,0.000000e+00,0.000000e+00,0.000000e+00,0.000000e+00,0.000000e+00,0.000000e+00,0.000000e+00,0.000000e+00,0.000000e+00,0.000000e+00,0.000000e+00,0.000000e+00,0.000000e+00,0.000000e+00
1.000000e+00,0.000000e+00,0.000000e+00,0.000000e+00,0.000000e+00,0.000000e+00,0.000000e+00,0.000000e+00,0.000000e+00,0.000000e+00,0.000000e+00,0.000000e+00,0.000000e+00,0.000000e+00,0.000000e+00
1.000000e+00,0.000000e+00,0.000000e+00,0.000000e+00,0.000000e+00,0.000000e+00,0.000000e+00,0.000000e+00,0.000000e+00,0.000000e+00,0.000000e+00,0.000000e+00,0.000000e+00,0.000000e+00,0.000000e+00
1.000000e+00,0.000000e+00,0.000000e+00,0.000000e+00,0.000000e+00,0.000000e+00,0.000000e+00,0.000000e+00,0.000000e+00,0.000000e+00,0.000000e+00,0.000000e+00,0.000000e+00,0.000000e+00,0.000000e+00
1.000000e+00,0.000000e+00,0.000000e+00,0.000000e+00,0.000000e+00,0.000000e+00,0.000000e+00,0.000000e+00,0.000000e+00,0.000000e+00,0.000000e+00,0.000000e+00,0.000000e+00,0.000000e+00,0.000000e+00
1.000000e+00,0.000000e+00,0.000000e+00,0.000000e+00,0.000000e+00,0.000000e+00,0.000000e+00,0.000000e+00,0.000000e+00,0.000000e+00,0.000000e+00,0.000000e+00,0.000000e+00,0.000000e+00,0.000000e+00
1.000000e+00,0.000000e+00,0.000000e+00,0.000000e+00,0.000000e+00,0.000000e+00,0.000000e+00,0.000000e+00,0.000000e+00,0.000000e+00,0.000000e+00,0.000000e+00,0.000000e+00,0.000000e+00,0.000000e+00
1.000000e+00,0.000000e+00,0.000000e+00,0.000000e+00,0.000000e+00,0.000000e+00,0.000000e+00,0.000000e+00,0.000000e+00,0.000000e+00,0.000000e+00,0.000000e+00,0.000000e+00,0.000000e+00,0.000000e+00
1.000000e+00,0.000000e+00,0.000000e+00,0.000000e+00,0.000000e+00,0.000000e+00,0.000000e+00,0.000000e+00,0.000000e+00,0.000000e+00,0.000000e+00,0.000000e+00,0.000000e+00,0.000000e+00,0.000000e+00
1.000000e+00,0.000000e+00,0.000000e+00,0.000000e+00,0.000000e+00,0.000000e+00,0.000000e+00,0.000000e+00,0.000000e+00,0.000000e+00,0.000000e+00,0.000000e+00,0.000000e+00,0.000000e+00,0.000000e+00
1.000000e+00,0.000000e+00,0.000000e+00,0.000000e+00,0.000000e+00,0.000000e+00,0.000000e+00,0.000000e+00,0.000000e+00,0.000000e+00,0.000000e+00,0.000000e+00,0.000000e+00,0.000000e+00,0.000000e+00
1.000000e+00,0.000000e+00,0.000000e+00,0.000000e+00,0.000000e+00,0.000000e+00,0.000000e+00,0.000000e+00,0.000000e+00,0.000000e+00,0.000000e+00,0.000000e+00,0.000000e+00,0.000000e+00,0.000000e+00
1.000000e+00,0.000000e+00,0.000000e+00,0.000000e+00,0.000000e+00,0.000000e+00,0.000000e+00,0.000000e+00,0.000000e+00,0.000000e+00,0.000000e+00,0.000000e+00,0.000000e+00,0.000000e+00,0.000000e+00
1.000000e+00,0.000000e+00,0.000000e+00,0.000000e+00,0.000000e+00,0.000000e+00,0.000000e+00,0.000000e+00,0.000000e+00,0.000000e+00,0.000000e+00,0.000000e+00,0.000000e+00,0.000000e+00,0.000000e+00
1.000000e+00,0.000000e+00,0.000000e+00,0.000000e+00,0.000000e+00,0.000000e+00,0.000000e+00,0.000000e+00,0.000000e+00,0.000000e+00,0.000000e+00,0.000000e+00,0.000000e+00,0.000000e+00,0.000000e+00
1.000000e+00,0.000000e+00,0.000000e+00,0.000000e+00,0.000000e+00,0.000000e+00,0.000000e+00,0.000000e+00,0.000000e+00,0.000000e+00,0.000000e+00,0.000000e+00,0.000000e+00,0.000000e+00,0.000000e+00
1.000000e+00,0.000000e+00,0.000000e+00,0.000000e+00,0.000000e+00,0.000000e+00,0.000000e+00,0.000000e+00,0.000000e+00,0.000000e+00,0.000000e+00,0.000000e+00,0.000000e+00,0.000000e+00,0.000000e+00
1.000000e+00,0.000000e+00,0.000000e+00,0.000000e+00,0.000000e+00,0.000000e+00,0.000000e+00,0.000000e+00,0.000000e+00,0.000000e+00,0.000000e+00,0.000000e+00,0.000000e+00,0.000000e+00,0.000000e+00
1.000000e+00,0.000000e+00,0.000000e+00,0.000000e+00,0.000000e+00,0.000000e+00,0.000000e+00,0.000000e+00,0.000000e+00,0.000000e+00,0.000000e+00,0.000000e+00,0.000000e+00,0.000000e+00,0.000000e+00
1.000000e+00,0.000000e+00,0.000000e+00,0.000000e+00,0.000000e+00,0.000000e+00,0.000000e+00,0.000000e+00,0.000000e+00,0.000000e+00,0.000000e+00,0.000000e+00,0.000000e+00,0.000000e+00,0.000000e+00
1.000000e+00,0.000000e+00,0.000000e+00,0.000000e+00,0.000000e+00,0.000000e+00,0.000000e+00,0.000000e+00,0.000000e+00,0.000000e+00,0.000000e+00,0.000000e+00,0.000000e+00,0.000000e+00,0.000000e+00
1.000000e+00,0.000000e+00,0.000000e+00,0.000000e+00,0.000000e+00,0.000000e+00,0.000000e+00,0.000000e+00,0.000000e+00,0.000000e+00,0.000000e+00,0.000000e+00,0.000000e+00,0.000000e+00,0.000000e+00
1.000000e+00,0.000000e+00,0.000000e+00,0.000000e+00,0.000000e+00,0.000000e+00,0.000000e+00,0.000000e+00,0.000000e+00,0.000000e+00,0.000000e+00,0.000000e+00,0.000000e+00,0.000000e+00,0.000000e+00
1.000000e+00,0.000000e+00,0.000000e+00,0.000000e+00,0.000000e+00,0.000000e+00,0.000000e+00,0.000000e+00,0.000000e+00,0.000000e+00,0.000000e+00,0.000000e+00,0.000000e+00,0.000000e+00,0.000000e+00
1.000000e+00,0.000000e+00,0.000000e+00,0.000000e+00,0.000000e+00,0.000000e+00,0.000000e+00,0.000000e+00,0.000000e+00,0.000000e+00,0.000000e+00,0.000000e+00,0.000000e+00,0.000000e+00,0.000000e+00
1.000000e+00,0.000000e+00,0.000000e+00,0.000000e+00,0.000000e+00,0.000000e+00,0.000000e+00,0.000000e+00,0.000000e+00,0.000000e+00,0.000000e+00,0.000000e+00,0.000000e+00,0.000000e+00,0.000000e+00
1.000000e+00,0.000000e+00,0.000000e+00,0.000000e+00,0.000000e+00,0.000000e+00,0.000000e+00,0.000000e+00,0.000000e+00,0.000000e+00,0.000000e+00,0.000000e+00,0.000000e+00,0.000000e+00,0.000000e+00
1.000000e+00,0.000000e+00,0.000000e+00,0.000000e+00,0.000000e+00,0.000000e+00,0.000000e+00,0.000000e+00,0.000000e+00,0.000000e+00,0.000000e+00,0.000000e+00,0.000000e+00,0.000000e+00,0.000000e+00
1.000000e+00,0.000000e+00,0.000000e+00,0.000000e+00,0.000000e+00,0.000000e+00,0.000000e+00,0.000000e+00,0.000000e+00,0.000000e+00,0.000000e+00,0.000000e+00,0.000000e+00,0.000000e+00,0.000000e+00
1.000000e+00,0.000000e+00,0.000000e+00,0.000000e+00,0.000000e+00,0.000000e+00,0.000000e+00,0.000000e+00,0.000000e+00,0.000000e+00,0.000000e+00,0.000000e+00,0.000000e+00,0.000000e+00,0.000000e+00
1.000000e+00,0.000000e+00,0.000000e+00,0.000000e+00,0.000000e+00,0.000000e+00,0.000000e+00,0.000000e+00,0.000000e+00,0.000000e+00,0.000000e+00,0.000000e+00,0.000000e+00,0.000000e+00,0.000000e+00
1.000000e+00,0.000000e+00,0.000000e+00,0.000000e+00,0.000000e+00,0.000000e+00,0.000000e+00,0.000000e+00,0.000000e+00,0.000000e+00,0.000000e+00,0.000000e+00,0.000000e+00,0.000000e+00,0.000000e+00
1.000000e+00,0.000000e+00,0.000000e+00,0.000000e+00,0.000000e+00,0.000000e+00,0.000000e+00,0.000000e+00,0.000000e+00,0.000000e+00,0.000000e+00,0.000000e+00,0.000000e+00,0.000000e+00,0.000000e+00
1.000000e+00,0.000000e+00,0.000000e+00,0.000000e+00,0.000000e+00,0.000000e+00,0.000000e+00,0.000000e+00,0.000000e+00,0.000000e+00,0.000000e+00,0.000000e+00,0.000000e+00,0.000000e+00,0.000000e+00
1.000000e+00,0.000000e+00,0.000000e+00,0.000000e+00,0.000000e+00,0.000000e+00,0.000000e+00,0.000000e+00,0.000000e+00,0.000000e+00,0.000000e+00,0.000000e+00,0.000000e+00,0.000000e+00,0.000000e+00
1.000000e+00,0.000000e+00,0.000000e+00,0.000000e+00,0.000000e+00,0.000000e+00,0.000000e+00,0.000000e+00,0.000000e+00,0.000000e+00,0.000000e+00,0.000000e+00,0.000000e+00,0.000000e+00,0.000000e+00
1.000000e+00,0.000000e+00,0.000000e+00,0.000000e+00,0.000000e+00,0.000000e+00,0.000000e+00,0.000000e+00,0.000000e+00,0.000000e+00,0.000000e+00,0.000000e+00,0.000000e+00,0.000000e+00,0.000000e+00
4.370535e-01,5.582908e-03,2.476442e-03,7.511657e-03,1.887083e-03,6.040270e-03,1.259379e-03,2.620213e-03,1.702985e-03,8.695429e-04,4.816957e-01,2.661197e-02,5.366354e-03,1.540821e-02,3.913887e-03
3.068680e-01,4.010139e-03,1.758982e-03,5.379740e-03,1.446104e-03,4.815256e-03,9.000960e-04,1.918481e-03,1.473755e-03,8.169840e-04,6.227227e-01,2.475221e-02,3.876095e-03,1.608706e-02,3.174240e-03
2.148698e-01,2.931400e-03,1.244915e-03,3.865596e-03,1.126747e-03,3.831168e-03,6.443555e-04,1.366275e-03,1.338283e-03,7.539621e-04,7.265266e-01,2.378246e-02,2.807145e-03,1.217995e-02,2.731306e-03
1.504436e-01,2.093540e-03,8.875325e-04,2.798665e-03,8.801611e-04,3.186778e-03,4.549827e-04,9.757033e-04,1.239398e-03,7.155055e-04,7.946051e-01,2.684615e-02,1.999819e-03,1.074952e-02,2.123406e-03
1.054683e-01,2.514225e-03,1.230092e-03,2.207023e-03,1.430343e-03,3.844070e-03,4.019022e-04,8.137434e-04,1.740559e-03,1.282956e-03,8.195575e-01,4.130838e-02,1.488584e-03,1.111472e-02,5.597536e-03
7.406063e-02,2.011990e-03,1.593673e-03,1.696689e-03,1.507640e-03,5.987010e-03,5.051193e-04,8.221545e-04,1.531639e-03,1.212902e-03,8.574545e-01,3.749318e-02,1.113965e-03,8.833496e-03,4.175375e-03
5.196976e-02,1.547382e-03,1.195149e-03,1.216021e-03,1.304706e-03,4.937233e-03,3.928037e-04,6.289549e-04,1.285619e-03,1.209565e-03,8.887313e-01,3.411896e-02,8.713909e-04,7.508327e-03,3.082829e-03
3.640828e-02,1.184112e-03,8.477183e-04,8.804794e-04,1.093521e-03,3.946154e-03,3.395606e-04,4.562230e-04,1.611018e-03,1.157407e-03,9.152656e-01,2.814944e-02,7.263972e-04,5.590251e-03,2.343897e-03
2.556215e-02,2.161902e-03,6.193559e-04,6.516989e-04,9.991910e-04,3.146697e-03,3.427074e-04,3.435248e-04,3.915607e-03,1.294916e-03,9.209945e-01,3.245384e-02,5.826770e-04,4.786424e-03,2.144823e-03
1.800455e-02,1.223551e-02,7.043642e-04,5.364710e-04,3.123467e-03,3.127761e-03,8.182070e-04,2.765763e-04,1.917176e-02,3.295680e-03,8.946230e-01,3.394105e-02,6.140816e-04,4.451486e-03,5.076110e-03
1.271929e-02,1.305682e-02,7.458765e-04,5.272790e-04,3.580477e-03,4.243518e-03,1.027877e-03,5.271854e-04,1.789670e-02,8.124270e-03,8.838639e-01,4.087030e-02,9.297173e-04,5.308819e-03,6.577907e-03
9.043019e-03,3.507250e-02,1.417278e-03,5.830154e-04,5.109861e-03,5.486121e-03,1.091345e-03,7.044483e-04,3.136162e-02,1.584446e-02,8.142486e-01,5.517408e-02,1.451872e-03,9.135006e-03,1.427670e-02
7.069970e-03,2.008756e-01,1.313254e-02,8.608779e-04,5.392588e-03,9.822932e-03,1.931058e-03,1.019682e-02,5.474998e-02,2.080377e-02,6.001955e-01,4.733180e-02,2.214839e-03,7.843649e-03,1.757802e-02
6.212228e-03,1.540968e-01,1.064523e-02,2.002617e-03,7.336046e-03,1.947418e-02,1.988235e-03,2.407315e-02,8.452909e-02,3.850564e-02,5.619772e-01,5.650579e-02,2.216819e-03,1.278828e-02,1.764862e-02
9.135627e-03,1.276847e-01,5.615131e-02,1.305281e-02,9.585842e-03,3.150564e-02,5.132602e-03,7.159621e-02,7.939310e-02,6.084736e-02,4.474886e-01,5.652856e-02,2.571746e-03,1.230327e-02,1.702251e-02
1.278790e-02,1.220920e-01,1.300116e-01,2.090504e-02,1.711618e-02,2.928867e-02,4.511973e-03,6.182990e-02,7.511196e-02,5.637551e-02,3.855194e-01,5.198228e-02,2.338117e-03,1.572842e-02,1.440105e-02
1.882620e-02,1.224278e-01,1.461691e-01,1.937784e-02,2.241300e-02,2.575853e-02,4.057210e-03,4.955703e-02,7.137612e-02,5.616694e-02,3.773492e-01,4.904199e-02,2.249817e-03,2.136506e-02,1.386416e-02
3.433565e-02,1.324021e-01,1.471670e-01,1.703026e-02,3.381296e-02,3.429954e-02,3.373173e-03,3.819506e-02,7.263167e-02,5.228233e-02,3.390676e-01,4.390424e-02,2.446391e-03,2.720377e-02,2.184829e-02
5.297308e-02,1.469048e-01,1.411642e-01,1.744658e-02,4.842608e-02,3.653876e-02,2.845743e-03,3.534379e-02,9.867308e-02,5.884694e-02,2.571978e-01,3.482779e-02,2.801504e-03,3.627377e-02,2.973614e-02
5.940158e-02,1.842338e-01,1.199314e-01,1.750857e-02,5.665395e-02,3.886475e-02,2.232248e-03,3.318881e-02,1.193580e-01,5.567389e-02,1.932728e-01,2.718631e-02,2.891579e-03,4.574134e-02,4.386096e-02
6.101423e-02,1.899851e-01,1.013011e-01,1.433124e-02,5.859346e-02,3.583598e-02,1.700158e-03,3.087269e-02,1.505830e-01,6.501005e-02,1.483930e-01,2.124206e-02,2.783846e-03,4.925589e-02,6.909829e-02
6.759889e-02,1.570707e-01,7.834981e-02,1.165267e-02,5.024409e-02,3.408704e-02,1.334403e-03,2.426973e-02,1.475543e-01,7.134257e-02,1.179937e-01,1.725582e-02,3.740822e-03,6.370431e-02,1.538012e-01
6.898446e-02,1.311049e-01,6.461155e-02,1.230481e-02,4.655880e-02,2.774310e-02,1.128829e-03,2.295018e-02,1.417992e-01,1.601059e-01,9.911949e-02,1.592143e-02,3.965617e-03,5.822230e-02,1.454794e-01
9.624444e-02,1.118049e-01,6.512429e-02,1.622956e-02,5.258091e-02,2.396562e-02,1.089213e-03,3.744873e-02,1.369327e-01,1.862245e-01,8.417758e-02,1.364218e-02,4.574720e-03,5.840611e-02,1.115547e-01
1.039001e-01,9.118757e-02,1.492786e-01,2.225769e-02,5.261340e-02,2.052162e-02,1.180603e-03,5.670574e-02,1.125729e-01,1.737330e-01,6.477311e-02,1.108550e-02,4.159386e-03,5.162095e-02,8.440986e-02
7.960280e-02,7.961509e-02,1.288911e-01,1.807705e-01,6.561023e-02,1.529610e-02,9.611538e-04,4.081377e-02,1.142150e-01,1.283723e-01,5.422164e-02,9.022644e-03,5.401374e-03,3.659703e-02,6.060933e-02
7.439500e-02,6.792416e-02,1.025858e-01,2.012232e-01,1.104612e-01,1.864067e-02,1.079869e-03,2.990288e-02,8.735713e-02,1.223440e-01,8.831960e-02,8.678992e-03,8.299798e-03,3.289419e-02,4.589346e-02
5.522617e-02,5.031597e-02,7.527272e-02,1.435725e-01,2.639743e-01,1.449601e-02,1.087720e-03,2.152080e-02,6.470057e-02,8.788917e-02,1.239064e-01,7.874404e-03,7.993730e-03,4.849318e-02,3.367643e-02
5.649316e-02,3.830134e-02,5.396510e-02,1.033986e-01,2.758961e-01,1.283121e-02,1.242725e-03,1.619208e-02,4.792275e-02,6.466607e-02,2.100093e-01,8.969162e-03,9.108238e-03,7.693532e-02,2.406884e-02
4.070956e-02,3.005147e-02,3.909060e-02,7.305709e-02,2.089281e-01,9.444328e-03,9.605493e-04,1.154724e-02,4.006108e-02,4.671011e-02,3.450240e-01,1.160703e-02,9.065439e-03,1.164268e-01,1.731655e-02
2.931440e-02,2.180527e-02,2.830638e-02,5.133165e-02,1.494362e-01,7.124967e-03,6.857792e-04,8.200958e-03,3.210242e-02,3.398982e-02,4.146231e-01,1.392779e-02,7.489917e-03,1.893857e-01,1.227556e-02
2.087322e-02,1.623596e-02,2.079109e-02,3.606511e-02,1.069868e-01,5.225741e-03,4.936755e-04,5.774463e-03,2.947830e-02,2.514711e-02,4.229486e-01,1.350443e-02,5.583750e-03,2.819620e-01,8.929740e-03
1.602006e-02,1.175220e-02,1.483415e-02,2.539410e-02,7.549416e-02,5.388538e-03,3.608170e-04,4.142049e-03,2.647560e-02,2.020353e-02,4.516082e-01,1.141988e-02,4.184145e-03,3.261626e-01,6.559970e-03
1.444151e-02,8.833410e-03,1.083981e-02,1.795604e-02,5.308185e-02,5.713933e-03,2.757080e-04,3.041672e-03,3.113552e-02,1.716980e-02,3.937034e-01,1.208448e-02,3.164910e-03,4.235359e-01,5.021963e-03
1.330782e-02,7.175910e-03,9.364704e-03,1.293921e-02,3.835528e-02,6.316983e-03,2.261004e-04,2.689722e-03,3.979380e-02,1.513762e-02,3.581116e-01,1.421588e-02,2.475037e-03,4.757710e-01,4.119312e-03
1.047056e-02,5.367747e-03,7.118026e-03,9.637840e-03,3.096190e-02,5.312932e-03,1.722852e-04,1.971361e-03,4.275592e-02,1.351877e-02,4.073225e-01,1.243155e-02,2.169210e-03,4.474425e-01,3.346839e-03
7.665413e-03,1.278172e-02,6.594683e-03,6.961021e-03,2.745636e-02,4.166468e-03,1.288936e-04,1.438644e-03,1.796836e-01,1.034752e-02,3.335824e-01,1.272599e-02,1.742063e-03,3.921232e-01,2.602003e-03
5.857024e-03,1.039190e-02,9.710642e-03,5.345310e-03,2.152989e-02,3.485165e-03,1.025673e-04,1.041048e-03,2.938613e-01,1.014050e-02,2.934581e-01,1.100831e-02,1.488551e-03,3.301015e-01,2.478216e-03
4.328948e-03,7.587776e-03,7.903012e-03,3.864563e-03,1.547498e-02,2.785611e-03,7.658988e-05,7.425871e-04,4.280069e-01,9.048702e-03,2.295031e-01,8.331734e-03,1.186883e-03,2.792294e-01,1.929207e-03
3.388554e-03,7.217173e-03,4.797671e-02,3.309163e-03,1.402123e-02,2.839366e-03,7.066059e-05,1.388988e-03,5.247744e-01,7.749741e-03,1.692978e-01,6.054140e-03,1.039202e-03,2.093895e-01,1.483333e-03
3.172690e-03,6.117705e-03,7.670504e-02,5.130323e-03,1.147827e-02,5.538625e-03,1.746117e-04,1.495377e-03,5.871852e-01,1.121758e-02,1.228090e-01,4.296093e-03,1.147549e-03,1.612652e-01,2.266765e-03
3.130474e-03,5.352405e-03,6.026348e-02,7.817222e-03,9.338158e-03,5.887643e-03,1.728258e-04,1.234882e-03,6.589323e-01,1.572059e-02,9.358628e-02,3.145801e-03,1.702402e-03,1.290301e-01,4.685432e-03
4.080545e-03,5.942885e-03,5.657421e-02,1.054217e-02,8.134312e-03,8.513233e-03,2.823785e-04,3.044806e-03,6.429529e-01,2.052004e-02,9.569473e-02,2.654350e-03,3.003543e-03,1.268825e-01,1.117743e-02
9.698469e-03,1.218952e-02,8.522703e-02,2.416572e-02,3.213689e-02,1.026815e-02,1.265874e-03,3.115515e-02,5.604042e-01,1.976645e-02,8.398452e-02,2.597459e-03,4.212373e-03,1.122792e-01,1.064909e-02
2.082902e-02,2.419100e-02,8.732862e-02,2.451695e-02,8.626409e-02,3.520871e-02,5.522761e-03,2.424796e-02,4.887553e-01,2.048050e-02,6.860806e-02,1.995627e-03,3.677263e-03,1.000623e-01,8.311919e-03
2.716303e-02,3.418803e-02,1.040112e-01,5.316800e-02,1.342795e-01,3.535490e-02,1.141509e-02,3.938141e-02,3.915062e-01,2.031736e-02,5.668182e-02,1.717647e-03,3.726051e-03,7.790412e-02,9.185766e-03
2.801213e-02,5.562342e-02,1.789143e-01,1.147975e-01,1.384023e-01,2.721519e-02,1.013057e-02,3.201408e-02,2.888114e-01,1.521767e-02,4.273475e-02,1.285683e-03,2.990233e-03,5.543836e-02,8.412523e-03
3.832173e-02,4.614076e-02,3.052582e-01,1.008442e-01,1.168960e-01,2.045370e-02,7.580012e-03,2.774716e-02,2.279309e-01,1.280273e-02,3.524920e-02,1.047493e-03,2.349291e-03,4.484469e-02,1.253394e-02
5.882497e-02,4.282067e-02,3.499824e-01,8.890265e-02,1.305926e-01,1.965728e-02,6.093724e-03,2.305317e-02,1.828506e-01,9.454524e-03,2.770850e-02,1.212608e-03,2.126967e-03,4.501519e-02,1.170429e-02
8.289809e-02,3.209461e-02,4.459478e-01,6.371741e-02,1.243470e-01,1.728444e-02,4.561017e-03,1.671961e-02,1.345634e-01,6.983828e-03,2.110120e-02,1.498955e-03,2.054228e-03,3.751019e-02,8.718341e-03
8.662719e-02,5.005474e-02,4.085023e-01,5.753546e-02,1.709146e-01,3.508567e-02,6.678054e-03,1.577696e-02,9.887692e-02,5.863559e-03,1.784021e-02,3.502836e-03,2.413776e-03,3.246369e-02,7.864059e-03
7.413845e-02,5.142571e-02,3.020308e-01,8.120302e-02,2.779953e-01,3.929248e-02,1.250978e-02,3.308532e-02,7.223742e-02,4.969309e-03,1.357932e-02,3.785394e-03,2.405810e-03,2.467728e-02,6.664746e-03
6.018433e-02,3.726372e-02,2.204892e-01,6.262437e-02,3.060943e-01,3.639489e-02,1.001050e-02,1.744903e-01,5.120542e-02,3.528971e-03,1.053315e-02,2.855396e-03,2.076320e-03,1.749271e-02,4.756503e-03
4.929858e-02,2.650882e-02,1.584057e-01,4.506249e-02,2.241359e-01,2.730587e-02,7.157897e-03,3.956293e-01,3.606927e-02,2.515743e-03,8.332887e-03,2.090890e-03,1.655361e-03,1.244950e-02,3.381876e-03
4.030431e-02,1.892366e-02,1.134973e-01,3.489964e-02,1.599915e-01,2.094334e-02,5.135418e-03,5.580789e-01,2.532081e-02,1.827044e-03,7.039213e-03,1.532640e-03,1.296205e-03,8.810091e-03,2.399933e-03
4.169498e-02,1.599420e-02,8.152845e-02,3.329511e-02,1.222790e-01,1.643793e-02,4.412381e-03,6.459279e-01,1.923942e-02,1.716603e-03,6.233652e-03,1.284700e-03,1.235296e-03,6.492978e-03,2.227377e-03
3.849033e-02,1.256766e-02,6.005738e-02,3.048818e-02,9.333131e-02,1.384501e-02,3.561652e-03,7.021210e-01,1.812201e-02,3.354868e-03,1.120177e-02,2.087648e-03,2.368985e-03,5.679413e-03,2.722780e-03
5.340166e-02,1.139505e-02,4.604650e-02,2.768901e-02,8.307741e-02,2.053079e-02,2.898431e-03,6.959364e-01,1.584246e-02,3.213733e-03,2.236334e-02,4.112745e-03,4.106705e-03,5.049130e-03,4.336665e-03
7.143664e-02,1.335549e-02,3.759585e-02,2.998400e-02,7.287088e-02,2.253388e-02,2.316249e-03,6.900355e-01,1.404429e-02,2.733274e-03,2.136296e-02,5.518979e-03,3.790169e-03,5.472876e-03,6.948988e-03
7.749527e-02,1.413836e-02,3.243197e-02,5.134888e-02,7.445201e-02,2.502938e-02,1.995696e-03,6.617256e-01,1.457774e-02,2.258826e-03,2.091114e-02,6.647918e-03,3.664749e-03,5.201549e-03,8.120864e-03
6.759463e-02,1.340915e-02,3.359903e-02,1.418261e-01,5.526568e-02,2.213994e-02,1.539393e-03,4.856878e-01,5.903861e-02,7.677260e-03,5.108520e-02,1.627513e-02,9.363337e-03,6.528103e-03,2.897063e-02
5.369447e-02,1.927015e-02,3.560825e-02,1.305365e-01,4.005159e-02,1.694693e-02,1.205959e-03,3.498546e-01,1.549808e-01,3.408012e-02,8.030665e-02,1.329313e-02,8.390652e-03,1.195357e-02,4.982658e-02
4.261848e-02,3.426690e-02,3.858360e-02,1.253470e-01,2.911935e-02,1.349771e-02,1.019780e-03,2.516994e-01,2.530588e-01,2.626488e-02,1.020554e-01,1.063725e-02,6.927970e-03,1.410997e-02,5.079348e-02
4.140091e-02,3.554107e-02,2.984634e-02,9.528731e-02,2.074064e-02,1.235110e-02,7.971672e-04,1.784652e-01,2.475703e-01,1.995684e-02,2.093191e-01,1.054263e-02,9.382904e-03,3.915849e-02,4.964004e-02
5.886984e-02,2.799084e-02,2.449637e-02,7.815889e-02,1.533031e-02,1.738141e-02,8.496243e-04,1.308867e-01,1.935342e-01,1.487614e-02,2.552773e-01,1.703180e-02,1.139940e-02,1.173609e-01,3.655628e-02
4.752873e-02,2.172717e-02,1.853513e-02,5.772558e-02,1.143325e-02,1.452453e-02,7.582222e-04,9.294106e-02,1.416568e-01,1.096169e-02,3.724459e-01,1.727147e-02,9.431918e-03,1.568545e-01,2.620398e-02
3.540695e-02,1.544416e-02,1.310349e-02,4.072944e-02,8.130276e-03,1.069166e-02,5.791193e-04,6.520145e-02,1.012254e-01,8.005136e-03,5.394948e-01,1.334088e-02,7.381013e-03,1.227150e-01,1.855125e-02
2.483883e-02,1.083902e-02,9.179301e-03,2.855384e-02,5.730500e-03,7.561242e-03,4.121558e-04,4.564680e-02,7.125078e-02,5.701093e-03,6.744591e-01,9.814209e-03,5.419639e-03,8.756623e-02,1.302721e-02
1.745778e-02,7.597563e-03,6.440232e-03,2.013299e-02,4.227310e-03,5.344890e-03,3.108490e-04,3.196540e-02,5.052204e-02,4.682739e-03,7.643172e-01,7.621314e-03,4.248908e-03,6.582676e-02,9.304017e-03
1.248906e-02,5.441968e-03,4.607165e-03,1.456245e-02,9.163479e-03,3.900878e-03,3.632549e-04,2.247264e-02,3.919126e-02,5.754196e-03,7.912611e-01,1.022497e-02,5.305358e-03,6.678935e-02,8.472842e-03
9.536632e-03,4.030288e-03,3.453940e-03,1.083829e-02,2.962016e-02,4.775877e-03,1.777187e-03,1.925302e-02,4.801731e-02,7.257894e-03,7.786214e-01,1.112101e-02,4.628482e-03,6.043895e-02,6.629461e-03
7.288307e-03,5.952733e-03,3.630113e-03,8.596232e-03,7.195059e-02,9.466764e-03,4.425503e-03,2.299096e-02,7.492518e-02,1.277196e-02,6.857741e-01,1.586477e-02,4.044465e-03,6.716064e-02,5.157654e-03
5.691847e-03,7.357027e-03,4.351561e-03,1.270744e-02,9.213958e-02,1.140547e-02,4.860134e-03,2.701470e-02,1.738821e-01,2.023190e-02,5.653729e-01,1.324027e-02,3.829400e-03,5.363462e-02,4.280964e-03
4.202978e-03,6.062817e-03,3.762367e-03,1.708702e-02,7.025298e-02,1.914892e-02,3.691434e-03,2.058738e-02,3.702681e-01,2.047034e-02,4.074162e-01,9.667945e-03,3.606627e-03,3.979828e-02,3.976602e-03
3.017320e-03,5.071890e-03,3.300350e-03,2.669279e-02,5.080615e-02,1.560068e-02,2.668585e-03,1.669632e-02,5.320041e-01,1.535234e-02,2.878999e-01,6.924570e-03,2.878583e-03,2.807716e-02,3.009282e-03
2.135836e-03,3.960544e-03,2.475834e-03,2.006871e-02,3.580558e-02,1.137550e-02,1.876192e-03,1.203780e-02,6.665084e-01,1.113211e-02,2.033466e-01,4.911239e-03,2.355895e-03,1.977975e-02,2.229895e-03
1.564878e-03,3.010475e-03,1.892372e-03,1.474542e-02,2.547316e-02,8.161088e-03,1.324674e-03,8.634410e-03,7.588449e-01,8.484969e-03,1.461555e-01,3.575164e-03,2.242529e-03,1.400728e-02,1.883203e-03
1.192914e-03,2.486784e-03,1.424023e-03,1.077532e-02,1.828583e-02,6.606047e-03,9.326559e-04,6.335385e-03,8.154708e-01,8.269340e-03,1.071614e-01,2.739388e-03,2.224199e-03,1.090735e-02,5.188525e-03
2.704323e-03,3.295824e-03,5.149862e-03,1.354041e-02,1.642792e-02,4.811049e-03,6.768143e-04,6.209999e-03,8.408051e-01,8.899321e-03,7.834582e-02,2.117969e-03,2.581201e-03,8.253678e-03,6.180846e-03
9.934903e-03,5.658294e-03,1.769295e-02,1.884178e-02,2.014722e-02,5.966887e-03,5.897182e-04,5.548540e-03,8.275788e-01,8.435309e-03,5.850832e-02,1.934140e-03,3.804567e-03,6.717930e-03,8.640729e-03
1.992279e-02,7.777839e-03,1.822903e-01,4.114736e-02,2.767725e-02,6.113280e-03,5.039500e-04,9.720686e-03,6.364578e-01,7.772791e-03,4.228142e-02,1.613685e-03,3.055379e-03,4.995047e-03,8.670439e-03
3.757480e-02,1.997515e-02,2.685190e-01,6.530142e-02,4.663233e-02,6.705752e-03,6.999241e-04,1.202935e-02,4.841553e-01,9.030259e-03,3.079702e-02,1.445419e-03,2.358298e-03,4.556474e-03,1.021955e-02
2.716108e-02,1.951211e-02,2.783973e-01,1.073351e-01,3.368490e-02,6.972219e-03,5.153423e-04,9.703537e-03,3.770916e-01,2.272628e-02,2.955981e-02,1.816763e-03,3.214326e-03,3.445318e-03,7.886429e-02
1.933003e-02,1.596004e-02,3.290131e-01,1.417757e-01,2.394709e-02,5.531499e-03,3.687240e-04,7.572450e-03,2.920714e-01,2.555645e-02,5.641558e-02,3.427536e-03,1.452678e-02,2.543845e-03,6.195980e-02
1.413124e-02,1.370000e-02,3.663584e-01,1.053605e-01,1.728965e-02,4.096913e-03,2.697193e-04,5.489949e-03,2.558051e-01,4.000239e-02,5.361149e-02,3.048043e-03,1.305842e-02,3.742530e-03,1.040357e-01
1.145034e-02,2.200370e-02,3.451030e-01,7.913443e-02,1.334307e-02,3.304671e-03,2.259657e-04,4.364640e-03,2.149743e-01,5.423670e-02,4.439017e-02,2.483951e-03,1.056643e-02,4.215013e-03,1.902037e-01
9.180369e-03,2.291427e-02,2.887664e-01,5.827018e-02,9.970630e-03,2.779944e-03,1.882085e-04,3.253413e-03,1.654824e-01,1.093530e-01,3.571302e-02,1.861543e-03,7.780712e-03,5.075169e-03,2.794108e-01
7.431833e-03,2.118527e-02,2.449977e-01,5.197353e-02,7.429039e-03,2.345363e-03,1.701403e-04,2.475479e-03,1.413898e-01,1.143527e-01,2.750264e-02,1.503180e-03,5.870019e-03,8.619832e-03,3.627535e-01
5.406735e-03,1.709147e-02,1.811069e-01,3.793032e-02,5.371918e-03,1.899285e-03,1.362816e-04,1.769942e-03,1.082166e-01,8.657593e-02,2.271762e-02,1.581004e-03,4.883609e-03,4.497406e-02,4.803384e-01
3.858419e-03,1.476974e-02,1.298580e-01,2.676916e-02,3.804931e-03,1.472513e-03,1.015985e-04,1.245073e-03,8.258937e-02,6.712639e-02,1.685586e-02,1.435481e-03,3.541221e-03,7.217669e-02,5.743956e-01
3.079600e-03,1.141762e-02,9.481186e-02,1.897286e-02,3.106368e-03,1.232919e-03,1.185810e-04,9.823954e-04,6.654977e-02,6.111662e-02,2.033185e-02,2.336988e-03,4.225003e-03,1.355511e-01,5.761665e-01
4.599908e-03,8.777584e-03,6.956984e-02,1.355825e-02,2.489253e-03,1.152772e-03,1.229395e-04,8.265162e-04,5.851242e-02,5.852114e-02,2.551897e-02,3.771583e-03,6.245176e-03,2.188612e-01,5.274725e-01
3.779830e-03,6.267254e-03,4.885163e-02,9.520545e-03,1.804466e-03,9.145276e-04,9.568482e-05,6.228073e-04,4.529265e-02,4.512661e-02,2.317954e-02,2.894468e-03,4.662849e-03,4.103198e-01,3.966673e-01
2.923068e-03,7.041678e-03,3.787275e-02,8.213010e-03,1.660325e-03,9.221300e-04,7.936489e-05,4.609645e-04,5.713429e-02,3.990629e-02,1.947406e-02,2.402554e-03,3.547440e-03,4.190412e-01,3.993209e-01
3.137484e-03,5.577949e-03,2.708075e-02,5.840222e-03,1.429050e-03,8.783668e-04,7.162764e-05,3.457058e-04,7.497035e-02,3.478957e-02,1.549547e-02,1.806491e-03,2.688558e-03,4.525583e-01,3.733300e-01
1.035982e-02,1.389688e-02,2.468176e-02,7.307814e-03,5.798488e-03,1.021238e-02,3.558117e-04,1.189717e-03,1.693430e-01,4.946547e-02,2.070253e-02,2.030547e-03,3.384123e-03,3.657170e-01,3.155546e-01
1.813907e-02,1.907659e-02,2.086264e-02,7.527821e-03,8.172372e-03,1.199028e-02,6.843357e-04,1.208828e-03,1.816112e-01,5.337134e-02,1.771335e-02,1.782152e-03,3.505107e-03,3.125560e-01,3.417989e-01
2.783239e-02,5.477788e-02,1.742670e-02,1.856816e-02,7.400868e-03,1.241959e-02,6.176486e-04,1.550140e-03,2.425903e-01,4.935664e-02,1.528546e-02,1.866780e-03,4.394455e-03,2.315465e-01,3.143665e-01
2.479878e-02,5.348544e-02,5.158640e-02,7.290017e-02,5.759438e-03,9.448594e-03,5.011054e-04,1.567124e-03,2.877212e-01,5.557817e-02,1.228383e-02,1.582984e-03,4.008567e-03,1.633717e-01,2.554066e-01
3.714447e-02,5.004197e-02,9.906219e-02,9.537807e-02,5.619318e-03,8.307318e-03,4.428547e-04,1.746388e-03,2.622995e-01,6.257328e-02,1.155440e-02,1.429534e-03,3.851188e-03,1.175759e-01,2.429736e-01
4.045968e-02,5.935968e-02,8.516727e-02,9.239118e-02,4.635751e-03,6.505866e-03,5.684489e-04,2.812146e-03,2.992474e-01,5.569417e-02,4.269968e-02,3.375716e-03,1.028774e-02,8.745573e-02,2.093395e-01
4.979948e-02,5.220663e-02,8.172756e-02,8.690716e-02,5.595819e-03,5.949034e-03,6.951905e-04,5.117637e-03,2.277354e-01,4.459996e-02,1.954812e-01,4.049899e-03,1.530714e-02,7.151235e-02,1.533157e-01
4.610453e-02,6.306073e-02,8.003929e-02,6.863187e-02,5.046243e-03,7.835758e-03,8.582126e-04,4.878168e-03,1.827374e-01,1.378902e-01,1.829004e-01,9.642174e-03,2.112734e-02,6.537317e-02,1.238746e-01
3.864364e-02,7.176362e-02,9.073465e-02,7.596695e-02,5.542672e-03,1.012934e-02,1.084788e-03,3.995711e-03,1.911544e-01,1.736409e-01,1.559510e-01,1.208052e-02,2.340370e-02,4.890840e-02,9.699976e-02
3.454900e-02,7.821526e-02,6.684208e-02,6.753337e-02,5.404469e-03,1.211702e-02,9.530877e-04,1.010123e-02,2.077261e-01,1.927306e-01,1.721108e-01,1.273330e-02,2.866524e-02,3.900439e-02,7.131411e-02
2.884985e-02,6.056394e-02,5.027730e-02,1.457074e-01,6.921484e-03,1.521454e-02,8.312570e-04,8.040665e-03,1.599862e-01,1.397595e-01,2.609818e-01,1.353631e-02,2.694027e-02,2.989278e-02,5.249667e-02
2.109342e-02,4.388889e-02,3.675571e-02,1.556358e-01,5.570714e-03,1.489642e-02,6.503132e-04,5.819279e-03,1.741851e-01,1.029163e-01,3.123710e-01,1.810911e-02,3.483911e-02,2.174715e-02,5.152173e-02
1.573866e-02,3.212533e-02,2.697096e-02,1.402258e-01,5.252447e-03,3.225559e-02,8.290501e-04,4.317712e-03,1.405007e-01,8.022959e-02,3.255858e-01,9.672969e-02,4.409020e-02,1.607535e-02,3.907320e-02
1.725539e-02,2.363490e-02,2.122942e-02,1.135671e-01,1.186807e-02,4.857685e-02,2.246902e-03,6.362183e-03,1.031848e-01,6.188834e-02,3.344765e-01,1.667737e-01,4.736956e-02,1.295393e-02,2.861235e-02
1.628105e-02,1.761231e-02,1.633587e-02,9.235904e-02,1.701646e-02,4.627410e-02,2.022702e-03,5.414904e-03,7.949573e-02,4.895151e-02,3.471811e-01,2.237594e-01,4.937235e-02,1.235755e-02,2.556589e-02
2.755481e-02,2.227346e-02,2.373580e-02,6.609371e-02,9.835768e-02,3.543982e-02,2.480752e-03,6.367513e-03,9.175000e-02,3.759855e-02,3.285438e-01,1.813478e-01,5.002429e-02,9.709729e-03,1.872227e-02
2.403756e-02,1.829891e-02,2.500388e-02,4.722334e-02,2.558240e-01,2.669501e-02,3.501537e-03,7.994086e-03,1.056602e-01,2.754051e-02,2.574149e-01,1.387280e-01,4.152477e-02,7.175941e-03,1.337737e-02
2.185104e-02,1.408150e-02,2.068103e-02,3.492270e-02,3.389190e-01,2.001868e-02,4.603271e-03,1.167022e-02,1.843846e-01,1.956602e-02,1.826357e-01,9.995623e-02,3.165788e-02,5.381306e-03,9.670885e-03
2.184625e-02,1.208670e-02,6.128100e-02,3.775624e-02,3.926037e-01,1.789907e-02,1.674968e-02,1.588822e-02,1.754846e-01,1.394777e-02,1.283526e-01,7.046620e-02,2.433725e-02,4.028025e-03,7.272688e-03
3.218017e-02,1.032715e-02,5.477300e-02,2.905919e-02,4.791623e-01,1.407959e-02,1.696928e-02,1.852367e-02,1.673153e-01,9.972829e-03,9.041581e-02,5.001187e-02,1.858727e-02,2.989815e-03,5.632743e-03
6.154132e-02,1.229040e-02,4.691806e-02,2.247401e-02,5.263846e-01,1.236013e-02,1.775019e-02,2.028281e-02,1.507272e-01,7.220793e-03,6.392039e-02,3.576284e-02,1.501555e-02,2.618529e-03,4.733255e-03
9.210682e-02,1.541974e-02,3.997727e-02,1.964876e-02,5.631326e-01,1.136242e-02,1.688692e-02,2.233104e-02,1.219288e-01,5.233156e-03,4.581682e-02,2.633760e-02,1.316873e-02,2.340210e-03,4.309117e-03
1.327499e-01,1.924018e-02,3.535513e-02,2.166637e-02,5.377517e-01,1.139775e-02,1.474173e-02,3.192430e-02,1.007482e-01,4.470407e-03,3.497086e-02,2.441500e-02,1.967109e-02,3.153534e-03,7.743834e-03
1.548265e-01,2.069056e-02,4.984547e-02,2.491084e-02,4.894312e-01,1.372896e-02,1.296291e-02,6.897895e-02,7.988656e-02,4.516730e-03,2.698980e-02,2.113770e-02,2.033244e-02,3.178099e-03,8.583326e-03
1.400939e-01,1.513295e-02,4.086717e-02,2.170919e-02,4.352611e-01,1.022635e-02,9.711394e-03,2.048634e-01,5.905209e-02,3.240111e-03,1.954006e-02,1.552355e-02,1.608097e-02,2.513182e-03,6.184618e-03
1.255202e-01,1.093432e-02,3.142912e-02,1.884963e-02,3.236396e-01,7.758928e-03,7.048972e-03,3.858263e-01,4.256597e-02,2.343626e-03,1.425825e-02,1.133707e-02,1.208061e-02,1.923059e-03,4.484257e-03
9.938977e-02,7.986806e-03,2.526396e-02,1.751209e-02,2.337799e-01,6.333268e-03,5.187295e-03,5.385562e-01,3.027202e-02,1.753467e-03,1.063401e-02,8.743212e-03,9.543705e-03,1.687652e-03,3.356698e-03
7.479044e-02,5.814744e-03,1.933748e-02,1.552653e-02,1.667979e-01,5.934085e-03,3.883944e-03,6.592604e-01,2.131684e-02,1.261298e-03,7.959043e-03,7.221241e-03,7.139054e-03,1.309891e-03,2.447117e-03
6.284050e-02,4.316186e-03,1.429127e-02,1.406356e-02,1.219693e-01,1.236782e-02,3.666651e-03,6.961980e-01,1.570483e-02,1.047022e-03,1.853914e-02,7.589798e-03,2.419501e-02,1.004360e-03,2.206529e-03
5.569806e-02,3.256657e-03,1.055909e-02,1.444799e-02,8.628056e-02,1.237381e-02,2.978750e-03,5.461212e-01,1.161796e-02,2.486824e-03,7.860873e-02,1.974382e-02,1.514851e-01,9.596795e-04,3.381786e-03
4.973960e-02,2.342730e-03,7.448886e-03,1.209801e-02,6.064107e-02,9.606495e-03,2.462065e-03,3.882237e-01,8.342702e-03,2.908500e-03,6.951577e-02,2.846158e-02,3.539407e-01,8.478374e-04,3.420420e-03
3.740460e-02,1.675940e-03,5.257462e-03,9.300079e-03,4.276511e-02,7.449388e-03,2.654491e-03,2.747973e-01,5.991986e-03,2.392180e-03,5.694378e-02,3.527705e-02,5.146297e-01,7.428450e-04,2.718171e-03
3.155235e-02,1.194709e-03,3.710296e-03,6.597192e-03,3.025837e-02,6.061459e-03,2.728407e-03,1.936676e-01,4.499973e-03,1.761336e-03,4.830349e-02,6.124239e-02,6.057991e-01,5.941713e-04,2.029145e-03
2.267418e-02,8.465580e-04,2.621962e-03,4.674455e-03,2.195162e-02,4.512466e-03,2.076017e-03,1.358525e-01,3.591903e-03,1.339404e-03,4.964076e-02,9.726889e-02,6.509798e-01,4.650207e-04,1.504498e-03
1.611725e-02,6.578718e-04,1.900105e-03,3.292749e-03,1.570480e-02,3.292350e-03,1.537765e-03,9.532050e-02,2.852101e-03,1.058161e-03,3.897848e-02,1.167163e-01,7.010156e-01,3.912724e-04,1.164748e-03
1.133420e-02,1.051962e-03,1.572773e-03,2.318397e-03,1.156308e-02,2.314355e-03,1.093354e-03,6.684557e-02,2.333704e-03,1.246839e-03,2.918352e-02,1.048448e-01,7.624602e-01,7.869896e-04,1.050242e-03
7.960463e-03,1.063242e-03,2.080393e-03,1.664386e-03,9.673141e-03,1.674915e-03,7.879945e-04,4.713248e-02,3.015185e-03,4.001753e-03,2.460060e-02,1.288176e-01,7.644374e-01,1.447257e-03,1.643174e-03
5.669496e-03,1.859331e-03,4.965073e-03,1.253592e-03,8.968430e-03,1.250683e-03,5.647917e-04,3.336864e-02,5.354932e-03,9.766325e-03,2.248785e-02,1.822915e-01,7.167173e-01,3.479465e-03,2.002596e-03
4.106936e-03,2.635336e-03,4.243052e-03,1.110827e-03,1.864800e-02,9.417731e-04,4.143574e-04,2.460522e-02,1.262219e-02,2.090256e-02,2.236687e-02,3.002716e-01,5.805898e-01,4.126870e-03,2.414602e-03
2.999195e-03,2.856610e-03,4.240436e-03,9.277012e-04,2.470849e-02,7.933318e-04,2.966232e-04,1.830040e-02,2.531229e-02,2.265425e-02,2.111846e-02,4.228644e-01,4.476274e-01,3.528878e-03,1.771498e-03
2.676187e-03,9.992320e-03,9.024074e-03,2.430733e-03,6.093506e-02,2.940729e-03,2.951511e-04,1.903303e-02,1.212982e-01,1.949442e-02,2.501663e-02,4.011259e-01,3.218004e-01,2.643574e-03,1.293592e-03
2.989965e-03,9.877268e-03,9.065839e-03,3.648096e-03,9.147042e-02,4.890745e-03,3.469805e-04,1.998790e-02,2.412806e-01,1.455365e-02,2.974846e-02,3.410687e-01,2.279144e-01,2.200684e-03,9.563831e-04
5.048708e-03,8.247428e-03,1.057478e-02,4.580023e-03,7.966602e-02,6.910425e-03,4.327018e-04,4.831951e-02,3.311328e-01,1.163706e-02,5.606822e-02,2.717001e-01,1.626517e-01,2.221345e-03,8.091834e-04
4.712416e-03,9.265860e-03,1.164963e-02,4.939014e-03,6.352780e-02,6.275872e-03,3.502424e-04,4.131251e-02,4.808794e-01,9.518092e-03,5.417364e-02,1.937778e-01,1.164514e-01,2.040569e-03,1.125775e-03
4.488944e-03,9.099986e-03,1.432401e-02,6.358968e-02,4.976967e-02,6.448030e-03,3.090137e-04,3.701530e-02,5.412716e-01,8.108399e-03,4.217350e-02,1.361752e-01,8.270536e-02,1.692682e-03,2.828656e-03
7.403634e-03,9.497233e-03,1.394675e-02,5.506479e-02,4.051678e-02,5.707685e-03,3.048813e-04,3.985490e-02,6.261417e-01,7.187837e-03,3.356663e-02,9.681199e-02,5.928415e-02,1.376506e-03,3.334501e-03
7.960551e-03,8.954315e-03,3.268589e-02,8.888108e-02,3.699692e-02,4.645386e-03,2.885987e-04,3.683636e-02,6.315059e-01,1.061574e-02,2.541704e-02,6.828152e-02,4.267181e-02,1.133910e-03,3.124987e-03
