1.000000e+00,0.000000e+00,0.000000e+00,0.000000e+00,0.000000e+00,0.000000e+00,0.000000e+00,0.000000e+00,0.000000e+00,0.000000e+00,0.000000e+00,0.000000e+00,0.000000e+00,0.000000e+00,0.000000e+00
1.000000e+00,0.000000e+00,0.000000e+00,0.000000e+00,0.000000e+00,0.000000e+00,0.000000e+00,0.000000e+00,0.000000e+00,0.000000e+00,0.000000e+00,0.000000e+00,0.000000e+00,0.000000e+00,0.000000e+00
1.000000e+00,0.000000e+00,0.000000e+00,0.000000e+00,0.000000e+00,0.000000e+00,0.000000e+00,0.000000e+00,0.000000e+00,0.000000e+00,0.000000e+00,0.000000e+00,0.000000e+00,0.000000e+00,0.000000e+00
1.000000e+00,0.000000e+00,0.000000e+00,0.000000e+00,0.000000e+00,0.000000e+00,0.000000e+00,0.000000e+00,0.000000e+00,0.000000e+00,0.000000e+00,0.000000e+00,0.000000e+00,0.000000e+00,0.000000e+00
1.000000e+00,0.000000e+00,0.000000e+00,0.000000e+00,0.000000e+00,0.000000e+00,0.000000e+00,0.000000e+00,0.000000e+00,0.000000e+00,0.000000e+00,0.000000e+00,0.000000e+00,0.000000e+00,0.000000e+00
1.000000e+00,0.000000e+00,0.000000e+00,0.000000e+00,0.000000e+00,0.000000e+00,0.000000e+00,0.000000e+00,0.000000e+00,0.000000e+00,0.000000e+00,0.000000e+00,0.000000e+00,0.000000e+00,0.000000e+00
1.000000e+00,0.000000e+00,0.000000e+00,0.000000e+00,0.000000e+00,0.000000e+00,0.000000e+00,0.000000e+00,0.000000e+00,0.000000e+00,0.000000e+00,0.000000e+00,0.000000e+00,0.000000e+00,0.000000e+00
1.000000e+00,0.000000e+00,0.000000e+00,0.000000e+00,0.000000e+00,0.000000e+00,0.000000e+00,0.000000e+00,0.000000e+00,0.000000e+00,0.000000e+00,0.000000e+00,0.000000e+00,0.000000e+00,0.000000e+00
1.000000e+00,0.000000e+00,0.000000e+00,0.000000e+00,0.000000e+00,0.000000e+00,0.000000e+00,0.000000e+00,0.000000e+00,0.000000e+00,0.000000e+00,0.000000e+00,0.000000e+00,0.000000e+00,0.000000e+00
1.000000e+00,0.000000e+00,0.000000e+00,0.000000e+00,0.000000e+00,0.000000e+00,0.000000e+00,0.000000e+00,0.000000e+00,0.000000e+00,0.000000e+00,0.000000e+00,0.000000e+00,0.000000e+00,0.000000e+00
1.000000e+00,0.000000e+00,0.000000e+00,0.000000e+00,0.000000e+00,0.000000e+00,0.000000e+00,0.000000e+00,0.000000e+00,0.000000e+00,0.000000e+00,0.000000e+00,0.000000e+00,0.000000e+00,0.000000e+00
1.000000e+00,0.000000e+00,0.000000e+00,0.000000e+00,0.000000e+00,0.000000e+00,0.000000e+00,0.000000e+00,0.000000e+00,0.000000e+00,0.000000e+00,0.000000e+00,0.000000e+00,0.000000e+00,0.000000e+00
1.000000e+00,0.000000e+00,0.000000e+00,0.000000e+00,0.000000e+00,0.000000e+00,0.000000e+00,0.000000e+00,0.000000e+00,0.000000e+00,0.000000e+00,0.000000e+00,0.000000e+00,0.000000e+00,0.000000e+00
1.000000e+00,0.000000e+00,0.000000e+00,0.000000e+00,0.000000e+00,0.000000e+00,0.000000e+00,0.000000e+00,0.000000e+00,0.000000e+00,0.000000e+00,0.000000e+00,0.000000e+00,0.000000e+00,0.000000e+00
1.000000e+00,0.000000e+00,0.000000e+00,0.000000e+00,0.000000e+00,0.000000e+00,0.000000e+00,0.000000e+00,0.000000e+00,0.000000e+00,0.000000e+00,0.000000e+00,0.000000e+00,0.000000e+00,0.000000e+00
1.000000e+00,0.000000e+00,0.000000e+00,0.000000e+00,0.000000e+00,0.000000e+00,0.000000e+00,0.000000e+00,0.000000e+00,0.000000e+00,0.000000e+00,0.000000e+00,0.000000e+00,0.000000e+00,0.000000e+00
1.000000e+00,0.000000e+00,0.000000e+00,0.000000e+00,0.000000e+00,0.000000e+00,0.000000e+00,0.000000e+00,0.000000e+00,0.000000e+00,0.000000e+00,0.000000e+00,0.000000e+00,0.000000e+00,0.000000e+00
1.000000e+00,0.000000e+00,0.000000e+00,0.000000e+00,0.000000e+00,0.000000e+00,0.000000e+00,0.000000e+00,0.000000e+00,0.000000e+00,0.000000e+00,0.000000e+00,0.000000e+00,0.000000e+00,0.000000e+00
1.000000e+00,0.000000e+00,0.000000e+00,0.000000e+00,0.000000e+00,0.000000e+00,0.000000e+00,0.000000e+00,0.000000e+00,0.000000e+00,0.000000e+00,0.000000e+00,0.000000e+00,0.000000e+00,0.000000e+00
1.000000e+00,0.000000e+00,0.000000e+00,0.000000e+00,0.000000e+00,0.000000e+00,0.000000e+00,0.000000e+00,0.000000e+00,0.000000e+00,0.000000e+00,0.000000e+00,0.000000e+00,0.000000e+00,0.000000e+00
1.000000e+00,0.000000e+00,0.000000e+00,0.000000e+00,0.000000e+00,0.000000e+00,0.000000e+00,0.000000e+00,0.000000e+00,0.000000e+00,0.000000e+00,0.000000e+00,0.000000e+00,0.000000e+00,0.000000e+00
1.000000e+00,0.000000e+00,0.000000e+00,0.000000e+00,0.000000e+00,0.000000e+00,0.000000e+00,0.000000e+00,0.000000e+00,0.000000e+00,0.000000e+00,0.000000e+00,0.000000e+00,0.000000e+00,0.000000e+00
1.000000e+00,0.000000e+00,0.000000e+00,0.000000e+00,0.000000e+00,0.000000e+00,0.000000e+00,0.000000e+00,0.000000e+00,0.000000e+00,0.000000e+00,0.000000e+00,0.000000e+00,0.000000e+00,0.000000e+00
1.000000e+00,0.000000e+00,0.000000e+00,0.000000e+00,0.000000e+00,0.000000e+00,0.000000e+00,0.000000e+00,0.000000e+00,0.000000e+00,0.000000e+00,0.000000e+00,0.000000e+00,0.000000e+00,0.000000e+00
1.000000e+00,0.000000e+00,0.000000e+00,0.000000e+00,0.000000e+00,0.000000e+00,0.000000e+00,0.000000e+00,0.000000e+00,0.000000e+00,0.000000e+00,0.000000e+00,0.000000e+00,0.000000e+00,0.000000e+00
1.000000e+00,0.000000e+00,0.000000e+00,0.000000e+00,0.000000e+00,0.000000e+00,0.000000e+00,0.000000e+00,0.000000e+00,0.000000e+00,0.000000e+00,0.000000e+00,0.000000e+00,0.000000e+00,0.000000e+00
1.000000e+00,0.000000e+00,0.000000e+00,0.000000e+00,0.000000e+00,0.000000e+00,0.000000e+00,0.000000e+00,0.000000e+00,0.000000e+00,0.000000e+00,0.000000e+00,0.000000e+00,0.000000e+00,0.000000e+00
1.000000e+00,0.000000e+00,0.000000e+00,0.000000e+00,0.000000e+00,0.000000e+00,0.000000e+00,0.000000e+00,0.000000e+00,0.000000e+00,0.000000e+00,0.000000e+00,0.000000e+00,0.000000e+00,0.000000e+00
1.000000e+00,0.000000e+00,0.000000e+00,0.000000e+00,0.000000e+00,0.000000e+00,0.000000e+00,0.000000e+00,0.000000e+00,0.000000e+00,0.000000e+00,0.000000e+00,0.000000e+00,0.000000e+00,0.000000e+00
1.000000e+00,0.000000e+00,0.000000e+00,0.000000e+00,0.000000e+00,0.000000e+00,0.000000e+00,0.000000e+00,0.000000e+00,0.000000e+00,0.000000e+00,0.000000e+00,0.000000e+00,0.000000e+00,0.000000e+00
1.000000e+00,0.000000e+00,0.000000e+00,0.000000e+00,0.000000e+00,0.000000e+00,0.000000e+00,0.000000e+00,0.000000e+00,0.000000e+00,0.000000e+00,0.000000e+00,0.000000e+00,0.000000e+00,0.000000e+00
1.000000e+00,0.000000e+00,0.000000e+00,0.000000e+00,0.000000e+00,0.000000e+00,0.000000e+00,0.000000e+00,0.000000e+00,0.000000e+00,0.000000e+00,0.000000e+00,0.000000e+00,0.000000e+00,0.000000e+00
1.000000e+00,0.000000e+00,0.000000e+00,0.000000e+00,0.000000e+00,0.000000e+00,0.000000e+00,0.000000e+00,0.000000e+00,0.000000e+00,0.000000e+00,0.000000e+00,0.000000e+00,0.000000e+00,0.000000e+00
1.000000e+00,0.000000e+00,0.000000e+00,0.000000e+00,0.000000e+00,0.000000e+00,0.000000e+00,0.000000e+00,0.000000e+00,0.000000e+00,0.000000e+00,0.000000e+00,0.000000e+00,0.000000e+00,0.000000e+00
1.000000e+00,0.000000e+00,0.000000e+00,0.000000e+00,0.000000e+00,0.000000e+00,0.000000e+00,0.000000e+00,0.000000e+00,0.000000e+00,0.000000e+00,0.000000e+00,0.000000e+00,0.000000e+00,0.000000e+00
1.000000e+00,0.000000e+00,0.000000e+00,0.000000e+00,0.000000e+00,0.000000e+00,0.000000e+00,0.000000e+00,0.000000e+00,0.000000e+00,0.000000e+00,0.000000e+00,0.000000e+00,0.000000e+00,0.000000e+00
1.000000e+00,0.000000e+00,0.000000e+00,0.000000e+00,0.000000e+00,0.000000e+00,0.000000e+00,0.000000e+00,0.000000e+00,0.000000e+00,0.000000e+00,0.000000e+00,0.000000e+00,0.000000e+00,0.000000e+00
1.000000e+00,0.000000e+00,0.000000e+00,0.000000e+00,0.000000e+00,0.000000e+00,0.000000e+00,0.000000e+00,0.000000e+00,0.000000e+00,0.000000e+00,0.000000e+00,0.000000e+00,0.000000e+00,0.000000e+00
1.000000e+00,0.000000e+00,0.000000e+00,0.000000e+00,0.000000e+00,0.000000e+00,0.000000e+00,0.000000e+00,0.000000e+00,0.000000e+00,0.000000e+00,0.000000e+00,0.000000e+00,0.000000e+00,0.000000e+00
1.000000e+00,0.000000e+00,0.000000e+00,0.000000e+00,0.000000e+00,0.000000e+00,0.000000e+00,0.000000e+00,0.000000e+00,0.000000e+00,0.000000e+00,0.000000e+00,0.000000e+00,0.000000e+00,0.000000e+00
1.000000e+00,0.000000e+00,0.000000e+00,0.000000e+00,0.000000e+00,0.000000e+00,0.000000e+00,0.000000e+00,0.000000e+00,0.000000e+00,0.000000e+00,0.000000e+00,0.000000e+00,0.000000e+00,0.000000e+00
1.000000e+00,0.000000e+00,0.000000e+00,0.000000e+00,0.000000e+00,0.000000e+00,0.000000e+00,0.000000e+00,0.000000e+00,0.000000e+00,0.000000e+00,0.000000e+00,0.000000e+00,0.000000e+00,0.000000e+00
1.000000e+00,0.000000e+00,0.000000e+00,0.000000e+00,0.000000e+00,0.000000e+00,0.000000e+00,0.000000e+00,0.000000e+00,0.000000e+00,0.000000e+00,0.000000e+00,0.000000e+00,0.000000e+00,0.000000e+00
1.000000e+00,0.000000e+00,0.000000e+00,0.000000e+00,0.000000e+00,0.000000e+00,0.000000e+00,0.000000e+00,0.000000e+00,0.000000e+00,0.000000e+00,0.000000e+00,0.000000e+00,0.000000e+00,0.000000e+00
1.000000e+00,0.000000e+00,0.000000e+00,0.000000e+00,0.000000e+00,0.000000e+00,0.000000e+00,0.000000e+00,0.000000e+00,0.000000e+00,0.000000e+00,0.000000e+00,0.000000e+00,0.000000e+00,0.000000e+00
1.000000e+00,0.000000e+00,0.000000e+00,0.000000e+00,0.000000e+00,0.000000e+00,0.000000e+00,0.000000e+00,0.000000e+00,0.000000e+00,0.000000e+00,0.000000e+00,0.000000e+00,0.000000e+00,0.000000e+00
1.000000e+00,0.000000e+00,0.000000e+00,0.000000e+00,0.000000e+00,0.000000e+00,0.000000e+00,0.000000e+00,0.000000e+00,0.000000e+00,0.000000e+00,0.000000e+00,0.000000e+00,0.000000e+00,0.000000e+00
1.000000e+00,0.000000e+00,0.000000e+00,0.000000e+00,0.000000e+00,0.000000e+00,0.000000e+00,0.000000e+00,0.000000e+00,0.000000e+00,0.000000e+00,0.000000e+00,0.000000e+00,0.000000e+00,0.000000e+00
1.000000e+00,0.000000e+00,0.000000e+00,0.000000e+00,0.000000e+00,0.000000e+00,0.000000e+00,0.000000e+00,0.000000e+00,0.000000e+00,0.000000e+00,0.000000e+00,0.000000e+00,0.000000e+00,0.000000e+00
1.000000e+00,0.000000e+00,0.000000e+00,0.000000e+00,0.000000e+00,0.000000e+00,0.000000e+00,0.000000e+00,0.000000e+00,0.000000e+00,0.000000e+00,0.000000e+00,0.000000e+00,0.000000e+00,0.000000e+00
1.000000e+00,0.000000e+00,0.000000e+00,0.000000e+00,0.000000e+00,0.000000e+00,0.000000e+00,0.000000e+00,0.000000e+00,0.000000e+00,0.000000e+00,0.000000e+00,0.000000e+00,0.000000e+00,0.000000e+00
1.000000e+00,0.000000e+00,0.000000e+00,0.000000e+00,0.000000e+00,0.000000e+00,0.000000e+00,0.000000e+00,0.000000e+00,0.000000e+00,0.000000e+00,0.000000e+00,0.000000e+00,0.000000e+00,0.000000e+00
1.000000e+00,0.000000e+00,0.000000e+00,0.000000e+00,0.000000e+00,0.000000e+00,0.000000e+00,0.000000e+00,0.000000e+00,0.000000e+00,0.000000e+00,0.000000e+00,0.000000e+00,0.000000e+00,0.000000e+00
4.238417e-01,7.625860e-03,6.416066e-03,2.694730e-02,4.304367e-03,1.163170e-02,3.744512e-03,4.714174e-01,2.241959e-03,7.735157e-04,5.591820e-03,1.747717e-02,1.077231e-02,1.345175e-03,5.869125e-03
3.052541e-01,5.619310e-03,5.483661e-03,2.051468e-02,3.254885e-03,9.978862e-03,3.005132e-03,6.131461e-01,1.639157e-03,6.422788e-04,4.593311e-03,1.305991e-02,7.984940e-03,1.325339e-03,4.498350e-03
2.214229e-01,4.219182e-03,4.513569e-03,1.534544e-02,2.635563e-03,7.950455e-03,2.628434e-03,7.132639e-01,1.278113e-03,4.919468e-04,4.948047e-03,9.890250e-03,6.394383e-03,1.687724e-03,3.330084e-03
1.619178e-01,3.124894e-03,3.772764e-03,1.181345e-02,3.353148e-03,6.546237e-03,2.311762e-03,7.820686e-01,1.101164e-03,3.747052e-04,6.240982e-03,7.335758e-03,5.833321e-03,1.798631e-03,2.406906e-03
1.166663e-01,2.281173e-03,3.053706e-03,9.385761e-03,6.008983e-03,5.836076e-03,1.882156e-03,8.338544e-01,1.156161e-03,3.202812e-04,5.959517e-03,5.332371e-03,5.020857e-03,1.481576e-03,1.760617e-03
8.780193e-02,1.760384e-03,2.798366e-03,8.721078e-03,9.510556e-03,6.166842e-03,1.615557e-03,8.585578e-01,2.797677e-03,3.915631e-04,6.460398e-03,4.633964e-03,5.782573e-03,1.652811e-03,1.348529e-03
9.128903e-02,2.415327e-03,4.590594e-03,1.610335e-02,2.636890e-02,1.176266e-02,1.774749e-03,8.144773e-01,5.444850e-03,9.273706e-04,7.831052e-03,5.177252e-03,8.763766e-03,1.539311e-03,1.534611e-03
8.254110e-02,5.514666e-03,6.264404e-03,7.198510e-02,4.986048e-02,2.537361e-02,1.767408e-03,6.893536e-01,1.224368e-02,1.968063e-03,1.838887e-02,1.071861e-02,1.972652e-02,1.581050e-03,2.712946e-03
5.866217e-02,6.024475e-03,7.188029e-03,1.896313e-01,5.201501e-02,4.857520e-02,1.400888e-03,4.841368e-01,1.685465e-02,3.882920e-03,4.359425e-02,3.096475e-02,4.452065e-02,1.821488e-03,1.072756e-02
4.201106e-02,6.221478e-03,5.536174e-03,1.696775e-01,3.705274e-02,9.529033e-02,1.075148e-03,3.392534e-01,2.269036e-02,3.591006e-03,6.309891e-02,1.468746e-01,5.358287e-02,2.968476e-03,1.107597e-02
3.051759e-02,5.134639e-03,4.245948e-03,1.357164e-01,2.817442e-02,1.086117e-01,8.464375e-04,2.377376e-01,2.605073e-02,4.648122e-03,9.472184e-02,2.379567e-01,7.044511e-02,5.902689e-03,9.290126e-03
2.243536e-02,3.896996e-03,3.126962e-03,9.775054e-02,2.004704e-02,2.197662e-01,6.780343e-04,1.666201e-01,2.690106e-02,5.289343e-03,7.786929e-02,2.854560e-01,5.629776e-02,6.681936e-03,7.183352e-03
1.608601e-02,2.836235e-03,2.329081e-03,7.098310e-02,1.494360e-02,1.971793e-01,5.463602e-04,1.167939e-01,2.429765e-02,2.024683e-02,8.400780e-02,3.942072e-01,4.236193e-02,7.468860e-03,5.712084e-03
1.155344e-02,2.266824e-03,1.971883e-03,5.104697e-02,1.098265e-02,1.494637e-01,4.247983e-04,8.183309e-02,2.009576e-02,2.909333e-02,9.399317e-02,5.032756e-01,3.164564e-02,7.425958e-03,4.927152e-03
8.939560e-03,1.762392e-03,1.883368e-03,3.714109e-02,1.440187e-02,1.173689e-01,2.065211e-03,5.769229e-02,2.303628e-02,3.223092e-02,1.831656e-01,4.825239e-01,2.645399e-02,6.609137e-03,4.725561e-03
8.553168e-03,4.472057e-03,2.996598e-03,2.663774e-02,3.564756e-02,9.288004e-02,3.648993e-03,4.126472e-02,6.648696e-02,4.308073e-02,1.878216e-01,4.444746e-01,2.416579e-02,1.064597e-02,7.223490e-03
7.843235e-03,8.698203e-03,3.147015e-03,1.891241e-02,4.670278e-02,6.864490e-02,3.967298e-03,3.052523e-02,1.058289e-01,7.805500e-02,1.644562e-01,4.143502e-01,2.719819e-02,1.477911e-02,6.891395e-03
6.083123e-03,7.911868e-03,4.040933e-03,1.408374e-02,9.619346e-02,5.178424e-02,8.507418e-03,2.455844e-02,9.835409e-02,9.623972e-02,1.319599e-01,4.109177e-01,2.671047e-02,1.718566e-02,5.469281e-03
4.668119e-03,6.176095e-03,3.753604e-03,1.101350e-02,1.710222e-01,4.046984e-02,9.499202e-03,2.654452e-02,1.002981e-01,8.535542e-02,1.143125e-01,3.771022e-01,2.797776e-02,1.675617e-02,5.050809e-03
4.804877e-03,7.385214e-03,4.073245e-03,8.851526e-03,2.207156e-01,3.120430e-02,9.066544e-03,6.773713e-02,1.095043e-01,6.971783e-02,1.074058e-01,2.957532e-01,4.038456e-02,1.834610e-02,5.049824e-03
4.477667e-03,8.138400e-03,5.197060e-03,8.839465e-03,2.287847e-01,2.543794e-02,8.183495e-03,6.929590e-02,1.268453e-01,5.891887e-02,1.040277e-01,2.829401e-01,4.422612e-02,1.805490e-02,6.632335e-03
6.416616e-03,1.672751e-02,6.954320e-03,7.832557e-03,1.797954e-01,3.284343e-02,7.357701e-03,7.191262e-02,2.569426e-01,4.790686e-02,8.625618e-02,2.149214e-01,4.034617e-02,1.645214e-02,7.334621e-03
1.023281e-02,2.291431e-02,5.316812e-03,6.022587e-03,1.450257e-01,3.062458e-02,6.644430e-03,5.630320e-02,3.942821e-01,3.602215e-02,6.512778e-02,1.606258e-01,4.150580e-02,1.275295e-02,6.599047e-03
1.613316e-02,3.681559e-02,5.407986e-03,5.404076e-03,1.250885e-01,3.479634e-02,6.954002e-03,5.163125e-02,4.660479e-01,2.925353e-02,4.892643e-02,1.211071e-01,3.590111e-02,1.016814e-02,6.364952e-03
3.092913e-02,3.908534e-02,1.142603e-02,1.668713e-02,1.330613e-01,3.718999e-02,6.608367e-03,4.023028e-02,4.927849e-01,2.177227e-02,3.738399e-02,8.772823e-02,2.951558e-02,8.105140e-03,7.492250e-03
1.104472e-01,5.178156e-02,1.210846e-02,1.709901e-02,1.152627e-01,3.540146e-02,6.190844e-03,3.511594e-02,4.179126e-01,2.139114e-02,3.387437e-02,6.483342e-02,2.754387e-02,6.800333e-03,4.423701e-02
2.285486e-01,4.734281e-02,1.590846e-02,2.146423e-02,1.012648e-01,2.856863e-02,5.895543e-03,3.063370e-02,3.302028e-01,3.040181e-02,2.973603e-02,5.091316e-02,2.760245e-02,6.033176e-03,4.548380e-02
2.975129e-01,4.079232e-02,1.476743e-02,1.780970e-02,8.577170e-02,2.456093e-02,5.910247e-03,2.666299e-02,2.570166e-01,2.715402e-02,2.712379e-02,4.106641e-02,5.049157e-02,9.323249e-03,7.403617e-02
3.555131e-01,3.805223e-02,1.193274e-02,1.586374e-02,8.534224e-02,2.125117e-02,7.341382e-03,2.379207e-02,2.048979e-01,2.242745e-02,3.155583e-02,3.438727e-02,6.709115e-02,8.909276e-03,7.164250e-02
3.262541e-01,5.037222e-02,1.039752e-02,1.430727e-02,6.611609e-02,1.901650e-02,7.020059e-03,2.118380e-02,1.841220e-01,2.436734e-02,2.742729e-02,3.713051e-02,1.373816e-01,7.638878e-03,6.726484e-02
3.519583e-01,4.962466e-02,9.022967e-03,1.448484e-02,5.180671e-02,1.636891e-02,6.472471e-03,1.854576e-02,1.515349e-01,2.539530e-02,2.178423e-02,3.235475e-02,1.799924e-01,7.190414e-03,6.346346e-02
3.478571e-01,8.920509e-02,1.044317e-02,1.925099e-02,4.193088e-02,1.869690e-02,6.707035e-03,2.568020e-02,1.636664e-01,2.802543e-02,1.679672e-02,2.609311e-02,1.318683e-01,7.799651e-03,6.597909e-02
2.623400e-01,1.363056e-01,1.205003e-02,1.496425e-02,3.352858e-02,2.519549e-02,6.828815e-03,4.077647e-02,1.827212e-01,2.243370e-02,1.320642e-02,2.083303e-02,1.070625e-01,8.485984e-03,1.132679e-01
2.015345e-01,1.589125e-01,1.045436e-02,1.163068e-02,3.233691e-02,3.978955e-02,5.275285e-03,4.114443e-02,2.093482e-01,1.936916e-02,1.047754e-02,1.623809e-02,9.466249e-02,9.655263e-03,1.391711e-01
1.615077e-01,1.590602e-01,1.047914e-02,9.186998e-03,2.654028e-02,3.845078e-02,4.033177e-03,3.922461e-02,2.042012e-01,1.450095e-02,9.542599e-03,1.284721e-02,8.378278e-02,1.439888e-02,2.122435e-01
1.350872e-01,1.490161e-01,1.265919e-02,9.964551e-03,2.363138e-02,3.559694e-02,3.919536e-03,4.219884e-02,2.189688e-01,1.230535e-02,8.257175e-03,1.073454e-02,7.465751e-02,1.555839e-02,2.474446e-01
1.069061e-01,1.121255e-01,1.329239e-02,2.008276e-02,1.856936e-02,2.892243e-02,3.228921e-03,3.724425e-02,3.709642e-01,1.238528e-02,7.352705e-03,1.073899e-02,5.876827e-02,1.279228e-02,1.866265e-01
8.458355e-02,9.080595e-02,1.079523e-02,1.632152e-02,1.743529e-02,2.466166e-02,3.468561e-03,2.910783e-02,4.311028e-01,1.080013e-02,7.579578e-03,1.027001e-02,5.601916e-02,1.859331e-02,1.884556e-01
6.257501e-02,6.672794e-02,9.141362e-03,1.980967e-02,1.337898e-02,1.784204e-02,2.599672e-03,2.078471e-02,5.347213e-01,1.218541e-02,6.706107e-03,8.091338e-03,4.078085e-02,1.880364e-02,1.658520e-01
5.758247e-02,6.145816e-02,8.096195e-03,1.587760e-02,1.562895e-02,1.444804e-02,2.787994e-03,1.556306e-02,4.801118e-01,1.107698e-02,9.041288e-03,7.660609e-03,4.177395e-02,1.880582e-02,2.400872e-01
5.633022e-02,7.940115e-02,6.274479e-03,1.361382e-02,1.719042e-02,1.348431e-02,2.887274e-03,1.143558e-02,4.691155e-01,9.390917e-03,9.087535e-03,7.392133e-03,6.058814e-02,1.529966e-02,2.285089e-01
4.798561e-02,1.031606e-01,4.882395e-03,1.107011e-02,2.198522e-02,1.213211e-02,2.703251e-03,8.463913e-03,4.525679e-01,7.265729e-03,9.200194e-03,6.382259e-03,5.825367e-02,1.317081e-02,2.407762e-01
3.771190e-02,9.980403e-02,4.461415e-03,2.973500e-02,4.387264e-02,1.430774e-02,2.887934e-03,2.205953e-02,4.566199e-01,6.934140e-03,9.812558e-03,5.661519e-03,5.383142e-02,1.152380e-02,2.007765e-01
3.782067e-02,1.032636e-01,1.075877e-02,4.039421e-02,7.056492e-02,1.449259e-02,3.804749e-03,6.003168e-02,3.642792e-01,5.371029e-03,7.990211e-03,4.431682e-03,4.410279e-02,1.043800e-02,2.222560e-01
3.898204e-02,8.567054e-02,1.042670e-02,3.520586e-02,7.581514e-02,1.538185e-02,3.252330e-03,4.335834e-02,2.766505e-01,8.296883e-03,8.824100e-03,5.229633e-03,4.195672e-02,1.229551e-02,3.386539e-01
3.953718e-02,8.590811e-02,1.698746e-02,6.059058e-02,1.129036e-01,2.652125e-02,4.131633e-03,3.464121e-02,2.317626e-01,8.377945e-03,1.278979e-02,1.133860e-02,4.745318e-02,1.015716e-02,2.968997e-01
4.303239e-02,8.854294e-02,2.378484e-02,5.773382e-02,9.490086e-02,2.604961e-02,3.652039e-03,2.708256e-02,1.929990e-01,1.128944e-02,2.944055e-02,4.280102e-02,6.515084e-02,1.983925e-02,2.737009e-01
3.587543e-02,7.740912e-02,5.338654e-02,8.212201e-02,6.955014e-02,2.093069e-02,2.831403e-03,2.268098e-02,2.019615e-01,1.907356e-02,3.461648e-02,3.903160e-02,6.347899e-02,1.705308e-02,2.599985e-01
3.101531e-02,7.071632e-02,9.917021e-02,7.234955e-02,5.428209e-02,1.702265e-02,2.383810e-03,2.038862e-02,2.115640e-01,3.387062e-02,3.483636e-02,2.905949e-02,5.086170e-02,1.368402e-02,2.587952e-01
2.365138e-02,6.114245e-02,2.224139e-01,1.161557e-01,4.283477e-02,1.346538e-02,1.744603e-03,1.733884e-02,1.862200e-01,3.135015e-02,2.765378e-02,2.116567e-02,3.710555e-02,1.050727e-02,1.872506e-01
2.213248e-02,5.468591e-02,2.187534e-01,1.275734e-01,3.208769e-02,1.129726e-02,1.338316e-03,1.409706e-02,1.910233e-01,8.180922e-02,2.767244e-02,1.573309e-02,2.907543e-02,8.061765e-03,1.646592e-01
4.342703e-02,9.832786e-02,1.926513e-01,1.019995e-01,2.623221e-02,1.200978e-02,1.280939e-03,1.155055e-02,2.248521e-01,8.681624e-02,2.518930e-02,1.328386e-02,2.484520e-02,8.087300e-03,1.294469e-01
5.986334e-02,1.036077e-01,2.300746e-01,1.132625e-01,2.784068e-02,1.282503e-02,1.726869e-03,1.344382e-02,1.934786e-01,8.036727e-02,2.001350e-02,1.047179e-02,1.894949e-02,7.271376e-03,1.068035e-01
8.328641e-02,1.083316e-01,1.975821e-01,1.009985e-01,2.571157e-02,1.293231e-02,1.678848e-03,1.295249e-02,1.864572e-01,1.142822e-01,1.590879e-02,8.442605e-03,1.550630e-02,6.230571e-03,1.096985e-01
1.176927e-01,9.751994e-02,2.049878e-01,1.074936e-01,3.270237e-02,1.738030e-02,2.978974e-03,1.886030e-02,1.858878e-01,9.252851e-02,1.265744e-02,6.976674e-03,1.240752e-02,5.872689e-03,8.405343e-02
1.699434e-01,9.701928e-02,1.803300e-01,1.139087e-01,4.164385e-02,2.027079e-02,3.640220e-03,1.916422e-02,1.711548e-01,7.908791e-02,1.112579e-02,6.171767e-03,1.110643e-02,6.735528e-03,6.869730e-02
2.319821e-01,8.657112e-02,1.631254e-01,9.579644e-02,4.975213e-02,1.959508e-02,4.104372e-03,6.229725e-02,1.473755e-01,5.641567e-02,1.098848e-02,6.372366e-03,9.410080e-03,5.338853e-03,5.087518e-02
2.180541e-01,9.332350e-02,1.588609e-01,7.759620e-02,7.119514e-02,2.290215e-02,7.378199e-03,8.822791e-02,1.467317e-01,4.239847e-02,1.059165e-02,6.236695e-03,1.091196e-02,4.207853e-03,4.138360e-02
1.916997e-01,1.004093e-01,1.266025e-01,5.886182e-02,6.921007e-02,2.190867e-02,6.795391e-03,1.502519e-01,1.594003e-01,3.600893e-02,9.826347e-03,6.177160e-03,1.751390e-02,3.686151e-03,4.164787e-02
1.675946e-01,8.476762e-02,9.065294e-02,4.346512e-02,5.677879e-02,1.871735e-02,7.233855e-03,2.787560e-01,1.583746e-01,2.589152e-02,8.170553e-03,5.422171e-03,2.040892e-02,2.743602e-03,3.102234e-02
1.347618e-01,7.665857e-02,6.512397e-02,3.215223e-02,4.703910e-02,1.635259e-02,6.634413e-03,3.833274e-01,1.600860e-01,1.847235e-02,7.312716e-03,4.291071e-03,2.251705e-02,2.169229e-03,2.310157e-02
1.121968e-01,6.379146e-02,5.307143e-02,3.130105e-02,3.921068e-02,1.528504e-02,7.697817e-03,4.539539e-01,1.452457e-01,1.422145e-02,6.902482e-03,3.896917e-03,3.295717e-02,1.901567e-03,1.836658e-02
1.307538e-01,4.894169e-02,3.911546e-02,2.392897e-02,3.437490e-02,1.590634e-02,7.116408e-03,4.875087e-01,1.333885e-01,1.027512e-02,7.258687e-03,4.083578e-03,4.108800e-02,1.994252e-03,1.426564e-02
1.194324e-01,3.686528e-02,2.837507e-02,1.780644e-02,2.609206e-02,1.485302e-02,5.393121e-03,5.565187e-01,1.213767e-01,7.339173e-03,5.979018e-03,3.278071e-03,4.453927e-02,1.597421e-03,1.055420e-02
1.145235e-01,2.751049e-02,2.106532e-02,1.330737e-02,2.081986e-02,1.328986e-02,4.132444e-03,6.297612e-01,9.609170e-02,5.237987e-03,4.870112e-03,2.565303e-03,3.769800e-02,1.248687e-03,7.878244e-03
1.464601e-01,2.202681e-02,1.661147e-02,1.080074e-02,1.742435e-02,1.424997e-02,4.135356e-03,6.256362e-01,9.550612e-02,3.778821e-03,4.122848e-03,2.221460e-03,2.992573e-02,1.017041e-03,6.082903e-03
2.270273e-01,2.127425e-02,1.339745e-02,1.007727e-02,1.598464e-02,1.390016e-02,4.403288e-03,5.426346e-01,1.048774e-01,3.301777e-03,4.799450e-03,3.496460e-03,2.707143e-02,1.377154e-03,6.377333e-03
2.551171e-01,2.539315e-02,1.264807e-02,1.122295e-02,1.996938e-02,1.807719e-02,4.614732e-03,4.897367e-01,1.128085e-01,3.017363e-03,5.055822e-03,4.532238e-03,2.913688e-02,1.672867e-03,6.997072e-03
2.882225e-01,2.251133e-02,1.250452e-02,1.057994e-02,2.271634e-02,1.697384e-02,4.436377e-03,4.678513e-01,1.048056e-01,2.673882e-03,4.733048e-03,4.791395e-03,2.820388e-02,1.721208e-03,7.274837e-03
3.485096e-01,2.045289e-02,1.147890e-02,9.369653e-03,2.510178e-02,1.507716e-02,4.793749e-03,4.120692e-01,9.813407e-02,2.654217e-03,4.424116e-03,5.405943e-03,3.211180e-02,1.932317e-03,8.484503e-03
4.223771e-01,1.846021e-02,1.124650e-02,9.195658e-03,3.332702e-02,1.322033e-02,5.376248e-03,3.281811e-01,9.452745e-02,2.399419e-03,4.529187e-03,6.342059e-03,3.899002e-02,2.075512e-03,9.752108e-03
4.899380e-01,1.496525e-02,1.159664e-02,9.202428e-03,2.741576e-02,1.167240e-02,4.943838e-03,2.605750e-01,7.438217e-02,2.148521e-03,5.328500e-03,7.793984e-03,6.738680e-02,2.091229e-03,1.055944e-02
1.000000e+00,0.000000e+00,0.000000e+00,0.000000e+00,0.000000e+00,0.000000e+00,0.000000e+00,0.000000e+00,0.000000e+00,0.000000e+00,0.000000e+00,0.000000e+00,0.000000e+00,0.000000e+00,0.000000e+00
4.510997e-01,1.519365e-02,9.244394e-03,5.044805e-02,1.724552e-02,1.736783e-02,3.781125e-03,1.734195e-01,5.047332e-02,6.142859e-03,2.102262e-02,3.107083e-02,1.102085e-01,4.717898e-03,3.856408e-02
3.431469e-01,2.589530e-02,7.736173e-03,4.971024e-02,1.272354e-02,1.537197e-02,3.039625e-03,1.240696e-01,9.607947e-02,1.221052e-02,2.335494e-02,4.619403e-02,1.512123e-01,7.558994e-03,8.169631e-02
2.740935e-01,2.839587e-02,6.475952e-03,5.799391e-02,1.007735e-02,1.395005e-02,2.836737e-03,8.904972e-02,1.182584e-01,1.161052e-02,2.721342e-02,4.411506e-02,2.176834e-01,7.418343e-03,9.082779e-02
2.060979e-01,2.053566e-02,5.248940e-03,4.641786e-02,1.112534e-02,1.826941e-02,2.871685e-03,6.592011e-02,1.098100e-01,9.633485e-03,6.185246e-02,4.184552e-02,3.253048e-01,5.902546e-03,6.916434e-02
2.334323e-01,1.713355e-02,5.488832e-03,4.642741e-02,1.442988e-02,1.808125e-02,3.111131e-03,4.981202e-02,1.313387e-01,8.501723e-03,5.695578e-02,3.559980e-02,3.090785e-01,6.156757e-03,6.445241e-02
2.203089e-01,1.344622e-02,4.957274e-03,3.634366e-02,1.335896e-02,1.851552e-02,2.687293e-03,3.717756e-02,1.095365e-01,6.813468e-03,5.341965e-02,3.873668e-02,3.596624e-01,5.893897e-03,7.914212e-02
1.859904e-01,1.040766e-02,4.199563e-03,2.641006e-02,1.184868e-02,1.640488e-02,2.275179e-03,2.800232e-02,8.854045e-02,5.197471e-03,4.321297e-02,5.669361e-02,4.502867e-01,5.723570e-03,6.480648e-02
1.595909e-01,7.928546e-03,3.660231e-03,1.978277e-02,1.198196e-02,1.387791e-02,1.850284e-03,2.253618e-02,6.941830e-02,4.160329e-03,3.559653e-02,5.804701e-02,5.360534e-01,6.057034e-03,4.945865e-02
1.338175e-01,6.179552e-03,3.382423e-03,1.431217e-02,1.477742e-02,1.544899e-02,1.573615e-03,1.925166e-02,5.849088e-02,3.406944e-03,3.190017e-02,5.527642e-02,5.996841e-01,5.261613e-03,3.723653e-02
1.020309e-01,5.159573e-03,3.378901e-03,1.029374e-02,1.537516e-02,1.610240e-02,1.465243e-03,1.624332e-02,5.314571e-02,3.228704e-03,2.805459e-02,5.620421e-02,6.565552e-01,4.576563e-03,2.818581e-02
7.343854e-02,4.910553e-03,3.985060e-03,7.341661e-03,1.869950e-02,1.720608e-02,1.259112e-03,1.337247e-02,4.971912e-02,2.849786e-03,2.297648e-02,5.692253e-02,7.023693e-01,3.612689e-03,2.133711e-02
5.354615e-02,8.432359e-03,5.777014e-03,5.377727e-03,3.416558e-02,2.475698e-02,1.493466e-03,1.286335e-02,7.343790e-02,3.282498e-03,1.839439e-02,5.795466e-02,6.781232e-01,3.015456e-03,1.937928e-02
3.866791e-02,7.751556e-03,5.627859e-03,3.940237e-03,3.510619e-02,2.116974e-02,1.457336e-03,1.220364e-02,6.724580e-02,3.099119e-03,1.387848e-02,4.939901e-02,7.213765e-01,2.413010e-03,1.666350e-02
2.926070e-02,7.994255e-03,7.751024e-03,2.978625e-03,4.699731e-02,1.803298e-02,2.233495e-03,4.042302e-02,6.265008e-02,2.675072e-03,1.079316e-02,6.370542e-02,6.883299e-01,2.072690e-03,1.410216e-02
2.387029e-02,1.627236e-02,8.596454e-03,3.357828e-03,4.558597e-02,4.168354e-02,2.348150e-03,3.927818e-02,7.375813e-02,6.128435e-03,8.839316e-03,6.651710e-02,6.471558e-01,2.382679e-03,1.422568e-02
2.267825e-02,4.118382e-02,1.019198e-02,2.851915e-03,5.711567e-02,4.261320e-02,3.597695e-03,4.095282e-02,9.247684e-02,4.693282e-03,6.831046e-03,6.969111e-02,5.910743e-01,1.964835e-03,1.208320e-02
2.729012e-02,3.942815e-02,3.224387e-02,3.144060e-03,7.105873e-02,3.942407e-02,4.262467e-03,1.154135e-01,8.311821e-02,3.669034e-03,5.426767e-03,7.342063e-02,4.909728e-01,1.713769e-03,9.413787e-03
2.772161e-02,3.478186e-02,4.206856e-02,3.382974e-03,8.088192e-02,3.273455e-02,5.586415e-03,1.677103e-01,6.991816e-02,2.749398e-03,4.037866e-03,7.088009e-02,4.482496e-01,1.378503e-03,7.918197e-03
2.943791e-02,2.720022e-02,4.831156e-02,5.353336e-03,6.159559e-02,2.580418e-02,4.613712e-03,2.723214e-01,5.374517e-02,1.955826e-03,2.981401e-03,5.357153e-02,4.059561e-01,1.076037e-03,6.076044e-03
3.465538e-02,2.735709e-02,4.820020e-02,5.320097e-03,4.897901e-02,2.607763e-02,5.291769e-03,3.392137e-01,4.459388e-02,1.507087e-03,2.364932e-03,4.471843e-02,3.654765e-01,9.891784e-04,5.255016e-03
4.448431e-02,5.200621e-02,5.515362e-02,5.815990e-03,4.309021e-02,2.674420e-02,8.184955e-03,3.474189e-01,5.044693e-02,1.336887e-03,2.022784e-03,4.599129e-02,3.086954e-01,1.219575e-03,7.388668e-03
4.325714e-02,4.883164e-02,4.618577e-02,7.668615e-03,3.851259e-02,3.087162e-02,9.909799e-03,3.814094e-01,4.741646e-02,1.198531e-03,1.720880e-03,3.558506e-02,2.998608e-01,9.276976e-04,6.643982e-03
4.160227e-02,4.612914e-02,3.794802e-02,1.052210e-02,3.687537e-02,3.098658e-02,9.565299e-03,4.550438e-01,4.416439e-02,1.349859e-03,1.562195e-03,2.834584e-02,2.487648e-01,7.181490e-04,6.422178e-03
4.303061e-02,3.861025e-02,2.887313e-02,8.803879e-03,3.551165e-02,2.312205e-02,8.155826e-03,5.313678e-01,4.222450e-02,1.072869e-03,1.265493e-03,2.223643e-02,2.095709e-01,6.048424e-04,5.549724e-03
5.334041e-02,5.908917e-02,2.607197e-02,1.178217e-02,2.788102e-02,5.290560e-02,9.013854e-03,4.007360e-01,5.328833e-02,3.635898e-03,3.886429e-03,1.988547e-02,2.625555e-01,8.468865e-04,1.508135e-02
4.365536e-02,5.572283e-02,3.796833e-02,4.048110e-02,2.045926e-02,4.101859e-02,7.552577e-03,3.171138e-01,4.597154e-02,6.861002e-02,1.213306e-02,2.192342e-02,2.190827e-01,1.431244e-03,6.687625e-02
3.246532e-02,5.492846e-02,3.472126e-02,3.955087e-02,1.497555e-02,3.626904e-02,6.619601e-03,2.314446e-01,4.252921e-02,5.772475e-02,2.024350e-02,4.439179e-02,2.226868e-01,3.014628e-03,1.584347e-01
2.522176e-02,4.383183e-02,2.812111e-02,5.016749e-02,1.147461e-02,3.111320e-02,5.712018e-03,1.677628e-01,4.279406e-02,6.419981e-02,4.504338e-02,4.926938e-02,2.552583e-01,5.217847e-03,1.748124e-01
2.980424e-02,3.435217e-02,4.076255e-02,5.482632e-02,1.258252e-02,2.477862e-02,4.965281e-03,1.188493e-01,6.629168e-02,4.979198e-02,6.351228e-02,6.435229e-02,2.859756e-01,6.256936e-03,1.428984e-01
1.218124e-01,3.004440e-02,3.937672e-02,5.129332e-02,1.830904e-02,1.975090e-02,5.289833e-03,9.177240e-02,1.092804e-01,4.463208e-02,5.512340e-02,5.252114e-02,2.217930e-01,9.207161e-03,1.297939e-01
1.950332e-01,2.752108e-02,4.022662e-02,1.025257e-01,1.776290e-02,1.766731e-02,4.604483e-03,6.908196e-02,1.124937e-01,3.787097e-02,4.977899e-02,4.410408e-02,1.743582e-01,1.060807e-02,9.636291e-02
1.772259e-01,3.507832e-02,3.423966e-02,8.853532e-02,1.733026e-02,1.380972e-02,3.686803e-03,6.019865e-02,1.922269e-01,2.868142e-02,5.147205e-02,6.839104e-02,1.487779e-01,8.623357e-03,7.172272e-02
1.856735e-01,3.830730e-02,2.839351e-02,7.728894e-02,2.072107e-02,1.223051e-02,3.134052e-03,8.583321e-02,2.150854e-01,2.197748e-02,4.363641e-02,5.440687e-02,1.266520e-01,8.150834e-03,7.850888e-02
1.713268e-01,4.286876e-02,2.381941e-02,9.265228e-02,2.714388e-02,1.381035e-02,8.871167e-03,8.720249e-02,2.640322e-01,1.729577e-02,3.427285e-02,4.031921e-02,1.095752e-01,6.445538e-03,6.036410e-02
1.523573e-01,4.266835e-02,1.905731e-02,8.837283e-02,2.992517e-02,2.151399e-02,1.148224e-02,7.220083e-02,2.768762e-01,1.326261e-02,3.186448e-02,3.188349e-02,1.521390e-01,4.969408e-03,5.142682e-02
1.675628e-01,4.092438e-02,1.607529e-02,7.994531e-02,3.121098e-02,1.947725e-02,1.159349e-02,5.563174e-02,2.697999e-01,1.195496e-02,2.864993e-02,2.563154e-02,1.934216e-01,4.263290e-03,4.385749e-02
1.733086e-01,3.481099e-02,1.276979e-02,6.368504e-02,3.488430e-02,2.477415e-02,1.063291e-02,4.455943e-02,2.441362e-01,1.005675e-02,2.500778e-02,2.143328e-02,2.477559e-01,4.681374e-03,4.750349e-02
1.586106e-01,4.250268e-02,1.109096e-02,4.876181e-02,3.316105e-02,3.517029e-02,8.379222e-03,4.112883e-02,2.116058e-01,9.185402e-03,1.983598e-02,1.682479e-02,2.886692e-01,5.460554e-03,6.961284e-02
1.504805e-01,3.561003e-02,1.144945e-02,5.797379e-02,2.496761e-02,2.565037e-02,6.097243e-03,3.051276e-02,2.712762e-01,9.606322e-03,1.667152e-02,1.438049e-02,2.120681e-01,4.828160e-03,1.284274e-01
1.781033e-01,3.461829e-02,1.536440e-02,5.960694e-02,2.727644e-02,2.156666e-02,5.365164e-03,3.422925e-02,2.262647e-01,9.301381e-03,1.627325e-02,1.426071e-02,2.349164e-01,4.994445e-03,1.178586e-01
1.722802e-01,4.458798e-02,2.836000e-02,4.978194e-02,2.517316e-02,2.185119e-02,4.419505e-03,3.333392e-02,1.999478e-01,1.167077e-02,1.369307e-02,1.211087e-02,2.679866e-01,5.801365e-03,1.090016e-01
1.472574e-01,7.304064e-02,2.994357e-02,3.664186e-02,2.732002e-02,2.462284e-02,5.013813e-03,2.983740e-02,2.739438e-01,1.012070e-02,1.052033e-02,9.597344e-03,2.257276e-01,5.187921e-03,9.122460e-02
1.478560e-01,7.756723e-02,4.281729e-02,2.694197e-02,3.215932e-02,3.071392e-02,6.438568e-03,3.143393e-02,2.858929e-01,7.910185e-03,7.830450e-03,7.046656e-03,1.848237e-01,4.691358e-03,1.058764e-01
2.136641e-01,7.640202e-02,4.862246e-02,3.374220e-02,3.525657e-02,2.684078e-02,8.521950e-03,4.066505e-02,2.471759e-01,7.147074e-03,7.893901e-03,9.995935e-03,1.492817e-01,4.237617e-03,9.055272e-02
2.686914e-01,6.404129e-02,4.696058e-02,2.937159e-02,4.338839e-02,3.365827e-02,9.873658e-03,5.593187e-02,2.069011e-01,6.212007e-03,6.514876e-03,8.615404e-03,1.466764e-01,3.634215e-03,6.952897e-02
2.862462e-01,5.616535e-02,4.366371e-02,2.739835e-02,5.476525e-02,3.635029e-02,1.284509e-02,8.781955e-02,1.997383e-01,5.732835e-03,5.327518e-03,7.707227e-03,1.202596e-01,3.068510e-03,5.291226e-02
2.454558e-01,5.165982e-02,4.365828e-02,4.964398e-02,6.398124e-02,3.046973e-02,1.084995e-02,2.036448e-01,1.573777e-01,4.301501e-03,4.750224e-03,6.183830e-03,8.744351e-02,2.267961e-03,3.831166e-02
2.106683e-01,3.959079e-02,4.616888e-02,9.065688e-02,5.843310e-02,2.586311e-02,8.289892e-03,2.911121e-01,1.246919e-01,3.382938e-03,4.313378e-03,4.728729e-03,6.252236e-02,1.684772e-03,2.789299e-02
1.572367e-01,2.863055e-02,3.442051e-02,6.461272e-02,4.322867e-02,1.841826e-02,5.948612e-03,4.841281e-01,8.970133e-02,2.397756e-03,3.254316e-03,3.352085e-03,4.384934e-02,1.206632e-03,1.961442e-02
1.150073e-01,2.018783e-02,2.444153e-02,4.536020e-02,3.126298e-02,1.298664e-02,4.284569e-03,6.317493e-01,6.302772e-02,1.689717e-03,2.308478e-03,2.365226e-03,3.073082e-02,8.507453e-04,1.374699e-02
8.653123e-02,1.425962e-02,1.741120e-02,3.192749e-02,2.333853e-02,9.190478e-03,3.243177e-03,7.333265e-01,4.446605e-02,1.194581e-03,1.639022e-03,1.680134e-03,2.154931e-02,6.010433e-04,9.641620e-03
6.298192e-02,1.006841e-02,1.244660e-02,2.249566e-02,1.722874e-02,6.893430e-03,2.315966e-03,8.086200e-01,3.126970e-02,8.449832e-04,1.207704e-03,1.274354e-03,1.514115e-02,4.302599e-04,6.781127e-03
4.658724e-02,7.218138e-03,9.143083e-03,1.606173e-02,1.284509e-02,5.989433e-03,1.637891e-03,8.596304e-01,2.192250e-02,6.107162e-04,9.826228e-04,1.323315e-03,1.088071e-02,3.341205e-04,4.832984e-03
4.172982e-02,5.269874e-03,6.941853e-03,1.165645e-02,9.746036e-03,5.037612e-03,1.312683e-03,8.885406e-01,1.562324e-02,4.625534e-04,8.108568e-04,1.142967e-03,7.794323e-03,2.503494e-04,3.680695e-03
5.238210e-02,3.875056e-03,6.190747e-03,8.774441e-03,7.348861e-03,4.051646e-03,1.137818e-03,8.936809e-01,1.128779e-02,3.890970e-04,7.666340e-04,1.300663e-03,5.699168e-03,2.030689e-04,2.911942e-03
6.563558e-02,2.951472e-03,4.880839e-03,6.551911e-03,5.621448e-03,3.986030e-03,9.379758e-04,8.917003e-01,8.255186e-03,3.325051e-04,7.323934e-04,1.580914e-03,4.234042e-03,2.025834e-04,2.396803e-03
9.276654e-02,2.587589e-03,4.935261e-03,5.386945e-03,4.957212e-03,5.051744e-03,9.116739e-04,8.679290e-01,6.653563e-03,3.227370e-04,7.895152e-04,1.867545e-03,3.368205e-03,2.607022e-04,2.211758e-03
1.263399e-01,2.300851e-03,5.456047e-03,4.569652e-03,4.028047e-03,7.206037e-03,1.030114e-03,8.348415e-01,5.402901e-03,3.684379e-04,8.124263e-04,2.257112e-03,2.872406e-03,2.780899e-04,2.236390e-03
1.854883e-01,2.707315e-03,5.594169e-03,4.864986e-03,3.982421e-03,1.089473e-02,1.466892e-03,7.691301e-01,4.911073e-03,4.271529e-04,9.855349e-04,3.902947e-03,2.586412e-03,3.610722e-04,2.696967e-03
2.795900e-01,2.662184e-03,4.815132e-03,4.872655e-03,3.912222e-03,1.731662e-02,1.452180e-03,6.666081e-01,3.858491e-03,4.890238e-04,1.397027e-03,6.608335e-03,2.555572e-03,5.145445e-04,3.348015e-03
2.787923e-01,3.518787e-03,8.319564e-03,9.366956e-03,4.603167e-03,1.098740e-01,1.354715e-03,5.051034e-01,3.483952e-03,2.446330e-03,1.214623e-02,5.050531e-02,3.904150e-03,1.177041e-03,5.404231e-03
2.519346e-01,3.660434e-03,9.320169e-03,1.459979e-02,5.054578e-03,1.208346e-01,1.257517e-03,3.615879e-01,5.890973e-03,7.484837e-03,3.996269e-02,1.623784e-01,7.385449e-03,1.344362e-03,7.303925e-03
1.777760e-01,2.712508e-03,6.876758e-03,1.071024e-02,3.699122e-03,9.487357e-02,9.423039e-04,2.534510e-01,5.667510e-03,1.254590e-02,4.832677e-02,3.694816e-01,6.031861e-03,1.115284e-03,5.789613e-03
1.255885e-01,2.158129e-03,4.851634e-03,7.739712e-03,2.935220e-03,6.728657e-02,6.821553e-04,1.774957e-01,7.649282e-02,2.473382e-02,6.655589e-02,4.326465e-01,4.975167e-03,1.072734e-03,4.785473e-03
8.908124e-02,2.965856e-03,3.599736e-03,5.651917e-03,2.707602e-03,4.788215e-02,5.728499e-04,1.244956e-01,2.625482e-01,4.843367e-02,6.685879e-02,3.367416e-01,3.816745e-03,9.071772e-04,3.736848e-03
6.281377e-02,9.976083e-03,3.772566e-03,4.180301e-03,2.811926e-03,3.582961e-02,4.519324e-04,8.734088e-02,2.900364e-01,1.280229e-01,6.109290e-02,3.037455e-01,3.383484e-03,1.867233e-03,4.674572e-03
4.505498e-02,8.885413e-03,2.830716e-03,3.115761e-03,2.785012e-03,2.710138e-02,3.960100e-04,6.148397e-02,2.853634e-01,2.558449e-01,4.997312e-02,2.484612e-01,3.376683e-03,1.830406e-03,3.497101e-03
3.226439e-02,7.265185e-03,2.070506e-03,2.691822e-03,2.930399e-03,1.998014e-02,3.305443e-04,4.345898e-02,2.660859e-01,3.479616e-01,5.118793e-02,2.153336e-01,3.934607e-03,1.906913e-03,2.597626e-03
2.766350e-02,7.041428e-03,1.887540e-03,2.459041e-03,7.319637e-03,1.509973e-02,3.502271e-04,3.675014e-02,2.818385e-01,3.874338e-01,4.808481e-02,1.726781e-01,5.056486e-03,4.418847e-03,1.918278e-03
2.029561e-02,6.366202e-03,1.367712e-03,1.861519e-03,6.730686e-03,1.077523e-02,2.871429e-04,2.659878e-02,2.635851e-01,4.827679e-01,3.982583e-02,1.280886e-01,4.755265e-03,5.234864e-03,1.459562e-03
1.544501e-02,7.240983e-03,1.145269e-03,2.385929e-03,7.726319e-03,7.837839e-03,2.521008e-04,2.375870e-02,2.581248e-01,5.110967e-01,4.570530e-02,1.063018e-01,5.817311e-03,6.015768e-03,1.146246e-03
1.198712e-02,9.913038e-03,1.050109e-03,2.686636e-03,7.225114e-03,5.663117e-03,2.767065e-04,2.284789e-02,2.383452e-01,5.262483e-01,6.506027e-02,8.992527e-02,8.431893e-03,9.382540e-03,9.568072e-04
9.854055e-03,1.296119e-02,1.024552e-03,3.213421e-03,8.813856e-03,4.172863e-03,2.527817e-04,1.803052e-02,2.467647e-01,5.336622e-01,6.478557e-02,7.611456e-02,9.652237e-03,9.870093e-03,8.273877e-04
8.505213e-03,1.258322e-02,1.955390e-03,4.685027e-03,1.151412e-02,3.599212e-03,2.523124e-04,1.983245e-02,2.559408e-01,4.189114e-01,1.169464e-01,9.949735e-02,3.261198e-02,1.218130e-02,9.837401e-04
1.029855e-02,1.108394e-02,5.836324e-02,1.678149e-02,2.054675e-02,3.051039e-03,5.516912e-04,8.003316e-02,2.590357e-01,2.949069e-01,1.150643e-01,8.869587e-02,3.178183e-02,8.943442e-03,8.619978e-04
1.262345e-02,1.044493e-02,1.144439e-01,2.952238e-02,2.899145e-02,2.601676e-03,9.012881e-04,1.072902e-01,2.837506e-01,2.086970e-01,9.568998e-02,6.748429e-02,2.987777e-02,6.846835e-03,8.343353e-04
1.331480e-02,1.052796e-02,1.170636e-01,1.095878e-01,5.292305e-02,3.375955e-03,9.353928e-04,8.313647e-02,2.895406e-01,1.531945e-01,7.982004e-02,5.416827e-02,2.603713e-02,5.243720e-03,1.130681e-03
2.055030e-02,1.062894e-02,1.112274e-01,1.465505e-01,4.817236e-02,6.384509e-03,1.052467e-03,6.252809e-02,2.870289e-01,1.273530e-01,1.004390e-01,4.765497e-02,2.447598e-02,4.260250e-03,1.693220e-03
