1.000000e+00,0.000000e+00,0.000000e+00,0.000000e+00,0.000000e+00,0.000000e+00,0.000000e+00,0.000000e+00,0.000000e+00,0.000000e+00,0.000000e+00,0.000000e+00,0.000000e+00,0.000000e+00,0.000000e+00
1.000000e+00,0.000000e+00,0.000000e+00,0.000000e+00,0.000000e+00,0.000000e+00,0.000000e+00,0.000000e+00,0.000000e+00,0.000000e+00,0.000000e+00,0.000000e+00,0.000000e+00,0.000000e+00,0.000000e+00
1.000000e+00,0.000000e+00,0.000000e+00,0.000000e+00,0.000000e+00,0.000000e+00,0.000000e+00,0.000000e+00,0.000000e+00,0.000000e+00,0.000000e+00,0.000000e+00,0.000000e+00,0.000000e+00,0.000000e+00
1.000000e+00,0.000000e+00,0.000000e+00,0.000000e+00,0.000000e+00,0.000000e+00,0.000000e+00,0.000000e+00,0.000000e+00,0.000000e+00,0.000000e+00,0.000000e+00,0.000000e+00,0.000000e+00,0.000000e+00
1.000000e+00,0.000000e+00,0.000000e+00,0.000000e+00,0.000000e+00,0.000000e+00,0.000000e+00,0.000000e+00,0.000000e+00,0.000000e+00,0.000000e+00,0.000000e+00,0.000000e+00,0.000000e+00,0.000000e+00
1.000000e+00,0.000000e+00,0.000000e+00,0.000000e+00,0.000000e+00,0.000000e+00,0.000000e+00,0.000000e+00,0.000000e+00,0.000000e+00,0.000000e+00,0.000000e+00,0.000000e+00,0.000000e+00,0.000000e+00
1.000000e+00,0.000000e+00,0.000000e+00,0.000000e+00,0.000000e+00,0.000000e+00,0.000000e+00,0.000000e+00,0.000000e+00,0.000000e+00,0.000000e+00,0.000000e+00,0.000000e+00,0.000000e+00,0.000000e+00
1.000000e+00,0.000000e+00,0.000000e+00,0.000000e+00,0.000000e+00,0.000000e+00,0.000000e+00,0.000000e+00,0.000000e+00,0.000000e+00,0.000000e+00,0.000000e+00,0.000000e+00,0.000000e+00,0.000000e+00
1.000000e+00,0.000000e+00,0.000000e+00,0.000000e+00,0.000000e+00,0.000000e+00,0.000000e+00,0.000000e+00,0.000000e+00,0.000000e+00,0.000000e+00,0.000000e+00,0.000000e+00,0.000000e+00,0.000000e+00
1.000000e+00,0.000000e+00,0.000000e+00,0.000000e+00,0.000000e+00,0.000000e+00,0.000000e+00,0.000000e+00,0.000000e+00,0.000000e+00,0.000000e+00,0.000000e+00,0.000000e+00,0.000000e+00,0.000000e+00
1.000000e+00,0.000000e+00,0.000000e+00,0.000000e+00,0.000000e+00,0.000000e+00,0.000000e+00,0.000000e+00,0.000000e+00,0.000000e+00,0.000000e+00,0.000000e+00,0.000000e+00,0.000000e+00,0.000000e+00
1.000000e+00,0.000000e+00,0.000000e+00,0.000000e+00,0.000000e+00,0.000000e+00,0.000000e+00,0.000000e+00,0.000000e+00,0.000000e+00,0.000000e+00,0.000000e+00,0.000000e+00,0.000000e+00,0.000000e+00
1.000000e+00,0.000000e+00,0.000000e+00,0.000000e+00,0.000000e+00,0.000000e+00,0.000000e+00,0.000000e+00,0.000000e+00,0.000000e+00,0.000000e+00,0.000000e+00,0.000000e+00,0.000000e+00,0.000000e+00
1.000000e+00,0.000000e+00,0.000000e+00,0.000000e+00,0.000000e+00,0.000000e+00,0.000000e+00,0.000000e+00,0.000000e+00,0.000000e+00,0.000000e+00,0.000000e+00,0.000000e+00,0.000000e+00,0.000000e+00
1.000000e+00,0.000000e+00,0.000000e+00,0.000000e+00,0.000000e+00,0.000000e+00,0.000000e+00,0.000000e+00,0.000000e+00,0.000000e+00,0.000000e+00,0.000000e+00,0.000000e+00,0.000000e+00,0.000000e+00
1.000000e+00,0.000000e+00,0.000000e+00,0.000000e+00,0.000000e+00,0.000000e+00,0.000000e+00,0.000000e+00,0.000000e+00,0.000000e+00,0.000000e+00,0.000000e+00,0.000000e+00,0.000000e+00,0.000000e+00
1.000000e+00,0.000000e+00,0.000000e+00,0.000000e+00,0.000000e+00,0.000000e+00,0.000000e+00,0.000000e+00,0.000000e+00,0.000000e+00,0.000000e+00,0.000000e+00,0.000000e+00,0.000000e+00,0.000000e+00
1.000000e+00,0.000000e+00,0.000000e+00,0.000000e+00,0.000000e+00,0.000000e+00,0.000000e+00,0.000000e+00,0.000000e+00,0.000000e+00,0.000000e+00,0.000000e+00,0.000000e+00,0.000000e+00,0.000000e+00
1.000000e+00,0.000000e+00,0.000000e+00,0.000000e+00,0.000000e+00,0.000000e+00,0.000000e+00,0.000000e+00,0.000000e+00,0.000000e+00,0.000000e+00,0.000000e+00,0.000000e+00,0.000000e+00,0.000000e+00
1.000000e+00,0.000000e+00,0.000000e+00,0.000000e+00,0.000000e+00,0.000000e+00,0.000000e+00,0.000000e+00,0.000000e+00,0.000000e+00,0.000000e+00,0.000000e+00,0.000000e+00,0.000000e+00,0.000000e+00
1.000000e+00,0.000000e+00,0.000000e+00,0.000000e+00,0.000000e+00,0.000000e+00,0.000000e+00,0.000000e+00,0.000000e+00,0.000000e+00,0.000000e+00,0.000000e+00,0.000000e+00,0.000000e+00,0.000000e+00
1.000000e+00,0.000000e+00,0.000000e+00,0.000000e+00,0.000000e+00,0.000000e+00,0.000000e+00,0.000000e+00,0.000000e+00,0.000000e+00,0.000000e+00,0.000000e+00,0.000000e+00,0.000000e+00,0.000000e+00
1.000000e+00,0.000000e+00,0.000000e+00,0.000000e+00,0.000000e+00,0.000000e+00,0.000000e+00,0.000000e+00,0.000000e+00,0.000000e+00,0.000000e+00,0.000000e+00,0.000000e+00,0.000000e+00,0.000000e+00
1.000000e+00,0.000000e+00,0.000000e+00,0.000000e+00,0.000000e+00,0.000000e+00,0.000000e+00,0.000000e+00,0.000000e+00,0.000000e+00,0.000000e+00,0.000000e+00,0.000000e+00,0.000000e+00,0.000000e+00
1.000000e+00,0.000000e+00,0.000000e+00,0.000000e+00,0.000000e+00,0.000000e+00,0.000000e+00,0.000000e+00,0.000000e+00,0.000000e+00,0.000000e+00,0.000000e+00,0.000000e+00,0.000000e+00,0.000000e+00
1.000000e+00,0.000000e+00,0.000000e+00,0.000000e+00,0.000000e+00,0.000000e+00,0.000000e+00,0.000000e+00,0.000000e+00,0.000000e+00,0.000000e+00,0.000000e+00,0.000000e+00,0.000000e+00,0.000000e+00
1.000000e+00,0.000000e+00,0.000000e+00,0.000000e+00,0.000000e+00,0.000000e+00,0.000000e+00,0.000000e+00,0.000000e+00,0.000000e+00,0.000000e+00,0.000000e+00,0.000000e+00,0.000000e+00,0.000000e+00
1.000000e+00,0.000000e+00,0.000000e+00,0.000000e+00,0.000000e+00,0.000000e+00,0.000000e+00,0.000000e+00,0.000000e+00,0.000000e+00,0.000000e+00,0.000000e+00,0.000000e+00,0.000000e+00,0.000000e+00
1.000000e+00,0.000000e+00,0.000000e+00,0.000000e+00,0.000000e+00,0.000000e+00,0.000000e+00,0.000000e+00,0.000000e+00,0.000000e+00,0.000000e+00,0.000000e+00,0.000000e+00,0.000000e+00,0.000000e+00
1.000000e+00,0.000000e+00,0.000000e+00,0.000000e+00,0.000000e+00,0.000000e+00,0.000000e+00,0.000000e+00,0.000000e+00,0.000000e+00,0.000000e+00,0.000000e+00,0.000000e+00,0.000000e+00,0.000000e+00
1.000000e+00,0.000000e+00,0.000000e+00,0.000000e+00,0.000000e+00,0.000000e+00,0.000000e+00,0.000000e+00,0.000000e+00,0.000000e+00,0.000000e+00,0.000000e+00,0.000000e+00,0.000000e+00,0.000000e+00
1.000000e+00,0.000000e+00,0.000000e+00,0.000000e+00,0.000000e+00,0.000000e+00,0.000000e+00,0.000000e+00,0.000000e+00,0.000000e+00,0.000000e+00,0.000000e+00,0.000000e+00,0.000000e+00,0.000000e+00
1.000000e+00,0.000000e+00,0.000000e+00,0.000000e+00,0.000000e+00,0.000000e+00,0.000000e+00,0.000000e+00,0.000000e+00,0.000000e+00,0.000000e+00,0.000000e+00,0.000000e+00,0.000000e+00,0.000000e+00
1.000000e+00,0.000000e+00,0.000000e+00,0.000000e+00,0.000000e+00,0.000000e+00,0.000000e+00,0.000000e+00,0.000000e+00,0.000000e+00,0.000000e+00,0.000000e+00,0.000000e+00,0.000000e+00,0.000000e+00
1.000000e+00,0.000000e+00,0.000000e+00,0.000000e+00,0.000000e+00,0.000000e+00,0.000000e+00,0.000000e+00,0.000000e+00,0.000000e+00,0.000000e+00,0.000000e+00,0.000000e+00,0.000000e+00,0.000000e+00
1.000000e+00,0.000000e+00,0.000000e+00,0.000000e+00,0.000000e+00,0.000000e+00,0.000000e+00,0.000000e+00,0.000000e+00,0.000000e+00,0.000000e+00,0.000000e+00,0.000000e+00,0.000000e+00,0.000000e+00
1.000000e+00,0.000000e+00,0.000000e+00,0.000000e+00,0.000000e+00,0.000000e+00,0.000000e+00,0.000000e+00,0.000000e+00,0.000000e+00,0.000000e+00,0.000000e+00,0.000000e+00,0.000000e+00,0.000000e+00
1.000000e+00,0.000000e+00,0.000000e+00,0.000000e+00,0.000000e+00,0.000000e+00,0.000000e+00,0.000000e+00,0.000000e+00,0.000000e+00,0.000000e+00,0.000000e+00,0.000000e+00,0.000000e+00,0.000000e+00
1.000000e+00,0.000000e+00,0.000000e+00,0.000000e+00,0.000000e+00,0.000000e+00,0.000000e+00,0.000000e+00,0.000000e+00,0.000000e+00,0.000000e+00,0.000000e+00,0.000000e+00,0.000000e+00,0.000000e+00
1.000000e+00,0.000000e+00,0.000000e+00,0.000000e+00,0.000000e+00,0.000000e+00,0.000000e+00,0.000000e+00,0.000000e+00,0.000000e+00,0.000000e+00,0.000000e+00,0.000000e+00,0.000000e+00,0.000000e+00
1.000000e+00,0.000000e+00,0.000000e+00,0.000000e+00,0.000000e+00,0.000000e+00,0.000000e+00,0.000000e+00,0.000000e+00,0.000000e+00,0.000000e+00,0.000000e+00,0.000000e+00,0.000000e+00,0.000000e+00
1.000000e+00,0.000000e+00,0.000000e+00,0.000000e+00,0.000000e+00,0.000000e+00,0.000000e+00,0.000000e+00,0.000000e+00,0.000000e+00,0.000000e+00,0.000000e+00,0.000000e+00,0.000000e+00,0.000000e+00
1.000000e+00,0.000000e+00,0.000000e+00,0.000000e+00,0.000000e+00,0.000000e+00,0.000000e+00,0.000000e+00,0.000000e+00,0.000000e+00,0.000000e+00,0.000000e+00,0.000000e+00,0.000000e+00,0.000000e+00
1.000000e+00,0.000000e+00,0.000000e+00,0.000000e+00,0.000000e+00,0.000000e+00,0.000000e+00,0.000000e+00,0.000000e+00,0.000000e+00,0.000000e+00,0.000000e+00,0.000000e+00,0.000000e+00,0.000000e+00
1.000000e+00,0.000000e+00,0.000000e+00,0.000000e+00,0.000000e+00,0.000000e+00,0.000000e+00,0.000000e+00,0.000000e+00,0.000000e+00,0.000000e+00,0.000000e+00,0.000000e+00,0.000000e+00,0.000000e+00
1.000000e+00,0.000000e+00,0.000000e+00,0.000000e+00,0.000000e+00,0.000000e+00,0.000000e+00,0.000000e+00,0.000000e+00,0.000000e+00,0.000000e+00,0.000000e+00,0.000000e+00,0.000000e+00,0.000000e+00
1.000000e+00,0.000000e+00,0.000000e+00,0.000000e+00,0.000000e+00,0.000000e+00,0.000000e+00,0.000000e+00,0.000000e+00,0.000000e+00,0.000000e+00,0.000000e+00,0.000000e+00,0.000000e+00,0.000000e+00
1.000000e+00,0.000000e+00,0.000000e+00,0.000000e+00,0.000000e+00,0.000000e+00,0.000000e+00,0.000000e+00,0.000000e+00,0.000000e+00,0.000000e+00,0.000000e+00,0.000000e+00,0.000000e+00,0.000000e+00
1.000000e+00,0.000000e+00,0.000000e+00,0.000000e+00,0.000000e+00,0.000000e+00,0.000000e+00,0.000000e+00,0.000000e+00,0.000000e+00,0.000000e+00,0.000000e+00,0.000000e+00,0.000000e+00,0.000000e+00
1.000000e+00,0.000000e+00,0.000000e+00,0.000000e+00,0.000000e+00,0.000000e+00,0.000000e+00,0.000000e+00,0.000000e+00,0.000000e+00,0.000000e+00,0.000000e+00,0.000000e+00,0.000000e+00,0.000000e+00
1.000000e+00,0.000000e+00,0.000000e+00,0.000000e+00,0.000000e+00,0.000000e+00,0.000000e+00,0.000000e+00,0.000000e+00,0.000000e+00,0.000000e+00,0.000000e+00,0.000000e+00,0.000000e+00,0.000000e+00
1.000000e+00,0.000000e+00,0.000000e+00,0.000000e+00,0.000000e+00,0.000000e+00,0.000000e+00,0.000000e+00,0.000000e+00,0.000000e+00,0.000000e+00,0.000000e+00,0.000000e+00,0.000000e+00,0.000000e+00
1.000000e+00,0.000000e+00,0.000000e+00,0.000000e+00,0.000000e+00,0.000000e+00,0.000000e+00,0.000000e+00,0.000000e+00,0.000000e+00,0.000000e+00,0.000000e+00,0.000000e+00,0.000000e+00,0.000000e+00
1.000000e+00,0.000000e+00,0.000000e+00,0.000000e+00,0.000000e+00,0.000000e+00,0.000000e+00,0.000000e+00,0.000000e+00,0.000000e+00,0.000000e+00,0.000000e+00,0.000000e+00,0.000000e+00,0.000000e+00
1.000000e+00,0.000000e+00,0.000000e+00,0.000000e+00,0.000000e+00,0.000000e+00,0.000000e+00,0.000000e+00,0.000000e+00,0.000000e+00,0.000000e+00,0.000000e+00,0.000000e+00,0.000000e+00,0.000000e+00
1.000000e+00,0.000000e+00,0.000000e+00,0.000000e+00,0.000000e+00,0.000000e+00,0.000000e+00,0.000000e+00,0.000000e+00,0.000000e+00,0.000000e+00,0.000000e+00,0.000000e+00,0.000000e+00,0.000000e+00
1.000000e+00,0.000000e+00,0.000000e+00,0.000000e+00,0.000000e+00,0.000000e+00,0.000000e+00,0.000000e+00,0.000000e+00,0.000000e+00,0.000000e+00,0.000000e+00,0.000000e+00,0.000000e+00,0.000000e+00
4.779633e-01,9.281996e-03,5.138203e-02,3.611988e-02,7.826057e-03,3.048822e-02,9.259325e-03,3.155451e-01,3.948014e-03,1.129186e-03,6.835148e-03,2.376404e-02,1.650255e-02,1.804934e-03,8.150168e-03
4.581717e-01,6.898231e-03,4.463240e-02,2.888959e-02,6.284629e-03,2.356033e-02,7.946881e-03,3.762932e-01,2.965396e-03,9.420558e-04,5.355421e-03,1.749911e-02,1.246913e-02,1.461340e-03,6.630622e-03
4.187598e-01,5.282338e-03,3.981951e-02,2.503280e-02,5.224373e-03,1.765282e-02,6.325503e-03,4.445139e-01,2.287295e-03,9.206510e-04,4.439535e-03,1.346253e-02,9.645664e-03,1.259157e-03,5.374161e-03
3.635205e-01,4.045148e-03,4.386945e-02,2.283135e-02,4.800953e-03,1.357412e-02,5.571004e-03,5.114404e-01,1.727415e-03,7.841278e-04,3.492642e-03,1.128637e-02,7.886411e-03,9.818906e-04,4.188212e-03
3.196689e-01,2.960815e-03,3.954383e-02,1.915224e-02,4.387298e-03,1.046578e-02,4.837962e-03,5.749549e-01,1.273704e-03,6.968809e-04,2.772988e-03,8.921821e-03,6.444513e-03,7.555318e-04,3.162919e-03
2.518377e-01,2.193697e-03,3.117583e-02,1.433416e-02,4.017941e-03,8.040772e-03,4.503659e-03,6.651284e-01,9.484896e-04,6.387073e-04,2.158795e-03,6.837684e-03,5.187658e-03,5.758727e-04,2.420638e-03
2.011652e-01,1.665171e-03,2.487657e-02,1.117451e-02,4.163626e-03,6.032665e-03,3.431416e-03,7.325196e-01,8.751872e-04,6.662396e-04,1.758632e-03,5.202892e-03,4.110757e-03,4.399962e-04,1.917574e-03
1.945778e-01,1.272157e-03,2.346004e-02,1.347503e-02,4.131323e-03,4.797316e-03,2.698008e-03,7.409812e-01,1.614807e-03,7.897208e-04,1.654971e-03,4.686269e-03,3.984506e-03,3.702833e-04,1.506569e-03
1.790428e-01,1.063270e-03,2.129958e-02,1.287218e-02,6.407921e-03,4.732141e-03,2.191064e-03,7.566895e-01,2.077632e-03,1.172063e-03,1.554195e-03,4.619927e-03,4.675992e-03,3.458270e-04,1.255936e-03
1.487485e-01,1.005589e-03,1.871668e-02,1.133847e-02,7.146440e-03,6.050245e-03,1.907463e-03,7.440645e-01,2.459696e-03,2.045973e-03,9.874989e-03,1.115175e-02,3.199727e-02,1.164031e-03,2.328437e-03
1.240663e-01,1.394338e-03,1.431526e-02,1.943252e-02,5.215359e-03,6.114896e-03,1.439693e-03,5.657365e-01,1.907682e-02,1.004999e-02,5.353234e-02,5.908178e-02,4.597229e-02,6.451757e-02,1.005438e-02
1.072376e-01,1.722493e-03,1.053203e-02,2.940696e-02,3.755116e-03,5.456518e-03,1.084580e-03,4.193034e-01,2.660975e-02,1.473571e-02,1.112500e-01,8.857496e-02,5.211190e-02,1.122709e-01,1.594810e-02
8.232010e-02,4.293329e-03,9.329939e-03,9.501664e-02,2.984694e-03,5.088284e-03,8.228786e-04,2.995139e-01,6.413514e-02,2.403909e-02,1.688697e-01,7.755523e-02,4.767355e-02,8.777604e-02,3.058149e-02
6.811591e-02,5.342000e-03,7.486393e-03,8.639194e-02,2.708818e-03,5.929930e-03,8.206624e-04,2.117343e-01,5.850861e-02,1.954089e-02,2.590392e-01,7.001802e-02,3.945188e-02,1.391922e-01,2.571923e-02
6.372561e-02,1.146814e-02,7.641243e-03,1.852950e-01,2.678093e-03,6.746651e-03,8.256701e-04,1.502938e-01,5.417948e-02,1.626860e-02,2.598154e-01,5.686477e-02,2.900833e-02,1.322360e-01,2.295333e-02
5.778372e-02,1.428406e-02,6.396022e-03,1.413538e-01,2.240370e-03,3.421280e-02,7.910064e-04,1.057120e-01,4.450034e-02,1.446680e-02,3.269615e-01,4.745814e-02,2.192074e-02,1.617547e-01,2.016410e-02
6.575517e-02,1.292417e-02,5.024018e-03,1.064589e-01,2.056089e-03,2.976012e-02,7.741405e-04,7.449422e-02,3.788457e-02,1.464943e-02,3.287211e-01,3.858716e-02,1.624891e-02,2.501123e-01,1.654982e-02
5.650492e-02,1.211914e-02,3.780862e-03,7.591507e-02,1.931609e-03,2.380830e-02,7.370067e-04,5.247411e-02,3.148178e-02,2.022337e-02,4.190256e-01,3.367360e-02,1.262567e-02,2.431707e-01,1.252833e-02
4.149818e-02,1.072083e-02,2.899290e-03,5.450000e-02,4.469863e-03,2.080767e-02,1.777217e-03,3.721979e-02,7.218962e-02,2.338399e-02,3.967268e-01,2.737380e-02,1.022406e-02,2.869897e-01,9.219171e-03
3.005751e-02,2.320916e-02,7.088669e-03,3.947245e-02,1.676083e-02,2.702396e-02,2.016403e-03,2.895420e-02,1.208178e-01,2.366169e-02,3.499863e-01,2.276999e-02,8.764805e-03,2.921918e-01,7.224400e-03
2.313249e-02,2.427932e-02,1.576645e-02,2.901366e-02,3.122512e-02,3.657980e-02,2.761837e-03,3.812088e-02,1.315915e-01,1.925975e-02,3.301065e-01,2.101541e-02,9.259486e-03,2.823079e-01,5.579987e-03
1.733893e-02,2.422165e-02,1.390204e-02,2.153240e-02,3.090245e-02,7.850856e-02,2.517343e-03,2.738812e-02,1.382681e-01,1.802837e-02,3.447964e-01,1.975090e-02,9.329130e-03,2.480803e-01,5.435350e-03
1.235943e-02,1.988574e-02,1.026418e-02,1.542992e-02,2.349663e-02,8.056492e-02,1.829645e-03,1.937587e-02,1.317739e-01,1.570913e-02,4.275629e-01,3.539435e-02,1.984115e-02,1.820397e-01,4.472490e-03
8.838858e-03,1.777124e-02,7.829363e-03,1.143624e-02,1.986388e-02,1.310802e-01,1.388827e-03,1.452453e-02,1.382520e-01,1.564897e-02,4.381772e-01,2.983513e-02,3.202608e-02,1.295105e-01,3.817044e-03
8.100051e-03,2.309146e-02,6.739407e-03,8.656084e-03,1.610493e-02,2.116690e-01,1.130532e-03,1.245728e-02,1.803478e-01,1.383941e-02,3.646649e-01,2.448740e-02,2.933414e-02,9.511231e-02,4.265233e-03
6.102668e-03,2.209356e-02,6.924148e-03,6.432503e-03,1.471292e-02,2.146903e-01,1.206655e-03,1.964410e-02,2.301842e-01,1.151418e-02,2.914088e-01,2.276477e-02,7.798915e-02,6.867673e-02,5.655312e-03
5.064402e-03,2.210804e-02,7.286781e-03,4.844770e-03,1.841909e-02,1.751260e-01,1.644204e-03,1.521760e-02,3.538334e-01,9.954545e-03,2.275739e-01,1.999234e-02,8.117983e-02,5.089596e-02,6.859180e-03
4.738989e-03,2.475614e-02,6.332506e-03,3.922173e-03,1.722649e-02,2.147544e-01,1.494182e-03,1.388780e-02,3.855186e-01,1.027837e-02,1.729455e-01,1.718842e-02,7.201835e-02,4.559022e-02,9.347865e-03
5.211664e-03,2.304264e-02,1.212589e-02,3.618228e-03,2.320693e-02,1.747333e-01,3.260209e-03,9.678524e-02,4.021711e-01,9.701336e-03,1.258012e-01,1.298993e-02,5.212887e-02,4.699782e-02,8.225621e-03
5.327397e-03,2.670669e-02,1.066840e-02,2.789566e-03,2.573470e-02,1.664333e-01,4.105576e-03,9.454162e-02,4.599156e-01,7.630527e-03,9.536343e-02,1.021526e-02,3.960790e-02,4.352415e-02,7.435903e-03
5.592390e-03,3.331466e-02,8.129382e-03,2.132506e-03,2.741240e-02,1.891889e-01,4.008122e-03,6.888960e-02,5.057995e-01,6.172082e-03,6.865933e-02,8.594209e-03,2.927844e-02,3.556823e-02,7.260225e-03
5.830241e-03,4.756518e-02,6.309706e-03,1.764017e-03,2.816291e-02,2.345979e-01,3.435670e-03,5.118617e-02,4.997682e-01,5.278806e-03,4.918868e-02,7.120660e-03,2.173606e-02,3.086308e-02,7.192749e-03
5.977649e-03,5.195092e-02,5.386982e-03,2.528918e-03,2.766711e-02,2.126194e-01,3.737641e-03,4.885500e-02,5.454887e-01,5.014077e-03,3.494280e-02,5.314888e-03,1.717634e-02,2.573843e-02,7.601189e-03
6.686301e-03,4.681042e-02,5.494434e-03,4.061076e-03,3.359675e-02,1.850385e-01,5.446879e-03,8.360401e-02,5.510546e-01,4.421642e-03,2.470060e-02,3.896498e-03,1.446805e-02,2.188442e-02,8.835881e-03
7.765500e-03,4.669847e-02,4.390356e-03,3.853003e-03,4.765739e-02,1.796672e-01,4.778337e-03,7.517278e-02,5.645503e-01,3.567103e-03,1.765238e-02,3.072713e-03,1.170635e-02,1.977314e-02,9.695087e-03
9.347854e-03,5.307841e-02,5.419567e-03,7.762301e-03,4.824948e-02,1.891920e-01,4.438724e-03,1.166921e-01,5.114260e-01,3.223215e-03,1.257095e-02,2.275768e-03,9.273991e-03,1.520876e-02,1.184086e-02
1.192918e-02,5.493437e-02,5.707738e-03,6.909302e-03,5.043399e-02,1.920953e-01,4.883031e-03,1.326840e-01,4.974617e-01,2.454687e-03,8.980636e-03,1.768444e-03,7.040143e-03,1.200685e-02,1.071077e-02
2.379684e-02,4.784235e-02,1.176744e-02,6.616899e-03,7.608282e-02,2.210434e-01,1.636705e-02,1.014682e-01,4.496492e-01,3.235543e-03,6.716678e-03,2.229749e-03,6.928635e-03,9.676835e-03,1.657837e-02
2.226708e-02,4.734262e-02,1.181222e-02,6.402179e-03,6.580483e-02,2.898134e-01,1.688799e-02,7.748347e-02,4.116622e-01,4.449302e-03,5.130707e-03,2.505597e-03,8.324437e-03,8.468295e-03,2.164573e-02
2.000034e-02,3.912098e-02,1.460700e-02,6.392896e-03,6.745378e-02,3.092986e-01,3.354544e-02,8.486199e-02,3.742410e-01,5.514340e-03,4.117060e-03,2.765514e-03,9.597499e-03,6.397151e-03,2.208646e-02
2.146508e-02,3.841694e-02,1.750300e-02,7.472685e-03,5.940206e-02,3.676999e-01,2.801071e-02,7.039393e-02,3.233917e-01,7.141746e-03,4.306561e-03,6.921204e-03,1.567164e-02,5.259455e-03,2.694345e-02
2.353183e-02,2.981396e-02,1.420113e-02,8.982339e-03,5.021624e-02,4.556677e-01,2.321051e-02,6.580697e-02,2.504501e-01,7.133758e-03,5.763612e-03,1.580350e-02,2.216995e-02,4.512095e-03,2.273626e-02
3.351820e-02,2.305500e-02,1.161652e-02,1.680932e-02,4.500213e-02,3.773836e-01,1.811293e-02,5.284147e-02,1.818088e-01,1.284900e-02,4.697336e-02,7.594535e-02,7.515208e-02,4.499289e-03,2.443303e-02
4.341187e-02,1.767409e-02,1.658139e-02,8.317842e-02,3.687606e-02,2.977167e-01,1.352289e-02,7.274805e-02,1.376653e-01,1.207941e-02,7.491165e-02,8.223512e-02,8.494751e-02,4.464806e-03,2.198678e-02
5.847616e-02,1.303618e-02,2.550016e-02,8.268519e-02,3.054951e-02,2.185042e-01,1.249001e-02,1.419989e-01,1.026764e-01,1.123553e-02,9.087053e-02,9.906955e-02,8.987740e-02,4.158186e-03,1.887212e-02
6.072103e-02,1.094368e-02,2.487087e-02,9.201534e-02,2.738766e-02,1.616749e-01,9.823188e-03,1.050246e-01,7.762333e-02,2.606604e-02,1.193798e-01,1.843037e-01,7.639876e-02,4.736146e-03,1.903110e-02
5.696848e-02,9.749267e-03,2.645483e-02,9.932026e-02,2.187266e-02,1.205787e-01,7.650150e-03,7.769282e-02,5.836381e-02,2.626287e-02,1.324913e-01,2.628696e-01,7.960705e-02,4.284686e-03,1.583358e-02
4.385656e-02,7.503866e-03,2.896004e-02,8.060850e-02,2.002384e-02,8.889323e-02,5.564051e-03,5.590580e-02,5.721673e-02,2.649041e-02,1.876926e-01,3.086235e-01,7.253215e-02,4.179116e-03,1.194965e-02
3.276806e-02,5.754988e-03,6.599870e-02,6.877629e-02,1.820796e-02,6.741363e-02,4.627390e-03,5.856959e-02,4.676493e-02,2.504727e-02,1.943678e-01,3.194037e-01,7.888122e-02,4.084919e-03,9.333601e-03
2.550791e-02,6.584657e-03,8.076882e-02,5.669393e-02,2.172596e-02,4.896660e-02,3.674783e-03,4.702969e-02,1.298788e-01,2.415295e-02,1.809758e-01,2.911187e-01,7.191456e-02,3.363718e-03,7.643199e-03
2.312068e-02,5.917152e-03,1.045146e-01,1.483755e-01,2.449353e-02,4.112739e-02,2.777425e-03,3.784518e-02,1.227195e-01,2.181970e-02,1.699491e-01,2.241753e-01,6.267210e-02,3.688547e-03,6.804381e-03
1.797678e-02,4.616576e-03,1.066957e-01,1.549794e-01,2.451374e-02,3.440683e-02,2.161889e-03,2.829533e-02,9.719418e-02,3.154059e-02,1.830426e-01,2.186441e-01,8.589667e-02,4.658725e-03,5.376861e-03
1.534545e-02,4.566352e-03,9.764618e-02,1.179553e-01,1.844042e-02,2.562410e-02,1.562504e-03,2.040297e-02,8.139592e-02,9.801684e-02,2.060586e-01,2.007084e-01,9.916507e-02,6.572044e-03,6.539781e-03
1.919974e-02,4.983847e-03,1.233658e-01,1.200844e-01,2.354618e-02,1.998709e-02,1.320285e-03,1.724416e-02,7.005025e-02,9.641244e-02,2.047382e-01,1.636354e-01,1.095526e-01,1.721231e-02,8.667255e-03
2.672455e-02,6.720174e-03,1.216553e-01,1.020308e-01,2.783839e-02,1.505183e-02,1.217805e-03,1.409437e-02,6.800114e-02,1.148502e-01,2.119843e-01,1.294940e-01,1.071721e-01,4.245196e-02,1.071297e-02
3.964278e-02,8.454501e-03,2.114754e-01,7.857134e-02,3.927104e-02,1.477354e-02,1.423796e-03,1.536753e-02,5.579598e-02,1.246256e-01,1.675040e-01,9.349321e-02,8.077282e-02,5.754599e-02,1.128238e-02
5.998144e-02,1.948937e-02,2.306164e-01,6.109969e-02,7.385822e-02,2.038484e-02,3.263842e-03,2.075745e-02,6.337620e-02,1.213227e-01,1.280360e-01,6.788175e-02,6.214365e-02,5.158760e-02,1.620075e-02
5.640176e-02,2.755739e-02,3.170997e-01,7.427356e-02,6.387679e-02,1.641992e-02,3.173328e-03,2.971758e-02,5.992544e-02,8.879565e-02,9.595726e-02,4.945999e-02,4.805844e-02,4.934087e-02,1.994227e-02
5.442056e-02,2.358630e-02,3.698726e-01,1.425698e-01,5.266346e-02,1.272494e-02,2.843971e-03,2.557116e-02,5.520391e-02,6.356368e-02,7.130042e-02,3.539733e-02,3.517272e-02,3.875902e-02,1.635013e-02
5.268396e-02,2.080988e-02,4.349453e-01,1.729273e-01,4.162748e-02,9.825883e-03,2.279042e-03,2.031524e-02,5.062722e-02,4.640048e-02,5.385497e-02,2.534760e-02,2.592095e-02,2.943950e-02,1.299522e-02
9.741058e-02,2.265969e-02,3.882695e-01,1.777801e-01,6.033857e-02,1.206250e-02,4.864131e-03,2.466702e-02,5.660603e-02,3.922214e-02,4.226632e-02,1.902544e-02,1.950764e-02,2.437600e-02,1.094434e-02
1.208107e-01,2.952150e-02,3.372258e-01,1.813998e-01,1.019292e-01,1.580802e-02,1.208906e-02,2.184246e-02,5.520466e-02,3.254870e-02,3.271893e-02,1.405321e-02,1.468945e-02,1.872010e-02,1.143848e-02
1.048712e-01,2.570062e-02,2.630821e-01,3.351548e-01,9.334510e-02,1.302935e-02,1.203508e-02,2.205336e-02,4.067164e-02,2.315471e-02,2.426771e-02,1.019366e-02,1.074442e-02,1.334240e-02,8.353961e-03
1.994971e-01,3.041415e-02,1.946440e-01,2.801714e-01,1.213157e-01,1.767809e-02,1.579388e-02,1.871156e-02,3.908762e-02,1.862522e-02,2.133951e-02,1.182237e-02,1.054401e-02,1.067163e-02,9.683743e-03
2.693355e-01,3.185558e-02,1.444252e-01,2.346552e-01,1.324676e-01,2.047087e-02,1.714872e-02,1.882726e-02,4.340822e-02,2.106085e-02,2.187414e-02,1.355805e-02,1.064556e-02,9.902568e-03,1.036479e-02
2.251344e-01,3.330054e-02,1.087308e-01,2.802103e-01,1.571643e-01,1.787982e-02,1.435108e-02,5.954942e-02,3.530492e-02,1.530124e-02,1.767495e-02,1.118562e-02,8.188901e-03,7.115330e-03,8.908424e-03
2.131460e-01,3.004568e-02,9.084012e-02,3.465707e-01,1.410162e-01,1.432380e-02,1.086107e-02,5.860189e-02,3.414240e-02,1.174996e-02,1.860801e-02,9.642690e-03,6.420707e-03,5.212320e-03,8.818585e-03
2.788064e-01,2.339325e-02,8.612102e-02,3.150408e-01,1.329996e-01,1.265031e-02,8.677767e-03,5.812207e-02,3.093828e-02,8.604719e-03,1.690882e-02,1.126309e-02,5.741719e-03,4.020041e-03,6.712191e-03
2.185668e-01,1.745360e-02,8.363010e-02,4.034463e-01,9.412929e-02,1.000885e-02,6.200057e-03,4.100571e-02,2.271058e-02,9.743216e-03,6.753985e-02,9.385908e-03,7.530898e-03,3.141302e-03,5.507529e-03
1.564717e-01,1.295866e-02,7.433911e-02,4.445968e-01,6.766731e-02,7.878259e-03,4.357506e-03,2.874581e-02,1.635276e-02,1.537034e-02,1.465529e-01,8.883219e-03,9.051562e-03,2.624703e-03,4.149378e-03
1.117692e-01,9.284638e-03,5.348314e-02,3.483440e-01,4.966380e-02,6.556828e-03,3.082078e-03,2.021073e-02,1.222144e-02,2.619853e-02,2.678779e-01,3.993615e-02,4.522597e-02,2.970086e-03,3.175524e-03
7.836463e-02,6.563103e-03,3.956484e-02,2.539654e-01,3.579270e-02,1.457705e-02,2.194426e-03,1.419531e-02,9.317043e-03,2.877009e-02,2.968381e-01,1.671373e-01,4.828504e-02,2.163590e-03,2.271380e-03
5.498083e-02,4.740288e-03,3.730803e-02,1.871732e-01,2.625205e-02,1.739416e-02,1.608315e-03,9.974227e-03,7.515760e-03,2.175497e-02,2.178567e-01,3.675046e-01,4.252627e-02,1.589393e-03,1.821195e-03
3.858586e-02,3.344373e-03,2.760682e-02,1.331906e-01,5.529679e-02,1.565730e-02,1.763244e-03,7.265517e-03,1.379737e-02,1.607737e-02,1.608361e-01,4.702204e-01,5.375830e-02,1.241466e-03,1.358602e-03
2.732993e-02,2.366596e-03,2.108415e-02,9.464073e-02,4.431064e-02,4.372067e-02,1.753765e-03,5.958298e-03,1.237403e-02,1.155224e-02,1.153926e-01,5.534959e-01,6.398796e-02,1.022090e-03,1.010354e-03
1.935674e-02,1.747834e-03,1.810580e-02,6.740355e-02,5.321188e-02,3.339823e-02,4.784169e-03,6.533329e-03,2.476670e-02,1.047539e-02,9.094376e-02,5.671077e-01,9.982377e-02,1.293871e-03,1.047303e-03
1.370303e-02,1.279134e-03,1.403974e-02,4.771826e-02,4.508402e-02,2.451760e-02,6.141040e-03,7.735111e-03,2.315092e-02,8.188192e-03,7.436275e-02,6.273341e-01,1.042757e-01,1.516099e-03,9.542673e-04
1.034848e-02,1.066007e-03,1.146697e-02,3.365913e-02,4.394597e-02,1.828878e-02,1.001401e-02,1.137538e-02,2.849532e-02,7.316297e-03,6.542119e-02,6.388935e-01,1.153576e-01,2.533417e-03,1.817893e-03
9.485819e-03,8.275140e-04,9.618317e-03,2.382155e-02,3.971434e-02,1.399749e-02,1.186220e-02,2.556162e-02,2.372900e-02,8.204155e-03,5.724815e-02,6.570731e-01,1.129632e-01,2.925773e-03,2.967684e-03
1.382602e-02,2.209707e-03,1.163312e-02,4.790353e-02,1.303544e-01,1.376930e-02,1.152968e-02,4.384978e-02,3.950705e-02,7.069305e-03,5.193882e-02,5.180367e-01,1.022784e-01,2.828560e-03,3.265527e-03
2.416131e-02,2.628886e-03,9.966471e-03,3.840278e-02,1.513481e-01,1.231418e-02,1.625421e-02,5.090730e-02,3.393788e-02,7.199342e-03,5.875897e-02,4.043567e-01,1.835464e-01,2.406263e-03,3.811131e-03
2.025403e-02,2.098536e-03,7.990172e-03,2.736977e-02,2.557588e-01,9.806355e-03,3.286914e-02,4.500329e-02,3.469084e-02,5.404556e-03,8.191202e-02,3.051115e-01,1.660558e-01,1.819561e-03,3.855661e-03
1.740410e-02,1.847832e-03,1.136910e-02,1.939930e-02,3.140451e-01,1.033225e-02,7.092675e-02,5.049258e-02,3.123172e-02,4.496071e-03,9.888753e-02,2.219177e-01,1.430725e-01,1.435062e-03,3.142472e-03
6.146518e-02,3.262326e-03,1.528132e-02,3.325358e-02,3.010226e-01,1.058181e-02,5.715735e-02,8.478948e-02,4.297221e-02,3.910403e-03,8.239448e-02,1.603497e-01,1.395077e-01,1.270477e-03,2.781441e-03
1.161290e-01,3.390559e-03,1.390285e-02,2.733957e-02,2.819716e-01,1.292788e-02,5.178079e-02,1.104312e-01,4.433407e-02,3.296884e-03,6.791732e-02,1.175052e-01,1.427234e-01,1.322628e-03,5.027154e-03
1.509105e-01,4.224972e-03,1.183802e-02,2.123617e-02,2.710521e-01,1.408536e-02,5.327313e-02,9.348595e-02,4.410904e-02,2.407926e-03,5.093820e-02,9.615467e-02,1.793769e-01,1.091651e-03,5.815422e-03
1.394785e-01,6.476842e-03,1.668510e-02,2.196236e-02,2.796496e-01,1.686700e-02,8.288666e-02,1.380580e-01,4.513483e-02,2.088857e-03,3.803672e-02,7.057738e-02,1.357419e-01,9.004036e-04,5.455842e-03
1.704320e-01,1.046765e-02,2.677968e-02,3.389621e-02,2.408617e-01,1.888838e-02,8.597463e-02,1.191228e-01,8.329086e-02,2.039303e-03,2.818345e-02,6.039043e-02,1.116838e-01,8.334037e-04,7.155594e-03
2.081581e-01,1.340843e-02,6.760295e-02,9.375007e-02,1.761587e-01,1.700028e-02,6.372496e-02,1.087883e-01,8.513827e-02,4.001955e-03,2.072058e-02,4.332191e-02,8.761662e-02,7.255297e-04,9.883251e-03
2.431720e-01,1.823694e-02,1.175944e-01,1.012153e-01,1.305393e-01,1.615575e-02,4.794801e-02,8.989815e-02,9.810822e-02,5.503819e-03,1.531427e-02,3.131083e-02,7.198689e-02,6.933963e-04,1.232261e-02
2.108092e-01,2.388356e-02,1.690888e-01,1.610831e-01,1.092934e-01,1.446294e-02,3.906539e-02,7.039293e-02,9.587115e-02,4.890244e-03,1.174739e-02,2.285192e-02,5.224856e-02,6.487649e-04,1.366266e-02
2.664587e-01,2.857463e-02,1.436355e-01,1.535862e-01,8.956839e-02,1.887995e-02,3.370521e-02,5.775695e-02,1.019152e-01,7.287301e-03,9.955965e-03,1.810060e-02,4.202398e-02,1.123412e-03,2.742796e-02
3.083584e-01,3.013860e-02,1.188104e-01,1.147927e-01,8.740312e-02,2.311774e-02,3.529753e-02,6.302153e-02,1.236407e-01,8.018172e-03,8.293505e-03,1.445948e-02,3.844529e-02,1.204795e-03,2.499797e-02
3.634564e-01,3.057997e-02,1.222068e-01,9.838305e-02,6.945286e-02,2.237311e-02,3.103028e-02,4.755734e-02,1.076462e-01,8.510438e-03,6.620936e-03,1.244868e-02,5.618616e-02,1.079522e-03,2.246834e-02
3.014608e-01,3.172322e-02,2.158152e-01,1.439472e-01,5.198641e-02,1.824458e-02,2.293264e-02,3.434622e-02,8.380795e-02,9.322516e-03,5.702563e-03,1.125252e-02,4.265788e-02,8.593478e-04,2.594095e-02
2.866637e-01,2.575512e-02,2.128135e-01,1.562768e-01,4.484397e-02,1.534657e-02,2.310322e-02,2.633209e-02,6.931315e-02,9.574633e-03,3.042875e-02,1.497283e-02,5.746619e-02,1.917642e-03,2.519195e-02
2.994122e-01,2.234566e-02,1.727343e-01,1.466548e-01,4.008096e-02,1.610443e-02,2.313326e-02,2.153304e-02,6.015213e-02,1.095565e-02,3.785790e-02,2.424968e-02,9.754346e-02,1.917146e-03,2.532536e-02
2.351618e-01,2.194451e-02,2.037034e-01,1.679125e-01,2.997010e-02,1.510995e-02,1.675501e-02,1.534461e-02,4.693146e-02,1.238697e-02,3.767528e-02,5.175381e-02,9.379110e-02,2.128127e-03,4.943137e-02
2.476249e-01,1.689716e-02,1.453540e-01,1.249572e-01,2.231417e-02,1.529881e-02,1.283699e-02,1.111840e-02,3.701022e-02,1.376557e-02,4.627851e-02,8.195935e-02,1.826294e-01,2.427757e-03,3.952764e-02
2.222798e-01,1.394524e-02,1.034855e-01,1.044107e-01,1.663686e-02,1.267218e-02,1.081690e-02,7.982103e-03,2.897743e-02,4.451519e-02,4.425341e-02,1.989240e-01,1.563007e-01,3.203826e-03,3.159621e-02
2.521430e-01,1.653947e-02,8.348726e-02,7.839775e-02,1.586570e-02,1.526324e-02,8.806541e-03,6.063096e-03,2.737322e-02,6.751503e-02,4.546399e-02,2.057032e-01,1.309132e-01,1.173827e-02,3.472701e-02
2.095807e-01,1.924057e-02,9.889884e-02,5.766340e-02,1.561124e-02,1.196698e-02,6.901568e-03,8.328255e-03,3.814548e-02,1.308123e-01,4.867379e-02,1.664149e-01,1.285864e-01,1.342073e-02,4.575482e-02
2.149438e-01,3.705463e-02,9.290358e-02,4.965758e-02,2.047797e-02,1.310755e-02,6.072221e-03,9.837962e-03,9.434589e-02,1.218446e-01,4.345466e-02,1.243874e-01,9.982330e-02,1.440371e-02,5.768508e-02
2.079352e-01,5.869549e-02,9.849349e-02,6.935354e-02,1.792957e-02,1.313322e-02,4.725982e-03,1.195382e-02,1.193145e-01,1.162918e-01,3.828683e-02,9.283502e-02,8.492371e-02,1.443097e-02,5.169675e-02
1.793853e-01,6.818095e-02,1.043457e-01,8.940016e-02,1.648865e-02,1.132797e-02,3.756660e-03,1.165515e-02,1.460139e-01,1.206213e-01,3.634780e-02,6.976612e-02,7.216747e-02,1.851946e-02,5.202339e-02
1.442041e-01,6.470548e-02,9.764356e-02,2.369273e-01,1.311766e-02,1.036505e-02,2.726617e-03,8.976827e-03,1.241278e-01,1.031203e-01,3.158594e-02,5.043856e-02,5.426481e-02,1.432610e-02,4.346984e-02
1.324308e-01,6.677143e-02,1.053192e-01,2.138224e-01,1.568476e-02,1.096072e-02,2.222373e-03,7.304071e-03,1.427034e-01,1.121381e-01,3.663281e-02,3.964869e-02,4.311024e-02,1.342877e-02,5.782227e-02
1.693829e-01,6.344086e-02,8.034886e-02,2.041466e-01,1.656147e-02,1.284674e-02,2.130847e-03,8.586869e-03,1.500391e-01,1.097289e-01,3.807360e-02,3.422053e-02,3.674982e-02,1.721993e-02,5.652297e-02
1.657025e-01,5.799334e-02,5.769387e-02,1.957794e-01,1.448181e-02,2.703626e-02,1.918892e-03,9.833722e-03,2.044428e-01,8.607480e-02,4.233240e-02,3.153468e-02,3.542925e-02,1.840727e-02,5.133907e-02
1.517998e-01,5.475780e-02,4.153783e-02,1.628479e-01,1.363407e-02,5.785120e-02,1.842910e-03,1.009425e-02,2.527758e-01,6.575739e-02,4.262908e-02,3.864574e-02,3.797849e-02,2.186367e-02,4.598413e-02
1.300542e-01,4.678609e-02,3.180047e-02,1.248603e-01,1.219867e-02,1.187553e-01,2.293657e-03,3.587913e-02,2.767316e-01,4.835548e-02,4.089863e-02,3.191357e-02,3.342676e-02,2.475924e-02,4.128697e-02
1.122045e-01,4.698078e-02,2.344080e-02,9.222557e-02,2.072725e-02,1.158327e-01,2.658595e-03,3.601485e-02,3.396637e-01,3.595038e-02,4.695800e-02,3.091505e-02,2.878099e-02,2.583337e-02,4.181350e-02
8.362005e-02,5.074830e-02,3.686482e-02,1.184259e-01,1.969718e-02,9.613728e-02,2.222310e-03,3.233452e-02,3.953634e-01,2.931300e-02,3.710429e-02,2.319387e-02,2.264651e-02,1.979892e-02,3.252964e-02
6.386580e-02,4.479802e-02,2.782138e-02,1.138660e-01,1.791549e-02,8.339623e-02,1.733271e-03,2.824571e-02,4.701432e-01,2.591602e-02,3.694137e-02,1.912521e-02,1.868775e-02,1.506208e-02,3.248246e-02
5.081701e-02,4.084145e-02,2.983011e-02,9.741426e-02,2.033454e-02,6.382268e-02,1.528254e-03,2.970041e-02,5.311029e-01,2.862525e-02,2.845578e-02,1.494963e-02,1.561816e-02,1.174335e-02,3.521626e-02
3.757336e-02,3.489599e-02,4.015176e-02,7.807101e-02,1.542207e-02,4.519964e-02,1.083154e-03,2.432532e-02,6.160268e-01,2.363134e-02,2.095642e-02,1.096503e-02,1.172989e-02,8.618504e-03,3.134972e-02
4.128611e-02,3.323650e-02,3.268822e-02,6.242421e-02,1.710865e-02,3.506516e-02,9.794913e-04,2.381818e-02,6.431427e-01,2.270640e-02,2.418972e-02,8.905386e-03,1.125351e-02,8.314482e-03,3.488130e-02
3.172268e-02,3.001366e-02,2.364262e-02,5.046366e-02,1.566891e-02,2.933862e-02,8.673107e-04,2.964475e-02,6.857722e-01,2.210005e-02,2.113482e-02,7.956745e-03,1.239340e-02,7.945068e-03,3.133555e-02
2.287954e-02,2.624497e-02,1.773122e-02,6.134445e-02,1.234853e-02,2.485913e-02,6.525015e-04,2.933832e-02,7.160374e-01,2.023850e-02,1.728039e-02,6.328885e-03,1.151292e-02,6.096838e-03,2.710641e-02
1.640059e-02,2.278278e-02,1.515259e-02,9.493056e-02,9.668324e-03,2.574376e-02,4.816104e-04,2.474030e-02,7.160373e-01,1.844317e-02,1.398275e-02,4.795272e-03,9.475569e-03,4.717461e-03,2.264793e-02
1.234187e-02,1.915462e-02,1.284027e-02,1.354319e-01,8.084815e-03,5.498834e-02,3.568784e-04,1.958026e-02,6.474720e-01,1.967738e-02,1.670276e-02,3.763837e-03,7.590986e-03,5.996788e-03,3.601736e-02
1.456438e-02,2.594809e-02,1.076293e-02,1.255805e-01,1.602378e-02,5.335572e-02,5.004547e-04,1.608707e-02,5.991551e-01,2.015518e-02,3.596838e-02,4.962603e-03,8.775920e-03,6.354635e-03,6.180535e-02
1.191911e-02,2.464776e-02,9.781132e-03,1.064396e-01,1.393301e-02,8.224342e-02,4.237245e-04,1.318908e-02,5.929474e-01,1.932210e-02,3.145395e-02,3.999686e-03,7.961744e-03,1.011182e-02,7.162642e-02
9.935128e-03,2.208286e-02,5.111350e-02,1.079790e-01,1.328879e-02,7.268891e-02,3.455882e-04,1.340066e-02,5.718259e-01,1.855782e-02,2.434614e-02,3.063025e-03,6.371202e-03,1.245187e-02,7.254966e-02
1.166289e-02,2.125995e-02,1.813266e-01,9.379689e-02,1.340056e-02,6.426929e-02,3.022150e-04,1.387358e-02,4.473613e-01,2.185878e-02,1.955239e-02,2.578676e-03,5.033288e-03,1.475826e-02,8.896531e-02
8.937495e-03,2.468166e-02,2.100289e-01,9.744747e-02,1.102775e-02,4.540398e-02,2.353470e-04,1.006025e-02,4.526802e-01,1.758918e-02,1.582708e-02,2.171149e-03,3.974203e-03,1.136757e-02,8.856782e-02
9.136580e-03,2.090137e-02,2.287371e-01,7.611954e-02,1.065267e-02,3.293744e-02,3.282434e-04,7.860672e-03,3.711607e-01,2.981670e-02,1.766560e-02,1.995553e-03,4.479303e-03,1.509336e-02,1.731153e-01
8.164248e-03,1.794087e-02,2.975251e-01,5.777755e-02,8.113116e-03,2.388334e-02,2.739592e-04,6.492998e-03,2.962215e-01,5.165242e-02,3.068970e-02,2.191387e-03,8.155152e-03,1.695287e-02,1.739658e-01
1.207162e-02,1.719936e-02,3.260969e-01,7.874330e-02,7.874127e-03,1.816178e-02,2.808365e-04,9.143556e-03,2.402475e-01,4.375029e-02,5.425882e-02,3.703379e-03,2.207895e-02,3.376627e-02,1.326234e-01
2.579036e-02,1.895694e-02,3.253683e-01,6.753567e-02,8.844739e-03,1.417869e-02,3.757298e-04,8.374806e-03,1.938741e-01,3.843926e-02,1.017557e-01,4.179436e-03,2.606429e-02,5.483433e-02,1.114276e-01
3.081708e-02,1.922832e-02,2.700951e-01,7.177296e-02,1.140839e-02,1.140253e-02,5.362859e-04,8.459292e-03,1.801329e-01,3.708792e-02,1.482149e-01,5.031867e-03,2.644404e-02,8.228768e-02,9.708093e-02
4.042894e-02,1.692613e-02,1.973899e-01,5.468674e-02,1.108621e-02,9.954822e-03,6.246696e-04,7.269445e-03,1.662108e-01,3.086274e-02,2.002988e-01,5.632411e-03,2.552490e-02,1.531999e-01,7.990384e-02
4.218551e-02,1.785973e-02,1.490601e-01,5.692863e-02,1.136127e-02,8.725306e-03,5.750942e-04,6.145960e-03,1.720954e-01,2.362951e-02,2.133056e-01,5.685313e-03,2.186119e-02,2.107182e-01,5.986323e-02
5.300181e-02,1.791540e-02,1.107641e-01,4.241453e-02,9.512361e-03,8.006768e-03,5.622516e-04,4.906569e-03,1.895281e-01,1.837340e-02,1.717995e-01,4.446342e-03,1.622672e-02,2.825971e-01,6.994516e-02
6.303663e-02,1.761461e-02,9.225558e-02,4.143197e-02,9.118501e-03,7.215342e-03,6.199899e-04,5.409218e-03,2.541704e-01,1.424251e-02,1.306652e-01,3.639792e-03,1.281689e-02,2.750324e-01,7.273094e-02
6.717199e-02,1.758866e-02,6.872821e-02,3.120180e-02,1.048248e-02,6.915556e-03,5.275129e-04,4.200966e-03,2.527218e-01,1.051583e-02,9.869327e-02,3.010668e-03,1.008497e-02,3.377098e-01,8.044653e-02
6.255969e-02,1.762984e-02,5.011445e-02,2.394202e-02,9.180553e-03,7.058941e-03,4.666412e-04,4.008627e-03,2.853915e-01,7.689053e-03,7.520555e-02,2.399730e-03,8.448368e-03,3.735934e-01,7.231159e-02
6.683790e-02,1.808963e-02,5.275679e-02,2.098210e-02,1.326837e-02,8.697412e-03,7.356775e-04,9.896562e-03,3.151264e-01,7.426229e-03,5.709632e-02,2.531633e-03,7.751159e-03,3.580037e-01,6.080019e-02
5.867202e-02,2.353411e-02,4.552638e-02,1.503280e-02,1.288330e-02,7.078420e-03,5.594057e-04,8.391691e-03,3.195503e-01,6.047733e-03,4.289604e-02,2.239368e-03,6.771155e-03,3.830627e-01,6.775454e-02
5.624314e-02,2.387010e-02,5.054963e-02,1.186738e-02,1.799032e-02,6.159437e-03,4.978247e-04,1.491356e-02,3.364651e-01,5.129459e-03,3.230885e-02,2.177960e-03,6.074185e-03,3.729661e-01,6.278692e-02
1.008419e-01,2.281648e-02,8.158153e-02,1.942703e-02,3.311680e-02,6.365064e-03,5.757844e-04,1.435658e-02,3.124467e-01,4.614011e-03,2.520617e-02,1.970705e-03,5.074126e-03,3.238688e-01,4.773837e-02
9.946151e-02,1.892940e-02,6.277198e-02,1.444616e-02,3.172422e-02,5.431021e-03,4.619252e-04,1.376211e-02,3.012986e-01,3.697507e-03,2.146847e-02,1.826709e-03,4.233897e-03,3.794325e-01,4.105401e-02
1.483117e-01,1.840276e-02,5.031272e-02,3.507847e-02,3.873757e-02,7.548827e-03,4.253886e-04,1.310738e-02,3.101573e-01,3.281204e-03,1.879657e-02,4.380567e-03,4.799985e-03,3.101430e-01,3.651655e-02
1.192614e-01,1.353008e-02,3.815275e-02,2.495506e-02,4.907087e-02,5.859501e-03,3.368343e-04,1.058896e-02,4.223597e-01,2.629180e-03,1.480325e-02,3.224719e-03,3.563146e-03,2.636308e-01,2.803374e-02
1.911463e-01,1.306695e-02,2.877679e-02,2.325762e-02,5.011118e-02,8.894392e-03,4.282331e-04,1.009093e-02,3.782002e-01,2.282637e-03,1.361520e-02,3.724663e-03,3.960924e-03,2.492333e-01,2.321067e-02
2.516086e-01,1.087422e-02,2.211261e-02,2.289609e-02,4.393568e-02,1.108348e-02,4.107726e-04,8.378198e-03,3.459606e-01,4.215043e-03,2.327670e-02,8.885769e-03,7.917485e-03,2.092595e-01,2.918529e-02
2.807691e-01,9.639222e-03,1.747555e-02,2.282076e-02,3.804353e-02,1.210413e-02,4.392687e-04,7.423630e-03,3.181344e-01,5.989025e-03,3.822752e-02,1.575796e-02,1.103615e-02,1.928205e-01,2.931933e-02
