1.000000e+00,0.000000e+00,0.000000e+00,0.000000e+00,0.000000e+00,0.000000e+00,0.000000e+00,0.000000e+00,0.000000e+00,0.000000e+00,0.000000e+00,0.000000e+00,0.000000e+00,0.000000e+00,0.000000e+00
1.000000e+00,0.000000e+00,0.000000e+00,0.000000e+00,0.000000e+00,0.000000e+00,0.000000e+00,0.000000e+00,0.000000e+00,0.000000e+00,0.000000e+00,0.000000e+00,0.000000e+00,0.000000e+00,0.000000e+00
1.000000e+00,0.000000e+00,0.000000e+00,0.000000e+00,0.000000e+00,0.000000e+00,0.000000e+00,0.000000e+00,0.000000e+00,0.000000e+00,0.000000e+00,0.000000e+00,0.000000e+00,0.000000e+00,0.000000e+00
1.000000e+00,0.000000e+00,0.000000e+00,0.000000e+00,0.000000e+00,0.000000e+00,0.000000e+00,0.000000e+00,0.000000e+00,0.000000e+00,0.000000e+00,0.000000e+00,0.000000e+00,0.000000e+00,0.000000e+00
1.000000e+00,0.000000e+00,0.000000e+00,0.000000e+00,0.000000e+00,0.000000e+00,0.000000e+00,0.000000e+00,0.000000e+00,0.000000e+00,0.000000e+00,0.000000e+00,0.000000e+00,0.000000e+00,0.000000e+00
1.000000e+00,0.000000e+00,0.000000e+00,0.000000e+00,0.000000e+00,0.000000e+00,0.000000e+00,0.000000e+00,0.000000e+00,0.000000e+00,0.000000e+00,0.000000e+00,0.000000e+00,0.000000e+00,0.000000e+00
1.000000e+00,0.000000e+00,0.000000e+00,0.000000e+00,0.000000e+00,0.000000e+00,0.000000e+00,0.000000e+00,0.000000e+00,0.000000e+00,0.000000e+00,0.000000e+00,0.000000e+00,0.000000e+00,0.000000e+00
1.000000e+00,0.000000e+00,0.000000e+00,0.000000e+00,0.000000e+00,0.000000e+00,0.000000e+00,0.000000e+00,0.000000e+00,0.000000e+00,0.000000e+00,0.000000e+00,0.000000e+00,0.000000e+00,0.000000e+00
1.000000e+00,0.000000e+00,0.000000e+00,0.000000e+00,0.000000e+00,0.000000e+00,0.000000e+00,0.000000e+00,0.000000e+00,0.000000e+00,0.000000e+00,0.000000e+00,0.000000e+00,0.000000e+00,0.000000e+00
1.000000e+00,0.000000e+00,0.000000e+00,0.000000e+00,0.000000e+00,0.000000e+00,0.000000e+00,0.000000e+00,0.000000e+00,0.000000e+00,0.000000e+00,0.000000e+00,0.000000e+00,0.000000e+00,0.000000e+00
1.000000e+00,0.000000e+00,0.000000e+00,0.000000e+00,0.000000e+00,0.000000e+00,0.000000e+00,0.000000e+00,0.000000e+00,0.000000e+00,0.000000e+00,0.000000e+00,0.000000e+00,0.000000e+00,0.000000e+00
1.000000e+00,0.000000e+00,0.000000e+00,0.000000e+00,0.000000e+00,0.000000e+00,0.000000e+00,0.000000e+00,0.000000e+00,0.000000e+00,0.000000e+00,0.000000e+00,0.000000e+00,0.000000e+00,0.000000e+00
1.000000e+00,0.000000e+00,0.000000e+00,0.000000e+00,0.000000e+00,0.000000e+00,0.000000e+00,0.000000e+00,0.000000e+00,0.000000e+00,0.000000e+00,0.000000e+00,0.000000e+00,0.000000e+00,0.000000e+00
1.000000e+00,0.000000e+00,0.000000e+00,0.000000e+00,0.000000e+00,0.000000e+00,0.000000e+00,0.000000e+00,0.000000e+00,0.000000e+00,0.000000e+00,0.000000e+00,0.000000e+00,0.000000e+00,0.000000e+00
1.000000e+00,0.000000e+00,0.000000e+00,0.000000e+00,0.000000e+00,0.000000e+00,0.000000e+00,0.000000e+00,0.000000e+00,0.000000e+00,0.000000e+00,0.000000e+00,0.000000e+00,0.000000e+00,0.000000e+00
1.000000e+00,0.000000e+00,0.000000e+00,0.000000e+00,0.000000e+00,0.000000e+00,0.000000e+00,0.000000e+00,0.000000e+00,0.000000e+00,0.000000e+00,0.000000e+00,0.000000e+00,0.000000e+00,0.000000e+00
1.000000e+00,0.000000e+00,0.000000e+00,0.000000e+00,0.000000e+00,0.000000e+00,0.000000e+00,0.000000e+00,0.000000e+00,0.000000e+00,0.000000e+00,0.000000e+00,0.000000e+00,0.000000e+00,0.000000e+00
1.000000e+00,0.000000e+00,0.000000e+00,0.000000e+00,0.000000e+00,0.000000e+00,0.000000e+00,0.000000e+00,0.000000e+00,0.000000e+00,0.000000e+00,0.000000e+00,0.000000e+00,0.000000e+00,0.000000e+00
1.000000e+00,0.000000e+00,0.000000e+00,0.000000e+00,0.000000e+00,0.000000e+00,0.000000e+00,0.000000e+00,0.000000e+00,0.000000e+00,0.000000e+00,0.000000e+00,0.000000e+00,0.000000e+00,0.000000e+00
1.000000e+00,0.000000e+00,0.000000e+00,0.000000e+00,0.000000e+00,0.000000e+00,0.000000e+00,0.000000e+00,0.000000e+00,0.000000e+00,0.000000e+00,0.000000e+00,0.000000e+00,0.000000e+00,0.000000e+00
1.000000e+00,0.000000e+00,0.000000e+00,0.000000e+00,0.000000e+00,0.000000e+00,0.000000e+00,0.000000e+00,0.000000e+00,0.000000e+00,0.000000e+00,0.000000e+00,0.000000e+00,0.000000e+00,0.000000e+00
1.000000e+00,0.000000e+00,0.000000e+00,0.000000e+00,0.000000e+00,0.000000e+00,0.000000e+00,0.000000e+00,0.000000e+00,0.000000e+00,0.000000e+00,0.000000e+00,0.000000e+00,0.000000e+00,0.000000e+00
1.000000e+00,0.000000e+00,0.000000e+00,0.000000e+00,0.000000e+00,0.000000e+00,0.000000e+00,0.000000e+00,0.000000e+00,0.000000e+00,0.000000e+00,0.000000e+00,0.000000e+00,0.000000e+00,0.000000e+00
1.000000e+00,0.000000e+00,0.000000e+00,0.000000e+00,0.000000e+00,0.000000e+00,0.000000e+00,0.000000e+00,0.000000e+00,0.000000e+00,0.000000e+00,0.000000e+00,0.000000e+00,0.000000e+00,0.000000e+00
1.000000e+00,0.000000e+00,0.000000e+00,0.000000e+00,0.000000e+00,0.000000e+00,0.000000e+00,0.000000e+00,0.000000e+00,0.000000e+00,0.000000e+00,0.000000e+00,0.000000e+00,0.000000e+00,0.000000e+00
1.000000e+00,0.000000e+00,0.000000e+00,0.000000e+00,0.000000e+00,0.000000e+00,0.000000e+00,0.000000e+00,0.000000e+00,0.000000e+00,0.000000e+00,0.000000e+00,0.000000e+00,0.000000e+00,0.000000e+00
1.000000e+00,0.000000e+00,0.000000e+00,0.000000e+00,0.000000e+00,0.000000e+00,0.000000e+00,0.000000e+00,0.000000e+00,0.000000e+00,0.000000e+00,0.000000e+00,0.000000e+00,0.000000e+00,0.000000e+00
1.000000e+00,0.000000e+00,0.000000e+00,0.000000e+00,0.000000e+00,0.000000e+00,0.000000e+00,0.000000e+00,0.000000e+00,0.000000e+00,0.000000e+00,0.000000e+00,0.000000e+00,0.000000e+00,0.000000e+00
1.000000e+00,0.000000e+00,0.000000e+00,0.000000e+00,0.000000e+00,0.000000e+00,0.000000e+00,0.000000e+00,0.000000e+00,0.000000e+00,0.000000e+00,0.000000e+00,0.000000e+00,0.000000e+00,0.000000e+00
1.000000e+00,0.000000e+00,0.000000e+00,0.000000e+00,0.000000e+00,0.000000e+00,0.000000e+00,0.000000e+00,0.000000e+00,0.000000e+00,0.000000e+00,0.000000e+00,0.000000e+00,0.000000e+00,0.000000e+00
1.000000e+00,0.000000e+00,0.000000e+00,0.000000e+00,0.000000e+00,0.000000e+00,0.000000e+00,0.000000e+00,0.000000e+00,0.000000e+00,0.000000e+00,0.000000e+00,0.000000e+00,0.000000e+00,0.000000e+00
1.000000e+00,0.000000e+00,0.000000e+00,0.000000e+00,0.000000e+00,0.000000e+00,0.000000e+00,0.000000e+00,0.000000e+00,0.000000e+00,0.000000e+00,0.000000e+00,0.000000e+00,0.000000e+00,0.000000e+00
1.000000e+00,0.000000e+00,0.000000e+00,0.000000e+00,0.000000e+00,0.000000e+00,0.000000e+00,0.000000e+00,0.000000e+00,0.000000e+00,0.000000e+00,0.000000e+00,0.000000e+00,0.000000e+00,0.000000e+00
1.000000e+00,0.000000e+00,0.000000e+00,0.000000e+00,0.000000e+00,0.000000e+00,0.000000e+00,0.000000e+00,0.000000e+00,0.000000e+00,0.000000e+00,0.000000e+00,0.000000e+00,0.000000e+00,0.000000e+00
1.000000e+00,0.000000e+00,0.000000e+00,0.000000e+00,0.000000e+00,0.000000e+00,0.000000e+00,0.000000e+00,0.000000e+00,0.000000e+00,0.000000e+00,0.000000e+00,0.000000e+00,0.000000e+00,0.000000e+00
1.000000e+00,0.000000e+00,0.000000e+00,0.000000e+00,0.000000e+00,0.000000e+00,0.000000e+00,0.000000e+00,0.000000e+00,0.000000e+00,0.000000e+00,0.000000e+00,0.000000e+00,0.000000e+00,0.000000e+00
1.000000e+00,0.000000e+00,0.000000e+00,0.000000e+00,0.000000e+00,0.000000e+00,0.000000e+00,0.000000e+00,0.000000e+00,0.000000e+00,0.000000e+00,0.000000e+00,0.000000e+00,0.000000e+00,0.000000e+00
1.000000e+00,0.000000e+00,0.000000e+00,0.000000e+00,0.000000e+00,0.000000e+00,0.000000e+00,0.000000e+00,0.000000e+00,0.000000e+00,0.000000e+00,0.000000e+00,0.000000e+00,0.000000e+00,0.000000e+00
1.000000e+00,0.000000e+00,0.000000e+00,0.000000e+00,0.000000e+00,0.000000e+00,0.000000e+00,0.000000e+00,0.000000e+00,0.000000e+00,0.000000e+00,0.000000e+00,0.000000e+00,0.000000e+00,0.000000e+00
1.000000e+00,0.000000e+00,0.000000e+00,0.000000e+00,0.000000e+00,0.000000e+00,0.000000e+00,0.000000e+00,0.000000e+00,0.000000e+00,0.000000e+00,0.000000e+00,0.000000e+00,0.000000e+00,0.000000e+00
1.000000e+00,0.000000e+00,0.000000e+00,0.000000e+00,0.000000e+00,0.000000e+00,0.000000e+00,0.000000e+00,0.000000e+00,0.000000e+00,0.000000e+00,0.000000e+00,0.000000e+00,0.000000e+00,0.000000e+00
1.000000e+00,0.000000e+00,0.000000e+00,0.000000e+00,0.000000e+00,0.000000e+00,0.000000e+00,0.000000e+00,0.000000e+00,0.000000e+00,0.000000e+00,0.000000e+00,0.000000e+00,0.000000e+00,0.000000e+00
1.000000e+00,0.000000e+00,0.000000e+00,0.000000e+00,0.000000e+00,0.000000e+00,0.000000e+00,0.000000e+00,0.000000e+00,0.000000e+00,0.000000e+00,0.000000e+00,0.000000e+00,0.000000e+00,0.000000e+00
1.000000e+00,0.000000e+00,0.000000e+00,0.000000e+00,0.000000e+00,0.000000e+00,0.000000e+00,0.000000e+00,0.000000e+00,0.000000e+00,0.000000e+00,0.000000e+00,0.000000e+00,0.000000e+00,0.000000e+00
1.000000e+00,0.000000e+00,0.000000e+00,0.000000e+00,0.000000e+00,0.000000e+00,0.000000e+00,0.000000e+00,0.000000e+00,0.000000e+00,0.000000e+00,0.000000e+00,0.000000e+00,0.000000e+00,0.000000e+00
1.000000e+00,0.000000e+00,0.000000e+00,0.000000e+00,0.000000e+00,0.000000e+00,0.000000e+00,0.000000e+00,0.000000e+00,0.000000e+00,0.000000e+00,0.000000e+00,0.000000e+00,0.000000e+00,0.000000e+00
1.000000e+00,0.000000e+00,0.000000e+00,0.000000e+00,0.000000e+00,0.000000e+00,0.000000e+00,0.000000e+00,0.000000e+00,0.000000e+00,0.000000e+00,0.000000e+00,0.000000e+00,0.000000e+00,0.000000e+00
1.000000e+00,0.000000e+00,0.000000e+00,0.000000e+00,0.000000e+00,0.000000e+00,0.000000e+00,0.000000e+00,0.000000e+00,0.000000e+00,0.000000e+00,0.000000e+00,0.000000e+00,0.000000e+00,0.000000e+00
4.558178e-01,5.881610e-02,3.546736e-02,8.054286e-02,7.404000e-03,3.258608e-02,5.164243e-03,1.747101e-02,1.976573e-02,1.248691e-02,5.783854e-02,2.616069e-02,1.042967e-02,3.103312e-02,1.490159e-01
4.365028e-01,6.653155e-02,3.290357e-02,9.132244e-02,8.579356e-03,3.116028e-02,5.396467e-03,1.678430e-02,2.191695e-02,1.224553e-02,5.283958e-02,2.449615e-02,1.065871e-02,3.093255e-02,1.577297e-01
4.177654e-01,7.801129e-02,2.994048e-02,9.586277e-02,8.884331e-03,2.873593e-02,5.088421e-03,1.577851e-02,2.292402e-02,1.287590e-02,4.709471e-02,2.323314e-02,1.111465e-02,3.104693e-02,1.716435e-01
4.369239e-01,8.104832e-02,2.626335e-02,9.194686e-02,8.709910e-03,2.685152e-02,4.712920e-03,1.440411e-02,2.138766e-02,1.241829e-02,4.095720e-02,2.174563e-02,1.165256e-02,3.005425e-02,1.709235e-01
4.686148e-01,7.230573e-02,2.288808e-02,8.107314e-02,8.289554e-03,2.674504e-02,4.551067e-03,1.311157e-02,1.962733e-02,1.214624e-02,3.618628e-02,2.088400e-02,1.249009e-02,3.334404e-02,1.677431e-01
4.845882e-01,6.542902e-02,2.025861e-02,7.339461e-02,7.707031e-03,2.591816e-02,4.091069e-03,1.157201e-02,1.862200e-02,1.303888e-02,3.256601e-02,1.930221e-02,1.241030e-02,3.742402e-02,1.736778e-01
1.000000e+00,0.000000e+00,0.000000e+00,0.000000e+00,0.000000e+00,0.000000e+00,0.000000e+00,0.000000e+00,0.000000e+00,0.000000e+00,0.000000e+00,0.000000e+00,0.000000e+00,0.000000e+00,0.000000e+00
1.000000e+00,0.000000e+00,0.000000e+00,0.000000e+00,0.000000e+00,0.000000e+00,0.000000e+00,0.000000e+00,0.000000e+00,0.000000e+00,0.000000e+00,0.000000e+00,0.000000e+00,0.000000e+00,0.000000e+00
1.000000e+00,0.000000e+00,0.000000e+00,0.000000e+00,0.000000e+00,0.000000e+00,0.000000e+00,0.000000e+00,0.000000e+00,0.000000e+00,0.000000e+00,0.000000e+00,0.000000e+00,0.000000e+00,0.000000e+00
1.000000e+00,0.000000e+00,0.000000e+00,0.000000e+00,0.000000e+00,0.000000e+00,0.000000e+00,0.000000e+00,0.000000e+00,0.000000e+00,0.000000e+00,0.000000e+00,0.000000e+00,0.000000e+00,0.000000e+00
1.000000e+00,0.000000e+00,0.000000e+00,0.000000e+00,0.000000e+00,0.000000e+00,0.000000e+00,0.000000e+00,0.000000e+00,0.000000e+00,0.000000e+00,0.000000e+00,0.000000e+00,0.000000e+00,0.000000e+00
1.000000e+00,0.000000e+00,0.000000e+00,0.000000e+00,0.000000e+00,0.000000e+00,0.000000e+00,0.000000e+00,0.000000e+00,0.000000e+00,0.000000e+00,0.000000e+00,0.000000e+00,0.000000e+00,0.000000e+00
1.000000e+00,0.000000e+00,0.000000e+00,0.000000e+00,0.000000e+00,0.000000e+00,0.000000e+00,0.000000e+00,0.000000e+00,0.000000e+00,0.000000e+00,0.000000e+00,0.000000e+00,0.000000e+00,0.000000e+00
1.000000e+00,0.000000e+00,0.000000e+00,0.000000e+00,0.000000e+00,0.000000e+00,0.000000e+00,0.000000e+00,0.000000e+00,0.000000e+00,0.000000e+00,0.000000e+00,0.000000e+00,0.000000e+00,0.000000e+00
1.000000e+00,0.000000e+00,0.000000e+00,0.000000e+00,0.000000e+00,0.000000e+00,0.000000e+00,0.000000e+00,0.000000e+00,0.000000e+00,0.000000e+00,0.000000e+00,0.000000e+00,0.000000e+00,0.000000e+00
1.000000e+00,0.000000e+00,0.000000e+00,0.000000e+00,0.000000e+00,0.000000e+00,0.000000e+00,0.000000e+00,0.000000e+00,0.000000e+00,0.000000e+00,0.000000e+00,0.000000e+00,0.000000e+00,0.000000e+00
1.000000e+00,0.000000e+00,0.000000e+00,0.000000e+00,0.000000e+00,0.000000e+00,0.000000e+00,0.000000e+00,0.000000e+00,0.000000e+00,0.000000e+00,0.000000e+00,0.000000e+00,0.000000e+00,0.000000e+00
1.000000e+00,0.000000e+00,0.000000e+00,0.000000e+00,0.000000e+00,0.000000e+00,0.000000e+00,0.000000e+00,0.000000e+00,0.000000e+00,0.000000e+00,0.000000e+00,0.000000e+00,0.000000e+00,0.000000e+00
1.000000e+00,0.000000e+00,0.000000e+00,0.000000e+00,0.000000e+00,0.000000e+00,0.000000e+00,0.000000e+00,0.000000e+00,0.000000e+00,0.000000e+00,0.000000e+00,0.000000e+00,0.000000e+00,0.000000e+00
1.000000e+00,0.000000e+00,0.000000e+00,0.000000e+00,0.000000e+00,0.000000e+00,0.000000e+00,0.000000e+00,0.000000e+00,0.000000e+00,0.000000e+00,0.000000e+00,0.000000e+00,0.000000e+00,0.000000e+00
3.889034e-01,6.036894e-02,3.399479e-02,7.268620e-02,6.828555e-03,1.643707e-02,2.814260e-03,5.066453e-03,1.303695e-02,3.260585e-03,3.102109e-01,3.680608e-02,1.151199e-02,1.004150e-02,2.803238e-02
3.755593e-01,4.586235e-02,8.125751e-02,6.816666e-02,8.296151e-03,1.820232e-02,3.140168e-03,6.750319e-03,1.093087e-02,2.854932e-03,3.044461e-01,3.391725e-02,9.504322e-03,8.585293e-03,2.252638e-02
2.635778e-01,3.367717e-02,5.873204e-02,4.920748e-02,5.999055e-03,1.548246e-02,2.252095e-03,4.764650e-03,8.290546e-03,2.752624e-03,4.911210e-01,3.451968e-02,6.744049e-03,6.423615e-03,1.645578e-02
1.888361e-01,2.440597e-02,4.307633e-02,3.561994e-02,4.598514e-03,1.251009e-02,1.678695e-03,3.449409e-03,6.686400e-03,2.646222e-03,6.226239e-01,3.170602e-02,4.873540e-03,4.833675e-03,1.245519e-02
1.565938e-01,2.822766e-02,5.648354e-02,2.978059e-02,8.050346e-03,3.737369e-02,4.743414e-03,8.832423e-03,2.607198e-02,1.009948e-02,5.800562e-01,2.815655e-02,4.057123e-03,4.584342e-03,1.688893e-02
1.131143e-01,2.140212e-02,4.480706e-02,2.132797e-02,8.964606e-03,4.156036e-02,3.553907e-03,6.377690e-03,2.535508e-02,4.977547e-02,5.999213e-01,3.235347e-02,3.707142e-03,9.480579e-03,1.829897e-02
7.953287e-02,1.548692e-02,3.189751e-02,1.494872e-02,6.458560e-03,3.394010e-02,2.678687e-03,4.511401e-03,1.825006e-02,1.236840e-01,6.092795e-01,2.834783e-02,3.285875e-03,8.681427e-03,1.901665e-02
5.583387e-02,1.157448e-02,2.239962e-02,1.049379e-02,4.734620e-03,2.724007e-02,1.994158e-03,3.246128e-03,1.310975e-02,2.720042e-01,5.277733e-01,2.469875e-02,2.692853e-03,7.535442e-03,1.466901e-02
3.936779e-02,9.167489e-03,1.583668e-02,7.428871e-03,3.708959e-03,2.997698e-02,1.616965e-03,2.506967e-03,1.089806e-02,3.929197e-01,4.415638e-01,2.358324e-02,2.521303e-03,7.453010e-03,1.145023e-02
2.830467e-02,6.803037e-03,1.117765e-02,5.436219e-03,2.817468e-03,4.085190e-02,1.287863e-03,2.099667e-03,1.380345e-02,5.279734e-01,3.175804e-01,2.086297e-02,4.269394e-03,8.252250e-03,8.479654e-03
2.076046e-02,5.883111e-03,7.890383e-03,4.018407e-03,2.143676e-03,4.638468e-02,1.008785e-03,1.631544e-03,1.673461e-02,6.061516e-01,2.433024e-01,2.203465e-02,5.968858e-03,9.521436e-03,6.565424e-03
1.490303e-02,4.485019e-03,5.554953e-03,3.003429e-03,1.617297e-03,4.188331e-02,7.487857e-04,1.194920e-03,1.541506e-02,6.965414e-01,1.751407e-01,2.201628e-02,4.972840e-03,7.732877e-03,4.790004e-03
1.058090e-02,3.316701e-03,3.917164e-03,2.235037e-03,1.220811e-03,3.680907e-02,5.418180e-04,8.482836e-04,1.263623e-02,7.675852e-01,1.259971e-01,2.016271e-02,4.827925e-03,5.852203e-03,3.468856e-03
7.569825e-03,2.540993e-03,2.835849e-03,1.694770e-03,1.083274e-03,2.877845e-02,4.210027e-04,7.198541e-04,1.205965e-02,8.193945e-01,9.246996e-02,1.774731e-02,5.298960e-03,4.833497e-03,2.552090e-03
5.745670e-03,2.510318e-03,2.191701e-03,1.232755e-03,1.085846e-03,2.198208e-02,3.196201e-04,5.687105e-04,1.147991e-02,8.514132e-01,7.065634e-02,1.887360e-02,5.440610e-03,4.451548e-03,2.048034e-03
4.195974e-03,6.426291e-03,3.553903e-03,9.308052e-04,1.346803e-03,1.638543e-02,2.667621e-04,4.455817e-04,1.139384e-02,8.703728e-01,5.556025e-02,1.547545e-02,8.667554e-03,3.303884e-03,1.674739e-03
3.020518e-03,5.014563e-03,3.312734e-03,6.673945e-04,1.540146e-03,1.155395e-02,1.957899e-04,3.204087e-04,9.453777e-03,9.009890e-01,4.023534e-02,1.127619e-02,8.738631e-03,2.448844e-03,1.232744e-03
2.161890e-03,4.106137e-03,2.760362e-03,4.873554e-04,1.270818e-03,8.209299e-03,1.458257e-04,2.365118e-04,7.710929e-03,9.270324e-01,2.836470e-02,8.066472e-03,6.758849e-03,1.779881e-03,9.086555e-04
1.583419e-03,2.920844e-03,2.389273e-03,3.738998e-04,5.704013e-03,5.985358e-03,2.340186e-04,4.056677e-04,7.574391e-03,9.397261e-01,2.002153e-02,5.764388e-03,5.365581e-03,1.307879e-03,6.436119e-04
1.278464e-03,2.101992e-03,2.168938e-03,3.104956e-04,8.808551e-03,4.538571e-03,8.072102e-04,2.348137e-03,7.622472e-03,9.442250e-01,1.433263e-02,4.255593e-03,5.588421e-03,1.140509e-03,4.730782e-04
1.285121e-03,1.568696e-03,1.910967e-03,3.632107e-04,1.840227e-02,4.645945e-03,1.001970e-03,1.118353e-02,7.272779e-03,9.326054e-01,1.011729e-02,3.080786e-03,5.284881e-03,9.340799e-04,3.430826e-04
2.522592e-03,1.316935e-03,5.399238e-03,5.258941e-04,3.334720e-02,5.841710e-03,3.388955e-02,1.437999e-01,5.475524e-03,7.511246e-01,7.260236e-03,2.609298e-03,5.687112e-03,9.081264e-04,2.921366e-04
5.012326e-03,2.428994e-03,5.491899e-03,7.956798e-04,1.096315e-01,3.714240e-02,4.763230e-02,1.246231e-01,2.638311e-02,6.166002e-01,5.440380e-03,2.361403e-03,1.550534e-02,6.610475e-04,2.903310e-04
9.867563e-03,5.464918e-03,4.461738e-03,1.359770e-03,1.465622e-01,5.293331e-02,3.917369e-02,9.835126e-02,8.318931e-02,5.292256e-01,4.251179e-03,2.863062e-03,2.153764e-02,4.768054e-04,2.818858e-04
1.057869e-02,8.559909e-03,6.285603e-03,4.611889e-03,1.598017e-01,5.568675e-02,5.337772e-02,8.906828e-02,1.788779e-01,3.823160e-01,4.776035e-03,6.869293e-03,3.729890e-02,3.603035e-04,1.531046e-03
8.131189e-03,7.041177e-03,5.116811e-03,1.910609e-02,2.081789e-01,4.255676e-02,3.789176e-02,6.344435e-02,1.791092e-01,2.686493e-01,6.050503e-03,1.102027e-02,1.415855e-01,2.864350e-04,1.831720e-03
5.786127e-03,4.956571e-03,3.638347e-03,1.404868e-02,1.569760e-01,3.460510e-02,2.663741e-02,4.462647e-02,1.274813e-01,1.882832e-01,1.439959e-02,3.797016e-02,3.373931e-01,2.191052e-04,2.978884e-03
4.109444e-03,3.482487e-03,2.640606e-03,1.000378e-02,1.113027e-01,2.611681e-02,1.876849e-02,3.167423e-02,9.466568e-02,1.319779e-01,1.864021e-02,4.194891e-02,4.983641e-01,1.702227e-04,6.134380e-03
3.149882e-03,2.529013e-03,2.177290e-03,7.546766e-03,7.980099e-02,2.411655e-02,1.350017e-02,2.227127e-02,7.908835e-02,9.266383e-02,2.122176e-02,5.141141e-02,5.875703e-01,2.628902e-04,1.268958e-02
3.284172e-03,2.268829e-03,2.623613e-03,7.186663e-03,6.511281e-02,2.628905e-02,1.029655e-02,1.579092e-02,7.581848e-02,6.578335e-02,2.735138e-02,7.394136e-02,6.061947e-01,4.761357e-04,1.758200e-02
2.962892e-03,1.850193e-03,2.191978e-03,5.287994e-03,4.975297e-02,2.085227e-02,7.814668e-03,1.110220e-02,6.428910e-02,4.658117e-02,3.848800e-02,7.623877e-02,6.463984e-01,6.043045e-04,2.558511e-02
3.067703e-03,1.550364e-03,1.702675e-03,3.839119e-03,3.877281e-02,1.686792e-02,5.775596e-03,7.994190e-03,5.323686e-02,3.333523e-02,3.703250e-02,8.519851e-02,6.876557e-01,6.614229e-04,2.330941e-02
3.672015e-03,2.187738e-03,1.685038e-03,2.823638e-03,2.976973e-02,1.732920e-02,4.146114e-03,5.748666e-03,4.809920e-02,2.501985e-02,4.178598e-02,1.443743e-01,6.483861e-01,9.623137e-04,2.401017e-02
4.201248e-03,2.514696e-03,2.248094e-03,2.198939e-03,2.622516e-02,1.519915e-02,3.193199e-03,4.919647e-03,5.209900e-02,2.099268e-02,3.961417e-02,1.619762e-01,6.400264e-01,1.020856e-03,2.357054e-02
3.828722e-03,2.032731e-03,2.563173e-03,1.685331e-03,8.458841e-02,1.113136e-02,5.090350e-03,3.863926e-03,7.870006e-02,1.865083e-02,4.089548e-02,2.075614e-01,5.199089e-01,1.068036e-03,1.843132e-02
3.339167e-03,2.565900e-03,2.666024e-03,1.361605e-03,7.247166e-02,8.467086e-03,3.788434e-03,3.020398e-03,1.100217e-01,1.822397e-02,4.280247e-02,2.982244e-01,4.161570e-01,1.249697e-03,1.564049e-02
3.289610e-03,2.250103e-03,2.199788e-03,1.096644e-03,5.559238e-02,7.659516e-03,2.704876e-03,3.675474e-03,1.062093e-01,2.329824e-02,5.356322e-02,4.035190e-01,3.198868e-01,3.641420e-03,1.141367e-02
4.510081e-03,2.133802e-03,1.618459e-03,8.526501e-04,3.994759e-02,6.370382e-03,1.917024e-03,3.613382e-03,9.832481e-02,3.881675e-02,8.474515e-02,4.603121e-01,2.423540e-01,6.114401e-03,8.369380e-03
6.769103e-03,2.221897e-03,1.191829e-03,6.536450e-04,2.872886e-02,5.173384e-03,1.371773e-03,3.662852e-03,9.331001e-02,5.242247e-02,1.130268e-01,4.943399e-01,1.835470e-01,7.455017e-03,6.125506e-03
9.448400e-03,2.577994e-03,8.814709e-04,5.100644e-04,2.048467e-02,4.393931e-03,1.000170e-03,3.418237e-03,8.790205e-02,5.809116e-02,1.249432e-01,5.328600e-01,1.405227e-01,8.400558e-03,4.565380e-03
1.152299e-02,3.264911e-03,6.656539e-04,4.345128e-04,1.462033e-02,3.829860e-03,7.474632e-04,2.922680e-03,9.180506e-02,6.867968e-02,1.246118e-01,5.573294e-01,1.071364e-01,8.860639e-03,3.568662e-03
2.510976e-02,4.902263e-03,5.306954e-04,4.847942e-04,1.067135e-02,3.660411e-03,5.790893e-04,2.627959e-03,1.080941e-01,9.244038e-02,1.244127e-01,5.291596e-01,8.516513e-02,9.134036e-03,3.027827e-03
2.732793e-02,4.680795e-03,3.963338e-04,4.694399e-04,7.677388e-03,3.212658e-03,4.594547e-04,2.234733e-03,1.121555e-01,9.894864e-02,1.217798e-01,5.426720e-01,6.611376e-02,9.400547e-03,2.471137e-03
2.222179e-02,3.982798e-03,3.206648e-04,4.453479e-04,6.124278e-03,3.099528e-03,5.246993e-04,1.958943e-03,1.212057e-01,1.104083e-01,1.328230e-01,5.349207e-01,5.031899e-02,9.713613e-03,1.931657e-03
1.931788e-02,4.805454e-03,5.451084e-04,7.959020e-04,1.885222e-02,3.835242e-03,2.179649e-03,7.826931e-03,1.714458e-01,8.159899e-02,1.422779e-01,5.001507e-01,3.630926e-02,8.167705e-03,1.891396e-03
1.642965e-02,4.866295e-03,6.474042e-04,1.019658e-03,2.253494e-02,4.603567e-03,3.732321e-03,8.007726e-03,1.807020e-01,5.984088e-02,1.651749e-01,4.956160e-01,2.743995e-02,7.183538e-03,2.201219e-03
1.505888e-02,4.314135e-03,1.264246e-03,2.020150e-03,3.785270e-02,9.041461e-03,4.685494e-03,1.966471e-02,1.640317e-01,4.329834e-02,1.655358e-01,4.961500e-01,2.780434e-02,5.835233e-03,3.442849e-03
1.554362e-02,1.009005e-02,3.389271e-03,2.838472e-03,4.596001e-02,8.902255e-03,5.198047e-03,3.995614e-02,1.866637e-01,3.196748e-02,2.527879e-01,3.641916e-01,2.390637e-02,4.505609e-03,4.099570e-03
1.263099e-02,1.792280e-02,2.847041e-03,2.208050e-03,3.748398e-02,2.276795e-02,4.011440e-03,4.140235e-02,2.458073e-01,2.304181e-02,2.920254e-01,2.640719e-01,2.702032e-02,3.383157e-03,3.375458e-03
9.603082e-03,1.786317e-02,2.086723e-03,1.682453e-03,2.893829e-02,2.093944e-02,2.869550e-03,3.347459e-02,3.533081e-01,1.669237e-02,2.703610e-01,1.931226e-01,4.380701e-02,2.628804e-03,2.622836e-03
7.337067e-03,1.812936e-02,1.566654e-03,1.224944e-03,2.377053e-02,1.706917e-02,2.050017e-03,2.603749e-02,4.736006e-01,1.223476e-02,2.186753e-01,1.463555e-01,4.755123e-02,2.480184e-03,1.917324e-03
7.294838e-03,1.696870e-02,1.211029e-03,1.034696e-03,2.454438e-02,1.640573e-02,1.490596e-03,2.164107e-02,5.301784e-01,9.630061e-03,1.853237e-01,1.303568e-01,4.974796e-02,2.646766e-03,1.525299e-03
6.908757e-03,2.218378e-02,1.033869e-03,8.446467e-04,2.254302e-02,1.705380e-02,1.082451e-03,1.816289e-02,5.410392e-01,7.184732e-03,1.431960e-01,1.643950e-01,5.018952e-02,2.918958e-03,1.263363e-03
6.496916e-03,2.799504e-02,8.816436e-04,7.106063e-04,2.141867e-02,1.713662e-02,8.206542e-04,1.749894e-02,5.377260e-01,5.619473e-03,1.053006e-01,2.007269e-01,5.396699e-02,2.643788e-03,1.057194e-03
5.979152e-03,5.030415e-02,1.825185e-03,7.233968e-04,1.636137e-02,2.611943e-02,6.790328e-04,1.320181e-02,4.888804e-01,4.396778e-03,7.954828e-02,2.207491e-01,8.743636e-02,2.226349e-03,1.569245e-03
7.161064e-03,6.941617e-02,2.047258e-03,5.552224e-04,1.400052e-02,2.485761e-02,7.997025e-04,1.229137e-02,4.262117e-01,3.257419e-03,5.713528e-02,2.861239e-01,9.306037e-02,1.652516e-03,1.429970e-03
1.729990e-02,6.679579e-02,4.361077e-03,1.243768e-03,2.251039e-02,3.261317e-02,3.844227e-03,3.287558e-02,3.738169e-01,2.818340e-03,4.157311e-02,2.496859e-01,1.472535e-01,1.619851e-03,1.688466e-03
2.755354e-02,6.979921e-02,7.314399e-03,1.692242e-03,2.230117e-02,3.625779e-02,5.203913e-03,4.740595e-02,3.183956e-01,3.861573e-03,3.065605e-02,2.167988e-01,2.081591e-01,1.838715e-03,2.762062e-03
3.250627e-02,6.140267e-02,1.030725e-02,1.612206e-03,2.124060e-02,3.923595e-02,8.281037e-03,4.869110e-02,2.726707e-01,5.728347e-03,2.330682e-02,2.225731e-01,2.470015e-01,1.772545e-03,3.669988e-03
3.725792e-02,5.001092e-02,1.866913e-02,2.211005e-03,2.117073e-02,4.327908e-02,1.095563e-02,3.949361e-02,2.246825e-01,8.264536e-03,1.930995e-02,2.216556e-01,2.958509e-01,1.601227e-03,5.587331e-03
3.069888e-02,4.042174e-02,1.843719e-02,1.683051e-03,2.434050e-02,3.387340e-02,1.138218e-02,3.811926e-02,1.821167e-01,6.663768e-03,1.530435e-02,3.368704e-01,2.542350e-01,1.357387e-03,4.496261e-03
2.580952e-02,3.102694e-02,1.549248e-02,1.299181e-03,2.290397e-02,2.888424e-02,9.359933e-03,2.876045e-02,1.376927e-01,5.418881e-03,1.177206e-02,3.284149e-01,3.469270e-01,1.222888e-03,5.014945e-03
2.236585e-02,3.005652e-02,2.070090e-02,1.149584e-03,2.974924e-02,2.445997e-02,1.208810e-02,2.650046e-02,1.108353e-01,4.715206e-03,9.187781e-03,3.698685e-01,3.303039e-01,9.949682e-04,7.023755e-03
2.025922e-02,3.262955e-02,2.596778e-02,1.073640e-03,3.170183e-02,1.983469e-02,1.230480e-02,2.401051e-02,8.642375e-02,4.606768e-03,7.625987e-03,3.992693e-01,3.259098e-01,8.792847e-04,7.503157e-03
1.948646e-02,3.351876e-02,4.017986e-02,1.096220e-03,2.882004e-02,1.890210e-02,1.169536e-02,2.436618e-02,6.755141e-02,6.068359e-03,7.130576e-03,3.640146e-01,3.670466e-01,1.130052e-03,8.993467e-03
1.721506e-02,3.311632e-02,4.754231e-02,1.244921e-03,2.913030e-02,1.536699e-02,1.322887e-02,2.173961e-02,5.762130e-02,7.939392e-03,7.275538e-03,3.286959e-01,4.049246e-01,1.470534e-03,1.348830e-02
1.705016e-02,3.815729e-02,5.422227e-02,1.380693e-03,2.741462e-02,1.235664e-02,1.151664e-02,1.787427e-02,5.247153e-02,1.403169e-02,8.118462e-03,2.419715e-01,4.355944e-01,1.645424e-03,6.619439e-02
1.348997e-02,2.801305e-02,4.474024e-02,1.162898e-03,1.957678e-02,9.391843e-03,8.709795e-03,1.982862e-02,4.101683e-02,3.344084e-02,7.232093e-03,1.710403e-01,3.347622e-01,2.000228e-03,2.655942e-01
1.068368e-02,2.056807e-02,3.391187e-02,9.642975e-04,1.391261e-02,8.195456e-03,6.452117e-03,1.902769e-02,3.415748e-02,3.469683e-02,6.988757e-03,1.205836e-01,2.438878e-01,2.149238e-03,4.438205e-01
8.806289e-03,1.483901e-02,2.470315e-02,8.352006e-04,9.936208e-03,6.457544e-03,4.804723e-03,1.834088e-02,2.810605e-02,3.772527e-02,5.797731e-03,8.481706e-02,1.722269e-01,3.046683e-03,5.795573e-01
8.194483e-03,1.136452e-02,1.784941e-02,6.179699e-04,7.065416e-03,4.681732e-03,3.452366e-03,1.330013e-02,2.122446e-02,3.065240e-02,4.377808e-03,5.946609e-02,1.208118e-01,3.518338e-03,6.934230e-01
7.314919e-03,8.612847e-03,1.284799e-02,4.788710e-04,5.004539e-03,3.448877e-03,2.445762e-03,9.485850e-03,1.606321e-02,2.230410e-02,3.187895e-03,4.163912e-02,8.468698e-02,3.133358e-03,7.793457e-01
7.355222e-03,6.819584e-03,9.568779e-03,4.836127e-04,3.624966e-03,2.708412e-03,1.768060e-03,7.624936e-03,1.410029e-02,1.734159e-02,2.316696e-03,2.917739e-02,5.949725e-02,3.188077e-03,8.344252e-01
7.118221e-03,5.402193e-03,7.231693e-03,4.361442e-04,2.713945e-03,2.135890e-03,1.306611e-03,7.120043e-03,1.310899e-02,1.364981e-02,1.708723e-03,2.045256e-02,4.182113e-02,2.927010e-03,8.728671e-01
1.147229e-02,6.659417e-03,7.208091e-03,1.306736e-03,2.174242e-03,1.758021e-03,9.409370e-04,5.611320e-03,1.421979e-02,1.222383e-02,1.730012e-03,1.449878e-02,2.950464e-02,2.620304e-03,8.880717e-01
1.699520e-02,6.366211e-03,6.098828e-03,1.104992e-03,1.712244e-03,1.599447e-03,6.749733e-04,4.548848e-03,1.326865e-02,1.063847e-02,2.048549e-03,1.022844e-02,2.087655e-02,3.316214e-03,9.005225e-01
2.663444e-02,7.239752e-03,2.689761e-02,1.164497e-03,1.698129e-03,1.500766e-03,5.046141e-04,4.468322e-03,1.461897e-02,9.220855e-03,2.139398e-03,7.276415e-03,1.497051e-02,3.200755e-03,8.784651e-01
3.715665e-02,1.813387e-02,2.554645e-02,1.370138e-03,1.863685e-03,1.769776e-03,4.303142e-04,5.464314e-03,3.440793e-02,8.226578e-03,2.132979e-03,5.368700e-03,1.172166e-02,7.325065e-03,8.390819e-01
3.076902e-02,1.773552e-02,2.362455e-02,1.344398e-03,1.877023e-03,1.657798e-03,3.261603e-04,4.588814e-03,4.280639e-02,9.409630e-03,1.840167e-03,3.949585e-03,8.690866e-03,1.028005e-02,8.411000e-01
2.560425e-02,3.398772e-02,1.872059e-02,1.409767e-03,2.551702e-03,1.842370e-03,2.767080e-04,3.868179e-03,6.847639e-02,1.033599e-02,2.776468e-03,3.163832e-03,7.313711e-03,1.663008e-02,8.030423e-01
1.840517e-02,3.091964e-02,1.396445e-02,1.359208e-03,2.160948e-03,1.552449e-03,2.061388e-04,2.875629e-03,8.437262e-02,1.064058e-02,2.383786e-03,2.323608e-03,5.481726e-03,1.771947e-02,8.056346e-01
1.498268e-02,4.474292e-02,1.293203e-02,1.559192e-03,2.188184e-03,2.062989e-03,1.624401e-04,2.256847e-03,8.655658e-02,1.382326e-02,3.468629e-03,2.088634e-03,4.350685e-03,3.829335e-02,7.705316e-01
1.922310e-02,7.090756e-02,2.601985e-02,1.946193e-03,6.645282e-03,9.894534e-03,4.183041e-04,5.225666e-03,1.127251e-01,2.417501e-02,3.953497e-03,1.677428e-03,3.881056e-03,6.658608e-02,6.467213e-01
1.965303e-02,5.317988e-02,1.869413e-01,2.418390e-02,1.183082e-02,9.335874e-03,5.157061e-04,7.463401e-03,1.085162e-01,3.403006e-02,3.401783e-03,1.249103e-03,2.886719e-03,5.352944e-02,4.832828e-01
1.479754e-02,3.911326e-02,1.734584e-01,2.075681e-02,9.337759e-03,7.365326e-03,4.228206e-04,5.262034e-03,1.174750e-01,6.720659e-02,7.270568e-03,9.721457e-04,2.340179e-03,4.659254e-02,4.876291e-01
1.074097e-02,2.910626e-02,1.616476e-01,1.837273e-02,7.039547e-03,5.827626e-03,3.610333e-04,4.006946e-03,1.584020e-01,1.121125e-01,1.548735e-02,2.437383e-03,5.857322e-03,3.571738e-02,4.328834e-01
9.214413e-03,2.842323e-02,1.620266e-01,3.095742e-02,7.139610e-03,5.970159e-03,5.157043e-04,6.068888e-03,1.712136e-01,8.956053e-02,6.863742e-02,1.292293e-02,4.146819e-02,4.761032e-02,3.182710e-01
8.034807e-03,2.687675e-02,1.760043e-01,5.739827e-02,8.467387e-03,4.806329e-03,1.244125e-03,4.822973e-02,1.537104e-01,6.558063e-02,7.476828e-02,1.636434e-02,7.108493e-02,3.760394e-02,2.498257e-01
7.277382e-03,2.410154e-02,2.212934e-01,8.210887e-02,9.190017e-03,3.972341e-03,1.237785e-03,8.619884e-02,1.694701e-01,4.726437e-02,6.423986e-02,1.257206e-02,5.960961e-02,2.807887e-02,1.833850e-01
6.741028e-03,2.080829e-02,3.277883e-01,1.076184e-01,1.126962e-02,4.583784e-03,1.119965e-03,6.578055e-02,1.652245e-01,3.462840e-02,4.727380e-02,9.128677e-03,4.295450e-02,2.116099e-02,1.339192e-01
6.699468e-03,1.650612e-02,4.214719e-01,1.521125e-01,1.010499e-02,3.758799e-03,8.827936e-04,4.889112e-02,1.291683e-01,2.719664e-02,3.430087e-02,6.537173e-03,3.048268e-02,1.528198e-02,9.660473e-02
1.394648e-02,1.590517e-02,4.308635e-01,1.259861e-01,9.553313e-03,4.560021e-03,8.686962e-04,3.717275e-02,1.136349e-01,5.338534e-02,4.215652e-02,5.318836e-03,2.278310e-02,1.447687e-02,1.093884e-01
1.669364e-02,1.879073e-02,4.050273e-01,1.446732e-01,9.266517e-03,4.615135e-03,9.364428e-04,2.781101e-02,9.942913e-02,6.149770e-02,4.577073e-02,4.332302e-03,1.736988e-02,1.092509e-02,1.328612e-01
4.780838e-02,2.880357e-02,3.484924e-01,1.230698e-01,1.130061e-02,7.610887e-03,1.397552e-03,2.510703e-02,8.863895e-02,6.984797e-02,4.868390e-02,3.820078e-03,1.382255e-02,1.204184e-02,1.695545e-01
6.676522e-02,4.881504e-02,2.789447e-01,9.435003e-02,1.226166e-02,1.352683e-02,1.469701e-03,3.277927e-02,9.127153e-02,8.461431e-02,4.089236e-02,3.595159e-03,1.159918e-02,1.297603e-02,2.061389e-01
1.143354e-01,6.861927e-02,2.307003e-01,7.210987e-02,1.539132e-02,2.035055e-02,1.793417e-03,5.593349e-02,9.186053e-02,7.288490e-02,3.370225e-02,3.578071e-03,1.059620e-02,1.354322e-02,1.946012e-01
1.529882e-01,1.055225e-01,1.753575e-01,5.471031e-02,2.381968e-02,2.302572e-02,2.003335e-03,8.356556e-02,9.424927e-02,6.255934e-02,2.615485e-02,3.357475e-03,1.070426e-02,1.330801e-02,1.686740e-01
1.604409e-01,9.049408e-02,1.347018e-01,4.269444e-02,2.447305e-02,2.158183e-02,2.108999e-03,6.709807e-02,9.299725e-02,8.120279e-02,2.026178e-02,4.443548e-03,1.520111e-02,1.951335e-02,2.227871e-01
1.184304e-01,7.198288e-02,1.026644e-01,5.072116e-02,1.799741e-02,1.637993e-02,1.552490e-03,4.808503e-02,1.625078e-01,9.727642e-02,1.558667e-02,4.039742e-03,1.262513e-02,1.534406e-02,2.648064e-01
1.165306e-01,6.872854e-02,7.540918e-02,3.956935e-02,1.558476e-02,1.510071e-02,1.309176e-03,3.843618e-02,1.492548e-01,9.847672e-02,1.585873e-02,3.906813e-03,1.201834e-02,3.371140e-02,3.161048e-01
1.428338e-01,8.543303e-02,6.473505e-02,3.699561e-02,1.467743e-02,1.609216e-02,2.423531e-03,3.845485e-02,1.357542e-01,8.465835e-02,1.456432e-02,6.746621e-03,2.583419e-02,2.704945e-02,3.037474e-01
2.392303e-01,9.936228e-02,4.970049e-02,3.962040e-02,1.346655e-02,1.750308e-02,2.627615e-03,3.588025e-02,1.371080e-01,6.116577e-02,1.331290e-02,9.059481e-03,3.972545e-02,2.059993e-02,2.216375e-01
2.824587e-01,9.999032e-02,4.111126e-02,3.164263e-02,1.158201e-02,1.912588e-02,3.088337e-03,3.672047e-02,1.505668e-01,4.510105e-02,1.275967e-02,2.448018e-02,4.907280e-02,1.605969e-02,1.762401e-01
2.454138e-01,9.316065e-02,3.502290e-02,2.649796e-02,9.165006e-03,1.888682e-02,2.794746e-03,2.984837e-02,1.606081e-01,3.408380e-02,2.214359e-02,4.819325e-02,7.660721e-02,1.566264e-02,1.819111e-01
2.086500e-01,7.174556e-02,2.710273e-02,2.167892e-02,6.843311e-03,1.898905e-02,2.779867e-03,2.147867e-02,1.379154e-01,2.903711e-02,3.441660e-02,1.194808e-01,1.043245e-01,1.741850e-02,1.781390e-01
2.097631e-01,5.402151e-02,2.052633e-02,1.677162e-02,5.483779e-03,1.919029e-02,2.552109e-03,1.550786e-02,1.140711e-01,2.480878e-02,5.074581e-02,1.783242e-01,1.243576e-01,1.403660e-02,1.498394e-01
1.910506e-01,4.047985e-02,1.483043e-02,1.229859e-02,4.352456e-03,1.604559e-02,2.006748e-03,1.103774e-02,9.292387e-02,2.549168e-02,5.778752e-02,2.846819e-01,1.176545e-01,1.069466e-02,1.186638e-01
1.863263e-01,3.081395e-02,1.084940e-02,9.841891e-03,3.572083e-03,1.476964e-02,1.564310e-03,7.903376e-03,8.191840e-02,3.112157e-02,6.271397e-02,3.478872e-01,1.090131e-01,8.403840e-03,9.330098e-02
1.479149e-01,2.462315e-02,1.142322e-02,8.240734e-03,4.590907e-03,1.312044e-02,2.009184e-03,7.864567e-03,1.143931e-01,3.495560e-02,7.036128e-02,3.731574e-01,1.051084e-01,7.081382e-03,7.515579e-02
1.087256e-01,1.796992e-02,8.322363e-03,6.166659e-03,6.209098e-03,1.006551e-02,1.544728e-03,5.787683e-03,1.458396e-01,3.250695e-02,6.411766e-02,4.386799e-01,9.501052e-02,5.484893e-03,5.356883e-02
7.800347e-02,1.290090e-02,5.907841e-03,4.465038e-03,4.974728e-03,7.998751e-03,1.109063e-03,4.228847e-03,1.226270e-01,2.746624e-02,5.642378e-02,5.423021e-01,8.878655e-02,4.481747e-03,3.832390e-02
5.511130e-02,9.270660e-03,4.231457e-03,3.180304e-03,4.291328e-03,6.118387e-03,7.962603e-04,3.164386e-03,1.125244e-01,2.350242e-02,4.481630e-02,6.326786e-01,6.974029e-02,3.572691e-03,2.700120e-02
3.922011e-02,6.696285e-03,3.080182e-03,2.255610e-03,4.245165e-03,4.705811e-03,5.866321e-04,2.669386e-03,1.100538e-01,2.166136e-02,3.543388e-02,6.941741e-01,5.302009e-02,3.181715e-03,1.901589e-02
2.820522e-02,5.009553e-03,2.282420e-03,1.604326e-03,5.308869e-03,3.528244e-03,4.778329e-04,2.288189e-03,1.291461e-01,2.106549e-02,2.843015e-02,7.161756e-01,4.005949e-02,3.025683e-03,1.339294e-02
2.094186e-02,3.997534e-03,1.932873e-03,1.207010e-03,9.594375e-03,2.633035e-03,3.797482e-04,3.231555e-03,1.588600e-01,1.806050e-02,2.251836e-02,7.149715e-01,2.983144e-02,2.439525e-03,9.400720e-03
1.541400e-02,3.046131e-03,1.468785e-03,8.864870e-04,1.165645e-02,2.034047e-03,3.128016e-04,2.598788e-03,1.341264e-01,1.736765e-02,2.023693e-02,7.588782e-01,2.253739e-02,2.816484e-03,6.619493e-03
1.139794e-02,2.264831e-03,1.098578e-03,6.827014e-04,1.347141e-02,1.752282e-03,3.015279e-04,2.307320e-03,1.075672e-01,1.475666e-02,1.709170e-02,8.035693e-01,1.674670e-02,2.333880e-03,4.658068e-03
8.332430e-03,1.736614e-03,8.360425e-04,5.020805e-04,1.364183e-02,1.419001e-03,3.372519e-04,2.063853e-03,9.125993e-02,1.372324e-02,1.449848e-02,8.335395e-01,1.286282e-02,1.970219e-03,3.276754e-03
6.189080e-03,1.947757e-03,7.485559e-04,3.827893e-04,1.848256e-02,1.094078e-03,3.730978e-04,1.856666e-03,1.475963e-01,1.151616e-02,1.220497e-02,7.829477e-01,1.075747e-02,1.585062e-03,2.317871e-03
5.274579e-03,1.961686e-03,9.617615e-04,3.348579e-04,5.194451e-02,1.112093e-03,1.542513e-03,5.659936e-03,1.840950e-01,1.279108e-02,1.045378e-02,7.119321e-01,8.968514e-03,1.323619e-03,1.644076e-03
4.210074e-03,1.568281e-03,8.229185e-04,2.990406e-04,5.944321e-02,9.910808e-04,1.509982e-03,7.946251e-03,2.056612e-01,1.099941e-02,1.002257e-02,6.856220e-01,8.597702e-03,1.141716e-03,1.164681e-03
3.865206e-03,1.275729e-03,1.019284e-03,6.059431e-04,7.620529e-02,9.970693e-04,1.435403e-03,1.311919e-02,1.926690e-01,9.205456e-03,1.086058e-02,6.779326e-01,9.078369e-03,9.033634e-04,8.274936e-04
3.457118e-03,9.920439e-04,9.142085e-04,6.060599e-04,8.199774e-02,1.091398e-03,2.424482e-03,1.409292e-02,1.683949e-01,7.676458e-03,9.664426e-03,6.984246e-01,8.943006e-03,7.193922e-04,6.011594e-04
3.567872e-03,8.011038e-04,8.403464e-04,6.815669e-04,1.297819e-01,1.070397e-03,4.416154e-03,1.792088e-02,1.820210e-01,7.344814e-03,1.129131e-02,6.291009e-01,1.009157e-02,6.035921e-04,4.666784e-04
8.032246e-03,7.113481e-04,1.740863e-03,1.459285e-03,1.912661e-01,2.371801e-03,8.731445e-03,3.390232e-02,1.595491e-01,2.076078e-02,1.628895e-02,5.421087e-01,1.143207e-02,1.072346e-03,5.726840e-04
9.336208e-03,6.717636e-04,1.895944e-03,1.561014e-03,2.467885e-01,3.059110e-03,1.335328e-02,4.184876e-02,1.710000e-01,1.996164e-02,1.714202e-02,4.593880e-01,1.211259e-02,1.288183e-03,5.930472e-04
1.258528e-02,1.286860e-03,3.669216e-03,1.500446e-03,2.309897e-01,4.092319e-03,1.453070e-02,8.715188e-02,1.829255e-01,2.244219e-02,1.707770e-02,4.020743e-01,1.674664e-02,2.103423e-03,8.237986e-04
1.101844e-02,2.062795e-03,2.796107e-03,1.234141e-03,2.246094e-01,6.515704e-03,1.417937e-02,9.193876e-02,2.691319e-01,2.781736e-02,1.579853e-02,3.127631e-01,1.718560e-02,2.148136e-03,8.006616e-04
1.072511e-02,2.580526e-03,2.407837e-03,1.123731e-03,2.189624e-01,7.778635e-03,1.467026e-02,1.442798e-01,2.870081e-01,2.781073e-02,1.307654e-02,2.504101e-01,1.663470e-02,1.883759e-03,6.478185e-04
1.029795e-02,2.536579e-03,1.911747e-03,9.899708e-04,2.207239e-01,1.164494e-02,1.591307e-02,1.683750e-01,2.384169e-01,2.379558e-02,1.278048e-02,2.623739e-01,2.794421e-02,1.736908e-03,5.589517e-04
9.692529e-03,3.310020e-03,1.523668e-03,8.581588e-04,1.812776e-01,2.035454e-02,1.217119e-02,1.796079e-01,2.005846e-01,1.804693e-02,1.432001e-02,3.326034e-01,2.323352e-02,1.942010e-03,4.739347e-04
8.342486e-03,3.771794e-03,1.411155e-03,6.928961e-04,1.387265e-01,4.170480e-02,8.860418e-03,2.407776e-01,1.715104e-01,1.324464e-02,1.558963e-02,3.342142e-01,1.733981e-02,3.391332e-03,4.223542e-04
7.570182e-03,4.522905e-03,1.242154e-03,6.622055e-04,1.151869e-01,7.408826e-02,7.402089e-03,2.529882e-01,1.940395e-01,9.668445e-03,1.709534e-02,2.980283e-01,1.267422e-02,4.452921e-03,3.783557e-04
1.152219e-02,7.121843e-03,1.143310e-03,1.223423e-03,1.029697e-01,1.205074e-01,6.393184e-03,1.949123e-01,2.353271e-01,7.002585e-03,1.546662e-02,2.747219e-01,1.665895e-02,3.995606e-03,1.033832e-03
1.390445e-02,6.830590e-03,1.385535e-03,1.350716e-03,1.273773e-01,9.724245e-02,9.295982e-03,2.445372e-01,2.126112e-01,5.045825e-03,1.295885e-02,2.504753e-01,1.285093e-02,3.314391e-03,8.192391e-04
3.010838e-02,8.519333e-03,2.096942e-03,2.350689e-03,1.979796e-01,9.974903e-02,1.583078e-02,1.873605e-01,2.166982e-01,3.596072e-03,1.194093e-02,2.097593e-01,1.040829e-02,2.813216e-03,7.887474e-04
