1.000000e+00,0.000000e+00,0.000000e+00,0.000000e+00,0.000000e+00,0.000000e+00,0.000000e+00,0.000000e+00,0.000000e+00,0.000000e+00,0.000000e+00,0.000000e+00,0.000000e+00,0.000000e+00,0.000000e+00
1.000000e+00,0.000000e+00,0.000000e+00,0.000000e+00,0.000000e+00,0.000000e+00,0.000000e+00,0.000000e+00,0.000000e+00,0.000000e+00,0.000000e+00,0.000000e+00,0.000000e+00,0.000000e+00,0.000000e+00
1.000000e+00,0.000000e+00,0.000000e+00,0.000000e+00,0.000000e+00,0.000000e+00,0.000000e+00,0.000000e+00,0.000000e+00,0.000000e+00,0.000000e+00,0.000000e+00,0.000000e+00,0.000000e+00,0.000000e+00
1.000000e+00,0.000000e+00,0.000000e+00,0.000000e+00,0.000000e+00,0.000000e+00,0.000000e+00,0.000000e+00,0.000000e+00,0.000000e+00,0.000000e+00,0.000000e+00,0.000000e+00,0.000000e+00,0.000000e+00
1.000000e+00,0.000000e+00,0.000000e+00,0.000000e+00,0.000000e+00,0.000000e+00,0.000000e+00,0.000000e+00,0.000000e+00,0.000000e+00,0.000000e+00,0.000000e+00,0.000000e+00,0.000000e+00,0.000000e+00
1.000000e+00,0.000000e+00,0.000000e+00,0.000000e+00,0.000000e+00,0.000000e+00,0.000000e+00,0.000000e+00,0.000000e+00,0.000000e+00,0.000000e+00,0.000000e+00,0.000000e+00,0.000000e+00,0.000000e+00
1.000000e+00,0.000000e+00,0.000000e+00,0.000000e+00,0.000000e+00,0.000000e+00,0.000000e+00,0.000000e+00,0.000000e+00,0.000000e+00,0.000000e+00,0.000000e+00,0.000000e+00,0.000000e+00,0.000000e+00
1.000000e+00,0.000000e+00,0.000000e+00,0.000000e+00,0.000000e+00,0.000000e+00,0.000000e+00,0.000000e+00,0.000000e+00,0.000000e+00,0.000000e+00,0.000000e+00,0.000000e+00,0.000000e+00,0.000000e+00
1.000000e+00,0.000000e+00,0.000000e+00,0.000000e+00,0.000000e+00,0.000000e+00,0.000000e+00,0.000000e+00,0.000000e+00,0.000000e+00,0.000000e+00,0.000000e+00,0.000000e+00,0.000000e+00,0.000000e+00
1.000000e+00,0.000000e+00,0.000000e+00,0.000000e+00,0.000000e+00,0.000000e+00,0.000000e+00,0.000000e+00,0.000000e+00,0.000000e+00,0.000000e+00,0.000000e+00,0.000000e+00,0.000000e+00,0.000000e+00
1.000000e+00,0.000000e+00,0.000000e+00,0.000000e+00,0.000000e+00,0.000000e+00,0.000000e+00,0.000000e+00,0.000000e+00,0.000000e+00,0.000000e+00,0.000000e+00,0.000000e+00,0.000000e+00,0.000000e+00
1.000000e+00,0.000000e+00,0.000000e+00,0.000000e+00,0.000000e+00,0.000000e+00,0.000000e+00,0.000000e+00,0.000000e+00,0.000000e+00,0.000000e+00,0.000000e+00,0.000000e+00,0.000000e+00,0.000000e+00
1.000000e+00,0.000000e+00,0.000000e+00,0.000000e+00,0.000000e+00,0.000000e+00,0.000000e+00,0.000000e+00,0.000000e+00,0.000000e+00,0.000000e+00,0.000000e+00,0.000000e+00,0.000000e+00,0.000000e+00
1.000000e+00,0.000000e+00,0.000000e+00,0.000000e+00,0.000000e+00,0.000000e+00,0.000000e+00,0.000000e+00,0.000000e+00,0.000000e+00,0.000000e+00,0.000000e+00,0.000000e+00,0.000000e+00,0.000000e+00
1.000000e+00,0.000000e+00,0.000000e+00,0.000000e+00,0.000000e+00,0.000000e+00,0.000000e+00,0.000000e+00,0.000000e+00,0.000000e+00,0.000000e+00,0.000000e+00,0.000000e+00,0.000000e+00,0.000000e+00
1.000000e+00,0.000000e+00,0.000000e+00,0.000000e+00,0.000000e+00,0.000000e+00,0.000000e+00,0.000000e+00,0.000000e+00,0.000000e+00,0.000000e+00,0.000000e+00,0.000000e+00,0.000000e+00,0.000000e+00
1.000000e+00,0.000000e+00,0.000000e+00,0.000000e+00,0.000000e+00,0.000000e+00,0.000000e+00,0.000000e+00,0.000000e+00,0.000000e+00,0.000000e+00,0.000000e+00,0.000000e+00,0.000000e+00,0.000000e+00
1.000000e+00,0.000000e+00,0.000000e+00,0.000000e+00,0.000000e+00,0.000000e+00,0.000000e+00,0.000000e+00,0.000000e+00,0.000000e+00,0.000000e+00,0.000000e+00,0.000000e+00,0.000000e+00,0.000000e+00
1.000000e+00,0.000000e+00,0.000000e+00,0.000000e+00,0.000000e+00,0.000000e+00,0.000000e+00,0.000000e+00,0.000000e+00,0.000000e+00,0.000000e+00,0.000000e+00,0.000000e+00,0.000000e+00,0.000000e+00
1.000000e+00,0.000000e+00,0.000000e+00,0.000000e+00,0.000000e+00,0.000000e+00,0.000000e+00,0.000000e+00,0.000000e+00,0.000000e+00,0.000000e+00,0.000000e+00,0.000000e+00,0.000000e+00,0.000000e+00
1.000000e+00,0.000000e+00,0.000000e+00,0.000000e+00,0.000000e+00,0.000000e+00,0.000000e+00,0.000000e+00,0.000000e+00,0.000000e+00,0.000000e+00,0.000000e+00,0.000000e+00,0.000000e+00,0.000000e+00
1.000000e+00,0.000000e+00,0.000000e+00,0.000000e+00,0.000000e+00,0.000000e+00,0.000000e+00,0.000000e+00,0.000000e+00,0.000000e+00,0.000000e+00,0.000000e+00,0.000000e+00,0.000000e+00,0.000000e+00
1.000000e+00,0.000000e+00,0.000000e+00,0.000000e+00,0.000000e+00,0.000000e+00,0.000000e+00,0.000000e+00,0.000000e+00,0.000000e+00,0.000000e+00,0.000000e+00,0.000000e+00,0.000000e+00,0.000000e+00
1.000000e+00,0.000000e+00,0.000000e+00,0.000000e+00,0.000000e+00,0.000000e+00,0.000000e+00,0.000000e+00,0.000000e+00,0.000000e+00,0.000000e+00,0.000000e+00,0.000000e+00,0.000000e+00,0.000000e+00
1.000000e+00,0.000000e+00,0.000000e+00,0.000000e+00,0.000000e+00,0.000000e+00,0.000000e+00,0.000000e+00,0.000000e+00,0.000000e+00,0.000000e+00,0.000000e+00,0.000000e+00,0.000000e+00,0.000000e+00
1.000000e+00,0.000000e+00,0.000000e+00,0.000000e+00,0.000000e+00,0.000000e+00,0.000000e+00,0.000000e+00,0.000000e+00,0.000000e+00,0.000000e+00,0.000000e+00,0.000000e+00,0.000000e+00,0.000000e+00
1.000000e+00,0.000000e+00,0.000000e+00,0.000000e+00,0.000000e+00,0.000000e+00,0.000000e+00,0.000000e+00,0.000000e+00,0.000000e+00,0.000000e+00,0.000000e+00,0.000000e+00,0.000000e+00,0.000000e+00
1.000000e+00,0.000000e+00,0.000000e+00,0.000000e+00,0.000000e+00,0.000000e+00,0.000000e+00,0.000000e+00,0.000000e+00,0.000000e+00,0.000000e+00,0.000000e+00,0.000000e+00,0.000000e+00,0.000000e+00
1.000000e+00,0.000000e+00,0.000000e+00,0.000000e+00,0.000000e+00,0.000000e+00,0.000000e+00,0.000000e+00,0.000000e+00,0.000000e+00,0.000000e+00,0.000000e+00,0.000000e+00,0.000000e+00,0.000000e+00
1.000000e+00,0.000000e+00,0.000000e+00,0.000000e+00,0.000000e+00,0.000000e+00,0.000000e+00,0.000000e+00,0.000000e+00,0.000000e+00,0.000000e+00,0.000000e+00,0.000000e+00,0.000000e+00,0.000000e+00
1.000000e+00,0.000000e+00,0.000000e+00,0.000000e+00,0.000000e+00,0.000000e+00,0.000000e+00,0.000000e+00,0.000000e+00,0.000000e+00,0.000000e+00,0.000000e+00,0.000000e+00,0.000000e+00,0.000000e+00
1.000000e+00,0.000000e+00,0.000000e+00,0.000000e+00,0.000000e+00,0.000000e+00,0.000000e+00,0.000000e+00,0.000000e+00,0.000000e+00,0.000000e+00,0.000000e+00,0.000000e+00,0.000000e+00,0.000000e+00
1.000000e+00,0.000000e+00,0.000000e+00,0.000000e+00,0.000000e+00,0.000000e+00,0.000000e+00,0.000000e+00,0.000000e+00,0.000000e+00,0.000000e+00,0.000000e+00,0.000000e+00,0.000000e+00,0.000000e+00
1.000000e+00,0.000000e+00,0.000000e+00,0.000000e+00,0.000000e+00,0.000000e+00,0.000000e+00,0.000000e+00,0.000000e+00,0.000000e+00,0.000000e+00,0.000000e+00,0.000000e+00,0.000000e+00,0.000000e+00
1.000000e+00,0.000000e+00,0.000000e+00,0.000000e+00,0.000000e+00,0.000000e+00,0.000000e+00,0.000000e+00,0.000000e+00,0.000000e+00,0.000000e+00,0.000000e+00,0.000000e+00,0.000000e+00,0.000000e+00
1.000000e+00,0.000000e+00,0.000000e+00,0.000000e+00,0.000000e+00,0.000000e+00,0.000000e+00,0.000000e+00,0.000000e+00,0.000000e+00,0.000000e+00,0.000000e+00,0.000000e+00,0.000000e+00,0.000000e+00
1.000000e+00,0.000000e+00,0.000000e+00,0.000000e+00,0.000000e+00,0.000000e+00,0.000000e+00,0.000000e+00,0.000000e+00,0.000000e+00,0.000000e+00,0.000000e+00,0.000000e+00,0.000000e+00,0.000000e+00
1.000000e+00,0.000000e+00,0.000000e+00,0.000000e+00,0.000000e+00,0.000000e+00,0.000000e+00,0.000000e+00,0.000000e+00,0.000000e+00,0.000000e+00,0.000000e+00,0.000000e+00,0.000000e+00,0.000000e+00
1.000000e+00,0.000000e+00,0.000000e+00,0.000000e+00,0.000000e+00,0.000000e+00,0.000000e+00,0.000000e+00,0.000000e+00,0.000000e+00,0.000000e+00,0.000000e+00,0.000000e+00,0.000000e+00,0.000000e+00
1.000000e+00,0.000000e+00,0.000000e+00,0.000000e+00,0.000000e+00,0.000000e+00,0.000000e+00,0.000000e+00,0.000000e+00,0.000000e+00,0.000000e+00,0.000000e+00,0.000000e+00,0.000000e+00,0.000000e+00
1.000000e+00,0.000000e+00,0.000000e+00,0.000000e+00,0.000000e+00,0.000000e+00,0.000000e+00,0.000000e+00,0.000000e+00,0.000000e+00,0.000000e+00,0.000000e+00,0.000000e+00,0.000000e+00,0.000000e+00
1.000000e+00,0.000000e+00,0.000000e+00,0.000000e+00,0.000000e+00,0.000000e+00,0.000000e+00,0.000000e+00,0.000000e+00,0.000000e+00,0.000000e+00,0.000000e+00,0.000000e+00,0.000000e+00,0.000000e+00
1.000000e+00,0.000000e+00,0.000000e+00,0.000000e+00,0.000000e+00,0.000000e+00,0.000000e+00,0.000000e+00,0.000000e+00,0.000000e+00,0.000000e+00,0.000000e+00,0.000000e+00,0.000000e+00,0.000000e+00
1.000000e+00,0.000000e+00,0.000000e+00,0.000000e+00,0.000000e+00,0.000000e+00,0.000000e+00,0.000000e+00,0.000000e+00,0.000000e+00,0.000000e+00,0.000000e+00,0.000000e+00,0.000000e+00,0.000000e+00
1.000000e+00,0.000000e+00,0.000000e+00,0.000000e+00,0.000000e+00,0.000000e+00,0.000000e+00,0.000000e+00,0.000000e+00,0.000000e+00,0.000000e+00,0.000000e+00,0.000000e+00,0.000000e+00,0.000000e+00
1.000000e+00,0.000000e+00,0.000000e+00,0.000000e+00,0.000000e+00,0.000000e+00,0.000000e+00,0.000000e+00,0.000000e+00,0.000000e+00,0.000000e+00,0.000000e+00,0.000000e+00,0.000000e+00,0.000000e+00
1.000000e+00,0.000000e+00,0.000000e+00,0.000000e+00,0.000000e+00,0.000000e+00,0.000000e+00,0.000000e+00,0.000000e+00,0.000000e+00,0.000000e+00,0.000000e+00,0.000000e+00,0.000000e+00,0.000000e+00
1.000000e+00,0.000000e+00,0.000000e+00,0.000000e+00,0.000000e+00,0.000000e+00,0.000000e+00,0.000000e+00,0.000000e+00,0.000000e+00,0.000000e+00,0.000000e+00,0.000000e+00,0.000000e+00,0.000000e+00
1.000000e+00,0.000000e+00,0.000000e+00,0.000000e+00,0.000000e+00,0.000000e+00,0.000000e+00,0.000000e+00,0.000000e+00,0.000000e+00,0.000000e+00,0.000000e+00,0.000000e+00,0.000000e+00,0.000000e+00
1.000000e+00,0.000000e+00,0.000000e+00,0.000000e+00,0.000000e+00,0.000000e+00,0.000000e+00,0.000000e+00,0.000000e+00,0.000000e+00,0.000000e+00,0.000000e+00,0.000000e+00,0.000000e+00,0.000000e+00
1.000000e+00,0.000000e+00,0.000000e+00,0.000000e+00,0.000000e+00,0.000000e+00,0.000000e+00,0.000000e+00,0.000000e+00,0.000000e+00,0.000000e+00,0.000000e+00,0.000000e+00,0.000000e+00,0.000000e+00
1.000000e+00,0.000000e+00,0.000000e+00,0.000000e+00,0.000000e+00,0.000000e+00,0.000000e+00,0.000000e+00,0.000000e+00,0.000000e+00,0.000000e+00,0.000000e+00,0.000000e+00,0.000000e+00,0.000000e+00
1.000000e+00,0.000000e+00,0.000000e+00,0.000000e+00,0.000000e+00,0.000000e+00,0.000000e+00,0.000000e+00,0.000000e+00,0.000000e+00,0.000000e+00,0.000000e+00,0.000000e+00,0.000000e+00,0.000000e+00
1.000000e+00,0.000000e+00,0.000000e+00,0.000000e+00,0.000000e+00,0.000000e+00,0.000000e+00,0.000000e+00,0.000000e+00,0.000000e+00,0.000000e+00,0.000000e+00,0.000000e+00,0.000000e+00,0.000000e+00
1.000000e+00,0.000000e+00,0.000000e+00,0.000000e+00,0.000000e+00,0.000000e+00,0.000000e+00,0.000000e+00,0.000000e+00,0.000000e+00,0.000000e+00,0.000000e+00,0.000000e+00,0.000000e+00,0.000000e+00
1.000000e+00,0.000000e+00,0.000000e+00,0.000000e+00,0.000000e+00,0.000000e+00,0.000000e+00,0.000000e+00,0.000000e+00,0.000000e+00,0.000000e+00,0.000000e+00,0.000000e+00,0.000000e+00,0.000000e+00
1.000000e+00,0.000000e+00,0.000000e+00,0.000000e+00,0.000000e+00,0.000000e+00,0.000000e+00,0.000000e+00,0.000000e+00,0.000000e+00,0.000000e+00,0.000000e+00,0.000000e+00,0.000000e+00,0.000000e+00
1.000000e+00,0.000000e+00,0.000000e+00,0.000000e+00,0.000000e+00,0.000000e+00,0.000000e+00,0.000000e+00,0.000000e+00,0.000000e+00,0.000000e+00,0.000000e+00,0.000000e+00,0.000000e+00,0.000000e+00
1.000000e+00,0.000000e+00,0.000000e+00,0.000000e+00,0.000000e+00,0.000000e+00,0.000000e+00,0.000000e+00,0.000000e+00,0.000000e+00,0.000000e+00,0.000000e+00,0.000000e+00,0.000000e+00,0.000000e+00
1.000000e+00,0.000000e+00,0.000000e+00,0.000000e+00,0.000000e+00,0.000000e+00,0.000000e+00,0.000000e+00,0.000000e+00,0.000000e+00,0.000000e+00,0.000000e+00,0.000000e+00,0.000000e+00,0.000000e+00
1.000000e+00,0.000000e+00,0.000000e+00,0.000000e+00,0.000000e+00,0.000000e+00,0.000000e+00,0.000000e+00,0.000000e+00,0.000000e+00,0.000000e+00,0.000000e+00,0.000000e+00,0.000000e+00,0.000000e+00
3.544717e-01,9.271301e-02,1.034504e-02,1.329748e-01,2.151036e-02,1.620458e-02,5.851383e-03,4.125901e-03,7.395260e-02,1.249849e-02,9.586958e-03,1.444919e-02,1.268170e-02,5.318000e-03,2.333163e-01
2.482354e-01,7.178913e-02,1.160767e-02,3.232856e-01,1.583806e-02,1.247437e-02,4.391467e-03,2.908649e-03,5.800878e-02,1.994012e-02,6.904202e-03,1.024045e-02,9.035052e-03,3.770854e-03,2.015701e-01
1.745225e-01,6.187231e-02,1.777196e-02,3.322201e-01,1.233438e-02,1.236643e-02,3.581556e-03,2.081776e-03,5.047875e-02,5.016225e-02,5.840839e-03,7.500940e-03,6.663532e-03,2.909399e-03,2.596932e-01
1.222429e-01,4.485033e-02,1.468310e-02,2.336266e-01,8.756037e-03,8.924132e-03,2.528129e-03,1.471015e-03,3.582518e-02,5.583877e-02,4.407008e-03,5.979507e-03,4.767655e-03,2.493899e-03,4.536057e-01
8.568119e-02,3.219700e-02,1.127791e-02,1.636773e-01,6.154312e-03,6.319516e-03,1.780975e-03,1.068598e-03,2.669817e-02,4.057732e-02,4.953919e-02,1.818917e-02,4.277175e-03,2.888140e-03,5.496740e-01
6.007333e-02,2.284480e-02,8.584073e-03,1.147530e-01,4.344121e-03,4.516462e-03,1.253584e-03,8.639798e-04,2.037270e-02,2.914385e-02,1.257199e-01,2.532572e-02,3.318078e-03,3.261315e-03,5.756251e-01
4.213219e-02,1.609195e-02,6.223309e-03,8.057370e-02,4.136201e-03,4.292273e-03,8.825519e-04,1.171193e-03,1.594565e-02,2.104226e-02,3.227017e-01,3.210924e-02,3.050746e-03,5.368636e-03,4.442784e-01
3.047925e-02,1.192592e-02,4.450682e-03,5.693375e-02,6.208737e-03,4.018364e-03,6.643678e-04,1.330496e-03,1.854326e-02,1.632501e-02,4.137676e-01,8.349945e-02,4.792414e-03,1.043966e-02,3.366210e-01
2.164537e-02,9.011890e-03,3.160938e-03,4.015580e-02,1.207421e-02,3.548166e-03,6.219331e-04,1.542640e-03,2.014432e-02,1.228147e-02,5.512745e-01,6.371677e-02,4.859545e-03,1.444673e-02,2.415158e-01
1.674923e-02,6.826570e-03,2.287321e-03,2.879966e-02,1.317019e-02,3.411193e-03,1.069889e-03,1.450977e-03,4.330988e-02,9.431297e-03,5.919982e-01,6.317848e-02,9.316111e-03,3.318473e-02,1.758164e-01
1.287416e-02,5.293959e-03,1.642985e-03,2.047354e-02,1.065938e-02,3.231887e-03,1.346231e-03,1.405831e-03,1.238660e-01,7.229102e-03,5.546749e-01,6.313126e-02,1.006473e-02,5.760995e-02,1.264961e-01
9.588649e-03,4.097035e-03,1.186711e-03,1.449409e-02,7.966839e-03,2.463178e-03,1.107127e-03,1.088421e-03,2.709097e-01,5.508516e-03,4.692472e-01,5.398488e-02,8.639065e-03,5.908273e-02,9.063593e-02
8.167967e-03,3.267198e-03,8.913186e-04,1.063074e-02,6.206457e-03,2.476615e-03,9.404272e-04,9.060083e-04,3.023397e-01,4.857505e-03,4.636931e-01,4.403601e-02,8.781281e-03,7.396881e-02,6.883695e-02
6.172637e-03,3.831434e-03,7.417339e-04,7.954421e-03,5.606904e-03,4.203354e-03,9.420542e-04,7.725692e-04,2.959754e-01,5.338596e-03,4.723596e-01,3.449563e-02,7.978581e-03,1.030333e-01,5.059378e-02
4.478436e-03,2.748788e-03,6.388095e-04,5.780144e-03,4.466032e-03,3.200880e-03,1.046665e-03,6.326200e-04,2.137921e-01,4.697233e-03,5.990729e-01,2.655836e-02,6.311205e-03,9.068775e-02,3.588812e-02
3.619758e-03,2.103793e-03,6.467698e-04,4.304102e-03,4.739452e-03,2.928098e-03,1.154242e-03,6.821738e-04,1.575610e-01,4.022759e-03,6.807898e-01,2.341314e-02,5.529286e-03,8.296976e-02,2.553597e-02
3.506365e-03,1.937627e-03,1.884155e-03,3.144844e-03,5.791318e-03,3.680791e-03,9.571475e-04,8.173677e-04,1.172448e-01,7.040029e-03,7.151526e-01,2.879645e-02,4.836624e-03,8.698085e-02,1.822905e-02
3.352711e-03,7.308512e-03,1.198188e-02,2.459451e-03,7.750226e-03,1.519394e-02,1.111309e-03,1.501592e-03,1.543022e-01,3.188748e-02,6.055215e-01,4.814191e-02,4.341509e-03,9.196553e-02,1.318023e-02
3.229794e-03,8.554760e-03,1.205534e-02,1.894917e-03,1.164792e-02,2.595236e-02,1.760666e-03,2.678845e-03,2.352436e-01,1.069325e-01,4.600940e-01,3.825529e-02,3.991218e-03,7.803707e-02,9.671710e-03
5.040691e-03,1.740002e-02,9.873432e-03,1.831048e-03,1.472341e-02,1.025134e-01,1.798218e-03,6.914269e-03,2.923288e-01,1.234031e-01,3.267637e-01,2.740959e-02,3.381799e-03,5.741304e-02,9.205570e-03
5.917445e-03,1.703447e-02,9.989042e-03,2.177177e-03,1.606775e-02,1.630688e-01,1.946095e-03,3.124452e-02,3.173985e-01,1.302152e-01,2.323616e-01,1.989477e-02,2.747188e-03,4.262513e-02,7.312272e-03
5.587005e-03,1.836633e-02,7.254651e-03,1.700858e-03,1.326542e-02,3.038663e-01,1.499102e-03,2.237424e-02,3.087677e-01,1.020358e-01,1.629323e-01,1.402382e-02,2.079346e-03,3.002208e-02,6.225050e-03
6.441719e-03,1.934919e-02,6.572228e-03,9.912104e-03,1.616612e-02,4.273630e-01,1.239061e-03,2.756916e-02,2.548471e-01,7.713086e-02,1.145806e-01,9.974774e-03,1.904297e-03,2.114571e-02,5.804009e-03
1.983673e-02,2.355796e-02,1.235192e-02,1.396779e-02,6.362231e-02,3.950182e-01,3.698616e-03,5.994940e-02,2.107966e-01,6.385716e-02,8.608699e-02,8.683600e-03,3.773120e-03,1.552184e-02,1.927770e-02
1.830526e-02,2.955590e-02,2.858734e-02,2.614111e-02,5.881461e-02,3.510962e-01,2.906048e-03,1.475695e-01,1.781029e-01,4.744982e-02,6.536892e-02,8.836281e-03,5.129724e-03,1.128685e-02,2.084954e-02
2.157929e-02,2.923068e-02,1.490184e-01,2.584453e-02,5.694132e-02,2.936061e-01,2.305070e-03,1.417666e-01,1.553929e-01,3.496064e-02,5.169661e-02,6.884048e-03,5.163120e-03,8.904465e-03,1.670628e-02
3.352053e-02,8.625442e-02,2.387545e-01,2.040437e-02,4.841720e-02,2.282288e-01,1.988893e-03,1.033337e-01,1.451508e-01,2.584460e-02,3.648704e-02,4.981218e-03,3.690737e-03,7.619167e-03,1.532394e-02
4.008290e-02,7.650077e-02,1.787003e-01,1.678598e-02,1.398089e-01,2.561798e-01,6.558407e-03,7.676873e-02,1.393452e-01,1.862262e-02,2.587450e-02,3.651943e-03,2.778993e-03,5.752737e-03,1.258829e-02
3.228889e-02,6.886099e-02,1.277183e-01,1.687165e-02,1.533674e-01,3.846684e-01,8.323777e-03,5.535466e-02,1.014724e-01,1.354933e-02,1.840516e-02,2.816777e-03,2.066441e-03,4.247666e-03,9.988159e-03
2.281184e-02,8.810735e-02,9.537233e-02,2.699386e-02,1.432358e-01,3.529837e-01,7.452398e-03,3.937249e-02,7.321756e-02,3.214702e-02,9.171299e-02,3.914067e-03,7.560392e-03,6.219899e-03,8.898295e-03
1.637187e-02,8.112943e-02,6.920379e-02,2.486628e-02,1.054251e-01,2.531338e-01,5.377334e-03,2.768146e-02,5.885234e-02,3.986119e-02,2.488350e-01,1.742556e-02,3.248835e-02,1.092808e-02,8.420340e-03
1.160861e-02,5.831096e-02,4.874610e-02,1.794836e-02,7.757714e-02,1.796993e-01,3.829262e-03,1.950829e-02,5.484946e-02,6.874290e-02,2.245302e-01,2.460577e-02,1.488391e-01,5.029449e-02,1.091007e-02
8.241001e-03,4.113983e-02,3.423040e-02,1.298810e-02,5.816780e-02,1.285791e-01,2.763242e-03,1.379931e-02,6.129352e-02,9.095782e-02,2.201683e-01,3.378321e-02,1.807809e-01,9.405790e-02,1.904963e-02
6.183255e-03,2.896321e-02,2.410490e-02,9.577237e-03,8.155988e-02,9.066644e-02,1.998859e-03,1.039163e-02,7.346790e-02,8.306458e-02,1.877297e-01,3.115672e-02,1.822617e-01,1.699924e-01,1.888155e-02
4.387029e-03,2.032261e-02,1.693645e-02,6.769954e-03,6.321382e-02,6.373321e-02,1.407230e-03,7.344854e-03,9.327151e-02,6.184689e-02,1.475092e-01,3.146637e-02,1.340295e-01,3.340508e-01,1.371059e-02
3.106798e-03,1.426087e-02,1.194574e-02,4.812345e-03,4.560656e-02,4.481905e-02,9.941856e-04,5.174660e-03,1.114101e-01,4.488579e-02,1.115692e-01,2.769937e-02,9.623655e-02,4.671339e-01,1.034489e-02
2.240737e-03,1.006889e-02,8.439237e-03,3.421406e-03,3.205006e-02,3.181015e-02,6.985170e-04,3.659268e-03,1.206983e-01,3.192047e-02,8.126879e-02,2.099992e-02,6.798348e-02,5.768337e-01,7.907147e-03
1.791636e-03,7.144569e-03,5.984850e-03,2.440659e-03,2.251863e-02,2.286015e-02,4.908105e-04,2.589305e-03,1.280896e-01,2.259984e-02,6.060946e-02,1.569707e-02,4.831627e-02,6.529773e-01,5.889944e-03
2.284829e-03,5.073268e-03,4.351138e-03,1.915156e-03,1.588187e-02,1.797241e-02,3.486960e-04,1.918729e-03,1.332363e-01,1.613108e-02,5.061138e-02,1.155129e-02,3.466301e-02,6.997489e-01,4.311925e-03
2.140077e-03,3.717116e-03,5.028199e-03,8.895139e-03,1.170523e-02,1.539748e-02,2.636490e-04,2.103437e-03,2.021355e-01,1.295360e-02,6.009318e-02,1.082393e-02,5.923988e-02,6.013564e-01,4.147207e-03
2.378389e-03,2.721522e-03,4.612945e-03,1.673041e-02,1.004554e-02,1.300468e-02,2.553858e-04,4.459620e-03,1.924022e-01,1.174634e-02,8.888374e-02,1.849195e-02,9.369476e-02,5.368354e-01,3.737101e-03
2.268332e-03,1.981524e-03,4.261991e-03,1.862848e-02,7.517021e-03,9.953865e-03,2.238428e-04,6.524350e-03,1.600574e-01,1.767353e-02,1.808500e-01,2.349225e-02,1.065852e-01,4.559454e-01,4.036849e-03
2.038951e-03,1.522793e-03,4.152448e-03,1.657058e-02,6.605196e-03,7.408005e-03,2.779841e-04,9.743358e-03,1.381263e-01,2.597704e-02,2.308645e-01,2.425811e-02,1.035274e-01,4.248276e-01,4.099725e-03
1.738238e-03,1.265749e-03,4.936239e-03,1.285544e-02,5.829530e-03,6.578416e-03,5.458612e-04,1.442598e-02,1.087744e-01,4.141714e-02,2.004784e-01,2.062859e-02,9.379075e-02,4.816715e-01,5.063777e-03
1.359733e-03,9.864997e-04,5.245223e-03,9.337564e-03,7.718066e-03,5.030686e-03,5.885602e-03,1.082971e-01,8.820762e-02,4.926233e-02,1.607908e-01,1.533480e-02,7.077447e-02,4.669884e-01,4.781011e-03
1.044661e-03,7.139725e-04,4.905539e-03,6.720377e-03,8.862760e-03,3.598432e-03,5.893994e-03,3.041862e-01,6.351325e-02,4.566034e-02,1.168246e-01,1.083507e-02,5.129543e-02,3.721938e-01,3.751516e-03
1.162775e-03,1.559706e-03,1.381647e-02,7.957230e-03,6.896299e-02,5.616842e-03,2.782925e-02,2.433060e-01,2.002121e-01,3.632584e-02,8.368236e-02,7.748111e-03,3.731513e-02,2.614667e-01,3.038456e-03
1.578915e-03,2.051631e-03,1.617577e-02,1.131355e-02,1.524799e-01,1.092933e-02,7.038504e-02,1.856889e-01,2.423169e-01,2.782891e-02,5.960961e-02,5.497136e-03,2.826946e-02,1.832892e-01,2.585595e-03
2.775335e-03,2.447052e-03,1.804376e-02,1.748174e-02,2.289185e-01,1.314762e-02,1.046571e-01,1.836269e-01,2.119441e-01,2.030676e-02,4.196336e-02,3.878149e-03,2.051321e-02,1.283303e-01,1.965999e-03
4.003486e-03,2.424331e-03,1.382180e-02,1.566399e-02,1.952153e-01,1.119688e-02,1.464198e-01,3.001331e-01,1.572271e-01,1.442117e-02,2.981240e-02,2.742038e-03,1.555676e-02,8.984890e-02,1.512941e-03
5.273860e-03,2.167878e-03,1.030126e-02,1.324495e-02,1.621735e-01,9.176710e-03,1.566792e-01,4.173539e-01,1.138045e-01,1.029467e-02,2.133930e-02,1.960483e-03,1.204116e-02,6.291348e-02,1.275209e-03
9.781110e-03,2.905744e-03,8.042073e-03,1.145066e-02,1.242749e-01,9.059018e-03,1.421291e-01,5.313668e-01,8.148417e-02,7.416762e-03,1.547091e-02,1.478839e-03,9.674070e-03,4.408143e-02,1.384363e-03
1.269501e-02,3.178737e-03,6.793865e-03,1.123305e-02,9.564645e-02,1.064469e-02,1.418903e-01,6.017639e-01,5.778464e-02,5.392683e-03,1.129458e-02,1.141393e-03,8.104874e-03,3.090112e-02,1.534680e-03
2.606844e-02,4.571564e-03,1.264671e-02,1.490428e-02,9.071923e-02,1.576898e-02,1.246100e-01,6.223022e-01,4.138612e-02,4.939090e-03,8.698247e-03,1.075787e-03,7.758182e-03,2.169703e-02,2.854148e-03
3.050658e-02,8.205194e-03,1.912954e-02,3.188467e-02,9.528842e-02,1.713706e-02,1.095725e-01,6.029964e-01,3.157731e-02,1.092310e-02,7.689482e-03,2.273438e-03,6.444631e-03,1.537496e-02,1.099669e-02
3.590028e-02,1.087833e-02,2.239374e-02,4.828901e-02,9.109607e-02,1.727484e-02,9.780037e-02,5.902628e-01,2.451162e-02,1.687143e-02,7.003546e-03,2.716578e-03,5.310936e-03,1.103830e-02,1.865220e-02
6.455537e-02,1.941841e-02,2.148411e-02,5.141000e-02,8.095215e-02,1.819421e-02,7.525962e-02,5.921463e-01,2.052765e-02,1.488888e-02,6.601634e-03,2.894997e-03,4.738577e-03,8.115790e-03,1.881222e-02
7.356307e-02,2.008090e-02,2.310092e-02,4.232142e-02,6.259835e-02,2.045770e-02,5.696363e-02,6.335115e-01,1.540399e-02,1.499668e-02,5.692523e-03,2.803904e-03,4.006239e-03,6.186925e-03,1.831220e-02
1.289767e-01,4.113813e-02,3.066958e-02,5.045626e-02,5.353312e-02,3.241218e-02,4.173655e-02,5.312313e-01,1.360734e-02,2.110326e-02,8.188080e-03,7.797477e-03,4.678112e-03,6.841038e-03,2.763084e-02
1.708976e-01,3.994320e-02,2.705592e-02,7.481085e-02,4.247663e-02,4.402336e-02,3.177935e-02,3.809279e-01,2.397917e-02,3.040804e-02,1.894604e-02,2.503538e-02,9.674441e-03,8.437022e-03,7.160505e-02
1.700631e-01,3.797884e-02,2.505708e-02,6.694966e-02,3.447924e-02,5.153974e-02,2.378073e-02,2.708420e-01,4.395853e-02,6.193397e-02,2.251403e-02,2.999979e-02,1.300759e-02,9.286494e-03,1.386092e-01
1.906748e-01,3.949681e-02,3.136795e-02,7.941407e-02,3.041482e-02,5.352728e-02,1.778213e-02,1.935649e-01,4.719748e-02,7.666594e-02,3.149195e-02,3.240282e-02,1.621557e-02,8.055218e-03,1.517282e-01
1.380371e-01,3.880434e-02,3.287382e-02,6.740008e-02,2.444679e-02,1.722367e-01,1.262162e-02,1.357235e-01,4.321177e-02,5.923953e-02,7.700256e-02,3.486829e-02,1.376895e-02,1.104605e-02,1.387189e-01
1.023026e-01,3.313933e-02,2.918774e-02,5.265316e-02,1.912449e-02,1.690835e-01,9.274886e-03,9.544444e-02,3.912560e-02,5.013037e-02,2.303383e-01,3.079606e-02,1.046568e-02,1.920356e-02,1.097303e-01
7.266974e-02,2.371105e-02,2.119851e-02,3.808920e-02,1.353109e-02,1.408083e-01,6.550883e-03,6.698393e-02,2.852144e-02,3.629379e-02,4.164889e-01,3.264473e-02,7.845473e-03,1.668578e-02,7.797711e-02
5.123949e-02,1.674124e-02,1.501780e-02,2.706990e-02,9.524216e-03,1.052833e-01,4.623563e-03,4.694123e-02,2.045027e-02,2.627343e-02,5.729511e-01,3.008375e-02,5.775180e-03,1.319303e-02,5.483255e-02
3.599890e-02,1.179330e-02,1.053060e-02,1.917199e-02,6.768173e-03,7.422891e-02,3.259268e-03,3.287270e-02,1.549818e-02,1.896608e-02,6.929594e-01,2.539483e-02,4.188123e-03,9.923318e-03,3.844628e-02
2.545165e-02,8.413444e-03,7.393260e-03,1.355252e-02,4.903058e-03,5.251780e-02,2.301489e-03,2.302613e-02,1.373302e-02,1.361791e-02,7.645507e-01,3.236112e-02,3.233123e-03,7.935722e-03,2.700900e-02
1.787196e-02,5.940899e-03,5.185834e-03,9.547442e-03,3.579505e-03,3.738195e-02,1.634804e-03,1.613116e-02,1.046357e-02,9.855377e-03,8.256119e-01,2.919256e-02,2.431972e-03,6.224212e-03,1.894682e-02
1.256969e-02,4.383837e-03,3.664220e-03,6.702010e-03,2.611572e-03,2.731544e-02,1.176102e-03,1.130975e-02,8.028410e-03,7.403761e-03,8.516674e-01,4.305223e-02,1.831586e-03,4.950763e-03,1.333327e-02
8.851924e-03,3.327038e-03,2.621455e-03,4.701577e-03,1.938702e-03,1.968597e-02,8.743761e-04,7.946778e-03,6.318245e-03,6.091342e-03,8.584256e-01,6.378745e-02,1.404729e-03,4.653245e-03,9.371580e-03
6.230781e-03,2.451482e-03,1.895864e-03,3.306232e-03,1.628848e-03,1.392523e-02,6.957196e-04,5.603614e-03,5.006259e-03,5.223316e-03,8.658807e-01,7.475537e-02,1.125337e-03,5.658636e-03,6.612561e-03
4.377902e-03,1.770845e-03,1.334205e-03,2.322392e-03,1.328977e-03,9.808945e-03,5.290352e-04,3.933614e-03,4.001326e-03,3.958359e-03,8.928020e-01,6.396961e-02,9.319300e-04,4.288838e-03,4.641918e-03
3.127455e-03,1.503237e-03,1.021607e-03,1.677066e-03,3.361854e-03,7.174560e-03,7.459893e-04,2.826773e-03,4.441406e-03,4.021653e-03,9.054919e-01,5.673357e-02,8.765072e-04,3.565876e-03,3.430393e-03
2.360418e-03,4.985751e-03,1.143375e-03,1.230471e-03,3.543215e-03,5.751504e-03,1.133654e-03,2.220541e-03,2.145660e-02,3.783014e-03,8.887509e-01,5.653948e-02,1.453845e-03,2.922779e-03,2.724378e-03
1.761387e-03,7.216441e-03,1.101983e-03,9.000035e-04,2.756058e-03,4.703599e-03,9.370682e-04,1.707299e-03,2.945566e-02,3.231658e-03,8.846751e-01,5.411384e-02,2.960488e-03,2.347406e-03,2.131925e-03
1.861790e-03,2.684280e-02,2.586513e-03,8.591627e-04,3.680787e-03,1.267952e-02,9.817570e-04,7.919448e-03,2.137704e-01,3.261685e-03,6.698197e-01,4.613624e-02,5.993769e-03,1.881584e-03,1.724854e-03
1.587620e-03,3.201813e-02,2.474910e-03,7.513107e-04,4.680040e-03,1.253136e-02,9.417776e-04,7.167966e-03,3.269377e-01,3.939768e-03,5.594534e-01,3.737572e-02,7.177984e-03,1.584302e-03,1.377944e-03
3.383475e-03,4.132695e-02,5.027775e-03,7.540089e-04,1.254153e-02,1.246603e-02,1.016293e-03,8.970294e-03,3.993789e-01,7.526457e-03,4.647692e-01,3.198308e-02,7.580895e-03,1.776117e-03,1.498964e-03
3.423342e-03,4.621720e-02,6.306391e-03,1.364608e-03,1.703444e-02,1.433724e-02,7.971813e-04,1.609658e-02,4.859217e-01,8.538771e-03,3.578183e-01,3.270371e-02,6.164071e-03,2.010851e-03,1.265584e-03
3.842412e-03,5.220141e-02,5.506733e-03,1.461008e-03,1.743648e-02,1.484085e-02,6.041725e-04,1.389778e-02,5.064701e-01,8.042196e-03,3.357564e-01,3.176757e-02,4.715543e-03,2.329507e-03,1.127797e-03
4.603173e-03,6.635768e-02,1.177940e-02,2.200097e-03,2.346539e-02,1.330233e-02,5.258844e-04,3.263370e-02,5.474683e-01,6.681939e-03,2.474453e-01,3.656915e-02,4.042288e-03,1.928011e-03,9.973575e-04
6.210932e-03,6.914692e-02,1.181283e-02,2.413272e-03,3.736582e-02,1.583091e-02,7.552325e-04,4.568309e-02,5.568941e-01,8.518303e-03,2.043602e-01,3.400685e-02,3.799314e-03,1.820489e-03,1.381869e-03
7.433213e-03,7.259408e-02,1.255216e-02,3.250961e-03,5.223135e-02,1.713318e-02,1.141752e-03,5.412881e-02,5.738304e-01,8.812141e-03,1.623177e-01,2.747899e-02,3.259044e-03,1.688024e-03,2.148202e-03
6.840624e-03,7.204606e-02,1.207181e-02,2.833649e-03,5.645008e-02,1.689910e-02,1.604483e-03,1.240431e-01,5.553569e-01,7.073545e-03,1.183632e-01,2.028909e-02,2.867036e-03,1.402908e-03,1.858385e-03
8.460317e-03,7.203031e-02,1.114213e-02,2.961006e-03,6.044756e-02,1.733226e-02,2.014449e-03,1.165210e-01,5.880849e-01,5.632861e-03,9.071074e-02,1.539858e-02,5.449699e-03,1.385697e-03,2.428441e-03
1.152904e-02,7.979889e-02,9.210806e-03,3.129178e-03,9.814067e-02,1.610146e-02,2.691408e-03,9.777720e-02,5.913451e-01,5.392990e-03,6.481554e-02,1.160355e-02,4.601582e-03,1.629350e-03,2.233184e-03
1.318281e-02,6.621675e-02,7.015094e-03,2.937835e-03,1.644629e-01,1.616197e-02,3.050464e-03,8.241608e-02,5.780067e-01,4.375775e-03,4.649036e-02,8.621335e-03,3.560864e-03,1.576642e-03,1.924342e-03
2.067593e-02,5.066134e-02,5.665245e-03,3.617075e-03,1.667713e-01,1.451370e-02,4.481685e-03,7.947956e-02,6.029820e-01,4.201010e-03,3.314412e-02,6.914936e-03,3.019859e-03,1.923222e-03,1.948974e-03
2.986390e-02,5.500893e-02,5.197206e-03,4.213963e-03,1.665528e-01,1.462572e-02,4.412488e-03,7.378332e-02,6.020725e-01,4.829138e-03,2.420705e-02,5.812715e-03,3.043995e-03,2.822035e-03,3.554228e-03
4.793910e-02,6.619334e-02,5.709065e-03,5.694614e-03,1.537920e-01,1.514186e-02,4.521688e-03,7.194460e-02,5.877839e-01,5.222409e-03,1.828832e-02,6.601915e-03,3.143438e-03,3.443003e-03,4.580722e-03
6.247102e-02,5.963874e-02,1.243975e-02,1.479155e-02,1.229484e-01,1.694314e-02,4.105515e-03,7.418063e-02,4.627840e-01,7.743905e-02,2.295866e-02,2.111832e-02,2.071100e-02,3.839632e-03,2.363055e-02
6.464352e-02,4.951619e-02,1.578199e-02,2.543812e-02,9.698586e-02,1.875084e-02,4.415331e-03,5.918314e-02,3.548256e-01,1.798475e-01,3.025305e-02,3.218910e-02,3.287361e-02,4.332912e-03,3.096321e-02
5.593333e-02,3.588349e-02,1.443592e-02,2.581115e-02,7.364012e-02,1.840696e-02,4.217599e-03,4.350977e-02,2.586798e-01,2.443810e-01,4.264343e-02,5.262594e-02,9.275499e-02,6.541712e-03,3.053481e-02
4.503072e-02,2.626949e-02,1.363339e-02,2.346443e-02,5.308811e-02,1.772675e-02,4.453835e-03,3.121452e-02,1.855176e-01,2.981691e-01,5.255050e-02,7.228079e-02,1.436499e-01,7.074682e-03,2.587616e-02
3.616229e-02,1.952936e-02,1.464854e-02,2.372702e-02,3.839650e-02,1.781452e-02,4.390378e-03,2.269354e-02,1.353181e-01,3.442929e-01,5.857147e-02,9.738094e-02,1.580686e-01,6.900565e-03,2.210535e-02
2.845058e-02,1.397927e-02,1.151082e-02,2.040879e-02,2.717575e-02,1.567056e-02,3.470141e-03,1.596977e-02,9.664854e-02,3.979647e-01,6.334245e-02,1.536997e-01,1.285975e-01,6.218261e-03,1.689317e-02
2.528703e-02,1.012015e-02,8.536153e-03,1.652276e-02,1.934826e-02,1.309907e-02,2.596306e-03,1.121345e-02,6.983435e-02,4.365671e-01,7.533838e-02,1.888930e-01,1.029769e-01,6.217916e-03,1.344917e-02
2.077543e-02,7.457768e-03,6.128149e-03,1.314922e-02,1.420293e-02,1.030443e-02,1.890959e-03,7.908023e-03,6.582128e-02,5.045224e-01,8.808979e-02,1.603744e-01,7.835107e-02,1.060966e-02,1.041440e-02
1.853437e-02,5.485535e-03,4.412573e-03,1.032781e-02,1.030680e-02,7.956628e-03,1.368717e-03,5.568288e-03,4.967596e-02,5.732884e-01,9.233508e-02,1.325845e-01,6.012864e-02,1.748788e-02,1.053876e-02
1.957482e-02,4.209971e-03,3.300825e-03,8.807224e-03,8.050473e-03,7.055621e-03,1.085760e-03,4.049092e-03,4.211649e-02,5.588654e-01,1.218444e-01,1.292769e-01,4.948657e-02,3.064081e-02,1.163569e-02
1.525784e-02,3.239327e-03,2.587895e-03,9.943683e-03,1.177056e-02,5.294153e-03,9.036327e-04,3.765325e-03,3.446298e-02,4.342613e-01,1.769457e-01,1.898128e-01,7.364956e-02,2.620448e-02,1.190079e-02
1.494969e-02,3.073547e-03,2.284945e-03,9.219390e-03,1.567280e-02,3.953037e-03,7.495874e-04,3.206897e-03,4.132511e-02,3.235747e-01,1.671091e-01,2.867491e-01,8.417451e-02,3.479564e-02,9.161965e-03
1.790307e-02,2.952236e-03,2.443665e-03,9.929353e-03,1.239742e-02,4.029190e-03,6.837149e-04,3.962402e-03,3.929498e-02,2.431439e-01,2.293783e-01,2.999416e-01,6.608544e-02,6.013189e-02,7.722915e-03
1.478299e-02,6.405684e-03,2.766682e-02,1.245133e-02,1.665575e-02,9.156706e-03,1.940161e-03,4.205893e-02,3.733259e-02,1.853437e-01,2.100410e-01,3.064404e-01,5.163078e-02,7.100783e-02,7.085366e-03
1.259544e-02,7.964425e-03,2.084894e-02,9.188375e-03,1.435399e-02,7.879174e-03,1.478783e-03,3.202436e-02,4.486611e-02,1.468835e-01,2.183195e-01,2.924827e-01,3.829493e-02,1.467119e-01,6.107921e-03
1.110837e-02,7.596966e-03,1.796579e-02,7.616867e-03,1.158535e-02,8.576242e-03,1.369067e-03,3.130125e-02,3.679469e-02,1.473284e-01,2.772060e-01,2.679964e-01,2.795772e-02,1.396787e-01,5.918174e-03
1.359649e-02,1.089158e-02,3.450734e-02,1.059906e-02,1.896747e-02,2.212660e-02,2.429831e-03,4.481491e-02,3.048848e-02,1.569921e-01,3.007453e-01,2.012658e-01,2.056490e-02,1.258225e-01,6.187577e-03
2.161951e-02,1.045032e-02,3.471182e-02,9.293808e-03,2.940101e-02,4.051592e-02,3.674502e-03,4.552412e-02,2.302520e-02,1.742942e-01,3.434214e-01,1.498722e-01,1.491310e-02,9.432562e-02,4.957336e-03
2.162095e-02,7.746049e-03,2.573573e-02,6.783414e-03,2.182215e-02,3.457287e-02,2.918371e-03,3.340848e-02,1.782639e-02,1.631921e-01,4.292009e-01,1.495067e-01,1.134159e-02,7.068181e-02,3.642381e-03
2.271913e-02,6.823882e-03,2.775998e-02,7.053244e-03,1.920639e-02,3.696404e-02,3.388538e-03,2.998515e-02,1.416467e-02,1.429079e-01,4.979978e-01,1.260867e-01,8.503712e-03,5.371694e-02,2.721901e-03
2.957122e-02,7.945455e-03,2.666059e-02,9.664844e-03,1.579642e-02,4.356755e-02,2.967659e-03,2.631303e-02,1.125959e-02,1.184106e-01,5.299742e-01,1.271583e-01,7.012479e-03,4.152029e-02,2.177810e-03
4.063399e-02,1.184950e-02,3.767688e-02,1.237326e-02,1.733180e-02,4.928231e-02,4.484706e-03,2.743910e-02,1.087405e-02,9.869871e-02,4.937351e-01,1.565654e-01,5.782760e-03,3.123194e-02,2.040590e-03
4.408722e-02,9.467538e-03,3.807556e-02,1.081117e-02,1.604426e-02,4.140382e-02,8.536144e-03,3.329628e-02,9.220274e-03,7.566365e-02,5.339990e-01,1.482010e-01,4.923751e-03,2.421430e-02,2.056015e-03
3.770261e-02,1.361532e-02,3.702263e-02,8.301887e-03,2.951673e-02,4.640306e-02,1.172254e-02,2.529717e-02,1.373556e-02,1.556897e-01,4.284588e-01,1.619838e-01,5.226763e-03,1.914750e-02,6.175857e-03
2.884576e-02,1.175106e-02,2.819085e-02,5.972553e-03,3.014846e-02,4.312356e-02,9.240937e-03,1.836781e-02,1.451460e-02,2.772914e-01,3.553630e-01,1.474606e-01,5.964519e-03,1.647168e-02,7.293240e-03
2.129863e-02,8.749429e-03,2.027115e-02,4.278337e-03,2.471163e-02,4.057898e-02,6.520647e-03,1.291602e-02,1.087047e-02,4.528779e-01,2.605289e-01,1.116337e-01,6.172103e-03,1.259158e-02,6.000548e-03
1.527460e-02,6.261492e-03,1.438049e-02,3.035768e-03,1.949317e-02,3.143321e-02,4.574460e-03,9.055941e-03,7.899201e-03,5.988058e-01,1.905859e-01,8.033233e-02,4.954967e-03,9.465392e-03,4.447347e-03
1.083149e-02,4.430355e-03,1.011888e-02,2.135927e-03,1.418367e-02,2.307226e-02,3.207350e-03,6.352827e-03,5.935944e-03,7.136986e-01,1.352503e-01,5.662299e-02,3.697327e-03,7.250819e-03,3.211207e-03
7.633673e-03,3.147613e-03,7.104460e-03,1.508435e-03,1.001302e-02,1.656453e-02,2.247525e-03,4.453575e-03,4.294031e-03,7.979336e-01,9.502298e-02,3.979807e-02,2.697747e-03,5.274148e-03,2.306566e-03
5.368866e-03,2.225922e-03,4.994502e-03,1.069581e-03,7.150438e-03,1.214387e-02,1.575868e-03,3.129642e-03,3.161121e-03,8.565271e-01,6.696960e-02,2.815858e-02,2.068192e-03,3.815154e-03,1.641500e-03
3.788180e-03,1.742424e-03,3.562178e-03,7.878846e-04,5.291437e-03,9.651470e-03,1.120620e-03,2.203822e-03,2.551032e-03,8.934864e-01,4.890771e-02,2.062932e-02,2.113916e-03,2.827386e-03,1.336280e-03
2.666794e-03,1.426016e-03,2.715313e-03,5.745166e-04,4.169907e-03,7.264291e-03,8.150928e-04,1.555527e-03,2.207640e-03,9.192233e-01,3.656041e-02,1.517587e-02,2.468960e-03,2.089391e-03,1.087018e-03
1.876807e-03,1.118395e-03,2.130504e-03,4.387568e-04,3.123421e-03,7.007241e-03,6.419025e-04,1.194106e-03,1.933946e-03,9.388995e-01,2.609287e-02,1.093211e-02,2.265780e-03,1.539891e-03,8.047089e-04
1.358374e-03,8.859751e-04,2.034827e-02,4.010309e-04,6.570926e-03,6.158647e-03,5.789926e-04,8.545653e-03,2.576994e-03,9.187608e-01,2.113042e-02,7.968822e-03,2.864547e-03,1.240328e-03,6.101553e-04
1.213561e-03,9.255451e-04,2.264724e-02,5.061368e-04,9.264413e-03,4.800427e-03,4.530672e-04,7.632186e-03,5.120855e-03,9.214419e-01,1.591278e-02,5.850420e-03,2.602063e-03,1.069664e-03,5.597171e-04
1.212735e-03,8.242177e-04,3.954291e-02,4.321383e-04,1.149327e-02,3.970248e-03,3.898785e-04,1.312197e-02,4.265009e-03,9.052709e-01,1.159856e-02,4.250721e-03,2.239503e-03,9.126467e-04,4.752916e-04
1.576874e-03,7.117142e-04,4.039410e-02,4.090884e-04,2.477204e-02,3.022387e-03,6.373645e-04,2.745050e-02,4.759925e-03,8.813842e-01,8.513730e-03,3.181723e-03,1.886928e-03,9.016242e-04,3.978119e-04
1.848514e-03,5.366959e-04,3.657664e-02,3.286260e-04,2.343453e-02,2.345145e-03,9.824781e-04,2.613081e-01,3.913809e-03,6.578534e-01,6.060922e-03,2.306930e-03,1.460696e-03,7.389078e-04,3.046841e-04
7.275986e-03,8.807670e-04,4.817335e-02,9.221483e-04,8.428761e-02,8.350827e-03,2.343673e-03,2.948092e-01,3.922518e-03,5.375633e-01,5.004333e-03,2.514010e-03,2.600322e-03,5.766558e-04,7.753775e-04
1.014013e-02,8.895710e-04,3.883418e-02,1.203738e-03,1.397628e-01,1.099955e-02,3.340648e-03,2.642627e-01,3.960443e-03,5.112168e-01,4.368385e-03,3.933707e-03,5.246342e-03,5.219886e-04,1.319098e-03
1.095263e-02,1.017005e-03,2.879701e-02,1.223304e-03,1.044614e-01,1.008739e-02,2.600770e-03,2.664763e-01,4.551481e-03,5.025660e-01,9.394347e-03,1.607973e-02,3.849617e-02,5.757266e-04,2.720813e-03
1.288060e-02,1.317005e-03,2.272062e-02,1.315909e-03,9.626125e-02,7.663618e-03,2.358268e-03,3.249947e-01,6.843776e-03,4.473335e-01,1.376177e-02,1.891082e-02,4.044224e-02,6.311522e-04,2.564813e-03
1.474279e-02,1.745670e-03,1.830977e-02,2.210663e-03,7.718053e-02,9.430585e-03,2.079655e-03,2.793984e-01,1.298930e-02,4.929861e-01,1.871101e-02,2.436836e-02,4.214763e-02,8.287673e-04,2.870752e-03
1.394712e-02,1.598255e-03,1.395737e-02,2.538119e-03,5.975649e-02,6.616700e-02,3.507070e-03,3.195914e-01,1.387417e-02,4.150971e-01,1.706572e-02,2.441867e-02,4.521232e-02,6.547716e-04,2.614509e-03
2.156824e-02,1.391000e-03,1.181481e-02,2.332422e-03,5.180204e-02,1.047639e-01,4.415086e-03,2.712896e-01,1.428523e-02,4.143437e-01,1.871340e-02,3.525826e-02,4.507286e-02,6.316847e-04,2.317677e-03
2.838165e-02,1.561430e-03,9.788305e-03,2.766545e-03,4.616802e-02,1.614170e-01,3.413684e-03,2.113337e-01,2.380770e-02,4.270467e-01,1.695704e-02,2.870502e-02,3.563063e-02,6.593185e-04,2.363403e-03
3.767736e-02,2.801466e-03,8.860745e-03,3.653575e-03,4.176682e-02,1.910499e-01,2.979065e-03,1.924811e-01,3.628856e-02,4.101921e-01,1.532012e-02,2.414172e-02,2.872281e-02,7.490128e-04,3.315671e-03
5.357588e-02,6.851346e-03,8.664152e-03,5.100568e-03,3.656782e-02,1.924191e-01,5.361332e-03,1.612333e-01,6.623638e-02,3.949455e-01,1.274259e-02,2.425013e-02,2.667466e-02,6.662286e-04,4.711051e-03
8.982548e-02,9.679515e-03,9.570748e-03,5.617245e-03,3.590433e-02,1.601238e-01,5.662008e-03,2.077300e-01,8.789491e-02,3.256254e-01,1.065938e-02,2.150358e-02,2.280858e-02,9.399604e-04,6.455030e-03
1.282273e-01,1.664241e-02,1.133501e-02,7.506838e-03,3.446007e-02,1.607881e-01,7.617237e-03,1.681007e-01,1.183640e-01,2.745394e-01,9.913335e-03,2.575919e-02,2.136282e-02,1.672253e-03,1.371140e-02
1.485770e-01,1.714242e-02,9.550161e-03,9.285628e-03,3.396549e-02,1.639612e-01,7.331645e-03,1.236868e-01,1.310380e-01,2.188947e-01,1.090723e-02,3.563113e-02,3.295685e-02,2.265795e-03,5.480605e-02
1.739452e-01,1.474826e-02,8.356058e-03,1.676196e-02,3.309799e-02,1.529553e-01,6.819066e-03,9.521724e-02,1.138163e-01,1.747331e-01,1.475884e-02,6.072012e-02,4.854700e-02,3.423542e-03,8.210006e-02
