1.000000e+00,0.000000e+00,0.000000e+00,0.000000e+00,0.000000e+00,0.000000e+00,0.000000e+00,0.000000e+00,0.000000e+00,0.000000e+00,0.000000e+00,0.000000e+00,0.000000e+00,0.000000e+00,0.000000e+00
1.000000e+00,0.000000e+00,0.000000e+00,0.000000e+00,0.000000e+00,0.000000e+00,0.000000e+00,0.000000e+00,0.000000e+00,0.000000e+00,0.000000e+00,0.000000e+00,0.000000e+00,0.000000e+00,0.000000e+00
1.000000e+00,0.000000e+00,0.000000e+00,0.000000e+00,0.000000e+00,0.000000e+00,0.000000e+00,0.000000e+00,0.000000e+00,0.000000e+00,0.000000e+00,0.000000e+00,0.000000e+00,0.000000e+00,0.000000e+00
1.000000e+00,0.000000e+00,0.000000e+00,0.000000e+00,0.000000e+00,0.000000e+00,0.000000e+00,0.000000e+00,0.000000e+00,0.000000e+00,0.000000e+00,0.000000e+00,0.000000e+00,0.000000e+00,0.000000e+00
1.000000e+00,0.000000e+00,0.000000e+00,0.000000e+00,0.000000e+00,0.000000e+00,0.000000e+00,0.000000e+00,0.000000e+00,0.000000e+00,0.000000e+00,0.000000e+00,0.000000e+00,0.000000e+00,0.000000e+00
1.000000e+00,0.000000e+00,0.000000e+00,0.000000e+00,0.000000e+00,0.000000e+00,0.000000e+00,0.000000e+00,0.000000e+00,0.000000e+00,0.000000e+00,0.000000e+00,0.000000e+00,0.000000e+00,0.000000e+00
1.000000e+00,0.000000e+00,0.000000e+00,0.000000e+00,0.000000e+00,0.000000e+00,0.000000e+00,0.000000e+00,0.000000e+00,0.000000e+00,0.000000e+00,0.000000e+00,0.000000e+00,0.000000e+00,0.000000e+00
1.000000e+00,0.000000e+00,0.000000e+00,0.000000e+00,0.000000e+00,0.000000e+00,0.000000e+00,0.000000e+00,0.000000e+00,0.000000e+00,0.000000e+00,0.000000e+00,0.000000e+00,0.000000e+00,0.000000e+00
1.000000e+00,0.000000e+00,0.000000e+00,0.000000e+00,0.000000e+00,0.000000e+00,0.000000e+00,0.000000e+00,0.000000e+00,0.000000e+00,0.000000e+00,0.000000e+00,0.000000e+00,0.000000e+00,0.000000e+00
1.000000e+00,0.000000e+00,0.000000e+00,0.000000e+00,0.000000e+00,0.000000e+00,0.000000e+00,0.000000e+00,0.000000e+00,0.000000e+00,0.000000e+00,0.000000e+00,0.000000e+00,0.000000e+00,0.000000e+00
1.000000e+00,0.000000e+00,0.000000e+00,0.000000e+00,0.000000e+00,0.000000e+00,0.000000e+00,0.000000e+00,0.000000e+00,0.000000e+00,0.000000e+00,0.000000e+00,0.000000e+00,0.000000e+00,0.000000e+00
1.000000e+00,0.000000e+00,0.000000e+00,0.000000e+00,0.000000e+00,0.000000e+00,0.000000e+00,0.000000e+00,0.000000e+00,0.000000e+00,0.000000e+00,0.000000e+00,0.000000e+00,0.000000e+00,0.000000e+00
1.000000e+00,0.000000e+00,0.000000e+00,0.000000e+00,0.000000e+00,0.000000e+00,0.000000e+00,0.000000e+00,0.000000e+00,0.000000e+00,0.000000e+00,0.000000e+00,0.000000e+00,0.000000e+00,0.000000e+00
1.000000e+00,0.000000e+00,0.000000e+00,0.000000e+00,0.000000e+00,0.000000e+00,0.000000e+00,0.000000e+00,0.000000e+00,0.000000e+00,0.000000e+00,0.000000e+00,0.000000e+00,0.000000e+00,0.000000e+00
1.000000e+00,0.000000e+00,0.000000e+00,0.000000e+00,0.000000e+00,0.000000e+00,0.000000e+00,0.000000e+00,0.000000e+00,0.000000e+00,0.000000e+00,0.000000e+00,0.000000e+00,0.000000e+00,0.000000e+00
1.000000e+00,0.000000e+00,0.000000e+00,0.000000e+00,0.000000e+00,0.000000e+00,0.000000e+00,0.000000e+00,0.000000e+00,0.000000e+00,0.000000e+00,0.000000e+00,0.000000e+00,0.000000e+00,0.000000e+00
1.000000e+00,0.000000e+00,0.000000e+00,0.000000e+00,0.000000e+00,0.000000e+00,0.000000e+00,0.000000e+00,0.000000e+00,0.000000e+00,0.000000e+00,0.000000e+00,0.000000e+00,0.000000e+00,0.000000e+00
1.000000e+00,0.000000e+00,0.000000e+00,0.000000e+00,0.000000e+00,0.000000e+00,0.000000e+00,0.000000e+00,0.000000e+00,0.000000e+00,0.000000e+00,0.000000e+00,0.000000e+00,0.000000e+00,0.000000e+00
1.000000e+00,0.000000e+00,0.000000e+00,0.000000e+00,0.000000e+00,0.000000e+00,0.000000e+00,0.000000e+00,0.000000e+00,0.000000e+00,0.000000e+00,0.000000e+00,0.000000e+00,0.000000e+00,0.000000e+00
1.000000e+00,0.000000e+00,0.000000e+00,0.000000e+00,0.000000e+00,0.000000e+00,0.000000e+00,0.000000e+00,0.000000e+00,0.000000e+00,0.000000e+00,0.000000e+00,0.000000e+00,0.000000e+00,0.000000e+00
1.000000e+00,0.000000e+00,0.000000e+00,0.000000e+00,0.000000e+00,0.000000e+00,0.000000e+00,0.000000e+00,0.000000e+00,0.000000e+00,0.000000e+00,0.000000e+00,0.000000e+00,0.000000e+00,0.000000e+00
1.000000e+00,0.000000e+00,0.000000e+00,0.000000e+00,0.000000e+00,0.000000e+00,0.000000e+00,0.000000e+00,0.000000e+00,0.000000e+00,0.000000e+00,0.000000e+00,0.000000e+00,0.000000e+00,0.000000e+00
1.000000e+00,0.000000e+00,0.000000e+00,0.000000e+00,0.000000e+00,0.000000e+00,0.000000e+00,0.000000e+00,0.000000e+00,0.000000e+00,0.000000e+00,0.000000e+00,0.000000e+00,0.000000e+00,0.000000e+00
1.000000e+00,0.000000e+00,0.000000e+00,0.000000e+00,0.000000e+00,0.000000e+00,0.000000e+00,0.000000e+00,0.000000e+00,0.000000e+00,0.000000e+00,0.000000e+00,0.000000e+00,0.000000e+00,0.000000e+00
1.000000e+00,0.000000e+00,0.000000e+00,0.000000e+00,0.000000e+00,0.000000e+00,0.000000e+00,0.000000e+00,0.000000e+00,0.000000e+00,0.000000e+00,0.000000e+00,0.000000e+00,0.000000e+00,0.000000e+00
1.000000e+00,0.000000e+00,0.000000e+00,0.000000e+00,0.000000e+00,0.000000e+00,0.000000e+00,0.000000e+00,0.000000e+00,0.000000e+00,0.000000e+00,0.000000e+00,0.000000e+00,0.000000e+00,0.000000e+00
1.000000e+00,0.000000e+00,0.000000e+00,0.000000e+00,0.000000e+00,0.000000e+00,0.000000e+00,0.000000e+00,0.000000e+00,0.000000e+00,0.000000e+00,0.000000e+00,0.000000e+00,0.000000e+00,0.000000e+00
1.000000e+00,0.000000e+00,0.000000e+00,0.000000e+00,0.000000e+00,0.000000e+00,0.000000e+00,0.000000e+00,0.000000e+00,0.000000e+00,0.000000e+00,0.000000e+00,0.000000e+00,0.000000e+00,0.000000e+00
1.000000e+00,0.000000e+00,0.000000e+00,0.000000e+00,0.000000e+00,0.000000e+00,0.000000e+00,0.000000e+00,0.000000e+00,0.000000e+00,0.000000e+00,0.000000e+00,0.000000e+00,0.000000e+00,0.000000e+00
1.000000e+00,0.000000e+00,0.000000e+00,0.000000e+00,0.000000e+00,0.000000e+00,0.000000e+00,0.000000e+00,0.000000e+00,0.000000e+00,0.000000e+00,0.000000e+00,0.000000e+00,0.000000e+00,0.000000e+00
1.000000e+00,0.000000e+00,0.000000e+00,0.000000e+00,0.000000e+00,0.000000e+00,0.000000e+00,0.000000e+00,0.000000e+00,0.000000e+00,0.000000e+00,0.000000e+00,0.000000e+00,0.000000e+00,0.000000e+00
1.000000e+00,0.000000e+00,0.000000e+00,0.000000e+00,0.000000e+00,0.000000e+00,0.000000e+00,0.000000e+00,0.000000e+00,0.000000e+00,0.000000e+00,0.000000e+00,0.000000e+00,0.000000e+00,0.000000e+00
1.000000e+00,0.000000e+00,0.000000e+00,0.000000e+00,0.000000e+00,0.000000e+00,0.000000e+00,0.000000e+00,0.000000e+00,0.000000e+00,0.000000e+00,0.000000e+00,0.000000e+00,0.000000e+00,0.000000e+00
1.000000e+00,0.000000e+00,0.000000e+00,0.000000e+00,0.000000e+00,0.000000e+00,0.000000e+00,0.000000e+00,0.000000e+00,0.000000e+00,0.000000e+00,0.000000e+00,0.000000e+00,0.000000e+00,0.000000e+00
1.000000e+00,0.000000e+00,0.000000e+00,0.000000e+00,0.000000e+00,0.000000e+00,0.000000e+00,0.000000e+00,0.000000e+00,0.000000e+00,0.000000e+00,0.000000e+00,0.000000e+00,0.000000e+00,0.000000e+00
1.000000e+00,0.000000e+00,0.000000e+00,0.000000e+00,0.000000e+00,0.000000e+00,0.000000e+00,0.000000e+00,0.000000e+00,0.000000e+00,0.000000e+00,0.000000e+00,0.000000e+00,0.000000e+00,0.000000e+00
1.000000e+00,0.000000e+00,0.000000e+00,0.000000e+00,0.000000e+00,0.000000e+00,0.000000e+00,0.000000e+00,0.000000e+00,0.000000e+00,0.000000e+00,0.000000e+00,0.000000e+00,0.000000e+00,0.000000e+00
1.000000e+00,0.000000e+00,0.000000e+00,0.000000e+00,0.000000e+00,0.000000e+00,0.000000e+00,0.000000e+00,0.000000e+00,0.000000e+00,0.000000e+00,0.000000e+00,0.000000e+00,0.000000e+00,0.000000e+00
1.000000e+00,0.000000e+00,0.000000e+00,0.000000e+00,0.000000e+00,0.000000e+00,0.000000e+00,0.000000e+00,0.000000e+00,0.000000e+00,0.000000e+00,0.000000e+00,0.000000e+00,0.000000e+00,0.000000e+00
1.000000e+00,0.000000e+00,0.000000e+00,0.000000e+00,0.000000e+00,0.000000e+00,0.000000e+00,0.000000e+00,0.000000e+00,0.000000e+00,0.000000e+00,0.000000e+00,0.000000e+00,0.000000e+00,0.000000e+00
1.000000e+00,0.000000e+00,0.000000e+00,0.000000e+00,0.000000e+00,0.000000e+00,0.000000e+00,0.000000e+00,0.000000e+00,0.000000e+00,0.000000e+00,0.000000e+00,0.000000e+00,0.000000e+00,0.000000e+00
1.000000e+00,0.000000e+00,0.000000e+00,0.000000e+00,0.000000e+00,0.000000e+00,0.000000e+00,0.000000e+00,0.000000e+00,0.000000e+00,0.000000e+00,0.000000e+00,0.000000e+00,0.000000e+00,0.000000e+00
1.000000e+00,0.000000e+00,0.000000e+00,0.000000e+00,0.000000e+00,0.000000e+00,0.000000e+00,0.000000e+00,0.000000e+00,0.000000e+00,0.000000e+00,0.000000e+00,0.000000e+00,0.000000e+00,0.000000e+00
1.000000e+00,0.000000e+00,0.000000e+00,0.000000e+00,0.000000e+00,0.000000e+00,0.000000e+00,0.000000e+00,0.000000e+00,0.000000e+00,0.000000e+00,0.000000e+00,0.000000e+00,0.000000e+00,0.000000e+00
1.000000e+00,0.000000e+00,0.000000e+00,0.000000e+00,0.000000e+00,0.000000e+00,0.000000e+00,0.000000e+00,0.000000e+00,0.000000e+00,0.000000e+00,0.000000e+00,0.000000e+00,0.000000e+00,0.000000e+00
1.000000e+00,0.000000e+00,0.000000e+00,0.000000e+00,0.000000e+00,0.000000e+00,0.000000e+00,0.000000e+00,0.000000e+00,0.000000e+00,0.000000e+00,0.000000e+00,0.000000e+00,0.000000e+00,0.000000e+00
1.000000e+00,0.000000e+00,0.000000e+00,0.000000e+00,0.000000e+00,0.000000e+00,0.000000e+00,0.000000e+00,0.000000e+00,0.000000e+00,0.000000e+00,0.000000e+00,0.000000e+00,0.000000e+00,0.000000e+00
1.000000e+00,0.000000e+00,0.000000e+00,0.000000e+00,0.000000e+00,0.000000e+00,0.000000e+00,0.000000e+00,0.000000e+00,0.000000e+00,0.000000e+00,0.000000e+00,0.000000e+00,0.000000e+00,0.000000e+00
1.000000e+00,0.000000e+00,0.000000e+00,0.000000e+00,0.000000e+00,0.000000e+00,0.000000e+00,0.000000e+00,0.000000e+00,0.000000e+00,0.000000e+00,0.000000e+00,0.000000e+00,0.000000e+00,0.000000e+00
1.000000e+00,0.000000e+00,0.000000e+00,0.000000e+00,0.000000e+00,0.000000e+00,0.000000e+00,0.000000e+00,0.000000e+00,0.000000e+00,0.000000e+00,0.000000e+00,0.000000e+00,0.000000e+00,0.000000e+00
1.000000e+00,0.000000e+00,0.000000e+00,0.000000e+00,0.000000e+00,0.000000e+00,0.000000e+00,0.000000e+00,0.000000e+00,0.000000e+00,0.000000e+00,0.000000e+00,0.000000e+00,0.000000e+00,0.000000e+00
1.000000e+00,0.000000e+00,0.000000e+00,0.000000e+00,0.000000e+00,0.000000e+00,0.000000e+00,0.000000e+00,0.000000e+00,0.000000e+00,0.000000e+00,0.000000e+00,0.000000e+00,0.000000e+00,0.000000e+00
1.000000e+00,0.000000e+00,0.000000e+00,0.000000e+00,0.000000e+00,0.000000e+00,0.000000e+00,0.000000e+00,0.000000e+00,0.000000e+00,0.000000e+00,0.000000e+00,0.000000e+00,0.000000e+00,0.000000e+00
1.000000e+00,0.000000e+00,0.000000e+00,0.000000e+00,0.000000e+00,0.000000e+00,0.000000e+00,0.000000e+00,0.000000e+00,0.000000e+00,0.000000e+00,0.000000e+00,0.000000e+00,0.000000e+00,0.000000e+00
1.000000e+00,0.000000e+00,0.000000e+00,0.000000e+00,0.000000e+00,0.000000e+00,0.000000e+00,0.000000e+00,0.000000e+00,0.000000e+00,0.000000e+00,0.000000e+00,0.000000e+00,0.000000e+00,0.000000e+00
1.000000e+00,0.000000e+00,0.000000e+00,0.000000e+00,0.000000e+00,0.000000e+00,0.000000e+00,0.000000e+00,0.000000e+00,0.000000e+00,0.000000e+00,0.000000e+00,0.000000e+00,0.000000e+00,0.000000e+00
1.000000e+00,0.000000e+00,0.000000e+00,0.000000e+00,0.000000e+00,0.000000e+00,0.000000e+00,0.000000e+00,0.000000e+00,0.000000e+00,0.000000e+00,0.000000e+00,0.000000e+00,0.000000e+00,0.000000e+00
1.000000e+00,0.000000e+00,0.000000e+00,0.000000e+00,0.000000e+00,0.000000e+00,0.000000e+00,0.000000e+00,0.000000e+00,0.000000e+00,0.000000e+00,0.000000e+00,0.000000e+00,0.000000e+00,0.000000e+00
1.000000e+00,0.000000e+00,0.000000e+00,0.000000e+00,0.000000e+00,0.000000e+00,0.000000e+00,0.000000e+00,0.000000e+00,0.000000e+00,0.000000e+00,0.000000e+00,0.000000e+00,0.000000e+00,0.000000e+00
1.000000e+00,0.000000e+00,0.000000e+00,0.000000e+00,0.000000e+00,0.000000e+00,0.000000e+00,0.000000e+00,0.000000e+00,0.000000e+00,0.000000e+00,0.000000e+00,0.000000e+00,0.000000e+00,0.000000e+00
4.644936e-01,4.678223e-02,1.073310e-01,1.187639e-01,2.104283e-02,6.060486e-02,6.491426e-03,9.732166e-02,6.614681e-03,8.812778e-03,1.168918e-02,1.603846e-02,1.299962e-02,2.599374e-03,1.841434e-02
3.791125e-01,7.093881e-02,1.697226e-01,9.898705e-02,2.430098e-02,9.982056e-02,7.560231e-03,8.064554e-02,5.054152e-03,1.267272e-02,9.961825e-03,1.309379e-02,9.796625e-03,2.611040e-03,1.572157e-02
3.212327e-01,9.613290e-02,1.356821e-01,8.092712e-02,2.950285e-02,1.233139e-01,6.578915e-03,6.274049e-02,4.852764e-03,8.211812e-02,9.670105e-03,1.261517e-02,1.055946e-02,3.981765e-03,2.009171e-02
2.928053e-01,1.139843e-01,1.125534e-01,6.927377e-02,3.399597e-02,1.311208e-01,5.562705e-03,5.010316e-02,5.862150e-03,1.220667e-01,9.690234e-03,1.366986e-02,1.277186e-02,4.788748e-03,2.175104e-02
4.223783e-01,9.863081e-02,8.523287e-02,5.431278e-02,2.906562e-02,1.004325e-01,4.562285e-03,3.722446e-02,6.059826e-03,1.006629e-01,8.465512e-03,1.291880e-02,1.278472e-02,4.522147e-03,2.274649e-02
4.337484e-01,9.008569e-02,6.411521e-02,4.600923e-02,3.221000e-02,1.068176e-01,3.682795e-03,2.813656e-02,6.466752e-03,1.235629e-01,1.165288e-02,1.382796e-02,1.231481e-02,5.071881e-03,2.229732e-02
1.000000e+00,0.000000e+00,0.000000e+00,0.000000e+00,0.000000e+00,0.000000e+00,0.000000e+00,0.000000e+00,0.000000e+00,0.000000e+00,0.000000e+00,0.000000e+00,0.000000e+00,0.000000e+00,0.000000e+00
4.875053e-01,6.512200e-02,4.046230e-02,5.952787e-02,3.136497e-02,9.170114e-02,3.160960e-03,1.759403e-02,8.100387e-03,1.138504e-01,1.705902e-02,2.056205e-02,1.349195e-02,5.150029e-03,2.534769e-02
3.551827e-01,5.963013e-02,2.975157e-02,1.167759e-01,2.511404e-02,8.194324e-02,3.498971e-03,1.304882e-02,6.036039e-02,1.123415e-01,2.499228e-02,1.582118e-02,2.698904e-02,4.474404e-03,7.007588e-02
2.518887e-01,4.964434e-02,2.176047e-02,1.058567e-01,1.811959e-02,6.182113e-02,2.925844e-03,9.633284e-03,1.303124e-01,9.403709e-02,3.146460e-02,3.048637e-02,1.070111e-01,6.697742e-03,7.834058e-02
1.781863e-01,5.090976e-02,1.561384e-02,7.647021e-02,1.305692e-02,4.489674e-02,2.144282e-03,6.952910e-03,1.169450e-01,7.183287e-02,2.947446e-02,2.581507e-02,8.751528e-02,1.021457e-02,2.699718e-01
1.260428e-01,4.379854e-02,1.115662e-02,5.414195e-02,9.618002e-03,3.338359e-02,1.552731e-03,5.085023e-03,1.013651e-01,6.868868e-02,2.786000e-02,1.880972e-02,6.656229e-02,9.986381e-03,4.219485e-01
9.404092e-02,3.658716e-02,8.392801e-03,4.219439e-02,8.745947e-03,2.823682e-02,1.325644e-03,3.866687e-03,9.725985e-02,5.760021e-02,2.451273e-02,1.423430e-02,5.066586e-02,1.080780e-02,5.215289e-01
1.375263e-01,4.343623e-02,6.753352e-03,4.501871e-02,8.686842e-03,3.181962e-02,1.845784e-03,3.022352e-03,1.645606e-01,5.297869e-02,3.902034e-02,1.189613e-02,4.264151e-02,1.729093e-02,3.935026e-01
1.450451e-01,3.729392e-02,7.350561e-03,4.263489e-02,1.137940e-02,3.151942e-02,1.930687e-03,3.304295e-03,1.366873e-01,4.046071e-02,1.422985e-01,1.024264e-02,3.533164e-02,6.385295e-02,2.906679e-01
1.331513e-01,2.825261e-02,7.260947e-03,3.774816e-02,1.103519e-02,2.466453e-02,2.057990e-03,3.457090e-03,1.071223e-01,3.248097e-02,2.614463e-01,9.959732e-03,3.041904e-02,9.641616e-02,2.145277e-01
1.156106e-01,2.666987e-02,7.931357e-03,3.028176e-02,3.293346e-02,1.989792e-02,2.124711e-03,5.591886e-03,1.021691e-01,2.731043e-02,2.816578e-01,1.820137e-02,3.544666e-02,1.150480e-01,1.791250e-01
9.029165e-02,2.053666e-02,6.211440e-03,2.682989e-02,2.789065e-02,1.543898e-02,1.959526e-03,5.996606e-03,1.136089e-01,3.935944e-02,3.684269e-01,1.827467e-02,2.841193e-02,1.065469e-01,1.302159e-01
6.822759e-02,1.469502e-02,4.958593e-03,1.996214e-02,2.221888e-02,1.182972e-02,1.674402e-03,5.821214e-03,8.256720e-02,4.194298e-02,4.496793e-01,1.778012e-02,2.162157e-02,1.337673e-01,1.032541e-01
4.901138e-02,1.308402e-02,4.847589e-03,1.475904e-02,2.550695e-02,9.898801e-03,1.315240e-03,4.903524e-03,8.491468e-02,3.819986e-02,4.349263e-01,1.802312e-02,1.754518e-02,2.093035e-01,7.376073e-02
3.470134e-02,1.052908e-02,6.481991e-03,1.067067e-02,2.217129e-02,7.581754e-03,1.002779e-03,3.604991e-03,6.757273e-02,4.076887e-02,3.565376e-01,1.726678e-02,1.378615e-02,3.537526e-01,5.357140e-02
2.441637e-02,8.342816e-03,1.098059e-02,7.613242e-03,1.671029e-02,5.563351e-03,7.436221e-04,2.660389e-03,5.356335e-02,3.402357e-02,3.017963e-01,1.425686e-02,1.057929e-02,4.691972e-01,3.955277e-02
1.752163e-02,7.070634e-03,1.180579e-02,5.835708e-03,1.380900e-02,4.397990e-03,5.681616e-04,2.086178e-03,5.493609e-02,2.469881e-02,2.436008e-01,1.123311e-02,8.752801e-03,5.624648e-01,3.121856e-02
1.380557e-02,6.780272e-03,1.125342e-02,5.939373e-03,1.055303e-02,1.459274e-02,8.696063e-04,3.704135e-03,4.921825e-02,1.926200e-02,1.896276e-01,8.803197e-03,7.303071e-03,6.315714e-01,2.671636e-02
1.685521e-02,7.389982e-03,2.379947e-02,1.377265e-02,1.011282e-02,2.645423e-02,1.732417e-03,1.331985e-02,6.676480e-02,1.629814e-02,1.601723e-01,8.375304e-03,1.144302e-02,6.031827e-01,2.032715e-02
1.818999e-02,7.580821e-03,2.191224e-02,1.239695e-02,9.247141e-03,2.031472e-02,1.401226e-03,1.169717e-02,5.684611e-02,1.636276e-02,2.023452e-01,7.981098e-03,1.187005e-02,5.826285e-01,1.922603e-02
2.240967e-02,8.434473e-03,1.958034e-02,1.735756e-02,1.138091e-02,1.592304e-02,1.866159e-03,2.302629e-02,5.816992e-02,1.452418e-02,1.802067e-01,7.304517e-03,1.322228e-02,5.890850e-01,1.750902e-02
2.889080e-02,1.480342e-02,2.592864e-02,1.763565e-02,1.236192e-02,1.325988e-02,1.661760e-03,2.718742e-02,5.517177e-02,1.206870e-02,1.360511e-01,5.847005e-03,1.253652e-02,6.220285e-01,1.456696e-02
2.974262e-02,1.463971e-02,2.211981e-02,1.405934e-02,1.049159e-02,1.014430e-02,1.306233e-03,2.233308e-02,4.816908e-02,1.004795e-02,1.075096e-01,4.517078e-03,1.013750e-02,6.817154e-01,1.306675e-02
3.051492e-02,1.331675e-02,2.468539e-02,1.087827e-02,9.870079e-03,8.019708e-03,9.804359e-04,2.017394e-02,4.444964e-02,9.639128e-03,7.987800e-02,3.271136e-03,7.437387e-03,7.227691e-01,1.411607e-02
3.074683e-02,1.263906e-02,2.235672e-02,8.417724e-03,9.550725e-03,7.625923e-03,7.535007e-04,1.768537e-02,5.322149e-02,1.065311e-02,6.615568e-02,2.447436e-03,5.766895e-03,7.313496e-01,2.062991e-02
3.151421e-02,1.526911e-02,2.945727e-02,6.882679e-03,9.515611e-03,6.792257e-03,6.699206e-04,1.895221e-02,5.579041e-02,9.010393e-03,5.218497e-02,1.840837e-03,4.556405e-03,7.388300e-01,1.873372e-02
4.489997e-02,2.683217e-02,8.633040e-02,8.701870e-03,1.418439e-02,8.946542e-03,1.278071e-03,2.505739e-02,5.388701e-02,9.242978e-03,4.548544e-02,3.235984e-03,6.568729e-03,6.382109e-01,2.713817e-02
5.890268e-02,4.061665e-02,1.237146e-01,1.342954e-02,1.708704e-02,9.809660e-03,1.506702e-03,2.395015e-02,6.563856e-02,1.118816e-02,3.977252e-02,5.885268e-03,9.536427e-03,5.447823e-01,3.417979e-02
5.849068e-02,8.430005e-02,1.579941e-01,1.947844e-02,1.925231e-02,1.448741e-02,1.559118e-03,2.061711e-02,8.637425e-02,1.185390e-02,3.461018e-02,7.278061e-03,9.959428e-03,4.235447e-01,5.020026e-02
5.338238e-02,9.284182e-02,1.453876e-01,1.751381e-02,2.331061e-02,1.473097e-02,1.445784e-03,1.878295e-02,1.017127e-01,2.258913e-02,3.936711e-02,7.813161e-03,1.544506e-02,3.546734e-01,9.100360e-02
4.564648e-02,1.341991e-01,1.121631e-01,1.592223e-02,3.280282e-02,1.698601e-02,1.590581e-03,2.055965e-02,1.229241e-01,1.915265e-02,3.344040e-02,6.212101e-03,1.559701e-02,3.343564e-01,8.844731e-02
4.739779e-02,1.597174e-01,8.660135e-02,5.061051e-02,4.086883e-02,1.477510e-02,2.156453e-03,1.560279e-02,1.997224e-01,1.580630e-02,2.669050e-02,5.526602e-03,1.357508e-02,2.430333e-01,7.791562e-02
8.542835e-02,1.570244e-01,6.612313e-02,5.105015e-02,4.266792e-02,2.103672e-02,2.274657e-03,1.360220e-02,2.034464e-01,1.300199e-02,2.600543e-02,8.788167e-03,2.416824e-02,2.025788e-01,8.280345e-02
1.297291e-01,1.557116e-01,5.609065e-02,5.506648e-02,3.257949e-02,2.897474e-02,2.093685e-03,1.107130e-02,1.815168e-01,1.259219e-02,2.753458e-02,1.836718e-02,2.870624e-02,1.593566e-01,1.006094e-01
1.192719e-01,1.124952e-01,4.276580e-02,4.678663e-02,2.501170e-02,2.674907e-02,2.087918e-03,8.195482e-03,1.495882e-01,1.428629e-02,5.593073e-02,4.007649e-02,1.498773e-01,1.268511e-01,8.002614e-02
1.158070e-01,8.348467e-02,3.832127e-02,3.739301e-02,2.039995e-02,2.277538e-02,2.200084e-03,6.834514e-03,1.271839e-01,2.091190e-02,7.261606e-02,5.383211e-02,1.973179e-01,1.268677e-01,7.405463e-02
9.074332e-02,6.104185e-02,3.859982e-02,2.735414e-02,2.808885e-02,1.670063e-02,1.711908e-03,9.491649e-03,9.611762e-02,1.595814e-02,7.725485e-02,5.142662e-02,3.352892e-01,9.239680e-02,5.782465e-02
1.177936e-01,4.602661e-02,3.521106e-02,2.133769e-02,2.710894e-02,1.472516e-02,2.192238e-03,8.072827e-03,7.653129e-02,3.097686e-02,8.166341e-02,7.028777e-02,3.489882e-01,6.918559e-02,4.989877e-02
1.147587e-01,3.669298e-02,3.665546e-02,1.611795e-02,2.331202e-02,1.210229e-02,2.063113e-03,6.002426e-03,6.691720e-02,6.746141e-02,8.889358e-02,9.515215e-02,3.388432e-01,5.202679e-02,4.300074e-02
9.765711e-02,3.022279e-02,2.963264e-02,1.273302e-02,2.016784e-02,1.003796e-02,2.348680e-03,7.787688e-03,1.000981e-01,8.988701e-02,9.797829e-02,1.002369e-01,3.156780e-01,3.779581e-02,4.773825e-02
1.197896e-01,3.089385e-02,2.822861e-02,1.563978e-02,1.817452e-02,1.378750e-02,1.862344e-03,6.154827e-03,1.378042e-01,1.014196e-01,1.047961e-01,1.267627e-01,2.290381e-01,2.964896e-02,3.599934e-02
9.472824e-02,2.253007e-02,2.052454e-02,1.545945e-02,1.947774e-02,1.152936e-02,2.115143e-03,1.397930e-02,1.698706e-01,8.228613e-02,1.258429e-01,1.831333e-01,1.913051e-01,2.119162e-02,2.602645e-02
7.195830e-02,1.658398e-02,1.462442e-02,1.610065e-02,1.487909e-02,1.460077e-02,1.678955e-03,1.111746e-02,1.676849e-01,9.417035e-02,1.338331e-01,2.416540e-01,1.659751e-01,1.548283e-02,1.965608e-02
7.922198e-02,1.205671e-02,1.385035e-02,1.393550e-02,1.494726e-02,4.218582e-02,4.999723e-03,3.825613e-02,1.411653e-01,9.024300e-02,1.500673e-01,2.223195e-01,1.495835e-01,1.238973e-02,1.477827e-02
7.801045e-02,8.857489e-03,1.112860e-02,1.505635e-02,3.229064e-02,3.212788e-02,5.344753e-03,3.520549e-02,1.366108e-01,1.843846e-01,1.323576e-01,1.690593e-01,1.391253e-01,9.153947e-03,1.128685e-02
8.210944e-02,6.659370e-03,9.288670e-03,2.084820e-02,5.064119e-02,2.683446e-02,4.985325e-03,3.500048e-02,1.495551e-01,1.949851e-01,1.133175e-01,1.490628e-01,1.414191e-01,6.861084e-03,8.432152e-03
6.702188e-02,5.644632e-03,7.850619e-03,1.700491e-02,4.543681e-02,2.078523e-02,6.062004e-03,5.555216e-02,1.738895e-01,2.396343e-01,9.257783e-02,1.180854e-01,1.381135e-01,5.082177e-03,7.259008e-03
5.675282e-02,5.557264e-03,8.287953e-03,1.491052e-02,4.014726e-02,1.598476e-02,8.196812e-03,1.031900e-01,2.006292e-01,2.556723e-01,7.158694e-02,9.326167e-02,1.149759e-01,3.800913e-03,7.045667e-03
6.190062e-02,5.087724e-03,1.582347e-02,1.598789e-02,4.617919e-02,1.227512e-02,1.263175e-02,1.802973e-01,1.896501e-01,2.437270e-01,5.345704e-02,6.691198e-02,8.498678e-02,2.831646e-03,8.252420e-03
6.289268e-02,4.425396e-03,1.781743e-02,1.506466e-02,4.340637e-02,1.010088e-02,1.557330e-02,2.800530e-01,1.737055e-01,2.170297e-01,3.885601e-02,4.827313e-02,6.308646e-02,2.349046e-03,7.366410e-03
5.819526e-02,4.673391e-03,2.244606e-02,1.594183e-02,4.638283e-02,8.708736e-03,2.317884e-02,3.357777e-01,1.553217e-01,2.073174e-01,2.880523e-02,3.515999e-02,4.797643e-02,2.287857e-03,7.826736e-03
6.432679e-02,4.729027e-03,1.947134e-02,1.249465e-02,3.993040e-02,7.380107e-03,4.351768e-02,4.117101e-01,1.132219e-01,1.910426e-01,2.051453e-02,2.527291e-02,3.424232e-02,2.550900e-03,9.594718e-03
7.836434e-02,4.993818e-03,1.626240e-02,9.727704e-03,3.498219e-02,7.089894e-03,6.249293e-02,4.450552e-01,8.357513e-02,1.866959e-01,1.477613e-02,1.848228e-02,2.489432e-02,2.914287e-03,9.693483e-03
1.056955e-01,6.879213e-03,1.357230e-02,8.112499e-03,3.260684e-02,6.214431e-03,6.904800e-02,4.704565e-01,6.753530e-02,1.640209e-01,1.076140e-02,1.378388e-02,1.808932e-02,2.600455e-03,1.062356e-02
1.253688e-01,9.757469e-03,1.141541e-02,6.830232e-03,2.852973e-02,5.649860e-03,1.261143e-01,4.584595e-01,6.174766e-02,1.214397e-01,7.989684e-03,1.061795e-02,1.432173e-02,2.481334e-03,9.276744e-03
1.249001e-01,1.296550e-02,1.042549e-02,6.142042e-03,3.049230e-02,5.909009e-03,1.741146e-01,4.343632e-01,7.061093e-02,8.842112e-02,6.700329e-03,8.584924e-03,1.371628e-02,2.593330e-03,1.006079e-02
1.392311e-01,1.062236e-02,9.561609e-03,5.114191e-03,2.832394e-02,6.951217e-03,2.561560e-01,3.688313e-01,6.705535e-02,6.488562e-02,7.976023e-03,1.093057e-02,1.120908e-02,2.642186e-03,1.050938e-02
1.526054e-01,8.351770e-03,9.125507e-03,4.277169e-03,2.864320e-02,7.818285e-03,3.387715e-01,3.085034e-01,5.393382e-02,4.690703e-02,8.499943e-03,1.050107e-02,9.723207e-03,2.351975e-03,9.986820e-03
1.675888e-01,7.092645e-03,7.789496e-03,3.540765e-03,2.756339e-02,1.040653e-02,3.614264e-01,2.949471e-01,4.166229e-02,3.453032e-02,1.168733e-02,9.993302e-03,9.550731e-03,2.148729e-03,1.007219e-02
1.857258e-01,6.624980e-03,6.585147e-03,3.762469e-03,2.609589e-02,1.099359e-02,3.710733e-01,2.801617e-01,3.251389e-02,2.746940e-02,1.614726e-02,9.932811e-03,8.432851e-03,1.907389e-03,1.257344e-02
1.864329e-01,5.781505e-03,5.906818e-03,3.672659e-03,2.555540e-02,1.076081e-02,3.793997e-01,2.783594e-01,2.395840e-02,2.718221e-02,1.939861e-02,8.983084e-03,7.225947e-03,1.923475e-03,1.545905e-02
1.748183e-01,5.328997e-03,5.754032e-03,5.390779e-03,2.957694e-02,1.052361e-02,3.657345e-01,2.197907e-01,1.790160e-02,9.873858e-02,2.647739e-02,9.523353e-03,6.859051e-03,2.746237e-03,2.083581e-02
1.562254e-01,4.268098e-03,5.143085e-03,6.720457e-03,2.714235e-02,9.548821e-03,3.496242e-01,1.730469e-01,1.382245e-02,1.561814e-01,4.610533e-02,1.296928e-02,1.224446e-02,4.371588e-03,2.258621e-02
1.183114e-01,4.186348e-03,4.226486e-03,1.296577e-02,2.793057e-02,1.298015e-02,2.562163e-01,1.224436e-01,1.245673e-02,1.335893e-01,1.465082e-01,7.105043e-02,4.271127e-02,8.243152e-03,2.618037e-02
8.837427e-02,3.396338e-03,4.606059e-03,1.758246e-02,3.433529e-02,1.141529e-02,1.800801e-01,8.713756e-02,1.326909e-02,1.074085e-01,1.531139e-01,2.066109e-01,4.411335e-02,6.497757e-03,4.205913e-02
6.804244e-02,2.790447e-03,5.416315e-03,4.287633e-02,4.242632e-02,1.058849e-02,1.266681e-01,6.546523e-02,1.374968e-02,8.493698e-02,1.343077e-01,2.670512e-01,3.821019e-02,5.761091e-03,9.170954e-02
4.886969e-02,2.836599e-03,9.038341e-03,1.035225e-01,3.582830e-02,9.696258e-03,8.880160e-02,4.950810e-02,4.974071e-02,6.593308e-02,1.451932e-01,2.560096e-01,5.439053e-02,7.995140e-03,7.263638e-02
3.634942e-02,3.615653e-03,1.460496e-02,1.014881e-01,3.007381e-02,1.014266e-02,6.249719e-02,4.266334e-02,6.395940e-02,5.404701e-02,1.677215e-01,2.729399e-01,5.611167e-02,2.092774e-02,6.285767e-02
2.862178e-02,3.777301e-03,5.792797e-02,1.384118e-01,5.903614e-02,9.094606e-03,4.387657e-02,3.484172e-02,9.490885e-02,4.001595e-02,1.556129e-01,2.064989e-01,4.441531e-02,1.833608e-02,6.462417e-02
2.219492e-02,4.064898e-03,8.936753e-02,1.510492e-01,6.960054e-02,7.939680e-03,3.143629e-02,2.737192e-02,1.992756e-01,2.868463e-02,1.122380e-01,1.457403e-01,3.232097e-02,1.304802e-02,6.566749e-02
1.670917e-02,5.343372e-03,1.573655e-01,2.682647e-01,5.631872e-02,6.549288e-03,2.219205e-02,2.050323e-02,1.636475e-01,2.063484e-02,7.907408e-02,1.021539e-01,2.287852e-02,9.206399e-03,4.915873e-02
1.268903e-02,5.635362e-03,1.706550e-01,4.072705e-01,4.341502e-02,5.817222e-03,1.564632e-02,1.491110e-02,1.245145e-01,1.466972e-02,5.565946e-02,7.159256e-02,1.614746e-02,6.459288e-03,3.491743e-02
1.278331e-02,6.100586e-03,1.630313e-01,5.125412e-01,3.295454e-02,5.053241e-03,1.101969e-02,1.106528e-02,9.922637e-02,1.127775e-02,4.231570e-02,5.024811e-02,1.166811e-02,4.567668e-03,2.614715e-02
4.176857e-02,9.658148e-03,1.993319e-01,4.280443e-01,4.922865e-02,2.255097e-02,8.870870e-03,1.112077e-02,1.186315e-01,9.189459e-03,3.309392e-02,3.541895e-02,8.913632e-03,3.337204e-03,2.084117e-02
7.397509e-02,1.146924e-02,2.447021e-01,3.497912e-01,7.004771e-02,2.291510e-02,7.948231e-03,2.471524e-02,1.113404e-01,7.052643e-03,2.463082e-02,2.516543e-02,7.363694e-03,2.797790e-03,1.608534e-02
1.052773e-01,1.053012e-02,2.737316e-01,2.757669e-01,7.344129e-02,2.162088e-02,6.689063e-03,7.452103e-02,9.465788e-02,5.336754e-03,1.902350e-02,1.804978e-02,6.425603e-03,2.457225e-03,1.247115e-02
7.936553e-02,1.174674e-02,3.301103e-01,2.731125e-01,5.263373e-02,3.177241e-02,4.799739e-03,6.824897e-02,7.152785e-02,8.748486e-03,3.407415e-02,1.354247e-02,6.197208e-03,3.120186e-03,1.099980e-02
5.591252e-02,9.597045e-03,2.745011e-01,3.666273e-01,3.742215e-02,2.432888e-02,3.465582e-03,5.083895e-02,5.193825e-02,7.271466e-03,8.842541e-02,1.312426e-02,5.954972e-03,2.737239e-03,7.854896e-03
3.929628e-02,6.887718e-03,1.946400e-01,4.248494e-01,2.640306e-02,1.714438e-02,2.433806e-03,3.947499e-02,3.721520e-02,5.401697e-03,1.673639e-01,2.414816e-02,4.884123e-03,4.290604e-03,5.566616e-03
2.762844e-02,4.931768e-03,1.372126e-01,3.145608e-01,1.901686e-02,1.216227e-02,1.713169e-03,2.775813e-02,2.726502e-02,4.150072e-03,2.929878e-01,9.248532e-02,9.680187e-03,2.439716e-02,4.050429e-03
1.970785e-02,3.647758e-03,9.827891e-02,2.496347e-01,1.425468e-02,9.504775e-03,1.227932e-03,1.972795e-02,2.087000e-02,3.275494e-03,3.097376e-01,2.063441e-01,1.211185e-02,2.869484e-02,2.981513e-03
1.418223e-02,3.013679e-03,7.280224e-02,1.831667e-01,1.242743e-02,8.380222e-03,8.831084e-04,1.440817e-02,1.581497e-02,2.861141e-03,3.472861e-01,2.723920e-01,1.101534e-02,3.901265e-02,2.353993e-03
1.012933e-02,2.328103e-03,5.175162e-02,1.349991e-01,1.399419e-02,7.202788e-03,6.466893e-04,1.059579e-02,1.220288e-02,2.854995e-03,4.409140e-01,2.682084e-01,9.093439e-03,3.328717e-02,1.791503e-03
7.951666e-03,1.789806e-03,3.637720e-02,9.786717e-02,2.381376e-02,6.382920e-03,4.900814e-04,8.079786e-03,9.021282e-03,2.488147e-03,4.981708e-01,2.713886e-01,8.552291e-03,2.624078e-02,1.385692e-03
6.335745e-03,1.681679e-03,2.642529e-02,6.988447e-02,4.561312e-02,7.065525e-03,3.706413e-04,6.285394e-03,6.940464e-03,2.486684e-03,5.262184e-01,2.723868e-01,6.593889e-03,2.037467e-02,1.337247e-03
4.976304e-03,1.591685e-03,1.960368e-02,5.042457e-02,5.084921e-02,6.118744e-03,2.785773e-04,4.895043e-03,5.712990e-03,2.397312e-03,5.714269e-01,2.581824e-01,5.245787e-03,1.709907e-02,1.197754e-03
6.876425e-03,1.640760e-03,1.643892e-02,3.757988e-02,7.611114e-02,6.599166e-03,3.757818e-04,4.784251e-02,5.184431e-03,3.225432e-03,4.889182e-01,2.902465e-01,4.860713e-03,1.322171e-02,8.783479e-04
5.458189e-03,1.321363e-03,1.267271e-02,2.745824e-02,9.166481e-02,5.532171e-03,4.000595e-04,3.551959e-02,4.379439e-03,2.882686e-03,3.724174e-01,4.242015e-01,3.804160e-03,1.162981e-02,6.578026e-04
9.532151e-03,3.001293e-03,1.222583e-02,2.113292e-02,1.010844e-01,6.440364e-03,1.702836e-03,3.310076e-02,5.210947e-03,3.001871e-03,3.019516e-01,4.879487e-01,2.955039e-03,1.013245e-02,5.789021e-04
9.490537e-03,5.347305e-03,3.166652e-02,1.540464e-02,1.703367e-01,7.762615e-03,1.102629e-02,2.860035e-02,8.141628e-03,3.402779e-03,2.849619e-01,4.106757e-01,2.982121e-03,8.454610e-03,1.746406e-03
1.126173e-02,9.111114e-03,8.627445e-02,1.388822e-02,1.908695e-01,8.287491e-03,9.066045e-03,3.544851e-02,1.072704e-02,5.266836e-03,2.718641e-01,3.293930e-01,5.759219e-03,9.937416e-03,2.845365e-03
1.089502e-02,7.618633e-03,6.451927e-02,1.088799e-02,1.390852e-01,9.834118e-03,6.664497e-03,2.767710e-02,1.313331e-02,1.101788e-02,4.156211e-01,2.543964e-01,1.257047e-02,1.307225e-02,3.006737e-03
1.074566e-02,7.645324e-03,7.252769e-02,9.720322e-03,1.322366e-01,8.463139e-03,5.292060e-03,2.658729e-02,1.422657e-02,1.493953e-02,4.601685e-01,1.961229e-01,2.281830e-02,1.539672e-02,3.109369e-03
1.587933e-02,6.778204e-03,6.118418e-02,1.091831e-02,1.080977e-01,3.414353e-02,4.759857e-03,3.960620e-02,1.557313e-02,3.009203e-02,4.621936e-01,1.681146e-01,2.586891e-02,1.401870e-02,2.771723e-03
2.353656e-02,9.294929e-03,7.447194e-02,1.428981e-02,9.611872e-02,3.304958e-02,4.294648e-03,7.514337e-02,1.969902e-02,4.086150e-02,4.375600e-01,1.292172e-01,2.480466e-02,1.526074e-02,2.397304e-03
2.773263e-02,1.573712e-02,7.513963e-02,1.424132e-02,8.327276e-02,2.904888e-02,4.470915e-03,9.041759e-02,2.871149e-02,6.131098e-02,4.303547e-01,9.789190e-02,2.225948e-02,1.734814e-02,2.062512e-03
4.225737e-02,2.162163e-02,7.450391e-02,1.642848e-02,7.792877e-02,2.413526e-02,4.540382e-03,9.266471e-02,5.318709e-02,1.044425e-01,3.524075e-01,7.231086e-02,1.685356e-02,4.491384e-02,1.804127e-03
6.084547e-02,2.107908e-02,6.623615e-02,2.215111e-02,7.362997e-02,2.195380e-02,3.780845e-03,9.454196e-02,5.824737e-02,1.240727e-01,3.127687e-01,5.592692e-02,1.294616e-02,7.018727e-02,1.632462e-03
7.639342e-02,2.063018e-02,5.277092e-02,2.701880e-02,7.610270e-02,1.744756e-02,2.971392e-03,8.114874e-02,5.602996e-02,1.687080e-01,2.705151e-01,4.352647e-02,1.177439e-02,9.271915e-02,2.243214e-03
9.036279e-02,1.993337e-02,3.926207e-02,2.404650e-02,7.573111e-02,1.368955e-02,2.341680e-03,6.249226e-02,4.823078e-02,1.893823e-01,3.015980e-01,3.162240e-02,1.167291e-02,8.709812e-02,2.536101e-03
1.034117e-01,2.123555e-02,3.072112e-02,2.593368e-02,6.834698e-02,1.145427e-02,2.113381e-03,5.001795e-02,5.142911e-02,2.002691e-01,3.185507e-01,2.371438e-02,1.059648e-02,7.796559e-02,4.239993e-03
1.423171e-01,2.810216e-02,2.770140e-02,2.615257e-02,6.443706e-02,1.235924e-02,1.997401e-03,4.516568e-02,4.777423e-02,2.150550e-01,2.900690e-01,1.821053e-02,9.256557e-03,6.666075e-02,4.741291e-03
1.881959e-01,3.251905e-02,2.458097e-02,2.519549e-02,5.532841e-02,1.304978e-02,2.085709e-03,4.208512e-02,4.837818e-02,2.126265e-01,2.620430e-01,1.480027e-02,8.281476e-03,6.569248e-02,5.137539e-03
2.630508e-01,3.515570e-02,1.966307e-02,2.582913e-02,4.485299e-02,1.163596e-02,1.834982e-03,3.474992e-02,4.017746e-02,2.277054e-01,2.077607e-01,1.339794e-02,7.558004e-03,6.021580e-02,6.412094e-03
3.874045e-01,3.797068e-02,1.619103e-02,2.424326e-02,4.563393e-02,1.094081e-02,1.899363e-03,3.323511e-02,3.527144e-02,1.714464e-01,1.546408e-01,1.570468e-02,7.579413e-03,4.822914e-02,9.609398e-03
4.673374e-01,3.245700e-02,1.593873e-02,4.284356e-02,4.420890e-02,9.808387e-03,2.502410e-03,4.915290e-02,3.162776e-02,1.248705e-01,1.110511e-01,1.597442e-02,7.298769e-03,3.650922e-02,8.418866e-03
1.000000e+00,0.000000e+00,0.000000e+00,0.000000e+00,0.000000e+00,0.000000e+00,0.000000e+00,0.000000e+00,0.000000e+00,0.000000e+00,0.000000e+00,0.000000e+00,0.000000e+00,0.000000e+00,0.000000e+00
4.390427e-01,1.086342e-01,2.426893e-02,6.876185e-02,3.690637e-02,1.125067e-02,2.255653e-03,3.282156e-02,3.724559e-02,6.604755e-02,8.552945e-02,1.448092e-02,1.061423e-02,2.514375e-02,3.699648e-02
3.306881e-01,9.234251e-02,2.669261e-02,1.066190e-01,2.805425e-02,1.180625e-02,1.889842e-03,2.705660e-02,1.142458e-01,5.999954e-02,1.068015e-01,1.473718e-02,1.056904e-02,3.131856e-02,3.717929e-02
2.323788e-01,6.500065e-02,1.919167e-02,8.257046e-02,2.014729e-02,8.392368e-03,1.349900e-03,1.972949e-02,8.974344e-02,4.654773e-02,2.819912e-01,3.178030e-02,1.154356e-02,6.280743e-02,2.682573e-02
1.638313e-01,4.577549e-02,1.553831e-02,6.476507e-02,1.622297e-02,6.686810e-03,1.049952e-03,1.526188e-02,7.530771e-02,3.490002e-02,4.238167e-01,3.638376e-02,1.145549e-02,6.956334e-02,1.944121e-02
1.207112e-01,3.233130e-02,1.165016e-02,4.972027e-02,2.211024e-02,5.997474e-03,9.571008e-04,1.352949e-02,6.789351e-02,2.845885e-02,5.009119e-01,4.866248e-02,1.275332e-02,6.814423e-02,1.616842e-02
8.519693e-02,2.275140e-02,8.577169e-03,3.570663e-02,1.863295e-02,5.242240e-03,7.622174e-04,1.056189e-02,5.212922e-02,2.292444e-02,5.977169e-01,5.130228e-02,1.135224e-02,6.380680e-02,1.333669e-02
6.017036e-02,1.602427e-02,6.093705e-03,2.555582e-02,1.422584e-02,4.127072e-03,6.016043e-04,7.614187e-03,3.801527e-02,1.693326e-02,6.936494e-01,4.399036e-02,8.665683e-03,5.465943e-02,9.673748e-03
4.232610e-02,1.144735e-02,5.093924e-03,1.815074e-02,1.107145e-02,3.083920e-03,4.655400e-04,5.548825e-03,2.835443e-02,1.640356e-02,7.485617e-01,3.490259e-02,7.024067e-03,5.848571e-02,9.080064e-03
2.976935e-02,1.116223e-02,9.830616e-03,1.308469e-02,9.454294e-03,3.070794e-03,4.594146e-04,4.087138e-03,3.065782e-02,1.322071e-02,7.590000e-01,2.898877e-02,6.203436e-03,7.244901e-02,8.561726e-03
2.115793e-02,1.103027e-02,1.126235e-02,9.571710e-03,7.394864e-03,4.213066e-03,4.251666e-04,3.569329e-03,2.618543e-02,1.402900e-02,7.202681e-01,2.952309e-02,5.066996e-03,1.283938e-01,7.908898e-03
1.518046e-02,1.075109e-02,1.116415e-02,7.185462e-03,6.398812e-03,1.054750e-02,4.278996e-04,3.279679e-03,2.674106e-02,1.338764e-02,6.370007e-01,2.877951e-02,4.615514e-03,2.170645e-01,7.475956e-03
1.304057e-02,1.179173e-02,1.319556e-02,5.994522e-03,5.574095e-03,2.258728e-02,1.459903e-03,7.696077e-03,3.490729e-02,2.523420e-02,5.827451e-01,2.566447e-02,5.643672e-03,2.322828e-01,1.218279e-02
1.085806e-02,9.492166e-03,9.840605e-03,4.508022e-03,4.478869e-03,1.999203e-02,1.257273e-03,5.788881e-03,3.200744e-02,3.441713e-02,5.252221e-01,2.453287e-02,6.500511e-03,2.993213e-01,1.178277e-02
9.044735e-03,8.898990e-03,7.180200e-03,3.451170e-03,4.152124e-03,2.559341e-02,1.406366e-03,4.762060e-03,3.980602e-02,3.687755e-02,4.892903e-01,2.425612e-02,7.549973e-03,3.280835e-01,9.647476e-03
7.897140e-03,7.156414e-03,5.158091e-03,2.590787e-03,6.012817e-03,1.898343e-02,1.583647e-03,3.654507e-03,4.307790e-02,3.835638e-02,5.475546e-01,2.359568e-02,7.016365e-03,2.794431e-01,7.919125e-03
1.257308e-02,1.913879e-02,6.179221e-03,3.041802e-03,2.428860e-02,1.921588e-02,2.425367e-03,3.828999e-03,5.974019e-02,5.648301e-02,5.103359e-01,2.347327e-02,7.805220e-03,2.367395e-01,1.473114e-02
1.196989e-02,3.113768e-02,1.208044e-02,3.882756e-03,2.796298e-02,2.329649e-02,3.948306e-03,1.169689e-02,1.075894e-01,1.371686e-01,4.048961e-01,2.137408e-02,7.455648e-03,1.758548e-01,1.968589e-02
1.010476e-02,6.898918e-02,1.059037e-02,3.566478e-03,2.422818e-02,2.735812e-02,2.902808e-03,8.696321e-03,2.180609e-01,1.459936e-01,3.050845e-01,1.581273e-02,6.144452e-03,1.264066e-01,2.606088e-02
8.644491e-03,1.238431e-01,8.238090e-03,2.943448e-03,2.025742e-02,2.627322e-02,2.086880e-03,6.276620e-03,3.029139e-01,1.305497e-01,2.258881e-01,1.163869e-02,5.232736e-03,9.199686e-02,3.321672e-02
1.023325e-02,2.613024e-01,6.787521e-03,2.820753e-03,1.728442e-02,2.261171e-02,1.505511e-03,4.995766e-03,2.824761e-01,1.104561e-01,1.631507e-01,9.957291e-03,4.297850e-03,6.769604e-02,3.442468e-02
1.140426e-02,3.873048e-01,5.536368e-03,2.272294e-03,1.501823e-02,3.067990e-02,1.112319e-03,4.701538e-03,2.454781e-01,8.769952e-02,1.176800e-01,7.886056e-03,3.510499e-03,5.055423e-02,2.916188e-02
1.719039e-02,4.002967e-01,6.159663e-03,2.159358e-03,2.081984e-02,4.132805e-02,1.218897e-03,1.423552e-02,2.621446e-01,7.005301e-02,8.459534e-02,5.913190e-03,3.255903e-03,4.492223e-02,2.570733e-02
2.335447e-02,3.514079e-01,4.729571e-03,1.814588e-03,2.179607e-02,3.381713e-02,1.074653e-03,1.227497e-02,3.450391e-01,7.284427e-02,6.201420e-02,4.532717e-03,2.688008e-03,3.441846e-02,2.819391e-02
2.504861e-02,3.341511e-01,3.886438e-03,1.617542e-03,1.802756e-02,5.048339e-02,9.846516e-04,1.003952e-02,2.788038e-01,1.301560e-01,4.593898e-02,4.646457e-03,2.941829e-03,2.649862e-02,6.677547e-02
2.444456e-02,3.078279e-01,4.151213e-03,1.853046e-03,2.594032e-02,3.993325e-02,9.164587e-04,1.200909e-02,2.886041e-01,1.577364e-01,4.778675e-02,5.761750e-03,8.117663e-03,2.284133e-02,5.207603e-02
2.161738e-02,3.139889e-01,4.301323e-03,2.073728e-03,2.673864e-02,3.518616e-02,7.765151e-04,1.056107e-02,2.545483e-01,2.140433e-01,4.165047e-02,5.325565e-03,8.983890e-03,1.859116e-02,4.161365e-02
1.657454e-02,3.602442e-01,4.513525e-03,7.281074e-03,2.148841e-02,2.855453e-02,6.301921e-04,7.799797e-03,2.718149e-01,1.897224e-01,3.226388e-02,4.693429e-03,8.381870e-03,1.326785e-02,3.276949e-02
1.399621e-02,4.532940e-01,4.712041e-03,1.010950e-02,1.646899e-02,2.243831e-02,5.187864e-04,5.709526e-03,2.279402e-01,1.626191e-01,2.918180e-02,4.483594e-03,1.200959e-02,9.685098e-03,2.683332e-02
1.220204e-02,4.640250e-01,5.861421e-03,1.072362e-02,1.445968e-02,2.438057e-02,5.882063e-04,4.256338e-03,1.958949e-01,1.704895e-01,3.452687e-02,6.638279e-03,2.009747e-02,7.322158e-03,2.853395e-02
9.648769e-03,3.565532e-01,4.835478e-03,8.145325e-03,1.107120e-02,2.273755e-02,5.640388e-04,3.131619e-03,1.423588e-01,3.487789e-01,3.834280e-02,6.861770e-03,1.959182e-02,5.420787e-03,2.195787e-02
7.899323e-03,2.807248e-01,4.139726e-03,6.707038e-03,9.233267e-03,1.882081e-02,5.471548e-04,3.540103e-03,1.123084e-01,4.731243e-01,3.481864e-02,6.474000e-03,1.865915e-02,4.642049e-03,1.836119e-02
