1.000000e+00,0.000000e+00,0.000000e+00,0.000000e+00,0.000000e+00,0.000000e+00,0.000000e+00,0.000000e+00,0.000000e+00,0.000000e+00,0.000000e+00,0.000000e+00,0.000000e+00,0.000000e+00,0.000000e+00
1.000000e+00,0.000000e+00,0.000000e+00,0.000000e+00,0.000000e+00,0.000000e+00,0.000000e+00,0.000000e+00,0.000000e+00,0.000000e+00,0.000000e+00,0.000000e+00,0.000000e+00,0.000000e+00,0.000000e+00
1.000000e+00,0.000000e+00,0.000000e+00,0.000000e+00,0.000000e+00,0.000000e+00,0.000000e+00,0.000000e+00,0.000000e+00,0.000000e+00,0.000000e+00,0.000000e+00,0.000000e+00,0.000000e+00,0.000000e+00
1.000000e+00,0.000000e+00,0.000000e+00,0.000000e+00,0.000000e+00,0.000000e+00,0.000000e+00,0.000000e+00,0.000000e+00,0.000000e+00,0.000000e+00,0.000000e+00,0.000000e+00,0.000000e+00,0.000000e+00
1.000000e+00,0.000000e+00,0.000000e+00,0.000000e+00,0.000000e+00,0.000000e+00,0.000000e+00,0.000000e+00,0.000000e+00,0.000000e+00,0.000000e+00,0.000000e+00,0.000000e+00,0.000000e+00,0.000000e+00
1.000000e+00,0.000000e+00,0.000000e+00,0.000000e+00,0.000000e+00,0.000000e+00,0.000000e+00,0.000000e+00,0.000000e+00,0.000000e+00,0.000000e+00,0.000000e+00,0.000000e+00,0.000000e+00,0.000000e+00
1.000000e+00,0.000000e+00,0.000000e+00,0.000000e+00,0.000000e+00,0.000000e+00,0.000000e+00,0.000000e+00,0.000000e+00,0.000000e+00,0.000000e+00,0.000000e+00,0.000000e+00,0.000000e+00,0.000000e+00
1.000000e+00,0.000000e+00,0.000000e+00,0.000000e+00,0.000000e+00,0.000000e+00,0.000000e+00,0.000000e+00,0.000000e+00,0.000000e+00,0.000000e+00,0.000000e+00,0.000000e+00,0.000000e+00,0.000000e+00
1.000000e+00,0.000000e+00,0.000000e+00,0.000000e+00,0.000000e+00,0.000000e+00,0.000000e+00,0.000000e+00,0.000000e+00,0.000000e+00,0.000000e+00,0.000000e+00,0.000000e+00,0.000000e+00,0.000000e+00
1.000000e+00,0.000000e+00,0.000000e+00,0.000000e+00,0.000000e+00,0.000000e+00,0.000000e+00,0.000000e+00,0.000000e+00,0.000000e+00,0.000000e+00,0.000000e+00,0.000000e+00,0.000000e+00,0.000000e+00
1.000000e+00,0.000000e+00,0.000000e+00,0.000000e+00,0.000000e+00,0.000000e+00,0.000000e+00,0.000000e+00,0.000000e+00,0.000000e+00,0.000000e+00,0.000000e+00,0.000000e+00,0.000000e+00,0.000000e+00
1.000000e+00,0.000000e+00,0.000000e+00,0.000000e+00,0.000000e+00,0.000000e+00,0.000000e+00,0.000000e+00,0.000000e+00,0.000000e+00,0.000000e+00,0.000000e+00,0.000000e+00,0.000000e+00,0.000000e+00
1.000000e+00,0.000000e+00,0.000000e+00,0.000000e+00,0.000000e+00,0.000000e+00,0.000000e+00,0.000000e+00,0.000000e+00,0.000000e+00,0.000000e+00,0.000000e+00,0.000000e+00,0.000000e+00,0.000000e+00
1.000000e+00,0.000000e+00,0.000000e+00,0.000000e+00,0.000000e+00,0.000000e+00,0.000000e+00,0.000000e+00,0.000000e+00,0.000000e+00,0.000000e+00,0.000000e+00,0.000000e+00,0.000000e+00,0.000000e+00
1.000000e+00,0.000000e+00,0.000000e+00,0.000000e+00,0.000000e+00,0.000000e+00,0.000000e+00,0.000000e+00,0.000000e+00,0.000000e+00,0.000000e+00,0.000000e+00,0.000000e+00,0.000000e+00,0.000000e+00
1.000000e+00,0.000000e+00,0.000000e+00,0.000000e+00,0.000000e+00,0.000000e+00,0.000000e+00,0.000000e+00,0.000000e+00,0.000000e+00,0.000000e+00,0.000000e+00,0.000000e+00,0.000000e+00,0.000000e+00
1.000000e+00,0.000000e+00,0.000000e+00,0.000000e+00,0.000000e+00,0.000000e+00,0.000000e+00,0.000000e+00,0.000000e+00,0.000000e+00,0.000000e+00,0.000000e+00,0.000000e+00,0.000000e+00,0.000000e+00
1.000000e+00,0.000000e+00,0.000000e+00,0.000000e+00,0.000000e+00,0.000000e+00,0.000000e+00,0.000000e+00,0.000000e+00,0.000000e+00,0.000000e+00,0.000000e+00,0.000000e+00,0.000000e+00,0.000000e+00
1.000000e+00,0.000000e+00,0.000000e+00,0.000000e+00,0.000000e+00,0.000000e+00,0.000000e+00,0.000000e+00,0.000000e+00,0.000000e+00,0.000000e+00,0.000000e+00,0.000000e+00,0.000000e+00,0.000000e+00
1.000000e+00,0.000000e+00,0.000000e+00,0.000000e+00,0.000000e+00,0.000000e+00,0.000000e+00,0.000000e+00,0.000000e+00,0.000000e+00,0.000000e+00,0.000000e+00,0.000000e+00,0.000000e+00,0.000000e+00
1.000000e+00,0.000000e+00,0.000000e+00,0.000000e+00,0.000000e+00,0.000000e+00,0.000000e+00,0.000000e+00,0.000000e+00,0.000000e+00,0.000000e+00,0.000000e+00,0.000000e+00,0.000000e+00,0.000000e+00
1.000000e+00,0.000000e+00,0.000000e+00,0.000000e+00,0.000000e+00,0.000000e+00,0.000000e+00,0.000000e+00,0.000000e+00,0.000000e+00,0.000000e+00,0.000000e+00,0.000000e+00,0.000000e+00,0.000000e+00
1.000000e+00,0.000000e+00,0.000000e+00,0.000000e+00,0.000000e+00,0.000000e+00,0.000000e+00,0.000000e+00,0.000000e+00,0.000000e+00,0.000000e+00,0.000000e+00,0.000000e+00,0.000000e+00,0.000000e+00
1.000000e+00,0.000000e+00,0.000000e+00,0.000000e+00,0.000000e+00,0.000000e+00,0.000000e+00,0.000000e+00,0.000000e+00,0.000000e+00,0.000000e+00,0.000000e+00,0.000000e+00,0.000000e+00,0.000000e+00
1.000000e+00,0.000000e+00,0.000000e+00,0.000000e+00,0.000000e+00,0.000000e+00,0.000000e+00,0.000000e+00,0.000000e+00,0.000000e+00,0.000000e+00,0.000000e+00,0.000000e+00,0.000000e+00,0.000000e+00
1.000000e+00,0.000000e+00,0.000000e+00,0.000000e+00,0.000000e+00,0.000000e+00,0.000000e+00,0.000000e+00,0.000000e+00,0.000000e+00,0.000000e+00,0.000000e+00,0.000000e+00,0.000000e+00,0.000000e+00
1.000000e+00,0.000000e+00,0.000000e+00,0.000000e+00,0.000000e+00,0.000000e+00,0.000000e+00,0.000000e+00,0.000000e+00,0.000000e+00,0.000000e+00,0.000000e+00,0.000000e+00,0.000000e+00,0.000000e+00
1.000000e+00,0.000000e+00,0.000000e+00,0.000000e+00,0.000000e+00,0.000000e+00,0.000000e+00,0.000000e+00,0.000000e+00,0.000000e+00,0.000000e+00,0.000000e+00,0.000000e+00,0.000000e+00,0.000000e+00
1.000000e+00,0.000000e+00,0.000000e+00,0.000000e+00,0.000000e+00,0.000000e+00,0.000000e+00,0.000000e+00,0.000000e+00,0.000000e+00,0.000000e+00,0.000000e+00,0.000000e+00,0.000000e+00,0.000000e+00
1.000000e+00,0.000000e+00,0.000000e+00,0.000000e+00,0.000000e+00,0.000000e+00,0.000000e+00,0.000000e+00,0.000000e+00,0.000000e+00,0.000000e+00,0.000000e+00,0.000000e+00,0.000000e+00,0.000000e+00
1.000000e+00,0.000000e+00,0.000000e+00,0.000000e+00,0.000000e+00,0.000000e+00,0.000000e+00,0.000000e+00,0.000000e+00,0.000000e+00,0.000000e+00,0.000000e+00,0.000000e+00,0.000000e+00,0.000000e+00
1.000000e+00,0.000000e+00,0.000000e+00,0.000000e+00,0.000000e+00,0.000000e+00,0.000000e+00,0.000000e+00,0.000000e+00,0.000000e+00,0.000000e+00,0.000000e+00,0.000000e+00,0.000000e+00,0.000000e+00
1.000000e+00,0.000000e+00,0.000000e+00,0.000000e+00,0.000000e+00,0.000000e+00,0.000000e+00,0.000000e+00,0.000000e+00,0.000000e+00,0.000000e+00,0.000000e+00,0.000000e+00,0.000000e+00,0.000000e+00
1.000000e+00,0.000000e+00,0.000000e+00,0.000000e+00,0.000000e+00,0.000000e+00,0.000000e+00,0.000000e+00,0.000000e+00,0.000000e+00,0.000000e+00,0.000000e+00,0.000000e+00,0.000000e+00,0.000000e+00
1.000000e+00,0.000000e+00,0.000000e+00,0.000000e+00,0.000000e+00,0.000000e+00,0.000000e+00,0.000000e+00,0.000000e+00,0.000000e+00,0.000000e+00,0.000000e+00,0.000000e+00,0.000000e+00,0.000000e+00
1.000000e+00,0.000000e+00,0.000000e+00,0.000000e+00,0.000000e+00,0.000000e+00,0.000000e+00,0.000000e+00,0.000000e+00,0.000000e+00,0.000000e+00,0.000000e+00,0.000000e+00,0.000000e+00,0.000000e+00
1.000000e+00,0.000000e+00,0.000000e+00,0.000000e+00,0.000000e+00,0.000000e+00,0.000000e+00,0.000000e+00,0.000000e+00,0.000000e+00,0.000000e+00,0.000000e+00,0.000000e+00,0.000000e+00,0.000000e+00
1.000000e+00,0.000000e+00,0.000000e+00,0.000000e+00,0.000000e+00,0.000000e+00,0.000000e+00,0.000000e+00,0.000000e+00,0.000000e+00,0.000000e+00,0.000000e+00,0.000000e+00,0.000000e+00,0.000000e+00
1.000000e+00,0.000000e+00,0.000000e+00,0.000000e+00,0.000000e+00,0.000000e+00,0.000000e+00,0.000000e+00,0.000000e+00,0.000000e+00,0.000000e+00,0.000000e+00,0.000000e+00,0.000000e+00,0.000000e+00
1.000000e+00,0.000000e+00,0.000000e+00,0.000000e+00,0.000000e+00,0.000000e+00,0.000000e+00,0.000000e+00,0.000000e+00,0.000000e+00,0.000000e+00,0.000000e+00,0.000000e+00,0.000000e+00,0.000000e+00
1.000000e+00,0.000000e+00,0.000000e+00,0.000000e+00,0.000000e+00,0.000000e+00,0.000000e+00,0.000000e+00,0.000000e+00,0.000000e+00,0.000000e+00,0.000000e+00,0.000000e+00,0.000000e+00,0.000000e+00
1.000000e+00,0.000000e+00,0.000000e+00,0.000000e+00,0.000000e+00,0.000000e+00,0.000000e+00,0.000000e+00,0.000000e+00,0.000000e+00,0.000000e+00,0.000000e+00,0.000000e+00,0.000000e+00,0.000000e+00
1.000000e+00,0.000000e+00,0.000000e+00,0.000000e+00,0.000000e+00,0.000000e+00,0.000000e+00,0.000000e+00,0.000000e+00,0.000000e+00,0.000000e+00,0.000000e+00,0.000000e+00,0.000000e+00,0.000000e+00
1.000000e+00,0.000000e+00,0.000000e+00,0.000000e+00,0.000000e+00,0.000000e+00,0.000000e+00,0.000000e+00,0.000000e+00,0.000000e+00,0.000000e+00,0.000000e+00,0.000000e+00,0.000000e+00,0.000000e+00
1.000000e+00,0.000000e+00,0.000000e+00,0.000000e+00,0.000000e+00,0.000000e+00,0.000000e+00,0.000000e+00,0.000000e+00,0.000000e+00,0.000000e+00,0.000000e+00,0.000000e+00,0.000000e+00,0.000000e+00
1.000000e+00,0.000000e+00,0.000000e+00,0.000000e+00,0.000000e+00,0.000000e+00,0.000000e+00,0.000000e+00,0.000000e+00,0.000000e+00,0.000000e+00,0.000000e+00,0.000000e+00,0.000000e+00,0.000000e+00
1.000000e+00,0.000000e+00,0.000000e+00,0.000000e+00,0.000000e+00,0.000000e+00,0.000000e+00,0.000000e+00,0.000000e+00,0.000000e+00,0.000000e+00,0.000000e+00,0.000000e+00,0.000000e+00,0.000000e+00
1.000000e+00,0.000000e+00,0.000000e+00,0.000000e+00,0.000000e+00,0.000000e+00,0.000000e+00,0.000000e+00,0.000000e+00,0.000000e+00,0.000000e+00,0.000000e+00,0.000000e+00,0.000000e+00,0.000000e+00
1.000000e+00,0.000000e+00,0.000000e+00,0.000000e+00,0.000000e+00,0.000000e+00,0.000000e+00,0.000000e+00,0.000000e+00,0.000000e+00,0.000000e+00,0.000000e+00,0.000000e+00,0.000000e+00,0.000000e+00
3.904936e-01,6.827875e-03,2.324365e-01,6.530081e-02,4.168241e-03,1.010794e-02,2.460916e-03,2.440498e-01,2.845115e-03,1.684431e-03,6.723223e-03,1.160726e-02,9.563072e-03,1.969310e-03,9.761930e-03
3.521495e-01,5.489254e-03,2.182103e-01,5.725732e-02,4.013724e-03,9.470987e-03,2.600459e-03,3.139047e-01,2.284057e-03,1.965110e-03,5.693506e-03,9.399050e-03,7.855649e-03,2.027571e-03,7.678700e-03
3.320069e-01,4.334554e-03,1.882757e-01,4.982344e-02,4.946155e-03,7.850118e-03,2.606981e-03,3.806952e-01,1.752673e-03,1.866289e-03,4.700818e-03,7.340422e-03,6.319829e-03,1.660778e-03,5.820127e-03
2.446169e-01,3.654829e-03,3.042115e-01,5.313181e-02,5.000310e-03,5.822229e-03,2.126600e-03,3.589650e-01,1.382297e-03,1.779582e-03,3.491238e-03,5.506523e-03,4.840005e-03,1.228340e-03,4.242749e-03
1.790873e-01,5.205896e-03,4.508664e-01,4.603967e-02,4.661920e-03,4.938369e-03,1.912237e-03,2.835815e-01,1.129016e-03,6.420081e-03,3.057058e-03,4.525686e-03,3.950421e-03,9.558733e-04,3.668519e-03
1.266584e-01,1.678330e-02,5.249206e-01,7.538107e-02,4.520938e-03,3.814560e-03,1.441389e-03,2.054858e-01,3.520180e-03,1.022941e-02,6.361959e-03,8.252023e-03,5.263651e-03,1.783917e-03,5.582776e-03
8.866856e-02,1.728072e-02,5.153139e-01,5.469155e-02,3.213495e-03,2.703694e-03,1.011780e-03,1.439280e-01,3.707465e-03,7.524671e-03,1.184749e-01,6.479914e-03,4.656529e-03,2.808566e-02,4.259221e-03
6.208551e-02,1.480170e-02,4.135103e-01,3.845483e-02,2.270177e-03,1.931295e-03,7.107758e-04,1.008441e-01,3.090513e-03,5.482939e-03,3.011017e-01,5.002290e-03,3.749808e-03,4.364332e-02,3.320709e-03
4.346519e-02,1.056663e-02,2.920496e-01,2.694143e-02,1.596928e-03,1.380416e-03,4.993147e-04,7.062009e-02,2.330758e-03,3.902494e-03,4.579871e-01,5.507210e-03,2.759229e-03,7.801950e-02,2.374033e-03
3.042938e-02,7.493689e-03,2.047823e-01,1.890009e-02,1.148883e-03,9.924201e-04,3.525536e-04,4.945267e-02,1.815213e-03,2.821669e-03,5.713120e-01,6.075196e-03,1.992650e-03,1.007352e-01,1.696032e-03
2.130542e-02,5.268432e-03,1.433708e-01,1.340469e-02,1.020253e-03,7.808810e-04,2.572969e-04,3.462720e-02,1.564603e-03,2.347130e-03,6.173004e-01,7.480231e-03,1.446323e-03,1.486215e-01,1.204874e-03
1.492110e-02,3.738038e-03,1.003833e-01,9.586801e-03,1.027640e-03,6.880981e-04,1.831239e-04,2.424811e-02,1.905205e-03,2.086686e-03,6.507019e-01,7.036560e-03,1.067373e-03,1.815488e-01,8.773055e-04
1.045586e-02,2.681851e-03,7.029682e-02,6.777978e-03,1.073044e-03,6.608845e-04,1.371254e-04,1.698081e-02,2.043420e-03,4.436255e-03,7.085413e-01,5.813757e-03,8.112948e-04,1.686173e-01,6.722132e-04
7.342757e-03,1.920813e-03,4.926139e-02,4.799354e-03,1.177293e-03,9.184311e-04,1.098237e-04,1.189827e-02,2.750155e-03,5.973246e-03,7.429663e-01,4.634886e-03,6.222221e-04,1.650964e-01,5.287194e-04
5.192771e-03,1.975080e-03,3.603382e-02,3.731081e-03,1.665374e-03,4.779106e-03,1.713975e-04,8.522021e-03,5.798170e-03,9.114461e-03,7.356834e-01,3.551260e-03,4.699659e-04,1.828545e-01,4.575342e-04
3.822326e-03,2.803219e-03,2.868244e-02,4.742481e-03,2.318797e-03,7.007123e-03,2.202097e-04,7.190149e-03,1.626990e-02,1.349527e-02,7.110829e-01,2.650413e-03,3.818324e-04,1.986780e-01,6.548580e-04
2.757587e-03,2.264985e-03,2.012858e-02,3.468962e-03,1.754725e-03,2.194539e-02,1.633985e-04,5.066855e-03,3.074243e-02,1.375917e-02,6.704390e-01,2.177922e-03,7.179583e-04,2.239806e-01,6.324080e-04
2.566751e-03,3.216689e-03,1.427528e-02,2.729603e-03,3.378680e-03,5.042163e-02,1.631573e-04,3.896120e-03,6.955750e-02,1.429460e-02,6.070415e-01,1.768134e-03,7.640812e-04,2.252388e-01,6.875083e-04
2.708178e-03,5.049855e-03,1.178582e-02,3.475993e-03,8.846561e-03,1.899670e-01,2.030701e-04,3.478204e-03,6.361503e-02,1.252585e-02,4.668092e-01,1.679579e-03,7.627648e-04,2.282983e-01,7.945062e-04
2.558824e-03,5.484781e-03,1.003077e-02,5.030302e-03,1.026184e-02,3.324068e-01,2.213890e-04,3.724485e-03,6.202596e-02,1.001470e-02,3.498306e-01,1.537467e-03,7.314672e-04,2.054499e-01,6.906561e-04
4.771337e-03,6.712187e-03,1.412569e-02,1.949467e-02,1.424175e-02,4.245662e-01,4.338915e-04,1.560277e-02,5.817585e-02,1.067565e-02,2.593067e-01,1.368725e-03,7.499037e-04,1.691421e-01,6.326052e-04
4.135062e-03,8.200668e-03,1.056093e-02,1.465108e-02,1.186521e-02,5.132506e-01,3.762635e-04,1.123103e-02,5.044011e-02,1.165522e-02,2.086029e-01,1.587632e-03,8.905462e-04,1.514410e-01,1.111768e-03
5.176038e-03,8.655854e-03,1.008184e-02,1.869997e-02,9.889093e-03,4.875520e-01,3.274252e-04,1.762942e-02,5.517536e-02,1.143600e-02,1.919776e-01,2.066591e-03,9.513358e-04,1.794273e-01,9.541346e-04
9.095138e-03,2.377207e-02,1.527667e-02,3.151679e-02,2.311219e-02,4.520711e-01,6.536536e-04,5.774287e-02,8.376807e-02,1.058254e-02,1.453021e-01,3.106395e-03,3.216814e-03,1.366047e-01,4.178832e-03
9.251210e-03,2.471549e-02,2.503271e-02,2.777361e-02,1.878675e-02,5.375755e-01,5.697608e-04,5.650369e-02,7.556820e-02,1.047151e-02,1.038733e-01,2.480487e-03,2.723260e-03,9.967989e-02,4.994653e-03
1.284241e-02,2.904998e-02,2.861853e-02,3.591502e-02,1.765260e-02,5.714269e-01,6.117334e-04,4.749608e-02,8.242977e-02,1.134931e-02,7.421803e-02,2.004144e-03,2.150475e-03,7.832804e-02,5.907048e-03
2.131960e-02,4.916836e-02,2.609440e-02,3.218688e-02,1.763078e-02,5.250220e-01,7.846819e-04,4.766758e-02,1.072589e-01,1.854960e-02,6.113847e-02,1.873964e-03,1.689412e-03,8.116160e-02,8.453713e-03
2.917843e-02,5.998296e-02,2.630888e-02,2.938065e-02,1.861552e-02,4.812079e-01,7.924713e-04,3.923152e-02,1.573210e-01,2.633132e-02,4.839130e-02,1.648493e-03,1.418423e-03,6.930980e-02,1.088138e-02
4.232778e-02,7.877010e-02,3.468263e-02,2.976075e-02,5.095399e-02,3.707007e-01,1.208154e-03,4.994638e-02,1.978146e-01,2.067268e-02,3.537532e-02,3.126893e-03,1.696127e-03,5.541869e-02,2.754525e-02
8.007184e-02,8.069392e-02,5.532395e-02,2.768720e-02,6.529652e-02,2.835706e-01,1.367952e-03,6.260239e-02,2.103949e-01,1.740555e-02,3.786092e-02,4.643639e-03,1.687400e-03,4.407274e-02,2.732052e-02
1.133962e-01,6.657540e-02,7.447685e-02,2.929323e-02,6.912060e-02,2.339729e-01,1.391319e-03,5.715974e-02,2.212940e-01,1.918548e-02,4.741765e-02,6.125804e-03,1.724549e-03,3.542296e-02,2.344334e-02
1.570357e-01,5.152248e-02,8.433476e-02,3.357554e-02,1.044212e-01,1.774018e-01,1.508202e-03,5.358133e-02,2.018286e-01,2.653971e-02,4.502321e-02,9.438993e-03,2.902460e-03,3.009083e-02,2.079514e-02
1.465359e-01,4.146978e-02,6.892879e-02,2.672532e-02,1.025049e-01,1.271676e-01,1.371947e-03,2.023461e-01,1.797292e-01,1.950391e-02,3.325609e-02,8.711960e-03,2.705029e-03,2.266598e-02,1.637748e-02
1.388613e-01,3.512050e-02,5.188245e-02,1.971793e-02,8.242246e-02,8.940933e-02,1.274123e-03,3.687828e-01,1.375524e-01,1.377304e-02,2.405441e-02,6.640809e-03,2.300542e-03,1.628568e-02,1.192224e-02
1.134809e-01,2.544109e-02,3.870443e-02,1.507207e-02,6.618873e-02,6.298149e-02,1.271201e-03,5.240080e-01,9.889082e-02,9.752241e-03,1.729891e-02,4.917759e-03,1.836202e-03,1.155949e-02,8.596762e-03
8.400402e-02,1.802384e-02,2.797380e-02,1.107445e-02,4.755875e-02,4.432138e-02,1.125587e-03,6.576393e-01,6.983074e-02,6.868607e-03,1.234156e-02,3.521677e-03,1.380867e-03,8.189952e-03,6.145438e-03
6.224854e-02,1.270902e-02,2.027085e-02,8.257138e-03,3.484545e-02,3.146147e-02,1.737555e-03,7.519111e-01,4.918480e-02,4.829234e-03,8.797850e-03,2.522926e-03,1.083228e-03,5.784011e-03,4.356863e-03
5.701008e-02,9.170918e-03,1.553438e-02,6.688709e-03,2.892333e-02,2.301515e-02,2.420529e-03,8.017568e-01,3.481456e-02,3.483900e-03,6.745547e-03,1.927060e-03,1.042720e-03,4.245576e-03,3.220787e-03
4.731653e-02,6.536417e-03,1.121178e-02,5.041658e-03,2.486635e-02,1.655708e-02,2.483295e-03,8.461814e-01,2.459574e-02,2.456631e-03,5.006226e-03,1.458265e-03,8.940170e-04,3.022930e-03,2.371738e-03
3.768296e-02,4.664377e-03,8.162311e-03,3.746112e-03,2.088827e-02,1.191861e-02,2.966860e-03,8.815210e-01,1.736300e-02,1.733434e-03,3.676140e-03,1.066623e-03,7.264630e-04,2.137215e-03,1.746566e-03
3.389077e-02,3.321884e-03,6.739499e-03,3.037374e-03,1.757043e-02,8.717996e-03,3.480530e-03,9.028475e-01,1.228879e-02,1.241369e-03,2.669062e-03,7.802010e-04,5.717637e-04,1.523153e-03,1.319626e-03
3.606827e-02,2.394154e-03,5.816045e-03,2.558772e-03,1.549120e-02,6.455777e-03,3.764771e-03,9.124455e-01,8.705502e-03,9.269450e-04,1.981983e-03,6.722262e-04,5.541723e-04,1.092716e-03,1.071967e-03
3.616914e-02,1.790656e-03,5.513283e-03,2.190972e-03,1.420566e-02,4.827247e-03,4.257106e-03,9.200038e-01,6.171595e-03,6.880213e-04,1.494993e-03,5.634903e-04,4.985030e-04,7.946434e-04,8.308801e-04
3.311256e-02,1.333116e-03,5.115943e-03,1.842628e-03,1.288427e-02,3.952937e-03,4.992893e-03,9.284530e-01,4.356020e-03,5.083169e-04,1.119494e-03,5.552792e-04,5.159565e-04,5.786137e-04,6.789179e-04
3.083933e-02,1.021562e-03,4.497181e-03,1.559295e-03,1.158335e-02,3.892594e-03,6.162284e-03,9.341140e-01,3.073348e-03,3.832856e-04,8.433281e-04,5.223504e-04,5.307206e-04,4.250989e-04,5.521601e-04
2.815495e-02,7.570258e-04,3.442281e-03,1.275125e-03,1.006592e-02,3.136362e-03,5.063502e-03,9.434304e-01,2.174721e-03,2.767332e-04,6.204244e-04,4.107127e-04,4.534352e-04,3.036522e-04,4.347395e-04
3.124667e-02,5.946063e-04,2.597502e-03,1.047067e-03,8.818173e-03,2.464150e-03,4.675245e-03,9.448730e-01,1.548847e-03,2.067431e-04,4.879647e-04,3.670462e-04,4.678552e-04,2.225562e-04,3.825196e-04
3.151639e-02,5.006595e-04,2.055272e-03,8.692071e-04,8.101941e-03,2.252198e-03,5.719992e-03,9.458916e-01,1.118808e-03,1.571528e-04,4.059773e-04,3.210026e-04,5.877848e-04,1.642543e-04,3.376758e-04
4.876988e-02,9.075981e-04,3.405003e-03,2.844579e-03,9.834701e-03,5.515499e-03,6.649941e-03,9.038929e-01,3.754218e-03,1.063945e-03,2.253804e-03,1.550013e-03,2.483481e-03,4.343630e-04,6.640007e-03
7.391286e-02,4.361098e-03,4.285304e-03,5.907549e-03,1.645402e-02,2.029076e-02,8.409772e-03,7.669860e-01,2.090443e-02,1.927718e-03,6.859703e-03,4.145016e-03,3.038806e-02,1.014265e-03,3.415344e-02
7.978170e-02,8.430228e-03,5.698880e-03,1.333267e-02,1.825283e-02,2.453383e-02,1.025867e-02,6.277639e-01,4.098541e-02,5.811401e-03,9.402877e-03,6.198222e-03,9.864292e-02,1.678123e-03,4.922837e-02
6.369277e-02,1.845056e-02,4.376318e-03,2.454822e-02,1.364073e-02,1.925817e-02,7.703965e-03,4.427490e-01,2.555664e-01,4.582525e-03,8.216454e-03,1.079727e-02,8.185142e-02,2.011244e-03,4.255488e-02
6.950591e-02,1.957582e-02,3.678947e-03,2.401791e-02,1.024440e-02,1.691807e-02,6.632726e-03,3.180676e-01,3.321829e-01,4.175833e-03,1.832260e-02,1.908045e-02,1.123130e-01,4.434071e-03,4.084978e-02
8.580133e-02,1.573979e-02,3.182324e-03,1.864956e-02,7.635442e-03,1.342579e-02,4.826679e-03,2.249718e-01,2.714597e-01,3.538271e-03,3.760019e-02,3.251207e-02,2.038141e-01,1.840875e-02,5.843421e-02
7.165072e-02,1.159873e-02,8.721066e-03,1.519709e-02,1.019886e-02,9.919329e-03,3.552067e-03,1.590918e-01,2.207597e-01,2.783467e-03,8.846144e-02,3.932235e-02,2.922807e-01,1.430041e-02,5.216227e-02
5.141050e-02,1.093469e-02,1.433307e-02,1.118725e-02,1.477733e-02,7.142691e-03,2.805685e-03,1.353736e-01,3.270602e-01,2.105652e-03,9.215717e-02,3.018652e-02,2.517782e-01,1.020928e-02,3.853824e-02
3.750920e-02,9.492759e-03,2.079329e-02,9.978434e-03,1.729695e-02,5.222374e-03,2.341086e-03,2.894636e-01,2.841072e-01,1.731428e-03,7.721718e-02,2.240210e-02,1.837664e-01,7.905191e-03,3.077276e-02
2.713704e-02,9.678953e-03,1.974050e-02,7.365272e-03,1.818501e-02,4.031172e-03,1.913776e-03,3.291978e-01,3.504164e-01,1.324419e-03,5.680242e-02,1.610574e-02,1.298147e-01,5.913444e-03,2.237336e-02
2.369552e-02,9.354810e-03,1.894329e-02,5.957069e-03,3.663074e-02,3.778316e-03,2.014267e-03,2.649980e-01,4.707278e-01,9.791328e-04,4.009657e-02,1.134552e-02,9.136736e-02,4.250020e-03,1.586161e-02
2.789053e-02,1.198500e-02,2.515982e-02,6.377876e-03,4.895790e-02,4.029250e-03,2.286978e-03,2.581428e-01,4.987938e-01,8.523790e-04,2.863103e-02,8.035009e-03,6.429581e-02,3.093901e-03,1.146785e-02
3.139018e-02,1.350823e-02,2.050645e-02,6.059238e-03,4.794829e-02,4.757720e-03,2.331816e-03,3.009316e-01,4.886605e-01,7.923520e-04,2.094979e-02,5.758444e-03,4.543286e-02,2.309430e-03,8.663116e-03
3.949428e-02,1.815601e-02,5.895003e-02,1.125110e-02,4.085654e-02,4.865935e-03,2.099849e-03,3.375366e-01,4.186358e-01,4.848606e-03,1.524740e-02,4.235972e-03,3.226952e-02,1.796269e-03,9.756064e-03
4.128121e-02,1.910926e-02,8.480701e-02,1.327002e-02,4.134798e-02,4.445028e-03,1.805026e-03,3.087836e-01,4.336318e-01,3.870913e-03,1.125438e-02,3.300494e-03,2.297931e-02,1.464269e-03,8.649772e-03
5.968045e-02,2.793325e-02,7.364761e-02,1.261158e-02,4.540975e-02,4.631882e-03,1.921474e-03,2.646672e-01,4.672474e-01,3.529367e-03,9.029707e-03,2.787785e-03,1.674060e-02,1.403344e-03,8.758615e-03
9.274286e-02,3.650961e-02,5.858345e-02,1.047390e-02,4.769946e-02,6.877338e-03,2.375655e-03,2.188962e-01,4.888388e-01,3.136705e-03,7.852085e-03,2.744812e-03,1.328327e-02,1.496611e-03,8.489316e-03
1.664358e-01,3.658392e-02,5.984563e-02,2.550990e-02,4.786100e-02,8.541761e-03,2.418504e-03,1.713934e-01,4.350011e-01,3.386191e-03,1.038565e-02,1.109481e-02,1.148374e-02,1.819229e-03,8.239463e-03
2.133291e-01,3.813399e-02,7.717551e-02,2.671795e-02,4.333069e-02,1.409783e-02,2.575394e-03,1.435417e-01,3.779678e-01,6.654467e-03,1.381878e-02,1.920511e-02,9.688858e-03,3.248355e-03,1.051457e-02
2.664316e-01,4.065340e-02,5.628569e-02,2.106604e-02,3.684117e-02,2.705495e-02,2.599955e-03,1.142141e-01,3.738602e-01,5.394699e-03,1.349995e-02,2.113944e-02,8.193535e-03,2.734357e-03,1.003093e-02
2.614952e-01,3.415068e-02,4.169604e-02,1.745032e-02,2.753298e-02,1.708097e-01,2.541786e-03,8.115467e-02,2.662508e-01,5.030133e-03,2.686067e-02,4.318034e-02,8.876521e-03,2.679102e-03,1.029115e-02
1.839806e-01,2.572386e-02,2.997469e-02,1.280532e-02,1.984642e-02,3.656316e-01,1.875640e-03,5.689186e-02,1.869371e-01,3.995272e-03,2.712974e-02,6.814734e-02,6.969918e-03,2.178274e-03,7.912435e-03
1.311724e-01,1.848732e-02,2.155363e-02,9.118627e-03,1.412242e-02,4.758120e-01,1.421268e-03,3.990165e-02,1.311056e-01,3.582363e-03,3.882898e-02,1.002404e-01,5.414139e-03,2.839516e-03,6.399720e-03
9.218932e-02,1.298341e-02,1.515822e-02,6.420542e-03,9.935536e-03,4.928748e-01,1.067338e-03,2.794370e-02,9.182850e-02,2.871655e-03,5.213823e-02,1.838219e-01,4.009624e-03,2.119402e-03,4.637847e-03
6.472962e-02,9.110143e-03,1.065476e-02,4.514008e-03,6.970642e-03,4.394538e-01,7.788470e-04,1.956898e-02,6.430923e-02,2.189653e-03,7.175436e-02,2.981510e-01,2.886020e-03,1.557608e-03,3.371336e-03
4.546598e-02,6.477796e-03,7.621582e-03,3.210788e-03,5.705772e-03,3.120958e-01,6.453149e-04,1.374283e-02,4.520774e-02,1.740276e-03,5.681819e-02,4.954109e-01,2.080183e-03,1.296344e-03,2.480548e-03
3.184023e-02,4.557539e-03,5.447477e-03,2.258383e-03,4.155841e-03,2.220310e-01,4.629871e-04,9.629598e-03,3.169213e-02,1.285181e-03,5.115258e-02,6.312822e-01,1.464639e-03,9.792339e-04,1.760999e-03
2.234623e-02,3.441090e-03,4.803155e-03,1.614625e-03,5.840079e-03,1.586380e-01,6.104067e-04,7.065833e-03,2.234886e-02,1.018723e-03,4.086778e-02,7.283127e-01,1.035079e-03,8.036950e-04,1.253802e-03
1.571027e-02,2.487374e-03,3.699288e-03,1.172911e-03,1.418324e-02,1.115441e-01,7.321659e-04,5.040889e-03,1.662561e-02,9.012709e-04,3.449919e-02,7.910805e-01,8.069215e-04,6.271304e-04,8.892279e-04
1.112463e-02,2.071133e-03,3.432408e-03,9.549382e-04,1.111010e-01,8.563636e-02,1.266898e-02,4.775374e-03,1.375232e-02,7.193188e-04,2.789202e-02,7.240262e-01,6.801469e-04,4.931946e-04,6.719652e-04
8.409172e-03,1.789563e-03,3.683667e-03,7.636631e-04,1.926691e-01,6.519446e-02,1.958379e-02,1.131094e-01,1.254460e-02,5.313211e-04,2.195286e-02,5.583953e-01,5.181347e-04,3.720839e-04,4.829979e-04
6.771155e-03,1.925798e-03,4.527247e-03,7.315471e-04,2.336146e-01,4.859631e-02,1.837995e-02,2.252203e-01,3.251151e-02,4.032137e-04,1.612870e-02,4.100376e-01,4.911717e-04,2.974939e-04,3.634129e-04
5.641293e-03,2.328754e-03,4.324528e-03,1.519453e-03,4.331508e-01,3.660345e-02,1.812236e-02,1.708218e-01,2.541276e-02,3.232244e-04,1.217027e-02,2.884265e-01,6.218411e-04,2.361249e-04,2.969374e-04
5.879202e-03,9.633404e-03,4.563518e-03,2.378899e-03,4.426036e-01,3.488498e-02,1.999137e-02,1.255674e-01,1.318021e-01,1.048707e-03,1.224722e-02,2.025301e-01,3.312977e-03,2.019024e-04,3.354684e-03
7.293490e-03,1.252389e-02,4.900586e-03,7.595046e-03,4.513502e-01,3.701552e-02,4.050920e-02,9.886840e-02,1.667813e-01,1.492979e-03,1.302528e-02,1.427107e-01,9.504776e-03,1.610412e-04,6.267624e-03
1.343879e-02,1.503367e-02,1.006495e-02,2.369597e-02,4.523748e-01,3.650517e-02,3.828231e-02,1.367006e-01,1.464023e-01,1.330276e-03,1.163804e-02,1.013673e-01,7.725583e-03,1.446604e-04,5.295613e-03
1.730714e-02,1.789172e-02,1.603832e-02,3.201228e-02,4.283321e-01,3.531453e-02,3.453111e-02,1.839090e-01,1.394685e-01,1.343549e-03,1.032226e-02,7.181567e-02,6.732866e-03,1.342405e-04,4.846751e-03
1.709756e-02,1.389583e-02,1.345114e-02,2.428571e-02,3.330540e-01,2.817975e-02,1.451661e-01,2.024926e-01,1.013959e-01,1.372570e-03,8.894012e-03,5.049145e-02,5.632129e-02,1.074745e-04,3.794695e-03
1.563008e-02,1.055471e-02,1.040759e-02,1.757988e-02,2.425164e-01,2.611094e-02,2.810205e-01,2.089425e-01,7.517479e-02,1.619991e-03,7.949636e-03,3.589204e-02,6.333323e-02,8.363368e-05,3.184122e-03
1.492786e-02,8.244177e-03,9.186756e-03,1.300055e-02,1.808510e-01,2.372139e-02,3.800380e-01,2.103000e-01,5.867406e-02,2.289441e-03,6.201155e-03,2.563765e-02,6.360311e-02,7.465620e-05,3.250181e-03
1.884730e-02,7.302172e-03,8.945541e-03,9.681905e-03,1.513010e-01,2.015469e-02,4.126227e-01,2.161170e-01,7.305188e-02,3.149362e-03,4.610375e-03,1.835737e-02,5.216043e-02,7.412655e-05,3.624210e-03
2.637039e-02,8.213997e-03,1.025157e-02,7.721961e-03,1.488656e-01,1.832836e-02,4.166752e-01,1.951350e-01,9.925474e-02,4.270351e-03,3.477542e-03,1.340017e-02,4.417137e-02,8.325600e-05,3.780521e-03
3.466895e-02,8.179632e-03,8.515094e-03,5.789356e-03,1.196812e-01,1.522802e-02,4.959122e-01,1.462413e-01,1.071348e-01,4.566755e-03,2.717105e-03,1.006293e-02,3.790284e-02,9.847309e-05,3.301385e-03
5.349042e-02,9.622280e-03,1.324003e-02,4.455776e-03,9.048972e-02,1.258676e-02,4.818420e-01,1.105162e-01,1.743458e-01,4.563207e-03,2.160794e-03,7.605709e-03,3.186015e-02,1.150442e-04,3.106046e-03
6.108087e-02,1.150687e-02,3.739940e-02,3.704132e-03,7.209247e-02,1.039791e-02,5.100203e-01,8.556330e-02,1.632015e-01,4.934821e-03,1.800189e-03,5.767858e-03,2.794491e-02,1.666975e-04,4.418754e-03
6.906067e-02,1.876723e-02,6.213447e-02,3.179312e-03,5.625505e-02,9.522067e-03,5.326784e-01,6.609024e-02,1.379809e-01,4.417805e-03,1.587136e-03,4.240250e-03,2.726451e-02,2.230556e-04,6.598876e-03
8.185937e-02,2.249579e-02,9.578025e-02,3.010829e-03,4.777205e-02,1.010009e-02,5.235642e-01,5.102113e-02,1.188420e-01,4.467629e-03,1.587271e-03,3.228648e-03,2.575721e-02,3.032455e-04,1.021020e-02
1.058877e-01,2.346304e-02,1.347844e-01,3.219038e-03,4.312107e-02,9.414471e-03,4.759241e-01,4.147420e-02,1.119492e-01,5.616213e-03,1.707601e-03,2.923728e-03,2.554053e-02,4.361439e-04,1.453855e-02
1.353229e-01,2.668250e-02,1.401417e-01,6.871526e-03,3.440662e-02,1.651247e-02,3.680675e-01,3.170107e-02,9.731203e-02,2.793851e-02,1.013332e-02,1.759644e-02,2.415694e-02,1.483418e-03,6.167305e-02
1.346449e-01,4.996627e-02,1.312517e-01,1.189358e-02,3.066004e-02,1.588244e-02,2.987154e-01,2.431868e-02,1.109883e-01,4.674812e-02,1.830421e-02,1.671352e-02,2.398281e-02,2.658770e-03,8.327120e-02
1.514409e-01,5.173336e-02,1.212267e-01,3.662153e-02,3.582639e-02,1.554577e-02,2.439171e-01,2.440603e-02,8.839919e-02,5.703330e-02,2.197247e-02,2.046228e-02,2.452167e-02,3.828985e-03,1.030644e-01
2.234958e-01,4.214109e-02,9.347849e-02,3.159823e-02,3.358791e-02,1.639498e-02,2.220518e-01,4.854328e-02,7.703449e-02,4.371350e-02,2.866830e-02,2.299104e-02,2.559854e-02,4.731583e-03,8.597096e-02
3.524867e-01,3.276902e-02,7.692839e-02,2.727846e-02,2.668774e-02,1.648657e-02,1.790173e-01,5.314490e-02,5.937729e-02,3.278203e-02,2.356170e-02,2.498336e-02,2.260931e-02,4.652735e-03,6.723443e-02
4.690434e-01,2.686925e-02,6.294787e-02,2.741574e-02,2.283784e-02,1.723071e-02,1.273283e-01,4.624500e-02,4.352949e-02,2.403006e-02,2.078483e-02,2.994838e-02,2.501771e-02,4.947650e-03,5.182371e-02
1.000000e+00,0.000000e+00,0.000000e+00,0.000000e+00,0.000000e+00,0.000000e+00,0.000000e+00,0.000000e+00,0.000000e+00,0.000000e+00,0.000000e+00,0.000000e+00,0.000000e+00,0.000000e+00,0.000000e+00
1.000000e+00,0.000000e+00,0.000000e+00,0.000000e+00,0.000000e+00,0.000000e+00,0.000000e+00,0.000000e+00,0.000000e+00,0.000000e+00,0.000000e+00,0.000000e+00,0.000000e+00,0.000000e+00,0.000000e+00
1.000000e+00,0.000000e+00,0.000000e+00,0.000000e+00,0.000000e+00,0.000000e+00,0.000000e+00,0.000000e+00,0.000000e+00,0.000000e+00,0.000000e+00,0.000000e+00,0.000000e+00,0.000000e+00,0.000000e+00
1.000000e+00,0.000000e+00,0.000000e+00,0.000000e+00,0.000000e+00,0.000000e+00,0.000000e+00,0.000000e+00,0.000000e+00,0.000000e+00,0.000000e+00,0.000000e+00,0.000000e+00,0.000000e+00,0.000000e+00
1.000000e+00,0.000000e+00,0.000000e+00,0.000000e+00,0.000000e+00,0.000000e+00,0.000000e+00,0.000000e+00,0.000000e+00,0.000000e+00,0.000000e+00,0.000000e+00,0.000000e+00,0.000000e+00,0.000000e+00
1.000000e+00,0.000000e+00,0.000000e+00,0.000000e+00,0.000000e+00,0.000000e+00,0.000000e+00,0.000000e+00,0.000000e+00,0.000000e+00,0.000000e+00,0.000000e+00,0.000000e+00,0.000000e+00,0.000000e+00
1.000000e+00,0.000000e+00,0.000000e+00,0.000000e+00,0.000000e+00,0.000000e+00,0.000000e+00,0.000000e+00,0.000000e+00,0.000000e+00,0.000000e+00,0.000000e+00,0.000000e+00,0.000000e+00,0.000000e+00
1.000000e+00,0.000000e+00,0.000000e+00,0.000000e+00,0.000000e+00,0.000000e+00,0.000000e+00,0.000000e+00,0.000000e+00,0.000000e+00,0.000000e+00,0.000000e+00,0.000000e+00,0.000000e+00,0.000000e+00
1.000000e+00,0.000000e+00,0.000000e+00,0.000000e+00,0.000000e+00,0.000000e+00,0.000000e+00,0.000000e+00,0.000000e+00,0.000000e+00,0.000000e+00,0.000000e+00,0.000000e+00,0.000000e+00,0.000000e+00
4.084922e-01,7.434458e-03,1.039982e-02,2.203534e-02,1.472663e-02,2.061898e-02,1.714505e-02,3.820148e-01,2.653171e-02,1.770858e-03,5.056127e-03,2.131661e-02,5.190959e-02,2.253774e-03,8.294063e-03
3.052806e-01,5.323293e-03,7.723017e-03,1.564643e-02,1.137554e-02,1.576368e-02,1.295672e-02,5.418848e-01,1.876745e-02,1.258294e-03,3.954397e-03,1.557674e-02,3.674764e-02,1.659782e-03,6.081622e-03
2.213786e-01,3.745361e-03,5.601553e-03,1.113498e-02,8.458766e-03,1.137069e-02,9.496264e-03,6.696923e-01,1.316893e-02,8.830348e-04,2.821722e-03,1.096907e-02,2.583007e-02,1.171960e-03,4.276691e-03
1.601263e-01,2.634842e-03,4.041662e-03,8.006380e-03,6.710567e-03,8.205283e-03,6.819744e-03,7.619350e-01,9.237944e-03,6.194137e-04,2.001569e-03,7.708240e-03,1.812576e-02,8.258768e-04,3.001334e-03
1.274686e-01,1.880439e-03,3.005476e-03,5.848350e-03,5.502282e-03,7.315451e-03,5.414545e-03,8.139118e-01,6.505799e-03,4.394554e-04,1.538179e-03,5.551565e-03,1.289736e-02,5.918374e-04,2.128867e-03
9.476371e-02,1.341998e-03,2.389965e-03,4.320723e-03,6.394361e-03,5.218274e-03,4.186383e-03,8.604500e-01,4.597689e-03,3.141068e-04,1.110088e-03,3.917980e-03,9.068368e-03,4.233064e-04,1.503053e-03
7.129089e-02,1.054059e-03,1.964470e-03,3.640079e-03,5.491397e-03,4.008676e-03,3.100029e-03,8.905414e-01,3.409660e-03,3.827465e-04,1.523030e-03,3.587576e-03,8.405659e-03,3.781512e-04,1.222120e-03
5.834051e-02,1.721238e-03,1.966700e-03,3.789726e-03,8.125209e-03,3.568531e-03,2.370744e-03,8.853610e-01,1.116476e-02,1.374024e-03,4.809848e-03,3.662499e-03,1.135039e-02,5.635386e-04,1.831283e-03
5.084123e-02,3.993113e-03,1.935900e-03,4.296155e-03,1.341845e-02,3.107239e-03,1.986584e-03,8.619142e-01,1.491639e-02,2.104676e-03,8.350007e-03,5.235876e-03,2.333669e-02,7.068826e-04,3.856551e-03
3.684454e-02,1.860963e-02,3.169928e-03,3.270943e-02,1.247215e-02,2.341122e-03,1.629286e-03,6.157948e-01,2.041902e-01,9.755237e-03,1.244673e-02,5.357413e-03,3.509216e-02,7.651990e-04,8.822176e-03
2.966148e-02,3.168278e-02,2.435619e-03,2.794880e-02,9.047512e-03,1.957645e-03,1.172406e-03,4.333058e-01,3.833939e-01,7.316776e-03,1.528252e-02,6.044493e-03,4.203575e-02,5.804987e-04,8.133931e-03
2.122676e-02,7.397711e-02,2.904895e-03,7.521547e-02,6.396382e-03,1.427913e-03,8.234069e-04,3.035402e-01,4.536835e-01,5.442456e-03,1.183594e-02,4.629674e-03,3.185143e-02,4.479531e-04,6.596887e-03
4.388174e-02,5.648132e-02,3.044362e-03,5.942421e-02,4.842200e-03,2.054571e-03,6.200580e-04,2.161738e-01,4.457796e-01,4.093958e-03,2.596221e-02,2.252727e-02,1.046514e-01,1.799165e-03,8.664140e-03
7.046570e-02,4.123106e-02,3.100951e-03,4.539616e-02,5.183700e-03,1.971210e-03,5.505837e-04,1.592422e-01,4.308168e-01,3.053015e-03,4.699797e-02,2.304619e-02,1.579172e-01,2.822085e-03,8.205222e-03
6.787698e-02,3.690826e-02,1.134170e-02,4.741842e-02,6.030785e-03,1.823335e-03,5.528247e-04,1.163468e-01,5.214999e-01,4.250538e-03,3.560824e-02,1.839612e-02,1.170619e-01,3.280232e-03,1.160400e-02
1.038749e-01,3.641063e-02,9.034484e-03,3.617572e-02,1.071077e-02,2.011134e-03,6.326544e-04,8.504774e-02,5.771946e-01,3.567292e-03,2.560734e-02,1.333429e-02,8.336687e-02,2.938621e-03,1.009301e-02
1.553683e-01,3.558324e-02,1.246709e-02,3.580211e-02,1.329155e-02,4.246366e-03,6.346589e-04,6.106576e-02,5.690004e-01,6.803333e-03,1.880747e-02,1.002287e-02,6.030188e-02,2.645853e-03,1.395925e-02
2.623140e-01,3.257039e-02,1.410735e-02,2.988370e-02,2.908276e-02,5.176506e-03,1.018002e-03,5.359341e-02,4.724694e-01,6.213274e-03,1.410348e-02,8.471912e-03,4.377594e-02,2.572131e-03,2.464778e-02
2.693577e-01,2.602125e-02,2.121102e-02,2.519443e-02,8.070160e-02,7.513123e-03,2.124751e-03,7.333949e-02,4.161221e-01,5.354255e-03,1.073582e-02,7.358770e-03,3.248444e-02,2.090860e-03,2.039040e-02
2.704887e-01,2.302199e-02,2.544957e-02,2.245000e-02,1.083525e-01,8.463285e-03,2.834108e-03,1.094674e-01,3.552351e-01,4.316338e-03,8.326504e-03,6.381765e-03,2.447926e-02,4.140783e-03,2.659268e-02
2.937537e-01,2.645198e-02,4.169114e-02,1.994132e-02,1.033443e-01,2.036563e-02,3.561495e-03,1.079506e-01,3.048167e-01,4.394232e-03,7.924817e-03,6.818841e-03,2.092930e-02,5.292183e-03,3.276372e-02
2.737633e-01,2.729209e-02,3.620067e-02,1.750100e-02,1.173605e-01,1.830187e-02,4.694304e-03,1.398835e-01,3.040719e-01,3.341386e-03,6.514799e-03,5.297896e-03,1.587418e-02,4.275919e-03,2.562664e-02
2.748700e-01,3.169505e-02,2.854731e-02,1.409782e-02,9.489010e-02,1.548867e-02,5.003050e-03,1.389194e-01,3.437799e-01,2.840406e-03,6.078428e-03,5.211213e-03,1.274274e-02,3.472284e-03,2.236364e-02
2.494024e-01,2.716162e-02,2.206596e-02,1.104541e-02,8.169785e-02,1.388672e-02,5.340705e-03,2.324095e-01,3.138863e-01,2.107455e-03,5.500403e-03,4.416347e-03,9.845371e-03,2.798562e-03,1.843545e-02
2.301581e-01,2.305601e-02,1.822192e-02,9.820464e-03,6.234017e-02,1.231938e-02,4.503016e-03,3.621706e-01,2.410933e-01,1.584042e-03,4.605588e-03,3.625230e-03,7.614430e-03,2.614150e-03,1.627357e-02
3.336994e-01,3.738163e-02,1.536119e-02,9.420872e-03,5.026867e-02,1.329008e-02,4.704838e-03,2.782292e-01,2.144517e-01,1.715301e-03,5.843852e-03,4.786863e-03,7.340116e-03,3.349646e-03,2.015653e-02
4.173014e-01,4.136996e-02,1.854925e-02,1.282136e-02,4.264940e-02,1.211454e-02,5.116731e-03,2.092617e-01,1.895657e-01,2.385546e-03,7.937749e-03,6.125052e-03,7.483960e-03,4.195111e-03,2.312254e-02
4.850501e-01,4.104009e-02,1.827792e-02,1.793489e-02,3.263573e-02,1.167199e-02,4.567072e-03,1.552287e-01,1.501762e-01,6.146175e-03,9.878335e-03,1.063632e-02,8.174030e-03,4.819503e-03,4.376302e-02
1.000000e+00,0.000000e+00,0.000000e+00,0.000000e+00,0.000000e+00,0.000000e+00,0.000000e+00,0.000000e+00,0.000000e+00,0.000000e+00,0.000000e+00,0.000000e+00,0.000000e+00,0.000000e+00,0.000000e+00
1.000000e+00,0.000000e+00,0.000000e+00,0.000000e+00,0.000000e+00,0.000000e+00,0.000000e+00,0.000000e+00,0.000000e+00,0.000000e+00,0.000000e+00,0.000000e+00,0.000000e+00,0.000000e+00,0.000000e+00
1.000000e+00,0.000000e+00,0.000000e+00,0.000000e+00,0.000000e+00,0.000000e+00,0.000000e+00,0.000000e+00,0.000000e+00,0.000000e+00,0.000000e+00,0.000000e+00,0.000000e+00,0.000000e+00,0.000000e+00
4.450828e-01,5.167684e-02,2.441813e-02,7.065125e-02,1.208816e-02,1.077949e-02,2.750094e-03,4.614058e-02,1.294006e-01,3.130980e-02,8.158986e-03,2.836404e-02,2.220332e-02,5.422428e-03,1.115535e-01
4.362901e-01,4.443732e-02,2.173300e-02,5.760793e-02,1.124638e-02,1.095759e-02,2.711537e-03,3.429022e-02,1.544437e-01,2.739279e-02,9.759127e-03,2.688361e-02,2.479581e-02,5.851652e-03,1.315992e-01
4.721160e-01,4.380856e-02,1.739730e-02,4.688843e-02,9.629562e-03,1.039434e-02,2.685195e-03,2.631470e-02,1.719449e-01,2.315683e-02,9.436470e-03,2.249598e-02,3.023293e-02,5.172512e-03,1.083263e-01
4.655332e-01,4.508659e-02,1.340370e-02,3.786932e-02,7.709852e-03,1.055704e-02,2.157272e-03,1.956270e-02,1.777223e-01,1.756461e-02,1.164149e-02,2.318418e-02,7.935264e-02,4.526328e-03,8.412879e-02
1.000000e+00,0.000000e+00,0.000000e+00,0.000000e+00,0.000000e+00,0.000000e+00,0.000000e+00,0.000000e+00,0.000000e+00,0.000000e+00,0.000000e+00,0.000000e+00,0.000000e+00,0.000000e+00,0.000000e+00
4.783292e-01,6.768097e-02,7.938584e-03,2.905981e-02,8.405346e-03,1.098049e-02,1.678159e-03,1.203293e-02,1.736676e-01,1.043069e-02,7.393156e-03,1.929153e-02,1.173878e-01,4.024747e-03,5.169894e-02
4.184723e-01,9.744839e-02,7.371897e-03,3.267638e-02,8.450783e-03,1.015976e-02,1.515173e-03,9.894957e-03,2.052809e-01,1.081518e-02,6.168905e-03,1.676521e-02,1.256088e-01,3.469229e-03,4.590200e-02
3.688968e-01,1.002555e-01,7.059736e-03,3.495210e-02,1.183499e-02,1.188938e-02,1.709954e-03,1.182145e-02,2.429394e-01,1.010779e-02,5.323449e-03,1.556976e-02,1.332588e-01,3.073557e-03,4.130724e-02
3.176799e-01,1.464846e-01,8.334135e-03,2.658967e-02,2.189752e-02,1.888132e-02,1.830938e-03,3.290253e-02,2.528644e-01,7.398173e-03,4.161150e-03,1.197098e-02,1.159079e-01,2.474415e-03,3.062242e-02
2.681472e-01,1.661010e-01,9.573055e-03,2.087410e-02,3.455038e-02,1.977162e-02,2.164342e-03,9.800278e-02,2.468492e-01,5.339488e-03,3.040066e-03,8.770252e-03,9.072394e-02,1.878687e-03,2.421393e-02
2.194712e-01,1.648201e-01,1.357348e-02,1.688745e-02,3.590457e-02,2.131749e-02,3.194101e-03,1.928688e-01,2.271363e-01,4.164857e-03,2.272522e-03,6.462202e-03,6.957316e-02,1.415011e-03,2.093863e-02
1.790802e-01,1.750052e-01,2.823963e-02,1.362353e-02,3.130469e-02,2.357518e-02,5.994436e-03,2.383189e-01,2.093702e-01,4.594530e-03,1.828950e-03,4.948756e-03,6.029392e-02,1.117026e-03,2.270478e-02
1.485548e-01,1.362425e-01,3.175760e-02,1.110635e-02,2.623682e-02,2.371282e-02,7.222228e-03,3.731188e-01,1.651564e-01,3.607808e-03,1.762719e-03,3.808926e-03,4.720374e-02,9.341908e-04,1.957430e-02
