1.000000e+00,0.000000e+00,0.000000e+00,0.000000e+00,0.000000e+00,0.000000e+00,0.000000e+00,0.000000e+00,0.000000e+00,0.000000e+00,0.000000e+00,0.000000e+00,0.000000e+00,0.000000e+00,0.000000e+00
1.000000e+00,0.000000e+00,0.000000e+00,0.000000e+00,0.000000e+00,0.000000e+00,0.000000e+00,0.000000e+00,0.000000e+00,0.000000e+00,0.000000e+00,0.000000e+00,0.000000e+00,0.000000e+00,0.000000e+00
1.000000e+00,0.000000e+00,0.000000e+00,0.000000e+00,0.000000e+00,0.000000e+00,0.000000e+00,0.000000e+00,0.000000e+00,0.000000e+00,0.000000e+00,0.000000e+00,0.000000e+00,0.000000e+00,0.000000e+00
1.000000e+00,0.000000e+00,0.000000e+00,0.000000e+00,0.000000e+00,0.000000e+00,0.000000e+00,0.000000e+00,0.000000e+00,0.000000e+00,0.000000e+00,0.000000e+00,0.000000e+00,0.000000e+00,0.000000e+00
1.000000e+00,0.000000e+00,0.000000e+00,0.000000e+00,0.000000e+00,0.000000e+00,0.000000e+00,0.000000e+00,0.000000e+00,0.000000e+00,0.000000e+00,0.000000e+00,0.000000e+00,0.000000e+00,0.000000e+00
1.000000e+00,0.000000e+00,0.000000e+00,0.000000e+00,0.000000e+00,0.000000e+00,0.000000e+00,0.000000e+00,0.000000e+00,0.000000e+00,0.000000e+00,0.000000e+00,0.000000e+00,0.000000e+00,0.000000e+00
1.000000e+00,0.000000e+00,0.000000e+00,0.000000e+00,0.000000e+00,0.000000e+00,0.000000e+00,0.000000e+00,0.000000e+00,0.000000e+00,0.000000e+00,0.000000e+00,0.000000e+00,0.000000e+00,0.000000e+00
1.000000e+00,0.000000e+00,0.000000e+00,0.000000e+00,0.000000e+00,0.000000e+00,0.000000e+00,0.000000e+00,0.000000e+00,0.000000e+00,0.000000e+00,0.000000e+00,0.000000e+00,0.000000e+00,0.000000e+00
1.000000e+00,0.000000e+00,0.000000e+00,0.000000e+00,0.000000e+00,0.000000e+00,0.000000e+00,0.000000e+00,0.000000e+00,0.000000e+00,0.000000e+00,0.000000e+00,0.000000e+00,0.000000e+00,0.000000e+00
1.000000e+00,0.000000e+00,0.000000e+00,0.000000e+00,0.000000e+00,0.000000e+00,0.000000e+00,0.000000e+00,0.000000e+00,0.000000e+00,0.000000e+00,0.000000e+00,0.000000e+00,0.000000e+00,0.000000e+00
1.000000e+00,0.000000e+00,0.000000e+00,0.000000e+00,0.000000e+00,0.000000e+00,0.000000e+00,0.000000e+00,0.000000e+00,0.000000e+00,0.000000e+00,0.000000e+00,0.000000e+00,0.000000e+00,0.000000e+00
1.000000e+00,0.000000e+00,0.000000e+00,0.000000e+00,0.000000e+00,0.000000e+00,0.000000e+00,0.000000e+00,0.000000e+00,0.000000e+00,0.000000e+00,0.000000e+00,0.000000e+00,0.000000e+00,0.000000e+00
1.000000e+00,0.000000e+00,0.000000e+00,0.000000e+00,0.000000e+00,0.000000e+00,0.000000e+00,0.000000e+00,0.000000e+00,0.000000e+00,0.000000e+00,0.000000e+00,0.000000e+00,0.000000e+00,0.000000e+00
1.000000e+00,0.000000e+00,0.000000e+00,0.000000e+00,0.000000e+00,0.000000e+00,0.000000e+00,0.000000e+00,0.000000e+00,0.000000e+00,0.000000e+00,0.000000e+00,0.000000e+00,0.000000e+00,0.000000e+00
1.000000e+00,0.000000e+00,0.000000e+00,0.000000e+00,0.000000e+00,0.000000e+00,0.000000e+00,0.000000e+00,0.000000e+00,0.000000e+00,0.000000e+00,0.000000e+00,0.000000e+00,0.000000e+00,0.000000e+00
1.000000e+00,0.000000e+00,0.000000e+00,0.000000e+00,0.000000e+00,0.000000e+00,0.000000e+00,0.000000e+00,0.000000e+00,0.000000e+00,0.000000e+00,0.000000e+00,0.000000e+00,0.000000e+00,0.000000e+00
1.000000e+00,0.000000e+00,0.000000e+00,0.000000e+00,0.000000e+00,0.000000e+00,0.000000e+00,0.000000e+00,0.000000e+00,0.000000e+00,0.000000e+00,0.000000e+00,0.000000e+00,0.000000e+00,0.000000e+00
1.000000e+00,0.000000e+00,0.000000e+00,0.000000e+00,0.000000e+00,0.000000e+00,0.000000e+00,0.000000e+00,0.000000e+00,0.000000e+00,0.000000e+00,0.000000e+00,0.000000e+00,0.000000e+00,0.000000e+00
1.000000e+00,0.000000e+00,0.000000e+00,0.000000e+00,0.000000e+00,0.000000e+00,0.000000e+00,0.000000e+00,0.000000e+00,0.000000e+00,0.000000e+00,0.000000e+00,0.000000e+00,0.000000e+00,0.000000e+00
1.000000e+00,0.000000e+00,0.000000e+00,0.000000e+00,0.000000e+00,0.000000e+00,0.000000e+00,0.000000e+00,0.000000e+00,0.000000e+00,0.000000e+00,0.000000e+00,0.000000e+00,0.000000e+00,0.000000e+00
1.000000e+00,0.000000e+00,0.000000e+00,0.000000e+00,0.000000e+00,0.000000e+00,0.000000e+00,0.000000e+00,0.000000e+00,0.000000e+00,0.000000e+00,0.000000e+00,0.000000e+00,0.000000e+00,0.000000e+00
1.000000e+00,0.000000e+00,0.000000e+00,0.000000e+00,0.000000e+00,0.000000e+00,0.000000e+00,0.000000e+00,0.000000e+00,0.000000e+00,0.000000e+00,0.000000e+00,0.000000e+00,0.000000e+00,0.000000e+00
1.000000e+00,0.000000e+00,0.000000e+00,0.000000e+00,0.000000e+00,0.000000e+00,0.000000e+00,0.000000e+00,0.000000e+00,0.000000e+00,0.000000e+00,0.000000e+00,0.000000e+00,0.000000e+00,0.000000e+00
1.000000e+00,0.000000e+00,0.000000e+00,0.000000e+00,0.000000e+00,0.000000e+00,0.000000e+00,0.000000e+00,0.000000e+00,0.000000e+00,0.000000e+00,0.000000e+00,0.000000e+00,0.000000e+00,0.000000e+00
1.000000e+00,0.000000e+00,0.000000e+00,0.000000e+00,0.000000e+00,0.000000e+00,0.000000e+00,0.000000e+00,0.000000e+00,0.000000e+00,0.000000e+00,0.000000e+00,0.000000e+00,0.000000e+00,0.000000e+00
1.000000e+00,0.000000e+00,0.000000e+00,0.000000e+00,0.000000e+00,0.000000e+00,0.000000e+00,0.000000e+00,0.000000e+00,0.000000e+00,0.000000e+00,0.000000e+00,0.000000e+00,0.000000e+00,0.000000e+00
1.000000e+00,0.000000e+00,0.000000e+00,0.000000e+00,0.000000e+00,0.000000e+00,0.000000e+00,0.000000e+00,0.000000e+00,0.000000e+00,0.000000e+00,0.000000e+00,0.000000e+00,0.000000e+00,0.000000e+00
1.000000e+00,0.000000e+00,0.000000e+00,0.000000e+00,0.000000e+00,0.000000e+00,0.000000e+00,0.000000e+00,0.000000e+00,0.000000e+00,0.000000e+00,0.000000e+00,0.000000e+00,0.000000e+00,0.000000e+00
1.000000e+00,0.000000e+00,0.000000e+00,0.000000e+00,0.000000e+00,0.000000e+00,0.000000e+00,0.000000e+00,0.000000e+00,0.000000e+00,0.000000e+00,0.000000e+00,0.000000e+00,0.000000e+00,0.000000e+00
1.000000e+00,0.000000e+00,0.000000e+00,0.000000e+00,0.000000e+00,0.000000e+00,0.000000e+00,0.000000e+00,0.000000e+00,0.000000e+00,0.000000e+00,0.000000e+00,0.000000e+00,0.000000e+00,0.000000e+00
1.000000e+00,0.000000e+00,0.000000e+00,0.000000e+00,0.000000e+00,0.000000e+00,0.000000e+00,0.000000e+00,0.000000e+00,0.000000e+00,0.000000e+00,0.000000e+00,0.000000e+00,0.000000e+00,0.000000e+00
1.000000e+00,0.000000e+00,0.000000e+00,0.000000e+00,0.000000e+00,0.000000e+00,0.000000e+00,0.000000e+00,0.000000e+00,0.000000e+00,0.000000e+00,0.000000e+00,0.000000e+00,0.000000e+00,0.000000e+00
1.000000e+00,0.000000e+00,0.000000e+00,0.000000e+00,0.000000e+00,0.000000e+00,0.000000e+00,0.000000e+00,0.000000e+00,0.000000e+00,0.000000e+00,0.000000e+00,0.000000e+00,0.000000e+00,0.000000e+00
1.000000e+00,0.000000e+00,0.000000e+00,0.000000e+00,0.000000e+00,0.000000e+00,0.000000e+00,0.000000e+00,0.000000e+00,0.000000e+00,0.000000e+00,0.000000e+00,0.000000e+00,0.000000e+00,0.000000e+00
1.000000e+00,0.000000e+00,0.000000e+00,0.000000e+00,0.000000e+00,0.000000e+00,0.000000e+00,0.000000e+00,0.000000e+00,0.000000e+00,0.000000e+00,0.000000e+00,0.000000e+00,0.000000e+00,0.000000e+00
1.000000e+00,0.000000e+00,0.000000e+00,0.000000e+00,0.000000e+00,0.000000e+00,0.000000e+00,0.000000e+00,0.000000e+00,0.000000e+00,0.000000e+00,0.000000e+00,0.000000e+00,0.000000e+00,0.000000e+00
1.000000e+00,0.000000e+00,0.000000e+00,0.000000e+00,0.000000e+00,0.000000e+00,0.000000e+00,0.000000e+00,0.000000e+00,0.000000e+00,0.000000e+00,0.000000e+00,0.000000e+00,0.000000e+00,0.000000e+00
1.000000e+00,0.000000e+00,0.000000e+00,0.000000e+00,0.000000e+00,0.000000e+00,0.000000e+00,0.000000e+00,0.000000e+00,0.000000e+00,0.000000e+00,0.000000e+00,0.000000e+00,0.000000e+00,0.000000e+00
1.000000e+00,0.000000e+00,0.000000e+00,0.000000e+00,0.000000e+00,0.000000e+00,0.000000e+00,0.000000e+00,0.000000e+00,0.000000e+00,0.000000e+00,0.000000e+00,0.000000e+00,0.000000e+00,0.000000e+00
1.000000e+00,0.000000e+00,0.000000e+00,0.000000e+00,0.000000e+00,0.000000e+00,0.000000e+00,0.000000e+00,0.000000e+00,0.000000e+00,0.000000e+00,0.000000e+00,0.000000e+00,0.000000e+00,0.000000e+00
1.000000e+00,0.000000e+00,0.000000e+00,0.000000e+00,0.000000e+00,0.000000e+00,0.000000e+00,0.000000e+00,0.000000e+00,0.000000e+00,0.000000e+00,0.000000e+00,0.000000e+00,0.000000e+00,0.000000e+00
1.000000e+00,0.000000e+00,0.000000e+00,0.000000e+00,0.000000e+00,0.000000e+00,0.000000e+00,0.000000e+00,0.000000e+00,0.000000e+00,0.000000e+00,0.000000e+00,0.000000e+00,0.000000e+00,0.000000e+00
1.000000e+00,0.000000e+00,0.000000e+00,0.000000e+00,0.000000e+00,0.000000e+00,0.000000e+00,0.000000e+00,0.000000e+00,0.000000e+00,0.000000e+00,0.000000e+00,0.000000e+00,0.000000e+00,0.000000e+00
1.000000e+00,0.000000e+00,0.000000e+00,0.000000e+00,0.000000e+00,0.000000e+00,0.000000e+00,0.000000e+00,0.000000e+00,0.000000e+00,0.000000e+00,0.000000e+00,0.000000e+00,0.000000e+00,0.000000e+00
1.000000e+00,0.000000e+00,0.000000e+00,0.000000e+00,0.000000e+00,0.000000e+00,0.000000e+00,0.000000e+00,0.000000e+00,0.000000e+00,0.000000e+00,0.000000e+00,0.000000e+00,0.000000e+00,0.000000e+00
1.000000e+00,0.000000e+00,0.000000e+00,0.000000e+00,0.000000e+00,0.000000e+00,0.000000e+00,0.000000e+00,0.000000e+00,0.000000e+00,0.000000e+00,0.000000e+00,0.000000e+00,0.000000e+00,0.000000e+00
1.000000e+00,0.000000e+00,0.000000e+00,0.000000e+00,0.000000e+00,0.000000e+00,0.000000e+00,0.000000e+00,0.000000e+00,0.000000e+00,0.000000e+00,0.000000e+00,0.000000e+00,0.000000e+00,0.000000e+00
1.000000e+00,0.000000e+00,0.000000e+00,0.000000e+00,0.000000e+00,0.000000e+00,0.000000e+00,0.000000e+00,0.000000e+00,0.000000e+00,0.000000e+00,0.000000e+00,0.000000e+00,0.000000e+00,0.000000e+00
1.000000e+00,0.000000e+00,0.000000e+00,0.000000e+00,0.000000e+00,0.000000e+00,0.000000e+00,0.000000e+00,0.000000e+00,0.000000e+00,0.000000e+00,0.000000e+00,0.000000e+00,0.000000e+00,0.000000e+00
1.000000e+00,0.000000e+00,0.000000e+00,0.000000e+00,0.000000e+00,0.000000e+00,0.000000e+00,0.000000e+00,0.000000e+00,0.000000e+00,0.000000e+00,0.000000e+00,0.000000e+00,0.000000e+00,0.000000e+00
1.000000e+00,0.000000e+00,0.000000e+00,0.000000e+00,0.000000e+00,0.000000e+00,0.000000e+00,0.000000e+00,0.000000e+00,0.000000e+00,0.000000e+00,0.000000e+00,0.000000e+00,0.000000e+00,0.000000e+00
1.000000e+00,0.000000e+00,0.000000e+00,0.000000e+00,0.000000e+00,0.000000e+00,0.000000e+00,0.000000e+00,0.000000e+00,0.000000e+00,0.000000e+00,0.000000e+00,0.000000e+00,0.000000e+00,0.000000e+00
1.000000e+00,0.000000e+00,0.000000e+00,0.000000e+00,0.000000e+00,0.000000e+00,0.000000e+00,0.000000e+00,0.000000e+00,0.000000e+00,0.000000e+00,0.000000e+00,0.000000e+00,0.000000e+00,0.000000e+00
1.000000e+00,0.000000e+00,0.000000e+00,0.000000e+00,0.000000e+00,0.000000e+00,0.000000e+00,0.000000e+00,0.000000e+00,0.000000e+00,0.000000e+00,0.000000e+00,0.000000e+00,0.000000e+00,0.000000e+00
1.000000e+00,0.000000e+00,0.000000e+00,0.000000e+00,0.000000e+00,0.000000e+00,0.000000e+00,0.000000e+00,0.000000e+00,0.000000e+00,0.000000e+00,0.000000e+00,0.000000e+00,0.000000e+00,0.000000e+00
1.000000e+00,0.000000e+00,0.000000e+00,0.000000e+00,0.000000e+00,0.000000e+00,0.000000e+00,0.000000e+00,0.000000e+00,0.000000e+00,0.000000e+00,0.000000e+00,0.000000e+00,0.000000e+00,0.000000e+00
1.000000e+00,0.000000e+00,0.000000e+00,0.000000e+00,0.000000e+00,0.000000e+00,0.000000e+00,0.000000e+00,0.000000e+00,0.000000e+00,0.000000e+00,0.000000e+00,0.000000e+00,0.000000e+00,0.000000e+00
4.404403e-01,3.779312e-02,6.397707e-02,1.521134e-01,6.441670e-03,1.507317e-02,2.366278e-03,2.057977e-02,7.028910e-03,1.795977e-01,1.850213e-02,1.011662e-02,1.777156e-02,2.682201e-03,2.551612e-02
3.111164e-01,3.322517e-02,6.004436e-02,1.187008e-01,5.130236e-03,1.792889e-02,1.755817e-03,1.529584e-02,2.237104e-02,2.634468e-01,2.478877e-02,8.176766e-03,2.303027e-02,4.600678e-03,9.038818e-02
2.181683e-01,2.623601e-02,4.280785e-02,8.337024e-02,6.371239e-03,1.355844e-02,1.336709e-03,1.117598e-02,2.575217e-02,2.431904e-01,2.145371e-02,5.856091e-03,1.764264e-02,4.249840e-02,2.405817e-01
1.529506e-01,1.969595e-02,3.004994e-02,5.837736e-02,4.516348e-03,9.878007e-03,9.590094e-04,7.843967e-03,2.291554e-02,1.776079e-01,1.624843e-02,4.193070e-03,1.290527e-02,1.098816e-01,3.719770e-01
1.073708e-01,4.115807e-02,2.157097e-02,4.181252e-02,3.375863e-03,7.854606e-03,7.185652e-04,5.524554e-03,6.172121e-02,1.442033e-01,1.279791e-02,3.375123e-03,9.489572e-03,1.043761e-01,4.346508e-01
7.529086e-02,3.205509e-02,1.533251e-02,2.928876e-02,2.497851e-03,5.973960e-03,5.130706e-04,3.879169e-03,5.049137e-02,1.054747e-01,1.042792e-02,2.486286e-03,7.293059e-03,2.018427e-01,4.571527e-01
5.277654e-02,2.349200e-02,1.082883e-02,2.050971e-02,1.778128e-03,4.441315e-03,3.731790e-04,2.719017e-03,4.024903e-02,7.591338e-02,7.882406e-03,1.784199e-03,5.226302e-03,2.851136e-01,4.669123e-01
3.734924e-02,3.543245e-02,8.060587e-03,1.451560e-02,1.291283e-03,3.476528e-03,2.688794e-04,1.907210e-03,4.342708e-02,5.595370e-02,7.044096e-03,1.348829e-03,3.907524e-03,2.936761e-01,4.923409e-01
2.650454e-02,2.538592e-02,5.686685e-03,1.017125e-02,9.302117e-04,2.644976e-03,1.901694e-04,1.335781e-03,3.293420e-02,3.985149e-02,5.409670e-03,9.535135e-04,2.782771e-03,3.722590e-01,4.729598e-01
2.044536e-02,1.973526e-02,4.340890e-03,7.161680e-03,7.444331e-04,2.753870e-03,1.419271e-04,9.447892e-04,2.527726e-02,2.873755e-02,4.457002e-03,6.838324e-04,2.044952e-03,3.951703e-01,4.873609e-01
1.459810e-02,1.441209e-02,3.608885e-03,5.035129e-03,5.632323e-04,2.160322e-03,1.049757e-04,6.657841e-04,2.128569e-02,2.191665e-02,3.510652e-03,4.868094e-04,1.542765e-03,3.896583e-01,5.204506e-01
1.038290e-02,1.025981e-02,2.732313e-03,3.529996e-03,4.301272e-04,1.604080e-03,8.057286e-05,4.679066e-04,1.700809e-02,1.743458e-02,2.691366e-03,3.476108e-04,1.137055e-03,4.467546e-01,4.851390e-01
9.420957e-03,1.461466e-02,5.949373e-03,2.626709e-03,7.542878e-04,1.343391e-03,1.197585e-04,4.093220e-04,2.697057e-02,2.651402e-02,3.486361e-03,3.065383e-04,1.215856e-03,4.393930e-01,4.668752e-01
1.305558e-02,2.679509e-02,2.452278e-02,2.456885e-03,1.305940e-03,1.489761e-03,5.454490e-04,1.662726e-03,3.904868e-02,3.616490e-02,4.680074e-03,3.534036e-04,1.963065e-03,3.565420e-01,4.894136e-01
1.563845e-02,3.413621e-02,1.146262e-01,1.596258e-02,5.914919e-03,2.399806e-03,1.974224e-03,5.287427e-03,4.774072e-02,3.282738e-02,4.370383e-03,3.854853e-04,2.283533e-03,2.865404e-01,4.299122e-01
2.083601e-02,3.510060e-02,1.584802e-01,1.323371e-02,8.426612e-03,3.502187e-03,1.741933e-03,5.260000e-03,7.453118e-02,3.298832e-02,3.549298e-03,3.721954e-04,2.005865e-03,2.675810e-01,3.723909e-01
4.004783e-02,5.111159e-02,1.788219e-01,1.281764e-02,1.078443e-02,4.502622e-03,1.660202e-03,7.354040e-03,8.933173e-02,3.521551e-02,2.972855e-03,3.795173e-04,1.938802e-03,2.332768e-01,3.297845e-01
9.813900e-02,8.493128e-02,1.830888e-01,1.453991e-02,2.423810e-02,7.579086e-03,1.357911e-03,1.223652e-02,9.047590e-02,2.829558e-02,2.841548e-03,1.132732e-03,2.418746e-03,1.916480e-01,2.570769e-01
9.262392e-02,8.091775e-02,1.727667e-01,2.082951e-02,2.431908e-02,6.529042e-03,1.026102e-03,2.066653e-02,1.363008e-01,5.440785e-02,4.177759e-03,1.341973e-03,3.599495e-03,1.376902e-01,2.428033e-01
8.953399e-02,6.629433e-02,1.638009e-01,2.536573e-02,2.334291e-02,6.348012e-03,8.495348e-04,2.867800e-02,1.397920e-01,9.638817e-02,2.162022e-02,1.942825e-03,1.345444e-02,9.974778e-02,2.228412e-01
7.254032e-02,5.297210e-02,2.484174e-01,6.337605e-02,1.849250e-02,5.614286e-03,6.881083e-04,2.157115e-02,1.193960e-01,1.092058e-01,2.682231e-02,2.702401e-03,1.341228e-02,7.294960e-02,1.718397e-01
5.852362e-02,4.512394e-02,2.529574e-01,1.008438e-01,1.387601e-02,5.897380e-03,5.183759e-04,1.565482e-02,9.632657e-02,1.295108e-01,5.407415e-02,8.206546e-03,2.143677e-02,5.365384e-02,1.433959e-01
6.940514e-02,3.418862e-02,1.871978e-01,1.004372e-01,1.018477e-02,6.496485e-03,4.836196e-04,1.123337e-02,9.032561e-02,1.652980e-01,1.081647e-01,2.879284e-02,3.253998e-02,4.342860e-02,1.118233e-01
7.118202e-02,2.600776e-02,1.413363e-01,7.934392e-02,7.868559e-03,6.717447e-03,5.531646e-04,8.087911e-03,7.304710e-02,1.426145e-01,1.991098e-01,5.042674e-02,4.761786e-02,4.105665e-02,1.050302e-01
8.221075e-02,1.976261e-02,1.032787e-01,6.055655e-02,6.249649e-03,6.792472e-03,6.912251e-04,6.061887e-03,5.615918e-02,1.176552e-01,2.780954e-01,5.928680e-02,4.448038e-02,3.680853e-02,1.219106e-01
1.048659e-01,2.294821e-02,7.311152e-02,4.582964e-02,8.029004e-03,1.136654e-02,1.075797e-03,5.047830e-03,7.393462e-02,1.111160e-01,2.866597e-01,6.910720e-02,4.050237e-02,3.233026e-02,1.140755e-01
7.826941e-02,1.942227e-02,5.197740e-02,3.334530e-02,9.097294e-03,1.254432e-02,1.504694e-03,5.605143e-03,2.393438e-01,1.076284e-01,2.416496e-01,5.274533e-02,3.137533e-02,2.801428e-02,8.747741e-02
5.588019e-02,1.537210e-02,3.657589e-02,2.352321e-02,8.239655e-03,1.267878e-02,1.423296e-03,4.448898e-03,4.487676e-01,7.735721e-02,1.748115e-01,3.743899e-02,2.233771e-02,1.981315e-02,6.133182e-02
3.947797e-02,1.116842e-02,2.563986e-02,1.653126e-02,1.310191e-02,1.184897e-02,4.823955e-03,3.181914e-03,5.982549e-01,5.430519e-02,1.227727e-01,2.623186e-02,1.579462e-02,1.388664e-02,4.297985e-02
2.906809e-02,8.182855e-03,1.830645e-02,1.197870e-02,4.074876e-02,1.435930e-02,1.453538e-02,3.737195e-03,6.652550e-01,3.824785e-02,8.609299e-02,1.837937e-02,1.125181e-02,9.730716e-03,3.012566e-02
2.826620e-02,6.603725e-03,1.386994e-02,1.009389e-02,9.733430e-02,1.796006e-02,2.106691e-02,1.284171e-02,6.528575e-01,2.724557e-02,6.067174e-02,1.295913e-02,1.001168e-02,6.864880e-03,2.135281e-02
2.747099e-02,5.489039e-03,1.002545e-02,7.736678e-03,1.282860e-01,2.073419e-02,1.876407e-02,1.267375e-02,6.684317e-01,1.932579e-02,4.362313e-02,9.227538e-03,8.070425e-03,4.943897e-03,1.519739e-02
3.303636e-02,5.560714e-03,7.512455e-03,7.460759e-03,1.308560e-01,1.948921e-02,1.738295e-02,1.502511e-02,6.880955e-01,1.380449e-02,3.200151e-02,7.312842e-03,7.539604e-03,3.545590e-03,1.137705e-02
4.364919e-02,5.451702e-03,5.499979e-03,9.854930e-03,1.261775e-01,2.096042e-02,1.533110e-02,1.940000e-02,6.946874e-01,9.872143e-03,2.424371e-02,7.092889e-03,6.838079e-03,2.542882e-03,8.398194e-03
4.400732e-02,4.991483e-03,3.908457e-03,7.937537e-03,1.052145e-01,2.004915e-02,1.117629e-02,1.858161e-02,7.409683e-01,7.085020e-03,1.751632e-02,5.516971e-03,5.196324e-03,1.801630e-03,6.049090e-03
5.899325e-02,7.637844e-03,3.183828e-03,1.045039e-02,1.096085e-01,3.643352e-02,1.052710e-02,2.357627e-02,6.947330e-01,6.613386e-03,1.340183e-02,1.209766e-02,6.031796e-03,1.429684e-03,5.281978e-03
6.044692e-02,6.333934e-03,2.464079e-03,1.061843e-02,9.703241e-02,4.518933e-02,9.260658e-03,1.689547e-01,5.649926e-01,4.987211e-03,9.958929e-03,1.024281e-02,4.643807e-03,1.028990e-03,3.845194e-03
5.912372e-02,5.103420e-03,2.572378e-03,1.034933e-02,8.190262e-02,4.538063e-02,9.737002e-03,3.442780e-01,4.136221e-01,5.071516e-03,7.491763e-03,8.195666e-03,3.523386e-03,7.499639e-04,2.898606e-03
4.244184e-02,5.361864e-03,6.857406e-03,2.078848e-02,6.386039e-02,5.836082e-02,1.565113e-02,2.698669e-01,2.908701e-01,1.838042e-01,2.121731e-02,7.641582e-03,6.469327e-03,6.747977e-04,6.133915e-03
3.014672e-02,4.678310e-03,6.980001e-03,1.704071e-02,4.740538e-02,8.526019e-02,3.886134e-02,2.103206e-01,2.051865e-01,2.976735e-01,2.882618e-02,7.666581e-03,6.342626e-03,2.572849e-03,1.103848e-02
2.176802e-02,3.762295e-03,5.352821e-03,2.227910e-02,3.532401e-02,7.723819e-02,2.881341e-02,1.598675e-01,1.553399e-01,2.390000e-01,1.245894e-01,1.399590e-02,5.971001e-02,2.050005e-02,3.245938e-02
1.583741e-02,2.879988e-03,3.892506e-03,1.929256e-02,2.668296e-02,6.417899e-02,2.129464e-02,1.136919e-01,1.260394e-01,2.314030e-01,1.775317e-01,2.591787e-02,8.238342e-02,4.882391e-02,4.014964e-02
1.242636e-02,2.782200e-03,3.174125e-03,1.559605e-02,2.391218e-02,5.286224e-02,1.614275e-02,8.243315e-02,1.077474e-01,2.001709e-01,1.688102e-01,2.789982e-02,7.755724e-02,1.587885e-01,4.969686e-02
9.045808e-03,2.884671e-03,3.373580e-03,1.140882e-02,3.167006e-02,3.733506e-02,1.148878e-02,5.862319e-02,1.904579e-01,1.425703e-01,1.406964e-01,2.485355e-02,6.178083e-02,2.353390e-01,3.847208e-02
6.874671e-03,3.386482e-03,3.287321e-03,8.853807e-03,3.772379e-02,2.824667e-02,8.169045e-03,4.147700e-02,2.876571e-01,1.012702e-01,1.093557e-01,1.910356e-02,4.568351e-02,2.655796e-01,3.333171e-02
5.471028e-03,2.279691e-02,3.119360e-03,8.581958e-03,2.753143e-02,3.777252e-02,5.823211e-03,3.001873e-02,4.204352e-01,7.186072e-02,8.193274e-02,1.465268e-02,3.612578e-02,2.071407e-01,2.673714e-02
4.480280e-03,2.748585e-02,2.862451e-03,9.338122e-03,2.015192e-02,3.500479e-02,4.395729e-03,3.227754e-02,5.022650e-01,5.073825e-02,6.240906e-02,1.135273e-02,2.944126e-02,1.868105e-01,2.098652e-02
3.400770e-03,4.565611e-02,2.672756e-03,4.451168e-02,1.426400e-02,2.815904e-02,3.089618e-03,2.305102e-02,5.752407e-01,3.580382e-02,4.524430e-02,8.728822e-03,2.253577e-02,1.312414e-01,1.640026e-02
5.155118e-03,3.870373e-02,2.365943e-03,3.515661e-02,1.637476e-02,1.272443e-01,2.814963e-03,1.876623e-02,5.657663e-01,2.553730e-02,3.298192e-02,6.288656e-03,1.760624e-02,9.214580e-02,1.309208e-02
5.728973e-03,3.217949e-02,2.633905e-03,1.514605e-01,1.683161e-02,1.401798e-01,2.407459e-03,2.231691e-02,4.802904e-01,1.941775e-02,2.658601e-02,5.203946e-03,1.528261e-02,6.483869e-02,1.464196e-02
2.502212e-02,3.794326e-02,8.447741e-03,1.576458e-01,5.273009e-02,1.386661e-01,3.227153e-03,2.951349e-02,4.051217e-01,1.912902e-02,2.240409e-02,4.991805e-03,1.288455e-02,4.616527e-02,3.610784e-02
4.401789e-02,3.961655e-02,1.151014e-02,1.324977e-01,6.126726e-02,1.470756e-01,3.546532e-03,3.197691e-02,3.328450e-01,2.697307e-02,1.998378e-02,4.406350e-03,1.152116e-02,3.436851e-02,9.839355e-02
5.190008e-02,4.287179e-02,6.388313e-02,2.149302e-01,5.808124e-02,1.294850e-01,3.754573e-03,2.838420e-02,2.434129e-01,2.258698e-02,1.858532e-02,3.611167e-03,9.174451e-03,2.481449e-02,8.452450e-02
7.167961e-02,3.802329e-02,7.964738e-02,2.273237e-01,9.575035e-02,1.083731e-01,5.482758e-03,4.005083e-02,1.848946e-01,2.005973e-02,2.109811e-02,3.417994e-03,9.165131e-03,1.816969e-02,7.686375e-02
8.322793e-02,3.364352e-02,9.043424e-02,2.019480e-01,1.108514e-01,9.026998e-02,5.590079e-03,8.529817e-02,1.453908e-01,2.114345e-02,2.019910e-02,3.320615e-03,8.556597e-03,1.450529e-02,8.562090e-02
1.033374e-01,3.845490e-02,9.904702e-02,1.623160e-01,1.050452e-01,7.202116e-02,5.681550e-03,1.221846e-01,1.166469e-01,2.103955e-02,2.339303e-02,3.986904e-03,8.333419e-03,1.309417e-02,1.054182e-01
1.190136e-01,5.353796e-02,1.107299e-01,1.222761e-01,8.542451e-02,5.531968e-02,4.757932e-03,1.176137e-01,9.982537e-02,2.409829e-02,1.984983e-02,3.863338e-03,7.475531e-03,1.574059e-02,1.604737e-01
1.326514e-01,7.841097e-02,1.415497e-01,9.439007e-02,6.436628e-02,4.427445e-02,4.207978e-03,1.102801e-01,8.486450e-02,2.791649e-02,1.734444e-02,4.195323e-03,6.022803e-03,1.635068e-02,1.731748e-01
2.313219e-01,6.940453e-02,1.224638e-01,7.139966e-02,5.104713e-02,3.471567e-02,4.062758e-03,1.593358e-01,6.558342e-02,2.138371e-02,1.483473e-02,5.490662e-03,5.333007e-03,1.386146e-02,1.297618e-01
2.404575e-01,5.338009e-02,9.992646e-02,5.413485e-02,4.147927e-02,2.632278e-02,3.950938e-03,2.897106e-01,4.884857e-02,1.593388e-02,1.189653e-02,5.140439e-03,4.416964e-03,1.074524e-02,9.365591e-02
2.780559e-01,5.023188e-02,1.196627e-01,4.134852e-02,3.383057e-02,2.242144e-02,6.272630e-03,2.906863e-01,3.770352e-02,2.118630e-02,9.271729e-03,6.372946e-03,4.127490e-03,8.370019e-03,7.045797e-02
2.997742e-01,4.862802e-02,1.510231e-01,3.240339e-02,2.747714e-02,2.084728e-02,8.130064e-03,2.548429e-01,3.014366e-02,4.920527e-02,7.247065e-03,6.080555e-03,4.048026e-03,6.529011e-03,5.362027e-02
2.882271e-01,3.975617e-02,1.317548e-01,2.596637e-02,2.557400e-02,2.157539e-02,7.214951e-03,2.334273e-01,2.380548e-02,1.365910e-01,6.218536e-03,5.748466e-03,3.872312e-03,6.048811e-03,4.421925e-02
3.597913e-01,2.951710e-02,1.000868e-01,1.985679e-02,2.653402e-02,2.236752e-02,6.002451e-03,2.550332e-01,1.878637e-02,1.059984e-01,5.505425e-03,5.418764e-03,4.138377e-03,5.332854e-03,3.563053e-02
3.411300e-01,2.196991e-02,7.668974e-02,1.679034e-02,2.482559e-02,2.508366e-02,5.185921e-03,3.413279e-01,1.433433e-02,8.326777e-02,4.897595e-03,5.082869e-03,4.174516e-03,4.859086e-03,3.038073e-02
2.938739e-01,1.757411e-02,6.383411e-02,1.629337e-02,2.650350e-02,2.682113e-02,4.748896e-03,4.240730e-01,1.069450e-02,7.102172e-02,4.415260e-03,4.685217e-03,3.632773e-03,4.521798e-03,2.730670e-02
2.434105e-01,1.366455e-02,4.906185e-02,1.365483e-02,2.118694e-02,2.215072e-02,3.901803e-03,5.343749e-01,7.831478e-03,5.312242e-02,3.639144e-03,4.041455e-03,2.804668e-03,3.610947e-03,2.354388e-02
1.950192e-01,1.852694e-02,3.754551e-02,5.856036e-02,1.807407e-02,3.033313e-02,2.975331e-03,3.844777e-01,4.689762e-02,8.251174e-02,1.827928e-02,6.566142e-03,6.298649e-03,5.766588e-03,8.816785e-02
1.540533e-01,2.409983e-02,3.090207e-02,9.110601e-02,1.377852e-02,4.386982e-02,2.988305e-03,2.747194e-01,6.547566e-02,7.938229e-02,5.579347e-02,1.336167e-02,8.825760e-03,1.359356e-02,1.280504e-01
1.265461e-01,2.038863e-02,2.496267e-02,7.416562e-02,1.018253e-02,8.674423e-02,3.004494e-03,1.949118e-01,5.788631e-02,1.026021e-01,7.332943e-02,1.676773e-02,9.716227e-03,3.108521e-02,1.677070e-01
9.572630e-02,1.581969e-02,1.862230e-02,5.245803e-02,7.262642e-03,6.909703e-02,2.235388e-03,1.369480e-01,4.789996e-02,1.034434e-01,8.337826e-02,1.266503e-02,8.103085e-03,6.712532e-02,2.792156e-01
6.961083e-02,1.739556e-02,1.417634e-02,3.868927e-02,5.291793e-03,5.813180e-02,1.664751e-03,9.598219e-02,6.085215e-02,1.052778e-01,7.162727e-02,1.303694e-02,9.879777e-03,6.522212e-02,3.731614e-01
5.467876e-02,1.363906e-02,1.040266e-02,2.734135e-02,4.031215e-03,4.642887e-02,1.597358e-03,6.742284e-02,5.167540e-02,7.917824e-02,5.367466e-02,9.624884e-03,8.694971e-03,8.132556e-02,4.902841e-01
9.097938e-02,1.163752e-02,7.876195e-03,1.968121e-02,3.478542e-03,3.905073e-02,1.318349e-03,4.730434e-02,3.863079e-02,5.671934e-02,4.203875e-02,7.413313e-03,8.761372e-03,7.920139e-02,5.459087e-01
1.538349e-01,1.024330e-02,6.750438e-03,1.436613e-02,5.335880e-03,3.184023e-02,1.289499e-03,3.340948e-02,3.619800e-02,4.066391e-02,3.643230e-02,6.303226e-03,9.854537e-03,9.412909e-02,5.193491e-01
1.498044e-01,8.581987e-03,7.577942e-03,1.019704e-02,4.191279e-03,2.769555e-02,1.079749e-03,2.350396e-02,3.306966e-02,3.001647e-02,3.201332e-02,4.853149e-03,7.559485e-03,1.713491e-01,4.885069e-01
1.301117e-01,7.060069e-03,7.436486e-03,7.197148e-03,3.210780e-03,2.366903e-02,8.730965e-04,1.652161e-02,3.141706e-02,2.248793e-02,2.460598e-02,3.503860e-03,5.705636e-03,2.683029e-01,4.478967e-01
1.119531e-01,7.766174e-03,9.643704e-03,5.124057e-03,2.722953e-03,2.042873e-02,6.886616e-04,1.171956e-02,2.891506e-02,1.745146e-02,1.968201e-02,2.531981e-03,4.350607e-03,2.995706e-01,4.574513e-01
9.874274e-02,8.792563e-03,1.382327e-01,4.195948e-03,3.530119e-03,1.826182e-02,8.451602e-04,8.751999e-03,2.351320e-02,1.363027e-02,1.547700e-02,2.012606e-03,3.731572e-03,2.208285e-01,4.394538e-01
9.232096e-02,1.342882e-02,2.693656e-01,3.705530e-03,4.193802e-03,1.998271e-02,1.162274e-03,6.994254e-03,2.022884e-02,1.034892e-02,1.206246e-02,1.708811e-03,3.509738e-03,1.647309e-01,3.762563e-01
7.667929e-02,2.006675e-02,3.703173e-01,3.221487e-03,7.701612e-03,1.860239e-02,8.824762e-04,6.072820e-03,2.037689e-02,9.868332e-03,9.457318e-03,1.327351e-03,3.259498e-03,1.268570e-01,3.253094e-01
7.310077e-02,4.921080e-02,4.015201e-01,4.323022e-03,1.427991e-02,2.086280e-02,9.366336e-04,1.255688e-02,2.354955e-02,1.075329e-02,1.046393e-02,1.548664e-03,6.215129e-03,9.899272e-02,2.716857e-01
9.864419e-02,6.709366e-02,3.517903e-01,8.034873e-03,2.741465e-02,2.944619e-02,1.168395e-03,2.689414e-02,2.538660e-02,1.315805e-02,1.087125e-02,2.201821e-03,6.337158e-03,1.036642e-01,2.278945e-01
1.041099e-01,6.876102e-02,3.282017e-01,2.725891e-02,4.926200e-02,4.394295e-02,1.535812e-03,3.266337e-02,2.775849e-02,1.479899e-02,9.123105e-03,2.177285e-03,5.182505e-03,1.046996e-01,1.805243e-01
1.089720e-01,6.068984e-02,2.804237e-01,2.986502e-02,5.357438e-02,6.584700e-02,1.547786e-03,3.681669e-02,3.125101e-02,1.696776e-02,8.421211e-03,2.532510e-03,4.581215e-03,1.117342e-01,1.867755e-01
9.905934e-02,4.899690e-02,2.691646e-01,2.885287e-02,4.234761e-02,6.682546e-02,1.302923e-03,2.730932e-02,3.509050e-02,2.175851e-02,6.649183e-03,2.139061e-03,4.312374e-03,1.147433e-01,2.314481e-01
1.163647e-01,4.408478e-02,1.993382e-01,2.385135e-02,3.404931e-02,5.316353e-02,1.224959e-03,2.237182e-02,3.661267e-02,1.878915e-02,8.011634e-03,2.492871e-03,4.053496e-03,2.506681e-01,1.849234e-01
1.333925e-01,3.843467e-02,1.435039e-01,1.862116e-02,3.228252e-02,4.578578e-02,1.129147e-03,2.017992e-02,4.070783e-02,2.030148e-02,1.218964e-02,2.146284e-03,3.338411e-03,3.470354e-01,1.409513e-01
1.244662e-01,5.179837e-02,1.091802e-01,1.605234e-02,3.676685e-02,4.102946e-02,1.122877e-03,2.162094e-02,6.730069e-02,2.273238e-02,1.708263e-02,2.004697e-03,2.860726e-03,3.745639e-01,1.114177e-01
1.319516e-01,6.330871e-02,8.163030e-02,1.562564e-02,4.363674e-02,3.869026e-02,1.142346e-03,2.651910e-02,1.265169e-01,1.924990e-02,2.036428e-02,2.314711e-03,2.535505e-03,3.374445e-01,8.906937e-02
1.394416e-01,5.773985e-02,6.246919e-02,3.010226e-02,4.640998e-02,5.668517e-02,1.270354e-03,2.502847e-02,2.008849e-01,1.694315e-02,2.063130e-02,5.024659e-03,2.806191e-03,2.603894e-01,7.417358e-02
1.094234e-01,8.716957e-02,4.617663e-02,1.726882e-01,4.195465e-02,4.276619e-02,9.372021e-04,1.783597e-02,1.572914e-01,1.564380e-02,2.330062e-02,1.053847e-02,4.167967e-03,1.835790e-01,8.652681e-02
9.122264e-02,7.174899e-02,3.529028e-02,1.251654e-01,3.018429e-02,3.901743e-02,7.051729e-04,1.271487e-02,1.180827e-01,1.337593e-02,1.867511e-01,2.459664e-02,5.110409e-03,1.463506e-01,9.968350e-02
8.136414e-02,5.737344e-02,2.981642e-02,8.972868e-02,2.191726e-02,4.165167e-02,6.211905e-04,9.549957e-03,9.364219e-02,1.380035e-02,2.848816e-01,2.506653e-02,5.760808e-03,1.579448e-01,8.688089e-02
5.874941e-02,4.276578e-02,2.152747e-02,6.326089e-02,1.549044e-02,3.176166e-02,4.709283e-04,6.791958e-03,7.110582e-02,1.293529e-02,3.674280e-01,2.264019e-02,4.638216e-03,2.163909e-01,6.404293e-02
4.131372e-02,3.050045e-02,1.510209e-02,4.435606e-02,1.089997e-02,2.452761e-02,3.366674e-04,4.761831e-03,5.483394e-02,9.888658e-03,4.999039e-01,2.007683e-02,3.957822e-03,1.944070e-01,4.513342e-02
2.905577e-02,2.185281e-02,1.059241e-02,3.106784e-02,7.687574e-03,1.857776e-02,2.416515e-04,3.339046e-03,4.367585e-02,7.705039e-03,5.998425e-01,1.845982e-02,3.097775e-03,1.729760e-01,3.182803e-02
2.060367e-02,2.057279e-02,7.704887e-03,2.182775e-02,6.092197e-03,2.858890e-02,2.189164e-04,2.466398e-03,1.195448e-01,7.232851e-03,5.841747e-01,1.965428e-02,2.516604e-03,1.362282e-01,2.257312e-02
1.454681e-02,1.952886e-02,5.476903e-03,1.529424e-02,4.387361e-03,3.345188e-02,1.741705e-04,1.759137e-03,1.797409e-01,7.800632e-03,5.731636e-01,1.742669e-02,2.221578e-03,1.090831e-01,1.594410e-02
1.033673e-02,1.751645e-02,3.890766e-03,1.072953e-02,3.185716e-03,2.524529e-02,1.380852e-04,1.244443e-03,1.585208e-01,1.049740e-02,6.252354e-01,1.908462e-02,1.944805e-03,1.011587e-01,1.127132e-02
7.432635e-03,1.310027e-02,2.819738e-03,7.544927e-03,2.405476e-03,1.942172e-02,1.175351e-04,9.438473e-04,1.352865e-01,1.452987e-02,6.580025e-01,1.816836e-02,1.849278e-03,1.104381e-01,7.939205e-03
5.378390e-03,1.041773e-02,2.035866e-03,5.397447e-03,1.853023e-03,2.421041e-02,1.005534e-04,8.087711e-04,1.993887e-01,1.810437e-02,5.980061e-01,1.470022e-02,1.620922e-03,1.123422e-01,5.635164e-03
4.083147e-03,2.104592e-02,2.003810e-03,3.936470e-03,1.598469e-03,2.785361e-02,1.131202e-04,1.704514e-03,2.643736e-01,1.956234e-02,5.216917e-01,1.217945e-02,1.306150e-03,1.144639e-01,4.083818e-03
3.086652e-03,2.295930e-02,1.497177e-03,2.965124e-03,1.798644e-03,5.884900e-02,9.917139e-05,1.447498e-03,3.890602e-01,1.748234e-02,3.937239e-01,8.897870e-03,9.834230e-04,9.418693e-02,2.962770e-03
2.515774e-03,3.109895e-02,1.179555e-03,2.900440e-03,1.930908e-03,1.029995e-01,8.442818e-05,1.531440e-03,4.527668e-01,1.532357e-02,3.007906e-01,6.613674e-03,7.861824e-04,7.698652e-02,2.491672e-03
8.617051e-03,3.773332e-02,6.847071e-03,6.156772e-03,7.655747e-03,1.301477e-01,4.772305e-04,4.095344e-02,4.452387e-01,1.424925e-02,2.293804e-01,4.824884e-03,8.206452e-04,6.455429e-02,2.343442e-03
1.939503e-02,4.734080e-02,1.056903e-02,8.445683e-03,2.450318e-02,1.363381e-01,1.086953e-03,9.011003e-02,4.244241e-01,1.339537e-02,1.681724e-01,3.478321e-03,9.077379e-04,4.882562e-02,3.007615e-03
3.147839e-02,4.827264e-02,2.489607e-02,1.690356e-02,4.328528e-02,1.115074e-01,1.406612e-03,9.956298e-02,4.206564e-01,1.631249e-02,1.284998e-01,2.579740e-03,1.578776e-03,4.296200e-02,1.009774e-02
4.393833e-02,6.350963e-02,2.618495e-02,1.528583e-02,4.842163e-02,9.232822e-02,2.232741e-03,7.875454e-02,4.482190e-01,1.418736e-02,1.048348e-01,2.463937e-03,2.466322e-03,4.445901e-02,1.271366e-02
6.132992e-02,9.433086e-02,3.245276e-02,1.700076e-02,7.510632e-02,7.603305e-02,5.182392e-03,7.266135e-02,4.034620e-01,1.172115e-02,8.280106e-02,3.018065e-03,3.578733e-03,4.801484e-02,1.330671e-02
8.780633e-02,1.307511e-01,2.613576e-02,1.436822e-02,7.770376e-02,7.640183e-02,4.360392e-03,6.407465e-02,3.618217e-01,9.786064e-03,6.801682e-02,2.941073e-03,3.222887e-03,5.891576e-02,1.369361e-02
1.068459e-01,1.263829e-01,2.015275e-02,1.211713e-02,6.651939e-02,7.304839e-02,4.067807e-03,6.921269e-02,3.462479e-01,9.147818e-03,6.023505e-02,2.968921e-03,3.198466e-03,8.312620e-02,1.672877e-02
1.412765e-01,1.299426e-01,1.600340e-02,1.048898e-02,5.207416e-02,6.364482e-02,3.812733e-03,5.901127e-02,3.107643e-01,9.126951e-03,5.355949e-02,4.114265e-03,3.235849e-03,1.244455e-01,1.849927e-02
2.062446e-01,1.029098e-01,1.542418e-02,8.713284e-03,4.090291e-02,5.226433e-02,3.954189e-03,4.661574e-02,2.551373e-01,9.883553e-03,5.008838e-02,4.505903e-03,3.907588e-03,1.816225e-01,1.782570e-02
2.669971e-01,8.123574e-02,1.779457e-02,8.048232e-03,3.625534e-02,4.081592e-02,4.307215e-03,3.757330e-02,2.135627e-01,9.054849e-03,4.276111e-02,5.586774e-03,4.417107e-03,2.146601e-01,1.692998e-02
3.186173e-01,6.034993e-02,5.817449e-02,1.342977e-02,3.208983e-02,3.443257e-02,6.703078e-03,4.029319e-02,1.646906e-01,1.089936e-02,3.891107e-02,8.616050e-03,4.846078e-03,1.903738e-01,1.757287e-02
3.703200e-01,4.642756e-02,8.684142e-02,1.831489e-02,2.755888e-02,3.089076e-02,6.478737e-03,4.682703e-02,1.288470e-01,1.624980e-02,3.104255e-02,1.224164e-02,6.005694e-03,1.495631e-01,2.239105e-02
2.720333e-01,3.752959e-02,8.077615e-02,1.517824e-02,2.013760e-02,5.110592e-02,4.770937e-03,3.497152e-02,1.348578e-01,1.830263e-02,3.207179e-02,1.031599e-02,8.142083e-03,1.326142e-01,1.471923e-01
2.388059e-01,3.055292e-02,6.543226e-02,1.215252e-02,1.459517e-02,4.902899e-02,5.094362e-03,2.602539e-02,1.339604e-01,2.143855e-02,3.040590e-02,1.115527e-02,7.068758e-03,1.763710e-01,1.779126e-01
2.646447e-01,2.398713e-02,5.165577e-02,9.957509e-03,1.075131e-02,4.295043e-02,3.952768e-03,1.988759e-02,1.028112e-01,2.327789e-02,3.571763e-02,1.114666e-02,8.304409e-03,2.395071e-01,1.514480e-01
2.295517e-01,5.099776e-02,4.035277e-02,8.608464e-03,8.556806e-03,3.736284e-02,3.599998e-03,1.608594e-02,1.514098e-01,2.296348e-02,2.917048e-02,8.937595e-03,7.845782e-03,2.207544e-01,1.638022e-01
1.796400e-01,1.032951e-01,3.035081e-02,6.719380e-03,6.635070e-03,3.042981e-02,3.039533e-03,1.226065e-02,2.217241e-01,1.866098e-02,2.287110e-02,6.786987e-03,7.766326e-03,1.909051e-01,1.589150e-01
1.390129e-01,2.102107e-01,2.141683e-02,6.274438e-03,5.152414e-03,2.255841e-02,2.280959e-03,8.950764e-03,2.409803e-01,1.476901e-02,1.806868e-02,4.982056e-03,6.386685e-03,1.602599e-01,1.386959e-01
1.113608e-01,3.431909e-01,1.516692e-02,1.871809e-02,3.688982e-03,1.795752e-02,1.612216e-03,6.476186e-03,2.112361e-01,1.055179e-02,2.279423e-02,4.413105e-03,6.528574e-03,1.182727e-01,1.080319e-01
1.128594e-01,3.775597e-01,1.200290e-02,2.133390e-02,2.886474e-03,1.650514e-02,1.235994e-03,5.076040e-03,1.772272e-01,8.427332e-03,5.367596e-02,5.605105e-03,9.038111e-03,9.913041e-02,9.743634e-02
8.105166e-02,3.289602e-01,9.651199e-03,1.940165e-02,4.132467e-03,1.299378e-02,8.866620e-04,3.744584e-03,3.063435e-01,1.322377e-02,4.488115e-02,5.314074e-03,9.831053e-03,7.078447e-02,8.879983e-02
5.882631e-02,2.910938e-01,8.088056e-03,2.068859e-02,5.693305e-03,1.013650e-02,6.536979e-04,3.003921e-03,4.265838e-01,1.030779e-02,3.434979e-02,4.102899e-03,8.463123e-03,5.017622e-02,6.783225e-02
4.366536e-02,2.633350e-01,7.654011e-03,7.561475e-02,5.279807e-03,9.081798e-03,4.946787e-04,2.586836e-03,4.316097e-01,9.069384e-03,2.525541e-02,2.982130e-03,6.561598e-03,3.537123e-02,8.143836e-02
4.214319e-02,2.114584e-01,1.105310e-02,1.120576e-01,3.199587e-02,2.092681e-02,1.612273e-03,9.398395e-03,4.170813e-01,8.753045e-03,1.817162e-02,2.148279e-03,4.993339e-03,2.498001e-02,8.322683e-02
3.567806e-02,1.659803e-01,2.381893e-02,2.209596e-01,5.554356e-02,2.498618e-02,2.200991e-03,2.188817e-02,3.356016e-01,7.764759e-03,1.328937e-02,1.566349e-03,3.805680e-03,1.762725e-02,6.928931e-02
3.344767e-02,1.381302e-01,2.824822e-02,2.256698e-01,5.803387e-02,3.329877e-02,2.403338e-03,1.731857e-02,3.015826e-01,1.413249e-02,1.280069e-02,1.282888e-03,4.376153e-03,1.250283e-02,1.167720e-01
2.729111e-02,1.052459e-01,2.645046e-02,1.608648e-01,1.079965e-01,2.095417e-01,4.151100e-03,1.260051e-02,2.204267e-01,1.862813e-02,9.336693e-03,9.733562e-04,3.645697e-03,8.842785e-03,8.400457e-02
2.300465e-02,8.228035e-02,2.225807e-02,1.199594e-01,1.203746e-01,3.244101e-01,9.501478e-03,2.053334e-02,1.610017e-01,3.786764e-02,7.334099e-03,8.963248e-04,3.072274e-03,6.451774e-03,6.105424e-02
2.824123e-02,6.391490e-02,2.536668e-02,8.954351e-02,1.043210e-01,3.527786e-01,1.893333e-02,6.993508e-02,1.190224e-01,6.460158e-02,7.526753e-03,9.540380e-04,3.696703e-03,4.872912e-03,4.629133e-02
2.774302e-02,4.961957e-02,2.668826e-02,6.647483e-02,8.990654e-02,3.121445e-01,2.140053e-02,1.037466e-01,8.864082e-02,1.598886e-01,6.882148e-03,9.907695e-04,4.456094e-03,3.703565e-03,3.771403e-02
5.845678e-02,4.495383e-02,2.907270e-02,5.116623e-02,7.759348e-02,2.408094e-01,2.167649e-02,1.024043e-01,6.581663e-02,2.499482e-01,6.929952e-03,1.035810e-03,4.382123e-03,3.231886e-03,4.252221e-02
7.249759e-02,4.041366e-02,3.677479e-02,4.027175e-02,7.045173e-02,1.770018e-01,1.864141e-02,1.165076e-01,5.023568e-02,3.012263e-01,8.931471e-03,1.634751e-03,4.308249e-03,3.347985e-03,5.775525e-02
1.268721e-01,5.823691e-02,3.111583e-02,3.789423e-02,1.123704e-01,1.361710e-01,2.172368e-02,1.183416e-01,4.592444e-02,2.375771e-01,8.736805e-03,2.465799e-03,7.897730e-03,3.661806e-03,5.101045e-02
1.746050e-01,8.919865e-02,2.816463e-02,3.173304e-02,1.158455e-01,1.095719e-01,2.037301e-02,9.470118e-02,5.615827e-02,1.849085e-01,9.310348e-03,3.346446e-03,1.184006e-02,6.352052e-03,6.389132e-02
2.439991e-01,8.701072e-02,2.318009e-02,3.053759e-02,1.102412e-01,8.722781e-02,2.455857e-02,9.404892e-02,6.160755e-02,1.357832e-01,9.337294e-03,5.393567e-03,1.467896e-02,7.301300e-03,6.509408e-02
3.346745e-01,6.826282e-02,1.926153e-02,2.715627e-02,9.255137e-02,6.638545e-02,2.734858e-02,9.668186e-02,6.900544e-02,9.882952e-02,9.259243e-03,9.237640e-03,1.658116e-02,7.459411e-03,5.730525e-02
2.816695e-01,7.330059e-02,2.116834e-02,2.211395e-02,6.736958e-02,5.788293e-02,2.012148e-02,6.806682e-02,5.831890e-02,8.938669e-02,1.588794e-02,9.334436e-03,1.308627e-02,5.439776e-02,1.478948e-01
2.122566e-01,5.753060e-02,1.635678e-02,1.711214e-02,4.795391e-02,4.469246e-02,1.470924e-02,4.789240e-02,8.812701e-02,8.781185e-02,1.486466e-02,7.703192e-03,1.086698e-02,6.457163e-02,2.675505e-01
1.723462e-01,7.865968e-02,1.332617e-02,1.883945e-02,3.440011e-02,3.576153e-02,1.057700e-02,3.398943e-02,1.148024e-01,1.442766e-01,1.891110e-02,1.053157e-02,1.254338e-02,5.758712e-02,2.434483e-01
1.369422e-01,1.390866e-01,9.907749e-03,1.567236e-02,2.440939e-02,2.727621e-02,7.492408e-03,2.391435e-02,1.384089e-01,1.123876e-01,1.842966e-02,1.204919e-02,1.190775e-02,5.178524e-02,2.703304e-01
1.144698e-01,1.723985e-01,7.534304e-03,1.603041e-02,1.741786e-02,2.029053e-02,5.421972e-03,1.690772e-02,1.710875e-01,8.590586e-02,1.603867e-02,1.083562e-02,1.112007e-02,4.535585e-02,2.891853e-01
9.003903e-02,1.822001e-01,5.556113e-03,1.312007e-02,1.266831e-02,1.502005e-02,3.908091e-03,1.191457e-02,2.310461e-01,6.158694e-02,1.289863e-02,9.823762e-03,9.960683e-03,3.842476e-02,3.018328e-01
