1.000000e+00,0.000000e+00,0.000000e+00,0.000000e+00,0.000000e+00,0.000000e+00,0.000000e+00,0.000000e+00,0.000000e+00,0.000000e+00,0.000000e+00,0.000000e+00,0.000000e+00,0.000000e+00,0.000000e+00
1.000000e+00,0.000000e+00,0.000000e+00,0.000000e+00,0.000000e+00,0.000000e+00,0.000000e+00,0.000000e+00,0.000000e+00,0.000000e+00,0.000000e+00,0.000000e+00,0.000000e+00,0.000000e+00,0.000000e+00
1.000000e+00,0.000000e+00,0.000000e+00,0.000000e+00,0.000000e+00,0.000000e+00,0.000000e+00,0.000000e+00,0.000000e+00,0.000000e+00,0.000000e+00,0.000000e+00,0.000000e+00,0.000000e+00,0.000000e+00
1.000000e+00,0.000000e+00,0.000000e+00,0.000000e+00,0.000000e+00,0.000000e+00,0.000000e+00,0.000000e+00,0.000000e+00,0.000000e+00,0.000000e+00,0.000000e+00,0.000000e+00,0.000000e+00,0.000000e+00
1.000000e+00,0.000000e+00,0.000000e+00,0.000000e+00,0.000000e+00,0.000000e+00,0.000000e+00,0.000000e+00,0.000000e+00,0.000000e+00,0.000000e+00,0.000000e+00,0.000000e+00,0.000000e+00,0.000000e+00
1.000000e+00,0.000000e+00,0.000000e+00,0.000000e+00,0.000000e+00,0.000000e+00,0.000000e+00,0.000000e+00,0.000000e+00,0.000000e+00,0.000000e+00,0.000000e+00,0.000000e+00,0.000000e+00,0.000000e+00
1.000000e+00,0.000000e+00,0.000000e+00,0.000000e+00,0.000000e+00,0.000000e+00,0.000000e+00,0.000000e+00,0.000000e+00,0.000000e+00,0.000000e+00,0.000000e+00,0.000000e+00,0.000000e+00,0.000000e+00
1.000000e+00,0.000000e+00,0.000000e+00,0.000000e+00,0.000000e+00,0.000000e+00,0.000000e+00,0.000000e+00,0.000000e+00,0.000000e+00,0.000000e+00,0.000000e+00,0.000000e+00,0.000000e+00,0.000000e+00
1.000000e+00,0.000000e+00,0.000000e+00,0.000000e+00,0.000000e+00,0.000000e+00,0.000000e+00,0.000000e+00,0.000000e+00,0.000000e+00,0.000000e+00,0.000000e+00,0.000000e+00,0.000000e+00,0.000000e+00
1.000000e+00,0.000000e+00,0.000000e+00,0.000000e+00,0.000000e+00,0.000000e+00,0.000000e+00,0.000000e+00,0.000000e+00,0.000000e+00,0.000000e+00,0.000000e+00,0.000000e+00,0.000000e+00,0.000000e+00
1.000000e+00,0.000000e+00,0.000000e+00,0.000000e+00,0.000000e+00,0.000000e+00,0.000000e+00,0.000000e+00,0.000000e+00,0.000000e+00,0.000000e+00,0.000000e+00,0.000000e+00,0.000000e+00,0.000000e+00
1.000000e+00,0.000000e+00,0.000000e+00,0.000000e+00,0.000000e+00,0.000000e+00,0.000000e+00,0.000000e+00,0.000000e+00,0.000000e+00,0.000000e+00,0.000000e+00,0.000000e+00,0.000000e+00,0.000000e+00
1.000000e+00,0.000000e+00,0.000000e+00,0.000000e+00,0.000000e+00,0.000000e+00,0.000000e+00,0.000000e+00,0.000000e+00,0.000000e+00,0.000000e+00,0.000000e+00,0.000000e+00,0.000000e+00,0.000000e+00
1.000000e+00,0.000000e+00,0.000000e+00,0.000000e+00,0.000000e+00,0.000000e+00,0.000000e+00,0.000000e+00,0.000000e+00,0.000000e+00,0.000000e+00,0.000000e+00,0.000000e+00,0.000000e+00,0.000000e+00
1.000000e+00,0.000000e+00,0.000000e+00,0.000000e+00,0.000000e+00,0.000000e+00,0.000000e+00,0.000000e+00,0.000000e+00,0.000000e+00,0.000000e+00,0.000000e+00,0.000000e+00,0.000000e+00,0.000000e+00
1.000000e+00,0.000000e+00,0.000000e+00,0.000000e+00,0.000000e+00,0.000000e+00,0.000000e+00,0.000000e+00,0.000000e+00,0.000000e+00,0.000000e+00,0.000000e+00,0.000000e+00,0.000000e+00,0.000000e+00
1.000000e+00,0.000000e+00,0.000000e+00,0.000000e+00,0.000000e+00,0.000000e+00,0.000000e+00,0.000000e+00,0.000000e+00,0.000000e+00,0.000000e+00,0.000000e+00,0.000000e+00,0.000000e+00,0.000000e+00
1.000000e+00,0.000000e+00,0.000000e+00,0.000000e+00,0.000000e+00,0.000000e+00,0.000000e+00,0.000000e+00,0.000000e+00,0.000000e+00,0.000000e+00,0.000000e+00,0.000000e+00,0.000000e+00,0.000000e+00
1.000000e+00,0.000000e+00,0.000000e+00,0.000000e+00,0.000000e+00,0.000000e+00,0.000000e+00,0.000000e+00,0.000000e+00,0.000000e+00,0.000000e+00,0.000000e+00,0.000000e+00,0.000000e+00,0.000000e+00
1.000000e+00,0.000000e+00,0.000000e+00,0.000000e+00,0.000000e+00,0.000000e+00,0.000000e+00,0.000000e+00,0.000000e+00,0.000000e+00,0.000000e+00,0.000000e+00,0.000000e+00,0.000000e+00,0.000000e+00
1.000000e+00,0.000000e+00,0.000000e+00,0.000000e+00,0.000000e+00,0.000000e+00,0.000000e+00,0.000000e+00,0.000000e+00,0.000000e+00,0.000000e+00,0.000000e+00,0.000000e+00,0.000000e+00,0.000000e+00
1.000000e+00,0.000000e+00,0.000000e+00,0.000000e+00,0.000000e+00,0.000000e+00,0.000000e+00,0.000000e+00,0.000000e+00,0.000000e+00,0.000000e+00,0.000000e+00,0.000000e+00,0.000000e+00,0.000000e+00
1.000000e+00,0.000000e+00,0.000000e+00,0.000000e+00,0.000000e+00,0.000000e+00,0.000000e+00,0.000000e+00,0.000000e+00,0.000000e+00,0.000000e+00,0.000000e+00,0.000000e+00,0.000000e+00,0.000000e+00
1.000000e+00,0.000000e+00,0.000000e+00,0.000000e+00,0.000000e+00,0.000000e+00,0.000000e+00,0.000000e+00,0.000000e+00,0.000000e+00,0.000000e+00,0.000000e+00,0.000000e+00,0.000000e+00,0.000000e+00
1.000000e+00,0.000000e+00,0.000000e+00,0.000000e+00,0.000000e+00,0.000000e+00,0.000000e+00,0.000000e+00,0.000000e+00,0.000000e+00,0.000000e+00,0.000000e+00,0.000000e+00,0.000000e+00,0.000000e+00
1.000000e+00,0.000000e+00,0.000000e+00,0.000000e+00,0.000000e+00,0.000000e+00,0.000000e+00,0.000000e+00,0.000000e+00,0.000000e+00,0.000000e+00,0.000000e+00,0.000000e+00,0.000000e+00,0.000000e+00
1.000000e+00,0.000000e+00,0.000000e+00,0.000000e+00,0.000000e+00,0.000000e+00,0.000000e+00,0.000000e+00,0.000000e+00,0.000000e+00,0.000000e+00,0.000000e+00,0.000000e+00,0.000000e+00,0.000000e+00
1.000000e+00,0.000000e+00,0.000000e+00,0.000000e+00,0.000000e+00,0.000000e+00,0.000000e+00,0.000000e+00,0.000000e+00,0.000000e+00,0.000000e+00,0.000000e+00,0.000000e+00,0.000000e+00,0.000000e+00
1.000000e+00,0.000000e+00,0.000000e+00,0.000000e+00,0.000000e+00,0.000000e+00,0.000000e+00,0.000000e+00,0.000000e+00,0.000000e+00,0.000000e+00,0.000000e+00,0.000000e+00,0.000000e+00,0.000000e+00
1.000000e+00,0.000000e+00,0.000000e+00,0.000000e+00,0.000000e+00,0.000000e+00,0.000000e+00,0.000000e+00,0.000000e+00,0.000000e+00,0.000000e+00,0.000000e+00,0.000000e+00,0.000000e+00,0.000000e+00
1.000000e+00,0.000000e+00,0.000000e+00,0.000000e+00,0.000000e+00,0.000000e+00,0.000000e+00,0.000000e+00,0.000000e+00,0.000000e+00,0.000000e+00,0.000000e+00,0.000000e+00,0.000000e+00,0.000000e+00
1.000000e+00,0.000000e+00,0.000000e+00,0.000000e+00,0.000000e+00,0.000000e+00,0.000000e+00,0.000000e+00,0.000000e+00,0.000000e+00,0.000000e+00,0.000000e+00,0.000000e+00,0.000000e+00,0.000000e+00
1.000000e+00,0.000000e+00,0.000000e+00,0.000000e+00,0.000000e+00,0.000000e+00,0.000000e+00,0.000000e+00,0.000000e+00,0.000000e+00,0.000000e+00,0.000000e+00,0.000000e+00,0.000000e+00,0.000000e+00
1.000000e+00,0.000000e+00,0.000000e+00,0.000000e+00,0.000000e+00,0.000000e+00,0.000000e+00,0.000000e+00,0.000000e+00,0.000000e+00,0.000000e+00,0.000000e+00,0.000000e+00,0.000000e+00,0.000000e+00
1.000000e+00,0.000000e+00,0.000000e+00,0.000000e+00,0.000000e+00,0.000000e+00,0.000000e+00,0.000000e+00,0.000000e+00,0.000000e+00,0.000000e+00,0.000000e+00,0.000000e+00,0.000000e+00,0.000000e+00
1.000000e+00,0.000000e+00,0.000000e+00,0.000000e+00,0.000000e+00,0.000000e+00,0.000000e+00,0.000000e+00,0.000000e+00,0.000000e+00,0.000000e+00,0.000000e+00,0.000000e+00,0.000000e+00,0.000000e+00
1.000000e+00,0.000000e+00,0.000000e+00,0.000000e+00,0.000000e+00,0.000000e+00,0.000000e+00,0.000000e+00,0.000000e+00,0.000000e+00,0.000000e+00,0.000000e+00,0.000000e+00,0.000000e+00,0.000000e+00
1.000000e+00,0.000000e+00,0.000000e+00,0.000000e+00,0.000000e+00,0.000000e+00,0.000000e+00,0.000000e+00,0.000000e+00,0.000000e+00,0.000000e+00,0.000000e+00,0.000000e+00,0.000000e+00,0.000000e+00
1.000000e+00,0.000000e+00,0.000000e+00,0.000000e+00,0.000000e+00,0.000000e+00,0.000000e+00,0.000000e+00,0.000000e+00,0.000000e+00,0.000000e+00,0.000000e+00,0.000000e+00,0.000000e+00,0.000000e+00
1.000000e+00,0.000000e+00,0.000000e+00,0.000000e+00,0.000000e+00,0.000000e+00,0.000000e+00,0.000000e+00,0.000000e+00,0.000000e+00,0.000000e+00,0.000000e+00,0.000000e+00,0.000000e+00,0.000000e+00
1.000000e+00,0.000000e+00,0.000000e+00,0.000000e+00,0.000000e+00,0.000000e+00,0.000000e+00,0.000000e+00,0.000000e+00,0.000000e+00,0.000000e+00,0.000000e+00,0.000000e+00,0.000000e+00,0.000000e+00
1.000000e+00,0.000000e+00,0.000000e+00,0.000000e+00,0.000000e+00,0.000000e+00,0.000000e+00,0.000000e+00,0.000000e+00,0.000000e+00,0.000000e+00,0.000000e+00,0.000000e+00,0.000000e+00,0.000000e+00
1.000000e+00,0.000000e+00,0.000000e+00,0.000000e+00,0.000000e+00,0.000000e+00,0.000000e+00,0.000000e+00,0.000000e+00,0.000000e+00,0.000000e+00,0.000000e+00,0.000000e+00,0.000000e+00,0.000000e+00
1.000000e+00,0.000000e+00,0.000000e+00,0.000000e+00,0.000000e+00,0.000000e+00,0.000000e+00,0.000000e+00,0.000000e+00,0.000000e+00,0.000000e+00,0.000000e+00,0.000000e+00,0.000000e+00,0.000000e+00
1.000000e+00,0.000000e+00,0.000000e+00,0.000000e+00,0.000000e+00,0.000000e+00,0.000000e+00,0.000000e+00,0.000000e+00,0.000000e+00,0.000000e+00,0.000000e+00,0.000000e+00,0.000000e+00,0.000000e+00
1.000000e+00,0.000000e+00,0.000000e+00,0.000000e+00,0.000000e+00,0.000000e+00,0.000000e+00,0.000000e+00,0.000000e+00,0.000000e+00,0.000000e+00,0.000000e+00,0.000000e+00,0.000000e+00,0.000000e+00
1.000000e+00,0.000000e+00,0.000000e+00,0.000000e+00,0.000000e+00,0.000000e+00,0.000000e+00,0.000000e+00,0.000000e+00,0.000000e+00,0.000000e+00,0.000000e+00,0.000000e+00,0.000000e+00,0.000000e+00
1.000000e+00,0.000000e+00,0.000000e+00,0.000000e+00,0.000000e+00,0.000000e+00,0.000000e+00,0.000000e+00,0.000000e+00,0.000000e+00,0.000000e+00,0.000000e+00,0.000000e+00,0.000000e+00,0.000000e+00
1.000000e+00,0.000000e+00,0.000000e+00,0.000000e+00,0.000000e+00,0.000000e+00,0.000000e+00,0.000000e+00,0.000000e+00,0.000000e+00,0.000000e+00,0.000000e+00,0.000000e+00,0.000000e+00,0.000000e+00
1.000000e+00,0.000000e+00,0.000000e+00,0.000000e+00,0.000000e+00,0.000000e+00,0.000000e+00,0.000000e+00,0.000000e+00,0.000000e+00,0.000000e+00,0.000000e+00,0.000000e+00,0.000000e+00,0.000000e+00
1.000000e+00,0.000000e+00,0.000000e+00,0.000000e+00,0.000000e+00,0.000000e+00,0.000000e+00,0.000000e+00,0.000000e+00,0.000000e+00,0.000000e+00,0.000000e+00,0.000000e+00,0.000000e+00,0.000000e+00
1.000000e+00,0.000000e+00,0.000000e+00,0.000000e+00,0.000000e+00,0.000000e+00,0.000000e+00,0.000000e+00,0.000000e+00,0.000000e+00,0.000000e+00,0.000000e+00,0.000000e+00,0.000000e+00,0.000000e+00
1.000000e+00,0.000000e+00,0.000000e+00,0.000000e+00,0.000000e+00,0.000000e+00,0.000000e+00,0.000000e+00,0.000000e+00,0.000000e+00,0.000000e+00,0.000000e+00,0.000000e+00,0.000000e+00,0.000000e+00
1.000000e+00,0.000000e+00,0.000000e+00,0.000000e+00,0.000000e+00,0.000000e+00,0.000000e+00,0.000000e+00,0.000000e+00,0.000000e+00,0.000000e+00,0.000000e+00,0.000000e+00,0.000000e+00,0.000000e+00
1.000000e+00,0.000000e+00,0.000000e+00,0.000000e+00,0.000000e+00,0.000000e+00,0.000000e+00,0.000000e+00,0.000000e+00,0.000000e+00,0.000000e+00,0.000000e+00,0.000000e+00,0.000000e+00,0.000000e+00
4.706114e-01,1.253684e-02,3.307467e-02,2.749890e-02,1.463131e-02,7.874300e-02,2.148011e-01,5.079798e-02,7.580874e-03,1.669201e-03,1.566437e-02,2.247993e-02,3.202383e-02,4.013910e-03,1.387266e-02
3.372100e-01,9.736866e-03,3.121521e-02,2.192644e-02,1.376717e-02,9.141457e-02,2.153090e-01,2.001090e-01,5.647824e-03,1.418224e-03,1.152638e-02,1.648241e-02,3.031338e-02,3.393597e-03,1.052994e-02
2.448532e-01,7.481362e-03,2.657614e-02,1.684609e-02,1.116143e-02,1.123304e-01,1.906371e-01,3.270265e-01,4.275352e-03,1.296451e-03,8.511214e-03,1.229067e-02,2.483494e-02,2.719708e-03,9.159409e-03
1.894496e-01,6.277720e-03,2.924331e-02,1.345599e-02,9.370980e-03,1.491264e-01,1.765059e-01,3.730817e-01,3.486109e-03,1.475143e-03,6.467557e-03,9.662066e-03,2.019823e-02,2.534308e-03,9.664971e-03
1.711145e-01,5.500307e-03,3.759649e-02,1.204083e-02,1.171618e-02,1.376805e-01,1.491659e-01,4.289512e-01,2.954772e-03,2.502175e-03,4.946172e-03,7.603252e-03,1.569705e-02,2.129546e-03,1.040113e-02
1.585143e-01,5.044302e-03,4.973371e-02,1.095768e-02,1.604469e-02,1.150781e-01,1.078427e-01,4.927794e-01,2.400012e-03,6.874220e-03,3.921248e-03,6.003454e-03,1.192132e-02,1.740333e-03,1.114449e-02
1.375442e-01,4.628892e-03,5.595112e-02,1.074210e-02,2.119402e-02,9.459300e-02,7.845742e-02,5.402490e-01,2.294166e-03,2.269967e-02,3.390682e-03,4.877095e-03,9.156946e-03,1.467916e-03,1.275371e-02
1.149993e-01,3.648320e-03,4.632103e-02,8.333495e-03,2.245396e-02,6.945903e-02,5.692228e-02,6.313621e-01,1.787594e-03,1.932292e-02,2.699925e-03,3.756308e-03,6.845575e-03,1.173411e-03,1.091487e-02
1.102695e-01,3.514172e-03,5.621099e-02,7.912207e-03,2.552540e-02,6.040486e-02,4.239721e-02,6.376060e-01,1.947958e-03,2.432892e-02,2.890909e-03,3.557045e-03,5.775740e-03,1.581609e-03,1.607758e-02
9.737646e-02,3.802538e-03,4.474862e-02,6.675610e-03,2.644448e-02,4.516025e-02,3.429037e-02,6.912899e-01,1.830653e-03,2.027651e-02,2.720954e-03,3.285227e-03,5.057154e-03,1.491420e-03,1.554992e-02
1.185125e-01,3.602876e-03,3.449009e-02,6.109088e-03,2.384839e-02,3.549361e-02,2.707654e-02,7.078020e-01,2.077167e-03,1.530675e-02,2.489093e-03,3.511403e-03,4.455341e-03,1.370332e-03,1.385494e-02
1.498084e-01,3.876659e-03,2.826834e-02,6.490565e-03,2.219566e-02,2.987508e-02,2.164173e-02,6.959240e-01,2.423048e-03,1.218419e-02,2.622962e-03,4.550237e-03,4.496064e-03,1.424813e-03,1.421829e-02
1.076741e-01,3.759735e-02,2.624533e-02,1.118965e-01,1.699162e-02,2.248259e-02,1.559674e-02,4.876814e-01,1.957730e-02,4.252328e-02,5.304360e-03,6.605160e-03,1.116069e-02,1.598530e-03,8.706510e-02
7.688919e-02,4.370703e-02,2.328656e-02,1.215772e-01,1.219123e-02,1.757332e-02,1.097421e-02,3.415858e-01,3.029552e-02,8.474593e-02,1.181333e-02,5.228358e-03,1.036875e-02,1.542580e-03,2.082210e-01
5.426176e-02,3.900085e-02,2.015864e-02,8.766112e-02,8.642215e-03,1.404950e-02,7.736333e-03,2.392057e-01,4.901087e-02,1.849776e-01,1.027543e-02,4.117603e-03,1.029713e-02,3.371203e-03,2.672341e-01
3.976771e-02,3.139087e-02,1.559296e-02,6.188389e-02,6.960624e-03,1.397581e-02,5.470089e-03,1.677595e-01,7.213423e-02,1.562939e-01,1.876533e-02,4.313846e-03,1.376166e-02,1.908481e-02,3.728448e-01
3.486626e-02,4.737504e-02,1.168220e-02,5.300729e-02,1.328409e-02,1.194921e-02,4.911518e-03,1.190775e-01,1.796724e-01,1.233663e-01,1.532325e-02,6.760326e-03,1.617114e-02,2.373588e-02,3.388176e-01
3.336953e-02,3.933974e-02,9.378055e-03,4.149454e-02,2.127921e-02,1.010703e-02,3.964647e-03,8.450433e-02,2.262879e-01,9.506785e-02,2.316688e-02,3.137127e-02,8.990255e-02,3.447216e-02,2.562943e-01
2.557281e-02,3.214704e-02,7.672730e-03,3.119205e-02,2.412222e-02,7.680192e-03,3.004992e-03,5.956073e-02,3.053279e-01,7.479372e-02,3.175426e-02,2.971940e-02,1.361457e-01,2.681474e-02,2.044915e-01
2.896228e-02,8.044247e-02,5.825162e-03,2.451038e-02,1.975992e-02,5.768826e-03,2.155777e-03,4.185164e-02,3.977324e-01,5.377611e-02,2.507373e-02,2.133322e-02,9.881412e-02,2.146208e-02,1.725318e-01
2.967297e-02,1.508603e-01,6.746692e-03,4.246603e-02,1.870190e-02,6.117362e-03,1.706345e-03,2.978097e-02,3.960976e-01,3.950658e-02,2.032135e-02,1.543068e-02,7.162002e-02,1.622366e-02,1.547475e-01
1.132184e-01,1.750785e-01,7.155444e-03,4.101102e-02,2.678937e-02,9.582489e-03,1.594173e-03,2.220950e-02,3.465388e-01,3.002169e-02,1.805049e-02,1.246661e-02,5.168748e-02,1.595397e-02,1.286420e-01
9.889535e-02,1.718011e-01,1.760539e-02,1.061454e-01,4.538662e-02,9.915051e-03,2.162168e-03,2.547994e-02,3.220150e-01,2.444173e-02,1.494015e-02,9.160977e-03,3.819631e-02,1.183276e-02,1.020220e-01
1.167806e-01,1.402126e-01,1.651196e-02,8.752945e-02,5.908762e-02,1.406421e-02,2.917673e-03,2.455510e-02,3.238747e-01,2.137767e-02,1.404565e-02,9.208255e-03,2.923976e-02,1.071246e-02,1.298823e-01
1.489505e-01,1.523481e-01,1.491700e-02,8.282417e-02,6.242725e-02,1.864522e-02,2.739613e-03,1.993504e-02,2.756475e-01,1.854347e-02,1.344236e-02,9.244190e-03,2.294354e-02,1.101688e-02,1.463751e-01
1.520389e-01,1.193153e-01,3.307151e-02,1.031719e-01,5.454893e-02,2.237988e-02,2.543464e-03,2.243407e-02,2.821447e-01,1.898345e-02,1.598634e-02,1.396957e-02,1.993679e-02,9.906325e-03,1.295688e-01
1.712857e-01,9.229492e-02,7.641941e-02,1.200318e-01,5.773619e-02,2.493189e-02,2.648180e-03,4.860073e-02,2.228626e-01,1.512704e-02,1.662494e-02,1.773024e-02,1.846443e-02,1.033588e-02,1.049060e-01
2.251784e-01,8.067522e-02,9.023492e-02,1.041904e-01,5.561481e-02,2.621347e-02,3.030161e-03,5.444185e-02,1.779427e-01,1.482045e-02,1.769863e-02,1.892610e-02,1.690406e-02,1.418035e-02,9.994849e-02
2.971443e-01,7.109770e-02,9.597278e-02,8.637419e-02,5.350726e-02,2.483570e-02,3.419007e-03,6.219259e-02,1.380145e-01,1.297610e-02,1.805319e-02,1.756947e-02,1.486230e-02,1.581371e-02,8.816721e-02
2.952754e-01,5.697985e-02,1.617835e-01,8.845254e-02,4.318800e-02,2.076391e-02,3.327147e-03,7.381167e-02,1.142962e-01,1.148780e-02,1.745798e-02,1.689636e-02,1.299558e-02,1.244153e-02,7.084261e-02
3.221495e-01,4.297978e-02,1.647803e-01,8.739506e-02,3.612721e-02,2.852413e-02,3.014849e-03,6.633580e-02,8.769303e-02,1.076281e-02,2.396708e-02,2.267472e-02,3.780558e-02,1.108703e-02,5.470326e-02
3.415808e-01,3.758724e-02,1.385003e-01,8.375391e-02,2.818147e-02,3.112285e-02,2.842030e-03,6.511015e-02,7.313320e-02,1.179765e-02,3.401233e-02,2.173604e-02,6.775211e-02,9.790481e-03,5.309955e-02
3.546262e-01,2.935128e-02,9.968244e-02,6.673964e-02,2.196799e-02,2.643082e-02,5.375079e-03,5.140879e-02,6.295409e-02,1.035797e-02,3.087706e-02,1.791930e-02,1.717123e-01,7.342426e-03,4.325464e-02
4.063825e-01,2.364477e-02,7.310126e-02,5.197643e-02,1.710082e-02,2.284272e-02,6.706324e-03,4.364379e-02,5.257038e-02,9.346493e-03,2.812731e-02,1.523830e-02,2.073711e-01,6.003892e-03,3.594395e-02
4.705497e-01,1.873032e-02,5.494472e-02,3.791012e-02,1.627854e-02,2.171263e-02,1.054401e-02,6.138500e-02,4.145224e-02,8.661265e-03,2.365591e-02,1.842494e-02,1.807162e-01,4.696511e-03,3.033799e-02
4.080822e-01,1.589765e-02,4.554492e-02,2.802625e-02,1.459456e-02,2.002122e-02,1.265612e-02,5.813161e-02,3.699145e-02,8.110560e-03,2.430707e-02,1.682390e-02,2.796375e-01,4.763329e-03,2.641174e-02
3.680618e-01,1.359785e-02,3.554504e-02,2.057377e-02,1.146296e-02,1.675751e-02,1.031897e-02,4.402484e-02,2.984630e-02,7.199261e-03,2.332431e-02,2.798205e-02,3.624243e-01,7.093206e-03,2.178793e-02
3.004086e-01,3.415172e-02,6.464901e-02,3.824207e-02,2.506093e-02,1.772694e-02,9.683608e-03,3.748187e-02,3.442601e-02,1.261647e-02,2.264927e-02,4.384368e-02,3.291056e-01,1.026092e-02,1.969339e-02
2.181540e-01,2.654542e-02,4.719211e-02,2.849986e-02,2.259734e-02,1.417210e-02,7.289669e-03,2.877245e-02,3.378770e-02,1.259690e-02,4.294049e-02,6.656068e-02,4.268735e-01,8.897636e-03,1.512011e-02
1.548944e-01,3.203868e-02,3.549002e-02,2.036346e-02,1.837599e-02,1.088982e-02,5.179584e-03,2.050087e-02,2.001804e-01,1.030672e-02,4.628030e-02,5.875518e-02,3.672703e-01,6.323798e-03,1.315044e-02
1.087117e-01,3.767678e-02,2.613884e-02,1.454281e-02,1.421891e-02,8.131355e-03,3.701508e-03,1.455938e-02,4.064105e-01,7.485568e-03,3.774388e-02,4.434944e-02,2.624118e-01,4.438263e-03,9.479253e-03
7.645969e-02,3.618474e-02,1.884599e-02,1.149071e-02,1.076693e-02,6.592138e-03,2.652288e-03,1.032708e-02,5.651266e-01,7.400621e-03,2.721887e-02,3.186382e-02,1.848316e-01,3.121885e-03,7.117033e-03
5.497922e-02,4.000595e-02,2.630115e-02,1.340668e-02,3.749690e-02,9.193012e-03,2.652535e-03,8.651639e-03,6.169591e-01,1.012828e-02,1.982474e-02,2.242958e-02,1.298181e-01,2.211506e-03,5.941663e-03
4.228806e-02,5.522054e-02,5.722588e-02,1.601538e-02,7.654375e-02,3.889572e-02,4.346118e-03,6.576612e-03,5.611106e-01,1.205244e-02,1.511446e-02,1.587066e-02,9.154584e-02,1.604644e-03,5.589338e-03
8.309065e-02,7.511719e-02,8.184090e-02,1.949825e-02,8.238728e-02,4.746993e-02,5.257967e-03,5.484680e-03,4.856611e-01,9.953459e-03,1.178535e-02,1.236668e-02,6.982075e-02,2.036848e-03,8.228952e-03
8.539043e-02,1.058928e-01,1.425282e-01,1.982913e-02,7.670036e-02,5.181666e-02,4.439377e-03,4.417775e-03,3.670145e-01,2.528245e-02,1.041600e-02,1.094153e-02,5.317822e-02,2.877570e-03,3.927510e-02
9.694941e-02,1.418298e-01,1.568424e-01,2.049430e-02,8.960557e-02,6.193076e-02,6.317225e-03,4.383833e-03,3.004955e-01,2.297316e-02,8.967871e-03,9.273372e-03,3.995296e-02,2.858557e-03,3.712523e-02
1.309437e-01,1.283033e-01,1.259933e-01,1.796292e-02,1.092535e-01,6.662278e-02,7.872648e-03,3.752838e-03,3.070674e-01,2.062032e-02,7.903894e-03,8.327411e-03,3.040132e-02,2.834313e-03,3.214046e-02
1.458520e-01,1.196119e-01,1.038865e-01,1.579678e-02,1.303606e-01,6.985918e-02,9.824846e-03,3.725865e-03,3.079048e-01,2.054120e-02,7.618742e-03,7.054624e-03,2.332835e-02,3.263576e-03,3.137104e-02
1.450964e-01,1.144116e-01,7.890513e-02,1.481910e-02,1.202803e-01,9.514102e-02,9.071473e-03,3.990882e-03,3.055630e-01,2.156557e-02,7.036182e-03,8.342256e-03,2.057223e-02,5.276382e-03,4.992857e-02
1.036521e-01,9.221804e-02,5.669653e-02,1.057529e-02,8.505132e-02,7.182236e-02,6.390501e-03,2.834530e-03,2.178535e-01,8.932729e-02,1.531934e-02,6.215141e-03,1.477233e-02,5.458163e-02,1.726902e-01
7.290777e-02,7.971053e-02,4.348309e-02,7.546993e-03,5.999273e-02,5.497387e-02,4.509606e-03,2.010699e-03,1.575627e-01,8.475749e-02,9.784498e-02,4.610502e-03,1.053520e-02,9.556037e-02,2.239935e-01
5.109648e-02,5.700711e-02,3.342905e-02,5.344752e-03,4.210074e-02,3.892972e-02,3.192077e-03,1.440839e-03,1.136169e-01,6.358886e-02,2.947791e-01,3.595727e-03,7.515082e-03,1.115778e-01,1.727858e-01
3.580473e-02,4.023167e-02,2.393530e-02,3.840877e-03,2.957113e-02,2.759107e-02,2.249088e-03,1.028055e-03,8.713834e-02,4.573207e-02,4.461631e-01,2.948506e-03,5.357363e-03,1.177144e-01,1.306943e-01
2.510823e-02,2.827475e-02,1.685926e-02,2.735073e-03,2.090363e-02,1.943007e-02,1.589014e-03,7.304096e-04,6.397291e-02,3.260083e-02,5.213829e-01,2.672650e-03,3.795648e-03,1.683304e-01,9.161419e-02
1.771192e-02,1.984272e-02,1.183769e-02,2.035232e-03,1.505087e-02,1.383254e-02,1.134129e-03,5.341702e-04,4.770477e-02,2.417215e-02,6.005653e-01,2.677267e-03,2.710788e-03,1.759659e-01,6.422463e-02
1.256748e-02,1.417805e-02,8.431684e-03,1.509977e-03,1.331332e-02,1.054776e-02,9.227070e-04,4.519384e-04,7.605137e-02,1.837092e-02,6.103269e-01,2.507046e-03,2.020797e-03,1.837382e-01,4.506194e-02
8.992198e-03,1.049718e-02,6.022131e-03,1.214664e-03,1.007219e-02,1.039724e-02,7.027814e-04,3.962617e-04,9.726822e-02,1.628230e-02,6.023455e-01,2.762044e-03,1.862547e-03,1.995380e-01,3.164682e-02
6.502109e-03,7.495963e-03,4.424090e-03,9.808197e-04,8.242251e-03,7.726517e-03,6.877633e-04,3.652546e-04,9.932135e-02,3.173374e-02,6.169921e-01,2.974109e-03,1.976746e-03,1.882668e-01,2.231043e-02
4.655466e-03,5.425369e-03,3.162738e-03,8.574880e-04,6.677745e-03,8.208018e-03,9.951319e-04,8.009556e-04,2.824525e-01,2.895802e-02,4.847876e-01,2.921677e-03,2.857463e-03,1.515702e-01,1.566977e-02
3.299284e-03,4.200175e-03,2.242740e-03,1.177339e-03,5.128449e-03,7.693902e-03,7.516387e-04,1.422498e-03,4.855459e-01,2.317691e-02,3.430876e-01,2.157042e-03,2.326781e-03,1.067948e-01,1.099491e-02
2.344280e-03,3.379593e-03,1.592495e-03,1.351669e-03,4.026047e-03,1.035906e-02,5.909472e-04,1.306809e-03,6.286223e-01,1.794562e-02,2.420569e-01,1.632010e-03,2.077999e-03,7.498320e-02,7.731004e-03
1.812811e-03,4.625835e-03,1.429397e-03,3.939206e-03,1.919031e-02,4.159408e-02,5.058886e-04,1.671957e-03,6.796327e-01,1.428152e-02,1.699125e-01,1.179911e-03,1.904126e-03,5.259125e-02,5.728554e-03
1.423628e-03,6.022618e-03,1.762749e-03,5.956185e-03,3.285909e-02,4.893953e-02,4.448732e-04,1.602615e-03,7.227026e-01,1.262615e-02,1.194366e-01,8.612847e-04,1.965057e-03,3.688085e-02,6.516069e-03
1.532320e-03,1.008281e-02,6.727026e-03,7.286582e-02,3.813941e-02,5.230881e-02,7.403584e-04,4.874119e-03,6.719478e-01,1.188353e-02,8.591417e-02,8.526086e-04,3.024010e-03,2.595062e-02,1.315654e-02
5.444332e-03,7.887960e-03,6.741150e-03,5.483839e-02,3.291639e-02,7.006070e-02,6.758000e-04,1.177771e-02,7.080306e-01,8.511982e-03,6.200445e-02,8.071107e-04,2.385178e-03,1.829050e-02,9.627702e-03
5.457534e-03,5.784284e-03,5.120709e-03,3.917005e-02,2.440929e-02,3.057954e-01,8.905150e-04,9.224091e-03,5.294813e-01,6.020295e-03,4.558216e-02,9.215972e-04,2.242657e-03,1.285605e-02,7.044040e-03
3.961064e-03,4.126419e-03,4.574094e-03,2.951093e-02,1.719311e-02,5.014722e-01,7.351154e-04,6.751813e-03,3.712560e-01,4.257540e-03,3.365561e-02,9.523109e-04,7.385705e-03,9.005090e-03,5.162906e-03
2.828753e-03,2.931827e-03,3.416360e-03,2.108788e-02,1.205685e-02,6.418109e-01,5.525334e-04,4.831355e-03,2.600108e-01,2.995182e-03,2.392265e-02,8.489167e-04,1.261851e-02,6.306157e-03,3.781354e-03
2.222264e-03,2.112356e-03,2.464970e-03,1.510733e-02,8.478732e-03,6.704631e-01,4.984270e-04,3.538111e-03,1.822173e-01,2.115126e-03,1.692641e-02,7.844685e-04,8.583146e-02,4.420519e-03,2.819406e-03
1.625879e-03,1.507705e-03,1.765632e-03,1.068443e-02,6.020689e-03,5.302519e-01,5.087032e-04,2.560636e-03,1.278363e-01,1.485278e-03,1.191702e-02,7.313131e-04,2.978413e-01,3.095857e-03,2.167342e-03
1.167986e-03,1.102592e-03,1.288821e-03,7.559485e-03,4.298844e-03,4.398317e-01,4.509113e-04,1.804909e-03,8.987563e-02,1.051127e-03,8.395790e-03,1.066041e-03,4.379653e-01,2.171196e-03,1.969541e-03
8.404588e-04,7.919284e-04,9.307461e-04,5.321125e-03,3.040909e-03,4.025231e-01,3.684134e-04,1.268562e-03,6.298625e-02,7.610384e-04,6.175241e-03,4.341591e-03,5.071884e-01,1.571053e-03,1.891066e-03
6.291050e-04,5.684157e-04,7.070252e-04,3.790025e-03,2.239422e-03,3.260038e-01,3.985726e-04,9.333834e-04,4.427981e-02,6.182365e-04,6.438055e-03,9.838146e-03,5.976715e-01,1.130496e-03,4.753884e-03
5.568321e-04,5.491006e-04,1.542885e-03,2.775999e-03,5.229889e-03,2.300156e-01,8.107744e-04,1.143854e-03,3.714434e-02,2.046323e-03,9.122863e-03,2.134243e-02,6.741076e-01,8.415055e-04,1.276990e-02
8.674763e-04,3.363198e-03,3.011425e-02,3.875889e-03,1.252228e-02,1.623518e-01,2.362500e-03,3.320590e-02,6.684075e-02,3.819032e-03,1.225157e-02,2.787790e-02,6.206154e-01,6.397711e-04,1.929232e-02
1.978126e-03,2.774211e-03,4.342027e-02,3.571387e-03,1.151728e-02,1.142598e-01,3.838057e-03,2.154175e-01,5.067232e-02,4.108366e-03,1.563338e-02,2.245288e-02,4.851263e-01,5.181782e-04,2.471188e-02
5.573090e-03,8.125341e-03,1.208088e-01,1.709490e-02,7.703782e-02,8.374792e-02,3.368447e-03,1.575915e-01,1.257252e-01,3.591111e-03,1.819825e-02,1.721324e-02,3.425502e-01,3.978101e-04,1.897636e-02
1.378139e-02,9.027025e-03,2.039930e-01,5.376641e-02,9.082612e-02,6.300131e-02,2.997846e-03,1.447935e-01,1.299720e-01,3.069889e-03,1.501376e-02,1.255340e-02,2.423770e-01,3.118607e-04,1.451553e-02
5.739602e-02,1.765624e-02,2.289148e-01,4.970428e-02,9.588732e-02,5.362098e-02,3.898282e-03,1.145255e-01,1.651126e-01,3.063269e-03,1.359094e-02,9.366815e-03,1.715295e-01,7.232093e-04,1.501032e-02
1.114391e-01,2.729161e-02,2.394899e-01,4.624853e-02,8.531318e-02,4.537396e-02,5.364443e-03,9.064967e-02,1.738691e-01,4.563136e-03,1.312073e-02,8.149297e-03,1.233607e-01,1.838116e-03,2.392850e-02
1.396622e-01,4.635812e-02,2.183734e-01,4.856644e-02,8.672372e-02,3.594887e-02,5.005929e-03,6.936830e-02,1.892664e-01,6.418302e-03,1.508660e-02,8.747486e-03,9.188204e-02,2.427213e-03,3.616501e-02
1.481640e-01,7.347882e-02,1.714696e-01,4.033658e-02,9.066141e-02,3.127653e-02,4.996268e-03,5.123669e-02,2.433482e-01,6.530309e-03,1.564376e-02,1.256559e-02,7.031952e-02,4.180904e-03,3.579183e-02
1.509695e-01,9.422249e-02,1.572873e-01,3.476729e-02,9.139440e-02,2.629695e-02,6.212049e-03,4.114726e-02,2.622353e-01,8.044863e-03,1.349286e-02,1.482944e-02,5.548947e-02,5.005704e-03,3.860514e-02
1.296126e-01,8.710812e-02,1.133278e-01,2.811108e-02,9.993954e-02,2.483505e-02,5.882485e-03,3.202562e-02,3.470833e-01,9.009538e-03,1.127345e-02,1.745483e-02,4.173526e-02,6.232850e-03,4.636836e-02
1.299473e-01,8.653977e-02,8.425851e-02,2.519045e-02,9.691130e-02,2.454595e-02,6.018918e-03,2.510572e-02,3.938229e-01,1.031206e-02,1.001502e-02,2.047012e-02,3.265447e-02,6.210154e-03,4.799730e-02
1.460254e-01,7.938889e-02,6.253581e-02,2.385045e-02,1.041856e-01,2.542427e-02,7.419034e-03,2.087771e-02,4.069057e-01,1.052862e-02,9.642353e-03,2.504219e-02,2.728592e-02,5.953049e-03,4.493508e-02
1.798793e-01,6.614862e-02,5.336688e-02,3.649192e-02,1.016664e-01,2.815486e-02,2.494515e-02,2.711901e-02,3.559518e-01,1.386778e-02,9.599578e-03,2.706965e-02,2.645370e-02,5.468301e-03,4.381709e-02
2.153346e-01,5.561515e-02,4.409944e-02,3.127066e-02,1.202315e-01,2.470906e-02,2.134697e-02,2.682970e-02,3.281150e-01,1.644626e-02,8.333175e-03,2.379865e-02,2.406560e-02,5.451917e-03,5.435239e-02
2.885874e-01,5.486556e-02,3.367012e-02,3.772291e-02,1.111722e-01,2.276597e-02,1.764944e-02,2.428733e-02,2.638747e-01,1.799967e-02,1.219434e-02,2.828443e-02,2.571523e-02,7.898381e-03,5.331232e-02
2.625561e-01,5.575457e-02,3.353710e-02,3.132387e-02,8.049653e-02,2.910185e-02,1.267985e-02,1.794636e-02,1.978576e-01,3.008707e-02,3.649046e-02,3.232971e-02,2.210506e-02,4.427589e-02,1.134580e-01
1.891559e-01,4.454085e-02,2.479602e-02,2.606183e-02,5.705676e-02,2.486215e-02,8.921025e-03,1.268176e-02,1.429646e-01,2.325852e-02,2.682169e-01,4.285903e-02,1.646514e-02,3.412922e-02,8.403037e-02
1.598882e-01,3.456360e-02,1.901622e-02,2.235610e-02,4.120594e-02,3.024946e-02,6.458833e-03,9.464190e-03,1.098482e-01,2.051665e-02,3.982880e-01,4.424825e-02,1.300003e-02,2.817001e-02,6.272633e-02
1.657168e-01,2.576173e-02,1.558876e-02,1.690256e-02,2.936121e-02,2.646323e-02,4.703137e-03,7.176272e-03,7.959413e-02,3.233748e-02,4.712402e-01,4.449005e-02,1.015366e-02,2.478942e-02,4.572136e-02
1.861477e-01,2.456298e-02,1.256623e-02,1.298035e-02,2.181772e-02,2.779804e-02,3.563950e-03,6.196877e-03,6.296330e-02,1.070301e-01,3.978960e-01,5.392481e-02,9.037046e-03,3.130339e-02,4.221150e-02
1.348806e-01,1.984641e-02,9.005820e-03,9.345075e-03,1.556347e-02,2.102306e-02,2.549261e-03,4.782902e-03,6.037416e-02,1.773199e-01,4.154043e-01,6.154966e-02,7.320322e-03,3.017190e-02,3.086307e-02
1.017792e-01,2.199964e-02,1.391691e-02,1.207178e-02,1.229165e-02,1.932254e-02,2.349027e-03,1.181203e-02,1.380329e-01,1.447801e-01,4.018252e-01,6.614535e-02,6.129039e-03,2.472359e-02,2.282104e-02
7.871840e-02,2.261775e-02,1.096508e-02,1.106829e-02,1.226145e-02,1.675458e-02,2.090961e-03,1.289360e-02,1.568673e-01,1.928077e-01,3.763756e-01,5.677950e-02,5.034451e-03,2.423984e-02,2.052549e-02
6.350642e-02,2.149646e-02,9.339792e-03,9.589411e-03,1.844846e-02,1.416587e-02,3.888510e-03,1.338715e-02,1.582799e-01,2.019868e-01,3.834676e-01,5.227158e-02,4.663020e-03,2.340437e-02,2.210458e-02
6.238261e-02,2.473070e-02,9.784039e-03,9.613374e-03,3.042379e-02,1.584125e-02,6.615590e-03,1.905584e-02,1.413209e-01,2.241252e-01,3.463755e-01,4.402602e-02,4.678853e-03,3.022490e-02,3.080133e-02
5.951382e-02,2.466000e-02,2.056125e-02,1.957132e-02,2.475831e-02,1.326844e-02,9.103058e-03,1.166335e-01,1.188029e-01,2.063592e-01,2.959672e-01,3.484759e-02,4.118352e-03,2.934770e-02,2.248738e-02
9.691738e-02,6.122020e-02,3.262721e-02,2.388472e-02,2.557442e-02,2.403668e-02,9.440869e-03,8.988569e-02,1.107499e-01,1.723009e-01,2.703002e-01,3.373870e-02,4.247050e-03,2.679392e-02,1.828207e-02
9.157734e-02,6.936824e-02,2.578269e-02,1.854315e-02,2.923453e-02,1.955276e-02,8.105032e-03,6.685118e-02,1.024390e-01,2.601669e-01,2.373618e-01,2.831624e-02,3.643294e-03,2.570551e-02,1.335231e-02
8.901308e-02,8.123349e-02,2.512342e-02,1.863454e-02,3.193318e-02,1.593580e-02,6.982832e-03,5.599674e-02,8.885127e-02,3.233564e-01,2.029698e-01,2.393593e-02,3.246451e-03,2.238020e-02,1.040689e-02
1.078453e-01,7.369766e-02,2.144373e-02,1.886004e-02,3.101749e-02,2.968813e-02,6.047013e-03,5.260734e-02,7.220894e-02,3.629720e-01,1.678479e-01,2.024910e-02,2.853539e-03,2.452905e-02,8.132869e-03
8.703788e-02,9.350762e-02,1.744102e-02,1.651720e-02,4.091334e-02,3.451414e-02,6.589249e-03,5.408059e-02,1.090013e-01,3.357047e-01,1.579360e-01,1.672546e-02,2.866459e-03,2.116464e-02,6.000334e-03
1.321981e-01,8.030099e-02,1.434529e-02,1.607033e-02,3.710338e-02,3.661422e-02,7.595075e-03,6.544143e-02,9.253619e-02,3.230246e-01,1.449575e-01,2.195703e-02,4.189840e-03,1.847725e-02,5.188730e-03
1.166192e-01,6.899551e-02,3.632216e-02,2.320862e-02,5.344732e-02,4.295242e-02,1.121124e-02,9.020621e-02,7.241973e-02,3.353545e-01,1.078803e-01,1.750407e-02,3.973183e-03,1.580840e-02,4.097141e-03
9.508999e-02,5.865943e-02,6.355733e-02,3.273981e-02,1.081698e-01,5.069494e-02,1.428853e-02,1.379713e-01,5.656849e-02,2.651682e-01,8.403527e-02,1.378160e-02,3.474117e-03,1.271945e-02,3.081762e-03
1.151985e-01,4.527506e-02,6.270898e-02,4.301453e-02,1.199864e-01,4.952637e-02,1.356193e-02,1.954623e-01,4.431225e-02,2.113131e-01,7.122502e-02,1.192151e-02,3.356673e-03,1.058187e-02,2.555530e-03
1.532249e-01,3.486020e-02,5.038334e-02,4.443346e-02,1.015933e-01,3.680275e-02,1.189601e-02,2.945338e-01,3.550273e-02,1.590121e-01,5.420776e-02,9.364508e-03,2.955426e-03,9.233389e-03,1.996381e-03
1.529670e-01,2.509651e-02,5.393014e-02,6.683642e-02,8.601518e-02,2.823754e-02,1.201366e-02,3.756672e-01,2.672758e-02,1.132069e-01,3.970084e-02,8.408802e-03,2.629731e-03,6.930816e-03,1.631726e-03
1.740804e-01,1.893713e-02,6.430490e-02,7.831603e-02,7.744738e-02,2.147775e-02,1.136850e-02,3.975594e-01,2.275425e-02,8.243227e-02,3.317976e-02,7.219566e-03,2.549836e-03,6.986807e-03,1.385980e-03
2.123418e-01,1.493042e-02,6.610470e-02,7.997300e-02,7.586604e-02,1.715265e-02,1.069826e-02,3.931364e-01,2.040735e-02,6.187532e-02,2.893457e-02,6.484115e-03,2.813834e-03,7.796671e-03,1.484817e-03
2.268606e-01,1.126329e-02,7.676688e-02,7.209696e-02,6.557172e-02,1.568086e-02,1.406912e-02,4.158640e-01,1.660243e-02,4.460315e-02,2.228087e-02,6.665205e-03,3.655509e-03,6.282142e-03,1.737290e-03
2.364568e-01,9.145636e-03,7.883609e-02,7.483400e-02,5.727681e-02,1.417552e-02,1.576121e-02,4.324860e-01,1.422204e-02,3.229525e-02,1.721785e-02,5.583110e-03,3.775362e-03,5.999013e-03,1.935401e-03
2.306997e-01,7.865645e-03,1.009100e-01,8.418231e-02,5.023351e-02,1.318339e-02,1.905620e-02,4.255511e-01,1.268207e-02,2.429482e-02,1.376252e-02,5.616114e-03,4.132072e-03,5.263546e-03,2.567046e-03
2.952657e-01,8.796620e-03,9.381494e-02,6.936727e-02,3.983797e-02,1.344795e-02,1.894249e-02,3.904258e-01,1.300627e-02,2.106296e-02,1.144337e-02,9.893971e-03,4.786681e-03,4.938916e-03,4.969138e-03
3.600581e-01,8.507205e-03,7.633049e-02,5.438525e-02,3.125218e-02,1.501716e-02,1.696925e-02,3.657750e-01,1.170774e-02,1.676991e-02,1.004846e-02,1.558535e-02,6.506148e-03,4.390054e-03,6.697793e-03
3.804271e-01,9.762642e-03,5.824116e-02,4.848065e-02,2.493692e-02,2.032964e-02,1.258761e-02,3.077429e-01,1.182294e-02,2.680166e-02,1.910648e-02,3.628705e-02,2.117046e-02,4.591512e-03,1.771118e-02
4.087570e-01,8.723347e-03,4.463576e-02,4.106724e-02,1.957964e-02,2.167401e-02,1.026272e-02,2.514522e-01,1.427267e-02,7.623019e-02,2.592149e-02,3.241270e-02,2.101201e-02,5.177170e-03,1.882183e-02
4.067075e-01,7.368767e-03,3.429856e-02,3.442578e-02,1.528880e-02,2.112931e-02,8.179026e-03,2.033906e-01,1.644088e-02,1.443030e-01,2.951418e-02,2.851420e-02,2.410337e-02,6.447462e-03,1.988855e-02
4.203317e-01,7.836735e-03,2.628407e-02,3.251091e-02,1.325982e-02,2.745739e-02,6.430941e-03,1.477542e-01,1.423119e-02,1.796451e-01,2.986579e-02,3.617760e-02,2.675534e-02,6.903311e-03,2.455592e-02
4.880992e-01,1.053779e-02,2.095047e-02,3.061939e-02,1.345393e-02,3.159932e-02,5.501101e-03,1.079167e-01,1.180136e-02,1.546354e-01,2.760971e-02,3.812457e-02,2.616687e-02,6.940896e-03,2.604340e-02
1.000000e+00,0.000000e+00,0.000000e+00,0.000000e+00,0.000000e+00,0.000000e+00,0.000000e+00,0.000000e+00,0.000000e+00,0.000000e+00,0.000000e+00,0.000000e+00,0.000000e+00,0.000000e+00,0.000000e+00
1.000000e+00,0.000000e+00,0.000000e+00,0.000000e+00,0.000000e+00,0.000000e+00,0.000000e+00,0.000000e+00,0.000000e+00,0.000000e+00,0.000000e+00,0.000000e+00,0.000000e+00,0.000000e+00,0.000000e+00
1.000000e+00,0.000000e+00,0.000000e+00,0.000000e+00,0.000000e+00,0.000000e+00,0.000000e+00,0.000000e+00,0.000000e+00,0.000000e+00,0.000000e+00,0.000000e+00,0.000000e+00,0.000000e+00,0.000000e+00
1.000000e+00,0.000000e+00,0.000000e+00,0.000000e+00,0.000000e+00,0.000000e+00,0.000000e+00,0.000000e+00,0.000000e+00,0.000000e+00,0.000000e+00,0.000000e+00,0.000000e+00,0.000000e+00,0.000000e+00
1.000000e+00,0.000000e+00,0.000000e+00,0.000000e+00,0.000000e+00,0.000000e+00,0.000000e+00,0.000000e+00,0.000000e+00,0.000000e+00,0.000000e+00,0.000000e+00,0.000000e+00,0.000000e+00,0.000000e+00
1.000000e+00,0.000000e+00,0.000000e+00,0.000000e+00,0.000000e+00,0.000000e+00,0.000000e+00,0.000000e+00,0.000000e+00,0.000000e+00,0.000000e+00,0.000000e+00,0.000000e+00,0.000000e+00,0.000000e+00
1.000000e+00,0.000000e+00,0.000000e+00,0.000000e+00,0.000000e+00,0.000000e+00,0.000000e+00,0.000000e+00,0.000000e+00,0.000000e+00,0.000000e+00,0.000000e+00,0.000000e+00,0.000000e+00,0.000000e+00
4.580047e-01,2.085838e-02,1.145998e-01,2.756867e-02,4.556241e-02,4.313499e-02,1.046487e-02,2.202003e-02,2.294172e-02,9.299253e-02,5.612829e-02,5.375222e-02,1.783488e-02,4.190347e-03,9.946198e-03
4.584061e-01,2.204032e-02,8.738073e-02,2.592102e-02,4.345249e-02,5.238750e-02,1.003879e-02,2.124521e-02,3.001572e-02,1.032328e-01,5.758392e-02,4.983252e-02,1.758719e-02,7.855400e-03,1.302030e-02
4.795154e-01,2.509745e-02,7.459569e-02,2.305549e-02,3.386750e-02,5.406512e-02,7.387740e-03,1.612252e-02,2.747267e-02,8.836437e-02,6.878750e-02,4.385368e-02,1.839173e-02,2.324113e-02,1.618195e-02
3.761780e-01,2.862586e-02,6.374854e-02,1.789711e-02,2.531781e-02,5.412786e-02,5.423733e-03,1.234832e-02,2.406023e-02,6.624808e-02,1.914968e-01,3.490488e-02,1.481923e-02,7.100757e-02,1.379598e-02
2.698506e-01,2.475453e-02,4.601034e-02,1.282765e-02,1.827438e-02,4.454522e-02,3.878506e-03,8.747579e-03,1.982677e-02,4.691859e-02,3.514162e-01,2.998431e-02,1.105417e-02,1.013704e-01,1.054087e-02
1.911907e-01,2.114468e-02,3.259927e-02,9.088524e-03,1.356391e-02,3.347158e-02,2.810979e-03,6.194021e-03,1.549981e-02,3.333994e-02,4.885753e-01,2.574083e-02,8.150144e-03,1.104659e-01,8.164384e-03
1.358830e-01,3.681425e-02,2.863740e-02,6.625195e-03,1.132341e-02,3.489313e-02,2.201528e-03,4.899836e-03,3.757431e-02,2.580337e-02,5.183009e-01,2.494907e-02,6.085080e-03,1.189557e-01,7.053849e-03
9.685893e-02,2.941938e-02,2.248765e-02,4.847792e-03,9.531816e-03,2.874938e-02,1.669053e-03,4.127309e-03,3.010696e-02,2.006946e-02,5.677743e-01,2.560718e-02,4.455461e-03,1.485724e-01,5.722869e-03
7.168332e-02,4.642107e-02,2.997142e-02,3.827242e-03,1.050180e-02,2.573144e-02,1.544952e-03,4.650287e-03,2.799640e-02,2.021646e-02,5.681375e-01,3.212899e-02,3.257351e-03,1.482293e-01,5.702457e-03
5.209784e-02,3.789693e-02,2.354663e-02,2.822316e-03,7.956706e-03,2.080445e-02,1.226777e-03,4.908906e-03,4.587370e-02,1.641532e-02,5.970601e-01,2.920645e-02,2.327434e-03,1.528151e-01,5.041343e-03
3.845342e-02,3.296434e-02,1.922719e-02,2.109859e-03,7.072962e-03,2.740040e-02,1.334933e-03,8.451936e-03,6.744485e-02,1.834031e-02,6.015192e-01,2.930876e-02,1.744100e-03,1.394388e-01,5.188979e-03
3.222321e-02,2.868266e-02,1.532243e-02,1.681109e-03,5.561518e-03,2.500203e-02,1.065856e-03,2.240321e-02,1.175011e-01,1.708919e-02,5.442839e-01,2.295708e-02,1.358880e-03,1.601676e-01,4.700313e-03
2.678619e-02,2.547027e-02,1.241514e-02,1.419155e-03,5.572531e-03,2.357547e-02,8.149309e-04,2.193541e-02,1.505189e-01,1.338067e-02,5.043181e-01,1.827881e-02,1.091212e-03,1.902062e-01,4.217011e-03
3.034232e-02,2.197216e-02,9.982446e-03,1.301564e-03,5.623380e-03,2.005356e-02,6.179399e-04,1.950374e-02,1.631335e-01,1.080757e-02,5.091196e-01,1.491992e-02,9.191888e-04,1.878407e-01,3.862434e-03
2.515236e-02,2.562762e-02,7.969312e-03,1.234050e-03,5.185909e-03,1.605844e-02,4.462919e-04,1.598106e-02,1.759919e-01,8.704698e-03,4.708806e-01,1.106688e-02,7.388144e-04,2.317796e-01,3.182483e-03
2.350862e-02,2.640494e-02,6.621936e-03,1.793930e-03,8.112058e-03,1.520975e-02,3.640892e-04,1.524960e-02,2.956433e-01,7.812166e-03,3.965829e-01,8.545077e-03,7.378454e-04,1.906491e-01,2.764714e-03
1.897753e-02,3.249973e-02,5.198390e-03,1.679140e-03,9.230678e-03,1.282898e-02,2.894793e-04,1.673145e-02,4.488006e-01,5.982872e-03,2.958833e-01,6.240108e-03,6.358974e-04,1.428328e-01,2.189083e-03
1.787120e-02,3.639846e-02,4.283324e-03,1.894366e-03,1.315528e-02,1.027356e-02,2.943018e-04,1.584331e-02,5.570244e-01,4.953947e-03,2.229382e-01,4.761892e-03,5.734969e-04,1.077814e-01,1.952913e-03
