1.000000e+00,0.000000e+00,0.000000e+00,0.000000e+00,0.000000e+00,0.000000e+00,0.000000e+00,0.000000e+00,0.000000e+00,0.000000e+00,0.000000e+00,0.000000e+00,0.000000e+00,0.000000e+00,0.000000e+00
1.000000e+00,0.000000e+00,0.000000e+00,0.000000e+00,0.000000e+00,0.000000e+00,0.000000e+00,0.000000e+00,0.000000e+00,0.000000e+00,0.000000e+00,0.000000e+00,0.000000e+00,0.000000e+00,0.000000e+00
1.000000e+00,0.000000e+00,0.000000e+00,0.000000e+00,0.000000e+00,0.000000e+00,0.000000e+00,0.000000e+00,0.000000e+00,0.000000e+00,0.000000e+00,0.000000e+00,0.000000e+00,0.000000e+00,0.000000e+00
1.000000e+00,0.000000e+00,0.000000e+00,0.000000e+00,0.000000e+00,0.000000e+00,0.000000e+00,0.000000e+00,0.000000e+00,0.000000e+00,0.000000e+00,0.000000e+00,0.000000e+00,0.000000e+00,0.000000e+00
1.000000e+00,0.000000e+00,0.000000e+00,0.000000e+00,0.000000e+00,0.000000e+00,0.000000e+00,0.000000e+00,0.000000e+00,0.000000e+00,0.000000e+00,0.000000e+00,0.000000e+00,0.000000e+00,0.000000e+00
1.000000e+00,0.000000e+00,0.000000e+00,0.000000e+00,0.000000e+00,0.000000e+00,0.000000e+00,0.000000e+00,0.000000e+00,0.000000e+00,0.000000e+00,0.000000e+00,0.000000e+00,0.000000e+00,0.000000e+00
1.000000e+00,0.000000e+00,0.000000e+00,0.000000e+00,0.000000e+00,0.000000e+00,0.000000e+00,0.000000e+00,0.000000e+00,0.000000e+00,0.000000e+00,0.000000e+00,0.000000e+00,0.000000e+00,0.000000e+00
1.000000e+00,0.000000e+00,0.000000e+00,0.000000e+00,0.000000e+00,0.000000e+00,0.000000e+00,0.000000e+00,0.000000e+00,0.000000e+00,0.000000e+00,0.000000e+00,0.000000e+00,0.000000e+00,0.000000e+00
1.000000e+00,0.000000e+00,0.000000e+00,0.000000e+00,0.000000e+00,0.000000e+00,0.000000e+00,0.000000e+00,0.000000e+00,0.000000e+00,0.000000e+00,0.000000e+00,0.000000e+00,0.000000e+00,0.000000e+00
1.000000e+00,0.000000e+00,0.000000e+00,0.000000e+00,0.000000e+00,0.000000e+00,0.000000e+00,0.000000e+00,0.000000e+00,0.000000e+00,0.000000e+00,0.000000e+00,0.000000e+00,0.000000e+00,0.000000e+00
1.000000e+00,0.000000e+00,0.000000e+00,0.000000e+00,0.000000e+00,0.000000e+00,0.000000e+00,0.000000e+00,0.000000e+00,0.000000e+00,0.000000e+00,0.000000e+00,0.000000e+00,0.000000e+00,0.000000e+00
1.000000e+00,0.000000e+00,0.000000e+00,0.000000e+00,0.000000e+00,0.000000e+00,0.000000e+00,0.000000e+00,0.000000e+00,0.000000e+00,0.000000e+00,0.000000e+00,0.000000e+00,0.000000e+00,0.000000e+00
1.000000e+00,0.000000e+00,0.000000e+00,0.000000e+00,0.000000e+00,0.000000e+00,0.000000e+00,0.000000e+00,0.000000e+00,0.000000e+00,0.000000e+00,0.000000e+00,0.000000e+00,0.000000e+00,0.000000e+00
1.000000e+00,0.000000e+00,0.000000e+00,0.000000e+00,0.000000e+00,0.000000e+00,0.000000e+00,0.000000e+00,0.000000e+00,0.000000e+00,0.000000e+00,0.000000e+00,0.000000e+00,0.000000e+00,0.000000e+00
1.000000e+00,0.000000e+00,0.000000e+00,0.000000e+00,0.000000e+00,0.000000e+00,0.000000e+00,0.000000e+00,0.000000e+00,0.000000e+00,0.000000e+00,0.000000e+00,0.000000e+00,0.000000e+00,0.000000e+00
1.000000e+00,0.000000e+00,0.000000e+00,0.000000e+00,0.000000e+00,0.000000e+00,0.000000e+00,0.000000e+00,0.000000e+00,0.000000e+00,0.000000e+00,0.000000e+00,0.000000e+00,0.000000e+00,0.000000e+00
1.000000e+00,0.000000e+00,0.000000e+00,0.000000e+00,0.000000e+00,0.000000e+00,0.000000e+00,0.000000e+00,0.000000e+00,0.000000e+00,0.000000e+00,0.000000e+00,0.000000e+00,0.000000e+00,0.000000e+00
1.000000e+00,0.000000e+00,0.000000e+00,0.000000e+00,0.000000e+00,0.000000e+00,0.000000e+00,0.000000e+00,0.000000e+00,0.000000e+00,0.000000e+00,0.000000e+00,0.000000e+00,0.000000e+00,0.000000e+00
1.000000e+00,0.000000e+00,0.000000e+00,0.000000e+00,0.000000e+00,0.000000e+00,0.000000e+00,0.000000e+00,0.000000e+00,0.000000e+00,0.000000e+00,0.000000e+00,0.000000e+00,0.000000e+00,0.000000e+00
1.000000e+00,0.000000e+00,0.000000e+00,0.000000e+00,0.000000e+00,0.000000e+00,0.000000e+00,0.000000e+00,0.000000e+00,0.000000e+00,0.000000e+00,0.000000e+00,0.000000e+00,0.000000e+00,0.000000e+00
1.000000e+00,0.000000e+00,0.000000e+00,0.000000e+00,0.000000e+00,0.000000e+00,0.000000e+00,0.000000e+00,0.000000e+00,0.000000e+00,0.000000e+00,0.000000e+00,0.000000e+00,0.000000e+00,0.000000e+00
1.000000e+00,0.000000e+00,0.000000e+00,0.000000e+00,0.000000e+00,0.000000e+00,0.000000e+00,0.000000e+00,0.000000e+00,0.000000e+00,0.000000e+00,0.000000e+00,0.000000e+00,0.000000e+00,0.000000e+00
1.000000e+00,0.000000e+00,0.000000e+00,0.000000e+00,0.000000e+00,0.000000e+00,0.000000e+00,0.000000e+00,0.000000e+00,0.000000e+00,0.000000e+00,0.000000e+00,0.000000e+00,0.000000e+00,0.000000e+00
1.000000e+00,0.000000e+00,0.000000e+00,0.000000e+00,0.000000e+00,0.000000e+00,0.000000e+00,0.000000e+00,0.000000e+00,0.000000e+00,0.000000e+00,0.000000e+00,0.000000e+00,0.000000e+00,0.000000e+00
1.000000e+00,0.000000e+00,0.000000e+00,0.000000e+00,0.000000e+00,0.000000e+00,0.000000e+00,0.000000e+00,0.000000e+00,0.000000e+00,0.000000e+00,0.000000e+00,0.000000e+00,0.000000e+00,0.000000e+00
1.000000e+00,0.000000e+00,0.000000e+00,0.000000e+00,0.000000e+00,0.000000e+00,0.000000e+00,0.000000e+00,0.000000e+00,0.000000e+00,0.000000e+00,0.000000e+00,0.000000e+00,0.000000e+00,0.000000e+00
1.000000e+00,0.000000e+00,0.000000e+00,0.000000e+00,0.000000e+00,0.000000e+00,0.000000e+00,0.000000e+00,0.000000e+00,0.000000e+00,0.000000e+00,0.000000e+00,0.000000e+00,0.000000e+00,0.000000e+00
1.000000e+00,0.000000e+00,0.000000e+00,0.000000e+00,0.000000e+00,0.000000e+00,0.000000e+00,0.000000e+00,0.000000e+00,0.000000e+00,0.000000e+00,0.000000e+00,0.000000e+00,0.000000e+00,0.000000e+00
1.000000e+00,0.000000e+00,0.000000e+00,0.000000e+00,0.000000e+00,0.000000e+00,0.000000e+00,0.000000e+00,0.000000e+00,0.000000e+00,0.000000e+00,0.000000e+00,0.000000e+00,0.000000e+00,0.000000e+00
1.000000e+00,0.000000e+00,0.000000e+00,0.000000e+00,0.000000e+00,0.000000e+00,0.000000e+00,0.000000e+00,0.000000e+00,0.000000e+00,0.000000e+00,0.000000e+00,0.000000e+00,0.000000e+00,0.000000e+00
1.000000e+00,0.000000e+00,0.000000e+00,0.000000e+00,0.000000e+00,0.000000e+00,0.000000e+00,0.000000e+00,0.000000e+00,0.000000e+00,0.000000e+00,0.000000e+00,0.000000e+00,0.000000e+00,0.000000e+00
1.000000e+00,0.000000e+00,0.000000e+00,0.000000e+00,0.000000e+00,0.000000e+00,0.000000e+00,0.000000e+00,0.000000e+00,0.000000e+00,0.000000e+00,0.000000e+00,0.000000e+00,0.000000e+00,0.000000e+00
1.000000e+00,0.000000e+00,0.000000e+00,0.000000e+00,0.000000e+00,0.000000e+00,0.000000e+00,0.000000e+00,0.000000e+00,0.000000e+00,0.000000e+00,0.000000e+00,0.000000e+00,0.000000e+00,0.000000e+00
1.000000e+00,0.000000e+00,0.000000e+00,0.000000e+00,0.000000e+00,0.000000e+00,0.000000e+00,0.000000e+00,0.000000e+00,0.000000e+00,0.000000e+00,0.000000e+00,0.000000e+00,0.000000e+00,0.000000e+00
1.000000e+00,0.000000e+00,0.000000e+00,0.000000e+00,0.000000e+00,0.000000e+00,0.000000e+00,0.000000e+00,0.000000e+00,0.000000e+00,0.000000e+00,0.000000e+00,0.000000e+00,0.000000e+00,0.000000e+00
1.000000e+00,0.000000e+00,0.000000e+00,0.000000e+00,0.000000e+00,0.000000e+00,0.000000e+00,0.000000e+00,0.000000e+00,0.000000e+00,0.000000e+00,0.000000e+00,0.000000e+00,0.000000e+00,0.000000e+00
1.000000e+00,0.000000e+00,0.000000e+00,0.000000e+00,0.000000e+00,0.000000e+00,0.000000e+00,0.000000e+00,0.000000e+00,0.000000e+00,0.000000e+00,0.000000e+00,0.000000e+00,0.000000e+00,0.000000e+00
1.000000e+00,0.000000e+00,0.000000e+00,0.000000e+00,0.000000e+00,0.000000e+00,0.000000e+00,0.000000e+00,0.000000e+00,0.000000e+00,0.000000e+00,0.000000e+00,0.000000e+00,0.000000e+00,0.000000e+00
1.000000e+00,0.000000e+00,0.000000e+00,0.000000e+00,0.000000e+00,0.000000e+00,0.000000e+00,0.000000e+00,0.000000e+00,0.000000e+00,0.000000e+00,0.000000e+00,0.000000e+00,0.000000e+00,0.000000e+00
1.000000e+00,0.000000e+00,0.000000e+00,0.000000e+00,0.000000e+00,0.000000e+00,0.000000e+00,0.000000e+00,0.000000e+00,0.000000e+00,0.000000e+00,0.000000e+00,0.000000e+00,0.000000e+00,0.000000e+00
1.000000e+00,0.000000e+00,0.000000e+00,0.000000e+00,0.000000e+00,0.000000e+00,0.000000e+00,0.000000e+00,0.000000e+00,0.000000e+00,0.000000e+00,0.000000e+00,0.000000e+00,0.000000e+00,0.000000e+00
1.000000e+00,0.000000e+00,0.000000e+00,0.000000e+00,0.000000e+00,0.000000e+00,0.000000e+00,0.000000e+00,0.000000e+00,0.000000e+00,0.000000e+00,0.000000e+00,0.000000e+00,0.000000e+00,0.000000e+00
1.000000e+00,0.000000e+00,0.000000e+00,0.000000e+00,0.000000e+00,0.000000e+00,0.000000e+00,0.000000e+00,0.000000e+00,0.000000e+00,0.000000e+00,0.000000e+00,0.000000e+00,0.000000e+00,0.000000e+00
1.000000e+00,0.000000e+00,0.000000e+00,0.000000e+00,0.000000e+00,0.000000e+00,0.000000e+00,0.000000e+00,0.000000e+00,0.000000e+00,0.000000e+00,0.000000e+00,0.000000e+00,0.000000e+00,0.000000e+00
1.000000e+00,0.000000e+00,0.000000e+00,0.000000e+00,0.000000e+00,0.000000e+00,0.000000e+00,0.000000e+00,0.000000e+00,0.000000e+00,0.000000e+00,0.000000e+00,0.000000e+00,0.000000e+00,0.000000e+00
1.000000e+00,0.000000e+00,0.000000e+00,0.000000e+00,0.000000e+00,0.000000e+00,0.000000e+00,0.000000e+00,0.000000e+00,0.000000e+00,0.000000e+00,0.000000e+00,0.000000e+00,0.000000e+00,0.000000e+00
1.000000e+00,0.000000e+00,0.000000e+00,0.000000e+00,0.000000e+00,0.000000e+00,0.000000e+00,0.000000e+00,0.000000e+00,0.000000e+00,0.000000e+00,0.000000e+00,0.000000e+00,0.000000e+00,0.000000e+00
1.000000e+00,0.000000e+00,0.000000e+00,0.000000e+00,0.000000e+00,0.000000e+00,0.000000e+00,0.000000e+00,0.000000e+00,0.000000e+00,0.000000e+00,0.000000e+00,0.000000e+00,0.000000e+00,0.000000e+00
1.000000e+00,0.000000e+00,0.000000e+00,0.000000e+00,0.000000e+00,0.000000e+00,0.000000e+00,0.000000e+00,0.000000e+00,0.000000e+00,0.000000e+00,0.000000e+00,0.000000e+00,0.000000e+00,0.000000e+00
1.000000e+00,0.000000e+00,0.000000e+00,0.000000e+00,0.000000e+00,0.000000e+00,0.000000e+00,0.000000e+00,0.000000e+00,0.000000e+00,0.000000e+00,0.000000e+00,0.000000e+00,0.000000e+00,0.000000e+00
1.000000e+00,0.000000e+00,0.000000e+00,0.000000e+00,0.000000e+00,0.000000e+00,0.000000e+00,0.000000e+00,0.000000e+00,0.000000e+00,0.000000e+00,0.000000e+00,0.000000e+00,0.000000e+00,0.000000e+00
1.000000e+00,0.000000e+00,0.000000e+00,0.000000e+00,0.000000e+00,0.000000e+00,0.000000e+00,0.000000e+00,0.000000e+00,0.000000e+00,0.000000e+00,0.000000e+00,0.000000e+00,0.000000e+00,0.000000e+00
1.000000e+00,0.000000e+00,0.000000e+00,0.000000e+00,0.000000e+00,0.000000e+00,0.000000e+00,0.000000e+00,0.000000e+00,0.000000e+00,0.000000e+00,0.000000e+00,0.000000e+00,0.000000e+00,0.000000e+00
1.000000e+00,0.000000e+00,0.000000e+00,0.000000e+00,0.000000e+00,0.000000e+00,0.000000e+00,0.000000e+00,0.000000e+00,0.000000e+00,0.000000e+00,0.000000e+00,0.000000e+00,0.000000e+00,0.000000e+00
1.000000e+00,0.000000e+00,0.000000e+00,0.000000e+00,0.000000e+00,0.000000e+00,0.000000e+00,0.000000e+00,0.000000e+00,0.000000e+00,0.000000e+00,0.000000e+00,0.000000e+00,0.000000e+00,0.000000e+00
1.000000e+00,0.000000e+00,0.000000e+00,0.000000e+00,0.000000e+00,0.000000e+00,0.000000e+00,0.000000e+00,0.000000e+00,0.000000e+00,0.000000e+00,0.000000e+00,0.000000e+00,0.000000e+00,0.000000e+00
1.000000e+00,0.000000e+00,0.000000e+00,0.000000e+00,0.000000e+00,0.000000e+00,0.000000e+00,0.000000e+00,0.000000e+00,0.000000e+00,0.000000e+00,0.000000e+00,0.000000e+00,0.000000e+00,0.000000e+00
3.696934e-01,2.388103e-02,6.711583e-02,1.273319e-01,2.743065e-03,7.406232e-03,1.858376e-03,7.205939e-03,2.882392e-02,2.481869e-01,9.126977e-03,1.132199e-02,1.110982e-02,1.819419e-03,8.237527e-02
3.369773e-01,2.142267e-02,5.710965e-02,1.150136e-01,3.272522e-03,6.515800e-03,1.614830e-03,7.924322e-03,1.177016e-01,1.962963e-01,1.134960e-02,1.018112e-02,1.996258e-02,2.037367e-03,9.262082e-02
2.384359e-01,1.766810e-02,4.836316e-02,2.820644e-01,2.571630e-03,4.697122e-03,1.204924e-03,5.869418e-03,1.292560e-01,1.485104e-01,1.406815e-02,7.571954e-03,1.610669e-02,1.588021e-03,8.202413e-02
1.735580e-01,2.106555e-02,3.859543e-02,2.076071e-01,1.945475e-03,3.498551e-03,8.951161e-04,4.298481e-03,1.539249e-01,1.344826e-01,1.104552e-02,6.188862e-03,1.280929e-02,9.182467e-03,2.209026e-01
1.556597e-01,1.955287e-02,3.219116e-02,1.534737e-01,1.926034e-03,3.671953e-03,7.184525e-04,3.475611e-03,1.456386e-01,1.097754e-01,1.964553e-02,5.823786e-03,1.833182e-02,7.986478e-02,2.502505e-01
1.861885e-01,1.604037e-02,3.557307e-02,1.133114e-01,2.615496e-03,3.890138e-03,5.724374e-04,2.653018e-03,1.209122e-01,8.581506e-02,2.657816e-02,5.385334e-03,1.593622e-02,1.280148e-01,2.565137e-01
2.212406e-01,1.213081e-02,2.612594e-02,8.016789e-02,2.422971e-03,3.453100e-03,4.766278e-04,1.941435e-03,8.964038e-02,6.392287e-02,2.001298e-02,4.176717e-03,1.156437e-02,2.058537e-01,2.568696e-01
1.593961e-01,1.003256e-02,2.029322e-02,5.732829e-02,1.931308e-03,2.910661e-03,3.752758e-04,1.389907e-03,1.124275e-01,4.956575e-02,1.492219e-02,3.287115e-03,8.335074e-03,2.036838e-01,3.541213e-01
1.319873e-01,7.532792e-03,1.472159e-02,4.030212e-02,1.551381e-03,2.746345e-03,3.316445e-04,1.049194e-03,9.209908e-02,4.137176e-02,1.580086e-02,3.500245e-03,6.803306e-03,3.048250e-01,3.353774e-01
1.782101e-01,6.343539e-03,1.076441e-02,2.844159e-02,1.581085e-03,3.798637e-03,3.166345e-04,9.157371e-04,8.245325e-02,3.616285e-02,1.934398e-02,3.306502e-03,1.010214e-02,3.520100e-01,2.662496e-01
1.339920e-01,4.741955e-03,8.640420e-03,2.034228e-02,1.378540e-03,3.433803e-03,3.280696e-04,7.252971e-04,1.795314e-01,4.340518e-02,1.828164e-02,3.682926e-03,9.439481e-03,3.505007e-01,2.215763e-01
9.568381e-02,3.521456e-03,7.051108e-03,1.433513e-02,1.237196e-03,2.619649e-03,3.028803e-04,5.338466e-04,1.319153e-01,4.615425e-02,1.816259e-02,2.845903e-03,7.608880e-03,4.919977e-01,1.760303e-01
8.133525e-02,5.992872e-03,7.097980e-03,1.051020e-02,2.054217e-03,3.301239e-03,5.270586e-04,5.362660e-04,1.302239e-01,1.173274e-01,2.318790e-02,2.823233e-03,6.963585e-03,4.738157e-01,1.343032e-01
8.752440e-02,1.526646e-02,1.410020e-02,1.012393e-02,3.137881e-03,4.878285e-03,8.416290e-04,1.016830e-03,1.623347e-01,1.408646e-01,2.182810e-02,2.596438e-03,5.819317e-03,4.182837e-01,1.113836e-01
1.001860e-01,2.220768e-02,1.456342e-02,8.766351e-03,2.938365e-03,6.273043e-03,8.123939e-04,1.275470e-03,1.746960e-01,1.522920e-01,1.869060e-02,2.418118e-03,5.339589e-03,3.835633e-01,1.059776e-01
1.335842e-01,2.578604e-02,1.656415e-02,3.327092e-02,5.898289e-03,8.377459e-03,1.528728e-03,2.633251e-03,2.419590e-01,1.191359e-01,1.845999e-02,4.130687e-03,6.229882e-03,2.906660e-01,9.177540e-02
1.557526e-01,2.435174e-02,1.530475e-02,2.959874e-02,7.007295e-03,9.739316e-03,1.365355e-03,2.568951e-03,2.869480e-01,1.114287e-01,1.994602e-02,4.138547e-03,6.129998e-03,2.332472e-01,9.247288e-02
2.930638e-01,2.315071e-02,1.187072e-02,2.453187e-02,9.339536e-03,9.043882e-03,1.130390e-03,2.720538e-03,2.197404e-01,8.144333e-02,2.740441e-02,5.839587e-03,1.008096e-02,1.841798e-01,9.646013e-02
3.836259e-01,2.519464e-02,1.947031e-02,3.904039e-02,1.232864e-02,1.244210e-02,2.299627e-03,4.377522e-03,1.664742e-01,5.933154e-02,2.909553e-02,1.154583e-02,1.576042e-02,1.422267e-01,7.678667e-02
4.585803e-01,2.830182e-02,1.804254e-02,3.631636e-02,1.856903e-02,1.352063e-02,2.927705e-03,4.438870e-03,1.338309e-01,4.436480e-02,2.723097e-02,1.214597e-02,1.540254e-02,1.164564e-01,6.987108e-02
3.838170e-01,3.758983e-02,3.798085e-02,2.805732e-02,3.606810e-02,1.902153e-02,3.595693e-03,4.860875e-03,1.173195e-01,5.818370e-02,2.462031e-02,9.004092e-03,1.232784e-02,1.269724e-01,1.005809e-01
3.594644e-01,5.227949e-02,4.445653e-02,2.336419e-02,4.720444e-02,2.938427e-02,4.520375e-03,5.222546e-03,1.061578e-01,5.275295e-02,2.180545e-02,6.846592e-03,1.059487e-02,1.240069e-01,1.119391e-01
3.249792e-01,7.555038e-02,4.084544e-02,2.176049e-02,6.137284e-02,4.904839e-02,4.817572e-03,4.758497e-03,9.823228e-02,4.391223e-02,1.812024e-02,6.151996e-03,9.686691e-03,1.387855e-01,1.019782e-01
3.298408e-01,8.735078e-02,3.198481e-02,2.514851e-02,5.251979e-02,4.859241e-02,5.164277e-03,4.792487e-03,8.670108e-02,4.209645e-02,1.565772e-02,6.696912e-03,8.395118e-03,1.279703e-01,1.270886e-01
2.829142e-01,1.019108e-01,2.471313e-02,2.281486e-02,4.411716e-02,4.714358e-02,4.262768e-03,4.279180e-03,9.094507e-02,5.516772e-02,1.223439e-02,5.985613e-03,6.883107e-03,1.062003e-01,1.904280e-01
3.676022e-01,8.317014e-02,2.678477e-02,2.070845e-02,3.578321e-02,4.053685e-02,3.373667e-03,4.511919e-03,8.578432e-02,4.353499e-02,1.127928e-02,8.321368e-03,7.364823e-03,1.059864e-01,1.552576e-01
4.029279e-01,7.223187e-02,2.273722e-02,2.056907e-02,3.154971e-02,3.733569e-02,2.835946e-03,4.853141e-03,9.245850e-02,3.960855e-02,1.177792e-02,1.096323e-02,7.899989e-03,1.151605e-01,1.270908e-01
3.320116e-01,1.471066e-01,2.162718e-02,8.737631e-02,3.046074e-02,3.179657e-02,2.466880e-03,4.072703e-03,7.417747e-02,3.265634e-02,1.088317e-02,1.170435e-02,6.889296e-03,8.304752e-02,1.237232e-01
3.322289e-01,1.423141e-01,2.582845e-02,8.074868e-02,4.704997e-02,7.429202e-02,5.554741e-03,9.978462e-03,5.983936e-02,2.817976e-02,1.077827e-02,1.357330e-02,6.564208e-03,6.450821e-02,9.856155e-02
2.424127e-01,1.070737e-01,1.932507e-02,5.926190e-02,4.075621e-02,3.022566e-01,4.255402e-03,8.547400e-03,4.346253e-02,3.008264e-02,8.648553e-03,1.031617e-02,4.864107e-03,4.604549e-02,7.269149e-02
1.738450e-01,7.517929e-02,1.373933e-02,4.186380e-02,3.724117e-02,4.792270e-01,3.111530e-03,6.204205e-03,3.052381e-02,3.483269e-02,7.056091e-03,7.367111e-03,3.448560e-03,3.418071e-02,5.217970e-02
1.237665e-01,5.288170e-02,9.957756e-03,2.951098e-02,2.823837e-02,5.326197e-01,2.226688e-03,4.469594e-03,2.161568e-02,1.190661e-01,5.172305e-03,5.179177e-03,2.468318e-03,2.467658e-02,3.815060e-02
8.957873e-02,3.721711e-02,7.089071e-03,2.081205e-02,1.988809e-02,4.130906e-01,1.575568e-03,3.181269e-03,1.609255e-02,3.340541e-01,3.976261e-03,3.638199e-03,1.778129e-03,1.822203e-02,2.980630e-02
6.275611e-02,2.610507e-02,5.112540e-03,1.461420e-02,1.393167e-02,2.979382e-01,1.106774e-03,2.236605e-03,1.149552e-02,5.236402e-01,2.833869e-03,2.554988e-03,1.314289e-03,1.276617e-02,2.159373e-02
4.395440e-02,1.831496e-02,3.680116e-03,1.032387e-02,9.765618e-03,2.171325e-01,7.817203e-04,1.582374e-03,8.607229e-03,6.526320e-01,2.089188e-03,1.811609e-03,1.019068e-03,8.957416e-03,1.934785e-02
3.084239e-02,1.303193e-02,2.670722e-03,7.243291e-03,6.897418e-03,1.661216e-01,5.872424e-04,1.183898e-03,8.719462e-03,6.195840e-01,2.785551e-03,1.379631e-03,1.472957e-03,8.386934e-03,1.290930e-01
2.164000e-02,9.184321e-03,1.897323e-03,5.080240e-03,4.869929e-03,1.194844e-01,4.209372e-04,8.641904e-04,9.601063e-03,4.564311e-01,3.913925e-03,1.048959e-03,1.634742e-03,1.623879e-02,3.476900e-01
1.518263e-02,6.600154e-03,1.452651e-03,3.629053e-03,3.559910e-03,8.659761e-02,3.086697e-04,6.629181e-04,6.456497e-02,3.310444e-01,3.772684e-03,8.499828e-04,1.906889e-03,1.567627e-02,4.641912e-01
1.065255e-02,4.693823e-03,1.059934e-03,2.614267e-03,2.534852e-03,6.080621e-02,2.184398e-04,4.788002e-04,5.685735e-02,2.330270e-01,3.466324e-03,6.261416e-04,1.717836e-03,1.337821e-02,6.078683e-01
7.482825e-03,3.427951e-03,7.903326e-04,1.968838e-03,1.863872e-03,4.267117e-02,1.578028e-04,3.419639e-04,5.348379e-02,1.644441e-01,3.306285e-03,5.130326e-04,1.657106e-03,1.192611e-02,7.059649e-01
5.570749e-03,2.601909e-03,6.678244e-04,1.804728e-03,1.620409e-03,3.018944e-02,1.504839e-04,2.785051e-04,6.333920e-02,1.209801e-01,9.881773e-03,1.530895e-03,2.780416e-03,2.010250e-02,7.385011e-01
3.992942e-03,1.845139e-03,4.964474e-04,1.308119e-03,1.189675e-03,2.118655e-02,1.126386e-04,2.016793e-04,4.638297e-02,9.070363e-02,1.261865e-02,1.408436e-03,2.925823e-03,2.776377e-02,7.878636e-01
2.987860e-03,1.315047e-03,3.816986e-04,9.260101e-04,1.063072e-03,1.489217e-02,8.710961e-05,1.461606e-04,3.305217e-02,8.068839e-02,1.200283e-02,1.164072e-03,2.572118e-03,2.743448e-02,8.212868e-01
2.134589e-03,9.556336e-04,3.865226e-04,6.603018e-04,1.469906e-03,1.256270e-02,4.393407e-04,2.059560e-04,2.378542e-02,6.118958e-02,1.793233e-02,1.046694e-03,2.286182e-03,2.352054e-02,8.514243e-01
1.707992e-03,9.122944e-04,7.029322e-04,5.016659e-04,1.367139e-02,1.119604e-02,4.990268e-04,3.566351e-04,1.850876e-02,9.333582e-02,3.417616e-02,1.132760e-03,2.411383e-03,2.639274e-02,7.944944e-01
1.620357e-03,9.111251e-04,2.609021e-03,8.727949e-04,2.535390e-02,2.024817e-02,2.036581e-02,9.098134e-03,1.535322e-02,1.604678e-01,2.983459e-02,1.478039e-03,4.331592e-03,5.423995e-02,6.532156e-01
1.942866e-03,3.534010e-03,3.227845e-02,1.096130e-03,4.962236e-02,2.903841e-02,1.656673e-02,1.083020e-02,1.628414e-02,2.547298e-01,2.513665e-02,1.584591e-03,4.953512e-03,6.702718e-02,4.853750e-01
8.227536e-03,7.801503e-03,3.610178e-02,1.762436e-03,6.882522e-02,6.900566e-02,1.273953e-02,1.364437e-02,3.034040e-02,3.206697e-01,2.307621e-02,1.729769e-03,5.904614e-03,5.698168e-02,3.431897e-01
1.625320e-02,1.945047e-02,7.090233e-02,1.054653e-02,1.065114e-01,7.612027e-02,1.222016e-02,3.444542e-02,3.924675e-02,2.929952e-01,1.771670e-02,2.061690e-03,7.624936e-03,4.824356e-02,2.456614e-01
2.532895e-02,2.368499e-02,1.078193e-01,1.601121e-02,8.998876e-02,8.016760e-02,1.131200e-02,3.011958e-02,4.445907e-02,3.309896e-01,1.508626e-02,2.234669e-03,7.819279e-03,3.961384e-02,1.753649e-01
3.172053e-02,2.718181e-02,1.018196e-01,1.282843e-02,7.439736e-02,6.789166e-02,9.994231e-03,2.516384e-02,5.561198e-02,4.125558e-01,1.189902e-02,3.011380e-03,1.011332e-02,2.983031e-02,1.259808e-01
3.734807e-02,3.353723e-02,9.647492e-02,1.136989e-02,6.094687e-02,6.305618e-02,8.544073e-03,2.014667e-02,6.316800e-02,4.644601e-01,1.023106e-02,2.905125e-03,9.465776e-03,2.260101e-02,9.574504e-02
4.677180e-02,3.382663e-02,8.285221e-02,9.196091e-03,4.587003e-02,4.983987e-02,7.191850e-03,1.501408e-02,5.167382e-02,5.460821e-01,1.002933e-02,4.939072e-03,9.410781e-03,1.667473e-02,7.062765e-02
4.133470e-02,3.796973e-02,6.258262e-02,7.073341e-03,3.645089e-02,3.605246e-02,5.367223e-03,1.445243e-02,4.703139e-02,6.266925e-01,9.407907e-03,4.173635e-03,7.368851e-03,1.379068e-02,5.025161e-02
3.523584e-02,3.742693e-02,4.528167e-02,5.263988e-03,2.783417e-02,2.592548e-02,3.929619e-03,1.229408e-02,4.230344e-02,7.008384e-01,7.923349e-03,3.296889e-03,5.624681e-03,1.100767e-02,3.581385e-02
3.285329e-02,3.178971e-02,3.351467e-02,4.959831e-03,2.247626e-02,1.892335e-02,3.094838e-03,1.374930e-02,4.949719e-02,7.410437e-01,6.496301e-03,2.683075e-03,4.297094e-03,8.688126e-03,2.593333e-02
3.966735e-02,5.413681e-02,4.003102e-02,5.651010e-02,3.538252e-02,1.770285e-02,3.595168e-03,3.127265e-02,4.712418e-02,6.282953e-01,6.757627e-03,5.550641e-03,4.893174e-03,6.733232e-03,2.234740e-02
8.581747e-02,5.556648e-02,7.053673e-02,5.902183e-02,3.207343e-02,2.548430e-02,3.332038e-03,2.486732e-02,5.139145e-02,4.892170e-01,3.459729e-02,1.565882e-02,6.126693e-03,2.023911e-02,2.607009e-02
1.273505e-01,5.389487e-02,6.648967e-02,4.657562e-02,3.157525e-02,2.748088e-02,5.729740e-03,2.649755e-02,5.183370e-02,3.942313e-01,4.779577e-02,1.509231e-02,6.147495e-03,7.190304e-02,2.740229e-02
1.738142e-01,4.849669e-02,8.100024e-02,4.649025e-02,2.959458e-02,3.574882e-02,7.525816e-03,3.240475e-02,4.816388e-02,3.084239e-01,5.251746e-02,2.325660e-02,8.092654e-03,6.636018e-02,3.810988e-02
2.176607e-01,4.923797e-02,6.905814e-02,3.895365e-02,3.319611e-02,3.977746e-02,7.260803e-03,3.148837e-02,6.849125e-02,2.472215e-01,7.003768e-02,2.256785e-02,1.038904e-02,5.990722e-02,3.475221e-02
2.835906e-01,4.072240e-02,5.547081e-02,3.335072e-02,4.684183e-02,4.271305e-02,6.606738e-03,2.836126e-02,7.422392e-02,2.121553e-01,6.030562e-02,2.095118e-02,1.060738e-02,5.034186e-02,3.375727e-02
3.434955e-01,3.384479e-02,7.949917e-02,4.825179e-02,5.107513e-02,3.712448e-02,5.705314e-03,2.647397e-02,6.313482e-02,1.609827e-01,4.906308e-02,1.830299e-02,9.930220e-03,3.996858e-02,3.314747e-02
4.188952e-01,3.309621e-02,7.087335e-02,4.631680e-02,6.725283e-02,3.197187e-02,5.446501e-03,2.434406e-02,5.716660e-02,1.191060e-01,4.102373e-02,1.597232e-02,8.278102e-03,3.258542e-02,2.767093e-02
3.310166e-01,2.643586e-02,6.159327e-02,4.243007e-02,6.385506e-02,2.924106e-02,4.226234e-03,1.955569e-02,4.841384e-02,2.661382e-01,3.507856e-02,1.275508e-02,7.652844e-03,2.860429e-02,2.300333e-02
3.360025e-01,2.712908e-02,4.759780e-02,7.563727e-02,5.029432e-02,2.740478e-02,3.356577e-03,1.707904e-02,5.113678e-02,1.976712e-01,5.998744e-02,3.424865e-02,1.411921e-02,2.430344e-02,3.403185e-02
3.141816e-01,2.459763e-02,3.633963e-02,8.606553e-02,3.817800e-02,3.456359e-02,2.694686e-03,1.491497e-02,6.195913e-02,1.795135e-01,8.607076e-02,4.550475e-02,2.048824e-02,2.083001e-02,3.409789e-02
2.438816e-01,1.880966e-02,2.738834e-02,6.507592e-02,3.119301e-02,3.795258e-02,3.107821e-03,4.784105e-02,5.268766e-02,2.517420e-01,1.216538e-01,3.540436e-02,2.084282e-02,1.775609e-02,2.466324e-02
1.765464e-01,1.845523e-02,1.964792e-02,4.662552e-02,2.489346e-02,3.183465e-02,2.237121e-03,3.546184e-02,1.339679e-01,3.442732e-01,9.526558e-02,2.526946e-02,1.507210e-02,1.285560e-02,1.759399e-02
1.340052e-01,1.717425e-02,1.479188e-02,3.885763e-02,2.461013e-02,2.538763e-02,1.788984e-03,4.677946e-02,1.301463e-01,4.425195e-01,7.102257e-02,1.891045e-02,1.133309e-02,9.743141e-03,1.292977e-02
1.285419e-01,2.267071e-02,1.386183e-02,4.713239e-02,2.826074e-02,2.492821e-02,1.797642e-03,7.234316e-02,1.261785e-01,4.223425e-01,5.754317e-02,2.102953e-02,1.367742e-02,8.493830e-03,1.119835e-02
1.090063e-01,1.771722e-02,1.318916e-02,4.533477e-02,4.888821e-02,1.892310e-02,2.413535e-03,8.811632e-02,1.061042e-01,4.596085e-01,4.506982e-02,1.640218e-02,1.308351e-02,7.734719e-03,8.408519e-03
1.106563e-01,2.714272e-02,3.169756e-02,6.070530e-02,5.957098e-02,2.044623e-02,4.810978e-03,7.226257e-02,1.006011e-01,4.134448e-01,3.962900e-02,1.862490e-02,1.925370e-02,8.931827e-03,1.222197e-02
1.201436e-01,2.886836e-02,3.034903e-02,4.784476e-02,4.727796e-02,2.005618e-02,5.888135e-03,7.293595e-02,8.587887e-02,4.448828e-01,3.418694e-02,1.968914e-02,1.632920e-02,1.378209e-02,1.188709e-02
1.628464e-01,3.232462e-02,3.025148e-02,3.861678e-02,4.018361e-02,1.941016e-02,8.627608e-03,1.032421e-01,8.458278e-02,3.708131e-01,3.528872e-02,2.101410e-02,1.382185e-02,2.495369e-02,1.402306e-02
1.832223e-01,3.501791e-02,2.782508e-02,3.283499e-02,3.446298e-02,1.583841e-02,9.690421e-03,1.924241e-01,7.718892e-02,2.867239e-01,2.856869e-02,1.777409e-02,1.078052e-02,3.396230e-02,1.368545e-02
2.074256e-01,3.456015e-02,2.560247e-02,2.765755e-02,2.934594e-02,1.488356e-02,1.300589e-02,2.476448e-01,8.108683e-02,2.261418e-01,2.230624e-02,1.759259e-02,8.769923e-03,2.974038e-02,1.423631e-02
2.782268e-01,3.255557e-02,2.399150e-02,2.505762e-02,2.691111e-02,1.580115e-02,1.240398e-02,2.186167e-01,7.938175e-02,1.949336e-01,1.748176e-02,1.843731e-02,8.080561e-03,3.118387e-02,1.693676e-02
3.709980e-01,2.712308e-02,2.152096e-02,2.136194e-02,2.357293e-02,1.522005e-02,1.076336e-02,1.973379e-01,7.147498e-02,1.559063e-01,1.426114e-02,1.905411e-02,7.365737e-03,2.515169e-02,1.888786e-02
3.807517e-01,2.508896e-02,2.043294e-02,3.447490e-02,1.892284e-02,2.007518e-02,8.525610e-03,1.528438e-01,5.745874e-02,1.510079e-01,1.817246e-02,3.344369e-02,1.384543e-02,2.058580e-02,4.437017e-02
3.536489e-01,2.759777e-02,1.768762e-02,5.105001e-02,1.538038e-02,2.689536e-02,6.480330e-03,1.091095e-01,5.197072e-02,1.594627e-01,2.431862e-02,6.317716e-02,2.348137e-02,1.688528e-02,5.285431e-02
3.390723e-01,2.366734e-02,1.559560e-02,4.815931e-02,1.240100e-02,2.986350e-02,5.110004e-03,7.853001e-02,4.022900e-02,2.455317e-01,2.358335e-02,5.324028e-02,2.706032e-02,1.318439e-02,4.477201e-02
2.804109e-01,1.851569e-02,1.187638e-02,3.540890e-02,1.082443e-02,2.422251e-02,3.801243e-03,5.803701e-02,3.313543e-02,3.591025e-01,2.168528e-02,3.916291e-02,3.689307e-02,1.062481e-02,5.629897e-02
2.173752e-01,1.450208e-02,8.651127e-03,2.586999e-02,8.240709e-03,2.235398e-02,2.769187e-03,4.211183e-02,2.613341e-02,4.309669e-01,1.638589e-02,2.797532e-02,2.924574e-02,8.270167e-03,1.191484e-01
1.737493e-01,1.147672e-02,6.416216e-03,1.884640e-02,6.430989e-03,2.218313e-02,2.075586e-03,3.084358e-02,2.025775e-02,5.165979e-01,1.239422e-02,2.027637e-02,2.258079e-02,6.284044e-03,1.295870e-01
1.336464e-01,8.395134e-03,5.642047e-03,1.341732e-02,5.029293e-03,1.751850e-02,1.630247e-03,2.296084e-02,1.582500e-02,5.939676e-01,9.674873e-03,1.467571e-02,1.729456e-02,4.937071e-03,1.353853e-01
1.092780e-01,6.375634e-03,5.993130e-03,9.770665e-03,5.901780e-03,1.368588e-02,1.675699e-03,1.831004e-02,1.938062e-02,6.561751e-01,8.149084e-03,1.083944e-02,1.408834e-02,4.081088e-03,1.162954e-01
7.888357e-02,9.882959e-03,5.385874e-03,7.138571e-03,9.982593e-03,9.738653e-03,1.490023e-03,1.469036e-02,2.691024e-01,4.820133e-01,6.794401e-03,8.134059e-03,1.039831e-02,3.042385e-03,8.332250e-02
5.575317e-02,1.634126e-02,3.919137e-03,5.103605e-03,8.459733e-03,6.868697e-03,1.066245e-03,1.040449e-02,4.744394e-01,3.387133e-01,5.117133e-03,5.893736e-03,7.412950e-03,2.137830e-03,5.836931e-02
3.987829e-02,1.596019e-02,3.028753e-03,3.807633e-03,8.763885e-03,4.971936e-03,8.055925e-04,7.664149e-03,6.209934e-01,2.379909e-01,4.135469e-03,4.263821e-03,5.286186e-03,1.499589e-03,4.095015e-02
3.125211e-02,1.663682e-02,2.842852e-03,3.415696e-03,1.017208e-01,4.060328e-03,9.880404e-04,6.985977e-03,6.208655e-01,1.681388e-01,5.092829e-03,3.164046e-03,3.990774e-03,1.071299e-03,2.977422e-02
2.628935e-02,1.942010e-02,3.330955e-03,1.776461e-02,1.566877e-01,4.024215e-03,9.960828e-04,2.935750e-02,5.867993e-01,1.195372e-01,5.971141e-03,2.655688e-03,3.673275e-03,7.617468e-04,2.273114e-02
3.256408e-02,2.762100e-02,6.255982e-03,4.900787e-02,1.977651e-01,4.939425e-03,9.000802e-04,2.509911e-02,4.811857e-01,9.689171e-02,1.781063e-02,5.124867e-03,7.526211e-03,6.749498e-04,4.663319e-02
2.481809e-02,4.889703e-02,1.666585e-02,1.024996e-01,1.680029e-01,5.037291e-03,7.635289e-04,2.576780e-02,4.349203e-01,8.152793e-02,2.713967e-02,7.222416e-03,9.159099e-03,8.835618e-04,4.669496e-02
1.883343e-02,6.827357e-02,1.294527e-02,7.810957e-02,1.241320e-01,4.128069e-03,5.598252e-04,1.851896e-02,5.330055e-01,6.044633e-02,3.258280e-02,5.573878e-03,7.177233e-03,1.472615e-03,3.424098e-02
1.388859e-02,5.070733e-02,9.328245e-03,5.774181e-02,8.808541e-02,3.330929e-03,3.965060e-04,1.322964e-02,5.273786e-01,4.298310e-02,1.554252e-01,4.124422e-03,5.248745e-03,3.993493e-03,2.413788e-02
9.889199e-03,3.606824e-02,6.572497e-03,4.072905e-02,6.203882e-02,2.424250e-03,2.787724e-04,9.360712e-03,4.107403e-01,3.050503e-02,3.581385e-01,3.260199e-03,3.905022e-03,9.165721e-03,1.692369e-02
7.007021e-03,2.534227e-02,4.624011e-03,2.865005e-02,4.372727e-02,1.792093e-03,1.978853e-04,6.577851e-03,2.907003e-01,2.149607e-02,5.388623e-01,2.688205e-03,3.093857e-03,1.337846e-02,1.186219e-02
4.966607e-03,1.795354e-02,3.268552e-03,2.009258e-02,4.895574e-02,1.305822e-03,1.468017e-04,4.639942e-03,2.070471e-01,1.527484e-02,6.451705e-01,2.328448e-03,3.021971e-03,1.745454e-02,8.373013e-03
3.542677e-03,1.299480e-02,2.398923e-03,1.408644e-02,5.831387e-02,1.040250e-03,1.094529e-04,3.302085e-03,1.479944e-01,1.086543e-02,7.038048e-01,2.085542e-03,2.817087e-03,3.070460e-02,5.939559e-03
2.720096e-03,1.213191e-02,2.270455e-03,1.021078e-02,6.084479e-02,1.670654e-03,9.613999e-05,3.128437e-03,1.139455e-01,8.577603e-03,6.901317e-01,1.657522e-03,2.207542e-03,8.601223e-02,4.394629e-03
2.292427e-03,1.484209e-02,1.915834e-03,7.497596e-03,6.400666e-02,4.906432e-03,9.311728e-05,2.767253e-03,1.062026e-01,6.867470e-03,5.943304e-01,1.457306e-03,1.980259e-03,1.867897e-01,4.050836e-03
2.557329e-03,4.365031e-02,2.053627e-03,6.046526e-03,6.201676e-02,2.242948e-02,1.463329e-04,2.157335e-03,2.114798e-01,6.001663e-03,4.270219e-01,1.196606e-03,1.795126e-03,2.062909e-01,5.156225e-03
2.606016e-03,4.268390e-02,5.102090e-03,8.060930e-03,4.956798e-02,4.148187e-02,1.353065e-04,2.564745e-03,2.213748e-01,5.288877e-03,3.011461e-01,9.248529e-04,1.596494e-03,3.110585e-01,6.407524e-03
3.297765e-03,3.599083e-02,6.059264e-03,1.041770e-02,4.443528e-02,7.054880e-02,1.379770e-04,2.580274e-03,2.264093e-01,5.224302e-03,2.131785e-01,7.294537e-04,1.715381e-03,3.716636e-01,7.611601e-03
3.168786e-03,2.830843e-02,4.565839e-03,2.525926e-02,3.219793e-02,1.255029e-01,1.064486e-04,2.662064e-03,3.363966e-01,4.932904e-03,1.549569e-01,9.476296e-04,2.633315e-03,2.712353e-01,7.125694e-03
4.285154e-03,2.509286e-02,4.266753e-03,3.256340e-02,2.296550e-02,2.233130e-01,8.791548e-05,2.617281e-03,3.259196e-01,7.273521e-03,1.289717e-01,1.781827e-03,5.793189e-03,1.958904e-01,1.917791e-02
2.162155e-02,2.775257e-02,1.641256e-02,3.371675e-02,2.096828e-02,3.366090e-01,7.837652e-04,1.016986e-02,2.456588e-01,5.936595e-03,1.024122e-01,2.447263e-03,6.641283e-03,1.496118e-01,1.925766e-02
5.150764e-02,3.257742e-02,2.186487e-02,4.565622e-02,2.157974e-02,3.414782e-01,1.787659e-03,3.559566e-02,1.964196e-01,5.185599e-03,7.481615e-02,2.482306e-03,6.897789e-03,1.252550e-01,3.689607e-02
7.326356e-02,3.893635e-02,2.217432e-02,6.815394e-02,2.032269e-02,3.011429e-01,2.211656e-03,5.690156e-02,1.534760e-01,6.713741e-03,5.987336e-02,2.957753e-03,8.087359e-03,1.010968e-01,8.468793e-02
9.945032e-02,6.367306e-02,2.065622e-02,6.662432e-02,2.564892e-02,2.884338e-01,3.031879e-03,5.716136e-02,1.326420e-01,6.876887e-03,4.885066e-02,3.444243e-03,7.235924e-03,8.463734e-02,9.163302e-02
7.540110e-02,6.205157e-02,2.201531e-02,7.410264e-02,2.011278e-02,2.167813e-01,2.201141e-03,4.244391e-02,1.229050e-01,1.400166e-02,4.286791e-02,4.026115e-03,1.105771e-02,6.116982e-02,2.288620e-01
5.380491e-02,4.670015e-02,3.190784e-02,6.503753e-02,1.545989e-02,1.606603e-01,1.673412e-03,3.119276e-02,1.232449e-01,4.250357e-02,5.769369e-02,5.337228e-03,2.331513e-02,4.649494e-02,2.949738e-01
3.815762e-02,3.376603e-02,2.650201e-02,4.576522e-02,1.102252e-02,1.139159e-01,1.260163e-03,2.194331e-02,1.043383e-01,4.192445e-02,4.244256e-02,4.176071e-03,1.821999e-02,4.161530e-02,4.549505e-01
2.756134e-02,2.410806e-02,2.177071e-02,3.220501e-02,8.043657e-03,8.095188e-02,9.719731e-04,1.546747e-02,9.007409e-02,4.640785e-02,3.928643e-02,3.138366e-03,1.475935e-02,4.876688e-02,5.464869e-01
2.252580e-02,1.872284e-02,1.720412e-02,2.312251e-02,6.633640e-03,5.937556e-02,8.436728e-04,1.094159e-02,9.925469e-02,4.297132e-02,2.880066e-02,2.277253e-03,1.088622e-02,5.427922e-02,6.021609e-01
4.516395e-02,2.114252e-02,1.413877e-02,1.698404e-02,6.564502e-03,4.402943e-02,9.181757e-04,7.923639e-03,9.597328e-02,3.555242e-02,2.519813e-02,1.764938e-03,8.809085e-03,8.805562e-02,5.877815e-01
4.938365e-02,1.561256e-02,1.021129e-02,1.197432e-02,5.118010e-03,3.241297e-02,7.082886e-04,5.660594e-03,7.933348e-02,2.830722e-02,2.695780e-02,1.375339e-03,7.936510e-03,1.819205e-01,5.430875e-01
4.497273e-02,1.208800e-02,7.413972e-03,8.463517e-03,3.644203e-03,2.679571e-02,5.618313e-04,4.051293e-03,7.867381e-02,2.451592e-02,2.037573e-02,1.022202e-03,5.803637e-03,2.612387e-01,5.003788e-01
4.225477e-02,1.086968e-02,6.744109e-03,6.699061e-03,2.903990e-03,2.639348e-02,5.058543e-04,3.058552e-03,1.200560e-01,2.200544e-02,1.744335e-02,9.964330e-04,4.671812e-03,3.280308e-01,4.073667e-01
4.795933e-02,9.224597e-03,1.038599e-02,7.867874e-03,3.861236e-03,2.252901e-02,1.330626e-03,3.208264e-03,1.294027e-01,3.684475e-02,2.487384e-02,2.277941e-03,9.378590e-03,3.465508e-01,3.443045e-01
5.723198e-02,6.972730e-03,9.209253e-03,7.812171e-03,4.633287e-03,1.879492e-02,1.803664e-03,3.638183e-03,9.949516e-02,1.533721e-01,2.301801e-02,3.070805e-03,9.903351e-03,3.037255e-01,2.973188e-01
4.510634e-02,6.633703e-03,1.482476e-02,1.053183e-02,6.534982e-03,1.489685e-02,2.063722e-03,6.029604e-03,1.019387e-01,2.094732e-01,3.931833e-02,3.590719e-03,1.295731e-02,2.347040e-01,2.913960e-01
3.443136e-02,6.798337e-03,2.133354e-02,1.316120e-02,9.392241e-03,1.332012e-02,1.945790e-03,6.010880e-03,8.697724e-02,3.286836e-01,5.312159e-02,3.691988e-03,1.939922e-02,1.739991e-01,2.277337e-01
2.569689e-02,6.334721e-03,1.739264e-02,1.126095e-02,9.931569e-03,2.438632e-02,1.913810e-03,4.701670e-03,6.997086e-02,3.944478e-01,7.676231e-02,8.413685e-03,3.380703e-02,1.371266e-01,1.778531e-01
2.261715e-02,5.426835e-03,1.362154e-02,9.164525e-03,9.634834e-03,4.460429e-02,2.552482e-03,5.243110e-03,6.447643e-02,4.238178e-01,9.654278e-02,1.093268e-02,5.026357e-02,1.143411e-01,1.267608e-01
1.976197e-02,5.866089e-03,1.379746e-02,8.077935e-03,1.583158e-02,3.643338e-02,2.341491e-03,5.304474e-03,7.266727e-02,4.954236e-01,9.086958e-02,8.599792e-03,4.053768e-02,9.076969e-02,9.371807e-02
2.630075e-02,1.286316e-02,1.255547e-02,1.001906e-02,3.225919e-02,4.500296e-02,4.026071e-03,1.066476e-02,1.924471e-01,4.094163e-01,7.084076e-02,7.004277e-03,3.228064e-02,6.702217e-02,6.729734e-02
4.034580e-02,1.588256e-02,1.611003e-02,9.493507e-02,6.561653e-02,7.783064e-02,8.359993e-03,2.385012e-02,1.502767e-01,3.216901e-01,5.632752e-02,6.133438e-03,2.508656e-02,4.878422e-02,4.877074e-02
7.188441e-02,2.291855e-02,1.383385e-02,1.063033e-01,9.291729e-02,1.034710e-01,1.000675e-02,2.508689e-02,1.350261e-01,2.682602e-01,4.743158e-02,5.074437e-03,1.996271e-02,3.780769e-02,4.001526e-02
5.910956e-02,1.789889e-02,1.246697e-02,3.080160e-01,7.814136e-02,8.391494e-02,1.384418e-02,2.395601e-02,9.887718e-02,1.931965e-01,3.564788e-02,3.939906e-03,1.511905e-02,2.677242e-02,2.909908e-02
5.861153e-02,1.616685e-02,9.523886e-03,2.297069e-01,7.874002e-02,6.333323e-02,1.221203e-02,2.418879e-01,7.349132e-02,1.356050e-01,2.645348e-02,3.057724e-03,1.129554e-02,1.896432e-02,2.095026e-02
5.668250e-02,1.252359e-02,7.796137e-03,1.627094e-01,6.026674e-02,4.492525e-02,9.535363e-03,4.357733e-01,5.550335e-02,9.558918e-02,1.948569e-02,2.351958e-03,8.269359e-03,1.341921e-02,1.516899e-02
5.123207e-02,9.067846e-03,6.074906e-03,1.147018e-01,4.461458e-02,3.213736e-02,8.188581e-03,5.851848e-01,3.940194e-02,6.712507e-02,1.388443e-02,1.950651e-03,6.164759e-03,9.476401e-03,1.079482e-02
4.806268e-02,6.611553e-03,5.413553e-03,8.087443e-02,3.944286e-02,2.487705e-02,2.336143e-02,6.609396e-01,2.787833e-02,4.713885e-02,1.052372e-02,2.405228e-03,7.871510e-03,6.703996e-03,7.895212e-03
3.712919e-02,4.898238e-03,5.611403e-03,5.695485e-02,3.245445e-02,1.949540e-02,1.040435e-01,6.327025e-01,1.967199e-02,3.311005e-02,7.635037e-03,1.959996e-03,3.387135e-02,4.728850e-03,5.733323e-03
3.109197e-02,3.635569e-03,6.970332e-03,4.048691e-02,2.867661e-02,1.555511e-02,2.069934e-01,5.733789e-01,1.396931e-02,2.324460e-02,5.546424e-03,1.600589e-03,4.114749e-02,3.378959e-03,4.323779e-03
6.358415e-02,3.954092e-03,9.366795e-03,3.088408e-02,3.690690e-02,1.637216e-02,2.491522e-01,5.053735e-01,1.130858e-02,1.748001e-02,5.604618e-03,2.782152e-03,3.987247e-02,2.821186e-03,4.537051e-03
2.503393e-01,4.273395e-03,1.086989e-02,2.544504e-02,3.572414e-02,1.602662e-02,1.983837e-01,3.783053e-01,1.173069e-02,1.337345e-02,6.124054e-03,9.621713e-03,3.202822e-02,2.554615e-03,5.199773e-03
3.824946e-01,5.500909e-03,1.173928e-02,2.448752e-02,3.337723e-02,1.962677e-02,1.550298e-01,2.778020e-01,1.140706e-02,1.143591e-02,7.188065e-03,2.007016e-02,2.767322e-02,3.131080e-03,9.036310e-03
4.908325e-01,5.844244e-03,1.423378e-02,2.105535e-02,3.085627e-02,2.044953e-02,1.194926e-01,2.105844e-01,9.768797e-03,9.819230e-03,6.782371e-03,2.317613e-02,2.342745e-02,3.104396e-03,1.057289e-02
1.000000e+00,0.000000e+00,0.000000e+00,0.000000e+00,0.000000e+00,0.000000e+00,0.000000e+00,0.000000e+00,0.000000e+00,0.000000e+00,0.000000e+00,0.000000e+00,0.000000e+00,0.000000e+00,0.000000e+00
1.000000e+00,0.000000e+00,0.000000e+00,0.000000e+00,0.000000e+00,0.000000e+00,0.000000e+00,0.000000e+00,0.000000e+00,0.000000e+00,0.000000e+00,0.000000e+00,0.000000e+00,0.000000e+00,0.000000e+00
4.819050e-01,1.594011e-02,1.095257e-02,2.726237e-02,1.879105e-02,5.787409e-02,8.918674e-02,8.756476e-02,1.422276e-02,1.261424e-02,3.138460e-02,4.433920e-02,7.598014e-02,4.488351e-03,2.749395e-02
3.509425e-01,1.305888e-02,8.619111e-03,3.576639e-02,1.417791e-02,6.274886e-02,6.704461e-02,6.239650e-02,1.445095e-02,1.128694e-02,3.114591e-02,6.075615e-02,2.401423e-01,3.424535e-03,2.403844e-02
2.642681e-01,1.198230e-02,6.719893e-03,3.591432e-02,1.631920e-02,4.849257e-02,5.793307e-02,4.442709e-02,1.283046e-01,9.215707e-03,3.382398e-02,4.935433e-02,2.459795e-01,6.831745e-03,4.043344e-02
2.392692e-01,1.475554e-02,6.301156e-03,6.106970e-02,1.378748e-02,3.747007e-02,4.124721e-02,3.192476e-02,1.201314e-01,1.338618e-02,8.179668e-02,5.150991e-02,2.214565e-01,1.379859e-02,5.209552e-02
