1.000000e+00,0.000000e+00,0.000000e+00,0.000000e+00,0.000000e+00,0.000000e+00,0.000000e+00,0.000000e+00,0.000000e+00,0.000000e+00,0.000000e+00,0.000000e+00,0.000000e+00,0.000000e+00,0.000000e+00
1.000000e+00,0.000000e+00,0.000000e+00,0.000000e+00,0.000000e+00,0.000000e+00,0.000000e+00,0.000000e+00,0.000000e+00,0.000000e+00,0.000000e+00,0.000000e+00,0.000000e+00,0.000000e+00,0.000000e+00
1.000000e+00,0.000000e+00,0.000000e+00,0.000000e+00,0.000000e+00,0.000000e+00,0.000000e+00,0.000000e+00,0.000000e+00,0.000000e+00,0.000000e+00,0.000000e+00,0.000000e+00,0.000000e+00,0.000000e+00
1.000000e+00,0.000000e+00,0.000000e+00,0.000000e+00,0.000000e+00,0.000000e+00,0.000000e+00,0.000000e+00,0.000000e+00,0.000000e+00,0.000000e+00,0.000000e+00,0.000000e+00,0.000000e+00,0.000000e+00
1.000000e+00,0.000000e+00,0.000000e+00,0.000000e+00,0.000000e+00,0.000000e+00,0.000000e+00,0.000000e+00,0.000000e+00,0.000000e+00,0.000000e+00,0.000000e+00,0.000000e+00,0.000000e+00,0.000000e+00
1.000000e+00,0.000000e+00,0.000000e+00,0.000000e+00,0.000000e+00,0.000000e+00,0.000000e+00,0.000000e+00,0.000000e+00,0.000000e+00,0.000000e+00,0.000000e+00,0.000000e+00,0.000000e+00,0.000000e+00
1.000000e+00,0.000000e+00,0.000000e+00,0.000000e+00,0.000000e+00,0.000000e+00,0.000000e+00,0.000000e+00,0.000000e+00,0.000000e+00,0.000000e+00,0.000000e+00,0.000000e+00,0.000000e+00,0.000000e+00
1.000000e+00,0.000000e+00,0.000000e+00,0.000000e+00,0.000000e+00,0.000000e+00,0.000000e+00,0.000000e+00,0.000000e+00,0.000000e+00,0.000000e+00,0.000000e+00,0.000000e+00,0.000000e+00,0.000000e+00
1.000000e+00,0.000000e+00,0.000000e+00,0.000000e+00,0.000000e+00,0.000000e+00,0.000000e+00,0.000000e+00,0.000000e+00,0.000000e+00,0.000000e+00,0.000000e+00,0.000000e+00,0.000000e+00,0.000000e+00
1.000000e+00,0.000000e+00,0.000000e+00,0.000000e+00,0.000000e+00,0.000000e+00,0.000000e+00,0.000000e+00,0.000000e+00,0.000000e+00,0.000000e+00,0.000000e+00,0.000000e+00,0.000000e+00,0.000000e+00
1.000000e+00,0.000000e+00,0.000000e+00,0.000000e+00,0.000000e+00,0.000000e+00,0.000000e+00,0.000000e+00,0.000000e+00,0.000000e+00,0.000000e+00,0.000000e+00,0.000000e+00,0.000000e+00,0.000000e+00
1.000000e+00,0.000000e+00,0.000000e+00,0.000000e+00,0.000000e+00,0.000000e+00,0.000000e+00,0.000000e+00,0.000000e+00,0.000000e+00,0.000000e+00,0.000000e+00,0.000000e+00,0.000000e+00,0.000000e+00
1.000000e+00,0.000000e+00,0.000000e+00,0.000000e+00,0.000000e+00,0.000000e+00,0.000000e+00,0.000000e+00,0.000000e+00,0.000000e+00,0.000000e+00,0.000000e+00,0.000000e+00,0.000000e+00,0.000000e+00
1.000000e+00,0.000000e+00,0.000000e+00,0.000000e+00,0.000000e+00,0.000000e+00,0.000000e+00,0.000000e+00,0.000000e+00,0.000000e+00,0.000000e+00,0.000000e+00,0.000000e+00,0.000000e+00,0.000000e+00
1.000000e+00,0.000000e+00,0.000000e+00,0.000000e+00,0.000000e+00,0.000000e+00,0.000000e+00,0.000000e+00,0.000000e+00,0.000000e+00,0.000000e+00,0.000000e+00,0.000000e+00,0.000000e+00,0.000000e+00
1.000000e+00,0.000000e+00,0.000000e+00,0.000000e+00,0.000000e+00,0.000000e+00,0.000000e+00,0.000000e+00,0.000000e+00,0.000000e+00,0.000000e+00,0.000000e+00,0.000000e+00,0.000000e+00,0.000000e+00
1.000000e+00,0.000000e+00,0.000000e+00,0.000000e+00,0.000000e+00,0.000000e+00,0.000000e+00,0.000000e+00,0.000000e+00,0.000000e+00,0.000000e+00,0.000000e+00,0.000000e+00,0.000000e+00,0.000000e+00
1.000000e+00,0.000000e+00,0.000000e+00,0.000000e+00,0.000000e+00,0.000000e+00,0.000000e+00,0.000000e+00,0.000000e+00,0.000000e+00,0.000000e+00,0.000000e+00,0.000000e+00,0.000000e+00,0.000000e+00
1.000000e+00,0.000000e+00,0.000000e+00,0.000000e+00,0.000000e+00,0.000000e+00,0.000000e+00,0.000000e+00,0.000000e+00,0.000000e+00,0.000000e+00,0.000000e+00,0.000000e+00,0.000000e+00,0.000000e+00
1.000000e+00,0.000000e+00,0.000000e+00,0.000000e+00,0.000000e+00,0.000000e+00,0.000000e+00,0.000000e+00,0.000000e+00,0.000000e+00,0.000000e+00,0.000000e+00,0.000000e+00,0.000000e+00,0.000000e+00
1.000000e+00,0.000000e+00,0.000000e+00,0.000000e+00,0.000000e+00,0.000000e+00,0.000000e+00,0.000000e+00,0.000000e+00,0.000000e+00,0.000000e+00,0.000000e+00,0.000000e+00,0.000000e+00,0.000000e+00
1.000000e+00,0.000000e+00,0.000000e+00,0.000000e+00,0.000000e+00,0.000000e+00,0.000000e+00,0.000000e+00,0.000000e+00,0.000000e+00,0.000000e+00,0.000000e+00,0.000000e+00,0.000000e+00,0.000000e+00
1.000000e+00,0.000000e+00,0.000000e+00,0.000000e+00,0.000000e+00,0.000000e+00,0.000000e+00,0.000000e+00,0.000000e+00,0.000000e+00,0.000000e+00,0.000000e+00,0.000000e+00,0.000000e+00,0.000000e+00
1.000000e+00,0.000000e+00,0.000000e+00,0.000000e+00,0.000000e+00,0.000000e+00,0.000000e+00,0.000000e+00,0.000000e+00,0.000000e+00,0.000000e+00,0.000000e+00,0.000000e+00,0.000000e+00,0.000000e+00
1.000000e+00,0.000000e+00,0.000000e+00,0.000000e+00,0.000000e+00,0.000000e+00,0.000000e+00,0.000000e+00,0.000000e+00,0.000000e+00,0.000000e+00,0.000000e+00,0.000000e+00,0.000000e+00,0.000000e+00
1.000000e+00,0.000000e+00,0.000000e+00,0.000000e+00,0.000000e+00,0.000000e+00,0.000000e+00,0.000000e+00,0.000000e+00,0.000000e+00,0.000000e+00,0.000000e+00,0.000000e+00,0.000000e+00,0.000000e+00
1.000000e+00,0.000000e+00,0.000000e+00,0.000000e+00,0.000000e+00,0.000000e+00,0.000000e+00,0.000000e+00,0.000000e+00,0.000000e+00,0.000000e+00,0.000000e+00,0.000000e+00,0.000000e+00,0.000000e+00
1.000000e+00,0.000000e+00,0.000000e+00,0.000000e+00,0.000000e+00,0.000000e+00,0.000000e+00,0.000000e+00,0.000000e+00,0.000000e+00,0.000000e+00,0.000000e+00,0.000000e+00,0.000000e+00,0.000000e+00
1.000000e+00,0.000000e+00,0.000000e+00,0.000000e+00,0.000000e+00,0.000000e+00,0.000000e+00,0.000000e+00,0.000000e+00,0.000000e+00,0.000000e+00,0.000000e+00,0.000000e+00,0.000000e+00,0.000000e+00
1.000000e+00,0.000000e+00,0.000000e+00,0.000000e+00,0.000000e+00,0.000000e+00,0.000000e+00,0.000000e+00,0.000000e+00,0.000000e+00,0.000000e+00,0.000000e+00,0.000000e+00,0.000000e+00,0.000000e+00
1.000000e+00,0.000000e+00,0.000000e+00,0.000000e+00,0.000000e+00,0.000000e+00,0.000000e+00,0.000000e+00,0.000000e+00,0.000000e+00,0.000000e+00,0.000000e+00,0.000000e+00,0.000000e+00,0.000000e+00
1.000000e+00,0.000000e+00,0.000000e+00,0.000000e+00,0.000000e+00,0.000000e+00,0.000000e+00,0.000000e+00,0.000000e+00,0.000000e+00,0.000000e+00,0.000000e+00,0.000000e+00,0.000000e+00,0.000000e+00
1.000000e+00,0.000000e+00,0.000000e+00,0.000000e+00,0.000000e+00,0.000000e+00,0.000000e+00,0.000000e+00,0.000000e+00,0.000000e+00,0.000000e+00,0.000000e+00,0.000000e+00,0.000000e+00,0.000000e+00
1.000000e+00,0.000000e+00,0.000000e+00,0.000000e+00,0.000000e+00,0.000000e+00,0.000000e+00,0.000000e+00,0.000000e+00,0.000000e+00,0.000000e+00,0.000000e+00,0.000000e+00,0.000000e+00,0.000000e+00
1.000000e+00,0.000000e+00,0.000000e+00,0.000000e+00,0.000000e+00,0.000000e+00,0.000000e+00,0.000000e+00,0.000000e+00,0.000000e+00,0.000000e+00,0.000000e+00,0.000000e+00,0.000000e+00,0.000000e+00
1.000000e+00,0.000000e+00,0.000000e+00,0.000000e+00,0.000000e+00,0.000000e+00,0.000000e+00,0.000000e+00,0.000000e+00,0.000000e+00,0.000000e+00,0.000000e+00,0.000000e+00,0.000000e+00,0.000000e+00
1.000000e+00,0.000000e+00,0.000000e+00,0.000000e+00,0.000000e+00,0.000000e+00,0.000000e+00,0.000000e+00,0.000000e+00,0.000000e+00,0.000000e+00,0.000000e+00,0.000000e+00,0.000000e+00,0.000000e+00
1.000000e+00,0.000000e+00,0.000000e+00,0.000000e+00,0.000000e+00,0.000000e+00,0.000000e+00,0.000000e+00,0.000000e+00,0.000000e+00,0.000000e+00,0.000000e+00,0.000000e+00,0.000000e+00,0.000000e+00
1.000000e+00,0.000000e+00,0.000000e+00,0.000000e+00,0.000000e+00,0.000000e+00,0.000000e+00,0.000000e+00,0.000000e+00,0.000000e+00,0.000000e+00,0.000000e+00,0.000000e+00,0.000000e+00,0.000000e+00
1.000000e+00,0.000000e+00,0.000000e+00,0.000000e+00,0.000000e+00,0.000000e+00,0.000000e+00,0.000000e+00,0.000000e+00,0.000000e+00,0.000000e+00,0.000000e+00,0.000000e+00,0.000000e+00,0.000000e+00
1.000000e+00,0.000000e+00,0.000000e+00,0.000000e+00,0.000000e+00,0.000000e+00,0.000000e+00,0.000000e+00,0.000000e+00,0.000000e+00,0.000000e+00,0.000000e+00,0.000000e+00,0.000000e+00,0.000000e+00
1.000000e+00,0.000000e+00,0.000000e+00,0.000000e+00,0.000000e+00,0.000000e+00,0.000000e+00,0.000000e+00,0.000000e+00,0.000000e+00,0.000000e+00,0.000000e+00,0.000000e+00,0.000000e+00,0.000000e+00
1.000000e+00,0.000000e+00,0.000000e+00,0.000000e+00,0.000000e+00,0.000000e+00,0.000000e+00,0.000000e+00,0.000000e+00,0.000000e+00,0.000000e+00,0.000000e+00,0.000000e+00,0.000000e+00,0.000000e+00
1.000000e+00,0.000000e+00,0.000000e+00,0.000000e+00,0.000000e+00,0.000000e+00,0.000000e+00,0.000000e+00,0.000000e+00,0.000000e+00,0.000000e+00,0.000000e+00,0.000000e+00,0.000000e+00,0.000000e+00
1.000000e+00,0.000000e+00,0.000000e+00,0.000000e+00,0.000000e+00,0.000000e+00,0.000000e+00,0.000000e+00,0.000000e+00,0.000000e+00,0.000000e+00,0.000000e+00,0.000000e+00,0.000000e+00,0.000000e+00
1.000000e+00,0.000000e+00,0.000000e+00,0.000000e+00,0.000000e+00,0.000000e+00,0.000000e+00,0.000000e+00,0.000000e+00,0.000000e+00,0.000000e+00,0.000000e+00,0.000000e+00,0.000000e+00,0.000000e+00
1.000000e+00,0.000000e+00,0.000000e+00,0.000000e+00,0.000000e+00,0.000000e+00,0.000000e+00,0.000000e+00,0.000000e+00,0.000000e+00,0.000000e+00,0.000000e+00,0.000000e+00,0.000000e+00,0.000000e+00
1.000000e+00,0.000000e+00,0.000000e+00,0.000000e+00,0.000000e+00,0.000000e+00,0.000000e+00,0.000000e+00,0.000000e+00,0.000000e+00,0.000000e+00,0.000000e+00,0.000000e+00,0.000000e+00,0.000000e+00
1.000000e+00,0.000000e+00,0.000000e+00,0.000000e+00,0.000000e+00,0.000000e+00,0.000000e+00,0.000000e+00,0.000000e+00,0.000000e+00,0.000000e+00,0.000000e+00,0.000000e+00,0.000000e+00,0.000000e+00
1.000000e+00,0.000000e+00,0.000000e+00,0.000000e+00,0.000000e+00,0.000000e+00,0.000000e+00,0.000000e+00,0.000000e+00,0.000000e+00,0.000000e+00,0.000000e+00,0.000000e+00,0.000000e+00,0.000000e+00
1.000000e+00,0.000000e+00,0.000000e+00,0.000000e+00,0.000000e+00,0.000000e+00,0.000000e+00,0.000000e+00,0.000000e+00,0.000000e+00,0.000000e+00,0.000000e+00,0.000000e+00,0.000000e+00,0.000000e+00
1.000000e+00,0.000000e+00,0.000000e+00,0.000000e+00,0.000000e+00,0.000000e+00,0.000000e+00,0.000000e+00,0.000000e+00,0.000000e+00,0.000000e+00,0.000000e+00,0.000000e+00,0.000000e+00,0.000000e+00
1.000000e+00,0.000000e+00,0.000000e+00,0.000000e+00,0.000000e+00,0.000000e+00,0.000000e+00,0.000000e+00,0.000000e+00,0.000000e+00,0.000000e+00,0.000000e+00,0.000000e+00,0.000000e+00,0.000000e+00
4.728224e-01,3.694361e-02,4.314879e-02,7.655127e-02,3.214874e-02,1.537101e-01,5.325364e-03,6.964674e-02,9.106353e-03,6.674936e-03,3.410643e-02,3.022626e-02,1.292763e-02,3.000034e-03,1.366143e-02
4.653726e-01,3.129562e-02,7.706307e-02,5.967245e-02,7.440576e-02,1.267979e-01,8.245760e-03,6.705653e-02,7.617359e-03,9.843920e-03,2.606690e-02,2.294979e-02,1.066044e-02,2.626182e-03,1.032581e-02
1.000000e+00,0.000000e+00,0.000000e+00,0.000000e+00,0.000000e+00,0.000000e+00,0.000000e+00,0.000000e+00,0.000000e+00,0.000000e+00,0.000000e+00,0.000000e+00,0.000000e+00,0.000000e+00,0.000000e+00
4.940710e-01,2.536263e-02,5.386784e-02,5.369601e-02,5.261445e-02,8.223225e-02,5.346812e-03,3.822353e-02,1.178376e-02,8.121598e-02,3.721200e-02,1.852375e-02,1.909299e-02,5.867985e-03,2.088904e-02
3.620271e-01,2.230865e-02,4.038152e-02,9.364410e-02,3.805670e-02,6.080087e-02,3.942281e-03,2.719063e-02,1.051363e-01,8.851120e-02,5.187570e-02,1.516725e-02,2.421238e-02,7.618904e-03,5.912641e-02
2.810054e-01,2.074379e-02,3.059648e-02,8.163004e-02,2.781987e-02,4.987932e-02,2.997161e-03,1.950339e-02,1.486588e-01,8.533102e-02,5.020727e-02,1.599819e-02,2.447061e-02,2.053455e-02,1.406241e-01
2.394114e-01,2.001366e-02,2.262815e-02,6.436193e-02,2.009450e-02,3.949973e-02,2.328142e-03,1.417265e-02,1.634597e-01,6.818547e-02,5.886265e-02,1.583096e-02,2.223961e-02,6.548434e-02,1.834271e-01
1.738628e-01,1.960416e-02,1.714454e-02,4.574477e-02,1.454856e-02,2.988300e-02,1.675999e-03,1.001969e-02,1.359446e-01,5.864063e-02,8.080234e-02,1.169023e-02,1.707136e-02,9.023815e-02,2.931291e-01
1.298535e-01,2.045741e-02,1.384248e-02,3.950796e-02,1.326117e-02,2.500975e-02,1.346486e-03,7.301281e-03,1.633077e-01,4.897019e-02,6.976736e-02,1.000024e-02,1.497994e-02,1.114368e-01,3.309578e-01
9.908195e-02,2.541326e-02,1.189405e-02,3.217577e-02,1.141820e-02,1.963712e-02,1.081597e-03,5.339418e-03,2.538724e-01,3.803335e-02,5.607352e-02,7.606995e-03,1.203611e-02,1.148151e-01,3.115213e-01
8.150567e-02,6.457917e-02,1.019918e-02,2.484635e-02,9.586791e-03,2.067117e-02,1.046100e-03,3.894289e-03,2.802502e-01,2.947864e-02,5.773053e-02,7.387716e-03,1.281054e-02,1.178875e-01,2.781261e-01
5.767027e-02,1.439420e-01,8.584080e-03,1.837946e-02,7.559446e-03,1.835359e-02,7.732131e-04,2.871622e-03,3.465057e-01,2.261040e-02,4.328668e-02,5.475826e-03,9.478245e-03,9.041043e-02,2.240990e-01
4.069422e-02,2.503565e-01,6.697340e-03,1.443579e-02,5.527874e-03,1.394736e-02,5.528185e-04,2.073949e-03,3.759124e-01,1.702632e-02,3.199253e-02,3.995203e-03,6.967822e-03,6.729634e-02,1.625236e-01
3.113913e-02,3.291563e-01,5.946419e-03,1.202123e-02,1.371220e-02,1.112602e-02,4.715288e-04,3.124790e-03,3.674686e-01,1.573819e-02,2.703219e-02,3.146107e-03,5.551313e-03,5.665909e-02,1.177069e-01
2.215052e-02,4.630307e-01,5.068775e-03,1.518768e-02,1.352487e-02,9.540985e-03,3.565025e-04,3.664424e-03,3.027792e-01,1.282883e-02,2.004858e-02,2.591338e-03,4.695169e-03,4.003960e-02,8.449288e-02
1.611961e-02,4.817817e-01,4.851384e-03,1.407094e-02,2.341315e-02,8.705309e-03,3.033532e-04,4.084809e-03,3.186549e-01,1.237146e-02,1.689908e-02,2.178877e-03,4.323978e-03,2.947018e-02,6.277128e-02
1.213156e-02,5.076513e-01,4.399166e-03,1.529762e-02,2.253929e-02,6.784621e-03,2.303184e-04,4.080658e-03,3.079504e-01,1.469020e-02,1.454940e-02,1.766526e-03,3.786457e-03,2.149093e-02,6.265168e-02
1.487186e-02,5.117642e-01,3.965113e-03,1.185178e-02,3.413654e-02,6.352140e-03,2.375453e-04,1.735161e-02,2.981975e-01,1.136627e-02,1.084323e-02,1.365000e-03,3.472133e-03,1.583138e-02,5.839374e-02
1.773623e-02,4.569827e-01,4.917704e-03,1.275530e-02,8.086826e-02,7.708627e-03,6.145898e-04,5.075669e-02,2.815180e-01,9.750048e-03,8.140437e-03,1.071850e-03,3.065692e-03,1.239970e-02,5.171427e-02
2.446173e-02,3.766059e-01,3.737571e-02,1.664759e-02,6.704909e-02,8.996922e-03,6.398481e-04,5.567538e-02,2.366104e-01,2.295066e-02,7.448054e-03,1.784824e-03,3.219046e-03,1.098277e-02,1.295521e-01
2.398035e-02,3.149534e-01,4.364202e-02,1.284647e-02,6.154558e-02,1.311204e-02,1.190425e-03,1.805392e-01,2.159214e-01,1.684811e-02,5.954609e-03,1.383278e-03,2.775818e-03,8.930325e-03,9.637699e-02
2.448338e-02,2.890637e-01,4.072163e-02,9.463991e-03,5.286583e-02,1.090413e-02,2.856140e-03,2.966067e-01,1.751525e-01,1.236864e-02,4.761213e-03,1.115004e-03,2.195956e-03,8.099487e-03,6.934172e-02
3.011592e-02,3.321660e-01,3.163907e-02,6.967422e-03,4.345415e-02,1.149066e-02,3.750523e-03,3.065535e-01,1.567367e-01,1.153845e-02,4.051576e-03,1.040367e-03,1.848025e-03,8.760987e-03,4.988666e-02
5.053145e-02,2.752957e-01,2.401314e-02,5.620595e-03,3.951316e-02,1.304022e-02,1.270538e-02,3.302841e-01,1.845256e-01,1.105817e-02,3.763056e-03,1.632689e-03,2.582036e-03,8.377472e-03,3.705715e-02
9.867869e-02,2.403960e-01,1.921443e-02,5.192209e-03,3.910307e-02,1.339571e-02,1.598464e-02,3.019685e-01,2.003829e-01,1.386081e-02,3.880402e-03,3.180533e-03,3.332751e-03,1.222572e-02,2.920361e-02
1.116102e-01,2.389404e-01,1.432283e-02,4.140545e-03,3.504327e-02,1.201007e-02,1.358602e-02,2.810692e-01,2.354324e-01,1.122962e-02,3.220598e-03,2.729938e-03,2.669955e-03,1.265043e-02,2.134451e-02
1.593423e-01,1.891213e-01,1.280178e-02,3.889640e-03,3.269007e-02,1.488436e-02,2.349107e-02,2.597506e-01,2.394888e-01,1.566731e-02,3.668628e-03,4.259159e-03,3.352915e-03,1.800952e-02,1.958264e-02
2.205126e-01,1.489030e-01,1.381864e-02,5.028907e-03,3.012070e-02,2.187779e-02,3.572028e-02,2.441321e-01,2.077132e-01,1.819876e-02,4.452737e-03,6.634472e-03,6.785728e-03,1.737172e-02,1.872941e-02
2.994110e-01,1.192388e-01,1.962259e-02,7.839685e-03,2.725904e-02,2.973347e-02,3.605215e-02,2.150015e-01,1.715510e-01,1.727802e-02,5.057445e-03,1.023097e-02,7.577132e-03,1.615616e-02,1.799098e-02
2.876990e-01,8.721469e-02,2.415745e-02,1.140727e-02,2.663337e-02,4.355440e-02,4.099564e-02,2.778862e-01,1.316166e-01,1.349072e-02,5.340458e-03,9.709654e-03,1.213480e-02,1.212100e-02,1.603880e-02
2.136260e-01,6.599240e-02,2.248700e-02,8.898460e-03,2.313323e-02,1.015373e-01,5.616155e-02,2.076303e-01,9.890166e-02,1.142758e-02,1.242308e-02,1.213929e-02,1.308988e-01,1.102226e-02,2.372110e-02
1.630135e-01,4.767577e-02,1.799801e-02,8.295446e-03,1.684329e-02,9.761059e-02,4.251300e-02,1.465352e-01,7.501157e-02,9.217471e-03,1.312525e-02,1.455148e-02,3.036026e-01,1.028418e-02,3.372259e-02
1.198343e-01,3.451915e-02,1.304557e-02,7.186825e-03,1.214462e-02,7.596182e-02,3.173002e-02,1.028925e-01,6.985674e-02,7.561998e-03,1.971927e-02,1.430995e-01,3.055518e-01,8.071658e-03,4.882415e-02
8.503095e-02,2.463485e-02,9.244157e-03,5.796151e-03,8.872151e-03,5.615162e-02,2.261293e-02,7.208420e-02,6.053709e-02,6.980303e-03,1.988545e-02,2.267298e-01,3.429240e-01,5.974493e-03,5.254187e-02
5.997852e-02,1.812037e-02,6.894761e-03,4.307173e-03,6.769449e-03,4.513375e-02,1.627181e-02,5.050240e-02,5.916568e-02,1.480735e-02,1.721719e-02,3.987305e-01,2.598758e-01,4.411051e-03,3.781424e-02
4.227982e-02,1.171542e-01,1.194164e-02,3.257799e-03,7.081186e-03,3.194984e-02,1.144752e-02,3.543742e-02,1.064086e-01,3.120664e-02,1.922384e-02,3.142253e-01,2.353864e-01,3.487579e-03,2.951230e-02
3.060996e-02,1.108947e-01,1.083168e-02,2.480093e-03,7.197423e-03,2.390745e-02,8.256598e-03,2.504596e-02,1.302353e-01,7.995195e-02,2.534221e-02,2.331992e-01,1.737613e-01,1.514550e-02,1.231408e-01
2.322076e-02,9.169582e-02,8.440916e-03,2.008995e-03,5.792021e-03,2.152238e-02,6.011419e-03,1.771572e-02,1.288215e-01,1.006280e-01,3.713844e-02,1.706013e-01,1.338361e-01,4.362833e-02,2.089383e-01
1.756750e-02,1.011336e-01,6.599226e-03,1.541473e-03,5.036143e-03,1.637913e-02,4.244057e-03,1.247298e-02,1.483251e-01,1.280983e-01,3.742884e-02,1.219188e-01,1.015286e-01,4.544568e-02,2.522808e-01
1.315702e-02,1.055463e-01,5.304402e-03,1.190253e-03,3.703504e-03,1.215449e-02,2.984399e-03,8.769706e-03,1.381953e-01,1.031927e-01,3.234935e-02,8.657943e-02,7.766461e-02,4.997028e-02,3.592384e-01
1.139113e-02,1.015645e-01,4.744063e-03,1.074200e-03,3.048075e-03,9.992387e-03,2.120543e-03,6.185999e-03,1.689612e-01,8.894750e-02,3.021822e-02,6.202795e-02,6.308074e-02,5.652886e-02,3.901147e-01
1.083068e-02,1.014176e-01,5.594608e-03,9.281755e-04,2.528266e-03,1.517879e-02,1.507464e-03,4.416157e-03,1.424202e-01,6.982554e-02,4.223848e-02,4.543617e-02,4.699435e-02,7.348783e-02,4.371957e-01
1.098911e-02,9.676828e-02,5.364028e-03,8.035092e-04,1.870840e-03,1.553710e-02,1.107749e-03,3.651573e-03,1.108891e-01,7.722366e-02,8.672436e-02,4.207866e-02,5.818469e-02,8.094823e-02,4.078591e-01
1.276479e-02,9.550641e-02,6.228413e-03,8.155010e-04,1.449002e-03,1.479461e-02,8.062656e-04,2.731215e-03,1.154961e-01,7.607052e-02,1.017986e-01,3.456498e-02,5.071425e-02,1.169921e-01,3.692672e-01
2.711154e-02,9.363985e-02,6.494994e-03,1.155790e-03,1.757351e-03,1.303788e-02,7.956244e-04,3.370900e-03,1.203085e-01,7.366771e-02,9.929586e-02,2.723971e-02,3.775205e-02,1.794146e-01,3.149576e-01
2.338191e-02,6.856033e-02,5.242090e-03,9.010402e-04,1.373483e-03,9.801144e-03,5.765354e-04,2.432537e-03,1.060932e-01,5.659094e-02,1.224156e-01,1.950155e-02,2.686003e-02,3.227529e-01,2.335166e-01
1.733760e-02,4.884847e-02,3.926986e-03,7.278892e-04,1.282961e-03,7.701396e-03,4.198336e-04,1.747016e-03,9.453350e-02,4.126091e-02,1.413159e-01,1.389045e-02,1.905178e-02,4.375152e-01,1.704401e-01
1.233890e-02,3.445178e-02,2.871257e-03,5.433948e-04,9.876247e-04,5.854839e-03,2.958775e-04,1.228511e-03,9.933548e-02,2.969369e-02,1.193740e-01,1.001349e-02,1.344021e-02,5.499859e-01,1.195851e-01
8.987438e-03,2.462399e-02,2.137567e-03,4.506939e-04,7.870410e-04,4.417282e-03,2.099019e-04,8.672404e-04,1.538423e-01,2.294070e-02,1.119186e-01,7.310109e-03,9.534529e-03,5.680128e-01,8.395991e-02
6.580827e-03,1.984162e-02,2.251203e-03,5.055992e-04,1.118951e-03,7.332681e-03,1.814768e-04,6.231589e-04,1.856531e-01,2.506850e-02,1.227737e-01,5.606720e-03,6.864168e-03,5.564601e-01,5.913822e-02
5.094035e-03,1.711778e-02,2.885167e-03,5.843777e-04,1.813085e-03,6.703897e-03,1.571507e-04,4.742043e-04,2.143539e-01,2.420185e-02,1.182275e-01,4.278949e-03,4.957711e-03,5.575026e-01,4.164783e-02
6.323879e-03,1.368338e-02,6.237214e-03,6.787427e-04,1.838806e-03,1.901215e-02,1.359327e-04,4.690703e-04,2.769326e-01,2.001662e-02,8.832814e-02,3.100558e-03,3.630882e-03,5.302086e-01,2.940344e-02
1.029890e-02,1.199204e-02,2.454859e-02,2.226893e-03,2.207749e-03,2.584600e-02,2.718745e-04,3.430784e-03,3.602577e-01,1.905349e-02,6.835792e-02,2.311638e-03,2.658124e-03,4.457416e-01,2.079678e-02
1.091884e-02,9.158713e-03,2.085532e-02,2.172632e-03,1.990226e-03,3.299369e-02,2.221688e-04,3.278927e-03,4.323145e-01,1.632242e-02,5.542133e-02,1.693877e-03,1.899395e-03,3.961036e-01,1.465446e-02
1.184205e-02,7.846000e-03,1.633669e-02,2.078375e-03,2.714315e-03,7.404426e-02,1.848742e-04,3.719145e-03,4.451464e-01,1.894015e-02,4.700778e-02,1.377792e-03,1.449356e-03,3.566840e-01,1.062877e-02
1.052528e-02,6.543122e-03,1.237962e-02,1.692495e-03,2.429567e-03,9.022090e-02,1.411675e-04,2.995997e-03,4.779658e-01,1.849838e-02,4.173934e-02,1.184959e-03,1.077629e-03,3.249847e-01,7.621011e-03
1.169359e-02,6.145835e-03,1.748964e-02,3.668460e-03,3.693246e-03,1.098182e-01,3.379077e-04,4.957908e-03,4.783026e-01,1.910505e-02,3.469007e-02,1.113927e-03,9.821396e-04,3.019028e-01,6.098629e-03
1.146758e-02,1.202880e-02,1.388211e-02,4.220391e-03,4.554774e-03,2.036638e-01,2.974142e-04,7.603209e-03,3.980441e-01,2.421258e-02,3.235031e-02,1.357973e-03,1.168713e-03,2.803668e-01,4.781495e-03
1.090876e-02,1.544643e-02,1.070298e-02,3.910874e-03,4.305621e-03,2.795962e-01,2.428461e-04,7.604175e-03,3.283337e-01,3.141515e-02,2.693489e-02,1.117412e-03,8.939751e-04,2.749277e-01,3.659131e-03
1.662416e-02,1.748530e-02,1.033797e-02,7.602284e-03,6.024571e-03,3.345460e-01,3.428385e-04,3.600089e-02,2.691859e-01,3.463694e-02,2.190245e-02,1.008864e-03,6.972268e-04,2.406955e-01,2.909088e-03
2.135289e-02,1.647205e-02,8.331005e-03,8.551279e-03,6.809688e-03,4.447120e-01,3.337473e-04,3.851887e-02,2.128624e-01,2.733228e-02,1.670935e-02,7.974600e-04,5.372497e-04,1.944629e-01,2.216808e-03
2.582499e-02,1.270225e-02,6.533867e-03,7.862935e-03,5.166464e-03,5.055558e-01,2.732837e-04,2.948429e-02,2.164076e-01,1.979147e-02,1.441308e-02,6.504707e-04,4.215739e-04,1.531697e-01,1.742214e-03
3.727319e-02,9.619663e-03,6.858997e-03,2.320508e-02,4.835406e-03,5.352542e-01,3.535708e-04,2.799204e-02,1.865327e-01,1.434798e-02,1.385624e-02,6.449987e-04,3.706255e-04,1.374005e-01,1.454803e-03
4.655568e-02,7.183109e-03,8.597043e-03,4.158815e-02,5.214006e-03,5.126728e-01,4.897468e-04,6.663585e-02,1.623385e-01,1.071749e-02,1.381520e-02,6.833776e-04,3.167066e-04,1.220286e-01,1.163766e-03
6.682073e-02,6.312045e-03,1.160058e-02,4.903780e-02,5.788296e-03,5.406387e-01,5.281878e-04,6.389271e-02,1.307341e-01,7.923933e-03,1.148738e-02,6.427787e-04,3.598413e-04,1.032829e-01,9.501680e-04
7.208351e-02,4.929708e-03,1.020489e-02,3.959655e-02,4.459391e-03,6.187499e-01,4.954330e-04,5.672105e-02,9.896077e-02,5.867142e-03,8.603277e-03,6.146046e-04,3.565549e-04,7.754968e-02,8.075982e-04
8.763053e-02,4.394530e-03,1.447355e-02,3.700597e-02,4.281628e-03,5.056356e-01,9.874038e-04,1.734460e-01,1.016825e-01,4.344445e-03,6.981566e-03,7.324039e-04,5.070717e-04,5.712771e-02,7.690965e-04
1.364788e-01,1.033156e-02,1.841044e-02,3.076160e-02,5.619130e-03,3.924367e-01,1.472350e-03,2.370329e-01,1.093784e-01,3.190250e-03,6.784820e-03,1.118001e-03,8.427696e-04,4.508412e-02,1.058201e-03
1.823495e-01,1.416275e-02,1.911817e-02,2.494657e-02,9.658020e-03,2.822881e-01,2.437276e-03,3.111944e-01,1.029823e-01,2.317054e-03,6.905730e-03,1.943571e-03,1.505673e-03,3.664486e-02,1.546104e-03
2.106236e-01,1.398636e-02,2.348753e-02,2.380669e-02,1.076896e-02,1.994353e-01,3.051019e-03,3.734673e-01,9.302242e-02,1.732008e-03,6.800328e-03,1.922511e-03,1.921466e-03,3.402256e-02,1.952022e-03
2.321047e-01,1.572970e-02,2.435849e-02,2.127771e-02,1.157784e-02,1.406013e-01,3.686752e-03,4.290450e-01,7.921024e-02,1.426943e-03,5.530935e-03,1.714462e-03,1.907137e-03,2.971018e-02,2.118754e-03
2.060059e-01,1.271232e-02,2.105676e-02,1.738222e-02,1.232170e-02,9.941123e-02,3.485146e-03,5.325823e-01,6.242681e-02,1.113776e-03,4.183951e-03,1.450949e-03,1.609876e-03,2.225544e-02,2.001765e-03
1.738928e-01,9.530406e-03,1.806017e-02,1.513383e-02,1.262096e-02,7.040160e-02,3.195310e-03,6.267706e-01,4.554503e-02,8.386348e-04,3.182018e-03,1.186452e-03,1.353938e-03,1.665524e-02,1.632995e-03
1.544525e-01,7.165195e-03,1.536581e-02,1.277099e-02,1.411770e-02,4.979613e-02,2.556755e-03,6.923357e-01,3.251972e-02,6.674515e-04,2.598626e-03,1.135096e-03,1.228288e-03,1.188013e-02,1.409933e-03
1.284880e-01,5.276132e-03,1.195676e-02,1.048886e-02,1.511504e-02,3.506349e-02,2.040607e-03,7.543716e-01,2.299555e-02,5.445092e-04,2.012933e-03,1.043799e-03,1.089157e-03,8.377316e-03,1.136132e-03
1.118999e-01,3.873606e-03,9.718681e-03,8.709619e-03,1.605795e-02,2.478790e-02,1.811754e-03,7.958503e-01,1.631320e-02,4.749195e-04,1.588457e-03,1.019424e-03,1.001530e-03,5.927885e-03,9.648709e-04
1.081038e-01,2.791030e-03,7.336826e-03,7.156361e-03,1.491512e-02,1.769115e-02,1.514974e-03,8.201147e-01,1.153215e-02,3.927531e-04,1.299528e-03,1.132931e-03,9.778604e-04,4.200771e-03,8.399629e-04
1.004408e-01,2.049471e-03,5.400330e-03,5.398139e-03,1.188496e-02,1.271195e-02,1.205597e-03,8.455961e-01,8.151916e-03,3.156372e-04,1.030308e-03,1.118133e-03,9.329630e-04,2.987274e-03,7.763607e-04
1.007023e-01,1.652884e-03,4.042856e-03,4.088059e-03,9.464787e-03,9.430195e-03,9.341238e-04,8.564394e-01,5.863634e-03,2.992793e-04,1.026890e-03,1.675918e-03,1.176237e-03,2.190897e-03,1.012559e-03
1.103563e-01,7.123049e-03,4.700125e-03,2.480835e-02,1.059248e-02,8.258583e-03,7.791924e-04,7.391245e-01,2.264473e-02,2.093998e-03,2.935167e-02,7.057855e-03,2.038394e-02,7.628803e-03,5.096405e-03
8.147169e-02,5.726761e-03,3.544059e-03,7.572364e-02,8.693844e-03,6.586321e-03,6.078791e-04,5.578319e-01,6.303438e-02,2.510597e-03,1.019677e-01,8.804434e-03,5.511263e-02,8.522742e-03,1.986131e-02
5.823974e-02,4.379727e-03,3.299055e-03,9.605343e-02,7.651118e-03,4.916483e-03,6.965877e-04,3.950422e-01,7.931659e-02,6.282545e-03,1.677165e-01,8.269818e-03,1.025639e-01,6.727409e-03,5.884498e-02
5.126107e-02,3.548191e-03,5.194653e-03,8.029877e-02,7.240274e-03,4.602025e-03,1.186665e-03,2.871418e-01,5.963318e-02,7.373018e-03,1.543812e-01,1.065825e-02,1.536515e-01,6.055457e-03,1.677739e-01
4.195283e-02,2.925590e-03,6.989268e-03,6.524345e-02,7.393333e-03,4.980166e-03,1.965710e-03,2.056453e-01,4.410000e-02,8.434898e-03,1.362585e-01,2.911169e-02,2.325152e-01,5.366142e-03,2.071179e-01
3.019324e-02,2.142544e-03,6.058410e-03,4.604223e-02,6.161275e-03,3.829600e-03,1.632863e-03,1.445655e-01,3.158415e-02,7.444354e-03,9.913215e-02,2.404721e-02,2.048973e-01,4.398559e-03,3.878707e-01
2.297274e-02,1.858501e-03,5.228771e-03,3.240035e-02,4.851697e-03,4.927156e-03,1.362972e-03,1.019080e-01,2.310485e-02,5.771146e-03,7.918370e-02,2.361816e-02,1.848828e-01,4.022752e-03,5.039064e-01
1.764203e-02,4.509196e-03,7.893790e-03,2.314602e-02,5.001946e-03,9.254125e-03,2.009817e-03,7.198186e-02,2.192126e-02,5.599293e-03,5.740368e-02,4.917978e-02,2.144985e-01,5.815682e-03,5.041430e-01
2.150092e-02,7.869659e-03,7.251866e-03,1.689805e-02,4.569214e-03,2.837854e-02,2.112074e-03,5.223163e-02,2.142361e-02,5.053460e-03,4.382241e-02,9.154194e-02,1.986264e-01,6.691473e-03,4.920288e-01
2.103982e-02,1.158841e-02,1.081097e-02,1.553342e-02,5.163214e-03,5.345538e-02,2.701194e-03,3.760517e-02,2.565984e-02,7.345825e-03,3.384325e-02,1.356053e-01,2.207672e-01,1.201901e-02,4.068620e-01
1.763210e-02,1.731181e-02,1.246996e-02,1.802983e-02,4.706717e-03,4.657471e-02,2.551597e-03,2.694974e-02,3.279111e-02,8.461601e-03,2.853419e-02,1.563331e-01,2.795489e-01,1.692461e-02,3.311800e-01
2.212090e-02,1.857666e-02,1.107362e-02,1.460479e-02,6.555722e-03,6.012095e-02,2.782334e-03,2.076433e-02,3.550792e-02,6.814397e-03,2.908904e-02,1.512499e-01,3.642274e-01,1.255559e-02,2.439565e-01
3.182675e-02,1.164299e-01,9.560764e-03,3.144664e-02,1.190308e-02,5.429170e-02,2.520928e-03,1.577156e-02,6.749380e-02,5.684333e-03,2.419686e-02,1.264438e-01,3.194679e-01,9.110988e-03,1.738510e-01
3.150657e-02,8.257507e-02,6.886269e-03,2.634211e-02,1.077917e-02,4.096492e-02,2.272718e-03,1.138997e-02,5.399973e-02,4.573233e-03,1.898501e-02,1.178428e-01,4.614692e-01,6.440038e-03,1.239731e-01
3.307194e-02,5.894973e-02,5.115965e-03,2.517498e-02,1.297567e-02,3.070303e-02,2.240463e-03,9.315158e-03,4.492664e-02,3.746922e-03,1.552352e-02,1.121752e-01,5.530607e-01,4.624383e-03,8.839566e-02
9.094037e-02,4.547130e-02,3.884136e-03,3.715593e-02,1.235824e-02,2.495515e-02,1.912231e-03,6.984835e-03,5.050274e-02,3.274526e-03,1.947776e-02,8.912880e-02,5.461781e-01,4.308317e-03,6.346760e-02
8.457317e-02,3.476295e-02,3.070968e-03,4.553916e-02,1.279996e-02,2.203737e-02,1.723441e-03,5.354180e-03,4.994081e-02,3.461089e-03,4.775181e-02,1.001670e-01,5.365427e-01,4.132431e-03,4.814307e-02
6.352733e-02,2.603643e-02,2.488549e-03,5.385642e-02,1.136356e-02,1.692054e-02,1.330125e-03,3.808077e-03,4.126518e-02,2.841816e-03,5.637147e-02,1.885698e-01,4.920326e-01,3.649596e-03,3.593852e-02
4.765748e-02,1.860852e-02,1.861681e-03,3.892385e-02,1.989248e-02,1.444988e-02,1.136942e-03,2.963061e-03,3.844129e-02,2.199074e-03,7.121612e-02,2.023890e-01,5.093550e-01,2.900217e-03,2.800540e-02
3.479081e-02,1.316515e-02,1.406632e-03,2.753795e-02,3.576030e-02,1.260757e-02,9.891111e-04,2.507668e-03,3.078660e-02,1.746088e-03,5.969610e-02,2.082797e-01,5.483693e-01,2.172872e-03,2.018414e-02
3.523630e-02,9.704949e-03,1.115162e-03,1.944940e-02,4.980261e-02,1.330858e-02,1.608673e-03,2.018148e-03,2.333378e-02,1.400283e-03,4.395073e-02,1.923838e-01,5.903274e-01,1.893910e-03,1.446621e-02
4.245719e-02,7.822604e-03,1.072186e-03,1.391156e-02,5.653255e-02,1.495177e-02,3.085306e-03,2.084441e-03,1.929844e-02,1.450162e-03,3.363112e-02,2.117611e-01,5.788848e-01,1.959423e-03,1.109734e-02
4.103454e-02,7.751235e-03,1.859390e-03,1.066881e-02,4.696409e-02,1.693036e-02,3.279130e-03,2.683184e-03,2.068285e-02,5.375561e-03,3.448946e-02,1.916837e-01,5.980542e-01,4.787721e-03,1.375573e-02
4.145656e-02,9.445422e-03,2.764410e-03,9.687974e-03,4.509995e-02,2.412034e-02,6.360278e-03,6.085675e-03,2.591223e-02,8.559490e-03,3.080590e-02,1.631907e-01,6.077886e-01,4.588389e-03,1.413404e-02
4.145209e-02,1.167240e-02,4.559140e-03,9.750364e-03,4.045285e-02,3.059569e-02,1.044595e-02,9.504501e-03,2.975811e-02,8.535223e-03,2.467100e-02,1.369768e-01,6.222787e-01,3.673169e-03,1.567401e-02
4.159660e-02,2.173794e-02,6.628255e-03,1.119608e-02,4.522198e-02,3.787940e-02,1.393449e-02,8.170255e-03,4.497486e-02,7.279435e-03,1.859602e-02,1.115526e-01,6.115940e-01,3.056219e-03,1.658180e-02
5.936884e-02,3.234667e-02,8.920654e-03,2.165320e-02,4.466337e-02,4.106851e-02,1.615565e-02,8.039614e-03,4.633476e-02,6.071712e-03,1.392878e-02,8.346527e-02,5.969872e-01,2.742601e-03,1.825315e-02
8.550294e-02,3.234266e-02,1.242247e-02,2.586315e-02,3.565569e-02,4.556472e-02,1.312366e-02,7.660952e-03,4.414287e-02,6.235041e-03,1.194805e-02,7.542716e-02,5.749725e-01,3.279417e-03,2.585868e-02
1.378171e-01,4.009212e-02,2.304275e-02,3.515405e-02,2.851778e-02,5.058628e-02,1.112147e-02,8.757207e-03,4.611097e-02,6.405952e-03,1.014606e-02,6.464704e-02,5.051698e-01,3.595839e-03,2.883552e-02
1.358942e-01,4.507939e-02,3.082605e-02,4.402747e-02,2.082067e-02,9.848225e-02,8.630732e-03,6.649499e-03,4.527713e-02,8.411864e-03,1.055632e-02,6.305470e-02,4.122493e-01,4.516972e-03,6.552338e-02
1.825095e-01,5.695058e-02,2.889462e-02,6.729491e-02,1.619969e-02,8.167376e-02,7.009895e-03,5.396829e-03,9.383394e-02,8.450405e-03,1.074849e-02,5.454354e-02,3.171538e-01,6.516392e-03,6.282371e-02
1.883266e-01,4.513047e-02,2.385087e-02,5.666926e-02,1.465661e-02,7.045442e-02,5.588441e-03,4.509602e-03,8.679581e-02,6.482553e-03,1.512518e-02,5.703574e-02,3.729707e-01,5.198494e-03,4.720529e-02
1.751266e-01,3.197949e-02,1.717836e-02,4.069226e-02,1.138008e-02,6.739381e-02,4.689563e-03,4.417730e-03,6.400548e-02,4.699462e-03,1.191105e-02,7.430278e-02,4.538875e-01,3.714548e-03,3.462134e-02
1.493672e-01,2.289310e-02,1.445213e-02,2.932202e-02,1.030705e-02,1.167191e-01,6.793395e-03,1.464901e-02,4.739567e-02,3.489933e-03,9.270373e-03,6.716485e-02,4.782623e-01,2.809457e-03,2.710441e-02
1.160042e-01,1.767963e-02,1.160477e-02,2.086320e-02,1.396234e-02,1.269611e-01,6.039175e-03,1.197351e-02,4.007760e-02,2.517993e-03,6.955987e-03,5.298074e-02,5.504926e-01,2.065402e-03,1.982185e-02
1.095563e-01,2.077491e-02,1.118211e-02,1.770226e-02,2.470388e-02,1.375282e-01,6.302119e-03,1.216418e-02,4.960512e-02,3.288263e-03,9.927803e-03,5.122125e-02,5.278001e-01,2.273069e-03,1.597039e-02
1.017377e-01,1.941210e-02,1.633335e-02,1.752298e-02,3.521524e-02,1.195841e-01,9.754366e-03,1.549845e-02,5.072209e-02,4.628527e-03,1.080082e-02,5.180025e-02,5.310819e-01,2.116770e-03,1.379128e-02
9.215187e-02,2.766505e-02,2.000339e-02,1.459392e-02,5.066479e-02,1.210797e-01,1.035089e-02,1.606873e-02,7.301161e-02,5.021062e-03,1.031872e-02,4.736660e-02,4.968000e-01,2.065676e-03,1.283793e-02
9.175318e-02,4.248423e-02,2.840405e-02,3.546514e-02,4.885450e-02,9.918795e-02,9.270103e-03,1.968523e-02,1.293369e-01,1.453520e-02,1.698247e-02,4.031504e-02,4.017820e-01,2.593064e-03,1.935097e-02
7.951888e-02,5.221519e-02,2.934012e-02,3.057106e-02,4.046340e-02,9.398810e-02,7.380659e-03,2.235606e-02,1.634524e-01,1.404874e-02,2.739463e-02,3.649189e-02,3.727220e-01,2.602225e-03,2.745463e-02
8.934899e-02,4.664151e-02,2.406424e-02,3.416350e-02,3.105134e-02,1.059485e-01,6.710366e-03,2.132717e-02,2.356842e-01,1.318882e-02,3.182399e-02,3.550449e-02,2.971964e-01,2.377340e-03,2.496910e-02
9.050051e-02,4.328158e-02,1.858543e-02,3.019232e-02,2.356794e-02,1.135726e-01,6.770650e-03,1.894390e-02,2.945552e-01,1.104760e-02,2.985401e-02,3.400331e-02,2.530577e-01,2.625618e-03,2.944151e-02
6.706991e-02,4.092988e-02,1.394606e-02,2.303083e-02,2.124763e-02,9.302376e-02,7.437592e-03,1.578705e-02,3.978329e-01,9.028284e-03,2.494597e-02,3.334879e-02,2.042335e-01,2.374403e-03,4.576344e-02
5.188645e-02,4.470473e-02,1.177378e-02,5.243287e-02,1.744080e-02,8.700854e-02,5.556727e-03,1.467149e-02,4.605907e-01,1.124302e-02,2.086979e-02,3.008038e-02,1.512178e-01,2.215851e-03,3.830709e-02
4.026666e-02,4.692562e-02,9.023342e-03,4.582174e-02,1.728937e-02,7.840792e-02,4.948714e-03,1.540301e-02,5.291082e-01,9.291451e-03,1.845532e-02,2.862365e-02,1.225831e-01,1.854557e-03,3.199732e-02
3.410729e-02,5.617748e-02,7.439291e-03,1.605295e-01,1.743245e-02,5.955534e-02,3.626898e-03,1.622580e-02,4.812111e-01,8.977521e-03,1.705797e-02,2.207281e-02,8.831575e-02,1.572946e-03,2.569782e-02
3.332302e-02,5.772497e-02,5.932183e-03,1.451457e-01,1.953239e-02,5.775486e-02,3.241470e-03,1.962084e-02,4.968944e-01,9.715401e-03,2.540245e-02,1.889677e-02,8.196532e-02,1.777413e-03,2.307283e-02
5.655047e-02,4.881679e-02,5.439635e-03,1.247296e-01,3.463364e-02,4.475193e-02,6.695218e-03,8.732414e-02,4.185643e-01,9.621891e-03,3.983865e-02,1.836465e-02,7.948598e-02,2.414450e-03,2.276872e-02
7.581061e-02,4.336047e-02,6.367044e-03,9.882248e-02,3.377472e-02,3.565570e-02,6.550741e-03,9.961684e-02,4.029081e-01,8.249168e-03,6.183606e-02,1.849028e-02,7.819273e-02,4.748277e-03,2.561678e-02
9.569581e-02,3.379071e-02,8.033440e-03,8.287098e-02,3.312922e-02,2.760797e-02,6.612389e-03,1.811551e-01,3.222588e-01,6.122357e-03,7.160052e-02,2.047003e-02,8.410563e-02,6.191927e-03,2.035514e-02
9.044918e-02,2.609214e-02,7.237171e-03,6.631248e-02,2.966236e-02,2.014782e-02,5.988888e-03,2.328730e-01,2.701752e-01,4.842402e-03,8.191636e-02,2.579433e-02,1.102994e-01,5.392860e-03,2.281645e-02
9.363536e-02,2.202556e-02,9.322591e-03,6.592636e-02,3.558049e-02,1.543775e-02,1.098183e-02,2.238419e-01,2.493151e-01,4.898606e-03,8.212873e-02,2.959100e-02,1.062847e-01,5.487884e-03,4.554226e-02
9.787326e-02,1.706263e-02,1.435615e-02,6.618076e-02,3.087750e-02,1.525101e-02,1.062598e-02,2.338103e-01,1.892733e-01,5.087256e-03,8.075656e-02,3.478129e-02,1.162772e-01,6.040201e-03,8.174665e-02
8.730878e-02,1.615093e-02,1.523811e-02,5.904937e-02,4.178962e-02,1.252451e-02,1.285373e-02,2.652183e-01,1.964248e-01,4.612654e-03,6.236899e-02,2.652690e-02,9.122470e-02,5.109248e-03,1.035994e-01
9.172170e-02,1.845166e-02,1.905510e-02,5.280954e-02,7.375189e-02,1.244461e-02,2.362657e-02,2.430276e-01,1.902907e-01,3.961077e-03,4.570006e-02,1.944030e-02,7.718107e-02,4.190740e-03,1.243474e-01
7.826411e-02,3.764602e-02,2.702380e-02,1.338212e-01,1.049291e-01,1.468676e-02,2.893598e-02,2.113821e-01,1.534546e-01,4.172679e-03,3.409562e-02,1.560235e-02,5.717713e-02,3.219993e-03,9.558856e-02
7.627585e-02,3.610964e-02,4.790172e-02,1.567226e-01,1.056424e-01,1.459723e-02,3.012695e-02,2.013702e-01,1.497360e-01,6.990404e-03,2.602130e-02,1.252377e-02,4.521399e-02,2.636777e-03,8.813116e-02
9.314674e-02,4.282153e-02,6.063955e-02,1.279290e-01,1.120629e-01,1.797368e-02,2.873645e-02,1.732366e-01,1.631195e-01,7.411788e-03,2.025952e-02,1.126710e-02,4.625511e-02,2.649693e-03,9.249090e-02
1.085935e-01,4.993977e-02,5.316491e-02,9.962990e-02,1.221856e-01,2.528078e-02,2.941188e-02,1.453956e-01,1.759398e-01,6.123498e-03,1.600247e-02,9.075357e-03,6.345499e-02,2.642004e-03,9.315995e-02
1.052056e-01,5.233655e-02,7.568006e-02,8.899979e-02,1.549454e-01,2.192608e-02,3.612015e-02,1.380797e-01,1.609426e-01,5.505260e-03,1.175036e-02,6.810401e-03,5.221511e-02,2.108645e-03,8.737428e-02
9.393714e-02,4.454891e-02,5.553667e-02,7.065769e-02,1.676749e-01,1.693093e-02,2.795812e-02,2.758475e-01,1.224377e-01,4.027992e-03,8.478574e-03,5.207917e-03,4.091555e-02,1.619067e-03,6.422125e-02
7.950158e-02,3.281335e-02,4.010398e-02,5.669835e-02,2.961102e-01,1.284228e-02,2.211874e-02,2.828094e-01,8.694024e-02,3.060186e-03,6.372144e-03,3.986583e-03,2.965278e-02,1.222887e-03,4.576727e-02
1.416881e-01,2.491498e-02,2.872426e-02,4.449381e-02,3.827655e-01,1.205586e-02,1.753717e-02,2.043146e-01,6.196577e-02,3.690964e-03,9.844927e-03,6.099497e-03,2.518918e-02,1.852036e-03,3.486330e-02
9.956120e-02,1.880184e-02,2.053533e-02,1.529174e-01,2.958796e-01,1.020257e-02,1.272117e-02,1.431336e-01,4.389775e-02,2.930667e-03,1.136080e-02,5.709013e-03,1.545132e-01,1.299056e-03,2.653679e-02
7.005806e-02,1.388342e-02,1.468344e-02,1.631036e-01,2.374220e-01,7.716273e-03,9.210926e-03,1.002602e-01,3.095032e-02,2.146530e-03,9.713184e-03,4.813740e-03,3.151461e-01,9.111871e-04,1.998093e-02
4.938625e-02,9.843852e-03,1.036675e-02,1.163220e-01,1.892391e-01,6.181379e-03,6.499403e-03,7.031029e-02,2.176954e-02,1.511204e-03,8.089719e-03,6.873464e-03,4.882742e-01,6.405676e-04,1.469230e-02
3.478129e-02,6.944063e-03,7.334108e-03,8.175243e-02,1.412558e-01,5.379475e-03,4.603916e-03,4.929011e-02,1.566936e-02,1.067006e-03,6.265195e-03,1.322160e-02,6.212206e-01,4.501577e-04,1.076494e-02
2.450067e-02,4.868460e-03,5.174861e-03,5.723945e-02,1.007334e-01,3.877086e-03,3.240887e-03,3.453368e-02,1.104316e-02,7.515075e-04,4.553086e-03,1.245458e-02,7.291259e-01,3.159483e-04,7.587365e-03
1.744046e-02,3.422608e-03,3.692664e-03,4.007856e-02,7.088798e-02,5.806626e-03,2.803517e-03,2.469136e-02,7.818587e-03,5.340403e-04,4.200424e-03,1.835391e-02,7.946241e-01,2.822605e-04,5.362867e-03
1.254417e-02,2.412256e-03,2.606236e-03,2.807491e-02,4.994946e-02,8.894598e-03,2.198879e-03,1.745666e-02,5.612738e-03,3.849593e-04,4.334107e-03,2.596880e-02,8.355092e-01,2.375262e-04,3.815536e-03
9.115892e-03,1.702459e-03,1.842024e-03,1.969172e-02,3.556367e-02,9.571258e-03,1.554388e-03,1.227721e-02,4.717175e-03,3.493098e-04,7.725560e-03,5.283451e-02,8.401052e-01,1.803146e-04,2.769296e-03
6.790739e-03,1.213533e-03,1.312539e-03,1.382576e-02,2.588389e-02,1.017464e-02,1.113344e-03,8.727162e-03,3.787650e-03,3.864205e-04,1.129517e-02,9.420696e-02,8.190936e-01,1.440290e-04,2.044521e-03
