1.000000e+00,0.000000e+00,0.000000e+00,0.000000e+00,0.000000e+00,0.000000e+00,0.000000e+00,0.000000e+00,0.000000e+00,0.000000e+00,0.000000e+00,0.000000e+00,0.000000e+00,0.000000e+00,0.000000e+00
1.000000e+00,0.000000e+00,0.000000e+00,0.000000e+00,0.000000e+00,0.000000e+00,0.000000e+00,0.000000e+00,0.000000e+00,0.000000e+00,0.000000e+00,0.000000e+00,0.000000e+00,0.000000e+00,0.000000e+00
1.000000e+00,0.000000e+00,0.000000e+00,0.000000e+00,0.000000e+00,0.000000e+00,0.000000e+00,0.000000e+00,0.000000e+00,0.000000e+00,0.000000e+00,0.000000e+00,0.000000e+00,0.000000e+00,0.000000e+00
1.000000e+00,0.000000e+00,0.000000e+00,0.000000e+00,0.000000e+00,0.000000e+00,0.000000e+00,0.000000e+00,0.000000e+00,0.000000e+00,0.000000e+00,0.000000e+00,0.000000e+00,0.000000e+00,0.000000e+00
1.000000e+00,0.000000e+00,0.000000e+00,0.000000e+00,0.000000e+00,0.000000e+00,0.000000e+00,0.000000e+00,0.000000e+00,0.000000e+00,0.000000e+00,0.000000e+00,0.000000e+00,0.000000e+00,0.000000e+00
1.000000e+00,0.000000e+00,0.000000e+00,0.000000e+00,0.000000e+00,0.000000e+00,0.000000e+00,0.000000e+00,0.000000e+00,0.000000e+00,0.000000e+00,0.000000e+00,0.000000e+00,0.000000e+00,0.000000e+00
1.000000e+00,0.000000e+00,0.000000e+00,0.000000e+00,0.000000e+00,0.000000e+00,0.000000e+00,0.000000e+00,0.000000e+00,0.000000e+00,0.000000e+00,0.000000e+00,0.000000e+00,0.000000e+00,0.000000e+00
1.000000e+00,0.000000e+00,0.000000e+00,0.000000e+00,0.000000e+00,0.000000e+00,0.000000e+00,0.000000e+00,0.000000e+00,0.000000e+00,0.000000e+00,0.000000e+00,0.000000e+00,0.000000e+00,0.000000e+00
1.000000e+00,0.000000e+00,0.000000e+00,0.000000e+00,0.000000e+00,0.000000e+00,0.000000e+00,0.000000e+00,0.000000e+00,0.000000e+00,0.000000e+00,0.000000e+00,0.000000e+00,0.000000e+00,0.000000e+00
1.000000e+00,0.000000e+00,0.000000e+00,0.000000e+00,0.000000e+00,0.000000e+00,0.000000e+00,0.000000e+00,0.000000e+00,0.000000e+00,0.000000e+00,0.000000e+00,0.000000e+00,0.000000e+00,0.000000e+00
1.000000e+00,0.000000e+00,0.000000e+00,0.000000e+00,0.000000e+00,0.000000e+00,0.000000e+00,0.000000e+00,0.000000e+00,0.000000e+00,0.000000e+00,0.000000e+00,0.000000e+00,0.000000e+00,0.000000e+00
1.000000e+00,0.000000e+00,0.000000e+00,0.000000e+00,0.000000e+00,0.000000e+00,0.000000e+00,0.000000e+00,0.000000e+00,0.000000e+00,0.000000e+00,0.000000e+00,0.000000e+00,0.000000e+00,0.000000e+00
1.000000e+00,0.000000e+00,0.000000e+00,0.000000e+00,0.000000e+00,0.000000e+00,0.000000e+00,0.000000e+00,0.000000e+00,0.000000e+00,0.000000e+00,0.000000e+00,0.000000e+00,0.000000e+00,0.000000e+00
1.000000e+00,0.000000e+00,0.000000e+00,0.000000e+00,0.000000e+00,0.000000e+00,0.000000e+00,0.000000e+00,0.000000e+00,0.000000e+00,0.000000e+00,0.000000e+00,0.000000e+00,0.000000e+00,0.000000e+00
1.000000e+00,0.000000e+00,0.000000e+00,0.000000e+00,0.000000e+00,0.000000e+00,0.000000e+00,0.000000e+00,0.000000e+00,0.000000e+00,0.000000e+00,0.000000e+00,0.000000e+00,0.000000e+00,0.000000e+00
1.000000e+00,0.000000e+00,0.000000e+00,0.000000e+00,0.000000e+00,0.000000e+00,0.000000e+00,0.000000e+00,0.000000e+00,0.000000e+00,0.000000e+00,0.000000e+00,0.000000e+00,0.000000e+00,0.000000e+00
1.000000e+00,0.000000e+00,0.000000e+00,0.000000e+00,0.000000e+00,0.000000e+00,0.000000e+00,0.000000e+00,0.000000e+00,0.000000e+00,0.000000e+00,0.000000e+00,0.000000e+00,0.000000e+00,0.000000e+00
1.000000e+00,0.000000e+00,0.000000e+00,0.000000e+00,0.000000e+00,0.000000e+00,0.000000e+00,0.000000e+00,0.000000e+00,0.000000e+00,0.000000e+00,0.000000e+00,0.000000e+00,0.000000e+00,0.000000e+00
1.000000e+00,0.000000e+00,0.000000e+00,0.000000e+00,0.000000e+00,0.000000e+00,0.000000e+00,0.000000e+00,0.000000e+00,0.000000e+00,0.000000e+00,0.000000e+00,0.000000e+00,0.000000e+00,0.000000e+00
1.000000e+00,0.000000e+00,0.000000e+00,0.000000e+00,0.000000e+00,0.000000e+00,0.000000e+00,0.000000e+00,0.000000e+00,0.000000e+00,0.000000e+00,0.000000e+00,0.000000e+00,0.000000e+00,0.000000e+00
1.000000e+00,0.000000e+00,0.000000e+00,0.000000e+00,0.000000e+00,0.000000e+00,0.000000e+00,0.000000e+00,0.000000e+00,0.000000e+00,0.000000e+00,0.000000e+00,0.000000e+00,0.000000e+00,0.000000e+00
1.000000e+00,0.000000e+00,0.000000e+00,0.000000e+00,0.000000e+00,0.000000e+00,0.000000e+00,0.000000e+00,0.000000e+00,0.000000e+00,0.000000e+00,0.000000e+00,0.000000e+00,0.000000e+00,0.000000e+00
1.000000e+00,0.000000e+00,0.000000e+00,0.000000e+00,0.000000e+00,0.000000e+00,0.000000e+00,0.000000e+00,0.000000e+00,0.000000e+00,0.000000e+00,0.000000e+00,0.000000e+00,0.000000e+00,0.000000e+00
1.000000e+00,0.000000e+00,0.000000e+00,0.000000e+00,0.000000e+00,0.000000e+00,0.000000e+00,0.000000e+00,0.000000e+00,0.000000e+00,0.000000e+00,0.000000e+00,0.000000e+00,0.000000e+00,0.000000e+00
1.000000e+00,0.000000e+00,0.000000e+00,0.000000e+00,0.000000e+00,0.000000e+00,0.000000e+00,0.000000e+00,0.000000e+00,0.000000e+00,0.000000e+00,0.000000e+00,0.000000e+00,0.000000e+00,0.000000e+00
1.000000e+00,0.000000e+00,0.000000e+00,0.000000e+00,0.000000e+00,0.000000e+00,0.000000e+00,0.000000e+00,0.000000e+00,0.000000e+00,0.000000e+00,0.000000e+00,0.000000e+00,0.000000e+00,0.000000e+00
1.000000e+00,0.000000e+00,0.000000e+00,0.000000e+00,0.000000e+00,0.000000e+00,0.000000e+00,0.000000e+00,0.000000e+00,0.000000e+00,0.000000e+00,0.000000e+00,0.000000e+00,0.000000e+00,0.000000e+00
1.000000e+00,0.000000e+00,0.000000e+00,0.000000e+00,0.000000e+00,0.000000e+00,0.000000e+00,0.000000e+00,0.000000e+00,0.000000e+00,0.000000e+00,0.000000e+00,0.000000e+00,0.000000e+00,0.000000e+00
1.000000e+00,0.000000e+00,0.000000e+00,0.000000e+00,0.000000e+00,0.000000e+00,0.000000e+00,0.000000e+00,0.000000e+00,0.000000e+00,0.000000e+00,0.000000e+00,0.000000e+00,0.000000e+00,0.000000e+00
1.000000e+00,0.000000e+00,0.000000e+00,0.000000e+00,0.000000e+00,0.000000e+00,0.000000e+00,0.000000e+00,0.000000e+00,0.000000e+00,0.000000e+00,0.000000e+00,0.000000e+00,0.000000e+00,0.000000e+00
1.000000e+00,0.000000e+00,0.000000e+00,0.000000e+00,0.000000e+00,0.000000e+00,0.000000e+00,0.000000e+00,0.000000e+00,0.000000e+00,0.000000e+00,0.000000e+00,0.000000e+00,0.000000e+00,0.000000e+00
1.000000e+00,0.000000e+00,0.000000e+00,0.000000e+00,0.000000e+00,0.000000e+00,0.000000e+00,0.000000e+00,0.000000e+00,0.000000e+00,0.000000e+00,0.000000e+00,0.000000e+00,0.000000e+00,0.000000e+00
1.000000e+00,0.000000e+00,0.000000e+00,0.000000e+00,0.000000e+00,0.000000e+00,0.000000e+00,0.000000e+00,0.000000e+00,0.000000e+00,0.000000e+00,0.000000e+00,0.000000e+00,0.000000e+00,0.000000e+00
1.000000e+00,0.000000e+00,0.000000e+00,0.000000e+00,0.000000e+00,0.000000e+00,0.000000e+00,0.000000e+00,0.000000e+00,0.000000e+00,0.000000e+00,0.000000e+00,0.000000e+00,0.000000e+00,0.000000e+00
1.000000e+00,0.000000e+00,0.000000e+00,0.000000e+00,0.000000e+00,0.000000e+00,0.000000e+00,0.000000e+00,0.000000e+00,0.000000e+00,0.000000e+00,0.000000e+00,0.000000e+00,0.000000e+00,0.000000e+00
1.000000e+00,0.000000e+00,0.000000e+00,0.000000e+00,0.000000e+00,0.000000e+00,0.000000e+00,0.000000e+00,0.000000e+00,0.000000e+00,0.000000e+00,0.000000e+00,0.000000e+00,0.000000e+00,0.000000e+00
1.000000e+00,0.000000e+00,0.000000e+00,0.000000e+00,0.000000e+00,0.000000e+00,0.000000e+00,0.000000e+00,0.000000e+00,0.000000e+00,0.000000e+00,0.000000e+00,0.000000e+00,0.000000e+00,0.000000e+00
1.000000e+00,0.000000e+00,0.000000e+00,0.000000e+00,0.000000e+00,0.000000e+00,0.000000e+00,0.000000e+00,0.000000e+00,0.000000e+00,0.000000e+00,0.000000e+00,0.000000e+00,0.000000e+00,0.000000e+00
1.000000e+00,0.000000e+00,0.000000e+00,0.000000e+00,0.000000e+00,0.000000e+00,0.000000e+00,0.000000e+00,0.000000e+00,0.000000e+00,0.000000e+00,0.000000e+00,0.000000e+00,0.000000e+00,0.000000e+00
1.000000e+00,0.000000e+00,0.000000e+00,0.000000e+00,0.000000e+00,0.000000e+00,0.000000e+00,0.000000e+00,0.000000e+00,0.000000e+00,0.000000e+00,0.000000e+00,0.000000e+00,0.000000e+00,0.000000e+00
1.000000e+00,0.000000e+00,0.000000e+00,0.000000e+00,0.000000e+00,0.000000e+00,0.000000e+00,0.000000e+00,0.000000e+00,0.000000e+00,0.000000e+00,0.000000e+00,0.000000e+00,0.000000e+00,0.000000e+00
1.000000e+00,0.000000e+00,0.000000e+00,0.000000e+00,0.000000e+00,0.000000e+00,0.000000e+00,0.000000e+00,0.000000e+00,0.000000e+00,0.000000e+00,0.000000e+00,0.000000e+00,0.000000e+00,0.000000e+00
1.000000e+00,0.000000e+00,0.000000e+00,0.000000e+00,0.000000e+00,0.000000e+00,0.000000e+00,0.000000e+00,0.000000e+00,0.000000e+00,0.000000e+00,0.000000e+00,0.000000e+00,0.000000e+00,0.000000e+00
1.000000e+00,0.000000e+00,0.000000e+00,0.000000e+00,0.000000e+00,0.000000e+00,0.000000e+00,0.000000e+00,0.000000e+00,0.000000e+00,0.000000e+00,0.000000e+00,0.000000e+00,0.000000e+00,0.000000e+00
1.000000e+00,0.000000e+00,0.000000e+00,0.000000e+00,0.000000e+00,0.000000e+00,0.000000e+00,0.000000e+00,0.000000e+00,0.000000e+00,0.000000e+00,0.000000e+00,0.000000e+00,0.000000e+00,0.000000e+00
1.000000e+00,0.000000e+00,0.000000e+00,0.000000e+00,0.000000e+00,0.000000e+00,0.000000e+00,0.000000e+00,0.000000e+00,0.000000e+00,0.000000e+00,0.000000e+00,0.000000e+00,0.000000e+00,0.000000e+00
1.000000e+00,0.000000e+00,0.000000e+00,0.000000e+00,0.000000e+00,0.000000e+00,0.000000e+00,0.000000e+00,0.000000e+00,0.000000e+00,0.000000e+00,0.000000e+00,0.000000e+00,0.000000e+00,0.000000e+00
1.000000e+00,0.000000e+00,0.000000e+00,0.000000e+00,0.000000e+00,0.000000e+00,0.000000e+00,0.000000e+00,0.000000e+00,0.000000e+00,0.000000e+00,0.000000e+00,0.000000e+00,0.000000e+00,0.000000e+00
1.000000e+00,0.000000e+00,0.000000e+00,0.000000e+00,0.000000e+00,0.000000e+00,0.000000e+00,0.000000e+00,0.000000e+00,0.000000e+00,0.000000e+00,0.000000e+00,0.000000e+00,0.000000e+00,0.000000e+00
1.000000e+00,0.000000e+00,0.000000e+00,0.000000e+00,0.000000e+00,0.000000e+00,0.000000e+00,0.000000e+00,0.000000e+00,0.000000e+00,0.000000e+00,0.000000e+00,0.000000e+00,0.000000e+00,0.000000e+00
1.000000e+00,0.000000e+00,0.000000e+00,0.000000e+00,0.000000e+00,0.000000e+00,0.000000e+00,0.000000e+00,0.000000e+00,0.000000e+00,0.000000e+00,0.000000e+00,0.000000e+00,0.000000e+00,0.000000e+00
1.000000e+00,0.000000e+00,0.000000e+00,0.000000e+00,0.000000e+00,0.000000e+00,0.000000e+00,0.000000e+00,0.000000e+00,0.000000e+00,0.000000e+00,0.000000e+00,0.000000e+00,0.000000e+00,0.000000e+00
1.000000e+00,0.000000e+00,0.000000e+00,0.000000e+00,0.000000e+00,0.000000e+00,0.000000e+00,0.000000e+00,0.000000e+00,0.000000e+00,0.000000e+00,0.000000e+00,0.000000e+00,0.000000e+00,0.000000e+00
1.000000e+00,0.000000e+00,0.000000e+00,0.000000e+00,0.000000e+00,0.000000e+00,0.000000e+00,0.000000e+00,0.000000e+00,0.000000e+00,0.000000e+00,0.000000e+00,0.000000e+00,0.000000e+00,0.000000e+00
1.000000e+00,0.000000e+00,0.000000e+00,0.000000e+00,0.000000e+00,0.000000e+00,0.000000e+00,0.000000e+00,0.000000e+00,0.000000e+00,0.000000e+00,0.000000e+00,0.000000e+00,0.000000e+00,0.000000e+00
1.000000e+00,0.000000e+00,0.000000e+00,0.000000e+00,0.000000e+00,0.000000e+00,0.000000e+00,0.000000e+00,0.000000e+00,0.000000e+00,0.000000e+00,0.000000e+00,0.000000e+00,0.000000e+00,0.000000e+00
1.000000e+00,0.000000e+00,0.000000e+00,0.000000e+00,0.000000e+00,0.000000e+00,0.000000e+00,0.000000e+00,0.000000e+00,0.000000e+00,0.000000e+00,0.000000e+00,0.000000e+00,0.000000e+00,0.000000e+00
4.921196e-01,1.079860e-01,3.831202e-02,1.665686e-01,1.022679e-02,2.034018e-02,5.636169e-03,1.342789e-02,1.550669e-02,4.565092e-03,1.378553e-02,2.476850e-02,1.565920e-02,4.497637e-03,6.660006e-02
3.651864e-01,9.458804e-02,2.765175e-02,1.392693e-01,8.522100e-03,1.622642e-02,4.317412e-03,9.725087e-03,3.115348e-02,1.336702e-02,1.086447e-02,1.854857e-02,1.281920e-02,5.144487e-03,2.426162e-01
3.023017e-01,9.768336e-02,2.650275e-02,2.077324e-01,1.543909e-02,1.522425e-02,4.742664e-03,7.952344e-03,3.428153e-02,1.432245e-02,1.065398e-02,1.683312e-02,1.383288e-02,4.331147e-03,2.281663e-01
2.162992e-01,8.540551e-02,1.967175e-02,1.560585e-01,1.207746e-02,1.298204e-02,3.729967e-03,5.625744e-03,5.227784e-02,2.425971e-02,7.924329e-03,1.213012e-02,1.109244e-02,3.710548e-03,3.767549e-01
1.516468e-01,7.011721e-02,1.399963e-02,1.130830e-01,8.475699e-03,9.207699e-03,2.617848e-03,3.946124e-03,4.769926e-02,2.215233e-02,5.611979e-03,8.522253e-03,8.123172e-03,2.934727e-03,5.318623e-01
1.062899e-01,5.134092e-02,1.002956e-02,8.084855e-02,5.958283e-03,6.506735e-03,1.840681e-03,2.766821e-03,4.716655e-02,2.239557e-02,3.993824e-03,5.993718e-03,5.853467e-03,3.030345e-03,6.459851e-01
7.620583e-02,3.867219e-02,7.272896e-03,5.698786e-02,4.250072e-03,4.892858e-03,1.319744e-03,1.966351e-03,3.530866e-02,1.862949e-02,2.887256e-03,4.264418e-03,4.640973e-03,1.216376e-02,7.305377e-01
5.376903e-02,3.617691e-02,8.221750e-03,7.007123e-02,3.149182e-03,3.661962e-03,9.985013e-04,1.396323e-03,3.083595e-02,1.596428e-02,2.117088e-03,3.092118e-03,3.335537e-03,1.482169e-02,7.523884e-01
4.109216e-02,2.922476e-02,1.216607e-02,5.710099e-02,2.313828e-03,2.718895e-03,7.467432e-04,1.035560e-03,2.394661e-02,1.276660e-02,1.669672e-03,2.304387e-03,2.408181e-03,4.200522e-02,7.685003e-01
3.258907e-02,2.193382e-02,1.154449e-02,4.059040e-02,1.701298e-03,2.046437e-03,5.714798e-04,7.664103e-04,1.733395e-02,9.459374e-03,1.324097e-03,1.677360e-03,1.732149e-03,1.214781e-01,7.352515e-01
2.833105e-02,1.726201e-02,9.752841e-03,2.883309e-02,1.283513e-03,1.569801e-03,4.317762e-04,5.607853e-04,1.665116e-02,7.752989e-03,1.800632e-03,1.580646e-03,1.322578e-03,1.920920e-01,6.907752e-01
2.277034e-02,1.331612e-02,7.302899e-03,2.032121e-02,9.696844e-04,1.191624e-03,3.124622e-04,4.027890e-04,1.583846e-02,6.984071e-03,1.833042e-03,1.358553e-03,1.042477e-03,2.024211e-01,7.039353e-01
2.437717e-02,9.897194e-03,5.317063e-03,1.432787e-02,7.682374e-04,9.941180e-04,2.438973e-04,3.176875e-04,1.312662e-02,5.904255e-03,2.593680e-03,1.145874e-03,8.008933e-04,2.813997e-01,6.387857e-01
2.323757e-02,7.933904e-03,6.342639e-03,1.221749e-02,9.425658e-04,9.452339e-04,1.967322e-04,2.600760e-04,1.903719e-02,1.090552e-02,5.712476e-03,1.215135e-03,7.435342e-04,2.947215e-01,6.155885e-01
2.203659e-02,6.397686e-03,3.603961e-02,1.179119e-02,1.462711e-03,1.115817e-03,2.027536e-04,2.629716e-04,2.746684e-02,2.602851e-02,5.129499e-03,1.023610e-03,6.755317e-04,2.761422e-01,5.842245e-01
2.135644e-02,5.637249e-03,6.326431e-02,9.538949e-03,1.621032e-03,1.188515e-03,1.757381e-04,2.552596e-04,4.443580e-02,5.577957e-02,4.415872e-03,1.175926e-03,1.635587e-03,2.063670e-01,5.831528e-01
1.711842e-02,4.485019e-03,4.710476e-02,6.889337e-03,1.259930e-03,1.259654e-03,1.436890e-04,2.272115e-04,6.885453e-02,1.249045e-01,4.419448e-03,1.229985e-03,4.664382e-03,1.465727e-01,5.708665e-01
1.214958e-02,3.841221e-03,3.878606e-02,5.458164e-03,9.701884e-04,1.089011e-03,1.161636e-04,3.492392e-04,1.574495e-01,2.030938e-01,9.304416e-03,1.320686e-03,9.622718e-03,1.028947e-01,4.535546e-01
8.946513e-03,3.307003e-03,3.272666e-02,4.682826e-03,9.941582e-04,1.359656e-03,1.720350e-04,3.395272e-04,1.345739e-01,3.503001e-01,1.743456e-02,1.440850e-03,2.577860e-02,7.885858e-02,3.390850e-01
6.602778e-03,2.891121e-03,2.757873e-02,4.551563e-03,1.031379e-03,1.332748e-03,1.699756e-04,7.000349e-04,1.263757e-01,4.095983e-01,4.192827e-02,2.422705e-03,5.027200e-02,5.769878e-02,2.668461e-01
5.325671e-03,2.336978e-03,2.004806e-02,3.399862e-03,1.353263e-03,2.212985e-03,1.645798e-04,8.172272e-04,9.157065e-02,4.502874e-01,6.126275e-02,8.205209e-03,5.338528e-02,4.537373e-02,2.542564e-01
4.591648e-03,2.065771e-03,1.445848e-02,3.112671e-03,2.720864e-03,3.126874e-02,2.237284e-04,1.422669e-03,6.665332e-02,3.538266e-01,1.511726e-01,2.359591e-02,6.446527e-02,3.517757e-02,2.452441e-01
4.210623e-03,1.781795e-03,1.070602e-02,5.112656e-03,3.237341e-03,8.272587e-02,2.384975e-04,1.439078e-03,4.957003e-02,2.575637e-01,2.399922e-01,5.356184e-02,6.122747e-02,2.911170e-02,1.995212e-01
3.597883e-03,2.760051e-03,7.735461e-03,4.843345e-03,5.329373e-03,6.391862e-02,2.518255e-04,1.735273e-03,8.084497e-02,1.913820e-01,2.936322e-01,6.148479e-02,5.436593e-02,2.796347e-02,2.001549e-01
3.444112e-03,6.810222e-03,9.332080e-03,4.603826e-03,2.308272e-02,4.568789e-02,3.923249e-04,4.661294e-03,2.225069e-01,1.379794e-01,2.656488e-01,4.987419e-02,4.187592e-02,2.573733e-02,1.583630e-01
6.870688e-03,8.440613e-03,4.770161e-02,9.191965e-03,2.425844e-02,3.502603e-02,6.314703e-04,9.240004e-02,2.513018e-01,1.014787e-01,2.094792e-01,3.635084e-02,3.282459e-02,2.933902e-02,1.147050e-01
7.092078e-03,7.881301e-03,4.384725e-02,1.068874e-02,1.896785e-02,2.521074e-02,5.400884e-04,3.144738e-01,1.959807e-01,7.172050e-02,1.505692e-01,2.581621e-02,2.373641e-02,2.196854e-02,8.150660e-02
1.021362e-02,1.626017e-02,3.787021e-02,1.499080e-02,2.070536e-02,2.016844e-02,5.772462e-04,4.308119e-01,1.736755e-01,5.300083e-02,1.085923e-01,1.827456e-02,1.759377e-02,1.573247e-02,6.153292e-02
1.102415e-02,2.399773e-02,3.026640e-02,1.368224e-02,2.103436e-02,1.928251e-02,7.055296e-04,4.988545e-01,1.806543e-01,3.742629e-02,7.902659e-02,1.308504e-02,1.456065e-02,1.149249e-02,4.490728e-02
1.283284e-02,2.176084e-02,2.535485e-02,1.282780e-02,1.862777e-02,1.808649e-02,9.690285e-04,5.916609e-01,1.516566e-01,2.642274e-02,5.716196e-02,9.363608e-03,1.191711e-02,8.333507e-03,3.302399e-02
1.634260e-02,1.942999e-02,2.174219e-02,1.062515e-02,2.127549e-02,1.519101e-02,1.559053e-03,6.625829e-01,1.203271e-01,1.875620e-02,4.529637e-02,6.678820e-03,9.584248e-03,6.076824e-03,2.453203e-02
2.087310e-02,1.935540e-02,1.812067e-02,1.067200e-02,2.579951e-02,1.285169e-02,1.700166e-03,7.105747e-01,9.354697e-02,1.354479e-02,3.653508e-02,4.809237e-03,7.627415e-03,5.063643e-03,1.892566e-02
2.860763e-02,2.603137e-02,1.813344e-02,1.161149e-02,3.023671e-02,1.621336e-02,2.422590e-03,7.123500e-01,7.794240e-02,1.050897e-02,3.008214e-02,3.824650e-03,7.989895e-03,4.108077e-03,1.993740e-02
2.660542e-02,2.047039e-02,1.504809e-02,1.037657e-02,3.472483e-02,1.237420e-02,2.334858e-03,7.639781e-01,5.882358e-02,7.473319e-03,2.167207e-02,2.781064e-03,5.840409e-03,2.972340e-03,1.452476e-02
2.550733e-02,1.533900e-02,1.175974e-02,8.939493e-03,3.602177e-02,9.996766e-03,2.727243e-03,8.055124e-01,4.376763e-02,5.375323e-03,1.572035e-02,2.153975e-03,4.480763e-03,2.131993e-03,1.056622e-02
3.633159e-02,1.143155e-02,9.528084e-03,8.201385e-03,3.057238e-02,1.776381e-02,3.075984e-03,8.159751e-01,3.327655e-02,3.979615e-03,1.170900e-02,3.058570e-03,5.526082e-03,1.578063e-03,7.992319e-03
4.258544e-02,8.792636e-03,7.874493e-03,6.778993e-03,2.725302e-02,3.202123e-02,3.317228e-03,8.104059e-01,2.679906e-02,2.939157e-03,9.904956e-03,3.866395e-03,1.022126e-02,1.175878e-03,6.064367e-03
5.974104e-02,7.465764e-03,6.682947e-03,5.569831e-03,2.229274e-02,1.391036e-01,3.222616e-03,6.614551e-01,2.237602e-02,2.361073e-03,1.627710e-02,1.002419e-02,3.130260e-02,1.033198e-03,1.109221e-02
6.031536e-02,5.634272e-03,6.648783e-03,5.838555e-03,1.691955e-02,1.441426e-01,3.009412e-03,4.943384e-01,1.815702e-02,2.949526e-03,2.759505e-02,2.314474e-02,1.741462e-01,1.092191e-03,1.606837e-02
4.658537e-02,4.157034e-03,5.552588e-03,8.122723e-03,1.211472e-02,1.235664e-01,2.334034e-03,3.508034e-01,1.439479e-02,2.458224e-03,3.727742e-02,5.570396e-02,3.226215e-01,9.916878e-04,1.331614e-02
4.219033e-02,3.848763e-03,1.224478e-02,2.521931e-02,9.056017e-03,1.231963e-01,2.649346e-03,2.532996e-01,1.816947e-02,5.729123e-03,3.634942e-02,1.964555e-01,2.521960e-01,1.475704e-03,1.792036e-02
3.659342e-02,3.357443e-03,1.081263e-02,2.641344e-02,8.715977e-03,1.261026e-01,3.042832e-03,1.806363e-01,2.338664e-02,4.745506e-03,5.863640e-02,3.090144e-01,1.881428e-01,4.145849e-03,1.625375e-02
2.972149e-02,3.109850e-03,8.625179e-03,2.781577e-02,6.804228e-03,9.744221e-02,2.539891e-03,1.280663e-01,2.846916e-02,4.232072e-03,9.586924e-02,4.044837e-01,1.412140e-01,7.929176e-03,1.367774e-02
2.677145e-02,2.691083e-03,6.413882e-03,2.249523e-02,6.165782e-03,7.600953e-02,2.180350e-03,9.218114e-02,2.523323e-02,3.547644e-03,1.627126e-01,4.471779e-01,1.036651e-01,1.218482e-02,1.057022e-02
2.102781e-02,2.216201e-03,4.755643e-03,1.624691e-02,5.012979e-03,5.544620e-02,1.707635e-03,6.512847e-02,2.697635e-02,2.832121e-03,1.748544e-01,5.183736e-01,7.664921e-02,2.105229e-02,7.720215e-03
1.664521e-02,1.738242e-03,3.500166e-03,1.209703e-02,4.236396e-03,4.118526e-02,1.276135e-03,4.583522e-02,4.340138e-02,2.549354e-03,2.037303e-01,4.855641e-01,5.555444e-02,7.696209e-02,5.724730e-03
1.208017e-02,1.517214e-03,2.689020e-03,8.923808e-03,6.905955e-03,2.980050e-02,9.296568e-04,3.216693e-02,7.509990e-02,2.066279e-03,2.054758e-01,4.927940e-01,4.049469e-02,8.480277e-02,4.253318e-03
8.686473e-03,1.933953e-03,2.485414e-03,6.799534e-03,3.209569e-02,2.114597e-02,7.113406e-04,2.264074e-02,1.340469e-01,3.719196e-03,2.834802e-01,3.675830e-01,2.884264e-02,8.175255e-02,4.076453e-03
6.861532e-03,3.553307e-03,2.855804e-03,5.148400e-03,2.944316e-02,1.623715e-02,5.977335e-04,1.627903e-02,2.144369e-01,6.704467e-03,3.218069e-01,2.690290e-01,2.050541e-02,8.207589e-02,4.465272e-03
5.259356e-03,4.164109e-03,3.274470e-03,4.044884e-03,3.093601e-02,1.176744e-02,4.638806e-04,1.172755e-02,2.538749e-01,7.825839e-03,3.783901e-01,1.957603e-01,1.456115e-02,7.316032e-02,4.789705e-03
6.499417e-03,5.364399e-03,1.226963e-02,4.426779e-03,3.415563e-02,1.383870e-02,5.405080e-04,9.385509e-03,3.313837e-01,1.269470e-02,3.398966e-01,1.391399e-01,1.134712e-02,6.993476e-02,9.122611e-03
1.004516e-02,3.226952e-02,1.335258e-02,6.130595e-03,4.115929e-02,1.827092e-02,7.737624e-04,9.803996e-03,3.444914e-01,1.151394e-02,3.322322e-01,9.876391e-02,9.060651e-03,5.985827e-02,1.227377e-02
7.908521e-03,1.851607e-01,1.688717e-02,1.004844e-02,4.037783e-02,1.621636e-02,5.674099e-04,7.662912e-03,3.241912e-01,1.319038e-02,2.410960e-01,6.957737e-02,7.037450e-03,4.562018e-02,1.445807e-02
6.787756e-03,3.345066e-01,1.339783e-02,1.186596e-02,3.229699e-02,1.832275e-02,4.136265e-04,5.958803e-03,2.951208e-01,1.005555e-02,1.722010e-01,4.885516e-02,5.156927e-03,3.364040e-02,1.141981e-02
4.986506e-03,4.783919e-01,1.364679e-02,2.899565e-02,2.355736e-02,2.261324e-02,3.019798e-04,4.464154e-03,2.141952e-01,8.017775e-03,1.226888e-01,3.457599e-02,4.281174e-03,2.377279e-02,1.551070e-02
1.224529e-02,4.426537e-01,1.324165e-02,4.671410e-02,3.712752e-02,2.258782e-02,3.058809e-04,4.887369e-03,1.770178e-01,7.729167e-03,1.076570e-01,2.505375e-02,4.952144e-03,2.118602e-02,7.664073e-02
1.898515e-02,4.742758e-01,1.362529e-02,4.395594e-02,4.611419e-02,1.961612e-02,3.494454e-04,5.837931e-03,1.371661e-01,6.916930e-03,8.730859e-02,1.814089e-02,5.686092e-03,1.951502e-02,1.025065e-01
4.384279e-02,4.964218e-01,2.021794e-02,4.418075e-02,4.725615e-02,2.318685e-02,8.004110e-04,9.310946e-03,1.082162e-01,5.795790e-03,6.976779e-02,1.344802e-02,5.320233e-03,2.084720e-02,9.138726e-02
5.432527e-02,4.168284e-01,1.784278e-02,3.847725e-02,4.447994e-02,2.340603e-02,9.369772e-04,7.877100e-03,8.736586e-02,6.638291e-03,5.547372e-02,1.232562e-02,9.455470e-03,2.463832e-02,1.999290e-01
4.251547e-02,3.191032e-01,1.405836e-02,3.136259e-02,3.610177e-02,2.096994e-02,9.820838e-04,5.899225e-03,7.370153e-02,7.847437e-03,4.093000e-02,1.040881e-02,1.184761e-02,2.240574e-02,3.618663e-01
3.591012e-02,2.522434e-01,1.090288e-02,2.507726e-02,2.824551e-02,1.872121e-02,9.449035e-04,4.948747e-03,6.852020e-02,1.151840e-02,3.019349e-02,8.408051e-03,1.117177e-02,1.901361e-02,4.741805e-01
5.857489e-02,2.715361e-01,1.367253e-02,3.784883e-02,3.643245e-02,2.501544e-02,1.658438e-03,9.982364e-03,6.661817e-02,1.201633e-02,2.607675e-02,8.142320e-03,1.188700e-02,1.583216e-02,4.047062e-01
8.700678e-02,3.351473e-01,1.522567e-02,3.114011e-02,3.218469e-02,3.152204e-02,1.394722e-03,8.542149e-03,6.081499e-02,1.279455e-02,2.079466e-02,7.098305e-03,9.595534e-03,1.364907e-02,3.330895e-01
9.805387e-02,2.831029e-01,2.779027e-02,2.620974e-02,2.826304e-02,2.787194e-02,1.205385e-03,8.706480e-03,4.940075e-02,1.693692e-02,2.421140e-02,6.812762e-03,1.047903e-02,5.087616e-02,3.400794e-01
8.152523e-02,2.627863e-01,2.965088e-02,3.103331e-02,2.371401e-02,2.260190e-02,1.052449e-03,8.349396e-03,5.000207e-02,1.844986e-02,3.583682e-02,6.751463e-03,1.088980e-02,4.806083e-02,3.692957e-01
1.375938e-01,2.331455e-01,2.843062e-02,2.537462e-02,2.028477e-02,2.576416e-02,1.074122e-03,9.738435e-03,4.735553e-02,1.595971e-02,3.527930e-02,7.985242e-03,1.027269e-02,8.221790e-02,3.195237e-01
1.736268e-01,1.868038e-01,2.879458e-02,2.631639e-02,2.451415e-02,2.757825e-02,1.402829e-03,1.059825e-02,5.939774e-02,1.561158e-02,3.786389e-02,1.127281e-02,1.095637e-02,9.224498e-02,2.930175e-01
1.676404e-01,2.195272e-01,4.344251e-02,2.785834e-02,2.800468e-02,2.812628e-02,1.946169e-03,1.334199e-02,8.503469e-02,1.665365e-02,2.947023e-02,9.443995e-03,8.977719e-03,7.740398e-02,2.431282e-01
1.545237e-01,2.401319e-01,7.875238e-02,2.918357e-02,4.341097e-02,3.370877e-02,2.426114e-03,2.218330e-02,9.515280e-02,1.561105e-02,2.361140e-02,7.933237e-03,7.474244e-03,6.855527e-02,1.773413e-01
1.348412e-01,2.802695e-01,6.885994e-02,2.382183e-02,4.433268e-02,5.609427e-02,2.325353e-03,2.338973e-02,1.265941e-01,1.283114e-02,1.828961e-02,6.500692e-03,7.073044e-03,6.557922e-02,1.291976e-01
1.277469e-01,2.673283e-01,6.437022e-02,1.944099e-02,4.476860e-02,7.548479e-02,2.230774e-03,2.120912e-02,1.721477e-01,1.064655e-02,1.474770e-02,5.131491e-03,7.002434e-03,7.095699e-02,9.678746e-02
1.112530e-01,2.513327e-01,5.678899e-02,1.571804e-02,4.244042e-02,8.992945e-02,2.574301e-03,1.867084e-02,2.315759e-01,9.806328e-03,1.259276e-02,4.338929e-03,8.340060e-03,7.186058e-02,7.277767e-02
1.220081e-01,2.388078e-01,6.277340e-02,1.582937e-02,4.616198e-02,8.428714e-02,3.633467e-03,1.732548e-02,2.568921e-01,1.002680e-02,1.111281e-02,4.971537e-03,7.638177e-03,6.384391e-02,5.468792e-02
1.560843e-01,2.363784e-01,5.217296e-02,1.241672e-02,4.145554e-02,9.103172e-02,3.139157e-03,1.354781e-02,2.570682e-01,7.916425e-03,1.052120e-02,5.967163e-03,9.810505e-03,5.549787e-02,4.699200e-02
2.164454e-01,2.392419e-01,4.461650e-02,1.113562e-02,3.544776e-02,8.144633e-02,2.820846e-03,1.152366e-02,2.298695e-01,6.623946e-03,1.086056e-02,7.660492e-03,1.000057e-02,4.967140e-02,4.263550e-02
3.195232e-01,2.250993e-01,4.134411e-02,1.274362e-02,2.893403e-02,6.201488e-02,2.739012e-03,1.098855e-02,1.839231e-01,6.106676e-03,1.043843e-02,9.953095e-03,8.624711e-03,4.284774e-02,3.471947e-02
3.807923e-01,2.362670e-01,3.843647e-02,1.135518e-02,2.412755e-02,4.587581e-02,2.467745e-03,1.185811e-02,1.468485e-01,6.129060e-03,8.641998e-03,9.250862e-03,6.747439e-03,3.929324e-02,3.190866e-02
1.000000e+00,0.000000e+00,0.000000e+00,0.000000e+00,0.000000e+00,0.000000e+00,0.000000e+00,0.000000e+00,0.000000e+00,0.000000e+00,0.000000e+00,0.000000e+00,0.000000e+00,0.000000e+00,0.000000e+00
1.000000e+00,0.000000e+00,0.000000e+00,0.000000e+00,0.000000e+00,0.000000e+00,0.000000e+00,0.000000e+00,0.000000e+00,0.000000e+00,0.000000e+00,0.000000e+00,0.000000e+00,0.000000e+00,0.000000e+00
1.000000e+00,0.000000e+00,0.000000e+00,0.000000e+00,0.000000e+00,0.000000e+00,0.000000e+00,0.000000e+00,0.000000e+00,0.000000e+00,0.000000e+00,0.000000e+00,0.000000e+00,0.000000e+00,0.000000e+00
1.000000e+00,0.000000e+00,0.000000e+00,0.000000e+00,0.000000e+00,0.000000e+00,0.000000e+00,0.000000e+00,0.000000e+00,0.000000e+00,0.000000e+00,0.000000e+00,0.000000e+00,0.000000e+00,0.000000e+00
3.720514e-01,2.458183e-01,6.126853e-02,1.179737e-01,1.281113e-02,1.495944e-02,1.180491e-03,5.820103e-03,4.049411e-02,2.467641e-02,2.156592e-02,1.899216e-02,1.253789e-02,1.317576e-02,3.667466e-02
2.718996e-01,2.548373e-01,4.695773e-02,8.544321e-02,9.152643e-03,1.137234e-02,8.501408e-04,4.533288e-03,5.793301e-02,9.455042e-02,5.956408e-02,1.488952e-02,2.729519e-02,2.786566e-02,3.285591e-02
1.905633e-01,1.889744e-01,3.547022e-02,6.126536e-02,6.471032e-03,8.244398e-03,6.103339e-04,3.246393e-03,9.336311e-02,9.596804e-02,9.833275e-02,1.136003e-02,2.550265e-02,4.664689e-02,1.339812e-01
1.336334e-01,1.377471e-01,2.584499e-02,4.373986e-02,4.971517e-03,6.219112e-03,4.602405e-04,2.351470e-03,1.110788e-01,9.424555e-02,8.896981e-02,8.762822e-03,2.050738e-02,4.532479e-02,2.761432e-01
9.371449e-02,9.701306e-02,1.837930e-02,3.125015e-02,4.767294e-03,4.578191e-03,3.823509e-04,1.750352e-03,8.633704e-02,8.135863e-02,8.970248e-02,7.796079e-03,2.021894e-02,6.904127e-02,3.937104e-01
6.565622e-02,6.795475e-02,1.291121e-02,2.207779e-02,7.213721e-03,3.240231e-03,2.846774e-04,1.297764e-03,6.160992e-02,6.552122e-02,8.056562e-02,5.711700e-03,1.447144e-02,5.482933e-02,5.366544e-01
4.596957e-02,4.757052e-02,9.045703e-03,1.550707e-02,6.500319e-03,2.304575e-03,2.122678e-04,9.734048e-04,4.382656e-02,5.192091e-02,5.968234e-02,4.219541e-03,1.027689e-02,4.432180e-02,6.576686e-01
3.220143e-02,3.330823e-02,6.395195e-03,1.099282e-02,3.863683e-02,1.740695e-03,1.183491e-03,2.302023e-03,3.244589e-02,6.833388e-02,4.449108e-02,3.316013e-03,7.709391e-03,5.418650e-02,6.627566e-01
2.262175e-02,2.337891e-02,4.807470e-03,8.440347e-03,7.272608e-02,4.110478e-03,1.029195e-02,7.221015e-03,2.648874e-02,8.974463e-02,3.509052e-02,6.388026e-03,7.144631e-03,5.572082e-02,6.258246e-01
1.661984e-02,1.647647e-02,6.245325e-03,6.031810e-02,8.171655e-02,2.120992e-02,1.009727e-02,3.007318e-02,2.006829e-02,1.400856e-01,3.011636e-02,7.681403e-03,1.116639e-02,5.604364e-02,4.920816e-01
1.352688e-02,1.456296e-02,9.027302e-03,4.634799e-02,2.388259e-01,1.926749e-02,7.643027e-03,3.183306e-02,5.225166e-02,1.100516e-01,2.579436e-02,7.347823e-03,1.193080e-02,4.082414e-02,3.707649e-01
9.873088e-03,1.330198e-02,7.113616e-03,3.365717e-02,2.875328e-01,8.149621e-02,5.700360e-03,2.365508e-02,1.373822e-01,7.836019e-02,1.887409e-02,5.463472e-03,8.940217e-03,2.867511e-02,2.599744e-01
7.871799e-03,1.184466e-02,1.143088e-02,4.841715e-02,3.345697e-01,1.038690e-01,8.893138e-03,3.144903e-02,1.541760e-01,5.837897e-02,1.422008e-02,4.169493e-03,7.538231e-03,2.025616e-02,1.829157e-01
7.850118e-03,1.041288e-02,3.720225e-02,9.841554e-02,3.108933e-01,9.929880e-02,8.526186e-03,5.752752e-02,1.605454e-01,4.491805e-02,1.135309e-02,3.404797e-03,6.750686e-03,1.428890e-02,1.286125e-01
1.219949e-02,1.453497e-02,4.225896e-02,8.758765e-02,2.523907e-01,1.482282e-01,8.866472e-03,1.296877e-01,1.482338e-01,3.573435e-02,9.171933e-03,3.204030e-03,6.442774e-03,1.015072e-02,9.130837e-02
1.415903e-02,1.423547e-02,3.894594e-02,7.339141e-02,1.895441e-01,1.414181e-01,8.120321e-03,2.810764e-01,1.257360e-01,2.654219e-02,7.105491e-03,2.374292e-03,4.796198e-03,7.170032e-03,6.538498e-02
1.384111e-02,1.093947e-02,3.105272e-02,5.299745e-02,1.371072e-01,1.073217e-01,7.118869e-03,4.664115e-01,9.276403e-02,1.877689e-02,5.307311e-03,1.712601e-03,3.532940e-03,5.034810e-03,4.608133e-02
1.366660e-02,8.997455e-03,2.870999e-02,3.830151e-02,1.025789e-01,7.584222e-02,5.652073e-03,5.994912e-01,6.926668e-02,1.347311e-02,3.904639e-03,1.251773e-03,2.697393e-03,3.535856e-03,3.263063e-02
1.445841e-02,8.844291e-03,2.691657e-02,2.791119e-02,7.656356e-02,5.393888e-02,4.659935e-03,6.878002e-01,5.319914e-02,1.087062e-02,3.545915e-03,1.241412e-03,2.966892e-03,2.520823e-03,2.456228e-02
3.918712e-02,1.894654e-02,4.040784e-02,2.995504e-02,6.026501e-02,4.001781e-02,3.975070e-03,6.123201e-01,5.156511e-02,2.968558e-02,1.681095e-02,8.470355e-03,1.128419e-02,2.511535e-03,3.459779e-02
4.009143e-02,2.067707e-02,5.631085e-02,5.780071e-02,4.849720e-02,3.167491e-02,3.910630e-03,5.209728e-01,5.854925e-02,3.468682e-02,2.359537e-02,1.876279e-02,4.285624e-02,2.217625e-03,3.939641e-02
3.009589e-02,2.965409e-02,6.579835e-02,9.126671e-02,3.557520e-02,2.370599e-02,3.094143e-03,3.933431e-01,9.045758e-02,7.827532e-02,2.899081e-02,2.465805e-02,4.881500e-02,1.716241e-03,5.455360e-02
2.587337e-02,4.568198e-02,5.103845e-02,9.690373e-02,2.843367e-02,2.882368e-02,3.335414e-03,2.848947e-01,1.505405e-01,5.807101e-02,3.014132e-02,2.092619e-02,1.248257e-01,1.463884e-03,4.904648e-02
1.938594e-02,6.107546e-02,4.519894e-02,1.206257e-01,2.123593e-02,2.258087e-02,2.678076e-03,1.998469e-01,2.787388e-01,4.868811e-02,2.308649e-02,1.631688e-02,9.840388e-02,1.169433e-03,4.096853e-02
1.436195e-02,7.624729e-02,3.346931e-02,1.339221e-01,1.500174e-02,1.743490e-02,1.926443e-03,1.399636e-01,3.889422e-01,3.491202e-02,1.820122e-02,1.433494e-02,7.874712e-02,1.127102e-03,3.140819e-02
1.226517e-02,5.725010e-02,2.390345e-02,1.070612e-01,1.156895e-02,1.597036e-02,2.062812e-03,9.868353e-02,4.001820e-01,2.470900e-02,3.044533e-02,2.695180e-02,1.564116e-01,1.357360e-03,3.117741e-02
9.414300e-03,5.426700e-02,1.772423e-02,7.879227e-02,8.416810e-03,1.290765e-02,1.603945e-03,6.928182e-02,4.977248e-01,1.797151e-02,2.602161e-02,3.879300e-02,1.317185e-01,2.169944e-03,3.319259e-02
7.547864e-03,4.239452e-02,1.328963e-02,5.647215e-02,6.879046e-03,1.289590e-02,1.548902e-03,4.919790e-02,4.192146e-01,1.325180e-02,2.437866e-02,4.167439e-02,2.124519e-01,2.496656e-03,9.630612e-02
6.125271e-03,3.198493e-02,1.025601e-02,4.007248e-02,5.370828e-03,1.056377e-02,2.062466e-03,3.535793e-02,3.214445e-01,1.023245e-02,1.972257e-02,3.296499e-02,2.215539e-01,2.362940e-03,2.499250e-01
4.774072e-03,2.257994e-02,9.885371e-03,2.821032e-02,4.283345e-03,7.558547e-03,4.286876e-03,1.617216e-01,2.255622e-01,7.483491e-03,1.448884e-02,2.402761e-02,2.232940e-01,1.807539e-03,2.600361e-01
1.605158e-02,1.841225e-02,1.642424e-02,2.508963e-02,2.126676e-02,6.727952e-03,7.459262e-03,1.403567e-01,1.849870e-01,6.402688e-03,1.221445e-02,1.823386e-02,1.715305e-01,2.639057e-03,3.522040e-01
2.135057e-02,1.860906e-02,2.732683e-02,2.006367e-02,4.372087e-02,5.655491e-03,9.936474e-03,1.195140e-01,2.044360e-01,5.630308e-03,1.104777e-02,1.414639e-02,1.304973e-01,3.185686e-03,3.648796e-01
2.655944e-02,1.701890e-02,1.327272e-01,4.212639e-02,6.218299e-02,6.116304e-03,8.974411e-03,1.270006e-01,1.687073e-01,4.439755e-03,1.309571e-02,1.253723e-02,1.063101e-01,3.469224e-03,2.687345e-01
2.849527e-02,1.385200e-02,2.250777e-01,8.094171e-02,6.149123e-02,5.889148e-03,7.300265e-03,1.100211e-01,1.387361e-01,4.117535e-03,1.230009e-02,1.050550e-02,8.055461e-02,3.600914e-03,2.171169e-01
5.521353e-02,1.446620e-02,2.466139e-01,8.811611e-02,5.638557e-02,5.994982e-03,5.722745e-03,1.211913e-01,1.173740e-01,6.153152e-03,1.483309e-02,9.786957e-03,6.192651e-02,6.351670e-03,1.898702e-01
7.308744e-02,2.412794e-02,2.244766e-01,7.174481e-02,5.276131e-02,6.416112e-03,4.841757e-03,1.049970e-01,1.287769e-01,9.657381e-03,1.772744e-02,9.132703e-03,4.796286e-02,6.349453e-03,2.179403e-01
6.671817e-02,5.473980e-02,2.498110e-01,5.609168e-02,4.110439e-02,1.261308e-02,3.883827e-03,8.660422e-02,1.499313e-01,1.122674e-02,2.018897e-02,9.106202e-03,3.716277e-02,7.572284e-03,1.932456e-01
6.346171e-02,7.842177e-02,2.427991e-01,4.782404e-02,3.539320e-02,1.347591e-02,3.398097e-03,6.454902e-02,1.595870e-01,2.343687e-02,4.261091e-02,1.516306e-02,4.968923e-02,6.633632e-03,1.535564e-01
4.952493e-02,6.549664e-02,2.222545e-01,3.630997e-02,2.631084e-02,1.315777e-02,2.809188e-03,4.694565e-02,1.284740e-01,1.622197e-01,5.165146e-02,1.464373e-02,4.713066e-02,6.328538e-03,1.267425e-01
3.953792e-02,5.090316e-02,1.595031e-01,2.684085e-02,1.939806e-02,1.177525e-02,2.297307e-03,3.322376e-02,9.983344e-02,3.140914e-01,5.363785e-02,1.419854e-02,5.330196e-02,1.094423e-02,1.105132e-01
3.701361e-02,3.793235e-02,1.122956e-01,1.950462e-02,1.486247e-02,9.152967e-03,1.681950e-03,2.353350e-02,8.757287e-02,4.285133e-01,5.616911e-02,1.361029e-02,5.663792e-02,1.220306e-02,8.931631e-02
2.804350e-02,2.737295e-02,7.876831e-02,1.384914e-02,1.248157e-02,7.588102e-03,1.282734e-03,1.694792e-02,8.465539e-02,4.637318e-01,9.760202e-02,1.559133e-02,5.057194e-02,3.270226e-02,6.881110e-02
4.375054e-02,2.095181e-02,6.741288e-02,1.169831e-02,1.264924e-02,1.200628e-02,1.072956e-03,1.353979e-02,6.318381e-02,4.327820e-01,1.661441e-01,1.640733e-02,3.914678e-02,4.856304e-02,5.069119e-02
3.404103e-02,1.732937e-02,5.167303e-02,8.833576e-03,1.183590e-02,1.351359e-02,9.495761e-04,9.949589e-03,5.003138e-02,3.311324e-01,2.911183e-01,1.566802e-02,3.084625e-02,9.466772e-02,3.841030e-02
2.925663e-02,1.595447e-02,4.036121e-02,7.362156e-03,9.425070e-03,1.170527e-02,9.910620e-04,7.431106e-03,4.595786e-02,2.362388e-01,4.508177e-01,2.125574e-02,2.319850e-02,7.236183e-02,2.768258e-02
2.196555e-02,1.239952e-02,2.879966e-02,5.546146e-03,7.454489e-03,9.871608e-03,8.983554e-04,5.654784e-03,3.746613e-02,1.667440e-01,5.956486e-01,1.747385e-02,1.816718e-02,5.217946e-02,1.973066e-02
2.285285e-02,1.674816e-02,4.261564e-02,8.919477e-03,2.767786e-02,1.151692e-02,5.285461e-03,1.314792e-02,1.085278e-01,1.261921e-01,5.261595e-01,1.522876e-02,1.691424e-02,4.224686e-02,1.596636e-02
2.066243e-02,2.446497e-02,3.365134e-02,9.913662e-03,2.786383e-02,1.166321e-02,5.517502e-03,1.194425e-02,1.053009e-01,9.503400e-02,5.719723e-01,1.639019e-02,1.793529e-02,3.413974e-02,1.354641e-02
2.304729e-02,3.945612e-02,3.057652e-02,1.029765e-02,2.820104e-02,2.120223e-02,9.136295e-03,1.821837e-02,1.245669e-01,7.554574e-02,5.448565e-01,1.693681e-02,1.718553e-02,2.832186e-02,1.245108e-02
3.769109e-02,3.677396e-02,5.550147e-02,1.936759e-02,4.072279e-02,2.425895e-02,1.041601e-02,6.635410e-02,1.014342e-01,6.811852e-02,4.736506e-01,1.764003e-02,1.632251e-02,2.142554e-02,1.032266e-02
2.956981e-02,3.476162e-02,3.995208e-02,1.514965e-02,3.622655e-02,1.936242e-02,8.146682e-03,4.853266e-02,8.014536e-02,9.083886e-02,5.352212e-01,2.346811e-02,1.425968e-02,1.604633e-02,8.319015e-03
2.364784e-02,4.986338e-02,2.837758e-02,1.167781e-02,3.123946e-02,1.572175e-02,6.986246e-03,3.704299e-02,1.024400e-01,1.222277e-01,4.928685e-01,4.357989e-02,1.511992e-02,1.226255e-02,6.944465e-03
1.849175e-02,5.112182e-02,2.073060e-02,8.449361e-03,2.442405e-02,1.269997e-02,5.699173e-03,2.716624e-02,8.076926e-02,2.967575e-01,3.797814e-01,4.579705e-02,1.236396e-02,1.039252e-02,5.355281e-03
1.515528e-02,4.962038e-02,1.664291e-02,6.310122e-03,2.205593e-02,1.191142e-02,5.673043e-03,2.287765e-02,7.490743e-02,4.290382e-01,2.805017e-01,4.249719e-02,1.036746e-02,8.277027e-03,4.164292e-03
1.167712e-02,4.743164e-02,1.378937e-02,4.524597e-03,1.720887e-02,1.386228e-02,4.104916e-03,1.638894e-02,5.811135e-02,5.615860e-01,1.990230e-01,3.414560e-02,7.986721e-03,6.474225e-03,3.685414e-03
8.904581e-03,3.754298e-02,1.054056e-02,3.324467e-03,1.288740e-02,1.173048e-02,2.992558e-03,1.162707e-02,4.532099e-02,6.662492e-01,1.458940e-01,2.803183e-02,7.200722e-03,4.633151e-03,3.120104e-03
6.976816e-03,2.723021e-02,7.449343e-03,2.440920e-03,9.115626e-03,1.055152e-02,2.115184e-03,8.185195e-03,3.362330e-02,7.423905e-01,1.071159e-01,2.930399e-02,7.796364e-03,3.348921e-03,2.356234e-03
7.281774e-03,2.015036e-02,5.232457e-03,1.962104e-03,6.480289e-03,1.458094e-02,1.489799e-03,5.783732e-03,3.298227e-02,5.862019e-01,2.245218e-01,7.837404e-02,8.401217e-03,4.743088e-03,1.814249e-03
6.262579e-03,1.439982e-02,3.683324e-03,1.487362e-03,4.791571e-03,1.234663e-02,1.062798e-03,4.097206e-03,2.609027e-02,4.632259e-01,3.050313e-01,1.358056e-01,6.536971e-03,1.366577e-02,1.512892e-03
4.985730e-03,1.037111e-02,2.636922e-03,1.091914e-03,3.676109e-03,1.027274e-02,7.829358e-04,2.916122e-03,1.965165e-02,3.430341e-01,4.266397e-01,1.438220e-01,4.973576e-03,2.395738e-02,1.188028e-03
3.917086e-03,7.387551e-03,1.900538e-03,8.146911e-04,2.744901e-03,8.870938e-03,5.756674e-04,2.116715e-03,1.447854e-02,2.537695e-01,5.335285e-01,1.197890e-01,3.802573e-03,4.534650e-02,9.573668e-04
3.203620e-03,5.334489e-03,1.403679e-03,8.092094e-04,2.093075e-03,6.744007e-03,4.273714e-04,1.618398e-03,1.311728e-02,1.864011e-01,5.985965e-01,9.957684e-02,3.212831e-03,7.659204e-02,8.695712e-04
2.483947e-03,3.978514e-03,1.130198e-03,1.066027e-03,1.841647e-03,5.286785e-03,3.157265e-04,1.265545e-03,1.304859e-02,1.316044e-01,6.546584e-01,9.135279e-02,3.075554e-03,8.792371e-02,9.681965e-04
2.200021e-03,3.352417e-03,9.930369e-04,1.133104e-03,2.171874e-03,5.696237e-03,2.435403e-04,1.074379e-03,1.555791e-02,9.298056e-02,6.854694e-01,8.459711e-02,2.724183e-03,1.004539e-01,1.352348e-03
1.635901e-03,2.810650e-03,7.084680e-04,8.733630e-04,1.630694e-03,5.916651e-03,1.739133e-04,7.700172e-04,1.591786e-02,6.576926e-02,7.430049e-01,6.568497e-02,3.016790e-03,9.083121e-02,1.255411e-03
1.281030e-03,2.602853e-03,5.221574e-04,7.094624e-04,1.300714e-03,6.408639e-03,1.357080e-04,5.598795e-04,2.188411e-02,4.721989e-02,7.788395e-01,4.996098e-02,3.322855e-03,8.424702e-02,1.005192e-03
