1.000000e+00,0.000000e+00,0.000000e+00,0.000000e+00,0.000000e+00,0.000000e+00,0.000000e+00,0.000000e+00,0.000000e+00,0.000000e+00,0.000000e+00,0.000000e+00,0.000000e+00,0.000000e+00,0.000000e+00
1.000000e+00,0.000000e+00,0.000000e+00,0.000000e+00,0.000000e+00,0.000000e+00,0.000000e+00,0.000000e+00,0.000000e+00,0.000000e+00,0.000000e+00,0.000000e+00,0.000000e+00,0.000000e+00,0.000000e+00
1.000000e+00,0.000000e+00,0.000000e+00,0.000000e+00,0.000000e+00,0.000000e+00,0.000000e+00,0.000000e+00,0.000000e+00,0.000000e+00,0.000000e+00,0.000000e+00,0.000000e+00,0.000000e+00,0.000000e+00
1.000000e+00,0.000000e+00,0.000000e+00,0.000000e+00,0.000000e+00,0.000000e+00,0.000000e+00,0.000000e+00,0.000000e+00,0.000000e+00,0.000000e+00,0.000000e+00,0.000000e+00,0.000000e+00,0.000000e+00
1.000000e+00,0.000000e+00,0.000000e+00,0.000000e+00,0.000000e+00,0.000000e+00,0.000000e+00,0.000000e+00,0.000000e+00,0.000000e+00,0.000000e+00,0.000000e+00,0.000000e+00,0.000000e+00,0.000000e+00
1.000000e+00,0.000000e+00,0.000000e+00,0.000000e+00,0.000000e+00,0.000000e+00,0.000000e+00,0.000000e+00,0.000000e+00,0.000000e+00,0.000000e+00,0.000000e+00,0.000000e+00,0.000000e+00,0.000000e+00
1.000000e+00,0.000000e+00,0.000000e+00,0.000000e+00,0.000000e+00,0.000000e+00,0.000000e+00,0.000000e+00,0.000000e+00,0.000000e+00,0.000000e+00,0.000000e+00,0.000000e+00,0.000000e+00,0.000000e+00
1.000000e+00,0.000000e+00,0.000000e+00,0.000000e+00,0.000000e+00,0.000000e+00,0.000000e+00,0.000000e+00,0.000000e+00,0.000000e+00,0.000000e+00,0.000000e+00,0.000000e+00,0.000000e+00,0.000000e+00
1.000000e+00,0.000000e+00,0.000000e+00,0.000000e+00,0.000000e+00,0.000000e+00,0.000000e+00,0.000000e+00,0.000000e+00,0.000000e+00,0.000000e+00,0.000000e+00,0.000000e+00,0.000000e+00,0.000000e+00
1.000000e+00,0.000000e+00,0.000000e+00,0.000000e+00,0.000000e+00,0.000000e+00,0.000000e+00,0.000000e+00,0.000000e+00,0.000000e+00,0.000000e+00,0.000000e+00,0.000000e+00,0.000000e+00,0.000000e+00
1.000000e+00,0.000000e+00,0.000000e+00,0.000000e+00,0.000000e+00,0.000000e+00,0.000000e+00,0.000000e+00,0.000000e+00,0.000000e+00,0.000000e+00,0.000000e+00,0.000000e+00,0.000000e+00,0.000000e+00
1.000000e+00,0.000000e+00,0.000000e+00,0.000000e+00,0.000000e+00,0.000000e+00,0.000000e+00,0.000000e+00,0.000000e+00,0.000000e+00,0.000000e+00,0.000000e+00,0.000000e+00,0.000000e+00,0.000000e+00
1.000000e+00,0.000000e+00,0.000000e+00,0.000000e+00,0.000000e+00,0.000000e+00,0.000000e+00,0.000000e+00,0.000000e+00,0.000000e+00,0.000000e+00,0.000000e+00,0.000000e+00,0.000000e+00,0.000000e+00
1.000000e+00,0.000000e+00,0.000000e+00,0.000000e+00,0.000000e+00,0.000000e+00,0.000000e+00,0.000000e+00,0.000000e+00,0.000000e+00,0.000000e+00,0.000000e+00,0.000000e+00,0.000000e+00,0.000000e+00
1.000000e+00,0.000000e+00,0.000000e+00,0.000000e+00,0.000000e+00,0.000000e+00,0.000000e+00,0.000000e+00,0.000000e+00,0.000000e+00,0.000000e+00,0.000000e+00,0.000000e+00,0.000000e+00,0.000000e+00
1.000000e+00,0.000000e+00,0.000000e+00,0.000000e+00,0.000000e+00,0.000000e+00,0.000000e+00,0.000000e+00,0.000000e+00,0.000000e+00,0.000000e+00,0.000000e+00,0.000000e+00,0.000000e+00,0.000000e+00
1.000000e+00,0.000000e+00,0.000000e+00,0.000000e+00,0.000000e+00,0.000000e+00,0.000000e+00,0.000000e+00,0.000000e+00,0.000000e+00,0.000000e+00,0.000000e+00,0.000000e+00,0.000000e+00,0.000000e+00
1.000000e+00,0.000000e+00,0.000000e+00,0.000000e+00,0.000000e+00,0.000000e+00,0.000000e+00,0.000000e+00,0.000000e+00,0.000000e+00,0.000000e+00,0.000000e+00,0.000000e+00,0.000000e+00,0.000000e+00
1.000000e+00,0.000000e+00,0.000000e+00,0.000000e+00,0.000000e+00,0.000000e+00,0.000000e+00,0.000000e+00,0.000000e+00,0.000000e+00,0.000000e+00,0.000000e+00,0.000000e+00,0.000000e+00,0.000000e+00
1.000000e+00,0.000000e+00,0.000000e+00,0.000000e+00,0.000000e+00,0.000000e+00,0.000000e+00,0.000000e+00,0.000000e+00,0.000000e+00,0.000000e+00,0.000000e+00,0.000000e+00,0.000000e+00,0.000000e+00
1.000000e+00,0.000000e+00,0.000000e+00,0.000000e+00,0.000000e+00,0.000000e+00,0.000000e+00,0.000000e+00,0.000000e+00,0.000000e+00,0.000000e+00,0.000000e+00,0.000000e+00,0.000000e+00,0.000000e+00
1.000000e+00,0.000000e+00,0.000000e+00,0.000000e+00,0.000000e+00,0.000000e+00,0.000000e+00,0.000000e+00,0.000000e+00,0.000000e+00,0.000000e+00,0.000000e+00,0.000000e+00,0.000000e+00,0.000000e+00
1.000000e+00,0.000000e+00,0.000000e+00,0.000000e+00,0.000000e+00,0.000000e+00,0.000000e+00,0.000000e+00,0.000000e+00,0.000000e+00,0.000000e+00,0.000000e+00,0.000000e+00,0.000000e+00,0.000000e+00
1.000000e+00,0.000000e+00,0.000000e+00,0.000000e+00,0.000000e+00,0.000000e+00,0.000000e+00,0.000000e+00,0.000000e+00,0.000000e+00,0.000000e+00,0.000000e+00,0.000000e+00,0.000000e+00,0.000000e+00
1.000000e+00,0.000000e+00,0.000000e+00,0.000000e+00,0.000000e+00,0.000000e+00,0.000000e+00,0.000000e+00,0.000000e+00,0.000000e+00,0.000000e+00,0.000000e+00,0.000000e+00,0.000000e+00,0.000000e+00
1.000000e+00,0.000000e+00,0.000000e+00,0.000000e+00,0.000000e+00,0.000000e+00,0.000000e+00,0.000000e+00,0.000000e+00,0.000000e+00,0.000000e+00,0.000000e+00,0.000000e+00,0.000000e+00,0.000000e+00
1.000000e+00,0.000000e+00,0.000000e+00,0.000000e+00,0.000000e+00,0.000000e+00,0.000000e+00,0.000000e+00,0.000000e+00,0.000000e+00,0.000000e+00,0.000000e+00,0.000000e+00,0.000000e+00,0.000000e+00
1.000000e+00,0.000000e+00,0.000000e+00,0.000000e+00,0.000000e+00,0.000000e+00,0.000000e+00,0.000000e+00,0.000000e+00,0.000000e+00,0.000000e+00,0.000000e+00,0.000000e+00,0.000000e+00,0.000000e+00
1.000000e+00,0.000000e+00,0.000000e+00,0.000000e+00,0.000000e+00,0.000000e+00,0.000000e+00,0.000000e+00,0.000000e+00,0.000000e+00,0.000000e+00,0.000000e+00,0.000000e+00,0.000000e+00,0.000000e+00
1.000000e+00,0.000000e+00,0.000000e+00,0.000000e+00,0.000000e+00,0.000000e+00,0.000000e+00,0.000000e+00,0.000000e+00,0.000000e+00,0.000000e+00,0.000000e+00,0.000000e+00,0.000000e+00,0.000000e+00
1.000000e+00,0.000000e+00,0.000000e+00,0.000000e+00,0.000000e+00,0.000000e+00,0.000000e+00,0.000000e+00,0.000000e+00,0.000000e+00,0.000000e+00,0.000000e+00,0.000000e+00,0.000000e+00,0.000000e+00
1.000000e+00,0.000000e+00,0.000000e+00,0.000000e+00,0.000000e+00,0.000000e+00,0.000000e+00,0.000000e+00,0.000000e+00,0.000000e+00,0.000000e+00,0.000000e+00,0.000000e+00,0.000000e+00,0.000000e+00
1.000000e+00,0.000000e+00,0.000000e+00,0.000000e+00,0.000000e+00,0.000000e+00,0.000000e+00,0.000000e+00,0.000000e+00,0.000000e+00,0.000000e+00,0.000000e+00,0.000000e+00,0.000000e+00,0.000000e+00
1.000000e+00,0.000000e+00,0.000000e+00,0.000000e+00,0.000000e+00,0.000000e+00,0.000000e+00,0.000000e+00,0.000000e+00,0.000000e+00,0.000000e+00,0.000000e+00,0.000000e+00,0.000000e+00,0.000000e+00
1.000000e+00,0.000000e+00,0.000000e+00,0.000000e+00,0.000000e+00,0.000000e+00,0.000000e+00,0.000000e+00,0.000000e+00,0.000000e+00,0.000000e+00,0.000000e+00,0.000000e+00,0.000000e+00,0.000000e+00
1.000000e+00,0.000000e+00,0.000000e+00,0.000000e+00,0.000000e+00,0.000000e+00,0.000000e+00,0.000000e+00,0.000000e+00,0.000000e+00,0.000000e+00,0.000000e+00,0.000000e+00,0.000000e+00,0.000000e+00
1.000000e+00,0.000000e+00,0.000000e+00,0.000000e+00,0.000000e+00,0.000000e+00,0.000000e+00,0.000000e+00,0.000000e+00,0.000000e+00,0.000000e+00,0.000000e+00,0.000000e+00,0.000000e+00,0.000000e+00
1.000000e+00,0.000000e+00,0.000000e+00,0.000000e+00,0.000000e+00,0.000000e+00,0.000000e+00,0.000000e+00,0.000000e+00,0.000000e+00,0.000000e+00,0.000000e+00,0.000000e+00,0.000000e+00,0.000000e+00
1.000000e+00,0.000000e+00,0.000000e+00,0.000000e+00,0.000000e+00,0.000000e+00,0.000000e+00,0.000000e+00,0.000000e+00,0.000000e+00,0.000000e+00,0.000000e+00,0.000000e+00,0.000000e+00,0.000000e+00
1.000000e+00,0.000000e+00,0.000000e+00,0.000000e+00,0.000000e+00,0.000000e+00,0.000000e+00,0.000000e+00,0.000000e+00,0.000000e+00,0.000000e+00,0.000000e+00,0.000000e+00,0.000000e+00,0.000000e+00
1.000000e+00,0.000000e+00,0.000000e+00,0.000000e+00,0.000000e+00,0.000000e+00,0.000000e+00,0.000000e+00,0.000000e+00,0.000000e+00,0.000000e+00,0.000000e+00,0.000000e+00,0.000000e+00,0.000000e+00
1.000000e+00,0.000000e+00,0.000000e+00,0.000000e+00,0.000000e+00,0.000000e+00,0.000000e+00,0.000000e+00,0.000000e+00,0.000000e+00,0.000000e+00,0.000000e+00,0.000000e+00,0.000000e+00,0.000000e+00
1.000000e+00,0.000000e+00,0.000000e+00,0.000000e+00,0.000000e+00,0.000000e+00,0.000000e+00,0.000000e+00,0.000000e+00,0.000000e+00,0.000000e+00,0.000000e+00,0.000000e+00,0.000000e+00,0.000000e+00
1.000000e+00,0.000000e+00,0.000000e+00,0.000000e+00,0.000000e+00,0.000000e+00,0.000000e+00,0.000000e+00,0.000000e+00,0.000000e+00,0.000000e+00,0.000000e+00,0.000000e+00,0.000000e+00,0.000000e+00
1.000000e+00,0.000000e+00,0.000000e+00,0.000000e+00,0.000000e+00,0.000000e+00,0.000000e+00,0.000000e+00,0.000000e+00,0.000000e+00,0.000000e+00,0.000000e+00,0.000000e+00,0.000000e+00,0.000000e+00
1.000000e+00,0.000000e+00,0.000000e+00,0.000000e+00,0.000000e+00,0.000000e+00,0.000000e+00,0.000000e+00,0.000000e+00,0.000000e+00,0.000000e+00,0.000000e+00,0.000000e+00,0.000000e+00,0.000000e+00
1.000000e+00,0.000000e+00,0.000000e+00,0.000000e+00,0.000000e+00,0.000000e+00,0.000000e+00,0.000000e+00,0.000000e+00,0.000000e+00,0.000000e+00,0.000000e+00,0.000000e+00,0.000000e+00,0.000000e+00
1.000000e+00,0.000000e+00,0.000000e+00,0.000000e+00,0.000000e+00,0.000000e+00,0.000000e+00,0.000000e+00,0.000000e+00,0.000000e+00,0.000000e+00,0.000000e+00,0.000000e+00,0.000000e+00,0.000000e+00
1.000000e+00,0.000000e+00,0.000000e+00,0.000000e+00,0.000000e+00,0.000000e+00,0.000000e+00,0.000000e+00,0.000000e+00,0.000000e+00,0.000000e+00,0.000000e+00,0.000000e+00,0.000000e+00,0.000000e+00
1.000000e+00,0.000000e+00,0.000000e+00,0.000000e+00,0.000000e+00,0.000000e+00,0.000000e+00,0.000000e+00,0.000000e+00,0.000000e+00,0.000000e+00,0.000000e+00,0.000000e+00,0.000000e+00,0.000000e+00
1.000000e+00,0.000000e+00,0.000000e+00,0.000000e+00,0.000000e+00,0.000000e+00,0.000000e+00,0.000000e+00,0.000000e+00,0.000000e+00,0.000000e+00,0.000000e+00,0.000000e+00,0.000000e+00,0.000000e+00
1.000000e+00,0.000000e+00,0.000000e+00,0.000000e+00,0.000000e+00,0.000000e+00,0.000000e+00,0.000000e+00,0.000000e+00,0.000000e+00,0.000000e+00,0.000000e+00,0.000000e+00,0.000000e+00,0.000000e+00
1.000000e+00,0.000000e+00,0.000000e+00,0.000000e+00,0.000000e+00,0.000000e+00,0.000000e+00,0.000000e+00,0.000000e+00,0.000000e+00,0.000000e+00,0.000000e+00,0.000000e+00,0.000000e+00,0.000000e+00
1.000000e+00,0.000000e+00,0.000000e+00,0.000000e+00,0.000000e+00,0.000000e+00,0.000000e+00,0.000000e+00,0.000000e+00,0.000000e+00,0.000000e+00,0.000000e+00,0.000000e+00,0.000000e+00,0.000000e+00
1.000000e+00,0.000000e+00,0.000000e+00,0.000000e+00,0.000000e+00,0.000000e+00,0.000000e+00,0.000000e+00,0.000000e+00,0.000000e+00,0.000000e+00,0.000000e+00,0.000000e+00,0.000000e+00,0.000000e+00
1.000000e+00,0.000000e+00,0.000000e+00,0.000000e+00,0.000000e+00,0.000000e+00,0.000000e+00,0.000000e+00,0.000000e+00,0.000000e+00,0.000000e+00,0.000000e+00,0.000000e+00,0.000000e+00,0.000000e+00
1.000000e+00,0.000000e+00,0.000000e+00,0.000000e+00,0.000000e+00,0.000000e+00,0.000000e+00,0.000000e+00,0.000000e+00,0.000000e+00,0.000000e+00,0.000000e+00,0.000000e+00,0.000000e+00,0.000000e+00
1.000000e+00,0.000000e+00,0.000000e+00,0.000000e+00,0.000000e+00,0.000000e+00,0.000000e+00,0.000000e+00,0.000000e+00,0.000000e+00,0.000000e+00,0.000000e+00,0.000000e+00,0.000000e+00,0.000000e+00
1.000000e+00,0.000000e+00,0.000000e+00,0.000000e+00,0.000000e+00,0.000000e+00,0.000000e+00,0.000000e+00,0.000000e+00,0.000000e+00,0.000000e+00,0.000000e+00,0.000000e+00,0.000000e+00,0.000000e+00
1.000000e+00,0.000000e+00,0.000000e+00,0.000000e+00,0.000000e+00,0.000000e+00,0.000000e+00,0.000000e+00,0.000000e+00,0.000000e+00,0.000000e+00,0.000000e+00,0.000000e+00,0.000000e+00,0.000000e+00
3.666549e-01,4.595377e-02,1.005907e-02,4.580195e-02,8.927414e-03,4.242753e-01,3.861133e-03,1.107708e-02,6.634946e-03,1.981038e-03,1.137732e-02,2.422891e-02,1.423438e-02,3.620467e-03,2.131235e-02
2.746908e-01,3.818712e-02,1.181592e-02,3.353091e-02,7.622482e-03,5.506842e-01,3.010485e-03,1.692027e-02,5.207480e-03,1.720348e-03,9.961329e-03,1.765727e-02,1.031433e-02,2.925110e-03,1.575184e-02
2.391550e-01,3.246313e-02,2.462905e-02,2.645253e-02,7.559606e-03,5.717397e-01,2.956872e-03,3.003961e-02,7.607161e-03,1.136301e-02,8.739215e-03,1.294259e-02,8.177103e-03,2.584239e-03,1.359117e-02
2.242668e-01,2.716772e-02,8.260509e-02,2.599030e-02,7.846234e-03,5.188147e-01,2.860414e-03,3.832872e-02,1.046740e-02,2.468680e-02,7.451565e-03,9.468342e-03,6.651663e-03,2.071826e-03,1.132240e-02
1.956377e-01,2.019044e-02,1.236460e-01,2.347093e-02,7.090431e-03,4.860784e-01,2.812389e-03,5.525164e-02,1.446451e-02,3.647809e-02,6.377884e-03,7.036251e-03,5.472595e-03,2.261061e-03,1.373168e-02
1.871645e-01,1.547415e-02,1.476909e-01,2.384210e-02,7.840148e-03,4.160388e-01,2.980052e-03,1.198623e-01,1.214350e-02,3.349337e-02,5.877133e-03,5.333219e-03,4.337373e-03,2.921889e-03,1.500051e-02
2.014316e-01,1.298588e-02,1.516856e-01,2.197997e-02,9.548109e-03,3.513809e-01,3.068513e-03,1.559617e-01,1.049933e-02,3.962628e-02,6.040354e-03,4.482218e-03,3.750588e-03,3.960161e-03,2.359876e-02
2.085762e-01,1.173516e-02,1.174327e-01,1.793203e-02,1.087468e-02,3.049370e-01,2.927422e-03,2.009441e-01,8.964397e-03,7.128105e-02,5.186768e-03,3.598159e-03,3.352653e-03,3.768276e-03,2.848936e-02
2.978860e-01,1.115349e-02,8.899119e-02,1.509111e-02,1.164278e-02,2.578238e-01,3.037430e-03,1.829548e-01,7.996225e-03,7.204375e-02,4.964400e-03,3.525396e-03,3.435612e-03,4.340465e-03,3.511358e-02
3.993578e-01,1.183988e-02,6.679284e-02,1.221834e-02,1.217892e-02,2.148902e-01,2.980610e-03,1.597710e-01,6.746775e-03,6.091395e-02,4.642694e-03,3.442802e-03,3.628298e-03,4.968021e-03,3.562788e-02
4.505727e-01,2.615247e-02,7.302676e-02,3.702243e-02,1.406892e-02,1.529414e-01,3.110864e-03,1.169128e-01,1.153209e-02,5.048326e-02,6.219364e-03,7.642400e-03,5.423887e-03,4.611907e-03,4.027873e-02
4.082711e-01,4.251298e-02,6.165087e-02,3.962559e-02,1.138086e-02,1.085867e-01,2.426089e-03,8.379378e-02,4.298966e-02,5.530694e-02,1.024438e-02,7.380978e-03,8.253556e-03,7.808401e-03,1.097682e-01
4.172233e-01,3.209796e-02,5.069388e-02,3.010964e-02,1.013598e-02,7.987350e-02,1.963896e-03,6.468501e-02,4.507463e-02,4.104972e-02,1.201786e-02,8.009573e-03,9.417305e-03,5.397876e-02,1.436689e-01
4.525809e-01,2.363259e-02,3.984367e-02,2.467835e-02,8.496218e-03,5.871109e-02,1.627390e-03,5.119871e-02,4.890662e-02,3.179850e-02,1.262293e-02,8.700235e-03,1.155267e-02,5.570807e-02,1.699420e-01
4.993733e-01,2.088249e-02,3.410057e-02,3.084081e-02,7.430143e-03,5.243133e-02,2.124572e-03,4.332180e-02,4.267491e-02,2.390239e-02,1.234379e-02,1.539102e-02,1.424818e-02,4.723517e-02,1.536995e-01
1.000000e+00,0.000000e+00,0.000000e+00,0.000000e+00,0.000000e+00,0.000000e+00,0.000000e+00,0.000000e+00,0.000000e+00,0.000000e+00,0.000000e+00,0.000000e+00,0.000000e+00,0.000000e+00,0.000000e+00
4.015818e-01,6.018703e-02,2.311229e-02,1.591339e-01,6.251486e-03,3.289014e-02,2.127720e-03,2.826173e-02,5.143779e-02,1.444859e-02,1.018396e-02,1.668168e-02,1.238477e-02,3.647034e-02,1.448468e-01
3.549506e-01,5.474557e-02,7.456775e-02,1.638927e-01,6.283298e-03,2.748650e-02,2.448643e-03,2.648165e-02,4.535598e-02,1.190917e-02,1.150045e-02,2.155936e-02,1.786222e-02,3.267073e-02,1.482854e-01
3.718957e-01,4.780288e-02,7.398775e-02,1.252166e-01,5.763589e-03,2.552931e-02,2.649900e-03,2.865719e-02,3.668590e-02,1.001849e-02,1.055230e-02,1.897689e-02,1.771373e-02,4.074851e-02,1.838013e-01
4.371390e-01,4.618045e-02,6.494436e-02,1.003281e-01,6.768523e-03,2.891566e-02,3.753561e-03,2.691934e-02,2.849188e-02,8.609440e-03,1.157370e-02,2.061110e-02,1.794214e-02,3.927834e-02,1.585444e-01
3.916495e-01,5.007147e-02,1.362583e-01,9.487724e-02,6.006543e-03,2.295187e-02,3.075546e-03,2.026561e-02,2.391592e-02,8.304064e-03,1.098428e-02,2.022625e-02,1.542160e-02,4.145708e-02,1.545348e-01
3.180838e-01,3.945156e-02,2.505150e-01,9.157787e-02,4.903140e-03,1.823437e-02,2.505385e-03,1.539337e-02,2.059200e-02,7.607328e-03,9.276753e-03,1.794841e-02,1.333183e-02,3.887733e-02,1.517019e-01
2.786846e-01,3.230382e-02,2.955520e-01,7.127898e-02,3.894083e-03,1.444855e-02,2.479025e-03,1.210691e-02,1.926799e-02,8.737013e-03,7.847699e-03,1.368324e-02,1.000203e-02,4.367323e-02,1.860408e-01
2.308141e-01,2.579692e-02,2.514217e-01,5.120735e-02,2.911174e-03,1.180463e-02,2.171480e-03,9.733472e-03,2.563002e-02,1.016196e-02,6.948249e-03,1.006890e-02,7.770002e-03,7.357895e-02,2.799810e-01
2.102515e-01,2.211982e-02,2.079649e-01,4.913383e-02,2.301778e-03,9.751637e-03,1.585861e-03,7.111679e-03,6.677708e-02,1.304071e-02,7.026150e-03,7.626956e-03,6.423775e-03,6.501228e-02,3.238720e-01
2.774022e-01,2.404947e-02,1.653512e-01,7.016607e-02,3.395170e-03,8.888956e-03,1.247316e-03,5.924815e-03,6.804633e-02,1.482800e-02,1.926249e-02,7.629465e-03,7.860096e-03,6.418941e-02,2.617590e-01
2.655614e-01,2.152946e-02,1.380040e-01,5.703201e-02,3.014440e-03,7.355031e-03,9.591644e-04,5.059883e-03,8.983947e-02,8.071874e-02,1.769173e-02,6.065323e-03,6.805580e-03,6.675963e-02,2.336041e-01
2.402995e-01,2.848268e-02,1.073171e-01,1.014129e-01,3.053329e-03,6.706977e-03,8.717031e-04,4.932704e-03,1.259029e-01,7.353451e-02,1.424384e-02,4.618056e-03,5.468075e-03,5.183795e-02,2.313177e-01
2.642913e-01,2.617420e-02,7.975092e-02,8.344699e-02,4.127674e-03,6.285523e-03,8.084713e-04,4.929031e-03,1.496557e-01,6.386431e-02,1.328269e-02,4.154144e-03,5.964444e-03,5.459144e-02,2.386732e-01
2.941515e-01,3.485062e-02,6.489488e-02,1.381634e-01,3.733378e-03,7.017351e-03,1.387966e-03,7.686211e-03,1.321716e-01,4.640635e-02,1.219205e-02,5.707741e-03,6.135248e-03,3.923761e-02,2.062641e-01
4.073879e-01,3.491138e-02,6.367274e-02,1.245192e-01,4.479833e-03,8.204786e-03,1.933979e-03,7.542954e-03,9.966061e-02,3.353877e-02,1.120300e-02,8.175896e-03,5.829063e-03,2.873246e-02,1.602075e-01
4.305601e-01,3.731089e-02,9.113252e-02,1.329444e-01,5.172082e-03,8.935089e-03,2.164829e-03,7.589187e-03,8.183894e-02,2.495051e-02,9.464526e-03,8.427743e-03,5.342435e-03,2.134696e-02,1.328197e-01
4.311770e-01,2.996320e-02,7.078424e-02,1.101091e-01,4.525317e-03,1.280664e-02,2.843818e-03,6.027919e-03,7.173046e-02,1.843784e-02,7.168681e-03,7.474448e-03,1.122369e-01,1.508258e-02,9.963175e-02
3.745098e-01,2.454486e-02,5.171310e-02,8.617765e-02,3.435161e-03,1.573604e-02,2.371911e-03,4.678300e-03,7.784311e-02,1.446016e-02,5.300744e-03,5.937476e-03,2.364176e-01,1.071095e-02,8.616316e-02
2.967167e-01,2.225677e-02,5.899590e-02,1.035574e-01,2.583243e-03,1.183520e-02,1.896927e-03,3.562855e-03,2.070320e-01,1.169873e-02,4.183351e-03,4.439852e-03,1.865639e-01,7.718976e-03,7.695804e-02
2.720538e-01,2.389337e-02,6.557299e-02,8.301061e-02,1.968715e-03,8.929675e-03,1.611098e-03,2.761202e-03,3.006331e-01,1.083690e-02,3.497080e-03,3.355619e-03,1.500524e-01,5.690411e-03,6.613295e-02
1.980879e-01,2.299990e-02,1.531909e-01,7.066870e-02,1.412397e-03,6.325347e-03,1.173996e-03,2.048394e-03,3.474711e-01,1.162579e-02,2.587058e-03,2.712405e-03,1.076852e-01,4.085417e-03,6.792553e-02
1.613304e-01,1.426736e-01,1.234836e-01,5.185773e-02,1.080235e-03,4.976465e-03,8.838116e-04,1.696670e-03,3.222642e-01,1.551651e-02,2.520479e-03,2.257060e-03,8.275327e-02,4.826434e-03,8.187939e-02
1.173004e-01,2.491851e-01,1.089977e-01,3.884355e-02,7.784149e-04,3.587352e-03,6.246629e-04,1.248813e-03,3.046983e-01,1.866779e-02,2.177021e-03,1.898275e-03,5.919752e-02,3.918258e-03,8.887687e-02
9.390770e-02,2.375860e-01,8.963558e-02,2.986126e-02,7.470418e-04,2.771209e-03,4.866842e-04,1.230704e-03,2.632782e-01,1.856949e-02,9.662849e-03,2.592476e-03,5.894033e-02,5.008969e-03,1.857215e-01
6.668162e-02,2.751079e-01,6.821680e-02,2.491677e-02,5.908347e-04,2.115097e-03,3.455238e-04,8.811055e-04,3.539235e-01,1.406625e-02,7.337446e-03,4.285363e-03,4.397192e-02,4.019060e-03,1.335408e-01
1.034360e-01,2.552726e-01,4.922730e-02,2.086758e-02,9.059118e-04,2.842821e-03,3.049794e-04,1.338734e-03,3.670411e-01,1.143847e-02,1.340993e-02,6.000914e-03,4.153918e-02,1.116870e-02,1.152057e-01
8.113443e-02,2.251155e-01,3.565479e-02,2.038416e-02,1.068973e-03,2.227732e-03,2.301657e-04,1.221309e-03,4.830485e-01,8.400462e-03,1.065615e-02,6.439497e-03,3.283891e-02,8.497302e-03,8.308205e-02
1.311090e-01,1.789417e-01,2.552374e-02,1.648622e-02,1.770128e-03,2.265410e-03,2.420258e-04,1.571268e-03,4.775676e-01,6.923897e-03,1.203951e-02,7.120460e-03,3.449718e-02,8.293250e-03,9.564853e-02
1.531501e-01,1.908190e-01,1.911224e-02,1.514585e-02,1.947245e-03,3.068580e-03,2.124021e-04,1.561953e-03,4.252575e-01,6.887112e-03,1.250609e-02,7.547524e-03,3.019062e-02,1.056829e-02,1.220255e-01
1.668649e-01,2.312598e-01,1.512250e-02,1.459028e-02,2.016481e-03,3.885752e-03,2.431087e-04,2.690892e-03,3.830672e-01,7.408708e-03,1.142625e-02,8.061346e-03,2.664308e-02,1.299382e-02,1.137258e-01
1.919083e-01,2.246698e-01,1.460605e-02,1.427643e-02,2.109160e-03,7.263891e-03,4.602568e-04,2.885901e-03,3.151946e-01,1.045755e-02,1.233714e-02,1.330624e-02,2.964040e-02,2.265370e-02,1.382305e-01
2.073149e-01,2.046789e-01,1.599180e-02,1.289761e-02,3.175793e-03,7.096332e-03,7.790112e-04,6.055652e-03,2.813630e-01,1.401236e-02,1.469341e-02,1.390812e-02,3.238729e-02,2.444785e-02,1.611980e-01
2.576309e-01,1.538905e-01,1.822027e-02,1.443474e-02,1.677220e-02,8.075438e-03,2.064815e-03,6.484143e-03,2.716826e-01,1.299301e-02,1.844342e-02,1.973694e-02,3.936844e-02,1.962278e-02,1.405798e-01
3.222895e-01,1.183341e-01,2.284784e-02,3.003149e-02,1.698549e-02,1.227646e-02,2.180232e-03,1.012687e-02,2.331082e-01,1.348662e-02,1.910582e-02,2.712457e-02,4.333486e-02,1.655059e-02,1.122173e-01
3.546894e-01,8.994960e-02,2.006642e-02,2.446922e-02,2.468524e-02,1.310754e-02,3.109998e-03,2.188612e-02,2.241474e-01,1.075422e-02,1.895731e-02,2.816810e-02,4.230997e-02,1.612352e-02,1.075758e-01
3.587855e-01,6.710111e-02,2.860712e-02,3.126425e-02,2.754005e-02,1.130483e-02,3.335832e-03,7.645125e-02,1.940243e-01,9.410215e-03,2.095835e-02,2.915334e-02,4.489584e-02,1.310327e-02,8.406472e-02
3.022728e-01,5.229697e-02,6.379640e-02,3.275710e-02,3.895066e-02,1.174811e-02,4.055357e-03,8.336624e-02,1.784416e-01,7.966515e-03,2.369329e-02,2.304234e-02,4.344529e-02,1.452040e-02,1.196468e-01
2.655044e-01,3.958079e-02,1.009366e-01,4.974980e-02,4.028447e-02,1.043046e-02,4.671401e-03,1.439438e-01,1.580325e-01,6.210879e-03,2.100076e-02,1.900209e-02,3.695162e-02,1.203735e-02,9.166305e-02
2.312534e-01,3.372818e-02,1.093219e-01,4.799100e-02,3.428356e-02,8.398263e-03,4.550767e-03,2.307391e-01,1.515033e-01,4.692554e-03,1.978429e-02,1.444847e-02,2.920092e-02,8.793692e-03,7.131068e-02
1.797787e-01,2.474479e-02,1.487459e-01,5.399655e-02,2.644768e-02,6.565064e-03,3.703187e-03,3.323527e-01,1.137793e-01,3.528577e-03,1.512577e-02,1.072154e-02,2.277952e-02,6.281024e-03,5.144969e-02
1.624487e-01,1.932869e-02,1.183562e-01,4.589211e-02,2.060134e-02,5.356450e-03,3.180136e-03,4.466912e-01,9.364240e-02,2.557434e-03,1.140372e-02,7.999646e-03,1.779158e-02,4.500409e-03,4.024998e-02
1.300160e-01,1.482343e-02,1.956933e-01,8.224037e-02,1.711354e-02,4.296781e-03,2.560865e-03,4.184803e-01,7.188764e-02,1.944451e-03,8.399121e-03,6.514500e-03,1.407008e-02,3.248041e-03,2.871156e-02
1.477317e-01,1.240980e-02,1.725670e-01,8.130064e-02,1.285380e-02,3.714928e-03,2.131229e-03,4.509757e-01,6.722827e-02,1.446908e-03,6.194460e-03,5.150848e-03,1.250743e-02,2.436298e-03,2.135098e-02
1.422964e-01,1.416972e-02,1.647090e-01,1.189632e-01,1.031471e-02,3.474238e-03,1.799395e-03,4.360000e-01,6.769876e-02,1.244617e-03,4.849531e-03,4.355119e-03,1.117319e-02,1.826967e-03,1.712515e-02
1.572286e-01,1.386456e-02,1.603658e-01,1.222693e-01,9.685569e-03,3.354390e-03,2.751978e-03,4.271556e-01,7.178074e-02,1.063783e-03,3.624132e-03,3.666956e-03,8.830861e-03,1.403951e-03,1.295391e-02
1.815104e-01,1.406505e-02,1.540431e-01,1.409805e-01,1.016913e-02,3.628991e-03,3.770825e-03,3.956420e-01,6.956016e-02,1.024850e-03,2.751446e-03,3.420974e-03,7.431175e-03,1.114345e-03,1.088693e-02
2.145005e-01,1.606736e-02,1.881759e-01,1.506958e-01,1.052867e-02,4.765181e-03,4.608315e-03,3.025708e-01,8.274471e-02,1.142825e-03,2.232612e-03,4.609731e-03,7.404555e-03,1.086716e-03,8.866372e-03
2.975915e-01,1.839210e-02,1.767360e-01,1.319205e-01,1.282062e-02,6.198446e-03,4.903529e-03,2.268357e-01,9.598727e-02,1.438237e-03,1.960881e-03,5.666604e-03,7.056417e-03,1.259918e-03,1.123220e-02
3.127627e-01,2.005903e-02,1.896175e-01,1.403110e-01,1.491597e-02,9.208921e-03,5.004061e-03,1.667796e-01,1.046337e-01,1.491270e-03,1.602850e-03,5.664189e-03,7.769166e-03,1.355176e-03,1.882487e-02
3.592407e-01,2.394958e-02,1.691163e-01,1.152531e-01,1.566946e-02,2.018687e-02,6.028349e-03,1.246008e-01,1.056126e-01,1.821209e-03,1.761043e-03,5.643903e-03,1.559949e-02,2.267285e-03,3.324938e-02
3.985997e-01,2.628663e-02,1.479952e-01,9.157331e-02,1.474845e-02,2.957685e-02,7.127685e-03,9.697107e-02,9.680364e-02,2.871648e-03,2.458023e-03,1.153916e-02,3.421089e-02,5.226479e-03,3.401127e-02
3.146051e-01,2.569252e-02,1.395172e-01,7.647354e-02,1.294611e-02,3.767681e-02,8.863121e-03,7.315525e-02,7.571510e-02,3.483739e-02,3.503587e-02,4.508903e-02,7.220880e-02,1.009040e-02,3.809376e-02
2.418778e-01,2.517380e-02,1.064265e-01,6.983736e-02,1.092960e-02,4.542299e-02,1.103152e-02,5.366658e-02,6.098558e-02,1.083793e-01,4.188193e-02,5.439584e-02,8.472840e-02,1.182773e-02,7.343508e-02
2.087439e-01,1.980593e-02,8.297066e-02,6.531052e-02,1.057774e-02,4.107971e-02,1.006037e-02,3.894018e-02,5.551545e-02,1.560684e-01,4.938573e-02,5.811594e-02,8.260238e-02,1.387493e-02,1.069482e-01
1.699697e-01,1.532612e-02,6.415003e-02,5.414732e-02,1.155184e-02,3.485372e-02,9.146120e-03,2.993963e-02,4.623697e-02,2.655434e-01,4.382328e-02,4.778646e-02,7.506383e-02,1.718669e-02,1.152749e-01
1.511767e-01,1.268120e-02,4.910626e-02,4.850762e-02,1.022767e-02,3.269506e-02,8.437267e-03,2.249140e-02,4.113069e-02,3.544536e-01,3.683644e-02,3.959162e-02,6.291082e-02,1.523300e-02,1.145207e-01
1.099400e-01,1.164272e-02,3.639505e-02,4.186365e-02,9.336664e-03,2.947914e-02,6.369608e-03,1.636046e-02,6.435624e-02,3.754554e-01,4.333892e-02,5.442065e-02,9.376071e-02,1.428130e-02,9.299950e-02
7.996330e-02,1.013937e-02,2.679980e-02,5.843090e-02,1.174981e-02,2.469112e-02,5.176952e-03,1.396984e-02,8.649926e-02,3.545915e-01,4.676993e-02,8.001230e-02,1.159493e-01,1.234952e-02,7.290706e-02
5.668136e-02,1.297803e-02,2.048640e-02,5.009429e-02,1.119670e-02,1.915041e-02,4.027747e-03,1.017404e-02,2.182644e-01,2.654759e-01,4.148509e-02,6.923200e-02,1.068240e-01,9.806830e-03,1.041229e-01
5.275657e-02,2.305824e-02,1.666435e-02,4.194910e-02,1.267928e-02,1.414231e-02,3.167016e-03,9.998112e-03,2.741297e-01,1.950957e-01,3.277646e-02,5.018213e-02,8.129393e-02,8.233983e-03,1.838731e-01
4.345869e-02,1.914856e-02,2.262670e-02,4.952408e-02,2.117881e-02,1.136045e-02,2.987289e-03,5.414268e-02,3.210534e-01,1.405603e-01,2.795003e-02,3.781289e-02,6.730065e-02,6.131085e-03,1.747644e-01
5.472906e-02,3.651906e-02,2.356196e-02,7.406535e-02,3.302137e-02,1.042321e-02,2.822406e-03,4.154737e-02,3.598148e-01,1.046489e-01,2.428729e-02,2.981695e-02,5.580394e-02,5.441027e-03,1.434975e-01
8.910641e-02,5.204324e-02,3.024239e-02,6.604344e-02,4.463277e-02,8.159615e-03,2.806897e-03,3.410157e-02,3.209555e-01,8.211229e-02,2.877837e-02,2.572992e-02,5.752156e-02,6.694250e-03,1.510718e-01
8.788019e-02,7.622287e-02,2.939143e-02,6.211484e-02,7.174593e-02,7.426519e-03,3.279436e-03,4.295805e-02,2.857099e-01,8.899868e-02,3.013354e-02,2.022472e-02,4.930633e-02,8.250228e-03,1.363574e-01
8.102641e-02,1.250031e-01,3.662860e-02,8.328798e-02,6.674676e-02,8.069325e-03,3.331618e-03,3.492530e-02,2.594719e-01,9.464048e-02,2.853629e-02,1.627196e-02,3.957769e-02,7.491239e-03,1.149914e-01
7.103245e-02,1.434723e-01,3.959879e-02,1.524901e-01,5.385712e-02,8.211990e-03,3.141778e-03,3.537868e-02,2.356363e-01,8.109829e-02,3.123802e-02,1.438740e-02,3.257832e-02,6.166006e-03,9.171259e-02
5.890788e-02,1.277141e-01,4.599949e-02,2.714739e-01,5.377277e-02,1.065398e-02,3.149930e-03,2.949257e-02,2.029335e-01,6.501009e-02,2.495282e-02,1.078206e-02,2.426580e-02,4.596088e-03,6.629508e-02
7.255581e-02,1.486173e-01,4.725394e-02,2.517583e-01,6.088153e-02,2.274475e-02,4.318592e-03,2.881858e-02,1.918864e-01,6.208309e-02,2.383501e-02,1.028061e-02,2.181696e-02,3.923925e-03,4.922524e-02
7.197098e-02,1.906643e-01,3.968136e-02,1.986714e-01,6.702137e-02,3.448832e-02,4.657937e-03,2.466144e-02,2.047769e-01,6.342144e-02,2.325966e-02,1.020200e-02,1.899266e-02,4.982842e-03,4.254745e-02
8.240274e-02,2.180994e-01,3.092304e-02,1.531754e-01,6.364806e-02,3.023575e-02,4.407770e-03,1.937116e-02,2.262066e-01,6.971838e-02,2.541745e-02,1.413445e-02,1.788110e-02,5.769467e-03,3.860932e-02
9.367652e-02,1.863905e-01,2.372871e-02,1.146809e-01,7.248311e-02,2.793000e-02,4.264464e-03,1.617637e-02,2.978492e-01,6.565306e-02,2.429680e-02,1.775300e-02,1.449858e-02,7.618607e-03,3.300027e-02
1.019201e-01,1.792511e-01,2.395543e-02,1.135511e-01,6.059425e-02,3.310749e-02,3.801461e-03,1.425709e-02,2.602160e-01,7.780981e-02,2.416802e-02,2.057075e-02,1.095662e-02,1.223059e-02,6.361026e-02
1.026719e-01,1.674883e-01,1.965508e-02,1.031909e-01,5.305206e-02,3.488038e-02,3.627003e-03,1.292405e-02,2.480792e-01,8.750716e-02,4.530542e-02,2.283550e-02,8.994521e-03,1.421943e-02,7.556907e-02
1.649578e-01,1.322464e-01,1.999241e-02,8.874676e-02,5.818424e-02,3.424704e-02,4.534331e-03,3.051115e-02,2.256610e-01,8.680966e-02,4.553176e-02,2.703125e-02,8.346462e-03,1.516362e-02,5.803612e-02
2.922624e-01,1.030179e-01,1.718336e-02,7.659844e-02,4.831939e-02,3.364041e-02,4.147060e-03,2.286199e-02,1.631074e-01,6.874032e-02,4.538399e-02,3.222934e-02,1.044834e-02,2.238089e-02,5.967876e-02
2.633763e-01,8.350930e-02,1.402861e-02,5.984799e-02,3.609117e-02,3.652838e-02,3.406362e-03,1.700429e-02,1.203398e-01,5.160869e-02,1.669151e-01,3.492969e-02,1.151055e-02,4.487023e-02,5.603356e-02
1.991322e-01,7.376491e-02,1.393607e-02,8.293752e-02,2.783915e-02,3.102383e-02,2.886363e-03,1.245660e-02,8.974751e-02,3.843324e-02,2.786515e-01,5.860842e-02,1.013636e-02,3.509607e-02,4.535039e-02
1.766288e-01,5.740466e-02,1.270667e-02,7.142629e-02,2.086177e-02,2.838803e-02,2.447331e-03,8.993314e-03,7.079852e-02,2.749404e-02,3.819212e-01,6.364304e-02,9.847295e-03,3.056676e-02,3.687226e-02
1.689167e-01,5.589985e-02,3.724891e-02,5.567245e-02,1.674869e-02,3.971104e-02,1.998534e-03,7.600474e-03,6.256457e-02,2.792979e-02,3.674674e-01,6.130283e-02,9.914826e-03,4.821929e-02,3.880473e-02
1.236181e-01,4.701579e-02,2.753070e-02,4.081571e-02,1.212583e-02,3.156263e-02,1.489423e-03,5.630571e-03,5.399311e-02,2.294837e-02,4.859873e-01,5.604894e-02,9.332202e-03,4.947708e-02,3.242435e-02
1.036238e-01,4.530954e-02,3.454440e-02,3.370024e-02,1.040577e-02,3.196079e-02,1.463891e-03,7.266860e-03,8.025226e-02,2.295508e-02,4.893292e-01,5.907590e-02,8.942710e-03,4.584159e-02,2.532795e-02
1.211794e-01,8.120242e-02,3.881805e-02,3.114048e-02,1.096608e-02,3.901193e-02,1.360657e-03,9.168191e-03,1.051105e-01,2.079001e-02,3.756951e-01,6.063374e-02,8.975149e-03,6.327546e-02,3.267285e-02
1.374293e-01,9.408312e-02,5.135488e-02,2.548057e-02,1.047954e-02,3.713628e-02,1.220853e-03,1.056457e-02,1.296640e-01,1.756970e-02,3.038500e-01,5.009881e-02,8.700010e-03,8.559081e-02,3.677762e-02
1.888633e-01,9.289838e-02,6.004486e-02,5.696733e-02,1.204743e-02,3.065607e-02,1.497993e-03,1.211021e-02,1.057516e-01,1.578866e-02,2.377579e-01,4.359587e-02,8.753113e-03,7.845046e-02,5.481687e-02
2.293211e-01,1.115728e-01,5.170256e-02,5.545515e-02,1.600536e-02,2.534826e-02,1.467641e-03,1.305001e-02,1.297601e-01,1.470584e-02,1.809385e-01,3.819239e-02,1.004283e-02,7.194025e-02,5.049727e-02
2.420604e-01,1.011174e-01,4.750595e-02,5.077752e-02,1.699720e-02,2.384463e-02,1.218308e-03,1.183163e-02,1.776800e-01,1.354153e-02,1.475048e-01,3.303215e-02,9.876013e-03,7.416598e-02,4.884652e-02
3.022689e-01,8.971684e-02,3.780679e-02,9.333670e-02,2.132331e-02,2.071228e-02,1.838391e-03,1.390115e-02,1.539305e-01,1.328446e-02,1.087461e-01,2.814364e-02,9.442113e-03,5.754370e-02,4.800524e-02
3.978418e-01,8.527006e-02,3.254643e-02,8.063830e-02,1.940884e-02,1.772419e-02,1.948667e-03,1.338558e-02,1.291806e-01,1.135985e-02,8.125634e-02,2.585432e-02,9.980528e-03,4.744097e-02,4.616356e-02
2.965621e-01,6.496348e-02,2.754445e-02,3.009930e-01,1.444958e-02,1.334958e-02,1.487538e-03,9.884798e-03,1.001591e-01,9.547999e-03,6.089150e-02,1.932935e-02,8.324781e-03,3.376735e-02,3.874547e-02
4.261162e-01,5.081600e-02,2.935562e-02,2.320571e-01,1.140580e-02,1.534967e-02,2.166873e-03,1.116509e-02,7.732455e-02,7.273107e-03,4.654470e-02,2.247525e-02,8.724776e-03,2.554206e-02,3.368327e-02
4.813142e-01,4.265926e-02,5.040308e-02,1.933718e-01,9.392505e-03,1.573637e-02,2.777167e-03,1.352051e-02,6.245835e-02,6.609188e-03,3.712453e-02,2.411132e-02,9.085496e-03,2.022688e-02,3.120933e-02
4.248441e-01,3.322826e-02,9.193370e-02,2.404779e-01,7.634481e-03,1.412597e-02,2.139224e-03,1.262924e-02,6.149370e-02,6.981816e-03,3.049922e-02,2.212838e-02,9.025181e-03,1.546873e-02,2.739019e-02
4.348009e-01,2.641645e-02,9.268926e-02,1.978184e-01,6.162129e-03,1.260314e-02,1.827336e-03,1.237919e-02,8.063006e-02,8.245768e-03,4.534198e-02,1.998479e-02,1.105998e-02,2.116254e-02,2.887814e-02
4.157411e-01,2.147746e-02,8.052367e-02,1.521474e-01,5.740002e-03,1.052351e-02,1.418043e-03,1.059165e-02,1.133335e-01,1.063100e-02,8.046880e-02,1.899315e-02,2.599598e-02,2.491166e-02,2.750314e-02
3.872394e-01,1.818649e-02,6.164322e-02,1.113676e-01,5.945739e-03,9.380418e-03,1.158563e-03,1.561016e-02,1.275325e-01,1.220273e-02,1.004520e-01,1.680984e-02,3.984938e-02,3.428054e-02,5.834144e-02
3.295125e-01,2.339059e-02,4.686637e-02,8.652947e-02,6.140651e-03,1.051673e-02,1.049241e-03,1.917909e-02,1.770853e-01,1.862173e-02,9.067829e-02,1.616576e-02,3.792197e-02,4.382106e-02,9.252132e-02
2.793846e-01,2.975205e-02,5.227415e-02,7.493655e-02,1.287903e-02,1.360569e-02,1.921266e-03,2.496792e-02,1.981401e-01,2.003690e-02,8.778642e-02,1.580301e-02,3.344750e-02,5.627423e-02,9.879062e-02
2.076656e-01,3.402027e-02,4.290726e-02,5.553892e-02,1.034691e-02,1.098959e-02,1.779406e-03,2.110611e-02,1.778797e-01,1.904900e-02,7.646657e-02,1.376110e-02,3.344285e-02,5.841628e-02,2.366305e-01
1.757882e-01,4.685380e-02,4.500506e-02,4.877120e-02,1.062520e-02,9.969469e-03,1.800090e-03,2.156411e-02,1.907316e-01,1.817255e-02,7.299003e-02,1.064388e-02,2.817919e-02,7.385240e-02,2.450532e-01
2.194502e-01,4.529455e-02,3.873185e-02,4.323836e-02,9.227783e-03,9.367139e-03,1.895842e-03,1.839050e-02,1.699734e-01,1.840330e-02,1.188557e-01,1.067335e-02,2.696453e-02,8.095860e-02,1.885748e-01
2.815809e-01,4.348594e-02,3.013128e-02,3.890833e-02,9.030863e-03,9.782444e-03,1.841985e-03,1.716084e-02,1.454584e-01,2.149036e-02,1.270900e-01,1.209620e-02,2.579963e-02,8.266497e-02,1.534779e-01
2.696376e-01,3.743823e-02,2.952164e-02,4.711146e-02,1.777408e-02,1.164113e-02,3.085029e-03,2.606976e-02,1.744545e-01,1.930288e-02,1.211544e-01,1.691137e-02,2.483215e-02,8.660149e-02,1.144644e-01
2.715164e-01,3.267264e-02,2.491535e-02,5.256948e-02,1.465565e-02,9.886604e-03,2.507444e-03,2.027506e-02,2.215604e-01,1.978590e-02,1.243487e-01,1.798364e-02,2.496918e-02,7.295529e-02,8.939835e-02
2.667882e-01,2.758282e-02,1.956024e-02,4.147940e-02,1.152114e-02,8.650662e-03,2.019511e-03,1.604026e-02,1.706170e-01,1.791129e-02,2.232882e-01,2.444359e-02,3.028039e-02,6.784184e-02,7.197539e-02
3.664150e-01,2.306654e-02,1.560553e-02,3.574223e-02,9.848599e-03,8.956874e-03,2.054667e-03,1.488715e-02,1.287838e-01,1.437497e-02,2.020370e-01,2.615018e-02,2.679204e-02,7.181398e-02,5.347149e-02
4.657373e-01,1.910735e-02,1.304355e-02,3.025837e-02,8.355711e-03,9.857388e-03,2.256440e-03,1.378279e-02,1.022265e-01,1.145692e-02,1.605128e-01,2.662756e-02,2.572833e-02,7.032506e-02,4.072388e-02
4.756715e-01,1.984886e-02,1.206564e-02,2.720048e-02,7.702759e-03,1.418797e-02,2.241404e-03,1.228427e-02,1.124498e-01,1.107666e-02,1.312172e-01,2.521397e-02,2.221851e-02,9.153446e-02,3.508658e-02
4.630468e-01,1.878595e-02,1.091121e-02,2.662922e-02,1.096514e-02,1.461830e-02,1.988056e-03,1.083704e-02,1.537230e-01,1.343399e-02,1.190917e-01,1.989540e-02,1.902824e-02,8.860732e-02,2.843853e-02
3.935745e-01,1.877068e-02,1.211353e-02,3.312610e-02,2.165670e-02,6.144213e-02,1.922553e-03,1.367658e-02,1.726132e-01,1.069196e-02,1.132052e-01,1.883983e-02,1.751534e-02,8.730942e-02,2.354216e-02
3.163075e-01,1.971555e-02,1.654066e-02,2.856563e-02,3.650009e-02,8.269212e-02,1.692999e-03,4.204946e-02,1.929916e-01,1.116009e-02,9.621204e-02,1.800439e-02,1.622193e-02,1.006655e-01,2.068053e-02
2.725122e-01,2.901046e-02,1.554252e-02,2.511686e-02,4.233921e-02,7.939224e-02,1.391397e-03,3.597469e-02,2.122428e-01,1.247157e-02,8.763215e-02,1.865218e-02,1.503502e-02,1.320031e-01,2.068363e-02
2.091366e-01,5.309091e-02,1.457681e-02,1.953683e-02,4.909444e-02,7.775252e-02,1.142239e-03,2.966276e-02,2.885961e-01,1.146156e-02,7.063589e-02,1.530682e-02,1.335121e-02,1.267300e-01,1.992533e-02
1.581455e-01,5.728564e-02,1.210685e-02,1.431021e-02,4.534966e-02,9.927765e-02,9.222985e-04,2.304316e-02,3.843505e-01,8.640755e-03,5.357175e-02,1.123108e-02,1.018725e-02,1.040173e-01,1.756047e-02
1.476925e-01,4.442726e-02,9.573589e-03,1.143190e-02,3.969627e-02,9.722575e-02,7.497398e-04,1.994342e-02,4.665419e-01,6.849016e-03,4.091748e-02,1.038221e-02,8.788606e-03,8.006590e-02,1.571447e-02
2.339587e-01,3.417495e-02,8.513745e-03,1.123679e-02,3.699272e-02,7.986318e-02,9.469148e-04,1.640896e-02,4.419142e-01,5.289910e-03,3.183121e-02,1.009245e-02,8.846208e-03,6.493796e-02,1.499212e-02
2.659973e-01,2.844008e-02,9.594452e-03,1.317840e-02,3.421957e-02,6.127246e-02,1.425440e-03,2.594999e-02,4.291176e-01,4.629693e-03,2.853142e-02,9.835169e-03,8.172124e-03,6.248050e-02,1.715584e-02
3.049830e-01,2.425536e-02,1.194912e-02,1.486037e-02,3.390299e-02,4.874254e-02,1.634237e-03,3.342601e-02,3.927271e-01,4.703981e-03,2.552828e-02,1.013284e-02,7.186646e-03,6.287660e-02,2.309096e-02
3.413050e-01,2.302671e-02,3.308889e-02,2.426765e-02,3.870448e-02,3.863518e-02,1.662820e-03,3.853164e-02,3.439829e-01,4.148800e-03,2.232051e-02,9.919701e-03,6.390376e-03,5.276947e-02,2.124590e-02
3.970272e-01,1.930170e-02,3.768741e-02,2.299374e-02,3.886252e-02,3.217075e-02,1.525367e-03,3.546743e-02,3.033536e-01,4.283361e-03,2.030238e-02,1.314688e-02,6.941692e-03,4.692037e-02,2.001566e-02
4.174986e-01,1.616450e-02,5.318891e-02,2.439413e-02,5.408328e-02,2.613142e-02,1.514442e-03,4.092672e-02,2.724594e-01,3.922075e-03,1.597397e-02,1.289791e-02,6.009026e-03,3.925746e-02,1.557820e-02
4.092061e-01,1.411729e-02,5.179634e-02,2.138476e-02,9.352570e-02,2.060505e-02,1.285405e-03,4.583832e-02,2.540478e-01,3.751611e-03,1.425907e-02,1.188532e-02,5.644679e-03,3.885771e-02,1.379491e-02
3.391135e-01,2.043051e-02,4.584172e-02,7.779873e-02,1.760579e-01,1.688092e-02,1.334738e-03,5.181043e-02,1.972224e-01,3.071761e-03,1.238008e-02,1.067909e-02,4.937544e-03,3.073464e-02,1.170603e-02
2.842521e-01,1.719032e-02,3.776239e-02,6.058942e-02,2.946033e-01,1.318856e-02,1.541339e-03,4.738615e-02,1.781907e-01,2.682733e-03,1.077476e-02,9.156934e-03,4.272746e-03,2.943533e-02,8.973203e-03
3.634354e-01,1.592345e-02,2.935405e-02,4.834726e-02,2.626113e-01,1.373919e-02,2.050990e-03,3.747356e-02,1.448863e-01,3.040078e-03,1.348952e-02,1.368738e-02,7.637046e-03,3.439531e-02,9.929206e-03
4.168291e-01,1.510346e-02,3.328607e-02,4.312298e-02,2.353756e-01,1.313043e-02,1.933430e-03,2.909543e-02,1.351061e-01,3.158850e-03,1.239140e-02,1.311598e-02,7.344281e-03,3.134367e-02,9.663224e-03
4.261984e-01,1.611036e-02,3.751791e-02,3.564757e-02,2.105783e-01,1.112425e-02,1.655881e-03,2.295015e-02,1.628636e-01,3.548545e-03,1.177330e-02,1.209638e-02,6.736200e-03,3.125617e-02,9.942994e-03
4.235365e-01,2.404455e-02,5.255302e-02,3.427845e-02,1.881956e-01,1.200884e-02,1.773968e-03,2.699831e-02,1.663648e-01,3.193873e-03,1.047395e-02,1.202902e-02,7.500475e-03,2.726583e-02,9.782800e-03
4.503928e-01,2.123978e-02,6.037060e-02,3.155326e-02,1.661325e-01,1.449615e-02,2.217708e-03,3.743818e-02,1.502956e-01,3.138709e-03,9.613264e-03,1.394460e-02,8.319684e-03,2.245563e-02,8.391695e-03
