1.000000e+00,0.000000e+00,0.000000e+00,0.000000e+00,0.000000e+00,0.000000e+00,0.000000e+00,0.000000e+00,0.000000e+00,0.000000e+00,0.000000e+00,0.000000e+00,0.000000e+00,0.000000e+00,0.000000e+00
1.000000e+00,0.000000e+00,0.000000e+00,0.000000e+00,0.000000e+00,0.000000e+00,0.000000e+00,0.000000e+00,0.000000e+00,0.000000e+00,0.000000e+00,0.000000e+00,0.000000e+00,0.000000e+00,0.000000e+00
1.000000e+00,0.000000e+00,0.000000e+00,0.000000e+00,0.000000e+00,0.000000e+00,0.000000e+00,0.000000e+00,0.000000e+00,0.000000e+00,0.000000e+00,0.000000e+00,0.000000e+00,0.000000e+00,0.000000e+00
1.000000e+00,0.000000e+00,0.000000e+00,0.000000e+00,0.000000e+00,0.000000e+00,0.000000e+00,0.000000e+00,0.000000e+00,0.000000e+00,0.000000e+00,0.000000e+00,0.000000e+00,0.000000e+00,0.000000e+00
1.000000e+00,0.000000e+00,0.000000e+00,0.000000e+00,0.000000e+00,0.000000e+00,0.000000e+00,0.000000e+00,0.000000e+00,0.000000e+00,0.000000e+00,0.000000e+00,0.000000e+00,0.000000e+00,0.000000e+00
1.000000e+00,0.000000e+00,0.000000e+00,0.000000e+00,0.000000e+00,0.000000e+00,0.000000e+00,0.000000e+00,0.000000e+00,0.000000e+00,0.000000e+00,0.000000e+00,0.000000e+00,0.000000e+00,0.000000e+00
1.000000e+00,0.000000e+00,0.000000e+00,0.000000e+00,0.000000e+00,0.000000e+00,0.000000e+00,0.000000e+00,0.000000e+00,0.000000e+00,0.000000e+00,0.000000e+00,0.000000e+00,0.000000e+00,0.000000e+00
1.000000e+00,0.000000e+00,0.000000e+00,0.000000e+00,0.000000e+00,0.000000e+00,0.000000e+00,0.000000e+00,0.000000e+00,0.000000e+00,0.000000e+00,0.000000e+00,0.000000e+00,0.000000e+00,0.000000e+00
1.000000e+00,0.000000e+00,0.000000e+00,0.000000e+00,0.000000e+00,0.000000e+00,0.000000e+00,0.000000e+00,0.000000e+00,0.000000e+00,0.000000e+00,0.000000e+00,0.000000e+00,0.000000e+00,0.000000e+00
1.000000e+00,0.000000e+00,0.000000e+00,0.000000e+00,0.000000e+00,0.000000e+00,0.000000e+00,0.000000e+00,0.000000e+00,0.000000e+00,0.000000e+00,0.000000e+00,0.000000e+00,0.000000e+00,0.000000e+00
1.000000e+00,0.000000e+00,0.000000e+00,0.000000e+00,0.000000e+00,0.000000e+00,0.000000e+00,0.000000e+00,0.000000e+00,0.000000e+00,0.000000e+00,0.000000e+00,0.000000e+00,0.000000e+00,0.000000e+00
1.000000e+00,0.000000e+00,0.000000e+00,0.000000e+00,0.000000e+00,0.000000e+00,0.000000e+00,0.000000e+00,0.000000e+00,0.000000e+00,0.000000e+00,0.000000e+00,0.000000e+00,0.000000e+00,0.000000e+00
1.000000e+00,0.000000e+00,0.000000e+00,0.000000e+00,0.000000e+00,0.000000e+00,0.000000e+00,0.000000e+00,0.000000e+00,0.000000e+00,0.000000e+00,0.000000e+00,0.000000e+00,0.000000e+00,0.000000e+00
1.000000e+00,0.000000e+00,0.000000e+00,0.000000e+00,0.000000e+00,0.000000e+00,0.000000e+00,0.000000e+00,0.000000e+00,0.000000e+00,0.000000e+00,0.000000e+00,0.000000e+00,0.000000e+00,0.000000e+00
1.000000e+00,0.000000e+00,0.000000e+00,0.000000e+00,0.000000e+00,0.000000e+00,0.000000e+00,0.000000e+00,0.000000e+00,0.000000e+00,0.000000e+00,0.000000e+00,0.000000e+00,0.000000e+00,0.000000e+00
1.000000e+00,0.000000e+00,0.000000e+00,0.000000e+00,0.000000e+00,0.000000e+00,0.000000e+00,0.000000e+00,0.000000e+00,0.000000e+00,0.000000e+00,0.000000e+00,0.000000e+00,0.000000e+00,0.000000e+00
1.000000e+00,0.000000e+00,0.000000e+00,0.000000e+00,0.000000e+00,0.000000e+00,0.000000e+00,0.000000e+00,0.000000e+00,0.000000e+00,0.000000e+00,0.000000e+00,0.000000e+00,0.000000e+00,0.000000e+00
1.000000e+00,0.000000e+00,0.000000e+00,0.000000e+00,0.000000e+00,0.000000e+00,0.000000e+00,0.000000e+00,0.000000e+00,0.000000e+00,0.000000e+00,0.000000e+00,0.000000e+00,0.000000e+00,0.000000e+00
1.000000e+00,0.000000e+00,0.000000e+00,0.000000e+00,0.000000e+00,0.000000e+00,0.000000e+00,0.000000e+00,0.000000e+00,0.000000e+00,0.000000e+00,0.000000e+00,0.000000e+00,0.000000e+00,0.000000e+00
1.000000e+00,0.000000e+00,0.000000e+00,0.000000e+00,0.000000e+00,0.000000e+00,0.000000e+00,0.000000e+00,0.000000e+00,0.000000e+00,0.000000e+00,0.000000e+00,0.000000e+00,0.000000e+00,0.000000e+00
1.000000e+00,0.000000e+00,0.000000e+00,0.000000e+00,0.000000e+00,0.000000e+00,0.000000e+00,0.000000e+00,0.000000e+00,0.000000e+00,0.000000e+00,0.000000e+00,0.000000e+00,0.000000e+00,0.000000e+00
1.000000e+00,0.000000e+00,0.000000e+00,0.000000e+00,0.000000e+00,0.000000e+00,0.000000e+00,0.000000e+00,0.000000e+00,0.000000e+00,0.000000e+00,0.000000e+00,0.000000e+00,0.000000e+00,0.000000e+00
1.000000e+00,0.000000e+00,0.000000e+00,0.000000e+00,0.000000e+00,0.000000e+00,0.000000e+00,0.000000e+00,0.000000e+00,0.000000e+00,0.000000e+00,0.000000e+00,0.000000e+00,0.000000e+00,0.000000e+00
1.000000e+00,0.000000e+00,0.000000e+00,0.000000e+00,0.000000e+00,0.000000e+00,0.000000e+00,0.000000e+00,0.000000e+00,0.000000e+00,0.000000e+00,0.000000e+00,0.000000e+00,0.000000e+00,0.000000e+00
1.000000e+00,0.000000e+00,0.000000e+00,0.000000e+00,0.000000e+00,0.000000e+00,0.000000e+00,0.000000e+00,0.000000e+00,0.000000e+00,0.000000e+00,0.000000e+00,0.000000e+00,0.000000e+00,0.000000e+00
1.000000e+00,0.000000e+00,0.000000e+00,0.000000e+00,0.000000e+00,0.000000e+00,0.000000e+00,0.000000e+00,0.000000e+00,0.000000e+00,0.000000e+00,0.000000e+00,0.000000e+00,0.000000e+00,0.000000e+00
1.000000e+00,0.000000e+00,0.000000e+00,0.000000e+00,0.000000e+00,0.000000e+00,0.000000e+00,0.000000e+00,0.000000e+00,0.000000e+00,0.000000e+00,0.000000e+00,0.000000e+00,0.000000e+00,0.000000e+00
1.000000e+00,0.000000e+00,0.000000e+00,0.000000e+00,0.000000e+00,0.000000e+00,0.000000e+00,0.000000e+00,0.000000e+00,0.000000e+00,0.000000e+00,0.000000e+00,0.000000e+00,0.000000e+00,0.000000e+00
1.000000e+00,0.000000e+00,0.000000e+00,0.000000e+00,0.000000e+00,0.000000e+00,0.000000e+00,0.000000e+00,0.000000e+00,0.000000e+00,0.000000e+00,0.000000e+00,0.000000e+00,0.000000e+00,0.000000e+00
1.000000e+00,0.000000e+00,0.000000e+00,0.000000e+00,0.000000e+00,0.000000e+00,0.000000e+00,0.000000e+00,0.000000e+00,0.000000e+00,0.000000e+00,0.000000e+00,0.000000e+00,0.000000e+00,0.000000e+00
1.000000e+00,0.000000e+00,0.000000e+00,0.000000e+00,0.000000e+00,0.000000e+00,0.000000e+00,0.000000e+00,0.000000e+00,0.000000e+00,0.000000e+00,0.000000e+00,0.000000e+00,0.000000e+00,0.000000e+00
1.000000e+00,0.000000e+00,0.000000e+00,0.000000e+00,0.000000e+00,0.000000e+00,0.000000e+00,0.000000e+00,0.000000e+00,0.000000e+00,0.000000e+00,0.000000e+00,0.000000e+00,0.000000e+00,0.000000e+00
1.000000e+00,0.000000e+00,0.000000e+00,0.000000e+00,0.000000e+00,0.000000e+00,0.000000e+00,0.000000e+00,0.000000e+00,0.000000e+00,0.000000e+00,0.000000e+00,0.000000e+00,0.000000e+00,0.000000e+00
1.000000e+00,0.000000e+00,0.000000e+00,0.000000e+00,0.000000e+00,0.000000e+00,0.000000e+00,0.000000e+00,0.000000e+00,0.000000e+00,0.000000e+00,0.000000e+00,0.000000e+00,0.000000e+00,0.000000e+00
1.000000e+00,0.000000e+00,0.000000e+00,0.000000e+00,0.000000e+00,0.000000e+00,0.000000e+00,0.000000e+00,0.000000e+00,0.000000e+00,0.000000e+00,0.000000e+00,0.000000e+00,0.000000e+00,0.000000e+00
1.000000e+00,0.000000e+00,0.000000e+00,0.000000e+00,0.000000e+00,0.000000e+00,0.000000e+00,0.000000e+00,0.000000e+00,0.000000e+00,0.000000e+00,0.000000e+00,0.000000e+00,0.000000e+00,0.000000e+00
1.000000e+00,0.000000e+00,0.000000e+00,0.000000e+00,0.000000e+00,0.000000e+00,0.000000e+00,0.000000e+00,0.000000e+00,0.000000e+00,0.000000e+00,0.000000e+00,0.000000e+00,0.000000e+00,0.000000e+00
1.000000e+00,0.000000e+00,0.000000e+00,0.000000e+00,0.000000e+00,0.000000e+00,0.000000e+00,0.000000e+00,0.000000e+00,0.000000e+00,0.000000e+00,0.000000e+00,0.000000e+00,0.000000e+00,0.000000e+00
1.000000e+00,0.000000e+00,0.000000e+00,0.000000e+00,0.000000e+00,0.000000e+00,0.000000e+00,0.000000e+00,0.000000e+00,0.000000e+00,0.000000e+00,0.000000e+00,0.000000e+00,0.000000e+00,0.000000e+00
1.000000e+00,0.000000e+00,0.000000e+00,0.000000e+00,0.000000e+00,0.000000e+00,0.000000e+00,0.000000e+00,0.000000e+00,0.000000e+00,0.000000e+00,0.000000e+00,0.000000e+00,0.000000e+00,0.000000e+00
1.000000e+00,0.000000e+00,0.000000e+00,0.000000e+00,0.000000e+00,0.000000e+00,0.000000e+00,0.000000e+00,0.000000e+00,0.000000e+00,0.000000e+00,0.000000e+00,0.000000e+00,0.000000e+00,0.000000e+00
1.000000e+00,0.000000e+00,0.000000e+00,0.000000e+00,0.000000e+00,0.000000e+00,0.000000e+00,0.000000e+00,0.000000e+00,0.000000e+00,0.000000e+00,0.000000e+00,0.000000e+00,0.000000e+00,0.000000e+00
1.000000e+00,0.000000e+00,0.000000e+00,0.000000e+00,0.000000e+00,0.000000e+00,0.000000e+00,0.000000e+00,0.000000e+00,0.000000e+00,0.000000e+00,0.000000e+00,0.000000e+00,0.000000e+00,0.000000e+00
1.000000e+00,0.000000e+00,0.000000e+00,0.000000e+00,0.000000e+00,0.000000e+00,0.000000e+00,0.000000e+00,0.000000e+00,0.000000e+00,0.000000e+00,0.000000e+00,0.000000e+00,0.000000e+00,0.000000e+00
1.000000e+00,0.000000e+00,0.000000e+00,0.000000e+00,0.000000e+00,0.000000e+00,0.000000e+00,0.000000e+00,0.000000e+00,0.000000e+00,0.000000e+00,0.000000e+00,0.000000e+00,0.000000e+00,0.000000e+00
1.000000e+00,0.000000e+00,0.000000e+00,0.000000e+00,0.000000e+00,0.000000e+00,0.000000e+00,0.000000e+00,0.000000e+00,0.000000e+00,0.000000e+00,0.000000e+00,0.000000e+00,0.000000e+00,0.000000e+00
1.000000e+00,0.000000e+00,0.000000e+00,0.000000e+00,0.000000e+00,0.000000e+00,0.000000e+00,0.000000e+00,0.000000e+00,0.000000e+00,0.000000e+00,0.000000e+00,0.000000e+00,0.000000e+00,0.000000e+00
1.000000e+00,0.000000e+00,0.000000e+00,0.000000e+00,0.000000e+00,0.000000e+00,0.000000e+00,0.000000e+00,0.000000e+00,0.000000e+00,0.000000e+00,0.000000e+00,0.000000e+00,0.000000e+00,0.000000e+00
1.000000e+00,0.000000e+00,0.000000e+00,0.000000e+00,0.000000e+00,0.000000e+00,0.000000e+00,0.000000e+00,0.000000e+00,0.000000e+00,0.000000e+00,0.000000e+00,0.000000e+00,0.000000e+00,0.000000e+00
1.000000e+00,0.000000e+00,0.000000e+00,0.000000e+00,0.000000e+00,0.000000e+00,0.000000e+00,0.000000e+00,0.000000e+00,0.000000e+00,0.000000e+00,0.000000e+00,0.000000e+00,0.000000e+00,0.000000e+00
1.000000e+00,0.000000e+00,0.000000e+00,0.000000e+00,0.000000e+00,0.000000e+00,0.000000e+00,0.000000e+00,0.000000e+00,0.000000e+00,0.000000e+00,0.000000e+00,0.000000e+00,0.000000e+00,0.000000e+00
1.000000e+00,0.000000e+00,0.000000e+00,0.000000e+00,0.000000e+00,0.000000e+00,0.000000e+00,0.000000e+00,0.000000e+00,0.000000e+00,0.000000e+00,0.000000e+00,0.000000e+00,0.000000e+00,0.000000e+00
1.000000e+00,0.000000e+00,0.000000e+00,0.000000e+00,0.000000e+00,0.000000e+00,0.000000e+00,0.000000e+00,0.000000e+00,0.000000e+00,0.000000e+00,0.000000e+00,0.000000e+00,0.000000e+00,0.000000e+00
1.000000e+00,0.000000e+00,0.000000e+00,0.000000e+00,0.000000e+00,0.000000e+00,0.000000e+00,0.000000e+00,0.000000e+00,0.000000e+00,0.000000e+00,0.000000e+00,0.000000e+00,0.000000e+00,0.000000e+00
1.000000e+00,0.000000e+00,0.000000e+00,0.000000e+00,0.000000e+00,0.000000e+00,0.000000e+00,0.000000e+00,0.000000e+00,0.000000e+00,0.000000e+00,0.000000e+00,0.000000e+00,0.000000e+00,0.000000e+00
1.000000e+00,0.000000e+00,0.000000e+00,0.000000e+00,0.000000e+00,0.000000e+00,0.000000e+00,0.000000e+00,0.000000e+00,0.000000e+00,0.000000e+00,0.000000e+00,0.000000e+00,0.000000e+00,0.000000e+00
1.000000e+00,0.000000e+00,0.000000e+00,0.000000e+00,0.000000e+00,0.000000e+00,0.000000e+00,0.000000e+00,0.000000e+00,0.000000e+00,0.000000e+00,0.000000e+00,0.000000e+00,0.000000e+00,0.000000e+00
1.000000e+00,0.000000e+00,0.000000e+00,0.000000e+00,0.000000e+00,0.000000e+00,0.000000e+00,0.000000e+00,0.000000e+00,0.000000e+00,0.000000e+00,0.000000e+00,0.000000e+00,0.000000e+00,0.000000e+00
1.000000e+00,0.000000e+00,0.000000e+00,0.000000e+00,0.000000e+00,0.000000e+00,0.000000e+00,0.000000e+00,0.000000e+00,0.000000e+00,0.000000e+00,0.000000e+00,0.000000e+00,0.000000e+00,0.000000e+00
1.000000e+00,0.000000e+00,0.000000e+00,0.000000e+00,0.000000e+00,0.000000e+00,0.000000e+00,0.000000e+00,0.000000e+00,0.000000e+00,0.000000e+00,0.000000e+00,0.000000e+00,0.000000e+00,0.000000e+00
1.000000e+00,0.000000e+00,0.000000e+00,0.000000e+00,0.000000e+00,0.000000e+00,0.000000e+00,0.000000e+00,0.000000e+00,0.000000e+00,0.000000e+00,0.000000e+00,0.000000e+00,0.000000e+00,0.000000e+00
4.171691e-01,2.901294e-02,3.629002e-02,1.503481e-01,7.661966e-03,1.371257e-02,4.311111e-03,9.323137e-03,1.821365e-02,2.037221e-03,9.941785e-03,1.841214e-02,2.613929e-01,1.849296e-03,2.032406e-02
3.331348e-01,2.185868e-02,2.632636e-02,1.134880e-01,5.997643e-03,1.283796e-02,5.389223e-03,8.461867e-03,2.561544e-02,1.555516e-03,7.912361e-03,1.333121e-02,4.058474e-01,1.566184e-03,1.667737e-02
2.336289e-01,1.542599e-02,1.843571e-02,8.015770e-02,4.249001e-03,9.584912e-03,3.867417e-03,5.948677e-03,1.962592e-02,1.096018e-03,5.564467e-03,9.364985e-03,5.796171e-01,1.097961e-03,1.233521e-02
1.638718e-01,1.087984e-02,1.291634e-02,5.630339e-02,3.047206e-03,7.507407e-03,3.047082e-03,4.175053e-03,1.425796e-02,7.784581e-04,3.911781e-03,6.677052e-03,7.018441e-01,7.749220e-04,1.000761e-02
1.155508e-01,7.733008e-03,9.089287e-03,4.005887e-02,2.226793e-03,8.689798e-03,2.334851e-03,2.944635e-03,1.135050e-02,5.785772e-04,2.942933e-03,1.411873e-02,7.419882e-01,5.584205e-04,3.983459e-02
8.115510e-02,5.503339e-03,6.398168e-03,2.836855e-02,1.706841e-03,8.413588e-03,1.752006e-03,2.068284e-03,8.862734e-03,4.171569e-04,2.109732e-03,1.388076e-02,7.900988e-01,3.938665e-04,4.887104e-02
5.741785e-02,4.898034e-03,4.745981e-03,2.173030e-02,2.164534e-03,9.348435e-03,1.370510e-03,1.470984e-03,1.091101e-02,3.233117e-04,1.533802e-03,1.141099e-02,8.348843e-01,3.098161e-04,3.748007e-02
4.065171e-02,3.767762e-03,3.675171e-03,1.645457e-02,2.460995e-03,1.748662e-02,1.244957e-03,1.075680e-03,9.275677e-03,3.214207e-04,1.425286e-03,3.966880e-02,8.091476e-01,3.348809e-04,5.300888e-02
2.889120e-02,4.670078e-03,1.060181e-02,1.227714e-02,2.617926e-03,1.615278e-02,9.709313e-04,7.598288e-04,6.878785e-03,9.819200e-04,1.672530e-03,3.162127e-02,7.743729e-01,4.345097e-04,1.070964e-01
2.457206e-02,4.929005e-03,2.915943e-02,1.665150e-02,3.331615e-03,5.417336e-02,1.458324e-03,6.331931e-04,1.135332e-02,4.395009e-03,4.911855e-03,8.669005e-02,6.640760e-01,1.784002e-03,9.188126e-02
1.857008e-02,4.344203e-03,2.565392e-02,1.595624e-02,2.836240e-03,7.933314e-02,3.683791e-03,4.838232e-04,1.103107e-02,1.501773e-02,1.365539e-02,1.237381e-01,5.896159e-01,1.513585e-03,9.456678e-02
1.423289e-02,3.271994e-03,2.851226e-02,1.271260e-02,2.971691e-03,5.877988e-02,2.831457e-03,3.695050e-04,8.199614e-03,1.681118e-02,1.544632e-02,1.020217e-01,4.729950e-01,1.740663e-03,2.591033e-01
1.048642e-02,2.439163e-03,2.274929e-02,1.031006e-02,4.421083e-03,4.521757e-02,2.118782e-03,2.992234e-04,6.742553e-03,2.113964e-02,1.789993e-02,8.899581e-02,3.735310e-01,1.688475e-03,3.919610e-01
9.240825e-03,3.043555e-03,1.725154e-02,1.025026e-02,7.855858e-03,3.676826e-02,1.916275e-03,2.752832e-04,8.009741e-03,5.619346e-02,3.044205e-02,8.334959e-02,2.941135e-01,2.943491e-03,4.383463e-01
7.786816e-03,4.353372e-03,1.490324e-02,9.797547e-03,6.882674e-03,3.360669e-02,1.938799e-03,1.272234e-03,2.208655e-02,4.974185e-02,4.311547e-02,8.592585e-02,2.711781e-01,3.436385e-03,4.439745e-01
7.921096e-03,3.522103e-03,2.323149e-02,1.374699e-02,8.626259e-03,2.496129e-02,2.580689e-03,4.557044e-02,2.258448e-02,4.226197e-02,6.086004e-02,7.697614e-02,2.345751e-01,3.927121e-03,4.286548e-01
8.043909e-03,4.030814e-03,2.800421e-02,1.177387e-02,8.146878e-03,1.868802e-02,2.377636e-03,2.498394e-01,4.513475e-02,3.096259e-02,4.891607e-02,5.704536e-02,1.764365e-01,2.878947e-03,3.077210e-01
9.746755e-03,7.026523e-03,3.197736e-02,9.961948e-03,7.901535e-03,1.375831e-02,2.222803e-03,3.785835e-01,8.966752e-02,2.246248e-02,3.687827e-02,4.090849e-02,1.276286e-01,2.066230e-03,2.192097e-01
2.653673e-02,3.039574e-02,3.247795e-02,9.508691e-03,9.623000e-03,1.333163e-02,3.074413e-03,3.869027e-01,1.622920e-01,1.822241e-02,2.739534e-02,2.938114e-02,9.197548e-02,1.676774e-03,1.572060e-01
3.242961e-02,4.781053e-02,2.788498e-02,9.226477e-03,1.074361e-02,1.686732e-02,3.756124e-03,3.377323e-01,2.424474e-01,1.413091e-02,2.038032e-02,2.118224e-02,7.363790e-02,1.878157e-03,1.398921e-01
3.643385e-02,5.835337e-02,2.571922e-02,9.550603e-03,1.202036e-02,1.983436e-02,3.594203e-03,2.915869e-01,2.732434e-01,1.314327e-02,1.646394e-02,1.614271e-02,6.291497e-02,2.699411e-03,1.582995e-01
5.120461e-02,6.840920e-02,2.521601e-02,8.967750e-03,1.539827e-02,2.510593e-02,3.730303e-03,2.380071e-01,2.591921e-01,2.140364e-02,1.566648e-02,1.366832e-02,5.495460e-02,3.456848e-03,1.956188e-01
6.530434e-02,8.151883e-02,2.237593e-02,9.007091e-03,1.722964e-02,3.595200e-02,4.431662e-03,2.154808e-01,2.723015e-01,2.648640e-02,1.691020e-02,1.357624e-02,4.751540e-02,3.283304e-03,1.686267e-01
4.851869e-02,6.003879e-02,2.365108e-02,1.222971e-02,1.344056e-02,2.679411e-02,3.275032e-03,1.587017e-01,1.938597e-01,2.499240e-01,2.362027e-02,1.253670e-02,3.905877e-02,2.700661e-03,1.316502e-01
3.606734e-02,4.474151e-02,2.052643e-02,1.557928e-02,1.083779e-02,2.017554e-02,2.543437e-03,1.145367e-01,1.518867e-01,2.876403e-01,1.068873e-01,2.047222e-02,4.511707e-02,1.023933e-02,1.127490e-01
2.757489e-02,3.198063e-02,1.516937e-02,1.295908e-02,1.388890e-02,1.531277e-02,2.670282e-03,9.275607e-02,1.473823e-01,2.324375e-01,1.846378e-01,2.229894e-02,6.320322e-02,4.931771e-02,8.841056e-02
2.083820e-02,2.296729e-02,1.087557e-02,1.018793e-02,1.482927e-02,1.128994e-02,1.958569e-03,6.542642e-02,1.172260e-01,1.670823e-01,3.328196e-01,1.874169e-02,5.174890e-02,9.053455e-02,6.347386e-02
1.488370e-02,1.753453e-02,8.169542e-03,7.720473e-03,2.247985e-02,8.195261e-03,1.401769e-03,4.597439e-02,1.147577e-01,1.194238e-01,4.076222e-01,1.515093e-02,4.352121e-02,1.234750e-01,4.968971e-02
1.070433e-02,1.319700e-02,6.856036e-03,5.501779e-03,1.787785e-02,9.244157e-03,9.902450e-04,3.224520e-02,1.055113e-01,8.413703e-02,3.247137e-01,1.102828e-02,3.084860e-02,3.096138e-01,3.753072e-02
9.059168e-03,1.032653e-02,7.399794e-03,4.292127e-03,1.402444e-02,1.167018e-02,7.278891e-04,2.260313e-02,1.235323e-01,5.962111e-02,2.447345e-01,8.068562e-03,2.176714e-02,4.328862e-01,2.928691e-02
7.523234e-03,8.000869e-03,6.028820e-03,3.310224e-03,1.038396e-02,1.560239e-02,5.351838e-04,1.585910e-02,1.287592e-01,4.206004e-02,1.837840e-01,5.856780e-03,1.540801e-02,5.347339e-01,2.215430e-02
6.497981e-03,6.755183e-03,5.400468e-03,2.443695e-03,7.501743e-03,2.165038e-01,4.810907e-04,1.118604e-02,1.088263e-01,2.996622e-02,1.493027e-01,5.160325e-03,1.135908e-02,4.205327e-01,1.808277e-02
8.006487e-03,5.321422e-03,4.512809e-03,1.809787e-03,5.448177e-03,3.026813e-01,3.697539e-04,7.877510e-03,8.639628e-02,2.117207e-02,1.329492e-01,3.988794e-03,8.228969e-03,3.979127e-01,1.332461e-02
1.338456e-02,6.796737e-03,4.306649e-03,2.074373e-03,4.184285e-03,2.843426e-01,3.858849e-04,5.723852e-03,1.770379e-01,1.868552e-02,1.078964e-01,3.868470e-03,6.520957e-03,3.491790e-01,1.561281e-02
2.045245e-02,6.865523e-03,5.626952e-03,2.602163e-03,3.426847e-03,2.711900e-01,3.788740e-04,4.428356e-03,2.111032e-01,1.459692e-02,8.776239e-02,3.189419e-03,5.229559e-03,3.500291e-01,1.311815e-02
2.387310e-02,6.098628e-03,2.287889e-02,2.897599e-03,2.998047e-03,3.293772e-01,5.873459e-04,4.423218e-03,2.073339e-01,1.150287e-02,6.596356e-02,2.447268e-03,4.044396e-03,3.054217e-01,1.015223e-02
2.495204e-02,5.821764e-03,3.094091e-02,3.277438e-03,2.989815e-03,3.128240e-01,5.862145e-04,4.606290e-03,2.320499e-01,1.097682e-02,5.060638e-02,1.826131e-03,2.960603e-03,3.072716e-01,8.310027e-03
2.306972e-02,7.606516e-03,2.875855e-02,3.275938e-03,3.323945e-03,2.586248e-01,4.798612e-04,4.352650e-03,3.017330e-01,9.618333e-03,3.794362e-02,1.324231e-03,2.148312e-03,3.109465e-01,6.794024e-03
3.204851e-02,1.130346e-02,3.719591e-02,1.688880e-02,7.301940e-03,2.021371e-01,5.308518e-04,5.021635e-03,3.969455e-01,1.013973e-02,2.793530e-02,1.161396e-03,1.702308e-03,2.379465e-01,1.174102e-02
3.171961e-02,9.216970e-03,3.287617e-02,1.713410e-02,7.742976e-03,1.444405e-01,4.495427e-04,6.387744e-03,5.160936e-01,9.762924e-03,2.098155e-02,9.273261e-04,1.309160e-03,1.886699e-01,1.228799e-02
2.954767e-02,8.537706e-03,2.674014e-02,1.381185e-02,8.280798e-03,1.042130e-01,4.240567e-04,1.558279e-02,6.002353e-01,9.133831e-03,1.650565e-02,7.552980e-04,1.062736e-03,1.552839e-01,9.885194e-03
5.152999e-02,7.933443e-03,2.830822e-02,2.231564e-02,7.230875e-03,7.921745e-02,4.623708e-04,1.729058e-02,6.030008e-01,1.070181e-02,2.080818e-02,1.696865e-03,2.531303e-03,1.362536e-01,1.071889e-02
6.196004e-02,7.022097e-03,2.948911e-02,2.161619e-02,6.484737e-03,5.912711e-02,4.294301e-04,1.572212e-02,6.084206e-01,1.103806e-02,2.186118e-02,2.167276e-03,2.709031e-03,1.411066e-01,1.084637e-02
6.210005e-02,7.467078e-03,2.685587e-02,1.650859e-02,5.559769e-03,4.767546e-02,5.735907e-04,1.687699e-02,5.962490e-01,9.552710e-03,2.595381e-02,2.196886e-03,2.276499e-03,1.698266e-01,1.032704e-02
5.147491e-02,1.032357e-02,2.165554e-02,1.196621e-02,4.846786e-03,6.197945e-02,4.641072e-04,1.965608e-02,5.828255e-01,7.848991e-03,2.309386e-02,1.703680e-03,1.740363e-03,1.921510e-01,8.269881e-03
4.102002e-02,1.118139e-02,2.338815e-02,9.432179e-03,3.797738e-03,5.506303e-02,5.169361e-04,3.886297e-02,6.225488e-01,7.102468e-03,1.756232e-02,1.241978e-03,1.282524e-03,1.608279e-01,6.171579e-03
3.673442e-02,1.510963e-02,2.037778e-02,7.296693e-03,3.569323e-03,1.014840e-01,4.102668e-04,3.556798e-02,5.572668e-01,5.849738e-03,2.150876e-02,1.023814e-03,9.783842e-04,1.872921e-01,5.530222e-03
3.012373e-02,2.563827e-02,1.998551e-02,5.699774e-03,2.821217e-03,8.012117e-02,2.990569e-04,2.512967e-02,4.161400e-01,5.058398e-03,6.443939e-02,8.178644e-04,7.800480e-04,3.116105e-01,1.133541e-02
2.296288e-02,1.885930e-02,1.605956e-02,4.115430e-03,2.070516e-03,9.151594e-02,2.284317e-04,1.768827e-02,2.963925e-01,4.564465e-03,1.557182e-01,1.368219e-03,8.803250e-04,3.549830e-01,1.259290e-02
1.975080e-02,1.331324e-02,1.143931e-02,3.015836e-03,1.581163e-03,7.206099e-02,1.796321e-04,1.240640e-02,2.092495e-01,4.049952e-03,2.251428e-01,2.863825e-03,7.660042e-04,4.149867e-01,9.193832e-03
1.595676e-02,9.419483e-03,8.150675e-03,2.224598e-03,1.184436e-03,5.438066e-02,1.497937e-04,8.697706e-03,1.492002e-01,3.789744e-03,2.419266e-01,5.846260e-03,6.525802e-04,4.916888e-01,6.731695e-03
1.137233e-02,9.107688e-03,5.881341e-03,1.708523e-03,8.879869e-04,3.998681e-02,1.133099e-04,6.091494e-03,1.885701e-01,3.808699e-03,2.130187e-01,6.712805e-03,4.739623e-04,5.072543e-01,5.012022e-03
8.041753e-03,1.109345e-02,4.215575e-03,1.272567e-03,6.904239e-04,2.846451e-02,8.557578e-05,4.267394e-03,2.856017e-01,3.513704e-03,1.642351e-01,5.431352e-03,3.362263e-04,4.789585e-01,3.792157e-03
5.671309e-03,1.018046e-02,2.967418e-03,9.137591e-04,4.963537e-04,2.012533e-02,6.081251e-05,2.988642e-03,4.452843e-01,2.666427e-03,1.216864e-01,3.883046e-03,2.386698e-04,3.799110e-01,2.926177e-03
3.996278e-03,7.454124e-03,2.092673e-03,6.671339e-04,3.932606e-04,1.453204e-02,4.395400e-05,2.102325e-03,5.656375e-01,2.146702e-03,9.098292e-02,2.956007e-03,2.599325e-04,3.043660e-01,2.369276e-03
2.831801e-03,5.482923e-03,1.479442e-03,4.990199e-04,3.302147e-04,1.373921e-02,3.324796e-05,1.493553e-03,6.488000e-01,2.178740e-03,7.042775e-02,2.324797e-03,6.129737e-04,2.469084e-01,2.857933e-03
2.019887e-03,5.015482e-03,1.091863e-03,6.935139e-04,4.152586e-04,5.735544e-02,3.182925e-05,1.352680e-03,6.575696e-01,2.284741e-03,6.711693e-02,1.871074e-03,7.414028e-03,1.920514e-01,3.716211e-03
1.428344e-03,4.529526e-03,7.914357e-04,5.239460e-04,3.275993e-04,9.235688e-02,2.968497e-05,1.018910e-03,5.529552e-01,2.533214e-03,1.114184e-01,1.690408e-03,6.480383e-03,2.206858e-01,3.230367e-03
1.141704e-03,7.534568e-03,6.074138e-04,7.416768e-04,4.232799e-04,8.651791e-02,2.903934e-05,8.622968e-04,4.386342e-01,3.461821e-03,1.528585e-01,4.707342e-03,5.800071e-02,2.381158e-01,6.363717e-03
1.086551e-03,1.513882e-02,7.400415e-04,1.183829e-03,1.088541e-03,7.486096e-02,5.524795e-05,1.364902e-03,3.507672e-01,5.245087e-03,2.195753e-01,1.070545e-02,9.975465e-02,2.108875e-01,7.545977e-03
1.108643e-03,1.367480e-02,2.830846e-03,3.264902e-03,1.095388e-02,5.831329e-02,7.544194e-04,2.628024e-03,2.734570e-01,8.922795e-03,2.058210e-01,1.251360e-02,1.614817e-01,2.314406e-01,1.283449e-02
1.173926e-03,1.699907e-02,2.057852e-02,4.335351e-03,1.222063e-02,6.061143e-02,3.414022e-03,1.755565e-02,2.539092e-01,1.840823e-02,1.925077e-01,1.082603e-02,1.261781e-01,2.510457e-01,1.023634e-02
1.255865e-03,1.869472e-02,1.784807e-02,4.946006e-03,1.082711e-02,7.834182e-02,2.605923e-03,1.412186e-02,2.804875e-01,3.227093e-02,1.458521e-01,8.026793e-03,9.139808e-02,2.825718e-01,1.075142e-02
2.450402e-03,2.129157e-02,5.380799e-02,9.932335e-03,1.058847e-02,8.811438e-02,2.333287e-03,2.074516e-02,3.166595e-01,4.399751e-02,1.073437e-01,6.067715e-03,6.554865e-02,2.344641e-01,1.665534e-02
6.331267e-03,2.239694e-02,1.215387e-01,1.161402e-02,1.651078e-02,7.789367e-02,1.883866e-03,2.689288e-02,2.805686e-01,6.982778e-02,7.630119e-02,4.450110e-03,4.646477e-02,1.673977e-01,6.992773e-02
1.227544e-02,3.116566e-02,1.401343e-01,1.946153e-02,2.790919e-02,8.179392e-02,1.939620e-03,2.192424e-02,2.206045e-01,7.799168e-02,5.486238e-02,3.291580e-03,3.303490e-02,1.204030e-01,1.532081e-01
1.141009e-02,2.755983e-02,1.164281e-01,1.685809e-02,2.093147e-02,6.366012e-02,1.478310e-03,1.851645e-02,1.647764e-01,8.056608e-02,4.206688e-02,2.952390e-03,2.483444e-02,8.631854e-02,3.216428e-01
1.298869e-02,3.024324e-02,1.320717e-01,3.962899e-02,2.068180e-02,5.320127e-02,1.755395e-03,1.630707e-02,1.285929e-01,9.484126e-02,4.887693e-02,5.465428e-03,4.492646e-02,6.126443e-02,3.091544e-01
1.276313e-02,3.312757e-02,1.691451e-01,3.538907e-02,1.721776e-02,4.616081e-02,1.678283e-03,1.207995e-02,9.765405e-02,1.581432e-01,4.478833e-02,7.158535e-03,3.653876e-02,4.595576e-02,2.821997e-01
1.068561e-02,2.701176e-02,1.257355e-01,4.167598e-02,1.496362e-02,3.753892e-02,1.710259e-03,9.124195e-03,7.253183e-02,2.597585e-01,7.235026e-02,1.754740e-02,5.697252e-02,3.384991e-02,2.185437e-01
1.078725e-02,2.110423e-02,9.554199e-02,4.563312e-02,1.130117e-02,2.829665e-02,1.564563e-03,6.955209e-03,5.868807e-02,3.822828e-01,6.077718e-02,2.851879e-02,5.208285e-02,2.475548e-02,1.717106e-01
1.282347e-02,1.715902e-02,7.155811e-02,3.779259e-02,1.293448e-02,2.405938e-02,1.366511e-03,8.238183e-03,4.739256e-02,3.135156e-01,1.444357e-01,8.454764e-02,8.204924e-02,2.068466e-02,1.214429e-01
1.320137e-02,1.317202e-02,5.263286e-02,3.520664e-02,1.177146e-02,2.303622e-02,1.297804e-03,6.959201e-03,4.014526e-02,2.803994e-01,1.604530e-01,1.688645e-01,8.965284e-02,1.601743e-02,8.719008e-02
2.162263e-02,1.159867e-02,4.094685e-02,2.826208e-02,1.405829e-02,2.657893e-02,1.860463e-03,9.765368e-03,3.466835e-02,2.615819e-01,1.734708e-01,2.207972e-01,7.889634e-02,1.347708e-02,6.241512e-02
2.645187e-02,1.146839e-02,3.001609e-02,2.106902e-02,1.363126e-02,2.278553e-02,2.221944e-03,7.814736e-03,3.479379e-02,2.371091e-01,1.535943e-01,2.987368e-01,8.212662e-02,1.293605e-02,4.524453e-02
3.384753e-02,1.080346e-02,2.254210e-02,1.581902e-02,1.466982e-02,2.142074e-02,2.822678e-03,9.466335e-03,3.056874e-02,2.458128e-01,1.258013e-01,3.447962e-01,7.357282e-02,1.264032e-02,3.541620e-02
6.766743e-02,8.950381e-03,1.644533e-02,1.357903e-02,1.309297e-02,2.991308e-02,2.632029e-03,8.435966e-03,2.708187e-02,1.827995e-01,1.104761e-01,4.234050e-01,6.026924e-02,9.503852e-03,2.574830e-02
9.289956e-02,1.049114e-02,1.408925e-02,1.288075e-02,1.294607e-02,3.563835e-02,4.336989e-03,7.014092e-03,3.133989e-02,1.396541e-01,9.333551e-02,4.700436e-01,4.587127e-02,7.054574e-03,2.240488e-02
1.243372e-01,1.107781e-02,1.095259e-02,1.077376e-02,1.330349e-02,3.171294e-02,5.758949e-03,6.144754e-03,3.736826e-02,1.096919e-01,7.655648e-02,5.032653e-01,3.556870e-02,5.398908e-03,1.808894e-02
9.146957e-02,9.950513e-03,7.978506e-03,7.893261e-03,1.252263e-02,2.687533e-02,4.896526e-03,4.764364e-03,5.110469e-02,8.027204e-02,6.508531e-02,5.906489e-01,2.820218e-02,5.036443e-03,1.329980e-02
7.067803e-02,9.354156e-03,7.119993e-03,5.936641e-03,4.101695e-02,3.923809e-02,8.135268e-03,5.714656e-03,1.001126e-01,6.388209e-02,5.910873e-02,5.491440e-01,2.341574e-02,7.092205e-03,1.005093e-02
5.159630e-02,9.619717e-03,1.067141e-02,4.463471e-03,4.373865e-02,3.395995e-02,6.797074e-03,6.096377e-03,9.925400e-02,5.333348e-02,5.688012e-02,5.732409e-01,2.269813e-02,1.902015e-02,8.630302e-03
3.718683e-02,7.398856e-03,9.833534e-03,3.247256e-03,3.581271e-02,2.509511e-02,4.981853e-03,5.158318e-03,7.979538e-02,4.412096e-02,5.416185e-02,6.419840e-01,2.532262e-02,1.878000e-02,7.120810e-03
3.089097e-02,6.130687e-03,1.861945e-02,2.648714e-03,8.683020e-02,2.117020e-02,6.041986e-03,1.544763e-02,1.244939e-01,3.623779e-02,4.791870e-02,5.385720e-01,4.431013e-02,1.419399e-02,6.493676e-03
2.493120e-02,5.348396e-03,4.398936e-02,2.553377e-03,6.981415e-02,1.926215e-02,5.729650e-03,9.811783e-02,1.247202e-01,3.355079e-02,4.682844e-02,4.599761e-01,4.761707e-02,1.201404e-02,5.547171e-03
2.178152e-02,6.960384e-03,5.527662e-02,2.759883e-03,5.842493e-02,2.232815e-02,7.076093e-03,1.154765e-01,1.474319e-01,3.479706e-02,4.666266e-02,4.201252e-01,4.330807e-02,1.117348e-02,6.417509e-03
2.288185e-02,7.512902e-03,5.364553e-02,3.369336e-03,4.435870e-02,2.625776e-02,6.400556e-03,1.682593e-01,1.283088e-01,3.566053e-02,4.187027e-02,4.091309e-01,3.742913e-02,9.659015e-03,5.255444e-03
2.297285e-02,7.325766e-03,6.199174e-02,3.328570e-03,3.665786e-02,2.766708e-02,7.222584e-03,1.878543e-01,1.153479e-01,3.855281e-02,3.790033e-02,4.061099e-01,3.499750e-02,8.069972e-03,4.000860e-03
2.154201e-02,9.380607e-03,1.491389e-01,3.718868e-03,3.410303e-02,5.069863e-02,8.953387e-03,2.184620e-01,9.734207e-02,2.824298e-02,2.864748e-02,3.099096e-01,3.046195e-02,6.125933e-03,3.272556e-03
1.927056e-02,1.414165e-02,1.515577e-01,2.876008e-03,3.104915e-02,4.463736e-02,1.649155e-02,3.190354e-01,1.073138e-01,2.026910e-02,2.082863e-02,2.232456e-01,2.210266e-02,4.439310e-03,2.741464e-03
2.176990e-02,3.096967e-02,1.792246e-01,2.867190e-03,2.976653e-02,4.146697e-02,1.509239e-02,3.408421e-01,1.140599e-01,1.585070e-02,1.596582e-02,1.671915e-01,1.765819e-02,3.843359e-03,3.431181e-03
3.733287e-02,3.750826e-02,2.668256e-01,3.496679e-03,3.988794e-02,3.780783e-02,1.201971e-02,2.666517e-01,1.078844e-01,1.436637e-02,1.261961e-02,1.336672e-01,2.045333e-02,4.652262e-03,4.826206e-03
5.212712e-02,4.358000e-02,3.123863e-01,5.920951e-03,6.064680e-02,3.268015e-02,1.159985e-02,2.089780e-01,1.156468e-01,1.428434e-02,9.386066e-03,1.038589e-01,1.849547e-02,3.915489e-03,6.493784e-03
6.717559e-02,4.620263e-02,3.214535e-01,8.968952e-03,6.651506e-02,3.274854e-02,1.284949e-02,1.588291e-01,1.164246e-01,1.945474e-02,9.350760e-03,9.004596e-02,2.725750e-02,6.246577e-03,1.647696e-02
1.010418e-01,4.461866e-02,2.353222e-01,1.862545e-02,7.952778e-02,2.904643e-02,5.346740e-02,1.199447e-01,1.148400e-01,2.305056e-02,7.885617e-03,9.436221e-02,3.366193e-02,5.919772e-03,3.868542e-02
1.236111e-01,4.851294e-02,1.738021e-01,5.226741e-02,9.177998e-02,3.154167e-02,6.193639e-02,9.613764e-02,1.016801e-01,3.807385e-02,8.297408e-03,8.498722e-02,3.205600e-02,5.023425e-03,5.029281e-02
1.232788e-01,5.772543e-02,1.348080e-01,4.886196e-02,7.491559e-02,7.004317e-02,4.782990e-02,7.041610e-02,8.016092e-02,6.979287e-02,9.704759e-03,6.153412e-02,2.676083e-02,4.527313e-03,1.196402e-01
9.590292e-02,4.760162e-02,9.729466e-02,3.832336e-02,5.397747e-02,1.686522e-01,3.386958e-02,4.953451e-02,6.918927e-02,7.225407e-02,1.524878e-02,4.576276e-02,2.207706e-02,4.980729e-03,1.853310e-01
6.988898e-02,4.362632e-02,8.895023e-02,3.808392e-02,3.880003e-02,1.395403e-01,2.381435e-02,3.490761e-02,1.331611e-01,7.126138e-02,2.516380e-02,3.481110e-02,2.051740e-02,7.353644e-03,2.301199e-01
4.999353e-02,3.269863e-02,6.509868e-02,3.097154e-02,2.756670e-02,1.056326e-01,1.679979e-02,2.507796e-02,1.290974e-01,5.259207e-02,4.163934e-02,2.888750e-02,2.440420e-02,1.137192e-02,3.581682e-01
3.534630e-02,2.596303e-02,4.680010e-02,2.378566e-02,2.170597e-02,7.459164e-02,1.188660e-02,1.783756e-02,1.360450e-01,4.066532e-02,3.634037e-02,2.574100e-02,2.100262e-02,1.374025e-02,4.685486e-01
2.495933e-02,3.345322e-02,3.333484e-02,1.820266e-02,1.552811e-02,5.659238e-02,8.374942e-03,1.273028e-02,1.907932e-01,2.984063e-02,2.662011e-02,1.916803e-02,2.409180e-02,1.169436e-02,4.946162e-01
1.796558e-02,3.859495e-02,2.445975e-02,1.749939e-02,1.217650e-02,5.583623e-02,5.976058e-03,9.198862e-03,2.302367e-01,2.192761e-02,1.965885e-02,1.443892e-02,2.434073e-02,1.101732e-02,4.966726e-01
1.376635e-02,8.043202e-02,1.742589e-02,2.887621e-02,1.070891e-02,4.846906e-02,4.213633e-03,6.538036e-03,2.320705e-01,1.663502e-02,1.493244e-02,1.038955e-02,2.011502e-02,8.866590e-03,4.865608e-01
1.068599e-02,1.045067e-01,1.249262e-02,4.646895e-02,1.035982e-02,5.185505e-02,2.984843e-03,5.177265e-03,2.697482e-01,1.550399e-02,1.785087e-02,8.674649e-03,1.966198e-02,9.152713e-03,4.148763e-01
8.204802e-03,1.529882e-01,9.079253e-03,7.020058e-02,9.644343e-03,5.396774e-02,2.110312e-03,4.209689e-03,3.274444e-01,1.242786e-02,1.773912e-02,6.964288e-03,1.713101e-02,8.180201e-03,2.997082e-01
7.042664e-03,1.758741e-01,7.832552e-03,6.168111e-02,7.870276e-03,1.001423e-01,1.559196e-03,4.306313e-03,3.094186e-01,1.219657e-02,3.442536e-02,7.404850e-03,2.166477e-02,1.019377e-02,2.383875e-01
8.208703e-03,1.387142e-01,6.746072e-03,4.415047e-02,7.474020e-03,1.805238e-01,1.655412e-03,5.587656e-03,2.886335e-01,9.436948e-03,4.295657e-02,7.472703e-03,2.127811e-02,1.248362e-02,2.246783e-01
7.221871e-03,1.095650e-01,6.374114e-03,3.299272e-02,7.589943e-03,1.504964e-01,1.652431e-03,7.513619e-03,4.107083e-01,8.365953e-03,3.410520e-02,9.535833e-03,2.403366e-02,9.352981e-03,1.804920e-01
5.548023e-03,7.906586e-02,4.625007e-03,2.522849e-02,7.378621e-03,1.150956e-01,1.518089e-03,5.922693e-03,5.506845e-01,7.121397e-03,2.512703e-02,1.159367e-02,1.992134e-02,6.646252e-03,1.345235e-01
4.877428e-03,5.693698e-02,3.693668e-03,3.316488e-02,7.016011e-03,9.319898e-02,1.289086e-03,6.023236e-03,6.252617e-01,8.349525e-03,1.986877e-02,1.445598e-02,1.992583e-02,4.830998e-03,1.011070e-01
6.231973e-03,4.264205e-02,8.135472e-03,6.227895e-02,1.657301e-02,7.170849e-02,2.296994e-03,7.846017e-03,6.074700e-01,9.396692e-03,2.529739e-02,1.590715e-02,3.032881e-02,3.717496e-03,9.016946e-02
7.089226e-03,3.418515e-02,1.646843e-02,7.801624e-02,2.662386e-02,5.332523e-02,2.761517e-03,1.054697e-02,5.399004e-01,8.348557e-03,3.533255e-02,2.019880e-02,5.019669e-02,3.201042e-03,1.138053e-01
7.505270e-03,2.850692e-02,3.694337e-02,1.393659e-01,2.445877e-02,3.907013e-02,2.605628e-03,1.402960e-02,4.546571e-01,7.951608e-03,5.046604e-02,2.353662e-02,6.490951e-02,2.650346e-03,1.033432e-01
9.443869e-03,3.322194e-02,5.561528e-02,1.580426e-01,2.837510e-02,3.069477e-02,2.324599e-03,3.333038e-02,4.021106e-01,9.138728e-03,6.555165e-02,1.893327e-02,5.759646e-02,2.846028e-03,9.277484e-02
1.876646e-02,3.003253e-02,9.302561e-02,1.522726e-01,3.343869e-02,2.462753e-02,2.573543e-03,4.807752e-02,3.275023e-01,9.563277e-03,9.057333e-02,1.698522e-02,5.597477e-02,3.172471e-03,9.341419e-02
5.075163e-02,2.597994e-02,1.098451e-01,1.229765e-01,3.132084e-02,2.626384e-02,6.410626e-03,6.199637e-02,2.517330e-01,9.085927e-03,1.090298e-01,2.406522e-02,9.182265e-02,3.934961e-03,7.478362e-02
4.094325e-02,2.063205e-02,9.695747e-02,1.262270e-01,2.716563e-02,2.280820e-02,5.168194e-03,4.781332e-02,1.830534e-01,8.806895e-03,1.136174e-01,4.305306e-02,2.062875e-01,3.776452e-03,5.369019e-02
2.966994e-02,1.893765e-02,7.435663e-02,1.168563e-01,3.872816e-02,1.910696e-02,4.338471e-03,3.390504e-02,1.325477e-01,9.344043e-03,1.232665e-01,1.285590e-01,2.281125e-01,4.394200e-03,3.787693e-02
2.103429e-02,1.369169e-02,5.235805e-02,8.307522e-02,2.861050e-02,1.558070e-02,3.260257e-03,2.404697e-02,9.644115e-02,8.265054e-03,1.049101e-01,1.462485e-01,3.698969e-01,5.122932e-03,2.745767e-02
1.476215e-02,1.437855e-02,4.070302e-02,5.833127e-02,3.461079e-02,1.098728e-02,2.298381e-03,1.690273e-02,9.949095e-02,6.954995e-03,9.538023e-02,1.204594e-01,4.603835e-01,3.942935e-03,2.041380e-02
1.041304e-02,1.312796e-02,3.494292e-02,4.120150e-02,3.544443e-02,8.477070e-03,1.622022e-03,1.198373e-02,8.043851e-02,8.045706e-03,1.174053e-01,1.122238e-01,4.924257e-01,1.546066e-02,1.678757e-02
7.466787e-03,1.209334e-02,2.737312e-02,2.988944e-02,2.812527e-02,7.537901e-03,1.154548e-03,8.535410e-03,7.053410e-02,1.225925e-02,1.313733e-01,9.476458e-02,3.957003e-01,1.385324e-01,3.466013e-02
5.374008e-03,1.290504e-02,1.972975e-02,2.132586e-02,2.000078e-02,6.150140e-03,8.265980e-04,6.043013e-03,6.848104e-02,1.002979e-02,1.274221e-01,9.640091e-02,3.078839e-01,2.488940e-01,4.853294e-02
3.918618e-03,1.060288e-02,1.442173e-02,1.614419e-02,1.446233e-02,5.389765e-03,6.560206e-04,4.392490e-03,1.293249e-01,8.642580e-03,1.003864e-01,8.909798e-02,2.417092e-01,3.086140e-01,5.223683e-02
2.878695e-03,9.018582e-03,1.082002e-02,1.248615e-02,1.152031e-02,4.484545e-03,4.889438e-04,3.132853e-03,2.525715e-01,7.935110e-03,7.475778e-02,6.763694e-02,1.758186e-01,3.148331e-01,5.161680e-02
2.373363e-03,7.569120e-03,9.263543e-03,1.107215e-02,1.065462e-02,4.113970e-03,3.910995e-04,2.315047e-03,2.984986e-01,6.465712e-03,5.808900e-02,5.036054e-02,1.315975e-01,3.683696e-01,3.886601e-02
3.028592e-03,6.418592e-03,9.266338e-03,8.907485e-03,9.521514e-03,4.538636e-03,3.075142e-04,1.709556e-03,2.869039e-01,6.402526e-03,6.261143e-02,3.878617e-02,1.009873e-01,4.215571e-01,3.905333e-02
2.546946e-03,4.755595e-03,7.134639e-03,6.804128e-03,7.385317e-03,5.729488e-03,2.273301e-04,1.238770e-03,3.851522e-01,5.463123e-03,8.221103e-02,2.940551e-02,8.246977e-02,3.481102e-01,3.136598e-02
2.009806e-03,4.061013e-03,5.532429e-03,5.032012e-03,5.703745e-03,1.009497e-02,1.648284e-04,9.187232e-04,4.479896e-01,4.386466e-03,9.646553e-02,2.228668e-02,6.459560e-02,3.060645e-01,2.469409e-02
1.636863e-03,3.669441e-03,4.228857e-03,3.636552e-03,4.382346e-03,1.404424e-02,1.186294e-04,6.713314e-04,4.852244e-01,3.576926e-03,1.166642e-01,1.626693e-02,4.995416e-02,2.767469e-01,1.917830e-02
1.622123e-03,5.994014e-03,3.187727e-03,2.646222e-03,3.246614e-03,1.246189e-02,8.649233e-05,4.973637e-04,4.659561e-01,2.768358e-03,9.295367e-02,1.152431e-02,3.613918e-02,3.460279e-01,1.488804e-02
1.538796e-03,9.946742e-03,2.453127e-03,1.903694e-03,2.416403e-03,9.795607e-03,6.530132e-05,3.526747e-04,4.342758e-01,2.138156e-03,6.912783e-02,8.096972e-03,2.551715e-02,4.199575e-01,1.241427e-02
1.881549e-03,9.388056e-03,1.937452e-03,1.361065e-03,1.759097e-03,8.710954e-03,5.631628e-05,2.541332e-04,3.836551e-01,1.660688e-03,4.899845e-02,5.686432e-03,1.793647e-02,5.071777e-01,9.536538e-03
4.167382e-03,7.753909e-03,3.552738e-03,1.348727e-03,1.908827e-03,1.342035e-02,9.862553e-05,1.471119e-03,4.373669e-01,1.999618e-03,3.542812e-02,4.027550e-03,1.295824e-02,4.662712e-01,8.226700e-03
4.537446e-03,6.314698e-03,3.681473e-03,1.361816e-03,2.214058e-03,1.515795e-02,9.634816e-05,2.020183e-03,4.806122e-01,2.484372e-03,2.662545e-02,2.968199e-03,1.004868e-02,4.325554e-01,9.321746e-03
3.792841e-03,5.377597e-03,4.131645e-03,1.613443e-03,3.166181e-03,1.421663e-02,8.206221e-05,7.649269e-03,5.607820e-01,3.049740e-03,2.114566e-02,2.147387e-03,7.697188e-03,3.546810e-01,1.046741e-02
4.993694e-03,5.634042e-03,5.511174e-03,1.910110e-03,1.012096e-02,1.098907e-02,1.003777e-04,1.488249e-02,6.142027e-01,2.814456e-03,1.578777e-02,1.556199e-03,5.575149e-03,2.978731e-01,8.048696e-03
1.658474e-02,4.102101e-03,6.629747e-03,3.086462e-03,1.645413e-02,8.734886e-03,8.506277e-05,1.351049e-02,6.546187e-01,2.981965e-03,1.170936e-02,1.122532e-03,3.996131e-03,2.448785e-01,1.150517e-02
2.177178e-02,3.191130e-03,5.948876e-03,2.784221e-03,2.014612e-02,7.094502e-03,7.098778e-05,1.157384e-02,6.779113e-01,2.426140e-03,8.749973e-03,8.502117e-04,2.969166e-03,2.232114e-01,1.130036e-02
2.655052e-02,2.566186e-03,6.292274e-03,2.748900e-03,2.684510e-02,6.207408e-03,6.419350e-05,1.011290e-02,6.841126e-01,2.310319e-03,6.980805e-03,6.475801e-04,2.187214e-03,2.079837e-01,1.439026e-02
3.119276e-02,2.419697e-03,6.031678e-03,4.706570e-03,3.218991e-02,5.403307e-03,6.402179e-05,1.038054e-02,6.829515e-01,2.551999e-03,5.892714e-03,5.889466e-04,1.681524e-03,1.923943e-01,2.155057e-02
3.625820e-02,3.008847e-03,8.321237e-03,1.280870e-02,3.775626e-02,6.967273e-03,1.080943e-04,1.131600e-02,5.968300e-01,2.704520e-03,5.584430e-03,5.304349e-04,1.473226e-03,2.484923e-01,2.784052e-02
