1.000000e+00,0.000000e+00,0.000000e+00,0.000000e+00,0.000000e+00,0.000000e+00,0.000000e+00,0.000000e+00,0.000000e+00,0.000000e+00,0.000000e+00,0.000000e+00,0.000000e+00,0.000000e+00,0.000000e+00
1.000000e+00,0.000000e+00,0.000000e+00,0.000000e+00,0.000000e+00,0.000000e+00,0.000000e+00,0.000000e+00,0.000000e+00,0.000000e+00,0.000000e+00,0.000000e+00,0.000000e+00,0.000000e+00,0.000000e+00
1.000000e+00,0.000000e+00,0.000000e+00,0.000000e+00,0.000000e+00,0.000000e+00,0.000000e+00,0.000000e+00,0.000000e+00,0.000000e+00,0.000000e+00,0.000000e+00,0.000000e+00,0.000000e+00,0.000000e+00
1.000000e+00,0.000000e+00,0.000000e+00,0.000000e+00,0.000000e+00,0.000000e+00,0.000000e+00,0.000000e+00,0.000000e+00,0.000000e+00,0.000000e+00,0.000000e+00,0.000000e+00,0.000000e+00,0.000000e+00
1.000000e+00,0.000000e+00,0.000000e+00,0.000000e+00,0.000000e+00,0.000000e+00,0.000000e+00,0.000000e+00,0.000000e+00,0.000000e+00,0.000000e+00,0.000000e+00,0.000000e+00,0.000000e+00,0.000000e+00
1.000000e+00,0.000000e+00,0.000000e+00,0.000000e+00,0.000000e+00,0.000000e+00,0.000000e+00,0.000000e+00,0.000000e+00,0.000000e+00,0.000000e+00,0.000000e+00,0.000000e+00,0.000000e+00,0.000000e+00
1.000000e+00,0.000000e+00,0.000000e+00,0.000000e+00,0.000000e+00,0.000000e+00,0.000000e+00,0.000000e+00,0.000000e+00,0.000000e+00,0.000000e+00,0.000000e+00,0.000000e+00,0.000000e+00,0.000000e+00
1.000000e+00,0.000000e+00,0.000000e+00,0.000000e+00,0.000000e+00,0.000000e+00,0.000000e+00,0.000000e+00,0.000000e+00,0.000000e+00,0.000000e+00,0.000000e+00,0.000000e+00,0.000000e+00,0.000000e+00
1.000000e+00,0.000000e+00,0.000000e+00,0.000000e+00,0.000000e+00,0.000000e+00,0.000000e+00,0.000000e+00,0.000000e+00,0.000000e+00,0.000000e+00,0.000000e+00,0.000000e+00,0.000000e+00,0.000000e+00
1.000000e+00,0.000000e+00,0.000000e+00,0.000000e+00,0.000000e+00,0.000000e+00,0.000000e+00,0.000000e+00,0.000000e+00,0.000000e+00,0.000000e+00,0.000000e+00,0.000000e+00,0.000000e+00,0.000000e+00
1.000000e+00,0.000000e+00,0.000000e+00,0.000000e+00,0.000000e+00,0.000000e+00,0.000000e+00,0.000000e+00,0.000000e+00,0.000000e+00,0.000000e+00,0.000000e+00,0.000000e+00,0.000000e+00,0.000000e+00
1.000000e+00,0.000000e+00,0.000000e+00,0.000000e+00,0.000000e+00,0.000000e+00,0.000000e+00,0.000000e+00,0.000000e+00,0.000000e+00,0.000000e+00,0.000000e+00,0.000000e+00,0.000000e+00,0.000000e+00
1.000000e+00,0.000000e+00,0.000000e+00,0.000000e+00,0.000000e+00,0.000000e+00,0.000000e+00,0.000000e+00,0.000000e+00,0.000000e+00,0.000000e+00,0.000000e+00,0.000000e+00,0.000000e+00,0.000000e+00
1.000000e+00,0.000000e+00,0.000000e+00,0.000000e+00,0.000000e+00,0.000000e+00,0.000000e+00,0.000000e+00,0.000000e+00,0.000000e+00,0.000000e+00,0.000000e+00,0.000000e+00,0.000000e+00,0.000000e+00
1.000000e+00,0.000000e+00,0.000000e+00,0.000000e+00,0.000000e+00,0.000000e+00,0.000000e+00,0.000000e+00,0.000000e+00,0.000000e+00,0.000000e+00,0.000000e+00,0.000000e+00,0.000000e+00,0.000000e+00
1.000000e+00,0.000000e+00,0.000000e+00,0.000000e+00,0.000000e+00,0.000000e+00,0.000000e+00,0.000000e+00,0.000000e+00,0.000000e+00,0.000000e+00,0.000000e+00,0.000000e+00,0.000000e+00,0.000000e+00
1.000000e+00,0.000000e+00,0.000000e+00,0.000000e+00,0.000000e+00,0.000000e+00,0.000000e+00,0.000000e+00,0.000000e+00,0.000000e+00,0.000000e+00,0.000000e+00,0.000000e+00,0.000000e+00,0.000000e+00
1.000000e+00,0.000000e+00,0.000000e+00,0.000000e+00,0.000000e+00,0.000000e+00,0.000000e+00,0.000000e+00,0.000000e+00,0.000000e+00,0.000000e+00,0.000000e+00,0.000000e+00,0.000000e+00,0.000000e+00
1.000000e+00,0.000000e+00,0.000000e+00,0.000000e+00,0.000000e+00,0.000000e+00,0.000000e+00,0.000000e+00,0.000000e+00,0.000000e+00,0.000000e+00,0.000000e+00,0.000000e+00,0.000000e+00,0.000000e+00
1.000000e+00,0.000000e+00,0.000000e+00,0.000000e+00,0.000000e+00,0.000000e+00,0.000000e+00,0.000000e+00,0.000000e+00,0.000000e+00,0.000000e+00,0.000000e+00,0.000000e+00,0.000000e+00,0.000000e+00
1.000000e+00,0.000000e+00,0.000000e+00,0.000000e+00,0.000000e+00,0.000000e+00,0.000000e+00,0.000000e+00,0.000000e+00,0.000000e+00,0.000000e+00,0.000000e+00,0.000000e+00,0.000000e+00,0.000000e+00
1.000000e+00,0.000000e+00,0.000000e+00,0.000000e+00,0.000000e+00,0.000000e+00,0.000000e+00,0.000000e+00,0.000000e+00,0.000000e+00,0.000000e+00,0.000000e+00,0.000000e+00,0.000000e+00,0.000000e+00
1.000000e+00,0.000000e+00,0.000000e+00,0.000000e+00,0.000000e+00,0.000000e+00,0.000000e+00,0.000000e+00,0.000000e+00,0.000000e+00,0.000000e+00,0.000000e+00,0.000000e+00,0.000000e+00,0.000000e+00
1.000000e+00,0.000000e+00,0.000000e+00,0.000000e+00,0.000000e+00,0.000000e+00,0.000000e+00,0.000000e+00,0.000000e+00,0.000000e+00,0.000000e+00,0.000000e+00,0.000000e+00,0.000000e+00,0.000000e+00
1.000000e+00,0.000000e+00,0.000000e+00,0.000000e+00,0.000000e+00,0.000000e+00,0.000000e+00,0.000000e+00,0.000000e+00,0.000000e+00,0.000000e+00,0.000000e+00,0.000000e+00,0.000000e+00,0.000000e+00
1.000000e+00,0.000000e+00,0.000000e+00,0.000000e+00,0.000000e+00,0.000000e+00,0.000000e+00,0.000000e+00,0.000000e+00,0.000000e+00,0.000000e+00,0.000000e+00,0.000000e+00,0.000000e+00,0.000000e+00
1.000000e+00,0.000000e+00,0.000000e+00,0.000000e+00,0.000000e+00,0.000000e+00,0.000000e+00,0.000000e+00,0.000000e+00,0.000000e+00,0.000000e+00,0.000000e+00,0.000000e+00,0.000000e+00,0.000000e+00
1.000000e+00,0.000000e+00,0.000000e+00,0.000000e+00,0.000000e+00,0.000000e+00,0.000000e+00,0.000000e+00,0.000000e+00,0.000000e+00,0.000000e+00,0.000000e+00,0.000000e+00,0.000000e+00,0.000000e+00
1.000000e+00,0.000000e+00,0.000000e+00,0.000000e+00,0.000000e+00,0.000000e+00,0.000000e+00,0.000000e+00,0.000000e+00,0.000000e+00,0.000000e+00,0.000000e+00,0.000000e+00,0.000000e+00,0.000000e+00
1.000000e+00,0.000000e+00,0.000000e+00,0.000000e+00,0.000000e+00,0.000000e+00,0.000000e+00,0.000000e+00,0.000000e+00,0.000000e+00,0.000000e+00,0.000000e+00,0.000000e+00,0.000000e+00,0.000000e+00
1.000000e+00,0.000000e+00,0.000000e+00,0.000000e+00,0.000000e+00,0.000000e+00,0.000000e+00,0.000000e+00,0.000000e+00,0.000000e+00,0.000000e+00,0.000000e+00,0.000000e+00,0.000000e+00,0.000000e+00
1.000000e+00,0.000000e+00,0.000000e+00,0.000000e+00,0.000000e+00,0.000000e+00,0.000000e+00,0.000000e+00,0.000000e+00,0.000000e+00,0.000000e+00,0.000000e+00,0.000000e+00,0.000000e+00,0.000000e+00
1.000000e+00,0.000000e+00,0.000000e+00,0.000000e+00,0.000000e+00,0.000000e+00,0.000000e+00,0.000000e+00,0.000000e+00,0.000000e+00,0.000000e+00,0.000000e+00,0.000000e+00,0.000000e+00,0.000000e+00
1.000000e+00,0.000000e+00,0.000000e+00,0.000000e+00,0.000000e+00,0.000000e+00,0.000000e+00,0.000000e+00,0.000000e+00,0.000000e+00,0.000000e+00,0.000000e+00,0.000000e+00,0.000000e+00,0.000000e+00
1.000000e+00,0.000000e+00,0.000000e+00,0.000000e+00,0.000000e+00,0.000000e+00,0.000000e+00,0.000000e+00,0.000000e+00,0.000000e+00,0.000000e+00,0.000000e+00,0.000000e+00,0.000000e+00,0.000000e+00
1.000000e+00,0.000000e+00,0.000000e+00,0.000000e+00,0.000000e+00,0.000000e+00,0.000000e+00,0.000000e+00,0.000000e+00,0.000000e+00,0.000000e+00,0.000000e+00,0.000000e+00,0.000000e+00,0.000000e+00
1.000000e+00,0.000000e+00,0.000000e+00,0.000000e+00,0.000000e+00,0.000000e+00,0.000000e+00,0.000000e+00,0.000000e+00,0.000000e+00,0.000000e+00,0.000000e+00,0.000000e+00,0.000000e+00,0.000000e+00
1.000000e+00,0.000000e+00,0.000000e+00,0.000000e+00,0.000000e+00,0.000000e+00,0.000000e+00,0.000000e+00,0.000000e+00,0.000000e+00,0.000000e+00,0.000000e+00,0.000000e+00,0.000000e+00,0.000000e+00
1.000000e+00,0.000000e+00,0.000000e+00,0.000000e+00,0.000000e+00,0.000000e+00,0.000000e+00,0.000000e+00,0.000000e+00,0.000000e+00,0.000000e+00,0.000000e+00,0.000000e+00,0.000000e+00,0.000000e+00
1.000000e+00,0.000000e+00,0.000000e+00,0.000000e+00,0.000000e+00,0.000000e+00,0.000000e+00,0.000000e+00,0.000000e+00,0.000000e+00,0.000000e+00,0.000000e+00,0.000000e+00,0.000000e+00,0.000000e+00
1.000000e+00,0.000000e+00,0.000000e+00,0.000000e+00,0.000000e+00,0.000000e+00,0.000000e+00,0.000000e+00,0.000000e+00,0.000000e+00,0.000000e+00,0.000000e+00,0.000000e+00,0.000000e+00,0.000000e+00
1.000000e+00,0.000000e+00,0.000000e+00,0.000000e+00,0.000000e+00,0.000000e+00,0.000000e+00,0.000000e+00,0.000000e+00,0.000000e+00,0.000000e+00,0.000000e+00,0.000000e+00,0.000000e+00,0.000000e+00
1.000000e+00,0.000000e+00,0.000000e+00,0.000000e+00,0.000000e+00,0.000000e+00,0.000000e+00,0.000000e+00,0.000000e+00,0.000000e+00,0.000000e+00,0.000000e+00,0.000000e+00,0.000000e+00,0.000000e+00
1.000000e+00,0.000000e+00,0.000000e+00,0.000000e+00,0.000000e+00,0.000000e+00,0.000000e+00,0.000000e+00,0.000000e+00,0.000000e+00,0.000000e+00,0.000000e+00,0.000000e+00,0.000000e+00,0.000000e+00
1.000000e+00,0.000000e+00,0.000000e+00,0.000000e+00,0.000000e+00,0.000000e+00,0.000000e+00,0.000000e+00,0.000000e+00,0.000000e+00,0.000000e+00,0.000000e+00,0.000000e+00,0.000000e+00,0.000000e+00
1.000000e+00,0.000000e+00,0.000000e+00,0.000000e+00,0.000000e+00,0.000000e+00,0.000000e+00,0.000000e+00,0.000000e+00,0.000000e+00,0.000000e+00,0.000000e+00,0.000000e+00,0.000000e+00,0.000000e+00
1.000000e+00,0.000000e+00,0.000000e+00,0.000000e+00,0.000000e+00,0.000000e+00,0.000000e+00,0.000000e+00,0.000000e+00,0.000000e+00,0.000000e+00,0.000000e+00,0.000000e+00,0.000000e+00,0.000000e+00
1.000000e+00,0.000000e+00,0.000000e+00,0.000000e+00,0.000000e+00,0.000000e+00,0.000000e+00,0.000000e+00,0.000000e+00,0.000000e+00,0.000000e+00,0.000000e+00,0.000000e+00,0.000000e+00,0.000000e+00
1.000000e+00,0.000000e+00,0.000000e+00,0.000000e+00,0.000000e+00,0.000000e+00,0.000000e+00,0.000000e+00,0.000000e+00,0.000000e+00,0.000000e+00,0.000000e+00,0.000000e+00,0.000000e+00,0.000000e+00
1.000000e+00,0.000000e+00,0.000000e+00,0.000000e+00,0.000000e+00,0.000000e+00,0.000000e+00,0.000000e+00,0.000000e+00,0.000000e+00,0.000000e+00,0.000000e+00,0.000000e+00,0.000000e+00,0.000000e+00
1.000000e+00,0.000000e+00,0.000000e+00,0.000000e+00,0.000000e+00,0.000000e+00,0.000000e+00,0.000000e+00,0.000000e+00,0.000000e+00,0.000000e+00,0.000000e+00,0.000000e+00,0.000000e+00,0.000000e+00
1.000000e+00,0.000000e+00,0.000000e+00,0.000000e+00,0.000000e+00,0.000000e+00,0.000000e+00,0.000000e+00,0.000000e+00,0.000000e+00,0.000000e+00,0.000000e+00,0.000000e+00,0.000000e+00,0.000000e+00
1.000000e+00,0.000000e+00,0.000000e+00,0.000000e+00,0.000000e+00,0.000000e+00,0.000000e+00,0.000000e+00,0.000000e+00,0.000000e+00,0.000000e+00,0.000000e+00,0.000000e+00,0.000000e+00,0.000000e+00
1.000000e+00,0.000000e+00,0.000000e+00,0.000000e+00,0.000000e+00,0.000000e+00,0.000000e+00,0.000000e+00,0.000000e+00,0.000000e+00,0.000000e+00,0.000000e+00,0.000000e+00,0.000000e+00,0.000000e+00
1.000000e+00,0.000000e+00,0.000000e+00,0.000000e+00,0.000000e+00,0.000000e+00,0.000000e+00,0.000000e+00,0.000000e+00,0.000000e+00,0.000000e+00,0.000000e+00,0.000000e+00,0.000000e+00,0.000000e+00
1.000000e+00,0.000000e+00,0.000000e+00,0.000000e+00,0.000000e+00,0.000000e+00,0.000000e+00,0.000000e+00,0.000000e+00,0.000000e+00,0.000000e+00,0.000000e+00,0.000000e+00,0.000000e+00,0.000000e+00
1.000000e+00,0.000000e+00,0.000000e+00,0.000000e+00,0.000000e+00,0.000000e+00,0.000000e+00,0.000000e+00,0.000000e+00,0.000000e+00,0.000000e+00,0.000000e+00,0.000000e+00,0.000000e+00,0.000000e+00
1.000000e+00,0.000000e+00,0.000000e+00,0.000000e+00,0.000000e+00,0.000000e+00,0.000000e+00,0.000000e+00,0.000000e+00,0.000000e+00,0.000000e+00,0.000000e+00,0.000000e+00,0.000000e+00,0.000000e+00
1.000000e+00,0.000000e+00,0.000000e+00,0.000000e+00,0.000000e+00,0.000000e+00,0.000000e+00,0.000000e+00,0.000000e+00,0.000000e+00,0.000000e+00,0.000000e+00,0.000000e+00,0.000000e+00,0.000000e+00
1.000000e+00,0.000000e+00,0.000000e+00,0.000000e+00,0.000000e+00,0.000000e+00,0.000000e+00,0.000000e+00,0.000000e+00,0.000000e+00,0.000000e+00,0.000000e+00,0.000000e+00,0.000000e+00,0.000000e+00
1.000000e+00,0.000000e+00,0.000000e+00,0.000000e+00,0.000000e+00,0.000000e+00,0.000000e+00,0.000000e+00,0.000000e+00,0.000000e+00,0.000000e+00,0.000000e+00,0.000000e+00,0.000000e+00,0.000000e+00
4.088436e-01,4.471911e-03,1.196616e-02,1.653653e-02,4.220587e-03,8.741213e-03,5.671342e-03,4.992510e-01,3.146576e-03,6.218644e-04,6.994402e-03,1.259774e-02,7.265696e-03,3.096826e-03,6.574621e-03
2.882606e-01,3.260291e-03,2.163665e-02,1.544965e-02,3.683637e-03,6.315310e-03,4.330589e-03,6.270384e-01,2.325712e-03,6.084258e-04,5.244255e-03,9.019401e-03,5.750182e-03,2.328413e-03,4.748535e-03
2.033630e-01,2.599168e-03,3.350879e-02,1.704259e-02,3.930525e-03,5.275238e-03,3.788985e-03,7.022117e-01,1.958599e-03,2.157364e-03,5.175956e-03,6.891976e-03,6.204201e-03,2.260467e-03,3.631484e-03
1.425738e-01,2.451575e-03,2.593665e-02,3.914880e-02,2.992132e-03,3.830951e-03,2.708680e-03,5.377668e-01,1.979775e-03,9.006775e-03,9.836620e-02,3.661273e-02,1.880493e-02,7.385962e-02,3.960670e-03
9.986725e-02,1.779288e-03,1.821095e-02,4.368052e-02,2.251500e-03,2.708561e-03,1.915617e-03,3.770827e-01,1.895728e-03,1.766817e-02,2.273583e-01,4.525384e-02,3.227557e-02,1.234329e-01,4.619026e-03
7.002170e-02,1.509505e-03,1.318330e-02,7.946461e-02,2.349751e-03,1.966186e-03,1.429588e-03,2.650521e-01,1.047608e-02,2.773498e-02,2.823020e-01,6.900207e-02,3.652453e-02,1.336160e-01,5.367501e-03
4.909589e-02,1.188898e-03,9.518821e-03,5.936783e-02,2.301514e-03,1.412786e-03,1.039280e-03,1.860099e-01,1.109300e-02,4.054593e-02,2.570531e-01,1.412973e-01,5.719106e-02,1.779568e-01,4.927820e-03
3.440746e-02,8.983514e-04,6.833545e-03,4.414201e-02,2.195856e-03,1.012823e-03,7.417616e-04,1.303819e-01,1.004936e-02,5.486549e-02,2.797078e-01,2.177446e-01,5.098288e-02,1.613320e-01,4.704124e-03
2.413031e-02,6.553550e-04,4.876413e-03,3.302333e-02,2.089295e-03,9.015938e-04,5.364548e-04,9.153003e-02,8.027028e-03,8.769028e-02,3.742272e-01,1.773192e-01,4.433511e-02,1.406222e-01,1.003619e-02
1.693927e-02,5.873700e-04,3.631097e-03,2.533414e-02,1.867050e-03,8.207941e-04,3.796697e-04,6.418623e-02,6.372929e-03,9.180568e-02,4.741652e-01,1.335635e-01,3.433472e-02,1.352949e-01,1.071749e-02
1.191240e-02,4.732730e-04,2.739720e-03,1.944437e-02,2.241968e-03,6.996091e-04,2.765044e-04,4.533764e-02,4.967049e-03,9.522217e-02,5.595968e-01,1.034625e-01,2.649621e-02,1.173672e-01,9.762600e-03
8.379540e-03,4.243690e-04,2.353133e-03,1.438273e-02,2.385716e-03,8.275834e-04,2.053552e-04,3.217462e-02,3.911647e-03,8.589530e-02,6.413065e-01,7.750252e-02,1.906545e-02,1.030871e-01,8.098468e-03
5.901620e-03,3.704483e-04,2.046357e-03,1.079719e-02,2.852569e-03,7.513542e-04,1.527659e-04,2.276637e-02,3.472919e-03,7.739749e-02,7.035485e-01,6.073735e-02,1.368883e-02,8.872353e-02,6.792759e-03
4.376097e-03,5.585358e-04,2.432060e-03,7.959941e-03,3.467399e-03,7.689558e-04,1.353679e-04,1.738162e-02,3.429958e-03,7.801603e-02,7.231064e-01,5.466510e-02,1.005220e-02,8.744962e-02,6.200759e-03
3.274812e-03,4.651928e-04,2.110709e-03,5.850778e-03,3.989251e-03,7.203041e-04,1.634127e-04,1.369912e-02,3.077929e-03,6.344932e-02,7.536309e-01,6.529876e-02,7.365052e-03,7.219114e-02,4.713439e-03
2.577172e-03,8.422560e-04,2.677512e-03,5.024920e-03,3.690738e-02,1.210668e-03,3.362810e-04,1.189739e-02,4.049582e-03,4.557065e-02,7.446400e-01,7.239407e-02,5.268147e-03,6.306168e-02,3.542304e-03
2.903355e-03,2.063292e-03,1.562979e-02,4.429671e-03,1.008198e-01,3.769652e-03,7.420145e-04,1.248302e-02,1.331155e-02,3.792952e-02,6.599885e-01,8.500390e-02,4.238991e-03,5.377316e-02,2.913801e-03
4.980338e-03,2.420496e-03,3.477520e-02,9.797247e-03,1.316421e-01,5.905386e-03,8.434344e-04,5.081547e-02,4.810484e-02,3.104351e-02,5.504366e-01,7.128747e-02,4.705552e-03,5.077815e-02,2.464227e-03
8.337525e-03,2.778561e-03,9.981722e-02,2.392576e-02,1.058577e-01,6.000703e-03,7.167239e-04,1.450247e-01,5.379312e-02,2.399353e-02,4.260660e-01,5.565042e-02,6.744191e-03,3.942933e-02,1.864431e-03
2.483336e-02,3.227522e-03,1.713575e-01,4.392761e-02,1.005918e-01,6.067426e-03,6.059218e-04,1.741406e-01,6.345766e-02,1.957434e-02,3.154880e-01,4.093232e-02,5.659238e-03,2.860224e-02,1.534417e-03
3.123228e-02,3.559982e-03,1.930804e-01,6.226084e-02,7.833572e-02,6.833631e-03,5.430664e-04,2.573345e-01,6.227988e-02,1.499564e-02,2.294503e-01,3.284695e-02,5.031145e-03,2.088087e-02,1.334740e-03
3.932370e-02,5.124680e-03,1.992639e-01,5.502361e-02,6.822058e-02,6.370533e-03,7.080169e-04,2.904701e-01,6.774660e-02,1.430281e-02,1.999234e-01,2.844177e-02,6.210219e-03,1.737547e-02,1.494614e-03
5.233106e-02,6.269215e-03,1.741274e-01,8.029325e-02,7.094536e-02,6.162410e-03,7.861851e-04,2.813323e-01,5.792990e-02,1.549210e-02,2.025358e-01,2.661152e-02,8.215138e-03,1.556952e-02,1.398805e-03
6.327293e-02,8.345034e-03,1.522696e-01,6.757276e-02,1.059174e-01,7.184926e-03,1.062398e-03,3.121880e-01,5.221145e-02,1.822750e-02,1.644947e-01,2.134549e-02,7.533708e-03,1.599254e-02,2.381569e-03
6.712048e-02,1.190113e-02,1.243266e-01,5.354433e-02,9.391667e-02,6.641714e-03,9.359226e-04,3.886293e-01,4.746440e-02,2.692324e-02,1.292632e-01,1.612558e-02,5.714136e-03,2.341884e-02,4.074449e-03
7.229462e-02,1.654487e-02,9.727388e-02,4.277754e-02,7.950272e-02,6.702420e-03,8.879117e-04,4.170306e-01,4.928230e-02,4.257376e-02,1.008105e-01,1.200846e-02,4.453935e-03,5.300465e-02,4.851783e-03
6.891479e-02,4.982457e-02,9.462348e-02,1.017573e-01,1.022283e-01,6.761459e-03,1.089295e-03,3.116045e-01,8.452064e-02,3.276651e-02,7.914056e-02,1.258342e-02,5.715373e-03,4.200604e-02,6.463779e-03
5.054522e-02,4.885862e-02,6.983540e-02,2.542616e-01,8.218972e-02,5.133647e-03,8.287347e-04,2.186900e-01,6.890127e-02,2.402978e-02,1.235678e-01,9.683975e-03,8.030517e-03,3.016427e-02,5.279435e-03
3.766248e-02,3.651428e-02,4.933067e-02,2.141021e-01,7.141185e-02,4.473768e-03,6.300573e-04,1.536140e-01,5.707154e-02,2.034650e-02,2.208716e-01,2.244722e-02,7.858934e-02,2.758338e-02,5.351120e-03
2.695727e-02,2.594483e-02,3.500322e-02,1.665538e-01,5.688138e-02,3.533335e-03,4.766244e-04,1.084744e-01,4.970154e-02,1.569407e-02,3.596597e-01,3.153243e-02,8.960877e-02,2.428462e-02,5.694005e-03
1.976469e-02,1.855411e-02,2.485195e-02,1.320710e-01,4.846606e-02,4.146447e-03,3.942542e-04,7.615780e-02,5.301484e-02,1.865820e-02,4.290220e-01,4.921500e-02,9.210245e-02,2.638954e-02,7.191655e-03
1.430009e-02,1.431839e-02,1.761591e-02,9.529357e-02,6.251884e-02,3.132721e-03,3.149261e-04,5.347805e-02,4.801689e-02,1.496166e-02,5.037342e-01,4.353289e-02,8.717446e-02,3.323606e-02,8.371271e-03
1.065370e-02,1.044053e-02,1.261922e-02,7.083539e-02,4.669215e-02,2.798285e-03,2.766003e-04,3.771194e-02,3.778680e-02,1.301110e-02,5.738245e-01,4.692945e-02,6.901071e-02,5.854551e-02,8.864099e-03
8.768080e-03,7.553901e-03,9.449799e-03,6.715956e-02,4.903224e-02,4.631880e-03,3.523733e-04,2.955182e-02,3.857132e-02,1.588883e-02,5.992410e-01,3.892100e-02,5.492338e-02,5.759130e-02,1.836351e-02
8.993324e-03,5.528806e-03,7.100472e-03,4.941854e-02,3.878142e-02,4.060777e-03,3.147505e-04,2.163062e-02,2.874400e-02,1.966246e-02,6.424217e-01,3.537841e-02,4.031539e-02,6.661407e-02,3.103531e-02
8.513488e-03,4.281969e-03,5.792190e-03,3.540938e-02,3.444280e-02,3.333027e-03,3.395023e-04,1.656891e-02,2.112078e-02,2.290330e-02,6.645810e-01,3.114654e-02,2.967057e-02,7.351601e-02,4.838053e-02
6.432534e-03,3.345618e-03,4.857400e-03,2.527902e-02,3.588587e-02,3.355452e-03,5.760955e-04,1.362576e-02,1.700040e-02,1.920782e-02,6.989368e-01,2.934166e-02,2.156981e-02,6.766008e-02,5.292568e-02
5.054724e-03,3.222037e-03,4.848857e-03,1.818176e-02,4.634767e-02,3.502293e-03,7.826193e-04,1.107954e-02,1.391391e-02,1.396382e-02,7.147528e-01,2.481215e-02,1.568167e-02,6.682311e-02,5.703310e-02
6.799636e-03,2.926107e-03,1.318989e-02,1.312392e-02,4.390515e-02,4.022741e-03,1.371968e-03,8.694754e-03,1.309802e-02,1.110979e-02,7.461145e-01,2.416065e-02,1.175987e-02,5.387912e-02,4.584387e-02
1.860754e-02,2.802444e-03,2.428846e-02,1.010850e-02,3.271187e-02,3.494507e-03,1.188534e-03,1.565824e-02,1.166732e-02,9.922806e-03,7.490700e-01,2.465496e-02,1.014951e-02,5.195248e-02,3.372281e-02
1.698647e-02,2.616712e-03,7.223438e-02,7.977634e-03,2.664210e-02,5.760479e-03,1.269127e-03,5.395393e-02,1.468088e-02,7.568965e-03,6.899132e-01,2.170836e-02,1.049796e-02,4.373704e-02,2.445281e-02
3.955007e-02,4.263627e-03,1.965827e-01,8.482667e-03,3.481891e-02,1.231702e-02,2.904511e-03,7.437392e-02,2.349387e-02,6.327001e-03,5.176259e-01,1.733903e-02,8.689091e-03,3.545377e-02,1.777792e-02
3.545967e-02,4.813892e-03,3.751266e-01,6.727809e-03,2.853739e-02,1.424230e-02,2.749803e-03,7.166642e-02,2.090436e-02,4.705377e-03,3.732418e-01,1.267886e-02,6.755571e-03,2.962797e-02,1.276216e-02
4.508088e-02,5.633564e-03,4.427755e-01,6.683818e-03,2.495879e-02,2.608193e-02,2.703468e-03,9.059143e-02,2.037314e-02,4.097020e-03,2.662420e-01,9.369083e-03,5.519296e-03,4.037397e-02,9.516068e-03
3.700849e-02,5.632628e-03,4.356096e-01,5.734170e-03,2.318230e-02,2.260409e-02,2.385777e-03,1.953485e-01,1.632713e-02,3.170257e-03,1.879648e-01,6.796856e-03,4.673053e-03,4.678406e-02,6.778268e-03
2.727089e-02,4.234657e-03,3.514319e-01,4.660982e-03,1.868979e-02,1.636291e-02,2.043795e-03,3.779941e-01,1.296559e-02,2.338902e-03,1.321110e-01,4.889790e-03,3.474678e-03,3.673854e-02,4.792501e-03
2.388590e-02,4.399449e-03,4.192632e-01,9.866985e-03,2.212615e-02,1.202936e-02,1.739414e-03,3.434924e-01,3.114261e-02,1.926365e-03,9.309738e-02,3.678191e-03,2.906515e-03,2.682194e-02,3.624041e-03
2.473202e-02,6.365571e-03,4.607510e-01,1.283973e-02,4.626476e-02,9.300509e-03,2.277029e-03,2.739909e-01,5.739214e-02,4.580334e-03,6.741806e-02,4.124667e-03,4.090833e-03,2.214625e-02,3.726159e-03
2.086505e-02,6.197124e-03,3.326935e-01,1.730439e-02,7.371189e-02,7.307397e-03,2.129822e-03,2.072615e-01,4.913614e-02,1.076335e-02,9.328793e-02,1.222691e-01,3.547143e-02,1.714894e-02,4.452357e-03
2.029474e-02,5.724923e-03,2.354838e-01,1.670931e-02,7.058125e-02,7.525582e-03,2.137950e-03,1.658936e-01,4.364541e-02,8.370845e-03,9.890659e-02,1.434879e-01,1.611753e-01,1.258496e-02,7.477713e-03
1.646659e-02,5.201117e-03,1.657379e-01,1.242761e-02,5.479932e-02,7.320251e-03,1.695742e-03,1.184001e-01,6.803253e-02,6.281420e-03,9.029470e-02,1.899500e-01,2.472543e-01,8.977441e-03,7.160956e-03
1.335796e-02,5.150944e-03,1.176398e-01,1.292329e-02,4.358013e-02,7.440632e-03,1.969181e-03,9.708802e-02,1.768690e-01,5.646537e-03,8.147871e-02,1.849079e-01,2.385235e-01,6.468074e-03,6.956446e-03
9.822306e-03,7.209405e-03,8.355023e-02,4.412339e-02,4.348775e-02,6.632478e-03,1.530941e-03,6.804081e-02,3.135179e-01,4.338138e-03,6.101359e-02,1.362619e-01,2.088570e-01,4.619409e-03,6.994852e-03
7.373358e-03,5.714132e-03,5.933589e-02,3.810545e-02,3.191442e-02,5.836813e-03,1.183019e-03,4.783352e-02,2.282981e-01,3.289784e-03,6.266467e-02,1.181323e-01,3.765882e-01,3.318485e-03,1.041186e-02
5.563018e-03,4.163766e-03,4.205972e-02,2.971269e-02,2.344630e-02,6.015608e-03,1.039031e-03,3.381252e-02,1.627234e-01,2.440233e-03,4.726021e-02,1.101864e-01,5.184144e-01,2.391700e-03,1.077099e-02
4.986602e-03,3.267746e-03,2.999976e-02,2.640861e-02,1.727479e-02,8.890389e-03,9.409961e-04,2.399760e-02,1.167937e-01,2.107926e-03,3.619017e-02,1.144989e-01,6.024916e-01,2.030891e-03,1.012040e-02
5.641825e-03,6.108408e-03,2.177844e-02,1.958018e-02,1.368162e-02,9.935471e-03,1.070793e-03,1.731038e-02,9.083629e-02,1.972429e-03,3.085418e-02,9.375446e-02,6.767025e-01,1.677850e-03,9.095159e-03
6.665329e-03,4.803389e-03,1.755732e-02,1.699201e-02,1.287369e-02,8.987197e-03,1.893142e-03,1.424036e-02,6.616798e-02,1.904944e-03,2.439951e-02,7.574018e-02,7.371411e-01,1.368919e-03,9.264862e-03
1.200988e-02,4.534530e-03,1.861291e-02,1.570898e-02,1.228052e-02,1.078314e-01,3.026791e-03,1.091946e-02,4.943812e-02,3.211305e-03,2.391922e-02,6.357148e-02,6.663373e-01,1.429848e-03,7.168157e-03
2.868629e-02,4.707536e-03,2.177245e-02,1.428052e-02,1.362316e-02,8.481348e-02,3.179570e-03,9.485100e-03,3.888498e-02,8.528089e-03,2.422825e-02,5.551636e-02,6.839235e-01,1.934327e-03,6.436337e-03
3.250507e-02,4.961776e-03,1.777647e-02,1.198458e-02,1.712664e-02,6.143584e-02,2.661600e-03,8.135436e-03,3.769780e-02,2.379400e-02,4.676128e-02,7.857411e-02,6.465255e-01,1.945372e-03,8.114533e-03
2.983311e-02,4.152325e-03,1.326997e-02,9.383358e-03,1.459716e-02,4.358119e-02,1.905128e-03,6.660331e-03,3.238641e-02,2.620482e-02,2.179121e-01,1.083637e-01,4.818709e-01,2.297866e-03,7.581540e-03
2.459618e-02,3.228535e-03,1.569314e-02,9.691458e-03,1.212348e-02,3.126952e-02,1.381242e-03,1.399861e-02,3.160829e-02,2.670123e-02,2.616146e-01,1.637342e-01,3.936048e-01,2.136838e-03,8.618025e-03
1.957682e-02,2.791798e-03,1.558039e-02,1.032772e-02,9.703129e-03,2.424628e-02,1.014847e-03,1.341342e-02,3.767980e-02,2.338908e-02,3.186919e-01,1.945175e-01,3.152229e-01,6.040103e-03,7.804312e-03
1.694784e-02,2.277202e-03,1.557257e-02,1.749557e-02,8.491089e-03,1.840927e-02,7.755967e-04,1.523253e-02,6.612469e-02,1.998601e-02,3.786941e-01,1.692819e-01,2.518700e-01,1.075192e-02,8.089854e-03
1.284258e-02,1.782123e-03,1.411201e-02,2.027057e-02,7.290598e-03,1.356232e-02,6.187360e-04,1.572625e-02,1.187669e-01,1.663929e-02,3.574053e-01,1.846876e-01,2.154527e-01,1.162175e-02,9.221343e-03
1.131708e-02,2.260111e-03,8.481262e-02,3.354876e-02,1.364715e-02,1.292128e-02,6.994092e-04,1.504137e-02,1.596392e-01,1.329280e-02,3.450292e-01,1.346075e-01,1.555067e-01,1.022577e-02,7.450986e-03
8.079615e-03,7.245284e-03,6.254794e-02,2.672204e-02,1.025243e-02,9.818774e-03,5.021754e-04,1.059846e-02,3.919289e-01,9.474949e-03,2.450610e-01,9.544092e-02,1.094115e-01,7.330462e-03,5.585594e-03
5.735140e-03,6.499359e-03,4.423671e-02,3.758764e-02,7.818138e-03,7.789155e-03,3.526533e-04,7.466090e-03,5.511054e-01,6.978194e-03,1.718329e-01,6.686617e-02,7.664359e-02,5.148485e-03,3.940365e-03
4.187013e-03,7.100523e-03,3.107379e-02,5.380685e-02,9.341193e-03,5.891874e-03,2.500725e-04,5.498552e-03,6.487454e-01,5.680583e-03,1.213463e-01,4.684774e-02,5.375268e-02,3.628760e-03,2.848623e-03
3.526255e-03,7.347686e-03,2.190829e-02,7.067806e-02,1.182803e-02,4.977295e-03,1.932329e-04,4.386730e-03,7.079749e-01,5.196693e-03,8.645146e-02,3.290338e-02,3.780563e-02,2.574010e-03,2.248298e-03
1.113280e-02,1.140185e-02,1.609552e-02,1.483498e-01,1.634713e-02,6.729477e-03,2.169776e-04,5.565570e-03,6.390074e-01,5.220014e-03,8.067453e-02,2.474038e-02,2.948676e-02,2.027302e-03,3.004336e-03
1.287756e-02,1.445094e-02,1.204866e-02,1.738216e-01,1.690141e-02,6.346574e-03,2.827120e-04,4.498344e-03,6.248985e-01,5.292733e-03,7.589947e-02,1.901717e-02,2.811777e-02,1.707352e-03,3.839154e-03
2.261514e-02,1.596661e-02,9.223695e-03,1.873218e-01,4.224803e-02,5.520462e-03,6.678322e-04,5.496532e-03,5.547466e-01,5.650971e-03,7.874873e-02,2.591230e-02,4.013110e-02,1.501420e-03,4.248823e-03
2.669906e-02,1.466728e-02,7.002302e-03,1.427215e-01,4.584041e-02,7.891973e-03,6.674287e-04,1.157462e-02,4.750420e-01,5.036110e-03,8.890721e-02,6.089054e-02,1.073896e-01,1.257106e-03,4.412874e-03
2.675349e-02,1.055957e-02,5.900401e-03,1.018242e-01,4.620703e-02,1.018957e-02,9.993253e-04,7.957222e-02,3.472603e-01,4.013027e-03,1.153079e-01,7.456024e-02,1.723267e-01,9.843257e-04,3.541796e-03
2.514737e-02,8.030394e-03,5.579351e-03,7.580908e-02,3.767099e-02,8.853214e-03,8.271662e-04,2.326426e-01,2.942305e-01,3.034590e-03,9.711631e-02,6.378271e-02,1.439449e-01,7.283158e-04,2.602603e-03
2.135517e-02,5.966261e-03,5.303134e-03,5.478854e-02,2.892371e-02,6.590741e-03,6.832832e-04,4.117925e-01,2.310680e-01,2.284436e-03,7.557946e-02,4.725019e-02,1.060122e-01,5.231026e-04,1.879323e-03
1.640632e-02,4.965744e-03,4.633022e-03,4.026883e-02,2.239509e-02,5.290861e-03,6.232319e-04,5.746051e-01,1.659857e-01,1.654597e-03,5.367602e-02,3.323982e-02,7.448948e-02,3.753263e-04,1.390914e-03
1.663817e-02,6.501790e-03,6.071120e-03,3.116057e-02,1.980989e-02,4.764528e-03,9.652531e-04,6.725115e-01,1.229581e-01,1.274749e-03,3.810743e-02,2.352634e-02,5.390216e-02,3.172469e-04,1.491172e-03
1.738814e-02,5.777264e-03,7.014540e-03,2.680083e-02,2.447367e-02,3.820733e-03,1.295223e-03,7.369851e-01,9.134216e-02,9.791828e-04,2.765664e-02,1.667425e-02,3.819393e-02,2.703699e-04,1.327937e-03
1.688561e-02,4.585118e-03,6.309001e-03,2.096040e-02,2.276199e-02,3.320706e-03,1.028867e-03,7.958988e-01,6.753606e-02,7.910875e-04,1.983385e-02,1.186994e-02,2.694395e-02,2.587773e-04,1.015826e-03
1.966493e-02,3.644396e-03,6.137991e-03,1.667314e-02,2.560517e-02,2.741611e-03,9.215477e-04,8.298804e-01,5.123116e-02,6.428661e-04,1.435711e-02,8.456751e-03,1.899986e-02,2.649590e-04,7.780964e-04
2.078877e-02,3.169955e-03,6.209274e-03,1.332758e-02,2.227537e-02,2.316341e-03,8.704339e-04,8.625238e-01,3.735945e-02,5.530050e-04,1.023995e-02,6.107580e-03,1.338030e-02,2.575807e-04,6.206200e-04
2.483469e-02,3.021817e-03,5.400781e-03,1.187547e-02,2.097010e-02,2.403123e-03,8.874817e-04,8.789079e-01,2.825429e-02,5.284065e-04,7.543407e-03,4.639900e-03,9.585733e-03,3.692465e-04,7.776264e-04
2.606885e-02,2.639212e-03,4.455488e-03,1.005153e-02,2.016004e-02,2.389449e-03,8.602206e-04,8.949627e-01,2.083307e-02,4.919410e-04,5.553084e-03,3.551526e-03,6.872668e-03,3.556879e-04,7.544999e-04
3.683476e-02,2.955690e-03,4.063617e-03,9.034481e-03,1.846718e-02,2.969917e-03,7.892470e-04,8.927797e-01,1.676467e-02,5.789320e-04,4.277811e-03,3.461281e-03,5.074217e-03,3.869381e-04,1.561460e-03
4.885410e-02,3.360758e-03,3.316274e-03,8.055240e-03,1.683434e-02,2.830039e-03,7.239407e-04,8.876557e-01,1.421389e-02,5.999996e-04,3.377330e-03,3.949497e-03,3.972532e-03,3.960051e-04,1.860218e-03
7.069957e-02,3.262568e-03,2.752955e-03,8.177571e-03,1.435520e-02,2.710567e-03,8.909953e-04,8.702204e-01,1.150733e-02,6.767879e-04,3.071073e-03,5.539131e-03,3.356718e-03,4.381702e-04,2.340900e-03
1.075242e-01,3.009667e-03,2.406311e-03,7.997241e-03,1.131432e-02,3.083609e-03,1.440567e-03,8.383445e-01,8.769778e-03,6.639424e-04,2.872947e-03,6.554446e-03,2.983086e-03,4.612313e-04,2.574215e-03
1.472808e-01,2.659356e-03,2.100713e-03,7.525750e-03,8.943743e-03,3.474569e-03,1.639131e-03,8.033085e-01,6.750758e-03,5.892110e-04,2.767622e-03,7.165500e-03,2.794112e-03,4.811487e-04,2.519064e-03
1.234311e-01,2.588314e-03,1.819112e-03,2.049460e-02,6.789174e-03,4.887046e-03,1.384104e-03,6.647621e-01,6.342857e-03,6.262438e-04,8.229977e-03,8.074667e-02,7.500049e-02,5.331720e-04,2.365073e-03
9.832957e-02,2.221597e-03,1.626194e-03,3.039544e-02,6.041651e-03,7.428902e-03,1.458884e-03,4.926152e-01,7.047274e-03,8.201295e-04,2.313867e-02,7.513437e-02,2.438235e-01,6.381384e-04,9.280526e-03
7.310395e-02,1.690859e-03,1.389786e-03,2.396579e-02,4.986410e-03,6.157977e-03,1.189173e-03,3.540262e-01,6.755184e-03,9.031796e-04,2.470901e-02,5.773919e-02,4.200135e-01,9.640487e-04,2.240581e-02
5.657106e-02,1.238190e-03,1.259466e-03,1.698614e-02,5.645278e-03,4.948816e-03,1.062600e-03,2.506205e-01,6.539991e-03,8.238321e-04,2.444277e-02,4.448324e-02,5.244426e-01,8.825518e-04,6.005302e-02
4.495553e-02,9.314023e-04,1.124312e-03,1.197586e-02,5.486327e-03,4.040543e-03,1.249314e-03,1.770693e-01,8.853924e-03,7.712043e-04,2.591141e-02,3.668241e-02,5.365113e-01,7.755174e-04,1.436617e-01
3.524503e-02,7.268271e-04,8.672815e-04,8.455978e-03,6.094983e-03,3.286935e-03,1.616411e-03,1.262334e-01,1.843780e-02,9.095895e-04,2.637327e-02,3.400782e-02,5.928253e-01,6.171655e-04,1.443023e-01
2.687033e-02,6.293907e-04,7.614556e-04,5.998491e-03,1.093530e-02,2.578727e-03,1.956360e-03,9.142714e-02,2.342601e-02,1.435429e-03,2.502240e-02,3.165703e-02,6.568807e-01,5.336475e-04,1.198876e-01
1.920109e-02,1.065591e-03,1.655374e-03,4.437240e-03,2.055007e-02,2.039175e-03,1.928629e-03,6.775014e-02,2.552040e-02,1.811060e-03,2.167051e-02,4.249921e-02,6.964558e-01,7.900968e-04,9.262567e-02
1.475947e-02,7.075249e-03,3.047501e-03,3.631959e-03,6.029910e-02,3.441767e-03,2.765618e-03,5.832781e-02,1.454444e-01,1.918431e-03,1.949481e-02,3.576984e-02,5.695472e-01,7.959590e-04,7.368092e-02
1.232812e-02,1.141607e-02,3.819400e-03,3.107374e-03,7.114080e-02,6.673412e-03,2.730597e-03,5.104897e-02,2.546204e-01,3.188926e-03,1.930757e-02,3.545356e-02,4.659337e-01,9.594000e-04,5.827165e-02
1.314270e-02,2.345411e-02,5.139577e-03,3.180747e-03,8.473657e-02,1.568498e-02,2.458185e-03,5.369714e-02,3.219820e-01,5.132840e-03,2.249312e-02,3.053511e-02,3.660105e-01,1.205169e-03,5.114724e-02
1.467070e-02,4.168715e-02,5.722457e-03,3.308434e-03,8.579734e-02,3.002219e-02,2.184321e-03,5.614895e-02,3.774496e-01,6.327557e-03,2.352025e-02,2.553212e-02,2.743597e-01,1.506513e-03,5.176266e-02
2.553197e-02,4.946992e-02,6.389525e-03,4.306408e-03,9.428632e-02,5.021409e-02,4.200619e-03,6.613998e-02,3.839911e-01,9.235671e-03,2.493406e-02,2.449188e-02,2.088304e-01,1.786551e-03,4.619140e-02
3.143199e-02,4.896130e-02,6.878360e-03,3.838031e-03,8.885565e-02,7.877134e-02,6.624136e-03,6.455909e-02,3.834043e-01,8.010759e-03,2.479306e-02,2.375114e-02,1.798766e-01,2.211486e-03,4.803275e-02
5.279667e-02,4.781019e-02,5.610330e-03,3.666178e-03,7.712778e-02,1.031597e-01,6.057398e-03,5.840752e-02,3.810707e-01,6.336009e-03,2.039931e-02,2.774798e-02,1.664227e-01,2.413569e-03,4.097410e-02
1.178766e-01,3.921109e-02,4.482413e-03,4.982363e-03,7.058088e-02,1.060583e-01,7.477337e-03,4.866964e-02,3.235507e-01,5.460283e-03,1.655877e-02,4.251862e-02,1.743504e-01,2.753459e-03,3.546922e-02
1.906367e-01,3.185007e-02,3.853124e-03,8.577411e-03,7.412631e-02,9.514303e-02,1.543842e-02,6.043191e-02,2.739275e-01,5.502180e-03,1.361746e-02,3.938963e-02,1.531537e-01,3.213920e-03,3.113877e-02
2.203281e-01,3.203193e-02,3.482194e-03,9.512692e-03,7.406223e-02,9.742160e-02,1.521924e-02,5.704381e-02,2.821398e-01,4.608093e-03,1.080974e-02,3.502518e-02,1.306481e-01,2.879294e-03,2.478808e-02
1.920176e-01,3.301769e-02,4.905598e-03,1.125007e-02,6.835845e-02,8.686892e-02,1.526709e-02,7.134342e-02,3.495155e-01,4.961203e-03,8.966666e-03,2.904871e-02,1.013459e-01,2.924472e-03,2.020878e-02
1.731130e-01,3.191355e-02,4.142565e-03,1.012298e-02,5.457942e-02,7.284402e-02,1.277862e-02,8.752090e-02,4.135915e-01,4.883525e-03,7.121640e-03,2.960292e-02,7.800771e-02,2.541583e-03,1.723605e-02
1.463902e-01,2.711408e-02,3.874574e-03,1.827516e-02,4.232056e-02,8.850306e-02,9.978288e-03,1.078051e-01,4.452146e-01,3.879902e-03,5.716184e-03,2.805693e-02,5.786011e-02,1.924328e-03,1.308697e-02
1.270591e-01,2.458634e-02,3.325527e-03,1.502990e-02,3.318131e-02,9.549870e-02,9.869334e-03,9.656860e-02,5.092717e-01,3.082383e-03,4.474115e-03,2.115077e-02,4.531469e-02,1.492807e-03,1.009470e-02
1.196912e-01,3.245461e-02,3.348264e-03,1.684000e-02,2.807268e-02,1.647955e-01,8.978323e-03,9.348965e-02,4.571584e-01,3.963659e-03,3.443998e-03,1.615574e-02,3.815886e-02,1.347892e-03,1.210126e-02
1.536340e-01,2.929374e-02,4.982784e-03,2.227152e-02,2.851049e-02,1.782179e-01,8.602836e-03,8.027980e-02,3.900083e-01,1.793789e-02,8.316681e-03,1.876103e-02,3.346078e-02,2.391328e-03,2.333094e-02
1.122345e-01,2.178616e-02,5.500186e-03,7.690917e-02,2.513816e-02,1.427166e-01,6.621437e-03,5.826113e-02,2.929700e-01,9.772140e-02,3.542513e-02,3.855991e-02,4.525440e-02,2.414299e-03,3.848751e-02
7.926969e-02,1.596658e-02,4.659981e-03,7.853697e-02,2.071668e-02,1.101034e-01,4.829754e-03,4.196185e-02,2.193184e-01,1.284340e-01,1.112704e-01,4.639611e-02,1.003712e-01,2.480075e-03,3.568498e-02
5.645600e-02,1.288697e-02,3.938390e-03,7.712550e-02,1.775615e-02,9.839231e-02,3.521692e-03,3.007963e-02,1.685845e-01,1.644754e-01,1.716915e-01,4.514904e-02,1.132953e-01,3.035157e-03,3.361250e-02
4.015786e-02,9.372519e-03,3.943415e-03,6.375936e-02,1.543347e-02,7.269951e-02,2.513655e-03,2.308847e-02,1.300210e-01,1.242075e-01,2.796353e-01,3.747278e-02,1.514867e-01,7.155673e-03,3.905277e-02
2.884161e-02,7.695762e-03,4.527004e-03,4.635737e-02,1.396656e-02,5.236381e-02,1.828474e-03,1.637484e-02,9.623674e-02,9.284876e-02,2.457898e-01,2.904797e-02,1.298690e-01,1.192957e-01,1.149567e-01
2.084820e-02,6.741474e-03,4.878688e-03,3.466279e-02,1.394872e-02,3.871878e-02,1.350224e-03,1.165864e-02,7.261254e-02,7.322036e-02,2.488948e-01,2.372289e-02,1.090750e-01,1.949873e-01,1.446796e-01
1.511797e-02,1.062619e-02,4.097689e-03,2.578912e-02,1.157871e-02,2.773604e-02,9.708044e-04,9.021701e-03,1.146429e-01,5.560002e-02,2.314377e-01,2.082147e-02,8.502874e-02,2.595325e-01,1.279984e-01
1.085596e-02,2.067126e-02,3.160754e-03,1.837833e-02,9.035443e-03,2.023470e-02,6.929575e-04,6.607578e-03,1.539455e-01,4.087529e-02,1.742481e-01,1.798129e-02,6.339999e-02,3.082277e-01,1.516852e-01
8.295878e-03,2.679920e-02,2.414313e-03,1.322282e-02,6.756585e-03,1.622687e-02,5.146505e-04,4.831952e-03,2.231682e-01,3.190187e-02,1.600602e-01,1.458918e-02,4.620709e-02,3.103012e-01,1.347099e-01
6.812187e-03,2.094741e-02,2.184924e-03,1.347836e-02,6.778392e-03,1.634575e-02,4.420578e-04,8.960438e-03,3.194385e-01,2.507205e-02,1.308133e-01,1.218420e-02,3.551382e-02,3.055641e-01,9.546451e-02
6.504135e-03,1.947851e-02,4.408538e-03,2.314554e-02,8.625032e-02,1.342937e-02,2.355133e-03,8.396757e-03,3.309058e-01,1.910031e-02,1.417965e-01,9.551173e-03,2.695886e-02,2.403040e-01,6.741510e-02
8.219871e-03,1.473916e-02,3.655927e-02,5.366587e-02,1.652187e-01,1.037139e-02,3.448881e-03,3.534286e-02,3.029993e-01,1.385905e-02,1.044384e-01,7.198401e-03,1.999650e-02,1.759605e-01,4.798171e-02
9.449711e-03,1.315073e-02,3.404072e-02,8.721213e-02,1.960470e-01,9.898691e-03,2.990370e-03,3.067875e-02,3.435948e-01,1.016578e-02,7.875593e-02,5.456218e-03,1.528496e-02,1.275999e-01,3.567430e-02
8.350164e-03,1.100895e-02,2.890414e-02,1.442750e-01,2.021672e-01,1.086555e-02,4.627775e-03,4.292987e-02,3.502950e-01,7.511120e-03,5.751788e-02,4.179168e-03,1.164582e-02,8.973671e-02,2.598555e-02
8.904335e-03,2.265943e-02,2.622625e-02,1.495858e-01,1.579915e-01,1.327463e-02,3.455605e-03,3.102098e-02,4.140749e-01,8.859418e-03,5.475450e-02,3.754515e-03,1.099914e-02,6.391450e-02,3.052442e-02
1.098891e-02,2.261295e-02,3.086255e-02,1.573600e-01,1.322987e-01,1.216003e-02,3.253154e-03,3.123442e-02,4.649324e-01,8.602620e-03,4.376927e-02,2.866268e-03,8.637384e-03,4.561070e-02,2.481053e-02
1.648009e-02,2.352255e-02,4.162868e-02,1.435845e-01,1.158542e-01,1.244426e-02,2.884169e-03,6.349751e-02,4.613286e-01,9.103019e-03,4.300149e-02,2.295794e-03,7.176894e-03,3.432306e-02,2.287521e-02
3.985900e-02,2.937726e-02,3.746514e-02,1.073866e-01,1.174625e-01,1.971887e-02,4.790774e-03,6.041817e-02,4.659374e-01,7.371451e-03,4.677013e-02,1.854353e-03,5.745074e-03,3.889709e-02,1.694621e-02
5.862959e-02,3.276031e-02,3.180460e-02,1.078461e-01,1.123332e-01,1.840995e-02,5.454273e-03,9.035680e-02,4.206688e-01,8.711942e-03,4.101427e-02,2.069786e-03,5.669261e-03,3.255905e-02,3.171209e-02
4.880604e-02,3.861671e-02,3.254506e-02,1.437680e-01,8.670560e-02,1.565416e-02,4.303894e-03,9.499303e-02,4.284095e-01,8.968282e-03,3.103763e-02,1.720861e-03,5.224962e-03,2.327356e-02,3.597286e-02
4.749165e-02,3.665551e-02,2.476016e-02,1.040177e-01,7.369105e-02,1.950372e-02,3.315589e-03,9.514521e-02,5.129722e-01,7.015387e-03,2.300814e-02,1.432977e-03,3.948278e-03,1.819877e-02,2.884369e-02
6.390073e-02,4.151306e-02,1.816741e-02,7.387450e-02,6.555448e-02,3.116627e-02,2.535128e-03,7.717187e-02,5.584235e-01,5.516722e-03,1.762029e-02,1.656264e-03,3.132707e-03,1.591698e-02,2.385007e-02
8.353286e-02,8.059177e-02,1.321591e-02,5.194209e-02,5.403022e-02,3.750347e-02,1.862702e-03,5.648134e-02,5.578216e-01,5.008156e-03,1.419290e-02,1.850202e-03,2.650954e-03,2.112077e-02,1.819509e-02
8.611621e-02,9.059501e-02,9.727256e-03,3.672022e-02,4.225659e-02,7.427587e-02,1.412753e-03,4.003305e-02,5.536555e-01,5.362852e-03,1.187967e-02,2.443003e-03,7.769988e-03,2.161065e-02,1.614134e-02
7.621357e-02,7.682386e-02,7.220144e-03,2.629206e-02,3.236241e-02,1.549601e-01,1.285549e-03,2.918614e-02,5.402809e-01,4.117030e-03,9.769153e-03,4.783354e-03,8.009480e-03,1.659614e-02,1.210013e-02
8.110648e-02,5.710896e-02,7.246291e-03,1.932081e-02,2.550659e-02,2.899403e-01,1.400508e-03,2.195857e-02,4.377171e-01,3.414301e-03,1.047040e-02,1.276506e-02,1.045501e-02,1.265469e-02,8.934938e-03
5.845716e-02,4.067042e-02,5.676761e-03,1.389825e-02,1.810540e-02,2.055441e-01,1.010741e-03,1.540760e-02,3.086702e-01,4.353944e-03,7.761762e-03,9.190139e-03,7.751112e-03,1.710523e-02,2.863972e-01
4.321326e-02,2.941477e-02,4.222536e-03,9.962329e-03,1.282455e-02,1.460027e-01,7.420976e-04,1.087053e-02,2.202856e-01,4.508702e-03,5.928696e-03,6.679695e-03,7.574464e-03,1.721177e-02,4.805583e-01
