1.000000e+00,0.000000e+00,0.000000e+00,0.000000e+00,0.000000e+00,0.000000e+00,0.000000e+00,0.000000e+00,0.000000e+00,0.000000e+00,0.000000e+00,0.000000e+00,0.000000e+00,0.000000e+00,0.000000e+00
1.000000e+00,0.000000e+00,0.000000e+00,0.000000e+00,0.000000e+00,0.000000e+00,0.000000e+00,0.000000e+00,0.000000e+00,0.000000e+00,0.000000e+00,0.000000e+00,0.000000e+00,0.000000e+00,0.000000e+00
1.000000e+00,0.000000e+00,0.000000e+00,0.000000e+00,0.000000e+00,0.000000e+00,0.000000e+00,0.000000e+00,0.000000e+00,0.000000e+00,0.000000e+00,0.000000e+00,0.000000e+00,0.000000e+00,0.000000e+00
1.000000e+00,0.000000e+00,0.000000e+00,0.000000e+00,0.000000e+00,0.000000e+00,0.000000e+00,0.000000e+00,0.000000e+00,0.000000e+00,0.000000e+00,0.000000e+00,0.000000e+00,0.000000e+00,0.000000e+00
1.000000e+00,0.000000e+00,0.000000e+00,0.000000e+00,0.000000e+00,0.000000e+00,0.000000e+00,0.000000e+00,0.000000e+00,0.000000e+00,0.000000e+00,0.000000e+00,0.000000e+00,0.000000e+00,0.000000e+00
1.000000e+00,0.000000e+00,0.000000e+00,0.000000e+00,0.000000e+00,0.000000e+00,0.000000e+00,0.000000e+00,0.000000e+00,0.000000e+00,0.000000e+00,0.000000e+00,0.000000e+00,0.000000e+00,0.000000e+00
1.000000e+00,0.000000e+00,0.000000e+00,0.000000e+00,0.000000e+00,0.000000e+00,0.000000e+00,0.000000e+00,0.000000e+00,0.000000e+00,0.000000e+00,0.000000e+00,0.000000e+00,0.000000e+00,0.000000e+00
1.000000e+00,0.000000e+00,0.000000e+00,0.000000e+00,0.000000e+00,0.000000e+00,0.000000e+00,0.000000e+00,0.000000e+00,0.000000e+00,0.000000e+00,0.000000e+00,0.000000e+00,0.000000e+00,0.000000e+00
1.000000e+00,0.000000e+00,0.000000e+00,0.000000e+00,0.000000e+00,0.000000e+00,0.000000e+00,0.000000e+00,0.000000e+00,0.000000e+00,0.000000e+00,0.000000e+00,0.000000e+00,0.000000e+00,0.000000e+00
1.000000e+00,0.000000e+00,0.000000e+00,0.000000e+00,0.000000e+00,0.000000e+00,0.000000e+00,0.000000e+00,0.000000e+00,0.000000e+00,0.000000e+00,0.000000e+00,0.000000e+00,0.000000e+00,0.000000e+00
1.000000e+00,0.000000e+00,0.000000e+00,0.000000e+00,0.000000e+00,0.000000e+00,0.000000e+00,0.000000e+00,0.000000e+00,0.000000e+00,0.000000e+00,0.000000e+00,0.000000e+00,0.000000e+00,0.000000e+00
1.000000e+00,0.000000e+00,0.000000e+00,0.000000e+00,0.000000e+00,0.000000e+00,0.000000e+00,0.000000e+00,0.000000e+00,0.000000e+00,0.000000e+00,0.000000e+00,0.000000e+00,0.000000e+00,0.000000e+00
1.000000e+00,0.000000e+00,0.000000e+00,0.000000e+00,0.000000e+00,0.000000e+00,0.000000e+00,0.000000e+00,0.000000e+00,0.000000e+00,0.000000e+00,0.000000e+00,0.000000e+00,0.000000e+00,0.000000e+00
1.000000e+00,0.000000e+00,0.000000e+00,0.000000e+00,0.000000e+00,0.000000e+00,0.000000e+00,0.000000e+00,0.000000e+00,0.000000e+00,0.000000e+00,0.000000e+00,0.000000e+00,0.000000e+00,0.000000e+00
1.000000e+00,0.000000e+00,0.000000e+00,0.000000e+00,0.000000e+00,0.000000e+00,0.000000e+00,0.000000e+00,0.000000e+00,0.000000e+00,0.000000e+00,0.000000e+00,0.000000e+00,0.000000e+00,0.000000e+00
1.000000e+00,0.000000e+00,0.000000e+00,0.000000e+00,0.000000e+00,0.000000e+00,0.000000e+00,0.000000e+00,0.000000e+00,0.000000e+00,0.000000e+00,0.000000e+00,0.000000e+00,0.000000e+00,0.000000e+00
1.000000e+00,0.000000e+00,0.000000e+00,0.000000e+00,0.000000e+00,0.000000e+00,0.000000e+00,0.000000e+00,0.000000e+00,0.000000e+00,0.000000e+00,0.000000e+00,0.000000e+00,0.000000e+00,0.000000e+00
1.000000e+00,0.000000e+00,0.000000e+00,0.000000e+00,0.000000e+00,0.000000e+00,0.000000e+00,0.000000e+00,0.000000e+00,0.000000e+00,0.000000e+00,0.000000e+00,0.000000e+00,0.000000e+00,0.000000e+00
1.000000e+00,0.000000e+00,0.000000e+00,0.000000e+00,0.000000e+00,0.000000e+00,0.000000e+00,0.000000e+00,0.000000e+00,0.000000e+00,0.000000e+00,0.000000e+00,0.000000e+00,0.000000e+00,0.000000e+00
1.000000e+00,0.000000e+00,0.000000e+00,0.000000e+00,0.000000e+00,0.000000e+00,0.000000e+00,0.000000e+00,0.000000e+00,0.000000e+00,0.000000e+00,0.000000e+00,0.000000e+00,0.000000e+00,0.000000e+00
1.000000e+00,0.000000e+00,0.000000e+00,0.000000e+00,0.000000e+00,0.000000e+00,0.000000e+00,0.000000e+00,0.000000e+00,0.000000e+00,0.000000e+00,0.000000e+00,0.000000e+00,0.000000e+00,0.000000e+00
1.000000e+00,0.000000e+00,0.000000e+00,0.000000e+00,0.000000e+00,0.000000e+00,0.000000e+00,0.000000e+00,0.000000e+00,0.000000e+00,0.000000e+00,0.000000e+00,0.000000e+00,0.000000e+00,0.000000e+00
1.000000e+00,0.000000e+00,0.000000e+00,0.000000e+00,0.000000e+00,0.000000e+00,0.000000e+00,0.000000e+00,0.000000e+00,0.000000e+00,0.000000e+00,0.000000e+00,0.000000e+00,0.000000e+00,0.000000e+00
1.000000e+00,0.000000e+00,0.000000e+00,0.000000e+00,0.000000e+00,0.000000e+00,0.000000e+00,0.000000e+00,0.000000e+00,0.000000e+00,0.000000e+00,0.000000e+00,0.000000e+00,0.000000e+00,0.000000e+00
1.000000e+00,0.000000e+00,0.000000e+00,0.000000e+00,0.000000e+00,0.000000e+00,0.000000e+00,0.000000e+00,0.000000e+00,0.000000e+00,0.000000e+00,0.000000e+00,0.000000e+00,0.000000e+00,0.000000e+00
1.000000e+00,0.000000e+00,0.000000e+00,0.000000e+00,0.000000e+00,0.000000e+00,0.000000e+00,0.000000e+00,0.000000e+00,0.000000e+00,0.000000e+00,0.000000e+00,0.000000e+00,0.000000e+00,0.000000e+00
1.000000e+00,0.000000e+00,0.000000e+00,0.000000e+00,0.000000e+00,0.000000e+00,0.000000e+00,0.000000e+00,0.000000e+00,0.000000e+00,0.000000e+00,0.000000e+00,0.000000e+00,0.000000e+00,0.000000e+00
1.000000e+00,0.000000e+00,0.000000e+00,0.000000e+00,0.000000e+00,0.000000e+00,0.000000e+00,0.000000e+00,0.000000e+00,0.000000e+00,0.000000e+00,0.000000e+00,0.000000e+00,0.000000e+00,0.000000e+00
1.000000e+00,0.000000e+00,0.000000e+00,0.000000e+00,0.000000e+00,0.000000e+00,0.000000e+00,0.000000e+00,0.000000e+00,0.000000e+00,0.000000e+00,0.000000e+00,0.000000e+00,0.000000e+00,0.000000e+00
1.000000e+00,0.000000e+00,0.000000e+00,0.000000e+00,0.000000e+00,0.000000e+00,0.000000e+00,0.000000e+00,0.000000e+00,0.000000e+00,0.000000e+00,0.000000e+00,0.000000e+00,0.000000e+00,0.000000e+00
1.000000e+00,0.000000e+00,0.000000e+00,0.000000e+00,0.000000e+00,0.000000e+00,0.000000e+00,0.000000e+00,0.000000e+00,0.000000e+00,0.000000e+00,0.000000e+00,0.000000e+00,0.000000e+00,0.000000e+00
1.000000e+00,0.000000e+00,0.000000e+00,0.000000e+00,0.000000e+00,0.000000e+00,0.000000e+00,0.000000e+00,0.000000e+00,0.000000e+00,0.000000e+00,0.000000e+00,0.000000e+00,0.000000e+00,0.000000e+00
1.000000e+00,0.000000e+00,0.000000e+00,0.000000e+00,0.000000e+00,0.000000e+00,0.000000e+00,0.000000e+00,0.000000e+00,0.000000e+00,0.000000e+00,0.000000e+00,0.000000e+00,0.000000e+00,0.000000e+00
1.000000e+00,0.000000e+00,0.000000e+00,0.000000e+00,0.000000e+00,0.000000e+00,0.000000e+00,0.000000e+00,0.000000e+00,0.000000e+00,0.000000e+00,0.000000e+00,0.000000e+00,0.000000e+00,0.000000e+00
1.000000e+00,0.000000e+00,0.000000e+00,0.000000e+00,0.000000e+00,0.000000e+00,0.000000e+00,0.000000e+00,0.000000e+00,0.000000e+00,0.000000e+00,0.000000e+00,0.000000e+00,0.000000e+00,0.000000e+00
1.000000e+00,0.000000e+00,0.000000e+00,0.000000e+00,0.000000e+00,0.000000e+00,0.000000e+00,0.000000e+00,0.000000e+00,0.000000e+00,0.000000e+00,0.000000e+00,0.000000e+00,0.000000e+00,0.000000e+00
1.000000e+00,0.000000e+00,0.000000e+00,0.000000e+00,0.000000e+00,0.000000e+00,0.000000e+00,0.000000e+00,0.000000e+00,0.000000e+00,0.000000e+00,0.000000e+00,0.000000e+00,0.000000e+00,0.000000e+00
1.000000e+00,0.000000e+00,0.000000e+00,0.000000e+00,0.000000e+00,0.000000e+00,0.000000e+00,0.000000e+00,0.000000e+00,0.000000e+00,0.000000e+00,0.000000e+00,0.000000e+00,0.000000e+00,0.000000e+00
1.000000e+00,0.000000e+00,0.000000e+00,0.000000e+00,0.000000e+00,0.000000e+00,0.000000e+00,0.000000e+00,0.000000e+00,0.000000e+00,0.000000e+00,0.000000e+00,0.000000e+00,0.000000e+00,0.000000e+00
1.000000e+00,0.000000e+00,0.000000e+00,0.000000e+00,0.000000e+00,0.000000e+00,0.000000e+00,0.000000e+00,0.000000e+00,0.000000e+00,0.000000e+00,0.000000e+00,0.000000e+00,0.000000e+00,0.000000e+00
1.000000e+00,0.000000e+00,0.000000e+00,0.000000e+00,0.000000e+00,0.000000e+00,0.000000e+00,0.000000e+00,0.000000e+00,0.000000e+00,0.000000e+00,0.000000e+00,0.000000e+00,0.000000e+00,0.000000e+00
1.000000e+00,0.000000e+00,0.000000e+00,0.000000e+00,0.000000e+00,0.000000e+00,0.000000e+00,0.000000e+00,0.000000e+00,0.000000e+00,0.000000e+00,0.000000e+00,0.000000e+00,0.000000e+00,0.000000e+00
1.000000e+00,0.000000e+00,0.000000e+00,0.000000e+00,0.000000e+00,0.000000e+00,0.000000e+00,0.000000e+00,0.000000e+00,0.000000e+00,0.000000e+00,0.000000e+00,0.000000e+00,0.000000e+00,0.000000e+00
1.000000e+00,0.000000e+00,0.000000e+00,0.000000e+00,0.000000e+00,0.000000e+00,0.000000e+00,0.000000e+00,0.000000e+00,0.000000e+00,0.000000e+00,0.000000e+00,0.000000e+00,0.000000e+00,0.000000e+00
1.000000e+00,0.000000e+00,0.000000e+00,0.000000e+00,0.000000e+00,0.000000e+00,0.000000e+00,0.000000e+00,0.000000e+00,0.000000e+00,0.000000e+00,0.000000e+00,0.000000e+00,0.000000e+00,0.000000e+00
1.000000e+00,0.000000e+00,0.000000e+00,0.000000e+00,0.000000e+00,0.000000e+00,0.000000e+00,0.000000e+00,0.000000e+00,0.000000e+00,0.000000e+00,0.000000e+00,0.000000e+00,0.000000e+00,0.000000e+00
1.000000e+00,0.000000e+00,0.000000e+00,0.000000e+00,0.000000e+00,0.000000e+00,0.000000e+00,0.000000e+00,0.000000e+00,0.000000e+00,0.000000e+00,0.000000e+00,0.000000e+00,0.000000e+00,0.000000e+00
1.000000e+00,0.000000e+00,0.000000e+00,0.000000e+00,0.000000e+00,0.000000e+00,0.000000e+00,0.000000e+00,0.000000e+00,0.000000e+00,0.000000e+00,0.000000e+00,0.000000e+00,0.000000e+00,0.000000e+00
1.000000e+00,0.000000e+00,0.000000e+00,0.000000e+00,0.000000e+00,0.000000e+00,0.000000e+00,0.000000e+00,0.000000e+00,0.000000e+00,0.000000e+00,0.000000e+00,0.000000e+00,0.000000e+00,0.000000e+00
1.000000e+00,0.000000e+00,0.000000e+00,0.000000e+00,0.000000e+00,0.000000e+00,0.000000e+00,0.000000e+00,0.000000e+00,0.000000e+00,0.000000e+00,0.000000e+00,0.000000e+00,0.000000e+00,0.000000e+00
1.000000e+00,0.000000e+00,0.000000e+00,0.000000e+00,0.000000e+00,0.000000e+00,0.000000e+00,0.000000e+00,0.000000e+00,0.000000e+00,0.000000e+00,0.000000e+00,0.000000e+00,0.000000e+00,0.000000e+00
1.000000e+00,0.000000e+00,0.000000e+00,0.000000e+00,0.000000e+00,0.000000e+00,0.000000e+00,0.000000e+00,0.000000e+00,0.000000e+00,0.000000e+00,0.000000e+00,0.000000e+00,0.000000e+00,0.000000e+00
1.000000e+00,0.000000e+00,0.000000e+00,0.000000e+00,0.000000e+00,0.000000e+00,0.000000e+00,0.000000e+00,0.000000e+00,0.000000e+00,0.000000e+00,0.000000e+00,0.000000e+00,0.000000e+00,0.000000e+00
1.000000e+00,0.000000e+00,0.000000e+00,0.000000e+00,0.000000e+00,0.000000e+00,0.000000e+00,0.000000e+00,0.000000e+00,0.000000e+00,0.000000e+00,0.000000e+00,0.000000e+00,0.000000e+00,0.000000e+00
1.000000e+00,0.000000e+00,0.000000e+00,0.000000e+00,0.000000e+00,0.000000e+00,0.000000e+00,0.000000e+00,0.000000e+00,0.000000e+00,0.000000e+00,0.000000e+00,0.000000e+00,0.000000e+00,0.000000e+00
1.000000e+00,0.000000e+00,0.000000e+00,0.000000e+00,0.000000e+00,0.000000e+00,0.000000e+00,0.000000e+00,0.000000e+00,0.000000e+00,0.000000e+00,0.000000e+00,0.000000e+00,0.000000e+00,0.000000e+00
1.000000e+00,0.000000e+00,0.000000e+00,0.000000e+00,0.000000e+00,0.000000e+00,0.000000e+00,0.000000e+00,0.000000e+00,0.000000e+00,0.000000e+00,0.000000e+00,0.000000e+00,0.000000e+00,0.000000e+00
1.000000e+00,0.000000e+00,0.000000e+00,0.000000e+00,0.000000e+00,0.000000e+00,0.000000e+00,0.000000e+00,0.000000e+00,0.000000e+00,0.000000e+00,0.000000e+00,0.000000e+00,0.000000e+00,0.000000e+00
1.000000e+00,0.000000e+00,0.000000e+00,0.000000e+00,0.000000e+00,0.000000e+00,0.000000e+00,0.000000e+00,0.000000e+00,0.000000e+00,0.000000e+00,0.000000e+00,0.000000e+00,0.000000e+00,0.000000e+00
1.000000e+00,0.000000e+00,0.000000e+00,0.000000e+00,0.000000e+00,0.000000e+00,0.000000e+00,0.000000e+00,0.000000e+00,0.000000e+00,0.000000e+00,0.000000e+00,0.000000e+00,0.000000e+00,0.000000e+00
1.000000e+00,0.000000e+00,0.000000e+00,0.000000e+00,0.000000e+00,0.000000e+00,0.000000e+00,0.000000e+00,0.000000e+00,0.000000e+00,0.000000e+00,0.000000e+00,0.000000e+00,0.000000e+00,0.000000e+00
4.834571e-01,6.171324e-02,9.921584e-03,1.502562e-01,1.118749e-02,1.500241e-02,4.711209e-03,7.286094e-03,4.274905e-02,8.481956e-03,7.959321e-03,2.190728e-02,3.880271e-02,3.611696e-03,1.329526e-01
3.832150e-01,7.155546e-02,1.182756e-02,2.265623e-01,1.232187e-02,1.416854e-02,7.745032e-03,8.315103e-03,7.504675e-02,7.187436e-03,7.748470e-03,1.691578e-02,3.585345e-02,3.317632e-03,1.182196e-01
3.098947e-01,7.909165e-02,9.844178e-03,2.707809e-01,1.462267e-02,1.805431e-02,7.156342e-03,6.543220e-03,6.180212e-02,5.935010e-03,1.008222e-02,1.268875e-02,1.016338e-01,2.641690e-03,8.922851e-02
3.054696e-01,6.306839e-02,8.028272e-03,2.111769e-01,1.398630e-02,2.795405e-02,8.843696e-03,5.916931e-03,4.870716e-02,4.932792e-03,8.849985e-03,1.081853e-02,2.086284e-01,2.164343e-03,7.145474e-02
2.247660e-01,4.692356e-02,6.032158e-03,1.568632e-01,1.126997e-02,2.474592e-02,7.810559e-03,4.593133e-03,4.273669e-02,3.890206e-03,6.991325e-03,9.687537e-03,3.965901e-01,1.757095e-03,5.534250e-02
1.763687e-01,3.461317e-02,4.377278e-03,1.176044e-01,1.065829e-02,3.779814e-02,8.096474e-03,3.459001e-03,3.261517e-02,3.330578e-03,8.175071e-03,1.395450e-02,5.002390e-01,1.645637e-03,4.706473e-02
1.467063e-01,2.529160e-02,3.445589e-03,8.461671e-02,7.970683e-03,3.075218e-02,6.413982e-03,2.479260e-03,2.572730e-02,4.579475e-03,1.261187e-02,5.106358e-02,5.516838e-01,4.999468e-03,4.165824e-02
1.326097e-01,2.003831e-02,3.228850e-03,6.475885e-02,6.952503e-03,4.172704e-02,6.039058e-03,1.849437e-03,2.066660e-02,8.804798e-03,2.584695e-02,1.037549e-01,4.992339e-01,8.755125e-03,5.573405e-02
1.052521e-01,1.439150e-02,3.491965e-03,4.650057e-02,5.880142e-03,4.476504e-02,5.598291e-03,1.682278e-03,1.646005e-02,1.783229e-02,3.959873e-02,2.196042e-01,4.092272e-01,1.060414e-02,5.911154e-02
7.744922e-02,1.026079e-02,3.561624e-03,3.442344e-02,4.420454e-03,4.888950e-02,5.039820e-03,1.243041e-03,1.264057e-02,1.547845e-02,3.931988e-02,3.116516e-01,3.788810e-01,8.703199e-03,4.803745e-02
5.680234e-02,7.303741e-03,2.776111e-03,2.478370e-02,3.315830e-03,5.447382e-02,4.588935e-03,9.099204e-04,9.959221e-03,1.526112e-02,3.448647e-02,3.629686e-01,3.769282e-01,7.444703e-03,3.799734e-02
4.064981e-02,5.222691e-03,2.125611e-03,1.768818e-02,3.234963e-03,4.529124e-02,4.030523e-03,6.720150e-04,9.808729e-03,2.172251e-02,3.190059e-02,3.721316e-01,4.063666e-01,5.865763e-03,3.328927e-02
2.854265e-02,3.689617e-03,1.545960e-03,1.260087e-02,3.381195e-03,3.377736e-02,3.019560e-03,5.493189e-04,9.361624e-03,2.166312e-02,2.609708e-02,3.174497e-01,5.094633e-01,4.376572e-03,2.448209e-02
1.999777e-02,2.625746e-03,1.258547e-03,1.051279e-02,3.371827e-03,2.388241e-02,2.185669e-03,2.318624e-03,1.558315e-02,2.426043e-02,2.441593e-02,2.999224e-01,5.490208e-01,3.220909e-03,1.742304e-02
1.441581e-02,1.869116e-03,1.801295e-03,1.045339e-02,4.856216e-03,1.710358e-02,1.823013e-03,1.786628e-01,1.268670e-02,2.064719e-02,3.979429e-02,2.506624e-01,4.306566e-01,2.281912e-03,1.228554e-02
1.296659e-02,1.676331e-03,4.121095e-03,1.706027e-01,3.727407e-02,2.690477e-02,2.754906e-03,1.620684e-01,3.017040e-02,1.795399e-02,3.512345e-02,1.826539e-01,3.053907e-01,1.626465e-03,8.712206e-03
1.298479e-02,1.891003e-03,4.103373e-03,3.331921e-01,8.365120e-02,2.232371e-02,2.767206e-03,1.157760e-01,3.193884e-02,1.405141e-02,2.698712e-02,1.285994e-01,2.144213e-01,1.148543e-03,6.163968e-03
1.721619e-02,8.408816e-03,7.930874e-03,3.601543e-01,1.635736e-01,2.400776e-02,2.605137e-03,8.850566e-02,4.134478e-02,1.265772e-02,2.376912e-02,9.122340e-02,1.519003e-01,8.604811e-04,5.841865e-03
1.727541e-02,1.365985e-02,8.006170e-03,4.854018e-01,1.506443e-01,1.829150e-02,2.365325e-03,6.503934e-02,3.285822e-02,9.363807e-03,1.973495e-02,6.437284e-02,1.069909e-01,6.509043e-04,5.344752e-03
1.907495e-02,1.598138e-02,1.469984e-02,5.762763e-01,1.253248e-01,1.458265e-02,1.982159e-03,4.671783e-02,2.523521e-02,7.013211e-03,2.520781e-02,4.617158e-02,7.611655e-02,5.015004e-04,5.114302e-03
3.455469e-02,2.803918e-02,2.787782e-02,5.534939e-01,1.198818e-01,1.557698e-02,2.023540e-03,3.511164e-02,2.275534e-02,7.377200e-03,4.642753e-02,3.833195e-02,5.691681e-02,1.252270e-03,1.037946e-02
5.453274e-02,4.520101e-02,3.835727e-02,5.206950e-01,1.151479e-01,1.478418e-02,1.776603e-03,3.401591e-02,2.206371e-02,7.652243e-03,6.191354e-02,3.026011e-02,4.252388e-02,2.317580e-03,8.758418e-03
7.662784e-02,4.300406e-02,3.912441e-02,4.850468e-01,9.980910e-02,2.884537e-02,1.797872e-03,6.131679e-02,1.929315e-02,9.056268e-03,7.016908e-02,2.366649e-02,3.169243e-02,2.466775e-03,8.083600e-03
5.406021e-02,3.142356e-02,2.893416e-02,4.568683e-01,7.166980e-02,2.305301e-02,1.296254e-03,4.310920e-02,1.547043e-02,1.023425e-02,2.151765e-01,1.684142e-02,2.373452e-02,2.077282e-03,6.051265e-03
3.808647e-02,2.356022e-02,2.902042e-02,5.509291e-01,5.612178e-02,1.933680e-02,9.612883e-04,3.078609e-02,1.935153e-02,8.437399e-03,1.850660e-01,1.422128e-02,1.735443e-02,2.371849e-03,4.395351e-03
2.758709e-02,1.881225e-02,2.818005e-02,5.133046e-01,4.127511e-02,1.427148e-02,7.536130e-04,2.233437e-02,1.862392e-02,7.220298e-03,2.515847e-01,3.362300e-02,1.475144e-02,4.235669e-03,3.442440e-03
2.008716e-02,1.333316e-02,2.078247e-02,3.689995e-01,3.139103e-02,1.634494e-02,6.005540e-04,1.603819e-02,1.346302e-02,6.361743e-03,3.303897e-01,1.397611e-01,1.544970e-02,4.472364e-03,2.525449e-03
1.474367e-02,9.431025e-03,1.495239e-02,2.636613e-01,2.563466e-02,1.242225e-02,4.760009e-04,1.149981e-02,9.759079e-03,5.955815e-03,3.920662e-01,2.126499e-01,1.620099e-02,8.681878e-03,1.865154e-03
1.063456e-02,6.649567e-03,1.062491e-02,1.877123e-01,3.902852e-02,1.045495e-02,4.003146e-04,8.228555e-03,7.532524e-03,4.461465e-03,4.061201e-01,2.709602e-01,1.332894e-02,2.245476e-02,1.408355e-03
7.673378e-03,4.799290e-03,7.637362e-03,1.337461e-01,4.530711e-02,1.128155e-02,3.608215e-04,5.842530e-03,5.914037e-03,3.228383e-03,4.007447e-01,3.426122e-01,1.014888e-02,1.957535e-02,1.128286e-03
5.801039e-03,3.658206e-03,5.674246e-03,9.518506e-02,4.079911e-02,1.357116e-02,2.854511e-04,4.143442e-03,4.486362e-03,2.419056e-03,3.520570e-01,4.478839e-01,7.349034e-03,1.541697e-02,1.269933e-03
4.265177e-03,3.835187e-03,4.284832e-03,6.812284e-02,5.100967e-02,1.105235e-02,2.335761e-04,2.916260e-03,3.459139e-03,2.183606e-03,2.998099e-01,5.291802e-01,5.704084e-03,1.157677e-02,2.366404e-03
3.256983e-03,3.679835e-03,3.462921e-03,4.876926e-02,4.808884e-02,8.772651e-03,1.866504e-04,2.061791e-03,2.843422e-03,2.612556e-03,2.572675e-01,6.022798e-01,4.356780e-03,8.888518e-03,3.472444e-03
2.783328e-03,3.189087e-03,2.971718e-03,3.486678e-02,7.082770e-02,6.517600e-03,1.688888e-04,1.618700e-03,3.039438e-03,4.491872e-03,2.686748e-01,5.859202e-01,3.551784e-03,8.261958e-03,3.116153e-03
2.389700e-03,2.581362e-03,2.281995e-03,2.458614e-02,6.557338e-02,4.986561e-03,1.495955e-04,1.283495e-03,2.927514e-03,8.202491e-03,2.839038e-01,5.891935e-01,3.164731e-03,6.473375e-03,2.302400e-03
2.027662e-03,1.931005e-03,1.690627e-03,1.735320e-02,5.478952e-02,3.937482e-03,1.276614e-04,1.120205e-03,3.163667e-03,7.238328e-03,2.477254e-01,6.494311e-01,2.866757e-03,4.953578e-03,1.643758e-03
1.832962e-03,1.658897e-03,1.348772e-03,1.227865e-02,4.659244e-02,3.601835e-03,4.198596e-04,1.159105e-03,3.711342e-03,6.488387e-03,3.236457e-01,5.893446e-01,2.608250e-03,4.085883e-03,1.223331e-03
1.830911e-03,6.192129e-03,5.016437e-03,8.815669e-03,6.136826e-02,5.133197e-03,1.153694e-03,1.856040e-03,2.307744e-02,6.732936e-03,2.654268e-01,6.055389e-01,2.379734e-03,3.532956e-03,1.944817e-03
2.610397e-03,1.553180e-02,2.135574e-02,6.551243e-03,6.888741e-02,1.758445e-02,2.835252e-03,9.080367e-03,1.381307e-01,8.725375e-03,1.933056e-01,5.049924e-01,1.903192e-03,3.152716e-03,5.353335e-03
2.229050e-03,1.316682e-02,1.978887e-02,5.939336e-03,5.173405e-02,1.377656e-02,2.376457e-03,1.088261e-01,1.997234e-01,7.060845e-03,1.382852e-01,4.282383e-01,2.292817e-03,2.598447e-03,3.963656e-03
4.178093e-03,1.438547e-02,2.933217e-02,6.887734e-03,9.818090e-02,1.763564e-02,2.963540e-03,1.387799e-01,2.547313e-01,6.010278e-03,1.000529e-01,3.192849e-01,2.266473e-03,2.157628e-03,3.153107e-03
9.122064e-03,1.756790e-02,4.679111e-02,3.465583e-02,1.710925e-01,2.058900e-02,3.168194e-03,1.229130e-01,2.606443e-01,7.181047e-03,7.191944e-02,2.255016e-01,2.373511e-03,1.856176e-03,4.624404e-03
1.268731e-02,2.046807e-02,6.886938e-02,4.236570e-02,1.956258e-01,2.411697e-02,3.786227e-03,8.949997e-02,3.092799e-01,1.087599e-02,5.220468e-02,1.594196e-01,2.503941e-03,1.763024e-03,6.533427e-03
1.622395e-02,2.130583e-02,6.307593e-02,1.350640e-01,1.799677e-01,1.873557e-02,3.711978e-03,7.847819e-02,2.959623e-01,1.901613e-02,3.851298e-02,1.133425e-01,3.166568e-03,1.602822e-03,1.183344e-02
1.406307e-02,2.048045e-02,5.096753e-02,1.356596e-01,1.684619e-01,1.612269e-02,2.807484e-03,5.579931e-02,2.879518e-01,3.396232e-02,8.220708e-02,8.124796e-02,2.187561e-02,2.060919e-03,2.633227e-02
1.070333e-02,1.686801e-02,3.880253e-02,1.196648e-01,1.529015e-01,1.514411e-02,2.083319e-03,3.926866e-02,2.201175e-01,2.557685e-02,2.435359e-01,5.783816e-02,2.623495e-02,7.343335e-03,2.391702e-02
8.477814e-03,1.312730e-02,2.893766e-02,9.841475e-02,1.147603e-01,1.146943e-02,1.498697e-03,2.773760e-02,2.084054e-01,1.960026e-02,3.455491e-01,4.203685e-02,3.613188e-02,2.255757e-02,2.129549e-02
6.066464e-03,9.380404e-03,2.059629e-02,7.101411e-02,8.485888e-02,8.386073e-03,1.068993e-03,1.951445e-02,1.599817e-01,1.752475e-02,4.855458e-01,3.071623e-02,4.443955e-02,2.408094e-02,1.682544e-02
4.603772e-03,7.866800e-03,1.504952e-02,5.203604e-02,7.139996e-02,6.260473e-03,7.998175e-04,1.375091e-02,1.467777e-01,1.365951e-02,5.433470e-01,2.210723e-02,3.772253e-02,4.628442e-02,1.833433e-02
3.434043e-03,5.782224e-03,1.189330e-02,3.666352e-02,5.215057e-02,5.031173e-03,5.765690e-04,9.667311e-03,3.203970e-01,1.134355e-02,4.233465e-01,1.550613e-02,2.667623e-02,5.031217e-02,2.721979e-02
3.231549e-03,5.522687e-03,1.254580e-02,2.583089e-02,3.773445e-02,8.737861e-03,4.583673e-04,6.857092e-03,3.856937e-01,1.079806e-02,3.152238e-01,1.092726e-02,1.886503e-02,7.881473e-02,7.875881e-02
2.724288e-03,7.737335e-03,1.170390e-02,1.909139e-02,2.684452e-02,1.048099e-02,5.507242e-04,6.251898e-03,5.125163e-01,9.190252e-03,2.219058e-01,7.736639e-03,1.374862e-02,9.131281e-02,5.820451e-02
2.700836e-03,1.785493e-02,9.143697e-03,1.407707e-02,2.080062e-02,1.538384e-02,5.388180e-04,5.582357e-03,5.862314e-01,1.001669e-02,1.581775e-01,5.630712e-03,1.123168e-02,9.881309e-02,4.381679e-02
2.322917e-03,1.598757e-02,8.675926e-03,1.921235e-02,1.890157e-02,1.270254e-02,1.180558e-03,6.814834e-03,6.648525e-01,8.825387e-03,1.120185e-01,4.226692e-03,9.892454e-03,8.133380e-02,3.305238e-02
1.734242e-03,1.290863e-02,6.137229e-03,1.552043e-02,1.365031e-02,9.527943e-03,8.534793e-04,5.056398e-03,7.446983e-01,6.845492e-03,8.199399e-02,5.474176e-03,1.252588e-02,5.945504e-02,2.361839e-02
1.569642e-03,9.881658e-03,4.552828e-03,1.569332e-02,1.087656e-02,7.858766e-03,7.603431e-04,1.224425e-02,7.788071e-01,7.518201e-03,6.161983e-02,6.334843e-03,1.648293e-02,4.830017e-02,1.749953e-02
6.112474e-03,8.800086e-03,3.272814e-03,1.364714e-02,9.997327e-03,7.270810e-03,7.172134e-04,9.001805e-03,7.610315e-01,9.106153e-03,5.141558e-02,2.293975e-02,2.871012e-02,5.350279e-02,1.447438e-02
8.951282e-03,8.457139e-03,2.375039e-03,1.097335e-02,8.584313e-03,5.921460e-03,6.518931e-04,6.496140e-03,7.224433e-01,1.512310e-02,5.151183e-02,4.053911e-02,4.377390e-02,5.984865e-02,1.434949e-02
1.058287e-02,8.434813e-03,2.059342e-03,9.798791e-03,3.240078e-02,5.515927e-03,7.124562e-04,5.366394e-03,6.633150e-01,2.782481e-02,4.689604e-02,4.011116e-02,5.790286e-02,6.934398e-02,1.973477e-02
9.192493e-03,1.216450e-02,2.622853e-03,9.501734e-03,3.066277e-02,4.478415e-03,6.156835e-04,5.472264e-03,6.911597e-01,2.613818e-02,4.435607e-02,3.021811e-02,4.603111e-02,6.700927e-02,2.037689e-02
7.690881e-03,1.535231e-02,3.657948e-03,1.356580e-02,2.788540e-02,3.784075e-03,5.779528e-04,4.809109e-03,7.157573e-01,2.468056e-02,3.974289e-02,2.332405e-02,4.138736e-02,5.423093e-02,2.355350e-02
1.486968e-02,4.150869e-02,8.448106e-03,2.254275e-02,2.339066e-02,6.842342e-03,1.260482e-03,8.158918e-03,6.652008e-01,2.218479e-02,4.096286e-02,2.009474e-02,4.902856e-02,4.390573e-02,3.160089e-02
2.245747e-02,5.985361e-02,1.153649e-02,3.784092e-02,2.119695e-02,1.165540e-02,1.425257e-03,8.399501e-03,6.006306e-01,2.475425e-02,3.508897e-02,1.729875e-02,5.563114e-02,3.812758e-02,5.410310e-02
1.870653e-02,1.072863e-01,1.148404e-02,3.766273e-02,1.611060e-02,8.525268e-03,1.215147e-03,6.283561e-03,6.267310e-01,1.854082e-02,2.744816e-02,1.243761e-02,3.944768e-02,2.790617e-02,4.021441e-02
1.648529e-02,8.456379e-02,1.275447e-02,3.138752e-02,1.166302e-02,6.704504e-03,9.523100e-04,4.650820e-03,5.713162e-01,1.416129e-02,1.208704e-01,1.037336e-02,2.822293e-02,5.535394e-02,3.054012e-02
2.384534e-02,6.525642e-02,1.331065e-02,2.642985e-02,8.873492e-03,6.580751e-03,7.754928e-04,3.628472e-03,4.443011e-01,1.071192e-02,2.419611e-01,9.661854e-03,2.051740e-02,1.000394e-01,2.410671e-02
3.989765e-02,4.871214e-02,1.054809e-02,2.037624e-02,7.218191e-03,9.731036e-03,7.052128e-04,2.802124e-03,3.135127e-01,7.974456e-03,3.024392e-01,1.266059e-02,1.545580e-02,1.900731e-01,1.789342e-02
4.955081e-02,3.650563e-02,8.589180e-03,1.562311e-02,5.854633e-03,1.531290e-02,6.282554e-04,2.347694e-03,2.213823e-01,5.974547e-03,3.976213e-01,1.296361e-02,1.173730e-02,2.028699e-01,1.303884e-02
4.881575e-02,2.620983e-02,1.268683e-02,1.669495e-02,9.801891e-03,2.167352e-02,9.961365e-04,1.642094e-02,1.578101e-01,6.058215e-03,4.575118e-01,1.082987e-02,9.445739e-03,1.946314e-01,1.041294e-02
3.583082e-02,2.368972e-02,3.426592e-02,1.568495e-02,1.719733e-02,1.010889e-01,1.213155e-03,1.597330e-02,1.161930e-01,6.027993e-03,3.932374e-01,9.368832e-03,7.572218e-03,2.121864e-01,1.047017e-02
3.196578e-02,2.114413e-02,7.654683e-02,2.231377e-02,2.202089e-02,1.189637e-01,2.501973e-03,6.840735e-02,8.491696e-02,5.351332e-03,3.129103e-01,8.316420e-03,6.544107e-03,2.090801e-01,9.016297e-03
2.563207e-02,1.607689e-02,6.472966e-02,1.616578e-02,1.615703e-02,3.438293e-01,1.949243e-03,5.341290e-02,6.189856e-02,4.107129e-03,2.248759e-01,6.051207e-03,4.758227e-03,1.537455e-01,6.610592e-03
2.227694e-02,1.241510e-02,6.419632e-02,1.230664e-02,1.247549e-02,4.488798e-01,1.700344e-03,5.704328e-02,4.860499e-02,3.415134e-03,1.757285e-01,4.702146e-03,3.586991e-03,1.277696e-01,4.898786e-03
2.243870e-02,9.666445e-03,1.330246e-01,2.199153e-02,1.251509e-02,3.873326e-01,2.844965e-03,1.079090e-01,4.827534e-02,3.571607e-03,1.372843e-01,3.769006e-03,2.798733e-03,1.029363e-01,3.641638e-03
2.562478e-02,7.838126e-03,1.263077e-01,1.835684e-02,1.115116e-02,4.524741e-01,2.258187e-03,7.934898e-02,3.801377e-02,3.680925e-03,1.260422e-01,3.051436e-03,2.323326e-03,1.000881e-01,3.440196e-03
3.086907e-02,7.139536e-03,1.483209e-01,2.040417e-02,9.920838e-03,4.433364e-01,1.926288e-03,6.150842e-02,3.628084e-02,4.072695e-03,1.170761e-01,2.416884e-03,2.000801e-03,1.114605e-01,3.266571e-03
3.941080e-02,7.053348e-03,1.182700e-01,1.833848e-02,8.253879e-03,4.406977e-01,1.530904e-03,4.624463e-02,6.426236e-02,4.567375e-03,1.033767e-01,2.002677e-03,2.129039e-03,1.395792e-01,4.282876e-03
4.695258e-02,6.791356e-03,9.611358e-02,1.762947e-02,7.139230e-03,3.673718e-01,1.253506e-03,3.647491e-02,9.615117e-02,5.132931e-03,1.055808e-01,1.930651e-03,1.968452e-03,2.043881e-01,5.121527e-03
5.742615e-02,6.120833e-03,8.187638e-02,1.591128e-02,6.245145e-03,2.991922e-01,1.076029e-03,2.707375e-02,1.452190e-01,5.223800e-03,9.773567e-02,1.984386e-03,1.930123e-03,2.459022e-01,7.083116e-03
5.511858e-02,5.742111e-03,9.173695e-02,1.830723e-02,5.761190e-03,2.156936e-01,1.634937e-03,2.235071e-02,2.258067e-01,7.089233e-03,7.968186e-02,1.570139e-03,1.571718e-03,2.614515e-01,6.483498e-03
5.051169e-02,5.687308e-03,7.221297e-02,1.464002e-02,4.964428e-03,1.620157e-01,1.388186e-03,1.816132e-02,2.753254e-01,7.743103e-03,7.916048e-02,1.518672e-03,1.325401e-03,2.981496e-01,7.195738e-03
3.938774e-02,5.080236e-03,5.377140e-02,1.064930e-02,3.596791e-03,2.123483e-01,1.009970e-03,1.295424e-02,2.119829e-01,6.505127e-03,1.155893e-01,1.502961e-03,1.252237e-03,2.951672e-01,2.920230e-02
3.220173e-02,3.911128e-03,3.803998e-02,7.518334e-03,2.604717e-03,2.019902e-01,7.467209e-04,9.219752e-03,1.557104e-01,5.087295e-03,1.904082e-01,1.846283e-03,1.077295e-03,3.178297e-01,3.180825e-02
4.053827e-02,2.992395e-03,2.698968e-02,5.464489e-03,1.869651e-03,1.565961e-01,5.975947e-04,6.580702e-03,1.235461e-01,5.982681e-03,2.134900e-01,3.429736e-03,9.575668e-04,3.866223e-01,2.434280e-02
3.010133e-02,2.577922e-03,1.909204e-02,3.890525e-03,1.348335e-03,1.109166e-01,4.265592e-04,4.616247e-03,1.268290e-01,6.946404e-03,2.301878e-01,4.313825e-03,7.391049e-04,4.404368e-01,1.757753e-02
2.212755e-02,2.239445e-03,1.344523e-02,2.752555e-03,9.592030e-04,7.892438e-02,3.089550e-04,3.239664e-03,1.292586e-01,6.130808e-03,1.935956e-01,5.435192e-03,5.666614e-04,5.283890e-01,1.262724e-02
1.571111e-02,1.787736e-03,9.423940e-03,1.930935e-03,6.729864e-04,5.535794e-02,2.173571e-04,2.269384e-03,1.144172e-01,5.143470e-03,1.655078e-01,4.327228e-03,4.096425e-04,6.137968e-01,9.026516e-03
1.120774e-02,4.209598e-03,6.624746e-03,1.361736e-03,4.760465e-04,3.898577e-02,1.540472e-04,1.592025e-03,1.334255e-01,4.142270e-03,1.267501e-01,3.092830e-03,2.954054e-04,6.611589e-01,6.523232e-03
8.058114e-03,3.247352e-03,4.670042e-03,1.015316e-03,3.950429e-04,3.026440e-02,1.286613e-04,1.205219e-03,3.093617e-01,3.368983e-03,9.247683e-02,2.204260e-03,2.333361e-04,5.384476e-01,4.923191e-03
5.719742e-03,2.720900e-03,3.300747e-03,7.681728e-04,3.848162e-04,2.172648e-02,1.007063e-04,9.233282e-04,4.376572e-01,2.720301e-03,6.804682e-02,1.573533e-03,1.898439e-04,4.504401e-01,3.727356e-03
4.251317e-03,2.376422e-03,2.386278e-03,6.192689e-04,3.497129e-04,1.678797e-02,8.033654e-05,7.186414e-04,4.839860e-01,2.323596e-03,5.612627e-02,1.153375e-03,2.220386e-04,4.253439e-01,3.274835e-03
3.104646e-03,2.131781e-03,1.887877e-03,1.183223e-03,6.626933e-04,1.165555e-01,1.324354e-04,2.569598e-03,4.103955e-01,1.857604e-03,6.406914e-02,1.424155e-03,2.597480e-03,3.877049e-01,3.723504e-03
2.352911e-03,1.585262e-03,1.375386e-03,1.208030e-03,5.454255e-04,3.189058e-01,1.550754e-04,2.569004e-03,3.073857e-01,1.559940e-03,5.198210e-02,1.271617e-03,2.434419e-03,3.037294e-01,2.940076e-03
1.756451e-03,1.122778e-03,1.019749e-03,1.245481e-03,7.344914e-04,4.939132e-01,3.323185e-04,2.667324e-03,2.197072e-01,1.722309e-03,4.429946e-02,1.367549e-03,2.659651e-03,2.252099e-01,2.242214e-03
1.351915e-03,8.237049e-04,7.476950e-04,1.169249e-03,1.403079e-03,6.376573e-01,2.455027e-04,2.010876e-03,1.548899e-01,1.990016e-03,3.214458e-02,1.879750e-03,3.020613e-03,1.588775e-01,1.788271e-03
2.347718e-03,1.706102e-03,5.258086e-03,3.470756e-03,5.970868e-03,5.781504e-01,7.002455e-04,9.751249e-03,1.180179e-01,1.897128e-02,6.861270e-02,2.618359e-02,3.596019e-02,1.214020e-01,3.496972e-03
5.536729e-03,3.347547e-03,1.597922e-01,1.752923e-02,1.076526e-02,4.173937e-01,5.988586e-04,9.396812e-03,8.974781e-02,2.858381e-02,7.788597e-02,3.816182e-02,4.835616e-02,8.887977e-02,4.024382e-03
7.370737e-03,9.623834e-03,1.706994e-01,4.394281e-02,1.455458e-02,3.374404e-01,5.849892e-04,1.942593e-02,7.783010e-02,6.991462e-02,7.347199e-02,4.186972e-02,5.496771e-02,7.140074e-02,6.902512e-03
7.549800e-03,1.891514e-02,1.587707e-01,8.347856e-02,1.174088e-02,2.824462e-01,4.447188e-04,1.492232e-02,7.718380e-02,9.667842e-02,8.938171e-02,4.317397e-02,5.083119e-02,5.351518e-02,1.096737e-02
5.936659e-03,1.822622e-02,1.172081e-01,7.728156e-02,9.703105e-03,2.041004e-01,4.208251e-04,1.089910e-02,7.243094e-02,1.875365e-01,1.396523e-01,5.170552e-02,5.762588e-02,3.829562e-02,8.977270e-03
5.320122e-03,1.367486e-02,8.983953e-02,9.242065e-02,9.144355e-03,1.453183e-01,5.506233e-04,8.652398e-03,5.832880e-02,1.861791e-01,2.117960e-01,6.460108e-02,7.681940e-02,2.817111e-02,9.183552e-03
7.414479e-03,1.164385e-02,6.503442e-02,1.597518e-01,1.522165e-02,1.046080e-01,4.652413e-04,6.775714e-03,4.696448e-02,1.391064e-01,2.972021e-01,5.573419e-02,5.717513e-02,2.277663e-02,1.012584e-02
9.185079e-03,9.145796e-03,4.659214e-02,1.696912e-01,1.495347e-02,7.771448e-02,3.856918e-04,5.272476e-03,3.948836e-02,1.070075e-01,3.853617e-01,6.593364e-02,4.264838e-02,1.785646e-02,8.763562e-03
9.846691e-03,6.604232e-03,3.275700e-02,1.259539e-01,1.120082e-02,5.589377e-02,3.026492e-04,3.727856e-03,2.846796e-02,8.486637e-02,5.261608e-01,6.263781e-02,3.159884e-02,1.359416e-02,6.387104e-03
2.610642e-02,4.866548e-03,2.314639e-02,9.003124e-02,9.118250e-03,4.053492e-02,2.570836e-04,2.703475e-03,2.071324e-02,7.118487e-02,6.086657e-01,5.983859e-02,2.399129e-02,1.409824e-02,4.743696e-03
3.443596e-02,4.014647e-03,1.671604e-02,6.559413e-02,7.758531e-03,2.979477e-02,2.096847e-04,1.952810e-03,1.537827e-02,1.047252e-01,6.007172e-01,8.081472e-02,1.844560e-02,1.543636e-02,4.006033e-03
4.126375e-02,3.671617e-03,1.417748e-02,4.849806e-02,6.305006e-02,2.237374e-02,8.928212e-04,3.119484e-03,1.929777e-02,8.592242e-02,5.669973e-01,9.324890e-02,1.433384e-02,1.968202e-02,3.470693e-03
4.412499e-02,3.457290e-03,1.154320e-02,3.585007e-02,8.255748e-02,1.897810e-02,3.435693e-03,4.554002e-03,2.492552e-02,9.689969e-02,5.159125e-01,1.206864e-01,1.257090e-02,2.114299e-02,3.361229e-03
4.602456e-02,4.177904e-03,9.324746e-03,2.747711e-02,6.712998e-02,6.560122e-02,4.633011e-03,5.245659e-03,3.005615e-02,1.175428e-01,3.991271e-01,1.806967e-01,1.938641e-02,1.838792e-02,5.188772e-03
3.641630e-02,3.516672e-03,7.246877e-03,2.020847e-02,5.002924e-02,8.610580e-02,3.710822e-03,4.338752e-03,2.384223e-02,9.710881e-02,3.091798e-01,3.030647e-01,3.548436e-02,1.446155e-02,5.285611e-03
2.999053e-02,2.708792e-03,5.471571e-03,1.471923e-02,3.812392e-02,7.420370e-02,2.865019e-03,3.701534e-03,1.883836e-02,8.586033e-02,2.496600e-01,4.097301e-01,4.752630e-02,1.110387e-02,5.496823e-03
3.057652e-02,2.085603e-03,4.559470e-03,1.086201e-02,4.387281e-02,6.909480e-02,3.106897e-03,9.546101e-03,1.592235e-02,1.036521e-01,2.206895e-01,4.139762e-01,5.726902e-02,9.451382e-03,5.335332e-03
4.213335e-02,1.956700e-03,3.694489e-03,8.285830e-03,5.410092e-02,5.996984e-02,3.976064e-03,1.179045e-02,1.350190e-02,1.541187e-01,1.987639e-01,3.797659e-01,5.404514e-02,8.034786e-03,5.862062e-03
5.497997e-02,1.527247e-03,8.475687e-03,1.257927e-02,7.721008e-02,4.860542e-02,2.410923e-02,1.124310e-01,1.204882e-02,1.365969e-01,1.720581e-01,2.816182e-01,4.582236e-02,6.966089e-03,4.971643e-03
7.024831e-02,1.276633e-03,1.363722e-02,1.616071e-02,6.748935e-02,5.386820e-02,2.107403e-02,2.409742e-01,9.945000e-03,1.005942e-01,1.299362e-01,2.287570e-01,3.609835e-02,5.985969e-03,3.954603e-03
6.772541e-02,1.015482e-03,1.622223e-02,1.655291e-02,5.851645e-02,4.970288e-02,1.877058e-02,3.737707e-01,8.104343e-03,7.360353e-02,9.665991e-02,1.823506e-01,2.947429e-02,4.598958e-03,2.931709e-03
9.431097e-02,2.428809e-03,4.263286e-02,2.285987e-02,6.642500e-02,5.484216e-02,2.371729e-02,3.662151e-01,8.336822e-03,5.616944e-02,7.953946e-02,1.437902e-01,2.916491e-02,6.645069e-03,2.922148e-03
1.208149e-01,2.754620e-03,4.962402e-02,1.987149e-02,9.177159e-02,5.314638e-02,3.139739e-02,3.710252e-01,7.784912e-03,4.123114e-02,6.350107e-02,1.117877e-01,2.502153e-02,7.441075e-03,2.826943e-03
9.517300e-02,2.027734e-03,4.702277e-02,1.869924e-02,7.298875e-02,3.994347e-02,2.641625e-02,5.130352e-01,5.731407e-03,2.909226e-02,4.511125e-02,7.928901e-02,1.809234e-02,5.309298e-03,2.067983e-03
7.435848e-02,1.679686e-03,3.972461e-02,1.762684e-02,5.936049e-02,3.295311e-02,2.278802e-02,6.161877e-01,4.432634e-03,2.124828e-02,3.235163e-02,5.792387e-02,1.394764e-02,3.817881e-03,1.599086e-03
5.815548e-02,1.290211e-03,3.311121e-02,1.697962e-02,4.971519e-02,2.504405e-02,1.764817e-02,7.007971e-01,3.285025e-03,1.557365e-02,2.296864e-02,4.124457e-02,1.024911e-02,2.730596e-03,1.207282e-03
4.685001e-02,9.889579e-04,2.624941e-02,1.475897e-02,4.200896e-02,1.997481e-02,1.552497e-02,7.627217e-01,2.444364e-03,1.164540e-02,1.653391e-02,2.940775e-02,7.943339e-03,1.985604e-03,9.618417e-04
3.946907e-02,8.451467e-04,2.034276e-02,1.307933e-02,4.510738e-02,1.547157e-02,1.333141e-02,8.000908e-01,1.930522e-03,8.417655e-03,1.255486e-02,2.106870e-02,6.032873e-03,1.474232e-03,7.835925e-04
3.168299e-02,7.067677e-04,1.545887e-02,1.270138e-02,4.413535e-02,1.138263e-02,9.633625e-03,8.370525e-01,1.461407e-03,5.916992e-03,9.058595e-03,1.483151e-02,4.329712e-03,1.067975e-03,5.796467e-04
2.606725e-02,6.680129e-04,1.203586e-02,1.197619e-02,4.036159e-02,8.745226e-03,7.309006e-03,8.657173e-01,1.143801e-03,4.347387e-03,6.545025e-03,1.045680e-02,3.216384e-03,7.952703e-04,6.148916e-04
2.826409e-02,7.511344e-04,1.024284e-02,1.205341e-02,3.960374e-02,7.648326e-03,5.418520e-03,8.741586e-01,1.126271e-03,3.586985e-03,5.095242e-03,7.517908e-03,2.546130e-03,8.321888e-04,1.154622e-03
2.730991e-02,1.211575e-03,8.179173e-03,1.218862e-02,3.404638e-02,7.740416e-03,4.077740e-03,6.946465e-01,5.285874e-03,1.517584e-01,1.971664e-02,6.448673e-03,1.679580e-02,3.902353e-03,6.691944e-03
2.610078e-02,1.375083e-03,7.064014e-03,1.132162e-02,3.446467e-02,7.356365e-03,3.509082e-03,5.897379e-01,8.831514e-03,1.893322e-01,4.506574e-02,6.937462e-03,4.984728e-02,8.192360e-03,1.086381e-02
2.084643e-02,1.166596e-03,5.842566e-03,8.475391e-03,2.875289e-02,5.705368e-03,3.261574e-03,4.356965e-01,8.945599e-03,2.933192e-01,7.595240e-02,6.285012e-03,8.302842e-02,6.973743e-03,1.574812e-02
1.545990e-02,1.226368e-03,4.436608e-03,6.674477e-03,2.568610e-02,4.670819e-03,2.579529e-03,3.139026e-01,8.284957e-03,3.978415e-01,5.904058e-02,4.740627e-03,6.520914e-02,6.682525e-03,8.356427e-02
1.659022e-02,5.389184e-03,5.535596e-03,2.892392e-02,1.007477e-01,5.075105e-03,3.366128e-03,2.400170e-01,3.663978e-02,3.540477e-01,5.624020e-02,4.673410e-03,6.518834e-02,6.341459e-03,7.122418e-02
1.683310e-02,4.101693e-03,4.518730e-03,3.660947e-02,9.684815e-02,5.322959e-03,3.662269e-03,1.716503e-01,4.042254e-02,3.051339e-01,1.095364e-01,9.327180e-03,7.048565e-02,7.487582e-03,1.180601e-01
1.744608e-02,4.051003e-03,5.123554e-03,3.948233e-02,7.618932e-02,5.464965e-03,3.011958e-03,1.237459e-01,4.915625e-02,2.604314e-01,1.466964e-01,1.740167e-02,7.553903e-02,1.136734e-02,1.648928e-01
2.480806e-02,3.356151e-03,1.442005e-02,3.352473e-02,5.523904e-02,5.810871e-03,2.768851e-03,1.647245e-01,5.047040e-02,1.897194e-01,1.547381e-01,2.055625e-02,7.530516e-02,1.262086e-02,1.919376e-01
5.022791e-02,3.086157e-03,2.175937e-02,3.263707e-02,4.311193e-02,6.355632e-03,2.468066e-03,2.827723e-01,5.225667e-02,1.359383e-01,1.173585e-01,1.930837e-02,5.872658e-02,9.961727e-03,1.640314e-01
7.507982e-02,2.978407e-03,3.842903e-02,3.890841e-02,3.496534e-02,6.699309e-03,2.119702e-03,3.867370e-01,4.256770e-02,9.622863e-02,8.713409e-02,1.680191e-02,4.423564e-02,7.269601e-03,1.198454e-01
7.350805e-02,3.702387e-03,6.240778e-02,4.389522e-02,2.740154e-02,9.471607e-03,2.044693e-03,4.792859e-01,3.296258e-02,6.805998e-02,6.229156e-02,1.257232e-02,3.247521e-02,5.228619e-03,8.469258e-02
9.192038e-02,5.734336e-03,9.892058e-02,4.013822e-02,2.582657e-02,1.249761e-02,2.178491e-03,5.009299e-01,2.707095e-02,4.965646e-02,4.523605e-02,9.606043e-03,2.580476e-02,4.027956e-03,6.045170e-02
1.294910e-01,9.353586e-03,1.253990e-01,3.792041e-02,2.284159e-02,3.987552e-02,4.561940e-03,4.436087e-01,2.384849e-02,3.824759e-02,3.449300e-02,1.216809e-02,2.858586e-02,3.443200e-03,4.616205e-02
1.310349e-01,2.217656e-02,1.512147e-01,3.560184e-02,1.947011e-02,1.114279e-01,4.457312e-03,3.329067e-01,2.775712e-02,3.272638e-02,3.181854e-02,1.234754e-02,4.549883e-02,2.683723e-03,3.887793e-02
1.875185e-01,2.812451e-02,1.598951e-01,3.133378e-02,2.447246e-02,8.557622e-02,8.076588e-03,2.676230e-01,3.593548e-02,4.402841e-02,3.724653e-02,1.473052e-02,4.368664e-02,2.358621e-03,2.939354e-02
1.806474e-01,3.226778e-02,1.429722e-01,3.360591e-02,4.011542e-02,9.620349e-02,1.614058e-02,2.287169e-01,5.769810e-02,3.697783e-02,3.422933e-02,1.344234e-02,6.198692e-02,1.934932e-03,2.306080e-02
1.588879e-01,3.756857e-02,1.186523e-01,3.806103e-02,5.599513e-02,1.379902e-01,1.776074e-02,2.139430e-01,6.538755e-02,2.972790e-02,2.953107e-02,1.243963e-02,6.137010e-02,1.598305e-03,2.108654e-02
