1.000000e+00,0.000000e+00,0.000000e+00,0.000000e+00,0.000000e+00,0.000000e+00,0.000000e+00,0.000000e+00,0.000000e+00,0.000000e+00,0.000000e+00,0.000000e+00,0.000000e+00,0.000000e+00,0.000000e+00
1.000000e+00,0.000000e+00,0.000000e+00,0.000000e+00,0.000000e+00,0.000000e+00,0.000000e+00,0.000000e+00,0.000000e+00,0.000000e+00,0.000000e+00,0.000000e+00,0.000000e+00,0.000000e+00,0.000000e+00
1.000000e+00,0.000000e+00,0.000000e+00,0.000000e+00,0.000000e+00,0.000000e+00,0.000000e+00,0.000000e+00,0.000000e+00,0.000000e+00,0.000000e+00,0.000000e+00,0.000000e+00,0.000000e+00,0.000000e+00
1.000000e+00,0.000000e+00,0.000000e+00,0.000000e+00,0.000000e+00,0.000000e+00,0.000000e+00,0.000000e+00,0.000000e+00,0.000000e+00,0.000000e+00,0.000000e+00,0.000000e+00,0.000000e+00,0.000000e+00
1.000000e+00,0.000000e+00,0.000000e+00,0.000000e+00,0.000000e+00,0.000000e+00,0.000000e+00,0.000000e+00,0.000000e+00,0.000000e+00,0.000000e+00,0.000000e+00,0.000000e+00,0.000000e+00,0.000000e+00
1.000000e+00,0.000000e+00,0.000000e+00,0.000000e+00,0.000000e+00,0.000000e+00,0.000000e+00,0.000000e+00,0.000000e+00,0.000000e+00,0.000000e+00,0.000000e+00,0.000000e+00,0.000000e+00,0.000000e+00
1.000000e+00,0.000000e+00,0.000000e+00,0.000000e+00,0.000000e+00,0.000000e+00,0.000000e+00,0.000000e+00,0.000000e+00,0.000000e+00,0.000000e+00,0.000000e+00,0.000000e+00,0.000000e+00,0.000000e+00
1.000000e+00,0.000000e+00,0.000000e+00,0.000000e+00,0.000000e+00,0.000000e+00,0.000000e+00,0.000000e+00,0.000000e+00,0.000000e+00,0.000000e+00,0.000000e+00,0.000000e+00,0.000000e+00,0.000000e+00
1.000000e+00,0.000000e+00,0.000000e+00,0.000000e+00,0.000000e+00,0.000000e+00,0.000000e+00,0.000000e+00,0.000000e+00,0.000000e+00,0.000000e+00,0.000000e+00,0.000000e+00,0.000000e+00,0.000000e+00
1.000000e+00,0.000000e+00,0.000000e+00,0.000000e+00,0.000000e+00,0.000000e+00,0.000000e+00,0.000000e+00,0.000000e+00,0.000000e+00,0.000000e+00,0.000000e+00,0.000000e+00,0.000000e+00,0.000000e+00
1.000000e+00,0.000000e+00,0.000000e+00,0.000000e+00,0.000000e+00,0.000000e+00,0.000000e+00,0.000000e+00,0.000000e+00,0.000000e+00,0.000000e+00,0.000000e+00,0.000000e+00,0.000000e+00,0.000000e+00
1.000000e+00,0.000000e+00,0.000000e+00,0.000000e+00,0.000000e+00,0.000000e+00,0.000000e+00,0.000000e+00,0.000000e+00,0.000000e+00,0.000000e+00,0.000000e+00,0.000000e+00,0.000000e+00,0.000000e+00
1.000000e+00,0.000000e+00,0.000000e+00,0.000000e+00,0.000000e+00,0.000000e+00,0.000000e+00,0.000000e+00,0.000000e+00,0.000000e+00,0.000000e+00,0.000000e+00,0.000000e+00,0.000000e+00,0.000000e+00
1.000000e+00,0.000000e+00,0.000000e+00,0.000000e+00,0.000000e+00,0.000000e+00,0.000000e+00,0.000000e+00,0.000000e+00,0.000000e+00,0.000000e+00,0.000000e+00,0.000000e+00,0.000000e+00,0.000000e+00
1.000000e+00,0.000000e+00,0.000000e+00,0.000000e+00,0.000000e+00,0.000000e+00,0.000000e+00,0.000000e+00,0.000000e+00,0.000000e+00,0.000000e+00,0.000000e+00,0.000000e+00,0.000000e+00,0.000000e+00
1.000000e+00,0.000000e+00,0.000000e+00,0.000000e+00,0.000000e+00,0.000000e+00,0.000000e+00,0.000000e+00,0.000000e+00,0.000000e+00,0.000000e+00,0.000000e+00,0.000000e+00,0.000000e+00,0.000000e+00
1.000000e+00,0.000000e+00,0.000000e+00,0.000000e+00,0.000000e+00,0.000000e+00,0.000000e+00,0.000000e+00,0.000000e+00,0.000000e+00,0.000000e+00,0.000000e+00,0.000000e+00,0.000000e+00,0.000000e+00
1.000000e+00,0.000000e+00,0.000000e+00,0.000000e+00,0.000000e+00,0.000000e+00,0.000000e+00,0.000000e+00,0.000000e+00,0.000000e+00,0.000000e+00,0.000000e+00,0.000000e+00,0.000000e+00,0.000000e+00
1.000000e+00,0.000000e+00,0.000000e+00,0.000000e+00,0.000000e+00,0.000000e+00,0.000000e+00,0.000000e+00,0.000000e+00,0.000000e+00,0.000000e+00,0.000000e+00,0.000000e+00,0.000000e+00,0.000000e+00
1.000000e+00,0.000000e+00,0.000000e+00,0.000000e+00,0.000000e+00,0.000000e+00,0.000000e+00,0.000000e+00,0.000000e+00,0.000000e+00,0.000000e+00,0.000000e+00,0.000000e+00,0.000000e+00,0.000000e+00
1.000000e+00,0.000000e+00,0.000000e+00,0.000000e+00,0.000000e+00,0.000000e+00,0.000000e+00,0.000000e+00,0.000000e+00,0.000000e+00,0.000000e+00,0.000000e+00,0.000000e+00,0.000000e+00,0.000000e+00
1.000000e+00,0.000000e+00,0.000000e+00,0.000000e+00,0.000000e+00,0.000000e+00,0.000000e+00,0.000000e+00,0.000000e+00,0.000000e+00,0.000000e+00,0.000000e+00,0.000000e+00,0.000000e+00,0.000000e+00
1.000000e+00,0.000000e+00,0.000000e+00,0.000000e+00,0.000000e+00,0.000000e+00,0.000000e+00,0.000000e+00,0.000000e+00,0.000000e+00,0.000000e+00,0.000000e+00,0.000000e+00,0.000000e+00,0.000000e+00
1.000000e+00,0.000000e+00,0.000000e+00,0.000000e+00,0.000000e+00,0.000000e+00,0.000000e+00,0.000000e+00,0.000000e+00,0.000000e+00,0.000000e+00,0.000000e+00,0.000000e+00,0.000000e+00,0.000000e+00
1.000000e+00,0.000000e+00,0.000000e+00,0.000000e+00,0.000000e+00,0.000000e+00,0.000000e+00,0.000000e+00,0.000000e+00,0.000000e+00,0.000000e+00,0.000000e+00,0.000000e+00,0.000000e+00,0.000000e+00
1.000000e+00,0.000000e+00,0.000000e+00,0.000000e+00,0.000000e+00,0.000000e+00,0.000000e+00,0.000000e+00,0.000000e+00,0.000000e+00,0.000000e+00,0.000000e+00,0.000000e+00,0.000000e+00,0.000000e+00
1.000000e+00,0.000000e+00,0.000000e+00,0.000000e+00,0.000000e+00,0.000000e+00,0.000000e+00,0.000000e+00,0.000000e+00,0.000000e+00,0.000000e+00,0.000000e+00,0.000000e+00,0.000000e+00,0.000000e+00
1.000000e+00,0.000000e+00,0.000000e+00,0.000000e+00,0.000000e+00,0.000000e+00,0.000000e+00,0.000000e+00,0.000000e+00,0.000000e+00,0.000000e+00,0.000000e+00,0.000000e+00,0.000000e+00,0.000000e+00
1.000000e+00,0.000000e+00,0.000000e+00,0.000000e+00,0.000000e+00,0.000000e+00,0.000000e+00,0.000000e+00,0.000000e+00,0.000000e+00,0.000000e+00,0.000000e+00,0.000000e+00,0.000000e+00,0.000000e+00
1.000000e+00,0.000000e+00,0.000000e+00,0.000000e+00,0.000000e+00,0.000000e+00,0.000000e+00,0.000000e+00,0.000000e+00,0.000000e+00,0.000000e+00,0.000000e+00,0.000000e+00,0.000000e+00,0.000000e+00
1.000000e+00,0.000000e+00,0.000000e+00,0.000000e+00,0.000000e+00,0.000000e+00,0.000000e+00,0.000000e+00,0.000000e+00,0.000000e+00,0.000000e+00,0.000000e+00,0.000000e+00,0.000000e+00,0.000000e+00
1.000000e+00,0.000000e+00,0.000000e+00,0.000000e+00,0.000000e+00,0.000000e+00,0.000000e+00,0.000000e+00,0.000000e+00,0.000000e+00,0.000000e+00,0.000000e+00,0.000000e+00,0.000000e+00,0.000000e+00
1.000000e+00,0.000000e+00,0.000000e+00,0.000000e+00,0.000000e+00,0.000000e+00,0.000000e+00,0.000000e+00,0.000000e+00,0.000000e+00,0.000000e+00,0.000000e+00,0.000000e+00,0.000000e+00,0.000000e+00
1.000000e+00,0.000000e+00,0.000000e+00,0.000000e+00,0.000000e+00,0.000000e+00,0.000000e+00,0.000000e+00,0.000000e+00,0.000000e+00,0.000000e+00,0.000000e+00,0.000000e+00,0.000000e+00,0.000000e+00
1.000000e+00,0.000000e+00,0.000000e+00,0.000000e+00,0.000000e+00,0.000000e+00,0.000000e+00,0.000000e+00,0.000000e+00,0.000000e+00,0.000000e+00,0.000000e+00,0.000000e+00,0.000000e+00,0.000000e+00
1.000000e+00,0.000000e+00,0.000000e+00,0.000000e+00,0.000000e+00,0.000000e+00,0.000000e+00,0.000000e+00,0.000000e+00,0.000000e+00,0.000000e+00,0.000000e+00,0.000000e+00,0.000000e+00,0.000000e+00
1.000000e+00,0.000000e+00,0.000000e+00,0.000000e+00,0.000000e+00,0.000000e+00,0.000000e+00,0.000000e+00,0.000000e+00,0.000000e+00,0.000000e+00,0.000000e+00,0.000000e+00,0.000000e+00,0.000000e+00
1.000000e+00,0.000000e+00,0.000000e+00,0.000000e+00,0.000000e+00,0.000000e+00,0.000000e+00,0.000000e+00,0.000000e+00,0.000000e+00,0.000000e+00,0.000000e+00,0.000000e+00,0.000000e+00,0.000000e+00
1.000000e+00,0.000000e+00,0.000000e+00,0.000000e+00,0.000000e+00,0.000000e+00,0.000000e+00,0.000000e+00,0.000000e+00,0.000000e+00,0.000000e+00,0.000000e+00,0.000000e+00,0.000000e+00,0.000000e+00
1.000000e+00,0.000000e+00,0.000000e+00,0.000000e+00,0.000000e+00,0.000000e+00,0.000000e+00,0.000000e+00,0.000000e+00,0.000000e+00,0.000000e+00,0.000000e+00,0.000000e+00,0.000000e+00,0.000000e+00
1.000000e+00,0.000000e+00,0.000000e+00,0.000000e+00,0.000000e+00,0.000000e+00,0.000000e+00,0.000000e+00,0.000000e+00,0.000000e+00,0.000000e+00,0.000000e+00,0.000000e+00,0.000000e+00,0.000000e+00
1.000000e+00,0.000000e+00,0.000000e+00,0.000000e+00,0.000000e+00,0.000000e+00,0.000000e+00,0.000000e+00,0.000000e+00,0.000000e+00,0.000000e+00,0.000000e+00,0.000000e+00,0.000000e+00,0.000000e+00
1.000000e+00,0.000000e+00,0.000000e+00,0.000000e+00,0.000000e+00,0.000000e+00,0.000000e+00,0.000000e+00,0.000000e+00,0.000000e+00,0.000000e+00,0.000000e+00,0.000000e+00,0.000000e+00,0.000000e+00
1.000000e+00,0.000000e+00,0.000000e+00,0.000000e+00,0.000000e+00,0.000000e+00,0.000000e+00,0.000000e+00,0.000000e+00,0.000000e+00,0.000000e+00,0.000000e+00,0.000000e+00,0.000000e+00,0.000000e+00
1.000000e+00,0.000000e+00,0.000000e+00,0.000000e+00,0.000000e+00,0.000000e+00,0.000000e+00,0.000000e+00,0.000000e+00,0.000000e+00,0.000000e+00,0.000000e+00,0.000000e+00,0.000000e+00,0.000000e+00
1.000000e+00,0.000000e+00,0.000000e+00,0.000000e+00,0.000000e+00,0.000000e+00,0.000000e+00,0.000000e+00,0.000000e+00,0.000000e+00,0.000000e+00,0.000000e+00,0.000000e+00,0.000000e+00,0.000000e+00
1.000000e+00,0.000000e+00,0.000000e+00,0.000000e+00,0.000000e+00,0.000000e+00,0.000000e+00,0.000000e+00,0.000000e+00,0.000000e+00,0.000000e+00,0.000000e+00,0.000000e+00,0.000000e+00,0.000000e+00
1.000000e+00,0.000000e+00,0.000000e+00,0.000000e+00,0.000000e+00,0.000000e+00,0.000000e+00,0.000000e+00,0.000000e+00,0.000000e+00,0.000000e+00,0.000000e+00,0.000000e+00,0.000000e+00,0.000000e+00
1.000000e+00,0.000000e+00,0.000000e+00,0.000000e+00,0.000000e+00,0.000000e+00,0.000000e+00,0.000000e+00,0.000000e+00,0.000000e+00,0.000000e+00,0.000000e+00,0.000000e+00,0.000000e+00,0.000000e+00
1.000000e+00,0.000000e+00,0.000000e+00,0.000000e+00,0.000000e+00,0.000000e+00,0.000000e+00,0.000000e+00,0.000000e+00,0.000000e+00,0.000000e+00,0.000000e+00,0.000000e+00,0.000000e+00,0.000000e+00
1.000000e+00,0.000000e+00,0.000000e+00,0.000000e+00,0.000000e+00,0.000000e+00,0.000000e+00,0.000000e+00,0.000000e+00,0.000000e+00,0.000000e+00,0.000000e+00,0.000000e+00,0.000000e+00,0.000000e+00
1.000000e+00,0.000000e+00,0.000000e+00,0.000000e+00,0.000000e+00,0.000000e+00,0.000000e+00,0.000000e+00,0.000000e+00,0.000000e+00,0.000000e+00,0.000000e+00,0.000000e+00,0.000000e+00,0.000000e+00
1.000000e+00,0.000000e+00,0.000000e+00,0.000000e+00,0.000000e+00,0.000000e+00,0.000000e+00,0.000000e+00,0.000000e+00,0.000000e+00,0.000000e+00,0.000000e+00,0.000000e+00,0.000000e+00,0.000000e+00
1.000000e+00,0.000000e+00,0.000000e+00,0.000000e+00,0.000000e+00,0.000000e+00,0.000000e+00,0.000000e+00,0.000000e+00,0.000000e+00,0.000000e+00,0.000000e+00,0.000000e+00,0.000000e+00,0.000000e+00
1.000000e+00,0.000000e+00,0.000000e+00,0.000000e+00,0.000000e+00,0.000000e+00,0.000000e+00,0.000000e+00,0.000000e+00,0.000000e+00,0.000000e+00,0.000000e+00,0.000000e+00,0.000000e+00,0.000000e+00
1.000000e+00,0.000000e+00,0.000000e+00,0.000000e+00,0.000000e+00,0.000000e+00,0.000000e+00,0.000000e+00,0.000000e+00,0.000000e+00,0.000000e+00,0.000000e+00,0.000000e+00,0.000000e+00,0.000000e+00
1.000000e+00,0.000000e+00,0.000000e+00,0.000000e+00,0.000000e+00,0.000000e+00,0.000000e+00,0.000000e+00,0.000000e+00,0.000000e+00,0.000000e+00,0.000000e+00,0.000000e+00,0.000000e+00,0.000000e+00
1.000000e+00,0.000000e+00,0.000000e+00,0.000000e+00,0.000000e+00,0.000000e+00,0.000000e+00,0.000000e+00,0.000000e+00,0.000000e+00,0.000000e+00,0.000000e+00,0.000000e+00,0.000000e+00,0.000000e+00
1.000000e+00,0.000000e+00,0.000000e+00,0.000000e+00,0.000000e+00,0.000000e+00,0.000000e+00,0.000000e+00,0.000000e+00,0.000000e+00,0.000000e+00,0.000000e+00,0.000000e+00,0.000000e+00,0.000000e+00
1.000000e+00,0.000000e+00,0.000000e+00,0.000000e+00,0.000000e+00,0.000000e+00,0.000000e+00,0.000000e+00,0.000000e+00,0.000000e+00,0.000000e+00,0.000000e+00,0.000000e+00,0.000000e+00,0.000000e+00
1.000000e+00,0.000000e+00,0.000000e+00,0.000000e+00,0.000000e+00,0.000000e+00,0.000000e+00,0.000000e+00,0.000000e+00,0.000000e+00,0.000000e+00,0.000000e+00,0.000000e+00,0.000000e+00,0.000000e+00
3.992752e-01,2.477346e-02,7.825864e-03,2.185780e-01,5.060220e-03,3.158854e-02,3.343685e-03,6.492426e-03,5.745016e-02,3.431606e-03,1.701354e-02,3.782947e-02,1.672633e-01,1.356458e-03,1.871805e-02
2.893827e-01,1.832569e-02,5.547789e-03,1.616052e-01,3.767014e-03,2.934005e-02,2.447783e-03,4.809107e-03,4.268516e-02,2.497715e-03,1.240718e-02,2.788101e-02,3.809467e-01,9.697989e-04,1.738712e-02
2.158954e-01,1.365383e-02,3.953795e-03,1.155348e-01,3.133282e-03,2.616992e-02,1.877852e-03,3.579446e-03,3.240325e-02,1.808119e-03,8.991467e-03,2.137407e-02,5.354417e-01,6.992311e-04,1.548385e-02
1.607049e-01,9.956178e-03,2.886445e-03,8.177368e-02,3.232162e-03,2.646986e-02,1.698684e-03,2.827785e-03,2.599498e-02,1.295692e-03,6.960674e-03,1.734310e-02,6.458674e-01,5.355657e-04,1.245280e-02
1.204071e-01,7.148126e-03,2.071945e-03,5.750744e-02,2.583677e-03,2.082384e-02,1.277271e-03,2.028965e-03,1.889868e-02,9.298401e-04,5.087131e-03,1.792014e-02,7.337480e-01,3.843764e-04,9.183585e-03
8.774252e-02,5.176082e-03,1.620928e-03,4.049137e-02,2.511272e-03,1.699466e-02,1.121141e-03,1.477697e-03,1.360988e-02,6.842950e-04,3.759717e-03,1.757852e-02,7.997872e-01,2.800814e-04,7.164656e-03
6.259923e-02,3.744785e-03,2.121136e-03,2.849862e-02,3.614997e-03,1.307461e-02,1.167052e-03,2.004394e-03,9.671472e-03,6.068456e-04,3.316324e-03,1.951315e-02,8.433704e-01,3.505671e-04,6.346348e-03
4.732890e-02,2.860050e-03,1.910715e-03,2.013985e-02,3.803780e-03,1.085737e-02,1.003644e-03,1.596936e-03,6.938219e-03,5.499534e-04,3.989026e-03,3.246004e-02,8.609520e-01,3.656775e-04,5.243849e-03
3.679290e-02,2.100293e-03,2.007147e-03,1.455932e-02,4.765903e-03,1.095724e-02,9.798578e-04,4.391567e-03,5.379629e-03,9.412444e-04,6.003747e-03,2.896390e-02,8.772240e-01,5.348935e-04,4.398386e-03
2.676353e-02,1.526534e-03,1.016872e-02,1.122312e-02,6.114511e-03,8.941129e-03,1.081700e-03,1.653636e-01,4.458254e-03,1.829074e-03,9.505443e-03,2.221099e-02,7.255219e-01,5.392097e-04,4.752346e-03
1.966152e-02,1.102168e-03,1.308728e-02,8.981088e-03,5.421439e-03,7.607193e-03,1.145043e-03,3.358810e-01,3.491773e-03,1.678213e-03,1.062093e-02,1.625248e-02,5.689085e-01,4.322785e-04,5.729125e-03
2.213616e-02,8.325176e-04,1.435661e-02,7.087255e-03,5.929146e-03,2.571496e-01,1.240680e-03,2.504323e-01,2.918350e-03,1.405220e-03,8.561989e-03,1.216335e-02,4.103674e-01,3.351815e-04,5.084328e-03
5.227700e-02,8.508678e-04,2.521282e-02,8.647805e-03,1.607120e-02,3.173423e-01,1.874284e-03,2.432671e-01,3.601459e-03,1.950043e-03,8.407218e-03,9.645243e-03,3.020755e-01,3.853613e-04,8.391824e-03
6.939770e-02,2.168258e-03,2.977870e-02,1.049597e-02,1.926859e-02,3.493022e-01,4.284974e-03,2.379681e-01,1.211672e-02,1.901105e-03,7.649236e-03,8.337663e-03,2.386821e-01,3.572818e-04,8.291477e-03
5.285738e-02,1.513447e-02,2.439125e-02,1.010944e-02,2.120423e-02,2.694923e-01,6.242095e-03,2.097117e-01,1.328752e-01,1.706348e-03,7.766060e-03,6.877162e-03,2.247365e-01,2.730386e-04,1.662283e-02
4.129393e-02,2.784230e-02,2.302953e-02,1.541257e-02,2.045369e-02,2.054308e-01,6.719264e-03,1.802033e-01,2.540331e-01,2.101753e-03,9.087735e-03,5.907598e-03,1.855953e-01,2.120002e-04,2.267710e-02
3.507138e-02,3.865632e-02,2.312334e-02,1.594349e-02,1.718882e-02,1.638365e-01,6.157258e-03,1.509528e-01,3.155699e-01,3.536008e-03,1.055315e-02,4.824846e-03,1.807303e-01,2.414036e-04,3.361449e-02
3.102051e-02,3.244478e-02,2.235948e-02,1.333269e-02,2.027320e-02,1.354753e-01,2.808854e-02,1.825655e-01,3.106188e-01,3.821274e-03,9.551289e-03,3.714853e-03,1.546073e-01,2.516674e-04,5.187479e-02
3.542361e-02,3.187598e-02,2.157349e-02,1.326948e-02,2.580718e-02,1.095846e-01,3.443232e-02,2.116196e-01,3.363094e-01,4.317972e-03,7.637518e-03,2.935005e-03,1.211398e-01,2.302190e-04,4.384378e-02
4.020602e-02,5.415709e-02,2.066450e-02,1.165570e-02,2.838507e-02,8.105922e-02,3.327213e-02,2.040611e-01,3.884194e-01,4.985909e-03,5.685284e-03,2.284619e-03,9.059405e-02,1.977158e-04,3.437216e-02
4.837555e-02,7.195289e-02,2.513313e-02,1.442140e-02,2.878415e-02,5.937498e-02,3.079745e-02,1.932380e-01,4.046386e-01,1.433055e-02,4.442989e-03,2.164947e-03,6.804591e-02,2.134520e-04,3.408600e-02
5.072632e-02,6.604290e-02,3.428552e-02,1.252361e-02,3.468355e-02,4.362861e-02,2.947224e-02,2.317403e-01,3.812882e-01,2.022680e-02,4.331161e-03,2.062597e-03,5.228298e-02,3.699553e-04,3.633517e-02
4.978897e-02,5.718353e-02,1.184111e-01,1.450564e-02,4.135194e-02,3.210391e-02,3.518632e-02,2.062597e-01,3.263013e-01,3.277874e-02,4.016204e-03,2.249040e-03,4.161929e-02,5.019731e-04,3.774234e-02
5.399267e-02,5.028160e-02,1.466337e-01,1.546975e-02,3.820499e-02,2.559161e-02,3.833028e-02,2.349667e-01,2.776658e-01,3.727030e-02,3.794278e-03,2.862576e-03,3.656791e-02,5.479319e-04,3.781985e-02
5.896018e-02,4.201498e-02,1.843826e-01,1.490350e-02,3.440871e-02,2.033807e-02,5.402458e-02,2.148884e-01,2.544158e-01,3.095799e-02,3.471604e-03,3.087750e-03,3.880236e-02,5.244183e-04,4.481912e-02
7.546823e-02,3.424129e-02,1.773595e-01,1.676256e-02,3.051504e-02,1.643242e-02,6.676170e-02,2.286549e-01,2.369590e-01,2.445317e-02,3.215496e-03,3.733192e-03,3.392068e-02,5.094182e-04,5.101340e-02
1.434946e-01,3.292008e-02,1.483270e-01,2.229135e-02,2.775744e-02,1.657493e-02,6.018801e-02,2.238116e-01,2.120654e-01,1.929371e-02,3.608748e-03,9.267609e-03,3.260186e-02,7.802120e-04,4.701738e-02
2.089927e-01,3.580350e-02,1.410289e-01,2.062318e-02,2.541495e-02,1.909090e-02,5.701195e-02,1.940649e-01,1.869850e-01,1.527487e-02,3.442829e-03,1.254893e-02,3.176040e-02,9.805476e-04,4.697647e-02
2.556948e-01,3.465113e-02,1.176207e-01,1.822659e-02,2.225420e-02,1.893039e-02,5.597074e-02,2.233429e-01,1.551756e-01,1.159994e-02,3.112782e-03,1.078760e-02,3.241084e-02,9.679533e-04,3.925380e-02
2.988578e-01,3.333625e-02,8.753369e-02,1.678130e-02,1.829260e-02,2.862917e-02,7.273376e-02,2.211730e-01,1.155375e-01,9.759976e-03,5.604396e-03,1.457067e-02,3.336223e-02,1.292511e-03,4.253517e-02
2.905420e-01,3.145534e-02,6.456432e-02,2.510817e-02,1.573069e-02,3.851106e-02,5.931175e-02,1.640889e-01,8.773717e-02,1.085231e-02,1.016170e-02,4.700882e-02,9.567823e-02,1.744625e-03,5.750489e-02
2.884421e-01,2.608239e-02,4.747801e-02,2.982304e-02,1.276751e-02,5.550723e-02,4.870671e-02,1.183976e-01,6.613670e-02,1.064166e-02,1.167943e-02,3.832692e-02,1.340494e-01,2.231030e-03,1.097302e-01
2.481508e-01,2.168595e-02,3.686900e-02,2.983890e-02,1.005916e-02,7.720503e-02,3.642273e-02,8.579286e-02,5.330393e-02,1.032678e-02,1.121452e-02,3.301098e-02,2.012173e-01,3.121595e-03,1.417804e-01
2.725569e-01,1.999380e-02,3.304563e-02,5.742531e-02,1.149766e-02,7.502475e-02,2.968309e-02,6.163983e-02,6.637454e-02,9.227975e-03,1.142342e-02,4.354441e-02,1.831974e-01,6.184711e-03,1.191805e-01
3.164644e-01,1.808216e-02,2.385440e-02,4.721467e-02,9.787129e-03,8.137983e-02,2.268179e-02,4.397595e-02,5.812012e-02,7.066761e-03,9.710062e-03,5.284480e-02,2.154023e-01,4.855407e-03,8.856019e-02
3.293799e-01,1.582399e-02,1.712734e-02,3.684234e-02,9.058046e-03,6.997847e-02,1.661187e-02,3.120503e-02,4.900490e-02,5.503931e-03,8.498461e-03,7.538824e-02,2.654847e-01,4.023952e-03,6.606874e-02
3.097704e-01,1.334789e-02,1.400069e-02,3.076154e-02,1.529695e-02,6.051882e-02,1.744008e-02,2.363924e-02,4.217882e-02,4.598811e-03,1.027026e-02,8.317404e-02,3.165449e-01,4.586394e-03,5.387113e-02
2.618469e-01,1.188843e-02,1.039168e-02,2.633413e-02,2.009473e-02,4.669380e-02,1.269647e-02,1.691972e-02,3.481410e-02,3.472148e-03,9.358028e-03,1.081188e-01,3.913630e-01,3.774745e-03,4.223322e-02
1.932185e-01,1.091153e-02,8.214964e-03,2.050426e-02,4.003333e-02,3.617075e-02,9.760439e-03,1.225594e-02,5.357481e-02,2.643870e-03,9.464939e-03,9.048206e-02,4.792971e-01,2.832840e-03,3.063463e-02
1.372294e-01,1.394387e-02,8.901519e-03,1.945198e-02,4.758041e-02,3.421804e-02,8.624392e-03,1.333006e-02,1.362276e-01,2.984093e-03,1.064054e-02,7.492083e-02,4.628884e-01,2.076640e-03,2.698213e-02
9.836870e-02,1.742320e-02,6.820507e-03,1.538794e-02,4.376416e-02,4.137760e-02,6.638026e-03,1.054142e-02,2.894605e-01,2.369855e-03,1.058064e-02,5.955218e-02,3.755562e-01,1.494021e-03,2.066503e-02
7.040215e-02,2.068993e-02,5.906926e-03,2.641882e-02,3.638664e-02,4.535981e-02,5.807736e-03,9.052859e-03,3.818935e-01,2.079491e-03,9.950731e-03,4.485019e-02,3.243043e-01,1.107116e-03,1.578982e-02
5.073647e-02,2.868399e-02,6.557054e-03,2.396481e-02,2.751472e-02,5.272906e-02,4.925536e-03,7.246895e-03,4.271072e-01,1.736528e-03,8.876724e-03,3.760668e-02,3.074271e-01,8.384075e-04,1.404876e-02
5.243984e-02,2.384420e-02,1.060973e-02,2.930842e-02,3.358693e-02,5.530685e-02,9.275001e-03,1.184482e-02,4.933788e-01,1.455436e-03,7.825090e-03,2.753973e-02,2.326138e-01,6.615851e-04,1.030980e-02
8.369674e-02,2.319732e-02,1.507269e-02,2.810640e-02,4.522562e-02,5.467024e-02,1.054146e-02,1.244334e-02,5.024952e-01,1.820734e-03,9.985979e-03,2.837657e-02,1.710882e-01,2.568054e-03,1.071153e-02
8.656967e-02,1.747685e-02,1.518084e-02,3.145215e-02,1.148342e-01,6.153342e-02,1.506890e-02,1.218635e-02,4.205470e-01,2.047762e-03,1.608311e-02,3.075199e-02,1.639188e-01,2.495014e-03,9.854059e-03
7.568628e-02,1.336787e-02,1.213353e-02,2.448030e-02,9.227620e-02,5.315702e-02,2.875745e-02,1.504361e-02,3.270655e-01,2.156146e-03,3.235856e-02,3.391504e-02,2.754396e-01,2.702570e-03,1.146039e-02
5.624019e-02,1.018254e-02,8.741338e-03,1.925511e-02,6.723193e-02,4.456726e-02,2.384160e-02,1.086430e-02,2.407364e-01,2.256634e-03,2.991837e-02,4.643695e-02,4.286347e-01,2.307065e-03,8.785624e-03
4.583279e-02,8.266199e-03,6.570110e-03,1.928359e-02,5.106629e-02,3.617592e-02,1.798783e-02,7.728540e-03,1.898885e-01,3.073475e-03,3.711998e-02,7.221021e-02,4.949716e-01,1.854963e-03,7.970054e-03
3.349565e-02,6.017910e-03,4.633110e-03,1.380510e-02,3.634740e-02,2.710704e-02,1.272637e-02,5.495038e-03,1.449174e-01,3.074775e-03,4.267224e-02,1.019200e-01,5.599636e-01,1.367143e-03,6.457202e-03
2.718368e-02,4.616213e-03,3.257090e-03,9.842622e-03,2.574049e-02,2.199117e-02,9.292253e-03,3.880437e-03,1.138993e-01,3.691148e-03,8.622212e-02,1.301889e-01,5.516828e-01,1.105666e-03,7.406066e-03
1.986762e-02,3.792246e-03,2.310503e-03,6.938814e-03,1.817446e-02,1.629014e-02,6.625042e-03,2.734876e-03,9.180280e-02,4.798893e-03,1.631944e-01,1.660772e-01,4.900006e-01,8.165835e-04,6.575813e-03
1.456374e-02,2.898191e-03,1.623509e-03,4.909354e-03,1.278808e-02,1.224857e-02,4.716328e-03,1.921896e-03,7.771594e-02,4.712155e-03,2.113705e-01,2.363302e-01,4.079667e-01,6.025658e-04,5.632227e-03
1.036648e-02,2.453260e-03,1.151661e-03,3.461126e-03,9.033039e-03,9.026422e-03,3.330365e-03,1.353061e-03,6.882120e-02,4.546552e-03,2.339653e-01,2.977875e-01,3.497828e-01,4.578868e-04,4.463317e-03
7.299905e-03,1.880895e-03,8.237573e-04,2.468977e-03,7.126638e-03,6.499648e-03,2.477110e-03,1.005250e-03,1.324071e-01,6.842910e-03,2.132231e-01,3.476263e-01,2.667844e-01,3.335539e-04,3.200498e-03
5.177544e-03,1.454897e-03,5.934930e-04,1.794600e-03,6.598756e-03,4.780650e-03,1.903498e-03,8.244824e-04,1.865770e-01,1.364755e-02,1.954211e-01,3.693423e-01,2.093297e-01,2.477362e-04,2.306740e-03
3.654099e-03,1.044459e-03,4.375174e-04,1.334491e-03,5.703503e-03,3.406599e-03,1.556073e-03,9.023682e-03,2.439475e-01,1.441224e-02,1.503761e-01,3.939373e-01,1.693578e-01,1.803954e-04,1.628263e-03
2.597664e-03,7.516119e-04,3.469286e-04,1.047339e-03,4.866229e-03,2.544603e-03,1.341476e-03,6.162680e-02,2.124313e-01,1.613321e-02,1.175299e-01,4.380755e-01,1.393999e-01,1.447324e-04,1.162844e-03
2.548487e-03,5.481270e-04,4.435130e-04,1.696259e-03,4.640910e-03,6.753644e-03,4.284634e-03,1.727039e-01,1.625658e-01,2.597083e-02,1.312037e-01,3.497801e-01,1.357925e-01,1.786129e-04,8.890662e-04
3.680665e-03,4.437052e-04,7.113198e-04,1.429726e-03,8.378372e-03,7.240231e-03,4.002032e-03,3.026597e-01,1.758579e-01,1.985471e-02,1.050420e-01,2.642900e-01,1.055467e-01,1.737210e-04,6.892738e-04
5.961782e-03,3.510533e-04,7.832418e-04,1.390916e-03,1.245111e-02,8.275847e-03,4.093282e-03,4.482276e-01,1.536755e-01,1.537919e-02,7.760026e-02,1.913437e-01,7.973020e-02,1.644900e-04,5.718799e-04
5.582306e-03,2.603473e-04,8.698195e-04,1.738004e-03,1.486320e-02,6.564265e-03,3.114495e-03,5.976995e-01,1.105960e-01,1.084763e-02,5.472700e-02,1.357820e-01,5.678828e-02,1.289655e-04,4.381206e-04
8.612267e-03,2.271813e-04,9.930780e-04,4.462310e-03,3.074721e-02,7.297772e-03,2.518757e-03,6.810347e-01,8.062889e-02,7.734474e-03,3.873428e-02,9.618238e-02,4.034613e-02,1.201709e-04,3.603802e-04
1.964177e-02,3.385462e-04,1.591654e-03,1.545605e-02,3.570592e-02,1.197995e-02,2.182288e-03,7.184418e-01,5.816809e-02,5.549995e-03,2.810936e-02,7.210779e-02,2.985258e-02,2.595692e-04,6.145595e-04
3.801891e-02,2.982970e-03,2.188210e-03,3.009805e-02,5.031753e-02,1.201710e-02,2.054238e-03,7.112048e-01,4.530247e-02,4.353217e-03,2.320120e-02,5.316290e-02,2.281230e-02,5.755442e-04,1.710533e-03
6.093464e-02,5.202601e-03,2.693626e-03,4.500626e-02,4.936989e-02,1.140649e-02,2.251063e-03,7.015841e-01,3.446046e-02,3.656329e-03,2.156528e-02,4.008710e-02,1.849064e-02,6.958996e-04,2.595609e-03
7.055543e-02,1.231702e-02,3.828506e-03,7.095939e-02,9.674117e-02,1.173613e-02,3.670769e-03,6.287752e-01,2.960208e-02,3.666133e-03,1.940129e-02,3.040234e-02,1.412422e-02,7.449350e-04,3.475367e-03
7.515971e-02,2.322583e-02,4.849146e-03,9.247980e-02,1.349353e-01,1.464261e-02,5.860481e-03,5.561919e-01,3.137076e-02,3.821822e-03,1.664680e-02,2.327762e-02,1.080648e-02,8.125044e-04,5.919339e-03
8.950519e-02,2.815093e-02,5.804535e-03,7.839812e-02,1.389049e-01,1.268646e-02,6.337256e-03,5.479670e-01,3.858845e-02,4.609699e-03,1.436578e-02,1.830085e-02,8.454602e-03,1.621494e-03,6.304832e-03
1.684014e-01,2.406488e-02,5.293889e-03,6.188244e-02,1.183649e-01,1.210780e-02,6.922140e-03,4.853815e-01,5.275583e-02,7.450962e-03,1.617348e-02,2.111372e-02,8.474680e-03,3.599364e-03,8.012990e-03
2.580415e-01,2.106447e-02,4.890844e-03,4.848067e-02,9.960917e-02,1.292611e-02,6.796338e-03,4.029368e-01,6.767062e-02,1.338927e-02,1.736816e-02,2.155228e-02,9.088889e-03,5.722575e-03,1.046237e-02
3.626176e-01,1.718397e-02,3.991742e-03,3.793329e-02,8.029513e-02,1.308142e-02,5.755647e-03,3.245064e-01,6.700067e-02,2.085283e-02,1.694254e-02,2.336478e-02,8.367751e-03,5.821388e-03,1.228492e-02
4.719274e-01,1.513084e-02,3.400987e-03,3.021367e-02,6.419712e-02,1.259835e-02,5.422183e-03,2.407314e-01,5.956080e-02,2.993638e-02,1.580672e-02,2.295528e-02,9.066060e-03,6.611981e-03,1.244090e-02
1.000000e+00,0.000000e+00,0.000000e+00,0.000000e+00,0.000000e+00,0.000000e+00,0.000000e+00,0.000000e+00,0.000000e+00,0.000000e+00,0.000000e+00,0.000000e+00,0.000000e+00,0.000000e+00,0.000000e+00
4.002583e-01,4.472205e-02,6.499566e-03,1.305787e-01,4.113928e-02,1.006389e-02,4.040341e-03,1.354688e-01,5.009538e-02,7.826401e-02,1.887274e-02,2.753293e-02,1.086187e-02,5.861730e-03,3.574052e-02
2.898147e-01,7.964490e-02,1.180153e-02,1.704333e-01,2.988086e-02,8.477423e-03,2.981290e-03,9.880601e-02,4.176314e-02,1.201541e-01,2.691568e-02,2.171576e-02,1.086462e-02,5.003965e-03,8.174279e-02
2.060098e-01,6.723757e-02,1.654715e-02,2.056665e-01,2.121584e-02,6.701227e-03,2.130480e-03,7.289314e-02,9.877710e-02,1.159777e-01,7.764059e-02,1.747259e-02,1.921496e-02,5.061883e-03,6.745351e-02
1.548246e-01,5.119800e-02,1.333474e-02,1.686836e-01,1.941449e-02,6.716678e-03,1.851392e-03,5.414373e-02,1.256201e-01,9.136245e-02,1.357419e-01,1.608827e-02,4.056254e-02,8.198618e-03,1.122589e-01
1.124125e-01,3.798848e-02,9.597180e-03,1.356914e-01,4.766091e-02,5.677514e-03,2.612689e-03,4.340509e-02,2.763592e-01,6.698596e-02,1.087836e-01,1.219816e-02,4.149353e-02,7.067244e-03,9.206658e-02
8.660403e-02,2.784852e-02,7.606750e-03,1.855812e-01,3.874238e-02,6.073519e-03,3.113265e-03,3.205148e-02,3.255842e-01,4.793133e-02,8.975244e-02,1.076211e-02,5.600251e-02,5.439162e-03,7.690702e-02
6.212024e-02,2.017966e-02,6.294410e-03,1.800964e-01,3.001412e-02,6.572819e-03,3.319003e-03,2.306302e-02,2.532322e-01,3.387225e-02,8.694461e-02,1.227744e-02,1.781177e-01,4.424748e-03,9.947133e-02
4.439748e-02,1.444878e-02,8.910364e-03,1.288509e-01,2.759678e-02,4.769664e-03,2.720784e-03,1.721650e-02,1.838204e-01,2.405448e-02,7.718582e-02,1.119444e-02,2.385628e-01,3.727597e-03,2.125432e-01
3.201943e-02,1.098480e-02,1.493656e-02,9.242126e-02,9.171785e-02,3.738093e-03,4.780883e-03,1.302279e-02,1.399213e-01,1.841617e-02,8.107433e-02,1.135538e-02,2.493087e-01,3.872916e-03,2.324295e-01
2.571004e-02,1.304408e-02,1.776856e-02,7.328143e-02,1.079986e-01,5.223449e-03,5.068546e-03,1.080941e-02,1.294919e-01,1.374064e-02,6.076743e-02,9.540207e-03,1.871768e-01,4.295103e-03,3.360838e-01
3.533157e-02,3.173783e-02,6.385100e-02,9.666795e-02,1.043615e-01,1.506536e-02,4.816842e-03,9.292221e-03,1.377305e-01,1.258464e-02,6.407334e-02,1.600336e-02,1.599859e-01,4.494606e-03,2.440034e-01
3.988852e-02,2.751438e-02,6.565459e-02,1.028163e-01,8.436745e-02,2.021595e-02,4.346660e-03,7.425484e-03,1.190954e-01,1.275835e-02,1.036902e-01,4.750698e-02,1.796789e-01,4.744372e-03,1.802965e-01
4.128366e-02,3.059866e-02,5.215458e-02,7.804149e-02,6.125714e-02,1.663340e-02,3.286966e-03,5.883435e-03,1.118364e-01,1.074752e-02,1.103899e-01,4.967227e-02,1.992071e-01,8.847164e-03,2.201603e-01
6.053219e-02,2.671350e-02,3.851980e-02,5.929026e-02,4.601452e-02,1.441162e-02,3.268020e-03,6.107949e-03,9.174714e-02,1.169463e-02,9.626289e-02,4.392448e-02,1.993909e-01,1.025676e-02,2.918653e-01
8.202770e-02,8.343015e-02,3.154097e-02,6.197713e-02,3.370775e-02,1.658928e-02,2.693729e-03,8.361867e-03,1.391414e-01,1.836800e-02,7.432777e-02,3.700431e-02,1.639258e-01,1.052555e-02,2.363786e-01
1.156811e-01,7.230803e-02,2.543903e-02,5.436480e-02,2.577218e-02,2.080161e-02,2.628318e-03,6.466448e-03,1.652998e-01,1.903973e-02,7.197949e-02,3.496344e-02,1.871445e-01,9.677554e-03,1.884340e-01
1.018567e-01,6.150430e-02,2.181114e-02,6.585327e-02,1.880687e-02,1.838894e-02,2.218695e-03,5.125106e-03,2.352198e-01,1.909437e-02,6.106250e-02,3.435009e-02,1.806009e-01,1.464188e-02,1.594654e-01
9.188356e-02,4.652703e-02,1.620001e-02,5.448533e-02,1.367711e-02,1.777168e-02,1.940996e-03,5.048271e-03,1.815688e-01,1.459436e-02,6.442948e-02,5.961506e-02,2.949851e-01,1.796840e-02,1.193048e-01
6.546453e-02,3.460942e-02,1.180696e-02,4.302190e-02,1.448106e-02,1.283380e-02,1.888320e-03,4.049895e-03,1.677462e-01,1.119686e-02,7.749785e-02,6.744320e-02,3.818595e-01,1.342139e-02,9.267905e-02
4.859066e-02,2.520738e-02,1.289028e-02,3.164661e-02,1.083159e-02,9.257039e-03,1.617307e-03,2.977493e-03,1.192912e-01,1.819073e-02,8.332922e-02,6.072552e-02,4.594626e-01,1.212337e-02,1.038591e-01
4.830633e-02,1.914800e-02,1.230881e-02,3.480847e-02,1.208931e-02,1.220983e-02,3.349958e-03,3.943505e-03,1.050116e-01,2.748378e-02,9.564394e-02,5.475850e-02,4.620874e-01,1.286481e-02,9.598579e-02
4.813066e-02,1.427421e-02,9.977242e-03,3.788180e-02,9.846465e-03,1.664153e-02,3.527817e-03,3.766123e-03,8.528329e-02,3.875850e-02,1.132357e-01,7.500083e-02,4.557385e-01,1.230206e-02,7.563534e-02
3.993488e-02,1.043937e-02,9.512318e-03,3.151909e-02,9.686879e-03,1.413771e-02,6.118917e-03,3.093428e-02,7.473063e-02,3.544052e-02,1.141707e-01,6.771513e-02,4.799824e-01,9.303004e-03,6.637416e-02
3.868829e-02,1.148719e-02,1.857589e-02,2.794265e-02,1.160992e-02,1.244448e-02,5.921801e-03,2.806081e-02,8.136859e-02,4.468955e-02,1.260079e-01,8.870427e-02,4.167394e-01,9.525374e-03,7.823397e-02
3.909127e-02,9.532540e-03,2.221219e-02,4.215302e-02,1.662472e-02,1.386405e-02,6.489959e-03,3.682136e-02,9.188110e-02,3.615636e-02,1.646177e-01,8.050761e-02,3.610109e-01,8.592919e-03,7.044432e-02
7.542575e-02,9.797556e-03,1.788001e-02,3.941952e-02,1.539995e-02,1.301889e-02,5.076605e-03,2.875644e-02,9.676283e-02,3.504625e-02,1.696938e-01,9.292020e-02,3.414892e-01,8.364752e-03,5.094827e-02
7.521456e-02,1.030782e-02,1.518742e-02,3.955056e-02,1.966241e-02,1.151238e-02,4.012685e-03,2.990066e-02,1.132269e-01,2.732698e-02,1.979247e-01,1.067255e-01,3.032071e-01,9.738722e-03,3.650153e-02
6.286912e-02,1.102265e-02,1.490770e-02,3.246303e-02,3.452333e-02,8.915903e-03,3.520146e-03,2.551369e-02,2.275407e-01,2.089357e-02,1.785361e-01,9.892067e-02,2.455500e-01,8.042813e-03,2.678054e-02
8.011320e-02,1.293591e-02,2.220227e-02,3.381213e-02,6.055156e-02,8.551357e-03,3.272934e-03,4.575557e-02,2.577151e-01,1.729987e-02,1.511885e-01,8.404741e-02,1.963283e-01,6.521429e-03,1.970452e-02
1.147941e-01,1.426380e-02,2.423139e-02,3.333529e-02,9.027764e-02,1.027857e-02,4.279679e-03,3.785834e-02,3.153364e-01,1.425352e-02,1.158286e-01,6.457145e-02,1.401853e-01,5.251165e-03,1.525477e-02
1.155521e-01,1.592075e-02,2.903079e-02,9.166244e-02,8.625598e-02,1.001452e-02,3.873293e-03,3.459352e-02,3.517872e-01,1.266580e-02,8.467196e-02,4.777972e-02,1.004187e-01,3.933842e-03,1.183942e-02
1.310446e-01,1.651552e-02,2.384541e-02,1.227860e-01,8.273455e-02,8.427844e-03,3.401394e-03,3.115096e-02,3.842106e-01,1.092983e-02,6.310979e-02,3.630261e-02,7.266975e-02,3.059074e-03,9.812096e-03
1.383443e-01,1.429148e-02,2.447742e-02,1.976877e-01,9.013008e-02,8.209848e-03,2.956557e-03,3.819779e-02,3.389164e-01,8.127302e-03,4.926952e-02,2.709070e-02,5.255257e-02,2.313284e-03,7.435033e-03
2.030792e-01,1.504222e-02,3.619978e-02,1.811891e-01,8.511205e-02,1.002803e-02,2.753505e-03,3.366951e-02,3.102064e-01,6.178793e-03,4.330813e-02,2.504269e-02,3.887798e-02,2.598420e-03,6.714273e-03
2.558739e-01,4.002339e-02,3.722011e-02,1.458200e-01,7.503461e-02,1.406793e-02,2.441578e-03,2.652723e-02,2.908764e-01,5.406033e-03,3.946929e-02,2.324874e-02,2.969472e-02,4.237084e-03,1.005904e-02
2.378281e-01,3.684989e-02,6.702773e-02,2.242375e-01,6.576535e-02,1.270498e-02,2.522925e-03,2.343521e-02,2.301699e-01,5.318349e-03,3.148026e-02,2.468951e-02,2.369349e-02,3.431333e-03,1.084548e-02
2.021753e-01,2.733279e-02,1.271874e-01,2.968816e-01,5.463367e-02,1.016809e-02,2.130170e-03,2.830889e-02,1.726685e-01,5.180794e-03,2.555566e-02,1.945685e-02,1.758956e-02,2.584616e-03,8.146116e-03
1.418242e-01,3.697235e-02,2.395639e-01,2.590918e-01,3.899365e-02,7.406102e-03,1.524831e-03,2.000943e-02,1.231586e-01,6.775809e-03,8.375045e-02,1.502863e-02,1.312657e-02,6.361581e-03,6.412185e-03
1.000001e-01,4.723494e-02,3.027139e-01,2.221744e-01,2.766143e-02,5.850441e-03,1.119779e-03,1.416387e-02,8.841427e-02,8.138210e-03,1.302880e-01,2.022446e-02,1.096163e-02,1.504411e-02,6.010437e-03
7.089242e-02,3.851872e-02,2.982830e-01,1.636192e-01,1.940452e-02,4.545453e-03,8.015676e-04,1.002602e-02,6.221707e-02,6.139409e-03,2.565181e-01,3.241165e-02,8.376797e-03,2.393871e-02,4.307380e-03
5.252589e-02,2.967982e-02,2.550697e-01,1.215564e-01,1.407333e-02,7.771622e-03,5.880211e-04,7.139459e-03,4.377636e-02,4.639645e-03,3.339512e-01,8.612241e-02,6.440790e-03,3.345096e-02,3.214386e-03
3.695329e-02,2.117391e-02,1.827704e-01,8.866866e-02,1.005651e-02,6.127554e-03,4.151718e-04,5.009782e-03,3.070581e-02,3.344052e-03,4.946569e-01,7.826116e-02,4.575535e-03,3.496664e-02,2.314647e-03
2.591367e-02,1.487239e-02,1.280454e-01,6.220583e-02,8.213259e-03,4.420020e-03,2.923544e-04,3.509884e-03,2.159571e-02,2.409574e-03,6.209428e-01,6.314482e-02,3.259665e-03,3.949680e-02,1.677791e-03
1.819306e-02,1.042878e-02,8.967774e-02,4.369095e-02,7.109026e-03,3.215428e-03,2.075242e-04,2.461536e-03,1.528942e-02,1.750482e-03,6.806189e-01,5.168737e-02,2.376512e-03,7.204723e-02,1.246039e-03
1.287939e-02,7.400679e-03,6.293603e-02,3.076615e-02,2.652095e-02,2.376541e-03,1.755749e-04,1.733280e-03,1.211635e-02,1.497222e-03,5.847546e-01,4.434492e-02,2.094224e-03,2.092518e-01,1.152323e-03
9.134126e-03,5.853599e-03,4.428057e-02,2.171554e-02,3.321164e-02,2.399161e-03,1.887135e-04,1.250346e-03,1.002151e-02,1.553516e-03,6.339034e-01,4.595553e-02,1.906179e-03,1.872146e-01,1.411498e-03
6.569558e-03,4.622411e-03,3.126183e-02,1.543921e-02,3.602592e-02,3.101514e-03,2.347124e-04,1.006866e-03,7.936409e-03,1.669283e-03,6.726800e-01,4.040839e-02,1.903928e-03,1.758430e-01,1.296920e-03
4.918739e-03,6.979018e-03,2.252718e-02,1.097499e-02,5.081335e-02,2.439930e-03,2.385390e-04,1.000150e-03,8.995427e-03,3.883126e-03,6.958451e-01,4.633482e-02,1.614338e-03,1.411030e-01,2.332358e-03
3.687735e-03,6.740757e-03,1.629307e-02,7.802859e-03,4.795179e-02,2.019461e-03,2.279065e-04,9.455032e-04,8.929862e-03,4.413040e-03,7.245070e-01,4.558948e-02,1.390179e-03,1.274223e-01,2.079113e-03
2.958375e-03,5.130724e-03,1.156340e-02,5.547419e-03,3.488731e-02,1.758717e-03,2.078161e-04,8.885856e-04,7.529221e-03,6.334982e-03,7.703706e-01,5.011647e-02,1.406108e-03,9.960095e-02,1.699310e-03
2.418513e-03,3.791013e-03,8.123112e-03,3.902457e-03,2.492387e-02,1.351904e-03,1.528649e-04,6.480201e-04,5.574798e-03,5.126240e-03,8.242367e-01,4.333663e-02,1.330504e-03,7.374682e-02,1.336634e-03
2.175495e-03,3.091959e-03,5.997140e-03,2.835061e-03,1.851118e-02,1.139659e-03,1.399119e-04,8.374284e-04,6.244279e-03,5.293972e-03,8.440369e-01,4.536377e-02,1.135449e-03,6.192019e-02,1.277650e-03
1.955564e-03,2.652037e-03,4.666474e-03,2.081468e-03,1.411715e-02,9.773506e-04,1.323928e-04,9.696425e-04,7.611555e-03,6.795266e-03,8.494242e-01,5.197553e-02,1.022969e-03,5.429545e-02,1.323068e-03
1.850884e-03,3.461614e-03,4.202571e-03,1.540764e-03,1.146825e-02,9.247467e-04,1.773467e-04,1.320395e-03,8.480522e-03,9.821897e-03,8.439239e-01,6.289753e-02,9.578227e-04,4.747010e-02,1.501785e-03
2.850701e-03,6.492718e-03,2.649919e-02,2.794871e-03,1.206983e-02,7.119796e-03,5.439651e-04,1.022411e-02,1.291472e-02,1.334452e-02,7.400362e-01,1.223574e-01,8.623719e-04,4.051886e-02,1.370796e-03
4.760129e-03,5.381246e-03,1.026514e-01,1.571516e-02,1.359672e-02,5.840556e-03,1.942833e-03,7.925054e-02,1.449523e-02,1.335976e-02,6.101985e-01,9.814129e-02,7.387466e-04,3.276891e-02,1.159021e-03
1.111259e-02,5.500694e-03,2.697572e-01,2.802767e-02,2.108401e-02,1.100129e-02,2.392080e-03,7.347994e-02,1.377406e-02,1.111287e-02,4.521400e-01,7.422008e-02,6.840921e-04,2.474505e-02,9.685276e-04
2.840027e-02,9.193322e-03,2.813004e-01,4.015563e-02,2.638513e-02,2.893623e-02,2.456342e-03,7.530843e-02,2.067721e-02,2.092192e-02,3.780013e-01,5.697846e-02,7.888637e-04,2.449322e-02,6.003439e-03
4.080857e-02,1.256951e-02,2.753616e-01,6.181584e-02,3.412431e-02,4.456868e-02,2.232182e-03,6.866495e-02,2.705713e-02,2.214164e-02,3.360582e-01,4.222386e-02,9.446209e-04,2.363924e-02,7.789743e-03
4.226925e-02,9.774806e-03,3.291463e-01,1.205742e-01,4.486709e-02,5.172116e-02,2.052695e-03,6.343983e-02,2.283975e-02,1.639229e-02,2.420990e-01,3.104588e-02,8.752301e-04,1.718004e-02,5.722493e-03
7.030909e-02,9.608247e-03,3.366896e-01,1.404203e-01,4.912152e-02,5.157650e-02,1.627448e-03,4.767960e-02,2.422390e-02,1.535847e-02,2.042249e-01,2.353248e-02,1.377405e-03,1.453084e-02,9.719683e-03
7.314697e-02,8.312183e-03,3.340071e-01,1.983982e-01,4.910572e-02,4.344836e-02,1.297261e-03,4.283644e-02,2.516496e-02,1.253671e-02,1.730743e-01,1.719800e-02,1.338575e-03,1.215621e-02,7.979031e-03
8.687564e-02,1.042154e-02,3.225212e-01,2.030154e-01,4.396903e-02,3.786249e-02,1.109488e-03,4.162735e-02,3.940274e-02,2.048790e-02,1.488453e-01,1.313853e-02,1.540591e-03,1.914286e-02,1.004004e-02
9.623139e-02,2.682265e-02,3.052604e-01,1.698609e-01,4.366349e-02,3.387921e-02,1.185724e-03,6.662128e-02,3.999091e-02,2.342081e-02,1.241859e-01,1.414555e-02,2.453281e-03,2.115640e-02,3.112200e-02
7.952444e-02,2.494937e-02,2.267754e-01,1.430749e-01,3.185657e-02,2.580291e-02,8.784163e-04,5.940342e-02,5.390643e-02,2.402976e-02,9.809233e-02,2.305267e-02,2.323389e-02,1.689083e-02,1.685287e-01
7.924090e-02,3.340879e-02,1.693351e-01,1.283885e-01,2.899998e-02,3.043303e-02,7.789709e-04,4.396494e-02,8.268969e-02,4.069869e-02,1.392254e-01,2.753882e-02,2.579369e-02,3.489834e-02,1.346052e-01
7.507928e-02,2.899401e-02,1.261142e-01,9.608787e-02,3.388630e-02,3.444890e-02,7.115555e-04,3.295518e-02,7.661150e-02,4.340205e-02,2.370336e-01,2.794521e-02,2.986717e-02,5.870287e-02,9.816034e-02
5.431325e-02,2.123955e-02,8.885007e-02,6.840248e-02,2.468201e-02,2.604249e-02,6.335722e-04,2.351810e-02,6.419387e-02,3.347220e-02,3.708648e-01,4.436916e-02,2.654947e-02,8.330292e-02,6.956606e-02
3.951807e-02,1.558422e-02,6.257112e-02,4.882427e-02,1.879253e-02,1.951901e-02,6.206418e-04,1.685741e-02,7.869448e-02,2.488441e-02,4.299678e-01,5.514153e-02,3.363847e-02,1.051087e-01,5.027730e-02
