1.000000e+00,0.000000e+00,0.000000e+00,0.000000e+00,0.000000e+00,0.000000e+00,0.000000e+00,0.000000e+00,0.000000e+00,0.000000e+00,0.000000e+00,0.000000e+00,0.000000e+00,0.000000e+00,0.000000e+00
1.000000e+00,0.000000e+00,0.000000e+00,0.000000e+00,0.000000e+00,0.000000e+00,0.000000e+00,0.000000e+00,0.000000e+00,0.000000e+00,0.000000e+00,0.000000e+00,0.000000e+00,0.000000e+00,0.000000e+00
1.000000e+00,0.000000e+00,0.000000e+00,0.000000e+00,0.000000e+00,0.000000e+00,0.000000e+00,0.000000e+00,0.000000e+00,0.000000e+00,0.000000e+00,0.000000e+00,0.000000e+00,0.000000e+00,0.000000e+00
1.000000e+00,0.000000e+00,0.000000e+00,0.000000e+00,0.000000e+00,0.000000e+00,0.000000e+00,0.000000e+00,0.000000e+00,0.000000e+00,0.000000e+00,0.000000e+00,0.000000e+00,0.000000e+00,0.000000e+00
1.000000e+00,0.000000e+00,0.000000e+00,0.000000e+00,0.000000e+00,0.000000e+00,0.000000e+00,0.000000e+00,0.000000e+00,0.000000e+00,0.000000e+00,0.000000e+00,0.000000e+00,0.000000e+00,0.000000e+00
1.000000e+00,0.000000e+00,0.000000e+00,0.000000e+00,0.000000e+00,0.000000e+00,0.000000e+00,0.000000e+00,0.000000e+00,0.000000e+00,0.000000e+00,0.000000e+00,0.000000e+00,0.000000e+00,0.000000e+00
1.000000e+00,0.000000e+00,0.000000e+00,0.000000e+00,0.000000e+00,0.000000e+00,0.000000e+00,0.000000e+00,0.000000e+00,0.000000e+00,0.000000e+00,0.000000e+00,0.000000e+00,0.000000e+00,0.000000e+00
1.000000e+00,0.000000e+00,0.000000e+00,0.000000e+00,0.000000e+00,0.000000e+00,0.000000e+00,0.000000e+00,0.000000e+00,0.000000e+00,0.000000e+00,0.000000e+00,0.000000e+00,0.000000e+00,0.000000e+00
1.000000e+00,0.000000e+00,0.000000e+00,0.000000e+00,0.000000e+00,0.000000e+00,0.000000e+00,0.000000e+00,0.000000e+00,0.000000e+00,0.000000e+00,0.000000e+00,0.000000e+00,0.000000e+00,0.000000e+00
1.000000e+00,0.000000e+00,0.000000e+00,0.000000e+00,0.000000e+00,0.000000e+00,0.000000e+00,0.000000e+00,0.000000e+00,0.000000e+00,0.000000e+00,0.000000e+00,0.000000e+00,0.000000e+00,0.000000e+00
1.000000e+00,0.000000e+00,0.000000e+00,0.000000e+00,0.000000e+00,0.000000e+00,0.000000e+00,0.000000e+00,0.000000e+00,0.000000e+00,0.000000e+00,0.000000e+00,0.000000e+00,0.000000e+00,0.000000e+00
1.000000e+00,0.000000e+00,0.000000e+00,0.000000e+00,0.000000e+00,0.000000e+00,0.000000e+00,0.000000e+00,0.000000e+00,0.000000e+00,0.000000e+00,0.000000e+00,0.000000e+00,0.000000e+00,0.000000e+00
1.000000e+00,0.000000e+00,0.000000e+00,0.000000e+00,0.000000e+00,0.000000e+00,0.000000e+00,0.000000e+00,0.000000e+00,0.000000e+00,0.000000e+00,0.000000e+00,0.000000e+00,0.000000e+00,0.000000e+00
1.000000e+00,0.000000e+00,0.000000e+00,0.000000e+00,0.000000e+00,0.000000e+00,0.000000e+00,0.000000e+00,0.000000e+00,0.000000e+00,0.000000e+00,0.000000e+00,0.000000e+00,0.000000e+00,0.000000e+00
1.000000e+00,0.000000e+00,0.000000e+00,0.000000e+00,0.000000e+00,0.000000e+00,0.000000e+00,0.000000e+00,0.000000e+00,0.000000e+00,0.000000e+00,0.000000e+00,0.000000e+00,0.000000e+00,0.000000e+00
1.000000e+00,0.000000e+00,0.000000e+00,0.000000e+00,0.000000e+00,0.000000e+00,0.000000e+00,0.000000e+00,0.000000e+00,0.000000e+00,0.000000e+00,0.000000e+00,0.000000e+00,0.000000e+00,0.000000e+00
1.000000e+00,0.000000e+00,0.000000e+00,0.000000e+00,0.000000e+00,0.000000e+00,0.000000e+00,0.000000e+00,0.000000e+00,0.000000e+00,0.000000e+00,0.000000e+00,0.000000e+00,0.000000e+00,0.000000e+00
1.000000e+00,0.000000e+00,0.000000e+00,0.000000e+00,0.000000e+00,0.000000e+00,0.000000e+00,0.000000e+00,0.000000e+00,0.000000e+00,0.000000e+00,0.000000e+00,0.000000e+00,0.000000e+00,0.000000e+00
1.000000e+00,0.000000e+00,0.000000e+00,0.000000e+00,0.000000e+00,0.000000e+00,0.000000e+00,0.000000e+00,0.000000e+00,0.000000e+00,0.000000e+00,0.000000e+00,0.000000e+00,0.000000e+00,0.000000e+00
1.000000e+00,0.000000e+00,0.000000e+00,0.000000e+00,0.000000e+00,0.000000e+00,0.000000e+00,0.000000e+00,0.000000e+00,0.000000e+00,0.000000e+00,0.000000e+00,0.000000e+00,0.000000e+00,0.000000e+00
1.000000e+00,0.000000e+00,0.000000e+00,0.000000e+00,0.000000e+00,0.000000e+00,0.000000e+00,0.000000e+00,0.000000e+00,0.000000e+00,0.000000e+00,0.000000e+00,0.000000e+00,0.000000e+00,0.000000e+00
1.000000e+00,0.000000e+00,0.000000e+00,0.000000e+00,0.000000e+00,0.000000e+00,0.000000e+00,0.000000e+00,0.000000e+00,0.000000e+00,0.000000e+00,0.000000e+00,0.000000e+00,0.000000e+00,0.000000e+00
1.000000e+00,0.000000e+00,0.000000e+00,0.000000e+00,0.000000e+00,0.000000e+00,0.000000e+00,0.000000e+00,0.000000e+00,0.000000e+00,0.000000e+00,0.000000e+00,0.000000e+00,0.000000e+00,0.000000e+00
1.000000e+00,0.000000e+00,0.000000e+00,0.000000e+00,0.000000e+00,0.000000e+00,0.000000e+00,0.000000e+00,0.000000e+00,0.000000e+00,0.000000e+00,0.000000e+00,0.000000e+00,0.000000e+00,0.000000e+00
1.000000e+00,0.000000e+00,0.000000e+00,0.000000e+00,0.000000e+00,0.000000e+00,0.000000e+00,0.000000e+00,0.000000e+00,0.000000e+00,0.000000e+00,0.000000e+00,0.000000e+00,0.000000e+00,0.000000e+00
1.000000e+00,0.000000e+00,0.000000e+00,0.000000e+00,0.000000e+00,0.000000e+00,0.000000e+00,0.000000e+00,0.000000e+00,0.000000e+00,0.000000e+00,0.000000e+00,0.000000e+00,0.000000e+00,0.000000e+00
1.000000e+00,0.000000e+00,0.000000e+00,0.000000e+00,0.000000e+00,0.000000e+00,0.000000e+00,0.000000e+00,0.000000e+00,0.000000e+00,0.000000e+00,0.000000e+00,0.000000e+00,0.000000e+00,0.000000e+00
1.000000e+00,0.000000e+00,0.000000e+00,0.000000e+00,0.000000e+00,0.000000e+00,0.000000e+00,0.000000e+00,0.000000e+00,0.000000e+00,0.000000e+00,0.000000e+00,0.000000e+00,0.000000e+00,0.000000e+00
1.000000e+00,0.000000e+00,0.000000e+00,0.000000e+00,0.000000e+00,0.000000e+00,0.000000e+00,0.000000e+00,0.000000e+00,0.000000e+00,0.000000e+00,0.000000e+00,0.000000e+00,0.000000e+00,0.000000e+00
1.000000e+00,0.000000e+00,0.000000e+00,0.000000e+00,0.000000e+00,0.000000e+00,0.000000e+00,0.000000e+00,0.000000e+00,0.000000e+00,0.000000e+00,0.000000e+00,0.000000e+00,0.000000e+00,0.000000e+00
1.000000e+00,0.000000e+00,0.000000e+00,0.000000e+00,0.000000e+00,0.000000e+00,0.000000e+00,0.000000e+00,0.000000e+00,0.000000e+00,0.000000e+00,0.000000e+00,0.000000e+00,0.000000e+00,0.000000e+00
1.000000e+00,0.000000e+00,0.000000e+00,0.000000e+00,0.000000e+00,0.000000e+00,0.000000e+00,0.000000e+00,0.000000e+00,0.000000e+00,0.000000e+00,0.000000e+00,0.000000e+00,0.000000e+00,0.000000e+00
1.000000e+00,0.000000e+00,0.000000e+00,0.000000e+00,0.000000e+00,0.000000e+00,0.000000e+00,0.000000e+00,0.000000e+00,0.000000e+00,0.000000e+00,0.000000e+00,0.000000e+00,0.000000e+00,0.000000e+00
1.000000e+00,0.000000e+00,0.000000e+00,0.000000e+00,0.000000e+00,0.000000e+00,0.000000e+00,0.000000e+00,0.000000e+00,0.000000e+00,0.000000e+00,0.000000e+00,0.000000e+00,0.000000e+00,0.000000e+00
1.000000e+00,0.000000e+00,0.000000e+00,0.000000e+00,0.000000e+00,0.000000e+00,0.000000e+00,0.000000e+00,0.000000e+00,0.000000e+00,0.000000e+00,0.000000e+00,0.000000e+00,0.000000e+00,0.000000e+00
1.000000e+00,0.000000e+00,0.000000e+00,0.000000e+00,0.000000e+00,0.000000e+00,0.000000e+00,0.000000e+00,0.000000e+00,0.000000e+00,0.000000e+00,0.000000e+00,0.000000e+00,0.000000e+00,0.000000e+00
1.000000e+00,0.000000e+00,0.000000e+00,0.000000e+00,0.000000e+00,0.000000e+00,0.000000e+00,0.000000e+00,0.000000e+00,0.000000e+00,0.000000e+00,0.000000e+00,0.000000e+00,0.000000e+00,0.000000e+00
1.000000e+00,0.000000e+00,0.000000e+00,0.000000e+00,0.000000e+00,0.000000e+00,0.000000e+00,0.000000e+00,0.000000e+00,0.000000e+00,0.000000e+00,0.000000e+00,0.000000e+00,0.000000e+00,0.000000e+00
1.000000e+00,0.000000e+00,0.000000e+00,0.000000e+00,0.000000e+00,0.000000e+00,0.000000e+00,0.000000e+00,0.000000e+00,0.000000e+00,0.000000e+00,0.000000e+00,0.000000e+00,0.000000e+00,0.000000e+00
1.000000e+00,0.000000e+00,0.000000e+00,0.000000e+00,0.000000e+00,0.000000e+00,0.000000e+00,0.000000e+00,0.000000e+00,0.000000e+00,0.000000e+00,0.000000e+00,0.000000e+00,0.000000e+00,0.000000e+00
1.000000e+00,0.000000e+00,0.000000e+00,0.000000e+00,0.000000e+00,0.000000e+00,0.000000e+00,0.000000e+00,0.000000e+00,0.000000e+00,0.000000e+00,0.000000e+00,0.000000e+00,0.000000e+00,0.000000e+00
1.000000e+00,0.000000e+00,0.000000e+00,0.000000e+00,0.000000e+00,0.000000e+00,0.000000e+00,0.000000e+00,0.000000e+00,0.000000e+00,0.000000e+00,0.000000e+00,0.000000e+00,0.000000e+00,0.000000e+00
1.000000e+00,0.000000e+00,0.000000e+00,0.000000e+00,0.000000e+00,0.000000e+00,0.000000e+00,0.000000e+00,0.000000e+00,0.000000e+00,0.000000e+00,0.000000e+00,0.000000e+00,0.000000e+00,0.000000e+00
1.000000e+00,0.000000e+00,0.000000e+00,0.000000e+00,0.000000e+00,0.000000e+00,0.000000e+00,0.000000e+00,0.000000e+00,0.000000e+00,0.000000e+00,0.000000e+00,0.000000e+00,0.000000e+00,0.000000e+00
1.000000e+00,0.000000e+00,0.000000e+00,0.000000e+00,0.000000e+00,0.000000e+00,0.000000e+00,0.000000e+00,0.000000e+00,0.000000e+00,0.000000e+00,0.000000e+00,0.000000e+00,0.000000e+00,0.000000e+00
1.000000e+00,0.000000e+00,0.000000e+00,0.000000e+00,0.000000e+00,0.000000e+00,0.000000e+00,0.000000e+00,0.000000e+00,0.000000e+00,0.000000e+00,0.000000e+00,0.000000e+00,0.000000e+00,0.000000e+00
1.000000e+00,0.000000e+00,0.000000e+00,0.000000e+00,0.000000e+00,0.000000e+00,0.000000e+00,0.000000e+00,0.000000e+00,0.000000e+00,0.000000e+00,0.000000e+00,0.000000e+00,0.000000e+00,0.000000e+00
1.000000e+00,0.000000e+00,0.000000e+00,0.000000e+00,0.000000e+00,0.000000e+00,0.000000e+00,0.000000e+00,0.000000e+00,0.000000e+00,0.000000e+00,0.000000e+00,0.000000e+00,0.000000e+00,0.000000e+00
1.000000e+00,0.000000e+00,0.000000e+00,0.000000e+00,0.000000e+00,0.000000e+00,0.000000e+00,0.000000e+00,0.000000e+00,0.000000e+00,0.000000e+00,0.000000e+00,0.000000e+00,0.000000e+00,0.000000e+00
1.000000e+00,0.000000e+00,0.000000e+00,0.000000e+00,0.000000e+00,0.000000e+00,0.000000e+00,0.000000e+00,0.000000e+00,0.000000e+00,0.000000e+00,0.000000e+00,0.000000e+00,0.000000e+00,0.000000e+00
1.000000e+00,0.000000e+00,0.000000e+00,0.000000e+00,0.000000e+00,0.000000e+00,0.000000e+00,0.000000e+00,0.000000e+00,0.000000e+00,0.000000e+00,0.000000e+00,0.000000e+00,0.000000e+00,0.000000e+00
1.000000e+00,0.000000e+00,0.000000e+00,0.000000e+00,0.000000e+00,0.000000e+00,0.000000e+00,0.000000e+00,0.000000e+00,0.000000e+00,0.000000e+00,0.000000e+00,0.000000e+00,0.000000e+00,0.000000e+00
1.000000e+00,0.000000e+00,0.000000e+00,0.000000e+00,0.000000e+00,0.000000e+00,0.000000e+00,0.000000e+00,0.000000e+00,0.000000e+00,0.000000e+00,0.000000e+00,0.000000e+00,0.000000e+00,0.000000e+00
1.000000e+00,0.000000e+00,0.000000e+00,0.000000e+00,0.000000e+00,0.000000e+00,0.000000e+00,0.000000e+00,0.000000e+00,0.000000e+00,0.000000e+00,0.000000e+00,0.000000e+00,0.000000e+00,0.000000e+00
1.000000e+00,0.000000e+00,0.000000e+00,0.000000e+00,0.000000e+00,0.000000e+00,0.000000e+00,0.000000e+00,0.000000e+00,0.000000e+00,0.000000e+00,0.000000e+00,0.000000e+00,0.000000e+00,0.000000e+00
1.000000e+00,0.000000e+00,0.000000e+00,0.000000e+00,0.000000e+00,0.000000e+00,0.000000e+00,0.000000e+00,0.000000e+00,0.000000e+00,0.000000e+00,0.000000e+00,0.000000e+00,0.000000e+00,0.000000e+00
1.000000e+00,0.000000e+00,0.000000e+00,0.000000e+00,0.000000e+00,0.000000e+00,0.000000e+00,0.000000e+00,0.000000e+00,0.000000e+00,0.000000e+00,0.000000e+00,0.000000e+00,0.000000e+00,0.000000e+00
1.000000e+00,0.000000e+00,0.000000e+00,0.000000e+00,0.000000e+00,0.000000e+00,0.000000e+00,0.000000e+00,0.000000e+00,0.000000e+00,0.000000e+00,0.000000e+00,0.000000e+00,0.000000e+00,0.000000e+00
1.000000e+00,0.000000e+00,0.000000e+00,0.000000e+00,0.000000e+00,0.000000e+00,0.000000e+00,0.000000e+00,0.000000e+00,0.000000e+00,0.000000e+00,0.000000e+00,0.000000e+00,0.000000e+00,0.000000e+00
1.000000e+00,0.000000e+00,0.000000e+00,0.000000e+00,0.000000e+00,0.000000e+00,0.000000e+00,0.000000e+00,0.000000e+00,0.000000e+00,0.000000e+00,0.000000e+00,0.000000e+00,0.000000e+00,0.000000e+00
1.000000e+00,0.000000e+00,0.000000e+00,0.000000e+00,0.000000e+00,0.000000e+00,0.000000e+00,0.000000e+00,0.000000e+00,0.000000e+00,0.000000e+00,0.000000e+00,0.000000e+00,0.000000e+00,0.000000e+00
4.088499e-01,7.297472e-03,1.154677e-01,3.810218e-02,3.078819e-03,1.345581e-02,4.004171e-03,3.569437e-01,2.253111e-03,9.232441e-04,9.639131e-03,2.265434e-02,9.177226e-03,1.914020e-03,6.239362e-03
2.931423e-01,5.882724e-03,2.893100e-01,3.376522e-02,2.310342e-03,1.337333e-02,3.069146e-03,2.873917e-01,3.282261e-03,2.184575e-02,8.800522e-03,1.673263e-02,8.826465e-03,4.406854e-03,7.860844e-03
2.086220e-01,5.465341e-03,4.516703e-01,2.565351e-02,1.762290e-03,1.192671e-02,2.218414e-03,2.118434e-01,7.705444e-03,2.830572e-02,7.493110e-03,1.187694e-02,9.167421e-03,4.076198e-03,1.221330e-02
1.635777e-01,2.247868e-02,3.966577e-01,2.255148e-02,1.429301e-03,1.278920e-02,1.883277e-03,1.526807e-01,5.122757e-02,4.092424e-02,1.006447e-02,9.007339e-03,1.123141e-02,1.530065e-02,8.819647e-02
1.231879e-01,2.131929e-02,2.829603e-01,1.609454e-02,1.166685e-03,1.084445e-02,1.394324e-03,1.071688e-01,4.478295e-02,3.597828e-02,1.854239e-02,6.913545e-03,1.202513e-02,4.856392e-02,2.690576e-01
8.782244e-02,1.930481e-02,1.985007e-01,1.162434e-02,1.047419e-03,8.619457e-03,1.053462e-03,7.525309e-02,4.513291e-02,2.875696e-02,1.867156e-02,5.028777e-03,9.888020e-03,5.339271e-02,4.359034e-01
6.237324e-02,1.536421e-02,1.393225e-01,8.289520e-03,1.130268e-03,7.047207e-03,7.924341e-04,5.280770e-02,6.760661e-02,2.352358e-02,1.385856e-02,3.605161e-03,7.339329e-03,4.154141e-02,5.553983e-01
4.406280e-02,1.264336e-02,9.772931e-02,5.977551e-03,1.425282e-03,5.649353e-03,5.873690e-04,3.705063e-02,1.001030e-01,1.924339e-02,1.029296e-02,2.594332e-03,5.708634e-03,3.153688e-02,6.253952e-01
3.140537e-02,1.224899e-02,6.865846e-02,4.478537e-03,1.185938e-03,4.702840e-03,4.244834e-04,2.597449e-02,1.814456e-01,1.443790e-02,7.360293e-03,1.982712e-03,4.878613e-03,2.270033e-02,6.181155e-01
2.224276e-02,9.133495e-03,4.816153e-02,3.233987e-03,8.671359e-04,4.351233e-03,3.080495e-04,1.821213e-02,3.331404e-01,1.069904e-02,5.292514e-03,1.450629e-03,3.935381e-03,1.651143e-02,5.224603e-01
1.674153e-02,6.742955e-03,3.382227e-02,2.333781e-03,7.262270e-04,6.955831e-03,2.415111e-04,1.276835e-02,3.355518e-01,7.940339e-03,4.498907e-03,1.101271e-03,4.675054e-03,4.117757e-02,5.247227e-01
1.285822e-02,4.904834e-03,2.374259e-02,1.680212e-03,1.614604e-03,6.485811e-03,1.925929e-04,8.998017e-03,2.984758e-01,5.623484e-03,3.945436e-03,8.704946e-04,5.413634e-03,4.380996e-02,5.813844e-01
1.054434e-02,3.837340e-03,1.743575e-02,1.263271e-03,4.938484e-03,5.509734e-03,1.572379e-04,6.351817e-03,2.373932e-01,4.016978e-03,3.906754e-03,7.008197e-04,6.726621e-03,4.320055e-02,6.540172e-01
8.251047e-03,4.594771e-03,1.371043e-02,1.361844e-03,4.081187e-03,4.056880e-03,1.245980e-04,4.468181e-03,4.018266e-01,3.626923e-03,3.113562e-03,5.618230e-04,5.108536e-03,4.597718e-02,4.991366e-01
6.060526e-03,3.776177e-03,1.084946e-02,1.996867e-03,3.090777e-03,3.220941e-03,1.299195e-04,3.173195e-03,4.180550e-01,6.774391e-03,1.158987e-02,2.088004e-03,4.953291e-02,4.310846e-02,4.365537e-01
4.457739e-03,2.991220e-03,7.809616e-03,3.103956e-03,2.424560e-03,2.646720e-03,1.456813e-04,2.263545e-03,3.216297e-01,6.418564e-03,3.321695e-02,3.283028e-03,8.998518e-02,3.814222e-02,4.814814e-01
3.155935e-03,2.388452e-03,6.321433e-03,2.468580e-03,2.561970e-03,1.910391e-03,1.237993e-04,1.879185e-03,2.345127e-01,4.748735e-03,2.776964e-02,3.278580e-03,8.613553e-02,3.202637e-02,5.907187e-01
2.291496e-03,2.171392e-03,6.554196e-03,2.306540e-03,2.285223e-03,1.797410e-03,1.682341e-04,2.776705e-03,1.726988e-01,4.153791e-03,3.421815e-02,4.354916e-03,7.299771e-02,8.615530e-02,6.050702e-01
1.731078e-03,1.950968e-03,9.615747e-03,6.642530e-03,2.476338e-03,1.525979e-03,3.845772e-04,6.921102e-03,1.313308e-01,3.376730e-03,2.772458e-02,3.516106e-03,5.485336e-02,7.430530e-02,6.736448e-01
1.354375e-03,1.503873e-03,8.084000e-03,6.060830e-03,2.140228e-03,1.203395e-03,3.254708e-04,6.078698e-03,9.514423e-02,2.726493e-03,2.360630e-02,2.712954e-03,4.016617e-02,6.066904e-02,7.482239e-01
1.501482e-03,1.470319e-03,1.876630e-02,9.646608e-03,2.660961e-03,1.115090e-03,3.841379e-04,6.882132e-03,7.827359e-02,2.367682e-03,1.940629e-02,2.228143e-03,3.032759e-02,6.147608e-02,7.634936e-01
2.129315e-03,1.380701e-03,2.293224e-02,1.142672e-02,3.579310e-03,1.675415e-03,4.767608e-04,1.893801e-02,6.193347e-02,5.611636e-03,2.014042e-02,2.613990e-03,2.544139e-02,7.840336e-02,7.433172e-01
2.100463e-03,1.190507e-03,4.191139e-02,1.191365e-02,4.250277e-03,1.514026e-03,7.965809e-04,6.090238e-02,4.768074e-02,6.691015e-03,1.866217e-02,2.801470e-03,2.347347e-02,6.781461e-02,7.082973e-01
2.597794e-03,1.151202e-03,2.115498e-01,1.258061e-02,4.583481e-03,1.320235e-03,6.210456e-04,4.629952e-02,3.586834e-02,4.975654e-03,1.337364e-02,1.994245e-03,1.671259e-02,4.891845e-02,5.974534e-01
3.287455e-03,1.365495e-03,3.877837e-01,2.291166e-02,6.127923e-03,1.261577e-03,7.123996e-04,4.506568e-02,2.752582e-02,3.715923e-03,9.830007e-03,1.473149e-03,1.203012e-02,3.467818e-02,4.422309e-01
4.198182e-03,1.839151e-03,5.278807e-01,1.964702e-02,7.300911e-03,1.181661e-03,7.106257e-04,4.053240e-02,2.194414e-02,2.854009e-03,7.155833e-03,1.072410e-03,8.804885e-03,2.450915e-02,3.303688e-01
9.354590e-03,3.714019e-03,5.398816e-01,1.532642e-02,9.514889e-03,2.072473e-03,1.239137e-03,6.012114e-02,1.743132e-02,2.960093e-03,6.042247e-03,8.415433e-04,6.881189e-03,1.907200e-02,3.055473e-01
1.672237e-02,2.692793e-02,5.039667e-01,1.337598e-02,1.928991e-02,3.790818e-03,1.375932e-03,7.747879e-02,2.619115e-02,3.183256e-03,5.430702e-03,8.114150e-04,5.535390e-03,1.481960e-02,2.810999e-01
1.766644e-02,1.778637e-01,3.871314e-01,1.776939e-02,1.945424e-02,3.117815e-03,1.105753e-03,6.356612e-02,4.743014e-02,3.267779e-03,4.846915e-03,9.852487e-04,4.549113e-03,1.064999e-02,2.405959e-01
1.883176e-02,2.626418e-01,3.109100e-01,2.665475e-02,1.727327e-02,4.491501e-03,8.649951e-04,4.949030e-02,8.808704e-02,4.015050e-03,7.195442e-03,3.161202e-03,5.676280e-03,7.652400e-03,1.930543e-01
1.979663e-02,2.583553e-01,2.945195e-01,5.127021e-02,1.409351e-02,7.577310e-03,7.052302e-04,3.718041e-02,9.654817e-02,7.330383e-03,2.767786e-02,1.195139e-02,1.800478e-02,5.527609e-03,1.494617e-01
3.543480e-02,2.071988e-01,2.530740e-01,7.335074e-02,1.966333e-02,1.113707e-02,6.994964e-04,3.138085e-02,1.125298e-01,1.805795e-02,5.764749e-02,2.525532e-02,3.310144e-02,6.055311e-03,1.154136e-01
3.304000e-02,1.531716e-01,1.950882e-01,1.237170e-01,1.917117e-02,1.136575e-02,6.636411e-04,2.625901e-02,1.107632e-01,4.666278e-02,1.115493e-01,4.297125e-02,3.336915e-02,8.336229e-03,8.387180e-02
2.778807e-02,1.098015e-01,1.479015e-01,1.237297e-01,1.658926e-02,1.315392e-02,6.258634e-04,2.124376e-02,8.649391e-02,7.138620e-02,1.660275e-01,1.128926e-01,2.728877e-02,1.454694e-02,6.053056e-02
2.133490e-02,7.768361e-02,1.077996e-01,1.176919e-01,1.358394e-02,1.231435e-02,8.814377e-04,1.644609e-02,6.485336e-02,7.235898e-02,2.192733e-01,1.963817e-01,2.172327e-02,1.419806e-02,4.347559e-02
3.272436e-02,5.637772e-02,8.289719e-02,1.232740e-01,1.494626e-02,1.485193e-02,1.486803e-03,1.452064e-02,5.342917e-02,8.574434e-02,2.222072e-01,2.291936e-01,1.783497e-02,1.728813e-02,3.322375e-02
5.528405e-02,4.312020e-02,6.156953e-02,9.872500e-02,1.635639e-02,2.067864e-02,2.115329e-03,1.480917e-02,4.138242e-02,1.196156e-01,2.095998e-01,2.560680e-01,1.674003e-02,1.741854e-02,2.651721e-02
8.888242e-02,3.740567e-02,4.814520e-02,8.232575e-02,3.141273e-02,2.662145e-02,2.709466e-03,1.565661e-02,3.936298e-02,1.063344e-01,2.256750e-01,2.320158e-01,1.600636e-02,2.252914e-02,2.491700e-02
9.688517e-02,3.589569e-02,3.619854e-02,6.015766e-02,2.913525e-02,2.193687e-02,2.458007e-03,1.323277e-02,3.082003e-02,8.152877e-02,2.766409e-01,2.468491e-01,1.422385e-02,3.323138e-02,2.080598e-02
1.742988e-01,3.221264e-02,2.748913e-02,4.775348e-02,2.465159e-02,1.928472e-02,2.476971e-03,1.131044e-02,2.435599e-02,6.078202e-02,2.945221e-01,2.103338e-01,1.230316e-02,4.080901e-02,1.741615e-02
2.851201e-01,2.757355e-02,2.135613e-02,3.987025e-02,2.103254e-02,1.927580e-02,2.673711e-03,1.110892e-02,1.957088e-02,4.638181e-02,2.586667e-01,1.762065e-01,1.119713e-02,4.403737e-02,1.592856e-02
3.528269e-01,2.601869e-02,1.897755e-02,3.461932e-02,2.198154e-02,2.334420e-02,3.465414e-03,1.224248e-02,1.591293e-02,3.485314e-02,2.500268e-01,1.433164e-01,9.860660e-03,3.696272e-02,1.559127e-02
3.837861e-01,3.195510e-02,1.799790e-02,3.286839e-02,2.396223e-02,2.238200e-02,4.489591e-03,1.582374e-02,1.349159e-02,2.590516e-02,2.367168e-01,1.295878e-01,8.477041e-03,3.478284e-02,1.777367e-02
4.334144e-01,3.415063e-02,1.610958e-02,2.901714e-02,2.327033e-02,2.069924e-02,4.254225e-03,1.851953e-02,1.227128e-02,1.948544e-02,2.131413e-01,1.165942e-01,7.861872e-03,3.474119e-02,1.646969e-02
4.305787e-01,3.165182e-02,1.265060e-02,2.296965e-02,2.020191e-02,1.859297e-02,3.558590e-03,1.611703e-02,9.862460e-03,1.488881e-02,2.628526e-01,9.718405e-02,7.017788e-03,3.553464e-02,1.633834e-02
3.699754e-01,2.820679e-02,9.284067e-03,1.804731e-02,1.905227e-02,1.583811e-02,3.454453e-03,1.272784e-02,8.400285e-03,1.205376e-02,3.584128e-01,9.134064e-02,6.703192e-03,3.067624e-02,1.582686e-02
2.728851e-01,2.215229e-02,6.779745e-03,1.292839e-02,1.997196e-02,1.285673e-02,2.911861e-03,9.457556e-03,6.894900e-03,9.140781e-03,5.090790e-01,7.255656e-02,6.594412e-03,2.387252e-02,1.191821e-02
1.980367e-01,1.798628e-02,5.108091e-03,9.214554e-03,2.168667e-02,1.088884e-02,2.729902e-03,6.950593e-03,5.300111e-03,7.377829e-03,6.231058e-01,5.860832e-02,5.632065e-03,1.812671e-02,9.247584e-03
1.557868e-01,1.358636e-02,4.927009e-03,6.875703e-03,2.628238e-02,2.239805e-02,8.573562e-03,8.837216e-03,4.245919e-03,5.981355e-03,6.671879e-01,4.853448e-02,5.569407e-03,1.369848e-02,7.515393e-03
1.273592e-01,1.076919e-02,5.278862e-03,5.259768e-03,2.568154e-02,4.594342e-02,8.120518e-03,7.855452e-03,4.058089e-03,5.436691e-03,6.836920e-01,4.612756e-02,4.804037e-03,1.139523e-02,8.218396e-03
9.157149e-02,7.980569e-03,4.702643e-03,3.882032e-03,2.320388e-02,4.740960e-02,7.915171e-03,6.096352e-03,3.147372e-03,4.399382e-03,7.447565e-01,3.605644e-02,4.192759e-03,8.260170e-03,6.425723e-03
6.506757e-02,6.204824e-03,5.044848e-03,3.036601e-03,1.893443e-02,6.636640e-02,5.794082e-03,4.530580e-03,2.458692e-03,3.679464e-03,7.729472e-01,3.072618e-02,4.133637e-03,5.977624e-03,5.097908e-03
4.696575e-02,4.810562e-03,5.224202e-03,2.360142e-03,1.543937e-02,1.119440e-01,4.235662e-03,3.370532e-03,1.912479e-03,2.999407e-03,7.534347e-01,3.430890e-02,4.198050e-03,4.546030e-03,4.250253e-03
3.451200e-02,3.518817e-03,4.099997e-03,1.708088e-03,1.184569e-02,8.629371e-02,3.058185e-03,2.642625e-03,1.710717e-03,2.363646e-03,8.015128e-01,3.581934e-02,4.146100e-03,3.406222e-03,3.362003e-03
2.625456e-02,7.414985e-03,1.644439e-02,1.865456e-03,1.862785e-02,7.136873e-02,2.297037e-03,3.003448e-03,2.619313e-03,4.450073e-03,7.678443e-01,6.540830e-02,5.093792e-03,2.849644e-03,4.458215e-03
2.103780e-02,1.168921e-02,3.754039e-02,2.043853e-03,2.655061e-02,6.194599e-02,1.877011e-03,3.842104e-03,2.896450e-03,5.442880e-03,6.883402e-01,1.210293e-01,6.001676e-03,2.615726e-03,7.146740e-03
1.854017e-02,1.115221e-02,7.662815e-02,2.301638e-03,4.071461e-02,4.589451e-02,1.635563e-03,6.438721e-03,4.036453e-03,5.911998e-03,5.633399e-01,2.049365e-01,8.609760e-03,3.188139e-03,6.671677e-03
1.618633e-02,9.503839e-03,1.074889e-01,2.326503e-03,4.855767e-02,3.382182e-02,1.369454e-03,1.141914e-02,5.767459e-03,6.871196e-03,4.420758e-01,2.932330e-01,1.162983e-02,4.146080e-03,5.602950e-03
1.307161e-02,8.493099e-03,9.591830e-02,2.091754e-03,3.994748e-02,2.529448e-02,1.003016e-03,1.145337e-02,7.511807e-03,1.229505e-02,4.028891e-01,3.525781e-01,1.795813e-02,4.991248e-03,4.503490e-03
9.823520e-03,6.472033e-03,7.888602e-02,1.986575e-03,3.192274e-02,2.145521e-02,7.953724e-04,2.281288e-02,1.353907e-02,1.154538e-02,3.649449e-01,3.988276e-01,2.965613e-02,3.962105e-03,3.370489e-03
7.292050e-03,4.744615e-03,5.901211e-02,1.554072e-03,2.375697e-02,1.733779e-02,6.984067e-04,6.331932e-02,1.708279e-02,1.109970e-02,3.137663e-01,4.335116e-01,4.118263e-02,3.152594e-03,2.489169e-03
7.757288e-03,3.895365e-03,5.228398e-02,2.276976e-03,2.559027e-02,1.417413e-02,1.254103e-03,1.965533e-01,4.126712e-02,9.775342e-03,2.358590e-01,3.648020e-01,4.002297e-02,2.567878e-03,1.920317e-03
6.828062e-03,3.943483e-03,4.508443e-02,3.710015e-03,3.315140e-02,1.207608e-02,1.937743e-03,1.840994e-01,1.655262e-01,9.223620e-03,1.827754e-01,3.032046e-01,4.415706e-02,2.346514e-03,1.936075e-03
5.786546e-03,9.394099e-03,3.324622e-02,3.086051e-02,3.048083e-02,9.740793e-03,1.394780e-03,1.324998e-01,3.459738e-01,8.899517e-03,1.325085e-01,2.161137e-01,3.524286e-02,2.362298e-03,5.495625e-03
4.644799e-03,7.907862e-03,2.339505e-02,2.899504e-02,2.284006e-02,7.950389e-03,1.047709e-03,9.417826e-02,4.401628e-01,7.425520e-03,1.238253e-01,1.578369e-01,6.953408e-02,2.346516e-03,7.909754e-03
3.526402e-03,6.129479e-03,1.653686e-02,2.482979e-02,1.662029e-02,6.147503e-03,8.204018e-04,6.635233e-02,4.949499e-01,6.666224e-03,1.134369e-01,1.134709e-01,1.174216e-01,1.786202e-03,1.130516e-02
3.549512e-03,5.900057e-03,1.209134e-02,2.013742e-02,1.229632e-02,7.414685e-03,9.596650e-04,4.676402e-02,5.994575e-01,5.747711e-03,8.887111e-02,9.752925e-02,8.775076e-02,1.834583e-03,9.696092e-03
3.759539e-03,4.601924e-03,9.131092e-03,1.659948e-02,9.156601e-03,6.407824e-03,8.833458e-04,3.283142e-02,5.180450e-01,6.330600e-03,1.122997e-01,1.691444e-01,9.443730e-02,2.940344e-03,1.343148e-02
3.360570e-03,3.493346e-03,7.474874e-03,1.452642e-02,6.792459e-03,5.440489e-03,6.861831e-04,2.301332e-02,3.977695e-01,6.708128e-03,1.034796e-01,3.201841e-01,8.754944e-02,4.677065e-03,1.484455e-02
2.980241e-03,2.656439e-03,6.134218e-03,1.316632e-02,9.224872e-03,5.202801e-03,6.429385e-04,1.639935e-02,2.825950e-01,6.558900e-03,2.301479e-01,3.204898e-01,8.656970e-02,5.158820e-03,1.207276e-02
2.549998e-03,1.982504e-03,4.549467e-03,1.065169e-02,1.229226e-02,7.034489e-03,6.997520e-04,1.159123e-02,1.997267e-01,5.974947e-03,3.074163e-01,3.427168e-01,7.642099e-02,4.563114e-03,1.182980e-02
3.533010e-03,1.255913e-02,6.184355e-03,8.655255e-03,2.592167e-02,9.086305e-03,1.440065e-03,8.259695e-03,1.674534e-01,5.304468e-03,2.925620e-01,3.843433e-01,6.103307e-02,4.089875e-03,9.574430e-03
2.985254e-03,1.069736e-02,8.811772e-03,6.999703e-03,5.555408e-02,1.022903e-02,2.140507e-03,6.557946e-03,1.368261e-01,4.623544e-03,2.911645e-01,3.998633e-01,5.034108e-02,4.785383e-03,8.420513e-03
2.678661e-03,1.071744e-02,7.273690e-03,6.061198e-03,4.184620e-02,1.358635e-02,1.886104e-03,4.719516e-03,1.222149e-01,1.538789e-02,2.353147e-01,4.789670e-01,4.814941e-02,3.994372e-03,7.202639e-03
3.083715e-03,1.158036e-02,7.140721e-03,4.828453e-03,3.130713e-02,1.494449e-02,1.974974e-03,3.913018e-03,1.285710e-01,1.754216e-02,1.813159e-01,5.432329e-01,4.099489e-02,3.723165e-03,5.847147e-03
3.529711e-03,8.505926e-03,5.253078e-03,4.008143e-03,2.350175e-02,2.003156e-02,1.491043e-03,2.887621e-03,9.756570e-02,1.753615e-02,1.402677e-01,6.345770e-01,3.274768e-02,3.552050e-03,4.544881e-03
3.361133e-03,6.157495e-03,5.121486e-03,3.011349e-03,2.523094e-02,1.539857e-02,1.686516e-03,2.908313e-03,8.192967e-02,1.619313e-02,1.286059e-01,6.553951e-01,4.616116e-02,3.831751e-03,5.007424e-03
4.015179e-03,4.477985e-03,5.837205e-03,2.358322e-03,3.355120e-02,1.260459e-02,1.927260e-03,3.076483e-03,6.751130e-02,1.980087e-02,1.231161e-01,6.328307e-01,7.767381e-02,4.749582e-03,6.469453e-03
7.671024e-03,4.020231e-03,8.355651e-03,2.550670e-03,3.483900e-02,1.184915e-02,1.711261e-03,4.734598e-03,9.348141e-02,3.622188e-02,9.840616e-02,6.208515e-01,6.548203e-02,4.604331e-03,5.221130e-03
1.246103e-02,3.955455e-03,1.134562e-02,3.219548e-03,3.564314e-02,4.296406e-02,1.877578e-03,6.467292e-03,7.819135e-02,6.819446e-02,8.156969e-02,5.950752e-01,5.000095e-02,4.813643e-03,4.220972e-03
1.333275e-02,3.246238e-03,8.931556e-03,3.134991e-03,3.031051e-02,8.479036e-02,1.578632e-03,6.486975e-03,6.304415e-02,6.076941e-02,7.440931e-02,6.030912e-01,3.899890e-02,4.545328e-03,3.329575e-03
3.549201e-02,3.407844e-03,7.129439e-03,2.781095e-03,2.881523e-02,6.335261e-02,1.787167e-03,9.351556e-03,6.254794e-02,5.517078e-02,7.871202e-02,6.095240e-01,3.458463e-02,4.551835e-03,2.791852e-03
7.269572e-02,4.075787e-03,8.107393e-03,3.059273e-03,4.708828e-02,5.115874e-02,3.361074e-03,1.428859e-02,6.213208e-02,5.549939e-02,7.351652e-02,5.622861e-01,3.466094e-02,5.343308e-03,2.726830e-03
6.149042e-02,4.898152e-03,6.447018e-03,3.357399e-03,4.635814e-02,3.690764e-02,2.672844e-03,1.169377e-02,9.514192e-02,5.642300e-02,7.703403e-02,5.573934e-01,3.279681e-02,5.278429e-03,2.106983e-03
6.143526e-02,7.228217e-03,6.998571e-03,4.739893e-03,5.284435e-02,2.991302e-02,4.547582e-03,2.685965e-02,1.418478e-01,6.847910e-02,6.761229e-02,4.943671e-01,2.659339e-02,4.482989e-03,2.050662e-03
4.569323e-02,6.226241e-03,5.968088e-03,5.061579e-03,4.303561e-02,2.419084e-02,3.924664e-03,4.923158e-02,1.846493e-01,5.286678e-02,6.883040e-02,4.833494e-01,2.175052e-02,3.471691e-03,1.750073e-03
4.066230e-02,6.788610e-03,1.062736e-02,1.101071e-02,3.563502e-02,2.563773e-02,6.460485e-03,1.684617e-01,1.721202e-01,4.692568e-02,7.447066e-02,3.796878e-01,1.738872e-02,2.631732e-03,1.491272e-03
4.136543e-02,7.963675e-03,1.734363e-02,1.385253e-02,2.962114e-02,3.038666e-02,1.158411e-02,2.257489e-01,1.520203e-01,6.220803e-02,1.006148e-01,2.882546e-01,1.515582e-02,2.503501e-03,1.376883e-03
6.267305e-02,7.440566e-03,2.088587e-02,2.172365e-02,2.713594e-02,4.044569e-02,1.237545e-02,2.162129e-01,1.410741e-01,9.186880e-02,1.313194e-01,2.097947e-01,1.325786e-02,2.333062e-03,1.458958e-03
7.496934e-02,7.957537e-03,2.088584e-02,3.313879e-02,2.561290e-02,3.986929e-02,1.109447e-02,2.197012e-01,1.354153e-01,1.244359e-01,1.303113e-01,1.602808e-01,1.216797e-02,2.624052e-03,1.535257e-03
8.778764e-02,9.893191e-03,1.854903e-02,3.064890e-02,2.636866e-02,3.158627e-02,1.101936e-02,1.863084e-01,1.336997e-01,1.807738e-01,1.368530e-01,1.260420e-01,1.355100e-02,4.409248e-03,2.509843e-03
1.154182e-01,2.212538e-02,1.468057e-02,2.725684e-02,2.739964e-02,2.711584e-02,8.805007e-03,1.393015e-01,1.648039e-01,1.906680e-01,1.263967e-01,1.054401e-01,1.453865e-02,1.112140e-02,4.928266e-03
1.402826e-01,2.690501e-02,1.131472e-02,2.530610e-02,2.835781e-02,2.258442e-02,6.823780e-03,1.042223e-01,1.461033e-01,2.390614e-01,1.308288e-01,8.153170e-02,1.359811e-02,1.454116e-02,8.538829e-03
1.667373e-01,5.451272e-02,1.101267e-02,2.226625e-02,3.912618e-02,2.083107e-02,6.335773e-03,7.775518e-02,1.495910e-01,2.318763e-01,1.108312e-01,6.297452e-02,1.119082e-02,2.361057e-02,1.134848e-02
2.282755e-01,5.058639e-02,9.263080e-03,1.779006e-02,4.543092e-02,2.189086e-02,5.622100e-03,5.645621e-02,1.452386e-01,2.031891e-01,8.426164e-02,5.663243e-02,9.636004e-03,3.208128e-02,3.364589e-02
1.961707e-01,3.954145e-02,1.202222e-02,1.265068e-02,3.368473e-02,3.579434e-02,4.045038e-03,4.004612e-02,1.042461e-01,1.509402e-01,1.509893e-01,4.343924e-02,7.245933e-03,1.224346e-01,4.674944e-02
1.413101e-01,2.874805e-02,9.388277e-03,8.957667e-03,2.435863e-02,3.676698e-02,2.885066e-03,2.822742e-02,7.416061e-02,1.060463e-01,2.429432e-01,3.282052e-02,5.207964e-03,2.223087e-01,3.587055e-02
1.002209e-01,2.113500e-02,7.671409e-03,6.372960e-03,1.753779e-02,2.924861e-02,2.054542e-03,1.982413e-02,5.285948e-02,7.465824e-02,3.022132e-01,2.480280e-02,3.711175e-03,3.115366e-01,2.615319e-02
7.106131e-02,1.607840e-02,5.623135e-03,4.528766e-03,1.280400e-02,2.102662e-02,1.470434e-03,1.396644e-02,3.878021e-02,5.342853e-02,3.822830e-01,1.959061e-02,2.653032e-03,3.379024e-01,1.880320e-02
5.001923e-02,1.180886e-02,4.227190e-03,3.467527e-03,9.657712e-03,1.518039e-02,1.069167e-03,9.887594e-03,4.295711e-02,3.888816e-02,4.576260e-01,2.057243e-02,1.897490e-03,3.190628e-01,1.367837e-02
3.548386e-02,8.531080e-03,6.358642e-03,2.732154e-03,7.097147e-03,1.275402e-02,1.015708e-03,7.641964e-03,4.204100e-02,2.892460e-02,4.792114e-01,2.051437e-02,1.437446e-03,3.364618e-01,9.794679e-03
2.532749e-02,6.615823e-03,4.962500e-03,2.079495e-03,5.322229e-03,9.856376e-03,7.523310e-04,5.538276e-03,1.058353e-01,2.221145e-02,4.471519e-01,1.920720e-02,1.041589e-03,3.364086e-01,7.689382e-03
1.788855e-02,6.868204e-03,4.271879e-03,1.563587e-03,4.189706e-03,7.405454e-03,5.415074e-04,3.943884e-03,2.504396e-01,1.716934e-02,3.894687e-01,1.602536e-02,7.341601e-04,2.727753e-01,6.714853e-03
1.272084e-02,5.545120e-03,1.066482e-02,1.478279e-03,3.352571e-03,3.329366e-02,6.821665e-04,1.006429e-02,3.534214e-01,1.398946e-02,3.103257e-01,1.246685e-02,5.398064e-04,2.264138e-01,5.041316e-03
9.045417e-03,4.003636e-03,7.606298e-03,1.088979e-03,2.400801e-03,3.109360e-02,4.931577e-04,7.102176e-03,4.467734e-01,1.074409e-02,2.546082e-01,9.495413e-03,4.022720e-04,2.110930e-01,4.049654e-03
6.441358e-03,3.105376e-03,5.637394e-03,9.966183e-04,1.891427e-03,3.673778e-02,4.090382e-04,5.086045e-03,5.595115e-01,9.150283e-03,1.957109e-01,7.150642e-03,3.250627e-04,1.641690e-01,3.677536e-03
4.704950e-03,2.392385e-03,4.784842e-03,2.799490e-03,1.762945e-03,3.081959e-02,3.293233e-04,4.084137e-03,6.549795e-01,9.453824e-03,1.479412e-01,5.720066e-03,6.461203e-04,1.248729e-01,4.708719e-03
3.465949e-03,1.904860e-03,3.695947e-03,3.204272e-03,3.430726e-03,2.382975e-02,3.076870e-04,3.408107e-03,7.239728e-01,9.390974e-03,1.141325e-01,5.774516e-03,1.879822e-03,9.635982e-02,5.242288e-03
2.818645e-03,2.146611e-03,8.097042e-03,5.721233e-03,3.851455e-03,1.828849e-02,2.694218e-04,3.412723e-03,6.710274e-01,1.236478e-02,1.478548e-01,7.818637e-03,6.614116e-03,1.008765e-01,8.838113e-03
2.429975e-03,2.027733e-03,1.613526e-02,1.147031e-02,4.641065e-03,1.777612e-02,6.016271e-04,3.406682e-03,5.961434e-01,1.369991e-02,1.184816e-01,5.946754e-03,9.805387e-03,1.840833e-01,1.335082e-02
2.061334e-03,1.703997e-03,1.440256e-02,1.122961e-01,5.224826e-03,1.588919e-02,4.624213e-04,3.138266e-03,5.582585e-01,1.218912e-02,1.004830e-01,4.489318e-03,1.108565e-02,1.439908e-01,1.432490e-02
1.820280e-03,1.393954e-03,1.968505e-02,8.727441e-02,4.401620e-03,1.450353e-02,4.166801e-04,2.294156e-02,4.163986e-01,1.715849e-02,1.802367e-01,4.745867e-03,2.228724e-02,1.951364e-01,1.159971e-02
3.687620e-03,1.457247e-03,2.902523e-02,7.252640e-02,7.014100e-03,1.957389e-02,4.954485e-04,2.608700e-02,3.111916e-01,2.117017e-02,2.263170e-01,5.046325e-03,2.646974e-02,2.400302e-01,9.907999e-03
7.714816e-03,1.600055e-03,5.985244e-02,6.431518e-02,7.801780e-03,4.845383e-02,1.078213e-03,4.206051e-02,2.515905e-01,1.787114e-02,2.077332e-01,4.420874e-03,2.257661e-02,2.542819e-01,8.648871e-03
1.394095e-02,3.419366e-03,6.641789e-02,5.346662e-02,8.660188e-03,7.632867e-02,1.117643e-03,4.573105e-02,2.130785e-01,1.489156e-02,1.555902e-01,3.370474e-03,1.651663e-02,3.193009e-01,8.169342e-03
2.212245e-02,6.345231e-03,8.059578e-02,5.322092e-02,1.129973e-02,1.041167e-01,1.067178e-03,5.988411e-02,2.025069e-01,1.365175e-02,1.191266e-01,2.849995e-03,1.209923e-02,3.027603e-01,8.353049e-03
2.325487e-02,6.149944e-03,8.587503e-02,4.034396e-02,1.097333e-02,8.758844e-02,1.753989e-03,1.834036e-01,1.565951e-01,1.210228e-02,8.697499e-02,2.500088e-03,8.777970e-03,2.867764e-01,6.929981e-03
2.537906e-02,6.513024e-03,7.043599e-02,2.971456e-02,9.866341e-03,9.063432e-02,1.662746e-03,1.989504e-01,1.336697e-01,1.291032e-02,6.574059e-02,2.101706e-03,6.743187e-03,3.393665e-01,6.311560e-03
2.926978e-02,1.477321e-02,8.699323e-02,2.226934e-02,2.013819e-02,7.181220e-02,1.774794e-03,1.689516e-01,1.179465e-01,1.124751e-02,4.963768e-02,2.032668e-03,5.825885e-03,3.891203e-01,8.207046e-03
2.810129e-02,1.514165e-02,7.937913e-02,6.357022e-02,2.586274e-02,6.178593e-02,1.536704e-03,1.343701e-01,9.931386e-02,1.759593e-02,1.094875e-01,3.470707e-02,2.938718e-02,2.846922e-01,1.506856e-02
3.179064e-02,2.130458e-02,7.940697e-02,1.075710e-01,7.528682e-02,4.926955e-02,1.397234e-03,1.055852e-01,1.028723e-01,1.548363e-02,1.118755e-01,4.869176e-02,2.320736e-02,2.042633e-01,2.199418e-02
3.161716e-02,1.935141e-02,6.042555e-02,1.147682e-01,1.012223e-01,3.942331e-02,1.181632e-03,7.603505e-02,7.900015e-02,1.304455e-02,1.716307e-01,1.051184e-01,1.917381e-02,1.498293e-01,1.817853e-02
2.521774e-02,1.580824e-02,4.632817e-02,1.038799e-01,8.590965e-02,3.126583e-02,1.025207e-03,5.391711e-02,5.763087e-02,1.635380e-02,2.542357e-01,1.688630e-01,1.595358e-02,1.095328e-01,1.407847e-02
2.141249e-02,1.258718e-02,3.469618e-02,7.642332e-02,7.083218e-02,3.095150e-02,9.200944e-04,3.809440e-02,4.179415e-02,1.342674e-02,2.483108e-01,3.042769e-01,1.357845e-02,8.165111e-02,1.104453e-02
2.866818e-02,9.973626e-03,2.493109e-02,5.692220e-02,5.213749e-02,2.765179e-02,8.851762e-04,2.740475e-02,3.096994e-02,2.351259e-02,3.599670e-01,2.763680e-01,1.187164e-02,6.003801e-02,8.698611e-03
2.978290e-02,9.199236e-03,1.801721e-02,4.308041e-02,4.662301e-02,2.218722e-02,9.497523e-04,1.986539e-02,2.310443e-02,3.569448e-02,4.142216e-01,2.732260e-01,1.098900e-02,4.600359e-02,7.055722e-03
2.822646e-02,6.928810e-03,1.281429e-02,3.153965e-02,3.529218e-02,1.874649e-02,8.957709e-04,1.440496e-02,1.699352e-02,3.214973e-02,3.861132e-01,3.678198e-01,9.403585e-03,3.347518e-02,5.196384e-03
2.612669e-02,5.300637e-03,9.079358e-03,2.267228e-02,2.559085e-02,1.765002e-02,7.229718e-04,1.048344e-02,1.285193e-02,2.596106e-02,3.427003e-01,4.639471e-01,8.245885e-03,2.468622e-02,3.981270e-03
3.341118e-02,4.594562e-03,6.466949e-03,1.636103e-02,1.856722e-02,1.606171e-02,8.108600e-04,7.990054e-03,9.842659e-03,1.939563e-02,4.043152e-01,4.340355e-01,6.661293e-03,1.822394e-02,3.262223e-03
6.726676e-02,5.277383e-03,4.777888e-03,1.216310e-02,1.476700e-02,1.552873e-02,1.165493e-03,6.400856e-03,8.348471e-03,1.560030e-02,3.964092e-01,4.281153e-01,5.640500e-03,1.496533e-02,3.573689e-03
5.587175e-02,4.890553e-03,3.601399e-03,8.697766e-03,1.145472e-02,1.294945e-02,1.597860e-03,5.005619e-03,6.318811e-03,1.261673e-02,4.816769e-01,3.762250e-01,4.484687e-03,1.154540e-02,3.063207e-03
6.191445e-02,4.150980e-03,2.650577e-03,6.304923e-03,8.928275e-03,1.138000e-02,1.502379e-03,3.837518e-03,4.947515e-03,1.364941e-02,5.494270e-01,3.146148e-01,4.247237e-03,9.969381e-03,2.475452e-03
5.585935e-02,4.210807e-03,2.078379e-03,5.001246e-03,8.406261e-03,1.096247e-02,1.333412e-03,2.870366e-03,4.148589e-03,1.068959e-02,6.398399e-01,2.405583e-01,4.459475e-03,7.438005e-03,2.143816e-03
6.102984e-02,5.425513e-03,2.513658e-03,4.198113e-03,9.834215e-03,1.558909e-02,1.979667e-03,2.741548e-03,4.147521e-03,1.685895e-02,6.687103e-01,1.913255e-01,6.320789e-03,6.867331e-03,2.457968e-03
5.839326e-02,6.459358e-03,3.385786e-03,3.824345e-03,1.599016e-02,2.701126e-02,2.772118e-03,2.523720e-03,5.445397e-03,2.297037e-02,6.305397e-01,2.045942e-01,6.179172e-03,7.182413e-03,2.728745e-03
4.350044e-02,5.159395e-03,3.511700e-03,3.030000e-03,2.072632e-02,3.569056e-02,4.118748e-03,2.423788e-03,5.420446e-03,2.164719e-02,6.569446e-01,1.846611e-01,5.161173e-03,5.733194e-03,2.271283e-03
3.713060e-02,6.932183e-03,1.262170e-02,3.034172e-03,2.619039e-02,4.920926e-02,8.147519e-03,5.160014e-03,8.326443e-03,2.091303e-02,6.442349e-01,1.629942e-01,4.830242e-03,5.329567e-03,4.945826e-03
3.349952e-02,5.583682e-03,1.316851e-02,2.863519e-03,3.226979e-02,7.101128e-02,9.854803e-03,6.187507e-03,7.322589e-03,1.890397e-02,6.629290e-01,1.218747e-01,4.315023e-03,5.564179e-03,4.651906e-03
2.721189e-02,6.046164e-03,1.326889e-02,2.732689e-03,7.097091e-02,8.935601e-02,9.712699e-03,7.905056e-03,6.098059e-03,1.556125e-02,5.932947e-01,1.437507e-01,5.138668e-03,4.663280e-03,4.288998e-03
2.239665e-02,5.013737e-03,1.152635e-02,2.118040e-03,5.453569e-02,6.567582e-02,7.107603e-03,6.777923e-03,4.665982e-03,1.146266e-02,6.850874e-01,1.110919e-01,5.244330e-03,3.514806e-03,3.781072e-03
1.923584e-02,4.983683e-03,1.445613e-02,1.822171e-03,4.671831e-02,5.041161e-02,5.388582e-03,5.946235e-03,3.867067e-03,9.059978e-03,7.366607e-01,8.951509e-02,5.705883e-03,2.835401e-03,3.393320e-03
2.090766e-02,4.439102e-03,1.651788e-02,2.612595e-03,7.638551e-02,4.372622e-02,6.302699e-03,2.760352e-02,5.983144e-03,8.295957e-03,6.863697e-01,8.771653e-02,6.658636e-03,2.504582e-03,3.976257e-03
3.096699e-02,4.779648e-03,2.126192e-02,2.800141e-03,1.436584e-01,3.598125e-02,6.402996e-03,4.862736e-02,1.347632e-02,7.252399e-03,5.885081e-01,8.399756e-02,6.196237e-03,2.126372e-03,3.964190e-03
