1.000000e+00,0.000000e+00,0.000000e+00,0.000000e+00,0.000000e+00,0.000000e+00,0.000000e+00,0.000000e+00,0.000000e+00,0.000000e+00,0.000000e+00,0.000000e+00,0.000000e+00,0.000000e+00,0.000000e+00
1.000000e+00,0.000000e+00,0.000000e+00,0.000000e+00,0.000000e+00,0.000000e+00,0.000000e+00,0.000000e+00,0.000000e+00,0.000000e+00,0.000000e+00,0.000000e+00,0.000000e+00,0.000000e+00,0.000000e+00
1.000000e+00,0.000000e+00,0.000000e+00,0.000000e+00,0.000000e+00,0.000000e+00,0.000000e+00,0.000000e+00,0.000000e+00,0.000000e+00,0.000000e+00,0.000000e+00,0.000000e+00,0.000000e+00,0.000000e+00
1.000000e+00,0.000000e+00,0.000000e+00,0.000000e+00,0.000000e+00,0.000000e+00,0.000000e+00,0.000000e+00,0.000000e+00,0.000000e+00,0.000000e+00,0.000000e+00,0.000000e+00,0.000000e+00,0.000000e+00
1.000000e+00,0.000000e+00,0.000000e+00,0.000000e+00,0.000000e+00,0.000000e+00,0.000000e+00,0.000000e+00,0.000000e+00,0.000000e+00,0.000000e+00,0.000000e+00,0.000000e+00,0.000000e+00,0.000000e+00
1.000000e+00,0.000000e+00,0.000000e+00,0.000000e+00,0.000000e+00,0.000000e+00,0.000000e+00,0.000000e+00,0.000000e+00,0.000000e+00,0.000000e+00,0.000000e+00,0.000000e+00,0.000000e+00,0.000000e+00
1.000000e+00,0.000000e+00,0.000000e+00,0.000000e+00,0.000000e+00,0.000000e+00,0.000000e+00,0.000000e+00,0.000000e+00,0.000000e+00,0.000000e+00,0.000000e+00,0.000000e+00,0.000000e+00,0.000000e+00
1.000000e+00,0.000000e+00,0.000000e+00,0.000000e+00,0.000000e+00,0.000000e+00,0.000000e+00,0.000000e+00,0.000000e+00,0.000000e+00,0.000000e+00,0.000000e+00,0.000000e+00,0.000000e+00,0.000000e+00
1.000000e+00,0.000000e+00,0.000000e+00,0.000000e+00,0.000000e+00,0.000000e+00,0.000000e+00,0.000000e+00,0.000000e+00,0.000000e+00,0.000000e+00,0.000000e+00,0.000000e+00,0.000000e+00,0.000000e+00
1.000000e+00,0.000000e+00,0.000000e+00,0.000000e+00,0.000000e+00,0.000000e+00,0.000000e+00,0.000000e+00,0.000000e+00,0.000000e+00,0.000000e+00,0.000000e+00,0.000000e+00,0.000000e+00,0.000000e+00
1.000000e+00,0.000000e+00,0.000000e+00,0.000000e+00,0.000000e+00,0.000000e+00,0.000000e+00,0.000000e+00,0.000000e+00,0.000000e+00,0.000000e+00,0.000000e+00,0.000000e+00,0.000000e+00,0.000000e+00
1.000000e+00,0.000000e+00,0.000000e+00,0.000000e+00,0.000000e+00,0.000000e+00,0.000000e+00,0.000000e+00,0.000000e+00,0.000000e+00,0.000000e+00,0.000000e+00,0.000000e+00,0.000000e+00,0.000000e+00
1.000000e+00,0.000000e+00,0.000000e+00,0.000000e+00,0.000000e+00,0.000000e+00,0.000000e+00,0.000000e+00,0.000000e+00,0.000000e+00,0.000000e+00,0.000000e+00,0.000000e+00,0.000000e+00,0.000000e+00
1.000000e+00,0.000000e+00,0.000000e+00,0.000000e+00,0.000000e+00,0.000000e+00,0.000000e+00,0.000000e+00,0.000000e+00,0.000000e+00,0.000000e+00,0.000000e+00,0.000000e+00,0.000000e+00,0.000000e+00
1.000000e+00,0.000000e+00,0.000000e+00,0.000000e+00,0.000000e+00,0.000000e+00,0.000000e+00,0.000000e+00,0.000000e+00,0.000000e+00,0.000000e+00,0.000000e+00,0.000000e+00,0.000000e+00,0.000000e+00
1.000000e+00,0.000000e+00,0.000000e+00,0.000000e+00,0.000000e+00,0.000000e+00,0.000000e+00,0.000000e+00,0.000000e+00,0.000000e+00,0.000000e+00,0.000000e+00,0.000000e+00,0.000000e+00,0.000000e+00
1.000000e+00,0.000000e+00,0.000000e+00,0.000000e+00,0.000000e+00,0.000000e+00,0.000000e+00,0.000000e+00,0.000000e+00,0.000000e+00,0.000000e+00,0.000000e+00,0.000000e+00,0.000000e+00,0.000000e+00
1.000000e+00,0.000000e+00,0.000000e+00,0.000000e+00,0.000000e+00,0.000000e+00,0.000000e+00,0.000000e+00,0.000000e+00,0.000000e+00,0.000000e+00,0.000000e+00,0.000000e+00,0.000000e+00,0.000000e+00
1.000000e+00,0.000000e+00,0.000000e+00,0.000000e+00,0.000000e+00,0.000000e+00,0.000000e+00,0.000000e+00,0.000000e+00,0.000000e+00,0.000000e+00,0.000000e+00,0.000000e+00,0.000000e+00,0.000000e+00
1.000000e+00,0.000000e+00,0.000000e+00,0.000000e+00,0.000000e+00,0.000000e+00,0.000000e+00,0.000000e+00,0.000000e+00,0.000000e+00,0.000000e+00,0.000000e+00,0.000000e+00,0.000000e+00,0.000000e+00
1.000000e+00,0.000000e+00,0.000000e+00,0.000000e+00,0.000000e+00,0.000000e+00,0.000000e+00,0.000000e+00,0.000000e+00,0.000000e+00,0.000000e+00,0.000000e+00,0.000000e+00,0.000000e+00,0.000000e+00
1.000000e+00,0.000000e+00,0.000000e+00,0.000000e+00,0.000000e+00,0.000000e+00,0.000000e+00,0.000000e+00,0.000000e+00,0.000000e+00,0.000000e+00,0.000000e+00,0.000000e+00,0.000000e+00,0.000000e+00
1.000000e+00,0.000000e+00,0.000000e+00,0.000000e+00,0.000000e+00,0.000000e+00,0.000000e+00,0.000000e+00,0.000000e+00,0.000000e+00,0.000000e+00,0.000000e+00,0.000000e+00,0.000000e+00,0.000000e+00
1.000000e+00,0.000000e+00,0.000000e+00,0.000000e+00,0.000000e+00,0.000000e+00,0.000000e+00,0.000000e+00,0.000000e+00,0.000000e+00,0.000000e+00,0.000000e+00,0.000000e+00,0.000000e+00,0.000000e+00
1.000000e+00,0.000000e+00,0.000000e+00,0.000000e+00,0.000000e+00,0.000000e+00,0.000000e+00,0.000000e+00,0.000000e+00,0.000000e+00,0.000000e+00,0.000000e+00,0.000000e+00,0.000000e+00,0.000000e+00
1.000000e+00,0.000000e+00,0.000000e+00,0.000000e+00,0.000000e+00,0.000000e+00,0.000000e+00,0.000000e+00,0.000000e+00,0.000000e+00,0.000000e+00,0.000000e+00,0.000000e+00,0.000000e+00,0.000000e+00
1.000000e+00,0.000000e+00,0.000000e+00,0.000000e+00,0.000000e+00,0.000000e+00,0.000000e+00,0.000000e+00,0.000000e+00,0.000000e+00,0.000000e+00,0.000000e+00,0.000000e+00,0.000000e+00,0.000000e+00
1.000000e+00,0.000000e+00,0.000000e+00,0.000000e+00,0.000000e+00,0.000000e+00,0.000000e+00,0.000000e+00,0.000000e+00,0.000000e+00,0.000000e+00,0.000000e+00,0.000000e+00,0.000000e+00,0.000000e+00
1.000000e+00,0.000000e+00,0.000000e+00,0.000000e+00,0.000000e+00,0.000000e+00,0.000000e+00,0.000000e+00,0.000000e+00,0.000000e+00,0.000000e+00,0.000000e+00,0.000000e+00,0.000000e+00,0.000000e+00
1.000000e+00,0.000000e+00,0.000000e+00,0.000000e+00,0.000000e+00,0.000000e+00,0.000000e+00,0.000000e+00,0.000000e+00,0.000000e+00,0.000000e+00,0.000000e+00,0.000000e+00,0.000000e+00,0.000000e+00
1.000000e+00,0.000000e+00,0.000000e+00,0.000000e+00,0.000000e+00,0.000000e+00,0.000000e+00,0.000000e+00,0.000000e+00,0.000000e+00,0.000000e+00,0.000000e+00,0.000000e+00,0.000000e+00,0.000000e+00
1.000000e+00,0.000000e+00,0.000000e+00,0.000000e+00,0.000000e+00,0.000000e+00,0.000000e+00,0.000000e+00,0.000000e+00,0.000000e+00,0.000000e+00,0.000000e+00,0.000000e+00,0.000000e+00,0.000000e+00
1.000000e+00,0.000000e+00,0.000000e+00,0.000000e+00,0.000000e+00,0.000000e+00,0.000000e+00,0.000000e+00,0.000000e+00,0.000000e+00,0.000000e+00,0.000000e+00,0.000000e+00,0.000000e+00,0.000000e+00
1.000000e+00,0.000000e+00,0.000000e+00,0.000000e+00,0.000000e+00,0.000000e+00,0.000000e+00,0.000000e+00,0.000000e+00,0.000000e+00,0.000000e+00,0.000000e+00,0.000000e+00,0.000000e+00,0.000000e+00
1.000000e+00,0.000000e+00,0.000000e+00,0.000000e+00,0.000000e+00,0.000000e+00,0.000000e+00,0.000000e+00,0.000000e+00,0.000000e+00,0.000000e+00,0.000000e+00,0.000000e+00,0.000000e+00,0.000000e+00
1.000000e+00,0.000000e+00,0.000000e+00,0.000000e+00,0.000000e+00,0.000000e+00,0.000000e+00,0.000000e+00,0.000000e+00,0.000000e+00,0.000000e+00,0.000000e+00,0.000000e+00,0.000000e+00,0.000000e+00
1.000000e+00,0.000000e+00,0.000000e+00,0.000000e+00,0.000000e+00,0.000000e+00,0.000000e+00,0.000000e+00,0.000000e+00,0.000000e+00,0.000000e+00,0.000000e+00,0.000000e+00,0.000000e+00,0.000000e+00
1.000000e+00,0.000000e+00,0.000000e+00,0.000000e+00,0.000000e+00,0.000000e+00,0.000000e+00,0.000000e+00,0.000000e+00,0.000000e+00,0.000000e+00,0.000000e+00,0.000000e+00,0.000000e+00,0.000000e+00
1.000000e+00,0.000000e+00,0.000000e+00,0.000000e+00,0.000000e+00,0.000000e+00,0.000000e+00,0.000000e+00,0.000000e+00,0.000000e+00,0.000000e+00,0.000000e+00,0.000000e+00,0.000000e+00,0.000000e+00
1.000000e+00,0.000000e+00,0.000000e+00,0.000000e+00,0.000000e+00,0.000000e+00,0.000000e+00,0.000000e+00,0.000000e+00,0.000000e+00,0.000000e+00,0.000000e+00,0.000000e+00,0.000000e+00,0.000000e+00
1.000000e+00,0.000000e+00,0.000000e+00,0.000000e+00,0.000000e+00,0.000000e+00,0.000000e+00,0.000000e+00,0.000000e+00,0.000000e+00,0.000000e+00,0.000000e+00,0.000000e+00,0.000000e+00,0.000000e+00
1.000000e+00,0.000000e+00,0.000000e+00,0.000000e+00,0.000000e+00,0.000000e+00,0.000000e+00,0.000000e+00,0.000000e+00,0.000000e+00,0.000000e+00,0.000000e+00,0.000000e+00,0.000000e+00,0.000000e+00
1.000000e+00,0.000000e+00,0.000000e+00,0.000000e+00,0.000000e+00,0.000000e+00,0.000000e+00,0.000000e+00,0.000000e+00,0.000000e+00,0.000000e+00,0.000000e+00,0.000000e+00,0.000000e+00,0.000000e+00
1.000000e+00,0.000000e+00,0.000000e+00,0.000000e+00,0.000000e+00,0.000000e+00,0.000000e+00,0.000000e+00,0.000000e+00,0.000000e+00,0.000000e+00,0.000000e+00,0.000000e+00,0.000000e+00,0.000000e+00
1.000000e+00,0.000000e+00,0.000000e+00,0.000000e+00,0.000000e+00,0.000000e+00,0.000000e+00,0.000000e+00,0.000000e+00,0.000000e+00,0.000000e+00,0.000000e+00,0.000000e+00,0.000000e+00,0.000000e+00
1.000000e+00,0.000000e+00,0.000000e+00,0.000000e+00,0.000000e+00,0.000000e+00,0.000000e+00,0.000000e+00,0.000000e+00,0.000000e+00,0.000000e+00,0.000000e+00,0.000000e+00,0.000000e+00,0.000000e+00
1.000000e+00,0.000000e+00,0.000000e+00,0.000000e+00,0.000000e+00,0.000000e+00,0.000000e+00,0.000000e+00,0.000000e+00,0.000000e+00,0.000000e+00,0.000000e+00,0.000000e+00,0.000000e+00,0.000000e+00
1.000000e+00,0.000000e+00,0.000000e+00,0.000000e+00,0.000000e+00,0.000000e+00,0.000000e+00,0.000000e+00,0.000000e+00,0.000000e+00,0.000000e+00,0.000000e+00,0.000000e+00,0.000000e+00,0.000000e+00
1.000000e+00,0.000000e+00,0.000000e+00,0.000000e+00,0.000000e+00,0.000000e+00,0.000000e+00,0.000000e+00,0.000000e+00,0.000000e+00,0.000000e+00,0.000000e+00,0.000000e+00,0.000000e+00,0.000000e+00
1.000000e+00,0.000000e+00,0.000000e+00,0.000000e+00,0.000000e+00,0.000000e+00,0.000000e+00,0.000000e+00,0.000000e+00,0.000000e+00,0.000000e+00,0.000000e+00,0.000000e+00,0.000000e+00,0.000000e+00
1.000000e+00,0.000000e+00,0.000000e+00,0.000000e+00,0.000000e+00,0.000000e+00,0.000000e+00,0.000000e+00,0.000000e+00,0.000000e+00,0.000000e+00,0.000000e+00,0.000000e+00,0.000000e+00,0.000000e+00
1.000000e+00,0.000000e+00,0.000000e+00,0.000000e+00,0.000000e+00,0.000000e+00,0.000000e+00,0.000000e+00,0.000000e+00,0.000000e+00,0.000000e+00,0.000000e+00,0.000000e+00,0.000000e+00,0.000000e+00
4.853234e-01,1.911973e-03,6.872780e-02,1.968447e-02,4.435450e-03,2.478414e-02,3.590862e-02,3.320706e-01,1.122391e-03,9.838422e-04,2.304568e-03,7.526633e-03,1.125797e-02,6.247682e-04,3.333348e-03
4.579867e-01,1.750086e-03,6.577681e-02,1.773279e-02,5.542271e-03,2.202949e-02,3.769902e-02,3.651577e-01,1.032089e-03,1.054069e-03,2.004934e-03,7.048490e-03,1.112211e-02,6.209362e-04,3.442506e-03
4.561790e-01,1.618276e-03,5.378804e-02,1.487063e-02,6.849118e-03,2.003275e-02,3.635324e-02,3.843807e-01,1.157433e-03,1.239682e-03,1.867455e-03,7.746502e-03,9.797420e-03,6.134387e-04,3.506228e-03
4.563129e-01,1.681057e-03,5.619467e-02,1.323991e-02,8.117869e-03,1.728988e-02,3.557517e-02,3.842839e-01,1.377901e-03,1.401972e-03,2.009214e-03,8.904307e-03,9.189176e-03,6.796559e-04,3.742417e-03
4.533553e-01,1.612027e-03,5.439023e-02,1.233590e-02,8.421890e-03,1.672135e-02,3.262888e-02,3.919693e-01,1.428613e-03,1.507670e-03,2.262449e-03,9.767502e-03,8.844183e-03,6.995476e-04,4.055135e-03
4.902562e-01,1.748214e-03,4.436304e-02,1.050684e-02,9.667469e-03,1.696554e-02,2.921425e-02,3.628659e-01,1.812812e-03,1.903749e-03,2.591667e-03,1.200497e-02,1.012034e-02,9.519408e-04,5.027165e-03
1.000000e+00,0.000000e+00,0.000000e+00,0.000000e+00,0.000000e+00,0.000000e+00,0.000000e+00,0.000000e+00,0.000000e+00,0.000000e+00,0.000000e+00,0.000000e+00,0.000000e+00,0.000000e+00,0.000000e+00
1.000000e+00,0.000000e+00,0.000000e+00,0.000000e+00,0.000000e+00,0.000000e+00,0.000000e+00,0.000000e+00,0.000000e+00,0.000000e+00,0.000000e+00,0.000000e+00,0.000000e+00,0.000000e+00,0.000000e+00
1.000000e+00,0.000000e+00,0.000000e+00,0.000000e+00,0.000000e+00,0.000000e+00,0.000000e+00,0.000000e+00,0.000000e+00,0.000000e+00,0.000000e+00,0.000000e+00,0.000000e+00,0.000000e+00,0.000000e+00
1.000000e+00,0.000000e+00,0.000000e+00,0.000000e+00,0.000000e+00,0.000000e+00,0.000000e+00,0.000000e+00,0.000000e+00,0.000000e+00,0.000000e+00,0.000000e+00,0.000000e+00,0.000000e+00,0.000000e+00
1.000000e+00,0.000000e+00,0.000000e+00,0.000000e+00,0.000000e+00,0.000000e+00,0.000000e+00,0.000000e+00,0.000000e+00,0.000000e+00,0.000000e+00,0.000000e+00,0.000000e+00,0.000000e+00,0.000000e+00
1.000000e+00,0.000000e+00,0.000000e+00,0.000000e+00,0.000000e+00,0.000000e+00,0.000000e+00,0.000000e+00,0.000000e+00,0.000000e+00,0.000000e+00,0.000000e+00,0.000000e+00,0.000000e+00,0.000000e+00
3.805453e-01,6.670129e-03,1.271796e-02,3.240654e-02,8.332808e-03,7.191665e-02,2.851509e-02,1.273228e-01,1.006817e-02,8.295786e-03,7.012782e-02,4.310934e-02,1.442268e-01,1.357483e-02,4.217004e-02
2.796425e-01,5.454374e-03,9.620924e-03,2.786004e-02,8.390308e-03,5.326664e-02,3.952716e-02,9.473707e-02,9.173858e-03,1.984688e-02,6.521032e-02,7.697746e-02,1.088772e-01,1.576622e-01,4.375305e-02
2.029178e-01,4.791098e-03,7.282877e-03,2.365340e-02,1.022599e-02,3.901931e-02,4.219075e-02,7.219104e-02,1.017212e-02,2.620005e-02,9.797285e-02,8.990556e-02,7.840928e-02,2.558083e-01,3.925966e-02
1.438865e-01,3.841449e-03,5.464454e-03,1.994060e-02,1.262040e-02,2.889185e-02,3.095207e-02,5.154102e-02,8.767990e-03,2.931527e-02,1.644143e-01,1.019321e-01,5.594286e-02,3.129402e-01,2.954887e-02
1.012005e-01,2.902690e-03,3.893663e-03,1.455067e-02,1.030094e-02,2.080148e-02,2.186535e-02,3.633584e-02,7.037918e-03,2.333363e-02,1.575636e-01,1.038708e-01,3.970013e-02,4.352462e-01,2.139659e-02
7.165327e-02,2.211066e-03,2.996369e-03,1.101397e-02,1.029322e-02,1.618061e-02,1.544224e-02,2.566312e-02,7.303770e-03,2.920535e-02,2.178693e-01,9.680884e-02,2.852116e-02,4.491540e-01,1.568384e-02
5.078014e-02,1.643641e-03,2.192704e-03,7.936127e-03,1.024606e-02,1.174133e-02,1.092409e-02,1.811539e-02,7.193225e-03,2.968708e-02,3.234656e-01,7.972720e-02,2.054703e-02,4.145048e-01,1.129564e-02
3.625296e-02,1.243119e-03,1.648324e-03,5.624643e-03,8.400427e-03,8.585386e-03,7.758022e-03,1.278749e-02,6.818243e-03,2.936582e-02,4.343457e-01,6.901812e-02,1.519715e-02,3.548328e-01,8.121792e-03
2.560638e-02,1.746282e-02,4.237647e-03,3.975402e-03,1.714476e-02,6.248093e-03,5.597754e-03,9.074023e-03,2.378609e-02,2.657657e-02,3.609155e-01,5.132395e-02,1.087742e-02,4.305710e-01,6.602637e-03
1.829370e-02,7.209340e-02,1.133060e-02,2.839969e-03,3.080533e-02,4.836766e-03,4.027228e-03,6.482379e-03,4.796835e-02,2.798948e-02,2.881323e-01,3.666739e-02,7.877327e-03,4.345796e-01,6.076252e-03
1.480781e-02,6.156516e-02,4.551370e-02,4.051868e-03,1.147002e-01,4.762059e-03,3.190844e-03,5.217337e-03,1.243959e-01,2.546718e-02,2.061882e-01,2.587918e-02,6.007509e-03,3.520446e-01,6.208430e-03
1.435126e-02,6.175002e-02,4.159707e-02,3.823602e-03,9.538580e-02,1.492192e-02,2.435534e-03,4.917610e-03,1.985863e-01,2.430037e-02,1.762062e-01,1.962834e-02,9.499986e-03,3.135667e-01,1.902920e-02
2.238529e-02,5.845625e-02,3.492798e-02,3.304368e-03,7.842898e-02,7.269772e-02,2.362273e-03,6.149152e-03,1.861032e-01,1.904597e-02,1.520005e-01,1.518728e-02,1.476331e-02,3.147876e-01,1.940014e-02
2.878453e-02,6.179249e-02,2.726307e-02,4.009094e-03,5.940539e-02,1.523527e-01,1.791330e-03,6.289166e-03,1.526251e-01,1.463798e-02,1.225783e-01,1.128464e-02,1.201691e-02,3.130245e-01,3.214486e-02
3.481223e-02,7.517464e-02,2.264725e-02,3.990110e-03,4.536690e-02,1.892641e-01,1.423602e-03,7.980547e-03,1.268990e-01,1.106739e-02,1.103802e-01,8.297753e-03,9.382584e-03,3.167323e-01,3.658145e-02
4.254310e-02,9.921790e-02,2.334467e-02,5.580821e-03,3.686649e-02,1.900482e-01,1.333107e-03,2.754171e-02,1.088556e-01,8.042691e-03,8.372084e-02,6.601051e-03,8.485201e-03,3.207194e-01,3.709918e-02
6.151912e-02,1.018311e-01,3.812587e-02,1.444159e-02,3.492010e-02,1.556226e-01,1.268370e-03,5.802609e-02,1.055394e-01,7.759234e-03,6.128629e-02,5.668234e-03,8.265386e-03,2.712866e-01,7.444004e-02
7.774185e-02,9.878340e-02,5.126437e-02,1.823468e-02,6.257291e-02,1.172006e-01,1.343546e-03,7.535798e-02,1.210572e-01,7.057165e-03,4.739112e-02,4.815826e-03,7.592078e-03,2.280160e-01,8.157120e-02
6.948137e-02,9.653868e-02,6.426677e-02,2.768463e-02,6.029541e-02,8.723316e-02,1.200339e-03,6.961042e-02,1.331058e-01,1.258220e-02,3.652343e-02,3.882772e-03,7.346031e-03,1.763841e-01,1.538649e-01
7.276911e-02,1.128834e-01,5.817064e-02,3.827581e-02,6.201285e-02,6.817650e-02,1.340843e-03,5.947031e-02,1.576370e-01,1.527953e-02,2.988856e-02,3.136548e-03,9.044889e-03,1.703519e-01,1.415622e-01
5.957717e-02,1.643466e-01,4.989615e-02,1.062464e-01,4.590875e-02,5.239264e-02,1.002868e-03,4.259665e-02,1.489627e-01,1.532505e-02,2.645097e-02,2.591082e-03,7.699609e-03,1.259011e-01,1.511022e-01
6.941374e-02,1.518998e-01,4.600783e-02,9.888278e-02,3.440265e-02,5.102789e-02,8.490949e-04,3.332436e-02,1.334092e-01,1.411503e-02,1.277920e-01,3.695528e-03,7.846076e-03,1.059064e-01,1.214276e-01
6.727105e-02,1.318597e-01,4.465619e-02,9.714972e-02,2.841027e-02,4.080953e-02,7.169265e-04,2.592137e-02,1.139955e-01,1.282098e-02,2.403697e-01,5.445754e-03,7.481539e-03,8.830123e-02,9.479051e-02
5.669133e-02,9.727538e-02,3.221373e-02,7.456634e-02,2.032604e-02,3.018600e-02,5.749486e-04,1.863861e-02,8.445779e-02,9.741069e-03,3.680463e-01,7.742504e-03,7.153837e-03,1.253211e-01,6.706496e-02
4.282181e-02,7.184184e-02,2.325500e-02,5.326296e-02,1.453787e-02,2.541358e-02,4.484508e-04,1.329266e-02,6.397146e-02,7.158801e-03,4.918962e-01,8.479458e-03,5.617168e-03,1.300012e-01,4.800155e-02
3.521964e-02,5.132079e-02,1.690134e-02,3.804858e-02,1.083388e-02,3.178784e-02,3.908479e-04,9.673003e-03,4.854139e-02,6.557180e-03,5.833141e-01,8.916467e-03,4.524905e-03,1.189860e-01,3.498400e-02
2.591306e-02,3.645261e-02,2.565612e-02,4.241053e-02,1.279893e-02,2.816547e-02,8.520625e-04,1.044641e-02,7.316839e-02,2.751522e-02,5.660472e-01,8.968150e-03,4.410299e-03,1.103142e-01,2.688138e-02
2.112849e-02,2.640195e-02,4.183079e-02,3.159038e-02,1.013503e-02,6.243392e-02,1.387930e-03,1.126826e-02,5.707431e-02,2.274764e-02,5.795842e-01,7.309521e-03,3.884127e-03,1.035705e-01,1.965290e-02
2.544134e-02,2.020989e-02,4.689654e-02,2.340722e-02,7.766803e-03,1.020681e-01,1.111842e-03,9.109339e-03,4.235455e-02,1.892510e-02,5.644159e-01,6.268373e-03,3.564326e-03,1.135789e-01,1.488177e-02
3.067503e-02,1.647404e-02,4.581474e-02,1.935738e-02,6.221160e-03,1.308596e-01,9.504418e-04,7.546508e-03,3.424701e-02,1.765032e-02,5.718910e-01,5.420544e-03,4.018641e-03,9.757821e-02,1.129545e-02
3.301439e-02,2.161111e-02,2.320101e-01,1.947239e-02,5.280967e-03,1.055761e-01,8.404270e-04,8.047188e-03,2.655183e-02,1.439375e-02,4.439042e-01,3.982031e-03,3.616506e-03,7.338181e-02,8.317146e-03
2.729887e-02,1.939211e-02,4.014487e-01,3.873946e-02,5.094502e-03,7.876233e-02,6.475589e-04,7.049679e-03,1.946942e-02,1.065329e-02,3.271731e-01,2.854679e-03,2.943098e-03,5.251686e-02,5.956325e-03
2.666705e-02,2.175656e-02,5.065238e-01,3.730842e-02,6.079678e-03,6.509383e-02,5.759410e-04,5.603787e-03,1.558373e-02,1.056600e-02,2.519159e-01,2.246162e-03,2.634474e-03,4.280297e-02,4.641587e-03
2.449301e-02,1.799917e-02,5.985797e-01,5.733430e-02,7.834897e-03,5.033417e-02,6.462778e-04,4.405117e-03,1.246550e-02,8.045573e-03,1.796327e-01,1.844610e-03,2.196178e-03,3.074394e-02,3.444865e-03
3.024482e-02,1.443111e-02,6.365620e-01,4.913552e-02,6.346598e-03,3.992790e-02,5.995001e-04,3.629498e-03,1.115871e-02,9.215450e-03,1.571696e-01,3.713434e-03,3.255534e-03,3.161485e-02,2.995414e-03
6.220062e-02,1.616163e-02,5.278656e-01,4.384173e-02,6.572384e-03,2.997913e-02,6.484533e-04,7.802833e-03,2.008650e-02,1.238352e-02,1.943069e-01,6.428158e-03,5.031432e-03,6.282899e-02,3.862208e-03
1.213956e-01,1.796649e-02,4.109070e-01,1.399514e-01,1.135204e-02,2.291512e-02,9.428583e-04,9.012382e-03,2.579574e-02,1.169260e-02,1.531837e-01,6.857892e-03,4.735461e-03,5.602696e-02,7.264804e-03
2.071969e-01,2.731897e-02,3.150588e-01,1.232969e-01,2.521323e-02,1.857588e-02,1.178841e-03,1.035273e-02,4.157902e-02,1.125062e-02,1.357631e-01,8.606430e-03,5.909163e-03,6.118303e-02,7.516487e-03
2.987610e-01,2.903099e-02,2.350975e-01,1.101161e-01,2.797098e-02,1.618725e-02,1.724588e-03,1.614393e-02,5.682088e-02,9.926641e-03,1.182388e-01,1.248977e-02,7.745584e-03,4.955475e-02,1.019124e-02
2.920003e-01,3.100202e-02,1.894809e-01,1.515323e-01,2.722186e-02,1.364186e-02,2.218526e-03,3.230926e-02,7.779954e-02,9.436149e-03,9.776421e-02,1.359180e-02,6.792406e-03,3.760331e-02,1.760558e-02
2.368596e-01,4.712490e-02,2.236801e-01,1.310331e-01,3.432912e-02,1.478780e-02,2.242085e-03,2.766100e-02,1.316276e-01,9.003235e-03,8.110990e-02,1.068608e-02,5.233927e-03,3.003275e-02,1.458878e-02
2.013033e-01,5.774607e-02,1.828935e-01,1.650819e-01,3.412103e-02,2.832558e-02,2.002805e-03,4.163676e-02,1.696158e-01,8.027583e-03,6.152963e-02,8.445119e-03,4.129418e-03,2.249543e-02,1.264609e-02
1.540491e-01,4.476993e-02,1.505693e-01,2.893150e-01,4.322626e-02,2.303347e-02,1.787187e-03,5.668055e-02,1.511597e-01,6.046035e-03,4.479737e-02,6.144894e-03,3.042778e-03,1.592220e-02,9.456191e-03
2.131836e-01,4.714257e-02,1.556211e-01,2.625317e-01,4.149887e-02,1.977850e-02,1.376950e-03,4.816069e-02,1.253236e-01,5.693344e-03,4.690414e-02,6.440882e-03,2.735202e-03,1.334154e-02,1.026733e-02
2.465953e-01,5.198001e-02,1.547769e-01,2.312887e-01,4.435191e-02,2.078610e-02,1.043111e-03,3.688535e-02,1.067431e-01,5.873834e-03,6.000748e-02,7.077808e-03,2.881890e-03,1.211560e-02,1.759298e-02
3.359142e-01,4.702602e-02,1.237673e-01,2.068712e-01,3.622587e-02,2.055975e-02,9.545963e-04,3.097127e-02,8.407053e-02,5.248127e-03,5.915209e-02,1.293391e-02,4.237200e-03,9.936197e-03,2.213173e-02
2.577902e-01,3.539565e-02,1.440084e-01,3.211136e-01,2.758398e-02,1.757023e-02,7.620833e-04,2.410180e-02,6.262103e-02,4.977117e-03,5.546008e-02,1.204259e-02,7.851621e-03,7.256443e-03,2.146527e-02
2.148767e-01,2.613481e-02,1.388651e-01,2.986290e-01,2.164176e-02,1.428356e-02,5.888697e-04,2.094785e-02,5.367963e-02,1.144062e-02,1.407194e-01,1.411507e-02,1.989973e-02,5.804253e-03,1.837367e-02
1.624057e-01,2.000206e-02,1.299104e-01,4.114776e-01,1.647225e-02,1.163569e-02,4.470041e-04,1.568979e-02,4.281358e-02,1.108390e-02,1.261846e-01,1.186638e-02,2.176211e-02,4.386761e-03,1.386224e-02
1.269635e-01,1.752491e-02,1.052012e-01,4.496469e-01,1.354350e-02,1.104816e-02,4.424775e-04,1.147056e-02,4.011569e-02,1.107904e-02,1.523834e-01,1.525313e-02,2.904638e-02,4.133360e-03,1.214784e-02
1.148178e-01,1.899509e-02,9.166755e-02,3.999452e-01,1.498077e-02,9.187519e-03,7.993540e-04,9.618384e-03,3.923071e-02,1.144307e-02,2.180118e-01,1.472064e-02,3.836486e-02,6.723868e-03,1.149331e-02
9.886656e-02,5.041089e-02,9.382933e-02,3.098862e-01,1.667008e-02,9.158881e-03,1.002222e-03,1.077152e-02,6.004099e-02,3.173950e-02,2.224419e-01,1.530994e-02,3.607431e-02,1.819588e-02,2.560188e-02
8.092743e-02,3.968107e-02,8.983864e-02,4.083490e-01,1.970143e-02,7.464674e-03,9.522005e-04,2.403181e-02,5.723057e-02,2.333727e-02,1.781541e-01,1.133205e-02,2.662535e-02,1.342476e-02,1.894978e-02
6.729591e-02,7.381298e-02,2.008381e-01,3.151348e-01,1.869596e-02,6.003215e-03,8.236356e-04,2.213299e-02,9.322333e-02,1.752593e-02,1.321772e-01,8.415130e-03,1.917186e-02,1.020439e-02,1.454461e-02
6.364387e-02,1.709630e-01,2.004925e-01,2.344064e-01,2.268284e-02,6.914753e-03,7.013685e-04,2.002385e-02,1.193580e-01,1.385941e-02,1.044613e-01,6.565867e-03,1.407359e-02,8.868897e-03,1.298430e-02
7.262720e-02,2.380402e-01,2.306118e-01,1.743618e-01,3.014414e-02,6.608549e-03,9.401543e-04,1.619812e-02,1.031061e-01,1.222979e-02,8.053097e-02,5.462072e-03,1.100224e-02,6.922647e-03,1.121433e-02
6.713922e-02,1.842880e-01,2.960479e-01,2.315207e-01,2.935567e-02,5.156756e-03,9.004707e-04,1.599601e-02,7.544319e-02,9.149797e-03,5.780524e-02,4.295443e-03,8.363819e-03,4.976439e-03,9.561363e-03
1.249967e-01,1.473742e-01,2.903593e-01,2.106925e-01,3.947756e-02,5.771339e-03,1.410038e-03,1.916349e-02,7.923719e-02,9.645919e-03,4.613111e-02,3.657167e-03,7.981714e-03,3.828825e-03,1.027290e-02
2.014531e-01,1.509227e-01,2.679357e-01,1.550372e-01,4.793320e-02,8.766862e-03,1.586882e-03,1.665797e-02,7.054281e-02,1.716017e-02,3.482350e-02,4.539771e-03,7.135440e-03,3.424809e-03,1.207988e-02
2.741562e-01,1.239730e-01,1.964507e-01,1.195454e-01,9.291565e-02,3.449783e-02,5.137219e-03,1.778707e-02,6.356318e-02,1.460753e-02,2.616428e-02,7.461598e-03,8.244433e-03,3.351310e-03,1.214467e-02
2.464948e-01,8.935396e-02,1.472212e-01,9.123150e-02,1.194560e-01,3.431783e-02,4.966190e-03,1.615780e-01,4.750255e-02,1.166782e-02,2.088515e-02,6.569214e-03,6.709609e-03,2.586976e-03,9.459225e-03
1.950008e-01,6.449667e-02,1.132281e-01,7.223136e-02,1.112981e-01,3.028568e-02,7.804908e-03,3.262426e-01,3.482639e-02,1.000248e-02,1.583923e-02,4.761728e-03,5.023972e-03,1.943963e-03,7.013905e-03
1.855274e-01,4.603555e-02,8.277354e-02,5.434341e-02,9.497911e-02,2.401066e-02,6.828516e-03,4.428934e-01,2.540409e-02,1.118815e-02,1.197907e-02,3.590161e-03,3.779815e-03,1.425881e-03,5.241200e-03
2.579426e-01,3.397458e-02,7.523298e-02,4.201486e-02,9.291625e-02,2.152072e-02,1.866377e-02,4.032589e-01,1.943552e-02,1.016509e-02,9.775928e-03,3.271217e-03,4.374809e-03,1.202557e-03,6.250171e-03
2.909120e-01,2.638159e-02,7.178308e-02,3.577727e-02,9.293456e-02,1.845572e-02,2.027452e-02,3.910991e-01,1.477025e-02,1.070590e-02,8.624720e-03,4.324114e-03,4.877931e-03,1.433715e-03,7.645507e-03
3.132929e-01,2.210306e-02,5.968219e-02,2.942434e-02,8.260817e-02,1.761959e-02,1.586005e-02,3.913006e-01,1.285199e-02,1.666400e-02,8.180654e-03,6.883767e-03,5.844759e-03,2.886813e-03,1.479706e-02
3.461904e-01,1.994530e-02,4.677358e-02,2.473289e-02,6.666286e-02,2.142107e-02,1.600770e-02,3.233766e-01,1.590892e-02,4.757924e-02,1.813287e-02,1.094321e-02,1.289599e-02,7.044325e-03,2.238508e-02
3.029175e-01,1.832766e-02,3.497214e-02,2.036364e-02,5.178341e-02,2.252728e-02,1.425066e-02,2.413952e-01,3.682172e-02,1.571496e-01,2.639750e-02,1.229692e-02,2.007200e-02,8.695498e-03,3.202940e-02
2.576957e-01,1.656890e-02,2.516640e-02,2.145924e-02,3.770581e-02,1.893048e-02,1.710363e-02,1.755890e-01,6.695123e-02,1.922407e-01,2.950983e-02,1.029982e-02,2.834570e-02,7.603533e-03,9.483012e-02
1.867830e-01,1.604801e-02,2.073452e-02,6.523804e-02,3.083179e-02,1.424614e-02,1.348973e-02,1.298352e-01,1.790363e-01,1.505362e-01,4.343643e-02,1.226847e-02,4.827448e-02,6.476020e-03,8.276570e-02
1.358572e-01,1.291096e-02,1.719669e-02,8.542630e-02,2.435086e-02,1.416627e-02,1.092505e-02,9.790283e-02,1.755923e-01,1.478696e-01,7.416497e-02,2.133712e-02,9.287875e-02,5.619144e-03,8.380200e-02
1.175264e-01,1.246569e-02,1.297450e-02,8.312084e-02,2.089445e-02,1.203448e-02,1.122259e-02,7.051425e-02,1.624998e-01,1.216480e-01,6.296522e-02,2.146083e-02,8.554315e-02,5.649840e-03,1.994800e-01
9.849494e-02,1.587749e-02,1.251846e-02,2.145824e-01,2.289433e-02,1.086395e-02,8.733277e-03,5.077284e-02,1.722610e-01,9.096746e-02,5.327093e-02,1.955358e-02,7.650848e-02,4.626841e-03,1.480740e-01
8.307303e-02,1.463342e-02,1.391268e-02,2.661282e-01,2.765954e-02,1.168740e-02,6.872308e-03,3.746787e-02,1.722739e-01,6.926709e-02,5.851069e-02,1.856260e-02,8.247824e-02,4.647120e-03,1.328260e-01
6.877102e-02,1.240209e-02,1.334023e-02,2.470688e-01,2.880996e-02,1.008214e-02,6.500727e-03,2.797834e-02,1.483395e-01,5.797599e-02,9.639990e-02,1.584296e-02,9.071031e-02,4.931363e-03,1.708467e-01
5.175164e-02,1.599882e-02,1.349632e-02,2.416822e-01,4.127341e-02,7.937828e-03,5.756075e-03,3.638091e-02,1.875559e-01,4.230320e-02,8.007857e-02,1.367493e-02,7.389341e-02,8.080025e-03,1.801367e-01
6.066105e-02,2.660109e-02,1.126603e-02,1.977522e-01,3.820930e-02,9.962395e-03,5.175347e-03,3.150181e-02,2.196291e-01,3.105875e-02,6.327680e-02,1.442012e-02,6.642234e-02,8.798519e-03,2.152652e-01
6.209747e-02,3.117590e-02,1.179490e-02,1.664736e-01,3.404665e-02,1.557880e-02,5.759518e-03,4.057456e-02,2.445601e-01,2.387837e-02,5.311965e-02,2.059531e-02,6.292385e-02,7.955124e-03,2.194662e-01
4.872946e-02,5.122586e-02,1.067379e-02,1.202660e-01,3.226948e-02,1.485967e-02,4.336899e-03,3.882366e-02,2.746664e-01,2.021070e-02,4.273599e-02,1.724283e-02,6.861693e-02,6.897732e-03,2.484446e-01
5.403135e-02,5.118588e-02,9.054213e-03,8.712788e-02,3.939597e-02,1.760653e-02,4.413832e-03,6.468946e-02,2.639031e-01,1.557362e-02,3.322268e-02,1.760835e-02,8.801664e-02,5.567722e-03,2.486028e-01
4.040190e-02,5.641112e-02,8.177816e-03,7.584042e-02,2.810532e-02,1.268023e-02,3.118507e-03,4.578121e-02,4.335392e-01,1.152078e-02,2.362258e-02,1.321340e-02,6.421003e-02,4.019253e-03,1.793583e-01
3.509654e-02,4.428342e-02,1.127528e-02,9.454735e-02,2.019727e-02,1.015510e-02,2.257475e-03,3.532769e-02,5.098810e-01,1.231260e-02,2.093359e-02,1.129252e-02,5.363660e-02,3.256960e-03,1.355467e-01
6.613685e-02,3.732711e-02,1.462057e-02,8.793801e-02,1.697392e-02,9.262221e-03,2.621852e-03,2.682223e-02,4.974058e-01,1.336308e-02,2.751585e-02,1.215960e-02,6.039277e-02,4.019619e-03,1.234405e-01
6.356663e-02,3.441767e-02,2.726494e-02,9.550145e-02,1.464492e-02,8.566655e-03,2.491276e-03,2.355077e-02,5.186875e-01,1.254972e-02,2.349705e-02,1.195161e-02,5.045868e-02,4.023293e-03,1.088279e-01
7.130150e-02,3.186097e-02,3.915442e-02,9.465201e-02,1.512586e-02,9.350561e-03,3.564198e-03,1.912946e-02,4.614629e-01,1.296391e-02,2.757942e-02,1.233264e-02,7.093318e-02,5.651785e-03,1.249372e-01
7.284299e-02,3.900596e-02,6.262874e-02,9.708188e-02,1.401593e-02,1.406025e-02,3.511857e-03,1.721977e-02,4.045363e-01,1.425059e-02,2.487876e-02,1.361478e-02,7.719652e-02,8.781435e-03,1.363743e-01
7.727491e-02,4.036212e-02,9.705144e-02,1.041310e-01,1.132690e-02,1.590525e-02,3.190511e-03,2.087813e-02,3.530436e-01,1.469953e-02,2.425997e-02,2.158062e-02,8.637667e-02,1.317183e-02,1.167475e-01
6.408999e-02,3.679194e-02,1.231416e-01,8.858109e-02,1.260221e-02,1.519606e-02,4.970196e-03,2.115955e-02,3.197906e-01,1.639832e-02,2.661313e-02,2.653653e-02,1.111193e-01,2.314834e-02,1.098611e-01
7.739715e-02,3.400476e-02,1.500324e-01,9.147867e-02,1.572387e-02,1.575309e-02,6.004868e-03,2.745895e-02,2.769574e-01,2.007502e-02,2.589060e-02,3.122203e-02,1.031971e-01,3.397014e-02,9.083406e-02
6.365847e-02,2.497463e-02,2.015269e-01,7.232155e-02,1.581349e-02,1.439807e-02,1.439220e-02,1.155828e-01,2.072085e-01,1.548644e-02,3.212726e-02,2.657691e-02,9.710775e-02,2.646670e-02,7.235834e-02
6.354855e-02,2.363176e-02,3.407059e-01,5.749590e-02,2.634858e-02,1.266986e-02,1.352567e-02,8.406287e-02,1.537765e-01,2.699290e-02,2.521228e-02,2.120547e-02,7.443663e-02,2.087826e-02,5.550884e-02
1.028498e-01,3.110068e-02,2.714391e-01,4.999099e-02,2.438328e-02,1.341444e-02,1.231812e-02,6.239515e-02,1.378491e-01,3.832849e-02,5.768634e-02,3.698004e-02,7.844377e-02,3.023804e-02,5.258267e-02
9.149325e-02,3.140382e-02,3.224280e-01,7.162876e-02,2.518106e-02,1.159990e-02,9.678080e-03,4.651079e-02,1.086884e-01,4.051769e-02,5.489112e-02,3.870131e-02,7.199317e-02,3.105728e-02,4.422743e-02
1.156561e-01,2.878664e-02,2.626272e-01,6.262657e-02,2.463758e-02,1.142814e-02,8.382575e-03,3.461601e-02,1.043557e-01,6.304607e-02,6.217250e-02,5.159016e-02,7.825278e-02,2.606331e-02,6.575867e-02
1.003257e-01,2.628912e-02,2.242688e-01,8.266969e-02,2.338782e-02,1.059983e-02,6.980674e-03,2.954295e-02,9.246365e-02,7.703641e-02,6.688864e-02,5.630399e-02,8.158068e-02,2.819508e-02,9.346701e-02
1.215536e-01,2.321164e-02,1.788819e-01,6.862028e-02,2.675818e-02,9.282346e-03,5.391496e-03,2.492299e-02,7.539071e-02,9.522545e-02,1.027533e-01,7.582261e-02,8.012983e-02,3.156337e-02,8.049230e-02
1.377478e-01,2.405281e-02,1.473198e-01,6.251110e-02,3.186461e-02,8.661658e-03,5.402219e-03,2.787540e-02,6.431917e-02,1.195104e-01,1.060065e-01,7.014486e-02,8.698720e-02,2.929023e-02,7.830622e-02
1.705916e-01,2.176037e-02,1.297433e-01,5.220091e-02,4.934281e-02,8.500909e-03,5.251978e-03,4.313739e-02,5.286921e-02,1.296091e-01,9.848776e-02,7.012316e-02,8.390588e-02,2.450839e-02,5.996726e-02
1.614547e-01,2.172554e-02,1.034066e-01,4.107670e-02,6.162836e-02,8.477855e-03,4.170741e-03,9.391321e-02,5.937979e-02,1.292351e-01,1.014934e-01,6.955703e-02,8.023383e-02,1.991335e-02,4.433375e-02
1.476477e-01,2.424862e-02,1.006612e-01,3.524610e-02,6.205739e-02,7.932867e-03,3.436314e-03,1.833404e-01,5.593004e-02,1.153150e-01,8.967503e-02,6.003641e-02,6.530872e-02,1.555822e-02,3.360602e-02
1.505248e-01,2.425700e-02,8.629350e-02,2.955277e-02,7.216137e-02,8.191382e-03,4.472402e-03,1.913817e-01,8.163069e-02,1.265752e-01,7.898596e-02,4.518526e-02,5.014290e-02,1.364809e-02,3.699704e-02
1.424999e-01,2.799727e-02,7.288976e-02,2.931981e-02,7.774985e-02,8.142601e-03,6.993899e-03,1.571988e-01,1.327676e-01,1.510900e-01,6.623966e-02,3.269374e-02,3.795810e-02,1.226402e-02,4.419503e-02
1.187970e-01,2.377192e-02,6.962374e-02,4.351947e-02,9.908184e-02,6.940512e-03,9.033954e-03,2.219980e-01,1.236870e-01,1.327005e-01,5.166688e-02,2.393953e-02,2.881984e-02,9.782397e-03,3.663750e-02
1.217933e-01,2.129895e-02,6.505160e-02,6.442400e-02,1.421104e-01,7.227991e-03,1.132978e-02,2.074228e-01,1.124480e-01,1.176688e-01,4.670990e-02,1.859360e-02,2.295274e-02,9.217540e-03,3.175062e-02
1.340897e-01,2.472227e-02,5.269134e-02,6.079001e-02,1.599106e-01,6.806660e-03,1.204757e-02,1.676330e-01,1.246509e-01,1.305284e-01,4.513023e-02,1.478993e-02,1.963503e-02,1.142509e-02,3.514933e-02
1.266916e-01,2.219742e-02,4.029391e-02,1.146158e-01,1.334648e-01,5.618882e-03,1.119123e-02,1.672793e-01,9.868445e-02,1.799833e-01,3.706961e-02,1.244071e-02,1.497354e-02,8.590400e-03,2.690498e-02
1.945240e-01,2.294901e-02,3.198589e-02,1.176054e-01,1.125623e-01,5.794269e-03,1.008059e-02,1.317246e-01,8.397806e-02,1.957197e-01,3.302173e-02,1.451814e-02,1.283054e-02,7.597526e-03,2.510816e-02
2.505368e-01,2.194536e-02,2.531894e-02,1.092559e-01,1.044527e-01,7.079748e-03,8.471712e-03,9.571449e-02,7.810681e-02,2.153448e-01,2.992132e-02,1.513088e-02,1.106321e-02,6.723192e-03,2.093411e-02
3.031615e-01,1.919380e-02,1.962930e-02,9.871682e-02,8.581622e-02,1.081719e-02,9.243475e-03,7.110200e-02,6.678575e-02,2.231113e-01,2.732231e-02,2.621470e-02,1.373460e-02,5.518487e-03,1.963246e-02
3.637429e-01,1.628543e-02,1.465232e-02,8.129273e-02,7.535602e-02,1.210013e-02,1.225939e-02,5.443485e-02,5.753342e-02,2.114882e-01,2.333402e-02,3.848362e-02,1.765099e-02,4.265372e-03,1.712053e-02
4.528354e-01,1.318520e-02,1.210798e-02,6.338239e-02,5.682449e-02,2.482970e-02,1.320360e-02,4.311314e-02,5.576997e-02,1.598756e-01,2.087168e-02,4.921845e-02,1.543607e-02,3.655312e-03,1.569105e-02
3.777685e-01,1.179437e-02,2.935687e-02,5.581355e-02,4.977445e-02,8.588261e-02,3.342441e-02,5.054695e-02,4.189209e-02,1.169987e-01,2.838089e-02,8.596286e-02,1.543147e-02,3.154659e-03,1.381758e-02
3.406576e-01,9.625982e-03,3.589438e-02,4.249346e-02,3.969555e-02,1.033670e-01,1.085092e-01,4.730136e-02,3.128634e-02,8.563500e-02,2.587481e-02,1.012361e-01,1.408115e-02,2.534073e-03,1.180799e-02
2.670018e-01,7.881367e-03,1.040805e-01,3.923766e-02,6.224873e-02,1.121994e-01,1.078494e-01,3.944786e-02,2.341275e-02,1.122281e-01,2.351079e-02,7.490750e-02,1.160849e-02,3.115671e-03,1.126995e-02
2.472990e-01,7.114503e-03,1.049111e-01,3.193928e-02,9.902653e-02,9.372216e-02,8.460762e-02,3.141176e-02,1.861103e-02,1.791127e-01,2.092241e-02,5.443814e-02,9.379130e-03,3.832730e-03,1.367185e-02
1.914676e-01,6.009629e-03,8.467608e-02,2.355172e-02,9.769877e-02,7.202750e-02,6.611412e-02,2.250128e-02,1.404775e-02,3.268954e-01,1.755616e-02,3.838143e-02,7.143417e-03,4.829879e-03,2.709925e-02
1.724748e-01,6.591184e-03,7.419415e-02,1.727523e-02,1.087721e-01,5.356123e-02,5.008417e-02,1.626884e-02,1.061858e-02,3.677956e-01,1.356092e-02,2.705401e-02,5.380888e-03,1.007938e-02,6.628886e-02
1.319572e-01,5.399387e-03,5.419491e-02,1.233986e-02,9.338371e-02,3.937647e-02,3.570323e-02,1.161532e-02,7.742303e-03,5.080025e-01,1.033992e-02,1.902100e-02,3.932034e-03,9.695629e-03,5.729663e-02
1.137869e-01,5.886912e-03,4.152847e-02,8.885190e-03,1.112746e-01,3.217378e-02,2.659281e-02,8.789067e-03,5.666133e-03,5.588127e-01,8.451740e-03,1.348612e-02,3.142052e-03,1.002092e-02,5.150266e-02
9.832963e-02,7.713219e-03,3.624567e-02,6.635263e-03,1.126074e-01,4.017945e-02,2.071162e-02,6.904235e-03,4.317745e-03,5.771543e-01,7.276343e-03,9.659794e-03,2.738754e-03,1.461546e-02,5.491112e-02
1.091592e-01,8.384087e-03,3.054434e-02,5.107787e-03,9.274243e-02,9.497352e-02,1.592625e-02,5.510754e-03,3.424330e-03,4.519031e-01,7.073810e-03,6.878747e-03,2.133543e-03,4.200414e-02,1.242339e-01
9.122035e-02,7.145694e-03,2.733105e-02,3.934735e-03,6.827167e-02,1.621204e-01,1.195976e-02,3.988981e-03,2.940738e-03,3.519500e-01,1.312972e-02,5.376177e-03,1.998748e-03,1.012386e-01,1.473933e-01
7.342183e-02,1.098267e-02,3.489980e-02,6.820234e-03,4.945639e-02,1.444764e-01,1.021490e-02,2.864824e-03,3.997915e-03,3.620437e-01,3.310773e-02,4.723196e-03,1.905318e-03,9.678286e-02,1.643022e-01
5.811344e-02,1.199170e-02,3.315036e-02,5.448139e-03,3.695913e-02,1.134433e-01,1.133191e-02,2.125092e-03,6.224305e-03,3.608512e-01,7.635202e-02,3.861302e-03,1.761660e-03,1.320092e-01,1.463773e-01
5.908097e-02,2.738304e-02,2.989837e-02,9.866726e-03,2.675963e-02,1.122386e-01,8.639162e-03,1.919624e-03,1.723116e-02,2.803062e-01,1.255754e-01,5.833979e-03,2.646788e-03,1.552605e-01,1.373600e-01
4.730894e-02,2.935296e-02,3.065529e-02,8.273139e-03,1.902650e-02,8.473264e-02,6.118422e-03,1.575780e-03,3.350716e-02,2.747455e-01,1.471211e-01,6.713188e-03,3.472654e-03,1.925541e-01,1.148426e-01
3.716998e-02,2.251429e-02,1.923108e-01,1.074359e-02,1.513262e-02,6.497590e-02,4.483792e-03,3.800388e-03,3.177536e-02,1.963029e-01,1.579513e-01,6.344937e-03,1.358655e-02,1.545913e-01,8.831628e-02
4.955145e-02,2.382716e-02,2.097967e-01,1.130086e-02,1.720972e-02,6.804875e-02,4.001414e-03,3.256588e-03,6.922472e-02,1.652034e-01,1.274855e-01,6.601704e-03,1.096051e-02,1.528672e-01,8.066431e-02
4.999204e-02,2.906557e-02,1.806342e-01,1.391676e-02,1.448306e-02,5.647263e-02,3.000266e-03,2.789771e-03,8.160360e-02,1.250090e-01,1.255367e-01,8.298178e-03,1.153762e-02,2.293714e-01,6.828919e-02
4.071477e-02,4.738853e-02,1.318692e-01,1.111997e-02,1.160091e-02,4.342630e-02,2.143751e-03,2.306933e-03,8.793431e-02,9.394060e-02,1.214088e-01,7.242819e-03,1.041445e-02,3.261599e-01,6.232882e-02
3.537586e-02,6.052986e-02,9.426169e-02,9.408963e-03,8.869107e-03,3.301651e-02,1.530374e-03,1.787991e-03,1.172077e-01,9.094258e-02,9.545802e-02,5.761953e-03,8.508068e-03,2.977344e-01,1.396069e-01
3.032685e-02,4.909482e-02,1.686075e-01,4.078950e-02,8.705141e-03,2.484364e-02,1.452097e-03,2.961737e-03,1.389769e-01,8.322118e-02,8.014252e-02,4.654319e-03,8.682860e-03,2.222451e-01,1.352958e-01
2.275621e-02,3.547680e-02,3.409452e-01,7.598080e-02,7.102074e-03,1.796459e-02,1.050151e-03,2.266724e-03,1.041667e-01,6.162522e-02,5.912291e-02,3.323291e-03,6.377405e-03,1.569644e-01,1.048774e-01
3.244493e-02,3.126802e-02,3.207130e-01,6.540859e-02,6.251313e-03,1.468071e-02,7.971885e-04,1.656210e-03,9.962580e-02,5.940848e-02,4.581405e-02,2.576443e-03,4.848564e-03,1.265369e-01,1.879698e-01
4.175713e-02,4.700115e-02,2.797687e-01,5.341063e-02,6.501278e-03,1.602492e-02,7.448830e-04,1.334794e-03,1.150391e-01,5.693177e-02,3.409279e-02,2.145818e-03,6.144204e-03,9.417226e-02,2.449305e-01
3.244722e-02,4.847812e-02,2.397787e-01,7.855520e-02,6.409782e-03,1.253505e-02,6.207913e-04,1.205301e-03,1.503505e-01,5.691466e-02,2.423675e-02,1.648544e-03,1.006500e-02,6.624219e-02,2.705121e-01
2.340237e-02,3.989403e-02,1.876867e-01,6.112001e-02,4.732241e-03,9.123124e-03,4.482026e-04,1.126857e-03,2.545852e-01,5.499120e-02,1.857388e-02,1.270730e-03,7.892686e-03,5.165341e-02,2.834993e-01
1.902304e-02,3.137748e-02,1.518633e-01,8.188039e-02,4.402564e-03,9.950637e-03,3.774037e-04,3.468385e-03,3.595509e-01,5.160713e-02,1.971180e-02,1.119786e-03,6.319462e-03,3.882870e-02,2.205190e-01
5.013843e-02,3.336712e-02,1.248361e-01,1.410676e-01,2.182128e-02,3.475017e-02,1.343276e-03,6.216086e-03,2.994037e-01,4.043487e-02,1.963121e-02,1.119387e-03,7.033630e-03,3.190040e-02,1.869367e-01
3.901311e-02,2.788515e-02,9.656502e-02,2.828431e-01,1.787262e-02,2.629955e-02,1.153732e-03,5.534988e-03,2.874899e-01,2.996809e-02,1.461031e-02,9.017492e-04,6.250342e-03,2.254664e-02,1.410657e-01
