1.000000e+00,0.000000e+00,0.000000e+00,0.000000e+00,0.000000e+00,0.000000e+00,0.000000e+00,0.000000e+00,0.000000e+00,0.000000e+00,0.000000e+00,0.000000e+00,0.000000e+00,0.000000e+00,0.000000e+00
1.000000e+00,0.000000e+00,0.000000e+00,0.000000e+00,0.000000e+00,0.000000e+00,0.000000e+00,0.000000e+00,0.000000e+00,0.000000e+00,0.000000e+00,0.000000e+00,0.000000e+00,0.000000e+00,0.000000e+00
1.000000e+00,0.000000e+00,0.000000e+00,0.000000e+00,0.000000e+00,0.000000e+00,0.000000e+00,0.000000e+00,0.000000e+00,0.000000e+00,0.000000e+00,0.000000e+00,0.000000e+00,0.000000e+00,0.000000e+00
1.000000e+00,0.000000e+00,0.000000e+00,0.000000e+00,0.000000e+00,0.000000e+00,0.000000e+00,0.000000e+00,0.000000e+00,0.000000e+00,0.000000e+00,0.000000e+00,0.000000e+00,0.000000e+00,0.000000e+00
1.000000e+00,0.000000e+00,0.000000e+00,0.000000e+00,0.000000e+00,0.000000e+00,0.000000e+00,0.000000e+00,0.000000e+00,0.000000e+00,0.000000e+00,0.000000e+00,0.000000e+00,0.000000e+00,0.000000e+00
1.000000e+00,0.000000e+00,0.000000e+00,0.000000e+00,0.000000e+00,0.000000e+00,0.000000e+00,0.000000e+00,0.000000e+00,0.000000e+00,0.000000e+00,0.000000e+00,0.000000e+00,0.000000e+00,0.000000e+00
1.000000e+00,0.000000e+00,0.000000e+00,0.000000e+00,0.000000e+00,0.000000e+00,0.000000e+00,0.000000e+00,0.000000e+00,0.000000e+00,0.000000e+00,0.000000e+00,0.000000e+00,0.000000e+00,0.000000e+00
1.000000e+00,0.000000e+00,0.000000e+00,0.000000e+00,0.000000e+00,0.000000e+00,0.000000e+00,0.000000e+00,0.000000e+00,0.000000e+00,0.000000e+00,0.000000e+00,0.000000e+00,0.000000e+00,0.000000e+00
1.000000e+00,0.000000e+00,0.000000e+00,0.000000e+00,0.000000e+00,0.000000e+00,0.000000e+00,0.000000e+00,0.000000e+00,0.000000e+00,0.000000e+00,0.000000e+00,0.000000e+00,0.000000e+00,0.000000e+00
1.000000e+00,0.000000e+00,0.000000e+00,0.000000e+00,0.000000e+00,0.000000e+00,0.000000e+00,0.000000e+00,0.000000e+00,0.000000e+00,0.000000e+00,0.000000e+00,0.000000e+00,0.000000e+00,0.000000e+00
1.000000e+00,0.000000e+00,0.000000e+00,0.000000e+00,0.000000e+00,0.000000e+00,0.000000e+00,0.000000e+00,0.000000e+00,0.000000e+00,0.000000e+00,0.000000e+00,0.000000e+00,0.000000e+00,0.000000e+00
1.000000e+00,0.000000e+00,0.000000e+00,0.000000e+00,0.000000e+00,0.000000e+00,0.000000e+00,0.000000e+00,0.000000e+00,0.000000e+00,0.000000e+00,0.000000e+00,0.000000e+00,0.000000e+00,0.000000e+00
1.000000e+00,0.000000e+00,0.000000e+00,0.000000e+00,0.000000e+00,0.000000e+00,0.000000e+00,0.000000e+00,0.000000e+00,0.000000e+00,0.000000e+00,0.000000e+00,0.000000e+00,0.000000e+00,0.000000e+00
1.000000e+00,0.000000e+00,0.000000e+00,0.000000e+00,0.000000e+00,0.000000e+00,0.000000e+00,0.000000e+00,0.000000e+00,0.000000e+00,0.000000e+00,0.000000e+00,0.000000e+00,0.000000e+00,0.000000e+00
1.000000e+00,0.000000e+00,0.000000e+00,0.000000e+00,0.000000e+00,0.000000e+00,0.000000e+00,0.000000e+00,0.000000e+00,0.000000e+00,0.000000e+00,0.000000e+00,0.000000e+00,0.000000e+00,0.000000e+00
1.000000e+00,0.000000e+00,0.000000e+00,0.000000e+00,0.000000e+00,0.000000e+00,0.000000e+00,0.000000e+00,0.000000e+00,0.000000e+00,0.000000e+00,0.000000e+00,0.000000e+00,0.000000e+00,0.000000e+00
1.000000e+00,0.000000e+00,0.000000e+00,0.000000e+00,0.000000e+00,0.000000e+00,0.000000e+00,0.000000e+00,0.000000e+00,0.000000e+00,0.000000e+00,0.000000e+00,0.000000e+00,0.000000e+00,0.000000e+00
1.000000e+00,0.000000e+00,0.000000e+00,0.000000e+00,0.000000e+00,0.000000e+00,0.000000e+00,0.000000e+00,0.000000e+00,0.000000e+00,0.000000e+00,0.000000e+00,0.000000e+00,0.000000e+00,0.000000e+00
1.000000e+00,0.000000e+00,0.000000e+00,0.000000e+00,0.000000e+00,0.000000e+00,0.000000e+00,0.000000e+00,0.000000e+00,0.000000e+00,0.000000e+00,0.000000e+00,0.000000e+00,0.000000e+00,0.000000e+00
1.000000e+00,0.000000e+00,0.000000e+00,0.000000e+00,0.000000e+00,0.000000e+00,0.000000e+00,0.000000e+00,0.000000e+00,0.000000e+00,0.000000e+00,0.000000e+00,0.000000e+00,0.000000e+00,0.000000e+00
1.000000e+00,0.000000e+00,0.000000e+00,0.000000e+00,0.000000e+00,0.000000e+00,0.000000e+00,0.000000e+00,0.000000e+00,0.000000e+00,0.000000e+00,0.000000e+00,0.000000e+00,0.000000e+00,0.000000e+00
1.000000e+00,0.000000e+00,0.000000e+00,0.000000e+00,0.000000e+00,0.000000e+00,0.000000e+00,0.000000e+00,0.000000e+00,0.000000e+00,0.000000e+00,0.000000e+00,0.000000e+00,0.000000e+00,0.000000e+00
1.000000e+00,0.000000e+00,0.000000e+00,0.000000e+00,0.000000e+00,0.000000e+00,0.000000e+00,0.000000e+00,0.000000e+00,0.000000e+00,0.000000e+00,0.000000e+00,0.000000e+00,0.000000e+00,0.000000e+00
1.000000e+00,0.000000e+00,0.000000e+00,0.000000e+00,0.000000e+00,0.000000e+00,0.000000e+00,0.000000e+00,0.000000e+00,0.000000e+00,0.000000e+00,0.000000e+00,0.000000e+00,0.000000e+00,0.000000e+00
1.000000e+00,0.000000e+00,0.000000e+00,0.000000e+00,0.000000e+00,0.000000e+00,0.000000e+00,0.000000e+00,0.000000e+00,0.000000e+00,0.000000e+00,0.000000e+00,0.000000e+00,0.000000e+00,0.000000e+00
1.000000e+00,0.000000e+00,0.000000e+00,0.000000e+00,0.000000e+00,0.000000e+00,0.000000e+00,0.000000e+00,0.000000e+00,0.000000e+00,0.000000e+00,0.000000e+00,0.000000e+00,0.000000e+00,0.000000e+00
1.000000e+00,0.000000e+00,0.000000e+00,0.000000e+00,0.000000e+00,0.000000e+00,0.000000e+00,0.000000e+00,0.000000e+00,0.000000e+00,0.000000e+00,0.000000e+00,0.000000e+00,0.000000e+00,0.000000e+00
1.000000e+00,0.000000e+00,0.000000e+00,0.000000e+00,0.000000e+00,0.000000e+00,0.000000e+00,0.000000e+00,0.000000e+00,0.000000e+00,0.000000e+00,0.000000e+00,0.000000e+00,0.000000e+00,0.000000e+00
1.000000e+00,0.000000e+00,0.000000e+00,0.000000e+00,0.000000e+00,0.000000e+00,0.000000e+00,0.000000e+00,0.000000e+00,0.000000e+00,0.000000e+00,0.000000e+00,0.000000e+00,0.000000e+00,0.000000e+00
1.000000e+00,0.000000e+00,0.000000e+00,0.000000e+00,0.000000e+00,0.000000e+00,0.000000e+00,0.000000e+00,0.000000e+00,0.000000e+00,0.000000e+00,0.000000e+00,0.000000e+00,0.000000e+00,0.000000e+00
1.000000e+00,0.000000e+00,0.000000e+00,0.000000e+00,0.000000e+00,0.000000e+00,0.000000e+00,0.000000e+00,0.000000e+00,0.000000e+00,0.000000e+00,0.000000e+00,0.000000e+00,0.000000e+00,0.000000e+00
1.000000e+00,0.000000e+00,0.000000e+00,0.000000e+00,0.000000e+00,0.000000e+00,0.000000e+00,0.000000e+00,0.000000e+00,0.000000e+00,0.000000e+00,0.000000e+00,0.000000e+00,0.000000e+00,0.000000e+00
1.000000e+00,0.000000e+00,0.000000e+00,0.000000e+00,0.000000e+00,0.000000e+00,0.000000e+00,0.000000e+00,0.000000e+00,0.000000e+00,0.000000e+00,0.000000e+00,0.000000e+00,0.000000e+00,0.000000e+00
1.000000e+00,0.000000e+00,0.000000e+00,0.000000e+00,0.000000e+00,0.000000e+00,0.000000e+00,0.000000e+00,0.000000e+00,0.000000e+00,0.000000e+00,0.000000e+00,0.000000e+00,0.000000e+00,0.000000e+00
1.000000e+00,0.000000e+00,0.000000e+00,0.000000e+00,0.000000e+00,0.000000e+00,0.000000e+00,0.000000e+00,0.000000e+00,0.000000e+00,0.000000e+00,0.000000e+00,0.000000e+00,0.000000e+00,0.000000e+00
1.000000e+00,0.000000e+00,0.000000e+00,0.000000e+00,0.000000e+00,0.000000e+00,0.000000e+00,0.000000e+00,0.000000e+00,0.000000e+00,0.000000e+00,0.000000e+00,0.000000e+00,0.000000e+00,0.000000e+00
1.000000e+00,0.000000e+00,0.000000e+00,0.000000e+00,0.000000e+00,0.000000e+00,0.000000e+00,0.000000e+00,0.000000e+00,0.000000e+00,0.000000e+00,0.000000e+00,0.000000e+00,0.000000e+00,0.000000e+00
1.000000e+00,0.000000e+00,0.000000e+00,0.000000e+00,0.000000e+00,0.000000e+00,0.000000e+00,0.000000e+00,0.000000e+00,0.000000e+00,0.000000e+00,0.000000e+00,0.000000e+00,0.000000e+00,0.000000e+00
1.000000e+00,0.000000e+00,0.000000e+00,0.000000e+00,0.000000e+00,0.000000e+00,0.000000e+00,0.000000e+00,0.000000e+00,0.000000e+00,0.000000e+00,0.000000e+00,0.000000e+00,0.000000e+00,0.000000e+00
1.000000e+00,0.000000e+00,0.000000e+00,0.000000e+00,0.000000e+00,0.000000e+00,0.000000e+00,0.000000e+00,0.000000e+00,0.000000e+00,0.000000e+00,0.000000e+00,0.000000e+00,0.000000e+00,0.000000e+00
1.000000e+00,0.000000e+00,0.000000e+00,0.000000e+00,0.000000e+00,0.000000e+00,0.000000e+00,0.000000e+00,0.000000e+00,0.000000e+00,0.000000e+00,0.000000e+00,0.000000e+00,0.000000e+00,0.000000e+00
1.000000e+00,0.000000e+00,0.000000e+00,0.000000e+00,0.000000e+00,0.000000e+00,0.000000e+00,0.000000e+00,0.000000e+00,0.000000e+00,0.000000e+00,0.000000e+00,0.000000e+00,0.000000e+00,0.000000e+00
1.000000e+00,0.000000e+00,0.000000e+00,0.000000e+00,0.000000e+00,0.000000e+00,0.000000e+00,0.000000e+00,0.000000e+00,0.000000e+00,0.000000e+00,0.000000e+00,0.000000e+00,0.000000e+00,0.000000e+00
1.000000e+00,0.000000e+00,0.000000e+00,0.000000e+00,0.000000e+00,0.000000e+00,0.000000e+00,0.000000e+00,0.000000e+00,0.000000e+00,0.000000e+00,0.000000e+00,0.000000e+00,0.000000e+00,0.000000e+00
1.000000e+00,0.000000e+00,0.000000e+00,0.000000e+00,0.000000e+00,0.000000e+00,0.000000e+00,0.000000e+00,0.000000e+00,0.000000e+00,0.000000e+00,0.000000e+00,0.000000e+00,0.000000e+00,0.000000e+00
1.000000e+00,0.000000e+00,0.000000e+00,0.000000e+00,0.000000e+00,0.000000e+00,0.000000e+00,0.000000e+00,0.000000e+00,0.000000e+00,0.000000e+00,0.000000e+00,0.000000e+00,0.000000e+00,0.000000e+00
1.000000e+00,0.000000e+00,0.000000e+00,0.000000e+00,0.000000e+00,0.000000e+00,0.000000e+00,0.000000e+00,0.000000e+00,0.000000e+00,0.000000e+00,0.000000e+00,0.000000e+00,0.000000e+00,0.000000e+00
1.000000e+00,0.000000e+00,0.000000e+00,0.000000e+00,0.000000e+00,0.000000e+00,0.000000e+00,0.000000e+00,0.000000e+00,0.000000e+00,0.000000e+00,0.000000e+00,0.000000e+00,0.000000e+00,0.000000e+00
1.000000e+00,0.000000e+00,0.000000e+00,0.000000e+00,0.000000e+00,0.000000e+00,0.000000e+00,0.000000e+00,0.000000e+00,0.000000e+00,0.000000e+00,0.000000e+00,0.000000e+00,0.000000e+00,0.000000e+00
1.000000e+00,0.000000e+00,0.000000e+00,0.000000e+00,0.000000e+00,0.000000e+00,0.000000e+00,0.000000e+00,0.000000e+00,0.000000e+00,0.000000e+00,0.000000e+00,0.000000e+00,0.000000e+00,0.000000e+00
1.000000e+00,0.000000e+00,0.000000e+00,0.000000e+00,0.000000e+00,0.000000e+00,0.000000e+00,0.000000e+00,0.000000e+00,0.000000e+00,0.000000e+00,0.000000e+00,0.000000e+00,0.000000e+00,0.000000e+00
1.000000e+00,0.000000e+00,0.000000e+00,0.000000e+00,0.000000e+00,0.000000e+00,0.000000e+00,0.000000e+00,0.000000e+00,0.000000e+00,0.000000e+00,0.000000e+00,0.000000e+00,0.000000e+00,0.000000e+00
1.000000e+00,0.000000e+00,0.000000e+00,0.000000e+00,0.000000e+00,0.000000e+00,0.000000e+00,0.000000e+00,0.000000e+00,0.000000e+00,0.000000e+00,0.000000e+00,0.000000e+00,0.000000e+00,0.000000e+00
1.000000e+00,0.000000e+00,0.000000e+00,0.000000e+00,0.000000e+00,0.000000e+00,0.000000e+00,0.000000e+00,0.000000e+00,0.000000e+00,0.000000e+00,0.000000e+00,0.000000e+00,0.000000e+00,0.000000e+00
1.000000e+00,0.000000e+00,0.000000e+00,0.000000e+00,0.000000e+00,0.000000e+00,0.000000e+00,0.000000e+00,0.000000e+00,0.000000e+00,0.000000e+00,0.000000e+00,0.000000e+00,0.000000e+00,0.000000e+00
1.000000e+00,0.000000e+00,0.000000e+00,0.000000e+00,0.000000e+00,0.000000e+00,0.000000e+00,0.000000e+00,0.000000e+00,0.000000e+00,0.000000e+00,0.000000e+00,0.000000e+00,0.000000e+00,0.000000e+00
1.000000e+00,0.000000e+00,0.000000e+00,0.000000e+00,0.000000e+00,0.000000e+00,0.000000e+00,0.000000e+00,0.000000e+00,0.000000e+00,0.000000e+00,0.000000e+00,0.000000e+00,0.000000e+00,0.000000e+00
1.000000e+00,0.000000e+00,0.000000e+00,0.000000e+00,0.000000e+00,0.000000e+00,0.000000e+00,0.000000e+00,0.000000e+00,0.000000e+00,0.000000e+00,0.000000e+00,0.000000e+00,0.000000e+00,0.000000e+00
1.000000e+00,0.000000e+00,0.000000e+00,0.000000e+00,0.000000e+00,0.000000e+00,0.000000e+00,0.000000e+00,0.000000e+00,0.000000e+00,0.000000e+00,0.000000e+00,0.000000e+00,0.000000e+00,0.000000e+00
1.000000e+00,0.000000e+00,0.000000e+00,0.000000e+00,0.000000e+00,0.000000e+00,0.000000e+00,0.000000e+00,0.000000e+00,0.000000e+00,0.000000e+00,0.000000e+00,0.000000e+00,0.000000e+00,0.000000e+00
1.000000e+00,0.000000e+00,0.000000e+00,0.000000e+00,0.000000e+00,0.000000e+00,0.000000e+00,0.000000e+00,0.000000e+00,0.000000e+00,0.000000e+00,0.000000e+00,0.000000e+00,0.000000e+00,0.000000e+00
4.888719e-01,3.228536e-02,9.926874e-03,2.519364e-02,3.877367e-03,5.360771e-02,1.805365e-03,2.829453e-03,2.656759e-02,1.361800e-02,4.180983e-02,1.064967e-02,7.281994e-03,4.660095e-02,2.350744e-01
3.500459e-01,2.828756e-02,8.188259e-03,1.924644e-02,3.379129e-03,4.433995e-02,1.339350e-03,2.480166e-03,3.627693e-02,1.211581e-02,1.370390e-01,1.069734e-02,7.351692e-03,1.409325e-01,1.982800e-01
2.510707e-01,2.298992e-02,6.862448e-03,1.397876e-02,2.592878e-03,4.142656e-02,1.039635e-03,2.122074e-03,3.426190e-02,9.087800e-03,2.360269e-01,1.187187e-02,7.089935e-03,2.149938e-01,1.445849e-01
1.830998e-01,3.497036e-02,2.679484e-02,1.027128e-01,1.172525e-02,4.155442e-02,1.111839e-03,6.269038e-03,3.823946e-02,1.302879e-02,2.327717e-01,1.072189e-02,8.169532e-03,1.771580e-01,1.116723e-01
1.302615e-01,3.008662e-02,2.227093e-02,8.272774e-02,9.811393e-03,3.102358e-02,9.334015e-04,4.862273e-03,3.317658e-02,1.416398e-02,3.843724e-01,1.092349e-02,6.899482e-03,1.563725e-01,8.211429e-02
9.599914e-02,3.154365e-02,4.630511e-02,9.732525e-02,9.184521e-03,2.966454e-02,1.017931e-03,3.998043e-03,3.745386e-02,1.945683e-02,4.052384e-01,1.098279e-02,6.920266e-03,1.377878e-01,6.712191e-02
6.899948e-02,3.975899e-02,3.801175e-02,7.389047e-02,7.187413e-03,3.804494e-02,8.241415e-04,3.101114e-03,4.407750e-02,9.147165e-02,3.786221e-01,1.402626e-02,1.157643e-02,1.312695e-01,5.913831e-02
5.201970e-02,6.184138e-02,3.415892e-02,1.079791e-01,1.166406e-02,3.806547e-02,8.157194e-04,5.687325e-03,8.775945e-02,8.842435e-02,3.295037e-01,1.406291e-02,1.836607e-02,1.011361e-01,4.851576e-02
3.929235e-02,5.627735e-02,2.854043e-02,1.088146e-01,1.442972e-02,3.132145e-02,7.940526e-04,4.661389e-03,9.166533e-02,1.179116e-01,3.468236e-01,1.389401e-02,2.274488e-02,8.494740e-02,3.788191e-02
3.610720e-02,6.734626e-02,3.004811e-02,1.354821e-01,3.031014e-02,3.138614e-02,2.661542e-03,1.633820e-02,1.123227e-01,1.228942e-01,2.781869e-01,1.487882e-02,2.632177e-02,6.585418e-02,2.986176e-02
3.676429e-02,6.821425e-02,4.092360e-02,1.224531e-01,4.736396e-02,3.784308e-02,3.491167e-03,1.736408e-02,1.051290e-01,1.431509e-01,2.522703e-01,1.457513e-02,3.193792e-02,5.153357e-02,2.698570e-02
6.527828e-02,7.148533e-02,6.512085e-02,1.108510e-01,7.142940e-02,7.315910e-02,7.942950e-03,1.366830e-02,8.293407e-02,1.257143e-01,1.840017e-01,1.179990e-02,2.583968e-02,3.912338e-02,5.165182e-02
8.819534e-02,7.325079e-02,6.156471e-02,1.860355e-01,7.397869e-02,6.608190e-02,1.075871e-02,1.136010e-02,6.953420e-02,9.972356e-02,1.387522e-01,1.237059e-02,2.090766e-02,3.010940e-02,5.737662e-02
2.490958e-01,6.333594e-02,4.679843e-02,1.542214e-01,6.144961e-02,5.294650e-02,9.890808e-03,1.105617e-02,5.292901e-02,7.320929e-02,1.085828e-01,2.168422e-02,2.159136e-02,2.338525e-02,4.982345e-02
1.955629e-01,5.124130e-02,4.592636e-02,2.835158e-01,8.259532e-02,5.443451e-02,9.845319e-03,8.738536e-03,3.947730e-02,5.967774e-02,7.973716e-02,1.870431e-02,1.764533e-02,1.657902e-02,3.631911e-02
1.586043e-01,4.355706e-02,4.478531e-02,2.694148e-01,9.294648e-02,1.317071e-01,9.542368e-03,6.593102e-03,3.084995e-02,6.425606e-02,6.979229e-02,1.669269e-02,2.047851e-02,1.235532e-02,2.842467e-02
1.173547e-01,3.232681e-02,3.518606e-02,2.094880e-01,6.941132e-02,1.166917e-01,7.441557e-03,4.806574e-03,2.498940e-02,2.230909e-01,7.909422e-02,1.700247e-02,2.776932e-02,8.849389e-03,2.649764e-02
9.648532e-02,2.410969e-02,2.711763e-02,1.668062e-01,5.185693e-02,9.602050e-02,6.467185e-03,3.776746e-03,2.222798e-02,3.415994e-01,7.008643e-02,2.160342e-02,3.172713e-02,6.652167e-03,3.346322e-02
6.940794e-02,1.718726e-02,1.978017e-02,1.180248e-01,3.781120e-02,7.320294e-02,4.655705e-03,2.847543e-03,1.764340e-02,4.448596e-01,6.417099e-02,2.286970e-02,3.564391e-02,7.992947e-03,6.390194e-02
4.892519e-02,1.333515e-02,1.497287e-02,8.295545e-02,2.806226e-02,5.749292e-02,3.431197e-03,2.270969e-03,1.628319e-02,4.368829e-01,1.134173e-01,5.227690e-02,5.194739e-02,1.772578e-02,6.002054e-02
3.461865e-02,1.251773e-02,1.126201e-02,5.818794e-02,2.055464e-02,4.564640e-02,2.497949e-03,1.642905e-03,1.445230e-02,4.769418e-01,1.136244e-01,6.772218e-02,5.100349e-02,3.947850e-02,4.984915e-02
2.905334e-02,1.235172e-02,1.028494e-02,4.107702e-02,1.536139e-02,3.673730e-02,2.081662e-03,3.064608e-03,3.220183e-02,4.679068e-01,1.517087e-01,5.971495e-02,4.292339e-02,5.509258e-02,4.043984e-02
2.312880e-02,1.040871e-02,8.936267e-03,2.904122e-02,1.181342e-02,3.165252e-02,1.659507e-03,4.366954e-03,2.974546e-02,4.730455e-01,1.672657e-01,5.986651e-02,3.599334e-02,8.015761e-02,3.291849e-02
1.975664e-02,1.149205e-02,1.867279e-02,2.152387e-02,1.127960e-02,3.104431e-02,1.618560e-03,4.647402e-03,4.532360e-02,4.685448e-01,1.936508e-01,5.444164e-02,2.859845e-02,6.501245e-02,2.439297e-02
2.090024e-02,1.015565e-02,1.482346e-02,1.567651e-02,1.120249e-02,2.432391e-02,1.362835e-03,4.928649e-03,3.920653e-02,5.046998e-01,1.966423e-01,5.888055e-02,2.289675e-02,5.641804e-02,1.788226e-02
1.661501e-02,8.024069e-03,1.130141e-02,1.136152e-02,1.033092e-02,2.003029e-02,1.203601e-03,3.903284e-03,3.290672e-02,5.992535e-01,1.566294e-01,5.260017e-02,1.861114e-02,4.367818e-02,1.355079e-02
1.748410e-02,7.737564e-03,8.505704e-03,8.556922e-03,1.011394e-02,1.632904e-02,9.711418e-04,4.052313e-03,2.808894e-02,6.497404e-01,1.336607e-01,5.126719e-02,1.682833e-02,3.570839e-02,1.095532e-02
2.312286e-02,7.432807e-03,6.395486e-03,6.362861e-03,1.197030e-02,1.192679e-02,7.673126e-04,3.911532e-03,2.691927e-02,6.958751e-01,1.084097e-01,4.672373e-02,1.394889e-02,2.779153e-02,8.441788e-03
2.192747e-02,1.108200e-02,6.006291e-03,4.940903e-03,1.215695e-02,8.599078e-03,5.904997e-04,3.712576e-03,2.679865e-02,7.356390e-01,8.673971e-02,3.953141e-02,1.191154e-02,2.385356e-02,6.510405e-03
2.341402e-02,2.352093e-02,1.385973e-02,4.281051e-03,1.446477e-02,6.959634e-03,6.288505e-04,5.946140e-03,3.682813e-02,7.167983e-01,7.749924e-02,3.752277e-02,1.071327e-02,2.247285e-02,5.090358e-03
2.170917e-02,4.246153e-02,2.692642e-02,3.507001e-03,1.325434e-02,5.748244e-03,8.784945e-04,7.125164e-03,4.273843e-02,7.099862e-01,6.104263e-02,3.205698e-02,8.550198e-03,1.996521e-02,4.050013e-03
2.001832e-02,5.699375e-02,2.759057e-02,2.865482e-03,1.407472e-02,4.811603e-03,9.770966e-04,8.890000e-03,5.299890e-02,7.149242e-01,4.446141e-02,2.488828e-02,6.531279e-03,1.657056e-02,3.403961e-03
1.700975e-02,5.285996e-02,2.811212e-02,2.556802e-03,1.441153e-02,3.902026e-03,1.745501e-03,9.396649e-03,6.782122e-02,7.262049e-01,3.364499e-02,2.012083e-02,5.221901e-03,1.412248e-02,2.869405e-03
1.307238e-02,5.566648e-02,2.166180e-02,2.322915e-03,1.171940e-02,3.057824e-03,1.347734e-03,8.810163e-03,9.542295e-02,7.288437e-01,2.517587e-02,1.515062e-02,3.918284e-03,1.152739e-02,2.302440e-03
1.094677e-02,4.141782e-02,2.838745e-02,7.223642e-03,1.245865e-02,4.653235e-03,3.032492e-03,5.041605e-02,7.172793e-02,7.263969e-01,1.809432e-02,1.105975e-02,3.690403e-03,8.717194e-03,1.777394e-03
1.233436e-02,3.295542e-02,5.639444e-02,1.057144e-02,1.489455e-02,7.906426e-03,1.304133e-02,8.300283e-02,5.326476e-02,6.834507e-01,1.304849e-02,8.210847e-03,3.107545e-03,6.434098e-03,1.382719e-03
2.083945e-02,2.844972e-02,6.129675e-02,9.983765e-03,1.271705e-02,2.822400e-02,6.125379e-02,1.102931e-01,3.888474e-02,6.034300e-01,9.517012e-03,6.401947e-03,2.928057e-03,4.619177e-03,1.161346e-03
3.004765e-02,2.586178e-02,1.014459e-01,9.843281e-03,1.131377e-02,2.663155e-02,1.529483e-01,1.142087e-01,2.806961e-02,4.807854e-01,6.895217e-03,5.068407e-03,2.530807e-03,3.364743e-03,9.847884e-04
5.223979e-02,2.572517e-02,8.898658e-02,1.357052e-02,1.007223e-02,2.308921e-02,2.220262e-01,1.034321e-01,2.278674e-02,4.210601e-01,5.112604e-03,5.380969e-03,2.588829e-03,2.627194e-03,1.301720e-03
4.917233e-02,1.952950e-02,7.464387e-02,1.240350e-02,1.436074e-02,1.726136e-02,3.589953e-01,1.057742e-01,2.053568e-02,3.129908e-01,3.894494e-03,4.479299e-03,2.565517e-03,2.162851e-03,1.230427e-03
7.048217e-02,1.541256e-02,6.954828e-02,1.316385e-02,2.361918e-02,1.412898e-02,4.033868e-01,9.131796e-02,2.339010e-02,2.595413e-01,3.621752e-03,5.415158e-03,3.128121e-03,1.889505e-03,1.954303e-03
1.204989e-01,1.300992e-02,6.921219e-02,1.203561e-02,2.996506e-02,1.181676e-02,4.196817e-01,7.389469e-02,2.721989e-02,2.033740e-01,3.312505e-03,5.640291e-03,3.906044e-03,2.541295e-03,3.891150e-03
1.472659e-01,1.252020e-02,6.263310e-02,1.055412e-02,3.599550e-02,9.990620e-03,4.388891e-01,6.396673e-02,4.001562e-02,1.539976e-01,3.279644e-03,5.785081e-03,4.752461e-03,3.997122e-03,6.357247e-03
2.238567e-01,1.329732e-02,5.068329e-02,8.927448e-03,3.613342e-02,9.055893e-03,3.468208e-01,5.557233e-02,7.399738e-02,1.549689e-01,3.549342e-03,6.670370e-03,4.932432e-03,4.536500e-03,6.997839e-03
2.932493e-01,1.420752e-02,4.421965e-02,8.383810e-03,3.341479e-02,1.038083e-02,2.793927e-01,5.898470e-02,7.910033e-02,1.448424e-01,4.798602e-03,9.415339e-03,6.640535e-03,4.616896e-03,8.352658e-03
3.617940e-01,1.580201e-02,3.784353e-02,8.140359e-03,3.285719e-02,1.287877e-02,2.281099e-01,5.384613e-02,7.672124e-02,1.261587e-01,7.185931e-03,1.406369e-02,7.896547e-03,4.783247e-03,1.191877e-02
4.246049e-01,1.539842e-02,3.443492e-02,8.646685e-03,2.818198e-02,1.564736e-02,1.687756e-01,4.261894e-02,6.977553e-02,1.340197e-01,7.724535e-03,1.536588e-02,8.398548e-03,5.032753e-03,2.137427e-02
4.761416e-01,1.977980e-02,3.167260e-02,1.079058e-02,2.361499e-02,2.217595e-02,1.327976e-01,3.697961e-02,5.771525e-02,1.126313e-01,8.116505e-03,1.747729e-02,9.779674e-03,5.412708e-03,3.491456e-02
4.056771e-01,2.322284e-02,3.660608e-02,1.402894e-02,1.870023e-02,2.498411e-02,9.425029e-02,3.074475e-02,4.575044e-02,1.868551e-01,1.208093e-02,4.077934e-02,1.783657e-02,5.301223e-03,4.318213e-02
2.945260e-01,2.037541e-02,2.806790e-02,1.825453e-02,1.389854e-02,1.850310e-02,6.624320e-02,2.457642e-02,7.728997e-02,3.142678e-01,1.563282e-02,3.053003e-02,2.611087e-02,4.828998e-03,4.689449e-02
2.345776e-01,1.853760e-02,2.179115e-02,1.785838e-02,1.114874e-02,1.451370e-02,4.682656e-02,2.042517e-02,6.542014e-02,4.252847e-01,2.002751e-02,2.445152e-02,3.306852e-02,4.691953e-03,4.137678e-02
1.947371e-01,1.840299e-02,1.856236e-02,4.270758e-02,1.189678e-02,1.333264e-02,3.359592e-02,1.994883e-02,1.200842e-01,3.969549e-01,2.126709e-02,2.029430e-02,3.547700e-02,4.761777e-03,4.797648e-02
1.898110e-01,1.570868e-02,2.065962e-02,5.215323e-02,1.306931e-02,1.619706e-02,2.441994e-02,1.921629e-02,9.383451e-02,3.777026e-01,2.475623e-02,1.823666e-02,4.495936e-02,5.629818e-03,8.364569e-02
2.299706e-01,1.629720e-02,5.690908e-02,7.313096e-02,1.578326e-02,1.700980e-02,1.772972e-02,1.618548e-02,6.979784e-02,2.845306e-01,3.470469e-02,1.936769e-02,4.227021e-02,6.703912e-03,9.960888e-02
2.526804e-01,2.012822e-02,6.851808e-02,6.432937e-02,2.199382e-02,1.843099e-02,1.425311e-02,1.378235e-02,5.651196e-02,2.385248e-01,3.261562e-02,1.822424e-02,3.392857e-02,9.819968e-03,1.362585e-01
3.408544e-01,3.074846e-02,5.781062e-02,6.465507e-02,2.233211e-02,2.181957e-02,1.151943e-02,1.126485e-02,4.316277e-02,1.795582e-01,3.309824e-02,2.464441e-02,2.838460e-02,1.026032e-02,1.198869e-01
4.240195e-01,3.529657e-02,4.471298e-02,6.676604e-02,2.333807e-02,2.841719e-02,9.720118e-03,9.069823e-03,3.478181e-02,1.349621e-01,2.914245e-02,2.750539e-02,2.260022e-02,8.488717e-03,1.011789e-01
3.465279e-01,6.288475e-02,6.580886e-02,1.735681e-01,2.535308e-02,2.425731e-02,8.438979e-03,9.276044e-03,3.233475e-02,9.649500e-02,2.498082e-02,2.724786e-02,1.814352e-02,6.419306e-03,7.826358e-02
2.861499e-01,5.407758e-02,1.703133e-01,1.437205e-01,4.912475e-02,4.522711e-02,8.588942e-03,1.201340e-02,2.893672e-02,7.086005e-02,2.008484e-02,2.069617e-02,1.502773e-02,4.644077e-03,7.053493e-02
2.923879e-01,4.578016e-02,1.928653e-01,1.166148e-01,5.879393e-02,5.435689e-02,8.497014e-03,1.297010e-02,2.703172e-02,6.581380e-02,2.230565e-02,2.261182e-02,1.337312e-02,4.583661e-03,6.201412e-02
2.734434e-01,3.933283e-02,2.234350e-01,8.783798e-02,5.157880e-02,7.603396e-02,8.002185e-03,1.086639e-02,2.449615e-02,7.594983e-02,2.685312e-02,2.222297e-02,1.269463e-02,4.862046e-03,6.239057e-02
3.501826e-01,4.021790e-02,1.912237e-01,6.824078e-02,4.424186e-02,6.196350e-02,6.459645e-03,9.992499e-03,2.904235e-02,7.002917e-02,3.666980e-02,2.196661e-02,1.332851e-02,5.350121e-03,5.109087e-02
3.213437e-01,3.415620e-02,2.235183e-01,7.935803e-02,4.987065e-02,4.616083e-02,5.674158e-03,1.438628e-02,3.778937e-02,5.452228e-02,5.396507e-02,1.984302e-02,1.641154e-02,4.273051e-03,3.872748e-02
3.407195e-01,3.288440e-02,2.514168e-01,6.701754e-02,5.383782e-02,3.807134e-02,4.720066e-03,1.158377e-02,3.420823e-02,4.540015e-02,4.949932e-02,1.528365e-02,1.308991e-02,5.144040e-03,3.712336e-02
2.654655e-01,3.555790e-02,2.899532e-01,5.615583e-02,4.129333e-02,4.097529e-02,3.755011e-03,9.442668e-03,3.438250e-02,6.192817e-02,7.028224e-02,1.526089e-02,1.367915e-02,1.193446e-02,4.993379e-02
3.175536e-01,3.309073e-02,2.410317e-01,4.765717e-02,3.614553e-02,6.667523e-02,3.439553e-03,9.577759e-03,3.185032e-02,5.666398e-02,6.624034e-02,1.688306e-02,1.296618e-02,1.371838e-02,4.650657e-02
2.268441e-01,2.994880e-02,2.399275e-01,2.288786e-01,2.768940e-02,4.871361e-02,2.501971e-03,6.949708e-03,2.693845e-02,4.417484e-02,4.998733e-02,1.326860e-02,9.987154e-03,9.759118e-03,3.443084e-02
1.962062e-01,3.670879e-02,2.735070e-01,2.087255e-01,2.192724e-02,4.170728e-02,2.085557e-03,5.238168e-03,2.892959e-02,5.314356e-02,6.999721e-02,1.179100e-02,9.254287e-03,1.021752e-02,3.056109e-02
1.960731e-01,3.366299e-02,2.711480e-01,1.929484e-01,1.663748e-02,3.635514e-02,1.771650e-03,4.359177e-03,3.337580e-02,6.007873e-02,8.372351e-02,1.458941e-02,1.021356e-02,1.264759e-02,3.241544e-02
2.748859e-01,2.819514e-02,2.215606e-01,1.641046e-01,1.379299e-02,3.387240e-02,1.569168e-03,4.837346e-03,3.550304e-02,5.067380e-02,9.477936e-02,1.565632e-02,1.334943e-02,1.886703e-02,2.835279e-02
2.363367e-01,2.401185e-02,1.991305e-01,1.293438e-01,1.092401e-02,3.150726e-02,1.277672e-03,3.745274e-03,4.874038e-02,5.838001e-02,1.692373e-01,1.529147e-02,1.373437e-02,3.284264e-02,2.549691e-02
2.319237e-01,2.173631e-02,1.508154e-01,9.633377e-02,9.603794e-03,2.568383e-02,1.243834e-03,4.118843e-03,7.074389e-02,7.690933e-02,1.565121e-01,1.739318e-02,1.216726e-02,9.987088e-02,2.494389e-02
2.008311e-01,2.255232e-02,1.134232e-01,7.176742e-02,1.064134e-02,2.139543e-02,1.261267e-03,5.369140e-03,6.973911e-02,7.700059e-02,1.949995e-01,1.899568e-02,1.386034e-02,1.565356e-01,2.162795e-02
1.483249e-01,2.835194e-02,8.608481e-02,5.697212e-02,1.195157e-02,1.726390e-02,1.384917e-03,7.257367e-03,1.075135e-01,7.557853e-02,2.226580e-01,1.814596e-02,1.414497e-02,1.816162e-01,2.275137e-02
1.078227e-01,4.219900e-02,7.443093e-02,4.304618e-02,1.232677e-02,1.382388e-02,1.478146e-03,8.486596e-03,1.276040e-01,5.776358e-02,2.538672e-01,1.392547e-02,1.265726e-02,2.078573e-01,2.271103e-02
8.043712e-02,6.185334e-02,7.057130e-02,3.580470e-02,2.097397e-02,1.347418e-02,1.531684e-03,7.865694e-03,1.406395e-01,4.625368e-02,2.452723e-01,1.055164e-02,9.835342e-03,2.334859e-01,2.144969e-02
6.240199e-02,8.806559e-02,6.238195e-02,7.151219e-02,2.172783e-02,2.784976e-02,1.437417e-03,7.554696e-03,2.048754e-01,3.550072e-02,1.775257e-01,7.894751e-03,9.298556e-03,1.802983e-01,4.167524e-02
5.700873e-02,8.153170e-02,4.545562e-02,6.707962e-02,1.960070e-02,1.235339e-01,1.339590e-03,6.554026e-03,2.529357e-01,2.601229e-02,1.270560e-01,5.916804e-03,9.593654e-03,1.316812e-01,4.470051e-02
5.067086e-02,6.530008e-02,3.239913e-02,2.340994e-01,1.763146e-02,1.118356e-01,1.033812e-03,6.296889e-03,2.251633e-01,1.904390e-02,9.175663e-02,4.526426e-03,7.471429e-03,9.282770e-02,3.994344e-02
5.329034e-02,4.966756e-02,5.880407e-02,3.263914e-01,1.997887e-02,1.021663e-01,9.098055e-04,1.882220e-02,1.752923e-01,1.530815e-02,6.736077e-02,3.310661e-03,5.464597e-03,6.534705e-02,3.788604e-02
5.523625e-02,3.863687e-02,6.423794e-02,2.992269e-01,1.681422e-02,1.089402e-01,7.342703e-04,2.033937e-02,1.525659e-01,2.224350e-02,5.614707e-02,2.539539e-03,4.110216e-03,4.666341e-02,1.115644e-01
5.922585e-02,3.312222e-02,8.960234e-02,2.739075e-01,1.448117e-02,7.835823e-02,5.438158e-04,1.527781e-02,1.153185e-01,1.730089e-02,1.645662e-01,3.469012e-03,4.624249e-03,3.417615e-02,9.602611e-02
4.382896e-02,2.557143e-02,7.414448e-02,2.453680e-01,1.263518e-02,5.569165e-02,4.138446e-04,1.207593e-02,8.352353e-02,1.269638e-02,3.245594e-01,4.149857e-03,9.126894e-03,2.542856e-02,7.078594e-02
3.652628e-02,2.451438e-02,6.001735e-02,1.823077e-01,1.057165e-02,3.978699e-02,3.526867e-04,9.101834e-03,6.204283e-02,1.386855e-02,4.598039e-01,6.741470e-03,1.432664e-02,2.768550e-02,5.235226e-02
3.889169e-02,2.130759e-02,1.330248e-01,1.426454e-01,8.812584e-03,2.878761e-02,4.224867e-04,1.213911e-02,4.833963e-02,1.144311e-02,4.710904e-01,5.557633e-03,1.687894e-02,2.296054e-02,3.769840e-02
5.860556e-02,3.179482e-02,1.302175e-01,1.758031e-01,9.872289e-03,2.535045e-02,4.324017e-04,9.739151e-03,6.794153e-02,1.514908e-02,3.802174e-01,4.557548e-03,1.411010e-02,3.046678e-02,4.574224e-02
1.362927e-01,4.209282e-02,1.262626e-01,1.422711e-01,1.379322e-02,2.390185e-02,6.671551e-04,8.590925e-03,7.629855e-02,1.610498e-02,2.947806e-01,3.833669e-03,1.241930e-02,4.083605e-02,6.185438e-02
1.170393e-01,4.832126e-02,1.066456e-01,1.059642e-01,1.573302e-02,1.971056e-02,1.320728e-03,2.985601e-02,6.856821e-02,1.559645e-02,2.990474e-01,3.025986e-03,1.433585e-02,7.396407e-02,8.087139e-02
1.004309e-01,3.906835e-02,2.462807e-01,8.396409e-02,1.403675e-02,1.764844e-02,1.342926e-03,3.238884e-02,6.739657e-02,2.002839e-02,2.358023e-01,2.222073e-03,1.092799e-02,6.457955e-02,6.388203e-02
7.620279e-02,3.211812e-02,4.128148e-01,8.582737e-02,1.239570e-02,1.295745e-02,1.172136e-03,2.342812e-02,5.856505e-02,1.687040e-02,1.654789e-01,1.615587e-03,7.769142e-03,4.558308e-02,4.720134e-02
1.068757e-01,2.862728e-02,4.686790e-01,8.112546e-02,1.120721e-02,1.066278e-02,1.068874e-03,1.722222e-02,5.090871e-02,1.909962e-02,1.171388e-01,1.655521e-03,6.058128e-03,3.290446e-02,4.676617e-02
1.502944e-01,4.553828e-02,4.724315e-01,6.468017e-02,2.463430e-02,1.777072e-02,1.057210e-03,1.295976e-02,3.761024e-02,1.532750e-02,8.341695e-02,1.616971e-03,5.326780e-03,2.513631e-02,4.219893e-02
1.685406e-01,7.242894e-02,4.292390e-01,6.649960e-02,4.046255e-02,3.515299e-02,1.411721e-03,1.176232e-02,2.898199e-02,1.198677e-02,6.223669e-02,1.712105e-03,5.278164e-03,2.145280e-02,4.285381e-02
1.516060e-01,1.191276e-01,3.159073e-01,1.910736e-01,3.836192e-02,3.027954e-02,1.502860e-03,1.025786e-02,2.237815e-02,8.674457e-03,4.537884e-02,3.386941e-03,4.785143e-03,1.643644e-02,4.084332e-02
1.836794e-01,1.120011e-01,2.951500e-01,2.267425e-01,3.496003e-02,2.411120e-02,1.663493e-03,9.096717e-03,1.785460e-02,6.773069e-03,3.360829e-02,4.223764e-03,4.127048e-03,1.246049e-02,3.354829e-02
3.570681e-01,9.394078e-02,2.187765e-01,1.760159e-01,3.106537e-02,1.946234e-02,1.452724e-03,8.200427e-03,1.471307e-02,5.332259e-03,2.508312e-02,5.000394e-03,4.550192e-03,1.073533e-02,2.860353e-02
4.363792e-01,7.880920e-02,1.618580e-01,1.572198e-01,2.695284e-02,1.907820e-02,1.700633e-03,8.349052e-03,1.338650e-02,4.711702e-03,2.111380e-02,1.939301e-02,1.147042e-02,1.011854e-02,2.945916e-02
4.328810e-01,8.057655e-02,1.233593e-01,1.727757e-01,2.350491e-02,1.919163e-02,1.601416e-03,1.275797e-02,1.485458e-02,4.061861e-03,2.633972e-02,2.202940e-02,1.271150e-02,1.232637e-02,4.102813e-02
4.132131e-01,1.132718e-01,9.695941e-02,1.337461e-01,2.047715e-02,5.076040e-02,1.634740e-03,1.156305e-02,1.518099e-02,5.873965e-03,2.152766e-02,1.675907e-02,1.085114e-02,2.729983e-02,6.088160e-02
4.506780e-01,1.015604e-01,7.380991e-02,1.143909e-01,1.872515e-02,4.854043e-02,1.688171e-03,1.007290e-02,2.665984e-02,1.098246e-02,1.862511e-02,1.432493e-02,1.056291e-02,3.240363e-02,6.697518e-02
3.170741e-01,9.278691e-02,5.259841e-02,8.445302e-02,1.381825e-02,7.329433e-02,1.671074e-03,7.102368e-03,4.222295e-02,1.750937e-02,1.685153e-02,1.035845e-02,8.860065e-03,7.135849e-02,1.900406e-01
2.282634e-01,6.846579e-02,3.700345e-02,6.045523e-02,1.040021e-02,5.960570e-02,1.360872e-03,5.070794e-03,2.124611e-01,1.712614e-02,1.384499e-02,7.456791e-03,6.737003e-03,6.484801e-02,2.069004e-01
1.630138e-01,4.987537e-02,2.606132e-02,4.249428e-02,7.644471e-03,4.629264e-02,1.109170e-03,3.643526e-03,3.502305e-01,1.929743e-02,1.507894e-02,5.348929e-03,5.813974e-03,8.410719e-02,1.799885e-01
1.214725e-01,3.568271e-02,1.843577e-02,2.997032e-02,5.587887e-03,3.327429e-02,8.749225e-04,2.595286e-03,3.977188e-01,1.919434e-02,1.167229e-02,4.001785e-03,4.718406e-03,1.423183e-01,1.724824e-01
8.681358e-02,2.573508e-02,1.378629e-02,2.117462e-02,4.140363e-03,2.358221e-02,6.533201e-04,1.916307e-03,3.716627e-01,3.717665e-02,2.091469e-02,3.428941e-03,4.931314e-03,2.518288e-01,1.322551e-01
6.232016e-02,1.863439e-02,9.879883e-03,1.494976e-02,3.080860e-03,1.807582e-02,6.089713e-04,1.463934e-03,3.195044e-01,5.337769e-02,1.974540e-02,3.272496e-03,4.508992e-03,3.696920e-01,1.008852e-01
4.466484e-02,1.346849e-02,2.010988e-02,1.650817e-02,2.412856e-03,1.308591e-02,4.614745e-04,1.140414e-03,4.665968e-01,4.304636e-02,1.511628e-02,2.637637e-03,3.317423e-03,2.827628e-01,7.467063e-02
3.226712e-02,1.082934e-02,1.285608e-01,1.614419e-02,2.241234e-03,9.556048e-03,3.574622e-04,9.702180e-04,4.278601e-01,6.567176e-02,1.247664e-02,2.374197e-03,2.693364e-03,2.288521e-01,5.914532e-02
2.408886e-02,1.246243e-02,1.523036e-01,1.190908e-02,1.752375e-03,6.933761e-03,2.581656e-04,7.271122e-04,3.384817e-01,1.175287e-01,1.017528e-02,1.854802e-03,2.115971e-03,2.099729e-01,1.094353e-01
1.716917e-02,1.536993e-02,1.418568e-01,8.981231e-03,1.380825e-03,5.336893e-03,1.978465e-04,6.578967e-04,2.967105e-01,1.720773e-01,1.278247e-02,2.123084e-03,2.959629e-03,1.632083e-01,1.591881e-01
1.218123e-02,4.798907e-02,1.214438e-01,6.601642e-03,1.240423e-03,4.743683e-03,1.538388e-04,5.612365e-04,2.444267e-01,2.131310e-01,1.334491e-02,1.990613e-03,3.238817e-03,1.431592e-01,1.857938e-01
8.607737e-03,1.738603e-01,1.076320e-01,5.719532e-03,9.623697e-04,3.824285e-03,1.090833e-04,4.753225e-04,2.231686e-01,2.023405e-01,1.001232e-02,1.698502e-03,2.514052e-03,1.047321e-01,1.543434e-01
6.087033e-03,1.954919e-01,8.383032e-02,4.777523e-03,7.808782e-04,3.650531e-03,8.144580e-05,4.415356e-04,2.693368e-01,2.219023e-01,8.831603e-03,2.990259e-03,2.492316e-03,7.859011e-02,1.207155e-01
4.322956e-03,3.087978e-01,6.198107e-02,4.086326e-03,6.297372e-04,4.955601e-03,6.173922e-05,3.557039e-04,2.653204e-01,1.871393e-01,8.682949e-03,3.421011e-03,2.783400e-03,5.636805e-02,9.109385e-02
3.324337e-03,2.605665e-01,4.851458e-02,8.463141e-03,6.499301e-04,9.597698e-03,6.977887e-05,3.608715e-04,3.614771e-01,1.602157e-01,1.971810e-02,6.203894e-03,6.611175e-03,3.996656e-02,7.426055e-02
2.466945e-03,2.184943e-01,3.829378e-02,9.760070e-03,7.442967e-04,1.333213e-02,6.938063e-05,7.023340e-04,4.586776e-01,1.229895e-01,2.478502e-02,7.454035e-03,1.028526e-02,2.839584e-02,6.354953e-02
2.211705e-03,1.707789e-01,2.827502e-02,9.780386e-03,2.214328e-03,1.379305e-02,1.496782e-04,1.118537e-03,5.759779e-01,8.896674e-02,2.030254e-02,6.650255e-03,1.056791e-02,2.010454e-02,4.910848e-02
2.204560e-03,1.271605e-01,2.396586e-02,7.879476e-02,6.155963e-03,1.920750e-02,3.352702e-04,9.681612e-03,5.820171e-01,7.002274e-02,1.565044e-02,5.051402e-03,8.964412e-03,1.424939e-02,3.653853e-02
6.229458e-03,9.360857e-02,2.050499e-02,1.306211e-01,9.102332e-03,4.889547e-02,4.671724e-04,1.416766e-02,5.307862e-01,6.109848e-02,2.326600e-02,4.672123e-03,9.706879e-03,1.066221e-02,3.621134e-02
4.874869e-03,7.120807e-02,2.333569e-02,1.315455e-01,7.202813e-03,3.971471e-02,3.897396e-04,1.150882e-02,5.424949e-01,5.046366e-02,1.997086e-02,3.818868e-03,8.353569e-03,9.301303e-03,7.581663e-02
4.979510e-03,5.260057e-02,1.211969e-01,1.620893e-01,8.549702e-03,3.193079e-02,4.150016e-04,1.962476e-02,4.328708e-01,4.889919e-02,2.172974e-02,3.621852e-03,8.326554e-03,8.175733e-03,7.498961e-02
7.066402e-03,5.876675e-02,1.022047e-01,1.169235e-01,1.544564e-02,2.799849e-02,5.472559e-04,1.503468e-02,4.782466e-01,4.319462e-02,2.038687e-02,2.789306e-03,7.317828e-03,6.379049e-03,9.769836e-02
6.399191e-03,1.036382e-01,7.723895e-02,8.537136e-02,1.712572e-02,2.493781e-02,5.468823e-04,1.086127e-02,5.102260e-01,3.594825e-02,2.177575e-02,2.271156e-03,8.518040e-03,4.880546e-03,9.026098e-02
5.006907e-03,1.432115e-01,5.481433e-02,6.240338e-02,1.393785e-02,2.264164e-02,4.208270e-04,7.699355e-03,5.552199e-01,3.070649e-02,1.725695e-02,1.647165e-03,8.342408e-03,3.563793e-03,7.312748e-02
4.411647e-03,2.071239e-01,3.861924e-02,4.869110e-02,1.036076e-02,3.509194e-02,3.085090e-04,5.807809e-03,5.250627e-01,2.584444e-02,1.284510e-02,1.216631e-03,8.084404e-03,2.943448e-03,7.358842e-02
4.581328e-03,2.371963e-01,2.738228e-02,4.531992e-02,8.504607e-03,5.442108e-02,2.632813e-04,4.890377e-03,5.015272e-01,2.471284e-02,9.871881e-03,9.791889e-04,9.043626e-03,2.317969e-03,6.898825e-02
4.199676e-03,2.343190e-01,2.161963e-02,7.080984e-02,6.694618e-03,5.559113e-02,2.395723e-04,4.946450e-03,4.862886e-01,2.219359e-02,7.781373e-03,1.150434e-03,8.959092e-03,2.142531e-03,7.306449e-02
4.123467e-03,2.007348e-01,1.728870e-02,8.316037e-02,5.298113e-03,5.709362e-02,3.280556e-04,4.490043e-03,4.827253e-01,2.532941e-02,9.755419e-03,2.011977e-03,1.080354e-02,2.524358e-03,9.433287e-02
3.387847e-03,1.747308e-01,2.493169e-02,8.616912e-02,3.962999e-03,4.292246e-02,3.026004e-04,4.249380e-03,5.163151e-01,2.883776e-02,8.688155e-03,2.647589e-03,9.571155e-03,2.927321e-03,9.035605e-02
3.295049e-03,1.324154e-01,1.979757e-02,8.601059e-02,2.862981e-03,3.718822e-02,2.427194e-04,3.656530e-03,5.120238e-01,4.416379e-02,2.686632e-02,8.137750e-03,1.616714e-02,1.602796e-02,9.114414e-02
3.647448e-03,1.004771e-01,1.474402e-02,6.468315e-02,2.283245e-03,3.755751e-02,2.287734e-04,3.028880e-03,4.149689e-01,5.212489e-02,1.112374e-01,8.438135e-03,2.574530e-02,7.100622e-02,8.982903e-02
7.127156e-03,7.936335e-02,1.608724e-02,4.850239e-02,1.955777e-03,3.472479e-02,1.898338e-04,3.047661e-03,3.724672e-01,7.152943e-02,1.447521e-01,1.252014e-02,2.417519e-02,1.034358e-01,8.012191e-02
7.552798e-03,6.604599e-02,7.442571e-02,5.179905e-02,1.946225e-03,2.719080e-02,1.683202e-04,2.920801e-03,3.369612e-01,7.869641e-02,1.504782e-01,1.647199e-02,2.927547e-02,8.894839e-02,6.711863e-02
1.053754e-02,5.316638e-02,1.359440e-01,6.528407e-02,3.649594e-03,2.111869e-02,3.241326e-04,2.883891e-03,3.030504e-01,8.282404e-02,1.422118e-01,1.794093e-02,3.173893e-02,7.532335e-02,5.400223e-02
1.553119e-02,4.428577e-02,1.210731e-01,7.809266e-02,5.906840e-03,1.893675e-02,4.912700e-04,4.989324e-03,2.430859e-01,6.806690e-02,1.680672e-01,1.890611e-02,3.232654e-02,9.548461e-02,8.475583e-02
1.626960e-02,3.418920e-02,9.090731e-02,5.840390e-02,2.337571e-02,1.428732e-02,5.939333e-04,3.863955e-03,1.942977e-01,5.545811e-02,2.226236e-01,1.639361e-02,3.983419e-02,1.457826e-01,8.371934e-02
2.628442e-02,2.898511e-02,1.335634e-01,1.052782e-01,2.766928e-02,1.255939e-02,6.433356e-04,4.486805e-03,1.488852e-01,4.105176e-02,2.031820e-01,1.334985e-02,3.496712e-02,1.221660e-01,9.692815e-02
5.309679e-02,2.357529e-02,1.004591e-01,7.540385e-02,8.119571e-02,1.091836e-02,1.027060e-03,3.972399e-03,1.179329e-01,3.239663e-02,2.049469e-01,1.216545e-02,3.013737e-02,1.415260e-01,1.112462e-01
5.005658e-02,2.130257e-02,1.297996e-01,8.584090e-02,9.414486e-02,1.232107e-02,2.570503e-03,6.053147e-03,1.075894e-01,2.396119e-02,1.965188e-01,1.042451e-02,2.537998e-02,1.437778e-01,9.025903e-02
4.417558e-02,1.852257e-02,1.306497e-01,9.354700e-02,7.110991e-02,1.337906e-02,2.423661e-03,5.939501e-03,1.394247e-01,1.837454e-02,2.023631e-01,1.299253e-02,2.499733e-02,1.342592e-01,8.784161e-02
4.062341e-02,1.883810e-02,1.856471e-01,8.579312e-02,5.240368e-02,1.717698e-02,1.927350e-03,5.724958e-03,1.434293e-01,1.445305e-02,1.929754e-01,1.199153e-02,2.249259e-02,1.293959e-01,7.712754e-02
3.554196e-02,1.736729e-02,2.920238e-01,9.022611e-02,3.878553e-02,1.269402e-02,1.470601e-03,5.853042e-03,1.690031e-01,1.183154e-02,1.458234e-01,9.130295e-03,1.687239e-02,9.745318e-02,5.592371e-02
5.499149e-02,2.417411e-02,2.677737e-01,7.298667e-02,3.474446e-02,1.159727e-02,1.277324e-03,7.714039e-03,2.018958e-01,1.133618e-02,1.452694e-01,7.306965e-03,1.379792e-02,1.017352e-01,4.339932e-02
