1.000000e+00,0.000000e+00,0.000000e+00,0.000000e+00,0.000000e+00,0.000000e+00,0.000000e+00,0.000000e+00,0.000000e+00,0.000000e+00,0.000000e+00,0.000000e+00,0.000000e+00,0.000000e+00,0.000000e+00
1.000000e+00,0.000000e+00,0.000000e+00,0.000000e+00,0.000000e+00,0.000000e+00,0.000000e+00,0.000000e+00,0.000000e+00,0.000000e+00,0.000000e+00,0.000000e+00,0.000000e+00,0.000000e+00,0.000000e+00
1.000000e+00,0.000000e+00,0.000000e+00,0.000000e+00,0.000000e+00,0.000000e+00,0.000000e+00,0.000000e+00,0.000000e+00,0.000000e+00,0.000000e+00,0.000000e+00,0.000000e+00,0.000000e+00,0.000000e+00
1.000000e+00,0.000000e+00,0.000000e+00,0.000000e+00,0.000000e+00,0.000000e+00,0.000000e+00,0.000000e+00,0.000000e+00,0.000000e+00,0.000000e+00,0.000000e+00,0.000000e+00,0.000000e+00,0.000000e+00
1.000000e+00,0.000000e+00,0.000000e+00,0.000000e+00,0.000000e+00,0.000000e+00,0.000000e+00,0.000000e+00,0.000000e+00,0.000000e+00,0.000000e+00,0.000000e+00,0.000000e+00,0.000000e+00,0.000000e+00
1.000000e+00,0.000000e+00,0.000000e+00,0.000000e+00,0.000000e+00,0.000000e+00,0.000000e+00,0.000000e+00,0.000000e+00,0.000000e+00,0.000000e+00,0.000000e+00,0.000000e+00,0.000000e+00,0.000000e+00
1.000000e+00,0.000000e+00,0.000000e+00,0.000000e+00,0.000000e+00,0.000000e+00,0.000000e+00,0.000000e+00,0.000000e+00,0.000000e+00,0.000000e+00,0.000000e+00,0.000000e+00,0.000000e+00,0.000000e+00
1.000000e+00,0.000000e+00,0.000000e+00,0.000000e+00,0.000000e+00,0.000000e+00,0.000000e+00,0.000000e+00,0.000000e+00,0.000000e+00,0.000000e+00,0.000000e+00,0.000000e+00,0.000000e+00,0.000000e+00
1.000000e+00,0.000000e+00,0.000000e+00,0.000000e+00,0.000000e+00,0.000000e+00,0.000000e+00,0.000000e+00,0.000000e+00,0.000000e+00,0.000000e+00,0.000000e+00,0.000000e+00,0.000000e+00,0.000000e+00
1.000000e+00,0.000000e+00,0.000000e+00,0.000000e+00,0.000000e+00,0.000000e+00,0.000000e+00,0.000000e+00,0.000000e+00,0.000000e+00,0.000000e+00,0.000000e+00,0.000000e+00,0.000000e+00,0.000000e+00
1.000000e+00,0.000000e+00,0.000000e+00,0.000000e+00,0.000000e+00,0.000000e+00,0.000000e+00,0.000000e+00,0.000000e+00,0.000000e+00,0.000000e+00,0.000000e+00,0.000000e+00,0.000000e+00,0.000000e+00
1.000000e+00,0.000000e+00,0.000000e+00,0.000000e+00,0.000000e+00,0.000000e+00,0.000000e+00,0.000000e+00,0.000000e+00,0.000000e+00,0.000000e+00,0.000000e+00,0.000000e+00,0.000000e+00,0.000000e+00
1.000000e+00,0.000000e+00,0.000000e+00,0.000000e+00,0.000000e+00,0.000000e+00,0.000000e+00,0.000000e+00,0.000000e+00,0.000000e+00,0.000000e+00,0.000000e+00,0.000000e+00,0.000000e+00,0.000000e+00
1.000000e+00,0.000000e+00,0.000000e+00,0.000000e+00,0.000000e+00,0.000000e+00,0.000000e+00,0.000000e+00,0.000000e+00,0.000000e+00,0.000000e+00,0.000000e+00,0.000000e+00,0.000000e+00,0.000000e+00
1.000000e+00,0.000000e+00,0.000000e+00,0.000000e+00,0.000000e+00,0.000000e+00,0.000000e+00,0.000000e+00,0.000000e+00,0.000000e+00,0.000000e+00,0.000000e+00,0.000000e+00,0.000000e+00,0.000000e+00
1.000000e+00,0.000000e+00,0.000000e+00,0.000000e+00,0.000000e+00,0.000000e+00,0.000000e+00,0.000000e+00,0.000000e+00,0.000000e+00,0.000000e+00,0.000000e+00,0.000000e+00,0.000000e+00,0.000000e+00
1.000000e+00,0.000000e+00,0.000000e+00,0.000000e+00,0.000000e+00,0.000000e+00,0.000000e+00,0.000000e+00,0.000000e+00,0.000000e+00,0.000000e+00,0.000000e+00,0.000000e+00,0.000000e+00,0.000000e+00
1.000000e+00,0.000000e+00,0.000000e+00,0.000000e+00,0.000000e+00,0.000000e+00,0.000000e+00,0.000000e+00,0.000000e+00,0.000000e+00,0.000000e+00,0.000000e+00,0.000000e+00,0.000000e+00,0.000000e+00
1.000000e+00,0.000000e+00,0.000000e+00,0.000000e+00,0.000000e+00,0.000000e+00,0.000000e+00,0.000000e+00,0.000000e+00,0.000000e+00,0.000000e+00,0.000000e+00,0.000000e+00,0.000000e+00,0.000000e+00
1.000000e+00,0.000000e+00,0.000000e+00,0.000000e+00,0.000000e+00,0.000000e+00,0.000000e+00,0.000000e+00,0.000000e+00,0.000000e+00,0.000000e+00,0.000000e+00,0.000000e+00,0.000000e+00,0.000000e+00
1.000000e+00,0.000000e+00,0.000000e+00,0.000000e+00,0.000000e+00,0.000000e+00,0.000000e+00,0.000000e+00,0.000000e+00,0.000000e+00,0.000000e+00,0.000000e+00,0.000000e+00,0.000000e+00,0.000000e+00
1.000000e+00,0.000000e+00,0.000000e+00,0.000000e+00,0.000000e+00,0.000000e+00,0.000000e+00,0.000000e+00,0.000000e+00,0.000000e+00,0.000000e+00,0.000000e+00,0.000000e+00,0.000000e+00,0.000000e+00
1.000000e+00,0.000000e+00,0.000000e+00,0.000000e+00,0.000000e+00,0.000000e+00,0.000000e+00,0.000000e+00,0.000000e+00,0.000000e+00,0.000000e+00,0.000000e+00,0.000000e+00,0.000000e+00,0.000000e+00
1.000000e+00,0.000000e+00,0.000000e+00,0.000000e+00,0.000000e+00,0.000000e+00,0.000000e+00,0.000000e+00,0.000000e+00,0.000000e+00,0.000000e+00,0.000000e+00,0.000000e+00,0.000000e+00,0.000000e+00
1.000000e+00,0.000000e+00,0.000000e+00,0.000000e+00,0.000000e+00,0.000000e+00,0.000000e+00,0.000000e+00,0.000000e+00,0.000000e+00,0.000000e+00,0.000000e+00,0.000000e+00,0.000000e+00,0.000000e+00
1.000000e+00,0.000000e+00,0.000000e+00,0.000000e+00,0.000000e+00,0.000000e+00,0.000000e+00,0.000000e+00,0.000000e+00,0.000000e+00,0.000000e+00,0.000000e+00,0.000000e+00,0.000000e+00,0.000000e+00
1.000000e+00,0.000000e+00,0.000000e+00,0.000000e+00,0.000000e+00,0.000000e+00,0.000000e+00,0.000000e+00,0.000000e+00,0.000000e+00,0.000000e+00,0.000000e+00,0.000000e+00,0.000000e+00,0.000000e+00
1.000000e+00,0.000000e+00,0.000000e+00,0.000000e+00,0.000000e+00,0.000000e+00,0.000000e+00,0.000000e+00,0.000000e+00,0.000000e+00,0.000000e+00,0.000000e+00,0.000000e+00,0.000000e+00,0.000000e+00
1.000000e+00,0.000000e+00,0.000000e+00,0.000000e+00,0.000000e+00,0.000000e+00,0.000000e+00,0.000000e+00,0.000000e+00,0.000000e+00,0.000000e+00,0.000000e+00,0.000000e+00,0.000000e+00,0.000000e+00
1.000000e+00,0.000000e+00,0.000000e+00,0.000000e+00,0.000000e+00,0.000000e+00,0.000000e+00,0.000000e+00,0.000000e+00,0.000000e+00,0.000000e+00,0.000000e+00,0.000000e+00,0.000000e+00,0.000000e+00
1.000000e+00,0.000000e+00,0.000000e+00,0.000000e+00,0.000000e+00,0.000000e+00,0.000000e+00,0.000000e+00,0.000000e+00,0.000000e+00,0.000000e+00,0.000000e+00,0.000000e+00,0.000000e+00,0.000000e+00
1.000000e+00,0.000000e+00,0.000000e+00,0.000000e+00,0.000000e+00,0.000000e+00,0.000000e+00,0.000000e+00,0.000000e+00,0.000000e+00,0.000000e+00,0.000000e+00,0.000000e+00,0.000000e+00,0.000000e+00
1.000000e+00,0.000000e+00,0.000000e+00,0.000000e+00,0.000000e+00,0.000000e+00,0.000000e+00,0.000000e+00,0.000000e+00,0.000000e+00,0.000000e+00,0.000000e+00,0.000000e+00,0.000000e+00,0.000000e+00
1.000000e+00,0.000000e+00,0.000000e+00,0.000000e+00,0.000000e+00,0.000000e+00,0.000000e+00,0.000000e+00,0.000000e+00,0.000000e+00,0.000000e+00,0.000000e+00,0.000000e+00,0.000000e+00,0.000000e+00
1.000000e+00,0.000000e+00,0.000000e+00,0.000000e+00,0.000000e+00,0.000000e+00,0.000000e+00,0.000000e+00,0.000000e+00,0.000000e+00,0.000000e+00,0.000000e+00,0.000000e+00,0.000000e+00,0.000000e+00
1.000000e+00,0.000000e+00,0.000000e+00,0.000000e+00,0.000000e+00,0.000000e+00,0.000000e+00,0.000000e+00,0.000000e+00,0.000000e+00,0.000000e+00,0.000000e+00,0.000000e+00,0.000000e+00,0.000000e+00
1.000000e+00,0.000000e+00,0.000000e+00,0.000000e+00,0.000000e+00,0.000000e+00,0.000000e+00,0.000000e+00,0.000000e+00,0.000000e+00,0.000000e+00,0.000000e+00,0.000000e+00,0.000000e+00,0.000000e+00
1.000000e+00,0.000000e+00,0.000000e+00,0.000000e+00,0.000000e+00,0.000000e+00,0.000000e+00,0.000000e+00,0.000000e+00,0.000000e+00,0.000000e+00,0.000000e+00,0.000000e+00,0.000000e+00,0.000000e+00
1.000000e+00,0.000000e+00,0.000000e+00,0.000000e+00,0.000000e+00,0.000000e+00,0.000000e+00,0.000000e+00,0.000000e+00,0.000000e+00,0.000000e+00,0.000000e+00,0.000000e+00,0.000000e+00,0.000000e+00
1.000000e+00,0.000000e+00,0.000000e+00,0.000000e+00,0.000000e+00,0.000000e+00,0.000000e+00,0.000000e+00,0.000000e+00,0.000000e+00,0.000000e+00,0.000000e+00,0.000000e+00,0.000000e+00,0.000000e+00
1.000000e+00,0.000000e+00,0.000000e+00,0.000000e+00,0.000000e+00,0.000000e+00,0.000000e+00,0.000000e+00,0.000000e+00,0.000000e+00,0.000000e+00,0.000000e+00,0.000000e+00,0.000000e+00,0.000000e+00
1.000000e+00,0.000000e+00,0.000000e+00,0.000000e+00,0.000000e+00,0.000000e+00,0.000000e+00,0.000000e+00,0.000000e+00,0.000000e+00,0.000000e+00,0.000000e+00,0.000000e+00,0.000000e+00,0.000000e+00
1.000000e+00,0.000000e+00,0.000000e+00,0.000000e+00,0.000000e+00,0.000000e+00,0.000000e+00,0.000000e+00,0.000000e+00,0.000000e+00,0.000000e+00,0.000000e+00,0.000000e+00,0.000000e+00,0.000000e+00
1.000000e+00,0.000000e+00,0.000000e+00,0.000000e+00,0.000000e+00,0.000000e+00,0.000000e+00,0.000000e+00,0.000000e+00,0.000000e+00,0.000000e+00,0.000000e+00,0.000000e+00,0.000000e+00,0.000000e+00
1.000000e+00,0.000000e+00,0.000000e+00,0.000000e+00,0.000000e+00,0.000000e+00,0.000000e+00,0.000000e+00,0.000000e+00,0.000000e+00,0.000000e+00,0.000000e+00,0.000000e+00,0.000000e+00,0.000000e+00
1.000000e+00,0.000000e+00,0.000000e+00,0.000000e+00,0.000000e+00,0.000000e+00,0.000000e+00,0.000000e+00,0.000000e+00,0.000000e+00,0.000000e+00,0.000000e+00,0.000000e+00,0.000000e+00,0.000000e+00
1.000000e+00,0.000000e+00,0.000000e+00,0.000000e+00,0.000000e+00,0.000000e+00,0.000000e+00,0.000000e+00,0.000000e+00,0.000000e+00,0.000000e+00,0.000000e+00,0.000000e+00,0.000000e+00,0.000000e+00
1.000000e+00,0.000000e+00,0.000000e+00,0.000000e+00,0.000000e+00,0.000000e+00,0.000000e+00,0.000000e+00,0.000000e+00,0.000000e+00,0.000000e+00,0.000000e+00,0.000000e+00,0.000000e+00,0.000000e+00
1.000000e+00,0.000000e+00,0.000000e+00,0.000000e+00,0.000000e+00,0.000000e+00,0.000000e+00,0.000000e+00,0.000000e+00,0.000000e+00,0.000000e+00,0.000000e+00,0.000000e+00,0.000000e+00,0.000000e+00
1.000000e+00,0.000000e+00,0.000000e+00,0.000000e+00,0.000000e+00,0.000000e+00,0.000000e+00,0.000000e+00,0.000000e+00,0.000000e+00,0.000000e+00,0.000000e+00,0.000000e+00,0.000000e+00,0.000000e+00
1.000000e+00,0.000000e+00,0.000000e+00,0.000000e+00,0.000000e+00,0.000000e+00,0.000000e+00,0.000000e+00,0.000000e+00,0.000000e+00,0.000000e+00,0.000000e+00,0.000000e+00,0.000000e+00,0.000000e+00
1.000000e+00,0.000000e+00,0.000000e+00,0.000000e+00,0.000000e+00,0.000000e+00,0.000000e+00,0.000000e+00,0.000000e+00,0.000000e+00,0.000000e+00,0.000000e+00,0.000000e+00,0.000000e+00,0.000000e+00
1.000000e+00,0.000000e+00,0.000000e+00,0.000000e+00,0.000000e+00,0.000000e+00,0.000000e+00,0.000000e+00,0.000000e+00,0.000000e+00,0.000000e+00,0.000000e+00,0.000000e+00,0.000000e+00,0.000000e+00
1.000000e+00,0.000000e+00,0.000000e+00,0.000000e+00,0.000000e+00,0.000000e+00,0.000000e+00,0.000000e+00,0.000000e+00,0.000000e+00,0.000000e+00,0.000000e+00,0.000000e+00,0.000000e+00,0.000000e+00
1.000000e+00,0.000000e+00,0.000000e+00,0.000000e+00,0.000000e+00,0.000000e+00,0.000000e+00,0.000000e+00,0.000000e+00,0.000000e+00,0.000000e+00,0.000000e+00,0.000000e+00,0.000000e+00,0.000000e+00
1.000000e+00,0.000000e+00,0.000000e+00,0.000000e+00,0.000000e+00,0.000000e+00,0.000000e+00,0.000000e+00,0.000000e+00,0.000000e+00,0.000000e+00,0.000000e+00,0.000000e+00,0.000000e+00,0.000000e+00
1.000000e+00,0.000000e+00,0.000000e+00,0.000000e+00,0.000000e+00,0.000000e+00,0.000000e+00,0.000000e+00,0.000000e+00,0.000000e+00,0.000000e+00,0.000000e+00,0.000000e+00,0.000000e+00,0.000000e+00
1.000000e+00,0.000000e+00,0.000000e+00,0.000000e+00,0.000000e+00,0.000000e+00,0.000000e+00,0.000000e+00,0.000000e+00,0.000000e+00,0.000000e+00,0.000000e+00,0.000000e+00,0.000000e+00,0.000000e+00
4.766097e-01,2.243832e-02,2.832544e-02,5.289707e-02,1.550430e-02,1.371974e-01,3.945383e-02,2.606703e-02,5.228368e-03,5.862383e-03,6.417433e-02,5.802838e-02,4.785645e-02,4.742009e-03,1.561497e-02
3.382412e-01,2.050492e-02,2.509287e-02,5.929486e-02,1.125297e-02,1.262222e-01,3.468385e-02,1.855314e-02,7.869806e-03,4.074538e-02,6.782372e-02,1.816309e-01,3.943030e-02,4.462123e-03,2.419170e-02
2.405593e-01,1.578227e-02,1.901902e-02,4.472822e-02,9.380846e-03,1.061924e-01,3.340181e-02,1.369460e-02,1.145511e-02,4.462159e-02,6.354512e-02,1.451877e-01,5.197879e-02,7.622615e-03,1.928306e-01
1.803727e-01,1.283642e-02,1.415138e-02,3.623278e-02,7.930636e-03,1.091157e-01,3.549133e-02,1.156189e-02,1.377363e-02,7.764915e-02,8.109966e-02,1.356881e-01,5.370404e-02,1.686633e-02,2.135263e-01
1.514165e-01,1.915586e-02,1.266687e-02,6.004502e-02,1.034649e-02,9.652817e-02,2.636550e-02,1.191319e-02,8.851330e-02,6.180099e-02,8.024942e-02,1.007696e-01,4.781003e-02,2.800024e-02,2.044188e-01
1.120044e-01,1.783936e-02,1.064633e-02,5.310505e-02,1.594471e-02,7.311385e-02,1.942741e-02,1.003368e-02,8.921130e-02,4.787252e-02,1.088005e-01,7.718048e-02,8.692648e-02,6.321782e-02,2.146761e-01
7.982568e-02,1.495637e-02,8.325357e-03,4.114038e-02,1.626482e-02,5.451950e-02,1.397209e-02,7.579886e-03,7.455109e-02,4.382284e-02,1.050027e-01,6.027130e-02,7.344765e-02,2.034564e-01,2.028639e-01
5.598921e-02,1.059948e-02,6.101882e-03,2.965442e-02,1.202403e-02,3.864833e-02,9.829877e-03,5.515463e-03,6.020984e-02,3.322238e-02,8.301747e-02,4.449276e-02,5.251511e-02,4.097737e-01,1.484060e-01
3.961072e-02,7.990767e-03,6.371927e-03,2.183882e-02,9.472696e-03,2.827585e-02,7.023846e-03,4.476199e-03,5.416392e-02,2.499724e-02,8.618523e-02,3.280834e-02,3.791448e-02,5.266901e-01,1.121798e-01
3.310988e-02,5.977545e-03,1.652773e-02,2.855410e-02,1.312466e-02,2.735083e-02,9.655437e-03,5.850070e-02,5.810684e-02,1.903947e-02,6.945823e-02,2.443268e-02,2.801602e-02,5.230782e-01,8.506771e-02
3.117754e-02,6.220999e-03,4.088558e-02,6.404290e-02,2.192806e-02,4.545033e-02,1.018587e-02,4.905360e-02,8.277266e-02,1.570719e-02,5.912362e-02,1.818881e-02,2.307787e-02,4.667976e-01,6.538744e-02
3.317861e-02,1.036655e-02,5.231575e-02,1.074437e-01,2.528004e-02,3.921162e-02,7.725693e-03,3.688036e-02,1.148165e-01,1.730027e-02,5.994263e-02,1.406587e-02,2.496378e-02,3.890972e-01,6.741149e-02
3.106648e-02,1.007092e-02,4.271712e-02,9.982626e-02,2.057509e-02,5.054961e-02,6.341835e-03,2.869196e-02,1.048861e-01,1.570666e-02,5.052574e-02,1.170467e-02,3.071638e-02,4.289884e-01,6.763283e-02
2.576120e-02,8.313645e-03,3.895453e-02,1.271439e-01,1.929351e-02,4.116894e-02,5.357083e-03,2.358230e-02,1.096464e-01,1.676738e-02,5.238410e-02,9.643584e-03,3.321788e-02,3.937389e-01,9.502666e-02
2.312083e-02,8.076532e-03,3.274086e-02,1.370815e-01,2.255800e-02,3.364984e-02,5.317645e-03,2.659216e-02,9.759462e-02,1.529978e-02,6.519977e-02,1.107216e-02,3.435518e-02,3.697318e-01,1.176094e-01
1.919957e-02,6.090198e-03,2.507933e-02,1.085077e-01,3.110583e-02,2.564011e-02,4.322554e-03,2.261639e-02,7.676305e-02,1.846759e-02,7.158045e-02,1.143054e-02,3.068162e-02,3.129945e-01,2.355206e-01
1.638693e-02,4.637574e-03,1.885929e-02,8.612105e-02,2.606742e-02,5.053858e-02,4.884033e-03,1.965485e-02,6.560904e-02,2.074515e-02,1.203823e-01,1.853397e-02,4.584739e-02,2.751345e-01,2.265979e-01
1.322344e-02,4.110003e-03,1.528078e-02,6.857885e-02,4.519455e-02,5.291056e-02,6.408198e-03,2.177082e-02,6.233041e-02,1.737788e-02,1.450162e-01,6.480615e-02,5.193610e-02,2.020419e-01,2.290142e-01
1.042976e-02,4.253304e-03,1.253353e-02,5.551313e-02,6.338806e-02,6.250360e-02,6.807878e-03,1.903701e-02,5.400101e-02,1.513086e-02,1.210355e-01,1.271718e-01,6.743766e-02,1.633950e-01,2.173619e-01
8.584752e-03,4.660372e-03,1.017391e-02,4.059760e-02,1.491038e-01,4.563522e-02,6.063535e-03,1.676607e-02,5.617748e-02,1.552053e-02,1.076497e-01,1.204873e-01,7.529830e-02,1.285804e-01,2.147010e-01
1.145083e-02,4.114490e-03,1.139869e-02,3.048140e-02,1.180304e-01,3.477680e-02,5.390357e-03,1.460760e-02,4.994091e-02,1.783297e-02,9.147071e-02,2.198978e-01,1.076930e-01,1.182967e-01,1.646174e-01
1.825354e-02,3.585594e-03,1.113958e-02,2.354155e-02,9.174519e-02,2.972671e-02,4.475460e-03,1.484044e-02,4.092654e-02,1.575099e-02,7.350622e-02,2.772765e-01,1.745183e-01,9.621741e-02,1.244961e-01
1.792484e-02,3.480408e-03,1.196281e-02,1.746364e-02,1.294778e-01,2.229518e-02,6.603767e-03,5.435285e-02,3.413672e-02,1.207718e-02,6.476963e-02,2.654467e-01,1.915011e-01,7.911972e-02,8.938778e-02
1.608751e-02,3.369168e-03,1.069479e-02,1.271669e-02,1.229552e-01,1.701145e-02,7.960562e-03,5.047065e-02,3.587376e-02,9.138303e-03,6.425127e-02,2.221247e-01,3.014212e-01,5.936224e-02,6.656260e-02
1.662014e-02,3.504596e-03,9.454234e-03,9.469123e-03,1.052992e-01,1.710464e-02,9.236541e-03,4.529850e-02,3.848828e-02,7.106407e-03,5.166319e-02,2.758394e-01,3.185188e-01,4.452156e-02,4.787552e-02
1.849570e-02,3.645003e-03,9.741630e-03,7.869489e-03,9.289923e-02,1.584449e-02,9.747927e-03,3.937867e-02,3.614846e-02,5.245559e-03,4.158912e-02,2.982900e-01,3.536757e-01,3.229121e-02,3.513786e-02
1.391261e-02,3.103233e-03,7.692299e-03,5.806806e-03,6.996351e-02,3.516925e-02,7.469988e-03,3.192185e-02,3.054326e-02,3.793084e-03,3.085307e-02,2.401003e-01,4.715546e-01,2.278239e-02,2.533370e-02
1.094898e-02,2.797286e-03,6.087121e-03,4.427122e-03,6.206432e-02,2.995324e-02,6.470534e-03,5.488136e-02,3.834464e-02,2.813820e-03,2.249412e-02,2.879156e-01,4.360631e-01,1.622027e-02,1.851846e-02
8.382288e-03,2.834899e-03,5.424146e-03,3.513001e-03,5.482920e-02,2.337680e-02,5.521534e-03,9.101598e-02,5.859514e-02,2.092023e-03,1.639371e-02,3.165405e-01,3.864811e-01,1.145686e-02,1.354278e-02
8.890180e-03,2.586973e-03,5.907824e-03,3.123242e-03,4.879236e-02,2.178777e-02,4.999665e-03,1.537197e-01,5.983216e-02,1.875967e-03,1.236421e-02,3.082865e-01,3.495403e-01,8.189357e-03,1.010374e-02
2.476593e-02,3.589350e-03,7.143133e-03,3.584609e-03,4.572067e-02,2.224978e-02,5.659486e-03,1.246788e-01,6.121384e-02,2.324945e-03,9.608090e-03,3.883190e-01,2.870290e-01,6.165453e-03,7.947924e-03
2.424040e-02,4.648948e-03,6.489202e-03,3.676459e-03,4.041932e-02,2.234913e-02,5.626806e-03,9.570131e-02,5.131716e-02,3.397259e-03,1.333195e-02,3.307876e-01,3.854374e-01,5.629068e-03,6.947993e-03
1.918841e-02,3.379208e-03,5.278069e-03,2.937521e-03,3.085932e-02,1.654901e-02,5.783193e-03,9.179816e-02,4.059092e-02,4.007800e-03,2.563755e-02,2.791446e-01,4.650822e-01,4.319301e-03,5.444698e-03
1.475605e-02,2.412491e-03,4.216929e-03,2.518405e-03,2.288567e-02,1.195144e-02,5.096939e-03,9.952803e-02,3.019138e-02,4.920809e-03,2.901413e-02,2.273179e-01,5.379350e-01,3.181653e-03,4.073267e-03
1.128459e-02,1.839582e-03,4.022534e-03,2.126746e-03,1.771479e-02,8.630538e-03,3.754779e-03,7.490297e-02,2.695367e-02,8.232718e-03,4.702269e-02,2.301200e-01,5.580444e-01,2.273829e-03,3.076263e-03
8.265182e-03,1.332869e-03,3.604347e-03,1.865567e-03,1.393360e-02,6.222122e-03,2.838502e-03,5.705436e-02,2.256323e-02,2.857372e-02,7.638533e-02,2.198657e-01,5.533435e-01,1.696562e-03,2.455431e-03
6.544701e-03,1.524308e-03,2.452847e-02,1.543712e-03,1.740008e-02,4.670040e-03,2.843883e-03,4.245779e-02,1.941599e-02,1.400006e-01,1.069284e-01,1.781987e-01,4.480109e-01,1.658843e-03,4.273706e-03
5.549385e-03,1.179542e-03,2.143439e-02,1.234685e-03,5.603119e-02,3.552708e-03,7.218442e-03,3.698070e-02,1.973736e-02,2.434644e-01,1.084340e-01,1.376965e-01,3.499727e-01,1.389471e-03,6.124656e-03
4.209789e-03,9.164907e-04,2.090537e-02,1.046523e-03,7.446504e-02,2.635183e-03,7.078365e-03,4.889920e-02,1.683511e-02,3.361065e-01,1.009949e-01,1.017580e-01,2.719828e-01,1.379103e-03,1.078765e-02
3.117268e-03,7.205300e-04,1.654329e-02,1.020825e-03,5.888871e-02,2.872939e-03,5.381861e-03,4.715230e-02,1.439513e-02,4.423973e-01,9.911379e-02,8.479913e-02,2.112402e-01,1.347699e-03,1.100903e-02
2.557212e-03,5.528259e-04,1.212191e-02,8.331289e-04,4.354452e-02,4.222156e-03,3.868653e-03,3.497091e-02,1.081406e-02,5.821034e-01,7.805937e-02,6.417115e-02,1.506841e-01,1.051704e-03,1.044486e-02
2.061422e-03,4.098311e-04,8.674591e-03,6.263734e-04,3.147390e-02,3.748707e-03,2.740495e-03,2.520604e-02,7.844943e-03,7.019228e-01,5.509883e-02,4.567022e-02,1.058476e-01,7.724035e-04,7.901968e-03
3.771074e-03,3.491748e-04,6.263926e-03,7.238322e-04,3.382427e-02,2.782307e-03,3.113087e-03,3.521518e-02,6.735810e-03,7.542512e-01,3.897995e-02,3.242568e-02,7.476345e-02,6.219182e-04,6.179076e-03
7.842910e-03,3.829528e-04,4.695900e-03,1.071390e-03,4.338814e-02,2.291635e-03,4.725080e-03,7.638462e-02,5.642962e-03,7.447987e-01,2.750028e-02,2.309753e-02,5.284634e-02,4.909808e-04,4.840492e-03
9.622423e-03,4.262008e-04,5.415308e-03,1.299552e-03,4.445157e-02,2.198881e-03,3.708318e-03,2.528065e-01,4.368906e-03,5.985810e-01,1.933593e-02,1.656958e-02,3.710609e-02,4.236532e-04,3.686083e-03
2.509748e-02,6.952364e-04,8.052631e-03,2.073730e-03,7.676397e-02,3.244899e-03,3.625957e-03,3.199093e-01,4.207737e-03,4.987615e-01,1.377130e-02,1.230002e-02,2.623938e-02,6.381412e-04,4.618694e-03
6.938061e-02,1.271976e-03,1.597007e-02,3.485955e-03,8.209285e-02,4.819112e-03,3.538051e-03,3.507719e-01,4.047933e-03,4.141768e-01,1.031016e-02,1.114838e-02,1.934254e-02,1.519841e-03,8.123914e-03
1.135888e-01,2.184496e-03,3.809085e-02,5.425720e-03,7.723586e-02,4.616876e-03,9.498283e-03,3.193294e-01,7.137483e-03,3.516331e-01,8.035385e-03,8.727388e-03,1.405279e-02,9.919436e-03,3.052419e-02
1.286245e-01,3.028023e-03,4.848250e-02,6.385883e-03,7.032627e-02,4.161775e-03,1.051106e-02,2.621256e-01,7.210855e-03,3.071685e-01,6.559141e-03,6.958592e-03,1.043884e-02,1.465938e-02,1.133591e-01
1.314197e-01,5.656402e-03,3.841901e-02,5.485200e-03,5.777824e-02,4.532442e-03,8.537149e-03,2.147399e-01,9.222112e-03,2.697491e-01,5.077337e-03,5.417083e-03,8.300737e-03,1.519364e-02,2.204720e-01
1.488047e-01,7.386346e-03,3.356230e-02,7.152155e-03,5.204344e-02,5.620095e-03,1.333710e-02,1.872570e-01,1.139182e-02,2.153706e-01,3.984740e-03,5.062319e-03,6.985105e-03,1.348472e-02,2.885576e-01
1.449665e-01,9.184817e-03,2.679050e-02,5.759519e-03,4.292433e-02,4.577342e-03,1.176314e-02,1.355682e-01,1.566391e-02,1.635085e-01,3.149102e-03,4.121546e-03,5.198089e-03,2.085157e-02,4.059730e-01
1.818023e-01,1.108622e-02,2.253973e-02,4.911860e-03,3.566561e-02,4.463275e-03,1.303982e-02,1.030002e-01,2.375570e-02,1.438393e-01,2.729659e-03,3.887112e-03,4.440655e-03,2.430034e-02,4.205382e-01
2.062325e-01,1.376406e-02,2.324949e-02,4.668742e-03,3.442427e-02,5.079265e-03,1.676978e-02,7.751516e-02,2.848141e-02,1.326110e-01,2.388544e-03,3.958215e-03,4.177605e-03,2.690727e-02,4.197727e-01
2.256710e-01,2.595999e-02,3.397639e-02,1.150570e-02,3.028821e-02,1.801343e-02,1.580874e-02,6.237809e-02,3.365533e-02,1.696123e-01,4.853778e-03,1.004215e-02,4.705119e-03,2.417008e-02,3.293597e-01
1.779713e-01,2.777392e-02,2.654398e-02,9.716132e-03,2.189481e-02,1.519668e-02,1.117761e-02,4.394479e-02,3.341912e-02,3.126030e-01,6.111742e-03,7.548675e-03,4.344434e-03,2.281345e-02,2.789404e-01
1.258402e-01,3.747238e-02,2.034191e-02,7.341568e-03,1.589379e-02,1.271245e-02,7.924328e-03,3.082786e-02,7.971446e-02,2.266265e-01,1.619640e-02,5.679884e-03,6.978656e-03,3.438723e-02,3.720624e-01
8.832974e-02,2.892209e-02,1.456967e-02,5.163820e-03,1.202512e-02,9.185436e-03,5.582550e-03,2.161764e-02,1.237274e-01,1.609468e-01,2.413377e-02,4.041299e-03,6.771952e-03,3.550115e-02,4.594815e-01
6.196830e-02,2.066085e-02,1.046793e-02,3.694174e-03,8.955142e-03,6.489254e-03,3.923408e-03,1.517252e-02,3.654085e-01,1.141782e-01,1.754194e-02,2.857079e-03,5.234690e-03,2.624237e-02,3.372056e-01
4.373507e-02,1.548674e-02,8.013877e-03,2.701851e-03,6.536172e-03,4.846568e-03,2.844756e-03,1.064335e-02,3.952626e-01,8.254523e-02,1.357022e-02,2.120353e-03,4.056389e-03,8.054104e-02,3.270958e-01
3.083182e-02,1.134916e-02,5.744962e-03,1.915654e-03,5.476415e-03,3.773707e-03,2.033206e-03,7.472719e-03,3.492201e-01,5.826831e-02,1.253052e-02,1.541063e-03,3.583789e-03,8.186410e-02,4.243945e-01
2.201104e-02,8.257715e-03,4.165264e-03,1.402089e-03,4.023360e-03,3.054954e-03,1.441334e-03,5.245384e-03,3.275574e-01,4.125011e-02,1.093589e-02,1.129628e-03,2.868151e-03,8.657439e-02,4.800833e-01
1.569100e-02,5.923390e-03,3.293761e-03,1.105987e-03,2.989834e-03,3.501467e-03,1.046668e-03,3.701943e-03,3.615652e-01,2.967302e-02,1.052306e-02,8.858353e-04,2.302792e-03,9.367585e-02,4.641203e-01
1.184914e-02,4.492598e-03,2.474276e-03,9.397516e-04,2.217560e-03,3.289793e-03,7.493477e-04,2.608999e-03,3.717690e-01,2.149387e-02,9.850723e-03,7.349545e-04,2.062863e-03,8.370791e-02,4.817592e-01
9.495018e-03,3.560551e-03,2.364555e-03,1.031432e-03,1.918004e-03,4.009545e-03,5.527170e-04,1.841124e-03,4.704393e-01,1.658361e-02,8.365683e-03,5.969080e-04,1.694105e-03,7.801930e-02,3.995282e-01
7.161797e-03,3.006084e-03,1.997271e-03,9.315978e-04,1.667423e-03,3.831317e-03,4.084937e-04,1.298090e-03,5.413549e-01,1.273979e-02,9.465870e-03,4.670564e-04,1.527338e-03,8.244809e-02,3.316949e-01
5.604615e-03,2.693230e-03,2.097466e-03,1.028324e-03,1.409499e-03,2.948169e-03,3.050769e-04,9.308959e-04,5.837238e-01,1.129610e-02,1.350973e-02,4.506073e-04,1.703126e-03,1.095195e-01,2.627799e-01
5.268506e-03,4.793587e-03,6.260321e-03,2.226258e-03,2.688874e-03,3.246091e-03,2.794987e-04,8.494476e-04,6.071006e-01,1.937319e-02,1.869379e-02,2.304010e-03,3.175844e-03,1.309267e-01,1.928133e-01
5.086365e-03,1.654095e-02,9.963000e-03,2.085633e-03,4.463804e-03,3.827053e-03,3.145667e-04,7.454161e-04,5.798193e-01,2.627861e-02,1.978387e-02,4.227622e-03,5.542039e-03,1.691551e-01,1.521668e-01
1.247652e-02,2.378339e-02,1.272338e-02,2.228176e-03,7.917207e-03,4.425344e-03,5.819456e-04,1.040727e-03,5.795219e-01,4.785550e-02,2.048882e-02,4.797433e-03,5.341792e-03,1.595345e-01,1.172834e-01
1.061162e-02,9.107675e-02,1.227478e-02,1.993161e-03,1.174291e-02,1.161479e-02,5.453806e-04,8.462213e-04,5.874280e-01,4.280940e-02,1.882816e-02,3.669302e-03,4.906031e-03,1.150943e-01,8.655915e-02
8.689541e-03,1.523429e-01,1.035147e-02,3.551388e-03,1.380617e-02,3.192331e-02,5.432915e-04,9.048238e-04,5.752593e-01,3.539508e-02,1.455049e-02,2.778729e-03,4.110055e-03,8.155008e-02,6.424342e-02
6.512602e-03,2.788615e-01,9.293641e-03,2.806475e-02,9.944560e-03,2.695839e-02,3.901520e-04,7.836412e-04,4.814332e-01,2.646187e-02,1.483586e-02,2.388051e-03,5.422343e-03,5.730411e-02,5.134538e-02
6.766073e-03,3.237966e-01,7.727774e-03,2.167328e-02,8.606372e-03,2.739190e-02,3.000402e-04,7.838730e-04,4.160194e-01,2.210362e-02,3.724682e-02,2.932592e-03,1.039531e-02,4.595279e-02,6.830356e-02
9.978525e-03,2.714948e-01,6.875578e-03,2.019551e-02,2.605987e-02,5.124486e-02,4.440686e-04,1.026914e-03,4.318587e-01,1.822525e-02,3.993242e-02,4.247185e-03,2.638649e-02,3.398250e-02,5.804732e-02
9.791777e-03,2.220971e-01,5.804903e-03,4.657312e-02,2.704645e-02,7.227118e-02,5.203959e-04,3.234160e-03,4.530513e-01,1.508327e-02,3.090441e-02,3.518057e-03,2.717118e-02,2.586411e-02,5.706860e-02
9.749223e-03,1.669782e-01,7.007910e-03,1.541329e-01,2.955231e-02,5.870248e-02,5.733588e-04,3.167475e-03,3.419891e-01,2.041825e-02,7.473929e-02,4.160475e-03,3.406942e-02,1.860428e-02,7.615523e-02
1.834310e-02,1.229557e-01,6.367442e-03,2.118367e-01,2.437822e-02,5.326888e-02,6.819622e-04,2.607135e-03,2.536019e-01,1.678609e-02,1.037530e-01,5.993607e-03,9.951530e-02,1.341875e-02,6.649218e-02
2.533370e-02,8.810068e-02,5.420829e-03,1.594338e-01,2.057206e-02,4.703679e-02,6.117842e-04,2.860206e-03,1.832655e-01,1.324604e-02,9.812163e-02,2.048520e-02,2.751367e-01,9.973751e-03,5.040130e-02
2.147435e-02,6.234948e-02,4.309931e-03,1.133383e-01,2.001201e-02,3.552830e-02,1.158515e-03,2.344931e-03,1.315889e-01,1.054668e-02,7.503740e-02,3.847885e-02,4.385613e-01,8.245955e-03,3.702502e-02
1.684773e-02,4.398504e-02,3.343689e-03,8.005469e-02,2.024364e-02,2.629714e-02,1.252878e-03,1.954336e-03,9.394949e-02,8.063133e-03,5.723382e-02,5.206531e-02,5.604008e-01,6.647528e-03,2.766071e-02
1.496477e-02,3.122816e-02,2.702673e-03,5.658772e-02,2.397268e-02,2.066527e-02,6.535338e-03,5.273934e-03,6.707421e-02,7.358086e-03,4.793672e-02,5.431671e-02,6.335334e-01,4.917118e-03,2.293323e-02
1.530365e-02,2.558140e-02,3.212443e-03,4.330473e-02,3.532249e-02,2.541625e-02,8.113571e-03,7.398314e-03,6.308208e-02,8.935452e-03,3.767326e-02,7.234615e-02,6.302049e-01,4.869284e-03,1.923594e-02
1.586983e-02,1.881141e-02,2.676722e-03,3.110704e-02,3.332295e-02,3.023703e-02,9.394046e-03,7.047319e-03,4.929183e-02,8.379244e-03,3.138130e-02,1.049153e-01,6.374301e-01,3.956754e-03,1.617913e-02
1.701347e-02,1.371629e-02,2.479249e-03,2.242267e-02,2.742774e-02,2.347347e-02,9.450261e-03,6.070191e-03,4.576099e-02,7.589355e-03,2.858565e-02,8.291019e-02,6.973976e-01,3.135211e-03,1.256763e-02
2.263128e-02,1.144397e-02,2.646595e-03,1.604975e-02,3.126927e-02,1.929643e-02,1.034933e-02,5.251223e-03,4.089720e-02,6.898124e-03,3.279930e-02,7.362378e-02,7.115442e-01,2.947715e-03,1.235186e-02
2.487297e-02,1.092441e-02,2.535409e-03,1.270583e-02,2.465922e-02,2.460518e-02,8.372053e-03,3.995448e-03,3.497704e-02,1.451018e-02,3.915013e-02,1.351769e-01,6.481708e-01,4.638176e-03,1.070632e-02
2.207811e-02,9.509266e-03,2.509819e-03,9.646571e-03,1.865833e-02,1.932153e-02,6.178416e-03,2.879622e-03,3.225759e-02,4.138760e-02,5.233563e-02,1.623970e-01,6.067936e-01,4.089932e-03,9.956943e-03
1.871737e-02,8.478254e-03,3.003522e-03,8.159394e-03,1.524895e-02,1.592283e-02,4.779284e-03,2.344049e-03,2.998608e-02,6.583602e-02,6.007409e-02,1.420799e-01,6.111552e-01,4.093025e-03,1.012208e-02
2.054506e-02,7.303656e-03,5.940810e-03,7.090071e-03,1.306645e-02,1.271260e-02,3.743019e-03,2.352829e-03,2.880328e-02,7.755432e-02,7.290230e-02,1.213078e-01,6.035498e-01,3.746391e-03,1.938157e-02
2.474472e-02,7.850065e-03,7.933734e-03,5.465835e-03,1.159796e-02,9.790032e-03,2.867008e-03,2.028061e-03,2.814194e-02,9.340975e-02,7.798760e-02,1.073113e-01,5.848768e-01,4.431773e-03,3.156345e-02
3.602087e-02,1.339047e-02,8.249311e-03,6.342090e-03,1.070456e-02,7.224950e-03,2.288890e-03,2.787454e-03,1.078747e-01,9.821725e-02,6.979229e-02,8.591036e-02,4.992075e-01,1.417979e-02,3.780951e-02
2.882204e-02,1.083452e-02,8.114874e-03,5.907466e-03,9.396371e-03,6.659158e-03,1.676900e-03,7.167721e-03,1.085258e-01,1.261945e-01,1.049080e-01,7.678989e-02,3.988867e-01,1.378294e-02,9.233315e-02
2.252939e-02,9.601746e-03,8.379728e-03,4.826083e-03,1.879488e-02,5.026849e-03,1.266897e-03,7.327725e-03,1.618788e-01,1.323165e-01,8.798958e-02,6.266326e-02,2.955044e-01,1.314022e-02,1.687540e-01
2.228020e-02,8.325992e-03,7.919966e-03,8.623065e-03,1.633171e-02,4.745051e-03,9.777540e-04,9.513181e-03,2.938932e-01,1.138012e-01,6.963731e-02,4.622945e-02,2.179795e-01,1.149650e-02,1.682459e-01
2.540471e-02,7.556017e-03,6.339920e-03,7.520761e-03,1.493294e-02,4.039870e-03,7.334425e-04,9.008395e-03,3.372255e-01,9.381489e-02,6.793912e-02,3.762593e-02,1.681743e-01,2.037045e-02,1.993138e-01
4.280012e-02,8.253802e-03,6.372088e-03,8.513860e-03,1.504994e-02,4.799962e-03,5.884278e-04,8.928778e-03,3.676020e-01,7.573546e-02,7.954384e-02,3.099748e-02,1.301746e-01,2.421101e-02,1.964287e-01
5.989508e-02,1.572910e-02,8.213812e-03,1.061383e-02,1.396022e-02,5.980069e-03,5.683599e-04,1.528789e-02,4.239108e-01,5.935829e-02,6.184721e-02,2.502752e-02,9.594264e-02,3.035484e-02,1.733103e-01
5.911881e-02,1.942610e-02,9.975461e-03,2.640589e-02,1.566700e-02,9.698081e-03,6.707809e-04,2.197161e-02,4.671362e-01,4.591119e-02,5.171312e-02,2.275338e-02,7.673168e-02,3.517442e-02,1.376463e-01
7.879948e-02,3.210985e-02,9.269134e-03,3.090103e-02,3.930737e-02,8.229821e-03,9.434191e-04,1.807375e-02,4.542814e-01,3.761201e-02,4.310969e-02,1.954424e-02,5.778782e-02,4.165737e-02,1.283736e-01
7.315908e-02,3.546872e-02,9.385370e-03,3.608937e-02,3.552346e-02,8.685743e-03,8.750151e-04,1.592870e-02,5.242046e-01,2.802052e-02,3.316095e-02,1.545080e-02,4.339050e-02,4.502811e-02,9.562908e-02
5.704634e-02,2.887052e-02,8.788089e-03,5.329241e-02,3.647352e-02,1.293983e-02,9.539489e-04,1.312243e-02,5.619618e-01,2.221404e-02,3.304417e-02,1.463963e-02,4.346219e-02,3.549411e-02,7.769692e-02
6.859842e-02,3.635454e-02,9.677765e-03,4.328229e-02,4.906949e-02,1.319477e-02,2.251111e-03,2.483674e-02,5.205529e-01,1.689153e-02,2.895278e-02,1.324647e-02,3.872871e-02,7.215562e-02,6.220692e-02
6.069143e-02,4.230310e-02,9.055724e-03,3.779097e-02,4.340766e-02,1.208307e-02,3.096054e-03,7.841989e-02,5.097783e-01,1.304002e-02,2.348278e-02,1.134967e-02,3.248715e-02,7.526838e-02,4.774585e-02
4.757053e-02,3.703582e-02,7.856305e-03,4.509326e-02,3.606737e-02,1.426759e-02,3.153240e-03,6.163684e-02,5.832213e-01,9.824814e-03,1.993086e-02,9.336702e-03,2.909837e-02,5.485484e-02,4.105218e-02
4.357756e-02,3.895792e-02,7.085417e-03,3.740902e-02,3.542957e-02,2.281292e-02,3.204451e-03,7.624120e-02,5.926495e-01,7.629164e-03,1.550116e-02,7.292498e-03,3.134723e-02,4.664867e-02,3.421372e-02
4.643261e-02,3.867092e-02,8.810718e-03,3.561687e-02,3.836900e-02,3.671301e-02,2.978665e-03,1.343357e-01,5.416142e-01,5.879175e-03,1.214361e-02,6.021691e-03,2.724841e-02,3.642355e-02,2.874180e-02
5.211062e-02,4.697304e-02,1.045996e-02,3.319257e-02,3.920248e-02,5.482532e-02,3.302032e-03,1.548726e-01,5.123906e-01,4.545705e-03,9.631565e-03,5.150320e-03,2.262655e-02,2.714018e-02,2.357646e-02
4.234071e-02,4.302346e-02,4.569711e-02,3.905075e-02,3.791316e-02,4.461713e-02,2.967860e-03,2.124647e-01,4.636407e-01,3.517590e-03,7.034341e-03,3.715672e-03,1.642872e-02,1.946628e-02,1.812181e-02
3.982257e-02,4.366093e-02,8.103819e-02,1.498628e-01,3.268376e-02,3.439858e-02,2.267313e-03,1.787622e-01,3.755654e-01,3.346467e-03,6.253869e-03,2.907624e-03,1.181796e-02,1.384423e-02,2.376815e-02
5.286544e-02,4.329037e-02,7.719338e-02,1.644477e-01,4.758075e-02,5.395571e-02,2.734656e-03,1.536044e-01,3.390995e-01,3.894804e-03,5.565148e-03,2.487398e-03,9.331791e-03,1.029448e-02,3.365455e-02
7.703158e-02,5.447678e-02,7.023866e-02,1.408487e-01,6.652237e-02,5.554424e-02,3.243538e-03,1.325859e-01,3.033430e-01,6.279394e-03,5.034018e-03,2.249725e-03,8.121271e-03,8.478344e-03,6.600249e-02
8.859901e-02,5.826755e-02,5.719797e-02,1.047830e-01,1.083005e-01,5.239478e-02,5.243164e-03,1.012714e-01,3.265155e-01,6.813813e-03,5.214973e-03,2.263744e-03,7.139903e-03,7.015039e-03,6.897961e-02
8.771237e-02,5.502982e-02,5.402478e-02,9.398167e-02,1.567340e-01,4.530683e-02,1.301353e-02,9.718315e-02,3.007103e-01,7.551980e-03,5.250247e-03,2.043427e-03,5.719182e-03,5.600464e-03,7.013832e-02
1.010044e-01,4.947893e-02,4.486592e-02,1.032535e-01,1.763346e-01,5.184264e-02,1.667821e-02,1.236009e-01,2.576801e-01,5.720644e-03,5.042418e-03,1.852234e-03,4.502072e-03,4.328375e-03,5.381510e-02
8.932920e-02,3.649079e-02,3.817427e-02,1.079208e-01,1.470771e-01,3.843399e-02,1.324740e-02,2.793341e-01,1.945253e-01,4.320049e-03,4.206836e-03,1.567187e-03,3.419769e-03,3.115127e-03,3.883811e-02
1.006069e-01,2.751229e-02,4.350168e-02,9.097338e-02,1.187199e-01,2.828033e-02,1.055747e-02,3.964057e-01,1.410268e-01,3.382241e-03,4.037677e-03,1.619485e-03,2.733960e-03,2.483226e-03,2.815905e-02
9.568121e-02,2.163757e-02,4.640432e-02,7.513766e-02,9.131660e-02,2.045626e-02,7.951933e-03,5.053613e-01,1.034787e-01,3.004163e-03,3.236919e-03,1.407061e-03,2.302768e-03,2.077513e-03,2.054601e-02
9.485450e-02,1.721937e-02,4.566396e-02,6.228488e-02,7.596673e-02,1.499985e-02,5.935970e-03,5.813794e-01,7.634526e-02,2.643214e-03,2.537167e-03,1.280696e-03,1.895452e-03,1.608369e-03,1.538518e-02
9.975785e-02,1.372249e-02,6.674915e-02,5.890358e-02,6.082980e-02,1.083835e-02,4.420349e-03,6.080310e-01,5.739896e-02,2.166343e-03,2.079670e-03,1.196391e-03,1.484946e-03,1.245785e-03,1.117535e-02
9.653236e-02,1.039692e-02,5.743589e-02,4.544656e-02,4.588549e-02,7.766898e-03,3.251525e-03,6.756918e-01,4.281538e-02,1.727102e-03,1.738685e-03,1.147630e-03,1.190968e-03,9.284998e-04,8.044283e-03
1.519759e-01,8.319626e-03,6.931936e-02,4.017071e-02,3.537412e-02,6.151877e-03,2.617701e-03,6.349099e-01,3.574691e-02,2.237015e-03,2.128533e-03,1.981834e-03,1.339992e-03,9.736007e-04,6.752966e-03
1.716356e-01,7.284441e-03,1.291875e-01,5.122230e-02,3.094045e-02,5.307416e-03,2.070848e-03,5.589253e-01,2.784222e-02,2.864072e-03,2.463334e-03,2.508312e-03,1.446720e-03,9.008234e-04,5.400691e-03
2.359018e-01,6.092370e-03,1.301964e-01,5.089720e-02,2.385443e-02,4.599916e-03,1.669927e-03,5.070846e-01,2.245554e-02,3.521261e-03,3.119483e-03,3.292850e-03,1.543615e-03,8.796215e-04,4.890981e-03
2.647029e-01,6.211898e-03,1.607082e-01,9.577452e-02,2.120446e-02,4.251924e-03,1.333106e-03,4.092947e-01,1.942164e-02,4.148047e-03,3.092868e-03,3.255778e-03,1.511478e-03,7.735767e-04,4.314985e-03
3.299199e-01,5.464691e-03,1.465023e-01,1.273785e-01,1.823382e-02,3.889913e-03,1.111531e-03,3.346616e-01,1.588711e-02,4.254129e-03,3.342578e-03,3.233536e-03,1.459291e-03,7.179536e-04,3.943177e-03
4.117594e-01,4.516525e-03,1.267859e-01,1.526414e-01,1.470544e-02,3.527018e-03,1.118413e-03,2.568542e-01,1.186038e-02,3.553088e-03,3.128060e-03,3.585957e-03,1.645071e-03,7.649309e-04,3.554347e-03
4.154035e-01,3.981408e-03,1.349057e-01,2.166068e-01,1.151737e-02,3.131235e-03,1.192605e-03,1.878099e-01,8.925610e-03,3.409494e-03,3.094685e-03,3.930615e-03,1.831969e-03,1.068880e-03,3.190171e-03
3.936802e-01,3.509479e-03,1.341815e-01,2.961739e-01,8.763686e-03,3.051673e-03,1.346332e-03,1.375574e-01,6.596460e-03,2.780650e-03,2.665472e-03,3.718504e-03,1.879596e-03,1.268988e-03,2.826178e-03
3.652821e-01,8.293710e-03,1.981618e-01,2.587863e-01,8.706599e-03,3.002284e-03,1.340908e-03,9.990403e-02,8.320712e-03,4.717686e-03,1.828067e-02,9.337828e-03,3.605171e-03,7.871477e-03,4.388824e-03
2.557465e-01,1.427820e-02,3.767955e-01,1.937749e-01,6.261545e-03,2.134038e-03,9.413483e-04,7.028234e-02,1.131998e-02,3.346848e-03,2.274228e-02,6.645592e-03,2.824044e-03,2.946122e-02,3.445720e-03
1.791435e-01,1.637862e-02,2.776555e-01,1.359529e-01,4.408623e-03,1.651308e-03,6.629286e-04,4.935722e-02,1.918873e-02,2.575296e-03,2.034863e-01,5.321000e-03,3.916336e-03,9.700410e-02,3.297538e-03
1.254210e-01,1.169375e-02,1.944672e-01,9.526095e-02,3.189082e-03,1.228908e-03,4.683087e-04,3.458296e-02,1.406723e-02,2.300764e-03,4.197329e-01,5.232508e-03,3.230712e-03,8.636142e-02,2.762283e-03
8.785666e-02,8.584638e-03,1.364036e-01,6.699191e-02,2.387117e-03,9.618243e-04,3.370551e-04,2.425794e-02,1.189194e-02,2.789567e-03,5.399078e-01,7.508071e-03,2.644873e-03,1.045358e-01,2.941171e-03
6.160936e-02,6.851156e-03,9.560195e-02,4.734463e-02,2.962247e-03,1.557197e-03,3.045293e-04,1.712767e-02,3.888028e-02,3.044711e-03,5.511785e-01,1.001743e-02,2.342630e-03,1.589658e-01,2.211931e-03
4.317052e-02,4.937053e-03,6.696367e-02,3.386643e-02,2.312012e-03,1.301445e-03,2.233461e-04,1.201684e-02,3.773540e-02,2.571648e-03,4.873227e-01,9.194806e-03,1.753029e-03,2.950401e-01,1.591124e-03
3.026808e-02,5.414203e-03,4.698556e-02,2.414904e-02,2.208957e-03,1.218021e-03,1.808934e-04,8.447431e-03,7.181496e-02,2.694033e-03,4.652022e-01,8.412727e-03,1.326391e-03,3.304753e-01,1.202293e-03
2.121677e-02,4.006582e-03,3.297151e-02,1.809795e-02,1.989942e-03,1.830680e-03,1.341630e-04,5.927247e-03,8.416353e-02,4.958209e-03,5.114254e-01,7.085608e-03,1.033091e-03,3.041110e-01,1.048300e-03
1.487764e-02,3.011160e-03,2.310703e-02,1.284173e-02,1.537751e-03,2.034529e-03,1.048944e-04,4.184071e-03,8.942655e-02,5.797664e-03,5.110010e-01,5.556426e-03,7.688425e-04,3.249634e-01,7.874235e-04
1.045167e-02,2.660400e-03,1.620678e-02,9.123124e-03,1.168962e-03,1.881831e-03,7.723761e-05,2.945509e-03,1.065202e-01,5.132813e-03,4.349387e-01,4.355882e-03,5.975538e-04,4.033049e-01,6.344040e-04
7.336808e-03,2.363191e-03,1.136293e-02,6.453447e-03,8.646172e-04,1.808729e-03,5.552275e-05,2.067070e-03,1.014054e-01,4.284245e-03,3.677991e-01,3.238047e-03,4.353648e-04,4.899894e-01,5.361624e-04
5.162101e-03,1.877372e-03,7.989803e-03,4.584329e-03,6.516547e-04,1.760460e-03,4.087696e-05,1.454225e-03,8.250535e-02,3.457154e-03,3.483558e-01,2.448407e-03,3.186272e-04,5.389761e-01,4.177654e-04
3.653228e-03,1.423115e-03,5.657784e-03,3.541714e-03,7.815688e-04,1.737746e-03,3.537171e-05,1.024598e-03,8.088592e-02,2.954952e-03,3.161103e-01,1.983732e-03,2.683366e-04,5.795758e-01,3.658436e-04
2.663387e-03,5.396734e-03,5.791066e-03,3.633820e-03,1.754224e-03,7.196588e-03,5.274636e-05,7.868205e-04,1.235243e-01,3.243712e-03,2.655892e-01,1.538606e-03,2.257110e-04,5.780498e-01,5.533684e-04
2.147203e-03,4.595648e-03,1.855240e-02,5.616918e-03,3.338358e-03,1.793203e-02,3.902964e-04,2.487050e-03,1.437656e-01,4.466181e-03,2.063803e-01,1.217564e-03,2.460101e-04,5.883281e-01,5.363597e-04
1.871723e-03,6.609234e-03,2.218859e-02,5.195622e-03,5.153239e-03,3.728828e-02,4.885523e-04,2.060231e-03,1.366714e-01,7.613110e-03,1.706655e-01,1.000578e-03,2.727768e-04,6.019255e-01,9.956227e-04
