1.000000e+00,0.000000e+00,0.000000e+00,0.000000e+00,0.000000e+00,0.000000e+00,0.000000e+00,0.000000e+00,0.000000e+00,0.000000e+00,0.000000e+00,0.000000e+00,0.000000e+00,0.000000e+00,0.000000e+00
1.000000e+00,0.000000e+00,0.000000e+00,0.000000e+00,0.000000e+00,0.000000e+00,0.000000e+00,0.000000e+00,0.000000e+00,0.000000e+00,0.000000e+00,0.000000e+00,0.000000e+00,0.000000e+00,0.000000e+00
1.000000e+00,0.000000e+00,0.000000e+00,0.000000e+00,0.000000e+00,0.000000e+00,0.000000e+00,0.000000e+00,0.000000e+00,0.000000e+00,0.000000e+00,0.000000e+00,0.000000e+00,0.000000e+00,0.000000e+00
1.000000e+00,0.000000e+00,0.000000e+00,0.000000e+00,0.000000e+00,0.000000e+00,0.000000e+00,0.000000e+00,0.000000e+00,0.000000e+00,0.000000e+00,0.000000e+00,0.000000e+00,0.000000e+00,0.000000e+00
1.000000e+00,0.000000e+00,0.000000e+00,0.000000e+00,0.000000e+00,0.000000e+00,0.000000e+00,0.000000e+00,0.000000e+00,0.000000e+00,0.000000e+00,0.000000e+00,0.000000e+00,0.000000e+00,0.000000e+00
1.000000e+00,0.000000e+00,0.000000e+00,0.000000e+00,0.000000e+00,0.000000e+00,0.000000e+00,0.000000e+00,0.000000e+00,0.000000e+00,0.000000e+00,0.000000e+00,0.000000e+00,0.000000e+00,0.000000e+00
1.000000e+00,0.000000e+00,0.000000e+00,0.000000e+00,0.000000e+00,0.000000e+00,0.000000e+00,0.000000e+00,0.000000e+00,0.000000e+00,0.000000e+00,0.000000e+00,0.000000e+00,0.000000e+00,0.000000e+00
1.000000e+00,0.000000e+00,0.000000e+00,0.000000e+00,0.000000e+00,0.000000e+00,0.000000e+00,0.000000e+00,0.000000e+00,0.000000e+00,0.000000e+00,0.000000e+00,0.000000e+00,0.000000e+00,0.000000e+00
1.000000e+00,0.000000e+00,0.000000e+00,0.000000e+00,0.000000e+00,0.000000e+00,0.000000e+00,0.000000e+00,0.000000e+00,0.000000e+00,0.000000e+00,0.000000e+00,0.000000e+00,0.000000e+00,0.000000e+00
1.000000e+00,0.000000e+00,0.000000e+00,0.000000e+00,0.000000e+00,0.000000e+00,0.000000e+00,0.000000e+00,0.000000e+00,0.000000e+00,0.000000e+00,0.000000e+00,0.000000e+00,0.000000e+00,0.000000e+00
1.000000e+00,0.000000e+00,0.000000e+00,0.000000e+00,0.000000e+00,0.000000e+00,0.000000e+00,0.000000e+00,0.000000e+00,0.000000e+00,0.000000e+00,0.000000e+00,0.000000e+00,0.000000e+00,0.000000e+00
1.000000e+00,0.000000e+00,0.000000e+00,0.000000e+00,0.000000e+00,0.000000e+00,0.000000e+00,0.000000e+00,0.000000e+00,0.000000e+00,0.000000e+00,0.000000e+00,0.000000e+00,0.000000e+00,0.000000e+00
1.000000e+00,0.000000e+00,0.000000e+00,0.000000e+00,0.000000e+00,0.000000e+00,0.000000e+00,0.000000e+00,0.000000e+00,0.000000e+00,0.000000e+00,0.000000e+00,0.000000e+00,0.000000e+00,0.000000e+00
1.000000e+00,0.000000e+00,0.000000e+00,0.000000e+00,0.000000e+00,0.000000e+00,0.000000e+00,0.000000e+00,0.000000e+00,0.000000e+00,0.000000e+00,0.000000e+00,0.000000e+00,0.000000e+00,0.000000e+00
1.000000e+00,0.000000e+00,0.000000e+00,0.000000e+00,0.000000e+00,0.000000e+00,0.000000e+00,0.000000e+00,0.000000e+00,0.000000e+00,0.000000e+00,0.000000e+00,0.000000e+00,0.000000e+00,0.000000e+00
1.000000e+00,0.000000e+00,0.000000e+00,0.000000e+00,0.000000e+00,0.000000e+00,0.000000e+00,0.000000e+00,0.000000e+00,0.000000e+00,0.000000e+00,0.000000e+00,0.000000e+00,0.000000e+00,0.000000e+00
1.000000e+00,0.000000e+00,0.000000e+00,0.000000e+00,0.000000e+00,0.000000e+00,0.000000e+00,0.000000e+00,0.000000e+00,0.000000e+00,0.000000e+00,0.000000e+00,0.000000e+00,0.000000e+00,0.000000e+00
4.933291e-01,4.753266e-02,8.026491e-02,1.178740e-01,2.446980e-02,1.985594e-02,5.820173e-03,1.877900e-02,1.434625e-02,3.855993e-03,2.997479e-02,5.761234e-02,3.026564e-02,1.123215e-02,4.478717e-02
1.000000e+00,0.000000e+00,0.000000e+00,0.000000e+00,0.000000e+00,0.000000e+00,0.000000e+00,0.000000e+00,0.000000e+00,0.000000e+00,0.000000e+00,0.000000e+00,0.000000e+00,0.000000e+00,0.000000e+00
1.000000e+00,0.000000e+00,0.000000e+00,0.000000e+00,0.000000e+00,0.000000e+00,0.000000e+00,0.000000e+00,0.000000e+00,0.000000e+00,0.000000e+00,0.000000e+00,0.000000e+00,0.000000e+00,0.000000e+00
1.000000e+00,0.000000e+00,0.000000e+00,0.000000e+00,0.000000e+00,0.000000e+00,0.000000e+00,0.000000e+00,0.000000e+00,0.000000e+00,0.000000e+00,0.000000e+00,0.000000e+00,0.000000e+00,0.000000e+00
1.000000e+00,0.000000e+00,0.000000e+00,0.000000e+00,0.000000e+00,0.000000e+00,0.000000e+00,0.000000e+00,0.000000e+00,0.000000e+00,0.000000e+00,0.000000e+00,0.000000e+00,0.000000e+00,0.000000e+00
1.000000e+00,0.000000e+00,0.000000e+00,0.000000e+00,0.000000e+00,0.000000e+00,0.000000e+00,0.000000e+00,0.000000e+00,0.000000e+00,0.000000e+00,0.000000e+00,0.000000e+00,0.000000e+00,0.000000e+00
1.000000e+00,0.000000e+00,0.000000e+00,0.000000e+00,0.000000e+00,0.000000e+00,0.000000e+00,0.000000e+00,0.000000e+00,0.000000e+00,0.000000e+00,0.000000e+00,0.000000e+00,0.000000e+00,0.000000e+00
1.000000e+00,0.000000e+00,0.000000e+00,0.000000e+00,0.000000e+00,0.000000e+00,0.000000e+00,0.000000e+00,0.000000e+00,0.000000e+00,0.000000e+00,0.000000e+00,0.000000e+00,0.000000e+00,0.000000e+00
1.000000e+00,0.000000e+00,0.000000e+00,0.000000e+00,0.000000e+00,0.000000e+00,0.000000e+00,0.000000e+00,0.000000e+00,0.000000e+00,0.000000e+00,0.000000e+00,0.000000e+00,0.000000e+00,0.000000e+00
1.000000e+00,0.000000e+00,0.000000e+00,0.000000e+00,0.000000e+00,0.000000e+00,0.000000e+00,0.000000e+00,0.000000e+00,0.000000e+00,0.000000e+00,0.000000e+00,0.000000e+00,0.000000e+00,0.000000e+00
1.000000e+00,0.000000e+00,0.000000e+00,0.000000e+00,0.000000e+00,0.000000e+00,0.000000e+00,0.000000e+00,0.000000e+00,0.000000e+00,0.000000e+00,0.000000e+00,0.000000e+00,0.000000e+00,0.000000e+00
1.000000e+00,0.000000e+00,0.000000e+00,0.000000e+00,0.000000e+00,0.000000e+00,0.000000e+00,0.000000e+00,0.000000e+00,0.000000e+00,0.000000e+00,0.000000e+00,0.000000e+00,0.000000e+00,0.000000e+00
1.000000e+00,0.000000e+00,0.000000e+00,0.000000e+00,0.000000e+00,0.000000e+00,0.000000e+00,0.000000e+00,0.000000e+00,0.000000e+00,0.000000e+00,0.000000e+00,0.000000e+00,0.000000e+00,0.000000e+00
1.000000e+00,0.000000e+00,0.000000e+00,0.000000e+00,0.000000e+00,0.000000e+00,0.000000e+00,0.000000e+00,0.000000e+00,0.000000e+00,0.000000e+00,0.000000e+00,0.000000e+00,0.000000e+00,0.000000e+00
1.000000e+00,0.000000e+00,0.000000e+00,0.000000e+00,0.000000e+00,0.000000e+00,0.000000e+00,0.000000e+00,0.000000e+00,0.000000e+00,0.000000e+00,0.000000e+00,0.000000e+00,0.000000e+00,0.000000e+00
1.000000e+00,0.000000e+00,0.000000e+00,0.000000e+00,0.000000e+00,0.000000e+00,0.000000e+00,0.000000e+00,0.000000e+00,0.000000e+00,0.000000e+00,0.000000e+00,0.000000e+00,0.000000e+00,0.000000e+00
1.000000e+00,0.000000e+00,0.000000e+00,0.000000e+00,0.000000e+00,0.000000e+00,0.000000e+00,0.000000e+00,0.000000e+00,0.000000e+00,0.000000e+00,0.000000e+00,0.000000e+00,0.000000e+00,0.000000e+00
1.000000e+00,0.000000e+00,0.000000e+00,0.000000e+00,0.000000e+00,0.000000e+00,0.000000e+00,0.000000e+00,0.000000e+00,0.000000e+00,0.000000e+00,0.000000e+00,0.000000e+00,0.000000e+00,0.000000e+00
1.000000e+00,0.000000e+00,0.000000e+00,0.000000e+00,0.000000e+00,0.000000e+00,0.000000e+00,0.000000e+00,0.000000e+00,0.000000e+00,0.000000e+00,0.000000e+00,0.000000e+00,0.000000e+00,0.000000e+00
1.000000e+00,0.000000e+00,0.000000e+00,0.000000e+00,0.000000e+00,0.000000e+00,0.000000e+00,0.000000e+00,0.000000e+00,0.000000e+00,0.000000e+00,0.000000e+00,0.000000e+00,0.000000e+00,0.000000e+00
1.000000e+00,0.000000e+00,0.000000e+00,0.000000e+00,0.000000e+00,0.000000e+00,0.000000e+00,0.000000e+00,0.000000e+00,0.000000e+00,0.000000e+00,0.000000e+00,0.000000e+00,0.000000e+00,0.000000e+00
1.000000e+00,0.000000e+00,0.000000e+00,0.000000e+00,0.000000e+00,0.000000e+00,0.000000e+00,0.000000e+00,0.000000e+00,0.000000e+00,0.000000e+00,0.000000e+00,0.000000e+00,0.000000e+00,0.000000e+00
1.000000e+00,0.000000e+00,0.000000e+00,0.000000e+00,0.000000e+00,0.000000e+00,0.000000e+00,0.000000e+00,0.000000e+00,0.000000e+00,0.000000e+00,0.000000e+00,0.000000e+00,0.000000e+00,0.000000e+00
1.000000e+00,0.000000e+00,0.000000e+00,0.000000e+00,0.000000e+00,0.000000e+00,0.000000e+00,0.000000e+00,0.000000e+00,0.000000e+00,0.000000e+00,0.000000e+00,0.000000e+00,0.000000e+00,0.000000e+00
1.000000e+00,0.000000e+00,0.000000e+00,0.000000e+00,0.000000e+00,0.000000e+00,0.000000e+00,0.000000e+00,0.000000e+00,0.000000e+00,0.000000e+00,0.000000e+00,0.000000e+00,0.000000e+00,0.000000e+00
1.000000e+00,0.000000e+00,0.000000e+00,0.000000e+00,0.000000e+00,0.000000e+00,0.000000e+00,0.000000e+00,0.000000e+00,0.000000e+00,0.000000e+00,0.000000e+00,0.000000e+00,0.000000e+00,0.000000e+00
1.000000e+00,0.000000e+00,0.000000e+00,0.000000e+00,0.000000e+00,0.000000e+00,0.000000e+00,0.000000e+00,0.000000e+00,0.000000e+00,0.000000e+00,0.000000e+00,0.000000e+00,0.000000e+00,0.000000e+00
1.000000e+00,0.000000e+00,0.000000e+00,0.000000e+00,0.000000e+00,0.000000e+00,0.000000e+00,0.000000e+00,0.000000e+00,0.000000e+00,0.000000e+00,0.000000e+00,0.000000e+00,0.000000e+00,0.000000e+00
1.000000e+00,0.000000e+00,0.000000e+00,0.000000e+00,0.000000e+00,0.000000e+00,0.000000e+00,0.000000e+00,0.000000e+00,0.000000e+00,0.000000e+00,0.000000e+00,0.000000e+00,0.000000e+00,0.000000e+00
1.000000e+00,0.000000e+00,0.000000e+00,0.000000e+00,0.000000e+00,0.000000e+00,0.000000e+00,0.000000e+00,0.000000e+00,0.000000e+00,0.000000e+00,0.000000e+00,0.000000e+00,0.000000e+00,0.000000e+00
1.000000e+00,0.000000e+00,0.000000e+00,0.000000e+00,0.000000e+00,0.000000e+00,0.000000e+00,0.000000e+00,0.000000e+00,0.000000e+00,0.000000e+00,0.000000e+00,0.000000e+00,0.000000e+00,0.000000e+00
1.000000e+00,0.000000e+00,0.000000e+00,0.000000e+00,0.000000e+00,0.000000e+00,0.000000e+00,0.000000e+00,0.000000e+00,0.000000e+00,0.000000e+00,0.000000e+00,0.000000e+00,0.000000e+00,0.000000e+00
1.000000e+00,0.000000e+00,0.000000e+00,0.000000e+00,0.000000e+00,0.000000e+00,0.000000e+00,0.000000e+00,0.000000e+00,0.000000e+00,0.000000e+00,0.000000e+00,0.000000e+00,0.000000e+00,0.000000e+00
1.000000e+00,0.000000e+00,0.000000e+00,0.000000e+00,0.000000e+00,0.000000e+00,0.000000e+00,0.000000e+00,0.000000e+00,0.000000e+00,0.000000e+00,0.000000e+00,0.000000e+00,0.000000e+00,0.000000e+00
1.000000e+00,0.000000e+00,0.000000e+00,0.000000e+00,0.000000e+00,0.000000e+00,0.000000e+00,0.000000e+00,0.000000e+00,0.000000e+00,0.000000e+00,0.000000e+00,0.000000e+00,0.000000e+00,0.000000e+00
1.000000e+00,0.000000e+00,0.000000e+00,0.000000e+00,0.000000e+00,0.000000e+00,0.000000e+00,0.000000e+00,0.000000e+00,0.000000e+00,0.000000e+00,0.000000e+00,0.000000e+00,0.000000e+00,0.000000e+00
1.000000e+00,0.000000e+00,0.000000e+00,0.000000e+00,0.000000e+00,0.000000e+00,0.000000e+00,0.000000e+00,0.000000e+00,0.000000e+00,0.000000e+00,0.000000e+00,0.000000e+00,0.000000e+00,0.000000e+00
3.924495e-01,2.102149e-01,1.611271e-02,1.551608e-01,5.630361e-03,9.892088e-03,2.241402e-03,6.329953e-03,3.785108e-02,2.621727e-03,8.840973e-02,1.089828e-02,1.264913e-02,7.776114e-03,4.176225e-02
2.759044e-01,1.604345e-01,1.350236e-02,1.149045e-01,4.411294e-03,8.555561e-03,1.592954e-03,4.565428e-03,3.701898e-02,2.987485e-03,2.271035e-01,8.794699e-03,9.477274e-03,9.412063e-02,3.662644e-02
1.940495e-01,1.128823e-01,9.651093e-03,8.101860e-02,3.987106e-03,7.030828e-03,1.184842e-03,3.378499e-03,3.010048e-02,4.706382e-02,3.429387e-01,8.286076e-03,6.848473e-03,1.235830e-01,2.799664e-02
1.359089e-01,7.939374e-02,6.835680e-03,5.686543e-02,4.105258e-03,6.157508e-03,9.244860e-04,2.478133e-03,2.238684e-02,1.439744e-01,4.131483e-01,7.311302e-03,4.930575e-03,9.573846e-02,1.984102e-02
9.522819e-02,5.583096e-02,4.829629e-03,4.001588e-02,4.407804e-03,4.890091e-03,7.312815e-04,1.825187e-03,1.738427e-02,2.587142e-01,4.125047e-01,6.804939e-03,3.566217e-03,7.919948e-02,1.406718e-02
6.679901e-02,3.962591e-02,3.411225e-03,2.819306e-02,3.934887e-03,4.638725e-03,5.613182e-04,1.315871e-03,1.389250e-02,3.943940e-01,3.651909e-01,5.937451e-03,2.600883e-03,5.934801e-02,1.015623e-02
4.679076e-02,2.802215e-02,2.430106e-03,1.980270e-02,3.004130e-03,3.766837e-03,3.978633e-04,9.299949e-04,1.017480e-02,5.483522e-01,2.792973e-01,4.586312e-03,2.044684e-03,4.298654e-02,7.413586e-03
3.277913e-02,2.004926e-02,1.745401e-03,1.397610e-02,2.577548e-03,2.910376e-03,2.887170e-04,6.562285e-04,9.210513e-03,6.746019e-01,1.999089e-01,3.693525e-03,1.710357e-03,3.055397e-02,5.338119e-03
2.300782e-02,2.302974e-02,1.426384e-03,9.910715e-03,2.001334e-03,2.561399e-03,2.173924e-04,4.821021e-04,9.194729e-03,7.501021e-01,1.467864e-01,3.604695e-03,1.656477e-03,2.201386e-02,4.004848e-03
1.614209e-02,2.159797e-02,1.137489e-03,7.039580e-03,1.471495e-03,2.560444e-03,1.582205e-04,3.607176e-04,7.783062e-03,8.136836e-01,1.051043e-01,2.805681e-03,1.317224e-03,1.574691e-02,3.091150e-03
1.139838e-02,2.122743e-02,9.364360e-04,5.201295e-03,1.141204e-03,5.330892e-03,1.452934e-04,3.761362e-04,7.931886e-03,8.512155e-01,7.598795e-02,2.848190e-03,1.394433e-03,1.205166e-02,2.813332e-03
8.071584e-03,1.622941e-02,6.782206e-04,3.685466e-03,9.057256e-04,5.894576e-03,1.085616e-04,2.860227e-04,5.961479e-03,8.848357e-01,5.848501e-02,2.261602e-03,1.232261e-03,9.215145e-03,2.149291e-03
5.681124e-03,1.942410e-02,6.173143e-04,2.826751e-03,8.244110e-04,5.538473e-03,8.074048e-05,2.087402e-04,5.102209e-03,9.017278e-01,4.356272e-02,2.204084e-03,2.450627e-03,6.879074e-03,2.871807e-03
4.020404e-03,2.290463e-02,5.310758e-04,1.995062e-03,6.810958e-04,4.402797e-03,6.068339e-05,1.510567e-04,3.989769e-03,9.062603e-01,4.101121e-02,2.971248e-03,2.548353e-03,6.270418e-03,2.201946e-03
2.842442e-03,2.190005e-02,4.865007e-04,1.403722e-03,5.653300e-04,3.440962e-03,4.544545e-05,1.089717e-04,2.994634e-03,9.189631e-01,3.333098e-02,4.371482e-03,3.027772e-03,4.876370e-03,1.642294e-03
2.040065e-03,1.830476e-02,4.473192e-04,1.128584e-03,5.129981e-04,5.040265e-02,4.650044e-05,1.118444e-04,3.285838e-03,8.572707e-01,4.291217e-02,7.312963e-03,9.998778e-03,4.879777e-03,1.345018e-03
1.617932e-03,2.260528e-02,1.742904e-03,1.009831e-03,7.061901e-04,3.807889e-02,4.499266e-05,1.810356e-04,6.688072e-03,8.415430e-01,5.583445e-02,7.700180e-03,9.181693e-03,1.174625e-02,1.319370e-03
1.310900e-03,1.735233e-02,2.009356e-03,8.759621e-04,1.703131e-03,3.086761e-02,7.458236e-05,7.018280e-04,1.129865e-02,8.632028e-01,4.252159e-02,6.522592e-03,7.630760e-03,1.277096e-02,1.156929e-03
2.696558e-03,1.336183e-02,4.226490e-03,1.617231e-03,3.950626e-03,2.271060e-02,1.613443e-04,3.188412e-03,2.027963e-02,8.707089e-01,3.225565e-02,5.287894e-03,7.066628e-03,1.113664e-02,1.351607e-03
4.887891e-03,1.022133e-02,3.940593e-03,1.401560e-03,6.174312e-03,1.679699e-02,1.628441e-04,3.361292e-03,1.683111e-02,8.884040e-01,2.508855e-02,4.210145e-03,6.551080e-03,1.058157e-02,1.386814e-03
7.876057e-03,7.290305e-03,2.906869e-03,1.131312e-03,2.378264e-02,1.245445e-02,4.274377e-04,3.293058e-03,1.247684e-02,8.892469e-01,1.839192e-02,3.550782e-03,8.337896e-03,7.768267e-03,1.065348e-03
1.617302e-02,5.468469e-03,2.372063e-03,2.262903e-03,1.011453e-01,9.546327e-03,8.405900e-04,6.581007e-03,2.291229e-02,7.986266e-01,1.530246e-02,3.589335e-03,8.577007e-03,5.745682e-03,8.570040e-04
2.765921e-02,5.030499e-03,2.764423e-03,7.512009e-03,1.716374e-01,8.342832e-03,2.407489e-03,9.809906e-03,3.953815e-02,6.896800e-01,1.346924e-02,4.223922e-03,1.237409e-02,4.459936e-03,1.090851e-03
4.802810e-02,6.302276e-03,4.175995e-03,2.297886e-02,2.407870e-01,8.192652e-03,3.320303e-03,2.415246e-02,4.616040e-02,5.635352e-01,1.287471e-02,4.218431e-03,1.054192e-02,3.443523e-03,1.288171e-03
8.794193e-02,7.041671e-03,6.956885e-03,2.510025e-02,2.134639e-01,6.887182e-03,2.803100e-03,3.226356e-02,4.572574e-02,5.287004e-01,2.078573e-02,5.251851e-03,9.886838e-03,4.442843e-03,2.748203e-03
7.963458e-02,7.261102e-03,1.167532e-01,2.691109e-02,1.821063e-01,6.860894e-03,2.685013e-03,4.808617e-02,3.663141e-02,4.461280e-01,2.412612e-02,5.572537e-03,1.076344e-02,3.500555e-03,2.979572e-03
6.724362e-02,5.907028e-03,1.179495e-01,2.072724e-02,1.558876e-01,7.910129e-03,2.235766e-02,1.885977e-01,2.780940e-02,3.428010e-01,2.330246e-02,5.041426e-03,9.376923e-03,2.757641e-03,2.330670e-03
4.890908e-02,5.288420e-03,9.674458e-02,1.687886e-02,3.548054e-01,1.661952e-02,2.837652e-02,1.347431e-01,1.993643e-02,2.417945e-01,1.757179e-02,4.499012e-03,9.956173e-03,1.982390e-03,1.894126e-03
3.717278e-02,1.163754e-02,8.710656e-02,2.404902e-02,3.062567e-01,3.217511e-02,2.093452e-02,9.542574e-02,2.576793e-02,1.707993e-01,3.966931e-02,4.968180e-02,8.910750e-02,2.140897e-03,8.075207e-03
2.815147e-02,9.897554e-03,7.138433e-02,1.932953e-02,2.295534e-01,3.139116e-02,1.512322e-02,6.747377e-02,2.781398e-02,1.199668e-01,4.842079e-02,1.062367e-01,2.151892e-01,2.062491e-03,8.005554e-03
2.186359e-02,8.510161e-03,5.374194e-02,1.648053e-02,1.647886e-01,2.809740e-02,1.094875e-02,4.868278e-02,6.328365e-02,8.440716e-02,5.581959e-02,1.463099e-01,2.884363e-01,1.521438e-03,7.108187e-03
1.658673e-02,8.784181e-03,4.079256e-02,1.534232e-02,1.228761e-01,2.740133e-02,7.973940e-03,3.421913e-02,5.519474e-02,6.071826e-02,4.199226e-02,1.666275e-01,3.857880e-01,1.999446e-03,1.370346e-02
1.219174e-02,7.133403e-03,2.995704e-02,1.254256e-02,9.082854e-02,2.190988e-02,6.078052e-03,2.506049e-02,5.127222e-02,4.342152e-02,3.227937e-02,2.668037e-01,3.873808e-01,1.608334e-03,1.153222e-02
1.066216e-02,5.738136e-03,2.233021e-02,9.875613e-03,6.641984e-02,2.138973e-02,6.215645e-03,1.980555e-02,4.282888e-02,3.153852e-02,3.055026e-02,2.674996e-01,4.499087e-01,2.067051e-03,1.317008e-02
8.208799e-03,4.475460e-03,1.590911e-02,7.371151e-03,5.094342e-02,1.698260e-02,4.658138e-03,1.431108e-02,3.351409e-02,2.252821e-02,2.303978e-02,4.061305e-01,3.793038e-01,1.939474e-03,1.068436e-02
1.544503e-02,5.602417e-03,1.199004e-02,5.731573e-03,4.011948e-02,1.884731e-02,3.865337e-03,1.078348e-02,3.439213e-02,1.761741e-02,2.185781e-02,4.386750e-01,3.634175e-01,2.147272e-03,9.508149e-03
1.433522e-02,4.449006e-03,8.598859e-03,4.294265e-03,3.106885e-02,1.930972e-02,3.444433e-03,8.301326e-03,3.353227e-02,1.524392e-02,2.941147e-02,4.213244e-01,3.966465e-01,2.363792e-03,7.675853e-03
1.240553e-02,3.858864e-03,6.211213e-03,4.358686e-03,2.432686e-02,2.650667e-02,3.183862e-03,6.529100e-03,2.802903e-02,1.271452e-02,3.098616e-02,4.001149e-01,4.324219e-01,2.579961e-03,5.772653e-03
1.203619e-02,6.687321e-03,8.317545e-03,3.390572e-03,5.775297e-02,2.214604e-02,3.523787e-03,5.503889e-03,3.870004e-02,1.199302e-02,2.658723e-02,3.373834e-01,4.579871e-01,2.215530e-03,5.775248e-03
1.296331e-02,7.748873e-03,8.883562e-03,2.966936e-03,6.012675e-02,1.839011e-02,4.248028e-03,7.110921e-03,4.131483e-02,2.127539e-02,2.655566e-02,2.794388e-01,5.012947e-01,2.426125e-03,5.255915e-03
1.338334e-02,5.978404e-03,6.856093e-03,3.107790e-03,4.465776e-02,3.392610e-02,3.123323e-03,6.034400e-03,3.290144e-02,3.085144e-02,3.144956e-02,2.498945e-01,5.306024e-01,3.022927e-03,4.210515e-03
1.122349e-02,4.542260e-03,7.057920e-03,4.158324e-03,3.359307e-02,3.571320e-02,2.395611e-03,1.798860e-02,3.941492e-02,4.562093e-02,5.731384e-02,3.016325e-01,4.338455e-01,2.304074e-03,3.195775e-03
9.988157e-03,3.687058e-03,1.054664e-02,8.438547e-03,2.703013e-02,3.267820e-02,1.933860e-03,2.269706e-02,8.295105e-02,3.858567e-02,6.580462e-02,3.007944e-01,3.903480e-01,1.903816e-03,2.612753e-03
8.927452e-03,2.768810e-03,1.330103e-02,8.238012e-03,2.046051e-02,2.587613e-02,2.284821e-03,1.152711e-01,8.211145e-02,3.015928e-02,7.771812e-02,2.814203e-01,3.278934e-01,1.500144e-03,2.069358e-03
7.794848e-03,2.833399e-03,1.303545e-02,1.029710e-02,1.820725e-02,2.093441e-02,2.751661e-03,1.268823e-01,2.063453e-01,2.494040e-02,6.409217e-02,2.407914e-01,2.580302e-01,1.176627e-03,1.887404e-03
1.038334e-02,3.845924e-03,1.218448e-02,1.950962e-02,2.592157e-02,2.318321e-02,3.925169e-03,1.122633e-01,3.036112e-01,2.112723e-02,5.323246e-02,1.809308e-01,2.223507e-01,1.246848e-03,6.284152e-03
1.621057e-02,4.161717e-03,1.064095e-02,1.446487e-01,2.354696e-02,2.309642e-02,2.946392e-03,9.399527e-02,3.185886e-01,1.608160e-02,4.582875e-02,1.304558e-01,1.626552e-01,1.465743e-03,5.677303e-03
2.284200e-02,4.968811e-03,1.294696e-02,1.376879e-01,2.056880e-02,2.372928e-02,2.711856e-03,1.078243e-01,3.546511e-01,1.593802e-02,4.762581e-02,1.022551e-01,1.318107e-01,3.041259e-03,1.139813e-02
2.522031e-02,2.357153e-02,1.308840e-02,1.100887e-01,3.233875e-02,2.276179e-02,2.599267e-03,7.923315e-02,4.472417e-01,1.292428e-02,3.910941e-02,7.484326e-02,1.024325e-01,3.225328e-03,1.132168e-02
2.631318e-02,2.849787e-02,1.234414e-02,9.882464e-02,3.070920e-02,2.077945e-02,2.359203e-03,7.350188e-02,5.245523e-01,1.072218e-02,2.993185e-02,5.392540e-02,7.430743e-02,3.303853e-03,9.927392e-03
2.787383e-02,5.579069e-02,1.165174e-02,8.174934e-02,3.368481e-02,2.549642e-02,2.499104e-03,6.296584e-02,5.463879e-01,1.085120e-02,2.286017e-02,3.911361e-02,5.755623e-02,3.642171e-03,1.787694e-02
2.218107e-02,7.537824e-02,8.567535e-03,5.811293e-02,2.878917e-02,2.789589e-02,2.274219e-03,4.675948e-02,6.186585e-01,7.797723e-03,1.660597e-02,2.818033e-02,4.275152e-02,2.846641e-03,1.320077e-02
2.187253e-02,8.167128e-02,7.359396e-03,4.294902e-02,3.730768e-02,3.603420e-02,5.214973e-03,4.546444e-02,6.313442e-01,6.442357e-03,1.215038e-02,2.154711e-02,3.515255e-02,2.546194e-03,1.294369e-02
2.272436e-02,8.746012e-02,5.443729e-03,3.208211e-02,3.989920e-02,3.259373e-02,4.652426e-03,3.228049e-02,6.472642e-01,5.363721e-03,9.119908e-03,1.674563e-02,4.151744e-02,1.935685e-03,2.091726e-02
2.472049e-02,7.654241e-02,4.358500e-03,2.310241e-02,8.240356e-02,4.169388e-02,4.958998e-03,2.535681e-02,6.370722e-01,4.022013e-03,6.734030e-03,1.288790e-02,3.826476e-02,1.504556e-03,1.637747e-02
3.869937e-02,1.337033e-01,8.664518e-03,1.199006e-01,7.702021e-02,3.094693e-02,3.909046e-03,2.273029e-02,4.843471e-01,4.695143e-03,6.910682e-03,1.148029e-02,3.095143e-02,1.356061e-03,2.468500e-02
5.648813e-02,1.257167e-01,8.854613e-03,1.271172e-01,9.176865e-02,2.972364e-02,3.991036e-03,2.497897e-02,3.866642e-01,5.030839e-03,1.302610e-02,1.570873e-02,5.514959e-02,5.348061e-03,5.043354e-02
1.004969e-01,1.187831e-01,7.406925e-03,9.480506e-02,1.217439e-01,2.873281e-02,3.685945e-03,2.788767e-02,3.395407e-01,3.841124e-03,1.311270e-02,1.462502e-02,5.523749e-02,1.117711e-02,5.892346e-02
1.206655e-01,1.217795e-01,7.910764e-03,8.319458e-02,1.187662e-01,3.646030e-02,3.665319e-03,3.136542e-02,2.561893e-01,4.035955e-03,2.132678e-02,1.859061e-02,6.500705e-02,1.878861e-02,9.225419e-02
1.911638e-01,1.144995e-01,6.907047e-03,6.124516e-02,1.282441e-01,3.170456e-02,4.093734e-03,2.649930e-02,2.110913e-01,3.095947e-03,2.130461e-02,2.293771e-02,8.195002e-02,1.894701e-02,7.631627e-02
1.954320e-01,1.028412e-01,9.380290e-03,5.063928e-02,1.202096e-01,3.242153e-02,4.144680e-03,3.044179e-02,1.648834e-01,3.419843e-03,2.284542e-02,3.748313e-02,1.196247e-01,2.865084e-02,7.758230e-02
2.019512e-01,8.092315e-02,9.767907e-03,4.174357e-02,1.431649e-01,4.090395e-02,9.851459e-03,3.368832e-02,1.314113e-01,3.786553e-03,2.370384e-02,4.121867e-02,1.404262e-01,2.715321e-02,7.030585e-02
2.301411e-01,7.505721e-02,8.489938e-03,3.946449e-02,1.557952e-01,3.680661e-02,1.035537e-02,3.212810e-02,1.297920e-01,4.191535e-03,2.172936e-02,3.917691e-02,1.254513e-01,2.400202e-02,6.741900e-02
2.564913e-01,6.081700e-02,9.254492e-03,4.013832e-02,1.362486e-01,3.340840e-02,1.050643e-02,3.273297e-02,1.206669e-01,3.944691e-03,1.896246e-02,3.368210e-02,1.575491e-01,2.481390e-02,6.078340e-02
2.125177e-01,5.136018e-02,8.699642e-03,4.745243e-02,1.065694e-01,3.043764e-02,1.572702e-02,2.664490e-02,1.251413e-01,4.511740e-03,1.545816e-02,3.060963e-02,2.475301e-01,2.060978e-02,5.673039e-02
1.511109e-01,8.163764e-02,1.401919e-02,7.066354e-02,7.774189e-02,2.672457e-02,1.335082e-02,1.884734e-02,2.531101e-01,6.793955e-03,1.196751e-02,2.283168e-02,1.769211e-01,1.639663e-02,5.788326e-02
1.376758e-01,7.293506e-02,2.606329e-02,6.364149e-02,6.587204e-02,3.060796e-02,2.973768e-02,1.525516e-02,2.258995e-01,7.473595e-03,1.189780e-02,2.152133e-02,2.046184e-01,2.080319e-02,6.599776e-02
9.968508e-02,7.031728e-02,4.548441e-02,8.739459e-02,4.815423e-02,2.539145e-02,2.412099e-02,1.118888e-02,2.929578e-01,1.831709e-02,1.077571e-02,1.825434e-02,1.513560e-01,1.630450e-02,8.029766e-02
7.413698e-02,1.263000e-01,8.004925e-02,7.422078e-02,3.407889e-02,1.896321e-02,1.742469e-02,8.039831e-03,3.293841e-01,1.720389e-02,9.164047e-03,1.370571e-02,1.115227e-01,1.271925e-02,7.308660e-02
6.309119e-02,1.956954e-01,1.135520e-01,5.995476e-02,2.410770e-02,1.554949e-02,1.238184e-02,5.888130e-03,3.070722e-01,2.001810e-02,7.272874e-03,1.009688e-02,8.130845e-02,9.347833e-03,7.466320e-02
8.641211e-02,2.550020e-01,9.149989e-02,4.777712e-02,1.708794e-02,1.180177e-02,8.796980e-03,4.855115e-03,2.786281e-01,3.035108e-02,1.278670e-02,1.184036e-02,6.444920e-02,1.169407e-02,6.701750e-02
8.260394e-02,2.186740e-01,6.889421e-02,3.976939e-02,1.293720e-02,1.000746e-02,7.594742e-03,5.843393e-03,2.513791e-01,2.412664e-02,1.602012e-02,1.226447e-02,1.683655e-01,9.755644e-03,7.176424e-02
7.586418e-02,1.937469e-01,5.045448e-02,3.069755e-02,9.565020e-03,8.485209e-03,5.806474e-03,5.634642e-03,2.058330e-01,1.816051e-02,1.884939e-02,1.299709e-02,2.912668e-01,7.879499e-03,6.475927e-02
5.521048e-02,1.465025e-01,3.641316e-02,2.176399e-02,6.849691e-03,7.565129e-03,4.231557e-03,5.025230e-03,1.551457e-01,1.303103e-02,1.745425e-02,1.432777e-02,4.597565e-01,6.572273e-03,5.015071e-02
3.984703e-02,1.103002e-01,2.623591e-02,1.557093e-02,5.090525e-03,1.139108e-02,3.090855e-03,4.007380e-03,1.257287e-01,9.238835e-03,1.379802e-02,1.513558e-02,5.781080e-01,5.049217e-03,3.740777e-02
2.843415e-02,9.738684e-02,1.985597e-02,1.225605e-02,4.224536e-03,1.165714e-02,2.302457e-03,3.084409e-03,1.157404e-01,6.728366e-03,1.061059e-02,1.459370e-02,6.400083e-01,3.751073e-03,2.936609e-02
2.053925e-02,7.021055e-02,1.407573e-02,8.689558e-03,3.942705e-03,9.089495e-03,1.694077e-03,2.272118e-03,8.819206e-02,4.765864e-03,7.998789e-03,1.599023e-02,7.282403e-01,2.668430e-03,2.163093e-02
1.511417e-02,4.952419e-02,9.979608e-03,6.254525e-03,3.817729e-03,9.317687e-03,1.253643e-03,1.611991e-03,6.370314e-02,3.425610e-03,5.933685e-03,1.386144e-02,7.977756e-01,1.984695e-03,1.644237e-02
1.382679e-02,3.524243e-02,7.278288e-03,5.049726e-03,4.527167e-03,7.775837e-03,9.630883e-04,1.219424e-03,4.664747e-02,2.666152e-03,4.623897e-03,1.217282e-02,8.422098e-01,1.871531e-03,1.392564e-02
1.396615e-02,2.582715e-02,5.646782e-03,4.093377e-03,8.850871e-03,6.136077e-03,9.084913e-04,1.236222e-03,3.892274e-02,2.475477e-03,5.412452e-03,2.432469e-02,8.086551e-01,1.948507e-03,5.159593e-02
1.691509e-02,2.097898e-02,2.406911e-02,8.120510e-03,4.327895e-02,6.360479e-03,1.333329e-03,1.005574e-02,3.054019e-02,2.375282e-03,6.700052e-03,2.805620e-02,7.576751e-01,1.708206e-03,4.183286e-02
2.249544e-02,3.324162e-02,7.887258e-02,6.314225e-02,1.045653e-01,2.074871e-02,4.223933e-03,9.389623e-03,2.936514e-02,2.762697e-03,5.786196e-03,2.088143e-02,5.706553e-01,1.412884e-03,3.245686e-02
3.110889e-02,3.297312e-02,1.381412e-01,8.178054e-02,1.359625e-01,2.567351e-02,1.110467e-02,1.973066e-02,2.310112e-02,2.577913e-03,6.224298e-03,1.638643e-02,4.400453e-01,1.220030e-03,3.396976e-02
3.255695e-02,2.743908e-02,2.114669e-01,1.301426e-01,1.388017e-01,2.535911e-02,1.008819e-02,3.458280e-02,2.263562e-02,2.603790e-03,6.665858e-03,1.186791e-02,3.197122e-01,9.143277e-04,2.516306e-02
2.663652e-02,2.035368e-02,1.955477e-01,2.860181e-01,1.123629e-01,2.019779e-02,8.144817e-03,4.069609e-02,1.699750e-02,2.012913e-03,1.448569e-02,9.433579e-03,2.282095e-01,6.696787e-04,1.823353e-02
2.620419e-02,1.495483e-02,1.691870e-01,2.469728e-01,1.072788e-01,1.578961e-02,7.021953e-03,1.874778e-01,1.507298e-02,1.736281e-03,1.585380e-02,7.254801e-03,1.666929e-01,7.540402e-04,1.774826e-02
2.755667e-02,1.139050e-02,1.524959e-01,2.297756e-01,8.548413e-02,1.255411e-02,5.899055e-03,3.083916e-01,1.230951e-02,1.360697e-03,1.294153e-02,5.460354e-03,1.189051e-01,7.128491e-04,1.476245e-02
2.717731e-02,8.661242e-03,1.307743e-01,2.130214e-01,7.671733e-02,9.895544e-03,5.431024e-03,3.993408e-01,1.090798e-02,1.441180e-03,1.059348e-02,4.214878e-03,8.548014e-02,7.309209e-04,1.561243e-02
3.011440e-02,8.105606e-03,1.314932e-01,1.605344e-01,6.589366e-02,8.276180e-03,5.967221e-03,4.825884e-01,9.777497e-03,1.768387e-03,9.243751e-03,4.796716e-03,6.759495e-02,8.354502e-04,1.301022e-02
3.518246e-02,7.040973e-03,1.199694e-01,1.431555e-01,5.395754e-02,6.619073e-03,5.162260e-03,5.403911e-01,8.106083e-03,1.916937e-03,7.431758e-03,4.597317e-03,5.236011e-02,8.093601e-04,1.330023e-02
4.136334e-02,1.012187e-02,9.142075e-02,1.298861e-01,4.715809e-02,5.455256e-03,5.324575e-03,5.916402e-01,8.712880e-03,1.783422e-03,5.897460e-03,4.117987e-03,4.486658e-02,7.102966e-04,1.154132e-02
7.317407e-02,1.362199e-02,7.382508e-02,1.298846e-01,4.239213e-02,5.381442e-03,5.046175e-03,5.711904e-01,9.962716e-03,1.921241e-03,5.451640e-03,8.043120e-03,4.790700e-02,1.209463e-03,1.098910e-02
1.087325e-01,1.281435e-02,6.361165e-02,1.459558e-01,4.041000e-02,5.378478e-03,4.745463e-03,5.186231e-01,1.038534e-02,1.792200e-03,4.847410e-03,8.804543e-03,6.135720e-02,1.282349e-03,1.125980e-02
1.610858e-01,1.084516e-02,5.525495e-02,1.599600e-01,4.654976e-02,6.739095e-03,4.945875e-03,4.661937e-01,1.159550e-02,1.773469e-03,4.653550e-03,1.161091e-02,4.791243e-02,1.828318e-03,9.051628e-03
2.328042e-01,8.788021e-03,4.649924e-02,1.374326e-01,4.577582e-02,7.490094e-03,6.014496e-03,4.401100e-01,1.227653e-02,1.479519e-03,4.094597e-03,1.151206e-02,3.629091e-02,2.070013e-03,7.361887e-03
3.208949e-01,7.872147e-03,3.938074e-02,1.163975e-01,3.872218e-02,1.025226e-02,6.290347e-03,3.886211e-01,1.186408e-02,1.780579e-03,4.307494e-03,1.372523e-02,2.868862e-02,3.148266e-03,8.054486e-03
3.367066e-01,7.291445e-03,3.987059e-02,9.370118e-02,3.996282e-02,1.240917e-02,6.408955e-03,3.933604e-01,1.111595e-02,1.760930e-03,5.470716e-03,1.765947e-02,2.324957e-02,3.549367e-03,7.482798e-03
3.503799e-01,6.477544e-03,3.633347e-02,7.433358e-02,4.391467e-02,1.172204e-02,6.198375e-03,4.087282e-01,9.673489e-03,1.737436e-03,5.760306e-03,1.644211e-02,1.848554e-02,3.200286e-03,6.612985e-03
3.421814e-01,5.552195e-03,3.067863e-02,5.628698e-02,3.951878e-02,1.035241e-02,5.477211e-03,4.546625e-01,7.523721e-03,1.869099e-03,5.407248e-03,1.529551e-02,1.602456e-02,2.693515e-03,6.476248e-03
3.222716e-01,4.624264e-03,2.594477e-02,4.280636e-02,3.408067e-02,8.780318e-03,4.913691e-03,5.097230e-01,5.740242e-03,1.788696e-03,4.900573e-03,1.292403e-02,1.322295e-02,2.260354e-03,6.018440e-03
3.252392e-01,4.168740e-03,2.064186e-02,3.384415e-02,2.802587e-02,8.493103e-03,4.100064e-03,5.260289e-01,4.712252e-03,1.763735e-03,6.428023e-03,1.427511e-02,1.257530e-02,2.115045e-03,7.588656e-03
3.107356e-01,4.534788e-03,1.701002e-02,6.182954e-02,2.421503e-02,9.355409e-03,3.218260e-03,4.842282e-01,4.646574e-03,1.986403e-03,2.611057e-02,2.508791e-02,1.610009e-02,2.580938e-03,8.360612e-03
3.066449e-01,4.686601e-03,1.410707e-02,7.301858e-02,2.226458e-02,1.083090e-02,2.597988e-03,4.565965e-01,4.947904e-03,2.752662e-03,3.587507e-02,3.431965e-02,1.930182e-02,2.767107e-03,9.288663e-03
2.976553e-01,5.284206e-03,1.143214e-02,1.126628e-01,2.230107e-02,1.105891e-02,1.971582e-03,3.878540e-01,7.750637e-03,4.894350e-03,6.407668e-02,3.240628e-02,2.656757e-02,3.197142e-03,1.088728e-02
3.005262e-01,5.145629e-03,9.428073e-03,1.087330e-01,2.444188e-02,1.070992e-02,1.636505e-03,3.231180e-01,1.067924e-02,1.042947e-02,1.047061e-01,2.687856e-02,3.115560e-02,4.358125e-03,2.805365e-02
3.165373e-01,6.033152e-03,9.006353e-03,1.011891e-01,3.075194e-02,1.155657e-02,1.794006e-03,2.372667e-01,1.121045e-02,1.281939e-02,1.158604e-01,2.205187e-02,4.072866e-02,7.305197e-03,7.588889e-02
2.625118e-01,5.554852e-03,8.166221e-03,8.114575e-02,2.581965e-02,1.387872e-02,2.113735e-03,1.673809e-01,1.215894e-02,2.382356e-02,1.004818e-01,1.860105e-02,6.359971e-02,8.013587e-03,2.067498e-01
1.939822e-01,5.211904e-03,6.854640e-03,7.961690e-02,2.360728e-02,1.812874e-02,2.172078e-03,1.181393e-01,2.287637e-02,2.352090e-02,1.052237e-01,2.475979e-02,1.643777e-01,8.568646e-03,2.029599e-01
1.454203e-01,3.823577e-03,5.357476e-03,5.719395e-02,2.623533e-02,1.492237e-02,2.085602e-03,8.316493e-02,1.946986e-02,1.978758e-02,1.046567e-01,2.421945e-02,1.636374e-01,8.112255e-03,3.219132e-01
1.073720e-01,3.002940e-03,4.441968e-03,4.133536e-02,2.676564e-02,1.302312e-02,1.748610e-03,5.895932e-02,1.910098e-02,1.516196e-02,1.042231e-01,2.463819e-02,1.586399e-01,7.641369e-03,4.139456e-01
7.618468e-02,2.188600e-03,4.105686e-03,2.956464e-02,2.184523e-02,9.532105e-03,3.461779e-03,6.208950e-02,1.450350e-02,1.149439e-02,8.440395e-02,1.809512e-02,1.981287e-01,5.697718e-03,4.587043e-01
6.043199e-02,1.218501e-02,8.483009e-03,3.129676e-02,9.640418e-02,2.067521e-02,7.611431e-03,4.601185e-02,1.131949e-01,8.567617e-03,6.069988e-02,1.451201e-02,1.564042e-01,4.334298e-03,3.591876e-01
6.634707e-02,1.199064e-02,9.607978e-03,3.115321e-02,1.900596e-01,2.530154e-02,1.306437e-02,3.355191e-02,1.394453e-01,6.304540e-03,4.699598e-02,1.226418e-02,1.272290e-01,3.233409e-03,2.834512e-01
5.241748e-02,1.515017e-02,2.410347e-02,7.413501e-02,1.985098e-01,2.166928e-02,1.848878e-02,2.860948e-02,1.557187e-01,4.956200e-03,3.741219e-02,1.033609e-02,1.059608e-01,2.698984e-03,2.498336e-01
5.888562e-02,1.431538e-02,3.194547e-02,7.448354e-02,1.885300e-01,2.227565e-02,2.094666e-02,2.128433e-02,1.410811e-01,4.442393e-03,3.435654e-02,1.388088e-02,1.456098e-01,2.423655e-03,2.255390e-01
1.030108e-01,1.439762e-02,5.398555e-02,5.635822e-02,2.025974e-01,2.294454e-02,1.735239e-02,1.677442e-02,1.144124e-01,4.835514e-03,3.737146e-02,2.192657e-02,1.598736e-01,3.381224e-03,1.707783e-01
1.320423e-01,5.800357e-02,6.561782e-02,5.941975e-02,1.609287e-01,2.016347e-02,1.410168e-02,1.334071e-02,1.282094e-01,5.745793e-03,3.028081e-02,2.061755e-02,1.607359e-01,3.486211e-03,1.273064e-01
1.067405e-01,1.061448e-01,1.146792e-01,7.704654e-02,1.241632e-01,1.638339e-02,1.111736e-02,1.083969e-02,1.521644e-01,9.831391e-03,2.569052e-02,1.851064e-02,1.260231e-01,3.203263e-03,9.746198e-02
9.343484e-02,1.553698e-01,9.988934e-02,7.343750e-02,9.296275e-02,1.687436e-02,9.644036e-03,9.914891e-03,1.898486e-01,1.586696e-02,2.431618e-02,2.236482e-02,1.153047e-01,3.930327e-03,7.684100e-02
7.137044e-02,1.634598e-01,1.018478e-01,1.245086e-01,6.902020e-02,1.587640e-02,7.738310e-03,7.758190e-03,2.041020e-01,1.495950e-02,2.303728e-02,2.403575e-02,1.083315e-01,3.312910e-03,6.064127e-02
7.185495e-02,1.366313e-01,7.480109e-02,1.060745e-01,5.015791e-02,2.196647e-02,6.360754e-03,6.532554e-03,1.672556e-01,1.306288e-02,2.253339e-02,2.277316e-02,2.386900e-01,2.916822e-03,5.838870e-02
7.908413e-02,9.805379e-02,5.335262e-02,8.394713e-02,3.653290e-02,2.221177e-02,5.061246e-03,5.446527e-03,1.208306e-01,9.456865e-03,1.740869e-02,1.777603e-02,4.036839e-01,2.140046e-03,4.501384e-02
6.235347e-02,6.926651e-02,3.756575e-02,5.955771e-02,2.696788e-02,1.675833e-02,3.905284e-03,4.166658e-03,8.597213e-02,6.708113e-03,1.285138e-02,1.361357e-02,5.654719e-01,1.621729e-03,3.321966e-02
7.465598e-02,5.302022e-02,2.714131e-02,4.304643e-02,2.388648e-02,1.530544e-02,4.052528e-03,4.811876e-03,6.494537e-02,6.282369e-03,1.163697e-02,1.868392e-02,6.178575e-01,3.573988e-03,3.109961e-02
6.868257e-02,4.047911e-02,1.948777e-02,3.091658e-02,2.072360e-02,1.543956e-02,3.775108e-03,3.949288e-03,4.738488e-02,6.177003e-03,1.597603e-02,3.668479e-02,6.593870e-01,4.151507e-03,2.678522e-02
6.310382e-02,3.075273e-02,1.689807e-02,2.359897e-02,1.881230e-02,2.022269e-02,3.794922e-03,3.816526e-03,3.685486e-02,1.111135e-02,2.617368e-02,4.395194e-02,6.738824e-01,4.598819e-03,2.242702e-02
4.482847e-02,2.466881e-02,1.242034e-02,1.774068e-02,1.411670e-02,1.654478e-02,2.902473e-03,2.705906e-03,2.692591e-02,2.675003e-02,2.430273e-02,5.357137e-02,7.095615e-01,4.542996e-03,1.841733e-02
3.403099e-02,1.997074e-02,1.039708e-02,1.646225e-02,1.211384e-02,1.448476e-02,2.570614e-03,2.384663e-03,2.616621e-02,4.071314e-02,3.152869e-02,7.228018e-02,6.905988e-01,5.019355e-03,2.127868e-02
2.635518e-02,1.455035e-02,7.610267e-03,1.204943e-02,1.023044e-02,1.123802e-02,2.173896e-03,1.732982e-03,2.083075e-02,6.006121e-02,3.576821e-02,1.214321e-01,6.269143e-01,4.211714e-03,4.484117e-02
2.107354e-02,1.074675e-02,5.677541e-03,9.783750e-03,8.374620e-03,1.006277e-02,1.805185e-03,1.297192e-03,1.649810e-02,1.173914e-01,4.867129e-02,1.177403e-01,5.515398e-01,3.805569e-03,7.553221e-02
1.546663e-02,7.594168e-03,4.181289e-03,8.440182e-03,6.299024e-03,8.536439e-03,1.474656e-03,1.347907e-03,1.450792e-02,1.944866e-01,5.647910e-02,9.937680e-02,5.178725e-01,3.789817e-03,6.014705e-02
1.124020e-02,5.328137e-03,3.099022e-03,6.401734e-03,4.905379e-03,1.498728e-01,3.130090e-03,1.096620e-03,1.046778e-02,2.084809e-01,5.611487e-02,9.549588e-02,3.806307e-01,2.759872e-03,6.097603e-02
8.239126e-03,3.743385e-03,2.296859e-03,4.959762e-03,3.652464e-03,2.602592e-01,2.584574e-03,8.918342e-04,7.677227e-03,2.048994e-01,5.769123e-02,9.742108e-02,2.870245e-01,2.064895e-03,5.659450e-02
6.932182e-03,2.662677e-03,2.425332e-03,4.122172e-03,3.938918e-03,2.938330e-01,2.310569e-03,1.869678e-03,6.183810e-03,2.219961e-01,5.488867e-02,1.165363e-01,2.293196e-01,2.305888e-03,5.067502e-02
6.264391e-03,1.909673e-03,2.026660e-03,3.429037e-03,3.752729e-03,2.803099e-01,1.745096e-03,2.092188e-03,5.487725e-03,2.371055e-01,5.836046e-02,1.472114e-01,1.979891e-01,1.995723e-03,5.032041e-02
4.693274e-03,1.366270e-03,1.573156e-03,2.830757e-03,2.848339e-03,2.575967e-01,1.260422e-03,1.530419e-03,4.519329e-03,1.946009e-01,4.600467e-02,2.703519e-01,1.733195e-01,1.458586e-03,3.604581e-02
3.783918e-03,1.025999e-03,1.209452e-03,2.185936e-03,2.168994e-03,1.894883e-01,9.079293e-04,1.124777e-03,4.348457e-03,1.559705e-01,3.871521e-02,4.206773e-01,1.516147e-01,1.093843e-03,2.568467e-02
2.852608e-03,1.043776e-03,9.116547e-04,1.653247e-03,7.948288e-03,1.330776e-01,7.271539e-04,8.409237e-04,1.151436e-01,1.151372e-01,3.177965e-02,4.424715e-01,1.268093e-01,7.922165e-04,1.881120e-02
2.238354e-03,2.096602e-03,8.303084e-04,1.348199e-03,7.648134e-03,9.379510e-02,5.950868e-04,7.016441e-04,1.409798e-01,1.100161e-01,3.163941e-02,4.605621e-01,1.332913e-01,6.555072e-04,1.360235e-02
1.686116e-03,6.094348e-03,8.043015e-04,1.020769e-03,6.357907e-03,6.680764e-02,4.594478e-04,5.290390e-04,1.752002e-01,1.046152e-01,3.203361e-02,4.641814e-01,1.293743e-01,6.151064e-04,1.022053e-02
1.576003e-03,7.314220e-03,6.717112e-04,1.319047e-03,4.951979e-03,5.233193e-02,3.262019e-04,4.482623e-04,1.964066e-01,8.157481e-02,3.301266e-02,5.123805e-01,9.965084e-02,6.571162e-04,7.378161e-03
1.148569e-03,5.421571e-03,5.729645e-04,1.138766e-03,3.715590e-03,3.863800e-02,2.321577e-04,4.658033e-04,1.808888e-01,5.790738e-02,3.545510e-02,5.775422e-01,9.109418e-02,5.515201e-04,5.227315e-03
8.453340e-04,3.990884e-03,4.627652e-04,8.851668e-04,3.742046e-03,2.725135e-02,1.792255e-04,4.130921e-04,2.965893e-01,4.080245e-02,3.269660e-02,5.105979e-01,7.745469e-02,4.125082e-04,3.676664e-03
6.160947e-04,3.080876e-03,5.083104e-04,7.420400e-04,3.216859e-03,1.920155e-02,1.501135e-04,2.849712e-03,3.957038e-01,2.869190e-02,2.516636e-02,4.498053e-01,6.737980e-02,3.008887e-04,2.586356e-03
4.443845e-04,2.439712e-03,3.750552e-04,5.902257e-04,2.730743e-03,1.358181e-02,1.331506e-04,2.191956e-03,5.548776e-01,2.019988e-02,1.862845e-02,3.308602e-01,5.088844e-02,2.281839e-04,1.830270e-03
4.250620e-04,2.269639e-03,3.771455e-04,6.948754e-04,3.103467e-03,1.237261e-02,1.510632e-04,2.024995e-03,6.688857e-01,1.428685e-02,1.492830e-02,2.414781e-01,3.749976e-02,1.871934e-04,1.315177e-03
2.901337e-03,2.102429e-03,1.665202e-03,3.103263e-03,1.129613e-02,1.390033e-02,4.705982e-04,1.879532e-02,7.125453e-01,1.052902e-02,1.266745e-02,1.803468e-01,2.852809e-02,1.829262e-04,9.658452e-04
1.258233e-02,1.956732e-03,1.583025e-03,8.063374e-03,4.676239e-02,2.304712e-02,1.530199e-03,1.704888e-02,7.087722e-01,8.285303e-03,1.125182e-02,1.362026e-01,2.176327e-02,2.770710e-04,8.736507e-04
1.676736e-02,3.190636e-03,3.388041e-03,4.435138e-02,7.963930e-02,2.446219e-02,1.754557e-03,1.644709e-02,6.593783e-01,7.028496e-03,1.306959e-02,1.088814e-01,1.923487e-02,6.680783e-04,1.738642e-03
3.389644e-02,3.590533e-03,2.982565e-03,4.047431e-02,9.196870e-02,2.080828e-02,2.538919e-03,1.307082e-02,6.329139e-01,6.582761e-03,1.974572e-02,1.083215e-01,1.956102e-02,1.344230e-03,2.200245e-03
