1.000000e+00,0.000000e+00,0.000000e+00,0.000000e+00,0.000000e+00,0.000000e+00,0.000000e+00,0.000000e+00,0.000000e+00,0.000000e+00,0.000000e+00,0.000000e+00,0.000000e+00,0.000000e+00,0.000000e+00
1.000000e+00,0.000000e+00,0.000000e+00,0.000000e+00,0.000000e+00,0.000000e+00,0.000000e+00,0.000000e+00,0.000000e+00,0.000000e+00,0.000000e+00,0.000000e+00,0.000000e+00,0.000000e+00,0.000000e+00
1.000000e+00,0.000000e+00,0.000000e+00,0.000000e+00,0.000000e+00,0.000000e+00,0.000000e+00,0.000000e+00,0.000000e+00,0.000000e+00,0.000000e+00,0.000000e+00,0.000000e+00,0.000000e+00,0.000000e+00
1.000000e+00,0.000000e+00,0.000000e+00,0.000000e+00,0.000000e+00,0.000000e+00,0.000000e+00,0.000000e+00,0.000000e+00,0.000000e+00,0.000000e+00,0.000000e+00,0.000000e+00,0.000000e+00,0.000000e+00
1.000000e+00,0.000000e+00,0.000000e+00,0.000000e+00,0.000000e+00,0.000000e+00,0.000000e+00,0.000000e+00,0.000000e+00,0.000000e+00,0.000000e+00,0.000000e+00,0.000000e+00,0.000000e+00,0.000000e+00
1.000000e+00,0.000000e+00,0.000000e+00,0.000000e+00,0.000000e+00,0.000000e+00,0.000000e+00,0.000000e+00,0.000000e+00,0.000000e+00,0.000000e+00,0.000000e+00,0.000000e+00,0.000000e+00,0.000000e+00
1.000000e+00,0.000000e+00,0.000000e+00,0.000000e+00,0.000000e+00,0.000000e+00,0.000000e+00,0.000000e+00,0.000000e+00,0.000000e+00,0.000000e+00,0.000000e+00,0.000000e+00,0.000000e+00,0.000000e+00
1.000000e+00,0.000000e+00,0.000000e+00,0.000000e+00,0.000000e+00,0.000000e+00,0.000000e+00,0.000000e+00,0.000000e+00,0.000000e+00,0.000000e+00,0.000000e+00,0.000000e+00,0.000000e+00,0.000000e+00
1.000000e+00,0.000000e+00,0.000000e+00,0.000000e+00,0.000000e+00,0.000000e+00,0.000000e+00,0.000000e+00,0.000000e+00,0.000000e+00,0.000000e+00,0.000000e+00,0.000000e+00,0.000000e+00,0.000000e+00
1.000000e+00,0.000000e+00,0.000000e+00,0.000000e+00,0.000000e+00,0.000000e+00,0.000000e+00,0.000000e+00,0.000000e+00,0.000000e+00,0.000000e+00,0.000000e+00,0.000000e+00,0.000000e+00,0.000000e+00
1.000000e+00,0.000000e+00,0.000000e+00,0.000000e+00,0.000000e+00,0.000000e+00,0.000000e+00,0.000000e+00,0.000000e+00,0.000000e+00,0.000000e+00,0.000000e+00,0.000000e+00,0.000000e+00,0.000000e+00
1.000000e+00,0.000000e+00,0.000000e+00,0.000000e+00,0.000000e+00,0.000000e+00,0.000000e+00,0.000000e+00,0.000000e+00,0.000000e+00,0.000000e+00,0.000000e+00,0.000000e+00,0.000000e+00,0.000000e+00
1.000000e+00,0.000000e+00,0.000000e+00,0.000000e+00,0.000000e+00,0.000000e+00,0.000000e+00,0.000000e+00,0.000000e+00,0.000000e+00,0.000000e+00,0.000000e+00,0.000000e+00,0.000000e+00,0.000000e+00
1.000000e+00,0.000000e+00,0.000000e+00,0.000000e+00,0.000000e+00,0.000000e+00,0.000000e+00,0.000000e+00,0.000000e+00,0.000000e+00,0.000000e+00,0.000000e+00,0.000000e+00,0.000000e+00,0.000000e+00
1.000000e+00,0.000000e+00,0.000000e+00,0.000000e+00,0.000000e+00,0.000000e+00,0.000000e+00,0.000000e+00,0.000000e+00,0.000000e+00,0.000000e+00,0.000000e+00,0.000000e+00,0.000000e+00,0.000000e+00
1.000000e+00,0.000000e+00,0.000000e+00,0.000000e+00,0.000000e+00,0.000000e+00,0.000000e+00,0.000000e+00,0.000000e+00,0.000000e+00,0.000000e+00,0.000000e+00,0.000000e+00,0.000000e+00,0.000000e+00
1.000000e+00,0.000000e+00,0.000000e+00,0.000000e+00,0.000000e+00,0.000000e+00,0.000000e+00,0.000000e+00,0.000000e+00,0.000000e+00,0.000000e+00,0.000000e+00,0.000000e+00,0.000000e+00,0.000000e+00
1.000000e+00,0.000000e+00,0.000000e+00,0.000000e+00,0.000000e+00,0.000000e+00,0.000000e+00,0.000000e+00,0.000000e+00,0.000000e+00,0.000000e+00,0.000000e+00,0.000000e+00,0.000000e+00,0.000000e+00
1.000000e+00,0.000000e+00,0.000000e+00,0.000000e+00,0.000000e+00,0.000000e+00,0.000000e+00,0.000000e+00,0.000000e+00,0.000000e+00,0.000000e+00,0.000000e+00,0.000000e+00,0.000000e+00,0.000000e+00
1.000000e+00,0.000000e+00,0.000000e+00,0.000000e+00,0.000000e+00,0.000000e+00,0.000000e+00,0.000000e+00,0.000000e+00,0.000000e+00,0.000000e+00,0.000000e+00,0.000000e+00,0.000000e+00,0.000000e+00
1.000000e+00,0.000000e+00,0.000000e+00,0.000000e+00,0.000000e+00,0.000000e+00,0.000000e+00,0.000000e+00,0.000000e+00,0.000000e+00,0.000000e+00,0.000000e+00,0.000000e+00,0.000000e+00,0.000000e+00
1.000000e+00,0.000000e+00,0.000000e+00,0.000000e+00,0.000000e+00,0.000000e+00,0.000000e+00,0.000000e+00,0.000000e+00,0.000000e+00,0.000000e+00,0.000000e+00,0.000000e+00,0.000000e+00,0.000000e+00
1.000000e+00,0.000000e+00,0.000000e+00,0.000000e+00,0.000000e+00,0.000000e+00,0.000000e+00,0.000000e+00,0.000000e+00,0.000000e+00,0.000000e+00,0.000000e+00,0.000000e+00,0.000000e+00,0.000000e+00
1.000000e+00,0.000000e+00,0.000000e+00,0.000000e+00,0.000000e+00,0.000000e+00,0.000000e+00,0.000000e+00,0.000000e+00,0.000000e+00,0.000000e+00,0.000000e+00,0.000000e+00,0.000000e+00,0.000000e+00
1.000000e+00,0.000000e+00,0.000000e+00,0.000000e+00,0.000000e+00,0.000000e+00,0.000000e+00,0.000000e+00,0.000000e+00,0.000000e+00,0.000000e+00,0.000000e+00,0.000000e+00,0.000000e+00,0.000000e+00
1.000000e+00,0.000000e+00,0.000000e+00,0.000000e+00,0.000000e+00,0.000000e+00,0.000000e+00,0.000000e+00,0.000000e+00,0.000000e+00,0.000000e+00,0.000000e+00,0.000000e+00,0.000000e+00,0.000000e+00
1.000000e+00,0.000000e+00,0.000000e+00,0.000000e+00,0.000000e+00,0.000000e+00,0.000000e+00,0.000000e+00,0.000000e+00,0.000000e+00,0.000000e+00,0.000000e+00,0.000000e+00,0.000000e+00,0.000000e+00
1.000000e+00,0.000000e+00,0.000000e+00,0.000000e+00,0.000000e+00,0.000000e+00,0.000000e+00,0.000000e+00,0.000000e+00,0.000000e+00,0.000000e+00,0.000000e+00,0.000000e+00,0.000000e+00,0.000000e+00
1.000000e+00,0.000000e+00,0.000000e+00,0.000000e+00,0.000000e+00,0.000000e+00,0.000000e+00,0.000000e+00,0.000000e+00,0.000000e+00,0.000000e+00,0.000000e+00,0.000000e+00,0.000000e+00,0.000000e+00
1.000000e+00,0.000000e+00,0.000000e+00,0.000000e+00,0.000000e+00,0.000000e+00,0.000000e+00,0.000000e+00,0.000000e+00,0.000000e+00,0.000000e+00,0.000000e+00,0.000000e+00,0.000000e+00,0.000000e+00
1.000000e+00,0.000000e+00,0.000000e+00,0.000000e+00,0.000000e+00,0.000000e+00,0.000000e+00,0.000000e+00,0.000000e+00,0.000000e+00,0.000000e+00,0.000000e+00,0.000000e+00,0.000000e+00,0.000000e+00
1.000000e+00,0.000000e+00,0.000000e+00,0.000000e+00,0.000000e+00,0.000000e+00,0.000000e+00,0.000000e+00,0.000000e+00,0.000000e+00,0.000000e+00,0.000000e+00,0.000000e+00,0.000000e+00,0.000000e+00
1.000000e+00,0.000000e+00,0.000000e+00,0.000000e+00,0.000000e+00,0.000000e+00,0.000000e+00,0.000000e+00,0.000000e+00,0.000000e+00,0.000000e+00,0.000000e+00,0.000000e+00,0.000000e+00,0.000000e+00
1.000000e+00,0.000000e+00,0.000000e+00,0.000000e+00,0.000000e+00,0.000000e+00,0.000000e+00,0.000000e+00,0.000000e+00,0.000000e+00,0.000000e+00,0.000000e+00,0.000000e+00,0.000000e+00,0.000000e+00
1.000000e+00,0.000000e+00,0.000000e+00,0.000000e+00,0.000000e+00,0.000000e+00,0.000000e+00,0.000000e+00,0.000000e+00,0.000000e+00,0.000000e+00,0.000000e+00,0.000000e+00,0.000000e+00,0.000000e+00
1.000000e+00,0.000000e+00,0.000000e+00,0.000000e+00,0.000000e+00,0.000000e+00,0.000000e+00,0.000000e+00,0.000000e+00,0.000000e+00,0.000000e+00,0.000000e+00,0.000000e+00,0.000000e+00,0.000000e+00
1.000000e+00,0.000000e+00,0.000000e+00,0.000000e+00,0.000000e+00,0.000000e+00,0.000000e+00,0.000000e+00,0.000000e+00,0.000000e+00,0.000000e+00,0.000000e+00,0.000000e+00,0.000000e+00,0.000000e+00
1.000000e+00,0.000000e+00,0.000000e+00,0.000000e+00,0.000000e+00,0.000000e+00,0.000000e+00,0.000000e+00,0.000000e+00,0.000000e+00,0.000000e+00,0.000000e+00,0.000000e+00,0.000000e+00,0.000000e+00
1.000000e+00,0.000000e+00,0.000000e+00,0.000000e+00,0.000000e+00,0.000000e+00,0.000000e+00,0.000000e+00,0.000000e+00,0.000000e+00,0.000000e+00,0.000000e+00,0.000000e+00,0.000000e+00,0.000000e+00
1.000000e+00,0.000000e+00,0.000000e+00,0.000000e+00,0.000000e+00,0.000000e+00,0.000000e+00,0.000000e+00,0.000000e+00,0.000000e+00,0.000000e+00,0.000000e+00,0.000000e+00,0.000000e+00,0.000000e+00
1.000000e+00,0.000000e+00,0.000000e+00,0.000000e+00,0.000000e+00,0.000000e+00,0.000000e+00,0.000000e+00,0.000000e+00,0.000000e+00,0.000000e+00,0.000000e+00,0.000000e+00,0.000000e+00,0.000000e+00
1.000000e+00,0.000000e+00,0.000000e+00,0.000000e+00,0.000000e+00,0.000000e+00,0.000000e+00,0.000000e+00,0.000000e+00,0.000000e+00,0.000000e+00,0.000000e+00,0.000000e+00,0.000000e+00,0.000000e+00
1.000000e+00,0.000000e+00,0.000000e+00,0.000000e+00,0.000000e+00,0.000000e+00,0.000000e+00,0.000000e+00,0.000000e+00,0.000000e+00,0.000000e+00,0.000000e+00,0.000000e+00,0.000000e+00,0.000000e+00
1.000000e+00,0.000000e+00,0.000000e+00,0.000000e+00,0.000000e+00,0.000000e+00,0.000000e+00,0.000000e+00,0.000000e+00,0.000000e+00,0.000000e+00,0.000000e+00,0.000000e+00,0.000000e+00,0.000000e+00
1.000000e+00,0.000000e+00,0.000000e+00,0.000000e+00,0.000000e+00,0.000000e+00,0.000000e+00,0.000000e+00,0.000000e+00,0.000000e+00,0.000000e+00,0.000000e+00,0.000000e+00,0.000000e+00,0.000000e+00
1.000000e+00,0.000000e+00,0.000000e+00,0.000000e+00,0.000000e+00,0.000000e+00,0.000000e+00,0.000000e+00,0.000000e+00,0.000000e+00,0.000000e+00,0.000000e+00,0.000000e+00,0.000000e+00,0.000000e+00
1.000000e+00,0.000000e+00,0.000000e+00,0.000000e+00,0.000000e+00,0.000000e+00,0.000000e+00,0.000000e+00,0.000000e+00,0.000000e+00,0.000000e+00,0.000000e+00,0.000000e+00,0.000000e+00,0.000000e+00
1.000000e+00,0.000000e+00,0.000000e+00,0.000000e+00,0.000000e+00,0.000000e+00,0.000000e+00,0.000000e+00,0.000000e+00,0.000000e+00,0.000000e+00,0.000000e+00,0.000000e+00,0.000000e+00,0.000000e+00
1.000000e+00,0.000000e+00,0.000000e+00,0.000000e+00,0.000000e+00,0.000000e+00,0.000000e+00,0.000000e+00,0.000000e+00,0.000000e+00,0.000000e+00,0.000000e+00,0.000000e+00,0.000000e+00,0.000000e+00
1.000000e+00,0.000000e+00,0.000000e+00,0.000000e+00,0.000000e+00,0.000000e+00,0.000000e+00,0.000000e+00,0.000000e+00,0.000000e+00,0.000000e+00,0.000000e+00,0.000000e+00,0.000000e+00,0.000000e+00
1.000000e+00,0.000000e+00,0.000000e+00,0.000000e+00,0.000000e+00,0.000000e+00,0.000000e+00,0.000000e+00,0.000000e+00,0.000000e+00,0.000000e+00,0.000000e+00,0.000000e+00,0.000000e+00,0.000000e+00
1.000000e+00,0.000000e+00,0.000000e+00,0.000000e+00,0.000000e+00,0.000000e+00,0.000000e+00,0.000000e+00,0.000000e+00,0.000000e+00,0.000000e+00,0.000000e+00,0.000000e+00,0.000000e+00,0.000000e+00
1.000000e+00,0.000000e+00,0.000000e+00,0.000000e+00,0.000000e+00,0.000000e+00,0.000000e+00,0.000000e+00,0.000000e+00,0.000000e+00,0.000000e+00,0.000000e+00,0.000000e+00,0.000000e+00,0.000000e+00
1.000000e+00,0.000000e+00,0.000000e+00,0.000000e+00,0.000000e+00,0.000000e+00,0.000000e+00,0.000000e+00,0.000000e+00,0.000000e+00,0.000000e+00,0.000000e+00,0.000000e+00,0.000000e+00,0.000000e+00
1.000000e+00,0.000000e+00,0.000000e+00,0.000000e+00,0.000000e+00,0.000000e+00,0.000000e+00,0.000000e+00,0.000000e+00,0.000000e+00,0.000000e+00,0.000000e+00,0.000000e+00,0.000000e+00,0.000000e+00
4.496700e-01,4.394338e-02,1.278608e-01,3.008540e-01,4.947541e-03,8.324393e-03,2.781052e-03,4.983746e-03,4.313966e-03,2.556580e-03,6.181369e-03,1.090542e-02,1.109954e-02,1.452285e-03,2.012577e-02
3.312770e-01,3.836869e-02,3.137710e-01,2.369973e-01,3.771171e-03,7.024491e-03,2.097060e-03,4.208571e-03,3.516019e-03,2.808620e-03,5.469301e-03,8.337767e-03,8.966150e-03,1.316430e-03,3.207038e-02
4.401444e-01,4.170813e-02,2.404966e-01,1.759695e-01,3.938986e-03,9.714833e-03,2.106745e-03,5.753989e-03,6.068015e-03,3.264336e-03,5.719786e-03,7.629316e-03,1.099677e-02,6.560574e-03,3.992803e-02
4.987757e-01,4.178301e-02,2.003598e-01,1.372323e-01,4.993887e-03,1.493114e-02,3.648155e-03,1.225469e-02,8.246355e-03,2.950517e-03,6.786700e-03,8.922005e-03,1.440736e-02,7.005309e-03,3.770306e-02
1.000000e+00,0.000000e+00,0.000000e+00,0.000000e+00,0.000000e+00,0.000000e+00,0.000000e+00,0.000000e+00,0.000000e+00,0.000000e+00,0.000000e+00,0.000000e+00,0.000000e+00,0.000000e+00,0.000000e+00
3.847755e-01,2.575262e-02,2.292073e-01,9.892764e-02,5.041372e-03,1.340165e-02,4.561231e-03,1.842991e-01,5.186997e-03,1.769849e-03,4.754436e-03,6.995534e-03,1.008356e-02,4.127861e-03,2.111531e-02
2.814450e-01,1.811253e-02,2.165368e-01,8.834990e-02,4.021781e-03,1.003376e-02,3.664799e-03,3.387103e-01,3.696091e-03,1.258702e-03,3.594500e-03,5.129298e-03,7.564838e-03,2.931723e-03,1.494992e-02
2.097346e-01,1.278304e-02,1.975778e-01,6.752246e-02,3.200115e-03,7.679177e-03,3.348659e-03,4.693404e-01,2.667786e-03,1.000526e-03,2.786749e-03,3.740951e-03,5.648165e-03,2.130135e-03,1.083938e-02
1.481795e-01,9.442492e-03,2.477768e-01,8.344491e-02,2.520094e-03,5.595197e-03,2.442643e-03,4.675796e-01,3.833254e-03,3.159179e-03,5.158342e-03,2.991572e-03,5.948149e-03,1.952132e-03,9.976106e-03
1.052971e-01,6.995566e-03,1.781384e-01,1.347895e-01,2.104217e-03,4.086945e-03,1.750223e-03,3.695712e-01,5.101204e-03,5.617548e-03,1.299198e-01,4.928208e-03,4.027912e-02,2.794768e-03,8.626170e-03
7.391182e-02,5.097943e-03,1.249812e-01,1.253315e-01,1.598230e-03,2.918330e-03,1.236178e-03,2.695542e-01,4.870814e-03,4.748063e-03,2.810395e-01,5.051862e-03,7.750169e-02,1.383949e-02,8.319148e-03
5.198667e-02,3.898454e-03,8.771687e-02,1.098449e-01,1.558367e-03,2.242481e-03,9.333054e-04,1.993215e-01,9.660874e-03,4.259089e-03,2.662854e-01,6.334396e-03,2.115717e-01,3.394765e-02,1.043842e-02
3.645473e-02,2.904711e-03,6.160832e-02,9.184410e-02,1.599789e-03,1.818958e-03,6.723930e-04,1.399003e-01,2.410443e-02,3.379697e-03,3.205423e-01,5.679286e-03,2.082939e-01,8.992804e-02,1.126903e-02
2.555510e-02,2.206714e-03,4.320052e-02,6.666138e-02,1.515570e-03,1.553546e-03,4.783173e-04,9.798999e-02,4.090402e-02,2.999641e-03,2.855875e-01,4.917101e-03,1.668920e-01,2.452385e-01,1.429996e-02
1.847550e-02,2.501857e-03,3.057825e-02,5.054819e-02,1.518826e-03,1.874707e-03,3.568099e-04,6.894280e-02,1.466299e-01,3.797898e-03,2.257340e-01,5.517138e-03,1.333745e-01,2.922686e-01,1.788101e-02
1.370777e-02,3.896495e-03,2.202727e-02,3.737428e-02,1.401176e-03,4.166302e-03,3.181097e-04,4.848287e-02,1.962758e-01,3.535572e-03,1.688720e-01,4.785438e-03,9.700467e-02,3.786132e-01,1.953913e-02
1.017359e-02,1.121500e-02,1.633835e-02,2.896109e-02,2.578967e-03,4.211944e-03,3.022265e-04,3.412326e-02,3.110594e-01,2.956873e-03,1.316174e-01,3.792563e-03,7.027324e-02,3.520848e-01,2.031130e-02
7.874634e-03,2.849004e-02,1.446427e-02,2.080082e-02,2.680024e-03,4.166213e-03,2.489938e-04,2.392886e-02,2.680278e-01,2.418847e-03,1.000355e-01,2.734940e-03,4.982135e-02,4.560868e-01,1.822083e-02
5.837215e-03,4.276638e-02,1.096704e-02,1.468855e-02,2.074577e-03,4.255032e-03,1.954732e-04,1.677106e-02,2.135825e-01,1.979832e-03,7.174361e-02,1.996841e-03,3.515427e-02,5.608596e-01,1.712802e-02
4.909677e-03,5.318023e-02,1.844779e-01,1.126612e-02,1.849544e-03,4.131810e-03,5.318039e-04,1.192561e-02,1.647633e-01,2.363981e-03,5.176456e-02,1.444074e-03,2.496030e-02,4.691761e-01,1.325495e-02
3.952562e-03,7.586466e-02,1.349097e-01,8.383273e-03,2.317724e-03,4.454136e-03,4.729674e-04,9.107664e-03,2.216650e-01,2.133296e-03,3.655261e-02,1.053620e-03,1.805527e-02,4.710906e-01,9.986898e-03
5.372502e-03,5.802697e-02,9.879611e-02,7.833182e-03,3.368344e-03,1.422873e-02,1.219370e-03,7.649917e-03,2.728543e-01,2.285643e-03,2.622593e-02,9.549908e-04,1.588005e-02,4.774529e-01,7.851077e-03
3.080586e-02,4.766487e-02,1.033176e-01,1.099522e-02,6.333569e-03,1.805202e-02,1.552228e-03,8.572522e-03,2.421834e-01,4.406785e-03,2.235798e-02,1.472552e-03,1.411187e-02,4.792441e-01,8.929486e-03
5.982249e-02,4.471155e-02,1.096679e-01,1.279203e-02,1.301767e-02,2.939498e-02,2.948142e-03,7.543266e-03,1.980075e-01,5.827900e-03,2.041245e-02,1.888353e-03,1.304429e-02,4.699356e-01,1.098589e-02
5.272045e-02,4.585903e-02,1.467116e-01,1.513217e-02,1.894141e-02,4.354793e-02,3.332952e-03,6.394334e-03,1.871331e-01,3.013188e-02,2.631518e-02,3.752219e-03,1.391540e-02,3.538182e-01,5.229424e-02
3.909190e-02,5.684282e-02,1.049142e-01,1.993174e-02,1.858044e-02,3.298151e-02,2.815905e-03,4.946932e-03,2.867219e-01,3.902357e-02,2.752081e-02,3.948196e-03,1.520971e-02,2.552898e-01,9.218055e-02
2.998382e-02,6.212717e-02,7.491042e-02,2.554227e-02,1.773581e-02,2.598522e-02,2.762059e-03,3.932242e-03,3.327370e-01,4.138945e-02,3.288954e-02,9.341354e-03,2.119304e-02,1.861173e-01,1.333533e-01
2.370906e-02,5.763942e-02,5.393238e-02,2.973488e-02,1.528139e-02,2.158868e-02,2.311824e-03,3.218931e-03,3.537413e-01,4.485781e-02,2.985683e-02,9.034093e-03,2.864685e-02,1.328476e-01,1.935990e-01
2.169801e-02,4.909552e-02,4.052175e-02,3.094235e-02,1.892799e-02,1.840285e-02,2.229029e-03,2.843719e-03,3.485680e-01,3.909614e-02,3.681124e-02,9.532396e-03,5.556428e-02,9.723927e-02,2.285275e-01
2.191905e-02,4.223441e-02,3.386476e-02,1.052782e-01,2.231811e-02,1.535638e-02,2.045522e-03,8.698832e-03,3.258232e-01,3.069741e-02,4.557108e-02,1.013970e-02,6.015454e-02,7.673533e-02,1.991634e-01
2.320864e-02,3.265889e-02,2.672878e-02,8.346006e-02,2.288093e-02,1.560356e-02,2.188165e-03,1.101384e-02,2.554358e-01,2.422570e-02,5.049409e-02,2.650402e-02,2.158203e-01,5.834182e-02,1.514355e-01
2.404308e-02,2.619267e-02,2.283861e-02,6.220260e-02,1.980987e-02,3.322909e-02,2.399550e-03,2.943705e-02,2.039464e-01,1.992351e-02,6.059437e-02,3.661754e-02,3.006200e-01,4.459477e-02,1.135509e-01
3.186286e-02,2.244356e-02,2.661963e-02,1.057216e-01,1.932875e-02,3.155035e-02,2.306653e-03,5.262713e-02,2.269620e-01,1.682276e-02,5.969327e-02,3.140911e-02,2.538688e-01,3.372055e-02,8.506301e-02
3.453389e-02,2.442408e-02,2.932425e-02,8.206105e-02,1.984135e-02,9.082174e-02,2.754826e-03,5.897233e-02,1.983844e-01,1.438883e-02,5.370683e-02,2.848787e-02,2.713674e-01,2.598483e-02,6.494632e-02
4.026631e-02,3.898696e-02,2.429592e-02,6.345263e-02,1.832461e-02,1.075818e-01,2.663221e-03,8.433174e-02,1.842451e-01,1.155352e-02,4.013584e-02,2.444773e-02,2.914452e-01,1.907283e-02,4.919653e-02
3.708844e-02,5.409374e-02,2.239529e-02,4.618656e-02,1.750125e-02,1.549240e-01,2.644555e-03,7.152919e-02,2.242472e-01,9.076837e-03,2.892904e-02,2.019149e-02,2.602070e-01,1.391028e-02,3.707505e-02
3.637770e-02,6.486481e-02,1.842126e-02,3.513775e-02,1.830773e-02,1.708285e-01,2.664151e-03,6.112935e-02,2.587282e-01,7.412002e-03,2.070151e-02,1.667820e-02,2.497894e-01,1.002730e-02,2.893215e-02
5.173846e-02,1.344644e-01,2.610487e-02,6.318217e-02,1.427263e-02,1.398308e-01,2.130445e-03,6.445639e-02,2.214744e-01,1.024485e-02,1.536044e-02,1.248270e-02,1.860256e-01,7.291641e-03,5.094018e-02
5.742037e-02,1.801600e-01,2.858493e-02,4.962959e-02,1.510885e-02,1.479078e-01,2.081416e-03,6.290172e-02,2.390490e-01,1.024631e-02,1.156349e-02,9.117964e-03,1.357168e-01,5.863585e-03,4.464807e-02
6.768052e-02,2.458402e-01,2.389093e-02,3.638154e-02,2.133054e-02,1.286248e-01,2.113788e-03,7.585606e-02,2.314162e-01,8.618644e-03,8.505750e-03,6.919999e-03,9.819473e-02,5.237056e-03,3.938934e-02
5.801035e-02,2.863393e-01,1.767308e-02,2.612448e-02,2.942133e-02,1.095208e-01,2.081982e-03,6.636114e-02,2.841316e-01,6.219507e-03,6.195784e-03,5.126686e-03,6.990836e-02,4.337476e-03,2.854814e-02
6.127940e-02,3.341544e-01,1.299361e-02,1.876068e-02,2.668818e-02,1.030548e-01,2.004965e-03,5.461441e-02,2.986558e-01,4.460805e-03,4.748462e-03,3.830133e-03,4.999015e-02,3.677921e-03,2.108627e-02
7.176720e-02,3.501792e-01,1.005274e-02,1.393708e-02,2.397849e-02,1.138409e-01,1.681113e-03,4.043523e-02,2.967113e-01,3.605284e-03,4.563400e-03,3.427757e-03,4.541391e-02,3.362624e-03,1.704381e-02
7.332480e-02,3.792446e-01,7.955200e-03,1.110997e-02,2.143745e-02,9.426886e-02,1.552940e-03,3.132920e-02,3.016858e-01,4.936645e-03,4.690187e-03,4.186173e-03,3.626959e-02,3.339705e-03,2.466882e-02
6.891999e-02,3.390689e-01,7.188166e-03,1.334363e-02,1.670626e-02,7.250368e-02,1.425487e-03,2.496353e-02,2.365745e-01,2.092408e-02,9.341076e-03,8.118783e-03,3.250553e-02,4.597687e-03,1.438186e-01
6.588123e-02,2.608539e-01,2.130311e-02,1.001053e-01,1.676751e-02,5.857574e-02,1.461387e-03,1.920730e-02,2.355194e-01,2.334807e-02,1.770289e-02,2.046845e-02,2.781538e-02,4.313919e-03,1.266764e-01
1.362309e-01,1.995089e-01,2.239390e-02,9.139619e-02,1.496893e-02,6.671274e-02,1.788704e-03,1.874785e-02,2.256271e-01,2.739323e-02,1.949473e-02,2.119472e-02,3.576555e-02,4.407522e-03,1.143691e-01
2.251642e-01,1.476611e-01,2.647179e-02,7.340118e-02,1.311106e-02,5.091009e-02,1.707099e-03,1.634411e-02,1.836165e-01,4.766021e-02,1.959163e-02,1.781971e-02,3.191623e-02,7.675220e-03,1.369498e-01
2.042996e-01,1.078388e-01,2.173607e-02,5.855476e-02,9.794788e-03,3.723476e-02,1.385119e-03,1.232076e-02,1.620734e-01,6.382086e-02,1.652100e-02,1.451579e-02,2.798614e-02,1.045215e-02,2.514660e-01
2.251716e-01,8.330268e-02,1.676882e-02,4.787121e-02,7.502601e-03,2.743787e-02,1.445649e-03,1.261682e-02,1.421104e-01,5.748652e-02,1.663105e-02,1.398875e-02,2.683842e-02,2.910160e-02,2.917261e-01
3.006381e-01,6.486204e-02,1.364627e-02,4.260727e-02,7.209225e-03,2.190217e-02,1.632741e-03,1.223736e-02,1.328643e-01,4.313997e-02,2.026020e-02,1.298096e-02,2.968707e-02,3.731829e-02,2.590141e-01
3.055347e-01,5.340610e-02,1.086657e-02,3.458569e-02,6.274322e-03,1.893752e-02,1.734336e-03,1.103401e-02,1.258319e-01,3.382904e-02,1.862108e-02,1.133941e-02,2.520955e-02,8.765443e-02,2.551414e-01
3.255786e-01,5.138998e-02,9.533348e-03,4.642007e-02,7.270562e-03,1.663520e-02,1.653335e-03,9.283523e-03,1.489121e-01,2.776583e-02,1.873084e-02,1.143299e-02,2.221924e-02,8.205801e-02,2.211163e-01
2.989714e-01,4.711187e-02,7.795229e-03,4.281839e-02,8.548049e-03,1.379091e-02,1.429787e-03,7.384819e-03,1.394844e-01,2.331338e-02,1.687313e-02,9.465584e-03,1.941301e-02,1.025700e-01,2.610300e-01
2.213853e-01,6.517390e-02,1.053612e-02,4.242160e-02,7.909643e-03,1.145959e-02,1.133302e-03,5.391208e-03,2.336524e-01,2.426747e-02,1.271404e-02,7.025003e-03,1.451827e-02,7.427365e-02,2.681385e-01
1.797764e-01,1.112783e-01,2.445542e-02,5.371836e-02,1.011037e-02,9.780771e-03,9.356452e-04,5.518550e-03,2.317643e-01,2.300096e-02,1.138808e-02,6.522773e-03,1.227768e-02,6.130474e-02,2.581677e-01
1.509318e-01,1.198985e-01,2.183556e-02,4.069863e-02,7.990513e-03,8.278755e-03,7.630163e-04,4.426709e-03,2.108326e-01,2.490819e-02,1.004008e-02,5.423624e-03,9.545323e-03,6.973484e-02,3.146919e-01
1.680330e-01,1.454129e-01,2.372866e-02,3.536514e-02,1.815596e-02,9.077621e-03,6.969212e-04,5.781387e-03,1.639194e-01,1.921114e-02,1.076565e-02,5.573831e-03,1.035307e-02,7.334507e-02,3.105803e-01
1.376179e-01,1.461679e-01,4.248448e-02,4.732469e-02,2.795220e-02,9.709554e-03,1.188011e-03,7.229339e-03,1.703337e-01,2.029186e-02,1.137025e-02,5.223926e-03,1.136320e-02,6.125537e-02,3.004876e-01
1.341986e-01,1.255854e-01,1.119498e-01,5.168967e-02,2.292954e-02,1.121916e-02,1.411092e-03,9.788061e-03,1.598679e-01,2.656316e-02,1.421315e-02,7.100582e-03,1.521329e-02,5.384004e-02,2.544307e-01
1.222229e-01,1.218575e-01,1.022319e-01,4.698024e-02,1.718801e-02,1.104465e-02,1.381101e-03,8.397127e-03,1.604972e-01,3.519715e-02,1.365713e-02,7.108183e-03,1.399508e-02,4.986202e-02,2.883798e-01
1.322901e-01,1.118528e-01,1.026101e-01,4.396326e-02,1.337159e-02,1.143253e-02,1.440115e-03,7.773247e-03,1.611223e-01,4.392151e-02,1.325317e-02,7.129430e-03,2.099418e-02,5.344872e-02,2.753970e-01
1.661396e-01,1.793463e-01,8.574349e-02,3.762293e-02,1.057956e-02,1.023560e-02,1.319709e-03,6.956281e-03,1.632597e-01,3.747978e-02,1.243627e-02,6.939369e-03,2.300270e-02,4.468287e-02,2.142558e-01
1.865972e-01,1.942264e-01,7.586710e-02,3.728342e-02,1.162419e-02,1.300498e-02,1.310842e-03,7.864584e-03,1.984929e-01,2.901272e-02,1.274977e-02,6.244503e-03,1.995430e-02,3.759278e-02,1.681743e-01
2.912972e-01,1.545933e-01,6.404738e-02,5.693539e-02,1.443901e-02,1.398586e-02,1.895213e-03,1.170760e-02,1.713460e-01,2.248612e-02,1.270714e-02,8.607485e-03,1.710704e-02,3.067473e-02,1.281705e-01
3.493540e-01,1.343302e-01,5.136112e-02,5.351525e-02,1.562693e-02,1.577244e-02,2.296487e-03,2.445170e-02,1.694020e-01,1.791240e-02,1.447094e-02,7.360376e-03,1.629458e-02,2.524626e-02,1.026054e-01
3.488635e-01,1.172199e-01,4.036409e-02,4.495348e-02,2.975762e-02,3.217420e-02,1.960768e-03,5.555689e-02,1.771715e-01,1.303173e-02,1.280910e-02,6.029304e-03,2.061228e-02,1.964668e-02,7.984903e-02
3.208523e-01,1.139419e-01,3.729336e-02,7.630236e-02,5.056870e-02,2.599024e-02,2.614872e-03,7.952226e-02,1.729769e-01,9.591809e-03,1.057241e-02,6.277877e-03,1.900360e-02,1.437740e-02,6.011403e-02
3.125582e-01,1.221863e-01,3.343915e-02,8.002980e-02,5.504065e-02,2.506100e-02,2.671690e-03,7.481709e-02,1.699842e-01,8.454290e-03,9.938361e-03,6.758651e-03,1.800406e-02,1.134926e-02,6.970736e-02
2.413683e-01,1.170845e-01,1.173484e-01,1.407031e-01,6.006069e-02,2.340994e-02,3.911623e-03,6.115445e-02,1.347594e-01,7.658795e-03,7.990832e-03,5.764703e-03,1.398685e-02,8.187194e-03,5.661123e-02
2.353057e-01,9.846261e-02,1.598438e-01,1.425433e-01,6.422372e-02,2.500709e-02,1.084756e-02,6.260238e-02,1.194930e-01,6.002807e-03,6.910438e-03,5.385024e-03,1.332982e-02,6.129143e-03,4.391377e-02
2.451650e-01,1.442490e-01,1.231198e-01,1.088116e-01,5.883927e-02,2.973537e-02,9.556862e-03,5.328416e-02,1.560075e-01,4.607287e-03,6.083364e-03,5.243342e-03,1.131559e-02,6.516770e-03,3.746502e-02
2.641509e-01,1.173340e-01,1.113968e-01,1.295536e-01,5.568223e-02,3.487235e-02,1.588381e-02,5.220830e-02,1.421857e-01,4.493524e-03,8.289283e-03,6.908181e-03,1.760363e-02,6.030721e-03,3.340686e-02
2.616143e-01,8.877581e-02,8.401898e-02,9.646285e-02,7.149956e-02,3.778777e-02,3.783611e-02,1.353916e-01,1.111356e-01,3.350398e-03,9.575162e-03,5.659373e-03,2.518590e-02,5.110084e-03,2.659656e-02
1.914526e-01,6.280852e-02,5.971649e-02,6.822231e-02,6.547686e-02,3.401207e-02,2.403746e-01,1.322995e-01,7.906835e-02,2.439931e-03,7.783980e-03,4.216092e-03,2.877665e-02,3.758732e-03,1.959330e-02
1.458480e-01,4.425030e-02,4.221816e-02,4.806755e-02,7.380244e-02,2.691110e-02,3.847562e-01,1.057209e-01,5.756813e-02,2.018496e-03,8.909451e-03,3.595300e-03,3.576984e-02,2.821046e-03,1.774316e-02
1.059999e-01,3.141135e-02,3.426486e-02,3.599160e-02,1.039519e-01,3.036558e-02,4.587082e-01,7.710771e-02,4.054840e-02,4.221222e-03,8.845097e-03,3.692591e-03,4.435644e-02,2.162438e-03,1.837288e-02
7.434908e-02,2.242093e-02,2.405702e-02,2.562221e-02,7.660049e-02,2.216749e-02,5.859383e-01,5.401047e-02,2.848620e-02,3.243045e-03,7.595251e-03,7.905872e-03,4.792565e-02,1.538611e-03,1.813940e-02
5.216723e-02,1.629427e-02,1.691517e-02,1.829629e-02,5.496198e-02,1.630860e-02,6.177105e-01,3.783631e-02,1.997384e-02,2.427695e-03,6.817689e-03,2.633992e-02,9.884024e-02,1.084455e-03,1.402588e-02
3.659662e-02,1.163230e-02,1.186093e-02,1.304602e-02,3.876275e-02,1.174381e-02,4.889354e-01,2.652092e-02,1.406949e-02,2.130027e-03,3.926849e-02,9.725903e-02,1.962083e-01,1.112858e-03,1.085307e-02
2.572507e-02,8.470998e-03,8.343433e-03,9.470885e-03,2.725910e-02,8.371801e-03,3.502855e-01,1.867307e-02,1.039240e-02,2.287777e-03,7.983169e-02,1.159642e-01,3.221943e-01,3.631131e-03,9.098680e-03
1.817670e-02,6.174426e-03,5.882627e-03,7.030661e-03,1.935963e-02,6.423747e-03,2.594872e-01,1.359963e-02,8.582424e-03,2.172750e-03,1.154487e-01,2.132862e-01,3.115664e-01,5.850967e-03,6.957947e-03
1.276691e-02,4.534813e-03,4.215283e-03,5.766715e-03,1.361971e-02,4.654049e-03,1.820795e-01,1.046253e-02,1.330712e-02,4.542271e-03,1.837782e-01,2.438588e-01,2.805556e-01,2.938581e-02,6.472638e-03
8.970519e-03,3.239535e-03,2.973795e-03,4.623591e-03,9.594568e-03,3.350094e-03,1.275899e-01,7.518831e-03,4.536386e-02,7.462383e-03,1.486116e-01,3.058784e-01,2.645352e-01,5.311339e-02,7.174328e-03
6.381522e-03,2.394823e-03,2.108286e-03,3.586081e-03,6.838919e-03,2.729265e-03,8.938891e-02,5.368432e-03,7.558453e-02,2.123303e-02,1.651819e-01,2.643304e-01,1.973028e-01,1.442078e-01,1.336322e-02
4.589329e-03,1.715425e-03,1.485085e-03,2.533655e-03,4.848154e-03,2.518517e-03,6.258408e-02,3.858193e-03,6.003853e-02,2.042768e-02,3.300958e-01,1.958738e-01,1.392168e-01,1.591595e-01,1.105544e-02
3.784077e-03,1.247200e-03,1.067088e-03,1.807710e-03,3.675030e-03,3.198630e-03,4.382882e-02,2.801249e-03,6.319892e-02,1.888833e-02,2.947477e-01,1.657573e-01,9.975799e-02,2.863573e-01,9.882731e-03
3.474563e-03,9.439349e-04,7.965069e-04,1.316063e-03,2.901924e-03,4.802270e-03,3.070797e-02,2.055225e-03,7.239189e-02,1.414785e-02,3.626253e-01,1.318663e-01,7.060863e-02,2.940872e-01,7.274385e-03
3.001844e-03,8.803554e-04,6.284332e-04,1.098025e-03,2.983225e-03,4.550255e-03,2.150660e-02,1.511408e-03,8.780982e-02,1.048017e-02,4.232529e-01,1.000072e-01,4.984784e-02,2.869945e-01,5.447488e-03
3.521667e-03,1.312202e-03,6.139843e-04,1.252468e-03,2.549306e-03,6.988421e-03,1.513650e-02,1.390365e-03,8.431710e-02,7.718561e-03,4.578602e-01,7.584808e-02,3.535982e-02,3.020869e-01,4.044515e-03
6.333785e-03,1.999257e-03,2.795108e-03,1.679013e-03,2.030771e-03,1.231709e-02,1.066383e-02,1.673008e-03,1.351016e-01,5.756861e-03,4.155665e-01,5.761619e-02,2.512967e-02,3.182670e-01,3.070352e-03
7.194267e-03,2.168566e-03,2.639796e-03,1.438092e-03,1.568647e-03,1.167810e-02,7.477490e-03,1.362257e-03,2.357981e-01,4.282287e-03,3.314714e-01,4.313674e-02,1.777733e-02,3.295559e-01,2.451055e-03
5.712723e-03,1.937860e-03,2.116717e-03,1.275531e-03,1.438070e-03,9.344110e-03,5.244886e-03,1.065650e-03,2.144497e-01,3.690726e-03,3.108678e-01,3.086784e-02,1.297440e-02,3.970255e-01,1.988409e-03
4.418103e-03,1.756555e-03,1.756738e-03,1.059759e-03,2.390905e-03,7.192246e-03,3.678082e-03,8.191580e-04,2.171469e-01,2.961835e-03,2.635752e-01,2.196421e-02,9.388656e-03,4.603663e-01,1.525341e-03
3.388498e-03,1.358316e-03,1.421744e-03,7.838627e-04,1.969733e-03,5.543413e-03,2.576574e-03,6.025626e-04,2.029809e-01,2.145484e-03,2.307866e-01,1.578326e-02,6.717378e-03,5.228048e-01,1.136845e-03
2.638597e-03,1.193939e-03,1.398316e-03,1.122687e-03,1.943580e-03,4.676065e-03,1.807681e-03,4.540381e-04,3.222820e-01,1.809025e-03,1.872930e-01,1.178925e-02,4.832337e-03,4.557712e-01,9.882838e-04
2.047584e-03,1.657062e-03,1.871712e-03,1.172161e-03,2.070626e-03,3.970191e-03,1.268908e-03,3.317693e-04,4.856643e-01,1.507705e-03,1.416198e-01,8.716691e-03,3.418359e-03,3.435039e-01,1.179219e-03
1.525898e-03,1.198768e-03,1.584519e-03,8.582192e-04,1.578314e-03,3.284720e-03,8.888244e-04,2.350324e-04,6.229566e-01,1.165748e-03,1.009731e-01,6.151986e-03,2.399594e-03,2.542108e-01,9.878410e-04
1.257944e-03,8.825338e-04,1.587888e-03,6.681128e-04,1.414069e-03,2.744365e-03,6.240890e-04,1.746080e-04,7.028905e-01,9.532559e-04,7.648484e-02,4.415486e-03,1.699693e-03,2.034294e-01,7.732861e-04
1.307193e-03,6.950881e-04,2.778430e-03,9.125943e-04,1.271328e-03,4.351921e-03,4.499870e-04,2.229195e-04,7.674953e-01,1.084975e-03,5.907268e-02,3.207633e-03,1.343408e-03,1.549537e-01,8.529152e-04
1.346166e-03,7.241793e-04,2.604593e-03,7.002900e-04,9.718299e-04,4.470762e-03,3.186778e-04,1.679592e-04,7.576780e-01,1.158125e-03,5.424106e-02,2.468557e-03,9.880161e-04,1.712911e-01,8.707296e-04
1.597807e-03,6.136158e-04,2.270962e-03,5.437331e-04,7.462618e-04,4.028440e-03,2.248309e-04,1.268424e-04,7.870038e-01,9.627444e-04,4.287275e-02,1.828032e-03,7.117708e-04,1.557084e-01,7.600490e-04
1.731846e-03,4.765771e-04,1.825551e-03,3.952464e-04,5.817049e-04,3.121393e-03,1.587248e-04,9.377181e-05,8.152386e-01,8.550039e-04,3.388056e-02,1.338229e-03,5.073589e-04,1.391772e-01,6.182279e-04
2.714014e-03,4.037901e-04,1.635339e-03,3.059109e-04,5.073641e-04,3.372488e-03,1.158478e-04,1.118851e-04,8.064874e-01,7.609893e-04,2.849801e-02,1.046139e-03,3.755354e-04,1.531115e-01,5.538612e-04
4.491637e-03,3.899626e-04,1.564003e-03,2.856785e-04,7.516103e-04,2.695939e-03,8.718578e-05,1.617159e-04,7.250134e-01,7.567515e-04,3.723942e-02,8.776330e-04,2.793105e-04,2.249331e-01,4.727939e-04
4.592787e-03,6.818040e-04,2.048625e-03,3.374764e-04,1.026578e-03,2.120802e-03,6.552194e-05,2.686725e-04,7.513719e-01,1.049257e-03,3.108312e-02,7.084526e-04,2.143379e-04,2.037850e-01,6.457086e-04
3.900198e-03,7.271082e-04,1.730944e-03,3.028363e-04,8.650835e-04,2.041522e-03,4.953965e-05,2.629035e-04,6.992289e-01,1.051488e-03,3.165622e-02,6.404323e-04,1.714451e-04,2.566855e-01,6.859446e-04
4.696256e-03,6.700114e-04,3.174854e-03,5.002535e-04,1.348241e-03,2.254635e-03,4.040573e-05,4.574957e-04,6.228470e-01,9.856074e-04,3.586302e-02,5.370796e-04,1.588837e-04,3.258429e-01,6.235131e-04
4.428325e-03,8.934792e-04,3.943622e-03,4.184728e-04,1.563341e-03,2.176151e-03,3.334973e-05,4.327183e-04,5.928282e-01,9.586209e-04,3.287177e-02,4.263463e-04,1.231181e-04,3.583643e-01,5.382473e-04
4.235243e-03,1.020073e-03,5.623424e-03,8.334818e-04,2.570227e-03,6.239791e-03,9.418299e-05,1.002536e-03,6.363824e-01,9.927031e-04,2.530385e-02,3.218456e-04,1.032691e-04,3.147802e-01,4.967834e-04
8.533103e-03,2.671319e-03,5.907002e-02,3.519887e-03,3.759928e-03,8.682568e-03,1.012411e-04,1.747125e-03,6.066096e-01,1.091642e-03,2.329265e-02,2.691628e-04,1.102569e-04,2.797486e-01,7.928457e-04
7.615229e-03,3.360222e-03,4.396319e-02,3.454493e-03,3.286041e-03,2.044269e-02,9.891654e-05,1.799670e-03,5.854594e-01,1.542351e-03,2.123898e-02,2.062259e-04,1.222018e-04,3.066740e-01,7.364219e-04
8.281263e-03,3.196339e-03,3.387525e-02,2.989888e-03,3.439780e-03,2.048240e-02,1.161309e-04,1.797598e-03,5.914625e-01,2.180353e-03,1.736284e-02,1.535633e-04,1.118581e-04,3.136917e-01,8.585531e-04
9.014213e-03,2.766232e-03,3.736516e-02,6.708891e-03,4.098642e-03,2.023280e-02,1.717504e-04,3.612978e-03,6.188854e-01,2.486221e-03,1.321436e-02,1.125839e-04,1.038884e-04,2.804094e-01,8.175336e-04
1.435643e-02,2.283281e-03,5.720433e-02,7.014002e-03,5.138382e-03,1.587943e-02,2.006110e-04,3.852803e-03,6.687838e-01,3.223455e-03,9.970719e-03,8.985167e-05,8.645897e-05,2.108882e-01,1.028195e-03
1.695580e-02,1.789228e-03,7.785325e-02,9.149007e-03,9.975574e-03,1.229727e-02,2.074266e-04,5.688000e-03,7.015363e-01,3.129913e-03,7.567341e-03,7.618895e-05,7.008344e-05,1.528170e-01,8.875707e-04
1.821394e-02,1.760470e-03,8.244605e-02,7.539462e-03,8.982052e-03,1.045399e-02,1.795795e-04,5.018919e-03,7.092929e-01,4.446774e-03,5.914363e-03,7.873018e-05,6.385498e-05,1.446033e-01,1.005561e-03
3.361724e-02,5.629431e-03,8.106190e-02,8.010151e-03,1.188214e-02,1.544247e-02,1.356206e-04,5.368600e-03,5.939158e-01,4.327217e-03,2.714794e-02,3.068588e-04,3.392938e-04,2.040171e-01,8.798206e-03
4.449750e-02,5.414771e-03,8.459722e-02,7.211938e-03,9.796595e-03,4.617218e-02,1.147845e-04,4.158059e-03,4.935436e-01,4.553241e-03,4.647692e-02,5.451433e-04,5.305584e-04,2.429608e-01,9.426710e-03
3.396005e-02,8.824934e-03,6.433443e-02,9.323937e-03,8.119541e-03,3.740296e-02,1.102051e-04,3.025466e-03,3.689057e-01,6.241168e-03,1.340841e-01,2.590738e-03,8.213732e-04,3.018939e-01,2.036161e-02
2.392625e-02,6.267188e-03,4.551937e-02,6.684910e-03,5.725606e-03,2.654517e-02,8.233178e-05,2.124963e-03,2.596323e-01,5.177856e-03,2.438381e-01,3.127481e-03,6.747671e-04,3.561870e-01,1.448680e-02
1.695208e-02,4.432639e-03,3.200125e-02,4.701511e-03,4.035227e-03,1.872777e-02,5.975027e-05,1.495106e-03,1.824628e-01,7.594945e-03,4.081455e-01,2.350249e-03,4.882471e-04,3.063318e-01,1.022108e-02
1.210627e-02,3.527096e-03,2.317783e-02,3.400334e-03,3.221793e-03,1.450533e-02,6.143804e-05,1.135465e-03,1.326833e-01,1.578768e-02,4.137598e-01,2.351600e-03,3.760975e-04,3.665159e-01,7.390104e-03
8.529091e-03,2.492172e-03,1.627274e-02,2.386995e-03,2.322273e-03,1.026215e-02,4.849365e-05,8.051344e-04,9.315278e-02,3.081658e-02,5.422548e-01,1.806748e-03,2.764971e-04,2.833841e-01,5.189433e-03
6.038158e-03,1.952799e-03,1.160698e-02,1.706650e-03,2.055559e-03,8.335488e-03,4.090439e-05,5.714582e-04,6.781965e-02,1.411028e-01,5.296414e-01,1.549560e-03,2.473193e-04,2.235765e-01,3.754773e-03
4.244144e-03,1.459775e-03,8.132698e-03,1.211303e-03,1.640176e-03,5.998410e-03,3.408208e-05,4.035798e-04,4.859269e-02,3.768090e-01,3.894114e-01,1.129877e-03,4.248894e-04,1.578100e-01,2.698017e-03
2.982586e-03,1.163879e-03,5.702219e-03,8.591420e-04,1.335438e-03,4.300728e-03,2.576787e-05,2.833900e-04,3.429322e-02,5.386617e-01,2.955841e-01,8.122258e-04,4.615983e-04,1.115920e-01,1.941993e-03
2.123320e-03,1.687228e-03,4.070752e-03,6.183575e-04,1.206999e-03,3.315419e-03,1.990426e-05,2.044602e-04,2.562904e-02,6.599871e-01,2.176519e-01,6.536017e-04,5.130792e-04,8.027326e-02,2.045648e-03
1.513460e-03,2.188450e-03,2.879935e-03,4.437613e-04,1.128603e-03,3.024393e-03,1.555291e-05,1.453725e-04,1.867532e-02,7.315497e-01,1.754212e-01,5.600864e-04,4.574607e-04,6.026087e-02,1.735734e-03
1.135790e-03,6.664422e-03,2.074686e-03,3.478733e-04,1.214638e-03,3.732970e-03,1.276949e-05,1.068595e-04,1.364567e-02,7.981066e-01,1.267936e-01,6.914499e-04,6.891258e-04,4.320690e-02,1.576707e-03
8.712415e-04,1.838059e-02,1.511754e-03,2.930960e-04,1.714790e-03,3.581026e-03,1.337223e-05,8.971609e-05,1.237948e-02,8.339182e-01,9.230638e-02,9.859802e-04,1.020512e-03,3.151810e-02,1.415787e-03
6.639557e-04,2.271167e-02,1.114733e-03,2.502972e-04,2.094598e-03,3.056133e-03,1.705938e-05,7.207730e-05,1.174687e-02,8.614326e-01,6.971189e-02,1.072301e-03,1.103543e-03,2.353718e-02,1.415110e-03
5.580326e-04,1.917493e-02,9.401750e-04,2.051103e-04,1.684748e-03,3.231158e-03,1.674125e-05,5.444595e-05,9.101572e-03,8.888928e-01,5.430903e-02,1.195848e-03,1.277221e-03,1.758015e-02,1.778152e-03
4.894636e-04,1.529167e-02,9.649745e-04,2.740431e-04,1.504160e-03,2.815882e-03,1.973291e-05,5.083060e-05,9.067475e-03,9.049250e-01,4.478521e-02,1.999948e-03,2.247809e-03,1.359393e-02,1.969950e-03
9.467931e-04,3.585699e-02,1.239639e-03,8.833634e-04,2.293113e-03,2.934148e-03,3.662670e-05,7.122305e-05,2.462818e-02,8.697109e-01,4.017245e-02,2.230962e-03,3.694998e-03,1.287204e-02,2.428644e-03
3.202422e-03,2.740218e-02,1.177022e-03,7.308528e-04,2.778296e-03,2.588278e-03,4.356738e-05,1.006176e-04,1.921821e-02,8.183160e-01,6.465609e-02,4.527887e-03,4.695855e-03,4.837384e-02,2.188927e-03
3.895678e-03,1.987665e-02,1.114206e-03,6.135193e-04,3.895304e-03,1.997077e-03,5.566319e-05,1.400753e-04,1.527312e-02,7.834558e-01,7.457098e-02,8.484134e-03,8.309334e-03,7.574445e-02,2.574083e-03
9.777030e-03,1.537285e-02,1.466683e-03,1.314218e-03,2.970559e-02,1.965866e-03,2.905347e-04,9.029446e-04,2.578465e-02,7.493973e-01,7.602674e-02,1.184246e-02,1.367572e-02,5.954309e-02,2.934417e-03
1.227749e-02,1.214607e-02,1.614068e-03,1.362973e-03,2.838151e-02,2.349736e-03,3.083748e-04,1.691597e-03,2.702973e-02,7.776102e-01,6.360891e-02,9.977455e-03,1.338420e-02,4.537092e-02,2.886798e-03
1.079234e-02,9.303167e-03,3.162053e-03,4.497340e-03,2.390189e-02,8.444111e-03,8.078058e-04,4.539098e-03,4.797117e-02,7.779858e-01,5.189186e-02,8.218888e-03,1.148262e-02,3.432617e-02,2.675692e-03
1.016433e-02,1.290824e-02,1.807977e-02,1.239535e-02,3.318578e-02,8.467491e-03,1.401826e-03,1.522285e-02,1.516447e-01,6.429846e-01,4.177113e-02,9.074925e-03,1.373464e-02,2.565449e-02,3.309984e-03
1.543603e-02,1.144033e-02,1.605489e-02,1.194867e-02,7.590964e-02,9.171730e-03,3.252414e-03,1.244241e-02,1.440211e-01,6.283520e-01,3.223820e-02,6.923642e-03,1.128544e-02,1.877313e-02,2.750336e-03
1.643833e-02,1.225798e-02,2.170146e-02,1.724590e-02,1.682805e-01,1.588545e-02,2.317457e-02,1.513580e-02,1.460638e-01,5.101817e-01,2.370852e-02,5.175205e-03,8.954639e-03,1.349253e-02,2.303594e-03
2.290731e-02,1.292412e-02,1.804785e-02,1.517880e-02,2.184670e-01,1.432464e-02,2.303352e-02,1.423774e-02,1.533153e-01,4.667117e-01,1.800150e-02,3.894787e-03,7.027765e-03,9.720883e-03,2.207063e-03
2.367555e-02,3.181995e-02,1.419073e-02,1.742038e-02,1.725439e-01,1.434151e-02,3.048058e-02,2.565991e-02,2.757385e-01,3.443494e-01,2.155057e-02,4.373650e-03,1.260351e-02,6.933682e-03,4.318123e-03
2.388307e-02,2.613510e-02,1.259935e-02,1.412823e-02,1.688949e-01,2.310358e-02,3.116157e-02,2.217782e-02,2.625516e-01,2.681944e-01,2.255643e-02,4.261133e-03,1.083425e-01,4.942400e-03,7.067925e-03
2.076306e-02,2.268583e-02,1.728186e-02,1.469511e-02,1.509037e-01,5.702473e-02,2.636618e-02,1.970626e-02,2.504055e-01,2.076955e-01,2.465181e-02,1.129902e-02,1.636145e-01,3.779355e-03,9.127537e-03
1.578877e-02,1.616266e-02,1.300060e-02,1.106034e-02,1.083231e-01,4.735270e-02,1.906227e-02,1.453680e-02,1.867013e-01,1.485536e-01,2.857813e-02,1.708947e-02,3.602492e-01,2.733052e-03,1.080799e-02
1.218200e-02,1.151896e-02,9.554924e-03,8.366247e-03,7.880612e-02,4.203022e-02,1.391232e-02,1.038667e-02,1.397581e-01,1.045907e-01,2.585540e-02,2.763852e-02,5.025836e-01,1.965874e-03,1.085031e-02
