1.000000e+00,0.000000e+00,0.000000e+00,0.000000e+00,0.000000e+00,0.000000e+00,0.000000e+00,0.000000e+00,0.000000e+00,0.000000e+00,0.000000e+00,0.000000e+00,0.000000e+00,0.000000e+00,0.000000e+00
1.000000e+00,0.000000e+00,0.000000e+00,0.000000e+00,0.000000e+00,0.000000e+00,0.000000e+00,0.000000e+00,0.000000e+00,0.000000e+00,0.000000e+00,0.000000e+00,0.000000e+00,0.000000e+00,0.000000e+00
1.000000e+00,0.000000e+00,0.000000e+00,0.000000e+00,0.000000e+00,0.000000e+00,0.000000e+00,0.000000e+00,0.000000e+00,0.000000e+00,0.000000e+00,0.000000e+00,0.000000e+00,0.000000e+00,0.000000e+00
1.000000e+00,0.000000e+00,0.000000e+00,0.000000e+00,0.000000e+00,0.000000e+00,0.000000e+00,0.000000e+00,0.000000e+00,0.000000e+00,0.000000e+00,0.000000e+00,0.000000e+00,0.000000e+00,0.000000e+00
1.000000e+00,0.000000e+00,0.000000e+00,0.000000e+00,0.000000e+00,0.000000e+00,0.000000e+00,0.000000e+00,0.000000e+00,0.000000e+00,0.000000e+00,0.000000e+00,0.000000e+00,0.000000e+00,0.000000e+00
1.000000e+00,0.000000e+00,0.000000e+00,0.000000e+00,0.000000e+00,0.000000e+00,0.000000e+00,0.000000e+00,0.000000e+00,0.000000e+00,0.000000e+00,0.000000e+00,0.000000e+00,0.000000e+00,0.000000e+00
1.000000e+00,0.000000e+00,0.000000e+00,0.000000e+00,0.000000e+00,0.000000e+00,0.000000e+00,0.000000e+00,0.000000e+00,0.000000e+00,0.000000e+00,0.000000e+00,0.000000e+00,0.000000e+00,0.000000e+00
1.000000e+00,0.000000e+00,0.000000e+00,0.000000e+00,0.000000e+00,0.000000e+00,0.000000e+00,0.000000e+00,0.000000e+00,0.000000e+00,0.000000e+00,0.000000e+00,0.000000e+00,0.000000e+00,0.000000e+00
1.000000e+00,0.000000e+00,0.000000e+00,0.000000e+00,0.000000e+00,0.000000e+00,0.000000e+00,0.000000e+00,0.000000e+00,0.000000e+00,0.000000e+00,0.000000e+00,0.000000e+00,0.000000e+00,0.000000e+00
1.000000e+00,0.000000e+00,0.000000e+00,0.000000e+00,0.000000e+00,0.000000e+00,0.000000e+00,0.000000e+00,0.000000e+00,0.000000e+00,0.000000e+00,0.000000e+00,0.000000e+00,0.000000e+00,0.000000e+00
1.000000e+00,0.000000e+00,0.000000e+00,0.000000e+00,0.000000e+00,0.000000e+00,0.000000e+00,0.000000e+00,0.000000e+00,0.000000e+00,0.000000e+00,0.000000e+00,0.000000e+00,0.000000e+00,0.000000e+00
1.000000e+00,0.000000e+00,0.000000e+00,0.000000e+00,0.000000e+00,0.000000e+00,0.000000e+00,0.000000e+00,0.000000e+00,0.000000e+00,0.000000e+00,0.000000e+00,0.000000e+00,0.000000e+00,0.000000e+00
1.000000e+00,0.000000e+00,0.000000e+00,0.000000e+00,0.000000e+00,0.000000e+00,0.000000e+00,0.000000e+00,0.000000e+00,0.000000e+00,0.000000e+00,0.000000e+00,0.000000e+00,0.000000e+00,0.000000e+00
1.000000e+00,0.000000e+00,0.000000e+00,0.000000e+00,0.000000e+00,0.000000e+00,0.000000e+00,0.000000e+00,0.000000e+00,0.000000e+00,0.000000e+00,0.000000e+00,0.000000e+00,0.000000e+00,0.000000e+00
1.000000e+00,0.000000e+00,0.000000e+00,0.000000e+00,0.000000e+00,0.000000e+00,0.000000e+00,0.000000e+00,0.000000e+00,0.000000e+00,0.000000e+00,0.000000e+00,0.000000e+00,0.000000e+00,0.000000e+00
1.000000e+00,0.000000e+00,0.000000e+00,0.000000e+00,0.000000e+00,0.000000e+00,0.000000e+00,0.000000e+00,0.000000e+00,0.000000e+00,0.000000e+00,0.000000e+00,0.000000e+00,0.000000e+00,0.000000e+00
1.000000e+00,0.000000e+00,0.000000e+00,0.000000e+00,0.000000e+00,0.000000e+00,0.000000e+00,0.000000e+00,0.000000e+00,0.000000e+00,0.000000e+00,0.000000e+00,0.000000e+00,0.000000e+00,0.000000e+00
1.000000e+00,0.000000e+00,0.000000e+00,0.000000e+00,0.000000e+00,0.000000e+00,0.000000e+00,0.000000e+00,0.000000e+00,0.000000e+00,0.000000e+00,0.000000e+00,0.000000e+00,0.000000e+00,0.000000e+00
1.000000e+00,0.000000e+00,0.000000e+00,0.000000e+00,0.000000e+00,0.000000e+00,0.000000e+00,0.000000e+00,0.000000e+00,0.000000e+00,0.000000e+00,0.000000e+00,0.000000e+00,0.000000e+00,0.000000e+00
1.000000e+00,0.000000e+00,0.000000e+00,0.000000e+00,0.000000e+00,0.000000e+00,0.000000e+00,0.000000e+00,0.000000e+00,0.000000e+00,0.000000e+00,0.000000e+00,0.000000e+00,0.000000e+00,0.000000e+00
1.000000e+00,0.000000e+00,0.000000e+00,0.000000e+00,0.000000e+00,0.000000e+00,0.000000e+00,0.000000e+00,0.000000e+00,0.000000e+00,0.000000e+00,0.000000e+00,0.000000e+00,0.000000e+00,0.000000e+00
1.000000e+00,0.000000e+00,0.000000e+00,0.000000e+00,0.000000e+00,0.000000e+00,0.000000e+00,0.000000e+00,0.000000e+00,0.000000e+00,0.000000e+00,0.000000e+00,0.000000e+00,0.000000e+00,0.000000e+00
1.000000e+00,0.000000e+00,0.000000e+00,0.000000e+00,0.000000e+00,0.000000e+00,0.000000e+00,0.000000e+00,0.000000e+00,0.000000e+00,0.000000e+00,0.000000e+00,0.000000e+00,0.000000e+00,0.000000e+00
1.000000e+00,0.000000e+00,0.000000e+00,0.000000e+00,0.000000e+00,0.000000e+00,0.000000e+00,0.000000e+00,0.000000e+00,0.000000e+00,0.000000e+00,0.000000e+00,0.000000e+00,0.000000e+00,0.000000e+00
1.000000e+00,0.000000e+00,0.000000e+00,0.000000e+00,0.000000e+00,0.000000e+00,0.000000e+00,0.000000e+00,0.000000e+00,0.000000e+00,0.000000e+00,0.000000e+00,0.000000e+00,0.000000e+00,0.000000e+00
1.000000e+00,0.000000e+00,0.000000e+00,0.000000e+00,0.000000e+00,0.000000e+00,0.000000e+00,0.000000e+00,0.000000e+00,0.000000e+00,0.000000e+00,0.000000e+00,0.000000e+00,0.000000e+00,0.000000e+00
1.000000e+00,0.000000e+00,0.000000e+00,0.000000e+00,0.000000e+00,0.000000e+00,0.000000e+00,0.000000e+00,0.000000e+00,0.000000e+00,0.000000e+00,0.000000e+00,0.000000e+00,0.000000e+00,0.000000e+00
1.000000e+00,0.000000e+00,0.000000e+00,0.000000e+00,0.000000e+00,0.000000e+00,0.000000e+00,0.000000e+00,0.000000e+00,0.000000e+00,0.000000e+00,0.000000e+00,0.000000e+00,0.000000e+00,0.000000e+00
1.000000e+00,0.000000e+00,0.000000e+00,0.000000e+00,0.000000e+00,0.000000e+00,0.000000e+00,0.000000e+00,0.000000e+00,0.000000e+00,0.000000e+00,0.000000e+00,0.000000e+00,0.000000e+00,0.000000e+00
1.000000e+00,0.000000e+00,0.000000e+00,0.000000e+00,0.000000e+00,0.000000e+00,0.000000e+00,0.000000e+00,0.000000e+00,0.000000e+00,0.000000e+00,0.000000e+00,0.000000e+00,0.000000e+00,0.000000e+00
1.000000e+00,0.000000e+00,0.000000e+00,0.000000e+00,0.000000e+00,0.000000e+00,0.000000e+00,0.000000e+00,0.000000e+00,0.000000e+00,0.000000e+00,0.000000e+00,0.000000e+00,0.000000e+00,0.000000e+00
1.000000e+00,0.000000e+00,0.000000e+00,0.000000e+00,0.000000e+00,0.000000e+00,0.000000e+00,0.000000e+00,0.000000e+00,0.000000e+00,0.000000e+00,0.000000e+00,0.000000e+00,0.000000e+00,0.000000e+00
1.000000e+00,0.000000e+00,0.000000e+00,0.000000e+00,0.000000e+00,0.000000e+00,0.000000e+00,0.000000e+00,0.000000e+00,0.000000e+00,0.000000e+00,0.000000e+00,0.000000e+00,0.000000e+00,0.000000e+00
1.000000e+00,0.000000e+00,0.000000e+00,0.000000e+00,0.000000e+00,0.000000e+00,0.000000e+00,0.000000e+00,0.000000e+00,0.000000e+00,0.000000e+00,0.000000e+00,0.000000e+00,0.000000e+00,0.000000e+00
1.000000e+00,0.000000e+00,0.000000e+00,0.000000e+00,0.000000e+00,0.000000e+00,0.000000e+00,0.000000e+00,0.000000e+00,0.000000e+00,0.000000e+00,0.000000e+00,0.000000e+00,0.000000e+00,0.000000e+00
1.000000e+00,0.000000e+00,0.000000e+00,0.000000e+00,0.000000e+00,0.000000e+00,0.000000e+00,0.000000e+00,0.000000e+00,0.000000e+00,0.000000e+00,0.000000e+00,0.000000e+00,0.000000e+00,0.000000e+00
1.000000e+00,0.000000e+00,0.000000e+00,0.000000e+00,0.000000e+00,0.000000e+00,0.000000e+00,0.000000e+00,0.000000e+00,0.000000e+00,0.000000e+00,0.000000e+00,0.000000e+00,0.000000e+00,0.000000e+00
1.000000e+00,0.000000e+00,0.000000e+00,0.000000e+00,0.000000e+00,0.000000e+00,0.000000e+00,0.000000e+00,0.000000e+00,0.000000e+00,0.000000e+00,0.000000e+00,0.000000e+00,0.000000e+00,0.000000e+00
1.000000e+00,0.000000e+00,0.000000e+00,0.000000e+00,0.000000e+00,0.000000e+00,0.000000e+00,0.000000e+00,0.000000e+00,0.000000e+00,0.000000e+00,0.000000e+00,0.000000e+00,0.000000e+00,0.000000e+00
1.000000e+00,0.000000e+00,0.000000e+00,0.000000e+00,0.000000e+00,0.000000e+00,0.000000e+00,0.000000e+00,0.000000e+00,0.000000e+00,0.000000e+00,0.000000e+00,0.000000e+00,0.000000e+00,0.000000e+00
1.000000e+00,0.000000e+00,0.000000e+00,0.000000e+00,0.000000e+00,0.000000e+00,0.000000e+00,0.000000e+00,0.000000e+00,0.000000e+00,0.000000e+00,0.000000e+00,0.000000e+00,0.000000e+00,0.000000e+00
1.000000e+00,0.000000e+00,0.000000e+00,0.000000e+00,0.000000e+00,0.000000e+00,0.000000e+00,0.000000e+00,0.000000e+00,0.000000e+00,0.000000e+00,0.000000e+00,0.000000e+00,0.000000e+00,0.000000e+00
1.000000e+00,0.000000e+00,0.000000e+00,0.000000e+00,0.000000e+00,0.000000e+00,0.000000e+00,0.000000e+00,0.000000e+00,0.000000e+00,0.000000e+00,0.000000e+00,0.000000e+00,0.000000e+00,0.000000e+00
1.000000e+00,0.000000e+00,0.000000e+00,0.000000e+00,0.000000e+00,0.000000e+00,0.000000e+00,0.000000e+00,0.000000e+00,0.000000e+00,0.000000e+00,0.000000e+00,0.000000e+00,0.000000e+00,0.000000e+00
1.000000e+00,0.000000e+00,0.000000e+00,0.000000e+00,0.000000e+00,0.000000e+00,0.000000e+00,0.000000e+00,0.000000e+00,0.000000e+00,0.000000e+00,0.000000e+00,0.000000e+00,0.000000e+00,0.000000e+00
1.000000e+00,0.000000e+00,0.000000e+00,0.000000e+00,0.000000e+00,0.000000e+00,0.000000e+00,0.000000e+00,0.000000e+00,0.000000e+00,0.000000e+00,0.000000e+00,0.000000e+00,0.000000e+00,0.000000e+00
1.000000e+00,0.000000e+00,0.000000e+00,0.000000e+00,0.000000e+00,0.000000e+00,0.000000e+00,0.000000e+00,0.000000e+00,0.000000e+00,0.000000e+00,0.000000e+00,0.000000e+00,0.000000e+00,0.000000e+00
1.000000e+00,0.000000e+00,0.000000e+00,0.000000e+00,0.000000e+00,0.000000e+00,0.000000e+00,0.000000e+00,0.000000e+00,0.000000e+00,0.000000e+00,0.000000e+00,0.000000e+00,0.000000e+00,0.000000e+00
1.000000e+00,0.000000e+00,0.000000e+00,0.000000e+00,0.000000e+00,0.000000e+00,0.000000e+00,0.000000e+00,0.000000e+00,0.000000e+00,0.000000e+00,0.000000e+00,0.000000e+00,0.000000e+00,0.000000e+00
1.000000e+00,0.000000e+00,0.000000e+00,0.000000e+00,0.000000e+00,0.000000e+00,0.000000e+00,0.000000e+00,0.000000e+00,0.000000e+00,0.000000e+00,0.000000e+00,0.000000e+00,0.000000e+00,0.000000e+00
1.000000e+00,0.000000e+00,0.000000e+00,0.000000e+00,0.000000e+00,0.000000e+00,0.000000e+00,0.000000e+00,0.000000e+00,0.000000e+00,0.000000e+00,0.000000e+00,0.000000e+00,0.000000e+00,0.000000e+00
1.000000e+00,0.000000e+00,0.000000e+00,0.000000e+00,0.000000e+00,0.000000e+00,0.000000e+00,0.000000e+00,0.000000e+00,0.000000e+00,0.000000e+00,0.000000e+00,0.000000e+00,0.000000e+00,0.000000e+00
1.000000e+00,0.000000e+00,0.000000e+00,0.000000e+00,0.000000e+00,0.000000e+00,0.000000e+00,0.000000e+00,0.000000e+00,0.000000e+00,0.000000e+00,0.000000e+00,0.000000e+00,0.000000e+00,0.000000e+00
1.000000e+00,0.000000e+00,0.000000e+00,0.000000e+00,0.000000e+00,0.000000e+00,0.000000e+00,0.000000e+00,0.000000e+00,0.000000e+00,0.000000e+00,0.000000e+00,0.000000e+00,0.000000e+00,0.000000e+00
1.000000e+00,0.000000e+00,0.000000e+00,0.000000e+00,0.000000e+00,0.000000e+00,0.000000e+00,0.000000e+00,0.000000e+00,0.000000e+00,0.000000e+00,0.000000e+00,0.000000e+00,0.000000e+00,0.000000e+00
4.461974e-01,5.397368e-03,3.556654e-01,5.370648e-02,4.537313e-03,1.482757e-02,5.703851e-03,7.612097e-02,3.450409e-03,6.578878e-04,5.446107e-03,1.036355e-02,1.078618e-02,1.355339e-03,5.784202e-03
3.759713e-01,3.932142e-03,4.327951e-01,5.332204e-02,3.456823e-03,1.239066e-02,4.556505e-03,8.282490e-02,2.798238e-03,7.914370e-04,4.627167e-03,8.086276e-03,8.545407e-03,1.199826e-03,4.702160e-03
2.765558e-01,4.217820e-03,5.095163e-01,7.126381e-02,2.905673e-03,9.165360e-03,3.357433e-03,9.392546e-02,4.105603e-03,2.371283e-03,4.627141e-03,5.962959e-03,7.263128e-03,9.126109e-04,3.849622e-03
2.122997e-01,9.281014e-03,5.643960e-01,6.806592e-02,2.611858e-03,7.471575e-03,2.575678e-03,9.221428e-02,9.480119e-03,7.304686e-03,5.584093e-03,4.457507e-03,8.841127e-03,7.089704e-04,4.707434e-03
1.490446e-01,1.988755e-02,4.931098e-01,1.666026e-01,1.903838e-03,5.343154e-03,1.816434e-03,6.504678e-02,4.619307e-02,2.588043e-02,4.619784e-03,3.210598e-03,6.878255e-03,5.327947e-04,9.930257e-03
1.047238e-01,3.797783e-02,3.745315e-01,2.312904e-01,1.385150e-03,4.052822e-03,1.285485e-03,4.572873e-02,1.278312e-01,3.572148e-02,1.116036e-02,2.448014e-03,7.311054e-03,6.411847e-04,1.391098e-02
7.393313e-02,4.111512e-02,3.011376e-01,2.133660e-01,1.198794e-03,3.625293e-03,9.170281e-04,3.209020e-02,1.041726e-01,2.954255e-02,1.644316e-01,2.114112e-03,1.128463e-02,7.648172e-04,2.030653e-02
5.226705e-02,1.034395e-01,2.193918e-01,2.006731e-01,9.892245e-04,3.871582e-03,6.692020e-04,2.257737e-02,1.797623e-01,2.853059e-02,1.286866e-01,1.822939e-03,1.411489e-02,7.175623e-04,4.248619e-02
3.693619e-02,8.655404e-02,1.618361e-01,2.501850e-01,7.830287e-04,3.886134e-03,4.827346e-04,1.592781e-02,2.490707e-01,3.494099e-02,1.112973e-01,1.539443e-03,1.152015e-02,6.854627e-04,3.435494e-02
2.605411e-02,6.178899e-02,1.143811e-01,2.226099e-01,6.086268e-04,4.083607e-03,3.577531e-04,1.131591e-02,3.298028e-01,2.718066e-02,1.534535e-01,2.296060e-03,1.845193e-02,1.205614e-03,2.640939e-02
1.881068e-02,4.424587e-02,8.053403e-02,1.701321e-01,8.841347e-04,3.919551e-03,3.081580e-04,8.097870e-03,3.610291e-01,2.590180e-02,1.449938e-01,3.066598e-03,3.293630e-02,3.705476e-03,1.014345e-01
1.400209e-02,3.121784e-02,5.808594e-02,1.508177e-01,1.738818e-03,5.558540e-03,3.765633e-04,5.915269e-03,3.179289e-01,2.283622e-02,1.604221e-01,3.852274e-03,6.222994e-02,5.654802e-03,1.593630e-01
1.500183e-02,2.416014e-02,4.619361e-02,1.188895e-01,1.008965e-02,7.257769e-03,1.473037e-03,5.082643e-03,2.375130e-01,1.881357e-02,1.610321e-01,1.401841e-02,1.243210e-01,8.428047e-03,2.077256e-01
1.604185e-02,1.816752e-02,3.391360e-02,8.704799e-02,2.093267e-02,7.896794e-03,2.997140e-03,4.156081e-03,1.681667e-01,1.584005e-02,1.487963e-01,1.878166e-02,1.544857e-01,9.513222e-03,2.932627e-01
1.232537e-02,1.363424e-02,2.515429e-02,6.140794e-02,1.732530e-02,8.420855e-03,2.275960e-03,3.207723e-03,1.207204e-01,1.591312e-02,1.154967e-01,2.034634e-02,1.660159e-01,1.242016e-02,4.053356e-01
9.382251e-03,1.007932e-02,1.808096e-02,4.332607e-02,1.310354e-02,7.374558e-03,1.679011e-03,2.445939e-03,9.044453e-02,2.608680e-02,1.140002e-01,2.603750e-02,2.262890e-01,4.815979e-02,3.635105e-01
6.967675e-03,7.231539e-03,1.304189e-02,3.081333e-02,1.130076e-02,6.007962e-03,1.230799e-03,1.942993e-03,6.471551e-02,3.148448e-02,1.542991e-01,4.154179e-02,2.338839e-01,5.523368e-02,3.403047e-01
5.076590e-03,5.109420e-03,9.758084e-03,2.185850e-02,4.751732e-02,4.778795e-03,1.060993e-03,2.153862e-03,4.859889e-02,2.685729e-02,1.546829e-01,3.860353e-02,1.833509e-01,4.873764e-02,4.018552e-01
3.919746e-03,3.810144e-03,1.156194e-02,1.577763e-02,1.061058e-01,4.709616e-03,1.508047e-03,4.165854e-03,5.816205e-02,3.685812e-02,1.540660e-01,3.717589e-02,1.545878e-01,4.767878e-02,3.599125e-01
5.158901e-03,7.909333e-03,6.766461e-02,1.715241e-02,1.429996e-01,3.772379e-02,9.129380e-03,7.195788e-03,6.118371e-02,5.955602e-02,1.308930e-01,2.847352e-02,1.274862e-01,4.107199e-02,2.564017e-01
1.416013e-02,8.586376e-03,6.256756e-02,2.566911e-02,2.051274e-01,5.067931e-02,2.522073e-02,9.362387e-03,1.166137e-01,6.013402e-02,9.798530e-02,2.033980e-02,9.190851e-02,3.112754e-02,1.805180e-01
1.581832e-02,9.880617e-03,6.828923e-02,9.725311e-02,2.044475e-01,6.409743e-02,2.514826e-02,1.500307e-02,1.461828e-01,5.086133e-02,7.156358e-02,1.464461e-02,6.715003e-02,2.264321e-02,1.270169e-01
3.229957e-02,2.006527e-02,7.146357e-02,1.245843e-01,1.775734e-01,6.415693e-02,2.325823e-02,2.427356e-02,1.713712e-01,4.837558e-02,6.437131e-02,1.294759e-02,5.627916e-02,1.753520e-02,9.144506e-02
5.085710e-02,2.286837e-02,6.523079e-02,1.257371e-01,1.657454e-01,8.266690e-02,2.343482e-02,3.519327e-02,1.577756e-01,6.878193e-02,6.301916e-02,1.215837e-02,4.616498e-02,1.380276e-02,6.656341e-02
7.982276e-02,2.811472e-02,5.252152e-02,1.007116e-01,1.410537e-01,7.324170e-02,2.243052e-02,4.193365e-02,1.260163e-01,1.074036e-01,6.226767e-02,1.330586e-02,8.809087e-02,1.064768e-02,5.243775e-02
1.022243e-01,2.530574e-02,4.927043e-02,7.875502e-02,1.241099e-01,5.886780e-02,1.810157e-02,1.008069e-01,1.036376e-01,1.418945e-01,4.679565e-02,1.462691e-02,8.784749e-02,8.722203e-03,3.903381e-02
1.365692e-01,2.193375e-02,4.353534e-02,6.792344e-02,1.343258e-01,7.252474e-02,1.587212e-02,9.803908e-02,9.023346e-02,1.411317e-01,3.709748e-02,1.922003e-02,8.514729e-02,6.759407e-03,2.968709e-02
1.638741e-01,2.955766e-02,4.378527e-02,1.093311e-01,1.094285e-01,6.633292e-02,1.198402e-02,8.581772e-02,7.119466e-02,1.153238e-01,5.933205e-02,2.878348e-02,7.074994e-02,8.289135e-03,2.621548e-02
1.909547e-01,2.533337e-02,3.366525e-02,9.729009e-02,9.673123e-02,5.252641e-02,9.242734e-03,8.076274e-02,6.974183e-02,1.177658e-01,8.775024e-02,4.566630e-02,5.951834e-02,8.266219e-03,2.478468e-02
1.738542e-01,2.397015e-02,2.766007e-02,8.807880e-02,1.172168e-01,4.622649e-02,1.057022e-02,8.778623e-02,7.878286e-02,1.077814e-01,8.527900e-02,6.454961e-02,5.711750e-02,7.749937e-03,2.337668e-02
1.267464e-01,2.145280e-02,2.611256e-02,8.870601e-02,8.824859e-02,1.065358e-01,8.112197e-03,6.287549e-02,7.491659e-02,7.912807e-02,8.809491e-02,1.152269e-01,7.610507e-02,6.361282e-03,3.137735e-02
9.913036e-02,2.242101e-02,2.274509e-02,7.677140e-02,6.665791e-02,1.206319e-01,7.317622e-03,4.710495e-02,8.137447e-02,5.825235e-02,1.037275e-01,1.842468e-01,7.331410e-02,7.051331e-03,2.925321e-02
9.851745e-02,3.219829e-02,1.946426e-02,6.229687e-02,5.112599e-02,1.206598e-01,5.849144e-03,3.602472e-02,9.431703e-02,4.804541e-02,1.520866e-01,1.540878e-01,8.813852e-02,1.179993e-02,2.538819e-02
9.729917e-02,3.596329e-02,1.790779e-02,4.924685e-02,3.979992e-02,1.358436e-01,4.619766e-03,2.866301e-02,7.880533e-02,4.222130e-02,1.986516e-01,1.401585e-01,8.898269e-02,1.726243e-02,2.457470e-02
7.531383e-02,2.810645e-02,1.644014e-02,4.302975e-02,2.977425e-02,1.698281e-01,3.519521e-03,2.073461e-02,6.481590e-02,3.533667e-02,2.715583e-01,1.373495e-01,6.598255e-02,1.708331e-02,2.112708e-02
5.445575e-02,2.023552e-02,1.240677e-02,3.107864e-02,2.112500e-02,1.312147e-01,2.597206e-03,1.463513e-02,4.605251e-02,2.514487e-02,4.644213e-01,1.009378e-01,4.657907e-02,1.374403e-02,1.537171e-02
3.872492e-02,1.441477e-02,9.178492e-03,2.221131e-02,1.497677e-02,9.779175e-02,1.858411e-03,1.029404e-02,3.259682e-02,1.772887e-02,6.093072e-01,7.529089e-02,3.276387e-02,1.196390e-02,1.089803e-02
2.802452e-02,1.052666e-02,6.899584e-03,1.633156e-02,1.144233e-02,7.603188e-02,1.650992e-03,7.413006e-03,2.351478e-02,1.271306e-02,7.071022e-01,5.716756e-02,2.316971e-02,1.013336e-02,7.878876e-03
1.996532e-02,8.165630e-03,5.424477e-03,1.161016e-02,8.569384e-03,5.648453e-02,1.317628e-03,5.365247e-03,1.763894e-02,9.358494e-03,7.648433e-01,5.395658e-02,1.643128e-02,1.476769e-02,6.101282e-03
1.435787e-02,6.294490e-03,3.995440e-03,8.343005e-03,6.655134e-03,4.113012e-02,1.016558e-03,3.892290e-03,1.375646e-02,6.945974e-03,8.028315e-01,5.562796e-02,1.169172e-02,1.880841e-02,4.653002e-03
1.010591e-02,4.578800e-03,2.878377e-03,5.895484e-03,4.788746e-03,2.925621e-02,7.275604e-04,2.757168e-03,1.018524e-02,5.148091e-03,8.440691e-01,5.062416e-02,8.354527e-03,1.730786e-02,3.322737e-03
7.177614e-03,5.016569e-03,2.636308e-03,4.221669e-03,3.774410e-03,2.117967e-02,5.652175e-04,2.078579e-03,1.022219e-02,5.210334e-03,8.487287e-01,6.010199e-02,6.122580e-03,2.033745e-02,2.626655e-03
5.076984e-03,7.384222e-03,2.383124e-03,2.972812e-03,2.808008e-03,1.893091e-02,4.599313e-04,1.574484e-03,1.148538e-02,5.207040e-03,8.516341e-01,6.243080e-02,4.629788e-03,2.108293e-02,1.939406e-03
3.631743e-03,1.054003e-02,1.972746e-03,2.089059e-03,2.076526e-03,1.552121e-02,3.476040e-04,1.193614e-03,1.144321e-02,4.834512e-03,8.620342e-01,6.013387e-02,3.499419e-03,1.922935e-02,1.452931e-03
2.717035e-03,8.578215e-03,1.977318e-03,1.531461e-03,2.412018e-03,1.207753e-02,4.086682e-04,1.133790e-03,1.436045e-02,4.228088e-03,8.824139e-01,4.850622e-02,2.801000e-03,1.576546e-02,1.088890e-03
2.012821e-03,2.026086e-02,2.709309e-03,1.165647e-03,3.205684e-03,1.030218e-02,3.377374e-04,1.087408e-03,5.100199e-02,7.155636e-03,8.079684e-01,7.059959e-02,2.149599e-03,1.913728e-02,9.058559e-04
1.626871e-03,1.677866e-02,3.082955e-03,9.690146e-04,3.613412e-03,1.035526e-02,2.829647e-04,1.963781e-03,6.181560e-02,7.707793e-03,7.726681e-01,8.569451e-02,1.810761e-03,3.090521e-02,7.250665e-04
7.356562e-03,2.174738e-02,1.961781e-02,4.867977e-03,5.165278e-02,1.902515e-02,6.428395e-04,1.777415e-02,1.164639e-01,7.842708e-03,6.293031e-01,6.666654e-02,2.150808e-03,3.368166e-02,1.206566e-03
1.545239e-02,2.414543e-02,1.434453e-02,3.859785e-03,1.202769e-01,1.556260e-02,6.856228e-04,1.395490e-02,1.805086e-01,6.631698e-03,4.955594e-01,4.942837e-02,2.544296e-03,5.554561e-02,1.499858e-03
2.578654e-02,1.954635e-02,1.055607e-02,2.990960e-03,1.545938e-01,1.191600e-02,5.938266e-04,1.050333e-02,2.120730e-01,6.659015e-03,3.935653e-01,3.790965e-02,4.038217e-03,1.017119e-01,7.556041e-03
4.205451e-02,1.461635e-02,8.583114e-03,3.319493e-03,1.240567e-01,1.551206e-02,6.429761e-04,1.190920e-02,2.531484e-01,9.897889e-03,3.475125e-01,3.816247e-02,5.218520e-03,1.100510e-01,1.531481e-02
7.308053e-02,1.232339e-02,9.596639e-03,5.623703e-03,1.103014e-01,2.403724e-02,1.364920e-03,2.134409e-02,2.500259e-01,1.029082e-02,3.154630e-01,3.202866e-02,5.824603e-03,1.119346e-01,1.676041e-02
7.472184e-02,1.263787e-02,1.371116e-02,6.431765e-03,1.073951e-01,2.638994e-02,1.558216e-03,2.357562e-02,2.479117e-01,8.785881e-03,3.283542e-01,2.473179e-02,5.587961e-03,9.933424e-02,1.887282e-02
6.966972e-02,1.149138e-02,1.452270e-02,8.094751e-03,9.487273e-02,2.505164e-02,1.320729e-03,2.055969e-02,2.809274e-01,7.644364e-03,3.317981e-01,2.016606e-02,5.034539e-03,8.560977e-02,2.323644e-02
6.787892e-02,1.265394e-02,3.193354e-02,8.405255e-03,7.969813e-02,3.229324e-02,1.483844e-03,2.296152e-02,2.520927e-01,8.544892e-03,3.111317e-01,1.584207e-02,5.975903e-03,1.185393e-01,3.056505e-02
7.013382e-02,1.555632e-02,7.973602e-02,2.258574e-02,7.946085e-02,4.805285e-02,2.295587e-03,6.277298e-02,2.253792e-01,8.732213e-03,2.247330e-01,1.167470e-02,5.121177e-03,1.111663e-01,3.259932e-02
7.202466e-02,1.612143e-02,1.611020e-01,3.037624e-02,7.885786e-02,4.924216e-02,2.140899e-03,8.420923e-02,1.838206e-01,9.603876e-03,1.618639e-01,8.630672e-03,4.270377e-03,1.031338e-01,3.460222e-02
6.855546e-02,1.799074e-02,1.365647e-01,2.310041e-02,7.024853e-02,3.927826e-02,1.931609e-03,6.160708e-02,1.543230e-01,8.195158e-03,1.223188e-01,6.314402e-03,3.752920e-03,2.606339e-01,2.518514e-02
6.890615e-02,2.945120e-02,1.017702e-01,1.830198e-02,5.561750e-02,3.078253e-02,1.485112e-03,4.535596e-02,1.235107e-01,6.259830e-03,8.832823e-02,4.507632e-03,2.991267e-03,4.033400e-01,1.939179e-02
7.083120e-02,8.891813e-02,8.145171e-02,2.170092e-02,6.630369e-02,2.853352e-02,1.611443e-03,5.012278e-02,1.949874e-01,5.642612e-03,6.335985e-02,3.620526e-03,3.696386e-03,2.936724e-01,2.554739e-02
7.075068e-02,1.105746e-01,6.608064e-02,1.976196e-02,7.847586e-02,9.354808e-02,1.831804e-03,4.254872e-02,2.209208e-01,4.305523e-03,4.719383e-02,2.816184e-03,3.867117e-03,2.167954e-01,2.052881e-02
7.392588e-02,1.143925e-01,6.157903e-02,2.004686e-02,8.233356e-02,1.303218e-01,2.827551e-03,5.373733e-02,2.404937e-01,3.327215e-03,3.432778e-02,2.376453e-03,3.277840e-03,1.586833e-01,1.834922e-02
7.506502e-02,1.353419e-01,5.220924e-02,1.595205e-02,6.493928e-02,2.012401e-01,2.646349e-03,4.794108e-02,2.364482e-01,2.676584e-03,2.518877e-02,2.135353e-03,3.413274e-03,1.154632e-01,1.933965e-02
7.764508e-02,1.456542e-01,4.268076e-02,1.329753e-02,5.160471e-02,2.512336e-01,2.243159e-03,3.780617e-02,2.357367e-01,2.487426e-03,1.865515e-02,2.010445e-03,2.869449e-03,8.385421e-02,3.222142e-02
8.916534e-02,1.246363e-01,3.953531e-02,2.739379e-02,5.912276e-02,2.704863e-01,2.463668e-03,4.931287e-02,2.224931e-01,2.790348e-03,1.394719e-02,2.547619e-03,3.116535e-03,5.953038e-02,3.345853e-02
9.405920e-02,1.006693e-01,3.209591e-02,3.025336e-02,4.534894e-02,3.738345e-01,2.213744e-03,4.452828e-02,1.784922e-01,4.512797e-03,1.078212e-02,3.135242e-03,2.881639e-03,4.265789e-02,3.453487e-02
7.779667e-02,1.161978e-01,3.081119e-02,1.761525e-01,3.465841e-02,2.689802e-01,1.602374e-03,3.291758e-02,1.336808e-01,7.007939e-03,1.228468e-02,4.565842e-03,3.884994e-03,3.059908e-02,6.885987e-02
5.606909e-02,8.737550e-02,2.673479e-02,1.531059e-01,2.494992e-02,1.891679e-01,1.173299e-03,2.317540e-02,1.136363e-01,1.827598e-02,2.056488e-02,4.869199e-03,5.943486e-03,3.102816e-02,2.439302e-01
4.740848e-02,7.058834e-02,2.258021e-02,1.129281e-01,1.848536e-02,1.342395e-01,9.523385e-04,1.715024e-02,1.232441e-01,2.865868e-02,2.363486e-02,5.180719e-03,1.359455e-02,2.965857e-02,3.516960e-01
3.376667e-02,4.968634e-02,1.598144e-02,7.933521e-02,1.299592e-02,9.560655e-02,6.739136e-04,1.208798e-02,9.105944e-02,2.820595e-02,3.830889e-02,8.102668e-03,1.999351e-02,2.273857e-02,4.914570e-01
2.426220e-02,3.626504e-02,1.409480e-02,5.733905e-02,9.397694e-03,7.665399e-02,5.266854e-04,9.492985e-03,8.342960e-02,6.898592e-02,5.295557e-02,9.279401e-03,5.128829e-02,1.940966e-02,4.866192e-01
1.765941e-02,2.627716e-02,1.152229e-02,4.186452e-02,6.894777e-03,5.700499e-02,3.979317e-04,9.415168e-03,7.059108e-02,5.918417e-02,1.010331e-01,8.488840e-03,5.673577e-02,1.879546e-02,5.141354e-01
1.276742e-02,2.114959e-02,9.710186e-03,3.657044e-02,5.235873e-03,4.221848e-02,3.451917e-04,8.609079e-03,1.008412e-01,4.753408e-02,1.104887e-01,6.589241e-03,4.470701e-02,4.110804e-02,5.121255e-01
9.109576e-03,1.499755e-02,7.077042e-03,2.651892e-02,5.804718e-03,3.034252e-02,3.339027e-04,6.290863e-03,1.161451e-01,3.558784e-02,9.216847e-02,5.180162e-03,3.475010e-02,4.503866e-02,5.706546e-01
6.419947e-03,1.050176e-02,4.996023e-03,1.865968e-02,5.565142e-03,2.167521e-02,9.215138e-04,1.171420e-02,8.195183e-02,2.564530e-02,7.349685e-02,3.847946e-03,2.619051e-02,3.277226e-02,6.756419e-01
6.427949e-03,1.068600e-02,8.960839e-03,2.456332e-02,8.466667e-02,8.939349e-02,6.995858e-03,1.654140e-02,7.564171e-02,2.002954e-02,6.009763e-02,6.514625e-03,2.806627e-02,2.592313e-02,5.354916e-01
6.606627e-03,1.022396e-02,1.212581e-02,3.209709e-02,1.079753e-01,8.486278e-02,7.316186e-03,2.263320e-02,6.576957e-02,1.950350e-02,5.758526e-02,1.138061e-02,4.619901e-02,2.208787e-02,4.936332e-01
6.542641e-03,4.949967e-02,1.292327e-02,4.516266e-02,8.722632e-02,6.639802e-02,5.417843e-03,1.637464e-02,1.237835e-01,1.646931e-02,5.981846e-02,2.203055e-02,1.136614e-01,1.619860e-02,3.584932e-01
6.676189e-03,3.694618e-02,1.591287e-02,3.780736e-02,7.383556e-02,4.934708e-02,4.425054e-03,1.209429e-02,9.979603e-02,1.478542e-02,1.377116e-01,5.088164e-02,1.533428e-01,1.277404e-02,2.936639e-01
8.435673e-03,2.693130e-02,1.985656e-02,2.806947e-02,5.499593e-02,3.709545e-02,3.836154e-03,8.938730e-03,7.217496e-02,2.398436e-02,1.204408e-01,5.242258e-02,1.773401e-01,1.111313e-02,3.543648e-01
9.788573e-03,2.108334e-02,1.164529e-01,2.092049e-02,4.227264e-02,2.678018e-02,2.853901e-03,7.177397e-03,5.299001e-02,1.918636e-02,9.556744e-02,4.498165e-02,1.665787e-01,1.559043e-02,3.577760e-01
7.817828e-03,6.346007e-02,1.627810e-01,1.653047e-02,3.449690e-02,2.193691e-02,2.039238e-03,5.395356e-03,4.608617e-02,1.386269e-02,7.466021e-02,3.308517e-02,1.294496e-01,1.168373e-02,3.767147e-01
1.039608e-02,1.283062e-01,2.127066e-01,5.407454e-02,3.815740e-02,1.874008e-02,1.625295e-03,4.250252e-03,5.229788e-02,1.031793e-02,5.447986e-02,2.382129e-02,9.252326e-02,8.883527e-03,2.894198e-01
2.231593e-02,2.541118e-01,1.938329e-01,3.953325e-02,2.990744e-02,1.476016e-02,1.218773e-03,3.162248e-03,5.059986e-02,7.474971e-03,4.073709e-02,1.709573e-02,6.804261e-02,8.377162e-03,2.488301e-01
2.023858e-02,3.139873e-01,1.914845e-01,3.195882e-02,2.363502e-02,1.154491e-02,8.806430e-04,2.595394e-03,7.498640e-02,6.494680e-03,3.104899e-02,1.244910e-02,5.107879e-02,7.094624e-03,2.205223e-01
1.579880e-02,3.183970e-01,1.549679e-01,2.435646e-02,2.041392e-02,1.756468e-02,1.006827e-03,2.337342e-03,1.902601e-01,4.940597e-03,2.355683e-02,8.999804e-03,4.328559e-02,5.162023e-03,1.689520e-01
1.397073e-02,3.819740e-01,1.207170e-01,5.682692e-02,1.854615e-02,1.452041e-02,8.423613e-04,3.130911e-03,2.000074e-01,4.102740e-03,2.056374e-02,6.724704e-03,3.246244e-02,3.747617e-03,1.218628e-01
1.570163e-02,3.365136e-01,8.737149e-02,5.641640e-02,2.570211e-02,2.520878e-02,1.239189e-03,8.819284e-03,2.610905e-01,3.699286e-03,2.091598e-02,5.673741e-03,4.073812e-02,3.309718e-03,1.076001e-01
2.928519e-02,3.383602e-01,6.714060e-02,4.761568e-02,5.503580e-02,2.887864e-02,1.601359e-03,1.720373e-02,2.457796e-01,3.212026e-03,1.656302e-02,4.550014e-03,3.707579e-02,3.645886e-03,1.040524e-01
4.010897e-02,2.983851e-01,9.922521e-02,7.449435e-02,6.372994e-02,2.233841e-02,2.057049e-03,2.378853e-02,2.232535e-01,3.767741e-03,1.380494e-02,6.088965e-03,2.991057e-02,3.598095e-03,9.544864e-02
9.258033e-02,2.277536e-01,7.789584e-02,6.394973e-02,5.589397e-02,1.973606e-02,2.120364e-03,2.024701e-02,2.014191e-01,3.945356e-03,2.672313e-02,4.504276e-02,5.467260e-02,2.369743e-02,8.432274e-02
1.534407e-01,1.917073e-01,5.724987e-02,5.222711e-02,5.308422e-02,1.812350e-02,2.040199e-03,1.657175e-02,1.778369e-01,3.586394e-03,3.848092e-02,5.571351e-02,6.560624e-02,3.500859e-02,7.932281e-02
1.498805e-01,1.579414e-01,4.354972e-02,4.158886e-02,4.716526e-02,1.498607e-02,1.825239e-03,1.604785e-02,1.550769e-01,5.556892e-03,4.115295e-02,5.832487e-02,7.512747e-02,5.063001e-02,1.411460e-01
1.176979e-01,1.214008e-01,3.176513e-02,3.202293e-02,3.588113e-02,1.097253e-02,1.453840e-03,1.261102e-02,1.611004e-01,1.384906e-02,3.548195e-02,4.906899e-02,6.230486e-02,6.060554e-02,2.537840e-01
9.233815e-02,9.653043e-02,2.654441e-02,7.124979e-02,2.865234e-02,9.400311e-03,1.176883e-03,1.000022e-02,2.106364e-01,1.260917e-02,4.646396e-02,5.949920e-02,4.836914e-02,5.247030e-02,2.340593e-01
7.089030e-02,7.303727e-02,2.966310e-02,8.158132e-02,2.140423e-02,7.955092e-03,1.151575e-03,9.310911e-03,2.130144e-01,1.489592e-02,5.204406e-02,4.905605e-02,3.774091e-02,8.712184e-02,2.511331e-01
7.015780e-02,5.350524e-02,2.438913e-02,7.366528e-02,2.081620e-02,8.950938e-03,1.444524e-03,8.784489e-03,1.706255e-01,1.362302e-02,8.230844e-02,7.037847e-02,6.375849e-02,9.058812e-02,2.470044e-01
6.932138e-02,4.368499e-02,1.850295e-02,6.342467e-02,1.963875e-02,9.295134e-03,1.729384e-03,7.760218e-03,2.027662e-01,1.317234e-02,7.130248e-02,7.577424e-02,7.935210e-02,1.000734e-01,2.242019e-01
7.599202e-02,3.474008e-02,1.370392e-02,5.087312e-02,2.015210e-02,1.020610e-02,1.685101e-03,6.439385e-03,2.174769e-01,1.161297e-02,5.745630e-02,7.100849e-02,7.584526e-02,1.556250e-01,1.971833e-01
7.126733e-02,2.629551e-02,1.109084e-02,5.449210e-02,1.601294e-02,9.003531e-03,1.593653e-03,5.746371e-03,3.519180e-01,1.032821e-02,4.529158e-02,5.509755e-02,5.645635e-02,1.406093e-01,1.447968e-01
6.547723e-02,1.991539e-02,1.006740e-02,4.775698e-02,1.268491e-02,9.093811e-03,1.962222e-03,4.491288e-03,3.211348e-01,1.024324e-02,4.040891e-02,4.960623e-02,4.318428e-02,2.520333e-01,1.119401e-01
7.249248e-02,1.651840e-02,1.004536e-02,3.918330e-02,2.461478e-02,8.787187e-03,1.703016e-03,4.165718e-03,2.922728e-01,1.280863e-02,5.167814e-02,4.242695e-02,4.703621e-02,2.738613e-01,1.024058e-01
6.606527e-02,1.325822e-02,2.597205e-02,2.984282e-02,2.581027e-02,7.137531e-03,1.630479e-03,5.747460e-03,2.956735e-01,1.672491e-02,5.411164e-02,3.466174e-02,4.088354e-02,2.933634e-01,8.911715e-02
4.974039e-02,1.000435e-02,2.025442e-02,2.125549e-02,2.182633e-02,5.776409e-03,1.237007e-03,4.447552e-03,2.388358e-01,1.467812e-02,4.311851e-02,2.527740e-02,3.069072e-02,4.418613e-01,7.099625e-02
3.702199e-02,7.323045e-03,1.438951e-02,1.495942e-02,1.553063e-02,4.888251e-03,8.872823e-04,3.158262e-03,1.793288e-01,1.114750e-02,3.528837e-02,1.826686e-02,2.223163e-02,5.772957e-01,5.828285e-02
2.896826e-02,6.868261e-03,3.296952e-02,1.226398e-02,1.227447e-02,4.756739e-03,7.136528e-04,2.324789e-03,1.418803e-01,3.702514e-02,2.915887e-02,1.354939e-02,1.613543e-02,5.764773e-01,8.463404e-02
2.945368e-02,5.830056e-03,2.665870e-02,9.242576e-03,1.166279e-02,4.500841e-03,6.775088e-04,1.874202e-03,1.260847e-01,4.048807e-02,2.464161e-02,9.916110e-03,1.165505e-02,6.280400e-01,6.927419e-02
2.225622e-02,4.835963e-03,2.112635e-02,6.753776e-03,8.838636e-03,4.319877e-03,5.312291e-04,1.483435e-03,1.130335e-01,5.221076e-02,2.580800e-02,7.397228e-03,8.580934e-03,6.592817e-01,6.354250e-02
1.628490e-02,4.277586e-03,1.572129e-02,4.887670e-03,6.520594e-03,3.664756e-03,3.928374e-04,1.069476e-03,1.296038e-01,4.945971e-02,2.382978e-02,5.337128e-03,6.137874e-03,6.824546e-01,5.035794e-02
1.272545e-02,5.593196e-03,2.629035e-02,4.417424e-03,5.208800e-03,5.121097e-03,3.143334e-04,8.111660e-04,1.617875e-01,5.473727e-02,2.272171e-02,4.039074e-03,4.601180e-03,6.433387e-01,4.829280e-02
1.940118e-02,6.938954e-03,2.726601e-02,7.221394e-03,4.264736e-03,7.020495e-03,4.003635e-04,9.215596e-04,2.722772e-01,5.181378e-02,2.179880e-02,3.393190e-03,4.079867e-03,5.298105e-01,4.339194e-02
2.180576e-02,5.619992e-03,1.980122e-02,5.973062e-03,3.707579e-03,6.690654e-03,3.620361e-04,1.370322e-03,3.219105e-01,3.900570e-02,2.680867e-02,2.885169e-03,3.754117e-03,5.074443e-01,3.286089e-02
2.604495e-02,4.604317e-03,1.422352e-02,4.477604e-03,3.184807e-03,6.801932e-03,2.916322e-04,1.094000e-03,3.673857e-01,2.859611e-02,2.281540e-02,2.360481e-03,3.279320e-03,4.891641e-01,2.567620e-02
2.011911e-02,3.817846e-03,1.071524e-02,4.785122e-03,2.794499e-03,6.150370e-03,2.505712e-04,1.163112e-03,4.456517e-01,2.172530e-02,1.852032e-02,1.943916e-03,3.686062e-03,4.367295e-01,2.194739e-02
2.057786e-02,3.239258e-03,1.437094e-02,1.425329e-02,6.670023e-03,9.133905e-03,8.943091e-04,3.434330e-02,3.889281e-01,1.836263e-02,2.724533e-02,3.444854e-03,1.380164e-02,4.235445e-01,2.119013e-02
2.631619e-02,3.159173e-03,1.419548e-02,2.778569e-02,7.999048e-03,8.521076e-03,8.222244e-04,3.079333e-02,3.436396e-01,1.410134e-02,4.524320e-02,7.386738e-03,2.736928e-02,3.955522e-01,4.711539e-02
3.117323e-02,2.802764e-03,1.268403e-02,4.176246e-02,9.090585e-03,8.237976e-03,7.233624e-04,2.496350e-02,3.368910e-01,1.075477e-02,8.054054e-02,1.185101e-02,4.242865e-02,3.396655e-01,4.643064e-02
2.472482e-02,3.051490e-03,1.980266e-02,4.352489e-02,1.012584e-02,8.073769e-03,7.778893e-04,4.268372e-02,2.825517e-01,9.704662e-03,8.438419e-02,1.138966e-02,4.950458e-02,3.395220e-01,7.017813e-02
2.308853e-02,2.752066e-03,1.718996e-02,3.914756e-02,1.473924e-02,6.566626e-03,1.078833e-03,6.810991e-02,2.104105e-01,8.810798e-03,6.727097e-02,9.867708e-03,4.263318e-02,4.111237e-01,7.721046e-02
2.429243e-02,3.591027e-03,1.807131e-02,3.380439e-02,2.927741e-02,7.291100e-03,5.141433e-03,8.808240e-02,1.762462e-01,1.066011e-02,5.642574e-02,1.153201e-02,8.251923e-02,3.300261e-01,1.230392e-01
2.987606e-02,6.971043e-03,3.507633e-02,2.759573e-02,2.792018e-02,1.505926e-02,4.703301e-03,7.000947e-02,1.527514e-01,1.056042e-02,4.529481e-02,1.410062e-02,1.073018e-01,2.494067e-01,2.033729e-01
3.370736e-02,6.934882e-03,1.282158e-01,6.837979e-02,2.634109e-02,1.490718e-02,4.495128e-03,7.096814e-02,1.738911e-01,8.861198e-03,3.416988e-02,1.290519e-02,8.965631e-02,1.755034e-01,1.510637e-01
5.071469e-02,1.172179e-02,1.092453e-01,5.304086e-02,1.219020e-01,1.853880e-02,1.217890e-02,6.158084e-02,1.673656e-01,9.107865e-03,3.140943e-02,1.311015e-02,7.242227e-02,1.302369e-01,1.374246e-01
5.009155e-02,1.260667e-02,8.495916e-02,4.672831e-02,1.901360e-01,1.566122e-02,2.213260e-02,7.139283e-02,1.613204e-01,8.790676e-03,2.553611e-02,1.141545e-02,6.009290e-02,9.580179e-02,1.433343e-01
8.092558e-02,1.660438e-02,7.330150e-02,3.931919e-02,1.849581e-01,2.610739e-02,2.204921e-02,7.645759e-02,1.865772e-01,1.022970e-02,2.343639e-02,1.186464e-02,5.907125e-02,7.437544e-02,1.147224e-01
9.474349e-02,1.658984e-02,8.309225e-02,7.257660e-02,1.739775e-01,2.153727e-02,2.042557e-02,1.192601e-01,1.775453e-01,8.865186e-03,1.828564e-02,1.165155e-02,4.493996e-02,5.335700e-02,8.315285e-02
1.164403e-01,3.150431e-02,6.761935e-02,5.719637e-02,1.577228e-01,2.081288e-02,1.847182e-02,1.391866e-01,2.144686e-01,7.535914e-03,1.528735e-02,1.131442e-02,3.400269e-02,4.089166e-02,6.754501e-02
1.088294e-01,3.615584e-02,6.902634e-02,9.176309e-02,1.391025e-01,1.544388e-02,1.409814e-02,1.467955e-01,2.056202e-01,7.477171e-03,2.229452e-02,1.708294e-02,2.669823e-02,3.075128e-02,6.886099e-02
1.356049e-01,3.906491e-02,8.350430e-02,7.512055e-02,1.120460e-01,1.263760e-02,1.195774e-02,1.305432e-01,2.260682e-01,1.185603e-02,1.911939e-02,1.925463e-02,2.106923e-02,2.353034e-02,7.862301e-02
1.713034e-01,5.524839e-02,1.059479e-01,5.917382e-02,1.043956e-01,1.103960e-02,9.266405e-03,9.965009e-02,2.223580e-01,1.054855e-02,1.939972e-02,2.339278e-02,1.775621e-02,2.042146e-02,7.009812e-02
1.797785e-01,5.889414e-02,1.144976e-01,6.311238e-02,1.002997e-01,1.219137e-02,9.761021e-03,1.002683e-01,2.004431e-01,1.008708e-02,2.161736e-02,2.722053e-02,1.811527e-02,2.009960e-02,6.361403e-02
2.349101e-01,6.114155e-02,1.005552e-01,5.301489e-02,1.056295e-01,1.285529e-02,9.076751e-03,8.526867e-02,1.990577e-01,1.129570e-02,1.857820e-02,2.311473e-02,1.616652e-02,1.640337e-02,5.293181e-02
2.489582e-01,5.385244e-02,1.523322e-01,8.685546e-02,8.786149e-02,1.420671e-02,7.732831e-03,6.559321e-02,1.506396e-01,1.241691e-02,1.557584e-02,2.726111e-02,1.519304e-02,1.379205e-02,4.772905e-02
2.033212e-01,7.446311e-02,1.161418e-01,1.417680e-01,7.563777e-02,1.695366e-02,6.427978e-03,4.763068e-02,1.268427e-01,1.134611e-02,1.378582e-02,2.154723e-02,8.960301e-02,1.068403e-02,4.384696e-02
1.557329e-01,8.489591e-02,9.513406e-02,1.791390e-01,5.519349e-02,1.429379e-02,5.667326e-03,3.380197e-02,1.558520e-01,1.324302e-02,1.162153e-02,1.841838e-02,9.977397e-02,1.000207e-02,6.723058e-02
1.126646e-01,6.276986e-02,6.797651e-02,1.340483e-01,4.074121e-02,1.242454e-02,5.873996e-03,2.384418e-02,1.157447e-01,1.052497e-02,1.143524e-02,1.373453e-02,1.396241e-01,7.304280e-03,2.412890e-01
8.246980e-02,4.904273e-02,5.151061e-02,1.151738e-01,3.507385e-02,1.139241e-02,5.722245e-03,1.713797e-02,9.366114e-02,9.670014e-03,1.091839e-02,1.039938e-02,1.611580e-01,6.294516e-03,3.403751e-01
5.837943e-02,3.510394e-02,3.627941e-02,8.254695e-02,2.547695e-02,1.156816e-02,4.407527e-03,1.215704e-02,8.166547e-02,7.763718e-03,1.391493e-02,7.978736e-03,1.378088e-01,8.771418e-03,4.761776e-01
4.301425e-02,2.550557e-02,2.609575e-02,5.967999e-02,1.852985e-02,1.001910e-02,3.326200e-03,8.643833e-03,9.494764e-02,6.461810e-03,1.294063e-02,6.205575e-03,1.113977e-01,1.126816e-02,5.619639e-01
3.099477e-02,2.021053e-02,1.883076e-02,4.253942e-02,1.435089e-02,9.205764e-03,2.416416e-03,6.099114e-03,8.957179e-02,6.536062e-03,1.590725e-02,5.794255e-03,8.373442e-02,1.352298e-02,6.402856e-01
2.178652e-02,1.504673e-02,1.329468e-02,3.001004e-02,1.081174e-02,6.579743e-03,1.701309e-03,4.281286e-03,1.470242e-01,4.841696e-03,1.242145e-02,4.110966e-03,5.975365e-02,1.017489e-02,6.581612e-01
1.529820e-02,1.165870e-02,9.347699e-03,2.104263e-02,7.890014e-03,4.835293e-03,1.194380e-03,2.999828e-03,1.902272e-01,3.479835e-03,9.947375e-03,2.919353e-03,4.270497e-02,8.054108e-03,6.684005e-01
1.098884e-02,8.700723e-03,6.569599e-03,1.479021e-02,5.595918e-03,3.999403e-03,8.381042e-04,2.103427e-03,3.146723e-01,2.674672e-03,8.663992e-03,2.070450e-03,3.031649e-02,8.061292e-03,5.799547e-01
7.905458e-03,6.652460e-03,4.702487e-03,1.063011e-02,4.009475e-03,3.953050e-03,5.909540e-04,1.476793e-03,4.694850e-01,2.011330e-03,6.431052e-03,1.479735e-03,2.143014e-02,5.988567e-03,4.532535e-01
7.184418e-03,6.851030e-03,3.574229e-03,7.770598e-03,2.924605e-03,4.516747e-03,4.190836e-04,1.048823e-03,5.694382e-01,2.049301e-03,5.544037e-03,1.176899e-03,1.531465e-02,5.073354e-03,3.671141e-01
7.457653e-03,6.883958e-03,2.609294e-03,5.652933e-03,2.126887e-03,7.601838e-03,3.003662e-04,7.585146e-04,6.310014e-01,2.056375e-03,5.502004e-03,1.001326e-03,1.126335e-02,6.144628e-03,3.096395e-01
7.362239e-03,7.508046e-03,2.118359e-03,4.637720e-03,1.630584e-03,6.520449e-03,2.156233e-04,5.661672e-04,7.031493e-01,2.338554e-03,4.951399e-03,1.039147e-03,9.095948e-03,6.326242e-03,2.425403e-01
1.827107e-02,9.371789e-03,1.800110e-03,3.634109e-03,1.445077e-03,5.875983e-03,1.771920e-04,4.988892e-04,6.490335e-01,3.489904e-03,5.718749e-03,1.130561e-03,7.794950e-03,3.560402e-02,2.561541e-01
2.352006e-02,9.464808e-03,1.694801e-03,2.813547e-03,1.453882e-03,5.934391e-03,1.466365e-04,4.947492e-04,5.546136e-01,3.278574e-03,5.938192e-03,9.592943e-04,6.301775e-03,4.021010e-02,3.431755e-01
