1.000000e+00,0.000000e+00,0.000000e+00,0.000000e+00,0.000000e+00,0.000000e+00,0.000000e+00,0.000000e+00,0.000000e+00,0.000000e+00,0.000000e+00,0.000000e+00,0.000000e+00,0.000000e+00,0.000000e+00
1.000000e+00,0.000000e+00,0.000000e+00,0.000000e+00,0.000000e+00,0.000000e+00,0.000000e+00,0.000000e+00,0.000000e+00,0.000000e+00,0.000000e+00,0.000000e+00,0.000000e+00,0.000000e+00,0.000000e+00
1.000000e+00,0.000000e+00,0.000000e+00,0.000000e+00,0.000000e+00,0.000000e+00,0.000000e+00,0.000000e+00,0.000000e+00,0.000000e+00,0.000000e+00,0.000000e+00,0.000000e+00,0.000000e+00,0.000000e+00
1.000000e+00,0.000000e+00,0.000000e+00,0.000000e+00,0.000000e+00,0.000000e+00,0.000000e+00,0.000000e+00,0.000000e+00,0.000000e+00,0.000000e+00,0.000000e+00,0.000000e+00,0.000000e+00,0.000000e+00
1.000000e+00,0.000000e+00,0.000000e+00,0.000000e+00,0.000000e+00,0.000000e+00,0.000000e+00,0.000000e+00,0.000000e+00,0.000000e+00,0.000000e+00,0.000000e+00,0.000000e+00,0.000000e+00,0.000000e+00
1.000000e+00,0.000000e+00,0.000000e+00,0.000000e+00,0.000000e+00,0.000000e+00,0.000000e+00,0.000000e+00,0.000000e+00,0.000000e+00,0.000000e+00,0.000000e+00,0.000000e+00,0.000000e+00,0.000000e+00
1.000000e+00,0.000000e+00,0.000000e+00,0.000000e+00,0.000000e+00,0.000000e+00,0.000000e+00,0.000000e+00,0.000000e+00,0.000000e+00,0.000000e+00,0.000000e+00,0.000000e+00,0.000000e+00,0.000000e+00
1.000000e+00,0.000000e+00,0.000000e+00,0.000000e+00,0.000000e+00,0.000000e+00,0.000000e+00,0.000000e+00,0.000000e+00,0.000000e+00,0.000000e+00,0.000000e+00,0.000000e+00,0.000000e+00,0.000000e+00
1.000000e+00,0.000000e+00,0.000000e+00,0.000000e+00,0.000000e+00,0.000000e+00,0.000000e+00,0.000000e+00,0.000000e+00,0.000000e+00,0.000000e+00,0.000000e+00,0.000000e+00,0.000000e+00,0.000000e+00
1.000000e+00,0.000000e+00,0.000000e+00,0.000000e+00,0.000000e+00,0.000000e+00,0.000000e+00,0.000000e+00,0.000000e+00,0.000000e+00,0.000000e+00,0.000000e+00,0.000000e+00,0.000000e+00,0.000000e+00
1.000000e+00,0.000000e+00,0.000000e+00,0.000000e+00,0.000000e+00,0.000000e+00,0.000000e+00,0.000000e+00,0.000000e+00,0.000000e+00,0.000000e+00,0.000000e+00,0.000000e+00,0.000000e+00,0.000000e+00
1.000000e+00,0.000000e+00,0.000000e+00,0.000000e+00,0.000000e+00,0.000000e+00,0.000000e+00,0.000000e+00,0.000000e+00,0.000000e+00,0.000000e+00,0.000000e+00,0.000000e+00,0.000000e+00,0.000000e+00
1.000000e+00,0.000000e+00,0.000000e+00,0.000000e+00,0.000000e+00,0.000000e+00,0.000000e+00,0.000000e+00,0.000000e+00,0.000000e+00,0.000000e+00,0.000000e+00,0.000000e+00,0.000000e+00,0.000000e+00
1.000000e+00,0.000000e+00,0.000000e+00,0.000000e+00,0.000000e+00,0.000000e+00,0.000000e+00,0.000000e+00,0.000000e+00,0.000000e+00,0.000000e+00,0.000000e+00,0.000000e+00,0.000000e+00,0.000000e+00
1.000000e+00,0.000000e+00,0.000000e+00,0.000000e+00,0.000000e+00,0.000000e+00,0.000000e+00,0.000000e+00,0.000000e+00,0.000000e+00,0.000000e+00,0.000000e+00,0.000000e+00,0.000000e+00,0.000000e+00
1.000000e+00,0.000000e+00,0.000000e+00,0.000000e+00,0.000000e+00,0.000000e+00,0.000000e+00,0.000000e+00,0.000000e+00,0.000000e+00,0.000000e+00,0.000000e+00,0.000000e+00,0.000000e+00,0.000000e+00
1.000000e+00,0.000000e+00,0.000000e+00,0.000000e+00,0.000000e+00,0.000000e+00,0.000000e+00,0.000000e+00,0.000000e+00,0.000000e+00,0.000000e+00,0.000000e+00,0.000000e+00,0.000000e+00,0.000000e+00
1.000000e+00,0.000000e+00,0.000000e+00,0.000000e+00,0.000000e+00,0.000000e+00,0.000000e+00,0.000000e+00,0.000000e+00,0.000000e+00,0.000000e+00,0.000000e+00,0.000000e+00,0.000000e+00,0.000000e+00
1.000000e+00,0.000000e+00,0.000000e+00,0.000000e+00,0.000000e+00,0.000000e+00,0.000000e+00,0.000000e+00,0.000000e+00,0.000000e+00,0.000000e+00,0.000000e+00,0.000000e+00,0.000000e+00,0.000000e+00
1.000000e+00,0.000000e+00,0.000000e+00,0.000000e+00,0.000000e+00,0.000000e+00,0.000000e+00,0.000000e+00,0.000000e+00,0.000000e+00,0.000000e+00,0.000000e+00,0.000000e+00,0.000000e+00,0.000000e+00
1.000000e+00,0.000000e+00,0.000000e+00,0.000000e+00,0.000000e+00,0.000000e+00,0.000000e+00,0.000000e+00,0.000000e+00,0.000000e+00,0.000000e+00,0.000000e+00,0.000000e+00,0.000000e+00,0.000000e+00
1.000000e+00,0.000000e+00,0.000000e+00,0.000000e+00,0.000000e+00,0.000000e+00,0.000000e+00,0.000000e+00,0.000000e+00,0.000000e+00,0.000000e+00,0.000000e+00,0.000000e+00,0.000000e+00,0.000000e+00
1.000000e+00,0.000000e+00,0.000000e+00,0.000000e+00,0.000000e+00,0.000000e+00,0.000000e+00,0.000000e+00,0.000000e+00,0.000000e+00,0.000000e+00,0.000000e+00,0.000000e+00,0.000000e+00,0.000000e+00
1.000000e+00,0.000000e+00,0.000000e+00,0.000000e+00,0.000000e+00,0.000000e+00,0.000000e+00,0.000000e+00,0.000000e+00,0.000000e+00,0.000000e+00,0.000000e+00,0.000000e+00,0.000000e+00,0.000000e+00
1.000000e+00,0.000000e+00,0.000000e+00,0.000000e+00,0.000000e+00,0.000000e+00,0.000000e+00,0.000000e+00,0.000000e+00,0.000000e+00,0.000000e+00,0.000000e+00,0.000000e+00,0.000000e+00,0.000000e+00
1.000000e+00,0.000000e+00,0.000000e+00,0.000000e+00,0.000000e+00,0.000000e+00,0.000000e+00,0.000000e+00,0.000000e+00,0.000000e+00,0.000000e+00,0.000000e+00,0.000000e+00,0.000000e+00,0.000000e+00
1.000000e+00,0.000000e+00,0.000000e+00,0.000000e+00,0.000000e+00,0.000000e+00,0.000000e+00,0.000000e+00,0.000000e+00,0.000000e+00,0.000000e+00,0.000000e+00,0.000000e+00,0.000000e+00,0.000000e+00
1.000000e+00,0.000000e+00,0.000000e+00,0.000000e+00,0.000000e+00,0.000000e+00,0.000000e+00,0.000000e+00,0.000000e+00,0.000000e+00,0.000000e+00,0.000000e+00,0.000000e+00,0.000000e+00,0.000000e+00
1.000000e+00,0.000000e+00,0.000000e+00,0.000000e+00,0.000000e+00,0.000000e+00,0.000000e+00,0.000000e+00,0.000000e+00,0.000000e+00,0.000000e+00,0.000000e+00,0.000000e+00,0.000000e+00,0.000000e+00
1.000000e+00,0.000000e+00,0.000000e+00,0.000000e+00,0.000000e+00,0.000000e+00,0.000000e+00,0.000000e+00,0.000000e+00,0.000000e+00,0.000000e+00,0.000000e+00,0.000000e+00,0.000000e+00,0.000000e+00
1.000000e+00,0.000000e+00,0.000000e+00,0.000000e+00,0.000000e+00,0.000000e+00,0.000000e+00,0.000000e+00,0.000000e+00,0.000000e+00,0.000000e+00,0.000000e+00,0.000000e+00,0.000000e+00,0.000000e+00
1.000000e+00,0.000000e+00,0.000000e+00,0.000000e+00,0.000000e+00,0.000000e+00,0.000000e+00,0.000000e+00,0.000000e+00,0.000000e+00,0.000000e+00,0.000000e+00,0.000000e+00,0.000000e+00,0.000000e+00
1.000000e+00,0.000000e+00,0.000000e+00,0.000000e+00,0.000000e+00,0.000000e+00,0.000000e+00,0.000000e+00,0.000000e+00,0.000000e+00,0.000000e+00,0.000000e+00,0.000000e+00,0.000000e+00,0.000000e+00
1.000000e+00,0.000000e+00,0.000000e+00,0.000000e+00,0.000000e+00,0.000000e+00,0.000000e+00,0.000000e+00,0.000000e+00,0.000000e+00,0.000000e+00,0.000000e+00,0.000000e+00,0.000000e+00,0.000000e+00
1.000000e+00,0.000000e+00,0.000000e+00,0.000000e+00,0.000000e+00,0.000000e+00,0.000000e+00,0.000000e+00,0.000000e+00,0.000000e+00,0.000000e+00,0.000000e+00,0.000000e+00,0.000000e+00,0.000000e+00
1.000000e+00,0.000000e+00,0.000000e+00,0.000000e+00,0.000000e+00,0.000000e+00,0.000000e+00,0.000000e+00,0.000000e+00,0.000000e+00,0.000000e+00,0.000000e+00,0.000000e+00,0.000000e+00,0.000000e+00
1.000000e+00,0.000000e+00,0.000000e+00,0.000000e+00,0.000000e+00,0.000000e+00,0.000000e+00,0.000000e+00,0.000000e+00,0.000000e+00,0.000000e+00,0.000000e+00,0.000000e+00,0.000000e+00,0.000000e+00
1.000000e+00,0.000000e+00,0.000000e+00,0.000000e+00,0.000000e+00,0.000000e+00,0.000000e+00,0.000000e+00,0.000000e+00,0.000000e+00,0.000000e+00,0.000000e+00,0.000000e+00,0.000000e+00,0.000000e+00
1.000000e+00,0.000000e+00,0.000000e+00,0.000000e+00,0.000000e+00,0.000000e+00,0.000000e+00,0.000000e+00,0.000000e+00,0.000000e+00,0.000000e+00,0.000000e+00,0.000000e+00,0.000000e+00,0.000000e+00
1.000000e+00,0.000000e+00,0.000000e+00,0.000000e+00,0.000000e+00,0.000000e+00,0.000000e+00,0.000000e+00,0.000000e+00,0.000000e+00,0.000000e+00,0.000000e+00,0.000000e+00,0.000000e+00,0.000000e+00
1.000000e+00,0.000000e+00,0.000000e+00,0.000000e+00,0.000000e+00,0.000000e+00,0.000000e+00,0.000000e+00,0.000000e+00,0.000000e+00,0.000000e+00,0.000000e+00,0.000000e+00,0.000000e+00,0.000000e+00
1.000000e+00,0.000000e+00,0.000000e+00,0.000000e+00,0.000000e+00,0.000000e+00,0.000000e+00,0.000000e+00,0.000000e+00,0.000000e+00,0.000000e+00,0.000000e+00,0.000000e+00,0.000000e+00,0.000000e+00
1.000000e+00,0.000000e+00,0.000000e+00,0.000000e+00,0.000000e+00,0.000000e+00,0.000000e+00,0.000000e+00,0.000000e+00,0.000000e+00,0.000000e+00,0.000000e+00,0.000000e+00,0.000000e+00,0.000000e+00
1.000000e+00,0.000000e+00,0.000000e+00,0.000000e+00,0.000000e+00,0.000000e+00,0.000000e+00,0.000000e+00,0.000000e+00,0.000000e+00,0.000000e+00,0.000000e+00,0.000000e+00,0.000000e+00,0.000000e+00
1.000000e+00,0.000000e+00,0.000000e+00,0.000000e+00,0.000000e+00,0.000000e+00,0.000000e+00,0.000000e+00,0.000000e+00,0.000000e+00,0.000000e+00,0.000000e+00,0.000000e+00,0.000000e+00,0.000000e+00
1.000000e+00,0.000000e+00,0.000000e+00,0.000000e+00,0.000000e+00,0.000000e+00,0.000000e+00,0.000000e+00,0.000000e+00,0.000000e+00,0.000000e+00,0.000000e+00,0.000000e+00,0.000000e+00,0.000000e+00
1.000000e+00,0.000000e+00,0.000000e+00,0.000000e+00,0.000000e+00,0.000000e+00,0.000000e+00,0.000000e+00,0.000000e+00,0.000000e+00,0.000000e+00,0.000000e+00,0.000000e+00,0.000000e+00,0.000000e+00
1.000000e+00,0.000000e+00,0.000000e+00,0.000000e+00,0.000000e+00,0.000000e+00,0.000000e+00,0.000000e+00,0.000000e+00,0.000000e+00,0.000000e+00,0.000000e+00,0.000000e+00,0.000000e+00,0.000000e+00
1.000000e+00,0.000000e+00,0.000000e+00,0.000000e+00,0.000000e+00,0.000000e+00,0.000000e+00,0.000000e+00,0.000000e+00,0.000000e+00,0.000000e+00,0.000000e+00,0.000000e+00,0.000000e+00,0.000000e+00
1.000000e+00,0.000000e+00,0.000000e+00,0.000000e+00,0.000000e+00,0.000000e+00,0.000000e+00,0.000000e+00,0.000000e+00,0.000000e+00,0.000000e+00,0.000000e+00,0.000000e+00,0.000000e+00,0.000000e+00
1.000000e+00,0.000000e+00,0.000000e+00,0.000000e+00,0.000000e+00,0.000000e+00,0.000000e+00,0.000000e+00,0.000000e+00,0.000000e+00,0.000000e+00,0.000000e+00,0.000000e+00,0.000000e+00,0.000000e+00
1.000000e+00,0.000000e+00,0.000000e+00,0.000000e+00,0.000000e+00,0.000000e+00,0.000000e+00,0.000000e+00,0.000000e+00,0.000000e+00,0.000000e+00,0.000000e+00,0.000000e+00,0.000000e+00,0.000000e+00
1.000000e+00,0.000000e+00,0.000000e+00,0.000000e+00,0.000000e+00,0.000000e+00,0.000000e+00,0.000000e+00,0.000000e+00,0.000000e+00,0.000000e+00,0.000000e+00,0.000000e+00,0.000000e+00,0.000000e+00
1.000000e+00,0.000000e+00,0.000000e+00,0.000000e+00,0.000000e+00,0.000000e+00,0.000000e+00,0.000000e+00,0.000000e+00,0.000000e+00,0.000000e+00,0.000000e+00,0.000000e+00,0.000000e+00,0.000000e+00
1.000000e+00,0.000000e+00,0.000000e+00,0.000000e+00,0.000000e+00,0.000000e+00,0.000000e+00,0.000000e+00,0.000000e+00,0.000000e+00,0.000000e+00,0.000000e+00,0.000000e+00,0.000000e+00,0.000000e+00
4.705474e-01,3.502961e-02,7.147714e-02,7.535140e-02,9.494067e-03,8.320138e-02,6.881108e-03,1.714709e-02,1.602197e-02,4.489859e-03,9.342112e-02,3.724815e-02,2.337262e-02,1.230499e-02,4.401220e-02
4.992833e-01,2.821359e-02,7.131533e-02,6.551472e-02,8.369195e-03,9.246197e-02,8.906912e-03,2.018131e-02,1.379819e-02,3.807274e-03,8.176228e-02,3.549530e-02,2.288795e-02,1.086820e-02,3.713457e-02
1.000000e+00,0.000000e+00,0.000000e+00,0.000000e+00,0.000000e+00,0.000000e+00,0.000000e+00,0.000000e+00,0.000000e+00,0.000000e+00,0.000000e+00,0.000000e+00,0.000000e+00,0.000000e+00,0.000000e+00
1.000000e+00,0.000000e+00,0.000000e+00,0.000000e+00,0.000000e+00,0.000000e+00,0.000000e+00,0.000000e+00,0.000000e+00,0.000000e+00,0.000000e+00,0.000000e+00,0.000000e+00,0.000000e+00,0.000000e+00
4.918732e-01,1.260381e-02,5.646123e-02,3.002878e-02,4.711102e-03,1.817997e-01,5.142006e-03,1.621681e-02,9.690614e-03,2.554598e-03,9.633078e-02,1.793330e-02,1.220529e-02,2.928250e-02,3.316633e-02
1.000000e+00,0.000000e+00,0.000000e+00,0.000000e+00,0.000000e+00,0.000000e+00,0.000000e+00,0.000000e+00,0.000000e+00,0.000000e+00,0.000000e+00,0.000000e+00,0.000000e+00,0.000000e+00,0.000000e+00
3.971016e-01,9.766833e-03,9.926924e-02,2.600921e-02,3.487649e-03,2.042755e-01,3.612499e-03,1.623766e-02,6.031862e-03,2.437955e-03,1.381278e-01,1.091108e-02,7.331855e-03,5.098176e-02,2.441753e-02
2.813308e-01,8.786703e-03,2.379338e-01,3.535020e-02,2.737027e-03,2.055262e-01,2.634760e-03,1.342359e-02,4.524276e-03,2.663861e-02,1.024392e-01,9.029725e-03,6.938600e-03,3.878149e-02,2.392507e-02
2.259135e-01,9.693131e-03,2.745351e-01,3.270365e-02,3.816891e-03,2.517129e-01,2.259119e-03,1.444047e-02,7.129791e-03,2.679673e-02,8.014919e-02,6.706230e-03,6.241646e-03,3.016371e-02,2.773793e-02
2.319129e-01,1.865983e-02,2.065930e-01,2.495397e-02,5.911855e-03,3.236907e-01,1.836813e-03,1.133031e-02,7.896380e-03,2.102346e-02,6.319583e-02,5.306516e-03,5.733047e-03,2.929906e-02,4.265630e-02
2.468001e-01,4.123077e-02,1.538921e-01,1.931254e-02,7.901472e-03,3.360804e-01,1.510483e-03,8.712280e-03,1.178193e-02,1.952023e-02,5.199863e-02,3.958819e-03,4.734625e-03,2.985720e-02,6.270845e-02
1.735743e-01,5.306734e-02,1.248905e-01,1.508152e-02,6.027959e-03,2.904423e-01,1.175808e-03,6.168586e-03,4.141860e-02,4.413432e-02,5.746286e-02,3.119110e-03,4.256791e-03,5.324259e-02,1.259375e-01
1.218924e-01,1.063932e-01,9.524823e-02,1.615108e-02,4.454298e-03,2.046855e-01,8.672851e-04,4.442009e-03,7.459064e-02,3.252388e-02,6.728224e-02,2.538070e-03,3.741125e-03,8.534098e-02,1.798491e-01
8.743776e-02,8.600539e-02,6.822740e-02,1.278875e-02,3.230936e-03,1.449739e-01,6.372242e-04,3.398884e-03,7.543863e-02,2.355805e-02,9.710623e-02,4.447256e-03,5.316022e-03,2.527296e-01,1.347040e-01
6.205683e-02,6.047523e-02,4.778590e-02,1.012717e-02,2.798896e-03,1.018023e-01,4.812955e-04,2.636260e-03,6.730411e-02,1.795001e-02,1.320161e-01,6.594317e-03,5.056287e-03,3.728667e-01,1.100487e-01
4.352214e-02,4.307335e-02,3.348798e-02,7.342943e-03,2.357856e-03,7.440728e-02,3.586602e-04,1.990599e-03,5.327214e-02,1.350818e-02,1.917982e-01,6.099017e-03,4.339300e-03,4.443114e-01,8.013104e-02
3.073453e-02,3.173926e-02,2.381049e-02,6.776196e-03,5.264280e-03,5.517304e-02,3.226247e-04,2.301812e-03,5.911053e-02,1.555297e-02,3.543531e-01,7.827312e-03,6.179793e-03,3.423889e-01,5.846517e-02
2.758772e-02,2.690220e-02,1.705454e-02,7.088888e-03,5.655807e-03,4.082889e-02,4.450707e-04,8.851413e-03,6.180689e-02,1.639626e-02,4.446426e-01,8.765236e-03,7.074608e-03,2.821401e-01,4.475978e-02
1.980295e-02,2.407607e-02,1.261567e-02,5.883665e-03,9.541681e-03,3.105319e-02,4.423221e-04,6.792147e-03,1.298375e-01,1.378223e-02,4.270350e-01,9.655818e-03,5.350505e-03,2.716772e-01,3.245403e-02
1.393959e-02,1.847813e-02,8.941524e-03,4.907986e-03,7.442206e-03,2.641190e-02,3.357165e-04,5.071999e-03,3.019900e-01,1.153579e-02,3.127112e-01,7.289832e-03,4.129919e-03,2.531970e-01,2.361714e-02
9.853617e-03,1.555390e-02,6.426831e-03,6.245138e-03,6.218963e-03,2.527911e-02,3.048375e-04,9.589395e-03,4.328859e-01,9.335867e-03,2.347925e-01,5.974012e-03,4.997867e-03,2.149656e-01,1.757647e-02
7.247477e-03,1.799334e-02,4.805340e-03,6.012347e-03,6.558833e-03,2.839471e-02,2.893632e-04,8.461057e-03,5.216877e-01,7.720033e-03,1.770429e-01,4.885648e-03,7.295577e-03,1.879321e-01,1.367350e-02
5.118040e-03,1.633894e-02,3.537749e-03,4.705775e-03,5.697242e-03,2.363627e-02,2.102668e-04,6.241317e-03,5.489145e-01,9.481868e-03,1.518780e-01,3.645065e-03,1.643059e-02,1.936065e-01,1.055786e-02
3.673751e-03,1.772034e-02,2.555512e-03,5.415491e-03,5.189087e-03,2.638518e-02,1.566293e-04,6.066211e-03,5.705859e-01,8.652972e-03,1.454631e-01,4.511605e-03,3.117073e-02,1.640619e-01,8.391691e-03
2.829209e-03,3.488526e-02,2.152554e-03,6.786682e-03,4.473260e-03,6.527325e-02,1.490687e-04,8.802474e-03,5.679117e-01,6.605843e-03,1.166593e-01,7.776100e-03,2.946105e-02,1.365736e-01,9.660665e-03
3.476019e-03,3.268705e-02,1.667731e-03,8.143220e-03,4.221511e-03,1.462547e-01,1.806229e-04,7.292498e-03,5.186386e-01,5.412300e-03,9.152171e-02,1.135129e-02,3.148228e-02,1.234232e-01,1.424739e-02
4.291121e-03,2.927523e-02,2.112029e-03,1.903839e-02,8.362385e-03,2.087020e-01,3.520586e-04,8.586230e-03,4.831794e-01,5.375291e-03,6.835426e-02,9.470330e-03,2.935815e-02,1.013017e-01,2.224137e-02
4.560825e-03,3.044949e-02,2.782910e-03,6.687430e-02,8.544406e-03,2.228026e-01,3.931023e-04,1.470740e-02,4.565507e-01,6.610303e-03,5.160861e-02,7.263700e-03,2.323312e-02,7.838722e-02,2.523138e-02
4.581167e-03,3.340148e-02,2.203476e-03,9.358186e-02,8.461621e-03,1.937829e-01,3.456810e-04,1.266052e-02,4.773067e-01,9.143653e-03,3.964330e-02,5.627634e-03,2.239366e-02,5.863049e-02,3.823595e-02
3.583736e-03,5.064214e-02,1.822929e-03,1.712252e-01,6.082370e-03,1.467598e-01,2.458307e-04,9.470200e-03,4.748197e-01,9.867378e-03,3.064540e-02,4.302606e-03,1.634169e-02,4.147879e-02,3.271229e-02
2.746868e-03,4.303963e-02,1.968541e-03,1.507796e-01,4.453620e-03,1.051102e-01,1.792525e-04,6.885247e-03,5.531079e-01,1.418331e-02,2.843545e-02,3.589684e-03,1.335704e-02,3.048085e-02,4.168277e-02
4.036527e-03,3.634522e-02,3.639364e-03,1.160602e-01,8.817445e-03,7.647005e-02,2.175500e-04,6.122977e-03,5.478593e-01,1.881048e-02,3.809408e-02,3.467565e-03,1.573951e-02,2.387192e-02,1.004477e-01
4.384784e-03,4.063111e-02,2.082857e-02,1.040838e-01,8.885054e-03,5.582087e-02,2.294702e-04,9.012317e-03,5.394875e-01,3.448453e-02,3.289523e-02,3.944291e-03,1.292007e-02,2.257642e-02,1.098159e-01
3.354712e-03,4.009161e-02,1.537205e-02,8.515968e-02,6.298231e-03,3.920325e-02,1.671293e-04,6.426694e-03,6.272100e-01,2.531902e-02,3.441602e-02,5.958308e-03,1.579880e-02,1.609194e-02,7.913243e-02
2.650990e-03,3.623047e-02,1.282031e-02,1.353664e-01,4.543288e-03,2.758606e-02,1.757199e-04,4.599683e-03,5.256798e-01,1.991349e-02,7.450030e-02,6.923512e-02,1.541247e-02,1.523569e-02,5.605016e-02
2.242809e-03,2.574157e-02,9.709513e-03,1.533787e-01,3.823895e-03,1.961257e-02,1.843866e-04,3.610583e-03,3.855076e-01,1.450542e-02,2.224843e-01,6.593596e-02,1.178682e-02,4.156908e-02,3.990666e-02
1.830713e-03,1.810410e-02,8.116692e-03,1.315175e-01,3.589451e-03,1.406957e-02,1.793335e-04,2.961597e-03,2.756524e-01,1.163552e-02,3.735411e-01,6.365468e-02,9.215948e-03,5.673657e-02,2.919486e-02
1.547303e-03,1.279766e-02,6.730989e-03,9.387461e-02,8.069247e-03,1.057992e-02,2.021938e-04,2.486671e-03,1.934056e-01,8.518867e-03,5.237776e-01,6.074622e-02,6.940553e-03,4.968417e-02,2.063836e-02
1.282103e-03,9.041264e-03,4.976073e-03,6.654719e-02,7.187678e-03,8.082883e-03,1.652354e-04,1.897597e-03,1.355381e-01,6.074170e-03,6.359185e-01,5.768002e-02,5.149810e-03,4.597050e-02,1.448879e-02
1.075627e-03,6.513181e-03,3.595433e-03,4.703890e-02,1.396620e-02,2.261945e-02,1.599319e-04,1.477307e-03,9.498950e-02,4.333928e-03,7.037313e-01,4.572808e-02,3.878709e-03,4.071104e-02,1.018139e-02
8.764673e-04,5.134134e-03,2.729403e-03,3.354827e-02,6.321579e-02,1.638865e-02,1.402785e-04,1.135375e-03,6.682914e-02,3.306839e-03,7.247371e-01,3.707413e-02,2.809307e-03,3.464907e-02,7.426065e-03
7.592646e-04,4.961982e-03,3.100119e-03,2.366734e-02,2.150091e-01,1.167218e-02,1.334872e-04,9.937031e-04,4.706787e-02,2.504591e-03,6.266444e-01,2.728742e-02,2.001953e-03,2.891209e-02,5.284564e-03
1.266409e-03,4.593936e-03,1.276096e-02,1.768978e-02,2.541428e-01,2.229033e-02,7.005047e-04,5.158434e-03,3.409544e-02,2.721293e-03,5.884643e-01,2.390921e-02,1.661612e-03,2.649342e-02,4.051641e-03
1.459846e-03,3.422899e-03,9.214018e-03,1.252386e-02,1.962863e-01,2.445755e-02,5.178933e-04,3.818058e-03,2.412567e-02,2.728669e-03,6.601532e-01,2.120507e-02,1.478442e-03,3.567901e-02,2.929576e-03
1.391741e-03,2.647900e-03,6.754661e-03,8.825609e-03,1.575105e-01,1.908696e-02,3.658797e-04,2.693886e-03,1.702417e-02,2.663916e-03,7.189422e-01,1.838133e-02,1.242697e-03,4.034922e-02,2.119461e-03
1.187140e-03,2.574968e-03,5.319612e-03,6.206643e-03,3.566236e-01,1.344289e-02,2.706348e-04,1.918999e-03,1.199837e-02,1.977404e-03,5.473004e-01,1.545760e-02,9.434763e-04,3.314973e-02,1.628475e-03
1.940543e-03,2.190020e-03,4.374782e-03,4.521962e-03,3.750133e-01,9.932056e-03,2.919860e-04,1.789893e-03,8.756091e-03,2.544339e-03,5.255401e-01,1.463392e-02,1.228434e-03,4.595549e-02,1.287031e-03
2.279740e-03,1.743045e-03,3.372567e-03,3.242780e-03,2.730336e-01,1.055247e-02,2.653949e-04,1.410594e-03,6.260145e-03,2.266373e-03,6.248358e-01,1.185856e-02,1.275531e-03,5.660623e-02,9.971384e-04
2.478034e-03,1.650561e-03,2.609683e-03,2.309128e-03,1.943366e-01,8.525516e-03,1.992447e-04,1.075879e-03,4.531468e-03,2.090312e-03,7.034681e-01,1.017587e-02,1.070859e-03,6.463967e-02,8.391418e-04
2.517873e-03,1.512624e-03,1.967392e-03,1.641464e-03,1.363320e-01,7.410135e-03,1.541563e-04,8.497867e-04,3.784056e-03,2.209478e-03,7.570140e-01,1.439007e-02,1.074456e-03,6.813626e-02,1.006189e-03
4.180682e-03,2.235605e-03,1.595470e-03,1.198018e-03,9.592512e-02,5.799081e-03,1.386819e-04,7.591832e-04,4.320082e-03,3.136556e-03,7.871479e-01,2.337084e-02,1.116279e-03,6.805074e-02,1.025703e-03
4.439040e-03,2.597308e-03,1.402673e-03,8.681917e-04,6.786970e-02,4.445786e-03,1.305663e-04,6.580312e-04,4.065849e-03,5.088555e-03,8.179696e-01,2.443851e-02,1.177175e-03,6.389575e-02,9.532573e-04
4.505492e-03,2.129057e-03,2.599967e-03,7.493757e-04,4.831029e-02,5.216399e-03,3.550401e-04,3.018942e-03,3.448615e-03,6.052384e-03,8.415571e-01,2.089891e-02,1.628570e-03,5.865452e-02,8.752357e-04
4.612498e-03,5.602175e-03,2.649591e-03,7.164954e-04,4.652854e-02,7.895866e-03,1.544612e-03,3.204704e-03,4.807335e-03,1.391929e-02,8.296276e-01,2.139902e-02,1.926334e-03,5.328468e-02,2.281148e-03
4.380403e-03,4.260473e-03,2.391399e-03,5.849940e-04,3.456651e-02,1.207008e-02,3.732600e-03,2.987389e-03,4.248190e-03,1.930306e-02,8.444143e-01,1.626126e-02,2.422823e-03,4.429446e-02,4.081995e-03
1.829161e-02,5.518503e-03,3.773753e-03,1.059401e-03,2.753861e-02,1.381091e-02,2.929821e-03,3.869700e-03,1.081600e-02,4.045066e-02,7.396014e-01,1.265010e-02,2.204916e-03,8.951013e-02,2.797455e-02
4.073925e-02,6.253321e-03,4.041119e-03,1.993262e-03,3.355984e-02,1.098638e-02,2.122005e-03,4.188140e-03,1.782367e-02,4.703263e-02,6.045849e-01,1.076399e-02,2.239858e-03,1.758879e-01,3.778377e-02
5.889520e-02,8.242587e-03,1.026213e-02,3.408849e-03,4.725301e-02,1.037632e-02,1.603639e-03,4.285948e-03,2.384541e-02,4.823181e-02,5.395883e-01,1.019978e-02,2.099487e-03,1.852469e-01,4.646070e-02
7.104909e-02,2.334258e-02,1.156872e-02,3.343750e-03,6.650441e-02,8.648669e-03,1.158526e-03,4.247333e-03,3.419220e-02,4.574428e-02,4.169708e-01,8.872966e-03,1.785654e-03,1.632150e-01,1.393560e-01
8.448328e-02,2.167955e-02,3.590104e-02,3.287921e-03,6.856057e-02,8.274786e-03,8.629956e-04,4.744596e-03,3.578217e-02,3.533616e-02,4.186247e-01,8.620726e-03,1.898604e-03,1.460553e-01,1.258876e-01
1.002238e-01,1.962184e-02,2.071369e-01,8.749655e-03,5.805618e-02,7.842901e-03,8.018709e-04,1.354360e-02,2.977321e-02,2.523367e-02,3.073041e-01,7.552586e-03,1.640689e-03,1.061632e-01,1.063557e-01
1.005314e-01,1.719845e-02,3.764824e-01,1.412866e-02,4.692221e-02,6.233937e-03,6.551591e-04,1.564363e-02,2.304255e-02,1.808770e-02,2.203388e-01,6.212950e-03,1.403487e-03,7.518275e-02,7.793591e-02
9.461612e-02,1.711665e-02,4.887891e-01,1.661811e-02,3.994191e-02,6.384157e-03,5.133448e-04,1.316754e-02,2.067265e-02,1.329456e-02,1.656056e-01,5.703299e-03,1.185138e-03,5.614311e-02,6.024867e-02
8.927334e-02,1.590525e-02,5.534098e-01,3.822410e-02,4.147104e-02,6.654039e-03,5.538864e-04,1.665027e-02,1.790409e-02,1.010940e-02,1.187133e-01,4.823999e-03,1.143231e-03,4.071378e-02,4.445041e-02
8.441251e-02,1.231839e-02,5.862437e-01,5.859707e-02,4.217426e-02,5.466547e-03,5.919269e-04,3.985722e-02,1.397182e-02,7.311658e-03,8.401152e-02,3.544280e-03,9.726324e-04,2.909825e-02,3.142818e-02
6.788573e-02,9.205570e-03,5.899123e-01,6.063158e-02,3.477108e-02,4.567029e-03,6.369813e-04,1.102752e-01,1.037937e-02,5.570733e-03,5.959485e-02,2.643720e-03,8.639768e-04,2.068944e-02,2.237245e-02
5.392250e-02,7.113175e-03,6.364750e-01,4.986481e-02,2.740237e-02,4.010254e-03,8.615828e-04,1.326230e-01,7.710361e-03,4.173440e-03,4.217463e-02,1.943035e-03,7.630578e-04,1.496944e-02,1.599334e-02
4.598738e-02,6.014972e-03,6.365274e-01,4.159199e-02,3.119152e-02,4.559021e-03,1.495676e-03,1.654365e-01,6.478003e-03,3.518412e-03,3.058919e-02,1.763667e-03,1.204634e-03,1.092842e-02,1.271322e-02
4.505277e-02,5.965272e-03,5.644296e-01,3.559273e-02,2.799267e-02,3.525678e-02,7.953883e-03,1.926182e-01,7.089444e-03,3.729841e-03,2.462320e-02,2.860345e-03,2.477109e-02,8.013121e-03,1.405099e-02
4.060166e-02,6.652562e-03,4.141441e-01,3.545827e-02,2.312637e-02,3.521688e-02,1.050893e-02,1.889265e-01,1.015330e-02,1.962787e-02,3.146232e-02,2.182228e-02,1.340380e-01,8.404385e-03,1.985654e-02
3.346238e-02,6.547969e-03,2.982648e-01,3.026203e-02,1.965291e-02,3.255102e-02,1.309500e-02,1.441372e-01,1.226728e-02,1.835157e-02,3.174962e-02,4.326434e-02,2.867774e-01,8.412786e-03,2.120373e-02
2.868604e-02,5.095405e-03,2.100740e-01,2.230450e-02,1.777264e-02,2.752560e-02,1.060440e-02,1.030414e-01,1.084948e-02,1.351131e-02,2.963138e-02,3.916815e-02,4.582098e-01,6.200423e-03,1.732552e-02
2.506620e-02,4.690205e-03,1.495616e-01,1.736509e-02,1.321198e-02,2.339507e-02,9.017775e-03,7.263960e-02,9.736981e-03,1.024212e-02,2.202884e-02,3.332140e-02,5.885245e-01,5.008138e-03,1.619050e-02
2.150739e-02,4.243377e-03,1.050427e-01,1.286400e-02,9.469981e-03,2.242751e-02,6.792239e-03,5.120067e-02,8.331285e-03,7.454056e-03,1.693018e-02,2.914671e-02,6.851084e-01,3.645436e-03,1.583607e-02
2.064775e-02,3.389464e-03,7.390763e-02,9.239531e-03,6.842636e-03,1.767888e-02,5.119643e-03,3.607856e-02,6.760037e-03,5.498042e-03,1.352460e-02,2.474099e-02,7.086844e-01,2.854923e-03,6.503294e-02
1.881495e-02,4.079414e-03,5.303283e-02,1.083644e-02,6.316979e-03,1.442425e-02,4.051625e-03,2.554287e-02,8.910379e-03,4.218061e-03,9.850287e-03,2.418301e-02,7.584662e-01,2.455452e-03,5.481718e-02
1.658189e-02,3.586956e-03,3.757435e-02,9.165012e-03,5.543094e-03,1.743113e-02,3.045413e-03,1.870803e-02,9.532440e-03,4.295601e-03,1.140217e-02,1.892172e-02,7.208949e-01,2.992362e-03,1.203249e-01
1.726586e-02,3.080492e-03,2.943799e-02,8.150050e-03,1.068078e-02,1.311889e-02,3.128127e-03,1.572537e-02,1.124825e-02,6.519364e-03,9.151205e-03,1.444458e-02,5.421509e-01,2.951437e-03,3.129467e-01
1.500128e-02,3.434607e-03,2.923324e-02,7.894519e-03,2.638390e-02,1.036014e-02,4.134282e-03,1.462374e-02,1.054524e-02,6.771880e-03,7.509228e-03,1.121446e-02,4.005918e-01,2.641045e-03,4.496607e-01
1.695653e-02,3.719088e-03,7.299389e-02,3.312309e-02,3.673773e-02,9.226883e-03,4.610235e-03,1.501529e-02,1.196285e-02,7.632840e-03,7.982821e-03,8.816756e-03,3.082059e-01,3.286745e-03,4.597293e-01
3.596643e-02,4.155726e-03,9.078528e-02,3.891802e-02,3.518812e-02,9.738908e-03,6.280174e-03,1.346334e-02,1.312508e-02,9.431424e-03,3.421650e-02,3.061729e-02,2.842885e-01,7.197770e-03,3.866274e-01
4.640709e-02,4.262864e-03,9.108667e-02,3.511231e-02,4.128710e-02,8.008776e-03,6.091837e-03,1.288731e-02,1.253958e-02,1.117138e-02,5.848085e-02,3.998177e-02,2.598047e-01,1.185401e-02,3.610238e-01
4.256046e-02,5.003243e-03,6.980175e-02,3.125980e-02,5.731158e-02,8.449743e-03,5.170250e-03,1.017535e-02,1.461174e-02,4.502022e-02,8.213282e-02,5.161528e-02,2.394046e-01,1.806895e-02,3.194143e-01
3.710727e-02,7.264585e-03,6.010147e-02,2.642417e-02,5.121123e-02,8.485803e-03,3.950885e-03,8.015424e-03,1.751369e-02,1.160281e-01,1.107049e-01,4.896262e-02,2.057312e-01,2.056698e-02,2.779316e-01
3.723565e-02,7.863247e-03,1.047092e-01,6.417098e-02,4.352109e-02,7.227920e-03,3.208461e-03,1.281168e-02,4.124220e-02,1.223477e-01,9.713410e-02,4.407569e-02,1.744074e-01,1.595383e-02,2.240908e-01
3.168431e-02,9.314917e-03,2.144848e-01,8.294805e-02,3.504923e-02,7.139530e-03,2.476863e-03,1.698390e-02,4.825345e-02,9.202970e-02,7.822105e-02,3.317378e-02,1.363134e-01,1.516060e-02,1.967664e-01
3.141213e-02,1.013672e-02,2.027764e-01,7.884461e-02,2.739173e-02,9.821638e-03,1.968756e-03,1.502180e-02,6.192867e-02,9.591436e-02,6.231013e-02,2.516554e-02,1.093032e-01,1.916830e-02,2.488361e-01
3.329609e-02,9.343463e-03,1.483804e-01,5.601829e-02,2.061300e-02,8.228134e-03,1.488855e-03,1.157032e-02,5.250795e-02,1.019398e-01,4.646918e-02,1.775905e-02,7.768998e-02,2.125636e-02,3.934392e-01
2.909189e-02,8.970229e-03,1.168814e-01,4.179376e-02,1.570199e-02,7.215491e-03,1.170717e-03,9.215793e-03,5.250207e-02,9.174267e-02,3.417856e-02,1.260386e-02,5.504232e-02,2.357705e-02,5.003122e-01
2.767568e-02,2.466006e-02,1.564950e-01,7.938547e-02,1.237759e-02,8.700813e-03,9.347505e-04,6.877769e-03,7.335584e-02,8.537823e-02,2.805568e-02,1.030071e-02,4.148781e-02,1.907202e-02,4.252425e-01
3.094258e-02,2.886085e-02,1.195713e-01,5.947684e-02,9.753451e-03,7.826625e-03,8.747068e-04,6.590550e-03,7.751884e-02,7.332706e-02,2.241980e-02,8.199645e-03,3.072188e-02,2.491692e-02,4.989989e-01
4.681507e-02,2.611696e-02,8.561689e-02,4.294373e-02,8.542591e-03,6.465392e-03,8.220368e-04,5.936209e-03,6.308416e-02,5.777756e-02,1.693736e-02,6.076948e-03,2.236301e-02,2.516334e-02,5.853387e-01
4.745282e-02,7.795377e-02,6.191849e-02,4.457327e-02,6.752414e-03,9.827372e-03,6.583411e-04,4.222705e-03,7.381511e-02,4.430242e-02,1.432719e-02,1.505050e-02,2.085931e-02,3.122991e-02,5.470563e-01
6.754815e-02,7.496660e-02,4.483207e-02,3.488725e-02,6.348033e-03,1.092985e-02,9.084261e-04,3.372111e-03,7.053908e-02,3.519277e-02,1.297863e-02,1.494733e-02,1.772221e-02,5.677836e-02,5.480491e-01
8.307520e-02,6.489055e-02,3.242529e-02,2.628021e-02,5.478765e-03,8.738815e-03,7.875690e-04,2.536663e-03,5.975626e-02,2.621592e-02,1.047943e-02,1.170850e-02,1.451643e-02,4.995645e-02,6.031539e-01
6.373096e-02,4.840245e-02,2.318023e-02,1.853934e-02,4.178875e-03,7.077624e-03,5.833258e-04,1.821719e-03,4.792191e-02,1.952630e-02,7.844881e-03,8.279783e-03,1.062068e-02,6.405128e-02,6.742407e-01
5.718869e-02,3.924012e-02,1.731697e-02,1.372370e-02,5.726164e-03,8.132245e-03,6.150547e-04,2.350987e-03,4.324180e-02,1.512490e-02,6.888491e-03,6.146061e-03,8.649198e-03,7.142188e-02,7.042338e-01
4.470273e-02,4.495687e-02,2.115183e-02,1.998333e-02,4.441119e-03,7.748346e-03,5.258003e-04,1.851896e-03,6.036745e-02,2.375703e-02,5.993918e-03,4.597590e-03,6.703581e-03,6.596390e-02,6.872547e-01
3.414821e-02,3.430283e-02,1.600957e-02,1.556727e-02,4.252231e-03,6.816912e-03,4.499029e-04,1.399355e-03,6.290609e-02,2.424319e-02,5.093113e-03,3.321541e-03,5.287509e-03,6.622174e-02,7.199806e-01
2.467034e-02,2.615003e-02,1.231819e-02,1.176218e-02,3.165000e-03,5.025709e-03,3.375503e-04,1.038552e-03,9.649159e-02,3.229494e-02,4.153501e-03,2.497322e-03,4.233097e-03,4.831272e-02,7.275493e-01
1.797753e-02,2.599951e-02,1.151852e-02,8.821202e-03,2.357434e-03,3.647607e-03,2.615253e-04,7.621625e-04,2.063124e-01,4.818039e-02,3.459230e-03,1.813171e-03,3.307742e-03,3.730586e-02,6.282757e-01
1.276160e-02,2.362061e-02,9.556207e-03,6.749639e-03,1.676928e-03,2.593372e-03,1.883514e-04,5.521022e-04,3.237301e-01,5.555529e-02,2.613886e-03,1.404013e-03,2.808057e-03,2.648152e-02,5.297083e-01
1.003920e-02,3.893039e-02,1.365410e-02,6.085230e-03,1.228885e-03,1.938922e-03,1.422020e-04,4.144466e-04,3.560600e-01,6.085259e-02,2.455943e-03,1.425364e-03,3.509055e-03,2.233508e-02,4.809285e-01
2.942205e-02,5.268057e-02,1.484479e-02,7.597021e-03,2.191459e-03,2.834836e-03,1.386534e-04,9.228622e-04,2.848384e-01,4.808000e-02,6.288405e-03,1.899023e-03,7.171468e-03,5.599401e-02,4.850964e-01
3.943992e-02,4.883441e-02,5.985749e-02,2.515092e-02,4.391478e-03,3.842063e-03,2.148663e-04,3.319992e-03,2.472617e-01,4.578920e-02,7.965779e-03,2.300313e-03,7.164795e-03,5.352226e-02,4.509448e-01
3.331362e-02,3.626394e-02,4.719689e-02,2.012623e-02,4.400953e-03,3.413768e-03,2.362551e-04,2.815363e-03,2.109392e-01,3.986905e-02,7.851744e-03,2.264563e-03,6.242728e-03,6.960440e-02,5.154613e-01
3.413348e-02,2.921916e-02,3.852556e-02,1.646615e-02,1.001096e-02,3.532488e-03,4.063502e-04,3.290504e-03,2.256945e-01,3.272035e-02,1.152115e-02,1.851831e-03,5.506943e-03,8.918594e-02,4.979346e-01
3.329233e-02,2.819146e-02,5.219578e-02,3.044189e-02,1.347889e-02,5.302136e-03,1.079923e-03,5.912815e-03,2.787444e-01,2.817875e-02,1.333424e-02,1.666080e-03,5.215352e-03,6.893818e-02,4.340278e-01
6.717769e-02,2.679132e-02,4.321397e-02,2.772010e-02,1.862247e-02,5.772563e-03,1.541702e-03,8.165580e-03,2.422516e-01,2.234701e-02,1.438851e-02,1.878207e-03,6.720542e-03,7.582998e-02,4.375788e-01
8.772662e-02,2.680374e-02,3.309840e-02,2.374252e-02,1.982227e-02,8.492783e-03,1.706689e-03,7.505482e-03,1.978800e-01,1.864880e-02,1.246080e-02,2.018714e-03,6.714543e-03,7.115766e-02,4.822210e-01
9.644805e-02,3.504034e-02,4.140268e-02,2.940279e-02,2.122343e-02,1.018086e-02,2.228495e-03,7.617754e-03,1.791278e-01,1.815036e-02,1.155369e-02,3.214954e-03,8.749707e-03,6.346415e-02,4.721949e-01
1.083580e-01,4.044678e-02,3.154257e-02,2.570493e-02,2.032758e-02,8.888682e-03,1.993729e-03,7.375571e-03,2.095069e-01,2.824178e-02,1.036497e-02,3.473491e-03,1.363907e-02,4.631626e-02,4.438197e-01
8.296334e-02,7.192881e-02,5.079135e-02,5.527141e-02,1.582798e-02,6.937942e-03,1.517879e-03,6.007695e-03,2.566835e-01,2.458167e-02,7.875236e-03,2.711653e-03,1.007797e-02,3.276536e-02,3.740582e-01
7.604031e-02,6.404334e-02,4.231361e-02,4.214418e-02,1.330077e-02,6.907928e-03,1.451690e-03,7.267926e-03,2.418187e-01,2.431716e-02,6.072802e-03,2.386682e-03,8.967465e-03,2.483773e-02,4.381297e-01
6.033323e-02,8.268747e-02,1.148855e-01,7.168565e-02,1.266060e-02,7.317740e-03,1.932830e-03,7.512245e-03,2.112331e-01,2.649221e-02,4.666623e-03,2.077262e-03,6.754370e-03,1.771440e-02,3.720468e-01
9.506125e-02,1.002046e-01,1.369466e-01,8.182154e-02,4.407040e-02,1.093083e-02,5.693273e-03,2.822034e-02,1.634983e-01,2.150287e-02,4.394266e-03,2.935624e-03,9.283813e-03,1.414847e-02,2.812878e-01
9.394516e-02,9.647627e-02,1.215206e-01,9.404024e-02,1.167872e-01,1.494225e-02,1.187773e-02,7.419154e-02,1.249356e-01,1.690271e-02,4.412218e-03,3.318768e-03,9.426526e-03,1.109733e-02,2.061258e-01
1.117681e-01,9.345527e-02,1.219311e-01,8.628559e-02,1.061407e-01,1.276837e-02,9.207203e-03,5.493655e-02,1.001234e-01,1.668500e-02,3.523328e-03,2.935680e-03,7.805162e-03,1.055622e-02,2.618783e-01
1.218520e-01,1.145146e-01,9.957825e-02,1.193732e-01,1.283444e-01,2.060760e-02,1.033585e-02,4.681534e-02,7.963645e-02,1.338491e-02,3.494311e-03,2.971877e-03,8.269561e-03,8.441593e-03,2.223800e-01
1.975547e-01,1.043304e-01,7.724671e-02,1.037463e-01,1.466103e-01,2.518724e-02,1.256989e-02,4.389276e-02,8.524166e-02,1.034711e-02,3.824931e-03,5.904466e-03,1.341466e-02,7.375916e-03,1.627528e-01
1.431307e-01,8.865686e-02,5.534866e-02,1.211009e-01,1.173746e-01,2.944069e-02,9.251920e-03,3.117103e-02,1.024735e-01,2.383763e-02,2.609481e-02,1.046812e-02,2.243611e-02,7.170331e-03,2.120441e-01
1.006308e-01,6.799960e-02,3.939268e-02,9.375024e-02,8.351614e-02,2.636440e-02,6.553866e-03,2.193079e-02,1.243243e-01,3.240044e-02,2.320374e-02,7.966460e-03,2.005460e-02,7.018041e-03,3.448938e-01
7.090455e-02,4.901248e-02,2.803002e-02,6.663061e-02,5.878174e-02,2.177998e-02,4.633688e-03,1.541680e-02,3.048278e-01,2.747576e-02,1.894317e-02,5.663246e-03,1.478263e-02,2.327242e-02,2.898451e-01
5.021730e-02,3.521082e-02,1.970283e-02,4.695816e-02,4.134877e-02,1.605059e-02,3.256562e-03,1.086481e-02,4.400465e-01,2.074202e-02,1.678861e-02,4.139614e-03,1.199422e-02,2.353748e-02,2.591417e-01
3.583360e-02,2.522979e-02,1.388035e-02,3.371038e-02,2.900545e-02,1.150543e-02,2.296305e-03,7.661737e-03,5.871643e-01,1.548558e-02,1.216890e-02,3.000884e-03,9.368222e-03,1.846338e-02,1.952257e-01
2.664991e-02,1.818262e-02,1.034737e-02,2.488518e-02,2.048361e-02,9.280529e-03,1.704892e-03,5.595881e-03,5.199447e-01,1.657048e-02,1.076713e-02,2.958897e-03,1.564524e-02,2.931063e-02,2.876729e-01
1.925308e-02,1.299496e-02,7.339128e-03,1.752415e-02,1.443595e-02,7.330436e-03,1.231338e-03,3.957347e-03,3.894729e-01,1.453527e-02,8.977541e-03,2.180363e-03,1.291302e-02,5.432791e-02,4.335266e-01
1.660173e-02,9.736688e-03,5.432340e-03,1.271224e-02,1.032022e-02,5.835102e-03,9.264843e-04,2.850499e-03,3.437302e-01,1.070584e-02,7.002593e-03,1.725242e-03,1.053626e-02,5.515858e-02,5.067259e-01
1.183991e-02,6.924573e-03,3.860912e-03,8.946383e-03,7.328038e-03,4.436926e-03,6.574485e-04,2.011201e-03,3.050376e-01,8.089475e-03,6.857037e-03,1.260421e-03,8.799400e-03,6.901876e-02,5.549318e-01
8.979159e-03,5.314260e-03,2.828898e-03,6.307383e-03,5.219225e-03,7.030012e-03,4.943734e-04,1.446206e-03,2.507989e-01,6.203983e-03,5.861996e-03,9.332063e-04,6.773251e-03,1.116018e-01,5.802073e-01
6.775936e-03,4.185748e-03,2.112636e-03,4.458961e-03,3.717325e-03,8.497205e-03,3.904107e-04,1.052875e-03,1.896142e-01,5.870240e-03,1.433488e-02,8.349298e-04,5.439056e-03,2.914969e-01,4.612187e-01
4.901188e-03,3.254651e-03,1.558020e-03,3.134581e-03,2.619848e-03,7.485905e-03,2.837692e-04,7.465582e-04,1.378103e-01,5.224127e-03,3.230444e-02,6.513821e-04,3.971091e-03,4.539331e-01,3.421210e-01
4.363530e-03,4.511119e-03,3.035773e-03,2.532664e-03,2.061393e-03,9.463883e-03,3.188233e-04,5.994290e-04,1.247676e-01,1.662420e-02,3.151437e-02,1.040877e-03,4.371457e-03,5.062320e-01,2.885629e-01
3.689535e-03,4.225157e-03,3.530952e-03,2.228478e-03,1.788660e-03,7.351702e-03,3.185209e-04,5.130579e-04,1.222367e-01,3.295828e-02,3.649229e-02,1.410483e-03,4.806542e-03,4.199984e-01,3.584512e-01
3.262717e-03,3.906632e-03,6.914678e-03,2.845741e-02,1.766499e-03,9.736624e-03,3.642070e-04,1.247387e-03,1.935395e-01,3.539951e-02,4.712337e-02,4.499123e-03,2.394545e-02,3.505365e-01,2.893004e-01
2.859121e-03,6.141530e-03,9.537464e-03,2.700282e-02,1.881844e-03,7.573377e-03,3.950809e-04,9.516756e-04,1.975673e-01,4.267839e-02,8.130726e-02,5.856545e-03,2.762766e-02,2.945477e-01,2.940723e-01
3.003035e-03,7.753502e-03,1.160423e-02,2.541505e-02,1.609017e-03,6.112464e-03,4.708898e-04,7.811511e-04,1.983589e-01,9.759555e-02,8.011391e-02,6.431926e-03,2.802162e-02,2.447751e-01,2.879536e-01
2.739739e-03,6.621173e-03,1.347152e-02,3.027721e-02,8.972857e-03,5.546398e-03,4.997702e-03,8.875540e-03,1.526504e-01,1.037149e-01,8.727144e-02,8.459436e-03,5.826776e-02,2.014954e-01,3.066385e-01
2.791085e-03,5.998327e-03,1.479948e-02,2.356521e-02,1.159021e-02,4.534307e-02,9.493073e-03,7.384636e-03,1.192946e-01,9.680481e-02,9.146366e-02,1.200938e-02,6.897302e-02,1.590670e-01,3.314223e-01
2.850615e-03,7.005637e-03,3.512979e-02,5.420940e-02,1.005905e-01,5.429428e-02,9.666334e-03,7.374182e-03,9.579910e-02,8.686623e-02,7.622010e-02,1.234432e-02,1.005056e-01,1.167918e-01,2.403522e-01
2.816438e-03,6.867533e-03,3.728522e-02,4.934862e-02,1.127019e-01,4.685716e-02,8.780263e-03,8.091206e-03,7.344110e-02,8.624461e-02,8.707514e-02,2.093164e-02,1.861384e-01,9.298118e-02,1.804396e-01
2.330287e-03,5.543729e-03,2.796548e-02,3.676588e-02,8.821782e-02,3.357128e-02,6.742163e-03,6.013299e-03,5.308017e-02,8.252586e-02,7.522994e-02,2.258276e-02,3.086072e-01,1.158788e-01,1.349453e-01
2.213029e-03,4.058260e-03,2.173210e-02,2.662297e-02,6.688318e-02,2.601650e-02,1.091725e-02,2.258434e-02,3.963879e-02,8.749800e-02,6.817102e-02,2.830744e-02,3.674756e-01,1.247223e-01,1.031593e-01
3.096919e-03,3.394522e-03,1.681552e-02,2.085925e-02,5.706411e-02,2.004683e-02,7.900711e-03,1.719843e-02,2.971012e-02,6.926446e-02,5.898667e-02,3.625307e-02,4.371412e-01,1.406424e-01,8.162585e-02
5.713301e-03,2.822262e-03,1.299226e-02,1.602938e-02,7.309169e-02,1.735537e-02,6.695512e-03,1.643828e-02,2.448278e-02,5.155934e-02,5.498469e-02,4.916263e-02,5.033534e-01,1.054896e-01,5.982945e-02
5.182073e-03,2.461357e-03,1.227196e-02,1.237858e-02,5.790320e-02,1.375725e-02,5.688082e-03,1.901792e-02,1.836808e-02,4.150582e-02,7.945871e-02,8.422520e-02,4.940961e-01,9.772982e-02,5.595586e-02
6.787411e-03,7.215242e-03,3.482634e-02,2.051433e-02,5.571818e-02,1.395918e-02,4.458415e-03,3.353846e-02,2.236873e-02,3.868356e-02,8.324362e-02,1.268764e-01,4.313982e-01,7.270532e-02,4.770663e-02
6.354535e-03,6.102362e-03,2.729809e-02,1.686172e-02,4.899075e-02,1.322989e-02,4.080741e-03,3.337945e-02,2.335787e-02,3.745827e-02,9.097621e-02,1.533239e-01,4.490000e-01,5.226374e-02,3.732251e-02
6.327536e-03,5.088005e-03,2.260644e-02,1.512952e-02,4.502577e-02,1.232414e-02,4.109678e-03,3.685040e-02,2.235810e-02,4.202019e-02,8.402622e-02,2.394259e-01,3.932642e-01,3.928926e-02,3.215460e-02
