1.000000e+00,0.000000e+00,0.000000e+00,0.000000e+00,0.000000e+00,0.000000e+00,0.000000e+00,0.000000e+00,0.000000e+00,0.000000e+00,0.000000e+00,0.000000e+00,0.000000e+00,0.000000e+00,0.000000e+00
1.000000e+00,0.000000e+00,0.000000e+00,0.000000e+00,0.000000e+00,0.000000e+00,0.000000e+00,0.000000e+00,0.000000e+00,0.000000e+00,0.000000e+00,0.000000e+00,0.000000e+00,0.000000e+00,0.000000e+00
1.000000e+00,0.000000e+00,0.000000e+00,0.000000e+00,0.000000e+00,0.000000e+00,0.000000e+00,0.000000e+00,0.000000e+00,0.000000e+00,0.000000e+00,0.000000e+00,0.000000e+00,0.000000e+00,0.000000e+00
1.000000e+00,0.000000e+00,0.000000e+00,0.000000e+00,0.000000e+00,0.000000e+00,0.000000e+00,0.000000e+00,0.000000e+00,0.000000e+00,0.000000e+00,0.000000e+00,0.000000e+00,0.000000e+00,0.000000e+00
1.000000e+00,0.000000e+00,0.000000e+00,0.000000e+00,0.000000e+00,0.000000e+00,0.000000e+00,0.000000e+00,0.000000e+00,0.000000e+00,0.000000e+00,0.000000e+00,0.000000e+00,0.000000e+00,0.000000e+00
1.000000e+00,0.000000e+00,0.000000e+00,0.000000e+00,0.000000e+00,0.000000e+00,0.000000e+00,0.000000e+00,0.000000e+00,0.000000e+00,0.000000e+00,0.000000e+00,0.000000e+00,0.000000e+00,0.000000e+00
1.000000e+00,0.000000e+00,0.000000e+00,0.000000e+00,0.000000e+00,0.000000e+00,0.000000e+00,0.000000e+00,0.000000e+00,0.000000e+00,0.000000e+00,0.000000e+00,0.000000e+00,0.000000e+00,0.000000e+00
1.000000e+00,0.000000e+00,0.000000e+00,0.000000e+00,0.000000e+00,0.000000e+00,0.000000e+00,0.000000e+00,0.000000e+00,0.000000e+00,0.000000e+00,0.000000e+00,0.000000e+00,0.000000e+00,0.000000e+00
1.000000e+00,0.000000e+00,0.000000e+00,0.000000e+00,0.000000e+00,0.000000e+00,0.000000e+00,0.000000e+00,0.000000e+00,0.000000e+00,0.000000e+00,0.000000e+00,0.000000e+00,0.000000e+00,0.000000e+00
1.000000e+00,0.000000e+00,0.000000e+00,0.000000e+00,0.000000e+00,0.000000e+00,0.000000e+00,0.000000e+00,0.000000e+00,0.000000e+00,0.000000e+00,0.000000e+00,0.000000e+00,0.000000e+00,0.000000e+00
1.000000e+00,0.000000e+00,0.000000e+00,0.000000e+00,0.000000e+00,0.000000e+00,0.000000e+00,0.000000e+00,0.000000e+00,0.000000e+00,0.000000e+00,0.000000e+00,0.000000e+00,0.000000e+00,0.000000e+00
1.000000e+00,0.000000e+00,0.000000e+00,0.000000e+00,0.000000e+00,0.000000e+00,0.000000e+00,0.000000e+00,0.000000e+00,0.000000e+00,0.000000e+00,0.000000e+00,0.000000e+00,0.000000e+00,0.000000e+00
1.000000e+00,0.000000e+00,0.000000e+00,0.000000e+00,0.000000e+00,0.000000e+00,0.000000e+00,0.000000e+00,0.000000e+00,0.000000e+00,0.000000e+00,0.000000e+00,0.000000e+00,0.000000e+00,0.000000e+00
1.000000e+00,0.000000e+00,0.000000e+00,0.000000e+00,0.000000e+00,0.000000e+00,0.000000e+00,0.000000e+00,0.000000e+00,0.000000e+00,0.000000e+00,0.000000e+00,0.000000e+00,0.000000e+00,0.000000e+00
1.000000e+00,0.000000e+00,0.000000e+00,0.000000e+00,0.000000e+00,0.000000e+00,0.000000e+00,0.000000e+00,0.000000e+00,0.000000e+00,0.000000e+00,0.000000e+00,0.000000e+00,0.000000e+00,0.000000e+00
1.000000e+00,0.000000e+00,0.000000e+00,0.000000e+00,0.000000e+00,0.000000e+00,0.000000e+00,0.000000e+00,0.000000e+00,0.000000e+00,0.000000e+00,0.000000e+00,0.000000e+00,0.000000e+00,0.000000e+00
1.000000e+00,0.000000e+00,0.000000e+00,0.000000e+00,0.000000e+00,0.000000e+00,0.000000e+00,0.000000e+00,0.000000e+00,0.000000e+00,0.000000e+00,0.000000e+00,0.000000e+00,0.000000e+00,0.000000e+00
1.000000e+00,0.000000e+00,0.000000e+00,0.000000e+00,0.000000e+00,0.000000e+00,0.000000e+00,0.000000e+00,0.000000e+00,0.000000e+00,0.000000e+00,0.000000e+00,0.000000e+00,0.000000e+00,0.000000e+00
1.000000e+00,0.000000e+00,0.000000e+00,0.000000e+00,0.000000e+00,0.000000e+00,0.000000e+00,0.000000e+00,0.000000e+00,0.000000e+00,0.000000e+00,0.000000e+00,0.000000e+00,0.000000e+00,0.000000e+00
1.000000e+00,0.000000e+00,0.000000e+00,0.000000e+00,0.000000e+00,0.000000e+00,0.000000e+00,0.000000e+00,0.000000e+00,0.000000e+00,0.000000e+00,0.000000e+00,0.000000e+00,0.000000e+00,0.000000e+00
1.000000e+00,0.000000e+00,0.000000e+00,0.000000e+00,0.000000e+00,0.000000e+00,0.000000e+00,0.000000e+00,0.000000e+00,0.000000e+00,0.000000e+00,0.000000e+00,0.000000e+00,0.000000e+00,0.000000e+00
1.000000e+00,0.000000e+00,0.000000e+00,0.000000e+00,0.000000e+00,0.000000e+00,0.000000e+00,0.000000e+00,0.000000e+00,0.000000e+00,0.000000e+00,0.000000e+00,0.000000e+00,0.000000e+00,0.000000e+00
1.000000e+00,0.000000e+00,0.000000e+00,0.000000e+00,0.000000e+00,0.000000e+00,0.000000e+00,0.000000e+00,0.000000e+00,0.000000e+00,0.000000e+00,0.000000e+00,0.000000e+00,0.000000e+00,0.000000e+00
1.000000e+00,0.000000e+00,0.000000e+00,0.000000e+00,0.000000e+00,0.000000e+00,0.000000e+00,0.000000e+00,0.000000e+00,0.000000e+00,0.000000e+00,0.000000e+00,0.000000e+00,0.000000e+00,0.000000e+00
1.000000e+00,0.000000e+00,0.000000e+00,0.000000e+00,0.000000e+00,0.000000e+00,0.000000e+00,0.000000e+00,0.000000e+00,0.000000e+00,0.000000e+00,0.000000e+00,0.000000e+00,0.000000e+00,0.000000e+00
1.000000e+00,0.000000e+00,0.000000e+00,0.000000e+00,0.000000e+00,0.000000e+00,0.000000e+00,0.000000e+00,0.000000e+00,0.000000e+00,0.000000e+00,0.000000e+00,0.000000e+00,0.000000e+00,0.000000e+00
1.000000e+00,0.000000e+00,0.000000e+00,0.000000e+00,0.000000e+00,0.000000e+00,0.000000e+00,0.000000e+00,0.000000e+00,0.000000e+00,0.000000e+00,0.000000e+00,0.000000e+00,0.000000e+00,0.000000e+00
1.000000e+00,0.000000e+00,0.000000e+00,0.000000e+00,0.000000e+00,0.000000e+00,0.000000e+00,0.000000e+00,0.000000e+00,0.000000e+00,0.000000e+00,0.000000e+00,0.000000e+00,0.000000e+00,0.000000e+00
1.000000e+00,0.000000e+00,0.000000e+00,0.000000e+00,0.000000e+00,0.000000e+00,0.000000e+00,0.000000e+00,0.000000e+00,0.000000e+00,0.000000e+00,0.000000e+00,0.000000e+00,0.000000e+00,0.000000e+00
1.000000e+00,0.000000e+00,0.000000e+00,0.000000e+00,0.000000e+00,0.000000e+00,0.000000e+00,0.000000e+00,0.000000e+00,0.000000e+00,0.000000e+00,0.000000e+00,0.000000e+00,0.000000e+00,0.000000e+00
1.000000e+00,0.000000e+00,0.000000e+00,0.000000e+00,0.000000e+00,0.000000e+00,0.000000e+00,0.000000e+00,0.000000e+00,0.000000e+00,0.000000e+00,0.000000e+00,0.000000e+00,0.000000e+00,0.000000e+00
1.000000e+00,0.000000e+00,0.000000e+00,0.000000e+00,0.000000e+00,0.000000e+00,0.000000e+00,0.000000e+00,0.000000e+00,0.000000e+00,0.000000e+00,0.000000e+00,0.000000e+00,0.000000e+00,0.000000e+00
1.000000e+00,0.000000e+00,0.000000e+00,0.000000e+00,0.000000e+00,0.000000e+00,0.000000e+00,0.000000e+00,0.000000e+00,0.000000e+00,0.000000e+00,0.000000e+00,0.000000e+00,0.000000e+00,0.000000e+00
1.000000e+00,0.000000e+00,0.000000e+00,0.000000e+00,0.000000e+00,0.000000e+00,0.000000e+00,0.000000e+00,0.000000e+00,0.000000e+00,0.000000e+00,0.000000e+00,0.000000e+00,0.000000e+00,0.000000e+00
1.000000e+00,0.000000e+00,0.000000e+00,0.000000e+00,0.000000e+00,0.000000e+00,0.000000e+00,0.000000e+00,0.000000e+00,0.000000e+00,0.000000e+00,0.000000e+00,0.000000e+00,0.000000e+00,0.000000e+00
1.000000e+00,0.000000e+00,0.000000e+00,0.000000e+00,0.000000e+00,0.000000e+00,0.000000e+00,0.000000e+00,0.000000e+00,0.000000e+00,0.000000e+00,0.000000e+00,0.000000e+00,0.000000e+00,0.000000e+00
1.000000e+00,0.000000e+00,0.000000e+00,0.000000e+00,0.000000e+00,0.000000e+00,0.000000e+00,0.000000e+00,0.000000e+00,0.000000e+00,0.000000e+00,0.000000e+00,0.000000e+00,0.000000e+00,0.000000e+00
1.000000e+00,0.000000e+00,0.000000e+00,0.000000e+00,0.000000e+00,0.000000e+00,0.000000e+00,0.000000e+00,0.000000e+00,0.000000e+00,0.000000e+00,0.000000e+00,0.000000e+00,0.000000e+00,0.000000e+00
1.000000e+00,0.000000e+00,0.000000e+00,0.000000e+00,0.000000e+00,0.000000e+00,0.000000e+00,0.000000e+00,0.000000e+00,0.000000e+00,0.000000e+00,0.000000e+00,0.000000e+00,0.000000e+00,0.000000e+00
1.000000e+00,0.000000e+00,0.000000e+00,0.000000e+00,0.000000e+00,0.000000e+00,0.000000e+00,0.000000e+00,0.000000e+00,0.000000e+00,0.000000e+00,0.000000e+00,0.000000e+00,0.000000e+00,0.000000e+00
1.000000e+00,0.000000e+00,0.000000e+00,0.000000e+00,0.000000e+00,0.000000e+00,0.000000e+00,0.000000e+00,0.000000e+00,0.000000e+00,0.000000e+00,0.000000e+00,0.000000e+00,0.000000e+00,0.000000e+00
1.000000e+00,0.000000e+00,0.000000e+00,0.000000e+00,0.000000e+00,0.000000e+00,0.000000e+00,0.000000e+00,0.000000e+00,0.000000e+00,0.000000e+00,0.000000e+00,0.000000e+00,0.000000e+00,0.000000e+00
1.000000e+00,0.000000e+00,0.000000e+00,0.000000e+00,0.000000e+00,0.000000e+00,0.000000e+00,0.000000e+00,0.000000e+00,0.000000e+00,0.000000e+00,0.000000e+00,0.000000e+00,0.000000e+00,0.000000e+00
1.000000e+00,0.000000e+00,0.000000e+00,0.000000e+00,0.000000e+00,0.000000e+00,0.000000e+00,0.000000e+00,0.000000e+00,0.000000e+00,0.000000e+00,0.000000e+00,0.000000e+00,0.000000e+00,0.000000e+00
1.000000e+00,0.000000e+00,0.000000e+00,0.000000e+00,0.000000e+00,0.000000e+00,0.000000e+00,0.000000e+00,0.000000e+00,0.000000e+00,0.000000e+00,0.000000e+00,0.000000e+00,0.000000e+00,0.000000e+00
1.000000e+00,0.000000e+00,0.000000e+00,0.000000e+00,0.000000e+00,0.000000e+00,0.000000e+00,0.000000e+00,0.000000e+00,0.000000e+00,0.000000e+00,0.000000e+00,0.000000e+00,0.000000e+00,0.000000e+00
1.000000e+00,0.000000e+00,0.000000e+00,0.000000e+00,0.000000e+00,0.000000e+00,0.000000e+00,0.000000e+00,0.000000e+00,0.000000e+00,0.000000e+00,0.000000e+00,0.000000e+00,0.000000e+00,0.000000e+00
1.000000e+00,0.000000e+00,0.000000e+00,0.000000e+00,0.000000e+00,0.000000e+00,0.000000e+00,0.000000e+00,0.000000e+00,0.000000e+00,0.000000e+00,0.000000e+00,0.000000e+00,0.000000e+00,0.000000e+00
1.000000e+00,0.000000e+00,0.000000e+00,0.000000e+00,0.000000e+00,0.000000e+00,0.000000e+00,0.000000e+00,0.000000e+00,0.000000e+00,0.000000e+00,0.000000e+00,0.000000e+00,0.000000e+00,0.000000e+00
1.000000e+00,0.000000e+00,0.000000e+00,0.000000e+00,0.000000e+00,0.000000e+00,0.000000e+00,0.000000e+00,0.000000e+00,0.000000e+00,0.000000e+00,0.000000e+00,0.000000e+00,0.000000e+00,0.000000e+00
1.000000e+00,0.000000e+00,0.000000e+00,0.000000e+00,0.000000e+00,0.000000e+00,0.000000e+00,0.000000e+00,0.000000e+00,0.000000e+00,0.000000e+00,0.000000e+00,0.000000e+00,0.000000e+00,0.000000e+00
1.000000e+00,0.000000e+00,0.000000e+00,0.000000e+00,0.000000e+00,0.000000e+00,0.000000e+00,0.000000e+00,0.000000e+00,0.000000e+00,0.000000e+00,0.000000e+00,0.000000e+00,0.000000e+00,0.000000e+00
1.000000e+00,0.000000e+00,0.000000e+00,0.000000e+00,0.000000e+00,0.000000e+00,0.000000e+00,0.000000e+00,0.000000e+00,0.000000e+00,0.000000e+00,0.000000e+00,0.000000e+00,0.000000e+00,0.000000e+00
1.000000e+00,0.000000e+00,0.000000e+00,0.000000e+00,0.000000e+00,0.000000e+00,0.000000e+00,0.000000e+00,0.000000e+00,0.000000e+00,0.000000e+00,0.000000e+00,0.000000e+00,0.000000e+00,0.000000e+00
1.000000e+00,0.000000e+00,0.000000e+00,0.000000e+00,0.000000e+00,0.000000e+00,0.000000e+00,0.000000e+00,0.000000e+00,0.000000e+00,0.000000e+00,0.000000e+00,0.000000e+00,0.000000e+00,0.000000e+00
1.000000e+00,0.000000e+00,0.000000e+00,0.000000e+00,0.000000e+00,0.000000e+00,0.000000e+00,0.000000e+00,0.000000e+00,0.000000e+00,0.000000e+00,0.000000e+00,0.000000e+00,0.000000e+00,0.000000e+00
1.000000e+00,0.000000e+00,0.000000e+00,0.000000e+00,0.000000e+00,0.000000e+00,0.000000e+00,0.000000e+00,0.000000e+00,0.000000e+00,0.000000e+00,0.000000e+00,0.000000e+00,0.000000e+00,0.000000e+00
1.000000e+00,0.000000e+00,0.000000e+00,0.000000e+00,0.000000e+00,0.000000e+00,0.000000e+00,0.000000e+00,0.000000e+00,0.000000e+00,0.000000e+00,0.000000e+00,0.000000e+00,0.000000e+00,0.000000e+00
1.000000e+00,0.000000e+00,0.000000e+00,0.000000e+00,0.000000e+00,0.000000e+00,0.000000e+00,0.000000e+00,0.000000e+00,0.000000e+00,0.000000e+00,0.000000e+00,0.000000e+00,0.000000e+00,0.000000e+00
1.000000e+00,0.000000e+00,0.000000e+00,0.000000e+00,0.000000e+00,0.000000e+00,0.000000e+00,0.000000e+00,0.000000e+00,0.000000e+00,0.000000e+00,0.000000e+00,0.000000e+00,0.000000e+00,0.000000e+00
1.000000e+00,0.000000e+00,0.000000e+00,0.000000e+00,0.000000e+00,0.000000e+00,0.000000e+00,0.000000e+00,0.000000e+00,0.000000e+00,0.000000e+00,0.000000e+00,0.000000e+00,0.000000e+00,0.000000e+00
4.494105e-01,8.240896e-03,1.479471e-02,1.280991e-02,3.019060e-03,1.090665e-02,7.250044e-03,4.379506e-01,1.976882e-03,2.410561e-03,8.454263e-03,1.290168e-02,1.045910e-02,1.002887e-02,9.386335e-03
3.148324e-01,7.544213e-03,1.307772e-02,1.538707e-02,2.238477e-03,7.823322e-03,5.163474e-03,3.263531e-01,9.120125e-03,1.255918e-01,7.323879e-02,2.709772e-02,1.445584e-02,4.905304e-02,9.022922e-03
2.204742e-01,5.831598e-03,9.501982e-03,1.725022e-02,1.618771e-03,5.547403e-03,3.666572e-03,2.344415e-01,4.802191e-02,1.166865e-01,1.469845e-01,4.869241e-02,1.833172e-02,1.149458e-01,8.004937e-03
1.549260e-01,4.608782e-03,7.056234e-03,6.598328e-02,3.023706e-03,4.059250e-03,2.667306e-03,1.702613e-01,4.544168e-02,8.881643e-02,2.125922e-01,9.151151e-02,1.680594e-02,1.255762e-01,6.670095e-03
1.092834e-01,4.055197e-03,5.181606e-03,7.164580e-02,2.770615e-03,3.040103e-03,1.900295e-03,1.195300e-01,5.682864e-02,7.314070e-02,3.141648e-01,1.159711e-01,1.259543e-02,1.041737e-01,5.718670e-03
7.973978e-02,3.533752e-03,3.999061e-03,8.813003e-02,2.805058e-03,2.456946e-03,1.393860e-03,8.525693e-02,6.346439e-02,6.106197e-02,2.986529e-01,1.855462e-01,1.218274e-02,1.060347e-01,5.741584e-03
6.426021e-02,2.640171e-03,3.101069e-03,8.266445e-02,2.492612e-03,2.472027e-03,1.022256e-03,6.006772e-02,5.053455e-02,5.094736e-02,3.824144e-01,1.911165e-01,9.717522e-03,9.201832e-02,4.530850e-03
5.339306e-02,2.043622e-03,2.386056e-03,7.823398e-02,2.581588e-03,2.961965e-03,7.744101e-04,4.222771e-02,4.205275e-02,3.810766e-02,3.965570e-01,2.559801e-01,7.296277e-03,7.154838e-02,3.855423e-03
6.416823e-02,1.621067e-03,1.822768e-03,5.912633e-02,5.418547e-03,2.797191e-03,5.962682e-04,2.978917e-02,3.092813e-02,3.467260e-02,4.230656e-01,2.713740e-01,5.567962e-03,6.594861e-02,3.103530e-03
4.549746e-02,1.336162e-03,1.533398e-03,4.295874e-02,2.464810e-02,2.130549e-03,9.750965e-04,2.093904e-02,2.410421e-02,2.585529e-02,4.503061e-01,2.969544e-01,5.455459e-03,5.491433e-02,2.391726e-03
3.225460e-02,1.146176e-03,1.542266e-03,3.130766e-02,3.461091e-02,1.923329e-03,1.337179e-03,1.478281e-02,2.128951e-02,1.926416e-02,4.987006e-01,2.846639e-01,6.273555e-03,4.885404e-02,2.049307e-03
2.277374e-02,1.924041e-03,2.798745e-03,2.224344e-02,4.321857e-02,2.342012e-03,1.328110e-03,1.050885e-02,2.172101e-02,1.539096e-02,5.212466e-01,2.771345e-01,7.061549e-03,4.822487e-02,2.083026e-03
1.611785e-02,2.476808e-03,3.349283e-03,1.572909e-02,8.432236e-02,2.123125e-03,2.179560e-03,7.671337e-03,5.184957e-02,1.115251e-02,5.307080e-01,2.221984e-01,6.186873e-03,4.233958e-02,1.595727e-03
1.154273e-02,7.285255e-03,9.009244e-03,1.213672e-02,6.641772e-02,2.315132e-03,1.799583e-03,6.970627e-03,5.613621e-02,1.063179e-02,5.835944e-01,1.806508e-01,7.477570e-03,4.250479e-02,1.527497e-03
1.011761e-02,1.515073e-02,2.189538e-02,1.075743e-02,5.876230e-02,3.971131e-02,2.271782e-03,2.214746e-02,7.789025e-02,1.216526e-02,5.380742e-01,1.447148e-01,9.697944e-03,3.322937e-02,3.414181e-03
8.932088e-03,4.006258e-02,2.645904e-02,8.970213e-03,5.271956e-02,4.226512e-02,2.419597e-03,2.809614e-02,1.671448e-01,1.198088e-02,4.664290e-01,1.066434e-01,9.261386e-03,2.484364e-02,3.772607e-03
9.185757e-03,4.166169e-02,3.330563e-02,8.640079e-03,4.894225e-02,3.548397e-02,2.051132e-03,7.623685e-02,2.098763e-01,1.223724e-02,4.126285e-01,7.751289e-02,9.639585e-03,1.901017e-02,3.587967e-03
1.301296e-02,4.534435e-02,4.147176e-02,9.247568e-03,4.770026e-02,4.838414e-02,2.315165e-03,1.331767e-01,2.413853e-01,1.158649e-02,3.244212e-01,5.602494e-02,8.200737e-03,1.410964e-02,3.618694e-03
1.270397e-02,4.228023e-02,1.288626e-01,1.186856e-02,4.928851e-02,3.634312e-02,1.958833e-03,2.169504e-01,1.983347e-01,9.807307e-03,2.308271e-01,3.974554e-02,6.443602e-03,1.042969e-02,4.155879e-03
1.353046e-02,6.735557e-02,1.196162e-01,1.148635e-02,5.429871e-02,2.852651e-02,1.822265e-03,2.591224e-01,2.133679e-01,9.885365e-03,1.678101e-01,2.859752e-02,6.268681e-03,1.124218e-02,7.069736e-03
1.817463e-02,8.330828e-02,1.169929e-01,1.142345e-02,7.382138e-02,2.380183e-02,2.256197e-03,2.722400e-01,2.147098e-01,1.319574e-02,1.210211e-01,2.050592e-02,5.121266e-03,1.543328e-02,7.994299e-03
4.095308e-02,1.002782e-01,8.741749e-02,1.041226e-02,9.979135e-02,1.939020e-02,2.281888e-03,2.294406e-01,2.309956e-01,1.818119e-02,9.230004e-02,1.606430e-02,4.910770e-03,2.533204e-02,2.225100e-02
5.929487e-02,1.088503e-01,6.516451e-02,1.026687e-02,1.154636e-01,1.650807e-02,2.233828e-03,1.962107e-01,2.390228e-01,2.147849e-02,7.848400e-02,1.288886e-02,4.560469e-03,3.192050e-02,3.765221e-02
7.400875e-02,1.047770e-01,5.215348e-02,1.037516e-02,1.199088e-01,1.360714e-02,2.384570e-03,1.854274e-01,2.339492e-01,2.398742e-02,6.689943e-02,1.167765e-02,4.322704e-03,5.144082e-02,4.508044e-02
7.462176e-02,8.663616e-02,4.139287e-02,9.461666e-03,1.183880e-01,1.176982e-02,2.709952e-03,1.719284e-01,2.955346e-01,2.921954e-02,5.349336e-02,1.095372e-02,4.045602e-03,5.346222e-02,3.638229e-02
7.663389e-02,7.494559e-02,3.491234e-02,8.477168e-03,1.304145e-01,1.087307e-02,2.791765e-03,1.456536e-01,3.351797e-01,3.776876e-02,4.379787e-02,1.085472e-02,4.175906e-03,5.412577e-02,2.939537e-02
9.844680e-02,8.734325e-02,3.325475e-02,8.290043e-03,1.084779e-01,1.243055e-02,2.903242e-03,1.161913e-01,3.254745e-01,3.370945e-02,5.393454e-02,1.589342e-02,5.195470e-03,7.361785e-02,2.483689e-02
1.064059e-01,8.981566e-02,3.976770e-02,1.144870e-02,8.875284e-02,1.847479e-02,2.625963e-03,9.390710e-02,3.087575e-01,2.897806e-02,4.299038e-02,2.162158e-02,9.573895e-03,7.024320e-02,6.663681e-02
8.513908e-02,8.461894e-02,1.302059e-01,4.760284e-02,6.527703e-02,1.703033e-02,2.611946e-03,6.729209e-02,2.267050e-01,5.052027e-02,3.924365e-02,2.006694e-02,1.924114e-02,4.985100e-02,9.459379e-02
6.237732e-02,6.167553e-02,1.079762e-01,5.379361e-02,4.777700e-02,1.672424e-02,9.228081e-03,4.777066e-02,1.717890e-01,8.306880e-02,3.866869e-02,5.926154e-02,5.215147e-02,4.428549e-02,1.434524e-01
4.593797e-02,4.490545e-02,9.168945e-02,4.547130e-02,3.466604e-02,1.323980e-02,7.773073e-03,3.387003e-02,1.253833e-01,1.051788e-01,5.494618e-02,7.650803e-02,1.522481e-01,3.968643e-02,1.284960e-01
3.520521e-02,3.529208e-02,7.722997e-02,3.762190e-02,2.519911e-02,1.533889e-02,6.131089e-03,2.490778e-02,9.072568e-02,1.048355e-01,7.331875e-02,9.006470e-02,2.532206e-01,3.050214e-02,1.004067e-01
2.734854e-02,2.584630e-02,5.737253e-02,3.100681e-02,1.955524e-02,1.182495e-02,6.113313e-03,1.802741e-02,6.600124e-02,1.207953e-01,8.722428e-02,1.247631e-01,3.025215e-01,2.282024e-02,7.877924e-02
2.068791e-02,1.954785e-02,4.294591e-02,2.636582e-02,1.527309e-02,1.103246e-02,5.106853e-03,1.455562e-02,7.287719e-02,1.575898e-01,1.002561e-01,1.443366e-01,2.910498e-01,1.774013e-02,6.063490e-02
1.732398e-02,1.761937e-02,3.190299e-02,2.011713e-02,1.544324e-02,9.877536e-03,3.834917e-03,1.472370e-02,1.069990e-01,1.718141e-01,1.166154e-01,1.589796e-01,2.517384e-01,1.467165e-02,4.833911e-02
1.553236e-02,1.707962e-02,2.321566e-02,1.482424e-02,1.506170e-02,7.870897e-03,2.954511e-03,1.254826e-02,1.619547e-01,1.436842e-01,1.288951e-01,1.747707e-01,2.318222e-01,1.223673e-02,3.754921e-02
1.675184e-02,1.725358e-02,2.660265e-02,1.477299e-02,2.690007e-02,5.850997e-03,2.251951e-03,7.214978e-02,1.936223e-01,1.098574e-01,1.377454e-01,1.377487e-01,2.001731e-01,1.012898e-02,2.819031e-02
1.616987e-02,1.639197e-02,6.865680e-02,1.852847e-02,2.612572e-02,4.320118e-03,1.855553e-03,2.151186e-01,1.642681e-01,8.054045e-02,1.066675e-01,1.008426e-01,1.513554e-01,7.825446e-03,2.133333e-02
2.710766e-02,3.091766e-02,9.384270e-02,2.290073e-02,6.225185e-02,5.149792e-03,1.646034e-03,1.903698e-01,2.078553e-01,6.555043e-02,8.128582e-02,7.581022e-02,1.102396e-01,6.124856e-03,1.894752e-02
2.954311e-02,3.105968e-02,1.229166e-01,2.850124e-02,7.703982e-02,4.741739e-03,2.034605e-03,2.234648e-01,2.085274e-01,4.873084e-02,6.448319e-02,5.663383e-02,8.191774e-02,4.531601e-03,1.587395e-02
2.607984e-02,2.823800e-02,1.208329e-01,2.619690e-02,7.151340e-02,4.587560e-03,1.966048e-03,2.985164e-01,2.129397e-01,3.480444e-02,5.186011e-02,4.372559e-02,6.315726e-02,3.313612e-03,1.226828e-02
2.539368e-02,5.278090e-02,9.892189e-02,2.366634e-02,7.129714e-02,5.396856e-03,1.913261e-03,2.224506e-01,3.449155e-01,2.548502e-02,3.925773e-02,3.170436e-02,4.522557e-02,2.378301e-03,9.212886e-03
2.266111e-02,6.758230e-02,7.423555e-02,1.968786e-02,6.717558e-02,8.470149e-03,1.495749e-03,1.643675e-01,4.637905e-01,1.846172e-02,2.861759e-02,2.283774e-02,3.208956e-02,1.701784e-03,6.825373e-03
2.208110e-02,5.576686e-02,5.982618e-02,1.073880e-01,6.052582e-02,7.395683e-03,1.356044e-03,1.377220e-01,4.643157e-01,1.459809e-02,2.160037e-02,1.650811e-02,2.365733e-02,1.226111e-03,6.032560e-03
2.227939e-02,4.591003e-02,6.316567e-02,1.746454e-01,5.247532e-02,6.772468e-03,1.150741e-03,1.080006e-01,4.551761e-01,1.671223e-02,1.652738e-02,1.191933e-02,1.717303e-02,9.098697e-04,7.182492e-03
3.022547e-02,3.695266e-02,4.652426e-02,1.385138e-01,6.128820e-02,7.880300e-03,1.030284e-03,9.927104e-02,5.193553e-01,1.626203e-02,1.277420e-02,8.784036e-03,1.229413e-02,6.876116e-04,8.156696e-03
3.668050e-02,2.726788e-02,3.323661e-02,9.762887e-02,5.888849e-02,7.674430e-03,8.163538e-04,1.178437e-01,5.746323e-01,1.252746e-02,9.299887e-03,6.315517e-03,8.719487e-03,5.367873e-04,7.931743e-03
4.040225e-02,2.929347e-02,2.432454e-02,6.935472e-02,6.115140e-02,6.869883e-03,7.354242e-04,1.390913e-01,5.823826e-01,1.030203e-02,6.804666e-03,4.562608e-03,6.234810e-03,4.359086e-04,1.805448e-02
3.618810e-02,3.939015e-02,1.885530e-02,5.070468e-02,5.370038e-02,6.069349e-03,7.242111e-04,2.432227e-01,5.047082e-01,1.179336e-02,5.117426e-03,3.420271e-03,4.691071e-03,4.619610e-04,2.095290e-02
3.110513e-02,3.935507e-02,3.062654e-02,4.772410e-02,4.122543e-02,8.148840e-03,6.016912e-04,2.439223e-01,3.715383e-01,4.550152e-02,2.300380e-02,1.269812e-02,1.165199e-02,6.595849e-04,9.223761e-02
2.268039e-02,3.337141e-02,3.564707e-02,6.113837e-02,3.085606e-02,7.538009e-03,4.993633e-04,2.153562e-01,2.738531e-01,7.696791e-02,8.362380e-02,1.701660e-02,2.045512e-02,8.239140e-04,1.201728e-01
1.611920e-02,2.400135e-02,2.790465e-02,6.794917e-02,2.222325e-02,6.042652e-03,3.771149e-04,1.581363e-01,1.968905e-01,5.613747e-02,2.470521e-01,2.211682e-02,5.843893e-02,1.608550e-03,9.500197e-02
1.141928e-02,1.774670e-02,2.174579e-02,7.910322e-02,1.629872e-02,5.094622e-03,3.148162e-04,1.165882e-01,1.459271e-01,4.147556e-02,3.286587e-01,2.977418e-02,1.082879e-01,3.360725e-03,7.420442e-02
8.277844e-03,1.360909e-02,1.676602e-02,8.738192e-02,1.305728e-02,4.641675e-03,3.163298e-04,8.265176e-02,1.115840e-01,3.445927e-02,3.753933e-01,6.166742e-02,1.249733e-01,6.442097e-03,5.877857e-02
7.643557e-03,1.022218e-02,1.305148e-02,7.820871e-02,1.127155e-02,4.574029e-03,4.263679e-04,5.818967e-02,8.323327e-02,4.207291e-02,3.729641e-01,1.078173e-01,1.326379e-01,2.834725e-02,4.933967e-02
5.548040e-03,7.863799e-03,9.598709e-03,5.744830e-02,1.360131e-02,3.275191e-03,4.147357e-04,4.085648e-02,6.822103e-02,3.576802e-02,3.011063e-01,1.643862e-01,2.031409e-01,4.895965e-02,3.981135e-02
4.134994e-03,5.751746e-03,6.912030e-03,4.209898e-02,1.267365e-02,2.328623e-03,3.283660e-04,2.868229e-02,5.305041e-02,3.473525e-02,2.708673e-01,2.330343e-01,1.825130e-01,8.879995e-02,3.408914e-02
3.420645e-03,4.185800e-03,5.021838e-03,3.061432e-02,1.443246e-02,1.651877e-03,2.519442e-04,2.018990e-02,3.920369e-02,4.128733e-02,3.669859e-01,2.085900e-01,1.396148e-01,9.379260e-02,3.075690e-02
3.432804e-03,3.036422e-03,3.606301e-03,2.213377e-02,1.274531e-02,1.361452e-03,1.982905e-04,1.432128e-02,2.859098e-02,4.801921e-02,4.906867e-01,1.648709e-01,9.941928e-02,8.221170e-02,2.536569e-02
5.154327e-03,2.664351e-03,3.281060e-03,1.637973e-02,1.018785e-02,2.180254e-03,1.877164e-04,1.123425e-02,2.198304e-02,4.830395e-02,5.345092e-01,1.427801e-01,7.350294e-02,1.085246e-01,1.912669e-02
5.780548e-03,2.399668e-03,2.822780e-03,1.186138e-02,8.666256e-03,2.124372e-03,1.719555e-04,8.956064e-03,1.955860e-02,4.608778e-02,6.253455e-01,1.070640e-01,5.363085e-02,8.848484e-02,1.704544e-02
5.220259e-03,2.244196e-03,2.181342e-03,8.761019e-03,6.476731e-03,2.257533e-03,2.554231e-04,6.639658e-03,3.948985e-02,3.309940e-02,6.966796e-01,7.748675e-02,3.844882e-02,6.442606e-02,1.633341e-02
5.243937e-03,4.005275e-03,3.445446e-03,7.283509e-03,5.706291e-03,2.714864e-03,5.271247e-04,5.338445e-03,1.322396e-01,2.500053e-02,6.594258e-01,5.712085e-02,2.769100e-02,4.970518e-02,1.455216e-02
4.912816e-03,4.582547e-02,8.005276e-02,7.993622e-03,6.000448e-03,2.197872e-03,8.732736e-04,1.021044e-02,2.295323e-01,1.984331e-02,4.828282e-01,4.068023e-02,1.993269e-02,3.832556e-02,1.079106e-02
3.679330e-03,7.118782e-02,5.742113e-02,7.051521e-03,5.096756e-03,2.186563e-03,6.156762e-04,7.201863e-03,4.102038e-01,1.678626e-02,3.397610e-01,2.867358e-02,1.417781e-02,2.754535e-02,8.411586e-03
2.838066e-03,5.931811e-02,4.112284e-02,6.360349e-03,5.326871e-03,1.986928e-03,4.471261e-04,5.076378e-03,5.515866e-01,2.382739e-02,2.390286e-01,2.025576e-02,1.007980e-02,1.993772e-02,1.280748e-02
2.644657e-03,6.597133e-02,3.177249e-02,1.525549e-02,7.362337e-03,3.057253e-03,3.674990e-04,3.612656e-03,6.206124e-01,2.434886e-02,1.692750e-01,1.472546e-02,8.014342e-03,1.503005e-02,1.795017e-02
6.165018e-03,5.758895e-02,2.533459e-02,1.629698e-02,1.491471e-02,3.908748e-03,5.287180e-04,2.885455e-03,6.686127e-01,2.600143e-02,1.205626e-01,1.207149e-02,7.074255e-03,1.668690e-02,2.136749e-02
2.223038e-02,6.657980e-02,1.881927e-02,1.954672e-02,2.766719e-02,4.332365e-03,6.381159e-04,3.746755e-03,6.572012e-01,2.435306e-02,8.871239e-02,1.105475e-02,6.520663e-03,2.478823e-02,2.380913e-02
2.169262e-02,7.422692e-02,1.442852e-02,2.537277e-02,3.297392e-02,3.842263e-03,6.857680e-04,4.771724e-03,6.485865e-01,3.207156e-02,6.941330e-02,8.315449e-03,6.760534e-03,2.313333e-02,3.372492e-02
1.724053e-02,6.976356e-02,1.652961e-02,6.521042e-02,2.772841e-02,3.005125e-03,5.773946e-04,4.742799e-03,6.229926e-01,4.281074e-02,5.142649e-02,6.260933e-03,5.823846e-03,1.715514e-02,4.873248e-02
1.609255e-02,7.376474e-02,1.346938e-02,1.100442e-01,2.023655e-02,3.107701e-03,4.347491e-04,3.929873e-03,5.845814e-01,4.458812e-02,4.335296e-02,6.181354e-03,5.947052e-03,1.268355e-02,6.158584e-02
1.371681e-02,6.954553e-02,1.018898e-02,9.477343e-02,1.444464e-02,2.916912e-03,3.380047e-04,3.100661e-03,6.161727e-01,4.122906e-02,5.409178e-02,6.473214e-03,8.841609e-03,9.814380e-03,5.435231e-02
9.980811e-03,5.166059e-02,7.337938e-03,6.794132e-02,1.014396e-02,2.240651e-03,3.013564e-04,2.209076e-03,6.235907e-01,3.115834e-02,1.092566e-01,2.741452e-02,7.715470e-03,7.745022e-03,4.130367e-02
8.217824e-03,3.884797e-02,5.224342e-03,4.892734e-02,7.221506e-03,1.726458e-03,2.700858e-04,1.677562e-03,4.545018e-01,2.317403e-02,3.209351e-01,4.280672e-02,6.567411e-03,1.051037e-02,2.939146e-02
7.573012e-03,3.167513e-02,3.788017e-03,3.787247e-02,5.569742e-03,1.765351e-03,2.967586e-04,1.454710e-03,3.329013e-01,1.785046e-02,4.418728e-01,6.920608e-02,7.771642e-03,1.893031e-02,2.147226e-02
6.631047e-03,2.398722e-02,2.806012e-03,2.740991e-02,4.158436e-03,2.018268e-03,2.869692e-04,1.125486e-03,2.364825e-01,1.311606e-02,5.439622e-01,1.004460e-01,6.024477e-03,1.637642e-02,1.516907e-02
6.313625e-03,1.915085e-02,2.238342e-03,2.051349e-02,3.906012e-03,2.479394e-03,2.647209e-04,8.676808e-04,1.714623e-01,1.014517e-02,5.260108e-01,2.024040e-01,5.230228e-03,1.819277e-02,1.082072e-02
7.717388e-03,3.220414e-02,4.061099e-03,1.592369e-02,1.070316e-01,4.263133e-03,1.146234e-03,1.167811e-03,1.279017e-01,9.146591e-03,4.975274e-01,1.595716e-01,5.693249e-03,1.857481e-02,8.069686e-03
1.471457e-02,4.079980e-02,8.993337e-03,1.185765e-02,1.717820e-01,6.617926e-03,4.831588e-03,7.678464e-03,9.595374e-02,8.964676e-03,4.625580e-01,1.328941e-01,7.871330e-03,1.861956e-02,5.863259e-03
2.722965e-02,3.811628e-02,3.583336e-02,1.007349e-02,2.088684e-01,1.124766e-02,7.390877e-03,1.378564e-02,7.385957e-02,9.617850e-03,4.237804e-01,1.092845e-01,8.046571e-03,1.854682e-02,4.318939e-03
2.940314e-02,3.597903e-02,3.839780e-02,7.861159e-03,2.160934e-01,1.577639e-02,6.537340e-03,1.466130e-02,5.708759e-02,1.134028e-02,4.312030e-01,1.032151e-01,8.270510e-03,2.040750e-02,3.766485e-03
3.104528e-02,3.715599e-02,5.266382e-02,6.528531e-03,2.341911e-01,3.335678e-02,5.693168e-03,2.882713e-02,4.255505e-02,1.379178e-02,3.897712e-01,9.318143e-02,7.072005e-03,2.090132e-02,3.265459e-03
3.702421e-02,3.369331e-02,9.742770e-02,7.166181e-03,2.030794e-01,3.242108e-02,6.126950e-03,9.508691e-02,3.325030e-02,1.240603e-02,3.366590e-01,7.887661e-02,7.835776e-03,1.613839e-02,2.808152e-03
3.264062e-02,2.483465e-02,7.044231e-02,5.646731e-03,1.446774e-01,2.377835e-02,4.713641e-03,7.008016e-02,2.904519e-02,1.227348e-02,4.633925e-01,9.641320e-02,6.985590e-03,1.286464e-02,2.211631e-03
3.488934e-02,2.175012e-02,8.287784e-02,7.848766e-03,1.282722e-01,2.286297e-02,6.595774e-03,8.122336e-02,2.625325e-02,1.139609e-02,4.578452e-01,9.825128e-02,7.352718e-03,1.073541e-02,1.845658e-03
4.084210e-02,2.594052e-02,7.821764e-02,8.566861e-03,1.316074e-01,2.673365e-02,1.225819e-02,7.755922e-02,3.503349e-02,1.317116e-02,4.453622e-01,8.512616e-02,7.184387e-03,1.012854e-02,2.268584e-03
3.803776e-02,2.347661e-02,6.410748e-02,7.420421e-03,1.036070e-01,2.085258e-02,1.044585e-02,6.836230e-02,3.647659e-02,1.642713e-02,5.100819e-01,7.960755e-02,6.869149e-03,1.178581e-02,2.441932e-03
4.335513e-02,2.496159e-02,5.855616e-02,8.071197e-03,9.948354e-02,1.685751e-02,1.030966e-02,6.351742e-02,4.381770e-02,1.342016e-02,5.033853e-01,9.046643e-02,7.744437e-03,1.255947e-02,3.494278e-03
4.981944e-02,2.866077e-02,1.246494e-01,7.198548e-03,1.778111e-01,1.802503e-02,1.083779e-02,7.711191e-02,4.011236e-02,1.010624e-02,3.648705e-01,6.791546e-02,8.479903e-03,1.028503e-02,4.116463e-03
4.975651e-02,2.215531e-02,1.777041e-01,6.415943e-03,1.621423e-01,1.638505e-02,8.739591e-03,1.850454e-01,3.133064e-02,7.318963e-03,2.614916e-01,5.234493e-02,8.146489e-03,7.663559e-03,3.359515e-03
4.939162e-02,1.850399e-02,2.159717e-01,3.199182e-02,1.971215e-01,1.609104e-02,8.590862e-03,1.918821e-01,2.834463e-02,5.530415e-03,1.843231e-01,3.746342e-02,6.082711e-03,5.464918e-03,3.246090e-03
6.826498e-02,1.780587e-02,2.102040e-01,3.400169e-02,2.733024e-01,2.073502e-02,8.536400e-03,1.437658e-01,3.027486e-02,6.376462e-03,1.308960e-01,2.664913e-02,4.831836e-03,4.577697e-03,1.977782e-02
9.831034e-02,3.119287e-02,2.039616e-01,3.966493e-02,2.650014e-01,3.536579e-02,9.128801e-03,1.067146e-01,2.502817e-02,7.618311e-03,9.376723e-02,1.885777e-02,3.806069e-03,3.660918e-03,5.792128e-02
8.427162e-02,4.109952e-02,2.508096e-01,4.678161e-02,2.592328e-01,4.355786e-02,1.516985e-02,9.535526e-02,2.197977e-02,6.640799e-03,6.636269e-02,1.344819e-02,3.009199e-03,3.332487e-03,4.894870e-02
7.116504e-02,3.426978e-02,2.387449e-01,4.288449e-02,2.262688e-01,3.327474e-02,1.183058e-02,2.159005e-01,2.020317e-02,6.592690e-03,4.706055e-02,9.877344e-03,2.379205e-03,2.764859e-03,3.678335e-02
5.364174e-02,2.419764e-02,1.739509e-01,3.046769e-02,1.750671e-01,2.431001e-02,8.523266e-03,4.214725e-01,1.432696e-02,4.632954e-03,3.300954e-02,6.947880e-03,1.715157e-03,1.954388e-03,2.578225e-02
4.079849e-02,1.712734e-02,1.230679e-01,2.151239e-02,1.306458e-01,1.732192e-02,6.108708e-03,5.812219e-01,1.015275e-02,3.279683e-03,2.316766e-02,4.881189e-03,1.243442e-03,1.393182e-03,1.807762e-02
3.099615e-02,1.275551e-02,8.674421e-02,1.570930e-02,9.437917e-02,1.422222e-02,4.373483e-03,6.939766e-01,7.283878e-03,2.392468e-03,1.760102e-02,3.780432e-03,1.625408e-03,1.014762e-03,1.314528e-02
2.217501e-02,9.099899e-03,6.257992e-02,2.377697e-02,7.464441e-02,1.273847e-02,4.016249e-03,6.345255e-01,6.002680e-03,2.152470e-03,2.147795e-02,4.033288e-02,7.614111e-02,8.987054e-04,9.437695e-03
1.574808e-02,6.462709e-03,4.457497e-02,2.501557e-02,5.340900e-02,1.117768e-02,2.941178e-03,4.762124e-01,4.744357e-03,2.704526e-03,2.878483e-02,7.567479e-02,2.448516e-01,7.743259e-04,6.923931e-03
1.139451e-02,4.617212e-03,3.233012e-02,1.971092e-02,3.796545e-02,8.409371e-03,2.121641e-03,3.365096e-01,3.799414e-03,4.105422e-03,3.389350e-02,6.415615e-02,4.341215e-01,8.178847e-04,6.047402e-03
8.571065e-03,4.046657e-03,2.671624e-02,1.533334e-02,2.862150e-02,6.624588e-03,1.609882e-03,2.362573e-01,6.472325e-03,6.300109e-03,4.256477e-02,7.286863e-02,5.204817e-01,1.002681e-02,1.350509e-02
7.220238e-03,4.512530e-03,1.910944e-02,1.191041e-02,2.063710e-02,8.886594e-03,1.280288e-03,1.656396e-01,1.940837e-02,7.782605e-03,6.515095e-02,1.401580e-01,4.830297e-01,2.802074e-02,1.725344e-02
6.308083e-03,8.604627e-03,1.364589e-02,8.876200e-03,1.499802e-02,7.471388e-03,9.094086e-04,1.160010e-01,3.479838e-02,7.636305e-03,9.642677e-02,2.276850e-01,3.765351e-01,6.435266e-02,1.575106e-02
5.268542e-03,1.252021e-02,9.880379e-03,6.611464e-03,1.098469e-02,5.958453e-03,6.491407e-04,8.124299e-02,3.279667e-02,7.063263e-03,1.544823e-01,2.938191e-01,2.875250e-01,7.807884e-02,1.311891e-02
6.683584e-03,2.000147e-02,8.346865e-03,6.177475e-03,9.428530e-03,7.093930e-03,5.396006e-04,5.728525e-02,3.695292e-02,7.777355e-03,2.415833e-01,2.786625e-01,2.083659e-01,9.994914e-02,1.115219e-02
6.269212e-03,1.701149e-02,6.747562e-03,6.026683e-03,1.250787e-02,6.194011e-03,4.320127e-04,4.058350e-02,3.468379e-02,8.849042e-03,2.667426e-01,3.199698e-01,1.487042e-01,1.163083e-01,8.969836e-03
8.428399e-03,2.277311e-02,1.202625e-02,6.184592e-03,3.991908e-02,5.561622e-03,3.988049e-04,2.940591e-02,3.804902e-02,9.039231e-03,3.086242e-01,2.750499e-01,1.059117e-01,1.280773e-01,1.055079e-02
1.044468e-02,1.874976e-02,9.828939e-03,6.168514e-03,2.974183e-02,6.562510e-03,3.567312e-04,2.142396e-02,5.452137e-02,8.009972e-03,3.725073e-01,2.239411e-01,7.560865e-02,1.536152e-01,8.519392e-03
1.407082e-02,1.666783e-02,7.609881e-03,5.253281e-03,2.168419e-02,7.278190e-03,2.981884e-04,1.521005e-02,6.602007e-02,7.244325e-03,4.278858e-01,1.900395e-01,5.520523e-02,1.586060e-01,6.926584e-03
1.141873e-02,2.049567e-02,6.335972e-03,5.378108e-03,1.880814e-02,6.231914e-03,2.929750e-04,1.083515e-02,7.626401e-02,6.606799e-03,5.058934e-01,1.548850e-01,3.989322e-02,1.308813e-01,5.779608e-03
8.554707e-03,3.111164e-02,8.349188e-03,4.361024e-03,1.886521e-02,5.306585e-03,2.616394e-04,7.947233e-03,8.876212e-02,5.363388e-03,5.650862e-01,1.233854e-01,2.830027e-02,9.981292e-02,4.532394e-03
1.415422e-02,2.604504e-02,1.097349e-02,3.841561e-03,1.525148e-02,1.488929e-02,4.140233e-04,7.108068e-03,8.840186e-02,5.184841e-03,5.679535e-01,1.247131e-01,2.162096e-02,9.523066e-02,4.217871e-03
1.353763e-02,2.178356e-02,2.293456e-02,4.545002e-03,1.222566e-02,1.314756e-02,4.154736e-04,8.208167e-03,9.091297e-02,6.848834e-03,5.792573e-01,1.082482e-01,1.564708e-02,9.840958e-02,3.878359e-03
1.292341e-02,2.164476e-02,2.271201e-02,4.732762e-03,1.698599e-02,1.018490e-02,5.006480e-04,6.853794e-03,9.947500e-02,5.338462e-03,6.094924e-01,8.770499e-02,1.136958e-02,8.671951e-02,3.361731e-03
9.741530e-03,1.556307e-02,1.610924e-02,3.416714e-03,1.800011e-02,7.466599e-03,3.586997e-04,4.929708e-03,1.549873e-01,4.005392e-03,5.772262e-01,6.302365e-02,8.061104e-03,1.143086e-01,2.802078e-03
1.210122e-02,1.187495e-02,1.565055e-02,3.545801e-03,2.757076e-02,7.096419e-03,2.774912e-04,7.777177e-03,2.068299e-01,4.600085e-03,5.518427e-01,4.601976e-02,5.910246e-03,9.433938e-02,4.563527e-03
1.165377e-02,9.354439e-03,1.346544e-02,2.824036e-03,2.248230e-02,1.290558e-02,2.180655e-04,5.734519e-03,2.164457e-01,4.468848e-03,4.112001e-01,3.313987e-02,4.541945e-03,2.355401e-01,1.602531e-02
1.331953e-02,7.436872e-03,1.123843e-02,2.427014e-03,2.263674e-02,1.135280e-02,1.798630e-04,4.852125e-03,1.899897e-01,8.423295e-03,4.380324e-01,2.352789e-02,3.500546e-03,2.254282e-01,3.765452e-02
2.910804e-02,6.803665e-03,1.245940e-02,5.094249e-03,2.265560e-02,1.550569e-02,1.866459e-04,7.977113e-03,1.934991e-01,1.111462e-02,4.428405e-01,1.692707e-02,3.163616e-03,1.847279e-01,4.793687e-02
4.510996e-02,6.973598e-03,2.491940e-02,2.333257e-02,2.988267e-02,1.456762e-02,2.993891e-04,1.340657e-02,1.775680e-01,1.143276e-02,3.884876e-01,1.200369e-02,2.609558e-03,1.743864e-01,7.502025e-02
4.923092e-02,6.683178e-03,3.839429e-02,2.377561e-02,2.772773e-02,1.431492e-02,4.496940e-04,1.426177e-02,1.755748e-01,1.641108e-02,3.330767e-01,8.482341e-03,2.413251e-03,1.719132e-01,1.172905e-01
3.955103e-02,5.195651e-03,3.320726e-02,1.828338e-02,1.963890e-02,1.122481e-02,3.864320e-04,1.033763e-02,1.647663e-01,1.599588e-02,2.338800e-01,6.023597e-03,1.842486e-03,1.287642e-01,3.109025e-01
3.323987e-02,4.079410e-03,3.193184e-02,1.484613e-02,1.410233e-02,9.533614e-03,3.286467e-04,7.501677e-03,1.276173e-01,2.042699e-02,1.650201e-01,4.494689e-03,1.963374e-03,1.025695e-01,4.623447e-01
2.722977e-02,3.501454e-03,2.653911e-02,1.531627e-02,1.001009e-02,7.282990e-03,3.428676e-04,5.635833e-03,9.559005e-02,2.703582e-02,1.171410e-01,3.396720e-03,2.421756e-03,9.746241e-02,5.610939e-01
3.606151e-02,4.769345e-03,2.689308e-02,1.454695e-02,7.416596e-03,5.657402e-03,3.366828e-04,7.234987e-03,9.922350e-02,3.476363e-02,8.338944e-02,2.956644e-03,2.546632e-03,1.299684e-01,5.442352e-01
4.476245e-02,4.023952e-03,2.471425e-02,1.492830e-02,5.874789e-03,5.296389e-03,4.185067e-04,5.605518e-03,8.800463e-02,4.646014e-02,5.962300e-02,3.099153e-03,2.634499e-03,1.532062e-01,5.413483e-01
6.500596e-02,4.107481e-03,2.156856e-02,1.622259e-02,4.504458e-03,4.974913e-03,7.264165e-04,4.862335e-03,7.570659e-02,4.482388e-02,4.318161e-02,2.507430e-03,2.881335e-03,2.030610e-01,5.058655e-01
1.584321e-01,5.761324e-03,2.247424e-02,2.018591e-02,4.011284e-03,5.613621e-03,1.594133e-03,4.800067e-03,8.362866e-02,4.367421e-02,3.179517e-02,2.468121e-03,3.922101e-03,1.921526e-01,4.194865e-01
2.258364e-01,8.948255e-03,2.289909e-02,2.065663e-02,4.240721e-03,5.593809e-03,2.820271e-03,5.695827e-03,9.014682e-02,3.868662e-02,2.349601e-02,2.404584e-03,4.631824e-03,1.797522e-01,3.641909e-01
2.858531e-01,1.242558e-02,1.834355e-02,1.833607e-02,5.761973e-03,6.314473e-03,2.852373e-03,8.223250e-03,8.311694e-02,3.149894e-02,1.805627e-02,2.801785e-03,4.951846e-03,1.490360e-01,3.524279e-01
3.569703e-01,2.742677e-02,1.759278e-02,1.653825e-02,1.016159e-02,8.122673e-03,3.267714e-03,9.024877e-03,7.976712e-02,2.598772e-02,1.429181e-02,2.955836e-03,5.204357e-03,1.150327e-01,3.076555e-01
3.119061e-01,4.257902e-02,1.561251e-02,3.277431e-02,1.166443e-02,8.755740e-03,2.927792e-03,7.612093e-03,1.022037e-01,2.329427e-02,1.319903e-02,5.579644e-03,7.771295e-03,9.013063e-02,3.239894e-01
3.526492e-01,3.858887e-02,1.634406e-02,2.973917e-02,1.012059e-02,1.020166e-02,3.054416e-03,6.552083e-03,1.069052e-01,2.291198e-02,1.179208e-02,7.099953e-03,8.177449e-03,8.482334e-02,2.910399e-01
3.619766e-01,4.022212e-02,1.803628e-02,2.335035e-02,9.088488e-03,8.819402e-03,2.590106e-03,6.904227e-03,1.018552e-01,5.167430e-02,9.915019e-03,6.788337e-03,7.299197e-03,8.286570e-02,2.686147e-01
3.978710e-01,3.840024e-02,1.628626e-02,2.142497e-02,9.426525e-03,1.156669e-02,2.798822e-03,6.924605e-03,9.948941e-02,6.600742e-02,1.527940e-02,9.214036e-03,1.388723e-02,6.968801e-02,2.217354e-01
3.875762e-01,5.406279e-02,1.396243e-02,2.045487e-02,9.846739e-03,1.605505e-02,2.465628e-03,6.183691e-03,1.064318e-01,7.866171e-02,2.149450e-02,9.243948e-03,2.036903e-02,6.185982e-02,1.913318e-01
3.013286e-01,1.343630e-01,1.171273e-02,2.032446e-02,7.773953e-03,1.434905e-02,1.849924e-03,6.471039e-03,1.534452e-01,5.969220e-02,2.398595e-02,8.231089e-03,2.474456e-02,4.823194e-02,1.834963e-01
2.122395e-01,2.427892e-01,8.683947e-03,1.724533e-02,5.595810e-03,1.237310e-02,1.306710e-03,4.648785e-03,1.592391e-01,4.305590e-02,1.773867e-02,6.368256e-03,2.395554e-02,3.512116e-02,2.096390e-01
1.492876e-01,3.411363e-01,6.883403e-03,1.768878e-02,4.500600e-03,1.065983e-02,9.317495e-04,3.913680e-03,1.828286e-01,3.108063e-02,1.330245e-02,5.134277e-03,3.250942e-02,2.531188e-02,1.748307e-01
1.061762e-01,3.643182e-01,5.197123e-03,2.398684e-02,3.747416e-03,1.146454e-02,6.590630e-04,2.969614e-03,2.336608e-01,2.328067e-02,1.075344e-02,4.422306e-03,2.590274e-02,1.845698e-02,1.650041e-01
7.728348e-02,2.885002e-01,4.029856e-03,2.025437e-02,4.590584e-03,1.437471e-02,4.912161e-04,2.944393e-03,2.868011e-01,1.768210e-02,9.294522e-03,3.718476e-03,2.226808e-02,1.422627e-02,2.335407e-01
