1.000000e+00,0.000000e+00,0.000000e+00,0.000000e+00,0.000000e+00,0.000000e+00,0.000000e+00,0.000000e+00,0.000000e+00,0.000000e+00,0.000000e+00,0.000000e+00,0.000000e+00,0.000000e+00,0.000000e+00
1.000000e+00,0.000000e+00,0.000000e+00,0.000000e+00,0.000000e+00,0.000000e+00,0.000000e+00,0.000000e+00,0.000000e+00,0.000000e+00,0.000000e+00,0.000000e+00,0.000000e+00,0.000000e+00,0.000000e+00
1.000000e+00,0.000000e+00,0.000000e+00,0.000000e+00,0.000000e+00,0.000000e+00,0.000000e+00,0.000000e+00,0.000000e+00,0.000000e+00,0.000000e+00,0.000000e+00,0.000000e+00,0.000000e+00,0.000000e+00
1.000000e+00,0.000000e+00,0.000000e+00,0.000000e+00,0.000000e+00,0.000000e+00,0.000000e+00,0.000000e+00,0.000000e+00,0.000000e+00,0.000000e+00,0.000000e+00,0.000000e+00,0.000000e+00,0.000000e+00
1.000000e+00,0.000000e+00,0.000000e+00,0.000000e+00,0.000000e+00,0.000000e+00,0.000000e+00,0.000000e+00,0.000000e+00,0.000000e+00,0.000000e+00,0.000000e+00,0.000000e+00,0.000000e+00,0.000000e+00
1.000000e+00,0.000000e+00,0.000000e+00,0.000000e+00,0.000000e+00,0.000000e+00,0.000000e+00,0.000000e+00,0.000000e+00,0.000000e+00,0.000000e+00,0.000000e+00,0.000000e+00,0.000000e+00,0.000000e+00
1.000000e+00,0.000000e+00,0.000000e+00,0.000000e+00,0.000000e+00,0.000000e+00,0.000000e+00,0.000000e+00,0.000000e+00,0.000000e+00,0.000000e+00,0.000000e+00,0.000000e+00,0.000000e+00,0.000000e+00
1.000000e+00,0.000000e+00,0.000000e+00,0.000000e+00,0.000000e+00,0.000000e+00,0.000000e+00,0.000000e+00,0.000000e+00,0.000000e+00,0.000000e+00,0.000000e+00,0.000000e+00,0.000000e+00,0.000000e+00
1.000000e+00,0.000000e+00,0.000000e+00,0.000000e+00,0.000000e+00,0.000000e+00,0.000000e+00,0.000000e+00,0.000000e+00,0.000000e+00,0.000000e+00,0.000000e+00,0.000000e+00,0.000000e+00,0.000000e+00
1.000000e+00,0.000000e+00,0.000000e+00,0.000000e+00,0.000000e+00,0.000000e+00,0.000000e+00,0.000000e+00,0.000000e+00,0.000000e+00,0.000000e+00,0.000000e+00,0.000000e+00,0.000000e+00,0.000000e+00
1.000000e+00,0.000000e+00,0.000000e+00,0.000000e+00,0.000000e+00,0.000000e+00,0.000000e+00,0.000000e+00,0.000000e+00,0.000000e+00,0.000000e+00,0.000000e+00,0.000000e+00,0.000000e+00,0.000000e+00
1.000000e+00,0.000000e+00,0.000000e+00,0.000000e+00,0.000000e+00,0.000000e+00,0.000000e+00,0.000000e+00,0.000000e+00,0.000000e+00,0.000000e+00,0.000000e+00,0.000000e+00,0.000000e+00,0.000000e+00
1.000000e+00,0.000000e+00,0.000000e+00,0.000000e+00,0.000000e+00,0.000000e+00,0.000000e+00,0.000000e+00,0.000000e+00,0.000000e+00,0.000000e+00,0.000000e+00,0.000000e+00,0.000000e+00,0.000000e+00
1.000000e+00,0.000000e+00,0.000000e+00,0.000000e+00,0.000000e+00,0.000000e+00,0.000000e+00,0.000000e+00,0.000000e+00,0.000000e+00,0.000000e+00,0.000000e+00,0.000000e+00,0.000000e+00,0.000000e+00
1.000000e+00,0.000000e+00,0.000000e+00,0.000000e+00,0.000000e+00,0.000000e+00,0.000000e+00,0.000000e+00,0.000000e+00,0.000000e+00,0.000000e+00,0.000000e+00,0.000000e+00,0.000000e+00,0.000000e+00
1.000000e+00,0.000000e+00,0.000000e+00,0.000000e+00,0.000000e+00,0.000000e+00,0.000000e+00,0.000000e+00,0.000000e+00,0.000000e+00,0.000000e+00,0.000000e+00,0.000000e+00,0.000000e+00,0.000000e+00
1.000000e+00,0.000000e+00,0.000000e+00,0.000000e+00,0.000000e+00,0.000000e+00,0.000000e+00,0.000000e+00,0.000000e+00,0.000000e+00,0.000000e+00,0.000000e+00,0.000000e+00,0.000000e+00,0.000000e+00
1.000000e+00,0.000000e+00,0.000000e+00,0.000000e+00,0.000000e+00,0.000000e+00,0.000000e+00,0.000000e+00,0.000000e+00,0.000000e+00,0.000000e+00,0.000000e+00,0.000000e+00,0.000000e+00,0.000000e+00
1.000000e+00,0.000000e+00,0.000000e+00,0.000000e+00,0.000000e+00,0.000000e+00,0.000000e+00,0.000000e+00,0.000000e+00,0.000000e+00,0.000000e+00,0.000000e+00,0.000000e+00,0.000000e+00,0.000000e+00
1.000000e+00,0.000000e+00,0.000000e+00,0.000000e+00,0.000000e+00,0.000000e+00,0.000000e+00,0.000000e+00,0.000000e+00,0.000000e+00,0.000000e+00,0.000000e+00,0.000000e+00,0.000000e+00,0.000000e+00
1.000000e+00,0.000000e+00,0.000000e+00,0.000000e+00,0.000000e+00,0.000000e+00,0.000000e+00,0.000000e+00,0.000000e+00,0.000000e+00,0.000000e+00,0.000000e+00,0.000000e+00,0.000000e+00,0.000000e+00
1.000000e+00,0.000000e+00,0.000000e+00,0.000000e+00,0.000000e+00,0.000000e+00,0.000000e+00,0.000000e+00,0.000000e+00,0.000000e+00,0.000000e+00,0.000000e+00,0.000000e+00,0.000000e+00,0.000000e+00
1.000000e+00,0.000000e+00,0.000000e+00,0.000000e+00,0.000000e+00,0.000000e+00,0.000000e+00,0.000000e+00,0.000000e+00,0.000000e+00,0.000000e+00,0.000000e+00,0.000000e+00,0.000000e+00,0.000000e+00
1.000000e+00,0.000000e+00,0.000000e+00,0.000000e+00,0.000000e+00,0.000000e+00,0.000000e+00,0.000000e+00,0.000000e+00,0.000000e+00,0.000000e+00,0.000000e+00,0.000000e+00,0.000000e+00,0.000000e+00
1.000000e+00,0.000000e+00,0.000000e+00,0.000000e+00,0.000000e+00,0.000000e+00,0.000000e+00,0.000000e+00,0.000000e+00,0.000000e+00,0.000000e+00,0.000000e+00,0.000000e+00,0.000000e+00,0.000000e+00
1.000000e+00,0.000000e+00,0.000000e+00,0.000000e+00,0.000000e+00,0.000000e+00,0.000000e+00,0.000000e+00,0.000000e+00,0.000000e+00,0.000000e+00,0.000000e+00,0.000000e+00,0.000000e+00,0.000000e+00
1.000000e+00,0.000000e+00,0.000000e+00,0.000000e+00,0.000000e+00,0.000000e+00,0.000000e+00,0.000000e+00,0.000000e+00,0.000000e+00,0.000000e+00,0.000000e+00,0.000000e+00,0.000000e+00,0.000000e+00
1.000000e+00,0.000000e+00,0.000000e+00,0.000000e+00,0.000000e+00,0.000000e+00,0.000000e+00,0.000000e+00,0.000000e+00,0.000000e+00,0.000000e+00,0.000000e+00,0.000000e+00,0.000000e+00,0.000000e+00
1.000000e+00,0.000000e+00,0.000000e+00,0.000000e+00,0.000000e+00,0.000000e+00,0.000000e+00,0.000000e+00,0.000000e+00,0.000000e+00,0.000000e+00,0.000000e+00,0.000000e+00,0.000000e+00,0.000000e+00
1.000000e+00,0.000000e+00,0.000000e+00,0.000000e+00,0.000000e+00,0.000000e+00,0.000000e+00,0.000000e+00,0.000000e+00,0.000000e+00,0.000000e+00,0.000000e+00,0.000000e+00,0.000000e+00,0.000000e+00
1.000000e+00,0.000000e+00,0.000000e+00,0.000000e+00,0.000000e+00,0.000000e+00,0.000000e+00,0.000000e+00,0.000000e+00,0.000000e+00,0.000000e+00,0.000000e+00,0.000000e+00,0.000000e+00,0.000000e+00
1.000000e+00,0.000000e+00,0.000000e+00,0.000000e+00,0.000000e+00,0.000000e+00,0.000000e+00,0.000000e+00,0.000000e+00,0.000000e+00,0.000000e+00,0.000000e+00,0.000000e+00,0.000000e+00,0.000000e+00
1.000000e+00,0.000000e+00,0.000000e+00,0.000000e+00,0.000000e+00,0.000000e+00,0.000000e+00,0.000000e+00,0.000000e+00,0.000000e+00,0.000000e+00,0.000000e+00,0.000000e+00,0.000000e+00,0.000000e+00
1.000000e+00,0.000000e+00,0.000000e+00,0.000000e+00,0.000000e+00,0.000000e+00,0.000000e+00,0.000000e+00,0.000000e+00,0.000000e+00,0.000000e+00,0.000000e+00,0.000000e+00,0.000000e+00,0.000000e+00
1.000000e+00,0.000000e+00,0.000000e+00,0.000000e+00,0.000000e+00,0.000000e+00,0.000000e+00,0.000000e+00,0.000000e+00,0.000000e+00,0.000000e+00,0.000000e+00,0.000000e+00,0.000000e+00,0.000000e+00
1.000000e+00,0.000000e+00,0.000000e+00,0.000000e+00,0.000000e+00,0.000000e+00,0.000000e+00,0.000000e+00,0.000000e+00,0.000000e+00,0.000000e+00,0.000000e+00,0.000000e+00,0.000000e+00,0.000000e+00
1.000000e+00,0.000000e+00,0.000000e+00,0.000000e+00,0.000000e+00,0.000000e+00,0.000000e+00,0.000000e+00,0.000000e+00,0.000000e+00,0.000000e+00,0.000000e+00,0.000000e+00,0.000000e+00,0.000000e+00
1.000000e+00,0.000000e+00,0.000000e+00,0.000000e+00,0.000000e+00,0.000000e+00,0.000000e+00,0.000000e+00,0.000000e+00,0.000000e+00,0.000000e+00,0.000000e+00,0.000000e+00,0.000000e+00,0.000000e+00
1.000000e+00,0.000000e+00,0.000000e+00,0.000000e+00,0.000000e+00,0.000000e+00,0.000000e+00,0.000000e+00,0.000000e+00,0.000000e+00,0.000000e+00,0.000000e+00,0.000000e+00,0.000000e+00,0.000000e+00
1.000000e+00,0.000000e+00,0.000000e+00,0.000000e+00,0.000000e+00,0.000000e+00,0.000000e+00,0.000000e+00,0.000000e+00,0.000000e+00,0.000000e+00,0.000000e+00,0.000000e+00,0.000000e+00,0.000000e+00
1.000000e+00,0.000000e+00,0.000000e+00,0.000000e+00,0.000000e+00,0.000000e+00,0.000000e+00,0.000000e+00,0.000000e+00,0.000000e+00,0.000000e+00,0.000000e+00,0.000000e+00,0.000000e+00,0.000000e+00
1.000000e+00,0.000000e+00,0.000000e+00,0.000000e+00,0.000000e+00,0.000000e+00,0.000000e+00,0.000000e+00,0.000000e+00,0.000000e+00,0.000000e+00,0.000000e+00,0.000000e+00,0.000000e+00,0.000000e+00
1.000000e+00,0.000000e+00,0.000000e+00,0.000000e+00,0.000000e+00,0.000000e+00,0.000000e+00,0.000000e+00,0.000000e+00,0.000000e+00,0.000000e+00,0.000000e+00,0.000000e+00,0.000000e+00,0.000000e+00
1.000000e+00,0.000000e+00,0.000000e+00,0.000000e+00,0.000000e+00,0.000000e+00,0.000000e+00,0.000000e+00,0.000000e+00,0.000000e+00,0.000000e+00,0.000000e+00,0.000000e+00,0.000000e+00,0.000000e+00
4.391245e-01,8.411819e-02,6.873889e-02,1.619829e-01,1.336038e-02,1.949876e-02,6.324384e-03,2.307535e-02,2.818770e-02,5.919195e-03,2.886533e-02,2.678344e-02,1.234619e-02,1.445056e-02,6.722428e-02
4.255439e-01,9.530555e-02,6.022353e-02,1.546405e-01,1.705912e-02,1.876036e-02,6.278810e-03,1.955771e-02,2.860033e-02,6.624871e-03,2.930930e-02,2.576655e-02,1.329319e-02,1.818757e-02,8.084867e-02
4.171343e-01,1.069501e-01,5.196581e-02,1.467225e-01,1.994417e-02,1.830893e-02,6.072835e-03,1.730665e-02,2.654798e-02,7.413655e-03,2.855144e-02,2.568634e-02,1.436174e-02,2.132748e-02,9.170623e-02
3.846581e-01,1.165897e-01,5.067975e-02,1.459228e-01,2.194504e-02,1.948570e-02,6.041666e-03,1.668002e-02,2.853632e-02,8.329396e-03,2.754241e-02,2.679843e-02,1.650062e-02,2.300304e-02,1.072871e-01
4.340669e-01,1.123805e-01,4.133602e-02,1.293425e-01,2.100551e-02,1.956883e-02,6.162503e-03,1.520498e-02,2.566717e-02,7.391131e-03,2.632321e-02,2.655724e-02,1.775658e-02,2.077113e-02,9.646583e-02
1.000000e+00,0.000000e+00,0.000000e+00,0.000000e+00,0.000000e+00,0.000000e+00,0.000000e+00,0.000000e+00,0.000000e+00,0.000000e+00,0.000000e+00,0.000000e+00,0.000000e+00,0.000000e+00,0.000000e+00
1.000000e+00,0.000000e+00,0.000000e+00,0.000000e+00,0.000000e+00,0.000000e+00,0.000000e+00,0.000000e+00,0.000000e+00,0.000000e+00,0.000000e+00,0.000000e+00,0.000000e+00,0.000000e+00,0.000000e+00
1.000000e+00,0.000000e+00,0.000000e+00,0.000000e+00,0.000000e+00,0.000000e+00,0.000000e+00,0.000000e+00,0.000000e+00,0.000000e+00,0.000000e+00,0.000000e+00,0.000000e+00,0.000000e+00,0.000000e+00
1.000000e+00,0.000000e+00,0.000000e+00,0.000000e+00,0.000000e+00,0.000000e+00,0.000000e+00,0.000000e+00,0.000000e+00,0.000000e+00,0.000000e+00,0.000000e+00,0.000000e+00,0.000000e+00,0.000000e+00
1.000000e+00,0.000000e+00,0.000000e+00,0.000000e+00,0.000000e+00,0.000000e+00,0.000000e+00,0.000000e+00,0.000000e+00,0.000000e+00,0.000000e+00,0.000000e+00,0.000000e+00,0.000000e+00,0.000000e+00
1.000000e+00,0.000000e+00,0.000000e+00,0.000000e+00,0.000000e+00,0.000000e+00,0.000000e+00,0.000000e+00,0.000000e+00,0.000000e+00,0.000000e+00,0.000000e+00,0.000000e+00,0.000000e+00,0.000000e+00
1.000000e+00,0.000000e+00,0.000000e+00,0.000000e+00,0.000000e+00,0.000000e+00,0.000000e+00,0.000000e+00,0.000000e+00,0.000000e+00,0.000000e+00,0.000000e+00,0.000000e+00,0.000000e+00,0.000000e+00
1.000000e+00,0.000000e+00,0.000000e+00,0.000000e+00,0.000000e+00,0.000000e+00,0.000000e+00,0.000000e+00,0.000000e+00,0.000000e+00,0.000000e+00,0.000000e+00,0.000000e+00,0.000000e+00,0.000000e+00
1.000000e+00,0.000000e+00,0.000000e+00,0.000000e+00,0.000000e+00,0.000000e+00,0.000000e+00,0.000000e+00,0.000000e+00,0.000000e+00,0.000000e+00,0.000000e+00,0.000000e+00,0.000000e+00,0.000000e+00
1.000000e+00,0.000000e+00,0.000000e+00,0.000000e+00,0.000000e+00,0.000000e+00,0.000000e+00,0.000000e+00,0.000000e+00,0.000000e+00,0.000000e+00,0.000000e+00,0.000000e+00,0.000000e+00,0.000000e+00
4.501076e-01,3.466670e-02,8.069646e-02,5.133475e-02,3.660351e-02,5.261125e-02,2.099837e-02,1.561163e-01,7.705816e-03,5.113382e-03,3.380086e-02,2.513863e-02,1.632991e-02,4.580902e-03,2.419561e-02
3.504026e-01,2.936752e-02,1.786518e-01,4.402664e-02,3.899489e-02,4.301659e-02,6.043768e-02,1.633101e-01,5.892566e-03,8.794342e-03,2.440616e-02,1.807649e-02,1.288834e-02,3.832066e-03,1.790231e-02
2.573743e-01,2.631518e-02,2.062671e-01,4.310931e-02,5.886323e-02,4.352186e-02,5.449849e-02,1.338855e-01,4.816373e-03,1.104903e-01,1.775928e-02,1.291827e-02,1.027701e-02,4.743125e-03,1.516062e-02
2.009882e-01,2.995301e-02,1.727125e-01,3.253454e-02,4.826724e-02,4.810411e-02,4.396050e-02,1.017112e-01,7.290537e-03,2.263010e-01,2.080341e-02,1.060807e-02,1.239161e-02,1.014697e-02,3.422713e-02
1.462833e-01,2.414435e-02,1.270944e-01,2.389058e-02,3.566984e-02,6.270682e-02,3.155585e-02,7.437048e-02,1.528255e-02,1.932220e-01,3.472888e-02,8.185878e-03,1.866928e-02,2.293590e-02,1.812599e-01
1.060709e-01,1.942481e-02,8.947454e-02,1.814370e-02,2.539964e-02,4.716493e-02,2.233998e-02,5.279291e-02,3.404735e-02,1.696782e-01,2.934975e-02,9.630609e-03,1.825748e-02,2.872201e-02,3.295031e-01
7.580629e-02,1.419329e-02,6.271451e-02,1.286856e-02,1.784411e-02,3.553689e-02,1.566525e-02,3.696917e-02,2.587760e-02,1.214197e-01,2.967934e-02,7.114637e-03,1.381547e-02,3.926879e-02,4.912264e-01
5.430477e-02,1.026993e-02,4.399122e-02,9.103083e-03,1.255097e-02,2.780205e-02,1.098567e-02,2.588773e-02,2.011241e-02,8.609353e-02,4.064922e-02,5.355711e-03,1.054015e-02,3.093407e-02,6.114194e-01
4.554714e-02,2.495521e-02,3.204992e-02,1.535117e-02,9.876933e-03,2.392820e-02,7.766488e-03,1.816344e-02,6.000855e-02,6.361955e-02,3.160868e-02,4.682185e-03,8.817415e-03,2.851666e-02,6.251084e-01
3.770081e-02,2.388258e-02,2.334636e-02,1.123498e-02,7.477581e-03,2.050882e-02,5.519479e-03,1.274005e-02,5.113192e-02,4.726957e-02,3.529425e-02,3.673078e-03,7.489927e-03,3.204091e-02,6.806896e-01
3.064004e-02,2.220105e-02,1.703492e-02,7.960509e-03,5.321073e-03,1.941213e-02,3.883079e-03,8.927696e-03,4.391198e-02,3.496339e-02,2.549084e-02,2.620529e-03,6.054889e-03,3.467606e-02,7.369018e-01
2.238487e-02,5.018048e-02,1.220850e-02,5.691716e-03,3.783752e-03,1.779196e-02,2.743798e-03,6.261337e-03,1.086246e-01,2.670253e-02,1.832479e-02,1.901712e-03,5.821164e-03,2.896357e-02,6.886152e-01
1.677168e-02,4.568702e-02,8.619594e-03,4.110342e-03,2.894229e-03,1.763525e-02,1.948215e-03,4.388782e-03,1.428012e-01,2.051160e-02,1.342614e-02,1.394041e-03,6.034858e-03,3.025026e-02,6.835267e-01
1.218393e-02,4.160581e-02,6.065101e-03,3.129755e-03,2.253441e-03,1.389845e-02,1.377316e-03,3.079043e-03,3.255051e-01,1.517231e-02,9.694370e-03,1.013427e-03,5.079052e-03,2.939421e-02,5.305486e-01
8.735654e-03,4.670445e-02,4.281092e-03,2.768958e-03,1.697027e-03,1.009517e-02,9.693952e-04,2.160504e-03,4.766302e-01,1.121958e-02,7.211511e-03,8.051524e-04,4.041170e-03,2.691608e-02,3.957641e-01
6.763304e-03,8.219009e-02,3.170134e-03,4.665592e-03,1.231175e-03,7.318333e-03,6.845401e-04,1.516321e-03,5.130805e-01,8.555640e-03,7.989768e-03,1.378970e-03,5.590087e-03,2.864957e-02,3.272159e-01
6.306278e-03,6.270290e-02,2.277353e-03,4.585627e-03,1.108804e-03,5.701469e-03,5.139534e-04,1.107269e-03,4.560565e-01,6.652175e-03,3.492778e-02,3.168662e-03,8.118115e-02,2.700024e-02,3.067098e-01
4.713377e-03,6.064967e-02,2.455928e-03,5.192301e-03,8.975086e-04,4.136466e-03,3.769727e-04,7.831755e-04,5.533295e-01,6.980351e-03,2.701571e-02,4.644188e-03,6.358247e-02,3.134699e-02,2.338954e-01
3.984241e-03,4.806191e-02,4.356857e-03,4.311772e-03,1.016006e-03,3.249857e-03,3.294595e-04,6.474393e-04,4.824686e-01,1.168425e-02,2.129171e-02,8.428099e-03,6.459889e-02,1.076367e-01,2.379342e-01
6.012124e-03,4.343905e-02,1.116744e-02,7.260887e-03,2.695836e-03,3.889959e-03,4.358913e-04,1.486731e-03,4.060264e-01,1.135692e-02,2.234508e-02,1.210248e-02,7.917759e-02,1.174428e-01,2.751608e-01
8.179897e-03,6.244601e-02,2.026428e-02,1.732263e-02,2.761634e-03,3.689563e-03,3.663359e-04,1.567185e-03,3.928225e-01,1.234354e-02,1.796721e-02,1.225572e-02,6.589056e-02,1.020438e-01,2.800792e-01
1.936680e-02,7.225946e-02,2.185152e-02,1.682678e-02,9.408420e-03,1.428826e-02,7.833542e-04,5.461254e-03,3.920039e-01,9.075452e-03,1.882667e-02,1.243916e-02,7.796212e-02,7.865617e-02,2.507907e-01
3.539701e-02,6.319556e-02,7.242543e-02,2.121256e-02,1.984059e-02,1.580353e-02,2.840055e-03,5.205467e-02,3.240561e-01,6.902417e-03,1.667151e-02,1.140039e-02,7.023366e-02,5.917900e-02,2.287875e-01
3.037814e-02,4.814015e-02,2.658979e-01,4.124500e-02,1.871518e-02,1.318922e-02,2.372135e-03,4.267358e-02,2.343287e-01,5.814003e-03,1.229700e-02,8.884834e-03,5.451360e-02,4.199082e-02,1.795598e-01
3.009391e-02,4.354724e-02,2.935920e-01,5.513549e-02,1.791213e-02,1.262327e-02,2.212778e-03,4.585404e-02,1.864252e-01,8.098399e-03,9.864007e-03,7.396708e-03,4.668565e-02,3.119196e-02,2.093671e-01
3.885464e-02,4.226073e-02,2.614328e-01,4.097762e-02,1.859747e-02,9.820479e-03,2.201540e-03,5.942713e-02,1.563166e-01,8.346760e-03,8.508428e-03,6.113973e-03,4.254669e-02,2.269907e-02,2.818961e-01
4.268616e-02,7.481979e-02,2.093988e-01,2.942879e-02,1.847638e-02,9.761516e-03,2.269601e-03,5.805342e-02,2.458566e-01,7.155441e-03,7.900693e-03,4.755486e-03,4.138199e-02,1.638590e-02,2.316695e-01
3.554793e-02,1.258381e-01,1.644838e-01,2.164702e-02,1.722806e-02,9.011175e-03,2.658049e-03,5.135543e-02,3.312508e-01,6.602756e-03,6.068586e-03,3.576211e-03,3.559612e-02,1.168638e-02,1.774495e-01
2.988147e-02,1.947961e-01,1.271462e-01,1.664557e-02,1.475062e-02,1.112068e-02,2.264851e-03,4.741596e-02,3.566620e-01,1.075827e-02,4.463300e-03,2.604755e-03,3.008177e-02,8.373178e-03,1.430352e-01
2.894772e-02,2.554246e-01,1.041783e-01,1.253757e-02,1.435011e-02,1.445075e-02,2.708413e-03,4.311123e-02,3.470091e-01,1.449531e-02,3.437907e-03,2.001409e-03,3.837685e-02,6.103291e-03,1.128675e-01
3.622490e-02,3.032249e-01,7.951112e-02,1.004392e-02,1.744349e-02,1.517985e-02,2.430042e-03,4.002895e-02,3.434525e-01,1.392152e-02,3.415955e-03,1.813323e-03,4.226051e-02,4.895674e-03,8.615333e-02
4.924421e-02,3.293967e-01,5.760721e-02,9.294086e-03,1.684847e-02,1.362652e-02,2.287362e-03,5.149536e-02,3.319402e-01,2.177379e-02,3.486102e-03,2.193884e-03,3.145792e-02,4.323224e-03,7.502494e-02
6.700626e-02,3.550819e-01,4.187737e-02,7.512082e-03,1.759593e-02,1.154693e-02,2.001760e-03,5.662984e-02,3.156234e-01,2.235462e-02,4.988478e-03,3.044316e-03,2.378689e-02,4.064376e-03,6.688583e-02
5.515882e-02,3.487656e-01,7.568768e-02,1.368566e-02,1.456453e-02,9.840395e-03,1.616872e-03,4.172720e-02,2.328108e-01,5.436388e-02,2.868448e-02,1.340573e-02,2.585185e-02,3.751611e-03,8.008480e-02
4.331997e-02,2.703375e-01,6.312794e-02,9.067733e-02,5.364780e-02,1.009830e-02,2.557269e-03,3.047968e-02,1.773859e-01,4.140346e-02,3.377789e-02,1.466334e-02,1.010905e-01,3.010040e-03,6.442300e-02
3.131317e-02,1.904583e-01,4.494865e-02,7.099643e-02,4.757403e-02,9.366125e-03,2.245772e-03,2.157229e-02,1.288697e-01,2.992906e-02,3.461140e-02,1.428187e-02,2.826486e-01,2.883675e-03,8.830092e-02
2.310932e-02,1.338508e-01,3.223048e-02,5.097494e-02,4.309599e-02,8.158308e-03,2.155477e-03,1.537945e-02,9.294344e-02,2.131839e-02,3.159301e-02,1.971179e-02,4.391246e-01,3.923236e-03,8.243075e-02
1.716302e-02,9.401719e-02,2.309222e-02,3.605683e-02,3.995514e-02,6.936493e-03,1.798846e-03,1.098467e-02,7.107327e-02,1.517396e-02,3.489499e-02,1.942984e-02,5.449020e-01,3.136293e-03,8.138523e-02
1.426682e-02,9.544221e-02,5.161175e-02,3.958262e-02,4.530128e-02,1.117990e-02,2.162444e-03,7.916147e-03,1.547070e-01,1.251065e-02,2.654961e-02,4.183878e-02,4.277870e-01,4.292401e-03,6.485125e-02
1.065060e-02,6.794061e-02,3.753351e-02,3.072182e-02,3.925065e-02,8.891094e-03,1.835241e-03,5.653817e-03,1.148903e-01,8.938778e-03,2.888866e-02,4.099781e-02,5.428767e-01,6.280338e-03,5.465000e-02
7.776137e-03,4.874789e-02,3.263384e-02,2.244263e-02,4.927275e-02,7.469901e-03,1.539356e-03,4.217344e-03,9.231777e-02,6.699554e-03,3.474093e-02,4.108288e-02,6.042242e-01,4.766429e-03,4.206836e-02
8.161908e-03,3.672076e-02,3.102836e-02,1.651656e-02,4.939086e-02,6.741260e-03,3.128256e-03,5.142762e-03,9.105153e-02,6.101504e-03,3.297614e-02,6.036796e-02,5.787715e-01,3.868401e-03,7.003219e-02
8.278929e-03,3.297561e-02,3.032972e-02,1.195268e-02,4.602539e-02,7.640511e-03,3.897595e-03,6.192097e-03,1.003500e-01,5.743733e-03,3.179909e-02,6.859241e-02,4.712655e-01,3.547321e-03,1.714094e-01
1.026868e-02,2.789335e-02,3.968311e-02,9.386002e-03,3.686617e-02,6.762928e-03,1.010184e-02,1.200644e-02,7.923236e-02,5.915610e-03,3.143363e-02,1.100080e-01,3.783716e-01,7.609413e-03,2.344609e-01
8.896993e-03,2.574670e-02,5.145215e-02,7.657351e-03,3.088386e-02,6.563292e-03,9.219082e-03,1.138962e-02,6.055804e-02,6.590050e-03,2.549688e-02,1.652135e-01,3.028764e-01,9.522963e-03,2.779331e-01
9.693897e-03,3.663342e-02,9.104153e-02,6.538614e-02,2.860966e-02,6.181980e-03,7.352814e-03,1.591222e-02,8.986799e-02,7.166659e-03,2.407629e-02,1.518913e-01,2.373078e-01,8.722953e-03,2.201553e-01
1.439748e-02,3.403871e-02,1.130538e-01,7.119754e-02,3.223075e-02,6.301479e-03,6.411223e-03,2.205106e-02,9.551018e-02,1.045018e-02,2.914801e-02,1.193685e-01,1.857498e-01,1.018961e-02,2.499017e-01
1.449128e-02,2.918859e-02,9.991220e-02,5.586374e-02,3.200913e-02,5.870214e-03,5.187466e-03,2.553966e-02,8.067957e-02,1.069488e-02,2.618878e-02,1.023823e-01,1.426082e-01,1.120341e-02,3.581806e-01
1.561467e-02,2.264296e-02,1.217751e-01,6.031613e-02,2.918266e-02,5.278263e-03,4.072689e-03,1.178029e-01,7.083052e-02,1.039877e-02,2.277374e-02,7.293323e-02,1.161405e-01,1.075049e-02,3.194873e-01
2.157142e-02,2.044469e-02,1.038755e-01,5.011541e-02,2.993713e-02,4.317772e-03,3.318216e-03,1.290909e-01,6.984808e-02,1.194875e-02,2.182264e-02,5.252825e-02,8.912517e-02,1.294465e-02,3.791114e-01
4.803957e-02,1.968582e-02,1.000316e-01,6.715254e-02,2.815197e-02,4.092547e-03,2.713057e-03,1.200466e-01,7.053122e-02,1.743235e-02,2.796549e-02,3.968198e-02,7.936463e-02,1.517769e-02,3.599330e-01
5.019656e-02,1.741853e-02,8.749834e-02,4.985094e-02,2.213460e-02,3.198243e-03,2.187020e-03,1.478462e-01,5.490492e-02,1.348913e-02,2.225422e-02,2.884649e-02,6.045476e-02,1.307963e-02,4.266405e-01
4.217359e-02,1.368404e-02,6.623437e-02,3.563115e-02,1.632651e-02,2.461572e-03,1.624925e-03,1.138424e-01,4.251671e-02,1.059552e-02,1.651485e-02,2.043163e-02,4.364814e-02,1.115269e-02,5.631620e-01
3.843670e-02,1.450594e-02,4.991978e-02,2.578370e-02,1.204597e-02,1.998449e-03,1.179483e-03,8.371026e-02,3.518368e-02,8.113190e-03,1.198924e-02,1.446408e-02,3.154261e-02,9.056072e-03,6.620709e-01
3.681400e-02,1.289560e-02,4.019992e-02,1.934391e-02,9.368429e-03,1.651995e-03,8.722803e-04,6.828190e-02,2.897596e-02,6.305420e-03,8.762353e-03,1.036179e-02,2.313625e-02,7.644895e-03,7.253853e-01
8.490566e-02,1.939978e-02,5.684138e-02,2.020358e-02,8.832920e-03,2.938480e-03,9.097074e-04,5.702264e-02,2.753835e-02,7.013874e-03,7.039752e-03,8.814782e-03,1.992447e-02,6.394158e-03,6.722205e-01
7.359876e-02,2.011824e-02,4.290955e-02,1.457008e-02,9.683358e-03,2.715198e-03,1.041277e-03,4.386620e-02,6.340304e-02,5.331641e-03,5.201059e-03,6.521913e-03,1.487911e-02,5.700267e-03,6.904603e-01
6.395499e-02,2.536961e-02,3.720870e-02,2.282930e-02,9.476343e-03,2.746968e-03,9.487713e-04,3.188582e-02,2.006326e-01,6.466785e-03,4.935637e-03,5.134760e-03,1.233984e-02,4.663740e-03,5.714062e-01
5.762752e-02,2.267432e-02,2.806598e-02,1.731943e-02,8.697940e-03,5.110809e-03,7.846234e-04,2.251595e-02,2.928576e-01,6.615615e-03,3.557065e-02,4.422407e-03,1.403772e-02,3.962961e-02,4.440698e-01
5.201172e-02,2.026870e-02,2.147224e-02,1.441834e-02,8.864001e-03,5.544820e-03,8.696602e-04,1.635969e-02,3.305507e-01,6.151827e-03,6.445646e-02,4.294777e-03,1.623230e-02,1.003929e-01,3.381119e-01
3.885559e-02,1.550292e-02,1.552347e-02,1.069359e-02,6.794570e-03,5.633461e-03,6.719882e-04,1.152893e-02,2.630963e-01,5.467918e-03,1.054600e-01,4.033243e-03,1.460864e-02,2.558813e-01,2.462481e-01
3.077983e-02,1.252287e-02,1.132330e-02,8.272614e-03,5.210876e-03,8.013770e-03,6.058748e-04,8.414787e-03,1.918693e-01,4.620449e-03,1.838058e-01,4.067094e-03,1.370652e-02,3.389662e-01,1.778208e-01
2.239329e-02,1.018622e-02,8.154481e-03,6.232070e-03,4.177360e-03,6.447210e-03,5.474722e-04,5.963218e-03,1.376950e-01,3.873328e-03,2.389987e-01,3.482791e-03,1.072657e-02,4.063527e-01,1.347697e-01
2.053501e-02,1.121342e-02,6.375600e-03,6.019884e-03,4.022620e-03,1.353328e-02,6.206921e-04,5.297888e-03,1.093437e-01,5.049640e-03,2.651733e-01,3.417899e-03,8.441827e-03,4.416044e-01,9.935083e-02
1.596528e-02,2.034859e-02,5.528927e-03,4.959103e-03,3.494626e-03,1.344046e-02,5.301038e-04,3.998823e-03,1.275594e-01,5.700865e-03,2.482944e-01,3.290961e-03,6.437656e-03,4.661931e-01,7.425778e-02
1.349233e-02,2.402368e-02,7.653328e-03,3.810747e-03,3.475168e-03,1.146578e-02,4.255246e-04,3.153350e-03,1.811424e-01,5.820084e-03,1.951254e-01,3.074621e-03,4.739584e-03,4.889967e-01,5.360125e-02
1.084925e-02,2.204172e-02,6.057284e-03,2.885452e-03,2.809632e-03,1.529563e-02,3.338177e-04,2.320433e-03,2.605311e-01,5.048906e-03,1.627969e-01,2.943359e-03,3.574117e-03,4.644262e-01,3.808624e-02
8.856916e-03,2.013747e-02,7.749083e-03,2.736792e-03,2.516739e-03,2.159181e-02,2.806926e-04,1.925060e-03,3.312418e-01,5.472218e-03,1.376341e-01,2.615956e-03,2.939065e-03,4.272654e-01,2.703686e-02
1.111735e-02,1.545254e-02,4.117300e-02,4.039286e-03,3.681479e-03,1.784566e-02,2.726832e-04,2.980145e-03,3.906948e-01,5.139706e-03,1.042945e-01,2.219381e-03,2.356787e-03,3.795053e-01,1.922744e-02
1.242888e-02,1.325207e-02,3.352750e-02,4.242097e-03,4.115035e-03,1.333757e-02,2.315653e-04,2.449684e-03,4.970652e-01,5.106566e-03,7.826177e-02,1.780589e-03,1.753220e-03,3.183555e-01,1.409277e-02
1.348083e-02,1.101450e-02,2.539493e-02,3.342227e-03,3.693869e-03,1.140595e-02,1.732150e-04,2.275892e-03,5.703719e-01,4.245741e-03,5.808601e-02,1.479650e-03,1.353577e-03,2.833493e-01,1.033250e-02
1.431783e-02,8.695824e-03,1.873496e-02,2.515128e-03,3.147185e-03,1.314159e-02,1.343952e-04,1.783588e-03,6.234132e-01,3.385526e-03,4.492298e-02,1.165485e-03,1.072430e-03,2.560124e-01,7.557512e-03
1.652811e-02,7.276463e-03,1.856611e-02,3.155201e-03,3.041533e-03,1.266183e-02,1.176654e-04,2.059205e-03,6.818649e-01,3.535077e-03,3.362739e-02,9.007828e-04,8.269444e-04,2.086205e-01,7.218255e-03
2.751189e-02,5.964177e-03,1.836447e-02,3.861375e-03,3.780894e-03,1.023284e-02,1.210002e-04,4.267391e-03,7.200989e-01,3.363208e-03,2.591555e-02,1.003579e-03,7.629674e-04,1.673622e-01,7.389610e-03
2.643964e-02,5.329730e-03,1.352704e-02,2.832995e-03,3.316592e-03,7.893770e-03,9.421394e-05,4.296334e-03,7.649164e-01,2.620684e-03,2.055692e-02,8.545398e-04,6.236235e-04,1.405963e-01,6.101161e-03
3.485671e-02,5.194365e-03,1.073772e-02,2.171615e-03,3.316707e-03,1.005162e-02,8.024290e-05,4.489802e-03,7.538546e-01,2.228954e-03,3.538236e-02,8.549826e-04,5.851544e-04,1.304248e-01,5.770367e-03
3.281347e-02,4.499303e-03,8.149157e-03,1.628173e-03,3.079211e-03,8.932360e-03,7.975973e-05,4.339849e-03,7.028921e-01,1.785025e-03,5.610793e-02,6.424449e-04,4.396483e-04,1.701920e-01,4.419531e-03
3.708781e-02,4.231414e-03,8.005947e-03,2.178600e-03,3.826940e-03,8.512382e-03,1.388035e-04,7.679990e-03,7.052320e-01,1.603477e-03,6.245388e-02,5.329376e-04,3.932443e-04,1.541782e-01,3.944408e-03
3.391150e-02,3.173473e-03,5.751579e-03,1.724219e-03,3.570971e-03,6.278967e-03,1.256943e-04,5.709512e-03,6.810415e-01,1.531822e-03,6.164364e-02,3.959347e-04,3.144252e-04,1.917323e-01,3.094477e-03
3.364584e-02,2.345368e-03,4.273483e-03,1.468961e-03,2.965655e-03,4.713964e-03,1.214763e-04,4.771854e-03,6.177362e-01,1.407636e-03,6.253792e-02,3.228105e-04,2.560838e-04,2.608415e-01,2.591215e-03
4.535931e-02,2.870145e-03,9.245978e-03,7.981244e-03,3.923132e-03,4.341530e-03,1.808783e-04,4.492612e-03,5.218344e-01,1.504960e-03,6.064447e-02,3.749047e-04,3.820618e-04,3.280486e-01,8.815744e-03
4.404460e-02,2.307462e-03,6.958411e-03,6.179321e-03,3.631034e-03,3.320775e-03,2.170124e-04,3.372345e-03,3.993230e-01,1.286462e-03,5.241266e-02,3.055644e-04,3.260259e-04,4.694843e-01,6.830995e-03
5.804929e-02,3.593541e-03,9.386130e-03,1.302263e-02,1.630096e-02,2.998943e-03,3.747371e-04,4.100581e-03,3.603657e-01,1.100322e-03,4.063617e-02,3.069792e-04,3.265738e-04,4.837537e-01,5.683649e-03
1.221677e-01,5.137576e-03,9.448120e-03,1.423678e-02,1.842328e-02,4.612386e-03,6.951552e-04,5.088518e-03,3.308203e-01,1.472118e-03,3.468971e-02,1.283764e-03,9.031652e-04,4.422900e-01,8.731395e-03
1.506734e-01,7.923519e-03,1.146255e-02,1.594590e-02,2.438794e-02,1.073836e-02,9.983082e-04,9.637157e-03,3.105494e-01,2.337373e-03,3.004100e-02,2.302120e-03,1.720064e-03,4.083720e-01,1.291095e-02
1.909279e-01,9.665942e-03,1.770622e-02,1.442638e-02,2.924563e-02,1.044847e-02,8.815731e-04,1.102155e-02,3.628966e-01,5.064380e-03,2.272926e-02,2.377384e-03,1.641609e-03,3.071399e-01,1.382720e-02
2.339903e-01,9.121859e-03,2.037292e-02,1.170551e-02,3.331826e-02,8.748724e-03,8.202522e-04,1.054494e-02,3.948572e-01,5.194665e-03,1.935435e-02,2.315869e-03,1.604925e-03,2.368532e-01,1.119708e-02
2.605852e-01,9.695934e-03,2.112027e-02,9.635120e-03,3.707994e-02,8.092159e-03,8.094922e-04,9.817396e-03,4.268410e-01,5.150858e-03,1.537992e-02,2.457329e-03,1.561891e-03,1.823476e-01,9.425862e-03
3.150209e-01,1.874654e-02,2.170731e-02,1.077271e-02,2.823566e-02,2.264233e-02,6.904850e-04,7.607908e-03,3.297799e-01,1.423590e-02,1.360907e-02,5.266697e-03,3.250243e-03,1.397945e-01,6.863990e-02
3.098373e-01,5.280552e-02,4.206606e-02,2.410739e-02,2.584754e-02,4.111933e-02,9.783427e-04,6.337970e-03,2.415890e-01,1.443832e-02,1.685098e-02,1.152153e-02,3.866074e-03,1.120105e-01,9.662419e-02
2.708216e-01,7.033763e-02,1.692133e-01,1.993507e-02,1.958477e-02,4.049910e-02,7.885915e-04,5.041018e-03,1.710420e-01,2.598891e-02,2.370774e-02,9.955767e-03,6.082579e-03,8.805581e-02,7.894614e-02
2.607430e-01,8.514466e-02,1.276581e-01,1.878683e-02,1.632991e-02,5.625703e-02,7.370433e-04,4.340690e-03,1.231228e-01,3.260115e-02,7.308571e-02,8.420723e-03,7.310130e-03,9.731869e-02,8.814354e-02
2.274586e-01,7.615197e-02,1.178393e-01,1.482462e-02,1.435285e-02,6.772110e-02,1.209795e-03,3.862345e-03,9.011996e-02,6.092289e-02,1.234338e-01,9.796260e-03,6.605389e-03,1.179484e-01,6.775270e-02
1.669638e-01,5.420817e-02,8.458754e-02,1.061488e-02,1.116119e-02,4.999571e-02,1.267795e-03,2.858271e-03,6.817359e-02,4.726458e-02,2.299325e-01,1.451715e-02,4.942723e-03,2.050848e-01,4.842732e-02
1.188176e-01,3.870900e-02,5.971153e-02,7.495906e-03,8.433482e-03,3.556145e-02,1.037761e-03,2.045106e-03,5.184557e-02,3.527164e-02,3.089521e-01,1.571048e-02,3.697037e-03,2.783738e-01,3.433761e-02
8.779098e-02,3.958416e-02,4.260015e-02,6.116894e-03,7.051852e-03,3.522274e-02,1.161757e-03,1.982818e-03,8.705299e-02,2.550907e-02,3.599336e-01,1.508509e-02,2.929207e-03,2.629091e-01,2.506956e-02
6.227241e-02,3.845266e-02,2.991734e-02,4.905068e-03,5.168735e-03,4.064910e-02,8.834430e-04,1.485276e-03,2.579508e-01,1.844079e-02,2.867829e-01,1.222813e-02,2.270741e-03,2.202000e-01,1.839263e-02
4.491239e-02,7.499567e-02,2.213893e-02,4.762248e-03,4.136086e-03,5.785579e-02,9.954444e-04,4.758585e-03,3.537248e-01,1.424455e-02,2.168757e-01,9.408362e-03,1.781302e-03,1.750523e-01,1.435783e-02
3.191524e-02,7.333948e-02,1.567448e-02,5.640190e-03,3.349260e-03,5.906622e-02,7.765678e-04,3.825789e-03,4.709750e-01,1.043938e-02,1.629143e-01,7.208037e-03,1.918374e-03,1.422403e-01,1.071733e-02
2.269871e-02,6.117859e-02,1.118177e-02,4.631786e-03,3.005156e-03,6.896797e-02,5.674822e-04,2.836428e-03,5.244329e-01,7.958505e-03,1.347468e-01,6.957075e-03,2.021900e-03,1.406981e-01,8.116782e-03
1.622929e-02,5.628616e-02,8.091512e-03,4.337173e-03,2.869354e-03,8.032720e-02,4.553874e-04,2.288684e-03,5.464364e-01,7.585158e-03,9.731955e-02,5.249596e-03,2.434747e-03,1.578453e-01,1.224450e-02
1.140360e-02,4.696183e-02,6.077235e-03,1.935519e-02,2.152935e-03,5.768109e-02,3.273689e-04,1.664605e-03,6.381109e-01,5.522429e-03,7.430597e-02,3.900180e-03,7.671941e-03,1.119015e-01,1.296330e-02
8.049326e-03,4.361201e-02,4.529088e-03,1.735377e-02,1.527310e-03,4.115381e-02,2.366044e-04,1.204227e-03,6.716688e-01,4.262638e-03,7.699044e-02,3.685469e-03,2.432696e-02,8.177758e-02,1.962195e-02
6.585796e-03,5.186560e-02,3.434338e-03,1.723566e-02,1.459644e-03,3.278520e-02,1.921911e-04,9.877814e-04,5.723833e-01,3.493025e-03,7.194922e-02,3.462008e-03,2.580211e-02,1.611547e-01,4.720932e-02
1.553902e-02,5.734835e-02,2.956718e-03,1.504734e-02,3.885400e-03,4.691746e-02,4.928040e-04,1.639760e-03,4.469505e-01,2.870995e-03,6.039635e-02,2.712692e-03,2.576766e-02,2.659071e-01,5.156785e-02
1.584345e-02,6.189629e-02,4.736268e-03,1.630262e-02,6.492369e-03,3.512280e-02,5.429297e-04,4.365299e-03,3.361947e-01,5.813673e-03,4.945611e-02,3.272553e-03,2.418225e-02,3.028617e-01,1.329170e-01
2.571466e-02,6.785815e-02,1.229726e-02,3.100869e-02,1.444403e-02,3.374952e-02,6.430154e-04,7.844821e-03,3.112273e-01,1.074508e-02,4.503742e-02,4.395922e-03,2.771029e-02,2.806494e-01,1.266744e-01
6.162636e-02,6.346518e-02,1.354592e-02,2.489125e-02,1.531395e-02,2.871147e-02,9.078875e-04,1.043608e-02,2.418048e-01,1.309772e-02,5.870764e-02,7.195950e-03,3.742506e-02,2.662728e-01,1.565979e-01
1.648254e-01,6.697093e-02,2.123445e-02,3.843825e-02,3.263006e-02,4.690290e-02,2.008908e-03,1.110430e-02,1.860952e-01,1.104396e-02,4.913918e-02,8.701870e-03,3.244103e-02,1.929183e-01,1.355453e-01
2.288352e-01,7.639263e-02,3.769120e-02,4.581141e-02,4.952222e-02,6.581262e-02,3.240623e-03,9.061612e-03,1.390911e-01,8.980446e-03,3.929623e-02,9.558970e-03,2.928858e-02,1.377052e-01,1.197120e-01
2.593445e-01,7.358718e-02,3.551272e-02,7.369385e-02,6.727978e-02,6.547667e-02,6.413551e-03,8.193501e-03,1.161453e-01,7.567693e-03,3.132268e-02,1.648189e-02,3.788010e-02,9.786898e-02,1.032317e-01
2.954490e-01,1.037297e-01,3.896255e-02,6.662716e-02,7.378995e-02,6.671167e-02,1.732326e-02,1.197994e-02,9.204838e-02,7.144131e-03,2.446137e-02,1.449851e-02,3.136503e-02,7.034875e-02,8.556052e-02
3.172615e-01,1.280322e-01,4.084482e-02,6.110398e-02,8.425897e-02,6.075267e-02,3.322498e-02,1.539551e-02,7.159328e-02,7.157678e-03,1.971094e-02,1.268475e-02,2.621093e-02,5.042844e-02,7.133932e-02
3.858137e-01,1.103766e-01,3.268967e-02,5.524008e-02,6.869726e-02,5.695605e-02,3.139012e-02,1.483480e-02,5.645435e-02,8.680698e-03,1.938922e-02,2.257326e-02,2.847061e-02,3.663098e-02,7.180261e-02
4.455770e-01,8.675417e-02,2.748600e-02,5.398631e-02,6.198231e-02,5.552277e-02,2.760958e-02,1.291712e-02,4.621911e-02,9.613071e-03,2.173397e-02,3.238272e-02,2.633805e-02,2.708771e-02,6.479007e-02
4.662014e-01,7.078968e-02,2.234128e-02,4.490829e-02,7.502499e-02,5.190318e-02,4.399147e-02,3.479940e-02,4.094347e-02,9.147160e-03,1.765355e-02,2.704222e-02,2.217202e-02,1.968333e-02,5.339854e-02
4.165044e-01,6.902361e-02,1.858468e-02,4.101077e-02,9.454397e-02,9.404412e-02,5.540968e-02,5.400045e-02,3.732885e-02,1.098167e-02,1.363937e-02,2.048436e-02,1.683348e-02,1.429830e-02,4.331227e-02
3.858619e-01,6.420589e-02,1.544957e-02,3.884497e-02,1.101016e-01,1.490884e-01,5.621003e-02,5.229805e-02,3.242474e-02,1.037859e-02,1.071064e-02,1.647634e-02,1.287016e-02,1.051193e-02,3.456720e-02
3.630597e-01,5.113669e-02,1.210403e-02,3.373172e-02,1.323575e-01,1.675016e-01,8.682256e-02,4.745839e-02,2.883800e-02,8.271342e-03,8.791904e-03,1.449675e-02,1.040216e-02,7.911232e-03,2.711654e-02
3.002002e-01,3.867449e-02,9.783058e-03,2.842086e-02,1.252789e-01,3.064229e-01,6.949755e-02,3.531858e-02,2.177306e-02,6.659888e-03,8.295882e-03,1.339671e-02,8.778589e-03,5.981318e-03,2.151810e-02
2.287886e-01,2.767291e-02,7.374333e-03,2.070208e-02,8.884507e-02,4.510194e-01,4.888929e-02,2.512666e-02,1.573384e-02,6.720811e-03,3.401969e-02,1.627346e-02,7.590244e-03,4.725663e-03,1.651792e-02
1.605767e-01,1.957229e-02,5.383725e-03,1.459808e-02,6.228455e-02,4.406238e-01,3.425289e-02,1.762397e-02,1.116934e-02,5.064485e-03,1.438111e-01,6.356709e-02,5.633685e-03,3.990850e-03,1.184735e-02
1.129331e-01,1.391697e-02,3.950757e-03,1.034213e-02,4.368392e-02,3.743046e-01,2.404343e-02,1.242733e-02,7.992085e-03,3.776212e-03,2.617604e-01,1.145145e-01,4.175384e-03,3.412958e-03,8.766324e-03
8.031373e-02,1.148320e-02,5.458870e-03,8.779386e-03,3.464329e-02,2.726536e-01,1.818196e-02,9.051749e-03,8.107699e-03,3.005584e-03,3.608838e-01,1.733846e-01,3.253618e-03,2.706707e-03,8.092185e-03
5.712055e-02,9.587717e-03,5.085275e-03,6.829830e-03,2.609678e-02,1.998298e-01,1.317594e-02,6.580759e-03,7.772600e-03,2.359464e-03,4.325824e-01,2.210508e-01,2.490900e-03,2.430267e-03,7.006980e-03
4.156932e-02,1.097998e-02,6.797147e-03,5.477782e-03,4.012125e-02,1.416963e-01,1.138662e-02,6.286804e-03,3.587664e-02,2.455000e-03,4.256801e-01,2.606419e-01,2.232164e-03,2.434118e-03,6.364943e-03
3.125392e-02,1.178727e-02,8.695889e-03,4.169470e-03,3.514405e-02,1.017648e-01,8.811918e-03,1.169982e-02,3.635237e-02,3.578639e-03,4.059337e-01,3.267795e-01,1.950179e-03,5.934385e-03,6.144186e-03
2.377410e-02,2.308692e-02,2.399721e-02,3.507142e-03,3.152497e-02,7.287234e-02,7.168925e-03,1.719050e-02,4.196627e-02,5.572982e-03,3.588064e-01,3.716541e-01,1.822237e-03,1.053117e-02,6.524769e-03
1.851668e-02,1.271000e-01,5.436837e-02,2.902455e-03,3.901587e-02,5.333855e-02,5.794725e-03,1.630969e-02,1.452075e-01,4.481116e-03,2.559709e-01,2.621976e-01,1.384032e-03,8.478923e-03,4.933637e-03
1.688626e-02,1.372489e-01,6.938184e-02,5.111241e-03,6.173337e-02,4.452564e-02,4.759612e-03,2.691393e-02,2.002935e-01,5.529030e-03,2.163739e-01,1.937693e-01,1.494593e-03,1.060681e-02,5.372183e-03
1.779975e-02,1.105155e-01,1.284911e-01,6.327366e-02,1.051307e-01,3.234497e-02,3.796545e-03,6.803666e-02,1.589568e-01,4.420270e-03,1.549633e-01,1.385981e-01,1.504312e-03,7.814033e-03,4.354380e-03
3.825100e-02,8.735862e-02,2.334306e-01,1.159733e-01,8.663185e-02,2.403254e-02,2.893142e-03,6.604096e-02,1.195221e-01,4.698247e-03,1.115170e-01,9.832077e-02,1.408240e-03,6.137471e-03,3.784179e-03
3.326980e-02,6.375530e-02,3.016945e-01,1.937753e-01,6.608913e-02,1.852429e-02,2.111284e-03,4.898090e-02,9.269291e-02,8.140055e-03,8.598319e-02,7.053410e-02,1.789405e-03,4.722225e-03,7.937604e-03
1.693438e-01,4.892321e-02,2.778036e-01,1.660607e-01,5.136149e-02,1.818979e-02,1.848371e-03,3.754727e-02,7.233965e-02,1.016819e-02,7.409129e-02,5.403340e-02,2.720617e-03,5.451556e-03,1.011704e-02
2.496233e-01,4.320545e-02,2.285445e-01,1.349205e-01,6.728754e-02,2.392085e-02,2.945630e-03,2.959044e-02,6.349515e-02,1.072568e-02,7.479605e-02,4.532937e-02,3.858776e-03,9.441473e-03,1.231517e-02
2.321247e-01,7.175371e-02,1.825998e-01,1.173181e-01,1.260461e-01,5.395996e-02,6.191548e-03,2.656008e-02,5.646107e-02,8.406884e-03,5.499982e-02,3.389129e-02,4.342240e-03,1.218281e-02,1.316196e-02
2.682935e-01,1.103244e-01,1.366161e-01,1.063132e-01,1.233113e-01,5.645557e-02,6.390944e-03,2.101670e-02,4.951853e-02,7.060388e-03,4.344376e-02,2.799748e-02,4.982103e-03,1.154504e-02,2.673097e-02
2.157030e-01,1.325921e-01,1.054730e-01,2.205380e-01,1.038509e-01,5.222286e-02,4.953760e-03,1.634639e-02,4.193057e-02,5.963075e-03,3.256648e-02,2.193132e-02,4.545314e-03,8.638808e-03,3.274447e-02
2.967005e-01,1.081543e-01,1.160528e-01,1.943445e-01,9.081464e-02,4.338264e-02,4.798853e-03,1.558572e-02,3.529324e-02,4.824633e-03,2.618800e-02,2.191399e-02,6.135650e-03,7.236218e-03,2.857430e-02
3.823400e-01,8.899481e-02,1.043412e-01,1.536273e-01,8.949840e-02,3.452198e-02,4.457347e-03,1.547774e-02,3.574438e-02,4.552042e-03,2.236599e-02,2.131540e-02,7.303854e-03,6.735475e-03,2.872412e-02
3.510418e-01,7.784982e-02,8.412789e-02,1.367843e-01,8.024299e-02,3.852022e-02,8.441377e-02,1.470172e-02,3.276787e-02,4.085700e-03,1.879814e-02,2.027591e-02,2.756253e-02,5.216417e-03,2.361095e-02
3.724765e-01,6.334218e-02,6.405118e-02,1.010970e-01,6.529424e-02,6.744308e-02,1.223071e-01,3.112643e-02,2.717615e-02,3.633649e-03,1.434715e-02,1.818954e-02,2.576816e-02,4.047190e-03,1.970052e-02
3.945271e-01,5.288234e-02,4.877840e-02,7.540420e-02,5.119510e-02,9.693438e-02,1.351936e-01,4.301237e-02,2.187101e-02,3.438966e-03,1.096095e-02,1.716408e-02,2.619415e-02,3.145455e-03,1.929795e-02
4.131395e-01,5.206830e-02,3.911145e-02,5.949485e-02,4.817840e-02,8.916289e-02,1.453548e-01,4.439527e-02,2.209415e-02,3.824594e-03,9.667640e-03,2.164456e-02,2.840805e-02,2.909933e-03,2.054554e-02
4.331987e-01,4.672216e-02,2.960395e-02,4.640986e-02,4.181936e-02,7.935016e-02,1.726100e-01,3.777189e-02,2.553866e-02,3.948061e-03,8.570914e-03,2.383131e-02,2.919302e-02,2.653328e-03,1.877865e-02
