1.000000e+00,0.000000e+00,0.000000e+00,0.000000e+00,0.000000e+00,0.000000e+00,0.000000e+00,0.000000e+00,0.000000e+00,0.000000e+00,0.000000e+00,0.000000e+00,0.000000e+00,0.000000e+00,0.000000e+00
1.000000e+00,0.000000e+00,0.000000e+00,0.000000e+00,0.000000e+00,0.000000e+00,0.000000e+00,0.000000e+00,0.000000e+00,0.000000e+00,0.000000e+00,0.000000e+00,0.000000e+00,0.000000e+00,0.000000e+00
1.000000e+00,0.000000e+00,0.000000e+00,0.000000e+00,0.000000e+00,0.000000e+00,0.000000e+00,0.000000e+00,0.000000e+00,0.000000e+00,0.000000e+00,0.000000e+00,0.000000e+00,0.000000e+00,0.000000e+00
1.000000e+00,0.000000e+00,0.000000e+00,0.000000e+00,0.000000e+00,0.000000e+00,0.000000e+00,0.000000e+00,0.000000e+00,0.000000e+00,0.000000e+00,0.000000e+00,0.000000e+00,0.000000e+00,0.000000e+00
1.000000e+00,0.000000e+00,0.000000e+00,0.000000e+00,0.000000e+00,0.000000e+00,0.000000e+00,0.000000e+00,0.000000e+00,0.000000e+00,0.000000e+00,0.000000e+00,0.000000e+00,0.000000e+00,0.000000e+00
1.000000e+00,0.000000e+00,0.000000e+00,0.000000e+00,0.000000e+00,0.000000e+00,0.000000e+00,0.000000e+00,0.000000e+00,0.000000e+00,0.000000e+00,0.000000e+00,0.000000e+00,0.000000e+00,0.000000e+00
1.000000e+00,0.000000e+00,0.000000e+00,0.000000e+00,0.000000e+00,0.000000e+00,0.000000e+00,0.000000e+00,0.000000e+00,0.000000e+00,0.000000e+00,0.000000e+00,0.000000e+00,0.000000e+00,0.000000e+00
1.000000e+00,0.000000e+00,0.000000e+00,0.000000e+00,0.000000e+00,0.000000e+00,0.000000e+00,0.000000e+00,0.000000e+00,0.000000e+00,0.000000e+00,0.000000e+00,0.000000e+00,0.000000e+00,0.000000e+00
1.000000e+00,0.000000e+00,0.000000e+00,0.000000e+00,0.000000e+00,0.000000e+00,0.000000e+00,0.000000e+00,0.000000e+00,0.000000e+00,0.000000e+00,0.000000e+00,0.000000e+00,0.000000e+00,0.000000e+00
1.000000e+00,0.000000e+00,0.000000e+00,0.000000e+00,0.000000e+00,0.000000e+00,0.000000e+00,0.000000e+00,0.000000e+00,0.000000e+00,0.000000e+00,0.000000e+00,0.000000e+00,0.000000e+00,0.000000e+00
1.000000e+00,0.000000e+00,0.000000e+00,0.000000e+00,0.000000e+00,0.000000e+00,0.000000e+00,0.000000e+00,0.000000e+00,0.000000e+00,0.000000e+00,0.000000e+00,0.000000e+00,0.000000e+00,0.000000e+00
1.000000e+00,0.000000e+00,0.000000e+00,0.000000e+00,0.000000e+00,0.000000e+00,0.000000e+00,0.000000e+00,0.000000e+00,0.000000e+00,0.000000e+00,0.000000e+00,0.000000e+00,0.000000e+00,0.000000e+00
1.000000e+00,0.000000e+00,0.000000e+00,0.000000e+00,0.000000e+00,0.000000e+00,0.000000e+00,0.000000e+00,0.000000e+00,0.000000e+00,0.000000e+00,0.000000e+00,0.000000e+00,0.000000e+00,0.000000e+00
1.000000e+00,0.000000e+00,0.000000e+00,0.000000e+00,0.000000e+00,0.000000e+00,0.000000e+00,0.000000e+00,0.000000e+00,0.000000e+00,0.000000e+00,0.000000e+00,0.000000e+00,0.000000e+00,0.000000e+00
1.000000e+00,0.000000e+00,0.000000e+00,0.000000e+00,0.000000e+00,0.000000e+00,0.000000e+00,0.000000e+00,0.000000e+00,0.000000e+00,0.000000e+00,0.000000e+00,0.000000e+00,0.000000e+00,0.000000e+00
1.000000e+00,0.000000e+00,0.000000e+00,0.000000e+00,0.000000e+00,0.000000e+00,0.000000e+00,0.000000e+00,0.000000e+00,0.000000e+00,0.000000e+00,0.000000e+00,0.000000e+00,0.000000e+00,0.000000e+00
1.000000e+00,0.000000e+00,0.000000e+00,0.000000e+00,0.000000e+00,0.000000e+00,0.000000e+00,0.000000e+00,0.000000e+00,0.000000e+00,0.000000e+00,0.000000e+00,0.000000e+00,0.000000e+00,0.000000e+00
1.000000e+00,0.000000e+00,0.000000e+00,0.000000e+00,0.000000e+00,0.000000e+00,0.000000e+00,0.000000e+00,0.000000e+00,0.000000e+00,0.000000e+00,0.000000e+00,0.000000e+00,0.000000e+00,0.000000e+00
1.000000e+00,0.000000e+00,0.000000e+00,0.000000e+00,0.000000e+00,0.000000e+00,0.000000e+00,0.000000e+00,0.000000e+00,0.000000e+00,0.000000e+00,0.000000e+00,0.000000e+00,0.000000e+00,0.000000e+00
1.000000e+00,0.000000e+00,0.000000e+00,0.000000e+00,0.000000e+00,0.000000e+00,0.000000e+00,0.000000e+00,0.000000e+00,0.000000e+00,0.000000e+00,0.000000e+00,0.000000e+00,0.000000e+00,0.000000e+00
1.000000e+00,0.000000e+00,0.000000e+00,0.000000e+00,0.000000e+00,0.000000e+00,0.000000e+00,0.000000e+00,0.000000e+00,0.000000e+00,0.000000e+00,0.000000e+00,0.000000e+00,0.000000e+00,0.000000e+00
1.000000e+00,0.000000e+00,0.000000e+00,0.000000e+00,0.000000e+00,0.000000e+00,0.000000e+00,0.000000e+00,0.000000e+00,0.000000e+00,0.000000e+00,0.000000e+00,0.000000e+00,0.000000e+00,0.000000e+00
1.000000e+00,0.000000e+00,0.000000e+00,0.000000e+00,0.000000e+00,0.000000e+00,0.000000e+00,0.000000e+00,0.000000e+00,0.000000e+00,0.000000e+00,0.000000e+00,0.000000e+00,0.000000e+00,0.000000e+00
1.000000e+00,0.000000e+00,0.000000e+00,0.000000e+00,0.000000e+00,0.000000e+00,0.000000e+00,0.000000e+00,0.000000e+00,0.000000e+00,0.000000e+00,0.000000e+00,0.000000e+00,0.000000e+00,0.000000e+00
1.000000e+00,0.000000e+00,0.000000e+00,0.000000e+00,0.000000e+00,0.000000e+00,0.000000e+00,0.000000e+00,0.000000e+00,0.000000e+00,0.000000e+00,0.000000e+00,0.000000e+00,0.000000e+00,0.000000e+00
1.000000e+00,0.000000e+00,0.000000e+00,0.000000e+00,0.000000e+00,0.000000e+00,0.000000e+00,0.000000e+00,0.000000e+00,0.000000e+00,0.000000e+00,0.000000e+00,0.000000e+00,0.000000e+00,0.000000e+00
1.000000e+00,0.000000e+00,0.000000e+00,0.000000e+00,0.000000e+00,0.000000e+00,0.000000e+00,0.000000e+00,0.000000e+00,0.000000e+00,0.000000e+00,0.000000e+00,0.000000e+00,0.000000e+00,0.000000e+00
1.000000e+00,0.000000e+00,0.000000e+00,0.000000e+00,0.000000e+00,0.000000e+00,0.000000e+00,0.000000e+00,0.000000e+00,0.000000e+00,0.000000e+00,0.000000e+00,0.000000e+00,0.000000e+00,0.000000e+00
1.000000e+00,0.000000e+00,0.000000e+00,0.000000e+00,0.000000e+00,0.000000e+00,0.000000e+00,0.000000e+00,0.000000e+00,0.000000e+00,0.000000e+00,0.000000e+00,0.000000e+00,0.000000e+00,0.000000e+00
1.000000e+00,0.000000e+00,0.000000e+00,0.000000e+00,0.000000e+00,0.000000e+00,0.000000e+00,0.000000e+00,0.000000e+00,0.000000e+00,0.000000e+00,0.000000e+00,0.000000e+00,0.000000e+00,0.000000e+00
1.000000e+00,0.000000e+00,0.000000e+00,0.000000e+00,0.000000e+00,0.000000e+00,0.000000e+00,0.000000e+00,0.000000e+00,0.000000e+00,0.000000e+00,0.000000e+00,0.000000e+00,0.000000e+00,0.000000e+00
1.000000e+00,0.000000e+00,0.000000e+00,0.000000e+00,0.000000e+00,0.000000e+00,0.000000e+00,0.000000e+00,0.000000e+00,0.000000e+00,0.000000e+00,0.000000e+00,0.000000e+00,0.000000e+00,0.000000e+00
1.000000e+00,0.000000e+00,0.000000e+00,0.000000e+00,0.000000e+00,0.000000e+00,0.000000e+00,0.000000e+00,0.000000e+00,0.000000e+00,0.000000e+00,0.000000e+00,0.000000e+00,0.000000e+00,0.000000e+00
1.000000e+00,0.000000e+00,0.000000e+00,0.000000e+00,0.000000e+00,0.000000e+00,0.000000e+00,0.000000e+00,0.000000e+00,0.000000e+00,0.000000e+00,0.000000e+00,0.000000e+00,0.000000e+00,0.000000e+00
1.000000e+00,0.000000e+00,0.000000e+00,0.000000e+00,0.000000e+00,0.000000e+00,0.000000e+00,0.000000e+00,0.000000e+00,0.000000e+00,0.000000e+00,0.000000e+00,0.000000e+00,0.000000e+00,0.000000e+00
1.000000e+00,0.000000e+00,0.000000e+00,0.000000e+00,0.000000e+00,0.000000e+00,0.000000e+00,0.000000e+00,0.000000e+00,0.000000e+00,0.000000e+00,0.000000e+00,0.000000e+00,0.000000e+00,0.000000e+00
1.000000e+00,0.000000e+00,0.000000e+00,0.000000e+00,0.000000e+00,0.000000e+00,0.000000e+00,0.000000e+00,0.000000e+00,0.000000e+00,0.000000e+00,0.000000e+00,0.000000e+00,0.000000e+00,0.000000e+00
1.000000e+00,0.000000e+00,0.000000e+00,0.000000e+00,0.000000e+00,0.000000e+00,0.000000e+00,0.000000e+00,0.000000e+00,0.000000e+00,0.000000e+00,0.000000e+00,0.000000e+00,0.000000e+00,0.000000e+00
1.000000e+00,0.000000e+00,0.000000e+00,0.000000e+00,0.000000e+00,0.000000e+00,0.000000e+00,0.000000e+00,0.000000e+00,0.000000e+00,0.000000e+00,0.000000e+00,0.000000e+00,0.000000e+00,0.000000e+00
1.000000e+00,0.000000e+00,0.000000e+00,0.000000e+00,0.000000e+00,0.000000e+00,0.000000e+00,0.000000e+00,0.000000e+00,0.000000e+00,0.000000e+00,0.000000e+00,0.000000e+00,0.000000e+00,0.000000e+00
1.000000e+00,0.000000e+00,0.000000e+00,0.000000e+00,0.000000e+00,0.000000e+00,0.000000e+00,0.000000e+00,0.000000e+00,0.000000e+00,0.000000e+00,0.000000e+00,0.000000e+00,0.000000e+00,0.000000e+00
1.000000e+00,0.000000e+00,0.000000e+00,0.000000e+00,0.000000e+00,0.000000e+00,0.000000e+00,0.000000e+00,0.000000e+00,0.000000e+00,0.000000e+00,0.000000e+00,0.000000e+00,0.000000e+00,0.000000e+00
1.000000e+00,0.000000e+00,0.000000e+00,0.000000e+00,0.000000e+00,0.000000e+00,0.000000e+00,0.000000e+00,0.000000e+00,0.000000e+00,0.000000e+00,0.000000e+00,0.000000e+00,0.000000e+00,0.000000e+00
1.000000e+00,0.000000e+00,0.000000e+00,0.000000e+00,0.000000e+00,0.000000e+00,0.000000e+00,0.000000e+00,0.000000e+00,0.000000e+00,0.000000e+00,0.000000e+00,0.000000e+00,0.000000e+00,0.000000e+00
1.000000e+00,0.000000e+00,0.000000e+00,0.000000e+00,0.000000e+00,0.000000e+00,0.000000e+00,0.000000e+00,0.000000e+00,0.000000e+00,0.000000e+00,0.000000e+00,0.000000e+00,0.000000e+00,0.000000e+00
1.000000e+00,0.000000e+00,0.000000e+00,0.000000e+00,0.000000e+00,0.000000e+00,0.000000e+00,0.000000e+00,0.000000e+00,0.000000e+00,0.000000e+00,0.000000e+00,0.000000e+00,0.000000e+00,0.000000e+00
1.000000e+00,0.000000e+00,0.000000e+00,0.000000e+00,0.000000e+00,0.000000e+00,0.000000e+00,0.000000e+00,0.000000e+00,0.000000e+00,0.000000e+00,0.000000e+00,0.000000e+00,0.000000e+00,0.000000e+00
4.839681e-01,3.509914e-02,5.147666e-02,1.481965e-01,1.484862e-02,2.364382e-02,5.901635e-03,2.527817e-02,2.730166e-02,2.542121e-03,5.937868e-02,6.237394e-02,1.814650e-02,1.160909e-02,3.023539e-02
4.808578e-01,3.934260e-02,4.320769e-02,1.428590e-01,1.593214e-02,2.347088e-02,5.958580e-03,2.215179e-02,3.358165e-02,2.785213e-03,6.263315e-02,5.727959e-02,1.946906e-02,1.527434e-02,3.519651e-02
4.197794e-01,4.473484e-02,5.792138e-02,1.814572e-01,1.564409e-02,2.450299e-02,6.578364e-03,2.586890e-02,3.450653e-02,2.442097e-03,6.574276e-02,5.405714e-02,1.824699e-02,1.429296e-02,3.422441e-02
4.788805e-01,4.157269e-02,4.431271e-02,1.536998e-01,1.573327e-02,2.645292e-02,6.811074e-03,2.113723e-02,3.225839e-02,2.437404e-03,5.749351e-02,5.104132e-02,2.097539e-02,1.323266e-02,3.396116e-02
4.894771e-01,4.081122e-02,3.726901e-02,1.462561e-01,1.704158e-02,2.922526e-02,7.757400e-03,1.973267e-02,3.091028e-02,2.588432e-03,5.112860e-02,5.594181e-02,2.388247e-02,1.239335e-02,3.558483e-02
1.000000e+00,0.000000e+00,0.000000e+00,0.000000e+00,0.000000e+00,0.000000e+00,0.000000e+00,0.000000e+00,0.000000e+00,0.000000e+00,0.000000e+00,0.000000e+00,0.000000e+00,0.000000e+00,0.000000e+00
1.000000e+00,0.000000e+00,0.000000e+00,0.000000e+00,0.000000e+00,0.000000e+00,0.000000e+00,0.000000e+00,0.000000e+00,0.000000e+00,0.000000e+00,0.000000e+00,0.000000e+00,0.000000e+00,0.000000e+00
1.000000e+00,0.000000e+00,0.000000e+00,0.000000e+00,0.000000e+00,0.000000e+00,0.000000e+00,0.000000e+00,0.000000e+00,0.000000e+00,0.000000e+00,0.000000e+00,0.000000e+00,0.000000e+00,0.000000e+00
1.000000e+00,0.000000e+00,0.000000e+00,0.000000e+00,0.000000e+00,0.000000e+00,0.000000e+00,0.000000e+00,0.000000e+00,0.000000e+00,0.000000e+00,0.000000e+00,0.000000e+00,0.000000e+00,0.000000e+00
1.000000e+00,0.000000e+00,0.000000e+00,0.000000e+00,0.000000e+00,0.000000e+00,0.000000e+00,0.000000e+00,0.000000e+00,0.000000e+00,0.000000e+00,0.000000e+00,0.000000e+00,0.000000e+00,0.000000e+00
1.000000e+00,0.000000e+00,0.000000e+00,0.000000e+00,0.000000e+00,0.000000e+00,0.000000e+00,0.000000e+00,0.000000e+00,0.000000e+00,0.000000e+00,0.000000e+00,0.000000e+00,0.000000e+00,0.000000e+00
1.000000e+00,0.000000e+00,0.000000e+00,0.000000e+00,0.000000e+00,0.000000e+00,0.000000e+00,0.000000e+00,0.000000e+00,0.000000e+00,0.000000e+00,0.000000e+00,0.000000e+00,0.000000e+00,0.000000e+00
4.743924e-01,4.542400e-02,1.962944e-02,1.800073e-01,9.330954e-03,2.443973e-02,4.979411e-03,1.514946e-02,2.965730e-02,4.319690e-03,3.250986e-02,6.113905e-02,3.283112e-02,8.911291e-03,5.727900e-02
3.387948e-01,6.340557e-02,1.786655e-02,2.478569e-01,7.208815e-03,1.800735e-02,3.927202e-03,1.079009e-02,8.896435e-02,5.878119e-03,2.324930e-02,4.694841e-02,3.517199e-02,6.368010e-03,8.556247e-02
3.141760e-01,1.099062e-01,1.361312e-02,1.952320e-01,7.054206e-03,1.440112e-02,3.379442e-03,7.729998e-03,1.547365e-01,5.476914e-03,1.761968e-02,3.484913e-02,3.551367e-02,4.836842e-03,8.147503e-02
3.305485e-01,1.132068e-01,1.171953e-02,1.706075e-01,9.653077e-03,1.285625e-02,3.756250e-03,5.726062e-03,1.897231e-01,4.882658e-03,1.357084e-02,2.624275e-02,3.352071e-02,3.975051e-03,7.001102e-02
4.156462e-01,9.606086e-02,9.393986e-03,1.375124e-01,1.160082e-02,1.207145e-02,3.653013e-03,4.280377e-03,1.796772e-01,4.361378e-03,1.087479e-02,2.042749e-02,3.053606e-02,3.621537e-03,6.028239e-02
3.359863e-01,1.930578e-01,9.088205e-03,1.192089e-01,1.000582e-02,1.094074e-02,2.922723e-03,3.113151e-03,1.724841e-01,5.044557e-03,8.517355e-03,1.532836e-02,4.086349e-02,3.325830e-03,7.011268e-02
2.742929e-01,3.143786e-01,6.788489e-03,8.816271e-02,7.430754e-03,8.544773e-03,2.144100e-03,2.245444e-03,1.782369e-01,4.446344e-03,6.546856e-03,1.127612e-02,3.573440e-02,3.555711e-03,5.621579e-02
2.472219e-01,3.852201e-01,5.473994e-03,7.123167e-02,5.691409e-03,7.526011e-03,1.676033e-03,1.726817e-03,1.709804e-01,4.124644e-03,5.579516e-03,8.663591e-03,3.337033e-02,3.713250e-03,4.780029e-02
2.015980e-01,4.410397e-01,4.437737e-03,5.537175e-02,4.100255e-03,6.383527e-03,1.267380e-03,1.474497e-03,1.878220e-01,3.393347e-03,5.095891e-03,7.081724e-03,3.791303e-02,3.580004e-03,3.944107e-02
2.176531e-01,4.029372e-01,3.539153e-03,4.788435e-02,3.204291e-03,5.962395e-03,1.089973e-03,1.345766e-03,2.135044e-01,2.961330e-03,5.061788e-03,6.064139e-03,4.732904e-02,4.765012e-03,3.669802e-02
1.794370e-01,3.046900e-01,1.459119e-02,6.268936e-02,7.262047e-03,9.861844e-03,8.748663e-03,1.920087e-03,2.609487e-01,3.359680e-03,4.093740e-03,5.260052e-03,9.077526e-02,3.889387e-03,4.247292e-02
2.791259e-01,2.222690e-01,1.408865e-02,5.133290e-02,8.796489e-03,1.617827e-02,1.596275e-02,3.096508e-03,2.146311e-01,4.667607e-03,7.281018e-03,9.781943e-03,9.067350e-02,4.964525e-03,5.714983e-02
3.873671e-01,1.653436e-01,1.133122e-02,4.556781e-02,1.023513e-02,2.030896e-02,1.524689e-02,3.215974e-03,1.762567e-01,4.402550e-03,1.767275e-02,1.644403e-02,7.431954e-02,5.355204e-03,4.693244e-02
4.094101e-01,1.214991e-01,9.855274e-03,3.680595e-02,1.242325e-02,2.455578e-02,1.921558e-02,4.436516e-03,1.615302e-01,8.014015e-03,1.904026e-02,3.315910e-02,8.418323e-02,7.739645e-03,4.813209e-02
4.275956e-01,9.157272e-02,8.319786e-03,3.008435e-02,1.378013e-02,2.961427e-02,1.848617e-02,7.228170e-03,1.605868e-01,9.703035e-03,2.075535e-02,3.784660e-02,9.124094e-02,8.931561e-03,4.425443e-02
3.873457e-01,7.253713e-02,7.291737e-03,2.734758e-02,1.153718e-02,1.003602e-01,1.404704e-02,8.936358e-03,1.580839e-01,1.043390e-02,2.246402e-02,4.905739e-02,8.369096e-02,9.092609e-03,3.777415e-02
3.263845e-01,6.812882e-02,6.866363e-03,2.418990e-02,9.684904e-03,1.031616e-01,1.101928e-02,1.571648e-02,2.059057e-01,1.196298e-02,2.476249e-02,5.276841e-02,8.923288e-02,1.050962e-02,3.970607e-02
2.535782e-01,4.957465e-02,1.046506e-02,2.137071e-02,1.121915e-02,8.466920e-02,3.417692e-02,9.616528e-02,1.969046e-01,1.112077e-02,2.612597e-02,4.197268e-02,8.457500e-02,9.029450e-03,6.905233e-02
2.418675e-01,4.953090e-02,1.089196e-02,3.163771e-02,1.459723e-02,9.315975e-02,2.562674e-02,7.316923e-02,2.404942e-01,1.159918e-02,2.634102e-02,5.007221e-02,6.737477e-02,8.327993e-03,5.530971e-02
1.789733e-01,5.171422e-02,9.297586e-03,3.234010e-02,1.510898e-02,7.264273e-02,1.872599e-02,5.188573e-02,3.941861e-01,1.060844e-02,2.017810e-02,4.052147e-02,4.882190e-02,5.991285e-03,4.900412e-02
1.543926e-01,4.789170e-02,8.641355e-03,3.312372e-02,3.801107e-02,5.789332e-02,1.552919e-02,3.971646e-02,4.689289e-01,9.447059e-03,1.518942e-02,2.997937e-02,3.725395e-02,4.270430e-03,3.973149e-02
1.240408e-01,4.078050e-02,1.827586e-02,6.412463e-02,5.164780e-02,4.876001e-02,1.759193e-02,4.981135e-02,4.821545e-01,8.522909e-03,1.104780e-02,2.152755e-02,2.799418e-02,3.078842e-03,3.064143e-02
1.240255e-01,4.132516e-02,1.744114e-02,5.814046e-02,6.373917e-02,5.147763e-02,2.528508e-02,4.148784e-02,4.912958e-01,7.191560e-03,8.188528e-03,1.580654e-02,2.464266e-02,2.242948e-03,2.771005e-02
9.615910e-02,4.417414e-02,3.241981e-02,2.240073e-01,5.595830e-02,4.007793e-02,2.029347e-02,5.678830e-02,3.636157e-01,6.784557e-03,6.272434e-03,1.167945e-02,1.792648e-02,1.662763e-03,2.218021e-02
1.041993e-01,4.563063e-02,3.352440e-02,1.949032e-01,5.875753e-02,4.427521e-02,2.371552e-02,5.183410e-02,3.782125e-01,6.723698e-03,5.493211e-03,1.041847e-02,1.684467e-02,1.418616e-03,2.404900e-02
1.167233e-01,5.087458e-02,4.592810e-02,2.048139e-01,5.953492e-02,3.874284e-02,2.262459e-02,7.456528e-02,3.128107e-01,1.001190e-02,5.694275e-03,9.746754e-03,1.804268e-02,1.528722e-03,2.835744e-02
1.178964e-01,5.388192e-02,4.097453e-02,1.702731e-01,6.449503e-02,3.466862e-02,6.127888e-02,6.884146e-02,2.650143e-01,8.243368e-03,2.709771e-02,3.571986e-02,2.442715e-02,2.415766e-03,2.477194e-02
1.471814e-01,5.338719e-02,3.313499e-02,1.431451e-01,7.393454e-02,3.505332e-02,6.300005e-02,7.095978e-02,2.616609e-01,8.100256e-03,2.816053e-02,3.229742e-02,2.178796e-02,2.957181e-03,2.523943e-02
1.037106e-01,7.593082e-02,3.639625e-02,1.771055e-01,8.346169e-02,3.003540e-02,4.582456e-02,5.019709e-02,1.973345e-01,7.396526e-03,1.189044e-01,3.006454e-02,1.753226e-02,6.497067e-03,1.960880e-02
7.409535e-02,6.192784e-02,3.094166e-02,2.288751e-01,6.846892e-02,2.267670e-02,3.271562e-02,3.610512e-02,1.473317e-01,6.502424e-03,2.050576e-01,4.703546e-02,1.361139e-02,9.710133e-03,1.494500e-02
5.237784e-02,4.419476e-02,2.284405e-02,1.787355e-01,4.888637e-02,1.617775e-02,2.296662e-02,2.599248e-02,1.044244e-01,5.494089e-03,3.951226e-01,4.749559e-02,1.083229e-02,1.379918e-02,1.065656e-02
3.897702e-02,3.220103e-02,1.781077e-02,1.468898e-01,4.303720e-02,1.270985e-02,1.643601e-02,2.024251e-02,7.578477e-02,6.635400e-03,4.899162e-01,5.636058e-02,9.017295e-03,2.588497e-02,8.096615e-03
3.156375e-02,2.392715e-02,1.370498e-02,1.172150e-01,4.023790e-02,1.193166e-02,1.173860e-02,1.641462e-02,5.556789e-02,6.472318e-03,5.357077e-01,7.013090e-02,8.165479e-03,5.071521e-02,6.506945e-03
2.414160e-02,1.739305e-02,1.054367e-02,8.315556e-02,2.999048e-02,1.119241e-02,8.342436e-03,1.234584e-02,3.997071e-02,5.292132e-03,6.235309e-01,5.424795e-02,6.086480e-03,6.892195e-02,4.844785e-03
1.843618e-02,1.407751e-02,7.955051e-03,5.883433e-02,2.349965e-02,9.187479e-03,5.916927e-03,9.145745e-03,2.935958e-02,4.534264e-03,6.730306e-01,4.565700e-02,4.647480e-03,9.182927e-02,3.888919e-03
1.540074e-02,1.167194e-02,6.712558e-03,4.204430e-02,2.808004e-02,1.114006e-02,4.728269e-03,7.474986e-03,3.051529e-02,8.079167e-03,6.121070e-01,3.701597e-02,4.635944e-03,1.753687e-01,5.025018e-03
1.863496e-02,3.928247e-02,9.056602e-03,3.010532e-02,2.470578e-02,4.398347e-02,3.596782e-03,5.937001e-03,1.421822e-01,1.669557e-02,4.736703e-01,2.946400e-02,3.869416e-03,1.512424e-01,7.573671e-03
3.206022e-02,3.382003e-02,7.787358e-03,2.141405e-02,1.873064e-02,3.863463e-02,2.707020e-03,4.565003e-03,2.104037e-01,1.971970e-02,4.091341e-01,2.594914e-02,3.139608e-03,1.618734e-01,1.006140e-02
6.135150e-02,3.432215e-02,2.417484e-02,1.761765e-02,1.724138e-02,4.058762e-02,2.412295e-03,4.213790e-03,2.853349e-01,1.941748e-02,3.127379e-01,2.163203e-02,2.909166e-03,1.432156e-01,1.283176e-02
5.894877e-02,2.566822e-02,1.899248e-02,1.259615e-02,1.340907e-02,3.359461e-02,1.789586e-03,3.360308e-03,3.332454e-01,1.530433e-02,2.560871e-01,2.020591e-02,2.511156e-03,1.901267e-01,1.416026e-02
9.403680e-02,2.156326e-02,3.794740e-02,1.285769e-02,1.071015e-02,5.928461e-02,1.712968e-03,6.889660e-03,3.157732e-01,1.325748e-02,2.070526e-01,1.614067e-02,2.956674e-03,1.836726e-01,1.614427e-02
9.542663e-02,1.770712e-02,2.973657e-02,1.006487e-02,8.158694e-03,7.580341e-02,1.537672e-03,8.671375e-03,2.958247e-01,1.119926e-02,1.644537e-01,1.290238e-02,3.283604e-03,2.463148e-01,1.891536e-02
9.733492e-02,1.648664e-02,2.307354e-02,8.319193e-03,6.332167e-03,1.015247e-01,1.462636e-03,9.757568e-03,2.482658e-01,1.111521e-02,1.217779e-01,1.009082e-02,4.635359e-03,3.127560e-01,2.706753e-02
1.034427e-01,2.092426e-02,1.953569e-02,1.319618e-02,5.619860e-03,9.355570e-02,1.238341e-03,8.150580e-03,3.382697e-01,9.795234e-03,9.508339e-02,8.671372e-03,4.565174e-03,2.470917e-01,3.086018e-02
8.942462e-02,1.826393e-02,1.455606e-02,1.039657e-02,4.863664e-03,6.978484e-02,9.817595e-04,7.195333e-03,3.969984e-01,8.998073e-03,8.272067e-02,7.224993e-03,4.179658e-03,2.562843e-01,2.812713e-02
8.030675e-02,2.080229e-02,2.482410e-02,2.977044e-02,1.906814e-02,5.990027e-02,1.227427e-03,2.081618e-02,4.408364e-01,8.350555e-03,6.418797e-02,7.080247e-03,5.640096e-03,1.923390e-01,2.485016e-02
8.056428e-02,2.067798e-02,2.481409e-02,2.593576e-02,2.539258e-02,5.941208e-02,1.082222e-03,3.459769e-02,4.311096e-01,7.711763e-03,6.262372e-02,6.532951e-03,5.286406e-03,1.936003e-01,2.065858e-02
9.856085e-02,2.108535e-02,2.784141e-02,3.866630e-02,2.992557e-02,5.371656e-02,1.077937e-03,4.461284e-02,4.186923e-01,7.059324e-03,5.696192e-02,6.311688e-03,4.499161e-03,1.611922e-01,2.979661e-02
1.240300e-01,2.217042e-02,2.709904e-02,7.013574e-02,3.863357e-02,4.885197e-02,1.117220e-03,4.838540e-02,3.746223e-01,7.567638e-03,6.251168e-02,7.084614e-03,4.171177e-03,1.277499e-01,3.586932e-02
1.178815e-01,2.174233e-02,2.465794e-02,7.293805e-02,5.152225e-02,5.401300e-02,1.034505e-03,4.402678e-02,3.964146e-01,7.180479e-03,5.962736e-02,5.521091e-03,3.371756e-03,1.069943e-01,3.307403e-02
1.063520e-01,1.977203e-02,4.632690e-02,8.825816e-02,6.017967e-02,5.752707e-02,1.059050e-03,8.052695e-02,3.531473e-01,8.762568e-03,5.614871e-02,4.218284e-03,3.257136e-03,8.145542e-02,3.300868e-02
8.427948e-02,1.867882e-02,1.274147e-01,8.330912e-02,6.037625e-02,4.266787e-02,9.839564e-04,1.626719e-01,2.727023e-01,1.027756e-02,4.014177e-02,3.134670e-03,2.587455e-03,6.073707e-02,3.003712e-02
6.884799e-02,1.676488e-02,1.519918e-01,6.614882e-02,5.608225e-02,3.313159e-02,1.079038e-03,2.896458e-01,2.040320e-01,9.058033e-03,2.863380e-02,2.270352e-03,2.056689e-03,4.584045e-02,2.441656e-02
9.148294e-02,4.243604e-02,1.346641e-01,6.573282e-02,6.704921e-02,3.427499e-02,1.809047e-03,2.574415e-01,1.831960e-01,9.953664e-03,2.488526e-02,2.034348e-03,2.203678e-03,5.345366e-02,2.938272e-02
1.180948e-01,5.563302e-02,1.139574e-01,5.626267e-02,7.428392e-02,3.408558e-02,1.869994e-03,2.226706e-01,2.041358e-01,9.648075e-03,2.114944e-02,2.533772e-03,2.394626e-03,5.126732e-02,3.201292e-02
1.492336e-01,7.515459e-02,9.527050e-02,5.288500e-02,7.034580e-02,3.995758e-02,2.335453e-03,1.951610e-01,1.796251e-01,1.313513e-02,1.874900e-02,4.492800e-03,3.427953e-03,5.029785e-02,4.992871e-02
1.752957e-01,1.015748e-01,7.325316e-02,4.364815e-02,7.172900e-02,3.122269e-02,2.457201e-03,1.662195e-01,1.789377e-01,1.576331e-02,1.738099e-02,4.192187e-03,2.979090e-03,7.180457e-02,4.354208e-02
2.050028e-01,1.089279e-01,5.489622e-02,5.049056e-02,5.752977e-02,2.445772e-02,2.123456e-03,1.254020e-01,1.559897e-01,3.228203e-02,1.484476e-02,5.727998e-03,3.328707e-03,5.906125e-02,9.993514e-02
2.093065e-01,1.164446e-01,4.206708e-02,7.621039e-02,4.856379e-02,1.968851e-02,2.040711e-03,9.271980e-02,1.601248e-01,3.741197e-02,1.421791e-02,8.758569e-03,4.557835e-03,4.370008e-02,1.241874e-01
2.673908e-01,1.023572e-01,3.651091e-02,5.846538e-02,4.103326e-02,1.624702e-02,1.959963e-03,7.708276e-02,1.701533e-01,3.329188e-02,1.280632e-02,7.587990e-03,5.019810e-03,3.468405e-02,1.354094e-01
2.288796e-01,8.655751e-02,4.764644e-02,4.262557e-02,3.066174e-02,1.238838e-02,1.475204e-03,5.451836e-02,2.659165e-01,2.745694e-02,1.178779e-02,6.064841e-03,4.011869e-03,3.183537e-02,1.481739e-01
1.632810e-01,6.218184e-02,3.376111e-02,2.994721e-02,2.157701e-02,8.949352e-03,1.046325e-03,3.824522e-02,4.453290e-01,2.924851e-02,9.192450e-03,4.373892e-03,3.311411e-03,2.905554e-02,1.205002e-01
1.161878e-01,4.426749e-02,2.445032e-02,2.367491e-02,1.526451e-02,6.405914e-03,7.612597e-04,2.705918e-02,5.981551e-01,2.221478e-02,6.971495e-03,3.184880e-03,2.819193e-03,2.107956e-02,8.750357e-02
1.090040e-01,3.590178e-02,3.988083e-02,2.359671e-02,1.162349e-02,5.348149e-03,7.233932e-04,2.162728e-02,6.216117e-01,2.368400e-02,9.220771e-03,2.789591e-03,4.660603e-03,2.091934e-02,6.940839e-02
9.644858e-02,3.096629e-02,4.229293e-02,1.938584e-02,9.705700e-03,5.159944e-03,6.840336e-04,1.611020e-02,5.969619e-01,4.385038e-02,1.214123e-02,2.374361e-03,4.325988e-03,4.785300e-02,7.173960e-02
7.559182e-02,2.540046e-02,1.586023e-01,1.945318e-02,7.970795e-03,5.304431e-03,7.281233e-04,1.202392e-02,5.029573e-01,4.647764e-02,1.376882e-02,2.164694e-03,3.930379e-03,6.056297e-02,6.506312e-02
5.818132e-02,2.041052e-02,1.327475e-01,1.469970e-02,6.661596e-03,5.680473e-03,6.450959e-04,8.813505e-03,4.266522e-01,6.337689e-02,1.310221e-02,2.125597e-03,3.364503e-03,1.678481e-01,7.569079e-02
4.896345e-02,1.891833e-02,1.135903e-01,1.073537e-02,5.294227e-03,5.810430e-03,5.178218e-04,6.305076e-03,3.414508e-01,1.148773e-01,1.284506e-02,1.826460e-03,2.997833e-03,2.266027e-01,8.926491e-02
4.538014e-02,1.718029e-02,9.418792e-02,9.604303e-03,5.011522e-03,5.226376e-03,4.423327e-04,5.638755e-03,3.943959e-01,1.302228e-01,1.432491e-02,1.543873e-03,2.615053e-03,1.954432e-01,7.878269e-02
3.509560e-02,1.401329e-02,6.756139e-02,7.000504e-03,3.743775e-03,3.919264e-03,3.274732e-04,4.095567e-03,3.843550e-01,1.289338e-01,1.327495e-02,1.181528e-03,2.037061e-03,2.554439e-01,7.901686e-02
2.529901e-02,1.104693e-02,4.895702e-02,5.154347e-03,3.014108e-03,3.350819e-03,2.835113e-04,3.464779e-03,3.593532e-01,1.516250e-01,2.224033e-02,1.416556e-03,2.719045e-03,2.801334e-01,8.194191e-02
2.008262e-02,1.556602e-02,1.435708e-01,1.273286e-02,6.464187e-03,3.013948e-03,3.943229e-04,4.478719e-03,3.162688e-01,1.477442e-01,2.557734e-02,1.804024e-03,3.082877e-03,2.297373e-01,6.948203e-02
1.695320e-02,2.427468e-02,1.580557e-01,1.931170e-02,9.016516e-03,4.131423e-03,4.120034e-04,4.101782e-03,2.834440e-01,1.931768e-01,2.501066e-02,1.979860e-03,3.532767e-03,1.767992e-01,7.979972e-02
1.996900e-02,7.659373e-02,1.305589e-01,2.348315e-02,1.892237e-02,6.848542e-03,3.881873e-04,4.892934e-03,3.293971e-01,1.560277e-01,1.921239e-02,1.773670e-03,3.329754e-03,1.296377e-01,7.896497e-02
4.581963e-02,9.874158e-02,1.091954e-01,2.451764e-02,5.381346e-02,1.660893e-02,6.011568e-04,8.217121e-03,3.291768e-01,1.191624e-01,1.429462e-02,1.412937e-03,3.110509e-03,9.885807e-02,7.646972e-02
7.498127e-02,8.354485e-02,1.506020e-01,4.597973e-02,7.669839e-02,1.897296e-02,1.133785e-03,1.274973e-02,2.858970e-01,8.940639e-02,1.089055e-02,1.222858e-03,3.045363e-03,7.247493e-02,7.240020e-02
8.364333e-02,7.376257e-02,1.329049e-01,8.747298e-02,6.420053e-02,1.521919e-02,1.227397e-03,1.520282e-02,2.349404e-01,8.539900e-02,8.388624e-03,1.317051e-03,2.792174e-03,5.135018e-02,1.421788e-01
1.465455e-01,6.449829e-02,9.834139e-02,8.280164e-02,7.107095e-02,1.997642e-02,1.768882e-03,1.488410e-02,1.963345e-01,7.543916e-02,6.654958e-03,1.288796e-03,2.875291e-03,3.701626e-02,1.805039e-01
2.102982e-01,5.657641e-02,7.272697e-02,7.875925e-02,6.294470e-02,2.056847e-02,2.535038e-03,1.226174e-02,1.502451e-01,6.218719e-02,5.623258e-03,1.726470e-03,3.346960e-03,2.660575e-02,2.335945e-01
1.999756e-01,5.364899e-02,5.200135e-02,7.835676e-02,1.287788e-01,7.675789e-02,1.259765e-02,1.584919e-02,1.297417e-01,4.482216e-02,5.539159e-03,3.556901e-03,4.430803e-03,1.936547e-02,1.745776e-01
1.598368e-01,9.536493e-02,5.793238e-02,7.709913e-02,1.159720e-01,1.243194e-01,1.202937e-02,1.539620e-02,1.010584e-01,4.509465e-02,7.013539e-03,3.715356e-03,4.357055e-03,1.501489e-02,1.657959e-01
1.356475e-01,1.062398e-01,5.039251e-02,6.111175e-02,9.353982e-02,1.400740e-01,9.695039e-03,1.363358e-02,9.060698e-02,8.799918e-02,1.296642e-02,3.156093e-03,4.061792e-03,1.387122e-02,1.770044e-01
1.826665e-01,1.211662e-01,4.018619e-02,4.830355e-02,7.690933e-02,1.475877e-01,7.428357e-03,1.155613e-02,6.917112e-02,9.545028e-02,1.400728e-02,3.322465e-03,3.746784e-03,1.534658e-02,1.631516e-01
1.864390e-01,1.045165e-01,3.479757e-02,3.569451e-02,7.763428e-02,1.524166e-01,5.967693e-03,1.196375e-02,5.665936e-02,1.612317e-01,1.277556e-02,3.001198e-03,3.155257e-03,2.090719e-02,1.328398e-01
1.603628e-01,1.519723e-01,3.230181e-02,2.570855e-02,6.355826e-02,2.051244e-01,4.529234e-03,9.027324e-03,4.541845e-02,1.523144e-01,1.154037e-02,2.291900e-03,2.469631e-03,2.838656e-02,1.049940e-01
1.696158e-01,1.829073e-01,2.881755e-02,1.876890e-02,5.160855e-02,1.668888e-01,3.273737e-03,7.017869e-03,5.213741e-02,1.645593e-01,1.075800e-02,1.898064e-03,2.216678e-03,3.849329e-02,1.010386e-01
2.415922e-01,1.420107e-01,2.318384e-02,1.446451e-02,4.835113e-02,1.481940e-01,2.682793e-03,5.704837e-03,4.457916e-02,1.484060e-01,1.055599e-02,2.031030e-03,2.871314e-03,5.040292e-02,1.149696e-01
2.818556e-01,1.161093e-01,1.910038e-02,1.176226e-02,3.909473e-02,1.256879e-01,2.299119e-03,4.743312e-03,3.819555e-02,1.328018e-01,1.254938e-02,2.667913e-03,2.616076e-03,6.943545e-02,1.410812e-01
2.445758e-01,8.723047e-02,1.625914e-02,9.294018e-03,3.062493e-02,1.028686e-01,1.813199e-03,3.793636e-03,3.241857e-02,1.115421e-01,1.914591e-02,2.826108e-03,2.205801e-03,1.562232e-01,1.791786e-01
1.795856e-01,6.475366e-02,1.207251e-02,7.046293e-03,2.236823e-02,9.830516e-02,1.348372e-03,2.766586e-03,2.756557e-02,1.115841e-01,3.758440e-02,2.361640e-03,1.811312e-03,2.150382e-01,2.158084e-01
1.277206e-01,4.590333e-02,8.780834e-03,5.014279e-03,1.578058e-02,7.916515e-02,9.723355e-04,1.956221e-03,2.378730e-02,1.228030e-01,3.035518e-02,1.800155e-03,1.465437e-03,2.852064e-01,2.492892e-01
1.416739e-01,3.318015e-02,6.528805e-03,3.857183e-03,1.147239e-02,6.059952e-02,8.395017e-04,1.666486e-03,2.465056e-02,1.175243e-01,3.022037e-02,1.996445e-03,2.402926e-03,3.365697e-01,2.268178e-01
1.159985e-01,6.183995e-02,5.086316e-02,4.825499e-02,1.156277e-02,4.444548e-02,7.709666e-04,2.503352e-03,4.325233e-02,1.238159e-01,2.820069e-02,3.006844e-03,3.300687e-03,2.472400e-01,2.149444e-01
1.557147e-01,4.661776e-02,5.708938e-02,3.550370e-02,9.265667e-03,3.603371e-02,6.535864e-04,2.324208e-03,3.778112e-02,2.348878e-01,2.133104e-02,2.598777e-03,3.089488e-03,1.789996e-01,1.781095e-01
1.185315e-01,3.644700e-02,4.843364e-02,2.535496e-02,6.767130e-03,2.698567e-02,4.926326e-04,1.750088e-03,3.956941e-02,3.881495e-01,1.556579e-02,2.041597e-03,2.610843e-03,1.276037e-01,1.596965e-01
8.317465e-02,2.583105e-02,4.034115e-02,1.780108e-02,4.756723e-03,1.917151e-02,3.502638e-04,1.249974e-03,3.044908e-02,5.572715e-01,1.164768e-02,1.516262e-03,2.382381e-03,8.971706e-02,1.143397e-01
5.914639e-02,2.407596e-02,3.980068e-02,1.350343e-02,3.452381e-03,1.404885e-02,2.670989e-04,1.001455e-03,6.929483e-02,5.515599e-01,1.105608e-02,1.517214e-03,3.647341e-03,6.593586e-02,1.416925e-01
4.317331e-02,2.713047e-02,3.609633e-02,1.109796e-02,2.715512e-03,1.161027e-02,2.275390e-04,9.412193e-04,7.953431e-02,5.019026e-01,1.971689e-02,2.240871e-03,8.755824e-03,5.094705e-02,2.039099e-01
3.205362e-02,6.326637e-02,2.679536e-02,9.579089e-03,2.237583e-03,9.621693e-03,2.021686e-04,9.171405e-04,7.634813e-02,3.610665e-01,4.135619e-02,5.898671e-03,1.500907e-02,4.596864e-02,3.096798e-01
2.587408e-02,8.156012e-02,2.430212e-02,1.093325e-02,2.659886e-03,8.604382e-03,2.007253e-04,1.065790e-03,8.196747e-02,2.611145e-01,4.513537e-02,5.117096e-03,1.486033e-02,4.482263e-02,3.917823e-01
2.226645e-02,8.866850e-02,4.336524e-02,8.254566e-02,3.463775e-03,7.972729e-03,2.875628e-04,2.399834e-03,1.063709e-01,1.929087e-01,3.385837e-02,4.932952e-03,1.233298e-02,3.670362e-02,3.619227e-01
3.768161e-02,1.020826e-01,6.498507e-02,9.601867e-02,5.279018e-02,5.845564e-02,7.350841e-03,3.465891e-03,9.651210e-02,1.383194e-01,2.456724e-02,3.573194e-03,9.600630e-03,2.677584e-02,2.778211e-01
5.558728e-02,1.068605e-01,5.948083e-02,8.273418e-02,9.761887e-02,1.061949e-01,1.188221e-02,3.150293e-03,8.688222e-02,1.004176e-01,1.782177e-02,2.597769e-03,8.315865e-03,1.966779e-02,2.407878e-01
4.637630e-02,2.072473e-01,5.685584e-02,1.441631e-01,9.385306e-02,8.627140e-02,1.058098e-02,3.800986e-03,6.360281e-02,7.172382e-02,1.300774e-02,2.076517e-03,6.083841e-03,1.410130e-02,1.802550e-01
3.688808e-02,1.955501e-01,6.443266e-02,1.551224e-01,1.393472e-01,1.124547e-01,2.548106e-02,9.129085e-03,5.196527e-02,5.123097e-02,1.013738e-02,1.736076e-03,6.018638e-03,1.020485e-02,1.303016e-01
3.278581e-02,1.755317e-01,1.071290e-01,1.181268e-01,1.585599e-01,1.119366e-01,6.495386e-02,2.034911e-02,4.004545e-02,4.129715e-02,7.896151e-03,1.321837e-03,8.549745e-03,7.569294e-03,1.039475e-01
4.059470e-02,1.583918e-01,9.703706e-02,1.205479e-01,1.382204e-01,8.998604e-02,4.959880e-02,1.494259e-02,3.527220e-02,3.030490e-02,6.842098e-03,1.329154e-03,1.324002e-01,5.357256e-03,7.917501e-02
6.547214e-02,1.367112e-01,1.297572e-01,1.011008e-01,1.219611e-01,8.516584e-02,4.277198e-02,1.169212e-02,3.216959e-02,2.672752e-02,9.586399e-03,6.687718e-03,1.558235e-01,4.389563e-03,6.998336e-02
5.344233e-02,1.326038e-01,1.456564e-01,8.540774e-02,9.284121e-02,6.367014e-02,3.388635e-02,9.034291e-03,3.866974e-02,2.406471e-02,1.136930e-02,1.271274e-02,2.338427e-01,3.303563e-03,5.949511e-02
4.236371e-02,1.081200e-01,1.129366e-01,6.301956e-02,6.926759e-02,5.012619e-02,2.887853e-02,7.037712e-03,7.665001e-02,2.190523e-02,1.759857e-02,7.095864e-02,2.606106e-01,3.477906e-03,6.704918e-02
3.242092e-02,1.003795e-01,1.343390e-01,7.332630e-02,6.195670e-02,4.137550e-02,2.316075e-02,6.048941e-03,1.466101e-01,2.680331e-02,1.614519e-02,5.892859e-02,2.093976e-01,3.193701e-03,6.591398e-02
2.668487e-02,8.700253e-02,1.268653e-01,8.297256e-02,4.825328e-02,3.590963e-02,1.831245e-02,5.139506e-03,1.728965e-01,2.135375e-02,2.732978e-02,5.489996e-02,2.263243e-01,2.467040e-03,6.358854e-02
5.013963e-02,7.998231e-02,9.500497e-02,6.541672e-02,3.720403e-02,3.079887e-02,1.566755e-02,5.046945e-03,2.127452e-01,1.624631e-02,2.593126e-02,5.464108e-02,2.541613e-01,2.210082e-03,5.480368e-02
4.479186e-02,8.556674e-02,6.707925e-02,4.628010e-02,2.964879e-02,4.093924e-02,1.207558e-02,4.631120e-03,2.291732e-01,1.201387e-02,2.356170e-02,5.068582e-02,3.059127e-01,2.528579e-03,4.511138e-02
4.264648e-02,9.241834e-02,4.766572e-02,3.267468e-02,2.393398e-02,5.013946e-02,9.574499e-03,6.386082e-03,2.376364e-01,9.042957e-03,2.036949e-02,4.254273e-02,3.465891e-01,2.445022e-03,3.593506e-02
5.128649e-02,9.317800e-02,3.372320e-02,2.344962e-02,1.906944e-02,6.396005e-02,8.479381e-03,8.748811e-03,2.371835e-01,6.889228e-03,1.804144e-02,4.194314e-02,3.619219e-01,2.233156e-03,2.989265e-02
4.172240e-02,8.606282e-02,2.426005e-02,1.695267e-02,1.814503e-02,7.663677e-02,1.077870e-02,1.001535e-02,2.881617e-01,5.579983e-03,1.781215e-02,3.903983e-02,3.394587e-01,1.743332e-03,2.363047e-02
3.704544e-02,9.786420e-02,1.745521e-02,1.255869e-02,2.210377e-02,8.428758e-02,1.267201e-02,1.336874e-02,3.238998e-01,5.434763e-03,1.560243e-02,3.682071e-02,3.000264e-01,1.621866e-03,1.923844e-02
3.349630e-02,1.264750e-01,1.366788e-02,1.074223e-02,3.635982e-02,8.193239e-02,1.412658e-02,2.978356e-02,3.365428e-01,6.994686e-03,1.258157e-02,2.787302e-02,2.490036e-01,1.499914e-03,1.892067e-02
3.877427e-02,1.252646e-01,1.690125e-02,1.103334e-02,5.843642e-02,7.716212e-02,1.605915e-02,7.255911e-02,3.105982e-01,6.683205e-03,9.763493e-03,2.039182e-02,2.174611e-01,1.426595e-03,1.748542e-02
4.091936e-02,1.160146e-01,4.496117e-02,1.972275e-02,6.200740e-02,7.884881e-02,1.317410e-02,1.860461e-01,2.360802e-01,5.207395e-03,7.350827e-03,1.464083e-02,1.592069e-01,1.208520e-03,1.461119e-02
5.056745e-02,9.123039e-02,1.378357e-01,4.424206e-02,5.358209e-02,8.103061e-02,1.139318e-02,1.768054e-01,1.873236e-01,5.309478e-03,6.339803e-03,1.151417e-02,1.232691e-01,1.252292e-03,1.830461e-02
6.901155e-02,8.648907e-02,1.634735e-01,5.107372e-02,5.125772e-02,8.950262e-02,1.145480e-02,1.353755e-01,1.850940e-01,6.818824e-03,5.484796e-03,9.271621e-03,9.972231e-02,1.608147e-03,3.436197e-02
6.206591e-02,1.728932e-01,1.371553e-01,5.152909e-02,4.275661e-02,7.708134e-02,8.941774e-03,9.763727e-02,1.798278e-01,2.417993e-02,6.515265e-03,8.034939e-03,7.133497e-02,1.811906e-03,5.823467e-02
1.028557e-01,1.379101e-01,1.098358e-01,5.518761e-02,5.197937e-02,9.762473e-02,1.078669e-02,7.575157e-02,2.006255e-01,1.877348e-02,9.225920e-03,8.777624e-03,5.485692e-02,2.347274e-03,6.346167e-02
9.492500e-02,1.296081e-01,8.531910e-02,1.361834e-01,5.644023e-02,1.037787e-01,1.019112e-02,7.196908e-02,1.636907e-01,1.606174e-02,8.909692e-03,9.137322e-03,4.284883e-02,2.116931e-03,6.882015e-02
9.389284e-02,1.007398e-01,6.445855e-02,1.540780e-01,7.423359e-02,1.153610e-01,1.505479e-02,1.040869e-01,1.590541e-01,1.172211e-02,6.880691e-03,7.621461e-03,3.747271e-02,1.675141e-03,5.366830e-02
8.405726e-02,7.815862e-02,5.319130e-02,1.462860e-01,9.704407e-02,9.425199e-02,4.004814e-02,1.665864e-01,1.435387e-01,8.886406e-03,5.149663e-03,5.730842e-03,3.212484e-02,1.310784e-03,4.363489e-02
9.615840e-02,7.113849e-02,4.478667e-02,1.291142e-01,9.634075e-02,7.528512e-02,3.840544e-02,2.342806e-01,1.265488e-01,7.939545e-03,4.227402e-03,5.064456e-03,2.649732e-02,1.384379e-03,4.282831e-02
8.101217e-02,5.665809e-02,3.571924e-02,1.003330e-01,8.121396e-02,5.479107e-02,3.259930e-02,3.933150e-01,9.705536e-02,5.789586e-03,3.315870e-03,3.930230e-03,1.977268e-02,1.069970e-03,3.342441e-02
6.445315e-02,4.064310e-02,2.672169e-02,7.119925e-02,6.184029e-02,3.965289e-02,1.240069e-01,4.519417e-01,6.921308e-02,4.157267e-03,2.490511e-03,2.966040e-03,1.564930e-02,8.059571e-04,2.425888e-02
8.537420e-02,3.601779e-02,2.331206e-02,5.174520e-02,6.229925e-02,3.133984e-02,1.669745e-01,4.025893e-01,6.287325e-02,3.400552e-03,2.880516e-03,3.276319e-03,4.632669e-02,9.457833e-04,2.064473e-02
7.952024e-02,2.662668e-02,1.837371e-02,3.776244e-02,5.327706e-02,2.409730e-02,2.870366e-01,3.325315e-01,5.628947e-02,3.191882e-03,4.935714e-03,4.539196e-03,5.316102e-02,9.746051e-04,1.768251e-02
9.365983e-02,2.306030e-02,1.565991e-02,4.699208e-02,4.390293e-02,2.059090e-02,2.319347e-01,2.861710e-01,4.312623e-02,5.960208e-03,2.581964e-02,9.156050e-02,5.179336e-02,2.258455e-03,1.750995e-02
7.246450e-02,2.323202e-02,1.545280e-02,4.547155e-02,3.693485e-02,1.859647e-02,3.085787e-01,2.049397e-01,3.344486e-02,2.376834e-02,3.523732e-02,1.116184e-01,4.759014e-02,3.317771e-03,1.935257e-02
5.866270e-02,1.893514e-02,1.189165e-02,3.541015e-02,2.894269e-02,1.587437e-02,3.382156e-01,1.458948e-01,2.721920e-02,2.301794e-02,6.288962e-02,1.585591e-01,4.264054e-02,1.674138e-02,1.510504e-02
4.400834e-02,1.355288e-02,8.733382e-03,2.682219e-02,2.039684e-02,1.258213e-02,2.441600e-01,1.039176e-01,2.089773e-02,2.280845e-02,6.474265e-02,3.507019e-01,4.008036e-02,1.575552e-02,1.084006e-02
3.891608e-02,9.866402e-03,7.069498e-03,2.156610e-02,1.468907e-02,1.585557e-02,1.749541e-01,7.659030e-02,2.203525e-02,1.933201e-02,6.216258e-02,4.765629e-01,3.410143e-02,1.812106e-02,8.177509e-03
2.972157e-02,1.094646e-02,8.819204e-03,1.705988e-02,2.127110e-02,1.211106e-02,1.229970e-01,5.454229e-02,4.764188e-02,1.622363e-02,8.311674e-02,5.143964e-01,2.953538e-02,2.510930e-02,6.508033e-03
2.523584e-02,1.055256e-02,7.697666e-03,1.594521e-02,1.841786e-02,1.369061e-02,8.652426e-02,3.924347e-02,3.820745e-02,1.322906e-02,1.262404e-01,5.496507e-01,2.373315e-02,2.576486e-02,5.866868e-03
2.048038e-02,8.446307e-03,5.893915e-03,1.242584e-02,1.423249e-02,1.212221e-02,6.072371e-02,2.854999e-02,2.857240e-02,1.109925e-02,1.810945e-01,5.666138e-01,1.766903e-02,2.718174e-02,4.894464e-03
1.490031e-02,6.042940e-03,4.291636e-03,9.019211e-03,1.026891e-02,1.051879e-02,4.254665e-02,2.023685e-02,2.100100e-02,8.271166e-03,1.544950e-01,6.597444e-01,1.261868e-02,2.251920e-02,3.525300e-03
1.178224e-02,4.440859e-03,3.288584e-03,6.617745e-03,7.830228e-03,1.093656e-02,2.984876e-02,1.477893e-02,1.574896e-02,6.388786e-03,1.293055e-01,7.281038e-01,9.164685e-03,1.917492e-02,2.589505e-03
9.204368e-03,1.801667e-02,5.750738e-03,6.021638e-03,1.612919e-02,1.248733e-02,2.166322e-02,1.194304e-02,1.418204e-02,5.871892e-03,1.695370e-01,6.812912e-01,7.107490e-03,1.775402e-02,3.040232e-03
9.724083e-03,3.538231e-02,6.633393e-03,5.065674e-03,4.568483e-02,1.472016e-02,1.619815e-02,9.415676e-03,1.270329e-02,6.194207e-03,2.034597e-01,6.023596e-01,5.854281e-03,2.233295e-02,4.271698e-03
