1.000000e+00,0.000000e+00,0.000000e+00,0.000000e+00,0.000000e+00,0.000000e+00,0.000000e+00,0.000000e+00,0.000000e+00,0.000000e+00,0.000000e+00,0.000000e+00,0.000000e+00,0.000000e+00,0.000000e+00
1.000000e+00,0.000000e+00,0.000000e+00,0.000000e+00,0.000000e+00,0.000000e+00,0.000000e+00,0.000000e+00,0.000000e+00,0.000000e+00,0.000000e+00,0.000000e+00,0.000000e+00,0.000000e+00,0.000000e+00
1.000000e+00,0.000000e+00,0.000000e+00,0.000000e+00,0.000000e+00,0.000000e+00,0.000000e+00,0.000000e+00,0.000000e+00,0.000000e+00,0.000000e+00,0.000000e+00,0.000000e+00,0.000000e+00,0.000000e+00
1.000000e+00,0.000000e+00,0.000000e+00,0.000000e+00,0.000000e+00,0.000000e+00,0.000000e+00,0.000000e+00,0.000000e+00,0.000000e+00,0.000000e+00,0.000000e+00,0.000000e+00,0.000000e+00,0.000000e+00
1.000000e+00,0.000000e+00,0.000000e+00,0.000000e+00,0.000000e+00,0.000000e+00,0.000000e+00,0.000000e+00,0.000000e+00,0.000000e+00,0.000000e+00,0.000000e+00,0.000000e+00,0.000000e+00,0.000000e+00
1.000000e+00,0.000000e+00,0.000000e+00,0.000000e+00,0.000000e+00,0.000000e+00,0.000000e+00,0.000000e+00,0.000000e+00,0.000000e+00,0.000000e+00,0.000000e+00,0.000000e+00,0.000000e+00,0.000000e+00
1.000000e+00,0.000000e+00,0.000000e+00,0.000000e+00,0.000000e+00,0.000000e+00,0.000000e+00,0.000000e+00,0.000000e+00,0.000000e+00,0.000000e+00,0.000000e+00,0.000000e+00,0.000000e+00,0.000000e+00
1.000000e+00,0.000000e+00,0.000000e+00,0.000000e+00,0.000000e+00,0.000000e+00,0.000000e+00,0.000000e+00,0.000000e+00,0.000000e+00,0.000000e+00,0.000000e+00,0.000000e+00,0.000000e+00,0.000000e+00
1.000000e+00,0.000000e+00,0.000000e+00,0.000000e+00,0.000000e+00,0.000000e+00,0.000000e+00,0.000000e+00,0.000000e+00,0.000000e+00,0.000000e+00,0.000000e+00,0.000000e+00,0.000000e+00,0.000000e+00
1.000000e+00,0.000000e+00,0.000000e+00,0.000000e+00,0.000000e+00,0.000000e+00,0.000000e+00,0.000000e+00,0.000000e+00,0.000000e+00,0.000000e+00,0.000000e+00,0.000000e+00,0.000000e+00,0.000000e+00
1.000000e+00,0.000000e+00,0.000000e+00,0.000000e+00,0.000000e+00,0.000000e+00,0.000000e+00,0.000000e+00,0.000000e+00,0.000000e+00,0.000000e+00,0.000000e+00,0.000000e+00,0.000000e+00,0.000000e+00
1.000000e+00,0.000000e+00,0.000000e+00,0.000000e+00,0.000000e+00,0.000000e+00,0.000000e+00,0.000000e+00,0.000000e+00,0.000000e+00,0.000000e+00,0.000000e+00,0.000000e+00,0.000000e+00,0.000000e+00
1.000000e+00,0.000000e+00,0.000000e+00,0.000000e+00,0.000000e+00,0.000000e+00,0.000000e+00,0.000000e+00,0.000000e+00,0.000000e+00,0.000000e+00,0.000000e+00,0.000000e+00,0.000000e+00,0.000000e+00
1.000000e+00,0.000000e+00,0.000000e+00,0.000000e+00,0.000000e+00,0.000000e+00,0.000000e+00,0.000000e+00,0.000000e+00,0.000000e+00,0.000000e+00,0.000000e+00,0.000000e+00,0.000000e+00,0.000000e+00
1.000000e+00,0.000000e+00,0.000000e+00,0.000000e+00,0.000000e+00,0.000000e+00,0.000000e+00,0.000000e+00,0.000000e+00,0.000000e+00,0.000000e+00,0.000000e+00,0.000000e+00,0.000000e+00,0.000000e+00
1.000000e+00,0.000000e+00,0.000000e+00,0.000000e+00,0.000000e+00,0.000000e+00,0.000000e+00,0.000000e+00,0.000000e+00,0.000000e+00,0.000000e+00,0.000000e+00,0.000000e+00,0.000000e+00,0.000000e+00
1.000000e+00,0.000000e+00,0.000000e+00,0.000000e+00,0.000000e+00,0.000000e+00,0.000000e+00,0.000000e+00,0.000000e+00,0.000000e+00,0.000000e+00,0.000000e+00,0.000000e+00,0.000000e+00,0.000000e+00
1.000000e+00,0.000000e+00,0.000000e+00,0.000000e+00,0.000000e+00,0.000000e+00,0.000000e+00,0.000000e+00,0.000000e+00,0.000000e+00,0.000000e+00,0.000000e+00,0.000000e+00,0.000000e+00,0.000000e+00
1.000000e+00,0.000000e+00,0.000000e+00,0.000000e+00,0.000000e+00,0.000000e+00,0.000000e+00,0.000000e+00,0.000000e+00,0.000000e+00,0.000000e+00,0.000000e+00,0.000000e+00,0.000000e+00,0.000000e+00
1.000000e+00,0.000000e+00,0.000000e+00,0.000000e+00,0.000000e+00,0.000000e+00,0.000000e+00,0.000000e+00,0.000000e+00,0.000000e+00,0.000000e+00,0.000000e+00,0.000000e+00,0.000000e+00,0.000000e+00
1.000000e+00,0.000000e+00,0.000000e+00,0.000000e+00,0.000000e+00,0.000000e+00,0.000000e+00,0.000000e+00,0.000000e+00,0.000000e+00,0.000000e+00,0.000000e+00,0.000000e+00,0.000000e+00,0.000000e+00
1.000000e+00,0.000000e+00,0.000000e+00,0.000000e+00,0.000000e+00,0.000000e+00,0.000000e+00,0.000000e+00,0.000000e+00,0.000000e+00,0.000000e+00,0.000000e+00,0.000000e+00,0.000000e+00,0.000000e+00
1.000000e+00,0.000000e+00,0.000000e+00,0.000000e+00,0.000000e+00,0.000000e+00,0.000000e+00,0.000000e+00,0.000000e+00,0.000000e+00,0.000000e+00,0.000000e+00,0.000000e+00,0.000000e+00,0.000000e+00
1.000000e+00,0.000000e+00,0.000000e+00,0.000000e+00,0.000000e+00,0.000000e+00,0.000000e+00,0.000000e+00,0.000000e+00,0.000000e+00,0.000000e+00,0.000000e+00,0.000000e+00,0.000000e+00,0.000000e+00
1.000000e+00,0.000000e+00,0.000000e+00,0.000000e+00,0.000000e+00,0.000000e+00,0.000000e+00,0.000000e+00,0.000000e+00,0.000000e+00,0.000000e+00,0.000000e+00,0.000000e+00,0.000000e+00,0.000000e+00
1.000000e+00,0.000000e+00,0.000000e+00,0.000000e+00,0.000000e+00,0.000000e+00,0.000000e+00,0.000000e+00,0.000000e+00,0.000000e+00,0.000000e+00,0.000000e+00,0.000000e+00,0.000000e+00,0.000000e+00
1.000000e+00,0.000000e+00,0.000000e+00,0.000000e+00,0.000000e+00,0.000000e+00,0.000000e+00,0.000000e+00,0.000000e+00,0.000000e+00,0.000000e+00,0.000000e+00,0.000000e+00,0.000000e+00,0.000000e+00
1.000000e+00,0.000000e+00,0.000000e+00,0.000000e+00,0.000000e+00,0.000000e+00,0.000000e+00,0.000000e+00,0.000000e+00,0.000000e+00,0.000000e+00,0.000000e+00,0.000000e+00,0.000000e+00,0.000000e+00
1.000000e+00,0.000000e+00,0.000000e+00,0.000000e+00,0.000000e+00,0.000000e+00,0.000000e+00,0.000000e+00,0.000000e+00,0.000000e+00,0.000000e+00,0.000000e+00,0.000000e+00,0.000000e+00,0.000000e+00
1.000000e+00,0.000000e+00,0.000000e+00,0.000000e+00,0.000000e+00,0.000000e+00,0.000000e+00,0.000000e+00,0.000000e+00,0.000000e+00,0.000000e+00,0.000000e+00,0.000000e+00,0.000000e+00,0.000000e+00
1.000000e+00,0.000000e+00,0.000000e+00,0.000000e+00,0.000000e+00,0.000000e+00,0.000000e+00,0.000000e+00,0.000000e+00,0.000000e+00,0.000000e+00,0.000000e+00,0.000000e+00,0.000000e+00,0.000000e+00
1.000000e+00,0.000000e+00,0.000000e+00,0.000000e+00,0.000000e+00,0.000000e+00,0.000000e+00,0.000000e+00,0.000000e+00,0.000000e+00,0.000000e+00,0.000000e+00,0.000000e+00,0.000000e+00,0.000000e+00
1.000000e+00,0.000000e+00,0.000000e+00,0.000000e+00,0.000000e+00,0.000000e+00,0.000000e+00,0.000000e+00,0.000000e+00,0.000000e+00,0.000000e+00,0.000000e+00,0.000000e+00,0.000000e+00,0.000000e+00
1.000000e+00,0.000000e+00,0.000000e+00,0.000000e+00,0.000000e+00,0.000000e+00,0.000000e+00,0.000000e+00,0.000000e+00,0.000000e+00,0.000000e+00,0.000000e+00,0.000000e+00,0.000000e+00,0.000000e+00
1.000000e+00,0.000000e+00,0.000000e+00,0.000000e+00,0.000000e+00,0.000000e+00,0.000000e+00,0.000000e+00,0.000000e+00,0.000000e+00,0.000000e+00,0.000000e+00,0.000000e+00,0.000000e+00,0.000000e+00
1.000000e+00,0.000000e+00,0.000000e+00,0.000000e+00,0.000000e+00,0.000000e+00,0.000000e+00,0.000000e+00,0.000000e+00,0.000000e+00,0.000000e+00,0.000000e+00,0.000000e+00,0.000000e+00,0.000000e+00
1.000000e+00,0.000000e+00,0.000000e+00,0.000000e+00,0.000000e+00,0.000000e+00,0.000000e+00,0.000000e+00,0.000000e+00,0.000000e+00,0.000000e+00,0.000000e+00,0.000000e+00,0.000000e+00,0.000000e+00
1.000000e+00,0.000000e+00,0.000000e+00,0.000000e+00,0.000000e+00,0.000000e+00,0.000000e+00,0.000000e+00,0.000000e+00,0.000000e+00,0.000000e+00,0.000000e+00,0.000000e+00,0.000000e+00,0.000000e+00
1.000000e+00,0.000000e+00,0.000000e+00,0.000000e+00,0.000000e+00,0.000000e+00,0.000000e+00,0.000000e+00,0.000000e+00,0.000000e+00,0.000000e+00,0.000000e+00,0.000000e+00,0.000000e+00,0.000000e+00
1.000000e+00,0.000000e+00,0.000000e+00,0.000000e+00,0.000000e+00,0.000000e+00,0.000000e+00,0.000000e+00,0.000000e+00,0.000000e+00,0.000000e+00,0.000000e+00,0.000000e+00,0.000000e+00,0.000000e+00
1.000000e+00,0.000000e+00,0.000000e+00,0.000000e+00,0.000000e+00,0.000000e+00,0.000000e+00,0.000000e+00,0.000000e+00,0.000000e+00,0.000000e+00,0.000000e+00,0.000000e+00,0.000000e+00,0.000000e+00
1.000000e+00,0.000000e+00,0.000000e+00,0.000000e+00,0.000000e+00,0.000000e+00,0.000000e+00,0.000000e+00,0.000000e+00,0.000000e+00,0.000000e+00,0.000000e+00,0.000000e+00,0.000000e+00,0.000000e+00
1.000000e+00,0.000000e+00,0.000000e+00,0.000000e+00,0.000000e+00,0.000000e+00,0.000000e+00,0.000000e+00,0.000000e+00,0.000000e+00,0.000000e+00,0.000000e+00,0.000000e+00,0.000000e+00,0.000000e+00
1.000000e+00,0.000000e+00,0.000000e+00,0.000000e+00,0.000000e+00,0.000000e+00,0.000000e+00,0.000000e+00,0.000000e+00,0.000000e+00,0.000000e+00,0.000000e+00,0.000000e+00,0.000000e+00,0.000000e+00
1.000000e+00,0.000000e+00,0.000000e+00,0.000000e+00,0.000000e+00,0.000000e+00,0.000000e+00,0.000000e+00,0.000000e+00,0.000000e+00,0.000000e+00,0.000000e+00,0.000000e+00,0.000000e+00,0.000000e+00
1.000000e+00,0.000000e+00,0.000000e+00,0.000000e+00,0.000000e+00,0.000000e+00,0.000000e+00,0.000000e+00,0.000000e+00,0.000000e+00,0.000000e+00,0.000000e+00,0.000000e+00,0.000000e+00,0.000000e+00
1.000000e+00,0.000000e+00,0.000000e+00,0.000000e+00,0.000000e+00,0.000000e+00,0.000000e+00,0.000000e+00,0.000000e+00,0.000000e+00,0.000000e+00,0.000000e+00,0.000000e+00,0.000000e+00,0.000000e+00
1.000000e+00,0.000000e+00,0.000000e+00,0.000000e+00,0.000000e+00,0.000000e+00,0.000000e+00,0.000000e+00,0.000000e+00,0.000000e+00,0.000000e+00,0.000000e+00,0.000000e+00,0.000000e+00,0.000000e+00
1.000000e+00,0.000000e+00,0.000000e+00,0.000000e+00,0.000000e+00,0.000000e+00,0.000000e+00,0.000000e+00,0.000000e+00,0.000000e+00,0.000000e+00,0.000000e+00,0.000000e+00,0.000000e+00,0.000000e+00
1.000000e+00,0.000000e+00,0.000000e+00,0.000000e+00,0.000000e+00,0.000000e+00,0.000000e+00,0.000000e+00,0.000000e+00,0.000000e+00,0.000000e+00,0.000000e+00,0.000000e+00,0.000000e+00,0.000000e+00
1.000000e+00,0.000000e+00,0.000000e+00,0.000000e+00,0.000000e+00,0.000000e+00,0.000000e+00,0.000000e+00,0.000000e+00,0.000000e+00,0.000000e+00,0.000000e+00,0.000000e+00,0.000000e+00,0.000000e+00
1.000000e+00,0.000000e+00,0.000000e+00,0.000000e+00,0.000000e+00,0.000000e+00,0.000000e+00,0.000000e+00,0.000000e+00,0.000000e+00,0.000000e+00,0.000000e+00,0.000000e+00,0.000000e+00,0.000000e+00
1.000000e+00,0.000000e+00,0.000000e+00,0.000000e+00,0.000000e+00,0.000000e+00,0.000000e+00,0.000000e+00,0.000000e+00,0.000000e+00,0.000000e+00,0.000000e+00,0.000000e+00,0.000000e+00,0.000000e+00
1.000000e+00,0.000000e+00,0.000000e+00,0.000000e+00,0.000000e+00,0.000000e+00,0.000000e+00,0.000000e+00,0.000000e+00,0.000000e+00,0.000000e+00,0.000000e+00,0.000000e+00,0.000000e+00,0.000000e+00
1.000000e+00,0.000000e+00,0.000000e+00,0.000000e+00,0.000000e+00,0.000000e+00,0.000000e+00,0.000000e+00,0.000000e+00,0.000000e+00,0.000000e+00,0.000000e+00,0.000000e+00,0.000000e+00,0.000000e+00
1.000000e+00,0.000000e+00,0.000000e+00,0.000000e+00,0.000000e+00,0.000000e+00,0.000000e+00,0.000000e+00,0.000000e+00,0.000000e+00,0.000000e+00,0.000000e+00,0.000000e+00,0.000000e+00,0.000000e+00
4.199171e-01,6.068274e-02,4.330732e-02,1.855849e-01,5.459899e-03,4.159031e-02,4.502391e-03,1.155172e-02,2.349850e-02,5.227990e-03,7.387623e-03,3.892289e-02,9.702624e-02,1.480245e-03,5.386005e-02
2.967910e-01,4.650195e-02,3.157162e-02,1.357814e-01,3.957490e-03,3.176266e-02,3.282960e-03,8.394844e-03,2.044313e-02,4.454078e-03,5.657524e-03,2.775876e-02,3.350231e-01,1.152962e-03,4.746652e-02
2.104610e-01,3.596488e-02,2.292616e-02,9.857582e-02,3.166046e-03,2.504327e-02,2.576173e-03,6.147126e-03,1.913118e-02,3.750972e-03,4.454457e-03,2.027580e-02,4.121794e-01,9.229368e-04,1.344248e-01
1.486436e-01,4.846505e-02,1.927970e-02,7.000129e-02,3.121851e-03,1.848608e-02,2.014664e-03,4.450017e-03,2.460936e-02,4.626393e-03,3.774064e-03,1.473199e-02,3.240619e-01,3.350061e-03,3.103840e-01
1.053696e-01,3.702212e-02,1.446040e-02,5.008750e-02,2.969929e-03,1.517901e-02,1.475696e-03,3.172152e-03,2.463769e-02,5.027922e-03,4.046061e-03,1.058254e-02,2.318767e-01,7.089939e-03,4.870028e-01
7.795025e-02,3.107135e-02,1.503549e-02,3.655289e-02,3.449459e-03,1.913721e-02,1.270664e-03,2.328465e-03,3.250990e-02,8.468293e-03,7.668223e-03,8.307411e-03,1.697751e-01,1.875293e-02,5.677223e-01
5.621217e-02,2.212833e-02,1.067714e-02,2.583670e-02,2.688297e-03,1.719021e-02,9.287295e-04,1.644069e-03,2.981718e-02,1.126447e-02,4.774891e-02,6.536311e-03,1.245932e-01,3.474654e-02,6.079878e-01
3.972093e-02,1.571093e-02,7.519182e-03,1.816872e-02,1.961733e-03,1.392221e-02,6.590316e-04,1.157646e-03,2.506950e-02,9.008885e-03,4.125798e-02,4.768373e-03,8.894024e-02,3.568786e-02,6.964468e-01
2.835946e-02,1.144767e-02,5.352139e-03,1.284969e-02,1.637413e-03,1.083578e-02,4.688995e-04,8.147373e-04,2.645805e-02,6.794270e-03,3.163126e-02,3.473208e-03,6.330983e-02,2.897320e-02,7.675944e-01
2.016794e-02,8.615144e-03,3.824882e-03,9.074741e-03,1.271379e-03,8.466179e-03,3.341390e-04,5.726321e-04,3.539168e-02,5.120476e-03,2.546053e-02,2.551418e-03,4.640097e-02,2.664079e-02,8.061072e-01
1.460535e-02,6.960040e-03,2.836477e-03,6.410683e-03,9.548948e-04,6.975769e-03,2.403580e-04,4.022283e-04,4.349407e-02,3.923396e-03,2.040885e-02,1.892406e-03,3.444917e-02,2.351579e-02,8.329306e-01
1.080364e-02,6.914025e-03,7.420030e-03,4.531575e-03,8.740464e-04,6.556131e-03,2.043488e-04,3.056231e-04,5.167763e-02,2.926255e-03,2.088592e-02,1.463428e-03,2.648950e-02,1.879369e-02,8.401542e-01
8.914930e-03,6.502355e-03,6.477271e-03,3.216901e-03,9.179338e-04,5.345285e-03,1.556543e-04,2.217993e-04,1.191215e-01,2.241999e-03,1.607130e-02,1.056301e-03,1.951152e-02,1.495447e-02,7.952908e-01
9.034887e-03,6.303686e-03,3.668628e-02,2.580264e-03,9.604474e-04,5.614544e-03,1.465945e-04,1.785844e-04,1.937261e-01,2.377442e-03,1.408602e-02,9.086070e-04,1.507168e-02,1.268205e-02,6.996428e-01
7.886266e-03,5.119015e-03,2.798520e-02,1.906041e-03,7.701813e-04,5.559340e-03,1.116959e-04,1.589052e-04,3.158755e-01,2.402666e-03,1.256476e-02,7.546132e-04,1.151762e-02,1.300638e-02,5.943818e-01
7.968133e-03,4.080226e-03,2.131498e-02,1.427689e-03,6.588263e-04,6.299366e-03,9.108955e-05,1.407575e-04,3.679650e-01,4.177089e-03,1.753481e-02,7.457893e-04,9.926925e-03,1.914721e-02,5.385221e-01
7.427586e-03,4.168095e-03,2.655660e-02,1.190594e-03,8.377328e-04,6.470353e-03,8.745684e-05,3.025563e-04,3.901606e-01,1.382073e-02,5.031747e-02,1.308073e-03,1.029821e-02,6.010812e-02,4.269458e-01
7.224758e-03,4.781823e-03,2.232146e-02,1.198342e-03,1.293568e-03,5.793510e-03,1.123044e-04,6.821441e-04,4.699766e-01,2.800765e-02,4.448565e-02,1.690079e-03,1.018903e-02,6.899773e-02,3.332453e-01
7.180779e-03,1.374553e-02,2.194434e-02,1.260782e-03,1.747380e-03,4.503040e-03,1.123807e-04,1.211311e-03,5.185961e-01,5.537850e-02,3.701882e-02,2.170686e-03,9.494118e-03,7.918173e-02,2.464545e-01
6.055113e-03,1.276870e-02,1.870841e-02,2.079857e-03,2.039181e-03,3.385550e-03,9.540119e-05,3.038887e-03,5.778188e-01,8.461553e-02,2.946110e-02,2.459106e-03,8.303128e-03,6.674305e-02,1.824282e-01
4.658247e-03,9.625308e-03,1.441998e-02,2.003943e-03,3.482450e-03,2.464755e-03,9.435491e-05,3.146023e-03,5.171733e-01,2.280254e-01,2.211340e-02,2.030910e-03,6.675462e-03,5.242247e-02,1.316639e-01
3.478047e-03,6.991669e-03,1.095740e-02,1.802605e-03,8.697587e-03,1.882537e-03,1.184970e-04,6.360651e-03,4.126587e-01,3.785467e-01,1.646525e-02,1.724172e-03,5.412693e-03,4.606703e-02,9.883644e-02
2.803440e-03,5.073390e-03,8.679689e-03,1.861105e-03,1.153653e-02,1.586231e-03,1.540936e-04,1.512891e-02,3.056948e-01,5.176511e-01,1.264728e-02,1.423680e-03,4.679714e-03,3.827596e-02,7.280410e-02
4.212872e-03,4.236029e-03,7.417852e-03,2.234238e-03,1.253702e-02,2.990644e-03,1.722886e-04,1.641252e-02,2.243846e-01,6.221094e-01,1.037275e-02,1.121143e-03,4.376784e-03,3.045666e-02,5.696517e-02
5.239490e-03,3.790970e-03,5.934489e-03,2.547711e-03,1.248691e-02,4.294391e-03,1.809470e-04,2.672121e-02,1.653341e-01,6.790179e-01,1.875346e-02,2.743019e-03,8.069817e-03,2.325208e-02,4.163353e-02
6.654282e-03,3.327079e-03,5.357284e-03,3.157557e-03,1.486857e-02,3.375849e-03,6.450835e-04,1.378571e-01,1.235967e-01,6.232806e-01,1.899931e-02,2.930634e-03,8.447830e-03,1.723345e-02,3.026868e-02
7.797715e-03,3.651645e-03,5.333710e-03,2.519033e-03,1.411289e-02,3.024717e-03,2.265791e-02,2.552458e-01,9.052981e-02,5.364292e-01,1.510097e-02,2.359116e-03,6.636226e-03,1.228935e-02,2.231188e-02
9.515174e-03,5.091832e-03,5.338978e-03,2.204758e-03,1.297573e-02,3.729418e-03,3.367041e-02,2.871248e-01,7.048620e-02,5.242373e-01,1.147103e-02,1.981762e-03,6.139686e-03,9.027462e-03,1.700538e-02
1.502467e-02,7.434164e-03,6.939505e-03,2.092735e-03,2.096264e-02,5.542723e-03,6.351384e-02,2.671476e-01,8.449584e-02,4.808877e-01,9.413433e-03,2.093958e-03,7.268178e-03,7.207525e-03,1.997557e-02
1.951584e-02,1.053710e-02,9.800656e-03,2.011622e-03,2.634895e-02,8.373910e-03,1.253282e-01,2.067615e-01,1.245788e-01,4.126524e-01,1.403947e-02,2.778689e-03,8.058113e-03,7.097437e-03,2.211733e-02
2.767597e-02,1.739263e-02,1.771626e-02,2.450191e-03,3.235403e-02,1.572930e-02,1.924380e-01,1.579305e-01,1.275898e-01,3.510453e-01,1.708642e-02,3.184949e-03,8.494768e-03,6.225614e-03,2.268632e-02
4.763514e-02,2.480349e-02,1.784106e-02,4.263930e-03,3.795789e-02,6.625189e-02,1.761243e-01,1.320033e-01,1.100564e-01,3.036330e-01,1.748952e-02,3.895010e-03,1.363272e-02,5.030133e-03,3.938227e-02
7.046109e-02,3.112480e-02,1.850971e-02,7.504413e-03,4.991392e-02,1.332380e-01,1.598962e-01,1.139871e-01,9.450378e-02,2.334649e-01,1.593114e-02,5.056806e-03,1.701883e-02,4.747520e-03,4.464182e-02
1.009021e-01,3.276147e-02,1.880018e-02,1.350240e-02,7.143463e-02,1.697777e-01,1.461392e-01,1.113331e-01,7.711515e-02,1.738263e-01,1.240315e-02,5.215222e-03,1.511198e-02,4.972415e-03,4.670508e-02
1.777654e-01,2.935855e-02,1.661139e-02,1.474089e-02,7.075101e-02,1.753172e-01,1.165659e-01,1.198668e-01,5.961014e-02,1.276044e-01,1.038097e-02,5.938720e-03,1.370388e-02,5.361922e-03,5.642276e-02
1.883072e-01,2.542853e-02,1.332536e-02,1.372664e-02,5.787126e-02,2.641145e-01,9.715142e-02,1.135436e-01,4.468543e-02,9.493697e-02,9.329531e-03,5.870661e-03,1.043609e-02,5.648813e-03,5.562394e-02
2.045369e-01,2.202440e-02,1.108343e-02,1.233792e-02,4.565315e-02,3.395926e-01,7.204698e-02,1.055133e-01,3.358394e-02,7.331106e-02,9.154975e-03,5.968999e-03,8.060520e-03,7.947151e-03,4.918466e-02
1.452938e-01,1.558111e-02,7.906718e-03,8.713584e-03,3.204626e-02,5.082120e-01,5.045438e-02,7.395872e-02,2.362998e-02,5.153342e-02,2.830727e-02,4.581851e-03,5.893259e-03,8.836001e-03,3.505161e-02
1.043975e-01,1.106638e-02,5.656354e-03,6.138938e-03,2.251315e-02,5.698155e-01,3.542982e-02,5.215192e-02,1.699892e-02,3.617295e-02,7.952488e-02,4.228726e-03,4.624092e-03,2.603202e-02,2.524880e-02
7.352830e-02,7.877293e-03,4.081344e-03,4.329176e-03,1.580487e-02,4.341326e-01,2.490586e-02,3.657103e-02,1.249606e-02,2.551825e-02,2.930902e-01,5.939275e-03,3.520088e-03,4.003518e-02,1.817040e-02
5.164974e-02,5.552949e-03,2.938526e-03,3.064747e-03,1.110182e-02,3.249875e-01,1.755552e-02,2.566893e-02,9.027797e-03,1.797546e-02,4.263787e-01,8.659631e-03,2.545900e-03,8.004555e-02,1.284716e-02
3.634795e-02,7.089224e-03,2.274901e-03,2.229279e-03,8.073037e-03,2.290882e-01,1.238967e-02,1.822507e-02,1.951120e-02,1.353503e-02,4.855356e-01,1.648386e-02,1.870222e-03,1.375212e-01,9.825489e-03
2.555030e-02,5.948586e-03,1.709857e-03,1.607440e-03,5.788751e-03,1.628682e-01,8.760799e-03,1.285755e-02,2.374788e-02,1.061214e-02,5.270840e-01,2.242669e-02,1.388212e-03,1.825556e-01,7.093966e-03
1.812336e-02,1.458541e-02,1.939039e-03,1.247098e-03,4.669959e-03,1.268700e-01,6.220586e-03,9.410477e-03,6.248369e-02,9.394446e-03,4.797515e-01,2.159321e-02,1.091717e-03,2.373665e-01,5.252998e-03
1.297431e-02,1.082016e-02,1.564185e-03,9.197234e-04,3.344135e-03,9.097062e-02,4.379926e-03,6.618246e-03,8.370076e-02,7.933351e-03,4.243531e-01,2.144781e-02,8.092998e-04,3.263972e-01,3.767187e-03
9.125536e-03,1.374893e-02,1.798193e-03,7.264413e-04,2.850417e-03,6.562223e-02,3.076558e-03,4.673548e-03,2.348400e-01,6.474429e-03,3.361667e-01,1.646934e-02,5.964083e-04,3.009665e-01,2.864791e-03
6.416418e-03,1.178201e-02,1.386481e-03,5.537262e-04,2.135589e-03,4.658977e-02,2.158526e-03,3.328576e-03,2.927516e-01,5.116411e-03,2.494819e-01,1.217372e-02,4.291018e-04,3.634771e-01,2.219032e-03
4.503432e-03,9.739797e-03,1.019448e-03,3.969495e-04,1.556256e-03,3.297732e-02,1.515291e-03,2.343180e-03,2.936168e-01,3.887999e-03,1.798726e-01,8.955670e-03,3.078697e-04,4.576059e-01,1.701481e-03
3.458304e-03,2.191832e-02,1.170957e-03,3.198726e-04,1.187505e-03,2.389440e-02,1.077064e-03,1.717058e-03,2.593352e-01,3.091466e-03,1.324057e-01,6.454187e-03,2.491632e-04,5.417923e-01,1.928368e-03
3.144708e-03,2.728868e-02,1.416650e-03,3.071924e-04,8.707148e-04,2.253293e-02,7.726137e-04,1.296683e-03,2.238742e-01,2.334310e-03,9.469108e-02,4.555090e-03,2.262646e-04,6.138195e-01,2.869361e-03
5.337563e-03,7.480725e-02,3.084677e-03,4.519410e-04,7.426540e-04,3.749798e-02,6.122540e-04,1.449209e-03,1.874739e-01,1.895186e-03,6.838351e-02,3.214734e-03,2.849514e-04,6.090768e-01,5.687342e-03
5.102497e-03,5.586036e-02,2.317906e-03,4.064247e-04,6.086454e-04,2.962769e-02,4.417973e-04,1.073733e-03,1.504455e-01,1.728031e-03,4.887094e-02,2.277940e-03,3.655928e-04,6.787694e-01,2.210362e-02
6.684350e-03,4.127612e-02,2.337973e-03,4.010319e-04,6.089713e-04,2.719950e-02,3.698660e-04,8.676128e-04,1.175940e-01,2.213463e-03,3.546716e-02,1.623338e-03,1.256709e-03,7.098813e-01,5.221856e-02
2.687543e-02,4.019128e-02,2.279730e-02,1.021640e-02,1.556824e-03,4.173542e-02,5.993546e-04,1.764881e-03,1.123073e-01,4.123612e-03,2.926951e-02,1.433890e-03,2.071209e-03,6.177704e-01,8.728717e-02
4.069963e-02,3.068856e-02,3.540999e-02,9.680642e-03,1.868819e-03,3.762982e-02,4.785129e-04,3.142832e-03,9.155744e-02,5.127395e-03,3.262670e-02,1.103562e-03,1.985929e-03,6.404802e-01,6.751999e-02
5.616732e-02,2.350557e-02,7.034780e-02,1.074741e-02,2.276920e-03,3.303594e-02,4.265110e-04,4.777696e-03,7.030620e-02,6.283098e-03,3.011499e-02,9.637669e-04,1.885377e-03,6.383228e-01,5.083848e-02
5.210679e-02,1.801615e-02,2.122034e-01,1.616678e-02,3.155221e-03,2.378992e-02,3.417971e-04,9.882849e-03,5.805261e-02,8.823354e-03,2.741631e-02,1.169026e-03,3.064977e-03,5.243562e-01,4.145449e-02
5.217255e-02,1.409706e-02,3.329206e-01,2.106397e-02,4.019876e-03,1.791617e-02,2.870080e-04,1.205213e-02,4.751406e-02,8.696278e-03,2.356591e-02,1.440391e-03,3.494977e-03,4.203968e-01,4.036221e-02
4.220377e-02,1.131176e-02,3.926342e-01,1.604118e-02,3.575278e-03,1.401209e-02,2.225562e-04,8.978806e-03,5.136684e-02,1.281147e-02,2.077781e-02,1.278283e-03,2.813407e-03,3.354732e-01,8.649937e-02
2.998867e-02,8.590337e-03,3.770766e-01,1.204665e-02,2.777481e-03,9.934023e-03,2.012759e-04,6.432650e-03,5.393706e-02,1.891651e-02,1.716127e-02,1.134918e-03,2.450668e-03,2.981866e-01,1.611652e-01
2.179776e-02,7.240914e-03,3.273318e-01,8.852997e-03,2.428691e-03,7.379676e-03,1.594514e-04,4.685608e-03,1.272465e-01,1.674182e-02,3.384976e-02,1.028086e-03,2.243472e-03,2.515777e-01,1.874358e-01
1.624717e-02,5.683160e-03,2.467047e-01,6.614245e-03,2.331440e-03,5.712869e-03,1.381350e-04,3.450055e-03,1.267661e-01,1.526156e-02,4.723665e-02,8.877462e-04,2.031003e-03,3.329746e-01,1.879606e-01
1.186272e-02,4.373909e-03,1.765676e-01,4.765161e-03,1.874440e-03,4.227200e-03,1.151541e-04,2.432516e-03,1.113318e-01,1.948438e-02,4.334028e-02,7.821129e-04,1.810738e-03,4.457549e-01,1.712770e-01
8.448625e-03,3.579563e-03,1.239214e-01,3.420140e-03,1.574054e-03,3.042934e-03,8.713479e-05,1.704720e-03,9.031346e-02,1.514983e-02,3.233344e-02,5.826267e-04,1.330801e-03,5.853904e-01,1.291208e-01
9.114639e-03,2.790380e-03,8.721045e-02,2.684473e-03,1.454258e-03,2.426626e-03,7.557342e-05,1.214026e-03,1.222985e-01,1.487539e-02,2.909981e-02,5.473403e-04,1.057593e-03,6.319770e-01,9.317391e-02
1.112237e-02,3.271363e-03,6.171883e-02,2.210249e-03,1.389056e-03,2.052901e-03,6.608955e-05,8.858383e-04,1.886766e-01,1.665526e-02,3.002345e-02,4.659123e-04,8.031222e-04,6.118409e-01,6.881799e-02
9.224259e-03,3.968711e-03,4.614848e-02,1.625432e-03,1.161330e-03,1.861769e-03,6.735322e-05,6.506675e-04,2.156813e-01,2.807622e-02,2.779737e-02,3.925781e-04,6.555760e-04,6.080760e-01,5.461287e-02
7.568435e-03,3.274805e-03,3.335460e-02,1.360486e-03,9.544981e-04,1.541564e-03,7.177555e-05,4.748912e-04,2.079580e-01,3.710781e-02,2.622676e-02,3.649495e-04,6.329338e-04,6.338061e-01,4.530242e-02
5.641384e-03,2.470493e-03,2.383057e-02,9.889987e-04,7.283168e-04,1.389920e-03,6.490262e-05,3.362237e-04,1.659103e-01,4.052424e-02,2.029390e-02,2.788556e-04,4.812506e-04,7.022700e-01,3.479061e-02
4.127833e-03,2.283022e-03,1.757450e-02,7.846036e-04,7.503257e-04,2.106425e-03,6.541454e-05,2.650585e-04,1.997287e-01,4.154313e-02,1.766088e-02,3.070880e-04,6.548362e-04,6.804100e-01,3.173811e-02
3.275942e-03,2.204557e-03,1.359241e-02,6.965349e-04,9.307835e-04,2.578043e-03,6.222678e-05,2.146749e-04,2.699590e-01,4.062608e-02,1.759648e-02,2.635534e-04,5.466972e-04,6.209024e-01,2.655057e-02
4.928631e-03,1.886348e-03,1.090614e-02,7.839993e-04,1.786746e-03,2.497859e-03,6.079805e-05,7.718578e-04,3.933249e-01,3.831724e-02,1.515110e-02,3.550703e-04,7.102795e-04,5.024951e-01,2.602395e-02
5.673419e-03,1.456813e-03,8.111873e-03,7.078687e-04,2.348623e-03,2.016167e-03,5.331927e-05,7.172700e-04,5.034762e-01,3.153648e-02,1.480264e-02,3.554393e-04,6.783642e-04,3.997658e-01,2.829969e-02
5.673936e-03,1.098038e-03,5.810779e-03,5.565036e-04,2.204182e-03,1.720441e-03,4.125208e-05,5.905085e-04,5.887165e-01,2.361986e-02,1.143338e-02,2.867982e-04,5.384731e-04,3.341592e-01,2.355016e-02
5.294007e-03,8.779533e-04,4.462206e-03,6.342132e-04,2.241228e-03,1.786576e-03,3.547194e-05,7.676760e-04,6.646332e-01,1.776634e-02,8.472968e-03,2.257455e-04,5.045086e-04,2.606016e-01,3.169636e-02
6.188727e-03,7.454794e-04,5.578596e-03,4.594594e-03,4.691451e-03,1.834889e-03,3.327364e-05,3.279388e-03,7.185657e-01,1.561509e-02,6.654741e-03,2.098987e-04,5.333049e-04,1.958109e-01,3.566404e-02
8.013942e-03,8.732943e-04,6.673395e-03,1.372948e-02,8.928994e-03,1.898883e-03,3.528715e-05,5.918651e-03,7.109298e-01,1.550414e-02,5.268552e-03,2.042548e-04,6.414820e-04,1.554822e-01,6.589775e-02
9.024144e-03,7.994369e-04,5.175596e-03,1.042178e-02,1.038007e-02,1.702956e-03,3.078317e-05,4.499952e-03,6.991810e-01,1.227842e-02,4.020894e-03,1.728616e-04,6.417316e-04,1.540674e-01,8.760303e-02
9.256098e-03,7.375595e-04,4.336073e-03,7.791611e-03,8.785672e-03,1.689956e-03,2.448200e-05,3.587511e-03,6.424587e-01,8.917627e-03,3.123990e-03,1.523331e-04,5.621188e-04,2.339545e-01,7.462168e-02
2.074865e-02,1.162628e-03,7.108328e-03,9.322697e-03,8.484298e-03,1.886636e-03,4.082717e-05,6.062538e-03,5.662706e-01,6.441632e-03,3.096959e-03,1.482529e-04,5.440564e-04,3.093725e-01,5.930933e-02
2.500425e-02,1.099395e-03,5.878862e-03,6.878983e-03,7.959394e-03,2.127039e-03,3.776320e-05,5.110891e-03,5.434027e-01,4.644471e-03,3.317122e-03,1.249387e-04,4.560887e-04,3.493962e-01,4.456185e-02
2.375405e-02,9.549945e-04,5.473504e-03,4.989270e-03,6.652490e-03,2.197846e-03,3.337734e-05,5.126045e-03,5.694625e-01,3.487096e-03,3.090909e-03,1.314783e-04,4.066319e-04,3.363741e-01,3.786563e-02
2.070475e-02,8.194869e-04,4.811859e-03,3.661375e-03,6.553113e-03,2.651984e-03,2.921052e-05,4.857584e-03,5.443771e-01,2.762107e-03,2.620270e-03,1.249354e-04,3.470951e-04,3.757018e-01,2.997728e-02
2.048613e-02,1.142012e-03,7.088833e-03,3.276884e-03,5.619715e-03,4.566720e-03,3.389750e-05,5.184066e-03,4.800513e-01,2.235091e-03,4.238151e-03,1.626422e-04,2.948890e-04,4.414081e-01,2.421157e-02
2.140269e-02,3.078217e-03,1.719381e-01,2.815884e-02,8.058907e-03,3.846924e-03,1.084874e-04,7.009871e-03,3.663049e-01,2.842641e-03,3.631756e-03,2.074465e-04,3.158099e-04,3.356826e-01,4.741284e-02
2.298870e-02,4.306563e-03,2.930552e-01,3.302168e-02,9.523880e-03,3.238581e-03,1.424798e-04,6.581535e-03,2.737691e-01,4.575549e-03,2.825784e-03,1.920708e-04,2.916207e-04,2.627001e-01,8.278716e-02
4.164620e-02,5.013708e-03,3.438952e-01,2.984877e-02,1.002520e-02,3.742803e-03,1.222189e-04,6.111039e-03,2.317820e-01,9.973360e-03,2.470891e-03,2.011881e-04,2.938931e-04,2.098611e-01,1.050124e-01
5.819476e-02,4.905037e-03,3.455017e-01,2.745511e-02,9.488394e-03,4.246496e-03,1.071282e-04,4.949470e-03,1.998702e-01,1.632558e-02,2.399990e-03,2.511264e-04,2.740636e-04,1.861750e-01,1.398561e-01
6.309526e-02,1.060390e-02,2.732882e-01,2.365339e-02,1.774056e-02,7.809391e-03,1.239183e-04,5.153493e-03,2.496729e-01,2.801075e-02,2.713133e-03,4.438901e-04,3.890834e-04,1.668292e-01,1.504730e-01
6.796867e-02,2.408545e-02,2.683152e-01,8.065140e-02,3.256358e-02,1.202841e-02,3.638091e-04,1.116729e-02,1.893330e-01,2.788656e-02,2.584938e-03,8.835938e-04,5.492617e-04,1.231691e-01,1.584497e-01
6.667880e-02,2.761262e-02,3.127796e-01,7.680339e-02,2.621276e-02,1.202996e-02,3.846263e-04,1.123084e-02,1.641947e-01,3.039023e-02,2.514848e-03,1.068524e-03,5.116073e-04,9.894768e-02,1.686398e-01
7.209156e-02,2.756583e-02,3.190557e-01,1.515822e-01,2.649690e-02,1.609658e-02,6.613334e-04,1.132750e-02,1.368235e-01,2.562272e-02,3.537782e-03,1.227930e-03,6.250764e-04,7.349747e-02,1.337880e-01
7.475567e-02,3.415654e-02,3.707767e-01,1.417169e-01,2.761248e-02,1.869876e-02,6.952656e-04,9.831011e-03,1.136609e-01,3.459121e-02,4.091728e-03,1.027514e-03,6.232132e-04,5.411410e-02,1.136481e-01
6.919926e-02,3.507397e-02,4.123270e-01,1.091065e-01,2.389049e-02,1.516447e-02,5.747807e-04,7.256404e-03,9.754141e-02,7.387540e-02,5.722313e-03,1.061649e-03,9.876915e-04,4.953596e-02,9.868278e-02
7.893269e-02,3.662786e-02,3.521122e-01,8.020698e-02,1.918815e-02,1.285868e-02,5.113368e-04,7.973764e-03,1.093803e-01,1.646407e-01,9.150919e-03,1.489939e-03,3.320468e-03,3.822302e-02,8.538305e-02
9.849662e-02,4.175546e-02,2.981601e-01,6.102183e-02,1.585697e-02,1.149303e-02,4.722126e-04,8.172130e-03,1.095860e-01,2.178770e-01,1.285934e-02,2.197979e-03,5.353124e-03,3.790881e-02,7.878945e-02
2.289190e-01,6.256836e-02,2.216864e-01,4.968926e-02,1.770026e-02,1.330057e-02,5.104751e-04,7.583643e-03,8.408985e-02,1.876185e-01,1.204565e-02,2.990639e-03,4.579076e-03,3.343949e-02,7.327886e-02
2.471738e-01,9.713028e-02,1.822050e-01,9.197771e-02,2.516545e-02,1.649052e-02,1.682918e-03,7.107063e-03,6.349508e-02,1.497184e-01,1.209711e-02,4.808894e-03,5.477539e-03,2.536552e-02,7.010470e-02
3.332100e-01,7.779893e-02,2.072471e-01,7.600833e-02,2.169450e-02,1.420960e-02,1.684150e-03,6.160184e-03,4.849745e-02,1.109493e-01,1.189283e-02,8.025750e-03,5.747877e-03,2.105707e-02,5.581691e-02
4.342575e-01,6.361102e-02,1.672071e-01,7.148769e-02,1.901429e-02,1.745780e-02,2.320941e-03,7.437249e-03,3.776556e-02,8.099426e-02,1.382890e-02,1.594197e-02,7.925704e-03,1.658128e-02,4.416872e-02
4.256242e-01,6.549536e-02,1.298741e-01,6.760234e-02,4.897485e-02,2.997671e-02,1.956900e-02,3.530925e-02,2.870028e-02,6.351910e-02,1.420831e-02,1.429764e-02,1.005487e-02,1.304623e-02,3.374770e-02
4.735463e-01,5.784610e-02,1.024117e-01,5.608904e-02,5.573550e-02,2.971337e-02,2.376418e-02,4.164239e-02,2.467305e-02,5.515742e-02,1.359482e-02,1.434597e-02,1.273074e-02,1.161690e-02,2.713248e-02
3.923472e-01,4.462927e-02,8.254467e-02,4.390832e-02,1.378988e-01,2.737314e-02,3.620928e-02,3.277375e-02,1.943255e-02,1.148355e-01,1.326091e-02,1.111909e-02,1.206770e-02,9.273542e-03,2.232616e-02
2.980163e-01,3.583985e-02,6.197119e-02,3.183205e-02,1.692340e-01,2.527903e-02,3.142869e-02,2.380672e-02,1.452887e-02,2.428868e-01,1.293695e-02,8.379281e-03,9.297274e-03,9.223831e-03,2.533899e-02
3.301284e-01,3.336855e-02,4.733975e-02,3.237174e-02,1.327639e-01,3.198106e-02,3.158642e-02,1.882020e-02,1.212240e-02,2.428010e-01,1.712981e-02,1.086235e-02,8.649223e-03,1.315430e-02,3.692077e-02
3.542546e-01,3.183986e-02,3.643471e-02,3.121978e-02,1.139991e-01,3.096963e-02,3.415463e-02,1.571925e-02,9.652682e-03,2.482636e-01,1.592682e-02,9.936746e-03,7.384343e-03,1.575331e-02,4.449089e-02
4.347018e-01,2.642783e-02,2.727366e-02,2.692417e-02,9.296914e-02,3.135990e-02,3.016361e-02,1.148756e-02,7.389239e-03,2.174711e-01,1.634718e-02,9.776456e-03,6.868580e-03,1.550359e-02,4.533615e-02
4.684498e-01,2.240309e-02,2.092435e-02,2.228953e-02,8.315858e-02,4.521142e-02,2.514265e-02,8.656206e-03,6.052109e-03,2.034149e-01,1.556171e-02,7.776269e-03,5.992484e-03,1.755780e-02,4.740909e-02
3.400429e-01,1.956584e-02,1.618841e-02,1.587382e-02,6.339754e-02,8.991547e-02,2.754633e-02,6.480975e-03,5.149326e-03,2.810599e-01,6.385993e-02,6.693918e-03,4.915137e-03,2.272365e-02,3.658683e-02
2.395528e-01,1.403625e-02,1.169327e-02,1.114381e-02,4.469496e-02,1.605023e-01,1.987596e-02,4.681741e-03,3.868178e-03,1.975051e-01,2.250872e-01,7.598746e-03,3.894074e-03,2.986896e-02,2.599658e-02
1.681736e-01,1.023890e-02,8.251464e-03,7.811409e-03,3.137473e-02,1.271957e-01,1.403795e-02,3.385401e-03,4.020679e-03,1.394721e-01,3.426176e-01,1.162073e-02,3.128906e-03,1.098075e-01,1.886328e-02
1.181144e-01,2.245702e-02,6.427840e-03,5.636949e-03,2.208956e-02,9.179448e-02,9.917630e-03,2.565616e-03,1.133936e-02,9.953046e-02,4.181650e-01,1.418123e-02,2.347011e-03,1.598262e-01,1.560729e-02
8.273943e-02,2.003890e-02,4.543324e-03,3.957741e-03,1.549159e-02,6.546868e-02,6.977639e-03,1.824792e-03,1.873640e-02,7.030507e-02,3.664512e-01,2.109477e-02,1.767912e-03,3.077430e-01,1.285955e-02
5.804776e-02,3.844009e-02,3.663948e-03,2.792745e-03,1.096074e-02,4.834198e-02,4.938648e-03,1.406963e-03,3.838193e-02,5.026478e-02,3.217055e-01,2.106006e-02,1.335414e-03,3.857449e-01,1.291458e-02
4.070419e-02,3.251980e-02,2.615102e-03,1.963758e-03,7.753154e-03,3.554290e-02,3.492977e-03,1.076418e-03,3.811496e-02,3.610945e-02,2.509539e-01,1.683422e-02,1.164609e-03,5.176808e-01,1.347387e-02
2.856522e-02,3.874479e-02,1.910058e-03,1.381230e-03,5.646586e-03,2.587356e-02,2.467470e-03,8.610758e-04,5.065375e-02,2.547668e-02,2.015141e-01,1.230676e-02,8.738899e-04,5.902625e-01,1.346239e-02
2.016618e-02,1.696846e-01,1.967816e-03,1.212904e-03,5.111752e-03,2.135102e-02,1.853948e-03,1.945609e-03,8.507989e-02,1.854436e-02,1.447580e-01,8.801751e-03,8.102987e-04,4.928292e-01,2.588259e-02
1.442253e-02,1.911666e-01,1.740170e-03,9.665666e-04,7.699545e-03,1.782065e-02,1.358863e-03,2.136220e-03,1.174638e-01,1.330617e-02,1.043555e-01,6.347038e-03,7.226634e-04,4.949191e-01,2.557463e-02
1.036521e-02,2.375989e-01,2.135822e-03,8.918088e-03,6.696675e-03,1.453361e-02,9.685378e-04,1.994838e-03,2.488410e-01,9.718212e-03,7.495053e-02,4.624507e-03,1.026109e-03,3.506643e-01,2.696360e-02
7.962315e-03,2.761645e-01,2.032024e-03,6.627822e-03,4.866542e-03,1.123679e-02,6.936118e-04,1.875583e-03,2.677771e-01,7.367139e-03,5.549878e-02,3.386373e-03,1.267062e-03,3.045626e-01,4.868172e-02
6.067919e-03,2.779838e-01,1.962836e-03,6.809971e-03,3.927292e-03,8.232831e-03,5.013009e-04,1.687091e-03,3.489978e-01,5.936973e-03,4.073170e-02,2.526986e-03,1.529204e-03,2.277238e-01,6.538042e-02
4.470474e-03,2.130288e-01,1.792601e-03,5.675178e-03,2.778158e-03,5.884404e-03,3.587413e-04,1.191324e-03,4.403592e-01,6.508622e-03,2.998717e-02,2.065131e-03,1.364679e-03,1.713877e-01,1.131478e-01
4.150577e-03,1.579193e-01,1.682163e-03,4.664925e-03,2.454502e-03,4.329184e-03,2.616227e-04,8.908052e-04,5.031941e-01,8.692840e-03,2.476701e-02,1.848780e-03,2.143117e-03,1.315675e-01,1.514336e-01
3.105538e-03,1.178696e-01,1.980379e-03,7.783880e-03,1.791963e-03,3.082182e-03,1.895119e-04,6.359678e-04,6.173954e-01,7.916197e-03,1.806085e-02,1.734106e-03,1.703630e-03,9.442604e-02,1.223248e-01
4.061630e-03,8.739685e-02,1.985702e-03,6.246215e-03,1.351091e-03,2.473035e-03,1.765505e-04,5.561968e-04,6.401530e-01,1.510523e-02,1.774235e-02,2.388979e-03,1.935532e-03,9.399932e-02,1.244283e-01
5.446764e-03,6.523768e-02,3.122918e-03,5.950372e-03,1.020648e-03,2.059160e-03,1.702482e-04,4.423340e-04,5.318438e-01,2.517481e-02,1.715738e-02,2.385333e-03,1.694515e-03,1.305899e-01,2.077042e-01
4.574818e-03,4.897726e-02,3.056059e-03,4.455089e-03,7.353146e-04,1.562169e-03,1.568130e-04,3.543926e-04,5.108250e-01,3.160588e-02,3.487644e-02,7.668781e-03,3.898515e-03,1.147600e-01,2.324934e-01
4.217525e-03,3.527177e-02,2.839167e-03,3.241472e-03,5.351850e-04,1.214495e-03,2.281254e-04,2.958553e-04,4.338764e-01,2.580566e-02,4.372345e-02,7.824750e-03,3.568395e-03,2.370076e-01,2.003501e-01
3.215327e-03,2.505439e-02,2.207830e-03,2.291865e-03,3.817347e-04,9.770348e-04,1.909049e-04,2.313132e-04,3.135994e-01,1.946542e-02,4.867564e-02,6.356136e-03,3.384093e-03,3.977393e-01,1.762296e-01
2.718580e-03,1.767684e-02,1.610042e-03,1.661980e-03,2.936252e-04,1.104068e-03,1.770451e-04,2.091850e-04,2.225047e-01,1.584744e-02,1.001561e-01,4.854300e-03,3.404336e-03,4.849241e-01,1.428576e-01
2.307235e-03,1.248821e-02,1.165022e-03,1.321021e-03,3.415378e-04,1.802700e-03,1.922387e-04,1.812784e-04,1.571765e-01,1.497603e-02,1.640762e-01,3.728571e-03,3.016079e-03,5.259377e-01,1.112898e-01
1.829873e-03,9.365759e-03,1.036894e-03,1.008755e-03,5.317965e-03,2.205823e-03,2.169771e-04,1.642969e-04,1.129628e-01,1.328650e-02,1.815119e-01,2.942324e-03,2.556542e-03,5.764626e-01,8.913096e-02
1.718096e-03,7.554342e-03,9.376784e-04,7.487562e-04,4.939826e-02,2.382092e-03,2.929625e-04,1.837262e-04,8.202596e-02,1.129309e-02,2.144999e-01,2.283651e-03,2.298222e-03,5.584725e-01,6.591087e-02
2.411822e-03,8.356838e-03,2.833551e-03,7.182763e-04,6.320853e-02,1.571294e-02,4.701975e-04,9.267529e-04,6.759743e-02,9.932474e-03,2.025653e-01,2.317336e-03,2.131495e-03,5.744593e-01,4.635781e-02
2.151774e-03,7.601371e-03,2.759235e-03,6.184480e-04,4.742608e-02,2.009217e-02,3.691437e-04,6.894936e-04,7.644330e-02,7.942448e-03,1.773771e-01,2.594681e-03,1.847020e-03,6.188146e-01,3.327321e-02
2.039172e-03,6.602665e-03,2.583049e-03,7.116366e-04,3.586518e-02,2.252770e-02,3.295173e-04,5.792460e-04,8.651466e-02,6.396341e-03,1.848063e-01,4.500151e-03,2.259429e-03,6.204500e-01,2.383501e-02
2.499897e-03,9.780467e-03,6.418102e-03,3.335981e-03,3.006492e-02,2.843277e-02,3.534543e-04,1.186245e-03,1.869433e-01,7.942036e-03,1.547363e-01,6.108679e-03,3.387145e-03,5.401872e-01,1.862359e-02
3.152918e-03,2.822440e-02,7.046156e-03,6.008510e-03,2.676779e-02,4.518491e-02,4.087501e-04,1.910059e-03,3.049123e-01,7.778567e-03,1.183608e-01,5.219869e-03,3.945850e-03,4.257778e-01,1.530142e-02
2.913860e-03,3.112886e-02,5.574855e-03,5.451888e-03,1.988171e-02,1.544061e-01,3.280110e-04,1.594158e-03,3.335194e-01,8.377479e-03,8.442889e-02,4.684558e-03,4.106381e-03,3.115880e-01,3.201589e-02
2.583771e-03,2.843707e-02,4.566133e-03,1.161546e-02,1.433545e-02,1.291762e-01,2.449969e-04,1.455824e-03,4.662871e-01,1.002173e-02,6.057997e-02,3.598229e-03,3.665919e-03,2.248677e-01,3.856444e-02
4.017542e-03,2.973345e-02,4.647456e-03,1.540023e-02,1.340704e-02,1.626935e-01,2.972556e-04,1.728542e-03,4.819306e-01,1.171411e-02,4.609425e-02,2.850173e-03,3.853051e-03,1.705495e-01,5.108324e-02
3.238363e-03,2.350283e-02,4.134147e-03,1.173302e-01,1.000854e-02,1.214075e-01,2.196253e-04,1.766359e-03,5.092921e-01,9.700100e-03,3.569273e-02,2.125670e-03,3.060095e-03,1.199585e-01,3.856307e-02
6.223521e-03,2.395342e-02,4.665157e-03,1.036891e-01,8.465870e-03,1.306020e-01,1.909389e-04,3.223678e-03,5.153719e-01,1.058933e-02,3.664052e-02,1.751033e-03,3.864437e-03,8.951686e-02,6.125227e-02
1.517715e-02,2.243823e-02,4.149362e-03,8.401905e-02,1.841367e-02,1.718606e-01,3.269795e-04,3.961704e-03,4.327838e-01,1.018066e-02,3.277006e-02,2.308158e-03,6.037210e-03,7.010996e-02,1.254633e-01
1.312022e-02,2.533897e-02,5.114176e-03,8.834039e-02,1.345636e-02,1.208716e-01,2.568135e-04,2.851550e-03,5.135527e-01,9.897038e-03,2.543014e-02,2.015642e-03,5.725327e-03,5.021131e-02,1.238177e-01
2.149949e-02,2.394446e-02,5.042354e-03,6.885434e-02,1.479467e-02,8.747970e-02,3.257029e-04,2.720114e-03,4.840634e-01,1.110483e-02,2.200694e-02,2.386210e-03,8.176105e-03,3.820945e-02,2.093921e-01
3.410740e-02,2.673859e-02,7.205148e-03,7.419120e-02,1.242894e-02,6.508565e-02,3.581824e-04,3.461157e-03,4.656160e-01,1.531853e-02,1.969549e-02,2.857022e-03,8.475813e-03,2.806821e-02,2.363926e-01
5.992433e-02,2.660250e-02,7.405484e-03,7.101123e-02,1.219198e-02,7.144383e-02,4.402609e-04,5.784871e-03,3.867579e-01,1.491451e-02,1.801233e-02,3.067709e-03,9.060962e-03,2.809653e-02,2.852856e-01
