1.000000e+00,0.000000e+00,0.000000e+00,0.000000e+00,0.000000e+00,0.000000e+00,0.000000e+00,0.000000e+00,0.000000e+00,0.000000e+00,0.000000e+00,0.000000e+00,0.000000e+00,0.000000e+00,0.000000e+00
1.000000e+00,0.000000e+00,0.000000e+00,0.000000e+00,0.000000e+00,0.000000e+00,0.000000e+00,0.000000e+00,0.000000e+00,0.000000e+00,0.000000e+00,0.000000e+00,0.000000e+00,0.000000e+00,0.000000e+00
1.000000e+00,0.000000e+00,0.000000e+00,0.000000e+00,0.000000e+00,0.000000e+00,0.000000e+00,0.000000e+00,0.000000e+00,0.000000e+00,0.000000e+00,0.000000e+00,0.000000e+00,0.000000e+00,0.000000e+00
1.000000e+00,0.000000e+00,0.000000e+00,0.000000e+00,0.000000e+00,0.000000e+00,0.000000e+00,0.000000e+00,0.000000e+00,0.000000e+00,0.000000e+00,0.000000e+00,0.000000e+00,0.000000e+00,0.000000e+00
1.000000e+00,0.000000e+00,0.000000e+00,0.000000e+00,0.000000e+00,0.000000e+00,0.000000e+00,0.000000e+00,0.000000e+00,0.000000e+00,0.000000e+00,0.000000e+00,0.000000e+00,0.000000e+00,0.000000e+00
1.000000e+00,0.000000e+00,0.000000e+00,0.000000e+00,0.000000e+00,0.000000e+00,0.000000e+00,0.000000e+00,0.000000e+00,0.000000e+00,0.000000e+00,0.000000e+00,0.000000e+00,0.000000e+00,0.000000e+00
1.000000e+00,0.000000e+00,0.000000e+00,0.000000e+00,0.000000e+00,0.000000e+00,0.000000e+00,0.000000e+00,0.000000e+00,0.000000e+00,0.000000e+00,0.000000e+00,0.000000e+00,0.000000e+00,0.000000e+00
1.000000e+00,0.000000e+00,0.000000e+00,0.000000e+00,0.000000e+00,0.000000e+00,0.000000e+00,0.000000e+00,0.000000e+00,0.000000e+00,0.000000e+00,0.000000e+00,0.000000e+00,0.000000e+00,0.000000e+00
1.000000e+00,0.000000e+00,0.000000e+00,0.000000e+00,0.000000e+00,0.000000e+00,0.000000e+00,0.000000e+00,0.000000e+00,0.000000e+00,0.000000e+00,0.000000e+00,0.000000e+00,0.000000e+00,0.000000e+00
1.000000e+00,0.000000e+00,0.000000e+00,0.000000e+00,0.000000e+00,0.000000e+00,0.000000e+00,0.000000e+00,0.000000e+00,0.000000e+00,0.000000e+00,0.000000e+00,0.000000e+00,0.000000e+00,0.000000e+00
1.000000e+00,0.000000e+00,0.000000e+00,0.000000e+00,0.000000e+00,0.000000e+00,0.000000e+00,0.000000e+00,0.000000e+00,0.000000e+00,0.000000e+00,0.000000e+00,0.000000e+00,0.000000e+00,0.000000e+00
1.000000e+00,0.000000e+00,0.000000e+00,0.000000e+00,0.000000e+00,0.000000e+00,0.000000e+00,0.000000e+00,0.000000e+00,0.000000e+00,0.000000e+00,0.000000e+00,0.000000e+00,0.000000e+00,0.000000e+00
1.000000e+00,0.000000e+00,0.000000e+00,0.000000e+00,0.000000e+00,0.000000e+00,0.000000e+00,0.000000e+00,0.000000e+00,0.000000e+00,0.000000e+00,0.000000e+00,0.000000e+00,0.000000e+00,0.000000e+00
1.000000e+00,0.000000e+00,0.000000e+00,0.000000e+00,0.000000e+00,0.000000e+00,0.000000e+00,0.000000e+00,0.000000e+00,0.000000e+00,0.000000e+00,0.000000e+00,0.000000e+00,0.000000e+00,0.000000e+00
1.000000e+00,0.000000e+00,0.000000e+00,0.000000e+00,0.000000e+00,0.000000e+00,0.000000e+00,0.000000e+00,0.000000e+00,0.000000e+00,0.000000e+00,0.000000e+00,0.000000e+00,0.000000e+00,0.000000e+00
1.000000e+00,0.000000e+00,0.000000e+00,0.000000e+00,0.000000e+00,0.000000e+00,0.000000e+00,0.000000e+00,0.000000e+00,0.000000e+00,0.000000e+00,0.000000e+00,0.000000e+00,0.000000e+00,0.000000e+00
1.000000e+00,0.000000e+00,0.000000e+00,0.000000e+00,0.000000e+00,0.000000e+00,0.000000e+00,0.000000e+00,0.000000e+00,0.000000e+00,0.000000e+00,0.000000e+00,0.000000e+00,0.000000e+00,0.000000e+00
1.000000e+00,0.000000e+00,0.000000e+00,0.000000e+00,0.000000e+00,0.000000e+00,0.000000e+00,0.000000e+00,0.000000e+00,0.000000e+00,0.000000e+00,0.000000e+00,0.000000e+00,0.000000e+00,0.000000e+00
1.000000e+00,0.000000e+00,0.000000e+00,0.000000e+00,0.000000e+00,0.000000e+00,0.000000e+00,0.000000e+00,0.000000e+00,0.000000e+00,0.000000e+00,0.000000e+00,0.000000e+00,0.000000e+00,0.000000e+00
1.000000e+00,0.000000e+00,0.000000e+00,0.000000e+00,0.000000e+00,0.000000e+00,0.000000e+00,0.000000e+00,0.000000e+00,0.000000e+00,0.000000e+00,0.000000e+00,0.000000e+00,0.000000e+00,0.000000e+00
1.000000e+00,0.000000e+00,0.000000e+00,0.000000e+00,0.000000e+00,0.000000e+00,0.000000e+00,0.000000e+00,0.000000e+00,0.000000e+00,0.000000e+00,0.000000e+00,0.000000e+00,0.000000e+00,0.000000e+00
1.000000e+00,0.000000e+00,0.000000e+00,0.000000e+00,0.000000e+00,0.000000e+00,0.000000e+00,0.000000e+00,0.000000e+00,0.000000e+00,0.000000e+00,0.000000e+00,0.000000e+00,0.000000e+00,0.000000e+00
1.000000e+00,0.000000e+00,0.000000e+00,0.000000e+00,0.000000e+00,0.000000e+00,0.000000e+00,0.000000e+00,0.000000e+00,0.000000e+00,0.000000e+00,0.000000e+00,0.000000e+00,0.000000e+00,0.000000e+00
1.000000e+00,0.000000e+00,0.000000e+00,0.000000e+00,0.000000e+00,0.000000e+00,0.000000e+00,0.000000e+00,0.000000e+00,0.000000e+00,0.000000e+00,0.000000e+00,0.000000e+00,0.000000e+00,0.000000e+00
1.000000e+00,0.000000e+00,0.000000e+00,0.000000e+00,0.000000e+00,0.000000e+00,0.000000e+00,0.000000e+00,0.000000e+00,0.000000e+00,0.000000e+00,0.000000e+00,0.000000e+00,0.000000e+00,0.000000e+00
1.000000e+00,0.000000e+00,0.000000e+00,0.000000e+00,0.000000e+00,0.000000e+00,0.000000e+00,0.000000e+00,0.000000e+00,0.000000e+00,0.000000e+00,0.000000e+00,0.000000e+00,0.000000e+00,0.000000e+00
1.000000e+00,0.000000e+00,0.000000e+00,0.000000e+00,0.000000e+00,0.000000e+00,0.000000e+00,0.000000e+00,0.000000e+00,0.000000e+00,0.000000e+00,0.000000e+00,0.000000e+00,0.000000e+00,0.000000e+00
1.000000e+00,0.000000e+00,0.000000e+00,0.000000e+00,0.000000e+00,0.000000e+00,0.000000e+00,0.000000e+00,0.000000e+00,0.000000e+00,0.000000e+00,0.000000e+00,0.000000e+00,0.000000e+00,0.000000e+00
1.000000e+00,0.000000e+00,0.000000e+00,0.000000e+00,0.000000e+00,0.000000e+00,0.000000e+00,0.000000e+00,0.000000e+00,0.000000e+00,0.000000e+00,0.000000e+00,0.000000e+00,0.000000e+00,0.000000e+00
1.000000e+00,0.000000e+00,0.000000e+00,0.000000e+00,0.000000e+00,0.000000e+00,0.000000e+00,0.000000e+00,0.000000e+00,0.000000e+00,0.000000e+00,0.000000e+00,0.000000e+00,0.000000e+00,0.000000e+00
1.000000e+00,0.000000e+00,0.000000e+00,0.000000e+00,0.000000e+00,0.000000e+00,0.000000e+00,0.000000e+00,0.000000e+00,0.000000e+00,0.000000e+00,0.000000e+00,0.000000e+00,0.000000e+00,0.000000e+00
1.000000e+00,0.000000e+00,0.000000e+00,0.000000e+00,0.000000e+00,0.000000e+00,0.000000e+00,0.000000e+00,0.000000e+00,0.000000e+00,0.000000e+00,0.000000e+00,0.000000e+00,0.000000e+00,0.000000e+00
1.000000e+00,0.000000e+00,0.000000e+00,0.000000e+00,0.000000e+00,0.000000e+00,0.000000e+00,0.000000e+00,0.000000e+00,0.000000e+00,0.000000e+00,0.000000e+00,0.000000e+00,0.000000e+00,0.000000e+00
1.000000e+00,0.000000e+00,0.000000e+00,0.000000e+00,0.000000e+00,0.000000e+00,0.000000e+00,0.000000e+00,0.000000e+00,0.000000e+00,0.000000e+00,0.000000e+00,0.000000e+00,0.000000e+00,0.000000e+00
1.000000e+00,0.000000e+00,0.000000e+00,0.000000e+00,0.000000e+00,0.000000e+00,0.000000e+00,0.000000e+00,0.000000e+00,0.000000e+00,0.000000e+00,0.000000e+00,0.000000e+00,0.000000e+00,0.000000e+00
1.000000e+00,0.000000e+00,0.000000e+00,0.000000e+00,0.000000e+00,0.000000e+00,0.000000e+00,0.000000e+00,0.000000e+00,0.000000e+00,0.000000e+00,0.000000e+00,0.000000e+00,0.000000e+00,0.000000e+00
1.000000e+00,0.000000e+00,0.000000e+00,0.000000e+00,0.000000e+00,0.000000e+00,0.000000e+00,0.000000e+00,0.000000e+00,0.000000e+00,0.000000e+00,0.000000e+00,0.000000e+00,0.000000e+00,0.000000e+00
1.000000e+00,0.000000e+00,0.000000e+00,0.000000e+00,0.000000e+00,0.000000e+00,0.000000e+00,0.000000e+00,0.000000e+00,0.000000e+00,0.000000e+00,0.000000e+00,0.000000e+00,0.000000e+00,0.000000e+00
1.000000e+00,0.000000e+00,0.000000e+00,0.000000e+00,0.000000e+00,0.000000e+00,0.000000e+00,0.000000e+00,0.000000e+00,0.000000e+00,0.000000e+00,0.000000e+00,0.000000e+00,0.000000e+00,0.000000e+00
1.000000e+00,0.000000e+00,0.000000e+00,0.000000e+00,0.000000e+00,0.000000e+00,0.000000e+00,0.000000e+00,0.000000e+00,0.000000e+00,0.000000e+00,0.000000e+00,0.000000e+00,0.000000e+00,0.000000e+00
1.000000e+00,0.000000e+00,0.000000e+00,0.000000e+00,0.000000e+00,0.000000e+00,0.000000e+00,0.000000e+00,0.000000e+00,0.000000e+00,0.000000e+00,0.000000e+00,0.000000e+00,0.000000e+00,0.000000e+00
1.000000e+00,0.000000e+00,0.000000e+00,0.000000e+00,0.000000e+00,0.000000e+00,0.000000e+00,0.000000e+00,0.000000e+00,0.000000e+00,0.000000e+00,0.000000e+00,0.000000e+00,0.000000e+00,0.000000e+00
1.000000e+00,0.000000e+00,0.000000e+00,0.000000e+00,0.000000e+00,0.000000e+00,0.000000e+00,0.000000e+00,0.000000e+00,0.000000e+00,0.000000e+00,0.000000e+00,0.000000e+00,0.000000e+00,0.000000e+00
1.000000e+00,0.000000e+00,0.000000e+00,0.000000e+00,0.000000e+00,0.000000e+00,0.000000e+00,0.000000e+00,0.000000e+00,0.000000e+00,0.000000e+00,0.000000e+00,0.000000e+00,0.000000e+00,0.000000e+00
1.000000e+00,0.000000e+00,0.000000e+00,0.000000e+00,0.000000e+00,0.000000e+00,0.000000e+00,0.000000e+00,0.000000e+00,0.000000e+00,0.000000e+00,0.000000e+00,0.000000e+00,0.000000e+00,0.000000e+00
1.000000e+00,0.000000e+00,0.000000e+00,0.000000e+00,0.000000e+00,0.000000e+00,0.000000e+00,0.000000e+00,0.000000e+00,0.000000e+00,0.000000e+00,0.000000e+00,0.000000e+00,0.000000e+00,0.000000e+00
1.000000e+00,0.000000e+00,0.000000e+00,0.000000e+00,0.000000e+00,0.000000e+00,0.000000e+00,0.000000e+00,0.000000e+00,0.000000e+00,0.000000e+00,0.000000e+00,0.000000e+00,0.000000e+00,0.000000e+00
1.000000e+00,0.000000e+00,0.000000e+00,0.000000e+00,0.000000e+00,0.000000e+00,0.000000e+00,0.000000e+00,0.000000e+00,0.000000e+00,0.000000e+00,0.000000e+00,0.000000e+00,0.000000e+00,0.000000e+00
1.000000e+00,0.000000e+00,0.000000e+00,0.000000e+00,0.000000e+00,0.000000e+00,0.000000e+00,0.000000e+00,0.000000e+00,0.000000e+00,0.000000e+00,0.000000e+00,0.000000e+00,0.000000e+00,0.000000e+00
1.000000e+00,0.000000e+00,0.000000e+00,0.000000e+00,0.000000e+00,0.000000e+00,0.000000e+00,0.000000e+00,0.000000e+00,0.000000e+00,0.000000e+00,0.000000e+00,0.000000e+00,0.000000e+00,0.000000e+00
1.000000e+00,0.000000e+00,0.000000e+00,0.000000e+00,0.000000e+00,0.000000e+00,0.000000e+00,0.000000e+00,0.000000e+00,0.000000e+00,0.000000e+00,0.000000e+00,0.000000e+00,0.000000e+00,0.000000e+00
1.000000e+00,0.000000e+00,0.000000e+00,0.000000e+00,0.000000e+00,0.000000e+00,0.000000e+00,0.000000e+00,0.000000e+00,0.000000e+00,0.000000e+00,0.000000e+00,0.000000e+00,0.000000e+00,0.000000e+00
1.000000e+00,0.000000e+00,0.000000e+00,0.000000e+00,0.000000e+00,0.000000e+00,0.000000e+00,0.000000e+00,0.000000e+00,0.000000e+00,0.000000e+00,0.000000e+00,0.000000e+00,0.000000e+00,0.000000e+00
1.000000e+00,0.000000e+00,0.000000e+00,0.000000e+00,0.000000e+00,0.000000e+00,0.000000e+00,0.000000e+00,0.000000e+00,0.000000e+00,0.000000e+00,0.000000e+00,0.000000e+00,0.000000e+00,0.000000e+00
1.000000e+00,0.000000e+00,0.000000e+00,0.000000e+00,0.000000e+00,0.000000e+00,0.000000e+00,0.000000e+00,0.000000e+00,0.000000e+00,0.000000e+00,0.000000e+00,0.000000e+00,0.000000e+00,0.000000e+00
1.000000e+00,0.000000e+00,0.000000e+00,0.000000e+00,0.000000e+00,0.000000e+00,0.000000e+00,0.000000e+00,0.000000e+00,0.000000e+00,0.000000e+00,0.000000e+00,0.000000e+00,0.000000e+00,0.000000e+00
1.000000e+00,0.000000e+00,0.000000e+00,0.000000e+00,0.000000e+00,0.000000e+00,0.000000e+00,0.000000e+00,0.000000e+00,0.000000e+00,0.000000e+00,0.000000e+00,0.000000e+00,0.000000e+00,0.000000e+00
1.000000e+00,0.000000e+00,0.000000e+00,0.000000e+00,0.000000e+00,0.000000e+00,0.000000e+00,0.000000e+00,0.000000e+00,0.000000e+00,0.000000e+00,0.000000e+00,0.000000e+00,0.000000e+00,0.000000e+00
4.099157e-01,4.443951e-02,1.030634e-01,2.797070e-01,6.161219e-03,1.613502e-02,3.395527e-03,1.283623e-02,4.478707e-03,4.103313e-03,5.052446e-02,3.725222e-02,1.202830e-02,2.077926e-03,1.388156e-02
2.887526e-01,1.072730e-01,8.715041e-02,2.220879e-01,4.557485e-03,1.208124e-02,2.447509e-03,9.092290e-03,5.009092e-03,4.139078e-03,2.020512e-01,3.170406e-02,8.811039e-03,2.997066e-03,1.184607e-02
2.022411e-01,7.792336e-02,6.188944e-02,1.564555e-01,3.278604e-03,8.641498e-03,1.719664e-03,6.382878e-03,3.954039e-03,4.841539e-03,4.292062e-01,2.349050e-02,6.686280e-03,3.793149e-03,9.496341e-03
1.419035e-01,5.654456e-02,4.429844e-02,1.131449e-01,3.149365e-03,8.444969e-03,1.239226e-03,4.643696e-03,4.617253e-03,1.663508e-02,5.576632e-01,2.823803e-02,6.194955e-03,4.610278e-03,8.672449e-03
1.027091e-01,4.107867e-02,3.173154e-02,8.616880e-02,5.633387e-03,1.051793e-02,1.077889e-03,3.717467e-03,7.843704e-03,1.152722e-01,5.181224e-01,5.529867e-02,5.686216e-03,7.589351e-03,7.552562e-03
8.041018e-02,3.009131e-02,2.293396e-02,6.865335e-02,1.032779e-02,9.813341e-03,1.359271e-03,3.390902e-03,9.305790e-03,1.645185e-01,5.061533e-01,6.820630e-02,5.895316e-03,1.230941e-02,6.631264e-03
6.184900e-02,2.162327e-02,1.619119e-02,5.361634e-02,9.248484e-03,8.372466e-03,1.025154e-03,2.581779e-03,8.080821e-03,2.228874e-01,5.099726e-01,6.153182e-02,5.063459e-03,1.249352e-02,5.462707e-03
4.675988e-02,1.582894e-02,1.153682e-02,4.046578e-02,7.579144e-03,7.822153e-03,7.714953e-04,2.100430e-03,8.113420e-03,2.317987e-01,5.376328e-01,6.392973e-02,4.222448e-03,1.663103e-02,4.807292e-03
3.528760e-02,1.134410e-02,8.231762e-03,2.948251e-02,6.754268e-03,6.847451e-03,5.926935e-04,1.696958e-03,7.093207e-03,2.728704e-01,5.339416e-01,6.054166e-02,3.441030e-03,1.785574e-02,4.018937e-03
2.793376e-02,1.390032e-02,7.413752e-03,2.124598e-02,6.265626e-03,5.455971e-03,4.486134e-04,1.545556e-03,1.075792e-02,3.426640e-01,4.224485e-01,8.428593e-02,3.166608e-03,4.826070e-02,4.206627e-03
2.144967e-02,1.236389e-02,6.752495e-03,1.547275e-02,7.435228e-03,4.525095e-03,3.996604e-04,1.450142e-03,1.376175e-02,3.528968e-01,3.796027e-01,1.089817e-01,3.040791e-03,6.673561e-02,5.131698e-03
1.562339e-02,1.070843e-02,5.646005e-03,1.110709e-02,7.804069e-03,3.715080e-03,4.659882e-04,1.580955e-03,2.154565e-02,3.972525e-01,3.282837e-01,1.242291e-01,2.922697e-03,6.350371e-02,5.611488e-03
1.205785e-02,9.877089e-03,6.547576e-03,8.224386e-03,1.287248e-02,3.325450e-03,5.859202e-04,2.432932e-03,3.179805e-02,3.588851e-01,3.614325e-01,1.217661e-01,2.713893e-03,5.963248e-02,7.848115e-03
1.056252e-02,5.782695e-02,1.150372e-02,6.071499e-03,1.182545e-02,3.894772e-03,7.456323e-04,8.079003e-03,5.497129e-02,3.194659e-01,3.082223e-01,1.363427e-01,2.265467e-03,6.119456e-02,7.028205e-03
8.821499e-03,4.508627e-02,2.525584e-02,5.948520e-03,1.404762e-02,3.201038e-03,1.895648e-03,1.772277e-01,8.520257e-02,2.282117e-01,2.340855e-01,1.187149e-01,2.087496e-03,4.520999e-02,5.003687e-03
6.672689e-03,4.944493e-02,1.968148e-02,4.303996e-03,1.574489e-02,5.086277e-03,1.488722e-03,1.275442e-01,3.147402e-01,1.609347e-01,1.711302e-01,8.526298e-02,1.512533e-03,3.290708e-02,3.545073e-03
5.463770e-03,4.454570e-02,1.602966e-02,3.723389e-03,2.408817e-02,8.173803e-03,1.126476e-03,8.993120e-02,4.817856e-01,1.131990e-01,1.247819e-01,6.012259e-02,1.178356e-03,2.326964e-02,2.580787e-03
8.622568e-03,4.227588e-02,1.961238e-02,5.000183e-03,5.407101e-02,1.378664e-02,9.766166e-04,6.596892e-02,5.426223e-01,8.333941e-02,9.788151e-02,4.294019e-02,1.565296e-03,1.877483e-02,2.562247e-03
1.317813e-02,4.968539e-02,2.469435e-02,5.828598e-03,6.930508e-02,1.669295e-02,1.099739e-03,5.458504e-02,5.688132e-01,6.180096e-02,8.073096e-02,3.171322e-02,2.745253e-03,1.623076e-02,2.896340e-03
1.422710e-02,4.194895e-02,2.267977e-02,4.742569e-03,7.229855e-02,1.369197e-02,9.740284e-04,6.436604e-02,6.111616e-01,4.567527e-02,6.534211e-02,2.460214e-02,2.537871e-03,1.354525e-02,2.206821e-03
1.405736e-02,3.527037e-02,1.767951e-02,3.659438e-03,6.583605e-02,1.142487e-02,8.501044e-04,6.243260e-02,6.636350e-01,3.797166e-02,5.135515e-02,1.827798e-02,2.084050e-03,1.382219e-02,1.643681e-03
3.170060e-02,3.682944e-02,1.617867e-02,4.434024e-03,5.763526e-02,1.089868e-02,7.314354e-04,7.004714e-02,6.408242e-01,5.099044e-02,4.446320e-02,1.446119e-02,1.667194e-03,1.749654e-02,1.642009e-03
5.137403e-02,4.291867e-02,1.348136e-02,4.502918e-03,5.593858e-02,8.594755e-03,7.490893e-04,8.074957e-02,5.836993e-01,7.971752e-02,3.625446e-02,1.165868e-02,1.349030e-03,2.715574e-02,1.856296e-03
6.802016e-02,5.689695e-02,2.264423e-02,7.321086e-02,7.197139e-02,1.071357e-02,1.174536e-03,6.844799e-02,4.859959e-01,6.204751e-02,2.917328e-02,2.048242e-02,2.604626e-03,1.970688e-02,6.909672e-03
4.770838e-02,5.705249e-02,3.204205e-02,2.496421e-01,5.166342e-02,7.884880e-03,8.439206e-04,4.795444e-02,3.403869e-01,4.465054e-02,4.720034e-02,2.067559e-02,3.346307e-02,1.386017e-02,4.971765e-03
3.370381e-02,4.589425e-02,2.547901e-02,2.061797e-01,3.677689e-02,5.909222e-03,6.081236e-04,3.363658e-02,2.392294e-01,3.443966e-02,1.381136e-01,4.350121e-02,1.421801e-01,1.021732e-02,4.131206e-03
2.379761e-02,3.256413e-02,1.942374e-02,1.452647e-01,2.601350e-02,4.217909e-03,4.532200e-04,2.366286e-02,1.675782e-01,2.506882e-02,1.419918e-01,5.301891e-02,3.221412e-01,8.727944e-03,6.075394e-03
1.703268e-02,2.377053e-02,1.639223e-02,1.137414e-01,2.708752e-02,3.484744e-03,7.091383e-04,1.695734e-02,1.237663e-01,2.075094e-02,1.092691e-01,6.916390e-02,4.416448e-01,8.820097e-03,7.409324e-03
1.199982e-02,1.744488e-02,1.300543e-02,8.071169e-02,4.987548e-02,3.221590e-03,1.181794e-03,1.228917e-02,9.339414e-02,3.009117e-02,1.047417e-01,6.460813e-02,4.933873e-01,1.242144e-02,1.162636e-02
8.480472e-03,1.230361e-02,1.315908e-02,5.706651e-02,5.942236e-02,3.388846e-03,4.662362e-02,4.919113e-02,7.010250e-02,8.391061e-02,9.790184e-02,4.685337e-02,4.146920e-01,1.796930e-02,1.893473e-02
6.179860e-03,9.105458e-03,2.547605e-02,4.550242e-02,5.318899e-02,4.904127e-03,5.239693e-02,9.923317e-02,5.546892e-02,1.679141e-01,8.437867e-02,3.404939e-02,3.098066e-01,1.785339e-02,3.454192e-02
4.658079e-03,7.438404e-03,4.076709e-02,5.989194e-02,4.499754e-02,4.336847e-03,4.409733e-02,1.864783e-01,1.256941e-01,1.240929e-01,6.287330e-02,2.666051e-02,2.242614e-01,1.589235e-02,2.785998e-02
5.081893e-03,1.409900e-02,4.077996e-02,6.196627e-02,3.422152e-02,3.994555e-03,3.191631e-02,1.483808e-01,2.468559e-01,1.048332e-01,5.000542e-02,2.151692e-02,1.632577e-01,1.525054e-02,5.784007e-02
5.160940e-03,2.318779e-02,3.503764e-02,4.840655e-02,2.844195e-02,5.882076e-03,2.552865e-02,1.203858e-01,2.815533e-01,8.455065e-02,4.321083e-02,1.868364e-02,1.418231e-01,1.225798e-02,1.258892e-01
4.017181e-03,2.740660e-02,2.948808e-02,5.197465e-02,2.076261e-02,4.391751e-03,1.795406e-02,8.591385e-02,4.494231e-01,6.002446e-02,3.150585e-02,1.520480e-02,1.024195e-01,8.848404e-03,9.066511e-02
3.635714e-03,2.262842e-02,2.130455e-02,3.815547e-02,1.523423e-02,4.471226e-03,1.261685e-02,6.219126e-02,5.490831e-01,4.803364e-02,2.854382e-02,1.117955e-02,7.752915e-02,8.137958e-03,9.725510e-02
1.309990e-02,2.265076e-02,1.570908e-02,2.976520e-02,1.460734e-02,7.557495e-03,9.110637e-03,4.572000e-02,5.755555e-01,4.019778e-02,2.520036e-02,9.013565e-03,7.497879e-02,6.813481e-03,1.100201e-01
1.027172e-02,3.000484e-02,2.080970e-02,4.164426e-02,1.067813e-02,5.732840e-03,6.411301e-03,3.252051e-02,6.126912e-01,3.700774e-02,1.997975e-02,7.360577e-03,5.515606e-02,8.804070e-03,1.009273e-01
1.039712e-02,2.990692e-02,1.607399e-02,2.974203e-02,7.772282e-03,4.428840e-03,4.548263e-03,2.354993e-02,5.495012e-01,4.073473e-02,2.149528e-02,6.355792e-03,4.438906e-02,6.456573e-02,1.465388e-01
1.720663e-02,3.116332e-02,1.716005e-02,2.328506e-02,7.053159e-03,4.673170e-03,3.486344e-03,1.954766e-02,4.548864e-01,6.310748e-02,1.934688e-02,6.129813e-03,3.643187e-02,8.155870e-02,2.149635e-01
1.965825e-02,3.043459e-02,2.710829e-02,1.974031e-02,1.007647e-02,4.784392e-03,2.713764e-03,2.255756e-02,3.950698e-01,5.846268e-02,2.281127e-02,5.583826e-03,3.424213e-02,7.430370e-02,2.724530e-01
6.002430e-02,4.829242e-02,4.980836e-02,2.010759e-02,5.749905e-02,3.422683e-02,8.820370e-03,2.384609e-02,2.929610e-01,4.284220e-02,1.755730e-02,4.602405e-03,6.425040e-02,5.546356e-02,2.196981e-01
7.502010e-02,7.564420e-02,5.416171e-02,2.743643e-02,7.475782e-02,5.634209e-02,1.834636e-02,3.646348e-02,2.278808e-01,3.317546e-02,1.351293e-02,3.901081e-03,7.937265e-02,4.188722e-02,1.820976e-01
7.222059e-02,6.116804e-02,5.724613e-02,3.274558e-02,1.067280e-01,5.948752e-02,3.937212e-02,1.302291e-01,1.759225e-01,2.370785e-02,1.094007e-02,3.061093e-03,5.976402e-02,3.079348e-02,1.366139e-01
1.018782e-01,4.795691e-02,4.955938e-02,2.817049e-02,9.157068e-02,4.799516e-02,3.198352e-02,2.685232e-01,1.323088e-01,1.705324e-02,9.694884e-03,2.659307e-03,4.825091e-02,2.271167e-02,9.968358e-02
9.516700e-02,3.918715e-02,3.815220e-02,2.233766e-02,7.403451e-02,3.630260e-02,2.584624e-02,4.163210e-01,9.965747e-02,1.249327e-02,1.035565e-02,2.546075e-03,3.631433e-02,1.655358e-02,7.473125e-02
9.830733e-02,3.778111e-02,3.602326e-02,3.336512e-02,8.370411e-02,7.456985e-02,2.477974e-02,3.816996e-01,7.760520e-02,1.170499e-02,1.523348e-02,1.583543e-02,3.455205e-02,1.254290e-02,6.229581e-02
7.939301e-02,2.923053e-02,2.876119e-02,3.184925e-02,6.764510e-02,5.864031e-02,2.345500e-02,2.927571e-01,5.929256e-02,1.377552e-02,4.066657e-02,3.582378e-02,1.773305e-01,9.515284e-03,5.186432e-02
6.361105e-02,2.124694e-02,2.323421e-02,2.849398e-02,5.044791e-02,4.364777e-02,1.741279e-02,2.158239e-01,4.389520e-02,1.997272e-02,1.366906e-01,3.422732e-02,2.314554e-01,7.328598e-03,6.251169e-02
1.020871e-01,2.295204e-02,2.872392e-02,6.235849e-02,6.620818e-02,3.357005e-02,1.559636e-02,1.579221e-01,6.586955e-02,1.939696e-02,1.225772e-01,3.067306e-02,2.135134e-01,7.569789e-03,5.098180e-02
9.008848e-02,1.887143e-02,2.438854e-02,6.200829e-02,6.075156e-02,2.641319e-02,1.391383e-02,1.137910e-01,6.417133e-02,2.801311e-02,1.196578e-01,2.554476e-02,2.152463e-01,7.893093e-03,1.292472e-01
7.473920e-02,1.595659e-02,2.243836e-02,4.698776e-02,4.918991e-02,2.426964e-02,1.040503e-02,8.073735e-02,5.273721e-02,3.487964e-02,9.325848e-02,2.010330e-02,1.688222e-01,1.094992e-02,2.945254e-01
7.309542e-02,1.549729e-02,2.545869e-02,4.677190e-02,4.228666e-02,2.774573e-02,1.125984e-02,5.880220e-02,4.671985e-02,6.692673e-02,7.933674e-02,2.472637e-02,1.472910e-01,1.103032e-02,3.230512e-01
6.294783e-02,1.310717e-02,2.061306e-02,3.679641e-02,3.302572e-02,2.222259e-02,9.466980e-03,4.513857e-02,3.979674e-02,7.321783e-02,6.492773e-02,2.021191e-02,1.169308e-01,1.173113e-02,4.298655e-01
1.573246e-01,2.123945e-02,1.878772e-02,5.639201e-02,3.584177e-02,2.378119e-02,9.160999e-03,3.415222e-02,4.586759e-02,5.744743e-02,5.810051e-02,3.126055e-02,1.058421e-01,1.336057e-02,3.314412e-01
2.385283e-01,2.032232e-02,1.726890e-02,5.929884e-02,3.870278e-02,2.421874e-02,8.550851e-03,2.577405e-02,4.132082e-02,4.801273e-02,7.012096e-02,3.663199e-02,9.061061e-02,1.994098e-02,2.606972e-01
2.090892e-01,1.574225e-02,1.925201e-02,5.318515e-02,4.179885e-02,1.972703e-02,1.087100e-02,4.570331e-02,3.676962e-02,4.234945e-02,7.875196e-02,3.565182e-02,1.015601e-01,1.875857e-02,2.707896e-01
2.525882e-01,1.443560e-02,2.544413e-02,7.164212e-02,4.359059e-02,2.410740e-02,1.402209e-02,4.371176e-02,3.728773e-02,3.785599e-02,7.415326e-02,3.995200e-02,8.909856e-02,1.552841e-02,2.165822e-01
2.413436e-01,1.594451e-02,2.666457e-02,8.979946e-02,8.435602e-02,2.820974e-02,2.909980e-02,3.199165e-02,5.347450e-02,2.960281e-02,7.327348e-02,3.628736e-02,7.073713e-02,1.362815e-02,1.755872e-01
2.587384e-01,1.902412e-02,1.998635e-02,9.515540e-02,1.056708e-01,4.398124e-02,3.061356e-02,2.513951e-02,6.085399e-02,2.652810e-02,6.325803e-02,4.973448e-02,5.801564e-02,1.093275e-02,1.323677e-01
2.605492e-01,1.680169e-02,1.474876e-02,8.279166e-02,1.326856e-01,4.804398e-02,2.347298e-02,1.921741e-02,9.219205e-02,3.326467e-02,6.741606e-02,4.715801e-02,4.843942e-02,1.034825e-02,1.028703e-01
2.312230e-01,1.875152e-02,1.723295e-02,6.988686e-02,1.099668e-01,4.468562e-02,1.834461e-02,1.560814e-02,1.353288e-01,4.929437e-02,6.728613e-02,6.539343e-02,5.295153e-02,1.049315e-02,9.355312e-02
1.778168e-01,3.829727e-02,1.620027e-02,7.418772e-02,8.758762e-02,3.716727e-02,1.455343e-02,1.357718e-02,2.251734e-01,4.848004e-02,5.738847e-02,5.365047e-02,6.275274e-02,1.005105e-02,8.311622e-02
1.634806e-01,3.786290e-02,1.307221e-02,5.819241e-02,6.651877e-02,2.939824e-02,1.084321e-02,1.065016e-02,3.074052e-01,5.071354e-02,4.553568e-02,4.133370e-02,5.661260e-02,1.016401e-02,9.821680e-02
1.298629e-01,3.264172e-02,1.013158e-02,4.673019e-02,4.836180e-02,2.280713e-02,7.796310e-03,8.273203e-03,4.404458e-01,4.082730e-02,3.507311e-02,3.106190e-02,4.720441e-02,8.972300e-03,8.981046e-02
1.034196e-01,3.461992e-02,7.338713e-03,3.586892e-02,3.884888e-02,1.858661e-02,5.741297e-03,6.030970e-03,5.450791e-01,3.211232e-02,2.779152e-02,2.401816e-02,4.239009e-02,7.904164e-03,7.024977e-02
1.250346e-01,6.182446e-02,5.813339e-03,4.359886e-02,3.980548e-02,1.655711e-02,4.693807e-03,5.462562e-03,5.053445e-01,2.558679e-02,2.293184e-02,2.204079e-02,5.530318e-02,7.252920e-03,5.874985e-02
1.512905e-01,6.157692e-02,4.685227e-03,4.792871e-02,3.597835e-02,2.091913e-02,3.775174e-03,4.423884e-03,4.405164e-01,1.962844e-02,2.274776e-02,1.958109e-02,6.206559e-02,8.817561e-03,9.606528e-02
1.327848e-01,4.690381e-02,4.605673e-03,5.570133e-02,3.569037e-02,2.471785e-02,3.708035e-03,3.630866e-03,3.518577e-01,1.894311e-02,4.191321e-02,2.195709e-02,1.136865e-01,9.051621e-03,1.348480e-01
9.784567e-02,3.334473e-02,3.991350e-03,4.235691e-02,2.819330e-02,2.772406e-02,2.903417e-03,2.946549e-03,2.493633e-01,1.620409e-02,6.078904e-02,2.272199e-02,2.161168e-01,9.187546e-03,1.863112e-01
7.685892e-02,2.407536e-02,3.141120e-03,3.534321e-02,2.451723e-02,2.973823e-02,2.597756e-03,2.484174e-03,1.880129e-01,1.710197e-02,1.075135e-01,3.131077e-02,2.361543e-01,3.507395e-02,1.860767e-01
5.752072e-02,1.748054e-02,2.342700e-03,2.829651e-02,2.058121e-02,2.512021e-02,2.306368e-03,2.391281e-03,1.401199e-01,1.920074e-02,2.193685e-01,3.510109e-02,2.054699e-01,3.855046e-02,1.861499e-01
4.133815e-02,1.345645e-02,2.139808e-03,2.357921e-02,2.043308e-02,2.011015e-02,2.061250e-03,2.710758e-03,1.584283e-01,2.310501e-02,2.643596e-01,3.096984e-02,1.757606e-01,3.967682e-02,1.818710e-01
2.937554e-02,1.230387e-02,2.550067e-03,1.747832e-02,2.596122e-02,1.437126e-02,1.797001e-03,2.157161e-03,1.898934e-01,2.420535e-02,2.833569e-01,2.621372e-02,1.534914e-01,4.572383e-02,1.711209e-01
2.101825e-02,1.104805e-02,2.914728e-03,1.525832e-02,2.215644e-02,1.137029e-02,1.462376e-03,2.954076e-03,2.595108e-01,2.506076e-02,2.454927e-01,1.967448e-02,1.257028e-01,4.272845e-02,1.936476e-01
1.685916e-02,1.239790e-02,3.119618e-03,1.314359e-02,1.826165e-02,8.823360e-03,1.130022e-03,2.695993e-03,3.126527e-01,2.945830e-02,2.125905e-01,1.504397e-02,9.496550e-02,4.687259e-02,2.119852e-01
1.249352e-02,9.820466e-03,3.014596e-03,1.603668e-02,1.321267e-02,6.638468e-03,8.184542e-04,2.027465e-03,4.886977e-01,2.301300e-02,1.551436e-01,1.083444e-02,6.791266e-02,3.414499e-02,1.561912e-01
2.066080e-02,8.523926e-03,3.454661e-03,1.285887e-02,1.426011e-02,5.710539e-03,6.391512e-04,1.601553e-03,4.914984e-01,1.908591e-02,1.701535e-01,8.389428e-03,5.498488e-02,7.021922e-02,1.179591e-01
2.651200e-02,8.660343e-03,1.005127e-02,1.018075e-02,1.096399e-02,8.903254e-03,5.229030e-04,1.675599e-03,4.154578e-01,1.662201e-02,2.550911e-01,8.039143e-03,4.434258e-02,9.574726e-02,8.722993e-02
2.364035e-02,7.644629e-03,2.217085e-02,1.179359e-02,1.104216e-02,7.625814e-03,4.619790e-04,2.043514e-03,5.166547e-01,1.503291e-02,1.933914e-01,9.138931e-03,3.931647e-02,7.445373e-02,6.558896e-02
4.002386e-02,7.288436e-03,8.891419e-02,1.469218e-02,1.223716e-02,6.674971e-03,5.980171e-04,8.726182e-03,4.124928e-01,1.347819e-02,2.289767e-01,1.390474e-02,3.645860e-02,6.773489e-02,4.779901e-02
3.869843e-02,1.125916e-02,1.033689e-01,2.068054e-02,2.658554e-02,1.068946e-02,8.099848e-04,1.338737e-02,3.447561e-01,5.484829e-02,2.085739e-01,1.910656e-02,3.385665e-02,7.057909e-02,4.279998e-02
3.404994e-02,1.527813e-02,1.840962e-01,8.243732e-02,3.073442e-02,9.216918e-03,9.063974e-04,1.619371e-02,2.831323e-01,4.316467e-02,1.592273e-01,1.738186e-02,3.252934e-02,5.596139e-02,3.569002e-02
5.094694e-02,1.565311e-02,1.832177e-01,1.035230e-01,5.943014e-02,1.075777e-02,1.118700e-03,3.826025e-02,2.274248e-01,4.014594e-02,1.353079e-01,1.495474e-02,2.757675e-02,6.041141e-02,3.127073e-02
5.536439e-02,1.894087e-02,1.660038e-01,9.473011e-02,6.760121e-02,9.152822e-03,1.239620e-03,7.451004e-02,2.061430e-01,3.503119e-02,1.026064e-01,1.180193e-02,2.308145e-02,6.451802e-02,6.927513e-02
5.896982e-02,2.166719e-02,1.482559e-01,8.263731e-02,7.619792e-02,8.708872e-03,1.478141e-03,8.810945e-02,2.094076e-01,3.328118e-02,7.957706e-02,9.889448e-03,1.903005e-02,1.032307e-01,5.955940e-02
6.186447e-02,2.968635e-02,1.195200e-01,6.164728e-02,6.887358e-02,9.156990e-03,2.013891e-03,1.170340e-01,1.858817e-01,3.562077e-02,6.934652e-02,1.236986e-02,2.741317e-02,1.075945e-01,9.197688e-02
6.088228e-02,3.201242e-02,9.328793e-02,4.683715e-02,1.218459e-01,1.083851e-02,2.613666e-03,1.190920e-01,1.488728e-01,3.893851e-02,5.189151e-02,1.127646e-02,2.722537e-02,1.153305e-01,1.190550e-01
7.062422e-02,3.250635e-02,7.495800e-02,3.944863e-02,1.334820e-01,1.657011e-02,3.012353e-03,1.602495e-01,1.172551e-01,5.765088e-02,3.934338e-02,1.168115e-02,3.086020e-02,9.801722e-02,1.143409e-01
8.409546e-02,3.210921e-02,6.005227e-02,3.228902e-02,1.291580e-01,1.469442e-02,4.351529e-03,2.030496e-01,9.823139e-02,5.284751e-02,3.190846e-02,1.412780e-02,3.554917e-02,8.653516e-02,1.210009e-01
1.085937e-01,3.578648e-02,4.648972e-02,2.603055e-02,1.112502e-01,1.750986e-02,6.351999e-03,1.714787e-01,8.490110e-02,6.599413e-02,2.712774e-02,2.459302e-02,7.884626e-02,7.441068e-02,1.206359e-01
1.122368e-01,7.719647e-02,3.833544e-02,2.078992e-02,1.084907e-01,1.680771e-02,5.099239e-03,1.271694e-01,8.293957e-02,5.439606e-02,2.130638e-02,1.944783e-02,9.632751e-02,6.221825e-02,1.572388e-01
1.398163e-01,7.565801e-02,3.970708e-02,1.806038e-02,1.247879e-01,1.470385e-02,4.600173e-03,9.777857e-02,8.517828e-02,4.721023e-02,1.707000e-02,1.611946e-02,8.069706e-02,4.930882e-02,1.893038e-01
1.910946e-01,6.729326e-02,3.263965e-02,1.626031e-02,1.057285e-01,1.410880e-02,5.312493e-03,8.403797e-02,9.874295e-02,4.160133e-02,1.471816e-02,1.768505e-02,9.777301e-02,3.820545e-02,1.747985e-01
2.073795e-01,5.644266e-02,2.548392e-02,2.315714e-02,8.328523e-02,1.641038e-02,5.619690e-03,6.209211e-02,9.758864e-02,3.491103e-02,2.361413e-02,5.923896e-02,1.352744e-01,3.171088e-02,1.377912e-01
2.845467e-01,4.938573e-02,1.898270e-02,3.210080e-02,6.817272e-02,2.015619e-02,5.271133e-03,4.626324e-02,8.925965e-02,3.095601e-02,2.354257e-02,5.976665e-02,1.365942e-01,2.454407e-02,1.104576e-01
2.991571e-01,4.156124e-02,1.442020e-02,3.861120e-02,5.459068e-02,2.033298e-02,4.936951e-03,3.520568e-02,8.627363e-02,2.586799e-02,2.440717e-02,5.776262e-02,1.854707e-01,1.880126e-02,9.260065e-02
2.142698e-01,4.505819e-02,1.210341e-02,4.551688e-02,4.059268e-02,1.751162e-02,3.870857e-03,2.888169e-02,1.724112e-01,3.099644e-02,2.570173e-02,5.107117e-02,2.124867e-01,1.513981e-02,8.438787e-02
1.594289e-01,6.155785e-02,1.156133e-02,4.421224e-02,3.103955e-02,1.796370e-02,3.360161e-03,3.305647e-02,2.353464e-01,3.335943e-02,2.308407e-02,4.546017e-02,2.139790e-01,1.154673e-02,7.504404e-02
1.867785e-01,6.022879e-02,1.056629e-02,4.269681e-02,2.341193e-02,1.684992e-02,2.924477e-03,3.008273e-02,2.531382e-01,2.875842e-02,2.084992e-02,3.859930e-02,2.043605e-01,9.099478e-03,7.165478e-02
2.859836e-01,4.993248e-02,1.014232e-02,3.732372e-02,2.197097e-02,1.567983e-02,2.944218e-03,2.859363e-02,2.204624e-01,2.358942e-02,1.845843e-02,3.309946e-02,1.803144e-01,7.611742e-03,6.389333e-02
3.517077e-01,4.129625e-02,9.080704e-03,3.444600e-02,2.059279e-02,1.447041e-02,2.908727e-03,3.334729e-02,1.938086e-01,2.018185e-02,1.498845e-02,2.764116e-02,1.641566e-01,6.453553e-03,6.491996e-02
3.589455e-01,3.605174e-02,8.145954e-03,3.213785e-02,2.262430e-02,1.520243e-02,3.394532e-03,6.299791e-02,2.133384e-01,1.563084e-02,1.296263e-02,2.516543e-02,1.342633e-01,5.385952e-03,5.375335e-02
2.829236e-01,6.499703e-02,1.132788e-02,1.426200e-01,2.116643e-02,1.417137e-02,2.923316e-03,4.795136e-02,2.037649e-01,1.235152e-02,1.207781e-02,2.144209e-02,9.990186e-02,4.002002e-03,5.837873e-02
2.025302e-01,5.740392e-02,1.366230e-02,1.417030e-01,1.857426e-02,1.189446e-02,2.239647e-03,3.392787e-02,1.832032e-01,1.852743e-02,1.808397e-02,1.756840e-02,8.071855e-02,5.625820e-03,1.943370e-01
1.723225e-01,5.304673e-02,1.160649e-02,1.353434e-01,1.744609e-02,1.158494e-02,1.978229e-03,2.489526e-02,2.695166e-01,1.505776e-02,2.102656e-02,1.915771e-02,6.925537e-02,5.587009e-03,1.721753e-01
1.279739e-01,4.547521e-02,1.271672e-02,1.234855e-01,1.457785e-02,9.691312e-03,1.579860e-03,1.844949e-02,2.877040e-01,1.476183e-02,4.156256e-02,2.397730e-02,8.512105e-02,1.317265e-02,1.797508e-01
1.279590e-01,3.209190e-02,9.483011e-03,9.307736e-02,3.305426e-02,8.038901e-03,1.852317e-03,1.485522e-02,2.213304e-01,1.109523e-02,1.124598e-01,2.822655e-02,1.643588e-01,1.134422e-02,1.307730e-01
1.270140e-01,2.261186e-02,6.936886e-03,6.654360e-02,4.766377e-02,6.574880e-03,1.748707e-03,1.659931e-02,1.741525e-01,8.217219e-03,1.320247e-01,2.640217e-02,2.603204e-01,9.358585e-03,9.383142e-02
1.066648e-01,2.439471e-02,1.062635e-02,9.224848e-02,4.166012e-02,5.649840e-03,1.337407e-03,1.240379e-02,2.356599e-01,8.426768e-03,1.038892e-01,2.062703e-02,2.278551e-01,9.052448e-03,9.950411e-02
1.555117e-01,1.945747e-02,8.612961e-03,7.271203e-02,5.443981e-02,9.578303e-03,1.417261e-03,1.164279e-02,1.914918e-01,6.965111e-03,9.412553e-02,1.736988e-02,2.695355e-01,9.074941e-03,7.806491e-02
1.172001e-01,1.491095e-02,6.797732e-03,5.415187e-02,7.657803e-02,9.285404e-03,1.647500e-03,8.685946e-03,1.445878e-01,5.347106e-03,1.243551e-01,1.930036e-02,3.504732e-01,6.819865e-03,5.985898e-02
9.033685e-02,1.708396e-02,2.820999e-02,5.051312e-02,1.262959e-01,8.851776e-03,3.125309e-03,7.332270e-03,1.273915e-01,5.293344e-03,9.183674e-02,2.499372e-02,3.661118e-01,5.650698e-03,4.697304e-02
8.017632e-02,1.569815e-02,2.270510e-02,3.762401e-02,1.053006e-01,1.036788e-02,3.579276e-03,6.316182e-03,1.045007e-01,5.047086e-03,6.917086e-02,3.851583e-02,4.584986e-01,4.894898e-03,3.760457e-02
6.631221e-02,1.917413e-02,3.376554e-02,2.794632e-02,1.344136e-01,1.085718e-02,4.262859e-03,5.422487e-03,9.158864e-02,4.354784e-03,6.797342e-02,3.093041e-02,4.673600e-01,3.600831e-03,3.203753e-02
5.701657e-02,2.440237e-02,6.381920e-02,2.028934e-02,2.037856e-01,1.204672e-02,5.907215e-03,4.661069e-03,9.568121e-02,3.344125e-03,5.972169e-02,2.407659e-02,3.953135e-01,2.611204e-03,2.732361e-02
4.188155e-02,1.966786e-02,2.092520e-01,1.957643e-02,2.481447e-01,9.672349e-03,9.956943e-03,4.172556e-03,7.247378e-02,2.435856e-03,4.222377e-02,1.701760e-02,2.813797e-01,1.841831e-03,2.030307e-02
3.474591e-02,1.751895e-02,3.321286e-01,2.494511e-02,2.271144e-01,9.054856e-03,8.991934e-03,4.831697e-03,7.978015e-02,2.424144e-03,2.994888e-02,1.228209e-02,1.991830e-01,1.331185e-03,1.571910e-02
3.866960e-02,1.706642e-02,3.143346e-01,1.945419e-02,3.032631e-01,9.913229e-03,1.978360e-02,4.563910e-03,7.880645e-02,1.780245e-03,2.128056e-02,8.862419e-03,1.450364e-01,9.984340e-04,1.618690e-02
4.173285e-02,2.488856e-02,2.839244e-01,8.019253e-02,3.245112e-01,1.152896e-02,1.936693e-02,7.590220e-03,6.496961e-02,1.704062e-03,1.541501e-02,7.382080e-03,1.033037e-01,8.242510e-04,1.266564e-02
3.792078e-02,3.219093e-02,2.616723e-01,2.244711e-01,2.600128e-01,1.003336e-02,1.430418e-02,7.080408e-03,4.788552e-02,2.691262e-03,1.153337e-02,5.975810e-03,7.343915e-02,6.397687e-04,1.014934e-02
2.731388e-02,2.463339e-02,2.049976e-01,3.585413e-01,1.898524e-01,7.924414e-03,1.043822e-02,5.277935e-03,3.548225e-02,3.020560e-03,4.698598e-02,8.014984e-03,6.888932e-02,5.796427e-04,8.048139e-03
1.920615e-02,1.731381e-02,1.441894e-01,2.660613e-01,1.339808e-01,5.920900e-03,7.360635e-03,3.809267e-03,2.512929e-02,6.681731e-03,2.213016e-01,1.223162e-02,1.304911e-01,5.130753e-04,5.809382e-03
1.540930e-02,1.246118e-02,1.022963e-01,2.089761e-01,9.807838e-02,5.541501e-03,5.301009e-03,3.659998e-03,2.227582e-02,6.995587e-03,2.740572e-01,4.210404e-02,1.969555e-01,1.323421e-03,4.564726e-03
1.217109e-02,9.048163e-03,7.193632e-02,1.524663e-01,7.336868e-02,5.252063e-03,3.796387e-03,2.930847e-03,3.147184e-02,1.128808e-02,2.431710e-01,1.914791e-01,1.784564e-01,9.565697e-03,3.598113e-03
9.968879e-03,7.247374e-03,5.137031e-02,1.215072e-01,5.590336e-02,4.814838e-03,2.727737e-03,2.234026e-03,4.259455e-02,3.551897e-02,2.601901e-01,2.568534e-01,1.358855e-01,9.851583e-03,3.332302e-03
9.601662e-03,6.300261e-03,3.673239e-02,9.106442e-02,9.037036e-02,4.080279e-03,2.032630e-03,2.499046e-03,4.320538e-02,4.297234e-02,2.653188e-01,2.754302e-01,1.142244e-01,1.320647e-02,2.961327e-03
8.555200e-03,1.453415e-02,2.641266e-02,6.519603e-02,7.614493e-02,3.439905e-03,1.455748e-03,2.233842e-03,4.081007e-02,4.003637e-02,2.433122e-01,3.678771e-01,9.066299e-02,1.690825e-02,2.420547e-03
1.191110e-02,1.602020e-02,1.948090e-02,4.973097e-02,7.087725e-02,4.326510e-03,1.114539e-03,2.775299e-03,3.459628e-02,3.524384e-02,3.099533e-01,3.514344e-01,6.988993e-02,2.021978e-02,2.425628e-03
3.723416e-02,2.846976e-02,1.653464e-02,4.243258e-02,1.049012e-01,7.850818e-03,1.165604e-03,7.759553e-03,3.240397e-02,2.897782e-02,3.201337e-01,2.942298e-01,5.327511e-02,2.200107e-02,2.630286e-03
6.266239e-02,3.683405e-02,1.338483e-02,3.776473e-02,1.322796e-01,7.883048e-03,1.703896e-03,1.037280e-02,2.990954e-02,2.386174e-02,3.117679e-01,2.557564e-01,4.150425e-02,3.121863e-02,3.096168e-03
6.258522e-02,3.448900e-02,1.183249e-02,2.923044e-02,1.079806e-01,1.185039e-02,2.214981e-03,1.096310e-02,2.462116e-02,3.490055e-02,2.813632e-01,3.014927e-01,3.289957e-02,5.045346e-02,3.123059e-03
4.977231e-02,3.202571e-02,1.730478e-02,2.229168e-02,9.849399e-02,1.209394e-02,2.194720e-03,9.593383e-03,2.022103e-02,3.722115e-02,2.915068e-01,3.322190e-01,2.422322e-02,4.384929e-02,6.988908e-03
4.196493e-02,3.196428e-02,9.661372e-02,1.950400e-02,7.621239e-02,1.314984e-02,2.378863e-03,1.684791e-02,1.586813e-02,3.256947e-02,2.404879e-01,3.536751e-01,1.844931e-02,3.488294e-02,5.431202e-03
4.585224e-02,3.238086e-02,1.482097e-01,1.548514e-02,6.106298e-02,1.322185e-02,2.758306e-03,2.084091e-02,1.587723e-02,3.278840e-02,2.382388e-01,3.197323e-01,1.377127e-02,3.294627e-02,6.833723e-03
4.175900e-02,3.367840e-02,1.328219e-01,1.265328e-02,4.561547e-02,1.088983e-02,2.319134e-03,2.057435e-02,1.513510e-02,2.958817e-02,3.063592e-01,2.906980e-01,1.012696e-02,4.103161e-02,6.749598e-03
3.732406e-02,3.075811e-02,1.433994e-01,9.793139e-03,3.611951e-02,9.082622e-03,2.556089e-03,2.081829e-02,1.560382e-02,3.663626e-02,3.001009e-01,3.053517e-01,7.267267e-03,3.736243e-02,7.826340e-03
5.509322e-02,2.673666e-02,1.632912e-01,9.207157e-03,3.021916e-02,8.259777e-03,2.403602e-03,1.822191e-02,1.898251e-02,5.223664e-02,3.152417e-01,2.370709e-01,5.290307e-03,3.422786e-02,2.351737e-02
9.533812e-02,3.203746e-02,1.904855e-01,8.861035e-03,2.871139e-02,6.608359e-03,1.776206e-03,1.420161e-02,1.886398e-02,4.977836e-02,3.219608e-01,1.720169e-01,3.868724e-03,2.644535e-02,2.904621e-02
1.531345e-01,3.663297e-02,2.223489e-01,2.308033e-02,2.468781e-02,1.158172e-02,1.559304e-03,1.183664e-02,1.569903e-02,4.187729e-02,2.636985e-01,1.263702e-01,3.072235e-03,2.031014e-02,4.411031e-02
1.999623e-01,4.320473e-02,2.585801e-01,2.525842e-02,3.067658e-02,1.235252e-02,1.536726e-03,1.014803e-02,1.281765e-02,3.821591e-02,2.136078e-01,9.612602e-02,2.887267e-03,1.615599e-02,3.846985e-02
1.775556e-01,5.396989e-02,3.505267e-01,2.173092e-02,4.435649e-02,1.113760e-02,1.384810e-03,7.594061e-03,1.140246e-02,3.521553e-02,1.692549e-01,6.892849e-02,2.556871e-03,1.411135e-02,3.027435e-02
1.934327e-01,9.155950e-02,3.222346e-01,2.639780e-02,4.151533e-02,1.172423e-02,1.122651e-03,5.971173e-03,1.489750e-02,2.824690e-02,1.327213e-01,5.091396e-02,2.737103e-03,1.401333e-02,6.251187e-02
1.960872e-01,1.047092e-01,3.297218e-01,2.615948e-02,4.266384e-02,1.440962e-02,9.438947e-04,5.164310e-03,2.214171e-02,2.356422e-02,1.158800e-01,3.750371e-02,2.404984e-03,1.883472e-02,5.981128e-02
2.069604e-01,1.025533e-01,2.912145e-01,2.912332e-02,4.673353e-02,1.673704e-02,1.052561e-03,1.109565e-02,3.902273e-02,2.485902e-02,1.021932e-01,2.915693e-02,2.776318e-03,3.527013e-02,6.125138e-02
2.048762e-01,9.091450e-02,3.119731e-01,2.810954e-02,5.467729e-02,1.735033e-02,1.005420e-03,1.267895e-02,4.481558e-02,3.668793e-02,8.141200e-02,2.276633e-02,2.665176e-03,3.910945e-02,5.095824e-02
