1.000000e+00,0.000000e+00,0.000000e+00,0.000000e+00,0.000000e+00,0.000000e+00,0.000000e+00,0.000000e+00,0.000000e+00,0.000000e+00,0.000000e+00,0.000000e+00,0.000000e+00,0.000000e+00,0.000000e+00
1.000000e+00,0.000000e+00,0.000000e+00,0.000000e+00,0.000000e+00,0.000000e+00,0.000000e+00,0.000000e+00,0.000000e+00,0.000000e+00,0.000000e+00,0.000000e+00,0.000000e+00,0.000000e+00,0.000000e+00
1.000000e+00,0.000000e+00,0.000000e+00,0.000000e+00,0.000000e+00,0.000000e+00,0.000000e+00,0.000000e+00,0.000000e+00,0.000000e+00,0.000000e+00,0.000000e+00,0.000000e+00,0.000000e+00,0.000000e+00
1.000000e+00,0.000000e+00,0.000000e+00,0.000000e+00,0.000000e+00,0.000000e+00,0.000000e+00,0.000000e+00,0.000000e+00,0.000000e+00,0.000000e+00,0.000000e+00,0.000000e+00,0.000000e+00,0.000000e+00
1.000000e+00,0.000000e+00,0.000000e+00,0.000000e+00,0.000000e+00,0.000000e+00,0.000000e+00,0.000000e+00,0.000000e+00,0.000000e+00,0.000000e+00,0.000000e+00,0.000000e+00,0.000000e+00,0.000000e+00
1.000000e+00,0.000000e+00,0.000000e+00,0.000000e+00,0.000000e+00,0.000000e+00,0.000000e+00,0.000000e+00,0.000000e+00,0.000000e+00,0.000000e+00,0.000000e+00,0.000000e+00,0.000000e+00,0.000000e+00
1.000000e+00,0.000000e+00,0.000000e+00,0.000000e+00,0.000000e+00,0.000000e+00,0.000000e+00,0.000000e+00,0.000000e+00,0.000000e+00,0.000000e+00,0.000000e+00,0.000000e+00,0.000000e+00,0.000000e+00
1.000000e+00,0.000000e+00,0.000000e+00,0.000000e+00,0.000000e+00,0.000000e+00,0.000000e+00,0.000000e+00,0.000000e+00,0.000000e+00,0.000000e+00,0.000000e+00,0.000000e+00,0.000000e+00,0.000000e+00
1.000000e+00,0.000000e+00,0.000000e+00,0.000000e+00,0.000000e+00,0.000000e+00,0.000000e+00,0.000000e+00,0.000000e+00,0.000000e+00,0.000000e+00,0.000000e+00,0.000000e+00,0.000000e+00,0.000000e+00
1.000000e+00,0.000000e+00,0.000000e+00,0.000000e+00,0.000000e+00,0.000000e+00,0.000000e+00,0.000000e+00,0.000000e+00,0.000000e+00,0.000000e+00,0.000000e+00,0.000000e+00,0.000000e+00,0.000000e+00
1.000000e+00,0.000000e+00,0.000000e+00,0.000000e+00,0.000000e+00,0.000000e+00,0.000000e+00,0.000000e+00,0.000000e+00,0.000000e+00,0.000000e+00,0.000000e+00,0.000000e+00,0.000000e+00,0.000000e+00
1.000000e+00,0.000000e+00,0.000000e+00,0.000000e+00,0.000000e+00,0.000000e+00,0.000000e+00,0.000000e+00,0.000000e+00,0.000000e+00,0.000000e+00,0.000000e+00,0.000000e+00,0.000000e+00,0.000000e+00
1.000000e+00,0.000000e+00,0.000000e+00,0.000000e+00,0.000000e+00,0.000000e+00,0.000000e+00,0.000000e+00,0.000000e+00,0.000000e+00,0.000000e+00,0.000000e+00,0.000000e+00,0.000000e+00,0.000000e+00
1.000000e+00,0.000000e+00,0.000000e+00,0.000000e+00,0.000000e+00,0.000000e+00,0.000000e+00,0.000000e+00,0.000000e+00,0.000000e+00,0.000000e+00,0.000000e+00,0.000000e+00,0.000000e+00,0.000000e+00
1.000000e+00,0.000000e+00,0.000000e+00,0.000000e+00,0.000000e+00,0.000000e+00,0.000000e+00,0.000000e+00,0.000000e+00,0.000000e+00,0.000000e+00,0.000000e+00,0.000000e+00,0.000000e+00,0.000000e+00
1.000000e+00,0.000000e+00,0.000000e+00,0.000000e+00,0.000000e+00,0.000000e+00,0.000000e+00,0.000000e+00,0.000000e+00,0.000000e+00,0.000000e+00,0.000000e+00,0.000000e+00,0.000000e+00,0.000000e+00
1.000000e+00,0.000000e+00,0.000000e+00,0.000000e+00,0.000000e+00,0.000000e+00,0.000000e+00,0.000000e+00,0.000000e+00,0.000000e+00,0.000000e+00,0.000000e+00,0.000000e+00,0.000000e+00,0.000000e+00
1.000000e+00,0.000000e+00,0.000000e+00,0.000000e+00,0.000000e+00,0.000000e+00,0.000000e+00,0.000000e+00,0.000000e+00,0.000000e+00,0.000000e+00,0.000000e+00,0.000000e+00,0.000000e+00,0.000000e+00
1.000000e+00,0.000000e+00,0.000000e+00,0.000000e+00,0.000000e+00,0.000000e+00,0.000000e+00,0.000000e+00,0.000000e+00,0.000000e+00,0.000000e+00,0.000000e+00,0.000000e+00,0.000000e+00,0.000000e+00
1.000000e+00,0.000000e+00,0.000000e+00,0.000000e+00,0.000000e+00,0.000000e+00,0.000000e+00,0.000000e+00,0.000000e+00,0.000000e+00,0.000000e+00,0.000000e+00,0.000000e+00,0.000000e+00,0.000000e+00
1.000000e+00,0.000000e+00,0.000000e+00,0.000000e+00,0.000000e+00,0.000000e+00,0.000000e+00,0.000000e+00,0.000000e+00,0.000000e+00,0.000000e+00,0.000000e+00,0.000000e+00,0.000000e+00,0.000000e+00
1.000000e+00,0.000000e+00,0.000000e+00,0.000000e+00,0.000000e+00,0.000000e+00,0.000000e+00,0.000000e+00,0.000000e+00,0.000000e+00,0.000000e+00,0.000000e+00,0.000000e+00,0.000000e+00,0.000000e+00
1.000000e+00,0.000000e+00,0.000000e+00,0.000000e+00,0.000000e+00,0.000000e+00,0.000000e+00,0.000000e+00,0.000000e+00,0.000000e+00,0.000000e+00,0.000000e+00,0.000000e+00,0.000000e+00,0.000000e+00
1.000000e+00,0.000000e+00,0.000000e+00,0.000000e+00,0.000000e+00,0.000000e+00,0.000000e+00,0.000000e+00,0.000000e+00,0.000000e+00,0.000000e+00,0.000000e+00,0.000000e+00,0.000000e+00,0.000000e+00
1.000000e+00,0.000000e+00,0.000000e+00,0.000000e+00,0.000000e+00,0.000000e+00,0.000000e+00,0.000000e+00,0.000000e+00,0.000000e+00,0.000000e+00,0.000000e+00,0.000000e+00,0.000000e+00,0.000000e+00
1.000000e+00,0.000000e+00,0.000000e+00,0.000000e+00,0.000000e+00,0.000000e+00,0.000000e+00,0.000000e+00,0.000000e+00,0.000000e+00,0.000000e+00,0.000000e+00,0.000000e+00,0.000000e+00,0.000000e+00
1.000000e+00,0.000000e+00,0.000000e+00,0.000000e+00,0.000000e+00,0.000000e+00,0.000000e+00,0.000000e+00,0.000000e+00,0.000000e+00,0.000000e+00,0.000000e+00,0.000000e+00,0.000000e+00,0.000000e+00
1.000000e+00,0.000000e+00,0.000000e+00,0.000000e+00,0.000000e+00,0.000000e+00,0.000000e+00,0.000000e+00,0.000000e+00,0.000000e+00,0.000000e+00,0.000000e+00,0.000000e+00,0.000000e+00,0.000000e+00
1.000000e+00,0.000000e+00,0.000000e+00,0.000000e+00,0.000000e+00,0.000000e+00,0.000000e+00,0.000000e+00,0.000000e+00,0.000000e+00,0.000000e+00,0.000000e+00,0.000000e+00,0.000000e+00,0.000000e+00
1.000000e+00,0.000000e+00,0.000000e+00,0.000000e+00,0.000000e+00,0.000000e+00,0.000000e+00,0.000000e+00,0.000000e+00,0.000000e+00,0.000000e+00,0.000000e+00,0.000000e+00,0.000000e+00,0.000000e+00
1.000000e+00,0.000000e+00,0.000000e+00,0.000000e+00,0.000000e+00,0.000000e+00,0.000000e+00,0.000000e+00,0.000000e+00,0.000000e+00,0.000000e+00,0.000000e+00,0.000000e+00,0.000000e+00,0.000000e+00
1.000000e+00,0.000000e+00,0.000000e+00,0.000000e+00,0.000000e+00,0.000000e+00,0.000000e+00,0.000000e+00,0.000000e+00,0.000000e+00,0.000000e+00,0.000000e+00,0.000000e+00,0.000000e+00,0.000000e+00
1.000000e+00,0.000000e+00,0.000000e+00,0.000000e+00,0.000000e+00,0.000000e+00,0.000000e+00,0.000000e+00,0.000000e+00,0.000000e+00,0.000000e+00,0.000000e+00,0.000000e+00,0.000000e+00,0.000000e+00
1.000000e+00,0.000000e+00,0.000000e+00,0.000000e+00,0.000000e+00,0.000000e+00,0.000000e+00,0.000000e+00,0.000000e+00,0.000000e+00,0.000000e+00,0.000000e+00,0.000000e+00,0.000000e+00,0.000000e+00
1.000000e+00,0.000000e+00,0.000000e+00,0.000000e+00,0.000000e+00,0.000000e+00,0.000000e+00,0.000000e+00,0.000000e+00,0.000000e+00,0.000000e+00,0.000000e+00,0.000000e+00,0.000000e+00,0.000000e+00
1.000000e+00,0.000000e+00,0.000000e+00,0.000000e+00,0.000000e+00,0.000000e+00,0.000000e+00,0.000000e+00,0.000000e+00,0.000000e+00,0.000000e+00,0.000000e+00,0.000000e+00,0.000000e+00,0.000000e+00
1.000000e+00,0.000000e+00,0.000000e+00,0.000000e+00,0.000000e+00,0.000000e+00,0.000000e+00,0.000000e+00,0.000000e+00,0.000000e+00,0.000000e+00,0.000000e+00,0.000000e+00,0.000000e+00,0.000000e+00
1.000000e+00,0.000000e+00,0.000000e+00,0.000000e+00,0.000000e+00,0.000000e+00,0.000000e+00,0.000000e+00,0.000000e+00,0.000000e+00,0.000000e+00,0.000000e+00,0.000000e+00,0.000000e+00,0.000000e+00
1.000000e+00,0.000000e+00,0.000000e+00,0.000000e+00,0.000000e+00,0.000000e+00,0.000000e+00,0.000000e+00,0.000000e+00,0.000000e+00,0.000000e+00,0.000000e+00,0.000000e+00,0.000000e+00,0.000000e+00
1.000000e+00,0.000000e+00,0.000000e+00,0.000000e+00,0.000000e+00,0.000000e+00,0.000000e+00,0.000000e+00,0.000000e+00,0.000000e+00,0.000000e+00,0.000000e+00,0.000000e+00,0.000000e+00,0.000000e+00
1.000000e+00,0.000000e+00,0.000000e+00,0.000000e+00,0.000000e+00,0.000000e+00,0.000000e+00,0.000000e+00,0.000000e+00,0.000000e+00,0.000000e+00,0.000000e+00,0.000000e+00,0.000000e+00,0.000000e+00
4.688936e-01,4.457826e-02,1.210996e-01,1.534493e-01,1.338158e-02,1.782210e-02,4.534467e-03,2.427066e-02,1.301559e-02,2.992578e-03,3.449752e-02,3.714503e-02,1.836444e-02,9.512960e-03,3.644226e-02
1.000000e+00,0.000000e+00,0.000000e+00,0.000000e+00,0.000000e+00,0.000000e+00,0.000000e+00,0.000000e+00,0.000000e+00,0.000000e+00,0.000000e+00,0.000000e+00,0.000000e+00,0.000000e+00,0.000000e+00
1.000000e+00,0.000000e+00,0.000000e+00,0.000000e+00,0.000000e+00,0.000000e+00,0.000000e+00,0.000000e+00,0.000000e+00,0.000000e+00,0.000000e+00,0.000000e+00,0.000000e+00,0.000000e+00,0.000000e+00
1.000000e+00,0.000000e+00,0.000000e+00,0.000000e+00,0.000000e+00,0.000000e+00,0.000000e+00,0.000000e+00,0.000000e+00,0.000000e+00,0.000000e+00,0.000000e+00,0.000000e+00,0.000000e+00,0.000000e+00
1.000000e+00,0.000000e+00,0.000000e+00,0.000000e+00,0.000000e+00,0.000000e+00,0.000000e+00,0.000000e+00,0.000000e+00,0.000000e+00,0.000000e+00,0.000000e+00,0.000000e+00,0.000000e+00,0.000000e+00
1.000000e+00,0.000000e+00,0.000000e+00,0.000000e+00,0.000000e+00,0.000000e+00,0.000000e+00,0.000000e+00,0.000000e+00,0.000000e+00,0.000000e+00,0.000000e+00,0.000000e+00,0.000000e+00,0.000000e+00
1.000000e+00,0.000000e+00,0.000000e+00,0.000000e+00,0.000000e+00,0.000000e+00,0.000000e+00,0.000000e+00,0.000000e+00,0.000000e+00,0.000000e+00,0.000000e+00,0.000000e+00,0.000000e+00,0.000000e+00
1.000000e+00,0.000000e+00,0.000000e+00,0.000000e+00,0.000000e+00,0.000000e+00,0.000000e+00,0.000000e+00,0.000000e+00,0.000000e+00,0.000000e+00,0.000000e+00,0.000000e+00,0.000000e+00,0.000000e+00
1.000000e+00,0.000000e+00,0.000000e+00,0.000000e+00,0.000000e+00,0.000000e+00,0.000000e+00,0.000000e+00,0.000000e+00,0.000000e+00,0.000000e+00,0.000000e+00,0.000000e+00,0.000000e+00,0.000000e+00
1.000000e+00,0.000000e+00,0.000000e+00,0.000000e+00,0.000000e+00,0.000000e+00,0.000000e+00,0.000000e+00,0.000000e+00,0.000000e+00,0.000000e+00,0.000000e+00,0.000000e+00,0.000000e+00,0.000000e+00
1.000000e+00,0.000000e+00,0.000000e+00,0.000000e+00,0.000000e+00,0.000000e+00,0.000000e+00,0.000000e+00,0.000000e+00,0.000000e+00,0.000000e+00,0.000000e+00,0.000000e+00,0.000000e+00,0.000000e+00
1.000000e+00,0.000000e+00,0.000000e+00,0.000000e+00,0.000000e+00,0.000000e+00,0.000000e+00,0.000000e+00,0.000000e+00,0.000000e+00,0.000000e+00,0.000000e+00,0.000000e+00,0.000000e+00,0.000000e+00
1.000000e+00,0.000000e+00,0.000000e+00,0.000000e+00,0.000000e+00,0.000000e+00,0.000000e+00,0.000000e+00,0.000000e+00,0.000000e+00,0.000000e+00,0.000000e+00,0.000000e+00,0.000000e+00,0.000000e+00
1.000000e+00,0.000000e+00,0.000000e+00,0.000000e+00,0.000000e+00,0.000000e+00,0.000000e+00,0.000000e+00,0.000000e+00,0.000000e+00,0.000000e+00,0.000000e+00,0.000000e+00,0.000000e+00,0.000000e+00
1.000000e+00,0.000000e+00,0.000000e+00,0.000000e+00,0.000000e+00,0.000000e+00,0.000000e+00,0.000000e+00,0.000000e+00,0.000000e+00,0.000000e+00,0.000000e+00,0.000000e+00,0.000000e+00,0.000000e+00
1.000000e+00,0.000000e+00,0.000000e+00,0.000000e+00,0.000000e+00,0.000000e+00,0.000000e+00,0.000000e+00,0.000000e+00,0.000000e+00,0.000000e+00,0.000000e+00,0.000000e+00,0.000000e+00,0.000000e+00
1.000000e+00,0.000000e+00,0.000000e+00,0.000000e+00,0.000000e+00,0.000000e+00,0.000000e+00,0.000000e+00,0.000000e+00,0.000000e+00,0.000000e+00,0.000000e+00,0.000000e+00,0.000000e+00,0.000000e+00
1.000000e+00,0.000000e+00,0.000000e+00,0.000000e+00,0.000000e+00,0.000000e+00,0.000000e+00,0.000000e+00,0.000000e+00,0.000000e+00,0.000000e+00,0.000000e+00,0.000000e+00,0.000000e+00,0.000000e+00
1.000000e+00,0.000000e+00,0.000000e+00,0.000000e+00,0.000000e+00,0.000000e+00,0.000000e+00,0.000000e+00,0.000000e+00,0.000000e+00,0.000000e+00,0.000000e+00,0.000000e+00,0.000000e+00,0.000000e+00
1.000000e+00,0.000000e+00,0.000000e+00,0.000000e+00,0.000000e+00,0.000000e+00,0.000000e+00,0.000000e+00,0.000000e+00,0.000000e+00,0.000000e+00,0.000000e+00,0.000000e+00,0.000000e+00,0.000000e+00
1.000000e+00,0.000000e+00,0.000000e+00,0.000000e+00,0.000000e+00,0.000000e+00,0.000000e+00,0.000000e+00,0.000000e+00,0.000000e+00,0.000000e+00,0.000000e+00,0.000000e+00,0.000000e+00,0.000000e+00
4.621476e-01,3.257708e-02,6.043410e-02,2.598160e-01,3.529699e-03,1.417044e-02,1.866341e-03,4.710791e-03,1.595887e-02,4.701691e-02,2.619948e-02,1.264837e-02,1.063611e-02,3.895865e-03,4.439231e-02
3.558895e-01,3.364759e-02,1.422069e-01,2.654166e-01,2.900664e-03,1.187168e-02,1.452590e-03,3.583144e-03,1.525859e-02,6.299053e-02,2.649990e-02,1.217349e-02,1.289067e-02,3.104499e-03,5.011370e-02
3.366203e-01,3.269426e-02,1.924749e-01,2.420207e-01,3.595447e-03,1.054708e-02,1.407337e-03,2.933620e-03,1.856288e-02,5.728784e-02,3.192255e-02,1.107139e-02,1.470839e-02,2.676027e-03,4.147732e-02
2.890960e-01,3.259209e-02,2.651947e-01,1.966526e-01,3.428200e-03,9.366686e-03,1.196669e-03,2.372732e-03,2.563903e-02,7.128084e-02,2.539949e-02,8.372193e-03,1.235278e-02,2.476156e-03,5.457988e-02
2.370434e-01,3.873693e-02,2.930595e-01,1.558881e-01,2.870218e-03,7.819328e-03,1.013765e-03,1.844377e-03,4.728189e-02,1.059288e-01,1.919119e-02,6.402771e-03,1.701569e-02,2.321386e-03,6.358273e-02
1.665352e-01,3.065240e-02,3.813582e-01,2.125065e-01,2.319857e-03,5.966238e-03,7.758481e-04,1.314545e-03,4.017566e-02,7.908535e-02,1.387228e-02,4.557148e-03,1.204707e-02,1.651338e-03,4.718233e-02
1.175052e-01,2.243522e-02,4.373466e-01,2.136397e-01,1.745158e-03,4.481211e-03,5.740391e-04,9.462881e-04,3.375554e-02,9.909723e-02,1.131130e-02,3.256283e-03,8.658907e-03,1.286637e-03,4.396063e-02
8.336984e-02,1.947843e-02,4.677968e-01,1.516186e-01,1.270858e-03,3.344219e-03,4.140657e-04,6.818471e-04,4.246129e-02,1.236833e-01,8.621773e-03,2.437404e-03,6.296956e-03,3.187387e-03,8.533726e-02
6.017598e-02,1.739980e-02,3.756384e-01,1.066723e-01,9.184032e-04,2.512721e-03,3.056170e-04,4.904089e-04,1.487904e-01,1.819597e-01,7.048684e-03,1.881902e-03,4.680323e-03,8.649628e-03,8.287575e-02
4.257523e-02,2.099726e-02,3.111182e-01,7.611765e-02,6.686114e-04,1.921113e-03,2.271618e-04,3.537772e-04,1.963513e-01,2.526401e-01,5.417999e-03,1.588955e-03,4.054828e-03,7.468841e-03,7.849895e-02
3.130417e-02,2.072891e-02,2.909369e-01,6.414428e-02,5.938101e-04,1.523458e-03,1.817303e-04,3.253085e-04,2.900925e-01,2.146384e-01,4.721494e-03,1.268896e-03,3.147459e-03,8.241461e-03,6.815124e-02
2.247792e-02,1.943481e-02,2.095894e-01,4.520669e-02,4.319362e-04,1.239305e-03,1.473556e-04,2.380997e-04,3.005234e-01,2.853153e-01,3.986645e-03,1.039121e-03,2.669428e-03,1.863775e-02,8.906285e-02
1.638337e-02,1.545902e-02,1.476588e-01,3.334056e-02,3.985005e-04,9.264290e-04,1.248368e-04,2.017753e-04,4.778596e-01,2.070500e-01,3.117605e-03,9.252898e-04,2.169025e-03,1.862831e-02,7.575683e-02
1.684235e-02,1.248722e-02,1.039723e-01,2.357762e-02,5.040980e-04,1.748391e-03,1.083728e-04,1.770019e-04,4.070238e-01,1.481370e-01,8.547343e-03,7.248137e-04,2.114019e-03,8.199597e-02,1.920398e-01
2.022714e-02,1.067131e-02,7.696649e-02,2.538738e-02,1.145851e-03,2.556096e-03,1.423574e-04,2.644922e-04,4.812794e-01,1.058277e-01,7.378687e-03,1.134043e-03,3.225152e-03,8.879641e-02,1.749975e-01
6.238088e-02,2.180665e-02,5.581526e-02,2.239240e-02,5.460706e-03,5.467361e-03,2.105392e-04,3.085721e-04,4.118118e-01,7.729319e-02,6.658187e-03,1.579894e-03,6.332558e-03,9.087017e-02,2.316118e-01
6.242837e-02,2.524309e-02,4.423211e-02,2.785951e-02,7.523508e-03,6.500484e-03,4.254144e-04,4.486906e-04,3.826744e-01,5.825664e-02,5.962987e-03,1.878147e-03,9.196228e-03,1.165241e-01,2.508464e-01
4.792177e-02,2.322849e-02,8.390155e-02,3.119513e-02,7.673546e-03,6.520541e-03,3.962566e-04,2.380220e-03,3.117240e-01,4.875169e-02,6.590136e-03,1.990282e-03,7.473057e-03,1.477481e-01,2.725053e-01
4.042073e-02,3.734873e-02,8.529191e-02,3.076026e-02,8.957019e-03,7.231704e-03,4.420628e-04,2.871557e-03,3.378061e-01,4.642643e-02,5.573261e-03,1.759176e-03,6.455653e-03,1.204942e-01,2.681613e-01
3.047391e-02,3.603832e-02,1.675464e-01,2.888426e-02,8.589310e-03,6.462261e-03,4.199846e-04,2.324597e-03,2.707909e-01,5.693050e-02,4.207897e-03,1.321255e-03,4.885003e-03,8.869598e-02,2.924295e-01
3.024898e-02,3.514925e-02,1.841880e-01,2.552316e-02,7.937504e-03,5.185016e-03,4.120779e-04,1.812583e-03,2.078639e-01,9.947455e-02,3.225016e-03,1.100724e-03,3.657759e-03,6.428220e-02,3.299394e-01
4.110963e-02,3.899884e-02,2.494467e-01,1.890936e-02,1.125406e-02,4.492850e-03,4.658900e-04,1.688277e-03,1.496268e-01,8.473134e-02,2.517654e-03,7.970693e-04,2.674653e-03,5.478638e-02,3.385004e-01
3.312853e-02,4.747649e-02,2.179174e-01,1.017873e-01,9.906020e-03,3.354121e-03,3.769441e-04,1.510848e-03,1.115222e-01,7.219946e-02,1.983755e-03,5.974109e-04,1.924521e-03,3.848118e-02,3.578339e-01
3.724688e-02,5.742986e-02,2.012617e-01,1.101833e-01,1.385668e-02,3.619032e-03,5.476582e-04,1.567842e-03,8.198268e-02,5.418246e-02,1.685057e-03,5.426920e-04,1.534794e-03,2.867641e-02,4.056830e-01
5.745610e-02,9.003718e-02,2.133156e-01,9.777166e-02,3.092381e-02,1.381262e-02,1.590799e-03,4.052222e-03,6.426949e-02,4.113771e-02,1.628993e-03,7.264317e-04,1.357818e-03,2.767959e-02,3.542400e-01
5.834548e-02,7.222220e-02,1.754320e-01,9.451664e-02,2.515958e-02,2.428332e-02,1.273947e-03,3.159605e-03,4.828585e-02,3.225628e-02,2.283959e-03,9.792129e-04,1.236779e-03,3.430901e-02,4.262562e-01
1.044859e-01,5.639927e-02,1.311855e-01,7.351279e-02,2.074978e-02,2.877236e-02,1.307029e-03,2.496747e-03,3.709352e-02,2.599793e-02,2.491130e-03,1.379851e-03,1.616367e-03,3.616611e-02,4.763457e-01
8.625075e-02,4.521674e-02,1.059778e-01,5.958262e-02,1.583167e-02,2.637724e-02,1.017395e-03,2.085006e-03,3.107723e-02,2.130792e-02,2.335896e-03,1.456950e-03,1.373509e-03,3.541059e-02,5.646987e-01
6.573085e-02,3.335128e-02,7.876021e-02,4.261502e-02,1.140520e-02,2.058646e-02,7.394204e-04,1.562844e-03,2.307764e-02,1.644795e-02,1.983429e-03,1.134824e-03,1.092110e-03,5.240370e-02,6.491091e-01
4.819706e-02,2.369735e-02,5.691488e-02,3.008381e-02,8.035738e-03,1.511631e-02,5.347342e-04,1.156880e-03,1.643929e-02,1.260763e-02,1.598119e-03,8.346003e-04,8.351590e-04,6.140872e-02,7.225398e-01
3.788078e-02,1.807122e-02,4.170736e-02,2.144892e-02,5.819168e-03,1.078225e-02,3.938256e-04,8.636140e-04,1.333633e-02,1.122050e-02,1.419572e-03,6.923850e-04,6.701320e-04,1.280596e-01,7.076344e-01
3.557015e-02,1.458286e-02,3.084650e-02,1.529512e-02,4.310626e-03,7.850699e-03,2.960826e-04,7.218011e-04,1.088448e-02,9.856716e-03,1.349969e-03,5.875252e-04,6.018563e-04,2.394153e-01,6.278303e-01
2.790026e-02,1.052574e-02,2.199566e-02,1.072196e-02,3.070261e-03,5.588204e-03,2.258913e-04,5.215220e-04,8.010885e-03,7.981574e-03,1.337275e-03,4.705905e-04,4.406046e-04,3.808177e-01,5.203919e-01
2.069931e-02,7.405387e-03,1.544055e-02,7.509779e-03,2.159017e-03,3.934200e-03,1.659215e-04,3.676229e-04,6.334238e-03,7.805713e-03,2.283990e-03,4.943474e-04,3.556699e-04,5.238862e-01,4.011580e-01
1.546828e-02,5.234136e-03,1.086112e-02,5.259450e-03,1.522728e-03,2.774845e-03,1.234909e-04,2.592728e-04,4.862262e-03,1.055012e-02,4.680913e-03,6.228011e-04,3.043343e-04,6.186613e-01,3.188149e-01
1.245767e-02,3.701510e-03,7.722388e-03,3.690557e-03,1.132368e-03,1.968516e-03,1.005539e-04,1.839527e-04,4.281165e-03,3.788854e-02,7.302918e-03,7.999087e-04,2.840271e-04,6.866746e-01,2.318113e-01
1.050651e-02,2.634815e-03,5.509038e-03,2.603271e-03,9.403565e-04,1.416258e-03,9.803123e-05,1.365777e-04,5.273761e-03,7.828303e-02,1.124269e-02,1.097662e-03,4.470109e-04,6.601990e-01,2.196120e-01
7.458529e-03,1.857921e-03,3.921345e-03,1.835696e-03,8.095525e-04,1.118986e-03,1.024239e-04,1.145257e-04,7.640415e-03,1.532559e-01,1.797006e-02,9.962785e-04,5.027935e-04,6.246808e-01,1.777347e-01
5.457310e-03,1.399615e-03,2.862866e-03,1.316693e-03,7.666506e-04,1.163394e-03,1.428030e-04,1.053859e-04,1.016652e-02,1.517641e-01,5.906539e-02,1.450710e-03,7.882102e-04,5.977965e-01,1.657539e-01
4.450669e-03,1.094263e-03,2.243697e-03,1.016523e-03,6.291061e-04,4.590307e-03,3.089317e-04,1.895225e-04,1.103931e-02,1.939258e-01,7.538389e-02,1.298964e-03,9.686701e-04,5.491648e-01,1.536955e-01
4.921869e-03,8.605040e-04,5.840616e-03,1.754622e-03,1.546390e-03,1.103698e-02,6.251751e-03,1.421999e-03,1.259892e-02,3.031723e-01,5.996456e-02,1.157858e-03,1.262087e-03,4.732358e-01,1.149736e-01
5.921304e-03,1.652648e-03,4.689742e-03,2.216503e-03,6.450016e-03,1.062517e-02,1.425749e-02,1.706736e-03,6.367199e-02,3.224242e-01,6.231491e-02,1.156304e-03,1.517233e-03,4.058411e-01,9.555467e-02
1.236637e-02,3.384863e-03,4.657282e-03,2.702527e-03,8.963229e-03,1.004844e-02,1.500802e-02,2.148041e-03,6.742369e-02,3.594118e-01,5.509111e-02,1.150028e-03,1.876696e-03,3.808843e-01,7.488360e-02
2.013118e-02,5.618453e-03,4.805027e-03,2.764693e-03,1.218743e-02,1.083406e-02,1.112922e-02,2.891260e-03,6.722757e-02,4.414945e-01,5.752458e-02,1.320490e-03,2.537323e-03,2.967826e-01,6.275173e-02
1.992282e-02,6.087642e-03,4.665447e-03,3.559977e-03,1.261885e-02,9.385326e-03,8.099591e-03,3.093594e-03,6.312284e-02,5.222998e-01,6.266592e-02,1.752891e-03,2.868666e-03,2.264808e-01,5.337580e-02
1.619551e-02,1.315459e-02,7.146695e-03,4.785327e-03,1.095673e-02,1.013592e-02,6.020256e-03,8.236974e-03,6.175255e-02,5.777676e-01,7.022807e-02,1.867319e-03,3.349361e-03,1.674047e-01,4.099846e-02
1.532716e-02,1.718473e-02,7.900902e-03,5.532715e-03,1.004570e-02,1.398656e-02,4.512659e-03,1.533739e-02,8.237955e-02,5.706385e-01,8.083946e-02,1.573507e-03,2.975362e-03,1.346834e-01,3.708237e-02
2.325764e-02,1.376815e-02,2.913697e-02,1.582187e-02,1.009495e-02,2.512613e-02,4.822318e-03,9.685393e-02,9.255865e-02,4.597276e-01,9.399807e-02,1.489000e-03,3.084698e-03,1.024882e-01,2.777185e-02
3.560565e-02,1.241971e-02,5.679050e-02,2.175624e-02,9.283447e-03,2.028678e-02,3.435731e-03,7.541348e-02,9.938709e-02,4.888149e-01,7.811645e-02,1.161257e-03,2.263193e-03,7.513837e-02,2.012721e-02
5.085407e-02,1.094913e-02,5.701590e-02,2.875481e-02,1.041716e-02,1.644724e-02,2.561642e-03,9.233650e-02,1.242638e-01,4.554680e-01,7.371931e-02,1.009790e-03,1.804850e-03,5.968867e-02,1.470909e-02
7.823588e-02,1.898675e-02,5.167785e-02,3.629553e-02,1.530145e-02,3.607283e-02,2.062780e-03,1.131477e-01,1.585111e-01,3.417316e-01,7.267931e-02,1.383645e-03,2.029255e-03,5.849425e-02,1.339010e-02
8.675168e-02,1.744567e-02,4.200331e-02,3.711479e-02,1.439615e-02,5.137482e-02,1.883884e-03,2.282122e-01,1.593376e-01,2.439043e-01,5.903563e-02,1.429918e-03,2.178658e-03,4.482615e-02,1.010536e-02
7.855996e-02,1.509866e-02,4.400611e-02,5.143782e-02,1.559407e-02,3.945104e-02,1.671290e-03,3.546520e-01,1.360272e-01,1.718818e-01,4.667472e-02,2.113409e-03,1.956353e-03,3.297374e-02,7.901828e-03
8.577914e-02,1.490531e-02,4.695039e-02,4.948528e-02,1.515492e-02,2.932462e-02,1.479946e-03,4.342582e-01,1.208803e-01,1.214229e-01,4.173416e-02,2.882517e-03,1.920087e-03,2.571385e-02,8.108370e-03
7.752454e-02,1.334480e-02,4.428355e-02,4.406099e-02,1.388444e-02,2.249347e-02,1.127788e-03,5.418774e-01,9.365863e-02,8.512907e-02,3.321022e-02,2.444010e-03,1.645930e-03,1.885538e-02,6.459810e-03
7.651983e-02,1.713964e-02,3.795169e-02,4.408884e-02,1.133161e-02,1.642483e-02,9.050655e-04,6.028189e-01,7.438800e-02,6.015347e-02,3.161871e-02,3.484473e-03,2.043289e-03,1.442145e-02,6.710211e-03
6.825060e-02,1.483332e-02,3.465092e-02,8.466579e-02,9.570479e-03,1.233524e-02,6.597886e-04,5.626032e-01,5.560292e-02,4.292054e-02,6.061106e-02,2.810170e-02,4.191035e-03,1.347460e-02,7.528816e-03
4.801662e-02,1.077147e-02,2.631482e-02,1.808030e-01,8.021303e-03,9.307797e-03,5.601084e-04,4.198955e-01,4.218498e-02,3.134508e-02,6.159895e-02,1.350679e-01,8.928223e-03,1.158780e-02,5.596488e-03
3.494747e-02,7.907045e-03,1.897736e-02,1.609407e-01,6.108850e-03,9.098246e-03,4.621734e-04,2.970665e-01,3.050260e-02,2.227643e-02,7.842104e-02,3.127525e-01,7.390769e-03,8.964524e-03,4.183919e-03
2.586056e-02,5.748989e-03,1.375836e-02,1.280740e-01,4.522257e-03,7.175817e-03,3.623716e-04,2.092986e-01,2.172315e-02,1.687323e-02,1.177085e-01,4.320708e-01,6.382548e-03,7.340054e-03,3.100686e-03
1.911540e-02,4.506331e-03,9.836550e-03,9.057792e-02,6.806441e-03,5.626439e-03,4.391819e-04,1.475264e-01,1.617114e-02,1.278190e-02,1.041512e-01,5.686922e-01,5.383411e-03,6.139474e-03,2.245991e-03
1.479529e-02,3.568501e-03,7.069322e-03,6.386404e-02,7.738201e-03,5.905197e-03,8.516105e-04,1.045633e-01,1.248637e-02,9.784519e-03,8.891252e-02,6.693146e-01,4.837826e-03,4.666256e-03,1.642417e-03
1.171304e-02,2.663126e-03,5.422708e-03,4.537372e-02,3.317772e-02,6.587508e-03,9.740753e-04,7.599100e-02,1.114046e-02,8.113874e-03,8.459568e-02,7.014997e-01,6.378239e-03,5.161424e-03,1.207700e-03
9.874320e-03,1.940944e-03,3.885145e-03,3.213000e-02,3.632968e-02,7.317664e-03,7.630560e-04,5.363171e-02,8.320111e-03,7.749573e-03,8.139209e-02,7.439246e-01,5.927845e-03,5.916645e-03,8.966480e-04
1.050113e-02,2.633889e-03,3.566243e-03,2.264959e-02,5.419554e-02,1.517215e-02,8.048114e-04,3.874838e-02,7.308944e-03,1.051652e-02,6.766388e-02,7.547736e-01,5.393823e-03,5.369953e-03,7.016024e-04
1.499886e-02,2.542736e-03,3.521828e-03,1.642965e-02,5.853890e-02,8.051945e-02,9.335095e-03,3.499254e-02,6.545952e-03,8.373369e-03,5.374019e-02,7.006676e-01,5.137353e-03,4.093206e-03,5.633669e-04
1.370251e-02,2.383945e-03,3.042052e-03,1.238284e-02,6.672095e-02,8.256833e-02,8.745874e-03,2.588323e-02,6.257474e-03,6.842382e-03,4.819508e-02,7.149866e-01,4.574138e-03,3.242434e-03,4.723294e-04
1.070877e-02,1.775879e-03,2.439290e-03,8.975226e-03,1.055800e-01,6.436297e-02,6.769388e-03,1.950116e-02,6.983953e-03,5.910577e-03,4.178952e-02,7.173317e-01,4.761029e-03,2.732693e-03,3.779604e-04
1.058670e-02,1.632301e-03,2.200546e-03,6.405596e-03,1.708191e-01,7.549010e-02,1.099495e-02,1.696126e-02,8.693329e-03,6.191500e-03,3.427847e-02,6.474997e-01,5.168921e-03,2.301180e-03,7.763798e-04
1.096849e-02,1.588032e-03,3.151643e-03,4.783104e-03,2.027844e-01,6.847810e-02,3.454404e-02,3.380220e-02,1.331145e-02,6.356992e-03,2.685362e-02,5.847455e-01,5.841909e-03,2.076090e-03,7.144385e-04
1.893735e-02,2.470653e-03,1.700629e-02,5.900906e-03,2.601235e-01,5.764977e-02,3.552500e-02,8.223688e-02,1.572871e-02,8.896211e-03,2.374595e-02,4.619732e-01,5.565494e-03,3.520823e-03,7.192852e-04
3.954447e-02,4.180663e-03,1.802890e-02,6.640129e-03,3.293770e-01,4.671601e-02,2.629871e-02,7.913901e-02,2.437457e-02,1.661550e-02,2.374042e-02,3.725916e-01,7.265998e-03,4.611835e-03,8.752811e-04
4.998649e-02,6.544561e-03,1.545014e-02,6.173327e-03,3.207285e-01,5.114168e-02,1.999659e-02,6.864139e-02,1.143553e-01,1.366505e-02,2.476662e-02,2.942793e-01,8.344217e-03,4.563860e-03,1.363066e-03
4.158666e-02,1.566750e-02,1.410826e-02,7.188041e-03,2.670441e-01,4.325526e-02,1.507599e-02,5.595566e-02,2.734636e-01,1.114429e-02,2.467032e-02,2.161810e-01,9.224130e-03,3.659972e-03,1.775214e-03
3.286166e-02,1.506833e-02,1.180755e-02,6.715484e-03,2.073115e-01,4.846393e-02,1.112977e-02,5.313540e-02,3.960396e-01,1.045792e-02,3.232956e-02,1.590664e-01,1.105142e-02,3.094415e-03,1.467157e-03
3.956467e-02,1.230162e-02,1.116468e-02,1.016012e-02,2.387844e-01,5.128732e-02,1.099366e-02,7.357793e-02,3.703538e-01,1.155023e-02,3.162207e-02,1.246692e-01,1.011056e-02,2.669298e-03,1.190423e-03
4.356889e-02,9.526589e-03,8.509995e-03,1.339016e-02,2.781735e-01,5.532394e-02,9.543066e-03,5.835074e-02,3.651732e-01,1.318928e-02,2.922530e-02,1.026731e-01,9.905756e-03,2.488913e-03,9.575549e-04
4.330259e-02,8.181083e-03,1.069617e-02,2.770991e-02,2.922608e-01,4.447381e-02,1.654008e-02,1.013472e-01,3.345934e-01,1.235339e-02,2.271624e-02,7.500267e-02,7.892448e-03,2.107967e-03,8.222851e-04
4.098487e-02,6.655727e-03,8.638301e-03,2.927218e-02,2.380344e-01,3.187380e-02,1.269895e-02,2.987502e-01,2.465398e-01,9.016186e-03,1.651115e-02,5.302968e-02,5.771185e-03,1.590936e-03,6.326637e-04
3.644571e-02,4.900199e-03,6.422249e-03,2.645417e-02,1.906742e-01,2.260508e-02,9.410526e-03,4.643717e-01,1.776306e-01,6.447735e-03,1.168747e-02,3.721740e-02,4.131395e-03,1.144751e-03,4.568293e-04
8.088483e-02,5.105345e-03,5.166858e-03,2.027134e-02,1.514356e-01,1.649604e-02,7.868679e-03,5.358863e-01,1.300379e-01,5.034883e-03,8.934649e-03,2.746735e-02,3.704960e-03,1.081098e-03,6.241403e-04
1.353525e-01,5.968502e-03,4.253583e-03,1.611869e-02,1.377429e-01,1.245961e-02,6.598064e-03,5.451735e-01,9.931015e-02,3.972500e-03,7.150447e-03,2.066053e-02,3.480477e-03,9.401586e-04,8.183449e-04
1.314755e-01,1.421683e-02,7.347439e-03,6.008742e-02,1.394913e-01,1.154600e-02,5.507608e-03,5.184913e-01,7.233057e-02,3.240610e-03,8.862652e-03,2.020730e-02,4.030619e-03,1.009995e-03,2.154871e-03
1.218871e-01,3.032704e-02,1.766699e-02,1.309469e-01,1.338763e-01,1.085007e-02,5.500463e-03,4.080177e-01,5.671949e-02,8.913783e-03,2.517664e-02,2.548686e-02,1.482216e-02,1.667827e-03,8.140635e-03
1.282482e-01,2.656321e-02,1.499880e-02,1.012887e-01,2.325979e-01,1.028680e-02,6.095216e-03,3.529074e-01,4.523422e-02,7.540423e-03,2.784601e-02,2.040220e-02,1.678819e-02,2.167258e-03,7.035478e-03
1.990974e-01,3.606410e-02,1.248788e-02,8.277481e-02,1.701076e-01,9.822769e-03,4.954694e-03,2.569185e-01,5.233696e-02,1.970226e-02,3.103455e-02,1.726854e-02,8.061661e-02,2.126603e-03,2.468665e-02
1.973220e-01,3.624710e-02,1.087817e-02,8.364819e-02,1.265906e-01,1.015416e-02,1.889838e-02,1.872054e-01,5.617510e-02,1.966642e-02,3.149820e-02,1.761346e-02,1.685616e-01,1.765525e-03,3.377560e-02
1.586528e-01,2.696094e-02,8.986671e-03,7.115886e-02,9.116447e-02,1.819779e-02,1.823883e-02,1.391858e-01,5.037844e-02,1.684217e-02,3.053208e-02,1.963167e-02,3.145888e-01,1.984435e-03,3.349631e-02
1.520540e-01,2.267565e-02,7.201544e-03,5.164098e-02,6.432474e-02,2.606876e-02,1.531938e-02,9.980606e-02,4.920291e-02,1.424472e-02,4.088549e-02,5.402887e-02,3.491937e-01,2.324902e-03,5.102831e-02
1.309708e-01,1.656055e-02,5.477572e-03,3.739673e-02,4.645220e-02,3.770681e-02,1.222924e-02,7.165361e-02,4.220716e-02,1.180010e-02,5.854950e-02,6.017834e-02,4.164024e-01,2.432749e-03,4.998222e-02
9.789104e-02,1.184793e-02,4.558549e-03,2.641738e-02,3.288625e-02,3.916151e-02,9.188306e-03,5.477586e-02,3.388152e-02,9.760929e-03,6.048471e-02,5.980577e-02,4.745705e-01,2.405897e-03,8.236387e-02
8.488752e-02,1.323866e-02,1.423514e-02,6.056958e-02,2.991957e-02,5.015538e-02,7.043044e-03,4.795248e-02,6.326193e-02,1.478282e-02,6.474891e-02,5.813424e-02,4.060242e-01,4.422480e-03,8.062403e-02
6.240815e-02,1.297521e-02,1.744522e-02,5.214940e-02,2.326518e-02,4.623783e-02,5.151694e-03,3.560149e-02,9.641394e-02,2.391159e-02,8.995851e-02,7.806586e-02,3.795276e-01,4.398386e-03,7.248995e-02
4.581551e-02,1.258254e-02,1.823766e-02,4.058421e-02,2.288552e-02,3.275631e-02,3.861862e-03,2.709678e-02,2.857844e-01,1.815826e-02,7.681283e-02,6.346542e-02,2.957954e-01,3.173461e-03,5.298990e-02
3.464353e-02,1.008359e-02,2.086195e-02,3.077988e-02,1.720625e-02,2.315615e-02,2.867216e-03,1.907870e-01,2.307858e-01,1.419877e-02,9.003980e-02,5.299520e-02,2.403595e-01,2.298980e-03,3.893653e-02
2.931248e-02,8.857513e-03,4.923705e-02,4.565470e-02,2.081366e-02,1.842289e-02,3.051214e-03,3.156058e-01,1.894220e-01,1.063336e-02,6.765026e-02,3.835927e-02,1.732246e-01,1.687687e-03,2.806746e-02
5.078493e-02,8.027502e-03,4.696428e-02,4.677155e-02,1.902562e-02,1.465158e-02,2.989338e-03,4.235435e-01,1.555133e-01,7.740824e-03,5.101742e-02,2.824273e-02,1.235166e-01,1.271687e-03,1.993917e-02
7.084797e-02,1.256542e-02,5.564675e-02,4.372672e-02,1.897808e-02,1.267223e-02,2.949224e-03,4.839675e-01,1.242591e-01,8.421326e-03,3.901694e-02,2.143452e-02,8.805490e-02,1.312089e-03,1.614724e-02
5.622610e-02,8.365244e-02,6.892326e-02,3.409583e-02,1.876868e-02,1.322676e-02,3.167573e-03,3.959830e-01,1.645810e-01,1.700763e-02,3.397366e-02,1.561737e-02,6.305239e-02,1.324323e-03,3.039992e-02
5.144206e-02,1.249627e-01,8.210539e-02,3.107151e-02,2.532875e-02,1.820126e-02,3.909674e-03,3.187445e-01,1.914725e-01,2.038571e-02,2.739157e-02,1.146481e-02,4.496926e-02,1.293528e-03,4.725684e-02
4.818149e-02,1.321772e-01,7.264994e-02,2.792402e-02,4.595373e-02,2.413339e-02,5.713659e-03,2.923437e-01,2.193073e-01,2.655832e-02,2.003492e-02,8.365651e-03,3.315983e-02,1.243934e-03,4.225304e-02
5.338544e-02,1.528734e-01,6.710004e-02,2.995506e-02,6.116985e-02,3.000907e-02,6.851974e-03,2.339408e-01,2.513965e-01,2.843787e-02,1.478675e-02,6.431059e-03,2.432737e-02,1.290657e-03,3.804416e-02
6.328117e-02,1.395215e-01,6.007931e-02,2.684132e-02,5.881992e-02,2.546639e-02,5.586917e-03,1.835151e-01,2.787984e-01,7.883689e-02,1.254738e-02,5.858142e-03,1.815484e-02,1.788041e-03,4.090476e-02
5.964723e-02,1.233237e-01,4.595934e-02,2.325456e-02,4.609725e-02,2.529951e-02,4.279688e-03,2.338698e-01,2.424491e-01,1.115053e-01,1.787372e-02,7.104629e-03,1.508608e-02,2.556206e-03,4.169393e-02
5.742824e-02,9.959296e-02,3.578188e-02,2.390895e-02,3.464381e-02,3.341280e-02,3.230370e-03,2.769288e-01,1.801787e-01,1.099322e-01,5.271619e-02,1.588447e-02,1.837008e-02,5.086496e-03,5.290402e-02
5.108563e-02,7.851558e-02,3.875672e-02,2.533789e-02,2.837704e-02,2.777428e-02,2.775573e-03,2.674579e-01,1.405188e-01,1.043163e-01,9.191105e-02,3.172459e-02,3.400078e-02,2.450512e-02,5.294273e-02
5.153862e-02,6.217531e-02,3.203382e-02,2.328411e-02,2.226351e-02,2.474061e-02,2.418073e-03,2.687489e-01,1.150349e-01,9.121668e-02,1.262372e-01,4.998325e-02,3.989354e-02,4.081012e-02,4.962136e-02
4.911292e-02,4.864582e-02,3.246649e-02,2.718498e-02,1.901055e-02,2.242729e-02,2.047217e-03,2.183600e-01,9.054849e-02,8.254267e-02,2.018356e-01,6.055515e-02,4.265973e-02,5.788181e-02,4.472127e-02
4.610972e-02,3.671315e-02,3.226678e-02,4.955963e-02,1.481266e-02,1.876866e-02,1.725316e-03,1.646876e-01,7.314409e-02,7.118066e-02,3.215829e-01,5.333932e-02,3.405688e-02,4.841825e-02,3.363438e-02
3.545249e-02,2.622501e-02,3.184256e-02,5.043137e-02,1.079576e-02,1.643160e-02,1.471763e-03,1.193470e-01,5.396315e-02,5.405763e-02,4.684384e-01,4.649149e-02,2.570171e-02,3.525286e-02,2.409727e-02
4.608577e-02,1.893167e-02,2.449737e-02,3.800298e-02,8.480758e-03,1.531594e-02,1.431379e-03,9.137912e-02,3.868623e-02,3.938383e-02,5.677787e-01,4.623239e-02,2.001772e-02,2.628666e-02,1.748952e-02
7.440159e-02,1.385726e-02,2.025641e-02,2.921169e-02,7.559338e-03,1.296170e-02,1.564260e-03,8.103110e-02,2.874631e-02,2.878743e-02,6.059842e-01,4.729369e-02,1.570477e-02,1.981962e-02,1.282066e-02
1.283934e-01,1.107053e-02,1.928792e-02,2.273795e-02,1.779032e-02,1.284965e-02,2.214941e-03,9.780574e-02,2.615465e-02,2.937961e-02,5.240871e-01,6.259446e-02,1.550394e-02,2.036146e-02,9.768439e-03
1.065143e-01,8.153526e-03,1.409275e-02,1.681421e-02,1.628339e-02,1.127004e-02,2.002642e-03,7.339005e-02,1.989904e-02,2.452767e-02,5.487478e-01,1.150745e-01,1.773867e-02,1.826978e-02,7.221739e-03
8.059891e-02,7.462988e-03,1.125472e-02,1.323246e-02,1.988282e-02,1.139553e-02,2.320986e-03,6.101606e-02,2.918461e-02,2.443864e-02,5.288112e-01,1.679226e-01,2.055504e-02,1.639322e-02,5.530342e-03
6.656741e-02,1.462918e-02,9.905148e-03,1.051192e-02,1.992675e-02,1.174785e-02,2.909031e-03,4.751683e-02,3.583505e-02,2.342162e-02,5.741689e-01,1.461233e-01,1.816972e-02,1.370501e-02,4.862374e-03
5.702042e-02,2.041316e-02,8.048304e-03,8.620879e-03,3.665826e-02,2.040616e-02,4.669654e-03,3.844708e-02,9.497301e-02,3.747280e-02,5.224056e-01,1.196596e-01,1.481133e-02,1.233718e-02,4.056680e-03
6.170519e-02,2.635086e-02,7.895828e-03,8.258462e-03,3.248801e-02,2.941230e-02,5.197444e-03,5.363429e-02,9.093089e-02,1.398390e-01,4.237452e-01,8.872735e-02,1.283376e-02,1.551581e-02,3.465557e-03
9.689188e-02,4.491447e-02,7.623684e-03,8.126547e-03,3.347676e-02,3.878837e-02,4.954652e-03,5.571730e-02,9.835733e-02,1.803853e-01,3.217665e-01,6.909665e-02,1.185957e-02,2.423463e-02,3.806403e-03
9.004790e-02,6.581808e-02,5.791015e-03,7.418638e-03,3.524686e-02,2.863665e-02,3.768761e-03,4.402993e-02,1.876797e-01,2.141424e-01,2.348180e-01,4.957937e-02,9.054512e-03,2.094801e-02,3.020159e-03
8.459818e-02,7.862903e-02,4.722057e-03,6.894591e-03,4.652132e-02,2.403774e-02,3.064637e-03,3.578054e-02,2.046895e-01,2.636132e-01,1.770018e-01,3.873219e-02,7.698700e-03,2.063791e-02,3.378591e-03
7.430625e-02,8.774638e-02,4.645651e-03,1.092898e-02,6.052899e-02,2.095356e-02,2.704416e-03,2.830126e-02,2.922257e-01,2.232173e-01,1.304455e-01,2.907437e-02,7.072386e-03,1.610027e-02,1.174903e-02
6.020517e-02,6.837292e-02,4.345050e-03,1.188118e-02,1.136387e-01,2.028311e-02,4.481585e-03,2.539983e-02,3.816611e-01,1.659075e-01,9.273717e-02,2.130857e-02,5.855527e-03,1.193885e-02,1.198376e-02
4.788678e-02,5.408425e-02,3.696823e-03,1.051749e-02,1.085234e-01,3.643819e-02,4.146202e-03,1.874235e-02,4.802017e-01,1.228316e-01,6.574276e-02,1.524984e-02,5.355222e-03,8.853533e-03,1.772983e-02
3.804674e-02,4.246678e-02,8.549104e-03,8.749823e-02,1.305566e-01,2.901106e-02,3.559838e-03,3.204609e-02,4.439351e-01,9.110898e-02,4.720512e-02,1.174139e-02,4.917817e-03,6.314525e-03,2.304256e-02
4.664801e-02,6.095776e-02,1.459813e-02,6.465513e-02,1.155818e-01,3.569050e-02,3.650359e-03,4.228278e-02,4.692979e-01,6.532824e-02,3.386904e-02,9.083236e-03,4.430140e-03,4.822657e-03,2.910436e-02
4.936797e-02,5.476183e-02,1.205090e-02,4.806033e-02,1.192757e-01,6.197821e-02,3.337220e-03,3.439512e-02,5.089489e-01,4.618899e-02,2.419010e-02,6.636957e-03,3.697964e-03,3.518496e-03,2.359140e-02
6.111804e-02,5.307442e-02,9.923201e-03,3.748109e-02,1.301337e-01,9.231148e-02,4.324067e-03,2.720288e-02,5.010439e-01,3.378376e-02,1.764520e-02,5.369090e-03,3.544337e-03,3.222669e-03,1.982216e-02
6.229859e-02,5.288100e-02,7.919240e-03,3.012352e-02,1.247603e-01,1.096102e-01,4.357371e-03,2.143555e-02,5.183451e-01,2.530829e-02,1.367581e-02,4.242514e-03,3.437812e-03,3.723406e-03,1.788124e-02
6.353135e-02,1.082450e-01,7.523037e-03,5.797126e-02,1.501466e-01,8.810426e-02,5.645598e-03,3.374498e-02,4.195451e-01,1.937067e-02,1.050121e-02,4.268799e-03,3.226968e-03,2.836450e-03,2.533880e-02
7.393118e-02,8.915216e-02,1.874374e-02,1.718127e-01,1.383914e-01,6.506054e-02,4.777342e-03,4.798954e-02,3.106101e-01,1.932626e-02,8.868392e-03,5.497543e-03,3.480601e-03,2.351779e-03,4.000672e-02
1.273932e-01,8.134843e-02,1.565793e-02,1.844102e-01,1.373554e-01,5.101702e-02,5.801816e-03,3.717750e-02,2.752358e-01,1.593074e-02,8.196384e-03,6.540829e-03,4.000822e-03,2.135045e-03,4.779888e-02
1.090205e-01,6.418502e-02,2.769578e-02,3.386573e-01,1.164889e-01,3.739403e-02,6.018027e-03,3.392354e-02,2.003921e-01,1.197551e-02,8.581286e-03,5.455513e-03,3.535229e-03,1.663346e-03,3.501377e-02
1.135468e-01,5.680402e-02,2.095101e-02,2.528102e-01,9.801767e-02,2.810995e-02,6.539791e-03,2.286799e-01,1.434102e-01,8.639538e-03,7.525585e-03,4.647067e-03,3.268860e-03,1.317570e-03,2.573177e-02
1.172118e-01,4.885733e-02,1.651217e-02,1.828204e-01,7.724190e-02,2.107168e-02,6.166706e-03,3.881196e-01,1.017408e-01,6.310660e-03,6.624946e-03,3.627541e-03,3.161730e-03,1.088611e-03,1.944413e-02
1.274285e-01,3.982363e-02,1.394042e-02,1.327147e-01,6.417415e-02,1.963926e-02,7.203153e-03,4.895102e-01,7.225455e-02,4.650866e-03,5.795572e-03,3.080174e-03,4.241555e-03,9.134067e-04,1.462983e-02
1.193462e-01,3.164824e-02,1.325348e-02,9.549192e-02,5.370355e-02,1.758666e-02,2.149345e-02,5.557612e-01,5.117590e-02,3.453080e-03,5.335894e-03,2.857806e-03,1.634314e-02,9.188879e-04,1.163059e-02
9.113649e-02,2.253900e-02,1.127696e-02,6.849924e-02,4.011381e-02,1.469038e-02,3.072098e-02,6.516392e-01,3.612295e-02,2.466446e-03,3.901302e-03,2.249846e-03,1.566245e-02,6.859253e-04,8.295015e-03
7.946284e-02,1.623013e-02,8.968952e-03,4.887521e-02,3.098670e-02,1.288318e-02,2.831422e-02,7.210190e-01,2.571082e-02,1.778513e-03,2.987302e-03,1.911782e-03,1.431704e-02,5.405837e-04,6.013673e-03
6.533699e-02,1.209660e-02,7.791850e-03,3.478532e-02,2.425055e-02,1.220367e-02,3.441162e-02,7.585064e-01,1.833020e-02,1.417335e-03,2.425676e-03,2.110257e-03,2.104415e-02,4.977203e-04,4.791732e-03
1.055433e-01,9.607126e-03,1.284994e-02,2.572647e-02,2.038611e-02,1.518096e-02,3.303321e-02,7.334416e-01,1.383607e-02,1.379421e-03,2.610903e-03,4.770469e-03,1.637755e-02,7.003860e-04,4.556520e-03
1.860963e-01,7.608045e-03,1.479218e-02,1.905148e-02,1.739307e-02,1.956983e-02,3.190206e-02,6.560242e-01,1.162163e-02,1.648284e-03,3.020488e-03,9.270511e-03,1.382859e-02,1.035070e-03,7.138286e-03
