1.000000e+00,0.000000e+00,0.000000e+00,0.000000e+00,0.000000e+00,0.000000e+00,0.000000e+00,0.000000e+00,0.000000e+00,0.000000e+00,0.000000e+00,0.000000e+00,0.000000e+00,0.000000e+00,0.000000e+00
1.000000e+00,0.000000e+00,0.000000e+00,0.000000e+00,0.000000e+00,0.000000e+00,0.000000e+00,0.000000e+00,0.000000e+00,0.000000e+00,0.000000e+00,0.000000e+00,0.000000e+00,0.000000e+00,0.000000e+00
1.000000e+00,0.000000e+00,0.000000e+00,0.000000e+00,0.000000e+00,0.000000e+00,0.000000e+00,0.000000e+00,0.000000e+00,0.000000e+00,0.000000e+00,0.000000e+00,0.000000e+00,0.000000e+00,0.000000e+00
1.000000e+00,0.000000e+00,0.000000e+00,0.000000e+00,0.000000e+00,0.000000e+00,0.000000e+00,0.000000e+00,0.000000e+00,0.000000e+00,0.000000e+00,0.000000e+00,0.000000e+00,0.000000e+00,0.000000e+00
1.000000e+00,0.000000e+00,0.000000e+00,0.000000e+00,0.000000e+00,0.000000e+00,0.000000e+00,0.000000e+00,0.000000e+00,0.000000e+00,0.000000e+00,0.000000e+00,0.000000e+00,0.000000e+00,0.000000e+00
1.000000e+00,0.000000e+00,0.000000e+00,0.000000e+00,0.000000e+00,0.000000e+00,0.000000e+00,0.000000e+00,0.000000e+00,0.000000e+00,0.000000e+00,0.000000e+00,0.000000e+00,0.000000e+00,0.000000e+00
1.000000e+00,0.000000e+00,0.000000e+00,0.000000e+00,0.000000e+00,0.000000e+00,0.000000e+00,0.000000e+00,0.000000e+00,0.000000e+00,0.000000e+00,0.000000e+00,0.000000e+00,0.000000e+00,0.000000e+00
1.000000e+00,0.000000e+00,0.000000e+00,0.000000e+00,0.000000e+00,0.000000e+00,0.000000e+00,0.000000e+00,0.000000e+00,0.000000e+00,0.000000e+00,0.000000e+00,0.000000e+00,0.000000e+00,0.000000e+00
1.000000e+00,0.000000e+00,0.000000e+00,0.000000e+00,0.000000e+00,0.000000e+00,0.000000e+00,0.000000e+00,0.000000e+00,0.000000e+00,0.000000e+00,0.000000e+00,0.000000e+00,0.000000e+00,0.000000e+00
1.000000e+00,0.000000e+00,0.000000e+00,0.000000e+00,0.000000e+00,0.000000e+00,0.000000e+00,0.000000e+00,0.000000e+00,0.000000e+00,0.000000e+00,0.000000e+00,0.000000e+00,0.000000e+00,0.000000e+00
1.000000e+00,0.000000e+00,0.000000e+00,0.000000e+00,0.000000e+00,0.000000e+00,0.000000e+00,0.000000e+00,0.000000e+00,0.000000e+00,0.000000e+00,0.000000e+00,0.000000e+00,0.000000e+00,0.000000e+00
1.000000e+00,0.000000e+00,0.000000e+00,0.000000e+00,0.000000e+00,0.000000e+00,0.000000e+00,0.000000e+00,0.000000e+00,0.000000e+00,0.000000e+00,0.000000e+00,0.000000e+00,0.000000e+00,0.000000e+00
1.000000e+00,0.000000e+00,0.000000e+00,0.000000e+00,0.000000e+00,0.000000e+00,0.000000e+00,0.000000e+00,0.000000e+00,0.000000e+00,0.000000e+00,0.000000e+00,0.000000e+00,0.000000e+00,0.000000e+00
1.000000e+00,0.000000e+00,0.000000e+00,0.000000e+00,0.000000e+00,0.000000e+00,0.000000e+00,0.000000e+00,0.000000e+00,0.000000e+00,0.000000e+00,0.000000e+00,0.000000e+00,0.000000e+00,0.000000e+00
1.000000e+00,0.000000e+00,0.000000e+00,0.000000e+00,0.000000e+00,0.000000e+00,0.000000e+00,0.000000e+00,0.000000e+00,0.000000e+00,0.000000e+00,0.000000e+00,0.000000e+00,0.000000e+00,0.000000e+00
1.000000e+00,0.000000e+00,0.000000e+00,0.000000e+00,0.000000e+00,0.000000e+00,0.000000e+00,0.000000e+00,0.000000e+00,0.000000e+00,0.000000e+00,0.000000e+00,0.000000e+00,0.000000e+00,0.000000e+00
1.000000e+00,0.000000e+00,0.000000e+00,0.000000e+00,0.000000e+00,0.000000e+00,0.000000e+00,0.000000e+00,0.000000e+00,0.000000e+00,0.000000e+00,0.000000e+00,0.000000e+00,0.000000e+00,0.000000e+00
1.000000e+00,0.000000e+00,0.000000e+00,0.000000e+00,0.000000e+00,0.000000e+00,0.000000e+00,0.000000e+00,0.000000e+00,0.000000e+00,0.000000e+00,0.000000e+00,0.000000e+00,0.000000e+00,0.000000e+00
1.000000e+00,0.000000e+00,0.000000e+00,0.000000e+00,0.000000e+00,0.000000e+00,0.000000e+00,0.000000e+00,0.000000e+00,0.000000e+00,0.000000e+00,0.000000e+00,0.000000e+00,0.000000e+00,0.000000e+00
1.000000e+00,0.000000e+00,0.000000e+00,0.000000e+00,0.000000e+00,0.000000e+00,0.000000e+00,0.000000e+00,0.000000e+00,0.000000e+00,0.000000e+00,0.000000e+00,0.000000e+00,0.000000e+00,0.000000e+00
1.000000e+00,0.000000e+00,0.000000e+00,0.000000e+00,0.000000e+00,0.000000e+00,0.000000e+00,0.000000e+00,0.000000e+00,0.000000e+00,0.000000e+00,0.000000e+00,0.000000e+00,0.000000e+00,0.000000e+00
1.000000e+00,0.000000e+00,0.000000e+00,0.000000e+00,0.000000e+00,0.000000e+00,0.000000e+00,0.000000e+00,0.000000e+00,0.000000e+00,0.000000e+00,0.000000e+00,0.000000e+00,0.000000e+00,0.000000e+00
1.000000e+00,0.000000e+00,0.000000e+00,0.000000e+00,0.000000e+00,0.000000e+00,0.000000e+00,0.000000e+00,0.000000e+00,0.000000e+00,0.000000e+00,0.000000e+00,0.000000e+00,0.000000e+00,0.000000e+00
1.000000e+00,0.000000e+00,0.000000e+00,0.000000e+00,0.000000e+00,0.000000e+00,0.000000e+00,0.000000e+00,0.000000e+00,0.000000e+00,0.000000e+00,0.000000e+00,0.000000e+00,0.000000e+00,0.000000e+00
1.000000e+00,0.000000e+00,0.000000e+00,0.000000e+00,0.000000e+00,0.000000e+00,0.000000e+00,0.000000e+00,0.000000e+00,0.000000e+00,0.000000e+00,0.000000e+00,0.000000e+00,0.000000e+00,0.000000e+00
1.000000e+00,0.000000e+00,0.000000e+00,0.000000e+00,0.000000e+00,0.000000e+00,0.000000e+00,0.000000e+00,0.000000e+00,0.000000e+00,0.000000e+00,0.000000e+00,0.000000e+00,0.000000e+00,0.000000e+00
1.000000e+00,0.000000e+00,0.000000e+00,0.000000e+00,0.000000e+00,0.000000e+00,0.000000e+00,0.000000e+00,0.000000e+00,0.000000e+00,0.000000e+00,0.000000e+00,0.000000e+00,0.000000e+00,0.000000e+00
1.000000e+00,0.000000e+00,0.000000e+00,0.000000e+00,0.000000e+00,0.000000e+00,0.000000e+00,0.000000e+00,0.000000e+00,0.000000e+00,0.000000e+00,0.000000e+00,0.000000e+00,0.000000e+00,0.000000e+00
1.000000e+00,0.000000e+00,0.000000e+00,0.000000e+00,0.000000e+00,0.000000e+00,0.000000e+00,0.000000e+00,0.000000e+00,0.000000e+00,0.000000e+00,0.000000e+00,0.000000e+00,0.000000e+00,0.000000e+00
1.000000e+00,0.000000e+00,0.000000e+00,0.000000e+00,0.000000e+00,0.000000e+00,0.000000e+00,0.000000e+00,0.000000e+00,0.000000e+00,0.000000e+00,0.000000e+00,0.000000e+00,0.000000e+00,0.000000e+00
1.000000e+00,0.000000e+00,0.000000e+00,0.000000e+00,0.000000e+00,0.000000e+00,0.000000e+00,0.000000e+00,0.000000e+00,0.000000e+00,0.000000e+00,0.000000e+00,0.000000e+00,0.000000e+00,0.000000e+00
1.000000e+00,0.000000e+00,0.000000e+00,0.000000e+00,0.000000e+00,0.000000e+00,0.000000e+00,0.000000e+00,0.000000e+00,0.000000e+00,0.000000e+00,0.000000e+00,0.000000e+00,0.000000e+00,0.000000e+00
1.000000e+00,0.000000e+00,0.000000e+00,0.000000e+00,0.000000e+00,0.000000e+00,0.000000e+00,0.000000e+00,0.000000e+00,0.000000e+00,0.000000e+00,0.000000e+00,0.000000e+00,0.000000e+00,0.000000e+00
1.000000e+00,0.000000e+00,0.000000e+00,0.000000e+00,0.000000e+00,0.000000e+00,0.000000e+00,0.000000e+00,0.000000e+00,0.000000e+00,0.000000e+00,0.000000e+00,0.000000e+00,0.000000e+00,0.000000e+00
1.000000e+00,0.000000e+00,0.000000e+00,0.000000e+00,0.000000e+00,0.000000e+00,0.000000e+00,0.000000e+00,0.000000e+00,0.000000e+00,0.000000e+00,0.000000e+00,0.000000e+00,0.000000e+00,0.000000e+00
1.000000e+00,0.000000e+00,0.000000e+00,0.000000e+00,0.000000e+00,0.000000e+00,0.000000e+00,0.000000e+00,0.000000e+00,0.000000e+00,0.000000e+00,0.000000e+00,0.000000e+00,0.000000e+00,0.000000e+00
1.000000e+00,0.000000e+00,0.000000e+00,0.000000e+00,0.000000e+00,0.000000e+00,0.000000e+00,0.000000e+00,0.000000e+00,0.000000e+00,0.000000e+00,0.000000e+00,0.000000e+00,0.000000e+00,0.000000e+00
1.000000e+00,0.000000e+00,0.000000e+00,0.000000e+00,0.000000e+00,0.000000e+00,0.000000e+00,0.000000e+00,0.000000e+00,0.000000e+00,0.000000e+00,0.000000e+00,0.000000e+00,0.000000e+00,0.000000e+00
1.000000e+00,0.000000e+00,0.000000e+00,0.000000e+00,0.000000e+00,0.000000e+00,0.000000e+00,0.000000e+00,0.000000e+00,0.000000e+00,0.000000e+00,0.000000e+00,0.000000e+00,0.000000e+00,0.000000e+00
1.000000e+00,0.000000e+00,0.000000e+00,0.000000e+00,0.000000e+00,0.000000e+00,0.000000e+00,0.000000e+00,0.000000e+00,0.000000e+00,0.000000e+00,0.000000e+00,0.000000e+00,0.000000e+00,0.000000e+00
1.000000e+00,0.000000e+00,0.000000e+00,0.000000e+00,0.000000e+00,0.000000e+00,0.000000e+00,0.000000e+00,0.000000e+00,0.000000e+00,0.000000e+00,0.000000e+00,0.000000e+00,0.000000e+00,0.000000e+00
1.000000e+00,0.000000e+00,0.000000e+00,0.000000e+00,0.000000e+00,0.000000e+00,0.000000e+00,0.000000e+00,0.000000e+00,0.000000e+00,0.000000e+00,0.000000e+00,0.000000e+00,0.000000e+00,0.000000e+00
1.000000e+00,0.000000e+00,0.000000e+00,0.000000e+00,0.000000e+00,0.000000e+00,0.000000e+00,0.000000e+00,0.000000e+00,0.000000e+00,0.000000e+00,0.000000e+00,0.000000e+00,0.000000e+00,0.000000e+00
1.000000e+00,0.000000e+00,0.000000e+00,0.000000e+00,0.000000e+00,0.000000e+00,0.000000e+00,0.000000e+00,0.000000e+00,0.000000e+00,0.000000e+00,0.000000e+00,0.000000e+00,0.000000e+00,0.000000e+00
1.000000e+00,0.000000e+00,0.000000e+00,0.000000e+00,0.000000e+00,0.000000e+00,0.000000e+00,0.000000e+00,0.000000e+00,0.000000e+00,0.000000e+00,0.000000e+00,0.000000e+00,0.000000e+00,0.000000e+00
1.000000e+00,0.000000e+00,0.000000e+00,0.000000e+00,0.000000e+00,0.000000e+00,0.000000e+00,0.000000e+00,0.000000e+00,0.000000e+00,0.000000e+00,0.000000e+00,0.000000e+00,0.000000e+00,0.000000e+00
1.000000e+00,0.000000e+00,0.000000e+00,0.000000e+00,0.000000e+00,0.000000e+00,0.000000e+00,0.000000e+00,0.000000e+00,0.000000e+00,0.000000e+00,0.000000e+00,0.000000e+00,0.000000e+00,0.000000e+00
1.000000e+00,0.000000e+00,0.000000e+00,0.000000e+00,0.000000e+00,0.000000e+00,0.000000e+00,0.000000e+00,0.000000e+00,0.000000e+00,0.000000e+00,0.000000e+00,0.000000e+00,0.000000e+00,0.000000e+00
1.000000e+00,0.000000e+00,0.000000e+00,0.000000e+00,0.000000e+00,0.000000e+00,0.000000e+00,0.000000e+00,0.000000e+00,0.000000e+00,0.000000e+00,0.000000e+00,0.000000e+00,0.000000e+00,0.000000e+00
1.000000e+00,0.000000e+00,0.000000e+00,0.000000e+00,0.000000e+00,0.000000e+00,0.000000e+00,0.000000e+00,0.000000e+00,0.000000e+00,0.000000e+00,0.000000e+00,0.000000e+00,0.000000e+00,0.000000e+00
1.000000e+00,0.000000e+00,0.000000e+00,0.000000e+00,0.000000e+00,0.000000e+00,0.000000e+00,0.000000e+00,0.000000e+00,0.000000e+00,0.000000e+00,0.000000e+00,0.000000e+00,0.000000e+00,0.000000e+00
1.000000e+00,0.000000e+00,0.000000e+00,0.000000e+00,0.000000e+00,0.000000e+00,0.000000e+00,0.000000e+00,0.000000e+00,0.000000e+00,0.000000e+00,0.000000e+00,0.000000e+00,0.000000e+00,0.000000e+00
1.000000e+00,0.000000e+00,0.000000e+00,0.000000e+00,0.000000e+00,0.000000e+00,0.000000e+00,0.000000e+00,0.000000e+00,0.000000e+00,0.000000e+00,0.000000e+00,0.000000e+00,0.000000e+00,0.000000e+00
1.000000e+00,0.000000e+00,0.000000e+00,0.000000e+00,0.000000e+00,0.000000e+00,0.000000e+00,0.000000e+00,0.000000e+00,0.000000e+00,0.000000e+00,0.000000e+00,0.000000e+00,0.000000e+00,0.000000e+00
1.000000e+00,0.000000e+00,0.000000e+00,0.000000e+00,0.000000e+00,0.000000e+00,0.000000e+00,0.000000e+00,0.000000e+00,0.000000e+00,0.000000e+00,0.000000e+00,0.000000e+00,0.000000e+00,0.000000e+00
1.000000e+00,0.000000e+00,0.000000e+00,0.000000e+00,0.000000e+00,0.000000e+00,0.000000e+00,0.000000e+00,0.000000e+00,0.000000e+00,0.000000e+00,0.000000e+00,0.000000e+00,0.000000e+00,0.000000e+00
1.000000e+00,0.000000e+00,0.000000e+00,0.000000e+00,0.000000e+00,0.000000e+00,0.000000e+00,0.000000e+00,0.000000e+00,0.000000e+00,0.000000e+00,0.000000e+00,0.000000e+00,0.000000e+00,0.000000e+00
1.000000e+00,0.000000e+00,0.000000e+00,0.000000e+00,0.000000e+00,0.000000e+00,0.000000e+00,0.000000e+00,0.000000e+00,0.000000e+00,0.000000e+00,0.000000e+00,0.000000e+00,0.000000e+00,0.000000e+00
1.000000e+00,0.000000e+00,0.000000e+00,0.000000e+00,0.000000e+00,0.000000e+00,0.000000e+00,0.000000e+00,0.000000e+00,0.000000e+00,0.000000e+00,0.000000e+00,0.000000e+00,0.000000e+00,0.000000e+00
1.000000e+00,0.000000e+00,0.000000e+00,0.000000e+00,0.000000e+00,0.000000e+00,0.000000e+00,0.000000e+00,0.000000e+00,0.000000e+00,0.000000e+00,0.000000e+00,0.000000e+00,0.000000e+00,0.000000e+00
1.000000e+00,0.000000e+00,0.000000e+00,0.000000e+00,0.000000e+00,0.000000e+00,0.000000e+00,0.000000e+00,0.000000e+00,0.000000e+00,0.000000e+00,0.000000e+00,0.000000e+00,0.000000e+00,0.000000e+00
4.556417e-01,6.001377e-02,3.257252e-02,2.243676e-01,5.982976e-03,1.451026e-02,4.120786e-03,6.176658e-03,1.223504e-02,4.490078e-03,2.049187e-02,3.534766e-02,2.679157e-02,4.188742e-03,9.306887e-02
3.651574e-01,4.986890e-02,2.566393e-02,2.408237e-01,5.320613e-03,1.560505e-02,3.779629e-03,5.170211e-03,1.818452e-02,5.680498e-03,2.781316e-02,3.426383e-02,9.069730e-02,3.856923e-03,1.081143e-01
3.928964e-01,3.992442e-02,1.924534e-02,2.122677e-01,5.476028e-03,1.980039e-02,4.218809e-03,4.328772e-03,2.083134e-02,8.256759e-03,4.396506e-02,4.015628e-02,8.737919e-02,6.036849e-03,9.521669e-02
3.744547e-01,3.195427e-02,1.503141e-02,1.892506e-01,6.899967e-03,1.918786e-02,4.299906e-03,3.824423e-03,3.463005e-02,1.245607e-02,5.008999e-02,8.840956e-02,8.784696e-02,6.964406e-03,7.469980e-02
3.472892e-01,2.866278e-02,1.398759e-02,1.643457e-01,6.809431e-03,2.985022e-02,4.633567e-03,3.678305e-03,6.139922e-02,1.154323e-02,4.631076e-02,1.202413e-01,7.904810e-02,7.859773e-03,7.434075e-02
3.725746e-01,2.337463e-02,1.206557e-02,1.349909e-01,5.931956e-03,4.511786e-02,4.311210e-03,2.928687e-03,5.598843e-02,1.122025e-02,4.163621e-02,1.408524e-01,6.853983e-02,8.963292e-03,7.150431e-02
4.075333e-01,1.841064e-02,9.394819e-03,1.014007e-01,6.114041e-03,5.462496e-02,4.426011e-03,3.307329e-03,4.940606e-02,1.220680e-02,3.639582e-02,1.699929e-01,6.339375e-02,9.656939e-03,5.373594e-02
4.578355e-01,1.422746e-02,7.231551e-03,7.385211e-02,5.284397e-03,5.090945e-02,3.829622e-03,3.019717e-03,4.001331e-02,1.557726e-02,3.335769e-02,1.865741e-01,5.834819e-02,9.564046e-03,4.037559e-02
3.636345e-01,1.109993e-02,6.449353e-03,5.776596e-02,6.516915e-03,4.451612e-02,3.230198e-03,3.500307e-03,4.691899e-02,1.906577e-02,4.335220e-02,2.802883e-01,7.459529e-02,8.997086e-03,3.006912e-02
2.730084e-01,8.317647e-03,4.703405e-03,4.196781e-02,5.614151e-03,3.311364e-02,2.380300e-03,3.273157e-03,4.936951e-02,1.879165e-02,4.189051e-02,4.046712e-01,8.274460e-02,8.182400e-03,2.197165e-02
2.205099e-01,6.471606e-03,3.592773e-03,3.057711e-02,5.622181e-03,2.434665e-02,1.832415e-03,2.795025e-03,7.478341e-02,2.167436e-02,4.145934e-02,4.683943e-01,7.535126e-02,6.543916e-03,1.604573e-02
2.305198e-01,6.414873e-03,5.025616e-03,2.363463e-02,1.201119e-02,1.886864e-02,1.824913e-03,5.612912e-03,1.447078e-01,3.462853e-02,4.077856e-02,3.816186e-01,7.591560e-02,5.576883e-03,1.286147e-02
1.856037e-01,5.433350e-03,4.417452e-03,1.735139e-02,2.396817e-02,1.484266e-02,2.211691e-03,7.271166e-03,3.199972e-01,2.895061e-02,3.108804e-02,2.833858e-01,6.184519e-02,4.217592e-03,9.416035e-03
1.378278e-01,6.712679e-03,2.068303e-02,2.881040e-02,8.229055e-02,1.141360e-02,3.952254e-03,3.226181e-02,3.636645e-01,2.322278e-02,2.339139e-02,2.072049e-01,4.776666e-02,3.264560e-03,7.533058e-03
9.704082e-02,7.380930e-03,1.479748e-02,2.057622e-02,6.806794e-02,8.391281e-03,3.009341e-03,2.266757e-02,5.376052e-01,1.635766e-02,1.682944e-02,1.457180e-01,3.385124e-02,2.294224e-03,5.412630e-03
6.833734e-02,6.350794e-03,1.048480e-02,1.465587e-02,5.255549e-02,6.565419e-03,2.307240e-03,1.592186e-02,6.667126e-01,1.157329e-02,1.229698e-02,1.024965e-01,2.407900e-02,1.613840e-03,4.048868e-03
4.918870e-02,4.916026e-03,7.629145e-03,1.141593e-02,5.016552e-02,1.486767e-02,2.357243e-03,1.139109e-02,7.378953e-01,8.242758e-03,8.842719e-03,7.198430e-02,1.702810e-02,1.133762e-03,2.941754e-03
3.774450e-02,3.750139e-03,7.501816e-03,2.129487e-02,5.726507e-02,1.579254e-02,2.150115e-03,1.610762e-02,7.600299e-01,5.846465e-03,6.356651e-03,5.082431e-02,1.238599e-02,8.008813e-04,2.149079e-03
4.797704e-02,4.107957e-03,7.886373e-03,1.885737e-02,7.955103e-02,1.172150e-02,2.425185e-03,1.734681e-02,7.543486e-01,4.196296e-03,4.681128e-03,3.573074e-02,8.906423e-03,5.946470e-04,1.668798e-03
7.702187e-02,1.014869e-02,8.918246e-03,3.853106e-02,1.864075e-01,1.426059e-02,3.283916e-03,1.608167e-02,6.019007e-01,3.634511e-03,3.947374e-03,2.543085e-02,6.773463e-03,5.695166e-04,3.089991e-03
6.596445e-02,1.793274e-02,2.138233e-02,2.122088e-01,1.825645e-01,1.124217e-02,3.110246e-03,1.369564e-02,4.351034e-01,4.007185e-03,3.704889e-03,1.825969e-02,5.165460e-03,4.396515e-04,5.218805e-03
7.556969e-02,2.111173e-02,1.800423e-02,1.670666e-01,2.942374e-01,9.931078e-03,3.281604e-03,1.279889e-02,3.673956e-01,3.860578e-03,4.068900e-03,1.335733e-02,4.045587e-03,4.086583e-04,4.862191e-03
6.015424e-02,2.278341e-02,2.249435e-02,3.200893e-01,2.618339e-01,7.857732e-03,4.136392e-03,1.340619e-02,2.634707e-01,3.236080e-03,3.458345e-03,9.594461e-03,3.050806e-03,3.088484e-04,4.125226e-03
6.167047e-02,2.456246e-02,6.314621e-02,3.043285e-01,2.335249e-01,7.066062e-03,3.770262e-02,3.055382e-02,2.078132e-01,8.631989e-03,3.919966e-03,7.076482e-03,5.860877e-03,3.057850e-04,3.836569e-03
8.826466e-02,2.288356e-02,6.513377e-02,2.278887e-01,2.313592e-01,7.990937e-03,3.476458e-02,1.337057e-01,1.564196e-01,1.110636e-02,4.505612e-03,5.370862e-03,5.515973e-03,3.808207e-04,4.709641e-03
8.940785e-02,1.927455e-02,5.476819e-02,1.626045e-01,1.915562e-01,6.606814e-03,3.049040e-02,3.037850e-01,1.125587e-01,1.096008e-02,5.151568e-03,3.944137e-03,4.648137e-03,3.443685e-04,3.899534e-03
1.112993e-01,2.714710e-02,5.647566e-02,1.207144e-01,1.504118e-01,8.387893e-03,3.556089e-02,3.630777e-01,8.316417e-02,1.635678e-02,8.466002e-03,3.586078e-03,6.243974e-03,1.408041e-03,7.700256e-03
1.260362e-01,2.695366e-02,5.967690e-02,9.029793e-02,1.248895e-01,9.075975e-03,3.230676e-02,4.300704e-01,6.166355e-02,1.307654e-02,8.314537e-03,3.120251e-03,6.018734e-03,1.396722e-03,7.102335e-03
1.706766e-01,2.519158e-02,4.928369e-02,6.584985e-02,9.330051e-02,1.094933e-02,2.713507e-02,4.724080e-01,4.446806e-02,1.072348e-02,9.075754e-03,4.318482e-03,5.956417e-03,2.069307e-03,8.593870e-03
2.039382e-01,2.058693e-02,3.772822e-02,4.736232e-02,6.859396e-02,1.219415e-02,1.979922e-02,5.152081e-01,3.223769e-02,8.864474e-03,8.776099e-03,5.363691e-03,5.487432e-03,3.256293e-03,1.060311e-02
2.220756e-01,1.812499e-02,3.149926e-02,3.476329e-02,5.221879e-02,1.428807e-02,1.461362e-02,5.423262e-01,2.367402e-02,7.967447e-03,8.324668e-03,5.899899e-03,5.317019e-03,4.585279e-03,1.432182e-02
3.207577e-01,1.530996e-02,2.613498e-02,2.646060e-02,3.772393e-02,1.569238e-02,1.088111e-02,4.820925e-01,1.765940e-02,6.329916e-03,8.523121e-03,6.488296e-03,5.253919e-03,5.201907e-03,1.549019e-02
3.907090e-01,1.387743e-02,2.197425e-02,2.105474e-02,2.801598e-02,1.890409e-02,8.274147e-03,4.344214e-01,1.353255e-02,5.486166e-03,8.498657e-03,7.224937e-03,5.142727e-03,5.604738e-03,1.727917e-02
4.051597e-01,1.232061e-02,1.964361e-02,1.739393e-02,2.111956e-02,1.941675e-02,6.501016e-03,4.375424e-01,1.053884e-02,4.359516e-03,7.690072e-03,8.426905e-03,5.358991e-03,5.531323e-03,1.899678e-02
4.111986e-01,1.176200e-02,1.929960e-02,1.591565e-02,1.620593e-02,1.919919e-02,5.398822e-03,4.368752e-01,8.679345e-03,4.138856e-03,7.433177e-03,1.028251e-02,5.590929e-03,5.757665e-03,2.226242e-02
4.141544e-01,1.096792e-02,1.803314e-02,1.439988e-02,1.259690e-02,1.790781e-02,4.571900e-03,4.458321e-01,7.151106e-03,3.879905e-03,6.591047e-03,1.084484e-02,5.579705e-03,5.242577e-03,2.224665e-02
4.010655e-01,1.029150e-02,1.548468e-02,1.250448e-02,9.777074e-03,1.580969e-02,3.897101e-03,4.724584e-01,5.844194e-03,3.426644e-03,6.213714e-03,1.148833e-02,5.342292e-03,4.935085e-03,2.146127e-02
4.175504e-01,1.196531e-02,1.347600e-02,1.489872e-02,7.920189e-03,1.757189e-02,3.364592e-03,4.166804e-01,5.808261e-03,4.801118e-03,7.880100e-03,1.776627e-02,6.745248e-03,7.023237e-03,4.654832e-02
2.937583e-01,1.214007e-01,2.518247e-02,1.279151e-01,6.720750e-03,1.268612e-02,2.577034e-03,2.919515e-01,5.709256e-03,7.545481e-03,7.066152e-03,1.584907e-02,5.622061e-03,5.117266e-03,7.089869e-02
2.058071e-01,8.936492e-02,6.247844e-02,1.543907e-01,4.811543e-03,9.129080e-03,1.823092e-03,2.044043e-01,9.546334e-03,3.544215e-02,7.987830e-03,1.163547e-02,4.416865e-03,3.839081e-03,1.949231e-01
1.452213e-01,6.687105e-02,5.813470e-02,1.122909e-01,3.520195e-03,7.078044e-03,1.335686e-03,1.431871e-01,1.039178e-02,3.728367e-02,6.997467e-03,8.754064e-03,3.448295e-03,4.352838e-03,3.911329e-01
1.105360e-01,5.246779e-02,7.149890e-02,8.386838e-02,2.717786e-03,6.147504e-03,1.081216e-03,1.006572e-01,1.542249e-02,5.962459e-02,6.730748e-03,6.977980e-03,3.028260e-03,9.255231e-03,4.699860e-01
8.342382e-02,3.932481e-02,6.160317e-02,5.912810e-02,2.006420e-03,4.862638e-03,7.970143e-04,7.061440e-02,1.576407e-02,6.438078e-02,5.433862e-03,5.034977e-03,2.260064e-03,1.592270e-02,5.694432e-01
6.056500e-02,2.830731e-02,4.445416e-02,4.144097e-02,1.435121e-03,3.834901e-03,5.685276e-04,4.948330e-02,1.488954e-02,6.932864e-02,1.273662e-02,4.947677e-03,2.127809e-03,6.995034e-02,5.959301e-01
4.731634e-02,2.200271e-02,3.603150e-02,2.953563e-02,2.599510e-03,3.159610e-03,5.293927e-04,3.501148e-02,2.281325e-02,1.096881e-01,3.099229e-02,5.205051e-03,5.198504e-03,1.334448e-01,5.164719e-01
6.028509e-02,1.865690e-02,2.737857e-02,2.123615e-02,1.111056e-02,3.633704e-03,8.720072e-04,2.510316e-02,5.506065e-02,1.405839e-01,2.674923e-02,4.304486e-03,1.032767e-02,1.281272e-01,4.665708e-01
4.565797e-02,1.171981e-01,3.678788e-02,1.849224e-02,1.686274e-02,4.575543e-03,9.447142e-04,1.869461e-02,8.101266e-02,1.077737e-01,2.689862e-02,3.581315e-03,1.168185e-02,9.511003e-02,4.147280e-01
3.602478e-02,1.611088e-01,7.527842e-02,2.136711e-02,2.055593e-02,8.303007e-03,1.331486e-03,1.436671e-02,9.763092e-02,8.930970e-02,3.213362e-02,4.839712e-03,1.814726e-02,7.381762e-02,3.457850e-01
3.503055e-02,1.366305e-01,1.628885e-01,3.863920e-02,2.868275e-02,1.254505e-02,4.743373e-03,1.192078e-02,1.011578e-01,6.655958e-02,2.863346e-02,7.491687e-03,2.777272e-02,5.542061e-02,2.818835e-01
8.164762e-02,1.088123e-01,1.544364e-01,3.418547e-02,3.489137e-02,1.899073e-02,8.704581e-03,4.970861e-02,1.026912e-01,5.586940e-02,2.570651e-02,7.021247e-03,2.530662e-02,4.350452e-02,2.485234e-01
1.073457e-01,8.407418e-02,1.325736e-01,3.419907e-02,3.862834e-02,2.039965e-02,1.660122e-02,1.393319e-01,9.381504e-02,4.772151e-02,3.017261e-02,7.133412e-03,2.351454e-02,3.196968e-02,1.925196e-01
2.488021e-01,6.807001e-02,1.003180e-01,4.053256e-02,3.400297e-02,2.452133e-02,1.450267e-02,1.127029e-01,7.890678e-02,4.009227e-02,2.957903e-02,1.249310e-02,2.142136e-02,2.688287e-02,1.471720e-01
3.121539e-01,5.702149e-02,7.722702e-02,4.060707e-02,3.017939e-02,3.212711e-02,1.586427e-02,1.110548e-01,7.334307e-02,3.969923e-02,2.901177e-02,1.692885e-02,2.340388e-02,2.522765e-02,1.161505e-01
2.842401e-01,7.898465e-02,6.731338e-02,6.015524e-02,3.293746e-02,3.378814e-02,4.681130e-02,1.153595e-01,5.809958e-02,3.924542e-02,2.663724e-02,1.773162e-02,2.450806e-02,2.198544e-02,9.220295e-02
2.245317e-01,7.074498e-02,8.323076e-02,5.030871e-02,4.074304e-02,4.720992e-02,8.460690e-02,1.616836e-01,4.394573e-02,3.459248e-02,2.166465e-02,1.386550e-02,3.644604e-02,1.701516e-02,6.941087e-02
1.922379e-01,5.474288e-02,7.144530e-02,3.752152e-02,3.374500e-02,5.254762e-02,1.247378e-01,2.307195e-01,3.336082e-02,2.619679e-02,1.720159e-02,1.174401e-02,4.932507e-02,1.281952e-02,5.165477e-02
2.602039e-01,4.418347e-02,6.144824e-02,3.127136e-02,3.540715e-02,5.183322e-02,1.091639e-01,2.167537e-01,3.453018e-02,2.095201e-02,1.679345e-02,1.572805e-02,4.628392e-02,1.117812e-02,4.426927e-02
3.180567e-01,3.776048e-02,4.967576e-02,2.611478e-02,3.614234e-02,4.889620e-02,1.054758e-01,1.874283e-01,4.134830e-02,1.679022e-02,1.566066e-02,1.828380e-02,4.898781e-02,9.635712e-03,3.974307e-02
2.949890e-01,4.853597e-02,3.823131e-02,2.286517e-02,3.201594e-02,5.263662e-02,8.951704e-02,1.521432e-01,6.257567e-02,1.739771e-02,2.503877e-02,2.871380e-02,7.955107e-02,8.470255e-03,4.731848e-02
2.959954e-01,4.241341e-02,2.863410e-02,1.831256e-02,2.664745e-02,5.323004e-02,7.682182e-02,1.166907e-01,5.763976e-02,3.366045e-02,5.384625e-02,2.859276e-02,8.977480e-02,1.525956e-02,6.248093e-02
2.259955e-01,3.294647e-02,2.038216e-02,1.528832e-02,2.533645e-02,4.443387e-02,8.090384e-02,8.564350e-02,6.130271e-02,2.677781e-02,5.877580e-02,3.255726e-02,1.835607e-01,2.935939e-02,7.673633e-02
1.651378e-01,2.443623e-02,1.523152e-02,1.366590e-02,2.497116e-02,3.332377e-02,6.895398e-02,6.105154e-02,5.386250e-02,4.354557e-02,4.927474e-02,2.886307e-02,1.418590e-01,6.631783e-02,2.095054e-01
1.226183e-01,1.750216e-02,1.107324e-02,1.053623e-02,1.919585e-02,2.460269e-02,6.560245e-02,4.388396e-02,4.023489e-02,3.460301e-02,4.565089e-02,2.422453e-02,1.076284e-01,2.147516e-01,2.178918e-01
8.710521e-02,1.253169e-02,7.847213e-03,7.622650e-03,1.530784e-02,1.747793e-02,4.736153e-02,3.206631e-02,3.800896e-02,2.955560e-02,3.686771e-02,4.040619e-02,1.141324e-01,3.397537e-01,1.739551e-01
6.615084e-02,9.511756e-03,5.787159e-03,5.792502e-03,1.524274e-02,1.476025e-02,3.519915e-02,2.432658e-02,4.932507e-02,3.102164e-02,5.206760e-02,3.676172e-02,9.121991e-02,4.011402e-01,1.616929e-01
5.384722e-02,7.284207e-03,4.259966e-03,4.755935e-03,1.293845e-02,1.550365e-02,2.636877e-02,1.850036e-02,5.583073e-02,3.251169e-02,9.356616e-02,3.293139e-02,6.868971e-02,4.402143e-01,1.327974e-01
7.017374e-02,6.231620e-03,6.569136e-03,5.616202e-03,1.091138e-02,1.999398e-02,2.077211e-02,1.613478e-02,5.494860e-02,2.929514e-02,1.119491e-01,2.746273e-02,5.049633e-02,4.751387e-01,9.430645e-02
7.440657e-02,5.269556e-03,5.875842e-03,4.555660e-03,9.309690e-03,1.797858e-02,1.544651e-02,1.287516e-02,4.943115e-02,3.054838e-02,1.360235e-01,2.130087e-02,3.700322e-02,5.114664e-01,6.850892e-02
6.855980e-02,4.824770e-03,4.561332e-03,5.633709e-03,8.415688e-03,1.648416e-02,1.106679e-02,9.439695e-03,5.533344e-02,2.936889e-02,1.759432e-01,1.726609e-02,2.723182e-02,5.168942e-01,4.897644e-02
8.474480e-02,6.531461e-03,4.892896e-03,5.288772e-03,7.078857e-03,1.664368e-02,8.180629e-03,7.242142e-03,7.222144e-02,2.565939e-02,2.004688e-01,1.561671e-02,2.038560e-02,4.890466e-01,3.599821e-02
8.633556e-02,8.646829e-03,4.620604e-03,4.705452e-03,5.562551e-03,1.599666e-02,5.878573e-03,5.322479e-03,9.935115e-02,2.037255e-02,1.873830e-01,1.390421e-02,1.504383e-02,5.004747e-01,2.640184e-02
6.304532e-02,1.016180e-02,3.619698e-03,3.976267e-03,4.143154e-03,1.443239e-02,4.141209e-03,3.776327e-03,1.369592e-01,1.663945e-02,1.833204e-01,1.137376e-02,1.110893e-02,5.142053e-01,1.909682e-02
4.650038e-02,1.226455e-02,4.977220e-03,3.475318e-03,3.807093e-03,1.910205e-02,2.974992e-03,2.733922e-03,2.572131e-01,1.464355e-02,1.441682e-01,8.306910e-03,8.148466e-03,4.577207e-01,1.396356e-02
3.413817e-02,1.407008e-02,6.880847e-03,4.545373e-03,3.777693e-03,3.017685e-02,2.274796e-03,2.502246e-03,3.799008e-01,1.264181e-02,1.031120e-01,5.858388e-03,6.153482e-03,3.832385e-01,1.072896e-02
2.475552e-02,1.069703e-02,1.045423e-02,4.733990e-03,4.509069e-03,2.958777e-02,1.692071e-03,2.541249e-02,4.853417e-01,1.081567e-02,7.311190e-02,4.138216e-03,4.542247e-03,3.011852e-01,9.022996e-03
1.850448e-02,8.926930e-03,2.928589e-02,8.696590e-03,4.605776e-03,2.810480e-02,1.245254e-03,2.000966e-02,5.616711e-01,1.129015e-02,5.186624e-02,2.925055e-03,3.454032e-03,2.388431e-01,1.057093e-02
1.742985e-02,8.633429e-03,5.741753e-02,1.531982e-02,7.316194e-03,2.400756e-02,9.787052e-04,1.769385e-02,5.958734e-01,1.084564e-02,3.878937e-02,2.315630e-03,3.375170e-03,1.842864e-01,1.571749e-02
2.122996e-02,7.271676e-03,5.272913e-02,1.177686e-02,7.413396e-03,1.916868e-02,7.144744e-04,1.393311e-02,6.652432e-01,8.056943e-03,3.007211e-02,1.785582e-03,2.599747e-03,1.410425e-01,1.696267e-02
2.966551e-02,1.111312e-02,5.267371e-02,2.459479e-02,2.699018e-02,2.212364e-02,7.712637e-04,1.536892e-02,6.590159e-01,6.142490e-03,2.379192e-02,1.596005e-03,2.456830e-03,1.045968e-01,1.909897e-02
3.560694e-02,1.142298e-02,4.804228e-02,1.860402e-02,2.934022e-02,2.481181e-02,6.377907e-04,2.424704e-02,6.740662e-01,4.692996e-03,1.839771e-02,1.346694e-03,2.313642e-03,8.859473e-02,1.787500e-02
3.661764e-02,1.253238e-02,3.872046e-02,1.474159e-02,2.754297e-02,2.109995e-02,5.017934e-04,5.527236e-02,6.740111e-01,3.813338e-03,1.432662e-02,1.062064e-03,2.009608e-03,8.262752e-02,1.512061e-02
4.987255e-02,1.049361e-02,3.314263e-02,1.646773e-02,2.947024e-02,1.898446e-02,6.956088e-04,6.687832e-02,6.756986e-01,2.995111e-03,1.226231e-02,9.429029e-04,1.746456e-03,6.815267e-02,1.219675e-02
4.450026e-02,8.860681e-03,3.153624e-02,1.941613e-02,5.332332e-02,1.492264e-02,6.683542e-04,5.450422e-02,6.978183e-01,2.852721e-03,9.320427e-03,7.966462e-04,1.420170e-03,4.974633e-02,1.031356e-02
3.154050e-02,7.349884e-03,2.866064e-02,3.716818e-02,3.872976e-02,1.076931e-02,5.594804e-04,3.842913e-02,7.124494e-01,5.071539e-03,1.352542e-02,1.460876e-03,6.636173e-03,3.721007e-02,3.043965e-02
2.242898e-02,5.588269e-03,2.274575e-02,2.910157e-02,2.747877e-02,7.904961e-03,4.756649e-04,2.726747e-02,6.484811e-01,1.471905e-02,4.314613e-02,2.870138e-03,3.958001e-02,3.974862e-02,6.846352e-02
1.735377e-02,4.464313e-03,1.980332e-02,2.265168e-02,2.092791e-02,7.227443e-03,3.798268e-04,1.928286e-02,4.987666e-01,1.560954e-02,1.197612e-01,3.828769e-03,7.913721e-02,1.025218e-01,6.828390e-02
1.397988e-02,5.456428e-03,2.331877e-02,1.627169e-02,1.734722e-02,9.481687e-03,4.390616e-04,1.357052e-02,3.811454e-01,1.188828e-02,1.593499e-01,2.814495e-03,5.951332e-02,2.124957e-01,7.292771e-02
1.356674e-02,7.780836e-03,3.621822e-02,1.323695e-02,1.409902e-02,9.758811e-03,4.030291e-04,9.662959e-03,3.781837e-01,1.048658e-02,1.321538e-01,2.165849e-03,4.312681e-02,2.435772e-01,8.557953e-02
1.256849e-02,7.805424e-03,2.728617e-02,9.704161e-03,1.045114e-02,8.651314e-03,3.467265e-04,6.863217e-03,2.847230e-01,1.322523e-02,1.025367e-01,1.744891e-03,3.083000e-02,3.944250e-01,8.883861e-02
1.174004e-02,5.850739e-03,2.010792e-02,6.846165e-03,7.406660e-03,6.381129e-03,2.624450e-04,4.848301e-03,2.309358e-01,3.001423e-02,7.395066e-02,1.299046e-03,2.178942e-02,4.764590e-01,1.021085e-01
1.840284e-02,4.685043e-03,1.540416e-02,4.845857e-03,5.342407e-03,5.417848e-03,2.289656e-04,3.476001e-03,2.136519e-01,3.780839e-02,5.705937e-02,1.046531e-03,1.565444e-02,4.759517e-01,1.410245e-01
2.823536e-02,8.174762e-03,4.240159e-02,3.598586e-03,5.600351e-03,7.397354e-03,2.673611e-04,4.039926e-03,2.555226e-01,5.355049e-02,4.948465e-02,8.503810e-04,1.136392e-02,4.076483e-01,1.218644e-01
4.763507e-02,1.111495e-02,3.662525e-02,2.948224e-03,9.693762e-03,1.509156e-02,3.198978e-04,5.796553e-03,2.412539e-01,6.177948e-02,4.131964e-02,7.068067e-04,8.239314e-03,3.990055e-01,1.184701e-01
3.598024e-02,4.498925e-02,5.260082e-02,3.627496e-03,9.644343e-03,1.123222e-02,2.473849e-04,5.849585e-03,2.676743e-01,7.465716e-02,2.979029e-02,5.590494e-04,5.924861e-03,2.843922e-01,1.728308e-01
3.699869e-02,3.306067e-02,4.158961e-02,2.681931e-03,1.299670e-02,9.563830e-03,2.005313e-04,4.829816e-03,3.260787e-01,7.044928e-02,2.193493e-02,4.217429e-04,4.401212e-03,2.112215e-01,2.235708e-01
2.862612e-02,2.511811e-02,3.325679e-02,2.394180e-03,1.171508e-02,7.809081e-03,1.559556e-04,4.230144e-03,3.395719e-01,6.074602e-02,1.590229e-02,3.190891e-04,3.273351e-03,1.499791e-01,3.169028e-01
3.316123e-02,2.962005e-02,6.042004e-02,1.760460e-02,2.152702e-02,2.050178e-02,2.461372e-04,5.114094e-03,2.978435e-01,5.320665e-02,1.315595e-02,2.987483e-04,2.447345e-03,1.113377e-01,3.335152e-01
2.729701e-02,2.536983e-02,4.883265e-02,1.362545e-02,1.802109e-02,1.831908e-02,2.428893e-04,3.841510e-03,2.607700e-01,4.153219e-02,1.019409e-02,2.607181e-04,1.855169e-03,1.045121e-01,4.253263e-01
2.000046e-02,1.851851e-02,3.475270e-02,9.683980e-03,1.289435e-02,1.337915e-02,1.899322e-04,2.705512e-03,1.979916e-01,3.446381e-02,7.393359e-03,2.079728e-04,1.356002e-03,8.103617e-02,5.654265e-01
1.574576e-02,1.363195e-02,2.496129e-02,7.212602e-03,9.504449e-03,9.713304e-03,1.931653e-04,1.934630e-03,1.830400e-01,2.965653e-02,5.945484e-03,1.786164e-04,1.185273e-03,6.828639e-02,6.288105e-01
1.172635e-02,1.051899e-02,1.871095e-02,9.126341e-03,7.180138e-03,6.945992e-03,1.625422e-04,1.394750e-03,2.056400e-01,2.695577e-02,4.390571e-03,1.393411e-04,9.485815e-04,4.929027e-02,6.468694e-01
8.776514e-03,7.863318e-03,1.330956e-02,6.574779e-03,5.276879e-03,5.021343e-03,1.391141e-04,9.878917e-04,1.672699e-01,2.336770e-02,3.213205e-03,1.108068e-04,7.483832e-04,4.303848e-02,7.143022e-01
6.634827e-03,6.291549e-03,9.449574e-03,4.839294e-03,3.845958e-03,3.652624e-03,1.178088e-04,6.960757e-04,1.278263e-01,2.422325e-02,2.379811e-03,8.840691e-05,6.767152e-04,3.730721e-02,7.719706e-01
4.711861e-03,6.090463e-03,7.493433e-03,6.178001e-03,2.716860e-03,2.567431e-03,8.375803e-05,4.884590e-04,1.551023e-01,2.132923e-02,1.731211e-03,9.709330e-05,4.902953e-04,2.709732e-02,7.638223e-01
3.533689e-03,4.598276e-03,5.636333e-03,4.404189e-03,1.923649e-03,1.816968e-03,6.410900e-05,3.492693e-04,1.425825e-01,2.628013e-02,1.981384e-03,1.154805e-04,3.666000e-04,6.326687e-02,7.430806e-01
3.603958e-03,3.739859e-03,5.477013e-03,3.560004e-03,1.478550e-03,1.317436e-03,6.998760e-05,4.295071e-04,1.232523e-01,3.442796e-02,5.110267e-03,3.803147e-04,3.310330e-04,9.150136e-02,7.253204e-01
4.152164e-03,2.969617e-03,5.438899e-03,2.661470e-03,1.152667e-03,1.030140e-03,5.969767e-05,3.745906e-04,9.572454e-02,3.501131e-02,5.406704e-03,4.040342e-04,3.103211e-04,2.213009e-01,6.240029e-01
3.931963e-03,2.587882e-03,5.005172e-03,1.943282e-03,9.348957e-04,8.307337e-04,4.952099e-05,2.995369e-04,7.281150e-02,3.077246e-02,5.454553e-03,3.501413e-04,2.929497e-04,3.400983e-01,5.346372e-01
3.121243e-03,2.619980e-03,7.604674e-03,1.685664e-03,8.595161e-04,7.500794e-04,3.791707e-05,2.657269e-04,5.885611e-02,2.370959e-02,7.254021e-03,3.824452e-04,3.548522e-04,4.504414e-01,4.420568e-01
2.392814e-03,2.727316e-03,1.004535e-02,1.699138e-03,8.609754e-04,6.323347e-04,4.229011e-05,2.110666e-04,4.974070e-02,2.571822e-02,9.811617e-03,4.047035e-04,4.027477e-04,5.686023e-01,3.267085e-01
2.124294e-03,4.404024e-03,1.283509e-02,1.735868e-03,1.143306e-03,7.007447e-04,5.680731e-05,1.721237e-04,4.540052e-02,3.518682e-02,1.084339e-02,4.256254e-04,5.233807e-04,6.337906e-01,2.506575e-01
2.696271e-03,8.232772e-03,1.101025e-02,1.560830e-03,1.257481e-03,8.255979e-04,6.707521e-05,1.463413e-04,4.501107e-02,8.576448e-02,8.842836e-03,3.703155e-04,4.519612e-04,6.432636e-01,1.904992e-01
3.211575e-03,1.399492e-02,2.884379e-02,2.739440e-03,2.009385e-03,1.013100e-03,1.258708e-04,2.375751e-04,5.190873e-02,1.001308e-01,7.929434e-03,3.830430e-04,4.460406e-04,6.305323e-01,1.564940e-01
1.110422e-02,3.040916e-02,1.512973e-01,5.661592e-03,4.471353e-03,2.278328e-03,1.938749e-04,2.162503e-03,8.257291e-02,9.252270e-02,7.216201e-03,4.856245e-04,5.691197e-04,4.766836e-01,1.323716e-01
2.524353e-02,1.168497e-01,1.527756e-01,6.122166e-03,7.761340e-03,7.604722e-03,4.276047e-04,1.219513e-02,1.227170e-01,8.418439e-02,6.042749e-03,4.853005e-04,6.835200e-04,3.456880e-01,1.112193e-01
5.125675e-02,1.310112e-01,1.899508e-01,9.341882e-03,1.532017e-02,8.639182e-03,7.322622e-04,5.585783e-02,1.275972e-01,6.831580e-02,5.342889e-03,5.646086e-04,6.982103e-04,2.487529e-01,8.661842e-02
7.462873e-02,1.047849e-01,2.804735e-01,1.322959e-02,1.777509e-02,8.636313e-03,1.233088e-03,6.003822e-02,1.105863e-01,6.712845e-02,5.104071e-03,1.231732e-03,1.018053e-03,1.839271e-01,7.020488e-02
9.209000e-02,7.762209e-02,3.424238e-01,1.586961e-02,1.529887e-02,1.461037e-02,1.480143e-03,8.737457e-02,8.546555e-02,6.834354e-02,5.318840e-03,3.878527e-03,2.252223e-03,1.317023e-01,5.626956e-02
7.381625e-02,7.185147e-02,3.588558e-01,2.919718e-02,1.469627e-02,1.735406e-02,1.142315e-03,6.790968e-02,7.738157e-02,9.477979e-02,2.044099e-02,8.056303e-03,5.060146e-03,9.611432e-02,6.334389e-02
5.249523e-02,6.524312e-02,3.683318e-01,2.147225e-02,1.065848e-02,1.406441e-02,8.254455e-04,4.786046e-02,7.148650e-02,7.835985e-02,1.055799e-01,7.825145e-03,4.904532e-03,9.772342e-02,5.316944e-02
3.690952e-02,4.851360e-02,2.970690e-01,1.528918e-02,7.506439e-03,1.102687e-02,5.866210e-04,3.359400e-02,7.432684e-02,6.103264e-02,2.241761e-01,6.578061e-03,3.909354e-03,1.347237e-01,4.475810e-02
2.590514e-02,3.436199e-02,2.086488e-01,1.079641e-02,5.279280e-03,8.153247e-03,4.235177e-04,2.354354e-02,5.675566e-02,4.327847e-02,3.657644e-01,6.123775e-03,2.975865e-03,1.763611e-01,3.162884e-02
1.816388e-02,2.428562e-02,1.462171e-01,7.594630e-03,3.711099e-03,6.110633e-03,3.004566e-04,1.649750e-02,4.213107e-02,3.094298e-02,4.630180e-01,5.693560e-03,2.329441e-03,2.106690e-01,2.233510e-02
1.282162e-02,1.719842e-02,1.026513e-01,5.468296e-03,2.720879e-03,4.744655e-03,2.299318e-04,1.157013e-02,3.203928e-02,2.256767e-02,5.318662e-01,5.125741e-03,1.966015e-03,2.333035e-01,1.572632e-02
9.094805e-03,1.218626e-02,7.193582e-02,4.091346e-03,2.611389e-03,3.514346e-03,2.313157e-04,8.187719e-03,2.381157e-02,1.881683e-02,6.024551e-01,4.023648e-03,1.564198e-03,2.263044e-01,1.117127e-02
6.579570e-03,9.362497e-03,5.061771e-02,3.137463e-03,8.642280e-03,3.304550e-03,3.395238e-04,5.919244e-03,2.504918e-02,1.679238e-02,6.338445e-01,3.121825e-03,1.206786e-03,2.237299e-01,8.352629e-03
4.762579e-03,6.710994e-03,3.553293e-02,2.420521e-03,7.655980e-03,2.565926e-03,2.849389e-04,4.303358e-03,2.061144e-02,1.311079e-02,6.811175e-01,2.722172e-03,1.081572e-03,2.112039e-01,5.915474e-03
3.407287e-03,4.985968e-03,2.501572e-02,2.416729e-03,6.574864e-03,2.526485e-03,2.222642e-04,3.042781e-03,1.572801e-02,1.066985e-02,7.257376e-01,2.450184e-03,1.116317e-03,1.917792e-01,4.326777e-03
2.569721e-03,3.559638e-03,1.790466e-02,1.995904e-03,5.057386e-03,1.126284e-02,2.092868e-04,2.576806e-03,1.190092e-02,9.315365e-03,6.933098e-01,2.065130e-03,1.064414e-03,2.340709e-01,3.137274e-03
1.895820e-03,2.546200e-03,1.261757e-02,1.553637e-03,3.904281e-03,8.546275e-03,1.543501e-04,1.896575e-03,8.691484e-03,7.622015e-03,7.013689e-01,1.819006e-03,1.017409e-03,2.441343e-01,2.232267e-03
1.612422e-03,2.050217e-03,9.042040e-03,1.389935e-03,4.237240e-03,7.345155e-03,1.850177e-04,1.840719e-03,6.742458e-03,8.640022e-03,6.954687e-01,1.746100e-03,1.305172e-03,2.567706e-01,1.624251e-03
1.312744e-03,2.335604e-03,6.780925e-03,1.215197e-03,4.991354e-03,7.386034e-03,2.574767e-04,1.675225e-03,5.420471e-03,7.914144e-03,7.063013e-01,2.240548e-03,1.079971e-03,2.498361e-01,1.252919e-03
1.132679e-03,1.960878e-03,5.368595e-03,1.217233e-03,5.337667e-03,7.743493e-03,3.754544e-04,2.010052e-03,4.800842e-03,8.174968e-03,6.867328e-01,3.087917e-03,1.128907e-03,2.699510e-01,9.775549e-04
1.345200e-03,1.570871e-03,4.038178e-03,3.366258e-03,1.263734e-02,1.131107e-02,1.009367e-03,8.676440e-03,2.003123e-02,1.254010e-02,6.091954e-01,3.340098e-03,1.192877e-03,3.089357e-01,8.099052e-04
3.774080e-03,1.487929e-03,5.512769e-03,7.019395e-03,1.354335e-02,1.269223e-02,2.810696e-03,2.531148e-02,1.769010e-02,1.414841e-02,5.376148e-01,3.621676e-03,1.736790e-03,3.520579e-01,9.783634e-04
3.851556e-03,2.711680e-03,4.414050e-03,5.525778e-03,1.891628e-02,1.281714e-02,3.769360e-03,1.949743e-02,1.732128e-02,1.606768e-02,5.467944e-01,5.474336e-03,2.100063e-03,3.395556e-01,1.183397e-03
4.214812e-03,5.048881e-03,4.563935e-03,4.369134e-03,4.180982e-02,1.451037e-02,5.760913e-03,1.649143e-02,1.499230e-02,1.617519e-02,5.120801e-01,7.610970e-03,2.841676e-03,3.478045e-01,1.726030e-03
4.665153e-03,7.911600e-03,5.516062e-03,3.497077e-03,5.195229e-02,1.575844e-02,6.008234e-03,1.358316e-02,1.448445e-02,1.804594e-02,4.879525e-01,8.944653e-03,2.951367e-03,3.558570e-01,2.872183e-03
1.073653e-02,8.459748e-03,1.389618e-02,3.170024e-03,5.338106e-02,1.356946e-02,5.595760e-03,2.093625e-02,1.447630e-02,2.046934e-02,4.373426e-01,1.070211e-02,4.824777e-03,3.782805e-01,4.159383e-03
2.012379e-02,8.597579e-03,2.766823e-02,2.645270e-03,4.212759e-02,1.395684e-02,4.628867e-03,1.709026e-02,1.562620e-02,1.190668e-01,4.029640e-01,1.059193e-02,4.263395e-03,3.033668e-01,7.282392e-03
3.733576e-02,8.910933e-03,6.918404e-02,2.592989e-03,3.516004e-02,1.395696e-02,4.152421e-03,1.667641e-02,1.716399e-02,1.471705e-01,3.896651e-01,1.292863e-02,3.691273e-03,2.321890e-01,9.221957e-03
4.827846e-02,1.227774e-02,1.611092e-01,2.898032e-03,3.586905e-02,1.267198e-02,3.072405e-03,6.169990e-02,2.144550e-02,1.190475e-01,3.111573e-01,1.582104e-02,2.944785e-03,1.839204e-01,7.786676e-03
6.455856e-02,1.695759e-02,1.529575e-01,6.787795e-03,3.149580e-02,9.896786e-03,2.267561e-03,1.120081e-01,3.015297e-02,1.071752e-01,2.946282e-01,2.370241e-02,2.750073e-03,1.380097e-01,6.651793e-03
