1.000000e+00,0.000000e+00,0.000000e+00,0.000000e+00,0.000000e+00,0.000000e+00,0.000000e+00,0.000000e+00,0.000000e+00,0.000000e+00,0.000000e+00,0.000000e+00,0.000000e+00,0.000000e+00,0.000000e+00
1.000000e+00,0.000000e+00,0.000000e+00,0.000000e+00,0.000000e+00,0.000000e+00,0.000000e+00,0.000000e+00,0.000000e+00,0.000000e+00,0.000000e+00,0.000000e+00,0.000000e+00,0.000000e+00,0.000000e+00
1.000000e+00,0.000000e+00,0.000000e+00,0.000000e+00,0.000000e+00,0.000000e+00,0.000000e+00,0.000000e+00,0.000000e+00,0.000000e+00,0.000000e+00,0.000000e+00,0.000000e+00,0.000000e+00,0.000000e+00
1.000000e+00,0.000000e+00,0.000000e+00,0.000000e+00,0.000000e+00,0.000000e+00,0.000000e+00,0.000000e+00,0.000000e+00,0.000000e+00,0.000000e+00,0.000000e+00,0.000000e+00,0.000000e+00,0.000000e+00
1.000000e+00,0.000000e+00,0.000000e+00,0.000000e+00,0.000000e+00,0.000000e+00,0.000000e+00,0.000000e+00,0.000000e+00,0.000000e+00,0.000000e+00,0.000000e+00,0.000000e+00,0.000000e+00,0.000000e+00
1.000000e+00,0.000000e+00,0.000000e+00,0.000000e+00,0.000000e+00,0.000000e+00,0.000000e+00,0.000000e+00,0.000000e+00,0.000000e+00,0.000000e+00,0.000000e+00,0.000000e+00,0.000000e+00,0.000000e+00
1.000000e+00,0.000000e+00,0.000000e+00,0.000000e+00,0.000000e+00,0.000000e+00,0.000000e+00,0.000000e+00,0.000000e+00,0.000000e+00,0.000000e+00,0.000000e+00,0.000000e+00,0.000000e+00,0.000000e+00
1.000000e+00,0.000000e+00,0.000000e+00,0.000000e+00,0.000000e+00,0.000000e+00,0.000000e+00,0.000000e+00,0.000000e+00,0.000000e+00,0.000000e+00,0.000000e+00,0.000000e+00,0.000000e+00,0.000000e+00
1.000000e+00,0.000000e+00,0.000000e+00,0.000000e+00,0.000000e+00,0.000000e+00,0.000000e+00,0.000000e+00,0.000000e+00,0.000000e+00,0.000000e+00,0.000000e+00,0.000000e+00,0.000000e+00,0.000000e+00
1.000000e+00,0.000000e+00,0.000000e+00,0.000000e+00,0.000000e+00,0.000000e+00,0.000000e+00,0.000000e+00,0.000000e+00,0.000000e+00,0.000000e+00,0.000000e+00,0.000000e+00,0.000000e+00,0.000000e+00
1.000000e+00,0.000000e+00,0.000000e+00,0.000000e+00,0.000000e+00,0.000000e+00,0.000000e+00,0.000000e+00,0.000000e+00,0.000000e+00,0.000000e+00,0.000000e+00,0.000000e+00,0.000000e+00,0.000000e+00
1.000000e+00,0.000000e+00,0.000000e+00,0.000000e+00,0.000000e+00,0.000000e+00,0.000000e+00,0.000000e+00,0.000000e+00,0.000000e+00,0.000000e+00,0.000000e+00,0.000000e+00,0.000000e+00,0.000000e+00
1.000000e+00,0.000000e+00,0.000000e+00,0.000000e+00,0.000000e+00,0.000000e+00,0.000000e+00,0.000000e+00,0.000000e+00,0.000000e+00,0.000000e+00,0.000000e+00,0.000000e+00,0.000000e+00,0.000000e+00
1.000000e+00,0.000000e+00,0.000000e+00,0.000000e+00,0.000000e+00,0.000000e+00,0.000000e+00,0.000000e+00,0.000000e+00,0.000000e+00,0.000000e+00,0.000000e+00,0.000000e+00,0.000000e+00,0.000000e+00
1.000000e+00,0.000000e+00,0.000000e+00,0.000000e+00,0.000000e+00,0.000000e+00,0.000000e+00,0.000000e+00,0.000000e+00,0.000000e+00,0.000000e+00,0.000000e+00,0.000000e+00,0.000000e+00,0.000000e+00
1.000000e+00,0.000000e+00,0.000000e+00,0.000000e+00,0.000000e+00,0.000000e+00,0.000000e+00,0.000000e+00,0.000000e+00,0.000000e+00,0.000000e+00,0.000000e+00,0.000000e+00,0.000000e+00,0.000000e+00
1.000000e+00,0.000000e+00,0.000000e+00,0.000000e+00,0.000000e+00,0.000000e+00,0.000000e+00,0.000000e+00,0.000000e+00,0.000000e+00,0.000000e+00,0.000000e+00,0.000000e+00,0.000000e+00,0.000000e+00
1.000000e+00,0.000000e+00,0.000000e+00,0.000000e+00,0.000000e+00,0.000000e+00,0.000000e+00,0.000000e+00,0.000000e+00,0.000000e+00,0.000000e+00,0.000000e+00,0.000000e+00,0.000000e+00,0.000000e+00
1.000000e+00,0.000000e+00,0.000000e+00,0.000000e+00,0.000000e+00,0.000000e+00,0.000000e+00,0.000000e+00,0.000000e+00,0.000000e+00,0.000000e+00,0.000000e+00,0.000000e+00,0.000000e+00,0.000000e+00
1.000000e+00,0.000000e+00,0.000000e+00,0.000000e+00,0.000000e+00,0.000000e+00,0.000000e+00,0.000000e+00,0.000000e+00,0.000000e+00,0.000000e+00,0.000000e+00,0.000000e+00,0.000000e+00,0.000000e+00
1.000000e+00,0.000000e+00,0.000000e+00,0.000000e+00,0.000000e+00,0.000000e+00,0.000000e+00,0.000000e+00,0.000000e+00,0.000000e+00,0.000000e+00,0.000000e+00,0.000000e+00,0.000000e+00,0.000000e+00
1.000000e+00,0.000000e+00,0.000000e+00,0.000000e+00,0.000000e+00,0.000000e+00,0.000000e+00,0.000000e+00,0.000000e+00,0.000000e+00,0.000000e+00,0.000000e+00,0.000000e+00,0.000000e+00,0.000000e+00
1.000000e+00,0.000000e+00,0.000000e+00,0.000000e+00,0.000000e+00,0.000000e+00,0.000000e+00,0.000000e+00,0.000000e+00,0.000000e+00,0.000000e+00,0.000000e+00,0.000000e+00,0.000000e+00,0.000000e+00
1.000000e+00,0.000000e+00,0.000000e+00,0.000000e+00,0.000000e+00,0.000000e+00,0.000000e+00,0.000000e+00,0.000000e+00,0.000000e+00,0.000000e+00,0.000000e+00,0.000000e+00,0.000000e+00,0.000000e+00
1.000000e+00,0.000000e+00,0.000000e+00,0.000000e+00,0.000000e+00,0.000000e+00,0.000000e+00,0.000000e+00,0.000000e+00,0.000000e+00,0.000000e+00,0.000000e+00,0.000000e+00,0.000000e+00,0.000000e+00
1.000000e+00,0.000000e+00,0.000000e+00,0.000000e+00,0.000000e+00,0.000000e+00,0.000000e+00,0.000000e+00,0.000000e+00,0.000000e+00,0.000000e+00,0.000000e+00,0.000000e+00,0.000000e+00,0.000000e+00
1.000000e+00,0.000000e+00,0.000000e+00,0.000000e+00,0.000000e+00,0.000000e+00,0.000000e+00,0.000000e+00,0.000000e+00,0.000000e+00,0.000000e+00,0.000000e+00,0.000000e+00,0.000000e+00,0.000000e+00
1.000000e+00,0.000000e+00,0.000000e+00,0.000000e+00,0.000000e+00,0.000000e+00,0.000000e+00,0.000000e+00,0.000000e+00,0.000000e+00,0.000000e+00,0.000000e+00,0.000000e+00,0.000000e+00,0.000000e+00
1.000000e+00,0.000000e+00,0.000000e+00,0.000000e+00,0.000000e+00,0.000000e+00,0.000000e+00,0.000000e+00,0.000000e+00,0.000000e+00,0.000000e+00,0.000000e+00,0.000000e+00,0.000000e+00,0.000000e+00
1.000000e+00,0.000000e+00,0.000000e+00,0.000000e+00,0.000000e+00,0.000000e+00,0.000000e+00,0.000000e+00,0.000000e+00,0.000000e+00,0.000000e+00,0.000000e+00,0.000000e+00,0.000000e+00,0.000000e+00
1.000000e+00,0.000000e+00,0.000000e+00,0.000000e+00,0.000000e+00,0.000000e+00,0.000000e+00,0.000000e+00,0.000000e+00,0.000000e+00,0.000000e+00,0.000000e+00,0.000000e+00,0.000000e+00,0.000000e+00
1.000000e+00,0.000000e+00,0.000000e+00,0.000000e+00,0.000000e+00,0.000000e+00,0.000000e+00,0.000000e+00,0.000000e+00,0.000000e+00,0.000000e+00,0.000000e+00,0.000000e+00,0.000000e+00,0.000000e+00
1.000000e+00,0.000000e+00,0.000000e+00,0.000000e+00,0.000000e+00,0.000000e+00,0.000000e+00,0.000000e+00,0.000000e+00,0.000000e+00,0.000000e+00,0.000000e+00,0.000000e+00,0.000000e+00,0.000000e+00
1.000000e+00,0.000000e+00,0.000000e+00,0.000000e+00,0.000000e+00,0.000000e+00,0.000000e+00,0.000000e+00,0.000000e+00,0.000000e+00,0.000000e+00,0.000000e+00,0.000000e+00,0.000000e+00,0.000000e+00
1.000000e+00,0.000000e+00,0.000000e+00,0.000000e+00,0.000000e+00,0.000000e+00,0.000000e+00,0.000000e+00,0.000000e+00,0.000000e+00,0.000000e+00,0.000000e+00,0.000000e+00,0.000000e+00,0.000000e+00
1.000000e+00,0.000000e+00,0.000000e+00,0.000000e+00,0.000000e+00,0.000000e+00,0.000000e+00,0.000000e+00,0.000000e+00,0.000000e+00,0.000000e+00,0.000000e+00,0.000000e+00,0.000000e+00,0.000000e+00
1.000000e+00,0.000000e+00,0.000000e+00,0.000000e+00,0.000000e+00,0.000000e+00,0.000000e+00,0.000000e+00,0.000000e+00,0.000000e+00,0.000000e+00,0.000000e+00,0.000000e+00,0.000000e+00,0.000000e+00
1.000000e+00,0.000000e+00,0.000000e+00,0.000000e+00,0.000000e+00,0.000000e+00,0.000000e+00,0.000000e+00,0.000000e+00,0.000000e+00,0.000000e+00,0.000000e+00,0.000000e+00,0.000000e+00,0.000000e+00
1.000000e+00,0.000000e+00,0.000000e+00,0.000000e+00,0.000000e+00,0.000000e+00,0.000000e+00,0.000000e+00,0.000000e+00,0.000000e+00,0.000000e+00,0.000000e+00,0.000000e+00,0.000000e+00,0.000000e+00
1.000000e+00,0.000000e+00,0.000000e+00,0.000000e+00,0.000000e+00,0.000000e+00,0.000000e+00,0.000000e+00,0.000000e+00,0.000000e+00,0.000000e+00,0.000000e+00,0.000000e+00,0.000000e+00,0.000000e+00
1.000000e+00,0.000000e+00,0.000000e+00,0.000000e+00,0.000000e+00,0.000000e+00,0.000000e+00,0.000000e+00,0.000000e+00,0.000000e+00,0.000000e+00,0.000000e+00,0.000000e+00,0.000000e+00,0.000000e+00
1.000000e+00,0.000000e+00,0.000000e+00,0.000000e+00,0.000000e+00,0.000000e+00,0.000000e+00,0.000000e+00,0.000000e+00,0.000000e+00,0.000000e+00,0.000000e+00,0.000000e+00,0.000000e+00,0.000000e+00
1.000000e+00,0.000000e+00,0.000000e+00,0.000000e+00,0.000000e+00,0.000000e+00,0.000000e+00,0.000000e+00,0.000000e+00,0.000000e+00,0.000000e+00,0.000000e+00,0.000000e+00,0.000000e+00,0.000000e+00
1.000000e+00,0.000000e+00,0.000000e+00,0.000000e+00,0.000000e+00,0.000000e+00,0.000000e+00,0.000000e+00,0.000000e+00,0.000000e+00,0.000000e+00,0.000000e+00,0.000000e+00,0.000000e+00,0.000000e+00
1.000000e+00,0.000000e+00,0.000000e+00,0.000000e+00,0.000000e+00,0.000000e+00,0.000000e+00,0.000000e+00,0.000000e+00,0.000000e+00,0.000000e+00,0.000000e+00,0.000000e+00,0.000000e+00,0.000000e+00
1.000000e+00,0.000000e+00,0.000000e+00,0.000000e+00,0.000000e+00,0.000000e+00,0.000000e+00,0.000000e+00,0.000000e+00,0.000000e+00,0.000000e+00,0.000000e+00,0.000000e+00,0.000000e+00,0.000000e+00
1.000000e+00,0.000000e+00,0.000000e+00,0.000000e+00,0.000000e+00,0.000000e+00,0.000000e+00,0.000000e+00,0.000000e+00,0.000000e+00,0.000000e+00,0.000000e+00,0.000000e+00,0.000000e+00,0.000000e+00
1.000000e+00,0.000000e+00,0.000000e+00,0.000000e+00,0.000000e+00,0.000000e+00,0.000000e+00,0.000000e+00,0.000000e+00,0.000000e+00,0.000000e+00,0.000000e+00,0.000000e+00,0.000000e+00,0.000000e+00
1.000000e+00,0.000000e+00,0.000000e+00,0.000000e+00,0.000000e+00,0.000000e+00,0.000000e+00,0.000000e+00,0.000000e+00,0.000000e+00,0.000000e+00,0.000000e+00,0.000000e+00,0.000000e+00,0.000000e+00
1.000000e+00,0.000000e+00,0.000000e+00,0.000000e+00,0.000000e+00,0.000000e+00,0.000000e+00,0.000000e+00,0.000000e+00,0.000000e+00,0.000000e+00,0.000000e+00,0.000000e+00,0.000000e+00,0.000000e+00
1.000000e+00,0.000000e+00,0.000000e+00,0.000000e+00,0.000000e+00,0.000000e+00,0.000000e+00,0.000000e+00,0.000000e+00,0.000000e+00,0.000000e+00,0.000000e+00,0.000000e+00,0.000000e+00,0.000000e+00
1.000000e+00,0.000000e+00,0.000000e+00,0.000000e+00,0.000000e+00,0.000000e+00,0.000000e+00,0.000000e+00,0.000000e+00,0.000000e+00,0.000000e+00,0.000000e+00,0.000000e+00,0.000000e+00,0.000000e+00
1.000000e+00,0.000000e+00,0.000000e+00,0.000000e+00,0.000000e+00,0.000000e+00,0.000000e+00,0.000000e+00,0.000000e+00,0.000000e+00,0.000000e+00,0.000000e+00,0.000000e+00,0.000000e+00,0.000000e+00
1.000000e+00,0.000000e+00,0.000000e+00,0.000000e+00,0.000000e+00,0.000000e+00,0.000000e+00,0.000000e+00,0.000000e+00,0.000000e+00,0.000000e+00,0.000000e+00,0.000000e+00,0.000000e+00,0.000000e+00
1.000000e+00,0.000000e+00,0.000000e+00,0.000000e+00,0.000000e+00,0.000000e+00,0.000000e+00,0.000000e+00,0.000000e+00,0.000000e+00,0.000000e+00,0.000000e+00,0.000000e+00,0.000000e+00,0.000000e+00
1.000000e+00,0.000000e+00,0.000000e+00,0.000000e+00,0.000000e+00,0.000000e+00,0.000000e+00,0.000000e+00,0.000000e+00,0.000000e+00,0.000000e+00,0.000000e+00,0.000000e+00,0.000000e+00,0.000000e+00
1.000000e+00,0.000000e+00,0.000000e+00,0.000000e+00,0.000000e+00,0.000000e+00,0.000000e+00,0.000000e+00,0.000000e+00,0.000000e+00,0.000000e+00,0.000000e+00,0.000000e+00,0.000000e+00,0.000000e+00
1.000000e+00,0.000000e+00,0.000000e+00,0.000000e+00,0.000000e+00,0.000000e+00,0.000000e+00,0.000000e+00,0.000000e+00,0.000000e+00,0.000000e+00,0.000000e+00,0.000000e+00,0.000000e+00,0.000000e+00
1.000000e+00,0.000000e+00,0.000000e+00,0.000000e+00,0.000000e+00,0.000000e+00,0.000000e+00,0.000000e+00,0.000000e+00,0.000000e+00,0.000000e+00,0.000000e+00,0.000000e+00,0.000000e+00,0.000000e+00
1.000000e+00,0.000000e+00,0.000000e+00,0.000000e+00,0.000000e+00,0.000000e+00,0.000000e+00,0.000000e+00,0.000000e+00,0.000000e+00,0.000000e+00,0.000000e+00,0.000000e+00,0.000000e+00,0.000000e+00
1.000000e+00,0.000000e+00,0.000000e+00,0.000000e+00,0.000000e+00,0.000000e+00,0.000000e+00,0.000000e+00,0.000000e+00,0.000000e+00,0.000000e+00,0.000000e+00,0.000000e+00,0.000000e+00,0.000000e+00
1.000000e+00,0.000000e+00,0.000000e+00,0.000000e+00,0.000000e+00,0.000000e+00,0.000000e+00,0.000000e+00,0.000000e+00,0.000000e+00,0.000000e+00,0.000000e+00,0.000000e+00,0.000000e+00,0.000000e+00
3.888444e-01,8.880720e-03,9.846020e-03,3.869926e-02,1.503365e-01,3.252894e-02,6.102069e-03,1.768869e-01,3.117766e-03,1.214015e-01,2.919579e-02,1.151020e-02,1.102966e-02,2.797995e-03,8.822231e-03
2.725503e-01,6.382396e-03,7.040406e-03,3.657999e-02,1.091211e-01,2.315227e-02,6.355006e-03,1.243395e-01,3.287257e-03,3.098969e-01,6.722446e-02,8.371023e-03,1.164905e-02,2.167264e-03,1.188303e-02
1.910237e-01,5.017059e-03,5.321328e-03,3.325211e-02,7.739311e-02,1.698726e-02,5.721141e-03,8.778321e-02,1.019221e-01,3.006854e-01,1.143538e-01,8.290591e-03,2.044224e-02,4.202917e-03,2.760403e-02
1.341691e-01,4.948216e-03,6.297986e-03,3.623035e-02,5.527369e-02,1.276315e-02,5.004596e-03,6.353423e-02,1.673713e-01,3.408501e-01,8.943704e-02,1.569936e-02,2.041648e-02,5.451933e-03,4.255246e-02
9.554539e-02,4.751728e-03,5.959698e-03,3.178187e-02,3.951560e-02,1.090534e-02,3.657764e-03,4.521204e-02,1.573613e-01,3.416781e-01,1.283813e-01,1.410014e-02,2.325257e-02,9.168392e-03,8.872882e-02
7.043174e-02,5.612312e-03,5.172709e-03,2.403334e-02,2.900218e-02,1.267156e-02,2.670175e-03,3.175738e-02,1.388884e-01,3.752226e-01,9.687875e-02,1.183397e-02,1.841925e-02,3.795479e-02,1.394509e-01
5.324841e-02,6.162893e-03,4.421026e-03,1.764149e-02,2.128081e-02,1.423980e-02,1.969050e-03,2.230551e-02,1.381513e-01,2.961888e-01,8.499613e-02,9.863758e-03,1.574015e-02,7.238596e-02,2.414049e-01
3.888308e-02,1.159220e-02,4.501116e-03,1.794204e-02,1.526195e-02,1.068821e-02,1.418906e-03,1.568804e-02,2.855720e-01,2.156575e-01,6.151270e-02,7.213927e-03,1.148483e-02,6.982694e-02,2.327566e-01
3.475896e-02,1.360147e-02,3.807121e-03,1.557389e-02,1.096672e-02,8.599507e-03,1.056457e-03,1.102521e-02,3.374103e-01,1.561751e-01,4.832499e-02,5.844164e-03,9.983484e-03,1.429970e-01,1.998755e-01
2.512394e-02,1.065192e-02,2.890586e-03,1.134814e-02,7.835276e-03,6.775680e-03,7.735326e-04,7.722007e-03,2.743108e-01,1.111436e-01,3.562297e-02,4.498188e-03,8.456206e-03,3.104186e-01,1.824285e-01
2.739499e-02,9.143244e-03,2.676592e-03,9.070842e-03,6.716635e-03,6.255248e-03,7.097640e-04,5.611637e-03,3.165981e-01,8.001769e-02,3.094969e-02,3.679334e-03,7.556680e-03,3.395450e-01,1.540745e-01
1.992165e-02,6.968366e-03,2.023991e-03,6.609296e-03,5.950540e-03,5.153491e-03,6.482889e-04,3.970894e-03,4.523090e-01,5.687428e-02,2.372419e-02,3.252230e-03,7.698314e-03,2.738652e-01,1.310303e-01
1.623775e-02,5.483087e-03,1.539580e-03,5.409732e-03,6.632983e-03,4.621170e-03,5.309555e-04,3.024345e-03,5.735018e-01,4.023366e-02,1.828447e-02,2.661633e-03,6.749964e-03,2.110541e-01,1.040347e-01
1.183648e-02,4.590836e-03,1.143471e-03,4.233324e-03,5.303990e-03,3.522914e-03,4.022728e-04,2.127888e-03,6.707820e-01,2.892263e-02,1.564607e-02,2.006936e-03,5.846983e-03,1.569322e-01,8.670197e-02
8.520449e-03,3.952259e-03,9.844240e-04,4.955146e-03,5.239696e-03,2.558900e-03,3.083764e-04,1.797783e-03,7.579995e-01,2.067834e-02,1.173325e-02,1.532191e-03,4.396427e-03,1.116306e-01,6.371263e-02
8.050467e-03,1.023708e-02,3.349712e-03,6.668207e-03,7.066981e-03,2.604674e-03,2.904102e-04,1.362178e-03,7.877834e-01,1.676097e-02,1.255781e-02,2.057210e-03,4.700410e-03,8.310001e-02,5.341048e-02
8.157238e-03,9.667292e-03,2.726153e-03,7.871123e-03,1.205001e-02,3.669824e-03,3.140005e-04,1.090292e-03,7.992598e-01,1.299705e-02,1.733883e-02,1.816204e-03,5.867402e-03,6.411951e-02,5.305517e-02
9.234580e-03,1.161928e-02,3.451783e-03,6.474796e-03,1.112610e-02,3.587991e-03,3.751867e-04,8.574870e-04,7.611098e-01,1.043112e-02,1.547912e-02,1.898766e-03,8.130637e-03,5.234817e-02,1.038751e-01
8.890669e-03,1.109147e-02,1.321738e-02,5.765563e-03,8.600146e-03,2.872244e-03,3.405628e-04,7.107826e-04,7.469878e-01,1.663619e-02,1.495465e-02,2.581470e-03,8.754725e-03,6.269382e-02,9.590256e-02
1.496127e-02,1.226459e-02,1.633080e-02,5.186498e-03,1.118811e-02,3.095179e-03,4.397905e-04,7.935102e-04,6.215833e-01,2.150595e-02,2.850408e-02,2.502911e-03,1.366535e-02,6.504504e-02,1.829337e-01
1.660347e-02,1.345975e-02,5.537470e-02,9.079654e-03,2.218180e-02,4.296537e-03,7.159173e-04,1.187192e-03,5.758007e-01,2.559851e-02,2.534754e-02,4.418236e-03,2.029575e-02,4.865045e-02,1.769899e-01
1.602833e-02,1.320424e-02,4.690218e-02,7.388001e-03,1.882065e-02,3.959795e-03,5.968682e-04,1.895537e-03,4.334037e-01,2.447885e-02,2.875176e-02,3.523276e-03,2.277764e-02,4.099934e-02,3.372699e-01
3.983954e-02,1.429773e-02,4.342650e-02,9.082500e-03,2.977628e-02,8.028295e-03,9.149515e-04,4.614480e-03,3.367378e-01,2.429162e-02,5.248095e-02,6.270528e-03,3.889532e-02,5.580337e-02,3.355402e-01
5.150060e-02,3.994262e-02,3.675041e-02,2.563426e-02,2.825033e-02,7.369067e-03,1.050544e-03,6.057791e-03,3.889177e-01,2.101655e-02,4.761557e-02,6.061788e-03,3.443862e-02,4.262609e-02,2.627681e-01
6.426787e-02,4.589120e-02,2.979739e-02,4.520196e-02,2.415703e-02,7.353402e-03,1.145225e-03,6.388502e-03,4.539332e-01,1.721203e-02,4.007104e-02,5.829011e-03,2.880524e-02,3.172198e-02,1.982249e-01
6.583857e-02,5.872127e-02,2.375522e-02,5.662464e-02,1.803571e-02,7.201050e-03,9.035371e-04,5.098504e-03,5.215369e-01,1.587183e-02,3.104905e-02,5.140253e-03,2.247909e-02,2.339421e-02,1.443501e-01
6.014699e-02,8.212004e-02,1.910935e-02,4.661148e-02,1.435062e-02,6.399287e-03,7.423526e-04,4.158831e-03,5.720496e-01,1.314694e-02,2.856657e-02,4.859610e-03,2.199153e-02,1.860343e-02,1.071434e-01
4.900071e-02,1.120174e-01,1.509211e-02,9.840451e-02,1.177798e-02,5.343369e-03,5.597712e-04,3.794608e-03,5.568603e-01,9.847165e-03,2.548338e-02,3.779075e-03,1.708701e-02,1.357974e-02,7.737280e-02
6.219416e-02,1.220621e-01,7.205626e-02,9.743597e-02,1.103003e-02,5.119331e-03,8.258746e-04,3.229597e-02,4.532871e-01,7.846516e-03,3.058537e-02,4.523423e-03,2.162881e-02,1.148076e-02,6.762829e-02
7.936591e-02,9.340709e-02,6.008976e-02,1.027642e-01,1.017000e-02,5.199633e-03,7.909850e-04,2.481289e-02,4.755870e-01,1.048084e-02,3.227299e-02,6.551664e-03,2.336309e-02,1.087657e-02,6.426737e-02
7.203893e-02,8.180849e-02,7.183494e-02,8.795108e-02,1.102578e-02,5.992195e-03,1.023991e-03,2.313856e-02,4.158339e-01,1.144107e-02,6.202471e-02,1.307558e-02,3.662166e-02,1.577039e-02,9.041873e-02
6.007319e-02,6.935868e-02,7.754266e-02,1.283454e-01,1.322065e-02,6.077685e-03,9.595974e-04,1.726273e-02,4.013691e-01,2.278601e-02,6.350133e-02,1.402988e-02,3.405321e-02,1.375396e-02,7.766595e-02
4.359534e-02,5.076420e-02,6.091860e-02,1.288576e-01,1.419361e-02,7.854383e-03,9.951659e-04,1.230885e-02,2.978191e-01,8.575721e-02,1.598439e-01,2.799076e-02,4.000597e-02,1.194945e-02,5.714583e-02
3.095441e-02,3.640509e-02,4.351187e-02,9.230486e-02,1.065781e-02,6.502425e-03,1.160741e-03,8.756476e-03,2.205483e-01,1.896005e-01,1.795841e-01,6.488542e-02,6.305507e-02,1.037510e-02,4.169778e-02
2.247166e-02,2.726844e-02,3.184412e-02,6.706494e-02,8.319769e-03,8.936057e-03,1.043867e-03,6.222361e-03,1.608807e-01,2.978807e-01,1.639799e-01,8.843288e-02,7.216306e-02,9.786837e-03,3.370470e-02
2.054988e-02,2.147045e-02,2.296179e-02,4.898059e-02,7.488742e-03,1.785187e-02,9.183986e-04,4.845807e-03,1.230665e-01,3.152598e-01,1.747970e-01,1.339173e-01,7.077026e-02,8.597262e-03,2.852440e-02
1.988856e-02,1.590282e-02,1.651806e-02,3.736101e-02,6.552496e-03,3.020887e-02,8.100774e-04,3.527906e-03,8.943988e-02,2.432723e-01,2.018178e-01,2.360319e-01,6.977944e-02,7.459839e-03,2.142894e-02
1.455462e-02,1.145656e-02,1.171014e-02,2.698820e-02,5.000838e-03,2.738223e-02,5.922865e-04,2.510688e-03,6.577962e-02,1.832912e-01,2.013141e-01,3.679946e-01,6.002199e-02,5.924471e-03,1.547846e-02
1.904581e-02,8.685528e-03,8.320731e-03,2.199349e-02,4.523701e-03,2.242088e-02,4.531410e-04,2.111464e-03,5.270256e-02,1.334566e-01,1.963268e-01,4.653156e-01,4.405958e-02,8.500781e-03,1.208337e-02
2.971755e-02,6.841436e-03,5.955026e-03,1.706441e-02,3.980959e-03,1.818888e-02,3.644752e-04,1.762856e-03,4.052674e-02,9.684486e-02,1.924257e-01,5.369191e-01,3.253196e-02,7.556218e-03,9.319850e-03
2.929410e-02,5.423379e-03,4.372109e-03,1.337099e-02,4.452737e-03,1.448945e-02,3.751500e-04,1.451906e-03,3.355921e-02,7.172513e-02,2.151993e-01,5.668891e-01,2.472096e-02,7.307059e-03,7.369414e-03
3.663728e-02,5.741787e-03,3.402557e-03,1.286578e-02,1.508302e-02,1.138090e-02,9.814788e-04,1.843576e-03,6.414749e-02,5.408106e-02,1.922804e-01,5.685967e-01,1.903556e-02,6.864988e-03,7.057370e-03
3.224991e-02,7.569699e-03,3.088832e-03,1.024848e-02,1.621715e-02,1.019820e-02,1.193536e-03,2.490217e-03,7.337621e-02,4.175610e-02,1.696022e-01,6.038381e-01,1.490100e-02,6.209019e-03,7.061392e-03
2.518515e-02,1.070648e-02,4.082654e-03,8.315229e-03,1.476037e-02,1.370345e-02,1.044214e-03,1.631769e-02,9.210567e-02,2.984228e-02,1.347843e-01,6.268907e-01,1.143533e-02,4.720615e-03,6.105934e-03
1.917092e-02,8.873191e-03,4.368488e-03,6.762578e-03,2.306565e-02,1.056354e-02,9.438278e-04,3.906625e-02,9.377266e-02,2.156636e-02,1.079740e-01,6.469676e-01,8.856222e-03,3.551072e-03,4.497636e-03
2.068866e-02,8.417265e-03,9.407328e-03,5.777469e-03,6.148854e-02,8.806688e-03,1.556780e-03,8.461681e-02,9.710824e-02,1.624755e-02,9.412909e-02,5.771576e-01,7.858323e-03,3.273135e-03,3.466553e-03
1.702113e-02,7.734605e-03,1.207554e-02,5.474987e-03,8.618430e-02,8.404698e-03,2.036127e-03,7.897542e-02,2.109892e-01,1.181886e-02,7.778089e-02,4.694358e-01,6.466730e-03,2.770038e-03,2.831638e-03
1.640150e-02,6.947340e-03,1.599896e-02,9.942329e-03,9.643210e-02,7.693070e-03,2.197181e-03,8.285049e-02,3.409659e-01,1.063454e-02,6.067882e-02,3.377395e-01,6.182076e-03,2.610732e-03,2.725541e-03
1.348928e-02,7.716623e-03,1.766479e-02,1.003848e-02,8.568133e-02,5.826110e-03,1.628773e-03,8.208586e-02,4.647529e-01,8.203859e-03,5.063599e-02,2.413557e-01,6.130498e-03,2.499579e-03,2.290164e-03
1.025184e-02,8.970328e-03,1.755995e-02,8.458404e-03,7.054218e-02,4.542909e-03,1.204211e-03,7.353842e-02,5.733641e-01,6.073268e-03,4.363323e-02,1.717990e-01,5.673693e-03,2.259954e-03,2.128554e-03
8.149281e-03,8.031593e-03,1.478503e-02,6.737206e-03,6.903343e-02,4.049601e-03,9.718970e-04,6.949488e-02,6.525613e-01,4.810601e-03,3.312720e-02,1.204676e-01,4.340999e-03,1.871900e-03,1.567479e-03
7.638870e-03,8.165488e-03,1.160479e-02,7.151360e-03,6.551028e-02,3.775795e-03,7.999628e-04,5.960729e-02,7.172081e-01,3.938685e-03,2.384118e-02,8.461586e-02,3.224195e-03,1.515071e-03,1.403097e-03
1.053947e-02,8.464418e-03,1.053125e-02,9.096443e-03,1.372986e-01,3.608954e-03,7.760502e-04,7.147431e-02,6.635028e-01,3.413497e-03,1.692504e-02,5.933851e-02,2.320890e-03,1.207246e-03,1.502489e-03
1.787117e-02,7.656444e-03,8.637044e-02,5.379092e-02,1.484019e-01,2.910307e-03,9.592684e-04,9.755751e-02,5.219516e-01,4.185481e-03,1.216625e-02,4.176185e-02,1.786391e-03,8.972730e-04,1.733211e-03
2.643647e-02,6.909273e-03,1.057932e-01,5.174718e-02,1.663445e-01,2.453194e-03,2.254291e-03,1.338582e-01,4.584107e-01,4.099729e-03,8.662585e-03,2.937216e-02,1.340922e-03,7.157152e-04,1.601994e-03
4.972861e-02,1.964105e-02,9.656815e-02,4.613806e-02,2.017965e-01,2.982327e-03,2.223032e-03,1.216534e-01,4.233005e-01,3.827984e-03,6.298092e-03,2.085300e-02,1.126200e-03,8.782252e-04,2.984765e-03
5.200635e-02,3.235046e-02,9.812970e-02,5.623970e-02,2.145699e-01,3.142480e-03,2.434762e-03,1.321274e-01,3.775945e-01,5.220799e-03,4.756362e-03,1.490647e-02,1.043465e-03,1.038503e-03,4.439036e-03
4.814047e-02,3.035211e-02,2.206034e-01,8.230531e-02,1.904569e-01,5.616376e-03,2.808415e-03,1.188702e-01,2.750361e-01,5.719707e-03,3.639520e-03,1.055797e-02,8.604400e-04,8.583454e-04,4.174660e-03
4.913633e-02,3.870354e-02,2.837358e-01,9.793214e-02,1.871938e-01,1.058562e-02,5.214718e-03,1.090894e-01,1.988953e-01,4.674272e-03,2.684805e-03,7.479466e-03,7.397777e-04,6.472936e-04,3.287598e-03
7.587056e-02,4.548147e-02,3.517867e-01,9.562185e-02,1.622411e-01,1.449738e-02,5.800406e-03,8.535069e-02,1.455014e-01,5.372641e-03,2.218567e-03,5.403210e-03,6.689457e-04,5.823714e-04,3.602691e-03
1.155660e-01,3.962985e-02,2.678335e-01,1.798888e-01,1.407792e-01,1.646369e-02,5.363645e-03,7.043254e-02,1.067297e-01,4.400845e-03,1.003829e-02,2.286271e-02,1.621107e-02,6.321993e-04,3.167883e-03
1.180420e-01,3.685815e-02,2.209422e-01,2.007472e-01,1.606185e-01,1.641037e-02,4.869264e-03,9.329011e-02,7.714383e-02,3.499800e-03,1.391572e-02,2.464104e-02,2.550294e-02,6.406212e-04,2.878141e-03
9.656221e-02,2.733622e-02,1.612055e-01,2.407761e-01,1.733405e-01,1.859449e-02,4.913164e-03,7.899283e-02,5.516126e-02,4.130236e-03,6.464433e-02,2.079807e-02,4.797698e-02,5.588682e-04,5.009224e-03
7.353925e-02,2.303747e-02,1.143649e-01,2.293036e-01,1.269143e-01,1.828150e-02,4.880534e-03,5.751318e-02,4.448184e-02,4.592223e-03,1.169085e-01,1.965840e-02,1.593276e-01,4.382477e-04,6.758457e-03
6.048352e-02,1.734460e-02,8.135980e-02,1.940471e-01,9.108256e-02,1.486057e-02,5.251168e-03,4.268695e-02,4.004060e-02,8.418067e-03,1.442897e-01,3.282429e-02,2.595502e-01,7.174923e-04,7.043271e-03
1.161095e-01,1.259175e-02,5.750158e-02,1.391712e-01,6.791549e-02,1.417352e-02,5.937236e-03,3.862318e-02,3.525475e-02,1.178342e-02,1.419732e-01,2.727130e-02,3.245612e-01,1.135105e-03,5.997480e-03
2.059256e-01,9.649316e-03,4.134092e-02,1.026281e-01,6.019983e-02,1.451480e-02,7.713044e-03,4.452776e-02,3.897316e-02,1.668658e-02,1.454331e-01,2.407451e-02,2.789062e-01,1.419463e-03,8.007595e-03
1.656277e-01,2.343461e-02,4.225467e-02,1.140707e-01,4.853981e-02,1.493424e-02,6.466846e-03,5.014701e-02,1.678227e-01,1.672906e-02,1.062851e-01,1.790811e-02,2.148402e-01,1.350676e-03,9.588527e-03
1.229562e-01,1.930025e-02,3.132249e-02,8.816679e-02,3.519952e-02,3.439064e-02,6.264083e-03,4.957623e-02,1.642277e-01,1.233889e-02,7.974511e-02,1.819489e-02,3.270802e-01,1.127838e-03,1.010915e-02
1.024620e-01,1.561422e-02,2.244704e-02,6.436457e-02,2.596011e-02,3.030562e-02,5.454608e-03,3.918792e-02,1.388992e-01,9.056258e-03,6.239487e-02,1.701809e-02,4.483134e-01,9.688120e-04,1.755322e-02
7.236854e-02,2.356147e-02,1.716821e-02,5.803884e-02,1.948241e-02,2.139932e-02,3.982085e-03,2.752443e-02,3.588296e-01,6.514319e-03,4.424575e-02,1.372042e-02,3.197874e-01,7.179960e-04,1.265915e-02
5.154201e-02,2.147928e-02,1.293556e-02,4.451313e-02,1.496296e-02,1.545032e-02,3.306241e-03,1.992950e-02,3.349791e-01,5.430447e-03,3.974380e-02,1.833447e-02,3.848777e-01,1.112729e-03,3.140283e-02
3.680525e-02,1.539887e-02,9.352607e-03,3.188010e-02,1.119802e-02,1.099920e-02,2.842384e-03,1.444130e-02,2.431559e-01,4.291994e-03,3.488742e-02,1.793277e-02,5.325395e-01,1.140895e-03,3.313376e-02
3.850139e-02,1.196741e-02,7.980255e-03,2.313168e-02,9.645532e-03,1.243025e-02,2.480573e-03,1.053287e-02,1.742396e-01,4.560443e-03,3.501639e-02,1.947927e-02,6.040527e-01,2.444650e-03,4.353689e-02
3.130956e-02,9.430342e-03,9.225653e-03,1.676871e-02,9.075341e-03,1.156187e-02,2.617801e-03,7.713321e-03,1.235699e-01,5.220834e-03,3.940706e-02,1.972804e-02,5.789738e-01,3.299179e-03,1.320986e-01
2.262456e-02,6.702519e-03,1.145940e-02,1.191109e-02,9.080335e-03,8.338502e-03,6.994150e-03,1.507198e-02,8.698446e-02,5.082229e-03,3.162440e-02,1.571898e-02,5.126047e-01,2.620431e-03,2.531822e-01
1.593528e-02,4.727335e-03,1.008469e-02,8.426833e-03,7.622387e-03,5.913582e-03,1.021729e-02,1.113693e-01,6.124413e-02,4.057562e-03,2.762431e-02,1.280475e-02,4.727450e-01,1.953639e-03,2.452739e-01
1.187540e-02,3.336862e-03,8.870406e-03,6.501238e-03,9.978695e-03,4.391429e-03,9.951906e-03,3.123191e-01,4.323041e-02,2.935548e-03,2.314382e-02,9.257539e-03,3.433377e-01,1.385634e-03,2.094843e-01
8.646054e-03,2.400416e-03,7.853074e-03,4.764498e-03,8.909372e-03,3.654312e-03,1.088656e-02,5.018950e-01,3.043695e-02,2.103322e-03,1.780018e-02,6.568316e-03,2.414328e-01,9.779972e-04,1.516712e-01
6.417215e-03,1.752711e-03,8.051625e-03,3.468439e-03,7.302521e-03,3.964841e-03,9.762992e-03,6.388896e-01,2.135391e-02,1.488564e-03,1.308990e-02,4.972963e-03,1.704665e-01,7.130628e-04,1.083052e-01
6.061587e-03,1.558695e-03,9.302942e-03,2.952374e-03,5.531813e-03,4.021468e-02,8.367720e-03,6.106499e-01,1.554634e-02,1.141741e-03,2.439729e-02,1.946318e-02,1.735830e-01,2.302325e-03,7.892635e-02
6.762505e-03,2.100991e-03,1.022170e-02,3.010164e-03,4.299516e-03,6.544141e-02,6.429518e-03,5.445410e-01,1.252283e-02,1.270643e-03,5.636930e-02,3.943308e-02,1.862339e-01,3.505364e-03,5.785806e-02
5.495439e-03,2.113972e-03,9.144886e-03,2.728838e-03,3.282717e-03,2.120517e-01,4.531424e-03,3.859751e-01,1.427217e-02,2.274943e-03,7.108034e-02,6.779176e-02,1.743331e-01,3.452437e-03,4.147126e-02
4.361933e-03,2.671245e-03,7.154561e-03,2.622772e-03,2.436005e-03,1.810819e-01,3.240824e-03,2.740711e-01,1.442773e-02,4.238489e-03,1.255204e-01,1.569978e-01,1.880393e-01,3.779351e-03,2.935657e-02
5.283539e-03,2.528128e-03,6.390275e-03,3.950666e-03,2.098182e-03,1.972947e-01,2.327286e-03,1.939388e-01,1.529089e-02,5.940559e-03,1.159888e-01,2.541486e-01,1.704842e-01,3.372954e-03,2.096249e-02
4.365736e-03,3.314195e-03,6.111009e-03,3.217317e-03,2.014626e-03,1.836409e-01,1.711337e-03,1.361668e-01,1.575102e-02,8.895520e-03,1.262545e-01,3.285379e-01,1.580755e-01,6.670265e-03,1.527345e-02
4.215253e-03,3.089768e-03,5.210899e-03,2.603013e-03,1.629282e-03,1.522494e-01,1.293507e-03,9.564829e-02,1.253392e-02,1.018849e-02,1.696064e-01,3.953553e-01,1.281155e-01,7.059534e-03,1.120158e-02
3.443342e-03,2.351795e-03,4.632877e-03,2.207114e-03,1.626779e-03,1.433643e-01,9.652560e-04,6.722500e-02,9.185317e-03,1.067024e-02,1.605055e-01,4.857834e-01,9.290552e-02,7.090340e-03,8.043263e-03
2.482673e-03,1.913602e-03,5.549444e-03,1.613339e-03,1.507364e-03,1.038313e-01,6.833391e-04,4.712277e-02,6.693633e-03,1.087454e-02,1.494180e-01,5.893591e-01,6.677342e-02,6.379924e-03,5.797588e-03
2.874702e-03,1.621312e-03,6.824377e-03,1.381042e-03,4.090328e-03,7.950235e-02,5.637158e-04,3.379683e-02,5.525118e-03,1.314969e-02,1.172900e-01,6.755262e-01,4.830164e-02,5.380496e-03,4.172228e-03
2.258761e-03,3.348681e-03,1.136998e-02,1.060447e-03,1.022719e-02,5.626356e-02,4.267205e-04,2.448322e-02,7.870922e-03,1.003436e-02,8.620001e-02,7.436336e-01,3.544320e-02,4.344859e-03,3.034461e-03
1.988703e-03,3.774750e-03,1.091543e-02,7.990894e-04,9.515584e-03,4.082759e-02,3.465145e-04,1.820679e-02,7.948736e-03,8.798826e-03,6.900338e-02,7.956951e-01,2.609769e-02,3.881706e-03,2.200162e-03
1.642325e-03,3.008694e-03,9.511123e-03,5.933962e-04,1.104283e-02,2.954927e-02,2.987233e-04,1.323271e-02,6.767991e-03,8.752137e-03,5.060303e-02,8.410791e-01,1.913725e-02,3.216213e-03,1.565164e-03
1.105970e-02,4.363511e-03,8.491001e-03,5.496512e-04,1.198917e-02,2.255640e-02,3.264675e-04,1.156160e-02,6.058048e-03,2.980969e-02,5.926367e-02,8.126032e-01,1.572633e-02,4.413043e-03,1.228450e-03
1.878502e-02,5.110530e-03,9.416187e-03,1.651259e-03,1.578455e-02,2.010174e-02,7.232155e-04,4.843604e-02,4.774137e-03,8.968460e-02,6.708436e-02,7.007642e-01,1.248086e-02,4.254533e-03,9.486589e-04
2.276363e-02,4.299993e-03,8.755693e-03,1.593790e-03,1.974318e-02,4.313780e-02,4.284734e-03,4.246446e-02,4.358640e-03,7.624352e-02,6.776036e-02,6.904050e-01,9.401947e-03,3.956338e-03,8.308938e-04
3.149161e-02,5.432726e-03,1.042581e-02,1.865175e-03,2.184506e-02,4.378428e-02,3.741937e-03,3.873231e-02,4.241024e-03,6.518432e-02,6.261955e-02,6.982081e-01,7.048428e-03,3.983308e-03,1.396366e-03
3.331633e-02,4.803429e-03,1.313125e-02,2.254936e-03,3.740487e-02,3.678080e-02,2.833331e-03,3.307660e-02,4.928344e-03,5.299661e-02,5.306171e-02,7.152907e-01,5.279860e-03,3.441988e-03,1.399275e-03
4.730182e-02,6.503095e-03,1.314799e-02,3.090638e-03,5.985356e-02,2.920969e-02,2.473810e-03,2.534171e-02,4.764867e-03,5.425636e-02,7.351209e-02,6.700667e-01,4.823757e-03,4.180370e-03,1.473527e-03
4.734348e-02,7.459204e-03,1.900334e-02,3.931087e-03,1.057018e-01,2.267350e-02,2.352872e-03,3.141427e-02,4.869451e-03,4.630581e-02,6.130043e-02,6.378595e-01,4.063808e-03,4.477439e-03,1.243927e-03
1.111179e-01,1.116428e-02,3.289393e-02,5.059399e-03,1.161188e-01,2.239822e-02,2.114451e-03,3.566844e-02,5.982441e-03,3.839925e-02,5.434959e-02,5.518616e-01,4.219639e-03,6.557538e-03,2.094545e-03
1.232063e-01,1.152541e-02,3.369099e-02,5.563361e-03,1.060885e-01,2.264757e-02,1.910448e-03,3.312270e-02,6.584818e-03,3.235960e-02,4.778859e-02,5.617982e-01,4.591989e-03,6.472081e-03,2.649543e-03
1.235556e-01,1.340645e-02,5.141853e-02,6.576783e-03,1.374595e-01,1.863895e-02,1.687758e-03,4.868026e-02,8.920914e-03,2.703638e-02,4.371748e-02,5.038821e-01,5.823046e-03,6.906516e-03,2.289822e-03
1.929764e-01,1.516233e-02,4.471908e-02,8.932611e-03,1.108890e-01,2.104189e-02,1.488001e-03,4.121088e-02,9.684848e-03,2.742176e-02,7.717209e-02,4.310956e-01,6.964378e-03,8.804363e-03,2.436777e-03
2.041797e-01,1.737804e-02,4.342710e-02,9.289335e-03,1.269917e-01,2.045370e-02,2.300674e-03,3.473367e-02,1.333496e-02,3.574357e-02,8.116121e-02,3.921948e-01,7.490210e-03,8.788023e-03,2.533283e-03
2.307301e-01,2.314964e-02,3.796626e-02,1.106855e-02,1.169190e-01,2.182078e-02,3.147551e-03,3.300310e-02,1.718365e-02,2.715025e-02,8.941856e-02,3.665978e-01,7.298740e-03,7.837802e-03,6.708311e-03
2.212536e-01,2.445246e-02,3.721306e-02,1.105419e-02,1.218088e-01,2.036862e-02,5.069252e-03,3.473189e-02,3.166069e-02,2.519702e-02,1.072863e-01,3.371881e-01,6.837314e-03,7.651267e-03,8.227521e-03
2.335357e-01,2.025976e-02,3.714969e-02,1.035859e-02,1.127281e-01,1.882778e-02,4.956733e-03,7.320882e-02,3.766776e-02,2.222015e-02,1.035661e-01,3.029205e-01,8.226963e-03,6.575174e-03,7.798133e-03
3.316328e-01,1.626701e-02,3.106244e-02,8.694065e-03,8.444521e-02,3.093028e-02,9.971776e-03,1.059870e-01,3.065032e-02,1.840478e-02,8.468966e-02,2.262381e-01,8.456463e-03,5.429313e-03,7.140777e-03
3.564788e-01,1.524341e-02,3.372110e-02,1.193651e-02,6.815670e-02,5.759609e-02,9.832707e-03,1.440269e-01,3.302059e-02,1.468200e-02,6.537186e-02,1.712846e-01,7.904632e-03,4.131943e-03,6.612176e-03
3.151476e-01,1.337105e-02,3.444282e-02,1.134953e-02,6.208847e-02,5.571318e-02,1.122989e-02,2.451592e-01,2.904181e-02,3.036814e-02,5.385187e-02,1.228605e-01,6.530343e-03,3.674419e-03,5.171137e-03
2.329083e-01,9.949878e-03,2.803735e-02,9.752250e-03,5.270433e-02,4.202768e-02,1.184235e-02,4.158224e-01,2.241169e-02,3.415795e-02,4.183010e-02,8.688693e-02,5.050727e-03,2.888165e-03,3.729889e-03
1.747295e-01,7.476079e-03,2.079310e-02,7.571743e-03,4.634243e-02,3.150063e-02,1.175334e-02,5.498168e-01,1.888019e-02,2.855834e-02,3.032771e-02,6.124056e-02,4.786170e-03,3.445162e-03,2.778288e-03
1.284781e-01,5.566742e-03,1.525815e-02,5.967040e-03,4.374120e-02,2.399266e-02,9.159801e-03,6.560016e-01,1.409609e-02,2.340269e-02,2.181282e-02,4.310017e-02,4.266988e-03,3.129764e-03,2.026247e-03
9.594212e-02,4.423040e-03,1.125617e-02,4.914677e-03,4.100044e-02,1.915123e-02,6.793056e-03,7.310942e-01,1.113693e-02,1.794026e-02,1.586179e-02,3.064409e-02,4.925058e-03,3.364389e-03,1.552604e-03
7.685618e-02,3.593170e-03,8.624600e-03,5.440398e-03,4.475947e-02,1.566891e-02,5.330556e-03,7.699950e-01,1.122221e-02,1.708217e-02,1.173868e-02,2.182358e-02,3.794308e-03,2.845569e-03,1.225288e-03
6.212457e-02,2.872284e-03,6.520007e-03,4.853960e-03,4.043478e-02,1.207771e-02,4.035580e-03,8.115724e-01,1.120438e-02,1.371209e-02,8.836729e-03,1.559262e-02,2.890031e-03,2.322737e-03,9.501533e-04
6.113130e-02,3.406505e-03,5.543987e-03,8.513263e-03,5.687013e-02,1.384912e-02,3.545119e-03,7.974365e-01,1.333910e-02,1.249610e-02,6.997417e-03,1.148562e-02,2.417008e-03,1.947259e-03,1.021602e-03
4.903881e-02,2.665180e-03,4.656322e-03,1.082425e-02,6.666109e-02,1.033428e-02,2.910075e-03,8.158680e-01,9.913004e-03,8.886533e-03,5.793943e-03,8.205025e-03,2.097870e-03,1.393574e-03,7.521136e-04
4.289352e-02,2.085278e-03,3.855332e-03,1.188199e-02,7.469541e-02,7.678234e-03,2.361219e-03,8.268728e-01,7.412910e-03,6.312844e-03,4.793554e-03,5.862915e-03,1.733742e-03,9.972876e-04,5.629948e-04
3.404591e-02,1.543327e-03,3.148216e-03,1.094833e-02,6.090172e-02,5.585092e-03,1.803917e-03,8.618913e-01,5.399875e-03,4.560711e-03,3.577285e-03,4.145679e-03,1.327685e-03,7.115982e-04,4.093982e-04
2.769762e-02,1.132027e-03,2.449731e-03,9.532165e-03,4.940401e-02,4.081039e-03,1.365624e-03,8.895769e-01,3.917047e-03,3.290915e-03,2.760814e-03,2.938797e-03,1.041223e-03,5.087080e-04,3.034881e-04
3.533870e-02,6.714386e-03,3.002184e-03,8.769381e-03,4.386787e-02,3.899401e-03,1.047166e-03,8.545578e-01,1.101002e-02,3.804068e-03,1.261699e-02,3.843419e-03,5.962321e-03,1.888431e-03,3.677948e-03
2.667476e-02,5.180304e-03,2.367505e-03,1.553911e-02,3.094332e-02,3.069344e-03,7.611330e-04,6.278632e-01,3.003393e-02,1.245785e-02,1.559792e-01,3.020535e-02,1.884635e-02,3.552811e-02,4.550577e-03
1.894195e-02,4.417516e-03,1.680615e-03,1.170571e-02,2.171334e-02,2.229816e-03,5.417409e-04,4.445927e-01,2.391825e-02,9.494470e-03,3.432446e-01,2.690763e-02,2.844974e-02,5.813266e-02,4.029321e-03
1.358565e-02,3.723145e-03,1.250239e-03,8.390008e-03,1.829748e-02,1.804481e-03,3.844166e-04,3.139745e-01,3.835559e-02,7.909560e-03,3.979254e-01,2.024404e-02,3.296585e-02,1.342070e-01,6.982727e-03
9.653962e-03,4.044650e-03,1.042164e-03,6.268957e-03,1.440830e-02,1.647149e-03,2.775436e-04,2.203709e-01,1.450585e-01,6.730084e-03,3.590557e-01,1.505471e-02,2.787390e-02,1.798242e-01,8.689282e-03
6.849337e-03,4.055911e-03,1.316037e-03,8.845829e-03,1.033355e-02,1.370276e-03,2.075543e-04,1.543304e-01,3.730005e-01,5.487841e-03,2.577648e-01,1.225794e-02,2.131039e-02,1.322125e-01,1.065721e-02
7.181249e-03,4.873643e-03,2.589592e-03,7.982204e-03,8.606226e-03,1.533262e-03,2.205476e-04,1.082407e-01,3.558697e-01,6.368080e-03,2.501661e-01,1.023034e-02,1.752053e-02,2.030458e-01,1.557210e-02
1.242037e-02,5.852208e-03,7.689195e-03,6.528498e-03,1.189871e-02,2.133343e-03,2.606729e-04,7.622617e-02,3.769970e-01,6.249734e-03,2.043122e-01,8.469004e-03,1.477588e-02,2.483428e-01,1.784420e-02
3.290401e-02,7.195650e-03,8.622062e-03,4.666467e-03,3.426978e-02,2.386926e-03,2.305314e-04,5.364529e-02,3.061810e-01,5.094809e-03,1.508827e-01,6.089706e-03,1.104720e-02,3.491479e-01,2.763602e-02
3.475331e-02,6.220662e-03,8.411496e-03,3.372749e-03,3.457426e-02,3.738154e-03,2.803378e-04,3.794955e-02,2.963440e-01,4.576976e-03,1.101270e-01,4.395541e-03,8.077071e-03,4.001858e-01,4.699314e-02
3.779193e-02,6.369704e-03,1.050249e-02,2.583078e-03,2.586046e-02,6.193014e-03,3.186539e-04,2.752986e-02,2.830367e-01,8.550582e-03,7.873419e-02,3.211559e-03,6.195392e-03,4.407042e-01,6.241814e-02
3.191581e-02,6.118299e-03,1.081180e-02,2.243698e-03,2.344063e-02,8.124921e-03,3.187893e-04,2.296549e-02,2.601431e-01,7.773259e-03,5.573077e-02,2.291051e-03,4.500913e-03,5.177528e-01,4.586871e-02
3.372093e-02,1.100829e-02,5.757503e-02,1.194753e-02,5.255296e-02,8.313616e-03,7.501980e-04,3.469500e-02,2.789770e-01,7.945318e-03,4.047405e-02,1.791962e-03,3.497007e-03,4.197496e-01,3.700154e-02
3.731588e-02,1.076395e-02,6.164131e-02,9.261593e-03,5.614238e-02,8.562576e-03,5.950361e-04,3.234388e-02,2.674385e-01,7.295245e-03,3.048444e-02,1.541016e-03,3.115925e-03,4.342561e-01,3.924204e-02
4.117900e-02,1.084283e-02,1.629462e-01,1.223554e-02,5.709422e-02,6.792177e-03,5.245572e-04,6.048266e-02,2.284385e-01,7.633847e-03,2.329218e-02,1.279264e-03,2.623248e-03,3.438391e-01,4.079672e-02
3.350832e-02,8.755499e-03,3.734376e-01,1.279162e-02,4.496512e-02,5.240568e-03,4.096181e-04,4.621685e-02,1.686700e-01,6.013331e-03,1.689911e-02,9.619680e-04,1.936776e-03,2.454781e-01,3.471547e-02
2.909365e-02,7.219950e-03,5.034183e-01,1.720711e-02,3.499902e-02,4.192488e-03,3.134441e-04,3.514134e-02,1.293503e-01,6.579928e-03,1.240645e-02,7.889020e-04,1.477659e-03,1.783642e-01,3.944718e-02
2.876780e-02,6.572894e-03,5.701956e-01,1.403063e-02,2.722666e-02,3.678136e-03,2.421298e-04,3.119013e-02,1.071869e-01,2.202612e-02,1.082415e-02,9.186303e-04,1.535174e-03,1.294646e-01,4.614025e-02
3.328567e-02,7.737445e-03,5.632996e-01,4.501494e-02,2.419113e-02,3.952025e-03,2.239301e-04,4.228853e-02,9.216560e-02,2.840523e-02,1.028874e-02,2.025499e-03,2.735080e-03,9.459992e-02,4.978659e-02
5.716134e-02,8.243309e-03,5.447192e-01,4.300074e-02,2.554014e-02,7.839840e-03,5.500613e-04,6.030889e-02,9.755940e-02,2.453522e-02,8.220234e-03,3.103840e-03,2.920639e-03,7.736868e-02,3.892843e-02
