1.000000e+00,0.000000e+00,0.000000e+00,0.000000e+00,0.000000e+00,0.000000e+00,0.000000e+00,0.000000e+00,0.000000e+00,0.000000e+00,0.000000e+00,0.000000e+00,0.000000e+00,0.000000e+00,0.000000e+00
1.000000e+00,0.000000e+00,0.000000e+00,0.000000e+00,0.000000e+00,0.000000e+00,0.000000e+00,0.000000e+00,0.000000e+00,0.000000e+00,0.000000e+00,0.000000e+00,0.000000e+00,0.000000e+00,0.000000e+00
1.000000e+00,0.000000e+00,0.000000e+00,0.000000e+00,0.000000e+00,0.000000e+00,0.000000e+00,0.000000e+00,0.000000e+00,0.000000e+00,0.000000e+00,0.000000e+00,0.000000e+00,0.000000e+00,0.000000e+00
1.000000e+00,0.000000e+00,0.000000e+00,0.000000e+00,0.000000e+00,0.000000e+00,0.000000e+00,0.000000e+00,0.000000e+00,0.000000e+00,0.000000e+00,0.000000e+00,0.000000e+00,0.000000e+00,0.000000e+00
1.000000e+00,0.000000e+00,0.000000e+00,0.000000e+00,0.000000e+00,0.000000e+00,0.000000e+00,0.000000e+00,0.000000e+00,0.000000e+00,0.000000e+00,0.000000e+00,0.000000e+00,0.000000e+00,0.000000e+00
1.000000e+00,0.000000e+00,0.000000e+00,0.000000e+00,0.000000e+00,0.000000e+00,0.000000e+00,0.000000e+00,0.000000e+00,0.000000e+00,0.000000e+00,0.000000e+00,0.000000e+00,0.000000e+00,0.000000e+00
1.000000e+00,0.000000e+00,0.000000e+00,0.000000e+00,0.000000e+00,0.000000e+00,0.000000e+00,0.000000e+00,0.000000e+00,0.000000e+00,0.000000e+00,0.000000e+00,0.000000e+00,0.000000e+00,0.000000e+00
1.000000e+00,0.000000e+00,0.000000e+00,0.000000e+00,0.000000e+00,0.000000e+00,0.000000e+00,0.000000e+00,0.000000e+00,0.000000e+00,0.000000e+00,0.000000e+00,0.000000e+00,0.000000e+00,0.000000e+00
1.000000e+00,0.000000e+00,0.000000e+00,0.000000e+00,0.000000e+00,0.000000e+00,0.000000e+00,0.000000e+00,0.000000e+00,0.000000e+00,0.000000e+00,0.000000e+00,0.000000e+00,0.000000e+00,0.000000e+00
1.000000e+00,0.000000e+00,0.000000e+00,0.000000e+00,0.000000e+00,0.000000e+00,0.000000e+00,0.000000e+00,0.000000e+00,0.000000e+00,0.000000e+00,0.000000e+00,0.000000e+00,0.000000e+00,0.000000e+00
1.000000e+00,0.000000e+00,0.000000e+00,0.000000e+00,0.000000e+00,0.000000e+00,0.000000e+00,0.000000e+00,0.000000e+00,0.000000e+00,0.000000e+00,0.000000e+00,0.000000e+00,0.000000e+00,0.000000e+00
1.000000e+00,0.000000e+00,0.000000e+00,0.000000e+00,0.000000e+00,0.000000e+00,0.000000e+00,0.000000e+00,0.000000e+00,0.000000e+00,0.000000e+00,0.000000e+00,0.000000e+00,0.000000e+00,0.000000e+00
1.000000e+00,0.000000e+00,0.000000e+00,0.000000e+00,0.000000e+00,0.000000e+00,0.000000e+00,0.000000e+00,0.000000e+00,0.000000e+00,0.000000e+00,0.000000e+00,0.000000e+00,0.000000e+00,0.000000e+00
1.000000e+00,0.000000e+00,0.000000e+00,0.000000e+00,0.000000e+00,0.000000e+00,0.000000e+00,0.000000e+00,0.000000e+00,0.000000e+00,0.000000e+00,0.000000e+00,0.000000e+00,0.000000e+00,0.000000e+00
1.000000e+00,0.000000e+00,0.000000e+00,0.000000e+00,0.000000e+00,0.000000e+00,0.000000e+00,0.000000e+00,0.000000e+00,0.000000e+00,0.000000e+00,0.000000e+00,0.000000e+00,0.000000e+00,0.000000e+00
1.000000e+00,0.000000e+00,0.000000e+00,0.000000e+00,0.000000e+00,0.000000e+00,0.000000e+00,0.000000e+00,0.000000e+00,0.000000e+00,0.000000e+00,0.000000e+00,0.000000e+00,0.000000e+00,0.000000e+00
1.000000e+00,0.000000e+00,0.000000e+00,0.000000e+00,0.000000e+00,0.000000e+00,0.000000e+00,0.000000e+00,0.000000e+00,0.000000e+00,0.000000e+00,0.000000e+00,0.000000e+00,0.000000e+00,0.000000e+00
1.000000e+00,0.000000e+00,0.000000e+00,0.000000e+00,0.000000e+00,0.000000e+00,0.000000e+00,0.000000e+00,0.000000e+00,0.000000e+00,0.000000e+00,0.000000e+00,0.000000e+00,0.000000e+00,0.000000e+00
1.000000e+00,0.000000e+00,0.000000e+00,0.000000e+00,0.000000e+00,0.000000e+00,0.000000e+00,0.000000e+00,0.000000e+00,0.000000e+00,0.000000e+00,0.000000e+00,0.000000e+00,0.000000e+00,0.000000e+00
1.000000e+00,0.000000e+00,0.000000e+00,0.000000e+00,0.000000e+00,0.000000e+00,0.000000e+00,0.000000e+00,0.000000e+00,0.000000e+00,0.000000e+00,0.000000e+00,0.000000e+00,0.000000e+00,0.000000e+00
1.000000e+00,0.000000e+00,0.000000e+00,0.000000e+00,0.000000e+00,0.000000e+00,0.000000e+00,0.000000e+00,0.000000e+00,0.000000e+00,0.000000e+00,0.000000e+00,0.000000e+00,0.000000e+00,0.000000e+00
1.000000e+00,0.000000e+00,0.000000e+00,0.000000e+00,0.000000e+00,0.000000e+00,0.000000e+00,0.000000e+00,0.000000e+00,0.000000e+00,0.000000e+00,0.000000e+00,0.000000e+00,0.000000e+00,0.000000e+00
1.000000e+00,0.000000e+00,0.000000e+00,0.000000e+00,0.000000e+00,0.000000e+00,0.000000e+00,0.000000e+00,0.000000e+00,0.000000e+00,0.000000e+00,0.000000e+00,0.000000e+00,0.000000e+00,0.000000e+00
1.000000e+00,0.000000e+00,0.000000e+00,0.000000e+00,0.000000e+00,0.000000e+00,0.000000e+00,0.000000e+00,0.000000e+00,0.000000e+00,0.000000e+00,0.000000e+00,0.000000e+00,0.000000e+00,0.000000e+00
1.000000e+00,0.000000e+00,0.000000e+00,0.000000e+00,0.000000e+00,0.000000e+00,0.000000e+00,0.000000e+00,0.000000e+00,0.000000e+00,0.000000e+00,0.000000e+00,0.000000e+00,0.000000e+00,0.000000e+00
1.000000e+00,0.000000e+00,0.000000e+00,0.000000e+00,0.000000e+00,0.000000e+00,0.000000e+00,0.000000e+00,0.000000e+00,0.000000e+00,0.000000e+00,0.000000e+00,0.000000e+00,0.000000e+00,0.000000e+00
1.000000e+00,0.000000e+00,0.000000e+00,0.000000e+00,0.000000e+00,0.000000e+00,0.000000e+00,0.000000e+00,0.000000e+00,0.000000e+00,0.000000e+00,0.000000e+00,0.000000e+00,0.000000e+00,0.000000e+00
1.000000e+00,0.000000e+00,0.000000e+00,0.000000e+00,0.000000e+00,0.000000e+00,0.000000e+00,0.000000e+00,0.000000e+00,0.000000e+00,0.000000e+00,0.000000e+00,0.000000e+00,0.000000e+00,0.000000e+00
1.000000e+00,0.000000e+00,0.000000e+00,0.000000e+00,0.000000e+00,0.000000e+00,0.000000e+00,0.000000e+00,0.000000e+00,0.000000e+00,0.000000e+00,0.000000e+00,0.000000e+00,0.000000e+00,0.000000e+00
1.000000e+00,0.000000e+00,0.000000e+00,0.000000e+00,0.000000e+00,0.000000e+00,0.000000e+00,0.000000e+00,0.000000e+00,0.000000e+00,0.000000e+00,0.000000e+00,0.000000e+00,0.000000e+00,0.000000e+00
1.000000e+00,0.000000e+00,0.000000e+00,0.000000e+00,0.000000e+00,0.000000e+00,0.000000e+00,0.000000e+00,0.000000e+00,0.000000e+00,0.000000e+00,0.000000e+00,0.000000e+00,0.000000e+00,0.000000e+00
1.000000e+00,0.000000e+00,0.000000e+00,0.000000e+00,0.000000e+00,0.000000e+00,0.000000e+00,0.000000e+00,0.000000e+00,0.000000e+00,0.000000e+00,0.000000e+00,0.000000e+00,0.000000e+00,0.000000e+00
1.000000e+00,0.000000e+00,0.000000e+00,0.000000e+00,0.000000e+00,0.000000e+00,0.000000e+00,0.000000e+00,0.000000e+00,0.000000e+00,0.000000e+00,0.000000e+00,0.000000e+00,0.000000e+00,0.000000e+00
1.000000e+00,0.000000e+00,0.000000e+00,0.000000e+00,0.000000e+00,0.000000e+00,0.000000e+00,0.000000e+00,0.000000e+00,0.000000e+00,0.000000e+00,0.000000e+00,0.000000e+00,0.000000e+00,0.000000e+00
1.000000e+00,0.000000e+00,0.000000e+00,0.000000e+00,0.000000e+00,0.000000e+00,0.000000e+00,0.000000e+00,0.000000e+00,0.000000e+00,0.000000e+00,0.000000e+00,0.000000e+00,0.000000e+00,0.000000e+00
1.000000e+00,0.000000e+00,0.000000e+00,0.000000e+00,0.000000e+00,0.000000e+00,0.000000e+00,0.000000e+00,0.000000e+00,0.000000e+00,0.000000e+00,0.000000e+00,0.000000e+00,0.000000e+00,0.000000e+00
1.000000e+00,0.000000e+00,0.000000e+00,0.000000e+00,0.000000e+00,0.000000e+00,0.000000e+00,0.000000e+00,0.000000e+00,0.000000e+00,0.000000e+00,0.000000e+00,0.000000e+00,0.000000e+00,0.000000e+00
1.000000e+00,0.000000e+00,0.000000e+00,0.000000e+00,0.000000e+00,0.000000e+00,0.000000e+00,0.000000e+00,0.000000e+00,0.000000e+00,0.000000e+00,0.000000e+00,0.000000e+00,0.000000e+00,0.000000e+00
1.000000e+00,0.000000e+00,0.000000e+00,0.000000e+00,0.000000e+00,0.000000e+00,0.000000e+00,0.000000e+00,0.000000e+00,0.000000e+00,0.000000e+00,0.000000e+00,0.000000e+00,0.000000e+00,0.000000e+00
1.000000e+00,0.000000e+00,0.000000e+00,0.000000e+00,0.000000e+00,0.000000e+00,0.000000e+00,0.000000e+00,0.000000e+00,0.000000e+00,0.000000e+00,0.000000e+00,0.000000e+00,0.000000e+00,0.000000e+00
1.000000e+00,0.000000e+00,0.000000e+00,0.000000e+00,0.000000e+00,0.000000e+00,0.000000e+00,0.000000e+00,0.000000e+00,0.000000e+00,0.000000e+00,0.000000e+00,0.000000e+00,0.000000e+00,0.000000e+00
1.000000e+00,0.000000e+00,0.000000e+00,0.000000e+00,0.000000e+00,0.000000e+00,0.000000e+00,0.000000e+00,0.000000e+00,0.000000e+00,0.000000e+00,0.000000e+00,0.000000e+00,0.000000e+00,0.000000e+00
1.000000e+00,0.000000e+00,0.000000e+00,0.000000e+00,0.000000e+00,0.000000e+00,0.000000e+00,0.000000e+00,0.000000e+00,0.000000e+00,0.000000e+00,0.000000e+00,0.000000e+00,0.000000e+00,0.000000e+00
1.000000e+00,0.000000e+00,0.000000e+00,0.000000e+00,0.000000e+00,0.000000e+00,0.000000e+00,0.000000e+00,0.000000e+00,0.000000e+00,0.000000e+00,0.000000e+00,0.000000e+00,0.000000e+00,0.000000e+00
1.000000e+00,0.000000e+00,0.000000e+00,0.000000e+00,0.000000e+00,0.000000e+00,0.000000e+00,0.000000e+00,0.000000e+00,0.000000e+00,0.000000e+00,0.000000e+00,0.000000e+00,0.000000e+00,0.000000e+00
1.000000e+00,0.000000e+00,0.000000e+00,0.000000e+00,0.000000e+00,0.000000e+00,0.000000e+00,0.000000e+00,0.000000e+00,0.000000e+00,0.000000e+00,0.000000e+00,0.000000e+00,0.000000e+00,0.000000e+00
1.000000e+00,0.000000e+00,0.000000e+00,0.000000e+00,0.000000e+00,0.000000e+00,0.000000e+00,0.000000e+00,0.000000e+00,0.000000e+00,0.000000e+00,0.000000e+00,0.000000e+00,0.000000e+00,0.000000e+00
1.000000e+00,0.000000e+00,0.000000e+00,0.000000e+00,0.000000e+00,0.000000e+00,0.000000e+00,0.000000e+00,0.000000e+00,0.000000e+00,0.000000e+00,0.000000e+00,0.000000e+00,0.000000e+00,0.000000e+00
1.000000e+00,0.000000e+00,0.000000e+00,0.000000e+00,0.000000e+00,0.000000e+00,0.000000e+00,0.000000e+00,0.000000e+00,0.000000e+00,0.000000e+00,0.000000e+00,0.000000e+00,0.000000e+00,0.000000e+00
1.000000e+00,0.000000e+00,0.000000e+00,0.000000e+00,0.000000e+00,0.000000e+00,0.000000e+00,0.000000e+00,0.000000e+00,0.000000e+00,0.000000e+00,0.000000e+00,0.000000e+00,0.000000e+00,0.000000e+00
1.000000e+00,0.000000e+00,0.000000e+00,0.000000e+00,0.000000e+00,0.000000e+00,0.000000e+00,0.000000e+00,0.000000e+00,0.000000e+00,0.000000e+00,0.000000e+00,0.000000e+00,0.000000e+00,0.000000e+00
1.000000e+00,0.000000e+00,0.000000e+00,0.000000e+00,0.000000e+00,0.000000e+00,0.000000e+00,0.000000e+00,0.000000e+00,0.000000e+00,0.000000e+00,0.000000e+00,0.000000e+00,0.000000e+00,0.000000e+00
1.000000e+00,0.000000e+00,0.000000e+00,0.000000e+00,0.000000e+00,0.000000e+00,0.000000e+00,0.000000e+00,0.000000e+00,0.000000e+00,0.000000e+00,0.000000e+00,0.000000e+00,0.000000e+00,0.000000e+00
1.000000e+00,0.000000e+00,0.000000e+00,0.000000e+00,0.000000e+00,0.000000e+00,0.000000e+00,0.000000e+00,0.000000e+00,0.000000e+00,0.000000e+00,0.000000e+00,0.000000e+00,0.000000e+00,0.000000e+00
1.000000e+00,0.000000e+00,0.000000e+00,0.000000e+00,0.000000e+00,0.000000e+00,0.000000e+00,0.000000e+00,0.000000e+00,0.000000e+00,0.000000e+00,0.000000e+00,0.000000e+00,0.000000e+00,0.000000e+00
1.000000e+00,0.000000e+00,0.000000e+00,0.000000e+00,0.000000e+00,0.000000e+00,0.000000e+00,0.000000e+00,0.000000e+00,0.000000e+00,0.000000e+00,0.000000e+00,0.000000e+00,0.000000e+00,0.000000e+00
1.000000e+00,0.000000e+00,0.000000e+00,0.000000e+00,0.000000e+00,0.000000e+00,0.000000e+00,0.000000e+00,0.000000e+00,0.000000e+00,0.000000e+00,0.000000e+00,0.000000e+00,0.000000e+00,0.000000e+00
1.000000e+00,0.000000e+00,0.000000e+00,0.000000e+00,0.000000e+00,0.000000e+00,0.000000e+00,0.000000e+00,0.000000e+00,0.000000e+00,0.000000e+00,0.000000e+00,0.000000e+00,0.000000e+00,0.000000e+00
1.000000e+00,0.000000e+00,0.000000e+00,0.000000e+00,0.000000e+00,0.000000e+00,0.000000e+00,0.000000e+00,0.000000e+00,0.000000e+00,0.000000e+00,0.000000e+00,0.000000e+00,0.000000e+00,0.000000e+00
1.000000e+00,0.000000e+00,0.000000e+00,0.000000e+00,0.000000e+00,0.000000e+00,0.000000e+00,0.000000e+00,0.000000e+00,0.000000e+00,0.000000e+00,0.000000e+00,0.000000e+00,0.000000e+00,0.000000e+00
1.000000e+00,0.000000e+00,0.000000e+00,0.000000e+00,0.000000e+00,0.000000e+00,0.000000e+00,0.000000e+00,0.000000e+00,0.000000e+00,0.000000e+00,0.000000e+00,0.000000e+00,0.000000e+00,0.000000e+00
1.000000e+00,0.000000e+00,0.000000e+00,0.000000e+00,0.000000e+00,0.000000e+00,0.000000e+00,0.000000e+00,0.000000e+00,0.000000e+00,0.000000e+00,0.000000e+00,0.000000e+00,0.000000e+00,0.000000e+00
4.038840e-01,9.927452e-03,1.533836e-02,1.155981e-01,1.168753e-02,1.058799e-02,1.899076e-03,3.966269e-01,2.559039e-03,1.328379e-03,7.163496e-03,6.529106e-03,8.724460e-03,1.160379e-03,6.985812e-03
2.858199e-01,7.231601e-03,1.120535e-02,8.130862e-02,8.812684e-03,7.544778e-03,1.548725e-03,5.712234e-01,1.834397e-03,9.571913e-04,5.750451e-03,4.631193e-03,6.283799e-03,8.826893e-04,4.965237e-03
2.004565e-01,5.118038e-03,8.181314e-03,5.712261e-02,6.293377e-03,5.408576e-03,1.216871e-03,6.983425e-01,1.287665e-03,6.748978e-04,4.075194e-03,3.252929e-03,4.426110e-03,6.541040e-04,3.489312e-03
1.406757e-01,3.620710e-03,5.782458e-03,4.009372e-02,4.554563e-03,3.923794e-03,1.054646e-03,7.869272e-01,9.132603e-04,4.826114e-04,3.162622e-03,2.386919e-03,3.361196e-03,6.023672e-04,2.458266e-03
9.878200e-02,2.577228e-03,4.084819e-03,2.808199e-02,3.474096e-03,2.956180e-03,1.026300e-03,8.086918e-01,7.005282e-04,9.716203e-04,1.243613e-02,1.267320e-02,1.352361e-02,8.186291e-03,1.834223e-03
6.917790e-02,1.807079e-03,2.861200e-03,1.980709e-02,2.454540e-03,2.078649e-03,7.304440e-04,5.907640e-01,5.224250e-04,2.593978e-03,4.734186e-02,1.650867e-01,3.625014e-02,5.718377e-02,1.340137e-03
4.843534e-02,1.276522e-03,2.004357e-03,1.414948e-02,1.727054e-03,1.462415e-03,5.141189e-04,4.193428e-01,4.151483e-04,4.128754e-03,1.014868e-01,2.008919e-01,5.461119e-02,1.484935e-01,1.060717e-03
3.391038e-02,9.069020e-04,1.412669e-03,1.077059e-02,1.605474e-03,1.033244e-03,3.831509e-04,2.940256e-01,7.159176e-04,6.837570e-03,1.446480e-01,2.771049e-01,6.595512e-02,1.597752e-01,9.153007e-04
2.375630e-02,7.717796e-04,1.189089e-03,1.225061e-02,7.797532e-03,7.835038e-04,4.124943e-04,2.066031e-01,4.121143e-03,1.195418e-02,1.591695e-01,3.522396e-01,7.045460e-02,1.470966e-01,1.399888e-03
1.668485e-02,1.777789e-03,1.518281e-03,2.537235e-02,2.110225e-02,8.723630e-04,3.963264e-04,1.452643e-01,1.592780e-02,2.492946e-02,1.591669e-01,3.789899e-01,7.492903e-02,1.301162e-01,2.952212e-03
1.186351e-02,2.897494e-03,3.234012e-03,2.674516e-02,2.098155e-02,9.728894e-04,4.671071e-04,1.030775e-01,3.419513e-02,2.754129e-02,1.803947e-01,3.613197e-01,1.070350e-01,1.092748e-01,1.000023e-02
9.239717e-03,2.478831e-03,2.885187e-03,3.064383e-02,2.311305e-02,1.428777e-03,4.976011e-04,7.404065e-02,3.659377e-02,2.533903e-02,2.266750e-01,3.569584e-01,1.089673e-01,9.208057e-02,9.058182e-03
6.546882e-03,1.766452e-03,2.127447e-03,2.279845e-02,1.953196e-02,1.221373e-03,3.922039e-04,5.211712e-02,2.680462e-02,2.065120e-02,3.944089e-01,2.953933e-01,8.333141e-02,6.559587e-02,7.312765e-03
4.620393e-03,1.245834e-03,1.618797e-03,1.621921e-02,2.227020e-02,9.506167e-04,3.388985e-04,3.693887e-02,1.948169e-02,2.387904e-02,4.110369e-01,3.304844e-01,7.041466e-02,5.219205e-02,8.308351e-03
3.289016e-03,9.126181e-04,1.465213e-03,1.190852e-02,2.645452e-02,9.094990e-04,2.735371e-04,2.663120e-02,1.484595e-02,2.554421e-02,3.452137e-01,4.291254e-01,5.918179e-02,4.737025e-02,6.874571e-03
2.344245e-03,7.599269e-04,2.247167e-03,8.467663e-03,3.783949e-02,8.240515e-04,2.090787e-04,1.979936e-02,1.315802e-02,3.841316e-02,2.582060e-01,5.107845e-01,5.230087e-02,4.878576e-02,5.860718e-03
1.688365e-03,6.229926e-04,2.193339e-03,6.086180e-03,8.378460e-02,7.657767e-04,1.964840e-04,1.491948e-02,1.096165e-02,4.689747e-02,1.922379e-01,5.365141e-01,5.147225e-02,4.439073e-02,7.268718e-03
1.343264e-03,5.053843e-04,2.025537e-03,4.365676e-03,1.965389e-01,1.017646e-03,4.856671e-04,1.198283e-02,9.326515e-03,4.132168e-02,1.478101e-01,4.910797e-01,4.745437e-02,3.630449e-02,8.438253e-03
1.099116e-03,3.683510e-04,2.292756e-03,3.102286e-03,4.028894e-01,8.305314e-04,6.494427e-04,1.188745e-02,7.213178e-03,2.953535e-02,1.076728e-01,3.647803e-01,3.497952e-02,2.615560e-02,6.543886e-03
9.344395e-04,2.655650e-04,2.280036e-03,2.216581e-03,5.286388e-01,6.996503e-04,9.774226e-04,1.414159e-02,5.474829e-03,2.221948e-02,8.214565e-02,2.838120e-01,2.914142e-02,1.967867e-02,7.373693e-03
1.512198e-03,2.499608e-04,3.106108e-03,1.648856e-03,5.924094e-01,1.138509e-03,4.421437e-03,5.489834e-02,5.133381e-03,1.814296e-02,6.564715e-02,2.022001e-01,2.620003e-02,1.706477e-02,6.226753e-03
3.213131e-03,2.934696e-04,3.354723e-03,1.576394e-03,5.898243e-01,3.172863e-03,5.218596e-03,8.954502e-02,6.659983e-03,1.563963e-02,6.847119e-02,1.502026e-01,4.227094e-02,1.450949e-02,6.047661e-03
4.957663e-03,3.547965e-04,4.375638e-03,2.386447e-03,6.526526e-01,2.581900e-03,4.633107e-03,7.801701e-02,1.160646e-02,1.151600e-02,6.458518e-02,1.100667e-01,3.749625e-02,1.031539e-02,4.454851e-03
7.406444e-03,1.936093e-03,1.005840e-02,7.794955e-03,7.017384e-01,4.582489e-03,5.361176e-03,6.041184e-02,2.359660e-02,8.158847e-03,4.932611e-02,7.844469e-02,3.072899e-02,7.287612e-03,3.167381e-03
8.775258e-03,2.530098e-03,1.252160e-02,1.198333e-02,7.292950e-01,4.151472e-03,5.908385e-03,4.488407e-02,4.726749e-02,5.994104e-03,3.639690e-02,5.672873e-02,2.599024e-02,5.212095e-03,2.361252e-03
1.712996e-02,3.625708e-03,1.430374e-02,1.495432e-02,7.410673e-01,4.695822e-03,8.864934e-03,4.068523e-02,5.824327e-02,4.513135e-03,2.643003e-02,4.028843e-02,1.960009e-02,3.748349e-03,1.849606e-03
4.494209e-02,5.473725e-03,2.031926e-02,2.188514e-02,7.105547e-01,6.867685e-03,9.873401e-03,3.555783e-02,7.173704e-02,3.617443e-03,1.999799e-02,2.909632e-02,1.541171e-02,2.921439e-03,1.744265e-03
5.857103e-02,5.236340e-03,1.591179e-02,1.919490e-02,7.286592e-01,5.225398e-03,7.569165e-03,2.869174e-02,7.692681e-02,2.640264e-03,1.474819e-02,2.110952e-02,1.166014e-02,2.241082e-03,1.614533e-03
6.677713e-02,5.967673e-03,1.505857e-02,6.751211e-02,5.923292e-01,4.327171e-03,7.030492e-03,1.168189e-01,7.991424e-02,2.299642e-03,1.173279e-02,1.632730e-02,9.830791e-03,1.789401e-03,2.284622e-03
5.383862e-02,4.973566e-03,1.187138e-02,5.412407e-02,4.746558e-01,3.331918e-03,6.466975e-03,2.720678e-01,8.648841e-02,1.663978e-03,8.505036e-03,1.168539e-02,7.347284e-03,1.293722e-03,1.686015e-03
5.209922e-02,4.456426e-03,9.148172e-03,3.942916e-02,3.944663e-01,2.605249e-03,7.827176e-03,3.858924e-01,8.085348e-02,1.213060e-03,6.111532e-03,8.350984e-03,5.352372e-03,9.419146e-04,1.252616e-03
4.518243e-02,3.832275e-03,7.305162e-03,2.949157e-02,3.180134e-01,2.459392e-03,8.335778e-03,5.029003e-01,6.551060e-02,9.118101e-04,4.382724e-03,6.051723e-03,3.922139e-03,6.868228e-04,1.013897e-03
4.744014e-02,3.478706e-03,1.367415e-02,3.502867e-02,2.359702e-01,8.182685e-03,7.147060e-03,5.846443e-01,4.882350e-02,8.513049e-04,3.555597e-03,5.862704e-03,3.664750e-03,5.530302e-04,1.123239e-03
5.187717e-02,2.689346e-03,1.286916e-02,2.636994e-02,1.791399e-01,6.940660e-03,6.563268e-03,6.662285e-01,3.529757e-02,6.536421e-04,2.723565e-03,4.496179e-03,2.811905e-03,4.182509e-04,9.210300e-04
8.069090e-02,2.162546e-03,1.191251e-02,2.117648e-02,1.356428e-01,1.095899e-02,8.504326e-03,6.917705e-01,2.688410e-02,5.608960e-04,2.267901e-03,3.581604e-03,2.726963e-03,3.416034e-04,8.178665e-04
1.530249e-01,2.747883e-03,1.229334e-02,1.676063e-02,1.051015e-01,2.388753e-02,1.380025e-02,6.298053e-01,2.697678e-02,5.479773e-04,3.058265e-03,5.096251e-03,5.008038e-03,4.350707e-04,1.456349e-03
2.129041e-01,2.626489e-03,1.354245e-02,1.371933e-02,8.544034e-02,3.495387e-02,1.566131e-02,5.707037e-01,2.352701e-02,5.058075e-04,5.029954e-03,7.522631e-03,1.166071e-02,6.106164e-04,1.591668e-03
2.242261e-01,2.640452e-03,1.399990e-02,1.046843e-02,6.823327e-02,8.452491e-02,1.724993e-02,4.797143e-01,2.053585e-02,5.158819e-04,7.764246e-03,7.598936e-03,5.972064e-02,6.263065e-04,2.180912e-03
2.002096e-01,3.700970e-03,1.513965e-02,1.685468e-02,7.758950e-02,7.513812e-02,1.567942e-02,3.722084e-01,2.959560e-02,3.006397e-03,1.943286e-02,1.240838e-02,1.133988e-01,5.943091e-03,3.969456e-02
1.853115e-01,3.711054e-03,1.218144e-02,1.967194e-02,8.935691e-02,6.807834e-02,1.287383e-02,2.810783e-01,3.208970e-02,3.426743e-03,4.624359e-02,1.514357e-02,1.714135e-01,4.889050e-03,5.453043e-02
1.568163e-01,1.720184e-02,1.310096e-02,1.519985e-01,9.157965e-02,4.995579e-02,1.179996e-02,1.989808e-01,5.071150e-02,3.233327e-03,3.695348e-02,1.594562e-02,1.502908e-01,4.027641e-03,4.740380e-02
1.256211e-01,1.652422e-02,1.154555e-02,1.589909e-01,8.072889e-02,4.199026e-02,1.040314e-02,1.414448e-01,5.453423e-02,3.375457e-03,4.712137e-02,1.639155e-02,1.658617e-01,4.996832e-03,1.204700e-01
9.896989e-02,1.435065e-02,1.010593e-02,1.223290e-01,5.814114e-02,3.177362e-02,9.385972e-03,1.007709e-01,6.797563e-02,4.231554e-03,4.855227e-02,3.041190e-02,2.455108e-01,8.070765e-03,1.494200e-01
7.810851e-02,1.107869e-02,7.962945e-03,8.696786e-02,4.132076e-02,2.305491e-02,7.012075e-03,7.219968e-02,5.585585e-02,4.462624e-03,4.217692e-02,3.798406e-02,2.996387e-01,1.022339e-02,2.219530e-01
6.256893e-02,1.150245e-02,7.689690e-03,6.147463e-02,2.984955e-02,1.648062e-02,5.043864e-03,5.094200e-02,5.075821e-02,4.313929e-03,3.200299e-02,3.092030e-02,2.397573e-01,1.315591e-02,3.835396e-01
4.773273e-02,1.083077e-02,1.375360e-02,4.420110e-02,2.217179e-02,1.201803e-02,3.783618e-03,3.675748e-02,4.667914e-02,3.582170e-03,2.308519e-02,2.304445e-02,1.908308e-01,1.219579e-02,5.093334e-01
3.609978e-02,1.185868e-02,1.292003e-02,3.204956e-02,1.674309e-02,9.146336e-03,2.820558e-03,2.657875e-02,5.798457e-02,3.160241e-03,1.654783e-02,1.780620e-02,1.407297e-01,1.208068e-02,6.034740e-01
2.623042e-02,1.424088e-02,1.177786e-02,2.352446e-02,1.292276e-02,6.779941e-03,2.262925e-03,1.944258e-02,6.740081e-02,2.676933e-03,1.238937e-02,1.337616e-02,1.038059e-01,1.006399e-02,6.731050e-01
1.921149e-02,1.493879e-02,1.008671e-02,1.775390e-02,1.141582e-02,5.635085e-03,2.198278e-03,2.079445e-02,7.498050e-02,2.440615e-03,1.022428e-02,1.113041e-02,1.581073e-01,9.977904e-03,6.311045e-01
1.633495e-02,3.253142e-02,1.593610e-02,2.483421e-02,9.521254e-03,5.048871e-03,1.722260e-03,1.552156e-02,1.550115e-01,2.519946e-03,8.436915e-03,9.172531e-03,1.227431e-01,7.889372e-03,5.727761e-01
1.316891e-02,2.948199e-02,2.187189e-02,2.119387e-02,9.154076e-03,3.909381e-03,2.155871e-03,3.839626e-02,1.343922e-01,2.299042e-03,8.177520e-03,8.425801e-03,1.066618e-01,7.515619e-03,5.931957e-01
1.155258e-02,4.793091e-02,2.647624e-02,2.273861e-02,7.908571e-03,3.315375e-03,1.938551e-03,3.341369e-02,1.945987e-01,2.080084e-03,6.653618e-03,6.563240e-03,8.516257e-02,6.169151e-03,5.434981e-01
1.095028e-02,5.968982e-02,2.291834e-02,1.886765e-02,6.768376e-03,2.984722e-03,1.506243e-03,2.693520e-02,1.983695e-01,3.328748e-03,5.818749e-03,5.404119e-03,6.683601e-02,5.750282e-03,5.638719e-01
1.087580e-02,1.173632e-01,3.117498e-02,2.091144e-02,1.156826e-02,3.210091e-03,1.372155e-03,2.708441e-02,2.081277e-01,3.411401e-03,4.591667e-03,4.218202e-03,5.140892e-02,4.442020e-03,5.002397e-01
1.835526e-02,1.724583e-01,3.087036e-02,2.233225e-02,9.633200e-03,3.926795e-03,1.047894e-03,2.062642e-02,2.371973e-01,8.623926e-03,4.236114e-03,3.953948e-03,3.909606e-02,4.496265e-03,4.231459e-01
2.121116e-02,1.704641e-01,4.903718e-02,1.765074e-02,1.248713e-02,3.985739e-03,1.515628e-03,4.759694e-02,2.316024e-01,7.157392e-03,3.967461e-03,3.988375e-03,3.525836e-02,3.582856e-03,3.904946e-01
3.169508e-02,1.835722e-01,5.075246e-02,1.387410e-02,1.380780e-02,5.432586e-03,1.355817e-03,5.429982e-02,2.280626e-01,7.302967e-03,3.364558e-03,3.460009e-03,3.066449e-02,4.298822e-03,3.680566e-01
5.735986e-02,1.757508e-01,6.328043e-02,1.275460e-02,2.529183e-02,6.568333e-03,1.766111e-03,7.469600e-02,2.179269e-01,7.199168e-03,2.784059e-03,2.939815e-03,2.533005e-02,4.522888e-03,3.218292e-01
5.620022e-02,1.534591e-01,1.039035e-01,2.677529e-02,4.472451e-02,7.730767e-03,2.900187e-03,9.645581e-02,2.263122e-01,9.496401e-03,2.694132e-03,2.879617e-03,2.052172e-02,4.062624e-03,2.418838e-01
5.352547e-02,1.301388e-01,1.353797e-01,2.366092e-02,5.879901e-02,8.642738e-03,3.541108e-03,9.107113e-02,2.272887e-01,1.104163e-02,2.315450e-03,2.293321e-03,1.715469e-02,4.741951e-03,2.304053e-01
6.296209e-02,1.157822e-01,1.604001e-01,2.605329e-02,8.898491e-02,1.068405e-02,5.224122e-03,7.892060e-02,2.094929e-01,1.364047e-02,3.393119e-03,2.927927e-03,1.612689e-02,6.092393e-03,1.993150e-01
8.792511e-02,9.936398e-02,1.428040e-01,2.406996e-02,1.115448e-01,1.274059e-02,4.888687e-03,7.482825e-02,1.894681e-01,1.695200e-02,3.389528e-03,2.499725e-03,1.422646e-02,8.703134e-03,2.065956e-01
1.201841e-01,8.049870e-02,1.289612e-01,2.407245e-02,1.156722e-01,1.318994e-02,5.763793e-03,6.345797e-02,1.621006e-01,1.661733e-02,3.737676e-03,2.275865e-03,1.222569e-02,9.785481e-03,2.414570e-01
1.035482e-01,6.358426e-02,1.025026e-01,1.927812e-02,8.423781e-02,1.082746e-02,4.257089e-03,4.594665e-02,1.502912e-01,1.697375e-02,4.708289e-03,2.170477e-03,9.617178e-03,1.607742e-02,3.659794e-01
9.244691e-02,4.796056e-02,7.854021e-02,1.482641e-02,6.368382e-02,9.928724e-03,3.364265e-03,3.457140e-02,1.370237e-01,2.174342e-02,5.496667e-03,1.766703e-03,8.425850e-03,7.265758e-02,4.075637e-01
8.125950e-02,4.634568e-02,6.103127e-02,1.998888e-02,4.924103e-02,9.748363e-03,3.004993e-03,2.688441e-02,1.357903e-01,1.744693e-02,6.412356e-03,2.587545e-03,8.555323e-03,9.737162e-02,4.343317e-01
8.320147e-02,3.641793e-02,4.549627e-02,1.690934e-02,3.662518e-02,1.075651e-02,2.335185e-03,2.038793e-02,1.406087e-01,1.540405e-02,7.611884e-03,2.061993e-03,7.857655e-03,1.603440e-01,4.139818e-01
9.686422e-02,3.413200e-02,3.584004e-02,1.699112e-02,3.180006e-02,1.305811e-02,2.306814e-03,1.622271e-02,1.218352e-01,1.306709e-02,1.236204e-02,2.429228e-03,8.904657e-03,2.687929e-01,3.253938e-01
8.009630e-02,2.485546e-02,2.532480e-02,1.199392e-02,2.309684e-02,9.635326e-03,1.653240e-03,1.138579e-02,1.135601e-01,1.144001e-02,1.115582e-02,1.875980e-03,6.789577e-03,4.105316e-01,2.566052e-01
6.365634e-02,1.873930e-02,1.804605e-02,8.534920e-03,1.652302e-02,7.065441e-03,1.190812e-03,7.995947e-03,1.080765e-01,9.872488e-03,9.067430e-03,1.425228e-03,5.228725e-03,5.233556e-01,2.012222e-01
4.934013e-02,1.346521e-02,1.290421e-02,6.059747e-03,1.173698e-02,5.228855e-03,8.627164e-04,5.612738e-03,1.789063e-01,1.156007e-02,8.170915e-03,1.122474e-03,3.883549e-03,5.397081e-01,1.514380e-01
3.576650e-02,9.627305e-03,9.264109e-03,4.291003e-03,8.300736e-03,3.824229e-03,6.121596e-04,3.933762e-03,2.788414e-01,1.125675e-02,6.588972e-03,8.131303e-04,2.791724e-03,5.065338e-01,1.175544e-01
2.533928e-02,6.787486e-03,6.577105e-03,3.010185e-03,5.850086e-03,2.732470e-03,4.325775e-04,2.754995e-03,2.359822e-01,1.849526e-02,6.078799e-03,5.837655e-04,2.014101e-03,5.907148e-01,9.264699e-02
1.828983e-02,4.908483e-03,4.959151e-03,2.123704e-03,4.181502e-03,1.977294e-03,3.115757e-04,1.931500e-03,2.336891e-01,3.129036e-02,6.670988e-03,4.556866e-04,1.501579e-03,6.122786e-01,7.543061e-02
1.328505e-02,3.511499e-03,3.639635e-03,1.522212e-03,3.015391e-03,1.443687e-03,2.314335e-04,1.358655e-03,2.067269e-01,3.610864e-02,5.949181e-03,3.793853e-04,1.124742e-03,6.601270e-01,6.157650e-02
1.059362e-02,2.794881e-03,3.511905e-03,1.105718e-03,2.202149e-03,1.172848e-03,1.991642e-04,9.991766e-04,1.683109e-01,4.737188e-02,5.843415e-03,3.043781e-04,8.568224e-04,6.872256e-01,6.750745e-02
7.659050e-03,2.083074e-03,2.730296e-03,7.820959e-04,1.567788e-03,8.600866e-04,1.430748e-04,7.058799e-04,1.271061e-01,5.049438e-02,4.542449e-03,2.249135e-04,6.259784e-04,7.427483e-01,5.772651e-02
5.502987e-03,1.530365e-03,2.222295e-03,5.548989e-04,1.159613e-03,6.390312e-04,1.077534e-04,5.016886e-04,9.702928e-02,7.365967e-02,4.485070e-03,1.803537e-04,4.784947e-04,7.648050e-01,4.714353e-02
4.968927e-03,1.274730e-03,2.003015e-03,4.731228e-04,1.655337e-03,6.284189e-04,1.210468e-04,4.142450e-04,1.021264e-01,1.634921e-01,9.081511e-03,3.459468e-04,8.897040e-04,6.701211e-01,4.240438e-02
5.331666e-03,1.170978e-03,1.650070e-03,4.092074e-04,2.104698e-03,6.530779e-04,1.380277e-04,3.319625e-04,9.096235e-02,2.483550e-01,1.392744e-02,3.957880e-04,1.053626e-03,5.953079e-01,3.820818e-02
5.108930e-03,1.862767e-03,1.479983e-03,6.207583e-04,2.602099e-03,9.112715e-04,1.512567e-04,2.948229e-04,8.032018e-02,2.614175e-01,5.124583e-02,7.512649e-04,2.659136e-03,5.547798e-01,3.579442e-02
5.878338e-03,3.391665e-03,1.377480e-03,2.249422e-03,2.851784e-03,2.164940e-03,2.148015e-04,3.567533e-04,6.706876e-02,2.299111e-01,1.792568e-01,1.953325e-03,5.272850e-03,4.679352e-01,3.011683e-02
1.498090e-02,6.509560e-03,2.121674e-03,3.649056e-03,3.603981e-03,9.781322e-03,3.858095e-04,2.265139e-03,6.417578e-02,2.405224e-01,2.367217e-01,3.349407e-03,6.950000e-03,3.791617e-01,2.582153e-02
2.147548e-02,9.835378e-03,2.478420e-03,1.000455e-02,5.996898e-03,8.837510e-03,4.642932e-04,2.645371e-03,6.642197e-02,2.637208e-01,2.728392e-01,4.537106e-03,9.989809e-03,2.928322e-01,2.792097e-02
2.682380e-02,1.093292e-02,2.891893e-03,1.033109e-02,8.174380e-03,9.142008e-03,5.648837e-04,3.032963e-03,8.301175e-02,2.708850e-01,2.829722e-01,5.572561e-03,9.072067e-03,2.444476e-01,3.214481e-02
2.919154e-02,1.014430e-02,3.582380e-03,1.108648e-02,8.286886e-03,8.047122e-03,5.750098e-04,3.007982e-03,6.919299e-02,3.828588e-01,2.378627e-01,6.910362e-03,8.483203e-03,1.920025e-01,2.876768e-02
5.860038e-02,8.378933e-03,5.362452e-03,1.297251e-02,8.088139e-03,7.840828e-03,7.902008e-04,5.432670e-03,6.341840e-02,4.425966e-01,2.009108e-01,8.251376e-03,9.098890e-03,1.431428e-01,2.511501e-02
5.957595e-02,6.806023e-03,4.318917e-03,1.493975e-02,1.039795e-02,6.975966e-03,6.951495e-04,5.945462e-03,5.218358e-02,5.355555e-01,1.557452e-01,1.009475e-02,9.655783e-03,1.080257e-01,1.908428e-02
7.557897e-02,2.320199e-02,2.012326e-02,2.222474e-02,2.527566e-02,2.404819e-02,8.447978e-04,1.038267e-02,5.179571e-02,4.893814e-01,1.432950e-01,8.935706e-03,8.886466e-03,8.074558e-02,1.527986e-02
1.010320e-01,2.602114e-02,5.678407e-02,8.763094e-02,3.132771e-02,2.199134e-02,1.025977e-03,1.764219e-02,7.027423e-02,3.913541e-01,1.083068e-01,8.286611e-03,7.660974e-03,5.797108e-02,1.269079e-02
1.349065e-01,2.521386e-02,7.094887e-02,1.500228e-01,4.640603e-02,3.001700e-02,9.940838e-04,1.966468e-02,8.753295e-02,2.913024e-01,7.802185e-02,6.699452e-03,5.711325e-03,4.176497e-02,1.079324e-02
1.791894e-01,2.606849e-02,1.151467e-01,1.183547e-01,4.731131e-02,5.762585e-02,8.422632e-04,1.594533e-02,1.064389e-01,2.219052e-01,5.749071e-02,5.607904e-03,4.436085e-03,3.186340e-02,1.177377e-02
1.535496e-01,3.354945e-02,1.175524e-01,1.695782e-01,8.017574e-02,6.635483e-02,2.024338e-03,4.476669e-02,9.326088e-02,1.571233e-01,4.153446e-02,4.633571e-03,3.459628e-03,2.326642e-02,9.170583e-03
1.422865e-01,3.962337e-02,1.470026e-01,1.876462e-01,9.210336e-02,8.139431e-02,3.006195e-03,4.215191e-02,8.047069e-02,1.138781e-01,3.176199e-02,4.668658e-03,3.044280e-03,2.200179e-02,8.960091e-03
1.499431e-01,5.120873e-02,1.255719e-01,1.682109e-01,1.246193e-01,1.084191e-01,4.182720e-03,3.742633e-02,7.554349e-02,8.330933e-02,2.639640e-02,5.945317e-03,3.266815e-03,2.421550e-02,1.174116e-02
2.202212e-01,4.692691e-02,1.158056e-01,1.268665e-01,1.231681e-01,1.045212e-01,4.312568e-03,3.233160e-02,7.447606e-02,7.432880e-02,2.359804e-02,6.656146e-03,3.940703e-03,2.993050e-02,1.291614e-02
2.613132e-01,4.232641e-02,1.150547e-01,9.600183e-02,1.197173e-01,8.885881e-02,3.720585e-03,2.741223e-02,7.181577e-02,8.690823e-02,2.273498e-02,7.709737e-03,4.466424e-03,3.441142e-02,1.754846e-02
3.001071e-01,3.899056e-02,9.352454e-02,7.420877e-02,1.591715e-01,6.927015e-02,3.518396e-03,2.289465e-02,6.632248e-02,7.567911e-02,2.032450e-02,1.013565e-02,1.348165e-02,3.448773e-02,1.788336e-02
2.308934e-01,2.939968e-02,6.599811e-02,5.569896e-02,2.251642e-01,5.251248e-02,1.443056e-01,2.241525e-02,4.706303e-02,5.355261e-02,1.499294e-02,7.856019e-03,1.104112e-02,2.449520e-02,1.461149e-02
1.638451e-01,2.082162e-02,4.635891e-02,3.923794e-02,2.121634e-01,3.876053e-02,3.353778e-01,2.085508e-02,3.299676e-02,3.752224e-02,1.074311e-02,5.563587e-03,7.939257e-03,1.720355e-02,1.061120e-02
1.310441e-01,1.570450e-02,3.701855e-02,2.854900e-02,2.422443e-01,2.873007e-02,3.217061e-01,9.994435e-02,2.412681e-02,2.767008e-02,1.069686e-02,4.361421e-03,6.275759e-03,1.236938e-02,9.558748e-03
1.050222e-01,1.155227e-02,2.878807e-02,2.077484e-02,2.553993e-01,2.142621e-02,3.704284e-01,8.784477e-02,1.735784e-02,2.268250e-02,2.300692e-02,3.822137e-03,6.016661e-03,9.054575e-03,1.682338e-02
7.812108e-02,8.306474e-03,2.088320e-02,1.904990e-02,1.897186e-01,1.567442e-02,4.407340e-01,8.652724e-02,1.290390e-02,2.087676e-02,5.584389e-02,1.369404e-02,8.831251e-03,6.695461e-03,2.213984e-02
5.540094e-02,6.067472e-03,1.509954e-02,1.522136e-02,1.338073e-01,1.159259e-02,3.375985e-01,6.899114e-02,1.021428e-02,2.211199e-02,2.232263e-01,5.486182e-02,2.103087e-02,8.439180e-03,1.633661e-02
3.904301e-02,4.336476e-03,1.070376e-02,1.345178e-02,9.482505e-02,8.312928e-03,2.413750e-01,4.997292e-02,8.209636e-03,2.138313e-02,2.714829e-01,1.405088e-01,7.626349e-02,7.175221e-03,1.295585e-02
2.913078e-02,3.365378e-03,1.020381e-02,3.917821e-02,6.703659e-02,6.306705e-03,1.696035e-01,4.721162e-02,1.299385e-02,3.334407e-02,3.069503e-01,1.642506e-01,9.125017e-02,7.526613e-03,1.164785e-02
2.112688e-02,2.850236e-03,9.529389e-03,4.280828e-02,4.806636e-02,4.955935e-03,1.195856e-01,3.508086e-02,8.692248e-02,3.947436e-02,3.302350e-01,1.378655e-01,1.008338e-01,8.227998e-03,1.243726e-02
1.583754e-02,3.018705e-03,7.620501e-03,5.147147e-02,3.436106e-02,5.808379e-03,8.459330e-02,2.890291e-02,2.315561e-01,3.946879e-02,2.815490e-01,1.038397e-01,8.983862e-02,8.705840e-03,1.342806e-02
1.127590e-02,2.352706e-03,5.656478e-03,5.189291e-02,2.436353e-02,4.525604e-03,5.925844e-02,2.035256e-02,3.856202e-01,2.956473e-02,2.360958e-01,7.490238e-02,6.802164e-02,1.075516e-02,1.536197e-02
7.995854e-03,1.749708e-03,4.077351e-03,4.273890e-02,1.714086e-02,3.877179e-03,4.153207e-02,1.431567e-02,4.272293e-01,2.455233e-02,2.201514e-01,5.729819e-02,9.303331e-02,1.026942e-02,3.403844e-02
5.707446e-03,1.284062e-03,2.914578e-03,3.247014e-02,1.261759e-02,3.106320e-03,2.921929e-02,1.040649e-02,3.895214e-01,2.454901e-02,1.912303e-01,5.278125e-02,1.249811e-01,3.999387e-02,7.921724e-02
4.033552e-03,9.298857e-04,2.071088e-03,2.304798e-02,9.173781e-03,2.254552e-03,2.048762e-02,7.335698e-03,2.956936e-01,2.184094e-02,1.682459e-01,4.361847e-02,1.573963e-01,5.029566e-02,1.935750e-01
2.862576e-03,8.623324e-04,1.587304e-03,1.621632e-02,8.703662e-03,1.677387e-03,1.437429e-02,5.214055e-03,2.163170e-01,3.624205e-02,1.493422e-01,4.837411e-02,1.648942e-01,1.105204e-01,2.228121e-01
2.050338e-03,8.498147e-04,1.350514e-03,1.142140e-02,9.928219e-03,1.221489e-03,1.012302e-02,4.033897e-03,1.549019e-01,5.325419e-02,1.526139e-01,5.308198e-02,1.587092e-01,1.087498e-01,2.777104e-01
1.473406e-03,1.397369e-03,1.937306e-03,8.041897e-03,1.814563e-02,1.032692e-03,7.155757e-03,3.287742e-03,1.121517e-01,6.121956e-02,1.303259e-01,4.446132e-02,1.593252e-01,1.020044e-01,3.480401e-01
1.305790e-03,1.124235e-03,2.535039e-03,5.752099e-03,2.934383e-02,1.555921e-03,5.260317e-03,3.273617e-03,8.494543e-02,6.515290e-02,1.083051e-01,3.741889e-02,1.365947e-01,8.665927e-02,4.307729e-01
1.283109e-03,1.164660e-03,3.188581e-03,4.147846e-03,2.985233e-02,3.944750e-03,3.995260e-03,3.172736e-03,6.361835e-02,7.854009e-02,9.799980e-02,3.478544e-02,1.244261e-01,7.841033e-02,4.714707e-01
2.222386e-03,1.006127e-03,3.708062e-03,3.135323e-03,5.817965e-02,9.442089e-03,3.505012e-03,2.712515e-03,4.836095e-02,6.358923e-02,1.193884e-01,4.287588e-02,1.054155e-01,5.673521e-02,4.797236e-01
5.754216e-03,1.311395e-03,2.018908e-02,2.588152e-03,1.436966e-01,9.050714e-03,3.956194e-03,2.629838e-02,4.626146e-02,5.365440e-02,1.462245e-01,4.281481e-02,9.390552e-02,4.455287e-02,3.597418e-01
7.400340e-03,1.635599e-03,2.299349e-02,3.062242e-03,2.154672e-01,7.446420e-03,3.353481e-03,4.872708e-02,4.679644e-02,4.994680e-02,1.439269e-01,3.943513e-02,7.913607e-02,4.132206e-02,2.893508e-01
6.264631e-03,1.263535e-03,1.872166e-02,3.656803e-03,2.541779e-01,5.892280e-03,3.065614e-03,1.107903e-01,4.948787e-02,4.841829e-02,1.361659e-01,3.417700e-02,6.486738e-02,4.969925e-02,2.133515e-01
5.702900e-03,1.811077e-03,2.382464e-02,3.713245e-03,2.302033e-01,4.673660e-03,3.678462e-03,2.003092e-01,4.413481e-02,5.069140e-02,1.191309e-01,2.878552e-02,5.531501e-02,7.402302e-02,1.540028e-01
1.098498e-02,2.574648e-03,4.724110e-02,3.586627e-03,2.088791e-01,4.027601e-03,4.252993e-03,2.919571e-01,4.516351e-02,4.560729e-02,9.434466e-02,2.266464e-02,4.375511e-02,6.325704e-02,1.117036e-01
1.340852e-02,2.924219e-03,4.830638e-02,1.807189e-02,2.095442e-01,6.304400e-03,3.753892e-03,2.895333e-01,4.370243e-02,1.057298e-01,7.059591e-02,1.737051e-02,3.511378e-02,5.323446e-02,8.240645e-02
1.553555e-02,3.220035e-03,5.073277e-02,1.821047e-02,1.785554e-01,4.989367e-03,3.702953e-03,4.035642e-01,4.945611e-02,8.352729e-02,5.109085e-02,1.260860e-02,2.686568e-02,3.961706e-02,5.832370e-02
1.582957e-02,1.457642e-02,4.502767e-02,2.618165e-02,1.374133e-01,5.465973e-03,3.700762e-03,3.434328e-01,1.884398e-01,6.405973e-02,4.459124e-02,1.276205e-02,2.457852e-02,2.867466e-02,4.526586e-02
1.885413e-02,3.597286e-02,4.538927e-02,2.036958e-02,1.222619e-01,5.227095e-03,3.722760e-03,3.109080e-01,2.675363e-01,4.868148e-02,3.586347e-02,9.810266e-03,1.982771e-02,2.210581e-02,3.346931e-02
2.198894e-02,4.856607e-02,4.801668e-02,5.326472e-02,1.027827e-01,4.606149e-03,3.163580e-03,3.053139e-01,2.890071e-01,3.503207e-02,2.703418e-02,7.184029e-03,1.445457e-02,1.574194e-02,2.384331e-02
3.124489e-02,4.711716e-02,4.736983e-02,4.479313e-02,9.804060e-02,1.565048e-02,5.096313e-03,2.887571e-01,3.121343e-01,2.675584e-02,2.415254e-02,6.101978e-03,2.214297e-02,1.120391e-02,1.943898e-02
3.791988e-02,5.828054e-02,4.119107e-02,3.622460e-02,1.282371e-01,1.809298e-02,7.707551e-03,2.239240e-01,3.459409e-01,2.041849e-02,1.852129e-02,4.744526e-03,2.864078e-02,8.139156e-03,2.201722e-02
5.239098e-02,6.233330e-02,3.159657e-02,3.216633e-02,1.660614e-01,2.660941e-02,7.642902e-03,1.796998e-01,3.380516e-01,1.620383e-02,1.634276e-02,4.402839e-03,3.890678e-02,6.192305e-03,2.139928e-02
5.389355e-02,5.665281e-02,2.369414e-02,2.532579e-02,2.119321e-01,2.361502e-02,7.909042e-03,1.721535e-01,3.330653e-01,1.188863e-02,1.226953e-02,3.323541e-03,4.266777e-02,4.669306e-03,1.693999e-02
9.235126e-02,9.436756e-02,2.058973e-02,2.592720e-02,1.780861e-01,3.734367e-02,7.184809e-03,1.377519e-01,3.125623e-01,8.742482e-03,9.458556e-03,3.063965e-03,4.467785e-02,3.558797e-03,2.433385e-02
1.175177e-01,1.230327e-01,1.783154e-02,2.366388e-02,1.493907e-01,5.301312e-02,6.332359e-03,1.091982e-01,2.715584e-01,6.500415e-03,7.687787e-03,2.979898e-03,8.425347e-02,2.792224e-03,2.424758e-02
1.187164e-01,1.056600e-01,1.533979e-02,3.445241e-02,1.221392e-01,4.775148e-02,5.452637e-03,9.555545e-02,2.472107e-01,6.375737e-03,8.868700e-03,7.331216e-03,1.599307e-01,2.515909e-03,2.269960e-02
1.315739e-01,8.549379e-02,1.300895e-02,3.045012e-02,9.369326e-02,3.992241e-02,4.573356e-03,7.480929e-02,2.309981e-01,5.803717e-03,8.833683e-03,1.009385e-02,2.458751e-01,2.487651e-03,2.238287e-02
1.244078e-01,6.808148e-02,1.193462e-02,2.798202e-02,7.195449e-02,3.172837e-02,3.750020e-03,5.827864e-02,2.089951e-01,5.163954e-03,7.376807e-03,8.703276e-03,3.509224e-01,2.076108e-03,1.864499e-02
1.247623e-01,5.417107e-02,9.274590e-03,2.383225e-02,5.443832e-02,2.884458e-02,3.067228e-03,4.320786e-02,1.701873e-01,4.265713e-03,6.323486e-03,7.838316e-03,4.527020e-01,1.686542e-03,1.539855e-02
1.243254e-01,6.172090e-02,1.542347e-02,8.828708e-02,3.893942e-02,2.567426e-02,2.450336e-03,3.109602e-02,1.792293e-01,2.183013e-02,7.999010e-03,1.747217e-02,3.479430e-01,1.755077e-03,3.585438e-02
1.528952e-01,6.017794e-02,2.125254e-02,1.185562e-01,2.801499e-02,2.690331e-02,1.899537e-03,2.241987e-02,1.578137e-01,2.652733e-02,1.184192e-02,2.757916e-02,2.675797e-01,2.070311e-03,7.446830e-02
1.919908e-01,4.805604e-02,1.778476e-02,9.052429e-02,2.157350e-02,2.516936e-02,1.885827e-03,1.726079e-02,1.565017e-01,2.119440e-02,2.075402e-02,4.614570e-02,2.549948e-01,5.528445e-03,8.063547e-02
1.747667e-01,4.106816e-02,1.616417e-02,6.825612e-02,2.255768e-02,2.247896e-02,4.077379e-03,1.517662e-02,2.553371e-01,1.600330e-02,2.583031e-02,4.275136e-02,2.241171e-01,4.521003e-03,6.689405e-02
