1.000000e+00,0.000000e+00,0.000000e+00,0.000000e+00,0.000000e+00,0.000000e+00,0.000000e+00,0.000000e+00,0.000000e+00,0.000000e+00,0.000000e+00,0.000000e+00,0.000000e+00,0.000000e+00,0.000000e+00
1.000000e+00,0.000000e+00,0.000000e+00,0.000000e+00,0.000000e+00,0.000000e+00,0.000000e+00,0.000000e+00,0.000000e+00,0.000000e+00,0.000000e+00,0.000000e+00,0.000000e+00,0.000000e+00,0.000000e+00
1.000000e+00,0.000000e+00,0.000000e+00,0.000000e+00,0.000000e+00,0.000000e+00,0.000000e+00,0.000000e+00,0.000000e+00,0.000000e+00,0.000000e+00,0.000000e+00,0.000000e+00,0.000000e+00,0.000000e+00
1.000000e+00,0.000000e+00,0.000000e+00,0.000000e+00,0.000000e+00,0.000000e+00,0.000000e+00,0.000000e+00,0.000000e+00,0.000000e+00,0.000000e+00,0.000000e+00,0.000000e+00,0.000000e+00,0.000000e+00
1.000000e+00,0.000000e+00,0.000000e+00,0.000000e+00,0.000000e+00,0.000000e+00,0.000000e+00,0.000000e+00,0.000000e+00,0.000000e+00,0.000000e+00,0.000000e+00,0.000000e+00,0.000000e+00,0.000000e+00
1.000000e+00,0.000000e+00,0.000000e+00,0.000000e+00,0.000000e+00,0.000000e+00,0.000000e+00,0.000000e+00,0.000000e+00,0.000000e+00,0.000000e+00,0.000000e+00,0.000000e+00,0.000000e+00,0.000000e+00
1.000000e+00,0.000000e+00,0.000000e+00,0.000000e+00,0.000000e+00,0.000000e+00,0.000000e+00,0.000000e+00,0.000000e+00,0.000000e+00,0.000000e+00,0.000000e+00,0.000000e+00,0.000000e+00,0.000000e+00
1.000000e+00,0.000000e+00,0.000000e+00,0.000000e+00,0.000000e+00,0.000000e+00,0.000000e+00,0.000000e+00,0.000000e+00,0.000000e+00,0.000000e+00,0.000000e+00,0.000000e+00,0.000000e+00,0.000000e+00
1.000000e+00,0.000000e+00,0.000000e+00,0.000000e+00,0.000000e+00,0.000000e+00,0.000000e+00,0.000000e+00,0.000000e+00,0.000000e+00,0.000000e+00,0.000000e+00,0.000000e+00,0.000000e+00,0.000000e+00
1.000000e+00,0.000000e+00,0.000000e+00,0.000000e+00,0.000000e+00,0.000000e+00,0.000000e+00,0.000000e+00,0.000000e+00,0.000000e+00,0.000000e+00,0.000000e+00,0.000000e+00,0.000000e+00,0.000000e+00
1.000000e+00,0.000000e+00,0.000000e+00,0.000000e+00,0.000000e+00,0.000000e+00,0.000000e+00,0.000000e+00,0.000000e+00,0.000000e+00,0.000000e+00,0.000000e+00,0.000000e+00,0.000000e+00,0.000000e+00
1.000000e+00,0.000000e+00,0.000000e+00,0.000000e+00,0.000000e+00,0.000000e+00,0.000000e+00,0.000000e+00,0.000000e+00,0.000000e+00,0.000000e+00,0.000000e+00,0.000000e+00,0.000000e+00,0.000000e+00
1.000000e+00,0.000000e+00,0.000000e+00,0.000000e+00,0.000000e+00,0.000000e+00,0.000000e+00,0.000000e+00,0.000000e+00,0.000000e+00,0.000000e+00,0.000000e+00,0.000000e+00,0.000000e+00,0.000000e+00
1.000000e+00,0.000000e+00,0.000000e+00,0.000000e+00,0.000000e+00,0.000000e+00,0.000000e+00,0.000000e+00,0.000000e+00,0.000000e+00,0.000000e+00,0.000000e+00,0.000000e+00,0.000000e+00,0.000000e+00
1.000000e+00,0.000000e+00,0.000000e+00,0.000000e+00,0.000000e+00,0.000000e+00,0.000000e+00,0.000000e+00,0.000000e+00,0.000000e+00,0.000000e+00,0.000000e+00,0.000000e+00,0.000000e+00,0.000000e+00
1.000000e+00,0.000000e+00,0.000000e+00,0.000000e+00,0.000000e+00,0.000000e+00,0.000000e+00,0.000000e+00,0.000000e+00,0.000000e+00,0.000000e+00,0.000000e+00,0.000000e+00,0.000000e+00,0.000000e+00
1.000000e+00,0.000000e+00,0.000000e+00,0.000000e+00,0.000000e+00,0.000000e+00,0.000000e+00,0.000000e+00,0.000000e+00,0.000000e+00,0.000000e+00,0.000000e+00,0.000000e+00,0.000000e+00,0.000000e+00
1.000000e+00,0.000000e+00,0.000000e+00,0.000000e+00,0.000000e+00,0.000000e+00,0.000000e+00,0.000000e+00,0.000000e+00,0.000000e+00,0.000000e+00,0.000000e+00,0.000000e+00,0.000000e+00,0.000000e+00
1.000000e+00,0.000000e+00,0.000000e+00,0.000000e+00,0.000000e+00,0.000000e+00,0.000000e+00,0.000000e+00,0.000000e+00,0.000000e+00,0.000000e+00,0.000000e+00,0.000000e+00,0.000000e+00,0.000000e+00
1.000000e+00,0.000000e+00,0.000000e+00,0.000000e+00,0.000000e+00,0.000000e+00,0.000000e+00,0.000000e+00,0.000000e+00,0.000000e+00,0.000000e+00,0.000000e+00,0.000000e+00,0.000000e+00,0.000000e+00
1.000000e+00,0.000000e+00,0.000000e+00,0.000000e+00,0.000000e+00,0.000000e+00,0.000000e+00,0.000000e+00,0.000000e+00,0.000000e+00,0.000000e+00,0.000000e+00,0.000000e+00,0.000000e+00,0.000000e+00
1.000000e+00,0.000000e+00,0.000000e+00,0.000000e+00,0.000000e+00,0.000000e+00,0.000000e+00,0.000000e+00,0.000000e+00,0.000000e+00,0.000000e+00,0.000000e+00,0.000000e+00,0.000000e+00,0.000000e+00
1.000000e+00,0.000000e+00,0.000000e+00,0.000000e+00,0.000000e+00,0.000000e+00,0.000000e+00,0.000000e+00,0.000000e+00,0.000000e+00,0.000000e+00,0.000000e+00,0.000000e+00,0.000000e+00,0.000000e+00
1.000000e+00,0.000000e+00,0.000000e+00,0.000000e+00,0.000000e+00,0.000000e+00,0.000000e+00,0.000000e+00,0.000000e+00,0.000000e+00,0.000000e+00,0.000000e+00,0.000000e+00,0.000000e+00,0.000000e+00
1.000000e+00,0.000000e+00,0.000000e+00,0.000000e+00,0.000000e+00,0.000000e+00,0.000000e+00,0.000000e+00,0.000000e+00,0.000000e+00,0.000000e+00,0.000000e+00,0.000000e+00,0.000000e+00,0.000000e+00
1.000000e+00,0.000000e+00,0.000000e+00,0.000000e+00,0.000000e+00,0.000000e+00,0.000000e+00,0.000000e+00,0.000000e+00,0.000000e+00,0.000000e+00,0.000000e+00,0.000000e+00,0.000000e+00,0.000000e+00
1.000000e+00,0.000000e+00,0.000000e+00,0.000000e+00,0.000000e+00,0.000000e+00,0.000000e+00,0.000000e+00,0.000000e+00,0.000000e+00,0.000000e+00,0.000000e+00,0.000000e+00,0.000000e+00,0.000000e+00
1.000000e+00,0.000000e+00,0.000000e+00,0.000000e+00,0.000000e+00,0.000000e+00,0.000000e+00,0.000000e+00,0.000000e+00,0.000000e+00,0.000000e+00,0.000000e+00,0.000000e+00,0.000000e+00,0.000000e+00
1.000000e+00,0.000000e+00,0.000000e+00,0.000000e+00,0.000000e+00,0.000000e+00,0.000000e+00,0.000000e+00,0.000000e+00,0.000000e+00,0.000000e+00,0.000000e+00,0.000000e+00,0.000000e+00,0.000000e+00
1.000000e+00,0.000000e+00,0.000000e+00,0.000000e+00,0.000000e+00,0.000000e+00,0.000000e+00,0.000000e+00,0.000000e+00,0.000000e+00,0.000000e+00,0.000000e+00,0.000000e+00,0.000000e+00,0.000000e+00
1.000000e+00,0.000000e+00,0.000000e+00,0.000000e+00,0.000000e+00,0.000000e+00,0.000000e+00,0.000000e+00,0.000000e+00,0.000000e+00,0.000000e+00,0.000000e+00,0.000000e+00,0.000000e+00,0.000000e+00
1.000000e+00,0.000000e+00,0.000000e+00,0.000000e+00,0.000000e+00,0.000000e+00,0.000000e+00,0.000000e+00,0.000000e+00,0.000000e+00,0.000000e+00,0.000000e+00,0.000000e+00,0.000000e+00,0.000000e+00
1.000000e+00,0.000000e+00,0.000000e+00,0.000000e+00,0.000000e+00,0.000000e+00,0.000000e+00,0.000000e+00,0.000000e+00,0.000000e+00,0.000000e+00,0.000000e+00,0.000000e+00,0.000000e+00,0.000000e+00
1.000000e+00,0.000000e+00,0.000000e+00,0.000000e+00,0.000000e+00,0.000000e+00,0.000000e+00,0.000000e+00,0.000000e+00,0.000000e+00,0.000000e+00,0.000000e+00,0.000000e+00,0.000000e+00,0.000000e+00
1.000000e+00,0.000000e+00,0.000000e+00,0.000000e+00,0.000000e+00,0.000000e+00,0.000000e+00,0.000000e+00,0.000000e+00,0.000000e+00,0.000000e+00,0.000000e+00,0.000000e+00,0.000000e+00,0.000000e+00
1.000000e+00,0.000000e+00,0.000000e+00,0.000000e+00,0.000000e+00,0.000000e+00,0.000000e+00,0.000000e+00,0.000000e+00,0.000000e+00,0.000000e+00,0.000000e+00,0.000000e+00,0.000000e+00,0.000000e+00
1.000000e+00,0.000000e+00,0.000000e+00,0.000000e+00,0.000000e+00,0.000000e+00,0.000000e+00,0.000000e+00,0.000000e+00,0.000000e+00,0.000000e+00,0.000000e+00,0.000000e+00,0.000000e+00,0.000000e+00
1.000000e+00,0.000000e+00,0.000000e+00,0.000000e+00,0.000000e+00,0.000000e+00,0.000000e+00,0.000000e+00,0.000000e+00,0.000000e+00,0.000000e+00,0.000000e+00,0.000000e+00,0.000000e+00,0.000000e+00
1.000000e+00,0.000000e+00,0.000000e+00,0.000000e+00,0.000000e+00,0.000000e+00,0.000000e+00,0.000000e+00,0.000000e+00,0.000000e+00,0.000000e+00,0.000000e+00,0.000000e+00,0.000000e+00,0.000000e+00
1.000000e+00,0.000000e+00,0.000000e+00,0.000000e+00,0.000000e+00,0.000000e+00,0.000000e+00,0.000000e+00,0.000000e+00,0.000000e+00,0.000000e+00,0.000000e+00,0.000000e+00,0.000000e+00,0.000000e+00
1.000000e+00,0.000000e+00,0.000000e+00,0.000000e+00,0.000000e+00,0.000000e+00,0.000000e+00,0.000000e+00,0.000000e+00,0.000000e+00,0.000000e+00,0.000000e+00,0.000000e+00,0.000000e+00,0.000000e+00
1.000000e+00,0.000000e+00,0.000000e+00,0.000000e+00,0.000000e+00,0.000000e+00,0.000000e+00,0.000000e+00,0.000000e+00,0.000000e+00,0.000000e+00,0.000000e+00,0.000000e+00,0.000000e+00,0.000000e+00
1.000000e+00,0.000000e+00,0.000000e+00,0.000000e+00,0.000000e+00,0.000000e+00,0.000000e+00,0.000000e+00,0.000000e+00,0.000000e+00,0.000000e+00,0.000000e+00,0.000000e+00,0.000000e+00,0.000000e+00
1.000000e+00,0.000000e+00,0.000000e+00,0.000000e+00,0.000000e+00,0.000000e+00,0.000000e+00,0.000000e+00,0.000000e+00,0.000000e+00,0.000000e+00,0.000000e+00,0.000000e+00,0.000000e+00,0.000000e+00
1.000000e+00,0.000000e+00,0.000000e+00,0.000000e+00,0.000000e+00,0.000000e+00,0.000000e+00,0.000000e+00,0.000000e+00,0.000000e+00,0.000000e+00,0.000000e+00,0.000000e+00,0.000000e+00,0.000000e+00
1.000000e+00,0.000000e+00,0.000000e+00,0.000000e+00,0.000000e+00,0.000000e+00,0.000000e+00,0.000000e+00,0.000000e+00,0.000000e+00,0.000000e+00,0.000000e+00,0.000000e+00,0.000000e+00,0.000000e+00
1.000000e+00,0.000000e+00,0.000000e+00,0.000000e+00,0.000000e+00,0.000000e+00,0.000000e+00,0.000000e+00,0.000000e+00,0.000000e+00,0.000000e+00,0.000000e+00,0.000000e+00,0.000000e+00,0.000000e+00
1.000000e+00,0.000000e+00,0.000000e+00,0.000000e+00,0.000000e+00,0.000000e+00,0.000000e+00,0.000000e+00,0.000000e+00,0.000000e+00,0.000000e+00,0.000000e+00,0.000000e+00,0.000000e+00,0.000000e+00
1.000000e+00,0.000000e+00,0.000000e+00,0.000000e+00,0.000000e+00,0.000000e+00,0.000000e+00,0.000000e+00,0.000000e+00,0.000000e+00,0.000000e+00,0.000000e+00,0.000000e+00,0.000000e+00,0.000000e+00
1.000000e+00,0.000000e+00,0.000000e+00,0.000000e+00,0.000000e+00,0.000000e+00,0.000000e+00,0.000000e+00,0.000000e+00,0.000000e+00,0.000000e+00,0.000000e+00,0.000000e+00,0.000000e+00,0.000000e+00
1.000000e+00,0.000000e+00,0.000000e+00,0.000000e+00,0.000000e+00,0.000000e+00,0.000000e+00,0.000000e+00,0.000000e+00,0.000000e+00,0.000000e+00,0.000000e+00,0.000000e+00,0.000000e+00,0.000000e+00
1.000000e+00,0.000000e+00,0.000000e+00,0.000000e+00,0.000000e+00,0.000000e+00,0.000000e+00,0.000000e+00,0.000000e+00,0.000000e+00,0.000000e+00,0.000000e+00,0.000000e+00,0.000000e+00,0.000000e+00
1.000000e+00,0.000000e+00,0.000000e+00,0.000000e+00,0.000000e+00,0.000000e+00,0.000000e+00,0.000000e+00,0.000000e+00,0.000000e+00,0.000000e+00,0.000000e+00,0.000000e+00,0.000000e+00,0.000000e+00
1.000000e+00,0.000000e+00,0.000000e+00,0.000000e+00,0.000000e+00,0.000000e+00,0.000000e+00,0.000000e+00,0.000000e+00,0.000000e+00,0.000000e+00,0.000000e+00,0.000000e+00,0.000000e+00,0.000000e+00
1.000000e+00,0.000000e+00,0.000000e+00,0.000000e+00,0.000000e+00,0.000000e+00,0.000000e+00,0.000000e+00,0.000000e+00,0.000000e+00,0.000000e+00,0.000000e+00,0.000000e+00,0.000000e+00,0.000000e+00
1.000000e+00,0.000000e+00,0.000000e+00,0.000000e+00,0.000000e+00,0.000000e+00,0.000000e+00,0.000000e+00,0.000000e+00,0.000000e+00,0.000000e+00,0.000000e+00,0.000000e+00,0.000000e+00,0.000000e+00
4.302396e-01,6.655946e-03,8.398529e-03,1.812540e-02,4.467358e-03,9.882029e-03,4.016687e-03,4.788710e-01,3.044130e-03,1.116989e-03,5.869908e-03,9.379967e-03,8.798216e-03,2.032868e-03,9.101503e-03
3.017261e-01,4.710631e-03,6.422946e-03,1.305382e-02,3.422847e-03,7.205505e-03,2.956411e-03,6.326764e-01,2.138491e-03,7.853463e-04,4.227115e-03,6.593250e-03,6.198735e-03,1.474800e-03,6.407652e-03
2.115740e-01,3.358562e-03,5.285989e-03,9.439229e-03,2.620445e-03,5.307036e-03,2.297246e-03,7.400316e-01,1.507244e-03,5.557155e-04,3.128430e-03,4.630935e-03,4.379881e-03,1.341660e-03,4.542111e-03
1.493025e-01,2.510323e-03,4.390403e-03,7.115018e-03,2.572332e-03,4.666198e-03,2.206667e-03,8.091558e-01,1.278871e-03,4.683988e-04,2.901103e-03,3.344846e-03,3.279971e-03,3.378872e-03,3.428777e-03
1.134172e-01,2.863257e-03,5.236686e-03,7.264757e-03,1.590276e-02,6.166340e-03,3.966082e-03,8.227332e-01,2.005507e-03,1.078709e-03,3.022947e-03,2.870455e-03,3.944476e-03,5.226860e-03,4.300877e-03
1.020914e-01,3.223898e-03,5.241080e-03,6.162229e-03,2.875175e-02,9.200402e-03,5.155041e-03,8.074805e-01,3.161449e-03,3.090874e-03,3.106689e-03,2.886833e-03,4.850219e-03,7.617448e-03,7.980176e-03
1.460437e-01,3.849495e-03,8.394921e-03,6.145863e-03,3.662580e-02,1.523419e-02,5.736610e-03,7.352570e-01,5.856924e-03,4.026453e-03,4.746674e-03,3.384009e-03,7.447841e-03,6.784035e-03,1.046646e-02
1.621106e-01,4.598759e-03,1.734734e-02,7.710944e-03,5.204365e-02,3.016499e-02,5.725984e-03,6.619852e-01,9.933205e-03,5.383741e-03,7.177016e-03,3.395929e-03,8.980159e-03,6.796938e-03,1.664565e-02
1.631746e-01,6.775717e-03,2.411668e-02,1.176720e-02,6.404442e-02,9.921837e-02,4.938427e-03,4.910423e-01,1.174960e-02,1.039083e-02,1.246610e-02,3.994420e-03,1.054846e-02,1.229024e-02,7.348272e-02
1.186863e-01,6.126838e-03,1.817734e-02,9.187019e-03,4.659892e-02,2.380220e-01,3.524623e-03,3.441637e-01,9.682598e-03,1.824057e-02,1.623841e-02,4.165442e-03,9.761158e-03,1.509809e-02,1.423271e-01
8.608317e-02,4.513428e-03,1.295874e-02,6.541495e-03,3.304770e-02,3.268698e-01,2.531884e-03,2.411614e-01,7.398883e-03,1.500499e-02,1.525265e-02,3.706219e-03,7.993478e-03,1.953173e-02,2.174045e-01
6.304837e-02,3.631037e-03,9.457912e-03,4.653636e-03,2.322239e-02,2.351761e-01,1.828033e-03,1.688876e-01,7.260789e-03,1.493117e-02,1.454215e-02,3.161916e-03,6.355406e-03,3.610619e-02,4.077374e-01
4.846188e-02,3.541182e-03,9.454318e-03,3.816083e-03,1.643769e-02,1.697595e-01,1.365966e-03,1.183415e-01,8.805471e-03,1.585226e-02,1.555573e-02,3.458945e-03,6.240423e-03,3.482268e-02,5.440865e-01
3.960494e-02,9.906862e-03,1.599432e-02,2.991870e-03,1.185900e-02,1.259876e-01,1.079262e-03,8.292149e-02,2.606259e-02,3.106933e-02,1.428723e-02,2.926989e-03,5.128576e-03,3.505503e-02,5.951251e-01
3.475923e-02,1.814928e-02,7.245972e-02,6.381662e-03,1.072272e-02,1.001252e-01,9.898866e-04,5.832256e-02,5.895526e-02,2.955633e-02,1.271826e-02,2.562605e-03,4.663588e-03,3.656178e-02,5.530720e-01
2.835349e-02,2.189623e-02,5.631135e-02,4.732464e-03,8.317940e-03,8.979471e-02,8.053413e-04,4.100052e-02,8.480096e-02,2.427233e-02,1.466741e-02,2.387349e-03,5.044268e-03,5.906623e-02,5.585495e-01
2.227471e-02,7.091390e-02,5.208103e-02,6.049390e-03,7.671363e-03,7.862078e-02,6.666414e-04,2.925959e-02,1.620429e-01,4.041158e-02,2.099575e-02,2.117090e-03,4.797878e-03,7.012500e-02,4.319724e-01
1.741747e-02,1.089945e-01,4.762007e-02,4.578340e-03,6.647745e-03,7.011754e-02,5.262161e-04,2.067952e-02,1.602218e-01,3.901789e-02,2.634135e-02,1.797889e-03,4.073872e-03,1.468604e-01,3.451054e-01
1.281412e-02,1.237002e-01,4.837197e-02,5.341175e-03,6.179435e-03,5.102490e-02,4.020666e-04,1.476730e-02,2.895923e-01,4.547213e-02,1.997421e-02,1.453343e-03,3.454444e-03,1.210378e-01,2.564147e-01
2.075277e-02,1.140396e-01,6.039450e-02,4.623491e-03,7.619292e-03,4.116788e-02,3.756016e-04,1.082110e-02,2.806856e-01,6.875934e-02,1.681828e-02,1.250245e-03,3.462425e-03,1.306096e-01,2.386203e-01
2.119667e-02,9.376099e-02,5.589483e-02,3.557536e-03,6.678312e-03,4.061101e-02,3.226642e-04,7.831779e-03,2.396009e-01,6.115650e-02,1.437281e-02,1.178494e-03,3.032303e-03,1.487132e-01,3.020921e-01
1.701492e-02,6.875665e-02,4.160988e-02,2.717579e-03,5.260003e-03,3.109544e-02,2.593787e-04,5.595425e-03,2.535173e-01,4.934158e-02,1.135581e-02,1.136075e-03,3.259399e-03,2.722820e-01,2.367985e-01
1.319540e-02,5.129147e-02,3.014274e-02,2.044776e-03,4.048025e-03,2.305787e-02,2.077255e-04,3.945697e-03,2.272193e-01,3.865171e-02,8.771182e-03,9.443389e-04,3.089612e-03,4.007027e-01,1.926874e-01
1.052092e-02,3.750885e-02,2.161199e-02,1.622795e-03,3.321231e-03,1.633492e-02,1.685974e-04,2.816040e-03,2.000143e-01,2.877043e-02,6.782330e-03,7.056551e-04,2.612066e-03,5.192094e-01,1.480005e-01
7.457905e-03,3.159580e-02,3.023644e-02,5.885324e-03,2.756993e-03,1.152303e-02,1.322878e-04,1.987686e-03,2.469956e-01,3.320919e-02,5.407588e-03,7.088068e-04,2.132483e-03,4.027452e-01,2.172258e-01
5.293023e-03,2.633235e-02,3.543805e-02,9.091016e-03,2.173635e-03,8.111866e-03,1.001303e-04,1.401020e-03,2.692853e-01,3.007634e-02,4.605906e-03,6.622536e-04,1.633795e-03,3.307530e-01,2.750424e-01
3.858043e-03,2.644023e-02,3.133192e-02,7.788808e-03,1.645313e-03,5.732082e-03,8.608869e-05,9.884435e-04,2.761013e-01,2.521526e-02,4.215913e-03,7.262447e-04,1.250188e-03,3.131922e-01,3.014280e-01
4.324546e-03,2.172800e-02,2.226824e-02,5.778504e-03,1.462921e-03,4.228349e-03,9.594711e-05,7.142384e-04,2.055597e-01,1.943817e-02,5.278343e-03,1.059335e-03,1.048182e-03,4.139097e-01,2.931059e-01
4.008944e-03,1.666550e-02,1.567124e-02,4.114380e-03,1.105635e-03,3.140018e-03,9.552059e-05,5.210158e-04,1.726071e-01,1.669943e-02,1.086192e-02,1.428717e-03,9.142970e-04,4.405485e-01,3.116178e-01
4.125460e-03,1.519379e-02,1.128234e-02,3.208477e-03,9.019225e-04,2.442141e-03,1.882116e-04,4.056925e-04,1.541086e-01,1.647534e-02,1.373676e-02,2.161567e-03,1.079756e-03,5.170585e-01,2.576315e-01
9.851268e-03,1.362893e-02,8.040736e-03,3.060471e-03,1.856508e-03,2.881228e-03,1.582447e-03,4.609961e-04,1.912730e-01,1.914694e-02,2.303253e-02,4.068089e-03,4.166897e-03,4.720058e-01,2.449442e-01
1.818728e-02,1.243924e-02,5.846509e-03,3.385784e-03,6.198333e-03,4.137552e-03,1.385141e-03,4.794822e-04,2.783637e-01,1.813994e-02,2.366982e-02,7.614843e-03,2.757560e-02,3.838303e-01,2.087465e-01
2.735813e-02,1.275314e-02,5.038054e-03,5.585659e-03,1.183658e-02,5.297663e-03,1.576642e-03,7.719821e-04,3.846058e-01,1.654113e-02,2.010077e-02,8.330292e-03,4.427547e-02,2.838520e-01,1.720767e-01
2.439222e-02,1.718857e-02,5.255908e-03,5.402302e-03,1.055361e-02,4.445349e-03,1.346499e-03,8.955005e-04,4.469730e-01,2.552627e-02,1.655074e-02,7.744344e-03,4.511107e-02,2.244152e-01,1.641994e-01
2.996026e-02,2.021268e-02,7.179285e-03,5.571605e-03,1.632128e-02,4.971939e-03,2.068253e-03,3.580955e-03,3.649711e-01,2.060322e-02,1.479306e-02,8.702120e-03,1.962513e-01,1.606739e-01,1.441390e-01
5.246852e-02,3.038764e-02,1.488504e-02,7.252312e-03,1.708188e-02,5.419106e-03,1.835029e-03,4.990852e-03,3.090340e-01,1.791401e-02,1.322418e-02,9.344884e-03,2.578257e-01,1.172941e-01,1.410428e-01
8.114335e-02,3.371008e-02,4.222897e-02,1.033766e-02,2.039551e-02,7.490687e-03,1.681724e-03,7.740750e-03,2.364707e-01,1.443396e-02,1.168987e-02,8.916966e-03,3.175218e-01,8.775136e-02,1.184866e-01
1.267665e-01,3.853109e-02,3.732786e-02,8.840812e-03,1.814421e-02,9.659276e-03,1.443642e-03,8.204336e-03,1.746937e-01,1.163214e-02,9.334537e-03,7.694119e-03,3.876487e-01,6.526253e-02,9.481649e-02
1.837748e-01,4.036318e-02,5.612648e-02,2.431462e-02,1.468796e-02,1.154078e-02,1.286946e-03,6.736246e-03,1.380772e-01,1.654615e-02,7.981718e-03,9.430815e-03,2.876607e-01,4.736020e-02,1.541122e-01
3.052133e-01,3.851701e-02,4.868922e-02,3.267699e-02,1.582169e-02,1.327736e-02,1.428402e-03,7.107371e-03,1.052597e-01,1.423216e-02,8.629492e-03,1.063049e-02,2.419582e-01,3.532070e-02,1.212378e-01
3.173397e-01,3.815536e-02,4.569364e-02,2.938811e-02,2.519608e-02,2.100984e-02,1.972659e-03,8.965984e-03,8.931471e-02,1.126942e-02,7.247341e-03,9.368979e-03,2.753770e-01,2.632604e-02,9.337518e-02
3.273258e-01,6.519168e-02,4.860727e-02,9.157148e-02,3.810960e-02,2.052404e-02,3.120832e-03,1.198542e-02,6.860690e-02,8.967364e-03,8.104583e-03,1.195054e-02,2.042444e-01,1.926231e-02,7.242791e-02
3.103225e-01,6.376167e-02,4.453487e-02,8.102675e-02,7.832854e-02,2.840671e-02,4.752860e-03,1.901863e-02,6.969265e-02,7.161372e-03,6.887153e-03,9.665161e-03,1.985582e-01,1.442926e-02,6.345375e-02
3.094085e-01,6.785722e-02,3.892175e-02,7.397612e-02,1.119773e-01,3.116595e-02,5.710911e-03,1.813295e-02,7.176892e-02,5.416379e-03,6.965630e-03,8.740813e-03,1.853229e-01,1.231197e-02,5.232268e-02
3.197970e-01,6.192224e-02,3.784214e-02,9.460133e-02,1.096935e-01,2.965472e-02,8.016897e-03,3.000538e-02,6.277587e-02,4.553281e-03,8.430563e-03,1.513164e-02,1.642687e-01,9.583144e-03,4.372367e-02
3.115402e-01,5.639037e-02,3.038734e-02,8.044512e-02,1.096718e-01,3.564337e-02,1.293914e-02,7.894170e-02,7.377248e-02,3.585002e-03,8.884019e-03,1.435595e-02,1.414534e-01,7.557610e-03,3.443253e-02
3.440093e-01,5.116444e-02,2.546425e-02,5.901667e-02,9.559830e-02,2.893307e-02,1.296484e-02,1.511825e-01,7.443175e-02,2.656305e-03,7.822792e-03,1.155471e-02,1.029934e-01,5.702170e-03,2.650552e-02
3.938121e-01,4.866566e-02,2.288180e-02,4.550774e-02,7.676697e-02,2.516652e-02,1.090006e-02,1.816321e-01,6.957790e-02,2.316647e-03,7.013028e-03,1.038539e-02,7.578869e-02,5.040553e-03,2.454480e-02
3.360363e-01,3.597409e-02,3.679824e-02,3.823692e-02,5.627479e-02,2.515471e-02,1.219184e-02,3.033832e-01,5.038112e-02,2.375926e-03,6.856793e-03,1.295942e-02,5.947273e-02,4.013878e-03,1.989001e-02
2.511317e-01,3.703216e-02,1.120772e-01,6.304569e-02,4.046389e-02,2.036568e-02,9.197825e-03,2.799239e-01,4.784137e-02,2.906849e-02,1.331166e-02,1.587532e-02,4.680409e-02,4.332223e-03,2.952866e-02
1.779712e-01,3.544687e-02,1.050563e-01,1.583168e-01,3.042054e-02,1.504863e-02,6.724000e-03,2.231444e-01,6.929186e-02,3.787427e-02,4.071631e-02,2.209391e-02,4.450842e-02,3.720570e-03,2.966591e-02
1.332904e-01,2.689362e-02,8.379379e-02,1.372455e-01,2.270020e-02,1.193368e-02,5.084554e-03,1.734978e-01,5.497982e-02,4.524296e-02,1.180114e-01,4.441998e-02,1.000645e-01,1.638812e-02,2.645375e-02
1.231370e-01,1.946790e-02,6.606709e-02,1.044471e-01,1.776919e-02,9.188185e-03,3.689858e-03,1.264776e-01,4.315214e-02,4.591633e-02,1.563579e-01,5.257492e-02,1.522667e-01,5.508026e-02,2.440781e-02
1.222583e-01,1.495645e-02,5.968565e-02,9.327517e-02,1.969481e-02,7.499211e-03,2.725665e-03,9.729676e-02,4.210153e-02,6.084008e-02,1.542687e-01,6.136306e-02,1.803232e-01,6.060061e-02,2.311080e-02
2.065617e-01,1.222561e-02,4.769614e-02,1.253850e-01,2.067105e-02,1.116400e-02,2.266677e-03,7.216092e-02,4.274233e-02,6.256992e-02,1.362578e-01,4.658951e-02,1.401114e-01,5.284278e-02,2.075520e-02
2.070231e-01,9.870080e-03,3.647342e-02,9.416719e-02,3.526901e-02,1.115199e-02,3.816051e-03,5.481607e-02,4.513604e-02,5.678040e-02,1.658815e-01,5.211094e-02,1.254946e-01,8.200894e-02,2.000066e-02
1.537465e-01,7.440598e-03,2.701262e-02,6.726445e-02,3.194724e-02,1.048458e-02,1.712137e-02,6.287707e-02,4.774279e-02,5.447131e-02,1.838129e-01,4.211907e-02,1.405406e-01,9.185369e-02,6.156531e-02
1.175706e-01,6.251656e-03,1.957349e-02,5.791707e-02,2.408178e-02,1.638700e-02,1.390769e-02,4.735351e-02,7.084451e-02,3.972667e-02,1.704495e-01,4.192946e-02,2.313911e-01,7.004328e-02,7.257265e-02
8.951863e-02,5.172846e-03,1.477137e-02,9.607343e-02,2.121861e-02,1.763488e-02,1.087740e-02,3.491466e-02,9.046888e-02,2.957500e-02,1.422007e-01,4.158757e-02,3.030925e-01,4.945276e-02,5.344078e-02
6.817278e-02,3.909808e-03,1.073751e-02,7.487767e-02,1.636049e-02,2.496100e-02,8.627820e-03,2.562078e-02,6.783361e-02,2.346618e-02,1.190237e-01,3.731398e-02,4.400785e-01,3.546114e-02,4.355498e-02
4.858022e-02,2.907767e-03,8.060888e-03,5.359156e-02,1.381873e-02,2.475528e-02,7.183180e-03,1.935636e-02,4.928816e-02,1.742483e-02,1.174290e-01,3.368476e-02,5.269316e-01,2.522477e-02,5.176286e-02
3.518303e-02,2.089594e-03,5.879360e-03,3.782147e-02,1.549063e-02,1.931478e-02,6.382591e-03,1.547321e-02,3.757187e-02,1.249712e-02,9.375755e-02,3.054725e-02,6.268023e-01,1.891126e-02,4.227803e-02
2.656580e-02,1.605139e-03,4.575631e-03,2.703662e-02,1.418740e-02,1.937537e-02,5.488919e-03,1.314235e-02,2.856955e-02,8.950606e-03,7.900761e-02,3.261691e-02,6.921514e-01,1.345181e-02,3.327487e-02
3.974193e-02,1.336374e-03,5.953105e-03,2.019981e-02,1.433357e-02,7.575862e-02,1.675799e-02,1.746498e-02,2.160637e-02,7.008257e-03,5.868624e-02,4.082730e-02,6.452855e-01,9.789011e-03,2.525091e-02
3.302254e-02,1.460462e-03,1.289249e-02,1.618125e-02,1.839565e-02,1.172515e-01,1.427385e-02,1.868332e-02,2.578709e-02,5.726024e-03,4.606156e-02,4.651299e-02,6.128699e-01,7.713996e-03,2.316732e-02
2.845781e-02,1.341935e-03,1.475678e-02,1.283356e-02,2.524437e-02,9.549049e-02,1.388833e-02,2.352718e-02,2.927160e-02,4.358744e-03,3.650114e-02,5.829478e-02,6.280898e-01,6.049820e-03,2.189371e-02
3.086339e-02,1.840303e-03,1.985140e-02,9.606489e-03,4.171980e-02,7.477666e-02,1.649685e-02,2.985017e-02,3.304608e-02,3.217229e-03,2.758931e-02,5.277559e-02,6.373332e-01,4.728672e-03,1.630495e-02
3.000356e-02,1.944343e-03,1.729239e-02,7.041483e-03,4.324284e-02,7.659890e-02,1.933392e-02,2.529205e-02,3.892021e-02,2.353790e-03,1.980385e-02,5.273011e-02,6.496933e-01,3.692300e-03,1.205701e-02
5.862213e-02,4.312916e-03,1.906484e-02,6.592126e-03,6.189052e-02,8.302221e-02,3.771473e-02,3.359645e-02,8.440402e-02,1.827784e-03,1.435608e-02,5.711172e-02,5.252524e-01,2.685933e-03,9.546166e-03
6.119002e-02,1.006664e-02,2.091615e-02,5.599175e-03,8.250608e-02,7.457359e-02,4.089129e-02,4.627804e-02,1.430100e-01,1.370674e-03,1.068124e-02,8.311429e-02,4.098438e-01,2.030743e-03,7.928236e-03
5.297272e-02,9.006009e-03,3.403961e-02,2.062852e-02,1.493840e-01,5.824506e-02,4.572673e-02,1.201912e-01,1.318035e-01,1.048247e-03,7.709632e-03,6.496107e-02,2.971123e-01,1.450106e-03,5.721367e-03
5.688510e-02,9.249019e-03,3.026867e-02,1.754557e-02,1.360850e-01,6.385803e-02,3.858681e-02,2.091711e-01,1.390814e-01,7.701725e-04,5.621951e-03,5.143768e-02,2.359144e-01,1.102808e-03,4.422346e-03
5.059876e-02,7.010354e-03,2.794997e-02,1.597902e-02,1.270521e-01,4.801033e-02,4.430017e-02,3.569359e-01,1.104288e-01,5.569782e-04,4.000426e-03,3.736087e-02,1.659010e-01,7.837157e-04,3.131712e-03
4.280251e-02,5.001227e-03,1.998046e-02,1.235415e-02,1.126863e-01,3.418390e-02,3.207284e-02,5.109030e-01,8.159073e-02,3.960325e-04,2.837181e-03,2.616713e-02,1.162608e-01,5.518399e-04,2.211930e-03
4.492987e-02,3.661624e-03,1.444949e-02,9.025964e-03,9.298994e-02,2.969071e-02,3.091961e-02,6.056802e-01,5.770975e-02,3.622490e-04,2.453429e-03,1.839432e-02,8.674137e-02,3.992275e-04,2.592241e-03
5.423601e-02,2.899811e-03,1.129334e-02,7.185423e-03,8.358052e-02,5.415480e-02,6.854385e-02,5.615958e-01,4.087862e-02,3.167831e-04,2.279811e-03,1.312451e-02,9.626466e-02,2.920291e-04,3.354024e-03
4.803448e-02,2.610174e-03,2.176362e-02,8.599831e-03,1.069612e-01,9.927695e-02,6.194465e-02,4.674048e-01,2.901012e-02,5.544449e-04,5.373300e-03,9.904897e-03,1.315488e-01,2.933985e-04,6.719241e-03
4.956622e-02,2.428076e-03,2.086288e-02,7.715324e-03,9.729233e-02,1.947596e-01,6.178245e-02,3.590071e-01,2.102765e-02,4.836407e-04,5.422853e-03,7.375559e-03,1.656362e-01,2.392509e-04,6.400737e-03
3.662742e-02,1.855110e-03,1.513120e-02,5.753803e-03,8.587202e-02,1.880001e-01,1.390387e-01,2.620867e-01,1.549139e-02,5.564283e-04,9.877431e-03,6.659263e-03,2.185220e-01,1.966081e-04,1.433181e-02
2.817206e-02,1.467610e-03,1.071825e-02,4.965125e-03,6.132402e-02,1.443173e-01,1.798774e-01,1.842284e-01,1.237015e-02,1.312765e-03,1.434370e-02,1.293904e-02,3.208840e-01,1.952972e-04,2.288474e-02
2.063061e-02,1.230079e-03,7.608166e-03,5.241100e-03,4.616918e-02,1.214923e-01,1.661331e-01,1.293086e-01,9.277161e-03,1.330466e-03,1.471254e-02,1.337820e-02,4.047880e-01,1.586914e-04,5.854178e-02
1.591665e-02,1.001954e-03,5.372724e-03,4.006406e-03,3.373710e-02,1.062972e-01,1.312806e-01,9.130196e-02,7.054681e-03,1.170956e-03,2.395669e-02,1.726092e-02,4.957279e-01,2.198184e-04,6.569456e-02
1.174596e-02,7.637911e-04,3.770189e-03,2.950813e-03,2.407512e-02,8.707063e-02,1.002666e-01,6.398826e-02,5.055492e-03,9.034250e-04,2.168885e-02,1.697412e-02,6.042861e-01,1.621643e-04,5.629856e-02
8.410500e-03,5.566805e-04,2.665413e-03,2.085844e-03,1.735600e-02,6.309076e-02,7.147406e-02,4.489024e-02,3.658026e-03,7.886092e-04,2.194421e-02,1.471351e-02,7.010168e-01,1.168058e-04,4.723252e-02
6.139788e-03,4.313875e-04,1.930206e-03,1.487377e-03,1.233674e-02,4.799733e-02,5.030514e-02,3.148678e-02,2.727367e-03,9.260689e-04,1.973677e-02,1.550803e-02,7.662073e-01,1.068899e-04,4.267281e-02
4.572046e-03,3.387355e-04,1.395433e-03,1.142780e-03,8.881652e-03,3.798733e-02,3.537524e-02,2.216006e-02,2.180050e-03,1.141984e-03,2.078698e-02,1.871800e-02,8.077301e-01,9.533513e-05,3.749425e-02
3.237328e-03,2.971892e-04,1.016380e-03,8.336132e-04,6.568485e-03,2.746445e-02,2.483528e-02,1.555564e-02,1.591870e-03,1.310483e-03,1.918751e-02,2.119629e-02,8.480594e-01,7.595121e-05,2.877015e-02
2.290574e-03,2.311208e-04,7.276994e-04,6.238082e-04,4.772553e-03,1.993399e-02,1.744533e-02,1.107225e-02,1.357228e-03,1.659070e-03,3.075577e-02,2.698532e-02,8.595138e-01,8.580803e-05,2.254578e-02
1.644634e-03,1.875926e-04,8.717995e-04,5.248880e-04,4.269085e-03,1.408807e-02,1.262066e-02,9.482597e-03,1.209045e-03,4.723573e-03,3.494314e-02,2.575150e-02,8.698467e-01,1.834501e-04,1.965327e-02
1.194881e-03,1.438608e-04,6.404920e-04,4.602837e-04,6.303295e-03,1.016528e-02,8.918379e-03,7.816751e-03,1.144870e-03,7.758612e-03,3.625260e-02,3.870371e-02,8.634902e-01,2.987817e-04,1.670804e-02
8.930129e-04,1.354531e-04,5.620903e-04,4.185223e-04,2.526915e-02,7.173425e-03,6.302692e-03,7.712186e-03,1.460532e-03,9.057326e-03,3.688420e-02,3.167599e-02,8.587795e-01,2.638345e-04,1.341213e-02
7.614008e-04,1.140651e-04,5.331852e-04,4.313293e-04,4.727832e-02,5.060221e-03,4.553927e-03,3.234206e-02,2.234556e-03,1.007516e-02,3.502924e-02,3.900584e-02,8.110892e-01,2.832853e-04,1.120828e-02
6.465924e-04,1.158688e-04,4.995215e-04,4.472149e-04,4.248091e-02,3.681150e-03,3.287475e-03,3.539052e-02,2.923864e-03,1.094048e-02,3.147126e-02,6.653857e-02,7.922871e-01,3.532557e-04,8.936208e-03
5.962155e-04,1.966209e-04,5.831303e-04,3.405142e-04,3.305462e-02,2.678476e-03,2.346531e-03,2.664656e-02,6.755493e-03,1.259526e-02,2.909251e-02,1.566063e-01,7.219363e-01,2.710588e-04,6.300370e-03
4.412208e-04,1.989904e-04,4.735070e-04,2.699167e-04,2.881449e-02,1.909550e-03,1.769387e-03,2.608371e-02,4.741064e-02,1.411182e-02,2.464083e-02,1.808094e-01,6.684290e-01,1.964525e-04,4.441078e-03
3.294974e-04,2.914377e-04,3.872462e-04,2.162067e-04,2.309093e-02,1.371865e-03,1.308843e-03,2.174496e-02,6.556003e-02,1.945021e-02,1.991422e-02,2.333422e-01,6.096953e-01,1.469490e-04,3.150167e-03
2.602448e-04,5.474322e-04,2.950685e-04,1.720358e-04,1.975670e-02,9.643396e-04,9.275026e-04,1.695680e-02,1.766036e-01,2.252184e-02,1.481619e-02,2.558995e-01,4.879577e-01,1.073575e-04,2.213611e-03
2.054913e-04,5.467639e-04,2.301281e-04,1.533700e-04,1.593586e-02,6.995653e-04,6.546904e-04,1.494748e-02,2.020295e-01,3.066241e-02,1.247574e-02,3.101506e-01,4.096629e-01,8.154463e-05,1.564041e-03
2.784288e-04,6.831107e-04,4.188255e-04,6.175061e-04,1.269894e-02,5.554765e-04,4.784640e-04,2.776776e-02,2.122822e-01,5.886383e-02,1.648922e-02,3.151745e-01,3.524909e-01,8.987187e-05,1.110978e-03
4.797274e-04,2.171500e-03,5.831622e-04,6.936258e-04,1.026849e-02,4.008490e-04,3.374331e-04,3.012929e-02,2.873434e-01,9.394112e-02,1.486039e-02,2.773399e-01,2.805382e-01,1.093587e-04,8.035190e-04
5.910791e-04,2.824439e-03,7.077162e-04,9.263601e-04,9.748940e-03,3.009267e-04,2.397221e-04,2.831392e-02,4.198627e-01,7.832812e-02,1.336707e-02,2.320889e-01,2.120326e-01,9.797297e-05,5.695970e-04
2.589538e-03,2.445333e-03,2.445934e-03,1.049321e-02,1.352799e-02,1.315771e-03,2.621085e-04,6.721316e-02,4.235053e-01,7.760458e-02,2.145533e-02,2.166433e-01,1.599611e-01,1.306391e-04,4.067665e-04
2.893283e-03,5.377182e-03,3.275329e-03,7.859569e-03,1.633179e-02,9.660586e-04,1.920554e-04,5.315054e-02,5.384299e-01,6.880837e-02,1.666176e-02,1.699409e-01,1.156929e-01,1.223663e-04,2.980381e-04
8.309290e-03,5.653987e-03,1.348388e-02,7.552798e-03,3.233483e-02,2.969803e-03,2.324991e-04,5.562920e-02,5.105071e-01,5.975889e-02,3.751925e-02,1.784089e-01,8.670164e-02,6.083949e-04,3.295335e-04
1.071883e-02,6.387983e-03,1.507983e-02,1.352161e-02,3.388713e-02,3.214278e-03,7.931680e-04,5.939335e-02,5.285550e-01,5.586386e-02,3.865065e-02,1.681610e-01,6.468800e-02,7.335339e-04,3.517400e-04
1.490678e-02,9.275397e-03,1.466454e-02,1.295451e-02,3.690641e-02,2.931606e-03,7.406412e-04,5.434278e-02,5.152056e-01,5.573549e-02,3.936221e-02,1.916334e-01,4.964955e-02,1.201895e-03,4.892087e-04
2.648020e-02,1.053525e-02,1.792539e-02,1.167170e-02,3.673839e-02,3.268849e-03,7.217812e-04,4.881428e-02,4.056829e-01,6.024374e-02,9.622353e-02,2.392186e-01,3.891759e-02,2.726052e-03,8.317506e-04
2.882996e-02,1.248930e-02,2.575878e-02,1.298224e-02,3.352787e-02,2.990991e-03,7.008478e-04,4.596949e-02,3.449352e-01,8.447973e-02,1.069710e-01,2.665302e-01,2.997813e-02,2.841176e-03,1.014983e-03
3.280110e-02,1.254943e-02,2.572211e-02,1.629624e-02,3.126246e-02,2.741967e-03,9.674864e-04,5.841310e-02,2.877415e-01,1.508860e-01,9.713490e-02,2.550311e-01,2.349204e-02,3.845153e-03,1.115437e-03
3.493564e-02,1.225225e-02,2.449604e-02,1.431403e-02,2.691688e-02,2.603568e-03,8.251969e-04,4.972199e-02,2.166281e-01,2.055961e-01,1.287268e-01,2.595352e-01,1.707524e-02,5.367620e-03,1.005402e-03
3.758173e-02,1.022081e-02,1.878530e-02,1.267898e-02,2.706196e-02,2.515899e-03,7.975262e-04,4.306817e-02,1.744318e-01,1.977549e-01,1.375151e-01,3.155494e-01,1.288971e-02,8.072393e-03,1.076317e-03
4.204404e-02,2.061771e-02,2.529342e-02,1.255231e-02,3.451867e-02,7.666589e-03,2.777661e-03,3.686547e-02,1.283545e-01,1.438542e-01,1.666926e-01,3.576835e-01,9.372775e-03,8.264925e-03,3.441592e-03
4.149463e-02,1.680999e-02,2.335826e-02,1.050604e-02,2.751154e-02,1.566662e-02,3.266591e-03,3.008739e-02,9.399325e-02,1.020816e-01,2.034449e-01,4.123453e-01,6.973407e-03,8.254122e-03,4.206389e-03
4.816120e-02,1.354156e-02,2.233548e-02,9.727350e-03,2.093523e-02,1.735120e-02,2.953240e-03,2.617906e-02,6.890628e-02,7.687894e-02,2.783690e-01,3.915072e-01,5.578905e-03,1.298186e-02,4.593400e-03
4.991469e-02,1.036457e-02,1.757195e-02,7.686920e-03,1.531116e-02,1.600495e-02,2.259642e-03,2.078558e-02,5.317368e-02,5.608758e-02,3.541842e-01,3.671632e-01,4.465258e-03,2.037229e-02,4.654413e-03
3.981346e-02,9.693752e-03,1.342167e-02,6.072882e-03,1.199371e-02,1.307764e-02,1.730764e-03,1.507386e-02,4.084127e-02,4.082625e-02,4.513286e-01,3.286541e-01,3.392273e-03,1.856529e-02,5.514453e-03
2.954540e-02,7.538442e-03,9.738003e-03,4.514351e-03,8.912581e-03,1.083028e-02,1.278623e-03,1.077723e-02,3.006763e-02,2.975720e-02,5.370350e-01,2.936536e-01,2.549906e-03,1.886001e-02,4.941707e-03
2.139591e-02,5.684111e-03,6.923792e-03,3.239949e-03,6.509929e-03,8.360285e-03,9.169495e-04,7.588735e-03,2.169002e-02,2.180827e-02,6.281359e-01,2.448255e-01,1.965439e-03,1.688329e-02,4.071839e-03
1.591709e-02,4.819004e-03,4.949325e-03,2.386943e-03,5.104034e-03,6.278125e-03,7.040536e-04,5.366591e-03,1.678184e-02,3.560315e-02,6.934915e-01,1.841080e-01,1.475848e-03,1.758661e-02,5.428014e-03
1.134950e-02,4.173338e-03,3.564507e-03,1.784062e-03,3.914312e-03,4.892163e-03,5.687643e-04,3.834310e-03,1.291914e-02,3.103906e-02,7.530853e-01,1.437185e-01,1.106061e-03,1.830558e-02,5.745432e-03
8.180579e-03,1.834587e-02,3.248149e-03,1.466357e-03,3.322041e-03,4.086749e-03,8.907682e-04,2.981132e-03,1.882470e-02,4.929992e-02,7.086697e-01,1.371691e-01,8.748675e-04,2.618229e-02,1.645785e-02
6.007070e-03,1.356841e-02,2.586555e-03,1.166634e-03,2.772411e-03,3.854215e-03,7.063167e-04,2.266043e-03,1.575265e-02,4.800174e-02,7.345945e-01,1.253081e-01,8.650126e-04,3.025507e-02,1.229531e-02
4.345157e-03,1.008745e-02,1.909893e-03,1.012481e-03,3.210470e-03,3.007694e-03,6.055682e-04,1.677723e-03,1.453269e-02,5.052080e-02,7.621638e-01,1.088650e-01,1.033721e-03,2.727445e-02,9.753101e-03
3.377804e-03,7.744262e-03,1.671302e-03,7.758812e-04,2.490161e-03,2.582177e-03,4.836807e-04,1.281048e-03,1.270193e-02,5.344673e-02,7.634015e-01,1.129445e-01,9.865202e-04,2.793371e-02,8.178848e-03
2.762384e-03,5.980579e-03,1.597900e-03,5.897455e-04,1.959777e-03,2.770687e-03,4.108892e-04,1.052315e-03,1.106961e-02,6.073497e-02,7.551830e-01,1.094269e-01,9.651214e-04,3.912461e-02,6.371430e-03
2.185532e-03,4.843546e-03,1.605262e-03,4.521107e-04,2.103486e-03,2.628501e-03,4.226471e-04,8.688752e-04,1.028479e-02,1.529458e-01,6.780368e-01,1.006244e-01,8.237570e-04,3.592461e-02,6.249828e-03
2.791661e-03,4.164861e-03,1.825269e-03,6.328676e-04,5.547951e-03,3.626374e-03,1.471595e-03,2.328666e-03,1.065281e-02,2.043079e-01,6.374819e-01,8.461425e-02,1.204147e-03,3.311967e-02,6.229980e-03
2.297455e-03,4.083722e-03,1.985776e-03,5.346963e-04,7.442997e-03,3.624657e-03,1.226821e-03,1.812374e-03,8.671198e-03,3.153794e-01,5.433176e-01,6.783522e-02,1.429186e-03,3.461642e-02,5.742451e-03
1.985134e-03,5.447823e-03,1.887461e-03,4.313234e-04,6.567475e-03,2.888462e-03,9.917544e-04,1.389060e-03,8.007948e-03,4.493877e-01,4.319866e-01,5.519315e-02,1.326452e-03,2.744194e-02,5.067677e-03
1.899928e-03,4.225628e-03,1.391978e-03,3.814931e-04,5.097012e-03,3.121339e-03,7.759308e-04,1.021767e-03,6.647285e-03,5.710872e-01,3.360154e-01,4.312365e-02,1.309842e-03,2.014283e-02,3.758758e-03
1.980382e-03,6.265751e-03,1.531432e-03,4.198374e-04,4.198383e-03,1.395948e-02,9.620124e-04,1.074006e-03,6.891034e-03,6.624062e-01,2.486697e-01,3.221185e-02,1.185072e-03,1.471266e-02,3.532167e-03
2.713300e-03,4.991897e-03,2.159289e-03,2.646190e-03,4.829995e-03,3.764951e-02,2.938204e-03,9.159256e-03,5.600326e-03,7.130827e-01,1.764454e-01,2.347904e-02,1.024700e-03,1.070073e-02,2.579479e-03
4.640868e-03,6.731399e-03,2.521680e-03,2.125357e-03,8.860231e-03,2.993204e-02,2.511843e-03,6.950988e-03,6.331399e-03,7.738309e-01,1.270100e-01,1.722986e-02,9.035458e-04,8.404724e-03,2.015256e-03
7.792365e-03,9.191145e-03,2.741083e-03,2.513357e-03,1.516010e-02,2.510996e-02,2.375328e-03,9.364421e-03,1.025452e-02,8.000619e-01,9.198158e-02,1.267973e-02,1.564926e-03,7.648466e-03,1.561080e-03
1.707569e-02,1.170929e-02,3.067477e-03,2.781968e-03,1.848755e-02,2.627691e-02,2.145319e-03,1.666527e-02,1.851736e-02,7.805632e-01,7.532786e-02,1.700022e-02,2.176435e-03,6.686362e-03,1.518997e-03
2.736607e-02,9.807382e-03,5.148361e-03,4.004034e-03,1.733252e-02,2.341348e-02,7.540598e-03,4.525596e-02,1.559235e-02,7.595342e-01,5.756242e-02,1.704415e-02,2.636000e-03,6.351789e-03,1.410582e-03
3.652079e-02,1.036620e-02,7.633946e-03,4.067040e-03,1.542752e-02,1.740808e-02,5.687278e-03,3.718205e-02,1.796902e-02,7.740185e-01,4.723841e-02,1.565752e-02,3.098990e-03,6.372613e-03,1.351969e-03
3.936325e-02,1.682270e-02,1.078047e-02,3.659438e-03,1.398645e-02,1.289349e-02,5.126454e-03,3.251302e-02,2.694057e-02,7.740061e-01,3.868240e-02,1.396472e-02,3.422918e-03,6.628487e-03,1.209439e-03
4.594235e-02,2.661920e-02,1.284340e-02,3.886223e-03,1.445389e-02,1.136139e-02,4.392889e-03,2.536451e-02,7.229286e-02,6.977293e-01,5.073072e-02,1.800002e-02,4.181722e-03,1.068864e-02,1.512757e-03
4.759951e-02,2.926522e-02,1.106000e-02,4.373101e-03,1.429181e-02,9.741911e-03,3.304478e-03,1.921299e-02,9.497081e-02,6.668687e-01,5.881635e-02,1.731991e-02,4.664951e-03,1.516610e-02,3.344106e-03
4.776591e-02,2.571488e-02,8.973042e-03,5.074132e-03,1.328681e-02,8.908028e-03,2.591446e-03,1.657601e-02,9.010985e-02,6.870388e-01,5.520426e-02,1.550800e-02,5.117681e-03,1.427426e-02,3.856863e-03
5.454680e-02,2.519388e-02,9.028018e-03,6.966013e-03,2.951778e-02,7.364726e-03,3.150576e-03,2.241258e-02,1.492900e-01,5.898038e-01,5.762690e-02,1.541039e-02,8.262590e-03,1.712380e-02,4.302110e-03
6.016918e-02,2.793271e-02,8.622846e-03,7.658213e-03,3.215701e-02,6.301902e-03,3.312271e-03,2.093767e-02,2.321396e-01,5.026503e-01,5.079232e-02,1.545369e-02,8.450123e-03,1.812075e-02,5.301428e-03
9.998088e-02,3.174024e-02,8.508065e-03,9.284735e-03,2.742921e-02,6.901272e-03,2.978151e-03,1.976161e-02,2.178812e-01,4.891090e-01,4.244235e-02,1.429113e-02,7.624505e-03,1.667224e-02,5.395446e-03
1.826365e-01,3.124500e-02,8.195288e-03,1.190071e-02,2.875315e-02,8.008447e-03,2.646159e-03,1.779415e-02,1.805426e-01,4.516534e-01,3.440128e-02,1.228442e-02,6.435157e-03,1.768548e-02,5.818387e-03
2.564149e-01,2.758987e-02,7.464143e-03,1.516599e-02,3.104207e-02,7.971939e-03,2.411847e-03,2.722017e-02,1.608267e-01,3.898519e-01,3.226935e-02,1.187722e-02,6.737486e-03,1.663385e-02,6.522628e-03
2.342554e-01,2.537883e-02,7.917488e-03,1.621818e-02,3.980503e-02,7.329729e-03,2.188122e-03,1.153604e-01,1.912967e-01,2.914923e-01,2.912439e-02,1.373618e-02,7.220072e-03,1.340028e-02,5.276992e-03
1.936871e-01,2.162175e-02,8.535840e-03,1.387957e-02,4.127565e-02,6.569738e-03,1.759809e-03,2.787725e-01,1.640857e-01,2.122784e-01,2.372534e-02,1.271499e-02,6.650593e-03,1.010337e-02,4.339561e-03
