1.000000e+00,0.000000e+00,0.000000e+00,0.000000e+00,0.000000e+00,0.000000e+00,0.000000e+00,0.000000e+00,0.000000e+00,0.000000e+00,0.000000e+00,0.000000e+00,0.000000e+00,0.000000e+00,0.000000e+00
1.000000e+00,0.000000e+00,0.000000e+00,0.000000e+00,0.000000e+00,0.000000e+00,0.000000e+00,0.000000e+00,0.000000e+00,0.000000e+00,0.000000e+00,0.000000e+00,0.000000e+00,0.000000e+00,0.000000e+00
1.000000e+00,0.000000e+00,0.000000e+00,0.000000e+00,0.000000e+00,0.000000e+00,0.000000e+00,0.000000e+00,0.000000e+00,0.000000e+00,0.000000e+00,0.000000e+00,0.000000e+00,0.000000e+00,0.000000e+00
1.000000e+00,0.000000e+00,0.000000e+00,0.000000e+00,0.000000e+00,0.000000e+00,0.000000e+00,0.000000e+00,0.000000e+00,0.000000e+00,0.000000e+00,0.000000e+00,0.000000e+00,0.000000e+00,0.000000e+00
1.000000e+00,0.000000e+00,0.000000e+00,0.000000e+00,0.000000e+00,0.000000e+00,0.000000e+00,0.000000e+00,0.000000e+00,0.000000e+00,0.000000e+00,0.000000e+00,0.000000e+00,0.000000e+00,0.000000e+00
1.000000e+00,0.000000e+00,0.000000e+00,0.000000e+00,0.000000e+00,0.000000e+00,0.000000e+00,0.000000e+00,0.000000e+00,0.000000e+00,0.000000e+00,0.000000e+00,0.000000e+00,0.000000e+00,0.000000e+00
1.000000e+00,0.000000e+00,0.000000e+00,0.000000e+00,0.000000e+00,0.000000e+00,0.000000e+00,0.000000e+00,0.000000e+00,0.000000e+00,0.000000e+00,0.000000e+00,0.000000e+00,0.000000e+00,0.000000e+00
1.000000e+00,0.000000e+00,0.000000e+00,0.000000e+00,0.000000e+00,0.000000e+00,0.000000e+00,0.000000e+00,0.000000e+00,0.000000e+00,0.000000e+00,0.000000e+00,0.000000e+00,0.000000e+00,0.000000e+00
1.000000e+00,0.000000e+00,0.000000e+00,0.000000e+00,0.000000e+00,0.000000e+00,0.000000e+00,0.000000e+00,0.000000e+00,0.000000e+00,0.000000e+00,0.000000e+00,0.000000e+00,0.000000e+00,0.000000e+00
1.000000e+00,0.000000e+00,0.000000e+00,0.000000e+00,0.000000e+00,0.000000e+00,0.000000e+00,0.000000e+00,0.000000e+00,0.000000e+00,0.000000e+00,0.000000e+00,0.000000e+00,0.000000e+00,0.000000e+00
1.000000e+00,0.000000e+00,0.000000e+00,0.000000e+00,0.000000e+00,0.000000e+00,0.000000e+00,0.000000e+00,0.000000e+00,0.000000e+00,0.000000e+00,0.000000e+00,0.000000e+00,0.000000e+00,0.000000e+00
1.000000e+00,0.000000e+00,0.000000e+00,0.000000e+00,0.000000e+00,0.000000e+00,0.000000e+00,0.000000e+00,0.000000e+00,0.000000e+00,0.000000e+00,0.000000e+00,0.000000e+00,0.000000e+00,0.000000e+00
1.000000e+00,0.000000e+00,0.000000e+00,0.000000e+00,0.000000e+00,0.000000e+00,0.000000e+00,0.000000e+00,0.000000e+00,0.000000e+00,0.000000e+00,0.000000e+00,0.000000e+00,0.000000e+00,0.000000e+00
1.000000e+00,0.000000e+00,0.000000e+00,0.000000e+00,0.000000e+00,0.000000e+00,0.000000e+00,0.000000e+00,0.000000e+00,0.000000e+00,0.000000e+00,0.000000e+00,0.000000e+00,0.000000e+00,0.000000e+00
1.000000e+00,0.000000e+00,0.000000e+00,0.000000e+00,0.000000e+00,0.000000e+00,0.000000e+00,0.000000e+00,0.000000e+00,0.000000e+00,0.000000e+00,0.000000e+00,0.000000e+00,0.000000e+00,0.000000e+00
1.000000e+00,0.000000e+00,0.000000e+00,0.000000e+00,0.000000e+00,0.000000e+00,0.000000e+00,0.000000e+00,0.000000e+00,0.000000e+00,0.000000e+00,0.000000e+00,0.000000e+00,0.000000e+00,0.000000e+00
1.000000e+00,0.000000e+00,0.000000e+00,0.000000e+00,0.000000e+00,0.000000e+00,0.000000e+00,0.000000e+00,0.000000e+00,0.000000e+00,0.000000e+00,0.000000e+00,0.000000e+00,0.000000e+00,0.000000e+00
1.000000e+00,0.000000e+00,0.000000e+00,0.000000e+00,0.000000e+00,0.000000e+00,0.000000e+00,0.000000e+00,0.000000e+00,0.000000e+00,0.000000e+00,0.000000e+00,0.000000e+00,0.000000e+00,0.000000e+00
1.000000e+00,0.000000e+00,0.000000e+00,0.000000e+00,0.000000e+00,0.000000e+00,0.000000e+00,0.000000e+00,0.000000e+00,0.000000e+00,0.000000e+00,0.000000e+00,0.000000e+00,0.000000e+00,0.000000e+00
1.000000e+00,0.000000e+00,0.000000e+00,0.000000e+00,0.000000e+00,0.000000e+00,0.000000e+00,0.000000e+00,0.000000e+00,0.000000e+00,0.000000e+00,0.000000e+00,0.000000e+00,0.000000e+00,0.000000e+00
1.000000e+00,0.000000e+00,0.000000e+00,0.000000e+00,0.000000e+00,0.000000e+00,0.000000e+00,0.000000e+00,0.000000e+00,0.000000e+00,0.000000e+00,0.000000e+00,0.000000e+00,0.000000e+00,0.000000e+00
1.000000e+00,0.000000e+00,0.000000e+00,0.000000e+00,0.000000e+00,0.000000e+00,0.000000e+00,0.000000e+00,0.000000e+00,0.000000e+00,0.000000e+00,0.000000e+00,0.000000e+00,0.000000e+00,0.000000e+00
1.000000e+00,0.000000e+00,0.000000e+00,0.000000e+00,0.000000e+00,0.000000e+00,0.000000e+00,0.000000e+00,0.000000e+00,0.000000e+00,0.000000e+00,0.000000e+00,0.000000e+00,0.000000e+00,0.000000e+00
1.000000e+00,0.000000e+00,0.000000e+00,0.000000e+00,0.000000e+00,0.000000e+00,0.000000e+00,0.000000e+00,0.000000e+00,0.000000e+00,0.000000e+00,0.000000e+00,0.000000e+00,0.000000e+00,0.000000e+00
1.000000e+00,0.000000e+00,0.000000e+00,0.000000e+00,0.000000e+00,0.000000e+00,0.000000e+00,0.000000e+00,0.000000e+00,0.000000e+00,0.000000e+00,0.000000e+00,0.000000e+00,0.000000e+00,0.000000e+00
1.000000e+00,0.000000e+00,0.000000e+00,0.000000e+00,0.000000e+00,0.000000e+00,0.000000e+00,0.000000e+00,0.000000e+00,0.000000e+00,0.000000e+00,0.000000e+00,0.000000e+00,0.000000e+00,0.000000e+00
1.000000e+00,0.000000e+00,0.000000e+00,0.000000e+00,0.000000e+00,0.000000e+00,0.000000e+00,0.000000e+00,0.000000e+00,0.000000e+00,0.000000e+00,0.000000e+00,0.000000e+00,0.000000e+00,0.000000e+00
1.000000e+00,0.000000e+00,0.000000e+00,0.000000e+00,0.000000e+00,0.000000e+00,0.000000e+00,0.000000e+00,0.000000e+00,0.000000e+00,0.000000e+00,0.000000e+00,0.000000e+00,0.000000e+00,0.000000e+00
1.000000e+00,0.000000e+00,0.000000e+00,0.000000e+00,0.000000e+00,0.000000e+00,0.000000e+00,0.000000e+00,0.000000e+00,0.000000e+00,0.000000e+00,0.000000e+00,0.000000e+00,0.000000e+00,0.000000e+00
1.000000e+00,0.000000e+00,0.000000e+00,0.000000e+00,0.000000e+00,0.000000e+00,0.000000e+00,0.000000e+00,0.000000e+00,0.000000e+00,0.000000e+00,0.000000e+00,0.000000e+00,0.000000e+00,0.000000e+00
1.000000e+00,0.000000e+00,0.000000e+00,0.000000e+00,0.000000e+00,0.000000e+00,0.000000e+00,0.000000e+00,0.000000e+00,0.000000e+00,0.000000e+00,0.000000e+00,0.000000e+00,0.000000e+00,0.000000e+00
1.000000e+00,0.000000e+00,0.000000e+00,0.000000e+00,0.000000e+00,0.000000e+00,0.000000e+00,0.000000e+00,0.000000e+00,0.000000e+00,0.000000e+00,0.000000e+00,0.000000e+00,0.000000e+00,0.000000e+00
1.000000e+00,0.000000e+00,0.000000e+00,0.000000e+00,0.000000e+00,0.000000e+00,0.000000e+00,0.000000e+00,0.000000e+00,0.000000e+00,0.000000e+00,0.000000e+00,0.000000e+00,0.000000e+00,0.000000e+00
1.000000e+00,0.000000e+00,0.000000e+00,0.000000e+00,0.000000e+00,0.000000e+00,0.000000e+00,0.000000e+00,0.000000e+00,0.000000e+00,0.000000e+00,0.000000e+00,0.000000e+00,0.000000e+00,0.000000e+00
1.000000e+00,0.000000e+00,0.000000e+00,0.000000e+00,0.000000e+00,0.000000e+00,0.000000e+00,0.000000e+00,0.000000e+00,0.000000e+00,0.000000e+00,0.000000e+00,0.000000e+00,0.000000e+00,0.000000e+00
1.000000e+00,0.000000e+00,0.000000e+00,0.000000e+00,0.000000e+00,0.000000e+00,0.000000e+00,0.000000e+00,0.000000e+00,0.000000e+00,0.000000e+00,0.000000e+00,0.000000e+00,0.000000e+00,0.000000e+00
1.000000e+00,0.000000e+00,0.000000e+00,0.000000e+00,0.000000e+00,0.000000e+00,0.000000e+00,0.000000e+00,0.000000e+00,0.000000e+00,0.000000e+00,0.000000e+00,0.000000e+00,0.000000e+00,0.000000e+00
1.000000e+00,0.000000e+00,0.000000e+00,0.000000e+00,0.000000e+00,0.000000e+00,0.000000e+00,0.000000e+00,0.000000e+00,0.000000e+00,0.000000e+00,0.000000e+00,0.000000e+00,0.000000e+00,0.000000e+00
1.000000e+00,0.000000e+00,0.000000e+00,0.000000e+00,0.000000e+00,0.000000e+00,0.000000e+00,0.000000e+00,0.000000e+00,0.000000e+00,0.000000e+00,0.000000e+00,0.000000e+00,0.000000e+00,0.000000e+00
1.000000e+00,0.000000e+00,0.000000e+00,0.000000e+00,0.000000e+00,0.000000e+00,0.000000e+00,0.000000e+00,0.000000e+00,0.000000e+00,0.000000e+00,0.000000e+00,0.000000e+00,0.000000e+00,0.000000e+00
1.000000e+00,0.000000e+00,0.000000e+00,0.000000e+00,0.000000e+00,0.000000e+00,0.000000e+00,0.000000e+00,0.000000e+00,0.000000e+00,0.000000e+00,0.000000e+00,0.000000e+00,0.000000e+00,0.000000e+00
1.000000e+00,0.000000e+00,0.000000e+00,0.000000e+00,0.000000e+00,0.000000e+00,0.000000e+00,0.000000e+00,0.000000e+00,0.000000e+00,0.000000e+00,0.000000e+00,0.000000e+00,0.000000e+00,0.000000e+00
1.000000e+00,0.000000e+00,0.000000e+00,0.000000e+00,0.000000e+00,0.000000e+00,0.000000e+00,0.000000e+00,0.000000e+00,0.000000e+00,0.000000e+00,0.000000e+00,0.000000e+00,0.000000e+00,0.000000e+00
1.000000e+00,0.000000e+00,0.000000e+00,0.000000e+00,0.000000e+00,0.000000e+00,0.000000e+00,0.000000e+00,0.000000e+00,0.000000e+00,0.000000e+00,0.000000e+00,0.000000e+00,0.000000e+00,0.000000e+00
1.000000e+00,0.000000e+00,0.000000e+00,0.000000e+00,0.000000e+00,0.000000e+00,0.000000e+00,0.000000e+00,0.000000e+00,0.000000e+00,0.000000e+00,0.000000e+00,0.000000e+00,0.000000e+00,0.000000e+00
1.000000e+00,0.000000e+00,0.000000e+00,0.000000e+00,0.000000e+00,0.000000e+00,0.000000e+00,0.000000e+00,0.000000e+00,0.000000e+00,0.000000e+00,0.000000e+00,0.000000e+00,0.000000e+00,0.000000e+00
1.000000e+00,0.000000e+00,0.000000e+00,0.000000e+00,0.000000e+00,0.000000e+00,0.000000e+00,0.000000e+00,0.000000e+00,0.000000e+00,0.000000e+00,0.000000e+00,0.000000e+00,0.000000e+00,0.000000e+00
1.000000e+00,0.000000e+00,0.000000e+00,0.000000e+00,0.000000e+00,0.000000e+00,0.000000e+00,0.000000e+00,0.000000e+00,0.000000e+00,0.000000e+00,0.000000e+00,0.000000e+00,0.000000e+00,0.000000e+00
1.000000e+00,0.000000e+00,0.000000e+00,0.000000e+00,0.000000e+00,0.000000e+00,0.000000e+00,0.000000e+00,0.000000e+00,0.000000e+00,0.000000e+00,0.000000e+00,0.000000e+00,0.000000e+00,0.000000e+00
1.000000e+00,0.000000e+00,0.000000e+00,0.000000e+00,0.000000e+00,0.000000e+00,0.000000e+00,0.000000e+00,0.000000e+00,0.000000e+00,0.000000e+00,0.000000e+00,0.000000e+00,0.000000e+00,0.000000e+00
1.000000e+00,0.000000e+00,0.000000e+00,0.000000e+00,0.000000e+00,0.000000e+00,0.000000e+00,0.000000e+00,0.000000e+00,0.000000e+00,0.000000e+00,0.000000e+00,0.000000e+00,0.000000e+00,0.000000e+00
1.000000e+00,0.000000e+00,0.000000e+00,0.000000e+00,0.000000e+00,0.000000e+00,0.000000e+00,0.000000e+00,0.000000e+00,0.000000e+00,0.000000e+00,0.000000e+00,0.000000e+00,0.000000e+00,0.000000e+00
1.000000e+00,0.000000e+00,0.000000e+00,0.000000e+00,0.000000e+00,0.000000e+00,0.000000e+00,0.000000e+00,0.000000e+00,0.000000e+00,0.000000e+00,0.000000e+00,0.000000e+00,0.000000e+00,0.000000e+00
1.000000e+00,0.000000e+00,0.000000e+00,0.000000e+00,0.000000e+00,0.000000e+00,0.000000e+00,0.000000e+00,0.000000e+00,0.000000e+00,0.000000e+00,0.000000e+00,0.000000e+00,0.000000e+00,0.000000e+00
1.000000e+00,0.000000e+00,0.000000e+00,0.000000e+00,0.000000e+00,0.000000e+00,0.000000e+00,0.000000e+00,0.000000e+00,0.000000e+00,0.000000e+00,0.000000e+00,0.000000e+00,0.000000e+00,0.000000e+00
1.000000e+00,0.000000e+00,0.000000e+00,0.000000e+00,0.000000e+00,0.000000e+00,0.000000e+00,0.000000e+00,0.000000e+00,0.000000e+00,0.000000e+00,0.000000e+00,0.000000e+00,0.000000e+00,0.000000e+00
3.673284e-01,9.034572e-03,1.743959e-02,2.538655e-02,4.951214e-03,1.060280e-02,5.703232e-03,5.130290e-01,3.092888e-03,9.544849e-04,9.970801e-03,1.404432e-02,8.780064e-03,1.362609e-03,8.319450e-03
2.594436e-01,6.378464e-03,1.344095e-02,1.820568e-02,3.540166e-03,7.653161e-03,4.771003e-03,6.536564e-01,2.170729e-03,6.726307e-04,7.063874e-03,9.892421e-03,6.235048e-03,1.028885e-03,5.847084e-03
1.827550e-01,4.491532e-03,9.947215e-03,1.296545e-02,2.550218e-03,5.444956e-03,3.757298e-03,7.548479e-01,1.524751e-03,4.735636e-04,5.005721e-03,6.941216e-03,4.395644e-03,7.930758e-04,4.106469e-03
1.291652e-01,3.180386e-03,7.292314e-03,9.294180e-03,2.075691e-03,3.884024e-03,2.946563e-03,8.255153e-01,1.079872e-03,3.359224e-04,3.594294e-03,4.884980e-03,3.162122e-03,6.985052e-04,2.890626e-03
9.080441e-02,2.238842e-03,5.270750e-03,6.658248e-03,1.845582e-03,2.752795e-03,2.369123e-03,8.762058e-01,7.641074e-04,2.372652e-04,2.556909e-03,3.434007e-03,2.311426e-03,5.184350e-04,2.032225e-03
6.401330e-02,1.579428e-03,3.902470e-03,4.821077e-03,1.809282e-03,1.966194e-03,1.885289e-03,9.115565e-01,5.429276e-04,1.710265e-04,1.818234e-03,2.418301e-03,1.710874e-03,3.734373e-04,1.431651e-03
4.539287e-02,1.132507e-03,2.933574e-03,3.512918e-03,2.458548e-03,1.449111e-03,2.060089e-03,9.345148e-01,4.239350e-04,1.398105e-04,1.345736e-03,1.757501e-03,1.559553e-03,2.798514e-04,1.039268e-03
3.273291e-02,8.276008e-04,2.308885e-03,2.639846e-03,2.921270e-03,1.106993e-03,2.360245e-03,9.496723e-01,3.492300e-04,1.435691e-04,1.026279e-03,1.340358e-03,1.575028e-03,2.132464e-04,7.822358e-04
2.740408e-02,6.449365e-04,2.079024e-03,2.166281e-03,3.586096e-03,9.675332e-04,3.254598e-03,9.549195e-01,2.905890e-04,1.290989e-04,8.106289e-04,1.157332e-03,1.735937e-03,1.821145e-04,6.722315e-04
3.226097e-02,5.815920e-04,2.058718e-03,1.876152e-03,6.443751e-03,1.016988e-03,5.086133e-03,9.448910e-01,2.956355e-04,2.257213e-04,7.415479e-04,1.328153e-03,2.184296e-03,2.250784e-04,7.843193e-04
4.191015e-02,6.203450e-04,2.014923e-03,1.669585e-03,8.130416e-03,1.269554e-03,6.028235e-03,9.311768e-01,3.331766e-04,3.585420e-04,7.469273e-04,1.684627e-03,2.563132e-03,2.620795e-04,1.231573e-03
3.387359e-02,9.605703e-04,1.977132e-03,1.866696e-03,7.338938e-03,1.553076e-03,4.586280e-03,8.586831e-01,1.270535e-03,4.360635e-03,1.645321e-02,1.092709e-02,4.260689e-02,1.134285e-02,2.199489e-03
3.547972e-02,9.881244e-04,1.655566e-03,2.223021e-03,6.249127e-03,2.172548e-03,3.416988e-03,6.698576e-01,1.829673e-03,4.838402e-03,4.449052e-02,1.670009e-02,1.913036e-01,1.190693e-02,6.888198e-03
4.228056e-02,1.382888e-03,1.261902e-03,3.629562e-03,4.834320e-03,2.217163e-03,2.477297e-03,4.942316e-01,8.865478e-03,4.053481e-03,7.259691e-02,2.214660e-02,3.008618e-01,1.781109e-02,2.134936e-02
4.393091e-02,1.667314e-03,1.179953e-03,6.187951e-03,4.033403e-03,2.280514e-03,1.868395e-03,3.562659e-01,1.301714e-02,5.036915e-03,1.043650e-01,2.046749e-02,3.630366e-01,2.840341e-02,4.825919e-02
3.946695e-02,2.165977e-03,1.331675e-03,1.795841e-02,4.313757e-03,3.978338e-03,1.526616e-03,2.541044e-01,4.010341e-02,4.759762e-03,1.380396e-01,1.751735e-02,3.668150e-01,3.192507e-02,7.599372e-02
3.089933e-02,1.897729e-03,1.785161e-03,1.356491e-02,4.467793e-03,3.467567e-03,1.258766e-03,1.800460e-01,3.005565e-02,4.963016e-03,1.103167e-01,1.666095e-02,3.354663e-01,2.289327e-02,2.422569e-01
2.624553e-02,1.637992e-03,2.402022e-03,9.921993e-03,3.767776e-03,2.808181e-03,1.041878e-03,1.279556e-01,2.197438e-02,4.253366e-03,8.277125e-02,1.878854e-02,3.903404e-01,1.627300e-02,2.898181e-01
3.119835e-02,1.417422e-03,2.068590e-03,7.427665e-03,3.840184e-03,4.542861e-03,1.127220e-03,9.043712e-02,1.718365e-02,4.355224e-03,6.661772e-02,1.928365e-02,4.521301e-01,1.241078e-02,2.859595e-01
2.622166e-02,1.213124e-03,1.996399e-03,5.970174e-03,7.734054e-03,7.440578e-03,1.511115e-03,6.564153e-02,1.608675e-02,4.156516e-03,6.050219e-02,2.207849e-02,5.574295e-01,1.097281e-02,2.110451e-01
2.494659e-02,1.214522e-03,2.144572e-03,5.816577e-03,1.019523e-02,2.074265e-02,2.147097e-03,4.761152e-02,1.380792e-02,5.353307e-03,6.431322e-02,3.189057e-02,6.068368e-01,9.816298e-03,1.531631e-01
1.983129e-02,5.986472e-03,5.718664e-03,1.737658e-02,1.485339e-02,1.898695e-02,1.970883e-03,3.515878e-02,3.007900e-02,6.486756e-03,8.242367e-02,7.792305e-02,5.637506e-01,8.643771e-03,1.108102e-01
1.536320e-02,1.386690e-02,5.895684e-03,1.833946e-02,1.407708e-02,1.699421e-02,1.551638e-03,2.650675e-02,5.969976e-02,6.062852e-03,7.860401e-02,1.063591e-01,5.473607e-01,6.795936e-03,8.252281e-02
1.146988e-02,1.995272e-02,8.242467e-03,1.791203e-02,1.129813e-02,1.418710e-02,1.212920e-03,2.030307e-02,1.021391e-01,9.817850e-03,7.531594e-02,1.772044e-01,4.565182e-01,7.052805e-03,6.737339e-02
8.515590e-03,2.582785e-02,6.026577e-03,1.319813e-02,9.516107e-03,1.076478e-02,9.125418e-04,1.437241e-02,3.250011e-01,6.944692e-03,5.805238e-02,1.348247e-01,3.335700e-01,5.015995e-03,4.745729e-02
6.798691e-03,2.160196e-02,6.619326e-03,2.238673e-02,1.889765e-02,1.239543e-02,7.989290e-04,1.107278e-02,4.781323e-01,5.457404e-03,4.323868e-02,9.674783e-02,2.384473e-01,3.668360e-03,3.373671e-02
2.077144e-02,1.872908e-02,5.620768e-03,2.669722e-02,2.149420e-02,5.202335e-02,8.560027e-04,8.103477e-03,4.861241e-01,5.111122e-03,4.528715e-02,7.782228e-02,2.027261e-01,2.926119e-03,2.570759e-02
3.203344e-02,2.072551e-02,5.736117e-03,3.720649e-02,1.823454e-02,6.419823e-02,1.032517e-03,6.137036e-03,4.411274e-01,6.616865e-03,5.875596e-02,6.726488e-02,2.160388e-01,2.505406e-03,2.238674e-02
6.402870e-02,1.767332e-02,9.155597e-03,3.534667e-02,2.713894e-02,4.627454e-02,1.307502e-03,4.851414e-03,3.510603e-01,5.857399e-03,1.036576e-01,6.639673e-02,2.450224e-01,2.310654e-03,1.991826e-02
5.467149e-02,2.237554e-02,3.840777e-02,3.530726e-02,1.386558e-01,3.580380e-02,3.937821e-03,5.399810e-03,2.975307e-01,4.368092e-03,8.542851e-02,4.963927e-02,2.101319e-01,2.228643e-03,1.611375e-02
6.186923e-02,2.201839e-02,5.247729e-02,2.799158e-02,2.700514e-01,3.131432e-02,7.913756e-03,5.312750e-03,2.338519e-01,3.258415e-03,6.595219e-02,3.693198e-02,1.659471e-01,2.322361e-03,1.278740e-02
6.116387e-02,2.611544e-02,6.218214e-02,7.238306e-02,3.411785e-01,2.647109e-02,1.538260e-02,6.660401e-03,1.746588e-01,2.467864e-03,4.890372e-02,2.880770e-02,1.212646e-01,2.165555e-03,1.019459e-02
7.434782e-02,3.861570e-02,9.468774e-02,9.051253e-02,3.301553e-01,2.344046e-02,2.142054e-02,7.633515e-03,1.445807e-01,2.493981e-03,3.741220e-02,2.530124e-02,9.498835e-02,2.427234e-03,1.198278e-02
5.855296e-02,3.177943e-02,1.303451e-01,2.607742e-01,2.434493e-01,1.704886e-02,1.553454e-02,9.247627e-03,1.045305e-01,2.147326e-03,2.826724e-02,1.843906e-02,6.939494e-02,1.774665e-03,8.714267e-03
4.229920e-02,2.339574e-02,1.118583e-01,2.775978e-01,1.810328e-01,1.627632e-02,1.157304e-02,7.478596e-03,7.638612e-02,3.461383e-03,1.461637e-01,1.566530e-02,7.764003e-02,1.449227e-03,7.722556e-03
3.013785e-02,1.718275e-02,8.430956e-02,2.562384e-01,1.445831e-01,1.332977e-02,8.506598e-03,5.668249e-03,5.570004e-02,3.919544e-03,2.089543e-01,1.452386e-02,1.488802e-01,1.285560e-03,6.780180e-03
2.254466e-02,1.744961e-02,6.093799e-02,2.213398e-01,1.125398e-01,1.071700e-02,6.495569e-03,4.649111e-03,1.450129e-01,4.102089e-03,2.192047e-01,1.463596e-02,1.444383e-01,7.177804e-03,8.754680e-03
1.854582e-02,1.383663e-02,4.399881e-02,1.927404e-01,8.302092e-02,8.567126e-03,4.874042e-03,4.361866e-03,1.148221e-01,5.798576e-03,2.660775e-01,1.346457e-02,2.004022e-01,1.324815e-02,1.624126e-02
2.404273e-02,1.035826e-02,3.131558e-02,1.477452e-01,6.019453e-02,6.507020e-03,3.480270e-03,3.765828e-03,8.627531e-02,1.762260e-02,3.521510e-01,1.521813e-02,2.027392e-01,2.299237e-02,1.559198e-02
1.811728e-02,7.576516e-03,2.220322e-02,1.056319e-01,4.573734e-02,4.825789e-03,2.619930e-03,3.123883e-03,6.916955e-02,1.240591e-01,3.525560e-01,1.522621e-02,1.781958e-01,3.063312e-02,2.032437e-02
1.371663e-02,5.494374e-03,1.577198e-02,7.731873e-02,3.406327e-02,3.901903e-03,1.950281e-03,2.494386e-03,5.319658e-02,2.212934e-01,3.450860e-01,1.537910e-02,1.591382e-01,3.049696e-02,2.069815e-02
1.089098e-02,4.696064e-03,1.200983e-02,5.659650e-02,2.619842e-02,3.043212e-03,1.421430e-03,3.833888e-03,6.250022e-02,2.126181e-01,2.626933e-01,2.508821e-02,2.638721e-01,2.660521e-02,2.793256e-02
9.933397e-03,3.979609e-03,9.203895e-03,4.289160e-02,2.071352e-02,2.497132e-03,1.069308e-03,4.250896e-03,8.119850e-02,2.424707e-01,2.271106e-01,2.912567e-02,2.643381e-01,2.515104e-02,3.606605e-02
9.548537e-03,3.405884e-03,6.841682e-03,3.196029e-02,1.517770e-02,2.409658e-03,8.215226e-04,3.769991e-03,7.394528e-02,2.637466e-01,2.880453e-01,3.565656e-02,2.131945e-01,2.425175e-02,2.722469e-02
1.105836e-02,3.399253e-03,5.450946e-03,2.420245e-02,1.199322e-02,2.405939e-03,6.307197e-04,3.462015e-03,6.831409e-02,2.139018e-01,3.773137e-01,4.362623e-02,1.604661e-01,5.370630e-02,2.006882e-02
9.774973e-03,3.668432e-03,4.317128e-03,1.855066e-02,9.895540e-03,2.718215e-03,4.749465e-04,2.979079e-03,6.312941e-02,1.891101e-01,4.409885e-01,4.221710e-02,1.239925e-01,7.180309e-02,1.638028e-02
8.777278e-03,3.767443e-03,3.361890e-03,1.362685e-02,7.513611e-03,3.217229e-03,3.752666e-04,2.216773e-03,5.371093e-02,1.453264e-01,4.668469e-01,3.763147e-02,8.967862e-02,1.501793e-01,1.377004e-02
9.072587e-03,4.517657e-03,3.093046e-03,1.087022e-02,5.971507e-03,3.879874e-03,3.461144e-04,1.726999e-03,4.616775e-02,1.345532e-01,5.074747e-01,4.054490e-02,6.663780e-02,1.520616e-01,1.308202e-02
1.758549e-02,9.073043e-03,1.169438e-02,1.040107e-02,1.544163e-02,4.375705e-03,1.519863e-03,7.437979e-03,5.103991e-02,1.084748e-01,5.078763e-01,3.649907e-02,5.090070e-02,1.531188e-01,1.456123e-02
1.522512e-02,8.191914e-03,8.560511e-03,8.314478e-03,1.181492e-02,4.934720e-03,1.391059e-03,5.921874e-03,4.183703e-02,1.218253e-01,5.269734e-01,4.401453e-02,3.782670e-02,1.440668e-01,1.910169e-02
1.319621e-02,1.019511e-02,6.724444e-03,6.620065e-03,1.154047e-02,4.770338e-03,1.391159e-03,5.480361e-03,5.582587e-02,1.848089e-01,4.577225e-01,5.031056e-02,2.878787e-02,1.378806e-01,2.474556e-02
1.238776e-02,8.031152e-03,4.966238e-03,5.171296e-03,9.598571e-03,3.920191e-03,1.126152e-03,4.107080e-03,4.645397e-02,2.601079e-01,4.493076e-01,5.003157e-02,2.189992e-02,1.027880e-01,2.010254e-02
1.167172e-02,6.467466e-03,3.633020e-03,4.325336e-03,8.914893e-03,3.611913e-03,8.944816e-04,3.135926e-03,4.543473e-02,2.444990e-01,5.061555e-01,5.133894e-02,1.780480e-02,7.597881e-02,1.613349e-02
1.721325e-02,1.557425e-02,4.859271e-03,7.455993e-03,1.625616e-02,8.436328e-03,2.201402e-03,1.890062e-02,8.195654e-02,2.789927e-01,4.151583e-01,4.496702e-02,1.849476e-02,5.712367e-02,1.240984e-02
3.355111e-02,2.907822e-02,1.092353e-02,8.185319e-03,2.235352e-02,1.335354e-02,4.413441e-03,2.869844e-02,7.366581e-02,3.574604e-01,3.087307e-01,3.651448e-02,1.542013e-02,4.724894e-02,1.040248e-02
4.338131e-02,4.235627e-02,1.930682e-02,1.224997e-02,2.034041e-02,1.500161e-02,5.472012e-03,4.484645e-02,7.445842e-02,3.960343e-01,2.337805e-01,3.107471e-02,1.402616e-02,3.800443e-02,9.666642e-03
5.147257e-02,4.447930e-02,4.234815e-02,1.432775e-02,1.900875e-02,1.347216e-02,5.624822e-03,4.291759e-02,6.128676e-02,4.574330e-01,1.708439e-01,2.477322e-02,1.118682e-02,3.237028e-02,8.454919e-03
6.932251e-02,7.592239e-02,7.501693e-02,2.641589e-02,2.137009e-02,1.495785e-02,5.327436e-03,6.372297e-02,5.977878e-02,3.865229e-01,1.302121e-01,2.100046e-02,8.920503e-03,3.344790e-02,8.061374e-03
7.450560e-02,1.228117e-01,6.912538e-02,2.512524e-02,2.116690e-02,1.486428e-02,4.923929e-03,7.158674e-02,7.090645e-02,3.593969e-01,9.548575e-02,1.684074e-02,6.788061e-03,3.647968e-02,9.992631e-03
1.014490e-01,1.066204e-01,6.699343e-02,2.463546e-02,3.155747e-02,1.683245e-02,6.003927e-03,9.106250e-02,8.092672e-02,3.421173e-01,7.148159e-02,1.355109e-02,5.186659e-03,3.299623e-02,8.585700e-03
9.638549e-02,8.330809e-02,8.148286e-02,3.368247e-02,3.676269e-02,1.900454e-02,7.503004e-03,1.897490e-01,7.391473e-02,2.792962e-01,5.222445e-02,1.041143e-02,3.946317e-03,2.553412e-02,6.794645e-03
8.411708e-02,6.151513e-02,7.915349e-02,3.010769e-02,3.837956e-02,1.892346e-02,9.632627e-03,3.384196e-01,5.798467e-02,2.090827e-01,3.773194e-02,7.926471e-03,3.074949e-03,1.865271e-02,5.297907e-03
8.315851e-02,4.454264e-02,7.190856e-02,2.682284e-02,3.804374e-02,1.692612e-02,9.714840e-03,4.448303e-01,4.490445e-02,1.646096e-01,2.793957e-02,6.339775e-03,2.490134e-03,1.345336e-02,4.315571e-03
8.950940e-02,3.203030e-02,5.885343e-02,2.352935e-02,3.915462e-02,1.364610e-02,8.864293e-03,5.366547e-01,3.427881e-02,1.230139e-01,2.045317e-02,4.906376e-03,2.107531e-03,9.659767e-03,3.338292e-03
1.012772e-01,2.293548e-02,4.691866e-02,2.051736e-02,4.530121e-02,1.302872e-02,7.077307e-03,5.972196e-01,2.640184e-02,8.788277e-02,1.533050e-02,4.298022e-03,2.240059e-03,6.930503e-03,2.640647e-03
9.366217e-02,1.634313e-02,3.849009e-02,1.797698e-02,4.607668e-02,1.166384e-02,5.479095e-03,6.654807e-01,1.891723e-02,6.180926e-02,1.135302e-02,3.577171e-03,2.145476e-03,4.950832e-03,2.074262e-03
1.411521e-01,1.292002e-02,3.006492e-02,1.582123e-02,4.174576e-02,1.182489e-02,3.985925e-03,6.142780e-01,1.561299e-02,4.721626e-02,3.863772e-02,8.711832e-03,8.038251e-03,7.160033e-03,2.830052e-03
1.490605e-01,1.101098e-02,2.437495e-02,1.232636e-02,3.243930e-02,1.104101e-02,2.930706e-03,5.100805e-01,2.620259e-02,6.371395e-02,9.416789e-02,1.183653e-02,1.462755e-02,2.838278e-02,7.804387e-03
1.111755e-01,8.063644e-03,1.744077e-02,1.037615e-02,2.335926e-02,8.335831e-03,2.129371e-03,3.808159e-01,7.367680e-02,5.162311e-02,1.974053e-01,1.293355e-02,1.857703e-02,7.326640e-02,1.082131e-02
7.962848e-02,7.311190e-03,1.357576e-02,1.207144e-02,1.801443e-02,6.086536e-03,1.533821e-03,2.701387e-01,2.677397e-01,4.110412e-02,1.651557e-01,1.132665e-02,1.418919e-02,8.143049e-02,1.069370e-02
5.684160e-02,7.487081e-03,1.091593e-02,1.224577e-02,1.347877e-02,4.653370e-03,1.104363e-03,1.911834e-01,3.226054e-01,3.206306e-02,1.696665e-01,1.061081e-02,1.098854e-02,1.453779e-01,1.077747e-02
4.088889e-02,1.107418e-02,9.720122e-03,1.185391e-02,1.248209e-02,3.740468e-03,7.937301e-04,1.340685e-01,2.461654e-01,2.485976e-02,2.919909e-01,8.250459e-03,1.099747e-02,1.835863e-01,9.527775e-03
3.125671e-02,1.703691e-02,2.854860e-02,1.414768e-02,4.177012e-02,3.916264e-03,6.702358e-04,9.407282e-02,2.133759e-01,2.077134e-02,2.997425e-01,6.882995e-03,1.335481e-02,2.010998e-01,1.335333e-02
3.040775e-02,1.616159e-02,2.891539e-02,1.104986e-02,5.957998e-02,3.904426e-03,5.454097e-04,6.657247e-02,2.152943e-01,1.684489e-02,2.359219e-01,5.566298e-03,1.051401e-02,2.847692e-01,1.395254e-02
3.640930e-02,2.643381e-02,3.619477e-02,1.111558e-02,4.372401e-02,6.038116e-03,5.157720e-04,4.759826e-02,2.854953e-01,1.459415e-02,1.785312e-01,4.532738e-03,8.056227e-03,2.867395e-01,1.402130e-02
5.923516e-02,2.206185e-02,3.384993e-02,9.238268e-03,3.159099e-02,1.345291e-02,4.661345e-04,3.384211e-02,2.665288e-01,1.467251e-02,1.339148e-01,3.827735e-03,6.313340e-03,3.578066e-01,1.319887e-02
5.271987e-02,1.749305e-02,2.616103e-02,7.048038e-03,2.278879e-02,1.150582e-02,4.061965e-04,2.440497e-02,2.805311e-01,1.463320e-02,1.030885e-01,3.109490e-03,4.884652e-03,4.192994e-01,1.192588e-02
5.238141e-02,1.534478e-02,2.798674e-02,5.909072e-03,2.087428e-02,1.142534e-02,4.264535e-04,2.012041e-02,2.786494e-01,2.083018e-02,7.653980e-02,2.618387e-03,4.119818e-03,4.481128e-01,1.466117e-02
6.053007e-02,1.284570e-02,2.699797e-02,5.523805e-03,2.985827e-02,1.044952e-02,6.800792e-04,2.958779e-02,2.755731e-01,2.759475e-02,5.572639e-02,2.992360e-03,4.670504e-03,4.431955e-01,1.377409e-02
8.198464e-02,1.129363e-02,1.371026e-01,1.013153e-02,3.717398e-02,9.734098e-03,9.130361e-04,3.053400e-02,2.488239e-01,2.479614e-02,4.732483e-02,3.440371e-03,5.522851e-03,3.368779e-01,1.434661e-02
8.354887e-02,1.173888e-02,1.213255e-01,1.409137e-02,5.489688e-02,1.193487e-02,7.360799e-04,3.717192e-02,3.145922e-01,2.259815e-02,3.910103e-02,3.773509e-03,5.707209e-03,2.612173e-01,1.756623e-02
8.318981e-02,2.110375e-02,1.342577e-01,1.329315e-02,5.675883e-02,1.644674e-02,6.187384e-04,3.318794e-02,2.857604e-01,2.055555e-02,3.381995e-02,3.425764e-03,5.383167e-03,2.572673e-01,3.493119e-02
8.628285e-02,2.329372e-02,1.761288e-01,3.783292e-02,5.523932e-02,1.381935e-02,6.519834e-04,2.925941e-02,2.589206e-01,2.028646e-02,3.022936e-02,3.851769e-03,5.362685e-03,1.907780e-01,6.806274e-02
6.835906e-02,1.886404e-02,2.510870e-01,1.155320e-01,4.628339e-02,1.150061e-02,5.337676e-04,2.321076e-02,2.088237e-01,1.687480e-02,2.599361e-02,4.422162e-03,5.861661e-03,1.384209e-01,6.423265e-02
5.924329e-02,1.713406e-02,3.454179e-01,9.995930e-02,4.442754e-02,9.367211e-03,5.564302e-04,7.191514e-02,1.665140e-01,1.249525e-02,1.945027e-02,3.265175e-03,4.398492e-03,1.003286e-01,4.552732e-02
4.738063e-02,1.390944e-02,2.863516e-01,7.096094e-02,3.434803e-02,6.928449e-03,5.023580e-04,2.822480e-01,1.251258e-01,9.096937e-03,1.440533e-02,2.455243e-03,3.446502e-03,7.078440e-02,3.205640e-02
3.629174e-02,9.997436e-03,2.163578e-01,4.997511e-02,2.553194e-02,5.293393e-03,4.203238e-04,4.750687e-01,8.809323e-02,6.449413e-03,1.017158e-02,1.772893e-03,2.485644e-03,4.959054e-02,2.250029e-02
2.940970e-02,7.177821e-03,1.591494e-01,3.536343e-02,1.996563e-02,4.614182e-03,4.237438e-04,6.161828e-01,6.195714e-02,4.756955e-03,7.189872e-03,1.288484e-03,1.877526e-03,3.478337e-02,1.586003e-02
2.162408e-02,5.063812e-03,1.121955e-01,2.490595e-02,1.526640e-02,3.647917e-03,3.454945e-04,7.271873e-01,4.344235e-02,3.404697e-03,5.066934e-03,9.258508e-04,1.382332e-03,2.439540e-02,1.114604e-02
1.615225e-02,3.569916e-03,7.873141e-02,1.759230e-02,1.199521e-02,2.694814e-03,2.845143e-04,8.059264e-01,3.044947e-02,2.395442e-03,3.589297e-03,6.671918e-04,1.023571e-03,1.709916e-02,7.829070e-03
1.413221e-02,2.526357e-03,5.534921e-02,1.261028e-02,9.772311e-03,1.979166e-03,2.316688e-04,8.589787e-01,2.137002e-02,1.684435e-03,2.611777e-03,4.937463e-04,7.607006e-04,1.198650e-02,5.512862e-03
1.270680e-02,1.794086e-03,3.892031e-02,9.160106e-03,7.699484e-03,1.466607e-03,1.797149e-04,8.966231e-01,1.505032e-02,1.191797e-03,1.913118e-03,3.820496e-04,5.784758e-04,8.418771e-03,3.915210e-03
1.146887e-02,1.291698e-03,2.759430e-02,6.694086e-03,6.107054e-03,1.153806e-03,1.670619e-04,9.230449e-01,1.062234e-02,8.486530e-04,1.462195e-03,3.291549e-04,4.930573e-04,5.940478e-03,2.782399e-03
1.429939e-02,1.011507e-03,1.989480e-02,4.976592e-03,4.544451e-03,1.036335e-03,1.886193e-04,9.372138e-01,7.572838e-03,6.079307e-04,1.413791e-03,3.438460e-04,5.699051e-04,4.216424e-03,2.109805e-03
2.245312e-02,7.831004e-04,1.450174e-02,4.454162e-03,3.825777e-03,8.967479e-04,2.308781e-04,9.400862e-01,5.438344e-03,4.571167e-04,1.457580e-03,3.783106e-04,5.473608e-04,2.972985e-03,1.516540e-03
2.882068e-02,6.226396e-04,1.104520e-02,4.445531e-03,3.301658e-03,7.648555e-04,3.175275e-04,9.410980e-01,3.867514e-03,3.552909e-04,1.301633e-03,3.548682e-04,4.993309e-04,2.098784e-03,1.106498e-03
2.569107e-02,4.718185e-04,8.137527e-03,3.733243e-03,2.563056e-03,6.756381e-04,4.295885e-04,9.508870e-01,2.779383e-03,2.704495e-04,1.125974e-03,3.365477e-04,5.872092e-04,1.493954e-03,8.175666e-04
2.704898e-02,3.900827e-04,6.042944e-03,3.156058e-03,2.218347e-03,6.078142e-04,4.376309e-04,9.536349e-01,2.320447e-03,2.592385e-04,1.060730e-03,4.256054e-04,6.674874e-04,1.078781e-03,6.509964e-04
3.406553e-02,3.738395e-04,4.844676e-03,3.498515e-03,2.313033e-03,5.399333e-04,4.791012e-04,9.477578e-01,2.263093e-03,2.936143e-04,1.014848e-03,5.522897e-04,6.359597e-04,7.918510e-04,5.759393e-04
4.178030e-02,8.345507e-04,3.959234e-03,3.352857e-03,2.833344e-03,8.581047e-04,4.192301e-04,8.447411e-01,8.246014e-02,2.185462e-03,6.359797e-03,1.464290e-03,2.124151e-03,2.362681e-03,4.264764e-03
3.372493e-02,7.635801e-04,2.917001e-03,7.066340e-03,2.394447e-03,7.675724e-04,3.192132e-04,6.424740e-01,2.655320e-01,3.561740e-03,1.585199e-02,2.602914e-03,8.209680e-03,5.154307e-03,8.660301e-03
2.422199e-02,5.912835e-04,2.045572e-03,5.197385e-03,1.759046e-03,5.620160e-04,2.347693e-04,4.536812e-01,4.668944e-01,2.673375e-03,1.693269e-02,2.449227e-03,9.620645e-03,4.365629e-03,8.770831e-03
1.702065e-02,4.307272e-04,1.433740e-03,3.731571e-03,1.240407e-03,4.012505e-04,1.653862e-04,3.179381e-01,6.234021e-01,1.924210e-03,1.265209e-02,1.738427e-03,7.932299e-03,3.139681e-03,6.849410e-03
1.216334e-02,3.533669e-04,1.028207e-03,2.957006e-03,9.575617e-04,3.571567e-04,1.297489e-04,2.246012e-01,6.835331e-01,1.614767e-03,1.821585e-02,1.278767e-03,1.755261e-02,2.602906e-03,3.265447e-02
8.633495e-03,2.568413e-04,7.230422e-04,2.092767e-03,8.786914e-04,2.754341e-04,1.126518e-04,1.575145e-01,5.969440e-01,1.448153e-03,1.697580e-02,9.580099e-04,3.211128e-02,2.392581e-03,1.786827e-01
6.236176e-03,2.069587e-04,5.189654e-04,1.491716e-03,1.038104e-03,2.129384e-04,9.967450e-05,1.105386e-01,5.964383e-01,2.650957e-03,1.428762e-02,7.704680e-04,3.309603e-02,2.846537e-03,2.295669e-01
4.518922e-03,2.032805e-04,4.258886e-04,1.093791e-03,2.210056e-03,1.845623e-04,1.278903e-04,7.754377e-02,5.755008e-01,2.943865e-03,1.367926e-02,1.422330e-03,5.837136e-02,3.383513e-03,2.583907e-01
3.318627e-03,1.945989e-04,3.461576e-04,8.157299e-04,1.951622e-03,1.993585e-04,1.216717e-04,5.446938e-02,4.347191e-01,2.502813e-03,2.031617e-02,2.233016e-03,9.279470e-02,4.024899e-03,3.819921e-01
2.383529e-03,4.327540e-04,1.149402e-03,6.378312e-04,4.498350e-03,1.780132e-04,1.321287e-04,3.825573e-02,3.109953e-01,2.440965e-03,7.512287e-02,4.145860e-03,1.821266e-01,1.584476e-02,3.616560e-01
1.713201e-03,6.658743e-04,2.258808e-03,5.141716e-04,6.368050e-03,2.085636e-04,1.487284e-04,2.724943e-02,2.252007e-01,2.361773e-03,5.719735e-02,3.297536e-03,1.381038e-01,2.531533e-02,5.093968e-01
1.367772e-03,8.600597e-04,7.170936e-03,8.781024e-04,1.704713e-02,4.324978e-04,3.755929e-04,2.299694e-02,1.754080e-01,4.382797e-03,5.169606e-02,3.688564e-03,1.228178e-01,5.331806e-02,5.375596e-01
2.705349e-03,2.016743e-03,5.514416e-02,3.634803e-03,2.433274e-02,1.387647e-03,1.280684e-03,2.699402e-02,2.839490e-01,5.840148e-03,4.330907e-02,3.857566e-03,9.026925e-02,5.518920e-02,4.000896e-01
3.815872e-03,7.347336e-03,1.062314e-01,1.802047e-02,2.808482e-02,2.885237e-03,1.060273e-03,3.675602e-02,2.474312e-01,8.094333e-03,3.850813e-02,3.387468e-03,6.800786e-02,5.370711e-02,3.766624e-01
3.934991e-03,1.061809e-02,1.078767e-01,1.948632e-02,3.190640e-02,3.697942e-03,1.004344e-03,7.817677e-02,3.049273e-01,6.577921e-03,3.539088e-02,3.003679e-03,5.212705e-02,4.841870e-02,2.928528e-01
4.751959e-03,1.163591e-02,1.064006e-01,2.262714e-02,3.466707e-02,3.526185e-03,8.929239e-04,1.803247e-01,2.993226e-01,5.190575e-03,3.441641e-02,2.746157e-03,4.060508e-02,3.673125e-02,2.161614e-01
1.263999e-02,1.833196e-02,1.072566e-01,3.727306e-02,6.410646e-02,8.489355e-03,1.078445e-03,1.958953e-01,2.833243e-01,4.918979e-03,3.306911e-02,2.460355e-03,3.150933e-02,3.025106e-02,1.693957e-01
1.488048e-02,2.034909e-02,9.754237e-02,1.117894e-01,1.486608e-01,4.172124e-02,1.738072e-03,1.544835e-01,2.123484e-01,4.577016e-03,2.432042e-02,1.836014e-03,2.242823e-02,2.157098e-02,1.217539e-01
2.296994e-02,2.077002e-02,1.289203e-01,1.628174e-01,1.357807e-01,5.381308e-02,1.642287e-03,1.174070e-01,1.951692e-01,5.595523e-03,2.230605e-02,1.944292e-03,1.753636e-02,1.748689e-02,9.584095e-02
2.498634e-02,1.955552e-02,2.662866e-01,1.626542e-01,1.169690e-01,4.425458e-02,1.541220e-03,8.966745e-02,1.503995e-01,4.476875e-03,1.899870e-02,3.467467e-03,1.374429e-02,1.275232e-02,7.024601e-02
3.385895e-02,1.548682e-02,2.801887e-01,1.673796e-01,1.395524e-01,3.877325e-02,1.131793e-02,1.105594e-01,1.103901e-01,4.340079e-03,1.474629e-02,3.087914e-03,1.004496e-02,9.144352e-03,5.112921e-02
4.051754e-02,1.147008e-02,2.132058e-01,1.225746e-01,2.165471e-01,4.622186e-02,4.261125e-02,1.553537e-01,7.879121e-02,3.507396e-03,1.140177e-02,2.358315e-03,7.585349e-03,6.483615e-03,4.137052e-02
4.864904e-02,1.157081e-02,1.523164e-01,8.883344e-02,1.952476e-01,3.409090e-02,3.718581e-02,3.052307e-01,5.630777e-02,3.626410e-03,1.670800e-02,2.292010e-03,8.842977e-03,4.922345e-03,3.417582e-02
4.569635e-02,9.161918e-03,1.085120e-01,6.306392e-02,1.513950e-01,2.475421e-02,2.682309e-02,4.792691e-01,3.961217e-02,2.740234e-03,1.295998e-02,1.737315e-03,6.563982e-03,3.497809e-03,2.421289e-02
3.699541e-02,6.561762e-03,7.667067e-02,4.466078e-02,1.151532e-01,1.858831e-02,2.175964e-02,6.124255e-01,2.798192e-02,2.030091e-03,1.086792e-02,1.462835e-03,5.155276e-03,2.478640e-03,1.720813e-02
3.121587e-02,4.699142e-03,5.389500e-02,3.170101e-02,9.920160e-02,1.483079e-02,1.719536e-02,6.966139e-01,2.002540e-02,1.508847e-03,8.921851e-03,1.893410e-03,4.327036e-03,1.766563e-03,1.220427e-02
3.131861e-02,3.624603e-03,3.840254e-02,2.843067e-02,7.285603e-02,1.414000e-02,1.261128e-02,7.447453e-01,1.669898e-02,1.665017e-03,1.329164e-02,6.268337e-03,5.526991e-03,1.350083e-03,9.069927e-03
3.006826e-02,3.293979e-03,2.903905e-02,2.208914e-02,5.397503e-02,1.122665e-02,9.301593e-03,7.853980e-01,1.573395e-02,2.078543e-03,1.816352e-02,5.560797e-03,4.855005e-03,1.218180e-03,7.998340e-03
3.140685e-02,2.872878e-03,2.113308e-02,1.917590e-02,4.195700e-02,8.827154e-03,6.957812e-03,8.059847e-01,1.746753e-02,2.733748e-03,2.091089e-02,6.187172e-03,6.091256e-03,1.621706e-03,6.672364e-03
4.301915e-02,4.187143e-03,1.578963e-02,2.951131e-02,3.866419e-02,7.336015e-03,5.272191e-03,7.122966e-01,3.274076e-02,8.274445e-03,4.860583e-02,1.879661e-02,2.517858e-02,3.947594e-03,6.379971e-03
3.224409e-02,3.951442e-03,1.156969e-02,2.386818e-02,2.867314e-02,5.491152e-03,3.866040e-03,5.581477e-01,9.368260e-02,8.996260e-03,1.024276e-01,2.275956e-02,8.401079e-02,8.688834e-03,1.162285e-02
2.450995e-02,3.392027e-03,8.439171e-03,2.046805e-02,2.093682e-02,4.408708e-03,2.798989e-03,4.386176e-01,1.616294e-01,7.820037e-03,1.621126e-01,2.056816e-02,8.470161e-02,1.217588e-02,2.742094e-02
2.039941e-02,3.536532e-03,7.301260e-03,2.121580e-02,1.558819e-02,3.586784e-03,2.172219e-03,3.146605e-01,2.055466e-01,1.019067e-02,1.650447e-01,1.574396e-02,7.521911e-02,1.118873e-02,1.286055e-01
1.564410e-02,2.738743e-03,5.449201e-03,1.799824e-02,1.162431e-02,3.020352e-03,1.695469e-03,2.219086e-01,2.025919e-01,1.015620e-02,1.995576e-01,1.217671e-02,8.698349e-02,1.063181e-02,1.978233e-01
1.238755e-02,2.606237e-03,5.429964e-03,1.804843e-02,1.210270e-02,2.481516e-03,1.684353e-03,1.631034e-01,2.001526e-01,1.013826e-02,2.353146e-01,1.062050e-02,1.199465e-01,1.189057e-02,1.940928e-01
9.214792e-03,2.071102e-03,5.654667e-03,1.875372e-02,1.216304e-02,2.876817e-03,1.494295e-03,1.149299e-01,1.821590e-01,9.128651e-03,2.267489e-01,1.288589e-02,1.648887e-01,1.045468e-02,2.265759e-01
7.243681e-03,1.790312e-03,6.127154e-03,1.528226e-02,2.585288e-02,2.626852e-03,1.726566e-03,8.130203e-02,1.365856e-01,7.223917e-03,1.855842e-01,1.622368e-02,2.015695e-01,8.896818e-03,3.019646e-01
6.002268e-03,2.365769e-03,7.402683e-03,1.585889e-02,3.554088e-02,2.503119e-03,1.862386e-03,6.030881e-02,1.223348e-01,6.364790e-03,1.358300e-01,1.383386e-02,1.933350e-01,7.258775e-03,3.891979e-01
4.492861e-03,2.287233e-03,5.971001e-03,1.330416e-02,2.842365e-02,2.386370e-03,1.661638e-03,4.327939e-02,9.176277e-02,5.065436e-03,1.015939e-01,1.157788e-02,1.807037e-01,5.866660e-03,5.016233e-01
4.220247e-03,2.474386e-03,6.097820e-03,1.118361e-02,5.868664e-02,1.962303e-03,3.771135e-03,3.461276e-02,1.058628e-01,4.069122e-03,7.863528e-02,1.005252e-02,1.694178e-01,4.406678e-03,5.045469e-01
4.072693e-03,1.258932e-02,1.473630e-02,1.856486e-02,5.472221e-02,3.592698e-03,3.917107e-03,3.462655e-02,1.715799e-01,3.242548e-03,5.718871e-02,7.977436e-03,1.403936e-01,3.437295e-03,4.693588e-01
3.846138e-03,2.294001e-02,1.739875e-02,1.825612e-02,4.468298e-02,3.736982e-03,3.029318e-03,3.175383e-02,2.247375e-01,2.842964e-03,4.127987e-02,6.115941e-03,1.137420e-01,2.735430e-03,4.629022e-01
7.965447e-03,5.206545e-02,3.428235e-02,1.445278e-02,4.249088e-02,6.916239e-03,2.712599e-03,3.513414e-02,2.272838e-01,3.263973e-03,3.066466e-02,5.956993e-03,1.011412e-01,2.838759e-03,4.328307e-01
8.971560e-03,5.841996e-02,4.335325e-02,1.220267e-02,3.907820e-02,1.933265e-02,2.839299e-03,3.943545e-02,2.298272e-01,3.495880e-03,2.300511e-02,5.991993e-03,1.005404e-01,4.236639e-03,4.092698e-01
1.195240e-02,5.936104e-02,5.351799e-02,2.625623e-02,3.032929e-02,1.630816e-02,2.157501e-03,2.898131e-02,3.561197e-01,4.410203e-03,1.993641e-02,5.575030e-03,7.617608e-02,4.777697e-03,3.041410e-01
7.847101e-02,4.826215e-02,5.815591e-02,2.489349e-02,2.909588e-02,1.915736e-02,2.905213e-03,3.577667e-02,2.916397e-01,5.107706e-03,4.046182e-02,1.215974e-02,1.100398e-01,1.857715e-02,2.252964e-01
8.772589e-02,3.796447e-02,4.928198e-02,2.055297e-02,4.957148e-02,2.249195e-02,4.869166e-03,6.663371e-02,2.474760e-01,4.513827e-03,8.308741e-02,1.340022e-02,1.245122e-01,2.063167e-02,1.672871e-01
1.809751e-01,3.475754e-02,4.205528e-02,2.912835e-02,5.514079e-02,2.372524e-02,4.667263e-03,5.295042e-02,2.140117e-01,4.198232e-03,7.006924e-02,1.861877e-02,1.197625e-01,1.816349e-02,1.317762e-01
1.875259e-01,3.417966e-02,3.149494e-02,2.419435e-02,5.886448e-02,2.567649e-02,5.306108e-03,4.285600e-02,2.024726e-01,3.115747e-03,6.093741e-02,2.051328e-02,1.866309e-01,1.532745e-02,1.009047e-01
