1.000000e+00,0.000000e+00,0.000000e+00,0.000000e+00,0.000000e+00,0.000000e+00,0.000000e+00,0.000000e+00,0.000000e+00,0.000000e+00,0.000000e+00,0.000000e+00,0.000000e+00,0.000000e+00,0.000000e+00
1.000000e+00,0.000000e+00,0.000000e+00,0.000000e+00,0.000000e+00,0.000000e+00,0.000000e+00,0.000000e+00,0.000000e+00,0.000000e+00,0.000000e+00,0.000000e+00,0.000000e+00,0.000000e+00,0.000000e+00
1.000000e+00,0.000000e+00,0.000000e+00,0.000000e+00,0.000000e+00,0.000000e+00,0.000000e+00,0.000000e+00,0.000000e+00,0.000000e+00,0.000000e+00,0.000000e+00,0.000000e+00,0.000000e+00,0.000000e+00
1.000000e+00,0.000000e+00,0.000000e+00,0.000000e+00,0.000000e+00,0.000000e+00,0.000000e+00,0.000000e+00,0.000000e+00,0.000000e+00,0.000000e+00,0.000000e+00,0.000000e+00,0.000000e+00,0.000000e+00
1.000000e+00,0.000000e+00,0.000000e+00,0.000000e+00,0.000000e+00,0.000000e+00,0.000000e+00,0.000000e+00,0.000000e+00,0.000000e+00,0.000000e+00,0.000000e+00,0.000000e+00,0.000000e+00,0.000000e+00
1.000000e+00,0.000000e+00,0.000000e+00,0.000000e+00,0.000000e+00,0.000000e+00,0.000000e+00,0.000000e+00,0.000000e+00,0.000000e+00,0.000000e+00,0.000000e+00,0.000000e+00,0.000000e+00,0.000000e+00
1.000000e+00,0.000000e+00,0.000000e+00,0.000000e+00,0.000000e+00,0.000000e+00,0.000000e+00,0.000000e+00,0.000000e+00,0.000000e+00,0.000000e+00,0.000000e+00,0.000000e+00,0.000000e+00,0.000000e+00
1.000000e+00,0.000000e+00,0.000000e+00,0.000000e+00,0.000000e+00,0.000000e+00,0.000000e+00,0.000000e+00,0.000000e+00,0.000000e+00,0.000000e+00,0.000000e+00,0.000000e+00,0.000000e+00,0.000000e+00
1.000000e+00,0.000000e+00,0.000000e+00,0.000000e+00,0.000000e+00,0.000000e+00,0.000000e+00,0.000000e+00,0.000000e+00,0.000000e+00,0.000000e+00,0.000000e+00,0.000000e+00,0.000000e+00,0.000000e+00
1.000000e+00,0.000000e+00,0.000000e+00,0.000000e+00,0.000000e+00,0.000000e+00,0.000000e+00,0.000000e+00,0.000000e+00,0.000000e+00,0.000000e+00,0.000000e+00,0.000000e+00,0.000000e+00,0.000000e+00
1.000000e+00,0.000000e+00,0.000000e+00,0.000000e+00,0.000000e+00,0.000000e+00,0.000000e+00,0.000000e+00,0.000000e+00,0.000000e+00,0.000000e+00,0.000000e+00,0.000000e+00,0.000000e+00,0.000000e+00
1.000000e+00,0.000000e+00,0.000000e+00,0.000000e+00,0.000000e+00,0.000000e+00,0.000000e+00,0.000000e+00,0.000000e+00,0.000000e+00,0.000000e+00,0.000000e+00,0.000000e+00,0.000000e+00,0.000000e+00
1.000000e+00,0.000000e+00,0.000000e+00,0.000000e+00,0.000000e+00,0.000000e+00,0.000000e+00,0.000000e+00,0.000000e+00,0.000000e+00,0.000000e+00,0.000000e+00,0.000000e+00,0.000000e+00,0.000000e+00
1.000000e+00,0.000000e+00,0.000000e+00,0.000000e+00,0.000000e+00,0.000000e+00,0.000000e+00,0.000000e+00,0.000000e+00,0.000000e+00,0.000000e+00,0.000000e+00,0.000000e+00,0.000000e+00,0.000000e+00
1.000000e+00,0.000000e+00,0.000000e+00,0.000000e+00,0.000000e+00,0.000000e+00,0.000000e+00,0.000000e+00,0.000000e+00,0.000000e+00,0.000000e+00,0.000000e+00,0.000000e+00,0.000000e+00,0.000000e+00
1.000000e+00,0.000000e+00,0.000000e+00,0.000000e+00,0.000000e+00,0.000000e+00,0.000000e+00,0.000000e+00,0.000000e+00,0.000000e+00,0.000000e+00,0.000000e+00,0.000000e+00,0.000000e+00,0.000000e+00
1.000000e+00,0.000000e+00,0.000000e+00,0.000000e+00,0.000000e+00,0.000000e+00,0.000000e+00,0.000000e+00,0.000000e+00,0.000000e+00,0.000000e+00,0.000000e+00,0.000000e+00,0.000000e+00,0.000000e+00
1.000000e+00,0.000000e+00,0.000000e+00,0.000000e+00,0.000000e+00,0.000000e+00,0.000000e+00,0.000000e+00,0.000000e+00,0.000000e+00,0.000000e+00,0.000000e+00,0.000000e+00,0.000000e+00,0.000000e+00
1.000000e+00,0.000000e+00,0.000000e+00,0.000000e+00,0.000000e+00,0.000000e+00,0.000000e+00,0.000000e+00,0.000000e+00,0.000000e+00,0.000000e+00,0.000000e+00,0.000000e+00,0.000000e+00,0.000000e+00
1.000000e+00,0.000000e+00,0.000000e+00,0.000000e+00,0.000000e+00,0.000000e+00,0.000000e+00,0.000000e+00,0.000000e+00,0.000000e+00,0.000000e+00,0.000000e+00,0.000000e+00,0.000000e+00,0.000000e+00
1.000000e+00,0.000000e+00,0.000000e+00,0.000000e+00,0.000000e+00,0.000000e+00,0.000000e+00,0.000000e+00,0.000000e+00,0.000000e+00,0.000000e+00,0.000000e+00,0.000000e+00,0.000000e+00,0.000000e+00
1.000000e+00,0.000000e+00,0.000000e+00,0.000000e+00,0.000000e+00,0.000000e+00,0.000000e+00,0.000000e+00,0.000000e+00,0.000000e+00,0.000000e+00,0.000000e+00,0.000000e+00,0.000000e+00,0.000000e+00
1.000000e+00,0.000000e+00,0.000000e+00,0.000000e+00,0.000000e+00,0.000000e+00,0.000000e+00,0.000000e+00,0.000000e+00,0.000000e+00,0.000000e+00,0.000000e+00,0.000000e+00,0.000000e+00,0.000000e+00
1.000000e+00,0.000000e+00,0.000000e+00,0.000000e+00,0.000000e+00,0.000000e+00,0.000000e+00,0.000000e+00,0.000000e+00,0.000000e+00,0.000000e+00,0.000000e+00,0.000000e+00,0.000000e+00,0.000000e+00
1.000000e+00,0.000000e+00,0.000000e+00,0.000000e+00,0.000000e+00,0.000000e+00,0.000000e+00,0.000000e+00,0.000000e+00,0.000000e+00,0.000000e+00,0.000000e+00,0.000000e+00,0.000000e+00,0.000000e+00
1.000000e+00,0.000000e+00,0.000000e+00,0.000000e+00,0.000000e+00,0.000000e+00,0.000000e+00,0.000000e+00,0.000000e+00,0.000000e+00,0.000000e+00,0.000000e+00,0.000000e+00,0.000000e+00,0.000000e+00
1.000000e+00,0.000000e+00,0.000000e+00,0.000000e+00,0.000000e+00,0.000000e+00,0.000000e+00,0.000000e+00,0.000000e+00,0.000000e+00,0.000000e+00,0.000000e+00,0.000000e+00,0.000000e+00,0.000000e+00
1.000000e+00,0.000000e+00,0.000000e+00,0.000000e+00,0.000000e+00,0.000000e+00,0.000000e+00,0.000000e+00,0.000000e+00,0.000000e+00,0.000000e+00,0.000000e+00,0.000000e+00,0.000000e+00,0.000000e+00
1.000000e+00,0.000000e+00,0.000000e+00,0.000000e+00,0.000000e+00,0.000000e+00,0.000000e+00,0.000000e+00,0.000000e+00,0.000000e+00,0.000000e+00,0.000000e+00,0.000000e+00,0.000000e+00,0.000000e+00
1.000000e+00,0.000000e+00,0.000000e+00,0.000000e+00,0.000000e+00,0.000000e+00,0.000000e+00,0.000000e+00,0.000000e+00,0.000000e+00,0.000000e+00,0.000000e+00,0.000000e+00,0.000000e+00,0.000000e+00
1.000000e+00,0.000000e+00,0.000000e+00,0.000000e+00,0.000000e+00,0.000000e+00,0.000000e+00,0.000000e+00,0.000000e+00,0.000000e+00,0.000000e+00,0.000000e+00,0.000000e+00,0.000000e+00,0.000000e+00
1.000000e+00,0.000000e+00,0.000000e+00,0.000000e+00,0.000000e+00,0.000000e+00,0.000000e+00,0.000000e+00,0.000000e+00,0.000000e+00,0.000000e+00,0.000000e+00,0.000000e+00,0.000000e+00,0.000000e+00
1.000000e+00,0.000000e+00,0.000000e+00,0.000000e+00,0.000000e+00,0.000000e+00,0.000000e+00,0.000000e+00,0.000000e+00,0.000000e+00,0.000000e+00,0.000000e+00,0.000000e+00,0.000000e+00,0.000000e+00
1.000000e+00,0.000000e+00,0.000000e+00,0.000000e+00,0.000000e+00,0.000000e+00,0.000000e+00,0.000000e+00,0.000000e+00,0.000000e+00,0.000000e+00,0.000000e+00,0.000000e+00,0.000000e+00,0.000000e+00
1.000000e+00,0.000000e+00,0.000000e+00,0.000000e+00,0.000000e+00,0.000000e+00,0.000000e+00,0.000000e+00,0.000000e+00,0.000000e+00,0.000000e+00,0.000000e+00,0.000000e+00,0.000000e+00,0.000000e+00
1.000000e+00,0.000000e+00,0.000000e+00,0.000000e+00,0.000000e+00,0.000000e+00,0.000000e+00,0.000000e+00,0.000000e+00,0.000000e+00,0.000000e+00,0.000000e+00,0.000000e+00,0.000000e+00,0.000000e+00
1.000000e+00,0.000000e+00,0.000000e+00,0.000000e+00,0.000000e+00,0.000000e+00,0.000000e+00,0.000000e+00,0.000000e+00,0.000000e+00,0.000000e+00,0.000000e+00,0.000000e+00,0.000000e+00,0.000000e+00
1.000000e+00,0.000000e+00,0.000000e+00,0.000000e+00,0.000000e+00,0.000000e+00,0.000000e+00,0.000000e+00,0.000000e+00,0.000000e+00,0.000000e+00,0.000000e+00,0.000000e+00,0.000000e+00,0.000000e+00
1.000000e+00,0.000000e+00,0.000000e+00,0.000000e+00,0.000000e+00,0.000000e+00,0.000000e+00,0.000000e+00,0.000000e+00,0.000000e+00,0.000000e+00,0.000000e+00,0.000000e+00,0.000000e+00,0.000000e+00
1.000000e+00,0.000000e+00,0.000000e+00,0.000000e+00,0.000000e+00,0.000000e+00,0.000000e+00,0.000000e+00,0.000000e+00,0.000000e+00,0.000000e+00,0.000000e+00,0.000000e+00,0.000000e+00,0.000000e+00
1.000000e+00,0.000000e+00,0.000000e+00,0.000000e+00,0.000000e+00,0.000000e+00,0.000000e+00,0.000000e+00,0.000000e+00,0.000000e+00,0.000000e+00,0.000000e+00,0.000000e+00,0.000000e+00,0.000000e+00
1.000000e+00,0.000000e+00,0.000000e+00,0.000000e+00,0.000000e+00,0.000000e+00,0.000000e+00,0.000000e+00,0.000000e+00,0.000000e+00,0.000000e+00,0.000000e+00,0.000000e+00,0.000000e+00,0.000000e+00
1.000000e+00,0.000000e+00,0.000000e+00,0.000000e+00,0.000000e+00,0.000000e+00,0.000000e+00,0.000000e+00,0.000000e+00,0.000000e+00,0.000000e+00,0.000000e+00,0.000000e+00,0.000000e+00,0.000000e+00
1.000000e+00,0.000000e+00,0.000000e+00,0.000000e+00,0.000000e+00,0.000000e+00,0.000000e+00,0.000000e+00,0.000000e+00,0.000000e+00,0.000000e+00,0.000000e+00,0.000000e+00,0.000000e+00,0.000000e+00
1.000000e+00,0.000000e+00,0.000000e+00,0.000000e+00,0.000000e+00,0.000000e+00,0.000000e+00,0.000000e+00,0.000000e+00,0.000000e+00,0.000000e+00,0.000000e+00,0.000000e+00,0.000000e+00,0.000000e+00
1.000000e+00,0.000000e+00,0.000000e+00,0.000000e+00,0.000000e+00,0.000000e+00,0.000000e+00,0.000000e+00,0.000000e+00,0.000000e+00,0.000000e+00,0.000000e+00,0.000000e+00,0.000000e+00,0.000000e+00
1.000000e+00,0.000000e+00,0.000000e+00,0.000000e+00,0.000000e+00,0.000000e+00,0.000000e+00,0.000000e+00,0.000000e+00,0.000000e+00,0.000000e+00,0.000000e+00,0.000000e+00,0.000000e+00,0.000000e+00
1.000000e+00,0.000000e+00,0.000000e+00,0.000000e+00,0.000000e+00,0.000000e+00,0.000000e+00,0.000000e+00,0.000000e+00,0.000000e+00,0.000000e+00,0.000000e+00,0.000000e+00,0.000000e+00,0.000000e+00
1.000000e+00,0.000000e+00,0.000000e+00,0.000000e+00,0.000000e+00,0.000000e+00,0.000000e+00,0.000000e+00,0.000000e+00,0.000000e+00,0.000000e+00,0.000000e+00,0.000000e+00,0.000000e+00,0.000000e+00
1.000000e+00,0.000000e+00,0.000000e+00,0.000000e+00,0.000000e+00,0.000000e+00,0.000000e+00,0.000000e+00,0.000000e+00,0.000000e+00,0.000000e+00,0.000000e+00,0.000000e+00,0.000000e+00,0.000000e+00
1.000000e+00,0.000000e+00,0.000000e+00,0.000000e+00,0.000000e+00,0.000000e+00,0.000000e+00,0.000000e+00,0.000000e+00,0.000000e+00,0.000000e+00,0.000000e+00,0.000000e+00,0.000000e+00,0.000000e+00
1.000000e+00,0.000000e+00,0.000000e+00,0.000000e+00,0.000000e+00,0.000000e+00,0.000000e+00,0.000000e+00,0.000000e+00,0.000000e+00,0.000000e+00,0.000000e+00,0.000000e+00,0.000000e+00,0.000000e+00
1.000000e+00,0.000000e+00,0.000000e+00,0.000000e+00,0.000000e+00,0.000000e+00,0.000000e+00,0.000000e+00,0.000000e+00,0.000000e+00,0.000000e+00,0.000000e+00,0.000000e+00,0.000000e+00,0.000000e+00
1.000000e+00,0.000000e+00,0.000000e+00,0.000000e+00,0.000000e+00,0.000000e+00,0.000000e+00,0.000000e+00,0.000000e+00,0.000000e+00,0.000000e+00,0.000000e+00,0.000000e+00,0.000000e+00,0.000000e+00
1.000000e+00,0.000000e+00,0.000000e+00,0.000000e+00,0.000000e+00,0.000000e+00,0.000000e+00,0.000000e+00,0.000000e+00,0.000000e+00,0.000000e+00,0.000000e+00,0.000000e+00,0.000000e+00,0.000000e+00
1.000000e+00,0.000000e+00,0.000000e+00,0.000000e+00,0.000000e+00,0.000000e+00,0.000000e+00,0.000000e+00,0.000000e+00,0.000000e+00,0.000000e+00,0.000000e+00,0.000000e+00,0.000000e+00,0.000000e+00
1.000000e+00,0.000000e+00,0.000000e+00,0.000000e+00,0.000000e+00,0.000000e+00,0.000000e+00,0.000000e+00,0.000000e+00,0.000000e+00,0.000000e+00,0.000000e+00,0.000000e+00,0.000000e+00,0.000000e+00
1.000000e+00,0.000000e+00,0.000000e+00,0.000000e+00,0.000000e+00,0.000000e+00,0.000000e+00,0.000000e+00,0.000000e+00,0.000000e+00,0.000000e+00,0.000000e+00,0.000000e+00,0.000000e+00,0.000000e+00
1.000000e+00,0.000000e+00,0.000000e+00,0.000000e+00,0.000000e+00,0.000000e+00,0.000000e+00,0.000000e+00,0.000000e+00,0.000000e+00,0.000000e+00,0.000000e+00,0.000000e+00,0.000000e+00,0.000000e+00
1.000000e+00,0.000000e+00,0.000000e+00,0.000000e+00,0.000000e+00,0.000000e+00,0.000000e+00,0.000000e+00,0.000000e+00,0.000000e+00,0.000000e+00,0.000000e+00,0.000000e+00,0.000000e+00,0.000000e+00
3.654256e-01,7.864360e-03,8.519267e-02,5.693629e-02,5.487045e-03,9.609140e-03,2.822648e-03,4.352125e-01,2.424857e-03,1.121007e-03,3.987425e-03,7.370483e-03,6.866568e-03,1.902373e-03,7.777070e-03
2.566391e-01,5.555148e-03,6.114794e-02,4.078976e-02,4.115056e-03,6.939948e-03,2.163237e-03,6.003710e-01,1.706895e-03,7.949491e-04,2.850218e-03,5.188669e-03,4.885886e-03,1.362139e-03,5.490052e-03
1.805979e-01,3.943565e-03,4.315162e-02,2.890036e-02,3.143718e-03,5.194301e-03,1.749277e-03,7.173448e-01,1.207710e-03,5.717459e-04,2.105453e-03,3.670471e-03,3.532323e-03,1.009726e-03,3.877041e-03
1.287018e-01,2.822218e-03,3.041853e-02,2.044743e-02,2.482197e-03,4.094307e-03,1.613637e-03,7.963857e-01,9.013902e-04,4.505236e-04,2.130339e-03,2.740173e-03,2.976815e-03,1.039895e-03,2.795024e-03
9.196642e-02,2.009422e-03,2.130952e-02,1.485655e-02,2.390637e-03,2.966053e-03,1.216485e-03,6.920624e-01,8.184956e-04,2.924646e-03,6.337500e-02,2.861138e-02,3.795076e-02,3.544170e-02,2.100520e-03
6.442602e-02,1.418596e-03,1.492158e-02,1.180734e-02,1.734846e-03,2.100439e-03,8.607304e-04,4.913720e-01,6.661335e-04,8.680904e-03,1.075459e-01,1.333083e-01,5.203592e-02,1.072157e-01,1.905575e-03
4.513610e-02,1.017061e-03,1.048525e-02,8.718329e-03,1.283757e-03,1.483884e-03,6.144411e-04,3.453592e-01,6.020688e-04,4.123697e-02,1.044436e-01,1.278691e-01,4.770680e-02,2.622824e-01,1.760967e-03
3.161314e-02,7.310092e-04,7.387936e-03,6.438759e-03,1.224578e-03,1.053511e-03,4.924867e-04,2.424734e-01,7.885859e-04,4.961946e-02,1.577747e-01,1.679477e-01,3.926074e-02,2.918018e-01,1.392157e-03
2.214165e-02,5.572779e-04,5.273929e-03,5.051972e-03,1.401793e-03,7.748342e-04,3.940834e-04,1.700149e-01,8.532529e-04,5.610549e-02,2.097575e-01,2.213859e-01,3.257617e-02,2.722278e-01,1.483438e-03
1.557001e-02,5.933336e-04,3.978889e-03,4.036564e-03,3.368358e-03,8.555418e-03,6.450274e-04,1.193608e-01,1.321611e-03,6.062393e-02,2.456542e-01,2.830227e-01,3.712254e-02,2.028688e-01,1.327783e-02
1.109557e-02,1.110900e-03,4.277321e-03,1.330029e-02,8.915395e-03,1.837848e-02,9.641198e-04,8.378096e-02,3.173998e-03,4.780195e-02,2.950168e-01,3.209727e-01,3.246919e-02,1.469227e-01,1.181973e-02
7.930504e-03,8.646371e-04,3.150136e-03,1.207435e-02,8.652696e-03,2.209006e-02,7.578637e-04,5.874491e-02,2.743785e-03,3.547990e-02,2.570072e-01,4.530038e-01,2.517560e-02,1.039333e-01,8.391276e-03
5.591727e-03,6.243832e-04,2.268255e-03,8.772067e-03,1.489112e-02,1.902625e-02,5.525320e-04,4.123398e-02,2.264784e-03,2.584904e-02,2.119106e-01,5.674698e-01,2.013637e-02,7.350212e-02,5.906959e-03
3.929937e-03,4.857753e-04,2.228205e-03,6.422821e-03,2.016737e-02,1.416625e-02,4.103482e-04,2.904355e-02,2.290539e-03,1.865142e-02,1.644725e-01,6.660081e-01,1.555073e-02,5.200131e-02,4.171199e-03
2.813823e-03,4.778752e-04,2.178674e-03,4.728211e-03,1.869823e-02,1.397767e-02,3.202991e-04,2.048448e-02,1.898018e-03,1.360837e-02,1.232116e-01,7.456543e-01,1.194365e-02,3.704550e-02,2.959271e-03
1.977248e-03,3.712544e-04,2.007992e-03,3.343437e-03,4.734108e-02,9.828680e-03,3.167623e-04,1.454710e-02,2.610127e-03,9.761720e-03,8.735272e-02,7.831838e-01,8.998813e-03,2.628208e-02,2.077265e-03
1.388298e-03,2.698192e-04,1.524583e-03,2.350358e-03,5.822812e-02,6.893557e-03,2.896113e-04,1.024230e-02,2.241621e-03,7.294946e-03,6.207765e-02,8.200343e-01,6.946114e-03,1.874057e-02,1.478258e-03
9.889898e-04,2.113237e-04,1.233485e-03,1.656871e-03,9.011678e-02,4.859566e-03,2.712900e-04,7.327720e-03,3.127241e-03,6.950353e-03,4.490894e-02,8.179945e-01,5.643655e-03,1.364790e-02,1.061469e-03
7.726708e-04,1.751081e-04,1.097151e-03,1.204090e-03,1.140859e-01,3.527112e-03,3.012498e-04,5.501044e-03,4.339546e-03,1.835599e-02,3.584073e-02,7.974047e-01,5.611717e-03,1.098067e-02,8.023104e-04
8.714810e-04,2.455762e-04,1.459279e-03,8.871117e-04,2.389364e-01,2.995363e-03,4.444584e-04,4.437178e-03,1.524896e-02,2.330521e-02,2.859399e-02,6.675571e-01,5.781490e-03,8.588031e-03,6.484016e-04
9.622722e-04,2.842678e-04,1.459675e-03,7.151790e-04,3.069247e-01,2.639054e-03,7.799424e-04,5.221841e-03,2.402752e-02,2.247562e-02,3.155497e-02,5.886926e-01,7.174933e-03,6.539436e-03,5.480563e-04
1.401234e-03,4.538864e-04,2.012351e-03,5.758184e-04,3.982354e-01,2.892236e-03,1.579925e-03,6.062536e-03,4.598875e-02,2.128683e-02,3.424837e-02,4.699762e-01,9.641280e-03,5.168200e-03,4.769556e-04
2.357460e-03,2.959801e-03,6.813063e-03,8.968464e-04,3.221250e-01,2.381034e-03,1.247454e-03,2.295820e-02,1.149470e-01,2.634916e-02,3.911653e-02,4.363484e-01,1.631168e-02,4.752556e-03,4.358719e-04
2.354639e-03,4.889491e-03,6.806463e-03,2.290139e-03,2.417592e-01,2.081085e-03,9.713669e-04,2.729212e-02,2.682038e-01,2.860638e-02,3.721429e-02,3.536108e-01,1.921512e-02,4.123009e-03,5.821051e-04
4.071698e-03,4.034311e-03,8.693079e-03,4.001931e-03,3.326795e-01,2.062954e-03,1.002069e-03,2.451367e-02,2.951530e-01,2.211172e-02,2.831196e-02,2.531048e-01,1.658356e-02,3.122303e-03,5.534739e-04
3.919667e-03,3.191245e-03,7.878599e-03,1.537253e-02,4.397531e-01,1.676268e-03,2.119613e-03,2.052767e-02,2.771505e-01,1.614340e-02,2.012252e-02,1.776091e-01,1.190218e-02,2.212418e-03,4.212185e-04
5.231867e-03,2.874870e-03,6.349974e-03,1.556561e-02,4.176106e-01,1.405749e-03,1.747007e-03,1.728694e-02,3.693335e-01,1.228146e-02,1.449890e-02,1.251127e-01,8.613333e-03,1.601780e-03,4.856376e-04
1.037874e-02,3.579017e-03,4.826288e-03,1.940027e-02,4.535990e-01,1.387968e-03,1.584581e-03,1.829326e-02,3.680951e-01,1.176561e-02,1.066081e-02,8.779202e-02,6.217502e-03,1.202618e-03,1.217154e-03
1.397331e-02,4.161475e-03,4.123725e-03,3.144124e-02,5.332527e-01,1.673964e-03,1.732798e-03,2.314682e-02,3.005343e-01,9.469693e-03,7.773530e-03,6.168501e-02,4.544231e-03,9.208440e-04,1.566395e-03
2.381505e-02,9.290099e-03,6.193792e-03,1.031870e-01,5.191830e-01,2.168271e-03,2.293064e-03,3.168979e-02,2.301687e-01,1.297746e-02,6.348970e-03,4.416502e-02,3.878135e-03,7.176056e-04,3.924111e-03
3.607199e-02,9.856032e-03,5.363401e-03,1.865152e-01,4.729860e-01,2.654672e-03,2.547245e-03,4.296353e-02,1.743220e-01,1.322064e-02,6.723554e-03,3.434492e-02,3.717616e-03,6.645655e-04,8.048569e-03
4.659707e-02,1.056426e-02,4.517496e-03,1.752944e-01,4.912620e-01,2.586754e-03,2.538749e-03,4.332771e-02,1.630847e-01,1.202828e-02,6.833577e-03,2.702456e-02,3.491024e-03,7.454795e-04,1.010397e-02
4.968567e-02,9.507830e-03,5.850246e-03,1.595837e-01,5.319627e-01,3.162477e-03,2.710025e-03,6.454094e-02,1.259985e-01,1.035631e-02,6.077782e-03,1.966556e-02,2.835810e-03,5.699083e-04,7.492475e-03
7.657582e-02,1.183836e-02,9.520078e-03,1.668237e-01,5.098538e-01,5.908904e-03,3.688410e-03,5.427809e-02,1.155838e-01,1.184091e-02,6.523482e-03,1.688080e-02,3.025368e-03,6.168506e-04,7.041585e-03
6.716514e-02,6.191954e-02,1.351179e-02,3.074813e-01,3.680243e-01,5.689999e-03,2.889656e-03,3.856503e-02,8.281875e-02,1.111899e-02,7.624182e-03,1.483526e-02,3.220558e-03,8.148532e-04,1.432055e-02
4.718364e-02,4.571894e-02,1.011235e-02,2.992764e-01,2.622505e-01,4.456784e-03,2.055916e-03,2.707372e-02,5.855578e-02,8.165482e-03,2.078105e-01,1.126142e-02,4.589414e-03,1.243835e-03,1.024523e-02
3.320767e-02,3.405967e-02,8.456068e-03,2.909921e-01,1.874619e-01,3.232986e-03,1.455466e-03,1.909138e-02,4.428494e-02,6.553990e-03,3.452428e-01,1.164527e-02,4.921587e-03,1.891547e-03,7.502575e-03
2.392087e-02,2.428811e-02,6.710699e-03,2.736756e-01,1.383661e-01,2.754636e-03,1.092709e-03,1.398000e-02,3.248773e-02,5.252882e-03,4.325989e-01,1.948544e-02,4.071827e-03,1.585618e-02,5.458367e-03
1.679147e-02,1.705716e-02,4.837950e-03,2.029147e-01,9.801663e-02,2.126301e-03,7.762343e-04,9.840766e-03,2.292989e-02,3.890732e-03,5.685669e-01,2.261079e-02,3.030960e-03,2.273145e-02,3.878096e-03
1.180947e-02,1.195772e-02,3.583041e-03,1.482243e-01,7.022476e-02,1.588530e-03,5.574561e-04,7.000145e-03,1.639590e-02,2.830065e-03,6.783285e-01,2.142922e-02,2.368025e-03,2.096161e-02,2.741328e-03
8.406983e-03,8.383255e-03,2.622453e-03,1.042318e-01,4.953432e-02,1.464486e-03,3.920154e-04,4.966644e-03,1.151990e-02,2.106455e-03,7.657394e-01,1.858748e-02,1.948166e-03,1.815381e-02,1.942837e-03
6.351203e-03,5.926264e-03,2.111941e-03,7.361050e-02,3.574114e-02,2.764794e-03,2.822439e-04,3.639644e-03,8.234272e-03,1.677166e-03,8.046492e-01,3.118098e-02,1.945470e-03,2.049600e-02,1.389126e-03
5.397802e-03,4.588363e-03,2.137933e-03,5.252754e-02,2.597768e-02,3.763681e-03,2.132766e-04,2.746167e-03,8.492926e-03,1.384107e-03,7.687916e-01,4.689933e-02,2.185436e-03,7.383928e-02,1.054868e-03
4.101743e-03,6.345134e-03,2.162422e-03,3.762905e-02,2.039237e-02,3.030019e-03,1.593101e-04,1.988219e-03,1.591143e-02,1.457452e-03,6.567717e-01,4.512399e-02,1.753387e-03,2.020018e-01,1.172033e-03
2.985350e-03,6.250336e-03,2.058514e-03,2.653914e-02,1.467351e-02,2.686231e-03,1.166421e-04,1.444958e-03,2.618229e-02,1.227156e-03,4.846947e-01,3.596370e-02,1.326119e-03,3.929003e-01,9.510531e-04
2.230392e-03,5.546764e-03,1.794491e-03,1.923815e-02,1.234065e-02,2.366322e-03,8.695294e-05,1.152888e-03,5.119167e-02,2.056362e-03,4.362590e-01,2.577366e-02,1.156610e-03,4.378182e-01,9.878254e-04
2.028623e-03,1.200287e-02,5.229342e-03,1.875310e-02,1.457075e-02,2.488708e-03,8.893374e-05,1.604318e-03,1.448183e-01,3.210720e-03,4.170258e-01,1.867414e-02,9.611344e-04,3.567227e-01,1.820552e-03
1.626326e-03,8.687174e-03,3.853632e-03,1.319438e-02,1.076821e-02,2.246548e-03,6.421298e-05,1.224140e-03,1.298892e-01,3.403990e-03,3.420418e-01,1.327337e-02,7.905210e-04,4.674399e-01,1.496597e-03
1.439418e-03,6.307646e-03,2.830045e-03,9.343877e-03,8.191572e-03,2.684688e-03,4.729215e-05,9.651334e-04,1.380527e-01,5.129731e-03,2.917176e-01,9.406989e-03,8.077975e-04,5.217015e-01,1.374102e-03
2.525078e-03,4.650386e-03,2.215937e-03,6.860110e-03,6.333298e-03,4.538853e-03,4.466662e-05,1.243361e-03,2.100427e-01,5.568631e-03,2.670010e-01,7.282997e-03,1.718604e-03,4.784347e-01,1.539611e-03
5.194827e-03,4.379945e-03,2.123402e-03,5.264824e-03,5.123005e-03,6.377864e-03,1.077924e-04,1.870485e-03,2.914571e-01,5.186451e-03,2.175666e-01,8.860545e-03,7.624029e-03,4.365022e-01,2.360958e-03
1.145244e-02,4.664620e-03,1.026404e-02,6.899604e-03,4.876702e-03,1.235901e-02,3.659426e-04,8.197362e-03,3.431620e-01,6.882962e-03,1.799074e-01,9.090735e-03,1.260523e-02,3.852301e-01,4.041954e-03
1.306209e-02,8.037424e-03,1.075786e-02,1.396182e-02,3.629005e-03,1.252268e-02,2.730540e-04,7.163427e-03,4.266998e-01,6.236584e-03,1.791130e-01,8.247976e-03,1.549632e-02,2.880839e-01,6.715172e-03
1.330217e-02,6.587794e-03,9.068601e-03,1.134867e-02,2.925409e-03,1.031015e-02,2.052409e-04,6.026066e-03,4.236218e-01,5.345716e-03,2.317557e-01,7.423699e-03,1.594929e-02,2.498259e-01,6.303777e-03
1.154079e-02,5.229460e-03,7.372553e-03,1.167579e-02,2.896451e-03,7.885414e-03,1.605661e-04,5.095770e-03,3.528117e-01,5.054004e-03,3.191376e-01,8.943941e-03,2.119829e-02,2.337757e-01,7.222101e-03
1.168009e-02,4.357741e-03,8.578499e-03,9.712432e-03,4.028040e-03,6.252097e-03,2.118312e-04,5.416704e-03,2.681746e-01,4.759330e-03,3.432086e-01,1.192753e-02,3.027108e-02,2.830474e-01,8.374101e-03
1.189813e-02,4.132109e-03,1.159964e-02,7.820320e-03,5.560046e-03,4.652099e-03,2.545890e-04,6.095805e-03,2.059276e-01,6.446449e-03,3.736182e-01,1.666601e-02,3.786669e-02,2.983844e-01,9.078067e-03
1.029770e-02,1.239502e-02,4.541721e-02,8.499784e-03,5.279900e-03,4.039421e-03,8.064213e-04,4.006321e-02,2.373538e-01,6.770223e-03,3.381940e-01,1.818587e-02,3.381447e-02,2.311298e-01,7.753203e-03
9.142445e-03,1.906092e-02,2.267435e-01,2.589727e-02,4.583897e-03,3.910710e-03,8.882824e-04,4.219757e-02,1.923536e-01,5.672322e-03,2.520441e-01,1.391262e-02,2.586794e-02,1.710918e-01,6.633109e-03
8.320055e-03,2.089060e-02,4.193754e-01,2.562503e-02,4.821350e-03,3.481865e-03,6.724084e-04,3.212721e-02,1.447198e-01,4.676308e-03,1.784834e-01,9.854722e-03,1.842980e-02,1.226891e-01,5.832879e-03
8.360340e-03,2.066875e-02,3.482727e-01,2.022474e-02,4.938371e-03,2.740630e-03,5.560988e-04,2.453295e-01,1.097285e-01,3.348160e-03,1.252075e-01,6.931913e-03,1.307529e-02,8.644561e-02,4.171778e-03
7.347939e-03,1.581897e-02,2.699116e-01,1.494543e-02,5.150520e-03,2.290566e-03,4.840633e-04,4.359968e-01,8.017653e-02,2.373089e-03,8.780014e-02,4.873141e-03,9.308876e-03,6.057544e-02,2.946896e-03
5.534397e-03,1.114369e-02,1.936667e-01,1.057340e-02,4.179338e-03,1.935177e-03,4.560552e-04,5.986493e-01,5.624297e-02,1.668845e-03,6.148906e-02,3.415364e-03,6.552108e-03,4.241598e-02,2.077564e-03
4.937790e-03,7.992807e-03,1.438357e-01,7.556430e-03,4.350442e-03,6.831950e-03,1.279476e-03,6.996484e-01,3.952149e-02,1.198191e-03,4.310925e-02,2.404129e-03,6.034464e-03,2.976700e-02,1.532432e-03
1.036767e-02,6.067948e-03,1.022903e-01,5.918976e-03,5.580870e-03,7.004502e-02,1.178881e-02,6.003231e-01,2.782390e-02,9.417958e-04,3.032187e-02,1.755266e-03,1.043513e-01,2.088240e-02,1.540783e-03
1.268578e-02,4.895780e-03,7.383826e-02,4.612380e-03,5.679972e-03,1.273233e-01,3.255073e-02,5.440218e-01,1.961879e-02,6.874506e-04,2.131068e-02,1.283141e-03,1.353029e-01,1.465010e-02,1.538919e-03
1.294701e-02,3.810019e-03,5.334879e-02,3.465913e-03,8.168602e-03,1.784091e-01,3.813592e-02,4.422269e-01,1.388201e-02,5.442643e-04,1.512996e-02,1.009242e-03,2.172025e-01,1.027649e-02,1.443347e-03
1.445893e-02,2.836571e-03,3.915575e-02,2.659495e-03,7.828959e-03,3.272822e-01,4.619086e-02,3.355972e-01,1.005564e-02,5.229409e-04,1.132098e-02,9.270647e-04,1.920846e-01,7.224662e-03,1.854156e-03
1.287617e-02,2.241438e-03,2.758645e-02,2.060358e-03,5.963775e-03,4.574185e-01,5.001831e-02,2.364409e-01,7.234199e-03,7.266061e-04,1.172512e-02,1.202060e-03,1.748252e-01,5.121915e-03,4.558901e-03
1.117995e-02,2.019169e-03,1.936002e-02,1.699057e-03,4.405800e-03,4.875971e-01,4.515736e-02,1.661015e-01,5.248573e-03,3.830962e-03,2.077065e-02,3.912878e-03,2.025848e-01,3.670788e-03,2.246132e-02
8.895806e-03,1.811586e-03,1.358070e-02,1.599715e-03,3.333689e-03,4.035745e-01,3.486296e-02,1.164965e-01,4.103723e-03,4.998778e-03,3.325126e-02,2.883806e-02,3.135505e-01,2.837974e-03,2.826433e-02
7.027776e-03,1.803366e-03,9.529483e-03,1.275802e-03,2.460644e-03,3.035519e-01,2.639030e-02,8.182724e-02,4.024514e-03,5.211520e-03,5.089927e-02,6.506587e-02,4.037913e-01,2.180357e-03,3.496062e-02
5.646586e-03,1.349900e-03,6.714654e-03,1.050654e-03,1.832266e-03,2.964651e-01,1.915119e-02,5.733941e-02,3.403872e-03,5.955818e-03,4.154627e-02,1.210995e-01,4.112772e-01,1.589581e-03,2.557794e-02
4.185514e-03,9.735813e-04,4.751936e-03,8.153885e-04,1.581921e-03,2.180160e-01,1.359389e-02,4.018361e-02,2.847839e-03,4.603103e-03,3.330112e-02,2.696072e-01,3.860791e-01,1.140927e-03,1.831890e-02
3.042218e-03,8.991269e-04,4.312218e-03,6.758643e-04,3.398014e-03,1.577057e-01,9.592967e-03,2.903026e-02,4.219617e-03,4.574367e-03,2.809888e-02,3.511708e-01,3.886946e-01,9.265959e-04,1.365880e-02
2.311066e-03,8.740769e-04,3.696528e-03,5.228087e-04,5.910646e-03,1.110097e-01,6.801226e-03,2.094644e-02,5.102295e-03,4.293742e-03,2.759768e-02,2.958827e-01,5.029559e-01,1.313849e-03,1.078125e-02
2.118566e-03,2.121607e-03,5.392481e-03,4.397324e-04,1.142532e-02,7.791364e-02,4.877035e-03,1.729030e-02,1.153932e-02,4.059148e-03,2.820075e-02,2.489222e-01,5.759317e-01,1.456509e-03,8.311613e-03
4.038143e-03,2.864483e-03,9.246216e-03,5.204174e-04,7.963550e-02,5.491810e-02,3.525517e-03,6.929086e-02,2.449927e-02,5.063399e-03,2.982326e-02,2.595883e-01,4.491054e-01,1.722674e-03,6.158378e-03
6.005108e-03,4.041710e-03,1.394294e-02,5.744631e-04,1.006754e-01,3.938789e-02,2.607633e-03,1.245168e-01,4.317950e-02,6.253476e-03,3.774602e-02,2.701239e-01,3.443183e-01,2.011350e-03,4.615455e-03
8.416599e-03,3.413868e-03,1.381437e-02,6.536573e-04,1.504563e-01,2.791968e-02,2.100380e-03,1.468499e-01,6.798601e-02,1.044884e-02,5.282772e-02,2.513453e-01,2.575744e-01,2.486865e-03,3.706062e-03
1.167936e-02,2.661163e-03,1.205213e-02,7.691500e-04,1.506534e-01,2.014260e-02,1.851569e-03,2.094409e-01,8.662164e-02,1.008368e-02,6.300131e-02,2.153248e-01,2.107111e-01,2.144119e-03,2.863033e-03
1.644630e-02,2.905780e-03,1.139902e-02,1.078670e-03,1.461344e-01,1.557389e-02,1.597048e-03,1.752072e-01,1.498207e-01,1.046421e-02,7.318047e-02,2.076266e-01,1.840751e-01,2.044216e-03,2.446346e-03
1.397198e-02,2.470600e-03,1.234875e-02,1.484371e-03,2.295822e-01,1.116202e-02,3.443200e-03,1.480715e-01,1.482933e-01,1.053023e-02,6.543878e-02,1.833491e-01,1.658565e-01,1.769516e-03,2.227986e-03
1.325833e-02,1.953094e-03,1.022368e-02,1.369458e-03,2.918801e-01,8.184591e-03,3.385045e-03,1.270352e-01,1.540691e-01,9.403767e-03,6.393559e-02,1.706732e-01,1.401645e-01,1.871864e-03,2.592538e-03
1.123025e-02,1.519646e-03,9.640568e-03,1.090164e-03,2.294374e-01,5.886575e-03,3.446240e-03,2.469785e-01,1.820804e-01,7.076449e-03,5.466691e-02,1.296888e-01,1.134103e-01,1.579176e-03,2.268713e-03
8.951012e-03,1.743531e-03,7.289845e-03,1.321515e-03,1.761483e-01,5.070204e-03,3.402418e-03,1.794353e-01,3.967499e-01,5.158392e-03,3.902990e-02,9.180918e-02,8.102201e-02,1.117740e-03,1.750842e-03
1.204472e-02,1.805593e-03,5.783185e-03,1.646563e-03,2.022523e-01,4.786233e-03,8.872950e-03,1.349374e-01,4.699397e-01,3.792430e-03,2.835155e-02,6.513035e-02,5.839618e-02,8.183813e-04,1.442432e-03
1.646173e-02,2.829599e-03,6.083212e-03,3.385668e-03,1.917937e-01,5.442094e-03,1.106218e-02,9.886866e-02,5.426542e-01,3.632257e-03,2.208888e-02,4.765624e-02,4.483461e-02,7.881580e-04,2.418718e-03
3.641365e-02,5.609176e-03,5.175033e-03,3.227424e-03,1.739448e-01,6.664421e-03,1.409227e-02,7.660656e-02,5.843024e-01,3.207151e-03,1.730369e-02,3.482845e-02,3.421145e-02,1.033659e-03,3.379926e-03
7.201961e-02,6.196078e-03,3.969550e-03,3.607998e-03,1.577711e-01,8.863097e-03,1.505720e-02,6.221049e-02,5.925287e-01,2.472337e-03,1.363035e-02,2.797123e-02,2.882850e-02,1.322273e-03,3.551458e-03
1.624156e-01,8.397810e-03,3.745025e-03,8.564485e-03,1.619969e-01,1.105234e-02,1.563980e-02,6.800167e-02,4.879506e-01,2.049781e-03,1.154132e-02,2.588917e-02,2.661137e-02,1.558478e-03,4.585697e-03
2.357544e-01,1.225234e-02,3.977192e-03,1.360262e-02,1.762894e-01,1.116417e-02,1.761307e-02,7.118329e-02,3.938524e-01,1.636253e-03,9.587361e-03,2.338269e-02,2.294227e-02,1.507711e-03,5.254939e-03
1.912887e-01,2.159729e-02,6.973705e-03,3.836404e-02,2.424440e-01,1.099892e-02,3.335440e-02,1.107577e-01,2.961885e-01,1.254897e-03,7.219762e-03,1.726153e-02,1.698058e-02,1.124648e-03,4.191342e-03
1.762367e-01,2.224225e-02,8.123695e-03,4.699454e-02,3.001162e-01,1.107408e-02,3.385812e-02,1.145036e-01,2.494359e-01,1.086246e-03,5.784172e-03,1.316519e-02,1.284955e-02,1.002624e-03,3.527130e-03
1.538043e-01,4.464034e-02,3.074553e-02,3.869234e-02,3.193684e-01,1.424280e-02,2.535341e-02,8.569382e-02,2.584502e-01,8.386411e-04,4.682990e-03,9.678660e-03,9.673453e-03,9.841572e-04,3.151036e-03
1.436649e-01,3.846405e-02,3.014786e-02,7.138640e-02,3.439737e-01,1.236044e-02,1.966175e-02,9.749256e-02,2.173861e-01,8.097588e-04,4.188679e-03,7.783134e-03,9.101043e-03,8.897783e-04,2.689953e-03
1.525184e-01,3.671861e-02,3.796375e-02,7.687051e-02,3.662266e-01,1.277347e-02,1.478019e-02,7.627806e-02,1.970395e-01,1.018501e-03,4.006039e-03,7.302655e-03,1.213435e-02,1.034868e-03,3.334558e-03
2.293532e-01,3.441784e-02,4.110186e-02,8.805883e-02,3.046296e-01,1.221384e-02,1.133201e-02,7.378039e-02,1.572778e-01,1.576307e-03,6.790698e-03,1.787482e-02,1.366518e-02,1.791706e-03,6.135930e-03
2.684970e-01,3.184027e-02,4.562595e-02,1.018398e-01,2.462658e-01,1.136422e-02,8.936061e-03,1.026177e-01,1.255843e-01,1.730230e-03,9.553022e-03,1.933151e-02,1.799827e-02,1.739775e-03,7.076152e-03
2.643219e-01,2.353056e-02,3.992452e-02,9.248172e-02,1.857556e-01,1.092055e-02,8.505316e-03,2.281520e-01,9.259355e-02,1.680864e-03,1.041876e-02,1.910514e-02,1.455929e-02,1.550144e-03,6.500059e-03
2.082235e-01,1.676135e-02,2.948548e-02,6.560323e-02,1.355243e-01,8.455624e-03,7.581739e-03,4.238072e-01,6.550989e-02,1.247390e-03,7.740219e-03,1.371704e-02,1.045741e-02,1.121722e-03,4.763912e-03
1.977161e-01,1.212686e-02,2.176301e-02,4.667024e-02,1.241341e-01,1.012023e-02,1.723274e-02,4.928741e-01,4.633579e-02,1.131685e-03,6.613636e-03,1.035760e-02,8.184391e-03,8.371725e-04,3.902380e-03
2.063779e-01,9.358680e-03,2.300241e-02,3.797575e-02,1.266853e-01,3.999543e-02,2.303777e-02,4.531294e-01,3.276179e-02,1.899236e-03,1.402319e-02,9.278771e-03,1.602156e-02,9.271851e-04,5.525635e-03
1.529284e-01,7.132080e-03,1.690209e-02,2.826345e-02,9.201114e-02,6.355815e-02,2.010481e-02,3.248566e-01,2.334393e-02,3.168446e-03,1.247798e-02,6.675068e-03,2.337136e-01,6.815182e-04,1.418281e-02
1.526172e-01,7.926167e-03,1.455227e-02,2.303880e-02,7.166479e-02,6.588567e-02,5.908783e-02,2.307834e-01,1.964565e-02,4.872635e-03,1.303742e-02,1.523211e-02,3.027750e-01,1.461604e-03,1.741949e-02
1.340183e-01,6.430049e-03,1.037014e-02,1.898688e-02,5.330201e-02,5.842377e-02,9.328140e-02,1.637384e-01,1.540853e-02,8.270616e-03,3.588147e-02,3.562665e-02,3.260573e-01,2.201235e-03,3.800343e-02
1.457902e-01,5.746399e-03,8.011342e-03,1.539296e-02,4.325094e-02,5.047018e-02,9.298197e-02,1.159493e-01,1.460189e-02,9.999599e-03,7.433210e-02,3.480708e-02,3.260555e-01,2.171008e-03,6.043953e-02
1.903865e-01,1.760396e-02,2.824827e-02,2.949513e-02,6.650001e-02,4.864921e-02,8.011118e-02,8.437253e-02,3.312687e-02,9.706130e-03,5.927381e-02,2.939087e-02,2.443316e-01,3.691292e-03,7.511266e-02
3.347024e-01,1.615602e-02,2.212801e-02,2.660663e-02,4.942673e-02,5.188196e-02,6.167209e-02,6.082873e-02,3.156266e-02,7.838574e-03,4.689801e-02,2.968932e-02,1.935966e-01,4.231236e-03,6.278101e-02
3.401277e-01,1.264358e-02,1.579524e-02,2.290687e-02,5.539393e-02,3.928109e-02,4.859743e-02,4.412611e-02,4.002456e-02,1.236122e-02,5.674861e-02,3.994220e-02,2.198000e-01,3.554616e-03,4.869691e-02
3.047375e-01,9.250890e-03,1.194595e-02,1.801563e-02,4.350988e-02,3.325880e-02,4.265548e-02,6.083953e-02,3.486151e-02,1.122295e-02,5.742594e-02,3.418263e-02,2.882306e-01,2.907845e-03,4.695484e-02
3.237901e-01,7.002344e-03,8.992031e-03,1.853241e-02,4.570683e-02,3.897050e-02,3.406272e-02,4.915973e-02,3.813133e-02,9.213469e-03,5.026270e-02,2.883240e-02,3.083794e-01,2.550789e-03,3.641324e-02
3.283600e-01,7.257212e-03,7.956104e-03,2.131975e-02,4.218205e-02,3.599858e-02,2.599177e-02,4.047839e-02,4.131121e-02,8.587750e-03,4.548345e-02,3.479968e-02,3.257207e-01,2.690200e-03,3.186318e-02
2.514262e-01,6.362451e-03,6.644668e-03,1.857196e-02,3.742399e-02,4.032088e-02,1.954616e-02,3.599805e-02,4.741524e-02,8.543532e-03,4.688351e-02,5.192661e-02,4.012271e-01,2.440931e-03,2.526874e-02
2.109918e-01,5.876578e-03,6.030447e-03,1.684011e-02,2.966936e-02,3.799393e-02,1.508188e-02,3.791710e-02,4.269148e-02,1.103704e-02,4.515521e-02,6.398826e-02,4.536205e-01,3.225678e-03,1.988064e-02
1.567059e-01,4.406902e-03,4.818873e-03,1.288625e-02,2.710269e-02,2.994036e-02,1.193926e-02,4.536245e-02,4.279863e-02,9.148255e-03,5.459353e-02,5.625610e-02,5.248427e-01,3.045779e-03,1.615240e-02
1.118254e-01,3.581300e-03,4.034419e-03,9.468370e-03,2.112416e-02,2.281437e-02,8.588436e-03,5.231138e-02,4.707026e-02,8.099424e-03,5.062492e-02,5.001913e-02,5.936304e-01,2.477164e-03,1.433085e-02
8.273643e-02,4.258195e-03,5.205087e-03,8.967149e-03,1.883223e-02,1.778816e-02,6.244977e-03,1.159695e-01,5.719118e-02,7.555657e-03,4.699098e-02,4.558303e-02,5.661403e-01,3.252945e-03,1.328420e-02
8.518051e-02,4.326377e-03,5.054128e-03,1.025943e-02,1.665398e-02,3.360045e-02,4.831201e-03,1.303780e-01,8.469376e-02,7.799466e-03,5.082585e-02,6.015586e-02,4.931637e-01,2.673509e-03,1.040371e-02
8.486239e-02,5.118489e-03,1.256269e-02,1.105903e-02,2.365863e-02,2.847557e-02,4.717648e-03,1.596367e-01,9.416676e-02,6.971337e-03,4.769975e-02,5.070736e-02,4.537818e-01,2.281602e-03,1.430025e-02
8.953279e-02,6.191848e-03,1.500553e-02,9.927508e-03,3.097801e-02,2.208301e-02,3.781490e-03,1.459756e-01,1.372688e-01,8.798415e-03,5.788386e-02,4.767910e-02,3.903074e-01,3.992639e-03,3.059401e-02
8.286862e-02,5.733294e-03,1.947497e-02,1.112184e-02,3.134441e-02,1.635145e-02,2.983097e-03,2.238107e-01,1.358749e-01,8.974642e-03,5.440106e-02,4.337021e-02,3.290271e-01,3.687126e-03,3.097654e-02
8.903746e-02,7.252005e-03,2.143815e-02,1.650108e-02,2.870161e-02,1.249556e-02,2.478949e-03,2.765507e-01,1.678366e-01,9.923622e-03,4.307231e-02,3.705567e-02,2.557334e-01,3.566956e-03,2.835600e-02
6.487961e-02,8.033536e-03,2.218272e-02,2.175368e-02,2.485022e-02,9.546860e-03,2.250646e-03,2.773156e-01,2.245406e-01,1.102132e-02,3.431894e-02,3.588395e-02,2.171003e-01,3.003213e-03,4.331876e-02
4.766345e-02,7.593000e-03,1.894699e-02,5.928660e-02,2.168936e-02,8.745698e-03,1.767380e-03,2.953267e-01,2.199141e-01,1.132448e-02,3.636426e-02,4.064793e-02,1.889391e-01,2.535781e-03,3.925507e-02
3.552543e-02,7.960088e-03,3.332738e-02,6.708832e-02,1.994603e-02,6.414190e-03,1.393174e-03,3.777530e-01,1.888723e-01,1.076106e-02,3.599131e-02,3.170663e-02,1.452429e-01,2.012383e-03,3.600582e-02
2.954760e-02,8.826846e-03,4.572111e-02,7.553380e-02,2.454525e-02,5.026174e-03,1.454583e-03,4.407273e-01,1.652818e-01,1.196877e-02,2.911265e-02,2.401972e-02,1.074567e-01,1.668104e-03,2.910957e-02
3.147346e-02,1.189574e-02,4.456628e-02,2.185497e-01,2.898589e-02,4.656247e-03,1.351875e-03,3.255765e-01,1.621077e-01,1.188149e-02,3.119800e-02,1.822964e-02,8.102133e-02,1.734449e-03,2.677172e-02
3.731781e-02,1.554608e-02,4.574469e-02,2.615203e-01,3.504442e-02,5.217898e-03,1.225226e-03,2.682378e-01,1.379458e-01,1.458799e-02,5.104927e-02,1.711845e-02,7.127650e-02,4.238503e-03,3.392920e-02
3.575034e-02,1.469047e-02,3.849304e-02,2.410828e-01,3.849743e-02,6.583390e-03,1.168151e-03,2.043823e-01,1.122046e-01,3.627003e-02,1.078931e-01,1.994927e-02,1.013828e-01,5.931840e-03,3.572042e-02
3.720430e-02,1.942592e-02,4.292589e-02,1.998175e-01,3.441996e-02,5.837931e-03,1.011783e-03,1.583570e-01,1.360915e-01,4.952331e-02,1.372703e-01,2.035950e-02,1.122299e-01,9.433845e-03,3.609131e-02
4.052205e-02,2.223640e-02,3.822904e-02,1.585766e-01,2.800290e-02,6.066066e-03,9.182969e-04,1.171695e-01,1.842265e-01,6.916487e-02,1.381490e-01,2.226292e-02,1.055969e-01,1.648286e-02,5.239627e-02
4.431786e-02,1.871470e-02,2.899847e-02,1.238029e-01,2.072751e-02,5.638203e-03,7.405481e-04,8.382988e-02,2.811707e-01,1.243599e-01,1.003956e-01,1.737165e-02,8.045321e-02,2.024932e-02,4.922956e-02
3.191326e-02,1.429511e-02,2.107548e-02,8.811696e-02,1.476017e-02,4.396934e-03,5.294596e-04,5.887321e-02,3.670451e-01,1.921083e-01,7.189079e-02,1.283498e-02,5.961100e-02,2.360349e-02,3.894574e-02
4.113159e-02,1.178380e-02,1.540865e-02,6.317626e-02,1.260483e-02,5.104080e-03,4.218222e-04,4.243310e-02,3.914745e-01,1.807619e-01,7.239989e-02,9.667239e-03,5.140103e-02,2.782631e-02,7.440503e-02
3.709935e-02,1.056527e-02,1.146196e-02,4.967098e-02,1.036786e-02,5.283206e-03,3.672608e-04,3.011001e-02,4.771193e-01,1.445493e-01,5.662085e-02,8.519015e-03,4.116464e-02,2.741184e-02,8.968918e-02
3.973056e-02,8.730526e-03,8.635040e-03,3.513646e-02,8.822124e-03,4.920881e-03,3.308640e-04,2.126238e-02,3.938755e-01,1.051115e-01,4.885989e-02,6.330226e-03,3.188499e-02,3.758484e-02,2.487843e-01
6.168858e-02,9.776390e-03,7.874198e-03,2.577800e-02,9.238900e-03,9.924738e-03,3.753393e-04,1.517090e-02,3.425755e-01,7.781150e-02,4.146010e-02,5.040823e-03,2.421023e-02,4.325581e-02,3.258190e-01
8.337198e-02,9.829907e-03,6.544546e-03,1.859309e-02,7.317171e-03,1.071647e-02,3.487672e-04,1.073738e-02,3.367010e-01,7.909359e-02,3.245836e-02,4.216739e-03,1.830312e-02,4.695964e-02,3.348082e-01
1.486607e-01,9.390510e-03,6.125133e-03,1.323476e-02,5.828901e-03,9.689108e-03,2.996745e-04,7.574771e-03,2.474990e-01,7.152182e-02,2.731737e-02,3.273835e-03,1.352045e-02,3.942303e-02,3.966409e-01
1.139447e-01,8.645138e-03,5.987932e-03,9.791944e-03,4.163102e-03,8.819045e-03,2.254736e-04,5.362148e-03,2.393427e-01,6.657082e-02,2.313733e-02,2.579347e-03,1.090875e-02,3.793900e-02,4.625827e-01
8.526035e-02,6.521221e-03,4.937091e-03,6.946083e-03,2.953224e-03,6.481663e-03,1.629214e-04,3.776842e-03,1.861444e-01,5.383519e-02,2.339674e-02,1.902844e-03,8.222948e-03,6.252761e-02,5.469308e-01
6.475206e-02,5.367121e-03,4.174915e-03,4.973263e-03,2.128879e-03,5.063656e-03,1.197722e-04,2.680843e-03,1.493916e-01,4.706815e-02,2.635249e-02,1.464351e-03,6.561323e-03,8.016784e-02,5.997337e-01
4.921006e-02,4.916916e-03,3.701668e-03,3.636903e-03,1.603767e-03,3.756608e-03,9.375144e-05,1.964970e-03,1.538073e-01,3.610668e-02,2.740117e-02,1.142775e-03,5.092845e-03,9.135714e-02,6.162075e-01
