1.000000e+00,0.000000e+00,0.000000e+00,0.000000e+00,0.000000e+00,0.000000e+00,0.000000e+00,0.000000e+00,0.000000e+00,0.000000e+00,0.000000e+00,0.000000e+00,0.000000e+00,0.000000e+00,0.000000e+00
1.000000e+00,0.000000e+00,0.000000e+00,0.000000e+00,0.000000e+00,0.000000e+00,0.000000e+00,0.000000e+00,0.000000e+00,0.000000e+00,0.000000e+00,0.000000e+00,0.000000e+00,0.000000e+00,0.000000e+00
1.000000e+00,0.000000e+00,0.000000e+00,0.000000e+00,0.000000e+00,0.000000e+00,0.000000e+00,0.000000e+00,0.000000e+00,0.000000e+00,0.000000e+00,0.000000e+00,0.000000e+00,0.000000e+00,0.000000e+00
1.000000e+00,0.000000e+00,0.000000e+00,0.000000e+00,0.000000e+00,0.000000e+00,0.000000e+00,0.000000e+00,0.000000e+00,0.000000e+00,0.000000e+00,0.000000e+00,0.000000e+00,0.000000e+00,0.000000e+00
1.000000e+00,0.000000e+00,0.000000e+00,0.000000e+00,0.000000e+00,0.000000e+00,0.000000e+00,0.000000e+00,0.000000e+00,0.000000e+00,0.000000e+00,0.000000e+00,0.000000e+00,0.000000e+00,0.000000e+00
1.000000e+00,0.000000e+00,0.000000e+00,0.000000e+00,0.000000e+00,0.000000e+00,0.000000e+00,0.000000e+00,0.000000e+00,0.000000e+00,0.000000e+00,0.000000e+00,0.000000e+00,0.000000e+00,0.000000e+00
1.000000e+00,0.000000e+00,0.000000e+00,0.000000e+00,0.000000e+00,0.000000e+00,0.000000e+00,0.000000e+00,0.000000e+00,0.000000e+00,0.000000e+00,0.000000e+00,0.000000e+00,0.000000e+00,0.000000e+00
1.000000e+00,0.000000e+00,0.000000e+00,0.000000e+00,0.000000e+00,0.000000e+00,0.000000e+00,0.000000e+00,0.000000e+00,0.000000e+00,0.000000e+00,0.000000e+00,0.000000e+00,0.000000e+00,0.000000e+00
1.000000e+00,0.000000e+00,0.000000e+00,0.000000e+00,0.000000e+00,0.000000e+00,0.000000e+00,0.000000e+00,0.000000e+00,0.000000e+00,0.000000e+00,0.000000e+00,0.000000e+00,0.000000e+00,0.000000e+00
1.000000e+00,0.000000e+00,0.000000e+00,0.000000e+00,0.000000e+00,0.000000e+00,0.000000e+00,0.000000e+00,0.000000e+00,0.000000e+00,0.000000e+00,0.000000e+00,0.000000e+00,0.000000e+00,0.000000e+00
1.000000e+00,0.000000e+00,0.000000e+00,0.000000e+00,0.000000e+00,0.000000e+00,0.000000e+00,0.000000e+00,0.000000e+00,0.000000e+00,0.000000e+00,0.000000e+00,0.000000e+00,0.000000e+00,0.000000e+00
1.000000e+00,0.000000e+00,0.000000e+00,0.000000e+00,0.000000e+00,0.000000e+00,0.000000e+00,0.000000e+00,0.000000e+00,0.000000e+00,0.000000e+00,0.000000e+00,0.000000e+00,0.000000e+00,0.000000e+00
1.000000e+00,0.000000e+00,0.000000e+00,0.000000e+00,0.000000e+00,0.000000e+00,0.000000e+00,0.000000e+00,0.000000e+00,0.000000e+00,0.000000e+00,0.000000e+00,0.000000e+00,0.000000e+00,0.000000e+00
1.000000e+00,0.000000e+00,0.000000e+00,0.000000e+00,0.000000e+00,0.000000e+00,0.000000e+00,0.000000e+00,0.000000e+00,0.000000e+00,0.000000e+00,0.000000e+00,0.000000e+00,0.000000e+00,0.000000e+00
1.000000e+00,0.000000e+00,0.000000e+00,0.000000e+00,0.000000e+00,0.000000e+00,0.000000e+00,0.000000e+00,0.000000e+00,0.000000e+00,0.000000e+00,0.000000e+00,0.000000e+00,0.000000e+00,0.000000e+00
1.000000e+00,0.000000e+00,0.000000e+00,0.000000e+00,0.000000e+00,0.000000e+00,0.000000e+00,0.000000e+00,0.000000e+00,0.000000e+00,0.000000e+00,0.000000e+00,0.000000e+00,0.000000e+00,0.000000e+00
1.000000e+00,0.000000e+00,0.000000e+00,0.000000e+00,0.000000e+00,0.000000e+00,0.000000e+00,0.000000e+00,0.000000e+00,0.000000e+00,0.000000e+00,0.000000e+00,0.000000e+00,0.000000e+00,0.000000e+00
1.000000e+00,0.000000e+00,0.000000e+00,0.000000e+00,0.000000e+00,0.000000e+00,0.000000e+00,0.000000e+00,0.000000e+00,0.000000e+00,0.000000e+00,0.000000e+00,0.000000e+00,0.000000e+00,0.000000e+00
1.000000e+00,0.000000e+00,0.000000e+00,0.000000e+00,0.000000e+00,0.000000e+00,0.000000e+00,0.000000e+00,0.000000e+00,0.000000e+00,0.000000e+00,0.000000e+00,0.000000e+00,0.000000e+00,0.000000e+00
1.000000e+00,0.000000e+00,0.000000e+00,0.000000e+00,0.000000e+00,0.000000e+00,0.000000e+00,0.000000e+00,0.000000e+00,0.000000e+00,0.000000e+00,0.000000e+00,0.000000e+00,0.000000e+00,0.000000e+00
1.000000e+00,0.000000e+00,0.000000e+00,0.000000e+00,0.000000e+00,0.000000e+00,0.000000e+00,0.000000e+00,0.000000e+00,0.000000e+00,0.000000e+00,0.000000e+00,0.000000e+00,0.000000e+00,0.000000e+00
1.000000e+00,0.000000e+00,0.000000e+00,0.000000e+00,0.000000e+00,0.000000e+00,0.000000e+00,0.000000e+00,0.000000e+00,0.000000e+00,0.000000e+00,0.000000e+00,0.000000e+00,0.000000e+00,0.000000e+00
1.000000e+00,0.000000e+00,0.000000e+00,0.000000e+00,0.000000e+00,0.000000e+00,0.000000e+00,0.000000e+00,0.000000e+00,0.000000e+00,0.000000e+00,0.000000e+00,0.000000e+00,0.000000e+00,0.000000e+00
1.000000e+00,0.000000e+00,0.000000e+00,0.000000e+00,0.000000e+00,0.000000e+00,0.000000e+00,0.000000e+00,0.000000e+00,0.000000e+00,0.000000e+00,0.000000e+00,0.000000e+00,0.000000e+00,0.000000e+00
1.000000e+00,0.000000e+00,0.000000e+00,0.000000e+00,0.000000e+00,0.000000e+00,0.000000e+00,0.000000e+00,0.000000e+00,0.000000e+00,0.000000e+00,0.000000e+00,0.000000e+00,0.000000e+00,0.000000e+00
1.000000e+00,0.000000e+00,0.000000e+00,0.000000e+00,0.000000e+00,0.000000e+00,0.000000e+00,0.000000e+00,0.000000e+00,0.000000e+00,0.000000e+00,0.000000e+00,0.000000e+00,0.000000e+00,0.000000e+00
1.000000e+00,0.000000e+00,0.000000e+00,0.000000e+00,0.000000e+00,0.000000e+00,0.000000e+00,0.000000e+00,0.000000e+00,0.000000e+00,0.000000e+00,0.000000e+00,0.000000e+00,0.000000e+00,0.000000e+00
1.000000e+00,0.000000e+00,0.000000e+00,0.000000e+00,0.000000e+00,0.000000e+00,0.000000e+00,0.000000e+00,0.000000e+00,0.000000e+00,0.000000e+00,0.000000e+00,0.000000e+00,0.000000e+00,0.000000e+00
1.000000e+00,0.000000e+00,0.000000e+00,0.000000e+00,0.000000e+00,0.000000e+00,0.000000e+00,0.000000e+00,0.000000e+00,0.000000e+00,0.000000e+00,0.000000e+00,0.000000e+00,0.000000e+00,0.000000e+00
1.000000e+00,0.000000e+00,0.000000e+00,0.000000e+00,0.000000e+00,0.000000e+00,0.000000e+00,0.000000e+00,0.000000e+00,0.000000e+00,0.000000e+00,0.000000e+00,0.000000e+00,0.000000e+00,0.000000e+00
1.000000e+00,0.000000e+00,0.000000e+00,0.000000e+00,0.000000e+00,0.000000e+00,0.000000e+00,0.000000e+00,0.000000e+00,0.000000e+00,0.000000e+00,0.000000e+00,0.000000e+00,0.000000e+00,0.000000e+00
1.000000e+00,0.000000e+00,0.000000e+00,0.000000e+00,0.000000e+00,0.000000e+00,0.000000e+00,0.000000e+00,0.000000e+00,0.000000e+00,0.000000e+00,0.000000e+00,0.000000e+00,0.000000e+00,0.000000e+00
1.000000e+00,0.000000e+00,0.000000e+00,0.000000e+00,0.000000e+00,0.000000e+00,0.000000e+00,0.000000e+00,0.000000e+00,0.000000e+00,0.000000e+00,0.000000e+00,0.000000e+00,0.000000e+00,0.000000e+00
1.000000e+00,0.000000e+00,0.000000e+00,0.000000e+00,0.000000e+00,0.000000e+00,0.000000e+00,0.000000e+00,0.000000e+00,0.000000e+00,0.000000e+00,0.000000e+00,0.000000e+00,0.000000e+00,0.000000e+00
1.000000e+00,0.000000e+00,0.000000e+00,0.000000e+00,0.000000e+00,0.000000e+00,0.000000e+00,0.000000e+00,0.000000e+00,0.000000e+00,0.000000e+00,0.000000e+00,0.000000e+00,0.000000e+00,0.000000e+00
1.000000e+00,0.000000e+00,0.000000e+00,0.000000e+00,0.000000e+00,0.000000e+00,0.000000e+00,0.000000e+00,0.000000e+00,0.000000e+00,0.000000e+00,0.000000e+00,0.000000e+00,0.000000e+00,0.000000e+00
1.000000e+00,0.000000e+00,0.000000e+00,0.000000e+00,0.000000e+00,0.000000e+00,0.000000e+00,0.000000e+00,0.000000e+00,0.000000e+00,0.000000e+00,0.000000e+00,0.000000e+00,0.000000e+00,0.000000e+00
1.000000e+00,0.000000e+00,0.000000e+00,0.000000e+00,0.000000e+00,0.000000e+00,0.000000e+00,0.000000e+00,0.000000e+00,0.000000e+00,0.000000e+00,0.000000e+00,0.000000e+00,0.000000e+00,0.000000e+00
1.000000e+00,0.000000e+00,0.000000e+00,0.000000e+00,0.000000e+00,0.000000e+00,0.000000e+00,0.000000e+00,0.000000e+00,0.000000e+00,0.000000e+00,0.000000e+00,0.000000e+00,0.000000e+00,0.000000e+00
1.000000e+00,0.000000e+00,0.000000e+00,0.000000e+00,0.000000e+00,0.000000e+00,0.000000e+00,0.000000e+00,0.000000e+00,0.000000e+00,0.000000e+00,0.000000e+00,0.000000e+00,0.000000e+00,0.000000e+00
1.000000e+00,0.000000e+00,0.000000e+00,0.000000e+00,0.000000e+00,0.000000e+00,0.000000e+00,0.000000e+00,0.000000e+00,0.000000e+00,0.000000e+00,0.000000e+00,0.000000e+00,0.000000e+00,0.000000e+00
1.000000e+00,0.000000e+00,0.000000e+00,0.000000e+00,0.000000e+00,0.000000e+00,0.000000e+00,0.000000e+00,0.000000e+00,0.000000e+00,0.000000e+00,0.000000e+00,0.000000e+00,0.000000e+00,0.000000e+00
1.000000e+00,0.000000e+00,0.000000e+00,0.000000e+00,0.000000e+00,0.000000e+00,0.000000e+00,0.000000e+00,0.000000e+00,0.000000e+00,0.000000e+00,0.000000e+00,0.000000e+00,0.000000e+00,0.000000e+00
1.000000e+00,0.000000e+00,0.000000e+00,0.000000e+00,0.000000e+00,0.000000e+00,0.000000e+00,0.000000e+00,0.000000e+00,0.000000e+00,0.000000e+00,0.000000e+00,0.000000e+00,0.000000e+00,0.000000e+00
1.000000e+00,0.000000e+00,0.000000e+00,0.000000e+00,0.000000e+00,0.000000e+00,0.000000e+00,0.000000e+00,0.000000e+00,0.000000e+00,0.000000e+00,0.000000e+00,0.000000e+00,0.000000e+00,0.000000e+00
1.000000e+00,0.000000e+00,0.000000e+00,0.000000e+00,0.000000e+00,0.000000e+00,0.000000e+00,0.000000e+00,0.000000e+00,0.000000e+00,0.000000e+00,0.000000e+00,0.000000e+00,0.000000e+00,0.000000e+00
1.000000e+00,0.000000e+00,0.000000e+00,0.000000e+00,0.000000e+00,0.000000e+00,0.000000e+00,0.000000e+00,0.000000e+00,0.000000e+00,0.000000e+00,0.000000e+00,0.000000e+00,0.000000e+00,0.000000e+00
1.000000e+00,0.000000e+00,0.000000e+00,0.000000e+00,0.000000e+00,0.000000e+00,0.000000e+00,0.000000e+00,0.000000e+00,0.000000e+00,0.000000e+00,0.000000e+00,0.000000e+00,0.000000e+00,0.000000e+00
1.000000e+00,0.000000e+00,0.000000e+00,0.000000e+00,0.000000e+00,0.000000e+00,0.000000e+00,0.000000e+00,0.000000e+00,0.000000e+00,0.000000e+00,0.000000e+00,0.000000e+00,0.000000e+00,0.000000e+00
1.000000e+00,0.000000e+00,0.000000e+00,0.000000e+00,0.000000e+00,0.000000e+00,0.000000e+00,0.000000e+00,0.000000e+00,0.000000e+00,0.000000e+00,0.000000e+00,0.000000e+00,0.000000e+00,0.000000e+00
1.000000e+00,0.000000e+00,0.000000e+00,0.000000e+00,0.000000e+00,0.000000e+00,0.000000e+00,0.000000e+00,0.000000e+00,0.000000e+00,0.000000e+00,0.000000e+00,0.000000e+00,0.000000e+00,0.000000e+00
1.000000e+00,0.000000e+00,0.000000e+00,0.000000e+00,0.000000e+00,0.000000e+00,0.000000e+00,0.000000e+00,0.000000e+00,0.000000e+00,0.000000e+00,0.000000e+00,0.000000e+00,0.000000e+00,0.000000e+00
1.000000e+00,0.000000e+00,0.000000e+00,0.000000e+00,0.000000e+00,0.000000e+00,0.000000e+00,0.000000e+00,0.000000e+00,0.000000e+00,0.000000e+00,0.000000e+00,0.000000e+00,0.000000e+00,0.000000e+00
1.000000e+00,0.000000e+00,0.000000e+00,0.000000e+00,0.000000e+00,0.000000e+00,0.000000e+00,0.000000e+00,0.000000e+00,0.000000e+00,0.000000e+00,0.000000e+00,0.000000e+00,0.000000e+00,0.000000e+00
1.000000e+00,0.000000e+00,0.000000e+00,0.000000e+00,0.000000e+00,0.000000e+00,0.000000e+00,0.000000e+00,0.000000e+00,0.000000e+00,0.000000e+00,0.000000e+00,0.000000e+00,0.000000e+00,0.000000e+00
1.000000e+00,0.000000e+00,0.000000e+00,0.000000e+00,0.000000e+00,0.000000e+00,0.000000e+00,0.000000e+00,0.000000e+00,0.000000e+00,0.000000e+00,0.000000e+00,0.000000e+00,0.000000e+00,0.000000e+00
1.000000e+00,0.000000e+00,0.000000e+00,0.000000e+00,0.000000e+00,0.000000e+00,0.000000e+00,0.000000e+00,0.000000e+00,0.000000e+00,0.000000e+00,0.000000e+00,0.000000e+00,0.000000e+00,0.000000e+00
1.000000e+00,0.000000e+00,0.000000e+00,0.000000e+00,0.000000e+00,0.000000e+00,0.000000e+00,0.000000e+00,0.000000e+00,0.000000e+00,0.000000e+00,0.000000e+00,0.000000e+00,0.000000e+00,0.000000e+00
1.000000e+00,0.000000e+00,0.000000e+00,0.000000e+00,0.000000e+00,0.000000e+00,0.000000e+00,0.000000e+00,0.000000e+00,0.000000e+00,0.000000e+00,0.000000e+00,0.000000e+00,0.000000e+00,0.000000e+00
4.975076e-01,3.722735e-02,1.406654e-01,2.068157e-01,6.472794e-03,1.759104e-02,2.568895e-03,1.436123e-02,5.160731e-03,2.278795e-03,7.346763e-03,8.689351e-03,9.033380e-03,1.009060e-02,3.419032e-02
3.639841e-01,3.878315e-02,2.404937e-01,1.651857e-01,7.261221e-03,2.133423e-02,1.910117e-03,1.197347e-02,5.100641e-03,5.265420e-03,1.688243e-02,7.799763e-03,7.949220e-03,4.633972e-02,5.973706e-02
2.631084e-01,4.941619e-02,1.781122e-01,1.327435e-01,6.740244e-03,2.411556e-02,1.796164e-03,9.264865e-03,1.963970e-02,2.321792e-02,2.598465e-02,7.820243e-03,1.063653e-02,6.894950e-02,1.784543e-01
1.994876e-01,4.058494e-02,1.253573e-01,9.715750e-02,5.799079e-03,2.334989e-02,1.463427e-03,6.775560e-03,4.834003e-02,1.249760e-01,2.097947e-02,5.761767e-03,9.054061e-03,6.450611e-02,2.264072e-01
1.399321e-01,3.853693e-02,9.335482e-02,1.743395e-01,4.572293e-03,1.730257e-02,1.125738e-03,4.772622e-03,1.373244e-01,1.042545e-01,1.685442e-02,4.131143e-03,6.732726e-03,4.564091e-02,2.111254e-01
9.909793e-02,2.907560e-02,6.707797e-02,1.231562e-01,3.395423e-03,1.251708e-02,8.307083e-04,3.396762e-03,1.193512e-01,8.473623e-02,1.222969e-02,2.939125e-03,5.069190e-03,4.272746e-02,3.943995e-01
7.129088e-02,2.342986e-02,4.758009e-02,9.068296e-02,2.467502e-03,9.275858e-03,6.104746e-04,2.456384e-03,1.244880e-01,6.607506e-02,8.972836e-03,2.105709e-03,4.087470e-03,5.548541e-02,4.909916e-01
6.210964e-02,1.800623e-02,3.386702e-02,6.450588e-02,1.862544e-03,6.856160e-03,4.934990e-04,1.879661e-03,1.003270e-01,4.910441e-02,6.766236e-03,1.718127e-03,4.151964e-03,1.205645e-01,5.277872e-01
6.885073e-02,1.943474e-02,2.660775e-02,5.922057e-02,1.637620e-03,5.991498e-03,4.365355e-04,1.773004e-03,1.649918e-01,3.826541e-02,6.388383e-03,1.476506e-03,3.372106e-03,1.084498e-01,4.931035e-01
5.704955e-02,1.596633e-02,1.936791e-02,4.346610e-02,1.291847e-03,4.523403e-03,3.316571e-04,1.292494e-03,1.688438e-01,3.590912e-02,4.783513e-03,1.121666e-03,3.768784e-03,9.164930e-02,5.506346e-01
6.945655e-02,2.349626e-02,1.389762e-02,3.130119e-02,1.215776e-03,4.550037e-03,3.179988e-04,1.073878e-03,1.788477e-01,2.793184e-02,4.237585e-03,1.083452e-03,6.258833e-03,1.068844e-01,5.294470e-01
6.367723e-02,1.760588e-02,9.814817e-03,2.264642e-02,1.153358e-03,4.200005e-03,5.826764e-04,1.057895e-03,3.229758e-01,2.193871e-02,4.683921e-03,1.529823e-03,7.807130e-03,8.685330e-02,4.334731e-01
6.034947e-02,1.312276e-02,7.001972e-03,1.623586e-02,1.020996e-03,4.280770e-03,5.073708e-04,8.216934e-04,3.716077e-01,1.914982e-02,4.301880e-03,1.266256e-03,7.567783e-03,1.179632e-01,3.748025e-01
6.239951e-02,1.169583e-02,5.251808e-03,1.272126e-02,1.925539e-03,3.894587e-03,4.587159e-04,6.665117e-04,4.560671e-01,1.702652e-02,4.037172e-03,1.292261e-03,9.351037e-03,1.165933e-01,2.966188e-01
6.664487e-02,1.002267e-02,5.984357e-03,1.122527e-02,5.028648e-03,3.609695e-03,4.859749e-04,7.756767e-04,4.458988e-01,1.739331e-02,4.765491e-03,1.636489e-03,8.830098e-03,1.335990e-01,2.840997e-01
8.858760e-02,9.486596e-03,5.379138e-03,8.810697e-03,5.039935e-03,4.260251e-03,5.718518e-04,7.652090e-04,3.629891e-01,1.581167e-02,5.167845e-03,1.476719e-03,7.737359e-03,1.888150e-01,2.951010e-01
2.032934e-01,1.597624e-02,7.036132e-03,1.008286e-02,9.517630e-03,1.561987e-02,1.185645e-03,1.334670e-03,3.025008e-01,1.308213e-02,6.272902e-03,2.875938e-03,9.683494e-03,1.557033e-01,2.458350e-01
2.041318e-01,7.600059e-02,1.468529e-02,5.684986e-02,1.258285e-02,1.510438e-02,1.467065e-03,1.188930e-03,2.403247e-01,1.234346e-02,7.170502e-03,7.428282e-03,9.283517e-03,1.177604e-01,2.236784e-01
3.175726e-01,6.427710e-02,1.619242e-02,4.539757e-02,1.477030e-02,1.938020e-02,1.846090e-03,2.274860e-03,1.813174e-01,1.216647e-02,8.366965e-03,8.365547e-03,9.195037e-03,9.527632e-02,2.036012e-01
3.687105e-01,6.788217e-02,2.582706e-02,4.826085e-02,1.665539e-02,2.060225e-02,1.858369e-03,2.739385e-03,1.365386e-01,1.232207e-02,8.526548e-03,1.213150e-02,1.238848e-02,7.255305e-02,1.930038e-01
4.594249e-01,5.748963e-02,2.058361e-02,4.459216e-02,1.366408e-02,2.020975e-02,1.540137e-03,2.724945e-03,1.009077e-01,1.201531e-02,7.663263e-03,1.288329e-02,1.257009e-02,5.454804e-02,1.791831e-01
3.915483e-01,6.097696e-02,1.966561e-02,4.080455e-02,1.189488e-02,1.958705e-02,1.399858e-03,2.935389e-03,8.475420e-02,2.751591e-02,8.891485e-03,1.274283e-02,1.237205e-02,4.995311e-02,2.549579e-01
2.820598e-01,6.660143e-02,4.074332e-02,1.235366e-01,9.844651e-03,1.542782e-02,1.155249e-03,2.543782e-03,7.790758e-02,3.565018e-02,9.037131e-03,1.307710e-02,1.198806e-02,3.713762e-02,2.732897e-01
2.006617e-01,5.342633e-02,9.732029e-02,2.257356e-01,7.393338e-03,1.164468e-02,8.592504e-04,1.978079e-03,7.758296e-02,4.123887e-02,1.218240e-02,1.099335e-02,1.565135e-02,2.700857e-02,2.163233e-01
1.421373e-01,3.987323e-02,1.369784e-01,2.998987e-01,5.686595e-03,8.672519e-03,6.954788e-04,8.184277e-03,7.146679e-02,3.792379e-02,3.291711e-02,9.540089e-03,2.826929e-02,2.035739e-02,1.573990e-01
1.035835e-01,2.929338e-02,1.650708e-01,3.011796e-01,4.746653e-03,8.305281e-03,1.107898e-03,7.296473e-02,5.305324e-02,3.733381e-02,6.051332e-02,8.316067e-03,2.306622e-02,1.576373e-02,1.157017e-01
7.672379e-02,2.207648e-02,1.457707e-01,2.202254e-01,3.952521e-03,7.821959e-03,9.113586e-03,2.691598e-01,3.917497e-02,3.502785e-02,5.175798e-02,6.153787e-03,1.827805e-02,1.190236e-02,8.286075e-02
5.751937e-02,1.677439e-02,1.368192e-01,1.581997e-01,3.430529e-03,7.233746e-03,3.093154e-02,3.935191e-01,2.917422e-02,3.351625e-02,4.394031e-02,4.567340e-03,1.547988e-02,9.411811e-03,5.948254e-02
4.204792e-02,1.399873e-02,1.100324e-01,1.119109e-01,2.817930e-03,5.985918e-03,9.064850e-02,4.689581e-01,2.241104e-02,2.663944e-02,3.337391e-02,3.518520e-03,1.710795e-02,7.086644e-03,4.346209e-02
3.045751e-02,1.019136e-02,8.533913e-02,7.873212e-02,2.354875e-03,4.503996e-03,1.627987e-01,5.103799e-01,1.609299e-02,1.951806e-02,2.592994e-02,2.603063e-03,1.360981e-02,5.289035e-03,3.219939e-02
2.650189e-02,7.683841e-03,6.205613e-02,5.535551e-02,2.041757e-03,3.765890e-03,2.361438e-01,5.173761e-01,1.153960e-02,1.570826e-02,1.926493e-02,2.133013e-03,1.250707e-02,4.181893e-03,2.374024e-02
2.398901e-02,5.728276e-03,4.619714e-02,3.900902e-02,1.903379e-03,3.297630e-03,3.405529e-01,4.570650e-01,8.583715e-03,1.283165e-02,1.437549e-02,1.838055e-03,1.237383e-02,3.755938e-03,2.849896e-02
2.036844e-02,4.402092e-03,3.487244e-02,2.748287e-02,2.010840e-03,2.736080e-03,4.538849e-01,3.698696e-01,6.660567e-03,1.209929e-02,1.138330e-02,1.647643e-03,1.193500e-02,3.737352e-03,3.690946e-02
1.333854e-01,5.776303e-03,3.163633e-02,2.099193e-02,8.017077e-03,5.317624e-03,3.716570e-01,2.795353e-01,8.014024e-03,1.353849e-02,1.338520e-02,4.611695e-03,1.446768e-02,6.347317e-03,8.331863e-02
1.943304e-01,6.829191e-03,2.757610e-02,1.600616e-02,1.627589e-02,7.378204e-03,3.419315e-01,2.139248e-01,1.197722e-02,1.569483e-02,1.308999e-02,6.927712e-03,1.956916e-02,8.454863e-03,1.000340e-01
3.248055e-01,9.233244e-03,2.487406e-02,1.445662e-02,2.253608e-02,1.079191e-02,2.689359e-01,1.588109e-01,1.613527e-02,1.521963e-02,1.301546e-02,1.224816e-02,2.057423e-02,8.300017e-03,8.006303e-02
3.947323e-01,1.296297e-02,2.387621e-02,1.347438e-02,2.437321e-02,1.378209e-02,2.131185e-01,1.187838e-01,3.838217e-02,1.903414e-02,1.215331e-02,1.476997e-02,1.931303e-02,7.538771e-03,7.370520e-02
4.653373e-01,1.516930e-02,2.237425e-02,1.334573e-02,2.401717e-02,1.773194e-02,1.669555e-01,9.295808e-02,4.643587e-02,2.179735e-02,1.107203e-02,1.729493e-02,1.686857e-02,7.278711e-03,6.136326e-02
4.302453e-01,2.838161e-02,2.156423e-02,1.928779e-02,2.720259e-02,2.388927e-02,1.245247e-01,9.230874e-02,4.918985e-02,4.305571e-02,1.260236e-02,1.856523e-02,1.631317e-02,6.343323e-03,8.652610e-02
4.059366e-01,3.183907e-02,1.903113e-02,2.721313e-02,2.778861e-02,2.827464e-02,9.493259e-02,8.306365e-02,4.816893e-02,6.164338e-02,1.970079e-02,2.496893e-02,1.811474e-02,5.433056e-03,1.038907e-01
3.076620e-01,2.866619e-02,1.749385e-02,5.238451e-02,2.345846e-02,2.769534e-02,6.808387e-02,7.628982e-02,6.475653e-02,7.252897e-02,7.557528e-02,5.217777e-02,3.535860e-02,5.357944e-03,9.251076e-02
2.847384e-01,2.814645e-02,1.585053e-02,4.758970e-02,1.997459e-02,2.245864e-02,4.893356e-02,7.707908e-02,9.220767e-02,5.964445e-02,1.098788e-01,5.243798e-02,3.598033e-02,1.017869e-02,9.490109e-02
2.272114e-01,3.317333e-02,1.574626e-02,7.067811e-02,1.731987e-02,1.891870e-02,3.488592e-02,6.297587e-02,1.122285e-01,6.700376e-02,1.030057e-01,4.366034e-02,3.514135e-02,1.897646e-02,1.390744e-01
1.680392e-01,3.469786e-02,1.211114e-02,5.495320e-02,1.398482e-02,1.581381e-02,2.490664e-02,4.826257e-02,1.470541e-01,9.238654e-02,8.396564e-02,3.372310e-02,2.950654e-02,2.409454e-02,2.165002e-01
1.356817e-01,3.048309e-02,9.077410e-03,4.544893e-02,1.397215e-02,1.458257e-02,1.968635e-02,4.102471e-02,1.352248e-01,1.328450e-01,7.222933e-02,2.706711e-02,2.981062e-02,2.717973e-02,2.656865e-01
9.853249e-02,2.247064e-02,6.792906e-03,3.561541e-02,1.209108e-02,1.248281e-02,1.408322e-02,3.329961e-02,1.131020e-01,1.423287e-01,7.106437e-02,2.443136e-02,3.811770e-02,3.210151e-02,3.434862e-01
7.125916e-02,1.679437e-02,5.063061e-03,2.721728e-02,1.065562e-02,1.015869e-02,1.012902e-02,2.419060e-02,8.731497e-02,1.325618e-01,6.053401e-02,1.811701e-02,3.936246e-02,2.837428e-02,4.582677e-01
5.173010e-02,1.254766e-02,4.139655e-03,2.072472e-02,1.139302e-02,9.398263e-03,7.535715e-03,1.785125e-02,7.013534e-02,1.345614e-01,5.225125e-02,1.370319e-02,3.975462e-02,2.430654e-02,5.299673e-01
3.704497e-02,9.226678e-03,3.969706e-03,1.642433e-02,1.130382e-02,7.566435e-03,5.588815e-03,1.397027e-02,5.461606e-02,1.078222e-01,4.519065e-02,1.137249e-02,5.193687e-02,1.870942e-02,6.052573e-01
2.876441e-02,7.201196e-03,4.402265e-03,1.565626e-02,1.063801e-02,9.999041e-03,4.240868e-03,1.144648e-02,4.647468e-02,2.306135e-01,3.897019e-02,9.798799e-03,5.256935e-02,1.410422e-02,5.151208e-01
2.125345e-02,5.562050e-03,4.412075e-03,1.618609e-02,8.618226e-03,1.134350e-02,3.130714e-03,8.538380e-03,4.629274e-02,3.382628e-01,4.272211e-02,1.032149e-02,6.675972e-02,1.108518e-02,4.055115e-01
1.619975e-02,4.640369e-03,4.760677e-03,1.982043e-02,7.245686e-03,1.544372e-02,2.377873e-03,7.034109e-03,4.053724e-02,3.620612e-01,5.939487e-02,1.472132e-02,9.977721e-02,9.504621e-03,3.364809e-01
1.491058e-02,3.899630e-03,4.421189e-03,2.342941e-02,6.203314e-03,2.481448e-02,1.797703e-03,5.130589e-03,3.299887e-02,3.354487e-01,8.559908e-02,2.939417e-02,1.450567e-01,8.806614e-03,2.780890e-01
1.809891e-02,3.501978e-03,4.704011e-03,2.630242e-02,6.318368e-03,7.958771e-02,1.782781e-03,4.101015e-03,2.583484e-02,2.686574e-01,1.215207e-01,5.933624e-02,1.366316e-01,8.687236e-03,2.349348e-01
4.580085e-02,3.729607e-03,3.855735e-03,3.133905e-02,9.125361e-03,6.413375e-02,1.708136e-03,3.035048e-03,2.047905e-02,2.454710e-01,1.526363e-01,7.419963e-02,1.515174e-01,7.689609e-03,1.852796e-01
4.923215e-02,3.604755e-03,3.860811e-03,2.497079e-02,3.101025e-02,4.683920e-02,2.288817e-03,3.152248e-03,2.656653e-02,2.061657e-01,1.695000e-01,8.335830e-02,1.802536e-01,7.468270e-03,1.617286e-01
8.189908e-02,6.109586e-03,8.050201e-03,2.191063e-02,5.545410e-02,4.072479e-02,4.789344e-03,1.606117e-02,4.836636e-02,1.662318e-01,1.529039e-01,1.121124e-01,1.531605e-01,9.225424e-03,1.230008e-01
1.429200e-01,1.197349e-02,1.387233e-02,3.379666e-02,6.764834e-02,3.883772e-02,5.147494e-03,1.928488e-02,7.054386e-02,1.400350e-01,1.190105e-01,1.076626e-01,1.211574e-01,1.228144e-02,9.582845e-02
1.870530e-01,1.459132e-02,1.418935e-02,2.818830e-02,7.197231e-02,3.189487e-02,4.854349e-03,2.208010e-02,7.424966e-02,1.598524e-01,9.367143e-02,9.406723e-02,1.114578e-01,1.301420e-02,7.886374e-02
1.645912e-01,2.259477e-02,1.920462e-02,2.356088e-02,1.030828e-01,2.480225e-02,5.620758e-03,5.924979e-02,9.286012e-02,1.367757e-01,7.636278e-02,7.879792e-02,1.122807e-01,1.340529e-02,6.681046e-02
1.614659e-01,2.704840e-02,2.268304e-02,2.420993e-02,1.567682e-01,2.150700e-02,9.466236e-03,6.485306e-02,1.156136e-01,1.294751e-01,5.563684e-02,5.852307e-02,9.177093e-02,1.045409e-02,5.052466e-02
1.503168e-01,4.994480e-02,1.830435e-02,4.359727e-02,1.415827e-01,1.691171e-02,8.625031e-03,5.829768e-02,1.905435e-01,1.092546e-01,4.147316e-02,4.568119e-02,6.979026e-02,7.804646e-03,4.787237e-02
1.435306e-01,4.923723e-02,1.626660e-02,8.261911e-02,1.460991e-01,1.466466e-02,8.189512e-03,9.810176e-02,1.883263e-01,8.693358e-02,3.167506e-02,3.591959e-02,5.344093e-02,6.156503e-03,3.883943e-02
1.223380e-01,5.190018e-02,1.670143e-02,7.384117e-02,1.462193e-01,1.202690e-02,7.450670e-03,1.747627e-01,2.051746e-01,6.642184e-02,2.358898e-02,2.604652e-02,3.944868e-02,4.923685e-03,2.915531e-02
1.221027e-01,7.357386e-02,1.948992e-02,6.250393e-02,1.589346e-01,1.049035e-02,8.920650e-03,1.880474e-01,1.943638e-01,6.082736e-02,1.802199e-02,2.023936e-02,3.110460e-02,4.598457e-03,2.678105e-02
9.351107e-02,6.868400e-02,9.798264e-02,1.244733e-01,1.289757e-01,8.076102e-03,6.940250e-03,1.464771e-01,1.595653e-01,6.153145e-02,1.506261e-02,1.606094e-02,2.387116e-02,3.388572e-03,4.539976e-02
7.497737e-02,9.193168e-02,1.378080e-01,1.145594e-01,9.822262e-02,6.630795e-03,5.838918e-03,1.120913e-01,1.706494e-01,7.661797e-02,1.382342e-02,1.225487e-02,1.969815e-02,2.749267e-03,6.214683e-02
6.328990e-02,1.387333e-01,1.264005e-01,9.084964e-02,7.114539e-02,6.115905e-03,4.553166e-03,8.569102e-02,1.906045e-01,8.789919e-02,1.328417e-02,9.736991e-03,1.607665e-02,2.475953e-03,9.314366e-02
1.133945e-01,1.163592e-01,9.726058e-02,7.063368e-02,7.623290e-02,1.416939e-02,4.281117e-03,7.806318e-02,2.425307e-01,6.478530e-02,1.236010e-02,8.747527e-03,2.714363e-02,2.373048e-03,7.166509e-02
1.536159e-01,9.744927e-02,7.485890e-02,5.584698e-02,8.803216e-02,1.664719e-02,5.229050e-03,7.584003e-02,2.706102e-01,5.084996e-02,1.358530e-02,8.558488e-03,2.859245e-02,2.989069e-03,5.729499e-02
1.302646e-01,7.497066e-02,1.879683e-01,9.366952e-02,7.666589e-02,1.542099e-02,4.331500e-03,7.150199e-02,2.101847e-01,3.882740e-02,1.139557e-02,9.572109e-03,2.729074e-02,2.629647e-03,4.530636e-02
1.620044e-01,5.927262e-02,1.848890e-01,7.510103e-02,9.140836e-02,1.726985e-02,5.557629e-03,5.644974e-02,1.766332e-01,2.816925e-02,1.075918e-02,1.297114e-02,8.098058e-02,3.279469e-03,3.525452e-02
1.196261e-01,4.571370e-02,1.440555e-01,6.395272e-02,6.959727e-02,1.534269e-02,4.364906e-03,4.064582e-02,1.278870e-01,2.072728e-02,1.676282e-02,3.417500e-02,2.647625e-01,3.208530e-03,2.917813e-02
8.953580e-02,4.109041e-02,1.071174e-01,5.581180e-02,5.312959e-02,1.337607e-02,3.497299e-03,2.923775e-02,9.245577e-02,1.504304e-02,2.112108e-02,1.085692e-01,3.441116e-01,3.237538e-03,2.266571e-02
7.531087e-02,3.110162e-02,7.698905e-02,4.259041e-02,4.177327e-02,1.369719e-02,3.249162e-03,2.197661e-02,6.881436e-02,1.096165e-02,1.991335e-02,1.142909e-01,4.588162e-01,3.274510e-03,1.724079e-02
8.304181e-02,2.269118e-02,5.493198e-02,3.035034e-02,3.212996e-02,1.445772e-02,3.220508e-03,1.689598e-02,5.961396e-02,8.209907e-03,1.530047e-02,9.453317e-02,5.484399e-01,3.134273e-03,1.304880e-02
1.441687e-01,1.864254e-02,4.898021e-02,2.248317e-02,3.047492e-02,2.170199e-02,7.602386e-03,1.590713e-02,5.183836e-02,7.636840e-03,1.266753e-02,9.105428e-02,5.109257e-01,3.212339e-03,1.270392e-02
1.689487e-01,1.767787e-02,3.682883e-02,2.005048e-02,3.139684e-02,2.405475e-02,8.905550e-03,1.411053e-02,6.588914e-02,9.220359e-03,1.042455e-02,7.920949e-02,4.948539e-01,5.000810e-03,1.342827e-02
1.890546e-01,2.080247e-02,2.812186e-02,1.929478e-02,3.596100e-02,3.389568e-02,1.284610e-02,1.229938e-02,5.989804e-02,2.909463e-02,9.972374e-03,6.664381e-02,4.632368e-01,5.514967e-03,1.336349e-02
1.400438e-01,1.674516e-02,2.051888e-02,1.895409e-02,3.022146e-02,3.525225e-02,1.065649e-02,1.120850e-02,5.794236e-02,3.448253e-02,1.080186e-02,5.824351e-02,5.373653e-01,5.436293e-03,1.212749e-02
9.872773e-02,1.238457e-02,1.466881e-02,1.480676e-02,2.266112e-02,2.689970e-02,7.727742e-03,8.369452e-03,5.490971e-02,2.898829e-02,9.381786e-03,5.585590e-02,6.311074e-01,4.162455e-03,9.348533e-03
8.676170e-02,9.426512e-03,1.490128e-02,1.345981e-02,1.881416e-02,2.031349e-02,6.167616e-03,1.162849e-01,4.939587e-02,2.298610e-02,1.865288e-02,5.900030e-02,5.535271e-01,3.056129e-03,7.252079e-03
1.640943e-01,9.205902e-03,1.640423e-02,6.612148e-02,3.145548e-02,2.017712e-02,8.182958e-03,9.398457e-02,6.237965e-02,1.740519e-02,1.867995e-02,5.641146e-02,4.243945e-01,2.374053e-03,8.729175e-03
2.009309e-01,1.083951e-02,1.490546e-02,1.120824e-01,5.537728e-02,2.150541e-02,1.824752e-02,7.336961e-02,9.140608e-02,1.330466e-02,1.644309e-02,4.699263e-02,3.145005e-01,1.821170e-03,8.273819e-03
2.478529e-01,1.026625e-02,1.353846e-02,1.310736e-01,7.932794e-02,2.595714e-02,2.392474e-02,5.524522e-02,1.159029e-01,1.008705e-02,1.288829e-02,3.821503e-02,2.271266e-01,1.432461e-03,7.161458e-03
2.324353e-01,1.355499e-02,2.636318e-02,1.709139e-01,1.162719e-01,2.763901e-02,2.430143e-02,5.425375e-02,1.191584e-01,7.686868e-03,1.013545e-02,2.808362e-02,1.621764e-01,1.117135e-03,5.908611e-03
1.636530e-01,1.065144e-02,4.718702e-02,3.643914e-01,8.379059e-02,1.995634e-02,1.720754e-02,4.165169e-02,8.848908e-02,6.206872e-03,1.600766e-02,1.997542e-02,1.152949e-01,8.196816e-04,4.717376e-03
1.399809e-01,8.325862e-03,6.940833e-02,2.943705e-01,1.243770e-01,2.555393e-02,2.013826e-02,1.210318e-01,6.878965e-02,4.742476e-03,1.833977e-02,1.484979e-02,8.445296e-02,6.440743e-04,4.994711e-03
1.047282e-01,6.082620e-03,5.150669e-02,2.073595e-01,1.127937e-01,1.946418e-02,1.588698e-02,3.358926e-01,5.041993e-02,3.400630e-03,1.555826e-02,1.065807e-02,6.126119e-02,5.251366e-04,4.462305e-03
7.809412e-02,4.442268e-03,3.682235e-02,1.460093e-01,8.740048e-02,1.565053e-02,1.190808e-02,5.135068e-01,3.558782e-02,2.481112e-03,1.290314e-02,7.587205e-03,4.382676e-02,4.490085e-04,3.331017e-03
6.038181e-02,3.376763e-03,2.760804e-02,1.038250e-01,6.384270e-02,1.412128e-02,9.837501e-03,6.363124e-01,2.529581e-02,2.247103e-03,1.119253e-02,5.799404e-03,3.293039e-02,4.298197e-04,2.799512e-03
5.523203e-02,3.732405e-03,2.199480e-02,7.539990e-02,5.402195e-02,1.674576e-02,7.505802e-03,7.000934e-01,1.819626e-02,4.280866e-03,8.614596e-03,4.516392e-03,2.375431e-02,5.305025e-04,5.380992e-03
5.631277e-02,5.902024e-03,1.803363e-02,5.850818e-02,4.765967e-02,1.971798e-02,5.644817e-03,7.311607e-01,1.380155e-02,5.185102e-03,7.017615e-03,3.840129e-03,1.746497e-02,8.579573e-04,8.892911e-03
5.103426e-02,6.192277e-03,1.416586e-02,4.403541e-02,3.771303e-02,1.877890e-02,4.102356e-03,7.696474e-01,1.155668e-02,6.590325e-03,7.105238e-03,3.892925e-03,1.434253e-02,1.333119e-03,9.509802e-03
5.294905e-02,6.946223e-03,1.120016e-02,3.309905e-02,3.809455e-02,1.728823e-02,3.103917e-03,7.892875e-01,1.032048e-02,6.164656e-03,5.804048e-03,3.479008e-03,1.061917e-02,1.278392e-03,1.036562e-02
6.943420e-02,8.439556e-03,9.667023e-03,2.783754e-02,4.090643e-02,1.463223e-02,2.608396e-03,7.801368e-01,9.182093e-03,5.851709e-03,5.466725e-03,3.854794e-03,8.159677e-03,1.230839e-03,1.259203e-02
7.307273e-02,7.504062e-03,8.051225e-03,2.270550e-02,3.710911e-02,1.155713e-02,2.236511e-03,8.004739e-01,7.039485e-03,4.406440e-03,4.451673e-03,3.331261e-03,6.160916e-03,1.034027e-03,1.086607e-02
8.645512e-02,6.322144e-03,7.275283e-03,1.835039e-02,3.415661e-02,9.489154e-03,2.354258e-03,8.041824e-01,6.008685e-03,3.271231e-03,3.854413e-03,3.178684e-03,4.847091e-03,9.116300e-04,9.342997e-03
1.394103e-01,1.121332e-02,1.035682e-02,8.178151e-02,2.995965e-02,9.346657e-03,2.475275e-03,6.439869e-01,1.119054e-02,5.920667e-03,1.760172e-02,1.292484e-02,6.242744e-03,2.498694e-03,1.509037e-02
1.376386e-01,1.816155e-02,1.484429e-02,7.860596e-02,2.732263e-02,9.882613e-03,2.175339e-03,4.579790e-01,6.010529e-02,1.590539e-02,2.606355e-02,1.526254e-02,7.118878e-03,2.243696e-02,1.064975e-01
1.200978e-01,1.420185e-02,1.165975e-02,5.634003e-02,2.002201e-02,8.757371e-03,1.638865e-03,3.228180e-01,1.261293e-01,3.576856e-02,2.379610e-02,1.207552e-02,8.790847e-03,2.398576e-02,2.139182e-01
1.003436e-01,1.096594e-02,8.953553e-03,4.174524e-02,1.435437e-02,7.108394e-03,1.227181e-03,2.275816e-01,2.026280e-01,4.074097e-02,2.189500e-02,1.063723e-02,1.125300e-02,2.878994e-02,2.717760e-01
7.846077e-02,8.425353e-03,6.682805e-03,3.002112e-02,1.023983e-02,5.846621e-03,9.293332e-04,1.597510e-01,2.197818e-01,5.956429e-02,1.661962e-02,8.262849e-03,1.178940e-02,2.503400e-02,3.585913e-01
7.909826e-02,9.392455e-03,5.985598e-03,2.489298e-02,8.046355e-03,5.325014e-03,1.135311e-03,1.135900e-01,2.867398e-01,8.245502e-02,1.343866e-02,6.845448e-03,1.045534e-02,2.754891e-02,3.250508e-01
7.129622e-02,7.952220e-03,4.699197e-03,1.802816e-02,6.101166e-03,4.898545e-03,1.159149e-03,8.047035e-02,2.845839e-01,9.010136e-02,1.196496e-02,5.407487e-03,1.043289e-02,4.410249e-02,3.588019e-01
5.862258e-02,9.385803e-03,4.550396e-03,1.378459e-02,4.370901e-03,5.169084e-03,1.047933e-03,5.660305e-02,3.613975e-01,7.031016e-02,9.226082e-03,4.184345e-03,8.427383e-03,5.335789e-02,3.395623e-01
4.742615e-02,7.075426e-03,3.327427e-03,9.700845e-03,3.129551e-03,4.172358e-03,7.833889e-04,3.968024e-02,3.445008e-01,6.273445e-02,8.534013e-03,3.980809e-03,7.937106e-03,8.243707e-02,3.745803e-01
3.636065e-02,5.615840e-03,2.428977e-03,6.870549e-03,2.235958e-03,3.379489e-03,5.653629e-04,2.779547e-02,3.761494e-01,5.567065e-02,7.993582e-03,4.191492e-03,8.343914e-03,7.781629e-02,3.845823e-01
2.596393e-02,5.104157e-03,1.930461e-03,4.845635e-03,1.599930e-03,2.421806e-03,3.979461e-04,1.946170e-02,3.702927e-01,4.075290e-02,5.898790e-03,3.063762e-03,6.951784e-03,6.105337e-02,4.502611e-01
1.932420e-02,5.693501e-03,1.584876e-03,3.426718e-03,1.144448e-03,1.827235e-03,2.829734e-04,1.363649e-02,2.928658e-01,2.906311e-02,4.603866e-03,2.231497e-03,6.047057e-03,5.339082e-02,5.648775e-01
1.525631e-02,6.310496e-03,5.752181e-03,2.787531e-03,8.908084e-04,1.518110e-03,2.052293e-04,9.585975e-03,2.289810e-01,2.098057e-02,3.486434e-03,1.655935e-03,4.915322e-03,5.184222e-02,6.458319e-01
1.250519e-02,3.293613e-02,5.593108e-02,5.196016e-03,1.083460e-02,1.984485e-03,3.863941e-04,6.943878e-03,2.660843e-01,1.705163e-02,2.908736e-03,1.380763e-03,4.233792e-03,3.951564e-02,5.421073e-01
1.116923e-02,1.188053e-01,7.785878e-02,5.201826e-03,1.737265e-02,3.523260e-03,4.822172e-04,5.006416e-03,2.504935e-01,1.718156e-02,2.406170e-03,1.073581e-03,3.651991e-03,3.630454e-02,4.494690e-01
1.069958e-02,2.224852e-01,1.049669e-01,6.964859e-03,2.832188e-02,4.078802e-03,4.934233e-04,3.826131e-03,2.198237e-01,1.599948e-02,1.872051e-03,8.600179e-04,3.394173e-03,2.605563e-02,3.501581e-01
1.723010e-02,3.208047e-01,9.124497e-02,5.771851e-03,3.632399e-02,6.122375e-03,4.430982e-04,3.243474e-03,1.870185e-01,1.380106e-02,1.477180e-03,6.352005e-04,2.802929e-03,1.855862e-02,2.945220e-01
2.940946e-02,2.765993e-01,1.046872e-01,8.602751e-03,7.113831e-02,1.204733e-02,7.068842e-04,4.212392e-03,1.561728e-01,1.270251e-02,1.440099e-03,5.396194e-04,3.189614e-03,1.349370e-02,3.050580e-01
6.651866e-02,2.543096e-01,1.160700e-01,1.618337e-02,1.240626e-01,1.559414e-02,9.900471e-04,7.398532e-03,1.307204e-01,1.221485e-02,1.625827e-03,6.201649e-04,3.477538e-03,9.876145e-03,2.403381e-01
8.815260e-02,2.106808e-01,1.127385e-01,3.843028e-02,1.416138e-01,1.393299e-02,1.109443e-03,7.127199e-02,1.086415e-01,9.203623e-03,1.897060e-03,8.538753e-04,3.233991e-03,7.470601e-03,1.907689e-01
9.246049e-02,1.711076e-01,1.109937e-01,3.650969e-02,1.177304e-01,1.175724e-02,1.515502e-03,2.006335e-01,8.885603e-02,7.815902e-03,2.506329e-03,1.182745e-03,3.229561e-03,5.947992e-03,1.477534e-01
8.851550e-02,1.346288e-01,8.966792e-02,3.315687e-02,9.506090e-02,9.155810e-03,1.774046e-03,3.467947e-01,7.472949e-02,6.618818e-03,3.485425e-03,1.284787e-03,3.244132e-03,4.564710e-03,1.073181e-01
6.700426e-02,9.545142e-02,1.067900e-01,4.379161e-02,6.835155e-02,7.390237e-03,1.422222e-03,4.517658e-01,5.897732e-02,6.821606e-03,3.943848e-03,1.564665e-03,3.406737e-03,3.309378e-03,8.000940e-02
5.166827e-02,6.730063e-02,9.772016e-02,3.748243e-02,4.901202e-02,5.950241e-03,1.103593e-03,5.735222e-01,4.299193e-02,5.826761e-03,3.700870e-03,1.544780e-03,2.830944e-03,2.392876e-03,5.695240e-02
4.052750e-02,4.758490e-02,1.089430e-01,3.354459e-02,3.511415e-02,4.901081e-03,8.343356e-04,6.393970e-01,3.187918e-02,6.158218e-03,3.953500e-03,1.616996e-03,2.726258e-03,1.768700e-03,4.105072e-02
3.448287e-02,3.355093e-02,1.187731e-01,3.580727e-02,2.695850e-02,4.052989e-03,6.441094e-04,6.791592e-01,2.321592e-02,5.230575e-03,3.776141e-03,1.624709e-03,2.249486e-03,1.312325e-03,2.916188e-02
3.322726e-02,2.369869e-02,9.939966e-02,3.459172e-02,2.134804e-02,3.008763e-03,5.074435e-04,7.353134e-01,1.685142e-02,3.967885e-03,3.530011e-03,1.313930e-03,1.719081e-03,9.590387e-04,2.056368e-02
4.915157e-02,1.698790e-02,7.752110e-02,2.653415e-02,1.538263e-02,2.617611e-03,4.024977e-04,7.685577e-01,1.597766e-02,3.584735e-03,4.571271e-03,1.623165e-03,1.574059e-03,8.328254e-04,1.468110e-02
1.034633e-01,1.717737e-02,6.360880e-02,3.035450e-02,1.271727e-02,2.544107e-03,5.675165e-04,6.880382e-01,5.495314e-02,3.334934e-03,7.471619e-03,1.674907e-03,1.797947e-03,1.142244e-03,1.115408e-02
1.137357e-01,2.547917e-02,4.909796e-02,3.091492e-02,1.016921e-02,3.177685e-03,5.309722e-04,5.988671e-01,1.333136e-01,3.657978e-03,1.128158e-02,2.316100e-03,3.519797e-03,1.391585e-03,1.254665e-02
1.566929e-01,2.928114e-02,4.542529e-02,2.816587e-02,8.839034e-03,4.829825e-03,8.317992e-04,5.294960e-01,1.503942e-01,3.243319e-03,1.654606e-02,5.973650e-03,3.985408e-03,5.524314e-03,1.077121e-02
1.982091e-01,2.890240e-02,5.865675e-02,3.078004e-02,1.428191e-02,5.632408e-03,1.472953e-03,4.435860e-01,1.653565e-01,2.924949e-03,2.123474e-02,7.122399e-03,4.026944e-03,7.117981e-03,1.069491e-02
1.999536e-01,4.158252e-02,1.067206e-01,3.978759e-02,2.459911e-02,6.413198e-03,1.929174e-03,3.463069e-01,1.667335e-01,3.620748e-03,2.412043e-02,8.787494e-03,4.697869e-03,8.460297e-03,1.628694e-02
1.751429e-01,6.169596e-02,1.591075e-01,1.107003e-01,2.198753e-02,5.745566e-03,1.624290e-03,2.537635e-01,1.539922e-01,3.581674e-03,2.010298e-02,7.266182e-03,4.396927e-03,6.477178e-03,1.441537e-02
1.573820e-01,7.598003e-02,1.328357e-01,9.067045e-02,2.453852e-02,4.769108e-03,1.432868e-03,2.854876e-01,1.724603e-01,3.258232e-03,1.742374e-02,6.045904e-03,5.171681e-03,4.967418e-03,1.757635e-02
1.259921e-01,7.661383e-02,1.220836e-01,1.732951e-01,2.983831e-02,4.309051e-03,1.356711e-03,2.014969e-01,1.934898e-01,3.642914e-03,1.604341e-02,8.973062e-03,5.137007e-03,4.008552e-03,3.371952e-02
1.471817e-01,7.317959e-02,1.153929e-01,1.598443e-01,3.364847e-02,4.672294e-03,1.566177e-03,1.452495e-01,2.285496e-01,6.967956e-03,1.648906e-02,9.206482e-03,6.248318e-03,3.315448e-03,4.848824e-02
1.329718e-01,5.405305e-02,1.291980e-01,1.775329e-01,3.001441e-02,3.842263e-03,1.824947e-03,2.045583e-01,1.802024e-01,5.908491e-03,2.624278e-02,7.201415e-03,8.039077e-03,2.512524e-03,3.589765e-02
1.049218e-01,3.926009e-02,1.624399e-01,1.410024e-01,2.486361e-02,5.840887e-03,1.042031e-02,2.707629e-01,1.327034e-01,5.857481e-03,4.097347e-02,5.938336e-03,2.581489e-02,1.897220e-03,2.730330e-02
8.002974e-02,2.826724e-02,1.920875e-01,1.235434e-01,2.408771e-02,8.291915e-03,1.551228e-02,2.968931e-01,9.700416e-02,5.779590e-03,5.167414e-02,6.661207e-03,4.729656e-02,1.688992e-03,2.118248e-02
6.022545e-02,2.058113e-02,1.558143e-01,9.871912e-02,1.802373e-02,8.986669e-03,2.934882e-02,3.620270e-01,7.062611e-02,6.049017e-03,4.967314e-02,9.593883e-03,9.249707e-02,1.484320e-03,1.635023e-02
4.457173e-02,1.465386e-02,1.205525e-01,8.497697e-02,1.326105e-02,8.312313e-03,6.011054e-02,3.164406e-01,5.199509e-02,5.443641e-03,4.562696e-02,3.376777e-02,1.853947e-01,1.511657e-03,1.338061e-02
3.430837e-02,1.045742e-02,8.724473e-02,6.399240e-02,9.790254e-03,7.803562e-03,1.082938e-01,2.341367e-01,3.741494e-02,5.515933e-03,3.889634e-02,6.216532e-02,2.819151e-01,1.791077e-03,1.627414e-02
2.474010e-02,7.343164e-03,6.116817e-02,4.485997e-02,7.401292e-03,6.612142e-03,8.175646e-02,1.654251e-01,2.889610e-02,4.064891e-03,3.537645e-02,6.353316e-02,4.455658e-01,1.311806e-03,2.194545e-02
1.774449e-02,5.186746e-03,4.289949e-02,3.144107e-02,5.470287e-03,5.696463e-03,6.460331e-02,1.163179e-01,2.070087e-02,2.970548e-03,2.890285e-02,5.935576e-02,5.782164e-01,9.779619e-04,1.951588e-02
1.251212e-02,3.689195e-03,3.007923e-02,2.204716e-02,4.004397e-03,4.415602e-03,4.706697e-02,8.166818e-02,1.520521e-02,2.299201e-03,2.170447e-02,4.750358e-02,6.899064e-01,6.955789e-04,1.720275e-02
8.799113e-03,2.591796e-03,2.106080e-02,1.546657e-02,2.942969e-03,3.565568e-03,3.325084e-02,5.725008e-02,1.230781e-02,1.739299e-03,1.631731e-02,3.563336e-02,7.760743e-01,4.900067e-04,1.251019e-02
