1.000000e+00,0.000000e+00,0.000000e+00,0.000000e+00,0.000000e+00,0.000000e+00,0.000000e+00,0.000000e+00,0.000000e+00,0.000000e+00,0.000000e+00,0.000000e+00,0.000000e+00,0.000000e+00,0.000000e+00
1.000000e+00,0.000000e+00,0.000000e+00,0.000000e+00,0.000000e+00,0.000000e+00,0.000000e+00,0.000000e+00,0.000000e+00,0.000000e+00,0.000000e+00,0.000000e+00,0.000000e+00,0.000000e+00,0.000000e+00
1.000000e+00,0.000000e+00,0.000000e+00,0.000000e+00,0.000000e+00,0.000000e+00,0.000000e+00,0.000000e+00,0.000000e+00,0.000000e+00,0.000000e+00,0.000000e+00,0.000000e+00,0.000000e+00,0.000000e+00
1.000000e+00,0.000000e+00,0.000000e+00,0.000000e+00,0.000000e+00,0.000000e+00,0.000000e+00,0.000000e+00,0.000000e+00,0.000000e+00,0.000000e+00,0.000000e+00,0.000000e+00,0.000000e+00,0.000000e+00
1.000000e+00,0.000000e+00,0.000000e+00,0.000000e+00,0.000000e+00,0.000000e+00,0.000000e+00,0.000000e+00,0.000000e+00,0.000000e+00,0.000000e+00,0.000000e+00,0.000000e+00,0.000000e+00,0.000000e+00
1.000000e+00,0.000000e+00,0.000000e+00,0.000000e+00,0.000000e+00,0.000000e+00,0.000000e+00,0.000000e+00,0.000000e+00,0.000000e+00,0.000000e+00,0.000000e+00,0.000000e+00,0.000000e+00,0.000000e+00
1.000000e+00,0.000000e+00,0.000000e+00,0.000000e+00,0.000000e+00,0.000000e+00,0.000000e+00,0.000000e+00,0.000000e+00,0.000000e+00,0.000000e+00,0.000000e+00,0.000000e+00,0.000000e+00,0.000000e+00
1.000000e+00,0.000000e+00,0.000000e+00,0.000000e+00,0.000000e+00,0.000000e+00,0.000000e+00,0.000000e+00,0.000000e+00,0.000000e+00,0.000000e+00,0.000000e+00,0.000000e+00,0.000000e+00,0.000000e+00
1.000000e+00,0.000000e+00,0.000000e+00,0.000000e+00,0.000000e+00,0.000000e+00,0.000000e+00,0.000000e+00,0.000000e+00,0.000000e+00,0.000000e+00,0.000000e+00,0.000000e+00,0.000000e+00,0.000000e+00
1.000000e+00,0.000000e+00,0.000000e+00,0.000000e+00,0.000000e+00,0.000000e+00,0.000000e+00,0.000000e+00,0.000000e+00,0.000000e+00,0.000000e+00,0.000000e+00,0.000000e+00,0.000000e+00,0.000000e+00
1.000000e+00,0.000000e+00,0.000000e+00,0.000000e+00,0.000000e+00,0.000000e+00,0.000000e+00,0.000000e+00,0.000000e+00,0.000000e+00,0.000000e+00,0.000000e+00,0.000000e+00,0.000000e+00,0.000000e+00
1.000000e+00,0.000000e+00,0.000000e+00,0.000000e+00,0.000000e+00,0.000000e+00,0.000000e+00,0.000000e+00,0.000000e+00,0.000000e+00,0.000000e+00,0.000000e+00,0.000000e+00,0.000000e+00,0.000000e+00
1.000000e+00,0.000000e+00,0.000000e+00,0.000000e+00,0.000000e+00,0.000000e+00,0.000000e+00,0.000000e+00,0.000000e+00,0.000000e+00,0.000000e+00,0.000000e+00,0.000000e+00,0.000000e+00,0.000000e+00
1.000000e+00,0.000000e+00,0.000000e+00,0.000000e+00,0.000000e+00,0.000000e+00,0.000000e+00,0.000000e+00,0.000000e+00,0.000000e+00,0.000000e+00,0.000000e+00,0.000000e+00,0.000000e+00,0.000000e+00
1.000000e+00,0.000000e+00,0.000000e+00,0.000000e+00,0.000000e+00,0.000000e+00,0.000000e+00,0.000000e+00,0.000000e+00,0.000000e+00,0.000000e+00,0.000000e+00,0.000000e+00,0.000000e+00,0.000000e+00
1.000000e+00,0.000000e+00,0.000000e+00,0.000000e+00,0.000000e+00,0.000000e+00,0.000000e+00,0.000000e+00,0.000000e+00,0.000000e+00,0.000000e+00,0.000000e+00,0.000000e+00,0.000000e+00,0.000000e+00
1.000000e+00,0.000000e+00,0.000000e+00,0.000000e+00,0.000000e+00,0.000000e+00,0.000000e+00,0.000000e+00,0.000000e+00,0.000000e+00,0.000000e+00,0.000000e+00,0.000000e+00,0.000000e+00,0.000000e+00
1.000000e+00,0.000000e+00,0.000000e+00,0.000000e+00,0.000000e+00,0.000000e+00,0.000000e+00,0.000000e+00,0.000000e+00,0.000000e+00,0.000000e+00,0.000000e+00,0.000000e+00,0.000000e+00,0.000000e+00
1.000000e+00,0.000000e+00,0.000000e+00,0.000000e+00,0.000000e+00,0.000000e+00,0.000000e+00,0.000000e+00,0.000000e+00,0.000000e+00,0.000000e+00,0.000000e+00,0.000000e+00,0.000000e+00,0.000000e+00
1.000000e+00,0.000000e+00,0.000000e+00,0.000000e+00,0.000000e+00,0.000000e+00,0.000000e+00,0.000000e+00,0.000000e+00,0.000000e+00,0.000000e+00,0.000000e+00,0.000000e+00,0.000000e+00,0.000000e+00
1.000000e+00,0.000000e+00,0.000000e+00,0.000000e+00,0.000000e+00,0.000000e+00,0.000000e+00,0.000000e+00,0.000000e+00,0.000000e+00,0.000000e+00,0.000000e+00,0.000000e+00,0.000000e+00,0.000000e+00
1.000000e+00,0.000000e+00,0.000000e+00,0.000000e+00,0.000000e+00,0.000000e+00,0.000000e+00,0.000000e+00,0.000000e+00,0.000000e+00,0.000000e+00,0.000000e+00,0.000000e+00,0.000000e+00,0.000000e+00
1.000000e+00,0.000000e+00,0.000000e+00,0.000000e+00,0.000000e+00,0.000000e+00,0.000000e+00,0.000000e+00,0.000000e+00,0.000000e+00,0.000000e+00,0.000000e+00,0.000000e+00,0.000000e+00,0.000000e+00
1.000000e+00,0.000000e+00,0.000000e+00,0.000000e+00,0.000000e+00,0.000000e+00,0.000000e+00,0.000000e+00,0.000000e+00,0.000000e+00,0.000000e+00,0.000000e+00,0.000000e+00,0.000000e+00,0.000000e+00
1.000000e+00,0.000000e+00,0.000000e+00,0.000000e+00,0.000000e+00,0.000000e+00,0.000000e+00,0.000000e+00,0.000000e+00,0.000000e+00,0.000000e+00,0.000000e+00,0.000000e+00,0.000000e+00,0.000000e+00
1.000000e+00,0.000000e+00,0.000000e+00,0.000000e+00,0.000000e+00,0.000000e+00,0.000000e+00,0.000000e+00,0.000000e+00,0.000000e+00,0.000000e+00,0.000000e+00,0.000000e+00,0.000000e+00,0.000000e+00
1.000000e+00,0.000000e+00,0.000000e+00,0.000000e+00,0.000000e+00,0.000000e+00,0.000000e+00,0.000000e+00,0.000000e+00,0.000000e+00,0.000000e+00,0.000000e+00,0.000000e+00,0.000000e+00,0.000000e+00
1.000000e+00,0.000000e+00,0.000000e+00,0.000000e+00,0.000000e+00,0.000000e+00,0.000000e+00,0.000000e+00,0.000000e+00,0.000000e+00,0.000000e+00,0.000000e+00,0.000000e+00,0.000000e+00,0.000000e+00
1.000000e+00,0.000000e+00,0.000000e+00,0.000000e+00,0.000000e+00,0.000000e+00,0.000000e+00,0.000000e+00,0.000000e+00,0.000000e+00,0.000000e+00,0.000000e+00,0.000000e+00,0.000000e+00,0.000000e+00
1.000000e+00,0.000000e+00,0.000000e+00,0.000000e+00,0.000000e+00,0.000000e+00,0.000000e+00,0.000000e+00,0.000000e+00,0.000000e+00,0.000000e+00,0.000000e+00,0.000000e+00,0.000000e+00,0.000000e+00
1.000000e+00,0.000000e+00,0.000000e+00,0.000000e+00,0.000000e+00,0.000000e+00,0.000000e+00,0.000000e+00,0.000000e+00,0.000000e+00,0.000000e+00,0.000000e+00,0.000000e+00,0.000000e+00,0.000000e+00
1.000000e+00,0.000000e+00,0.000000e+00,0.000000e+00,0.000000e+00,0.000000e+00,0.000000e+00,0.000000e+00,0.000000e+00,0.000000e+00,0.000000e+00,0.000000e+00,0.000000e+00,0.000000e+00,0.000000e+00
1.000000e+00,0.000000e+00,0.000000e+00,0.000000e+00,0.000000e+00,0.000000e+00,0.000000e+00,0.000000e+00,0.000000e+00,0.000000e+00,0.000000e+00,0.000000e+00,0.000000e+00,0.000000e+00,0.000000e+00
1.000000e+00,0.000000e+00,0.000000e+00,0.000000e+00,0.000000e+00,0.000000e+00,0.000000e+00,0.000000e+00,0.000000e+00,0.000000e+00,0.000000e+00,0.000000e+00,0.000000e+00,0.000000e+00,0.000000e+00
1.000000e+00,0.000000e+00,0.000000e+00,0.000000e+00,0.000000e+00,0.000000e+00,0.000000e+00,0.000000e+00,0.000000e+00,0.000000e+00,0.000000e+00,0.000000e+00,0.000000e+00,0.000000e+00,0.000000e+00
1.000000e+00,0.000000e+00,0.000000e+00,0.000000e+00,0.000000e+00,0.000000e+00,0.000000e+00,0.000000e+00,0.000000e+00,0.000000e+00,0.000000e+00,0.000000e+00,0.000000e+00,0.000000e+00,0.000000e+00
1.000000e+00,0.000000e+00,0.000000e+00,0.000000e+00,0.000000e+00,0.000000e+00,0.000000e+00,0.000000e+00,0.000000e+00,0.000000e+00,0.000000e+00,0.000000e+00,0.000000e+00,0.000000e+00,0.000000e+00
1.000000e+00,0.000000e+00,0.000000e+00,0.000000e+00,0.000000e+00,0.000000e+00,0.000000e+00,0.000000e+00,0.000000e+00,0.000000e+00,0.000000e+00,0.000000e+00,0.000000e+00,0.000000e+00,0.000000e+00
1.000000e+00,0.000000e+00,0.000000e+00,0.000000e+00,0.000000e+00,0.000000e+00,0.000000e+00,0.000000e+00,0.000000e+00,0.000000e+00,0.000000e+00,0.000000e+00,0.000000e+00,0.000000e+00,0.000000e+00
1.000000e+00,0.000000e+00,0.000000e+00,0.000000e+00,0.000000e+00,0.000000e+00,0.000000e+00,0.000000e+00,0.000000e+00,0.000000e+00,0.000000e+00,0.000000e+00,0.000000e+00,0.000000e+00,0.000000e+00
1.000000e+00,0.000000e+00,0.000000e+00,0.000000e+00,0.000000e+00,0.000000e+00,0.000000e+00,0.000000e+00,0.000000e+00,0.000000e+00,0.000000e+00,0.000000e+00,0.000000e+00,0.000000e+00,0.000000e+00
1.000000e+00,0.000000e+00,0.000000e+00,0.000000e+00,0.000000e+00,0.000000e+00,0.000000e+00,0.000000e+00,0.000000e+00,0.000000e+00,0.000000e+00,0.000000e+00,0.000000e+00,0.000000e+00,0.000000e+00
1.000000e+00,0.000000e+00,0.000000e+00,0.000000e+00,0.000000e+00,0.000000e+00,0.000000e+00,0.000000e+00,0.000000e+00,0.000000e+00,0.000000e+00,0.000000e+00,0.000000e+00,0.000000e+00,0.000000e+00
1.000000e+00,0.000000e+00,0.000000e+00,0.000000e+00,0.000000e+00,0.000000e+00,0.000000e+00,0.000000e+00,0.000000e+00,0.000000e+00,0.000000e+00,0.000000e+00,0.000000e+00,0.000000e+00,0.000000e+00
1.000000e+00,0.000000e+00,0.000000e+00,0.000000e+00,0.000000e+00,0.000000e+00,0.000000e+00,0.000000e+00,0.000000e+00,0.000000e+00,0.000000e+00,0.000000e+00,0.000000e+00,0.000000e+00,0.000000e+00
1.000000e+00,0.000000e+00,0.000000e+00,0.000000e+00,0.000000e+00,0.000000e+00,0.000000e+00,0.000000e+00,0.000000e+00,0.000000e+00,0.000000e+00,0.000000e+00,0.000000e+00,0.000000e+00,0.000000e+00
1.000000e+00,0.000000e+00,0.000000e+00,0.000000e+00,0.000000e+00,0.000000e+00,0.000000e+00,0.000000e+00,0.000000e+00,0.000000e+00,0.000000e+00,0.000000e+00,0.000000e+00,0.000000e+00,0.000000e+00
1.000000e+00,0.000000e+00,0.000000e+00,0.000000e+00,0.000000e+00,0.000000e+00,0.000000e+00,0.000000e+00,0.000000e+00,0.000000e+00,0.000000e+00,0.000000e+00,0.000000e+00,0.000000e+00,0.000000e+00
1.000000e+00,0.000000e+00,0.000000e+00,0.000000e+00,0.000000e+00,0.000000e+00,0.000000e+00,0.000000e+00,0.000000e+00,0.000000e+00,0.000000e+00,0.000000e+00,0.000000e+00,0.000000e+00,0.000000e+00
4.548126e-01,1.689147e-02,3.010504e-02,7.621107e-02,1.001341e-02,2.590131e-02,4.549100e-03,1.160400e-02,1.097319e-01,2.941958e-02,2.435139e-02,7.582781e-02,6.357296e-02,2.128952e-02,4.571887e-02
4.694362e-01,1.479525e-02,4.497238e-02,6.358954e-02,1.057993e-02,2.521783e-02,4.652315e-03,1.389203e-02,9.284758e-02,2.756002e-02,2.956454e-02,6.335299e-02,6.346542e-02,2.181441e-02,5.425965e-02
4.579204e-01,1.432328e-02,5.636125e-02,7.255754e-02,1.053917e-02,2.786585e-02,4.171345e-03,1.332514e-02,7.345802e-02,2.269984e-02,3.138912e-02,6.922095e-02,6.489820e-02,2.239256e-02,5.887737e-02
4.220096e-01,1.324224e-02,4.276669e-02,6.927440e-02,9.565713e-03,2.986567e-02,3.789601e-03,1.002065e-02,6.716284e-02,2.137050e-02,3.265604e-02,8.793496e-02,7.350741e-02,3.691322e-02,7.992040e-02
4.762147e-01,1.298369e-02,3.203135e-02,5.761063e-02,8.981582e-03,3.108627e-02,4.152826e-03,8.014308e-03,6.351203e-02,1.942468e-02,2.873096e-02,8.003873e-02,6.544597e-02,3.388401e-02,7.788828e-02
4.674087e-01,1.281006e-02,2.442682e-02,4.455701e-02,7.647882e-03,2.396574e-02,4.091376e-03,6.391786e-03,6.587080e-02,3.081636e-02,2.585002e-02,6.437717e-02,6.302115e-02,4.235476e-02,1.164104e-01
4.492716e-01,9.910748e-03,2.172770e-02,3.860898e-02,6.233663e-03,2.045369e-02,3.462988e-03,6.210832e-03,6.023033e-02,3.244371e-02,2.927425e-02,5.482184e-02,7.670173e-02,6.328569e-02,1.273622e-01
4.001972e-01,9.549426e-03,2.097858e-02,3.118929e-02,1.005292e-02,1.527654e-02,4.959687e-03,6.406775e-03,6.063995e-02,3.267909e-02,2.867047e-02,4.258361e-02,7.399234e-02,6.348971e-02,1.993344e-01
3.602637e-01,9.403007e-03,1.867275e-02,2.801956e-02,4.181246e-02,1.253555e-02,5.485977e-03,8.739240e-03,6.021758e-02,2.961840e-02,3.739370e-02,3.698174e-02,9.589136e-02,7.693589e-02,1.780291e-01
2.865075e-01,7.624799e-03,1.434583e-02,2.321923e-02,3.481819e-02,1.081136e-02,5.445748e-03,9.440428e-03,5.560388e-02,2.544279e-02,5.233945e-02,4.939463e-02,2.096048e-01,7.215504e-02,1.432463e-01
2.517954e-01,6.658379e-03,1.101418e-02,1.928734e-02,2.901876e-02,1.010260e-02,4.687964e-03,8.604203e-03,5.101183e-02,2.853445e-02,7.676160e-02,6.561865e-02,2.611378e-01,6.423257e-02,1.115343e-01
1.919761e-01,5.727939e-03,8.282304e-03,1.517687e-02,2.313478e-02,8.158606e-03,3.657036e-03,6.552154e-03,5.614313e-02,2.772626e-02,1.070241e-01,5.677882e-02,2.534586e-01,7.826519e-02,1.579380e-01
1.476023e-01,6.046288e-03,6.772208e-03,1.257804e-02,1.791296e-02,1.304562e-02,2.980719e-03,4.765274e-03,4.494466e-02,6.118891e-02,1.233384e-01,5.775449e-02,2.219007e-01,6.123571e-02,2.179337e-01
1.219947e-01,7.239634e-03,6.708925e-03,1.142118e-02,1.374355e-02,1.633166e-02,2.311995e-03,3.511017e-03,4.361091e-02,1.274848e-01,1.447288e-01,6.810237e-02,2.124367e-01,5.084243e-02,1.695314e-01
9.377387e-02,8.450345e-03,1.286282e-02,1.353718e-02,1.203307e-02,1.208699e-02,1.801206e-03,5.002568e-03,9.197392e-02,1.209555e-01,1.496416e-01,1.071957e-01,2.125656e-01,3.685431e-02,1.212654e-01
7.334834e-02,1.202887e-02,2.138217e-02,2.773662e-02,1.123578e-02,9.439075e-03,1.459924e-03,5.803632e-02,1.361237e-01,1.072677e-01,1.333287e-01,1.022297e-01,1.855573e-01,2.850021e-02,9.232559e-02
5.574690e-02,2.260559e-02,4.152263e-02,4.567092e-02,1.464715e-02,8.054180e-03,1.186300e-03,4.634875e-02,1.906285e-01,9.252948e-02,1.122705e-01,7.713517e-02,1.363910e-01,5.709071e-02,9.817214e-02
4.134231e-02,2.220509e-02,4.305153e-02,9.198794e-02,1.343156e-02,7.342984e-03,9.163378e-04,3.334531e-02,2.649669e-01,7.855486e-02,9.361634e-02,5.592897e-02,1.003727e-01,5.641301e-02,9.652416e-02
3.085101e-02,2.048721e-02,3.407073e-02,8.274360e-02,1.092039e-02,6.306161e-03,7.287373e-04,2.485951e-02,2.790583e-01,8.918822e-02,9.645501e-02,4.512491e-02,8.045827e-02,9.497653e-02,1.037715e-01
2.259036e-02,1.963414e-02,2.620233e-02,6.056441e-02,8.678418e-03,4.943759e-03,5.492379e-04,2.005866e-02,2.793087e-01,7.462805e-02,1.514430e-01,3.689378e-02,6.681877e-02,1.422639e-01,8.542250e-02
1.602354e-02,1.615968e-02,1.886165e-02,4.270460e-02,6.781084e-03,3.574070e-03,3.969582e-04,1.424436e-02,3.099668e-01,5.443610e-02,1.115106e-01,2.639058e-02,4.893929e-02,1.375306e-01,1.924801e-01
1.414666e-02,3.978159e-02,1.782192e-02,3.098609e-02,6.538292e-03,3.150608e-03,4.522922e-04,1.672369e-02,3.233170e-01,3.986847e-02,8.367301e-02,1.933765e-02,3.601631e-02,1.844655e-01,1.837209e-01
2.069919e-02,6.796336e-02,8.399694e-02,2.566439e-02,1.475904e-02,3.798688e-03,1.039337e-03,5.244762e-02,2.725223e-01,3.005022e-02,6.374899e-02,1.399159e-02,2.650484e-02,1.732316e-01,1.495819e-01
3.332505e-02,7.770107e-02,1.637371e-01,2.291431e-02,3.481322e-02,8.200959e-03,1.236855e-03,4.991853e-02,2.202801e-01,2.283457e-02,4.687554e-02,9.958237e-03,1.902295e-02,1.444972e-01,1.446844e-01
3.818191e-02,8.341932e-02,1.606724e-01,1.794306e-02,4.295851e-02,8.352150e-03,1.326699e-03,3.816180e-02,1.791503e-01,1.774319e-02,3.346413e-02,7.044041e-03,1.370303e-02,1.257220e-01,2.321575e-01
3.859638e-02,8.123530e-02,2.344804e-01,3.173059e-02,7.974760e-02,8.405319e-03,2.548807e-03,4.210971e-02,1.343170e-01,1.475914e-02,2.364211e-02,4.976078e-03,9.881499e-03,8.967479e-02,2.038953e-01
3.379305e-02,6.797478e-02,3.175688e-01,7.001574e-02,6.493047e-02,6.604298e-03,1.973061e-03,3.077247e-02,9.889597e-02,1.994666e-02,1.682990e-02,3.553980e-03,7.748852e-03,6.288744e-02,1.965045e-01
5.703329e-02,7.551879e-02,3.614835e-01,8.674629e-02,7.190405e-02,7.356090e-03,2.003311e-03,2.528051e-02,7.369396e-02,1.700795e-02,1.213169e-02,2.628243e-03,5.867878e-03,4.494903e-02,1.563954e-01
5.239146e-02,8.221966e-02,3.568532e-01,1.712042e-01,6.819109e-02,6.843244e-03,1.847400e-03,1.930525e-02,5.474227e-02,1.423237e-02,8.684048e-03,1.908518e-03,4.208009e-03,3.165839e-02,1.257110e-01
5.956500e-02,7.696827e-02,3.592065e-01,1.986314e-01,7.457332e-02,8.555572e-03,2.489134e-03,1.517323e-02,4.280503e-02,1.361168e-02,6.333611e-03,1.466457e-03,3.410108e-03,2.241246e-02,1.147983e-01
9.472109e-02,8.125099e-02,3.167464e-01,1.757033e-01,1.085858e-01,1.205876e-02,3.863736e-03,1.580916e-02,3.705366e-02,1.370383e-02,4.771508e-03,1.262345e-03,2.927255e-03,1.694975e-02,1.145924e-01
8.846860e-02,8.927687e-02,3.031451e-01,1.836037e-01,1.138305e-01,1.783338e-02,5.513683e-03,1.836945e-02,3.306496e-02,1.285734e-02,4.137477e-03,1.177977e-03,2.617088e-03,1.236306e-02,1.137408e-01
1.061998e-01,1.125420e-01,2.689399e-01,1.678179e-01,1.220950e-01,1.968516e-02,5.700511e-03,2.148383e-02,4.129814e-02,1.117873e-02,4.196256e-03,1.377690e-03,2.475786e-03,9.868927e-03,1.051403e-01
1.074397e-01,1.210615e-01,2.769019e-01,1.644024e-01,1.191540e-01,1.940334e-02,5.512112e-03,1.968885e-02,3.677108e-02,9.675698e-03,3.588125e-03,1.323302e-03,2.243626e-03,7.380377e-03,1.054539e-01
7.919757e-02,1.152447e-01,1.965128e-01,1.230070e-01,8.459708e-02,1.375269e-01,3.911853e-03,1.384660e-02,4.076741e-02,7.491229e-03,4.977899e-03,1.053582e-03,1.646405e-03,1.977556e-02,1.704434e-01
6.405722e-02,9.551783e-02,1.387863e-01,9.455796e-02,6.131607e-02,2.531966e-01,2.913888e-03,1.316137e-02,3.480911e-02,7.218358e-03,1.372204e-02,1.514206e-03,1.989070e-03,5.878923e-02,1.584507e-01
6.645438e-02,7.362471e-02,9.964120e-02,6.916614e-02,4.548188e-02,2.406327e-01,2.254853e-03,1.026394e-02,3.122876e-02,1.664365e-02,1.557175e-02,2.117039e-03,2.494260e-03,1.011800e-01,2.232447e-01
6.069747e-02,5.564011e-02,7.267019e-02,5.245865e-02,3.321289e-02,2.138910e-01,1.812903e-03,7.534691e-03,4.288144e-02,7.183231e-02,1.948779e-02,2.428989e-03,2.487564e-03,1.091244e-01,2.538396e-01
4.455059e-02,4.187139e-02,7.776275e-02,5.904574e-02,2.457851e-02,1.537457e-01,1.411906e-03,5.521090e-03,6.815816e-02,9.541919e-02,1.618918e-02,2.032242e-03,2.538829e-03,8.073471e-02,3.264400e-01
3.179075e-02,2.993742e-02,5.595741e-02,4.238159e-02,1.745591e-02,1.087684e-01,1.063483e-03,3.900822e-03,5.958950e-02,1.185227e-01,1.159480e-02,1.497119e-03,2.198461e-03,6.718874e-02,4.481529e-01
2.276162e-02,2.312319e-02,5.370347e-02,8.168719e-02,1.376580e-02,7.718818e-02,1.053988e-03,2.972127e-03,1.161738e-01,9.854599e-02,8.539056e-03,1.156366e-03,2.015367e-03,4.949100e-02,4.478229e-01
2.051417e-02,1.723988e-02,3.899721e-02,5.855422e-02,9.880100e-03,5.459744e-02,8.264047e-04,2.191377e-03,8.657952e-02,7.208903e-02,6.230092e-03,1.190524e-03,1.738240e-03,6.442122e-02,5.649506e-01
1.775445e-02,1.232561e-02,2.771977e-02,4.129486e-02,6.998828e-03,3.843501e-02,6.329819e-04,1.579042e-03,6.105860e-02,5.164142e-02,4.783259e-03,1.053865e-03,1.327412e-03,1.057304e-01,6.276645e-01
2.653410e-02,9.091704e-03,2.015036e-02,2.942713e-02,5.137555e-03,2.720970e-02,5.136165e-04,1.228320e-03,4.643496e-02,3.884240e-02,4.795613e-03,1.050198e-03,1.182075e-03,1.820911e-01,6.063112e-01
3.991902e-02,6.725715e-03,1.427991e-02,2.085685e-02,3.838160e-03,1.938794e-02,4.156957e-04,9.467575e-04,3.581150e-02,2.989681e-02,4.838173e-03,1.093191e-03,1.273736e-03,2.973387e-01,5.233779e-01
4.536864e-02,5.651682e-03,1.024478e-02,1.719614e-02,2.903846e-03,1.398340e-02,3.886041e-04,7.606649e-04,6.506296e-02,2.465150e-02,4.492666e-03,1.023813e-03,1.729819e-03,2.455730e-01,5.609685e-01
5.342702e-02,5.314147e-03,7.285512e-03,1.424266e-02,2.269369e-03,1.009905e-02,3.850888e-04,6.460031e-04,7.293244e-02,2.143020e-02,3.876831e-03,8.893182e-04,1.958311e-03,3.247485e-01,4.804956e-01
4.337364e-02,4.435111e-03,5.268412e-03,1.118022e-02,1.822886e-03,7.200695e-03,3.215671e-04,4.902816e-04,9.759557e-02,1.910159e-02,3.406442e-03,6.848196e-04,1.667762e-03,3.886277e-01,4.148233e-01
4.137992e-02,7.481972e-03,4.204626e-03,1.072091e-02,1.655410e-03,5.257774e-03,2.943283e-04,4.096117e-04,1.213706e-01,2.033971e-02,3.330353e-03,6.288896e-04,1.751995e-03,4.246719e-01,3.565019e-01
5.412827e-02,8.840934e-03,3.308595e-03,9.520479e-03,2.295268e-03,3.914219e-03,3.281715e-04,3.908341e-04,1.153110e-01,2.143736e-02,3.787065e-03,6.414372e-04,2.083350e-03,4.691213e-01,3.048917e-01
6.797300e-02,1.255351e-02,3.111055e-03,8.327335e-03,3.170926e-03,3.188782e-03,3.448825e-04,4.922308e-04,1.012431e-01,1.949151e-02,3.936549e-03,7.210932e-04,2.422380e-03,4.980956e-01,2.749280e-01
5.364020e-02,9.372750e-03,2.222938e-03,5.905068e-03,2.282316e-03,2.310885e-03,2.648789e-04,3.630337e-04,8.903602e-02,1.726240e-02,3.818314e-03,5.714050e-04,1.796451e-03,5.951083e-01,2.160451e-01
4.016516e-02,6.815096e-03,1.574655e-03,4.175975e-03,1.633705e-03,1.684463e-03,2.000272e-04,2.622734e-04,7.212155e-02,1.546962e-02,3.547536e-03,4.422438e-04,1.323144e-03,6.840619e-01,1.665226e-01
3.188178e-02,5.754556e-03,1.195871e-03,3.023497e-03,1.336450e-03,1.345432e-03,1.569401e-04,2.100703e-04,6.699438e-02,1.947316e-02,4.413849e-03,3.902637e-04,1.072488e-03,7.260942e-01,1.366570e-01
3.213349e-02,6.940654e-03,9.706788e-04,2.311356e-03,1.412351e-03,1.177841e-03,1.453165e-04,2.234683e-04,7.033712e-02,2.330116e-02,4.673482e-03,3.833642e-04,1.070569e-03,7.397882e-01,1.151310e-01
5.058736e-02,9.957856e-03,1.206934e-03,1.871623e-03,1.901224e-03,1.303642e-03,1.761758e-04,3.371937e-04,7.202221e-02,2.399424e-02,5.148267e-03,4.839632e-04,1.383586e-03,7.147982e-01,1.148275e-01
8.114815e-02,1.747215e-02,2.557049e-03,2.485144e-03,3.818668e-03,3.527866e-03,2.738600e-04,5.277356e-04,1.114081e-01,3.404555e-02,6.587751e-03,6.976276e-04,2.674665e-03,5.777133e-01,1.550625e-01
6.398593e-02,2.223132e-02,9.107088e-03,1.735282e-02,4.847771e-03,2.966725e-03,2.554360e-04,8.113373e-04,2.285032e-01,3.452703e-02,6.053211e-03,1.023378e-03,3.191248e-03,4.217944e-01,1.833490e-01
5.283272e-02,2.442839e-02,1.187408e-02,2.308061e-02,3.825489e-03,2.535111e-03,2.650258e-04,1.571027e-03,3.613707e-01,3.447943e-02,8.699954e-03,1.750830e-03,1.028878e-02,3.012107e-01,1.617871e-01
8.774150e-02,2.872109e-02,1.651258e-02,3.142015e-02,3.370238e-03,2.849507e-03,3.865117e-04,2.451082e-03,3.436090e-01,3.166336e-02,3.648376e-02,5.520947e-03,2.979783e-02,2.224389e-01,1.570335e-01
6.676145e-02,2.269933e-02,3.730189e-02,8.238892e-02,5.009695e-03,2.437147e-03,7.705217e-04,4.937105e-02,3.068359e-01,2.710737e-02,4.807463e-02,6.410358e-03,3.615347e-02,1.582376e-01,1.504406e-01
5.091398e-02,1.690555e-02,7.203468e-02,7.213555e-02,5.235507e-03,2.437406e-03,2.473483e-03,2.074849e-01,2.203149e-01,2.893438e-02,4.215086e-02,5.460297e-03,2.801492e-02,1.123706e-01,1.331329e-01
3.826816e-02,1.227450e-02,8.054388e-02,5.589778e-02,7.260968e-03,2.491366e-03,7.228267e-03,3.803634e-01,1.557784e-01,2.272690e-02,3.158329e-02,3.951425e-03,2.000668e-02,7.933500e-02,1.022900e-01
2.815080e-02,8.788116e-03,7.110105e-02,4.225371e-02,5.907753e-03,2.496216e-03,6.934065e-03,5.393932e-01,1.094474e-01,1.685613e-02,2.349771e-02,2.895267e-03,1.441676e-02,5.566065e-02,7.220121e-02
2.074145e-02,6.388904e-03,5.844843e-02,3.133166e-02,5.082427e-03,2.253089e-03,9.493716e-03,6.561593e-01,7.698327e-02,1.246454e-02,1.757727e-02,2.129187e-03,1.066757e-02,3.905341e-02,5.122576e-02
1.579016e-02,4.623425e-03,4.623553e-02,2.299385e-02,4.515049e-03,2.367612e-03,7.628294e-03,7.460700e-01,5.412893e-02,9.152592e-03,1.277658e-02,1.574878e-03,8.152638e-03,2.752572e-02,3.646472e-02
1.251916e-02,3.396494e-03,3.564607e-02,1.716066e-02,4.029338e-03,2.134446e-03,7.135838e-03,8.054711e-01,3.916836e-02,7.056880e-03,1.074588e-02,1.284108e-03,6.877602e-03,1.950498e-02,2.786907e-02
1.055146e-02,2.635789e-03,2.961151e-02,1.369940e-02,3.579442e-03,2.054352e-03,1.450121e-02,8.309307e-01,2.867563e-02,5.815257e-03,8.909375e-03,1.192743e-03,7.670964e-03,1.385423e-02,2.631797e-02
1.158148e-02,2.281833e-03,3.214869e-02,1.173730e-02,3.621134e-03,2.036727e-03,2.401332e-02,8.087373e-01,2.121458e-02,5.120957e-03,6.853642e-03,1.161899e-03,2.341866e-02,9.971320e-03,3.610119e-02
1.450507e-02,2.197559e-03,3.258301e-02,9.730021e-03,4.715515e-03,2.105693e-03,3.275715e-02,7.967026e-01,1.592304e-02,4.653519e-03,5.947115e-03,1.116291e-03,2.580686e-02,7.218537e-03,4.403804e-02
1.783038e-02,2.206141e-03,2.799067e-02,7.517523e-03,5.699218e-03,2.266227e-03,3.324605e-02,8.176564e-01,1.216030e-02,3.725824e-03,4.553019e-03,1.007633e-03,2.268966e-02,5.261991e-03,3.618899e-02
2.787433e-02,2.455462e-03,2.511748e-02,5.886419e-03,7.265708e-03,2.502013e-03,4.405633e-02,8.124919e-01,1.088652e-02,3.011801e-03,3.476386e-03,9.349909e-04,1.983894e-02,3.838961e-03,3.036268e-02
3.563260e-02,2.320432e-03,2.169638e-02,4.546795e-03,6.374760e-03,3.205581e-03,7.775967e-02,7.841324e-01,8.505942e-03,2.757058e-03,2.696011e-03,9.049134e-04,1.967095e-02,2.986584e-03,2.680987e-02
3.229567e-02,1.775044e-03,1.889282e-02,3.812618e-03,4.909145e-03,5.688326e-03,2.373732e-01,6.447376e-01,6.228159e-03,3.427304e-03,2.059004e-03,7.430798e-04,1.508154e-02,2.449852e-03,2.052661e-02
4.058907e-02,2.245008e-03,1.491886e-02,3.171633e-03,4.063379e-03,1.234845e-02,2.496805e-01,5.964489e-01,5.592580e-03,1.186684e-02,6.209130e-03,1.943048e-03,1.711324e-02,3.602807e-03,3.020658e-02
5.358832e-02,3.088516e-03,1.226514e-02,5.000518e-03,3.447914e-03,1.560796e-02,1.906282e-01,5.497179e-01,6.087014e-03,3.673956e-02,4.584032e-02,1.331147e-02,2.333258e-02,6.955568e-03,3.438900e-02
9.300652e-02,3.833772e-03,9.765180e-03,5.761193e-03,4.193008e-03,1.684788e-02,1.792905e-01,4.364132e-01,8.468486e-03,3.316223e-02,1.005121e-01,1.490259e-02,3.051494e-02,1.750950e-02,4.581886e-02
1.467967e-01,4.145603e-03,8.130088e-03,6.055439e-03,4.467490e-03,1.496282e-02,1.412719e-01,3.359936e-01,1.234734e-02,4.154301e-02,1.421775e-01,1.618193e-02,3.310015e-02,3.376970e-02,5.905669e-02
1.369629e-01,5.295645e-03,8.237958e-03,1.541065e-02,1.191603e-02,1.270007e-02,1.034357e-01,2.384705e-01,2.414275e-02,1.421973e-01,1.367519e-01,2.148561e-02,3.463364e-02,3.801701e-02,7.034232e-02
1.447296e-01,7.253610e-03,7.312133e-03,2.636883e-02,2.490330e-02,1.284624e-02,8.544842e-02,1.924792e-01,4.959867e-02,1.841821e-01,1.169919e-01,2.369162e-02,3.086469e-02,3.402141e-02,5.930837e-02
1.412052e-01,7.610307e-03,6.366074e-03,3.430419e-02,3.064479e-02,2.176824e-02,6.267612e-02,1.475824e-01,7.404194e-02,1.657473e-01,1.118964e-01,7.712026e-02,4.092524e-02,2.812747e-02,4.998410e-02
1.081870e-01,6.399336e-03,4.844555e-03,2.943613e-02,3.791252e-02,1.782899e-02,4.433854e-02,1.046438e-01,6.931274e-02,3.025028e-01,8.338922e-02,7.074772e-02,4.543833e-02,2.728884e-02,4.772965e-02
1.036943e-01,5.618516e-03,3.906792e-03,4.672304e-02,5.195759e-02,1.662666e-02,3.202327e-02,7.624923e-02,7.868157e-02,2.742482e-01,8.483656e-02,6.933486e-02,6.824659e-02,3.016639e-02,5.768646e-02
8.123671e-02,4.325244e-03,3.008679e-03,5.398309e-02,4.297569e-02,1.454495e-02,2.261852e-02,5.389886e-02,7.075245e-02,2.066865e-01,1.015297e-01,1.019757e-01,1.644727e-01,2.619401e-02,5.179724e-02
6.245963e-02,3.661183e-03,2.661031e-03,5.370887e-02,3.314881e-02,1.174407e-02,1.602094e-02,3.964932e-02,8.533867e-02,1.644859e-01,1.439160e-01,1.270476e-01,1.905985e-01,2.162717e-02,4.393230e-02
5.056860e-02,3.109785e-03,2.853481e-03,5.747718e-02,2.734376e-02,1.138062e-02,1.142503e-02,2.811750e-02,7.199161e-02,2.932162e-01,1.165411e-01,9.810554e-02,1.527248e-01,2.326496e-02,5.187982e-02
4.312745e-02,2.658784e-03,2.747500e-03,5.789876e-02,2.360949e-02,1.165327e-02,8.247579e-03,2.163526e-02,7.158741e-02,3.633116e-01,1.038771e-01,7.715011e-02,1.319754e-01,2.562155e-02,5.489872e-02
3.418879e-02,2.612052e-03,2.489286e-03,5.764577e-02,1.969705e-02,1.279541e-02,6.078489e-03,1.642216e-02,6.760408e-02,4.147415e-01,8.803867e-02,6.421048e-02,1.112304e-01,2.488141e-02,7.736441e-02
2.675457e-02,3.249454e-03,2.407768e-03,4.991647e-02,1.612114e-02,1.295578e-02,4.377456e-03,1.307722e-02,6.519505e-02,4.357586e-01,8.417912e-02,6.395537e-02,1.125763e-01,2.608906e-02,8.338662e-02
1.995900e-02,7.635475e-03,3.447493e-03,4.046604e-02,1.462519e-02,1.099273e-02,3.119659e-03,1.115220e-02,7.462596e-02,4.455765e-01,9.772706e-02,6.492671e-02,1.047893e-01,2.910206e-02,7.185457e-02
1.581113e-02,7.649928e-03,3.098898e-03,3.187890e-02,1.451357e-02,1.242463e-02,2.235291e-03,8.529399e-03,6.485084e-02,5.434961e-01,8.167162e-02,5.002059e-02,8.093693e-02,2.318556e-02,5.969656e-02
1.596304e-02,9.083117e-03,6.539252e-03,3.558030e-02,1.384772e-02,1.210994e-02,1.671777e-03,6.460743e-03,6.214393e-02,6.089528e-01,6.347094e-02,3.968427e-02,6.135158e-02,1.745588e-02,4.568470e-02
1.422367e-02,8.453664e-03,5.789665e-03,2.686175e-02,1.065342e-02,1.070645e-02,1.199527e-03,4.619948e-03,4.935839e-02,6.866319e-01,5.294534e-02,3.271645e-02,4.649024e-02,1.377749e-02,3.557212e-02
1.198005e-02,7.604304e-03,5.125367e-03,1.966458e-02,8.160815e-03,8.107178e-03,8.554324e-04,3.369559e-03,3.895921e-02,7.605257e-01,3.957052e-02,2.499124e-02,3.454566e-02,1.041485e-02,2.612557e-02
9.392491e-03,6.236059e-03,5.790104e-03,1.397471e-02,8.266639e-03,6.043734e-03,6.509497e-04,2.682819e-03,2.942025e-02,8.183007e-01,2.856559e-02,1.796500e-02,2.567142e-02,7.741272e-03,1.929826e-02
7.527784e-03,4.851353e-03,4.491491e-03,1.000329e-02,6.283314e-03,4.534673e-03,4.885732e-04,2.047556e-03,2.151965e-02,8.645064e-01,2.135426e-02,1.346832e-02,1.929300e-02,5.650700e-03,1.397963e-02
6.605032e-03,3.675819e-03,3.344468e-03,7.403439e-03,4.610646e-03,3.576830e-03,3.609486e-04,1.657808e-03,1.626360e-02,8.844312e-01,2.068414e-02,1.516807e-02,1.769036e-02,4.483187e-03,1.004445e-02
6.062923e-03,2.729881e-03,2.443814e-03,5.415497e-03,3.550582e-03,2.972793e-03,2.707628e-04,1.378983e-03,1.231140e-02,8.760010e-01,3.273775e-02,2.592014e-02,1.732187e-02,3.648921e-03,7.233675e-03
5.370554e-03,2.126466e-03,1.999899e-03,4.407878e-03,3.536688e-03,2.790437e-03,2.198315e-04,1.909767e-03,1.348071e-02,8.654442e-01,4.050983e-02,3.210875e-02,1.792556e-02,2.925773e-03,5.243641e-03
5.419226e-03,1.790364e-03,3.241688e-03,4.201764e-03,4.825576e-03,3.985704e-03,2.086887e-04,3.871766e-03,1.448910e-02,8.492101e-01,4.578630e-02,3.406241e-02,2.242556e-02,2.495542e-03,3.986216e-03
6.494091e-03,1.957328e-03,5.475084e-03,5.056882e-03,4.288679e-03,1.186009e-02,2.399540e-04,3.160757e-03,1.308365e-02,8.479112e-01,4.078466e-02,3.255085e-02,2.209955e-02,1.929685e-03,3.107564e-03
3.151933e-02,2.463299e-03,6.519361e-03,8.776982e-03,4.754332e-03,1.299293e-02,3.377308e-04,3.814752e-03,2.101701e-02,7.980834e-01,4.428239e-02,3.483595e-02,2.569683e-02,2.039916e-03,2.865901e-03
2.638353e-02,2.014432e-03,5.188802e-03,6.473213e-03,4.533606e-03,9.457909e-03,2.645904e-04,2.894386e-03,1.560357e-02,8.434970e-01,3.370699e-02,2.543270e-02,2.075403e-02,1.647084e-03,2.148251e-03
2.997883e-02,2.396124e-03,4.931753e-03,7.964280e-03,5.122465e-03,7.162104e-03,3.152081e-04,3.234514e-03,1.601090e-02,8.492461e-01,2.856404e-02,2.231855e-02,1.867884e-02,1.879168e-03,2.197205e-03
4.404683e-02,2.211024e-03,4.174395e-03,8.194974e-03,5.010476e-03,6.468606e-03,3.076594e-04,3.394601e-03,1.557647e-02,8.326651e-01,3.420910e-02,2.182962e-02,1.679782e-02,2.745413e-03,2.367985e-03
8.544568e-02,5.426709e-03,5.341736e-03,1.705443e-02,8.320764e-03,8.605475e-03,3.164191e-04,3.329406e-03,2.468955e-02,7.448697e-01,5.249325e-02,2.116627e-02,1.479799e-02,4.184107e-03,3.958568e-03
1.362770e-01,6.184899e-03,7.008781e-03,1.586502e-02,1.345555e-02,7.087331e-03,3.687094e-04,7.006148e-03,4.058073e-02,6.360410e-01,6.755342e-02,2.406498e-02,1.497283e-02,1.897767e-02,4.555928e-03
1.356364e-01,5.835227e-03,6.358210e-03,1.297718e-02,1.328922e-02,6.579792e-03,3.357368e-04,5.538596e-03,3.468579e-02,6.516399e-01,6.595241e-02,2.100687e-02,1.315279e-02,2.171206e-02,5.299920e-03
1.777779e-01,5.804786e-03,6.014520e-03,1.403761e-02,1.027539e-02,9.169612e-03,3.398524e-04,4.435595e-03,3.721104e-02,5.988430e-01,7.361691e-02,2.481681e-02,1.168011e-02,1.961423e-02,6.362663e-03
1.906342e-01,6.468403e-03,4.928736e-03,1.433777e-02,8.286741e-03,8.965706e-03,3.951685e-04,3.879454e-03,3.600139e-02,5.512354e-01,1.038925e-01,3.330386e-02,1.150074e-02,1.874994e-02,7.419987e-03
1.683142e-01,8.632110e-03,4.028354e-03,1.287556e-02,6.474991e-03,9.244765e-03,3.311948e-04,3.094372e-03,3.265455e-02,6.147038e-01,8.223060e-02,2.634596e-02,9.313400e-03,1.522559e-02,6.530660e-03
1.249137e-01,7.382715e-03,2.937738e-03,9.247132e-03,4.920635e-03,7.607920e-03,2.458097e-04,2.234016e-03,2.637977e-02,7.123142e-01,5.962031e-02,1.909677e-02,6.829096e-03,1.143483e-02,4.835379e-03
1.026634e-01,6.845207e-03,2.297064e-03,6.765139e-03,4.276572e-03,6.247864e-03,2.059714e-04,1.643292e-03,2.261315e-02,7.706300e-01,4.378833e-02,1.419917e-02,5.255285e-03,8.953827e-03,3.615759e-03
1.524842e-01,1.303004e-02,3.691789e-03,5.524354e-03,4.460300e-03,4.765210e-03,2.129335e-04,1.589564e-03,3.864931e-02,6.797856e-01,4.577342e-02,2.167663e-02,7.205279e-03,1.256231e-02,8.589028e-03
1.472367e-01,1.184808e-02,3.067228e-03,5.461765e-03,4.122176e-03,4.612856e-03,2.376672e-04,1.901219e-03,3.525608e-02,6.765598e-01,5.198573e-02,2.724016e-02,8.121747e-03,1.560464e-02,6.744205e-03
1.650581e-01,9.567538e-03,2.314048e-03,4.276894e-03,3.572822e-03,5.036525e-03,1.898493e-04,1.777036e-03,2.700385e-02,5.818031e-01,1.204457e-01,4.714002e-02,6.775529e-03,1.984932e-02,5.189693e-03
1.539231e-01,7.987330e-03,2.639393e-03,3.526449e-03,3.481268e-03,4.256408e-03,1.682496e-04,1.488782e-03,2.083405e-02,4.919150e-01,2.049183e-01,4.335436e-02,5.896769e-03,5.056928e-02,5.041185e-03
2.067134e-01,6.661253e-03,2.231082e-03,3.127103e-03,2.886239e-03,4.836271e-03,1.798201e-04,1.368045e-03,1.628070e-02,4.746433e-01,1.747096e-01,3.877611e-02,4.984227e-03,5.753782e-02,5.065001e-03
2.234458e-01,8.054916e-03,3.875208e-03,3.287766e-03,2.940423e-03,4.300038e-03,2.378561e-04,2.090402e-03,1.673727e-02,4.377332e-01,1.614504e-01,4.050618e-02,4.817573e-03,8.249471e-02,8.028294e-03
2.109174e-01,8.491175e-03,3.497381e-03,3.859141e-03,3.593515e-03,5.395318e-03,5.383657e-04,2.192676e-03,1.507250e-02,4.589556e-01,1.577881e-01,4.214256e-02,4.429498e-03,7.335144e-02,9.775367e-03
1.756777e-01,8.017632e-03,2.967766e-03,4.927512e-03,3.082158e-03,5.821782e-03,5.046949e-04,1.979471e-03,1.302967e-02,5.329782e-01,1.422162e-01,3.675042e-02,4.427013e-03,5.896008e-02,8.659746e-03
1.449618e-01,6.746398e-03,2.608286e-03,3.988024e-03,2.888318e-03,5.261980e-03,4.863969e-04,1.991704e-03,1.131812e-02,6.002188e-01,1.283358e-01,3.283367e-02,4.039852e-03,4.774845e-02,6.572449e-03
1.263776e-01,7.161358e-03,2.668847e-03,3.678998e-03,2.748006e-03,5.064345e-03,4.315361e-04,2.178254e-03,1.060233e-02,5.915523e-01,1.555919e-01,3.810429e-02,4.795209e-03,4.348184e-02,5.563183e-03
9.589827e-02,6.094395e-03,2.513504e-03,3.174156e-03,2.462541e-03,4.033527e-03,3.248265e-04,2.146887e-03,1.072903e-02,4.853636e-01,2.714853e-01,6.194256e-02,6.736992e-03,4.247575e-02,4.618667e-03
7.755753e-02,5.672542e-03,3.035073e-03,3.101230e-03,2.604078e-03,3.355241e-03,2.828136e-04,2.665953e-03,1.234020e-02,3.939768e-01,3.433775e-01,9.326753e-02,6.493445e-03,4.779913e-02,4.470944e-03
7.470994e-02,4.742991e-03,3.342060e-03,2.605457e-03,2.659513e-03,5.012257e-03,3.560382e-04,3.651444e-03,1.062355e-02,2.918828e-01,4.494262e-01,9.834438e-02,5.360421e-03,4.293959e-02,4.343382e-03
7.237478e-02,5.406579e-03,7.163515e-03,2.946770e-03,4.481060e-03,4.388642e-03,7.328418e-04,9.818780e-03,1.697081e-02,2.161298e-01,5.079822e-01,1.059594e-01,4.424044e-03,3.674921e-02,4.471533e-03
7.160205e-02,6.912162e-03,9.249004e-03,3.320953e-03,8.529004e-03,4.270094e-03,1.037016e-03,1.300117e-02,3.337705e-02,1.651914e-01,5.353895e-01,1.074023e-01,3.754613e-03,3.175233e-02,5.211404e-03
6.042186e-02,7.003651e-03,9.630184e-03,3.260214e-03,4.733193e-02,7.207072e-03,4.885725e-03,1.569379e-02,1.071347e-01,1.576741e-01,4.427868e-01,9.878789e-02,5.084136e-03,2.735350e-02,5.744386e-03
5.509325e-02,7.403682e-03,1.004228e-02,2.834916e-03,6.839903e-02,9.712620e-03,7.443819e-03,2.400684e-02,1.693314e-01,1.502660e-01,3.653062e-01,9.271517e-02,7.503817e-03,2.457768e-02,5.363207e-03
5.061423e-02,1.091578e-02,1.583359e-02,4.087229e-03,7.948065e-02,1.108141e-02,6.736826e-03,3.436408e-02,2.064808e-01,1.419844e-01,3.138485e-01,8.207189e-02,1.040366e-02,2.680286e-02,5.294145e-03
5.540019e-02,1.603472e-02,3.122540e-02,7.609170e-03,8.902895e-02,1.603283e-02,7.337207e-03,2.676654e-02,1.786509e-01,1.884000e-01,2.840260e-01,6.010041e-02,9.109849e-03,2.548220e-02,4.795681e-03
6.405862e-02,1.977971e-02,5.028424e-02,1.269194e-02,1.068518e-01,1.657723e-02,7.615985e-03,2.799546e-02,1.982877e-01,1.835485e-01,2.277200e-01,4.687892e-02,9.332431e-03,2.372680e-02,4.650700e-03
6.825487e-02,3.630449e-02,8.023922e-02,1.977745e-02,1.228060e-01,1.837259e-02,7.035366e-03,2.825470e-02,2.157886e-01,1.663064e-01,1.673451e-01,3.479920e-02,7.821966e-03,2.121570e-02,5.678304e-03
7.473590e-02,3.339905e-02,1.374173e-01,4.502382e-02,1.292872e-01,1.774060e-02,6.314398e-03,5.949204e-02,1.886059e-01,1.333087e-01,1.197289e-01,2.651784e-02,6.365232e-03,1.602558e-02,6.037562e-03
1.212113e-01,3.661354e-02,2.031413e-01,3.846837e-02,1.271515e-01,1.646223e-02,4.871742e-03,4.822000e-02,1.441419e-01,1.210582e-01,8.747821e-02,2.040217e-02,4.888913e-03,1.718967e-02,8.701058e-03
9.987301e-02,2.940216e-02,2.842610e-01,8.293240e-02,1.221530e-01,1.439517e-02,4.721684e-03,6.099484e-02,1.078934e-01,9.289413e-02,6.169722e-02,1.542597e-02,3.931542e-03,1.264330e-02,6.781047e-03
1.067321e-01,4.508995e-02,2.550131e-01,9.775316e-02,1.272890e-01,1.306245e-02,5.298835e-03,8.832759e-02,1.122167e-01,7.159178e-02,4.576198e-02,1.201938e-02,3.240666e-03,1.096067e-02,5.642639e-03
1.268971e-01,4.970144e-02,2.026823e-01,1.079715e-01,1.453830e-01,1.645923e-02,7.954053e-03,8.775631e-02,1.340795e-01,5.856439e-02,3.335951e-02,1.123428e-02,3.117548e-03,8.608016e-03,6.231837e-03
1.484142e-01,5.951959e-02,1.739270e-01,9.910610e-02,1.672758e-01,1.843321e-02,8.335834e-03,8.526212e-02,1.430663e-01,4.585056e-02,2.426741e-02,9.844690e-03,3.102296e-03,6.643690e-03,6.951267e-03
1.813657e-01,5.033237e-02,1.279479e-01,1.021707e-01,1.971875e-01,2.266459e-02,1.396799e-02,1.119330e-01,1.133791e-01,3.450585e-02,1.822907e-02,1.018221e-02,3.736501e-03,5.281774e-03,7.115839e-03
2.316994e-01,4.219011e-02,9.720737e-02,1.114706e-01,2.152981e-01,2.586440e-02,1.646184e-02,1.076323e-01,8.633520e-02,2.478789e-02,1.420070e-02,1.174069e-02,5.445427e-03,3.961253e-03,5.704668e-03
3.183281e-01,3.501965e-02,7.479896e-02,9.069902e-02,2.161359e-01,2.699948e-02,1.320096e-02,8.559915e-02,7.736009e-02,2.299838e-02,1.179071e-02,1.287883e-02,5.678790e-03,3.414772e-03,5.097210e-03
4.177411e-01,3.350731e-02,6.146351e-02,7.804767e-02,1.709805e-01,2.718588e-02,1.010891e-02,6.156111e-02,5.727418e-02,2.265239e-02,1.411057e-02,2.231303e-02,8.276797e-03,4.706464e-03,1.007058e-02
4.975323e-01,3.101053e-02,4.834770e-02,8.022374e-02,1.303876e-01,2.642214e-02,7.967235e-03,4.499200e-02,4.181778e-02,1.729260e-02,1.615988e-02,3.151399e-02,1.015657e-02,5.463860e-03,1.071207e-02
1.000000e+00,0.000000e+00,0.000000e+00,0.000000e+00,0.000000e+00,0.000000e+00,0.000000e+00,0.000000e+00,0.000000e+00,0.000000e+00,0.000000e+00,0.000000e+00,0.000000e+00,0.000000e+00,0.000000e+00
1.000000e+00,0.000000e+00,0.000000e+00,0.000000e+00,0.000000e+00,0.000000e+00,0.000000e+00,0.000000e+00,0.000000e+00,0.000000e+00,0.000000e+00,0.000000e+00,0.000000e+00,0.000000e+00,0.000000e+00
1.000000e+00,0.000000e+00,0.000000e+00,0.000000e+00,0.000000e+00,0.000000e+00,0.000000e+00,0.000000e+00,0.000000e+00,0.000000e+00,0.000000e+00,0.000000e+00,0.000000e+00,0.000000e+00,0.000000e+00
1.000000e+00,0.000000e+00,0.000000e+00,0.000000e+00,0.000000e+00,0.000000e+00,0.000000e+00,0.000000e+00,0.000000e+00,0.000000e+00,0.000000e+00,0.000000e+00,0.000000e+00,0.000000e+00,0.000000e+00
1.000000e+00,0.000000e+00,0.000000e+00,0.000000e+00,0.000000e+00,0.000000e+00,0.000000e+00,0.000000e+00,0.000000e+00,0.000000e+00,0.000000e+00,0.000000e+00,0.000000e+00,0.000000e+00,0.000000e+00
1.000000e+00,0.000000e+00,0.000000e+00,0.000000e+00,0.000000e+00,0.000000e+00,0.000000e+00,0.000000e+00,0.000000e+00,0.000000e+00,0.000000e+00,0.000000e+00,0.000000e+00,0.000000e+00,0.000000e+00
1.000000e+00,0.000000e+00,0.000000e+00,0.000000e+00,0.000000e+00,0.000000e+00,0.000000e+00,0.000000e+00,0.000000e+00,0.000000e+00,0.000000e+00,0.000000e+00,0.000000e+00,0.000000e+00,0.000000e+00
1.000000e+00,0.000000e+00,0.000000e+00,0.000000e+00,0.000000e+00,0.000000e+00,0.000000e+00,0.000000e+00,0.000000e+00,0.000000e+00,0.000000e+00,0.000000e+00,0.000000e+00,0.000000e+00,0.000000e+00
1.000000e+00,0.000000e+00,0.000000e+00,0.000000e+00,0.000000e+00,0.000000e+00,0.000000e+00,0.000000e+00,0.000000e+00,0.000000e+00,0.000000e+00,0.000000e+00,0.000000e+00,0.000000e+00,0.000000e+00
1.000000e+00,0.000000e+00,0.000000e+00,0.000000e+00,0.000000e+00,0.000000e+00,0.000000e+00,0.000000e+00,0.000000e+00,0.000000e+00,0.000000e+00,0.000000e+00,0.000000e+00,0.000000e+00,0.000000e+00
