1.000000e+00,0.000000e+00,0.000000e+00,0.000000e+00,0.000000e+00,0.000000e+00,0.000000e+00,0.000000e+00,0.000000e+00,0.000000e+00,0.000000e+00,0.000000e+00,0.000000e+00,0.000000e+00,0.000000e+00
1.000000e+00,0.000000e+00,0.000000e+00,0.000000e+00,0.000000e+00,0.000000e+00,0.000000e+00,0.000000e+00,0.000000e+00,0.000000e+00,0.000000e+00,0.000000e+00,0.000000e+00,0.000000e+00,0.000000e+00
1.000000e+00,0.000000e+00,0.000000e+00,0.000000e+00,0.000000e+00,0.000000e+00,0.000000e+00,0.000000e+00,0.000000e+00,0.000000e+00,0.000000e+00,0.000000e+00,0.000000e+00,0.000000e+00,0.000000e+00
1.000000e+00,0.000000e+00,0.000000e+00,0.000000e+00,0.000000e+00,0.000000e+00,0.000000e+00,0.000000e+00,0.000000e+00,0.000000e+00,0.000000e+00,0.000000e+00,0.000000e+00,0.000000e+00,0.000000e+00
1.000000e+00,0.000000e+00,0.000000e+00,0.000000e+00,0.000000e+00,0.000000e+00,0.000000e+00,0.000000e+00,0.000000e+00,0.000000e+00,0.000000e+00,0.000000e+00,0.000000e+00,0.000000e+00,0.000000e+00
1.000000e+00,0.000000e+00,0.000000e+00,0.000000e+00,0.000000e+00,0.000000e+00,0.000000e+00,0.000000e+00,0.000000e+00,0.000000e+00,0.000000e+00,0.000000e+00,0.000000e+00,0.000000e+00,0.000000e+00
1.000000e+00,0.000000e+00,0.000000e+00,0.000000e+00,0.000000e+00,0.000000e+00,0.000000e+00,0.000000e+00,0.000000e+00,0.000000e+00,0.000000e+00,0.000000e+00,0.000000e+00,0.000000e+00,0.000000e+00
1.000000e+00,0.000000e+00,0.000000e+00,0.000000e+00,0.000000e+00,0.000000e+00,0.000000e+00,0.000000e+00,0.000000e+00,0.000000e+00,0.000000e+00,0.000000e+00,0.000000e+00,0.000000e+00,0.000000e+00
1.000000e+00,0.000000e+00,0.000000e+00,0.000000e+00,0.000000e+00,0.000000e+00,0.000000e+00,0.000000e+00,0.000000e+00,0.000000e+00,0.000000e+00,0.000000e+00,0.000000e+00,0.000000e+00,0.000000e+00
1.000000e+00,0.000000e+00,0.000000e+00,0.000000e+00,0.000000e+00,0.000000e+00,0.000000e+00,0.000000e+00,0.000000e+00,0.000000e+00,0.000000e+00,0.000000e+00,0.000000e+00,0.000000e+00,0.000000e+00
1.000000e+00,0.000000e+00,0.000000e+00,0.000000e+00,0.000000e+00,0.000000e+00,0.000000e+00,0.000000e+00,0.000000e+00,0.000000e+00,0.000000e+00,0.000000e+00,0.000000e+00,0.000000e+00,0.000000e+00
1.000000e+00,0.000000e+00,0.000000e+00,0.000000e+00,0.000000e+00,0.000000e+00,0.000000e+00,0.000000e+00,0.000000e+00,0.000000e+00,0.000000e+00,0.000000e+00,0.000000e+00,0.000000e+00,0.000000e+00
1.000000e+00,0.000000e+00,0.000000e+00,0.000000e+00,0.000000e+00,0.000000e+00,0.000000e+00,0.000000e+00,0.000000e+00,0.000000e+00,0.000000e+00,0.000000e+00,0.000000e+00,0.000000e+00,0.000000e+00
1.000000e+00,0.000000e+00,0.000000e+00,0.000000e+00,0.000000e+00,0.000000e+00,0.000000e+00,0.000000e+00,0.000000e+00,0.000000e+00,0.000000e+00,0.000000e+00,0.000000e+00,0.000000e+00,0.000000e+00
1.000000e+00,0.000000e+00,0.000000e+00,0.000000e+00,0.000000e+00,0.000000e+00,0.000000e+00,0.000000e+00,0.000000e+00,0.000000e+00,0.000000e+00,0.000000e+00,0.000000e+00,0.000000e+00,0.000000e+00
1.000000e+00,0.000000e+00,0.000000e+00,0.000000e+00,0.000000e+00,0.000000e+00,0.000000e+00,0.000000e+00,0.000000e+00,0.000000e+00,0.000000e+00,0.000000e+00,0.000000e+00,0.000000e+00,0.000000e+00
1.000000e+00,0.000000e+00,0.000000e+00,0.000000e+00,0.000000e+00,0.000000e+00,0.000000e+00,0.000000e+00,0.000000e+00,0.000000e+00,0.000000e+00,0.000000e+00,0.000000e+00,0.000000e+00,0.000000e+00
1.000000e+00,0.000000e+00,0.000000e+00,0.000000e+00,0.000000e+00,0.000000e+00,0.000000e+00,0.000000e+00,0.000000e+00,0.000000e+00,0.000000e+00,0.000000e+00,0.000000e+00,0.000000e+00,0.000000e+00
1.000000e+00,0.000000e+00,0.000000e+00,0.000000e+00,0.000000e+00,0.000000e+00,0.000000e+00,0.000000e+00,0.000000e+00,0.000000e+00,0.000000e+00,0.000000e+00,0.000000e+00,0.000000e+00,0.000000e+00
1.000000e+00,0.000000e+00,0.000000e+00,0.000000e+00,0.000000e+00,0.000000e+00,0.000000e+00,0.000000e+00,0.000000e+00,0.000000e+00,0.000000e+00,0.000000e+00,0.000000e+00,0.000000e+00,0.000000e+00
1.000000e+00,0.000000e+00,0.000000e+00,0.000000e+00,0.000000e+00,0.000000e+00,0.000000e+00,0.000000e+00,0.000000e+00,0.000000e+00,0.000000e+00,0.000000e+00,0.000000e+00,0.000000e+00,0.000000e+00
1.000000e+00,0.000000e+00,0.000000e+00,0.000000e+00,0.000000e+00,0.000000e+00,0.000000e+00,0.000000e+00,0.000000e+00,0.000000e+00,0.000000e+00,0.000000e+00,0.000000e+00,0.000000e+00,0.000000e+00
1.000000e+00,0.000000e+00,0.000000e+00,0.000000e+00,0.000000e+00,0.000000e+00,0.000000e+00,0.000000e+00,0.000000e+00,0.000000e+00,0.000000e+00,0.000000e+00,0.000000e+00,0.000000e+00,0.000000e+00
1.000000e+00,0.000000e+00,0.000000e+00,0.000000e+00,0.000000e+00,0.000000e+00,0.000000e+00,0.000000e+00,0.000000e+00,0.000000e+00,0.000000e+00,0.000000e+00,0.000000e+00,0.000000e+00,0.000000e+00
1.000000e+00,0.000000e+00,0.000000e+00,0.000000e+00,0.000000e+00,0.000000e+00,0.000000e+00,0.000000e+00,0.000000e+00,0.000000e+00,0.000000e+00,0.000000e+00,0.000000e+00,0.000000e+00,0.000000e+00
1.000000e+00,0.000000e+00,0.000000e+00,0.000000e+00,0.000000e+00,0.000000e+00,0.000000e+00,0.000000e+00,0.000000e+00,0.000000e+00,0.000000e+00,0.000000e+00,0.000000e+00,0.000000e+00,0.000000e+00
1.000000e+00,0.000000e+00,0.000000e+00,0.000000e+00,0.000000e+00,0.000000e+00,0.000000e+00,0.000000e+00,0.000000e+00,0.000000e+00,0.000000e+00,0.000000e+00,0.000000e+00,0.000000e+00,0.000000e+00
1.000000e+00,0.000000e+00,0.000000e+00,0.000000e+00,0.000000e+00,0.000000e+00,0.000000e+00,0.000000e+00,0.000000e+00,0.000000e+00,0.000000e+00,0.000000e+00,0.000000e+00,0.000000e+00,0.000000e+00
1.000000e+00,0.000000e+00,0.000000e+00,0.000000e+00,0.000000e+00,0.000000e+00,0.000000e+00,0.000000e+00,0.000000e+00,0.000000e+00,0.000000e+00,0.000000e+00,0.000000e+00,0.000000e+00,0.000000e+00
1.000000e+00,0.000000e+00,0.000000e+00,0.000000e+00,0.000000e+00,0.000000e+00,0.000000e+00,0.000000e+00,0.000000e+00,0.000000e+00,0.000000e+00,0.000000e+00,0.000000e+00,0.000000e+00,0.000000e+00
1.000000e+00,0.000000e+00,0.000000e+00,0.000000e+00,0.000000e+00,0.000000e+00,0.000000e+00,0.000000e+00,0.000000e+00,0.000000e+00,0.000000e+00,0.000000e+00,0.000000e+00,0.000000e+00,0.000000e+00
1.000000e+00,0.000000e+00,0.000000e+00,0.000000e+00,0.000000e+00,0.000000e+00,0.000000e+00,0.000000e+00,0.000000e+00,0.000000e+00,0.000000e+00,0.000000e+00,0.000000e+00,0.000000e+00,0.000000e+00
1.000000e+00,0.000000e+00,0.000000e+00,0.000000e+00,0.000000e+00,0.000000e+00,0.000000e+00,0.000000e+00,0.000000e+00,0.000000e+00,0.000000e+00,0.000000e+00,0.000000e+00,0.000000e+00,0.000000e+00
1.000000e+00,0.000000e+00,0.000000e+00,0.000000e+00,0.000000e+00,0.000000e+00,0.000000e+00,0.000000e+00,0.000000e+00,0.000000e+00,0.000000e+00,0.000000e+00,0.000000e+00,0.000000e+00,0.000000e+00
1.000000e+00,0.000000e+00,0.000000e+00,0.000000e+00,0.000000e+00,0.000000e+00,0.000000e+00,0.000000e+00,0.000000e+00,0.000000e+00,0.000000e+00,0.000000e+00,0.000000e+00,0.000000e+00,0.000000e+00
1.000000e+00,0.000000e+00,0.000000e+00,0.000000e+00,0.000000e+00,0.000000e+00,0.000000e+00,0.000000e+00,0.000000e+00,0.000000e+00,0.000000e+00,0.000000e+00,0.000000e+00,0.000000e+00,0.000000e+00
1.000000e+00,0.000000e+00,0.000000e+00,0.000000e+00,0.000000e+00,0.000000e+00,0.000000e+00,0.000000e+00,0.000000e+00,0.000000e+00,0.000000e+00,0.000000e+00,0.000000e+00,0.000000e+00,0.000000e+00
1.000000e+00,0.000000e+00,0.000000e+00,0.000000e+00,0.000000e+00,0.000000e+00,0.000000e+00,0.000000e+00,0.000000e+00,0.000000e+00,0.000000e+00,0.000000e+00,0.000000e+00,0.000000e+00,0.000000e+00
1.000000e+00,0.000000e+00,0.000000e+00,0.000000e+00,0.000000e+00,0.000000e+00,0.000000e+00,0.000000e+00,0.000000e+00,0.000000e+00,0.000000e+00,0.000000e+00,0.000000e+00,0.000000e+00,0.000000e+00
1.000000e+00,0.000000e+00,0.000000e+00,0.000000e+00,0.000000e+00,0.000000e+00,0.000000e+00,0.000000e+00,0.000000e+00,0.000000e+00,0.000000e+00,0.000000e+00,0.000000e+00,0.000000e+00,0.000000e+00
1.000000e+00,0.000000e+00,0.000000e+00,0.000000e+00,0.000000e+00,0.000000e+00,0.000000e+00,0.000000e+00,0.000000e+00,0.000000e+00,0.000000e+00,0.000000e+00,0.000000e+00,0.000000e+00,0.000000e+00
1.000000e+00,0.000000e+00,0.000000e+00,0.000000e+00,0.000000e+00,0.000000e+00,0.000000e+00,0.000000e+00,0.000000e+00,0.000000e+00,0.000000e+00,0.000000e+00,0.000000e+00,0.000000e+00,0.000000e+00
1.000000e+00,0.000000e+00,0.000000e+00,0.000000e+00,0.000000e+00,0.000000e+00,0.000000e+00,0.000000e+00,0.000000e+00,0.000000e+00,0.000000e+00,0.000000e+00,0.000000e+00,0.000000e+00,0.000000e+00
1.000000e+00,0.000000e+00,0.000000e+00,0.000000e+00,0.000000e+00,0.000000e+00,0.000000e+00,0.000000e+00,0.000000e+00,0.000000e+00,0.000000e+00,0.000000e+00,0.000000e+00,0.000000e+00,0.000000e+00
1.000000e+00,0.000000e+00,0.000000e+00,0.000000e+00,0.000000e+00,0.000000e+00,0.000000e+00,0.000000e+00,0.000000e+00,0.000000e+00,0.000000e+00,0.000000e+00,0.000000e+00,0.000000e+00,0.000000e+00
1.000000e+00,0.000000e+00,0.000000e+00,0.000000e+00,0.000000e+00,0.000000e+00,0.000000e+00,0.000000e+00,0.000000e+00,0.000000e+00,0.000000e+00,0.000000e+00,0.000000e+00,0.000000e+00,0.000000e+00
1.000000e+00,0.000000e+00,0.000000e+00,0.000000e+00,0.000000e+00,0.000000e+00,0.000000e+00,0.000000e+00,0.000000e+00,0.000000e+00,0.000000e+00,0.000000e+00,0.000000e+00,0.000000e+00,0.000000e+00
1.000000e+00,0.000000e+00,0.000000e+00,0.000000e+00,0.000000e+00,0.000000e+00,0.000000e+00,0.000000e+00,0.000000e+00,0.000000e+00,0.000000e+00,0.000000e+00,0.000000e+00,0.000000e+00,0.000000e+00
1.000000e+00,0.000000e+00,0.000000e+00,0.000000e+00,0.000000e+00,0.000000e+00,0.000000e+00,0.000000e+00,0.000000e+00,0.000000e+00,0.000000e+00,0.000000e+00,0.000000e+00,0.000000e+00,0.000000e+00
1.000000e+00,0.000000e+00,0.000000e+00,0.000000e+00,0.000000e+00,0.000000e+00,0.000000e+00,0.000000e+00,0.000000e+00,0.000000e+00,0.000000e+00,0.000000e+00,0.000000e+00,0.000000e+00,0.000000e+00
1.000000e+00,0.000000e+00,0.000000e+00,0.000000e+00,0.000000e+00,0.000000e+00,0.000000e+00,0.000000e+00,0.000000e+00,0.000000e+00,0.000000e+00,0.000000e+00,0.000000e+00,0.000000e+00,0.000000e+00
1.000000e+00,0.000000e+00,0.000000e+00,0.000000e+00,0.000000e+00,0.000000e+00,0.000000e+00,0.000000e+00,0.000000e+00,0.000000e+00,0.000000e+00,0.000000e+00,0.000000e+00,0.000000e+00,0.000000e+00
1.000000e+00,0.000000e+00,0.000000e+00,0.000000e+00,0.000000e+00,0.000000e+00,0.000000e+00,0.000000e+00,0.000000e+00,0.000000e+00,0.000000e+00,0.000000e+00,0.000000e+00,0.000000e+00,0.000000e+00
1.000000e+00,0.000000e+00,0.000000e+00,0.000000e+00,0.000000e+00,0.000000e+00,0.000000e+00,0.000000e+00,0.000000e+00,0.000000e+00,0.000000e+00,0.000000e+00,0.000000e+00,0.000000e+00,0.000000e+00
1.000000e+00,0.000000e+00,0.000000e+00,0.000000e+00,0.000000e+00,0.000000e+00,0.000000e+00,0.000000e+00,0.000000e+00,0.000000e+00,0.000000e+00,0.000000e+00,0.000000e+00,0.000000e+00,0.000000e+00
3.953629e-01,1.825037e-02,1.011422e-01,1.062260e-01,4.891074e-03,2.163915e-01,3.594776e-03,2.435878e-02,5.054621e-03,4.890083e-03,1.985148e-02,4.887002e-02,1.963353e-02,6.589669e-03,2.489300e-02
3.434294e-01,1.553746e-02,8.797493e-02,8.331756e-02,4.767044e-03,3.265447e-01,2.739192e-03,1.998653e-02,5.320454e-03,9.305702e-03,1.996245e-02,3.634017e-02,1.467076e-02,6.878718e-03,2.322498e-02
3.611752e-01,1.232740e-02,6.956819e-02,6.373123e-02,4.385823e-03,3.728823e-01,2.311373e-03,1.723643e-02,5.777467e-03,1.146981e-02,1.553303e-02,2.697343e-02,1.092779e-02,5.442264e-03,2.025832e-02
3.570884e-01,1.147563e-02,7.018449e-02,5.358439e-02,4.164296e-03,3.955719e-01,2.409275e-03,1.813301e-02,6.889497e-03,1.293186e-02,1.279498e-02,2.032153e-02,8.591927e-03,4.273146e-03,2.158574e-02
2.710337e-01,1.258629e-02,5.705202e-02,4.018568e-02,4.077125e-03,5.027071e-01,2.317272e-03,1.562573e-02,9.319695e-03,1.929292e-02,1.362064e-02,1.496796e-02,6.869677e-03,4.423979e-03,2.592028e-02
1.918050e-01,1.178380e-02,4.296993e-02,3.244879e-02,3.888695e-03,3.823010e-01,3.182250e-03,1.200781e-02,1.471886e-02,2.700429e-02,9.113518e-02,6.146370e-02,2.055417e-02,8.983830e-03,9.575270e-02
1.364768e-01,1.127904e-02,3.161995e-02,2.601955e-02,3.818481e-03,2.949809e-01,2.537184e-03,9.105834e-03,1.615747e-02,3.518828e-02,1.557048e-01,1.539496e-01,3.613235e-02,1.607158e-02,7.095824e-02
9.645541e-02,8.497328e-03,2.246864e-02,2.023511e-02,3.714500e-03,2.207046e-01,2.810822e-03,6.586234e-03,1.634338e-02,3.214610e-02,3.074428e-01,1.653592e-01,2.818193e-02,1.456125e-02,5.449269e-02
6.872712e-02,7.029886e-03,1.624936e-02,1.535446e-02,3.924816e-03,1.655539e-01,3.428937e-03,4.790220e-03,1.939822e-02,8.105572e-02,3.734761e-01,1.608917e-01,2.268615e-02,1.296077e-02,4.447271e-02
4.983552e-02,5.849185e-03,1.176918e-02,1.338822e-02,4.304454e-03,1.238166e-01,3.389123e-03,3.991019e-03,1.904819e-02,6.937494e-02,3.311061e-01,2.986599e-01,1.923753e-02,1.209660e-02,3.413333e-02
3.543366e-02,6.551650e-03,8.746946e-03,1.017743e-02,3.847048e-03,9.139095e-02,2.449326e-03,3.165880e-03,1.810219e-02,5.033202e-02,2.649722e-01,4.516980e-01,1.484651e-02,1.096979e-02,2.731637e-02
2.564436e-02,6.117047e-03,9.171434e-03,1.089596e-02,8.047830e-03,6.858125e-02,1.916118e-03,5.047665e-03,2.873839e-02,3.641823e-02,1.994422e-01,5.586208e-01,1.109211e-02,8.642768e-03,2.162386e-02
1.957028e-02,4.997227e-03,6.907223e-03,7.820733e-03,7.709221e-03,5.009487e-02,1.441331e-03,4.302746e-03,2.597927e-02,2.751225e-02,1.521086e-01,6.607285e-01,8.114235e-03,7.072413e-03,1.564119e-02
2.444784e-02,5.862043e-03,6.535883e-03,5.811501e-03,1.813328e-02,3.630438e-02,1.700374e-03,5.916327e-03,5.055077e-02,2.452293e-02,1.137464e-01,6.820849e-01,6.377995e-03,6.258124e-03,1.174716e-02
4.142785e-02,7.557701e-03,7.614729e-03,4.659921e-03,2.063213e-02,2.723464e-02,1.998354e-03,8.036530e-03,4.815066e-02,2.847202e-02,9.138475e-02,6.904556e-01,6.223211e-03,7.089619e-03,9.062280e-03
6.495102e-02,8.777851e-03,1.209390e-02,6.006001e-03,3.097666e-02,2.486537e-02,3.468336e-03,1.648794e-02,5.248918e-02,3.840518e-02,6.941935e-02,6.527379e-01,5.727521e-03,6.087503e-03,7.506233e-03
7.094139e-02,9.132479e-03,3.600000e-02,9.897809e-03,4.215494e-02,2.151680e-02,5.077897e-03,6.012031e-02,5.210964e-02,3.332023e-02,5.223272e-02,5.916402e-01,5.296637e-03,4.826224e-03,5.732742e-03
6.374659e-02,1.422981e-02,4.266574e-02,1.537059e-02,3.998243e-02,4.166854e-02,5.565968e-03,1.208486e-01,6.927718e-02,2.876127e-02,4.874302e-02,4.928374e-01,5.684111e-03,5.592732e-03,5.026069e-03
5.331979e-02,2.433632e-02,5.427697e-02,1.697651e-02,3.342538e-02,3.513448e-02,4.774890e-03,2.133993e-01,1.007199e-01,2.602644e-02,4.234908e-02,3.740000e-01,9.711819e-03,6.639789e-03,4.909334e-03
6.825519e-02,3.341739e-02,7.939462e-02,2.057907e-02,4.355815e-02,2.999062e-02,4.199893e-03,2.043327e-01,1.359873e-01,2.802250e-02,4.282390e-02,2.856965e-01,8.611255e-03,9.159770e-03,5.971173e-03
5.914304e-02,5.931262e-02,8.881467e-02,1.689208e-02,3.902759e-02,2.793465e-02,3.881114e-03,1.829706e-01,2.146943e-01,3.710296e-02,3.844213e-02,2.041495e-01,7.201225e-03,1.435469e-02,6.078934e-03
7.529067e-02,6.794752e-02,1.087650e-01,2.070124e-02,3.817848e-02,3.048914e-02,4.280998e-03,1.641490e-01,2.141549e-01,4.290528e-02,4.362115e-02,1.568827e-01,6.065309e-03,1.760338e-02,8.965244e-03
1.057801e-01,7.044194e-02,9.564377e-02,2.434541e-02,3.894786e-02,3.670543e-02,4.025721e-03,1.384324e-01,2.217435e-01,4.957489e-02,4.453136e-02,1.196154e-01,5.326659e-03,2.304588e-02,2.183964e-02
1.312449e-01,6.594661e-02,9.840845e-02,2.408190e-02,3.265100e-02,4.642059e-02,3.178390e-03,1.034738e-01,1.852766e-01,8.139575e-02,3.945408e-02,8.736986e-02,4.866074e-03,2.700644e-02,6.922556e-02
1.785433e-01,5.243616e-02,7.641710e-02,1.764400e-02,2.437842e-02,1.003084e-01,2.375506e-03,7.403591e-02,1.377054e-01,7.061641e-02,6.606916e-02,6.515771e-02,5.220305e-03,5.129046e-02,7.780172e-02
1.326472e-01,3.825007e-02,5.825980e-02,1.258036e-02,1.732538e-02,1.522578e-01,1.774897e-03,5.209580e-02,9.971830e-02,5.403939e-02,1.724126e-01,4.793897e-02,4.569429e-03,9.656709e-02,5.956284e-02
1.014379e-01,2.866366e-02,4.962769e-02,9.475256e-03,1.286152e-02,1.434363e-01,1.566947e-03,3.717576e-02,7.706613e-02,4.502375e-02,2.673799e-01,3.778336e-02,3.867934e-03,1.320774e-01,5.255648e-02
7.255495e-02,2.286388e-02,4.225157e-02,7.536609e-03,9.157700e-03,1.056828e-01,1.206899e-03,2.670899e-02,8.905079e-02,3.525652e-02,3.447233e-01,2.831470e-02,4.481577e-03,1.425908e-01,6.761893e-02
5.211880e-02,1.747731e-02,3.901496e-02,6.187938e-03,6.778399e-03,7.867254e-02,8.912212e-04,1.904993e-02,6.869835e-02,2.587271e-02,4.276332e-01,2.192241e-02,4.212715e-03,1.833508e-01,4.811877e-02
3.780560e-02,1.271974e-02,2.753562e-02,5.264360e-03,5.256267e-03,5.709340e-02,6.989163e-04,1.361774e-02,5.033829e-02,1.874682e-02,4.599659e-01,1.761999e-02,4.122883e-03,2.550549e-01,3.415947e-02
2.667573e-02,9.190741e-03,1.939742e-02,4.034420e-03,4.429157e-03,4.056499e-02,5.269031e-04,9.841090e-03,3.669131e-02,1.508377e-02,5.008947e-01,1.418929e-02,3.569164e-03,2.908316e-01,2.407968e-02
1.890082e-02,6.550839e-03,1.369691e-02,2.961482e-03,3.714522e-03,2.918528e-02,3.984616e-04,7.085979e-03,2.638724e-02,1.232668e-02,6.085800e-01,1.200123e-02,3.132565e-03,2.381025e-01,1.697549e-02
1.345508e-02,4.720130e-03,9.681942e-03,2.160488e-03,3.710615e-03,2.064521e-02,3.063190e-04,5.101596e-03,1.915167e-02,1.029420e-02,6.516681e-01,1.148290e-02,3.196888e-03,2.323651e-01,1.205972e-02
9.736734e-03,3.577835e-03,7.249794e-03,1.744071e-03,4.052488e-03,1.478550e-02,2.373513e-04,4.054498e-03,1.573800e-02,8.513468e-03,6.534150e-01,1.277763e-02,2.561733e-03,2.530014e-01,8.554480e-03
7.052359e-03,4.288617e-03,5.688400e-03,1.430363e-03,4.112987e-03,1.174430e-02,2.304736e-04,3.059744e-03,1.353987e-02,1.063981e-02,6.628152e-01,1.610040e-02,2.299603e-03,2.506465e-01,6.351361e-03
5.104310e-03,3.326717e-03,4.398253e-03,1.336377e-03,3.714146e-03,8.927575e-03,2.367283e-04,2.650539e-03,1.019694e-02,9.486510e-03,7.045854e-01,1.495181e-02,2.414943e-03,2.240806e-01,4.589141e-03
3.879574e-03,3.154309e-03,3.417354e-03,1.200751e-03,3.403640e-03,6.795374e-03,2.158848e-04,2.190586e-03,8.031964e-03,8.300781e-03,7.291358e-01,1.928659e-02,2.156293e-03,2.054520e-01,3.379196e-03
2.890470e-03,2.781569e-03,2.527575e-03,1.174660e-03,6.073541e-03,6.275056e-03,5.917302e-04,1.643130e-03,6.376287e-03,1.020619e-02,7.553582e-01,1.911147e-02,2.464171e-03,1.800506e-01,2.475297e-03
2.094944e-03,2.653477e-03,1.843611e-03,9.555568e-04,5.130867e-03,4.925470e-03,4.885041e-04,1.175400e-03,4.779987e-03,9.754845e-03,8.095667e-01,1.825691e-02,2.126936e-03,1.344040e-01,1.842796e-03
1.536924e-03,3.119498e-03,1.594992e-03,7.133493e-04,5.560550e-03,4.489846e-03,4.849408e-04,8.449688e-04,3.624975e-03,1.841604e-02,8.353419e-01,2.069558e-02,2.110145e-03,9.998865e-02,1.477625e-03
1.332419e-03,2.844152e-03,1.416419e-03,5.190740e-04,6.613637e-03,5.329461e-03,6.144494e-04,6.639181e-04,2.777698e-03,6.615303e-02,8.087062e-01,2.510785e-02,1.970472e-03,7.474045e-02,1.210803e-03
2.957029e-03,2.461117e-03,2.651838e-03,5.794028e-04,8.343956e-03,3.691649e-02,2.452005e-03,4.641952e-03,3.071782e-03,8.570098e-02,7.148491e-01,5.415500e-02,2.450230e-03,7.772204e-02,1.047138e-03
8.244163e-03,2.752256e-03,1.272391e-02,4.490511e-03,7.598493e-03,7.418203e-02,1.525657e-02,3.176739e-02,4.175399e-03,1.866027e-01,5.448223e-01,4.066886e-02,1.973368e-03,6.358543e-02,1.156684e-03
1.730937e-02,2.906086e-03,4.361275e-02,1.115681e-02,7.107245e-03,5.829666e-02,1.455385e-02,1.328139e-01,4.592279e-03,2.292561e-01,3.919595e-01,2.924602e-02,1.494698e-03,5.464209e-02,1.052775e-03
2.491265e-02,3.056478e-03,4.931072e-02,1.314831e-02,8.318833e-03,4.792966e-02,1.653901e-02,1.889788e-01,3.958419e-03,2.936573e-01,2.838280e-01,2.105841e-02,1.127900e-03,4.325435e-02,9.211360e-04
5.182854e-02,4.756159e-03,6.531231e-02,1.240746e-02,1.856819e-02,5.240920e-02,3.065842e-02,1.680042e-01,5.092734e-03,3.265751e-01,2.087960e-01,1.717330e-02,1.519885e-03,3.543982e-02,1.458633e-03
6.385710e-02,5.422864e-03,1.069119e-01,1.316677e-02,2.313136e-02,5.012263e-02,4.334176e-02,1.705400e-01,5.132179e-03,3.150007e-01,1.567554e-01,1.357984e-02,1.789878e-03,2.895801e-02,2.289543e-03
6.314341e-02,5.556019e-03,1.196616e-01,1.459753e-02,2.803101e-02,4.357767e-02,3.958188e-02,1.977683e-01,5.239944e-03,3.290066e-01,1.169823e-01,1.084148e-02,1.512607e-03,2.221128e-02,2.288374e-03
5.716635e-02,5.413901e-03,1.295823e-01,1.632027e-02,4.396687e-02,4.233276e-02,4.154722e-02,2.295191e-01,5.448412e-03,3.147364e-01,8.531696e-02,8.388181e-03,1.281276e-03,1.682342e-02,2.156622e-03
5.921468e-02,4.688118e-03,1.076672e-01,1.506870e-02,9.875633e-02,1.224673e-01,3.248227e-02,2.256975e-01,6.153196e-03,2.410834e-01,6.149716e-02,7.796603e-03,1.475438e-03,1.356219e-02,2.389856e-03
6.601376e-02,7.913236e-03,9.794503e-02,1.179291e-02,8.798565e-02,1.011285e-01,2.376088e-02,1.820947e-01,1.947620e-02,2.380385e-01,7.187652e-02,1.630020e-02,6.055626e-03,4.103613e-02,2.858213e-02
5.652461e-02,9.269536e-03,1.019847e-01,1.129563e-02,7.514117e-02,8.631027e-02,1.997644e-02,1.587513e-01,2.194971e-02,1.825594e-01,1.478069e-01,2.707297e-02,6.992926e-03,6.406379e-02,3.030065e-02
4.266088e-02,7.856651e-03,8.334493e-02,8.999630e-03,5.472719e-02,6.609302e-02,1.406503e-02,1.116878e-01,2.418737e-02,1.454329e-01,2.218394e-01,2.822738e-02,6.225437e-03,1.612827e-01,2.336958e-02
3.590168e-02,6.226843e-03,6.832901e-02,6.861937e-03,3.935197e-02,4.792920e-02,1.007932e-02,7.921564e-02,2.334839e-02,1.102502e-01,2.826045e-01,2.764180e-02,4.912479e-03,2.398790e-01,1.746801e-02
3.115095e-02,5.102633e-03,5.219400e-02,7.232881e-03,2.930382e-02,3.439392e-02,7.103667e-03,5.615039e-02,2.159846e-02,8.199213e-02,3.514886e-01,2.788766e-02,4.024837e-03,2.776873e-01,1.268874e-02
2.748853e-02,4.195719e-03,3.927995e-02,7.272545e-03,2.112779e-02,2.499973e-02,5.064472e-03,3.988229e-02,2.263238e-02,5.867061e-02,3.952805e-01,2.862758e-02,3.277962e-03,3.130682e-01,9.131767e-03
1.963867e-02,3.319115e-03,2.819899e-02,5.614950e-03,1.507090e-02,1.799380e-02,3.565672e-03,2.815694e-02,1.892905e-02,4.166185e-02,4.252110e-01,2.312283e-02,2.735925e-03,3.603346e-01,6.445671e-03
1.418638e-02,2.800408e-02,2.224065e-02,8.241394e-03,1.297010e-02,1.577356e-02,2.527379e-03,2.007352e-02,5.722503e-02,3.186454e-02,4.335249e-01,1.994151e-02,2.193939e-03,3.244266e-01,6.806309e-03
1.034420e-02,2.557771e-02,1.741920e-02,6.848982e-03,1.250888e-02,1.232208e-02,1.798517e-03,1.471608e-02,1.397599e-01,2.391353e-02,3.619061e-01,1.831508e-02,1.811843e-03,3.466935e-01,6.064297e-03
7.492151e-03,2.275934e-02,1.379641e-02,5.066741e-03,9.583119e-03,1.113842e-02,1.266397e-03,1.048578e-02,2.129470e-01,1.840730e-02,3.238440e-01,1.558689e-02,1.503671e-03,3.413655e-01,4.757222e-03
5.454829e-03,1.720499e-02,1.023073e-02,3.817244e-03,6.987882e-03,9.404271e-03,8.900880e-04,7.398294e-03,3.412013e-01,1.338160e-02,2.662829e-01,1.280165e-02,1.322667e-03,2.999427e-01,3.678883e-03
4.012873e-03,1.291851e-02,7.579871e-03,3.284517e-03,5.276158e-03,7.760282e-03,6.271816e-04,5.210099e-03,4.522788e-01,1.096914e-02,2.153900e-01,1.065863e-02,2.240890e-03,2.589883e-01,2.804779e-03
3.098298e-03,1.638087e-02,6.068157e-03,2.429444e-03,4.161199e-03,1.399135e-02,4.485458e-04,3.734343e-03,5.266515e-01,9.711727e-03,1.785250e-01,9.438843e-03,1.895213e-03,2.207884e-01,2.677034e-03
2.529415e-03,5.327656e-02,5.847055e-03,1.869901e-03,3.222714e-03,3.169310e-02,3.226400e-04,2.730271e-03,5.537466e-01,9.098904e-03,1.403113e-01,7.280269e-03,1.745988e-03,1.835216e-01,2.803533e-03
2.237977e-03,6.364749e-02,1.037496e-02,3.362962e-03,5.062984e-03,3.642212e-02,2.608417e-04,2.734559e-03,6.193813e-01,8.586426e-03,1.029526e-01,5.211291e-03,1.286472e-03,1.359335e-01,2.544528e-03
3.188928e-03,7.467815e-02,2.094147e-02,6.122201e-03,6.908100e-03,6.197235e-02,2.373590e-04,4.616191e-03,6.102777e-01,8.079601e-03,7.650784e-02,3.708118e-03,1.228377e-03,1.180277e-01,3.506024e-03
4.746390e-03,8.327694e-02,2.126470e-02,7.560146e-03,2.027552e-02,1.346213e-01,2.557173e-04,5.083277e-03,5.597518e-01,6.876727e-03,5.653460e-02,2.632679e-03,1.050961e-03,9.129438e-02,4.774962e-03
6.352867e-03,9.936308e-02,2.501445e-02,8.098881e-02,2.282585e-02,1.298010e-01,2.326418e-04,1.660379e-02,4.892395e-01,6.966189e-03,4.180902e-02,1.934178e-03,9.134278e-04,6.806906e-02,9.886218e-03
1.240021e-02,8.380553e-02,3.000661e-02,6.713894e-02,2.334760e-02,2.127486e-01,2.079343e-04,1.722568e-02,4.245387e-01,6.685942e-03,3.070504e-02,1.396559e-03,8.261034e-04,5.526042e-02,3.370623e-02
1.398127e-02,6.944583e-02,2.358010e-02,4.944756e-02,2.221452e-02,3.525725e-01,1.756345e-04,1.515323e-02,3.374360e-01,5.917508e-03,2.346289e-02,1.025218e-03,7.095250e-04,5.098234e-02,3.389596e-02
1.739100e-02,6.013517e-02,2.828270e-02,5.515930e-02,1.909093e-02,3.647776e-01,1.644866e-04,2.439910e-02,2.933621e-01,1.155181e-02,2.192570e-02,1.178173e-03,8.670037e-04,4.547556e-02,5.623950e-02
1.777791e-02,5.065089e-02,6.515333e-02,1.013997e-01,1.838706e-02,2.989604e-01,1.828378e-04,4.635076e-02,2.491934e-01,1.369765e-02,2.703012e-02,1.101496e-03,9.157414e-04,4.077427e-02,6.842443e-02
3.394659e-02,6.143453e-02,6.275040e-02,7.606141e-02,1.705615e-02,3.363761e-01,1.895453e-04,4.685431e-02,2.036174e-01,1.619480e-02,2.483666e-02,9.700016e-04,8.822365e-04,5.258422e-02,6.624569e-02
2.891042e-02,5.609697e-02,1.048847e-01,1.276672e-01,1.564681e-02,2.517876e-01,2.129819e-04,5.972568e-02,1.837604e-01,2.664379e-02,2.033150e-02,9.856797e-04,1.107406e-03,3.921056e-02,8.302822e-02
2.061495e-02,4.980922e-02,2.266051e-01,1.946227e-01,1.169397e-02,1.763988e-01,1.711610e-04,4.208088e-02,1.403340e-01,2.056696e-02,2.405287e-02,1.706881e-03,2.485470e-03,2.804589e-02,6.081108e-02
1.486228e-02,8.268577e-02,2.760344e-01,1.933797e-01,9.312507e-03,1.241441e-01,1.860955e-04,2.967750e-02,1.041039e-01,1.663808e-02,5.723658e-02,1.276237e-02,6.521358e-03,2.929062e-02,4.316472e-02
1.085019e-02,6.855313e-02,2.406079e-01,1.956897e-01,6.960927e-03,8.726988e-02,1.788664e-04,2.090181e-02,7.851528e-02,1.677648e-02,1.433588e-01,3.246995e-02,1.246301e-02,5.422410e-02,3.117991e-02
7.969464e-03,4.837634e-02,1.710434e-01,1.413733e-01,5.373369e-03,6.119735e-02,1.651995e-04,1.469208e-02,5.631831e-02,1.657934e-02,2.471691e-01,4.094969e-02,1.023078e-02,1.556585e-01,2.290374e-02
5.883242e-03,3.437337e-02,1.214079e-01,1.007289e-01,5.080233e-03,4.292623e-02,1.739503e-04,1.033458e-02,4.000765e-02,1.373319e-02,3.086592e-01,4.850198e-02,8.278122e-03,2.432691e-01,1.664231e-02
4.285592e-03,2.414017e-02,8.521077e-02,7.066619e-02,4.142646e-03,3.014785e-02,1.378180e-04,7.331286e-03,2.890131e-02,1.564670e-02,3.900004e-01,4.392147e-02,6.299486e-03,2.762941e-01,1.287424e-02
3.231719e-03,1.699984e-02,6.008085e-02,4.973051e-02,3.856118e-03,2.125507e-02,1.071747e-04,5.196307e-03,2.126326e-02,1.434577e-02,4.612290e-01,3.502917e-02,4.922272e-03,2.924307e-01,1.032213e-02
2.414721e-03,1.194762e-02,4.243609e-02,3.497174e-02,3.400766e-03,1.496524e-02,8.871380e-05,3.740796e-03,1.511228e-02,1.390223e-02,5.541214e-01,2.657648e-02,3.691867e-03,2.624071e-01,1.022287e-02
1.876023e-03,8.881100e-03,3.066693e-02,2.458712e-02,1.049357e-02,1.059331e-02,9.256889e-05,2.983357e-03,1.122207e-02,1.157023e-02,5.848476e-01,1.908356e-02,2.736341e-03,2.660313e-01,1.433481e-02
1.920180e-03,6.457808e-03,2.311189e-02,1.754825e-02,1.005097e-02,7.824895e-03,1.118677e-04,2.795469e-03,8.877682e-03,1.179876e-02,6.507980e-01,1.436962e-02,2.253027e-03,2.297180e-01,1.236360e-02
1.998357e-03,4.806001e-03,1.824708e-02,1.264274e-02,7.534574e-03,6.090018e-03,1.460671e-04,3.500470e-03,7.412029e-03,1.109563e-02,7.108747e-01,1.095770e-02,1.881664e-03,1.907070e-01,1.210594e-02
3.699646e-03,3.730679e-03,1.515838e-02,9.333343e-03,5.935462e-03,4.895071e-03,2.310841e-04,4.680478e-03,7.544511e-03,1.245434e-02,7.338771e-01,8.929385e-03,1.863117e-03,1.778243e-01,9.843151e-03
8.925357e-03,4.243381e-03,1.414284e-02,8.189988e-03,5.383778e-03,4.833984e-03,3.733776e-04,8.268117e-03,1.354572e-02,1.741050e-02,7.196453e-01,7.647106e-03,2.166959e-03,1.749404e-01,1.028330e-02
1.620279e-02,8.181561e-03,5.102296e-02,3.010467e-02,3.761174e-02,7.285470e-03,1.348707e-03,5.105303e-02,2.106065e-02,2.135503e-02,5.809797e-01,7.468250e-03,4.753556e-03,1.493939e-01,1.217794e-02
1.861208e-02,1.243292e-02,4.356724e-02,3.109712e-02,1.245969e-01,7.267606e-03,4.809669e-03,4.404733e-02,2.740508e-02,2.305768e-02,5.068370e-01,9.240584e-03,7.649814e-03,1.281556e-01,1.122332e-02
2.584076e-02,2.405176e-02,4.224033e-02,2.786288e-02,1.110116e-01,1.102600e-02,4.321712e-03,3.795274e-02,4.133900e-02,4.941840e-02,4.673128e-01,1.312307e-02,1.086256e-02,1.232841e-01,1.035219e-02
5.154265e-02,2.751746e-02,4.603186e-02,2.467209e-02,9.353819e-02,1.321753e-02,5.283378e-03,3.716603e-02,5.528676e-02,6.750406e-02,4.263752e-01,1.681022e-02,1.164553e-02,1.143381e-01,9.070952e-03
6.490742e-02,2.725846e-02,4.853237e-02,2.181957e-02,9.888573e-02,1.241326e-02,5.669031e-03,3.855107e-02,7.492623e-02,1.218129e-01,3.451595e-01,2.803928e-02,1.266829e-02,9.109414e-02,8.262794e-03
7.184585e-02,3.437324e-02,6.681994e-02,1.829169e-02,9.351675e-02,1.246339e-02,5.918584e-03,4.197931e-02,7.354440e-02,1.125011e-01,2.843765e-01,3.054208e-02,1.434186e-02,1.254161e-01,1.406918e-02
7.036328e-02,4.338733e-02,6.496873e-02,1.433858e-02,8.538877e-02,1.110364e-02,5.447951e-03,4.431266e-02,7.460098e-02,1.370824e-01,2.482615e-01,2.873693e-02,1.565668e-02,1.376666e-01,1.868391e-02
6.179605e-02,3.437957e-02,5.460100e-02,1.223454e-02,9.839031e-02,9.874044e-03,4.477766e-03,1.066716e-01,6.766235e-02,1.876570e-01,1.943827e-01,2.858186e-02,1.512280e-02,1.100728e-01,1.409575e-02
7.985871e-02,3.165028e-02,1.091773e-01,1.798225e-02,1.191251e-01,1.055004e-02,4.315416e-03,1.325435e-01,5.966826e-02,1.530737e-01,1.446515e-01,2.328424e-02,1.359420e-02,8.935729e-02,1.116822e-02
1.135006e-01,2.951572e-02,1.067128e-01,2.528367e-02,1.409437e-01,1.180724e-02,4.919689e-03,1.260457e-01,5.718604e-02,1.424435e-01,1.123398e-01,2.342582e-02,1.282078e-02,8.274528e-02,1.030976e-02
1.306060e-01,4.282093e-02,1.093123e-01,2.540045e-02,1.393019e-01,1.203913e-02,4.770620e-03,1.266427e-01,6.883177e-02,1.359166e-01,8.491426e-02,2.735868e-02,1.381704e-02,6.593786e-02,1.232992e-02
1.237519e-01,3.689560e-02,9.902212e-02,2.560135e-02,2.266761e-01,1.422118e-02,7.228120e-03,1.043042e-01,6.887686e-02,1.268763e-01,7.032606e-02,2.275082e-02,1.164430e-02,5.173653e-02,1.008848e-02
1.206900e-01,4.625804e-02,9.122550e-02,2.927729e-02,2.570300e-01,1.534507e-02,8.695752e-03,9.451541e-02,1.137577e-01,9.449229e-02,5.190227e-02,1.776615e-02,9.417484e-03,3.868594e-02,1.094103e-02
1.301829e-01,5.377929e-02,8.084251e-02,4.200483e-02,2.536574e-01,1.663899e-02,1.184897e-02,8.802497e-02,1.450307e-01,6.925533e-02,3.842673e-02,1.580198e-02,1.051202e-02,2.819502e-02,1.579830e-02
1.591011e-01,6.316374e-02,6.124932e-02,4.694465e-02,2.386831e-01,1.994485e-02,1.072503e-02,6.958289e-02,1.780268e-01,5.336739e-02,3.021893e-02,1.403568e-02,1.168646e-02,2.153166e-02,2.173840e-02
2.410183e-01,5.516579e-02,4.562748e-02,6.393582e-02,1.890009e-01,2.513895e-02,9.930566e-03,5.158615e-02,1.533883e-01,4.383787e-02,2.479714e-02,1.756341e-02,2.761805e-02,1.626414e-02,3.512706e-02
3.229292e-01,4.779291e-02,3.345500e-02,5.532183e-02,1.469927e-01,3.189979e-02,9.473503e-03,4.056789e-02,1.283787e-01,4.282960e-02,2.077096e-02,2.707374e-02,3.372964e-02,1.350829e-02,4.527619e-02
3.268122e-01,5.019919e-02,2.499820e-02,5.636771e-02,1.105110e-01,3.886618e-02,8.828732e-03,2.976151e-02,1.117662e-01,3.262132e-02,1.853691e-02,3.395273e-02,6.462944e-02,1.086772e-02,8.128098e-02
2.458598e-01,6.686690e-02,3.554387e-02,7.862942e-02,8.188421e-02,3.236864e-02,7.849483e-03,2.190781e-02,1.330526e-01,4.114772e-02,1.527000e-02,2.933408e-02,1.044116e-01,8.224731e-03,9.764908e-02
2.181217e-01,7.474191e-02,3.203565e-02,7.903778e-02,6.713926e-02,2.974508e-02,8.424280e-03,1.749596e-02,1.558326e-01,3.724697e-02,1.420971e-02,2.662899e-02,1.047870e-01,7.150635e-03,1.274024e-01
1.808148e-01,7.076494e-02,3.107954e-02,1.420768e-01,5.063658e-02,2.508138e-02,6.896535e-03,1.289054e-02,1.524144e-01,3.571997e-02,1.644976e-02,4.693411e-02,1.064305e-01,6.376334e-03,1.154337e-01
1.446036e-01,7.566902e-02,2.440734e-02,1.187003e-01,3.752418e-02,2.171811e-02,5.830457e-03,9.918218e-03,2.174501e-01,3.204861e-02,2.519577e-02,5.859672e-02,1.278779e-01,5.244086e-03,9.521560e-02
1.086129e-01,9.896652e-02,2.008829e-02,9.138582e-02,2.770889e-02,1.958693e-02,4.791969e-03,7.326303e-03,3.199185e-01,2.470521e-02,2.116820e-02,4.842702e-02,1.288585e-01,4.342258e-03,7.411262e-02
9.112252e-02,9.311991e-02,1.516492e-02,6.592319e-02,2.014649e-02,2.123227e-02,3.853804e-03,8.113604e-03,2.931059e-01,1.816218e-02,1.693860e-02,5.428135e-02,2.284178e-01,3.818358e-03,6.659903e-02
1.011565e-01,8.728179e-02,1.658534e-02,6.626032e-02,1.544227e-02,2.643870e-02,3.443794e-03,2.297782e-02,2.679143e-01,1.461965e-02,1.509394e-02,4.573100e-02,2.633044e-01,3.394134e-03,5.035603e-02
1.143922e-01,7.878150e-02,1.894025e-02,5.036362e-02,1.287557e-02,2.726336e-02,4.125556e-03,2.087266e-02,2.316650e-01,1.152909e-02,1.385657e-02,4.266953e-02,2.977915e-01,3.210708e-03,7.166295e-02
9.116228e-02,6.715340e-02,1.988752e-02,3.797763e-02,1.179372e-02,2.658144e-02,8.242251e-03,2.084295e-02,1.892928e-01,9.644539e-03,1.245625e-02,4.724783e-02,3.680416e-01,2.758558e-03,8.691735e-02
8.209674e-02,6.242682e-02,1.783862e-02,2.742359e-02,1.208337e-02,2.139792e-02,8.603323e-03,2.030576e-02,1.494752e-01,7.955828e-03,1.062901e-02,4.570372e-02,4.017614e-01,2.607333e-03,1.296914e-01
6.513724e-02,5.129584e-02,6.274761e-02,2.300006e-02,1.947420e-02,1.750691e-02,7.655264e-03,3.311704e-02,1.172441e-01,1.343784e-02,1.022998e-02,3.470975e-02,3.859445e-01,3.508524e-03,1.549912e-01
6.960978e-02,5.064461e-02,5.787383e-02,1.799326e-02,1.844133e-02,1.466808e-02,5.654238e-03,2.557176e-02,1.101202e-01,2.518584e-02,8.691406e-03,2.697468e-02,2.933506e-01,4.717685e-03,2.705027e-01
5.188520e-02,5.570228e-02,5.814504e-02,1.314235e-02,1.513816e-02,1.166186e-02,5.441015e-03,2.416354e-02,1.519345e-01,2.888771e-02,7.292013e-03,2.050593e-02,2.251946e-01,3.822638e-03,3.270831e-01
5.798986e-02,6.681988e-02,7.126604e-02,1.880548e-02,1.468538e-02,1.060739e-02,5.420633e-03,2.339593e-02,2.136236e-01,4.112474e-02,6.654223e-03,1.923124e-02,1.702710e-01,3.280154e-03,2.768244e-01
4.751245e-02,5.354330e-02,8.001329e-02,1.385308e-02,1.363541e-02,1.564278e-02,4.989832e-03,2.542164e-02,2.259621e-01,3.995572e-02,5.879188e-03,1.395546e-02,1.387192e-01,3.053192e-03,3.178634e-01
4.490468e-02,4.871989e-02,7.625446e-02,1.982252e-02,1.544517e-02,1.902896e-02,4.874013e-03,3.166363e-02,2.356700e-01,3.419808e-02,4.800650e-03,1.046507e-02,1.031349e-01,2.611982e-03,3.484061e-01
4.380508e-02,4.474452e-02,6.393266e-02,2.415793e-02,2.726353e-02,2.815688e-02,7.221390e-03,3.253603e-02,2.577401e-01,2.858350e-02,4.033590e-03,8.136580e-03,7.654256e-02,2.452820e-03,3.506929e-01
4.357673e-02,4.575945e-02,1.251463e-01,1.138419e-01,2.382479e-02,2.313055e-02,5.359099e-03,3.918771e-02,1.998957e-01,3.763497e-02,6.161795e-03,8.550441e-03,5.566404e-02,2.438334e-03,2.698282e-01
5.527867e-02,8.071650e-02,1.117808e-01,1.131712e-01,2.332968e-02,2.286255e-02,4.872781e-03,3.312461e-02,2.078419e-01,7.996201e-02,6.863127e-03,8.904316e-03,4.276746e-02,2.405879e-03,2.061184e-01
5.291446e-02,2.054657e-01,8.334578e-02,8.543803e-02,2.233529e-02,2.460108e-02,4.043624e-03,2.486968e-02,2.261154e-01,6.442362e-02,9.797173e-03,1.025690e-02,3.302883e-02,2.300818e-03,1.510637e-01
3.956271e-02,1.950775e-01,1.032100e-01,1.656156e-01,1.867596e-02,2.002287e-02,3.154539e-03,2.185841e-02,1.939290e-01,7.540902e-02,7.793064e-03,7.876477e-03,2.473293e-02,1.715684e-03,1.213662e-01
3.045642e-02,2.261904e-01,1.146672e-01,1.693847e-01,1.650736e-02,1.967347e-02,2.407655e-03,1.644622e-02,1.900949e-01,7.647923e-02,8.492430e-03,6.463268e-03,1.891460e-02,1.375377e-03,1.024467e-01
3.528656e-02,2.688896e-01,1.092379e-01,1.294995e-01,1.510947e-02,1.642229e-02,2.197344e-03,1.481366e-02,2.377377e-01,6.064419e-02,7.989071e-03,6.257745e-03,1.659543e-02,1.346939e-03,7.797261e-02
2.948597e-02,3.019213e-01,1.160395e-01,1.279097e-01,1.266170e-02,1.425744e-02,1.844990e-03,1.237207e-02,2.319016e-01,5.251991e-02,1.159046e-02,7.224199e-03,1.724873e-02,1.330696e-03,6.169176e-02
2.524650e-02,2.968072e-01,1.178647e-01,1.430688e-01,1.061207e-02,1.512259e-02,1.552266e-03,1.021765e-02,2.239616e-01,4.161194e-02,1.740858e-02,1.181072e-02,2.587750e-02,1.587035e-03,5.725093e-02
2.416475e-02,2.337630e-01,1.443360e-01,1.802048e-01,1.004935e-02,1.227488e-02,1.222810e-03,8.802710e-03,1.951432e-01,3.604568e-02,4.126313e-02,1.138370e-02,2.742006e-02,7.058964e-03,6.686685e-02
1.999254e-02,1.716580e-01,2.810309e-01,1.822907e-01,8.361022e-03,9.327142e-03,9.617345e-04,7.335015e-03,1.432757e-01,2.821738e-02,4.266075e-02,1.499219e-02,2.887699e-02,7.409447e-03,5.361040e-02
2.237308e-02,1.283433e-01,3.519876e-01,1.542367e-01,8.882319e-03,8.272314e-03,1.468523e-03,5.795874e-03,1.050140e-01,2.698981e-02,4.901583e-02,2.527290e-02,4.384516e-02,8.025521e-03,6.047705e-02
2.388197e-02,9.547549e-02,3.278971e-01,1.320431e-01,1.053190e-02,7.246746e-03,2.504762e-03,5.502064e-03,8.370669e-02,3.268657e-02,8.339019e-02,5.227721e-02,6.359547e-02,1.004441e-02,6.921639e-02
1.997293e-02,6.843032e-02,2.421311e-01,1.125307e-01,1.363567e-02,8.800073e-03,2.497324e-03,4.899333e-03,6.559757e-02,3.189776e-02,1.473169e-01,1.075548e-01,1.009247e-01,8.304743e-03,6.550610e-02
4.192467e-02,4.953399e-02,1.753721e-01,8.788947e-02,3.457115e-02,8.372216e-03,3.595346e-03,8.267850e-03,7.063569e-02,4.001325e-02,1.732244e-01,1.035598e-01,1.324104e-01,9.644682e-03,6.098502e-02
5.831452e-02,3.568045e-02,1.265949e-01,6.363742e-02,9.422839e-02,8.524233e-03,7.293542e-03,1.196589e-02,8.246943e-02,3.619067e-02,1.830548e-01,9.380695e-02,1.384285e-01,8.784010e-03,5.102631e-02
5.438609e-02,3.269166e-02,9.671085e-02,6.240446e-02,1.048562e-01,1.272183e-02,9.071171e-03,3.231697e-02,9.507923e-02,2.686376e-02,1.522044e-01,1.360141e-01,1.384112e-01,7.848704e-03,3.841939e-02
8.818210e-02,3.041850e-02,7.291558e-02,5.806857e-02,1.223632e-01,1.444978e-02,7.902195e-03,3.506848e-02,1.130686e-01,2.587670e-02,1.485154e-01,1.324715e-01,1.126394e-01,6.814481e-03,3.124562e-02
8.958805e-02,3.147425e-02,5.532239e-02,4.912695e-02,9.727684e-02,1.795258e-02,7.554954e-03,3.761744e-02,2.172939e-01,2.228725e-02,1.190376e-01,1.240965e-01,1.003124e-01,6.781940e-03,2.427711e-02
8.890849e-02,3.009244e-02,4.536690e-02,7.389721e-02,7.594524e-02,1.811438e-02,6.251506e-03,3.677360e-02,3.071473e-01,2.021935e-02,8.777664e-02,9.943826e-02,8.407848e-02,6.025885e-03,1.996437e-02
1.026831e-01,2.442397e-02,3.635109e-02,7.230992e-02,9.069629e-02,1.575136e-02,8.638239e-03,3.798182e-02,3.480669e-01,1.679988e-02,6.734973e-02,9.001101e-02,6.678500e-02,5.225576e-03,1.692616e-02
1.115894e-01,2.161723e-02,3.011614e-02,1.342412e-01,1.003799e-01,1.320292e-02,8.648246e-03,4.244637e-02,3.211955e-01,1.331989e-02,5.313367e-02,6.921468e-02,6.059942e-02,4.920526e-03,1.537486e-02
1.541609e-01,1.924697e-02,2.390798e-02,1.118643e-01,1.504411e-01,1.317090e-02,1.304159e-02,4.230251e-02,2.806116e-01,1.234031e-02,4.518355e-02,5.967631e-02,5.230237e-02,5.279610e-03,1.647003e-02
1.288361e-01,1.694098e-02,2.162212e-02,1.171210e-01,1.836437e-01,1.157052e-02,1.092470e-02,1.404004e-01,2.236385e-01,9.019631e-03,3.442735e-02,4.535868e-02,4.040495e-02,4.026614e-03,1.206461e-02
1.758847e-01,1.588121e-02,1.786564e-02,1.053618e-01,1.729663e-01,1.350513e-02,1.061640e-02,1.058699e-01,2.465391e-01,8.728162e-03,3.762433e-02,3.970558e-02,3.332509e-02,3.722844e-03,1.240391e-02
1.788312e-01,1.520906e-02,1.411058e-02,1.390842e-01,2.010427e-01,1.510728e-02,1.085532e-02,1.074518e-01,2.055026e-01,6.957572e-03,3.404132e-02,3.309718e-02,2.596395e-02,2.976847e-03,9.768284e-03
2.814511e-01,1.497914e-02,1.140062e-02,1.307338e-01,1.649442e-01,1.612406e-02,9.535138e-03,8.073089e-02,1.816500e-01,6.063838e-03,3.126936e-02,3.595590e-02,2.067440e-02,3.091203e-03,1.139630e-02
3.690128e-01,1.298156e-02,9.681618e-03,1.180862e-01,1.321627e-01,1.434645e-02,7.931941e-03,8.579762e-02,1.424462e-01,4.661287e-03,3.024033e-02,3.926481e-02,1.970787e-02,3.357481e-03,1.032118e-02
