1.000000e+00,0.000000e+00,0.000000e+00,0.000000e+00,0.000000e+00,0.000000e+00,0.000000e+00,0.000000e+00,0.000000e+00,0.000000e+00,0.000000e+00,0.000000e+00,0.000000e+00,0.000000e+00,0.000000e+00
1.000000e+00,0.000000e+00,0.000000e+00,0.000000e+00,0.000000e+00,0.000000e+00,0.000000e+00,0.000000e+00,0.000000e+00,0.000000e+00,0.000000e+00,0.000000e+00,0.000000e+00,0.000000e+00,0.000000e+00
1.000000e+00,0.000000e+00,0.000000e+00,0.000000e+00,0.000000e+00,0.000000e+00,0.000000e+00,0.000000e+00,0.000000e+00,0.000000e+00,0.000000e+00,0.000000e+00,0.000000e+00,0.000000e+00,0.000000e+00
1.000000e+00,0.000000e+00,0.000000e+00,0.000000e+00,0.000000e+00,0.000000e+00,0.000000e+00,0.000000e+00,0.000000e+00,0.000000e+00,0.000000e+00,0.000000e+00,0.000000e+00,0.000000e+00,0.000000e+00
1.000000e+00,0.000000e+00,0.000000e+00,0.000000e+00,0.000000e+00,0.000000e+00,0.000000e+00,0.000000e+00,0.000000e+00,0.000000e+00,0.000000e+00,0.000000e+00,0.000000e+00,0.000000e+00,0.000000e+00
1.000000e+00,0.000000e+00,0.000000e+00,0.000000e+00,0.000000e+00,0.000000e+00,0.000000e+00,0.000000e+00,0.000000e+00,0.000000e+00,0.000000e+00,0.000000e+00,0.000000e+00,0.000000e+00,0.000000e+00
1.000000e+00,0.000000e+00,0.000000e+00,0.000000e+00,0.000000e+00,0.000000e+00,0.000000e+00,0.000000e+00,0.000000e+00,0.000000e+00,0.000000e+00,0.000000e+00,0.000000e+00,0.000000e+00,0.000000e+00
1.000000e+00,0.000000e+00,0.000000e+00,0.000000e+00,0.000000e+00,0.000000e+00,0.000000e+00,0.000000e+00,0.000000e+00,0.000000e+00,0.000000e+00,0.000000e+00,0.000000e+00,0.000000e+00,0.000000e+00
1.000000e+00,0.000000e+00,0.000000e+00,0.000000e+00,0.000000e+00,0.000000e+00,0.000000e+00,0.000000e+00,0.000000e+00,0.000000e+00,0.000000e+00,0.000000e+00,0.000000e+00,0.000000e+00,0.000000e+00
1.000000e+00,0.000000e+00,0.000000e+00,0.000000e+00,0.000000e+00,0.000000e+00,0.000000e+00,0.000000e+00,0.000000e+00,0.000000e+00,0.000000e+00,0.000000e+00,0.000000e+00,0.000000e+00,0.000000e+00
1.000000e+00,0.000000e+00,0.000000e+00,0.000000e+00,0.000000e+00,0.000000e+00,0.000000e+00,0.000000e+00,0.000000e+00,0.000000e+00,0.000000e+00,0.000000e+00,0.000000e+00,0.000000e+00,0.000000e+00
1.000000e+00,0.000000e+00,0.000000e+00,0.000000e+00,0.000000e+00,0.000000e+00,0.000000e+00,0.000000e+00,0.000000e+00,0.000000e+00,0.000000e+00,0.000000e+00,0.000000e+00,0.000000e+00,0.000000e+00
1.000000e+00,0.000000e+00,0.000000e+00,0.000000e+00,0.000000e+00,0.000000e+00,0.000000e+00,0.000000e+00,0.000000e+00,0.000000e+00,0.000000e+00,0.000000e+00,0.000000e+00,0.000000e+00,0.000000e+00
1.000000e+00,0.000000e+00,0.000000e+00,0.000000e+00,0.000000e+00,0.000000e+00,0.000000e+00,0.000000e+00,0.000000e+00,0.000000e+00,0.000000e+00,0.000000e+00,0.000000e+00,0.000000e+00,0.000000e+00
1.000000e+00,0.000000e+00,0.000000e+00,0.000000e+00,0.000000e+00,0.000000e+00,0.000000e+00,0.000000e+00,0.000000e+00,0.000000e+00,0.000000e+00,0.000000e+00,0.000000e+00,0.000000e+00,0.000000e+00
1.000000e+00,0.000000e+00,0.000000e+00,0.000000e+00,0.000000e+00,0.000000e+00,0.000000e+00,0.000000e+00,0.000000e+00,0.000000e+00,0.000000e+00,0.000000e+00,0.000000e+00,0.000000e+00,0.000000e+00
1.000000e+00,0.000000e+00,0.000000e+00,0.000000e+00,0.000000e+00,0.000000e+00,0.000000e+00,0.000000e+00,0.000000e+00,0.000000e+00,0.000000e+00,0.000000e+00,0.000000e+00,0.000000e+00,0.000000e+00
1.000000e+00,0.000000e+00,0.000000e+00,0.000000e+00,0.000000e+00,0.000000e+00,0.000000e+00,0.000000e+00,0.000000e+00,0.000000e+00,0.000000e+00,0.000000e+00,0.000000e+00,0.000000e+00,0.000000e+00
1.000000e+00,0.000000e+00,0.000000e+00,0.000000e+00,0.000000e+00,0.000000e+00,0.000000e+00,0.000000e+00,0.000000e+00,0.000000e+00,0.000000e+00,0.000000e+00,0.000000e+00,0.000000e+00,0.000000e+00
1.000000e+00,0.000000e+00,0.000000e+00,0.000000e+00,0.000000e+00,0.000000e+00,0.000000e+00,0.000000e+00,0.000000e+00,0.000000e+00,0.000000e+00,0.000000e+00,0.000000e+00,0.000000e+00,0.000000e+00
1.000000e+00,0.000000e+00,0.000000e+00,0.000000e+00,0.000000e+00,0.000000e+00,0.000000e+00,0.000000e+00,0.000000e+00,0.000000e+00,0.000000e+00,0.000000e+00,0.000000e+00,0.000000e+00,0.000000e+00
1.000000e+00,0.000000e+00,0.000000e+00,0.000000e+00,0.000000e+00,0.000000e+00,0.000000e+00,0.000000e+00,0.000000e+00,0.000000e+00,0.000000e+00,0.000000e+00,0.000000e+00,0.000000e+00,0.000000e+00
1.000000e+00,0.000000e+00,0.000000e+00,0.000000e+00,0.000000e+00,0.000000e+00,0.000000e+00,0.000000e+00,0.000000e+00,0.000000e+00,0.000000e+00,0.000000e+00,0.000000e+00,0.000000e+00,0.000000e+00
1.000000e+00,0.000000e+00,0.000000e+00,0.000000e+00,0.000000e+00,0.000000e+00,0.000000e+00,0.000000e+00,0.000000e+00,0.000000e+00,0.000000e+00,0.000000e+00,0.000000e+00,0.000000e+00,0.000000e+00
1.000000e+00,0.000000e+00,0.000000e+00,0.000000e+00,0.000000e+00,0.000000e+00,0.000000e+00,0.000000e+00,0.000000e+00,0.000000e+00,0.000000e+00,0.000000e+00,0.000000e+00,0.000000e+00,0.000000e+00
1.000000e+00,0.000000e+00,0.000000e+00,0.000000e+00,0.000000e+00,0.000000e+00,0.000000e+00,0.000000e+00,0.000000e+00,0.000000e+00,0.000000e+00,0.000000e+00,0.000000e+00,0.000000e+00,0.000000e+00
1.000000e+00,0.000000e+00,0.000000e+00,0.000000e+00,0.000000e+00,0.000000e+00,0.000000e+00,0.000000e+00,0.000000e+00,0.000000e+00,0.000000e+00,0.000000e+00,0.000000e+00,0.000000e+00,0.000000e+00
1.000000e+00,0.000000e+00,0.000000e+00,0.000000e+00,0.000000e+00,0.000000e+00,0.000000e+00,0.000000e+00,0.000000e+00,0.000000e+00,0.000000e+00,0.000000e+00,0.000000e+00,0.000000e+00,0.000000e+00
1.000000e+00,0.000000e+00,0.000000e+00,0.000000e+00,0.000000e+00,0.000000e+00,0.000000e+00,0.000000e+00,0.000000e+00,0.000000e+00,0.000000e+00,0.000000e+00,0.000000e+00,0.000000e+00,0.000000e+00
1.000000e+00,0.000000e+00,0.000000e+00,0.000000e+00,0.000000e+00,0.000000e+00,0.000000e+00,0.000000e+00,0.000000e+00,0.000000e+00,0.000000e+00,0.000000e+00,0.000000e+00,0.000000e+00,0.000000e+00
1.000000e+00,0.000000e+00,0.000000e+00,0.000000e+00,0.000000e+00,0.000000e+00,0.000000e+00,0.000000e+00,0.000000e+00,0.000000e+00,0.000000e+00,0.000000e+00,0.000000e+00,0.000000e+00,0.000000e+00
1.000000e+00,0.000000e+00,0.000000e+00,0.000000e+00,0.000000e+00,0.000000e+00,0.000000e+00,0.000000e+00,0.000000e+00,0.000000e+00,0.000000e+00,0.000000e+00,0.000000e+00,0.000000e+00,0.000000e+00
1.000000e+00,0.000000e+00,0.000000e+00,0.000000e+00,0.000000e+00,0.000000e+00,0.000000e+00,0.000000e+00,0.000000e+00,0.000000e+00,0.000000e+00,0.000000e+00,0.000000e+00,0.000000e+00,0.000000e+00
1.000000e+00,0.000000e+00,0.000000e+00,0.000000e+00,0.000000e+00,0.000000e+00,0.000000e+00,0.000000e+00,0.000000e+00,0.000000e+00,0.000000e+00,0.000000e+00,0.000000e+00,0.000000e+00,0.000000e+00
1.000000e+00,0.000000e+00,0.000000e+00,0.000000e+00,0.000000e+00,0.000000e+00,0.000000e+00,0.000000e+00,0.000000e+00,0.000000e+00,0.000000e+00,0.000000e+00,0.000000e+00,0.000000e+00,0.000000e+00
1.000000e+00,0.000000e+00,0.000000e+00,0.000000e+00,0.000000e+00,0.000000e+00,0.000000e+00,0.000000e+00,0.000000e+00,0.000000e+00,0.000000e+00,0.000000e+00,0.000000e+00,0.000000e+00,0.000000e+00
1.000000e+00,0.000000e+00,0.000000e+00,0.000000e+00,0.000000e+00,0.000000e+00,0.000000e+00,0.000000e+00,0.000000e+00,0.000000e+00,0.000000e+00,0.000000e+00,0.000000e+00,0.000000e+00,0.000000e+00
1.000000e+00,0.000000e+00,0.000000e+00,0.000000e+00,0.000000e+00,0.000000e+00,0.000000e+00,0.000000e+00,0.000000e+00,0.000000e+00,0.000000e+00,0.000000e+00,0.000000e+00,0.000000e+00,0.000000e+00
1.000000e+00,0.000000e+00,0.000000e+00,0.000000e+00,0.000000e+00,0.000000e+00,0.000000e+00,0.000000e+00,0.000000e+00,0.000000e+00,0.000000e+00,0.000000e+00,0.000000e+00,0.000000e+00,0.000000e+00
1.000000e+00,0.000000e+00,0.000000e+00,0.000000e+00,0.000000e+00,0.000000e+00,0.000000e+00,0.000000e+00,0.000000e+00,0.000000e+00,0.000000e+00,0.000000e+00,0.000000e+00,0.000000e+00,0.000000e+00
1.000000e+00,0.000000e+00,0.000000e+00,0.000000e+00,0.000000e+00,0.000000e+00,0.000000e+00,0.000000e+00,0.000000e+00,0.000000e+00,0.000000e+00,0.000000e+00,0.000000e+00,0.000000e+00,0.000000e+00
1.000000e+00,0.000000e+00,0.000000e+00,0.000000e+00,0.000000e+00,0.000000e+00,0.000000e+00,0.000000e+00,0.000000e+00,0.000000e+00,0.000000e+00,0.000000e+00,0.000000e+00,0.000000e+00,0.000000e+00
1.000000e+00,0.000000e+00,0.000000e+00,0.000000e+00,0.000000e+00,0.000000e+00,0.000000e+00,0.000000e+00,0.000000e+00,0.000000e+00,0.000000e+00,0.000000e+00,0.000000e+00,0.000000e+00,0.000000e+00
1.000000e+00,0.000000e+00,0.000000e+00,0.000000e+00,0.000000e+00,0.000000e+00,0.000000e+00,0.000000e+00,0.000000e+00,0.000000e+00,0.000000e+00,0.000000e+00,0.000000e+00,0.000000e+00,0.000000e+00
1.000000e+00,0.000000e+00,0.000000e+00,0.000000e+00,0.000000e+00,0.000000e+00,0.000000e+00,0.000000e+00,0.000000e+00,0.000000e+00,0.000000e+00,0.000000e+00,0.000000e+00,0.000000e+00,0.000000e+00
1.000000e+00,0.000000e+00,0.000000e+00,0.000000e+00,0.000000e+00,0.000000e+00,0.000000e+00,0.000000e+00,0.000000e+00,0.000000e+00,0.000000e+00,0.000000e+00,0.000000e+00,0.000000e+00,0.000000e+00
1.000000e+00,0.000000e+00,0.000000e+00,0.000000e+00,0.000000e+00,0.000000e+00,0.000000e+00,0.000000e+00,0.000000e+00,0.000000e+00,0.000000e+00,0.000000e+00,0.000000e+00,0.000000e+00,0.000000e+00
1.000000e+00,0.000000e+00,0.000000e+00,0.000000e+00,0.000000e+00,0.000000e+00,0.000000e+00,0.000000e+00,0.000000e+00,0.000000e+00,0.000000e+00,0.000000e+00,0.000000e+00,0.000000e+00,0.000000e+00
1.000000e+00,0.000000e+00,0.000000e+00,0.000000e+00,0.000000e+00,0.000000e+00,0.000000e+00,0.000000e+00,0.000000e+00,0.000000e+00,0.000000e+00,0.000000e+00,0.000000e+00,0.000000e+00,0.000000e+00
1.000000e+00,0.000000e+00,0.000000e+00,0.000000e+00,0.000000e+00,0.000000e+00,0.000000e+00,0.000000e+00,0.000000e+00,0.000000e+00,0.000000e+00,0.000000e+00,0.000000e+00,0.000000e+00,0.000000e+00
1.000000e+00,0.000000e+00,0.000000e+00,0.000000e+00,0.000000e+00,0.000000e+00,0.000000e+00,0.000000e+00,0.000000e+00,0.000000e+00,0.000000e+00,0.000000e+00,0.000000e+00,0.000000e+00,0.000000e+00
1.000000e+00,0.000000e+00,0.000000e+00,0.000000e+00,0.000000e+00,0.000000e+00,0.000000e+00,0.000000e+00,0.000000e+00,0.000000e+00,0.000000e+00,0.000000e+00,0.000000e+00,0.000000e+00,0.000000e+00
1.000000e+00,0.000000e+00,0.000000e+00,0.000000e+00,0.000000e+00,0.000000e+00,0.000000e+00,0.000000e+00,0.000000e+00,0.000000e+00,0.000000e+00,0.000000e+00,0.000000e+00,0.000000e+00,0.000000e+00
1.000000e+00,0.000000e+00,0.000000e+00,0.000000e+00,0.000000e+00,0.000000e+00,0.000000e+00,0.000000e+00,0.000000e+00,0.000000e+00,0.000000e+00,0.000000e+00,0.000000e+00,0.000000e+00,0.000000e+00
1.000000e+00,0.000000e+00,0.000000e+00,0.000000e+00,0.000000e+00,0.000000e+00,0.000000e+00,0.000000e+00,0.000000e+00,0.000000e+00,0.000000e+00,0.000000e+00,0.000000e+00,0.000000e+00,0.000000e+00
1.000000e+00,0.000000e+00,0.000000e+00,0.000000e+00,0.000000e+00,0.000000e+00,0.000000e+00,0.000000e+00,0.000000e+00,0.000000e+00,0.000000e+00,0.000000e+00,0.000000e+00,0.000000e+00,0.000000e+00
1.000000e+00,0.000000e+00,0.000000e+00,0.000000e+00,0.000000e+00,0.000000e+00,0.000000e+00,0.000000e+00,0.000000e+00,0.000000e+00,0.000000e+00,0.000000e+00,0.000000e+00,0.000000e+00,0.000000e+00
1.000000e+00,0.000000e+00,0.000000e+00,0.000000e+00,0.000000e+00,0.000000e+00,0.000000e+00,0.000000e+00,0.000000e+00,0.000000e+00,0.000000e+00,0.000000e+00,0.000000e+00,0.000000e+00,0.000000e+00
3.831276e-01,9.776151e-02,1.115349e-02,3.147655e-01,7.925846e-03,9.953691e-03,1.648938e-03,1.667953e-02,1.298809e-02,8.254545e-03,7.957961e-02,1.989801e-02,1.147306e-02,4.259194e-03,2.053133e-02
2.683600e-01,7.069103e-02,8.736470e-03,4.330184e-01,6.085828e-03,7.143871e-03,1.191128e-03,1.177314e-02,1.545782e-02,7.567435e-03,1.236819e-01,1.853790e-02,8.734806e-03,3.643887e-03,1.537636e-02
1.890094e-01,5.035646e-02,6.209067e-03,3.296922e-01,5.112071e-03,5.935744e-03,8.678932e-04,8.574239e-03,2.033507e-02,1.375150e-02,2.816029e-01,3.331140e-02,8.056517e-03,3.585162e-02,1.133395e-02
1.341659e-01,3.594639e-02,4.443785e-03,2.466539e-01,5.969932e-03,5.605531e-03,6.574092e-04,6.213027e-03,2.636212e-02,1.316425e-02,3.902304e-01,4.797414e-02,6.764302e-03,6.750368e-02,8.345202e-03
9.590995e-02,2.608302e-02,3.633092e-03,2.027973e-01,1.072349e-02,6.487218e-03,5.181690e-04,4.724251e-03,2.360788e-02,1.154268e-02,4.675512e-01,5.987645e-02,5.384977e-03,7.436818e-02,6.792170e-03
7.283629e-02,1.965983e-02,2.748282e-03,1.528634e-01,1.469566e-02,6.986101e-03,4.253250e-04,3.786530e-03,2.105518e-02,1.011972e-02,5.193242e-01,6.359220e-02,4.264735e-03,1.022029e-01,5.439673e-03
5.642550e-02,1.746876e-02,2.347974e-03,1.129292e-01,3.180940e-02,5.907151e-03,4.016213e-04,3.205613e-03,3.036650e-02,1.008112e-02,5.475050e-01,9.258603e-02,4.492855e-03,8.013851e-02,4.334829e-03
4.292993e-02,1.474665e-02,2.101254e-03,8.053879e-02,2.517688e-02,4.824921e-03,3.269098e-04,2.879920e-03,3.453562e-02,1.054790e-02,5.949538e-01,1.049305e-01,4.921386e-03,7.322837e-02,3.357151e-03
3.157757e-02,1.121414e-02,1.995827e-03,5.816537e-02,3.842354e-02,4.213862e-03,3.164946e-04,3.008015e-03,4.481487e-02,9.118198e-03,6.350408e-01,9.447734e-02,4.871752e-03,5.993297e-02,2.829186e-03
2.454198e-02,1.068949e-02,1.762771e-03,4.110592e-02,3.009430e-02,3.931043e-03,3.875066e-04,2.616289e-03,4.241977e-02,8.108515e-03,6.788810e-01,8.343925e-02,5.393064e-03,6.332169e-02,3.307384e-03
2.030140e-02,1.498700e-02,1.570624e-03,2.924255e-02,2.686573e-02,5.130616e-03,5.386883e-04,2.636658e-03,8.399604e-02,9.408372e-03,6.465394e-01,7.984984e-02,5.701004e-03,6.847872e-02,4.753261e-03
2.411943e-02,1.549770e-02,1.673582e-03,2.122814e-02,2.097623e-02,7.006593e-03,1.170494e-03,1.143624e-02,9.177483e-02,1.012743e-02,6.257096e-01,8.605278e-02,6.425315e-03,7.201186e-02,4.789757e-03
2.189267e-02,1.613878e-02,1.754641e-03,1.659266e-02,1.884563e-02,6.919269e-03,9.971140e-04,1.322031e-02,8.963109e-02,9.899192e-03,6.175230e-01,1.132960e-01,5.882574e-03,6.253413e-02,4.873033e-03
2.614694e-02,1.702639e-02,1.750590e-03,1.288160e-02,1.467797e-02,6.279832e-03,9.809079e-04,1.886144e-02,1.248948e-01,1.441087e-02,5.753027e-01,1.195610e-01,5.359761e-03,5.712075e-02,4.744445e-03
4.469433e-02,2.733663e-02,1.848750e-03,1.191190e-02,1.204249e-02,5.829174e-03,8.323399e-04,1.562782e-02,1.177342e-01,1.206844e-02,5.615790e-01,1.315871e-01,4.516536e-03,4.504581e-02,7.345479e-03
5.383116e-02,5.893305e-02,2.909579e-03,9.876050e-03,1.096646e-02,1.277590e-02,9.085076e-04,1.874181e-02,2.445422e-01,1.107072e-02,4.280890e-01,1.021093e-01,3.393930e-03,3.492155e-02,6.930722e-03
5.960639e-02,5.147672e-02,9.169949e-03,1.430815e-02,1.744450e-02,1.235135e-02,1.563328e-03,8.328767e-02,2.428716e-01,1.291360e-02,3.724460e-01,8.699216e-02,2.986531e-03,2.724980e-02,5.332293e-03
5.132433e-02,5.208971e-02,1.133622e-02,1.530226e-02,2.323489e-02,1.313127e-02,1.327886e-03,1.033142e-01,2.821931e-01,1.464549e-02,3.121805e-01,8.692196e-02,2.621865e-03,2.637327e-02,4.003108e-03
5.239695e-02,4.924032e-02,1.115019e-02,1.580415e-02,2.899355e-02,1.392137e-02,1.238656e-03,9.945135e-02,3.362347e-01,2.516259e-02,2.684562e-01,6.738099e-02,2.510132e-03,2.481076e-02,3.248260e-03
6.351945e-02,3.911531e-02,1.529533e-02,2.432635e-02,3.744231e-02,1.160268e-02,1.517645e-03,1.267313e-01,3.185326e-01,4.921047e-02,2.342633e-01,5.045162e-02,2.503686e-03,2.266064e-02,2.827322e-03
7.291894e-02,3.309068e-02,2.132115e-02,2.373106e-02,3.968118e-02,1.081440e-02,1.471617e-03,1.249487e-01,3.201077e-01,5.615448e-02,2.198502e-01,3.994918e-02,2.611418e-03,2.971481e-02,3.634464e-03
7.552195e-02,2.991941e-02,6.699248e-02,7.477485e-02,6.074128e-02,1.033819e-02,1.367193e-03,1.259690e-01,2.880821e-01,4.493126e-02,1.581244e-01,3.305767e-02,2.707347e-03,2.212247e-02,5.350460e-03
8.672458e-02,4.114366e-02,8.561252e-02,7.940385e-02,8.221415e-02,8.819061e-03,1.206382e-03,1.329714e-01,2.731230e-01,3.874459e-02,1.174892e-01,2.462865e-02,2.496284e-03,1.922173e-02,6.201051e-03
9.488215e-02,5.636884e-02,7.766129e-02,6.195833e-02,8.863571e-02,7.487336e-03,1.134193e-03,1.546367e-01,2.674505e-01,4.844263e-02,9.521444e-02,1.833016e-02,2.148672e-03,2.034008e-02,5.309022e-03
9.904881e-02,6.187218e-02,6.863623e-02,5.111035e-02,8.500789e-02,7.540281e-03,1.098313e-03,1.668460e-01,2.879303e-01,5.398239e-02,7.391971e-02,1.418420e-02,1.747947e-03,2.116359e-02,5.911886e-03
1.102971e-01,5.860804e-02,6.552877e-02,4.968052e-02,7.974353e-02,7.713126e-03,1.040072e-03,1.697198e-01,3.017973e-01,5.312464e-02,5.946431e-02,1.115867e-02,1.465910e-03,2.431169e-02,6.346618e-03
1.215064e-01,6.102230e-02,8.120755e-02,5.295564e-02,6.351952e-02,8.168169e-03,1.058825e-03,1.667220e-01,2.826656e-01,4.991775e-02,4.900184e-02,9.497280e-03,1.518637e-03,4.469143e-02,6.547161e-03
1.361144e-01,7.220177e-02,6.886770e-02,4.904428e-02,5.340090e-02,7.525518e-03,1.226390e-03,1.361589e-01,3.042830e-01,4.731647e-02,4.379021e-02,9.788307e-03,1.960360e-03,6.060598e-02,7.715868e-03
1.430051e-01,7.505292e-02,8.328564e-02,5.174563e-02,5.310936e-02,1.158408e-02,1.529840e-03,1.346071e-01,2.889833e-01,4.052423e-02,4.022117e-02,9.375900e-03,2.535722e-03,5.409089e-02,1.034914e-02
1.576877e-01,1.216590e-01,1.118639e-01,4.678922e-02,4.993798e-02,1.349546e-02,1.639469e-03,1.261750e-01,2.369561e-01,3.297256e-02,3.422525e-02,7.583173e-03,2.446205e-03,4.487848e-02,1.169052e-02
1.765058e-01,1.784771e-01,1.056733e-01,3.767717e-02,4.267859e-02,1.544409e-02,1.593001e-03,1.011990e-01,2.122149e-01,3.055254e-02,3.028031e-02,6.085085e-03,2.586384e-03,4.187105e-02,1.716166e-02
1.882056e-01,2.463930e-01,8.039528e-02,3.203405e-02,3.655745e-02,3.563377e-02,1.587353e-03,8.236441e-02,1.841075e-01,2.603854e-02,2.461363e-02,5.219862e-03,2.539232e-03,3.746652e-02,1.684378e-02
2.098732e-01,2.537865e-01,5.847815e-02,2.646242e-02,2.909457e-02,4.607728e-02,1.408286e-03,7.924488e-02,1.949649e-01,1.993641e-02,1.984316e-02,4.426044e-03,2.233048e-03,3.470794e-02,1.946321e-02
2.055859e-01,2.238058e-01,4.223821e-02,2.191199e-02,2.657681e-02,5.062592e-02,1.327989e-03,9.400023e-02,2.442995e-01,1.714113e-02,1.663500e-02,3.807972e-03,1.809708e-03,3.164158e-02,1.859223e-02
2.057504e-01,2.335517e-01,4.909249e-02,1.776735e-02,2.865987e-02,6.000511e-02,1.138047e-03,7.236256e-02,2.056552e-01,1.865597e-02,2.643579e-02,3.946285e-03,2.640510e-03,2.962612e-02,4.471263e-02
1.848640e-01,2.279449e-01,1.166424e-01,1.600693e-02,2.391331e-02,5.007961e-02,1.027563e-03,5.168467e-02,1.564163e-01,1.864609e-02,5.651358e-02,3.835567e-03,3.632563e-03,3.849983e-02,5.029266e-02
2.547640e-01,1.761817e-01,9.036878e-02,1.368416e-02,1.762103e-02,3.989650e-02,9.917723e-04,3.728109e-02,1.195643e-01,1.639784e-02,1.204845e-01,6.720814e-03,4.898565e-03,6.090608e-02,4.023892e-02
3.039873e-01,1.261777e-01,6.574494e-02,1.156980e-02,1.265323e-02,3.789901e-02,1.079606e-03,2.721941e-02,9.026881e-02,1.362050e-02,1.848945e-01,8.150445e-03,5.156674e-03,8.066247e-02,3.091564e-02
2.676080e-01,9.038205e-02,4.869749e-02,9.568525e-03,9.274343e-03,2.945899e-02,8.744737e-04,1.945372e-02,7.092585e-02,1.237366e-02,3.024895e-01,9.511821e-03,4.499175e-03,1.017852e-01,2.309727e-02
2.104726e-01,6.427516e-02,3.466545e-02,7.519201e-03,7.418239e-03,2.290493e-02,7.515149e-04,1.396417e-02,5.531592e-02,1.187813e-02,3.835071e-01,1.078366e-02,3.502586e-03,1.558464e-01,1.719486e-02
1.626765e-01,4.639319e-02,2.511450e-02,6.056369e-03,6.430617e-03,1.840396e-02,7.575603e-04,1.073496e-02,4.689207e-02,1.770596e-02,4.737297e-01,1.005587e-02,2.657161e-03,1.595540e-01,1.283763e-02
1.514878e-01,3.376487e-02,2.166983e-02,7.216758e-03,6.941165e-03,1.922196e-02,1.365821e-03,1.025627e-02,3.706063e-02,2.725543e-02,5.154110e-01,8.616306e-03,2.152720e-03,1.478910e-01,9.688511e-03
1.234661e-01,2.697510e-02,1.618571e-02,1.045897e-02,1.123170e-02,1.900522e-02,1.466304e-03,8.412189e-03,6.474756e-02,4.439140e-02,5.144843e-01,7.546674e-03,1.973789e-03,1.412946e-01,8.360408e-03
1.397614e-01,2.580839e-02,1.879485e-02,2.426435e-02,1.510613e-02,2.869482e-02,2.124012e-03,1.094066e-02,6.159438e-02,4.127945e-02,4.647682e-01,9.375250e-03,2.584136e-03,1.437241e-01,1.117996e-02
1.656964e-01,2.378768e-02,2.793410e-02,4.192372e-02,1.902604e-02,3.565662e-02,3.197381e-03,2.131517e-02,6.786184e-02,3.780189e-02,3.961787e-01,9.140421e-03,3.109508e-03,1.334590e-01,1.391165e-02
1.313975e-01,2.386478e-02,2.254190e-02,3.583547e-02,1.783305e-02,3.746374e-02,2.613609e-03,1.711864e-02,9.244557e-02,5.272358e-02,3.627619e-01,7.960115e-03,2.861788e-03,1.793363e-01,1.324206e-02
1.040338e-01,2.964214e-02,1.674618e-02,2.906524e-02,1.613869e-02,4.907079e-02,2.076622e-03,1.282681e-02,1.105765e-01,5.526343e-02,3.645653e-01,1.045808e-02,3.455513e-03,1.846717e-01,1.140928e-02
1.173012e-01,3.674867e-02,1.288577e-02,3.072707e-02,1.683582e-02,8.747737e-02,2.094450e-03,1.044124e-02,1.758168e-01,5.534110e-02,2.731021e-01,9.964798e-03,5.101841e-03,1.523205e-01,1.384132e-02
1.000673e-01,3.767099e-02,9.675300e-03,2.830967e-02,1.543414e-02,1.018541e-01,1.852109e-03,1.120273e-02,2.987530e-01,4.621787e-02,2.046113e-01,8.974641e-03,5.774924e-03,1.178844e-01,1.171749e-02
7.475390e-02,3.283958e-02,7.055713e-03,2.661337e-02,1.305856e-02,1.340002e-01,1.494317e-03,9.568170e-03,3.970492e-01,3.547151e-02,1.549833e-01,8.052823e-03,5.362044e-03,9.056630e-02,9.130896e-03
5.977746e-02,3.943849e-02,6.875506e-03,1.164641e-01,1.861493e-02,1.102310e-01,1.220105e-03,8.271710e-03,3.975161e-01,2.793494e-02,1.203278e-01,7.539879e-03,7.870038e-03,6.538342e-02,1.253454e-02
4.899742e-02,3.966143e-02,6.449685e-03,9.410160e-02,3.043709e-02,8.801101e-02,1.370838e-03,6.446074e-03,5.000852e-01,2.130517e-02,8.855546e-02,7.847430e-03,6.988732e-03,4.870426e-02,1.103857e-02
3.512186e-02,6.610927e-02,6.926708e-03,1.473286e-01,2.633087e-02,6.406154e-02,1.083113e-03,4.789979e-03,4.673476e-01,2.268264e-02,6.798800e-02,8.026074e-03,1.358378e-02,3.512753e-02,3.349242e-02
3.093758e-02,5.163614e-02,7.506381e-03,1.243048e-01,4.694606e-02,4.847245e-02,1.259922e-03,4.657248e-03,5.012327e-01,2.054870e-02,6.056377e-02,7.878300e-03,1.711230e-02,2.775125e-02,4.919241e-02
2.960245e-02,4.730520e-02,2.968983e-02,1.582483e-01,6.816666e-02,3.851095e-02,2.011653e-03,1.887732e-02,4.508672e-01,2.051701e-02,4.734050e-02,7.142190e-03,1.646938e-02,2.088317e-02,4.436821e-02
5.439692e-02,6.804985e-02,3.157961e-02,1.314967e-01,9.556288e-02,4.831137e-02,7.781084e-03,2.064014e-02,3.904206e-01,1.734128e-02,3.943602e-02,7.749311e-03,2.237442e-02,1.675677e-02,4.810306e-02
5.654505e-02,9.462959e-02,2.710734e-02,2.218273e-01,9.344388e-02,3.674977e-02,6.196519e-03,2.656981e-02,3.004937e-01,1.724764e-02,3.524620e-02,1.199228e-02,1.852017e-02,1.239912e-02,4.103166e-02
1.595869e-01,8.590826e-02,2.237736e-02,1.844949e-01,8.516567e-02,3.281052e-02,6.610380e-03,4.392771e-02,2.325643e-01,1.566339e-02,3.030456e-02,1.964501e-02,2.049151e-02,1.276331e-02,4.768626e-02
1.582318e-01,6.309967e-02,1.678215e-02,1.488728e-01,8.552875e-02,2.529358e-02,5.752819e-03,2.036476e-01,1.778068e-01,1.182046e-02,2.569734e-02,1.707616e-02,1.626338e-02,9.228878e-03,3.489782e-02
2.243369e-01,4.878727e-02,1.554721e-02,1.117808e-01,7.017316e-02,2.194575e-02,6.952438e-03,2.716407e-01,1.313826e-01,8.989655e-03,2.116551e-02,1.749210e-02,1.426480e-02,6.933682e-03,2.860738e-02
2.975630e-01,3.822615e-02,1.449049e-02,8.376878e-02,5.621724e-02,2.023044e-02,6.796294e-03,3.017926e-01,9.438478e-02,7.067873e-03,1.744662e-02,1.677521e-02,1.277103e-02,5.818554e-03,2.665086e-02
2.567987e-01,2.810636e-02,1.154335e-02,6.007235e-02,4.409060e-02,2.252406e-02,5.338131e-03,4.370291e-01,6.640586e-02,5.308728e-03,1.382379e-02,1.459600e-02,1.089371e-02,4.251682e-03,1.921753e-02
2.377777e-01,2.038573e-02,1.019137e-02,4.501050e-02,3.239864e-02,3.023353e-02,4.175846e-03,4.593340e-01,4.715691e-02,4.885197e-03,3.221891e-02,1.808403e-02,3.972498e-02,3.579265e-03,1.484343e-02
1.717857e-01,1.456959e-02,8.490198e-03,3.399558e-02,2.346134e-02,2.663489e-02,3.687213e-03,3.888624e-01,3.402667e-02,1.308451e-02,6.146452e-02,8.262181e-02,1.210901e-01,3.683544e-03,1.254205e-02
1.217765e-01,1.042130e-02,6.202077e-03,2.541496e-02,1.677732e-02,2.337924e-02,3.325761e-03,2.807072e-01,2.450784e-02,1.864653e-02,7.195334e-02,1.413185e-01,2.415592e-01,3.883130e-03,1.012714e-02
8.877148e-02,7.445888e-03,4.532423e-03,1.867205e-02,1.188352e-02,1.839665e-02,2.721255e-03,1.998855e-01,1.790440e-02,2.281062e-02,6.475232e-02,1.732279e-01,3.569283e-01,3.658324e-03,8.409271e-03
7.090867e-02,5.533392e-03,4.105689e-03,1.330034e-02,8.530682e-03,1.565906e-02,3.169242e-03,1.418416e-01,1.682327e-02,1.821324e-02,5.078174e-02,3.413032e-01,3.001162e-01,3.537975e-03,6.175754e-03
5.184333e-02,5.041451e-03,3.361162e-03,9.513636e-03,6.128644e-03,1.290740e-02,2.491975e-03,9.979568e-02,1.667120e-02,1.442178e-02,6.812750e-02,4.599882e-01,2.364319e-01,8.453259e-03,4.822870e-03
3.925129e-02,4.048728e-03,2.486268e-03,6.982114e-03,4.613472e-03,1.088647e-02,2.128717e-03,7.014316e-02,1.959488e-02,1.845906e-02,8.216189e-02,5.387710e-01,1.803767e-01,1.563866e-02,4.457596e-03
2.825302e-02,3.684009e-03,2.081550e-03,5.744918e-03,5.177710e-03,9.346666e-03,1.670260e-03,4.928926e-02,2.312833e-02,1.527946e-02,1.035789e-01,6.002802e-01,1.308511e-01,1.813135e-02,3.503328e-03
2.010685e-02,7.022880e-03,2.533928e-03,4.428678e-03,8.531200e-03,6.919391e-03,1.216076e-03,3.477221e-02,2.607482e-02,1.213491e-02,1.418779e-01,6.174232e-01,9.477955e-02,1.948232e-02,2.696176e-03
1.685156e-02,7.490806e-03,3.751537e-03,3.871981e-03,8.858479e-03,7.002475e-03,9.875605e-04,2.574761e-02,3.805571e-02,1.005016e-02,2.216599e-01,5.635703e-01,6.883904e-02,2.100074e-02,2.262179e-03
1.543534e-02,6.834946e-03,4.167020e-03,3.861112e-03,1.021769e-02,6.952317e-03,9.211791e-04,1.950794e-02,3.554252e-02,1.002595e-02,2.790443e-01,5.259822e-01,5.131890e-02,2.816541e-02,2.023229e-03
1.572302e-02,7.809565e-03,4.129349e-03,4.111086e-03,2.086726e-02,6.333964e-03,1.008071e-03,1.490003e-02,3.726332e-02,1.320516e-02,2.884766e-01,4.991232e-01,3.946035e-02,4.539981e-02,2.189184e-03
1.466816e-02,6.572864e-03,3.280832e-03,3.358377e-03,2.202848e-02,5.133699e-03,8.875446e-04,1.074080e-02,3.097920e-02,1.244196e-02,4.099444e-01,3.969229e-01,3.066119e-02,5.048706e-02,1.892589e-03
1.431945e-02,5.606961e-03,2.631862e-03,2.588496e-03,1.918047e-02,4.104601e-03,6.754503e-04,7.808740e-03,2.617519e-02,1.174079e-02,5.001810e-01,3.278260e-01,2.312987e-02,5.243222e-02,1.598936e-03
1.935440e-02,7.487123e-03,7.891171e-03,2.212767e-03,1.600453e-02,4.975216e-03,7.797840e-04,7.994258e-03,2.321977e-02,1.307211e-02,5.249653e-01,3.048594e-01,1.856465e-02,4.704617e-02,1.573315e-03
1.468607e-02,1.530926e-02,6.722196e-03,2.088782e-03,4.840729e-02,7.160566e-03,1.302639e-03,6.178893e-03,2.948464e-02,1.353610e-02,5.083482e-01,2.818483e-01,1.394173e-02,4.882276e-02,2.162612e-03
1.359198e-02,1.423449e-02,6.122576e-03,2.022172e-03,4.635525e-02,6.920835e-03,1.324261e-03,5.618223e-03,4.106747e-02,1.244297e-02,5.238571e-01,2.679766e-01,1.068144e-02,4.548926e-02,2.295491e-03
1.295156e-02,1.132911e-02,5.780400e-03,2.218375e-03,3.762138e-02,5.910646e-03,1.171652e-03,3.041534e-02,3.853188e-02,1.071476e-02,5.483435e-01,2.474878e-01,7.937461e-03,3.783292e-02,1.753312e-03
1.168622e-02,9.551818e-03,5.223338e-03,2.329816e-03,4.016831e-02,4.779162e-03,1.262733e-03,3.609692e-02,4.544199e-02,9.349048e-03,5.876126e-01,2.093033e-01,6.126072e-03,2.967506e-02,1.393708e-03
1.496432e-02,8.029697e-03,1.439632e-02,7.553489e-03,8.812018e-02,6.197402e-03,2.400300e-03,1.163963e-01,4.957004e-02,1.129005e-02,4.850369e-01,1.672628e-01,4.933889e-03,2.272796e-02,1.120477e-03
3.854787e-02,1.179533e-02,1.982667e-02,1.879551e-02,2.019743e-01,1.272873e-02,2.871589e-03,1.232739e-01,4.035991e-02,1.753070e-02,3.660517e-01,1.213827e-01,4.334364e-03,1.935078e-02,1.175950e-03
8.383127e-02,1.470326e-02,2.262210e-02,1.897017e-02,2.481209e-01,1.857678e-02,2.905439e-03,9.354749e-02,3.449295e-02,2.528724e-02,3.110216e-01,9.020754e-02,3.880480e-03,2.942710e-02,2.405769e-03
1.552281e-01,1.544389e-02,1.821876e-02,2.500804e-02,2.269856e-01,2.725970e-02,2.223062e-03,7.334488e-02,3.161900e-02,2.754221e-02,2.813331e-01,7.014729e-02,4.578617e-03,3.778696e-02,3.280804e-03
2.027460e-01,1.798296e-02,1.624590e-02,2.787869e-02,2.157462e-01,3.817943e-02,1.731261e-03,6.227515e-02,3.011276e-02,2.454656e-02,2.437453e-01,6.464358e-02,5.885381e-03,4.326479e-02,5.016132e-03
2.094094e-01,2.093377e-02,2.885966e-02,6.593668e-02,2.211851e-01,4.568691e-02,1.554038e-03,6.370480e-02,2.557871e-02,1.794410e-02,1.945555e-01,5.634823e-02,5.501635e-03,3.801990e-02,4.781588e-03
1.797325e-01,1.562268e-02,7.200180e-02,1.348248e-01,2.500113e-01,3.505386e-02,1.339785e-03,5.564864e-02,2.009828e-02,1.301410e-02,1.420131e-01,4.262175e-02,4.501555e-03,2.881002e-02,4.705910e-03
1.770758e-01,1.312237e-02,8.506279e-02,1.410879e-01,2.831583e-01,3.266315e-02,1.102346e-03,4.726007e-02,2.047216e-02,1.896652e-02,1.081589e-01,3.422656e-02,4.191916e-03,2.538434e-02,8.066925e-03
1.326623e-01,1.204678e-02,8.101485e-02,3.164727e-01,2.046689e-01,2.367762e-02,8.215904e-04,3.519996e-02,1.906983e-02,2.648458e-02,8.815697e-02,2.732558e-02,4.930089e-03,1.887976e-02,8.588410e-03
9.589434e-02,1.534950e-02,1.570996e-01,2.799821e-01,1.448304e-01,1.736186e-02,5.885503e-04,2.516384e-02,1.648559e-02,9.617545e-02,1.023726e-01,2.107623e-02,4.047174e-03,1.509074e-02,8.482005e-03
7.199688e-02,1.621576e-02,1.317569e-01,2.312793e-01,1.038382e-01,1.349204e-02,4.711779e-04,1.834634e-02,1.858409e-02,1.487664e-01,1.829409e-01,2.680192e-02,1.067075e-02,1.753015e-02,7.309269e-03
7.349364e-02,2.178290e-02,1.030708e-01,1.872803e-01,7.899049e-02,1.410787e-02,6.739832e-04,1.379335e-02,1.656063e-02,1.627910e-01,2.424356e-01,4.926278e-02,9.627329e-03,1.986948e-02,6.259773e-03
6.889687e-02,2.127072e-02,7.469941e-02,1.628495e-01,5.904654e-02,1.259209e-02,7.397406e-04,1.042962e-02,1.383542e-02,1.882920e-01,2.836136e-01,7.151851e-02,8.032338e-03,1.885385e-02,5.329821e-03
5.194931e-02,1.757119e-02,5.670478e-02,1.366452e-01,4.227357e-02,1.348509e-02,6.683962e-04,7.626578e-03,1.333402e-02,1.452077e-01,3.497304e-01,1.364681e-01,7.109323e-03,1.641337e-02,4.812926e-03
5.270663e-02,1.465526e-02,4.114253e-02,1.135124e-01,3.164977e-02,1.255065e-02,5.714035e-04,5.471080e-03,1.102194e-02,1.188918e-01,3.659483e-01,2.060108e-01,5.841241e-03,1.535419e-02,4.672050e-03
4.666556e-02,1.619186e-02,2.966414e-02,8.425590e-02,2.919336e-02,1.126283e-02,5.965444e-04,4.235768e-03,9.328494e-03,9.160227e-02,3.930081e-01,2.574061e-01,5.854801e-03,1.669293e-02,4.041374e-03
4.573488e-02,1.364766e-02,2.118714e-02,6.029642e-02,2.404557e-02,9.865831e-03,4.899112e-04,3.291257e-03,7.878386e-03,7.023330e-02,4.100887e-01,2.973622e-01,5.697807e-03,2.674955e-02,3.431376e-03
4.350104e-02,2.630977e-02,1.606572e-02,4.371798e-02,2.289598e-02,8.679211e-03,4.169693e-04,2.747687e-03,7.586962e-03,5.964047e-02,4.421688e-01,2.824379e-01,4.826414e-03,3.382474e-02,5.180333e-03
3.446906e-02,1.975493e-01,2.303099e-02,3.084711e-02,2.114190e-02,6.752008e-03,4.023685e-04,4.238207e-03,2.002864e-02,4.635836e-02,3.697279e-01,2.139772e-01,3.833512e-03,2.391298e-02,3.730479e-03
3.387207e-02,1.690052e-01,1.200271e-01,2.428049e-02,2.742337e-02,9.184713e-03,3.706207e-03,5.209706e-02,1.822877e-02,3.742650e-02,2.806930e-01,1.978839e-01,3.062810e-03,2.006487e-02,3.043993e-03
4.554185e-02,1.587860e-01,1.012957e-01,1.886265e-02,2.550265e-02,1.576379e-02,4.035879e-03,4.075574e-02,2.270737e-02,2.894786e-02,3.105614e-01,2.029227e-01,4.310173e-03,1.682442e-02,3.181905e-03
5.878671e-02,1.556504e-01,1.741661e-01,1.710244e-02,2.330157e-02,2.150886e-02,3.605995e-03,3.718414e-02,2.126796e-02,3.003330e-02,2.613598e-01,1.696542e-01,6.071755e-03,1.548120e-02,4.825633e-03
6.944774e-02,1.488093e-01,1.915076e-01,1.535214e-02,2.005785e-02,1.890087e-02,3.019522e-03,3.522738e-02,1.858041e-02,2.968335e-02,2.523549e-01,1.615015e-01,1.005911e-02,2.086793e-02,4.630486e-03
7.625990e-02,1.554391e-01,1.660122e-01,1.301855e-02,1.952412e-02,1.571496e-02,2.244985e-03,2.964123e-02,1.617031e-02,2.745643e-02,3.101804e-01,1.298500e-01,1.142233e-02,2.324043e-02,3.825085e-03
8.640355e-02,1.278643e-01,1.373427e-01,1.098129e-02,1.674566e-02,1.342368e-02,1.637467e-03,2.550143e-02,1.431083e-02,3.039254e-02,3.768150e-01,1.085745e-01,1.236751e-02,3.384844e-02,3.791201e-03
7.998117e-02,1.217811e-01,1.102799e-01,1.007154e-02,1.628656e-02,1.157164e-02,1.223811e-03,3.019047e-02,2.545698e-02,2.805468e-02,3.853866e-01,1.054971e-01,1.381729e-02,5.711144e-02,3.289733e-03
9.871988e-02,1.243251e-01,9.558445e-02,1.241527e-02,2.883030e-02,1.830465e-02,1.417852e-03,5.748750e-02,2.763826e-02,3.259183e-02,3.306538e-01,9.676974e-02,1.179337e-02,5.964810e-02,3.819899e-03
9.716801e-02,1.208467e-01,1.655203e-01,2.224259e-02,4.270832e-02,2.699761e-02,1.877862e-03,5.437677e-02,2.396204e-02,2.718940e-02,2.704401e-01,8.805446e-02,8.643769e-03,4.610559e-02,3.866422e-03
1.021764e-01,9.603762e-02,2.489890e-01,2.848706e-02,5.593542e-02,2.976776e-02,2.118619e-03,5.876966e-02,2.488486e-02,2.588459e-02,2.044016e-01,7.834667e-02,6.588386e-03,3.415082e-02,3.461569e-03
2.010154e-01,7.279727e-02,2.169776e-01,2.431961e-02,4.869049e-02,3.450428e-02,1.764054e-03,4.612547e-02,2.171997e-02,2.549077e-02,1.819371e-01,7.720715e-02,5.286764e-03,3.629805e-02,5.866012e-03
2.349322e-01,5.586420e-02,1.614580e-01,2.258152e-02,4.090884e-02,3.116265e-02,1.524334e-03,3.479747e-02,2.125713e-02,3.359688e-02,2.512955e-01,5.870533e-02,4.549246e-03,4.164432e-02,5.722335e-03
1.876606e-01,4.064100e-02,1.142162e-01,1.662365e-02,3.023959e-02,2.307205e-02,1.162244e-03,2.498227e-02,1.965461e-02,2.678446e-02,4.152907e-01,4.443244e-02,3.743355e-03,4.641473e-02,5.082056e-03
1.354160e-01,2.987621e-02,8.053868e-02,1.200310e-02,2.342672e-02,1.731425e-02,9.003925e-04,1.773001e-02,1.797888e-02,2.852689e-02,5.530786e-01,3.358810e-02,3.262606e-03,4.155310e-02,4.806429e-03
9.511286e-02,2.118736e-02,5.642989e-02,8.437640e-03,1.665092e-02,1.243757e-02,6.358579e-04,1.242483e-02,1.361119e-02,3.009886e-02,6.683633e-01,2.440512e-02,2.545023e-03,3.413318e-02,3.526353e-03
6.684552e-02,1.499429e-02,3.953292e-02,6.001958e-03,1.209307e-02,9.048889e-03,4.541438e-04,8.713068e-03,1.029038e-02,3.334299e-02,7.480274e-01,1.797025e-02,2.088873e-03,2.801409e-02,2.582156e-03
4.711530e-02,1.078722e-02,2.776352e-02,4.321101e-03,9.557699e-03,7.250483e-03,3.519419e-04,6.140679e-03,8.060816e-03,9.567218e-02,7.424912e-01,1.380038e-02,1.633431e-03,2.286894e-02,2.185028e-03
3.306543e-02,8.092664e-03,1.952677e-02,3.052559e-03,7.203374e-03,5.504288e-03,2.635941e-04,4.310131e-03,6.715053e-03,2.482130e-01,6.319306e-01,1.027713e-02,1.223808e-03,1.887721e-02,1.744422e-03
2.318376e-02,5.829575e-03,1.369191e-02,2.146119e-03,6.507510e-03,4.492298e-03,1.896167e-04,3.020928e-03,5.196999e-03,4.443312e-01,4.674142e-01,7.478314e-03,9.261583e-04,1.414618e-02,1.445301e-03
1.631984e-02,4.207123e-03,9.600576e-03,1.549446e-03,5.530959e-03,3.508804e-03,1.501992e-04,2.132350e-03,4.132320e-03,5.852600e-01,3.487499e-01,5.733146e-03,8.382077e-04,1.118167e-02,1.105492e-03
1.147599e-02,3.434691e-03,6.726864e-03,1.113805e-03,4.315120e-03,2.794016e-03,1.086904e-04,1.495426e-03,3.459540e-03,6.824821e-01,2.678937e-01,4.605317e-03,6.827327e-04,8.541754e-03,8.702866e-04
8.145937e-03,6.035724e-03,4.769398e-03,8.199331e-04,3.406513e-03,2.624218e-03,8.516487e-05,1.051928e-03,5.161326e-03,7.553846e-01,1.995732e-01,4.420888e-03,8.546915e-04,6.906860e-03,7.597725e-04
5.817362e-03,9.031635e-03,3.420893e-03,5.965949e-04,2.554977e-03,2.578377e-03,6.439607e-05,7.421740e-04,5.355627e-03,8.147719e-01,1.447638e-01,3.517449e-03,8.779553e-04,5.059240e-03,8.477205e-04
7.332168e-03,2.976641e-02,2.600705e-03,1.400732e-03,5.226851e-03,1.232129e-02,1.280052e-04,5.643503e-04,1.861540e-02,7.932683e-01,1.123220e-01,6.283693e-03,3.454871e-03,4.779612e-03,1.935691e-03
7.069127e-03,2.908825e-02,2.104654e-03,1.378455e-03,5.128833e-03,1.965998e-02,1.716989e-04,4.768505e-04,2.102011e-02,7.617809e-01,1.198927e-01,1.519479e-02,7.886544e-03,6.377248e-03,2.769946e-03
6.577212e-03,2.837588e-02,2.925835e-03,1.162407e-03,1.199904e-02,1.817062e-02,2.565630e-04,3.722428e-04,2.292863e-02,7.548190e-01,1.003324e-01,1.953665e-02,2.271565e-02,6.461915e-03,3.366026e-03
1.401019e-02,4.040815e-02,4.495309e-03,1.884122e-03,2.050825e-02,1.521734e-02,4.970056e-04,3.738547e-04,3.199474e-02,7.474601e-01,7.674562e-02,1.495181e-02,1.881687e-02,6.883422e-03,5.753200e-03
2.528364e-02,4.367176e-02,4.581101e-03,4.165545e-03,2.098827e-02,1.832285e-02,5.786341e-04,8.683793e-04,4.894996e-02,7.236990e-01,6.046019e-02,1.274923e-02,1.602504e-02,9.287787e-03,1.036869e-02
2.629909e-02,3.391516e-02,4.445168e-03,4.263521e-03,2.130286e-02,1.609148e-02,1.430504e-03,2.853241e-03,5.948113e-02,7.394959e-01,4.639499e-02,1.105551e-02,1.518854e-02,9.419655e-03,8.363398e-03
3.665016e-02,2.919804e-02,4.454758e-03,5.478191e-03,5.421557e-02,1.391666e-02,2.847578e-03,1.306784e-02,8.509928e-02,6.780452e-01,3.569831e-02,1.052644e-02,1.479074e-02,9.272315e-03,6.738964e-03
3.988170e-02,2.237021e-02,4.028709e-03,5.612317e-03,8.665405e-02,1.323854e-02,4.544384e-03,1.825454e-02,1.100531e-01,6.345739e-01,2.664350e-02,8.537324e-03,1.293222e-02,7.544708e-03,5.130793e-03
4.283293e-02,1.630656e-02,4.367768e-03,4.507184e-03,1.103102e-01,1.103185e-02,6.359518e-03,4.663531e-02,8.431409e-02,6.219771e-01,1.971377e-02,7.754032e-03,1.290403e-02,7.125450e-03,3.860315e-03
3.393849e-02,1.162148e-02,3.485701e-03,3.524193e-03,1.255775e-01,8.291226e-03,1.188588e-02,2.076643e-01,6.593020e-02,4.878994e-01,1.447553e-02,6.079549e-03,1.156286e-02,5.257698e-03,2.806077e-03
2.504072e-02,8.393790e-03,3.042442e-03,4.807091e-03,2.767292e-01,7.967506e-03,9.753587e-03,1.508697e-01,5.102912e-02,3.659743e-01,1.596013e-02,8.085794e-03,6.597608e-02,3.791140e-03,2.579350e-03
1.764411e-02,5.895184e-03,2.301396e-03,3.658584e-03,1.994866e-01,1.597524e-02,6.878601e-03,1.105815e-01,3.599568e-02,2.573993e-01,1.713562e-02,2.575544e-02,2.966699e-01,2.704164e-03,1.918794e-03
1.260897e-02,4.155448e-03,2.007101e-03,2.856379e-03,1.414312e-01,7.544790e-02,5.010655e-03,8.072450e-02,2.671163e-02,1.815221e-01,1.715595e-02,3.336914e-02,4.130302e-01,1.916446e-03,2.052384e-03
9.142937e-03,3.396211e-03,2.462345e-03,2.311573e-03,9.999238e-02,7.447499e-02,3.608026e-03,5.753576e-02,7.625702e-02,1.274133e-01,1.806246e-02,5.384807e-02,4.683965e-01,1.357706e-03,1.740634e-03
6.657040e-03,1.033916e-02,2.283145e-03,2.322061e-03,7.225906e-02,5.398934e-02,2.620929e-03,4.080297e-02,2.792760e-01,8.937608e-02,1.430590e-02,5.060507e-02,3.723516e-01,1.013433e-03,1.798147e-03
4.805951e-03,1.233823e-02,2.253268e-03,3.715095e-03,5.281305e-02,4.034674e-02,1.954605e-03,2.972741e-02,4.438367e-01,6.279588e-02,1.093763e-02,4.505172e-02,2.871111e-01,7.579338e-04,1.554750e-03
3.670213e-03,1.798243e-02,2.906841e-03,4.664858e-02,3.979350e-02,3.051291e-02,1.543581e-03,2.103169e-02,5.430320e-01,4.453782e-02,7.995710e-03,3.318819e-02,2.048189e-01,5.885628e-04,1.749036e-03
3.817487e-03,2.366574e-02,6.716706e-03,9.650369e-02,3.803738e-02,2.985250e-02,1.727500e-03,1.519011e-02,5.698590e-01,3.360776e-02,6.199582e-03,2.502503e-02,1.460880e-01,5.667020e-04,3.142809e-03
3.272154e-03,1.934128e-02,7.295906e-03,3.253320e-01,2.870657e-02,2.439649e-02,1.280135e-03,1.157058e-02,4.206817e-01,2.604364e-02,6.870256e-03,1.786761e-02,1.035791e-01,4.482543e-04,3.314282e-03
4.022280e-03,1.468806e-02,7.447665e-03,3.711369e-01,2.419006e-02,2.128556e-02,1.086787e-03,1.001596e-02,3.128138e-01,2.158010e-02,9.423304e-02,1.988091e-02,9.293053e-02,5.530331e-04,4.135342e-03
3.604686e-03,1.095386e-02,6.391269e-03,3.055872e-01,2.012560e-02,1.763373e-02,1.177998e-03,7.492619e-03,2.469461e-01,1.810393e-02,1.906109e-01,4.061595e-02,1.259170e-01,6.603638e-04,4.178830e-03
3.311607e-03,8.546409e-03,7.673125e-03,2.663650e-01,1.553206e-02,1.462366e-02,1.348168e-03,1.096554e-02,1.964448e-01,1.492432e-02,2.702273e-01,3.642264e-02,1.428767e-01,3.073268e-03,7.665547e-03
3.322411e-03,6.520971e-03,6.786254e-03,1.962990e-01,2.859760e-02,1.496878e-02,3.658806e-03,9.569941e-03,2.004657e-01,1.600691e-02,3.371769e-01,3.094880e-02,1.199618e-01,5.766390e-03,1.994982e-02
