1.000000e+00,0.000000e+00,0.000000e+00,0.000000e+00,0.000000e+00,0.000000e+00,0.000000e+00,0.000000e+00,0.000000e+00,0.000000e+00,0.000000e+00,0.000000e+00,0.000000e+00,0.000000e+00,0.000000e+00
1.000000e+00,0.000000e+00,0.000000e+00,0.000000e+00,0.000000e+00,0.000000e+00,0.000000e+00,0.000000e+00,0.000000e+00,0.000000e+00,0.000000e+00,0.000000e+00,0.000000e+00,0.000000e+00,0.000000e+00
1.000000e+00,0.000000e+00,0.000000e+00,0.000000e+00,0.000000e+00,0.000000e+00,0.000000e+00,0.000000e+00,0.000000e+00,0.000000e+00,0.000000e+00,0.000000e+00,0.000000e+00,0.000000e+00,0.000000e+00
1.000000e+00,0.000000e+00,0.000000e+00,0.000000e+00,0.000000e+00,0.000000e+00,0.000000e+00,0.000000e+00,0.000000e+00,0.000000e+00,0.000000e+00,0.000000e+00,0.000000e+00,0.000000e+00,0.000000e+00
1.000000e+00,0.000000e+00,0.000000e+00,0.000000e+00,0.000000e+00,0.000000e+00,0.000000e+00,0.000000e+00,0.000000e+00,0.000000e+00,0.000000e+00,0.000000e+00,0.000000e+00,0.000000e+00,0.000000e+00
1.000000e+00,0.000000e+00,0.000000e+00,0.000000e+00,0.000000e+00,0.000000e+00,0.000000e+00,0.000000e+00,0.000000e+00,0.000000e+00,0.000000e+00,0.000000e+00,0.000000e+00,0.000000e+00,0.000000e+00
1.000000e+00,0.000000e+00,0.000000e+00,0.000000e+00,0.000000e+00,0.000000e+00,0.000000e+00,0.000000e+00,0.000000e+00,0.000000e+00,0.000000e+00,0.000000e+00,0.000000e+00,0.000000e+00,0.000000e+00
1.000000e+00,0.000000e+00,0.000000e+00,0.000000e+00,0.000000e+00,0.000000e+00,0.000000e+00,0.000000e+00,0.000000e+00,0.000000e+00,0.000000e+00,0.000000e+00,0.000000e+00,0.000000e+00,0.000000e+00
1.000000e+00,0.000000e+00,0.000000e+00,0.000000e+00,0.000000e+00,0.000000e+00,0.000000e+00,0.000000e+00,0.000000e+00,0.000000e+00,0.000000e+00,0.000000e+00,0.000000e+00,0.000000e+00,0.000000e+00
1.000000e+00,0.000000e+00,0.000000e+00,0.000000e+00,0.000000e+00,0.000000e+00,0.000000e+00,0.000000e+00,0.000000e+00,0.000000e+00,0.000000e+00,0.000000e+00,0.000000e+00,0.000000e+00,0.000000e+00
1.000000e+00,0.000000e+00,0.000000e+00,0.000000e+00,0.000000e+00,0.000000e+00,0.000000e+00,0.000000e+00,0.000000e+00,0.000000e+00,0.000000e+00,0.000000e+00,0.000000e+00,0.000000e+00,0.000000e+00
1.000000e+00,0.000000e+00,0.000000e+00,0.000000e+00,0.000000e+00,0.000000e+00,0.000000e+00,0.000000e+00,0.000000e+00,0.000000e+00,0.000000e+00,0.000000e+00,0.000000e+00,0.000000e+00,0.000000e+00
1.000000e+00,0.000000e+00,0.000000e+00,0.000000e+00,0.000000e+00,0.000000e+00,0.000000e+00,0.000000e+00,0.000000e+00,0.000000e+00,0.000000e+00,0.000000e+00,0.000000e+00,0.000000e+00,0.000000e+00
1.000000e+00,0.000000e+00,0.000000e+00,0.000000e+00,0.000000e+00,0.000000e+00,0.000000e+00,0.000000e+00,0.000000e+00,0.000000e+00,0.000000e+00,0.000000e+00,0.000000e+00,0.000000e+00,0.000000e+00
1.000000e+00,0.000000e+00,0.000000e+00,0.000000e+00,0.000000e+00,0.000000e+00,0.000000e+00,0.000000e+00,0.000000e+00,0.000000e+00,0.000000e+00,0.000000e+00,0.000000e+00,0.000000e+00,0.000000e+00
1.000000e+00,0.000000e+00,0.000000e+00,0.000000e+00,0.000000e+00,0.000000e+00,0.000000e+00,0.000000e+00,0.000000e+00,0.000000e+00,0.000000e+00,0.000000e+00,0.000000e+00,0.000000e+00,0.000000e+00
1.000000e+00,0.000000e+00,0.000000e+00,0.000000e+00,0.000000e+00,0.000000e+00,0.000000e+00,0.000000e+00,0.000000e+00,0.000000e+00,0.000000e+00,0.000000e+00,0.000000e+00,0.000000e+00,0.000000e+00
1.000000e+00,0.000000e+00,0.000000e+00,0.000000e+00,0.000000e+00,0.000000e+00,0.000000e+00,0.000000e+00,0.000000e+00,0.000000e+00,0.000000e+00,0.000000e+00,0.000000e+00,0.000000e+00,0.000000e+00
1.000000e+00,0.000000e+00,0.000000e+00,0.000000e+00,0.000000e+00,0.000000e+00,0.000000e+00,0.000000e+00,0.000000e+00,0.000000e+00,0.000000e+00,0.000000e+00,0.000000e+00,0.000000e+00,0.000000e+00
1.000000e+00,0.000000e+00,0.000000e+00,0.000000e+00,0.000000e+00,0.000000e+00,0.000000e+00,0.000000e+00,0.000000e+00,0.000000e+00,0.000000e+00,0.000000e+00,0.000000e+00,0.000000e+00,0.000000e+00
1.000000e+00,0.000000e+00,0.000000e+00,0.000000e+00,0.000000e+00,0.000000e+00,0.000000e+00,0.000000e+00,0.000000e+00,0.000000e+00,0.000000e+00,0.000000e+00,0.000000e+00,0.000000e+00,0.000000e+00
1.000000e+00,0.000000e+00,0.000000e+00,0.000000e+00,0.000000e+00,0.000000e+00,0.000000e+00,0.000000e+00,0.000000e+00,0.000000e+00,0.000000e+00,0.000000e+00,0.000000e+00,0.000000e+00,0.000000e+00
1.000000e+00,0.000000e+00,0.000000e+00,0.000000e+00,0.000000e+00,0.000000e+00,0.000000e+00,0.000000e+00,0.000000e+00,0.000000e+00,0.000000e+00,0.000000e+00,0.000000e+00,0.000000e+00,0.000000e+00
1.000000e+00,0.000000e+00,0.000000e+00,0.000000e+00,0.000000e+00,0.000000e+00,0.000000e+00,0.000000e+00,0.000000e+00,0.000000e+00,0.000000e+00,0.000000e+00,0.000000e+00,0.000000e+00,0.000000e+00
1.000000e+00,0.000000e+00,0.000000e+00,0.000000e+00,0.000000e+00,0.000000e+00,0.000000e+00,0.000000e+00,0.000000e+00,0.000000e+00,0.000000e+00,0.000000e+00,0.000000e+00,0.000000e+00,0.000000e+00
1.000000e+00,0.000000e+00,0.000000e+00,0.000000e+00,0.000000e+00,0.000000e+00,0.000000e+00,0.000000e+00,0.000000e+00,0.000000e+00,0.000000e+00,0.000000e+00,0.000000e+00,0.000000e+00,0.000000e+00
1.000000e+00,0.000000e+00,0.000000e+00,0.000000e+00,0.000000e+00,0.000000e+00,0.000000e+00,0.000000e+00,0.000000e+00,0.000000e+00,0.000000e+00,0.000000e+00,0.000000e+00,0.000000e+00,0.000000e+00
1.000000e+00,0.000000e+00,0.000000e+00,0.000000e+00,0.000000e+00,0.000000e+00,0.000000e+00,0.000000e+00,0.000000e+00,0.000000e+00,0.000000e+00,0.000000e+00,0.000000e+00,0.000000e+00,0.000000e+00
1.000000e+00,0.000000e+00,0.000000e+00,0.000000e+00,0.000000e+00,0.000000e+00,0.000000e+00,0.000000e+00,0.000000e+00,0.000000e+00,0.000000e+00,0.000000e+00,0.000000e+00,0.000000e+00,0.000000e+00
1.000000e+00,0.000000e+00,0.000000e+00,0.000000e+00,0.000000e+00,0.000000e+00,0.000000e+00,0.000000e+00,0.000000e+00,0.000000e+00,0.000000e+00,0.000000e+00,0.000000e+00,0.000000e+00,0.000000e+00
1.000000e+00,0.000000e+00,0.000000e+00,0.000000e+00,0.000000e+00,0.000000e+00,0.000000e+00,0.000000e+00,0.000000e+00,0.000000e+00,0.000000e+00,0.000000e+00,0.000000e+00,0.000000e+00,0.000000e+00
1.000000e+00,0.000000e+00,0.000000e+00,0.000000e+00,0.000000e+00,0.000000e+00,0.000000e+00,0.000000e+00,0.000000e+00,0.000000e+00,0.000000e+00,0.000000e+00,0.000000e+00,0.000000e+00,0.000000e+00
1.000000e+00,0.000000e+00,0.000000e+00,0.000000e+00,0.000000e+00,0.000000e+00,0.000000e+00,0.000000e+00,0.000000e+00,0.000000e+00,0.000000e+00,0.000000e+00,0.000000e+00,0.000000e+00,0.000000e+00
1.000000e+00,0.000000e+00,0.000000e+00,0.000000e+00,0.000000e+00,0.000000e+00,0.000000e+00,0.000000e+00,0.000000e+00,0.000000e+00,0.000000e+00,0.000000e+00,0.000000e+00,0.000000e+00,0.000000e+00
1.000000e+00,0.000000e+00,0.000000e+00,0.000000e+00,0.000000e+00,0.000000e+00,0.000000e+00,0.000000e+00,0.000000e+00,0.000000e+00,0.000000e+00,0.000000e+00,0.000000e+00,0.000000e+00,0.000000e+00
1.000000e+00,0.000000e+00,0.000000e+00,0.000000e+00,0.000000e+00,0.000000e+00,0.000000e+00,0.000000e+00,0.000000e+00,0.000000e+00,0.000000e+00,0.000000e+00,0.000000e+00,0.000000e+00,0.000000e+00
1.000000e+00,0.000000e+00,0.000000e+00,0.000000e+00,0.000000e+00,0.000000e+00,0.000000e+00,0.000000e+00,0.000000e+00,0.000000e+00,0.000000e+00,0.000000e+00,0.000000e+00,0.000000e+00,0.000000e+00
1.000000e+00,0.000000e+00,0.000000e+00,0.000000e+00,0.000000e+00,0.000000e+00,0.000000e+00,0.000000e+00,0.000000e+00,0.000000e+00,0.000000e+00,0.000000e+00,0.000000e+00,0.000000e+00,0.000000e+00
1.000000e+00,0.000000e+00,0.000000e+00,0.000000e+00,0.000000e+00,0.000000e+00,0.000000e+00,0.000000e+00,0.000000e+00,0.000000e+00,0.000000e+00,0.000000e+00,0.000000e+00,0.000000e+00,0.000000e+00
1.000000e+00,0.000000e+00,0.000000e+00,0.000000e+00,0.000000e+00,0.000000e+00,0.000000e+00,0.000000e+00,0.000000e+00,0.000000e+00,0.000000e+00,0.000000e+00,0.000000e+00,0.000000e+00,0.000000e+00
1.000000e+00,0.000000e+00,0.000000e+00,0.000000e+00,0.000000e+00,0.000000e+00,0.000000e+00,0.000000e+00,0.000000e+00,0.000000e+00,0.000000e+00,0.000000e+00,0.000000e+00,0.000000e+00,0.000000e+00
1.000000e+00,0.000000e+00,0.000000e+00,0.000000e+00,0.000000e+00,0.000000e+00,0.000000e+00,0.000000e+00,0.000000e+00,0.000000e+00,0.000000e+00,0.000000e+00,0.000000e+00,0.000000e+00,0.000000e+00
1.000000e+00,0.000000e+00,0.000000e+00,0.000000e+00,0.000000e+00,0.000000e+00,0.000000e+00,0.000000e+00,0.000000e+00,0.000000e+00,0.000000e+00,0.000000e+00,0.000000e+00,0.000000e+00,0.000000e+00
1.000000e+00,0.000000e+00,0.000000e+00,0.000000e+00,0.000000e+00,0.000000e+00,0.000000e+00,0.000000e+00,0.000000e+00,0.000000e+00,0.000000e+00,0.000000e+00,0.000000e+00,0.000000e+00,0.000000e+00
1.000000e+00,0.000000e+00,0.000000e+00,0.000000e+00,0.000000e+00,0.000000e+00,0.000000e+00,0.000000e+00,0.000000e+00,0.000000e+00,0.000000e+00,0.000000e+00,0.000000e+00,0.000000e+00,0.000000e+00
1.000000e+00,0.000000e+00,0.000000e+00,0.000000e+00,0.000000e+00,0.000000e+00,0.000000e+00,0.000000e+00,0.000000e+00,0.000000e+00,0.000000e+00,0.000000e+00,0.000000e+00,0.000000e+00,0.000000e+00
1.000000e+00,0.000000e+00,0.000000e+00,0.000000e+00,0.000000e+00,0.000000e+00,0.000000e+00,0.000000e+00,0.000000e+00,0.000000e+00,0.000000e+00,0.000000e+00,0.000000e+00,0.000000e+00,0.000000e+00
1.000000e+00,0.000000e+00,0.000000e+00,0.000000e+00,0.000000e+00,0.000000e+00,0.000000e+00,0.000000e+00,0.000000e+00,0.000000e+00,0.000000e+00,0.000000e+00,0.000000e+00,0.000000e+00,0.000000e+00
1.000000e+00,0.000000e+00,0.000000e+00,0.000000e+00,0.000000e+00,0.000000e+00,0.000000e+00,0.000000e+00,0.000000e+00,0.000000e+00,0.000000e+00,0.000000e+00,0.000000e+00,0.000000e+00,0.000000e+00
1.000000e+00,0.000000e+00,0.000000e+00,0.000000e+00,0.000000e+00,0.000000e+00,0.000000e+00,0.000000e+00,0.000000e+00,0.000000e+00,0.000000e+00,0.000000e+00,0.000000e+00,0.000000e+00,0.000000e+00
1.000000e+00,0.000000e+00,0.000000e+00,0.000000e+00,0.000000e+00,0.000000e+00,0.000000e+00,0.000000e+00,0.000000e+00,0.000000e+00,0.000000e+00,0.000000e+00,0.000000e+00,0.000000e+00,0.000000e+00
1.000000e+00,0.000000e+00,0.000000e+00,0.000000e+00,0.000000e+00,0.000000e+00,0.000000e+00,0.000000e+00,0.000000e+00,0.000000e+00,0.000000e+00,0.000000e+00,0.000000e+00,0.000000e+00,0.000000e+00
1.000000e+00,0.000000e+00,0.000000e+00,0.000000e+00,0.000000e+00,0.000000e+00,0.000000e+00,0.000000e+00,0.000000e+00,0.000000e+00,0.000000e+00,0.000000e+00,0.000000e+00,0.000000e+00,0.000000e+00
1.000000e+00,0.000000e+00,0.000000e+00,0.000000e+00,0.000000e+00,0.000000e+00,0.000000e+00,0.000000e+00,0.000000e+00,0.000000e+00,0.000000e+00,0.000000e+00,0.000000e+00,0.000000e+00,0.000000e+00
1.000000e+00,0.000000e+00,0.000000e+00,0.000000e+00,0.000000e+00,0.000000e+00,0.000000e+00,0.000000e+00,0.000000e+00,0.000000e+00,0.000000e+00,0.000000e+00,0.000000e+00,0.000000e+00,0.000000e+00
4.750082e-01,3.002839e-02,2.958772e-02,3.133616e-01,5.737195e-03,1.028253e-02,1.594617e-03,8.313958e-03,3.161892e-02,1.068375e-02,2.889209e-02,1.112836e-02,1.474434e-02,1.255820e-03,2.776241e-02
4.892201e-01,3.163253e-02,3.267553e-02,2.784127e-01,7.097323e-03,1.287449e-02,2.151222e-03,1.036763e-02,3.741822e-02,1.123266e-02,3.087527e-02,9.355146e-03,1.817590e-02,1.461263e-03,2.705004e-02
4.589510e-01,3.356875e-02,6.192486e-02,2.571518e-01,9.042084e-03,1.149369e-02,2.121246e-03,1.240859e-02,5.839531e-02,8.911852e-03,3.163370e-02,7.364505e-03,2.150772e-02,2.376786e-03,2.314813e-02
4.659216e-01,3.461570e-02,5.431082e-02,2.113290e-01,1.050037e-02,1.464078e-02,2.601768e-03,1.375458e-02,8.224028e-02,1.534637e-02,3.347840e-02,6.178378e-03,2.497992e-02,3.584029e-03,2.651804e-02
4.940988e-01,2.875094e-02,3.946387e-02,1.710302e-01,8.882748e-03,2.170849e-02,3.127206e-03,1.295305e-02,9.281246e-02,1.210561e-02,3.878105e-02,6.375784e-03,2.648551e-02,5.276303e-03,3.814794e-02
1.000000e+00,0.000000e+00,0.000000e+00,0.000000e+00,0.000000e+00,0.000000e+00,0.000000e+00,0.000000e+00,0.000000e+00,0.000000e+00,0.000000e+00,0.000000e+00,0.000000e+00,0.000000e+00,0.000000e+00
3.873761e-01,1.813181e-02,2.201330e-02,1.032359e-01,9.627143e-03,2.103494e-02,2.565693e-03,1.059300e-02,7.936327e-02,8.112441e-03,1.831549e-01,5.181928e-03,5.819952e-02,4.268143e-02,4.872854e-02
2.768197e-01,1.352775e-02,1.560628e-02,7.701969e-02,7.725529e-03,1.728519e-02,1.912863e-03,7.663797e-03,7.787226e-02,7.915049e-03,1.717445e-01,4.094196e-03,4.845905e-02,1.766022e-01,9.575193e-02
2.041916e-01,1.204932e-02,1.265807e-02,5.811669e-02,1.023987e-02,1.721951e-02,1.949214e-03,7.554551e-03,1.007342e-01,7.207044e-03,2.003363e-01,4.053373e-03,4.904421e-02,2.036889e-01,1.109571e-01
1.530467e-01,1.021584e-02,9.940358e-03,4.130192e-02,7.901786e-03,1.904998e-02,1.632260e-03,5.752962e-03,1.035782e-01,7.558003e-03,1.450434e-01,3.181250e-03,3.566974e-02,3.639637e-01,9.216405e-02
1.104068e-01,1.183510e-02,9.232620e-03,2.923534e-02,5.911153e-03,1.545319e-01,1.583145e-03,5.233058e-03,8.144414e-02,6.566546e-03,1.070766e-01,2.360054e-03,2.543527e-02,3.699227e-01,7.922567e-02
7.895877e-02,1.298958e-02,7.605096e-03,2.064827e-02,4.516343e-03,1.164782e-01,1.136157e-03,3.726762e-03,7.738557e-02,5.604221e-03,7.813484e-02,1.736677e-03,1.808323e-02,4.952434e-01,7.775295e-02
5.558762e-02,2.987398e-02,6.211173e-03,1.469362e-02,3.378892e-03,8.970443e-02,8.715408e-04,2.663719e-03,1.199243e-01,4.655352e-03,5.538555e-02,1.342742e-03,1.345419e-02,5.182183e-01,8.403456e-02
3.947133e-02,2.310726e-02,4.453202e-03,1.038333e-02,2.593607e-03,6.965627e-02,6.451775e-04,1.879900e-03,1.381955e-01,3.719524e-03,3.957795e-02,9.831968e-04,9.749073e-03,5.509840e-01,1.046008e-01
3.108958e-02,1.769225e-02,3.777096e-03,7.432870e-03,2.436717e-03,5.137857e-02,5.084571e-04,1.365074e-03,1.133252e-01,3.572541e-03,2.893380e-02,7.329428e-04,7.296338e-03,6.110316e-01,1.194270e-01
2.259712e-02,1.534367e-02,3.109804e-03,5.370100e-03,2.055754e-03,3.656927e-02,3.764096e-04,1.103892e-03,1.253421e-01,3.929407e-03,2.232472e-02,5.999292e-04,5.328683e-03,6.223819e-01,1.335672e-01
1.691764e-02,1.875455e-02,7.240876e-03,6.131739e-03,4.334962e-03,2.636915e-02,3.846094e-04,3.444723e-03,2.587243e-01,3.966691e-03,1.715720e-02,4.650692e-04,3.860944e-03,5.199805e-01,1.122670e-01
1.434174e-02,2.641818e-02,2.328214e-02,1.013477e-02,1.026103e-02,1.926797e-02,5.374058e-04,8.770278e-03,2.642353e-01,5.265273e-03,1.535496e-02,5.302270e-04,3.130135e-03,5.053538e-01,9.311683e-02
1.330713e-02,3.015565e-02,1.948105e-02,1.189236e-02,1.952186e-02,1.485559e-02,5.443799e-04,1.121360e-02,3.274944e-01,8.132564e-03,1.377434e-02,7.657552e-04,2.953822e-03,4.582346e-01,6.767298e-02
1.223923e-02,6.610765e-02,1.670413e-02,1.004705e-02,1.749533e-02,1.116949e-02,5.954660e-04,1.222685e-02,3.815039e-01,9.151910e-03,1.225977e-02,9.290240e-04,3.323435e-03,3.941993e-01,5.204747e-02
1.142837e-02,6.418712e-02,2.447586e-02,1.014206e-02,2.213661e-02,8.810461e-03,8.758001e-04,1.786241e-01,3.180400e-01,1.305338e-02,1.121034e-02,1.009644e-03,4.856201e-03,2.928780e-01,3.827206e-02
1.106560e-02,5.980049e-02,4.062045e-02,1.260253e-02,3.024917e-02,6.755341e-03,1.092470e-03,3.121240e-01,2.577549e-01,1.226443e-02,8.564451e-03,8.165734e-04,3.839759e-03,2.146138e-01,2.783612e-02
1.063834e-02,4.608302e-02,3.457875e-02,1.098408e-02,2.792919e-02,5.245575e-03,9.800491e-04,4.785653e-01,1.894225e-01,9.567712e-03,6.300122e-03,6.416068e-04,2.828718e-03,1.561366e-01,2.009858e-02
9.921473e-03,3.521449e-02,2.953509e-02,9.258213e-03,2.629463e-02,4.196878e-03,9.727569e-04,5.936934e-01,1.448385e-01,8.839568e-03,4.609495e-03,5.275249e-04,2.130418e-03,1.149199e-01,1.504771e-02
1.918099e-02,2.977123e-02,2.601088e-02,1.142242e-02,2.519480e-02,5.893003e-03,1.116968e-03,6.189420e-01,1.357699e-01,9.617850e-03,4.015388e-03,9.268534e-04,3.556075e-03,9.151213e-02,1.706954e-02
2.907257e-02,2.578912e-02,2.425449e-02,1.690432e-02,3.708658e-02,7.344955e-03,1.589465e-03,6.315039e-01,1.133141e-01,1.231468e-02,3.698766e-03,1.046459e-03,3.968094e-03,7.490566e-02,1.720686e-02
2.881560e-02,2.334742e-02,2.595148e-02,2.354516e-02,3.867493e-02,7.464538e-03,1.609194e-03,6.670082e-01,9.352716e-02,1.133008e-02,3.240479e-03,8.933751e-04,3.752787e-03,5.529033e-02,1.554929e-02
3.155704e-02,9.586007e-02,2.441899e-02,2.125607e-02,4.228524e-02,9.464867e-03,3.856506e-03,5.343687e-01,1.136012e-01,1.345966e-02,3.527141e-03,1.127705e-03,1.106728e-02,4.314258e-02,5.100702e-02
4.018255e-02,1.182399e-01,2.218920e-02,2.143137e-02,4.431009e-02,1.345344e-02,8.675409e-03,4.400108e-01,1.543095e-01,1.423504e-02,3.354742e-03,1.430685e-03,1.504879e-02,3.421271e-02,6.891577e-02
5.064575e-02,1.268395e-01,2.045923e-02,2.122610e-02,5.415814e-02,1.603112e-02,1.631164e-02,3.209023e-01,1.600938e-01,2.627877e-02,6.800226e-03,2.958672e-03,3.331542e-02,2.495066e-02,1.190286e-01
5.960628e-02,1.216652e-01,1.891218e-02,1.705318e-02,5.106455e-02,1.740185e-02,1.922439e-02,2.651004e-01,2.056562e-01,2.252540e-02,1.087990e-02,5.500311e-03,3.386485e-02,1.936715e-02,1.321783e-01
8.118263e-02,1.327806e-01,1.657911e-02,1.528147e-02,4.683897e-02,2.181816e-02,1.578574e-02,1.987318e-01,2.575837e-01,2.299017e-02,1.709437e-02,1.010684e-02,3.198436e-02,1.548975e-02,1.157524e-01
9.312347e-02,1.338098e-01,1.610694e-02,1.278136e-02,4.434244e-02,2.087868e-02,1.514417e-02,1.701988e-01,2.827054e-01,3.826225e-02,1.676198e-02,9.563804e-03,3.647420e-02,1.190970e-02,9.793708e-02
1.276611e-01,1.155984e-01,1.683626e-02,1.152050e-02,4.672470e-02,2.166501e-02,1.427735e-02,1.209847e-01,2.884761e-01,7.831181e-02,2.484130e-02,1.112838e-02,3.292030e-02,1.165077e-02,7.740326e-02
1.248869e-01,9.345912e-02,1.717238e-02,2.876654e-02,5.106729e-02,2.170593e-02,4.981812e-02,8.672010e-02,2.253035e-01,1.141147e-01,4.564689e-02,2.993883e-02,3.969274e-02,8.751400e-03,6.295559e-02
1.033576e-01,7.179504e-02,1.363678e-02,3.215680e-02,5.489312e-02,1.983508e-02,4.492114e-02,6.221610e-02,1.779170e-01,1.579898e-01,9.696636e-02,3.569520e-02,6.364021e-02,7.574964e-03,5.740480e-02
8.121976e-02,5.642841e-02,1.195929e-02,3.487430e-02,5.973690e-02,1.819210e-02,3.442051e-02,4.413251e-02,1.485507e-01,2.374973e-01,8.845434e-02,3.511864e-02,6.546842e-02,7.934407e-03,7.601234e-02
1.295449e-01,4.127026e-02,1.177269e-02,3.529806e-02,5.281470e-02,1.782582e-02,3.014806e-02,3.416211e-02,1.185491e-01,2.824832e-01,8.397865e-02,3.474915e-02,5.360463e-02,9.301542e-03,6.449717e-02
1.693194e-01,3.281534e-02,1.326622e-02,3.490411e-02,4.538973e-02,1.691528e-02,2.510122e-02,2.677524e-02,9.547361e-02,2.999885e-01,7.051988e-02,2.884026e-02,4.775298e-02,2.312629e-02,6.981195e-02
1.839036e-01,2.773057e-02,1.233638e-02,3.810945e-02,3.632514e-02,1.941762e-02,1.897760e-02,2.503200e-02,7.983528e-02,2.811952e-01,6.021009e-02,3.179878e-02,4.710069e-02,3.172448e-02,1.063031e-01
2.831705e-01,2.252423e-02,1.948198e-02,4.367864e-02,3.015294e-02,2.614792e-02,1.381019e-02,2.787889e-02,6.381070e-02,2.137897e-01,6.160613e-02,3.457808e-02,4.359784e-02,2.781838e-02,8.795390e-02
3.309109e-01,2.485853e-02,2.256745e-02,7.568289e-02,3.857325e-02,3.298504e-02,1.067974e-02,2.244841e-02,5.745760e-02,1.556193e-01,5.684016e-02,4.186590e-02,3.758422e-02,2.278886e-02,6.913780e-02
2.612680e-01,2.787488e-02,3.089721e-02,2.081633e-01,3.946604e-02,3.260393e-02,8.280360e-03,2.340782e-02,7.289836e-02,1.115923e-01,4.799676e-02,3.186778e-02,2.830484e-02,1.723572e-02,5.814265e-02
2.109445e-01,2.545259e-02,5.651341e-02,2.974912e-01,3.932463e-02,2.884337e-02,6.691920e-03,1.933704e-02,8.910888e-02,8.166235e-02,3.748534e-02,2.383257e-02,2.135403e-02,1.275771e-02,4.920037e-02
1.780088e-01,2.421243e-02,1.365226e-01,3.064757e-01,3.293315e-02,2.293359e-02,5.144320e-03,1.567447e-02,7.904214e-02,6.513359e-02,3.388228e-02,1.810152e-02,1.767276e-02,9.970663e-03,5.429202e-02
2.262485e-01,2.695496e-02,1.437323e-01,2.340259e-01,3.896629e-02,2.244803e-02,5.008057e-03,1.318998e-02,6.287584e-02,8.645703e-02,4.588313e-02,1.836728e-02,1.747618e-02,1.126543e-02,4.710090e-02
2.449464e-01,3.630945e-02,1.431101e-01,1.968622e-01,4.011754e-02,2.017689e-02,5.697503e-03,1.090784e-02,5.147944e-02,8.018035e-02,5.371214e-02,2.690900e-02,2.618812e-02,1.969866e-02,4.370429e-02
3.340302e-01,2.947226e-02,1.305212e-01,1.419394e-01,3.579006e-02,1.754776e-02,5.174762e-03,1.016916e-02,4.115840e-02,6.215781e-02,5.486996e-02,3.404476e-02,3.410797e-02,2.347786e-02,4.553850e-02
3.336294e-01,3.018356e-02,9.673739e-02,1.126607e-01,4.018012e-02,1.747257e-02,4.985120e-03,1.438732e-02,3.901991e-02,5.185314e-02,8.400112e-02,4.868428e-02,4.533101e-02,4.028908e-02,4.058528e-02
2.646861e-01,3.743027e-02,9.064151e-02,1.429538e-01,5.553755e-02,1.570578e-02,4.149057e-03,1.434286e-02,4.186627e-02,4.279312e-02,9.347628e-02,5.277298e-02,3.828797e-02,5.522349e-02,5.013297e-02
2.587913e-01,4.291140e-02,8.495216e-02,1.176230e-01,5.153604e-02,2.019685e-02,3.965744e-03,1.418025e-02,5.075841e-02,3.585409e-02,1.215082e-01,5.259251e-02,3.079497e-02,6.716187e-02,4.717330e-02
2.097859e-01,5.192574e-02,8.515974e-02,9.783220e-02,4.058941e-02,1.789913e-02,3.093438e-03,1.278712e-02,8.210552e-02,3.201340e-02,1.119580e-01,4.686173e-02,2.643662e-02,9.407875e-02,8.747330e-02
1.487788e-01,4.886220e-02,6.849244e-02,8.942414e-02,2.886622e-02,1.366995e-02,2.234447e-03,9.738363e-03,1.763915e-01,3.805240e-02,9.912599e-02,3.449117e-02,3.406058e-02,7.472574e-02,1.330861e-01
1.056059e-01,4.504030e-02,5.101009e-02,6.691094e-02,2.051239e-02,1.086746e-02,1.658239e-03,7.076771e-03,1.941867e-01,5.887285e-02,8.256375e-02,2.526157e-02,3.387313e-02,6.061619e-02,2.359437e-01
7.428186e-02,3.305925e-02,3.776297e-02,4.969919e-02,1.454656e-02,8.341937e-03,1.179557e-03,5.128715e-03,3.156702e-01,7.100797e-02,7.294584e-02,1.900622e-02,4.095299e-02,4.392416e-02,2.124926e-01
5.249410e-02,2.588920e-02,2.842637e-02,3.870559e-02,1.065183e-02,7.918469e-03,8.861406e-04,5.444064e-03,2.811312e-01,5.611419e-02,1.028543e-01,1.470697e-02,4.382487e-02,3.824413e-02,2.927086e-01
3.737311e-02,2.258429e-02,2.717841e-02,4.334714e-02,8.664498e-03,6.674873e-03,7.153584e-04,4.841556e-03,3.672836e-01,5.087025e-02,9.277353e-02,1.416195e-02,6.427640e-02,2.817746e-02,2.310776e-01
2.751740e-02,1.869206e-02,2.390566e-02,3.527292e-02,1.001678e-02,1.581794e-02,9.783113e-04,3.836548e-03,3.112710e-01,5.057453e-02,9.608483e-02,3.927518e-02,1.302880e-01,2.076559e-02,2.157034e-01
1.966489e-02,1.346272e-02,1.690677e-02,2.559493e-02,3.345049e-02,1.139671e-02,8.934617e-04,2.866528e-03,2.220968e-01,3.734944e-02,7.560593e-02,3.214328e-02,1.257425e-01,1.487025e-02,3.679554e-01
1.419752e-02,9.734504e-03,1.320780e-02,1.849656e-02,5.311089e-02,1.132999e-02,1.265396e-02,8.592344e-03,1.580331e-01,4.093240e-02,7.596004e-02,2.598875e-02,1.403294e-01,1.269442e-02,4.047384e-01
1.060030e-02,6.956514e-03,9.421077e-03,1.544914e-02,1.051548e-01,3.858282e-02,8.986702e-03,6.319040e-03,1.122661e-01,3.089125e-02,8.637129e-02,2.550324e-02,2.490689e-01,9.010806e-03,2.854181e-01
7.719820e-03,4.899340e-03,6.710359e-03,1.122576e-02,8.624809e-02,4.392012e-02,6.333765e-03,4.649008e-03,7.900817e-02,2.276168e-02,9.933496e-02,2.653851e-02,3.911509e-01,6.412891e-03,2.030867e-01
5.701845e-03,3.508579e-03,5.038744e-03,8.125242e-03,6.199928e-02,3.397977e-02,4.585134e-03,3.625434e-03,5.614819e-02,1.629396e-02,8.762813e-02,3.568828e-02,5.243173e-01,4.787634e-03,1.485725e-01
4.143217e-03,2.510528e-03,3.773975e-03,5.999398e-03,4.721533e-02,2.466919e-02,3.352671e-03,3.719709e-03,4.119518e-02,1.217741e-02,1.104319e-01,3.445174e-02,5.918113e-01,3.489190e-03,1.110593e-01
8.006884e-03,6.045682e-03,2.028860e-02,2.441961e-02,6.011610e-02,3.745355e-02,3.893236e-03,3.083741e-02,7.668597e-02,1.034600e-02,8.785905e-02,4.593965e-02,4.958707e-01,4.028595e-03,8.820895e-02
9.363368e-03,1.433465e-02,1.845683e-02,2.444015e-02,5.060602e-02,8.278046e-02,3.707327e-03,3.728693e-02,1.978657e-01,7.671227e-03,6.502113e-02,4.412599e-02,3.758951e-01,3.292289e-03,6.515277e-02
2.032434e-02,2.533292e-02,1.569623e-02,2.039887e-02,3.953161e-02,1.199180e-01,3.161628e-03,3.023729e-02,2.833681e-01,5.678539e-03,4.693382e-02,3.808118e-02,3.010493e-01,2.753279e-03,4.753489e-02
2.986785e-02,4.771309e-02,1.536165e-02,2.359426e-02,3.934576e-02,1.218860e-01,3.815591e-03,2.388006e-02,3.463513e-01,6.517312e-03,3.374946e-02,2.993657e-02,2.337735e-01,2.205009e-03,4.200254e-02
2.647050e-02,6.005599e-02,1.722571e-02,3.724201e-02,3.655345e-02,1.041099e-01,4.464904e-03,2.052360e-02,4.227772e-01,7.161497e-03,2.502821e-02,2.767251e-02,1.759952e-01,1.822578e-03,3.289668e-02
2.624050e-02,6.399866e-02,2.181337e-02,1.394440e-01,3.892345e-02,7.833857e-02,3.692095e-03,1.947230e-02,3.929203e-01,9.225069e-03,2.753683e-02,2.115213e-02,1.290083e-01,1.665347e-03,2.656894e-02
2.220240e-02,5.449906e-02,1.853808e-02,1.787022e-01,3.440879e-02,6.294259e-02,3.222283e-03,2.078132e-02,3.411936e-01,1.092615e-02,7.208905e-02,2.413920e-02,1.204748e-01,4.384601e-03,3.149583e-02
1.591066e-02,3.963763e-02,1.699612e-02,3.165436e-01,2.699641e-02,4.829027e-02,2.414798e-03,1.566466e-02,2.604259e-01,1.533765e-02,1.060995e-01,1.816506e-02,8.799887e-02,3.376081e-03,2.614280e-02
1.284370e-02,3.235374e-02,1.390221e-02,2.799599e-01,2.255700e-02,4.342975e-02,1.891827e-03,1.160670e-02,2.637004e-01,1.370044e-02,1.889729e-01,1.465895e-02,6.531715e-02,1.304624e-02,2.205915e-02
9.826841e-03,2.390518e-02,9.962109e-03,2.102491e-01,1.865046e-02,3.170173e-02,1.398645e-03,8.307928e-03,2.064607e-01,1.172475e-02,3.262773e-01,1.399390e-02,5.220995e-02,5.509071e-02,2.024072e-02
7.695647e-03,1.926953e-02,7.981157e-03,1.659577e-01,1.506688e-02,2.364598e-02,1.019024e-03,6.234033e-03,2.820355e-01,9.864035e-03,3.441862e-01,1.329050e-02,3.919356e-02,4.862209e-02,1.593824e-02
5.720082e-03,1.392538e-02,5.723174e-03,1.183637e-01,1.164223e-02,1.682959e-02,7.405981e-04,4.432621e-03,2.035257e-01,7.482036e-03,5.207080e-01,1.111419e-02,2.933706e-02,3.891210e-02,1.154360e-02
4.512582e-03,1.007117e-02,4.226014e-03,8.417960e-02,1.092418e-02,1.192558e-02,5.764015e-04,3.217558e-03,1.441505e-01,5.809236e-03,6.500487e-01,8.644848e-03,2.169623e-02,3.157084e-02,8.446476e-03
4.403678e-03,7.334602e-03,3.106161e-03,5.938238e-02,4.442803e-02,8.500055e-03,6.113802e-04,2.322535e-03,1.021093e-01,4.891920e-03,7.031070e-01,7.058141e-03,1.607036e-02,3.047206e-02,6.202396e-03
3.589704e-03,5.247714e-03,2.242955e-03,4.183795e-02,8.062227e-02,6.026017e-03,5.814278e-04,1.695434e-03,7.254353e-02,4.287718e-03,7.320775e-01,6.388058e-03,1.151499e-02,2.676011e-02,4.584613e-03
4.587796e-03,4.023582e-03,2.159710e-03,2.950660e-02,2.086796e-01,4.754128e-03,8.215550e-04,1.620762e-03,5.261450e-02,4.965363e-03,6.390293e-01,6.674406e-03,8.615901e-03,2.820962e-02,3.737184e-03
8.410497e-03,3.087002e-03,2.621784e-03,2.091880e-02,2.303279e-01,5.035813e-03,1.743011e-03,5.822618e-03,4.147901e-02,6.218072e-03,6.294941e-01,9.871671e-03,6.874478e-03,2.491057e-02,3.184720e-03
1.017858e-02,2.583196e-03,3.836079e-03,1.522946e-02,2.941222e-01,4.738942e-03,2.454095e-03,7.253434e-03,3.916890e-02,8.454746e-03,5.675576e-01,1.449578e-02,6.027338e-03,2.075378e-02,3.145975e-03
1.969486e-02,2.854513e-03,6.212458e-03,1.119432e-02,2.480156e-01,3.846313e-02,3.818327e-03,4.760564e-02,3.080514e-02,1.424660e-02,5.323546e-01,1.843625e-02,5.065815e-03,1.843250e-02,2.800311e-03
2.019539e-02,2.534763e-03,7.439591e-03,8.185497e-03,1.936958e-01,3.136450e-02,4.025505e-03,4.949293e-02,2.821314e-02,1.205250e-02,5.954604e-01,2.465070e-02,4.398530e-03,1.589669e-02,2.394044e-03
3.444179e-02,1.825744e-02,3.517433e-02,7.041744e-03,1.515723e-01,3.471341e-02,4.871268e-03,6.264471e-02,1.082750e-01,1.212292e-02,4.804390e-01,2.568630e-02,3.881275e-03,1.669909e-02,4.179541e-03
4.660206e-02,2.665263e-02,5.736253e-02,5.978969e-03,1.202155e-01,2.903794e-02,5.936054e-03,1.099796e-01,1.051614e-01,1.186978e-02,4.252485e-01,2.884285e-02,3.379742e-03,1.877434e-02,4.958077e-03
5.327386e-02,5.103811e-02,6.324048e-02,5.830307e-03,9.793241e-02,3.860723e-02,7.362431e-03,1.025903e-01,1.507570e-01,1.281865e-02,3.617093e-01,2.598157e-02,2.765029e-03,1.728699e-02,8.806314e-03
4.776917e-02,7.523775e-02,5.605075e-02,6.472862e-03,8.070330e-02,3.441409e-02,5.519818e-03,1.147419e-01,2.444040e-01,1.012421e-02,2.813033e-01,1.996539e-02,2.308334e-03,1.329545e-02,7.689676e-03
4.579131e-02,8.005562e-02,4.817669e-02,7.229514e-03,7.948385e-02,3.317789e-02,4.620911e-03,1.255767e-01,2.754507e-01,9.130741e-03,2.502059e-01,1.858481e-02,2.574234e-03,1.213766e-02,7.803382e-03
4.841379e-02,8.161863e-02,3.916289e-02,8.185499e-03,8.117817e-02,2.846194e-02,3.821559e-03,1.170573e-01,2.853351e-01,7.713616e-03,2.552601e-01,2.149557e-02,5.167881e-03,9.567810e-03,7.560118e-03
5.470677e-02,6.220869e-02,2.764710e-02,7.406473e-03,9.709401e-02,2.546680e-02,2.879571e-03,8.570779e-02,3.134903e-01,6.367005e-03,2.008449e-01,8.750185e-02,1.434694e-02,7.623173e-03,6.708561e-03
5.202160e-02,5.099101e-02,2.031532e-02,3.538798e-02,9.833271e-02,2.114102e-02,2.344833e-03,7.075804e-02,2.824067e-01,5.485232e-03,1.489092e-01,1.729952e-01,2.738445e-02,5.570315e-03,5.956368e-03
5.382456e-02,4.731489e-02,1.636368e-02,3.085130e-02,1.008881e-01,1.944363e-02,2.046001e-03,6.424666e-02,3.333385e-01,3.282647e-02,1.185634e-01,1.495094e-01,2.082776e-02,4.690455e-03,5.265189e-03
5.941617e-02,4.421804e-02,1.631052e-02,2.683944e-02,1.264570e-01,1.611807e-02,1.765737e-03,5.803685e-02,3.036224e-01,1.150775e-01,8.767802e-02,1.201510e-01,1.549872e-02,4.051474e-03,4.759005e-03
4.596278e-02,3.335621e-02,1.186060e-02,2.022940e-02,1.192831e-01,1.178928e-02,1.601004e-03,7.780212e-02,2.807642e-01,2.233003e-01,6.626316e-02,8.847112e-02,1.209799e-02,3.444495e-03,3.774213e-03
3.324249e-02,2.453970e-02,8.753217e-03,1.492928e-02,8.729699e-02,8.472214e-03,1.199029e-03,2.388641e-01,2.328062e-01,2.233641e-01,4.856091e-02,6.315336e-02,9.515354e-03,2.598504e-03,2.704549e-03
2.402506e-02,1.770872e-02,6.554319e-03,1.081236e-02,6.300717e-02,6.117981e-03,9.472793e-04,4.109985e-01,1.806732e-01,1.886770e-01,3.498274e-02,4.461518e-02,7.066063e-03,1.895819e-03,1.918597e-03
1.774974e-02,1.261269e-02,5.001067e-03,8.042180e-03,4.538497e-02,4.715753e-03,7.687659e-04,5.222932e-01,1.318365e-01,1.866220e-01,2.542450e-02,3.150802e-02,5.307727e-03,1.366058e-03,1.366845e-03
1.309765e-02,9.035912e-03,3.674211e-03,5.856594e-03,3.320032e-02,3.510549e-03,5.987657e-04,6.343187e-01,9.772389e-02,1.528218e-01,1.811896e-02,2.218582e-02,3.900803e-03,9.865636e-04,9.694373e-04
9.691264e-03,6.415360e-03,2.723594e-03,4.248320e-03,2.437404e-02,2.690760e-03,5.257290e-04,7.308910e-01,7.033810e-02,1.150019e-01,1.308299e-02,1.561155e-02,2.937974e-03,7.709059e-04,6.965054e-04
9.831267e-03,5.157274e-03,2.215012e-03,3.349510e-03,2.001471e-02,2.697175e-03,4.670251e-04,7.771287e-01,5.370438e-02,9.921392e-02,9.901159e-03,1.129600e-02,3.510152e-03,7.815029e-04,7.322045e-04
1.575098e-02,5.018106e-03,2.192556e-03,3.148229e-03,2.037986e-02,3.116332e-03,5.525704e-04,7.733238e-01,4.405976e-02,1.095800e-01,7.852247e-03,8.721366e-03,4.446507e-03,9.155993e-04,9.420027e-04
2.285049e-02,4.284790e-03,2.031432e-03,2.888400e-03,1.888327e-02,2.860522e-03,1.031218e-03,7.610639e-01,3.743412e-02,1.288233e-01,5.853227e-03,6.463932e-03,3.795088e-03,7.937697e-04,9.424598e-04
3.525653e-02,3.477709e-03,1.885140e-03,3.116260e-03,1.601270e-02,3.510491e-03,1.790242e-03,7.668610e-01,3.006215e-02,1.240496e-01,4.293160e-03,4.789856e-03,3.320182e-03,6.303954e-04,9.445698e-04
3.588920e-02,3.309357e-03,1.817293e-03,2.804420e-03,1.572758e-02,3.675329e-03,2.195771e-03,7.961884e-01,2.407212e-02,1.025785e-01,3.267799e-03,3.644018e-03,3.284724e-03,4.994111e-04,1.046072e-03
4.003757e-02,3.218007e-03,1.648385e-03,2.568447e-03,1.383603e-02,3.428079e-03,2.299439e-03,8.163258e-01,2.083259e-02,8.603542e-02,2.487115e-03,2.873528e-03,2.811904e-03,4.384974e-04,1.159102e-03
4.518743e-02,2.775128e-03,1.629939e-03,2.360490e-03,1.329467e-02,3.927618e-03,1.979414e-03,8.388183e-01,1.642752e-02,6.499453e-02,1.979492e-03,2.472482e-03,2.656441e-03,3.838807e-04,1.112591e-03
4.758343e-02,2.093761e-03,1.328389e-03,1.852724e-03,9.949011e-03,3.834944e-03,1.862839e-03,8.648027e-01,1.283102e-02,4.611462e-02,1.547037e-03,2.646947e-03,2.353064e-03,2.978903e-04,9.015401e-04
4.284260e-02,1.543361e-03,1.055237e-03,1.619653e-03,7.272996e-03,3.191896e-03,1.564516e-03,8.922488e-01,9.791676e-03,3.245082e-02,1.230416e-03,2.381523e-03,1.874196e-03,2.278617e-04,7.043795e-04
7.686698e-02,1.482614e-03,1.002582e-03,1.940646e-03,5.748141e-03,5.401692e-03,1.802267e-03,8.340452e-01,8.395204e-03,2.292701e-02,6.936745e-03,1.583684e-02,1.656144e-02,3.272794e-04,7.253278e-04
5.671766e-02,1.120410e-03,8.957009e-04,4.491862e-03,4.186690e-03,6.259113e-03,1.493359e-03,5.976644e-01,6.799178e-03,1.813210e-02,1.808622e-02,1.630403e-01,1.182020e-01,2.024728e-03,8.862549e-04
4.209650e-02,8.679018e-04,8.120756e-04,8.207751e-03,3.468721e-03,1.112479e-02,1.553428e-03,4.378602e-01,7.599007e-03,1.350938e-02,2.457220e-02,3.317784e-01,1.108886e-01,4.822439e-03,8.385705e-04
3.049486e-02,6.594121e-04,6.163686e-04,7.216777e-03,2.650983e-03,1.031697e-02,2.933830e-03,3.098677e-01,1.103384e-02,9.598289e-03,1.251536e-01,4.019089e-01,8.040529e-02,6.425397e-03,7.177864e-04
2.186636e-02,5.625233e-04,4.812563e-04,5.838901e-03,2.215331e-03,8.235397e-03,2.494872e-03,2.175809e-01,1.375442e-02,7.071433e-03,1.595793e-01,4.913572e-01,5.903705e-02,9.304538e-03,6.204944e-04
1.550948e-02,5.026537e-04,3.918936e-04,4.283898e-03,2.517450e-03,6.193956e-03,1.919584e-03,1.523834e-01,1.145576e-02,5.277925e-03,2.180827e-01,5.302185e-01,4.217933e-02,8.556276e-03,5.271153e-04
1.113464e-02,4.844867e-03,6.000491e-04,3.053188e-03,3.516856e-03,4.501333e-03,1.370508e-03,1.067299e-01,1.620548e-02,4.314906e-03,3.066020e-01,4.887766e-01,3.203950e-02,1.588328e-02,4.268949e-04
8.387050e-03,6.084871e-03,2.033261e-03,2.235424e-03,1.505498e-02,3.572110e-03,1.084578e-03,7.519069e-02,1.798678e-02,4.417999e-03,3.738681e-01,4.374449e-01,2.375555e-02,2.853832e-02,3.453722e-04
6.149721e-03,4.619982e-03,1.656841e-03,1.682388e-03,1.828824e-02,2.718808e-03,8.449042e-04,5.275328e-02,1.406417e-02,7.858878e-03,3.664183e-01,4.784807e-01,1.752533e-02,2.655887e-02,3.795811e-04
4.532398e-03,3.971819e-03,1.493706e-03,1.493583e-03,3.314177e-02,2.211298e-03,6.332885e-04,3.703449e-02,1.379530e-02,7.973028e-03,3.144574e-01,5.413320e-01,1.450728e-02,2.293780e-02,4.847691e-04
3.614065e-03,4.336941e-03,1.367532e-03,1.238912e-03,6.367438e-02,2.393702e-03,5.131892e-04,2.611325e-02,1.259644e-02,6.930095e-03,2.956442e-01,5.466263e-01,1.334592e-02,2.113039e-02,4.745814e-04
3.003199e-03,4.372722e-03,1.222814e-03,9.084337e-04,5.477058e-02,2.276726e-03,4.627543e-04,1.838594e-02,1.111377e-02,5.616401e-03,3.677491e-01,5.016528e-01,1.060377e-02,1.749839e-02,3.624915e-04
3.397139e-03,4.124401e-03,1.056187e-03,6.940792e-04,5.050522e-02,3.111306e-03,6.952991e-04,1.319354e-02,1.430910e-02,4.530548e-03,4.367796e-01,4.454355e-01,8.720497e-03,1.312935e-02,3.181731e-04
2.732395e-03,3.207496e-03,9.982210e-04,5.165552e-04,3.771094e-02,1.385361e-02,1.378896e-03,9.678280e-03,1.066132e-02,3.397387e-03,4.997433e-01,3.997324e-01,6.632307e-03,9.459650e-03,2.971228e-04
2.394038e-03,2.705473e-03,8.962913e-04,3.869296e-04,2.961768e-02,1.270626e-02,1.351962e-03,6.999271e-03,8.799901e-03,2.576452e-03,6.052161e-01,3.140402e-01,5.124922e-03,6.840122e-03,3.444009e-04
3.011699e-03,4.928376e-03,1.037074e-03,3.227631e-04,2.152515e-02,1.691317e-02,2.072561e-03,5.108144e-03,7.693695e-03,2.290336e-03,6.990565e-01,2.256858e-01,4.417270e-03,5.063428e-03,8.739375e-04
3.906675e-03,3.805126e-02,1.527894e-02,5.273789e-04,2.067069e-02,1.508201e-02,3.059641e-03,1.147125e-02,1.560025e-02,1.013178e-02,6.911681e-01,1.598387e-01,4.951424e-03,3.946089e-03,6.315855e-03
4.766213e-03,3.760077e-02,1.761163e-02,7.265161e-04,2.107028e-02,1.519553e-02,4.149849e-03,1.228509e-02,1.658863e-02,1.138556e-02,7.261491e-01,1.142429e-01,6.172584e-03,3.018040e-03,9.037269e-03
7.149184e-03,2.835542e-02,2.034484e-02,4.646548e-03,7.116909e-02,1.304983e-02,3.631269e-03,1.302513e-01,3.003028e-02,9.052278e-03,5.858045e-01,8.094452e-02,5.176886e-03,2.304243e-03,8.089863e-03
7.826127e-03,2.340654e-02,3.218772e-02,4.277209e-03,8.151512e-02,9.922401e-03,3.064755e-03,1.950450e-01,3.615991e-02,7.543640e-03,5.272746e-01,5.804197e-02,5.531534e-03,1.811894e-03,6.391570e-03
8.478163e-03,1.950639e-02,3.262920e-02,3.588845e-03,9.333710e-02,8.137652e-03,2.511650e-03,2.747015e-01,3.405556e-02,5.726725e-03,4.616767e-01,4.293431e-02,6.257410e-03,1.700986e-03,4.757716e-03
1.135185e-02,2.156053e-02,3.328359e-02,3.400881e-03,1.251651e-01,6.789103e-03,1.898466e-03,2.509762e-01,4.257188e-02,4.267449e-03,4.534233e-01,3.301224e-02,6.912351e-03,1.794408e-03,3.592593e-03
1.102556e-02,1.720043e-02,3.451269e-02,3.015720e-03,1.156041e-01,5.282750e-03,1.464152e-03,3.739041e-01,4.071480e-02,3.115505e-03,3.588290e-01,2.456775e-02,6.545959e-03,1.574132e-03,2.643323e-03
1.191446e-02,1.702184e-02,3.175841e-02,2.612055e-03,1.028079e-01,9.474242e-03,1.245721e-03,3.351349e-01,9.436691e-02,2.874942e-03,3.598096e-01,1.906226e-02,7.718042e-03,2.042216e-03,2.156482e-03
1.297130e-02,2.815124e-02,3.117321e-02,2.286098e-03,9.606629e-02,1.206812e-02,1.121605e-03,2.643658e-01,1.654393e-01,2.817913e-03,3.567652e-01,1.454045e-02,7.910170e-03,2.450156e-03,1.873104e-03
1.376497e-02,3.804649e-02,3.007930e-02,2.392344e-03,9.889603e-02,1.965136e-02,1.159688e-03,2.169057e-01,2.531466e-01,2.251716e-03,3.011839e-01,1.154817e-02,6.851853e-03,2.255835e-03,1.866009e-03
1.764999e-02,7.382141e-02,2.988777e-02,2.901545e-03,9.865431e-02,3.505484e-02,2.075899e-03,1.865860e-01,2.965271e-01,3.771122e-03,2.281939e-01,1.000651e-02,7.600266e-03,3.621070e-03,3.648135e-03
1.992556e-02,1.258517e-01,3.363790e-02,2.816802e-03,9.634133e-02,4.573955e-02,2.825070e-03,1.637954e-01,2.979645e-01,4.134486e-03,1.726628e-01,8.283236e-03,1.541340e-02,5.086614e-03,5.521572e-03
2.537100e-02,1.091160e-01,6.422612e-02,2.615663e-03,1.021858e-01,7.028964e-02,6.011657e-03,1.188472e-01,2.832056e-01,4.096998e-03,1.227265e-01,9.301770e-03,6.533795e-02,4.223146e-03,1.244496e-02
2.778877e-02,9.566989e-02,1.687902e-01,2.497171e-03,1.323135e-01,6.511620e-02,7.441545e-03,8.517735e-02,2.314164e-01,3.659165e-03,9.023628e-02,7.383751e-03,6.082430e-02,3.948517e-03,1.773708e-02
3.691427e-02,1.554330e-01,2.318131e-01,2.862367e-03,1.270501e-01,5.535147e-02,7.430032e-03,6.081269e-02,1.720613e-01,6.097065e-03,6.381721e-02,5.367504e-03,5.452037e-02,2.837992e-03,1.763148e-02
3.378560e-02,1.648518e-01,3.010753e-01,5.112936e-03,1.038909e-01,4.330003e-02,7.221587e-03,4.404795e-02,1.440272e-01,2.952400e-02,4.509956e-02,3.965275e-03,3.937989e-02,2.036543e-03,3.268138e-02
3.684675e-02,2.246342e-01,2.604101e-01,6.529029e-03,1.067134e-01,3.670962e-02,8.869122e-03,3.208463e-02,1.587707e-01,2.852996e-02,3.218096e-02,3.081850e-03,3.093508e-02,1.500032e-03,3.220457e-02
3.498533e-02,2.563382e-01,2.761630e-01,1.356528e-02,1.043970e-01,3.226247e-02,1.234911e-02,3.916042e-02,1.280671e-01,2.709238e-02,2.279845e-02,2.394330e-03,2.302116e-02,1.102302e-03,2.630340e-02
4.186375e-02,2.347715e-01,2.329764e-01,1.849533e-02,1.815480e-01,5.114520e-02,1.963153e-02,3.267672e-02,1.084930e-01,2.204010e-02,1.614328e-02,1.879574e-03,1.790994e-02,7.967126e-04,1.962905e-02
4.100273e-02,2.037935e-01,1.927902e-01,4.261520e-02,2.348674e-01,5.596008e-02,4.457162e-02,3.294607e-02,9.101278e-02,1.829521e-02,1.139964e-02,1.452559e-03,1.341858e-02,5.753172e-04,1.529919e-02
3.685864e-02,1.639295e-01,2.716970e-01,9.891504e-02,1.874870e-01,4.299205e-02,3.770135e-02,3.170769e-02,6.835293e-02,2.186624e-02,8.085071e-03,1.143107e-03,9.959118e-03,4.249476e-04,1.888031e-02
5.556472e-02,1.843445e-01,2.428482e-01,1.008544e-01,1.896989e-01,4.124847e-02,4.241085e-02,3.067361e-02,6.147875e-02,1.772463e-02,5.988826e-03,1.150414e-03,9.805507e-03,3.469888e-04,1.586121e-02
4.920366e-02,1.432861e-01,2.839893e-01,1.717508e-01,1.440310e-01,3.134279e-02,3.168719e-02,2.472671e-02,4.893804e-02,3.076311e-02,4.621187e-03,1.064442e-03,7.310432e-03,2.830257e-04,2.700219e-02
3.840135e-02,1.055616e-01,3.090122e-01,2.611407e-01,1.033846e-01,2.262225e-02,2.252270e-02,1.796787e-02,3.634692e-02,3.455692e-02,4.609555e-03,1.089994e-03,5.437967e-03,2.580821e-04,3.708732e-02
