1.000000e+00,0.000000e+00,0.000000e+00,0.000000e+00,0.000000e+00,0.000000e+00,0.000000e+00,0.000000e+00,0.000000e+00,0.000000e+00,0.000000e+00,0.000000e+00,0.000000e+00,0.000000e+00,0.000000e+00
1.000000e+00,0.000000e+00,0.000000e+00,0.000000e+00,0.000000e+00,0.000000e+00,0.000000e+00,0.000000e+00,0.000000e+00,0.000000e+00,0.000000e+00,0.000000e+00,0.000000e+00,0.000000e+00,0.000000e+00
1.000000e+00,0.000000e+00,0.000000e+00,0.000000e+00,0.000000e+00,0.000000e+00,0.000000e+00,0.000000e+00,0.000000e+00,0.000000e+00,0.000000e+00,0.000000e+00,0.000000e+00,0.000000e+00,0.000000e+00
1.000000e+00,0.000000e+00,0.000000e+00,0.000000e+00,0.000000e+00,0.000000e+00,0.000000e+00,0.000000e+00,0.000000e+00,0.000000e+00,0.000000e+00,0.000000e+00,0.000000e+00,0.000000e+00,0.000000e+00
1.000000e+00,0.000000e+00,0.000000e+00,0.000000e+00,0.000000e+00,0.000000e+00,0.000000e+00,0.000000e+00,0.000000e+00,0.000000e+00,0.000000e+00,0.000000e+00,0.000000e+00,0.000000e+00,0.000000e+00
1.000000e+00,0.000000e+00,0.000000e+00,0.000000e+00,0.000000e+00,0.000000e+00,0.000000e+00,0.000000e+00,0.000000e+00,0.000000e+00,0.000000e+00,0.000000e+00,0.000000e+00,0.000000e+00,0.000000e+00
1.000000e+00,0.000000e+00,0.000000e+00,0.000000e+00,0.000000e+00,0.000000e+00,0.000000e+00,0.000000e+00,0.000000e+00,0.000000e+00,0.000000e+00,0.000000e+00,0.000000e+00,0.000000e+00,0.000000e+00
1.000000e+00,0.000000e+00,0.000000e+00,0.000000e+00,0.000000e+00,0.000000e+00,0.000000e+00,0.000000e+00,0.000000e+00,0.000000e+00,0.000000e+00,0.000000e+00,0.000000e+00,0.000000e+00,0.000000e+00
1.000000e+00,0.000000e+00,0.000000e+00,0.000000e+00,0.000000e+00,0.000000e+00,0.000000e+00,0.000000e+00,0.000000e+00,0.000000e+00,0.000000e+00,0.000000e+00,0.000000e+00,0.000000e+00,0.000000e+00
1.000000e+00,0.000000e+00,0.000000e+00,0.000000e+00,0.000000e+00,0.000000e+00,0.000000e+00,0.000000e+00,0.000000e+00,0.000000e+00,0.000000e+00,0.000000e+00,0.000000e+00,0.000000e+00,0.000000e+00
1.000000e+00,0.000000e+00,0.000000e+00,0.000000e+00,0.000000e+00,0.000000e+00,0.000000e+00,0.000000e+00,0.000000e+00,0.000000e+00,0.000000e+00,0.000000e+00,0.000000e+00,0.000000e+00,0.000000e+00
1.000000e+00,0.000000e+00,0.000000e+00,0.000000e+00,0.000000e+00,0.000000e+00,0.000000e+00,0.000000e+00,0.000000e+00,0.000000e+00,0.000000e+00,0.000000e+00,0.000000e+00,0.000000e+00,0.000000e+00
1.000000e+00,0.000000e+00,0.000000e+00,0.000000e+00,0.000000e+00,0.000000e+00,0.000000e+00,0.000000e+00,0.000000e+00,0.000000e+00,0.000000e+00,0.000000e+00,0.000000e+00,0.000000e+00,0.000000e+00
1.000000e+00,0.000000e+00,0.000000e+00,0.000000e+00,0.000000e+00,0.000000e+00,0.000000e+00,0.000000e+00,0.000000e+00,0.000000e+00,0.000000e+00,0.000000e+00,0.000000e+00,0.000000e+00,0.000000e+00
1.000000e+00,0.000000e+00,0.000000e+00,0.000000e+00,0.000000e+00,0.000000e+00,0.000000e+00,0.000000e+00,0.000000e+00,0.000000e+00,0.000000e+00,0.000000e+00,0.000000e+00,0.000000e+00,0.000000e+00
1.000000e+00,0.000000e+00,0.000000e+00,0.000000e+00,0.000000e+00,0.000000e+00,0.000000e+00,0.000000e+00,0.000000e+00,0.000000e+00,0.000000e+00,0.000000e+00,0.000000e+00,0.000000e+00,0.000000e+00
1.000000e+00,0.000000e+00,0.000000e+00,0.000000e+00,0.000000e+00,0.000000e+00,0.000000e+00,0.000000e+00,0.000000e+00,0.000000e+00,0.000000e+00,0.000000e+00,0.000000e+00,0.000000e+00,0.000000e+00
1.000000e+00,0.000000e+00,0.000000e+00,0.000000e+00,0.000000e+00,0.000000e+00,0.000000e+00,0.000000e+00,0.000000e+00,0.000000e+00,0.000000e+00,0.000000e+00,0.000000e+00,0.000000e+00,0.000000e+00
1.000000e+00,0.000000e+00,0.000000e+00,0.000000e+00,0.000000e+00,0.000000e+00,0.000000e+00,0.000000e+00,0.000000e+00,0.000000e+00,0.000000e+00,0.000000e+00,0.000000e+00,0.000000e+00,0.000000e+00
1.000000e+00,0.000000e+00,0.000000e+00,0.000000e+00,0.000000e+00,0.000000e+00,0.000000e+00,0.000000e+00,0.000000e+00,0.000000e+00,0.000000e+00,0.000000e+00,0.000000e+00,0.000000e+00,0.000000e+00
1.000000e+00,0.000000e+00,0.000000e+00,0.000000e+00,0.000000e+00,0.000000e+00,0.000000e+00,0.000000e+00,0.000000e+00,0.000000e+00,0.000000e+00,0.000000e+00,0.000000e+00,0.000000e+00,0.000000e+00
1.000000e+00,0.000000e+00,0.000000e+00,0.000000e+00,0.000000e+00,0.000000e+00,0.000000e+00,0.000000e+00,0.000000e+00,0.000000e+00,0.000000e+00,0.000000e+00,0.000000e+00,0.000000e+00,0.000000e+00
1.000000e+00,0.000000e+00,0.000000e+00,0.000000e+00,0.000000e+00,0.000000e+00,0.000000e+00,0.000000e+00,0.000000e+00,0.000000e+00,0.000000e+00,0.000000e+00,0.000000e+00,0.000000e+00,0.000000e+00
1.000000e+00,0.000000e+00,0.000000e+00,0.000000e+00,0.000000e+00,0.000000e+00,0.000000e+00,0.000000e+00,0.000000e+00,0.000000e+00,0.000000e+00,0.000000e+00,0.000000e+00,0.000000e+00,0.000000e+00
1.000000e+00,0.000000e+00,0.000000e+00,0.000000e+00,0.000000e+00,0.000000e+00,0.000000e+00,0.000000e+00,0.000000e+00,0.000000e+00,0.000000e+00,0.000000e+00,0.000000e+00,0.000000e+00,0.000000e+00
1.000000e+00,0.000000e+00,0.000000e+00,0.000000e+00,0.000000e+00,0.000000e+00,0.000000e+00,0.000000e+00,0.000000e+00,0.000000e+00,0.000000e+00,0.000000e+00,0.000000e+00,0.000000e+00,0.000000e+00
1.000000e+00,0.000000e+00,0.000000e+00,0.000000e+00,0.000000e+00,0.000000e+00,0.000000e+00,0.000000e+00,0.000000e+00,0.000000e+00,0.000000e+00,0.000000e+00,0.000000e+00,0.000000e+00,0.000000e+00
1.000000e+00,0.000000e+00,0.000000e+00,0.000000e+00,0.000000e+00,0.000000e+00,0.000000e+00,0.000000e+00,0.000000e+00,0.000000e+00,0.000000e+00,0.000000e+00,0.000000e+00,0.000000e+00,0.000000e+00
1.000000e+00,0.000000e+00,0.000000e+00,0.000000e+00,0.000000e+00,0.000000e+00,0.000000e+00,0.000000e+00,0.000000e+00,0.000000e+00,0.000000e+00,0.000000e+00,0.000000e+00,0.000000e+00,0.000000e+00
1.000000e+00,0.000000e+00,0.000000e+00,0.000000e+00,0.000000e+00,0.000000e+00,0.000000e+00,0.000000e+00,0.000000e+00,0.000000e+00,0.000000e+00,0.000000e+00,0.000000e+00,0.000000e+00,0.000000e+00
1.000000e+00,0.000000e+00,0.000000e+00,0.000000e+00,0.000000e+00,0.000000e+00,0.000000e+00,0.000000e+00,0.000000e+00,0.000000e+00,0.000000e+00,0.000000e+00,0.000000e+00,0.000000e+00,0.000000e+00
1.000000e+00,0.000000e+00,0.000000e+00,0.000000e+00,0.000000e+00,0.000000e+00,0.000000e+00,0.000000e+00,0.000000e+00,0.000000e+00,0.000000e+00,0.000000e+00,0.000000e+00,0.000000e+00,0.000000e+00
1.000000e+00,0.000000e+00,0.000000e+00,0.000000e+00,0.000000e+00,0.000000e+00,0.000000e+00,0.000000e+00,0.000000e+00,0.000000e+00,0.000000e+00,0.000000e+00,0.000000e+00,0.000000e+00,0.000000e+00
1.000000e+00,0.000000e+00,0.000000e+00,0.000000e+00,0.000000e+00,0.000000e+00,0.000000e+00,0.000000e+00,0.000000e+00,0.000000e+00,0.000000e+00,0.000000e+00,0.000000e+00,0.000000e+00,0.000000e+00
1.000000e+00,0.000000e+00,0.000000e+00,0.000000e+00,0.000000e+00,0.000000e+00,0.000000e+00,0.000000e+00,0.000000e+00,0.000000e+00,0.000000e+00,0.000000e+00,0.000000e+00,0.000000e+00,0.000000e+00
1.000000e+00,0.000000e+00,0.000000e+00,0.000000e+00,0.000000e+00,0.000000e+00,0.000000e+00,0.000000e+00,0.000000e+00,0.000000e+00,0.000000e+00,0.000000e+00,0.000000e+00,0.000000e+00,0.000000e+00
1.000000e+00,0.000000e+00,0.000000e+00,0.000000e+00,0.000000e+00,0.000000e+00,0.000000e+00,0.000000e+00,0.000000e+00,0.000000e+00,0.000000e+00,0.000000e+00,0.000000e+00,0.000000e+00,0.000000e+00
1.000000e+00,0.000000e+00,0.000000e+00,0.000000e+00,0.000000e+00,0.000000e+00,0.000000e+00,0.000000e+00,0.000000e+00,0.000000e+00,0.000000e+00,0.000000e+00,0.000000e+00,0.000000e+00,0.000000e+00
1.000000e+00,0.000000e+00,0.000000e+00,0.000000e+00,0.000000e+00,0.000000e+00,0.000000e+00,0.000000e+00,0.000000e+00,0.000000e+00,0.000000e+00,0.000000e+00,0.000000e+00,0.000000e+00,0.000000e+00
1.000000e+00,0.000000e+00,0.000000e+00,0.000000e+00,0.000000e+00,0.000000e+00,0.000000e+00,0.000000e+00,0.000000e+00,0.000000e+00,0.000000e+00,0.000000e+00,0.000000e+00,0.000000e+00,0.000000e+00
1.000000e+00,0.000000e+00,0.000000e+00,0.000000e+00,0.000000e+00,0.000000e+00,0.000000e+00,0.000000e+00,0.000000e+00,0.000000e+00,0.000000e+00,0.000000e+00,0.000000e+00,0.000000e+00,0.000000e+00
1.000000e+00,0.000000e+00,0.000000e+00,0.000000e+00,0.000000e+00,0.000000e+00,0.000000e+00,0.000000e+00,0.000000e+00,0.000000e+00,0.000000e+00,0.000000e+00,0.000000e+00,0.000000e+00,0.000000e+00
1.000000e+00,0.000000e+00,0.000000e+00,0.000000e+00,0.000000e+00,0.000000e+00,0.000000e+00,0.000000e+00,0.000000e+00,0.000000e+00,0.000000e+00,0.000000e+00,0.000000e+00,0.000000e+00,0.000000e+00
1.000000e+00,0.000000e+00,0.000000e+00,0.000000e+00,0.000000e+00,0.000000e+00,0.000000e+00,0.000000e+00,0.000000e+00,0.000000e+00,0.000000e+00,0.000000e+00,0.000000e+00,0.000000e+00,0.000000e+00
1.000000e+00,0.000000e+00,0.000000e+00,0.000000e+00,0.000000e+00,0.000000e+00,0.000000e+00,0.000000e+00,0.000000e+00,0.000000e+00,0.000000e+00,0.000000e+00,0.000000e+00,0.000000e+00,0.000000e+00
1.000000e+00,0.000000e+00,0.000000e+00,0.000000e+00,0.000000e+00,0.000000e+00,0.000000e+00,0.000000e+00,0.000000e+00,0.000000e+00,0.000000e+00,0.000000e+00,0.000000e+00,0.000000e+00,0.000000e+00
1.000000e+00,0.000000e+00,0.000000e+00,0.000000e+00,0.000000e+00,0.000000e+00,0.000000e+00,0.000000e+00,0.000000e+00,0.000000e+00,0.000000e+00,0.000000e+00,0.000000e+00,0.000000e+00,0.000000e+00
1.000000e+00,0.000000e+00,0.000000e+00,0.000000e+00,0.000000e+00,0.000000e+00,0.000000e+00,0.000000e+00,0.000000e+00,0.000000e+00,0.000000e+00,0.000000e+00,0.000000e+00,0.000000e+00,0.000000e+00
1.000000e+00,0.000000e+00,0.000000e+00,0.000000e+00,0.000000e+00,0.000000e+00,0.000000e+00,0.000000e+00,0.000000e+00,0.000000e+00,0.000000e+00,0.000000e+00,0.000000e+00,0.000000e+00,0.000000e+00
4.677158e-01,1.279346e-02,2.355576e-02,2.196326e-02,8.043216e-03,3.984988e-02,2.654427e-01,2.344168e-02,4.199923e-03,2.097633e-03,4.631895e-02,4.827143e-02,1.718523e-02,3.985131e-03,1.513592e-02
4.697082e-01,1.141812e-02,3.134305e-02,1.823971e-02,7.898239e-03,3.772014e-02,2.398228e-01,7.304303e-02,3.936371e-03,2.123197e-03,3.500320e-02,3.844970e-02,1.395978e-02,4.148727e-03,1.318566e-02
4.317939e-01,9.188117e-03,5.379232e-02,1.650156e-02,7.271681e-03,3.071702e-02,2.010340e-01,1.646879e-01,3.261113e-03,1.840005e-03,2.555266e-02,2.925492e-02,1.093582e-02,3.502071e-03,1.066693e-02
4.246243e-01,7.539579e-03,5.683092e-02,1.358624e-02,6.489726e-03,2.656106e-02,1.756588e-01,2.231025e-01,2.759961e-03,1.518683e-03,1.858569e-02,2.183194e-02,8.841926e-03,3.318675e-03,8.749985e-03
4.663899e-01,6.829130e-03,5.208290e-02,1.132210e-02,5.886563e-03,2.537804e-02,1.561739e-01,2.204195e-01,2.554512e-03,1.442729e-03,1.396417e-02,1.756649e-02,7.867885e-03,3.663650e-03,8.458493e-03
1.000000e+00,0.000000e+00,0.000000e+00,0.000000e+00,0.000000e+00,0.000000e+00,0.000000e+00,0.000000e+00,0.000000e+00,0.000000e+00,0.000000e+00,0.000000e+00,0.000000e+00,0.000000e+00,0.000000e+00
1.000000e+00,0.000000e+00,0.000000e+00,0.000000e+00,0.000000e+00,0.000000e+00,0.000000e+00,0.000000e+00,0.000000e+00,0.000000e+00,0.000000e+00,0.000000e+00,0.000000e+00,0.000000e+00,0.000000e+00
1.000000e+00,0.000000e+00,0.000000e+00,0.000000e+00,0.000000e+00,0.000000e+00,0.000000e+00,0.000000e+00,0.000000e+00,0.000000e+00,0.000000e+00,0.000000e+00,0.000000e+00,0.000000e+00,0.000000e+00
1.000000e+00,0.000000e+00,0.000000e+00,0.000000e+00,0.000000e+00,0.000000e+00,0.000000e+00,0.000000e+00,0.000000e+00,0.000000e+00,0.000000e+00,0.000000e+00,0.000000e+00,0.000000e+00,0.000000e+00
3.752533e-01,5.545417e-03,4.133466e-02,1.326011e-02,7.399856e-03,1.586572e-02,6.952793e-02,3.261737e-01,4.805518e-03,1.356211e-02,4.491134e-02,1.630683e-02,1.396259e-02,3.799127e-02,1.409970e-02
2.629346e-01,3.997162e-03,2.944389e-02,1.276043e-02,5.425545e-03,1.137371e-02,5.082844e-02,2.627697e-01,3.688730e-03,1.184473e-02,2.207109e-01,1.467927e-02,1.023175e-02,8.903514e-02,1.027594e-02
1.841451e-01,2.843826e-03,2.065225e-02,9.273605e-03,3.841564e-03,8.040781e-03,3.571136e-02,1.872577e-01,2.689052e-03,8.811930e-03,4.111434e-01,1.298337e-02,7.265620e-03,9.811565e-02,7.224788e-03
1.290798e-01,2.039556e-03,1.457378e-02,7.093059e-03,2.767323e-03,5.823411e-03,2.520203e-02,1.353371e-01,2.009236e-03,6.580867e-03,4.590811e-01,1.473249e-02,5.185760e-03,1.854146e-01,5.079895e-03
9.067169e-02,1.477211e-03,1.040573e-02,5.332309e-03,2.440037e-03,4.833697e-03,1.792207e-02,9.625664e-02,1.658317e-03,4.933707e-03,4.738108e-01,1.378746e-02,3.721801e-03,2.691605e-01,3.588053e-03
6.363413e-02,1.054049e-03,7.378723e-03,3.986893e-03,2.027103e-03,3.742598e-03,1.270660e-02,6.838568e-02,1.245283e-03,3.566039e-03,4.358435e-01,1.100987e-02,2.636997e-03,3.802520e-01,2.530484e-03
4.465494e-02,7.632053e-04,5.268671e-03,2.962306e-03,1.876103e-03,3.586914e-03,8.965055e-03,4.812219e-02,9.261764e-04,2.628994e-03,4.219947e-01,8.850084e-03,1.889001e-03,4.457078e-01,1.803837e-03
3.135299e-02,5.650907e-04,3.766873e-03,2.251911e-03,2.016312e-03,4.147751e-03,6.338321e-03,3.381450e-02,7.751881e-04,2.084522e-03,3.899911e-01,8.384046e-03,1.502469e-03,5.116626e-01,1.346315e-03
2.210426e-02,6.297907e-04,2.879114e-03,1.724738e-03,3.524317e-03,4.593404e-03,4.521050e-03,2.375750e-02,1.016780e-03,1.927982e-03,4.012373e-01,8.983578e-03,1.313203e-03,5.206212e-01,1.165732e-03
1.562426e-02,1.107568e-03,3.371098e-03,1.297072e-03,7.120107e-03,4.683874e-03,3.253021e-03,1.667250e-02,1.700095e-03,2.795223e-03,3.845494e-01,1.099037e-02,1.531508e-03,5.441737e-01,1.130230e-03
1.102955e-02,1.846383e-03,4.080029e-03,1.229409e-03,1.621698e-02,4.026107e-03,2.488293e-03,1.171669e-02,4.092669e-03,4.248465e-03,4.034274e-01,1.166843e-02,1.258732e-03,5.208244e-01,1.846423e-03
8.068497e-03,3.393535e-03,4.101759e-02,1.179031e-03,2.488448e-02,6.369650e-03,1.962970e-03,8.499337e-03,7.092584e-03,1.176300e-02,3.718570e-01,1.188461e-02,1.622695e-03,4.982097e-01,2.195418e-03
6.299176e-03,2.981413e-03,2.955861e-02,1.014130e-03,2.403406e-02,8.102093e-03,1.405630e-03,5.991993e-03,6.494791e-03,1.665959e-02,3.823575e-01,1.188859e-02,2.454483e-03,4.985996e-01,2.158327e-03
5.468079e-03,4.451178e-03,2.350198e-02,9.036732e-04,4.073416e-02,1.062025e-02,1.034249e-03,4.511122e-03,8.035780e-03,4.581954e-02,3.520714e-01,1.145602e-02,3.754126e-03,4.853516e-01,2.286769e-03
4.440312e-03,3.685807e-03,1.704568e-02,6.979794e-04,3.287185e-02,1.004187e-02,7.585881e-04,3.232476e-03,8.151068e-03,6.555307e-02,4.399848e-01,1.101878e-02,3.540328e-03,3.971706e-01,1.806776e-03
4.476236e-03,6.532173e-03,1.379429e-02,5.674182e-04,3.569259e-02,1.036422e-02,5.724410e-04,2.384440e-03,1.348999e-02,7.357945e-02,4.198591e-01,1.063253e-02,3.926689e-03,4.022417e-01,1.886833e-03
4.178558e-03,7.155827e-03,1.321082e-02,6.124200e-04,2.765022e-02,4.108860e-02,4.569740e-04,2.106295e-03,1.629472e-02,6.056517e-02,4.342749e-01,1.113338e-02,3.981402e-03,3.757547e-01,1.536172e-03
6.885320e-03,1.177053e-02,1.725562e-02,1.090689e-03,2.169514e-02,1.222298e-01,5.311953e-04,5.801204e-03,5.426266e-02,5.639617e-02,3.635777e-01,9.075405e-03,4.011080e-03,3.231037e-01,2.313821e-03
7.566809e-03,1.590489e-02,1.583356e-02,9.715872e-04,1.827357e-02,1.371271e-01,5.229824e-04,4.624430e-03,6.870963e-02,5.765216e-02,3.482083e-01,8.344271e-03,3.654205e-03,3.066415e-01,5.964977e-03
7.685422e-03,2.273661e-02,1.268606e-02,4.951945e-03,1.487618e-02,2.768261e-01,4.555047e-04,9.067034e-03,1.113858e-01,4.621428e-02,2.529542e-01,6.635575e-03,3.319141e-03,2.246625e-01,5.543849e-03
7.445895e-03,2.477934e-02,1.038741e-02,4.430244e-03,1.292533e-02,4.006157e-01,5.476579e-04,7.855273e-03,1.278495e-01,3.794179e-02,1.856498e-01,5.296405e-03,2.689414e-03,1.642819e-01,7.304452e-03
7.392143e-03,2.022888e-02,7.937077e-03,9.355320e-03,1.413291e-02,4.750240e-01,6.276423e-04,1.660367e-02,1.597281e-01,2.846541e-02,1.318227e-01,4.009811e-03,2.171719e-03,1.159210e-01,6.579629e-03
1.762909e-02,1.832052e-02,8.884827e-03,1.753334e-02,4.431807e-02,4.966188e-01,1.246766e-03,1.695670e-02,1.615885e-01,2.120036e-02,9.659486e-02,3.227970e-03,2.383510e-03,8.310460e-02,1.039222e-02
2.819005e-02,1.732337e-02,9.273853e-03,5.576465e-02,7.135804e-02,4.232082e-01,1.366002e-03,4.396690e-02,1.671141e-01,1.841423e-02,7.043100e-02,2.789007e-03,2.724177e-03,5.939538e-02,2.868104e-02
2.974456e-02,1.746485e-02,7.449438e-03,5.655704e-02,7.732105e-02,3.382081e-01,1.223177e-03,7.025072e-02,2.377284e-01,1.847423e-02,5.391055e-02,2.333971e-03,2.890427e-03,4.312639e-02,4.331712e-02
3.025381e-02,1.590272e-02,5.551288e-03,5.533549e-02,6.988993e-02,2.471282e-01,1.030794e-03,5.061018e-02,3.806508e-01,1.676742e-02,4.530022e-02,3.345422e-03,9.637629e-03,3.098395e-02,3.761209e-02
2.581936e-02,1.505596e-02,4.763166e-03,8.560266e-02,1.032734e-01,1.860082e-01,1.166827e-03,3.580156e-02,3.064327e-01,1.366127e-02,1.375051e-01,1.611688e-02,1.583520e-02,2.310196e-02,2.985574e-02
2.329886e-02,1.420646e-02,3.820757e-03,6.917194e-02,9.047414e-02,1.733941e-01,8.814108e-04,2.545463e-02,2.486599e-01,1.196513e-02,2.515909e-01,1.608381e-02,1.610444e-02,3.281384e-02,2.207959e-02
1.713865e-02,1.067342e-02,3.009255e-03,5.026444e-02,6.767093e-02,1.230017e-01,6.479812e-04,1.798318e-02,1.837813e-01,9.074540e-03,4.372185e-01,1.367205e-02,1.235905e-02,3.759296e-02,1.591201e-02
1.357390e-02,8.299303e-03,2.555049e-03,3.628780e-02,5.625609e-02,8.780690e-02,4.954683e-04,1.278645e-02,1.329617e-01,7.695261e-03,5.634924e-01,1.176150e-02,9.513709e-03,4.490049e-02,1.161396e-02
1.024372e-02,6.231776e-03,1.996285e-03,2.602175e-02,4.455175e-02,6.279271e-02,3.637709e-04,9.027038e-03,9.629512e-02,6.315513e-03,6.570816e-01,1.124176e-02,7.467708e-03,5.196080e-02,8.408652e-03
7.890594e-03,4.914836e-03,1.507178e-03,1.843744e-02,3.157488e-02,4.526150e-02,2.633813e-04,6.361272e-03,7.131896e-02,5.641987e-03,7.083188e-01,1.001762e-02,5.782009e-03,7.670122e-02,6.008305e-03
7.213485e-03,4.103489e-03,1.703996e-03,1.322782e-02,2.494228e-02,3.589482e-02,2.473375e-04,4.764206e-03,5.040290e-02,6.241006e-03,7.403146e-01,8.111484e-03,4.427911e-03,9.379740e-02,4.607320e-03
5.977975e-03,5.746493e-03,6.643319e-03,9.797778e-03,3.296233e-02,2.561410e-02,3.681394e-04,4.031125e-03,3.633455e-02,6.752173e-03,7.519016e-01,6.500182e-03,3.554443e-03,9.889738e-02,4.918358e-03
4.773693e-03,4.428574e-03,1.874308e-02,7.087291e-03,5.894969e-02,1.847434e-02,4.195895e-04,3.592399e-03,2.783894e-02,7.239203e-03,7.353615e-01,6.011987e-03,2.958778e-03,1.003666e-01,3.754323e-03
4.018128e-03,7.507334e-03,1.686849e-02,5.042122e-03,8.645825e-02,1.344423e-02,4.007937e-04,2.713823e-03,2.090286e-02,7.184388e-03,7.236041e-01,6.773605e-03,2.407504e-03,9.987576e-02,2.798530e-03
3.311105e-03,6.412691e-03,1.688315e-02,3.707935e-03,8.926059e-02,1.007376e-02,3.808754e-04,2.568776e-03,1.610281e-02,9.810911e-03,7.282048e-01,7.260997e-03,2.148282e-03,1.017031e-01,2.170165e-03
2.651724e-03,4.892159e-03,1.245747e-02,2.663206e-03,7.063370e-02,8.453490e-03,3.081208e-04,2.172553e-03,1.249909e-02,1.022571e-02,7.631776e-01,9.446856e-03,2.465871e-03,9.636172e-02,1.590680e-03
3.454695e-03,4.853366e-03,1.417416e-02,2.051375e-03,5.354189e-02,2.111407e-02,4.859817e-04,4.027031e-03,1.008168e-02,2.003280e-02,7.551003e-01,1.082470e-02,2.952161e-03,9.604774e-02,1.258060e-03
7.019633e-03,4.281596e-03,4.183217e-02,2.331048e-03,3.935094e-02,3.310430e-02,1.052170e-03,2.366528e-02,1.070024e-02,2.157588e-02,7.039796e-01,1.002006e-02,3.132208e-03,9.688076e-02,1.074201e-03
1.537515e-02,1.032183e-02,4.060963e-02,2.379291e-03,4.012767e-02,3.303357e-02,1.999643e-03,2.737183e-02,3.262364e-02,2.170802e-02,6.731840e-01,7.668246e-03,2.998503e-03,8.942287e-02,1.176138e-03
2.019962e-02,4.072147e-02,4.040344e-02,2.367497e-03,3.009198e-02,7.732018e-02,1.552721e-03,2.515089e-02,1.229764e-01,1.939897e-02,5.405769e-01,6.056312e-03,2.575123e-03,6.918019e-02,1.428358e-03
1.821905e-02,7.552320e-02,3.245240e-02,5.775967e-03,2.472907e-02,1.144477e-01,1.098442e-03,2.038316e-02,2.483359e-01,1.574719e-02,3.848802e-01,4.335104e-03,1.948275e-03,4.974298e-02,2.381447e-03
1.731261e-02,8.244301e-02,4.573660e-02,1.447434e-02,2.944967e-02,1.224679e-01,8.081779e-04,3.166698e-02,3.258921e-01,1.337320e-02,2.729844e-01,3.088526e-03,1.490530e-03,3.565886e-02,3.153161e-03
2.530380e-02,9.349672e-02,4.284907e-02,1.393629e-02,3.496029e-02,1.809073e-01,6.290370e-04,2.878524e-02,3.317865e-01,1.133134e-02,2.002169e-01,2.273827e-03,1.162439e-03,2.730272e-02,5.058528e-03
2.971893e-02,1.145066e-01,3.853342e-02,1.563383e-02,3.780253e-02,2.116570e-01,5.076477e-04,2.634454e-02,3.324819e-01,1.207378e-02,1.422219e-01,1.704626e-03,9.216353e-04,1.973091e-02,1.616078e-02
2.373485e-02,1.011526e-01,3.264572e-02,1.509057e-01,2.770554e-02,1.558152e-01,3.683280e-04,2.514514e-02,2.587294e-01,1.057714e-02,1.047636e-01,1.361038e-03,7.738236e-04,1.392222e-02,9.239971e-02
2.836792e-02,1.105042e-01,2.923583e-02,1.429695e-01,2.470650e-02,2.009163e-01,2.938910e-04,7.733943e-02,2.083781e-01,8.106111e-03,8.547396e-02,1.227133e-03,7.359820e-04,1.047917e-02,7.126606e-02
3.419672e-02,9.534235e-02,2.264061e-02,1.157458e-01,2.229636e-02,3.018658e-01,2.388268e-04,8.333707e-02,1.774894e-01,6.311337e-03,7.459964e-02,1.707856e-03,8.009580e-04,8.013285e-03,5.541408e-02
3.760178e-02,8.450411e-02,1.653262e-02,8.594586e-02,1.915587e-02,3.879516e-01,2.400472e-04,8.768490e-02,1.539324e-01,5.658781e-03,6.782066e-02,1.911434e-03,1.157813e-03,6.261112e-03,4.364106e-02
5.165367e-02,8.695202e-02,1.292402e-02,7.892127e-02,1.692998e-02,3.811216e-01,2.598756e-04,7.916356e-02,1.467327e-01,6.897935e-03,7.766590e-02,5.692013e-03,3.691356e-03,6.688979e-03,4.470519e-02
5.577125e-02,7.901242e-02,1.077394e-02,7.646780e-02,1.455955e-02,3.294638e-01,5.736483e-04,7.919505e-02,1.744220e-01,8.730914e-03,8.301824e-02,1.225566e-02,1.253252e-02,6.396919e-03,5.682633e-02
6.192181e-02,6.576100e-02,1.230083e-02,9.249306e-02,1.638673e-02,2.875629e-01,1.091357e-03,1.110334e-01,1.628255e-01,8.455290e-03,8.056267e-02,2.699097e-02,1.780782e-02,6.799445e-03,4.800737e-02
6.130261e-02,5.479414e-02,9.898577e-03,7.370353e-02,1.493383e-02,2.188905e-01,1.029307e-03,1.038849e-01,2.173185e-01,8.259797e-03,1.200041e-01,5.190768e-02,2.080774e-02,6.895757e-03,3.636922e-02
5.209580e-02,4.431644e-02,1.836216e-02,8.766679e-02,1.135141e-02,1.766599e-01,8.973198e-04,9.209737e-02,3.238923e-01,6.989875e-03,9.588179e-02,4.152790e-02,1.609110e-02,5.175258e-03,2.699460e-02
6.340993e-02,3.443897e-02,2.654363e-02,7.730797e-02,1.146985e-02,1.312937e-01,8.714141e-04,7.993960e-02,4.318594e-01,5.300122e-03,7.181468e-02,2.991611e-02,1.156850e-02,3.849716e-03,2.041645e-02
6.523210e-02,3.414246e-02,2.346537e-02,6.641352e-02,1.644478e-02,9.518319e-02,8.358734e-04,6.141526e-02,5.310416e-01,5.005317e-03,5.318175e-02,2.102461e-02,8.203835e-03,3.097050e-03,1.531330e-02
7.025086e-02,3.090142e-02,2.255423e-02,9.233119e-02,2.061814e-02,6.985058e-02,1.027207e-03,5.850105e-02,5.472748e-01,6.755096e-03,3.954855e-02,1.501824e-02,6.393373e-03,2.911792e-03,1.606349e-02
6.904402e-02,3.292448e-02,1.968468e-02,1.067239e-01,2.753048e-02,5.273074e-02,1.251465e-03,6.020056e-02,5.587986e-01,7.059379e-03,3.063936e-02,1.086950e-02,5.048352e-03,3.170285e-03,1.432425e-02
8.602117e-02,3.383444e-02,1.672174e-02,8.792117e-02,2.818674e-02,3.998000e-02,6.385655e-03,8.487501e-02,5.492723e-01,5.956574e-03,2.954843e-02,9.690658e-03,5.459395e-03,3.867167e-03,1.227957e-02
9.155484e-02,3.183367e-02,1.683930e-02,6.701782e-02,3.097202e-02,3.294892e-02,1.685480e-02,1.677948e-01,4.902895e-01,5.529547e-03,2.271449e-02,7.333017e-03,5.416926e-03,3.402467e-03,9.497906e-03
1.296428e-01,4.852547e-02,1.520329e-02,5.003303e-02,3.326420e-02,4.078171e-02,1.456734e-02,1.433393e-01,4.637007e-01,1.012201e-02,1.931873e-02,6.966608e-03,9.471671e-03,3.807399e-03,1.125574e-02
1.563033e-01,6.324332e-02,1.273844e-02,3.770055e-02,3.184926e-02,3.451831e-02,1.335941e-02,1.117840e-01,4.758071e-01,1.093524e-02,1.844126e-02,9.087009e-03,7.975120e-03,3.680027e-03,1.257766e-02
1.680322e-01,6.112384e-02,1.080394e-02,2.935471e-02,4.022451e-02,3.320414e-02,1.302978e-02,9.082768e-02,4.914380e-01,1.081038e-02,1.683304e-02,1.157274e-02,6.753854e-03,3.274263e-03,1.271703e-02
1.985864e-01,4.746001e-02,1.119087e-02,2.348406e-02,4.280293e-02,1.466522e-01,1.229094e-02,6.909753e-02,3.612113e-01,1.177330e-02,2.749415e-02,1.034068e-02,5.773482e-03,1.437953e-02,1.746263e-02
2.078310e-01,3.750237e-02,9.752139e-03,1.939307e-02,3.969379e-02,2.607478e-01,1.082294e-02,5.087285e-02,2.557114e-01,1.002197e-02,3.954304e-02,8.548230e-03,5.514595e-03,2.349354e-02,2.055130e-02
1.990878e-01,2.848652e-02,7.346130e-03,1.459267e-02,2.942980e-02,3.357257e-01,8.232138e-03,3.621533e-02,1.834953e-01,7.528609e-03,5.557659e-02,1.100027e-02,6.132384e-03,5.365621e-02,2.349469e-02
1.730425e-01,2.066104e-02,5.357770e-03,1.064238e-02,2.127320e-02,2.853763e-01,6.044835e-03,2.583712e-02,1.306149e-01,5.570826e-03,1.645789e-01,1.029695e-02,5.743460e-03,1.163980e-01,1.856184e-02
1.305991e-01,1.518545e-02,3.881864e-03,7.817021e-03,1.554902e-02,2.190510e-01,4.373081e-03,1.830445e-02,9.260011e-02,4.165945e-03,2.828359e-01,1.000901e-02,5.211366e-03,1.764085e-01,1.400819e-02
9.296988e-02,1.201353e-02,2.775845e-03,5.586745e-03,1.138096e-02,1.588303e-01,3.124506e-03,1.288916e-02,6.565182e-02,3.169164e-03,3.319908e-01,8.799464e-03,4.425442e-03,2.755700e-01,1.082240e-02
6.572175e-02,9.356649e-03,1.990676e-03,4.315656e-03,8.165034e-03,1.149456e-01,2.255621e-03,9.116774e-03,4.995340e-02,2.621299e-03,4.195943e-01,8.649135e-03,3.451575e-03,2.915329e-01,8.329559e-03
4.620790e-02,3.136808e-02,2.817152e-03,3.554662e-03,7.413457e-03,2.042726e-01,1.663027e-03,6.506620e-03,6.869482e-02,5.803258e-03,3.908112e-01,6.410027e-03,2.445278e-03,2.150600e-01,6.971955e-03
3.239807e-02,2.768773e-02,2.004372e-03,2.505215e-03,5.518513e-03,3.372556e-01,1.225882e-03,4.593812e-03,6.725691e-02,4.781439e-03,3.134953e-01,6.197868e-03,1.839926e-03,1.882748e-01,4.964423e-03
2.269163e-02,2.323238e-02,1.409606e-03,1.755339e-03,3.990144e-03,5.071736e-01,8.661727e-04,3.232301e-03,5.817560e-02,3.491940e-03,2.267173e-01,4.579565e-03,1.349410e-03,1.378395e-01,3.495450e-03
1.590027e-02,2.326467e-02,1.067233e-03,1.237031e-03,2.846977e-03,6.006987e-01,6.114104e-04,2.296207e-03,4.664370e-02,2.598238e-03,1.663993e-01,4.519187e-03,1.088486e-03,1.282874e-01,2.541115e-03
1.115544e-02,1.876814e-02,7.767315e-04,8.883165e-04,2.033442e-03,6.840878e-01,4.306227e-04,1.676751e-03,4.000966e-02,1.966171e-03,1.258385e-01,4.620126e-03,1.945788e-03,1.039551e-01,1.847409e-03
7.955118e-03,2.628618e-02,6.222482e-04,7.989191e-04,1.580839e-03,6.552637e-01,3.148047e-04,1.556071e-03,6.922109e-02,2.456853e-03,1.137174e-01,5.903287e-03,1.273327e-02,9.950627e-02,2.083963e-03
5.677370e-03,6.645484e-02,1.048935e-03,7.035133e-04,1.345772e-03,6.514313e-01,2.328943e-04,1.604491e-03,8.548413e-02,2.686029e-03,8.546041e-02,4.612757e-03,9.966961e-03,8.134258e-02,1.948043e-03
4.297323e-03,9.692298e-02,2.730905e-03,8.273728e-03,1.591522e-03,6.126106e-01,4.016051e-04,3.707295e-02,1.010327e-01,2.449384e-03,6.161806e-02,3.291498e-03,7.290303e-03,5.845996e-02,1.956444e-03
4.842303e-03,8.664525e-02,5.414647e-03,7.886992e-03,3.007791e-03,6.219016e-01,3.457964e-04,2.793424e-02,1.213226e-01,6.098227e-03,5.138417e-02,2.707780e-03,5.354171e-03,5.128235e-02,3.872012e-03
4.704107e-03,7.629048e-02,4.450086e-03,6.502089e-03,4.637398e-03,6.591628e-01,2.808983e-04,2.052864e-02,1.189925e-01,7.173232e-03,4.114101e-02,2.544880e-03,5.133221e-03,4.200541e-02,6.453265e-03
5.653793e-03,1.406297e-01,1.094318e-02,1.389868e-02,1.279947e-02,5.253080e-01,2.949325e-04,1.804455e-02,1.612281e-01,9.019215e-03,3.046401e-02,2.372242e-03,2.140655e-02,3.613751e-02,1.180013e-02
1.417810e-02,1.348454e-01,9.521749e-03,1.681669e-02,2.210760e-02,4.297504e-01,8.357277e-04,6.125312e-02,2.006649e-01,8.305645e-03,2.327990e-02,1.970564e-03,1.768434e-02,3.620240e-02,2.258345e-02
1.982640e-02,1.077636e-01,8.301115e-03,1.798674e-02,2.266233e-02,3.251448e-01,1.587544e-03,2.274400e-01,1.740296e-01,6.865313e-03,1.730236e-02,1.547528e-03,1.370278e-02,3.381941e-02,2.202049e-02
2.116971e-02,9.284632e-02,1.216228e-02,2.582420e-02,2.313811e-02,2.921386e-01,3.443791e-03,2.066654e-01,1.683483e-01,1.729682e-02,1.447468e-02,1.429374e-03,1.338367e-02,2.757538e-02,8.010332e-02
1.784392e-02,9.554746e-02,1.216547e-02,2.934159e-02,2.108720e-02,3.272198e-01,4.286144e-03,1.680864e-01,1.777485e-01,2.074808e-02,1.163509e-02,1.607704e-03,2.085900e-02,2.016664e-02,7.165691e-02
2.364526e-02,7.561672e-02,9.680719e-03,2.294715e-02,1.964743e-02,4.046128e-01,6.322460e-03,1.542839e-01,1.632745e-01,1.614171e-02,8.861512e-03,1.711463e-03,2.555641e-02,1.568674e-02,5.201127e-02
3.292762e-02,5.998132e-02,8.290078e-03,2.164896e-02,1.791114e-02,4.691719e-01,5.409087e-03,1.319986e-01,1.485659e-01,1.318146e-02,7.209404e-03,2.502011e-03,2.693576e-02,1.166424e-02,4.260254e-02
4.126845e-02,6.701988e-02,6.931201e-03,1.864730e-02,2.043993e-02,4.364742e-01,5.111174e-03,1.173161e-01,1.724939e-01,1.118209e-02,6.045209e-03,2.573970e-03,5.078217e-02,9.425085e-03,3.428932e-02
4.649597e-02,1.086825e-01,5.729995e-03,1.448112e-02,2.240122e-02,3.479819e-01,4.772269e-03,1.113524e-01,2.247087e-01,9.251115e-03,4.802200e-03,3.352216e-03,5.445827e-02,8.603353e-03,3.292675e-02
4.704442e-02,1.088784e-01,4.706888e-03,1.089758e-02,2.086695e-02,3.157705e-01,4.024196e-03,9.370356e-02,2.323226e-01,7.540317e-03,3.778556e-03,5.093813e-03,1.124175e-01,6.947513e-03,2.600709e-02
7.668009e-02,1.085724e-01,3.911118e-03,9.538426e-03,2.147255e-02,3.127444e-01,3.784808e-03,8.136129e-02,2.192944e-01,7.335817e-03,3.363635e-03,6.733658e-03,1.188645e-01,5.403631e-03,2.093926e-02
1.231569e-01,1.172620e-01,4.365680e-03,1.039817e-02,2.232843e-02,2.506108e-01,4.565608e-03,6.891702e-02,2.313524e-01,8.922303e-03,3.180346e-03,7.153830e-03,1.131261e-01,4.531881e-03,3.012857e-02
1.330322e-01,1.034277e-01,7.472195e-03,1.983361e-02,1.930115e-02,1.874812e-01,3.853335e-03,5.201242e-02,1.802040e-01,1.227359e-01,8.050672e-03,8.379253e-03,9.726153e-02,4.106120e-03,5.284875e-02
9.906353e-02,7.790594e-02,5.995704e-03,1.699178e-02,1.476229e-02,1.335208e-01,3.089163e-03,3.933597e-02,1.425294e-01,3.171600e-01,1.340777e-02,7.397998e-03,7.623132e-02,3.292408e-03,4.931595e-02
6.948475e-02,5.518667e-02,4.464284e-03,1.219215e-02,1.048098e-02,9.362296e-02,2.198378e-03,2.766171e-02,1.062292e-01,5.039014e-01,1.129233e-02,5.439020e-03,5.914396e-02,2.365112e-03,3.633721e-02
4.884823e-02,3.943964e-02,4.226468e-03,9.316931e-03,7.922933e-03,6.584686e-02,1.628494e-03,1.970974e-02,1.315461e-01,5.551243e-01,1.267990e-02,4.479082e-03,6.859863e-02,1.813096e-03,2.881958e-02
3.449287e-02,2.904083e-02,3.498536e-03,7.035129e-03,6.217138e-03,4.623718e-02,1.225327e-03,1.441667e-02,1.067769e-01,5.971053e-01,2.272855e-02,4.645072e-03,8.037665e-02,3.989777e-03,4.221404e-02
2.432238e-02,2.144869e-02,2.556169e-03,1.087512e-02,6.280724e-03,3.250276e-02,9.016357e-04,1.033511e-02,3.540877e-01,4.204506e-01,1.770845e-02,3.510242e-03,6.216997e-02,2.941648e-03,2.990879e-02
1.732471e-02,1.541043e-02,1.922992e-03,1.825642e-02,5.500369e-03,2.481371e-02,7.387807e-04,7.446537e-03,3.373116e-01,2.979992e-01,7.367866e-02,2.601691e-02,1.442833e-01,2.763150e-03,2.653316e-02
1.344982e-02,1.186180e-02,1.613559e-03,1.939384e-02,5.351293e-03,1.783897e-02,8.459594e-04,5.740203e-03,3.005635e-01,2.307186e-01,1.712677e-01,4.649429e-02,1.426944e-01,2.973201e-03,2.919304e-02
1.285117e-02,1.026941e-02,1.586751e-03,3.578732e-02,2.944434e-02,1.318596e-02,2.023962e-03,4.967315e-03,3.334737e-01,1.679868e-01,1.398955e-01,3.911411e-02,1.345728e-01,3.361556e-03,7.147918e-02
1.176347e-02,8.427334e-03,1.402038e-03,3.583634e-02,3.152153e-02,1.169818e-02,3.697583e-03,4.745681e-03,2.687498e-01,1.230396e-01,1.179406e-01,5.866307e-02,1.938595e-01,4.175738e-03,1.244794e-01
3.700748e-02,7.576678e-03,2.440697e-03,4.010505e-02,3.454968e-02,1.323425e-02,4.813624e-03,5.225069e-03,2.016677e-01,8.919412e-02,9.685595e-02,6.718699e-02,2.105131e-01,5.726911e-03,1.839027e-01
8.866986e-02,1.124230e-02,5.338219e-03,6.004113e-02,4.163342e-02,1.397883e-02,5.113839e-03,5.940023e-03,1.724637e-01,6.937005e-02,9.876378e-02,7.769001e-02,1.983691e-01,7.684910e-03,1.437009e-01
1.386478e-01,1.097489e-02,7.343232e-03,5.352553e-02,6.591985e-02,1.377725e-02,7.604944e-03,1.225378e-02,1.413241e-01,7.583152e-02,1.011209e-01,7.296477e-02,1.792684e-01,6.417889e-03,1.130252e-01
2.288983e-01,1.295450e-02,7.958405e-03,5.026026e-02,5.878294e-02,1.569165e-02,7.625052e-03,1.313554e-02,1.168988e-01,6.812182e-02,8.339634e-02,7.760446e-02,1.663851e-01,6.667815e-03,8.561894e-02
3.098481e-01,1.535197e-02,9.483952e-03,5.824647e-02,4.790002e-02,2.207679e-02,6.253107e-03,1.120002e-02,8.927559e-02,5.023635e-02,6.735959e-02,9.137750e-02,1.424264e-01,7.199699e-03,7.176450e-02
3.282481e-01,1.934198e-02,1.173609e-02,6.737003e-02,4.160883e-02,3.027661e-02,5.472633e-03,1.400245e-02,7.106794e-02,3.923183e-02,5.662072e-02,1.066254e-01,1.337876e-01,7.402575e-03,6.720719e-02
3.732913e-01,1.926751e-02,1.213040e-02,6.344686e-02,3.483900e-02,3.094354e-02,4.936324e-03,1.444312e-02,5.554938e-02,3.349298e-02,4.390862e-02,8.870321e-02,1.662452e-01,6.008266e-03,5.279437e-02
3.526818e-01,1.752440e-02,1.098608e-02,5.193841e-02,3.041671e-02,2.654949e-02,4.053485e-03,1.662517e-02,4.450839e-02,2.956924e-02,3.323653e-02,7.226411e-02,2.649101e-01,4.746752e-03,3.998922e-02
3.359878e-01,1.896782e-02,1.177809e-02,5.158340e-02,2.901102e-02,3.383382e-02,5.627037e-03,1.680782e-02,4.992117e-02,2.359438e-02,2.861377e-02,7.206870e-02,2.779644e-01,6.465041e-03,3.777573e-02
3.393551e-01,2.002364e-02,1.008500e-02,4.429868e-02,2.426782e-02,3.055941e-02,5.368348e-03,1.308357e-02,3.789878e-02,1.830441e-02,2.536397e-02,7.181557e-02,3.197839e-01,6.851996e-03,3.293978e-02
3.554564e-01,2.153527e-02,8.816784e-03,3.749106e-02,2.438375e-02,2.744822e-02,5.967916e-03,1.141539e-02,2.904405e-02,1.435757e-02,2.116007e-02,7.025100e-02,3.390234e-01,5.883638e-03,2.776555e-02
3.193371e-01,1.739110e-02,9.101506e-03,2.760227e-02,2.077640e-02,2.115453e-02,5.287004e-03,9.416989e-03,2.104809e-02,1.032353e-02,1.621234e-02,5.789887e-02,4.376612e-01,5.534267e-03,2.125483e-02
3.103051e-01,1.412445e-02,8.118919e-03,2.111315e-02,1.884698e-02,1.753948e-02,4.621016e-03,8.191175e-03,1.577192e-02,7.646884e-03,1.243596e-02,4.519052e-02,4.923398e-01,5.637519e-03,1.811709e-02
2.738532e-01,1.127432e-02,7.627898e-03,1.681170e-02,1.743218e-02,1.488967e-02,3.927657e-03,8.576119e-03,1.269704e-02,7.185065e-03,1.105417e-02,3.908780e-02,5.525314e-01,4.727367e-03,1.832435e-02
2.524264e-01,8.952342e-03,1.766963e-02,1.538804e-02,1.780304e-02,1.413463e-02,4.576012e-03,2.070774e-02,1.288901e-02,8.546052e-03,2.211073e-02,3.526401e-02,5.406210e-01,5.010274e-03,2.390108e-02
2.126767e-01,7.268960e-03,1.735096e-02,1.232712e-02,1.441062e-02,1.153709e-01,3.966128e-03,1.640204e-02,1.273888e-02,7.605827e-03,2.365369e-02,2.839794e-02,4.955151e-01,8.118711e-03,2.419642e-02
2.273034e-01,6.721170e-03,1.545125e-02,1.349825e-02,1.168987e-02,1.339505e-01,3.087542e-03,1.369926e-02,2.335441e-02,8.785477e-03,4.973692e-02,2.544402e-02,4.193522e-01,2.595606e-02,2.196965e-02
2.487023e-01,6.333654e-03,1.246469e-02,1.193331e-02,9.557174e-03,1.161885e-01,2.336029e-03,1.255099e-02,3.553642e-02,1.151564e-02,1.035070e-01,2.707673e-02,3.482493e-01,3.172275e-02,2.232544e-02
2.286389e-01,7.183967e-03,1.713394e-02,1.421796e-02,8.126321e-03,1.244785e-01,2.205862e-03,2.163748e-02,4.758084e-02,1.542109e-02,1.450903e-01,2.832998e-02,2.810356e-01,3.030149e-02,2.861783e-02
2.555233e-01,9.300124e-03,1.395894e-02,1.137764e-02,6.419369e-03,1.052131e-01,1.645159e-03,1.631054e-02,5.120045e-02,1.664240e-02,1.396196e-01,2.206125e-02,2.532292e-01,3.731868e-02,6.018027e-02
2.634776e-01,1.339106e-02,1.317996e-02,1.014169e-02,5.829086e-03,8.896367e-02,1.346194e-03,1.250563e-02,5.030013e-02,1.841995e-02,1.179479e-01,1.734629e-02,2.430412e-01,3.845435e-02,1.056554e-01
2.459365e-01,2.407232e-02,4.808466e-02,5.502843e-02,1.091704e-02,6.884861e-02,1.431095e-03,1.301873e-02,6.944150e-02,2.078028e-02,1.033635e-01,1.534491e-02,1.730467e-01,3.993714e-02,1.107485e-01
2.364358e-01,3.271332e-02,5.833246e-02,5.441396e-02,1.978329e-02,5.325292e-02,2.030252e-03,1.381127e-02,9.715872e-02,2.436142e-02,9.407209e-02,1.283359e-02,1.268060e-01,4.824661e-02,1.257484e-01
2.114123e-01,3.181421e-02,4.815562e-02,4.193171e-02,1.973674e-02,4.679884e-02,2.383489e-03,1.690840e-02,1.070806e-01,4.078635e-02,8.156626e-02,1.024132e-02,1.058303e-01,5.746950e-02,1.778843e-01
1.928057e-01,5.125768e-02,4.273340e-02,3.316247e-02,2.015463e-02,4.175114e-02,2.290908e-03,2.392566e-02,1.291217e-01,5.084249e-02,6.598268e-02,8.877969e-03,8.164495e-02,7.101236e-02,1.844363e-01
1.731236e-01,5.736684e-02,3.746960e-02,5.947169e-02,5.627982e-02,3.591986e-02,5.344825e-03,4.369501e-02,1.225952e-01,4.154088e-02,8.043505e-02,1.342885e-02,5.967448e-02,6.674651e-02,1.469078e-01
1.743852e-01,4.926770e-02,3.545864e-02,4.469471e-02,6.793696e-02,3.846652e-02,4.403824e-03,4.146037e-02,1.833850e-01,3.923215e-02,6.700381e-02,1.604466e-02,4.570593e-02,7.917342e-02,1.133810e-01
1.702162e-01,4.649772e-02,3.754570e-02,4.298451e-02,7.510938e-02,3.556985e-02,4.993341e-03,7.744082e-02,1.767990e-01,3.245347e-02,6.791033e-02,2.852673e-02,3.999418e-02,7.588987e-02,8.806884e-02
1.828628e-01,4.523670e-02,4.419164e-02,3.857161e-02,7.741407e-02,2.804336e-02,4.086884e-03,5.747455e-02,2.202823e-01,2.973817e-02,5.697597e-02,3.156713e-02,3.218909e-02,7.665173e-02,7.471400e-02
2.014300e-01,4.903818e-02,3.724313e-02,3.547804e-02,8.701712e-02,2.721410e-02,3.775951e-03,4.386767e-02,2.153030e-01,2.408785e-02,4.882412e-02,2.923141e-02,2.712100e-02,8.088937e-02,8.947906e-02
2.226042e-01,4.246225e-02,3.461228e-02,3.460328e-02,1.239246e-01,2.560997e-02,3.494980e-03,3.571276e-02,2.062543e-01,1.960079e-02,4.090427e-02,2.948172e-02,2.177293e-02,8.382076e-02,7.514084e-02
2.410447e-01,3.846952e-02,5.550613e-02,4.567131e-02,1.069157e-01,3.928693e-02,3.719497e-03,2.819400e-02,1.590944e-01,1.504048e-02,5.086021e-02,4.994991e-02,2.219590e-02,7.774162e-02,6.630968e-02
1.766776e-01,2.868660e-02,3.990507e-02,3.218754e-02,7.544842e-02,3.726819e-02,2.661199e-03,1.993078e-02,1.121155e-01,1.061867e-02,2.402546e-01,3.821033e-02,1.638497e-02,1.213453e-01,4.830523e-02
2.281156e-01,2.555110e-02,3.510094e-02,2.486545e-02,5.578917e-02,4.059385e-02,2.540865e-03,1.779516e-02,8.490297e-02,8.442497e-03,2.423382e-01,4.019163e-02,1.533944e-02,1.364549e-01,4.197833e-02
1.599772e-01,1.855146e-02,2.478124e-02,1.752755e-02,3.920348e-02,2.863475e-02,1.792515e-03,1.250652e-02,5.992937e-02,6.028796e-03,4.609177e-01,2.882509e-02,1.084534e-02,1.007126e-01,2.976633e-02
1.127945e-01,1.337502e-02,1.781158e-02,1.242056e-02,2.760230e-02,2.066853e-02,1.268777e-03,8.831015e-03,4.249879e-02,4.405573e-03,5.989581e-01,2.150681e-02,7.688395e-03,8.892082e-02,2.124920e-02
7.921153e-02,9.719723e-03,1.272324e-02,8.743164e-03,1.954488e-02,1.494874e-02,8.965156e-04,6.193715e-03,3.002591e-02,5.089366e-03,6.886454e-01,1.697404e-02,5.432189e-03,8.567303e-02,1.617859e-02
5.555359e-02,6.953434e-03,9.001984e-03,6.136922e-03,1.379419e-02,1.061989e-02,6.298416e-04,4.339593e-03,2.115111e-02,6.871085e-03,7.630262e-01,1.263957e-02,3.855522e-03,7.373461e-02,1.169241e-02
3.931442e-02,6.632238e-03,7.582844e-03,4.609642e-03,1.072171e-02,8.167503e-03,6.547783e-04,3.132121e-03,1.934353e-02,2.501934e-02,7.299659e-01,2.044787e-02,2.810166e-03,1.087012e-01,1.289676e-02
2.792844e-02,5.198623e-03,1.194455e-02,3.351833e-03,8.916129e-03,7.433163e-03,8.634265e-04,2.367035e-03,1.517181e-02,1.171990e-01,6.642445e-01,1.891088e-02,2.192012e-03,1.038414e-01,1.043715e-02
1.963167e-02,3.701119e-03,8.456715e-03,2.353954e-03,6.560262e-03,5.505573e-03,6.262220e-04,1.672222e-03,1.081861e-02,1.855126e-01,6.534838e-01,1.433882e-02,1.637707e-03,7.806678e-02,7.634018e-03
1.375443e-02,2.601196e-03,5.922652e-03,1.649412e-03,4.693436e-03,4.169354e-03,4.403759e-04,1.171298e-03,7.618424e-03,3.193438e-01,5.662386e-01,1.029892e-02,1.188556e-03,5.547968e-02,5.429952e-03
9.633883e-03,1.828236e-03,4.148194e-03,1.156324e-03,3.354910e-03,3.216339e-03,3.094779e-04,8.205281e-04,5.389993e-03,4.648294e-01,4.537023e-01,7.516355e-03,8.570791e-04,3.938578e-02,3.851218e-03
