1.000000e+00,0.000000e+00,0.000000e+00,0.000000e+00,0.000000e+00,0.000000e+00,0.000000e+00,0.000000e+00,0.000000e+00,0.000000e+00,0.000000e+00,0.000000e+00,0.000000e+00,0.000000e+00,0.000000e+00
1.000000e+00,0.000000e+00,0.000000e+00,0.000000e+00,0.000000e+00,0.000000e+00,0.000000e+00,0.000000e+00,0.000000e+00,0.000000e+00,0.000000e+00,0.000000e+00,0.000000e+00,0.000000e+00,0.000000e+00
1.000000e+00,0.000000e+00,0.000000e+00,0.000000e+00,0.000000e+00,0.000000e+00,0.000000e+00,0.000000e+00,0.000000e+00,0.000000e+00,0.000000e+00,0.000000e+00,0.000000e+00,0.000000e+00,0.000000e+00
1.000000e+00,0.000000e+00,0.000000e+00,0.000000e+00,0.000000e+00,0.000000e+00,0.000000e+00,0.000000e+00,0.000000e+00,0.000000e+00,0.000000e+00,0.000000e+00,0.000000e+00,0.000000e+00,0.000000e+00
1.000000e+00,0.000000e+00,0.000000e+00,0.000000e+00,0.000000e+00,0.000000e+00,0.000000e+00,0.000000e+00,0.000000e+00,0.000000e+00,0.000000e+00,0.000000e+00,0.000000e+00,0.000000e+00,0.000000e+00
1.000000e+00,0.000000e+00,0.000000e+00,0.000000e+00,0.000000e+00,0.000000e+00,0.000000e+00,0.000000e+00,0.000000e+00,0.000000e+00,0.000000e+00,0.000000e+00,0.000000e+00,0.000000e+00,0.000000e+00
1.000000e+00,0.000000e+00,0.000000e+00,0.000000e+00,0.000000e+00,0.000000e+00,0.000000e+00,0.000000e+00,0.000000e+00,0.000000e+00,0.000000e+00,0.000000e+00,0.000000e+00,0.000000e+00,0.000000e+00
1.000000e+00,0.000000e+00,0.000000e+00,0.000000e+00,0.000000e+00,0.000000e+00,0.000000e+00,0.000000e+00,0.000000e+00,0.000000e+00,0.000000e+00,0.000000e+00,0.000000e+00,0.000000e+00,0.000000e+00
1.000000e+00,0.000000e+00,0.000000e+00,0.000000e+00,0.000000e+00,0.000000e+00,0.000000e+00,0.000000e+00,0.000000e+00,0.000000e+00,0.000000e+00,0.000000e+00,0.000000e+00,0.000000e+00,0.000000e+00
1.000000e+00,0.000000e+00,0.000000e+00,0.000000e+00,0.000000e+00,0.000000e+00,0.000000e+00,0.000000e+00,0.000000e+00,0.000000e+00,0.000000e+00,0.000000e+00,0.000000e+00,0.000000e+00,0.000000e+00
1.000000e+00,0.000000e+00,0.000000e+00,0.000000e+00,0.000000e+00,0.000000e+00,0.000000e+00,0.000000e+00,0.000000e+00,0.000000e+00,0.000000e+00,0.000000e+00,0.000000e+00,0.000000e+00,0.000000e+00
1.000000e+00,0.000000e+00,0.000000e+00,0.000000e+00,0.000000e+00,0.000000e+00,0.000000e+00,0.000000e+00,0.000000e+00,0.000000e+00,0.000000e+00,0.000000e+00,0.000000e+00,0.000000e+00,0.000000e+00
1.000000e+00,0.000000e+00,0.000000e+00,0.000000e+00,0.000000e+00,0.000000e+00,0.000000e+00,0.000000e+00,0.000000e+00,0.000000e+00,0.000000e+00,0.000000e+00,0.000000e+00,0.000000e+00,0.000000e+00
1.000000e+00,0.000000e+00,0.000000e+00,0.000000e+00,0.000000e+00,0.000000e+00,0.000000e+00,0.000000e+00,0.000000e+00,0.000000e+00,0.000000e+00,0.000000e+00,0.000000e+00,0.000000e+00,0.000000e+00
1.000000e+00,0.000000e+00,0.000000e+00,0.000000e+00,0.000000e+00,0.000000e+00,0.000000e+00,0.000000e+00,0.000000e+00,0.000000e+00,0.000000e+00,0.000000e+00,0.000000e+00,0.000000e+00,0.000000e+00
1.000000e+00,0.000000e+00,0.000000e+00,0.000000e+00,0.000000e+00,0.000000e+00,0.000000e+00,0.000000e+00,0.000000e+00,0.000000e+00,0.000000e+00,0.000000e+00,0.000000e+00,0.000000e+00,0.000000e+00
1.000000e+00,0.000000e+00,0.000000e+00,0.000000e+00,0.000000e+00,0.000000e+00,0.000000e+00,0.000000e+00,0.000000e+00,0.000000e+00,0.000000e+00,0.000000e+00,0.000000e+00,0.000000e+00,0.000000e+00
1.000000e+00,0.000000e+00,0.000000e+00,0.000000e+00,0.000000e+00,0.000000e+00,0.000000e+00,0.000000e+00,0.000000e+00,0.000000e+00,0.000000e+00,0.000000e+00,0.000000e+00,0.000000e+00,0.000000e+00
1.000000e+00,0.000000e+00,0.000000e+00,0.000000e+00,0.000000e+00,0.000000e+00,0.000000e+00,0.000000e+00,0.000000e+00,0.000000e+00,0.000000e+00,0.000000e+00,0.000000e+00,0.000000e+00,0.000000e+00
1.000000e+00,0.000000e+00,0.000000e+00,0.000000e+00,0.000000e+00,0.000000e+00,0.000000e+00,0.000000e+00,0.000000e+00,0.000000e+00,0.000000e+00,0.000000e+00,0.000000e+00,0.000000e+00,0.000000e+00
1.000000e+00,0.000000e+00,0.000000e+00,0.000000e+00,0.000000e+00,0.000000e+00,0.000000e+00,0.000000e+00,0.000000e+00,0.000000e+00,0.000000e+00,0.000000e+00,0.000000e+00,0.000000e+00,0.000000e+00
1.000000e+00,0.000000e+00,0.000000e+00,0.000000e+00,0.000000e+00,0.000000e+00,0.000000e+00,0.000000e+00,0.000000e+00,0.000000e+00,0.000000e+00,0.000000e+00,0.000000e+00,0.000000e+00,0.000000e+00
1.000000e+00,0.000000e+00,0.000000e+00,0.000000e+00,0.000000e+00,0.000000e+00,0.000000e+00,0.000000e+00,0.000000e+00,0.000000e+00,0.000000e+00,0.000000e+00,0.000000e+00,0.000000e+00,0.000000e+00
1.000000e+00,0.000000e+00,0.000000e+00,0.000000e+00,0.000000e+00,0.000000e+00,0.000000e+00,0.000000e+00,0.000000e+00,0.000000e+00,0.000000e+00,0.000000e+00,0.000000e+00,0.000000e+00,0.000000e+00
1.000000e+00,0.000000e+00,0.000000e+00,0.000000e+00,0.000000e+00,0.000000e+00,0.000000e+00,0.000000e+00,0.000000e+00,0.000000e+00,0.000000e+00,0.000000e+00,0.000000e+00,0.000000e+00,0.000000e+00
1.000000e+00,0.000000e+00,0.000000e+00,0.000000e+00,0.000000e+00,0.000000e+00,0.000000e+00,0.000000e+00,0.000000e+00,0.000000e+00,0.000000e+00,0.000000e+00,0.000000e+00,0.000000e+00,0.000000e+00
1.000000e+00,0.000000e+00,0.000000e+00,0.000000e+00,0.000000e+00,0.000000e+00,0.000000e+00,0.000000e+00,0.000000e+00,0.000000e+00,0.000000e+00,0.000000e+00,0.000000e+00,0.000000e+00,0.000000e+00
1.000000e+00,0.000000e+00,0.000000e+00,0.000000e+00,0.000000e+00,0.000000e+00,0.000000e+00,0.000000e+00,0.000000e+00,0.000000e+00,0.000000e+00,0.000000e+00,0.000000e+00,0.000000e+00,0.000000e+00
1.000000e+00,0.000000e+00,0.000000e+00,0.000000e+00,0.000000e+00,0.000000e+00,0.000000e+00,0.000000e+00,0.000000e+00,0.000000e+00,0.000000e+00,0.000000e+00,0.000000e+00,0.000000e+00,0.000000e+00
1.000000e+00,0.000000e+00,0.000000e+00,0.000000e+00,0.000000e+00,0.000000e+00,0.000000e+00,0.000000e+00,0.000000e+00,0.000000e+00,0.000000e+00,0.000000e+00,0.000000e+00,0.000000e+00,0.000000e+00
1.000000e+00,0.000000e+00,0.000000e+00,0.000000e+00,0.000000e+00,0.000000e+00,0.000000e+00,0.000000e+00,0.000000e+00,0.000000e+00,0.000000e+00,0.000000e+00,0.000000e+00,0.000000e+00,0.000000e+00
1.000000e+00,0.000000e+00,0.000000e+00,0.000000e+00,0.000000e+00,0.000000e+00,0.000000e+00,0.000000e+00,0.000000e+00,0.000000e+00,0.000000e+00,0.000000e+00,0.000000e+00,0.000000e+00,0.000000e+00
1.000000e+00,0.000000e+00,0.000000e+00,0.000000e+00,0.000000e+00,0.000000e+00,0.000000e+00,0.000000e+00,0.000000e+00,0.000000e+00,0.000000e+00,0.000000e+00,0.000000e+00,0.000000e+00,0.000000e+00
1.000000e+00,0.000000e+00,0.000000e+00,0.000000e+00,0.000000e+00,0.000000e+00,0.000000e+00,0.000000e+00,0.000000e+00,0.000000e+00,0.000000e+00,0.000000e+00,0.000000e+00,0.000000e+00,0.000000e+00
1.000000e+00,0.000000e+00,0.000000e+00,0.000000e+00,0.000000e+00,0.000000e+00,0.000000e+00,0.000000e+00,0.000000e+00,0.000000e+00,0.000000e+00,0.000000e+00,0.000000e+00,0.000000e+00,0.000000e+00
1.000000e+00,0.000000e+00,0.000000e+00,0.000000e+00,0.000000e+00,0.000000e+00,0.000000e+00,0.000000e+00,0.000000e+00,0.000000e+00,0.000000e+00,0.000000e+00,0.000000e+00,0.000000e+00,0.000000e+00
1.000000e+00,0.000000e+00,0.000000e+00,0.000000e+00,0.000000e+00,0.000000e+00,0.000000e+00,0.000000e+00,0.000000e+00,0.000000e+00,0.000000e+00,0.000000e+00,0.000000e+00,0.000000e+00,0.000000e+00
1.000000e+00,0.000000e+00,0.000000e+00,0.000000e+00,0.000000e+00,0.000000e+00,0.000000e+00,0.000000e+00,0.000000e+00,0.000000e+00,0.000000e+00,0.000000e+00,0.000000e+00,0.000000e+00,0.000000e+00
1.000000e+00,0.000000e+00,0.000000e+00,0.000000e+00,0.000000e+00,0.000000e+00,0.000000e+00,0.000000e+00,0.000000e+00,0.000000e+00,0.000000e+00,0.000000e+00,0.000000e+00,0.000000e+00,0.000000e+00
1.000000e+00,0.000000e+00,0.000000e+00,0.000000e+00,0.000000e+00,0.000000e+00,0.000000e+00,0.000000e+00,0.000000e+00,0.000000e+00,0.000000e+00,0.000000e+00,0.000000e+00,0.000000e+00,0.000000e+00
1.000000e+00,0.000000e+00,0.000000e+00,0.000000e+00,0.000000e+00,0.000000e+00,0.000000e+00,0.000000e+00,0.000000e+00,0.000000e+00,0.000000e+00,0.000000e+00,0.000000e+00,0.000000e+00,0.000000e+00
1.000000e+00,0.000000e+00,0.000000e+00,0.000000e+00,0.000000e+00,0.000000e+00,0.000000e+00,0.000000e+00,0.000000e+00,0.000000e+00,0.000000e+00,0.000000e+00,0.000000e+00,0.000000e+00,0.000000e+00
1.000000e+00,0.000000e+00,0.000000e+00,0.000000e+00,0.000000e+00,0.000000e+00,0.000000e+00,0.000000e+00,0.000000e+00,0.000000e+00,0.000000e+00,0.000000e+00,0.000000e+00,0.000000e+00,0.000000e+00
1.000000e+00,0.000000e+00,0.000000e+00,0.000000e+00,0.000000e+00,0.000000e+00,0.000000e+00,0.000000e+00,0.000000e+00,0.000000e+00,0.000000e+00,0.000000e+00,0.000000e+00,0.000000e+00,0.000000e+00
1.000000e+00,0.000000e+00,0.000000e+00,0.000000e+00,0.000000e+00,0.000000e+00,0.000000e+00,0.000000e+00,0.000000e+00,0.000000e+00,0.000000e+00,0.000000e+00,0.000000e+00,0.000000e+00,0.000000e+00
1.000000e+00,0.000000e+00,0.000000e+00,0.000000e+00,0.000000e+00,0.000000e+00,0.000000e+00,0.000000e+00,0.000000e+00,0.000000e+00,0.000000e+00,0.000000e+00,0.000000e+00,0.000000e+00,0.000000e+00
1.000000e+00,0.000000e+00,0.000000e+00,0.000000e+00,0.000000e+00,0.000000e+00,0.000000e+00,0.000000e+00,0.000000e+00,0.000000e+00,0.000000e+00,0.000000e+00,0.000000e+00,0.000000e+00,0.000000e+00
1.000000e+00,0.000000e+00,0.000000e+00,0.000000e+00,0.000000e+00,0.000000e+00,0.000000e+00,0.000000e+00,0.000000e+00,0.000000e+00,0.000000e+00,0.000000e+00,0.000000e+00,0.000000e+00,0.000000e+00
1.000000e+00,0.000000e+00,0.000000e+00,0.000000e+00,0.000000e+00,0.000000e+00,0.000000e+00,0.000000e+00,0.000000e+00,0.000000e+00,0.000000e+00,0.000000e+00,0.000000e+00,0.000000e+00,0.000000e+00
1.000000e+00,0.000000e+00,0.000000e+00,0.000000e+00,0.000000e+00,0.000000e+00,0.000000e+00,0.000000e+00,0.000000e+00,0.000000e+00,0.000000e+00,0.000000e+00,0.000000e+00,0.000000e+00,0.000000e+00
1.000000e+00,0.000000e+00,0.000000e+00,0.000000e+00,0.000000e+00,0.000000e+00,0.000000e+00,0.000000e+00,0.000000e+00,0.000000e+00,0.000000e+00,0.000000e+00,0.000000e+00,0.000000e+00,0.000000e+00
1.000000e+00,0.000000e+00,0.000000e+00,0.000000e+00,0.000000e+00,0.000000e+00,0.000000e+00,0.000000e+00,0.000000e+00,0.000000e+00,0.000000e+00,0.000000e+00,0.000000e+00,0.000000e+00,0.000000e+00
1.000000e+00,0.000000e+00,0.000000e+00,0.000000e+00,0.000000e+00,0.000000e+00,0.000000e+00,0.000000e+00,0.000000e+00,0.000000e+00,0.000000e+00,0.000000e+00,0.000000e+00,0.000000e+00,0.000000e+00
1.000000e+00,0.000000e+00,0.000000e+00,0.000000e+00,0.000000e+00,0.000000e+00,0.000000e+00,0.000000e+00,0.000000e+00,0.000000e+00,0.000000e+00,0.000000e+00,0.000000e+00,0.000000e+00,0.000000e+00
1.000000e+00,0.000000e+00,0.000000e+00,0.000000e+00,0.000000e+00,0.000000e+00,0.000000e+00,0.000000e+00,0.000000e+00,0.000000e+00,0.000000e+00,0.000000e+00,0.000000e+00,0.000000e+00,0.000000e+00
1.000000e+00,0.000000e+00,0.000000e+00,0.000000e+00,0.000000e+00,0.000000e+00,0.000000e+00,0.000000e+00,0.000000e+00,0.000000e+00,0.000000e+00,0.000000e+00,0.000000e+00,0.000000e+00,0.000000e+00
1.000000e+00,0.000000e+00,0.000000e+00,0.000000e+00,0.000000e+00,0.000000e+00,0.000000e+00,0.000000e+00,0.000000e+00,0.000000e+00,0.000000e+00,0.000000e+00,0.000000e+00,0.000000e+00,0.000000e+00
1.000000e+00,0.000000e+00,0.000000e+00,0.000000e+00,0.000000e+00,0.000000e+00,0.000000e+00,0.000000e+00,0.000000e+00,0.000000e+00,0.000000e+00,0.000000e+00,0.000000e+00,0.000000e+00,0.000000e+00
1.000000e+00,0.000000e+00,0.000000e+00,0.000000e+00,0.000000e+00,0.000000e+00,0.000000e+00,0.000000e+00,0.000000e+00,0.000000e+00,0.000000e+00,0.000000e+00,0.000000e+00,0.000000e+00,0.000000e+00
1.000000e+00,0.000000e+00,0.000000e+00,0.000000e+00,0.000000e+00,0.000000e+00,0.000000e+00,0.000000e+00,0.000000e+00,0.000000e+00,0.000000e+00,0.000000e+00,0.000000e+00,0.000000e+00,0.000000e+00
1.000000e+00,0.000000e+00,0.000000e+00,0.000000e+00,0.000000e+00,0.000000e+00,0.000000e+00,0.000000e+00,0.000000e+00,0.000000e+00,0.000000e+00,0.000000e+00,0.000000e+00,0.000000e+00,0.000000e+00
1.000000e+00,0.000000e+00,0.000000e+00,0.000000e+00,0.000000e+00,0.000000e+00,0.000000e+00,0.000000e+00,0.000000e+00,0.000000e+00,0.000000e+00,0.000000e+00,0.000000e+00,0.000000e+00,0.000000e+00
4.069434e-01,4.078888e-02,1.031559e-02,1.031624e-01,3.094995e-03,1.471827e-02,2.778276e-03,1.186692e-02,5.587848e-02,2.100204e-02,3.563472e-02,1.431652e-02,1.124822e-01,5.845097e-03,1.611722e-01
2.880606e-01,3.792443e-02,7.653348e-03,9.486412e-02,3.114139e-03,1.276289e-02,2.244977e-03,8.716826e-03,6.318730e-02,1.748350e-02,4.249258e-02,1.855539e-02,2.531516e-01,7.910529e-03,1.418777e-01
2.088623e-01,4.751056e-02,6.448060e-03,1.244583e-01,5.389112e-03,1.822989e-02,2.328996e-03,7.018236e-03,1.252072e-01,1.453419e-02,3.720865e-02,1.808105e-02,2.146727e-01,1.133870e-02,1.587121e-01
1.621711e-01,4.230802e-02,5.180036e-03,1.057506e-01,1.242067e-02,5.597658e-02,2.146235e-03,5.627320e-03,1.132133e-01,1.254085e-02,4.293647e-02,3.842331e-02,2.416426e-01,1.158859e-02,1.480743e-01
1.250366e-01,4.572369e-02,4.054952e-03,8.502792e-02,1.508035e-02,6.508629e-02,1.779065e-03,4.330582e-03,9.922585e-02,1.091841e-02,4.466129e-02,7.863878e-02,2.731807e-01,1.124025e-02,1.360153e-01
8.973746e-02,4.237455e-02,1.045604e-02,6.813257e-02,1.517331e-02,4.740229e-02,1.425249e-03,3.170336e-03,8.074485e-02,2.074495e-02,4.160953e-02,1.483413e-01,2.940126e-01,1.162485e-02,1.250501e-01
6.480017e-02,3.206157e-02,2.304841e-02,5.840583e-02,2.678396e-02,3.413190e-02,1.739153e-03,3.006339e-03,7.581598e-02,2.503790e-02,3.633890e-02,1.414115e-01,2.921476e-01,1.211465e-02,1.731562e-01
5.138407e-02,2.425575e-02,6.521203e-02,5.319170e-02,2.434877e-02,2.610265e-02,3.796872e-03,1.042389e-02,6.641727e-02,2.519630e-02,4.048596e-02,1.096804e-01,2.450319e-01,1.223456e-02,2.422380e-01
3.746079e-02,2.207534e-02,6.589879e-02,4.332306e-02,2.600560e-02,2.189056e-02,3.947971e-03,1.446242e-02,6.979208e-02,2.972527e-02,4.107472e-02,8.376227e-02,2.127095e-01,1.381540e-02,3.140562e-01
2.683324e-02,1.776808e-02,5.335836e-02,3.318626e-02,2.789383e-02,1.771276e-02,3.880318e-03,1.333721e-02,5.792276e-02,2.795500e-02,4.340629e-02,7.311107e-02,2.779513e-01,1.112128e-02,3.145623e-01
2.113502e-02,1.811391e-02,4.299360e-02,3.324565e-02,2.649429e-02,1.512082e-02,3.153721e-03,1.361488e-02,2.046862e-01,2.510299e-02,3.601649e-02,6.014939e-02,2.396771e-01,8.886127e-03,2.516099e-01
1.792806e-02,1.659251e-02,3.818744e-02,3.028829e-02,8.387862e-02,1.532046e-02,3.227260e-03,2.295372e-02,1.624861e-01,1.952267e-02,3.410414e-02,5.161726e-02,2.221857e-01,8.519594e-03,2.731881e-01
1.884513e-02,1.632562e-02,5.517277e-02,6.089722e-02,1.140713e-01,1.432678e-02,3.680224e-03,6.243201e-02,1.510716e-01,1.460155e-02,2.736996e-02,3.956969e-02,1.835752e-01,6.928905e-03,2.311320e-01
2.869493e-02,1.393595e-02,4.070723e-02,4.674261e-02,1.244441e-01,1.108697e-02,4.793745e-03,4.861286e-02,1.173913e-01,1.114928e-02,2.717076e-02,3.237806e-02,2.996923e-01,6.140416e-03,1.870596e-01
4.689672e-02,1.862786e-02,3.507945e-02,6.659630e-02,1.811556e-01,1.194055e-02,8.883146e-03,7.669872e-02,9.495145e-02,8.636261e-03,2.378632e-02,2.712546e-02,2.493947e-01,5.353683e-03,1.448737e-01
7.259171e-02,2.128779e-02,2.849700e-02,5.488059e-02,1.569746e-01,1.159345e-02,7.490331e-03,5.927134e-02,8.947773e-02,8.988833e-03,2.053528e-02,2.766566e-02,3.193910e-01,6.305549e-03,1.150492e-01
9.921013e-02,2.002431e-02,2.547872e-02,4.891773e-02,1.377963e-01,1.156056e-02,7.960768e-03,4.894069e-02,8.261016e-02,7.932821e-03,2.042126e-02,4.340966e-02,3.395272e-01,7.680357e-03,9.852924e-02
1.183953e-01,2.054926e-02,7.164064e-02,7.907020e-02,1.153202e-01,1.636223e-02,6.650286e-03,3.994697e-02,6.484750e-02,7.118762e-03,2.129800e-02,5.560979e-02,3.025780e-01,8.698655e-03,7.191424e-02
1.629900e-01,2.130874e-02,8.054654e-02,7.694575e-02,1.482867e-01,2.073232e-02,5.739172e-03,3.394314e-02,5.954022e-02,6.907908e-03,2.124944e-02,4.338354e-02,2.501442e-01,1.098116e-02,5.730110e-02
2.208866e-01,2.806547e-02,7.089766e-02,7.310992e-02,1.335761e-01,2.402921e-02,1.004123e-02,3.613557e-02,5.842489e-02,8.098505e-03,2.545761e-02,5.691655e-02,1.959928e-01,1.238474e-02,4.598312e-02
2.634239e-01,2.916678e-02,5.926559e-02,6.688022e-02,1.256818e-01,2.811538e-02,1.159696e-02,3.165765e-02,5.786764e-02,8.922975e-03,2.464367e-02,7.914664e-02,1.562991e-01,1.562478e-02,4.170679e-02
2.928087e-01,2.718356e-02,4.464566e-02,5.273450e-02,1.036257e-01,5.318649e-02,1.035031e-02,2.721873e-02,4.918295e-02,7.031229e-03,2.280405e-02,8.575010e-02,1.717919e-01,1.661434e-02,3.507183e-02
2.935276e-01,2.515746e-02,3.447327e-02,4.394238e-02,8.755139e-02,6.057670e-02,8.697711e-03,2.378191e-02,4.013387e-02,6.088233e-03,1.972233e-02,8.261138e-02,2.266503e-01,1.513693e-02,3.194848e-02
2.658330e-01,2.052543e-02,2.485767e-02,3.254077e-02,6.284630e-02,5.559582e-02,9.632897e-03,1.753361e-02,3.405116e-02,5.500176e-03,1.576620e-02,8.303558e-02,3.218519e-01,1.835052e-02,3.207890e-02
2.766401e-01,1.808198e-02,1.785887e-02,2.508121e-02,4.845313e-02,4.965050e-02,1.380328e-02,1.452149e-02,2.805373e-02,4.858260e-03,1.214464e-02,7.488880e-02,3.718749e-01,1.546779e-02,2.862126e-02
2.539143e-01,4.403646e-02,1.761018e-02,5.224481e-02,4.189420e-02,4.615228e-02,1.711556e-02,1.227180e-02,8.356904e-02,7.628987e-03,1.011881e-02,6.824671e-02,2.956936e-01,1.530383e-02,3.419944e-02
2.924167e-01,3.741789e-02,1.939246e-02,4.563731e-02,3.108531e-02,4.131128e-02,1.778923e-02,1.074412e-02,6.944358e-02,7.937976e-03,8.641226e-03,8.004928e-02,2.929056e-01,1.400729e-02,3.122076e-02
3.503916e-01,3.016698e-02,1.476667e-02,3.694969e-02,2.361779e-02,4.260579e-02,1.499939e-02,8.780631e-03,6.459954e-02,6.659839e-03,8.776402e-03,6.807132e-02,2.930342e-01,1.061739e-02,2.596276e-02
4.096230e-01,2.499981e-02,1.109407e-02,2.950713e-02,1.819346e-02,6.167713e-02,1.213591e-02,6.686430e-03,5.275336e-02,5.117785e-03,6.756126e-03,5.256253e-02,2.811230e-01,7.629758e-03,2.014055e-02
4.187379e-01,2.125537e-02,8.256604e-03,2.615134e-02,1.472980e-02,5.823076e-02,9.445867e-03,5.390184e-03,5.762215e-02,4.103613e-03,5.687291e-03,4.128433e-02,3.078559e-01,5.420514e-03,1.582839e-02
3.460260e-01,4.027126e-02,7.423887e-03,3.350317e-02,1.425186e-02,7.402711e-02,7.487674e-03,5.031229e-03,6.664719e-02,5.429829e-03,9.673658e-03,4.003151e-02,3.265482e-01,4.115824e-03,1.953157e-02
3.154903e-01,3.533109e-02,6.327592e-03,3.001489e-02,1.258841e-02,8.853757e-02,6.490385e-03,3.794880e-03,5.165276e-02,6.484634e-03,1.787285e-02,4.321989e-02,3.619547e-01,3.295195e-03,1.694485e-02
2.486055e-01,3.046891e-02,7.447848e-03,2.847004e-02,1.956737e-02,6.717141e-02,5.455741e-03,3.072192e-03,4.895559e-02,7.856804e-03,6.654387e-02,6.135797e-02,3.815960e-01,2.721683e-03,2.070904e-02
2.047347e-01,2.619303e-02,1.138483e-02,2.910392e-02,2.274787e-02,5.529460e-02,9.630775e-03,1.909496e-02,4.329433e-02,1.675531e-02,7.805427e-02,6.547043e-02,3.783838e-01,4.183782e-03,3.567339e-02
1.822690e-01,2.287928e-02,1.083138e-02,2.929131e-02,2.338434e-02,4.699559e-02,8.538793e-03,1.688607e-02,4.804450e-02,3.312206e-02,7.892349e-02,6.572352e-02,3.861551e-01,4.520311e-03,4.243535e-02
1.616823e-01,1.771539e-02,1.296082e-02,2.584482e-02,3.838593e-02,3.621668e-02,9.242174e-03,2.268783e-02,6.245036e-02,3.591133e-02,7.799317e-02,5.617696e-02,3.427656e-01,6.018345e-03,9.394820e-02
2.043595e-01,1.341663e-02,2.704791e-02,2.631290e-02,3.488703e-02,2.875044e-02,7.466716e-03,3.618927e-02,4.978115e-02,3.161767e-02,6.612232e-02,4.662736e-02,2.909966e-01,5.448949e-03,1.309755e-01
2.463444e-01,1.320810e-02,3.524734e-02,2.800133e-02,3.708871e-02,2.143774e-02,5.730075e-03,4.037107e-02,4.323491e-02,2.681679e-02,6.449895e-02,4.225276e-02,2.524480e-01,9.647168e-03,1.336727e-01
2.567815e-01,1.097356e-02,3.464251e-02,2.540208e-02,6.265786e-02,1.574697e-02,5.664446e-03,4.149997e-02,5.235780e-02,2.064929e-02,4.987516e-02,3.427753e-02,1.883706e-01,9.793981e-03,1.913067e-01
1.921856e-01,1.064164e-02,3.386786e-02,4.082581e-02,6.276484e-02,1.179634e-02,4.473884e-03,3.765656e-02,5.918318e-02,1.677066e-02,5.550627e-02,3.850429e-02,1.903428e-01,1.103096e-02,2.344492e-01
1.451016e-01,1.809370e-02,2.721308e-02,4.249042e-02,4.716998e-02,1.156651e-02,3.422745e-03,3.182721e-02,9.093558e-02,1.370082e-02,7.035612e-02,1.011536e-01,1.768701e-01,9.721849e-03,2.103766e-01
1.047962e-01,1.578994e-02,2.184053e-02,3.913897e-02,3.650904e-02,1.216339e-02,2.736890e-03,2.284566e-02,1.574705e-01,1.043425e-02,7.054628e-02,1.025988e-01,2.436216e-01,7.447904e-03,1.520600e-01
7.412442e-02,1.124124e-02,1.550951e-02,3.200279e-02,2.639336e-02,1.212135e-02,1.971941e-03,1.624738e-02,1.178658e-01,7.804329e-03,6.690218e-02,1.163713e-01,3.877233e-01,5.995669e-03,1.077254e-01
5.227060e-02,7.946003e-03,1.093199e-02,2.447260e-02,1.921509e-02,1.020685e-02,1.452340e-03,1.144468e-02,8.985494e-02,5.984792e-03,6.148272e-02,1.336325e-01,4.902917e-01,4.632087e-03,7.618107e-02
3.686084e-02,5.703838e-03,7.785536e-03,1.752683e-02,2.128823e-02,7.597552e-03,1.185407e-03,8.288073e-03,8.816887e-02,4.590018e-03,6.439324e-02,1.167942e-01,5.621642e-01,3.369681e-03,5.428344e-02
2.616577e-02,4.214552e-03,5.870169e-03,1.255679e-02,1.966471e-02,7.212626e-03,1.447339e-03,9.109371e-03,7.819203e-02,4.108978e-03,6.519990e-02,1.184346e-01,6.052888e-01,2.528220e-03,4.000610e-02
1.872819e-02,3.161656e-03,4.346787e-03,8.940886e-03,2.041204e-02,6.092277e-03,2.085457e-03,6.950325e-03,7.107033e-02,3.566249e-03,7.092933e-02,9.989984e-02,6.498414e-01,2.007128e-03,3.196804e-02
1.381037e-02,2.465167e-03,4.944475e-03,7.155344e-03,2.198075e-02,6.659333e-03,4.216034e-03,1.118860e-02,5.851405e-02,3.523183e-03,6.193071e-02,8.808406e-02,6.870164e-01,1.806929e-03,2.670464e-02
1.016058e-02,1.998199e-03,4.572961e-03,5.799868e-03,2.733199e-02,5.530753e-03,3.869940e-03,1.003981e-02,4.628954e-02,4.131830e-03,9.363712e-02,7.375765e-02,6.887673e-01,1.594078e-03,2.251840e-02
7.677931e-03,1.575001e-03,5.581017e-03,4.579082e-03,3.664835e-02,4.440698e-03,5.030096e-03,1.516653e-02,4.046448e-02,5.650667e-03,1.167669e-01,6.466331e-02,6.697338e-01,1.372390e-03,2.064984e-02
5.672974e-03,1.145610e-03,5.377929e-03,3.259247e-03,6.486990e-02,3.238792e-03,7.276074e-03,1.716144e-02,3.385340e-02,5.939645e-03,1.646933e-01,5.030181e-02,6.198795e-01,1.031335e-03,1.629907e-02
4.782862e-03,8.676825e-04,6.540485e-03,2.343928e-03,6.470044e-02,2.473410e-03,8.096430e-03,2.294998e-02,2.642517e-02,6.252789e-03,1.665905e-01,4.012370e-02,6.310887e-01,8.501521e-04,1.591377e-02
6.465244e-03,7.758624e-04,6.239889e-03,1.859447e-03,6.181438e-02,2.551588e-03,7.395413e-03,4.038590e-02,2.367028e-02,5.289528e-03,1.484063e-01,4.890718e-02,6.315930e-01,7.585150e-04,1.388756e-02
6.563039e-03,6.884553e-04,6.494137e-03,1.387670e-03,5.536566e-02,2.270518e-03,1.779242e-02,9.694487e-02,1.971084e-02,4.442875e-03,1.200593e-01,4.042529e-02,6.113983e-01,6.815949e-04,1.577513e-02
7.359505e-03,8.659648e-04,6.745335e-03,1.354752e-03,6.043939e-02,2.767613e-03,1.534088e-02,2.122749e-01,2.239978e-02,3.548730e-03,9.846267e-02,3.293179e-02,5.226054e-01,8.527717e-04,1.205064e-02
1.201477e-02,1.497566e-03,7.453848e-03,1.492619e-03,1.009438e-01,3.945849e-03,2.238581e-02,3.054507e-01,2.997232e-02,2.862737e-03,7.517308e-02,3.232097e-02,3.939062e-01,1.012879e-03,9.566929e-03
2.103100e-02,1.733787e-03,8.124860e-03,2.061457e-03,9.259403e-02,3.647040e-03,1.847544e-02,4.411607e-01,2.834865e-02,2.313272e-03,5.573009e-02,2.544290e-02,2.908757e-01,8.969403e-04,7.564122e-03
1.967458e-02,1.624668e-03,6.378002e-03,2.057673e-03,7.046511e-02,2.964769e-03,1.381093e-02,5.867320e-01,2.315622e-02,1.682406e-03,3.954194e-02,1.881886e-02,2.069831e-01,6.549720e-04,5.454723e-03
2.488784e-02,1.693938e-03,4.737731e-03,2.642899e-03,5.778696e-02,7.631561e-03,1.063636e-02,6.750105e-01,2.028274e-02,1.210681e-03,2.796773e-02,1.439893e-02,1.465431e-01,5.010631e-04,4.068025e-03
3.359249e-02,1.447835e-03,3.758944e-03,3.043316e-03,4.504637e-02,1.502693e-02,7.915279e-03,7.344859e-01,1.543582e-02,8.866652e-04,1.981042e-02,1.117820e-02,1.049049e-01,4.065692e-04,3.060375e-03
4.037556e-02,1.195080e-03,2.756206e-03,3.205826e-03,3.520197e-02,1.566670e-02,5.851627e-03,7.819148e-01,1.298797e-02,6.321894e-04,1.401096e-02,8.690134e-03,7.500783e-02,3.111554e-04,2.191965e-03
4.210282e-02,9.374119e-04,1.997401e-03,2.721417e-03,2.894671e-02,1.261693e-02,4.432203e-03,8.241401e-01,1.045559e-02,4.497076e-04,9.907817e-03,6.529317e-03,5.297272e-02,2.249954e-04,1.564952e-03
3.207973e-02,6.810921e-04,1.417752e-03,2.067143e-03,2.239378e-02,9.964664e-03,3.189558e-03,8.703987e-01,7.452342e-03,3.179660e-04,6.964911e-03,4.621661e-03,3.718866e-02,1.602046e-04,1.101872e-03
2.658750e-02,5.443893e-04,1.036131e-03,1.658458e-03,1.748624e-02,9.454327e-03,2.330056e-03,8.999911e-01,5.343508e-03,2.251765e-04,4.924727e-03,3.332946e-03,2.618353e-02,1.172113e-04,7.847704e-04
2.601268e-02,5.613242e-04,8.365783e-04,1.850132e-03,1.369934e-02,1.518540e-02,1.976555e-03,9.074590e-01,3.918557e-03,1.629195e-04,3.563479e-03,2.697072e-03,2.137981e-02,9.224964e-05,6.048417e-04
2.685779e-02,6.428804e-04,6.924730e-04,1.660677e-03,1.164942e-02,1.655836e-02,2.112635e-03,9.112813e-01,2.986532e-03,1.248111e-04,2.703460e-03,2.099366e-03,2.007091e-02,7.118975e-05,4.881963e-04
2.692693e-02,6.057451e-04,5.876548e-04,1.449383e-03,9.612586e-03,2.299684e-02,1.961582e-03,9.077117e-01,2.407975e-03,1.066163e-04,2.147712e-03,1.793474e-03,2.121852e-02,5.827678e-05,4.149717e-04
3.055069e-02,1.071549e-03,1.612241e-03,4.110665e-03,7.988236e-03,3.183867e-02,2.014518e-03,7.235416e-01,4.523284e-03,1.185715e-03,1.212889e-02,4.797811e-02,1.278787e-01,2.719043e-04,3.305208e-03
2.349383e-02,1.033494e-03,1.875386e-03,5.867451e-03,7.868071e-03,2.709996e-02,6.781117e-03,5.251470e-01,8.969863e-03,4.788270e-03,2.264810e-02,6.865726e-02,2.796903e-01,1.337470e-03,1.474250e-02
1.665105e-02,7.931822e-04,1.604555e-03,6.743123e-03,5.997422e-03,1.983690e-02,5.836670e-03,3.702016e-01,7.839569e-03,9.900311e-03,2.572800e-02,5.946461e-02,4.378693e-01,1.731241e-03,2.980248e-02
1.201841e-02,6.015755e-04,1.361478e-03,5.063421e-03,4.500221e-03,1.445521e-02,5.395697e-03,2.595095e-01,6.452188e-03,1.177157e-02,3.352197e-02,7.080632e-02,5.329504e-01,5.431701e-03,3.616042e-02
8.690576e-03,5.280769e-04,1.095839e-03,3.840417e-03,3.490282e-03,1.113287e-02,8.428076e-03,1.820041e-01,5.624613e-03,1.574812e-02,3.613923e-02,2.011728e-01,4.823668e-01,8.286428e-03,3.145184e-02
6.657489e-03,4.887535e-04,9.322602e-04,3.914427e-03,3.707012e-03,1.199339e-02,6.159310e-03,1.277135e-01,5.568972e-03,2.154786e-02,5.192246e-02,3.761767e-01,3.517163e-01,8.966120e-03,2.253548e-02
4.811153e-03,8.366627e-04,7.357914e-04,2.867680e-03,4.040318e-03,8.534088e-03,4.335432e-03,8.945709e-02,5.394783e-03,2.229401e-02,4.649331e-02,5.250981e-01,2.522602e-01,1.667191e-02,1.616949e-02
3.416371e-03,5.064176e-03,1.573423e-03,2.059989e-03,7.035153e-03,6.255204e-03,3.089185e-03,6.266693e-02,4.705889e-03,2.251722e-02,3.815671e-02,6.328701e-01,1.810480e-01,1.807743e-02,1.146421e-02
2.670473e-03,4.266413e-03,1.292631e-03,1.499781e-03,6.289473e-03,4.520290e-03,2.200364e-03,4.399412e-02,4.068202e-03,2.226472e-02,5.426427e-02,6.918612e-01,1.285331e-01,2.417992e-02,8.095152e-03
2.386655e-03,3.601556e-03,1.204557e-03,1.102941e-03,7.333227e-03,3.336499e-03,1.599469e-03,3.087638e-02,3.881407e-03,2.188501e-02,5.208438e-02,7.489446e-01,9.133012e-02,2.469806e-02,5.735117e-03
2.310849e-03,2.940416e-03,1.473629e-03,8.717955e-04,1.328610e-02,2.509429e-03,1.175353e-03,2.171573e-02,3.721364e-03,1.744559e-02,4.654107e-02,7.982461e-01,6.419804e-02,1.945877e-02,4.105717e-03
2.831816e-03,2.165683e-03,1.198512e-03,6.888454e-04,1.066497e-02,2.413112e-03,8.722129e-04,1.544531e-02,3.043233e-03,1.357314e-02,3.937504e-02,8.453126e-01,4.515598e-02,1.432960e-02,2.929917e-03
4.399254e-03,2.058499e-03,3.076197e-03,7.790459e-04,2.600897e-02,6.423938e-03,7.048857e-03,2.494131e-02,9.484189e-03,1.225276e-02,3.287183e-02,8.260502e-01,3.198962e-02,1.052502e-02,2.090246e-03
2.148094e-02,2.973698e-03,4.756599e-03,1.428237e-03,6.008257e-02,4.734918e-02,1.004317e-02,2.304670e-02,2.645690e-02,1.658517e-02,5.887203e-02,6.881031e-01,2.503306e-02,1.126435e-02,2.524304e-03
2.872419e-02,5.380994e-03,4.967843e-03,1.775336e-03,7.033978e-02,6.709963e-02,1.163353e-02,2.153617e-02,1.006979e-01,2.345087e-02,8.599351e-02,5.434561e-01,2.139436e-02,1.094326e-02,2.606399e-03
2.749148e-02,1.088371e-02,7.682257e-03,3.199274e-03,6.052870e-02,1.077098e-01,9.199156e-03,2.252108e-02,1.895113e-01,2.577963e-02,8.097796e-02,4.158199e-01,2.193777e-02,1.156013e-02,5.197883e-03
2.839046e-02,1.076548e-02,1.335125e-02,8.186966e-03,6.870760e-02,9.996513e-02,1.096434e-02,4.283598e-02,2.925770e-01,2.193604e-02,7.287151e-02,2.959966e-01,1.982632e-02,9.174800e-03,4.450483e-03
4.221585e-02,1.089408e-02,1.137287e-02,7.729831e-03,1.122849e-01,1.168008e-01,8.824098e-03,3.736410e-02,3.153035e-01,2.200588e-02,6.810731e-02,2.123924e-01,2.030852e-02,8.779152e-03,5.616688e-03
4.076640e-02,9.367187e-03,1.025336e-02,1.002993e-02,1.180011e-01,2.765054e-01,8.266905e-03,3.715372e-02,2.385900e-01,1.653820e-02,5.504769e-02,1.520895e-01,1.565330e-02,7.424904e-03,4.312441e-03
4.857702e-02,1.342705e-02,1.037155e-02,1.387082e-02,1.083408e-01,2.745207e-01,7.040714e-03,6.125104e-02,2.114419e-01,1.457348e-02,6.853127e-02,1.367877e-01,1.710264e-02,9.976720e-03,4.186588e-03
4.217661e-02,1.033241e-02,8.398592e-03,1.256802e-02,1.339000e-01,2.093370e-01,5.389637e-03,2.375753e-01,1.585521e-01,1.049734e-02,5.035906e-02,9.774782e-02,1.290796e-02,7.257672e-03,3.000437e-03
3.246941e-02,7.335490e-03,6.301419e-03,9.590467e-03,1.039394e-01,1.477033e-01,4.039565e-03,4.489451e-01,1.116422e-01,7.437817e-03,3.556820e-02,6.862590e-02,9.152976e-03,5.120293e-03,2.128331e-03
4.085436e-02,5.644531e-03,5.257462e-03,8.104501e-03,8.402572e-02,1.139934e-01,3.194296e-03,5.549685e-01,7.936618e-02,5.740593e-03,2.960021e-02,5.459426e-02,8.853211e-03,3.907147e-03,1.895553e-03
2.899391e-02,4.123565e-03,4.353398e-03,2.417378e-02,6.485898e-02,8.574136e-02,2.779279e-03,4.451903e-01,5.638067e-02,4.468794e-03,3.481518e-02,4.969169e-02,1.894786e-01,2.753688e-03,2.196870e-03
2.062259e-02,2.967573e-03,3.356249e-03,2.121962e-02,4.890762e-02,6.340583e-02,2.276090e-03,3.333309e-01,4.007954e-02,3.950422e-03,4.234628e-02,5.928833e-02,3.532507e-01,1.969471e-03,3.028749e-03
1.490784e-02,2.140832e-03,2.598439e-03,1.600740e-02,3.605437e-02,4.514367e-02,2.351717e-03,2.397899e-01,2.849795e-02,5.824201e-03,4.668787e-02,5.726872e-02,4.983430e-01,1.532932e-03,2.851081e-03
1.090407e-02,1.739441e-03,2.027914e-03,1.166224e-02,2.790258e-02,3.777920e-02,4.915752e-03,1.694187e-01,2.152157e-02,5.070050e-03,4.788065e-02,6.561322e-02,5.900908e-01,1.206435e-03,2.267282e-03
7.799430e-03,1.310246e-03,1.788736e-03,8.232366e-03,2.033191e-02,2.794127e-02,3.635169e-03,1.188556e-01,1.699642e-02,4.983148e-03,5.610071e-02,8.256939e-02,6.465044e-01,9.941189e-04,1.957000e-03
7.165655e-03,1.198134e-03,1.737017e-03,6.114230e-03,1.788336e-02,2.050582e-02,3.115157e-03,8.336311e-02,1.449479e-02,9.616457e-03,1.102273e-01,1.556531e-01,5.645861e-01,2.522648e-03,1.817159e-03
8.202778e-03,2.366487e-03,2.917715e-03,6.530582e-03,2.192562e-02,1.588777e-02,3.016131e-03,5.919567e-02,1.634663e-02,2.689455e-02,2.215828e-01,1.650443e-01,4.330696e-01,1.452556e-02,2.493729e-03
7.954855e-03,3.391625e-03,5.794542e-03,9.119733e-03,2.805096e-02,1.539622e-02,2.436804e-03,4.254146e-02,1.651793e-02,2.856435e-02,2.638783e-01,2.376218e-01,3.109284e-01,2.544572e-02,2.357230e-03
7.607444e-03,3.885557e-03,6.694297e-03,9.220090e-03,2.210181e-02,1.310828e-02,1.817151e-03,3.014271e-02,1.245272e-02,3.642877e-02,2.909085e-01,3.114722e-01,2.199395e-01,3.204905e-02,2.171970e-03
1.002193e-02,4.874116e-03,8.196415e-03,8.597171e-03,1.830255e-02,1.102476e-02,1.400846e-03,2.159306e-02,1.049747e-02,3.253049e-02,3.246753e-01,3.491000e-01,1.562105e-01,4.080536e-02,2.169965e-03
8.916843e-03,8.438770e-03,8.561192e-03,6.929088e-03,1.608221e-02,8.678050e-03,9.947418e-04,1.518923e-02,9.175909e-03,2.532100e-02,3.945617e-01,3.329766e-01,1.111196e-01,4.935430e-02,3.700738e-03
1.055123e-02,8.723145e-03,7.102872e-03,5.697981e-03,1.242389e-02,7.835253e-03,7.125446e-04,1.073755e-02,9.415902e-03,2.147919e-02,4.230459e-01,3.378554e-01,7.914168e-02,5.927903e-02,5.998469e-03
8.831140e-03,7.988143e-02,1.151479e-02,4.508279e-03,1.315897e-02,5.984630e-03,6.033478e-04,7.762120e-03,2.722302e-02,1.793273e-02,3.848732e-01,3.098959e-01,5.711185e-02,5.456769e-02,1.615092e-02
1.291355e-02,6.952840e-02,8.972583e-03,3.495171e-03,9.860368e-03,8.903034e-03,5.282997e-04,6.357236e-03,5.545636e-02,1.533400e-02,3.772514e-01,2.808529e-01,4.301789e-02,9.360127e-02,1.392755e-02
1.359029e-02,5.149121e-02,6.820993e-03,2.796367e-03,8.473301e-03,8.443316e-03,4.547878e-04,4.954517e-03,1.117992e-01,1.311533e-02,3.806585e-01,2.636994e-01,3.362603e-02,8.925954e-02,1.081721e-02
1.949166e-02,4.339283e-02,9.084884e-03,2.892913e-03,1.334896e-02,8.014577e-03,7.414488e-04,5.431664e-03,2.170983e-01,1.388191e-02,3.220079e-01,2.252382e-01,2.989212e-02,8.079012e-02,8.692554e-03
1.968597e-02,3.806028e-02,7.966847e-03,2.913795e-03,2.005566e-02,8.814448e-03,6.845080e-04,4.969343e-03,2.276271e-01,1.741122e-02,3.275383e-01,2.071142e-01,3.079708e-02,7.908466e-02,7.276748e-03
2.871352e-02,2.909211e-02,2.601471e-02,4.640780e-03,6.924147e-02,8.922935e-03,1.258837e-03,8.095620e-02,2.283682e-01,1.469927e-02,2.665980e-01,1.551588e-01,2.259045e-02,5.825998e-02,5.484728e-03
3.124275e-02,2.932451e-02,2.304465e-02,5.535976e-03,8.832070e-02,1.076208e-02,1.260395e-03,6.511115e-02,2.756530e-01,1.251969e-02,2.353903e-01,1.465494e-01,1.817263e-02,5.122822e-02,5.884524e-03
2.974649e-02,3.426438e-02,2.450367e-02,7.395322e-03,8.361375e-02,9.312814e-03,1.032365e-03,8.104715e-02,3.218662e-01,1.011489e-02,2.003639e-01,1.305856e-01,1.554293e-02,4.539059e-02,5.219941e-03
2.940403e-02,3.216374e-02,4.746807e-02,9.099857e-03,9.084871e-02,1.074449e-02,1.019445e-03,9.415102e-02,3.062313e-01,1.028145e-02,1.953449e-01,1.047666e-01,1.207947e-02,5.146816e-02,4.928732e-03
3.061292e-02,3.270590e-02,4.411314e-02,9.278983e-03,9.201632e-02,1.198823e-02,1.163390e-03,9.076342e-02,2.820974e-01,1.125266e-02,2.359918e-01,8.599127e-02,9.475889e-03,5.767599e-02,4.872637e-03
3.275478e-02,2.992039e-02,3.465995e-02,1.060254e-02,7.886659e-02,2.589907e-02,1.331722e-03,7.700416e-02,3.758325e-01,1.086736e-02,1.958220e-01,6.371316e-02,7.154614e-03,4.865022e-02,6.920935e-03
4.441165e-02,4.410458e-02,3.145990e-02,1.512478e-02,1.104021e-01,2.880632e-02,1.717124e-03,6.914505e-02,3.635915e-01,1.091417e-02,1.643563e-01,4.613173e-02,5.902284e-03,5.226032e-02,1.167215e-02
5.256230e-02,4.768077e-02,2.596262e-02,1.384131e-02,1.248592e-01,2.877310e-02,1.673870e-03,6.328937e-02,3.702448e-01,1.405142e-02,1.490961e-01,3.376841e-02,4.709686e-03,5.451050e-02,1.497659e-02
7.092166e-02,5.258758e-02,2.913135e-02,2.000937e-02,1.923128e-01,2.687603e-02,1.953143e-03,8.557183e-02,2.951679e-01,1.501149e-02,1.179997e-01,2.512452e-02,3.985677e-03,4.335783e-02,1.998917e-02
1.236882e-01,5.897126e-02,2.308043e-02,1.835712e-02,1.811720e-01,2.909408e-02,1.708350e-03,6.819585e-02,2.829075e-01,1.938757e-02,1.005223e-01,2.111814e-02,3.939750e-03,4.460407e-02,2.325332e-02
1.548165e-01,1.057982e-01,2.552202e-02,2.187924e-02,1.386416e-01,3.275882e-02,1.447289e-03,6.167078e-02,2.557920e-01,1.553443e-02,8.547723e-02,1.704006e-02,3.749137e-03,4.166776e-02,3.820495e-02
1.920070e-01,1.134203e-01,3.016656e-02,2.111839e-02,1.082261e-01,2.620958e-02,1.456011e-03,5.859687e-02,2.310090e-01,1.917294e-02,8.039085e-02,1.483934e-02,3.264035e-03,6.813303e-02,3.199006e-02
2.293802e-01,1.044690e-01,2.995091e-02,3.347677e-02,9.634575e-02,2.385877e-02,1.461689e-03,5.459747e-02,2.141025e-01,2.223211e-02,7.289526e-02,1.561293e-02,3.328195e-03,6.035297e-02,3.793560e-02
2.510627e-01,9.421124e-02,2.532918e-02,3.296915e-02,9.339586e-02,2.661753e-02,1.421125e-03,4.230832e-02,2.357119e-01,2.434259e-02,6.156123e-02,1.678394e-02,5.689429e-03,5.276100e-02,3.583479e-02
2.336155e-01,9.776495e-02,2.363707e-02,7.119490e-02,9.095334e-02,2.444457e-02,1.842881e-03,3.582614e-02,1.975105e-01,1.853406e-02,8.003944e-02,4.046002e-02,6.342589e-03,4.023968e-02,3.759437e-02
2.246994e-01,8.352108e-02,1.910347e-02,5.998582e-02,6.956673e-02,2.155533e-02,1.872202e-03,2.887070e-02,1.493191e-01,1.394505e-02,2.077820e-01,5.019791e-02,6.295419e-03,3.045068e-02,3.283513e-02
2.828562e-01,6.422129e-02,2.094814e-02,6.016818e-02,5.072489e-02,2.329656e-02,1.990666e-03,2.379965e-02,1.101043e-01,1.020506e-02,2.206216e-01,7.387172e-02,5.490438e-03,2.431311e-02,2.738809e-02
3.440768e-01,5.052703e-02,2.276113e-02,5.980113e-02,3.714874e-02,2.364197e-02,2.386108e-03,1.912937e-02,8.112645e-02,9.141359e-03,2.127816e-01,8.541203e-02,5.782553e-03,2.247386e-02,2.380995e-02
3.948314e-01,4.467462e-02,1.860275e-02,4.520881e-02,2.771975e-02,2.203174e-02,2.039517e-03,1.407010e-02,6.152546e-02,8.290984e-03,2.244267e-01,9.396933e-02,4.899706e-03,1.935973e-02,1.834938e-02
3.239288e-01,3.256619e-02,1.383309e-02,3.385445e-02,2.034625e-02,1.850436e-02,1.697673e-03,1.025694e-02,4.488112e-02,6.664990e-03,3.534616e-01,1.068867e-01,3.932594e-03,1.586582e-02,1.331940e-02
2.616926e-01,2.424113e-02,1.011065e-02,2.403345e-02,1.441851e-02,1.496871e-02,1.346984e-03,7.569640e-03,3.237073e-02,7.056081e-03,3.058833e-01,2.684097e-01,3.273786e-03,1.449566e-02,1.012911e-02
2.154810e-01,1.753544e-02,7.447640e-03,1.757425e-02,1.091552e-02,1.862411e-02,1.481126e-03,6.323090e-03,2.732716e-02,8.785076e-03,2.840270e-01,3.618428e-01,3.242777e-03,1.190800e-02,7.485047e-03
1.642438e-01,1.318660e-02,7.972952e-03,1.333605e-02,1.227667e-02,2.431265e-02,4.754419e-03,2.601748e-02,2.261000e-02,1.378794e-02,2.743194e-01,4.042605e-01,3.520289e-03,9.807030e-03,5.594063e-03
2.422683e-01,1.255941e-02,7.186657e-03,1.305839e-02,1.264328e-02,2.081411e-02,4.263970e-03,2.179604e-02,2.002582e-02,1.608163e-02,2.469891e-01,3.607283e-01,3.045889e-03,1.057535e-02,7.963738e-03
2.320092e-01,1.007850e-02,6.896226e-03,1.094169e-02,1.409086e-02,3.132227e-02,4.607523e-03,2.382746e-02,1.816971e-02,4.142071e-02,2.889267e-01,2.954274e-01,2.810942e-03,1.302999e-02,6.440709e-03
2.751818e-01,8.958464e-03,6.881967e-03,1.090656e-02,1.621359e-02,3.859086e-02,4.505672e-03,4.181699e-02,1.920054e-02,4.501147e-02,2.580621e-01,2.539975e-01,3.570375e-03,1.161927e-02,5.482805e-03
3.047353e-01,1.283382e-02,5.724202e-03,9.657805e-03,1.540390e-02,3.395251e-02,4.006901e-03,4.112571e-02,4.183941e-02,4.042049e-02,2.131240e-01,2.562847e-01,4.007036e-03,1.155457e-02,5.329570e-03
3.282141e-01,3.362075e-02,7.263011e-03,9.211589e-03,1.509285e-02,2.510971e-02,3.105857e-03,3.597057e-02,6.550241e-02,3.908721e-02,1.862827e-01,2.266626e-01,4.891298e-03,1.361146e-02,6.373770e-03
3.083615e-01,5.887160e-02,1.091034e-02,8.361535e-03,1.617087e-02,1.982953e-02,2.670144e-03,4.949541e-02,9.353413e-02,4.465602e-02,1.620089e-01,1.918772e-01,5.007015e-03,2.218356e-02,6.062251e-03
2.568027e-01,6.711999e-02,5.970006e-02,1.695612e-02,1.688834e-02,1.596109e-02,3.328238e-03,8.805158e-02,1.061188e-01,4.434447e-02,1.330720e-01,1.617054e-01,4.413034e-03,1.971315e-02,5.825015e-03
1.980874e-01,7.753397e-02,7.897645e-02,2.374451e-02,2.061457e-02,1.330465e-02,3.652690e-03,1.143736e-01,1.276793e-01,3.991784e-02,1.193017e-01,1.567340e-01,3.732756e-03,1.769021e-02,4.656403e-03
1.459956e-01,5.575347e-02,2.385267e-01,4.264394e-02,2.121547e-02,1.026520e-02,3.772592e-03,1.305582e-01,9.765904e-02,2.945686e-02,8.843976e-02,1.167918e-01,2.791557e-03,1.270058e-02,3.429308e-03
1.151458e-01,4.503287e-02,3.546452e-01,5.152760e-02,2.700098e-02,8.646482e-03,2.987509e-03,1.073174e-01,8.605936e-02,2.283589e-02,7.394834e-02,8.936563e-02,2.257386e-03,1.058501e-02,2.644588e-03
1.067464e-01,4.447377e-02,3.465233e-01,6.286128e-02,4.225561e-02,8.016048e-03,2.545323e-03,1.320170e-01,8.546207e-02,1.885074e-02,6.145019e-02,7.460435e-02,2.095810e-03,9.781613e-03,2.316518e-03
9.231380e-02,3.608707e-02,3.138756e-01,7.288916e-02,4.678995e-02,6.705444e-03,2.039659e-03,2.256150e-01,6.962372e-02,1.455340e-02,5.067413e-02,5.652362e-02,1.736814e-03,8.726875e-03,1.845867e-03
