1.000000e+00,0.000000e+00,0.000000e+00,0.000000e+00,0.000000e+00,0.000000e+00,0.000000e+00,0.000000e+00,0.000000e+00,0.000000e+00,0.000000e+00,0.000000e+00,0.000000e+00,0.000000e+00,0.000000e+00
1.000000e+00,0.000000e+00,0.000000e+00,0.000000e+00,0.000000e+00,0.000000e+00,0.000000e+00,0.000000e+00,0.000000e+00,0.000000e+00,0.000000e+00,0.000000e+00,0.000000e+00,0.000000e+00,0.000000e+00
1.000000e+00,0.000000e+00,0.000000e+00,0.000000e+00,0.000000e+00,0.000000e+00,0.000000e+00,0.000000e+00,0.000000e+00,0.000000e+00,0.000000e+00,0.000000e+00,0.000000e+00,0.000000e+00,0.000000e+00
1.000000e+00,0.000000e+00,0.000000e+00,0.000000e+00,0.000000e+00,0.000000e+00,0.000000e+00,0.000000e+00,0.000000e+00,0.000000e+00,0.000000e+00,0.000000e+00,0.000000e+00,0.000000e+00,0.000000e+00
1.000000e+00,0.000000e+00,0.000000e+00,0.000000e+00,0.000000e+00,0.000000e+00,0.000000e+00,0.000000e+00,0.000000e+00,0.000000e+00,0.000000e+00,0.000000e+00,0.000000e+00,0.000000e+00,0.000000e+00
1.000000e+00,0.000000e+00,0.000000e+00,0.000000e+00,0.000000e+00,0.000000e+00,0.000000e+00,0.000000e+00,0.000000e+00,0.000000e+00,0.000000e+00,0.000000e+00,0.000000e+00,0.000000e+00,0.000000e+00
1.000000e+00,0.000000e+00,0.000000e+00,0.000000e+00,0.000000e+00,0.000000e+00,0.000000e+00,0.000000e+00,0.000000e+00,0.000000e+00,0.000000e+00,0.000000e+00,0.000000e+00,0.000000e+00,0.000000e+00
1.000000e+00,0.000000e+00,0.000000e+00,0.000000e+00,0.000000e+00,0.000000e+00,0.000000e+00,0.000000e+00,0.000000e+00,0.000000e+00,0.000000e+00,0.000000e+00,0.000000e+00,0.000000e+00,0.000000e+00
1.000000e+00,0.000000e+00,0.000000e+00,0.000000e+00,0.000000e+00,0.000000e+00,0.000000e+00,0.000000e+00,0.000000e+00,0.000000e+00,0.000000e+00,0.000000e+00,0.000000e+00,0.000000e+00,0.000000e+00
1.000000e+00,0.000000e+00,0.000000e+00,0.000000e+00,0.000000e+00,0.000000e+00,0.000000e+00,0.000000e+00,0.000000e+00,0.000000e+00,0.000000e+00,0.000000e+00,0.000000e+00,0.000000e+00,0.000000e+00
1.000000e+00,0.000000e+00,0.000000e+00,0.000000e+00,0.000000e+00,0.000000e+00,0.000000e+00,0.000000e+00,0.000000e+00,0.000000e+00,0.000000e+00,0.000000e+00,0.000000e+00,0.000000e+00,0.000000e+00
1.000000e+00,0.000000e+00,0.000000e+00,0.000000e+00,0.000000e+00,0.000000e+00,0.000000e+00,0.000000e+00,0.000000e+00,0.000000e+00,0.000000e+00,0.000000e+00,0.000000e+00,0.000000e+00,0.000000e+00
1.000000e+00,0.000000e+00,0.000000e+00,0.000000e+00,0.000000e+00,0.000000e+00,0.000000e+00,0.000000e+00,0.000000e+00,0.000000e+00,0.000000e+00,0.000000e+00,0.000000e+00,0.000000e+00,0.000000e+00
1.000000e+00,0.000000e+00,0.000000e+00,0.000000e+00,0.000000e+00,0.000000e+00,0.000000e+00,0.000000e+00,0.000000e+00,0.000000e+00,0.000000e+00,0.000000e+00,0.000000e+00,0.000000e+00,0.000000e+00
1.000000e+00,0.000000e+00,0.000000e+00,0.000000e+00,0.000000e+00,0.000000e+00,0.000000e+00,0.000000e+00,0.000000e+00,0.000000e+00,0.000000e+00,0.000000e+00,0.000000e+00,0.000000e+00,0.000000e+00
1.000000e+00,0.000000e+00,0.000000e+00,0.000000e+00,0.000000e+00,0.000000e+00,0.000000e+00,0.000000e+00,0.000000e+00,0.000000e+00,0.000000e+00,0.000000e+00,0.000000e+00,0.000000e+00,0.000000e+00
1.000000e+00,0.000000e+00,0.000000e+00,0.000000e+00,0.000000e+00,0.000000e+00,0.000000e+00,0.000000e+00,0.000000e+00,0.000000e+00,0.000000e+00,0.000000e+00,0.000000e+00,0.000000e+00,0.000000e+00
1.000000e+00,0.000000e+00,0.000000e+00,0.000000e+00,0.000000e+00,0.000000e+00,0.000000e+00,0.000000e+00,0.000000e+00,0.000000e+00,0.000000e+00,0.000000e+00,0.000000e+00,0.000000e+00,0.000000e+00
1.000000e+00,0.000000e+00,0.000000e+00,0.000000e+00,0.000000e+00,0.000000e+00,0.000000e+00,0.000000e+00,0.000000e+00,0.000000e+00,0.000000e+00,0.000000e+00,0.000000e+00,0.000000e+00,0.000000e+00
1.000000e+00,0.000000e+00,0.000000e+00,0.000000e+00,0.000000e+00,0.000000e+00,0.000000e+00,0.000000e+00,0.000000e+00,0.000000e+00,0.000000e+00,0.000000e+00,0.000000e+00,0.000000e+00,0.000000e+00
1.000000e+00,0.000000e+00,0.000000e+00,0.000000e+00,0.000000e+00,0.000000e+00,0.000000e+00,0.000000e+00,0.000000e+00,0.000000e+00,0.000000e+00,0.000000e+00,0.000000e+00,0.000000e+00,0.000000e+00
1.000000e+00,0.000000e+00,0.000000e+00,0.000000e+00,0.000000e+00,0.000000e+00,0.000000e+00,0.000000e+00,0.000000e+00,0.000000e+00,0.000000e+00,0.000000e+00,0.000000e+00,0.000000e+00,0.000000e+00
1.000000e+00,0.000000e+00,0.000000e+00,0.000000e+00,0.000000e+00,0.000000e+00,0.000000e+00,0.000000e+00,0.000000e+00,0.000000e+00,0.000000e+00,0.000000e+00,0.000000e+00,0.000000e+00,0.000000e+00
1.000000e+00,0.000000e+00,0.000000e+00,0.000000e+00,0.000000e+00,0.000000e+00,0.000000e+00,0.000000e+00,0.000000e+00,0.000000e+00,0.000000e+00,0.000000e+00,0.000000e+00,0.000000e+00,0.000000e+00
1.000000e+00,0.000000e+00,0.000000e+00,0.000000e+00,0.000000e+00,0.000000e+00,0.000000e+00,0.000000e+00,0.000000e+00,0.000000e+00,0.000000e+00,0.000000e+00,0.000000e+00,0.000000e+00,0.000000e+00
1.000000e+00,0.000000e+00,0.000000e+00,0.000000e+00,0.000000e+00,0.000000e+00,0.000000e+00,0.000000e+00,0.000000e+00,0.000000e+00,0.000000e+00,0.000000e+00,0.000000e+00,0.000000e+00,0.000000e+00
1.000000e+00,0.000000e+00,0.000000e+00,0.000000e+00,0.000000e+00,0.000000e+00,0.000000e+00,0.000000e+00,0.000000e+00,0.000000e+00,0.000000e+00,0.000000e+00,0.000000e+00,0.000000e+00,0.000000e+00
1.000000e+00,0.000000e+00,0.000000e+00,0.000000e+00,0.000000e+00,0.000000e+00,0.000000e+00,0.000000e+00,0.000000e+00,0.000000e+00,0.000000e+00,0.000000e+00,0.000000e+00,0.000000e+00,0.000000e+00
1.000000e+00,0.000000e+00,0.000000e+00,0.000000e+00,0.000000e+00,0.000000e+00,0.000000e+00,0.000000e+00,0.000000e+00,0.000000e+00,0.000000e+00,0.000000e+00,0.000000e+00,0.000000e+00,0.000000e+00
1.000000e+00,0.000000e+00,0.000000e+00,0.000000e+00,0.000000e+00,0.000000e+00,0.000000e+00,0.000000e+00,0.000000e+00,0.000000e+00,0.000000e+00,0.000000e+00,0.000000e+00,0.000000e+00,0.000000e+00
1.000000e+00,0.000000e+00,0.000000e+00,0.000000e+00,0.000000e+00,0.000000e+00,0.000000e+00,0.000000e+00,0.000000e+00,0.000000e+00,0.000000e+00,0.000000e+00,0.000000e+00,0.000000e+00,0.000000e+00
1.000000e+00,0.000000e+00,0.000000e+00,0.000000e+00,0.000000e+00,0.000000e+00,0.000000e+00,0.000000e+00,0.000000e+00,0.000000e+00,0.000000e+00,0.000000e+00,0.000000e+00,0.000000e+00,0.000000e+00
1.000000e+00,0.000000e+00,0.000000e+00,0.000000e+00,0.000000e+00,0.000000e+00,0.000000e+00,0.000000e+00,0.000000e+00,0.000000e+00,0.000000e+00,0.000000e+00,0.000000e+00,0.000000e+00,0.000000e+00
1.000000e+00,0.000000e+00,0.000000e+00,0.000000e+00,0.000000e+00,0.000000e+00,0.000000e+00,0.000000e+00,0.000000e+00,0.000000e+00,0.000000e+00,0.000000e+00,0.000000e+00,0.000000e+00,0.000000e+00
1.000000e+00,0.000000e+00,0.000000e+00,0.000000e+00,0.000000e+00,0.000000e+00,0.000000e+00,0.000000e+00,0.000000e+00,0.000000e+00,0.000000e+00,0.000000e+00,0.000000e+00,0.000000e+00,0.000000e+00
1.000000e+00,0.000000e+00,0.000000e+00,0.000000e+00,0.000000e+00,0.000000e+00,0.000000e+00,0.000000e+00,0.000000e+00,0.000000e+00,0.000000e+00,0.000000e+00,0.000000e+00,0.000000e+00,0.000000e+00
1.000000e+00,0.000000e+00,0.000000e+00,0.000000e+00,0.000000e+00,0.000000e+00,0.000000e+00,0.000000e+00,0.000000e+00,0.000000e+00,0.000000e+00,0.000000e+00,0.000000e+00,0.000000e+00,0.000000e+00
1.000000e+00,0.000000e+00,0.000000e+00,0.000000e+00,0.000000e+00,0.000000e+00,0.000000e+00,0.000000e+00,0.000000e+00,0.000000e+00,0.000000e+00,0.000000e+00,0.000000e+00,0.000000e+00,0.000000e+00
1.000000e+00,0.000000e+00,0.000000e+00,0.000000e+00,0.000000e+00,0.000000e+00,0.000000e+00,0.000000e+00,0.000000e+00,0.000000e+00,0.000000e+00,0.000000e+00,0.000000e+00,0.000000e+00,0.000000e+00
1.000000e+00,0.000000e+00,0.000000e+00,0.000000e+00,0.000000e+00,0.000000e+00,0.000000e+00,0.000000e+00,0.000000e+00,0.000000e+00,0.000000e+00,0.000000e+00,0.000000e+00,0.000000e+00,0.000000e+00
1.000000e+00,0.000000e+00,0.000000e+00,0.000000e+00,0.000000e+00,0.000000e+00,0.000000e+00,0.000000e+00,0.000000e+00,0.000000e+00,0.000000e+00,0.000000e+00,0.000000e+00,0.000000e+00,0.000000e+00
1.000000e+00,0.000000e+00,0.000000e+00,0.000000e+00,0.000000e+00,0.000000e+00,0.000000e+00,0.000000e+00,0.000000e+00,0.000000e+00,0.000000e+00,0.000000e+00,0.000000e+00,0.000000e+00,0.000000e+00
1.000000e+00,0.000000e+00,0.000000e+00,0.000000e+00,0.000000e+00,0.000000e+00,0.000000e+00,0.000000e+00,0.000000e+00,0.000000e+00,0.000000e+00,0.000000e+00,0.000000e+00,0.000000e+00,0.000000e+00
1.000000e+00,0.000000e+00,0.000000e+00,0.000000e+00,0.000000e+00,0.000000e+00,0.000000e+00,0.000000e+00,0.000000e+00,0.000000e+00,0.000000e+00,0.000000e+00,0.000000e+00,0.000000e+00,0.000000e+00
1.000000e+00,0.000000e+00,0.000000e+00,0.000000e+00,0.000000e+00,0.000000e+00,0.000000e+00,0.000000e+00,0.000000e+00,0.000000e+00,0.000000e+00,0.000000e+00,0.000000e+00,0.000000e+00,0.000000e+00
1.000000e+00,0.000000e+00,0.000000e+00,0.000000e+00,0.000000e+00,0.000000e+00,0.000000e+00,0.000000e+00,0.000000e+00,0.000000e+00,0.000000e+00,0.000000e+00,0.000000e+00,0.000000e+00,0.000000e+00
1.000000e+00,0.000000e+00,0.000000e+00,0.000000e+00,0.000000e+00,0.000000e+00,0.000000e+00,0.000000e+00,0.000000e+00,0.000000e+00,0.000000e+00,0.000000e+00,0.000000e+00,0.000000e+00,0.000000e+00
1.000000e+00,0.000000e+00,0.000000e+00,0.000000e+00,0.000000e+00,0.000000e+00,0.000000e+00,0.000000e+00,0.000000e+00,0.000000e+00,0.000000e+00,0.000000e+00,0.000000e+00,0.000000e+00,0.000000e+00
1.000000e+00,0.000000e+00,0.000000e+00,0.000000e+00,0.000000e+00,0.000000e+00,0.000000e+00,0.000000e+00,0.000000e+00,0.000000e+00,0.000000e+00,0.000000e+00,0.000000e+00,0.000000e+00,0.000000e+00
1.000000e+00,0.000000e+00,0.000000e+00,0.000000e+00,0.000000e+00,0.000000e+00,0.000000e+00,0.000000e+00,0.000000e+00,0.000000e+00,0.000000e+00,0.000000e+00,0.000000e+00,0.000000e+00,0.000000e+00
1.000000e+00,0.000000e+00,0.000000e+00,0.000000e+00,0.000000e+00,0.000000e+00,0.000000e+00,0.000000e+00,0.000000e+00,0.000000e+00,0.000000e+00,0.000000e+00,0.000000e+00,0.000000e+00,0.000000e+00
1.000000e+00,0.000000e+00,0.000000e+00,0.000000e+00,0.000000e+00,0.000000e+00,0.000000e+00,0.000000e+00,0.000000e+00,0.000000e+00,0.000000e+00,0.000000e+00,0.000000e+00,0.000000e+00,0.000000e+00
1.000000e+00,0.000000e+00,0.000000e+00,0.000000e+00,0.000000e+00,0.000000e+00,0.000000e+00,0.000000e+00,0.000000e+00,0.000000e+00,0.000000e+00,0.000000e+00,0.000000e+00,0.000000e+00,0.000000e+00
1.000000e+00,0.000000e+00,0.000000e+00,0.000000e+00,0.000000e+00,0.000000e+00,0.000000e+00,0.000000e+00,0.000000e+00,0.000000e+00,0.000000e+00,0.000000e+00,0.000000e+00,0.000000e+00,0.000000e+00
1.000000e+00,0.000000e+00,0.000000e+00,0.000000e+00,0.000000e+00,0.000000e+00,0.000000e+00,0.000000e+00,0.000000e+00,0.000000e+00,0.000000e+00,0.000000e+00,0.000000e+00,0.000000e+00,0.000000e+00
1.000000e+00,0.000000e+00,0.000000e+00,0.000000e+00,0.000000e+00,0.000000e+00,0.000000e+00,0.000000e+00,0.000000e+00,0.000000e+00,0.000000e+00,0.000000e+00,0.000000e+00,0.000000e+00,0.000000e+00
1.000000e+00,0.000000e+00,0.000000e+00,0.000000e+00,0.000000e+00,0.000000e+00,0.000000e+00,0.000000e+00,0.000000e+00,0.000000e+00,0.000000e+00,0.000000e+00,0.000000e+00,0.000000e+00,0.000000e+00
1.000000e+00,0.000000e+00,0.000000e+00,0.000000e+00,0.000000e+00,0.000000e+00,0.000000e+00,0.000000e+00,0.000000e+00,0.000000e+00,0.000000e+00,0.000000e+00,0.000000e+00,0.000000e+00,0.000000e+00
1.000000e+00,0.000000e+00,0.000000e+00,0.000000e+00,0.000000e+00,0.000000e+00,0.000000e+00,0.000000e+00,0.000000e+00,0.000000e+00,0.000000e+00,0.000000e+00,0.000000e+00,0.000000e+00,0.000000e+00
1.000000e+00,0.000000e+00,0.000000e+00,0.000000e+00,0.000000e+00,0.000000e+00,0.000000e+00,0.000000e+00,0.000000e+00,0.000000e+00,0.000000e+00,0.000000e+00,0.000000e+00,0.000000e+00,0.000000e+00
1.000000e+00,0.000000e+00,0.000000e+00,0.000000e+00,0.000000e+00,0.000000e+00,0.000000e+00,0.000000e+00,0.000000e+00,0.000000e+00,0.000000e+00,0.000000e+00,0.000000e+00,0.000000e+00,0.000000e+00
1.000000e+00,0.000000e+00,0.000000e+00,0.000000e+00,0.000000e+00,0.000000e+00,0.000000e+00,0.000000e+00,0.000000e+00,0.000000e+00,0.000000e+00,0.000000e+00,0.000000e+00,0.000000e+00,0.000000e+00
3.846370e-01,1.224468e-02,2.991770e-01,4.954584e-02,5.830860e-03,1.154408e-01,3.707908e-03,3.617895e-02,3.747810e-03,6.054299e-03,4.713792e-02,1.545320e-02,5.415027e-03,4.506933e-03,1.092171e-02
2.775221e-01,1.130285e-02,4.166081e-01,6.888154e-02,4.897001e-03,1.131501e-01,3.036291e-03,2.997988e-02,3.110339e-03,1.033041e-02,3.382288e-02,1.113128e-02,4.040387e-03,3.387085e-03,8.799709e-03
2.375724e-01,2.475108e-02,3.351679e-01,6.241350e-02,1.464665e-02,2.282922e-01,2.999372e-03,2.375813e-02,2.925312e-03,1.282081e-02,2.592911e-02,8.606708e-03,3.617412e-03,4.625654e-03,1.187385e-02
1.747958e-01,2.503831e-02,2.699810e-01,5.354246e-02,1.508928e-02,3.207615e-01,2.980880e-03,1.845769e-02,5.902097e-03,5.090730e-02,2.304268e-02,6.808440e-03,5.001412e-03,8.025699e-03,1.966552e-02
1.230544e-01,2.346000e-02,2.073155e-01,3.919813e-02,1.153679e-02,2.908727e-01,4.154337e-03,1.307092e-02,7.884527e-03,4.473449e-02,1.641707e-01,1.097789e-02,4.503956e-03,3.625560e-02,1.881002e-02
8.634507e-02,1.660824e-02,1.466276e-01,2.765141e-02,8.242020e-03,2.231372e-01,3.451768e-03,9.291279e-03,6.775131e-03,3.349026e-02,3.559200e-01,1.988275e-02,3.279723e-03,4.564717e-02,1.365037e-02
6.067506e-02,1.172535e-02,1.037708e-01,1.947618e-02,5.828323e-03,1.739800e-01,2.865696e-03,6.558704e-03,5.562737e-03,2.488671e-02,4.970695e-01,2.815373e-02,2.391669e-03,4.666724e-02,1.038831e-02
4.255658e-02,8.355577e-03,7.281601e-02,1.368343e-02,4.162147e-03,1.236963e-01,2.958860e-03,4.637117e-03,4.285518e-03,1.851127e-02,6.294811e-01,2.702102e-02,1.871598e-03,3.705388e-02,8.909573e-03
2.985699e-02,5.892788e-03,5.105511e-02,9.634497e-03,3.049803e-03,8.957296e-02,2.415340e-03,3.300558e-03,3.343601e-03,1.356189e-02,7.255998e-01,2.752463e-02,1.642258e-03,2.692091e-02,6.628872e-03
2.129567e-02,4.253922e-03,3.598215e-02,6.816547e-03,2.439990e-03,7.291184e-02,3.052529e-03,2.478728e-03,2.755727e-03,1.084233e-02,7.621773e-01,4.747112e-02,1.597194e-03,2.012417e-02,5.800756e-03
1.516297e-02,3.685290e-03,2.565237e-02,4.912106e-03,2.434397e-03,5.396516e-02,2.677207e-03,1.774507e-03,2.627643e-03,1.243931e-02,7.916447e-01,5.967216e-02,2.365127e-03,1.506987e-02,5.917252e-03
1.113239e-02,6.553490e-03,1.966136e-02,3.582728e-03,4.683767e-03,3.893496e-02,2.370625e-03,1.300121e-03,3.057126e-03,1.617214e-02,8.077476e-01,6.143288e-02,3.230962e-03,1.224723e-02,7.892694e-03
8.757799e-03,8.821646e-03,1.623314e-02,3.555457e-03,8.483063e-03,3.944218e-02,2.137527e-03,1.307055e-03,5.590409e-03,1.594243e-02,7.655889e-01,9.812321e-02,5.257678e-03,1.141072e-02,9.348816e-03
6.310681e-03,6.880422e-03,1.181927e-02,2.781087e-03,8.564587e-03,4.098298e-02,1.647684e-03,1.029814e-03,5.633479e-03,1.506824e-02,7.661741e-01,1.119667e-01,5.247365e-03,8.921132e-03,6.972475e-03
4.692516e-03,8.813724e-03,9.541931e-03,2.544965e-03,1.087841e-02,3.715057e-02,1.263305e-03,9.566548e-04,7.146295e-03,1.714358e-02,7.686506e-01,1.105957e-01,6.333022e-03,7.195503e-03,7.093326e-03
3.597996e-03,1.249650e-02,1.026211e-02,2.660091e-03,2.054271e-02,3.195153e-02,1.101899e-03,2.204831e-03,1.003567e-02,4.101302e-02,7.459298e-01,9.481360e-02,9.575574e-03,6.636310e-03,7.178388e-03
3.267959e-03,2.923755e-02,5.421175e-02,4.235326e-03,2.496903e-02,2.535573e-02,9.886406e-04,7.839246e-03,1.673051e-02,4.394186e-02,6.565700e-01,1.030768e-01,1.244252e-02,6.747852e-03,1.038524e-02
5.044784e-03,3.011173e-02,2.341075e-01,4.805285e-03,2.176386e-02,2.254356e-02,8.644637e-04,1.942733e-02,1.840794e-02,3.255870e-02,4.884238e-01,9.144937e-02,1.147437e-02,1.039063e-02,8.626724e-03
5.837911e-03,3.780479e-02,3.669512e-01,7.309673e-03,3.342097e-02,2.481882e-02,9.677342e-04,2.761898e-02,1.948793e-02,2.591967e-02,3.511131e-01,6.906085e-02,9.864682e-03,1.257195e-02,7.251773e-03
5.364073e-03,3.273185e-02,5.300882e-01,7.443169e-03,2.882012e-02,1.979610e-02,7.787534e-04,2.174387e-02,1.562076e-02,1.842133e-02,2.474586e-01,4.934342e-02,7.347964e-03,9.564222e-03,5.477608e-03
1.186790e-02,2.870407e-02,6.272550e-01,8.164158e-03,3.249282e-02,1.566228e-02,6.258726e-04,1.697476e-02,1.405682e-02,1.337140e-02,1.757467e-01,3.577848e-02,5.696152e-03,9.056993e-03,4.546656e-03
1.850609e-02,2.849593e-02,6.846169e-01,9.257868e-03,3.185804e-02,1.230104e-02,5.214512e-04,1.287284e-02,1.146446e-02,1.065212e-02,1.265332e-01,2.545252e-02,4.273466e-03,1.872015e-02,4.473974e-03
3.390221e-02,5.804344e-02,6.568303e-01,1.908208e-02,4.812716e-02,1.330331e-02,7.753795e-04,1.059951e-02,9.713767e-03,9.181146e-03,9.116946e-02,1.854859e-02,3.312758e-03,2.038581e-02,7.025183e-03
5.915967e-02,7.717223e-02,5.797848e-01,2.661484e-02,8.397000e-02,1.318221e-02,9.565238e-04,1.151637e-02,1.366551e-02,9.160228e-03,7.095369e-02,1.497403e-02,2.832577e-03,2.722319e-02,8.834248e-03
8.624865e-02,9.334327e-02,5.033690e-01,2.813519e-02,1.113824e-01,1.952593e-02,1.019504e-03,1.216479e-02,1.468539e-02,1.014802e-02,5.598599e-02,1.238894e-02,2.683885e-03,3.272580e-02,1.619336e-02
1.185379e-01,7.842362e-02,4.576687e-01,2.097570e-02,9.502552e-02,1.933299e-02,7.798220e-04,1.198778e-02,1.526902e-02,1.205695e-02,9.171030e-02,1.172318e-02,2.859242e-03,4.715461e-02,1.649475e-02
9.942970e-02,6.793394e-02,4.353235e-01,1.533760e-02,6.789827e-02,1.724944e-02,5.755125e-04,8.937781e-03,1.330344e-02,1.052309e-02,1.683213e-01,9.667638e-03,2.591546e-03,6.912492e-02,1.378234e-02
8.691739e-02,5.253052e-02,3.149698e-01,1.265873e-02,4.791776e-02,1.461926e-02,5.047923e-04,6.612458e-03,1.148941e-02,8.167880e-03,3.409691e-01,1.063708e-02,2.296376e-03,7.886008e-02,1.084936e-02
6.140691e-02,3.729092e-02,2.210790e-01,9.074220e-03,3.362959e-02,1.105126e-02,3.829758e-04,4.685840e-03,8.440509e-03,5.881100e-03,5.270682e-01,8.209813e-03,1.742831e-03,6.228440e-02,7.772456e-03
4.344692e-02,2.625940e-02,1.549821e-01,6.522874e-03,2.371351e-02,9.106904e-03,3.043606e-04,3.404666e-03,6.236519e-03,4.242159e-03,6.471190e-01,7.005999e-03,1.438404e-03,6.069217e-02,5.524979e-03
3.101952e-02,1.856452e-02,1.098246e-01,5.148678e-03,1.709247e-02,2.337436e-02,3.764624e-04,3.121359e-03,6.174573e-03,3.218277e-03,6.672125e-01,8.636872e-03,1.444759e-03,1.008120e-01,3.979002e-03
2.234221e-02,1.311034e-02,7.823838e-02,3.991148e-03,1.236572e-02,4.228917e-02,3.685231e-04,2.877398e-03,5.665308e-03,2.625918e-03,6.650046e-01,9.494646e-03,1.405071e-03,1.373472e-01,2.874384e-03
1.581868e-02,9.260328e-03,5.503875e-02,2.982194e-03,8.876970e-03,3.216822e-02,2.833064e-04,2.096019e-03,4.570341e-03,2.121028e-03,7.205979e-01,8.361658e-03,1.508020e-03,1.341955e-01,2.121120e-03
1.122842e-02,6.767003e-03,3.895606e-02,2.244615e-03,6.702299e-03,2.301323e-02,2.259978e-04,1.656036e-03,4.679853e-03,2.323536e-03,7.542056e-01,9.882869e-03,1.222393e-03,1.352052e-01,1.686864e-03
7.885149e-03,4.989721e-03,2.734916e-02,1.795930e-03,5.735609e-03,1.660210e-02,2.600902e-04,1.255331e-03,3.917752e-03,2.980308e-03,8.073225e-01,1.041961e-02,1.088556e-03,1.069659e-01,1.432238e-03
5.573824e-03,3.850460e-03,1.934354e-02,1.454044e-03,5.240875e-03,1.203029e-02,2.298741e-04,1.293762e-03,4.099634e-03,3.248264e-03,8.249856e-01,1.061155e-02,8.929084e-04,1.059695e-01,1.175760e-03
3.991959e-03,3.377749e-03,1.374734e-02,1.626765e-03,7.990425e-03,1.199534e-02,3.059811e-04,2.415582e-03,7.323142e-03,4.773014e-03,7.688509e-01,1.550563e-02,8.027130e-04,1.562418e-01,1.051648e-03
2.833059e-03,4.339512e-03,9.977488e-03,1.445746e-03,6.906649e-03,1.157828e-02,3.580741e-04,2.026988e-03,7.308085e-03,4.624565e-03,8.017261e-01,1.665039e-02,7.100202e-04,1.281976e-01,1.317442e-03
2.116608e-03,3.281664e-03,7.271089e-03,1.324352e-03,6.095578e-03,9.042295e-03,3.383976e-04,2.504323e-03,7.163935e-03,4.396268e-03,8.221902e-01,1.781988e-02,8.668223e-04,1.145665e-01,1.022137e-03
1.571524e-03,2.596895e-03,5.168715e-03,1.247302e-03,5.876577e-03,6.860366e-03,2.853706e-04,1.868917e-03,7.121144e-03,4.337111e-03,8.404773e-01,1.727942e-02,1.073766e-03,1.033952e-01,8.403604e-04
1.484105e-03,3.762321e-03,4.589263e-03,1.803825e-03,6.632422e-02,6.200066e-03,1.829670e-03,4.159322e-03,7.038297e-03,5.764920e-03,7.670521e-01,2.196496e-02,1.709518e-03,1.052502e-01,1.067307e-03
2.244730e-03,2.947524e-03,4.728223e-03,2.793345e-03,7.453508e-02,5.735737e-03,5.068167e-03,2.345125e-02,6.868523e-03,5.545805e-03,7.321950e-01,2.314636e-02,2.634826e-03,1.071017e-01,1.003678e-03
9.991891e-03,2.456102e-03,1.161814e-02,5.616909e-03,8.563347e-02,1.207897e-02,9.443603e-03,1.756312e-01,9.469643e-03,7.885156e-03,5.536590e-01,2.342273e-02,3.553518e-03,8.814997e-02,1.389691e-03
1.551605e-02,1.910874e-03,1.468316e-02,5.620777e-03,6.518575e-02,1.193346e-02,1.273459e-02,3.738563e-01,7.160220e-03,6.078056e-03,4.005955e-01,1.729556e-02,2.932156e-03,6.338445e-02,1.113102e-03
1.798531e-02,1.593065e-03,1.596580e-02,6.324709e-03,5.356127e-02,1.113953e-02,1.292021e-02,5.246640e-01,5.381341e-03,4.456160e-03,2.853169e-01,1.258964e-02,2.365704e-03,4.487901e-02,8.572645e-04
1.964955e-02,1.508723e-03,2.234703e-02,7.726406e-03,5.444387e-02,1.321388e-02,2.291768e-02,6.027060e-01,4.267847e-03,3.252576e-03,2.014459e-01,1.033231e-02,3.573159e-03,3.189970e-02,7.152788e-04
1.971417e-02,1.420645e-03,2.191783e-02,7.821582e-03,6.597925e-02,1.452046e-02,2.744922e-02,6.561386e-01,3.642845e-03,2.376992e-03,1.434273e-01,7.966366e-03,4.338152e-03,2.269244e-02,5.940510e-04
2.077694e-02,1.424256e-03,1.841358e-02,7.175006e-03,1.066963e-01,1.420837e-02,2.436237e-02,6.692945e-01,3.430406e-03,1.719965e-03,1.016493e-01,7.235663e-03,6.749012e-03,1.631469e-02,5.495722e-04
3.657363e-02,1.659278e-03,1.681770e-02,8.959984e-03,1.020754e-01,3.140157e-02,2.208336e-02,6.581023e-01,4.312755e-03,1.358709e-03,7.356708e-02,1.321572e-02,1.744291e-02,1.161285e-02,8.167984e-04
4.213414e-02,2.007747e-03,1.475823e-02,1.073872e-02,1.010913e-01,3.269880e-02,1.644250e-02,6.659148e-01,5.542160e-03,1.274527e-03,5.811542e-02,1.708682e-02,2.306510e-02,8.218203e-03,9.115735e-04
4.131908e-02,3.446713e-03,1.397221e-02,1.601478e-02,8.736321e-02,4.087580e-02,1.285962e-02,5.169308e-01,1.340047e-02,1.569592e-02,1.171868e-01,7.552061e-02,3.262502e-02,8.953420e-03,3.835595e-03
4.303963e-02,5.294818e-03,1.710433e-02,2.300045e-02,7.385316e-02,4.182944e-02,1.102841e-02,3.868904e-01,2.411053e-02,2.601820e-02,1.854214e-01,1.042611e-01,3.308557e-02,1.850309e-02,6.559445e-03
9.415811e-02,5.569454e-03,3.947166e-02,2.599827e-02,5.880030e-02,3.582948e-02,9.072430e-03,2.812373e-01,2.446686e-02,2.141638e-02,2.367452e-01,9.744933e-02,2.563185e-02,3.860945e-02,5.543934e-03
7.875940e-02,5.884502e-03,3.864691e-02,2.411934e-02,4.519180e-02,2.841187e-02,7.240117e-03,2.017655e-01,2.641721e-02,1.707003e-02,3.229071e-01,1.079588e-01,1.999860e-02,7.085350e-02,4.775301e-03
5.954480e-02,4.819830e-03,4.696137e-02,2.286282e-02,3.295166e-02,3.399599e-02,5.921909e-03,1.440192e-01,2.274076e-02,1.422029e-02,3.766989e-01,1.061766e-01,1.533972e-02,1.098661e-01,3.880101e-03
4.673965e-02,4.301205e-03,4.401159e-02,2.344196e-02,2.468415e-02,4.099397e-02,4.921822e-03,1.046863e-01,2.217556e-02,1.263741e-02,4.009075e-01,1.037732e-01,1.255267e-02,1.511613e-01,3.011823e-03
3.680740e-02,5.316521e-03,3.580172e-02,2.037047e-02,1.922920e-02,3.599537e-02,3.727050e-03,7.582283e-02,3.827041e-02,9.761189e-03,3.945248e-01,1.336812e-01,1.119906e-02,1.771040e-01,2.388794e-03
3.404000e-02,7.052860e-03,3.091224e-02,1.684063e-02,2.356562e-02,2.888744e-02,2.805054e-03,5.824689e-02,8.595744e-02,7.798123e-03,3.600674e-01,9.938870e-02,9.205021e-03,2.330508e-01,2.181817e-03
2.537047e-02,7.340896e-03,2.254360e-02,1.211006e-02,1.788366e-02,2.164920e-02,1.990361e-03,4.206187e-02,1.505501e-01,5.809429e-03,3.557720e-01,7.285820e-02,7.707125e-03,2.543864e-01,1.966538e-03
1.873639e-02,6.269040e-03,1.616449e-02,8.644560e-03,1.278606e-02,1.610223e-02,1.402601e-03,3.000672e-02,1.940188e-01,4.262742e-03,3.545456e-01,5.329056e-02,5.881913e-03,2.762330e-01,1.655221e-03
1.564785e-02,7.527360e-03,1.453046e-02,6.386660e-03,9.410827e-03,1.236109e-02,1.004141e-03,2.147281e-02,2.398353e-01,3.657574e-03,3.301430e-01,4.078246e-02,4.509148e-03,2.912354e-01,1.495981e-03
1.280179e-02,6.025773e-03,1.052131e-02,4.727327e-03,6.880709e-03,9.254009e-03,7.140632e-04,1.519437e-02,2.707567e-01,2.904517e-03,3.080961e-01,3.459686e-02,3.716323e-03,3.126012e-01,1.209058e-03
9.389356e-03,9.047678e-03,2.410761e-02,4.703858e-03,5.326727e-03,1.084785e-02,5.439913e-04,1.694978e-02,3.907951e-01,2.552594e-03,2.356476e-01,2.573210e-02,2.752069e-03,2.606185e-01,9.851602e-04
6.714473e-03,6.844443e-03,1.743389e-02,3.342449e-03,3.939449e-03,1.519355e-02,3.816276e-04,1.191623e-02,5.470465e-01,1.918446e-03,1.716411e-01,1.816177e-02,2.009298e-03,1.927345e-01,7.223062e-04
5.103607e-03,7.248470e-03,1.261377e-02,2.445580e-03,3.129945e-03,6.807700e-02,2.686172e-04,8.392873e-03,6.101781e-01,1.630518e-03,1.236476e-01,1.276840e-02,1.508741e-03,1.422013e-01,7.855155e-04
3.999370e-03,7.968348e-03,1.089402e-02,1.864487e-03,2.769436e-03,2.654760e-01,1.906520e-04,6.083914e-03,4.982838e-01,1.406949e-03,8.768276e-02,8.974631e-03,1.102523e-03,1.022306e-01,1.072534e-03
3.188785e-03,8.286508e-03,2.057942e-02,7.247398e-03,3.694367e-03,2.673025e-01,1.375730e-04,5.870145e-03,5.378606e-01,1.658341e-03,6.187547e-02,6.335913e-03,9.356946e-04,7.311197e-02,1.915342e-03
9.058602e-03,7.066471e-03,8.690911e-02,2.683675e-02,1.005619e-02,2.255903e-01,1.812324e-04,1.258772e-02,5.121453e-01,2.111044e-03,4.513939e-02,4.585407e-03,9.347807e-04,5.368326e-02,3.114406e-03
1.069295e-02,5.980479e-03,9.146066e-02,3.649038e-02,1.305485e-02,3.122736e-01,1.697017e-04,1.816423e-02,4.287906e-01,3.264275e-03,3.287303e-02,3.487256e-03,9.651303e-04,3.854997e-02,3.782861e-03
1.084099e-02,5.788470e-03,8.131287e-02,3.137657e-02,1.157269e-02,3.932070e-01,1.365295e-04,1.637803e-02,3.675498e-01,4.850959e-03,2.486485e-02,2.596563e-03,8.748615e-04,2.819808e-02,2.045175e-02
2.898679e-02,7.851392e-03,6.420004e-02,2.641482e-02,2.475606e-02,4.640154e-01,2.369343e-04,1.737442e-02,2.897497e-01,4.618612e-03,2.039255e-02,1.935145e-03,9.764159e-04,2.203294e-02,2.645889e-02
3.017281e-02,1.286530e-02,5.075992e-02,3.717396e-02,5.471823e-02,3.343856e-01,2.778283e-04,2.677829e-02,3.547738e-01,5.602000e-03,2.519564e-02,1.884200e-03,3.275863e-03,1.745384e-02,4.468269e-02
2.135365e-02,9.580810e-03,3.609538e-02,2.875374e-02,3.885279e-02,2.344182e-01,1.996868e-04,1.890129e-02,4.722742e-01,4.529737e-03,2.490869e-02,1.118856e-02,9.429162e-03,1.243770e-02,7.707647e-02
1.617008e-02,7.990773e-03,2.801037e-02,3.250317e-02,3.490380e-02,1.652864e-01,2.325632e-04,1.363727e-02,3.660776e-01,5.299113e-03,1.581104e-01,5.532699e-02,2.650984e-02,3.144940e-02,5.849237e-02
1.175291e-02,6.110425e-03,2.090083e-02,2.704681e-02,3.525291e-02,1.162413e-01,2.275958e-04,9.640428e-03,2.742857e-01,6.190655e-03,2.791157e-01,7.448165e-02,3.619027e-02,5.774433e-02,4.481851e-02
8.768531e-03,4.796943e-03,1.802704e-02,2.320714e-02,3.945795e-02,8.170270e-02,2.077333e-04,7.042218e-03,1.959623e-01,6.760368e-03,3.104031e-01,7.037712e-02,3.044724e-02,1.638384e-01,3.900126e-02
7.324225e-03,4.277228e-03,1.369804e-02,1.925438e-02,7.648505e-02,5.742847e-02,2.127989e-04,5.299719e-03,1.412217e-01,9.433141e-03,3.606918e-01,6.481124e-02,2.491976e-02,1.774381e-01,3.750439e-02
6.985212e-03,4.172023e-03,1.526881e-02,2.442572e-02,7.057231e-02,4.436023e-02,3.138121e-04,4.825445e-03,1.027041e-01,2.738677e-02,4.058455e-01,6.089536e-02,2.282437e-02,1.607452e-01,4.867514e-02
7.664266e-03,5.761058e-03,1.357138e-02,2.060536e-02,5.348054e-02,3.415560e-02,4.987717e-04,5.872914e-03,7.725294e-02,5.819710e-02,4.400949e-01,5.222251e-02,2.022013e-02,1.605340e-01,4.986862e-02
7.822223e-03,5.129002e-03,1.139558e-02,1.593413e-02,3.928676e-02,2.463461e-02,4.479304e-04,4.956047e-03,5.632629e-02,6.193434e-02,5.026610e-01,4.278542e-02,1.596837e-02,1.725246e-01,3.819373e-02
1.757092e-02,5.022646e-03,9.446952e-03,1.259619e-02,2.812306e-02,1.915734e-02,4.321488e-04,3.988122e-03,4.218227e-02,1.215325e-01,5.100445e-01,3.491936e-02,1.274444e-02,1.481804e-01,3.405915e-02
6.659650e-02,5.097551e-03,8.850666e-03,1.115867e-02,2.126363e-02,1.600320e-02,6.233155e-04,3.900094e-03,3.227207e-02,1.711995e-01,4.534367e-01,3.273240e-02,1.110619e-02,1.309581e-01,3.480140e-02
9.798590e-02,6.606744e-03,1.697526e-02,1.394972e-02,2.160503e-02,1.790499e-02,1.538748e-03,5.641861e-03,2.621422e-02,1.831611e-01,4.221870e-01,3.396724e-02,1.166566e-02,1.067654e-01,3.383120e-02
1.231242e-01,9.228151e-03,1.677936e-02,1.237437e-02,2.163933e-02,1.602172e-02,1.340393e-03,7.826898e-03,2.116066e-02,2.482573e-01,3.753008e-01,2.712789e-02,9.502955e-03,8.527371e-02,2.504227e-02
1.400011e-01,9.999294e-03,1.665866e-02,1.232700e-02,2.898766e-02,1.587598e-02,1.389252e-03,1.158540e-02,2.199759e-02,2.747946e-01,3.405244e-01,2.236539e-02,8.089873e-03,7.254130e-02,2.286247e-02
1.967466e-01,9.929635e-03,1.383460e-02,1.507865e-02,3.727511e-02,1.847291e-02,1.162206e-03,1.446984e-02,7.295796e-02,2.413184e-01,2.626227e-01,1.820689e-02,9.943666e-03,6.133470e-02,2.664623e-02
1.925681e-01,1.007826e-02,1.863350e-02,1.520708e-02,5.749396e-02,1.612355e-02,1.006480e-03,1.759562e-02,9.667078e-02,2.148540e-01,2.227368e-01,2.415810e-02,2.289402e-02,6.559864e-02,2.438110e-02
1.813901e-01,1.133710e-02,1.969182e-02,1.443287e-02,6.780799e-02,1.703882e-02,1.464184e-03,2.282456e-02,1.296528e-01,1.964381e-01,1.838153e-01,3.463342e-02,2.949971e-02,5.501069e-02,3.496247e-02
1.619275e-01,3.960666e-02,1.949712e-02,1.286389e-02,7.309571e-02,1.742090e-02,2.498585e-03,3.023809e-02,1.592184e-01,1.922731e-01,1.492636e-01,2.950495e-02,2.385772e-02,5.285001e-02,3.588370e-02
1.494797e-01,6.463762e-02,2.445490e-02,1.309460e-02,8.468080e-02,2.086678e-02,4.951967e-03,2.904408e-02,1.841376e-01,1.717758e-01,1.209762e-01,2.843149e-02,2.064439e-02,4.206350e-02,4.076055e-02
1.307939e-01,5.446118e-02,2.824685e-02,4.735111e-02,1.527362e-01,2.645141e-02,1.302213e-02,6.992742e-02,1.522956e-01,1.301153e-01,8.996642e-02,2.371489e-02,1.804833e-02,3.070549e-02,3.216387e-02
9.615080e-02,4.830398e-02,2.177350e-02,1.586677e-01,1.847056e-01,2.698180e-02,9.968031e-03,4.973047e-02,1.295955e-01,9.255480e-02,7.244875e-02,1.774949e-02,4.404053e-02,2.175802e-02,2.557115e-02
7.569441e-02,3.605115e-02,1.700830e-02,1.213186e-01,1.524436e-01,4.094853e-02,9.638871e-03,3.535276e-02,9.770087e-02,6.703291e-02,6.204643e-02,2.344048e-02,2.010141e-01,1.570827e-02,4.460078e-02
5.391564e-02,2.572614e-02,1.390039e-02,9.789181e-02,1.172484e-01,7.122722e-02,8.696603e-03,3.509459e-02,7.179794e-02,4.860657e-02,7.219812e-02,2.235261e-02,3.051238e-01,1.104602e-02,4.517418e-02
4.203905e-02,1.961153e-02,1.118812e-02,7.283848e-02,1.026610e-01,1.032038e-01,7.744253e-03,3.161196e-02,8.654520e-02,3.461270e-02,5.796563e-02,2.929895e-02,3.548456e-01,7.794712e-03,3.803906e-02
3.139406e-02,1.638770e-02,1.017339e-02,5.497211e-02,7.517032e-02,8.114478e-02,5.920609e-03,2.671791e-02,8.185434e-02,2.456272e-02,4.363792e-02,3.226438e-02,4.800958e-01,5.606011e-03,3.009800e-02
2.427541e-02,1.378271e-02,7.486304e-03,3.912876e-02,5.493133e-02,5.988992e-02,4.953979e-03,1.983032e-02,8.403923e-02,1.738236e-02,3.262711e-02,3.317158e-02,5.813453e-01,3.949889e-03,2.320587e-02
1.826957e-02,1.029099e-02,5.692969e-03,2.793518e-02,4.701509e-02,4.799911e-02,7.306427e-03,1.645758e-02,8.944277e-02,1.236057e-02,2.446951e-02,2.891782e-02,6.424871e-01,2.792694e-03,1.856261e-02
1.649601e-02,8.844252e-03,4.087846e-03,1.999944e-02,3.508640e-02,3.686374e-02,5.543233e-03,1.208585e-02,7.666688e-02,8.931451e-03,1.787976e-02,3.741905e-02,7.011510e-01,2.011179e-03,1.693396e-02
1.414855e-02,9.480168e-03,3.096613e-03,1.472786e-02,2.726664e-02,2.810921e-02,4.553013e-03,8.724505e-03,7.173401e-02,6.773452e-03,1.395237e-02,3.280380e-02,7.428809e-01,1.555554e-03,2.019330e-02
1.210475e-02,8.905988e-03,3.024799e-03,1.074449e-02,2.506707e-02,2.205214e-02,8.311175e-03,7.841883e-03,7.204928e-02,5.129519e-03,1.076621e-02,2.558048e-02,7.650762e-01,1.194483e-03,2.215155e-02
1.493616e-02,1.051885e-02,2.418019e-03,7.856838e-03,2.168201e-02,1.878731e-02,6.740845e-03,6.629366e-03,7.032333e-02,3.701997e-03,8.218907e-03,2.192470e-02,7.878058e-01,8.948275e-04,1.756104e-02
1.541880e-02,1.467954e-02,3.624996e-03,5.695924e-03,1.843639e-02,1.738186e-02,5.650002e-03,5.742037e-03,6.504624e-02,2.697214e-03,6.212109e-03,1.791982e-02,8.080803e-01,7.150011e-04,1.269974e-02
1.504280e-02,2.433085e-02,6.421152e-03,4.246051e-03,1.399643e-02,1.726374e-02,4.548060e-03,4.536328e-03,5.658939e-02,2.402201e-03,4.877600e-03,1.401593e-02,8.202465e-01,6.835769e-04,1.079934e-02
1.819640e-02,2.064053e-02,2.234461e-02,3.433573e-03,1.372356e-02,1.485913e-02,5.441189e-03,1.542812e-02,4.780129e-02,2.630139e-03,4.070942e-03,1.128450e-02,8.082625e-01,7.186141e-04,1.116494e-02
4.132911e-02,1.712738e-02,8.473600e-02,4.235150e-03,1.187518e-02,1.398864e-02,4.464533e-03,2.394447e-02,3.995408e-02,3.014098e-03,3.875604e-03,9.354742e-03,7.270654e-01,1.289087e-03,1.374652e-02
4.131204e-02,1.295459e-02,2.462005e-01,6.660738e-03,1.152410e-02,1.190204e-02,4.153707e-03,4.365588e-02,3.109728e-02,3.275773e-03,4.027644e-03,7.900078e-03,5.627384e-01,1.221696e-03,1.137551e-02
4.960223e-02,1.014046e-02,3.999785e-01,8.855373e-03,1.086874e-02,1.048731e-02,3.380211e-03,3.839613e-02,2.668972e-02,3.732826e-03,3.589125e-03,6.122936e-03,4.078800e-01,1.465613e-03,1.881079e-02
5.341946e-02,1.099077e-02,4.832131e-01,1.012310e-02,1.398508e-02,9.374995e-03,3.247595e-03,4.841482e-02,3.174789e-02,4.636758e-03,3.817079e-03,5.058736e-03,2.992599e-01,1.699521e-03,2.101113e-02
6.584996e-02,6.142714e-02,3.954911e-01,1.051157e-02,1.849102e-02,1.399796e-02,2.763129e-03,4.405853e-02,1.182422e-01,6.218005e-03,4.562903e-03,5.598073e-03,2.285484e-01,1.682194e-03,2.255777e-02
5.911709e-02,1.187100e-01,2.821652e-01,1.317207e-02,2.134757e-02,2.326644e-02,2.258358e-03,3.200022e-02,2.351860e-01,9.775678e-03,5.013859e-03,7.013476e-03,1.671466e-01,1.327576e-03,2.249993e-02
4.405236e-02,9.950307e-02,2.286003e-01,1.425392e-01,2.641877e-02,2.009166e-02,2.168715e-03,3.829578e-02,2.396633e-01,1.159927e-02,3.910962e-03,5.565233e-03,1.185811e-01,9.477297e-04,1.806260e-02
4.095429e-02,1.118397e-01,1.989724e-01,1.482042e-01,3.518994e-02,2.319092e-02,2.137967e-03,3.734223e-02,2.616416e-01,2.222402e-02,6.088300e-03,6.704919e-03,8.615962e-02,7.902341e-04,1.855966e-02
3.195947e-02,8.635877e-02,2.682198e-01,2.125363e-01,2.739684e-02,1.720189e-02,1.707712e-03,3.664976e-02,2.134419e-01,1.815978e-02,5.088132e-03,5.423983e-03,6.128384e-02,5.843105e-04,1.398744e-02
3.118755e-02,7.604323e-02,3.369732e-01,2.004510e-01,2.296650e-02,1.418544e-02,1.448978e-03,2.981924e-02,2.017015e-01,1.800045e-02,5.670367e-03,5.410932e-03,4.429279e-02,4.929194e-04,1.135585e-02
2.320101e-02,5.606464e-02,3.313098e-01,3.188863e-01,1.667750e-02,1.288585e-02,1.090787e-03,2.142612e-02,1.471369e-01,1.447429e-02,7.988984e-03,5.113826e-03,3.348326e-02,3.699261e-04,9.890825e-03
1.805675e-02,4.503869e-02,3.281684e-01,3.604029e-01,1.326794e-02,1.197900e-02,9.445703e-04,1.594356e-02,1.131864e-01,1.199351e-02,2.913477e-02,1.048573e-02,3.205438e-02,3.831114e-04,8.960251e-03
1.430999e-02,3.412157e-02,2.767408e-01,3.936121e-01,1.027077e-02,1.491100e-02,7.842834e-04,1.164759e-02,8.136155e-02,1.103419e-02,6.870357e-02,3.647693e-02,3.681675e-02,5.870162e-04,8.621830e-03
1.165943e-02,2.486017e-02,2.168189e-01,3.812010e-01,8.165767e-03,1.383851e-02,8.280836e-04,8.333887e-03,5.991250e-02,1.605455e-02,1.572791e-01,4.056560e-02,5.065107e-02,1.855821e-03,7.975630e-03
9.047621e-03,1.828301e-02,1.772456e-01,3.377057e-01,6.060048e-03,1.297770e-02,7.005948e-04,5.935813e-03,4.501657e-02,2.245800e-02,2.494162e-01,4.752456e-02,5.727998e-02,2.621932e-03,7.726597e-03
7.066355e-03,1.382368e-02,1.453086e-01,3.210773e-01,5.030551e-03,1.288878e-02,6.154024e-04,4.459651e-03,3.422748e-02,2.253986e-02,3.091000e-01,6.226283e-02,5.222920e-02,2.556766e-03,6.813583e-03
5.902930e-03,1.041664e-02,1.060673e-01,2.466959e-01,4.130155e-03,1.055273e-02,6.578280e-04,3.358396e-03,3.007694e-02,2.787090e-02,3.942620e-01,9.448410e-02,5.245083e-02,2.919074e-03,1.015426e-02
6.341924e-03,1.028456e-02,8.196178e-02,2.294617e-01,6.236334e-03,1.214756e-02,1.021263e-03,3.280124e-03,4.326396e-02,5.547995e-02,3.735363e-01,1.172071e-01,4.342822e-02,3.713969e-03,1.263522e-02
6.479682e-03,9.714335e-03,6.262865e-02,1.786792e-01,7.102259e-03,1.865896e-02,1.332272e-03,5.320689e-03,6.361273e-02,5.365709e-02,3.452547e-01,1.740439e-01,5.495933e-02,6.138899e-03,1.241726e-02
7.317027e-03,8.053735e-03,4.514092e-02,1.300917e-01,1.196792e-02,1.509225e-02,1.776324e-03,4.872069e-03,1.235431e-01,4.924864e-02,3.549892e-01,1.768627e-01,5.415253e-02,6.326560e-03,1.056539e-02
1.201629e-02,8.123716e-03,3.481260e-02,9.635664e-02,4.222470e-02,1.293386e-02,2.097335e-03,1.286052e-02,1.867866e-01,4.310797e-02,3.038359e-01,1.583062e-01,7.156308e-02,6.628864e-03,8.345859e-03
1.423058e-02,7.203225e-03,2.556100e-02,7.046509e-02,5.741667e-02,1.242461e-02,2.569712e-03,1.341243e-02,2.168865e-01,3.502792e-02,2.639343e-01,1.566789e-01,1.108278e-01,6.466191e-03,6.895105e-03
1.582169e-02,7.079642e-03,1.863115e-02,4.967747e-02,4.443542e-02,1.156026e-02,2.779168e-03,1.049754e-02,2.087051e-01,2.649863e-02,2.035129e-01,2.272291e-01,1.621569e-01,5.787967e-03,5.627257e-03
1.395077e-02,8.298478e-03,1.358697e-02,3.509938e-02,3.265749e-02,1.136853e-02,2.772617e-03,8.252284e-03,2.027301e-01,2.022226e-02,1.508410e-01,3.529279e-01,1.369655e-01,4.937460e-03,5.389325e-03
1.235383e-02,8.371100e-03,9.709250e-03,2.466805e-02,2.339626e-02,1.117955e-02,2.233428e-03,6.216131e-03,1.814750e-01,1.558502e-02,1.114971e-01,4.742517e-01,1.106597e-01,3.858589e-03,4.545373e-03
1.076532e-02,9.088915e-03,8.294812e-03,2.190587e-02,1.771148e-02,9.059867e-03,1.631658e-03,5.226737e-03,1.717910e-01,1.224721e-02,8.369011e-02,5.554017e-01,8.639912e-02,3.200276e-03,3.585919e-03
8.323399e-03,1.420982e-02,5.947693e-03,1.555033e-02,1.337598e-02,1.923672e-02,1.276968e-03,3.948553e-03,2.451611e-01,1.473205e-02,6.264892e-02,5.210733e-01,6.913631e-02,2.541199e-03,2.837643e-03
1.006634e-02,1.972801e-02,4.631498e-03,1.131263e-02,1.268410e-02,2.437501e-02,1.315847e-03,6.117078e-03,4.093919e-01,1.196087e-02,4.498172e-02,3.895762e-01,4.990317e-02,1.852929e-03,2.102695e-03
1.316703e-02,2.126739e-02,3.825970e-03,8.439034e-03,1.214987e-02,2.919832e-02,1.474542e-03,8.641045e-03,4.780935e-01,1.347576e-02,3.281369e-02,3.377447e-01,3.652071e-02,1.433493e-03,1.754941e-03
1.617310e-02,2.429305e-02,3.723167e-03,6.357721e-03,1.682041e-02,3.362541e-02,1.682598e-03,1.080001e-02,5.172947e-01,3.121900e-02,2.496070e-02,2.829363e-01,2.741817e-02,1.139884e-03,1.555662e-03
2.401588e-02,2.129621e-02,4.780228e-03,5.894594e-03,2.372483e-02,3.426592e-02,2.881472e-03,4.016398e-02,4.109673e-01,1.731539e-01,1.889622e-02,2.128092e-01,2.438127e-02,1.244101e-03,1.524811e-03
3.172730e-02,1.723823e-02,8.213665e-03,6.420867e-03,4.045364e-02,2.767142e-02,6.668576e-03,1.670854e-01,3.029442e-01,2.034390e-01,1.380589e-02,1.540259e-01,1.800796e-02,1.037584e-03,1.260352e-03
5.159065e-02,1.857300e-02,9.054141e-03,6.228760e-03,5.236685e-02,3.416171e-02,5.810834e-03,2.231244e-01,2.561798e-01,2.018258e-01,1.043608e-02,1.128585e-01,1.488670e-02,1.460586e-03,1.442036e-03
6.851427e-02,1.867072e-02,7.279166e-03,5.204374e-03,4.776942e-02,3.551485e-02,5.897026e-03,2.251295e-01,2.007025e-01,2.732338e-01,8.041656e-03,8.674751e-02,1.304828e-02,2.599091e-03,1.647701e-03
9.478980e-02,2.031533e-02,5.967417e-03,4.170158e-03,4.064018e-02,3.933808e-02,7.568804e-03,2.241781e-01,1.635885e-01,3.056061e-01,6.433755e-03,6.666113e-02,1.249530e-02,6.208280e-03,2.038945e-03
1.200282e-01,2.333544e-02,4.863412e-03,3.637896e-03,3.268121e-02,5.550436e-02,9.364517e-03,2.209285e-01,1.465659e-01,2.992263e-01,5.843103e-03,5.030096e-02,1.569767e-02,8.219943e-03,3.802589e-03
1.498594e-01,2.163724e-02,3.824851e-03,3.783903e-03,2.673723e-02,5.269727e-02,9.739254e-03,2.179763e-01,1.400283e-01,3.052142e-01,5.172138e-03,3.693302e-02,1.304767e-02,7.056365e-03,6.292790e-03
