1.000000e+00,0.000000e+00,0.000000e+00,0.000000e+00,0.000000e+00,0.000000e+00,0.000000e+00,0.000000e+00,0.000000e+00,0.000000e+00,0.000000e+00,0.000000e+00,0.000000e+00,0.000000e+00,0.000000e+00
1.000000e+00,0.000000e+00,0.000000e+00,0.000000e+00,0.000000e+00,0.000000e+00,0.000000e+00,0.000000e+00,0.000000e+00,0.000000e+00,0.000000e+00,0.000000e+00,0.000000e+00,0.000000e+00,0.000000e+00
1.000000e+00,0.000000e+00,0.000000e+00,0.000000e+00,0.000000e+00,0.000000e+00,0.000000e+00,0.000000e+00,0.000000e+00,0.000000e+00,0.000000e+00,0.000000e+00,0.000000e+00,0.000000e+00,0.000000e+00
1.000000e+00,0.000000e+00,0.000000e+00,0.000000e+00,0.000000e+00,0.000000e+00,0.000000e+00,0.000000e+00,0.000000e+00,0.000000e+00,0.000000e+00,0.000000e+00,0.000000e+00,0.000000e+00,0.000000e+00
1.000000e+00,0.000000e+00,0.000000e+00,0.000000e+00,0.000000e+00,0.000000e+00,0.000000e+00,0.000000e+00,0.000000e+00,0.000000e+00,0.000000e+00,0.000000e+00,0.000000e+00,0.000000e+00,0.000000e+00
1.000000e+00,0.000000e+00,0.000000e+00,0.000000e+00,0.000000e+00,0.000000e+00,0.000000e+00,0.000000e+00,0.000000e+00,0.000000e+00,0.000000e+00,0.000000e+00,0.000000e+00,0.000000e+00,0.000000e+00
1.000000e+00,0.000000e+00,0.000000e+00,0.000000e+00,0.000000e+00,0.000000e+00,0.000000e+00,0.000000e+00,0.000000e+00,0.000000e+00,0.000000e+00,0.000000e+00,0.000000e+00,0.000000e+00,0.000000e+00
1.000000e+00,0.000000e+00,0.000000e+00,0.000000e+00,0.000000e+00,0.000000e+00,0.000000e+00,0.000000e+00,0.000000e+00,0.000000e+00,0.000000e+00,0.000000e+00,0.000000e+00,0.000000e+00,0.000000e+00
1.000000e+00,0.000000e+00,0.000000e+00,0.000000e+00,0.000000e+00,0.000000e+00,0.000000e+00,0.000000e+00,0.000000e+00,0.000000e+00,0.000000e+00,0.000000e+00,0.000000e+00,0.000000e+00,0.000000e+00
1.000000e+00,0.000000e+00,0.000000e+00,0.000000e+00,0.000000e+00,0.000000e+00,0.000000e+00,0.000000e+00,0.000000e+00,0.000000e+00,0.000000e+00,0.000000e+00,0.000000e+00,0.000000e+00,0.000000e+00
1.000000e+00,0.000000e+00,0.000000e+00,0.000000e+00,0.000000e+00,0.000000e+00,0.000000e+00,0.000000e+00,0.000000e+00,0.000000e+00,0.000000e+00,0.000000e+00,0.000000e+00,0.000000e+00,0.000000e+00
1.000000e+00,0.000000e+00,0.000000e+00,0.000000e+00,0.000000e+00,0.000000e+00,0.000000e+00,0.000000e+00,0.000000e+00,0.000000e+00,0.000000e+00,0.000000e+00,0.000000e+00,0.000000e+00,0.000000e+00
1.000000e+00,0.000000e+00,0.000000e+00,0.000000e+00,0.000000e+00,0.000000e+00,0.000000e+00,0.000000e+00,0.000000e+00,0.000000e+00,0.000000e+00,0.000000e+00,0.000000e+00,0.000000e+00,0.000000e+00
1.000000e+00,0.000000e+00,0.000000e+00,0.000000e+00,0.000000e+00,0.000000e+00,0.000000e+00,0.000000e+00,0.000000e+00,0.000000e+00,0.000000e+00,0.000000e+00,0.000000e+00,0.000000e+00,0.000000e+00
1.000000e+00,0.000000e+00,0.000000e+00,0.000000e+00,0.000000e+00,0.000000e+00,0.000000e+00,0.000000e+00,0.000000e+00,0.000000e+00,0.000000e+00,0.000000e+00,0.000000e+00,0.000000e+00,0.000000e+00
1.000000e+00,0.000000e+00,0.000000e+00,0.000000e+00,0.000000e+00,0.000000e+00,0.000000e+00,0.000000e+00,0.000000e+00,0.000000e+00,0.000000e+00,0.000000e+00,0.000000e+00,0.000000e+00,0.000000e+00
1.000000e+00,0.000000e+00,0.000000e+00,0.000000e+00,0.000000e+00,0.000000e+00,0.000000e+00,0.000000e+00,0.000000e+00,0.000000e+00,0.000000e+00,0.000000e+00,0.000000e+00,0.000000e+00,0.000000e+00
1.000000e+00,0.000000e+00,0.000000e+00,0.000000e+00,0.000000e+00,0.000000e+00,0.000000e+00,0.000000e+00,0.000000e+00,0.000000e+00,0.000000e+00,0.000000e+00,0.000000e+00,0.000000e+00,0.000000e+00
1.000000e+00,0.000000e+00,0.000000e+00,0.000000e+00,0.000000e+00,0.000000e+00,0.000000e+00,0.000000e+00,0.000000e+00,0.000000e+00,0.000000e+00,0.000000e+00,0.000000e+00,0.000000e+00,0.000000e+00
1.000000e+00,0.000000e+00,0.000000e+00,0.000000e+00,0.000000e+00,0.000000e+00,0.000000e+00,0.000000e+00,0.000000e+00,0.000000e+00,0.000000e+00,0.000000e+00,0.000000e+00,0.000000e+00,0.000000e+00
1.000000e+00,0.000000e+00,0.000000e+00,0.000000e+00,0.000000e+00,0.000000e+00,0.000000e+00,0.000000e+00,0.000000e+00,0.000000e+00,0.000000e+00,0.000000e+00,0.000000e+00,0.000000e+00,0.000000e+00
1.000000e+00,0.000000e+00,0.000000e+00,0.000000e+00,0.000000e+00,0.000000e+00,0.000000e+00,0.000000e+00,0.000000e+00,0.000000e+00,0.000000e+00,0.000000e+00,0.000000e+00,0.000000e+00,0.000000e+00
1.000000e+00,0.000000e+00,0.000000e+00,0.000000e+00,0.000000e+00,0.000000e+00,0.000000e+00,0.000000e+00,0.000000e+00,0.000000e+00,0.000000e+00,0.000000e+00,0.000000e+00,0.000000e+00,0.000000e+00
1.000000e+00,0.000000e+00,0.000000e+00,0.000000e+00,0.000000e+00,0.000000e+00,0.000000e+00,0.000000e+00,0.000000e+00,0.000000e+00,0.000000e+00,0.000000e+00,0.000000e+00,0.000000e+00,0.000000e+00
1.000000e+00,0.000000e+00,0.000000e+00,0.000000e+00,0.000000e+00,0.000000e+00,0.000000e+00,0.000000e+00,0.000000e+00,0.000000e+00,0.000000e+00,0.000000e+00,0.000000e+00,0.000000e+00,0.000000e+00
1.000000e+00,0.000000e+00,0.000000e+00,0.000000e+00,0.000000e+00,0.000000e+00,0.000000e+00,0.000000e+00,0.000000e+00,0.000000e+00,0.000000e+00,0.000000e+00,0.000000e+00,0.000000e+00,0.000000e+00
1.000000e+00,0.000000e+00,0.000000e+00,0.000000e+00,0.000000e+00,0.000000e+00,0.000000e+00,0.000000e+00,0.000000e+00,0.000000e+00,0.000000e+00,0.000000e+00,0.000000e+00,0.000000e+00,0.000000e+00
1.000000e+00,0.000000e+00,0.000000e+00,0.000000e+00,0.000000e+00,0.000000e+00,0.000000e+00,0.000000e+00,0.000000e+00,0.000000e+00,0.000000e+00,0.000000e+00,0.000000e+00,0.000000e+00,0.000000e+00
1.000000e+00,0.000000e+00,0.000000e+00,0.000000e+00,0.000000e+00,0.000000e+00,0.000000e+00,0.000000e+00,0.000000e+00,0.000000e+00,0.000000e+00,0.000000e+00,0.000000e+00,0.000000e+00,0.000000e+00
1.000000e+00,0.000000e+00,0.000000e+00,0.000000e+00,0.000000e+00,0.000000e+00,0.000000e+00,0.000000e+00,0.000000e+00,0.000000e+00,0.000000e+00,0.000000e+00,0.000000e+00,0.000000e+00,0.000000e+00
1.000000e+00,0.000000e+00,0.000000e+00,0.000000e+00,0.000000e+00,0.000000e+00,0.000000e+00,0.000000e+00,0.000000e+00,0.000000e+00,0.000000e+00,0.000000e+00,0.000000e+00,0.000000e+00,0.000000e+00
1.000000e+00,0.000000e+00,0.000000e+00,0.000000e+00,0.000000e+00,0.000000e+00,0.000000e+00,0.000000e+00,0.000000e+00,0.000000e+00,0.000000e+00,0.000000e+00,0.000000e+00,0.000000e+00,0.000000e+00
1.000000e+00,0.000000e+00,0.000000e+00,0.000000e+00,0.000000e+00,0.000000e+00,0.000000e+00,0.000000e+00,0.000000e+00,0.000000e+00,0.000000e+00,0.000000e+00,0.000000e+00,0.000000e+00,0.000000e+00
1.000000e+00,0.000000e+00,0.000000e+00,0.000000e+00,0.000000e+00,0.000000e+00,0.000000e+00,0.000000e+00,0.000000e+00,0.000000e+00,0.000000e+00,0.000000e+00,0.000000e+00,0.000000e+00,0.000000e+00
1.000000e+00,0.000000e+00,0.000000e+00,0.000000e+00,0.000000e+00,0.000000e+00,0.000000e+00,0.000000e+00,0.000000e+00,0.000000e+00,0.000000e+00,0.000000e+00,0.000000e+00,0.000000e+00,0.000000e+00
1.000000e+00,0.000000e+00,0.000000e+00,0.000000e+00,0.000000e+00,0.000000e+00,0.000000e+00,0.000000e+00,0.000000e+00,0.000000e+00,0.000000e+00,0.000000e+00,0.000000e+00,0.000000e+00,0.000000e+00
1.000000e+00,0.000000e+00,0.000000e+00,0.000000e+00,0.000000e+00,0.000000e+00,0.000000e+00,0.000000e+00,0.000000e+00,0.000000e+00,0.000000e+00,0.000000e+00,0.000000e+00,0.000000e+00,0.000000e+00
1.000000e+00,0.000000e+00,0.000000e+00,0.000000e+00,0.000000e+00,0.000000e+00,0.000000e+00,0.000000e+00,0.000000e+00,0.000000e+00,0.000000e+00,0.000000e+00,0.000000e+00,0.000000e+00,0.000000e+00
1.000000e+00,0.000000e+00,0.000000e+00,0.000000e+00,0.000000e+00,0.000000e+00,0.000000e+00,0.000000e+00,0.000000e+00,0.000000e+00,0.000000e+00,0.000000e+00,0.000000e+00,0.000000e+00,0.000000e+00
1.000000e+00,0.000000e+00,0.000000e+00,0.000000e+00,0.000000e+00,0.000000e+00,0.000000e+00,0.000000e+00,0.000000e+00,0.000000e+00,0.000000e+00,0.000000e+00,0.000000e+00,0.000000e+00,0.000000e+00
1.000000e+00,0.000000e+00,0.000000e+00,0.000000e+00,0.000000e+00,0.000000e+00,0.000000e+00,0.000000e+00,0.000000e+00,0.000000e+00,0.000000e+00,0.000000e+00,0.000000e+00,0.000000e+00,0.000000e+00
1.000000e+00,0.000000e+00,0.000000e+00,0.000000e+00,0.000000e+00,0.000000e+00,0.000000e+00,0.000000e+00,0.000000e+00,0.000000e+00,0.000000e+00,0.000000e+00,0.000000e+00,0.000000e+00,0.000000e+00
1.000000e+00,0.000000e+00,0.000000e+00,0.000000e+00,0.000000e+00,0.000000e+00,0.000000e+00,0.000000e+00,0.000000e+00,0.000000e+00,0.000000e+00,0.000000e+00,0.000000e+00,0.000000e+00,0.000000e+00
1.000000e+00,0.000000e+00,0.000000e+00,0.000000e+00,0.000000e+00,0.000000e+00,0.000000e+00,0.000000e+00,0.000000e+00,0.000000e+00,0.000000e+00,0.000000e+00,0.000000e+00,0.000000e+00,0.000000e+00
1.000000e+00,0.000000e+00,0.000000e+00,0.000000e+00,0.000000e+00,0.000000e+00,0.000000e+00,0.000000e+00,0.000000e+00,0.000000e+00,0.000000e+00,0.000000e+00,0.000000e+00,0.000000e+00,0.000000e+00
1.000000e+00,0.000000e+00,0.000000e+00,0.000000e+00,0.000000e+00,0.000000e+00,0.000000e+00,0.000000e+00,0.000000e+00,0.000000e+00,0.000000e+00,0.000000e+00,0.000000e+00,0.000000e+00,0.000000e+00
1.000000e+00,0.000000e+00,0.000000e+00,0.000000e+00,0.000000e+00,0.000000e+00,0.000000e+00,0.000000e+00,0.000000e+00,0.000000e+00,0.000000e+00,0.000000e+00,0.000000e+00,0.000000e+00,0.000000e+00
1.000000e+00,0.000000e+00,0.000000e+00,0.000000e+00,0.000000e+00,0.000000e+00,0.000000e+00,0.000000e+00,0.000000e+00,0.000000e+00,0.000000e+00,0.000000e+00,0.000000e+00,0.000000e+00,0.000000e+00
1.000000e+00,0.000000e+00,0.000000e+00,0.000000e+00,0.000000e+00,0.000000e+00,0.000000e+00,0.000000e+00,0.000000e+00,0.000000e+00,0.000000e+00,0.000000e+00,0.000000e+00,0.000000e+00,0.000000e+00
1.000000e+00,0.000000e+00,0.000000e+00,0.000000e+00,0.000000e+00,0.000000e+00,0.000000e+00,0.000000e+00,0.000000e+00,0.000000e+00,0.000000e+00,0.000000e+00,0.000000e+00,0.000000e+00,0.000000e+00
1.000000e+00,0.000000e+00,0.000000e+00,0.000000e+00,0.000000e+00,0.000000e+00,0.000000e+00,0.000000e+00,0.000000e+00,0.000000e+00,0.000000e+00,0.000000e+00,0.000000e+00,0.000000e+00,0.000000e+00
1.000000e+00,0.000000e+00,0.000000e+00,0.000000e+00,0.000000e+00,0.000000e+00,0.000000e+00,0.000000e+00,0.000000e+00,0.000000e+00,0.000000e+00,0.000000e+00,0.000000e+00,0.000000e+00,0.000000e+00
1.000000e+00,0.000000e+00,0.000000e+00,0.000000e+00,0.000000e+00,0.000000e+00,0.000000e+00,0.000000e+00,0.000000e+00,0.000000e+00,0.000000e+00,0.000000e+00,0.000000e+00,0.000000e+00,0.000000e+00
1.000000e+00,0.000000e+00,0.000000e+00,0.000000e+00,0.000000e+00,0.000000e+00,0.000000e+00,0.000000e+00,0.000000e+00,0.000000e+00,0.000000e+00,0.000000e+00,0.000000e+00,0.000000e+00,0.000000e+00
1.000000e+00,0.000000e+00,0.000000e+00,0.000000e+00,0.000000e+00,0.000000e+00,0.000000e+00,0.000000e+00,0.000000e+00,0.000000e+00,0.000000e+00,0.000000e+00,0.000000e+00,0.000000e+00,0.000000e+00
1.000000e+00,0.000000e+00,0.000000e+00,0.000000e+00,0.000000e+00,0.000000e+00,0.000000e+00,0.000000e+00,0.000000e+00,0.000000e+00,0.000000e+00,0.000000e+00,0.000000e+00,0.000000e+00,0.000000e+00
1.000000e+00,0.000000e+00,0.000000e+00,0.000000e+00,0.000000e+00,0.000000e+00,0.000000e+00,0.000000e+00,0.000000e+00,0.000000e+00,0.000000e+00,0.000000e+00,0.000000e+00,0.000000e+00,0.000000e+00
1.000000e+00,0.000000e+00,0.000000e+00,0.000000e+00,0.000000e+00,0.000000e+00,0.000000e+00,0.000000e+00,0.000000e+00,0.000000e+00,0.000000e+00,0.000000e+00,0.000000e+00,0.000000e+00,0.000000e+00
4.612309e-01,8.380970e-03,6.332247e-03,2.361690e-02,1.524901e-02,1.528234e-02,4.395874e-03,4.010494e-01,4.675209e-03,1.031818e-03,2.002201e-02,1.733673e-02,1.028374e-02,2.685274e-03,8.427570e-03
3.349725e-01,6.295651e-03,6.531354e-03,2.051132e-02,2.629856e-02,1.210510e-02,4.378590e-03,5.372624e-01,3.792382e-03,8.721740e-04,1.725194e-02,1.284593e-02,8.680535e-03,2.056101e-03,6.145492e-03
2.349225e-01,4.487613e-03,4.757478e-03,3.545311e-02,1.880033e-02,8.845796e-03,4.473803e-03,3.913747e-01,3.161422e-03,1.103297e-02,9.723845e-02,9.714923e-02,5.509536e-02,2.829218e-02,4.915073e-03
1.645233e-01,3.222229e-03,3.464580e-03,4.717094e-02,1.370131e-02,6.333651e-03,3.757574e-03,2.773297e-01,2.714965e-03,1.468086e-02,1.322138e-01,2.142630e-01,6.764179e-02,4.524816e-02,3.734164e-03
1.152787e-01,2.382556e-03,2.589744e-03,4.758944e-02,1.290894e-02,4.664670e-03,3.638325e-03,2.010755e-01,9.280788e-03,1.253319e-02,1.599127e-01,2.490169e-01,5.400176e-02,1.224211e-01,2.705622e-03
8.083092e-02,1.877367e-03,2.659462e-03,4.344386e-02,1.475628e-02,3.622107e-03,3.448436e-03,1.449597e-01,1.071734e-02,1.203328e-02,2.319871e-01,2.689125e-01,3.948716e-02,1.391348e-01,2.129636e-03
5.675880e-02,1.515424e-03,2.296709e-03,4.014030e-02,1.727854e-02,4.611832e-03,2.578543e-03,1.027152e-01,8.612296e-03,1.533184e-02,3.443792e-01,2.480144e-01,2.859264e-02,1.254414e-01,1.732785e-03
3.989196e-02,1.343075e-03,2.055780e-03,4.212962e-02,1.599146e-02,1.091062e-02,1.899749e-03,7.236999e-02,6.755370e-03,1.187426e-02,2.938598e-01,3.886936e-01,2.049214e-02,8.981965e-02,1.912943e-03
2.812382e-02,1.263686e-03,1.669393e-03,3.745428e-02,1.469805e-02,1.359451e-02,1.369365e-03,5.072062e-02,5.308303e-03,1.238900e-02,2.680107e-01,4.789325e-01,1.493959e-02,6.880715e-02,2.718986e-03
2.027650e-02,1.491689e-03,1.609101e-03,2.716557e-02,1.959378e-02,1.140572e-02,9.835956e-04,3.555004e-02,4.145350e-03,1.208047e-02,2.396126e-01,5.605787e-01,1.100544e-02,5.067123e-02,3.830148e-03
1.466748e-02,1.234352e-03,1.337992e-03,1.964549e-02,1.927542e-02,9.911652e-03,7.166457e-04,2.496942e-02,3.047168e-03,1.015939e-02,2.213093e-01,6.231762e-01,8.083804e-03,3.908250e-02,3.383177e-03
1.081907e-02,9.860609e-04,1.029520e-03,1.436413e-02,1.657924e-02,1.006330e-02,5.256395e-04,1.752924e-02,2.272106e-03,7.874928e-03,2.107882e-01,6.670120e-01,5.878927e-03,3.076160e-02,3.516041e-03
9.032085e-03,1.156928e-03,8.324551e-04,1.034101e-02,1.928025e-02,7.799968e-03,3.836878e-04,1.229059e-02,1.778779e-03,7.535020e-03,1.809075e-01,7.146084e-01,4.459541e-03,2.502038e-02,4.573320e-03
7.876756e-03,1.343945e-02,1.374592e-03,7.476956e-03,1.137898e-01,5.994715e-03,3.138396e-04,8.638139e-03,1.452603e-03,1.195964e-02,1.474706e-01,6.418382e-01,3.208662e-03,1.838532e-02,1.678076e-02
6.889821e-03,1.120252e-02,2.751961e-03,5.428412e-03,1.517614e-01,5.535658e-03,2.511349e-04,6.859754e-03,1.812576e-03,1.245269e-02,1.362813e-01,6.290170e-01,2.685473e-03,1.460697e-02,1.246331e-02
5.893777e-03,1.279067e-02,2.612331e-03,3.874139e-03,2.828374e-01,5.823532e-03,2.459229e-04,5.203311e-03,2.260319e-03,9.565243e-03,1.185349e-01,5.280047e-01,2.096169e-03,1.121434e-02,9.043283e-03
4.625399e-03,9.843654e-03,3.461436e-03,3.110540e-03,2.945354e-01,5.759598e-03,3.283924e-04,1.286451e-02,4.660685e-03,7.008073e-03,9.749378e-02,5.397713e-01,1.720587e-03,8.344361e-03,6.472254e-03
4.188453e-03,9.675190e-03,7.162015e-03,2.936610e-03,2.972901e-01,7.539538e-03,4.463093e-04,1.788883e-02,3.064164e-02,5.549949e-03,1.562634e-01,4.461821e-01,1.976339e-03,6.893807e-03,5.365607e-03
5.051550e-03,1.158478e-02,1.976220e-02,5.052730e-03,2.506073e-01,6.795916e-03,1.131828e-03,8.222684e-02,7.350096e-02,4.738031e-03,1.753223e-01,3.506746e-01,3.291124e-03,5.839516e-03,4.420348e-03
5.761410e-03,1.304111e-02,1.825272e-02,4.572812e-03,1.887638e-01,6.015485e-03,1.228632e-03,6.975885e-02,1.924661e-01,4.577591e-03,2.031625e-01,2.807038e-01,3.222348e-03,4.856545e-03,3.616286e-03
6.678820e-03,1.156201e-02,1.976064e-02,7.817101e-03,1.510297e-01,5.721083e-03,1.854202e-03,8.555806e-02,3.047571e-01,6.036184e-03,1.785209e-01,2.102998e-01,3.314787e-03,4.150162e-03,2.939358e-03
1.126759e-02,1.172512e-02,1.957930e-02,9.673314e-03,1.294010e-01,9.341381e-03,2.399717e-03,7.398567e-02,4.003712e-01,7.893253e-03,1.562900e-01,1.547691e-01,3.710785e-03,6.854255e-03,2.738389e-03
2.092990e-02,1.867605e-02,4.513407e-02,2.691182e-02,1.390001e-01,1.229570e-02,2.059972e-03,1.059174e-01,3.269270e-01,1.160767e-02,1.524979e-01,1.119687e-01,3.362082e-03,2.007877e-02,2.632802e-03
3.794720e-02,2.236756e-02,5.117807e-02,3.716215e-02,1.647000e-01,2.188622e-02,3.027337e-03,1.069070e-01,2.681753e-01,1.506812e-02,1.408681e-01,8.063012e-02,3.184882e-03,4.313389e-02,3.763948e-03
6.610452e-02,2.720724e-02,4.698474e-02,7.645616e-02,1.574314e-01,2.380199e-02,2.651413e-03,1.132300e-01,2.111034e-01,2.598150e-02,1.126173e-01,5.821182e-02,3.029841e-03,7.011269e-02,5.075977e-03
1.046766e-01,3.526411e-02,5.762657e-02,8.873150e-02,1.409551e-01,2.357054e-02,2.182875e-03,9.166726e-02,1.689093e-01,2.739294e-02,9.819836e-02,4.301363e-02,2.969389e-03,1.088815e-01,5.960317e-03
9.748624e-02,4.077154e-02,5.360431e-02,2.013025e-01,1.318724e-01,1.952902e-02,2.176421e-03,8.409216e-02,1.390521e-01,2.455522e-02,7.553075e-02,3.842375e-02,3.585652e-03,7.969739e-02,8.320566e-03
9.087916e-02,5.029101e-02,6.409875e-02,1.616235e-01,1.216303e-01,1.770432e-02,1.861021e-03,1.114741e-01,1.562986e-01,3.770529e-02,6.619498e-02,3.074990e-02,8.841077e-03,7.043997e-02,1.020800e-02
7.742388e-02,4.927678e-02,5.150475e-02,1.212668e-01,1.075172e-01,1.373664e-02,1.464150e-03,9.501780e-02,2.274153e-01,3.572550e-02,8.747779e-02,2.639239e-02,2.085880e-02,6.562062e-02,1.930158e-02
6.095453e-02,3.858354e-02,4.054663e-02,1.057478e-01,8.315620e-02,1.097687e-02,1.130408e-03,6.979615e-02,3.811539e-01,3.140648e-02,7.280333e-02,1.932799e-02,1.902371e-02,4.847693e-02,1.691542e-02
6.013720e-02,2.956170e-02,3.419089e-02,1.011148e-01,6.919840e-02,1.121424e-02,1.108972e-03,5.197068e-02,4.430705e-01,2.938224e-02,7.417737e-02,1.565978e-02,2.214301e-02,3.768527e-02,1.938495e-02
4.944680e-02,2.324311e-02,2.809834e-02,7.762992e-02,5.886658e-02,8.798205e-03,1.064387e-03,3.885932e-02,5.177570e-01,2.902557e-02,6.093588e-02,1.350792e-02,3.548113e-02,3.136061e-02,2.592523e-02
7.511047e-02,1.927792e-02,2.178841e-02,6.489505e-02,4.445529e-02,7.477789e-03,1.567076e-03,2.919590e-02,4.925308e-01,2.432648e-02,6.770541e-02,3.480197e-02,6.513982e-02,2.689821e-02,2.482940e-02
6.980972e-02,1.444035e-02,1.591470e-02,4.783449e-02,3.324588e-02,5.950368e-03,1.380735e-03,2.147829e-02,3.788250e-01,3.006697e-02,1.311499e-01,5.375997e-02,1.007359e-01,3.603874e-02,5.936908e-02
8.177075e-02,1.041564e-02,1.185456e-02,3.598799e-02,2.389850e-02,5.207552e-03,1.469953e-03,1.580672e-02,2.834042e-01,4.932021e-02,1.708149e-01,5.723425e-02,8.732513e-02,6.399339e-02,1.014963e-01
7.473508e-02,7.599447e-03,9.505594e-03,2.796930e-02,1.807369e-02,4.555292e-03,1.682666e-03,1.210906e-02,2.117279e-01,6.257366e-02,1.804855e-01,5.241130e-02,7.012772e-02,1.124238e-01,1.540200e-01
5.866045e-02,6.385095e-03,8.930990e-03,2.270814e-02,1.438225e-02,5.343768e-03,2.382488e-03,1.321169e-02,1.626529e-01,6.916432e-02,1.841049e-01,6.299692e-02,8.542813e-02,1.437508e-01,1.598973e-01
4.558830e-02,5.655575e-03,8.784267e-03,1.724076e-02,1.146230e-02,1.544419e-02,3.586736e-03,2.707317e-02,1.237631e-01,6.918626e-02,2.119178e-01,7.452693e-02,9.485631e-02,1.544199e-01,1.364943e-01
3.537929e-02,4.800114e-03,1.154989e-02,1.407108e-02,1.618610e-02,1.755586e-02,6.621593e-03,6.850344e-02,1.480123e-01,6.384525e-02,2.118150e-01,6.608267e-02,1.012835e-01,1.268461e-01,1.074479e-01
2.655219e-02,4.922715e-03,1.648227e-02,8.274744e-02,2.178330e-02,1.612623e-02,5.016760e-03,6.877543e-02,2.685002e-01,4.528346e-02,1.562273e-01,4.748727e-02,7.390960e-02,8.973658e-02,7.644930e-02
1.940870e-02,5.101272e-03,1.446986e-02,1.491874e-01,1.806940e-02,1.253813e-02,3.674003e-03,5.790690e-02,3.702458e-01,3.208098e-02,1.132402e-01,3.362353e-02,5.336709e-02,6.308584e-02,5.400085e-02
2.557185e-02,6.748951e-03,1.146915e-02,1.417480e-01,1.914436e-02,1.222572e-02,3.045028e-03,1.430103e-01,3.738005e-01,2.437173e-02,8.761436e-02,2.600188e-02,4.193867e-02,4.427527e-02,3.903421e-02
2.760134e-02,2.313694e-02,9.752190e-03,1.047705e-01,1.954009e-02,9.629716e-03,2.550015e-03,2.324680e-01,3.568141e-01,1.889661e-02,7.799852e-02,2.016766e-02,3.651701e-02,3.136270e-02,2.879464e-02
2.939363e-02,3.539953e-02,9.426958e-03,7.978310e-02,2.021469e-02,8.451911e-03,2.236980e-03,3.381714e-01,2.949252e-01,2.033384e-02,7.053675e-02,1.560975e-02,2.977331e-02,2.322556e-02,2.251745e-02
3.323834e-02,4.935918e-02,1.086896e-02,6.231334e-02,2.282457e-02,7.271352e-03,2.099343e-03,3.828672e-01,2.798338e-01,1.908077e-02,6.036958e-02,1.190405e-02,2.285444e-02,1.735816e-02,1.775697e-02
3.060861e-02,4.594436e-02,1.307101e-02,5.067151e-02,2.281395e-02,6.425821e-03,1.916691e-03,4.247341e-01,2.798258e-01,1.949494e-02,5.084341e-02,9.222404e-03,1.800790e-02,1.277432e-02,1.364519e-02
2.460966e-02,3.371249e-02,1.141660e-02,3.631403e-02,2.062089e-02,4.913538e-03,1.575778e-03,5.517100e-01,2.256518e-01,1.417457e-02,3.700865e-02,6.622493e-03,1.292957e-02,9.011731e-03,9.728163e-03
2.016811e-02,2.677426e-02,9.591983e-03,2.587173e-02,2.078276e-02,3.687370e-03,1.330320e-03,6.523387e-01,1.752437e-01,1.055188e-02,2.620840e-02,4.788973e-03,9.257561e-03,6.391771e-03,7.012467e-03
1.737459e-02,2.017028e-02,7.459726e-03,1.853756e-02,1.738767e-02,2.958781e-03,1.116519e-03,7.397659e-01,1.291108e-01,7.759476e-03,1.855878e-02,3.583091e-03,6.669849e-03,4.517749e-03,5.029267e-03
2.530996e-02,1.787323e-02,6.299588e-03,1.384995e-02,3.034209e-02,2.704554e-03,1.851572e-03,7.454242e-01,1.218483e-01,5.809254e-03,1.352430e-02,2.987635e-03,4.981333e-03,3.264847e-03,3.929262e-03
3.676094e-02,1.540053e-02,5.270340e-03,1.072749e-02,3.838099e-02,2.530211e-03,2.622098e-03,7.329805e-01,1.263342e-01,4.322954e-03,1.087231e-02,3.740027e-03,4.374566e-03,2.370669e-03,3.312231e-03
3.209113e-02,1.123460e-02,4.548240e-03,2.399956e-02,2.941692e-02,3.484323e-03,1.925739e-03,5.957884e-01,9.161236e-02,4.265551e-03,5.184052e-02,1.062775e-01,3.732992e-02,2.839958e-03,3.345350e-03
2.281134e-02,8.055693e-03,3.788366e-03,2.439876e-02,2.560665e-02,3.281559e-03,1.511919e-03,4.297172e-01,6.599137e-02,5.058385e-03,1.618240e-01,1.896709e-01,4.641865e-02,9.326220e-03,2.538946e-03
1.625769e-02,5.779998e-03,3.248510e-03,2.333508e-02,2.126735e-02,3.000501e-03,1.400222e-03,3.101004e-01,4.858003e-02,5.456866e-03,2.806874e-01,1.994088e-01,4.196651e-02,3.748592e-02,2.024757e-03
1.221815e-02,4.239284e-03,2.735631e-03,1.779390e-02,1.872575e-02,2.899874e-03,1.408799e-03,2.225075e-01,3.498819e-02,4.861333e-03,3.166731e-01,2.591255e-01,3.434040e-02,6.595643e-02,1.526188e-03
8.752063e-03,3.073075e-03,2.091976e-03,1.295818e-02,1.425008e-02,2.608887e-03,1.136519e-03,1.567928e-01,2.502788e-02,5.184178e-03,3.340789e-01,3.269439e-01,2.614556e-02,7.981263e-02,1.143344e-03
6.899903e-03,2.304756e-03,1.939346e-03,9.898333e-03,1.555018e-02,4.626451e-03,8.870645e-04,1.103750e-01,1.835752e-02,1.209118e-02,3.273786e-01,4.020399e-01,1.962461e-02,6.712425e-02,9.029377e-04
5.065647e-03,1.803734e-03,1.557762e-03,7.348535e-03,2.538672e-02,3.402699e-03,6.648143e-04,7.758606e-02,1.365453e-02,1.247527e-02,3.982044e-01,3.808708e-01,1.489978e-02,5.632890e-02,7.504173e-04
3.770506e-03,4.638317e-03,1.845690e-03,5.438765e-03,6.356220e-02,2.647345e-03,5.037158e-04,5.472704e-02,1.109634e-02,1.155798e-02,3.651711e-01,3.973755e-01,1.227041e-02,6.457621e-02,8.189104e-04
2.868366e-03,5.433561e-03,2.009311e-03,4.003944e-03,1.009391e-01,2.814655e-03,6.618794e-04,3.900556e-02,9.231872e-03,9.113483e-03,3.652532e-01,4.006056e-01,9.543399e-03,4.770548e-02,8.104007e-04
2.401487e-03,5.455242e-03,2.928112e-03,2.921665e-03,9.429484e-02,2.398981e-03,5.414803e-04,2.796766e-02,7.535985e-03,8.136048e-03,3.549749e-01,4.438996e-01,7.842629e-03,3.798671e-02,7.146157e-04
2.137206e-03,3.964868e-03,2.350900e-03,2.108741e-03,7.495702e-02,1.920126e-03,5.073796e-04,2.005976e-02,6.493305e-03,6.766017e-03,3.830874e-01,4.580770e-01,7.506900e-03,2.936825e-02,6.951600e-04
1.993309e-03,4.442382e-03,5.667160e-03,1.847458e-03,1.197982e-01,4.859651e-03,3.603873e-03,1.634277e-02,6.279456e-03,5.261339e-03,4.238216e-01,3.750825e-01,7.814818e-03,2.246245e-02,7.230747e-04
2.473958e-03,4.880713e-03,1.170515e-02,1.751588e-03,1.918679e-01,8.320625e-03,5.215244e-03,2.070241e-02,8.002854e-03,4.158020e-03,4.101165e-01,3.061888e-01,7.095326e-03,1.667618e-02,8.447574e-04
7.528716e-03,3.870169e-03,1.868184e-02,2.226031e-03,1.601025e-01,7.674526e-03,6.441522e-03,1.611276e-01,8.460367e-03,3.854313e-03,3.577752e-01,2.382400e-01,9.201744e-03,1.399369e-02,8.217972e-04
1.850551e-02,3.917198e-03,4.427547e-02,3.602473e-03,1.674279e-01,1.054262e-02,1.231087e-02,1.941244e-01,2.671773e-02,5.954294e-03,3.004622e-01,1.827058e-01,1.279320e-02,1.543549e-02,1.224833e-03
4.165774e-02,6.836562e-03,4.245733e-02,4.849854e-03,2.379006e-01,2.836940e-02,2.854255e-02,1.534099e-01,6.355092e-02,6.496008e-03,2.269078e-01,1.309394e-01,1.434552e-02,1.189024e-02,1.846179e-03
3.976684e-02,6.462214e-03,1.009817e-01,1.608144e-02,2.289488e-01,3.585672e-02,6.534620e-02,1.456362e-01,6.472038e-02,6.039330e-03,1.618047e-01,9.240840e-02,2.492541e-02,8.725667e-03,2.296020e-03
3.950516e-02,7.862730e-03,1.102600e-01,1.532220e-02,2.596966e-01,5.068843e-02,8.151099e-02,1.201129e-01,9.900599e-02,5.270637e-03,1.154155e-01,6.503688e-02,2.091522e-02,6.704987e-03,2.691820e-03
3.175883e-02,6.844208e-03,1.388138e-01,1.610425e-02,2.209897e-01,4.022380e-02,6.327263e-02,2.547733e-01,7.470635e-02,3.794287e-03,8.109610e-02,4.567701e-02,1.511441e-02,4.861005e-03,1.970449e-03
2.505401e-02,4.989905e-03,1.184259e-01,1.199654e-02,1.843719e-01,3.277385e-02,4.692699e-02,4.150961e-01,5.326980e-02,2.674961e-03,5.684243e-02,3.202384e-02,1.071071e-02,3.439897e-03,1.403188e-03
1.999232e-02,3.632909e-03,9.415467e-02,1.215546e-02,1.377780e-01,2.457846e-02,3.394270e-02,5.596032e-01,3.745601e-02,2.105931e-03,4.031128e-02,2.272579e-02,8.005288e-03,2.475216e-03,1.082853e-03
1.674782e-02,2.764662e-03,7.908284e-02,1.423415e-02,9.960206e-02,2.224838e-02,2.429427e-02,5.241312e-01,2.673890e-02,9.512593e-03,5.447308e-02,4.870506e-02,7.256867e-02,1.918953e-03,2.977391e-03
1.215215e-02,2.085100e-03,5.915651e-02,1.669603e-02,7.150207e-02,1.730447e-02,1.717531e-02,4.310162e-01,1.907867e-02,1.209409e-02,7.209931e-02,1.397722e-01,1.254636e-01,1.892104e-03,2.512226e-03
8.630441e-03,1.543495e-03,4.200765e-02,1.482112e-02,5.048364e-02,1.334734e-02,1.203966e-02,3.068163e-01,1.372343e-02,9.501718e-03,8.481637e-02,1.853943e-01,2.531709e-01,1.637125e-03,2.066578e-03
6.915703e-03,1.624127e-03,3.379086e-02,2.456777e-02,3.950338e-02,1.315668e-02,8.834003e-03,2.431602e-01,1.555682e-02,8.917551e-03,1.033440e-01,2.349660e-01,2.554697e-01,8.077154e-03,2.116057e-03
5.556088e-03,1.499110e-03,2.802967e-02,2.080775e-02,3.371555e-02,1.183936e-02,6.417399e-03,1.727587e-01,1.627183e-02,8.100343e-03,1.355641e-01,3.294271e-01,1.978433e-01,2.996018e-02,2.209589e-03
4.577000e-03,1.284191e-03,2.378265e-02,1.894869e-02,2.670263e-02,1.125890e-02,4.800441e-03,1.237979e-01,1.434868e-02,8.470997e-03,1.695764e-01,3.973721e-01,1.505976e-01,4.245341e-02,2.028354e-03
4.247558e-03,1.277003e-03,1.849668e-02,1.859422e-02,2.369852e-02,1.856678e-02,3.568742e-03,9.368476e-02,1.252783e-02,9.912363e-03,2.042604e-01,4.333633e-01,1.103409e-01,4.544489e-02,2.016109e-03
3.649559e-03,1.838632e-03,1.402149e-02,1.531505e-02,1.993494e-02,1.543307e-02,2.545432e-03,6.647003e-02,1.047801e-02,9.558085e-03,2.303852e-01,4.811168e-01,7.951476e-02,4.786073e-02,1.878249e-03
3.015923e-03,2.125043e-03,1.042740e-02,1.172341e-02,2.116567e-02,1.159578e-02,1.822811e-03,4.678850e-02,1.050860e-02,9.234686e-03,2.293807e-01,5.379481e-01,5.726396e-02,4.528339e-02,1.716009e-03
3.420087e-03,1.805192e-03,7.596473e-03,8.894941e-03,1.964471e-02,8.939568e-03,1.314294e-03,3.302588e-02,8.469690e-03,9.054511e-03,2.391140e-01,5.720412e-01,4.111059e-02,4.409480e-02,1.474103e-03
3.039185e-03,1.890319e-03,5.725980e-03,6.336835e-03,1.746438e-02,6.690418e-03,1.093894e-03,2.329237e-02,7.897273e-03,8.382571e-03,2.800066e-01,5.570954e-01,2.992919e-02,4.985849e-02,1.296986e-03
3.718218e-03,4.782573e-02,1.918888e-02,4.778662e-03,8.701517e-02,1.092885e-02,1.187547e-03,1.682647e-02,1.446998e-02,8.224409e-03,2.703610e-01,4.515558e-01,2.156138e-02,4.045611e-02,1.901735e-03
6.581337e-03,4.208301e-02,2.251980e-02,3.765318e-03,1.319121e-01,1.328432e-02,1.443581e-03,1.521185e-02,1.584016e-02,9.046298e-03,3.039985e-01,3.805555e-01,1.598708e-02,3.608986e-02,1.681250e-03
5.152975e-03,3.750207e-02,2.054262e-02,2.935024e-03,2.600378e-01,1.255250e-02,1.390869e-03,1.229397e-02,1.517906e-02,8.091060e-03,2.642288e-01,3.197164e-01,1.164005e-02,2.742456e-02,1.312198e-03
5.069238e-03,3.671174e-02,2.466324e-02,3.921643e-03,3.009009e-01,1.522923e-02,1.813736e-03,1.495562e-02,2.103110e-02,8.119123e-03,2.511095e-01,2.843091e-01,8.615063e-03,2.232262e-02,1.228095e-03
5.262497e-03,3.461596e-02,2.473510e-02,3.818593e-03,3.147963e-01,2.571114e-02,1.641155e-03,2.635362e-02,4.689816e-02,7.811937e-03,2.401115e-01,2.368832e-01,7.236161e-03,2.224811e-02,1.876504e-03
8.701442e-03,2.682615e-02,5.937326e-02,4.842425e-03,3.244652e-01,2.206021e-02,2.218130e-03,9.045051e-02,5.478974e-02,7.616301e-03,1.932977e-01,1.788204e-01,6.986337e-03,1.767527e-02,1.876968e-03
1.164963e-02,2.958976e-02,5.594591e-02,5.563005e-03,2.652785e-01,4.094089e-02,2.069417e-03,7.492338e-02,1.129470e-01,2.382758e-02,1.787607e-01,1.599228e-01,8.518783e-03,2.405560e-02,6.007075e-03
1.089199e-02,3.251404e-02,4.448247e-02,5.312758e-03,1.981514e-01,8.515613e-02,1.749786e-03,5.741191e-02,2.239161e-01,2.276366e-02,1.576467e-01,1.190777e-01,7.656176e-03,2.733455e-02,5.934529e-03
1.219826e-02,3.354341e-02,3.659115e-02,9.088039e-03,1.483413e-01,1.041493e-01,1.438790e-03,7.610014e-02,2.491319e-01,3.000399e-02,1.509472e-01,8.867481e-02,9.646735e-03,4.336407e-02,6.780849e-03
1.017711e-02,5.424269e-02,2.759808e-02,7.633321e-03,1.065995e-01,1.049938e-01,1.080618e-03,5.846892e-02,3.383445e-01,2.365689e-02,1.147223e-01,6.308673e-02,7.522036e-03,7.494675e-02,6.926774e-03
1.003142e-02,7.010353e-02,2.307680e-02,7.910373e-03,7.815284e-02,8.801446e-02,9.073192e-04,6.514183e-02,4.143565e-01,1.994503e-02,8.507621e-02,4.470706e-02,6.376598e-03,8.025176e-02,5.948232e-03
9.982707e-03,5.776409e-02,1.758687e-02,2.555203e-02,5.735725e-02,9.326841e-02,7.831191e-04,6.902543e-02,4.561624e-01,2.066886e-02,7.290339e-02,3.227170e-02,6.372977e-03,7.255302e-02,7.747697e-03
8.611235e-03,5.114505e-02,1.295211e-02,8.062799e-02,4.341222e-02,7.334694e-02,6.783180e-04,4.936372e-02,4.831823e-01,1.545721e-02,8.406184e-02,2.459361e-02,1.455799e-02,5.125759e-02,6.751869e-03
9.164051e-03,3.735590e-02,1.115995e-02,1.256342e-01,3.777336e-02,5.254161e-02,5.290931e-04,3.607936e-02,3.629812e-01,1.223629e-02,2.025382e-01,4.639852e-02,2.082574e-02,3.834365e-02,6.438964e-03
6.974034e-03,2.625928e-02,8.545552e-03,9.071027e-02,2.842578e-02,3.736300e-02,5.040887e-04,2.768444e-02,2.638769e-01,1.320421e-02,3.275931e-01,7.384040e-02,5.712933e-02,3.220644e-02,5.683154e-03
5.018754e-03,1.849194e-02,6.598831e-03,6.530846e-02,2.190258e-02,2.625768e-02,3.926461e-04,1.985744e-02,1.931826e-01,1.113723e-02,4.439740e-01,9.764259e-02,5.838865e-02,2.718902e-02,4.657573e-03
4.750568e-03,1.324804e-02,6.927866e-03,5.238530e-02,3.473863e-02,1.902080e-02,4.641180e-04,2.886084e-02,1.566624e-01,1.519694e-02,4.975690e-01,7.243054e-02,7.188130e-02,2.170558e-02,4.158039e-03
5.471837e-03,9.457166e-03,5.735290e-03,4.226612e-02,8.725185e-02,1.364431e-02,5.315269e-04,2.480011e-02,1.385830e-01,1.841145e-02,5.159892e-01,5.347789e-02,6.170072e-02,1.904379e-02,3.635611e-03
8.731702e-03,7.467400e-03,6.488550e-03,3.330986e-02,1.206528e-01,1.055961e-02,1.243899e-03,6.215056e-02,1.883278e-01,1.916662e-02,4.380461e-01,3.902846e-02,4.653502e-02,1.534538e-02,2.946341e-03
1.114494e-02,7.196222e-03,6.168444e-03,2.554965e-02,1.373025e-01,7.748698e-03,1.197469e-03,1.182194e-01,2.271806e-01,1.931045e-02,3.615948e-01,2.758337e-02,3.374942e-02,1.329680e-02,2.757110e-03
1.246695e-02,6.342280e-03,6.809704e-03,2.069398e-02,1.518946e-01,6.305561e-03,1.504100e-03,2.262377e-01,2.175047e-01,1.587974e-02,2.768694e-01,1.973069e-02,2.500767e-02,1.050949e-02,2.243476e-03
2.056604e-02,7.993703e-03,1.874811e-02,2.780981e-02,1.504921e-01,5.235508e-03,1.693669e-03,2.851046e-01,2.208544e-01,1.227160e-02,2.053435e-01,1.408313e-02,1.922500e-02,8.779459e-03,1.799423e-03
2.484434e-02,1.464515e-02,2.000791e-02,2.176479e-02,1.539546e-01,4.426789e-03,1.539612e-03,2.763890e-01,2.606266e-01,1.314883e-02,1.731521e-01,1.016118e-02,1.447763e-02,9.314187e-03,1.547282e-03
2.712552e-02,3.701398e-02,2.159423e-02,1.838329e-02,1.354922e-01,3.902366e-03,1.272633e-03,2.102434e-01,3.259435e-01,2.575068e-02,1.516110e-01,7.470259e-03,1.237880e-02,1.988977e-02,1.928449e-03
2.951216e-02,4.744501e-02,5.496094e-02,1.642708e-02,1.259167e-01,2.991569e-03,1.091616e-03,2.290336e-01,3.223821e-01,2.025668e-02,1.180086e-01,5.496672e-03,9.885565e-03,1.488247e-02,1.709215e-03
4.245193e-02,6.842472e-02,6.093959e-02,1.375173e-02,1.282222e-01,2.847578e-03,9.729528e-04,2.028889e-01,3.239396e-01,2.117320e-02,1.034471e-01,4.232446e-03,7.519036e-03,1.709588e-02,2.093163e-03
5.315838e-02,5.919207e-02,4.997892e-02,1.633372e-02,1.252525e-01,2.474006e-03,1.019981e-03,2.400763e-01,3.349336e-01,1.813946e-02,7.634653e-02,3.549607e-03,5.461120e-03,1.236964e-02,1.714159e-03
5.622380e-02,4.676832e-02,4.348423e-02,1.300124e-02,1.196585e-01,2.206484e-03,1.135924e-03,3.381169e-01,2.865939e-01,1.654515e-02,5.851948e-02,2.905428e-03,4.109788e-03,9.316230e-03,1.414474e-03
7.451586e-02,4.052864e-02,4.351129e-02,1.224887e-02,2.043288e-01,2.335427e-03,1.554867e-03,2.866448e-01,2.589187e-01,1.436714e-02,4.378244e-02,3.641886e-03,3.268691e-03,8.077924e-03,2.274755e-03
7.829159e-02,3.245615e-02,3.219606e-02,1.032316e-02,3.621950e-01,3.081354e-03,1.582631e-03,2.105942e-01,2.065599e-01,1.166487e-02,3.270532e-02,4.774656e-03,3.023219e-03,7.299117e-03,3.252813e-03
8.448884e-02,2.470560e-02,2.368386e-02,8.628083e-03,4.814758e-01,2.822920e-03,1.493727e-03,1.551204e-01,1.627198e-01,8.986680e-03,2.438176e-02,5.081838e-03,2.642921e-03,7.650767e-03,6.116908e-03
1.310245e-01,2.115724e-02,1.721477e-02,1.477238e-02,4.008324e-01,1.580174e-02,2.101554e-03,1.108570e-01,1.516985e-01,1.062103e-02,3.818841e-02,1.934036e-02,5.687075e-03,1.004806e-02,5.065499e-02
1.384923e-01,2.515040e-02,1.323251e-02,1.631144e-02,3.077563e-01,6.106420e-02,3.072110e-03,7.901140e-02,1.133814e-01,9.863408e-03,1.216113e-01,2.236464e-02,1.446942e-02,1.858938e-02,5.562974e-02
1.167769e-01,2.103452e-02,9.404779e-03,1.491785e-02,2.190780e-01,5.045959e-02,2.380706e-03,5.547511e-02,8.749072e-02,1.004210e-02,3.105566e-01,1.949409e-02,1.373960e-02,2.832828e-02,4.082109e-02
8.299270e-02,1.521416e-02,6.595808e-03,1.099255e-02,1.534492e-01,3.609305e-02,1.693116e-03,3.884108e-02,6.207006e-02,7.676946e-03,5.099468e-01,1.454593e-02,1.012967e-02,2.067194e-02,2.908693e-02
6.401395e-02,1.441238e-01,4.966234e-03,8.752139e-03,1.084456e-01,3.597838e-02,1.341209e-03,2.727579e-02,5.318346e-02,8.899438e-03,4.402192e-01,1.537300e-02,1.253203e-02,3.784565e-02,3.705003e-02
4.900679e-02,2.207406e-01,4.636140e-03,6.479452e-03,7.665188e-02,3.621242e-02,1.186810e-03,1.930741e-02,4.792257e-02,2.033864e-02,3.458402e-01,1.465168e-02,1.101404e-02,8.963521e-02,5.637607e-02
3.628575e-02,1.988980e-01,3.353779e-03,4.630082e-03,5.400644e-02,2.842936e-02,9.182994e-04,1.360167e-02,5.278851e-02,2.124958e-02,3.617728e-01,1.468692e-02,8.788124e-03,1.509929e-01,4.959774e-02
3.273823e-02,1.925263e-01,4.808849e-03,4.272336e-03,4.006723e-02,3.681450e-02,1.712024e-03,1.423812e-02,8.833942e-02,1.756558e-02,3.692904e-01,1.627735e-02,7.902825e-03,1.371417e-01,3.630501e-02
2.380594e-02,1.861751e-01,3.515255e-03,3.095081e-03,2.825444e-02,4.259709e-02,1.296827e-03,1.019501e-02,7.008579e-02,1.808674e-02,4.351783e-01,2.204316e-02,7.027048e-03,1.217416e-01,2.690259e-02
1.766012e-02,1.851721e-01,3.329637e-03,2.273037e-03,2.051573e-02,8.042856e-02,1.048379e-03,7.408251e-03,8.469954e-02,1.614279e-02,3.625944e-01,3.240365e-02,8.044447e-03,1.575198e-01,2.075943e-02
1.476887e-02,1.886381e-01,5.132293e-03,2.547082e-03,1.716009e-02,9.696968e-02,1.069578e-03,8.982956e-03,1.251052e-01,1.310414e-02,3.191479e-01,2.902564e-02,7.674545e-03,1.550191e-01,1.565482e-02
1.175166e-02,1.500611e-01,4.237911e-03,1.998768e-03,1.870465e-02,1.419650e-01,9.477468e-04,8.436228e-03,2.245097e-01,9.861634e-03,2.428967e-01,2.304558e-02,7.245595e-03,1.419644e-01,1.237333e-02
8.874231e-03,1.303544e-01,3.754808e-03,3.558277e-03,3.168858e-02,1.072133e-01,2.644497e-03,7.937694e-02,3.054304e-01,7.311987e-03,1.714284e-01,1.627847e-02,5.672358e-03,1.168145e-01,9.598835e-03
8.662922e-03,1.336154e-01,3.813024e-03,6.343879e-03,3.306317e-02,1.241759e-01,1.941281e-03,5.784428e-02,3.909013e-01,6.435888e-03,1.228001e-01,1.178040e-02,4.459065e-03,8.520980e-02,8.953482e-03
1.046887e-02,1.236435e-01,4.167499e-03,9.698092e-03,3.733119e-02,1.328873e-01,1.470017e-03,4.942979e-02,4.506652e-01,5.785607e-03,9.070042e-02,8.849313e-03,3.962088e-03,6.162663e-02,9.314414e-03
1.427878e-02,9.306626e-02,4.445878e-03,1.059619e-02,5.705630e-02,1.432669e-01,1.462174e-03,4.681312e-02,4.654242e-01,8.052189e-03,6.535335e-02,6.654143e-03,3.934633e-03,4.443351e-02,3.516223e-02
2.127166e-02,7.384677e-02,6.126738e-03,1.583843e-02,6.874372e-02,1.398868e-01,1.976150e-03,7.267462e-02,4.622679e-01,8.796843e-03,4.769393e-02,5.683871e-03,4.494026e-03,3.254289e-02,3.815564e-02
4.190654e-02,7.201472e-02,1.163839e-02,1.361606e-02,6.223258e-02,1.716348e-01,6.123270e-03,1.225924e-01,3.899891e-01,7.011103e-03,3.495514e-02,4.631124e-03,5.216475e-03,2.601964e-02,3.041859e-02
5.705085e-02,6.411783e-02,1.810325e-02,1.575255e-02,5.349731e-02,2.613501e-01,5.135139e-03,9.616362e-02,3.271052e-01,1.025524e-02,2.561616e-02,3.555574e-03,4.228930e-03,1.962713e-02,3.844108e-02
6.708132e-02,6.870343e-02,1.896263e-02,1.872135e-02,4.378064e-02,3.307466e-01,4.047555e-03,7.656293e-02,2.767909e-01,1.162939e-02,1.929617e-02,2.852736e-03,3.613815e-03,1.523903e-02,4.197153e-02
9.124482e-02,9.553973e-02,2.475877e-02,3.351185e-02,4.357357e-02,2.748312e-01,4.293857e-03,6.705340e-02,2.577244e-01,1.417755e-02,1.506858e-02,3.145807e-03,4.256144e-03,1.127297e-02,5.954733e-02
1.088373e-01,1.072817e-01,2.410801e-02,3.816400e-02,4.769238e-02,2.337514e-01,5.361587e-03,6.064815e-02,2.749107e-01,1.478953e-02,1.209506e-02,2.964163e-03,4.168459e-03,8.293942e-03,5.693363e-02
1.138050e-01,1.373385e-01,2.070034e-02,3.448108e-02,4.487748e-02,1.831267e-01,4.433702e-03,5.543342e-02,2.958785e-01,1.862313e-02,9.693788e-03,2.923711e-03,3.731993e-03,6.426250e-03,6.852631e-02
1.158790e-01,1.921107e-01,1.565099e-02,3.241010e-02,3.596962e-02,1.369346e-01,3.274053e-03,5.421091e-02,2.986491e-01,2.330210e-02,8.119937e-03,3.970830e-03,3.436995e-03,5.092912e-03,7.098806e-02
9.436834e-02,1.703561e-01,1.491513e-02,8.005494e-02,2.717167e-02,9.771198e-02,2.453996e-03,4.044098e-02,2.339530e-01,1.461592e-01,1.034035e-02,4.784559e-03,3.820423e-03,3.726349e-03,6.974301e-02
7.233439e-02,2.724432e-01,1.179526e-02,7.017678e-02,2.128304e-02,6.901136e-02,1.831902e-03,3.059047e-02,2.576627e-01,1.125254e-01,1.470981e-02,5.657986e-03,3.984037e-03,3.082902e-03,5.291072e-02
5.395135e-02,2.526597e-01,1.119723e-02,7.871800e-02,1.563053e-02,4.954917e-02,1.391834e-03,2.331798e-02,1.992303e-01,1.216215e-01,7.297719e-02,1.861591e-02,3.430620e-02,4.262824e-03,6.257026e-02
3.845043e-02,1.843353e-01,1.320949e-02,8.794231e-02,1.185217e-02,3.575874e-02,1.152451e-03,1.860889e-02,1.556215e-01,9.972254e-02,1.472872e-01,3.729981e-02,1.000253e-01,5.752661e-03,6.298113e-02
2.774054e-02,1.332897e-01,1.470993e-02,7.632866e-02,9.029282e-03,2.560540e-02,8.972557e-04,1.456928e-02,1.205055e-01,7.342078e-02,1.574903e-01,3.634198e-02,1.316044e-01,1.019306e-02,1.682739e-01
2.026189e-02,9.632593e-02,1.314954e-02,5.881004e-02,6.941313e-03,1.883866e-02,8.285963e-04,1.130064e-02,1.178744e-01,5.871279e-02,1.819877e-01,3.730024e-02,1.158264e-01,1.671298e-02,2.451288e-01
1.500516e-02,8.283555e-02,1.884174e-02,1.291129e-01,7.789827e-03,1.466506e-02,8.861162e-04,8.263063e-03,1.601220e-01,4.449983e-02,1.505438e-01,3.843356e-02,1.167910e-01,1.288636e-02,1.993242e-01
1.131160e-02,6.118518e-02,1.454490e-02,1.004062e-01,1.161052e-02,1.111771e-02,2.375787e-03,7.411722e-03,2.719544e-01,3.327964e-02,1.631630e-01,3.148232e-02,9.288547e-02,1.126679e-02,1.760047e-01
