1.000000e+00,0.000000e+00,0.000000e+00,0.000000e+00,0.000000e+00,0.000000e+00,0.000000e+00,0.000000e+00,0.000000e+00,0.000000e+00,0.000000e+00,0.000000e+00,0.000000e+00,0.000000e+00,0.000000e+00
1.000000e+00,0.000000e+00,0.000000e+00,0.000000e+00,0.000000e+00,0.000000e+00,0.000000e+00,0.000000e+00,0.000000e+00,0.000000e+00,0.000000e+00,0.000000e+00,0.000000e+00,0.000000e+00,0.000000e+00
1.000000e+00,0.000000e+00,0.000000e+00,0.000000e+00,0.000000e+00,0.000000e+00,0.000000e+00,0.000000e+00,0.000000e+00,0.000000e+00,0.000000e+00,0.000000e+00,0.000000e+00,0.000000e+00,0.000000e+00
1.000000e+00,0.000000e+00,0.000000e+00,0.000000e+00,0.000000e+00,0.000000e+00,0.000000e+00,0.000000e+00,0.000000e+00,0.000000e+00,0.000000e+00,0.000000e+00,0.000000e+00,0.000000e+00,0.000000e+00
1.000000e+00,0.000000e+00,0.000000e+00,0.000000e+00,0.000000e+00,0.000000e+00,0.000000e+00,0.000000e+00,0.000000e+00,0.000000e+00,0.000000e+00,0.000000e+00,0.000000e+00,0.000000e+00,0.000000e+00
1.000000e+00,0.000000e+00,0.000000e+00,0.000000e+00,0.000000e+00,0.000000e+00,0.000000e+00,0.000000e+00,0.000000e+00,0.000000e+00,0.000000e+00,0.000000e+00,0.000000e+00,0.000000e+00,0.000000e+00
1.000000e+00,0.000000e+00,0.000000e+00,0.000000e+00,0.000000e+00,0.000000e+00,0.000000e+00,0.000000e+00,0.000000e+00,0.000000e+00,0.000000e+00,0.000000e+00,0.000000e+00,0.000000e+00,0.000000e+00
1.000000e+00,0.000000e+00,0.000000e+00,0.000000e+00,0.000000e+00,0.000000e+00,0.000000e+00,0.000000e+00,0.000000e+00,0.000000e+00,0.000000e+00,0.000000e+00,0.000000e+00,0.000000e+00,0.000000e+00
1.000000e+00,0.000000e+00,0.000000e+00,0.000000e+00,0.000000e+00,0.000000e+00,0.000000e+00,0.000000e+00,0.000000e+00,0.000000e+00,0.000000e+00,0.000000e+00,0.000000e+00,0.000000e+00,0.000000e+00
1.000000e+00,0.000000e+00,0.000000e+00,0.000000e+00,0.000000e+00,0.000000e+00,0.000000e+00,0.000000e+00,0.000000e+00,0.000000e+00,0.000000e+00,0.000000e+00,0.000000e+00,0.000000e+00,0.000000e+00
1.000000e+00,0.000000e+00,0.000000e+00,0.000000e+00,0.000000e+00,0.000000e+00,0.000000e+00,0.000000e+00,0.000000e+00,0.000000e+00,0.000000e+00,0.000000e+00,0.000000e+00,0.000000e+00,0.000000e+00
1.000000e+00,0.000000e+00,0.000000e+00,0.000000e+00,0.000000e+00,0.000000e+00,0.000000e+00,0.000000e+00,0.000000e+00,0.000000e+00,0.000000e+00,0.000000e+00,0.000000e+00,0.000000e+00,0.000000e+00
1.000000e+00,0.000000e+00,0.000000e+00,0.000000e+00,0.000000e+00,0.000000e+00,0.000000e+00,0.000000e+00,0.000000e+00,0.000000e+00,0.000000e+00,0.000000e+00,0.000000e+00,0.000000e+00,0.000000e+00
1.000000e+00,0.000000e+00,0.000000e+00,0.000000e+00,0.000000e+00,0.000000e+00,0.000000e+00,0.000000e+00,0.000000e+00,0.000000e+00,0.000000e+00,0.000000e+00,0.000000e+00,0.000000e+00,0.000000e+00
1.000000e+00,0.000000e+00,0.000000e+00,0.000000e+00,0.000000e+00,0.000000e+00,0.000000e+00,0.000000e+00,0.000000e+00,0.000000e+00,0.000000e+00,0.000000e+00,0.000000e+00,0.000000e+00,0.000000e+00
1.000000e+00,0.000000e+00,0.000000e+00,0.000000e+00,0.000000e+00,0.000000e+00,0.000000e+00,0.000000e+00,0.000000e+00,0.000000e+00,0.000000e+00,0.000000e+00,0.000000e+00,0.000000e+00,0.000000e+00
1.000000e+00,0.000000e+00,0.000000e+00,0.000000e+00,0.000000e+00,0.000000e+00,0.000000e+00,0.000000e+00,0.000000e+00,0.000000e+00,0.000000e+00,0.000000e+00,0.000000e+00,0.000000e+00,0.000000e+00
1.000000e+00,0.000000e+00,0.000000e+00,0.000000e+00,0.000000e+00,0.000000e+00,0.000000e+00,0.000000e+00,0.000000e+00,0.000000e+00,0.000000e+00,0.000000e+00,0.000000e+00,0.000000e+00,0.000000e+00
1.000000e+00,0.000000e+00,0.000000e+00,0.000000e+00,0.000000e+00,0.000000e+00,0.000000e+00,0.000000e+00,0.000000e+00,0.000000e+00,0.000000e+00,0.000000e+00,0.000000e+00,0.000000e+00,0.000000e+00
1.000000e+00,0.000000e+00,0.000000e+00,0.000000e+00,0.000000e+00,0.000000e+00,0.000000e+00,0.000000e+00,0.000000e+00,0.000000e+00,0.000000e+00,0.000000e+00,0.000000e+00,0.000000e+00,0.000000e+00
1.000000e+00,0.000000e+00,0.000000e+00,0.000000e+00,0.000000e+00,0.000000e+00,0.000000e+00,0.000000e+00,0.000000e+00,0.000000e+00,0.000000e+00,0.000000e+00,0.000000e+00,0.000000e+00,0.000000e+00
1.000000e+00,0.000000e+00,0.000000e+00,0.000000e+00,0.000000e+00,0.000000e+00,0.000000e+00,0.000000e+00,0.000000e+00,0.000000e+00,0.000000e+00,0.000000e+00,0.000000e+00,0.000000e+00,0.000000e+00
1.000000e+00,0.000000e+00,0.000000e+00,0.000000e+00,0.000000e+00,0.000000e+00,0.000000e+00,0.000000e+00,0.000000e+00,0.000000e+00,0.000000e+00,0.000000e+00,0.000000e+00,0.000000e+00,0.000000e+00
1.000000e+00,0.000000e+00,0.000000e+00,0.000000e+00,0.000000e+00,0.000000e+00,0.000000e+00,0.000000e+00,0.000000e+00,0.000000e+00,0.000000e+00,0.000000e+00,0.000000e+00,0.000000e+00,0.000000e+00
1.000000e+00,0.000000e+00,0.000000e+00,0.000000e+00,0.000000e+00,0.000000e+00,0.000000e+00,0.000000e+00,0.000000e+00,0.000000e+00,0.000000e+00,0.000000e+00,0.000000e+00,0.000000e+00,0.000000e+00
1.000000e+00,0.000000e+00,0.000000e+00,0.000000e+00,0.000000e+00,0.000000e+00,0.000000e+00,0.000000e+00,0.000000e+00,0.000000e+00,0.000000e+00,0.000000e+00,0.000000e+00,0.000000e+00,0.000000e+00
1.000000e+00,0.000000e+00,0.000000e+00,0.000000e+00,0.000000e+00,0.000000e+00,0.000000e+00,0.000000e+00,0.000000e+00,0.000000e+00,0.000000e+00,0.000000e+00,0.000000e+00,0.000000e+00,0.000000e+00
1.000000e+00,0.000000e+00,0.000000e+00,0.000000e+00,0.000000e+00,0.000000e+00,0.000000e+00,0.000000e+00,0.000000e+00,0.000000e+00,0.000000e+00,0.000000e+00,0.000000e+00,0.000000e+00,0.000000e+00
1.000000e+00,0.000000e+00,0.000000e+00,0.000000e+00,0.000000e+00,0.000000e+00,0.000000e+00,0.000000e+00,0.000000e+00,0.000000e+00,0.000000e+00,0.000000e+00,0.000000e+00,0.000000e+00,0.000000e+00
1.000000e+00,0.000000e+00,0.000000e+00,0.000000e+00,0.000000e+00,0.000000e+00,0.000000e+00,0.000000e+00,0.000000e+00,0.000000e+00,0.000000e+00,0.000000e+00,0.000000e+00,0.000000e+00,0.000000e+00
1.000000e+00,0.000000e+00,0.000000e+00,0.000000e+00,0.000000e+00,0.000000e+00,0.000000e+00,0.000000e+00,0.000000e+00,0.000000e+00,0.000000e+00,0.000000e+00,0.000000e+00,0.000000e+00,0.000000e+00
1.000000e+00,0.000000e+00,0.000000e+00,0.000000e+00,0.000000e+00,0.000000e+00,0.000000e+00,0.000000e+00,0.000000e+00,0.000000e+00,0.000000e+00,0.000000e+00,0.000000e+00,0.000000e+00,0.000000e+00
1.000000e+00,0.000000e+00,0.000000e+00,0.000000e+00,0.000000e+00,0.000000e+00,0.000000e+00,0.000000e+00,0.000000e+00,0.000000e+00,0.000000e+00,0.000000e+00,0.000000e+00,0.000000e+00,0.000000e+00
1.000000e+00,0.000000e+00,0.000000e+00,0.000000e+00,0.000000e+00,0.000000e+00,0.000000e+00,0.000000e+00,0.000000e+00,0.000000e+00,0.000000e+00,0.000000e+00,0.000000e+00,0.000000e+00,0.000000e+00
1.000000e+00,0.000000e+00,0.000000e+00,0.000000e+00,0.000000e+00,0.000000e+00,0.000000e+00,0.000000e+00,0.000000e+00,0.000000e+00,0.000000e+00,0.000000e+00,0.000000e+00,0.000000e+00,0.000000e+00
1.000000e+00,0.000000e+00,0.000000e+00,0.000000e+00,0.000000e+00,0.000000e+00,0.000000e+00,0.000000e+00,0.000000e+00,0.000000e+00,0.000000e+00,0.000000e+00,0.000000e+00,0.000000e+00,0.000000e+00
1.000000e+00,0.000000e+00,0.000000e+00,0.000000e+00,0.000000e+00,0.000000e+00,0.000000e+00,0.000000e+00,0.000000e+00,0.000000e+00,0.000000e+00,0.000000e+00,0.000000e+00,0.000000e+00,0.000000e+00
1.000000e+00,0.000000e+00,0.000000e+00,0.000000e+00,0.000000e+00,0.000000e+00,0.000000e+00,0.000000e+00,0.000000e+00,0.000000e+00,0.000000e+00,0.000000e+00,0.000000e+00,0.000000e+00,0.000000e+00
1.000000e+00,0.000000e+00,0.000000e+00,0.000000e+00,0.000000e+00,0.000000e+00,0.000000e+00,0.000000e+00,0.000000e+00,0.000000e+00,0.000000e+00,0.000000e+00,0.000000e+00,0.000000e+00,0.000000e+00
1.000000e+00,0.000000e+00,0.000000e+00,0.000000e+00,0.000000e+00,0.000000e+00,0.000000e+00,0.000000e+00,0.000000e+00,0.000000e+00,0.000000e+00,0.000000e+00,0.000000e+00,0.000000e+00,0.000000e+00
1.000000e+00,0.000000e+00,0.000000e+00,0.000000e+00,0.000000e+00,0.000000e+00,0.000000e+00,0.000000e+00,0.000000e+00,0.000000e+00,0.000000e+00,0.000000e+00,0.000000e+00,0.000000e+00,0.000000e+00
1.000000e+00,0.000000e+00,0.000000e+00,0.000000e+00,0.000000e+00,0.000000e+00,0.000000e+00,0.000000e+00,0.000000e+00,0.000000e+00,0.000000e+00,0.000000e+00,0.000000e+00,0.000000e+00,0.000000e+00
1.000000e+00,0.000000e+00,0.000000e+00,0.000000e+00,0.000000e+00,0.000000e+00,0.000000e+00,0.000000e+00,0.000000e+00,0.000000e+00,0.000000e+00,0.000000e+00,0.000000e+00,0.000000e+00,0.000000e+00
1.000000e+00,0.000000e+00,0.000000e+00,0.000000e+00,0.000000e+00,0.000000e+00,0.000000e+00,0.000000e+00,0.000000e+00,0.000000e+00,0.000000e+00,0.000000e+00,0.000000e+00,0.000000e+00,0.000000e+00
1.000000e+00,0.000000e+00,0.000000e+00,0.000000e+00,0.000000e+00,0.000000e+00,0.000000e+00,0.000000e+00,0.000000e+00,0.000000e+00,0.000000e+00,0.000000e+00,0.000000e+00,0.000000e+00,0.000000e+00
1.000000e+00,0.000000e+00,0.000000e+00,0.000000e+00,0.000000e+00,0.000000e+00,0.000000e+00,0.000000e+00,0.000000e+00,0.000000e+00,0.000000e+00,0.000000e+00,0.000000e+00,0.000000e+00,0.000000e+00
1.000000e+00,0.000000e+00,0.000000e+00,0.000000e+00,0.000000e+00,0.000000e+00,0.000000e+00,0.000000e+00,0.000000e+00,0.000000e+00,0.000000e+00,0.000000e+00,0.000000e+00,0.000000e+00,0.000000e+00
1.000000e+00,0.000000e+00,0.000000e+00,0.000000e+00,0.000000e+00,0.000000e+00,0.000000e+00,0.000000e+00,0.000000e+00,0.000000e+00,0.000000e+00,0.000000e+00,0.000000e+00,0.000000e+00,0.000000e+00
1.000000e+00,0.000000e+00,0.000000e+00,0.000000e+00,0.000000e+00,0.000000e+00,0.000000e+00,0.000000e+00,0.000000e+00,0.000000e+00,0.000000e+00,0.000000e+00,0.000000e+00,0.000000e+00,0.000000e+00
1.000000e+00,0.000000e+00,0.000000e+00,0.000000e+00,0.000000e+00,0.000000e+00,0.000000e+00,0.000000e+00,0.000000e+00,0.000000e+00,0.000000e+00,0.000000e+00,0.000000e+00,0.000000e+00,0.000000e+00
1.000000e+00,0.000000e+00,0.000000e+00,0.000000e+00,0.000000e+00,0.000000e+00,0.000000e+00,0.000000e+00,0.000000e+00,0.000000e+00,0.000000e+00,0.000000e+00,0.000000e+00,0.000000e+00,0.000000e+00
1.000000e+00,0.000000e+00,0.000000e+00,0.000000e+00,0.000000e+00,0.000000e+00,0.000000e+00,0.000000e+00,0.000000e+00,0.000000e+00,0.000000e+00,0.000000e+00,0.000000e+00,0.000000e+00,0.000000e+00
1.000000e+00,0.000000e+00,0.000000e+00,0.000000e+00,0.000000e+00,0.000000e+00,0.000000e+00,0.000000e+00,0.000000e+00,0.000000e+00,0.000000e+00,0.000000e+00,0.000000e+00,0.000000e+00,0.000000e+00
1.000000e+00,0.000000e+00,0.000000e+00,0.000000e+00,0.000000e+00,0.000000e+00,0.000000e+00,0.000000e+00,0.000000e+00,0.000000e+00,0.000000e+00,0.000000e+00,0.000000e+00,0.000000e+00,0.000000e+00
1.000000e+00,0.000000e+00,0.000000e+00,0.000000e+00,0.000000e+00,0.000000e+00,0.000000e+00,0.000000e+00,0.000000e+00,0.000000e+00,0.000000e+00,0.000000e+00,0.000000e+00,0.000000e+00,0.000000e+00
1.000000e+00,0.000000e+00,0.000000e+00,0.000000e+00,0.000000e+00,0.000000e+00,0.000000e+00,0.000000e+00,0.000000e+00,0.000000e+00,0.000000e+00,0.000000e+00,0.000000e+00,0.000000e+00,0.000000e+00
1.000000e+00,0.000000e+00,0.000000e+00,0.000000e+00,0.000000e+00,0.000000e+00,0.000000e+00,0.000000e+00,0.000000e+00,0.000000e+00,0.000000e+00,0.000000e+00,0.000000e+00,0.000000e+00,0.000000e+00
1.000000e+00,0.000000e+00,0.000000e+00,0.000000e+00,0.000000e+00,0.000000e+00,0.000000e+00,0.000000e+00,0.000000e+00,0.000000e+00,0.000000e+00,0.000000e+00,0.000000e+00,0.000000e+00,0.000000e+00
1.000000e+00,0.000000e+00,0.000000e+00,0.000000e+00,0.000000e+00,0.000000e+00,0.000000e+00,0.000000e+00,0.000000e+00,0.000000e+00,0.000000e+00,0.000000e+00,0.000000e+00,0.000000e+00,0.000000e+00
1.000000e+00,0.000000e+00,0.000000e+00,0.000000e+00,0.000000e+00,0.000000e+00,0.000000e+00,0.000000e+00,0.000000e+00,0.000000e+00,0.000000e+00,0.000000e+00,0.000000e+00,0.000000e+00,0.000000e+00
3.979740e-01,2.782960e-02,8.987230e-03,9.238689e-02,6.199898e-03,6.123070e-02,8.145557e-03,3.682173e-02,9.132390e-02,1.841751e-02,6.354996e-02,1.256631e-02,5.577162e-02,1.411561e-02,1.046795e-01
2.798824e-01,4.791693e-02,7.022394e-03,2.031044e-01,4.728865e-03,4.301418e-02,5.738527e-03,2.610697e-02,1.849035e-01,1.376954e-02,4.870804e-02,9.121598e-03,4.121692e-02,1.014212e-02,7.462350e-02
1.962477e-01,3.395256e-02,5.499701e-03,1.650733e-01,4.288885e-03,3.132665e-02,4.097151e-03,1.840761e-02,1.664057e-01,1.270522e-02,1.424265e-01,8.603893e-03,6.633850e-02,9.286910e-03,1.353398e-01
1.382084e-01,2.544231e-02,4.903491e-03,1.335881e-01,4.465429e-03,2.285087e-02,2.986746e-03,1.306221e-02,1.342750e-01,1.085059e-02,1.644770e-01,9.528198e-03,8.315665e-02,1.012867e-02,2.420764e-01
9.801946e-02,2.039976e-02,7.064946e-03,1.532484e-01,1.189057e-02,1.941414e-02,2.444739e-03,9.768181e-03,1.201521e-01,9.546068e-03,1.463453e-01,1.290431e-02,1.349230e-01,8.627839e-03,2.452511e-01
6.962401e-02,1.784098e-02,7.863769e-03,1.156383e-01,1.290408e-02,1.554360e-02,2.391646e-03,7.688804e-03,9.189595e-02,8.615354e-03,1.264913e-01,1.546120e-02,1.328837e-01,8.961124e-03,3.661962e-01
5.044582e-02,2.665198e-02,1.893625e-02,1.340868e-01,2.463477e-02,1.364188e-02,3.409325e-03,6.022679e-03,1.434113e-01,9.453434e-03,9.780604e-02,1.734903e-02,1.175942e-01,1.097170e-02,3.255848e-01
3.757587e-02,3.712521e-02,2.481868e-02,1.232751e-01,2.067827e-02,1.347474e-02,3.060181e-03,4.674727e-03,1.314083e-01,9.907477e-03,8.388445e-02,3.058063e-02,1.366893e-01,2.410239e-02,3.187447e-01
3.044911e-02,5.766541e-02,4.775194e-02,9.701901e-02,1.892100e-02,1.235345e-02,2.632946e-03,4.255874e-03,1.400067e-01,8.554084e-03,8.494920e-02,2.714418e-02,1.194674e-01,2.884785e-02,3.199819e-01
2.473305e-02,1.759638e-01,4.043867e-02,1.242777e-01,1.606911e-02,9.310274e-03,1.948018e-03,3.379309e-03,1.687559e-01,8.158881e-03,6.485356e-02,2.097782e-02,8.890618e-02,2.289834e-02,2.293294e-01
1.981683e-02,1.576918e-01,3.779941e-02,1.165371e-01,1.310997e-02,9.678856e-03,1.715847e-03,2.695713e-03,1.731384e-01,1.319679e-02,6.431906e-02,2.117261e-02,8.599105e-02,6.616043e-02,2.169761e-01
3.015381e-02,1.259741e-01,2.922619e-02,1.064775e-01,1.335390e-02,1.064080e-02,1.498931e-03,2.802217e-03,1.897730e-01,1.284901e-02,6.241582e-02,3.070467e-02,1.433035e-01,5.582185e-02,1.850047e-01
8.158644e-02,9.416969e-02,3.628939e-02,8.628740e-02,2.435863e-02,2.642426e-02,3.143772e-03,6.360353e-03,1.579194e-01,1.116683e-02,6.381474e-02,3.271335e-02,1.624611e-01,4.825643e-02,1.650482e-01
1.241260e-01,8.074643e-02,3.492731e-02,6.971169e-02,5.200934e-02,7.017925e-02,4.666707e-03,6.176027e-03,1.213088e-01,8.833438e-03,5.675115e-02,3.074048e-02,1.606205e-01,4.420042e-02,1.350024e-01
2.087090e-01,6.631047e-02,2.711171e-02,5.626643e-02,5.332788e-02,8.629088e-02,4.514716e-03,6.838779e-03,8.846651e-02,7.631660e-03,4.496702e-02,3.063096e-02,1.487618e-01,3.777942e-02,1.323928e-01
2.324054e-01,7.303271e-02,2.616449e-02,4.891033e-02,6.386071e-02,1.137641e-01,4.909521e-03,8.325740e-03,6.526396e-02,6.541724e-03,3.949545e-02,2.696965e-02,1.504437e-01,3.200788e-02,1.079047e-01
3.066196e-01,6.247382e-02,2.323488e-02,4.153289e-02,5.495377e-02,9.948362e-02,4.649248e-03,8.827317e-03,4.791736e-02,5.902460e-03,3.149726e-02,3.026454e-02,1.525948e-01,3.055545e-02,9.949303e-02
2.518682e-01,8.544287e-02,2.849554e-02,8.985580e-02,5.227320e-02,9.077346e-02,4.471527e-03,1.274747e-02,6.767076e-02,1.000260e-02,2.712466e-02,2.783408e-02,1.158640e-01,2.575986e-02,1.098160e-01
2.248466e-01,7.734131e-02,3.337122e-02,9.975018e-02,5.020611e-02,1.107669e-01,8.424083e-03,1.073198e-02,8.752458e-02,1.362586e-02,2.172193e-02,2.315837e-02,8.772147e-02,2.005493e-02,1.307545e-01
2.747189e-01,6.821588e-02,3.250918e-02,8.044794e-02,5.749200e-02,1.204968e-01,1.137442e-02,9.892868e-03,7.786825e-02,1.224098e-02,1.894536e-02,2.209158e-02,9.548106e-02,1.595778e-02,1.022670e-01
2.689754e-01,7.604991e-02,3.998357e-02,1.392254e-01,5.433209e-02,1.151744e-01,1.111714e-02,1.042698e-02,6.266455e-02,1.055311e-02,1.676111e-02,2.053658e-02,8.525280e-02,1.188766e-02,7.705925e-02
2.063828e-01,8.854370e-02,6.189211e-02,2.888532e-01,4.033697e-02,8.485385e-02,8.061613e-03,7.765057e-03,4.764614e-02,9.123258e-03,1.366339e-02,1.577596e-02,6.065559e-02,8.519466e-03,5.792693e-02
2.251605e-01,9.259679e-02,8.305669e-02,2.584793e-01,3.259316e-02,6.808058e-02,6.416011e-03,6.340104e-03,5.284046e-02,1.476805e-02,1.528688e-02,1.464612e-02,4.776306e-02,8.111683e-03,7.386057e-02
2.716482e-01,9.115501e-02,7.116234e-02,2.143932e-01,4.018573e-02,6.642622e-02,6.609184e-03,5.326131e-03,5.453770e-02,1.357047e-02,1.654700e-02,1.506243e-02,4.963053e-02,8.193908e-03,7.555194e-02
3.217234e-01,7.218990e-02,5.519288e-02,1.536343e-01,3.491440e-02,1.251983e-01,7.022609e-03,8.399202e-03,4.606839e-02,1.088015e-02,1.795432e-02,1.510844e-02,6.225449e-02,8.435572e-03,6.102365e-02
2.857020e-01,5.249765e-02,6.122714e-02,1.151839e-01,2.825935e-02,2.155330e-01,9.955592e-03,4.712805e-02,3.756224e-02,8.682561e-03,1.490072e-02,1.193260e-02,5.914361e-02,6.892440e-03,4.539914e-02
2.644099e-01,3.786633e-02,5.867537e-02,8.639257e-02,2.214607e-02,3.022247e-01,1.580664e-02,6.478614e-02,2.928999e-02,7.018217e-03,1.134217e-02,9.089861e-03,5.309311e-02,5.282572e-03,3.257639e-02
2.364810e-01,2.895197e-02,4.329721e-02,7.745891e-02,2.186120e-02,3.637587e-01,1.470854e-02,5.949965e-02,2.178077e-02,7.539405e-03,2.642630e-02,1.176970e-02,4.816442e-02,5.155231e-03,3.314705e-02
1.688094e-01,2.098149e-02,3.053590e-02,5.813682e-02,1.636722e-02,4.959233e-01,1.104808e-02,4.335691e-02,1.634222e-02,7.961353e-03,3.691353e-02,9.188118e-03,3.950589e-02,1.180022e-02,3.312951e-02
1.275984e-01,1.514650e-02,2.147562e-02,4.334393e-02,1.256355e-02,5.441514e-01,9.183788e-03,3.569129e-02,2.254466e-02,7.128828e-03,7.137202e-02,8.967564e-03,3.029522e-02,2.649249e-02,2.404469e-02
8.985849e-02,1.064263e-02,1.504707e-02,3.052738e-02,9.182911e-03,4.183695e-01,6.494687e-03,2.632595e-02,2.128866e-02,9.888999e-03,2.387258e-01,7.562457e-03,2.225718e-02,7.602304e-02,1.780528e-02
6.371585e-02,7.460679e-03,1.053822e-02,2.145538e-02,6.581959e-03,3.031848e-01,4.570909e-03,1.915640e-02,1.705622e-02,9.439086e-03,3.949175e-01,6.651628e-03,1.655504e-02,1.053545e-01,1.336177e-02
4.507441e-02,5.265517e-03,7.384353e-03,1.503563e-02,4.790689e-03,2.140582e-01,3.262537e-03,1.378557e-02,1.505265e-02,1.575160e-02,4.165458e-01,6.420629e-03,1.254583e-02,2.152497e-01,9.776868e-03
3.175234e-02,3.811107e-03,5.194145e-03,1.053563e-02,3.520887e-03,1.503799e-01,2.303508e-03,9.712514e-03,1.234550e-02,1.568715e-02,3.313381e-01,5.429951e-03,9.125777e-03,4.017719e-01,7.091607e-03
2.228951e-02,2.846585e-03,3.643492e-03,7.379598e-03,2.532986e-03,1.055821e-01,1.620542e-03,6.818405e-03,1.083625e-02,1.203965e-02,2.570195e-01,4.294201e-03,6.532581e-03,5.513074e-01,5.257049e-03
1.571534e-02,2.347789e-03,2.697587e-03,5.193073e-03,1.860916e-03,7.435941e-02,1.180908e-03,4.880607e-03,1.507534e-02,1.021216e-02,2.850873e-01,4.977143e-03,4.781206e-03,5.670816e-01,4.549680e-03
1.112102e-02,1.957986e-03,1.932469e-03,3.664768e-03,1.429851e-03,5.263132e-02,8.587619e-04,3.492034e-03,1.761012e-02,8.385979e-03,3.290635e-01,5.134426e-03,3.542512e-03,5.555913e-01,3.583919e-03
7.852016e-03,1.837256e-03,1.481870e-03,2.585439e-03,1.161844e-03,3.701043e-02,6.152083e-04,2.478170e-03,4.421724e-02,6.969687e-03,3.121704e-01,4.261896e-03,2.565258e-03,5.721736e-01,2.619762e-03
5.554890e-03,2.521936e-03,1.407714e-03,1.840447e-03,1.064610e-03,2.607194e-02,4.349701e-04,1.763354e-03,1.043867e-01,6.096332e-03,3.030405e-01,4.216420e-03,1.856009e-03,5.376051e-01,2.139128e-03
3.954355e-03,6.368610e-03,2.710032e-03,1.374933e-03,1.049336e-03,1.841870e-02,3.092457e-04,1.322346e-03,3.086530e-01,5.763874e-03,2.339759e-01,3.233483e-03,1.315712e-03,4.092981e-01,2.252468e-03
2.957721e-03,4.682286e-03,2.382105e-03,1.713706e-03,1.260335e-03,1.374041e-02,2.261884e-04,1.079043e-03,4.383836e-01,8.780834e-03,1.994114e-01,2.555230e-03,1.630624e-03,3.172562e-01,3.940393e-03
2.200428e-03,3.391329e-03,2.040912e-03,2.169759e-03,1.281926e-03,1.090470e-02,1.701414e-04,8.897627e-04,5.020624e-01,1.262317e-02,1.762198e-01,2.330105e-03,2.472238e-03,2.751796e-01,6.063733e-03
1.729026e-03,2.814018e-03,3.206020e-03,4.800367e-03,3.012766e-03,1.046453e-02,1.862268e-04,3.066885e-03,5.573689e-01,1.382135e-02,1.515760e-01,2.359377e-03,3.545870e-03,2.348286e-01,7.220198e-03
1.427095e-03,2.315572e-03,2.498025e-03,6.395128e-03,3.128597e-03,9.103753e-03,2.168284e-04,2.484792e-03,5.788943e-01,1.486856e-02,1.343071e-01,2.547479e-03,4.584321e-03,2.293293e-01,7.899154e-03
1.885915e-03,2.242291e-03,2.949216e-03,1.994792e-02,3.144662e-03,9.891028e-03,2.263292e-04,2.492450e-03,5.614382e-01,1.548891e-02,1.486274e-01,6.571291e-03,1.282932e-02,2.012103e-01,1.105483e-02
1.798433e-03,1.802793e-03,2.687942e-03,1.689447e-02,2.955863e-03,7.626680e-03,1.940405e-04,4.489743e-03,5.321540e-01,1.488752e-02,1.663799e-01,1.156368e-02,2.709220e-02,1.999022e-01,9.570679e-03
3.100985e-03,2.302161e-03,2.563208e-03,1.326235e-02,9.436238e-03,8.935011e-03,4.186361e-04,4.521343e-03,5.069879e-01,1.168896e-02,2.194068e-01,1.254536e-02,2.719577e-02,1.700744e-01,7.560972e-03
4.993478e-03,3.695511e-03,2.389120e-02,1.713949e-02,1.956271e-02,9.373093e-03,6.306225e-04,6.262658e-02,4.479581e-01,1.174968e-02,2.252701e-01,1.342371e-02,2.845802e-02,1.244446e-01,6.783159e-03
1.443959e-02,4.349882e-03,6.628473e-02,5.522027e-02,3.389398e-02,9.531080e-03,8.242938e-04,7.194567e-02,4.107751e-01,1.283697e-02,1.827797e-01,1.038400e-02,2.165365e-02,9.836900e-02,6.712110e-03
2.086097e-02,5.435328e-03,1.431027e-01,1.203059e-01,6.928193e-02,8.573280e-03,1.178819e-03,6.917084e-02,3.212589e-01,1.012382e-02,1.331260e-01,7.415848e-03,1.546992e-02,6.954441e-02,5.151358e-03
5.956720e-02,9.046945e-03,1.220537e-01,2.013208e-01,9.309793e-02,1.219086e-02,1.169762e-03,5.608542e-02,2.526669e-01,7.745952e-03,1.091129e-01,5.948407e-03,1.201583e-02,5.334501e-02,4.632453e-03
1.384760e-01,1.109316e-02,1.058283e-01,1.573731e-01,1.226515e-01,1.335280e-02,1.579864e-03,4.484609e-02,2.069686e-01,6.124179e-03,1.144899e-01,6.497058e-03,1.114756e-02,5.419543e-02,5.376427e-03
1.100154e-01,1.516476e-02,8.155465e-02,2.228723e-01,1.214531e-01,1.261941e-02,1.828515e-03,3.684544e-02,2.475479e-01,5.377288e-03,8.488666e-02,4.996343e-03,8.161024e-03,3.953627e-02,7.140889e-03
9.816984e-02,5.309568e-02,6.429695e-02,1.992887e-01,1.323530e-01,1.094523e-02,1.924840e-03,3.002347e-02,2.897614e-01,6.637202e-03,6.216113e-02,4.051982e-03,6.400280e-03,3.008142e-02,1.080898e-02
8.490574e-02,5.290370e-02,6.148070e-02,2.161783e-01,1.365768e-01,1.050413e-02,3.999413e-03,6.170270e-02,2.791142e-01,5.666376e-03,4.665655e-02,3.458061e-03,6.007429e-03,2.191203e-02,8.933973e-03
8.553980e-02,4.650206e-02,5.223138e-02,2.037905e-01,1.529450e-01,1.369994e-02,5.378946e-03,8.921938e-02,2.551347e-01,6.374162e-03,5.414560e-02,4.032693e-03,6.307149e-03,1.645444e-02,8.244275e-03
6.308490e-02,3.525886e-02,4.315115e-02,3.019609e-01,1.221749e-01,1.059910e-02,4.293486e-03,6.437379e-02,2.388380e-01,6.766004e-03,7.941771e-02,3.933671e-03,7.129852e-03,1.179206e-02,7.225561e-03
4.556007e-02,2.903879e-02,3.300574e-02,3.543793e-01,1.090219e-01,8.115297e-03,3.676734e-03,4.652773e-02,1.767234e-01,7.139442e-03,1.567778e-01,7.210923e-03,6.278774e-03,9.869997e-03,6.674093e-03
3.379693e-02,3.232632e-02,2.861647e-02,3.471645e-01,1.275756e-01,7.567676e-03,5.015300e-03,3.447875e-02,1.350269e-01,8.403094e-03,1.995176e-01,1.714898e-02,5.906181e-03,1.144219e-02,6.013580e-03
2.665454e-02,2.612742e-02,2.308320e-02,2.702916e-01,9.663869e-02,7.587253e-03,5.154579e-03,2.555789e-02,9.751246e-02,8.920021e-03,3.090245e-01,7.774834e-02,6.046175e-03,1.493222e-02,4.721110e-03
2.072306e-02,1.892150e-02,1.691460e-02,1.933388e-01,7.285873e-02,7.722030e-03,6.046231e-03,1.872642e-02,7.247155e-02,8.850055e-03,4.378943e-01,9.769705e-02,5.853505e-03,1.827498e-02,3.707157e-03
1.780884e-02,1.676808e-02,1.291861e-02,1.359781e-01,5.545134e-02,7.331125e-03,4.381768e-03,1.337096e-02,5.499055e-02,9.255325e-03,5.288932e-01,1.056203e-01,5.909684e-03,2.763188e-02,3.690253e-03
1.647607e-02,1.267055e-02,1.069846e-02,9.598275e-02,6.079839e-02,6.763438e-03,3.312136e-03,9.723769e-03,4.038224e-02,1.830678e-02,5.748978e-01,9.569121e-02,5.224005e-03,4.460326e-02,4.469122e-03
1.477884e-02,1.181831e-02,8.636175e-03,6.740647e-02,5.853320e-02,6.208155e-03,2.400653e-03,6.947338e-03,2.932503e-02,2.070780e-02,6.087620e-01,9.233695e-02,4.435701e-03,6.179588e-02,5.907468e-03
1.275885e-02,1.200511e-02,7.551083e-03,4.732550e-02,6.652865e-02,4.981894e-03,1.732265e-03,5.085241e-03,2.272284e-02,1.972277e-02,6.338610e-01,7.967374e-02,3.241602e-03,6.606793e-02,1.674148e-02
1.095800e-02,9.532812e-03,6.640342e-03,3.358812e-02,6.825906e-02,4.528956e-03,1.275963e-03,3.912418e-03,2.182543e-02,2.585192e-02,6.289149e-01,7.527974e-02,3.305508e-03,8.993077e-02,1.619606e-02
1.036716e-02,1.328691e-02,7.449177e-03,2.388806e-02,6.617571e-02,3.906226e-03,9.426250e-04,3.719899e-03,2.544980e-02,2.763993e-02,5.780633e-01,7.370560e-02,2.946585e-03,1.483218e-01,1.413724e-02
9.883637e-03,1.636747e-02,8.729896e-03,1.723974e-02,6.463866e-02,4.163946e-03,8.233090e-04,3.818697e-03,4.817251e-02,4.470164e-02,5.215511e-01,1.183817e-01,4.062835e-03,1.262538e-01,1.121107e-02
1.204904e-02,4.997133e-02,4.193706e-02,1.316645e-02,6.417234e-02,1.138658e-02,7.282103e-04,6.919738e-03,5.051127e-02,5.034564e-02,4.481723e-01,1.323666e-01,4.138451e-03,1.055852e-01,8.549893e-03
2.122862e-02,4.548173e-02,8.219589e-02,1.314119e-02,5.864086e-02,1.967525e-02,2.873825e-03,3.132087e-02,5.074384e-02,5.046796e-02,3.770042e-01,1.500472e-01,4.381441e-03,8.632647e-02,6.470746e-03
2.181116e-02,3.661282e-02,6.982785e-02,9.821719e-03,4.568233e-02,1.565741e-02,3.122670e-03,3.110960e-02,5.569805e-02,4.129738e-02,4.011132e-01,1.851598e-01,4.151115e-03,7.374793e-02,5.186989e-03
2.108680e-02,3.739826e-02,6.499597e-02,7.871423e-03,3.477578e-02,1.344176e-02,3.203357e-03,2.958607e-02,5.963533e-02,3.864359e-02,4.019527e-01,1.904568e-01,3.480667e-03,8.882347e-02,4.648117e-03
1.952975e-02,3.633852e-02,7.187107e-02,8.816370e-03,2.997703e-02,2.353465e-02,5.669160e-03,4.441851e-02,1.007798e-01,4.397362e-02,3.706862e-01,1.595879e-01,3.384497e-03,7.744130e-02,3.991579e-03
1.747485e-02,3.353465e-02,6.869157e-02,1.141909e-02,2.451308e-02,2.421814e-02,6.934226e-03,1.078085e-01,1.003813e-01,4.064674e-02,3.373147e-01,1.386312e-01,2.818658e-03,8.236285e-02,3.250427e-03
1.939966e-02,2.764969e-02,9.004701e-02,1.591294e-02,2.025794e-02,2.255092e-02,6.818650e-03,2.022051e-01,8.441056e-02,3.578149e-02,2.829045e-01,1.013561e-01,2.187643e-03,8.585815e-02,2.659731e-03
3.190492e-02,2.116090e-02,1.198082e-01,3.392811e-02,1.657161e-02,2.567532e-02,5.703041e-03,2.369612e-01,7.774819e-02,3.128552e-02,2.429132e-01,7.312967e-02,1.632972e-03,7.940633e-02,2.170891e-03
4.100636e-02,1.734213e-02,1.219200e-01,3.910746e-02,1.433671e-02,2.666640e-02,4.621095e-03,1.905703e-01,9.656228e-02,4.776081e-02,2.552254e-01,5.380061e-02,1.293438e-03,8.714370e-02,2.643287e-03
6.170673e-02,1.759803e-02,1.063571e-01,3.475924e-02,1.293051e-02,3.275716e-02,3.462336e-03,1.507528e-01,1.612918e-01,5.134188e-02,2.257642e-01,3.870454e-02,1.393916e-03,9.534529e-02,5.834564e-03
8.248632e-02,2.068675e-02,9.656801e-02,2.730301e-02,1.554953e-02,4.809270e-02,2.794589e-03,1.182032e-01,1.877578e-01,5.203789e-02,2.103259e-01,2.863355e-02,2.067076e-03,9.630754e-02,1.118621e-02
8.888981e-02,2.431189e-02,8.842811e-02,2.475224e-02,1.860031e-02,4.025993e-02,2.195551e-03,1.409000e-01,2.271005e-01,4.422358e-02,1.846008e-01,2.108876e-02,1.993043e-03,8.072140e-02,1.193408e-02
8.641319e-02,3.439973e-02,7.892683e-02,1.947587e-02,1.698021e-02,5.357149e-02,1.742128e-03,1.273181e-01,2.788654e-01,3.770819e-02,1.454158e-01,1.579160e-02,1.803322e-03,8.857538e-02,1.301283e-02
8.314579e-02,3.517356e-02,6.924018e-02,1.575090e-02,1.427756e-02,5.774729e-02,1.448819e-03,1.069989e-01,3.343062e-01,3.267389e-02,1.274946e-01,1.193858e-02,1.648878e-03,9.415144e-02,1.400347e-02
8.948202e-02,4.341478e-02,5.773461e-02,1.241795e-02,1.351045e-02,1.050735e-01,1.203942e-03,9.319387e-02,3.041483e-01,2.701528e-02,1.160281e-01,9.888073e-03,2.030731e-03,1.063719e-01,1.848646e-02
1.022520e-01,5.104851e-02,6.286541e-02,1.219956e-02,1.624902e-02,1.134598e-01,1.179272e-03,9.196097e-02,2.690188e-01,2.356717e-02,1.087525e-01,9.282894e-03,3.029609e-03,1.065279e-01,2.860653e-02
8.894278e-02,5.404406e-02,1.524110e-01,4.497072e-02,2.444301e-02,8.698887e-02,1.056628e-03,8.208953e-02,2.117848e-01,2.331690e-02,8.316760e-02,8.174850e-03,4.872521e-03,7.784817e-02,5.588859e-02
6.406991e-02,3.969971e-02,1.334160e-01,4.226415e-02,1.871232e-02,6.131927e-02,8.131244e-04,5.919440e-02,2.119172e-01,2.386082e-02,5.954098e-02,6.447879e-03,4.667640e-03,5.599691e-02,2.180797e-01
6.289409e-02,3.345032e-02,1.230601e-01,3.394381e-02,1.628980e-02,4.479598e-02,7.389319e-04,4.206259e-02,2.391187e-01,2.484219e-02,5.139246e-02,6.127690e-03,7.127039e-03,5.831568e-02,2.558406e-01
5.183900e-02,2.654789e-02,9.810147e-02,2.796169e-02,1.310185e-02,3.197550e-02,6.243009e-04,3.010515e-02,3.432258e-01,2.784341e-02,3.931208e-02,4.939469e-03,6.073747e-03,4.860762e-02,2.497410e-01
5.214630e-02,2.100395e-02,7.654191e-02,2.055842e-02,9.660155e-03,2.282275e-02,4.708491e-04,2.131965e-02,4.660874e-01,2.804760e-02,3.315727e-02,3.872435e-03,5.602906e-03,4.908506e-02,1.896233e-01
3.976633e-02,1.637106e-02,5.489000e-02,1.503810e-02,6.825293e-03,1.607917e-02,3.375566e-04,1.496319e-02,5.886457e-01,2.842861e-02,2.642854e-02,3.194250e-03,4.350614e-03,4.664364e-02,1.380380e-01
3.033247e-02,1.714278e-02,4.238540e-02,1.179217e-02,4.871927e-03,1.185531e-02,2.571658e-04,1.052330e-02,6.564964e-01,3.083570e-02,2.305841e-02,3.074634e-03,3.830391e-03,5.272266e-02,1.008213e-01
2.406704e-02,2.087469e-02,3.658576e-02,1.027139e-02,3.646594e-03,9.269143e-03,2.197275e-04,7.457817e-03,6.591008e-01,3.809319e-02,2.294052e-02,3.492301e-03,4.000835e-03,8.155119e-02,7.842895e-02
1.964026e-02,3.392373e-02,3.346533e-02,8.912079e-03,2.648658e-03,7.448209e-03,1.855081e-04,5.263396e-03,6.352348e-01,4.859065e-02,2.084424e-02,3.639506e-03,3.729023e-03,1.100628e-01,6.641190e-02
2.295252e-02,3.380672e-02,2.720353e-02,7.348342e-03,2.138391e-03,8.336335e-03,1.883790e-04,3.791867e-03,5.863261e-01,5.598983e-02,1.844742e-02,3.618469e-03,4.947453e-03,1.571870e-01,6.771763e-02
2.310299e-02,3.362311e-02,2.430397e-02,9.337422e-03,1.840275e-03,8.598587e-03,2.018154e-04,3.081202e-03,5.881265e-01,5.722274e-02,1.734680e-02,3.634286e-03,5.658005e-03,1.503264e-01,7.359583e-02
1.812600e-02,3.223769e-02,1.911154e-02,7.366689e-03,1.715056e-03,7.291677e-03,1.829556e-04,2.334251e-03,5.339876e-01,5.064066e-02,1.872033e-02,3.238413e-03,6.662653e-03,1.190187e-01,1.793658e-01
1.372979e-02,3.455826e-02,1.455406e-02,5.650945e-03,1.399927e-03,5.636096e-03,1.540934e-04,1.807997e-03,5.706986e-01,7.216170e-02,1.639258e-02,2.996503e-03,6.085679e-03,9.134375e-02,1.628300e-01
1.034981e-02,3.179557e-02,1.243984e-02,1.101503e-02,1.257656e-03,4.620624e-03,1.515941e-04,1.391728e-03,6.062371e-01,5.612459e-02,3.885650e-02,4.011462e-03,2.032599e-02,6.734850e-02,1.340740e-01
7.382055e-03,2.354564e-02,9.514122e-03,1.352723e-02,9.630853e-04,3.619015e-03,1.219173e-04,9.969163e-04,6.475553e-01,4.081533e-02,4.607630e-02,5.867295e-03,4.995901e-02,4.757777e-02,1.024790e-01
5.287524e-03,1.672183e-02,7.046188e-03,1.145367e-02,8.561086e-04,2.850837e-03,1.225908e-04,7.491520e-04,4.701633e-01,2.970148e-02,1.055580e-01,1.962202e-02,1.929439e-01,3.362782e-02,1.032955e-01
3.930014e-03,1.188578e-02,5.820878e-03,9.698794e-03,7.839390e-04,2.924421e-03,1.415750e-04,5.541524e-04,3.426554e-01,2.357750e-02,1.194106e-01,4.513461e-02,2.907812e-01,2.420977e-02,1.184914e-01
2.885344e-03,8.393756e-03,4.341137e-03,8.226187e-03,9.261462e-04,2.642316e-03,1.867764e-04,4.043409e-04,2.457544e-01,1.828962e-02,1.370275e-01,6.128414e-02,3.896840e-01,1.714231e-02,1.028120e-01
3.945576e-03,6.039849e-03,3.359899e-03,8.250885e-03,3.303873e-03,4.703471e-03,6.226298e-04,3.512727e-04,1.757938e-01,1.751566e-02,1.184894e-01,1.155123e-01,4.256176e-01,1.294191e-02,1.035520e-01
3.108022e-03,4.282866e-03,2.576964e-03,6.662060e-03,6.557076e-03,5.483786e-03,1.100316e-03,3.772653e-04,1.240023e-01,1.507705e-02,9.605464e-02,1.844204e-01,4.243725e-01,9.822339e-03,1.161025e-01
2.787365e-03,3.052462e-03,2.052263e-03,5.129553e-03,1.106864e-02,6.767833e-03,1.054030e-03,4.796131e-04,8.795724e-02,1.346733e-02,7.710534e-02,2.010939e-01,4.730241e-01,8.173683e-03,1.067866e-01
2.453755e-03,2.150520e-03,1.801016e-03,3.689478e-03,1.418110e-02,5.565516e-03,8.848833e-04,4.093506e-04,6.194891e-02,1.204540e-02,6.117396e-02,2.246912e-01,4.686770e-01,6.375157e-03,1.339528e-01
2.019676e-03,1.524670e-03,1.462305e-03,2.681409e-03,1.448635e-02,4.679632e-03,6.980995e-04,3.809120e-04,4.370870e-02,1.112819e-02,4.852987e-02,2.492324e-01,4.926055e-01,5.092878e-03,1.217694e-01
1.720414e-03,1.134566e-03,2.098718e-03,1.923783e-03,1.359143e-02,3.633218e-03,9.156861e-04,3.804860e-04,3.188542e-02,1.123635e-02,3.915592e-02,2.577100e-01,5.254673e-01,4.151742e-03,1.049949e-01
1.496101e-03,8.163899e-04,2.004595e-03,1.388061e-03,1.783543e-02,2.720356e-03,2.563821e-03,5.258081e-04,2.311896e-02,9.958591e-03,3.091243e-02,2.721732e-01,5.375198e-01,3.268558e-03,9.369791e-02
1.607666e-03,6.096472e-04,2.624713e-03,1.821092e-03,3.231423e-02,5.248602e-03,1.731804e-02,3.200052e-03,1.854425e-02,9.042248e-03,2.654749e-02,3.579691e-01,4.469223e-01,2.579557e-03,7.365096e-02
3.570646e-03,6.507447e-04,5.823378e-03,1.451869e-03,3.140140e-02,6.844473e-03,4.258716e-02,1.491934e-02,1.663148e-02,9.066584e-03,2.289827e-02,4.555470e-01,3.334228e-01,2.439051e-03,5.274582e-02
9.001462e-03,7.346661e-04,5.220906e-03,1.845653e-03,4.016396e-02,1.972698e-02,3.398680e-02,1.877291e-02,2.267680e-02,1.717018e-02,2.079768e-02,5.165421e-01,2.531206e-01,2.643880e-03,3.759538e-02
3.275840e-02,8.970954e-04,4.267724e-03,2.162699e-03,4.954640e-02,2.349961e-02,3.065670e-02,2.532940e-02,3.391854e-02,1.858294e-02,2.440802e-02,5.113024e-01,2.130533e-01,2.605040e-03,2.701179e-02
4.498249e-02,1.270881e-03,3.764729e-03,2.517426e-03,5.813526e-02,2.215265e-02,3.289686e-02,2.899421e-02,3.372331e-02,1.875349e-02,3.015760e-02,4.966913e-01,2.036177e-01,2.459789e-03,1.988230e-02
6.746849e-02,1.513698e-03,4.166405e-03,2.428733e-03,5.597961e-02,1.910452e-02,4.768267e-02,3.631662e-02,3.124581e-02,1.712558e-02,2.890843e-02,4.735145e-01,1.904444e-01,2.382594e-03,2.171796e-02
7.534212e-02,3.394725e-03,5.423799e-03,3.164753e-03,4.392905e-02,1.537224e-02,3.522948e-02,3.896082e-02,3.304577e-02,1.660713e-02,2.697400e-02,4.170310e-01,2.600524e-01,3.737292e-03,2.173544e-02
6.115285e-02,7.718833e-03,1.108500e-02,3.822971e-03,3.682067e-02,1.382096e-02,2.543691e-02,3.150248e-02,4.807013e-02,2.992699e-02,3.870425e-02,3.522646e-01,3.159351e-01,5.035426e-03,1.870284e-02
4.522402e-02,8.380915e-03,3.050710e-02,3.578602e-03,3.150874e-02,1.136677e-02,1.841580e-02,1.011725e-01,8.010112e-02,2.382034e-02,3.392683e-02,2.769795e-01,3.154621e-01,4.270180e-03,1.528549e-02
6.122871e-02,1.421087e-02,8.342393e-02,7.267785e-03,2.754318e-02,1.118488e-02,1.331312e-02,1.173701e-01,1.170838e-01,2.047578e-02,3.062843e-02,2.183122e-01,2.596451e-01,4.388974e-03,1.392326e-02
8.568933e-02,2.895482e-02,1.111525e-01,1.976802e-02,3.121238e-02,1.091647e-02,1.099960e-02,1.051509e-01,1.668582e-01,1.963465e-02,2.329233e-02,1.652104e-01,1.880661e-01,4.532925e-03,2.856149e-02
1.049678e-01,2.348994e-02,1.706520e-01,1.294949e-01,2.724875e-02,1.203940e-02,8.195993e-03,7.799095e-02,1.316373e-01,1.522974e-02,1.824371e-02,1.173676e-01,1.358235e-01,3.513831e-03,2.410459e-02
1.962761e-01,3.106623e-02,1.679550e-01,1.212885e-01,2.718884e-02,1.419068e-02,7.555917e-03,5.764860e-02,1.268798e-01,1.517005e-02,1.624809e-02,8.861000e-02,9.913713e-02,3.855961e-03,2.692917e-02
2.104886e-01,3.410454e-02,1.928627e-01,8.967746e-02,6.403264e-02,2.286266e-02,1.681471e-02,4.174913e-02,1.374732e-01,1.303941e-02,1.340160e-02,6.334013e-02,7.313327e-02,3.918699e-03,2.310130e-02
2.863216e-01,3.701905e-02,1.813527e-01,8.170290e-02,6.560512e-02,2.087564e-02,1.678284e-02,3.128932e-02,1.148354e-01,1.041101e-02,1.272978e-02,5.207020e-02,6.139531e-02,5.027166e-03,2.258207e-02
2.922957e-01,3.864046e-02,1.479463e-01,7.497194e-02,1.119287e-01,2.034579e-02,1.652468e-02,3.328069e-02,1.075652e-01,8.814500e-03,1.388117e-02,4.838039e-02,5.364610e-02,6.385991e-03,2.539248e-02
2.749209e-01,4.738206e-02,1.245481e-01,6.242370e-02,1.717501e-01,2.328455e-02,1.704429e-02,3.478700e-02,9.948211e-02,1.173931e-02,1.306242e-02,3.816799e-02,4.244708e-02,8.746085e-03,3.021434e-02
2.145649e-01,4.621317e-02,1.001271e-01,1.323396e-01,2.277908e-01,2.361609e-02,1.609456e-02,5.246395e-02,7.596890e-02,8.953358e-03,1.081107e-02,2.878142e-02,3.130558e-02,6.613035e-03,2.435654e-02
2.336063e-01,6.544884e-02,8.146853e-02,1.190408e-01,2.139613e-01,2.106471e-02,1.482424e-02,4.439191e-02,8.920601e-02,8.259498e-03,1.050106e-02,3.113684e-02,2.619137e-02,5.896023e-03,3.500260e-02
2.495557e-01,6.956033e-02,8.564931e-02,1.139040e-01,2.015887e-01,2.068936e-02,1.391952e-02,3.931668e-02,9.241974e-02,7.499914e-03,1.168385e-02,3.047978e-02,2.307257e-02,6.123003e-03,3.453761e-02
2.373767e-01,5.508380e-02,1.294700e-01,1.412994e-01,1.897326e-01,1.781457e-02,1.188021e-02,4.157877e-02,7.995515e-02,6.675892e-03,1.064076e-02,2.647787e-02,2.021669e-02,5.034693e-03,2.676289e-02
1.667547e-01,1.338824e-01,1.391709e-01,1.173039e-01,1.338498e-01,1.344309e-02,8.360677e-03,2.928795e-02,5.781124e-02,5.707146e-03,1.236517e-01,2.201143e-02,1.515129e-02,1.454617e-02,1.906768e-02
1.168081e-01,2.495902e-01,1.805479e-01,9.541041e-02,9.389671e-02,9.454960e-03,5.875251e-03,2.055730e-02,4.086525e-02,4.351786e-03,1.216724e-01,2.414337e-02,1.185922e-02,1.152466e-02,1.344250e-02
8.352424e-02,2.017704e-01,1.482153e-01,7.194771e-02,6.584314e-02,6.797256e-03,4.149017e-03,1.460030e-02,2.895582e-02,4.305002e-03,1.977667e-01,1.399574e-01,9.420623e-03,1.320046e-02,9.546552e-03
6.040636e-02,1.480325e-01,1.127691e-01,5.367968e-02,4.631372e-02,5.023770e-03,2.929965e-03,1.030875e-02,2.063542e-02,5.521485e-03,3.013008e-01,2.051996e-01,8.188525e-03,1.290014e-02,6.790214e-03
4.267970e-02,1.040859e-01,8.912791e-02,4.044624e-02,3.275149e-02,4.109672e-03,2.079526e-03,7.267622e-03,1.459023e-02,5.226835e-03,2.469791e-01,3.888165e-01,6.467335e-03,1.056641e-02,4.805428e-03
2.994296e-02,7.303434e-02,6.268223e-02,2.877561e-02,2.445639e-02,2.961842e-03,1.467224e-03,5.094669e-03,1.065001e-02,4.404581e-03,2.120703e-01,5.281948e-01,4.682261e-03,8.137094e-03,3.445682e-03
2.103369e-02,5.125112e-02,4.417905e-02,2.050827e-02,2.903802e-02,2.520143e-03,1.059416e-03,3.637593e-03,7.757091e-03,3.768690e-03,1.639040e-01,6.388047e-01,3.558860e-03,6.513131e-03,2.466180e-03
1.477830e-02,3.595873e-02,3.112307e-02,1.457810e-02,4.241964e-02,4.057131e-03,7.778801e-04,2.591483e-03,5.763513e-03,4.494903e-03,1.193169e-01,7.147301e-01,2.686342e-03,4.902579e-03,1.821314e-03
1.063868e-02,2.580498e-02,2.228405e-02,1.102363e-02,6.224441e-02,4.148381e-03,5.740655e-04,1.904749e-03,4.652634e-03,6.412110e-03,1.063469e-01,7.354100e-01,2.309397e-03,4.530887e-03,1.715002e-03
7.965891e-03,1.836850e-02,1.613134e-02,7.967328e-03,6.112575e-02,4.550778e-03,4.563884e-04,3.732434e-03,3.533396e-03,6.888720e-03,8.684233e-02,7.756927e-01,1.799337e-03,3.695547e-03,1.249542e-03
7.077856e-03,1.322124e-02,1.463971e-02,7.339091e-03,9.226045e-02,1.149998e-02,3.673262e-03,6.150105e-02,2.785782e-03,7.674160e-03,7.362868e-02,6.993676e-01,1.507178e-03,2.928602e-03,8.954118e-04
5.644652e-03,9.680697e-03,1.041003e-02,5.364275e-03,9.262587e-02,1.077740e-02,2.756532e-03,4.724713e-02,2.509997e-03,6.172093e-03,5.783436e-02,7.447131e-01,1.289540e-03,2.332163e-03,6.422120e-04
9.004786e-03,7.718089e-03,7.569198e-03,4.013881e-03,7.462687e-02,9.815115e-03,2.159184e-03,3.566916e-02,2.667150e-03,5.094558e-03,4.548178e-02,7.927968e-01,1.016805e-03,1.873253e-03,4.933348e-04
1.519051e-02,8.174527e-03,6.802787e-03,3.677550e-03,5.997808e-02,1.013438e-02,1.893469e-03,3.684223e-02,4.637156e-03,4.208618e-03,3.570970e-02,8.099241e-01,8.592576e-04,1.492094e-03,4.754443e-04
