1.000000e+00,0.000000e+00,0.000000e+00,0.000000e+00,0.000000e+00,0.000000e+00,0.000000e+00,0.000000e+00,0.000000e+00,0.000000e+00,0.000000e+00,0.000000e+00,0.000000e+00,0.000000e+00,0.000000e+00
1.000000e+00,0.000000e+00,0.000000e+00,0.000000e+00,0.000000e+00,0.000000e+00,0.000000e+00,0.000000e+00,0.000000e+00,0.000000e+00,0.000000e+00,0.000000e+00,0.000000e+00,0.000000e+00,0.000000e+00
1.000000e+00,0.000000e+00,0.000000e+00,0.000000e+00,0.000000e+00,0.000000e+00,0.000000e+00,0.000000e+00,0.000000e+00,0.000000e+00,0.000000e+00,0.000000e+00,0.000000e+00,0.000000e+00,0.000000e+00
1.000000e+00,0.000000e+00,0.000000e+00,0.000000e+00,0.000000e+00,0.000000e+00,0.000000e+00,0.000000e+00,0.000000e+00,0.000000e+00,0.000000e+00,0.000000e+00,0.000000e+00,0.000000e+00,0.000000e+00
1.000000e+00,0.000000e+00,0.000000e+00,0.000000e+00,0.000000e+00,0.000000e+00,0.000000e+00,0.000000e+00,0.000000e+00,0.000000e+00,0.000000e+00,0.000000e+00,0.000000e+00,0.000000e+00,0.000000e+00
1.000000e+00,0.000000e+00,0.000000e+00,0.000000e+00,0.000000e+00,0.000000e+00,0.000000e+00,0.000000e+00,0.000000e+00,0.000000e+00,0.000000e+00,0.000000e+00,0.000000e+00,0.000000e+00,0.000000e+00
1.000000e+00,0.000000e+00,0.000000e+00,0.000000e+00,0.000000e+00,0.000000e+00,0.000000e+00,0.000000e+00,0.000000e+00,0.000000e+00,0.000000e+00,0.000000e+00,0.000000e+00,0.000000e+00,0.000000e+00
1.000000e+00,0.000000e+00,0.000000e+00,0.000000e+00,0.000000e+00,0.000000e+00,0.000000e+00,0.000000e+00,0.000000e+00,0.000000e+00,0.000000e+00,0.000000e+00,0.000000e+00,0.000000e+00,0.000000e+00
1.000000e+00,0.000000e+00,0.000000e+00,0.000000e+00,0.000000e+00,0.000000e+00,0.000000e+00,0.000000e+00,0.000000e+00,0.000000e+00,0.000000e+00,0.000000e+00,0.000000e+00,0.000000e+00,0.000000e+00
1.000000e+00,0.000000e+00,0.000000e+00,0.000000e+00,0.000000e+00,0.000000e+00,0.000000e+00,0.000000e+00,0.000000e+00,0.000000e+00,0.000000e+00,0.000000e+00,0.000000e+00,0.000000e+00,0.000000e+00
1.000000e+00,0.000000e+00,0.000000e+00,0.000000e+00,0.000000e+00,0.000000e+00,0.000000e+00,0.000000e+00,0.000000e+00,0.000000e+00,0.000000e+00,0.000000e+00,0.000000e+00,0.000000e+00,0.000000e+00
1.000000e+00,0.000000e+00,0.000000e+00,0.000000e+00,0.000000e+00,0.000000e+00,0.000000e+00,0.000000e+00,0.000000e+00,0.000000e+00,0.000000e+00,0.000000e+00,0.000000e+00,0.000000e+00,0.000000e+00
1.000000e+00,0.000000e+00,0.000000e+00,0.000000e+00,0.000000e+00,0.000000e+00,0.000000e+00,0.000000e+00,0.000000e+00,0.000000e+00,0.000000e+00,0.000000e+00,0.000000e+00,0.000000e+00,0.000000e+00
1.000000e+00,0.000000e+00,0.000000e+00,0.000000e+00,0.000000e+00,0.000000e+00,0.000000e+00,0.000000e+00,0.000000e+00,0.000000e+00,0.000000e+00,0.000000e+00,0.000000e+00,0.000000e+00,0.000000e+00
1.000000e+00,0.000000e+00,0.000000e+00,0.000000e+00,0.000000e+00,0.000000e+00,0.000000e+00,0.000000e+00,0.000000e+00,0.000000e+00,0.000000e+00,0.000000e+00,0.000000e+00,0.000000e+00,0.000000e+00
1.000000e+00,0.000000e+00,0.000000e+00,0.000000e+00,0.000000e+00,0.000000e+00,0.000000e+00,0.000000e+00,0.000000e+00,0.000000e+00,0.000000e+00,0.000000e+00,0.000000e+00,0.000000e+00,0.000000e+00
1.000000e+00,0.000000e+00,0.000000e+00,0.000000e+00,0.000000e+00,0.000000e+00,0.000000e+00,0.000000e+00,0.000000e+00,0.000000e+00,0.000000e+00,0.000000e+00,0.000000e+00,0.000000e+00,0.000000e+00
1.000000e+00,0.000000e+00,0.000000e+00,0.000000e+00,0.000000e+00,0.000000e+00,0.000000e+00,0.000000e+00,0.000000e+00,0.000000e+00,0.000000e+00,0.000000e+00,0.000000e+00,0.000000e+00,0.000000e+00
1.000000e+00,0.000000e+00,0.000000e+00,0.000000e+00,0.000000e+00,0.000000e+00,0.000000e+00,0.000000e+00,0.000000e+00,0.000000e+00,0.000000e+00,0.000000e+00,0.000000e+00,0.000000e+00,0.000000e+00
1.000000e+00,0.000000e+00,0.000000e+00,0.000000e+00,0.000000e+00,0.000000e+00,0.000000e+00,0.000000e+00,0.000000e+00,0.000000e+00,0.000000e+00,0.000000e+00,0.000000e+00,0.000000e+00,0.000000e+00
1.000000e+00,0.000000e+00,0.000000e+00,0.000000e+00,0.000000e+00,0.000000e+00,0.000000e+00,0.000000e+00,0.000000e+00,0.000000e+00,0.000000e+00,0.000000e+00,0.000000e+00,0.000000e+00,0.000000e+00
1.000000e+00,0.000000e+00,0.000000e+00,0.000000e+00,0.000000e+00,0.000000e+00,0.000000e+00,0.000000e+00,0.000000e+00,0.000000e+00,0.000000e+00,0.000000e+00,0.000000e+00,0.000000e+00,0.000000e+00
1.000000e+00,0.000000e+00,0.000000e+00,0.000000e+00,0.000000e+00,0.000000e+00,0.000000e+00,0.000000e+00,0.000000e+00,0.000000e+00,0.000000e+00,0.000000e+00,0.000000e+00,0.000000e+00,0.000000e+00
1.000000e+00,0.000000e+00,0.000000e+00,0.000000e+00,0.000000e+00,0.000000e+00,0.000000e+00,0.000000e+00,0.000000e+00,0.000000e+00,0.000000e+00,0.000000e+00,0.000000e+00,0.000000e+00,0.000000e+00
1.000000e+00,0.000000e+00,0.000000e+00,0.000000e+00,0.000000e+00,0.000000e+00,0.000000e+00,0.000000e+00,0.000000e+00,0.000000e+00,0.000000e+00,0.000000e+00,0.000000e+00,0.000000e+00,0.000000e+00
1.000000e+00,0.000000e+00,0.000000e+00,0.000000e+00,0.000000e+00,0.000000e+00,0.000000e+00,0.000000e+00,0.000000e+00,0.000000e+00,0.000000e+00,0.000000e+00,0.000000e+00,0.000000e+00,0.000000e+00
1.000000e+00,0.000000e+00,0.000000e+00,0.000000e+00,0.000000e+00,0.000000e+00,0.000000e+00,0.000000e+00,0.000000e+00,0.000000e+00,0.000000e+00,0.000000e+00,0.000000e+00,0.000000e+00,0.000000e+00
1.000000e+00,0.000000e+00,0.000000e+00,0.000000e+00,0.000000e+00,0.000000e+00,0.000000e+00,0.000000e+00,0.000000e+00,0.000000e+00,0.000000e+00,0.000000e+00,0.000000e+00,0.000000e+00,0.000000e+00
1.000000e+00,0.000000e+00,0.000000e+00,0.000000e+00,0.000000e+00,0.000000e+00,0.000000e+00,0.000000e+00,0.000000e+00,0.000000e+00,0.000000e+00,0.000000e+00,0.000000e+00,0.000000e+00,0.000000e+00
1.000000e+00,0.000000e+00,0.000000e+00,0.000000e+00,0.000000e+00,0.000000e+00,0.000000e+00,0.000000e+00,0.000000e+00,0.000000e+00,0.000000e+00,0.000000e+00,0.000000e+00,0.000000e+00,0.000000e+00
1.000000e+00,0.000000e+00,0.000000e+00,0.000000e+00,0.000000e+00,0.000000e+00,0.000000e+00,0.000000e+00,0.000000e+00,0.000000e+00,0.000000e+00,0.000000e+00,0.000000e+00,0.000000e+00,0.000000e+00
1.000000e+00,0.000000e+00,0.000000e+00,0.000000e+00,0.000000e+00,0.000000e+00,0.000000e+00,0.000000e+00,0.000000e+00,0.000000e+00,0.000000e+00,0.000000e+00,0.000000e+00,0.000000e+00,0.000000e+00
1.000000e+00,0.000000e+00,0.000000e+00,0.000000e+00,0.000000e+00,0.000000e+00,0.000000e+00,0.000000e+00,0.000000e+00,0.000000e+00,0.000000e+00,0.000000e+00,0.000000e+00,0.000000e+00,0.000000e+00
1.000000e+00,0.000000e+00,0.000000e+00,0.000000e+00,0.000000e+00,0.000000e+00,0.000000e+00,0.000000e+00,0.000000e+00,0.000000e+00,0.000000e+00,0.000000e+00,0.000000e+00,0.000000e+00,0.000000e+00
1.000000e+00,0.000000e+00,0.000000e+00,0.000000e+00,0.000000e+00,0.000000e+00,0.000000e+00,0.000000e+00,0.000000e+00,0.000000e+00,0.000000e+00,0.000000e+00,0.000000e+00,0.000000e+00,0.000000e+00
1.000000e+00,0.000000e+00,0.000000e+00,0.000000e+00,0.000000e+00,0.000000e+00,0.000000e+00,0.000000e+00,0.000000e+00,0.000000e+00,0.000000e+00,0.000000e+00,0.000000e+00,0.000000e+00,0.000000e+00
1.000000e+00,0.000000e+00,0.000000e+00,0.000000e+00,0.000000e+00,0.000000e+00,0.000000e+00,0.000000e+00,0.000000e+00,0.000000e+00,0.000000e+00,0.000000e+00,0.000000e+00,0.000000e+00,0.000000e+00
1.000000e+00,0.000000e+00,0.000000e+00,0.000000e+00,0.000000e+00,0.000000e+00,0.000000e+00,0.000000e+00,0.000000e+00,0.000000e+00,0.000000e+00,0.000000e+00,0.000000e+00,0.000000e+00,0.000000e+00
1.000000e+00,0.000000e+00,0.000000e+00,0.000000e+00,0.000000e+00,0.000000e+00,0.000000e+00,0.000000e+00,0.000000e+00,0.000000e+00,0.000000e+00,0.000000e+00,0.000000e+00,0.000000e+00,0.000000e+00
1.000000e+00,0.000000e+00,0.000000e+00,0.000000e+00,0.000000e+00,0.000000e+00,0.000000e+00,0.000000e+00,0.000000e+00,0.000000e+00,0.000000e+00,0.000000e+00,0.000000e+00,0.000000e+00,0.000000e+00
1.000000e+00,0.000000e+00,0.000000e+00,0.000000e+00,0.000000e+00,0.000000e+00,0.000000e+00,0.000000e+00,0.000000e+00,0.000000e+00,0.000000e+00,0.000000e+00,0.000000e+00,0.000000e+00,0.000000e+00
1.000000e+00,0.000000e+00,0.000000e+00,0.000000e+00,0.000000e+00,0.000000e+00,0.000000e+00,0.000000e+00,0.000000e+00,0.000000e+00,0.000000e+00,0.000000e+00,0.000000e+00,0.000000e+00,0.000000e+00
1.000000e+00,0.000000e+00,0.000000e+00,0.000000e+00,0.000000e+00,0.000000e+00,0.000000e+00,0.000000e+00,0.000000e+00,0.000000e+00,0.000000e+00,0.000000e+00,0.000000e+00,0.000000e+00,0.000000e+00
1.000000e+00,0.000000e+00,0.000000e+00,0.000000e+00,0.000000e+00,0.000000e+00,0.000000e+00,0.000000e+00,0.000000e+00,0.000000e+00,0.000000e+00,0.000000e+00,0.000000e+00,0.000000e+00,0.000000e+00
1.000000e+00,0.000000e+00,0.000000e+00,0.000000e+00,0.000000e+00,0.000000e+00,0.000000e+00,0.000000e+00,0.000000e+00,0.000000e+00,0.000000e+00,0.000000e+00,0.000000e+00,0.000000e+00,0.000000e+00
1.000000e+00,0.000000e+00,0.000000e+00,0.000000e+00,0.000000e+00,0.000000e+00,0.000000e+00,0.000000e+00,0.000000e+00,0.000000e+00,0.000000e+00,0.000000e+00,0.000000e+00,0.000000e+00,0.000000e+00
1.000000e+00,0.000000e+00,0.000000e+00,0.000000e+00,0.000000e+00,0.000000e+00,0.000000e+00,0.000000e+00,0.000000e+00,0.000000e+00,0.000000e+00,0.000000e+00,0.000000e+00,0.000000e+00,0.000000e+00
1.000000e+00,0.000000e+00,0.000000e+00,0.000000e+00,0.000000e+00,0.000000e+00,0.000000e+00,0.000000e+00,0.000000e+00,0.000000e+00,0.000000e+00,0.000000e+00,0.000000e+00,0.000000e+00,0.000000e+00
1.000000e+00,0.000000e+00,0.000000e+00,0.000000e+00,0.000000e+00,0.000000e+00,0.000000e+00,0.000000e+00,0.000000e+00,0.000000e+00,0.000000e+00,0.000000e+00,0.000000e+00,0.000000e+00,0.000000e+00
1.000000e+00,0.000000e+00,0.000000e+00,0.000000e+00,0.000000e+00,0.000000e+00,0.000000e+00,0.000000e+00,0.000000e+00,0.000000e+00,0.000000e+00,0.000000e+00,0.000000e+00,0.000000e+00,0.000000e+00
1.000000e+00,0.000000e+00,0.000000e+00,0.000000e+00,0.000000e+00,0.000000e+00,0.000000e+00,0.000000e+00,0.000000e+00,0.000000e+00,0.000000e+00,0.000000e+00,0.000000e+00,0.000000e+00,0.000000e+00
1.000000e+00,0.000000e+00,0.000000e+00,0.000000e+00,0.000000e+00,0.000000e+00,0.000000e+00,0.000000e+00,0.000000e+00,0.000000e+00,0.000000e+00,0.000000e+00,0.000000e+00,0.000000e+00,0.000000e+00
1.000000e+00,0.000000e+00,0.000000e+00,0.000000e+00,0.000000e+00,0.000000e+00,0.000000e+00,0.000000e+00,0.000000e+00,0.000000e+00,0.000000e+00,0.000000e+00,0.000000e+00,0.000000e+00,0.000000e+00
1.000000e+00,0.000000e+00,0.000000e+00,0.000000e+00,0.000000e+00,0.000000e+00,0.000000e+00,0.000000e+00,0.000000e+00,0.000000e+00,0.000000e+00,0.000000e+00,0.000000e+00,0.000000e+00,0.000000e+00
1.000000e+00,0.000000e+00,0.000000e+00,0.000000e+00,0.000000e+00,0.000000e+00,0.000000e+00,0.000000e+00,0.000000e+00,0.000000e+00,0.000000e+00,0.000000e+00,0.000000e+00,0.000000e+00,0.000000e+00
1.000000e+00,0.000000e+00,0.000000e+00,0.000000e+00,0.000000e+00,0.000000e+00,0.000000e+00,0.000000e+00,0.000000e+00,0.000000e+00,0.000000e+00,0.000000e+00,0.000000e+00,0.000000e+00,0.000000e+00
1.000000e+00,0.000000e+00,0.000000e+00,0.000000e+00,0.000000e+00,0.000000e+00,0.000000e+00,0.000000e+00,0.000000e+00,0.000000e+00,0.000000e+00,0.000000e+00,0.000000e+00,0.000000e+00,0.000000e+00
1.000000e+00,0.000000e+00,0.000000e+00,0.000000e+00,0.000000e+00,0.000000e+00,0.000000e+00,0.000000e+00,0.000000e+00,0.000000e+00,0.000000e+00,0.000000e+00,0.000000e+00,0.000000e+00,0.000000e+00
1.000000e+00,0.000000e+00,0.000000e+00,0.000000e+00,0.000000e+00,0.000000e+00,0.000000e+00,0.000000e+00,0.000000e+00,0.000000e+00,0.000000e+00,0.000000e+00,0.000000e+00,0.000000e+00,0.000000e+00
4.411161e-01,8.473678e-02,8.716536e-03,3.029239e-01,7.897140e-03,1.074860e-02,3.367239e-03,7.002200e-03,8.144378e-03,2.290283e-03,8.165210e-02,1.163350e-02,1.251780e-02,5.261250e-03,1.199228e-02
3.091287e-01,8.355394e-02,8.403352e-03,2.893187e-01,7.030389e-03,8.080648e-03,2.422495e-03,5.029035e-03,8.168835e-03,2.292138e-03,2.352075e-01,1.002372e-02,9.827337e-03,1.235284e-02,9.160282e-03
2.170229e-01,7.050610e-02,7.271991e-03,2.442207e-01,5.561975e-03,6.866826e-03,1.738261e-03,3.682071e-03,7.709315e-03,2.129087e-03,3.808315e-01,1.604479e-02,7.597894e-03,2.141267e-02,7.403964e-03
1.521467e-01,4.966135e-02,5.322726e-03,1.749312e-01,5.760867e-03,8.973686e-03,1.264565e-03,2.695753e-03,6.043034e-03,1.931172e-03,4.721774e-01,2.997194e-02,5.553262e-03,7.800728e-02,5.559102e-03
1.070161e-01,3.509398e-02,4.032569e-03,1.258323e-01,5.980713e-03,9.427154e-03,9.334645e-04,2.063977e-03,4.885655e-03,1.512122e-03,5.161937e-01,4.250063e-02,4.056843e-03,1.364361e-01,4.034743e-03
7.512365e-02,2.460028e-02,2.894893e-03,8.930647e-02,8.970551e-03,9.855628e-03,7.519333e-04,1.736243e-03,3.645249e-03,1.321821e-03,6.318228e-01,3.306152e-02,3.381597e-03,1.105216e-01,3.005765e-03
5.263407e-02,1.724406e-02,2.039722e-03,6.279713e-02,8.230622e-03,7.297895e-03,5.319756e-04,1.242453e-03,2.601123e-03,9.862065e-04,7.197437e-01,2.609566e-02,2.528327e-03,9.389898e-02,2.128078e-03
3.698724e-02,1.218057e-02,1.454209e-03,4.449751e-02,1.088690e-02,5.716663e-03,3.811368e-04,8.983106e-04,1.921466e-03,7.831117e-04,7.604420e-01,3.410410e-02,1.958749e-03,8.622163e-02,1.566397e-03
2.620757e-02,8.856694e-03,1.102979e-03,3.167566e-02,1.355234e-02,4.471518e-03,2.883906e-04,7.170346e-04,2.184121e-03,8.277553e-04,7.400885e-01,3.994238e-02,1.559884e-03,1.271119e-01,1.413368e-03
1.850440e-02,6.388730e-03,8.153569e-04,2.242718e-02,1.512842e-02,3.289987e-03,2.112507e-04,5.508973e-04,1.791949e-03,7.406314e-04,7.563106e-01,4.007295e-02,1.189719e-03,1.315166e-01,1.061335e-03
1.312170e-02,5.050645e-03,7.361638e-04,1.575983e-02,3.683297e-02,2.636044e-03,2.291390e-04,4.892813e-04,2.635088e-03,1.073955e-03,7.430628e-01,4.430521e-02,1.171685e-03,1.317865e-01,1.108999e-03
9.292508e-03,3.802118e-03,5.750138e-04,1.107785e-02,2.967239e-02,2.046944e-03,2.471222e-04,3.927166e-04,2.542358e-03,2.023439e-03,7.958056e-01,3.628191e-02,1.427567e-03,1.037720e-01,1.040486e-03
6.788830e-03,7.850070e-03,8.336622e-04,7.852550e-03,2.748490e-02,2.125260e-03,3.923370e-04,4.299256e-04,4.967376e-03,1.438351e-02,7.894102e-01,3.526364e-02,1.426276e-03,9.359387e-02,7.197458e-03
7.521915e-03,8.178527e-03,9.989116e-04,5.683338e-03,2.293779e-02,2.472230e-03,1.291404e-03,1.312788e-03,2.120792e-02,3.377932e-02,7.667752e-01,3.744665e-02,1.784768e-03,7.951126e-02,9.097949e-03
6.401674e-03,1.064548e-02,2.226693e-03,4.410434e-03,2.980532e-02,9.598562e-03,2.254580e-03,1.750125e-03,2.806368e-02,7.445297e-02,6.886991e-01,4.095829e-02,1.936876e-03,8.049259e-02,1.830356e-02
2.273422e-02,1.505366e-02,3.870883e-03,4.442207e-03,7.177454e-02,1.415579e-02,6.017832e-03,1.015080e-02,5.015369e-02,1.235167e-01,5.272070e-01,3.621820e-02,2.482553e-03,7.920372e-02,3.301818e-02
3.010386e-02,2.617456e-02,6.476404e-03,5.106636e-03,8.886766e-02,1.533189e-02,4.589339e-03,1.328491e-02,9.605105e-02,1.353086e-01,4.204193e-01,2.788265e-02,2.674473e-03,6.787893e-02,5.984967e-02
3.904290e-02,4.422339e-02,8.001845e-02,7.779714e-03,8.221489e-02,1.439435e-02,3.675873e-03,3.489040e-02,1.129931e-01,1.256059e-01,3.113872e-01,2.216241e-02,3.114239e-03,5.658016e-02,6.191704e-02
3.895753e-02,4.123672e-02,1.372584e-01,7.109745e-03,9.219753e-02,1.794596e-02,3.010006e-03,1.020673e-01,1.262674e-01,9.161438e-02,2.288267e-01,1.657230e-02,2.661022e-03,4.803364e-02,4.624137e-02
3.997540e-02,3.860379e-02,1.856094e-01,6.256327e-03,1.612750e-01,1.920799e-02,2.746589e-03,8.123284e-02,1.253746e-01,6.672763e-02,1.779648e-01,1.231460e-02,2.413626e-03,4.718674e-02,3.311064e-02
4.042073e-02,3.414930e-02,2.151512e-01,1.841630e-02,2.045601e-01,2.177279e-02,3.508607e-03,1.089109e-01,9.819423e-02,4.869503e-02,1.373184e-01,8.960104e-03,1.871910e-03,3.417584e-02,2.389457e-02
4.572809e-02,3.213888e-02,2.051017e-01,1.502347e-02,2.288676e-01,2.390558e-02,6.060213e-03,1.652977e-01,8.562665e-02,3.538040e-02,9.877392e-02,6.494680e-03,2.722265e-03,3.020299e-02,1.867582e-02
5.535656e-02,2.912812e-02,1.827586e-01,1.412090e-02,2.560383e-01,3.170721e-02,1.188182e-02,1.971794e-01,6.966342e-02,2.621763e-02,7.369258e-02,4.803658e-03,4.649785e-03,2.766114e-02,1.514086e-02
7.816286e-02,3.148118e-02,1.437041e-01,1.346181e-02,2.728355e-01,2.795709e-02,1.329263e-02,1.742424e-01,7.373828e-02,1.972450e-02,7.788072e-02,5.946051e-03,4.883351e-03,4.787670e-02,1.481288e-02
1.178726e-01,3.618923e-02,1.182017e-01,1.472242e-02,2.351121e-01,2.801063e-02,1.278523e-02,1.567002e-01,8.403830e-02,1.573180e-02,7.414174e-02,1.121529e-02,5.400709e-03,6.883296e-02,2.104514e-02
1.596829e-01,3.330385e-02,8.756471e-02,1.442165e-02,1.815859e-01,2.566281e-02,1.075521e-02,1.219568e-01,1.071243e-01,1.885669e-02,7.626417e-02,1.727491e-02,8.620685e-03,1.117513e-01,2.517417e-02
1.584638e-01,3.063534e-02,6.413144e-02,3.017515e-02,1.312162e-01,2.271771e-02,8.784780e-03,9.722307e-02,9.274222e-02,6.011543e-02,8.102596e-02,4.497782e-02,3.382462e-02,8.505973e-02,5.890682e-02
1.153467e-01,3.499379e-02,5.389768e-02,1.153082e-01,9.431011e-02,2.031612e-02,6.853274e-03,6.999739e-02,7.521447e-02,1.173262e-01,7.677808e-02,4.733369e-02,4.493229e-02,6.016722e-02,6.722485e-02
8.165530e-02,2.506226e-02,3.940864e-02,8.704808e-02,6.682399e-02,1.602023e-02,4.839022e-03,4.936117e-02,5.513167e-02,1.646469e-01,1.620926e-01,7.898533e-02,7.122545e-02,4.659534e-02,5.110411e-02
6.275899e-02,1.870008e-02,3.034857e-02,6.799522e-02,4.791829e-02,1.266634e-02,3.458448e-03,3.493606e-02,4.209890e-02,2.613760e-01,1.689725e-01,7.015222e-02,7.094143e-02,6.580110e-02,4.187595e-02
5.031255e-02,1.393890e-02,2.528609e-02,5.375602e-02,3.553760e-02,9.811985e-03,2.546337e-03,2.521607e-02,3.703049e-02,4.134895e-01,1.312919e-01,5.119596e-02,5.411613e-02,6.220080e-02,3.426967e-02
3.845701e-02,1.103497e-02,1.992972e-02,4.189391e-02,2.936324e-02,7.483320e-03,1.943856e-03,2.398908e-02,8.251698e-02,4.268799e-01,1.166882e-01,3.791183e-02,4.554232e-02,8.653431e-02,2.983137e-02
3.506941e-02,1.057351e-02,1.756348e-02,3.209407e-02,2.562727e-02,7.518922e-03,1.554289e-03,2.424847e-02,1.428677e-01,3.439547e-01,1.411868e-01,3.004101e-02,4.713494e-02,1.097555e-01,3.080999e-02
2.690930e-02,8.718316e-03,1.417121e-02,2.511346e-02,1.995076e-02,5.709682e-03,1.128717e-03,3.515264e-02,2.900130e-01,2.569922e-01,1.181651e-01,2.211520e-02,3.661595e-02,1.083453e-01,3.089922e-02
3.330745e-02,7.058556e-03,1.137738e-02,1.901546e-02,2.489076e-02,4.317559e-03,1.028527e-03,3.847122e-02,3.410786e-01,1.933450e-01,1.092442e-01,1.712913e-02,3.172810e-02,1.254565e-01,4.255159e-02
3.580329e-02,6.654559e-03,1.396695e-02,1.524500e-02,2.576791e-02,3.552637e-03,1.242993e-03,5.589014e-02,4.138969e-01,1.372865e-01,9.277963e-02,1.521846e-02,2.630037e-02,9.972700e-02,5.666764e-02
2.860941e-02,5.837281e-03,1.200219e-02,1.392674e-02,2.085865e-02,3.168051e-03,1.024854e-03,4.538558e-02,5.302607e-01,9.780777e-02,7.621124e-02,1.828991e-02,3.303026e-02,7.105241e-02,4.253496e-02
2.206879e-02,4.747031e-03,9.358658e-03,1.051748e-02,1.552030e-02,2.558785e-03,7.720112e-04,3.263434e-02,6.165366e-01,7.157800e-02,7.057727e-02,1.676606e-02,3.415447e-02,5.367010e-02,3.854012e-02
3.700609e-02,5.842729e-03,9.916613e-03,9.653078e-03,2.204812e-02,3.659065e-03,9.003747e-04,2.487418e-02,6.090816e-01,5.675321e-02,8.345118e-02,1.680194e-02,3.221868e-02,4.226166e-02,4.553151e-02
4.662043e-02,8.092898e-03,1.849063e-02,1.339535e-02,2.158642e-02,3.773307e-03,9.159056e-04,2.057438e-02,5.601767e-01,4.729424e-02,7.323060e-02,1.566671e-02,2.555112e-02,4.552529e-02,9.910605e-02
7.225625e-02,1.291573e-02,3.329778e-02,2.267691e-02,3.121562e-02,8.442818e-03,1.012632e-03,2.164811e-02,4.808367e-01,3.837797e-02,5.745443e-02,1.332378e-02,1.886360e-02,5.566907e-02,1.320086e-01
1.358562e-01,2.749096e-02,4.356333e-02,3.216954e-02,4.207425e-02,9.460580e-03,1.051959e-03,2.263398e-02,3.890078e-01,3.682179e-02,4.823990e-02,1.339655e-02,1.467332e-02,5.006459e-02,1.334953e-01
1.583401e-01,2.890257e-02,5.163072e-02,3.175123e-02,4.624459e-02,1.001663e-02,9.364228e-04,1.969549e-02,3.781854e-01,3.735299e-02,3.691477e-02,1.049660e-02,1.098999e-02,4.889068e-02,1.296518e-01
1.271952e-01,7.266938e-02,4.165485e-02,9.241502e-02,3.555435e-02,7.753980e-03,7.438795e-04,1.426662e-02,3.010522e-01,3.205231e-02,2.732744e-02,1.029779e-02,8.307005e-03,3.487033e-02,1.938397e-01
8.956042e-02,5.802152e-02,3.382638e-02,6.739401e-02,2.498113e-02,5.517450e-03,5.252604e-04,9.999681e-03,2.154477e-01,2.799842e-02,1.955390e-02,7.304079e-03,5.892148e-03,2.540361e-02,4.085743e-01
6.292538e-02,4.231361e-02,2.424343e-02,4.727674e-02,1.754645e-02,3.963099e-03,3.734779e-04,7.007443e-03,1.527557e-01,2.312342e-02,1.564460e-02,6.235658e-03,4.490726e-03,3.160413e-02,5.604962e-01
4.463680e-02,3.039125e-02,1.776246e-02,3.313618e-02,1.234555e-02,2.857531e-03,2.705849e-04,4.923970e-03,1.192313e-01,4.215807e-02,2.090071e-02,5.202552e-03,4.045182e-03,9.814029e-02,5.639976e-01
3.177647e-02,2.158433e-02,1.339986e-02,2.326512e-02,8.763145e-03,2.166134e-03,1.980365e-04,3.553695e-03,1.007762e-01,9.856816e-02,4.151595e-02,4.700109e-03,4.746186e-03,1.467323e-01,4.982543e-01
2.230186e-02,1.520966e-02,9.673405e-03,1.630708e-02,6.160617e-03,1.641133e-03,1.411373e-04,2.503507e-03,7.935836e-02,1.427930e-01,3.247302e-02,3.539051e-03,3.571721e-03,2.514955e-01,4.128310e-01
1.575957e-02,1.069243e-02,6.818087e-03,1.143143e-02,4.422976e-03,1.455127e-03,1.023700e-04,1.793939e-03,5.815283e-02,1.428192e-01,2.613892e-02,2.798859e-03,2.966983e-03,3.261708e-01,3.884764e-01
1.309577e-02,7.515320e-03,4.822299e-03,8.027955e-03,3.293486e-03,1.466406e-03,1.078928e-04,1.278583e-03,4.195666e-02,1.232237e-01,2.357689e-02,2.488042e-03,2.984033e-03,2.510953e-01,5.150677e-01
1.156741e-02,5.296677e-03,3.536575e-03,5.661136e-03,2.613009e-03,1.668635e-03,1.484333e-04,9.127941e-04,2.996317e-02,1.568609e-01,1.888222e-02,2.484655e-03,3.834425e-03,1.812590e-01,5.753111e-01
9.259099e-03,3.734127e-03,2.655395e-03,4.143803e-03,2.253667e-03,2.840605e-03,1.781603e-04,6.800036e-04,2.205047e-02,1.650174e-01,1.809225e-02,2.521600e-03,5.234508e-03,1.328988e-01,6.284401e-01
6.632245e-03,2.620723e-03,1.870748e-03,3.046380e-03,4.804888e-03,2.250588e-03,1.336563e-04,5.002795e-04,1.560608e-02,1.212093e-01,1.374185e-02,1.926858e-03,4.308417e-03,9.512300e-02,7.262250e-01
4.720447e-03,1.838311e-03,1.318345e-03,2.338211e-03,1.131568e-02,1.654029e-03,1.015108e-04,4.073450e-04,1.103876e-02,8.758761e-02,1.078411e-02,1.476634e-03,3.363711e-03,6.822702e-02,7.938283e-01
3.789724e-03,1.374930e-03,1.743590e-03,2.036465e-03,7.343148e-02,1.400139e-03,6.181042e-04,4.419331e-03,8.910760e-03,9.036817e-02,2.366623e-02,1.829408e-03,5.236424e-03,5.801634e-02,7.231590e-01
3.862996e-03,1.993224e-03,7.973319e-03,2.290770e-03,6.685019e-02,1.637434e-03,1.740725e-03,1.694302e-02,1.199368e-02,2.632827e-01,4.068162e-02,4.989873e-03,1.142461e-02,4.633860e-02,5.179973e-01
4.098642e-03,3.504526e-03,2.561279e-02,3.047909e-03,6.609970e-02,2.205855e-03,2.296775e-03,5.339035e-02,2.330867e-02,3.329026e-01,4.298241e-02,1.567036e-02,1.532027e-02,4.140943e-02,3.681498e-01
5.219090e-03,3.395990e-03,2.153473e-02,3.682581e-03,9.608443e-02,3.448418e-03,2.162013e-03,7.278998e-02,2.655321e-02,3.767609e-01,3.450595e-02,2.998508e-02,2.358132e-02,3.997811e-02,2.603182e-01
7.714698e-03,3.918673e-03,1.716244e-02,4.077428e-03,1.950396e-01,3.335424e-03,2.361176e-03,8.124642e-02,3.573936e-02,3.395756e-01,2.585651e-02,3.168029e-02,3.628855e-02,3.249855e-02,1.835053e-01
1.039711e-02,3.248008e-03,1.381940e-02,6.375286e-03,1.641351e-01,5.117247e-03,2.864180e-03,9.290300e-02,2.847078e-02,3.070270e-01,2.448746e-02,8.253032e-02,1.010611e-01,2.641215e-02,1.311519e-01
2.782029e-02,3.132851e-03,1.139954e-02,6.746267e-03,2.054512e-01,5.293921e-03,4.266371e-03,9.870440e-02,2.638605e-02,2.731664e-01,2.022606e-02,9.046732e-02,1.112337e-01,2.037839e-02,9.532722e-02
2.923556e-02,2.927819e-03,8.805603e-03,5.271958e-03,1.985269e-01,5.260153e-03,4.126112e-03,7.867314e-02,2.126053e-02,2.231968e-01,1.499543e-02,1.935340e-01,1.256280e-01,1.956441e-02,6.899358e-02
5.576778e-02,2.877495e-03,7.243174e-03,4.323327e-03,1.752297e-01,5.343246e-03,4.561202e-03,6.265903e-02,1.654880e-02,1.718215e-01,1.171202e-02,2.317995e-01,1.818020e-01,1.875896e-02,4.955214e-02
1.045087e-01,4.429002e-03,7.530610e-03,3.641345e-03,1.510433e-01,7.139076e-03,5.123808e-03,4.832699e-02,1.344243e-02,1.350788e-01,1.061205e-02,2.415041e-01,2.109388e-01,1.990117e-02,3.677990e-02
1.146816e-01,5.057865e-03,9.774378e-03,4.280324e-03,1.222399e-01,8.251538e-03,5.082270e-02,6.848709e-02,1.205143e-02,1.139236e-01,1.451865e-02,2.410010e-01,1.918988e-01,1.477007e-02,2.824104e-02
1.334300e-01,1.393225e-02,1.435290e-02,4.474618e-03,1.083430e-01,1.699108e-02,4.860822e-02,5.116506e-02,1.645888e-02,8.329038e-02,1.167042e-02,2.305516e-01,2.339702e-01,1.138145e-02,2.138001e-02
1.686657e-01,2.230290e-02,2.201862e-02,6.864478e-03,8.986450e-02,2.390135e-02,4.682191e-02,4.152774e-02,2.193367e-02,6.477857e-02,1.061850e-02,2.033911e-01,2.480020e-01,8.857801e-03,2.045121e-02
2.495168e-01,2.167853e-02,2.141159e-02,8.811691e-03,6.923186e-02,3.577072e-02,3.785544e-02,3.448959e-02,2.496571e-02,5.273591e-02,1.465727e-02,1.748822e-01,2.258085e-01,7.313020e-03,2.087121e-02
2.749560e-01,2.494377e-02,1.931699e-02,7.725156e-03,5.867422e-02,3.531625e-02,3.239991e-02,2.755775e-02,3.510465e-02,4.056349e-02,1.319452e-02,2.073315e-01,1.995693e-01,5.728608e-03,1.761787e-02
2.829878e-01,2.320526e-02,3.380392e-02,2.157985e-02,5.464043e-02,3.761911e-02,2.692669e-02,3.799830e-02,4.371851e-02,3.240104e-02,1.199857e-02,1.883962e-01,1.840079e-01,4.700036e-03,1.601643e-02
2.416394e-01,1.973625e-02,2.940706e-02,2.085674e-02,4.862171e-02,3.494664e-02,2.081474e-02,5.404183e-02,4.460327e-02,2.807161e-02,1.155682e-02,1.694845e-01,2.593595e-01,3.694464e-03,1.316543e-02
2.067483e-01,1.809289e-02,5.622412e-02,5.675320e-02,5.322400e-02,4.232968e-02,1.622351e-02,7.314907e-02,5.164794e-02,2.366904e-02,1.282298e-02,1.514791e-01,2.228084e-01,3.097597e-03,1.173016e-02
1.848613e-01,1.547791e-02,4.852377e-02,5.243816e-02,7.190647e-02,5.373148e-02,2.762029e-02,8.158968e-02,4.784180e-02,2.025258e-02,1.203258e-02,1.816340e-01,1.874912e-01,2.854121e-03,1.174457e-02
1.727183e-01,1.445593e-02,3.502243e-02,4.029869e-02,7.115129e-02,4.704276e-02,3.260806e-02,6.107359e-02,4.039729e-02,2.599174e-02,1.089445e-02,2.848451e-01,1.484810e-01,2.702730e-03,1.231673e-02
1.414627e-01,1.576163e-02,2.506199e-02,2.894076e-02,5.360661e-02,4.406071e-02,2.573205e-02,4.334224e-02,3.303650e-02,2.207321e-02,9.876210e-03,4.226878e-01,1.202393e-01,4.502115e-03,9.616207e-03
1.304974e-01,1.396652e-02,1.820938e-02,2.102867e-02,4.332396e-02,3.819115e-02,2.130658e-02,3.138439e-02,2.685148e-02,1.756663e-02,1.184386e-02,5.216693e-01,9.138006e-02,5.102165e-03,7.678447e-03
1.096093e-01,1.118950e-02,1.317748e-02,1.513800e-02,3.365253e-02,3.021438e-02,1.726140e-02,2.254393e-02,2.087681e-02,1.349571e-02,1.121169e-02,6.206902e-01,6.997808e-02,5.132387e-03,5.828597e-03
1.168265e-01,9.608284e-03,9.935769e-03,1.292767e-02,2.638217e-02,3.025835e-02,1.414157e-02,1.749704e-02,1.639208e-02,1.064246e-02,1.179512e-02,6.601782e-01,5.389776e-02,4.479901e-03,5.037125e-03
1.281976e-01,8.712091e-03,7.486082e-03,9.795317e-03,1.993490e-02,3.694135e-02,1.143514e-02,1.334515e-02,1.375888e-02,8.564170e-03,1.086265e-02,6.761006e-01,4.645378e-02,4.160724e-03,4.251654e-03
1.952489e-01,1.146914e-02,6.080751e-03,8.421295e-03,1.615220e-02,4.846096e-02,9.114802e-03,1.023320e-02,1.521258e-02,6.743006e-03,1.262813e-02,5.625803e-01,8.766937e-02,4.305695e-03,5.679741e-03
2.331305e-01,1.053936e-02,3.128286e-02,1.723670e-02,1.642979e-02,3.904169e-02,7.629050e-03,1.831028e-02,1.229421e-02,5.807829e-03,1.456333e-02,4.999004e-01,8.488372e-02,3.594216e-03,5.356149e-03
2.346767e-01,1.239554e-02,3.515819e-02,1.755740e-02,1.688041e-02,5.011656e-02,6.270736e-03,1.746596e-02,1.276169e-02,4.987215e-03,1.158224e-01,3.924256e-01,6.834226e-02,6.226772e-03,8.912561e-03
1.715668e-01,9.244078e-03,2.555417e-02,1.254274e-02,1.238253e-02,4.076392e-02,4.422641e-03,1.293823e-02,9.398845e-03,3.684249e-03,3.503169e-01,2.821099e-01,4.854910e-02,9.909529e-03,6.616343e-03
1.384429e-01,7.473808e-03,1.923408e-02,9.394357e-03,9.377256e-03,3.079147e-02,3.146758e-03,9.833820e-03,7.372933e-03,2.851657e-03,5.038337e-01,2.029523e-01,3.467936e-02,1.532096e-02,5.294648e-03
9.872670e-02,5.514601e-03,1.388815e-02,6.807568e-03,6.685076e-03,2.253166e-02,2.238843e-03,6.958269e-03,5.370568e-03,2.051122e-03,6.332424e-01,1.447111e-01,2.454141e-02,2.292901e-02,3.803592e-03
6.954523e-02,4.026257e-03,9.852400e-03,5.043001e-03,4.947078e-03,1.640662e-02,1.605344e-03,4.917198e-03,4.004468e-03,1.511939e-03,7.289374e-01,1.042358e-01,1.733062e-02,2.486084e-02,2.775882e-03
4.894675e-02,2.989557e-03,7.024218e-03,3.775521e-03,3.854815e-03,1.217066e-02,1.153119e-03,3.489071e-03,4.152401e-03,1.232972e-03,7.818263e-01,7.864988e-02,1.223683e-02,3.639683e-02,2.101158e-03
3.476354e-02,2.511159e-03,5.160896e-03,3.038309e-03,3.167801e-03,9.990242e-03,8.695840e-04,2.538060e-03,3.802430e-03,1.115557e-03,8.180825e-01,6.102292e-02,8.720657e-03,4.351018e-02,1.706238e-03
2.480141e-02,2.264063e-03,3.765379e-03,2.332704e-03,2.581575e-03,7.840158e-03,6.366945e-04,1.796372e-03,2.998913e-03,9.037153e-04,8.451388e-01,4.776834e-02,6.376520e-03,4.950824e-02,1.287083e-03
1.764704e-02,2.423998e-03,2.837686e-03,1.821188e-03,2.634968e-03,5.936262e-03,5.112908e-04,1.317707e-03,3.045465e-03,1.765240e-03,8.650718e-01,3.842305e-02,4.673158e-03,5.075860e-02,1.132606e-03
1.244421e-02,2.168923e-03,2.069131e-03,1.448457e-03,4.341072e-03,4.585219e-03,4.387164e-04,9.887833e-04,3.611015e-03,2.105283e-03,8.770594e-01,3.260857e-02,3.601048e-03,5.163158e-02,8.986350e-04
8.906868e-03,3.334596e-03,2.891648e-03,1.195093e-03,6.873772e-03,4.549124e-03,8.800931e-04,1.106253e-03,4.650092e-03,3.026149e-03,8.613899e-01,3.219851e-02,3.071695e-03,6.497562e-02,9.505945e-04
6.428677e-03,3.464810e-03,4.238830e-03,1.403937e-03,7.985801e-03,6.623660e-03,4.125590e-03,4.465188e-03,1.044271e-02,4.635491e-03,8.532517e-01,2.716826e-02,2.585970e-03,6.201545e-02,1.163939e-03
4.914104e-03,7.034295e-03,4.917787e-03,1.180503e-03,1.445585e-02,7.254275e-03,3.645109e-03,4.649412e-03,2.516469e-02,6.772581e-03,8.157347e-01,2.445740e-02,2.363145e-03,7.567646e-02,1.779687e-03
4.387322e-03,5.791489e-03,2.558780e-02,3.114154e-03,1.091530e-02,7.239509e-02,4.552362e-03,4.547885e-02,2.205615e-02,1.282939e-02,6.936981e-01,2.055841e-02,1.881633e-03,7.516573e-02,1.588255e-03
5.221457e-03,6.827708e-03,3.298904e-02,5.062717e-03,9.442247e-03,6.280555e-02,4.550463e-03,7.741359e-02,3.093865e-02,1.969958e-02,6.517347e-01,1.648531e-02,1.688413e-03,7.350976e-02,1.630868e-03
5.019451e-03,7.163384e-03,2.603614e-02,4.156122e-03,7.534098e-03,4.928645e-02,3.405847e-03,6.124241e-02,3.699588e-02,1.816114e-02,6.925415e-01,1.275309e-02,1.485469e-03,7.279462e-02,1.424395e-03
7.820634e-03,8.854924e-03,2.113392e-02,3.389885e-03,6.374066e-03,3.917826e-02,2.734766e-03,4.764672e-02,4.789618e-02,1.790353e-02,7.144602e-01,9.960251e-03,1.387156e-03,6.921963e-02,2.039921e-03
1.453982e-02,7.961618e-03,1.956951e-02,3.028648e-03,5.281149e-03,3.325106e-02,2.135857e-03,4.263321e-02,5.661480e-02,1.503067e-02,6.892292e-01,8.052186e-03,1.506534e-03,9.855256e-02,2.613197e-03
1.810553e-02,7.062619e-03,1.594758e-02,2.856073e-03,4.346761e-03,2.423022e-02,1.538930e-03,3.313440e-02,6.474926e-02,1.281402e-02,6.776001e-01,7.129992e-03,1.287133e-03,1.265472e-01,2.650238e-03
2.236543e-02,1.339174e-02,1.997009e-02,1.412489e-02,1.004577e-02,1.946815e-02,1.192275e-03,7.163904e-02,1.074522e-01,1.165566e-02,5.688702e-01,8.145105e-03,1.328063e-03,1.274769e-01,2.874597e-03
2.712042e-02,1.425486e-02,3.309645e-02,2.581490e-02,1.733872e-02,1.588060e-02,9.296481e-04,9.604727e-02,1.165642e-01,1.161542e-02,5.080963e-01,8.712454e-03,1.448502e-03,1.196247e-01,3.455650e-03
2.998517e-02,1.243353e-02,4.149620e-02,4.933085e-02,2.244011e-02,1.461109e-02,8.236948e-04,1.451902e-01,1.159086e-01,1.019477e-02,4.439280e-01,7.289864e-03,1.229594e-03,1.014406e-01,3.697699e-03
3.323010e-02,1.110849e-02,3.878762e-02,5.734985e-02,2.889666e-02,1.398136e-02,8.097376e-04,2.119597e-01,1.216675e-01,8.202621e-03,3.763173e-01,6.211157e-03,1.180136e-03,8.660197e-02,3.695856e-03
3.758267e-02,9.235232e-03,3.515366e-02,8.314908e-02,4.490396e-02,1.674477e-02,8.031790e-04,2.146910e-01,1.228627e-01,8.476407e-03,3.467059e-01,5.977088e-03,1.112960e-03,6.908517e-02,3.516345e-03
3.834232e-02,6.936485e-03,4.003938e-02,1.030356e-01,5.252166e-02,1.376722e-02,7.197660e-04,2.759991e-01,9.784395e-02,7.305254e-03,3.044561e-01,4.887406e-03,9.405549e-04,5.046720e-02,2.737989e-03
4.159032e-02,5.534660e-03,4.603533e-02,1.005001e-01,6.876372e-02,1.383874e-02,7.860226e-04,3.464410e-01,7.803596e-02,5.787183e-03,2.465674e-01,4.727963e-03,1.066380e-03,3.777489e-02,2.550322e-03
5.326667e-02,4.863912e-03,4.844692e-02,8.169471e-02,9.356169e-02,1.500840e-02,1.134048e-03,4.092355e-01,6.034452e-02,4.301562e-03,1.906020e-01,4.282638e-03,1.143283e-03,2.947198e-02,2.642184e-03
5.363035e-02,5.073749e-03,4.650143e-02,7.031944e-02,1.411317e-01,2.070342e-02,1.191727e-03,4.483976e-01,4.414636e-02,3.089414e-03,1.371238e-01,3.324262e-03,1.159939e-03,2.172245e-02,2.484441e-03
5.605446e-02,9.407572e-03,5.015400e-02,6.303023e-02,1.394129e-01,2.824420e-02,1.385626e-03,4.840051e-01,3.515367e-02,2.544517e-03,9.925580e-02,4.172805e-03,2.832252e-03,1.748541e-02,6.861529e-03
5.115054e-02,1.000153e-02,4.024957e-02,1.021770e-01,1.157177e-01,2.558292e-02,1.174900e-03,4.375818e-01,6.696429e-02,3.133347e-03,9.610078e-02,7.608265e-03,1.267821e-02,1.441900e-02,1.546008e-02
4.370019e-02,8.635699e-03,3.895534e-02,1.736625e-01,9.707595e-02,2.269479e-02,1.015645e-03,4.070873e-01,6.850670e-02,4.628090e-03,8.732091e-02,6.908877e-03,1.558308e-02,1.060975e-02,1.361517e-02
4.266576e-02,6.955261e-03,6.050349e-02,1.777012e-01,8.078369e-02,1.761133e-02,8.807001e-04,4.231468e-01,5.975404e-02,7.620950e-03,7.711205e-02,8.196120e-03,1.801334e-02,7.897490e-03,1.115777e-02
5.013077e-02,6.447195e-03,4.901382e-02,1.423330e-01,7.781511e-02,1.422362e-02,7.946501e-04,4.348217e-01,9.515457e-02,7.654262e-03,7.666743e-02,9.377870e-03,1.819595e-02,6.973186e-03,1.039687e-02
6.445616e-02,1.443286e-02,4.604862e-02,1.308314e-01,9.239462e-02,1.041166e-02,8.384694e-04,3.344441e-01,2.056923e-01,6.872852e-03,5.913072e-02,7.034827e-03,1.331772e-02,5.082946e-03,9.010682e-03
7.411618e-02,1.574998e-02,3.979063e-02,1.381185e-01,8.755697e-02,7.717957e-03,8.450430e-04,2.562296e-01,3.017315e-01,5.308264e-03,4.600307e-02,5.885391e-03,9.808184e-03,3.778961e-03,7.359710e-03
1.574365e-01,1.945794e-02,3.285877e-02,1.110317e-01,9.110512e-02,6.170739e-03,1.227162e-03,2.331440e-01,2.815080e-01,4.242943e-03,3.829646e-02,5.447994e-03,7.661339e-03,3.066557e-03,7.344690e-03
1.832359e-01,2.184912e-02,3.437622e-02,9.359326e-02,1.149109e-01,7.924862e-03,2.139993e-03,2.263369e-01,2.542343e-01,4.837302e-03,3.199043e-02,5.972051e-03,6.413450e-03,2.694272e-03,9.491121e-03
1.949495e-01,2.510220e-02,3.115414e-02,7.862172e-02,1.255706e-01,8.501304e-03,2.821160e-03,1.817575e-01,2.811050e-01,4.994257e-03,2.985175e-02,5.843153e-03,5.908095e-03,2.768422e-03,2.105113e-02
1.948203e-01,5.874592e-02,3.258170e-02,7.629288e-02,1.039759e-01,7.889288e-03,2.495227e-03,1.341438e-01,3.106500e-01,5.271935e-03,2.663647e-02,7.235925e-03,6.546267e-03,2.839130e-03,2.987536e-02
2.413186e-01,7.784000e-02,5.018280e-02,7.460406e-02,1.011316e-01,1.005334e-02,4.623774e-03,1.122408e-01,2.437624e-01,5.375935e-03,2.507075e-02,9.711043e-03,7.516330e-03,4.174244e-03,3.239416e-02
3.034908e-01,9.679332e-02,5.600112e-02,6.576092e-02,9.457727e-02,1.248029e-02,5.004981e-03,8.562479e-02,1.963763e-01,5.058392e-03,2.319554e-02,1.140092e-02,6.903677e-03,5.358079e-03,3.197347e-02
3.667641e-01,8.063307e-02,6.496461e-02,6.139348e-02,9.236120e-02,1.821781e-02,6.477031e-03,6.948861e-02,1.554944e-01,6.750059e-03,2.197568e-02,1.291034e-02,6.566360e-03,5.793932e-03,3.020933e-02
4.249337e-01,6.436858e-02,7.214451e-02,5.760952e-02,7.344220e-02,1.737029e-02,5.611228e-03,6.583408e-02,1.197276e-01,6.102503e-03,2.224393e-02,1.581038e-02,7.788707e-03,1.128344e-02,3.572937e-02
3.145410e-01,8.521381e-02,1.020954e-01,1.092502e-01,5.431945e-02,2.221869e-02,4.320642e-03,4.683554e-02,8.956326e-02,8.645762e-03,9.154226e-02,2.260213e-02,6.952410e-03,1.466664e-02,2.723276e-02
2.206961e-01,7.560346e-02,8.575816e-02,8.207341e-02,3.900696e-02,1.600966e-02,3.077676e-03,3.321669e-02,6.357006e-02,6.368142e-03,3.102045e-01,2.062909e-02,5.199993e-03,1.939162e-02,1.919439e-02
1.551630e-01,5.433390e-02,6.121240e-02,5.930313e-02,2.771149e-02,1.153692e-02,2.166694e-03,2.342460e-02,4.530931e-02,5.064769e-03,4.771160e-01,2.626894e-02,3.918874e-03,3.379080e-02,1.367913e-02
1.091131e-01,3.838921e-02,4.542660e-02,4.238617e-02,1.956107e-02,1.470903e-02,1.551901e-03,1.652546e-02,3.245514e-02,4.109988e-03,6.031668e-01,2.964683e-02,3.107873e-03,3.013683e-02,9.714037e-03
7.754584e-02,2.757621e-02,3.717048e-02,3.034870e-02,1.449754e-02,5.622749e-02,1.155097e-03,1.171377e-02,2.316549e-02,3.606762e-03,6.423186e-01,3.297455e-02,2.679367e-03,3.206851e-02,6.951562e-03
5.672060e-02,2.038492e-02,3.169485e-02,2.221514e-02,1.443791e-02,5.075437e-02,1.157271e-03,8.575146e-03,1.700497e-02,3.460036e-03,7.007645e-01,3.263628e-02,2.548685e-03,3.220269e-02,5.442603e-03
4.257554e-02,1.466008e-02,2.291390e-02,1.628982e-02,1.592037e-02,4.377842e-02,8.690054e-04,6.293469e-03,1.298577e-02,3.036732e-03,7.080570e-01,3.406305e-02,2.611853e-03,7.182050e-02,4.124465e-03
3.379108e-02,1.622474e-02,1.859213e-02,1.307186e-02,5.689128e-02,3.407111e-02,9.723018e-04,6.264115e-03,1.538052e-02,3.516959e-03,6.862183e-01,3.047312e-02,2.290181e-03,7.843078e-02,3.811527e-03
2.845570e-02,2.418856e-02,1.388604e-02,1.018108e-02,5.800625e-02,2.937589e-02,9.501771e-04,5.143688e-03,2.958949e-02,5.174379e-03,6.087176e-01,2.984422e-02,2.799334e-03,1.482578e-01,5.429827e-03
2.376760e-02,2.340790e-02,1.037689e-02,7.629829e-03,4.790941e-02,2.494938e-02,8.564841e-04,4.424074e-03,2.658027e-02,4.980240e-03,5.757260e-01,2.890104e-02,3.084826e-03,2.131577e-01,4.248358e-03
1.842562e-02,1.856211e-02,8.317165e-03,6.312939e-03,3.718013e-02,2.180515e-02,6.312562e-04,3.209819e-03,3.797652e-02,8.349512e-03,6.143726e-01,3.357593e-02,5.421781e-03,1.812060e-01,4.653544e-03
1.466496e-02,1.697116e-02,7.690423e-03,5.476255e-03,2.965046e-02,1.642847e-02,5.034338e-04,2.443263e-03,4.378914e-02,1.661172e-02,6.340777e-01,3.893970e-02,4.675127e-03,1.620499e-01,6.028313e-03
1.116530e-02,1.277534e-02,5.730803e-03,3.955735e-03,2.110766e-02,1.190871e-02,3.649285e-04,1.761968e-03,3.421143e-02,2.208315e-02,6.858650e-01,3.335369e-02,3.650698e-03,1.475305e-01,4.535058e-03
1.004558e-02,1.158187e-02,5.734615e-03,3.736335e-03,1.561245e-02,1.025712e-02,3.395088e-04,1.977678e-03,3.351951e-02,3.765963e-02,7.122713e-01,3.100661e-02,2.966094e-03,1.185968e-01,4.694982e-03
1.226361e-02,1.977667e-02,4.837958e-03,3.475016e-03,1.220348e-02,1.271039e-02,8.184735e-04,3.253087e-03,9.009039e-02,3.880106e-02,6.655151e-01,3.014041e-02,2.846806e-03,9.837162e-02,4.895979e-03
1.686124e-02,1.046817e-01,2.302239e-02,3.521644e-03,1.136096e-02,3.172068e-02,1.020827e-03,3.356147e-03,1.428662e-01,3.448204e-02,5.152333e-01,2.340708e-02,3.486960e-03,7.970785e-02,5.271026e-03
1.807092e-02,8.428909e-02,2.331274e-02,3.134191e-03,1.088565e-02,1.805744e-01,1.056185e-03,2.709056e-03,1.973721e-01,2.603452e-02,3.713258e-01,1.662336e-02,2.781550e-03,5.751858e-02,4.311941e-03
2.457517e-02,7.457822e-02,1.265753e-01,1.195518e-02,2.549534e-02,1.698552e-01,2.620437e-03,7.439665e-03,2.083454e-01,2.002351e-02,2.678980e-01,1.183148e-02,2.606312e-03,4.221808e-02,3.982609e-03
3.441147e-02,8.040052e-02,1.484310e-01,1.305224e-02,6.186768e-02,2.180127e-01,4.960611e-03,6.159621e-03,1.612998e-01,1.551741e-02,2.033689e-01,8.742122e-03,3.397553e-03,3.529168e-02,5.086643e-03
3.973259e-02,8.832709e-02,1.386884e-01,1.293055e-02,7.716051e-02,2.725334e-01,6.899230e-03,5.312978e-03,1.255388e-01,1.451293e-02,1.674946e-01,6.851483e-03,3.860937e-03,3.267687e-02,7.479736e-03
