1.000000e+00,0.000000e+00,0.000000e+00,0.000000e+00,0.000000e+00,0.000000e+00,0.000000e+00,0.000000e+00,0.000000e+00,0.000000e+00,0.000000e+00,0.000000e+00,0.000000e+00,0.000000e+00,0.000000e+00
1.000000e+00,0.000000e+00,0.000000e+00,0.000000e+00,0.000000e+00,0.000000e+00,0.000000e+00,0.000000e+00,0.000000e+00,0.000000e+00,0.000000e+00,0.000000e+00,0.000000e+00,0.000000e+00,0.000000e+00
1.000000e+00,0.000000e+00,0.000000e+00,0.000000e+00,0.000000e+00,0.000000e+00,0.000000e+00,0.000000e+00,0.000000e+00,0.000000e+00,0.000000e+00,0.000000e+00,0.000000e+00,0.000000e+00,0.000000e+00
1.000000e+00,0.000000e+00,0.000000e+00,0.000000e+00,0.000000e+00,0.000000e+00,0.000000e+00,0.000000e+00,0.000000e+00,0.000000e+00,0.000000e+00,0.000000e+00,0.000000e+00,0.000000e+00,0.000000e+00
1.000000e+00,0.000000e+00,0.000000e+00,0.000000e+00,0.000000e+00,0.000000e+00,0.000000e+00,0.000000e+00,0.000000e+00,0.000000e+00,0.000000e+00,0.000000e+00,0.000000e+00,0.000000e+00,0.000000e+00
1.000000e+00,0.000000e+00,0.000000e+00,0.000000e+00,0.000000e+00,0.000000e+00,0.000000e+00,0.000000e+00,0.000000e+00,0.000000e+00,0.000000e+00,0.000000e+00,0.000000e+00,0.000000e+00,0.000000e+00
1.000000e+00,0.000000e+00,0.000000e+00,0.000000e+00,0.000000e+00,0.000000e+00,0.000000e+00,0.000000e+00,0.000000e+00,0.000000e+00,0.000000e+00,0.000000e+00,0.000000e+00,0.000000e+00,0.000000e+00
1.000000e+00,0.000000e+00,0.000000e+00,0.000000e+00,0.000000e+00,0.000000e+00,0.000000e+00,0.000000e+00,0.000000e+00,0.000000e+00,0.000000e+00,0.000000e+00,0.000000e+00,0.000000e+00,0.000000e+00
1.000000e+00,0.000000e+00,0.000000e+00,0.000000e+00,0.000000e+00,0.000000e+00,0.000000e+00,0.000000e+00,0.000000e+00,0.000000e+00,0.000000e+00,0.000000e+00,0.000000e+00,0.000000e+00,0.000000e+00
1.000000e+00,0.000000e+00,0.000000e+00,0.000000e+00,0.000000e+00,0.000000e+00,0.000000e+00,0.000000e+00,0.000000e+00,0.000000e+00,0.000000e+00,0.000000e+00,0.000000e+00,0.000000e+00,0.000000e+00
1.000000e+00,0.000000e+00,0.000000e+00,0.000000e+00,0.000000e+00,0.000000e+00,0.000000e+00,0.000000e+00,0.000000e+00,0.000000e+00,0.000000e+00,0.000000e+00,0.000000e+00,0.000000e+00,0.000000e+00
1.000000e+00,0.000000e+00,0.000000e+00,0.000000e+00,0.000000e+00,0.000000e+00,0.000000e+00,0.000000e+00,0.000000e+00,0.000000e+00,0.000000e+00,0.000000e+00,0.000000e+00,0.000000e+00,0.000000e+00
1.000000e+00,0.000000e+00,0.000000e+00,0.000000e+00,0.000000e+00,0.000000e+00,0.000000e+00,0.000000e+00,0.000000e+00,0.000000e+00,0.000000e+00,0.000000e+00,0.000000e+00,0.000000e+00,0.000000e+00
1.000000e+00,0.000000e+00,0.000000e+00,0.000000e+00,0.000000e+00,0.000000e+00,0.000000e+00,0.000000e+00,0.000000e+00,0.000000e+00,0.000000e+00,0.000000e+00,0.000000e+00,0.000000e+00,0.000000e+00
1.000000e+00,0.000000e+00,0.000000e+00,0.000000e+00,0.000000e+00,0.000000e+00,0.000000e+00,0.000000e+00,0.000000e+00,0.000000e+00,0.000000e+00,0.000000e+00,0.000000e+00,0.000000e+00,0.000000e+00
1.000000e+00,0.000000e+00,0.000000e+00,0.000000e+00,0.000000e+00,0.000000e+00,0.000000e+00,0.000000e+00,0.000000e+00,0.000000e+00,0.000000e+00,0.000000e+00,0.000000e+00,0.000000e+00,0.000000e+00
1.000000e+00,0.000000e+00,0.000000e+00,0.000000e+00,0.000000e+00,0.000000e+00,0.000000e+00,0.000000e+00,0.000000e+00,0.000000e+00,0.000000e+00,0.000000e+00,0.000000e+00,0.000000e+00,0.000000e+00
1.000000e+00,0.000000e+00,0.000000e+00,0.000000e+00,0.000000e+00,0.000000e+00,0.000000e+00,0.000000e+00,0.000000e+00,0.000000e+00,0.000000e+00,0.000000e+00,0.000000e+00,0.000000e+00,0.000000e+00
1.000000e+00,0.000000e+00,0.000000e+00,0.000000e+00,0.000000e+00,0.000000e+00,0.000000e+00,0.000000e+00,0.000000e+00,0.000000e+00,0.000000e+00,0.000000e+00,0.000000e+00,0.000000e+00,0.000000e+00
1.000000e+00,0.000000e+00,0.000000e+00,0.000000e+00,0.000000e+00,0.000000e+00,0.000000e+00,0.000000e+00,0.000000e+00,0.000000e+00,0.000000e+00,0.000000e+00,0.000000e+00,0.000000e+00,0.000000e+00
1.000000e+00,0.000000e+00,0.000000e+00,0.000000e+00,0.000000e+00,0.000000e+00,0.000000e+00,0.000000e+00,0.000000e+00,0.000000e+00,0.000000e+00,0.000000e+00,0.000000e+00,0.000000e+00,0.000000e+00
1.000000e+00,0.000000e+00,0.000000e+00,0.000000e+00,0.000000e+00,0.000000e+00,0.000000e+00,0.000000e+00,0.000000e+00,0.000000e+00,0.000000e+00,0.000000e+00,0.000000e+00,0.000000e+00,0.000000e+00
1.000000e+00,0.000000e+00,0.000000e+00,0.000000e+00,0.000000e+00,0.000000e+00,0.000000e+00,0.000000e+00,0.000000e+00,0.000000e+00,0.000000e+00,0.000000e+00,0.000000e+00,0.000000e+00,0.000000e+00
1.000000e+00,0.000000e+00,0.000000e+00,0.000000e+00,0.000000e+00,0.000000e+00,0.000000e+00,0.000000e+00,0.000000e+00,0.000000e+00,0.000000e+00,0.000000e+00,0.000000e+00,0.000000e+00,0.000000e+00
1.000000e+00,0.000000e+00,0.000000e+00,0.000000e+00,0.000000e+00,0.000000e+00,0.000000e+00,0.000000e+00,0.000000e+00,0.000000e+00,0.000000e+00,0.000000e+00,0.000000e+00,0.000000e+00,0.000000e+00
1.000000e+00,0.000000e+00,0.000000e+00,0.000000e+00,0.000000e+00,0.000000e+00,0.000000e+00,0.000000e+00,0.000000e+00,0.000000e+00,0.000000e+00,0.000000e+00,0.000000e+00,0.000000e+00,0.000000e+00
1.000000e+00,0.000000e+00,0.000000e+00,0.000000e+00,0.000000e+00,0.000000e+00,0.000000e+00,0.000000e+00,0.000000e+00,0.000000e+00,0.000000e+00,0.000000e+00,0.000000e+00,0.000000e+00,0.000000e+00
1.000000e+00,0.000000e+00,0.000000e+00,0.000000e+00,0.000000e+00,0.000000e+00,0.000000e+00,0.000000e+00,0.000000e+00,0.000000e+00,0.000000e+00,0.000000e+00,0.000000e+00,0.000000e+00,0.000000e+00
1.000000e+00,0.000000e+00,0.000000e+00,0.000000e+00,0.000000e+00,0.000000e+00,0.000000e+00,0.000000e+00,0.000000e+00,0.000000e+00,0.000000e+00,0.000000e+00,0.000000e+00,0.000000e+00,0.000000e+00
1.000000e+00,0.000000e+00,0.000000e+00,0.000000e+00,0.000000e+00,0.000000e+00,0.000000e+00,0.000000e+00,0.000000e+00,0.000000e+00,0.000000e+00,0.000000e+00,0.000000e+00,0.000000e+00,0.000000e+00
1.000000e+00,0.000000e+00,0.000000e+00,0.000000e+00,0.000000e+00,0.000000e+00,0.000000e+00,0.000000e+00,0.000000e+00,0.000000e+00,0.000000e+00,0.000000e+00,0.000000e+00,0.000000e+00,0.000000e+00
1.000000e+00,0.000000e+00,0.000000e+00,0.000000e+00,0.000000e+00,0.000000e+00,0.000000e+00,0.000000e+00,0.000000e+00,0.000000e+00,0.000000e+00,0.000000e+00,0.000000e+00,0.000000e+00,0.000000e+00
1.000000e+00,0.000000e+00,0.000000e+00,0.000000e+00,0.000000e+00,0.000000e+00,0.000000e+00,0.000000e+00,0.000000e+00,0.000000e+00,0.000000e+00,0.000000e+00,0.000000e+00,0.000000e+00,0.000000e+00
1.000000e+00,0.000000e+00,0.000000e+00,0.000000e+00,0.000000e+00,0.000000e+00,0.000000e+00,0.000000e+00,0.000000e+00,0.000000e+00,0.000000e+00,0.000000e+00,0.000000e+00,0.000000e+00,0.000000e+00
1.000000e+00,0.000000e+00,0.000000e+00,0.000000e+00,0.000000e+00,0.000000e+00,0.000000e+00,0.000000e+00,0.000000e+00,0.000000e+00,0.000000e+00,0.000000e+00,0.000000e+00,0.000000e+00,0.000000e+00
1.000000e+00,0.000000e+00,0.000000e+00,0.000000e+00,0.000000e+00,0.000000e+00,0.000000e+00,0.000000e+00,0.000000e+00,0.000000e+00,0.000000e+00,0.000000e+00,0.000000e+00,0.000000e+00,0.000000e+00
1.000000e+00,0.000000e+00,0.000000e+00,0.000000e+00,0.000000e+00,0.000000e+00,0.000000e+00,0.000000e+00,0.000000e+00,0.000000e+00,0.000000e+00,0.000000e+00,0.000000e+00,0.000000e+00,0.000000e+00
1.000000e+00,0.000000e+00,0.000000e+00,0.000000e+00,0.000000e+00,0.000000e+00,0.000000e+00,0.000000e+00,0.000000e+00,0.000000e+00,0.000000e+00,0.000000e+00,0.000000e+00,0.000000e+00,0.000000e+00
1.000000e+00,0.000000e+00,0.000000e+00,0.000000e+00,0.000000e+00,0.000000e+00,0.000000e+00,0.000000e+00,0.000000e+00,0.000000e+00,0.000000e+00,0.000000e+00,0.000000e+00,0.000000e+00,0.000000e+00
1.000000e+00,0.000000e+00,0.000000e+00,0.000000e+00,0.000000e+00,0.000000e+00,0.000000e+00,0.000000e+00,0.000000e+00,0.000000e+00,0.000000e+00,0.000000e+00,0.000000e+00,0.000000e+00,0.000000e+00
1.000000e+00,0.000000e+00,0.000000e+00,0.000000e+00,0.000000e+00,0.000000e+00,0.000000e+00,0.000000e+00,0.000000e+00,0.000000e+00,0.000000e+00,0.000000e+00,0.000000e+00,0.000000e+00,0.000000e+00
1.000000e+00,0.000000e+00,0.000000e+00,0.000000e+00,0.000000e+00,0.000000e+00,0.000000e+00,0.000000e+00,0.000000e+00,0.000000e+00,0.000000e+00,0.000000e+00,0.000000e+00,0.000000e+00,0.000000e+00
1.000000e+00,0.000000e+00,0.000000e+00,0.000000e+00,0.000000e+00,0.000000e+00,0.000000e+00,0.000000e+00,0.000000e+00,0.000000e+00,0.000000e+00,0.000000e+00,0.000000e+00,0.000000e+00,0.000000e+00
1.000000e+00,0.000000e+00,0.000000e+00,0.000000e+00,0.000000e+00,0.000000e+00,0.000000e+00,0.000000e+00,0.000000e+00,0.000000e+00,0.000000e+00,0.000000e+00,0.000000e+00,0.000000e+00,0.000000e+00
1.000000e+00,0.000000e+00,0.000000e+00,0.000000e+00,0.000000e+00,0.000000e+00,0.000000e+00,0.000000e+00,0.000000e+00,0.000000e+00,0.000000e+00,0.000000e+00,0.000000e+00,0.000000e+00,0.000000e+00
1.000000e+00,0.000000e+00,0.000000e+00,0.000000e+00,0.000000e+00,0.000000e+00,0.000000e+00,0.000000e+00,0.000000e+00,0.000000e+00,0.000000e+00,0.000000e+00,0.000000e+00,0.000000e+00,0.000000e+00
1.000000e+00,0.000000e+00,0.000000e+00,0.000000e+00,0.000000e+00,0.000000e+00,0.000000e+00,0.000000e+00,0.000000e+00,0.000000e+00,0.000000e+00,0.000000e+00,0.000000e+00,0.000000e+00,0.000000e+00
1.000000e+00,0.000000e+00,0.000000e+00,0.000000e+00,0.000000e+00,0.000000e+00,0.000000e+00,0.000000e+00,0.000000e+00,0.000000e+00,0.000000e+00,0.000000e+00,0.000000e+00,0.000000e+00,0.000000e+00
1.000000e+00,0.000000e+00,0.000000e+00,0.000000e+00,0.000000e+00,0.000000e+00,0.000000e+00,0.000000e+00,0.000000e+00,0.000000e+00,0.000000e+00,0.000000e+00,0.000000e+00,0.000000e+00,0.000000e+00
1.000000e+00,0.000000e+00,0.000000e+00,0.000000e+00,0.000000e+00,0.000000e+00,0.000000e+00,0.000000e+00,0.000000e+00,0.000000e+00,0.000000e+00,0.000000e+00,0.000000e+00,0.000000e+00,0.000000e+00
1.000000e+00,0.000000e+00,0.000000e+00,0.000000e+00,0.000000e+00,0.000000e+00,0.000000e+00,0.000000e+00,0.000000e+00,0.000000e+00,0.000000e+00,0.000000e+00,0.000000e+00,0.000000e+00,0.000000e+00
1.000000e+00,0.000000e+00,0.000000e+00,0.000000e+00,0.000000e+00,0.000000e+00,0.000000e+00,0.000000e+00,0.000000e+00,0.000000e+00,0.000000e+00,0.000000e+00,0.000000e+00,0.000000e+00,0.000000e+00
1.000000e+00,0.000000e+00,0.000000e+00,0.000000e+00,0.000000e+00,0.000000e+00,0.000000e+00,0.000000e+00,0.000000e+00,0.000000e+00,0.000000e+00,0.000000e+00,0.000000e+00,0.000000e+00,0.000000e+00
1.000000e+00,0.000000e+00,0.000000e+00,0.000000e+00,0.000000e+00,0.000000e+00,0.000000e+00,0.000000e+00,0.000000e+00,0.000000e+00,0.000000e+00,0.000000e+00,0.000000e+00,0.000000e+00,0.000000e+00
1.000000e+00,0.000000e+00,0.000000e+00,0.000000e+00,0.000000e+00,0.000000e+00,0.000000e+00,0.000000e+00,0.000000e+00,0.000000e+00,0.000000e+00,0.000000e+00,0.000000e+00,0.000000e+00,0.000000e+00
1.000000e+00,0.000000e+00,0.000000e+00,0.000000e+00,0.000000e+00,0.000000e+00,0.000000e+00,0.000000e+00,0.000000e+00,0.000000e+00,0.000000e+00,0.000000e+00,0.000000e+00,0.000000e+00,0.000000e+00
1.000000e+00,0.000000e+00,0.000000e+00,0.000000e+00,0.000000e+00,0.000000e+00,0.000000e+00,0.000000e+00,0.000000e+00,0.000000e+00,0.000000e+00,0.000000e+00,0.000000e+00,0.000000e+00,0.000000e+00
1.000000e+00,0.000000e+00,0.000000e+00,0.000000e+00,0.000000e+00,0.000000e+00,0.000000e+00,0.000000e+00,0.000000e+00,0.000000e+00,0.000000e+00,0.000000e+00,0.000000e+00,0.000000e+00,0.000000e+00
1.000000e+00,0.000000e+00,0.000000e+00,0.000000e+00,0.000000e+00,0.000000e+00,0.000000e+00,0.000000e+00,0.000000e+00,0.000000e+00,0.000000e+00,0.000000e+00,0.000000e+00,0.000000e+00,0.000000e+00
1.000000e+00,0.000000e+00,0.000000e+00,0.000000e+00,0.000000e+00,0.000000e+00,0.000000e+00,0.000000e+00,0.000000e+00,0.000000e+00,0.000000e+00,0.000000e+00,0.000000e+00,0.000000e+00,0.000000e+00
1.000000e+00,0.000000e+00,0.000000e+00,0.000000e+00,0.000000e+00,0.000000e+00,0.000000e+00,0.000000e+00,0.000000e+00,0.000000e+00,0.000000e+00,0.000000e+00,0.000000e+00,0.000000e+00,0.000000e+00
1.000000e+00,0.000000e+00,0.000000e+00,0.000000e+00,0.000000e+00,0.000000e+00,0.000000e+00,0.000000e+00,0.000000e+00,0.000000e+00,0.000000e+00,0.000000e+00,0.000000e+00,0.000000e+00,0.000000e+00
3.891374e-01,8.852886e-03,5.922765e-03,1.769078e-02,3.734556e-03,5.101236e-01,2.945484e-03,9.427798e-03,3.438827e-03,1.049373e-03,9.534434e-03,1.604374e-02,9.705442e-03,3.232725e-03,9.160236e-03
2.724978e-01,6.210081e-03,4.150067e-03,1.239003e-02,2.626429e-03,6.522727e-01,2.068736e-03,6.704784e-03,2.420965e-03,2.100343e-03,7.535251e-03,1.123830e-02,6.816500e-03,2.904016e-03,8.064035e-03
1.908771e-01,4.406010e-03,2.916306e-03,8.684965e-03,1.861183e-03,7.077544e-01,1.464700e-03,4.772165e-03,1.953748e-03,5.502220e-03,1.451850e-02,7.974762e-03,4.889413e-03,1.531578e-02,2.710881e-02
1.336673e-01,3.213146e-03,2.059246e-03,6.082964e-03,1.311281e-03,5.606771e-01,1.035897e-03,3.376368e-03,3.558283e-03,4.904645e-03,1.231237e-01,5.769320e-03,3.534773e-03,1.253789e-01,2.230715e-02
9.357760e-02,2.381233e-03,1.448604e-03,4.258982e-03,9.256011e-04,4.029776e-01,7.287956e-04,2.371168e-03,3.476390e-03,3.591635e-03,1.821035e-01,4.254318e-03,2.554654e-03,2.786431e-01,1.670685e-02
6.557815e-02,3.023773e-03,1.089335e-03,2.988155e-03,6.971554e-04,2.984525e-01,5.281367e-04,1.706662e-03,6.664561e-03,2.947096e-03,1.755477e-01,3.878571e-03,1.911445e-03,4.187036e-01,1.628322e-02
4.598568e-02,3.751641e-03,8.298378e-04,2.101071e-03,5.157344e-04,2.149978e-01,3.797890e-04,1.209388e-03,8.343212e-03,3.167578e-03,1.942885e-01,4.592724e-03,1.791002e-03,4.958169e-01,2.222914e-02
3.222466e-02,4.001365e-03,6.173713e-04,1.474338e-03,3.802622e-04,1.513566e-01,2.714544e-04,8.576827e-04,8.941829e-03,4.773349e-03,2.276522e-01,3.592634e-03,1.738451e-03,5.438680e-01,1.824981e-02
2.261904e-02,4.256807e-03,5.405591e-04,1.047905e-03,3.053031e-04,1.068337e-01,1.976894e-04,6.113802e-04,2.724196e-02,5.661652e-03,2.103778e-01,3.023982e-03,4.119452e-03,5.987229e-01,1.443978e-02
1.594927e-02,3.673360e-03,5.849311e-04,7.865784e-04,2.646066e-04,7.651526e-02,1.508216e-04,4.464541e-04,4.027998e-02,7.070605e-03,1.757521e-01,2.551223e-03,9.392909e-03,6.554697e-01,1.111218e-02
1.127927e-02,4.224800e-03,1.667755e-03,6.095036e-04,5.672045e-04,5.533708e-02,1.204146e-04,3.569438e-04,1.614403e-01,9.360092e-03,1.485262e-01,2.244940e-03,8.008322e-03,5.875765e-01,8.680637e-03
7.922382e-03,6.021450e-03,1.903136e-03,4.596105e-04,1.287833e-03,3.959698e-02,9.056808e-05,2.854298e-04,3.663647e-01,1.042627e-02,1.060218e-01,1.644473e-03,5.692038e-03,4.453515e-01,6.931729e-03
5.575203e-03,6.022297e-03,1.723537e-03,3.674758e-04,1.346482e-03,2.852907e-02,6.620632e-05,2.547430e-04,4.655637e-01,9.933688e-03,7.494653e-02,1.350770e-03,4.068772e-03,3.940327e-01,6.218859e-03
3.977362e-03,5.930206e-03,1.692219e-03,4.343985e-04,1.318759e-03,2.150900e-02,5.152136e-05,3.380360e-04,5.373864e-01,8.059422e-03,5.270427e-02,1.079714e-03,3.049514e-03,3.561381e-01,6.331120e-03
2.888665e-03,4.355667e-03,1.439279e-03,3.893349e-04,1.205504e-03,1.569794e-02,3.988226e-05,3.398396e-04,6.023498e-01,8.023891e-03,3.730593e-02,8.320100e-04,2.186649e-03,3.164782e-01,6.467512e-03
2.395221e-03,3.474136e-03,2.767307e-03,3.073202e-03,1.420042e-03,1.437114e-02,4.308289e-05,7.948954e-04,6.792778e-01,7.972878e-03,2.981146e-02,7.433358e-04,2.102308e-03,2.415912e-01,1.016211e-02
2.385621e-03,2.842639e-03,3.904967e-03,8.443350e-03,1.364065e-03,1.353872e-02,3.884434e-05,7.584639e-04,7.048753e-01,9.996120e-03,4.327572e-02,1.120211e-03,2.956226e-03,1.921853e-01,1.231445e-02
2.150988e-03,3.747524e-03,6.880872e-03,1.097148e-02,1.589924e-03,1.469139e-02,5.723011e-05,1.140392e-03,6.508173e-01,2.387238e-02,7.738176e-02,3.853981e-03,7.607189e-03,1.811131e-01,1.412451e-02
2.650898e-03,5.452126e-03,1.840821e-02,9.879245e-03,2.827280e-03,1.320808e-02,7.868934e-05,2.736273e-03,5.931888e-01,5.872645e-02,7.640751e-02,3.845730e-03,8.629206e-03,1.897474e-01,1.421411e-02
3.843017e-03,6.879101e-03,1.945503e-02,8.626688e-03,5.929893e-03,1.187671e-02,7.496152e-05,3.470479e-03,5.660422e-01,1.162493e-01,6.646661e-02,2.851118e-03,6.550087e-03,1.681857e-01,1.349904e-02
7.694246e-03,1.591053e-02,5.206199e-02,3.766599e-02,3.856409e-02,1.099143e-02,1.725600e-04,2.285739e-02,4.856054e-01,1.226246e-01,5.032112e-02,2.364442e-03,5.199145e-03,1.306333e-01,1.733381e-02
2.165432e-02,1.928196e-02,4.208817e-02,3.019126e-02,1.031353e-01,3.099868e-02,5.258437e-04,2.566671e-02,4.103315e-01,1.546576e-01,3.639246e-02,1.733408e-03,3.901346e-03,9.876130e-02,2.068021e-02
2.166692e-02,1.631000e-02,3.973576e-02,9.627005e-02,1.846034e-01,2.555661e-02,9.222627e-04,7.126494e-02,3.133951e-01,1.124254e-01,2.576758e-02,1.240923e-03,2.811565e-03,7.034542e-02,1.768404e-02
3.446236e-02,2.236442e-02,4.465184e-02,1.964006e-01,1.762807e-01,2.077471e-02,1.570353e-03,6.201581e-02,2.406054e-01,9.825992e-02,1.853201e-02,9.686371e-04,2.223193e-03,4.993489e-02,3.095523e-02
4.514606e-02,2.308629e-02,4.419399e-02,2.507719e-01,1.593321e-01,1.653755e-02,1.468371e-03,5.908421e-02,2.161570e-01,8.803528e-02,1.388424e-02,9.035786e-04,1.882727e-03,3.623665e-02,4.328012e-02
5.989880e-02,2.055325e-02,4.273833e-02,2.040190e-01,1.492396e-01,1.460410e-02,1.575093e-03,8.484221e-02,2.673609e-01,7.550186e-02,1.174706e-02,1.039182e-03,1.779568e-03,2.931464e-02,3.578639e-02
5.512759e-02,1.737581e-02,3.377006e-02,1.553671e-01,1.181403e-01,1.172252e-02,1.299333e-03,2.518328e-01,2.242596e-01,6.916697e-02,9.292616e-03,8.981528e-04,1.422403e-03,2.149823e-02,2.882656e-02
5.246991e-02,1.478757e-02,3.351684e-02,1.375847e-01,9.200297e-02,9.730961e-03,1.099578e-03,3.267916e-01,2.099852e-01,6.501104e-02,8.405199e-03,1.528312e-03,1.929764e-03,1.655020e-02,2.860609e-02
3.736818e-02,1.672154e-02,1.293005e-01,1.180057e-01,6.549096e-02,7.511517e-03,8.377960e-04,2.344346e-01,1.707340e-01,1.003119e-01,3.101188e-02,2.881496e-03,6.299967e-03,1.452305e-02,6.456687e-02
2.643251e-02,1.699226e-02,1.689368e-01,9.018299e-02,4.649544e-02,7.424336e-03,8.263753e-04,1.672836e-01,1.362644e-01,1.709081e-01,4.334450e-02,4.467522e-03,8.125712e-03,1.783135e-02,9.448398e-02
1.917569e-02,1.353023e-02,1.214426e-01,6.353702e-02,3.393346e-02,6.024619e-03,6.260639e-04,1.171998e-01,9.920780e-02,1.511390e-01,1.741761e-01,3.666322e-03,4.689481e-02,7.734258e-02,7.210389e-02
1.425127e-02,1.011110e-02,8.572772e-02,4.455553e-02,2.708301e-02,4.553401e-03,4.498167e-04,8.207392e-02,7.522494e-02,1.114649e-01,3.553893e-01,2.743972e-03,3.984879e-02,8.383809e-02,6.268431e-02
1.615126e-02,9.033071e-03,7.451054e-02,3.145631e-02,2.285689e-02,1.070506e-02,3.778962e-04,5.808112e-02,1.823025e-01,9.277477e-02,2.662899e-01,2.014528e-03,2.916640e-02,1.174111e-01,8.686858e-02
1.645174e-02,1.081552e-02,5.982684e-02,2.259835e-02,2.095003e-02,1.174033e-02,3.869717e-04,4.075885e-02,2.738411e-01,7.198706e-02,1.950347e-01,1.532241e-03,2.102642e-02,1.558707e-01,9.717910e-02
3.752318e-02,1.030032e-02,5.448522e-02,1.864460e-02,1.564411e-02,1.471573e-02,5.475502e-04,2.894530e-02,3.449216e-01,5.548371e-02,1.427646e-01,1.411146e-03,1.575467e-02,1.374537e-01,1.214045e-01
4.339850e-02,9.778125e-03,7.586089e-02,1.368574e-02,1.231577e-02,1.535769e-02,5.648148e-04,2.076308e-02,4.209116e-01,4.307888e-02,1.063329e-01,1.196437e-03,1.175214e-02,1.127596e-01,1.122438e-01
6.212039e-02,9.987306e-03,6.077724e-02,9.765682e-03,1.074341e-02,1.376721e-02,4.675454e-04,1.479990e-02,3.841355e-01,3.589401e-02,8.389297e-02,1.020052e-03,8.617962e-03,1.059041e-01,1.981067e-01
5.127776e-02,8.928625e-03,4.836853e-02,6.958962e-03,8.403412e-03,1.179082e-02,3.643046e-04,1.041057e-02,3.330906e-01,2.736146e-02,6.848206e-02,8.841307e-04,6.504814e-03,1.850965e-01,2.320774e-01
4.496142e-02,1.264262e-02,4.295286e-02,5.885572e-03,9.029768e-03,1.109016e-02,4.163916e-04,7.828135e-03,2.725810e-01,2.220061e-02,5.107315e-02,8.782609e-04,4.868383e-03,2.400755e-01,2.735161e-01
3.866951e-02,1.071135e-02,3.231942e-02,4.352195e-03,7.904398e-03,1.075985e-02,3.511971e-04,5.677339e-03,2.266690e-01,1.756493e-02,3.773311e-02,7.849335e-04,3.764626e-03,3.516018e-01,2.511363e-01
3.402894e-02,8.775443e-03,2.408636e-02,3.334648e-03,6.679723e-03,8.150160e-03,2.687956e-04,4.099268e-03,2.536965e-01,1.478085e-02,2.715063e-02,7.707812e-04,2.905326e-03,3.910109e-01,2.202616e-01
2.638361e-02,6.724036e-03,1.747168e-02,2.425088e-03,6.643330e-03,6.001767e-03,2.056948e-04,2.912270e-03,3.012265e-01,1.232321e-02,1.970729e-02,6.809079e-04,2.223426e-03,3.676767e-01,2.273945e-01
2.256940e-02,6.708696e-03,1.331037e-02,2.701271e-03,7.769840e-03,6.079574e-03,1.770742e-04,2.392046e-03,2.771283e-01,1.083280e-02,1.655286e-02,6.448702e-04,1.729014e-03,3.858212e-01,2.455827e-01
2.156268e-02,7.097249e-03,1.436376e-02,5.529466e-03,1.482047e-02,6.242361e-03,1.487594e-04,3.482994e-03,3.863568e-01,1.259492e-02,1.289650e-02,8.491169e-04,1.496342e-03,3.065347e-01,2.060238e-01
2.512481e-02,8.419082e-03,2.074014e-02,1.397571e-02,2.994358e-02,6.299567e-03,1.489460e-04,4.940204e-03,4.160287e-01,1.519894e-02,9.711567e-03,8.328205e-04,1.224661e-03,2.654001e-01,1.820112e-01
2.483981e-02,8.327284e-03,1.752542e-02,1.038472e-02,2.648711e-02,4.709354e-03,1.140326e-04,4.115080e-03,4.878728e-01,2.572129e-02,7.901777e-03,6.472003e-04,9.851925e-04,2.303931e-01,1.499758e-01
2.567616e-02,6.537192e-03,1.594477e-02,7.384392e-03,2.126567e-02,3.603707e-03,8.885785e-05,4.222344e-03,4.779646e-01,7.445154e-02,6.678965e-03,4.902913e-04,7.371468e-04,2.268386e-01,1.281157e-01
3.606130e-02,1.411830e-02,1.547277e-02,6.980945e-02,4.838148e-02,3.718652e-03,1.535383e-04,1.917034e-02,4.174695e-01,9.936279e-02,5.522458e-03,7.209856e-04,9.505046e-04,1.602640e-01,1.088240e-01
5.416662e-02,1.269422e-02,2.404273e-02,7.928730e-02,4.801898e-02,3.743826e-03,1.634233e-04,2.798715e-02,4.334334e-01,8.098604e-02,4.809867e-03,1.604209e-03,9.105193e-04,1.150835e-01,1.130682e-01
6.414612e-02,1.253908e-02,8.162505e-02,1.358584e-01,4.330819e-02,4.014195e-03,1.631340e-04,3.009630e-02,3.594694e-01,7.350609e-02,4.422314e-03,2.570588e-03,1.005137e-03,8.247332e-02,1.048026e-01
8.702792e-02,1.451071e-02,7.882434e-02,1.050378e-01,4.042641e-02,7.018752e-03,1.809600e-04,2.595555e-02,4.098741e-01,6.898628e-02,4.404088e-03,2.263877e-03,8.233053e-04,6.476861e-02,8.989733e-02
8.807204e-02,1.605342e-02,7.148203e-02,7.864803e-02,3.357660e-02,9.426384e-03,2.109754e-04,2.051973e-02,4.181184e-01,9.292814e-02,4.678299e-03,1.974433e-03,7.782588e-04,6.514021e-02,9.839306e-02
1.075784e-01,1.812753e-02,6.724837e-02,5.807573e-02,3.925048e-02,9.923019e-03,2.538905e-04,1.778232e-02,3.777824e-01,8.489007e-02,3.976847e-03,1.682081e-03,9.397982e-04,5.411528e-02,1.583738e-01
1.259301e-01,1.483922e-02,7.854910e-02,5.060486e-02,4.142544e-02,8.073268e-03,3.421474e-04,2.140212e-02,3.180788e-01,1.378862e-01,4.142982e-03,1.701649e-03,1.211281e-03,5.503090e-02,1.407819e-01
1.279908e-01,1.378628e-02,7.528833e-02,4.539290e-02,5.644957e-02,7.062273e-03,3.650593e-04,8.046883e-02,2.838413e-01,1.395707e-01,4.409807e-03,1.581412e-03,1.232357e-03,5.018635e-02,1.123740e-01
1.081673e-01,1.369425e-02,6.296638e-02,3.385045e-02,4.325829e-02,5.445424e-03,3.249370e-04,6.635245e-02,2.473010e-01,2.189097e-01,6.093383e-03,1.185014e-03,1.101152e-03,7.120076e-02,1.201496e-01
7.824501e-02,1.196189e-02,5.865588e-02,2.628669e-02,3.134433e-02,4.065569e-03,2.567064e-04,4.842020e-02,2.021442e-01,3.540428e-01,4.856918e-03,8.871691e-04,9.042016e-04,5.362754e-02,1.243008e-01
5.494529e-02,9.153812e-03,1.565216e-01,1.858873e-02,2.204102e-02,2.924373e-03,1.925697e-04,3.510547e-02,1.456401e-01,4.190563e-01,4.387621e-03,7.061138e-04,9.481843e-04,3.792155e-02,9.186717e-02
3.869421e-02,7.497098e-03,2.169796e-01,1.356471e-02,1.547436e-02,2.235216e-03,1.687089e-04,2.592959e-02,1.056807e-01,4.565720e-01,1.492425e-02,1.144981e-03,3.805700e-03,2.825536e-02,6.907354e-02
2.899027e-02,6.978199e-03,1.903653e-01,1.422106e-02,1.137818e-02,2.000711e-03,2.920925e-04,2.887089e-02,9.021440e-02,5.030359e-01,2.851816e-02,2.040611e-03,8.088931e-03,2.577387e-02,5.923145e-02
2.119730e-02,5.804283e-03,1.368968e-01,1.055352e-02,8.169644e-03,1.840532e-03,3.023065e-04,2.077736e-02,7.309115e-02,5.884702e-01,2.998399e-02,4.685152e-03,1.136002e-02,3.238692e-02,5.448082e-02
1.649365e-02,1.012604e-02,1.068280e-01,1.261208e-02,6.390276e-03,1.933978e-03,5.499392e-04,1.555504e-02,7.431997e-02,4.986077e-01,7.243107e-02,1.065695e-02,1.230649e-02,8.793346e-02,7.325536e-02
1.793038e-02,1.255162e-02,8.904718e-02,4.700275e-02,5.204489e-03,3.544187e-03,7.747904e-04,1.112561e-02,6.537539e-02,3.596228e-01,1.903436e-01,1.092970e-02,1.195665e-02,1.105064e-01,6.408437e-02
1.570700e-02,1.061631e-02,6.499214e-02,4.619603e-02,6.729195e-03,5.711850e-03,1.231648e-03,8.397399e-03,8.432542e-02,2.736302e-01,2.941228e-01,1.994831e-02,1.446739e-02,1.015259e-01,5.239844e-02
2.195602e-02,8.409946e-03,4.640378e-02,3.984889e-02,8.526137e-03,8.012073e-03,1.441971e-03,7.088746e-03,1.321000e-01,2.035860e-01,3.346449e-01,3.837385e-02,1.797163e-02,8.970909e-02,4.192688e-02
2.086727e-02,6.120248e-03,3.310373e-02,2.858865e-02,7.026232e-03,1.326220e-02,1.719515e-03,9.516487e-03,1.112159e-01,1.445326e-01,4.365270e-01,5.629623e-02,1.922038e-02,7.753292e-02,3.447066e-02
1.573101e-02,4.405065e-03,2.356891e-02,2.029162e-02,5.399927e-03,1.029280e-02,1.310931e-03,7.171105e-03,8.877041e-02,1.043402e-01,5.406002e-01,5.422880e-02,1.494547e-02,7.955439e-02,2.938920e-02
1.182860e-02,3.358326e-03,1.693345e-02,1.437091e-02,4.031812e-03,7.954111e-03,9.672858e-04,5.233725e-03,7.175664e-02,7.926552e-02,6.084331e-01,6.708471e-02,1.235170e-02,7.002188e-02,2.640827e-02
8.719696e-03,2.477515e-03,1.230180e-02,1.030226e-02,3.993180e-03,6.112867e-03,1.104105e-03,4.355817e-03,5.392977e-02,6.218728e-02,6.302010e-01,1.003480e-01,1.046320e-02,6.937947e-02,2.412408e-02
6.762158e-03,1.943768e-03,9.440092e-03,7.469522e-03,4.254786e-03,5.226932e-03,1.082963e-03,5.830789e-03,3.996396e-02,5.177499e-02,6.347133e-01,1.240319e-01,9.257669e-03,7.366060e-02,2.458663e-02
7.028603e-03,2.225912e-03,9.616711e-03,5.658547e-03,6.398129e-03,5.728933e-03,1.609975e-03,1.410490e-02,3.959124e-02,5.024877e-02,6.096045e-01,1.203077e-01,9.076018e-03,8.911049e-02,2.968955e-02
7.502022e-03,2.481630e-03,9.630478e-03,4.413111e-03,1.171970e-02,4.936964e-03,1.762826e-03,1.543667e-02,4.108037e-02,4.423726e-02,6.141256e-01,1.136006e-01,7.754399e-03,9.457441e-02,2.674394e-02
7.288882e-03,2.362338e-03,1.198571e-02,3.931195e-03,3.090684e-02,6.120601e-03,4.923590e-03,1.836279e-02,4.159290e-02,3.537910e-02,6.216879e-01,1.062988e-01,6.557238e-03,8.204411e-02,2.055801e-02
8.125073e-03,6.154424e-03,2.965518e-02,4.721188e-03,3.896716e-02,1.437967e-02,3.916688e-03,6.033175e-02,1.681776e-01,2.660689e-02,4.766845e-01,8.110981e-02,5.843297e-03,6.045612e-02,1.487067e-02
1.254893e-02,1.456878e-02,7.414540e-02,1.675572e-02,5.130514e-02,4.008998e-02,3.352714e-03,6.223954e-02,2.073727e-01,1.997650e-02,3.774579e-01,6.005965e-02,5.016693e-03,4.399691e-02,1.111346e-02
2.723479e-02,1.551886e-02,7.504121e-02,3.691789e-02,5.865473e-02,5.913365e-02,3.146152e-03,5.291267e-02,2.643460e-01,1.890750e-02,2.915253e-01,4.377121e-02,5.475818e-03,3.607175e-02,1.134247e-02
2.957451e-02,2.404211e-02,7.086961e-02,8.870615e-02,5.093811e-02,6.842207e-02,2.840871e-03,4.701320e-02,2.855051e-01,2.219869e-02,2.218530e-01,3.347692e-02,7.427668e-03,2.922226e-02,1.790976e-02
3.070738e-02,3.872319e-02,7.017119e-02,1.369001e-01,4.487511e-02,6.714090e-02,4.786366e-03,4.067165e-02,2.878298e-01,2.201969e-02,1.720746e-01,3.166433e-02,1.060391e-02,2.134504e-02,2.048677e-02
5.320450e-02,3.753322e-02,5.255577e-02,1.101630e-01,3.720881e-02,8.068958e-02,4.613856e-03,5.234715e-02,3.420869e-01,1.679730e-02,1.421963e-01,2.711564e-02,8.950672e-03,1.716915e-02,1.736811e-02
1.047507e-01,3.688093e-02,3.826206e-02,8.251586e-02,3.416321e-02,1.126658e-01,3.931415e-03,4.955946e-02,3.306517e-01,2.018453e-02,1.174291e-01,2.177483e-02,1.013477e-02,1.887227e-02,1.822334e-02
1.201054e-01,2.982986e-02,2.993239e-02,6.352621e-02,5.375332e-02,1.219286e-01,3.815372e-03,5.677288e-02,3.570957e-01,2.053587e-02,8.920272e-02,1.638820e-02,8.121284e-03,1.530353e-02,1.368865e-02
1.038840e-01,2.498678e-02,2.146587e-02,4.619993e-02,1.197173e-01,1.028584e-01,2.871108e-03,4.109770e-02,4.151400e-01,1.747334e-02,6.469536e-02,1.214133e-02,5.990620e-03,1.150890e-02,9.969310e-03
1.374578e-01,3.096038e-02,2.092385e-02,6.219110e-02,1.207604e-01,1.034173e-01,2.824151e-03,3.425600e-02,3.608845e-01,1.451996e-02,5.059225e-02,1.550544e-02,6.198303e-03,9.723892e-03,2.978455e-02
1.428883e-01,4.508398e-02,1.749598e-02,7.807193e-02,1.139719e-01,8.618030e-02,2.644811e-03,3.210378e-02,3.457111e-01,1.398939e-02,3.846138e-02,1.353974e-02,7.398659e-03,8.200748e-03,5.425788e-02
1.130998e-01,4.423676e-02,2.586910e-02,8.247276e-02,8.621016e-02,2.485322e-01,2.265099e-03,2.341813e-02,2.582841e-01,1.160242e-02,2.937177e-02,1.026291e-02,5.643716e-03,6.090386e-03,5.264071e-02
8.024346e-02,3.114237e-02,1.829500e-02,5.793222e-02,6.064550e-02,4.698024e-01,1.612976e-03,1.677844e-02,1.811914e-01,8.820252e-03,2.082459e-02,7.203388e-03,3.962520e-03,4.499497e-03,3.704595e-02
5.651199e-02,2.183228e-02,1.283632e-02,4.060473e-02,4.250657e-02,6.271795e-01,1.142117e-03,1.223891e-02,1.268906e-01,6.272830e-03,1.481315e-02,5.047293e-03,2.778638e-03,3.251017e-03,2.609407e-02
3.986648e-02,1.538717e-02,9.002669e-03,2.866967e-02,2.981343e-02,6.354386e-01,8.259290e-04,8.837741e-03,9.224157e-02,8.123885e-02,1.569870e-02,3.560465e-03,2.087631e-03,3.762958e-03,3.356812e-02
2.793969e-02,1.086280e-02,6.309859e-03,2.015755e-02,2.096576e-02,6.480281e-01,6.251223e-04,6.663351e-03,9.768012e-02,6.851512e-02,1.990389e-02,2.589348e-03,1.778955e-03,6.063498e-03,6.191683e-02
1.958280e-02,7.710243e-03,4.434496e-03,1.413013e-02,1.495572e-02,6.473641e-01,4.982355e-04,5.150622e-03,1.104246e-01,5.071120e-02,4.427429e-02,2.073151e-03,1.849904e-03,2.410480e-02,5.273572e-02
1.389781e-02,5.413117e-03,3.109520e-03,9.902096e-03,1.065528e-02,4.744094e-01,3.667373e-04,3.915931e-03,9.018679e-02,4.417637e-02,6.202843e-02,1.529275e-03,1.453904e-03,1.469861e-01,1.319693e-01
9.879108e-03,3.797726e-03,2.184258e-03,6.939186e-03,8.027985e-03,3.393444e-01,2.861732e-04,3.117125e-03,8.305945e-02,4.218212e-02,6.387834e-02,1.193295e-03,1.142684e-03,1.939054e-01,2.410628e-01
7.031470e-03,2.664615e-03,1.535452e-03,4.861226e-03,7.096470e-03,2.393564e-01,2.128508e-04,2.285156e-03,6.511365e-02,5.776118e-02,5.875304e-02,1.046930e-03,1.001962e-03,2.059961e-01,3.452835e-01
4.954866e-03,1.871202e-03,1.085893e-03,3.405208e-03,7.883178e-03,1.679856e-01,1.639543e-04,1.660345e-03,4.886941e-02,5.789323e-02,5.598472e-02,8.228417e-04,9.313825e-04,1.870949e-01,4.593933e-01
3.517174e-03,1.314873e-03,7.780723e-04,2.388847e-03,8.962949e-03,1.177744e-01,1.291658e-04,1.222170e-03,3.556596e-02,5.141311e-02,4.939890e-02,6.124317e-04,7.246936e-04,1.571958e-01,5.690014e-01
2.603370e-03,1.014107e-03,6.152524e-04,1.692029e-03,1.321556e-02,8.274873e-02,1.259988e-04,9.609499e-04,3.107220e-02,9.055814e-02,5.166251e-02,8.001601e-04,1.719230e-03,2.165626e-01,5.046491e-01
1.973656e-03,1.031756e-03,5.078193e-04,1.200777e-03,1.166799e-02,5.829252e-02,9.849942e-05,7.346683e-04,3.815294e-02,1.251187e-01,5.290197e-02,1.020788e-03,2.751645e-03,3.116322e-01,3.929140e-01
1.798565e-03,3.892611e-03,2.901027e-03,1.075584e-03,9.760011e-03,4.503477e-02,2.119489e-04,4.334318e-03,5.282011e-02,9.467842e-02,6.473761e-02,9.294164e-04,2.373494e-03,4.183589e-01,2.970933e-01
1.819963e-03,3.992288e-03,5.838282e-03,1.721304e-03,7.390654e-03,3.515068e-02,3.452857e-04,2.342350e-02,8.254859e-02,6.834643e-02,6.721874e-02,9.622995e-04,1.864841e-03,4.875291e-01,2.118480e-01
2.309154e-03,8.968725e-03,5.917881e-03,1.806393e-03,6.194508e-03,3.494011e-02,3.584508e-04,2.281762e-02,1.010233e-01,4.900424e-02,8.386132e-02,8.602126e-04,2.116472e-03,5.267409e-01,1.530807e-01
2.882212e-03,1.423686e-02,5.375478e-03,1.584363e-03,4.964522e-03,8.151866e-02,3.017510e-04,1.930513e-02,1.581102e-01,3.513747e-02,8.350733e-02,9.933435e-04,3.070723e-03,4.797090e-01,1.093030e-01
3.383541e-03,2.160946e-02,4.649406e-03,1.813364e-03,4.930166e-03,1.129226e-01,2.509418e-04,2.218870e-02,2.100887e-01,2.545195e-02,7.608195e-02,1.561932e-03,1.233585e-02,4.246201e-01,7.811134e-02
6.514475e-03,2.899783e-02,2.277881e-02,2.492434e-03,7.545513e-03,1.854969e-01,3.019754e-04,2.724579e-02,2.324843e-01,1.843018e-02,5.747084e-02,1.662547e-03,9.671285e-03,3.431027e-01,5.580442e-02
8.346970e-03,2.542567e-02,2.001725e-02,7.256059e-03,6.305110e-03,2.688022e-01,2.800321e-04,2.970416e-02,2.677634e-01,1.357975e-02,4.300077e-02,1.972633e-03,7.321347e-03,2.596397e-01,4.058494e-02
1.935878e-02,2.004549e-02,1.795520e-02,1.197004e-02,1.081837e-02,3.487968e-01,5.520760e-04,2.425798e-02,2.790032e-01,1.008177e-02,3.177323e-02,1.760632e-03,5.603449e-03,1.869898e-01,3.103311e-02
1.956629e-02,1.820561e-02,2.052047e-02,7.676407e-02,1.719233e-02,2.578291e-01,1.389930e-03,4.578166e-02,3.349066e-01,1.125032e-02,2.539404e-02,1.529782e-03,4.938055e-03,1.378548e-01,2.687679e-02
3.952378e-02,1.694109e-02,2.459880e-02,1.009855e-01,1.761038e-02,2.161909e-01,1.085768e-03,4.502473e-02,3.187593e-01,2.218171e-02,3.255353e-02,2.513405e-03,6.090548e-03,1.140514e-01,4.188919e-02
5.137859e-02,2.038249e-02,2.236406e-02,7.991681e-02,2.108662e-02,1.783607e-01,1.005648e-03,3.879543e-02,3.297696e-01,3.148521e-02,3.248988e-02,2.821181e-03,6.194327e-03,8.844545e-02,9.550399e-02
4.600926e-02,3.703479e-02,1.799766e-02,9.392825e-02,2.123616e-02,1.531437e-01,8.133388e-04,3.640805e-02,3.707063e-01,3.252442e-02,2.770045e-02,2.769747e-03,5.563037e-03,6.668852e-02,8.747621e-02
5.757105e-02,3.501345e-02,1.548801e-02,8.087212e-02,2.434043e-02,2.260893e-01,8.018036e-04,3.813954e-02,3.254496e-01,2.511906e-02,3.216142e-02,4.111197e-03,5.244410e-03,5.700351e-02,7.259518e-02
5.431959e-02,5.098483e-02,1.483006e-02,1.947517e-01,2.163957e-02,1.630127e-01,6.856824e-04,2.964294e-02,2.929581e-01,1.994608e-02,2.653024e-02,4.370276e-03,4.348651e-03,4.132327e-02,8.065633e-02
6.893127e-02,4.457255e-02,1.242473e-02,1.654042e-01,2.848494e-02,2.000523e-01,8.734714e-04,2.946274e-02,2.658806e-01,1.688185e-02,3.027682e-02,5.981098e-03,4.827454e-03,3.241391e-02,9.353203e-02
8.150481e-02,4.271108e-02,1.540608e-02,2.406994e-01,2.812507e-02,1.468638e-01,1.227914e-03,2.510936e-02,2.426512e-01,1.508370e-02,2.803755e-02,7.681157e-03,5.383435e-03,2.473317e-02,9.478233e-02
1.155378e-01,4.254431e-02,1.344281e-02,1.943028e-01,3.968038e-02,1.487626e-01,3.130339e-03,3.294554e-02,2.399204e-01,1.216145e-02,2.988713e-02,1.141248e-02,9.789607e-03,2.093211e-02,8.555032e-02
1.385485e-01,3.699104e-02,1.816253e-02,2.128173e-01,5.276908e-02,1.202277e-01,4.552246e-03,6.127220e-02,2.002186e-01,9.975378e-03,3.004020e-02,1.449063e-02,1.341231e-02,1.640570e-02,7.011656e-02
1.568544e-01,4.216034e-02,2.047789e-02,1.977105e-01,8.335335e-02,1.214870e-01,7.834305e-03,4.690349e-02,1.790413e-01,8.781621e-03,2.684176e-02,1.277018e-02,1.283927e-02,1.456134e-02,6.838323e-02
1.540328e-01,4.373198e-02,2.784569e-02,2.484850e-01,9.511878e-02,1.110212e-01,9.915035e-03,3.990391e-02,1.472616e-01,7.448766e-03,2.199769e-02,1.110384e-02,1.329422e-02,1.120065e-02,5.763888e-02
1.467485e-01,4.678606e-02,8.824181e-02,2.172709e-01,9.308717e-02,9.638782e-02,4.287676e-02,3.608519e-02,1.141869e-01,7.446503e-03,2.017195e-02,1.033125e-02,2.451939e-02,8.686632e-03,4.717313e-02
1.268397e-01,3.887302e-02,1.009217e-01,1.650713e-01,9.522942e-02,7.903788e-02,3.732591e-02,1.763802e-01,9.117438e-02,5.788135e-03,1.613436e-02,7.688285e-03,1.883209e-02,6.453543e-03,3.425012e-02
1.165131e-01,3.271962e-02,9.621775e-02,1.271589e-01,8.184794e-02,7.069116e-02,3.160567e-02,3.018709e-01,7.372539e-02,4.505401e-03,1.289971e-02,5.745353e-03,1.379794e-02,4.914899e-03,2.578624e-02
1.303533e-01,4.325936e-02,9.542879e-02,1.004389e-01,7.055917e-02,5.947885e-02,2.828215e-02,3.281265e-01,6.815707e-02,7.126404e-03,1.698212e-02,5.993300e-03,1.236502e-02,4.816252e-03,2.863267e-02
1.209819e-01,6.731781e-02,9.545140e-02,8.136666e-02,5.629726e-02,5.103680e-02,2.163973e-02,3.066866e-01,8.083083e-02,1.560849e-02,1.963829e-02,5.397145e-03,1.102043e-02,4.953165e-03,6.177340e-02
9.901263e-02,6.610212e-02,1.200187e-01,6.479960e-02,4.059506e-02,4.012752e-02,1.540416e-02,2.174562e-01,1.050732e-01,3.274174e-02,2.704494e-02,5.460356e-03,8.944971e-03,8.654827e-03,1.485640e-01
1.095352e-01,7.282618e-02,1.103290e-01,7.454924e-02,3.397699e-02,3.176668e-02,1.181872e-02,1.617539e-01,9.450330e-02,5.757683e-02,3.985314e-02,1.110208e-02,1.112146e-02,1.026057e-02,1.690267e-01
9.814183e-02,1.024993e-01,1.245996e-01,9.440237e-02,2.723977e-02,2.493590e-02,9.116190e-03,1.170217e-01,8.723638e-02,8.910638e-02,3.909767e-02,1.050887e-02,1.061990e-02,8.817985e-03,1.566561e-01
7.005142e-02,7.897753e-02,2.373855e-01,1.685795e-01,2.050662e-02,1.835152e-02,6.508761e-03,8.215224e-02,7.050975e-02,7.577247e-02,2.887397e-02,7.636927e-03,7.907489e-03,6.419863e-03,1.203664e-01
5.692937e-02,1.278902e-01,2.710223e-01,1.272364e-01,1.494158e-02,1.462588e-02,4.629595e-03,5.759269e-02,5.728194e-02,6.430924e-02,2.892767e-02,5.721328e-03,6.603001e-03,6.726130e-03,1.555626e-01
1.126604e-01,1.105483e-01,2.020217e-01,9.236412e-02,1.261503e-02,1.396993e-02,3.445703e-03,4.067701e-02,5.791681e-02,5.144170e-02,7.793589e-02,4.596443e-03,8.624278e-03,3.861592e-02,1.725667e-01
8.484398e-02,7.917147e-02,1.426148e-01,6.514897e-02,1.187354e-02,1.053070e-02,2.447904e-03,2.879897e-02,2.111728e-01,4.209851e-02,6.796914e-02,3.320960e-03,7.097898e-03,4.475787e-02,1.981525e-01
6.329230e-02,5.664417e-02,1.011633e-01,4.586686e-02,1.224311e-02,7.678584e-03,1.755020e-03,2.058531e-02,2.939914e-01,3.639438e-02,5.657322e-02,2.397048e-03,5.404767e-03,4.583764e-02,2.501729e-01
5.339282e-02,4.196903e-02,1.117035e-01,5.265751e-02,1.070489e-02,1.328451e-02,2.417628e-03,2.582379e-02,3.565193e-01,2.643260e-02,5.746638e-02,2.695599e-03,7.530143e-03,3.798458e-02,1.994177e-01
7.938613e-02,3.500818e-02,8.886868e-02,4.133253e-02,9.607472e-03,2.181196e-02,2.102282e-03,1.942677e-02,3.727502e-01,2.097633e-02,4.950419e-02,2.112439e-03,5.912480e-03,4.971860e-02,2.014817e-01
9.043457e-02,5.166770e-02,1.369786e-01,9.275867e-02,1.538134e-02,1.815030e-02,2.663468e-03,1.436745e-02,2.946818e-01,1.650391e-02,3.932039e-02,3.012185e-03,5.235092e-03,5.401455e-02,1.648299e-01
1.041895e-01,5.390733e-02,1.594934e-01,7.773647e-02,1.443242e-02,1.439173e-02,2.085070e-03,1.045272e-02,2.506657e-01,1.795851e-02,3.304127e-02,3.305345e-03,5.365310e-03,5.041926e-02,2.025560e-01
7.551785e-02,4.065017e-02,3.014409e-01,5.604777e-02,1.068985e-02,1.056634e-02,1.519350e-03,7.385031e-03,1.891278e-01,1.671015e-02,2.441836e-02,2.593338e-03,4.320829e-03,4.571044e-02,2.133018e-01
6.317706e-02,3.120791e-02,2.590997e-01,4.050876e-02,8.020724e-03,9.147883e-03,1.106924e-03,5.245645e-03,1.437301e-01,1.714379e-02,1.880157e-02,2.047502e-03,3.277518e-03,1.195603e-01,2.779245e-01
5.263183e-02,2.281761e-02,1.981001e-01,2.895190e-02,6.200937e-03,7.110212e-03,8.054574e-04,3.797518e-03,1.152367e-01,1.808880e-02,1.535863e-02,1.502706e-03,2.511210e-03,1.542937e-01,3.725927e-01
4.537088e-02,1.780407e-02,1.411887e-01,2.053225e-02,5.339988e-03,5.841656e-03,6.299558e-04,2.805042e-03,8.330809e-02,1.586415e-02,1.107633e-02,1.179364e-03,1.888860e-03,1.807501e-01,4.664206e-01
3.541500e-02,1.861500e-02,1.339113e-01,2.012953e-02,4.526055e-03,4.433147e-03,4.608230e-04,2.095373e-03,6.202454e-02,1.941299e-02,7.911019e-03,8.655442e-04,1.367063e-03,1.383084e-01,5.505242e-01
2.777815e-02,1.447617e-02,1.393136e-01,1.866326e-02,3.585618e-03,3.300781e-03,3.292721e-04,1.514640e-03,4.655309e-02,3.965724e-02,5.684428e-03,6.545868e-04,9.803259e-04,1.057946e-01,5.917143e-01
2.423043e-02,1.277349e-02,1.221360e-01,1.519498e-02,3.080639e-03,2.599650e-03,2.499803e-04,1.113275e-03,3.745719e-02,4.173216e-02,4.329944e-03,6.118345e-04,8.540370e-04,9.253880e-02,6.410975e-01
2.822559e-02,1.127562e-02,9.753139e-02,1.146009e-02,2.875634e-03,2.232881e-03,1.999677e-04,8.742030e-04,2.825859e-02,3.769897e-02,3.387905e-03,6.132080e-04,7.034930e-04,9.391490e-02,6.807476e-01
