1.000000e+00,0.000000e+00,0.000000e+00,0.000000e+00,0.000000e+00,0.000000e+00,0.000000e+00,0.000000e+00,0.000000e+00,0.000000e+00,0.000000e+00,0.000000e+00,0.000000e+00,0.000000e+00,0.000000e+00
1.000000e+00,0.000000e+00,0.000000e+00,0.000000e+00,0.000000e+00,0.000000e+00,0.000000e+00,0.000000e+00,0.000000e+00,0.000000e+00,0.000000e+00,0.000000e+00,0.000000e+00,0.000000e+00,0.000000e+00
1.000000e+00,0.000000e+00,0.000000e+00,0.000000e+00,0.000000e+00,0.000000e+00,0.000000e+00,0.000000e+00,0.000000e+00,0.000000e+00,0.000000e+00,0.000000e+00,0.000000e+00,0.000000e+00,0.000000e+00
1.000000e+00,0.000000e+00,0.000000e+00,0.000000e+00,0.000000e+00,0.000000e+00,0.000000e+00,0.000000e+00,0.000000e+00,0.000000e+00,0.000000e+00,0.000000e+00,0.000000e+00,0.000000e+00,0.000000e+00
1.000000e+00,0.000000e+00,0.000000e+00,0.000000e+00,0.000000e+00,0.000000e+00,0.000000e+00,0.000000e+00,0.000000e+00,0.000000e+00,0.000000e+00,0.000000e+00,0.000000e+00,0.000000e+00,0.000000e+00
1.000000e+00,0.000000e+00,0.000000e+00,0.000000e+00,0.000000e+00,0.000000e+00,0.000000e+00,0.000000e+00,0.000000e+00,0.000000e+00,0.000000e+00,0.000000e+00,0.000000e+00,0.000000e+00,0.000000e+00
1.000000e+00,0.000000e+00,0.000000e+00,0.000000e+00,0.000000e+00,0.000000e+00,0.000000e+00,0.000000e+00,0.000000e+00,0.000000e+00,0.000000e+00,0.000000e+00,0.000000e+00,0.000000e+00,0.000000e+00
1.000000e+00,0.000000e+00,0.000000e+00,0.000000e+00,0.000000e+00,0.000000e+00,0.000000e+00,0.000000e+00,0.000000e+00,0.000000e+00,0.000000e+00,0.000000e+00,0.000000e+00,0.000000e+00,0.000000e+00
1.000000e+00,0.000000e+00,0.000000e+00,0.000000e+00,0.000000e+00,0.000000e+00,0.000000e+00,0.000000e+00,0.000000e+00,0.000000e+00,0.000000e+00,0.000000e+00,0.000000e+00,0.000000e+00,0.000000e+00
1.000000e+00,0.000000e+00,0.000000e+00,0.000000e+00,0.000000e+00,0.000000e+00,0.000000e+00,0.000000e+00,0.000000e+00,0.000000e+00,0.000000e+00,0.000000e+00,0.000000e+00,0.000000e+00,0.000000e+00
1.000000e+00,0.000000e+00,0.000000e+00,0.000000e+00,0.000000e+00,0.000000e+00,0.000000e+00,0.000000e+00,0.000000e+00,0.000000e+00,0.000000e+00,0.000000e+00,0.000000e+00,0.000000e+00,0.000000e+00
1.000000e+00,0.000000e+00,0.000000e+00,0.000000e+00,0.000000e+00,0.000000e+00,0.000000e+00,0.000000e+00,0.000000e+00,0.000000e+00,0.000000e+00,0.000000e+00,0.000000e+00,0.000000e+00,0.000000e+00
1.000000e+00,0.000000e+00,0.000000e+00,0.000000e+00,0.000000e+00,0.000000e+00,0.000000e+00,0.000000e+00,0.000000e+00,0.000000e+00,0.000000e+00,0.000000e+00,0.000000e+00,0.000000e+00,0.000000e+00
1.000000e+00,0.000000e+00,0.000000e+00,0.000000e+00,0.000000e+00,0.000000e+00,0.000000e+00,0.000000e+00,0.000000e+00,0.000000e+00,0.000000e+00,0.000000e+00,0.000000e+00,0.000000e+00,0.000000e+00
1.000000e+00,0.000000e+00,0.000000e+00,0.000000e+00,0.000000e+00,0.000000e+00,0.000000e+00,0.000000e+00,0.000000e+00,0.000000e+00,0.000000e+00,0.000000e+00,0.000000e+00,0.000000e+00,0.000000e+00
1.000000e+00,0.000000e+00,0.000000e+00,0.000000e+00,0.000000e+00,0.000000e+00,0.000000e+00,0.000000e+00,0.000000e+00,0.000000e+00,0.000000e+00,0.000000e+00,0.000000e+00,0.000000e+00,0.000000e+00
1.000000e+00,0.000000e+00,0.000000e+00,0.000000e+00,0.000000e+00,0.000000e+00,0.000000e+00,0.000000e+00,0.000000e+00,0.000000e+00,0.000000e+00,0.000000e+00,0.000000e+00,0.000000e+00,0.000000e+00
1.000000e+00,0.000000e+00,0.000000e+00,0.000000e+00,0.000000e+00,0.000000e+00,0.000000e+00,0.000000e+00,0.000000e+00,0.000000e+00,0.000000e+00,0.000000e+00,0.000000e+00,0.000000e+00,0.000000e+00
1.000000e+00,0.000000e+00,0.000000e+00,0.000000e+00,0.000000e+00,0.000000e+00,0.000000e+00,0.000000e+00,0.000000e+00,0.000000e+00,0.000000e+00,0.000000e+00,0.000000e+00,0.000000e+00,0.000000e+00
1.000000e+00,0.000000e+00,0.000000e+00,0.000000e+00,0.000000e+00,0.000000e+00,0.000000e+00,0.000000e+00,0.000000e+00,0.000000e+00,0.000000e+00,0.000000e+00,0.000000e+00,0.000000e+00,0.000000e+00
1.000000e+00,0.000000e+00,0.000000e+00,0.000000e+00,0.000000e+00,0.000000e+00,0.000000e+00,0.000000e+00,0.000000e+00,0.000000e+00,0.000000e+00,0.000000e+00,0.000000e+00,0.000000e+00,0.000000e+00
1.000000e+00,0.000000e+00,0.000000e+00,0.000000e+00,0.000000e+00,0.000000e+00,0.000000e+00,0.000000e+00,0.000000e+00,0.000000e+00,0.000000e+00,0.000000e+00,0.000000e+00,0.000000e+00,0.000000e+00
1.000000e+00,0.000000e+00,0.000000e+00,0.000000e+00,0.000000e+00,0.000000e+00,0.000000e+00,0.000000e+00,0.000000e+00,0.000000e+00,0.000000e+00,0.000000e+00,0.000000e+00,0.000000e+00,0.000000e+00
1.000000e+00,0.000000e+00,0.000000e+00,0.000000e+00,0.000000e+00,0.000000e+00,0.000000e+00,0.000000e+00,0.000000e+00,0.000000e+00,0.000000e+00,0.000000e+00,0.000000e+00,0.000000e+00,0.000000e+00
1.000000e+00,0.000000e+00,0.000000e+00,0.000000e+00,0.000000e+00,0.000000e+00,0.000000e+00,0.000000e+00,0.000000e+00,0.000000e+00,0.000000e+00,0.000000e+00,0.000000e+00,0.000000e+00,0.000000e+00
1.000000e+00,0.000000e+00,0.000000e+00,0.000000e+00,0.000000e+00,0.000000e+00,0.000000e+00,0.000000e+00,0.000000e+00,0.000000e+00,0.000000e+00,0.000000e+00,0.000000e+00,0.000000e+00,0.000000e+00
1.000000e+00,0.000000e+00,0.000000e+00,0.000000e+00,0.000000e+00,0.000000e+00,0.000000e+00,0.000000e+00,0.000000e+00,0.000000e+00,0.000000e+00,0.000000e+00,0.000000e+00,0.000000e+00,0.000000e+00
1.000000e+00,0.000000e+00,0.000000e+00,0.000000e+00,0.000000e+00,0.000000e+00,0.000000e+00,0.000000e+00,0.000000e+00,0.000000e+00,0.000000e+00,0.000000e+00,0.000000e+00,0.000000e+00,0.000000e+00
1.000000e+00,0.000000e+00,0.000000e+00,0.000000e+00,0.000000e+00,0.000000e+00,0.000000e+00,0.000000e+00,0.000000e+00,0.000000e+00,0.000000e+00,0.000000e+00,0.000000e+00,0.000000e+00,0.000000e+00
1.000000e+00,0.000000e+00,0.000000e+00,0.000000e+00,0.000000e+00,0.000000e+00,0.000000e+00,0.000000e+00,0.000000e+00,0.000000e+00,0.000000e+00,0.000000e+00,0.000000e+00,0.000000e+00,0.000000e+00
1.000000e+00,0.000000e+00,0.000000e+00,0.000000e+00,0.000000e+00,0.000000e+00,0.000000e+00,0.000000e+00,0.000000e+00,0.000000e+00,0.000000e+00,0.000000e+00,0.000000e+00,0.000000e+00,0.000000e+00
1.000000e+00,0.000000e+00,0.000000e+00,0.000000e+00,0.000000e+00,0.000000e+00,0.000000e+00,0.000000e+00,0.000000e+00,0.000000e+00,0.000000e+00,0.000000e+00,0.000000e+00,0.000000e+00,0.000000e+00
1.000000e+00,0.000000e+00,0.000000e+00,0.000000e+00,0.000000e+00,0.000000e+00,0.000000e+00,0.000000e+00,0.000000e+00,0.000000e+00,0.000000e+00,0.000000e+00,0.000000e+00,0.000000e+00,0.000000e+00
1.000000e+00,0.000000e+00,0.000000e+00,0.000000e+00,0.000000e+00,0.000000e+00,0.000000e+00,0.000000e+00,0.000000e+00,0.000000e+00,0.000000e+00,0.000000e+00,0.000000e+00,0.000000e+00,0.000000e+00
1.000000e+00,0.000000e+00,0.000000e+00,0.000000e+00,0.000000e+00,0.000000e+00,0.000000e+00,0.000000e+00,0.000000e+00,0.000000e+00,0.000000e+00,0.000000e+00,0.000000e+00,0.000000e+00,0.000000e+00
1.000000e+00,0.000000e+00,0.000000e+00,0.000000e+00,0.000000e+00,0.000000e+00,0.000000e+00,0.000000e+00,0.000000e+00,0.000000e+00,0.000000e+00,0.000000e+00,0.000000e+00,0.000000e+00,0.000000e+00
1.000000e+00,0.000000e+00,0.000000e+00,0.000000e+00,0.000000e+00,0.000000e+00,0.000000e+00,0.000000e+00,0.000000e+00,0.000000e+00,0.000000e+00,0.000000e+00,0.000000e+00,0.000000e+00,0.000000e+00
1.000000e+00,0.000000e+00,0.000000e+00,0.000000e+00,0.000000e+00,0.000000e+00,0.000000e+00,0.000000e+00,0.000000e+00,0.000000e+00,0.000000e+00,0.000000e+00,0.000000e+00,0.000000e+00,0.000000e+00
1.000000e+00,0.000000e+00,0.000000e+00,0.000000e+00,0.000000e+00,0.000000e+00,0.000000e+00,0.000000e+00,0.000000e+00,0.000000e+00,0.000000e+00,0.000000e+00,0.000000e+00,0.000000e+00,0.000000e+00
1.000000e+00,0.000000e+00,0.000000e+00,0.000000e+00,0.000000e+00,0.000000e+00,0.000000e+00,0.000000e+00,0.000000e+00,0.000000e+00,0.000000e+00,0.000000e+00,0.000000e+00,0.000000e+00,0.000000e+00
1.000000e+00,0.000000e+00,0.000000e+00,0.000000e+00,0.000000e+00,0.000000e+00,0.000000e+00,0.000000e+00,0.000000e+00,0.000000e+00,0.000000e+00,0.000000e+00,0.000000e+00,0.000000e+00,0.000000e+00
1.000000e+00,0.000000e+00,0.000000e+00,0.000000e+00,0.000000e+00,0.000000e+00,0.000000e+00,0.000000e+00,0.000000e+00,0.000000e+00,0.000000e+00,0.000000e+00,0.000000e+00,0.000000e+00,0.000000e+00
1.000000e+00,0.000000e+00,0.000000e+00,0.000000e+00,0.000000e+00,0.000000e+00,0.000000e+00,0.000000e+00,0.000000e+00,0.000000e+00,0.000000e+00,0.000000e+00,0.000000e+00,0.000000e+00,0.000000e+00
1.000000e+00,0.000000e+00,0.000000e+00,0.000000e+00,0.000000e+00,0.000000e+00,0.000000e+00,0.000000e+00,0.000000e+00,0.000000e+00,0.000000e+00,0.000000e+00,0.000000e+00,0.000000e+00,0.000000e+00
1.000000e+00,0.000000e+00,0.000000e+00,0.000000e+00,0.000000e+00,0.000000e+00,0.000000e+00,0.000000e+00,0.000000e+00,0.000000e+00,0.000000e+00,0.000000e+00,0.000000e+00,0.000000e+00,0.000000e+00
1.000000e+00,0.000000e+00,0.000000e+00,0.000000e+00,0.000000e+00,0.000000e+00,0.000000e+00,0.000000e+00,0.000000e+00,0.000000e+00,0.000000e+00,0.000000e+00,0.000000e+00,0.000000e+00,0.000000e+00
1.000000e+00,0.000000e+00,0.000000e+00,0.000000e+00,0.000000e+00,0.000000e+00,0.000000e+00,0.000000e+00,0.000000e+00,0.000000e+00,0.000000e+00,0.000000e+00,0.000000e+00,0.000000e+00,0.000000e+00
1.000000e+00,0.000000e+00,0.000000e+00,0.000000e+00,0.000000e+00,0.000000e+00,0.000000e+00,0.000000e+00,0.000000e+00,0.000000e+00,0.000000e+00,0.000000e+00,0.000000e+00,0.000000e+00,0.000000e+00
1.000000e+00,0.000000e+00,0.000000e+00,0.000000e+00,0.000000e+00,0.000000e+00,0.000000e+00,0.000000e+00,0.000000e+00,0.000000e+00,0.000000e+00,0.000000e+00,0.000000e+00,0.000000e+00,0.000000e+00
1.000000e+00,0.000000e+00,0.000000e+00,0.000000e+00,0.000000e+00,0.000000e+00,0.000000e+00,0.000000e+00,0.000000e+00,0.000000e+00,0.000000e+00,0.000000e+00,0.000000e+00,0.000000e+00,0.000000e+00
1.000000e+00,0.000000e+00,0.000000e+00,0.000000e+00,0.000000e+00,0.000000e+00,0.000000e+00,0.000000e+00,0.000000e+00,0.000000e+00,0.000000e+00,0.000000e+00,0.000000e+00,0.000000e+00,0.000000e+00
1.000000e+00,0.000000e+00,0.000000e+00,0.000000e+00,0.000000e+00,0.000000e+00,0.000000e+00,0.000000e+00,0.000000e+00,0.000000e+00,0.000000e+00,0.000000e+00,0.000000e+00,0.000000e+00,0.000000e+00
1.000000e+00,0.000000e+00,0.000000e+00,0.000000e+00,0.000000e+00,0.000000e+00,0.000000e+00,0.000000e+00,0.000000e+00,0.000000e+00,0.000000e+00,0.000000e+00,0.000000e+00,0.000000e+00,0.000000e+00
1.000000e+00,0.000000e+00,0.000000e+00,0.000000e+00,0.000000e+00,0.000000e+00,0.000000e+00,0.000000e+00,0.000000e+00,0.000000e+00,0.000000e+00,0.000000e+00,0.000000e+00,0.000000e+00,0.000000e+00
1.000000e+00,0.000000e+00,0.000000e+00,0.000000e+00,0.000000e+00,0.000000e+00,0.000000e+00,0.000000e+00,0.000000e+00,0.000000e+00,0.000000e+00,0.000000e+00,0.000000e+00,0.000000e+00,0.000000e+00
1.000000e+00,0.000000e+00,0.000000e+00,0.000000e+00,0.000000e+00,0.000000e+00,0.000000e+00,0.000000e+00,0.000000e+00,0.000000e+00,0.000000e+00,0.000000e+00,0.000000e+00,0.000000e+00,0.000000e+00
1.000000e+00,0.000000e+00,0.000000e+00,0.000000e+00,0.000000e+00,0.000000e+00,0.000000e+00,0.000000e+00,0.000000e+00,0.000000e+00,0.000000e+00,0.000000e+00,0.000000e+00,0.000000e+00,0.000000e+00
1.000000e+00,0.000000e+00,0.000000e+00,0.000000e+00,0.000000e+00,0.000000e+00,0.000000e+00,0.000000e+00,0.000000e+00,0.000000e+00,0.000000e+00,0.000000e+00,0.000000e+00,0.000000e+00,0.000000e+00
1.000000e+00,0.000000e+00,0.000000e+00,0.000000e+00,0.000000e+00,0.000000e+00,0.000000e+00,0.000000e+00,0.000000e+00,0.000000e+00,0.000000e+00,0.000000e+00,0.000000e+00,0.000000e+00,0.000000e+00
1.000000e+00,0.000000e+00,0.000000e+00,0.000000e+00,0.000000e+00,0.000000e+00,0.000000e+00,0.000000e+00,0.000000e+00,0.000000e+00,0.000000e+00,0.000000e+00,0.000000e+00,0.000000e+00,0.000000e+00
4.649342e-01,1.356357e-02,3.884047e-02,5.110495e-02,9.349196e-03,4.129350e-02,2.440954e-02,2.805900e-01,5.314234e-03,1.418038e-03,9.836603e-03,1.989519e-02,2.216941e-02,3.219367e-03,1.406176e-02
4.816601e-01,1.240321e-02,3.643680e-02,4.363127e-02,1.046040e-02,5.508003e-02,3.339460e-02,2.473663e-01,5.602729e-03,1.502339e-03,1.031532e-02,1.986900e-02,2.294680e-02,3.716798e-03,1.561432e-02
3.802103e-01,1.052631e-02,2.668849e-02,3.854145e-02,8.906870e-03,5.059084e-02,2.560819e-02,1.873713e-01,1.158926e-01,6.341184e-03,3.352425e-02,2.836202e-02,5.010724e-02,6.748836e-03,3.058014e-02
2.748776e-01,8.176582e-03,1.923474e-02,9.180781e-02,7.279743e-03,3.986880e-02,2.125103e-02,1.700015e-01,9.401064e-02,7.425178e-03,7.768586e-02,3.322557e-02,1.253756e-01,6.029400e-03,2.374995e-02
1.933212e-01,7.043689e-03,1.399950e-02,2.375992e-01,7.190848e-03,2.863761e-02,1.798370e-02,1.204732e-01,1.522745e-01,5.890845e-03,6.431986e-02,3.128684e-02,9.422657e-02,5.368344e-03,2.038405e-02
1.354487e-01,5.096599e-03,9.913858e-03,2.103566e-01,6.581512e-03,2.050096e-02,1.301860e-02,8.457619e-02,1.173049e-01,4.651899e-03,7.991946e-02,1.069339e-01,1.849843e-01,5.540125e-03,1.517238e-02
9.510221e-02,3.735792e-03,7.098938e-03,1.879258e-01,6.746737e-03,1.461972e-02,9.510996e-03,5.937724e-02,9.188457e-02,7.086997e-03,9.853901e-02,1.541278e-01,2.431334e-01,9.463708e-03,1.164718e-02
6.939846e-02,2.996453e-03,5.252924e-03,1.422244e-01,3.099371e-02,1.189476e-02,8.312887e-03,4.186660e-02,7.610451e-02,9.440541e-02,1.053208e-01,1.598350e-01,2.253328e-01,1.610920e-02,9.952145e-03
6.013089e-02,2.705115e-03,3.820539e-03,1.104375e-01,3.176161e-02,1.342056e-02,7.237550e-03,2.988815e-02,6.786802e-02,8.284696e-02,9.966956e-02,2.360136e-01,2.103790e-01,3.436909e-02,9.451975e-03
4.926451e-02,2.451936e-03,3.174063e-03,7.947650e-02,2.332281e-02,1.089578e-02,5.390799e-03,2.163614e-02,5.768709e-02,6.955914e-02,1.207829e-01,3.015311e-01,1.604979e-01,8.637527e-02,7.954135e-03
3.548590e-02,2.329800e-03,2.521205e-03,5.632618e-02,1.708405e-02,8.743238e-03,3.849606e-03,1.550846e-02,4.360734e-02,5.344679e-02,2.270843e-01,3.390361e-01,1.172004e-01,7.161462e-02,6.162036e-03
2.579386e-02,2.537766e-03,2.264946e-03,4.010029e-02,1.351056e-02,8.417556e-03,2.838599e-03,1.122489e-02,3.218348e-02,4.576399e-02,2.006670e-01,4.658651e-01,8.527826e-02,5.832897e-02,5.224687e-03
1.847671e-02,2.946929e-02,1.330510e-02,2.914611e-02,2.082624e-02,6.331401e-03,2.053734e-03,8.535853e-03,5.965384e-02,4.286154e-02,1.895644e-01,4.574810e-01,6.423062e-02,5.048325e-02,7.580895e-03
1.354556e-02,2.376187e-02,1.351433e-02,2.149586e-02,2.283645e-02,4.779392e-03,1.482213e-03,6.433722e-03,5.428883e-02,5.433770e-02,1.658853e-01,5.168832e-01,4.966991e-02,4.350698e-02,7.578734e-03
1.057763e-02,1.694477e-02,9.776338e-03,1.615199e-02,1.647213e-02,5.143074e-03,1.063261e-03,4.562508e-03,4.079039e-02,6.517351e-02,2.415050e-01,4.967947e-01,3.695487e-02,3.206202e-02,6.027840e-03
8.576012e-03,1.257855e-02,7.981756e-03,1.167078e-02,1.327725e-02,4.635287e-03,9.765883e-04,3.964229e-03,3.107385e-02,1.068329e-01,1.911543e-01,5.508972e-01,2.757140e-02,2.409969e-02,4.710234e-03
7.400931e-03,1.375615e-02,7.267536e-03,8.805263e-03,1.567846e-02,4.599464e-03,7.898336e-04,3.517251e-03,2.730608e-02,1.095526e-01,1.620319e-01,5.904645e-01,2.102911e-02,2.177722e-02,6.023779e-03
5.552920e-03,1.539222e-02,7.781357e-03,6.372271e-03,2.242902e-02,1.351794e-02,8.203117e-04,5.293068e-03,4.225326e-02,8.950760e-02,1.256335e-01,6.247503e-01,1.656897e-02,1.924376e-02,4.883532e-03
4.052809e-03,1.519953e-02,8.961937e-03,4.673410e-03,2.378432e-02,9.956285e-03,7.268388e-04,6.892073e-03,4.346571e-02,6.778082e-02,1.202767e-01,6.544102e-01,1.312636e-02,2.286596e-02,3.827014e-03
4.153928e-03,1.844386e-02,1.084796e-02,5.957018e-03,4.131762e-02,9.201748e-03,1.168936e-03,2.715058e-02,1.238959e-01,5.503299e-02,1.019410e-01,5.554634e-01,1.297589e-02,2.954094e-02,2.908285e-03
5.438387e-03,1.612415e-02,2.669470e-02,1.110865e-02,3.867316e-02,7.996625e-03,2.857358e-03,1.284236e-01,1.128597e-01,4.997490e-02,1.040828e-01,4.335830e-01,1.256172e-02,4.718558e-02,2.435728e-03
9.274623e-03,1.337218e-02,4.323897e-02,2.426881e-02,3.892466e-02,8.669488e-03,7.348178e-03,2.166566e-01,9.800918e-02,5.325177e-02,9.531334e-02,3.324233e-01,1.240699e-02,4.458488e-02,2.257024e-03
1.383494e-02,1.510208e-02,6.347625e-02,2.829225e-02,5.285870e-02,2.691830e-02,6.077713e-03,2.046392e-01,9.414071e-02,8.585940e-02,8.569701e-02,2.391451e-01,1.108639e-02,7.053695e-02,2.335028e-03
1.404013e-02,1.755670e-02,1.053727e-01,2.250464e-02,4.142669e-02,2.660053e-02,4.502933e-03,1.561234e-01,9.597169e-02,1.886402e-01,6.832949e-02,1.703086e-01,9.020082e-03,7.724568e-02,2.356624e-03
2.077617e-02,1.167790e-01,9.919854e-02,4.534536e-02,6.238863e-02,3.196570e-02,4.855411e-03,1.226658e-01,9.212833e-02,1.494039e-01,5.246834e-02,1.206098e-01,7.556378e-03,6.589167e-02,7.967018e-03
4.021199e-02,9.358797e-02,1.574642e-01,5.914465e-02,5.733970e-02,5.003239e-02,4.453626e-03,9.292184e-02,7.231303e-02,1.691429e-01,4.784221e-02,8.683110e-02,7.189984e-03,5.452574e-02,6.998749e-03
6.324561e-02,7.281407e-02,1.217761e-01,5.427122e-02,5.617933e-02,4.431408e-02,3.632826e-03,6.832347e-02,6.062172e-02,2.900061e-01,3.895617e-02,6.206514e-02,5.944638e-03,4.995325e-02,7.896332e-03
7.690474e-02,6.126831e-02,1.101211e-01,9.302737e-02,5.686944e-02,4.859716e-02,3.319667e-03,5.253140e-02,4.807791e-02,3.182180e-01,3.309020e-02,4.666105e-02,5.618139e-03,3.888191e-02,6.813657e-03
1.371967e-01,5.241933e-02,8.872396e-02,8.892712e-02,4.699570e-02,5.417493e-02,3.769018e-03,4.128168e-02,3.981235e-02,3.294451e-01,2.775954e-02,3.966917e-02,6.903247e-03,2.945113e-02,1.347111e-02
1.837514e-01,4.680654e-02,7.800785e-02,7.342238e-02,4.223248e-02,4.577951e-02,4.259403e-03,4.407233e-02,4.307458e-02,3.124704e-01,3.336493e-02,3.384587e-02,1.368552e-02,2.701150e-02,1.821529e-02
2.772315e-01,3.982810e-02,6.396385e-02,8.805780e-02,3.732271e-02,3.817533e-02,3.377884e-03,3.457585e-02,3.822017e-02,2.487503e-01,4.066001e-02,3.046674e-02,1.766930e-02,2.155985e-02,2.014065e-02
3.681381e-01,3.572504e-02,5.654638e-02,7.797094e-02,3.209570e-02,3.040284e-02,2.809146e-03,2.803408e-02,3.788393e-02,2.012451e-01,4.406976e-02,2.526564e-02,1.768201e-02,1.847260e-02,2.365872e-02
3.747414e-01,3.261610e-02,4.460502e-02,6.359798e-02,3.537178e-02,2.370388e-02,2.312505e-03,2.166681e-02,3.416415e-02,1.712371e-01,8.464383e-02,2.362817e-02,3.853074e-02,2.672164e-02,2.245884e-02
3.880709e-01,2.789904e-02,3.414130e-02,5.424300e-02,3.110952e-02,2.196609e-02,2.884568e-03,1.980357e-02,3.889794e-02,1.440149e-01,9.911434e-02,2.002810e-02,4.539494e-02,4.780690e-02,2.462493e-02
4.325050e-01,4.285924e-02,2.918083e-02,6.197031e-02,3.213063e-02,2.288237e-02,3.723336e-03,1.705142e-02,3.615635e-02,1.067569e-01,8.027653e-02,2.194287e-02,4.068123e-02,3.673449e-02,3.514852e-02
1.000000e+00,0.000000e+00,0.000000e+00,0.000000e+00,0.000000e+00,0.000000e+00,0.000000e+00,0.000000e+00,0.000000e+00,0.000000e+00,0.000000e+00,0.000000e+00,0.000000e+00,0.000000e+00,0.000000e+00
1.000000e+00,0.000000e+00,0.000000e+00,0.000000e+00,0.000000e+00,0.000000e+00,0.000000e+00,0.000000e+00,0.000000e+00,0.000000e+00,0.000000e+00,0.000000e+00,0.000000e+00,0.000000e+00,0.000000e+00
3.969337e-01,2.066344e-02,1.345199e-02,4.639643e-02,1.499100e-02,1.932148e-02,2.542471e-03,8.722007e-03,1.983012e-02,5.408198e-02,2.723108e-01,3.105008e-02,5.864551e-02,1.764243e-02,2.341657e-02
3.114262e-01,3.126270e-02,1.682790e-02,7.119282e-02,2.876403e-02,2.135945e-02,2.783190e-03,1.191227e-02,6.046145e-02,4.387106e-02,2.355985e-01,4.156195e-02,8.143862e-02,1.628123e-02,2.525862e-02
2.669502e-01,3.985291e-02,2.208529e-02,6.493946e-02,2.732227e-02,2.187403e-02,2.865224e-03,1.578329e-02,1.502060e-01,3.978145e-02,1.817669e-01,4.114939e-02,7.559757e-02,1.579629e-02,3.402965e-02
2.107254e-01,5.785986e-02,1.928891e-02,5.720249e-02,2.635378e-02,2.167056e-02,3.175716e-03,2.467582e-02,2.450786e-01,4.192518e-02,1.510162e-01,3.483444e-02,6.617293e-02,1.266926e-02,2.735082e-02
1.591062e-01,5.572062e-02,2.165329e-02,6.062096e-02,3.685515e-02,3.097021e-02,4.207700e-03,3.942246e-02,2.655024e-01,3.468886e-02,1.362884e-01,3.101508e-02,8.730371e-02,1.047703e-02,2.616794e-02
1.197148e-01,4.632781e-02,2.366800e-02,5.434335e-02,3.129546e-02,3.037595e-02,3.506163e-03,1.436227e-01,2.414012e-01,3.160924e-02,1.091396e-01,2.885462e-02,9.542726e-02,1.144353e-02,2.927030e-02
1.020994e-01,5.169218e-02,3.797919e-02,4.831146e-02,3.072437e-02,2.593460e-02,3.503693e-03,1.420216e-01,2.635397e-01,4.009866e-02,8.240853e-02,2.976989e-02,9.416059e-02,9.854735e-03,3.790151e-02
7.667775e-02,4.478458e-02,3.832964e-02,4.342570e-02,2.809432e-02,2.020613e-02,3.472780e-03,1.860538e-01,2.733419e-01,3.836294e-02,7.627114e-02,3.476473e-02,9.544209e-02,7.697120e-03,3.307549e-02
7.041716e-02,4.037998e-02,4.474979e-02,3.754553e-02,3.705831e-02,1.659676e-02,3.561757e-03,2.217171e-01,3.028049e-01,3.781668e-02,5.884552e-02,2.620780e-02,7.092112e-02,5.914603e-03,2.546294e-02
6.419615e-02,3.985554e-02,4.611140e-02,3.146137e-02,4.489910e-02,1.466024e-02,3.794885e-03,2.278379e-01,3.491216e-01,3.324457e-02,4.489905e-02,2.064481e-02,5.410764e-02,4.722659e-03,2.044306e-02
6.106252e-02,3.708151e-02,4.342051e-02,5.017751e-02,1.097222e-01,1.385415e-02,4.974271e-03,2.155017e-01,3.307641e-01,2.534211e-02,3.345988e-02,1.565889e-02,4.016124e-02,3.591849e-03,1.522751e-02
5.274526e-02,3.344106e-02,3.581181e-02,4.483767e-02,1.484720e-01,1.060006e-02,4.890336e-03,2.339779e-01,3.345379e-01,1.969895e-02,2.490295e-02,1.179518e-02,3.014316e-02,2.856642e-03,1.128907e-02
6.323067e-02,3.599340e-02,2.787531e-02,4.133736e-02,1.574743e-01,9.439410e-03,4.928295e-03,2.196072e-01,3.565484e-01,1.763131e-02,2.105984e-02,9.679052e-03,2.355832e-02,2.515300e-03,9.121820e-03
6.863501e-02,3.920041e-02,2.733182e-02,5.113829e-02,1.279857e-01,1.436371e-02,4.401674e-03,1.798331e-01,3.065356e-01,1.760072e-02,8.232681e-02,2.548420e-02,4.133913e-02,2.693827e-03,1.113009e-02
5.596691e-02,3.121189e-02,2.264220e-02,6.085681e-02,9.209974e-02,1.819633e-02,3.360763e-03,1.352439e-01,2.365996e-01,2.110851e-02,1.361396e-01,9.244572e-02,8.212588e-02,2.206985e-03,9.795144e-03
4.031937e-02,2.323131e-02,2.533416e-02,6.891789e-02,6.728158e-02,2.235912e-02,2.927460e-03,1.012676e-01,1.775415e-01,2.681927e-02,1.379427e-01,1.737053e-01,1.224605e-01,1.998396e-03,7.893994e-03
2.861093e-02,1.651824e-02,1.934307e-02,5.419551e-02,4.753621e-02,1.670225e-02,2.131816e-03,7.174924e-02,1.280735e-01,3.775590e-02,1.749960e-01,1.919289e-01,2.028122e-01,1.620599e-03,6.025591e-03
2.023413e-02,1.169360e-02,1.371165e-02,3.892760e-02,3.389995e-02,1.270529e-02,1.520464e-03,5.034047e-02,1.010476e-01,2.686469e-02,1.344866e-01,3.579285e-01,1.908634e-01,1.269729e-03,4.506402e-03
1.424944e-02,8.716850e-03,9.672337e-03,2.736398e-02,2.414881e-02,1.027030e-02,1.074293e-03,3.527105e-02,8.737233e-02,2.230793e-02,1.005249e-01,5.011735e-01,1.534097e-01,1.153219e-03,3.291395e-03
1.028811e-02,8.517335e-03,7.176026e-03,1.931493e-02,1.743429e-02,8.578258e-03,7.707258e-04,2.475579e-02,8.109950e-02,2.737550e-02,7.765894e-02,5.957688e-01,1.176929e-01,1.019185e-03,2.549692e-03
7.422450e-03,6.383420e-03,5.069825e-03,1.358620e-02,1.235248e-02,6.485018e-03,5.524747e-04,1.733977e-02,6.653987e-02,3.092873e-02,6.085670e-02,6.810553e-01,8.843357e-02,1.067605e-03,1.926573e-03
5.421778e-03,6.257804e-03,4.194257e-03,9.749232e-03,1.311911e-02,4.875259e-03,7.909074e-04,1.239882e-02,1.042851e-01,4.252423e-02,5.100278e-02,6.601585e-01,8.258118e-02,1.037002e-03,1.604063e-03
4.624041e-03,5.664132e-03,3.462064e-03,7.291771e-03,1.484910e-02,4.391878e-03,8.283317e-04,9.151530e-03,1.301574e-01,5.339867e-02,4.209201e-02,6.535053e-01,6.798123e-02,1.214779e-03,1.387676e-03
4.773656e-03,5.797384e-03,4.239466e-03,5.569131e-03,1.399099e-02,1.353251e-02,3.780075e-03,1.246571e-02,1.250834e-01,8.659431e-02,3.712357e-02,6.275903e-01,5.702754e-02,1.304013e-03,1.127904e-03
4.044367e-03,4.995666e-03,3.700636e-03,4.597140e-03,4.243099e-02,1.157969e-02,5.775068e-03,1.183022e-02,1.144933e-01,8.571427e-02,3.902951e-02,6.169801e-01,5.034801e-02,3.292638e-03,1.188397e-03
4.312543e-03,5.944716e-03,3.796166e-03,3.491839e-03,8.119661e-02,9.017467e-03,5.557385e-03,1.067808e-02,2.140717e-01,6.844836e-02,3.865799e-02,5.049278e-01,4.472645e-02,3.983126e-03,1.189826e-03
3.458600e-03,5.477082e-03,3.057795e-03,2.491432e-03,9.062417e-02,6.662183e-03,4.207544e-03,8.074743e-03,3.993316e-01,4.842936e-02,2.964500e-02,3.609783e-01,3.370845e-02,2.948858e-03,9.048884e-04
3.015813e-03,5.354713e-03,3.399964e-03,1.790511e-03,9.541848e-02,5.200461e-03,3.291528e-03,7.881637e-03,5.308861e-01,3.625438e-02,2.142627e-02,2.571443e-01,2.576829e-02,2.346202e-03,8.213379e-04
1.286777e-02,4.480783e-03,5.358468e-02,3.239040e-03,1.521370e-01,6.786282e-03,1.342396e-02,5.557986e-02,4.197692e-01,3.852271e-02,2.336018e-02,1.842703e-01,2.806696e-02,2.682112e-03,1.229149e-03
1.992076e-02,3.931793e-03,9.882785e-02,5.529664e-03,2.108183e-01,1.121516e-02,1.393979e-02,9.358943e-02,3.297133e-01,3.318920e-02,1.911597e-02,1.318890e-01,2.429013e-02,2.596026e-03,1.433639e-03
2.545897e-02,4.111241e-03,1.077836e-01,1.209269e-02,2.166557e-01,1.269851e-02,1.107550e-02,1.088676e-01,3.153273e-01,4.932330e-02,1.488470e-02,9.530924e-02,2.221272e-02,2.819378e-03,1.379470e-03
3.839893e-02,5.488303e-03,1.054679e-01,1.708806e-02,2.124772e-01,1.094771e-02,9.789523e-03,1.482792e-01,2.902873e-01,5.565418e-02,1.142790e-02,7.014332e-02,1.958836e-02,3.403377e-03,1.558868e-03
7.987469e-02,7.135385e-03,1.031109e-01,9.210551e-02,2.003301e-01,1.115118e-02,8.360938e-03,1.133357e-01,2.583315e-01,4.279318e-02,1.113795e-02,5.210523e-02,1.551240e-02,2.723200e-03,1.992109e-03
1.742323e-01,8.152684e-03,7.493308e-02,1.048761e-01,1.766559e-01,1.209088e-02,6.869069e-03,8.709162e-02,2.074220e-01,4.141767e-02,3.816107e-02,4.289246e-02,1.568235e-02,5.257772e-03,4.265115e-03
1.585671e-01,8.023486e-03,5.563489e-02,1.386880e-01,1.314592e-01,1.008641e-02,5.154768e-03,6.370411e-02,1.675376e-01,3.588748e-02,9.809644e-02,7.875603e-02,3.461626e-02,5.735420e-03,8.052886e-03
1.529843e-01,1.234168e-02,4.367542e-02,1.275112e-01,9.574278e-02,8.247498e-03,3.905025e-03,4.888100e-02,1.631447e-01,3.351448e-02,1.319683e-01,9.470667e-02,6.580000e-02,6.898683e-03,1.067832e-02
1.166056e-01,1.718055e-02,3.202144e-02,1.091996e-01,6.931200e-02,6.964413e-03,2.870261e-03,3.480805e-02,2.297817e-01,3.845862e-02,1.304504e-01,9.128354e-02,8.047311e-02,1.601295e-02,2.457776e-02
1.356282e-01,1.919753e-02,2.515516e-02,1.009465e-01,5.030347e-02,1.063764e-02,2.292798e-03,2.943296e-02,2.362006e-01,3.289000e-02,1.247541e-01,8.873887e-02,9.502631e-02,2.447740e-02,2.431838e-02
1.255356e-01,2.406592e-02,1.876990e-02,9.447040e-02,3.747949e-02,1.291474e-02,1.817194e-03,2.146217e-02,2.234767e-01,4.502170e-02,1.861857e-01,7.971171e-02,7.463139e-02,3.258242e-02,2.187489e-02
1.562679e-01,2.493154e-02,1.497846e-02,8.545680e-02,3.256426e-02,1.243232e-02,1.472907e-03,1.610220e-02,1.926021e-01,4.784357e-02,2.157615e-01,7.756061e-02,6.083016e-02,4.221219e-02,1.898343e-02
1.448205e-01,2.521131e-02,1.450855e-02,7.545720e-02,3.352616e-02,2.065216e-02,1.464887e-03,2.278252e-02,1.762949e-01,4.991768e-02,2.395026e-01,9.107707e-02,5.076142e-02,3.854081e-02,1.548224e-02
1.037763e-01,1.839369e-02,1.050157e-02,5.780135e-02,2.552488e-02,1.500784e-02,1.233604e-03,1.654357e-02,1.422906e-01,4.083201e-02,4.131502e-01,7.430811e-02,3.886456e-02,3.046085e-02,1.131088e-02
8.011588e-02,1.607280e-02,7.769234e-03,4.139987e-02,2.348354e-02,1.119919e-02,1.265882e-03,1.376190e-02,1.382265e-01,3.158542e-02,5.027162e-01,6.782776e-02,2.892505e-02,2.715059e-02,8.500152e-03
5.821361e-02,2.861893e-02,8.268160e-03,2.973275e-02,3.446696e-02,1.082961e-02,1.572084e-03,1.302176e-02,2.712791e-01,3.430178e-02,4.017238e-01,5.440862e-02,2.112394e-02,2.574055e-02,6.698398e-03
4.615570e-02,5.199571e-02,1.048569e-02,2.176429e-02,5.733263e-02,1.552372e-02,2.283600e-03,1.649555e-02,3.220642e-01,3.420150e-02,3.330276e-01,4.158489e-02,1.535738e-02,2.555904e-02,6.168554e-03
3.854603e-02,6.493151e-02,1.262897e-02,2.410230e-02,1.511200e-01,1.716790e-02,2.695214e-03,2.008707e-02,3.200467e-01,2.578332e-02,2.539369e-01,3.269362e-02,1.137693e-02,1.972363e-02,5.160003e-03
3.018397e-02,7.421970e-02,1.043325e-02,1.884756e-02,1.567232e-01,1.705072e-02,2.972871e-03,1.590291e-02,3.561581e-01,6.251402e-02,1.890995e-01,2.662619e-02,8.602647e-03,1.927585e-02,1.138960e-02
4.664215e-02,9.027412e-02,1.606528e-02,1.463315e-02,1.280833e-01,2.241633e-02,2.645281e-03,1.729994e-02,3.610211e-01,5.754702e-02,1.730781e-01,2.172544e-02,6.960593e-03,2.761427e-02,1.399399e-02
8.006184e-02,7.938602e-02,5.506032e-02,2.226203e-02,1.255925e-01,3.721485e-02,3.561027e-03,3.408947e-02,3.142467e-01,4.950445e-02,1.344071e-01,1.767422e-02,6.521747e-03,2.749390e-02,1.292377e-02
1.481992e-01,7.641089e-02,6.607317e-02,2.219405e-02,1.051966e-01,4.079733e-02,3.776358e-03,3.538281e-02,2.506315e-01,6.638496e-02,1.038241e-01,1.627704e-02,5.700496e-03,4.012784e-02,1.902375e-02
1.381539e-01,6.924331e-02,1.201555e-01,2.916974e-02,1.038585e-01,3.168874e-02,3.489672e-03,4.110327e-02,2.172973e-01,7.574388e-02,8.110391e-02,1.609862e-02,6.014572e-03,3.797207e-02,2.890712e-02
1.418206e-01,5.372578e-02,1.132728e-01,3.142133e-02,1.029658e-01,2.483461e-02,3.283106e-03,5.416920e-02,1.765846e-01,1.558038e-01,6.091754e-02,1.481300e-02,5.240633e-03,3.666023e-02,2.448702e-02
1.639527e-01,4.584666e-02,1.507306e-01,4.324545e-02,1.016095e-01,1.851863e-02,2.616346e-03,5.646738e-02,1.433522e-01,1.538979e-01,4.499884e-02,1.140032e-02,4.144666e-03,3.925757e-02,1.996145e-02
1.818012e-01,3.741768e-02,1.647171e-01,4.704182e-02,1.198329e-01,1.420477e-02,2.318988e-03,7.571160e-02,1.165857e-01,1.303979e-01,3.506279e-02,1.063444e-02,4.559419e-03,3.680965e-02,2.290402e-02
2.333883e-01,3.140021e-02,1.474438e-01,4.574858e-02,1.103624e-01,1.185754e-02,2.082038e-03,9.686619e-02,1.104438e-01,9.843038e-02,2.967546e-02,1.132730e-02,6.858040e-03,3.869985e-02,2.541623e-02
2.665936e-01,3.156392e-02,1.559684e-01,3.468668e-02,8.285005e-02,1.012730e-02,2.024860e-03,1.566273e-01,8.735329e-02,7.643892e-02,2.331501e-02,9.849982e-03,6.066849e-03,3.418897e-02,2.234486e-02
2.720662e-01,2.987563e-02,1.556951e-01,3.144019e-02,8.177099e-02,1.084328e-02,1.905740e-03,2.054238e-01,6.731108e-02,6.086403e-02,2.129365e-02,8.973239e-03,6.018947e-03,2.830381e-02,1.821427e-02
3.144226e-01,3.364431e-02,1.540232e-01,2.901941e-02,9.032632e-02,1.879120e-02,2.198905e-03,1.675879e-01,5.216581e-02,5.814751e-02,2.077900e-02,7.866506e-03,5.882785e-03,2.635029e-02,1.879432e-02
3.085502e-01,4.469151e-02,1.380487e-01,4.270197e-02,1.192867e-01,3.017006e-02,5.681341e-03,1.427891e-01,4.194033e-02,5.084024e-02,2.068138e-02,6.982175e-03,5.721319e-03,2.645221e-02,1.546283e-02
3.319859e-01,5.109427e-02,1.219654e-01,4.340427e-02,1.158738e-01,3.463584e-02,6.412979e-03,1.217458e-01,3.668812e-02,4.994879e-02,2.039001e-02,7.052527e-03,6.142587e-03,3.769565e-02,1.496413e-02
2.921720e-01,6.146342e-02,1.545512e-01,4.800850e-02,1.292956e-01,3.476120e-02,7.743065e-03,1.129133e-01,3.724625e-02,4.267215e-02,1.893504e-02,7.529411e-03,6.373791e-03,3.223939e-02,1.409579e-02
2.394981e-01,6.669427e-02,1.649475e-01,4.111713e-02,1.548322e-01,3.103583e-02,1.074514e-02,1.334756e-01,4.042979e-02,3.872481e-02,1.450463e-02,5.894526e-03,5.793415e-03,4.160692e-02,1.070013e-02
2.133861e-01,9.315173e-02,1.818153e-01,3.228971e-02,1.468620e-01,2.921025e-02,1.142800e-02,1.235704e-01,5.390705e-02,3.505511e-02,1.162406e-02,4.813476e-03,8.765804e-03,4.572029e-02,8.400852e-03
2.008520e-01,1.001456e-01,1.539685e-01,2.459685e-02,1.278748e-01,4.138744e-02,9.766266e-03,9.479698e-02,6.120468e-02,4.350460e-02,1.460333e-02,1.761001e-02,2.582849e-02,7.335958e-02,1.050087e-02
2.089902e-01,9.623983e-02,1.334946e-01,1.923522e-02,1.296663e-01,4.936700e-02,8.596051e-03,8.047071e-02,6.943978e-02,3.567175e-02,2.265986e-02,3.303808e-02,3.649461e-02,6.620613e-02,1.042994e-02
2.196108e-01,8.906265e-02,1.088530e-01,1.512535e-02,1.312870e-01,4.962684e-02,7.075065e-03,5.811131e-02,8.103533e-02,3.027413e-02,2.321152e-02,5.084321e-02,4.720088e-02,5.825529e-02,3.042759e-02
2.089789e-01,8.880800e-02,8.939528e-02,1.237950e-02,1.201807e-01,4.802231e-02,6.693963e-03,4.371021e-02,9.157401e-02,3.894433e-02,2.202845e-02,6.529219e-02,5.125894e-02,5.473641e-02,5.799676e-02
1.827583e-01,6.603851e-02,6.400941e-02,1.231706e-02,8.696957e-02,2.258537e-01,5.515722e-03,3.155997e-02,6.621412e-02,3.215862e-02,3.200611e-02,6.753324e-02,3.898907e-02,3.951978e-02,4.855673e-02
1.515463e-01,4.978992e-02,4.592036e-02,1.010912e-02,6.152668e-02,2.918788e-01,4.319819e-03,2.327071e-02,4.876538e-02,2.899137e-02,1.154532e-01,5.711572e-02,3.478334e-02,3.670314e-02,3.982613e-02
1.514235e-01,5.559588e-02,3.622657e-02,1.288697e-02,4.640773e-02,2.645725e-01,3.656287e-03,1.713854e-02,3.957659e-02,8.392894e-02,1.253259e-01,6.164951e-02,3.250085e-02,2.966294e-02,3.944724e-02
1.734365e-01,9.137250e-02,2.746337e-02,1.221504e-02,3.378400e-02,1.992986e-01,2.702107e-03,1.268172e-02,3.510897e-02,1.170275e-01,1.506900e-01,5.641478e-02,2.604806e-02,2.678856e-02,3.496829e-02
1.730037e-01,1.163087e-01,2.151371e-02,1.203935e-02,2.571572e-02,1.473021e-01,2.012054e-03,9.884053e-03,5.053590e-02,1.737892e-01,1.402669e-01,4.919627e-02,1.989095e-02,2.505585e-02,3.348555e-02
1.520920e-01,1.083595e-01,1.966131e-02,9.634249e-03,2.025575e-02,1.122305e-01,1.550293e-03,9.835213e-03,5.792095e-02,2.878450e-01,1.171066e-01,3.735554e-02,1.504530e-02,2.413711e-02,2.697077e-02
1.093764e-01,7.939898e-02,1.415330e-02,7.396735e-03,1.456853e-02,8.089495e-02,1.118185e-03,7.002473e-03,5.155173e-02,4.295193e-01,1.101375e-01,3.910537e-02,1.189932e-02,2.352171e-02,2.035557e-02
8.638811e-02,7.506202e-02,1.568687e-02,1.852338e-02,1.393790e-02,6.468444e-02,9.322187e-04,5.847820e-03,7.604460e-02,3.706125e-01,1.679133e-01,4.944806e-02,1.007078e-02,2.704425e-02,1.780372e-02
6.554206e-02,8.441179e-02,1.410667e-02,2.069028e-02,1.050382e-02,5.100229e-02,7.713829e-04,4.626859e-03,1.039324e-01,3.729659e-01,1.548316e-01,5.824420e-02,9.248341e-03,3.307270e-02,1.604967e-02
4.843790e-02,7.964449e-02,1.128451e-02,1.549527e-02,7.723254e-03,3.778764e-02,5.664531e-04,3.600624e-03,9.606466e-02,4.739695e-01,1.240944e-01,4.768172e-02,9.921224e-03,3.028813e-02,1.344022e-02
4.111865e-02,7.666615e-02,1.180279e-02,1.223915e-02,5.828923e-03,2.747336e-02,4.759615e-04,3.097176e-03,9.241143e-02,5.109439e-01,1.211049e-01,3.682001e-02,1.619176e-02,3.235690e-02,1.146896e-02
3.647302e-02,5.908833e-02,9.445420e-03,9.400192e-03,6.521138e-03,2.443270e-02,7.493807e-04,5.699370e-03,7.154936e-02,5.763909e-01,1.074403e-01,2.728399e-02,2.627904e-02,2.866908e-02,1.057778e-02
3.820830e-02,5.720671e-02,8.703687e-03,9.180728e-03,7.992534e-03,2.139905e-02,1.034760e-03,9.284876e-03,5.764881e-02,6.138362e-01,8.304847e-02,2.065184e-02,2.918117e-02,2.515782e-02,1.746500e-02
3.530673e-02,6.085103e-02,1.759837e-02,1.407870e-02,6.345951e-02,6.047202e-02,2.947527e-03,2.706513e-02,5.855935e-02,5.080782e-01,6.311546e-02,1.629992e-02,2.759189e-02,2.336005e-02,2.121604e-02
3.648712e-02,5.270056e-02,3.422711e-02,2.797513e-02,1.039642e-01,9.412956e-02,3.737068e-03,4.066930e-02,5.239531e-02,4.176483e-01,4.807551e-02,1.537131e-02,3.187532e-02,1.789427e-02,2.284987e-02
4.063500e-02,7.654543e-02,3.974796e-02,4.071246e-02,9.046395e-02,9.273072e-02,3.752481e-03,3.860367e-02,4.891025e-02,3.809804e-01,3.663462e-02,1.351148e-02,3.073553e-02,1.446294e-02,5.157305e-02
4.171262e-02,6.966998e-02,1.629631e-01,3.829136e-02,7.895949e-02,7.570133e-02,5.519234e-03,3.882927e-02,4.844019e-02,2.937673e-01,2.714489e-02,1.087718e-02,2.440506e-02,1.263419e-02,7.108474e-02
4.625181e-02,6.942152e-02,2.520757e-01,3.280102e-02,7.218947e-02,5.496186e-02,8.563559e-03,4.279048e-02,4.282853e-02,2.288971e-01,1.975578e-02,8.277973e-03,1.890523e-02,1.060284e-02,9.167702e-02
6.922154e-02,6.449048e-02,2.049382e-01,2.703041e-02,8.720994e-02,4.194631e-02,7.744331e-03,4.181023e-02,4.777753e-02,2.536522e-01,1.531180e-02,7.055699e-03,1.829096e-02,1.924067e-02,9.427969e-02
9.127891e-02,5.766530e-02,1.677800e-01,2.322315e-02,9.368877e-02,4.081465e-02,9.597322e-03,5.195464e-02,5.125780e-02,2.857475e-01,1.153237e-02,6.524399e-03,1.670148e-02,1.663488e-02,7.559887e-02
9.532432e-02,7.968053e-02,1.751060e-01,9.657348e-02,7.257093e-02,3.756206e-02,7.992097e-03,4.231606e-02,4.340439e-02,2.222128e-01,1.179651e-02,1.219577e-02,1.814035e-02,1.218749e-02,7.293722e-02
2.264773e-01,6.454971e-02,1.323700e-01,7.694753e-02,5.621876e-02,3.384618e-02,7.668674e-03,3.672487e-02,3.971198e-02,1.807659e-01,2.036095e-02,1.282767e-02,3.819892e-02,1.017789e-02,6.315374e-02
3.352485e-01,5.143525e-02,9.565172e-02,5.867321e-02,4.503750e-02,2.957346e-02,6.445632e-03,3.107325e-02,3.905345e-02,1.545030e-01,2.743210e-02,1.626099e-02,4.791569e-02,8.933328e-03,5.276290e-02
2.970459e-01,6.883437e-02,6.942292e-02,7.510135e-02,3.921997e-02,2.765791e-02,6.606499e-03,2.407430e-02,7.270852e-02,1.353267e-01,2.843476e-02,2.755434e-02,6.454781e-02,1.015275e-02,5.331192e-02
2.746533e-01,6.459334e-02,5.032742e-02,6.641332e-02,3.096494e-02,2.877343e-02,5.803974e-03,1.907579e-02,6.942687e-02,1.101876e-01,3.746245e-02,5.544502e-02,1.235985e-01,1.187219e-02,5.140182e-02
3.530490e-01,5.178746e-02,3.625656e-02,5.721274e-02,2.615326e-02,2.541918e-02,5.143014e-03,1.486193e-02,6.183099e-02,9.429905e-02,3.517440e-02,4.788826e-02,1.113064e-01,1.168518e-02,6.793262e-02
3.227205e-01,6.750110e-02,3.829475e-02,1.022651e-01,2.377819e-02,2.064065e-02,4.628159e-03,1.293398e-02,7.332893e-02,7.292044e-02,3.249598e-02,4.401755e-02,9.950465e-02,1.497178e-02,6.999832e-02
3.438558e-01,5.896769e-02,3.386311e-02,8.625410e-02,2.080824e-02,1.809344e-02,4.343702e-03,1.111568e-02,6.900226e-02,6.443083e-02,3.228275e-02,4.478075e-02,9.594289e-02,2.342694e-02,9.283179e-02
3.790433e-01,4.992932e-02,3.220453e-02,7.456338e-02,1.766770e-02,1.577553e-02,3.840444e-03,9.064601e-03,7.207167e-02,7.016656e-02,2.934122e-02,4.058140e-02,8.111960e-02,2.295800e-02,1.016728e-01
4.149383e-01,4.054867e-02,2.513517e-02,6.659147e-02,1.990602e-02,1.524285e-02,4.198439e-03,9.331063e-03,9.238914e-02,5.380881e-02,3.326867e-02,4.750889e-02,7.754070e-02,1.866289e-02,8.092888e-02
4.194727e-01,3.437008e-02,2.409816e-02,6.437736e-02,3.135283e-02,1.399842e-02,5.015202e-03,3.660522e-02,8.992611e-02,3.978911e-02,2.805141e-02,3.780603e-02,6.107670e-02,1.490468e-02,9.915602e-02
4.053687e-01,3.177491e-02,1.974391e-02,1.714661e-01,2.574155e-02,1.711183e-02,3.801649e-03,2.779231e-02,7.284095e-02,3.067123e-02,2.134852e-02,2.972269e-02,4.522822e-02,1.087309e-02,8.651438e-02
3.184709e-01,4.193058e-02,2.358109e-02,2.758331e-01,2.028758e-02,1.547310e-02,2.802370e-03,2.020531e-02,6.256750e-02,2.769591e-02,2.062870e-02,2.325328e-02,3.446049e-02,8.061928e-03,1.047481e-01
3.181122e-01,4.241082e-02,2.142796e-02,2.368191e-01,2.485142e-02,1.400425e-02,3.006148e-03,1.836505e-02,7.007045e-02,2.973429e-02,2.987783e-02,2.398984e-02,3.147527e-02,7.305939e-03,1.285494e-01
3.360951e-01,4.378539e-02,1.912022e-02,1.919925e-01,3.409794e-02,1.369840e-02,4.226472e-03,1.775884e-02,5.773012e-02,2.407309e-02,2.746578e-02,2.314891e-02,2.946900e-02,7.182581e-03,1.701557e-01
2.696516e-01,4.014105e-02,2.078590e-02,1.514680e-01,2.535500e-02,1.064032e-02,3.080903e-03,1.330918e-02,8.711067e-02,3.617112e-02,2.418803e-02,1.786116e-02,2.390772e-02,6.899832e-03,2.694295e-01
3.007742e-01,3.245422e-02,1.653472e-02,1.096646e-01,2.406387e-02,1.029065e-02,2.385631e-03,1.061225e-02,7.949082e-02,3.088496e-02,2.388975e-02,1.705264e-02,5.695429e-02,1.491403e-02,2.700333e-01
3.426560e-01,2.934875e-02,1.325988e-02,8.006658e-02,2.567491e-02,9.288609e-03,2.078776e-03,1.047175e-02,8.078030e-02,2.461663e-02,2.593333e-02,1.528966e-02,6.262791e-02,2.136014e-02,2.565467e-01
4.209191e-01,3.074608e-02,1.244924e-02,6.444143e-02,2.778148e-02,9.750094e-03,2.180504e-03,1.374550e-02,7.580807e-02,1.809382e-02,2.563113e-02,1.470891e-02,6.550045e-02,1.850623e-02,1.997379e-01
4.368277e-01,2.541567e-02,1.157564e-02,4.933004e-02,2.734094e-02,1.036822e-02,2.626153e-03,4.162509e-02,6.953971e-02,1.486694e-02,2.939975e-02,1.552283e-02,8.899381e-02,1.969742e-02,1.568701e-01
