1.000000e+00,0.000000e+00,0.000000e+00,0.000000e+00,0.000000e+00,0.000000e+00,0.000000e+00,0.000000e+00,0.000000e+00,0.000000e+00,0.000000e+00,0.000000e+00,0.000000e+00,0.000000e+00,0.000000e+00
1.000000e+00,0.000000e+00,0.000000e+00,0.000000e+00,0.000000e+00,0.000000e+00,0.000000e+00,0.000000e+00,0.000000e+00,0.000000e+00,0.000000e+00,0.000000e+00,0.000000e+00,0.000000e+00,0.000000e+00
1.000000e+00,0.000000e+00,0.000000e+00,0.000000e+00,0.000000e+00,0.000000e+00,0.000000e+00,0.000000e+00,0.000000e+00,0.000000e+00,0.000000e+00,0.000000e+00,0.000000e+00,0.000000e+00,0.000000e+00
1.000000e+00,0.000000e+00,0.000000e+00,0.000000e+00,0.000000e+00,0.000000e+00,0.000000e+00,0.000000e+00,0.000000e+00,0.000000e+00,0.000000e+00,0.000000e+00,0.000000e+00,0.000000e+00,0.000000e+00
1.000000e+00,0.000000e+00,0.000000e+00,0.000000e+00,0.000000e+00,0.000000e+00,0.000000e+00,0.000000e+00,0.000000e+00,0.000000e+00,0.000000e+00,0.000000e+00,0.000000e+00,0.000000e+00,0.000000e+00
1.000000e+00,0.000000e+00,0.000000e+00,0.000000e+00,0.000000e+00,0.000000e+00,0.000000e+00,0.000000e+00,0.000000e+00,0.000000e+00,0.000000e+00,0.000000e+00,0.000000e+00,0.000000e+00,0.000000e+00
1.000000e+00,0.000000e+00,0.000000e+00,0.000000e+00,0.000000e+00,0.000000e+00,0.000000e+00,0.000000e+00,0.000000e+00,0.000000e+00,0.000000e+00,0.000000e+00,0.000000e+00,0.000000e+00,0.000000e+00
1.000000e+00,0.000000e+00,0.000000e+00,0.000000e+00,0.000000e+00,0.000000e+00,0.000000e+00,0.000000e+00,0.000000e+00,0.000000e+00,0.000000e+00,0.000000e+00,0.000000e+00,0.000000e+00,0.000000e+00
1.000000e+00,0.000000e+00,0.000000e+00,0.000000e+00,0.000000e+00,0.000000e+00,0.000000e+00,0.000000e+00,0.000000e+00,0.000000e+00,0.000000e+00,0.000000e+00,0.000000e+00,0.000000e+00,0.000000e+00
1.000000e+00,0.000000e+00,0.000000e+00,0.000000e+00,0.000000e+00,0.000000e+00,0.000000e+00,0.000000e+00,0.000000e+00,0.000000e+00,0.000000e+00,0.000000e+00,0.000000e+00,0.000000e+00,0.000000e+00
1.000000e+00,0.000000e+00,0.000000e+00,0.000000e+00,0.000000e+00,0.000000e+00,0.000000e+00,0.000000e+00,0.000000e+00,0.000000e+00,0.000000e+00,0.000000e+00,0.000000e+00,0.000000e+00,0.000000e+00
1.000000e+00,0.000000e+00,0.000000e+00,0.000000e+00,0.000000e+00,0.000000e+00,0.000000e+00,0.000000e+00,0.000000e+00,0.000000e+00,0.000000e+00,0.000000e+00,0.000000e+00,0.000000e+00,0.000000e+00
1.000000e+00,0.000000e+00,0.000000e+00,0.000000e+00,0.000000e+00,0.000000e+00,0.000000e+00,0.000000e+00,0.000000e+00,0.000000e+00,0.000000e+00,0.000000e+00,0.000000e+00,0.000000e+00,0.000000e+00
1.000000e+00,0.000000e+00,0.000000e+00,0.000000e+00,0.000000e+00,0.000000e+00,0.000000e+00,0.000000e+00,0.000000e+00,0.000000e+00,0.000000e+00,0.000000e+00,0.000000e+00,0.000000e+00,0.000000e+00
1.000000e+00,0.000000e+00,0.000000e+00,0.000000e+00,0.000000e+00,0.000000e+00,0.000000e+00,0.000000e+00,0.000000e+00,0.000000e+00,0.000000e+00,0.000000e+00,0.000000e+00,0.000000e+00,0.000000e+00
1.000000e+00,0.000000e+00,0.000000e+00,0.000000e+00,0.000000e+00,0.000000e+00,0.000000e+00,0.000000e+00,0.000000e+00,0.000000e+00,0.000000e+00,0.000000e+00,0.000000e+00,0.000000e+00,0.000000e+00
1.000000e+00,0.000000e+00,0.000000e+00,0.000000e+00,0.000000e+00,0.000000e+00,0.000000e+00,0.000000e+00,0.000000e+00,0.000000e+00,0.000000e+00,0.000000e+00,0.000000e+00,0.000000e+00,0.000000e+00
1.000000e+00,0.000000e+00,0.000000e+00,0.000000e+00,0.000000e+00,0.000000e+00,0.000000e+00,0.000000e+00,0.000000e+00,0.000000e+00,0.000000e+00,0.000000e+00,0.000000e+00,0.000000e+00,0.000000e+00
1.000000e+00,0.000000e+00,0.000000e+00,0.000000e+00,0.000000e+00,0.000000e+00,0.000000e+00,0.000000e+00,0.000000e+00,0.000000e+00,0.000000e+00,0.000000e+00,0.000000e+00,0.000000e+00,0.000000e+00
1.000000e+00,0.000000e+00,0.000000e+00,0.000000e+00,0.000000e+00,0.000000e+00,0.000000e+00,0.000000e+00,0.000000e+00,0.000000e+00,0.000000e+00,0.000000e+00,0.000000e+00,0.000000e+00,0.000000e+00
1.000000e+00,0.000000e+00,0.000000e+00,0.000000e+00,0.000000e+00,0.000000e+00,0.000000e+00,0.000000e+00,0.000000e+00,0.000000e+00,0.000000e+00,0.000000e+00,0.000000e+00,0.000000e+00,0.000000e+00
1.000000e+00,0.000000e+00,0.000000e+00,0.000000e+00,0.000000e+00,0.000000e+00,0.000000e+00,0.000000e+00,0.000000e+00,0.000000e+00,0.000000e+00,0.000000e+00,0.000000e+00,0.000000e+00,0.000000e+00
1.000000e+00,0.000000e+00,0.000000e+00,0.000000e+00,0.000000e+00,0.000000e+00,0.000000e+00,0.000000e+00,0.000000e+00,0.000000e+00,0.000000e+00,0.000000e+00,0.000000e+00,0.000000e+00,0.000000e+00
1.000000e+00,0.000000e+00,0.000000e+00,0.000000e+00,0.000000e+00,0.000000e+00,0.000000e+00,0.000000e+00,0.000000e+00,0.000000e+00,0.000000e+00,0.000000e+00,0.000000e+00,0.000000e+00,0.000000e+00
1.000000e+00,0.000000e+00,0.000000e+00,0.000000e+00,0.000000e+00,0.000000e+00,0.000000e+00,0.000000e+00,0.000000e+00,0.000000e+00,0.000000e+00,0.000000e+00,0.000000e+00,0.000000e+00,0.000000e+00
1.000000e+00,0.000000e+00,0.000000e+00,0.000000e+00,0.000000e+00,0.000000e+00,0.000000e+00,0.000000e+00,0.000000e+00,0.000000e+00,0.000000e+00,0.000000e+00,0.000000e+00,0.000000e+00,0.000000e+00
1.000000e+00,0.000000e+00,0.000000e+00,0.000000e+00,0.000000e+00,0.000000e+00,0.000000e+00,0.000000e+00,0.000000e+00,0.000000e+00,0.000000e+00,0.000000e+00,0.000000e+00,0.000000e+00,0.000000e+00
1.000000e+00,0.000000e+00,0.000000e+00,0.000000e+00,0.000000e+00,0.000000e+00,0.000000e+00,0.000000e+00,0.000000e+00,0.000000e+00,0.000000e+00,0.000000e+00,0.000000e+00,0.000000e+00,0.000000e+00
1.000000e+00,0.000000e+00,0.000000e+00,0.000000e+00,0.000000e+00,0.000000e+00,0.000000e+00,0.000000e+00,0.000000e+00,0.000000e+00,0.000000e+00,0.000000e+00,0.000000e+00,0.000000e+00,0.000000e+00
1.000000e+00,0.000000e+00,0.000000e+00,0.000000e+00,0.000000e+00,0.000000e+00,0.000000e+00,0.000000e+00,0.000000e+00,0.000000e+00,0.000000e+00,0.000000e+00,0.000000e+00,0.000000e+00,0.000000e+00
1.000000e+00,0.000000e+00,0.000000e+00,0.000000e+00,0.000000e+00,0.000000e+00,0.000000e+00,0.000000e+00,0.000000e+00,0.000000e+00,0.000000e+00,0.000000e+00,0.000000e+00,0.000000e+00,0.000000e+00
1.000000e+00,0.000000e+00,0.000000e+00,0.000000e+00,0.000000e+00,0.000000e+00,0.000000e+00,0.000000e+00,0.000000e+00,0.000000e+00,0.000000e+00,0.000000e+00,0.000000e+00,0.000000e+00,0.000000e+00
1.000000e+00,0.000000e+00,0.000000e+00,0.000000e+00,0.000000e+00,0.000000e+00,0.000000e+00,0.000000e+00,0.000000e+00,0.000000e+00,0.000000e+00,0.000000e+00,0.000000e+00,0.000000e+00,0.000000e+00
1.000000e+00,0.000000e+00,0.000000e+00,0.000000e+00,0.000000e+00,0.000000e+00,0.000000e+00,0.000000e+00,0.000000e+00,0.000000e+00,0.000000e+00,0.000000e+00,0.000000e+00,0.000000e+00,0.000000e+00
1.000000e+00,0.000000e+00,0.000000e+00,0.000000e+00,0.000000e+00,0.000000e+00,0.000000e+00,0.000000e+00,0.000000e+00,0.000000e+00,0.000000e+00,0.000000e+00,0.000000e+00,0.000000e+00,0.000000e+00
1.000000e+00,0.000000e+00,0.000000e+00,0.000000e+00,0.000000e+00,0.000000e+00,0.000000e+00,0.000000e+00,0.000000e+00,0.000000e+00,0.000000e+00,0.000000e+00,0.000000e+00,0.000000e+00,0.000000e+00
1.000000e+00,0.000000e+00,0.000000e+00,0.000000e+00,0.000000e+00,0.000000e+00,0.000000e+00,0.000000e+00,0.000000e+00,0.000000e+00,0.000000e+00,0.000000e+00,0.000000e+00,0.000000e+00,0.000000e+00
1.000000e+00,0.000000e+00,0.000000e+00,0.000000e+00,0.000000e+00,0.000000e+00,0.000000e+00,0.000000e+00,0.000000e+00,0.000000e+00,0.000000e+00,0.000000e+00,0.000000e+00,0.000000e+00,0.000000e+00
1.000000e+00,0.000000e+00,0.000000e+00,0.000000e+00,0.000000e+00,0.000000e+00,0.000000e+00,0.000000e+00,0.000000e+00,0.000000e+00,0.000000e+00,0.000000e+00,0.000000e+00,0.000000e+00,0.000000e+00
1.000000e+00,0.000000e+00,0.000000e+00,0.000000e+00,0.000000e+00,0.000000e+00,0.000000e+00,0.000000e+00,0.000000e+00,0.000000e+00,0.000000e+00,0.000000e+00,0.000000e+00,0.000000e+00,0.000000e+00
1.000000e+00,0.000000e+00,0.000000e+00,0.000000e+00,0.000000e+00,0.000000e+00,0.000000e+00,0.000000e+00,0.000000e+00,0.000000e+00,0.000000e+00,0.000000e+00,0.000000e+00,0.000000e+00,0.000000e+00
1.000000e+00,0.000000e+00,0.000000e+00,0.000000e+00,0.000000e+00,0.000000e+00,0.000000e+00,0.000000e+00,0.000000e+00,0.000000e+00,0.000000e+00,0.000000e+00,0.000000e+00,0.000000e+00,0.000000e+00
1.000000e+00,0.000000e+00,0.000000e+00,0.000000e+00,0.000000e+00,0.000000e+00,0.000000e+00,0.000000e+00,0.000000e+00,0.000000e+00,0.000000e+00,0.000000e+00,0.000000e+00,0.000000e+00,0.000000e+00
1.000000e+00,0.000000e+00,0.000000e+00,0.000000e+00,0.000000e+00,0.000000e+00,0.000000e+00,0.000000e+00,0.000000e+00,0.000000e+00,0.000000e+00,0.000000e+00,0.000000e+00,0.000000e+00,0.000000e+00
1.000000e+00,0.000000e+00,0.000000e+00,0.000000e+00,0.000000e+00,0.000000e+00,0.000000e+00,0.000000e+00,0.000000e+00,0.000000e+00,0.000000e+00,0.000000e+00,0.000000e+00,0.000000e+00,0.000000e+00
1.000000e+00,0.000000e+00,0.000000e+00,0.000000e+00,0.000000e+00,0.000000e+00,0.000000e+00,0.000000e+00,0.000000e+00,0.000000e+00,0.000000e+00,0.000000e+00,0.000000e+00,0.000000e+00,0.000000e+00
1.000000e+00,0.000000e+00,0.000000e+00,0.000000e+00,0.000000e+00,0.000000e+00,0.000000e+00,0.000000e+00,0.000000e+00,0.000000e+00,0.000000e+00,0.000000e+00,0.000000e+00,0.000000e+00,0.000000e+00
1.000000e+00,0.000000e+00,0.000000e+00,0.000000e+00,0.000000e+00,0.000000e+00,0.000000e+00,0.000000e+00,0.000000e+00,0.000000e+00,0.000000e+00,0.000000e+00,0.000000e+00,0.000000e+00,0.000000e+00
1.000000e+00,0.000000e+00,0.000000e+00,0.000000e+00,0.000000e+00,0.000000e+00,0.000000e+00,0.000000e+00,0.000000e+00,0.000000e+00,0.000000e+00,0.000000e+00,0.000000e+00,0.000000e+00,0.000000e+00
1.000000e+00,0.000000e+00,0.000000e+00,0.000000e+00,0.000000e+00,0.000000e+00,0.000000e+00,0.000000e+00,0.000000e+00,0.000000e+00,0.000000e+00,0.000000e+00,0.000000e+00,0.000000e+00,0.000000e+00
1.000000e+00,0.000000e+00,0.000000e+00,0.000000e+00,0.000000e+00,0.000000e+00,0.000000e+00,0.000000e+00,0.000000e+00,0.000000e+00,0.000000e+00,0.000000e+00,0.000000e+00,0.000000e+00,0.000000e+00
1.000000e+00,0.000000e+00,0.000000e+00,0.000000e+00,0.000000e+00,0.000000e+00,0.000000e+00,0.000000e+00,0.000000e+00,0.000000e+00,0.000000e+00,0.000000e+00,0.000000e+00,0.000000e+00,0.000000e+00
1.000000e+00,0.000000e+00,0.000000e+00,0.000000e+00,0.000000e+00,0.000000e+00,0.000000e+00,0.000000e+00,0.000000e+00,0.000000e+00,0.000000e+00,0.000000e+00,0.000000e+00,0.000000e+00,0.000000e+00
1.000000e+00,0.000000e+00,0.000000e+00,0.000000e+00,0.000000e+00,0.000000e+00,0.000000e+00,0.000000e+00,0.000000e+00,0.000000e+00,0.000000e+00,0.000000e+00,0.000000e+00,0.000000e+00,0.000000e+00
1.000000e+00,0.000000e+00,0.000000e+00,0.000000e+00,0.000000e+00,0.000000e+00,0.000000e+00,0.000000e+00,0.000000e+00,0.000000e+00,0.000000e+00,0.000000e+00,0.000000e+00,0.000000e+00,0.000000e+00
1.000000e+00,0.000000e+00,0.000000e+00,0.000000e+00,0.000000e+00,0.000000e+00,0.000000e+00,0.000000e+00,0.000000e+00,0.000000e+00,0.000000e+00,0.000000e+00,0.000000e+00,0.000000e+00,0.000000e+00
1.000000e+00,0.000000e+00,0.000000e+00,0.000000e+00,0.000000e+00,0.000000e+00,0.000000e+00,0.000000e+00,0.000000e+00,0.000000e+00,0.000000e+00,0.000000e+00,0.000000e+00,0.000000e+00,0.000000e+00
1.000000e+00,0.000000e+00,0.000000e+00,0.000000e+00,0.000000e+00,0.000000e+00,0.000000e+00,0.000000e+00,0.000000e+00,0.000000e+00,0.000000e+00,0.000000e+00,0.000000e+00,0.000000e+00,0.000000e+00
1.000000e+00,0.000000e+00,0.000000e+00,0.000000e+00,0.000000e+00,0.000000e+00,0.000000e+00,0.000000e+00,0.000000e+00,0.000000e+00,0.000000e+00,0.000000e+00,0.000000e+00,0.000000e+00,0.000000e+00
1.000000e+00,0.000000e+00,0.000000e+00,0.000000e+00,0.000000e+00,0.000000e+00,0.000000e+00,0.000000e+00,0.000000e+00,0.000000e+00,0.000000e+00,0.000000e+00,0.000000e+00,0.000000e+00,0.000000e+00
3.616917e-01,1.021503e-01,7.020876e-03,1.582646e-01,5.797147e-03,1.043683e-02,2.478578e-03,3.540270e-03,2.685321e-01,4.293436e-03,9.051081e-03,1.079088e-02,1.192749e-02,2.642950e-03,4.138177e-02
2.532825e-01,1.080651e-01,4.953881e-03,1.135952e-01,4.116591e-03,7.626018e-03,1.762965e-03,2.479391e-03,4.418518e-01,3.171273e-03,6.428325e-03,7.612907e-03,9.134857e-03,1.869177e-03,3.404996e-02
1.773476e-01,8.619593e-02,3.553152e-03,8.255603e-02,2.906676e-03,5.442588e-03,1.246097e-03,1.738546e-03,3.258077e-01,3.058078e-03,4.699135e-03,5.432228e-03,7.208607e-03,5.166116e-03,2.876416e-01
1.241861e-01,6.996490e-02,2.524880e-03,5.793112e-02,2.053261e-03,3.833960e-03,8.760413e-04,1.218349e-03,2.342669e-01,2.272478e-03,3.357580e-03,3.851237e-03,5.426820e-03,5.971355e-02,4.285229e-01
8.704732e-02,5.463341e-02,2.519775e-03,4.342563e-02,1.552262e-03,2.778768e-03,6.253771e-04,8.584361e-04,1.858275e-01,2.039760e-03,5.938254e-03,3.081583e-03,3.952378e-03,7.011597e-02,5.356036e-01
6.167884e-02,4.920410e-02,5.350182e-03,3.279403e-02,1.183216e-03,2.022702e-03,4.556059e-04,6.125597e-04,1.437818e-01,4.127752e-03,1.188414e-02,3.901666e-03,3.217427e-03,2.367852e-01,4.430007e-01
4.721795e-02,3.675404e-02,7.616636e-03,2.394277e-02,1.868250e-03,1.956661e-03,3.852300e-04,7.654123e-04,1.070538e-01,6.141732e-03,1.420947e-02,3.655616e-03,2.871418e-03,3.613400e-01,3.842209e-01
3.420012e-02,3.236229e-02,1.289110e-02,2.075802e-02,1.884782e-03,1.609734e-03,2.954912e-04,5.691770e-04,2.201802e-01,7.353959e-03,1.223362e-02,3.022862e-03,2.463168e-03,3.079533e-01,3.422221e-01
2.596539e-02,2.563485e-02,1.050366e-02,1.551444e-02,1.575019e-03,1.398478e-03,2.757757e-04,4.181253e-04,1.712455e-01,7.228739e-03,9.547668e-03,2.435090e-03,2.262494e-03,4.539521e-01,2.720428e-01
1.984550e-02,1.883129e-02,7.852973e-03,1.099178e-02,1.163806e-03,1.155917e-03,2.025540e-04,2.978972e-04,1.214585e-01,1.017595e-02,1.059309e-02,1.977772e-03,1.839521e-03,5.886588e-01,2.049548e-01
1.483457e-02,1.397528e-02,8.778712e-03,9.240867e-03,8.565667e-04,9.035410e-04,1.645984e-04,2.315684e-04,1.011543e-01,2.453610e-02,2.175954e-02,3.381116e-03,2.095491e-03,6.350338e-01,1.630539e-01
1.059905e-02,9.901340e-03,7.612798e-03,6.599349e-03,6.517540e-04,7.114001e-04,1.366898e-04,1.704060e-04,7.236075e-02,3.650388e-02,1.753083e-02,2.627999e-03,1.968599e-03,7.034174e-01,1.292078e-01
8.431394e-03,8.006510e-03,9.243514e-03,7.292546e-03,2.339222e-03,1.449308e-03,2.768627e-04,7.627795e-04,9.172253e-02,1.663130e-01,2.644460e-02,4.790520e-03,6.285888e-03,5.373127e-01,1.293286e-01
6.663912e-03,6.753260e-03,9.557296e-03,5.899353e-03,3.041024e-03,3.914920e-03,5.921427e-04,8.798906e-04,7.722418e-02,3.170197e-01,2.540554e-02,6.859384e-03,2.159989e-02,4.014526e-01,1.131369e-01
6.127329e-03,7.746651e-03,1.310326e-02,8.097226e-03,1.383469e-02,5.413894e-02,2.211251e-03,1.080942e-03,7.315698e-02,3.174409e-01,3.250062e-02,8.783761e-03,7.873897e-02,2.927368e-01,9.030160e-02
1.295680e-02,1.034499e-02,1.449364e-02,7.511983e-03,1.779146e-02,5.526757e-02,3.747639e-03,2.181802e-03,6.835359e-02,2.483944e-01,2.568109e-02,7.646130e-03,1.631436e-01,2.466497e-01,1.158357e-01
2.000502e-02,2.930906e-02,4.106509e-02,8.897012e-03,4.429172e-02,7.556382e-02,7.355405e-03,3.546818e-03,1.074303e-01,1.899660e-01,2.147371e-02,8.719325e-03,1.722484e-01,1.744230e-01,9.570537e-02
4.061850e-02,4.948534e-02,3.637306e-02,1.316330e-02,4.247898e-02,8.046322e-02,7.591195e-03,4.054258e-03,1.313697e-01,1.442164e-01,3.441290e-02,1.373900e-02,1.608262e-01,1.248911e-01,1.163168e-01
7.231872e-02,6.150551e-02,3.416722e-02,2.952887e-02,3.663250e-02,8.269936e-02,8.317779e-03,7.675860e-03,1.436802e-01,1.116923e-01,3.299824e-02,1.473077e-02,1.521680e-01,8.979300e-02,1.220916e-01
1.233829e-01,5.944983e-02,2.930460e-02,3.163350e-02,3.199814e-02,7.742849e-02,7.990348e-03,9.558782e-03,1.613896e-01,8.623422e-02,3.944847e-02,1.822594e-02,1.403144e-01,6.759080e-02,1.160500e-01
2.332990e-01,6.709336e-02,2.393703e-02,3.230398e-02,3.070576e-02,6.552602e-02,7.382087e-03,8.372777e-03,1.506194e-01,6.289861e-02,3.548926e-02,2.058941e-02,1.147117e-01,4.848362e-02,9.858803e-02
3.652261e-01,5.632194e-02,2.120213e-02,2.857555e-02,2.879648e-02,5.566219e-02,6.572600e-03,9.137905e-03,1.258647e-01,4.565444e-02,2.885000e-02,2.329515e-02,9.469002e-02,3.534301e-02,7.480773e-02
4.557920e-01,4.921177e-02,1.765659e-02,2.484978e-02,2.594226e-02,4.534945e-02,6.595387e-03,8.621901e-03,1.157606e-01,3.346183e-02,2.481948e-02,2.584966e-02,8.075385e-02,2.596567e-02,5.936983e-02
3.964476e-01,5.014218e-02,1.504443e-02,2.463864e-02,4.070746e-02,3.951135e-02,1.215162e-02,1.735752e-02,1.398896e-01,3.001061e-02,2.723018e-02,2.416224e-02,1.044594e-01,2.017676e-02,5.807037e-02
3.164027e-01,5.149177e-02,1.188060e-02,2.714356e-02,3.904353e-02,3.986685e-02,1.753679e-02,1.724537e-02,1.788882e-01,2.430015e-02,3.966546e-02,2.254267e-02,1.265271e-01,1.561680e-02,7.184836e-02
2.472301e-01,4.555638e-02,9.433756e-03,3.773261e-02,3.198701e-02,4.053622e-02,1.525992e-02,1.370242e-02,2.058171e-01,2.023854e-02,4.824059e-02,2.417110e-02,1.742685e-01,1.282407e-02,7.300166e-02
2.012807e-01,3.468537e-02,7.403647e-03,3.205696e-02,3.076186e-02,4.342177e-02,1.372829e-02,1.109002e-02,1.852610e-01,1.508807e-02,6.335789e-02,3.280272e-02,2.596290e-01,1.048361e-02,5.894914e-02
2.277931e-01,2.552467e-02,5.495179e-03,2.414820e-02,2.758523e-02,3.892448e-02,1.094490e-02,9.286274e-03,1.461926e-01,1.113359e-02,6.921388e-02,4.939630e-02,2.995884e-01,8.712915e-03,4.606041e-02
2.483373e-01,1.954062e-02,4.468528e-03,2.042914e-02,2.584669e-02,3.646144e-02,8.696027e-03,1.009184e-02,1.203918e-01,8.997448e-03,7.884902e-02,6.064731e-02,3.121592e-01,8.337885e-03,3.674573e-02
1.942540e-01,1.461612e-02,4.606421e-03,1.750281e-02,2.395828e-02,2.860874e-02,6.853857e-03,8.173023e-03,1.049900e-01,7.673195e-03,1.298417e-01,6.952767e-02,3.491843e-01,8.376103e-03,3.183395e-02
1.671119e-01,1.412215e-02,6.003179e-03,1.431439e-02,2.205950e-02,2.302912e-02,5.591684e-03,8.319467e-03,1.575166e-01,6.839637e-03,1.282973e-01,9.402364e-02,3.205634e-01,6.335122e-03,2.587296e-02
1.659607e-01,1.942456e-02,1.570067e-02,2.486360e-02,1.805571e-02,2.428235e-02,4.265562e-03,7.403291e-03,1.620332e-01,8.528237e-03,1.158460e-01,1.497381e-01,2.479111e-01,8.216152e-03,2.777069e-02
1.538146e-01,1.891960e-02,1.130998e-02,1.941455e-02,1.572454e-02,2.043324e-02,3.470569e-03,7.612926e-03,2.522924e-01,7.550739e-03,9.753782e-02,1.494776e-01,2.154466e-01,6.352397e-03,2.064242e-02
1.831723e-01,1.841514e-02,8.417089e-03,1.832698e-02,1.364949e-02,2.205117e-02,3.404544e-03,8.232132e-03,2.989802e-01,7.938545e-03,7.791518e-02,1.407664e-01,1.764049e-01,5.963269e-03,1.636270e-02
1.813252e-01,1.764512e-02,6.613921e-03,1.535259e-02,2.302339e-02,1.992135e-02,3.779849e-03,8.805328e-03,3.689799e-01,6.703443e-03,6.480148e-02,1.185091e-01,1.470807e-01,4.619954e-03,1.283876e-02
1.766164e-01,1.522779e-02,9.770026e-03,1.258263e-02,2.406203e-02,2.098664e-02,7.456853e-03,2.893241e-02,3.946027e-01,5.776310e-03,5.234626e-02,1.042607e-01,1.320604e-01,3.900884e-03,1.141798e-02
1.498403e-01,1.571890e-02,9.995985e-03,1.090504e-02,2.684282e-02,2.050178e-02,6.445833e-03,2.933031e-02,4.231779e-01,4.872380e-03,4.385892e-02,9.328373e-02,1.496802e-01,4.118399e-03,1.142748e-02
1.279296e-01,1.763134e-02,5.789927e-02,4.220851e-02,3.369297e-02,2.417425e-02,6.654134e-03,2.633501e-02,3.825413e-01,5.301551e-03,3.738867e-02,8.595084e-02,1.375815e-01,3.937451e-03,1.077357e-02
1.295368e-01,1.883162e-02,6.043022e-02,3.556604e-02,4.196741e-02,2.853243e-02,8.656923e-03,9.330159e-02,3.443170e-01,4.914418e-03,2.970631e-02,6.970017e-02,1.209916e-01,3.636719e-03,9.910780e-03
1.390427e-01,1.656008e-02,5.804344e-02,2.955273e-02,4.761256e-02,2.506475e-02,2.923347e-02,1.732966e-01,2.758389e-01,5.295843e-03,2.809529e-02,5.319145e-02,1.050755e-01,2.925759e-03,1.117096e-02
1.227818e-01,1.275014e-02,4.831150e-02,2.261596e-02,4.485676e-02,3.010537e-02,1.034536e-01,2.597998e-01,2.013344e-01,5.056586e-03,2.301431e-02,3.845359e-02,7.624871e-02,2.279854e-03,8.937519e-03
1.007565e-01,1.006174e-02,3.996455e-02,1.647278e-02,3.737093e-02,2.746264e-02,1.408610e-01,3.643759e-01,1.449423e-01,4.362477e-03,1.935634e-02,2.773256e-02,5.691031e-02,1.778781e-03,7.591100e-03
8.593427e-02,8.098323e-03,3.035854e-02,1.239747e-02,2.877656e-02,2.964853e-02,2.832278e-01,3.213771e-01,1.039353e-01,3.397789e-03,1.461665e-02,2.025218e-02,5.019851e-02,1.437971e-03,6.343018e-03
6.656046e-02,6.550555e-03,2.224695e-02,8.959326e-03,2.354940e-02,2.527210e-02,3.125715e-01,3.738258e-01,7.746919e-02,2.658286e-03,1.162862e-02,1.445513e-02,4.820615e-02,1.295925e-03,4.750578e-03
5.849187e-02,6.438352e-03,1.710925e-02,7.387368e-03,2.388614e-02,2.125881e-02,3.492189e-01,3.840013e-01,6.451350e-02,2.479945e-03,1.035766e-02,1.063924e-02,3.909977e-02,1.072445e-03,4.045398e-03
6.067023e-02,7.386411e-03,1.367116e-02,6.548751e-03,2.274548e-02,1.980031e-02,3.224258e-01,4.154008e-01,5.429151e-02,3.780130e-03,1.894720e-02,1.246845e-02,3.523377e-02,1.692835e-03,4.937191e-03
7.367720e-02,1.140789e-02,1.648482e-02,7.379384e-03,3.038072e-02,1.718373e-02,3.319005e-01,3.463524e-01,7.205772e-02,4.462507e-03,2.726622e-02,1.262236e-02,3.604154e-02,2.106233e-03,1.067680e-02
5.866566e-02,1.328548e-02,2.924889e-02,1.113400e-02,2.396572e-02,1.674901e-02,2.847229e-01,2.590927e-01,5.558363e-02,8.858962e-03,1.148205e-01,6.167061e-02,4.498046e-02,3.831437e-03,1.339014e-02
4.404358e-02,1.304387e-02,2.509421e-02,2.248207e-02,2.026217e-02,1.644724e-02,2.152747e-01,1.889679e-01,4.707956e-02,1.104279e-02,1.897224e-01,8.312383e-02,7.515020e-02,1.816993e-02,3.009559e-02
3.317340e-02,9.864219e-03,1.923826e-02,4.504406e-02,1.561183e-02,1.388712e-02,1.570218e-01,1.338851e-01,3.958429e-02,1.904681e-02,2.073071e-01,1.159409e-01,1.458417e-01,1.872569e-02,2.582774e-02
2.453220e-02,8.382026e-03,1.444834e-02,3.320142e-02,1.147701e-02,1.067351e-02,1.122930e-01,9.536207e-02,4.396299e-02,3.396514e-02,1.721151e-01,2.622952e-01,1.290527e-01,2.914537e-02,1.909405e-02
1.936954e-02,7.236958e-03,1.099163e-02,2.408775e-02,9.564930e-03,9.458890e-03,8.160772e-02,6.974967e-02,4.448844e-02,3.397004e-02,1.529911e-01,3.777432e-01,1.031738e-01,4.151870e-02,1.404773e-02
1.423191e-02,5.866312e-03,8.433317e-03,1.700162e-02,7.520200e-03,7.218815e-03,5.861231e-02,4.956060e-02,3.829422e-02,2.563581e-02,1.510503e-01,4.814339e-01,8.034760e-02,4.443363e-02,1.035946e-02
1.064392e-02,4.611232e-03,6.255791e-03,1.214277e-02,6.223173e-03,7.214158e-03,4.135304e-02,3.500076e-02,3.213587e-02,1.937499e-02,1.927478e-01,5.197656e-01,6.040791e-02,4.460371e-02,7.519326e-03
7.553998e-03,4.566737e-03,4.508566e-03,8.530806e-03,4.521353e-03,5.350088e-03,2.896584e-02,2.456036e-02,3.553953e-02,1.387523e-02,1.568400e-01,6.152115e-01,4.472844e-02,3.986471e-02,5.382838e-03
5.439835e-03,4.423239e-03,3.373761e-03,6.045262e-03,3.626997e-03,4.753795e-03,2.029584e-02,1.734253e-02,2.041607e-01,1.014932e-02,1.409373e-01,5.070244e-01,3.214492e-02,3.629642e-02,3.985709e-03
3.897264e-03,3.624338e-03,2.454483e-03,4.311909e-03,3.184607e-03,3.453772e-03,1.421116e-02,1.219715e-02,3.865463e-01,7.353511e-03,1.204190e-01,3.810666e-01,2.288061e-02,3.139148e-02,3.007929e-03
3.044103e-03,4.696631e-03,1.830263e-03,3.093470e-03,3.197319e-03,2.895926e-03,9.954240e-03,8.569486e-03,5.146526e-01,6.233827e-03,1.206349e-01,2.702543e-01,1.624928e-02,3.236932e-02,2.324388e-03
3.395001e-03,6.543346e-03,1.632319e-03,2.421214e-03,3.627321e-03,4.971975e-03,6.984153e-03,6.366909e-03,5.512458e-01,6.310822e-03,1.434595e-01,2.004757e-01,1.190701e-02,4.883415e-02,1.824757e-03
4.413522e-03,9.860038e-03,1.887859e-03,2.032328e-03,4.549693e-03,6.044447e-03,4.923686e-03,5.282621e-03,5.801100e-01,6.174804e-03,1.510832e-01,1.565491e-01,9.324156e-03,5.629525e-02,1.469383e-03
3.385449e-03,1.002230e-02,2.062441e-03,1.607118e-03,4.395651e-03,7.753827e-03,3.460957e-03,3.860225e-03,6.628370e-01,5.007614e-03,1.160708e-01,1.111920e-01,6.880288e-03,6.031457e-02,1.149774e-03
4.041310e-03,1.928216e-02,4.697240e-03,1.640142e-03,6.493292e-03,2.315834e-02,2.468802e-03,4.238572e-03,6.416574e-01,4.584933e-03,1.062964e-01,8.273780e-02,5.466465e-03,9.220480e-02,1.032519e-03
6.695585e-03,2.674977e-02,8.357603e-03,2.813018e-03,7.826336e-03,3.122362e-02,1.759544e-03,8.523771e-03,6.420684e-01,4.728445e-03,9.567811e-02,6.108388e-02,5.287819e-03,9.559529e-02,1.608833e-03
7.183647e-03,3.194664e-02,8.831677e-03,2.563662e-03,8.173147e-03,5.034081e-02,1.251618e-03,1.013773e-02,6.118519e-01,4.407221e-03,9.219296e-02,4.426962e-02,4.447471e-03,1.207244e-01,1.677507e-03
8.002033e-03,1.134865e-01,1.357756e-02,2.145613e-03,9.700816e-03,5.846433e-02,9.458631e-04,8.490722e-03,5.848815e-01,4.049032e-03,6.792356e-02,3.115855e-02,3.224602e-03,9.028559e-02,3.663656e-03
1.206170e-02,9.198707e-02,1.419343e-02,3.046604e-03,8.045739e-03,1.040163e-01,7.639768e-04,2.974980e-02,5.681596e-01,3.629378e-03,6.437476e-02,2.221635e-02,2.694642e-03,7.166152e-02,3.399060e-03
1.225834e-02,7.738924e-02,1.151983e-02,2.899881e-03,6.535233e-03,1.810949e-01,6.110959e-04,2.356124e-02,5.163958e-01,4.610938e-03,7.299107e-02,1.678658e-02,2.297347e-03,6.657552e-02,4.472922e-03
1.062610e-02,8.168592e-02,8.434235e-03,2.833138e-03,1.116703e-02,1.826558e-01,6.206989e-04,1.793328e-02,5.515993e-01,4.725933e-03,5.348396e-02,1.226062e-02,1.996458e-03,5.027095e-02,9.706467e-03
1.144283e-02,7.207964e-02,6.496338e-03,9.909296e-03,1.494619e-02,1.686559e-01,7.177571e-04,1.770408e-02,5.702882e-01,5.846444e-03,3.920318e-02,9.630234e-03,3.399843e-03,3.919399e-02,3.048595e-02
1.079404e-02,7.767776e-02,4.948624e-03,9.695484e-03,1.510439e-02,1.466555e-01,6.746217e-04,1.518530e-02,5.380569e-01,1.037577e-02,2.926946e-02,9.029320e-03,3.451480e-03,3.202294e-02,9.705835e-02
1.052815e-02,6.307332e-02,3.681468e-03,1.292089e-02,1.476205e-02,2.119003e-01,5.881427e-04,1.518673e-02,5.278891e-01,8.333897e-03,2.136166e-02,7.185888e-03,2.917131e-03,2.350403e-02,7.616718e-02
1.406766e-02,5.345749e-02,3.045190e-03,1.454523e-02,1.678694e-02,2.784918e-01,5.112890e-04,2.493974e-02,4.328005e-01,7.642509e-03,1.668602e-02,5.587851e-03,3.388026e-03,1.923901e-02,1.088108e-01
3.773101e-02,4.829165e-02,2.540739e-03,1.404224e-02,3.499282e-02,2.549814e-01,5.395227e-04,2.145811e-02,3.534850e-01,5.729445e-03,1.988449e-02,7.086110e-03,2.031984e-02,3.016818e-02,1.487495e-01
4.196966e-02,4.170151e-02,2.316898e-03,1.148764e-02,4.516417e-02,1.879451e-01,5.196785e-04,1.736404e-02,2.769030e-01,5.290275e-03,1.837363e-02,6.676199e-03,2.153502e-02,3.605697e-02,2.866962e-01
3.434965e-02,3.264778e-02,2.060341e-03,8.529264e-03,4.032128e-02,1.331293e-01,5.043651e-04,1.330499e-02,2.274110e-01,5.944558e-03,1.532636e-02,5.270176e-03,1.804417e-02,3.374827e-02,4.294085e-01
3.876348e-02,3.252702e-02,5.286078e-03,1.664318e-02,6.120500e-02,9.566063e-02,6.734211e-04,1.110698e-02,2.303610e-01,9.680789e-03,1.654638e-02,4.749037e-03,1.758727e-02,2.996605e-02,4.292436e-01
6.591339e-02,2.948275e-02,5.244417e-03,1.425190e-02,6.637767e-02,6.959660e-02,7.050768e-04,8.217636e-03,1.861448e-01,8.956858e-03,1.907855e-02,4.412885e-03,2.033027e-02,6.463445e-02,4.366527e-01
4.653816e-02,2.093059e-02,3.821678e-03,1.010290e-02,4.667761e-02,4.907665e-02,5.058030e-04,5.848778e-03,1.620062e-01,8.740633e-03,1.995417e-02,5.858169e-03,2.195054e-02,5.721742e-02,5.407706e-01
3.339073e-02,1.503593e-02,2.991344e-03,7.259306e-03,3.303850e-02,3.643803e-02,3.960373e-04,4.388176e-03,1.271387e-01,2.593637e-02,2.987849e-02,7.760470e-03,2.746819e-02,1.355965e-01,5.132833e-01
2.731441e-02,1.081489e-02,2.860455e-03,5.222628e-03,2.526875e-02,3.101504e-02,3.637312e-04,3.755847e-03,9.238748e-02,1.290170e-01,5.250999e-02,1.019523e-02,2.633130e-02,1.898400e-01,3.931032e-01
2.066012e-02,8.222289e-03,3.657239e-03,4.549058e-03,2.270821e-02,3.831267e-02,7.579804e-04,4.453239e-03,6.725017e-02,2.457249e-01,5.035925e-02,8.473019e-03,3.544985e-02,1.599754e-01,3.294466e-01
1.502270e-02,7.534953e-03,3.922059e-03,5.132666e-03,2.569206e-02,2.890554e-02,6.807448e-04,4.460493e-03,7.102639e-02,3.779115e-01,5.567325e-02,6.995462e-03,3.135877e-02,1.226861e-01,2.429973e-01
1.150818e-02,9.832062e-03,3.735304e-03,5.195236e-03,2.300912e-02,2.736167e-02,1.456829e-03,4.383292e-03,1.260954e-01,4.192081e-01,5.013979e-02,8.696213e-03,2.693585e-02,1.059867e-01,1.764563e-01
9.048604e-03,1.034776e-02,3.348484e-03,4.929504e-03,1.906324e-02,2.449309e-02,1.672500e-03,5.088882e-03,1.099413e-01,4.865464e-01,3.768776e-02,1.006322e-02,2.276036e-02,1.300068e-01,1.250020e-01
7.664955e-03,2.387894e-02,2.916247e-03,4.782998e-03,1.962885e-02,3.522328e-02,1.688204e-03,7.093935e-03,1.280991e-01,4.299482e-01,3.199808e-02,1.152487e-02,4.573647e-02,1.614257e-01,8.839004e-02
1.007215e-02,2.814833e-02,9.555753e-03,1.784533e-02,2.426605e-02,4.861528e-02,2.724853e-03,4.258908e-02,1.340092e-01,3.432758e-01,3.098198e-02,1.661850e-02,5.383760e-02,1.740991e-01,6.336092e-02
1.029785e-02,2.930083e-02,1.201046e-02,2.281099e-02,2.263334e-02,9.003380e-02,2.898083e-03,3.478409e-02,1.549035e-01,2.670156e-01,3.008741e-02,3.740179e-02,7.749236e-02,1.615177e-01,4.681220e-02
8.577147e-03,3.503957e-02,9.519556e-03,2.057450e-02,2.070150e-02,1.191121e-01,2.323285e-03,3.427871e-02,1.537708e-01,2.185406e-01,3.792586e-02,5.188284e-02,1.146879e-01,1.366214e-01,3.644409e-02
7.273179e-03,3.202665e-02,7.285590e-03,1.707991e-02,1.982521e-02,1.140946e-01,2.026275e-03,2.967174e-02,2.046256e-01,1.779962e-01,4.737359e-02,6.551899e-02,1.327247e-01,1.131685e-01,2.930921e-02
8.290716e-03,3.497337e-02,7.702941e-03,1.911910e-02,1.885955e-02,1.251706e-01,3.015361e-03,3.855184e-02,2.772736e-01,1.359197e-01,4.472772e-02,6.176978e-02,1.156124e-01,8.534571e-02,2.366761e-02
7.925131e-03,3.604253e-02,6.319099e-03,1.483696e-02,1.503401e-02,1.909471e-01,2.866291e-03,2.988613e-02,2.951145e-01,1.006216e-01,4.717097e-02,6.916317e-02,1.036620e-01,6.122974e-02,1.918063e-02
8.202191e-03,3.803589e-02,1.106604e-02,2.543639e-02,1.216823e-02,2.319112e-01,2.568488e-03,2.555991e-02,2.841878e-01,8.889483e-02,4.574361e-02,7.760372e-02,8.800476e-02,4.387429e-02,1.674263e-02
7.623820e-03,3.044730e-02,8.938023e-03,1.808933e-02,1.142753e-02,1.725552e-01,4.301404e-03,2.138833e-02,4.190986e-01,6.303076e-02,5.909651e-02,6.359152e-02,7.404356e-02,3.105336e-02,1.531478e-02
7.113986e-03,2.316512e-02,7.463933e-03,1.299451e-02,1.309962e-02,1.255344e-01,9.026119e-03,3.144661e-02,4.993894e-01,4.501355e-02,7.409465e-02,5.122077e-02,6.557207e-02,2.203440e-02,1.283091e-02
6.758541e-03,1.930545e-02,6.434149e-03,9.234981e-03,1.341475e-02,9.502096e-02,1.221715e-02,3.176445e-02,5.809782e-01,3.176983e-02,7.222405e-02,3.731767e-02,5.369582e-02,1.574602e-02,1.411797e-02
5.773981e-03,1.605612e-02,5.975280e-03,6.653426e-03,1.777015e-02,7.471542e-02,1.601369e-02,9.047056e-02,6.022424e-01,2.230061e-02,5.210394e-02,2.623576e-02,4.180606e-02,1.109968e-02,1.078298e-02
5.922057e-03,1.523261e-02,1.470444e-02,5.652061e-03,2.162114e-02,5.834260e-02,1.489745e-02,2.050305e-01,5.340530e-01,1.582649e-02,3.752401e-02,1.864777e-02,3.599446e-02,7.891641e-03,8.659754e-03
5.151288e-03,2.096942e-02,1.336141e-02,4.068444e-03,2.131931e-02,6.855492e-02,1.446239e-02,1.745646e-01,5.867969e-01,1.119017e-02,2.671729e-02,1.317753e-02,2.733516e-02,5.576741e-03,6.754444e-03
5.930418e-03,2.177411e-02,1.878299e-02,3.179836e-03,2.689881e-02,6.270547e-02,2.405144e-02,1.607628e-01,6.085944e-01,8.014496e-03,1.894682e-02,9.404773e-03,2.175633e-02,3.981235e-03,5.216111e-03
6.018386e-03,2.550971e-02,1.559321e-02,2.444891e-03,2.849071e-02,6.885887e-02,2.487512e-02,1.268995e-01,6.520071e-01,5.870653e-03,1.339743e-02,6.697698e-03,1.606115e-02,2.826160e-03,4.449409e-03
9.317067e-03,2.747640e-02,3.002637e-02,7.764422e-03,3.310181e-02,5.285445e-02,2.042280e-02,1.312197e-01,6.422014e-01,8.332103e-03,9.909680e-03,5.190090e-03,1.272357e-02,2.063439e-03,7.396702e-03
1.227145e-02,2.796643e-02,3.746425e-02,7.069681e-03,3.650063e-02,4.860892e-02,1.865065e-02,1.587263e-01,6.175112e-01,6.543618e-03,7.172242e-03,3.764521e-03,9.882407e-03,1.516848e-03,6.350866e-03
2.662580e-02,3.490501e-02,3.992258e-02,6.562874e-03,3.609101e-02,3.944931e-02,2.649134e-02,1.716703e-01,5.830990e-01,5.717319e-03,5.336731e-03,3.125046e-03,1.303124e-02,1.207621e-03,6.764832e-03
3.620910e-02,3.659600e-02,3.172736e-02,5.224339e-03,3.416869e-02,4.985188e-02,2.711541e-02,1.796828e-01,5.705909e-01,4.161144e-03,3.966013e-03,2.619994e-03,1.151584e-02,9.305706e-04,5.640014e-03
4.872203e-02,4.963808e-02,2.852335e-02,6.312137e-03,3.227189e-02,3.849238e-02,2.704493e-02,1.547258e-01,5.742601e-01,6.207805e-03,3.581730e-03,5.821460e-03,1.378560e-02,9.520710e-04,9.660657e-03
5.889262e-02,3.995223e-02,2.059979e-02,5.576044e-03,2.995817e-02,3.524175e-02,2.247451e-02,1.132956e-01,5.513377e-01,5.226739e-03,7.200082e-03,5.948761e-03,2.879413e-02,1.066781e-03,7.443508e-02
8.895800e-02,3.154199e-02,1.591402e-02,7.767982e-03,2.840142e-02,2.925210e-02,2.101398e-02,8.216374e-02,4.357715e-01,4.875191e-03,8.645264e-03,6.527850e-03,7.980807e-02,1.276350e-03,1.580826e-01
6.649554e-02,2.297508e-02,1.199311e-02,6.872244e-03,2.067181e-02,2.316425e-02,1.575753e-02,5.763434e-02,3.134560e-01,3.978525e-03,7.535215e-03,5.877474e-03,1.068827e-01,1.161140e-03,3.355451e-01
5.046782e-02,3.149696e-02,1.095013e-02,2.873169e-02,1.554198e-02,2.237572e-02,1.129650e-02,4.068865e-02,2.922969e-01,5.122780e-03,7.056361e-03,6.506479e-03,1.297446e-01,3.189269e-03,3.445341e-01
3.583122e-02,2.339399e-02,7.894624e-03,2.264322e-02,1.093936e-02,1.642233e-02,7.945021e-03,2.861151e-02,2.156185e-01,4.426127e-03,6.438742e-03,5.680018e-03,1.183562e-01,3.230031e-03,4.925692e-01
2.620660e-02,2.050985e-02,5.695154e-03,2.204208e-02,7.937428e-03,1.264552e-02,5.596119e-03,2.029856e-02,2.017134e-01,3.207762e-03,5.886489e-03,4.212474e-03,8.824556e-02,2.698868e-03,5.731041e-01
1.991230e-02,2.536217e-02,4.338707e-03,3.831901e-02,5.983568e-03,1.451820e-02,3.939117e-03,1.427667e-02,2.149871e-01,2.413123e-03,5.823260e-03,3.305180e-03,6.336845e-02,2.283661e-03,5.811695e-01
1.616534e-02,2.443743e-02,3.166760e-03,3.294508e-02,4.583477e-03,1.233693e-02,2.784377e-03,1.007828e-02,2.507066e-01,1.931493e-03,5.105569e-03,2.742228e-03,4.553607e-02,2.002819e-03,5.854776e-01
1.223437e-02,3.789848e-02,2.426711e-03,4.277778e-02,3.509940e-03,1.401605e-02,1.974004e-03,7.372700e-03,3.034816e-01,1.680893e-03,6.435980e-03,2.627824e-03,3.444479e-02,2.120998e-03,5.269979e-01
9.486107e-03,3.762863e-02,2.407846e-03,5.494220e-02,3.064080e-03,1.190723e-02,1.459885e-03,6.910096e-03,2.833699e-01,1.869003e-03,1.318549e-02,3.209907e-03,2.936634e-02,2.779990e-03,5.384133e-01
9.061269e-03,3.900684e-02,2.392679e-03,5.063443e-02,3.004357e-03,1.091991e-02,1.323060e-03,5.603278e-03,3.293126e-01,1.736645e-03,1.511589e-02,3.824121e-03,2.909433e-02,2.658976e-03,4.963117e-01
8.529763e-03,3.697018e-02,7.619113e-03,1.917096e-01,5.316456e-03,9.638569e-03,1.288538e-03,6.187195e-03,3.094911e-01,1.720858e-03,1.731993e-02,4.114871e-03,2.642100e-02,2.182055e-03,3.714908e-01
2.065415e-02,3.491629e-02,2.133862e-02,1.476593e-01,1.198965e-02,1.236831e-02,1.429913e-03,6.930658e-03,2.698435e-01,4.540254e-03,1.960135e-02,3.818529e-03,2.303540e-02,6.703362e-03,4.151707e-01
3.102795e-02,4.268295e-02,2.434419e-02,1.092995e-01,2.215257e-02,1.852826e-02,1.690589e-03,8.318755e-03,2.969682e-01,4.215642e-03,1.815189e-02,3.085363e-03,2.234630e-02,5.056270e-03,3.921316e-01
3.174993e-02,5.070813e-02,9.076931e-02,1.804092e-01,3.700972e-02,1.523611e-02,2.062724e-03,2.081510e-02,2.418333e-01,4.550472e-03,1.415935e-02,2.704458e-03,1.739613e-02,3.761157e-03,2.868350e-01
3.503341e-02,9.139290e-02,9.056440e-02,1.411948e-01,3.164280e-02,1.481313e-02,1.775325e-03,1.711306e-02,2.620203e-01,1.365950e-02,1.185163e-02,2.604185e-03,1.928337e-02,4.081510e-03,2.629696e-01
2.756867e-02,9.744585e-02,1.150232e-01,1.436954e-01,2.453010e-02,1.142444e-02,1.366156e-03,1.296008e-02,2.991218e-01,1.667082e-02,1.030021e-02,2.341567e-03,1.514130e-02,3.050954e-03,2.193594e-01
2.054045e-02,9.468047e-02,1.019940e-01,1.122887e-01,1.803368e-02,8.942585e-03,1.034860e-03,9.224019e-03,3.939266e-01,1.801006e-02,7.870817e-03,1.767038e-03,1.180182e-02,2.417645e-03,1.974673e-01
1.909338e-02,1.068988e-01,1.034644e-01,8.647933e-02,1.522273e-02,7.522228e-03,1.013851e-03,7.718643e-03,4.202589e-01,2.906194e-02,6.634998e-03,1.646063e-03,1.094348e-02,1.895188e-03,1.821460e-01
6.107895e-02,9.292766e-02,9.188791e-02,6.672208e-02,2.092600e-02,8.748971e-03,3.443516e-03,4.030842e-02,3.738069e-01,2.485411e-02,8.290076e-03,2.819045e-03,1.635030e-02,8.563621e-03,1.792725e-01
9.359288e-02,8.448459e-02,1.139366e-01,5.657711e-02,2.508124e-02,1.156532e-02,5.034742e-03,3.351663e-02,2.987027e-01,2.441234e-02,1.506036e-02,1.149887e-02,3.094126e-02,2.159202e-02,1.740033e-01
1.688323e-01,6.987870e-02,1.067678e-01,4.561700e-02,2.469594e-02,1.487928e-02,7.274847e-03,3.792575e-02,2.416810e-01,2.095808e-02,2.362723e-02,2.510842e-02,4.604851e-02,2.814982e-02,1.385554e-01
2.575078e-01,5.824532e-02,8.396386e-02,3.490321e-02,2.295160e-02,1.585677e-02,6.354641e-03,3.865735e-02,1.861537e-01,1.739792e-02,3.527912e-02,3.985371e-02,5.593797e-02,3.984223e-02,1.070948e-01
1.842710e-01,7.672975e-02,7.585289e-02,3.758805e-02,2.020854e-02,1.607129e-02,5.559057e-03,2.753983e-02,1.332293e-01,1.354645e-02,2.721037e-02,3.835388e-02,2.356222e-01,2.838592e-02,7.983152e-02
1.292516e-01,5.455010e-02,5.314437e-02,2.728925e-02,1.501044e-02,2.856060e-02,4.553501e-03,1.929997e-02,9.343800e-02,9.734113e-03,1.973835e-02,3.874002e-02,4.305179e-01,2.002494e-02,5.614695e-02
9.341354e-02,3.912095e-02,3.727031e-02,2.099329e-02,1.482355e-02,5.577725e-02,7.842724e-03,1.357365e-02,6.635688e-02,7.269640e-03,1.906524e-02,1.473910e-01,4.214872e-01,1.485585e-02,4.075889e-02
6.942008e-02,2.989231e-02,2.632875e-02,1.580040e-02,1.136048e-02,4.761636e-02,6.722271e-03,9.578781e-03,4.781488e-02,6.559779e-03,1.966480e-02,1.825635e-01,4.825352e-01,1.168883e-02,3.245359e-02
5.317740e-02,2.258963e-02,1.864147e-02,1.123854e-02,8.744957e-03,3.615716e-02,9.346815e-03,6.844355e-03,3.550108e-02,1.159247e-02,2.020814e-02,2.450226e-01,4.823158e-01,1.326595e-02,2.535367e-02
5.074486e-02,1.644646e-02,1.318220e-02,7.989684e-03,6.576107e-03,2.643529e-02,9.893851e-03,4.918044e-03,2.797181e-02,1.611809e-02,2.793811e-02,3.321148e-01,4.224327e-01,1.796993e-02,1.926808e-02
3.901542e-02,1.215228e-02,9.321978e-03,5.689653e-03,4.769736e-03,1.908979e-02,7.282876e-03,3.702164e-03,2.415932e-02,2.899341e-02,3.400230e-02,4.586096e-01,3.246922e-01,1.445519e-02,1.406416e-02
3.499477e-02,8.737074e-03,6.820617e-03,4.171337e-03,3.575257e-03,1.619809e-02,5.651981e-03,3.392863e-03,2.449215e-02,3.445089e-02,3.996672e-02,5.497986e-01,2.437963e-01,1.350900e-02,1.044434e-02
2.769662e-02,6.560332e-03,4.906258e-03,3.092238e-03,2.828571e-03,1.158252e-02,4.069755e-03,2.566785e-03,3.191954e-02,3.599770e-02,3.874294e-02,6.232395e-01,1.858918e-01,1.303494e-02,7.870553e-03
2.604714e-02,5.063663e-03,3.602489e-03,2.461149e-03,2.263730e-03,8.349620e-03,2.944355e-03,2.280175e-03,3.092234e-02,3.298428e-02,4.679815e-02,6.854988e-01,1.326248e-01,1.215153e-02,6.007845e-03
4.038388e-02,4.408875e-03,2.706229e-03,3.306759e-03,2.561468e-03,6.486729e-03,2.160308e-03,2.502894e-03,4.852766e-02,3.840735e-02,7.604609e-02,6.504607e-01,9.482204e-02,2.127236e-02,5.946659e-03
5.609538e-02,5.534003e-03,2.861770e-03,3.775527e-03,3.841595e-03,4.929139e-03,1.689811e-03,2.227759e-03,6.121387e-02,3.768082e-02,1.415558e-01,5.820813e-01,6.720413e-02,2.461873e-02,4.690425e-03
4.503286e-02,5.554469e-03,2.940087e-03,3.793298e-03,5.856141e-03,3.799839e-03,1.297963e-03,1.924971e-03,7.206864e-02,3.294280e-02,2.570648e-01,4.914873e-01,4.737774e-02,2.450757e-02,4.351598e-03
4.232532e-02,5.880650e-03,3.267962e-03,3.475548e-03,6.694150e-03,3.051560e-03,9.794401e-04,1.883885e-03,8.176024e-02,2.963524e-02,3.782510e-01,3.762205e-01,3.363540e-02,2.850569e-02,4.433526e-03
5.866570e-02,5.310377e-03,4.928151e-03,3.727093e-03,9.288765e-03,3.224486e-03,8.758566e-04,3.166506e-03,7.689466e-02,2.889379e-02,4.294285e-01,2.936241e-01,2.560976e-02,5.094556e-02,5.416777e-03
6.049632e-02,4.181742e-03,3.828199e-03,2.796459e-03,6.930216e-03,3.319771e-03,6.460006e-04,2.848800e-03,5.885379e-02,2.358410e-02,4.990288e-01,2.302430e-01,1.936488e-02,7.961786e-02,4.260036e-03
