1.000000e+00,0.000000e+00,0.000000e+00,0.000000e+00,0.000000e+00,0.000000e+00,0.000000e+00,0.000000e+00,0.000000e+00,0.000000e+00,0.000000e+00,0.000000e+00,0.000000e+00,0.000000e+00,0.000000e+00
1.000000e+00,0.000000e+00,0.000000e+00,0.000000e+00,0.000000e+00,0.000000e+00,0.000000e+00,0.000000e+00,0.000000e+00,0.000000e+00,0.000000e+00,0.000000e+00,0.000000e+00,0.000000e+00,0.000000e+00
1.000000e+00,0.000000e+00,0.000000e+00,0.000000e+00,0.000000e+00,0.000000e+00,0.000000e+00,0.000000e+00,0.000000e+00,0.000000e+00,0.000000e+00,0.000000e+00,0.000000e+00,0.000000e+00,0.000000e+00
1.000000e+00,0.000000e+00,0.000000e+00,0.000000e+00,0.000000e+00,0.000000e+00,0.000000e+00,0.000000e+00,0.000000e+00,0.000000e+00,0.000000e+00,0.000000e+00,0.000000e+00,0.000000e+00,0.000000e+00
1.000000e+00,0.000000e+00,0.000000e+00,0.000000e+00,0.000000e+00,0.000000e+00,0.000000e+00,0.000000e+00,0.000000e+00,0.000000e+00,0.000000e+00,0.000000e+00,0.000000e+00,0.000000e+00,0.000000e+00
1.000000e+00,0.000000e+00,0.000000e+00,0.000000e+00,0.000000e+00,0.000000e+00,0.000000e+00,0.000000e+00,0.000000e+00,0.000000e+00,0.000000e+00,0.000000e+00,0.000000e+00,0.000000e+00,0.000000e+00
1.000000e+00,0.000000e+00,0.000000e+00,0.000000e+00,0.000000e+00,0.000000e+00,0.000000e+00,0.000000e+00,0.000000e+00,0.000000e+00,0.000000e+00,0.000000e+00,0.000000e+00,0.000000e+00,0.000000e+00
1.000000e+00,0.000000e+00,0.000000e+00,0.000000e+00,0.000000e+00,0.000000e+00,0.000000e+00,0.000000e+00,0.000000e+00,0.000000e+00,0.000000e+00,0.000000e+00,0.000000e+00,0.000000e+00,0.000000e+00
1.000000e+00,0.000000e+00,0.000000e+00,0.000000e+00,0.000000e+00,0.000000e+00,0.000000e+00,0.000000e+00,0.000000e+00,0.000000e+00,0.000000e+00,0.000000e+00,0.000000e+00,0.000000e+00,0.000000e+00
1.000000e+00,0.000000e+00,0.000000e+00,0.000000e+00,0.000000e+00,0.000000e+00,0.000000e+00,0.000000e+00,0.000000e+00,0.000000e+00,0.000000e+00,0.000000e+00,0.000000e+00,0.000000e+00,0.000000e+00
1.000000e+00,0.000000e+00,0.000000e+00,0.000000e+00,0.000000e+00,0.000000e+00,0.000000e+00,0.000000e+00,0.000000e+00,0.000000e+00,0.000000e+00,0.000000e+00,0.000000e+00,0.000000e+00,0.000000e+00
1.000000e+00,0.000000e+00,0.000000e+00,0.000000e+00,0.000000e+00,0.000000e+00,0.000000e+00,0.000000e+00,0.000000e+00,0.000000e+00,0.000000e+00,0.000000e+00,0.000000e+00,0.000000e+00,0.000000e+00
1.000000e+00,0.000000e+00,0.000000e+00,0.000000e+00,0.000000e+00,0.000000e+00,0.000000e+00,0.000000e+00,0.000000e+00,0.000000e+00,0.000000e+00,0.000000e+00,0.000000e+00,0.000000e+00,0.000000e+00
1.000000e+00,0.000000e+00,0.000000e+00,0.000000e+00,0.000000e+00,0.000000e+00,0.000000e+00,0.000000e+00,0.000000e+00,0.000000e+00,0.000000e+00,0.000000e+00,0.000000e+00,0.000000e+00,0.000000e+00
1.000000e+00,0.000000e+00,0.000000e+00,0.000000e+00,0.000000e+00,0.000000e+00,0.000000e+00,0.000000e+00,0.000000e+00,0.000000e+00,0.000000e+00,0.000000e+00,0.000000e+00,0.000000e+00,0.000000e+00
1.000000e+00,0.000000e+00,0.000000e+00,0.000000e+00,0.000000e+00,0.000000e+00,0.000000e+00,0.000000e+00,0.000000e+00,0.000000e+00,0.000000e+00,0.000000e+00,0.000000e+00,0.000000e+00,0.000000e+00
1.000000e+00,0.000000e+00,0.000000e+00,0.000000e+00,0.000000e+00,0.000000e+00,0.000000e+00,0.000000e+00,0.000000e+00,0.000000e+00,0.000000e+00,0.000000e+00,0.000000e+00,0.000000e+00,0.000000e+00
1.000000e+00,0.000000e+00,0.000000e+00,0.000000e+00,0.000000e+00,0.000000e+00,0.000000e+00,0.000000e+00,0.000000e+00,0.000000e+00,0.000000e+00,0.000000e+00,0.000000e+00,0.000000e+00,0.000000e+00
1.000000e+00,0.000000e+00,0.000000e+00,0.000000e+00,0.000000e+00,0.000000e+00,0.000000e+00,0.000000e+00,0.000000e+00,0.000000e+00,0.000000e+00,0.000000e+00,0.000000e+00,0.000000e+00,0.000000e+00
1.000000e+00,0.000000e+00,0.000000e+00,0.000000e+00,0.000000e+00,0.000000e+00,0.000000e+00,0.000000e+00,0.000000e+00,0.000000e+00,0.000000e+00,0.000000e+00,0.000000e+00,0.000000e+00,0.000000e+00
1.000000e+00,0.000000e+00,0.000000e+00,0.000000e+00,0.000000e+00,0.000000e+00,0.000000e+00,0.000000e+00,0.000000e+00,0.000000e+00,0.000000e+00,0.000000e+00,0.000000e+00,0.000000e+00,0.000000e+00
1.000000e+00,0.000000e+00,0.000000e+00,0.000000e+00,0.000000e+00,0.000000e+00,0.000000e+00,0.000000e+00,0.000000e+00,0.000000e+00,0.000000e+00,0.000000e+00,0.000000e+00,0.000000e+00,0.000000e+00
1.000000e+00,0.000000e+00,0.000000e+00,0.000000e+00,0.000000e+00,0.000000e+00,0.000000e+00,0.000000e+00,0.000000e+00,0.000000e+00,0.000000e+00,0.000000e+00,0.000000e+00,0.000000e+00,0.000000e+00
1.000000e+00,0.000000e+00,0.000000e+00,0.000000e+00,0.000000e+00,0.000000e+00,0.000000e+00,0.000000e+00,0.000000e+00,0.000000e+00,0.000000e+00,0.000000e+00,0.000000e+00,0.000000e+00,0.000000e+00
1.000000e+00,0.000000e+00,0.000000e+00,0.000000e+00,0.000000e+00,0.000000e+00,0.000000e+00,0.000000e+00,0.000000e+00,0.000000e+00,0.000000e+00,0.000000e+00,0.000000e+00,0.000000e+00,0.000000e+00
1.000000e+00,0.000000e+00,0.000000e+00,0.000000e+00,0.000000e+00,0.000000e+00,0.000000e+00,0.000000e+00,0.000000e+00,0.000000e+00,0.000000e+00,0.000000e+00,0.000000e+00,0.000000e+00,0.000000e+00
1.000000e+00,0.000000e+00,0.000000e+00,0.000000e+00,0.000000e+00,0.000000e+00,0.000000e+00,0.000000e+00,0.000000e+00,0.000000e+00,0.000000e+00,0.000000e+00,0.000000e+00,0.000000e+00,0.000000e+00
1.000000e+00,0.000000e+00,0.000000e+00,0.000000e+00,0.000000e+00,0.000000e+00,0.000000e+00,0.000000e+00,0.000000e+00,0.000000e+00,0.000000e+00,0.000000e+00,0.000000e+00,0.000000e+00,0.000000e+00
1.000000e+00,0.000000e+00,0.000000e+00,0.000000e+00,0.000000e+00,0.000000e+00,0.000000e+00,0.000000e+00,0.000000e+00,0.000000e+00,0.000000e+00,0.000000e+00,0.000000e+00,0.000000e+00,0.000000e+00
1.000000e+00,0.000000e+00,0.000000e+00,0.000000e+00,0.000000e+00,0.000000e+00,0.000000e+00,0.000000e+00,0.000000e+00,0.000000e+00,0.000000e+00,0.000000e+00,0.000000e+00,0.000000e+00,0.000000e+00
1.000000e+00,0.000000e+00,0.000000e+00,0.000000e+00,0.000000e+00,0.000000e+00,0.000000e+00,0.000000e+00,0.000000e+00,0.000000e+00,0.000000e+00,0.000000e+00,0.000000e+00,0.000000e+00,0.000000e+00
1.000000e+00,0.000000e+00,0.000000e+00,0.000000e+00,0.000000e+00,0.000000e+00,0.000000e+00,0.000000e+00,0.000000e+00,0.000000e+00,0.000000e+00,0.000000e+00,0.000000e+00,0.000000e+00,0.000000e+00
1.000000e+00,0.000000e+00,0.000000e+00,0.000000e+00,0.000000e+00,0.000000e+00,0.000000e+00,0.000000e+00,0.000000e+00,0.000000e+00,0.000000e+00,0.000000e+00,0.000000e+00,0.000000e+00,0.000000e+00
1.000000e+00,0.000000e+00,0.000000e+00,0.000000e+00,0.000000e+00,0.000000e+00,0.000000e+00,0.000000e+00,0.000000e+00,0.000000e+00,0.000000e+00,0.000000e+00,0.000000e+00,0.000000e+00,0.000000e+00
1.000000e+00,0.000000e+00,0.000000e+00,0.000000e+00,0.000000e+00,0.000000e+00,0.000000e+00,0.000000e+00,0.000000e+00,0.000000e+00,0.000000e+00,0.000000e+00,0.000000e+00,0.000000e+00,0.000000e+00
1.000000e+00,0.000000e+00,0.000000e+00,0.000000e+00,0.000000e+00,0.000000e+00,0.000000e+00,0.000000e+00,0.000000e+00,0.000000e+00,0.000000e+00,0.000000e+00,0.000000e+00,0.000000e+00,0.000000e+00
1.000000e+00,0.000000e+00,0.000000e+00,0.000000e+00,0.000000e+00,0.000000e+00,0.000000e+00,0.000000e+00,0.000000e+00,0.000000e+00,0.000000e+00,0.000000e+00,0.000000e+00,0.000000e+00,0.000000e+00
1.000000e+00,0.000000e+00,0.000000e+00,0.000000e+00,0.000000e+00,0.000000e+00,0.000000e+00,0.000000e+00,0.000000e+00,0.000000e+00,0.000000e+00,0.000000e+00,0.000000e+00,0.000000e+00,0.000000e+00
1.000000e+00,0.000000e+00,0.000000e+00,0.000000e+00,0.000000e+00,0.000000e+00,0.000000e+00,0.000000e+00,0.000000e+00,0.000000e+00,0.000000e+00,0.000000e+00,0.000000e+00,0.000000e+00,0.000000e+00
1.000000e+00,0.000000e+00,0.000000e+00,0.000000e+00,0.000000e+00,0.000000e+00,0.000000e+00,0.000000e+00,0.000000e+00,0.000000e+00,0.000000e+00,0.000000e+00,0.000000e+00,0.000000e+00,0.000000e+00
1.000000e+00,0.000000e+00,0.000000e+00,0.000000e+00,0.000000e+00,0.000000e+00,0.000000e+00,0.000000e+00,0.000000e+00,0.000000e+00,0.000000e+00,0.000000e+00,0.000000e+00,0.000000e+00,0.000000e+00
1.000000e+00,0.000000e+00,0.000000e+00,0.000000e+00,0.000000e+00,0.000000e+00,0.000000e+00,0.000000e+00,0.000000e+00,0.000000e+00,0.000000e+00,0.000000e+00,0.000000e+00,0.000000e+00,0.000000e+00
1.000000e+00,0.000000e+00,0.000000e+00,0.000000e+00,0.000000e+00,0.000000e+00,0.000000e+00,0.000000e+00,0.000000e+00,0.000000e+00,0.000000e+00,0.000000e+00,0.000000e+00,0.000000e+00,0.000000e+00
1.000000e+00,0.000000e+00,0.000000e+00,0.000000e+00,0.000000e+00,0.000000e+00,0.000000e+00,0.000000e+00,0.000000e+00,0.000000e+00,0.000000e+00,0.000000e+00,0.000000e+00,0.000000e+00,0.000000e+00
1.000000e+00,0.000000e+00,0.000000e+00,0.000000e+00,0.000000e+00,0.000000e+00,0.000000e+00,0.000000e+00,0.000000e+00,0.000000e+00,0.000000e+00,0.000000e+00,0.000000e+00,0.000000e+00,0.000000e+00
1.000000e+00,0.000000e+00,0.000000e+00,0.000000e+00,0.000000e+00,0.000000e+00,0.000000e+00,0.000000e+00,0.000000e+00,0.000000e+00,0.000000e+00,0.000000e+00,0.000000e+00,0.000000e+00,0.000000e+00
1.000000e+00,0.000000e+00,0.000000e+00,0.000000e+00,0.000000e+00,0.000000e+00,0.000000e+00,0.000000e+00,0.000000e+00,0.000000e+00,0.000000e+00,0.000000e+00,0.000000e+00,0.000000e+00,0.000000e+00
1.000000e+00,0.000000e+00,0.000000e+00,0.000000e+00,0.000000e+00,0.000000e+00,0.000000e+00,0.000000e+00,0.000000e+00,0.000000e+00,0.000000e+00,0.000000e+00,0.000000e+00,0.000000e+00,0.000000e+00
1.000000e+00,0.000000e+00,0.000000e+00,0.000000e+00,0.000000e+00,0.000000e+00,0.000000e+00,0.000000e+00,0.000000e+00,0.000000e+00,0.000000e+00,0.000000e+00,0.000000e+00,0.000000e+00,0.000000e+00
1.000000e+00,0.000000e+00,0.000000e+00,0.000000e+00,0.000000e+00,0.000000e+00,0.000000e+00,0.000000e+00,0.000000e+00,0.000000e+00,0.000000e+00,0.000000e+00,0.000000e+00,0.000000e+00,0.000000e+00
1.000000e+00,0.000000e+00,0.000000e+00,0.000000e+00,0.000000e+00,0.000000e+00,0.000000e+00,0.000000e+00,0.000000e+00,0.000000e+00,0.000000e+00,0.000000e+00,0.000000e+00,0.000000e+00,0.000000e+00
1.000000e+00,0.000000e+00,0.000000e+00,0.000000e+00,0.000000e+00,0.000000e+00,0.000000e+00,0.000000e+00,0.000000e+00,0.000000e+00,0.000000e+00,0.000000e+00,0.000000e+00,0.000000e+00,0.000000e+00
1.000000e+00,0.000000e+00,0.000000e+00,0.000000e+00,0.000000e+00,0.000000e+00,0.000000e+00,0.000000e+00,0.000000e+00,0.000000e+00,0.000000e+00,0.000000e+00,0.000000e+00,0.000000e+00,0.000000e+00
1.000000e+00,0.000000e+00,0.000000e+00,0.000000e+00,0.000000e+00,0.000000e+00,0.000000e+00,0.000000e+00,0.000000e+00,0.000000e+00,0.000000e+00,0.000000e+00,0.000000e+00,0.000000e+00,0.000000e+00
1.000000e+00,0.000000e+00,0.000000e+00,0.000000e+00,0.000000e+00,0.000000e+00,0.000000e+00,0.000000e+00,0.000000e+00,0.000000e+00,0.000000e+00,0.000000e+00,0.000000e+00,0.000000e+00,0.000000e+00
1.000000e+00,0.000000e+00,0.000000e+00,0.000000e+00,0.000000e+00,0.000000e+00,0.000000e+00,0.000000e+00,0.000000e+00,0.000000e+00,0.000000e+00,0.000000e+00,0.000000e+00,0.000000e+00,0.000000e+00
1.000000e+00,0.000000e+00,0.000000e+00,0.000000e+00,0.000000e+00,0.000000e+00,0.000000e+00,0.000000e+00,0.000000e+00,0.000000e+00,0.000000e+00,0.000000e+00,0.000000e+00,0.000000e+00,0.000000e+00
1.000000e+00,0.000000e+00,0.000000e+00,0.000000e+00,0.000000e+00,0.000000e+00,0.000000e+00,0.000000e+00,0.000000e+00,0.000000e+00,0.000000e+00,0.000000e+00,0.000000e+00,0.000000e+00,0.000000e+00
1.000000e+00,0.000000e+00,0.000000e+00,0.000000e+00,0.000000e+00,0.000000e+00,0.000000e+00,0.000000e+00,0.000000e+00,0.000000e+00,0.000000e+00,0.000000e+00,0.000000e+00,0.000000e+00,0.000000e+00
1.000000e+00,0.000000e+00,0.000000e+00,0.000000e+00,0.000000e+00,0.000000e+00,0.000000e+00,0.000000e+00,0.000000e+00,0.000000e+00,0.000000e+00,0.000000e+00,0.000000e+00,0.000000e+00,0.000000e+00
1.000000e+00,0.000000e+00,0.000000e+00,0.000000e+00,0.000000e+00,0.000000e+00,0.000000e+00,0.000000e+00,0.000000e+00,0.000000e+00,0.000000e+00,0.000000e+00,0.000000e+00,0.000000e+00,0.000000e+00
1.000000e+00,0.000000e+00,0.000000e+00,0.000000e+00,0.000000e+00,0.000000e+00,0.000000e+00,0.000000e+00,0.000000e+00,0.000000e+00,0.000000e+00,0.000000e+00,0.000000e+00,0.000000e+00,0.000000e+00
3.919851e-01,5.680072e-02,8.125814e-03,1.398060e-01,4.290151e-03,2.152065e-02,1.969458e-03,5.219592e-03,9.918007e-02,2.469058e-02,3.632144e-02,8.748065e-03,1.418608e-02,4.145266e-03,1.830110e-01
2.793909e-01,5.431404e-02,7.896258e-03,1.165552e-01,4.854608e-03,3.611589e-02,1.861355e-03,5.136681e-03,9.175034e-02,3.772222e-02,3.884800e-02,6.811933e-03,1.282888e-02,1.459846e-02,2.913153e-01
1.997490e-01,5.074392e-02,1.097053e-02,9.230608e-02,4.413560e-03,2.736508e-02,1.441755e-03,5.022949e-03,9.976566e-02,4.957489e-02,3.041875e-02,6.101327e-03,1.165146e-02,2.762212e-02,3.828530e-01
1.554611e-01,4.261929e-02,8.371729e-03,6.571604e-02,4.392063e-03,2.104807e-02,1.239646e-03,3.990022e-03,9.769905e-02,4.039686e-02,2.255732e-02,5.000565e-03,9.760345e-03,1.546642e-01,3.670838e-01
1.096099e-01,3.079578e-02,5.974815e-03,4.605718e-02,3.533944e-03,1.603385e-02,9.197256e-04,2.817582e-03,9.592585e-02,3.619212e-02,1.725058e-02,4.064862e-03,7.972161e-03,2.136301e-01,4.092216e-01
7.748100e-02,2.484680e-02,4.382175e-03,3.282982e-02,2.738580e-03,1.408762e-02,7.155730e-04,1.992083e-03,2.225251e-01,3.828276e-02,1.278946e-02,3.054755e-03,7.452361e-03,1.649001e-01,3.919218e-01
6.027117e-02,1.992269e-02,3.313338e-03,2.410470e-02,3.285929e-03,1.542308e-02,7.145783e-04,1.473918e-03,2.164069e-01,4.288054e-02,9.606651e-03,2.453289e-03,8.358004e-03,1.305797e-01,4.612056e-01
4.649714e-02,1.964486e-02,2.556366e-03,1.711864e-02,2.739472e-03,1.313545e-02,5.553724e-04,1.074539e-03,2.110958e-01,3.941594e-02,7.543908e-03,1.999428e-03,7.315797e-03,1.733959e-01,4.559114e-01
3.528320e-02,1.416874e-02,1.819966e-03,1.200532e-02,2.089793e-03,1.090953e-02,4.139553e-04,7.598262e-04,1.811798e-01,2.947788e-02,6.005106e-03,1.491221e-03,5.650372e-03,2.348340e-01,4.639113e-01
2.737813e-02,1.172900e-02,2.235124e-03,8.652600e-03,3.517145e-03,9.006471e-03,4.718697e-04,5.933330e-04,1.776599e-01,2.412061e-02,5.106991e-03,1.230774e-03,5.235676e-03,2.454938e-01,4.775686e-01
2.373862e-02,1.289859e-02,3.189616e-03,7.658768e-03,3.446629e-03,7.851165e-03,4.225035e-04,5.010149e-04,1.546812e-01,2.171366e-02,4.212779e-03,1.118657e-03,4.813343e-03,2.142390e-01,5.395144e-01
1.924647e-02,1.220258e-02,2.965565e-03,5.837054e-03,3.079465e-03,6.268528e-03,3.359637e-04,4.033843e-04,1.311312e-01,2.103363e-02,3.438046e-03,1.055207e-03,4.072276e-03,1.971788e-01,5.917518e-01
1.813895e-02,1.084594e-02,2.488522e-03,4.218705e-03,2.672422e-03,4.974574e-03,2.573647e-04,4.250526e-04,1.076760e-01,1.998383e-02,2.883058e-03,1.116776e-03,3.276351e-03,2.232352e-01,5.978072e-01
1.473023e-02,8.305299e-03,1.970760e-03,3.101410e-03,2.203135e-03,3.923794e-03,2.045452e-04,3.675057e-04,8.662707e-02,1.785538e-02,2.763105e-03,1.094084e-03,2.484695e-03,1.821742e-01,6.721947e-01
1.174880e-02,6.196367e-03,1.484891e-03,2.224873e-03,1.762798e-03,3.027049e-03,1.565878e-04,2.871432e-04,6.924412e-02,2.098499e-02,2.463590e-03,9.988742e-04,1.896797e-03,1.387272e-01,7.387959e-01
1.259144e-02,6.244202e-03,1.197785e-03,1.993270e-03,1.373474e-03,2.672564e-03,1.313655e-04,2.348356e-04,6.931722e-02,1.806325e-02,4.705384e-03,1.641408e-03,2.065190e-03,1.151130e-01,7.626556e-01
1.383386e-02,4.854771e-03,9.117305e-04,1.747339e-03,1.065037e-03,2.409715e-03,1.442035e-04,1.995084e-04,7.855842e-02,2.625443e-02,7.687990e-03,2.819100e-03,4.228595e-03,1.036333e-01,7.516520e-01
1.201937e-02,3.742629e-03,7.737627e-04,1.287436e-03,7.967929e-04,1.827902e-03,1.265853e-04,1.450312e-04,9.725687e-02,4.314727e-02,8.198925e-03,2.244740e-03,4.630155e-03,1.376201e-01,6.861824e-01
8.492387e-03,2.685009e-03,5.845753e-04,9.096517e-04,5.723877e-04,1.306655e-03,9.066844e-05,1.071935e-04,1.551268e-01,6.459677e-02,8.191634e-03,1.840924e-03,5.612749e-03,1.289069e-01,6.209756e-01
5.962331e-03,1.883568e-03,4.207874e-04,6.446046e-04,4.025373e-04,9.274758e-04,6.408438e-05,7.706467e-05,2.361403e-01,1.196772e-01,6.478678e-03,1.461243e-03,5.129891e-03,1.031091e-01,5.176212e-01
4.196482e-03,1.343249e-03,3.591212e-04,4.588990e-04,2.877378e-04,6.650362e-04,4.769456e-05,5.541150e-05,1.918602e-01,9.925692e-02,5.412490e-03,1.134369e-03,4.723052e-03,1.283271e-01,5.618722e-01
2.955762e-03,1.018227e-03,4.766118e-04,3.492682e-04,2.391703e-04,5.307427e-04,3.766665e-05,5.140237e-05,1.569537e-01,7.092495e-02,9.199750e-03,9.449845e-04,8.794448e-03,1.167888e-01,6.307346e-01
2.078790e-03,7.507383e-04,5.193081e-04,2.539085e-04,1.845491e-04,4.009149e-04,3.070986e-05,3.977651e-05,1.237293e-01,5.344304e-02,7.730015e-03,1.059081e-03,8.303881e-03,9.243703e-02,7.090390e-01
1.467553e-03,5.412978e-04,4.431806e-04,2.213643e-04,1.611173e-04,3.158387e-04,3.062462e-05,3.870970e-05,9.428777e-02,3.912741e-02,9.301566e-03,1.189208e-03,7.645147e-03,7.816683e-02,7.670624e-01
1.062795e-03,4.220435e-04,3.976720e-04,2.204548e-04,4.276414e-04,2.473122e-04,3.697893e-05,3.670572e-05,6.871291e-02,3.629328e-02,1.012503e-02,1.675929e-03,9.009198e-03,5.905625e-02,8.122758e-01
7.620892e-04,3.042742e-04,3.087778e-04,2.452405e-04,5.421162e-04,2.166489e-04,4.034011e-05,2.884828e-05,4.888313e-02,3.677626e-02,9.174320e-03,2.714745e-03,9.804806e-03,4.852392e-02,8.416745e-01
5.615014e-04,2.336848e-04,2.780555e-04,4.385012e-04,6.129189e-04,6.300738e-04,6.167776e-05,2.261192e-05,3.458040e-02,2.907756e-02,8.611892e-03,4.632720e-03,1.036733e-02,3.577807e-02,8.741130e-01
4.780903e-04,1.723158e-04,2.842240e-04,9.684322e-04,4.463444e-03,1.190213e-03,9.641467e-05,7.774222e-05,2.457700e-02,2.200630e-02,1.438053e-02,7.517251e-03,1.245953e-02,3.378596e-02,8.775426e-01
5.780234e-04,3.521218e-04,5.946360e-03,1.763573e-03,2.032575e-02,1.177615e-03,3.764499e-03,9.584502e-04,1.904134e-02,2.131260e-02,3.121878e-02,1.571832e-02,1.627175e-02,4.288206e-02,8.186888e-01
1.438194e-03,1.023175e-03,1.072172e-02,2.238453e-03,5.220772e-02,1.787644e-03,5.616208e-03,1.701143e-03,1.506605e-02,3.563111e-02,4.016989e-02,5.121301e-02,2.130786e-02,7.340167e-02,6.864761e-01
2.944504e-03,9.610342e-04,1.467398e-02,2.569503e-03,5.291963e-02,8.959716e-03,7.861082e-03,9.632086e-03,1.233517e-02,3.759922e-02,6.518400e-02,1.637338e-01,2.532949e-02,1.084057e-01,4.868911e-01
3.062542e-03,7.937916e-04,1.198997e-02,2.559286e-03,4.578838e-02,8.339759e-03,6.394720e-03,8.776986e-03,9.472471e-03,3.270178e-02,5.246951e-02,2.851207e-01,2.445941e-02,1.647895e-01,3.432812e-01
5.486833e-03,7.844603e-04,1.059894e-02,2.260001e-03,3.616591e-02,7.219066e-03,4.941515e-03,1.135691e-02,7.471034e-03,2.895666e-02,4.699772e-02,4.058273e-01,3.586638e-02,1.548650e-01,2.412023e-01
4.590974e-03,7.054529e-04,9.130947e-03,1.859839e-03,2.710011e-02,5.341977e-03,3.972790e-03,9.471202e-03,6.241661e-03,2.513250e-02,3.784117e-02,5.419542e-01,3.771292e-02,1.198270e-01,1.691174e-01
4.600204e-03,8.881955e-04,9.501819e-03,1.560027e-03,2.489210e-02,4.501913e-03,6.125211e-03,1.025368e-02,5.532892e-03,2.259731e-02,2.984079e-02,6.339151e-01,3.692445e-02,8.995288e-02,1.189135e-01
4.797835e-03,9.185404e-04,9.515580e-03,2.859636e-03,1.953217e-02,4.744170e-03,5.205551e-03,3.468300e-02,5.077960e-03,2.140763e-02,2.996510e-02,6.568996e-01,4.775566e-02,7.309296e-02,8.354466e-02
4.399697e-03,8.757145e-04,8.095745e-03,3.138577e-03,1.886359e-02,3.797018e-03,7.630200e-03,4.308005e-02,6.506244e-03,2.516720e-02,2.933525e-02,6.825715e-01,5.245371e-02,5.530698e-02,5.877849e-02
9.954436e-03,1.822377e-03,9.846147e-03,3.051937e-03,2.004796e-02,5.464172e-03,7.940538e-03,4.858395e-02,8.255709e-03,2.122252e-02,2.465709e-02,7.025400e-01,5.302048e-02,4.207815e-02,4.151452e-02
1.338319e-02,2.982859e-03,1.065991e-02,2.489137e-03,2.023465e-02,6.364387e-03,9.081215e-03,4.083132e-02,9.072287e-03,2.015668e-02,1.924909e-02,7.323989e-01,4.671198e-02,3.641796e-02,2.996641e-02
1.919103e-02,2.618914e-03,8.902022e-03,2.061213e-03,1.845127e-02,9.018475e-03,1.106365e-02,3.586255e-02,8.478635e-03,1.732688e-02,1.479446e-02,7.605462e-01,4.234498e-02,2.772779e-02,2.161193e-02
3.200287e-02,1.518360e-02,3.266782e-02,1.981398e-02,1.834836e-02,1.750695e-02,9.126728e-03,3.584284e-02,1.583646e-02,1.484167e-02,1.417370e-02,6.819459e-01,4.994077e-02,2.328492e-02,1.948342e-02
3.447203e-02,1.903007e-02,2.560057e-02,1.541890e-02,1.811773e-02,2.313970e-02,8.299852e-03,3.195522e-02,2.399842e-02,1.317906e-02,1.489796e-02,6.722717e-01,6.548156e-02,1.880813e-02,1.532910e-02
4.460169e-02,1.912369e-02,2.028652e-02,1.167309e-02,1.558516e-02,2.032096e-02,7.469633e-03,2.634661e-02,2.366852e-02,1.180078e-02,1.462741e-02,6.803713e-01,7.620117e-02,1.614729e-02,1.177625e-02
4.777578e-02,1.799022e-02,1.967657e-02,1.019364e-02,1.345960e-02,2.023055e-02,7.478801e-03,2.606929e-02,2.466728e-02,1.018266e-02,1.461933e-02,6.976505e-01,6.863283e-02,1.228686e-02,9.086147e-03
4.338220e-02,1.802068e-02,2.172421e-02,9.464765e-03,1.938743e-02,1.573122e-02,1.092362e-02,2.114411e-02,2.980556e-02,1.113319e-02,1.548072e-02,7.101086e-01,5.703868e-02,9.179750e-03,7.475333e-03
6.738070e-02,1.897657e-02,1.878321e-02,2.742046e-02,1.892998e-02,3.951140e-02,8.718783e-03,1.819967e-02,2.760904e-02,1.168798e-02,2.511995e-02,5.703056e-01,1.234973e-01,1.073243e-02,1.312705e-02
6.125882e-02,1.703501e-02,1.391922e-02,2.506080e-02,2.504997e-02,4.028366e-02,7.099606e-03,1.397288e-02,3.703872e-02,2.297055e-02,9.402445e-02,4.663165e-01,1.206001e-01,3.033892e-02,2.503095e-02
5.090922e-02,1.361167e-02,1.068143e-02,1.992767e-02,2.958669e-02,3.717741e-02,6.867626e-03,1.054773e-02,8.231018e-02,2.742852e-02,1.184281e-01,3.532351e-01,9.846666e-02,9.320160e-02,4.762052e-02
3.618390e-02,9.788647e-03,7.663739e-03,1.641924e-02,2.521237e-02,2.697942e-02,4.930440e-03,7.547113e-03,1.536134e-01,2.867152e-02,1.629303e-01,2.552834e-01,9.050486e-02,1.288218e-01,4.544987e-02
2.648972e-02,8.094422e-03,6.831188e-03,1.703943e-02,3.339660e-02,1.904261e-02,3.672840e-03,5.871968e-03,1.838566e-01,2.755049e-02,2.437972e-01,2.018889e-01,8.109216e-02,1.053132e-01,3.606267e-02
1.982470e-02,6.012069e-03,6.362913e-03,2.002125e-02,2.869387e-02,1.381397e-02,2.642225e-03,4.761141e-03,2.470749e-01,3.487362e-02,2.253205e-01,1.449276e-01,5.936836e-02,1.499010e-01,3.640185e-02
1.505055e-02,4.673212e-03,5.990407e-03,1.580633e-02,2.146813e-02,1.010690e-02,1.896737e-03,3.806214e-03,2.826053e-01,3.190232e-02,1.927571e-01,1.030689e-01,4.305140e-02,2.336277e-01,3.418884e-02
1.119765e-02,4.100835e-03,7.388744e-03,3.212500e-02,1.666347e-02,7.267857e-03,1.356259e-03,2.991764e-03,4.632359e-01,2.322996e-02,1.366324e-01,7.218558e-02,3.040920e-02,1.659811e-01,2.523427e-02
1.331984e-02,4.514012e-03,1.881914e-02,2.342915e-02,1.395589e-02,5.549106e-03,1.080084e-03,4.582098e-03,4.511543e-01,1.813036e-02,1.015688e-01,5.069317e-02,2.209041e-02,2.397050e-01,3.140865e-02
1.302990e-02,3.875154e-03,1.680975e-02,1.726316e-02,1.136767e-02,4.630489e-03,8.215103e-04,4.325781e-03,4.082895e-01,1.724700e-02,7.403369e-02,3.555952e-02,1.609927e-02,3.371349e-01,3.951266e-02
1.149626e-02,4.355217e-03,1.790224e-02,1.722656e-02,8.916834e-03,4.175450e-03,6.013872e-04,3.624047e-03,4.172743e-01,1.356480e-02,5.916414e-02,2.506146e-02,1.521754e-02,3.041853e-01,9.723445e-02
1.159963e-02,3.394379e-03,1.373473e-02,1.307925e-02,6.583198e-03,3.689398e-03,4.507544e-04,3.493314e-03,3.225261e-01,1.073474e-02,6.046939e-02,1.784373e-02,1.318261e-02,3.845456e-01,1.346732e-01
1.756007e-02,3.025048e-03,1.497743e-02,1.034615e-02,5.343239e-03,3.795804e-03,3.817168e-04,5.559862e-03,2.344662e-01,8.061092e-03,5.035240e-02,1.303127e-02,1.188248e-02,4.510764e-01,1.701408e-01
1.465209e-02,2.231388e-03,1.160553e-02,9.060383e-03,5.738926e-03,1.013530e-02,4.742239e-04,1.135750e-02,1.715696e-01,8.298796e-03,5.369519e-02,1.160008e-02,4.016591e-02,5.007161e-01,1.486990e-01
1.416260e-02,2.000262e-03,9.456435e-03,9.966304e-03,7.175332e-03,2.207405e-02,1.055817e-03,1.409672e-02,1.314898e-01,1.065537e-02,5.564590e-02,1.533629e-02,1.269108e-01,4.429835e-01,1.369908e-01
1.571194e-02,1.887655e-03,8.966204e-03,1.128350e-02,6.244514e-03,2.291926e-02,1.018117e-03,1.108736e-02,1.091331e-01,1.068886e-02,5.845320e-02,3.282798e-02,2.747298e-01,3.129783e-01,1.220702e-01
1.632997e-02,1.662835e-03,7.339657e-03,8.986381e-03,5.208627e-03,2.467986e-02,1.399839e-03,9.338841e-03,8.173023e-02,9.444611e-03,4.970945e-02,3.872000e-02,4.138212e-01,2.200246e-01,1.116040e-01
1.340476e-02,1.866151e-03,8.960978e-03,6.642479e-03,8.185044e-03,1.922370e-02,1.157675e-02,6.943427e-02,6.066650e-02,7.202406e-03,4.055135e-02,5.010206e-02,4.625170e-01,1.545467e-01,8.511990e-02
1.108667e-02,2.601882e-03,8.854824e-03,4.982702e-03,9.414937e-03,1.967124e-02,1.242527e-02,5.916043e-02,4.500341e-02,5.620257e-03,3.025649e-02,5.132309e-02,5.680728e-01,1.084775e-01,6.304856e-02
1.099320e-02,2.846649e-03,2.514909e-02,6.243040e-03,1.501252e-02,2.029364e-02,4.518730e-02,6.856500e-02,7.303155e-02,5.847677e-03,2.454194e-02,4.076457e-02,5.383019e-01,7.613640e-02,4.708559e-02
1.395271e-02,6.529350e-03,2.014812e-02,5.401146e-03,1.340114e-02,5.975962e-02,3.268736e-02,5.262719e-02,6.955480e-02,5.223748e-03,1.892480e-02,3.098608e-02,5.742117e-01,5.378269e-02,4.280963e-02
1.308726e-02,8.296752e-03,1.574162e-02,4.126779e-03,1.238689e-02,7.073737e-02,2.393580e-02,4.147042e-02,5.222186e-02,3.984627e-03,1.438937e-02,2.596933e-02,6.433785e-01,3.802080e-02,3.225267e-02
1.288179e-02,8.798504e-03,1.298075e-02,4.081608e-03,1.335722e-02,7.584368e-02,2.094457e-02,4.197858e-02,4.103827e-02,3.495955e-03,1.102006e-02,2.127339e-02,6.806637e-01,2.679123e-02,2.485074e-02
1.432869e-02,1.496989e-02,5.140172e-02,7.808805e-02,1.110260e-02,5.542007e-02,1.507041e-02,3.049829e-02,7.365900e-02,1.003958e-02,1.082977e-02,1.544476e-02,4.991153e-01,1.888694e-02,1.011450e-01
1.725519e-02,1.539487e-02,4.845922e-02,1.737632e-01,1.726872e-02,4.247281e-02,1.257863e-02,2.266524e-02,7.835399e-02,1.026730e-02,2.685222e-02,1.384782e-02,4.035781e-01,1.382555e-02,1.034171e-01
1.921990e-02,2.984390e-02,4.272957e-02,1.969209e-01,2.304455e-02,3.222076e-02,1.006944e-02,1.764224e-02,1.240841e-01,9.974828e-03,2.794441e-02,1.563488e-02,3.403383e-01,1.133736e-02,9.899487e-02
2.665914e-02,3.234838e-02,3.374982e-02,1.514855e-01,2.791574e-02,2.505560e-02,1.019134e-02,1.594159e-02,1.073958e-01,7.701601e-03,3.017456e-02,2.086783e-02,4.148324e-01,8.874004e-03,8.680667e-02
2.183886e-02,2.373186e-02,2.557895e-02,1.087645e-01,2.152281e-02,1.965154e-02,7.502087e-03,1.132219e-02,7.728696e-02,5.573920e-03,2.587879e-02,2.996492e-02,5.521933e-01,6.580810e-03,6.260853e-02
1.704378e-02,1.729064e-02,1.868702e-02,7.649238e-02,1.580091e-02,1.648769e-02,5.361182e-03,7.948745e-03,5.547583e-02,4.807354e-03,2.355940e-02,4.182908e-02,6.468435e-01,5.389228e-03,4.698322e-02
1.580713e-02,1.385049e-02,1.421648e-02,5.631586e-02,1.240398e-02,2.895177e-02,3.940682e-03,5.706037e-03,4.286924e-02,5.250922e-03,2.742553e-02,4.879453e-02,6.846143e-01,5.155944e-03,3.469707e-02
1.305187e-02,1.070733e-02,1.078410e-02,4.031043e-02,9.195262e-03,2.791044e-02,2.800522e-03,4.100068e-03,3.771089e-02,1.248349e-02,4.968042e-02,1.050736e-01,6.471813e-01,3.976567e-03,2.503366e-02
1.039947e-02,8.294414e-03,8.211088e-03,2.862071e-02,6.921079e-03,2.270044e-02,1.991969e-03,2.953738e-03,3.518206e-02,3.040445e-02,6.727711e-02,1.687329e-01,5.869082e-01,2.960256e-03,1.844209e-02
9.754123e-03,6.171819e-03,6.813220e-03,2.058557e-02,5.271198e-03,1.839359e-02,1.487724e-03,2.178591e-03,3.041418e-02,1.503654e-01,7.622255e-02,1.726301e-01,4.836962e-01,2.541105e-03,1.347461e-02
7.393948e-03,4.735678e-03,5.493881e-03,1.507059e-02,4.193844e-03,1.322251e-02,1.725193e-03,1.598388e-03,2.606204e-02,3.405160e-01,6.349576e-02,1.439743e-01,3.603212e-01,1.884609e-03,1.031205e-02
9.055788e-03,3.657958e-03,4.060351e-03,1.114583e-02,3.513684e-03,9.577624e-03,1.610375e-03,1.167324e-03,2.496825e-02,4.619473e-01,5.555680e-02,1.275368e-01,2.750517e-01,1.595547e-03,9.554714e-03
6.933277e-03,2.627999e-03,3.014434e-03,7.955985e-03,3.203510e-03,7.053859e-03,1.201137e-03,1.108927e-03,2.094476e-02,5.801535e-01,5.021886e-02,9.619710e-02,2.092117e-01,1.683075e-03,8.491929e-03
5.113367e-03,1.867385e-03,2.155312e-03,5.699104e-03,2.701777e-03,5.291363e-03,8.815044e-04,9.022526e-04,1.607811e-02,6.606463e-01,4.982013e-02,7.897170e-02,1.611084e-01,1.489478e-03,7.273784e-03
4.456441e-03,1.650698e-03,1.685271e-03,5.200857e-03,2.240041e-02,3.798759e-03,9.107116e-04,1.873115e-03,7.962257e-02,6.020690e-01,4.263787e-02,9.839754e-02,1.277281e-01,1.236127e-03,6.332562e-03
4.395833e-03,2.393637e-03,2.432323e-03,9.090230e-03,4.934760e-02,3.239749e-03,1.555095e-03,1.947097e-02,1.598212e-01,5.268219e-01,3.558897e-02,7.920404e-02,9.981641e-02,1.127306e-03,5.694750e-03
4.601985e-03,4.067331e-03,2.707297e-03,9.189195e-03,5.074132e-02,3.030922e-03,1.368612e-03,1.801830e-02,3.070807e-01,4.251507e-01,2.982045e-02,6.277226e-02,7.578099e-02,9.972005e-04,4.672764e-03
4.853311e-03,6.791855e-03,4.035091e-03,2.674162e-02,4.394501e-02,3.482598e-03,1.302761e-03,1.621052e-02,4.471737e-01,3.152600e-01,2.253825e-02,4.639973e-02,5.562781e-02,9.231211e-04,4.714656e-03
5.862572e-03,8.426117e-03,4.635390e-03,3.255707e-02,3.795961e-02,5.807256e-03,1.085333e-03,1.307885e-02,5.579880e-01,2.335169e-01,1.784288e-02,3.419365e-02,4.153615e-02,8.445050e-04,4.665613e-03
2.441844e-02,7.262235e-03,4.855874e-03,3.098421e-02,6.874975e-02,7.350618e-03,1.248624e-03,1.638844e-02,5.965645e-01,1.686555e-01,1.424742e-02,2.438782e-02,3.011123e-02,8.687666e-04,3.906533e-03
3.562155e-02,1.095167e-02,6.967562e-03,8.436443e-02,6.295740e-02,7.162207e-03,1.245727e-03,2.646130e-02,5.485575e-01,1.401531e-01,1.793603e-02,2.073945e-02,2.422225e-02,1.821985e-03,1.083779e-02
5.026950e-02,2.069734e-02,7.274381e-03,7.016382e-02,5.115223e-02,9.279093e-03,1.351445e-03,3.004055e-02,5.425158e-01,1.102320e-01,2.138353e-02,2.038663e-02,2.196587e-02,3.332731e-03,3.995522e-02
7.170314e-02,3.626249e-02,7.173344e-03,6.869765e-02,6.060136e-02,9.308852e-03,1.997367e-03,3.168087e-02,5.153496e-01,8.964043e-02,2.527375e-02,2.004114e-02,2.014852e-02,4.100411e-03,3.802114e-02
8.493581e-02,3.702730e-02,6.677222e-03,8.099133e-02,1.028285e-01,1.096456e-02,2.642062e-03,5.432456e-02,4.446695e-01,6.774689e-02,3.148280e-02,1.899164e-02,1.904332e-02,4.377592e-03,3.329685e-02
7.056517e-02,3.235515e-02,6.751250e-03,8.123419e-02,7.505365e-02,1.121763e-02,2.267565e-03,3.988024e-02,3.378716e-01,4.931739e-02,1.160758e-01,8.392585e-02,5.842853e-02,3.752416e-03,3.130351e-02
5.064664e-02,2.436203e-02,5.362975e-03,5.988317e-02,5.301609e-02,8.486939e-03,1.782038e-03,2.809052e-02,2.507640e-01,3.720034e-02,2.364199e-01,1.331746e-01,8.397178e-02,3.359305e-03,2.347972e-02
3.793216e-02,1.866596e-02,5.060146e-03,4.504183e-02,3.915807e-02,6.984633e-03,1.496247e-03,1.998532e-02,2.064442e-01,4.072570e-02,3.306436e-01,1.391423e-01,8.627531e-02,3.152410e-03,1.929219e-02
2.890764e-02,1.507166e-02,4.389565e-03,3.351161e-02,3.204947e-02,7.536488e-03,1.476017e-03,1.441315e-02,2.012872e-01,3.507445e-02,3.913103e-01,1.346758e-01,7.816699e-02,3.121423e-03,1.900821e-02
2.429821e-02,1.315571e-02,3.949916e-03,2.545999e-02,2.526687e-02,1.002588e-02,1.709046e-03,1.070483e-02,1.912827e-01,3.164805e-02,4.143786e-01,1.472013e-01,7.329517e-02,4.543313e-03,2.308048e-02
1.998049e-02,1.360493e-02,4.919056e-03,1.858113e-02,2.209404e-02,1.960099e-02,2.861065e-03,9.931087e-03,1.856593e-01,2.736734e-02,3.681029e-01,1.492451e-01,1.030181e-01,7.957578e-03,4.707684e-02
1.627259e-02,1.825220e-02,4.818670e-03,1.316038e-02,1.719953e-02,8.538483e-02,4.057248e-03,8.739075e-03,1.958309e-01,2.150286e-02,2.831453e-01,1.667232e-01,1.209891e-01,6.957338e-03,3.696676e-02
1.249309e-02,1.699838e-02,3.775191e-03,9.335247e-03,1.414769e-02,9.840155e-02,5.104729e-03,9.116655e-03,1.813736e-01,1.597936e-02,2.097411e-01,2.103189e-01,1.783964e-01,5.785163e-03,2.903280e-02
9.324948e-03,2.329183e-02,3.981556e-03,7.443232e-03,1.076409e-02,8.892988e-02,3.930469e-03,6.988063e-03,1.838294e-01,1.219175e-02,1.617101e-01,2.811052e-01,1.747276e-01,6.042060e-03,2.573980e-02
6.981590e-03,2.161461e-02,3.182050e-03,5.541748e-03,7.982897e-03,7.084338e-02,2.892960e-03,5.115114e-03,1.868982e-01,9.195291e-03,1.263003e-01,3.787000e-01,1.443824e-01,6.176854e-03,2.419257e-02
5.485545e-03,2.404004e-02,2.703710e-03,3.987822e-03,6.200735e-03,5.782995e-02,2.215403e-03,3.918701e-03,2.298098e-01,6.810314e-03,9.479082e-02,4.178457e-01,1.197629e-01,5.356723e-03,1.924173e-02
8.625092e-03,2.802797e-02,6.064590e-03,3.116998e-03,8.331699e-03,4.983046e-02,6.783500e-03,1.123569e-02,2.467254e-01,6.544277e-03,6.960229e-02,4.265416e-01,1.063779e-01,5.651784e-03,1.654069e-02
2.256838e-02,3.758211e-02,7.494389e-03,3.603370e-03,1.127693e-02,4.805335e-02,6.152340e-03,1.429712e-02,2.238816e-01,5.809740e-03,5.222201e-02,4.175954e-01,1.293528e-01,6.057557e-03,1.405286e-02
2.608565e-02,1.003042e-01,1.170455e-02,5.059212e-03,1.306326e-02,4.443710e-02,5.619095e-03,1.155872e-02,2.124727e-01,1.477756e-02,4.087854e-02,3.802220e-01,1.119277e-01,6.360620e-03,1.552900e-02
3.219004e-02,1.257852e-01,1.140519e-02,4.330224e-03,1.347015e-02,4.815993e-02,6.731823e-03,1.067543e-02,2.487290e-01,1.460435e-02,3.207140e-02,3.391228e-01,9.224755e-02,6.505607e-03,1.397126e-02
3.537117e-02,1.003096e-01,6.587174e-02,4.135712e-03,1.463814e-02,4.689580e-02,1.084080e-02,6.158255e-02,2.385138e-01,1.462477e-02,2.901776e-02,2.822834e-01,7.644280e-02,7.257669e-03,1.221420e-02
5.668364e-02,8.516577e-02,8.684000e-02,4.074773e-02,3.816104e-02,6.220672e-02,1.280838e-02,4.876815e-02,2.388074e-01,1.411566e-02,2.427095e-02,2.109635e-01,6.011086e-02,5.878648e-03,1.447159e-02
9.076957e-02,7.432930e-02,8.315431e-02,5.704679e-02,4.899004e-02,7.048560e-02,1.721504e-02,3.874858e-02,2.380800e-01,1.295175e-02,2.238882e-02,1.725078e-01,5.341066e-02,5.066329e-03,1.485551e-02
1.227559e-01,5.978809e-02,7.243875e-02,6.718217e-02,5.634751e-02,5.732457e-02,2.607353e-02,4.517050e-02,2.095945e-01,1.107637e-02,2.585876e-02,1.543372e-01,7.227497e-02,4.596101e-03,1.518113e-02
1.226040e-01,4.875545e-02,6.838169e-02,5.064310e-02,9.198610e-02,5.272931e-02,2.728624e-02,3.858895e-02,1.862321e-01,8.724531e-03,2.702508e-02,1.777306e-01,7.785833e-02,4.032017e-03,1.742249e-02
9.808177e-02,3.723804e-02,4.918992e-02,3.691675e-02,6.860661e-02,8.128754e-02,1.976041e-02,2.940778e-02,1.448526e-01,7.553079e-03,4.188325e-02,2.826545e-01,8.540946e-02,3.438587e-03,1.371978e-02
7.280907e-02,2.730394e-02,3.486962e-02,2.621090e-02,4.881435e-02,1.257522e-01,1.429184e-02,2.077245e-02,1.093146e-01,6.738537e-03,3.883643e-02,3.407653e-01,1.184591e-01,2.917537e-03,1.214410e-02
5.339112e-02,2.038341e-02,2.459096e-02,1.859737e-02,3.509032e-02,1.305729e-01,1.040905e-02,1.474073e-02,1.074098e-01,5.777190e-03,3.350544e-02,4.003073e-01,1.326244e-01,2.355249e-03,1.024467e-02
4.232201e-02,1.537318e-02,1.730213e-02,1.331107e-02,2.533046e-02,1.035331e-01,7.692256e-03,1.096351e-02,1.085936e-01,7.297251e-03,2.892187e-02,4.968891e-01,1.126173e-01,1.908861e-03,7.944277e-03
4.558033e-02,1.403461e-02,1.226674e-02,9.863925e-03,1.926251e-02,7.938480e-02,6.882675e-03,1.064573e-02,1.624089e-01,1.099807e-02,2.610769e-02,4.983752e-01,9.593529e-02,1.639209e-03,6.614292e-03
5.132878e-02,2.213902e-02,1.187732e-02,1.231967e-02,1.926368e-02,8.724532e-02,8.855066e-03,1.528157e-02,2.397358e-01,1.651198e-02,2.218202e-02,4.010360e-01,7.843746e-02,1.977921e-03,1.180826e-02
7.885758e-02,2.804765e-02,1.167997e-02,1.944517e-02,2.141930e-02,1.181440e-01,1.374925e-02,1.428280e-02,2.321367e-01,1.696135e-02,1.688102e-02,3.401936e-01,7.415350e-02,1.968577e-03,1.207943e-02
7.996217e-02,3.675689e-02,9.580600e-03,1.501697e-02,2.524961e-02,1.555263e-01,1.437818e-02,1.258479e-02,2.229042e-01,1.927657e-02,1.477330e-02,3.042791e-01,6.998066e-02,2.255729e-03,1.747487e-02
8.502985e-02,6.453084e-02,1.118368e-02,1.272158e-02,2.314036e-02,1.513140e-01,1.474889e-02,9.976153e-03,2.061492e-01,3.231319e-02,1.534103e-02,2.814907e-01,6.881209e-02,3.149246e-03,2.009924e-02
6.906761e-02,6.380045e-02,1.269699e-02,2.126862e-02,2.711053e-02,1.377464e-01,1.405484e-02,7.899086e-03,2.310361e-01,4.593741e-02,2.261722e-02,2.554044e-01,6.800294e-02,3.615720e-03,1.974164e-02
5.374740e-02,6.176654e-02,1.028662e-02,2.439110e-02,2.332575e-02,1.120505e-01,1.055678e-02,6.163365e-03,2.190938e-01,8.526354e-02,2.522905e-02,2.747380e-01,7.198297e-02,4.082090e-03,1.732240e-02
4.163112e-02,5.740818e-02,7.808313e-03,2.206294e-02,2.065397e-02,8.662637e-02,8.200447e-03,5.938698e-03,2.136869e-01,8.494106e-02,2.332842e-02,3.422355e-01,6.505616e-02,5.124404e-03,1.529754e-02
4.201794e-02,5.123978e-02,8.328814e-03,2.224386e-02,3.819196e-02,6.541997e-02,7.018810e-03,7.892503e-03,1.931536e-01,7.161699e-02,2.074186e-02,3.918105e-01,6.026550e-02,5.090305e-03,1.496755e-02
5.558255e-02,3.723248e-02,1.655091e-02,2.420528e-02,2.853717e-02,5.982747e-02,1.357279e-02,1.286933e-01,1.389416e-01,5.294739e-02,1.934611e-02,3.335359e-01,6.342372e-02,5.104244e-03,2.249907e-02
7.425787e-02,3.267707e-02,7.066692e-02,2.834602e-02,2.809414e-02,8.204988e-02,4.593459e-02,1.313780e-01,1.042842e-01,4.081552e-02,1.539950e-02,2.535329e-01,5.977383e-02,3.867028e-03,2.892254e-02
5.879658e-02,2.562138e-02,8.470576e-02,2.197731e-02,2.102157e-02,6.359824e-02,2.414707e-01,1.088306e-01,8.109947e-02,3.065825e-02,1.098100e-02,1.802294e-01,4.575232e-02,2.772283e-03,2.248516e-02
4.276406e-02,1.862209e-02,6.494853e-02,1.551731e-02,1.673275e-02,4.784231e-02,4.314111e-01,8.964817e-02,6.020992e-02,2.186398e-02,7.949654e-03,1.283474e-01,3.537976e-02,1.982214e-03,1.678076e-02
3.179410e-02,1.384708e-02,4.859051e-02,1.105253e-02,1.350174e-02,3.440405e-02,5.775019e-01,7.039982e-02,4.587233e-02,1.552896e-02,5.744383e-03,9.024108e-02,2.767943e-02,1.416004e-03,1.242609e-02
2.283152e-02,1.007682e-02,3.449951e-02,7.844596e-03,1.065089e-02,2.488715e-02,6.708543e-01,5.321096e-02,3.843328e-02,1.115333e-02,7.516290e-03,6.336496e-02,3.057389e-02,1.005222e-03,1.309727e-02
1.655620e-02,7.557368e-03,2.507657e-02,5.611209e-03,9.997521e-03,1.876288e-02,7.215708e-01,4.094224e-02,3.877467e-02,8.602493e-03,1.189043e-02,4.465958e-02,2.863521e-02,7.370742e-04,2.062568e-02
1.345608e-02,6.392766e-03,1.875146e-02,4.067978e-03,1.048616e-02,1.381442e-02,7.202187e-01,3.655785e-02,5.509271e-02,8.849459e-03,1.667184e-02,3.206705e-02,3.168534e-02,6.642694e-04,3.122396e-02
1.633916e-02,7.747736e-03,1.473769e-02,3.795552e-03,1.500979e-02,1.081871e-02,6.903046e-01,3.668188e-02,7.044216e-02,9.196427e-03,1.858074e-02,2.432412e-02,4.128659e-02,7.042655e-04,4.003060e-02
1.969684e-02,9.599544e-03,1.301248e-02,3.996391e-03,1.620212e-02,8.870523e-03,6.718940e-01,3.129416e-02,6.863883e-02,7.955308e-03,1.634622e-02,2.031434e-02,5.769280e-02,6.670522e-04,5.381945e-02
2.256724e-02,1.194042e-02,1.153998e-02,3.938193e-03,1.446733e-02,1.086214e-02,6.000268e-01,2.341541e-02,5.889218e-02,7.731414e-03,3.120221e-02,1.967742e-02,6.982230e-02,6.508886e-04,1.132661e-01
2.990488e-02,1.464211e-02,1.469252e-02,9.071305e-03,1.337319e-02,1.260082e-02,5.373583e-01,2.042425e-02,4.718273e-02,1.290919e-02,4.263140e-02,2.465230e-02,6.386416e-02,9.280111e-04,1.557648e-01
3.358510e-02,2.084173e-02,1.615140e-02,2.091412e-02,1.295239e-02,1.521873e-02,3.947861e-01,1.577500e-02,4.725071e-02,1.662033e-02,9.215720e-02,1.276776e-01,6.859279e-02,1.373829e-03,1.161029e-01
8.372334e-02,1.995408e-02,1.505397e-02,2.990046e-02,1.304822e-02,1.819962e-02,2.865396e-01,1.449901e-02,5.836867e-02,1.953696e-02,1.038170e-01,1.567484e-01,8.522731e-02,2.856450e-03,9.252693e-02
1.162183e-01,2.408530e-02,1.932690e-02,3.630682e-02,1.639824e-02,2.044559e-02,2.065464e-01,1.224635e-02,9.576879e-02,2.103148e-02,1.084142e-01,1.518452e-01,8.509590e-02,4.513855e-03,8.175671e-02
8.999886e-02,1.848006e-02,1.616017e-02,3.002464e-02,2.161676e-02,2.112159e-02,1.488016e-01,2.116980e-02,1.936930e-01,1.834927e-02,9.925435e-02,1.684792e-01,8.647406e-02,4.904077e-03,6.147252e-02
1.023470e-01,1.759308e-02,1.673297e-02,5.402638e-02,3.088172e-02,2.325565e-02,1.131582e-01,2.939615e-02,2.077263e-01,2.010341e-02,8.530885e-02,1.492812e-01,9.195620e-02,5.385468e-03,5.284740e-02
