1.000000e+00,0.000000e+00,0.000000e+00,0.000000e+00,0.000000e+00,0.000000e+00,0.000000e+00,0.000000e+00,0.000000e+00,0.000000e+00,0.000000e+00,0.000000e+00,0.000000e+00,0.000000e+00,0.000000e+00
1.000000e+00,0.000000e+00,0.000000e+00,0.000000e+00,0.000000e+00,0.000000e+00,0.000000e+00,0.000000e+00,0.000000e+00,0.000000e+00,0.000000e+00,0.000000e+00,0.000000e+00,0.000000e+00,0.000000e+00
1.000000e+00,0.000000e+00,0.000000e+00,0.000000e+00,0.000000e+00,0.000000e+00,0.000000e+00,0.000000e+00,0.000000e+00,0.000000e+00,0.000000e+00,0.000000e+00,0.000000e+00,0.000000e+00,0.000000e+00
1.000000e+00,0.000000e+00,0.000000e+00,0.000000e+00,0.000000e+00,0.000000e+00,0.000000e+00,0.000000e+00,0.000000e+00,0.000000e+00,0.000000e+00,0.000000e+00,0.000000e+00,0.000000e+00,0.000000e+00
1.000000e+00,0.000000e+00,0.000000e+00,0.000000e+00,0.000000e+00,0.000000e+00,0.000000e+00,0.000000e+00,0.000000e+00,0.000000e+00,0.000000e+00,0.000000e+00,0.000000e+00,0.000000e+00,0.000000e+00
1.000000e+00,0.000000e+00,0.000000e+00,0.000000e+00,0.000000e+00,0.000000e+00,0.000000e+00,0.000000e+00,0.000000e+00,0.000000e+00,0.000000e+00,0.000000e+00,0.000000e+00,0.000000e+00,0.000000e+00
1.000000e+00,0.000000e+00,0.000000e+00,0.000000e+00,0.000000e+00,0.000000e+00,0.000000e+00,0.000000e+00,0.000000e+00,0.000000e+00,0.000000e+00,0.000000e+00,0.000000e+00,0.000000e+00,0.000000e+00
1.000000e+00,0.000000e+00,0.000000e+00,0.000000e+00,0.000000e+00,0.000000e+00,0.000000e+00,0.000000e+00,0.000000e+00,0.000000e+00,0.000000e+00,0.000000e+00,0.000000e+00,0.000000e+00,0.000000e+00
1.000000e+00,0.000000e+00,0.000000e+00,0.000000e+00,0.000000e+00,0.000000e+00,0.000000e+00,0.000000e+00,0.000000e+00,0.000000e+00,0.000000e+00,0.000000e+00,0.000000e+00,0.000000e+00,0.000000e+00
1.000000e+00,0.000000e+00,0.000000e+00,0.000000e+00,0.000000e+00,0.000000e+00,0.000000e+00,0.000000e+00,0.000000e+00,0.000000e+00,0.000000e+00,0.000000e+00,0.000000e+00,0.000000e+00,0.000000e+00
1.000000e+00,0.000000e+00,0.000000e+00,0.000000e+00,0.000000e+00,0.000000e+00,0.000000e+00,0.000000e+00,0.000000e+00,0.000000e+00,0.000000e+00,0.000000e+00,0.000000e+00,0.000000e+00,0.000000e+00
1.000000e+00,0.000000e+00,0.000000e+00,0.000000e+00,0.000000e+00,0.000000e+00,0.000000e+00,0.000000e+00,0.000000e+00,0.000000e+00,0.000000e+00,0.000000e+00,0.000000e+00,0.000000e+00,0.000000e+00
1.000000e+00,0.000000e+00,0.000000e+00,0.000000e+00,0.000000e+00,0.000000e+00,0.000000e+00,0.000000e+00,0.000000e+00,0.000000e+00,0.000000e+00,0.000000e+00,0.000000e+00,0.000000e+00,0.000000e+00
1.000000e+00,0.000000e+00,0.000000e+00,0.000000e+00,0.000000e+00,0.000000e+00,0.000000e+00,0.000000e+00,0.000000e+00,0.000000e+00,0.000000e+00,0.000000e+00,0.000000e+00,0.000000e+00,0.000000e+00
1.000000e+00,0.000000e+00,0.000000e+00,0.000000e+00,0.000000e+00,0.000000e+00,0.000000e+00,0.000000e+00,0.000000e+00,0.000000e+00,0.000000e+00,0.000000e+00,0.000000e+00,0.000000e+00,0.000000e+00
1.000000e+00,0.000000e+00,0.000000e+00,0.000000e+00,0.000000e+00,0.000000e+00,0.000000e+00,0.000000e+00,0.000000e+00,0.000000e+00,0.000000e+00,0.000000e+00,0.000000e+00,0.000000e+00,0.000000e+00
1.000000e+00,0.000000e+00,0.000000e+00,0.000000e+00,0.000000e+00,0.000000e+00,0.000000e+00,0.000000e+00,0.000000e+00,0.000000e+00,0.000000e+00,0.000000e+00,0.000000e+00,0.000000e+00,0.000000e+00
1.000000e+00,0.000000e+00,0.000000e+00,0.000000e+00,0.000000e+00,0.000000e+00,0.000000e+00,0.000000e+00,0.000000e+00,0.000000e+00,0.000000e+00,0.000000e+00,0.000000e+00,0.000000e+00,0.000000e+00
1.000000e+00,0.000000e+00,0.000000e+00,0.000000e+00,0.000000e+00,0.000000e+00,0.000000e+00,0.000000e+00,0.000000e+00,0.000000e+00,0.000000e+00,0.000000e+00,0.000000e+00,0.000000e+00,0.000000e+00
1.000000e+00,0.000000e+00,0.000000e+00,0.000000e+00,0.000000e+00,0.000000e+00,0.000000e+00,0.000000e+00,0.000000e+00,0.000000e+00,0.000000e+00,0.000000e+00,0.000000e+00,0.000000e+00,0.000000e+00
1.000000e+00,0.000000e+00,0.000000e+00,0.000000e+00,0.000000e+00,0.000000e+00,0.000000e+00,0.000000e+00,0.000000e+00,0.000000e+00,0.000000e+00,0.000000e+00,0.000000e+00,0.000000e+00,0.000000e+00
1.000000e+00,0.000000e+00,0.000000e+00,0.000000e+00,0.000000e+00,0.000000e+00,0.000000e+00,0.000000e+00,0.000000e+00,0.000000e+00,0.000000e+00,0.000000e+00,0.000000e+00,0.000000e+00,0.000000e+00
1.000000e+00,0.000000e+00,0.000000e+00,0.000000e+00,0.000000e+00,0.000000e+00,0.000000e+00,0.000000e+00,0.000000e+00,0.000000e+00,0.000000e+00,0.000000e+00,0.000000e+00,0.000000e+00,0.000000e+00
1.000000e+00,0.000000e+00,0.000000e+00,0.000000e+00,0.000000e+00,0.000000e+00,0.000000e+00,0.000000e+00,0.000000e+00,0.000000e+00,0.000000e+00,0.000000e+00,0.000000e+00,0.000000e+00,0.000000e+00
1.000000e+00,0.000000e+00,0.000000e+00,0.000000e+00,0.000000e+00,0.000000e+00,0.000000e+00,0.000000e+00,0.000000e+00,0.000000e+00,0.000000e+00,0.000000e+00,0.000000e+00,0.000000e+00,0.000000e+00
1.000000e+00,0.000000e+00,0.000000e+00,0.000000e+00,0.000000e+00,0.000000e+00,0.000000e+00,0.000000e+00,0.000000e+00,0.000000e+00,0.000000e+00,0.000000e+00,0.000000e+00,0.000000e+00,0.000000e+00
1.000000e+00,0.000000e+00,0.000000e+00,0.000000e+00,0.000000e+00,0.000000e+00,0.000000e+00,0.000000e+00,0.000000e+00,0.000000e+00,0.000000e+00,0.000000e+00,0.000000e+00,0.000000e+00,0.000000e+00
1.000000e+00,0.000000e+00,0.000000e+00,0.000000e+00,0.000000e+00,0.000000e+00,0.000000e+00,0.000000e+00,0.000000e+00,0.000000e+00,0.000000e+00,0.000000e+00,0.000000e+00,0.000000e+00,0.000000e+00
1.000000e+00,0.000000e+00,0.000000e+00,0.000000e+00,0.000000e+00,0.000000e+00,0.000000e+00,0.000000e+00,0.000000e+00,0.000000e+00,0.000000e+00,0.000000e+00,0.000000e+00,0.000000e+00,0.000000e+00
1.000000e+00,0.000000e+00,0.000000e+00,0.000000e+00,0.000000e+00,0.000000e+00,0.000000e+00,0.000000e+00,0.000000e+00,0.000000e+00,0.000000e+00,0.000000e+00,0.000000e+00,0.000000e+00,0.000000e+00
1.000000e+00,0.000000e+00,0.000000e+00,0.000000e+00,0.000000e+00,0.000000e+00,0.000000e+00,0.000000e+00,0.000000e+00,0.000000e+00,0.000000e+00,0.000000e+00,0.000000e+00,0.000000e+00,0.000000e+00
1.000000e+00,0.000000e+00,0.000000e+00,0.000000e+00,0.000000e+00,0.000000e+00,0.000000e+00,0.000000e+00,0.000000e+00,0.000000e+00,0.000000e+00,0.000000e+00,0.000000e+00,0.000000e+00,0.000000e+00
1.000000e+00,0.000000e+00,0.000000e+00,0.000000e+00,0.000000e+00,0.000000e+00,0.000000e+00,0.000000e+00,0.000000e+00,0.000000e+00,0.000000e+00,0.000000e+00,0.000000e+00,0.000000e+00,0.000000e+00
1.000000e+00,0.000000e+00,0.000000e+00,0.000000e+00,0.000000e+00,0.000000e+00,0.000000e+00,0.000000e+00,0.000000e+00,0.000000e+00,0.000000e+00,0.000000e+00,0.000000e+00,0.000000e+00,0.000000e+00
1.000000e+00,0.000000e+00,0.000000e+00,0.000000e+00,0.000000e+00,0.000000e+00,0.000000e+00,0.000000e+00,0.000000e+00,0.000000e+00,0.000000e+00,0.000000e+00,0.000000e+00,0.000000e+00,0.000000e+00
1.000000e+00,0.000000e+00,0.000000e+00,0.000000e+00,0.000000e+00,0.000000e+00,0.000000e+00,0.000000e+00,0.000000e+00,0.000000e+00,0.000000e+00,0.000000e+00,0.000000e+00,0.000000e+00,0.000000e+00
1.000000e+00,0.000000e+00,0.000000e+00,0.000000e+00,0.000000e+00,0.000000e+00,0.000000e+00,0.000000e+00,0.000000e+00,0.000000e+00,0.000000e+00,0.000000e+00,0.000000e+00,0.000000e+00,0.000000e+00
1.000000e+00,0.000000e+00,0.000000e+00,0.000000e+00,0.000000e+00,0.000000e+00,0.000000e+00,0.000000e+00,0.000000e+00,0.000000e+00,0.000000e+00,0.000000e+00,0.000000e+00,0.000000e+00,0.000000e+00
1.000000e+00,0.000000e+00,0.000000e+00,0.000000e+00,0.000000e+00,0.000000e+00,0.000000e+00,0.000000e+00,0.000000e+00,0.000000e+00,0.000000e+00,0.000000e+00,0.000000e+00,0.000000e+00,0.000000e+00
1.000000e+00,0.000000e+00,0.000000e+00,0.000000e+00,0.000000e+00,0.000000e+00,0.000000e+00,0.000000e+00,0.000000e+00,0.000000e+00,0.000000e+00,0.000000e+00,0.000000e+00,0.000000e+00,0.000000e+00
1.000000e+00,0.000000e+00,0.000000e+00,0.000000e+00,0.000000e+00,0.000000e+00,0.000000e+00,0.000000e+00,0.000000e+00,0.000000e+00,0.000000e+00,0.000000e+00,0.000000e+00,0.000000e+00,0.000000e+00
1.000000e+00,0.000000e+00,0.000000e+00,0.000000e+00,0.000000e+00,0.000000e+00,0.000000e+00,0.000000e+00,0.000000e+00,0.000000e+00,0.000000e+00,0.000000e+00,0.000000e+00,0.000000e+00,0.000000e+00
1.000000e+00,0.000000e+00,0.000000e+00,0.000000e+00,0.000000e+00,0.000000e+00,0.000000e+00,0.000000e+00,0.000000e+00,0.000000e+00,0.000000e+00,0.000000e+00,0.000000e+00,0.000000e+00,0.000000e+00
1.000000e+00,0.000000e+00,0.000000e+00,0.000000e+00,0.000000e+00,0.000000e+00,0.000000e+00,0.000000e+00,0.000000e+00,0.000000e+00,0.000000e+00,0.000000e+00,0.000000e+00,0.000000e+00,0.000000e+00
1.000000e+00,0.000000e+00,0.000000e+00,0.000000e+00,0.000000e+00,0.000000e+00,0.000000e+00,0.000000e+00,0.000000e+00,0.000000e+00,0.000000e+00,0.000000e+00,0.000000e+00,0.000000e+00,0.000000e+00
1.000000e+00,0.000000e+00,0.000000e+00,0.000000e+00,0.000000e+00,0.000000e+00,0.000000e+00,0.000000e+00,0.000000e+00,0.000000e+00,0.000000e+00,0.000000e+00,0.000000e+00,0.000000e+00,0.000000e+00
1.000000e+00,0.000000e+00,0.000000e+00,0.000000e+00,0.000000e+00,0.000000e+00,0.000000e+00,0.000000e+00,0.000000e+00,0.000000e+00,0.000000e+00,0.000000e+00,0.000000e+00,0.000000e+00,0.000000e+00
1.000000e+00,0.000000e+00,0.000000e+00,0.000000e+00,0.000000e+00,0.000000e+00,0.000000e+00,0.000000e+00,0.000000e+00,0.000000e+00,0.000000e+00,0.000000e+00,0.000000e+00,0.000000e+00,0.000000e+00
1.000000e+00,0.000000e+00,0.000000e+00,0.000000e+00,0.000000e+00,0.000000e+00,0.000000e+00,0.000000e+00,0.000000e+00,0.000000e+00,0.000000e+00,0.000000e+00,0.000000e+00,0.000000e+00,0.000000e+00
1.000000e+00,0.000000e+00,0.000000e+00,0.000000e+00,0.000000e+00,0.000000e+00,0.000000e+00,0.000000e+00,0.000000e+00,0.000000e+00,0.000000e+00,0.000000e+00,0.000000e+00,0.000000e+00,0.000000e+00
1.000000e+00,0.000000e+00,0.000000e+00,0.000000e+00,0.000000e+00,0.000000e+00,0.000000e+00,0.000000e+00,0.000000e+00,0.000000e+00,0.000000e+00,0.000000e+00,0.000000e+00,0.000000e+00,0.000000e+00
1.000000e+00,0.000000e+00,0.000000e+00,0.000000e+00,0.000000e+00,0.000000e+00,0.000000e+00,0.000000e+00,0.000000e+00,0.000000e+00,0.000000e+00,0.000000e+00,0.000000e+00,0.000000e+00,0.000000e+00
1.000000e+00,0.000000e+00,0.000000e+00,0.000000e+00,0.000000e+00,0.000000e+00,0.000000e+00,0.000000e+00,0.000000e+00,0.000000e+00,0.000000e+00,0.000000e+00,0.000000e+00,0.000000e+00,0.000000e+00
1.000000e+00,0.000000e+00,0.000000e+00,0.000000e+00,0.000000e+00,0.000000e+00,0.000000e+00,0.000000e+00,0.000000e+00,0.000000e+00,0.000000e+00,0.000000e+00,0.000000e+00,0.000000e+00,0.000000e+00
1.000000e+00,0.000000e+00,0.000000e+00,0.000000e+00,0.000000e+00,0.000000e+00,0.000000e+00,0.000000e+00,0.000000e+00,0.000000e+00,0.000000e+00,0.000000e+00,0.000000e+00,0.000000e+00,0.000000e+00
1.000000e+00,0.000000e+00,0.000000e+00,0.000000e+00,0.000000e+00,0.000000e+00,0.000000e+00,0.000000e+00,0.000000e+00,0.000000e+00,0.000000e+00,0.000000e+00,0.000000e+00,0.000000e+00,0.000000e+00
1.000000e+00,0.000000e+00,0.000000e+00,0.000000e+00,0.000000e+00,0.000000e+00,0.000000e+00,0.000000e+00,0.000000e+00,0.000000e+00,0.000000e+00,0.000000e+00,0.000000e+00,0.000000e+00,0.000000e+00
1.000000e+00,0.000000e+00,0.000000e+00,0.000000e+00,0.000000e+00,0.000000e+00,0.000000e+00,0.000000e+00,0.000000e+00,0.000000e+00,0.000000e+00,0.000000e+00,0.000000e+00,0.000000e+00,0.000000e+00
1.000000e+00,0.000000e+00,0.000000e+00,0.000000e+00,0.000000e+00,0.000000e+00,0.000000e+00,0.000000e+00,0.000000e+00,0.000000e+00,0.000000e+00,0.000000e+00,0.000000e+00,0.000000e+00,0.000000e+00
1.000000e+00,0.000000e+00,0.000000e+00,0.000000e+00,0.000000e+00,0.000000e+00,0.000000e+00,0.000000e+00,0.000000e+00,0.000000e+00,0.000000e+00,0.000000e+00,0.000000e+00,0.000000e+00,0.000000e+00
1.000000e+00,0.000000e+00,0.000000e+00,0.000000e+00,0.000000e+00,0.000000e+00,0.000000e+00,0.000000e+00,0.000000e+00,0.000000e+00,0.000000e+00,0.000000e+00,0.000000e+00,0.000000e+00,0.000000e+00
1.000000e+00,0.000000e+00,0.000000e+00,0.000000e+00,0.000000e+00,0.000000e+00,0.000000e+00,0.000000e+00,0.000000e+00,0.000000e+00,0.000000e+00,0.000000e+00,0.000000e+00,0.000000e+00,0.000000e+00
4.718792e-01,8.070317e-02,7.554919e-03,2.526571e-01,6.775230e-03,1.197694e-02,3.367159e-03,5.902012e-03,3.824971e-02,3.956961e-03,1.063860e-02,1.078758e-02,5.435511e-02,1.900562e-03,3.929569e-02
3.393504e-01,8.413391e-02,6.495223e-03,2.731590e-01,5.758455e-03,1.110831e-02,3.289465e-03,4.850860e-03,1.295844e-01,9.019283e-03,1.120285e-02,8.759630e-03,5.533092e-02,1.930627e-03,5.602665e-02
2.376338e-01,8.428085e-02,4.968829e-03,2.095295e-01,4.118571e-03,8.654995e-03,2.470723e-03,3.432525e-03,2.278940e-01,7.939690e-03,8.393320e-03,6.291582e-03,1.435859e-01,1.392262e-03,4.941346e-02
1.667159e-01,1.084634e-01,4.398189e-03,1.966953e-01,2.923450e-03,6.458253e-03,1.820771e-03,2.512418e-03,3.471110e-01,6.912396e-03,6.846294e-03,5.468561e-03,1.043839e-01,1.119606e-03,3.817051e-02
1.172073e-01,9.510037e-02,4.124855e-03,1.690056e-01,2.210600e-03,5.373134e-03,1.479848e-03,2.066053e-03,3.816150e-01,6.985571e-03,1.882450e-02,8.850721e-03,1.408024e-01,1.308407e-03,4.504564e-02
8.213700e-02,7.835323e-02,3.506080e-03,1.452113e-01,1.596445e-03,3.861835e-03,1.067569e-03,1.475951e-03,5.155057e-01,5.366321e-03,1.475624e-02,6.955985e-03,1.043930e-01,1.085498e-03,3.472779e-02
5.835933e-02,5.981786e-02,3.253406e-03,1.281150e-01,1.206548e-03,3.109606e-03,8.208257e-04,1.151668e-03,5.592519e-01,4.798059e-03,1.484925e-02,1.137943e-02,1.180830e-01,2.081234e-03,3.372274e-02
4.363108e-02,4.247156e-02,3.849957e-03,9.221283e-02,1.249787e-03,2.556133e-03,6.845343e-04,1.628325e-03,4.274774e-01,3.728754e-03,2.464798e-02,2.640949e-02,2.819819e-01,3.290516e-03,4.417965e-02
7.123365e-02,3.079389e-02,3.248695e-03,6.523753e-02,3.273617e-02,2.905993e-03,1.736913e-03,1.197209e-02,3.924668e-01,2.762328e-03,2.800182e-02,2.771929e-02,2.818762e-01,3.250314e-03,4.405836e-02
8.108857e-02,2.359135e-02,3.721009e-03,5.335481e-02,8.882605e-02,5.430114e-03,2.693630e-03,1.243641e-02,3.982090e-01,2.669270e-03,2.417671e-02,2.270730e-02,2.342618e-01,3.787881e-03,4.304607e-02
1.162997e-01,1.747154e-02,3.228423e-03,3.835407e-02,7.061613e-02,2.557873e-02,3.282136e-03,1.347807e-02,3.445533e-01,2.313077e-03,2.353569e-02,2.223629e-02,2.706203e-01,3.918087e-03,4.451437e-02
1.197026e-01,1.373098e-02,3.940878e-03,3.012984e-02,5.636659e-02,4.658536e-02,2.749531e-03,1.034930e-02,3.630645e-01,3.040615e-03,2.134845e-02,2.111160e-02,2.668385e-01,3.826380e-03,3.721488e-02
8.721682e-02,1.028076e-02,7.383275e-03,2.164920e-02,4.319482e-02,3.510179e-02,2.035769e-03,7.400987e-03,2.644760e-01,2.683074e-03,2.676619e-02,2.932250e-02,4.323093e-01,2.930557e-03,2.724895e-02
6.368677e-02,8.854428e-03,2.032425e-02,1.688392e-02,4.480766e-02,2.693921e-02,2.104628e-03,6.316837e-03,1.959174e-01,2.720743e-02,2.305196e-02,2.867549e-02,5.068585e-01,2.542634e-03,2.582889e-02
1.335822e-01,1.170012e-02,5.237111e-02,1.461766e-02,1.041080e-01,2.143908e-02,2.591358e-03,5.771030e-03,1.673382e-01,2.212379e-02,1.827491e-02,2.245282e-02,3.972300e-01,2.739468e-03,2.366022e-02
1.344643e-01,2.803235e-02,5.835402e-02,1.388767e-02,2.105123e-01,3.289179e-02,3.973447e-03,5.151919e-03,1.363476e-01,1.700447e-02,1.456977e-02,1.624487e-02,2.919840e-01,2.419184e-03,3.416222e-02
1.250546e-01,4.129547e-02,1.079320e-01,3.747667e-02,2.312056e-01,4.894707e-02,9.330137e-03,5.375629e-03,1.187643e-01,1.277415e-02,1.114039e-02,1.178529e-02,2.070263e-01,1.864640e-03,3.002760e-02
1.035974e-01,3.862704e-02,2.098490e-01,4.836605e-02,1.757206e-01,4.398306e-02,7.022356e-03,4.109948e-03,8.905494e-02,3.746755e-02,9.614535e-03,9.095048e-03,1.478215e-01,1.526553e-03,7.414430e-02
1.349747e-01,4.562161e-02,2.315511e-01,4.735296e-02,1.447294e-01,6.057799e-02,7.112537e-03,4.086374e-03,6.841582e-02,2.829633e-02,1.208619e-02,1.406583e-02,1.337107e-01,2.931440e-03,6.448691e-02
1.055040e-01,8.448895e-02,2.512238e-01,1.053742e-01,1.143040e-01,7.978178e-02,6.593060e-03,3.894871e-03,5.036204e-02,2.259093e-02,1.063346e-02,1.247518e-02,9.893284e-02,2.488812e-03,5.135216e-02
1.125679e-01,9.369911e-02,2.078682e-01,8.454812e-02,1.208846e-01,9.167653e-02,6.705056e-03,5.008826e-03,4.118719e-02,2.090467e-02,1.520028e-02,1.458782e-02,7.752943e-02,8.424120e-03,9.920806e-02
1.242435e-01,9.728911e-02,1.770733e-01,7.011521e-02,1.305813e-01,9.519301e-02,6.829623e-03,6.237232e-03,3.369341e-02,2.061117e-02,1.532008e-02,1.762946e-02,6.244396e-02,1.457535e-02,1.281643e-01
1.304378e-01,1.086574e-01,2.075893e-01,7.328157e-02,1.147542e-01,7.462602e-02,6.322682e-03,7.562236e-03,2.756884e-02,2.696538e-02,1.578622e-02,2.372309e-02,5.115219e-02,1.439751e-02,1.171756e-01
1.783790e-01,1.033487e-01,1.935020e-01,5.930216e-02,1.049274e-01,6.812040e-02,5.593699e-03,8.275962e-03,2.549677e-02,2.191928e-02,1.670543e-02,2.828799e-02,4.825927e-02,1.800695e-02,1.198751e-01
1.861180e-01,1.656097e-01,1.551832e-01,4.948466e-02,8.944272e-02,7.218335e-02,6.001309e-03,1.622813e-02,2.872758e-02,1.907280e-02,2.126650e-02,2.669371e-02,4.039080e-02,2.327469e-02,1.003229e-01
2.071114e-01,1.750957e-01,1.193700e-01,4.694988e-02,7.276248e-02,9.972458e-02,5.813052e-03,1.442723e-02,2.856183e-02,1.713217e-02,1.926547e-02,2.924160e-02,3.773970e-02,3.308936e-02,9.371561e-02
2.472060e-01,1.684893e-01,9.544235e-02,5.218809e-02,6.009067e-02,1.064881e-01,5.739456e-03,1.453493e-02,2.686257e-02,2.045833e-02,1.811785e-02,3.282367e-02,3.204739e-02,3.478066e-02,8.473059e-02
3.425457e-01,1.468598e-01,7.430893e-02,4.549772e-02,5.152413e-02,8.562429e-02,5.538604e-03,1.852978e-02,2.577035e-02,1.634105e-02,1.930542e-02,3.708984e-02,3.040749e-02,3.114295e-02,6.951397e-02
3.860805e-01,1.244556e-01,6.055664e-02,4.236067e-02,4.063549e-02,7.287840e-02,4.421123e-03,1.631274e-02,2.582499e-02,2.131271e-02,2.694051e-02,3.730860e-02,2.796307e-02,4.586089e-02,6.708812e-02
2.800943e-01,1.063915e-01,4.877685e-02,3.226324e-02,2.945172e-02,7.657772e-02,3.230382e-03,1.174474e-02,3.791296e-02,2.774863e-02,1.141394e-01,2.867037e-02,2.035734e-02,1.096861e-01,7.295471e-02
1.963354e-01,7.646078e-02,3.489539e-02,2.268825e-02,2.072861e-02,7.061171e-02,2.287924e-03,8.248378e-03,3.293058e-02,1.991102e-02,2.041649e-01,2.168398e-02,1.437860e-02,2.190908e-01,5.558364e-02
1.375940e-01,5.383693e-02,2.461692e-02,1.593952e-02,1.458611e-02,5.718384e-02,1.639379e-03,5.788093e-03,2.627876e-02,1.435354e-02,2.181331e-01,1.943842e-02,1.011938e-02,3.609267e-01,3.956520e-02
9.645118e-02,3.886034e-02,1.744518e-02,1.123677e-02,1.045198e-02,4.105125e-02,1.166585e-03,4.060889e-03,3.544943e-02,1.109409e-02,2.552260e-01,1.877902e-02,7.127141e-03,4.234146e-01,2.818551e-02
6.759447e-02,2.730739e-02,1.222873e-02,8.025490e-03,7.405519e-03,2.957804e-02,8.321533e-04,2.852822e-03,4.336011e-02,9.006493e-03,2.891954e-01,1.846738e-02,5.093492e-03,4.591367e-01,1.991573e-02
4.736719e-02,1.964644e-02,8.600448e-03,5.687983e-03,5.373291e-03,2.312038e-02,5.989153e-04,2.009579e-03,5.778763e-02,7.407411e-03,2.902453e-01,1.648516e-02,3.645507e-03,4.979152e-01,1.410947e-02
3.327109e-02,1.441945e-02,6.713184e-03,4.140390e-03,4.134250e-03,2.056488e-02,4.633930e-04,1.538749e-03,6.598815e-02,7.015789e-03,3.085680e-01,1.315040e-02,2.687281e-03,5.072619e-01,1.008295e-02
2.340422e-02,1.356129e-02,6.301457e-03,3.107563e-03,3.117059e-03,1.744005e-02,3.670634e-04,1.164239e-03,1.301698e-01,7.324285e-03,2.816742e-01,1.079161e-02,1.908174e-03,4.922805e-01,7.388413e-03
1.645657e-02,1.249662e-02,4.647780e-03,2.213953e-03,2.241030e-03,1.540780e-02,2.818811e-04,8.593334e-04,2.037637e-01,6.678840e-03,2.314073e-01,1.230236e-02,1.359875e-03,4.845668e-01,5.316081e-03
1.155501e-02,1.048730e-02,3.377285e-03,1.597047e-03,1.625418e-03,1.481833e-02,2.068928e-04,6.201939e-04,4.019650e-01,5.209324e-03,1.648991e-01,8.778362e-03,9.565278e-04,3.699173e-01,3.986856e-03
8.101458e-03,9.133937e-03,2.437961e-03,1.201500e-03,1.246646e-03,1.258274e-02,1.543532e-04,4.600036e-04,5.695221e-01,4.259507e-03,1.160922e-01,6.176589e-03,6.766962e-04,2.648840e-01,3.070333e-03
5.694071e-03,6.822584e-03,1.734962e-03,1.496814e-03,1.020209e-03,1.364977e-02,1.198901e-04,3.488818e-04,6.872073e-01,3.536523e-03,8.233508e-02,4.496377e-03,8.017162e-04,1.880472e-01,2.688665e-03
4.118841e-03,5.983633e-03,1.460424e-03,1.386224e-03,1.039780e-03,1.776874e-02,1.446614e-04,1.187263e-03,7.454997e-01,3.694676e-03,6.167260e-02,3.372626e-03,6.984660e-04,1.496685e-01,2.303845e-03
3.116503e-03,5.377465e-03,1.466519e-03,3.174505e-03,1.246164e-03,1.450750e-02,1.068460e-04,1.219220e-03,7.872632e-01,4.244419e-03,5.580606e-02,2.686287e-03,4.306381e-03,1.124870e-01,2.991979e-03
2.741300e-03,5.934433e-03,1.619222e-03,3.512889e-03,1.180799e-03,1.317264e-02,8.327728e-05,1.020873e-03,6.990753e-01,6.141044e-03,1.006531e-01,2.964657e-03,5.196258e-03,1.533092e-01,3.395101e-03
4.025831e-03,6.410745e-03,1.597845e-03,4.554142e-03,1.723904e-03,1.173165e-02,1.193833e-04,8.390510e-04,6.372030e-01,9.883162e-03,1.287601e-01,5.484913e-03,1.504604e-02,1.653410e-01,7.279213e-03
4.093617e-03,5.501890e-03,1.441790e-03,3.556368e-03,2.156224e-03,1.172067e-02,2.108002e-04,1.474236e-03,5.371370e-01,1.389947e-02,2.072845e-01,1.102608e-02,2.870368e-02,1.656185e-01,6.175216e-03
3.633437e-03,5.028963e-03,1.531782e-03,2.925692e-03,3.355964e-03,2.074201e-02,2.352808e-04,2.222256e-03,5.061354e-01,1.560290e-02,2.347126e-01,1.281137e-02,3.721678e-02,1.487626e-01,5.082912e-03
3.584085e-03,4.451021e-03,3.514785e-03,2.959646e-03,5.214806e-03,1.054966e-01,8.929705e-04,1.009623e-02,4.200522e-01,2.181902e-02,2.148183e-01,1.461332e-02,3.773487e-02,1.447614e-01,9.990744e-03
4.605477e-03,9.122947e-03,7.895852e-03,1.533454e-02,5.570953e-03,8.620878e-02,8.487048e-04,2.000365e-02,4.657721e-01,2.644030e-02,1.658736e-01,1.709908e-02,3.847577e-02,1.207780e-01,1.597027e-02
4.606707e-03,8.122485e-03,1.001335e-02,5.709866e-02,9.727981e-03,6.345551e-02,1.018848e-03,1.666884e-02,4.249220e-01,2.781570e-02,1.352858e-01,2.637559e-02,9.648781e-02,9.012068e-02,2.828003e-02
5.711571e-03,6.223989e-03,9.029856e-03,4.746621e-02,1.591094e-02,4.622511e-02,1.011346e-03,1.256351e-02,3.064182e-01,2.474924e-02,1.145306e-01,4.211117e-02,2.773268e-01,6.705223e-02,2.366929e-02
5.210529e-03,4.607466e-03,7.159374e-03,4.726049e-02,1.838853e-02,3.358473e-02,8.487325e-04,1.025373e-02,2.204663e-01,2.344220e-02,9.436677e-02,5.802616e-02,4.079296e-01,4.948963e-02,1.896580e-02
5.981793e-03,4.189942e-03,7.021344e-03,4.082133e-02,2.580980e-02,2.522159e-02,8.936334e-04,1.090828e-02,1.697361e-01,2.009586e-02,8.832259e-02,7.357147e-02,4.531723e-01,4.582165e-02,2.843233e-02
2.056631e-02,8.250918e-03,1.243520e-02,4.274669e-02,3.415821e-02,5.955610e-02,1.501310e-03,1.346360e-02,1.314262e-01,2.108308e-02,1.014023e-01,1.252816e-01,3.635820e-01,4.002069e-02,2.452587e-02
4.417813e-02,9.149358e-03,1.058273e-02,3.826609e-02,3.153305e-02,5.823046e-02,2.075450e-03,1.042050e-02,1.032712e-01,1.824339e-02,9.997516e-02,2.113854e-01,3.054594e-01,3.369327e-02,2.353642e-02
6.415211e-02,8.654957e-03,8.383598e-03,3.093027e-02,2.412132e-02,4.802326e-02,1.729884e-03,7.878153e-03,8.369911e-02,1.479611e-02,9.829699e-02,3.325150e-01,2.316490e-01,2.647913e-02,1.869104e-02
5.955426e-02,9.095589e-03,7.070263e-03,2.512315e-02,1.805643e-02,3.710701e-02,1.423051e-03,6.206827e-03,7.071076e-02,1.130980e-02,9.989862e-02,4.370190e-01,1.766297e-01,2.608838e-02,1.470714e-02
4.883589e-02,2.910269e-02,1.011677e-02,2.152845e-02,1.584039e-02,2.682634e-02,1.124201e-03,6.144702e-03,1.262374e-01,1.003520e-02,9.016663e-02,4.474736e-01,1.292312e-01,2.480248e-02,1.253408e-02
3.996001e-02,4.643241e-02,1.251491e-02,1.804843e-02,1.317720e-02,2.011879e-02,9.478608e-04,6.569875e-03,1.503669e-01,8.025963e-03,1.007189e-01,4.475970e-01,9.504651e-02,2.901761e-02,1.145758e-02
2.833198e-02,8.774821e-02,1.808168e-02,1.305099e-02,1.055915e-02,1.543195e-02,7.018831e-04,5.113592e-03,1.693925e-01,5.948299e-03,1.403879e-01,3.958435e-01,6.844747e-02,3.213350e-02,8.827426e-03
2.014002e-02,6.969410e-02,1.350148e-02,9.513472e-03,8.136088e-03,1.173020e-02,5.007524e-04,4.073622e-03,1.428819e-01,4.420247e-03,3.259086e-01,2.987248e-01,4.884810e-02,3.506564e-02,6.861018e-03
1.437385e-02,5.989074e-02,9.838048e-03,6.955708e-03,6.624314e-03,1.044782e-02,3.585180e-04,3.133721e-03,1.505520e-01,3.248915e-03,4.380344e-01,2.192606e-01,3.517077e-02,3.603316e-02,6.077405e-03
1.249957e-02,4.988465e-02,8.594819e-03,7.626323e-03,2.622033e-02,8.454236e-03,3.277106e-04,2.936049e-03,2.205305e-01,3.635989e-03,4.377871e-01,1.590208e-01,2.600533e-02,3.141116e-02,5.065613e-03
9.419970e-03,4.472227e-02,6.743414e-03,5.725109e-03,4.640355e-02,1.109703e-02,2.828478e-04,2.857654e-03,3.080704e-01,4.123711e-03,3.863344e-01,1.143304e-01,1.850796e-02,3.029615e-02,1.108526e-02
7.346308e-03,3.799785e-02,5.319508e-03,4.691914e-03,7.647555e-02,1.269851e-02,2.803835e-04,3.589727e-03,3.993959e-01,4.503985e-03,3.115711e-01,8.204144e-02,1.335874e-02,2.532477e-02,1.540440e-02
6.158726e-03,3.886022e-02,4.085544e-03,5.937200e-03,5.914085e-02,1.297420e-02,2.274571e-04,3.098103e-03,4.967471e-01,7.399744e-03,2.333775e-01,5.820613e-02,9.650467e-03,2.556467e-02,3.857210e-02
4.874431e-03,3.901019e-02,3.539558e-03,1.176936e-02,4.583552e-02,1.314724e-02,1.897549e-04,2.648652e-03,5.253732e-01,1.405550e-02,1.663763e-01,4.118678e-02,7.110095e-03,2.403377e-02,1.008496e-01
5.692680e-03,3.846019e-02,3.182263e-03,1.823595e-02,4.184313e-02,1.227044e-02,2.111526e-04,2.281104e-03,5.827439e-01,1.341422e-02,1.175204e-01,2.910602e-02,5.251083e-03,2.158095e-02,1.082066e-01
1.722504e-02,3.599204e-02,4.077310e-03,8.355056e-02,6.092136e-02,2.127500e-02,4.436208e-04,1.066668e-02,5.245636e-01,1.154523e-02,8.493756e-02,2.078535e-02,4.408908e-03,1.954055e-02,1.000672e-01
1.042696e-01,3.676794e-02,9.283403e-03,6.954841e-02,8.283681e-02,4.041201e-02,1.643780e-03,1.711458e-02,4.446660e-01,9.111591e-03,6.362672e-02,1.753083e-02,5.301336e-03,1.923782e-02,7.864914e-02
7.688759e-02,3.057069e-02,8.328309e-03,5.680077e-02,5.933680e-02,3.173985e-02,1.209882e-03,1.234893e-02,3.213261e-01,1.383754e-02,5.323813e-02,1.444228e-02,1.163538e-02,3.318561e-02,2.751121e-01
6.158861e-02,2.463598e-02,6.321404e-03,4.126335e-02,4.705846e-02,2.444026e-02,9.640678e-04,9.223100e-03,2.454052e-01,1.300499e-02,4.161032e-02,1.134418e-02,1.253715e-02,3.832898e-02,4.222739e-01
4.776420e-02,1.907037e-02,4.911616e-03,2.928973e-02,3.636233e-02,1.821811e-02,7.701787e-04,6.786852e-03,1.865880e-01,1.341131e-02,3.111845e-02,8.176145e-03,9.720588e-03,3.584585e-02,5.519662e-01
3.544951e-02,1.402724e-02,4.105896e-03,2.290068e-02,2.571785e-02,1.388828e-02,5.652377e-04,4.879137e-03,1.378975e-01,1.200714e-02,2.973050e-02,6.966604e-03,2.665966e-02,2.598861e-02,6.392162e-01
2.879276e-02,1.016512e-02,3.060296e-03,1.645363e-02,1.829172e-02,1.323575e-02,4.506907e-04,3.630303e-03,9.892339e-02,1.472587e-02,3.546508e-02,7.767383e-03,1.030537e-01,2.026157e-02,6.257228e-01
2.091647e-02,7.412778e-03,2.867751e-03,1.176069e-02,1.305524e-02,1.009619e-02,3.441209e-04,3.005135e-03,7.185943e-02,1.012052e-01,4.885218e-02,8.276129e-03,1.599142e-01,1.480863e-02,5.256259e-01
1.577280e-02,5.245585e-03,2.141093e-03,8.430596e-03,9.463824e-03,7.300507e-03,2.822551e-04,2.655293e-03,5.152211e-02,7.867280e-02,1.105473e-01,8.645222e-03,2.649521e-01,1.057461e-02,4.237939e-01
1.173849e-02,3.755526e-03,1.935597e-03,7.703617e-03,8.232229e-03,6.213545e-03,4.011641e-04,8.331672e-03,3.694366e-02,7.210888e-02,1.154408e-01,1.040956e-02,4.016006e-01,7.939835e-03,3.072449e-01
8.770891e-03,2.765303e-03,1.840756e-03,5.503051e-03,6.004050e-03,6.751436e-03,3.628679e-04,5.930339e-03,2.656293e-02,8.761591e-02,8.528071e-02,1.900009e-02,5.058774e-01,9.185253e-03,2.285490e-01
6.718997e-03,2.381543e-03,2.276246e-03,4.569780e-03,5.591093e-03,1.285593e-02,5.031796e-04,5.146337e-03,2.457236e-02,8.559714e-02,6.309339e-02,2.262556e-02,5.887213e-01,7.939412e-03,1.674077e-01
6.440088e-03,4.122555e-03,5.642935e-03,4.447978e-03,8.022588e-03,1.937014e-02,9.733754e-04,6.476128e-03,2.570050e-02,1.183998e-01,4.832011e-02,3.360525e-02,5.716195e-01,8.370363e-03,1.384887e-01
6.046774e-03,6.644577e-03,7.329866e-03,1.416383e-02,1.408555e-02,3.274347e-02,1.557862e-03,1.595308e-02,3.852578e-02,1.423203e-01,4.018030e-02,3.701666e-02,5.308328e-01,7.040528e-03,1.055587e-01
7.555713e-03,1.114342e-02,7.492386e-03,1.728030e-02,1.038583e-02,3.844219e-02,1.214404e-03,1.216434e-02,5.096309e-02,1.556705e-01,5.429741e-02,6.680343e-02,4.746099e-01,6.993815e-03,8.498328e-02
1.278560e-02,1.739956e-02,9.691523e-03,1.967804e-02,1.183736e-02,4.731409e-02,1.769711e-03,3.230833e-02,1.001065e-01,1.351500e-01,5.653914e-02,6.563745e-02,4.082202e-01,5.654887e-03,7.590749e-02
1.364353e-02,2.969361e-02,9.097859e-03,2.561644e-02,1.080947e-02,5.357750e-02,1.708561e-03,2.855861e-02,1.807702e-01,1.556736e-01,4.592807e-02,5.017188e-02,3.245388e-01,4.567427e-03,6.564443e-02
1.971633e-02,3.763796e-02,2.393193e-02,7.029010e-02,1.534998e-02,5.659211e-02,2.409928e-03,4.724638e-02,2.139851e-01,1.170407e-01,3.655427e-02,3.919746e-02,2.499008e-01,3.762545e-03,6.638439e-02
2.464762e-02,4.352274e-02,2.132549e-02,6.339487e-02,1.685538e-02,9.909537e-02,4.687539e-03,4.313974e-02,2.456511e-01,9.043378e-02,2.831907e-02,3.089841e-02,2.189134e-01,3.522990e-03,6.559248e-02
3.522258e-02,4.142206e-02,4.438190e-02,1.058944e-01,2.471201e-02,8.648296e-02,4.546000e-03,5.966701e-02,2.473246e-01,6.794965e-02,2.580511e-02,2.703921e-02,1.716689e-01,3.124461e-03,5.475918e-02
6.627995e-02,3.898571e-02,4.487739e-02,8.865776e-02,6.061327e-02,6.755013e-02,5.403174e-03,5.111750e-02,2.785881e-01,4.938425e-02,2.297064e-02,2.505771e-02,1.529875e-01,4.199301e-03,4.332761e-02
1.187005e-01,3.728097e-02,3.266833e-02,6.501719e-02,1.424801e-01,5.344313e-02,6.461260e-03,3.968715e-02,2.628390e-01,3.567350e-02,1.861749e-02,2.038622e-02,1.218678e-01,5.830372e-03,3.904702e-02
1.379462e-01,3.577459e-02,2.848217e-02,5.595836e-02,1.845580e-01,5.317334e-02,9.937707e-03,4.034711e-02,2.079543e-01,2.842318e-02,2.060330e-02,3.551252e-02,1.145503e-01,9.556538e-03,3.722236e-02
1.318383e-01,3.436144e-02,6.295909e-02,6.518520e-02,1.975533e-01,7.058574e-02,9.732220e-03,4.831868e-02,1.570596e-01,2.073459e-02,1.998233e-02,5.012859e-02,9.462151e-02,8.243532e-03,2.869585e-02
1.088230e-01,3.431647e-02,1.080864e-01,5.323589e-02,1.593550e-01,5.911616e-02,8.184875e-03,5.302128e-02,1.226254e-01,6.146912e-02,4.053281e-02,6.302022e-02,9.537763e-02,7.228354e-03,2.560739e-02
9.224016e-02,3.074264e-02,2.391324e-01,5.364592e-02,1.210775e-01,4.625741e-02,6.533755e-03,8.367066e-02,1.007335e-01,4.624180e-02,3.177036e-02,4.770149e-02,7.169478e-02,5.505019e-03,2.305256e-02
8.138311e-02,2.578048e-02,3.530574e-01,4.874653e-02,9.534612e-02,4.302442e-02,5.507289e-03,7.772963e-02,8.239279e-02,4.425653e-02,2.467794e-02,3.716092e-02,5.568033e-02,5.095558e-03,2.016097e-02
6.978786e-02,2.320853e-02,3.198778e-01,4.009395e-02,7.295787e-02,3.208519e-02,4.432015e-03,6.123544e-02,9.360890e-02,1.553730e-01,2.354483e-02,2.749370e-02,4.242694e-02,5.980288e-03,2.789363e-02
5.815338e-02,1.864108e-02,2.587042e-01,3.099476e-02,5.337388e-02,2.368874e-02,3.416874e-03,4.403229e-02,8.605500e-02,3.091185e-01,2.266279e-02,1.984068e-02,3.208244e-02,7.329354e-03,3.190596e-02
4.737519e-02,2.111147e-02,1.905734e-01,2.259922e-02,4.244033e-02,1.705319e-02,3.240251e-03,3.205708e-02,9.402804e-02,4.126567e-01,2.289379e-02,1.423551e-02,2.404952e-02,6.863087e-03,4.882315e-02
4.289242e-02,2.388592e-02,1.648420e-01,2.034953e-02,4.047093e-02,1.388898e-02,2.703714e-03,2.328005e-02,2.121172e-01,3.215235e-01,2.318658e-02,1.081070e-02,1.833480e-02,1.330762e-02,6.840600e-02
4.542331e-02,2.124210e-02,1.403355e-01,1.521307e-02,3.712944e-02,1.207638e-02,2.345345e-03,1.714075e-02,2.474519e-01,2.813278e-01,4.725444e-02,8.488346e-03,1.461460e-02,3.135434e-02,7.860266e-02
4.165293e-02,1.592676e-02,9.934671e-02,1.073572e-02,2.653526e-02,9.100483e-03,1.693202e-03,1.211911e-02,2.972459e-01,2.098278e-01,5.080353e-02,6.026230e-03,1.054202e-02,2.604188e-02,1.824025e-01
4.832043e-02,2.053154e-02,7.560660e-02,1.458821e-02,2.484919e-02,9.977784e-03,1.843177e-03,1.067657e-02,3.594018e-01,1.522116e-01,4.391470e-02,5.126323e-03,9.281248e-03,2.139289e-02,2.022779e-01
8.936001e-02,1.821368e-02,8.403011e-02,1.147833e-02,2.258109e-02,1.182337e-02,2.485090e-03,8.837635e-03,2.837519e-01,1.099959e-01,3.586745e-02,4.044853e-03,7.325347e-03,7.223070e-02,2.379745e-01
8.744137e-02,2.337955e-02,6.133278e-02,1.259360e-02,1.743757e-02,1.586057e-02,2.361997e-03,7.186114e-03,2.733082e-01,8.028123e-02,5.549406e-02,8.737359e-03,1.200335e-02,7.011955e-02,2.724627e-01
6.569296e-02,2.748220e-02,5.475233e-02,1.425822e-02,1.345724e-02,1.547698e-02,1.926253e-03,5.330177e-03,3.645640e-01,6.444989e-02,5.414532e-02,8.017828e-03,1.272139e-02,6.307390e-02,2.346513e-01
5.531327e-02,2.523152e-02,4.007524e-02,1.187727e-02,1.012533e-02,1.271558e-02,1.406265e-03,3.980167e-03,3.357174e-01,5.164192e-02,6.737740e-02,6.597523e-03,1.383418e-02,9.197687e-02,2.721301e-01
5.711659e-02,2.142913e-02,4.447515e-02,1.052456e-02,8.345851e-03,1.021196e-02,1.154217e-03,3.889923e-03,3.117709e-01,5.682398e-02,8.792817e-02,5.989799e-03,1.886326e-02,1.168595e-01,2.446170e-01
4.392992e-02,1.726817e-02,1.730400e-01,8.617206e-03,9.376820e-03,9.255786e-03,1.702263e-03,5.709976e-03,2.595965e-01,7.631284e-02,6.923091e-02,4.776704e-03,1.496494e-02,1.012258e-01,2.049921e-01
3.264525e-02,1.348031e-02,3.608474e-01,7.569291e-03,1.608839e-02,7.670435e-03,1.713636e-03,4.928160e-03,1.932398e-01,7.510068e-02,4.927193e-02,3.540165e-03,1.081018e-02,7.323258e-02,1.498618e-01
2.713456e-02,1.489301e-02,4.397522e-01,7.493275e-03,2.108409e-02,1.142461e-02,1.723439e-03,5.285447e-03,1.559325e-01,9.046255e-02,3.594393e-02,2.715813e-03,8.157095e-03,5.418266e-02,1.238148e-01
2.476939e-02,4.377071e-02,4.192571e-01,8.835509e-03,2.245318e-02,1.349623e-02,1.578553e-03,8.635481e-03,1.449155e-01,1.006801e-01,2.716435e-02,2.607845e-03,7.254434e-03,4.799714e-02,1.265844e-01
2.327078e-02,9.105981e-02,3.280396e-01,1.007552e-02,2.811874e-02,2.156909e-02,1.531553e-03,9.931082e-03,1.455394e-01,1.330576e-01,2.165210e-02,2.989464e-03,9.015116e-03,4.973717e-02,1.244129e-01
2.696835e-02,1.177201e-01,2.602908e-01,1.150360e-02,3.317869e-02,2.082966e-02,1.901299e-03,1.660703e-02,1.740085e-01,1.067701e-01,1.950833e-02,5.926667e-03,1.859511e-02,4.988231e-02,1.363095e-01
2.475471e-02,1.609007e-01,1.842449e-01,9.299687e-03,2.926036e-02,1.965072e-02,3.148401e-03,1.453847e-02,2.516777e-01,7.639893e-02,1.465467e-02,6.185290e-03,5.501844e-02,3.584136e-02,1.144255e-01
2.243829e-02,1.907370e-01,1.316975e-01,7.176629e-03,2.664192e-02,2.121137e-02,3.283037e-03,1.489919e-02,3.194985e-01,5.409244e-02,1.077423e-02,6.524382e-03,5.462003e-02,2.764760e-02,1.087578e-01
2.542362e-02,1.938781e-01,9.690119e-02,5.760841e-03,3.389182e-02,2.244147e-02,3.664510e-03,2.350631e-02,3.521973e-01,3.908267e-02,7.930443e-03,6.901577e-03,6.035007e-02,2.122169e-02,1.068484e-01
3.094753e-02,1.807046e-01,7.140052e-02,4.713790e-03,3.649800e-02,2.336795e-02,4.423259e-03,2.623941e-02,3.717903e-01,2.954471e-02,6.074819e-03,6.799992e-03,8.343310e-02,1.580550e-02,1.082566e-01
9.006003e-02,1.830341e-01,5.228771e-02,5.407256e-03,4.047116e-02,3.312168e-02,4.274535e-03,2.565560e-02,3.560029e-01,2.336324e-02,6.188395e-03,8.144230e-03,7.097545e-02,1.478777e-02,8.622593e-02
1.255909e-01,1.700895e-01,3.835955e-02,6.496549e-03,4.233435e-02,3.358220e-02,5.155211e-03,2.253385e-02,3.546728e-01,2.999016e-02,8.459646e-03,9.518111e-03,5.811482e-02,1.422781e-02,8.087443e-02
9.706221e-02,1.332311e-01,3.279854e-02,2.490579e-02,3.280272e-02,2.610313e-02,4.288672e-03,1.692049e-02,2.612522e-01,2.063832e-01,1.228683e-02,1.521836e-02,5.143874e-02,1.042530e-02,7.488270e-02
7.187132e-02,9.502020e-02,2.435380e-02,5.315985e-02,2.572033e-02,2.389068e-02,3.548392e-03,1.215520e-02,1.847291e-01,1.759899e-01,4.765034e-02,4.146759e-02,1.722599e-01,9.563737e-03,5.861971e-02
6.222790e-02,6.948199e-02,1.784223e-02,6.046982e-02,2.767813e-02,2.044522e-02,3.902145e-03,8.787143e-03,1.346808e-01,1.383856e-01,1.237520e-01,4.820995e-02,2.105272e-01,2.803138e-02,4.557863e-02
9.051870e-02,5.042778e-02,1.375013e-02,5.193058e-02,2.372404e-02,1.959884e-02,3.962769e-03,6.682235e-03,1.067325e-01,1.419429e-01,1.576545e-01,7.198525e-02,1.698882e-01,5.420025e-02,3.700142e-02
1.015122e-01,3.634745e-02,1.064603e-02,4.317737e-02,2.066099e-02,1.763914e-02,5.353937e-03,5.460510e-03,7.842138e-02,2.122333e-01,1.482600e-01,8.614814e-02,1.267942e-01,7.336892e-02,3.397635e-02
1.148092e-01,2.599624e-02,1.152667e-02,3.269372e-02,1.755025e-02,4.832565e-02,5.541715e-03,6.973906e-03,5.628879e-02,2.395516e-01,1.427294e-01,9.864062e-02,9.520575e-02,7.617801e-02,2.798845e-02
1.440960e-01,2.415076e-02,1.335859e-02,2.567293e-02,2.207285e-02,5.872546e-02,5.027379e-03,8.007804e-03,4.767489e-02,2.387629e-01,1.381002e-01,1.100616e-01,7.202435e-02,6.996258e-02,2.230184e-02
2.037971e-01,1.967371e-02,1.274376e-02,2.202494e-02,2.311874e-02,8.711541e-02,4.659703e-03,8.400232e-03,3.759433e-02,2.240963e-01,1.215908e-01,1.100301e-01,5.321284e-02,5.461826e-02,1.732380e-02
1.834593e-01,1.976231e-02,1.093898e-02,1.621152e-02,2.306107e-02,6.932176e-02,4.492772e-03,9.620855e-03,4.373915e-02,2.982190e-01,1.448615e-01,8.189557e-02,3.882699e-02,4.159956e-02,1.398977e-02
1.558180e-01,2.121464e-02,8.752115e-03,1.398163e-02,3.513141e-02,7.915930e-02,3.868478e-03,1.122956e-02,1.052588e-01,2.825705e-01,1.450566e-01,6.446397e-02,2.903523e-02,3.260303e-02,1.185685e-02
1.207204e-01,2.085017e-02,1.157291e-02,3.223170e-02,5.818633e-02,1.056626e-01,3.536687e-03,1.417718e-02,1.834268e-01,2.153485e-01,1.168065e-01,5.711074e-02,2.437112e-02,2.374950e-02,1.224885e-02
9.456872e-02,4.092800e-02,1.025503e-02,3.958629e-02,5.273873e-02,8.764283e-02,4.051200e-03,1.859947e-02,2.205735e-01,1.744565e-01,1.143873e-01,5.521324e-02,4.675990e-02,2.052288e-02,1.971638e-02
7.292281e-02,4.751439e-02,1.002462e-02,4.874970e-02,4.396512e-02,6.635979e-02,3.487365e-03,3.848767e-02,2.108342e-01,1.524954e-01,1.241442e-01,5.365602e-02,8.165921e-02,2.297107e-02,2.272832e-02
5.750371e-02,4.046397e-02,1.689479e-02,1.231984e-01,3.620669e-02,5.055472e-02,3.388212e-03,7.106404e-02,1.821306e-01,1.366040e-01,1.034272e-01,4.332818e-02,7.997181e-02,1.918836e-02,3.607526e-02
6.189317e-02,4.593405e-02,4.309642e-02,1.112449e-01,3.227862e-02,4.781833e-02,3.679104e-03,8.600022e-02,1.665713e-01,1.046081e-01,1.073308e-01,3.838240e-02,7.869710e-02,1.708941e-02,5.537599e-02
4.461237e-02,3.997557e-02,6.673089e-02,2.781068e-01,2.639732e-02,3.488314e-02,2.680392e-03,6.080654e-02,1.408002e-01,7.509513e-02,8.481297e-02,2.923739e-02,5.924549e-02,1.244497e-02,4.417091e-02
3.675099e-02,3.976706e-02,5.629321e-02,2.120734e-01,2.025659e-02,3.144461e-02,2.226321e-03,4.341733e-02,1.222757e-01,5.623837e-02,1.576231e-01,5.573384e-02,8.496271e-02,1.275327e-02,6.818344e-02
2.877728e-02,3.048919e-02,4.688790e-02,2.019190e-01,1.651453e-02,2.532593e-02,1.986350e-03,3.122535e-02,9.510124e-02,4.739638e-02,2.553606e-01,5.000718e-02,1.051898e-01,9.408464e-03,5.441079e-02
3.586920e-02,2.466897e-02,3.451124e-02,1.558566e-01,1.345114e-02,2.339491e-02,1.652903e-03,2.281726e-02,9.482386e-02,3.847512e-02,2.573177e-01,6.951983e-02,1.650802e-01,8.174109e-03,5.438699e-02
6.092429e-02,2.196175e-02,3.015528e-02,1.253008e-01,1.044852e-02,3.255040e-02,1.767294e-03,1.700692e-02,8.025818e-02,2.817400e-02,1.945814e-01,9.541789e-02,2.382344e-01,7.943124e-03,5.527575e-02
4.624220e-02,1.723756e-02,2.433694e-02,1.003176e-01,7.889141e-03,3.473677e-02,1.648262e-03,1.252016e-02,6.266403e-02,2.063620e-02,1.421348e-01,1.331142e-01,3.452632e-01,6.481565e-03,4.477744e-02
3.287647e-02,1.241976e-02,1.768399e-02,7.175612e-02,5.865803e-03,2.624355e-02,1.234785e-03,9.089670e-03,4.520458e-02,1.461037e-02,1.007115e-01,1.310595e-01,4.932698e-01,5.209542e-03,3.276469e-02
2.367349e-02,9.425920e-03,1.309006e-02,5.094888e-02,4.530078e-03,1.974395e-02,1.007031e-03,6.554105e-03,3.343782e-02,1.068146e-02,7.202595e-02,1.457012e-01,5.790003e-01,5.018874e-03,2.516092e-02
