1.000000e+00,0.000000e+00,0.000000e+00,0.000000e+00,0.000000e+00,0.000000e+00,0.000000e+00,0.000000e+00,0.000000e+00,0.000000e+00,0.000000e+00,0.000000e+00,0.000000e+00,0.000000e+00,0.000000e+00
1.000000e+00,0.000000e+00,0.000000e+00,0.000000e+00,0.000000e+00,0.000000e+00,0.000000e+00,0.000000e+00,0.000000e+00,0.000000e+00,0.000000e+00,0.000000e+00,0.000000e+00,0.000000e+00,0.000000e+00
1.000000e+00,0.000000e+00,0.000000e+00,0.000000e+00,0.000000e+00,0.000000e+00,0.000000e+00,0.000000e+00,0.000000e+00,0.000000e+00,0.000000e+00,0.000000e+00,0.000000e+00,0.000000e+00,0.000000e+00
1.000000e+00,0.000000e+00,0.000000e+00,0.000000e+00,0.000000e+00,0.000000e+00,0.000000e+00,0.000000e+00,0.000000e+00,0.000000e+00,0.000000e+00,0.000000e+00,0.000000e+00,0.000000e+00,0.000000e+00
1.000000e+00,0.000000e+00,0.000000e+00,0.000000e+00,0.000000e+00,0.000000e+00,0.000000e+00,0.000000e+00,0.000000e+00,0.000000e+00,0.000000e+00,0.000000e+00,0.000000e+00,0.000000e+00,0.000000e+00
1.000000e+00,0.000000e+00,0.000000e+00,0.000000e+00,0.000000e+00,0.000000e+00,0.000000e+00,0.000000e+00,0.000000e+00,0.000000e+00,0.000000e+00,0.000000e+00,0.000000e+00,0.000000e+00,0.000000e+00
1.000000e+00,0.000000e+00,0.000000e+00,0.000000e+00,0.000000e+00,0.000000e+00,0.000000e+00,0.000000e+00,0.000000e+00,0.000000e+00,0.000000e+00,0.000000e+00,0.000000e+00,0.000000e+00,0.000000e+00
1.000000e+00,0.000000e+00,0.000000e+00,0.000000e+00,0.000000e+00,0.000000e+00,0.000000e+00,0.000000e+00,0.000000e+00,0.000000e+00,0.000000e+00,0.000000e+00,0.000000e+00,0.000000e+00,0.000000e+00
1.000000e+00,0.000000e+00,0.000000e+00,0.000000e+00,0.000000e+00,0.000000e+00,0.000000e+00,0.000000e+00,0.000000e+00,0.000000e+00,0.000000e+00,0.000000e+00,0.000000e+00,0.000000e+00,0.000000e+00
1.000000e+00,0.000000e+00,0.000000e+00,0.000000e+00,0.000000e+00,0.000000e+00,0.000000e+00,0.000000e+00,0.000000e+00,0.000000e+00,0.000000e+00,0.000000e+00,0.000000e+00,0.000000e+00,0.000000e+00
1.000000e+00,0.000000e+00,0.000000e+00,0.000000e+00,0.000000e+00,0.000000e+00,0.000000e+00,0.000000e+00,0.000000e+00,0.000000e+00,0.000000e+00,0.000000e+00,0.000000e+00,0.000000e+00,0.000000e+00
1.000000e+00,0.000000e+00,0.000000e+00,0.000000e+00,0.000000e+00,0.000000e+00,0.000000e+00,0.000000e+00,0.000000e+00,0.000000e+00,0.000000e+00,0.000000e+00,0.000000e+00,0.000000e+00,0.000000e+00
1.000000e+00,0.000000e+00,0.000000e+00,0.000000e+00,0.000000e+00,0.000000e+00,0.000000e+00,0.000000e+00,0.000000e+00,0.000000e+00,0.000000e+00,0.000000e+00,0.000000e+00,0.000000e+00,0.000000e+00
1.000000e+00,0.000000e+00,0.000000e+00,0.000000e+00,0.000000e+00,0.000000e+00,0.000000e+00,0.000000e+00,0.000000e+00,0.000000e+00,0.000000e+00,0.000000e+00,0.000000e+00,0.000000e+00,0.000000e+00
1.000000e+00,0.000000e+00,0.000000e+00,0.000000e+00,0.000000e+00,0.000000e+00,0.000000e+00,0.000000e+00,0.000000e+00,0.000000e+00,0.000000e+00,0.000000e+00,0.000000e+00,0.000000e+00,0.000000e+00
1.000000e+00,0.000000e+00,0.000000e+00,0.000000e+00,0.000000e+00,0.000000e+00,0.000000e+00,0.000000e+00,0.000000e+00,0.000000e+00,0.000000e+00,0.000000e+00,0.000000e+00,0.000000e+00,0.000000e+00
1.000000e+00,0.000000e+00,0.000000e+00,0.000000e+00,0.000000e+00,0.000000e+00,0.000000e+00,0.000000e+00,0.000000e+00,0.000000e+00,0.000000e+00,0.000000e+00,0.000000e+00,0.000000e+00,0.000000e+00
1.000000e+00,0.000000e+00,0.000000e+00,0.000000e+00,0.000000e+00,0.000000e+00,0.000000e+00,0.000000e+00,0.000000e+00,0.000000e+00,0.000000e+00,0.000000e+00,0.000000e+00,0.000000e+00,0.000000e+00
1.000000e+00,0.000000e+00,0.000000e+00,0.000000e+00,0.000000e+00,0.000000e+00,0.000000e+00,0.000000e+00,0.000000e+00,0.000000e+00,0.000000e+00,0.000000e+00,0.000000e+00,0.000000e+00,0.000000e+00
1.000000e+00,0.000000e+00,0.000000e+00,0.000000e+00,0.000000e+00,0.000000e+00,0.000000e+00,0.000000e+00,0.000000e+00,0.000000e+00,0.000000e+00,0.000000e+00,0.000000e+00,0.000000e+00,0.000000e+00
1.000000e+00,0.000000e+00,0.000000e+00,0.000000e+00,0.000000e+00,0.000000e+00,0.000000e+00,0.000000e+00,0.000000e+00,0.000000e+00,0.000000e+00,0.000000e+00,0.000000e+00,0.000000e+00,0.000000e+00
1.000000e+00,0.000000e+00,0.000000e+00,0.000000e+00,0.000000e+00,0.000000e+00,0.000000e+00,0.000000e+00,0.000000e+00,0.000000e+00,0.000000e+00,0.000000e+00,0.000000e+00,0.000000e+00,0.000000e+00
1.000000e+00,0.000000e+00,0.000000e+00,0.000000e+00,0.000000e+00,0.000000e+00,0.000000e+00,0.000000e+00,0.000000e+00,0.000000e+00,0.000000e+00,0.000000e+00,0.000000e+00,0.000000e+00,0.000000e+00
1.000000e+00,0.000000e+00,0.000000e+00,0.000000e+00,0.000000e+00,0.000000e+00,0.000000e+00,0.000000e+00,0.000000e+00,0.000000e+00,0.000000e+00,0.000000e+00,0.000000e+00,0.000000e+00,0.000000e+00
1.000000e+00,0.000000e+00,0.000000e+00,0.000000e+00,0.000000e+00,0.000000e+00,0.000000e+00,0.000000e+00,0.000000e+00,0.000000e+00,0.000000e+00,0.000000e+00,0.000000e+00,0.000000e+00,0.000000e+00
1.000000e+00,0.000000e+00,0.000000e+00,0.000000e+00,0.000000e+00,0.000000e+00,0.000000e+00,0.000000e+00,0.000000e+00,0.000000e+00,0.000000e+00,0.000000e+00,0.000000e+00,0.000000e+00,0.000000e+00
1.000000e+00,0.000000e+00,0.000000e+00,0.000000e+00,0.000000e+00,0.000000e+00,0.000000e+00,0.000000e+00,0.000000e+00,0.000000e+00,0.000000e+00,0.000000e+00,0.000000e+00,0.000000e+00,0.000000e+00
1.000000e+00,0.000000e+00,0.000000e+00,0.000000e+00,0.000000e+00,0.000000e+00,0.000000e+00,0.000000e+00,0.000000e+00,0.000000e+00,0.000000e+00,0.000000e+00,0.000000e+00,0.000000e+00,0.000000e+00
1.000000e+00,0.000000e+00,0.000000e+00,0.000000e+00,0.000000e+00,0.000000e+00,0.000000e+00,0.000000e+00,0.000000e+00,0.000000e+00,0.000000e+00,0.000000e+00,0.000000e+00,0.000000e+00,0.000000e+00
1.000000e+00,0.000000e+00,0.000000e+00,0.000000e+00,0.000000e+00,0.000000e+00,0.000000e+00,0.000000e+00,0.000000e+00,0.000000e+00,0.000000e+00,0.000000e+00,0.000000e+00,0.000000e+00,0.000000e+00
1.000000e+00,0.000000e+00,0.000000e+00,0.000000e+00,0.000000e+00,0.000000e+00,0.000000e+00,0.000000e+00,0.000000e+00,0.000000e+00,0.000000e+00,0.000000e+00,0.000000e+00,0.000000e+00,0.000000e+00
1.000000e+00,0.000000e+00,0.000000e+00,0.000000e+00,0.000000e+00,0.000000e+00,0.000000e+00,0.000000e+00,0.000000e+00,0.000000e+00,0.000000e+00,0.000000e+00,0.000000e+00,0.000000e+00,0.000000e+00
1.000000e+00,0.000000e+00,0.000000e+00,0.000000e+00,0.000000e+00,0.000000e+00,0.000000e+00,0.000000e+00,0.000000e+00,0.000000e+00,0.000000e+00,0.000000e+00,0.000000e+00,0.000000e+00,0.000000e+00
1.000000e+00,0.000000e+00,0.000000e+00,0.000000e+00,0.000000e+00,0.000000e+00,0.000000e+00,0.000000e+00,0.000000e+00,0.000000e+00,0.000000e+00,0.000000e+00,0.000000e+00,0.000000e+00,0.000000e+00
1.000000e+00,0.000000e+00,0.000000e+00,0.000000e+00,0.000000e+00,0.000000e+00,0.000000e+00,0.000000e+00,0.000000e+00,0.000000e+00,0.000000e+00,0.000000e+00,0.000000e+00,0.000000e+00,0.000000e+00
1.000000e+00,0.000000e+00,0.000000e+00,0.000000e+00,0.000000e+00,0.000000e+00,0.000000e+00,0.000000e+00,0.000000e+00,0.000000e+00,0.000000e+00,0.000000e+00,0.000000e+00,0.000000e+00,0.000000e+00
1.000000e+00,0.000000e+00,0.000000e+00,0.000000e+00,0.000000e+00,0.000000e+00,0.000000e+00,0.000000e+00,0.000000e+00,0.000000e+00,0.000000e+00,0.000000e+00,0.000000e+00,0.000000e+00,0.000000e+00
1.000000e+00,0.000000e+00,0.000000e+00,0.000000e+00,0.000000e+00,0.000000e+00,0.000000e+00,0.000000e+00,0.000000e+00,0.000000e+00,0.000000e+00,0.000000e+00,0.000000e+00,0.000000e+00,0.000000e+00
1.000000e+00,0.000000e+00,0.000000e+00,0.000000e+00,0.000000e+00,0.000000e+00,0.000000e+00,0.000000e+00,0.000000e+00,0.000000e+00,0.000000e+00,0.000000e+00,0.000000e+00,0.000000e+00,0.000000e+00
1.000000e+00,0.000000e+00,0.000000e+00,0.000000e+00,0.000000e+00,0.000000e+00,0.000000e+00,0.000000e+00,0.000000e+00,0.000000e+00,0.000000e+00,0.000000e+00,0.000000e+00,0.000000e+00,0.000000e+00
1.000000e+00,0.000000e+00,0.000000e+00,0.000000e+00,0.000000e+00,0.000000e+00,0.000000e+00,0.000000e+00,0.000000e+00,0.000000e+00,0.000000e+00,0.000000e+00,0.000000e+00,0.000000e+00,0.000000e+00
1.000000e+00,0.000000e+00,0.000000e+00,0.000000e+00,0.000000e+00,0.000000e+00,0.000000e+00,0.000000e+00,0.000000e+00,0.000000e+00,0.000000e+00,0.000000e+00,0.000000e+00,0.000000e+00,0.000000e+00
1.000000e+00,0.000000e+00,0.000000e+00,0.000000e+00,0.000000e+00,0.000000e+00,0.000000e+00,0.000000e+00,0.000000e+00,0.000000e+00,0.000000e+00,0.000000e+00,0.000000e+00,0.000000e+00,0.000000e+00
1.000000e+00,0.000000e+00,0.000000e+00,0.000000e+00,0.000000e+00,0.000000e+00,0.000000e+00,0.000000e+00,0.000000e+00,0.000000e+00,0.000000e+00,0.000000e+00,0.000000e+00,0.000000e+00,0.000000e+00
1.000000e+00,0.000000e+00,0.000000e+00,0.000000e+00,0.000000e+00,0.000000e+00,0.000000e+00,0.000000e+00,0.000000e+00,0.000000e+00,0.000000e+00,0.000000e+00,0.000000e+00,0.000000e+00,0.000000e+00
1.000000e+00,0.000000e+00,0.000000e+00,0.000000e+00,0.000000e+00,0.000000e+00,0.000000e+00,0.000000e+00,0.000000e+00,0.000000e+00,0.000000e+00,0.000000e+00,0.000000e+00,0.000000e+00,0.000000e+00
1.000000e+00,0.000000e+00,0.000000e+00,0.000000e+00,0.000000e+00,0.000000e+00,0.000000e+00,0.000000e+00,0.000000e+00,0.000000e+00,0.000000e+00,0.000000e+00,0.000000e+00,0.000000e+00,0.000000e+00
1.000000e+00,0.000000e+00,0.000000e+00,0.000000e+00,0.000000e+00,0.000000e+00,0.000000e+00,0.000000e+00,0.000000e+00,0.000000e+00,0.000000e+00,0.000000e+00,0.000000e+00,0.000000e+00,0.000000e+00
1.000000e+00,0.000000e+00,0.000000e+00,0.000000e+00,0.000000e+00,0.000000e+00,0.000000e+00,0.000000e+00,0.000000e+00,0.000000e+00,0.000000e+00,0.000000e+00,0.000000e+00,0.000000e+00,0.000000e+00
1.000000e+00,0.000000e+00,0.000000e+00,0.000000e+00,0.000000e+00,0.000000e+00,0.000000e+00,0.000000e+00,0.000000e+00,0.000000e+00,0.000000e+00,0.000000e+00,0.000000e+00,0.000000e+00,0.000000e+00
1.000000e+00,0.000000e+00,0.000000e+00,0.000000e+00,0.000000e+00,0.000000e+00,0.000000e+00,0.000000e+00,0.000000e+00,0.000000e+00,0.000000e+00,0.000000e+00,0.000000e+00,0.000000e+00,0.000000e+00
1.000000e+00,0.000000e+00,0.000000e+00,0.000000e+00,0.000000e+00,0.000000e+00,0.000000e+00,0.000000e+00,0.000000e+00,0.000000e+00,0.000000e+00,0.000000e+00,0.000000e+00,0.000000e+00,0.000000e+00
1.000000e+00,0.000000e+00,0.000000e+00,0.000000e+00,0.000000e+00,0.000000e+00,0.000000e+00,0.000000e+00,0.000000e+00,0.000000e+00,0.000000e+00,0.000000e+00,0.000000e+00,0.000000e+00,0.000000e+00
1.000000e+00,0.000000e+00,0.000000e+00,0.000000e+00,0.000000e+00,0.000000e+00,0.000000e+00,0.000000e+00,0.000000e+00,0.000000e+00,0.000000e+00,0.000000e+00,0.000000e+00,0.000000e+00,0.000000e+00
1.000000e+00,0.000000e+00,0.000000e+00,0.000000e+00,0.000000e+00,0.000000e+00,0.000000e+00,0.000000e+00,0.000000e+00,0.000000e+00,0.000000e+00,0.000000e+00,0.000000e+00,0.000000e+00,0.000000e+00
1.000000e+00,0.000000e+00,0.000000e+00,0.000000e+00,0.000000e+00,0.000000e+00,0.000000e+00,0.000000e+00,0.000000e+00,0.000000e+00,0.000000e+00,0.000000e+00,0.000000e+00,0.000000e+00,0.000000e+00
1.000000e+00,0.000000e+00,0.000000e+00,0.000000e+00,0.000000e+00,0.000000e+00,0.000000e+00,0.000000e+00,0.000000e+00,0.000000e+00,0.000000e+00,0.000000e+00,0.000000e+00,0.000000e+00,0.000000e+00
1.000000e+00,0.000000e+00,0.000000e+00,0.000000e+00,0.000000e+00,0.000000e+00,0.000000e+00,0.000000e+00,0.000000e+00,0.000000e+00,0.000000e+00,0.000000e+00,0.000000e+00,0.000000e+00,0.000000e+00
1.000000e+00,0.000000e+00,0.000000e+00,0.000000e+00,0.000000e+00,0.000000e+00,0.000000e+00,0.000000e+00,0.000000e+00,0.000000e+00,0.000000e+00,0.000000e+00,0.000000e+00,0.000000e+00,0.000000e+00
1.000000e+00,0.000000e+00,0.000000e+00,0.000000e+00,0.000000e+00,0.000000e+00,0.000000e+00,0.000000e+00,0.000000e+00,0.000000e+00,0.000000e+00,0.000000e+00,0.000000e+00,0.000000e+00,0.000000e+00
4.997110e-01,1.768426e-02,1.311433e-01,6.591051e-02,9.395530e-03,3.918244e-02,2.924528e-02,5.628554e-02,9.604599e-03,2.395777e-03,2.825939e-02,4.915246e-02,3.856589e-02,3.304432e-03,2.015956e-02
4.364890e-01,1.400360e-02,1.981164e-01,5.512322e-02,8.113626e-03,6.026042e-02,3.405775e-02,7.232889e-02,7.139805e-03,1.797473e-03,2.097930e-02,3.750516e-02,3.621553e-02,2.588298e-03,1.528151e-02
3.190119e-01,1.008249e-02,3.295894e-01,5.702368e-02,5.965784e-03,5.591894e-02,2.890253e-02,1.056102e-01,5.062543e-03,1.293440e-03,1.484373e-02,2.663765e-02,2.725043e-02,1.906037e-03,1.090124e-02
2.344595e-01,7.193318e-03,4.310571e-01,5.738524e-02,4.433555e-03,4.729430e-02,2.777009e-02,1.270680e-01,3.588321e-03,9.325100e-04,1.048727e-02,1.888694e-02,2.030099e-02,1.389405e-03,7.753461e-03
1.753339e-01,5.075050e-03,4.486271e-01,5.610561e-02,3.230583e-03,3.475785e-02,2.195393e-02,2.100900e-01,2.535689e-03,6.651267e-04,7.401017e-03,1.335100e-02,1.436155e-02,1.024250e-03,5.487378e-03
1.321223e-01,3.603154e-03,5.047435e-01,5.828129e-02,2.409179e-03,2.529089e-02,2.156793e-02,2.199848e-01,1.809789e-03,5.078376e-04,5.237498e-03,9.438157e-03,1.031260e-02,7.643608e-04,3.926722e-03
1.063017e-01,2.625202e-03,5.169657e-01,5.359974e-02,1.962627e-03,1.951744e-02,2.772278e-02,2.475451e-01,1.339317e-03,4.599626e-04,3.774968e-03,6.714218e-03,7.917899e-03,6.063492e-04,2.946855e-03
8.910793e-02,1.964574e-03,5.573131e-01,5.012286e-02,1.813826e-03,1.454901e-02,2.774628e-02,2.385008e-01,1.086706e-03,7.629860e-04,2.731979e-03,5.004479e-03,6.419662e-03,4.942736e-04,2.381426e-03
1.206966e-01,1.628024e-03,5.202016e-01,4.297992e-02,2.007995e-03,1.382247e-02,5.051553e-02,2.308109e-01,1.016084e-03,9.440600e-04,2.141570e-03,4.089901e-03,6.392609e-03,4.677033e-04,2.285020e-03
1.401465e-01,1.631581e-03,4.290601e-01,3.488051e-02,2.782480e-03,1.426384e-02,1.458547e-01,2.116645e-01,1.037918e-03,1.698351e-03,1.857595e-03,4.322811e-03,7.631257e-03,5.319181e-04,2.635846e-03
1.857427e-01,2.158417e-03,3.169361e-01,2.879126e-02,5.755450e-03,2.564791e-02,1.736069e-01,2.298385e-01,1.988441e-03,2.908906e-03,2.213612e-03,4.947025e-03,1.394602e-02,6.765636e-04,4.842115e-03
1.611972e-01,3.728305e-03,2.285600e-01,2.463818e-02,9.028094e-03,4.109560e-02,1.899802e-01,2.939285e-01,2.830129e-03,4.260956e-03,2.642924e-03,5.178111e-03,2.470489e-02,7.260342e-04,7.500849e-03
1.166956e-01,4.321164e-03,1.609697e-01,1.940909e-02,8.424460e-03,3.712653e-02,2.345450e-01,2.643512e-01,5.834304e-03,1.466242e-02,1.197812e-02,1.344496e-02,8.207057e-02,1.883835e-03,2.428297e-02
8.369767e-02,6.706595e-03,1.134873e-01,1.790029e-02,6.684628e-03,3.700988e-02,1.961879e-01,1.981919e-01,1.627230e-02,2.261966e-02,2.100090e-02,1.939109e-02,2.109144e-01,1.967511e-03,4.796803e-02
6.497300e-02,2.206024e-02,8.052361e-02,1.962342e-02,5.207200e-03,3.052705e-02,1.434671e-01,1.396124e-01,8.762532e-02,2.932268e-02,2.602066e-02,5.087075e-02,2.467262e-01,2.517827e-03,5.092247e-02
4.689864e-02,2.184997e-02,5.693166e-02,1.518874e-02,4.990870e-03,2.637282e-02,1.014091e-01,9.804878e-02,2.834647e-01,2.070518e-02,3.067458e-02,5.160835e-02,1.998808e-01,2.187976e-03,3.978774e-02
3.530907e-02,2.673578e-02,4.031247e-02,1.261121e-02,5.904593e-03,2.325456e-02,7.153548e-02,6.897505e-02,4.487386e-01,1.487254e-02,2.387483e-02,3.918310e-02,1.545898e-01,1.758027e-03,3.234483e-02
2.602641e-02,2.811109e-02,3.296348e-02,1.617569e-02,5.420694e-03,2.717664e-02,5.015405e-02,4.838206e-02,5.638529e-01,1.173679e-02,1.734075e-02,2.876594e-02,1.097830e-01,1.371228e-03,3.273927e-02
2.118723e-02,2.848500e-02,2.582567e-02,2.246541e-02,4.542879e-03,2.825362e-02,3.524715e-02,3.402932e-02,5.908890e-01,1.176324e-02,1.746226e-02,2.532412e-02,8.395366e-02,1.914371e-03,6.865713e-02
2.878219e-02,2.942489e-02,1.934307e-02,2.587781e-02,3.882015e-03,3.173291e-02,2.485754e-02,2.403579e-02,5.285037e-01,1.112377e-02,3.154567e-02,5.534932e-02,7.576298e-02,1.573783e-02,9.404050e-02
2.918595e-02,4.260005e-02,1.512582e-02,3.966015e-02,3.228215e-03,2.410704e-02,1.747533e-02,1.704879e-02,5.098518e-01,1.199406e-02,3.213416e-02,5.084859e-02,7.216559e-02,1.577863e-02,1.187959e-01
7.671174e-02,3.419200e-02,1.246076e-02,3.603472e-02,3.431643e-03,2.072926e-02,1.244535e-02,1.281176e-02,4.230511e-01,1.090654e-02,5.005212e-02,5.234032e-02,9.788565e-02,3.097120e-02,1.259758e-01
7.347670e-02,4.514611e-02,1.282223e-02,4.015544e-02,3.382869e-03,1.713883e-02,8.876279e-03,9.850308e-03,4.116410e-01,1.509839e-02,4.101465e-02,4.033700e-02,7.751238e-02,3.148884e-02,1.720590e-01
8.776343e-02,4.218470e-02,1.036763e-02,3.255658e-02,4.984624e-03,1.300925e-02,6.453104e-03,7.322134e-03,4.895896e-01,1.373250e-02,3.465573e-02,3.019299e-02,6.166464e-02,2.319686e-02,1.423263e-01
9.715538e-02,4.649830e-02,7.961536e-03,2.999286e-02,5.720803e-03,1.029241e-02,4.730079e-03,5.553196e-03,5.308390e-01,2.097643e-02,2.572541e-02,2.143705e-02,4.431586e-02,1.755195e-02,1.312497e-01
8.713391e-02,7.886298e-02,8.019404e-03,2.685804e-02,1.134646e-02,1.088228e-02,3.899156e-03,4.944505e-03,5.419242e-01,2.690804e-02,1.925430e-02,1.538588e-02,3.233613e-02,1.368521e-02,1.185595e-01
6.887306e-02,8.510291e-02,1.082895e-02,4.265380e-02,1.128714e-02,1.045260e-02,3.134756e-03,4.399132e-03,4.940476e-01,6.441300e-02,1.455490e-02,1.187354e-02,2.487800e-02,1.088092e-02,1.426198e-01
6.216411e-02,1.136279e-01,3.549242e-02,5.172385e-02,3.910589e-02,1.357139e-02,5.795572e-03,1.159666e-02,4.471174e-01,5.069657e-02,1.224928e-02,9.081806e-03,1.943940e-02,8.852336e-03,1.194854e-01
6.720733e-02,1.028110e-01,6.847782e-02,6.004782e-02,5.172797e-02,1.403838e-02,7.107635e-03,2.595152e-02,4.208926e-01,4.182913e-02,1.076943e-02,6.948072e-03,1.671422e-02,7.125535e-03,9.835151e-02
1.270532e-01,1.336186e-01,6.202138e-02,4.872025e-02,5.104512e-02,1.314807e-02,6.737107e-03,6.117419e-02,3.514485e-01,3.059853e-02,1.033914e-02,6.695632e-03,1.434531e-02,6.841437e-03,7.621345e-02
1.447825e-01,1.306173e-01,6.814478e-02,3.813159e-02,5.292974e-02,1.734635e-02,1.829400e-02,6.729299e-02,3.227711e-01,2.292964e-02,1.135080e-02,6.780816e-03,3.251154e-02,6.250778e-03,5.986605e-02
1.172530e-01,1.194512e-01,6.052644e-02,2.982452e-02,4.449297e-02,2.005647e-02,2.176121e-02,6.066849e-02,2.672613e-01,2.034747e-02,1.038413e-02,5.965495e-03,1.635560e-01,4.777456e-03,5.367387e-02
8.349322e-02,1.289542e-01,2.090144e-01,5.455099e-02,3.592925e-02,1.605375e-02,1.648434e-02,4.278148e-02,2.059247e-01,2.229883e-02,8.502375e-03,6.786420e-03,1.182757e-01,3.597497e-03,4.735285e-02
5.912138e-02,9.820169e-02,2.506863e-01,6.301669e-02,2.601555e-02,1.195061e-02,1.181588e-02,3.085727e-02,1.732655e-01,3.419447e-02,1.264074e-02,6.787001e-03,1.000754e-01,4.410228e-03,1.169613e-01
4.533963e-02,7.938471e-02,1.805824e-01,5.422282e-02,1.934670e-02,9.418139e-03,8.558740e-03,2.328267e-02,1.474992e-01,2.856783e-02,5.821259e-02,2.055857e-02,2.144749e-01,8.945872e-03,1.016053e-01
3.234519e-02,5.829638e-02,1.269438e-01,4.013406e-02,1.483859e-02,7.420407e-03,7.194107e-03,1.703730e-02,1.171445e-01,2.048824e-02,4.487431e-02,2.551717e-02,4.004763e-01,6.363240e-03,8.092648e-02
2.366092e-02,4.597230e-02,8.944928e-02,3.042180e-02,1.207894e-02,6.212481e-03,6.503667e-03,1.237944e-02,1.074402e-01,1.486276e-02,3.490121e-02,2.626226e-02,5.038917e-01,4.960962e-03,8.100218e-02
1.762136e-02,4.132738e-02,6.858344e-02,2.738008e-02,1.438258e-02,7.078362e-03,4.813998e-03,9.668160e-03,9.504527e-02,1.207979e-02,2.988400e-02,2.375310e-02,5.436229e-01,7.557161e-03,9.720245e-02
1.302171e-02,3.489243e-02,5.045059e-02,2.437449e-02,1.239925e-02,7.440538e-03,3.934559e-03,8.487725e-03,9.758684e-02,1.373210e-02,2.630896e-02,2.217886e-02,4.135706e-01,7.072920e-03,2.645484e-01
9.475361e-03,2.647148e-02,6.436172e-02,2.581665e-02,1.052652e-02,5.793711e-03,4.270049e-03,1.367629e-02,8.211719e-02,1.073343e-02,2.511443e-02,1.653204e-02,3.005197e-01,6.171104e-03,3.984203e-01
6.853633e-03,4.682102e-02,5.114757e-02,2.537848e-02,1.381612e-02,4.832864e-03,3.312304e-03,1.050048e-02,1.620433e-01,8.902519e-03,1.886173e-02,1.198439e-02,2.115751e-01,5.058243e-03,4.189122e-01
5.139076e-03,5.218618e-02,3.869436e-02,2.178265e-02,1.278048e-02,5.206632e-03,2.451361e-03,7.857025e-03,2.792677e-01,6.668682e-03,1.392137e-02,8.780153e-03,1.496224e-01,3.955080e-03,3.916868e-01
4.011882e-03,6.752796e-02,2.746828e-02,4.142242e-02,1.218985e-02,7.690654e-03,1.788404e-03,5.700580e-03,4.177294e-01,5.102465e-03,1.093016e-02,6.348465e-03,1.056038e-01,2.988960e-03,2.834967e-01
3.387634e-03,6.616470e-02,1.955919e-02,3.258492e-02,1.122191e-02,7.719014e-03,1.379106e-03,4.341952e-03,4.843952e-01,4.316151e-03,8.500883e-03,4.714693e-03,7.893074e-02,2.483337e-03,2.703005e-01
3.518638e-03,7.929362e-02,1.408736e-02,2.803715e-02,1.011036e-02,6.877962e-03,1.040068e-03,3.174443e-03,5.272876e-01,5.017418e-03,7.097963e-03,3.931457e-03,5.768871e-02,2.324161e-03,2.505131e-01
3.777689e-03,7.089633e-02,1.027962e-02,2.249723e-02,1.158783e-02,6.714625e-03,1.105454e-03,3.539311e-03,5.905558e-01,4.019812e-03,5.823349e-03,3.075026e-03,4.375251e-02,1.977133e-03,2.203983e-01
4.320484e-03,6.560352e-02,7.608571e-03,2.871543e-02,1.330257e-02,7.571281e-03,1.200972e-03,4.087674e-03,6.268253e-01,4.767774e-03,4.737769e-03,2.346049e-03,3.354928e-02,1.848079e-03,1.935153e-01
7.074308e-03,9.003918e-02,6.043120e-03,4.268150e-02,1.388189e-02,8.885439e-03,1.099340e-03,7.340990e-03,6.255074e-01,5.238654e-03,4.142302e-03,1.884286e-03,2.525101e-02,2.174932e-03,1.587557e-01
9.111270e-03,8.871277e-02,5.248011e-03,4.857267e-02,1.664159e-02,9.069969e-03,1.027883e-03,9.423047e-03,6.533360e-01,5.017366e-03,3.787369e-03,1.742005e-03,1.966412e-02,1.965628e-03,1.266803e-01
1.336991e-02,1.018228e-01,7.375594e-03,9.595835e-02,1.489737e-02,8.295288e-03,7.822552e-04,1.020980e-02,6.057435e-01,6.967628e-03,4.974756e-03,2.115303e-03,1.549768e-02,2.468136e-03,1.095217e-01
3.908531e-02,8.350621e-02,8.719278e-03,1.140597e-01,3.628724e-02,9.391353e-03,1.101306e-03,5.485152e-02,5.312792e-01,7.494372e-03,7.511633e-03,2.532992e-03,1.243970e-02,3.027410e-03,8.871274e-02
8.856817e-02,7.412438e-02,8.788634e-03,9.341073e-02,6.707456e-02,1.254289e-02,1.727258e-03,8.917411e-02,4.593607e-01,5.852888e-03,7.026284e-03,2.193005e-03,9.769169e-03,3.409187e-03,7.697801e-02
9.092633e-02,7.469334e-02,7.168817e-02,1.090165e-01,7.841206e-02,1.521620e-02,1.823072e-03,1.098461e-01,3.572908e-01,4.777558e-03,7.677563e-03,2.492204e-03,1.010111e-02,3.284785e-03,6.275421e-02
9.490447e-02,7.177643e-02,1.322589e-01,1.458206e-01,6.784582e-02,1.344999e-02,1.691633e-03,9.482731e-02,2.864521e-01,5.945933e-03,7.592078e-03,3.448864e-03,1.086927e-02,3.088391e-03,6.002827e-02
1.009527e-01,5.945954e-02,2.409731e-01,1.265778e-01,5.385068e-02,1.199441e-02,1.705254e-03,7.328686e-02,2.215142e-01,9.623026e-03,8.476844e-03,5.474484e-03,1.095618e-02,3.548776e-03,7.160626e-02
9.397709e-02,5.565654e-02,3.087515e-01,1.535563e-01,4.486280e-02,9.854542e-03,1.772321e-03,5.463197e-02,1.679929e-01,1.068326e-02,8.567695e-03,5.519554e-03,1.087066e-02,2.859911e-03,7.044293e-02
1.312077e-01,6.717878e-02,2.707852e-01,1.603868e-01,5.049155e-02,1.661537e-02,2.215812e-03,4.610664e-02,1.448733e-01,1.168373e-02,1.031725e-02,7.193677e-03,2.022810e-02,2.465768e-03,5.825039e-02
1.069036e-01,1.665855e-01,2.163571e-01,1.509481e-01,4.085804e-02,1.505965e-02,1.637100e-03,3.279402e-02,1.326666e-01,9.399685e-03,2.318436e-02,6.940633e-03,1.665490e-02,1.140869e-02,6.860220e-02
7.672174e-02,2.398573e-01,1.991645e-01,1.320520e-01,3.090571e-02,1.424931e-02,1.182181e-03,2.302392e-02,1.131836e-01,7.571790e-03,4.679549e-02,5.677889e-03,1.504829e-02,2.874759e-02,6.581878e-02
5.723025e-02,1.758624e-01,1.423324e-01,9.698727e-02,2.208567e-02,1.102179e-02,8.651207e-04,1.615544e-02,1.018491e-01,6.083703e-03,1.459689e-01,4.802362e-03,1.158959e-02,1.572781e-01,4.988791e-02
4.296521e-02,1.264793e-01,1.013365e-01,6.933251e-02,1.597494e-02,9.442979e-03,7.227058e-04,1.161266e-02,7.712305e-02,6.408810e-03,1.641220e-01,5.354648e-03,1.120390e-02,2.954838e-01,6.243698e-02
3.080763e-02,8.996201e-02,7.555383e-02,4.948955e-02,1.165318e-02,9.785213e-03,6.803945e-04,8.613646e-03,6.165940e-02,1.649653e-02,2.837658e-01,5.677405e-03,9.605959e-03,2.848687e-01,6.138084e-02
2.221552e-02,6.344751e-02,5.315664e-02,3.521512e-02,8.345863e-03,7.667408e-03,5.084102e-04,6.094986e-03,4.616318e-02,1.371659e-02,2.856620e-01,6.677277e-03,6.899782e-03,3.998286e-01,4.440118e-02
1.583289e-02,4.455104e-02,3.728567e-02,2.479147e-02,5.896955e-03,6.098357e-03,3.773324e-04,4.290424e-03,3.392256e-02,1.109535e-02,2.774031e-01,5.170887e-03,4.851460e-03,4.969376e-01,3.149499e-02
1.133718e-02,3.678224e-02,2.763482e-02,1.794752e-02,5.291315e-03,1.034204e-02,4.287382e-04,3.499920e-03,3.892513e-02,1.011047e-02,2.220120e-01,5.108262e-03,3.487797e-03,5.847065e-01,2.238599e-02
7.982224e-03,2.778581e-02,1.998778e-02,1.273775e-02,4.384332e-03,1.079619e-02,3.140487e-04,2.534962e-03,5.832489e-02,1.076282e-02,1.931403e-01,3.996999e-03,2.494878e-03,6.286517e-01,1.610533e-02
5.644048e-03,2.025951e-02,1.426714e-02,8.991480e-03,3.333625e-03,9.264909e-03,2.243644e-04,1.815459e-03,6.236523e-02,1.032908e-02,1.886273e-01,3.048737e-03,1.789898e-03,6.583206e-01,1.171868e-02
4.140839e-03,1.502077e-02,1.153480e-02,6.513319e-03,3.098833e-03,1.943503e-02,1.909024e-04,1.412055e-03,6.938143e-02,1.178522e-02,1.854348e-01,2.460543e-03,1.362846e-03,6.596795e-01,8.549197e-03
3.032544e-03,1.096071e-02,8.269193e-03,4.747478e-03,2.713587e-03,1.691382e-02,1.488879e-04,1.011158e-03,7.989565e-02,1.169701e-02,1.566333e-01,2.229051e-03,1.006256e-03,6.940535e-01,6.687833e-03
2.206013e-03,1.908341e-02,6.466183e-03,3.573491e-03,2.330842e-03,2.684869e-02,1.110151e-04,7.661371e-04,2.954824e-01,1.162597e-02,1.142131e-01,1.598735e-03,7.834216e-04,5.095567e-01,5.353919e-03
1.650131e-03,1.353097e-02,4.622225e-03,2.774708e-03,1.715554e-03,1.925802e-02,8.124461e-05,5.444512e-04,3.987697e-01,9.033509e-03,8.329848e-02,1.203011e-03,6.215282e-04,4.586909e-01,4.205586e-03
1.249421e-03,9.672961e-03,3.535057e-03,2.128349e-03,1.361923e-03,1.430853e-02,6.050594e-05,4.430469e-04,5.391512e-01,6.817323e-03,6.107795e-02,8.688174e-04,4.849112e-04,3.554415e-01,3.398582e-03
1.095878e-03,7.137928e-03,4.254268e-03,1.804853e-03,1.091091e-03,1.324315e-02,4.956565e-05,4.684025e-04,6.415942e-01,5.335250e-03,4.399186e-02,6.431428e-04,4.140628e-04,2.759687e-01,2.907711e-03
9.462554e-04,5.135805e-03,3.218673e-03,1.806865e-03,9.032148e-04,9.586057e-03,3.748071e-05,3.333904e-04,7.300820e-01,3.984352e-03,3.115149e-02,4.552454e-04,3.038883e-04,2.093329e-01,2.722389e-03
9.576182e-04,3.854118e-03,2.642514e-03,7.767546e-03,9.570394e-04,1.154238e-02,4.663908e-05,2.662825e-04,7.071587e-01,3.121160e-03,4.343195e-02,1.399716e-03,6.855468e-03,2.023922e-01,7.606742e-03
2.037114e-03,2.908671e-03,5.320671e-03,2.183564e-02,1.156139e-03,1.495415e-02,1.045558e-04,1.464179e-03,6.455901e-01,3.409420e-03,7.006573e-02,4.355818e-03,3.842803e-02,1.810384e-01,7.331414e-03
1.366088e-02,2.497040e-03,2.408357e-02,3.277329e-02,4.352430e-03,1.298255e-02,3.132513e-04,2.985047e-03,5.757594e-01,4.943471e-03,9.604345e-02,5.185778e-03,4.450608e-02,1.701284e-01,9.785360e-03
2.568464e-02,2.144082e-03,1.269450e-01,7.112789e-02,1.069592e-02,1.095328e-02,2.899961e-04,3.102343e-03,4.706725e-01,5.065642e-03,7.228732e-02,4.337021e-03,3.534582e-02,1.369221e-01,2.442653e-02
4.216021e-02,1.860628e-03,2.415099e-01,7.512465e-02,1.627183e-02,9.333016e-03,3.315165e-04,6.074858e-03,3.723831e-01,5.412197e-03,5.702152e-02,3.835698e-03,2.787227e-02,1.168118e-01,2.399693e-02
5.921349e-02,2.147311e-03,2.998811e-01,7.536104e-02,2.479151e-02,1.155519e-02,1.846662e-03,3.356100e-02,2.741924e-01,9.204566e-03,4.654846e-02,8.149974e-03,2.686262e-02,1.051396e-01,2.154508e-02
7.399663e-02,7.329641e-03,2.945655e-01,9.963822e-02,5.513000e-02,2.820596e-02,2.492114e-03,3.643151e-02,2.099585e-01,1.173184e-02,3.519023e-02,9.932287e-03,2.358255e-02,8.884817e-02,2.296684e-02
8.019292e-02,1.160539e-02,3.092929e-01,9.310794e-02,7.759903e-02,4.067990e-02,2.149668e-03,3.240510e-02,1.644338e-01,1.025076e-02,2.732045e-02,8.910147e-03,1.826352e-02,8.530666e-02,3.848193e-02
1.048465e-01,1.747127e-02,2.365862e-01,7.420941e-02,1.110715e-01,3.714970e-02,1.919284e-03,4.743180e-02,1.371264e-01,1.102128e-02,2.268648e-02,1.062055e-02,1.539846e-02,1.255085e-01,4.695272e-02
1.131681e-01,1.901628e-02,1.879142e-01,5.767585e-02,1.229506e-01,3.853814e-02,1.745486e-03,6.166726e-02,1.333187e-01,9.453702e-03,1.954175e-02,9.782549e-03,1.282891e-02,1.670652e-01,4.533320e-02
1.265965e-01,2.591776e-02,1.821133e-01,6.118049e-02,1.172443e-01,3.242772e-02,1.688300e-03,7.614391e-02,1.330942e-01,1.031715e-02,1.904594e-02,1.068815e-02,1.367630e-02,1.454720e-01,4.439392e-02
1.607889e-01,4.955635e-02,1.404937e-01,5.187972e-02,8.934897e-02,2.661779e-02,1.898942e-03,6.888772e-02,1.232195e-01,1.119880e-02,2.594749e-02,1.104224e-02,1.202394e-02,1.811563e-01,4.593970e-02
1.216024e-01,7.260655e-02,1.313618e-01,6.164671e-02,6.614334e-02,2.103151e-02,1.807351e-03,4.870646e-02,9.527322e-02,8.138151e-02,2.202233e-02,1.286667e-02,1.455791e-02,1.339522e-01,1.150401e-01
8.983931e-02,8.441246e-02,1.000055e-01,7.649034e-02,4.778500e-02,1.971092e-02,1.580375e-03,3.430852e-02,1.117862e-01,1.178588e-01,3.320684e-02,4.530929e-02,3.168862e-02,9.645148e-02,1.095663e-01
7.972471e-02,8.608703e-02,7.270683e-02,7.106129e-02,3.938027e-02,2.224896e-02,1.856995e-03,2.532502e-02,1.735662e-01,1.121111e-01,5.709990e-02,5.546572e-02,4.321132e-02,7.047613e-02,8.967849e-02
6.228654e-02,8.582452e-02,5.189611e-02,8.734375e-02,2.891641e-02,1.999164e-02,1.598160e-03,1.824844e-02,2.537708e-01,1.100598e-01,5.029343e-02,5.570373e-02,5.214725e-02,5.017861e-02,7.174081e-02
4.789035e-02,7.182688e-02,3.678713e-02,7.751737e-02,2.081537e-02,1.749202e-02,1.343301e-03,1.313779e-02,2.888610e-01,1.040070e-01,4.373724e-02,1.094968e-01,5.065825e-02,3.923393e-02,7.719555e-02
4.916085e-02,6.270226e-02,2.619372e-02,7.746474e-02,1.585919e-02,1.715927e-02,1.272668e-03,1.036020e-02,3.266490e-01,1.075648e-01,4.026351e-02,1.020524e-01,5.329578e-02,3.025653e-02,7.974512e-02
5.398068e-02,5.431408e-02,2.003766e-02,8.145180e-02,1.328320e-02,1.517365e-02,1.550375e-03,1.593561e-02,3.260063e-01,9.308656e-02,6.650877e-02,9.425360e-02,6.592424e-02,2.383339e-02,7.466010e-02
7.917714e-02,4.402950e-02,1.570798e-02,7.877269e-02,1.558368e-02,1.769958e-02,2.487889e-03,1.370666e-02,3.038575e-01,8.119640e-02,7.625054e-02,1.009366e-01,9.217937e-02,1.898469e-02,5.942978e-02
6.996268e-02,3.670401e-02,1.711012e-02,1.523940e-01,3.011639e-02,1.663742e-02,2.740792e-03,1.386796e-02,2.593045e-01,6.540328e-02,6.486259e-02,9.284727e-02,1.161031e-01,1.522309e-02,4.672285e-02
5.471757e-02,3.129500e-02,1.415453e-02,1.227367e-01,7.292179e-02,1.553780e-02,4.316479e-03,1.259123e-02,1.998806e-01,4.692126e-02,6.930823e-02,6.736606e-02,2.012959e-01,1.123656e-02,7.572035e-02
5.043002e-02,2.460593e-02,1.205158e-02,1.029133e-01,9.595576e-02,1.354799e-02,1.061554e-02,3.943090e-02,1.542518e-01,3.532400e-02,8.775213e-02,5.052138e-02,2.428145e-01,9.329080e-03,7.045606e-02
1.000348e-01,2.287795e-02,1.018340e-02,8.027027e-02,1.088991e-01,1.524389e-02,9.798841e-03,3.679970e-02,1.454753e-01,2.511854e-02,7.037330e-02,4.415604e-02,2.691323e-01,7.418757e-03,5.421779e-02
1.333711e-01,2.018727e-02,7.968433e-03,6.109580e-02,1.258779e-01,1.719648e-02,1.448912e-02,3.498732e-02,1.579762e-01,1.792226e-02,5.137167e-02,3.503168e-02,2.741386e-01,5.419205e-03,4.296702e-02
1.395620e-01,2.187900e-02,9.014767e-03,6.197652e-02,1.466101e-01,1.572371e-02,2.200422e-02,5.512896e-02,1.855143e-01,1.324744e-02,3.823236e-02,3.288569e-02,2.215544e-01,4.136463e-03,3.253014e-02
1.581449e-01,2.035569e-02,8.589757e-03,5.396401e-02,1.678712e-01,1.768119e-02,3.231002e-02,5.781216e-02,1.665311e-01,9.799238e-03,2.939382e-02,3.048558e-02,2.184279e-01,3.459800e-03,2.517365e-02
1.461456e-01,1.719373e-02,7.187673e-03,4.177595e-02,1.374815e-01,1.732815e-02,3.367045e-02,5.486416e-02,1.849180e-01,7.092929e-03,2.196400e-02,2.564503e-02,2.833745e-01,2.680829e-03,1.867738e-02
1.387785e-01,2.360689e-02,6.854107e-03,3.263635e-02,1.087285e-01,2.053804e-02,3.018800e-02,6.964410e-02,1.699272e-01,6.151360e-03,1.748348e-02,2.302453e-02,3.311273e-01,2.647347e-03,1.866423e-02
1.380838e-01,2.929801e-02,7.304280e-03,2.457007e-02,8.785252e-02,1.838487e-02,5.284413e-02,7.104175e-02,1.494895e-01,5.135062e-03,1.352260e-02,2.095642e-02,3.608404e-01,2.345246e-03,1.833134e-02
1.340914e-01,5.705877e-02,1.245382e-02,2.104969e-02,7.125183e-02,1.707385e-02,6.779411e-02,6.629194e-02,2.010261e-01,5.479898e-03,1.152920e-02,2.621863e-02,2.882073e-01,2.066099e-03,1.840742e-02
1.621451e-01,5.816763e-02,1.431627e-02,1.846369e-02,7.146329e-02,2.501549e-02,5.638007e-02,6.083845e-02,1.949450e-01,5.017022e-03,9.462819e-03,2.559897e-02,2.779358e-01,2.470841e-03,1.777948e-02
1.843193e-01,6.791908e-02,1.372747e-02,1.569542e-02,7.341864e-02,2.915636e-02,4.423565e-02,5.105283e-02,2.313820e-01,4.381123e-03,7.590901e-03,2.392651e-02,2.343838e-01,2.692221e-03,1.611868e-02
1.657688e-01,7.284298e-02,2.526328e-02,6.789837e-02,5.367139e-02,2.784221e-02,3.240464e-02,3.668637e-02,1.984660e-01,2.055404e-02,1.210853e-02,7.642369e-02,1.765096e-01,3.116077e-03,3.044393e-02
2.518467e-01,6.236380e-02,2.065764e-02,6.426000e-02,4.309380e-02,2.692130e-02,2.578603e-02,2.835605e-02,1.942486e-01,1.681983e-02,1.422476e-02,8.050889e-02,1.418483e-01,3.032413e-03,2.603195e-02
3.017952e-01,4.880190e-02,2.015476e-02,8.198175e-02,3.491940e-02,2.656053e-02,2.008795e-02,2.293857e-02,1.576090e-01,1.682121e-02,1.781627e-02,9.619950e-02,1.214791e-01,3.552612e-03,2.928220e-02
3.380854e-01,4.252513e-02,1.939986e-02,6.958778e-02,2.740531e-02,2.375916e-02,1.569125e-02,2.163092e-02,1.431019e-01,1.779831e-02,2.354051e-02,9.275497e-02,1.289120e-01,4.444733e-03,3.136279e-02
3.649734e-01,3.635615e-02,1.537063e-02,5.666795e-02,2.122421e-02,2.199577e-02,1.269971e-02,1.821729e-02,1.304946e-01,1.804822e-02,2.766556e-02,1.096422e-01,1.247215e-01,5.541069e-03,3.638189e-02
3.936537e-01,3.149274e-02,1.219601e-02,4.266950e-02,1.688856e-02,1.969404e-02,9.698001e-03,1.496756e-02,1.161409e-01,1.467714e-02,2.619929e-02,8.989378e-02,1.508992e-01,6.639877e-03,5.428977e-02
4.256746e-01,2.575804e-02,1.122987e-02,3.428227e-02,1.517176e-02,2.562815e-02,8.687542e-03,1.256616e-02,8.962566e-02,1.079078e-02,2.230066e-02,7.140456e-02,1.948648e-01,6.553013e-03,4.546221e-02
4.448094e-01,2.456136e-02,1.204952e-02,2.657285e-02,1.640998e-02,2.351766e-02,7.827235e-03,1.066159e-02,7.162596e-02,9.831674e-03,2.227220e-02,5.906400e-02,2.152982e-01,6.671948e-03,4.882644e-02
3.451059e-01,2.126919e-02,1.233742e-02,1.921826e-02,1.879575e-02,2.143304e-02,7.488819e-03,8.544870e-03,5.208504e-02,8.580910e-03,2.600115e-02,6.787399e-02,2.562799e-01,6.371428e-03,1.286143e-01
2.670082e-01,1.779649e-02,1.352761e-02,1.426486e-02,2.080907e-02,1.805091e-02,7.685800e-03,7.692920e-03,3.920013e-02,9.683847e-03,2.242971e-02,6.844110e-02,3.459808e-01,5.944798e-03,1.414837e-01
2.095849e-01,1.331316e-02,1.535812e-02,1.098282e-02,2.159643e-02,1.534876e-02,6.215714e-03,1.003644e-02,2.953135e-02,9.092681e-03,1.968187e-02,6.049753e-02,3.515947e-01,5.657525e-03,2.215080e-01
1.565454e-01,9.483281e-03,1.464493e-02,8.709571e-03,2.552745e-02,1.227873e-02,5.602998e-03,2.970164e-02,2.218696e-02,1.083159e-02,2.025952e-02,5.308568e-02,3.634633e-01,4.747421e-03,2.629315e-01
1.153153e-01,7.343399e-03,1.640098e-02,1.362258e-02,1.021041e-01,9.280343e-03,7.194572e-03,4.409653e-02,1.795368e-02,8.846922e-03,1.622220e-02,4.029503e-02,3.071321e-01,3.648417e-03,2.905440e-01
9.907109e-02,6.284714e-03,1.721397e-02,2.526410e-02,2.622132e-01,7.863899e-03,1.082529e-02,4.028118e-02,2.410920e-02,6.863381e-03,1.181613e-02,2.867780e-02,2.210864e-01,2.641670e-03,2.357880e-01
8.611804e-02,6.513486e-03,1.690250e-02,2.469407e-02,3.459601e-01,1.280753e-02,3.244469e-02,3.338368e-02,2.648526e-02,5.151175e-03,9.200620e-03,2.058477e-02,1.740920e-01,1.920975e-03,2.037411e-01
6.233663e-02,5.141531e-03,1.456962e-02,8.497709e-02,4.089625e-01,1.011933e-02,5.396294e-02,4.754276e-02,1.921227e-02,3.664408e-03,6.593409e-03,1.471200e-02,1.234665e-01,1.353649e-03,1.433854e-01
6.676691e-02,1.045117e-02,1.149435e-02,9.452935e-02,4.110771e-01,9.453439e-03,5.878098e-02,4.548593e-02,5.130136e-02,2.831306e-03,6.602808e-03,1.280518e-02,1.147302e-01,1.030262e-03,1.026597e-01
5.200548e-02,1.511720e-02,1.123518e-02,1.698623e-01,3.299014e-01,8.122469e-03,4.310923e-02,3.636228e-02,1.501257e-01,2.456208e-03,7.958927e-03,1.260531e-02,8.586464e-02,8.105870e-04,7.446307e-02
6.894229e-02,1.854120e-02,3.289259e-02,2.291609e-01,3.105883e-01,9.677362e-03,4.242683e-02,3.123119e-02,1.146169e-01,2.301781e-03,7.026247e-03,1.521368e-02,6.334484e-02,6.539376e-04,5.338189e-02
8.138311e-02,1.819905e-02,4.261773e-02,2.890642e-01,2.634107e-01,9.499433e-03,4.030389e-02,2.607543e-02,1.017781e-01,3.072173e-03,1.151434e-02,2.047965e-02,5.219083e-02,6.103644e-04,3.980104e-02
8.204143e-02,2.181287e-02,4.220390e-02,2.242137e-01,3.393506e-01,1.006610e-02,3.268229e-02,2.611979e-02,8.349258e-02,3.682753e-03,2.103438e-02,3.237747e-02,4.494692e-02,1.004728e-03,3.497048e-02
8.723339e-02,1.886352e-02,3.341093e-02,1.683707e-01,4.101142e-01,9.304047e-03,2.533146e-02,2.395782e-02,7.707533e-02,5.301738e-03,2.853017e-02,3.847653e-02,4.244521e-02,1.339271e-03,3.024571e-02
8.493725e-02,2.677909e-02,2.959148e-02,2.633093e-01,3.321219e-01,1.031400e-02,1.933428e-02,2.314394e-02,6.522246e-02,4.707407e-03,3.912557e-02,3.518463e-02,3.993963e-02,1.445169e-03,2.484396e-02
6.915806e-02,2.134585e-02,2.343637e-02,2.615469e-01,2.621332e-01,1.454414e-02,1.397351e-02,2.066403e-02,5.255544e-02,5.512078e-03,1.453055e-01,3.249631e-02,5.374198e-02,4.132862e-03,1.945385e-02
8.668450e-02,1.767328e-02,2.103750e-02,2.262406e-01,2.532931e-01,1.567758e-02,1.104342e-02,1.869765e-02,4.865958e-02,5.392698e-03,1.798318e-01,3.202224e-02,5.401634e-02,9.750190e-03,1.997956e-02
1.149338e-01,1.391953e-02,3.318200e-02,2.010701e-01,2.128211e-01,1.784644e-02,8.521167e-03,5.472210e-02,6.784908e-02,4.868728e-03,1.619872e-01,2.616699e-02,4.786474e-02,1.264964e-02,2.159750e-02
1.131593e-01,1.193169e-02,3.549498e-02,1.627803e-01,1.650347e-01,1.483717e-02,7.956785e-03,6.275056e-02,6.269781e-02,6.965843e-03,2.108718e-01,2.369586e-02,6.334517e-02,2.402993e-02,3.444817e-02
8.748339e-02,9.407254e-03,3.225069e-02,1.229627e-01,1.255250e-01,1.176971e-02,6.498891e-03,5.158028e-02,1.190680e-01,9.077585e-03,1.931803e-01,1.996865e-02,1.056746e-01,2.161478e-02,8.393820e-02
6.997314e-02,1.243781e-02,3.507432e-02,1.767138e-01,9.678296e-02,1.496173e-02,5.277948e-03,3.866747e-02,9.713878e-02,1.072698e-02,1.747964e-01,3.351980e-02,1.404528e-01,2.750779e-02,6.596822e-02
5.903452e-02,1.258398e-02,3.033075e-02,1.538716e-01,7.303780e-02,1.421614e-02,4.047724e-03,2.974981e-02,8.023553e-02,1.596872e-02,2.539042e-01,3.968507e-02,1.368669e-01,4.038813e-02,5.607908e-02
4.743375e-02,1.175015e-02,3.081628e-02,2.375666e-01,6.164375e-02,1.190677e-02,3.144118e-03,2.200319e-02,9.561674e-02,1.442220e-02,2.405507e-01,3.121188e-02,1.070216e-01,3.584826e-02,4.906408e-02
4.892481e-02,9.665174e-03,2.603046e-02,1.974138e-01,5.459177e-02,1.059268e-02,2.995410e-03,1.686092e-02,7.221650e-02,1.915998e-02,2.949846e-01,2.953540e-02,1.022083e-01,4.081712e-02,7.400312e-02
9.042012e-02,1.173014e-02,2.867784e-02,1.483252e-01,5.537126e-02,1.280913e-02,2.886177e-03,1.441226e-02,6.217500e-02,2.703449e-02,2.730885e-01,2.242486e-02,7.757616e-02,5.921748e-02,1.138514e-01
9.803986e-02,1.255063e-02,1.255115e-01,1.535396e-01,4.723357e-02,1.008472e-02,2.542958e-03,1.636920e-02,5.372399e-02,2.925957e-02,2.355191e-01,1.657811e-02,5.722133e-02,5.402179e-02,8.780402e-02
9.128329e-02,2.073587e-02,1.315149e-01,1.518489e-01,4.213319e-02,9.704436e-03,2.280338e-03,2.040532e-02,5.714470e-02,4.236042e-02,2.352316e-01,1.269121e-02,4.451676e-02,5.513563e-02,8.301345e-02
8.168459e-02,4.016701e-02,1.227746e-01,1.234231e-01,4.191199e-02,9.146448e-03,1.728138e-03,2.996857e-02,7.360576e-02,6.809059e-02,2.081632e-01,1.021821e-02,3.539358e-02,5.435945e-02,9.936488e-02
7.759210e-02,4.784750e-02,1.042990e-01,1.004853e-01,3.713703e-02,8.119383e-03,1.349202e-03,2.477020e-02,9.151872e-02,6.996413e-02,2.240137e-01,9.626115e-03,3.526503e-02,5.827324e-02,1.097394e-01
