1.000000e+00,0.000000e+00,0.000000e+00,0.000000e+00,0.000000e+00,0.000000e+00,0.000000e+00,0.000000e+00,0.000000e+00,0.000000e+00,0.000000e+00,0.000000e+00,0.000000e+00,0.000000e+00,0.000000e+00
1.000000e+00,0.000000e+00,0.000000e+00,0.000000e+00,0.000000e+00,0.000000e+00,0.000000e+00,0.000000e+00,0.000000e+00,0.000000e+00,0.000000e+00,0.000000e+00,0.000000e+00,0.000000e+00,0.000000e+00
1.000000e+00,0.000000e+00,0.000000e+00,0.000000e+00,0.000000e+00,0.000000e+00,0.000000e+00,0.000000e+00,0.000000e+00,0.000000e+00,0.000000e+00,0.000000e+00,0.000000e+00,0.000000e+00,0.000000e+00
1.000000e+00,0.000000e+00,0.000000e+00,0.000000e+00,0.000000e+00,0.000000e+00,0.000000e+00,0.000000e+00,0.000000e+00,0.000000e+00,0.000000e+00,0.000000e+00,0.000000e+00,0.000000e+00,0.000000e+00
1.000000e+00,0.000000e+00,0.000000e+00,0.000000e+00,0.000000e+00,0.000000e+00,0.000000e+00,0.000000e+00,0.000000e+00,0.000000e+00,0.000000e+00,0.000000e+00,0.000000e+00,0.000000e+00,0.000000e+00
1.000000e+00,0.000000e+00,0.000000e+00,0.000000e+00,0.000000e+00,0.000000e+00,0.000000e+00,0.000000e+00,0.000000e+00,0.000000e+00,0.000000e+00,0.000000e+00,0.000000e+00,0.000000e+00,0.000000e+00
1.000000e+00,0.000000e+00,0.000000e+00,0.000000e+00,0.000000e+00,0.000000e+00,0.000000e+00,0.000000e+00,0.000000e+00,0.000000e+00,0.000000e+00,0.000000e+00,0.000000e+00,0.000000e+00,0.000000e+00
1.000000e+00,0.000000e+00,0.000000e+00,0.000000e+00,0.000000e+00,0.000000e+00,0.000000e+00,0.000000e+00,0.000000e+00,0.000000e+00,0.000000e+00,0.000000e+00,0.000000e+00,0.000000e+00,0.000000e+00
1.000000e+00,0.000000e+00,0.000000e+00,0.000000e+00,0.000000e+00,0.000000e+00,0.000000e+00,0.000000e+00,0.000000e+00,0.000000e+00,0.000000e+00,0.000000e+00,0.000000e+00,0.000000e+00,0.000000e+00
1.000000e+00,0.000000e+00,0.000000e+00,0.000000e+00,0.000000e+00,0.000000e+00,0.000000e+00,0.000000e+00,0.000000e+00,0.000000e+00,0.000000e+00,0.000000e+00,0.000000e+00,0.000000e+00,0.000000e+00
1.000000e+00,0.000000e+00,0.000000e+00,0.000000e+00,0.000000e+00,0.000000e+00,0.000000e+00,0.000000e+00,0.000000e+00,0.000000e+00,0.000000e+00,0.000000e+00,0.000000e+00,0.000000e+00,0.000000e+00
1.000000e+00,0.000000e+00,0.000000e+00,0.000000e+00,0.000000e+00,0.000000e+00,0.000000e+00,0.000000e+00,0.000000e+00,0.000000e+00,0.000000e+00,0.000000e+00,0.000000e+00,0.000000e+00,0.000000e+00
1.000000e+00,0.000000e+00,0.000000e+00,0.000000e+00,0.000000e+00,0.000000e+00,0.000000e+00,0.000000e+00,0.000000e+00,0.000000e+00,0.000000e+00,0.000000e+00,0.000000e+00,0.000000e+00,0.000000e+00
1.000000e+00,0.000000e+00,0.000000e+00,0.000000e+00,0.000000e+00,0.000000e+00,0.000000e+00,0.000000e+00,0.000000e+00,0.000000e+00,0.000000e+00,0.000000e+00,0.000000e+00,0.000000e+00,0.000000e+00
1.000000e+00,0.000000e+00,0.000000e+00,0.000000e+00,0.000000e+00,0.000000e+00,0.000000e+00,0.000000e+00,0.000000e+00,0.000000e+00,0.000000e+00,0.000000e+00,0.000000e+00,0.000000e+00,0.000000e+00
1.000000e+00,0.000000e+00,0.000000e+00,0.000000e+00,0.000000e+00,0.000000e+00,0.000000e+00,0.000000e+00,0.000000e+00,0.000000e+00,0.000000e+00,0.000000e+00,0.000000e+00,0.000000e+00,0.000000e+00
1.000000e+00,0.000000e+00,0.000000e+00,0.000000e+00,0.000000e+00,0.000000e+00,0.000000e+00,0.000000e+00,0.000000e+00,0.000000e+00,0.000000e+00,0.000000e+00,0.000000e+00,0.000000e+00,0.000000e+00
1.000000e+00,0.000000e+00,0.000000e+00,0.000000e+00,0.000000e+00,0.000000e+00,0.000000e+00,0.000000e+00,0.000000e+00,0.000000e+00,0.000000e+00,0.000000e+00,0.000000e+00,0.000000e+00,0.000000e+00
1.000000e+00,0.000000e+00,0.000000e+00,0.000000e+00,0.000000e+00,0.000000e+00,0.000000e+00,0.000000e+00,0.000000e+00,0.000000e+00,0.000000e+00,0.000000e+00,0.000000e+00,0.000000e+00,0.000000e+00
1.000000e+00,0.000000e+00,0.000000e+00,0.000000e+00,0.000000e+00,0.000000e+00,0.000000e+00,0.000000e+00,0.000000e+00,0.000000e+00,0.000000e+00,0.000000e+00,0.000000e+00,0.000000e+00,0.000000e+00
1.000000e+00,0.000000e+00,0.000000e+00,0.000000e+00,0.000000e+00,0.000000e+00,0.000000e+00,0.000000e+00,0.000000e+00,0.000000e+00,0.000000e+00,0.000000e+00,0.000000e+00,0.000000e+00,0.000000e+00
1.000000e+00,0.000000e+00,0.000000e+00,0.000000e+00,0.000000e+00,0.000000e+00,0.000000e+00,0.000000e+00,0.000000e+00,0.000000e+00,0.000000e+00,0.000000e+00,0.000000e+00,0.000000e+00,0.000000e+00
1.000000e+00,0.000000e+00,0.000000e+00,0.000000e+00,0.000000e+00,0.000000e+00,0.000000e+00,0.000000e+00,0.000000e+00,0.000000e+00,0.000000e+00,0.000000e+00,0.000000e+00,0.000000e+00,0.000000e+00
1.000000e+00,0.000000e+00,0.000000e+00,0.000000e+00,0.000000e+00,0.000000e+00,0.000000e+00,0.000000e+00,0.000000e+00,0.000000e+00,0.000000e+00,0.000000e+00,0.000000e+00,0.000000e+00,0.000000e+00
1.000000e+00,0.000000e+00,0.000000e+00,0.000000e+00,0.000000e+00,0.000000e+00,0.000000e+00,0.000000e+00,0.000000e+00,0.000000e+00,0.000000e+00,0.000000e+00,0.000000e+00,0.000000e+00,0.000000e+00
1.000000e+00,0.000000e+00,0.000000e+00,0.000000e+00,0.000000e+00,0.000000e+00,0.000000e+00,0.000000e+00,0.000000e+00,0.000000e+00,0.000000e+00,0.000000e+00,0.000000e+00,0.000000e+00,0.000000e+00
1.000000e+00,0.000000e+00,0.000000e+00,0.000000e+00,0.000000e+00,0.000000e+00,0.000000e+00,0.000000e+00,0.000000e+00,0.000000e+00,0.000000e+00,0.000000e+00,0.000000e+00,0.000000e+00,0.000000e+00
1.000000e+00,0.000000e+00,0.000000e+00,0.000000e+00,0.000000e+00,0.000000e+00,0.000000e+00,0.000000e+00,0.000000e+00,0.000000e+00,0.000000e+00,0.000000e+00,0.000000e+00,0.000000e+00,0.000000e+00
1.000000e+00,0.000000e+00,0.000000e+00,0.000000e+00,0.000000e+00,0.000000e+00,0.000000e+00,0.000000e+00,0.000000e+00,0.000000e+00,0.000000e+00,0.000000e+00,0.000000e+00,0.000000e+00,0.000000e+00
1.000000e+00,0.000000e+00,0.000000e+00,0.000000e+00,0.000000e+00,0.000000e+00,0.000000e+00,0.000000e+00,0.000000e+00,0.000000e+00,0.000000e+00,0.000000e+00,0.000000e+00,0.000000e+00,0.000000e+00
1.000000e+00,0.000000e+00,0.000000e+00,0.000000e+00,0.000000e+00,0.000000e+00,0.000000e+00,0.000000e+00,0.000000e+00,0.000000e+00,0.000000e+00,0.000000e+00,0.000000e+00,0.000000e+00,0.000000e+00
1.000000e+00,0.000000e+00,0.000000e+00,0.000000e+00,0.000000e+00,0.000000e+00,0.000000e+00,0.000000e+00,0.000000e+00,0.000000e+00,0.000000e+00,0.000000e+00,0.000000e+00,0.000000e+00,0.000000e+00
1.000000e+00,0.000000e+00,0.000000e+00,0.000000e+00,0.000000e+00,0.000000e+00,0.000000e+00,0.000000e+00,0.000000e+00,0.000000e+00,0.000000e+00,0.000000e+00,0.000000e+00,0.000000e+00,0.000000e+00
1.000000e+00,0.000000e+00,0.000000e+00,0.000000e+00,0.000000e+00,0.000000e+00,0.000000e+00,0.000000e+00,0.000000e+00,0.000000e+00,0.000000e+00,0.000000e+00,0.000000e+00,0.000000e+00,0.000000e+00
1.000000e+00,0.000000e+00,0.000000e+00,0.000000e+00,0.000000e+00,0.000000e+00,0.000000e+00,0.000000e+00,0.000000e+00,0.000000e+00,0.000000e+00,0.000000e+00,0.000000e+00,0.000000e+00,0.000000e+00
1.000000e+00,0.000000e+00,0.000000e+00,0.000000e+00,0.000000e+00,0.000000e+00,0.000000e+00,0.000000e+00,0.000000e+00,0.000000e+00,0.000000e+00,0.000000e+00,0.000000e+00,0.000000e+00,0.000000e+00
1.000000e+00,0.000000e+00,0.000000e+00,0.000000e+00,0.000000e+00,0.000000e+00,0.000000e+00,0.000000e+00,0.000000e+00,0.000000e+00,0.000000e+00,0.000000e+00,0.000000e+00,0.000000e+00,0.000000e+00
1.000000e+00,0.000000e+00,0.000000e+00,0.000000e+00,0.000000e+00,0.000000e+00,0.000000e+00,0.000000e+00,0.000000e+00,0.000000e+00,0.000000e+00,0.000000e+00,0.000000e+00,0.000000e+00,0.000000e+00
1.000000e+00,0.000000e+00,0.000000e+00,0.000000e+00,0.000000e+00,0.000000e+00,0.000000e+00,0.000000e+00,0.000000e+00,0.000000e+00,0.000000e+00,0.000000e+00,0.000000e+00,0.000000e+00,0.000000e+00
1.000000e+00,0.000000e+00,0.000000e+00,0.000000e+00,0.000000e+00,0.000000e+00,0.000000e+00,0.000000e+00,0.000000e+00,0.000000e+00,0.000000e+00,0.000000e+00,0.000000e+00,0.000000e+00,0.000000e+00
1.000000e+00,0.000000e+00,0.000000e+00,0.000000e+00,0.000000e+00,0.000000e+00,0.000000e+00,0.000000e+00,0.000000e+00,0.000000e+00,0.000000e+00,0.000000e+00,0.000000e+00,0.000000e+00,0.000000e+00
1.000000e+00,0.000000e+00,0.000000e+00,0.000000e+00,0.000000e+00,0.000000e+00,0.000000e+00,0.000000e+00,0.000000e+00,0.000000e+00,0.000000e+00,0.000000e+00,0.000000e+00,0.000000e+00,0.000000e+00
1.000000e+00,0.000000e+00,0.000000e+00,0.000000e+00,0.000000e+00,0.000000e+00,0.000000e+00,0.000000e+00,0.000000e+00,0.000000e+00,0.000000e+00,0.000000e+00,0.000000e+00,0.000000e+00,0.000000e+00
1.000000e+00,0.000000e+00,0.000000e+00,0.000000e+00,0.000000e+00,0.000000e+00,0.000000e+00,0.000000e+00,0.000000e+00,0.000000e+00,0.000000e+00,0.000000e+00,0.000000e+00,0.000000e+00,0.000000e+00
1.000000e+00,0.000000e+00,0.000000e+00,0.000000e+00,0.000000e+00,0.000000e+00,0.000000e+00,0.000000e+00,0.000000e+00,0.000000e+00,0.000000e+00,0.000000e+00,0.000000e+00,0.000000e+00,0.000000e+00
1.000000e+00,0.000000e+00,0.000000e+00,0.000000e+00,0.000000e+00,0.000000e+00,0.000000e+00,0.000000e+00,0.000000e+00,0.000000e+00,0.000000e+00,0.000000e+00,0.000000e+00,0.000000e+00,0.000000e+00
1.000000e+00,0.000000e+00,0.000000e+00,0.000000e+00,0.000000e+00,0.000000e+00,0.000000e+00,0.000000e+00,0.000000e+00,0.000000e+00,0.000000e+00,0.000000e+00,0.000000e+00,0.000000e+00,0.000000e+00
1.000000e+00,0.000000e+00,0.000000e+00,0.000000e+00,0.000000e+00,0.000000e+00,0.000000e+00,0.000000e+00,0.000000e+00,0.000000e+00,0.000000e+00,0.000000e+00,0.000000e+00,0.000000e+00,0.000000e+00
1.000000e+00,0.000000e+00,0.000000e+00,0.000000e+00,0.000000e+00,0.000000e+00,0.000000e+00,0.000000e+00,0.000000e+00,0.000000e+00,0.000000e+00,0.000000e+00,0.000000e+00,0.000000e+00,0.000000e+00
1.000000e+00,0.000000e+00,0.000000e+00,0.000000e+00,0.000000e+00,0.000000e+00,0.000000e+00,0.000000e+00,0.000000e+00,0.000000e+00,0.000000e+00,0.000000e+00,0.000000e+00,0.000000e+00,0.000000e+00
1.000000e+00,0.000000e+00,0.000000e+00,0.000000e+00,0.000000e+00,0.000000e+00,0.000000e+00,0.000000e+00,0.000000e+00,0.000000e+00,0.000000e+00,0.000000e+00,0.000000e+00,0.000000e+00,0.000000e+00
1.000000e+00,0.000000e+00,0.000000e+00,0.000000e+00,0.000000e+00,0.000000e+00,0.000000e+00,0.000000e+00,0.000000e+00,0.000000e+00,0.000000e+00,0.000000e+00,0.000000e+00,0.000000e+00,0.000000e+00
1.000000e+00,0.000000e+00,0.000000e+00,0.000000e+00,0.000000e+00,0.000000e+00,0.000000e+00,0.000000e+00,0.000000e+00,0.000000e+00,0.000000e+00,0.000000e+00,0.000000e+00,0.000000e+00,0.000000e+00
1.000000e+00,0.000000e+00,0.000000e+00,0.000000e+00,0.000000e+00,0.000000e+00,0.000000e+00,0.000000e+00,0.000000e+00,0.000000e+00,0.000000e+00,0.000000e+00,0.000000e+00,0.000000e+00,0.000000e+00
1.000000e+00,0.000000e+00,0.000000e+00,0.000000e+00,0.000000e+00,0.000000e+00,0.000000e+00,0.000000e+00,0.000000e+00,0.000000e+00,0.000000e+00,0.000000e+00,0.000000e+00,0.000000e+00,0.000000e+00
3.954794e-01,3.885194e-02,8.882427e-03,1.859185e-01,3.979308e-03,1.064188e-02,2.751808e-03,5.278216e-03,1.237093e-02,4.117754e-03,8.087760e-03,1.234536e-02,1.155775e-02,4.103589e-03,2.956334e-01
2.793430e-01,3.571483e-02,2.321868e-02,3.419952e-01,4.080645e-03,8.113253e-03,2.237642e-03,3.794642e-03,1.243990e-02,4.352207e-03,8.061666e-03,8.914865e-03,8.540791e-03,3.746259e-03,2.554463e-01
1.986201e-01,2.740498e-02,2.001070e-02,2.434132e-01,3.095368e-03,6.014451e-03,1.647769e-03,2.685379e-03,1.069358e-02,5.118018e-03,6.159956e-03,6.334757e-03,6.467389e-03,5.337689e-03,4.569967e-01
1.406897e-01,2.201383e-02,2.768693e-02,2.326179e-01,2.795612e-03,4.805009e-03,1.430120e-03,1.940694e-03,1.337950e-02,9.530852e-03,5.263386e-03,4.654401e-03,5.186851e-03,5.017652e-03,5.229877e-01
9.869090e-02,1.627531e-02,7.407005e-02,1.955137e-01,2.194330e-03,3.582407e-03,1.098744e-03,1.407440e-03,1.092405e-02,1.156031e-02,4.174347e-03,3.392780e-03,3.771604e-03,4.003863e-03,5.693402e-01
6.925619e-02,1.185286e-02,5.748441e-02,1.387651e-01,1.659687e-03,2.596438e-03,7.878121e-04,1.002722e-03,8.772588e-03,1.106958e-02,3.073587e-03,2.560591e-03,2.724143e-03,5.861557e-03,6.825327e-01
4.860990e-02,8.922535e-03,8.043160e-02,1.023650e-01,1.313963e-03,1.880409e-03,5.781394e-04,7.214827e-04,8.327961e-03,1.402066e-02,2.428575e-03,2.234585e-03,2.011947e-03,7.705781e-03,7.184474e-01
3.413143e-02,7.723063e-03,5.990064e-02,7.204868e-02,9.947103e-04,1.347172e-03,4.126281e-04,5.097736e-04,9.121136e-03,1.983232e-02,3.087359e-03,1.908117e-03,1.528246e-03,6.096064e-02,7.264941e-01
2.393724e-02,7.155395e-03,5.062304e-02,5.161995e-02,7.476365e-04,9.620303e-04,2.964241e-04,3.601603e-04,1.742543e-02,2.428618e-02,2.790587e-03,1.533998e-03,1.481190e-03,6.033476e-02,7.564459e-01
1.690513e-02,8.162543e-03,6.508505e-02,3.852444e-02,6.055689e-04,7.323109e-04,2.182744e-04,2.572005e-04,4.035336e-02,4.595354e-02,2.558928e-03,1.253372e-03,1.514398e-03,1.223207e-01,6.555552e-01
1.261176e-02,2.456714e-02,5.709894e-02,2.771360e-02,8.137567e-04,8.024795e-04,1.864616e-04,1.903579e-04,5.602929e-02,6.531333e-02,2.799248e-03,1.075312e-03,4.231777e-03,2.240991e-01,5.224675e-01
1.263185e-02,3.282558e-02,7.012936e-02,3.118471e-02,3.402539e-03,2.725312e-03,4.655003e-04,5.898447e-04,1.365200e-01,1.050588e-01,3.372655e-03,1.549590e-03,7.160471e-03,2.021561e-01,3.902277e-01
1.037328e-02,2.684458e-02,1.264441e-01,5.517348e-02,5.183935e-03,3.296606e-03,5.484143e-04,1.607293e-03,1.508310e-01,1.577529e-01,3.081817e-03,1.940284e-03,6.809541e-03,1.639984e-01,2.861144e-01
9.331282e-03,2.443353e-02,1.731763e-01,6.403434e-02,4.279472e-03,3.234964e-03,4.620887e-04,1.292056e-03,1.424741e-01,2.300297e-01,3.488979e-03,2.166498e-03,5.460827e-03,1.259570e-01,2.101789e-01
7.060170e-03,2.022648e-02,1.492443e-01,4.554902e-02,3.087606e-03,3.163247e-03,3.370370e-04,9.305371e-04,1.023724e-01,4.175903e-01,3.826405e-03,1.967978e-03,4.320218e-03,8.850207e-02,1.518223e-01
5.267614e-03,5.774719e-02,1.101002e-01,3.229982e-02,2.509543e-03,3.107669e-03,2.454458e-04,6.738222e-04,1.075992e-01,4.507616e-01,2.345494e-02,3.361325e-03,2.691248e-02,6.260017e-02,1.133591e-01
4.814762e-03,5.902730e-02,8.318771e-02,2.852080e-02,2.765036e-03,6.767311e-03,2.386158e-04,1.285313e-03,1.748036e-01,4.186281e-01,3.564753e-02,4.316677e-03,5.136633e-02,4.529652e-02,8.333450e-02
4.314086e-03,1.059461e-01,6.398804e-02,2.963832e-02,3.041466e-03,8.831980e-03,2.359902e-04,1.136633e-03,1.961798e-01,4.131080e-01,3.055087e-02,3.581793e-03,4.057508e-02,3.205913e-02,6.681281e-02
3.081156e-03,7.824676e-02,4.964290e-02,4.573176e-02,2.305573e-03,6.703644e-03,2.051224e-04,8.341449e-04,1.647586e-01,4.938043e-01,2.661315e-02,2.685416e-03,2.945319e-02,2.263958e-02,7.329467e-02
2.748370e-03,7.585689e-02,4.714344e-02,4.503265e-02,3.126027e-03,6.733897e-03,3.556058e-04,1.357179e-03,1.281393e-01,4.187889e-01,6.000309e-02,4.161265e-03,2.853242e-02,3.081776e-02,1.472031e-01
3.522256e-03,5.688187e-02,3.919892e-02,5.060989e-02,3.321111e-03,8.268064e-03,5.502381e-04,1.447512e-03,9.250001e-02,3.341507e-01,8.630724e-02,7.279174e-03,5.376042e-02,3.024152e-02,2.319610e-01
8.219253e-03,4.281896e-02,3.968522e-02,4.284732e-02,4.890702e-03,1.113008e-02,7.509718e-04,2.415475e-03,6.698940e-02,2.595316e-01,1.114629e-01,9.185513e-03,6.827636e-02,3.298878e-02,2.988074e-01
7.770373e-03,3.128427e-02,3.012114e-02,3.106320e-02,4.815932e-03,8.641497e-03,7.008403e-04,2.240208e-03,5.564850e-02,2.609715e-01,1.348245e-01,1.125999e-02,6.766786e-02,5.034968e-02,3.026405e-01
1.289893e-02,2.239343e-02,2.267061e-02,2.488520e-02,6.622092e-03,7.478827e-03,7.462178e-04,2.359301e-03,4.633681e-02,2.374389e-01,1.380288e-01,1.152815e-02,5.953665e-02,5.593411e-02,3.511420e-01
1.104638e-02,1.588649e-02,1.662589e-02,1.869685e-02,5.260824e-03,7.529472e-03,6.020876e-04,1.733997e-03,3.687499e-02,1.783917e-01,1.268453e-01,9.853641e-03,4.779013e-02,4.156963e-02,4.812926e-01
8.952916e-03,1.175483e-02,1.719693e-02,2.355677e-02,6.620280e-03,1.295017e-02,5.179430e-04,2.368562e-03,5.700679e-02,1.357552e-01,2.176878e-01,1.502842e-02,5.441522e-02,3.603170e-02,4.001565e-01
7.303608e-03,8.458651e-03,1.285658e-02,2.045333e-02,5.983755e-03,1.406641e-02,4.607581e-04,1.843184e-03,4.828915e-02,1.071021e-01,2.596684e-01,2.019965e-02,5.766100e-02,2.771569e-02,4.079377e-01
5.373253e-03,5.962721e-03,9.329909e-03,1.495686e-02,5.306382e-03,1.009914e-02,4.099706e-04,1.402881e-03,4.100766e-02,8.054522e-02,2.041685e-01,2.463894e-02,5.684993e-02,2.089748e-02,5.190511e-01
4.238906e-03,4.215212e-03,7.012121e-03,1.070850e-02,4.765446e-03,7.206777e-03,3.325591e-04,1.097834e-03,3.124691e-02,6.179877e-02,1.577380e-01,2.341882e-02,4.699380e-02,1.769252e-02,6.215338e-01
3.995198e-03,3.574535e-03,8.209225e-03,8.046052e-03,1.048867e-02,5.198797e-03,5.466792e-04,2.543470e-03,2.587876e-02,6.035683e-02,1.273249e-01,2.503069e-02,6.055611e-02,1.661158e-02,6.416385e-01
3.728498e-03,2.978118e-03,7.876450e-03,5.780742e-03,1.176579e-02,3.851763e-03,4.732009e-04,2.218117e-03,2.015417e-02,8.648731e-02,1.008640e-01,2.376495e-02,5.670473e-02,1.399743e-02,6.593547e-01
3.136918e-03,2.699637e-03,7.589095e-03,4.404141e-03,1.276406e-02,3.353526e-03,4.484637e-04,1.987807e-03,1.859901e-02,9.177239e-02,8.208443e-02,2.733313e-02,5.892278e-02,1.280940e-02,6.720952e-01
4.246050e-03,3.019367e-03,1.613665e-02,3.640534e-03,8.182408e-02,3.598551e-03,5.667853e-04,7.733723e-03,4.039500e-02,1.037860e-01,7.862920e-02,2.688320e-02,5.896027e-02,1.164187e-02,5.589387e-01
5.041426e-03,6.706643e-03,4.107829e-02,3.048561e-03,1.362764e-01,4.077878e-03,6.171460e-04,7.487476e-03,8.744314e-02,1.166752e-01,7.463840e-02,2.823251e-02,6.359156e-02,1.293803e-02,4.121474e-01
5.492049e-03,1.233025e-02,5.593333e-02,2.467711e-03,1.177113e-01,4.127506e-03,8.325662e-04,7.853814e-03,1.540413e-01,1.228934e-01,8.986980e-02,3.505731e-02,7.233547e-02,1.789692e-02,3.011573e-01
1.205227e-02,1.821421e-02,5.289787e-02,3.134553e-03,1.004582e-01,9.793214e-03,1.228765e-03,2.714651e-02,1.838078e-01,1.675273e-01,8.879706e-02,3.981205e-02,6.058070e-02,1.547147e-02,2.190780e-01
1.502505e-02,1.711689e-02,7.536447e-02,7.433136e-03,8.529293e-02,1.109581e-02,1.930313e-03,1.379724e-01,1.656861e-01,1.506737e-01,7.576463e-02,3.646055e-02,4.791538e-02,1.388730e-02,1.583813e-01
1.701397e-02,1.919934e-02,9.355289e-02,1.380682e-02,7.607370e-02,8.906290e-03,1.758001e-03,1.811284e-01,2.113749e-01,1.116582e-01,6.639545e-02,3.423759e-02,4.164126e-02,1.108778e-02,1.121654e-01
2.046632e-02,2.720957e-02,7.795669e-02,1.435008e-02,6.911862e-02,7.473794e-03,1.369716e-03,1.524634e-01,3.346897e-01,8.630458e-02,5.524352e-02,3.130512e-02,3.396508e-02,8.617760e-03,7.946606e-02
2.546876e-02,2.235325e-02,6.616418e-02,2.413156e-02,5.783240e-02,6.244713e-03,1.386327e-03,2.623696e-01,2.944807e-01,7.478346e-02,4.716880e-02,2.333407e-02,3.161055e-02,6.509766e-03,5.616185e-02
3.615031e-02,2.383878e-02,6.631521e-02,3.686373e-02,5.906277e-02,6.326283e-03,1.742086e-03,3.182539e-01,2.603126e-01,6.272747e-02,3.579513e-02,1.840037e-02,2.870678e-02,5.210853e-03,4.029374e-02
3.134417e-02,1.886657e-02,6.601671e-02,3.744621e-02,5.494935e-02,4.899152e-03,2.130196e-03,4.492691e-01,1.970298e-01,4.514690e-02,2.561422e-02,1.386662e-02,2.115556e-02,3.757846e-03,2.850761e-02
2.826004e-02,1.442351e-02,5.270697e-02,3.158504e-02,4.872422e-02,4.064570e-03,1.701756e-03,5.726376e-01,1.423834e-01,3.536882e-02,1.889119e-02,1.037369e-02,1.568596e-02,2.943467e-03,2.024986e-02
2.604436e-02,1.140956e-02,4.121488e-02,2.681039e-02,4.269645e-02,3.638120e-03,1.612567e-03,6.579374e-01,1.053276e-01,3.230065e-02,1.413459e-02,7.932522e-03,1.186052e-02,2.597917e-03,1.448246e-02
2.230820e-02,8.899299e-03,3.314094e-02,2.074476e-02,3.791898e-02,3.214252e-03,1.630534e-03,7.333183e-01,7.580502e-02,2.657196e-02,1.005785e-02,5.637931e-03,8.450461e-03,2.012496e-03,1.028900e-02
2.872747e-02,1.066529e-02,2.887214e-02,1.565642e-02,3.362586e-02,5.499814e-03,2.114418e-03,7.549797e-01,5.946258e-02,3.139534e-02,7.291302e-03,4.393869e-03,6.672602e-03,2.553681e-03,8.089529e-03
4.525632e-02,1.293969e-02,2.876057e-02,1.559164e-02,3.446872e-02,6.847755e-03,3.019585e-03,7.390347e-01,5.114386e-02,3.796280e-02,5.609130e-03,4.241062e-03,5.808705e-03,2.474746e-03,6.840752e-03
6.362545e-02,1.158913e-02,2.133474e-02,1.560558e-02,3.228838e-02,7.204763e-03,3.001159e-03,7.352725e-01,4.275437e-02,4.271951e-02,5.350312e-03,5.340014e-03,5.111963e-03,2.225382e-03,6.576774e-03
1.053740e-01,1.009666e-02,1.702542e-02,1.382139e-02,3.290059e-02,8.147438e-03,3.480877e-03,6.992870e-01,3.801114e-02,4.699374e-02,4.669299e-03,6.358080e-03,4.900401e-03,2.186354e-03,6.747560e-03
1.565914e-01,1.043987e-02,1.621484e-02,1.120699e-02,2.740683e-02,8.859609e-03,3.492319e-03,6.639137e-01,3.455555e-02,3.955265e-02,4.953573e-03,7.800704e-03,4.487157e-03,2.730615e-03,7.794115e-03
2.170188e-01,1.239201e-02,1.793921e-02,1.248702e-02,2.395354e-02,1.119326e-02,4.199007e-03,5.964327e-01,3.302969e-02,3.300079e-02,6.671815e-03,1.256102e-02,5.100373e-03,2.973717e-03,1.104707e-02
3.184977e-01,1.538713e-02,1.861179e-02,1.649097e-02,1.991634e-02,1.645758e-02,4.578304e-03,4.611730e-01,3.177506e-02,3.122415e-02,1.337470e-02,2.313491e-02,8.204765e-03,3.745003e-03,1.742859e-02
2.965419e-01,2.298278e-02,2.257763e-02,4.414694e-02,1.785129e-02,2.134543e-02,4.080785e-03,3.466969e-01,3.575885e-02,2.852502e-02,3.191621e-02,8.526106e-02,1.677804e-02,4.129284e-03,2.140791e-02
2.745169e-01,2.291812e-02,2.152592e-02,5.097988e-02,2.035038e-02,1.906436e-02,3.531358e-03,2.891280e-01,4.712740e-02,6.748755e-02,5.095503e-02,7.739625e-02,2.553066e-02,5.189414e-03,2.429875e-02
2.625682e-01,1.874639e-02,1.967866e-02,4.633172e-02,1.757513e-02,2.071548e-02,3.051443e-03,2.383266e-01,4.493659e-02,1.173263e-01,6.939691e-02,6.217594e-02,4.627849e-02,5.616480e-03,2.727568e-02
2.793788e-01,1.613039e-02,1.519506e-02,4.863311e-02,1.502298e-02,1.753980e-02,2.467919e-03,1.740285e-01,4.665373e-02,1.614443e-01,7.675366e-02,5.556041e-02,6.047598e-02,5.753211e-03,2.496218e-02
2.741321e-01,1.484152e-02,1.157025e-02,6.855754e-02,1.291985e-02,1.678500e-02,2.084259e-03,1.253387e-01,5.208054e-02,1.832500e-01,7.887255e-02,5.432508e-02,7.650280e-02,5.465260e-03,2.327464e-02
2.102670e-01,1.248095e-02,1.011865e-02,1.780563e-01,1.818375e-02,1.850718e-02,1.884638e-03,9.671006e-02,5.971289e-02,1.438370e-01,7.823652e-02,6.807932e-02,7.986087e-02,4.701779e-03,1.936314e-02
2.213597e-01,1.070042e-02,7.986253e-03,1.547334e-01,1.974238e-02,1.743671e-02,2.264420e-03,7.227697e-02,8.048666e-02,1.171156e-01,9.197427e-02,1.109659e-01,7.215002e-02,4.522987e-03,1.628429e-02
2.971732e-01,9.167339e-03,8.505466e-03,1.288218e-01,2.878550e-02,1.479540e-02,7.843840e-03,6.876288e-02,7.311352e-02,1.011273e-01,8.147047e-02,9.940132e-02,6.311216e-02,3.865046e-03,1.405462e-02
4.178247e-01,8.304714e-03,6.845461e-03,1.012248e-01,2.524808e-02,1.830381e-02,6.815286e-03,5.695198e-02,6.525122e-02,7.683461e-02,6.125231e-02,9.211954e-02,4.784529e-02,3.354693e-03,1.182348e-02
4.868849e-01,8.979318e-03,5.829324e-03,8.212373e-02,2.456307e-02,2.132355e-02,5.960575e-03,5.683953e-02,6.037249e-02,5.862147e-02,4.731111e-02,8.916125e-02,3.821277e-02,2.829582e-03,1.098729e-02
4.851389e-01,1.076597e-02,5.599787e-03,6.592625e-02,4.374678e-02,2.302717e-02,6.177754e-03,7.498689e-02,5.483108e-02,6.792800e-02,3.787975e-02,7.653881e-02,3.330258e-02,2.472082e-03,1.167820e-02
4.469171e-01,1.103146e-02,6.359086e-03,6.306704e-02,6.057407e-02,2.417102e-02,7.551841e-03,1.080280e-01,4.234269e-02,8.832335e-02,3.039109e-02,6.687360e-02,3.081270e-02,2.080698e-03,1.147629e-02
4.433564e-01,1.158312e-02,7.530940e-03,6.840429e-02,5.652718e-02,2.380875e-02,6.531792e-03,8.788215e-02,4.247777e-02,1.292586e-01,2.460385e-02,5.888362e-02,2.495265e-02,1.747274e-03,1.245166e-02
3.804614e-01,2.640854e-02,1.179709e-02,6.056958e-02,6.297570e-02,1.943881e-02,5.612857e-03,7.112383e-02,6.159146e-02,1.919864e-01,1.995393e-02,4.586735e-02,2.022932e-02,1.985645e-03,1.999810e-02
3.193956e-01,3.070277e-02,1.690606e-02,5.493619e-02,8.277224e-02,1.630617e-02,5.613827e-03,6.746477e-02,6.938486e-02,2.463176e-01,1.539306e-02,3.687646e-02,1.790610e-02,1.918202e-03,1.810617e-02
2.608066e-01,2.776386e-02,1.639952e-02,4.911337e-02,8.364870e-02,1.314624e-02,6.007962e-03,6.431361e-02,9.121467e-02,3.152770e-01,1.148774e-02,2.732038e-02,1.728632e-02,1.686445e-03,1.452754e-02
2.172733e-01,2.296064e-02,1.415695e-02,5.172686e-02,8.234176e-02,1.094409e-02,8.617748e-03,8.213189e-02,1.105367e-01,3.426915e-01,8.789337e-03,2.059712e-02,1.462945e-02,1.334015e-03,1.126857e-02
1.810700e-01,3.000750e-02,2.305947e-02,1.575960e-01,9.041961e-02,1.300858e-02,1.282580e-02,8.135381e-02,8.710182e-02,2.772365e-01,8.092428e-03,1.618518e-02,1.171059e-02,1.129406e-03,9.203278e-03
2.573816e-01,2.857031e-02,2.175471e-02,1.288219e-01,7.652587e-02,1.399051e-02,1.088562e-02,9.626813e-02,8.579565e-02,2.278885e-01,9.087063e-03,1.526685e-02,1.140468e-02,1.712731e-03,1.464586e-02
3.564843e-01,2.522944e-02,1.907511e-02,1.072101e-01,6.346325e-02,1.720133e-02,8.862736e-03,1.177139e-01,6.774810e-02,1.636987e-01,8.575762e-03,1.777018e-02,1.018385e-02,1.747403e-03,1.503580e-02
4.183255e-01,2.245953e-02,1.595215e-02,8.481527e-02,5.199020e-02,1.733453e-02,7.577748e-03,1.458394e-01,5.372963e-02,1.249109e-01,8.097329e-03,1.695174e-02,9.079041e-03,1.763226e-03,2.117367e-02
3.752826e-01,2.256877e-02,1.312170e-02,6.711192e-02,4.439107e-02,1.467935e-02,6.792494e-03,2.685905e-01,4.540144e-02,8.974330e-02,7.455286e-03,1.421249e-02,7.910884e-03,1.407712e-03,2.133048e-02
2.699087e-01,1.740013e-02,1.212417e-02,4.958441e-02,3.399731e-02,1.127409e-02,5.561015e-03,4.613597e-01,3.367152e-02,6.356883e-02,5.967520e-03,1.057850e-02,6.437269e-03,1.054517e-03,1.751237e-02
2.264546e-01,1.422531e-02,1.022997e-02,3.648681e-02,2.868837e-02,8.935950e-03,4.730043e-03,5.666941e-01,2.592777e-02,4.490228e-02,5.236981e-03,8.387534e-03,5.184432e-03,8.768645e-04,1.303909e-02
1.877893e-01,1.155276e-02,1.094564e-02,2.840027e-02,2.401446e-02,7.904203e-03,5.472127e-03,6.445344e-01,2.029401e-02,3.172669e-02,4.227359e-03,6.801191e-03,5.469447e-03,7.702690e-04,1.009785e-02
1.658826e-01,1.027653e-02,1.296297e-02,2.118256e-02,2.009593e-02,8.646657e-03,6.891941e-03,6.848896e-01,1.948935e-02,2.252376e-02,3.554240e-03,5.759727e-03,8.790510e-03,8.217753e-04,8.231829e-03
1.355323e-01,8.989149e-03,1.482487e-02,1.557525e-02,1.615375e-02,1.052658e-02,1.731665e-02,7.094773e-01,1.538002e-02,1.593887e-02,2.877061e-03,4.425465e-03,2.512280e-02,7.081623e-04,7.151739e-03
2.043159e-01,9.447744e-03,1.765859e-02,1.496127e-02,1.425874e-02,1.911889e-02,2.485061e-02,6.205248e-01,1.716045e-02,1.168786e-02,3.290330e-03,6.940238e-03,2.575710e-02,1.134050e-03,8.893423e-03
3.082240e-01,9.285815e-03,1.724781e-02,1.297462e-02,1.247962e-02,2.073487e-02,3.248907e-02,5.184386e-01,1.734440e-02,8.797427e-03,3.224611e-03,8.077942e-03,1.981949e-02,1.168634e-03,9.693008e-03
3.073208e-01,7.850030e-03,1.611627e-02,1.063899e-02,1.064112e-02,2.195909e-02,4.711092e-02,5.201863e-01,1.554890e-02,6.655467e-03,2.736981e-03,7.969541e-03,1.523312e-02,1.025775e-03,9.006660e-03
3.000708e-01,1.164645e-02,1.920987e-02,1.289501e-02,1.047892e-02,3.696969e-02,7.667805e-02,4.347100e-01,1.515802e-02,7.838657e-03,6.941309e-03,1.532589e-02,1.860048e-02,1.752552e-03,3.172436e-02
2.584502e-01,3.585911e-02,2.249778e-02,1.770598e-02,9.149389e-03,5.142090e-02,6.318694e-02,3.164693e-01,2.399383e-02,2.273243e-02,1.397860e-02,3.950733e-02,3.147411e-02,2.777146e-03,9.079695e-02
1.818959e-01,3.401207e-02,2.212419e-02,1.969233e-02,6.704080e-03,3.692779e-02,4.471101e-02,2.217992e-01,2.685698e-02,1.425296e-01,1.368418e-02,3.291028e-02,2.715683e-02,2.233859e-03,1.867617e-01
1.284955e-01,3.406673e-02,3.050485e-02,3.372134e-02,5.311110e-03,2.782554e-02,3.272267e-02,1.567317e-01,2.941869e-02,2.026256e-01,2.982571e-02,4.103937e-02,9.070250e-02,2.372647e-03,1.546361e-01
9.194281e-02,2.687549e-02,3.252534e-02,5.751089e-02,6.330531e-03,3.131842e-02,2.868734e-02,1.120026e-01,4.384321e-02,2.050604e-01,3.798544e-02,7.206228e-02,1.097205e-01,6.769239e-03,1.373656e-01
6.493755e-02,1.933396e-02,2.509279e-02,4.157425e-02,5.004185e-03,2.304406e-02,2.013658e-02,7.848626e-02,3.267879e-02,3.007575e-01,5.158031e-02,6.709249e-02,1.526211e-01,1.436100e-02,1.032992e-01
4.665851e-02,1.562475e-02,2.257302e-02,3.129300e-02,2.449550e-02,1.656307e-02,1.416762e-02,5.508234e-02,3.072161e-02,2.790153e-01,6.786132e-02,5.834840e-02,2.221278e-01,3.369288e-02,8.177492e-02
5.224503e-02,1.259740e-02,1.931058e-02,2.258887e-02,1.699755e-01,1.226836e-02,1.011376e-02,4.016542e-02,2.827203e-02,2.391672e-01,5.286366e-02,4.170946e-02,1.603070e-01,5.141485e-02,8.700099e-02
4.927475e-02,4.293622e-02,1.832423e-02,1.654560e-02,1.852474e-01,9.781196e-03,7.405194e-03,2.966305e-02,4.684639e-02,2.339933e-01,3.902223e-02,2.940610e-02,1.154686e-01,6.521121e-02,1.108745e-01
4.490387e-02,9.811483e-02,1.796492e-02,1.289159e-02,1.517848e-01,8.605930e-03,5.340773e-03,2.154208e-02,6.045260e-02,2.407241e-01,2.886459e-02,2.085626e-02,8.298819e-02,6.104098e-02,1.439245e-01
3.231957e-02,1.410366e-01,1.730669e-02,1.242559e-02,1.082376e-01,7.328773e-03,3.766224e-03,1.517641e-02,1.122043e-01,2.547404e-01,2.398945e-02,1.530307e-02,6.032640e-02,4.433072e-02,1.515082e-01
2.597634e-02,1.643095e-01,1.735472e-02,1.159078e-02,7.969247e-02,6.948500e-03,2.754626e-03,1.130713e-02,1.012926e-01,2.282686e-01,2.891124e-02,1.130367e-02,4.737936e-02,3.609950e-02,2.268109e-01
2.253661e-02,1.519458e-01,6.545559e-02,3.133933e-02,5.983465e-02,6.294617e-03,2.107838e-03,1.179072e-02,1.698761e-01,1.740489e-01,2.977462e-02,9.395929e-03,4.091939e-02,2.903430e-02,1.956457e-01
2.521799e-02,1.288960e-01,1.023073e-01,2.587622e-02,4.849132e-02,6.974919e-03,1.957914e-03,1.104028e-02,1.370382e-01,1.648453e-01,3.177369e-02,1.010769e-02,5.128041e-02,2.515333e-02,2.290395e-01
2.079183e-02,9.438826e-02,7.730402e-02,1.865265e-02,3.553978e-02,5.924538e-03,1.754770e-03,9.036547e-03,9.955581e-02,1.373438e-01,2.692755e-02,7.718141e-03,4.089849e-02,2.306282e-02,4.011010e-01
3.830851e-02,7.840207e-02,1.193246e-01,4.050615e-02,3.865436e-02,1.421015e-02,3.149167e-03,1.224021e-02,8.326694e-02,1.006151e-01,2.300986e-02,6.155889e-03,3.248882e-02,2.436477e-02,3.853034e-01
4.439443e-02,5.939667e-02,9.392221e-02,3.521428e-02,3.827905e-02,1.953298e-02,3.816240e-03,1.676332e-02,6.508107e-02,7.717286e-02,2.042607e-02,4.788782e-03,2.480682e-02,2.538603e-02,4.710192e-01
7.396225e-02,4.502195e-02,8.362843e-02,2.824851e-02,2.987487e-02,1.686572e-02,2.941446e-03,1.351836e-02,5.499889e-02,6.677973e-02,1.663419e-02,3.657021e-03,1.915488e-02,2.721439e-02,5.174993e-01
1.229223e-01,5.133910e-02,1.288613e-01,8.285883e-02,3.157207e-02,1.753805e-02,3.398820e-03,1.304849e-02,5.395433e-02,5.331234e-02,1.596642e-02,5.493446e-03,1.560177e-02,2.279077e-02,3.813420e-01
2.346581e-01,4.556292e-02,1.009811e-01,7.013184e-02,3.426448e-02,1.860703e-02,4.179992e-03,2.339296e-02,4.351250e-02,4.039131e-02,1.504483e-02,8.959355e-03,1.492966e-02,2.864150e-02,3.167424e-01
2.453447e-01,5.081152e-02,1.332655e-01,1.095330e-01,3.433040e-02,1.922700e-02,3.763026e-03,2.570321e-02,4.275712e-02,3.030585e-02,1.252223e-02,8.899791e-03,1.161211e-02,2.456038e-02,2.473641e-01
2.471740e-01,4.048528e-02,1.084375e-01,1.154847e-01,4.098956e-02,1.572136e-02,3.866653e-03,1.368972e-01,3.590294e-02,2.263198e-02,9.897996e-03,7.799921e-03,9.204734e-03,2.041907e-02,1.850870e-01
1.929103e-01,3.554983e-02,9.146818e-02,8.537121e-02,3.871448e-02,1.152963e-02,2.875695e-03,3.236955e-01,2.988136e-02,1.627188e-02,7.302538e-03,5.600324e-03,6.661436e-03,1.530045e-02,1.368672e-01
1.369464e-01,2.533785e-02,6.836790e-02,6.021186e-02,2.916898e-02,8.140510e-03,2.046926e-03,5.160074e-01,2.124685e-02,1.144472e-02,5.167477e-03,3.926446e-03,4.676270e-03,1.114007e-02,9.617039e-02
9.938386e-02,1.866693e-02,5.344148e-02,4.277079e-02,2.608763e-02,5.835514e-03,1.475517e-03,6.426888e-01,1.533159e-02,8.103126e-03,3.663364e-03,2.759739e-03,3.297208e-03,8.359126e-03,6.813534e-02
7.575897e-02,1.343213e-02,4.037350e-02,3.041532e-02,2.174468e-02,4.417937e-03,1.078032e-03,7.344583e-01,1.145500e-02,5.697872e-03,2.676707e-03,1.979029e-03,2.355964e-03,6.257129e-03,4.789946e-02
5.716122e-02,9.885708e-03,2.979204e-02,2.157445e-02,1.704190e-02,3.449142e-03,7.914617e-04,8.040196e-01,8.760435e-03,4.012544e-03,1.959526e-03,1.461070e-03,1.698238e-03,4.732226e-03,3.366039e-02
4.545502e-02,7.392311e-03,2.147985e-02,1.588486e-02,1.259335e-02,2.678732e-03,6.012979e-04,8.510379e-01,7.685617e-03,2.886869e-03,1.916356e-03,1.401509e-03,1.436180e-03,3.617429e-03,2.393279e-02
3.845372e-02,6.044911e-03,1.556053e-02,1.154996e-02,9.524220e-03,2.175726e-03,5.163184e-04,8.802133e-01,9.018552e-03,2.119602e-03,2.098077e-03,1.464296e-03,1.384136e-03,2.752820e-03,1.712381e-02
4.307523e-02,5.289019e-03,1.154162e-02,9.211898e-03,8.054852e-03,2.122778e-03,5.760170e-04,8.751724e-01,1.845647e-02,1.690338e-03,4.841570e-03,2.000203e-03,2.003438e-03,2.370962e-03,1.359321e-02
4.903898e-02,6.044065e-03,3.004080e-02,1.530236e-02,2.058010e-02,3.169390e-03,9.601315e-04,8.129764e-01,3.493075e-02,2.490995e-03,6.925518e-03,2.312674e-03,2.594789e-03,2.083266e-03,1.054977e-02
6.556260e-02,5.340867e-03,2.426101e-02,1.845443e-02,2.306856e-02,3.927456e-03,1.510046e-03,7.145633e-01,1.000363e-01,2.524511e-03,1.724922e-02,2.383487e-03,6.194116e-03,3.038998e-03,1.188516e-02
6.630788e-02,4.249928e-03,1.909365e-02,1.467861e-02,2.538118e-02,4.763262e-03,2.947828e-03,5.123790e-01,1.825226e-01,5.445286e-03,7.064240e-02,2.430195e-03,2.089942e-02,4.062226e-03,6.419647e-02
5.742244e-02,3.234619e-03,1.570107e-02,1.174108e-02,3.042673e-02,3.872119e-03,2.362251e-03,3.641713e-01,1.600849e-01,4.915028e-03,5.502933e-02,1.974266e-03,4.145608e-02,3.986837e-03,2.436219e-01
4.295505e-02,2.388055e-03,1.185050e-02,9.191480e-03,2.355151e-02,3.884809e-03,1.804619e-03,2.564109e-01,1.245314e-01,3.897429e-03,6.669566e-02,2.590408e-03,1.513208e-01,3.648571e-03,2.952789e-01
3.022661e-02,1.710356e-03,9.095093e-03,6.526138e-03,2.443688e-02,2.792241e-03,1.504099e-03,1.811946e-01,9.306278e-02,3.064342e-03,5.506366e-02,2.956087e-03,2.588236e-01,3.009001e-03,3.265345e-01
2.127072e-02,1.247736e-03,8.776524e-03,4.599542e-03,2.189295e-02,1.995665e-03,1.421768e-03,1.272828e-01,6.612454e-02,2.297335e-03,4.138786e-02,2.513723e-03,2.253637e-01,2.466522e-03,4.713586e-01
1.495132e-02,9.030055e-04,6.789517e-03,3.253173e-03,1.845273e-02,1.429881e-03,1.188804e-03,9.040689e-02,4.721962e-02,2.037404e-03,3.194105e-02,2.069061e-03,1.782992e-01,2.083256e-03,5.989751e-01
1.084542e-02,9.637272e-04,1.541765e-02,2.980603e-03,1.760257e-02,1.396099e-03,2.103057e-03,1.159092e-01,3.514623e-02,1.936374e-03,2.536332e-02,1.805254e-03,1.314978e-01,1.936540e-03,6.350962e-01
8.274304e-03,9.941788e-04,3.015458e-02,4.810933e-03,1.402182e-02,1.375605e-03,2.536000e-03,1.849027e-01,2.560404e-02,1.866828e-03,1.978714e-02,1.559161e-03,9.582773e-02,1.995674e-03,6.062893e-01
7.198492e-03,1.422620e-03,2.665487e-01,1.602709e-02,2.263759e-02,2.927845e-03,2.312450e-03,1.366719e-01,2.025098e-02,1.394702e-03,1.425501e-02,1.259499e-03,6.801213e-02,1.420604e-03,4.376605e-01
6.684375e-03,2.354158e-03,3.293027e-01,1.484688e-02,6.401104e-02,2.575269e-03,2.260701e-03,1.328751e-01,1.932780e-02,1.318385e-03,1.045695e-02,9.840206e-04,4.845174e-02,1.097785e-03,3.634530e-01
1.350228e-02,5.020056e-03,2.896724e-01,4.004132e-02,9.645386e-02,2.837707e-03,2.458695e-03,2.098855e-01,1.668821e-02,1.382474e-03,9.811557e-03,1.377376e-03,3.559886e-02,8.412583e-04,2.744285e-01
3.423996e-02,7.532571e-03,2.487125e-01,5.346984e-02,1.274836e-01,5.905273e-03,2.310732e-03,2.589039e-01,1.360900e-02,2.402660e-03,8.060765e-03,1.316290e-03,3.208173e-02,8.785784e-04,2.030927e-01
5.149972e-02,8.599102e-03,2.651874e-01,5.275531e-02,1.531544e-01,5.279012e-03,2.038414e-03,2.574511e-01,1.157327e-02,2.803079e-03,6.187190e-03,1.257715e-03,2.625735e-02,1.134044e-03,1.548228e-01
4.764182e-02,7.673134e-03,2.308041e-01,4.036056e-02,1.674868e-01,6.161268e-03,4.960440e-03,3.434525e-01,9.005032e-03,2.899550e-03,4.645158e-03,1.274557e-03,1.974534e-02,1.143048e-03,1.127467e-01
4.229431e-02,6.284741e-03,2.096107e-01,3.519547e-02,1.561196e-01,7.930817e-03,6.383208e-03,4.173721e-01,7.419481e-03,5.117639e-03,3.641957e-03,1.620804e-03,1.821010e-02,1.120919e-03,8.167817e-02
7.180294e-02,8.919496e-03,1.552841e-01,3.741987e-02,1.654018e-01,3.712058e-02,9.034065e-03,4.018496e-01,8.379357e-03,6.604831e-03,4.941779e-03,5.454199e-03,2.011050e-02,1.158913e-03,6.651797e-02
1.252781e-01,9.706791e-03,1.118623e-01,3.177559e-02,1.600143e-01,6.694403e-02,1.033858e-02,3.868516e-01,8.323452e-03,5.443313e-03,5.688038e-03,6.676024e-03,1.747783e-02,1.518033e-03,5.210201e-02
1.791544e-01,9.455989e-03,7.962129e-02,2.668939e-02,1.432291e-01,7.565765e-02,1.009223e-02,3.891563e-01,7.209491e-03,4.648011e-03,8.860063e-03,9.924822e-03,1.561982e-02,1.571473e-03,3.910998e-02
2.046861e-01,9.257448e-03,5.681770e-02,2.115156e-02,1.026030e-01,1.999317e-01,7.409154e-03,2.735799e-01,6.353882e-03,5.256217e-03,4.594009e-02,2.061010e-02,1.232381e-02,2.314711e-03,3.176468e-02
1.514207e-01,6.782058e-03,4.020375e-02,1.492492e-02,7.205535e-02,3.562710e-01,5.336493e-03,1.916950e-01,4.612180e-03,4.122695e-03,9.472957e-02,2.276015e-02,9.025448e-03,3.175787e-03,2.288497e-02
1.104029e-01,4.971766e-03,2.838774e-02,1.057678e-02,5.055397e-02,3.510431e-01,3.854295e-03,1.343389e-01,3.412110e-03,4.405248e-03,2.362578e-01,3.438855e-02,6.732672e-03,3.925097e-03,1.674909e-02
7.832658e-02,3.627234e-03,2.008106e-02,7.469257e-03,3.544980e-02,3.384576e-01,2.796031e-03,9.419996e-02,2.668617e-03,3.789942e-03,3.334556e-01,5.644906e-02,4.839703e-03,6.178020e-03,1.221172e-02
5.545953e-02,2.670942e-03,1.430330e-02,5.287398e-03,2.485712e-02,3.064708e-01,2.003230e-03,6.603328e-02,2.001083e-03,3.205465e-03,4.283040e-01,7.010213e-02,3.491786e-03,6.990596e-03,8.819454e-03
3.965107e-02,2.147492e-03,1.036563e-02,3.876673e-03,1.764498e-02,2.329127e-01,1.521192e-03,4.659470e-02,1.574980e-03,2.749499e-03,5.429025e-01,8.096883e-02,2.701488e-03,7.993048e-03,6.395236e-03
2.913131e-02,2.358270e-03,8.424431e-03,3.011674e-03,1.338384e-02,1.753214e-01,1.408137e-03,3.298296e-02,1.322580e-03,2.299059e-03,6.247563e-01,8.792234e-02,2.828383e-03,1.013858e-02,4.710744e-03
2.072425e-02,2.309071e-03,6.607381e-03,2.165901e-03,9.974193e-03,1.242077e-01,1.089854e-03,2.315366e-02,1.338551e-03,2.273791e-03,7.009221e-01,8.808377e-02,2.661587e-03,1.102855e-02,3.459750e-03
1.602441e-02,2.419016e-03,4.860732e-03,1.578855e-03,7.433705e-03,9.142070e-02,1.111843e-03,1.638582e-02,1.201868e-03,2.428331e-03,7.537285e-01,8.144081e-02,2.425232e-03,1.497681e-02,2.563424e-03
1.280574e-02,3.401970e-03,3.720226e-03,1.211921e-03,7.786967e-03,6.504874e-02,2.060765e-03,1.197167e-02,2.302825e-03,3.665366e-03,7.578294e-01,9.933801e-02,2.403771e-03,2.440541e-02,2.047241e-03
1.189599e-02,3.206632e-03,3.515930e-03,1.025155e-03,1.051539e-02,4.639842e-02,3.214491e-03,9.812005e-03,3.737965e-03,4.580058e-03,7.683740e-01,9.935957e-02,2.419002e-03,3.030402e-02,1.641357e-03
9.698259e-03,1.039174e-02,7.452598e-03,9.868094e-04,1.679987e-02,3.456854e-02,4.097652e-03,9.873318e-03,8.873759e-03,5.568354e-03,7.140253e-01,1.368975e-01,2.862726e-03,3.647031e-02,1.433348e-03
7.185074e-03,2.228448e-02,9.236772e-03,1.325380e-03,1.586417e-02,2.743216e-02,3.299870e-03,1.113498e-02,2.210896e-02,1.033788e-02,6.420327e-01,1.657219e-01,3.241824e-03,5.754753e-02,1.246315e-03
5.901607e-03,7.332931e-02,8.958513e-02,3.078783e-03,2.630582e-02,1.997839e-02,2.513253e-03,2.391675e-02,5.795909e-02,1.166578e-02,5.084243e-01,1.293929e-01,3.794920e-03,4.294124e-02,1.212779e-03
5.688069e-03,1.048069e-01,9.544065e-02,3.392164e-03,4.434679e-02,1.548231e-02,1.945084e-03,2.834254e-02,1.468201e-01,1.155321e-02,4.043143e-01,9.538712e-02,3.495716e-03,3.762767e-02,1.357461e-03
6.909749e-03,1.300883e-01,1.260287e-01,1.036444e-02,5.824497e-02,1.240519e-02,1.414406e-03,2.388084e-02,2.017283e-01,9.202987e-03,3.103026e-01,6.734762e-02,3.032004e-03,3.605060e-02,2.999324e-03
9.135069e-03,1.896183e-01,1.974413e-01,1.258938e-02,6.251314e-02,9.157665e-03,1.023782e-03,2.079497e-02,1.747132e-01,7.545962e-03,2.293472e-01,4.766106e-02,2.623369e-03,3.000284e-02,5.832546e-03
