1.000000e+00,0.000000e+00,0.000000e+00,0.000000e+00,0.000000e+00,0.000000e+00,0.000000e+00,0.000000e+00,0.000000e+00,0.000000e+00,0.000000e+00,0.000000e+00,0.000000e+00,0.000000e+00,0.000000e+00
1.000000e+00,0.000000e+00,0.000000e+00,0.000000e+00,0.000000e+00,0.000000e+00,0.000000e+00,0.000000e+00,0.000000e+00,0.000000e+00,0.000000e+00,0.000000e+00,0.000000e+00,0.000000e+00,0.000000e+00
1.000000e+00,0.000000e+00,0.000000e+00,0.000000e+00,0.000000e+00,0.000000e+00,0.000000e+00,0.000000e+00,0.000000e+00,0.000000e+00,0.000000e+00,0.000000e+00,0.000000e+00,0.000000e+00,0.000000e+00
1.000000e+00,0.000000e+00,0.000000e+00,0.000000e+00,0.000000e+00,0.000000e+00,0.000000e+00,0.000000e+00,0.000000e+00,0.000000e+00,0.000000e+00,0.000000e+00,0.000000e+00,0.000000e+00,0.000000e+00
1.000000e+00,0.000000e+00,0.000000e+00,0.000000e+00,0.000000e+00,0.000000e+00,0.000000e+00,0.000000e+00,0.000000e+00,0.000000e+00,0.000000e+00,0.000000e+00,0.000000e+00,0.000000e+00,0.000000e+00
1.000000e+00,0.000000e+00,0.000000e+00,0.000000e+00,0.000000e+00,0.000000e+00,0.000000e+00,0.000000e+00,0.000000e+00,0.000000e+00,0.000000e+00,0.000000e+00,0.000000e+00,0.000000e+00,0.000000e+00
1.000000e+00,0.000000e+00,0.000000e+00,0.000000e+00,0.000000e+00,0.000000e+00,0.000000e+00,0.000000e+00,0.000000e+00,0.000000e+00,0.000000e+00,0.000000e+00,0.000000e+00,0.000000e+00,0.000000e+00
1.000000e+00,0.000000e+00,0.000000e+00,0.000000e+00,0.000000e+00,0.000000e+00,0.000000e+00,0.000000e+00,0.000000e+00,0.000000e+00,0.000000e+00,0.000000e+00,0.000000e+00,0.000000e+00,0.000000e+00
1.000000e+00,0.000000e+00,0.000000e+00,0.000000e+00,0.000000e+00,0.000000e+00,0.000000e+00,0.000000e+00,0.000000e+00,0.000000e+00,0.000000e+00,0.000000e+00,0.000000e+00,0.000000e+00,0.000000e+00
1.000000e+00,0.000000e+00,0.000000e+00,0.000000e+00,0.000000e+00,0.000000e+00,0.000000e+00,0.000000e+00,0.000000e+00,0.000000e+00,0.000000e+00,0.000000e+00,0.000000e+00,0.000000e+00,0.000000e+00
1.000000e+00,0.000000e+00,0.000000e+00,0.000000e+00,0.000000e+00,0.000000e+00,0.000000e+00,0.000000e+00,0.000000e+00,0.000000e+00,0.000000e+00,0.000000e+00,0.000000e+00,0.000000e+00,0.000000e+00
1.000000e+00,0.000000e+00,0.000000e+00,0.000000e+00,0.000000e+00,0.000000e+00,0.000000e+00,0.000000e+00,0.000000e+00,0.000000e+00,0.000000e+00,0.000000e+00,0.000000e+00,0.000000e+00,0.000000e+00
1.000000e+00,0.000000e+00,0.000000e+00,0.000000e+00,0.000000e+00,0.000000e+00,0.000000e+00,0.000000e+00,0.000000e+00,0.000000e+00,0.000000e+00,0.000000e+00,0.000000e+00,0.000000e+00,0.000000e+00
1.000000e+00,0.000000e+00,0.000000e+00,0.000000e+00,0.000000e+00,0.000000e+00,0.000000e+00,0.000000e+00,0.000000e+00,0.000000e+00,0.000000e+00,0.000000e+00,0.000000e+00,0.000000e+00,0.000000e+00
1.000000e+00,0.000000e+00,0.000000e+00,0.000000e+00,0.000000e+00,0.000000e+00,0.000000e+00,0.000000e+00,0.000000e+00,0.000000e+00,0.000000e+00,0.000000e+00,0.000000e+00,0.000000e+00,0.000000e+00
1.000000e+00,0.000000e+00,0.000000e+00,0.000000e+00,0.000000e+00,0.000000e+00,0.000000e+00,0.000000e+00,0.000000e+00,0.000000e+00,0.000000e+00,0.000000e+00,0.000000e+00,0.000000e+00,0.000000e+00
1.000000e+00,0.000000e+00,0.000000e+00,0.000000e+00,0.000000e+00,0.000000e+00,0.000000e+00,0.000000e+00,0.000000e+00,0.000000e+00,0.000000e+00,0.000000e+00,0.000000e+00,0.000000e+00,0.000000e+00
1.000000e+00,0.000000e+00,0.000000e+00,0.000000e+00,0.000000e+00,0.000000e+00,0.000000e+00,0.000000e+00,0.000000e+00,0.000000e+00,0.000000e+00,0.000000e+00,0.000000e+00,0.000000e+00,0.000000e+00
1.000000e+00,0.000000e+00,0.000000e+00,0.000000e+00,0.000000e+00,0.000000e+00,0.000000e+00,0.000000e+00,0.000000e+00,0.000000e+00,0.000000e+00,0.000000e+00,0.000000e+00,0.000000e+00,0.000000e+00
1.000000e+00,0.000000e+00,0.000000e+00,0.000000e+00,0.000000e+00,0.000000e+00,0.000000e+00,0.000000e+00,0.000000e+00,0.000000e+00,0.000000e+00,0.000000e+00,0.000000e+00,0.000000e+00,0.000000e+00
1.000000e+00,0.000000e+00,0.000000e+00,0.000000e+00,0.000000e+00,0.000000e+00,0.000000e+00,0.000000e+00,0.000000e+00,0.000000e+00,0.000000e+00,0.000000e+00,0.000000e+00,0.000000e+00,0.000000e+00
1.000000e+00,0.000000e+00,0.000000e+00,0.000000e+00,0.000000e+00,0.000000e+00,0.000000e+00,0.000000e+00,0.000000e+00,0.000000e+00,0.000000e+00,0.000000e+00,0.000000e+00,0.000000e+00,0.000000e+00
1.000000e+00,0.000000e+00,0.000000e+00,0.000000e+00,0.000000e+00,0.000000e+00,0.000000e+00,0.000000e+00,0.000000e+00,0.000000e+00,0.000000e+00,0.000000e+00,0.000000e+00,0.000000e+00,0.000000e+00
1.000000e+00,0.000000e+00,0.000000e+00,0.000000e+00,0.000000e+00,0.000000e+00,0.000000e+00,0.000000e+00,0.000000e+00,0.000000e+00,0.000000e+00,0.000000e+00,0.000000e+00,0.000000e+00,0.000000e+00
1.000000e+00,0.000000e+00,0.000000e+00,0.000000e+00,0.000000e+00,0.000000e+00,0.000000e+00,0.000000e+00,0.000000e+00,0.000000e+00,0.000000e+00,0.000000e+00,0.000000e+00,0.000000e+00,0.000000e+00
1.000000e+00,0.000000e+00,0.000000e+00,0.000000e+00,0.000000e+00,0.000000e+00,0.000000e+00,0.000000e+00,0.000000e+00,0.000000e+00,0.000000e+00,0.000000e+00,0.000000e+00,0.000000e+00,0.000000e+00
1.000000e+00,0.000000e+00,0.000000e+00,0.000000e+00,0.000000e+00,0.000000e+00,0.000000e+00,0.000000e+00,0.000000e+00,0.000000e+00,0.000000e+00,0.000000e+00,0.000000e+00,0.000000e+00,0.000000e+00
1.000000e+00,0.000000e+00,0.000000e+00,0.000000e+00,0.000000e+00,0.000000e+00,0.000000e+00,0.000000e+00,0.000000e+00,0.000000e+00,0.000000e+00,0.000000e+00,0.000000e+00,0.000000e+00,0.000000e+00
1.000000e+00,0.000000e+00,0.000000e+00,0.000000e+00,0.000000e+00,0.000000e+00,0.000000e+00,0.000000e+00,0.000000e+00,0.000000e+00,0.000000e+00,0.000000e+00,0.000000e+00,0.000000e+00,0.000000e+00
1.000000e+00,0.000000e+00,0.000000e+00,0.000000e+00,0.000000e+00,0.000000e+00,0.000000e+00,0.000000e+00,0.000000e+00,0.000000e+00,0.000000e+00,0.000000e+00,0.000000e+00,0.000000e+00,0.000000e+00
1.000000e+00,0.000000e+00,0.000000e+00,0.000000e+00,0.000000e+00,0.000000e+00,0.000000e+00,0.000000e+00,0.000000e+00,0.000000e+00,0.000000e+00,0.000000e+00,0.000000e+00,0.000000e+00,0.000000e+00
1.000000e+00,0.000000e+00,0.000000e+00,0.000000e+00,0.000000e+00,0.000000e+00,0.000000e+00,0.000000e+00,0.000000e+00,0.000000e+00,0.000000e+00,0.000000e+00,0.000000e+00,0.000000e+00,0.000000e+00
1.000000e+00,0.000000e+00,0.000000e+00,0.000000e+00,0.000000e+00,0.000000e+00,0.000000e+00,0.000000e+00,0.000000e+00,0.000000e+00,0.000000e+00,0.000000e+00,0.000000e+00,0.000000e+00,0.000000e+00
1.000000e+00,0.000000e+00,0.000000e+00,0.000000e+00,0.000000e+00,0.000000e+00,0.000000e+00,0.000000e+00,0.000000e+00,0.000000e+00,0.000000e+00,0.000000e+00,0.000000e+00,0.000000e+00,0.000000e+00
1.000000e+00,0.000000e+00,0.000000e+00,0.000000e+00,0.000000e+00,0.000000e+00,0.000000e+00,0.000000e+00,0.000000e+00,0.000000e+00,0.000000e+00,0.000000e+00,0.000000e+00,0.000000e+00,0.000000e+00
1.000000e+00,0.000000e+00,0.000000e+00,0.000000e+00,0.000000e+00,0.000000e+00,0.000000e+00,0.000000e+00,0.000000e+00,0.000000e+00,0.000000e+00,0.000000e+00,0.000000e+00,0.000000e+00,0.000000e+00
1.000000e+00,0.000000e+00,0.000000e+00,0.000000e+00,0.000000e+00,0.000000e+00,0.000000e+00,0.000000e+00,0.000000e+00,0.000000e+00,0.000000e+00,0.000000e+00,0.000000e+00,0.000000e+00,0.000000e+00
1.000000e+00,0.000000e+00,0.000000e+00,0.000000e+00,0.000000e+00,0.000000e+00,0.000000e+00,0.000000e+00,0.000000e+00,0.000000e+00,0.000000e+00,0.000000e+00,0.000000e+00,0.000000e+00,0.000000e+00
1.000000e+00,0.000000e+00,0.000000e+00,0.000000e+00,0.000000e+00,0.000000e+00,0.000000e+00,0.000000e+00,0.000000e+00,0.000000e+00,0.000000e+00,0.000000e+00,0.000000e+00,0.000000e+00,0.000000e+00
1.000000e+00,0.000000e+00,0.000000e+00,0.000000e+00,0.000000e+00,0.000000e+00,0.000000e+00,0.000000e+00,0.000000e+00,0.000000e+00,0.000000e+00,0.000000e+00,0.000000e+00,0.000000e+00,0.000000e+00
1.000000e+00,0.000000e+00,0.000000e+00,0.000000e+00,0.000000e+00,0.000000e+00,0.000000e+00,0.000000e+00,0.000000e+00,0.000000e+00,0.000000e+00,0.000000e+00,0.000000e+00,0.000000e+00,0.000000e+00
1.000000e+00,0.000000e+00,0.000000e+00,0.000000e+00,0.000000e+00,0.000000e+00,0.000000e+00,0.000000e+00,0.000000e+00,0.000000e+00,0.000000e+00,0.000000e+00,0.000000e+00,0.000000e+00,0.000000e+00
1.000000e+00,0.000000e+00,0.000000e+00,0.000000e+00,0.000000e+00,0.000000e+00,0.000000e+00,0.000000e+00,0.000000e+00,0.000000e+00,0.000000e+00,0.000000e+00,0.000000e+00,0.000000e+00,0.000000e+00
1.000000e+00,0.000000e+00,0.000000e+00,0.000000e+00,0.000000e+00,0.000000e+00,0.000000e+00,0.000000e+00,0.000000e+00,0.000000e+00,0.000000e+00,0.000000e+00,0.000000e+00,0.000000e+00,0.000000e+00
1.000000e+00,0.000000e+00,0.000000e+00,0.000000e+00,0.000000e+00,0.000000e+00,0.000000e+00,0.000000e+00,0.000000e+00,0.000000e+00,0.000000e+00,0.000000e+00,0.000000e+00,0.000000e+00,0.000000e+00
1.000000e+00,0.000000e+00,0.000000e+00,0.000000e+00,0.000000e+00,0.000000e+00,0.000000e+00,0.000000e+00,0.000000e+00,0.000000e+00,0.000000e+00,0.000000e+00,0.000000e+00,0.000000e+00,0.000000e+00
1.000000e+00,0.000000e+00,0.000000e+00,0.000000e+00,0.000000e+00,0.000000e+00,0.000000e+00,0.000000e+00,0.000000e+00,0.000000e+00,0.000000e+00,0.000000e+00,0.000000e+00,0.000000e+00,0.000000e+00
1.000000e+00,0.000000e+00,0.000000e+00,0.000000e+00,0.000000e+00,0.000000e+00,0.000000e+00,0.000000e+00,0.000000e+00,0.000000e+00,0.000000e+00,0.000000e+00,0.000000e+00,0.000000e+00,0.000000e+00
1.000000e+00,0.000000e+00,0.000000e+00,0.000000e+00,0.000000e+00,0.000000e+00,0.000000e+00,0.000000e+00,0.000000e+00,0.000000e+00,0.000000e+00,0.000000e+00,0.000000e+00,0.000000e+00,0.000000e+00
1.000000e+00,0.000000e+00,0.000000e+00,0.000000e+00,0.000000e+00,0.000000e+00,0.000000e+00,0.000000e+00,0.000000e+00,0.000000e+00,0.000000e+00,0.000000e+00,0.000000e+00,0.000000e+00,0.000000e+00
1.000000e+00,0.000000e+00,0.000000e+00,0.000000e+00,0.000000e+00,0.000000e+00,0.000000e+00,0.000000e+00,0.000000e+00,0.000000e+00,0.000000e+00,0.000000e+00,0.000000e+00,0.000000e+00,0.000000e+00
1.000000e+00,0.000000e+00,0.000000e+00,0.000000e+00,0.000000e+00,0.000000e+00,0.000000e+00,0.000000e+00,0.000000e+00,0.000000e+00,0.000000e+00,0.000000e+00,0.000000e+00,0.000000e+00,0.000000e+00
1.000000e+00,0.000000e+00,0.000000e+00,0.000000e+00,0.000000e+00,0.000000e+00,0.000000e+00,0.000000e+00,0.000000e+00,0.000000e+00,0.000000e+00,0.000000e+00,0.000000e+00,0.000000e+00,0.000000e+00
1.000000e+00,0.000000e+00,0.000000e+00,0.000000e+00,0.000000e+00,0.000000e+00,0.000000e+00,0.000000e+00,0.000000e+00,0.000000e+00,0.000000e+00,0.000000e+00,0.000000e+00,0.000000e+00,0.000000e+00
1.000000e+00,0.000000e+00,0.000000e+00,0.000000e+00,0.000000e+00,0.000000e+00,0.000000e+00,0.000000e+00,0.000000e+00,0.000000e+00,0.000000e+00,0.000000e+00,0.000000e+00,0.000000e+00,0.000000e+00
1.000000e+00,0.000000e+00,0.000000e+00,0.000000e+00,0.000000e+00,0.000000e+00,0.000000e+00,0.000000e+00,0.000000e+00,0.000000e+00,0.000000e+00,0.000000e+00,0.000000e+00,0.000000e+00,0.000000e+00
1.000000e+00,0.000000e+00,0.000000e+00,0.000000e+00,0.000000e+00,0.000000e+00,0.000000e+00,0.000000e+00,0.000000e+00,0.000000e+00,0.000000e+00,0.000000e+00,0.000000e+00,0.000000e+00,0.000000e+00
1.000000e+00,0.000000e+00,0.000000e+00,0.000000e+00,0.000000e+00,0.000000e+00,0.000000e+00,0.000000e+00,0.000000e+00,0.000000e+00,0.000000e+00,0.000000e+00,0.000000e+00,0.000000e+00,0.000000e+00
1.000000e+00,0.000000e+00,0.000000e+00,0.000000e+00,0.000000e+00,0.000000e+00,0.000000e+00,0.000000e+00,0.000000e+00,0.000000e+00,0.000000e+00,0.000000e+00,0.000000e+00,0.000000e+00,0.000000e+00
1.000000e+00,0.000000e+00,0.000000e+00,0.000000e+00,0.000000e+00,0.000000e+00,0.000000e+00,0.000000e+00,0.000000e+00,0.000000e+00,0.000000e+00,0.000000e+00,0.000000e+00,0.000000e+00,0.000000e+00
1.000000e+00,0.000000e+00,0.000000e+00,0.000000e+00,0.000000e+00,0.000000e+00,0.000000e+00,0.000000e+00,0.000000e+00,0.000000e+00,0.000000e+00,0.000000e+00,0.000000e+00,0.000000e+00,0.000000e+00
4.825871e-01,1.673551e-02,4.522396e-02,7.326911e-02,7.160332e-03,1.311997e-02,7.618671e-03,2.806443e-01,6.538271e-03,1.662421e-03,1.002835e-02,2.271560e-02,1.528395e-02,2.023535e-03,1.538893e-02
4.766551e-01,1.333974e-02,4.365342e-02,5.651057e-02,5.920772e-03,1.225240e-02,7.255767e-03,3.248210e-01,4.889606e-03,1.446829e-03,8.373106e-03,1.824252e-02,1.226239e-02,2.045570e-03,1.233125e-02
4.585755e-01,1.071596e-02,3.928735e-02,4.331237e-02,5.056424e-03,1.097612e-02,6.733658e-03,3.754242e-01,3.693237e-03,1.282880e-03,7.471305e-03,1.492491e-02,1.023188e-02,2.183893e-03,1.013039e-02
3.442587e-01,7.728240e-03,3.184483e-02,3.206125e-02,3.834805e-03,8.823008e-03,6.027777e-03,5.284083e-01,2.660719e-03,9.496052e-04,5.578915e-03,1.098875e-02,7.725362e-03,1.779618e-03,7.330061e-03
2.489739e-01,5.527959e-03,2.364141e-02,2.300808e-02,2.845242e-03,6.620629e-03,5.101943e-03,6.572783e-01,1.891518e-03,6.841876e-04,4.042518e-03,7.904155e-03,5.767656e-03,1.487071e-03,5.225369e-03
1.782325e-01,3.921614e-03,1.725795e-02,1.647305e-02,2.179983e-03,4.810769e-03,4.174286e-03,7.536515e-01,1.336249e-03,4.870012e-04,2.877275e-03,5.589069e-03,4.174861e-03,1.137892e-03,3.695967e-03
1.256385e-01,2.773967e-03,1.257449e-02,1.166570e-02,1.702638e-03,3.440456e-03,3.382433e-03,8.251117e-01,9.389076e-04,3.448218e-04,2.031516e-03,3.952248e-03,2.996910e-03,8.394666e-04,2.606223e-03
8.838531e-02,1.958914e-03,9.096120e-03,8.244273e-03,1.367373e-03,2.457456e-03,2.891354e-03,8.758706e-01,6.595778e-04,2.443297e-04,1.434581e-03,2.790279e-03,2.157568e-03,6.059851e-04,1.836175e-03
6.199828e-02,1.385363e-03,6.605934e-03,5.841235e-03,1.285047e-03,1.774689e-03,2.793737e-03,9.110967e-01,4.791321e-04,1.849372e-04,1.065294e-03,2.011023e-03,1.717636e-03,4.538793e-04,1.307103e-03
4.374122e-02,9.992801e-04,4.847878e-03,4.220226e-03,2.189141e-03,1.368550e-03,2.772020e-03,9.339556e-01,3.895516e-04,1.889773e-04,8.585769e-04,1.528669e-03,1.628653e-03,3.596741e-04,9.520106e-04
3.105155e-02,7.336170e-04,3.498384e-03,3.088757e-03,2.771678e-03,1.128092e-03,2.197731e-03,9.498119e-01,4.074940e-04,2.075156e-04,8.480526e-04,1.263679e-03,1.935164e-03,3.293073e-04,7.270395e-04
2.216358e-02,6.115896e-04,2.642421e-03,2.293846e-03,2.949762e-03,9.942099e-04,1.632225e-03,9.526272e-01,7.388965e-04,7.288263e-04,3.274678e-03,1.575640e-03,6.112043e-03,9.123773e-04,7.426754e-04
1.560011e-02,4.805045e-04,1.960167e-03,1.809429e-03,2.319281e-03,7.530087e-04,1.210252e-03,7.822202e-01,6.570944e-04,3.297783e-03,1.262621e-01,1.457183e-02,7.452823e-03,4.083795e-02,5.674361e-04
1.097175e-02,4.470270e-04,1.387770e-03,1.337176e-03,1.657488e-03,5.378489e-04,8.543034e-04,5.537214e-01,5.483858e-04,6.981219e-03,2.551671e-01,2.260980e-02,8.875439e-03,1.344180e-01,4.853019e-04
7.707831e-03,6.252597e-04,9.834489e-04,1.069624e-03,1.207406e-03,3.857466e-04,5.998056e-04,3.878420e-01,1.422978e-03,7.796278e-03,3.808551e-01,3.064902e-02,7.579486e-03,1.709058e-01,3.701613e-04
5.456167e-03,5.259244e-04,6.959674e-04,8.130211e-04,9.643086e-04,2.945078e-04,4.329785e-04,2.716089e-01,1.164527e-03,1.185869e-02,4.949609e-01,3.659293e-02,5.565911e-03,1.687702e-01,2.950150e-04
3.877084e-03,4.647423e-04,4.950865e-04,7.025880e-04,7.515185e-04,2.460345e-04,3.103612e-04,1.901696e-01,1.273808e-03,3.400654e-02,5.975536e-01,3.311386e-02,4.324383e-03,1.323253e-01,3.854482e-04
2.805484e-03,4.598050e-04,3.893783e-04,8.228892e-04,8.778137e-04,3.125035e-04,3.219332e-04,1.332981e-01,1.875392e-03,5.471376e-02,6.642585e-01,2.977898e-02,3.804364e-03,1.056249e-01,6.561097e-04
2.161056e-03,5.675242e-04,3.518717e-04,1.033631e-03,1.053300e-03,3.080997e-04,3.020338e-04,9.346858e-02,5.295578e-03,8.343525e-02,6.944832e-01,2.804184e-02,3.465130e-03,8.362894e-02,2.403904e-03
1.630608e-03,1.780353e-03,3.481825e-04,9.543429e-04,2.499591e-03,4.378118e-04,5.322252e-04,6.556886e-02,2.478609e-02,6.845988e-02,7.276788e-01,2.892614e-02,3.548936e-03,7.001553e-02,2.832597e-03
1.284800e-03,6.698288e-03,1.408272e-03,1.291481e-03,1.125647e-02,9.206705e-04,1.458390e-03,4.676269e-02,7.719235e-02,5.443189e-02,7.100388e-01,2.727412e-02,3.239575e-03,5.437310e-02,2.369031e-03
9.578465e-04,6.602445e-02,3.392511e-03,1.163015e-03,9.366330e-03,1.590281e-03,1.194703e-03,3.315853e-02,1.225129e-01,4.078645e-02,6.456482e-01,2.176142e-02,6.764032e-03,4.324160e-02,2.437589e-03
7.373769e-04,5.377247e-02,3.440464e-03,1.080919e-03,8.834555e-03,3.497138e-03,9.384387e-04,2.369138e-02,1.371052e-01,3.016853e-02,6.587322e-01,2.631091e-02,1.451281e-02,3.520591e-02,1.971539e-03
6.968824e-04,5.134375e-02,2.992043e-03,8.540759e-04,7.696505e-03,7.642786e-03,6.950587e-04,1.690974e-02,1.684658e-01,2.223658e-02,5.973648e-01,3.624984e-02,5.790089e-02,2.742870e-02,1.522539e-03
1.006219e-03,7.759731e-02,3.715696e-03,7.504502e-04,6.418056e-03,1.750818e-02,5.214477e-04,1.207788e-02,1.426053e-01,2.383881e-02,5.499961e-01,5.413998e-02,7.960486e-02,2.755818e-02,2.661404e-03
1.000286e-03,7.409813e-02,3.872263e-03,6.271842e-04,5.478096e-03,1.623831e-01,3.907858e-04,8.883514e-03,1.338780e-01,1.910637e-02,3.987911e-01,5.302998e-02,1.145666e-01,2.094559e-02,2.948988e-03
9.950185e-04,6.731800e-02,4.174283e-03,6.011373e-04,4.803004e-03,2.709380e-01,2.893856e-04,6.658250e-03,1.239932e-01,1.770626e-02,2.964758e-01,5.420111e-02,1.326274e-01,1.624910e-02,2.970039e-03
1.493420e-03,6.436832e-02,5.571400e-03,7.034138e-04,6.961985e-03,3.092505e-01,2.687237e-04,6.064367e-03,1.450064e-01,1.500617e-02,2.221517e-01,7.279346e-02,1.337408e-01,1.374285e-02,2.876420e-03
1.588828e-03,5.666973e-02,4.761124e-03,9.592524e-04,6.884078e-03,2.733413e-01,2.774249e-04,5.986855e-03,1.698597e-01,1.493895e-02,1.750684e-01,1.188429e-01,1.566533e-01,1.074150e-02,3.426706e-03
4.476256e-03,5.945230e-02,7.228418e-03,1.728995e-03,1.015298e-02,2.084685e-01,6.289987e-04,7.417955e-03,1.768022e-01,2.710385e-02,1.567199e-01,1.819717e-01,1.407641e-01,8.917267e-03,8.166615e-03
6.672412e-03,5.872656e-02,1.029218e-02,2.134335e-03,1.162844e-02,1.640856e-01,9.043881e-04,9.866932e-03,1.559319e-01,2.733386e-02,1.364222e-01,2.617061e-01,1.379273e-01,7.614969e-03,8.752759e-03
9.907278e-03,4.935648e-02,1.224416e-02,2.428259e-03,3.452744e-02,1.202092e-01,5.545029e-03,3.592540e-02,1.613552e-01,2.145882e-02,1.043124e-01,3.097103e-01,1.181519e-01,6.205567e-03,8.662634e-03
1.614840e-02,3.972753e-02,1.303035e-02,5.783445e-03,3.460706e-02,8.834840e-02,5.038888e-03,1.011193e-01,1.335146e-01,1.701695e-02,7.819313e-02,3.447315e-01,1.087531e-01,6.844683e-03,7.142592e-03
2.452556e-02,2.932072e-02,1.007648e-02,6.178019e-03,2.864621e-02,6.846660e-02,4.219763e-03,7.296691e-02,9.976447e-02,1.294536e-02,7.364917e-02,3.580329e-01,1.978417e-01,6.536366e-03,6.829765e-03
1.904389e-02,2.074744e-02,7.193533e-03,4.673941e-03,2.107868e-02,4.858455e-02,3.434186e-03,5.154375e-02,7.430840e-02,1.172830e-02,7.524541e-02,4.355744e-01,2.166713e-01,4.766081e-03,5.406190e-03
1.478864e-02,1.461239e-02,5.360282e-03,3.926259e-03,1.737829e-02,3.430087e-02,2.792494e-03,3.676447e-02,5.747675e-02,1.027647e-02,9.560950e-02,4.582635e-01,2.404099e-01,3.469713e-03,4.570516e-03
1.128783e-02,1.048009e-02,4.062684e-03,3.038840e-03,1.342367e-02,2.433359e-02,2.232085e-03,2.602664e-02,5.068506e-02,9.383233e-03,1.433516e-01,4.849851e-01,2.100379e-01,2.521458e-03,4.150212e-03
8.279008e-03,7.492156e-03,2.899606e-03,2.266257e-03,9.767896e-03,1.757291e-02,1.668071e-03,1.835611e-02,4.673823e-02,8.902106e-03,1.448745e-01,5.558889e-01,1.703388e-01,1.816809e-03,3.138567e-03
5.926417e-03,5.884811e-03,2.392608e-03,2.203452e-03,8.336376e-03,1.241512e-02,1.183755e-03,1.341323e-02,1.753641e-01,6.707081e-03,1.287948e-01,4.962843e-01,1.375739e-01,1.284727e-03,2.235248e-03
4.442116e-03,4.896493e-03,2.094433e-03,3.330939e-03,6.885664e-03,9.322797e-03,8.483469e-04,1.004915e-02,2.364445e-01,5.778633e-03,1.296978e-01,4.809258e-01,1.024307e-01,1.118345e-03,1.734241e-03
3.193257e-03,3.841745e-03,2.346986e-03,2.722067e-03,6.800802e-03,6.651120e-03,6.051552e-04,7.682007e-03,3.574638e-01,4.213889e-03,1.232530e-01,4.036401e-01,7.548630e-02,8.216376e-04,1.278142e-03
2.407267e-03,2.862810e-03,8.970316e-03,4.344496e-03,6.434420e-03,4.850500e-03,4.829218e-04,3.385450e-02,3.499259e-01,3.429864e-03,1.210495e-01,4.001389e-01,5.968098e-02,6.049378e-04,9.627033e-04
2.341862e-03,2.698295e-03,3.538561e-02,1.132998e-02,1.498815e-02,3.843996e-03,4.519416e-04,3.978080e-02,3.476866e-01,3.185278e-03,1.314701e-01,3.564569e-01,4.892383e-02,5.107388e-04,9.459000e-04
3.332021e-03,2.480843e-03,1.227188e-01,6.909854e-02,1.621704e-02,3.397303e-03,3.445784e-04,3.905971e-02,3.308203e-01,4.270018e-03,1.068819e-01,2.611709e-01,3.769355e-02,7.982634e-04,1.716198e-03
4.373305e-03,2.298025e-03,3.022835e-01,1.090203e-01,1.192492e-02,3.066408e-03,2.490684e-04,2.966968e-02,2.395094e-01,3.709539e-03,8.046167e-02,1.837972e-01,2.740823e-02,7.994254e-04,1.429330e-03
8.522842e-03,1.967844e-03,3.270554e-01,2.337172e-01,9.464251e-03,2.787280e-03,1.876972e-04,2.595117e-02,1.761806e-01,2.934195e-03,6.073692e-02,1.289677e-01,1.969608e-02,7.533141e-04,1.077602e-03
2.139446e-02,2.014363e-03,3.506493e-01,3.051624e-01,8.819625e-03,2.810443e-03,1.549466e-04,2.067940e-02,1.281071e-01,2.499927e-03,5.034778e-02,9.056479e-02,1.467998e-02,1.115689e-03,9.996921e-04
3.521603e-02,3.318134e-03,4.200611e-01,2.828078e-01,1.005264e-02,3.630579e-03,1.696353e-04,1.682990e-02,9.715129e-02,3.367162e-03,4.580764e-02,6.426352e-02,1.187865e-02,2.937403e-03,2.508527e-03
6.667503e-02,2.672588e-02,4.184697e-01,2.395329e-01,2.058001e-02,3.512732e-03,3.629287e-04,1.662881e-02,9.782740e-02,4.199661e-03,3.935826e-02,4.605894e-02,9.360217e-03,5.851616e-03,4.855805e-03
9.075001e-02,5.182961e-02,4.063807e-01,1.845399e-01,4.223680e-02,4.657446e-03,6.668617e-04,1.677981e-02,1.021739e-01,4.645486e-03,3.180696e-02,3.414769e-02,7.654691e-03,1.337000e-02,8.360001e-03
1.054125e-01,5.780495e-02,3.528530e-01,1.450731e-01,8.627749e-02,6.037360e-03,9.899075e-04,1.978415e-02,1.478034e-01,4.166550e-03,2.428317e-02,2.526763e-02,5.840251e-03,1.123638e-02,7.170066e-03
1.048602e-01,6.493857e-02,3.729789e-01,1.205869e-01,7.669951e-02,5.877940e-03,9.261231e-04,1.897855e-02,1.192314e-01,1.017306e-02,2.216270e-02,2.441315e-02,7.998180e-03,1.190546e-02,3.826946e-02
8.580355e-02,1.966333e-01,2.785847e-01,1.463494e-01,6.463860e-02,5.429342e-03,7.582846e-04,1.447255e-02,8.721168e-02,1.417115e-02,2.301791e-02,2.520661e-02,7.406148e-03,9.423262e-03,4.089354e-02
7.537656e-02,1.700833e-01,2.088485e-01,1.184283e-01,4.751243e-02,8.834583e-03,7.676478e-04,1.088307e-02,6.936654e-02,2.151525e-02,1.095785e-01,9.985302e-02,9.158718e-03,1.229818e-02,3.749537e-02
9.065589e-02,1.485202e-01,1.696842e-01,9.416768e-02,3.412177e-02,8.722601e-03,8.359337e-04,9.692454e-03,5.598541e-02,2.298498e-02,1.915400e-01,1.053413e-01,1.078261e-02,2.831244e-02,2.865264e-02
1.107647e-01,1.215903e-01,1.305379e-01,7.440296e-02,2.526821e-02,8.367559e-03,8.976023e-04,8.720213e-03,4.343153e-02,2.131560e-02,2.613300e-01,1.227804e-01,9.890508e-03,3.912205e-02,2.158040e-02
1.668590e-01,9.389536e-02,9.708076e-02,6.664495e-02,2.364480e-02,1.249203e-02,1.393795e-03,8.039352e-03,3.373836e-02,1.711543e-02,2.944075e-01,1.276744e-01,8.112674e-03,3.261089e-02,1.629070e-02
1.752572e-01,7.379201e-02,7.115554e-02,5.323757e-02,1.969635e-02,1.581752e-02,1.477021e-03,7.578832e-03,2.650147e-02,1.457891e-02,3.315445e-01,1.607606e-01,6.661283e-03,2.908664e-02,1.285452e-02
1.481040e-01,6.046262e-02,5.261135e-02,4.511356e-02,3.382250e-02,1.490237e-02,6.327755e-03,7.440477e-03,5.538034e-02,1.180582e-02,3.880226e-01,1.304439e-01,7.035831e-03,2.230140e-02,1.622538e-02
1.052051e-01,5.194608e-02,3.755982e-02,3.267374e-02,2.637138e-02,1.373164e-02,4.642637e-03,6.275324e-03,7.150178e-02,9.795132e-03,4.958386e-01,1.044163e-01,7.432980e-03,1.921068e-02,1.339873e-02
7.497625e-02,4.131202e-02,2.678938e-02,2.349683e-02,2.763557e-02,1.159183e-02,4.086723e-03,5.724636e-03,2.141846e-01,7.610421e-03,4.509008e-01,8.026772e-02,6.420965e-03,1.525223e-02,9.750031e-03
5.304092e-02,3.481365e-02,1.964510e-02,1.772229e-02,2.216180e-02,1.301266e-02,3.100746e-03,6.056097e-03,2.586520e-01,5.915795e-03,4.749836e-01,6.512872e-02,6.867491e-03,1.159246e-02,7.306634e-03
3.887620e-02,3.131521e-02,1.467838e-02,1.377683e-02,2.014181e-02,1.467100e-02,2.706010e-03,7.161314e-03,3.410703e-01,5.552945e-03,4.357517e-01,5.146319e-02,7.659545e-03,9.672362e-03,5.503227e-03
3.873532e-02,2.973540e-02,2.861684e-02,2.072099e-02,3.290888e-02,2.070959e-02,8.281844e-03,4.997652e-02,3.091635e-01,5.607212e-03,3.862747e-01,4.130949e-02,1.449151e-02,8.450588e-03,5.017678e-03
3.291333e-02,3.066883e-02,2.395866e-02,2.580896e-02,4.063766e-02,2.660186e-02,6.464674e-03,4.044741e-02,3.521134e-01,7.533143e-03,3.180127e-01,4.906836e-02,2.929313e-02,9.420753e-03,7.057149e-03
2.775027e-02,3.940296e-02,1.852586e-02,2.094551e-02,3.817790e-02,4.661819e-02,4.909210e-03,3.212720e-02,4.151124e-01,7.695522e-03,2.511610e-01,5.200802e-02,2.936058e-02,9.044623e-03,7.160765e-03
5.035091e-02,4.278918e-02,1.726406e-02,2.073073e-02,6.549287e-02,5.171918e-02,5.577676e-03,4.034775e-02,3.659219e-01,7.911885e-03,2.423089e-01,4.515887e-02,2.719012e-02,1.012409e-02,7.111879e-03
4.767549e-02,5.553753e-02,1.425765e-02,1.750910e-02,7.577600e-02,6.582081e-02,5.147152e-03,4.170221e-02,3.854012e-01,1.262806e-02,1.843066e-01,4.826669e-02,2.686642e-02,8.983212e-03,1.012188e-02
6.755422e-02,6.124890e-02,1.548050e-02,2.384025e-02,1.000766e-01,7.185705e-02,7.685257e-03,6.022539e-02,3.549279e-01,1.169960e-02,1.382248e-01,3.881600e-02,2.369836e-02,7.295558e-03,1.736965e-02
9.135062e-02,6.547455e-02,1.426337e-02,2.478699e-02,1.214377e-01,6.178369e-02,1.251858e-02,6.801051e-02,3.598386e-01,9.302354e-03,1.001725e-01,3.076783e-02,1.889560e-02,6.185612e-03,1.521148e-02
1.024760e-01,6.292021e-02,1.229255e-02,1.954082e-02,1.338559e-01,7.196243e-02,9.993386e-03,5.549741e-02,3.667705e-01,8.911902e-03,7.905119e-02,3.120624e-02,2.674580e-02,7.257474e-03,1.151814e-02
1.286282e-01,5.861077e-02,1.074990e-02,1.758920e-02,1.148662e-01,9.998798e-02,9.427583e-03,5.692468e-02,3.559825e-01,7.886861e-03,5.892553e-02,3.539644e-02,2.904439e-02,6.407234e-03,9.572525e-03
1.474665e-01,6.114344e-02,8.783802e-03,1.642055e-02,1.023113e-01,1.110336e-01,1.032765e-02,4.888401e-02,3.589085e-01,7.588608e-03,4.395663e-02,3.595757e-02,2.756295e-02,5.483028e-03,1.417189e-02
1.703406e-01,7.731271e-02,6.732077e-03,1.537786e-02,8.870754e-02,1.098240e-01,9.176414e-03,3.578187e-02,3.411239e-01,6.156784e-03,3.344548e-02,5.592433e-02,3.148274e-02,4.540767e-03,1.407291e-02
1.877721e-01,8.815799e-02,5.821154e-03,1.678237e-02,8.007867e-02,1.107996e-01,1.098570e-02,2.921560e-02,3.145879e-01,5.350421e-03,2.457057e-02,6.227078e-02,4.163843e-02,3.836398e-03,1.813229e-02
2.267617e-01,8.607411e-02,4.822756e-03,1.460333e-02,7.190825e-02,1.151299e-01,1.042355e-02,2.241526e-02,2.652685e-01,4.395560e-03,1.864917e-02,9.408965e-02,4.490689e-02,3.279859e-03,1.727152e-02
1.738203e-01,1.069535e-01,2.165127e-02,1.569768e-01,5.746614e-02,8.349615e-02,8.089769e-03,1.593480e-02,1.991752e-01,1.449539e-02,1.367323e-02,6.795480e-02,3.340001e-02,2.544819e-03,4.436789e-02
1.337001e-01,8.254045e-02,2.163351e-02,2.340833e-01,5.038758e-02,6.577013e-02,6.760582e-03,1.176474e-02,1.785103e-01,2.110078e-02,2.610632e-02,4.986824e-02,4.650151e-02,3.033225e-03,6.823926e-02
1.330553e-01,6.326235e-02,1.749309e-02,2.181621e-01,3.950802e-02,6.117123e-02,6.099631e-03,9.904203e-03,1.486944e-01,2.014757e-02,3.334582e-02,6.975995e-02,1.078666e-01,6.351066e-03,6.517871e-02
1.004439e-01,4.536980e-02,1.269313e-02,1.814476e-01,2.972652e-02,4.609194e-02,4.708830e-03,7.415041e-03,1.133270e-01,1.665483e-02,5.408372e-02,7.127799e-02,2.552485e-01,1.046167e-02,5.104967e-02
7.202166e-02,3.204983e-02,9.301780e-03,1.336263e-01,2.538787e-02,3.297990e-02,3.667433e-03,5.990376e-03,9.011033e-02,1.394858e-02,8.253048e-02,7.485329e-02,3.704582e-01,9.098905e-03,4.397510e-02
5.363498e-02,2.319486e-02,1.042712e-02,1.042575e-01,2.494613e-02,2.402569e-02,3.232927e-03,8.874987e-03,1.043084e-01,1.286627e-02,1.159549e-01,6.155901e-02,3.894637e-01,1.090342e-02,5.235021e-02
3.869777e-02,1.661940e-02,2.130583e-02,9.787952e-02,5.306985e-02,1.739705e-02,2.575030e-03,2.831632e-02,9.695701e-02,1.131715e-02,1.288392e-01,4.551922e-02,3.885506e-01,9.552825e-03,4.340325e-02
3.124203e-02,1.356537e-02,9.283724e-02,1.485563e-01,1.284707e-01,1.379455e-02,2.232094e-03,2.639460e-02,8.883618e-02,8.706198e-03,9.274752e-02,3.204161e-02,2.738953e-01,8.220011e-03,3.846039e-02
2.459761e-02,1.114746e-02,8.304793e-02,1.895523e-01,1.201539e-01,1.970584e-02,2.000344e-03,2.389432e-02,7.585481e-02,1.256037e-02,1.261830e-01,2.654937e-02,2.420590e-01,8.597578e-03,3.409630e-02
2.226975e-02,1.300810e-02,8.986449e-02,2.199124e-01,1.141518e-01,1.873580e-02,1.629446e-03,1.862554e-02,6.710830e-02,9.638419e-03,1.676791e-01,1.974601e-02,1.800365e-01,3.190783e-02,2.568646e-02
2.925183e-02,1.399288e-02,8.288884e-02,1.959305e-01,9.029648e-02,1.749538e-02,1.451582e-03,1.468196e-02,5.545885e-02,7.808261e-03,2.674313e-01,1.574392e-02,1.369066e-01,3.345959e-02,3.720206e-02
3.667166e-02,1.570960e-02,7.057264e-02,1.982403e-01,7.282475e-02,1.679194e-02,1.422366e-03,1.366389e-02,5.200749e-02,1.071350e-02,3.032929e-01,1.403828e-02,1.039578e-01,3.593791e-02,5.415496e-02
6.899799e-02,2.065339e-02,8.137189e-02,1.873292e-01,5.860361e-02,8.685133e-02,1.687096e-03,1.115326e-02,4.413099e-02,8.653739e-03,2.642848e-01,2.447138e-02,7.481251e-02,2.655812e-02,4.044078e-02
1.226201e-01,1.966554e-02,6.660572e-02,1.704916e-01,4.182595e-02,7.860430e-02,1.417154e-03,9.412382e-03,3.452208e-02,7.589615e-03,2.536830e-01,8.492604e-02,5.476502e-02,2.303529e-02,3.083628e-02
9.359728e-02,1.873931e-02,5.211746e-02,1.472473e-01,2.985984e-02,6.004069e-02,1.056602e-03,6.732283e-03,2.671984e-02,7.269803e-03,3.089900e-01,1.661339e-01,3.931564e-02,1.810641e-02,2.407368e-02
6.921400e-02,1.461065e-02,3.916631e-02,1.097629e-01,2.189163e-02,4.569339e-02,8.230276e-04,4.872832e-03,2.016922e-02,9.126673e-03,3.039085e-01,2.992996e-01,2.858467e-02,1.492188e-02,1.795475e-02
5.015684e-02,1.085502e-02,2.828521e-02,7.841219e-02,1.591465e-02,3.286162e-02,6.023703e-04,3.452442e-03,1.458492e-02,9.138912e-03,2.999738e-01,4.114507e-01,2.046270e-02,1.092784e-02,1.292088e-02
3.820650e-02,8.004780e-03,1.990687e-02,5.537622e-02,1.250934e-02,2.369916e-02,4.410872e-04,2.436241e-03,1.045684e-02,6.865830e-03,2.613949e-01,5.286528e-01,1.453331e-02,8.226045e-03,9.290155e-03
2.842333e-02,5.947807e-03,1.399114e-02,3.947631e-02,1.299805e-02,1.913382e-02,3.673501e-04,1.774174e-03,7.969421e-03,5.456026e-03,3.420654e-01,4.984765e-01,1.075416e-02,6.215033e-03,6.951473e-03
2.434358e-02,5.486563e-03,9.946506e-03,2.891563e-02,1.486856e-02,2.202480e-02,4.958828e-04,1.502295e-03,8.778376e-03,5.048365e-03,3.888187e-01,4.702254e-01,8.211498e-03,4.728180e-03,6.605590e-03
1.847775e-02,1.016017e-02,8.461721e-03,2.138773e-02,1.334413e-02,1.931454e-02,7.676688e-04,1.285207e-03,1.055946e-02,7.869330e-03,4.807555e-01,3.873513e-01,6.865999e-03,3.540679e-03,9.858781e-03
1.340812e-02,9.160941e-03,6.844148e-03,1.519959e-02,1.016487e-02,1.685011e-02,7.555707e-04,9.659497e-04,8.762527e-03,8.533544e-03,5.658218e-01,3.259927e-01,6.306469e-03,2.700296e-03,8.533326e-03
9.905232e-03,8.763439e-03,7.036152e-03,1.150157e-02,1.118913e-02,1.624615e-02,9.368019e-04,9.407746e-04,9.826002e-03,1.594562e-02,6.061789e-01,2.802611e-01,1.017123e-02,2.483125e-03,8.614788e-03
7.968418e-03,2.881626e-02,7.012444e-02,1.435803e-02,3.547613e-02,1.376887e-02,1.997418e-03,6.400400e-03,1.895335e-02,1.980326e-02,5.004880e-01,2.163440e-01,1.451427e-02,2.234333e-03,4.875281e-02
6.813472e-03,3.749816e-02,1.467508e-01,1.641777e-02,6.221353e-02,1.257458e-02,4.140445e-03,5.050924e-02,4.813339e-02,1.720515e-02,3.757550e-01,1.618827e-01,1.445100e-02,1.798453e-03,4.385626e-02
5.359755e-03,2.710082e-02,1.582405e-01,1.273942e-02,4.791063e-02,9.422942e-03,3.256541e-03,2.524955e-01,3.794195e-02,1.317254e-02,2.701621e-01,1.165784e-01,1.248771e-02,1.424338e-03,3.170690e-02
6.617651e-03,2.935362e-02,2.038552e-01,1.077531e-02,6.412619e-02,1.280236e-02,3.381952e-03,2.142584e-01,9.000161e-02,1.225413e-02,2.262883e-01,8.367279e-02,1.253171e-02,1.813322e-03,2.826755e-02
6.229926e-03,3.976697e-02,1.550329e-01,1.189746e-02,8.643609e-02,2.152447e-02,4.115648e-03,1.611189e-01,2.336552e-01,1.104070e-02,1.660696e-01,5.977331e-02,1.315630e-02,1.424324e-03,2.875825e-02
7.139076e-03,4.179170e-02,1.133252e-01,1.143081e-02,2.037742e-01,2.227778e-02,4.799158e-03,1.198554e-01,2.690178e-01,8.198685e-03,1.197187e-01,4.234108e-02,1.041518e-02,1.081371e-03,2.483387e-02
6.409789e-03,3.470325e-02,8.421308e-02,1.297879e-02,2.685843e-01,1.667116e-02,4.522873e-03,1.831827e-01,2.433811e-01,5.786300e-03,8.408640e-02,2.972938e-02,7.465998e-03,7.743618e-04,1.751048e-02
4.990299e-03,2.486484e-02,6.185228e-02,1.218946e-01,2.489744e-01,1.348903e-02,3.223062e-03,1.308171e-01,1.718012e-01,7.197771e-03,1.576241e-01,2.821379e-02,1.113848e-02,6.400050e-04,1.327910e-02
4.611356e-03,1.914751e-02,4.441319e-02,1.179937e-01,2.838819e-01,1.215382e-02,2.561077e-03,9.404500e-02,1.293827e-01,1.001503e-02,2.275721e-01,2.500789e-02,1.314975e-02,3.143182e-03,1.292174e-02
6.679109e-03,1.699724e-02,3.239013e-02,1.226182e-01,2.375192e-01,1.029108e-02,2.092337e-03,6.735595e-02,1.127281e-01,1.145620e-02,3.094975e-01,3.182662e-02,1.730385e-02,9.547046e-03,1.169747e-02
6.043538e-03,1.329005e-02,2.289236e-02,9.485412e-02,1.690687e-01,7.911970e-03,1.491135e-03,4.731362e-02,9.151302e-02,1.602880e-02,4.378501e-01,3.518286e-02,2.028375e-02,2.715046e-02,9.125603e-03
4.861946e-03,1.169360e-02,1.628953e-02,7.296559e-02,1.200220e-01,5.872130e-03,1.064243e-03,3.323622e-02,6.955823e-02,1.587286e-02,5.466725e-01,3.389146e-02,2.038469e-02,4.087594e-02,6.739125e-03
4.219101e-03,1.074005e-02,2.014177e-02,5.478349e-02,1.605508e-01,4.709107e-03,7.597127e-04,2.347174e-02,7.290323e-02,1.685977e-02,5.337460e-01,2.452145e-02,1.652281e-02,4.919817e-02,6.872864e-03
3.723444e-03,1.051848e-02,2.434689e-02,4.609574e-02,1.308019e-01,6.992749e-03,5.875865e-04,1.714743e-02,1.262967e-01,1.502915e-02,4.450387e-01,1.826995e-02,1.270081e-02,1.310398e-01,1.141072e-02
4.825982e-03,1.124189e-02,4.222370e-02,6.636187e-02,9.989040e-02,1.018993e-02,7.423592e-04,1.508569e-02,1.424146e-01,1.440389e-02,3.395890e-01,1.374731e-02,1.170444e-02,2.066352e-01,2.094373e-02
5.644205e-03,1.140286e-02,6.050257e-02,5.861430e-02,7.788084e-02,3.038226e-02,2.513955e-03,1.851907e-02,1.146995e-01,1.103236e-02,2.598493e-01,1.010143e-02,1.065765e-02,2.943045e-01,3.389504e-02
8.237693e-03,1.411973e-02,4.908339e-02,4.561480e-02,6.252187e-02,2.405723e-02,1.885229e-03,1.517518e-02,9.628084e-02,8.385131e-03,1.960571e-01,7.315615e-03,9.482834e-03,4.204839e-01,4.129941e-02
1.543694e-02,1.570794e-02,2.006186e-01,4.864798e-02,4.640456e-02,2.064918e-02,2.226034e-03,2.826252e-02,7.775330e-02,6.562839e-03,1.484550e-01,5.243795e-03,7.340327e-03,3.406211e-01,3.606983e-02
3.044676e-02,1.857813e-02,1.733935e-01,4.111161e-02,3.639877e-02,2.813965e-02,2.357484e-03,3.420141e-02,1.039579e-01,5.493431e-03,1.182439e-01,4.642730e-03,8.667696e-03,3.311659e-01,6.320121e-02
4.094339e-02,1.957603e-02,1.316986e-01,3.239878e-02,2.901878e-02,3.745595e-02,1.969431e-03,2.751654e-02,9.536620e-02,4.711680e-03,9.354065e-02,4.562651e-03,8.399687e-03,4.165685e-01,5.627310e-02
5.316634e-02,2.529216e-02,1.014240e-01,2.621097e-02,2.311388e-02,4.075529e-02,1.558367e-03,2.624741e-02,1.116255e-01,6.866714e-03,7.596696e-02,4.373434e-03,8.880980e-03,3.944181e-01,1.000999e-01
5.803705e-02,2.635186e-02,7.557927e-02,1.969528e-02,1.808013e-02,5.504064e-02,1.201078e-03,2.323011e-02,1.271950e-01,6.962529e-03,6.375585e-02,3.507115e-03,7.403133e-03,4.321133e-01,8.184771e-02
7.305203e-02,3.703250e-02,7.032027e-02,2.304415e-02,1.613670e-02,4.749434e-02,1.000458e-03,2.035678e-02,1.481341e-01,7.716661e-03,5.070263e-02,3.917832e-03,7.641340e-03,3.805584e-01,1.128918e-01
7.875276e-02,4.055129e-02,6.894505e-02,2.050954e-02,1.829418e-02,3.706017e-02,1.271287e-03,2.341788e-02,1.820735e-01,8.996198e-03,5.252636e-02,3.494085e-03,6.638662e-03,3.610028e-01,9.646631e-02
8.820449e-02,3.452142e-02,5.541988e-02,1.811415e-02,2.863212e-02,2.701185e-02,1.054375e-03,2.926620e-02,2.311244e-01,8.359794e-03,4.448359e-02,3.232913e-03,5.342855e-03,3.451048e-01,8.012721e-02
9.868865e-02,3.626116e-02,8.692931e-02,2.521358e-02,4.181646e-02,2.074574e-02,1.200009e-03,4.673124e-02,2.674682e-01,7.969421e-03,3.769933e-02,3.299986e-03,4.511225e-03,2.611958e-01,6.026991e-02
1.089233e-01,3.912034e-02,9.735966e-02,2.392495e-02,6.368338e-02,1.555329e-02,1.030130e-03,4.803233e-02,2.891206e-01,7.470974e-03,3.187115e-02,3.947195e-03,4.072032e-03,2.184645e-01,4.742622e-02
1.446701e-01,3.833140e-02,9.268001e-02,2.626592e-02,7.160838e-02,1.264867e-02,9.969908e-04,4.112379e-02,2.898768e-01,8.811861e-03,3.755784e-02,5.382477e-03,4.281326e-03,1.852280e-01,4.053640e-02
1.619665e-01,5.404188e-02,9.263340e-02,2.715849e-02,8.934943e-02,1.410922e-02,1.007016e-03,4.679246e-02,2.468352e-01,1.051863e-02,3.869275e-02,9.631529e-03,4.913520e-03,1.598830e-01,4.246701e-02
1.148335e-01,4.077290e-02,6.670752e-02,3.863013e-02,6.404889e-02,1.068303e-02,7.411002e-04,3.289037e-02,1.903455e-01,1.393259e-02,3.463186e-02,1.185305e-02,8.927182e-03,1.161719e-01,2.548304e-01
8.082430e-02,3.102197e-02,4.805923e-02,3.200345e-02,4.511198e-02,7.754486e-03,5.346788e-04,2.308181e-02,1.792096e-01,1.469390e-02,2.834282e-02,9.561160e-03,1.061922e-02,8.713836e-02,4.020430e-01
5.978404e-02,2.499228e-02,3.566291e-02,3.172630e-02,3.344038e-02,6.400432e-03,4.567118e-04,1.626625e-02,2.226027e-01,1.482682e-02,3.266842e-02,8.273486e-03,1.351954e-02,7.962882e-02,4.197509e-01
4.423864e-02,4.867445e-02,2.617102e-02,3.318118e-02,2.459491e-02,6.886126e-03,3.854882e-04,1.155179e-02,2.976998e-01,1.704295e-02,2.717611e-02,6.602040e-03,1.188508e-02,6.294447e-02,3.809659e-01
3.304398e-02,6.317409e-02,1.882937e-02,6.397228e-02,1.825437e-02,6.999039e-03,3.109984e-04,8.326717e-03,3.721694e-01,1.654030e-02,2.143696e-02,5.303431e-03,1.074759e-02,4.691666e-02,3.139748e-01
2.437131e-02,1.168504e-01,1.340775e-02,7.851414e-02,1.322376e-02,5.246945e-03,2.305412e-04,5.852641e-03,3.432295e-01,1.587374e-02,1.632753e-02,3.997166e-03,8.647774e-03,3.371812e-02,3.205087e-01
1.789716e-02,9.932908e-02,9.513518e-03,6.635211e-02,9.949567e-03,3.891279e-03,1.753383e-04,4.111687e-03,2.959788e-01,1.560903e-02,1.177250e-02,2.856553e-03,6.558684e-03,2.399698e-02,4.320077e-01
1.436894e-02,8.930644e-02,6.998252e-03,6.958989e-02,1.231821e-02,3.607657e-03,1.859470e-04,3.091626e-03,3.904014e-01,1.796272e-02,9.866742e-03,2.198084e-03,5.680184e-03,1.733864e-02,3.570852e-01
1.087595e-02,1.208194e-01,5.376944e-03,9.644054e-02,9.091222e-03,3.087009e-03,1.367338e-04,2.255401e-03,4.156364e-01,1.469093e-02,7.825043e-03,1.916275e-03,4.926726e-03,1.253071e-02,2.943908e-01
1.047616e-02,1.219987e-01,6.210018e-03,1.153995e-01,9.417276e-03,5.911592e-03,1.690020e-04,3.089796e-03,4.405819e-01,1.164501e-02,2.581222e-02,2.560544e-03,1.027942e-02,9.597139e-03,2.268517e-01
8.062148e-03,9.493751e-02,2.119446e-02,9.983134e-02,7.120096e-03,4.328241e-03,1.246288e-04,2.546018e-03,5.478982e-01,9.035778e-03,1.905394e-02,2.238319e-03,7.994132e-03,6.912639e-03,1.687225e-01
5.766209e-03,1.214713e-01,3.284727e-02,8.273063e-02,5.041986e-03,3.251489e-03,9.223013e-05,1.793192e-03,5.587131e-01,7.531448e-03,1.473040e-02,3.007373e-03,6.669913e-03,6.021201e-03,1.503322e-01
6.255038e-03,1.025643e-01,3.662199e-02,6.768522e-02,5.009923e-03,3.081058e-03,1.677391e-04,1.381325e-03,4.592124e-01,1.436844e-02,1.584798e-02,2.905490e-03,7.044713e-03,1.137297e-02,2.664815e-01
6.203396e-03,8.205094e-02,9.533646e-02,1.143972e-01,1.408057e-02,2.682587e-03,2.992711e-04,1.277489e-03,4.231326e-01,1.113921e-02,1.550416e-02,3.008926e-03,7.368382e-03,1.057374e-02,2.129451e-01
8.086603e-03,7.708788e-02,8.704334e-02,1.014573e-01,2.668786e-02,5.264625e-03,1.262545e-03,1.301628e-03,3.938610e-01,1.228789e-02,4.014611e-02,3.585021e-03,1.751738e-02,1.356366e-02,2.108473e-01
