1.000000e+00,0.000000e+00,0.000000e+00,0.000000e+00,0.000000e+00,0.000000e+00,0.000000e+00,0.000000e+00,0.000000e+00,0.000000e+00,0.000000e+00,0.000000e+00,0.000000e+00,0.000000e+00,0.000000e+00
1.000000e+00,0.000000e+00,0.000000e+00,0.000000e+00,0.000000e+00,0.000000e+00,0.000000e+00,0.000000e+00,0.000000e+00,0.000000e+00,0.000000e+00,0.000000e+00,0.000000e+00,0.000000e+00,0.000000e+00
1.000000e+00,0.000000e+00,0.000000e+00,0.000000e+00,0.000000e+00,0.000000e+00,0.000000e+00,0.000000e+00,0.000000e+00,0.000000e+00,0.000000e+00,0.000000e+00,0.000000e+00,0.000000e+00,0.000000e+00
1.000000e+00,0.000000e+00,0.000000e+00,0.000000e+00,0.000000e+00,0.000000e+00,0.000000e+00,0.000000e+00,0.000000e+00,0.000000e+00,0.000000e+00,0.000000e+00,0.000000e+00,0.000000e+00,0.000000e+00
1.000000e+00,0.000000e+00,0.000000e+00,0.000000e+00,0.000000e+00,0.000000e+00,0.000000e+00,0.000000e+00,0.000000e+00,0.000000e+00,0.000000e+00,0.000000e+00,0.000000e+00,0.000000e+00,0.000000e+00
1.000000e+00,0.000000e+00,0.000000e+00,0.000000e+00,0.000000e+00,0.000000e+00,0.000000e+00,0.000000e+00,0.000000e+00,0.000000e+00,0.000000e+00,0.000000e+00,0.000000e+00,0.000000e+00,0.000000e+00
1.000000e+00,0.000000e+00,0.000000e+00,0.000000e+00,0.000000e+00,0.000000e+00,0.000000e+00,0.000000e+00,0.000000e+00,0.000000e+00,0.000000e+00,0.000000e+00,0.000000e+00,0.000000e+00,0.000000e+00
1.000000e+00,0.000000e+00,0.000000e+00,0.000000e+00,0.000000e+00,0.000000e+00,0.000000e+00,0.000000e+00,0.000000e+00,0.000000e+00,0.000000e+00,0.000000e+00,0.000000e+00,0.000000e+00,0.000000e+00
1.000000e+00,0.000000e+00,0.000000e+00,0.000000e+00,0.000000e+00,0.000000e+00,0.000000e+00,0.000000e+00,0.000000e+00,0.000000e+00,0.000000e+00,0.000000e+00,0.000000e+00,0.000000e+00,0.000000e+00
1.000000e+00,0.000000e+00,0.000000e+00,0.000000e+00,0.000000e+00,0.000000e+00,0.000000e+00,0.000000e+00,0.000000e+00,0.000000e+00,0.000000e+00,0.000000e+00,0.000000e+00,0.000000e+00,0.000000e+00
1.000000e+00,0.000000e+00,0.000000e+00,0.000000e+00,0.000000e+00,0.000000e+00,0.000000e+00,0.000000e+00,0.000000e+00,0.000000e+00,0.000000e+00,0.000000e+00,0.000000e+00,0.000000e+00,0.000000e+00
1.000000e+00,0.000000e+00,0.000000e+00,0.000000e+00,0.000000e+00,0.000000e+00,0.000000e+00,0.000000e+00,0.000000e+00,0.000000e+00,0.000000e+00,0.000000e+00,0.000000e+00,0.000000e+00,0.000000e+00
1.000000e+00,0.000000e+00,0.000000e+00,0.000000e+00,0.000000e+00,0.000000e+00,0.000000e+00,0.000000e+00,0.000000e+00,0.000000e+00,0.000000e+00,0.000000e+00,0.000000e+00,0.000000e+00,0.000000e+00
1.000000e+00,0.000000e+00,0.000000e+00,0.000000e+00,0.000000e+00,0.000000e+00,0.000000e+00,0.000000e+00,0.000000e+00,0.000000e+00,0.000000e+00,0.000000e+00,0.000000e+00,0.000000e+00,0.000000e+00
1.000000e+00,0.000000e+00,0.000000e+00,0.000000e+00,0.000000e+00,0.000000e+00,0.000000e+00,0.000000e+00,0.000000e+00,0.000000e+00,0.000000e+00,0.000000e+00,0.000000e+00,0.000000e+00,0.000000e+00
1.000000e+00,0.000000e+00,0.000000e+00,0.000000e+00,0.000000e+00,0.000000e+00,0.000000e+00,0.000000e+00,0.000000e+00,0.000000e+00,0.000000e+00,0.000000e+00,0.000000e+00,0.000000e+00,0.000000e+00
1.000000e+00,0.000000e+00,0.000000e+00,0.000000e+00,0.000000e+00,0.000000e+00,0.000000e+00,0.000000e+00,0.000000e+00,0.000000e+00,0.000000e+00,0.000000e+00,0.000000e+00,0.000000e+00,0.000000e+00
1.000000e+00,0.000000e+00,0.000000e+00,0.000000e+00,0.000000e+00,0.000000e+00,0.000000e+00,0.000000e+00,0.000000e+00,0.000000e+00,0.000000e+00,0.000000e+00,0.000000e+00,0.000000e+00,0.000000e+00
1.000000e+00,0.000000e+00,0.000000e+00,0.000000e+00,0.000000e+00,0.000000e+00,0.000000e+00,0.000000e+00,0.000000e+00,0.000000e+00,0.000000e+00,0.000000e+00,0.000000e+00,0.000000e+00,0.000000e+00
1.000000e+00,0.000000e+00,0.000000e+00,0.000000e+00,0.000000e+00,0.000000e+00,0.000000e+00,0.000000e+00,0.000000e+00,0.000000e+00,0.000000e+00,0.000000e+00,0.000000e+00,0.000000e+00,0.000000e+00
1.000000e+00,0.000000e+00,0.000000e+00,0.000000e+00,0.000000e+00,0.000000e+00,0.000000e+00,0.000000e+00,0.000000e+00,0.000000e+00,0.000000e+00,0.000000e+00,0.000000e+00,0.000000e+00,0.000000e+00
1.000000e+00,0.000000e+00,0.000000e+00,0.000000e+00,0.000000e+00,0.000000e+00,0.000000e+00,0.000000e+00,0.000000e+00,0.000000e+00,0.000000e+00,0.000000e+00,0.000000e+00,0.000000e+00,0.000000e+00
1.000000e+00,0.000000e+00,0.000000e+00,0.000000e+00,0.000000e+00,0.000000e+00,0.000000e+00,0.000000e+00,0.000000e+00,0.000000e+00,0.000000e+00,0.000000e+00,0.000000e+00,0.000000e+00,0.000000e+00
1.000000e+00,0.000000e+00,0.000000e+00,0.000000e+00,0.000000e+00,0.000000e+00,0.000000e+00,0.000000e+00,0.000000e+00,0.000000e+00,0.000000e+00,0.000000e+00,0.000000e+00,0.000000e+00,0.000000e+00
1.000000e+00,0.000000e+00,0.000000e+00,0.000000e+00,0.000000e+00,0.000000e+00,0.000000e+00,0.000000e+00,0.000000e+00,0.000000e+00,0.000000e+00,0.000000e+00,0.000000e+00,0.000000e+00,0.000000e+00
1.000000e+00,0.000000e+00,0.000000e+00,0.000000e+00,0.000000e+00,0.000000e+00,0.000000e+00,0.000000e+00,0.000000e+00,0.000000e+00,0.000000e+00,0.000000e+00,0.000000e+00,0.000000e+00,0.000000e+00
1.000000e+00,0.000000e+00,0.000000e+00,0.000000e+00,0.000000e+00,0.000000e+00,0.000000e+00,0.000000e+00,0.000000e+00,0.000000e+00,0.000000e+00,0.000000e+00,0.000000e+00,0.000000e+00,0.000000e+00
1.000000e+00,0.000000e+00,0.000000e+00,0.000000e+00,0.000000e+00,0.000000e+00,0.000000e+00,0.000000e+00,0.000000e+00,0.000000e+00,0.000000e+00,0.000000e+00,0.000000e+00,0.000000e+00,0.000000e+00
1.000000e+00,0.000000e+00,0.000000e+00,0.000000e+00,0.000000e+00,0.000000e+00,0.000000e+00,0.000000e+00,0.000000e+00,0.000000e+00,0.000000e+00,0.000000e+00,0.000000e+00,0.000000e+00,0.000000e+00
1.000000e+00,0.000000e+00,0.000000e+00,0.000000e+00,0.000000e+00,0.000000e+00,0.000000e+00,0.000000e+00,0.000000e+00,0.000000e+00,0.000000e+00,0.000000e+00,0.000000e+00,0.000000e+00,0.000000e+00
1.000000e+00,0.000000e+00,0.000000e+00,0.000000e+00,0.000000e+00,0.000000e+00,0.000000e+00,0.000000e+00,0.000000e+00,0.000000e+00,0.000000e+00,0.000000e+00,0.000000e+00,0.000000e+00,0.000000e+00
1.000000e+00,0.000000e+00,0.000000e+00,0.000000e+00,0.000000e+00,0.000000e+00,0.000000e+00,0.000000e+00,0.000000e+00,0.000000e+00,0.000000e+00,0.000000e+00,0.000000e+00,0.000000e+00,0.000000e+00
1.000000e+00,0.000000e+00,0.000000e+00,0.000000e+00,0.000000e+00,0.000000e+00,0.000000e+00,0.000000e+00,0.000000e+00,0.000000e+00,0.000000e+00,0.000000e+00,0.000000e+00,0.000000e+00,0.000000e+00
1.000000e+00,0.000000e+00,0.000000e+00,0.000000e+00,0.000000e+00,0.000000e+00,0.000000e+00,0.000000e+00,0.000000e+00,0.000000e+00,0.000000e+00,0.000000e+00,0.000000e+00,0.000000e+00,0.000000e+00
1.000000e+00,0.000000e+00,0.000000e+00,0.000000e+00,0.000000e+00,0.000000e+00,0.000000e+00,0.000000e+00,0.000000e+00,0.000000e+00,0.000000e+00,0.000000e+00,0.000000e+00,0.000000e+00,0.000000e+00
1.000000e+00,0.000000e+00,0.000000e+00,0.000000e+00,0.000000e+00,0.000000e+00,0.000000e+00,0.000000e+00,0.000000e+00,0.000000e+00,0.000000e+00,0.000000e+00,0.000000e+00,0.000000e+00,0.000000e+00
1.000000e+00,0.000000e+00,0.000000e+00,0.000000e+00,0.000000e+00,0.000000e+00,0.000000e+00,0.000000e+00,0.000000e+00,0.000000e+00,0.000000e+00,0.000000e+00,0.000000e+00,0.000000e+00,0.000000e+00
1.000000e+00,0.000000e+00,0.000000e+00,0.000000e+00,0.000000e+00,0.000000e+00,0.000000e+00,0.000000e+00,0.000000e+00,0.000000e+00,0.000000e+00,0.000000e+00,0.000000e+00,0.000000e+00,0.000000e+00
1.000000e+00,0.000000e+00,0.000000e+00,0.000000e+00,0.000000e+00,0.000000e+00,0.000000e+00,0.000000e+00,0.000000e+00,0.000000e+00,0.000000e+00,0.000000e+00,0.000000e+00,0.000000e+00,0.000000e+00
1.000000e+00,0.000000e+00,0.000000e+00,0.000000e+00,0.000000e+00,0.000000e+00,0.000000e+00,0.000000e+00,0.000000e+00,0.000000e+00,0.000000e+00,0.000000e+00,0.000000e+00,0.000000e+00,0.000000e+00
1.000000e+00,0.000000e+00,0.000000e+00,0.000000e+00,0.000000e+00,0.000000e+00,0.000000e+00,0.000000e+00,0.000000e+00,0.000000e+00,0.000000e+00,0.000000e+00,0.000000e+00,0.000000e+00,0.000000e+00
1.000000e+00,0.000000e+00,0.000000e+00,0.000000e+00,0.000000e+00,0.000000e+00,0.000000e+00,0.000000e+00,0.000000e+00,0.000000e+00,0.000000e+00,0.000000e+00,0.000000e+00,0.000000e+00,0.000000e+00
1.000000e+00,0.000000e+00,0.000000e+00,0.000000e+00,0.000000e+00,0.000000e+00,0.000000e+00,0.000000e+00,0.000000e+00,0.000000e+00,0.000000e+00,0.000000e+00,0.000000e+00,0.000000e+00,0.000000e+00
1.000000e+00,0.000000e+00,0.000000e+00,0.000000e+00,0.000000e+00,0.000000e+00,0.000000e+00,0.000000e+00,0.000000e+00,0.000000e+00,0.000000e+00,0.000000e+00,0.000000e+00,0.000000e+00,0.000000e+00
1.000000e+00,0.000000e+00,0.000000e+00,0.000000e+00,0.000000e+00,0.000000e+00,0.000000e+00,0.000000e+00,0.000000e+00,0.000000e+00,0.000000e+00,0.000000e+00,0.000000e+00,0.000000e+00,0.000000e+00
1.000000e+00,0.000000e+00,0.000000e+00,0.000000e+00,0.000000e+00,0.000000e+00,0.000000e+00,0.000000e+00,0.000000e+00,0.000000e+00,0.000000e+00,0.000000e+00,0.000000e+00,0.000000e+00,0.000000e+00
1.000000e+00,0.000000e+00,0.000000e+00,0.000000e+00,0.000000e+00,0.000000e+00,0.000000e+00,0.000000e+00,0.000000e+00,0.000000e+00,0.000000e+00,0.000000e+00,0.000000e+00,0.000000e+00,0.000000e+00
1.000000e+00,0.000000e+00,0.000000e+00,0.000000e+00,0.000000e+00,0.000000e+00,0.000000e+00,0.000000e+00,0.000000e+00,0.000000e+00,0.000000e+00,0.000000e+00,0.000000e+00,0.000000e+00,0.000000e+00
1.000000e+00,0.000000e+00,0.000000e+00,0.000000e+00,0.000000e+00,0.000000e+00,0.000000e+00,0.000000e+00,0.000000e+00,0.000000e+00,0.000000e+00,0.000000e+00,0.000000e+00,0.000000e+00,0.000000e+00
1.000000e+00,0.000000e+00,0.000000e+00,0.000000e+00,0.000000e+00,0.000000e+00,0.000000e+00,0.000000e+00,0.000000e+00,0.000000e+00,0.000000e+00,0.000000e+00,0.000000e+00,0.000000e+00,0.000000e+00
1.000000e+00,0.000000e+00,0.000000e+00,0.000000e+00,0.000000e+00,0.000000e+00,0.000000e+00,0.000000e+00,0.000000e+00,0.000000e+00,0.000000e+00,0.000000e+00,0.000000e+00,0.000000e+00,0.000000e+00
1.000000e+00,0.000000e+00,0.000000e+00,0.000000e+00,0.000000e+00,0.000000e+00,0.000000e+00,0.000000e+00,0.000000e+00,0.000000e+00,0.000000e+00,0.000000e+00,0.000000e+00,0.000000e+00,0.000000e+00
1.000000e+00,0.000000e+00,0.000000e+00,0.000000e+00,0.000000e+00,0.000000e+00,0.000000e+00,0.000000e+00,0.000000e+00,0.000000e+00,0.000000e+00,0.000000e+00,0.000000e+00,0.000000e+00,0.000000e+00
3.679381e-01,5.292172e-02,7.590863e-03,2.276070e-01,1.206173e-02,2.038851e-02,2.980221e-03,7.367940e-03,1.198866e-02,1.114452e-02,2.111436e-01,2.552053e-02,1.924663e-02,6.466894e-03,1.563298e-02
2.575703e-01,3.723981e-02,5.571526e-03,1.954693e-01,8.557447e-03,1.462951e-02,2.112993e-03,5.221484e-03,1.042396e-02,8.560398e-03,3.974857e-01,2.033620e-02,1.741737e-02,8.194828e-03,1.120915e-02
1.804197e-01,2.636995e-02,4.040753e-03,1.942172e-01,6.471325e-03,1.042522e-02,1.515166e-03,4.453924e-03,2.206177e-02,6.399232e-03,4.813293e-01,1.635366e-02,1.976910e-02,1.795114e-02,8.222481e-03
1.265028e-01,1.860781e-02,2.939548e-03,1.519762e-01,4.802447e-03,1.046511e-02,1.091808e-03,3.746142e-03,1.877201e-02,4.785842e-03,5.853651e-01,1.297167e-02,1.798974e-02,3.384746e-02,6.136285e-03
8.873565e-02,1.322806e-02,2.364503e-03,1.231548e-01,3.916410e-03,1.372440e-02,7.967987e-04,2.808253e-03,2.430977e-02,5.269084e-03,5.735475e-01,1.231188e-02,1.750880e-02,1.116677e-01,6.656403e-03
6.289409e-02,9.718328e-03,2.102223e-03,9.582651e-02,3.396776e-03,1.710114e-02,5.857559e-04,2.121709e-03,2.401648e-02,5.088150e-03,5.130053e-01,1.034916e-02,1.725318e-02,2.303517e-01,6.189602e-03
4.745059e-02,7.793953e-03,2.351360e-03,6.943913e-02,2.734055e-03,6.506069e-02,4.931274e-04,1.681996e-03,1.995044e-02,4.291718e-03,4.500835e-01,8.157224e-03,1.356357e-02,3.000194e-01,6.929297e-03
3.432436e-02,5.777482e-03,1.961635e-03,5.014515e-02,1.964329e-03,5.324646e-02,3.528833e-04,1.197161e-03,1.595912e-02,3.348767e-03,4.310097e-01,6.582760e-03,9.765564e-03,3.783630e-01,6.001590e-03
2.430260e-02,4.521172e-03,1.965913e-03,4.081074e-02,1.606014e-03,3.895613e-02,2.719760e-04,9.483746e-04,2.278294e-02,3.230956e-03,3.898233e-01,4.866804e-03,6.975135e-03,4.486701e-01,1.026791e-02
1.733622e-02,3.470172e-03,1.979510e-03,2.985824e-02,1.241012e-03,2.797844e-02,2.063299e-04,8.727172e-04,2.219938e-02,5.121019e-03,4.156287e-01,5.220029e-03,5.273699e-03,4.380887e-01,2.552581e-02
1.262116e-02,2.754946e-03,1.863017e-03,2.170434e-02,1.112227e-03,2.005140e-02,1.637714e-04,7.078254e-04,1.758251e-02,6.139869e-03,4.820194e-01,5.654437e-03,4.053644e-03,3.958862e-01,2.768525e-02
8.987915e-03,2.040626e-03,1.544770e-03,1.539878e-02,2.321805e-03,1.415880e-02,1.575184e-04,7.298301e-04,1.350246e-02,6.773832e-03,5.869994e-01,4.517196e-03,3.084485e-03,3.134429e-01,2.633962e-02
6.503244e-03,1.556029e-03,1.138873e-03,1.087440e-02,2.180732e-03,1.000558e-02,1.255501e-04,5.438740e-04,9.721527e-03,6.273973e-03,6.812763e-01,3.708592e-03,2.451721e-03,2.446840e-01,1.895559e-02
4.806303e-03,3.070099e-03,1.125925e-03,9.009479e-03,3.449092e-02,1.615529e-02,1.464351e-03,1.232500e-03,1.054533e-02,1.019643e-02,6.800939e-01,3.121430e-03,2.146011e-03,2.087860e-01,1.375594e-02
4.152387e-03,3.855186e-03,4.925600e-03,9.660595e-03,6.096474e-02,2.472355e-02,3.358759e-03,2.650568e-02,1.686359e-02,1.065632e-02,5.734822e-01,5.407046e-03,3.016987e-03,2.421315e-01,1.029591e-02
3.696150e-03,3.458521e-03,9.411319e-03,1.056814e-02,5.849769e-02,2.318003e-02,4.037413e-03,5.596481e-02,2.044170e-02,1.297147e-02,4.578998e-01,7.559414e-03,4.111189e-03,3.190145e-01,9.187897e-03
7.846639e-03,4.103745e-03,1.939742e-02,6.811005e-02,6.576843e-02,2.429916e-02,3.467381e-03,6.325530e-02,4.128623e-02,2.097716e-02,3.718176e-01,1.232463e-02,7.795561e-03,2.779949e-01,1.155580e-02
1.899236e-02,4.971324e-03,3.123211e-02,1.214134e-01,7.529814e-02,2.364645e-02,2.960190e-03,8.616197e-02,3.955892e-02,2.698073e-02,3.286316e-01,1.872275e-02,1.014319e-02,2.015292e-01,9.757639e-03
2.719058e-02,1.397971e-02,2.644107e-02,1.201968e-01,6.008272e-02,3.203224e-02,2.254071e-03,9.329519e-02,4.598479e-02,3.147211e-02,3.531843e-01,2.719843e-02,1.336396e-02,1.440127e-01,9.311358e-03
3.844497e-02,4.887718e-02,2.414607e-02,1.099068e-01,5.971054e-02,3.192727e-02,2.274582e-03,1.153593e-01,7.711804e-02,3.093618e-02,3.169831e-01,2.215514e-02,1.093184e-02,1.026130e-01,8.616041e-03
4.078446e-02,4.287334e-02,2.125873e-02,7.960368e-02,8.212805e-02,2.502851e-02,1.903199e-03,1.115767e-01,8.034395e-02,5.425015e-02,3.492612e-01,1.721377e-02,8.596661e-03,7.854551e-02,6.632060e-03
5.288187e-02,3.752846e-02,2.962502e-02,8.075967e-02,1.215059e-01,1.869870e-02,1.563769e-03,1.974638e-01,6.194683e-02,4.989924e-02,2.657593e-01,1.297333e-02,6.547008e-03,5.749364e-02,5.353431e-03
7.264494e-02,9.365621e-02,2.638294e-02,7.484521e-02,1.086886e-01,1.651925e-02,1.607121e-03,1.865654e-01,6.976878e-02,6.597865e-02,2.052124e-01,1.165117e-02,5.624497e-03,5.040487e-02,1.044994e-02
8.686043e-02,1.043429e-01,2.225197e-02,8.644982e-02,9.581731e-02,1.819100e-02,1.879218e-03,2.194018e-01,6.098376e-02,6.750228e-02,1.669603e-01,1.153365e-02,5.900664e-03,3.974846e-02,1.217649e-02
9.924925e-02,9.152747e-02,2.432885e-02,6.618547e-02,8.190468e-02,1.549044e-02,1.613576e-03,3.181849e-01,4.972023e-02,5.986694e-02,1.316081e-01,9.838481e-03,5.761547e-03,3.392214e-02,1.079793e-02
1.094268e-01,7.196351e-02,2.886432e-02,6.073872e-02,6.633071e-02,1.374982e-02,2.076678e-03,3.935189e-01,4.131757e-02,5.542329e-02,1.025641e-01,7.979156e-03,5.206222e-03,3.126451e-02,9.575740e-03
1.494883e-01,5.582950e-02,3.270044e-02,5.039055e-02,5.258846e-02,1.464709e-02,3.710344e-03,4.344600e-01,3.205103e-02,4.993512e-02,7.552512e-02,8.575100e-03,4.945928e-03,2.572909e-02,9.423882e-03
1.859810e-01,4.590407e-02,3.251939e-02,4.127882e-02,4.621303e-02,1.502743e-02,3.658407e-03,4.412301e-01,3.352178e-02,5.439080e-02,5.847933e-02,8.885844e-03,4.879875e-03,1.901048e-02,9.019731e-03
2.608979e-01,4.387964e-02,3.082919e-02,3.467564e-02,5.742107e-02,1.624863e-02,4.276337e-03,3.849661e-01,3.632989e-02,4.542705e-02,4.758279e-02,9.673625e-03,5.143200e-03,1.426081e-02,8.388116e-03
3.361241e-01,3.747990e-02,2.919658e-02,3.097486e-02,5.494501e-02,1.759908e-02,5.386272e-03,3.260282e-01,3.873861e-02,3.913446e-02,3.850223e-02,1.568868e-02,6.458289e-03,1.172473e-02,1.201900e-02
3.815976e-01,3.283359e-02,2.583986e-02,3.369979e-02,5.301864e-02,1.953229e-02,4.604484e-03,2.666433e-01,3.630438e-02,3.334570e-02,3.859286e-02,2.678396e-02,1.222613e-02,1.092664e-02,2.405079e-02
4.070109e-01,3.102998e-02,2.149652e-02,3.203664e-02,3.926707e-02,2.786462e-02,3.642863e-03,1.989991e-01,3.610064e-02,7.149411e-02,4.077901e-02,2.867371e-02,1.778057e-02,9.726365e-03,3.409788e-02
3.522583e-01,2.791550e-02,1.707377e-02,5.722299e-02,2.905695e-02,3.335769e-02,2.796819e-03,1.414527e-01,3.675971e-02,8.812615e-02,6.449850e-02,4.217789e-02,5.358953e-02,9.136954e-03,4.457651e-02
3.236156e-01,2.263114e-02,1.320922e-02,6.933895e-02,2.247848e-02,3.096131e-02,2.210499e-03,1.011856e-01,3.143274e-02,9.352688e-02,8.129007e-02,5.612567e-02,9.188405e-02,1.011182e-02,4.999787e-02
2.899051e-01,1.883345e-02,1.077696e-02,5.804652e-02,1.727656e-02,2.966616e-02,1.830348e-03,7.129078e-02,2.917840e-02,1.786507e-01,7.957401e-02,5.422837e-02,1.078954e-01,9.637818e-03,4.320948e-02
2.478442e-01,1.466677e-02,8.481437e-03,4.921756e-02,1.342465e-02,2.754650e-02,1.523641e-03,5.060198e-02,3.133925e-02,2.620286e-01,7.899759e-02,6.611903e-02,1.039838e-01,8.433382e-03,3.579154e-02
1.933127e-01,1.322303e-02,9.162350e-03,1.073272e-01,1.519121e-02,2.331498e-02,1.595207e-03,3.873759e-02,5.498159e-02,2.492542e-01,8.637109e-02,6.216028e-02,1.048739e-01,9.326150e-03,3.116856e-02
1.439564e-01,1.089867e-02,8.342765e-03,8.954208e-02,1.796889e-02,1.961633e-02,1.939979e-03,2.841249e-02,5.360521e-02,2.467379e-01,1.412437e-01,6.819040e-02,1.204855e-01,1.291856e-02,3.614118e-02
1.103182e-01,1.126927e-02,2.280319e-02,7.057264e-02,1.967710e-02,1.471259e-02,1.804804e-03,3.220928e-02,5.773314e-02,2.144310e-01,1.683280e-01,6.997119e-02,1.414945e-01,1.815979e-02,4.651532e-02
1.029263e-01,1.194929e-02,4.345280e-02,5.542784e-02,1.767013e-02,1.138129e-02,1.430542e-03,3.377895e-02,6.083409e-02,1.689188e-01,1.690643e-01,5.373937e-02,1.078915e-01,4.550576e-02,1.160291e-01
1.103364e-01,1.098930e-02,9.345292e-02,6.313081e-02,1.615001e-02,1.039641e-02,1.195308e-03,3.196400e-02,6.285140e-02,1.289559e-01,1.708348e-01,4.546262e-02,8.509971e-02,5.825540e-02,1.109250e-01
1.130081e-01,5.630683e-02,1.137014e-01,4.950485e-02,1.452227e-02,1.328508e-02,1.061790e-03,2.983464e-02,1.182847e-01,9.922371e-02,1.435407e-01,3.698826e-02,6.326596e-02,4.809804e-02,9.937362e-02
8.416042e-02,1.049840e-01,1.222420e-01,5.433306e-02,1.459571e-02,1.271482e-02,8.755942e-04,2.633321e-02,2.261414e-01,7.077546e-02,1.033505e-01,2.684959e-02,4.534074e-02,3.439358e-02,7.290993e-02
6.354345e-02,1.574360e-01,1.445579e-01,5.396754e-02,1.495638e-02,9.695084e-03,7.243210e-04,2.990034e-02,2.698016e-01,5.083765e-02,7.364988e-02,1.915398e-02,3.273804e-02,2.439243e-02,5.464540e-02
6.616516e-02,1.475526e-01,1.164172e-01,5.196249e-02,9.332833e-02,9.498622e-03,2.203353e-03,3.317375e-02,2.926611e-01,3.781001e-02,5.179935e-02,1.345863e-02,2.324522e-02,1.742850e-02,4.329564e-02
7.186881e-02,1.544136e-01,9.028814e-02,4.690549e-02,8.336364e-02,8.227360e-03,2.013284e-03,2.884540e-02,3.704872e-01,3.345583e-02,3.690577e-02,9.629190e-03,1.667101e-02,1.273737e-02,3.418788e-02
8.377521e-02,1.467272e-01,6.982400e-02,4.545259e-02,7.305165e-02,6.740352e-03,1.817739e-03,2.610404e-02,4.047370e-01,4.290242e-02,2.806965e-02,7.531091e-03,1.295044e-02,1.019079e-02,4.012584e-02
9.051393e-02,1.675084e-01,6.256341e-02,3.736178e-02,6.418283e-02,5.683686e-03,1.805302e-03,3.380169e-02,4.169582e-01,3.600783e-02,2.218108e-02,6.976170e-03,1.043313e-02,8.893789e-03,3.512876e-02
7.700925e-02,2.418993e-01,4.492103e-02,2.658791e-02,5.188931e-02,4.288598e-03,1.512434e-03,4.458598e-02,4.138666e-01,3.002176e-02,1.624063e-02,5.387658e-03,7.490855e-03,7.604043e-03,2.669462e-02
8.130492e-02,2.309552e-01,3.593595e-02,2.378839e-02,4.332795e-02,5.231655e-03,1.277792e-03,3.871240e-02,4.035082e-01,3.833605e-02,1.755550e-02,5.866386e-03,6.447654e-03,8.283589e-03,5.946834e-02
6.277991e-02,1.882010e-01,3.201520e-02,5.141804e-02,3.282034e-02,6.071581e-03,9.419970e-04,2.966679e-02,3.896946e-01,3.949625e-02,2.805821e-02,5.379492e-03,1.111181e-02,7.838719e-03,1.145060e-01
4.869045e-02,1.489498e-01,2.780683e-02,8.803327e-02,2.440396e-02,5.349660e-03,7.933463e-04,2.236187e-02,3.841249e-01,4.537173e-02,4.616290e-02,8.384873e-03,3.158539e-02,6.049202e-03,1.119319e-01
3.904915e-02,1.121624e-01,2.555506e-02,8.604769e-02,1.792106e-02,5.848324e-03,7.998457e-04,1.594120e-02,3.122669e-01,1.200303e-01,7.249761e-02,1.574993e-02,6.395413e-02,6.570781e-03,1.056056e-01
3.363588e-02,8.195660e-02,2.228531e-02,6.514474e-02,1.382699e-02,5.202471e-03,7.905444e-04,1.210793e-02,2.252516e-01,1.456530e-01,1.512603e-01,2.467844e-02,9.188323e-02,7.560357e-03,1.187625e-01
2.756214e-02,6.087812e-02,1.715583e-02,5.024802e-02,1.093079e-02,6.533691e-03,6.495321e-04,8.839257e-03,1.654563e-01,1.814682e-01,1.697457e-01,2.828919e-02,1.177475e-01,1.310472e-02,1.413910e-01
2.270904e-02,4.815120e-02,1.612953e-02,4.253470e-02,9.568389e-03,6.055273e-03,7.102399e-04,7.247080e-03,1.495830e-01,2.248253e-01,1.643109e-01,2.858494e-02,9.971949e-02,2.396371e-02,1.559072e-01
1.947020e-02,4.614039e-02,1.406661e-02,4.054525e-02,7.283374e-03,5.661988e-03,6.772901e-04,5.841739e-03,1.266541e-01,1.845051e-01,1.207512e-01,2.208600e-02,7.599907e-02,3.082215e-02,2.994955e-01
2.557921e-02,3.494825e-02,2.034963e-02,9.340257e-02,7.582003e-03,8.083046e-03,1.569827e-03,4.426743e-02,1.131034e-01,1.488220e-01,1.100412e-01,2.031283e-02,6.963625e-02,2.852619e-02,2.737763e-01
1.961968e-02,2.973744e-02,2.938108e-02,1.179848e-01,8.558445e-03,8.785751e-03,2.687186e-03,7.890034e-02,9.227505e-02,1.244704e-01,1.127694e-01,2.344259e-02,6.737068e-02,2.699621e-02,2.570210e-01
2.036379e-02,3.007045e-02,3.145896e-02,1.035954e-01,8.243745e-03,7.934335e-03,2.138691e-03,6.099994e-02,7.477436e-02,1.635393e-01,1.313094e-01,2.384824e-02,6.353290e-02,3.079243e-02,2.473981e-01
1.915666e-02,2.551348e-02,3.126580e-02,8.416784e-02,1.093115e-02,6.873916e-03,2.705578e-03,7.933383e-02,6.399901e-02,1.410530e-01,1.158738e-01,2.154554e-02,6.586082e-02,3.615025e-02,2.955694e-01
5.655510e-02,2.914051e-02,4.433484e-02,7.339071e-02,2.235097e-02,7.409287e-03,2.793851e-03,8.643218e-02,8.908305e-02,1.150328e-01,1.008987e-01,1.951549e-02,5.894542e-02,3.249660e-02,2.616206e-01
9.848334e-02,2.554929e-02,8.271905e-02,1.677506e-01,2.595121e-02,7.647217e-03,2.457480e-03,6.707246e-02,8.586358e-02,8.172108e-02,7.661284e-02,1.499391e-02,4.717286e-02,2.641392e-02,1.895911e-01
1.514344e-01,2.749995e-02,8.781075e-02,1.562831e-01,4.871235e-02,8.680435e-03,3.850861e-03,5.503065e-02,7.775112e-02,6.009252e-02,8.889273e-02,1.331850e-02,4.531139e-02,2.740867e-02,1.479226e-01
1.147266e-01,2.226898e-02,7.417239e-02,1.744636e-01,7.274012e-02,7.019940e-03,4.623873e-03,1.342988e-01,8.078042e-02,4.401198e-02,7.977762e-02,1.048265e-02,4.417788e-02,2.319005e-02,1.132651e-01
9.505854e-02,2.556595e-02,6.432081e-02,1.680154e-01,7.004049e-02,5.915267e-03,4.238712e-03,1.378226e-01,1.030745e-01,3.248352e-02,6.946401e-02,9.098030e-03,4.108704e-02,2.205821e-02,1.517569e-01
7.823679e-02,1.998577e-02,6.333110e-02,2.906385e-01,6.401489e-02,4.599491e-03,3.357773e-03,1.066226e-01,1.339093e-01,2.344215e-02,5.202170e-02,6.891060e-03,2.992308e-02,1.585322e-02,1.071725e-01
1.076948e-01,2.303900e-02,5.417455e-02,2.456692e-01,5.514976e-02,4.830341e-03,3.416159e-03,7.849900e-02,2.195938e-01,2.113404e-02,4.180610e-02,7.230760e-03,2.501818e-02,1.516426e-02,9.758000e-02
9.324306e-02,2.452877e-02,5.164800e-02,3.571712e-01,6.536478e-02,5.370490e-03,3.010229e-03,6.417616e-02,1.825345e-01,1.534180e-02,3.146297e-02,6.284478e-03,1.898388e-02,1.098871e-02,6.989090e-02
2.054795e-01,2.229281e-02,5.077870e-02,2.986182e-01,6.768321e-02,7.204803e-03,2.933408e-03,6.796998e-02,1.353500e-01,1.183969e-02,3.334332e-02,1.684455e-02,1.841537e-02,8.935554e-03,5.231086e-02
3.014007e-01,2.245271e-02,4.421819e-02,2.293368e-01,8.436725e-02,7.293131e-03,3.255094e-03,7.536624e-02,1.049965e-01,9.560118e-03,3.283865e-02,2.140222e-02,1.649448e-02,7.519335e-03,3.949856e-02
3.802823e-01,2.271718e-02,5.293479e-02,1.793801e-01,8.449924e-02,6.929494e-03,3.251690e-03,6.619782e-02,8.379194e-02,8.094432e-03,3.287152e-02,2.280977e-02,1.475905e-02,7.767596e-03,3.371295e-02
4.223452e-01,2.212125e-02,5.297410e-02,1.620701e-01,8.604534e-02,6.982545e-03,3.222431e-03,6.367443e-02,8.023225e-02,8.319179e-03,2.667043e-02,1.883471e-02,1.359187e-02,6.520211e-03,2.639594e-02
4.712818e-01,2.120647e-02,5.099631e-02,1.383408e-01,9.004144e-02,7.374395e-03,3.100430e-03,5.310997e-02,8.197001e-02,7.533602e-03,2.100816e-02,1.489549e-02,1.270233e-02,5.412034e-03,2.102673e-02
1.000000e+00,0.000000e+00,0.000000e+00,0.000000e+00,0.000000e+00,0.000000e+00,0.000000e+00,0.000000e+00,0.000000e+00,0.000000e+00,0.000000e+00,0.000000e+00,0.000000e+00,0.000000e+00,0.000000e+00
1.000000e+00,0.000000e+00,0.000000e+00,0.000000e+00,0.000000e+00,0.000000e+00,0.000000e+00,0.000000e+00,0.000000e+00,0.000000e+00,0.000000e+00,0.000000e+00,0.000000e+00,0.000000e+00,0.000000e+00
4.891569e-01,4.831211e-02,4.412059e-02,9.138618e-02,8.513575e-02,1.164203e-02,3.091545e-03,3.575298e-02,6.451222e-02,1.857106e-02,1.761165e-02,2.995286e-02,1.565519e-02,7.575630e-03,3.752335e-02
3.820126e-01,4.927139e-02,5.046751e-02,9.960160e-02,6.116648e-02,9.996815e-03,2.299310e-03,2.593705e-02,6.534275e-02,5.857652e-02,1.484353e-02,2.554944e-02,1.207268e-02,7.265088e-03,1.355973e-01
2.730488e-01,4.261242e-02,4.636159e-02,1.464923e-01,4.330944e-02,7.961304e-03,1.650036e-03,1.839420e-02,5.487322e-02,6.606633e-02,2.091673e-02,2.086250e-02,1.280497e-02,6.413635e-03,2.382326e-01
2.596316e-01,4.109248e-02,3.754999e-02,1.120885e-01,3.127479e-02,1.158804e-02,1.299115e-03,1.366981e-02,1.096911e-01,5.697955e-02,3.009811e-02,2.356832e-02,2.516961e-02,2.463849e-02,2.216605e-01
2.494221e-01,5.121625e-02,2.747563e-02,8.466303e-02,2.257492e-02,1.051496e-02,1.044653e-03,1.013699e-02,1.384094e-01,4.392978e-02,3.451555e-02,2.322648e-02,6.835292e-02,2.606963e-02,2.084477e-01
1.788907e-01,1.027434e-01,2.660360e-02,1.044513e-01,1.610957e-02,7.749978e-03,7.845347e-04,7.275613e-03,2.481706e-01,4.024746e-02,2.511400e-02,1.837849e-02,5.155896e-02,1.948767e-02,1.524341e-01
1.410147e-01,8.403074e-02,2.148457e-02,8.881917e-02,1.229433e-02,7.898978e-03,7.228688e-04,5.985747e-03,2.431967e-01,2.915010e-02,2.055692e-02,2.066116e-02,1.738173e-01,2.163705e-02,1.287296e-01
1.069365e-01,6.359389e-02,1.583504e-02,7.077053e-02,1.753361e-02,9.526584e-03,1.479281e-03,5.071972e-03,2.062719e-01,2.105639e-02,2.384721e-02,1.913023e-02,2.968662e-01,1.982677e-02,1.222539e-01
7.687046e-02,4.666168e-02,1.978357e-02,5.829628e-02,1.740357e-02,9.162251e-03,1.375635e-03,4.188926e-03,2.956104e-01,1.557810e-02,1.875115e-02,1.535915e-02,2.909696e-01,1.566276e-02,1.143264e-01
5.549604e-02,3.602204e-02,1.548103e-02,4.201671e-02,1.503756e-02,7.165521e-03,1.123199e-03,3.375563e-03,2.331478e-01,1.156539e-02,1.611113e-02,1.531216e-02,3.535747e-01,1.369771e-02,1.808735e-01
4.652934e-02,2.709263e-02,1.777869e-02,3.095751e-02,1.263789e-02,6.404744e-03,1.063674e-03,4.089463e-03,2.002475e-01,9.174772e-03,1.322386e-02,1.202651e-02,4.075524e-01,1.140275e-02,1.998183e-01
3.558072e-02,2.176761e-02,3.154938e-02,2.350111e-02,1.103987e-02,5.339858e-03,1.159994e-03,3.879831e-03,1.933643e-01,7.553028e-03,1.139534e-02,1.140742e-02,3.834003e-01,9.033668e-03,2.500276e-01
4.215618e-02,1.853034e-02,3.658446e-02,1.877630e-02,1.122525e-02,5.524687e-03,1.292591e-03,5.783217e-03,1.672968e-01,8.600769e-03,1.287138e-02,1.310819e-02,3.231300e-01,1.239444e-02,3.227254e-01
6.047035e-02,2.408591e-02,3.777482e-02,1.587529e-02,1.528730e-02,5.964143e-03,1.491948e-03,7.320349e-03,1.506735e-01,7.936290e-03,1.092408e-02,1.312999e-02,3.292998e-01,1.452358e-02,3.052427e-01
6.070826e-02,3.342710e-02,4.794247e-02,1.309857e-02,2.292374e-02,1.068318e-02,1.546458e-03,1.055483e-02,1.301808e-01,6.417411e-03,8.636952e-03,1.041669e-02,3.826578e-01,1.217602e-02,2.486296e-01
8.507265e-02,2.779737e-02,4.897051e-02,1.098627e-02,2.380352e-02,1.668990e-02,2.643231e-03,2.939032e-02,9.737485e-02,5.010151e-03,7.341693e-03,9.052863e-03,4.401474e-01,9.364964e-03,1.863543e-01
1.071536e-01,2.496365e-02,6.106655e-02,1.021365e-02,2.520327e-02,2.918256e-02,3.243239e-03,2.816977e-02,8.069721e-02,4.011482e-03,5.876899e-03,7.497259e-03,4.628680e-01,7.550098e-03,1.423027e-01
2.037787e-01,2.556381e-02,7.407252e-02,1.057292e-02,2.232671e-02,3.954501e-02,3.044720e-03,2.604057e-02,6.324580e-02,4.006051e-03,5.069297e-03,8.333869e-03,3.886715e-01,6.943671e-03,1.187849e-01
2.123444e-01,2.971098e-02,6.310160e-02,8.951644e-03,2.322874e-02,3.992645e-02,3.991921e-03,3.374035e-02,7.673889e-02,4.345777e-03,4.598494e-03,7.069941e-03,3.878604e-01,5.415666e-03,9.897473e-02
1.961833e-01,3.504551e-02,4.877086e-02,7.368786e-03,2.151319e-02,3.498111e-02,3.654907e-03,3.318888e-02,8.889945e-02,4.363375e-03,3.948698e-03,6.282145e-03,4.253558e-01,4.566842e-03,8.587715e-02
2.253628e-01,3.267954e-02,4.474397e-02,6.943171e-03,2.098543e-02,2.818825e-02,3.268675e-03,3.120345e-02,7.940550e-02,4.909371e-03,3.634081e-03,6.391185e-03,4.424781e-01,3.946016e-03,6.586041e-02
2.126916e-01,2.905788e-02,3.968585e-02,5.728097e-03,2.176758e-02,3.138167e-02,3.144817e-03,2.539379e-02,7.205715e-02,4.566302e-03,3.395441e-03,7.930040e-03,4.689250e-01,4.142420e-03,7.013229e-02
2.446310e-01,2.862681e-02,3.710010e-02,7.097209e-03,3.542114e-02,2.923764e-02,3.948942e-03,2.276411e-02,6.445929e-02,5.680533e-03,3.410985e-03,8.338587e-03,4.369650e-01,4.067554e-03,6.825111e-02
3.475279e-01,2.620642e-02,2.876812e-02,1.170938e-02,3.448486e-02,2.672212e-02,4.092082e-03,2.079684e-02,5.098786e-02,6.387657e-03,4.713266e-03,1.060639e-02,3.670674e-01,3.961483e-03,5.596818e-02
3.947720e-01,3.319037e-02,2.950812e-02,3.467058e-02,3.201223e-02,2.793964e-02,3.732077e-03,2.080278e-02,4.317597e-02,1.383227e-02,8.702766e-03,1.300807e-02,2.776435e-01,4.350593e-03,6.265898e-02
3.497885e-01,3.267626e-02,3.826271e-02,5.589858e-02,2.393645e-02,2.401659e-02,3.049540e-03,1.669082e-02,6.161396e-02,3.115382e-02,1.445551e-02,1.404469e-02,2.016099e-01,4.837424e-03,1.279651e-01
4.178168e-01,2.957481e-02,3.445460e-02,5.408716e-02,1.883777e-02,2.374932e-02,2.519777e-03,1.405502e-02,5.221772e-02,2.692549e-02,3.348666e-02,1.639667e-02,1.554018e-01,9.432493e-03,1.110439e-01
4.871950e-01,2.906472e-02,3.085188e-02,5.202662e-02,1.586217e-02,2.328648e-02,2.322412e-03,1.291985e-02,4.348487e-02,2.119239e-02,3.725947e-02,1.654732e-02,1.164490e-01,1.207345e-02,9.946445e-02
4.425008e-01,3.703760e-02,3.345341e-02,8.545247e-02,1.703410e-02,2.080930e-02,2.353701e-03,1.261951e-02,6.290345e-02,1.900711e-02,3.407829e-02,1.371851e-02,8.585639e-02,1.563007e-02,1.175453e-01
3.423117e-01,3.312353e-02,2.514870e-02,7.024759e-02,1.713846e-02,1.664074e-02,3.262943e-03,1.095868e-02,1.761445e-01,1.454257e-02,3.367378e-02,1.181524e-02,6.872337e-02,1.880271e-02,1.574655e-01
2.572593e-01,3.023102e-02,1.842738e-02,1.245553e-01,1.666967e-02,1.552207e-02,3.073905e-03,8.998672e-03,2.860331e-01,1.172566e-02,2.651862e-02,9.699009e-03,5.070283e-02,1.433050e-02,1.262529e-01
2.214528e-01,3.436543e-02,1.528268e-02,1.577717e-01,1.504111e-02,1.600794e-02,2.628563e-03,7.766115e-03,3.055216e-01,1.152473e-02,2.370660e-02,9.588711e-03,4.588493e-02,1.262918e-02,1.208279e-01
1.886476e-01,3.230471e-02,1.190103e-02,1.317534e-01,1.226448e-02,1.449461e-02,2.040098e-03,5.952019e-03,3.684199e-01,1.087640e-02,1.983592e-02,9.678091e-03,3.967123e-02,9.952599e-03,1.422079e-01
1.477742e-01,5.660864e-02,9.668231e-03,1.129330e-01,9.070477e-03,1.111048e-02,1.455751e-03,4.573079e-03,4.656363e-01,9.113951e-03,1.573664e-02,7.440904e-03,2.926531e-02,8.218121e-03,1.113949e-01
1.767488e-01,1.075968e-01,8.813220e-03,8.935709e-02,1.197409e-02,1.061808e-02,1.329636e-03,4.514010e-03,3.976641e-01,9.614305e-03,1.983059e-02,8.951607e-03,2.586075e-02,7.364994e-03,1.197619e-01
1.978270e-01,8.261361e-02,1.057787e-02,9.295189e-02,1.248670e-02,1.275041e-02,1.784776e-03,7.781920e-03,3.845725e-01,7.660544e-03,2.239996e-02,1.851766e-02,2.850528e-02,9.687143e-03,1.098827e-01
2.934129e-01,6.947598e-02,9.917876e-03,8.732475e-02,1.301644e-02,1.292748e-02,1.605668e-03,8.547771e-03,3.148915e-01,6.104562e-03,2.499653e-02,1.767262e-02,2.989875e-02,8.279168e-03,1.019280e-01
2.736183e-01,5.523094e-02,1.451649e-02,1.657298e-01,1.767095e-02,1.457128e-02,1.756675e-03,1.445614e-02,2.671326e-01,5.406780e-03,2.566765e-02,2.116772e-02,3.208007e-02,7.182281e-03,8.381224e-02
3.477773e-01,5.520082e-02,1.877089e-02,1.426077e-01,1.931301e-02,1.702317e-02,1.682271e-03,1.448162e-02,2.104007e-01,5.055248e-03,2.187630e-02,2.110311e-02,2.928887e-02,7.443935e-03,8.797512e-02
3.635567e-01,5.937929e-02,2.872362e-02,1.373825e-01,3.040346e-02,1.976376e-02,2.104020e-03,2.349065e-02,1.721549e-01,4.441437e-03,2.007288e-02,2.447715e-02,2.569712e-02,7.825049e-03,8.052745e-02
2.730915e-01,4.314822e-02,4.899200e-02,1.317703e-01,2.555691e-02,1.542900e-02,1.723128e-03,2.089311e-01,1.233272e-01,3.523918e-03,1.560995e-02,1.825945e-02,2.259570e-02,5.686658e-03,6.235503e-02
2.121173e-01,3.242663e-02,6.691825e-02,9.957208e-02,2.084712e-02,1.241025e-02,2.199885e-03,3.640643e-01,8.982036e-02,2.882081e-03,1.146304e-02,1.300412e-02,2.338590e-02,4.083999e-03,4.480471e-02
1.744426e-01,2.442440e-02,7.749411e-02,7.576803e-02,1.592585e-02,1.208508e-02,2.331944e-03,4.733199e-01,6.570799e-02,2.755603e-03,8.759988e-03,9.800859e-03,2.117756e-02,3.037744e-03,3.296833e-02
1.463341e-01,1.896288e-02,6.125584e-02,5.802505e-02,1.177738e-02,1.094024e-02,1.955499e-03,5.814046e-01,4.819019e-02,2.310307e-03,6.625132e-03,7.587413e-03,1.810016e-02,2.282579e-03,2.424864e-02
1.138302e-01,1.418159e-02,4.520379e-02,4.167593e-02,8.738757e-03,8.411814e-03,1.492915e-03,6.860069e-01,3.537939e-02,1.720433e-03,4.861998e-03,5.561675e-03,1.372743e-02,1.696224e-03,1.751099e-02
1.126141e-01,1.129299e-02,3.401516e-02,3.108099e-02,9.399896e-03,7.009255e-03,1.475269e-03,7.282498e-01,2.665537e-02,1.582476e-03,4.661503e-03,4.622644e-03,1.155081e-02,1.450541e-03,1.433928e-02
1.521326e-01,1.428879e-02,4.086123e-02,2.578183e-02,8.427594e-03,7.564093e-03,1.737112e-03,6.762471e-01,2.388577e-02,6.087085e-03,5.533844e-03,5.776449e-03,9.516858e-03,2.436413e-03,1.972321e-02
1.619948e-01,2.223127e-02,3.895401e-02,3.885393e-02,7.308845e-03,1.155903e-02,1.921263e-03,5.537075e-01,5.276431e-02,2.372339e-02,1.707104e-02,1.492655e-02,1.961834e-02,4.400772e-03,3.096496e-02
1.358787e-01,2.366796e-02,3.206253e-02,5.581260e-02,6.569797e-03,1.234496e-02,1.591042e-03,3.963703e-01,6.824571e-02,2.697643e-02,1.126792e-01,3.775642e-02,3.881631e-02,9.237994e-03,4.198996e-02
1.211934e-01,2.355667e-02,2.888634e-02,8.888756e-02,6.007224e-03,1.299282e-02,1.302242e-03,2.961649e-01,1.298646e-01,3.648949e-02,1.061874e-01,3.269158e-02,3.898356e-02,1.097348e-02,6.581870e-02
2.027190e-01,2.582248e-02,2.350898e-02,7.314568e-02,7.750030e-03,1.401351e-02,1.329730e-03,2.335808e-01,1.167474e-01,3.650479e-02,9.737293e-02,2.899483e-02,4.042979e-02,1.619127e-02,8.188888e-02
2.059000e-01,3.109358e-02,1.991870e-02,8.497740e-02,7.848174e-03,1.353293e-02,1.731513e-03,1.752811e-01,1.459698e-01,4.233235e-02,8.807138e-02,2.942166e-02,3.886347e-02,2.161131e-02,9.344673e-02
2.166558e-01,4.348069e-02,2.025043e-02,8.973869e-02,7.669491e-03,1.314786e-02,1.649825e-03,1.286496e-01,1.644399e-01,5.860070e-02,7.167206e-02,2.513482e-02,4.026778e-02,2.027671e-02,9.836566e-02
2.292753e-01,4.478846e-02,2.505249e-02,7.116856e-02,8.492210e-03,1.452711e-02,1.681858e-03,9.865347e-02,1.491641e-01,6.653872e-02,6.961134e-02,2.232732e-02,3.414652e-02,3.572012e-02,1.288525e-01
2.808629e-01,3.689577e-02,1.947652e-02,5.232720e-02,7.966582e-03,1.349053e-02,1.585000e-03,7.349308e-02,1.181886e-01,5.702940e-02,6.275395e-02,2.056733e-02,3.374125e-02,3.823327e-02,1.833886e-01
3.137609e-01,3.814271e-02,4.375720e-02,7.303992e-02,9.085033e-03,1.542804e-02,1.810574e-03,5.292846e-02,9.726105e-02,4.264038e-02,6.248681e-02,2.206373e-02,3.213016e-02,3.422273e-02,1.612423e-01
2.957935e-01,3.006721e-02,3.555929e-02,5.777164e-02,7.833607e-03,1.520398e-02,1.886182e-03,3.836144e-02,9.376647e-02,3.688870e-02,7.533911e-02,1.864123e-02,3.700363e-02,3.365493e-02,2.222291e-01
3.171829e-01,2.461517e-02,3.753821e-02,4.709058e-02,6.563091e-03,1.699959e-02,1.792249e-03,2.759733e-02,8.531172e-02,3.289829e-02,9.895109e-02,1.807866e-02,3.952600e-02,3.216694e-02,2.136882e-01
4.227276e-01,2.263385e-02,3.295764e-02,3.980171e-02,7.685072e-03,1.506959e-02,1.811500e-03,2.071826e-02,6.426444e-02,2.501209e-02,8.366892e-02,2.071954e-02,3.633985e-02,2.843347e-02,1.781565e-01
4.858665e-01,2.097632e-02,2.533170e-02,3.090033e-02,9.433988e-03,1.487973e-02,1.736381e-03,1.521465e-02,4.805313e-02,1.848204e-02,6.495118e-02,1.829561e-02,3.037043e-02,2.714487e-02,1.883631e-01
4.316880e-01,2.288281e-02,2.322274e-02,2.596944e-02,1.240426e-02,1.851999e-02,2.156258e-03,1.651494e-02,6.057376e-02,1.592714e-02,6.084128e-02,1.788246e-02,2.859836e-02,4.498526e-02,2.178333e-01
3.324178e-01,2.316904e-02,3.349798e-02,2.845323e-02,1.773235e-02,4.536573e-02,2.070716e-03,1.410896e-02,6.023100e-02,1.397201e-02,5.336176e-02,1.730708e-02,2.827546e-02,4.131606e-02,2.887208e-01
2.692554e-01,2.567030e-02,5.288455e-02,4.818261e-02,2.062912e-02,6.642391e-02,1.939196e-03,1.275795e-02,5.584525e-02,1.257462e-02,4.836728e-02,1.936752e-02,2.487836e-02,3.889383e-02,3.023301e-01
3.145263e-01,2.810498e-02,5.016512e-02,4.713960e-02,1.971900e-02,5.702897e-02,1.989042e-03,1.113941e-02,5.930692e-02,1.248881e-02,4.898196e-02,2.453740e-02,2.355164e-02,4.171752e-02,2.596033e-01
2.695101e-01,5.993745e-02,6.353806e-02,5.947640e-02,2.712648e-02,5.897049e-02,1.957424e-03,1.032566e-02,6.083312e-02,1.321485e-02,5.246504e-02,2.717372e-02,2.379261e-02,3.399422e-02,2.376843e-01
3.139174e-01,5.620123e-02,5.890068e-02,7.828818e-02,2.587367e-02,4.947101e-02,1.804108e-03,8.527759e-03,5.779011e-02,1.232778e-02,4.789050e-02,2.771368e-02,2.201805e-02,3.301139e-02,2.062645e-01
3.727992e-01,5.281103e-02,5.824531e-02,6.957968e-02,2.710674e-02,4.013086e-02,1.807667e-03,7.845985e-03,6.364898e-02,1.082196e-02,3.897510e-02,2.368167e-02,1.941798e-02,3.063069e-02,1.824972e-01
3.335809e-01,6.878305e-02,5.115289e-02,1.848105e-01,3.438361e-02,3.137809e-02,1.946724e-03,8.178692e-03,5.380761e-02,8.227090e-03,2.987192e-02,2.140622e-02,1.540656e-02,2.291645e-02,1.341498e-01
4.089423e-01,5.356783e-02,7.560349e-02,1.573463e-01,3.608112e-02,2.615076e-02,1.724566e-03,9.709984e-03,5.204089e-02,6.625886e-03,2.359953e-02,1.821763e-02,1.247926e-02,2.121608e-02,9.669441e-02
4.795063e-01,4.163408e-02,9.207483e-02,1.345800e-01,3.455591e-02,2.195554e-02,1.390502e-03,7.882345e-03,4.459259e-02,5.963511e-03,1.949486e-02,1.512337e-02,1.055180e-02,1.827815e-02,7.241617e-02
4.597697e-01,4.290192e-02,8.832753e-02,1.511703e-01,5.411536e-02,2.571211e-02,2.156866e-03,8.302461e-03,3.721635e-02,5.754532e-03,1.760365e-02,2.264997e-02,1.233148e-02,1.531518e-02,5.667260e-02
4.590034e-01,4.432657e-02,8.197499e-02,1.618879e-01,5.912307e-02,2.812863e-02,2.545512e-03,8.956771e-03,3.231179e-02,4.799872e-03,1.672955e-02,2.899953e-02,1.366254e-02,1.358167e-02,4.396823e-02
4.728131e-01,4.947869e-02,7.348328e-02,1.486321e-01,6.096309e-02,3.307316e-02,3.045773e-03,9.757356e-03,3.051880e-02,4.204379e-03,1.730225e-02,3.068434e-02,1.639873e-02,1.379091e-02,3.585404e-02
1.000000e+00,0.000000e+00,0.000000e+00,0.000000e+00,0.000000e+00,0.000000e+00,0.000000e+00,0.000000e+00,0.000000e+00,0.000000e+00,0.000000e+00,0.000000e+00,0.000000e+00,0.000000e+00,0.000000e+00
1.000000e+00,0.000000e+00,0.000000e+00,0.000000e+00,0.000000e+00,0.000000e+00,0.000000e+00,0.000000e+00,0.000000e+00,0.000000e+00,0.000000e+00,0.000000e+00,0.000000e+00,0.000000e+00,0.000000e+00
