1.000000e+00,0.000000e+00,0.000000e+00,0.000000e+00,0.000000e+00,0.000000e+00,0.000000e+00,0.000000e+00,0.000000e+00,0.000000e+00,0.000000e+00,0.000000e+00,0.000000e+00,0.000000e+00,0.000000e+00
1.000000e+00,0.000000e+00,0.000000e+00,0.000000e+00,0.000000e+00,0.000000e+00,0.000000e+00,0.000000e+00,0.000000e+00,0.000000e+00,0.000000e+00,0.000000e+00,0.000000e+00,0.000000e+00,0.000000e+00
1.000000e+00,0.000000e+00,0.000000e+00,0.000000e+00,0.000000e+00,0.000000e+00,0.000000e+00,0.000000e+00,0.000000e+00,0.000000e+00,0.000000e+00,0.000000e+00,0.000000e+00,0.000000e+00,0.000000e+00
1.000000e+00,0.000000e+00,0.000000e+00,0.000000e+00,0.000000e+00,0.000000e+00,0.000000e+00,0.000000e+00,0.000000e+00,0.000000e+00,0.000000e+00,0.000000e+00,0.000000e+00,0.000000e+00,0.000000e+00
1.000000e+00,0.000000e+00,0.000000e+00,0.000000e+00,0.000000e+00,0.000000e+00,0.000000e+00,0.000000e+00,0.000000e+00,0.000000e+00,0.000000e+00,0.000000e+00,0.000000e+00,0.000000e+00,0.000000e+00
1.000000e+00,0.000000e+00,0.000000e+00,0.000000e+00,0.000000e+00,0.000000e+00,0.000000e+00,0.000000e+00,0.000000e+00,0.000000e+00,0.000000e+00,0.000000e+00,0.000000e+00,0.000000e+00,0.000000e+00
1.000000e+00,0.000000e+00,0.000000e+00,0.000000e+00,0.000000e+00,0.000000e+00,0.000000e+00,0.000000e+00,0.000000e+00,0.000000e+00,0.000000e+00,0.000000e+00,0.000000e+00,0.000000e+00,0.000000e+00
1.000000e+00,0.000000e+00,0.000000e+00,0.000000e+00,0.000000e+00,0.000000e+00,0.000000e+00,0.000000e+00,0.000000e+00,0.000000e+00,0.000000e+00,0.000000e+00,0.000000e+00,0.000000e+00,0.000000e+00
1.000000e+00,0.000000e+00,0.000000e+00,0.000000e+00,0.000000e+00,0.000000e+00,0.000000e+00,0.000000e+00,0.000000e+00,0.000000e+00,0.000000e+00,0.000000e+00,0.000000e+00,0.000000e+00,0.000000e+00
1.000000e+00,0.000000e+00,0.000000e+00,0.000000e+00,0.000000e+00,0.000000e+00,0.000000e+00,0.000000e+00,0.000000e+00,0.000000e+00,0.000000e+00,0.000000e+00,0.000000e+00,0.000000e+00,0.000000e+00
1.000000e+00,0.000000e+00,0.000000e+00,0.000000e+00,0.000000e+00,0.000000e+00,0.000000e+00,0.000000e+00,0.000000e+00,0.000000e+00,0.000000e+00,0.000000e+00,0.000000e+00,0.000000e+00,0.000000e+00
1.000000e+00,0.000000e+00,0.000000e+00,0.000000e+00,0.000000e+00,0.000000e+00,0.000000e+00,0.000000e+00,0.000000e+00,0.000000e+00,0.000000e+00,0.000000e+00,0.000000e+00,0.000000e+00,0.000000e+00
1.000000e+00,0.000000e+00,0.000000e+00,0.000000e+00,0.000000e+00,0.000000e+00,0.000000e+00,0.000000e+00,0.000000e+00,0.000000e+00,0.000000e+00,0.000000e+00,0.000000e+00,0.000000e+00,0.000000e+00
1.000000e+00,0.000000e+00,0.000000e+00,0.000000e+00,0.000000e+00,0.000000e+00,0.000000e+00,0.000000e+00,0.000000e+00,0.000000e+00,0.000000e+00,0.000000e+00,0.000000e+00,0.000000e+00,0.000000e+00
1.000000e+00,0.000000e+00,0.000000e+00,0.000000e+00,0.000000e+00,0.000000e+00,0.000000e+00,0.000000e+00,0.000000e+00,0.000000e+00,0.000000e+00,0.000000e+00,0.000000e+00,0.000000e+00,0.000000e+00
1.000000e+00,0.000000e+00,0.000000e+00,0.000000e+00,0.000000e+00,0.000000e+00,0.000000e+00,0.000000e+00,0.000000e+00,0.000000e+00,0.000000e+00,0.000000e+00,0.000000e+00,0.000000e+00,0.000000e+00
1.000000e+00,0.000000e+00,0.000000e+00,0.000000e+00,0.000000e+00,0.000000e+00,0.000000e+00,0.000000e+00,0.000000e+00,0.000000e+00,0.000000e+00,0.000000e+00,0.000000e+00,0.000000e+00,0.000000e+00
1.000000e+00,0.000000e+00,0.000000e+00,0.000000e+00,0.000000e+00,0.000000e+00,0.000000e+00,0.000000e+00,0.000000e+00,0.000000e+00,0.000000e+00,0.000000e+00,0.000000e+00,0.000000e+00,0.000000e+00
1.000000e+00,0.000000e+00,0.000000e+00,0.000000e+00,0.000000e+00,0.000000e+00,0.000000e+00,0.000000e+00,0.000000e+00,0.000000e+00,0.000000e+00,0.000000e+00,0.000000e+00,0.000000e+00,0.000000e+00
1.000000e+00,0.000000e+00,0.000000e+00,0.000000e+00,0.000000e+00,0.000000e+00,0.000000e+00,0.000000e+00,0.000000e+00,0.000000e+00,0.000000e+00,0.000000e+00,0.000000e+00,0.000000e+00,0.000000e+00
1.000000e+00,0.000000e+00,0.000000e+00,0.000000e+00,0.000000e+00,0.000000e+00,0.000000e+00,0.000000e+00,0.000000e+00,0.000000e+00,0.000000e+00,0.000000e+00,0.000000e+00,0.000000e+00,0.000000e+00
1.000000e+00,0.000000e+00,0.000000e+00,0.000000e+00,0.000000e+00,0.000000e+00,0.000000e+00,0.000000e+00,0.000000e+00,0.000000e+00,0.000000e+00,0.000000e+00,0.000000e+00,0.000000e+00,0.000000e+00
1.000000e+00,0.000000e+00,0.000000e+00,0.000000e+00,0.000000e+00,0.000000e+00,0.000000e+00,0.000000e+00,0.000000e+00,0.000000e+00,0.000000e+00,0.000000e+00,0.000000e+00,0.000000e+00,0.000000e+00
1.000000e+00,0.000000e+00,0.000000e+00,0.000000e+00,0.000000e+00,0.000000e+00,0.000000e+00,0.000000e+00,0.000000e+00,0.000000e+00,0.000000e+00,0.000000e+00,0.000000e+00,0.000000e+00,0.000000e+00
1.000000e+00,0.000000e+00,0.000000e+00,0.000000e+00,0.000000e+00,0.000000e+00,0.000000e+00,0.000000e+00,0.000000e+00,0.000000e+00,0.000000e+00,0.000000e+00,0.000000e+00,0.000000e+00,0.000000e+00
1.000000e+00,0.000000e+00,0.000000e+00,0.000000e+00,0.000000e+00,0.000000e+00,0.000000e+00,0.000000e+00,0.000000e+00,0.000000e+00,0.000000e+00,0.000000e+00,0.000000e+00,0.000000e+00,0.000000e+00
1.000000e+00,0.000000e+00,0.000000e+00,0.000000e+00,0.000000e+00,0.000000e+00,0.000000e+00,0.000000e+00,0.000000e+00,0.000000e+00,0.000000e+00,0.000000e+00,0.000000e+00,0.000000e+00,0.000000e+00
1.000000e+00,0.000000e+00,0.000000e+00,0.000000e+00,0.000000e+00,0.000000e+00,0.000000e+00,0.000000e+00,0.000000e+00,0.000000e+00,0.000000e+00,0.000000e+00,0.000000e+00,0.000000e+00,0.000000e+00
1.000000e+00,0.000000e+00,0.000000e+00,0.000000e+00,0.000000e+00,0.000000e+00,0.000000e+00,0.000000e+00,0.000000e+00,0.000000e+00,0.000000e+00,0.000000e+00,0.000000e+00,0.000000e+00,0.000000e+00
1.000000e+00,0.000000e+00,0.000000e+00,0.000000e+00,0.000000e+00,0.000000e+00,0.000000e+00,0.000000e+00,0.000000e+00,0.000000e+00,0.000000e+00,0.000000e+00,0.000000e+00,0.000000e+00,0.000000e+00
1.000000e+00,0.000000e+00,0.000000e+00,0.000000e+00,0.000000e+00,0.000000e+00,0.000000e+00,0.000000e+00,0.000000e+00,0.000000e+00,0.000000e+00,0.000000e+00,0.000000e+00,0.000000e+00,0.000000e+00
1.000000e+00,0.000000e+00,0.000000e+00,0.000000e+00,0.000000e+00,0.000000e+00,0.000000e+00,0.000000e+00,0.000000e+00,0.000000e+00,0.000000e+00,0.000000e+00,0.000000e+00,0.000000e+00,0.000000e+00
1.000000e+00,0.000000e+00,0.000000e+00,0.000000e+00,0.000000e+00,0.000000e+00,0.000000e+00,0.000000e+00,0.000000e+00,0.000000e+00,0.000000e+00,0.000000e+00,0.000000e+00,0.000000e+00,0.000000e+00
1.000000e+00,0.000000e+00,0.000000e+00,0.000000e+00,0.000000e+00,0.000000e+00,0.000000e+00,0.000000e+00,0.000000e+00,0.000000e+00,0.000000e+00,0.000000e+00,0.000000e+00,0.000000e+00,0.000000e+00
1.000000e+00,0.000000e+00,0.000000e+00,0.000000e+00,0.000000e+00,0.000000e+00,0.000000e+00,0.000000e+00,0.000000e+00,0.000000e+00,0.000000e+00,0.000000e+00,0.000000e+00,0.000000e+00,0.000000e+00
1.000000e+00,0.000000e+00,0.000000e+00,0.000000e+00,0.000000e+00,0.000000e+00,0.000000e+00,0.000000e+00,0.000000e+00,0.000000e+00,0.000000e+00,0.000000e+00,0.000000e+00,0.000000e+00,0.000000e+00
1.000000e+00,0.000000e+00,0.000000e+00,0.000000e+00,0.000000e+00,0.000000e+00,0.000000e+00,0.000000e+00,0.000000e+00,0.000000e+00,0.000000e+00,0.000000e+00,0.000000e+00,0.000000e+00,0.000000e+00
1.000000e+00,0.000000e+00,0.000000e+00,0.000000e+00,0.000000e+00,0.000000e+00,0.000000e+00,0.000000e+00,0.000000e+00,0.000000e+00,0.000000e+00,0.000000e+00,0.000000e+00,0.000000e+00,0.000000e+00
1.000000e+00,0.000000e+00,0.000000e+00,0.000000e+00,0.000000e+00,0.000000e+00,0.000000e+00,0.000000e+00,0.000000e+00,0.000000e+00,0.000000e+00,0.000000e+00,0.000000e+00,0.000000e+00,0.000000e+00
1.000000e+00,0.000000e+00,0.000000e+00,0.000000e+00,0.000000e+00,0.000000e+00,0.000000e+00,0.000000e+00,0.000000e+00,0.000000e+00,0.000000e+00,0.000000e+00,0.000000e+00,0.000000e+00,0.000000e+00
1.000000e+00,0.000000e+00,0.000000e+00,0.000000e+00,0.000000e+00,0.000000e+00,0.000000e+00,0.000000e+00,0.000000e+00,0.000000e+00,0.000000e+00,0.000000e+00,0.000000e+00,0.000000e+00,0.000000e+00
1.000000e+00,0.000000e+00,0.000000e+00,0.000000e+00,0.000000e+00,0.000000e+00,0.000000e+00,0.000000e+00,0.000000e+00,0.000000e+00,0.000000e+00,0.000000e+00,0.000000e+00,0.000000e+00,0.000000e+00
1.000000e+00,0.000000e+00,0.000000e+00,0.000000e+00,0.000000e+00,0.000000e+00,0.000000e+00,0.000000e+00,0.000000e+00,0.000000e+00,0.000000e+00,0.000000e+00,0.000000e+00,0.000000e+00,0.000000e+00
1.000000e+00,0.000000e+00,0.000000e+00,0.000000e+00,0.000000e+00,0.000000e+00,0.000000e+00,0.000000e+00,0.000000e+00,0.000000e+00,0.000000e+00,0.000000e+00,0.000000e+00,0.000000e+00,0.000000e+00
1.000000e+00,0.000000e+00,0.000000e+00,0.000000e+00,0.000000e+00,0.000000e+00,0.000000e+00,0.000000e+00,0.000000e+00,0.000000e+00,0.000000e+00,0.000000e+00,0.000000e+00,0.000000e+00,0.000000e+00
1.000000e+00,0.000000e+00,0.000000e+00,0.000000e+00,0.000000e+00,0.000000e+00,0.000000e+00,0.000000e+00,0.000000e+00,0.000000e+00,0.000000e+00,0.000000e+00,0.000000e+00,0.000000e+00,0.000000e+00
1.000000e+00,0.000000e+00,0.000000e+00,0.000000e+00,0.000000e+00,0.000000e+00,0.000000e+00,0.000000e+00,0.000000e+00,0.000000e+00,0.000000e+00,0.000000e+00,0.000000e+00,0.000000e+00,0.000000e+00
1.000000e+00,0.000000e+00,0.000000e+00,0.000000e+00,0.000000e+00,0.000000e+00,0.000000e+00,0.000000e+00,0.000000e+00,0.000000e+00,0.000000e+00,0.000000e+00,0.000000e+00,0.000000e+00,0.000000e+00
1.000000e+00,0.000000e+00,0.000000e+00,0.000000e+00,0.000000e+00,0.000000e+00,0.000000e+00,0.000000e+00,0.000000e+00,0.000000e+00,0.000000e+00,0.000000e+00,0.000000e+00,0.000000e+00,0.000000e+00
1.000000e+00,0.000000e+00,0.000000e+00,0.000000e+00,0.000000e+00,0.000000e+00,0.000000e+00,0.000000e+00,0.000000e+00,0.000000e+00,0.000000e+00,0.000000e+00,0.000000e+00,0.000000e+00,0.000000e+00
1.000000e+00,0.000000e+00,0.000000e+00,0.000000e+00,0.000000e+00,0.000000e+00,0.000000e+00,0.000000e+00,0.000000e+00,0.000000e+00,0.000000e+00,0.000000e+00,0.000000e+00,0.000000e+00,0.000000e+00
1.000000e+00,0.000000e+00,0.000000e+00,0.000000e+00,0.000000e+00,0.000000e+00,0.000000e+00,0.000000e+00,0.000000e+00,0.000000e+00,0.000000e+00,0.000000e+00,0.000000e+00,0.000000e+00,0.000000e+00
1.000000e+00,0.000000e+00,0.000000e+00,0.000000e+00,0.000000e+00,0.000000e+00,0.000000e+00,0.000000e+00,0.000000e+00,0.000000e+00,0.000000e+00,0.000000e+00,0.000000e+00,0.000000e+00,0.000000e+00
1.000000e+00,0.000000e+00,0.000000e+00,0.000000e+00,0.000000e+00,0.000000e+00,0.000000e+00,0.000000e+00,0.000000e+00,0.000000e+00,0.000000e+00,0.000000e+00,0.000000e+00,0.000000e+00,0.000000e+00
1.000000e+00,0.000000e+00,0.000000e+00,0.000000e+00,0.000000e+00,0.000000e+00,0.000000e+00,0.000000e+00,0.000000e+00,0.000000e+00,0.000000e+00,0.000000e+00,0.000000e+00,0.000000e+00,0.000000e+00
1.000000e+00,0.000000e+00,0.000000e+00,0.000000e+00,0.000000e+00,0.000000e+00,0.000000e+00,0.000000e+00,0.000000e+00,0.000000e+00,0.000000e+00,0.000000e+00,0.000000e+00,0.000000e+00,0.000000e+00
1.000000e+00,0.000000e+00,0.000000e+00,0.000000e+00,0.000000e+00,0.000000e+00,0.000000e+00,0.000000e+00,0.000000e+00,0.000000e+00,0.000000e+00,0.000000e+00,0.000000e+00,0.000000e+00,0.000000e+00
1.000000e+00,0.000000e+00,0.000000e+00,0.000000e+00,0.000000e+00,0.000000e+00,0.000000e+00,0.000000e+00,0.000000e+00,0.000000e+00,0.000000e+00,0.000000e+00,0.000000e+00,0.000000e+00,0.000000e+00
1.000000e+00,0.000000e+00,0.000000e+00,0.000000e+00,0.000000e+00,0.000000e+00,0.000000e+00,0.000000e+00,0.000000e+00,0.000000e+00,0.000000e+00,0.000000e+00,0.000000e+00,0.000000e+00,0.000000e+00
1.000000e+00,0.000000e+00,0.000000e+00,0.000000e+00,0.000000e+00,0.000000e+00,0.000000e+00,0.000000e+00,0.000000e+00,0.000000e+00,0.000000e+00,0.000000e+00,0.000000e+00,0.000000e+00,0.000000e+00
3.827447e-01,3.535139e-02,2.309548e-02,2.639441e-01,5.089147e-03,1.276093e-02,2.988436e-03,9.859618e-03,6.937894e-02,1.135094e-02,1.395535e-02,2.686762e-02,2.057708e-02,3.275242e-03,1.187610e-01
2.888233e-01,3.308092e-02,1.774773e-02,2.047914e-01,3.916802e-03,9.679371e-03,2.280934e-03,7.257414e-03,1.982944e-01,1.095581e-02,1.738373e-02,1.949693e-02,1.895077e-02,2.934175e-03,1.644063e-01
2.130053e-01,3.479015e-02,1.267155e-02,1.500672e-01,2.781798e-03,6.944744e-03,1.627158e-03,5.183347e-03,3.742466e-01,1.303448e-02,1.302047e-02,1.389945e-02,1.495971e-02,2.379841e-03,1.413883e-01
1.514525e-01,3.018043e-02,1.042799e-02,1.302794e-01,1.970553e-03,4.959441e-03,1.150026e-03,3.703445e-03,4.881820e-01,1.641053e-02,9.622807e-03,9.799827e-03,1.086337e-02,1.945217e-03,1.290525e-01
1.098723e-01,2.750438e-02,4.362183e-02,1.169867e-01,1.427486e-03,3.829930e-03,8.309275e-04,2.771117e-03,3.939925e-01,3.772007e-02,7.167937e-03,7.041222e-03,8.238281e-03,1.704755e-03,2.372907e-01
1.331453e-01,2.291896e-02,3.982083e-02,1.185688e-01,1.626831e-03,5.671164e-03,9.824792e-04,2.678008e-03,3.340545e-01,2.914296e-02,1.629695e-02,7.268183e-03,2.454683e-02,7.956538e-03,2.553217e-01
1.694619e-01,1.892741e-02,2.922069e-02,1.014339e-01,1.953293e-03,6.409393e-03,2.286635e-03,4.782450e-03,2.581820e-01,2.194222e-02,5.878563e-02,1.098598e-02,1.051667e-01,8.638973e-03,2.018228e-01
1.473621e-01,1.511931e-02,2.182059e-02,8.100062e-02,1.986107e-03,6.364985e-03,1.854954e-03,5.108216e-03,2.326783e-01,1.673172e-02,5.565399e-02,1.912961e-02,2.211852e-01,1.728829e-02,1.567160e-01
1.129587e-01,1.826070e-02,1.659841e-02,6.323726e-02,1.902918e-03,7.352225e-03,1.502355e-03,4.290544e-03,3.333138e-01,1.249791e-02,4.796132e-02,2.451717e-02,2.248515e-01,1.332587e-02,1.174293e-01
8.083235e-02,8.340352e-02,2.119005e-02,7.487768e-02,1.707352e-03,5.407133e-03,1.096590e-03,3.090363e-03,4.033836e-01,1.016426e-02,3.395273e-02,1.769389e-02,1.591468e-01,9.683098e-03,9.437049e-02
6.336942e-02,6.127763e-02,1.604591e-02,6.504988e-02,2.047535e-03,6.220190e-03,1.070697e-03,2.850427e-03,4.367289e-01,7.605265e-03,2.900693e-02,3.174734e-02,1.922728e-01,1.111319e-02,7.359385e-02
5.153180e-02,4.320098e-02,1.175708e-02,4.981268e-02,5.002334e-03,6.416406e-03,1.802726e-03,2.576849e-03,3.226615e-01,5.521203e-03,2.536755e-02,3.046224e-02,3.801098e-01,9.417819e-03,5.435899e-02
9.919305e-02,3.407684e-02,1.466194e-02,5.419623e-02,2.136428e-02,7.708660e-03,2.585746e-03,5.980311e-03,2.499044e-01,5.240601e-03,2.586013e-02,3.510648e-02,3.621653e-01,2.680308e-02,5.515293e-02
7.395080e-02,2.420047e-02,1.097998e-02,4.193322e-02,2.241779e-02,6.850937e-03,2.870720e-03,4.643610e-03,1.869272e-01,3.971451e-03,3.184632e-02,3.619970e-02,4.924622e-01,2.027048e-02,4.047522e-02
5.917758e-02,1.791161e-02,8.691737e-03,3.019964e-02,4.097625e-02,5.758999e-03,3.473350e-03,3.573084e-03,1.489865e-01,3.337359e-03,2.527556e-02,3.831037e-02,5.653647e-01,1.487977e-02,3.408342e-02
6.110419e-02,1.304219e-02,1.194337e-02,2.189127e-02,3.977156e-02,1.106625e-02,5.568760e-03,1.996546e-02,1.083631e-01,2.735854e-03,2.102693e-02,3.292333e-02,6.067160e-01,1.077586e-02,3.310585e-02
6.266688e-02,1.020430e-02,1.570120e-02,1.792253e-02,3.556100e-02,5.035408e-02,9.066694e-03,2.150693e-02,8.825946e-02,4.735222e-03,1.951341e-02,3.712764e-02,5.878344e-01,8.131378e-03,3.141487e-02
7.049006e-02,7.499832e-03,1.171111e-02,1.339170e-02,2.641987e-02,5.065457e-02,7.555475e-03,1.643117e-02,7.385777e-02,5.680001e-03,2.207154e-02,4.861513e-02,6.080308e-01,6.594649e-03,3.099630e-02
5.700508e-02,5.560707e-03,9.115158e-03,1.063915e-02,4.430587e-02,3.603669e-02,9.549569e-03,2.105791e-02,8.319184e-02,5.435265e-03,2.911854e-02,5.042209e-02,5.923978e-01,4.985162e-03,4.117914e-02
4.188764e-02,3.977067e-03,1.508126e-02,8.058188e-03,3.427069e-02,2.534711e-02,7.234281e-03,2.475670e-01,6.083480e-02,4.003582e-03,2.774268e-02,4.054280e-02,4.497958e-01,3.543003e-03,3.011405e-02
6.425928e-02,3.715030e-03,2.338663e-02,3.029041e-02,5.531929e-02,2.704745e-02,6.892119e-03,3.088685e-01,7.061175e-02,3.564556e-03,2.245512e-02,3.644964e-02,3.228616e-01,2.527205e-03,2.175139e-02
6.419621e-02,2.948073e-03,2.788085e-02,3.235280e-02,4.300096e-02,2.323774e-02,5.051859e-03,4.274696e-01,5.545196e-02,2.770876e-03,2.048019e-02,4.016458e-02,2.375992e-01,1.798922e-03,1.559611e-02
8.949526e-02,5.500806e-03,3.317052e-02,4.259444e-02,4.583041e-02,2.356811e-02,4.950438e-03,4.613696e-01,5.409165e-02,2.289624e-03,1.948455e-02,3.233363e-02,1.722784e-01,1.462808e-03,1.157975e-02
8.551653e-02,5.506448e-03,3.154258e-02,8.540991e-02,4.594882e-02,2.051906e-02,4.292253e-03,4.821138e-01,4.843079e-02,2.024472e-03,2.042453e-02,2.769510e-02,1.305812e-01,1.177445e-03,8.817000e-03
8.835774e-02,1.220393e-02,4.641780e-02,1.252109e-01,5.769150e-02,1.658480e-02,5.476723e-03,4.087942e-01,7.681991e-02,3.607059e-03,2.667685e-02,2.358453e-02,9.608501e-02,1.284295e-03,1.120488e-02
6.745467e-02,1.077868e-02,4.797373e-02,3.120222e-01,5.799443e-02,1.231065e-02,4.699146e-03,3.076319e-01,5.962809e-02,3.273991e-03,2.130224e-02,1.716432e-02,6.830601e-02,1.092829e-03,8.367207e-03
7.311817e-02,1.298250e-02,4.341592e-02,3.456645e-01,7.814381e-02,1.200561e-02,5.659801e-03,2.661145e-01,6.261111e-02,4.326062e-03,2.345892e-02,1.357748e-02,4.902268e-02,1.249442e-03,8.649509e-03
5.970637e-02,1.191821e-02,4.805040e-02,4.631697e-01,7.469282e-02,1.019994e-02,6.558295e-03,1.951967e-01,5.387513e-02,4.791959e-03,1.917340e-02,9.962048e-03,3.485011e-02,9.288215e-04,6.926082e-03
9.440771e-02,1.330353e-02,5.815229e-02,4.137858e-01,9.485912e-02,1.115280e-02,9.460516e-03,1.692176e-01,6.875092e-02,6.134739e-03,1.735847e-02,8.643646e-03,2.552898e-02,8.303389e-04,8.413492e-03
8.247353e-02,1.139223e-02,4.854643e-02,3.029455e-01,9.806476e-02,1.082460e-02,1.057833e-02,3.166345e-01,6.527476e-02,5.773979e-03,1.488981e-02,6.608897e-03,1.881597e-02,7.414501e-04,6.435193e-03
7.144922e-02,9.031770e-03,3.515718e-02,2.129455e-01,8.663820e-02,9.172667e-03,9.471943e-03,4.725387e-01,5.538062e-02,4.143069e-03,1.064797e-02,4.814807e-03,1.338183e-02,6.114886e-04,4.615015e-03
6.634149e-02,6.882809e-03,2.517511e-02,1.496188e-01,7.328221e-02,7.543284e-03,7.627389e-03,5.936042e-01,4.231523e-02,2.953331e-03,7.698635e-03,3.555377e-03,9.590040e-03,4.657274e-04,3.346276e-03
7.164319e-02,5.880705e-03,1.857296e-02,1.052877e-01,5.996737e-02,7.333341e-03,1.146602e-02,6.651185e-01,3.329938e-02,2.163732e-03,5.672863e-03,2.876850e-03,7.666465e-03,4.227400e-04,2.628270e-03
6.826062e-02,5.035422e-03,1.369218e-02,7.417022e-02,4.853201e-02,7.573109e-03,1.427870e-02,7.265378e-01,2.503260e-02,1.587837e-03,4.140482e-03,2.321464e-03,6.268078e-03,3.585808e-04,2.210916e-03
6.516590e-02,5.544693e-03,1.002574e-02,5.333266e-02,3.910132e-02,1.020049e-02,1.965409e-02,7.590266e-01,1.906288e-02,1.212382e-03,3.255246e-03,2.852828e-03,8.248245e-03,3.059368e-04,3.011035e-03
6.643592e-02,5.856697e-03,8.054878e-03,3.940340e-02,3.046973e-02,1.087836e-02,1.879527e-02,7.777559e-01,1.637710e-02,1.269338e-03,2.888650e-03,4.568839e-03,1.253107e-02,4.350010e-04,4.279875e-03
1.281710e-01,7.530360e-03,7.759091e-03,3.071955e-02,2.487193e-02,1.442801e-02,2.321897e-02,7.054344e-01,1.715392e-02,1.898961e-03,4.303637e-03,1.221390e-02,1.314670e-02,1.238034e-03,7.911598e-03
1.773950e-01,1.635174e-02,1.041957e-02,3.910474e-02,2.144978e-02,2.074185e-02,2.094824e-02,5.012357e-01,2.745442e-02,3.349888e-02,1.575658e-02,5.807864e-02,3.036583e-02,2.410579e-03,2.478848e-02
2.615966e-01,2.016836e-02,9.386936e-03,4.285435e-02,1.731654e-02,2.529065e-02,1.636774e-02,3.546062e-01,3.221687e-02,3.449865e-02,2.214405e-02,6.143527e-02,5.423123e-02,3.157838e-03,4.472875e-02
2.865174e-01,2.296987e-02,1.417076e-02,4.689442e-02,1.339217e-02,2.249448e-02,1.268875e-02,2.532292e-01,4.226162e-02,3.823357e-02,2.475947e-02,5.566546e-02,9.019227e-02,4.176324e-03,7.235429e-02
2.920046e-01,2.063810e-02,1.862649e-02,5.191199e-02,1.110942e-02,3.044354e-02,1.001571e-02,1.786240e-01,5.549308e-02,3.259357e-02,3.464979e-02,6.446883e-02,1.296721e-01,6.753763e-03,6.299499e-02
3.153778e-01,2.309346e-02,1.518963e-02,4.336615e-02,1.048305e-02,3.316341e-02,9.740490e-03,1.271964e-01,1.065404e-01,2.490432e-02,3.388697e-02,6.796296e-02,1.311822e-01,6.311979e-03,5.160085e-02
3.233246e-01,2.469568e-02,1.364948e-02,3.541984e-02,9.085866e-03,4.580985e-02,8.260081e-03,9.240939e-02,1.084606e-01,1.933040e-02,3.362383e-02,9.340385e-02,1.411064e-01,9.322613e-03,4.209756e-02
2.956582e-01,2.259246e-02,1.066400e-02,2.682975e-02,7.657488e-03,5.097673e-02,8.352634e-03,6.731266e-02,1.066849e-01,1.549225e-02,3.057296e-02,1.166780e-01,1.997583e-01,8.098048e-03,3.267165e-02
2.555479e-01,2.989316e-02,8.919261e-03,1.997248e-02,7.466793e-03,4.906426e-02,8.190402e-03,5.050440e-02,1.238288e-01,1.246477e-02,2.768406e-02,1.120319e-01,2.603856e-01,6.481268e-03,2.756499e-02
2.027943e-01,3.700272e-02,9.156585e-03,1.528002e-02,8.147062e-03,4.661452e-02,7.686366e-03,3.880711e-02,1.368160e-01,1.027098e-02,2.246643e-02,1.087759e-01,3.263895e-01,4.936755e-03,2.485582e-02
1.631607e-01,3.002457e-02,1.316071e-02,1.258721e-02,1.087388e-02,4.098313e-02,1.366545e-02,7.314162e-02,1.195316e-01,9.186417e-03,1.838386e-02,9.645489e-02,3.738501e-01,3.848092e-03,2.114777e-02
1.357567e-01,2.868461e-02,1.494687e-02,1.176335e-02,1.242498e-02,4.632544e-02,1.058798e-02,5.339198e-02,1.099771e-01,7.597167e-03,1.818113e-02,7.940511e-02,4.485235e-01,3.297498e-03,1.913659e-02
1.137989e-01,2.337533e-02,3.268180e-02,1.926995e-02,1.664108e-02,4.568366e-02,1.078627e-02,5.481740e-02,8.909571e-02,7.160654e-03,1.507090e-02,6.314214e-02,4.828209e-01,2.870871e-03,2.278443e-02
8.842035e-02,4.875284e-02,3.375293e-02,2.322508e-02,2.071016e-02,7.572345e-02,9.815728e-03,4.174460e-02,1.445152e-01,5.936773e-03,1.384415e-02,5.275086e-02,4.175192e-01,2.252892e-03,2.103572e-02
6.854735e-02,5.530106e-02,1.049969e-01,6.361726e-02,2.596063e-02,7.610241e-02,7.707514e-03,3.332192e-02,1.469797e-01,7.583394e-03,1.101995e-02,4.015170e-02,3.390975e-01,1.749437e-03,1.786328e-02
5.422855e-02,5.614304e-02,8.419049e-02,4.721256e-02,2.716223e-02,1.992581e-01,7.347662e-03,2.497153e-02,1.681320e-01,5.568111e-03,8.347922e-03,2.889785e-02,2.728759e-01,1.410880e-03,1.425310e-02
4.600910e-02,4.682237e-02,6.521791e-02,4.810224e-02,6.353109e-02,2.124578e-01,1.570187e-02,6.686680e-02,1.910120e-01,3.963912e-03,6.103911e-03,2.034010e-02,2.025349e-01,1.020111e-03,1.031595e-02
5.420789e-02,4.356588e-02,5.001853e-02,6.054297e-02,7.298741e-02,2.440569e-01,1.751897e-02,5.442471e-02,1.975630e-01,3.072617e-03,4.842941e-03,1.452953e-02,1.713393e-01,8.745492e-04,1.045483e-02
4.232251e-02,6.574473e-02,4.789257e-02,1.866513e-01,7.909772e-02,1.975078e-01,1.350535e-02,4.215743e-02,1.679525e-01,4.328926e-03,5.388875e-03,1.060640e-02,1.223891e-01,6.517606e-04,1.380305e-02
5.519060e-02,7.191493e-02,3.588603e-02,1.435946e-01,8.236548e-02,2.553661e-01,1.087679e-02,3.671729e-02,1.732457e-01,3.477033e-03,4.163987e-03,8.249985e-03,1.058876e-01,5.540157e-04,1.250991e-02
5.841239e-02,6.763437e-02,4.038218e-02,1.981450e-01,9.818416e-02,2.062162e-01,1.632985e-02,7.234532e-02,1.347219e-01,3.547179e-03,3.609491e-03,7.178272e-03,7.968013e-02,4.869241e-04,1.312663e-02
8.247504e-02,7.460611e-02,3.383378e-02,1.841044e-01,9.635486e-02,1.795835e-01,1.525968e-02,5.425067e-02,1.756977e-01,2.722031e-03,3.136086e-03,7.223467e-03,7.349329e-02,5.270941e-04,1.673228e-02
9.277761e-02,8.709647e-02,3.221279e-02,1.586004e-01,1.019316e-01,1.853606e-01,1.893272e-02,4.311477e-02,1.734917e-01,2.330504e-03,2.548025e-03,6.134274e-03,7.805405e-02,5.588175e-04,1.685568e-02
8.462660e-02,1.143620e-01,4.161020e-02,2.451097e-01,8.725171e-02,1.349964e-01,1.663661e-02,3.259360e-02,1.300579e-01,3.954872e-03,2.250507e-03,5.933558e-03,5.857795e-02,5.576838e-04,4.148066e-02
7.197119e-02,8.946577e-02,3.253299e-02,1.871393e-01,7.556107e-02,3.274420e-01,1.333163e-02,2.577331e-02,9.164453e-02,3.098333e-03,2.258792e-03,4.667273e-03,4.385206e-02,4.505710e-04,3.081110e-02
5.219465e-02,6.279608e-02,2.280247e-02,1.316890e-01,5.492902e-02,5.230187e-01,9.578252e-03,1.866764e-02,6.418776e-02,2.220159e-03,1.795527e-03,3.335694e-03,3.078483e-02,3.401670e-04,2.166017e-02
4.396275e-02,4.514445e-02,1.627297e-02,9.245628e-02,3.898945e-02,6.500371e-01,6.999822e-03,1.372998e-02,4.506106e-02,3.775595e-03,1.736095e-03,2.481982e-03,2.266094e-02,1.002395e-03,1.568914e-02
3.601416e-02,3.184837e-02,1.162304e-02,6.506418e-02,2.778190e-02,6.982243e-01,5.027969e-03,1.056362e-02,3.180360e-02,4.637201e-02,2.470238e-03,1.811801e-03,1.602577e-02,1.469581e-03,1.389948e-02
2.929867e-02,2.302539e-02,8.387974e-03,4.633009e-02,2.019901e-02,6.570222e-01,3.760780e-03,7.922818e-03,2.691117e-02,1.287458e-01,8.257020e-03,1.534988e-03,1.144327e-02,3.495570e-03,2.366528e-02
2.065181e-02,1.655670e-02,5.888574e-03,3.260502e-02,1.449736e-02,6.408976e-01,2.738267e-03,5.878679e-03,2.782267e-02,9.409110e-02,2.285092e-02,1.388501e-03,8.183694e-03,8.433803e-02,2.161107e-02
1.481111e-02,1.176638e-02,4.126685e-03,2.289043e-02,1.053643e-02,5.476655e-01,2.026344e-03,4.524162e-03,2.257609e-02,7.256990e-02,9.083721e-02,1.107701e-03,5.799869e-03,1.728863e-01,1.587591e-02
1.339703e-02,8.376388e-03,2.913273e-03,1.611051e-02,7.541130e-03,3.872624e-01,1.621898e-03,3.598638e-03,1.975567e-02,5.244490e-02,1.479299e-01,1.647161e-03,4.242063e-03,3.217205e-01,1.143854e-02
9.898345e-03,5.984855e-03,2.041826e-03,1.128701e-02,5.307468e-03,2.741289e-01,1.155250e-03,2.615458e-03,1.582994e-02,3.774344e-02,1.900471e-01,1.996794e-03,3.029327e-03,4.307739e-01,8.160344e-03
9.193696e-03,4.227051e-03,1.433116e-03,7.916451e-03,3.740222e-03,1.926144e-01,8.449503e-04,1.948236e-03,1.488221e-02,2.791623e-02,2.737258e-01,2.213262e-03,2.304481e-03,4.508626e-01,6.177144e-03
7.064886e-03,3.227192e-03,1.025068e-03,5.555721e-03,2.673086e-03,1.371567e-01,6.072402e-04,1.484938e-03,2.569843e-02,2.070592e-02,2.894612e-01,3.373619e-03,2.441276e-03,4.942807e-01,5.244067e-03
5.488656e-03,2.347155e-03,7.368436e-04,3.904440e-03,1.921595e-03,9.787805e-02,4.404147e-04,1.090791e-03,3.107371e-02,1.606417e-02,2.545359e-01,3.586477e-03,2.008084e-03,5.748653e-01,4.058448e-03
3.886954e-03,2.072953e-03,5.968601e-04,2.741325e-03,1.381933e-03,6.982337e-02,3.180743e-04,7.710425e-04,4.711825e-02,1.330885e-02,2.223305e-01,2.812651e-03,1.628261e-03,6.280904e-01,3.118573e-03
2.743430e-03,1.909091e-03,4.378365e-04,1.927304e-03,9.847176e-04,5.057500e-02,2.256269e-04,5.423992e-04,8.226666e-02,1.176352e-02,1.795046e-01,2.439631e-03,1.735032e-03,6.605833e-01,2.361898e-03
1.960536e-03,6.244117e-03,5.044647e-04,1.366948e-03,7.800091e-04,5.155838e-02,1.717648e-04,3.975437e-04,1.411877e-01,9.808750e-03,1.521968e-01,2.390139e-03,2.225638e-03,6.273514e-01,1.855832e-03
1.398037e-03,5.166037e-03,4.434967e-04,9.899571e-04,8.604370e-04,3.751799e-02,1.217884e-04,3.314460e-04,3.658557e-01,8.265501e-03,1.100440e-01,1.691430e-03,1.613668e-03,4.639630e-01,1.737550e-03
1.012630e-03,4.512100e-03,5.233390e-04,7.509149e-04,8.483048e-04,2.929991e-02,8.893655e-05,3.003436e-04,4.936926e-01,7.057479e-03,8.362825e-02,1.241756e-03,1.233585e-03,3.742872e-01,1.522691e-03
7.722434e-04,3.596001e-03,5.372143e-04,6.094181e-04,7.734770e-04,2.199845e-02,6.461915e-05,2.466273e-04,6.141854e-01,5.610441e-03,6.023169e-02,8.824537e-04,8.769975e-04,2.882946e-01,1.320338e-03
6.500591e-04,3.313484e-03,6.593700e-04,8.745807e-04,1.102228e-03,2.514219e-02,5.033347e-05,3.992284e-04,6.918125e-01,4.619534e-03,4.358999e-02,6.291564e-04,7.334474e-04,2.252643e-01,1.159539e-03
7.445065e-04,3.833394e-03,1.524279e-03,1.586564e-02,2.639239e-03,2.025377e-02,6.318559e-05,3.450701e-03,7.468070e-01,5.369652e-03,3.136503e-02,4.667366e-04,6.918945e-04,1.652896e-01,1.635406e-03
1.949637e-03,3.798330e-03,4.397193e-03,1.341090e-02,2.419152e-03,2.791810e-02,1.261586e-04,5.854082e-03,7.688655e-01,5.165741e-03,2.296004e-02,3.394666e-04,5.147211e-04,1.402000e-01,2.081008e-03
4.191219e-03,6.673803e-03,7.454213e-03,2.428705e-02,3.565424e-03,3.950183e-02,1.971749e-04,6.367138e-03,7.646614e-01,5.694550e-03,1.701477e-02,2.789499e-04,5.744540e-04,1.153267e-01,4.211243e-03
9.689905e-03,9.861916e-03,7.416251e-03,4.337770e-02,7.654600e-03,4.440367e-02,2.200812e-04,1.149736e-02,7.281148e-01,6.042788e-03,1.641852e-02,3.189722e-04,1.486343e-03,1.089755e-01,4.521534e-03
1.309700e-02,1.517031e-02,6.876604e-03,3.983733e-02,1.093840e-02,6.155641e-02,2.230562e-04,2.917827e-02,6.943927e-01,6.294980e-03,1.418845e-02,3.212987e-04,1.670301e-03,1.009404e-01,5.314476e-03
2.003735e-02,1.661824e-02,6.650573e-03,7.094027e-02,1.293042e-02,5.446106e-02,2.546791e-04,2.655789e-02,6.777304e-01,6.593318e-03,1.304105e-02,4.809779e-04,1.807078e-03,8.018874e-02,1.170793e-02
2.734137e-02,1.482733e-02,1.737833e-02,6.196102e-02,1.216675e-02,4.960715e-02,2.915271e-04,3.994573e-02,6.793735e-01,5.679032e-03,1.205897e-02,7.534942e-04,1.710464e-03,6.289142e-02,1.401393e-02
2.476227e-02,2.231604e-02,1.601728e-02,5.859935e-02,1.155746e-02,3.914537e-02,2.372937e-04,3.074321e-02,6.856650e-01,5.233253e-03,2.810893e-02,1.342307e-03,2.565388e-03,5.058056e-02,2.312631e-02
2.123694e-02,1.733356e-02,1.165649e-02,4.354815e-02,8.979836e-03,2.924161e-02,1.839390e-04,2.214012e-02,5.834591e-01,5.661366e-03,1.723813e-01,4.466369e-03,5.980578e-03,5.087250e-02,2.285817e-02
2.012420e-02,1.607263e-02,1.136467e-02,4.166870e-02,8.075026e-03,2.346745e-02,2.645491e-04,1.706788e-02,4.577310e-01,7.383283e-03,2.787470e-01,8.284432e-03,1.329418e-02,6.088490e-02,3.557010e-02
2.321238e-02,1.969333e-02,3.305062e-02,3.638373e-02,7.871679e-03,1.867910e-02,1.034878e-03,1.764943e-02,3.522542e-01,1.047997e-02,2.502318e-01,9.629527e-03,1.679929e-02,1.744543e-01,2.857579e-02
2.460337e-02,2.200240e-02,4.535264e-02,2.919422e-02,7.264483e-03,1.711627e-02,1.004597e-03,1.633877e-02,2.647157e-01,2.074853e-02,2.403184e-01,9.315915e-03,1.581277e-02,2.547356e-01,3.147637e-02
2.256943e-02,2.199109e-02,7.720692e-02,3.027963e-02,7.012670e-03,1.623460e-02,1.363338e-03,3.712396e-02,2.184960e-01,2.121252e-02,2.183501e-01,1.072633e-02,2.027674e-02,2.538411e-01,4.331558e-02
2.111875e-02,2.144358e-02,2.223433e-01,5.828106e-02,8.698266e-03,1.434338e-02,1.226946e-03,3.105869e-02,1.737206e-01,2.029363e-02,1.667798e-01,9.308877e-03,1.855212e-02,1.976529e-01,3.517807e-02
3.075275e-02,3.055112e-02,2.425661e-01,5.388578e-02,8.909386e-03,1.250293e-02,1.073743e-03,2.948518e-02,1.526713e-01,2.467937e-02,1.439871e-01,8.801272e-03,1.559914e-02,2.085429e-01,3.599194e-02
4.224139e-02,4.944996e-02,2.605305e-01,4.857350e-02,9.846933e-03,1.104586e-02,1.037797e-03,2.700853e-02,1.585104e-01,4.167662e-02,1.148931e-01,8.725786e-03,1.329784e-02,1.757721e-01,3.738979e-02
5.227704e-02,1.242408e-01,1.904162e-01,4.142558e-02,1.187293e-02,1.613434e-02,8.767783e-04,2.271260e-02,2.024849e-01,4.055162e-02,8.521611e-02,6.820779e-03,1.302783e-02,1.393624e-01,5.258009e-02
4.219335e-02,1.230384e-01,1.352821e-01,5.045877e-02,1.205233e-02,2.205206e-02,7.086291e-04,2.142061e-02,3.317270e-01,3.121128e-02,6.154110e-02,5.134508e-03,1.229167e-02,1.027973e-01,4.809089e-02
3.146177e-02,2.041805e-01,9.581476e-02,4.786664e-02,1.389411e-02,3.426870e-02,5.346567e-04,1.747220e-02,3.562595e-01,2.420975e-02,4.606190e-02,4.011181e-03,1.056617e-02,7.345977e-02,3.993841e-02
2.377763e-02,2.917408e-01,6.867131e-02,3.848689e-02,1.600943e-02,3.467694e-02,4.517094e-04,1.840049e-02,3.541329e-01,1.814556e-02,3.427732e-02,3.156943e-03,1.017143e-02,5.351248e-02,3.438821e-02
2.219403e-02,3.367628e-01,4.857570e-02,2.767996e-02,2.015646e-02,3.962254e-02,3.860100e-04,2.253813e-02,3.625758e-01,1.285393e-02,2.568445e-02,2.328640e-03,1.080694e-02,4.024527e-02,2.758927e-02
1.783836e-02,3.835360e-01,4.507618e-02,5.484954e-02,1.629013e-02,3.463738e-02,3.035842e-04,4.117527e-02,3.123292e-01,1.008520e-02,1.931662e-02,1.817594e-03,8.407503e-03,2.884689e-02,2.549042e-02
2.112266e-02,4.176638e-01,3.329096e-02,4.196621e-02,1.636523e-02,3.745419e-02,2.970373e-04,8.547823e-02,2.735058e-01,7.296007e-03,1.415745e-02,1.350415e-03,6.908521e-03,2.090215e-02,2.224131e-02
2.030845e-02,3.067370e-01,3.094908e-02,1.090247e-01,1.745997e-02,2.801238e-02,2.487627e-04,2.173103e-01,2.170867e-01,5.328631e-03,1.008742e-02,1.006317e-03,4.929009e-03,1.466920e-02,1.684196e-02
3.341182e-02,2.775332e-01,3.012856e-02,1.155754e-01,2.463453e-02,4.282723e-02,2.481728e-04,2.185074e-01,2.080633e-01,4.393513e-03,7.894813e-03,9.810532e-04,3.701490e-03,1.060062e-02,2.149890e-02
3.877175e-02,2.119476e-01,2.513677e-02,1.484726e-01,2.764526e-02,3.268411e-02,2.209415e-04,2.634169e-01,2.032008e-01,5.123429e-03,7.713558e-03,2.449594e-03,3.359908e-03,7.717656e-03,2.213907e-02
4.893004e-02,1.545523e-01,3.174072e-02,2.255817e-01,2.271883e-02,2.572793e-02,1.949925e-04,2.255668e-01,1.888601e-01,7.900415e-03,1.186118e-02,1.118902e-02,5.071073e-03,6.428522e-03,3.367640e-02
7.163988e-02,1.275785e-01,2.578775e-02,2.086294e-01,3.133180e-02,2.601661e-02,4.064616e-04,1.803741e-01,2.139453e-01,1.248536e-02,3.137863e-02,1.839179e-02,9.830005e-03,4.872753e-03,3.733161e-02
5.900422e-02,1.043327e-01,3.675922e-02,2.494972e-01,2.583400e-02,2.021580e-02,3.710034e-04,1.379535e-01,2.234296e-01,2.029599e-02,2.806074e-02,1.611301e-02,8.785122e-03,4.173428e-03,6.517448e-02
9.644257e-02,1.056920e-01,3.220768e-02,2.121482e-01,2.105832e-02,2.015337e-02,4.639247e-04,1.221907e-01,2.172357e-01,2.636720e-02,3.128786e-02,1.740848e-02,1.048482e-02,5.349175e-03,8.150995e-02
7.856007e-02,1.052664e-01,3.105833e-02,1.831313e-01,1.708528e-02,2.194057e-02,4.334161e-04,8.743116e-02,2.271824e-01,2.589498e-02,3.731965e-02,2.404306e-02,9.215711e-03,1.451660e-02,1.369211e-01
6.406039e-02,7.975680e-02,2.686522e-02,1.798811e-01,1.287019e-02,2.224177e-02,4.835588e-04,6.173431e-02,1.851543e-01,2.310058e-02,1.506126e-01,5.371267e-02,1.604369e-02,1.602819e-02,1.074546e-01
5.843414e-02,6.176092e-02,3.253826e-02,1.764667e-01,1.166716e-02,2.594163e-02,8.504363e-04,4.379418e-02,1.555909e-01,2.135178e-02,1.715255e-01,7.990512e-02,1.642182e-02,2.298223e-02,1.207692e-01
6.336296e-02,4.670322e-02,2.536589e-02,1.554011e-01,1.018079e-02,2.337189e-02,9.386515e-04,3.175231e-02,1.190978e-01,1.934244e-02,2.425953e-01,1.143210e-01,1.722881e-02,3.537890e-02,9.495900e-02
1.004708e-01,3.638276e-02,1.986233e-02,1.161899e-01,1.028660e-02,3.078893e-02,1.041792e-03,2.314824e-02,8.673811e-02,1.781186e-02,2.424523e-01,1.804290e-01,2.089120e-02,4.242361e-02,7.108274e-02
1.256393e-01,2.670738e-02,1.567054e-02,8.591294e-02,1.040783e-02,2.293106e-02,1.081417e-03,1.824073e-02,6.509256e-02,1.740209e-02,2.428264e-01,2.197276e-01,2.254974e-02,7.363363e-02,5.217686e-02
9.758430e-02,2.034670e-02,1.357371e-02,6.169843e-02,1.435006e-02,1.758815e-02,1.834580e-03,1.620075e-02,4.722932e-02,1.490274e-02,3.766592e-01,1.903749e-01,1.856422e-02,7.018937e-02,3.890363e-02
8.799118e-02,1.714542e-02,1.419687e-02,4.533446e-02,1.485310e-02,2.234952e-02,2.433981e-03,2.252441e-02,3.608524e-02,1.254549e-02,4.047678e-01,1.886226e-01,1.555779e-02,8.727176e-02,2.832044e-02
7.851014e-02,1.463113e-02,1.241415e-02,3.205600e-02,1.151559e-02,3.562937e-02,2.430024e-03,2.271776e-02,2.819259e-02,1.157029e-02,4.415323e-01,1.596682e-01,1.404622e-02,1.140891e-01,2.099731e-02
6.174480e-02,1.137768e-02,1.128883e-02,2.261632e-02,9.017917e-03,3.882294e-02,1.958721e-03,1.853186e-02,2.158560e-02,1.063178e-02,5.135725e-01,1.409233e-01,1.092202e-02,1.116818e-01,1.532398e-02
7.624047e-02,9.404607e-03,6.420578e-02,1.933254e-02,3.098243e-02,3.212429e-02,2.876246e-03,4.029145e-02,1.723282e-02,8.758217e-03,4.869084e-01,1.084489e-01,9.505113e-03,8.275211e-02,1.093670e-02
6.911765e-02,8.106820e-03,4.817783e-02,1.436657e-02,2.588306e-02,2.482667e-02,2.567461e-03,3.030858e-02,1.311170e-02,7.309401e-03,5.866310e-01,8.420325e-02,7.899859e-03,6.967456e-02,7.815617e-03
6.549797e-02,8.449083e-03,3.932259e-02,1.076952e-02,1.931274e-02,1.990717e-02,2.160143e-03,2.277546e-02,1.189787e-02,7.984870e-03,6.379221e-01,7.468211e-02,7.168764e-03,6.625423e-02,5.895438e-03
6.226084e-02,8.335085e-03,3.592730e-02,8.475959e-03,1.447749e-02,2.050147e-02,1.782902e-03,2.061290e-02,1.081653e-02,9.801745e-03,6.518278e-01,5.783365e-02,5.899237e-03,8.686688e-02,4.580257e-03
5.582380e-02,1.045299e-02,3.081630e-02,6.783341e-03,1.102151e-02,1.855067e-02,1.454910e-03,1.811337e-02,1.726576e-02,9.201967e-03,6.493196e-01,4.736571e-02,4.614245e-03,1.155111e-01,3.704798e-03
5.095346e-02,1.203496e-02,2.395772e-02,5.081543e-03,8.272009e-03,1.852322e-02,1.187297e-03,1.470924e-02,1.924916e-02,7.833200e-03,6.450961e-01,4.446735e-02,3.913940e-03,1.416378e-01,3.083000e-03
5.245247e-02,1.314173e-02,9.620668e-02,1.108317e-02,8.928264e-03,1.889551e-02,1.757826e-03,5.904682e-02,4.100643e-02,7.750479e-03,5.188422e-01,3.609588e-02,3.597847e-03,1.284685e-01,2.726288e-03
4.719666e-02,1.825392e-02,9.378616e-02,1.060400e-02,8.457864e-03,2.397940e-02,1.424993e-03,5.171392e-02,5.831680e-02,9.743336e-03,5.150998e-01,3.313354e-02,3.107263e-03,1.224001e-01,2.782264e-03
4.132664e-02,1.938784e-02,6.841163e-02,7.994982e-03,6.566087e-03,2.613510e-02,1.042737e-03,3.999928e-02,8.539286e-02,8.041855e-03,5.041125e-01,2.588104e-02,2.422345e-03,1.608309e-01,2.454182e-03
3.840540e-02,2.364323e-02,5.161884e-02,6.564255e-03,6.189215e-03,3.127812e-02,7.921517e-04,3.208661e-02,1.153270e-01,8.251519e-03,4.703970e-01,2.074063e-02,1.953185e-03,1.899321e-01,2.820807e-03
3.740038e-02,2.942226e-02,7.461514e-02,1.228867e-02,1.056963e-02,4.402954e-02,7.813690e-04,3.861481e-02,1.827848e-01,1.079472e-02,3.586015e-01,1.536648e-02,1.640687e-03,1.790564e-01,4.033606e-03
3.325768e-02,2.601700e-02,5.569317e-02,9.261417e-03,8.436097e-03,1.291918e-01,5.802968e-04,2.818785e-02,2.240527e-01,8.903112e-03,2.690701e-01,1.090439e-02,1.253819e-03,1.916053e-01,3.585268e-03
2.850224e-02,2.344489e-02,4.601500e-02,9.103504e-03,7.204314e-03,2.124217e-01,4.788155e-04,2.377107e-02,2.386091e-01,8.855067e-03,1.970746e-01,7.718184e-03,9.576738e-04,1.927937e-01,3.050237e-03
2.454297e-02,1.855529e-02,3.395209e-02,7.397012e-03,5.478987e-03,2.699358e-01,3.637241e-04,1.687564e-02,2.313665e-01,1.165156e-02,1.517859e-01,5.556432e-03,7.513774e-04,2.185704e-01,3.216333e-03
2.306149e-02,1.516873e-02,2.447514e-02,5.718360e-03,4.270877e-03,2.616617e-01,2.805812e-04,1.199919e-02,2.513081e-01,1.643755e-02,1.210694e-01,3.999349e-03,5.798494e-04,2.568429e-01,3.126732e-03
2.673577e-02,1.147911e-02,2.173373e-02,1.846149e-02,6.349398e-03,3.275615e-01,2.486584e-04,9.796021e-03,2.265450e-01,1.531389e-02,9.260146e-02,2.927095e-03,4.482512e-04,2.369241e-01,2.874578e-03
2.766816e-02,8.574381e-03,1.774069e-02,2.210136e-02,5.506603e-03,4.601338e-01,2.081809e-04,8.088700e-03,1.789818e-01,1.367655e-02,6.730489e-02,2.261350e-03,3.636496e-04,1.839672e-01,3.422698e-03
3.130608e-02,6.482032e-03,1.375677e-02,2.089284e-02,4.788306e-03,5.366242e-01,1.780135e-04,6.629148e-03,1.532138e-01,1.167372e-02,5.167070e-02,1.910945e-03,3.100997e-04,1.574797e-01,3.083725e-03
5.801590e-02,5.633475e-03,1.847439e-02,6.789611e-02,8.436665e-03,4.484907e-01,2.538795e-04,7.258039e-03,1.812374e-01,1.091630e-02,4.601449e-02,2.063914e-03,3.896260e-04,1.400699e-01,4.849088e-03
7.121491e-02,4.862653e-03,1.549438e-02,7.383773e-02,9.372087e-03,3.704795e-01,2.679420e-04,5.669561e-03,2.393890e-01,9.964438e-03,5.474243e-02,2.171965e-03,4.280409e-04,1.377600e-01,4.345332e-03
9.444708e-02,7.721043e-03,1.933974e-02,1.127917e-01,5.799195e-02,2.893985e-01,1.529286e-03,2.130990e-02,2.274482e-01,7.820006e-03,4.913571e-02,4.308863e-03,7.924894e-04,1.021170e-01,3.848508e-03
1.351750e-01,8.215442e-03,1.819050e-02,1.568718e-01,7.415016e-02,2.572272e-01,1.719081e-03,1.837225e-02,1.959316e-01,6.078656e-03,4.368919e-02,4.441427e-03,1.053465e-03,7.474525e-02,4.138917e-03
2.031637e-01,1.458269e-02,1.921231e-02,1.565511e-01,1.045242e-01,2.062652e-01,2.236189e-03,2.710447e-02,1.581755e-01,4.499111e-03,3.539830e-02,7.270733e-03,1.400457e-03,5.492317e-02,4.692830e-03
2.827663e-01,1.679336e-02,2.293091e-02,1.712339e-01,9.758922e-02,1.642118e-01,2.712875e-03,2.171766e-02,1.356603e-01,3.434504e-03,2.665237e-02,7.006670e-03,1.830111e-03,4.014923e-02,5.310649e-03
3.826662e-01,1.848081e-02,2.413286e-02,1.530015e-01,8.177094e-02,1.284995e-01,2.703930e-03,1.679086e-02,1.153984e-01,2.726380e-03,2.167518e-02,9.551549e-03,3.143539e-03,3.083130e-02,8.626956e-03
