1.000000e+00,0.000000e+00,0.000000e+00,0.000000e+00,0.000000e+00,0.000000e+00,0.000000e+00,0.000000e+00,0.000000e+00,0.000000e+00,0.000000e+00,0.000000e+00,0.000000e+00,0.000000e+00,0.000000e+00
1.000000e+00,0.000000e+00,0.000000e+00,0.000000e+00,0.000000e+00,0.000000e+00,0.000000e+00,0.000000e+00,0.000000e+00,0.000000e+00,0.000000e+00,0.000000e+00,0.000000e+00,0.000000e+00,0.000000e+00
1.000000e+00,0.000000e+00,0.000000e+00,0.000000e+00,0.000000e+00,0.000000e+00,0.000000e+00,0.000000e+00,0.000000e+00,0.000000e+00,0.000000e+00,0.000000e+00,0.000000e+00,0.000000e+00,0.000000e+00
1.000000e+00,0.000000e+00,0.000000e+00,0.000000e+00,0.000000e+00,0.000000e+00,0.000000e+00,0.000000e+00,0.000000e+00,0.000000e+00,0.000000e+00,0.000000e+00,0.000000e+00,0.000000e+00,0.000000e+00
1.000000e+00,0.000000e+00,0.000000e+00,0.000000e+00,0.000000e+00,0.000000e+00,0.000000e+00,0.000000e+00,0.000000e+00,0.000000e+00,0.000000e+00,0.000000e+00,0.000000e+00,0.000000e+00,0.000000e+00
1.000000e+00,0.000000e+00,0.000000e+00,0.000000e+00,0.000000e+00,0.000000e+00,0.000000e+00,0.000000e+00,0.000000e+00,0.000000e+00,0.000000e+00,0.000000e+00,0.000000e+00,0.000000e+00,0.000000e+00
1.000000e+00,0.000000e+00,0.000000e+00,0.000000e+00,0.000000e+00,0.000000e+00,0.000000e+00,0.000000e+00,0.000000e+00,0.000000e+00,0.000000e+00,0.000000e+00,0.000000e+00,0.000000e+00,0.000000e+00
1.000000e+00,0.000000e+00,0.000000e+00,0.000000e+00,0.000000e+00,0.000000e+00,0.000000e+00,0.000000e+00,0.000000e+00,0.000000e+00,0.000000e+00,0.000000e+00,0.000000e+00,0.000000e+00,0.000000e+00
1.000000e+00,0.000000e+00,0.000000e+00,0.000000e+00,0.000000e+00,0.000000e+00,0.000000e+00,0.000000e+00,0.000000e+00,0.000000e+00,0.000000e+00,0.000000e+00,0.000000e+00,0.000000e+00,0.000000e+00
1.000000e+00,0.000000e+00,0.000000e+00,0.000000e+00,0.000000e+00,0.000000e+00,0.000000e+00,0.000000e+00,0.000000e+00,0.000000e+00,0.000000e+00,0.000000e+00,0.000000e+00,0.000000e+00,0.000000e+00
1.000000e+00,0.000000e+00,0.000000e+00,0.000000e+00,0.000000e+00,0.000000e+00,0.000000e+00,0.000000e+00,0.000000e+00,0.000000e+00,0.000000e+00,0.000000e+00,0.000000e+00,0.000000e+00,0.000000e+00
1.000000e+00,0.000000e+00,0.000000e+00,0.000000e+00,0.000000e+00,0.000000e+00,0.000000e+00,0.000000e+00,0.000000e+00,0.000000e+00,0.000000e+00,0.000000e+00,0.000000e+00,0.000000e+00,0.000000e+00
1.000000e+00,0.000000e+00,0.000000e+00,0.000000e+00,0.000000e+00,0.000000e+00,0.000000e+00,0.000000e+00,0.000000e+00,0.000000e+00,0.000000e+00,0.000000e+00,0.000000e+00,0.000000e+00,0.000000e+00
1.000000e+00,0.000000e+00,0.000000e+00,0.000000e+00,0.000000e+00,0.000000e+00,0.000000e+00,0.000000e+00,0.000000e+00,0.000000e+00,0.000000e+00,0.000000e+00,0.000000e+00,0.000000e+00,0.000000e+00
1.000000e+00,0.000000e+00,0.000000e+00,0.000000e+00,0.000000e+00,0.000000e+00,0.000000e+00,0.000000e+00,0.000000e+00,0.000000e+00,0.000000e+00,0.000000e+00,0.000000e+00,0.000000e+00,0.000000e+00
1.000000e+00,0.000000e+00,0.000000e+00,0.000000e+00,0.000000e+00,0.000000e+00,0.000000e+00,0.000000e+00,0.000000e+00,0.000000e+00,0.000000e+00,0.000000e+00,0.000000e+00,0.000000e+00,0.000000e+00
1.000000e+00,0.000000e+00,0.000000e+00,0.000000e+00,0.000000e+00,0.000000e+00,0.000000e+00,0.000000e+00,0.000000e+00,0.000000e+00,0.000000e+00,0.000000e+00,0.000000e+00,0.000000e+00,0.000000e+00
1.000000e+00,0.000000e+00,0.000000e+00,0.000000e+00,0.000000e+00,0.000000e+00,0.000000e+00,0.000000e+00,0.000000e+00,0.000000e+00,0.000000e+00,0.000000e+00,0.000000e+00,0.000000e+00,0.000000e+00
1.000000e+00,0.000000e+00,0.000000e+00,0.000000e+00,0.000000e+00,0.000000e+00,0.000000e+00,0.000000e+00,0.000000e+00,0.000000e+00,0.000000e+00,0.000000e+00,0.000000e+00,0.000000e+00,0.000000e+00
1.000000e+00,0.000000e+00,0.000000e+00,0.000000e+00,0.000000e+00,0.000000e+00,0.000000e+00,0.000000e+00,0.000000e+00,0.000000e+00,0.000000e+00,0.000000e+00,0.000000e+00,0.000000e+00,0.000000e+00
1.000000e+00,0.000000e+00,0.000000e+00,0.000000e+00,0.000000e+00,0.000000e+00,0.000000e+00,0.000000e+00,0.000000e+00,0.000000e+00,0.000000e+00,0.000000e+00,0.000000e+00,0.000000e+00,0.000000e+00
1.000000e+00,0.000000e+00,0.000000e+00,0.000000e+00,0.000000e+00,0.000000e+00,0.000000e+00,0.000000e+00,0.000000e+00,0.000000e+00,0.000000e+00,0.000000e+00,0.000000e+00,0.000000e+00,0.000000e+00
1.000000e+00,0.000000e+00,0.000000e+00,0.000000e+00,0.000000e+00,0.000000e+00,0.000000e+00,0.000000e+00,0.000000e+00,0.000000e+00,0.000000e+00,0.000000e+00,0.000000e+00,0.000000e+00,0.000000e+00
1.000000e+00,0.000000e+00,0.000000e+00,0.000000e+00,0.000000e+00,0.000000e+00,0.000000e+00,0.000000e+00,0.000000e+00,0.000000e+00,0.000000e+00,0.000000e+00,0.000000e+00,0.000000e+00,0.000000e+00
1.000000e+00,0.000000e+00,0.000000e+00,0.000000e+00,0.000000e+00,0.000000e+00,0.000000e+00,0.000000e+00,0.000000e+00,0.000000e+00,0.000000e+00,0.000000e+00,0.000000e+00,0.000000e+00,0.000000e+00
1.000000e+00,0.000000e+00,0.000000e+00,0.000000e+00,0.000000e+00,0.000000e+00,0.000000e+00,0.000000e+00,0.000000e+00,0.000000e+00,0.000000e+00,0.000000e+00,0.000000e+00,0.000000e+00,0.000000e+00
1.000000e+00,0.000000e+00,0.000000e+00,0.000000e+00,0.000000e+00,0.000000e+00,0.000000e+00,0.000000e+00,0.000000e+00,0.000000e+00,0.000000e+00,0.000000e+00,0.000000e+00,0.000000e+00,0.000000e+00
1.000000e+00,0.000000e+00,0.000000e+00,0.000000e+00,0.000000e+00,0.000000e+00,0.000000e+00,0.000000e+00,0.000000e+00,0.000000e+00,0.000000e+00,0.000000e+00,0.000000e+00,0.000000e+00,0.000000e+00
1.000000e+00,0.000000e+00,0.000000e+00,0.000000e+00,0.000000e+00,0.000000e+00,0.000000e+00,0.000000e+00,0.000000e+00,0.000000e+00,0.000000e+00,0.000000e+00,0.000000e+00,0.000000e+00,0.000000e+00
1.000000e+00,0.000000e+00,0.000000e+00,0.000000e+00,0.000000e+00,0.000000e+00,0.000000e+00,0.000000e+00,0.000000e+00,0.000000e+00,0.000000e+00,0.000000e+00,0.000000e+00,0.000000e+00,0.000000e+00
1.000000e+00,0.000000e+00,0.000000e+00,0.000000e+00,0.000000e+00,0.000000e+00,0.000000e+00,0.000000e+00,0.000000e+00,0.000000e+00,0.000000e+00,0.000000e+00,0.000000e+00,0.000000e+00,0.000000e+00
1.000000e+00,0.000000e+00,0.000000e+00,0.000000e+00,0.000000e+00,0.000000e+00,0.000000e+00,0.000000e+00,0.000000e+00,0.000000e+00,0.000000e+00,0.000000e+00,0.000000e+00,0.000000e+00,0.000000e+00
1.000000e+00,0.000000e+00,0.000000e+00,0.000000e+00,0.000000e+00,0.000000e+00,0.000000e+00,0.000000e+00,0.000000e+00,0.000000e+00,0.000000e+00,0.000000e+00,0.000000e+00,0.000000e+00,0.000000e+00
1.000000e+00,0.000000e+00,0.000000e+00,0.000000e+00,0.000000e+00,0.000000e+00,0.000000e+00,0.000000e+00,0.000000e+00,0.000000e+00,0.000000e+00,0.000000e+00,0.000000e+00,0.000000e+00,0.000000e+00
1.000000e+00,0.000000e+00,0.000000e+00,0.000000e+00,0.000000e+00,0.000000e+00,0.000000e+00,0.000000e+00,0.000000e+00,0.000000e+00,0.000000e+00,0.000000e+00,0.000000e+00,0.000000e+00,0.000000e+00
1.000000e+00,0.000000e+00,0.000000e+00,0.000000e+00,0.000000e+00,0.000000e+00,0.000000e+00,0.000000e+00,0.000000e+00,0.000000e+00,0.000000e+00,0.000000e+00,0.000000e+00,0.000000e+00,0.000000e+00
1.000000e+00,0.000000e+00,0.000000e+00,0.000000e+00,0.000000e+00,0.000000e+00,0.000000e+00,0.000000e+00,0.000000e+00,0.000000e+00,0.000000e+00,0.000000e+00,0.000000e+00,0.000000e+00,0.000000e+00
1.000000e+00,0.000000e+00,0.000000e+00,0.000000e+00,0.000000e+00,0.000000e+00,0.000000e+00,0.000000e+00,0.000000e+00,0.000000e+00,0.000000e+00,0.000000e+00,0.000000e+00,0.000000e+00,0.000000e+00
1.000000e+00,0.000000e+00,0.000000e+00,0.000000e+00,0.000000e+00,0.000000e+00,0.000000e+00,0.000000e+00,0.000000e+00,0.000000e+00,0.000000e+00,0.000000e+00,0.000000e+00,0.000000e+00,0.000000e+00
1.000000e+00,0.000000e+00,0.000000e+00,0.000000e+00,0.000000e+00,0.000000e+00,0.000000e+00,0.000000e+00,0.000000e+00,0.000000e+00,0.000000e+00,0.000000e+00,0.000000e+00,0.000000e+00,0.000000e+00
1.000000e+00,0.000000e+00,0.000000e+00,0.000000e+00,0.000000e+00,0.000000e+00,0.000000e+00,0.000000e+00,0.000000e+00,0.000000e+00,0.000000e+00,0.000000e+00,0.000000e+00,0.000000e+00,0.000000e+00
1.000000e+00,0.000000e+00,0.000000e+00,0.000000e+00,0.000000e+00,0.000000e+00,0.000000e+00,0.000000e+00,0.000000e+00,0.000000e+00,0.000000e+00,0.000000e+00,0.000000e+00,0.000000e+00,0.000000e+00
1.000000e+00,0.000000e+00,0.000000e+00,0.000000e+00,0.000000e+00,0.000000e+00,0.000000e+00,0.000000e+00,0.000000e+00,0.000000e+00,0.000000e+00,0.000000e+00,0.000000e+00,0.000000e+00,0.000000e+00
1.000000e+00,0.000000e+00,0.000000e+00,0.000000e+00,0.000000e+00,0.000000e+00,0.000000e+00,0.000000e+00,0.000000e+00,0.000000e+00,0.000000e+00,0.000000e+00,0.000000e+00,0.000000e+00,0.000000e+00
1.000000e+00,0.000000e+00,0.000000e+00,0.000000e+00,0.000000e+00,0.000000e+00,0.000000e+00,0.000000e+00,0.000000e+00,0.000000e+00,0.000000e+00,0.000000e+00,0.000000e+00,0.000000e+00,0.000000e+00
1.000000e+00,0.000000e+00,0.000000e+00,0.000000e+00,0.000000e+00,0.000000e+00,0.000000e+00,0.000000e+00,0.000000e+00,0.000000e+00,0.000000e+00,0.000000e+00,0.000000e+00,0.000000e+00,0.000000e+00
1.000000e+00,0.000000e+00,0.000000e+00,0.000000e+00,0.000000e+00,0.000000e+00,0.000000e+00,0.000000e+00,0.000000e+00,0.000000e+00,0.000000e+00,0.000000e+00,0.000000e+00,0.000000e+00,0.000000e+00
1.000000e+00,0.000000e+00,0.000000e+00,0.000000e+00,0.000000e+00,0.000000e+00,0.000000e+00,0.000000e+00,0.000000e+00,0.000000e+00,0.000000e+00,0.000000e+00,0.000000e+00,0.000000e+00,0.000000e+00
1.000000e+00,0.000000e+00,0.000000e+00,0.000000e+00,0.000000e+00,0.000000e+00,0.000000e+00,0.000000e+00,0.000000e+00,0.000000e+00,0.000000e+00,0.000000e+00,0.000000e+00,0.000000e+00,0.000000e+00
1.000000e+00,0.000000e+00,0.000000e+00,0.000000e+00,0.000000e+00,0.000000e+00,0.000000e+00,0.000000e+00,0.000000e+00,0.000000e+00,0.000000e+00,0.000000e+00,0.000000e+00,0.000000e+00,0.000000e+00
1.000000e+00,0.000000e+00,0.000000e+00,0.000000e+00,0.000000e+00,0.000000e+00,0.000000e+00,0.000000e+00,0.000000e+00,0.000000e+00,0.000000e+00,0.000000e+00,0.000000e+00,0.000000e+00,0.000000e+00
1.000000e+00,0.000000e+00,0.000000e+00,0.000000e+00,0.000000e+00,0.000000e+00,0.000000e+00,0.000000e+00,0.000000e+00,0.000000e+00,0.000000e+00,0.000000e+00,0.000000e+00,0.000000e+00,0.000000e+00
1.000000e+00,0.000000e+00,0.000000e+00,0.000000e+00,0.000000e+00,0.000000e+00,0.000000e+00,0.000000e+00,0.000000e+00,0.000000e+00,0.000000e+00,0.000000e+00,0.000000e+00,0.000000e+00,0.000000e+00
1.000000e+00,0.000000e+00,0.000000e+00,0.000000e+00,0.000000e+00,0.000000e+00,0.000000e+00,0.000000e+00,0.000000e+00,0.000000e+00,0.000000e+00,0.000000e+00,0.000000e+00,0.000000e+00,0.000000e+00
1.000000e+00,0.000000e+00,0.000000e+00,0.000000e+00,0.000000e+00,0.000000e+00,0.000000e+00,0.000000e+00,0.000000e+00,0.000000e+00,0.000000e+00,0.000000e+00,0.000000e+00,0.000000e+00,0.000000e+00
1.000000e+00,0.000000e+00,0.000000e+00,0.000000e+00,0.000000e+00,0.000000e+00,0.000000e+00,0.000000e+00,0.000000e+00,0.000000e+00,0.000000e+00,0.000000e+00,0.000000e+00,0.000000e+00,0.000000e+00
1.000000e+00,0.000000e+00,0.000000e+00,0.000000e+00,0.000000e+00,0.000000e+00,0.000000e+00,0.000000e+00,0.000000e+00,0.000000e+00,0.000000e+00,0.000000e+00,0.000000e+00,0.000000e+00,0.000000e+00
1.000000e+00,0.000000e+00,0.000000e+00,0.000000e+00,0.000000e+00,0.000000e+00,0.000000e+00,0.000000e+00,0.000000e+00,0.000000e+00,0.000000e+00,0.000000e+00,0.000000e+00,0.000000e+00,0.000000e+00
1.000000e+00,0.000000e+00,0.000000e+00,0.000000e+00,0.000000e+00,0.000000e+00,0.000000e+00,0.000000e+00,0.000000e+00,0.000000e+00,0.000000e+00,0.000000e+00,0.000000e+00,0.000000e+00,0.000000e+00
4.346895e-01,1.558343e-02,6.085766e-02,3.723284e-02,1.777035e-02,3.655756e-02,4.910094e-02,3.131030e-01,3.506249e-03,7.769598e-04,3.454243e-03,8.375626e-03,1.067113e-02,1.269993e-03,7.050527e-03
3.135347e-01,1.147998e-02,6.482588e-02,3.172879e-02,1.516230e-02,5.450808e-02,1.687234e-01,3.049844e-01,2.653056e-03,6.625939e-04,2.613822e-03,6.273391e-03,1.655880e-02,1.038058e-03,5.252648e-03
2.247665e-01,8.199224e-03,5.787108e-02,2.481520e-02,1.206705e-02,5.314965e-02,2.738263e-01,3.166576e-01,1.929310e-03,5.214835e-04,1.901014e-03,4.617605e-03,1.507102e-02,7.792588e-04,3.827621e-03
1.637069e-01,5.989665e-03,4.474594e-02,1.806729e-02,1.164143e-02,4.876704e-02,3.770036e-01,3.051737e-01,1.422297e-03,7.885946e-04,1.527690e-03,3.640545e-03,1.397551e-02,6.196072e-04,2.930161e-03
1.593832e-01,4.772229e-03,3.446325e-02,1.375877e-02,1.820127e-02,5.659115e-02,3.845657e-01,2.961500e-01,1.280136e-03,3.366861e-03,2.055389e-03,3.855296e-03,1.654099e-02,7.294122e-04,4.286345e-03
1.548758e-01,5.904768e-03,2.681299e-02,1.115498e-02,2.725331e-02,5.994222e-02,3.856528e-01,2.884470e-01,1.306696e-03,5.293947e-03,2.967558e-03,3.918101e-03,1.780990e-02,7.915818e-04,7.868282e-03
2.038658e-01,8.058507e-03,2.096292e-02,9.995908e-03,3.110200e-02,5.221826e-02,3.709446e-01,2.593178e-01,1.285086e-03,5.249469e-03,2.889083e-03,4.514278e-03,1.787761e-02,8.114255e-04,1.090723e-02
1.568046e-01,1.155289e-02,1.751933e-02,1.237910e-02,2.772464e-02,9.832666e-02,2.837590e-01,2.165716e-01,1.256515e-02,6.306774e-03,1.255472e-02,6.812388e-03,1.199329e-01,1.179975e-03,1.601027e-02
1.263281e-01,8.979606e-03,1.237820e-02,1.788591e-02,2.496267e-02,7.686158e-02,2.601739e-01,1.571082e-01,9.427372e-03,4.747852e-03,1.461345e-02,1.990046e-02,2.460656e-01,1.501370e-03,1.906576e-02
9.470626e-02,6.763067e-03,8.739103e-03,2.414683e-02,1.818160e-02,6.419758e-02,1.992498e-01,1.117116e-01,7.031510e-03,3.623982e-03,1.719833e-02,2.979890e-02,3.917563e-01,1.592946e-03,2.130225e-02
7.033585e-02,4.974839e-03,6.215984e-03,1.904322e-02,1.368522e-02,5.982608e-02,1.463303e-01,7.875795e-02,5.431594e-03,3.487227e-03,1.569864e-02,2.578370e-02,5.013441e-01,1.674853e-03,4.741054e-02
4.926740e-02,3.487254e-03,4.386532e-03,1.341099e-02,1.067420e-02,4.227621e-02,1.026609e-01,5.856503e-02,5.162075e-03,2.493057e-03,1.296744e-02,1.861472e-02,6.393754e-01,1.232734e-03,3.542612e-02
3.451396e-02,2.448161e-03,3.100589e-03,9.584307e-03,8.093823e-03,3.057412e-02,7.213307e-02,4.455321e-02,5.766333e-03,1.802067e-03,1.071870e-02,1.375956e-02,7.320336e-01,9.151980e-04,3.000331e-02
2.418200e-02,1.734023e-03,2.352360e-03,8.833908e-03,6.403667e-03,2.205909e-02,5.061156e-02,4.614121e-02,7.103241e-03,1.326322e-03,9.199340e-03,1.025544e-02,7.725901e-01,6.725720e-04,3.653520e-02
1.705173e-02,1.377401e-03,1.975355e-03,1.226880e-02,5.589047e-03,1.881579e-02,3.585391e-02,3.853382e-02,1.457568e-02,1.012307e-03,7.968262e-03,7.973293e-03,7.529168e-01,5.145028e-04,8.357334e-02
1.203650e-02,9.958203e-04,1.900486e-03,1.329271e-02,4.855027e-03,1.389235e-02,2.518714e-02,6.426597e-02,1.196179e-02,7.993667e-04,8.499625e-03,7.142826e-03,7.581376e-01,4.113556e-04,7.662149e-02
8.831323e-03,8.031706e-04,1.824136e-03,1.041996e-02,4.755329e-03,1.014703e-02,1.788354e-02,9.116346e-02,1.685747e-02,7.248290e-04,8.795148e-03,8.653629e-03,7.538879e-01,3.417609e-04,6.491133e-02
7.198369e-03,1.163211e-03,3.218212e-03,1.147159e-02,4.852661e-03,8.157012e-03,1.292652e-02,1.226859e-01,3.664796e-02,1.196405e-03,1.015785e-02,2.177254e-02,6.926077e-01,5.167283e-04,6.542733e-02
6.460816e-03,2.555207e-03,4.120462e-03,1.070355e-02,6.660689e-03,1.214892e-02,1.009948e-02,1.093042e-01,8.893913e-02,1.664845e-03,1.035569e-02,5.136864e-02,5.410681e-01,1.183145e-03,1.433671e-01
5.900856e-03,4.655621e-03,3.621958e-03,9.078448e-03,8.121353e-03,3.589028e-02,7.368784e-03,8.227290e-02,1.455254e-01,1.601959e-03,8.344417e-03,5.290800e-02,4.287273e-01,1.051464e-03,2.049313e-01
5.338918e-03,1.188602e-02,3.452065e-03,1.001102e-02,6.828445e-03,8.613362e-02,5.678583e-03,6.263573e-02,1.927504e-01,1.489642e-03,8.067342e-03,9.662786e-02,3.492631e-01,1.031831e-03,1.588054e-01
4.923631e-03,1.991286e-02,3.664969e-03,7.972193e-03,5.619376e-03,9.751973e-02,4.337833e-03,4.654860e-02,2.008528e-01,1.268789e-03,6.579028e-03,1.996319e-01,2.832160e-01,1.010271e-03,1.169419e-01
5.274681e-03,2.784653e-02,3.714917e-03,7.671290e-03,5.012705e-03,1.092717e-01,3.299551e-03,3.613779e-02,2.581538e-01,1.362750e-03,5.757563e-03,2.332281e-01,2.101730e-01,9.904186e-04,9.210528e-02
6.997664e-03,3.404097e-02,7.159401e-03,9.970508e-03,1.220905e-02,1.183059e-01,3.852306e-03,4.894970e-02,3.493741e-01,2.604613e-03,4.605050e-03,1.809030e-01,1.520074e-01,1.007689e-03,6.801265e-02
6.957535e-03,4.090110e-02,1.053667e-02,1.224177e-02,1.422539e-02,1.514804e-01,3.709774e-03,5.825185e-02,3.978993e-01,3.081941e-03,3.536301e-03,1.378041e-01,1.086929e-01,8.739040e-04,4.980715e-02
1.065978e-02,3.707157e-02,1.397589e-02,1.906554e-02,1.626096e-02,1.284554e-01,3.972824e-03,1.905181e-01,3.540259e-01,4.212342e-03,2.833909e-03,1.012140e-01,7.980853e-02,7.395048e-04,3.718568e-02
1.297547e-02,3.677362e-02,1.824056e-02,1.595170e-02,1.929289e-02,1.034300e-01,6.807019e-03,3.406717e-01,2.815526e-01,3.983076e-03,2.024876e-03,7.123374e-02,5.885196e-02,6.033687e-04,2.760733e-02
1.626139e-02,3.482340e-02,1.618434e-02,1.309425e-02,1.823166e-02,1.088490e-01,7.214203e-03,4.469578e-01,2.177296e-01,3.569269e-03,1.452321e-03,5.043944e-02,4.342248e-02,5.126910e-04,2.125806e-02
3.724468e-02,3.949467e-02,1.971550e-02,1.460005e-02,1.730909e-02,1.446550e-01,6.576485e-03,4.242859e-01,1.827452e-01,3.292889e-03,1.219802e-03,3.574007e-02,5.250759e-02,5.713004e-04,2.004170e-02
4.401145e-02,3.154164e-02,1.710045e-02,1.539513e-02,1.339019e-02,1.759444e-01,5.283121e-03,4.739488e-01,1.357664e-01,2.805262e-03,1.000230e-03,2.537331e-02,4.133188e-02,4.975109e-04,1.661020e-02
4.081157e-02,2.839525e-02,3.391118e-02,2.768172e-02,1.026590e-02,1.398886e-01,3.821816e-03,4.887843e-01,1.036780e-01,5.985746e-03,3.023894e-02,3.659841e-02,3.307941e-02,8.355551e-04,1.602363e-02
2.931194e-02,2.154948e-02,3.212567e-02,1.093224e-01,7.762462e-03,9.881406e-02,2.720398e-03,3.498715e-01,7.995562e-02,5.820801e-03,6.221123e-02,1.294457e-01,5.507740e-02,6.836316e-04,1.532774e-02
2.087367e-02,1.547305e-02,2.301503e-02,8.979798e-02,5.596991e-03,6.985954e-02,1.914773e-03,2.480017e-01,6.576373e-02,4.519897e-03,1.726438e-01,2.051649e-01,6.444618e-02,1.081267e-03,1.184756e-02
1.483717e-02,1.107604e-02,1.836384e-02,1.095198e-01,4.624489e-03,4.967023e-02,1.379692e-03,1.742590e-01,5.326995e-02,4.449831e-03,2.131708e-01,2.563618e-01,7.847914e-02,1.001612e-03,9.536674e-03
1.049837e-02,7.864868e-03,1.318713e-02,9.513339e-02,3.643925e-03,3.531832e-02,9.837040e-04,1.224356e-01,4.265584e-02,4.500728e-03,2.681167e-01,2.803838e-01,1.065272e-01,1.083592e-03,7.666852e-03
7.849802e-03,6.011846e-03,1.103738e-02,7.519213e-02,5.337443e-03,2.529246e-02,7.528125e-04,8.912095e-02,5.190235e-02,3.911551e-03,3.248125e-01,2.312248e-01,1.572267e-01,3.676210e-03,6.651078e-03
5.821937e-03,4.273409e-03,8.403847e-03,6.798194e-02,1.085566e-02,1.841367e-02,5.833841e-04,6.279130e-02,4.041239e-02,6.859265e-03,4.492970e-01,1.861990e-01,1.258222e-01,5.175848e-03,7.109255e-03
4.278955e-03,3.012272e-03,6.096530e-03,5.014643e-02,2.005609e-02,1.301738e-02,4.866251e-04,4.408166e-02,3.183652e-02,2.160578e-02,5.277207e-01,1.510316e-01,1.131902e-01,6.901511e-03,6.537744e-03
3.521653e-03,2.336180e-03,4.565576e-03,3.635642e-02,4.577864e-02,9.235487e-03,3.972128e-04,3.150066e-02,4.448996e-02,3.716292e-02,4.954843e-01,1.449054e-01,1.319308e-01,6.967482e-03,5.367305e-03
3.706074e-03,2.041021e-03,4.002171e-03,2.772612e-02,5.168390e-02,7.992083e-03,4.157456e-04,2.420373e-02,4.988128e-02,4.821418e-02,4.107088e-01,2.090932e-01,1.393350e-01,1.481322e-02,6.183469e-03
3.724145e-03,2.010666e-03,3.416072e-03,2.118651e-02,4.099599e-02,9.245766e-03,3.937712e-04,1.801047e-02,3.966387e-02,8.111969e-02,4.287163e-01,2.084486e-01,1.209983e-01,1.667172e-02,5.398174e-03
8.150518e-03,2.050960e-03,3.870274e-03,1.983978e-02,5.480320e-02,1.260140e-02,1.690218e-03,1.464163e-02,3.188894e-02,6.556209e-02,4.396457e-01,2.100022e-01,1.083948e-01,1.724938e-02,9.608910e-03
1.019946e-02,1.902247e-03,4.803082e-03,2.150205e-02,6.664721e-02,1.136070e-02,2.187312e-03,1.291504e-02,2.800874e-02,5.200662e-02,4.647390e-01,2.121087e-01,8.343724e-02,1.515232e-02,1.303031e-02
3.504483e-02,2.191127e-03,4.364305e-03,1.705148e-02,5.502121e-02,1.854065e-02,1.973823e-03,1.318471e-02,2.449625e-02,5.543708e-02,3.856950e-01,2.924593e-01,6.468998e-02,1.984434e-02,1.000588e-02
3.843803e-02,3.256030e-03,4.893616e-03,1.312589e-02,9.134044e-02,1.488469e-02,3.087306e-03,1.641724e-02,2.974877e-02,5.480674e-02,3.464609e-01,3.014529e-01,5.074994e-02,2.157046e-02,9.767083e-03
3.054150e-02,2.640428e-03,4.122966e-03,1.018053e-02,6.990393e-02,1.140943e-02,3.215834e-03,1.282118e-02,2.701692e-02,4.073638e-02,3.077081e-01,4.154298e-01,3.948297e-02,1.649860e-02,8.291441e-03
2.704527e-02,2.615941e-03,5.269875e-03,8.818254e-03,7.255094e-02,9.692016e-03,4.592847e-03,2.783963e-02,8.709294e-02,3.484138e-02,3.311881e-01,3.384038e-01,3.037417e-02,1.307058e-02,6.604288e-03
2.791343e-02,4.922473e-03,4.956217e-03,7.551718e-03,5.875110e-02,9.799537e-03,3.610407e-03,4.496385e-02,1.581898e-01,3.954569e-02,3.054983e-01,2.906905e-01,2.698795e-02,1.165898e-02,4.959960e-03
2.338505e-02,6.499004e-03,6.652994e-03,7.030736e-03,5.700433e-02,8.229808e-03,3.013938e-03,5.617566e-02,2.786618e-01,3.297796e-02,2.514137e-01,2.280687e-01,2.731739e-02,9.872651e-03,3.696272e-03
2.019657e-02,7.747269e-03,5.424223e-03,5.786533e-03,5.185070e-02,9.711583e-03,2.634249e-03,5.373368e-02,3.902643e-01,2.797813e-02,2.199661e-01,1.705890e-01,2.380289e-02,7.560797e-03,2.753842e-03
1.932653e-02,5.759974e-03,8.073248e-03,8.972730e-03,4.264835e-02,7.524115e-03,2.450165e-03,1.731554e-01,3.395505e-01,2.792419e-02,2.108231e-01,1.216703e-01,2.448455e-02,5.636198e-03,2.000546e-03
5.094054e-02,5.103569e-03,1.059099e-02,5.499485e-02,5.339165e-02,7.338642e-03,2.346453e-03,1.942124e-01,2.808061e-01,3.185828e-02,1.948259e-01,8.659392e-02,2.043590e-02,4.997062e-03,1.563781e-03
8.591625e-02,5.705489e-03,9.541526e-03,9.063477e-02,8.822294e-02,6.589956e-03,1.961676e-03,1.456933e-01,2.598403e-01,3.831148e-02,1.786314e-01,6.319703e-02,1.598189e-02,7.995026e-03,1.776984e-03
1.245029e-01,6.064810e-03,1.594841e-02,1.037140e-01,9.204569e-02,7.012954e-03,1.791849e-03,1.577883e-01,2.104094e-01,4.505983e-02,1.570181e-01,5.005398e-02,1.640486e-02,1.008419e-02,2.100528e-03
1.654785e-01,6.949345e-03,1.733797e-02,1.078883e-01,8.431183e-02,6.566653e-03,1.699699e-03,1.200379e-01,1.568545e-01,8.498350e-02,1.742841e-01,4.253785e-02,1.729625e-02,1.144965e-02,2.324040e-03
1.938225e-01,1.589994e-02,2.731874e-02,1.306009e-01,9.954838e-02,7.399941e-03,2.173533e-03,1.252969e-01,1.140156e-01,6.175670e-02,1.433813e-01,4.635538e-02,1.852352e-02,1.096459e-02,2.942123e-03
2.119482e-01,1.868926e-02,2.758456e-02,1.317832e-01,1.376410e-01,9.329665e-03,3.596870e-03,1.070522e-01,9.284734e-02,4.421680e-02,1.297299e-01,5.116681e-02,1.865536e-02,1.259336e-02,3.165520e-03
2.291591e-01,1.809046e-02,3.365581e-02,1.614507e-01,1.492435e-01,8.666823e-03,3.377453e-03,9.285850e-02,7.131250e-02,3.169999e-02,1.146098e-01,5.354229e-02,1.710223e-02,1.232024e-02,2.910776e-03
2.864653e-01,1.596496e-02,3.840058e-02,1.754548e-01,1.296811e-01,8.431857e-03,2.922526e-03,7.643785e-02,5.311105e-02,2.398777e-02,9.921643e-02,5.903307e-02,1.535173e-02,1.274292e-02,2.798101e-03
3.405502e-01,1.350062e-02,5.697460e-02,1.832554e-01,1.057555e-01,8.882969e-03,2.464080e-03,6.223755e-02,3.980352e-02,1.819480e-02,8.139284e-02,5.732349e-02,1.428566e-02,1.257805e-02,2.800901e-03
3.705004e-01,1.262255e-02,8.503874e-02,1.623774e-01,7.917133e-02,1.155449e-02,2.249521e-03,4.862569e-02,3.713077e-02,1.872544e-02,6.884965e-02,5.859427e-02,1.465749e-02,1.783193e-02,1.207037e-02
3.496792e-01,1.505341e-02,8.256182e-02,1.659998e-01,5.705682e-02,1.278468e-02,1.859726e-03,3.734698e-02,4.893081e-02,1.852281e-02,1.036101e-01,4.923669e-02,2.154168e-02,1.819641e-02,1.761912e-02
3.311250e-01,1.284923e-02,6.537713e-02,1.263956e-01,4.065116e-02,1.134380e-02,1.434321e-03,2.755861e-02,5.109756e-02,2.597626e-02,1.735220e-01,4.784992e-02,4.087234e-02,2.694433e-02,1.700276e-02
2.565234e-01,1.273517e-02,4.680330e-02,1.019936e-01,2.987187e-02,9.514537e-03,1.166426e-03,1.989435e-02,9.614539e-02,2.408344e-02,2.507150e-01,4.756241e-02,4.705784e-02,3.967217e-02,1.626101e-02
1.861649e-01,1.102312e-02,3.424125e-02,8.146490e-02,2.292464e-02,7.604159e-03,8.903856e-04,1.423861e-02,1.080130e-01,2.918711e-02,3.420799e-01,4.218150e-02,4.102605e-02,6.490245e-02,1.405800e-02
1.373076e-01,1.379309e-02,2.541443e-02,7.187474e-02,1.815590e-02,1.029219e-02,7.713793e-04,1.016000e-02,1.130983e-01,4.512052e-02,3.786298e-01,4.285626e-02,3.767466e-02,7.393666e-02,2.091453e-02
1.029822e-01,1.103579e-02,2.027509e-02,9.321277e-02,1.418537e-02,1.333981e-02,7.861196e-04,7.413621e-03,1.140677e-01,4.093462e-02,4.233273e-01,3.382794e-02,3.000364e-02,7.176189e-02,2.284618e-02
7.459861e-02,8.964677e-03,1.548081e-02,8.632563e-02,2.070804e-02,1.336087e-02,6.425639e-04,5.293013e-03,8.904572e-02,4.351645e-02,5.037751e-01,2.683689e-02,2.453033e-02,6.405384e-02,2.286749e-02
5.623371e-02,6.724667e-03,1.308389e-02,8.884595e-02,2.750526e-02,1.539155e-02,1.151447e-03,4.400563e-03,6.875844e-02,4.116810e-02,5.387689e-01,2.864074e-02,2.192178e-02,6.902836e-02,1.837669e-02
4.071113e-02,5.767044e-03,1.034024e-02,7.372695e-02,2.471350e-02,1.606867e-02,1.128919e-03,3.626699e-03,5.378500e-02,3.669528e-02,5.943209e-01,3.276020e-02,2.311223e-02,6.889690e-02,1.434640e-02
3.118510e-02,6.337318e-03,7.503217e-03,5.477909e-02,1.996914e-02,1.290516e-02,1.157233e-03,2.919008e-03,8.321403e-02,4.070999e-02,6.127850e-01,3.014393e-02,2.396492e-02,6.034070e-02,1.208623e-02
2.367134e-02,7.498968e-03,5.593243e-03,3.940792e-02,1.607430e-02,1.037050e-02,9.827584e-04,2.300468e-03,1.353762e-01,5.017938e-02,5.989475e-01,2.510745e-02,2.146008e-02,4.999513e-02,1.303476e-02
1.692652e-02,9.520227e-03,4.190944e-03,2.800533e-02,1.262382e-02,8.361077e-03,8.040587e-04,1.683185e-03,1.227372e-01,4.808060e-02,6.579748e-01,2.028937e-02,1.835711e-02,3.960929e-02,1.083642e-02
1.209419e-02,1.430736e-02,3.074938e-03,2.001924e-02,9.332213e-03,7.251662e-03,6.707856e-04,1.366822e-03,1.308040e-01,4.180524e-02,6.840605e-01,1.985699e-02,1.526913e-02,3.200931e-02,8.077668e-03
8.758058e-03,3.142812e-02,2.375091e-03,1.443876e-02,7.281824e-03,6.123948e-03,5.490104e-04,1.020896e-03,1.620258e-01,3.815467e-02,6.594674e-01,2.175695e-02,1.350833e-02,2.668580e-02,6.425320e-03
7.233133e-03,8.557862e-02,2.402648e-03,1.170575e-02,9.500293e-03,5.966325e-03,9.215821e-04,1.247433e-03,2.462657e-01,3.553317e-02,5.372893e-01,1.683376e-02,1.114720e-02,2.019111e-02,8.184012e-03
6.788885e-03,8.437818e-02,2.865752e-03,1.160155e-02,9.059887e-03,8.465247e-03,8.157272e-04,3.766836e-03,2.659907e-01,3.104824e-02,5.256957e-01,1.451114e-02,1.053864e-02,1.689187e-02,7.581651e-03
1.283473e-02,7.213507e-02,1.007353e-02,1.242828e-02,1.643439e-02,6.704471e-03,9.247469e-04,1.612765e-01,2.549253e-01,2.556852e-02,3.841143e-01,1.138191e-02,1.197034e-02,1.356697e-02,5.661095e-03
1.624847e-02,5.408949e-02,2.883068e-02,1.326192e-02,1.999910e-02,5.955314e-03,1.239414e-03,3.500549e-01,1.872707e-01,1.828812e-02,2.725711e-01,8.897021e-03,9.034880e-03,9.779132e-03,4.479815e-03
1.696973e-02,4.022202e-02,2.660659e-02,1.256645e-02,2.534922e-02,5.414942e-03,1.330251e-03,5.067242e-01,1.356265e-01,1.314057e-02,1.919872e-01,6.744584e-03,6.830293e-03,7.069892e-03,3.417543e-03
1.642663e-02,2.913384e-02,2.172095e-02,1.034091e-02,3.258029e-02,7.180773e-03,1.869278e-03,6.207563e-01,9.622989e-02,9.548326e-03,1.353437e-01,5.165922e-03,5.877077e-03,5.241718e-03,2.584562e-03
1.849932e-02,2.207527e-02,1.999633e-02,8.086313e-03,3.108013e-02,6.564216e-03,1.673944e-03,7.073988e-01,6.911539e-02,6.729603e-03,9.492480e-02,3.751796e-03,4.344946e-03,3.857071e-03,1.902173e-03
1.843904e-02,1.646910e-02,1.757636e-02,6.292854e-03,2.718550e-02,5.485508e-03,1.523897e-03,7.760766e-01,4.916906e-02,4.784141e-03,6.657186e-02,2.796863e-03,3.313686e-03,2.825425e-03,1.490222e-03
2.076697e-02,1.641246e-02,1.387927e-02,5.343538e-03,2.444686e-02,5.103573e-03,1.419730e-03,8.115150e-01,4.143963e-02,3.484111e-03,4.687645e-02,2.444864e-03,3.208258e-03,2.089519e-03,1.569880e-03
1.903310e-02,1.539579e-02,1.078670e-02,4.084530e-03,2.216478e-02,4.131278e-03,1.400873e-03,8.399798e-01,4.006319e-02,2.556800e-03,3.290344e-02,1.850928e-03,2.673643e-03,1.585608e-03,1.389663e-03
1.870402e-02,1.381924e-02,9.658191e-03,3.347918e-03,2.109643e-02,3.319571e-03,1.346057e-03,8.522164e-01,4.441895e-02,2.061351e-03,2.322718e-02,1.425473e-03,2.218729e-03,1.861711e-03,1.278920e-03
4.206883e-02,1.667833e-02,1.238211e-02,3.144236e-03,1.987630e-02,3.829415e-03,5.425360e-03,7.909158e-01,7.244611e-02,3.985328e-03,1.692080e-02,1.892399e-03,2.741871e-03,4.934148e-03,2.759021e-03
6.719578e-02,2.170045e-02,1.662563e-02,3.081608e-03,2.047319e-02,4.124814e-03,9.165461e-03,6.939270e-01,1.276729e-01,5.418628e-03,1.282381e-02,2.536762e-03,2.694990e-03,8.135536e-03,4.423388e-03
1.292985e-01,3.595672e-02,1.870223e-02,3.687287e-03,1.837074e-02,5.656906e-03,1.339544e-02,5.502525e-01,1.722493e-01,8.323966e-03,1.277080e-02,4.748261e-03,2.655616e-03,1.732880e-02,6.602964e-03
1.773330e-01,3.522876e-02,1.868969e-02,4.091357e-03,1.754342e-02,6.449460e-03,1.334970e-02,5.117229e-01,1.563464e-01,1.232082e-02,1.028029e-02,9.014523e-03,3.187172e-03,1.680811e-02,7.634414e-03
2.281435e-01,3.431861e-02,1.776408e-02,7.370878e-03,1.567192e-02,9.770264e-03,1.138062e-02,4.432619e-01,1.259048e-01,1.662132e-02,1.273257e-02,3.595493e-02,9.383448e-03,1.292816e-02,1.879296e-02
2.099125e-01,3.259603e-02,2.275503e-02,9.049825e-02,1.228856e-02,9.658425e-03,8.317055e-03,3.231501e-01,1.119992e-01,3.165826e-02,2.622292e-02,5.559852e-02,1.883525e-02,9.488165e-03,3.702183e-02
2.411003e-01,3.219046e-02,2.070984e-02,8.564787e-02,9.780945e-03,1.060558e-02,6.227353e-03,2.326775e-01,1.084668e-01,3.562747e-02,4.307754e-02,8.077636e-02,3.827442e-02,8.124544e-03,4.671302e-02
1.824707e-01,3.446098e-02,1.930495e-02,8.489372e-02,7.972521e-03,1.363897e-02,4.538124e-03,1.664987e-01,1.665839e-01,3.253693e-02,5.712783e-02,7.678074e-02,6.774154e-02,8.841803e-03,7.660866e-02
1.362210e-01,3.072247e-02,1.610505e-02,7.916415e-02,6.419547e-03,1.270576e-02,3.352421e-03,1.290556e-01,2.450216e-01,2.529034e-02,6.430883e-02,8.340007e-02,8.503698e-02,7.770809e-03,7.542528e-02
9.976923e-02,2.993085e-02,2.892577e-02,2.026984e-01,5.748202e-03,1.333389e-02,2.571080e-03,1.033954e-01,2.280973e-01,2.087679e-02,6.172705e-02,6.557114e-02,6.783861e-02,6.176580e-03,6.333968e-02
1.030634e-01,3.075667e-02,3.598154e-02,1.920158e-01,9.541313e-03,1.141278e-02,2.464789e-03,8.306752e-02,2.263421e-01,1.561560e-02,5.886416e-02,4.894748e-02,5.426148e-02,7.106259e-03,1.205591e-01
1.043776e-01,2.707792e-02,4.404076e-02,2.189585e-01,1.541481e-02,1.151398e-02,3.424374e-03,6.942916e-02,2.151961e-01,1.200452e-02,5.546604e-02,3.676530e-02,4.510247e-02,8.048926e-03,1.331796e-01
1.727337e-01,2.332869e-02,4.248097e-02,2.114837e-01,1.621275e-02,1.045966e-02,2.752374e-03,6.958146e-02,1.867035e-01,9.634464e-03,6.935661e-02,3.054444e-02,4.350463e-02,7.802330e-03,1.034207e-01
1.419482e-01,1.969874e-02,3.917040e-02,1.632416e-01,1.879527e-02,8.117629e-03,2.244609e-03,2.052240e-01,1.636363e-01,7.251376e-03,7.257383e-02,2.978535e-02,4.347184e-02,7.082371e-03,7.775849e-02
1.056101e-01,1.485223e-02,3.186295e-02,1.184262e-01,1.622744e-02,5.814839e-03,1.625733e-03,4.018658e-01,1.250417e-01,5.188478e-03,5.596295e-02,2.246495e-02,3.411872e-02,5.225258e-03,5.571264e-02
8.589760e-02,1.361438e-02,3.105897e-02,8.669683e-02,1.555297e-02,4.440515e-03,1.304279e-03,5.235026e-01,1.023609e-01,3.941485e-03,4.333736e-02,1.674306e-02,2.677236e-02,4.104123e-03,4.067259e-02
7.626249e-02,1.122185e-02,3.600878e-02,1.033346e-01,1.421062e-02,4.108330e-03,1.076529e-03,5.672175e-01,7.818976e-02,3.026910e-03,3.465497e-02,1.644611e-02,2.223956e-02,3.031896e-03,2.897022e-02
7.322381e-02,1.064516e-02,5.254398e-02,1.108741e-01,1.980206e-02,1.635302e-02,1.155585e-03,5.559381e-01,5.878513e-02,2.898898e-03,3.491076e-02,1.322537e-02,2.172994e-02,2.291973e-03,2.562213e-02
8.546434e-02,1.094478e-02,8.601694e-02,1.069809e-01,2.849208e-02,3.497258e-02,1.027327e-03,5.038168e-01,4.484742e-02,2.371648e-03,3.240453e-02,1.067381e-02,2.712779e-02,1.709393e-03,2.314969e-02
1.140077e-01,8.485014e-03,6.242981e-02,8.158072e-02,2.163049e-02,5.614499e-02,1.451944e-03,3.820088e-01,3.423712e-02,2.196053e-03,3.674563e-02,1.978547e-02,1.603067e-01,1.367206e-03,1.762233e-02
8.897890e-02,6.456389e-03,5.157774e-02,6.331440e-02,1.697341e-02,4.417235e-02,2.441774e-03,2.698317e-01,2.703920e-02,1.742061e-03,3.407787e-02,7.085124e-02,3.089255e-01,1.067575e-03,1.254985e-02
6.448941e-02,4.832154e-03,3.853993e-02,4.779071e-02,1.268623e-02,3.721407e-02,2.431151e-03,1.895103e-01,2.008279e-02,1.550559e-03,2.982798e-02,1.027576e-01,4.383991e-01,9.186401e-04,8.969400e-03
4.540363e-02,3.390049e-03,2.701719e-02,3.351752e-02,8.987806e-03,2.711518e-02,1.711861e-03,1.331151e-01,1.448806e-02,1.155860e-03,2.759247e-02,9.692101e-02,5.725503e-01,6.628108e-04,6.371176e-03
3.202188e-02,2.393092e-03,1.895722e-02,2.352274e-02,7.109305e-03,1.929896e-02,1.233515e-03,9.356786e-02,1.100874e-02,8.526214e-04,2.645691e-02,8.276472e-02,6.757278e-01,4.908127e-04,4.593826e-03
2.304773e-02,1.915668e-03,1.377661e-02,1.665575e-02,7.957221e-03,1.380628e-02,1.049637e-03,6.593219e-02,1.023574e-02,2.183261e-03,2.538029e-02,1.622279e-01,6.518070e-01,4.197182e-04,3.605132e-03
1.723113e-02,1.563178e-03,1.020976e-02,1.173259e-02,9.632023e-03,1.029135e-02,8.810679e-04,4.751307e-02,2.133812e-02,3.900211e-03,2.518569e-02,2.778835e-01,5.593503e-01,4.797577e-04,2.808273e-03
1.298401e-02,1.742018e-03,8.574578e-03,8.311741e-03,1.135791e-02,8.547422e-03,7.418899e-04,3.505099e-02,3.270966e-02,5.857195e-03,2.137410e-02,3.620203e-01,4.879238e-01,5.955532e-04,2.208848e-03
1.018988e-02,2.444479e-03,8.161116e-03,6.078556e-03,2.128115e-02,6.747490e-03,6.252803e-04,2.678771e-02,5.117156e-02,1.038486e-02,1.910840e-02,4.328089e-01,4.013263e-01,1.111051e-03,1.773344e-03
9.553138e-03,2.883863e-03,6.639936e-03,4.443163e-03,4.575112e-02,5.183961e-03,6.693700e-04,2.019599e-02,8.875616e-02,1.565195e-02,2.065877e-02,4.585788e-01,3.168456e-01,2.493356e-03,1.695003e-03
7.910309e-03,3.491047e-03,5.037431e-03,3.396107e-03,7.073438e-02,3.817384e-03,6.535628e-04,1.589790e-02,2.499909e-01,1.215871e-02,1.601316e-02,3.774127e-01,2.301694e-01,2.012036e-03,1.305107e-03
6.027907e-03,5.922645e-03,6.445491e-03,2.709529e-03,6.953083e-02,2.810729e-03,6.077130e-04,2.777478e-02,3.935376e-01,9.123049e-03,1.205125e-02,2.911966e-01,1.694923e-01,1.610247e-03,1.159357e-03
6.210909e-03,6.249151e-03,2.192543e-02,6.897080e-03,6.455121e-02,2.247083e-03,7.986389e-04,1.715596e-01,3.575342e-01,7.047324e-03,1.007089e-02,2.134430e-01,1.289897e-01,1.297446e-03,1.178255e-03
6.937834e-03,6.956530e-03,2.808426e-02,6.896745e-03,6.679301e-02,1.827304e-03,7.168564e-04,2.110504e-01,3.929051e-01,5.901266e-03,1.099385e-02,1.597382e-01,9.849173e-02,1.389983e-03,1.316867e-03
6.402815e-03,1.116282e-02,2.676362e-02,5.210192e-03,6.520168e-02,1.507554e-03,7.873528e-04,1.774485e-01,5.026938e-01,4.714638e-03,1.146112e-02,1.139237e-01,7.025086e-02,1.205969e-03,1.265408e-03
5.024160e-03,8.529780e-03,1.942261e-02,4.779179e-03,5.754003e-02,1.403794e-03,6.779573e-04,1.389445e-01,6.187696e-01,3.426664e-03,9.015568e-03,8.073933e-02,4.981265e-02,9.014761e-04,1.012697e-03
4.053001e-03,8.343817e-03,1.373905e-02,5.270710e-03,5.130439e-02,1.379889e-03,6.115606e-04,9.870691e-02,7.123476e-01,2.585003e-03,7.231854e-03,5.724303e-02,3.550730e-02,6.621102e-04,1.013892e-03
3.384001e-03,8.148424e-03,9.729013e-03,8.544415e-03,5.445728e-02,1.454092e-03,6.053799e-04,7.017837e-02,7.687722e-01,2.064563e-03,5.534742e-03,4.036762e-02,2.542971e-02,4.798364e-04,8.503277e-04
5.134936e-03,1.059384e-02,6.980871e-03,3.712104e-02,6.091261e-02,2.040839e-03,6.649379e-04,6.279074e-02,7.559714e-01,2.582969e-03,5.676355e-03,2.894067e-02,1.871561e-02,4.069868e-04,1.466129e-03
5.648085e-03,1.091966e-02,5.014738e-03,2.844586e-02,6.343772e-02,3.724439e-03,9.817334e-04,5.846956e-02,7.783105e-01,2.279463e-03,5.427289e-03,2.068990e-02,1.430724e-02,4.525406e-04,1.891233e-03
5.660565e-03,1.114487e-02,3.668608e-03,4.601130e-02,4.610435e-02,6.051457e-03,7.744582e-04,4.329203e-02,7.840579e-01,1.998139e-03,8.198950e-03,1.872378e-02,2.152098e-02,5.521457e-04,2.240518e-03
5.240571e-03,1.103138e-02,2.760699e-03,4.161736e-02,3.247306e-02,6.487847e-03,5.937436e-04,3.103135e-02,6.622474e-01,1.980353e-03,4.209409e-02,4.922574e-02,1.042174e-01,6.108071e-04,8.388252e-03
4.807724e-03,8.465663e-03,2.061283e-03,3.148952e-02,2.292729e-02,5.369450e-03,4.821741e-04,2.219881e-02,4.809488e-01,1.769680e-03,9.021695e-02,1.109554e-01,1.887195e-01,1.240241e-03,2.834750e-02
3.735013e-03,6.427268e-03,1.940033e-03,2.411894e-02,1.706528e-02,4.046961e-03,5.058915e-04,1.561710e-02,3.491381e-01,2.215202e-03,1.234365e-01,1.474842e-01,2.270500e-01,2.730851e-03,7.448874e-02
2.808715e-03,4.688126e-03,1.841065e-03,1.792201e-02,1.298297e-02,3.254537e-03,7.599480e-04,1.111854e-02,2.576402e-01,1.840196e-03,1.517597e-01,1.721130e-01,2.722091e-01,2.568386e-03,8.649349e-02
2.187632e-03,4.030835e-03,2.555060e-03,1.328450e-02,1.602385e-02,2.715427e-03,1.392174e-03,8.142038e-03,2.315378e-01,1.605011e-03,1.603447e-01,1.529954e-01,2.341866e-01,2.301477e-03,1.666975e-01
2.466652e-03,6.049772e-03,3.246468e-03,1.011915e-02,1.226529e-02,4.461949e-03,1.792946e-03,6.198569e-03,1.836424e-01,2.741118e-03,1.378322e-01,1.493246e-01,2.461612e-01,2.254450e-03,2.314433e-01
2.406548e-03,6.142439e-03,5.009615e-03,9.050077e-03,9.175259e-03,1.481075e-02,1.648766e-03,4.530211e-03,1.427482e-01,3.247406e-03,1.166038e-01,1.686247e-01,3.007497e-01,2.802408e-03,2.124502e-01
2.238588e-03,4.976625e-03,7.176585e-03,8.039929e-03,1.040013e-02,1.348925e-02,2.584583e-03,3.818703e-03,1.095459e-01,4.665141e-03,1.345853e-01,1.697179e-01,3.514327e-01,2.720851e-03,1.746078e-01
1.990353e-03,4.307159e-03,2.069693e-02,5.891724e-03,6.712307e-02,1.244103e-02,5.587035e-03,4.173603e-03,1.041733e-01,3.959610e-03,1.383317e-01,1.603776e-01,3.390445e-01,2.372744e-03,1.295297e-01
2.490757e-03,5.725706e-03,3.417380e-02,4.450912e-03,5.793198e-02,1.150627e-02,1.334156e-02,8.237996e-03,1.183601e-01,5.330699e-03,1.351225e-01,1.854765e-01,2.995428e-01,4.595077e-03,1.137133e-01
5.681803e-03,5.620865e-03,2.950590e-02,4.021525e-03,5.181307e-02,1.392113e-02,1.120725e-02,7.229762e-03,1.119775e-01,6.405900e-03,1.250169e-01,1.658787e-01,3.519636e-01,6.012754e-03,1.037434e-01
5.370514e-03,6.879890e-03,3.096925e-02,5.885342e-03,4.688516e-02,1.382395e-02,1.093712e-02,2.352120e-02,1.187265e-01,6.543207e-03,1.136429e-01,1.509485e-01,3.703788e-01,7.096306e-03,8.839135e-02
7.261926e-03,8.506201e-03,2.640422e-02,1.322971e-02,4.217420e-02,1.467535e-02,8.362926e-03,4.084057e-02,1.132957e-01,6.827343e-03,9.681714e-02,1.547644e-01,3.939040e-01,8.287003e-03,6.464937e-02
1.152150e-02,7.347655e-03,2.129816e-02,1.301759e-02,5.031725e-02,2.014453e-02,1.029375e-02,5.091023e-02,1.427615e-01,6.267695e-03,1.043797e-01,1.428246e-01,3.650120e-01,6.324239e-03,4.757971e-02
1.088159e-02,8.701365e-03,1.756850e-02,1.181524e-02,3.984943e-02,1.620920e-02,9.071758e-03,7.802950e-02,2.671972e-01,5.598203e-03,7.882957e-02,1.215808e-01,2.948913e-01,4.663341e-03,3.511309e-02
6.066680e-02,1.052658e-02,1.627211e-02,1.461876e-02,5.168709e-02,1.986411e-02,1.494349e-02,7.290465e-02,2.991031e-01,5.723105e-03,5.931635e-02,9.804358e-02,2.335341e-01,7.385733e-03,3.541040e-02
1.052867e-01,1.221625e-02,1.634120e-02,2.130369e-02,9.708330e-02,3.616188e-02,1.966842e-02,6.481541e-02,2.742600e-01,5.793406e-03,4.680254e-02,7.917030e-02,1.856952e-01,7.456460e-03,2.794519e-02
1.411293e-01,2.333483e-02,1.890540e-02,2.361092e-02,1.148885e-01,3.562663e-02,2.020969e-02,5.334680e-02,3.045542e-01,5.084994e-03,3.634344e-02,5.776313e-02,1.374634e-01,6.283407e-03,2.145544e-02
1.250216e-01,2.726330e-02,2.321565e-02,6.653495e-02,1.165605e-01,3.301267e-02,2.024320e-02,6.880642e-02,3.133649e-01,4.920475e-03,2.794318e-02,4.139289e-02,1.088947e-01,4.795243e-03,1.803042e-02
