1.000000e+00,0.000000e+00,0.000000e+00,0.000000e+00,0.000000e+00,0.000000e+00,0.000000e+00,0.000000e+00,0.000000e+00,0.000000e+00,0.000000e+00,0.000000e+00,0.000000e+00,0.000000e+00,0.000000e+00
1.000000e+00,0.000000e+00,0.000000e+00,0.000000e+00,0.000000e+00,0.000000e+00,0.000000e+00,0.000000e+00,0.000000e+00,0.000000e+00,0.000000e+00,0.000000e+00,0.000000e+00,0.000000e+00,0.000000e+00
1.000000e+00,0.000000e+00,0.000000e+00,0.000000e+00,0.000000e+00,0.000000e+00,0.000000e+00,0.000000e+00,0.000000e+00,0.000000e+00,0.000000e+00,0.000000e+00,0.000000e+00,0.000000e+00,0.000000e+00
1.000000e+00,0.000000e+00,0.000000e+00,0.000000e+00,0.000000e+00,0.000000e+00,0.000000e+00,0.000000e+00,0.000000e+00,0.000000e+00,0.000000e+00,0.000000e+00,0.000000e+00,0.000000e+00,0.000000e+00
1.000000e+00,0.000000e+00,0.000000e+00,0.000000e+00,0.000000e+00,0.000000e+00,0.000000e+00,0.000000e+00,0.000000e+00,0.000000e+00,0.000000e+00,0.000000e+00,0.000000e+00,0.000000e+00,0.000000e+00
1.000000e+00,0.000000e+00,0.000000e+00,0.000000e+00,0.000000e+00,0.000000e+00,0.000000e+00,0.000000e+00,0.000000e+00,0.000000e+00,0.000000e+00,0.000000e+00,0.000000e+00,0.000000e+00,0.000000e+00
1.000000e+00,0.000000e+00,0.000000e+00,0.000000e+00,0.000000e+00,0.000000e+00,0.000000e+00,0.000000e+00,0.000000e+00,0.000000e+00,0.000000e+00,0.000000e+00,0.000000e+00,0.000000e+00,0.000000e+00
1.000000e+00,0.000000e+00,0.000000e+00,0.000000e+00,0.000000e+00,0.000000e+00,0.000000e+00,0.000000e+00,0.000000e+00,0.000000e+00,0.000000e+00,0.000000e+00,0.000000e+00,0.000000e+00,0.000000e+00
1.000000e+00,0.000000e+00,0.000000e+00,0.000000e+00,0.000000e+00,0.000000e+00,0.000000e+00,0.000000e+00,0.000000e+00,0.000000e+00,0.000000e+00,0.000000e+00,0.000000e+00,0.000000e+00,0.000000e+00
1.000000e+00,0.000000e+00,0.000000e+00,0.000000e+00,0.000000e+00,0.000000e+00,0.000000e+00,0.000000e+00,0.000000e+00,0.000000e+00,0.000000e+00,0.000000e+00,0.000000e+00,0.000000e+00,0.000000e+00
1.000000e+00,0.000000e+00,0.000000e+00,0.000000e+00,0.000000e+00,0.000000e+00,0.000000e+00,0.000000e+00,0.000000e+00,0.000000e+00,0.000000e+00,0.000000e+00,0.000000e+00,0.000000e+00,0.000000e+00
1.000000e+00,0.000000e+00,0.000000e+00,0.000000e+00,0.000000e+00,0.000000e+00,0.000000e+00,0.000000e+00,0.000000e+00,0.000000e+00,0.000000e+00,0.000000e+00,0.000000e+00,0.000000e+00,0.000000e+00
1.000000e+00,0.000000e+00,0.000000e+00,0.000000e+00,0.000000e+00,0.000000e+00,0.000000e+00,0.000000e+00,0.000000e+00,0.000000e+00,0.000000e+00,0.000000e+00,0.000000e+00,0.000000e+00,0.000000e+00
1.000000e+00,0.000000e+00,0.000000e+00,0.000000e+00,0.000000e+00,0.000000e+00,0.000000e+00,0.000000e+00,0.000000e+00,0.000000e+00,0.000000e+00,0.000000e+00,0.000000e+00,0.000000e+00,0.000000e+00
1.000000e+00,0.000000e+00,0.000000e+00,0.000000e+00,0.000000e+00,0.000000e+00,0.000000e+00,0.000000e+00,0.000000e+00,0.000000e+00,0.000000e+00,0.000000e+00,0.000000e+00,0.000000e+00,0.000000e+00
1.000000e+00,0.000000e+00,0.000000e+00,0.000000e+00,0.000000e+00,0.000000e+00,0.000000e+00,0.000000e+00,0.000000e+00,0.000000e+00,0.000000e+00,0.000000e+00,0.000000e+00,0.000000e+00,0.000000e+00
1.000000e+00,0.000000e+00,0.000000e+00,0.000000e+00,0.000000e+00,0.000000e+00,0.000000e+00,0.000000e+00,0.000000e+00,0.000000e+00,0.000000e+00,0.000000e+00,0.000000e+00,0.000000e+00,0.000000e+00
1.000000e+00,0.000000e+00,0.000000e+00,0.000000e+00,0.000000e+00,0.000000e+00,0.000000e+00,0.000000e+00,0.000000e+00,0.000000e+00,0.000000e+00,0.000000e+00,0.000000e+00,0.000000e+00,0.000000e+00
1.000000e+00,0.000000e+00,0.000000e+00,0.000000e+00,0.000000e+00,0.000000e+00,0.000000e+00,0.000000e+00,0.000000e+00,0.000000e+00,0.000000e+00,0.000000e+00,0.000000e+00,0.000000e+00,0.000000e+00
1.000000e+00,0.000000e+00,0.000000e+00,0.000000e+00,0.000000e+00,0.000000e+00,0.000000e+00,0.000000e+00,0.000000e+00,0.000000e+00,0.000000e+00,0.000000e+00,0.000000e+00,0.000000e+00,0.000000e+00
1.000000e+00,0.000000e+00,0.000000e+00,0.000000e+00,0.000000e+00,0.000000e+00,0.000000e+00,0.000000e+00,0.000000e+00,0.000000e+00,0.000000e+00,0.000000e+00,0.000000e+00,0.000000e+00,0.000000e+00
1.000000e+00,0.000000e+00,0.000000e+00,0.000000e+00,0.000000e+00,0.000000e+00,0.000000e+00,0.000000e+00,0.000000e+00,0.000000e+00,0.000000e+00,0.000000e+00,0.000000e+00,0.000000e+00,0.000000e+00
1.000000e+00,0.000000e+00,0.000000e+00,0.000000e+00,0.000000e+00,0.000000e+00,0.000000e+00,0.000000e+00,0.000000e+00,0.000000e+00,0.000000e+00,0.000000e+00,0.000000e+00,0.000000e+00,0.000000e+00
1.000000e+00,0.000000e+00,0.000000e+00,0.000000e+00,0.000000e+00,0.000000e+00,0.000000e+00,0.000000e+00,0.000000e+00,0.000000e+00,0.000000e+00,0.000000e+00,0.000000e+00,0.000000e+00,0.000000e+00
1.000000e+00,0.000000e+00,0.000000e+00,0.000000e+00,0.000000e+00,0.000000e+00,0.000000e+00,0.000000e+00,0.000000e+00,0.000000e+00,0.000000e+00,0.000000e+00,0.000000e+00,0.000000e+00,0.000000e+00
1.000000e+00,0.000000e+00,0.000000e+00,0.000000e+00,0.000000e+00,0.000000e+00,0.000000e+00,0.000000e+00,0.000000e+00,0.000000e+00,0.000000e+00,0.000000e+00,0.000000e+00,0.000000e+00,0.000000e+00
1.000000e+00,0.000000e+00,0.000000e+00,0.000000e+00,0.000000e+00,0.000000e+00,0.000000e+00,0.000000e+00,0.000000e+00,0.000000e+00,0.000000e+00,0.000000e+00,0.000000e+00,0.000000e+00,0.000000e+00
1.000000e+00,0.000000e+00,0.000000e+00,0.000000e+00,0.000000e+00,0.000000e+00,0.000000e+00,0.000000e+00,0.000000e+00,0.000000e+00,0.000000e+00,0.000000e+00,0.000000e+00,0.000000e+00,0.000000e+00
1.000000e+00,0.000000e+00,0.000000e+00,0.000000e+00,0.000000e+00,0.000000e+00,0.000000e+00,0.000000e+00,0.000000e+00,0.000000e+00,0.000000e+00,0.000000e+00,0.000000e+00,0.000000e+00,0.000000e+00
1.000000e+00,0.000000e+00,0.000000e+00,0.000000e+00,0.000000e+00,0.000000e+00,0.000000e+00,0.000000e+00,0.000000e+00,0.000000e+00,0.000000e+00,0.000000e+00,0.000000e+00,0.000000e+00,0.000000e+00
1.000000e+00,0.000000e+00,0.000000e+00,0.000000e+00,0.000000e+00,0.000000e+00,0.000000e+00,0.000000e+00,0.000000e+00,0.000000e+00,0.000000e+00,0.000000e+00,0.000000e+00,0.000000e+00,0.000000e+00
1.000000e+00,0.000000e+00,0.000000e+00,0.000000e+00,0.000000e+00,0.000000e+00,0.000000e+00,0.000000e+00,0.000000e+00,0.000000e+00,0.000000e+00,0.000000e+00,0.000000e+00,0.000000e+00,0.000000e+00
1.000000e+00,0.000000e+00,0.000000e+00,0.000000e+00,0.000000e+00,0.000000e+00,0.000000e+00,0.000000e+00,0.000000e+00,0.000000e+00,0.000000e+00,0.000000e+00,0.000000e+00,0.000000e+00,0.000000e+00
1.000000e+00,0.000000e+00,0.000000e+00,0.000000e+00,0.000000e+00,0.000000e+00,0.000000e+00,0.000000e+00,0.000000e+00,0.000000e+00,0.000000e+00,0.000000e+00,0.000000e+00,0.000000e+00,0.000000e+00
1.000000e+00,0.000000e+00,0.000000e+00,0.000000e+00,0.000000e+00,0.000000e+00,0.000000e+00,0.000000e+00,0.000000e+00,0.000000e+00,0.000000e+00,0.000000e+00,0.000000e+00,0.000000e+00,0.000000e+00
1.000000e+00,0.000000e+00,0.000000e+00,0.000000e+00,0.000000e+00,0.000000e+00,0.000000e+00,0.000000e+00,0.000000e+00,0.000000e+00,0.000000e+00,0.000000e+00,0.000000e+00,0.000000e+00,0.000000e+00
1.000000e+00,0.000000e+00,0.000000e+00,0.000000e+00,0.000000e+00,0.000000e+00,0.000000e+00,0.000000e+00,0.000000e+00,0.000000e+00,0.000000e+00,0.000000e+00,0.000000e+00,0.000000e+00,0.000000e+00
1.000000e+00,0.000000e+00,0.000000e+00,0.000000e+00,0.000000e+00,0.000000e+00,0.000000e+00,0.000000e+00,0.000000e+00,0.000000e+00,0.000000e+00,0.000000e+00,0.000000e+00,0.000000e+00,0.000000e+00
1.000000e+00,0.000000e+00,0.000000e+00,0.000000e+00,0.000000e+00,0.000000e+00,0.000000e+00,0.000000e+00,0.000000e+00,0.000000e+00,0.000000e+00,0.000000e+00,0.000000e+00,0.000000e+00,0.000000e+00
1.000000e+00,0.000000e+00,0.000000e+00,0.000000e+00,0.000000e+00,0.000000e+00,0.000000e+00,0.000000e+00,0.000000e+00,0.000000e+00,0.000000e+00,0.000000e+00,0.000000e+00,0.000000e+00,0.000000e+00
1.000000e+00,0.000000e+00,0.000000e+00,0.000000e+00,0.000000e+00,0.000000e+00,0.000000e+00,0.000000e+00,0.000000e+00,0.000000e+00,0.000000e+00,0.000000e+00,0.000000e+00,0.000000e+00,0.000000e+00
1.000000e+00,0.000000e+00,0.000000e+00,0.000000e+00,0.000000e+00,0.000000e+00,0.000000e+00,0.000000e+00,0.000000e+00,0.000000e+00,0.000000e+00,0.000000e+00,0.000000e+00,0.000000e+00,0.000000e+00
1.000000e+00,0.000000e+00,0.000000e+00,0.000000e+00,0.000000e+00,0.000000e+00,0.000000e+00,0.000000e+00,0.000000e+00,0.000000e+00,0.000000e+00,0.000000e+00,0.000000e+00,0.000000e+00,0.000000e+00
1.000000e+00,0.000000e+00,0.000000e+00,0.000000e+00,0.000000e+00,0.000000e+00,0.000000e+00,0.000000e+00,0.000000e+00,0.000000e+00,0.000000e+00,0.000000e+00,0.000000e+00,0.000000e+00,0.000000e+00
1.000000e+00,0.000000e+00,0.000000e+00,0.000000e+00,0.000000e+00,0.000000e+00,0.000000e+00,0.000000e+00,0.000000e+00,0.000000e+00,0.000000e+00,0.000000e+00,0.000000e+00,0.000000e+00,0.000000e+00
1.000000e+00,0.000000e+00,0.000000e+00,0.000000e+00,0.000000e+00,0.000000e+00,0.000000e+00,0.000000e+00,0.000000e+00,0.000000e+00,0.000000e+00,0.000000e+00,0.000000e+00,0.000000e+00,0.000000e+00
1.000000e+00,0.000000e+00,0.000000e+00,0.000000e+00,0.000000e+00,0.000000e+00,0.000000e+00,0.000000e+00,0.000000e+00,0.000000e+00,0.000000e+00,0.000000e+00,0.000000e+00,0.000000e+00,0.000000e+00
1.000000e+00,0.000000e+00,0.000000e+00,0.000000e+00,0.000000e+00,0.000000e+00,0.000000e+00,0.000000e+00,0.000000e+00,0.000000e+00,0.000000e+00,0.000000e+00,0.000000e+00,0.000000e+00,0.000000e+00
1.000000e+00,0.000000e+00,0.000000e+00,0.000000e+00,0.000000e+00,0.000000e+00,0.000000e+00,0.000000e+00,0.000000e+00,0.000000e+00,0.000000e+00,0.000000e+00,0.000000e+00,0.000000e+00,0.000000e+00
1.000000e+00,0.000000e+00,0.000000e+00,0.000000e+00,0.000000e+00,0.000000e+00,0.000000e+00,0.000000e+00,0.000000e+00,0.000000e+00,0.000000e+00,0.000000e+00,0.000000e+00,0.000000e+00,0.000000e+00
1.000000e+00,0.000000e+00,0.000000e+00,0.000000e+00,0.000000e+00,0.000000e+00,0.000000e+00,0.000000e+00,0.000000e+00,0.000000e+00,0.000000e+00,0.000000e+00,0.000000e+00,0.000000e+00,0.000000e+00
1.000000e+00,0.000000e+00,0.000000e+00,0.000000e+00,0.000000e+00,0.000000e+00,0.000000e+00,0.000000e+00,0.000000e+00,0.000000e+00,0.000000e+00,0.000000e+00,0.000000e+00,0.000000e+00,0.000000e+00
1.000000e+00,0.000000e+00,0.000000e+00,0.000000e+00,0.000000e+00,0.000000e+00,0.000000e+00,0.000000e+00,0.000000e+00,0.000000e+00,0.000000e+00,0.000000e+00,0.000000e+00,0.000000e+00,0.000000e+00
1.000000e+00,0.000000e+00,0.000000e+00,0.000000e+00,0.000000e+00,0.000000e+00,0.000000e+00,0.000000e+00,0.000000e+00,0.000000e+00,0.000000e+00,0.000000e+00,0.000000e+00,0.000000e+00,0.000000e+00
1.000000e+00,0.000000e+00,0.000000e+00,0.000000e+00,0.000000e+00,0.000000e+00,0.000000e+00,0.000000e+00,0.000000e+00,0.000000e+00,0.000000e+00,0.000000e+00,0.000000e+00,0.000000e+00,0.000000e+00
1.000000e+00,0.000000e+00,0.000000e+00,0.000000e+00,0.000000e+00,0.000000e+00,0.000000e+00,0.000000e+00,0.000000e+00,0.000000e+00,0.000000e+00,0.000000e+00,0.000000e+00,0.000000e+00,0.000000e+00
1.000000e+00,0.000000e+00,0.000000e+00,0.000000e+00,0.000000e+00,0.000000e+00,0.000000e+00,0.000000e+00,0.000000e+00,0.000000e+00,0.000000e+00,0.000000e+00,0.000000e+00,0.000000e+00,0.000000e+00
1.000000e+00,0.000000e+00,0.000000e+00,0.000000e+00,0.000000e+00,0.000000e+00,0.000000e+00,0.000000e+00,0.000000e+00,0.000000e+00,0.000000e+00,0.000000e+00,0.000000e+00,0.000000e+00,0.000000e+00
1.000000e+00,0.000000e+00,0.000000e+00,0.000000e+00,0.000000e+00,0.000000e+00,0.000000e+00,0.000000e+00,0.000000e+00,0.000000e+00,0.000000e+00,0.000000e+00,0.000000e+00,0.000000e+00,0.000000e+00
1.000000e+00,0.000000e+00,0.000000e+00,0.000000e+00,0.000000e+00,0.000000e+00,0.000000e+00,0.000000e+00,0.000000e+00,0.000000e+00,0.000000e+00,0.000000e+00,0.000000e+00,0.000000e+00,0.000000e+00
4.948640e-01,2.233626e-02,1.665364e-01,1.074784e-01,1.032663e-02,1.988923e-02,5.043026e-03,3.349452e-02,8.765026e-03,1.986782e-03,2.313179e-02,5.643523e-02,2.555737e-02,3.311010e-03,2.084421e-02
4.189150e-01,2.071099e-02,2.455693e-01,9.347258e-02,8.935567e-03,1.823206e-02,4.195309e-03,4.325731e-02,9.723811e-03,2.317291e-03,3.560838e-02,4.761714e-02,2.188666e-02,5.321656e-03,2.423694e-02
3.375202e-01,1.541618e-02,3.541221e-01,7.494241e-02,7.006785e-03,2.165833e-02,5.722390e-03,7.135995e-02,7.124057e-03,1.737969e-03,2.805712e-02,3.641087e-02,1.668933e-02,4.010175e-03,1.822209e-02
2.709968e-01,1.140807e-02,4.183090e-01,6.195654e-02,5.368400e-03,2.781514e-02,1.017764e-02,1.078135e-01,5.271460e-03,1.299229e-03,2.119953e-02,2.730862e-02,1.419547e-02,3.022317e-03,1.385829e-02
2.236981e-01,8.246380e-03,4.279948e-01,4.949186e-02,4.351698e-03,3.543596e-02,3.490837e-02,1.494813e-01,3.911162e-03,9.798667e-04,1.512568e-02,1.949737e-02,1.444025e-02,2.303898e-03,1.013328e-02
1.800068e-01,6.523037e-03,3.511921e-01,6.094056e-02,3.181991e-03,4.970270e-02,2.536372e-02,1.227173e-01,8.419191e-03,1.102055e-02,2.023224e-02,3.878009e-02,7.548392e-02,7.763826e-03,3.867200e-02
1.288864e-01,5.069886e-03,2.555343e-01,9.191174e-02,3.007756e-03,4.140751e-02,2.496406e-02,9.699300e-02,8.473747e-03,1.167833e-02,4.274140e-02,7.237770e-02,1.811965e-01,6.004900e-03,2.975279e-02
9.213058e-02,3.816186e-03,1.793431e-01,7.485154e-02,3.155240e-03,3.290198e-02,1.933924e-02,6.856360e-02,9.862301e-03,1.206310e-02,4.701777e-02,1.599984e-01,2.698007e-01,5.651752e-03,2.150457e-02
6.591766e-02,2.955988e-03,1.256314e-01,5.601671e-02,4.650132e-03,2.656002e-02,1.508437e-02,4.838702e-02,1.650758e-02,1.352058e-02,4.631720e-02,2.555565e-01,3.018848e-01,5.302017e-03,1.570799e-02
5.042264e-02,2.638635e-03,8.830477e-02,4.129178e-02,5.893414e-03,2.273324e-02,1.474972e-02,3.759217e-02,2.721840e-02,1.323694e-02,7.227892e-02,3.764316e-01,2.258536e-01,9.103782e-03,1.225034e-02
4.113605e-02,2.776304e-03,6.193382e-02,2.950048e-02,4.324201e-03,1.848204e-02,1.165848e-02,2.681643e-02,3.134441e-02,1.335482e-02,1.016183e-01,4.663669e-01,1.655118e-01,1.573889e-02,9.437025e-03
3.236341e-02,2.825805e-03,4.353468e-02,2.234349e-02,3.221845e-03,1.900617e-02,9.867887e-03,1.995571e-02,3.623238e-02,1.458295e-02,1.949497e-01,4.548983e-01,1.193424e-01,1.874638e-02,8.128862e-03
2.467808e-02,6.669312e-03,3.059367e-02,1.613412e-02,2.769629e-03,1.521246e-02,7.051526e-03,1.419646e-02,3.644057e-02,1.324828e-02,3.174470e-01,3.960255e-01,8.504155e-02,2.730614e-02,7.185680e-03
1.808573e-02,2.045244e-02,2.172618e-02,1.151857e-02,5.827050e-03,1.084474e-02,4.991012e-03,1.017006e-02,7.852622e-02,1.386328e-02,3.250059e-01,3.822681e-01,6.146367e-02,2.946220e-02,5.794785e-03
1.321719e-02,2.625050e-02,1.551590e-02,8.184662e-03,6.950170e-03,8.895970e-03,3.609884e-03,7.522863e-03,1.092603e-01,1.139768e-02,3.660480e-01,3.186977e-01,4.452432e-02,5.402787e-02,5.896930e-03
9.698841e-03,2.654811e-02,1.161927e-02,5.833772e-03,6.176800e-03,6.868755e-03,2.624483e-03,5.525352e-03,1.360236e-01,8.573204e-03,3.817862e-01,3.201251e-01,3.163613e-02,4.238468e-02,4.575657e-03
7.111980e-03,2.516764e-02,9.309865e-03,4.197682e-03,5.292188e-03,6.368359e-03,1.884075e-03,4.243907e-03,1.186077e-01,6.526426e-03,4.641659e-01,2.884466e-01,2.237883e-02,3.283823e-02,3.460643e-03
5.598460e-03,2.366738e-02,3.051111e-02,3.538901e-03,5.698761e-03,5.295798e-03,1.442273e-03,3.917737e-03,9.046400e-02,5.286622e-03,5.354154e-01,2.460744e-01,1.577771e-02,2.458671e-02,2.724745e-03
4.736681e-03,1.833683e-02,2.423682e-02,2.828471e-03,8.043891e-03,3.991032e-03,1.171996e-03,3.272010e-03,1.038010e-01,4.951727e-03,6.076496e-01,1.853192e-01,1.114430e-02,1.839111e-02,2.125408e-03
7.145601e-03,1.689564e-02,3.225487e-02,3.490040e-03,9.569726e-03,6.601758e-03,1.069838e-03,5.503847e-03,1.274948e-01,1.488681e-02,6.044244e-01,1.402563e-01,8.677497e-03,1.906659e-02,2.662287e-03
7.997347e-03,1.332337e-02,2.524122e-02,3.726638e-03,1.621781e-02,5.194268e-03,1.077508e-03,5.990023e-03,2.208907e-01,1.977246e-02,5.438740e-01,1.106454e-01,7.064616e-03,1.660454e-02,2.380172e-03
1.322441e-02,1.346826e-02,2.574982e-02,5.747611e-03,2.144785e-02,5.351738e-03,1.006192e-03,9.632787e-03,2.409738e-01,3.059804e-02,5.083950e-01,8.987297e-02,6.467356e-03,2.407644e-02,3.987730e-03
1.721686e-02,3.311055e-02,2.544927e-02,5.814242e-03,1.630578e-02,9.449333e-03,1.034611e-03,2.592063e-02,3.259848e-01,2.966058e-02,3.935936e-01,6.731617e-02,5.646460e-03,3.922623e-02,4.270872e-03
1.580379e-02,3.787602e-02,1.943630e-02,4.575182e-03,1.219254e-02,8.497527e-03,7.944598e-04,2.111054e-02,3.375235e-01,2.530340e-02,3.911223e-01,5.608194e-02,4.861761e-03,6.005871e-02,4.761975e-03
2.188986e-02,5.257468e-02,1.588492e-02,4.651854e-03,9.717208e-03,7.881298e-03,6.661713e-04,1.773696e-02,3.057065e-01,2.307460e-02,3.443348e-01,4.288266e-02,3.972245e-03,1.414116e-01,7.614566e-03
4.271815e-02,4.504949e-02,1.426054e-02,1.645361e-02,1.048580e-02,7.865093e-03,6.646164e-04,2.239671e-02,2.749194e-01,2.365394e-02,3.461712e-01,3.705661e-02,6.872010e-03,1.441165e-01,7.316293e-03
7.317022e-02,4.359517e-02,1.269629e-02,1.430217e-02,1.096652e-02,9.363820e-03,8.984953e-04,2.114272e-02,2.271373e-01,2.686829e-02,3.657428e-01,3.945011e-02,9.146150e-03,1.375820e-01,7.937933e-03
8.017068e-02,3.856905e-02,1.091797e-02,1.398307e-02,1.012236e-02,9.347714e-03,8.225585e-04,1.717021e-02,1.671088e-01,3.318976e-02,4.464677e-01,4.430559e-02,1.088816e-02,1.093049e-01,7.631426e-03
9.906024e-02,3.730952e-02,8.481564e-03,1.273486e-02,7.809043e-03,9.105001e-03,7.239287e-04,1.336383e-02,1.274565e-01,2.852328e-02,4.940438e-01,5.553461e-02,1.009787e-02,8.764046e-02,8.115418e-03
1.118953e-01,2.957529e-02,6.838591e-03,1.116236e-02,7.179304e-03,8.480354e-03,5.997146e-04,9.896288e-03,9.311900e-02,2.298903e-02,5.587863e-01,5.467356e-02,8.509930e-03,6.923331e-02,7.061689e-03
1.339113e-01,2.437040e-02,5.458361e-03,1.010844e-02,5.569256e-03,7.950314e-03,5.424090e-04,7.481103e-03,6.948669e-02,1.993318e-02,5.533233e-01,8.596587e-02,7.919140e-03,6.091269e-02,7.067525e-03
1.372205e-01,1.890497e-02,4.205484e-03,8.342348e-03,4.247631e-03,7.452256e-03,4.644385e-04,5.559202e-03,5.125553e-02,1.767910e-02,5.791855e-01,9.975657e-02,7.141465e-03,5.225566e-02,6.329327e-03
1.402632e-01,1.632408e-02,3.776967e-03,6.835152e-03,3.591548e-03,7.509901e-03,4.630605e-04,4.252474e-03,3.852558e-02,1.501586e-02,5.234741e-01,1.806774e-01,5.774756e-03,4.645873e-02,7.057155e-03
1.192821e-01,1.621365e-02,3.709533e-03,5.302394e-03,3.673864e-03,6.890364e-03,4.369370e-04,3.208726e-03,2.900816e-02,1.364630e-02,5.000389e-01,2.421587e-01,4.570573e-03,4.341393e-02,8.445898e-03
1.179103e-01,1.331556e-02,3.290924e-03,4.324154e-03,3.665328e-03,7.512123e-03,4.725388e-04,2.813186e-03,2.219527e-02,2.786252e-02,5.013536e-01,2.434793e-01,4.485670e-03,3.988888e-02,7.430637e-03
9.751362e-02,9.906222e-03,2.460149e-03,3.184624e-03,3.239533e-03,9.118233e-03,5.582273e-04,2.249672e-03,1.637566e-02,2.404762e-02,5.969827e-01,1.943065e-01,4.131931e-03,2.981498e-02,6.110393e-03
7.368252e-02,7.684708e-03,1.968831e-03,2.400257e-03,3.072135e-03,8.877596e-03,7.561379e-04,1.883490e-03,1.254830e-02,1.941958e-02,6.846973e-01,1.515909e-01,3.730518e-03,2.248102e-02,5.206717e-03
5.918517e-02,6.186167e-03,1.535150e-03,1.806733e-03,3.000416e-03,9.517949e-03,9.739337e-04,1.671991e-03,1.005958e-02,1.548026e-02,7.432916e-01,1.216170e-01,3.884805e-03,1.685324e-02,4.936040e-03
4.982117e-02,5.221535e-03,1.219412e-03,1.384183e-03,2.723751e-03,1.094965e-02,1.021692e-03,1.385000e-03,7.625226e-03,1.237198e-02,7.833297e-01,1.010562e-01,3.820406e-03,1.289313e-02,5.176954e-03
3.631974e-02,4.107509e-03,9.329825e-04,1.027457e-03,2.877225e-03,8.935774e-03,9.925774e-04,1.013466e-03,5.500002e-03,9.292196e-03,8.370875e-01,7.511787e-02,3.018236e-03,9.792712e-03,3.984730e-03
2.621208e-02,3.427579e-03,1.013725e-03,8.266597e-04,4.736800e-03,8.245797e-03,1.329945e-03,8.738405e-04,4.032609e-03,7.049388e-03,8.705052e-01,5.790420e-02,2.561903e-03,7.979319e-03,3.300890e-03
2.382213e-02,3.819433e-03,5.076469e-03,7.468574e-04,6.672683e-03,2.131969e-02,5.655037e-03,2.724762e-03,3.446593e-03,6.498407e-03,8.520350e-01,5.116491e-02,2.590078e-03,9.700904e-03,4.726973e-03
3.238994e-02,3.513910e-03,8.173189e-03,9.185981e-04,8.587994e-03,4.584504e-02,8.762859e-03,4.870388e-03,3.143334e-03,5.906769e-03,8.095916e-01,5.065779e-02,2.551961e-03,1.063553e-02,4.451084e-03
2.720777e-02,3.429058e-03,8.551730e-03,8.828361e-04,1.222180e-02,4.081075e-02,8.670504e-03,4.080681e-03,2.909763e-03,5.465837e-03,8.166231e-01,5.374496e-02,2.710736e-03,8.847022e-03,3.843480e-03
2.079955e-02,3.403562e-03,7.761349e-03,6.835144e-04,1.237261e-02,2.936330e-02,6.462259e-03,3.158242e-03,2.560018e-03,4.111008e-03,8.570695e-01,3.990033e-02,2.623992e-03,6.304073e-03,3.426716e-03
1.608071e-02,5.922793e-03,2.093240e-02,8.390110e-04,2.087851e-02,2.417003e-02,4.767886e-03,3.107913e-03,4.173676e-03,3.169924e-03,8.521401e-01,3.096694e-02,3.007206e-03,4.551001e-03,5.291900e-03
1.478000e-02,5.229393e-03,2.015146e-02,9.543658e-04,2.700353e-02,2.178447e-02,3.698654e-03,3.343650e-03,4.384967e-03,2.516566e-03,8.568357e-01,2.757507e-02,3.497053e-03,3.404428e-03,4.840745e-03
2.627797e-02,4.364397e-03,4.516272e-02,2.218977e-03,8.322367e-02,2.206279e-02,5.810508e-03,3.389192e-02,4.838072e-03,2.508552e-03,7.261968e-01,2.931974e-02,5.406584e-03,4.415893e-03,4.301495e-03
3.198615e-02,4.117872e-03,3.884757e-02,2.657059e-03,1.147656e-01,1.684797e-02,4.487374e-03,2.884758e-02,5.985958e-03,2.377664e-03,7.002046e-01,3.370140e-02,6.350209e-03,5.187215e-03,3.635829e-03
5.411554e-02,4.432885e-03,3.776084e-02,4.118927e-03,1.048630e-01,1.511519e-02,3.377809e-03,3.126630e-02,8.463656e-03,2.778289e-03,6.527519e-01,5.759677e-02,1.058110e-02,9.172501e-03,3.605265e-03
9.865034e-02,3.634851e-03,2.973090e-02,4.921409e-03,8.631099e-02,1.280833e-02,2.592620e-03,2.634194e-02,7.377124e-03,3.048683e-03,6.303799e-01,6.724204e-02,1.153376e-02,1.187945e-02,3.547731e-03
1.414201e-01,3.333894e-03,2.712305e-02,5.165407e-03,7.413651e-02,1.101534e-02,1.979383e-03,2.257661e-02,8.625629e-03,2.984417e-03,6.000679e-01,7.074656e-02,1.128361e-02,1.442341e-02,5.118198e-03
1.583405e-01,6.328445e-03,3.125538e-02,9.765729e-03,6.313569e-02,1.493802e-02,1.727201e-03,1.990247e-02,1.326680e-02,4.127382e-03,5.075268e-01,1.142041e-01,1.475646e-02,3.008125e-02,1.064373e-02
1.878794e-01,7.195987e-03,3.287153e-02,9.623244e-03,5.828043e-02,2.122120e-02,1.836958e-03,2.447629e-02,1.853825e-02,6.397847e-03,4.594781e-01,1.077272e-01,1.538225e-02,3.011452e-02,1.897668e-02
1.836091e-01,9.360667e-03,5.692989e-02,1.950970e-02,7.617051e-02,4.220653e-02,2.806667e-03,3.293335e-02,2.037629e-02,5.927030e-03,3.754533e-01,1.184454e-01,1.467860e-02,2.415046e-02,1.744244e-02
2.259587e-01,1.537638e-02,5.030649e-02,1.964817e-02,8.485953e-02,4.220092e-02,7.336252e-03,4.741117e-02,3.718032e-02,6.806524e-03,2.980407e-01,1.061740e-01,1.602092e-02,2.460834e-02,1.807147e-02
2.255287e-01,1.617666e-02,4.531597e-02,1.761099e-02,8.242704e-02,4.367699e-02,1.165236e-02,1.157540e-01,5.054406e-02,6.817278e-03,2.390687e-01,9.177157e-02,1.551952e-02,2.239241e-02,1.574366e-02
2.179039e-01,1.522638e-02,4.002712e-02,1.638016e-02,7.403840e-02,5.622394e-02,6.459676e-02,1.305245e-01,6.594586e-02,9.956202e-03,1.717009e-01,8.533543e-02,1.985346e-02,1.747576e-02,1.481124e-02
2.141657e-01,1.521634e-02,3.294366e-02,1.519929e-02,7.033872e-02,6.078658e-02,9.165943e-02,1.433978e-01,9.029008e-02,1.247342e-02,1.240565e-01,6.907411e-02,3.231885e-02,1.433876e-02,1.374077e-02
2.178558e-01,1.510757e-02,2.729902e-02,1.507394e-02,7.114345e-02,8.403464e-02,1.148954e-01,1.428280e-01,9.078797e-02,1.115043e-02,8.851026e-02,5.318842e-02,4.105967e-02,1.112254e-02,1.594290e-02
2.724253e-01,1.410310e-02,2.148585e-02,1.340405e-02,6.096055e-02,8.459830e-02,1.415345e-01,1.165904e-01,8.670047e-02,1.407839e-02,6.376381e-02,4.951960e-02,3.488652e-02,8.827302e-03,1.712187e-02
3.319310e-01,1.190815e-02,1.732796e-02,1.162714e-02,5.994831e-02,6.830086e-02,1.518846e-01,1.088981e-01,8.489757e-02,1.481321e-02,4.624794e-02,4.115931e-02,2.715012e-02,7.442747e-03,1.646304e-02
3.784411e-01,1.207467e-02,1.381116e-02,9.974586e-03,4.706870e-02,5.478600e-02,1.573717e-01,1.034995e-01,9.701133e-02,1.241908e-02,3.393973e-02,3.617959e-02,2.171689e-02,6.279974e-03,1.542597e-02
4.360172e-01,1.247817e-02,1.217848e-02,9.520584e-03,3.859195e-02,4.646100e-02,1.337325e-01,1.006536e-01,1.033306e-01,1.027305e-02,2.534631e-02,3.291279e-02,1.783030e-02,5.685918e-03,1.498751e-02
4.860461e-01,1.202128e-02,1.309227e-02,9.565582e-03,3.190145e-02,4.320318e-02,1.235711e-01,9.521692e-02,9.254386e-02,8.380519e-03,1.904625e-02,3.010078e-02,1.553719e-02,4.946244e-03,1.482723e-02
1.000000e+00,0.000000e+00,0.000000e+00,0.000000e+00,0.000000e+00,0.000000e+00,0.000000e+00,0.000000e+00,0.000000e+00,0.000000e+00,0.000000e+00,0.000000e+00,0.000000e+00,0.000000e+00,0.000000e+00
1.000000e+00,0.000000e+00,0.000000e+00,0.000000e+00,0.000000e+00,0.000000e+00,0.000000e+00,0.000000e+00,0.000000e+00,0.000000e+00,0.000000e+00,0.000000e+00,0.000000e+00,0.000000e+00,0.000000e+00
4.449413e-01,1.231001e-02,4.203734e-02,5.263272e-02,2.005030e-02,4.715084e-02,1.205504e-01,6.839564e-02,4.725884e-02,8.729570e-03,3.301496e-02,5.867454e-02,2.273953e-02,4.180840e-03,1.733319e-02
3.227782e-01,1.337908e-02,4.027608e-02,9.488358e-02,1.763063e-02,4.578222e-02,8.886083e-02,5.079624e-02,4.242373e-02,1.096414e-02,5.992786e-02,8.662525e-02,1.026857e-01,3.652470e-03,1.933400e-02
2.317147e-01,1.171255e-02,2.856441e-02,7.005105e-02,1.298825e-02,3.523666e-02,6.321464e-02,3.603143e-02,7.054892e-02,8.705841e-03,7.316244e-02,1.629762e-01,1.738210e-01,3.794475e-03,1.747745e-02
1.624855e-01,9.568988e-03,2.000753e-02,4.941856e-02,9.565528e-03,2.529424e-02,4.433871e-02,2.528336e-02,2.596735e-01,6.169412e-03,5.576525e-02,1.330646e-01,1.811557e-01,2.971739e-03,1.523739e-02
1.152345e-01,9.465366e-03,1.405423e-02,3.550488e-02,7.378787e-03,1.854032e-02,3.113202e-02,1.784590e-02,4.407810e-01,4.446091e-03,4.105821e-02,9.931771e-02,1.472679e-01,2.308594e-03,1.566450e-02
8.504501e-02,1.122391e-02,1.114920e-02,4.069054e-02,1.544579e-02,2.096251e-02,2.234634e-02,1.298196e-02,5.478532e-01,4.069969e-03,3.080591e-02,7.207558e-02,1.093973e-01,2.078637e-03,1.387409e-02
6.852775e-02,1.181054e-02,8.633092e-03,3.131439e-02,1.828633e-02,2.626543e-02,1.592940e-02,9.844322e-03,5.850449e-01,3.262910e-03,3.393520e-02,6.718980e-02,1.032118e-01,2.750563e-03,1.399348e-02
7.277115e-02,1.425625e-02,8.728012e-03,2.726614e-02,2.135186e-02,3.939268e-02,1.442193e-02,9.508952e-03,5.862123e-01,3.291326e-03,2.997450e-02,6.197872e-02,9.519834e-02,2.610469e-03,1.303733e-02
7.262261e-02,1.886884e-02,7.139272e-03,2.457313e-02,2.216225e-02,4.799275e-02,1.225135e-02,8.999900e-03,4.960708e-01,4.383134e-03,2.963711e-02,6.049896e-02,1.775474e-01,2.807162e-03,1.444528e-02
6.224905e-02,2.108704e-02,7.534109e-03,3.057937e-02,2.179509e-02,5.740469e-02,1.032646e-02,7.728446e-03,3.818444e-01,6.829531e-03,2.454212e-02,5.868363e-02,2.861436e-01,2.571058e-03,2.068134e-02
8.264162e-02,1.703362e-02,5.898583e-03,2.367748e-02,1.752217e-02,6.839323e-02,9.440169e-03,8.239402e-03,2.829260e-01,5.582504e-03,1.938259e-02,4.640093e-02,3.867655e-01,2.240182e-03,2.385603e-02
1.382787e-01,1.519886e-02,6.863011e-03,1.836141e-02,1.791752e-02,8.838136e-02,1.614167e-02,3.811453e-02,2.279195e-01,6.235392e-03,1.864310e-02,4.396395e-02,3.355356e-01,2.134128e-03,2.631127e-02
1.624931e-01,1.236401e-02,5.523573e-03,1.599468e-02,1.886807e-02,7.903516e-02,1.433067e-02,3.146273e-02,1.791873e-01,4.823655e-03,1.507029e-02,3.784396e-02,4.015661e-01,1.791331e-03,1.964530e-02
1.589425e-01,9.417618e-03,4.129050e-03,1.431460e-02,2.336130e-02,6.441879e-02,1.318196e-02,2.370343e-02,1.462489e-01,3.585238e-03,1.207522e-02,3.413633e-02,4.766574e-01,1.337444e-03,1.449017e-02
1.558717e-01,7.805255e-03,3.533302e-03,1.543993e-02,2.844229e-02,5.627778e-02,1.443735e-02,1.903049e-02,1.274720e-01,2.955232e-03,1.082317e-02,3.334574e-02,5.122578e-01,1.043808e-03,1.126407e-02
1.527091e-01,7.213892e-03,2.882496e-03,1.530410e-02,3.012823e-02,4.700425e-02,1.243843e-02,1.473790e-02,1.168941e-01,2.784568e-03,1.010459e-02,3.054092e-02,5.465097e-01,1.000135e-03,9.747533e-03
1.622671e-01,7.777945e-03,3.156341e-03,4.582036e-02,4.212530e-02,4.036511e-02,1.502524e-02,1.393778e-02,1.221364e-01,2.706543e-03,1.025502e-02,3.155566e-02,4.921579e-01,1.018182e-03,9.695080e-03
1.996728e-01,8.816696e-03,3.747951e-03,5.266161e-02,3.829561e-02,3.564581e-02,1.652680e-02,1.430147e-02,1.192556e-01,2.324900e-03,8.891514e-03,3.041049e-02,4.590247e-01,1.083053e-03,9.340908e-03
2.563184e-01,9.473700e-03,8.219823e-03,5.120932e-02,3.789683e-02,2.918765e-02,1.481584e-02,3.994611e-02,1.023405e-01,2.086778e-03,9.708788e-03,3.327610e-02,3.962178e-01,1.452432e-03,7.849878e-03
3.044401e-01,9.780729e-03,1.076236e-02,4.621883e-02,5.099897e-02,2.551863e-02,4.140360e-02,7.222987e-02,8.905716e-02,2.061043e-03,8.758414e-03,2.727140e-02,3.033243e-01,1.321358e-03,6.853206e-03
3.009386e-01,1.058017e-02,1.565600e-02,3.720983e-02,4.189836e-02,5.777298e-02,5.881243e-02,1.203427e-01,7.865980e-02,2.160293e-03,8.289106e-03,2.342141e-02,2.365493e-01,1.182768e-03,6.526170e-03
2.686445e-01,1.014544e-02,1.932398e-02,3.215183e-02,3.411983e-02,7.398738e-02,5.592188e-02,2.091497e-01,6.688344e-02,1.904075e-03,7.635200e-03,2.143776e-02,1.917508e-01,9.813812e-04,5.962660e-03
2.435431e-01,9.550742e-03,1.884970e-02,2.403443e-02,3.002684e-02,6.799713e-02,7.363323e-02,2.731944e-01,6.421517e-02,1.941827e-03,7.677429e-03,2.455592e-02,1.549005e-01,8.451845e-04,5.034435e-03
2.553915e-01,9.377324e-03,1.701828e-02,2.505319e-02,2.399974e-02,6.890969e-02,6.144141e-02,2.686305e-01,5.235112e-02,4.192343e-03,1.606802e-02,4.693899e-02,1.419148e-01,2.195506e-03,6.517570e-03
1.968698e-01,1.516466e-02,2.560483e-02,5.220202e-02,1.962495e-02,7.867116e-02,5.554793e-02,2.068454e-01,3.943774e-02,9.111302e-03,1.793392e-02,4.883583e-02,2.198093e-01,1.992754e-03,1.234827e-02
1.495824e-01,1.183515e-02,1.968270e-02,5.011348e-02,1.517362e-02,5.811705e-02,4.107505e-02,1.506495e-01,3.418323e-02,9.707910e-03,2.779375e-02,6.147118e-02,3.550531e-01,1.867349e-03,1.369451e-02
1.175553e-01,9.831100e-03,1.677060e-02,4.584011e-02,1.190049e-02,4.304687e-02,2.998780e-02,1.067729e-01,3.116042e-02,8.557617e-03,3.246421e-02,5.940737e-02,4.626261e-01,1.599712e-03,2.247933e-02
8.406595e-02,8.733938e-03,1.307474e-02,3.936156e-02,9.414391e-03,3.614604e-02,2.146056e-02,7.520844e-02,4.032925e-02,7.010438e-03,2.707895e-02,5.040420e-02,5.571678e-01,1.271742e-03,2.927201e-02
7.026982e-02,3.259919e-02,1.189698e-02,4.324069e-02,7.621404e-03,2.752017e-02,1.578852e-02,5.402624e-02,2.337947e-01,6.039334e-03,2.086622e-02,3.938687e-02,4.131037e-01,1.391671e-03,2.245450e-02
6.697074e-02,2.994630e-02,9.048540e-03,3.728417e-02,5.911898e-03,2.309969e-02,1.125984e-02,3.857161e-02,1.940961e-01,4.634777e-03,3.620218e-02,4.352797e-02,4.673468e-01,3.124087e-03,2.897525e-02
5.793567e-02,2.210279e-02,7.742480e-03,2.847832e-02,6.775807e-03,2.118077e-02,8.463447e-03,2.718493e-02,1.426740e-01,3.806370e-03,5.614468e-02,5.186655e-02,5.067642e-01,3.821382e-03,5.505855e-02
5.083958e-02,1.640477e-02,6.542204e-03,2.315567e-02,7.925855e-03,1.733322e-02,6.529120e-03,1.970075e-02,1.078506e-01,3.114930e-03,4.524560e-02,9.747791e-02,4.927130e-01,4.153868e-03,1.010129e-01
8.054978e-02,1.226654e-02,7.315172e-03,1.773338e-02,7.173634e-03,3.644894e-02,9.509033e-03,1.696540e-02,8.450317e-02,3.312891e-03,4.541067e-02,1.253574e-01,4.590004e-01,6.489172e-03,8.796442e-02
6.308464e-02,9.573363e-03,6.436408e-03,1.333561e-02,7.996405e-03,2.877865e-02,7.644126e-03,1.417181e-02,6.695208e-02,4.183673e-03,3.670268e-02,1.424635e-01,5.151482e-01,6.539846e-03,7.698908e-02
4.556920e-02,8.689855e-03,5.691594e-03,9.648058e-03,7.839385e-03,2.258208e-02,5.792165e-03,1.042127e-02,6.102397e-02,5.320637e-03,3.053049e-02,2.370113e-01,4.769143e-01,7.858803e-03,6.510702e-02
3.439214e-02,7.438859e-03,6.744489e-03,6.950475e-03,1.582023e-02,1.952818e-02,1.034831e-02,1.214057e-02,5.674657e-02,6.142430e-03,2.347791e-02,2.611163e-01,4.778217e-01,6.027248e-03,5.530465e-02
2.541975e-02,8.610322e-03,5.075329e-03,5.020539e-03,1.484542e-02,1.806347e-02,7.515415e-03,8.995192e-03,5.833512e-02,7.170625e-03,1.853744e-02,2.561878e-01,5.212253e-01,4.457058e-03,4.054122e-02
2.334265e-02,3.783114e-02,6.298938e-03,9.926502e-03,1.390072e-02,4.349675e-02,5.691064e-03,7.382766e-03,1.228584e-01,8.203847e-03,1.623192e-02,2.006305e-01,4.689222e-01,4.150628e-03,3.113195e-02
1.941486e-02,6.720209e-02,5.163498e-03,8.368073e-03,1.111146e-02,7.240208e-02,4.295935e-03,7.294696e-03,1.487528e-01,7.221673e-03,1.592650e-02,1.629979e-01,4.420684e-01,3.666907e-03,2.411314e-02
1.419244e-02,7.570197e-02,4.561710e-03,1.337420e-02,8.295205e-03,6.994132e-02,3.085605e-03,5.454542e-03,3.260534e-01,6.733840e-03,1.309663e-02,1.162520e-01,3.210823e-01,3.173213e-03,1.900171e-02
1.118460e-02,6.569526e-02,3.529424e-03,9.998734e-03,6.109447e-03,7.621743e-02,2.266504e-03,4.674342e-03,4.360918e-01,6.419627e-03,1.613883e-02,8.701889e-02,2.542244e-01,4.160378e-03,1.627042e-02
1.127318e-02,5.718396e-02,3.008729e-03,9.193618e-03,6.108208e-03,1.125827e-01,2.069155e-03,4.733663e-03,4.067541e-01,6.174535e-03,2.167296e-02,7.102057e-02,2.668391e-01,5.950915e-03,1.543463e-02
2.127180e-02,5.310145e-02,2.807126e-03,1.444088e-02,5.019347e-03,1.274179e-01,1.801450e-03,4.455645e-03,3.790522e-01,5.643714e-03,1.694333e-02,5.505862e-02,2.901377e-01,6.731784e-03,1.611715e-02
3.122748e-02,4.363226e-02,2.560101e-03,1.160748e-02,6.197569e-03,1.836743e-01,2.342807e-03,7.602512e-03,2.939029e-01,4.331404e-03,1.309414e-02,4.813134e-02,3.295251e-01,6.688331e-03,1.548234e-02
4.412878e-02,3.862718e-02,2.028443e-03,1.000592e-02,6.817293e-03,2.794238e-01,1.993360e-03,7.355199e-03,2.228658e-01,3.458306e-03,1.063790e-02,4.752496e-02,3.049563e-01,6.903889e-03,1.327281e-02
5.056093e-02,3.535878e-02,3.673312e-03,2.904502e-02,1.410425e-02,2.868162e-01,2.247725e-03,1.497054e-02,2.172887e-01,3.477197e-03,9.243187e-03,3.575727e-02,2.782370e-01,5.522161e-03,1.369771e-02
8.079995e-02,2.689235e-02,3.321827e-03,2.312925e-02,1.179846e-02,3.347720e-01,2.136193e-03,1.628545e-02,1.704001e-01,2.696823e-03,8.344566e-03,2.907057e-02,2.701558e-01,7.075056e-03,1.312166e-02
1.484803e-01,2.172981e-02,2.539345e-03,1.697158e-02,1.056222e-02,2.994919e-01,2.203060e-03,1.236287e-02,1.463909e-01,2.047335e-03,1.073264e-02,3.418807e-02,2.707177e-01,9.488371e-03,1.209395e-02
1.212896e-01,1.965652e-02,3.049291e-03,1.536235e-02,9.479982e-03,2.154846e-01,2.240720e-03,9.689611e-03,1.217725e-01,2.428458e-03,1.516161e-02,6.629439e-02,3.696905e-01,1.439023e-02,1.400963e-02
1.141486e-01,2.153406e-02,2.824583e-03,1.448780e-02,1.007732e-02,1.567081e-01,2.098138e-03,8.256107e-03,1.137027e-01,6.018050e-03,2.094642e-02,8.085602e-02,4.070069e-01,1.972438e-02,2.161090e-02
9.879306e-02,2.130600e-02,1.465267e-02,2.705276e-02,1.144057e-02,1.120509e-01,1.906057e-03,9.311485e-03,1.317043e-01,9.364842e-03,4.073524e-02,1.060775e-01,3.746507e-01,2.048072e-02,2.047325e-02
8.771870e-02,1.929810e-02,1.241975e-02,2.547045e-02,1.006245e-02,8.085623e-02,1.669770e-03,7.788062e-03,1.137189e-01,2.170100e-02,4.578473e-02,1.441227e-01,3.430794e-01,4.287909e-02,4.343065e-02
9.457245e-02,1.794516e-02,1.024806e-02,2.441460e-02,1.106939e-02,5.964858e-02,1.898305e-03,6.411145e-03,1.155470e-01,2.821828e-02,5.377623e-02,2.050834e-01,2.956470e-01,3.767524e-02,3.784529e-02
1.145537e-01,1.638293e-02,3.665654e-02,3.927469e-02,1.938559e-02,5.186944e-02,3.159170e-03,4.952269e-02,9.963731e-02,2.378318e-02,5.797774e-02,1.832631e-01,2.416061e-01,3.197742e-02,3.095053e-02
1.664055e-01,1.650211e-02,3.002452e-02,4.203137e-02,2.645399e-02,4.214023e-02,7.474541e-03,4.053086e-02,1.039835e-01,2.086124e-02,5.553477e-02,1.673677e-01,2.234178e-01,2.736403e-02,2.990801e-02
2.142690e-01,1.762067e-02,2.844040e-02,5.253305e-02,3.831607e-02,3.724711e-02,9.831738e-03,4.062774e-02,1.028739e-01,1.887454e-02,4.472366e-02,1.377990e-01,1.951050e-01,2.195435e-02,3.978371e-02
2.664170e-01,2.038668e-02,2.318064e-02,5.639924e-02,5.155467e-02,3.290563e-02,1.399769e-02,3.655723e-02,9.842546e-02,2.067677e-02,3.808042e-02,1.093943e-01,1.717591e-01,1.925987e-02,4.100525e-02
3.065010e-01,1.865683e-02,2.059541e-02,7.451858e-02,5.893845e-02,3.392596e-02,1.576436e-02,3.460167e-02,8.829507e-02,1.897295e-02,3.889814e-02,1.122403e-01,1.296205e-01,1.565836e-02,3.281236e-02
3.736460e-01,1.992179e-02,1.724636e-02,6.659676e-02,4.796792e-02,4.576716e-02,1.446037e-02,2.733769e-02,9.402069e-02,1.501084e-02,3.572415e-02,9.806926e-02,9.778851e-02,1.462727e-02,3.181524e-02
3.538633e-01,2.478216e-02,1.825738e-02,9.017694e-02,3.703501e-02,4.491473e-02,1.143311e-02,2.415122e-02,1.291265e-01,1.623204e-02,3.253834e-02,9.155938e-02,7.529026e-02,1.257757e-02,3.806201e-02
3.488972e-01,4.130449e-02,1.405275e-02,7.692155e-02,4.201625e-02,7.404721e-02,9.831532e-03,1.971554e-02,1.388469e-01,1.523038e-02,2.674637e-02,7.279546e-02,6.741569e-02,1.072592e-02,4.145282e-02
2.924442e-01,5.608632e-02,1.157588e-02,9.921649e-02,3.458671e-02,5.959699e-02,7.341753e-03,1.662656e-02,2.039887e-01,1.765330e-02,2.196356e-02,6.098606e-02,5.474759e-02,9.635642e-03,5.355027e-02
2.739719e-01,5.851225e-02,1.005140e-02,1.000604e-01,3.029397e-02,5.518471e-02,6.145038e-03,1.316829e-02,2.042944e-01,2.154537e-02,2.249267e-02,5.754344e-02,6.212825e-02,8.716456e-03,7.589142e-02
2.022568e-01,7.188481e-02,9.880075e-03,9.633401e-02,2.277642e-02,4.963947e-02,4.593244e-03,9.754971e-03,3.037102e-01,2.032233e-02,1.797147e-02,4.324364e-02,6.471895e-02,7.889174e-03,7.502449e-02
2.009083e-01,6.247861e-02,8.165261e-03,9.034917e-02,2.399485e-02,5.979779e-02,3.837827e-03,7.966663e-03,3.161401e-01,1.756371e-02,1.508162e-02,3.475193e-02,6.901646e-02,6.709466e-03,8.323825e-02
1.841969e-01,5.262948e-02,1.303539e-02,1.057955e-01,3.220314e-02,7.243936e-02,5.780251e-03,9.892857e-03,3.099040e-01,1.603331e-02,1.516624e-02,2.757172e-02,7.312060e-02,5.705983e-03,7.652529e-02
1.706682e-01,4.748064e-02,1.090811e-02,1.067870e-01,3.273115e-02,1.048263e-01,5.197582e-03,8.312149e-03,3.099376e-01,1.286720e-02,1.300035e-02,2.203668e-02,7.313089e-02,5.566734e-03,7.654950e-02
2.028735e-01,3.934817e-02,8.581223e-03,8.648373e-02,6.202589e-02,1.273473e-01,6.937474e-03,1.029113e-02,2.658263e-01,9.761721e-03,1.220941e-02,1.873446e-02,7.396733e-02,5.957489e-03,6.965486e-02
1.771748e-01,3.215617e-02,8.056570e-03,7.743926e-02,5.095351e-02,1.511269e-01,8.109191e-03,5.887251e-02,2.451582e-01,8.301497e-03,1.981329e-02,2.448313e-02,7.173663e-02,8.003876e-03,5.861446e-02
1.754345e-01,2.699047e-02,7.202085e-03,6.672890e-02,4.085896e-02,1.930457e-01,7.107154e-03,6.655049e-02,2.211009e-01,6.659090e-03,2.428650e-02,3.105027e-02,7.473485e-02,8.397372e-03,4.985270e-02
1.402091e-01,2.578773e-02,1.441358e-02,1.199311e-01,3.523912e-02,1.722490e-01,5.679027e-03,7.952366e-02,2.333373e-01,5.526930e-03,2.310354e-02,2.720668e-02,7.149196e-02,7.331028e-03,3.897038e-02
1.089051e-01,4.183954e-02,1.250624e-02,1.252321e-01,2.892272e-02,1.466774e-01,4.439998e-03,5.995062e-02,2.485680e-01,5.029398e-03,2.102201e-02,2.237621e-02,1.343896e-01,6.029364e-03,3.411174e-02
8.034009e-02,1.394871e-01,1.130592e-02,1.120345e-01,2.784150e-02,1.066630e-01,3.641612e-03,4.720293e-02,2.738057e-01,4.552001e-03,1.928910e-02,1.917169e-02,1.196932e-01,5.774455e-03,2.919718e-02
6.417985e-02,1.266912e-01,9.316762e-03,1.461455e-01,2.065026e-02,7.923655e-02,2.746238e-03,3.363467e-02,2.649485e-01,5.909322e-03,4.850549e-02,2.275773e-02,1.319843e-01,1.074013e-02,3.255347e-02
5.025245e-02,1.029811e-01,8.442838e-03,1.517851e-01,2.136412e-02,5.925474e-02,2.184898e-03,2.377361e-02,2.137932e-01,4.983857e-03,1.269371e-01,2.588126e-02,1.626183e-01,8.858707e-03,3.688880e-02
5.533653e-02,8.306432e-02,9.384204e-03,1.134998e-01,1.944699e-02,4.220958e-02,2.142597e-03,1.756013e-02,1.734394e-01,4.879707e-03,1.445610e-01,2.312082e-02,1.615760e-01,9.804359e-03,1.399746e-01
5.821280e-02,7.829618e-02,1.103184e-02,1.272017e-01,2.123301e-02,3.614110e-02,2.381622e-03,1.285087e-02,1.510027e-01,6.608320e-03,1.456860e-01,2.240654e-02,1.907641e-01,9.493528e-03,1.266896e-01
