1.000000e+00,0.000000e+00,0.000000e+00,0.000000e+00,0.000000e+00,0.000000e+00,0.000000e+00,0.000000e+00,0.000000e+00,0.000000e+00,0.000000e+00,0.000000e+00,0.000000e+00,0.000000e+00,0.000000e+00
1.000000e+00,0.000000e+00,0.000000e+00,0.000000e+00,0.000000e+00,0.000000e+00,0.000000e+00,0.000000e+00,0.000000e+00,0.000000e+00,0.000000e+00,0.000000e+00,0.000000e+00,0.000000e+00,0.000000e+00
1.000000e+00,0.000000e+00,0.000000e+00,0.000000e+00,0.000000e+00,0.000000e+00,0.000000e+00,0.000000e+00,0.000000e+00,0.000000e+00,0.000000e+00,0.000000e+00,0.000000e+00,0.000000e+00,0.000000e+00
1.000000e+00,0.000000e+00,0.000000e+00,0.000000e+00,0.000000e+00,0.000000e+00,0.000000e+00,0.000000e+00,0.000000e+00,0.000000e+00,0.000000e+00,0.000000e+00,0.000000e+00,0.000000e+00,0.000000e+00
1.000000e+00,0.000000e+00,0.000000e+00,0.000000e+00,0.000000e+00,0.000000e+00,0.000000e+00,0.000000e+00,0.000000e+00,0.000000e+00,0.000000e+00,0.000000e+00,0.000000e+00,0.000000e+00,0.000000e+00
1.000000e+00,0.000000e+00,0.000000e+00,0.000000e+00,0.000000e+00,0.000000e+00,0.000000e+00,0.000000e+00,0.000000e+00,0.000000e+00,0.000000e+00,0.000000e+00,0.000000e+00,0.000000e+00,0.000000e+00
1.000000e+00,0.000000e+00,0.000000e+00,0.000000e+00,0.000000e+00,0.000000e+00,0.000000e+00,0.000000e+00,0.000000e+00,0.000000e+00,0.000000e+00,0.000000e+00,0.000000e+00,0.000000e+00,0.000000e+00
1.000000e+00,0.000000e+00,0.000000e+00,0.000000e+00,0.000000e+00,0.000000e+00,0.000000e+00,0.000000e+00,0.000000e+00,0.000000e+00,0.000000e+00,0.000000e+00,0.000000e+00,0.000000e+00,0.000000e+00
1.000000e+00,0.000000e+00,0.000000e+00,0.000000e+00,0.000000e+00,0.000000e+00,0.000000e+00,0.000000e+00,0.000000e+00,0.000000e+00,0.000000e+00,0.000000e+00,0.000000e+00,0.000000e+00,0.000000e+00
1.000000e+00,0.000000e+00,0.000000e+00,0.000000e+00,0.000000e+00,0.000000e+00,0.000000e+00,0.000000e+00,0.000000e+00,0.000000e+00,0.000000e+00,0.000000e+00,0.000000e+00,0.000000e+00,0.000000e+00
1.000000e+00,0.000000e+00,0.000000e+00,0.000000e+00,0.000000e+00,0.000000e+00,0.000000e+00,0.000000e+00,0.000000e+00,0.000000e+00,0.000000e+00,0.000000e+00,0.000000e+00,0.000000e+00,0.000000e+00
1.000000e+00,0.000000e+00,0.000000e+00,0.000000e+00,0.000000e+00,0.000000e+00,0.000000e+00,0.000000e+00,0.000000e+00,0.000000e+00,0.000000e+00,0.000000e+00,0.000000e+00,0.000000e+00,0.000000e+00
1.000000e+00,0.000000e+00,0.000000e+00,0.000000e+00,0.000000e+00,0.000000e+00,0.000000e+00,0.000000e+00,0.000000e+00,0.000000e+00,0.000000e+00,0.000000e+00,0.000000e+00,0.000000e+00,0.000000e+00
1.000000e+00,0.000000e+00,0.000000e+00,0.000000e+00,0.000000e+00,0.000000e+00,0.000000e+00,0.000000e+00,0.000000e+00,0.000000e+00,0.000000e+00,0.000000e+00,0.000000e+00,0.000000e+00,0.000000e+00
1.000000e+00,0.000000e+00,0.000000e+00,0.000000e+00,0.000000e+00,0.000000e+00,0.000000e+00,0.000000e+00,0.000000e+00,0.000000e+00,0.000000e+00,0.000000e+00,0.000000e+00,0.000000e+00,0.000000e+00
1.000000e+00,0.000000e+00,0.000000e+00,0.000000e+00,0.000000e+00,0.000000e+00,0.000000e+00,0.000000e+00,0.000000e+00,0.000000e+00,0.000000e+00,0.000000e+00,0.000000e+00,0.000000e+00,0.000000e+00
1.000000e+00,0.000000e+00,0.000000e+00,0.000000e+00,0.000000e+00,0.000000e+00,0.000000e+00,0.000000e+00,0.000000e+00,0.000000e+00,0.000000e+00,0.000000e+00,0.000000e+00,0.000000e+00,0.000000e+00
1.000000e+00,0.000000e+00,0.000000e+00,0.000000e+00,0.000000e+00,0.000000e+00,0.000000e+00,0.000000e+00,0.000000e+00,0.000000e+00,0.000000e+00,0.000000e+00,0.000000e+00,0.000000e+00,0.000000e+00
1.000000e+00,0.000000e+00,0.000000e+00,0.000000e+00,0.000000e+00,0.000000e+00,0.000000e+00,0.000000e+00,0.000000e+00,0.000000e+00,0.000000e+00,0.000000e+00,0.000000e+00,0.000000e+00,0.000000e+00
1.000000e+00,0.000000e+00,0.000000e+00,0.000000e+00,0.000000e+00,0.000000e+00,0.000000e+00,0.000000e+00,0.000000e+00,0.000000e+00,0.000000e+00,0.000000e+00,0.000000e+00,0.000000e+00,0.000000e+00
1.000000e+00,0.000000e+00,0.000000e+00,0.000000e+00,0.000000e+00,0.000000e+00,0.000000e+00,0.000000e+00,0.000000e+00,0.000000e+00,0.000000e+00,0.000000e+00,0.000000e+00,0.000000e+00,0.000000e+00
1.000000e+00,0.000000e+00,0.000000e+00,0.000000e+00,0.000000e+00,0.000000e+00,0.000000e+00,0.000000e+00,0.000000e+00,0.000000e+00,0.000000e+00,0.000000e+00,0.000000e+00,0.000000e+00,0.000000e+00
1.000000e+00,0.000000e+00,0.000000e+00,0.000000e+00,0.000000e+00,0.000000e+00,0.000000e+00,0.000000e+00,0.000000e+00,0.000000e+00,0.000000e+00,0.000000e+00,0.000000e+00,0.000000e+00,0.000000e+00
1.000000e+00,0.000000e+00,0.000000e+00,0.000000e+00,0.000000e+00,0.000000e+00,0.000000e+00,0.000000e+00,0.000000e+00,0.000000e+00,0.000000e+00,0.000000e+00,0.000000e+00,0.000000e+00,0.000000e+00
1.000000e+00,0.000000e+00,0.000000e+00,0.000000e+00,0.000000e+00,0.000000e+00,0.000000e+00,0.000000e+00,0.000000e+00,0.000000e+00,0.000000e+00,0.000000e+00,0.000000e+00,0.000000e+00,0.000000e+00
1.000000e+00,0.000000e+00,0.000000e+00,0.000000e+00,0.000000e+00,0.000000e+00,0.000000e+00,0.000000e+00,0.000000e+00,0.000000e+00,0.000000e+00,0.000000e+00,0.000000e+00,0.000000e+00,0.000000e+00
1.000000e+00,0.000000e+00,0.000000e+00,0.000000e+00,0.000000e+00,0.000000e+00,0.000000e+00,0.000000e+00,0.000000e+00,0.000000e+00,0.000000e+00,0.000000e+00,0.000000e+00,0.000000e+00,0.000000e+00
1.000000e+00,0.000000e+00,0.000000e+00,0.000000e+00,0.000000e+00,0.000000e+00,0.000000e+00,0.000000e+00,0.000000e+00,0.000000e+00,0.000000e+00,0.000000e+00,0.000000e+00,0.000000e+00,0.000000e+00
1.000000e+00,0.000000e+00,0.000000e+00,0.000000e+00,0.000000e+00,0.000000e+00,0.000000e+00,0.000000e+00,0.000000e+00,0.000000e+00,0.000000e+00,0.000000e+00,0.000000e+00,0.000000e+00,0.000000e+00
1.000000e+00,0.000000e+00,0.000000e+00,0.000000e+00,0.000000e+00,0.000000e+00,0.000000e+00,0.000000e+00,0.000000e+00,0.000000e+00,0.000000e+00,0.000000e+00,0.000000e+00,0.000000e+00,0.000000e+00
1.000000e+00,0.000000e+00,0.000000e+00,0.000000e+00,0.000000e+00,0.000000e+00,0.000000e+00,0.000000e+00,0.000000e+00,0.000000e+00,0.000000e+00,0.000000e+00,0.000000e+00,0.000000e+00,0.000000e+00
1.000000e+00,0.000000e+00,0.000000e+00,0.000000e+00,0.000000e+00,0.000000e+00,0.000000e+00,0.000000e+00,0.000000e+00,0.000000e+00,0.000000e+00,0.000000e+00,0.000000e+00,0.000000e+00,0.000000e+00
1.000000e+00,0.000000e+00,0.000000e+00,0.000000e+00,0.000000e+00,0.000000e+00,0.000000e+00,0.000000e+00,0.000000e+00,0.000000e+00,0.000000e+00,0.000000e+00,0.000000e+00,0.000000e+00,0.000000e+00
1.000000e+00,0.000000e+00,0.000000e+00,0.000000e+00,0.000000e+00,0.000000e+00,0.000000e+00,0.000000e+00,0.000000e+00,0.000000e+00,0.000000e+00,0.000000e+00,0.000000e+00,0.000000e+00,0.000000e+00
1.000000e+00,0.000000e+00,0.000000e+00,0.000000e+00,0.000000e+00,0.000000e+00,0.000000e+00,0.000000e+00,0.000000e+00,0.000000e+00,0.000000e+00,0.000000e+00,0.000000e+00,0.000000e+00,0.000000e+00
1.000000e+00,0.000000e+00,0.000000e+00,0.000000e+00,0.000000e+00,0.000000e+00,0.000000e+00,0.000000e+00,0.000000e+00,0.000000e+00,0.000000e+00,0.000000e+00,0.000000e+00,0.000000e+00,0.000000e+00
1.000000e+00,0.000000e+00,0.000000e+00,0.000000e+00,0.000000e+00,0.000000e+00,0.000000e+00,0.000000e+00,0.000000e+00,0.000000e+00,0.000000e+00,0.000000e+00,0.000000e+00,0.000000e+00,0.000000e+00
1.000000e+00,0.000000e+00,0.000000e+00,0.000000e+00,0.000000e+00,0.000000e+00,0.000000e+00,0.000000e+00,0.000000e+00,0.000000e+00,0.000000e+00,0.000000e+00,0.000000e+00,0.000000e+00,0.000000e+00
1.000000e+00,0.000000e+00,0.000000e+00,0.000000e+00,0.000000e+00,0.000000e+00,0.000000e+00,0.000000e+00,0.000000e+00,0.000000e+00,0.000000e+00,0.000000e+00,0.000000e+00,0.000000e+00,0.000000e+00
1.000000e+00,0.000000e+00,0.000000e+00,0.000000e+00,0.000000e+00,0.000000e+00,0.000000e+00,0.000000e+00,0.000000e+00,0.000000e+00,0.000000e+00,0.000000e+00,0.000000e+00,0.000000e+00,0.000000e+00
1.000000e+00,0.000000e+00,0.000000e+00,0.000000e+00,0.000000e+00,0.000000e+00,0.000000e+00,0.000000e+00,0.000000e+00,0.000000e+00,0.000000e+00,0.000000e+00,0.000000e+00,0.000000e+00,0.000000e+00
1.000000e+00,0.000000e+00,0.000000e+00,0.000000e+00,0.000000e+00,0.000000e+00,0.000000e+00,0.000000e+00,0.000000e+00,0.000000e+00,0.000000e+00,0.000000e+00,0.000000e+00,0.000000e+00,0.000000e+00
1.000000e+00,0.000000e+00,0.000000e+00,0.000000e+00,0.000000e+00,0.000000e+00,0.000000e+00,0.000000e+00,0.000000e+00,0.000000e+00,0.000000e+00,0.000000e+00,0.000000e+00,0.000000e+00,0.000000e+00
1.000000e+00,0.000000e+00,0.000000e+00,0.000000e+00,0.000000e+00,0.000000e+00,0.000000e+00,0.000000e+00,0.000000e+00,0.000000e+00,0.000000e+00,0.000000e+00,0.000000e+00,0.000000e+00,0.000000e+00
1.000000e+00,0.000000e+00,0.000000e+00,0.000000e+00,0.000000e+00,0.000000e+00,0.000000e+00,0.000000e+00,0.000000e+00,0.000000e+00,0.000000e+00,0.000000e+00,0.000000e+00,0.000000e+00,0.000000e+00
1.000000e+00,0.000000e+00,0.000000e+00,0.000000e+00,0.000000e+00,0.000000e+00,0.000000e+00,0.000000e+00,0.000000e+00,0.000000e+00,0.000000e+00,0.000000e+00,0.000000e+00,0.000000e+00,0.000000e+00
1.000000e+00,0.000000e+00,0.000000e+00,0.000000e+00,0.000000e+00,0.000000e+00,0.000000e+00,0.000000e+00,0.000000e+00,0.000000e+00,0.000000e+00,0.000000e+00,0.000000e+00,0.000000e+00,0.000000e+00
1.000000e+00,0.000000e+00,0.000000e+00,0.000000e+00,0.000000e+00,0.000000e+00,0.000000e+00,0.000000e+00,0.000000e+00,0.000000e+00,0.000000e+00,0.000000e+00,0.000000e+00,0.000000e+00,0.000000e+00
1.000000e+00,0.000000e+00,0.000000e+00,0.000000e+00,0.000000e+00,0.000000e+00,0.000000e+00,0.000000e+00,0.000000e+00,0.000000e+00,0.000000e+00,0.000000e+00,0.000000e+00,0.000000e+00,0.000000e+00
1.000000e+00,0.000000e+00,0.000000e+00,0.000000e+00,0.000000e+00,0.000000e+00,0.000000e+00,0.000000e+00,0.000000e+00,0.000000e+00,0.000000e+00,0.000000e+00,0.000000e+00,0.000000e+00,0.000000e+00
1.000000e+00,0.000000e+00,0.000000e+00,0.000000e+00,0.000000e+00,0.000000e+00,0.000000e+00,0.000000e+00,0.000000e+00,0.000000e+00,0.000000e+00,0.000000e+00,0.000000e+00,0.000000e+00,0.000000e+00
1.000000e+00,0.000000e+00,0.000000e+00,0.000000e+00,0.000000e+00,0.000000e+00,0.000000e+00,0.000000e+00,0.000000e+00,0.000000e+00,0.000000e+00,0.000000e+00,0.000000e+00,0.000000e+00,0.000000e+00
1.000000e+00,0.000000e+00,0.000000e+00,0.000000e+00,0.000000e+00,0.000000e+00,0.000000e+00,0.000000e+00,0.000000e+00,0.000000e+00,0.000000e+00,0.000000e+00,0.000000e+00,0.000000e+00,0.000000e+00
1.000000e+00,0.000000e+00,0.000000e+00,0.000000e+00,0.000000e+00,0.000000e+00,0.000000e+00,0.000000e+00,0.000000e+00,0.000000e+00,0.000000e+00,0.000000e+00,0.000000e+00,0.000000e+00,0.000000e+00
1.000000e+00,0.000000e+00,0.000000e+00,0.000000e+00,0.000000e+00,0.000000e+00,0.000000e+00,0.000000e+00,0.000000e+00,0.000000e+00,0.000000e+00,0.000000e+00,0.000000e+00,0.000000e+00,0.000000e+00
1.000000e+00,0.000000e+00,0.000000e+00,0.000000e+00,0.000000e+00,0.000000e+00,0.000000e+00,0.000000e+00,0.000000e+00,0.000000e+00,0.000000e+00,0.000000e+00,0.000000e+00,0.000000e+00,0.000000e+00
4.999610e-01,9.341898e-03,3.022583e-01,7.339175e-02,3.861964e-03,1.514948e-02,2.860569e-03,3.635288e-02,3.836848e-03,1.538504e-03,8.274311e-03,1.808201e-02,1.248535e-02,1.581447e-03,1.102365e-02
4.789113e-01,7.100053e-03,3.141347e-01,6.674039e-02,3.410821e-03,1.214398e-02,2.418909e-03,6.896091e-02,3.175540e-03,1.306105e-03,7.045713e-03,1.412513e-02,1.020726e-02,1.402110e-03,8.917117e-03
3.654400e-01,5.498921e-03,4.110139e-01,7.686895e-02,2.870775e-03,9.218577e-03,1.812668e-03,8.668686e-02,3.876569e-03,1.200834e-03,7.264502e-03,1.092333e-02,7.897941e-03,2.124873e-03,7.301270e-03
2.583077e-01,3.898062e-03,5.160040e-01,8.664049e-02,2.125654e-03,6.568469e-03,1.287153e-03,9.501389e-02,3.090840e-03,1.016236e-03,5.494440e-03,7.809639e-03,5.749054e-03,1.608324e-03,5.386038e-03
1.948847e-01,2.861393e-03,5.807284e-01,8.923495e-02,1.898468e-03,4.811564e-03,9.793815e-04,9.911340e-02,2.852052e-03,2.651063e-03,4.308566e-03,5.621317e-03,4.269521e-03,1.292290e-03,4.492884e-03
1.664889e-01,2.197857e-03,6.143568e-01,7.946546e-02,1.904223e-03,3.668191e-03,7.654454e-04,1.027066e-01,6.765740e-03,4.903489e-03,3.753532e-03,4.147412e-03,3.271462e-03,1.151224e-03,4.453631e-03
1.765940e-01,2.720220e-03,5.431328e-01,8.716327e-02,5.341102e-03,4.001889e-03,7.231061e-04,1.100840e-01,4.714840e-02,4.707004e-03,4.151219e-03,4.113945e-03,2.926741e-03,2.198080e-03,4.994197e-03
1.250838e-01,2.236890e-03,4.297847e-01,6.441607e-02,3.825710e-03,2.938605e-03,5.210841e-04,7.836580e-02,2.413135e-01,1.369163e-02,4.855433e-03,3.844449e-03,2.663669e-03,1.968111e-02,6.777542e-03
1.071625e-01,3.390713e-03,3.761130e-01,4.734315e-02,3.967358e-03,2.863143e-03,4.951255e-04,5.686280e-02,2.715347e-01,1.837622e-02,1.284715e-02,1.239150e-02,3.992185e-03,6.975652e-02,1.290401e-02
7.944284e-02,3.512973e-03,2.716213e-01,3.705590e-02,3.954846e-03,2.231481e-03,4.122834e-04,4.077140e-02,3.212798e-01,1.465324e-02,3.805640e-02,2.737080e-02,1.901615e-02,1.224212e-01,1.819938e-02
6.270359e-02,2.945675e-03,1.938875e-01,2.774515e-02,3.324460e-03,1.812713e-03,4.566542e-04,3.005957e-02,3.096926e-01,1.103745e-02,6.156238e-02,4.257905e-02,2.670378e-02,2.067130e-01,1.877647e-02
5.240297e-02,2.488106e-03,1.363530e-01,2.229936e-02,4.049142e-03,5.013591e-03,7.358685e-04,2.247143e-02,2.559856e-01,8.694069e-03,7.752018e-02,3.843075e-02,2.271650e-02,3.328316e-01,1.800787e-02
3.992222e-02,1.992969e-03,9.566186e-02,1.646013e-02,3.156398e-03,6.011320e-03,6.291749e-04,1.595461e-02,1.932383e-01,7.158333e-03,9.205095e-02,2.894552e-02,1.690014e-02,4.649652e-01,1.695292e-02
3.303658e-02,2.854700e-03,6.710141e-02,1.305018e-02,3.172966e-03,1.030202e-02,6.132452e-04,1.141373e-02,1.647393e-01,7.113433e-03,1.249293e-01,2.297076e-02,1.260105e-02,5.097649e-01,1.633643e-02
2.450136e-02,2.933243e-03,4.707846e-02,1.003223e-02,2.756324e-03,8.637603e-03,5.029705e-04,8.104435e-03,1.476139e-01,6.813608e-03,1.387177e-01,1.765143e-02,8.955711e-03,5.630561e-01,1.264480e-02
1.817213e-02,2.607245e-03,3.420808e-02,1.004091e-02,3.942547e-03,9.730192e-03,5.231388e-04,6.247104e-03,1.335979e-01,6.628398e-03,1.811458e-01,1.412693e-02,6.578682e-03,5.611007e-01,1.135023e-02
1.445548e-02,2.231778e-03,2.424181e-02,8.437857e-03,3.613937e-03,9.164410e-03,5.231614e-04,5.191939e-03,1.113285e-01,2.439970e-02,2.058013e-01,1.113321e-02,6.472450e-03,5.606407e-01,1.236366e-02
1.030854e-02,2.412748e-03,1.774528e-02,6.523824e-03,3.736482e-03,1.076251e-02,4.391173e-04,4.171045e-03,8.622568e-02,2.112818e-02,2.466482e-01,8.678078e-03,5.213212e-03,5.663456e-01,9.661495e-03
7.700335e-03,1.216542e-02,1.464561e-02,2.577746e-02,7.921084e-03,3.440604e-02,1.276512e-03,5.819716e-03,1.263588e-01,2.199679e-02,2.116182e-01,7.530364e-03,8.490845e-03,4.997210e-01,1.457180e-02
5.769904e-03,1.199470e-02,1.061094e-02,2.227443e-02,7.968396e-03,3.639793e-02,1.103384e-03,4.828393e-03,1.881821e-01,1.979030e-02,2.291498e-01,7.442358e-03,1.618991e-02,4.261375e-01,1.215993e-02
4.657902e-03,1.796113e-02,7.950907e-03,2.510158e-02,1.102022e-02,4.253775e-02,9.188279e-04,1.024206e-02,2.960414e-01,1.551766e-02,1.820389e-01,7.548699e-03,1.715028e-02,3.518725e-01,9.440199e-03
4.545032e-03,2.222090e-02,7.166535e-03,9.921035e-02,1.878947e-02,4.208894e-02,6.974840e-04,2.096563e-02,3.472998e-01,1.455789e-02,1.356907e-01,6.560373e-03,1.525909e-02,2.564686e-01,8.479213e-03
5.017384e-03,2.509658e-02,7.140786e-03,9.434865e-02,2.215525e-02,4.697707e-02,6.634898e-04,1.598250e-02,4.335364e-01,2.073088e-02,1.032546e-01,5.049206e-03,1.213080e-02,1.960543e-01,1.186213e-02
5.099245e-03,3.370680e-02,6.903638e-03,1.270877e-01,2.292328e-02,3.784618e-02,6.483844e-04,1.650678e-02,4.886141e-01,1.615512e-02,8.004601e-02,4.190569e-03,1.047715e-02,1.380101e-01,1.178495e-02
7.547085e-03,4.540721e-02,5.601705e-03,1.036143e-01,2.171302e-02,4.359710e-02,5.692552e-04,1.359290e-02,5.464185e-01,1.877326e-02,5.931922e-02,3.444523e-03,8.292611e-03,9.865752e-02,2.345167e-02
9.890672e-03,4.542854e-02,5.158096e-03,1.017250e-01,1.881215e-02,3.454542e-02,4.378785e-04,2.196878e-02,6.032565e-01,1.527780e-02,4.279556e-02,2.560880e-03,6.216660e-03,6.967383e-02,2.225228e-02
1.733867e-02,7.900077e-02,7.244829e-03,7.936399e-02,1.700513e-02,2.594123e-02,4.248250e-04,2.603355e-02,6.199883e-01,1.462349e-02,3.165600e-02,2.028034e-03,5.006604e-03,5.099348e-02,2.335108e-02
5.102693e-02,1.322441e-01,1.250985e-02,6.258862e-02,3.804642e-02,2.319545e-02,8.121338e-04,4.129384e-02,5.205493e-01,1.149043e-02,2.750691e-02,2.309731e-03,4.845336e-03,4.276343e-02,2.881751e-02
9.176415e-02,1.473129e-01,1.186766e-02,5.952401e-02,4.296740e-02,1.960931e-02,1.645822e-03,4.315161e-02,4.716431e-01,9.299379e-03,2.267560e-02,6.194869e-03,1.114506e-02,3.261136e-02,2.858771e-02
8.405867e-02,1.098429e-01,8.642574e-03,4.551859e-02,3.203954e-02,1.586191e-02,1.277230e-03,3.055682e-02,3.780382e-01,6.701175e-03,1.706367e-02,8.667922e-03,2.133772e-01,2.370801e-02,2.464560e-02
8.286531e-02,8.024230e-02,9.702030e-03,3.486513e-02,2.734094e-02,1.534003e-02,3.257495e-03,2.546265e-02,3.767071e-01,5.248091e-03,1.600773e-02,8.952020e-03,2.682144e-01,1.761749e-02,2.817730e-02
9.665175e-02,5.911003e-02,8.302088e-03,2.781242e-02,2.473417e-02,1.313801e-02,3.856800e-03,1.910595e-02,3.300822e-01,4.341271e-03,1.335607e-02,9.878326e-03,3.427470e-01,1.336569e-02,3.351827e-02
1.782914e-01,4.438518e-02,7.001558e-03,2.298125e-02,2.127923e-02,1.745076e-02,4.188612e-03,1.536155e-02,2.595420e-01,4.510852e-03,1.375912e-02,1.603699e-02,3.470698e-01,1.214665e-02,3.599518e-02
1.983894e-01,3.239597e-02,5.265117e-03,1.811866e-02,1.889194e-02,1.754622e-02,4.113820e-03,1.147154e-02,1.876766e-01,3.830011e-03,1.245967e-02,2.221748e-02,4.283593e-01,9.393703e-03,2.987048e-02
1.528054e-01,2.395271e-02,3.913706e-03,1.301586e-02,2.166074e-02,1.406067e-02,3.623382e-03,8.370589e-03,1.389386e-01,2.982153e-03,9.577499e-03,2.858831e-02,5.488936e-01,6.671920e-03,2.294492e-02
1.429723e-01,2.077558e-02,4.324595e-03,1.210730e-02,7.395255e-02,1.438763e-02,1.029647e-02,1.458049e-02,1.102132e-01,3.923892e-03,9.539409e-03,2.414271e-02,5.296717e-01,5.084977e-03,2.402728e-02
1.529716e-01,1.998726e-02,4.346001e-03,1.690662e-02,7.640365e-02,1.439706e-02,8.484685e-03,1.174909e-02,1.077733e-01,4.039040e-03,8.038383e-03,2.040172e-02,5.256160e-01,4.400065e-03,2.448553e-02
1.646686e-01,1.762511e-02,3.796471e-03,1.722540e-02,8.380865e-02,1.354658e-02,7.825927e-03,1.138128e-02,8.456880e-02,3.736801e-03,1.502825e-02,1.822541e-02,5.336111e-01,4.181466e-03,2.077020e-02
1.749611e-01,1.603071e-02,8.910755e-03,1.350224e-02,8.121450e-02,1.090629e-02,7.432758e-03,9.595104e-03,6.436634e-02,5.343907e-03,3.585621e-02,1.983973e-02,5.203782e-01,4.128769e-03,2.753334e-02
1.433836e-01,1.300989e-02,1.393859e-02,1.109302e-02,9.438375e-02,1.159478e-02,8.311038e-03,9.258425e-03,5.413991e-02,6.417514e-03,3.302243e-02,1.656323e-02,5.580899e-01,3.434998e-03,2.335888e-02
1.756521e-01,1.256256e-02,1.591792e-02,1.452424e-02,8.883017e-02,1.454815e-02,9.963449e-03,2.254498e-02,7.202269e-02,9.143112e-03,4.003813e-02,5.053675e-02,4.471094e-01,3.589939e-03,2.301640e-02
2.194166e-01,1.965575e-02,2.913382e-02,2.277623e-02,9.073410e-02,1.699398e-02,9.972902e-03,2.786406e-02,9.220995e-02,9.700101e-03,3.228177e-02,4.822122e-02,3.544268e-01,3.468205e-03,2.314454e-02
2.321557e-01,2.299669e-02,2.670904e-02,2.391972e-02,8.544649e-02,2.226338e-02,8.923069e-03,3.163610e-02,9.630379e-02,7.482320e-03,2.485651e-02,3.974185e-02,3.518730e-01,3.433545e-03,2.225888e-02
2.784849e-01,2.731782e-02,2.135891e-02,2.550803e-02,8.111862e-02,2.441967e-02,7.576364e-03,2.435150e-02,8.774036e-02,5.799033e-03,1.882570e-02,3.352493e-02,3.420901e-01,3.048637e-03,1.883547e-02
3.127422e-01,4.734942e-02,2.126665e-02,3.890694e-02,7.998803e-02,3.663790e-02,1.131188e-02,3.045179e-02,9.278029e-02,5.671425e-03,1.452862e-02,3.305066e-02,2.555965e-01,2.578708e-03,1.713901e-02
3.831301e-01,4.512459e-02,2.588261e-02,5.361027e-02,6.836884e-02,3.694095e-02,9.879452e-03,2.966795e-02,7.935940e-02,5.232598e-03,1.275104e-02,3.910346e-02,1.899808e-01,2.527259e-03,1.844065e-02
4.503874e-01,4.289158e-02,2.838030e-02,4.669270e-02,5.824643e-02,3.761557e-02,9.215325e-03,2.830650e-02,7.677542e-02,7.482431e-03,1.111556e-02,3.635518e-02,1.460343e-01,2.452947e-03,1.804838e-02
1.000000e+00,0.000000e+00,0.000000e+00,0.000000e+00,0.000000e+00,0.000000e+00,0.000000e+00,0.000000e+00,0.000000e+00,0.000000e+00,0.000000e+00,0.000000e+00,0.000000e+00,0.000000e+00,0.000000e+00
4.933935e-01,3.421649e-02,1.785982e-02,2.862490e-02,8.968141e-02,2.976837e-02,1.441125e-02,2.086062e-02,9.557909e-02,1.105206e-02,7.830671e-03,2.773150e-02,9.007527e-02,2.344428e-03,3.657058e-02
4.946872e-01,2.797077e-02,1.312090e-02,2.166606e-02,1.345794e-01,2.808292e-02,1.573213e-02,1.757124e-02,9.568588e-02,1.021208e-02,6.537575e-03,2.239573e-02,7.576094e-02,2.251877e-03,3.374524e-02
4.857639e-01,2.270377e-02,1.033772e-02,1.803341e-02,1.827894e-01,3.090208e-02,2.985391e-02,1.919449e-02,7.770941e-02,8.704393e-03,5.585914e-03,1.888599e-02,5.866425e-02,2.418028e-03,2.845335e-02
4.882309e-01,2.385682e-02,1.127099e-02,1.729425e-02,1.876788e-01,5.739374e-02,3.135439e-02,1.599739e-02,6.234501e-02,9.093163e-03,4.942117e-03,1.684281e-02,4.356183e-02,2.979782e-03,2.715798e-02
4.582805e-01,2.456551e-02,1.313916e-02,2.101145e-02,1.406505e-01,1.383487e-01,2.371171e-02,1.219410e-02,4.797008e-02,1.239556e-02,1.208417e-02,2.232419e-02,3.258424e-02,4.094833e-03,3.664530e-02
4.179791e-01,2.060211e-02,1.264469e-02,1.815593e-02,1.017469e-01,1.756828e-01,1.832219e-02,9.007256e-03,3.613595e-02,1.426279e-02,8.550796e-02,2.528859e-02,2.490014e-02,8.043191e-03,3.172033e-02
3.107258e-01,1.557305e-02,1.118815e-02,1.343487e-02,7.189839e-02,2.360551e-01,1.352957e-02,6.463144e-03,2.567717e-02,1.219886e-02,2.035321e-01,3.117924e-02,1.866557e-02,6.781050e-03,2.309799e-02
2.377757e-01,1.170664e-02,1.228336e-02,1.011514e-02,5.065913e-02,2.460075e-01,9.992076e-03,4.715598e-03,1.845518e-02,9.366266e-03,3.083411e-01,4.426011e-02,1.371984e-02,5.686576e-03,1.691573e-02
1.822149e-01,9.883500e-03,1.282341e-02,9.085082e-03,3.600723e-02,1.936227e-01,7.191498e-03,3.532697e-03,1.418131e-02,7.645197e-03,4.446936e-01,5.048104e-02,9.785714e-03,5.334999e-03,1.351723e-02
1.424720e-01,9.146363e-03,1.414553e-02,8.240636e-03,2.551714e-02,1.606881e-01,5.200683e-03,2.629069e-03,1.052694e-02,5.919709e-03,5.367259e-01,5.642558e-02,7.128580e-03,4.794758e-03,1.043912e-02
1.125424e-01,9.261593e-03,1.382058e-02,6.700724e-03,1.969453e-02,1.274716e-01,4.305133e-03,2.957087e-03,9.951385e-03,6.082018e-03,5.348585e-01,1.331968e-01,5.507200e-03,5.363081e-03,8.287268e-03
8.815716e-02,2.086429e-02,1.904349e-02,5.751585e-03,1.882245e-02,1.019234e-01,5.440897e-03,9.217747e-03,1.880921e-02,9.691386e-03,4.901301e-01,1.914471e-01,5.154370e-03,8.549646e-03,6.997193e-03
7.617705e-02,2.143180e-02,2.158861e-02,5.059297e-03,1.824983e-02,7.625196e-02,7.160338e-03,1.164188e-02,1.991500e-02,1.005897e-02,5.279689e-01,1.845872e-01,4.849949e-03,9.378402e-03,5.680935e-03
5.737554e-02,1.697448e-02,1.565083e-02,3.952953e-03,1.647752e-02,5.525542e-02,6.462869e-03,8.918859e-03,1.823466e-02,7.782162e-03,6.381592e-01,1.359841e-01,7.346288e-03,7.123870e-03,4.301313e-03
4.390393e-02,1.513170e-02,1.197022e-02,3.926726e-03,1.915186e-02,4.226377e-02,5.199165e-03,7.263186e-03,1.778267e-02,5.867374e-03,7.034489e-01,1.063535e-01,9.039969e-03,5.259376e-03,3.437638e-03
4.430015e-02,3.478193e-02,9.703808e-03,4.526203e-03,2.192481e-02,3.468167e-02,4.130607e-03,7.263420e-03,2.567522e-02,4.860145e-03,6.849348e-01,9.785965e-02,1.473836e-02,5.000050e-03,5.619142e-03
4.476802e-02,1.034538e-01,8.906444e-03,6.933328e-03,3.310777e-02,2.921483e-02,3.950730e-03,8.034188e-03,5.031727e-02,4.335243e-03,6.027317e-01,7.548143e-02,1.802567e-02,4.321560e-03,6.418038e-03
3.999960e-02,9.583436e-02,7.180549e-03,6.493233e-03,7.760583e-02,2.150732e-02,3.175130e-03,8.101691e-03,1.522045e-01,3.928073e-03,4.872714e-01,6.379667e-02,2.278669e-02,4.301539e-03,5.813443e-03
5.716838e-02,8.186857e-02,5.734009e-03,6.598595e-03,6.880856e-02,2.989057e-02,2.542817e-03,7.470686e-03,1.892032e-01,4.452619e-03,4.153060e-01,8.479777e-02,3.383641e-02,7.101172e-03,5.220704e-03
7.825842e-02,7.851482e-02,5.568741e-03,9.542534e-03,5.976418e-02,2.978014e-02,2.403437e-03,8.373201e-03,2.013029e-01,5.365010e-03,3.683209e-01,9.086123e-02,4.091230e-02,9.316120e-03,1.171609e-02
8.161316e-02,6.134029e-02,6.452025e-03,1.178733e-02,6.553650e-02,2.405016e-02,3.583801e-03,3.827956e-02,2.316173e-01,7.593058e-03,3.061009e-01,7.969256e-02,6.013987e-02,1.125406e-02,1.095945e-02
7.950975e-02,4.805652e-02,6.292984e-03,9.891929e-03,7.383924e-02,2.012232e-02,3.561046e-03,2.774341e-02,2.538399e-01,9.133559e-03,2.447166e-01,8.973365e-02,8.267735e-02,3.522305e-02,1.565878e-02
1.172062e-01,3.577128e-02,5.377611e-03,9.757636e-03,7.210404e-02,2.114536e-02,6.202446e-03,3.088037e-02,2.288617e-01,9.976169e-03,2.185746e-01,1.055605e-01,8.888260e-02,3.535548e-02,1.434401e-02
2.292687e-01,2.740894e-02,4.386187e-03,1.342217e-02,6.360095e-02,2.359230e-02,9.272123e-03,3.173520e-02,1.798584e-01,8.305583e-03,1.672683e-01,1.128753e-01,8.467072e-02,2.959335e-02,1.474185e-02
3.350806e-01,2.164623e-02,3.917858e-03,1.348107e-02,5.945962e-02,2.746854e-02,9.128308e-03,2.756777e-02,1.425007e-01,6.906983e-03,1.217898e-01,1.219858e-01,7.333661e-02,2.254828e-02,1.318180e-02
4.098288e-01,1.901935e-02,4.723154e-03,1.427596e-02,5.887228e-02,3.590869e-02,9.062421e-03,4.326767e-02,1.145908e-01,5.723553e-03,9.056772e-02,9.644039e-02,6.711928e-02,1.726095e-02,1.333901e-02
4.892541e-01,1.471988e-02,3.546550e-03,1.358084e-02,5.299534e-02,5.567284e-02,7.822952e-03,3.123499e-02,8.318719e-02,4.467837e-03,6.644357e-02,9.620327e-02,5.728433e-02,1.282400e-02,1.076244e-02
4.847210e-01,1.180517e-02,2.809427e-03,1.364406e-02,5.758642e-02,7.623604e-02,6.952063e-03,2.316308e-02,6.280622e-02,4.212682e-03,5.238273e-02,1.285234e-01,5.598370e-02,9.928769e-03,9.245351e-03
4.250960e-01,8.839418e-03,2.154096e-03,1.228685e-02,4.124072e-02,7.045416e-02,5.208429e-03,1.662340e-02,4.915732e-02,4.777442e-03,4.701447e-02,2.447028e-01,5.691870e-02,7.738091e-03,7.788128e-03
3.841395e-01,7.482523e-03,1.714773e-03,1.228165e-02,2.956541e-02,5.737682e-02,3.958646e-03,1.227770e-02,4.465334e-02,5.702715e-03,4.040618e-02,3.322715e-01,5.552830e-02,6.112576e-03,6.528358e-03
2.819051e-01,6.091504e-03,1.796926e-03,1.113598e-02,2.110617e-02,7.543834e-02,2.896428e-03,8.764345e-03,3.574226e-02,6.781559e-03,3.622787e-02,4.409317e-01,5.955082e-02,4.981922e-03,6.649188e-03
2.113801e-01,5.317656e-03,3.378219e-03,1.167856e-02,1.912736e-02,6.567108e-02,2.624657e-03,6.624028e-03,3.824296e-02,1.252907e-02,3.582552e-02,5.219245e-01,5.552937e-02,4.235952e-03,5.911044e-03
1.495556e-01,4.077609e-03,3.011523e-03,9.284612e-03,1.839625e-02,5.027650e-02,2.769297e-03,4.860040e-03,3.744105e-02,1.170419e-02,4.207702e-02,5.926687e-01,6.475948e-02,3.332405e-03,5.785772e-03
1.055230e-01,3.269191e-03,2.917093e-03,7.340666e-03,2.840929e-02,3.714495e-02,2.920418e-03,4.230541e-03,5.005005e-02,1.207652e-02,5.308893e-02,5.936243e-01,9.132045e-02,2.702157e-03,5.382488e-03
7.535773e-02,3.504871e-03,2.631397e-03,5.414908e-03,3.486917e-02,2.637246e-02,2.389477e-03,3.333803e-03,7.742862e-02,1.612720e-02,6.174564e-02,5.612075e-01,1.213371e-01,2.261622e-03,6.018502e-03
5.354584e-02,3.102857e-03,3.423915e-03,4.103707e-03,6.063496e-02,2.009937e-02,1.971903e-03,5.618680e-03,9.001067e-02,1.308209e-02,4.841927e-02,5.799609e-01,1.097764e-01,1.761878e-03,4.487609e-03
3.970553e-02,2.845158e-03,4.720750e-03,3.120143e-03,7.922288e-02,1.578889e-02,1.888029e-03,2.007651e-02,9.326735e-02,1.436927e-02,4.399009e-02,5.573487e-01,1.183217e-01,1.724229e-03,3.610711e-03
2.849202e-02,2.223570e-03,4.283666e-03,2.531941e-03,6.330122e-02,1.381680e-02,1.464640e-03,2.143591e-02,7.806167e-02,1.127447e-02,5.092593e-02,5.848415e-01,1.332720e-01,1.439802e-03,2.634830e-03
2.031689e-02,1.788089e-03,3.487800e-03,2.901868e-03,4.581491e-02,1.093612e-02,1.078381e-03,2.050690e-02,9.644847e-02,8.339672e-03,6.111187e-02,5.550569e-01,1.691996e-01,1.101092e-03,1.911456e-03
1.491444e-02,1.452253e-03,3.050339e-03,3.085429e-03,3.962484e-02,8.305418e-03,1.025738e-03,2.063682e-02,1.283256e-01,6.470776e-03,6.379201e-02,5.198050e-01,1.872543e-01,8.470246e-04,1.409930e-03
2.448248e-02,1.611322e-03,6.510103e-02,2.925404e-02,4.820769e-02,7.099818e-03,1.772991e-03,7.220563e-02,1.321922e-01,5.168777e-03,6.954737e-02,3.820153e-01,1.596568e-01,6.514836e-04,1.033086e-03
3.736785e-02,2.978336e-03,1.279977e-01,5.792856e-02,8.071187e-02,6.730741e-03,3.200224e-03,7.316089e-02,1.522855e-01,4.252975e-03,5.616032e-02,2.786210e-01,1.170736e-01,5.508444e-04,9.794727e-04
4.060191e-02,3.492737e-03,2.164890e-01,1.353190e-01,7.313828e-02,7.427629e-03,2.656893e-03,6.174838e-02,1.277488e-01,3.304674e-03,4.237783e-02,2.005177e-01,8.387044e-02,4.407520e-04,8.659500e-04
3.535379e-02,4.136571e-02,2.054333e-01,1.447293e-01,6.606726e-02,6.893340e-03,2.258841e-03,4.486534e-02,2.000744e-01,3.529381e-03,3.659989e-02,1.475241e-01,6.266273e-02,6.702247e-04,1.972174e-03
4.088231e-02,5.446182e-02,2.289883e-01,1.370786e-01,9.916322e-02,7.827294e-03,3.692451e-03,3.304934e-02,1.825156e-01,4.125630e-03,4.323082e-02,1.089485e-01,5.067676e-02,1.318521e-03,4.040772e-03
4.438152e-02,4.614215e-02,1.900719e-01,2.678621e-01,1.045444e-01,9.910347e-03,4.682036e-03,3.453793e-02,1.383254e-01,3.552888e-03,3.806480e-02,7.715309e-02,3.630804e-02,1.130521e-03,3.332795e-03
4.932866e-02,3.718949e-02,1.777713e-01,2.824420e-01,1.309054e-01,1.676862e-02,5.883490e-03,5.709325e-02,1.194921e-01,3.278797e-03,3.508572e-02,5.490670e-02,2.615960e-02,8.987743e-04,2.796044e-03
5.405439e-02,2.995534e-02,1.974060e-01,2.270755e-01,1.969649e-01,1.494873e-02,4.628762e-03,8.912982e-02,9.304199e-02,3.038686e-03,2.909326e-02,3.892628e-02,1.867693e-02,9.086167e-04,2.150813e-03
7.253094e-02,3.325783e-02,2.029662e-01,1.685460e-01,2.602374e-01,1.504109e-02,3.762756e-03,8.732516e-02,7.604118e-02,7.161189e-03,2.837010e-02,2.810653e-02,1.362760e-02,1.267138e-03,1.758971e-03
9.503634e-02,4.429555e-02,1.898356e-01,1.263495e-01,2.987428e-01,1.749889e-02,3.290026e-03,7.735486e-02,7.169604e-02,1.339524e-02,2.559968e-02,2.194632e-02,1.065232e-02,2.231432e-03,2.075315e-03
1.159191e-01,5.059522e-02,1.733362e-01,1.057454e-01,2.720350e-01,1.947791e-02,3.535220e-03,1.095502e-01,6.487498e-02,2.291123e-02,2.042838e-02,2.321134e-02,9.481065e-03,3.974879e-03,4.923741e-03
8.275697e-02,3.668990e-02,1.234394e-01,1.613786e-01,1.925707e-01,1.576671e-02,2.533893e-03,7.945140e-02,4.827569e-02,1.732092e-02,1.880873e-01,2.422029e-02,1.812216e-02,5.238047e-03,4.148026e-03
7.110681e-02,2.792313e-02,8.722101e-02,2.165251e-01,1.386758e-01,1.373905e-02,1.884798e-03,5.860227e-02,4.238788e-02,1.457301e-02,2.445906e-01,3.282917e-02,3.488390e-02,1.126325e-02,3.794358e-03
8.881590e-02,2.179640e-02,6.321885e-02,2.167520e-01,9.945370e-02,1.635727e-02,1.983186e-03,4.503113e-02,4.941200e-02,1.194722e-02,2.747836e-01,6.202216e-02,3.148435e-02,1.215368e-02,4.788664e-03
1.410982e-01,1.732434e-02,4.585855e-02,1.867264e-01,7.179096e-02,2.620484e-02,2.518748e-03,3.699223e-02,4.196484e-02,1.045595e-02,2.875706e-01,7.566622e-02,3.076153e-02,1.957341e-02,5.493135e-03
1.635466e-01,1.533830e-02,3.582573e-02,1.504832e-01,5.392988e-02,4.078290e-02,2.682052e-03,3.059498e-02,3.760120e-02,1.296703e-02,2.966111e-01,1.068152e-01,2.739439e-02,1.869237e-02,6.735145e-03
1.583478e-01,1.204188e-02,2.633534e-02,1.281382e-01,4.020356e-02,3.432157e-02,2.139763e-03,2.258158e-02,2.932652e-02,1.343775e-02,2.902622e-01,1.884534e-01,2.176251e-02,2.567651e-02,6.971474e-03
1.751532e-01,1.056349e-02,1.925678e-02,1.140801e-01,3.305206e-02,2.722629e-02,1.646551e-03,1.655958e-02,2.267487e-02,1.225263e-02,3.017237e-01,2.156103e-01,1.708949e-02,2.612942e-02,6.981569e-03
1.894682e-01,9.807339e-03,1.399390e-02,8.996190e-02,4.174941e-02,2.288500e-02,1.428561e-03,1.225101e-02,1.817037e-02,9.896490e-03,3.267665e-01,2.136164e-01,1.327581e-02,2.857676e-02,8.152377e-03
1.451929e-01,7.546960e-03,1.009430e-02,6.867529e-02,5.620978e-02,1.786976e-02,1.294845e-03,8.869770e-03,1.521715e-02,7.890928e-03,4.225855e-01,1.931023e-01,1.126295e-02,2.731083e-02,6.876765e-03
1.103221e-01,8.055391e-03,7.499990e-03,5.055774e-02,1.865081e-01,1.353027e-02,1.470322e-03,6.434455e-03,1.761416e-02,7.142853e-03,3.740677e-01,1.748753e-01,9.619637e-03,2.518476e-02,7.117240e-03
7.956094e-02,6.142181e-03,5.459399e-03,3.556076e-02,1.592389e-01,1.056250e-02,1.206612e-03,4.615998e-03,1.318125e-02,5.991990e-03,4.766461e-01,1.689935e-01,7.340763e-03,2.008982e-02,5.409341e-03
5.638989e-02,4.905581e-03,4.018643e-03,2.527810e-02,1.372968e-01,7.926932e-03,1.126762e-03,3.390667e-03,1.003690e-02,4.664697e-03,5.683234e-01,1.504130e-01,5.770394e-03,1.613548e-02,4.322777e-03
4.051459e-02,4.794610e-03,3.577145e-03,1.786349e-02,1.068403e-01,6.727115e-03,1.069262e-03,2.634040e-03,9.595091e-03,4.208807e-03,6.639314e-01,1.179669e-01,4.534112e-03,1.186152e-02,3.881644e-03
2.893747e-02,3.809432e-03,3.267368e-03,1.256816e-02,8.979404e-02,5.155975e-03,1.080317e-03,2.330438e-03,8.368556e-03,3.409254e-03,7.338911e-01,9.211543e-02,3.543606e-03,8.857293e-03,2.871583e-03
3.021318e-02,6.009713e-03,4.474080e-03,9.466282e-03,6.514259e-02,5.163929e-03,1.552518e-03,2.635881e-03,9.714469e-03,4.110324e-03,7.700640e-01,7.779841e-02,3.439076e-03,6.950299e-03,3.265171e-03
2.865321e-02,8.596886e-03,6.180531e-03,7.757538e-03,5.146378e-02,5.343554e-03,2.212481e-03,5.786321e-03,1.690673e-02,4.119175e-03,7.740529e-01,7.434635e-02,3.503093e-03,7.785720e-03,3.291731e-03
2.807920e-02,1.501689e-02,1.887416e-02,7.293306e-03,6.896937e-02,5.540267e-03,3.094987e-03,1.296587e-02,2.686946e-02,5.053567e-03,7.206240e-01,6.870138e-02,4.334847e-03,8.999095e-03,5.583571e-03
4.554152e-02,3.295215e-02,3.402917e-02,7.630118e-03,5.956358e-02,8.081607e-03,3.113149e-03,2.706977e-02,3.343498e-02,5.161789e-03,6.648051e-01,5.690065e-02,5.927775e-03,9.752847e-03,6.035726e-03
3.826563e-02,2.853326e-02,3.454220e-02,6.147131e-03,9.719325e-02,1.010515e-02,7.482573e-03,3.387451e-02,4.770777e-02,4.654636e-03,6.274688e-01,4.583178e-02,5.834733e-03,7.371316e-03,4.987210e-03
3.314767e-02,3.125877e-02,3.006815e-02,4.957451e-03,8.971531e-02,1.128210e-02,6.320431e-03,3.307778e-02,8.480560e-02,4.150490e-03,6.046800e-01,4.435204e-02,1.078947e-02,6.968834e-03,4.425862e-03
3.308814e-02,2.665843e-02,2.659743e-02,4.160902e-03,1.595737e-01,1.164036e-02,8.150129e-03,4.313574e-02,1.027286e-01,5.855657e-03,5.160375e-01,3.837631e-02,1.135269e-02,8.274578e-03,4.369872e-03
3.121239e-02,1.937378e-02,2.498361e-02,3.679797e-03,1.822203e-01,1.332319e-02,3.986582e-02,1.488392e-01,8.426865e-02,7.105521e-03,3.897727e-01,3.215977e-02,1.174942e-02,8.056020e-03,3.389884e-03
4.262174e-02,1.977511e-02,2.693664e-02,2.155205e-02,3.029845e-01,2.075141e-02,2.997133e-02,1.307122e-01,7.096370e-02,6.255895e-03,2.817771e-01,2.405942e-02,1.060518e-02,7.389784e-03,3.643925e-03
6.457891e-02,2.107606e-02,2.544233e-02,2.627919e-02,3.180740e-01,3.529152e-02,2.462005e-02,1.151590e-01,7.514306e-02,8.458175e-03,2.308033e-01,2.399184e-02,1.314718e-02,1.009089e-02,7.844520e-03
9.197039e-02,2.089257e-02,3.104720e-02,2.352839e-02,3.305010e-01,4.013945e-02,2.033860e-02,1.026679e-01,7.104258e-02,8.770055e-03,1.812499e-01,2.734479e-02,1.642648e-02,1.452140e-02,1.955936e-02
1.088409e-01,2.623230e-02,4.461642e-02,3.126195e-02,2.715942e-01,4.609211e-02,1.826498e-02,1.151993e-01,8.055136e-02,1.170675e-02,1.523974e-01,2.953650e-02,1.510277e-02,1.859563e-02,3.000756e-02
1.453531e-01,2.654000e-02,4.884767e-02,3.163446e-02,2.295021e-01,4.308974e-02,1.530122e-02,1.262778e-01,9.243713e-02,1.491113e-02,1.170120e-01,4.774748e-02,1.389542e-02,1.799194e-02,2.945887e-02
2.095522e-01,3.448738e-02,4.128480e-02,2.946648e-02,1.965953e-01,3.815201e-02,1.247068e-02,1.195105e-01,1.014138e-01,1.522980e-02,8.876855e-02,4.289649e-02,1.459506e-02,2.633319e-02,2.924380e-02
1.976607e-01,3.387930e-02,3.439804e-02,2.330986e-02,2.108997e-01,3.625701e-02,1.038968e-02,1.176888e-01,1.123980e-01,1.586422e-02,7.102399e-02,5.746744e-02,1.971300e-02,3.597566e-02,2.307457e-02
2.290134e-01,3.957679e-02,2.719256e-02,1.812769e-02,1.850103e-01,4.131798e-02,8.330182e-03,1.056665e-01,1.304098e-01,2.098737e-02,5.403743e-02,5.091404e-02,2.562970e-02,4.192830e-02,2.185791e-02
2.543216e-01,3.822397e-02,2.580206e-02,3.213628e-02,1.683244e-01,3.469287e-02,7.107204e-03,1.327704e-01,1.348957e-01,1.868669e-02,3.936477e-02,3.909099e-02,2.000684e-02,3.544954e-02,1.912655e-02
3.109083e-01,3.722772e-02,2.168893e-02,2.900408e-02,1.571246e-01,2.955405e-02,5.926495e-03,1.165648e-01,1.336375e-01,2.310482e-02,3.068487e-02,3.235990e-02,1.663233e-02,3.107223e-02,2.450941e-02
3.262642e-01,3.248817e-02,2.098392e-02,3.417758e-02,1.236727e-01,2.540558e-02,5.242069e-03,1.859260e-01,1.177975e-01,1.742369e-02,2.430914e-02,2.715941e-02,1.637767e-02,2.366050e-02,1.911183e-02
2.777827e-01,2.409758e-02,1.960499e-02,3.500279e-02,9.482075e-02,2.129311e-02,4.906195e-03,3.352619e-01,9.342916e-02,1.245576e-02,1.780302e-02,1.997349e-02,1.302794e-02,1.683782e-02,1.370286e-02
2.568908e-01,1.873882e-02,1.798132e-02,2.687352e-02,6.931923e-02,1.574399e-02,5.956980e-03,4.444345e-01,7.411057e-02,9.094537e-03,1.329193e-02,1.462719e-02,1.039349e-02,1.219946e-02,1.034370e-02
2.577763e-01,1.544197e-02,1.594026e-02,2.024030e-02,5.407508e-02,1.339042e-02,5.919758e-03,4.864908e-01,7.702924e-02,6.822650e-03,1.024441e-02,1.103041e-02,8.307107e-03,8.843476e-03,8.447947e-03
2.238649e-01,1.377797e-02,1.391617e-02,2.071370e-02,4.373720e-02,1.281139e-02,5.483030e-03,5.566586e-01,6.107563e-02,5.498075e-03,9.136435e-03,1.204272e-02,6.700241e-03,6.503140e-03,8.080862e-03
1.641691e-01,1.670966e-02,1.438490e-02,1.162184e-01,4.895030e-02,1.646366e-02,1.350625e-02,4.106368e-01,4.837729e-02,1.025555e-02,4.091669e-02,1.509721e-02,6.485957e-02,4.744583e-03,1.471005e-02
1.185149e-01,1.832675e-02,1.206194e-02,1.370827e-01,4.428151e-02,1.448114e-02,1.482810e-02,2.928759e-01,4.310019e-02,1.564749e-02,5.269910e-02,1.924169e-02,1.873783e-01,3.582954e-03,2.589735e-02
1.059640e-01,3.897723e-02,1.433797e-02,2.054889e-01,3.818982e-02,1.237473e-02,1.500485e-02,2.079094e-01,8.266955e-02,1.774156e-02,4.820700e-02,1.633402e-02,1.587114e-01,3.944671e-03,3.414493e-02
8.818090e-02,3.537877e-02,5.500451e-02,1.899495e-01,2.995401e-02,9.797323e-03,1.205991e-02,1.481350e-01,1.019533e-01,1.687636e-02,4.747789e-02,1.930100e-02,1.837746e-01,7.363862e-03,5.479322e-02
7.989822e-02,4.609826e-02,4.594657e-02,1.571374e-01,2.905539e-02,9.548566e-03,1.158801e-02,1.048505e-01,1.350129e-01,1.639001e-02,1.053032e-01,1.561859e-02,1.778928e-01,8.414588e-03,5.724500e-02
1.520354e-01,3.840931e-02,3.992960e-02,1.281359e-01,2.766774e-02,1.025655e-02,1.405677e-02,8.739439e-02,1.681621e-01,1.335451e-02,9.316942e-02,1.261345e-02,1.434095e-01,8.887885e-03,6.251748e-02
2.172232e-01,4.094014e-02,2.942359e-02,9.735028e-02,2.335582e-02,1.216218e-02,1.147874e-02,6.464464e-02,2.098282e-01,9.966607e-03,6.680949e-02,1.097415e-02,1.373124e-01,9.508674e-03,5.902188e-02
1.937145e-01,5.835108e-02,2.959563e-02,7.530703e-02,2.173251e-02,1.143914e-02,8.903897e-03,4.681545e-02,1.845419e-01,8.662118e-03,5.034291e-02,9.411544e-03,1.994169e-01,9.678323e-03,9.208709e-02
1.516523e-01,8.020739e-02,1.176450e-01,8.339226e-02,1.946470e-02,1.043043e-02,6.766786e-03,3.512573e-02,1.885407e-01,9.176119e-03,3.811313e-02,7.791379e-03,1.646266e-01,8.628315e-03,7.843924e-02
1.164960e-01,6.152156e-02,3.068715e-01,7.066923e-02,1.721079e-02,8.309385e-03,5.144507e-03,2.682691e-02,1.483728e-01,8.814016e-03,3.078753e-02,6.410445e-03,1.271339e-01,6.493872e-03,5.893753e-02
9.451153e-02,5.119880e-02,4.129386e-01,5.841359e-02,1.982559e-02,1.093477e-02,5.416669e-03,2.062676e-02,1.295912e-01,7.706621e-03,2.496376e-02,5.122946e-03,1.056161e-01,5.431725e-03,4.770143e-02
8.065941e-02,4.772135e-02,4.486369e-01,5.952633e-02,3.266018e-02,1.265828e-02,1.114934e-02,2.013467e-02,1.359711e-01,6.226138e-03,1.821912e-02,3.959440e-03,8.194662e-02,4.103434e-03,3.642770e-02
