1.000000e+00,0.000000e+00,0.000000e+00,0.000000e+00,0.000000e+00,0.000000e+00,0.000000e+00,0.000000e+00,0.000000e+00,0.000000e+00,0.000000e+00,0.000000e+00,0.000000e+00,0.000000e+00,0.000000e+00
1.000000e+00,0.000000e+00,0.000000e+00,0.000000e+00,0.000000e+00,0.000000e+00,0.000000e+00,0.000000e+00,0.000000e+00,0.000000e+00,0.000000e+00,0.000000e+00,0.000000e+00,0.000000e+00,0.000000e+00
1.000000e+00,0.000000e+00,0.000000e+00,0.000000e+00,0.000000e+00,0.000000e+00,0.000000e+00,0.000000e+00,0.000000e+00,0.000000e+00,0.000000e+00,0.000000e+00,0.000000e+00,0.000000e+00,0.000000e+00
1.000000e+00,0.000000e+00,0.000000e+00,0.000000e+00,0.000000e+00,0.000000e+00,0.000000e+00,0.000000e+00,0.000000e+00,0.000000e+00,0.000000e+00,0.000000e+00,0.000000e+00,0.000000e+00,0.000000e+00
1.000000e+00,0.000000e+00,0.000000e+00,0.000000e+00,0.000000e+00,0.000000e+00,0.000000e+00,0.000000e+00,0.000000e+00,0.000000e+00,0.000000e+00,0.000000e+00,0.000000e+00,0.000000e+00,0.000000e+00
1.000000e+00,0.000000e+00,0.000000e+00,0.000000e+00,0.000000e+00,0.000000e+00,0.000000e+00,0.000000e+00,0.000000e+00,0.000000e+00,0.000000e+00,0.000000e+00,0.000000e+00,0.000000e+00,0.000000e+00
1.000000e+00,0.000000e+00,0.000000e+00,0.000000e+00,0.000000e+00,0.000000e+00,0.000000e+00,0.000000e+00,0.000000e+00,0.000000e+00,0.000000e+00,0.000000e+00,0.000000e+00,0.000000e+00,0.000000e+00
1.000000e+00,0.000000e+00,0.000000e+00,0.000000e+00,0.000000e+00,0.000000e+00,0.000000e+00,0.000000e+00,0.000000e+00,0.000000e+00,0.000000e+00,0.000000e+00,0.000000e+00,0.000000e+00,0.000000e+00
1.000000e+00,0.000000e+00,0.000000e+00,0.000000e+00,0.000000e+00,0.000000e+00,0.000000e+00,0.000000e+00,0.000000e+00,0.000000e+00,0.000000e+00,0.000000e+00,0.000000e+00,0.000000e+00,0.000000e+00
1.000000e+00,0.000000e+00,0.000000e+00,0.000000e+00,0.000000e+00,0.000000e+00,0.000000e+00,0.000000e+00,0.000000e+00,0.000000e+00,0.000000e+00,0.000000e+00,0.000000e+00,0.000000e+00,0.000000e+00
1.000000e+00,0.000000e+00,0.000000e+00,0.000000e+00,0.000000e+00,0.000000e+00,0.000000e+00,0.000000e+00,0.000000e+00,0.000000e+00,0.000000e+00,0.000000e+00,0.000000e+00,0.000000e+00,0.000000e+00
1.000000e+00,0.000000e+00,0.000000e+00,0.000000e+00,0.000000e+00,0.000000e+00,0.000000e+00,0.000000e+00,0.000000e+00,0.000000e+00,0.000000e+00,0.000000e+00,0.000000e+00,0.000000e+00,0.000000e+00
1.000000e+00,0.000000e+00,0.000000e+00,0.000000e+00,0.000000e+00,0.000000e+00,0.000000e+00,0.000000e+00,0.000000e+00,0.000000e+00,0.000000e+00,0.000000e+00,0.000000e+00,0.000000e+00,0.000000e+00
1.000000e+00,0.000000e+00,0.000000e+00,0.000000e+00,0.000000e+00,0.000000e+00,0.000000e+00,0.000000e+00,0.000000e+00,0.000000e+00,0.000000e+00,0.000000e+00,0.000000e+00,0.000000e+00,0.000000e+00
1.000000e+00,0.000000e+00,0.000000e+00,0.000000e+00,0.000000e+00,0.000000e+00,0.000000e+00,0.000000e+00,0.000000e+00,0.000000e+00,0.000000e+00,0.000000e+00,0.000000e+00,0.000000e+00,0.000000e+00
1.000000e+00,0.000000e+00,0.000000e+00,0.000000e+00,0.000000e+00,0.000000e+00,0.000000e+00,0.000000e+00,0.000000e+00,0.000000e+00,0.000000e+00,0.000000e+00,0.000000e+00,0.000000e+00,0.000000e+00
1.000000e+00,0.000000e+00,0.000000e+00,0.000000e+00,0.000000e+00,0.000000e+00,0.000000e+00,0.000000e+00,0.000000e+00,0.000000e+00,0.000000e+00,0.000000e+00,0.000000e+00,0.000000e+00,0.000000e+00
1.000000e+00,0.000000e+00,0.000000e+00,0.000000e+00,0.000000e+00,0.000000e+00,0.000000e+00,0.000000e+00,0.000000e+00,0.000000e+00,0.000000e+00,0.000000e+00,0.000000e+00,0.000000e+00,0.000000e+00
1.000000e+00,0.000000e+00,0.000000e+00,0.000000e+00,0.000000e+00,0.000000e+00,0.000000e+00,0.000000e+00,0.000000e+00,0.000000e+00,0.000000e+00,0.000000e+00,0.000000e+00,0.000000e+00,0.000000e+00
1.000000e+00,0.000000e+00,0.000000e+00,0.000000e+00,0.000000e+00,0.000000e+00,0.000000e+00,0.000000e+00,0.000000e+00,0.000000e+00,0.000000e+00,0.000000e+00,0.000000e+00,0.000000e+00,0.000000e+00
1.000000e+00,0.000000e+00,0.000000e+00,0.000000e+00,0.000000e+00,0.000000e+00,0.000000e+00,0.000000e+00,0.000000e+00,0.000000e+00,0.000000e+00,0.000000e+00,0.000000e+00,0.000000e+00,0.000000e+00
1.000000e+00,0.000000e+00,0.000000e+00,0.000000e+00,0.000000e+00,0.000000e+00,0.000000e+00,0.000000e+00,0.000000e+00,0.000000e+00,0.000000e+00,0.000000e+00,0.000000e+00,0.000000e+00,0.000000e+00
1.000000e+00,0.000000e+00,0.000000e+00,0.000000e+00,0.000000e+00,0.000000e+00,0.000000e+00,0.000000e+00,0.000000e+00,0.000000e+00,0.000000e+00,0.000000e+00,0.000000e+00,0.000000e+00,0.000000e+00
1.000000e+00,0.000000e+00,0.000000e+00,0.000000e+00,0.000000e+00,0.000000e+00,0.000000e+00,0.000000e+00,0.000000e+00,0.000000e+00,0.000000e+00,0.000000e+00,0.000000e+00,0.000000e+00,0.000000e+00
1.000000e+00,0.000000e+00,0.000000e+00,0.000000e+00,0.000000e+00,0.000000e+00,0.000000e+00,0.000000e+00,0.000000e+00,0.000000e+00,0.000000e+00,0.000000e+00,0.000000e+00,0.000000e+00,0.000000e+00
1.000000e+00,0.000000e+00,0.000000e+00,0.000000e+00,0.000000e+00,0.000000e+00,0.000000e+00,0.000000e+00,0.000000e+00,0.000000e+00,0.000000e+00,0.000000e+00,0.000000e+00,0.000000e+00,0.000000e+00
1.000000e+00,0.000000e+00,0.000000e+00,0.000000e+00,0.000000e+00,0.000000e+00,0.000000e+00,0.000000e+00,0.000000e+00,0.000000e+00,0.000000e+00,0.000000e+00,0.000000e+00,0.000000e+00,0.000000e+00
1.000000e+00,0.000000e+00,0.000000e+00,0.000000e+00,0.000000e+00,0.000000e+00,0.000000e+00,0.000000e+00,0.000000e+00,0.000000e+00,0.000000e+00,0.000000e+00,0.000000e+00,0.000000e+00,0.000000e+00
1.000000e+00,0.000000e+00,0.000000e+00,0.000000e+00,0.000000e+00,0.000000e+00,0.000000e+00,0.000000e+00,0.000000e+00,0.000000e+00,0.000000e+00,0.000000e+00,0.000000e+00,0.000000e+00,0.000000e+00
1.000000e+00,0.000000e+00,0.000000e+00,0.000000e+00,0.000000e+00,0.000000e+00,0.000000e+00,0.000000e+00,0.000000e+00,0.000000e+00,0.000000e+00,0.000000e+00,0.000000e+00,0.000000e+00,0.000000e+00
1.000000e+00,0.000000e+00,0.000000e+00,0.000000e+00,0.000000e+00,0.000000e+00,0.000000e+00,0.000000e+00,0.000000e+00,0.000000e+00,0.000000e+00,0.000000e+00,0.000000e+00,0.000000e+00,0.000000e+00
1.000000e+00,0.000000e+00,0.000000e+00,0.000000e+00,0.000000e+00,0.000000e+00,0.000000e+00,0.000000e+00,0.000000e+00,0.000000e+00,0.000000e+00,0.000000e+00,0.000000e+00,0.000000e+00,0.000000e+00
1.000000e+00,0.000000e+00,0.000000e+00,0.000000e+00,0.000000e+00,0.000000e+00,0.000000e+00,0.000000e+00,0.000000e+00,0.000000e+00,0.000000e+00,0.000000e+00,0.000000e+00,0.000000e+00,0.000000e+00
1.000000e+00,0.000000e+00,0.000000e+00,0.000000e+00,0.000000e+00,0.000000e+00,0.000000e+00,0.000000e+00,0.000000e+00,0.000000e+00,0.000000e+00,0.000000e+00,0.000000e+00,0.000000e+00,0.000000e+00
1.000000e+00,0.000000e+00,0.000000e+00,0.000000e+00,0.000000e+00,0.000000e+00,0.000000e+00,0.000000e+00,0.000000e+00,0.000000e+00,0.000000e+00,0.000000e+00,0.000000e+00,0.000000e+00,0.000000e+00
1.000000e+00,0.000000e+00,0.000000e+00,0.000000e+00,0.000000e+00,0.000000e+00,0.000000e+00,0.000000e+00,0.000000e+00,0.000000e+00,0.000000e+00,0.000000e+00,0.000000e+00,0.000000e+00,0.000000e+00
1.000000e+00,0.000000e+00,0.000000e+00,0.000000e+00,0.000000e+00,0.000000e+00,0.000000e+00,0.000000e+00,0.000000e+00,0.000000e+00,0.000000e+00,0.000000e+00,0.000000e+00,0.000000e+00,0.000000e+00
1.000000e+00,0.000000e+00,0.000000e+00,0.000000e+00,0.000000e+00,0.000000e+00,0.000000e+00,0.000000e+00,0.000000e+00,0.000000e+00,0.000000e+00,0.000000e+00,0.000000e+00,0.000000e+00,0.000000e+00
1.000000e+00,0.000000e+00,0.000000e+00,0.000000e+00,0.000000e+00,0.000000e+00,0.000000e+00,0.000000e+00,0.000000e+00,0.000000e+00,0.000000e+00,0.000000e+00,0.000000e+00,0.000000e+00,0.000000e+00
1.000000e+00,0.000000e+00,0.000000e+00,0.000000e+00,0.000000e+00,0.000000e+00,0.000000e+00,0.000000e+00,0.000000e+00,0.000000e+00,0.000000e+00,0.000000e+00,0.000000e+00,0.000000e+00,0.000000e+00
1.000000e+00,0.000000e+00,0.000000e+00,0.000000e+00,0.000000e+00,0.000000e+00,0.000000e+00,0.000000e+00,0.000000e+00,0.000000e+00,0.000000e+00,0.000000e+00,0.000000e+00,0.000000e+00,0.000000e+00
1.000000e+00,0.000000e+00,0.000000e+00,0.000000e+00,0.000000e+00,0.000000e+00,0.000000e+00,0.000000e+00,0.000000e+00,0.000000e+00,0.000000e+00,0.000000e+00,0.000000e+00,0.000000e+00,0.000000e+00
1.000000e+00,0.000000e+00,0.000000e+00,0.000000e+00,0.000000e+00,0.000000e+00,0.000000e+00,0.000000e+00,0.000000e+00,0.000000e+00,0.000000e+00,0.000000e+00,0.000000e+00,0.000000e+00,0.000000e+00
1.000000e+00,0.000000e+00,0.000000e+00,0.000000e+00,0.000000e+00,0.000000e+00,0.000000e+00,0.000000e+00,0.000000e+00,0.000000e+00,0.000000e+00,0.000000e+00,0.000000e+00,0.000000e+00,0.000000e+00
1.000000e+00,0.000000e+00,0.000000e+00,0.000000e+00,0.000000e+00,0.000000e+00,0.000000e+00,0.000000e+00,0.000000e+00,0.000000e+00,0.000000e+00,0.000000e+00,0.000000e+00,0.000000e+00,0.000000e+00
1.000000e+00,0.000000e+00,0.000000e+00,0.000000e+00,0.000000e+00,0.000000e+00,0.000000e+00,0.000000e+00,0.000000e+00,0.000000e+00,0.000000e+00,0.000000e+00,0.000000e+00,0.000000e+00,0.000000e+00
1.000000e+00,0.000000e+00,0.000000e+00,0.000000e+00,0.000000e+00,0.000000e+00,0.000000e+00,0.000000e+00,0.000000e+00,0.000000e+00,0.000000e+00,0.000000e+00,0.000000e+00,0.000000e+00,0.000000e+00
1.000000e+00,0.000000e+00,0.000000e+00,0.000000e+00,0.000000e+00,0.000000e+00,0.000000e+00,0.000000e+00,0.000000e+00,0.000000e+00,0.000000e+00,0.000000e+00,0.000000e+00,0.000000e+00,0.000000e+00
1.000000e+00,0.000000e+00,0.000000e+00,0.000000e+00,0.000000e+00,0.000000e+00,0.000000e+00,0.000000e+00,0.000000e+00,0.000000e+00,0.000000e+00,0.000000e+00,0.000000e+00,0.000000e+00,0.000000e+00
1.000000e+00,0.000000e+00,0.000000e+00,0.000000e+00,0.000000e+00,0.000000e+00,0.000000e+00,0.000000e+00,0.000000e+00,0.000000e+00,0.000000e+00,0.000000e+00,0.000000e+00,0.000000e+00,0.000000e+00
1.000000e+00,0.000000e+00,0.000000e+00,0.000000e+00,0.000000e+00,0.000000e+00,0.000000e+00,0.000000e+00,0.000000e+00,0.000000e+00,0.000000e+00,0.000000e+00,0.000000e+00,0.000000e+00,0.000000e+00
1.000000e+00,0.000000e+00,0.000000e+00,0.000000e+00,0.000000e+00,0.000000e+00,0.000000e+00,0.000000e+00,0.000000e+00,0.000000e+00,0.000000e+00,0.000000e+00,0.000000e+00,0.000000e+00,0.000000e+00
1.000000e+00,0.000000e+00,0.000000e+00,0.000000e+00,0.000000e+00,0.000000e+00,0.000000e+00,0.000000e+00,0.000000e+00,0.000000e+00,0.000000e+00,0.000000e+00,0.000000e+00,0.000000e+00,0.000000e+00
1.000000e+00,0.000000e+00,0.000000e+00,0.000000e+00,0.000000e+00,0.000000e+00,0.000000e+00,0.000000e+00,0.000000e+00,0.000000e+00,0.000000e+00,0.000000e+00,0.000000e+00,0.000000e+00,0.000000e+00
1.000000e+00,0.000000e+00,0.000000e+00,0.000000e+00,0.000000e+00,0.000000e+00,0.000000e+00,0.000000e+00,0.000000e+00,0.000000e+00,0.000000e+00,0.000000e+00,0.000000e+00,0.000000e+00,0.000000e+00
1.000000e+00,0.000000e+00,0.000000e+00,0.000000e+00,0.000000e+00,0.000000e+00,0.000000e+00,0.000000e+00,0.000000e+00,0.000000e+00,0.000000e+00,0.000000e+00,0.000000e+00,0.000000e+00,0.000000e+00
1.000000e+00,0.000000e+00,0.000000e+00,0.000000e+00,0.000000e+00,0.000000e+00,0.000000e+00,0.000000e+00,0.000000e+00,0.000000e+00,0.000000e+00,0.000000e+00,0.000000e+00,0.000000e+00,0.000000e+00
1.000000e+00,0.000000e+00,0.000000e+00,0.000000e+00,0.000000e+00,0.000000e+00,0.000000e+00,0.000000e+00,0.000000e+00,0.000000e+00,0.000000e+00,0.000000e+00,0.000000e+00,0.000000e+00,0.000000e+00
1.000000e+00,0.000000e+00,0.000000e+00,0.000000e+00,0.000000e+00,0.000000e+00,0.000000e+00,0.000000e+00,0.000000e+00,0.000000e+00,0.000000e+00,0.000000e+00,0.000000e+00,0.000000e+00,0.000000e+00
1.000000e+00,0.000000e+00,0.000000e+00,0.000000e+00,0.000000e+00,0.000000e+00,0.000000e+00,0.000000e+00,0.000000e+00,0.000000e+00,0.000000e+00,0.000000e+00,0.000000e+00,0.000000e+00,0.000000e+00
1.000000e+00,0.000000e+00,0.000000e+00,0.000000e+00,0.000000e+00,0.000000e+00,0.000000e+00,0.000000e+00,0.000000e+00,0.000000e+00,0.000000e+00,0.000000e+00,0.000000e+00,0.000000e+00,0.000000e+00
1.000000e+00,0.000000e+00,0.000000e+00,0.000000e+00,0.000000e+00,0.000000e+00,0.000000e+00,0.000000e+00,0.000000e+00,0.000000e+00,0.000000e+00,0.000000e+00,0.000000e+00,0.000000e+00,0.000000e+00
4.289271e-01,5.939566e-02,8.072536e-02,3.609258e-01,5.862660e-03,7.850574e-03,2.035032e-03,5.629598e-03,6.283483e-03,2.494809e-03,1.206233e-02,8.686444e-03,8.649512e-03,1.034680e-03,9.436861e-03
3.088976e-01,5.747009e-02,1.395279e-01,4.218457e-01,4.389778e-03,6.455946e-03,1.501112e-03,4.412319e-03,5.442723e-03,4.495149e-03,1.433904e-02,9.453108e-03,7.150498e-03,9.831944e-04,1.363582e-02
2.837780e-01,5.838285e-02,2.362891e-01,3.390770e-01,3.984305e-03,8.590263e-03,1.270491e-03,4.828876e-03,5.372375e-03,6.873598e-03,1.540538e-02,1.110718e-02,7.585550e-03,1.388708e-03,1.606628e-02
2.294899e-01,5.659392e-02,1.906577e-01,3.504527e-01,4.355191e-03,7.666730e-03,9.778586e-04,5.129196e-03,2.890255e-02,3.795632e-02,2.882042e-02,9.526595e-03,1.083965e-02,3.001594e-03,3.562972e-02
1.701445e-01,4.295229e-02,1.754919e-01,2.741739e-01,4.081454e-03,6.579653e-03,8.159411e-04,4.744546e-03,5.884033e-02,1.738154e-01,3.275361e-02,1.000368e-02,1.021274e-02,4.794342e-03,3.059566e-02
2.001441e-01,4.284746e-02,1.378209e-01,2.531069e-01,7.032548e-03,8.576135e-03,3.444559e-03,7.709636e-03,6.036668e-02,1.438491e-01,6.958453e-02,1.988116e-02,1.058235e-02,7.636132e-03,2.741790e-02
1.602922e-01,3.737956e-02,1.009162e-01,2.105313e-01,5.729651e-03,1.052315e-02,2.976556e-03,6.131583e-03,6.481560e-02,1.187835e-01,1.865604e-01,4.954282e-02,9.171306e-03,1.076283e-02,2.588342e-02
1.252427e-01,2.842081e-02,7.378124e-02,1.665496e-01,4.639088e-03,9.868084e-03,2.326570e-03,5.526765e-03,5.606641e-02,8.827404e-02,3.135723e-01,8.373138e-02,8.213100e-03,1.300773e-02,2.078013e-02
9.295840e-02,2.156629e-02,5.294360e-02,1.446040e-01,4.134271e-03,9.308160e-03,1.769801e-03,4.221154e-03,4.905840e-02,6.425226e-02,3.833787e-01,1.318110e-01,6.345103e-03,1.686972e-02,1.677913e-02
6.663787e-02,1.587799e-02,3.804639e-02,1.122542e-01,3.616452e-03,7.665715e-03,1.358978e-03,3.011941e-03,3.923490e-02,5.379361e-02,4.419514e-01,1.697913e-01,4.656638e-03,2.919994e-02,1.290260e-02
6.496823e-02,1.198590e-02,2.690183e-02,9.258568e-02,6.302549e-03,8.200659e-03,1.035048e-03,2.352168e-03,3.017993e-02,4.000392e-02,4.831042e-01,1.689898e-01,3.771977e-03,4.879265e-02,1.082534e-02
5.351640e-02,8.944740e-03,1.896437e-02,7.217226e-02,7.741076e-03,6.860255e-03,7.730679e-04,1.743254e-03,2.419623e-02,3.005681e-02,5.069124e-01,1.907917e-01,3.050288e-03,6.567054e-02,8.606625e-03
7.265683e-02,8.074800e-03,1.379091e-02,5.620985e-02,1.239222e-02,6.025692e-03,6.227269e-04,1.964976e-03,2.119923e-02,2.276816e-02,5.041472e-01,1.987915e-01,2.627144e-03,7.127393e-02,7.454799e-03
7.631154e-02,6.870601e-03,9.999879e-03,4.256429e-02,1.389262e-02,5.973980e-03,5.521772e-04,1.830007e-03,1.843376e-02,1.821507e-02,5.112851e-01,2.022092e-01,3.376087e-03,8.177563e-02,6.710033e-03
6.242480e-02,6.260023e-03,7.541339e-03,3.121451e-02,2.310051e-02,6.549607e-03,6.210801e-04,1.839309e-03,1.777953e-02,1.545716e-02,5.291855e-01,2.021448e-01,3.852932e-03,8.604884e-02,5.980072e-03
5.405616e-02,7.249704e-03,6.896341e-03,2.281329e-02,2.888766e-02,1.302650e-02,1.052317e-03,2.534571e-03,1.447712e-02,1.170222e-02,5.669739e-01,1.811310e-01,3.427478e-03,8.002825e-02,5.743615e-03
3.883195e-02,7.726773e-03,5.370956e-03,1.633880e-02,3.444260e-02,1.011128e-02,9.324235e-04,2.171197e-03,1.166890e-02,9.480316e-03,6.045653e-01,1.710705e-01,3.009024e-03,7.932891e-02,4.951101e-03
3.065222e-02,7.589019e-03,1.052241e-02,1.204652e-02,3.151464e-02,1.025670e-02,1.260961e-03,5.665732e-03,1.032043e-02,8.925476e-03,6.044645e-01,1.768170e-01,2.553236e-03,8.345948e-02,3.951654e-03
2.276418e-02,1.002846e-02,1.570481e-01,1.082233e-02,2.585455e-02,8.564044e-03,1.491361e-03,4.628849e-02,8.504223e-03,7.861747e-03,4.897828e-01,1.407894e-01,1.835292e-03,6.555764e-02,2.807551e-03
1.759361e-02,3.165258e-02,2.849405e-01,1.054346e-02,2.130156e-02,7.677395e-03,1.882138e-03,5.384688e-02,7.433233e-03,7.617206e-03,3.884545e-01,1.125989e-01,1.344363e-03,5.107354e-02,2.040100e-03
1.826883e-02,2.860679e-02,2.476428e-01,1.114455e-02,2.080157e-02,4.243641e-02,4.012568e-03,1.270227e-01,1.814440e-02,9.646371e-03,3.412109e-01,8.797653e-02,1.122049e-03,3.980793e-02,2.155635e-03
2.003690e-02,3.613746e-02,2.793783e-01,1.496488e-02,2.876600e-02,4.766423e-02,3.630266e-03,1.295929e-01,2.745295e-02,1.005758e-02,2.955360e-01,7.272302e-02,1.050482e-03,2.990822e-02,3.100892e-03
1.908544e-02,6.753515e-02,3.270742e-01,1.247884e-02,3.515319e-02,3.866302e-02,2.898460e-03,9.645708e-02,5.045263e-02,8.965291e-03,2.591562e-01,5.358823e-02,9.854381e-04,2.342923e-02,4.077560e-03
1.468133e-02,6.374502e-02,4.061272e-01,6.350937e-02,3.719103e-02,2.955286e-02,2.140767e-03,7.130434e-02,4.527907e-02,9.592090e-03,1.878628e-01,4.015719e-02,1.595852e-03,1.664347e-02,1.061769e-02
2.084795e-02,5.498399e-02,3.992507e-01,6.543644e-02,5.458403e-02,2.273358e-02,1.923686e-03,5.965693e-02,6.580256e-02,1.216921e-02,1.720240e-01,3.678160e-02,3.134790e-03,1.413803e-02,1.653255e-02
2.974085e-02,7.547882e-02,4.142153e-01,4.986838e-02,6.106531e-02,1.806411e-02,1.709559e-03,4.698629e-02,7.110754e-02,1.232727e-02,1.474839e-01,2.777892e-02,2.886992e-03,2.427972e-02,1.700700e-02
3.834149e-02,7.422308e-02,4.121439e-01,4.705576e-02,6.416232e-02,1.526423e-02,1.839446e-03,4.356979e-02,7.994586e-02,1.307374e-02,1.344345e-01,2.249260e-02,3.008710e-03,2.362377e-02,2.682078e-02
3.278136e-02,5.749543e-02,3.926634e-01,1.396035e-01,4.834310e-02,1.155058e-02,1.350282e-03,3.671506e-02,8.203702e-02,1.240252e-02,1.009717e-01,1.687129e-02,2.869040e-03,1.761599e-02,4.672984e-02
4.017439e-02,4.776324e-02,4.315587e-01,1.202473e-01,4.110019e-02,9.664894e-03,1.150206e-03,2.982041e-02,7.623465e-02,1.288826e-02,7.753044e-02,1.422251e-02,2.726760e-03,1.859852e-02,7.631963e-02
6.254759e-02,4.545054e-02,4.345496e-01,9.693722e-02,4.196701e-02,9.382781e-03,1.178992e-03,2.827813e-02,7.266609e-02,1.375457e-02,6.217707e-02,1.384985e-02,2.911797e-03,2.288944e-02,9.145936e-02
5.939416e-02,4.236707e-02,4.878912e-01,6.987444e-02,3.397474e-02,7.303144e-03,9.285217e-04,2.112609e-02,7.726071e-02,1.535748e-02,5.063055e-02,1.140855e-02,2.607488e-03,3.763720e-02,8.223863e-02
6.320509e-02,4.861636e-02,4.712076e-01,5.588810e-02,3.631586e-02,8.437689e-03,7.628163e-04,1.707462e-02,8.492271e-02,1.595938e-02,4.006542e-02,1.022516e-02,3.110440e-03,6.478117e-02,7.942751e-02
1.054895e-01,5.760633e-02,3.642260e-01,5.236858e-02,5.659327e-02,2.547563e-02,1.007169e-03,2.359186e-02,9.383465e-02,1.965962e-02,3.761896e-02,9.170787e-03,3.984082e-03,7.001634e-02,7.935712e-02
8.602692e-02,4.807344e-02,2.738916e-01,3.929281e-02,4.585675e-02,2.329956e-02,9.525174e-04,1.987092e-02,1.573097e-01,2.176090e-02,5.284823e-02,7.713394e-03,4.230605e-03,1.200715e-01,9.880114e-02
6.622007e-02,4.036100e-02,1.938597e-01,2.796935e-02,3.634017e-02,2.258556e-02,7.284572e-04,1.510826e-02,1.905771e-01,1.947344e-02,6.465080e-02,6.528103e-03,4.327190e-03,2.293181e-01,8.195263e-02
6.641552e-02,3.542353e-02,1.542601e-01,3.705100e-02,5.746655e-02,4.228026e-02,2.091256e-03,3.980896e-02,1.945316e-01,1.975853e-02,7.783435e-02,7.318753e-03,5.286096e-03,2.001944e-01,6.027906e-02
6.937625e-02,3.103331e-02,1.118073e-01,2.753083e-02,4.467189e-02,4.124875e-02,1.660762e-03,3.869859e-02,2.796526e-01,2.595871e-02,7.665054e-02,5.829896e-03,4.731352e-03,1.965843e-01,4.456486e-02
6.629925e-02,2.956451e-02,8.280685e-02,2.119821e-02,3.378293e-02,6.802794e-02,1.384194e-03,3.272136e-02,3.422236e-01,2.193263e-02,6.926768e-02,4.499574e-03,3.989158e-03,1.898674e-01,3.243465e-02
6.439453e-02,2.503414e-02,7.052386e-02,1.930116e-02,2.632867e-02,5.152345e-02,1.324116e-03,3.679039e-02,4.318804e-01,1.741004e-02,5.760545e-02,3.746465e-03,3.292864e-03,1.674237e-01,2.342087e-02
5.894297e-02,2.452198e-02,5.286432e-02,1.484100e-02,2.024250e-02,4.214139e-02,9.929097e-04,2.817514e-02,5.264486e-01,1.284024e-02,4.759825e-02,3.098857e-03,2.604568e-03,1.475305e-01,1.715686e-02
5.279057e-02,1.941894e-02,4.358663e-02,1.296920e-02,1.830755e-02,3.390078e-02,7.564906e-04,2.543813e-02,6.035278e-01,9.735215e-03,3.810691e-02,2.676300e-03,2.019006e-03,1.235572e-01,1.320932e-02
4.516581e-02,1.622538e-02,3.226495e-02,1.107846e-02,2.159888e-02,2.656110e-02,5.615166e-04,2.911418e-02,6.702045e-01,7.869205e-03,2.971946e-02,2.191857e-03,1.620443e-03,9.509628e-02,1.072806e-02
4.139191e-02,1.317111e-02,2.559211e-02,9.625858e-03,2.199684e-02,3.223497e-02,4.662534e-04,4.515486e-02,6.780178e-01,6.318867e-03,2.340510e-02,1.767662e-03,1.372974e-03,9.138729e-02,8.096438e-03
3.895706e-02,1.063222e-02,2.217532e-02,9.601535e-03,2.103346e-02,2.660627e-02,4.041225e-04,5.816235e-02,7.017408e-01,5.952193e-03,1.887576e-02,1.423927e-03,1.106303e-03,7.723922e-02,6.089489e-03
4.225127e-02,8.759375e-03,2.701904e-02,1.740770e-02,2.872425e-02,2.045701e-02,3.764309e-04,1.015016e-01,6.639829e-01,5.420676e-03,1.614062e-02,1.324435e-03,1.029644e-03,6.081593e-02,4.789203e-03
7.022968e-02,1.191201e-02,2.223951e-02,1.590741e-02,3.974668e-02,1.805585e-02,8.271728e-04,8.409287e-02,6.528314e-01,4.841173e-03,1.705093e-02,3.756023e-03,1.858018e-03,5.125949e-02,5.391838e-03
8.796694e-02,1.348529e-02,1.848681e-02,1.504834e-02,4.304118e-02,1.634273e-02,9.287820e-04,7.525595e-02,6.515580e-01,4.628606e-03,1.658386e-02,5.156327e-03,2.022121e-03,4.340672e-02,6.088320e-03
1.015198e-01,1.125870e-02,2.618065e-02,1.469239e-02,3.366960e-02,1.330389e-02,7.300439e-04,6.271993e-02,6.096482e-01,1.685081e-02,1.847843e-02,5.993570e-03,2.052803e-03,4.721249e-02,3.568878e-02
7.226755e-02,1.174340e-02,1.664654e-01,1.585821e-02,2.419072e-02,9.825676e-03,5.220599e-04,4.522428e-02,4.436094e-01,2.439607e-02,6.099790e-02,5.645117e-03,2.590454e-03,4.623665e-02,7.042712e-02
5.263301e-02,1.123487e-02,1.966941e-01,2.276448e-02,1.836316e-02,7.603877e-03,5.227881e-04,3.859991e-02,3.234304e-01,4.306560e-02,1.410668e-01,7.267293e-03,5.806218e-03,7.043562e-02,6.051192e-02
4.061101e-02,9.345238e-03,1.734494e-01,7.109772e-02,1.378742e-02,1.008215e-02,5.080049e-04,3.209730e-02,2.369057e-01,3.605162e-02,2.491132e-01,9.586108e-03,9.336496e-03,6.414935e-02,4.387925e-02
2.954068e-02,7.264102e-03,1.931731e-01,5.811932e-02,9.797975e-03,7.832154e-03,3.981717e-04,2.312139e-02,1.713976e-01,2.744647e-02,3.481288e-01,1.018311e-02,7.958611e-03,7.446480e-02,3.117373e-02
2.352443e-02,7.443735e-03,1.429277e-01,5.116317e-02,7.081208e-03,7.771296e-03,3.249550e-04,1.669500e-02,1.323848e-01,1.988439e-02,4.454588e-01,9.868562e-03,6.991733e-03,1.053955e-01,2.308483e-02
1.851620e-02,5.838060e-03,1.011905e-01,3.872453e-02,5.207357e-03,6.591796e-03,2.807528e-04,1.187296e-02,1.020928e-01,1.490340e-02,5.230097e-01,9.363124e-03,5.484129e-03,1.403766e-01,1.654818e-02
2.292402e-02,4.992136e-03,7.363838e-02,3.325389e-02,5.232465e-03,7.425184e-03,3.917187e-04,9.333567e-03,8.911066e-02,1.406873e-02,5.441762e-01,1.320269e-02,4.763730e-03,1.654931e-01,1.199356e-02
3.945249e-02,4.919131e-03,5.422805e-02,2.558822e-02,6.427716e-03,8.787658e-03,4.320788e-04,7.615362e-03,7.112881e-02,1.458679e-02,5.256726e-01,1.125704e-02,4.211608e-03,2.162815e-01,9.410984e-03
3.314668e-02,5.399128e-03,4.199484e-02,1.962417e-02,8.505307e-03,1.295473e-02,7.213700e-04,6.416684e-03,6.914863e-02,2.333349e-02,4.814715e-01,1.078942e-02,3.508635e-03,2.747400e-01,8.245448e-03
5.553694e-02,6.029509e-03,3.165406e-02,1.518173e-02,8.754932e-03,1.326144e-02,7.930591e-04,5.675267e-03,1.023318e-01,2.019386e-02,4.120119e-01,9.302123e-03,3.163181e-03,3.086479e-01,7.462319e-03
6.140465e-02,1.159308e-02,2.631210e-02,1.286772e-02,8.831247e-03,2.031711e-02,8.818636e-04,6.095229e-03,1.395302e-01,1.809951e-02,3.430536e-01,8.993934e-03,3.547274e-03,3.318745e-01,6.598013e-03
9.562487e-02,1.257847e-02,2.426039e-02,1.121738e-02,8.796949e-03,2.317441e-02,8.329182e-04,6.269410e-03,2.007257e-01,1.574443e-02,2.684647e-01,8.160353e-03,3.689790e-03,3.141665e-01,6.293731e-03
7.256275e-02,1.143770e-02,2.805140e-02,1.557810e-02,9.014575e-03,2.474971e-02,6.700716e-04,6.027828e-03,2.291554e-01,2.615711e-02,2.415680e-01,6.808903e-03,3.801927e-03,3.175382e-01,6.878297e-03
5.743029e-02,1.086729e-02,2.741842e-02,1.251720e-02,8.389475e-03,3.048059e-02,5.385231e-04,5.852169e-03,3.157322e-01,2.048137e-02,1.891878e-01,5.540300e-03,2.884826e-03,3.069764e-01,5.703066e-03
4.517456e-02,1.148597e-02,2.245594e-02,1.198441e-02,7.270217e-03,5.260554e-02,4.280387e-04,5.882452e-03,3.647585e-01,1.828318e-02,1.502492e-01,4.574478e-03,2.585306e-03,2.976573e-01,4.604976e-03
4.862209e-02,2.023965e-02,2.145649e-02,1.550280e-02,8.916751e-03,1.056871e-01,3.550306e-04,1.481145e-02,3.217161e-01,1.820217e-02,1.353091e-01,3.807555e-03,2.314835e-03,2.790971e-01,3.961822e-03
8.309197e-02,2.008040e-02,2.031772e-02,1.336804e-02,9.451738e-03,1.095596e-01,3.516786e-04,1.318669e-02,2.707747e-01,1.411559e-02,1.269366e-01,3.630709e-03,2.024785e-03,3.089160e-01,4.193733e-03
6.591777e-02,2.381235e-02,1.794219e-02,1.418699e-02,1.042186e-02,2.479011e-01,3.057111e-04,3.426286e-02,2.356308e-01,1.118173e-02,9.150233e-02,2.689612e-03,1.656401e-03,2.382134e-01,4.374901e-03
6.092306e-02,2.752229e-02,1.645494e-02,1.228167e-02,1.153057e-02,2.386542e-01,3.116568e-04,4.718958e-02,2.920163e-01,9.072497e-03,6.930333e-02,2.335990e-03,1.341134e-03,2.062594e-01,4.803349e-03
5.634502e-02,2.310221e-02,1.534449e-02,1.291928e-02,1.082800e-02,3.706109e-01,2.900593e-04,4.836535e-02,2.359945e-01,7.244705e-03,5.184648e-02,1.936128e-03,1.051351e-03,1.594932e-01,4.628306e-03
6.500269e-02,2.259872e-02,1.405404e-02,1.168600e-02,1.103587e-02,4.201842e-01,3.683984e-04,5.483387e-02,2.116303e-01,6.903023e-03,4.042090e-02,2.282290e-03,1.200668e-03,1.292617e-01,8.537468e-03
8.639519e-02,2.162144e-02,1.357098e-02,1.231955e-02,2.003344e-02,3.615177e-01,6.086500e-04,8.504831e-02,2.322816e-01,8.368405e-03,3.407007e-02,2.673935e-03,1.431516e-03,1.075049e-01,1.255425e-02
7.417883e-02,2.214345e-02,1.708760e-02,4.031751e-02,4.116806e-02,3.106750e-01,7.570436e-04,1.378065e-01,2.159018e-01,6.766976e-03,2.537398e-02,2.767188e-03,1.359720e-03,8.128843e-02,2.240788e-02
7.079481e-02,2.379446e-02,1.493024e-02,4.556096e-02,5.669457e-02,2.901412e-01,7.139732e-04,1.791364e-01,2.039499e-01,5.419754e-03,1.910554e-02,2.510137e-03,1.374926e-03,6.309469e-02,2.277849e-02
5.949388e-02,1.876163e-02,1.242688e-02,4.256783e-02,5.247765e-02,2.570770e-01,7.901489e-04,3.181451e-01,1.539620e-01,3.920596e-03,1.408205e-02,2.549119e-03,1.307703e-03,4.526099e-02,1.717737e-02
5.790967e-02,1.876217e-02,1.016376e-02,3.860868e-02,4.330748e-02,1.946990e-01,7.142916e-04,4.579611e-01,1.135938e-01,2.868938e-03,1.053048e-02,2.548580e-03,1.596994e-03,3.280903e-02,1.392594e-02
4.525530e-02,2.062621e-02,9.112909e-03,8.354494e-02,3.199975e-02,1.379244e-01,5.574048e-04,5.157736e-01,9.715816e-02,2.474851e-03,1.018442e-02,3.701821e-03,2.551259e-03,2.313414e-02,1.600073e-02
3.251477e-02,1.485830e-02,8.529215e-03,8.315378e-02,2.282569e-02,9.704580e-02,4.692902e-04,5.983645e-01,7.875682e-02,4.266309e-03,1.667355e-02,5.625032e-03,7.795801e-03,1.630731e-02,1.281378e-02
2.346321e-02,1.082432e-02,9.854149e-03,9.008831e-02,1.632975e-02,6.894621e-02,7.166970e-04,5.332838e-01,6.514630e-02,4.837395e-03,3.324146e-02,1.316535e-02,9.737092e-02,1.153530e-02,2.119673e-02
2.119154e-02,7.829421e-03,7.703491e-03,7.029135e-02,1.268067e-02,4.977841e-02,1.108426e-03,3.910607e-01,4.878129e-02,7.361358e-03,4.311297e-02,3.454265e-02,2.776994e-01,1.019405e-02,1.666430e-02
1.811322e-02,5.755980e-03,6.393039e-03,5.742688e-02,9.129054e-03,3.626978e-02,1.343509e-03,2.794505e-01,3.637050e-02,1.661883e-02,4.696879e-02,9.521608e-02,3.699176e-01,7.744170e-03,1.328204e-02
1.673167e-02,4.489537e-03,6.037209e-03,4.215246e-02,8.630588e-03,3.158141e-02,4.552131e-03,2.123163e-01,3.859352e-02,1.250032e-02,4.816318e-02,2.753129e-01,2.783652e-01,9.740693e-03,1.083290e-02
1.312186e-02,3.429521e-03,4.912432e-03,3.051545e-02,6.361728e-03,2.454435e-02,3.395348e-03,1.498440e-01,2.920705e-02,1.021785e-02,4.255745e-02,4.622615e-01,2.014264e-01,1.005817e-02,8.146978e-03
9.615737e-03,2.624201e-03,4.182704e-03,2.347618e-02,5.134887e-03,1.921762e-02,3.660334e-03,1.063551e-01,2.277964e-02,9.104983e-03,4.256859e-02,5.911893e-01,1.440317e-01,9.764817e-03,6.294278e-03
8.176435e-03,2.196961e-03,3.306709e-03,1.694997e-02,4.908103e-03,1.458227e-02,3.025695e-03,7.476815e-02,2.118506e-02,1.051397e-02,9.045839e-02,6.328329e-01,1.022926e-01,9.819865e-03,4.982973e-03
1.057744e-02,1.770587e-03,2.541155e-03,1.191397e-02,4.388038e-03,1.142694e-02,2.260137e-03,5.266232e-02,1.813712e-02,8.655843e-03,2.357630e-01,5.539678e-01,7.193889e-02,1.031600e-02,3.680698e-03
1.268176e-02,1.563453e-03,2.001838e-03,8.462681e-03,3.973294e-03,9.749222e-03,1.715619e-03,3.715903e-02,1.763577e-02,7.397747e-03,3.099888e-01,5.234256e-01,5.086901e-02,1.047308e-02,2.903064e-03
3.843617e-02,2.568959e-03,1.853923e-03,6.364269e-03,4.541075e-03,8.127475e-03,1.294881e-03,2.639209e-02,1.963178e-02,7.381496e-03,3.926922e-01,4.424859e-01,3.592386e-02,9.314978e-03,2.990891e-03
6.075014e-02,4.495664e-03,2.963778e-03,5.424005e-03,7.784543e-03,7.498303e-03,1.410052e-03,1.986706e-02,2.395169e-02,8.894164e-03,3.609561e-01,4.575258e-01,2.553331e-02,8.190865e-03,4.754570e-03
1.313463e-01,4.428817e-03,7.235287e-03,5.899870e-03,1.127607e-02,1.112599e-02,4.214013e-03,2.475742e-02,1.818910e-02,7.410323e-03,2.753802e-01,4.683306e-01,1.850205e-02,7.779065e-03,4.124952e-03
1.680919e-01,5.347718e-03,9.641821e-03,6.990061e-03,2.765420e-02,1.538074e-02,4.773412e-03,2.458816e-02,1.484388e-02,6.842620e-03,2.155644e-01,4.737337e-01,1.358893e-02,7.171647e-03,5.786795e-03
1.586149e-01,5.378042e-03,8.282633e-03,6.299526e-03,3.572381e-02,1.671376e-02,4.378882e-03,2.078117e-02,1.266310e-02,6.891264e-03,1.935092e-01,5.079793e-01,1.040906e-02,6.558625e-03,5.816777e-03
1.562030e-01,6.829093e-03,7.170427e-03,5.673560e-03,4.483972e-02,1.971102e-02,3.994786e-03,1.770403e-02,1.141287e-02,8.540872e-03,1.922252e-01,5.039207e-01,9.766082e-03,6.741788e-03,5.266800e-03
1.159467e-01,6.343623e-03,5.667856e-03,4.576104e-03,4.503827e-02,1.542049e-02,3.418628e-03,1.375755e-02,9.229439e-03,6.985713e-03,3.190053e-01,4.364516e-01,8.305815e-03,5.586738e-03,4.266250e-03
9.539168e-02,2.083289e-02,7.095795e-03,3.665996e-03,1.296224e-01,1.981967e-02,4.793395e-03,1.067686e-02,9.104882e-03,5.999610e-03,2.784724e-01,3.984103e-01,6.599206e-03,5.069518e-03,4.445385e-03
8.201896e-02,2.320555e-02,1.295203e-02,3.064500e-03,1.778805e-01,5.633729e-02,6.679868e-03,1.172985e-02,9.996280e-03,8.986038e-03,2.636567e-01,3.276003e-01,5.353938e-03,6.801977e-03,3.736168e-03
7.504416e-02,2.729797e-02,1.730884e-02,2.986620e-03,2.372059e-01,8.803575e-02,1.149741e-02,1.479952e-02,2.511322e-02,8.158104e-03,2.309482e-01,2.471356e-01,4.473914e-03,6.463073e-03,3.531640e-03
6.174812e-02,4.024126e-02,2.845256e-02,1.065074e-02,3.776693e-01,6.573196e-02,9.800056e-03,2.093482e-02,2.265698e-02,6.872984e-03,1.682893e-01,1.746349e-01,3.345637e-03,5.110081e-03,3.861219e-03
6.512587e-02,3.179552e-02,8.021859e-02,2.126562e-02,4.145419e-01,5.948647e-02,1.034547e-02,3.099496e-02,2.333451e-02,5.708486e-03,1.217297e-01,1.255662e-01,2.717545e-03,3.888874e-03,3.280311e-03
7.261062e-02,2.911506e-02,1.891489e-01,2.499358e-02,3.605621e-01,6.562810e-02,9.136543e-03,2.998238e-02,2.331092e-02,6.355899e-03,8.929601e-02,9.004410e-02,2.337713e-03,3.468459e-03,4.009572e-03
5.944167e-02,2.422562e-02,1.825627e-01,3.451531e-02,2.877799e-01,5.278152e-02,6.644275e-03,1.926451e-01,1.868383e-02,4.893763e-03,6.405111e-02,6.412388e-02,1.785090e-03,2.672203e-03,3.194038e-03
5.192417e-02,1.960929e-02,1.633463e-01,3.887156e-02,2.437757e-01,4.109929e-02,5.700601e-03,3.107032e-01,2.233494e-02,4.753582e-03,4.569689e-02,4.563183e-02,1.450030e-03,2.292667e-03,2.809894e-03
4.969431e-02,2.550970e-02,1.672136e-01,3.621949e-02,2.001405e-01,3.390777e-02,5.591981e-03,3.776082e-01,2.647392e-02,4.991257e-03,3.249913e-02,3.251236e-02,1.490315e-03,2.373357e-03,3.774027e-03
4.600815e-02,2.109946e-02,1.656163e-01,3.623343e-02,1.740385e-01,2.913285e-02,4.610589e-03,4.410086e-01,2.247638e-02,5.897522e-03,2.342498e-02,2.319740e-02,1.362742e-03,2.064654e-03,3.828345e-03
5.184517e-02,2.089641e-02,1.583403e-01,3.426111e-02,1.649451e-01,2.354175e-02,6.439822e-03,4.630908e-01,2.679436e-02,6.621036e-03,1.707220e-02,1.699241e-02,1.718491e-03,2.349237e-03,5.091711e-03
7.378301e-02,1.817788e-02,1.289003e-01,2.919417e-02,1.306344e-01,1.874868e-02,5.949258e-03,5.169280e-01,3.460163e-02,6.159699e-03,1.296379e-02,1.331619e-02,2.446334e-03,2.932413e-03,5.264169e-03
9.927049e-02,2.003022e-02,1.107057e-01,2.476602e-02,9.944958e-02,1.646702e-02,6.977043e-03,5.311938e-01,3.561060e-02,1.355799e-02,1.169749e-02,1.334880e-02,3.529814e-03,4.949835e-03,8.445602e-03
1.501986e-01,2.128403e-02,8.985089e-02,2.417802e-02,8.448564e-02,2.042272e-02,1.088567e-02,3.871952e-01,3.128656e-02,1.048312e-01,1.745343e-02,1.412203e-02,8.034136e-03,1.339260e-02,2.237928e-02
2.015783e-01,1.795943e-02,7.740583e-02,2.646012e-02,7.961088e-02,2.291618e-02,1.118118e-02,2.859465e-01,3.098235e-02,1.121319e-01,4.710279e-02,2.006849e-02,1.883388e-02,2.150666e-02,2.631557e-02
1.713677e-01,1.559416e-02,5.941820e-02,3.038656e-02,6.271518e-02,1.837149e-02,1.088514e-02,2.051845e-01,4.318108e-02,1.096934e-01,1.370313e-01,2.344204e-02,4.304218e-02,3.864493e-02,3.104223e-02
1.586288e-01,1.232335e-02,4.601381e-02,2.389928e-02,5.067692e-02,1.474697e-02,8.196376e-03,1.516106e-01,1.231424e-01,9.477730e-02,1.569062e-01,1.917206e-02,3.550512e-02,7.507471e-02,2.932613e-02
1.331600e-01,1.173910e-02,4.216678e-02,1.862225e-02,3.975898e-02,1.157818e-02,6.084204e-03,1.095579e-01,2.068403e-01,1.037755e-01,1.456797e-01,1.547994e-02,2.762318e-02,9.850329e-02,2.943075e-02
1.328798e-01,1.749939e-02,6.882611e-02,1.917372e-02,3.197349e-02,9.730079e-03,4.685769e-03,8.881364e-02,2.239197e-01,9.623597e-02,1.162942e-01,1.211166e-02,2.135149e-02,9.091918e-02,6.558580e-02
1.130039e-01,1.560304e-02,8.678010e-02,4.231695e-02,2.430598e-02,8.023927e-03,3.620508e-03,6.696667e-02,2.675297e-01,1.017008e-01,8.422843e-02,9.301042e-03,1.604375e-02,6.788336e-02,9.269176e-02
1.170739e-01,1.748154e-02,1.347489e-01,3.586489e-02,1.940946e-02,7.202457e-03,2.834060e-03,4.913704e-02,2.544721e-01,1.122410e-01,6.140601e-02,7.215973e-03,1.229289e-02,5.301373e-02,1.156060e-01
1.367650e-01,2.004287e-02,1.148100e-01,3.182191e-02,1.684335e-02,7.957795e-03,2.300391e-03,3.695980e-02,2.530397e-01,1.169904e-01,4.701114e-02,6.160817e-03,1.036204e-02,4.561340e-02,1.533214e-01
1.644433e-01,2.218117e-02,8.841598e-02,2.823401e-02,1.924520e-02,9.099712e-03,2.201265e-03,3.063760e-02,2.238454e-01,1.242317e-01,3.854942e-02,6.971465e-03,1.091834e-02,4.336321e-02,1.876623e-01
2.165179e-01,3.287822e-02,7.598824e-02,4.052880e-02,1.772869e-02,1.138775e-02,2.793650e-03,2.333673e-02,1.726882e-01,1.153987e-01,3.283099e-02,1.006029e-02,1.429560e-02,3.459211e-02,1.989741e-01
3.019775e-01,3.282368e-02,5.739845e-02,3.456053e-02,1.486568e-02,1.404873e-02,2.880075e-03,1.787615e-02,1.266988e-01,9.814892e-02,2.934919e-02,1.169910e-02,1.673416e-02,2.872462e-02,2.122145e-01
3.821747e-01,2.583601e-02,4.947480e-02,2.618951e-02,1.210401e-02,1.223533e-02,2.862759e-03,1.506042e-02,9.542730e-02,8.794279e-02,2.875228e-02,1.065365e-02,1.730652e-02,3.183403e-02,2.021459e-01
4.317496e-01,2.111272e-02,3.759120e-02,1.976328e-02,1.144112e-02,1.137507e-02,2.350863e-03,1.206487e-02,9.133541e-02,9.166358e-02,2.820335e-02,8.639060e-03,2.204188e-02,2.771045e-02,1.829576e-01
4.472264e-01,1.833574e-02,3.074258e-02,1.761607e-02,1.206446e-02,1.105929e-02,2.546726e-03,1.109797e-02,8.879033e-02,8.978932e-02,3.748319e-02,8.092862e-03,3.016692e-02,3.290169e-02,1.620865e-01
4.121897e-01,2.207735e-02,3.426591e-02,2.741338e-02,1.077098e-02,1.213187e-02,2.163828e-03,9.492353e-03,1.259660e-01,9.361003e-02,3.518569e-02,7.056275e-03,2.717539e-02,3.123156e-02,1.492697e-01
4.167870e-01,2.041362e-02,2.788135e-02,2.544655e-02,9.768050e-03,1.282537e-02,1.962150e-03,7.733923e-03,1.570480e-01,9.217387e-02,3.426615e-02,7.909901e-03,2.741934e-02,2.987380e-02,1.284910e-01
3.287065e-01,1.759201e-02,2.134730e-02,2.621314e-02,8.651297e-03,1.238451e-02,1.618678e-03,6.277671e-03,2.114951e-01,7.631198e-02,9.069267e-02,1.421476e-02,5.448679e-02,2.741440e-02,1.025932e-01
2.563184e-01,1.432824e-02,1.638699e-02,2.503235e-02,8.440997e-03,1.520790e-02,1.611081e-03,5.603261e-03,1.881954e-01,6.896547e-02,1.422927e-01,4.997128e-02,8.768876e-02,3.204169e-02,8.791544e-02
2.044101e-01,1.062570e-02,1.236413e-02,2.202646e-02,7.843668e-03,1.225293e-02,1.694963e-03,4.322544e-03,1.515481e-01,6.001596e-02,2.052474e-01,9.516366e-02,1.022516e-01,3.667483e-02,7.355785e-02
1.745221e-01,8.492690e-03,1.094592e-02,2.042433e-02,1.249585e-02,9.741422e-03,3.095540e-03,1.173545e-02,1.185374e-01,5.495007e-02,2.365377e-01,1.274065e-01,1.140920e-01,3.469696e-02,6.232623e-02
1.635998e-01,1.000987e-02,1.208242e-02,2.132652e-02,1.431590e-02,9.021879e-03,3.024176e-03,1.088014e-02,1.066591e-01,6.740390e-02,2.130592e-01,1.497963e-01,1.191971e-01,4.117793e-02,5.844568e-02
1.611942e-01,1.069058e-02,1.923149e-02,3.472375e-02,3.597399e-02,8.397073e-03,3.167341e-03,1.134435e-02,1.650098e-01,4.950536e-02,1.823666e-01,1.465837e-01,9.422822e-02,3.325713e-02,4.432650e-02
2.258742e-01,1.156647e-02,1.805777e-02,3.799324e-02,3.359892e-02,2.130584e-02,3.297346e-03,1.107147e-02,1.319248e-01,4.112239e-02,1.383838e-01,1.661902e-01,8.563684e-02,3.158647e-02,4.239033e-02
2.611667e-01,1.582260e-02,1.795952e-02,3.239906e-02,4.625985e-02,2.063269e-02,3.234135e-03,1.078600e-02,1.120284e-01,4.220813e-02,1.093426e-01,1.759325e-01,8.532070e-02,3.084972e-02,3.605745e-02
2.916826e-01,2.213555e-02,1.659163e-02,3.838478e-02,4.210903e-02,2.290134e-02,3.267705e-03,1.131121e-02,9.974301e-02,3.472344e-02,9.174313e-02,1.816546e-01,7.291862e-02,3.470720e-02,3.612613e-02
2.863379e-01,4.940808e-02,1.857474e-02,3.518812e-02,4.013863e-02,1.933414e-02,2.848095e-03,1.105184e-02,1.117879e-01,3.020237e-02,7.157046e-02,1.704363e-01,6.072349e-02,4.927574e-02,4.312225e-02
2.184763e-01,1.014737e-01,2.849533e-02,2.905045e-02,5.211186e-02,1.804708e-02,2.658350e-03,1.447461e-02,1.927136e-01,2.856518e-02,5.340346e-02,1.263903e-01,5.075442e-02,4.136239e-02,4.202303e-02
2.016703e-01,1.049500e-01,4.595416e-02,3.887651e-02,5.978740e-02,1.589238e-02,2.539064e-03,2.208698e-02,2.249848e-01,3.145117e-02,4.094841e-02,9.039017e-02,3.764696e-02,3.954294e-02,4.327887e-02
1.579111e-01,8.380837e-02,1.652813e-01,8.195537e-02,6.265156e-02,1.247093e-02,2.395638e-03,3.003677e-02,1.975029e-01,2.421053e-02,2.977469e-02,6.378419e-02,2.713344e-02,2.858792e-02,3.249538e-02
1.825536e-01,1.244504e-01,1.481404e-01,6.357555e-02,7.023090e-02,1.578081e-02,2.507453e-03,3.248306e-02,1.801777e-01,2.071611e-02,2.207798e-02,4.631590e-02,2.070935e-02,2.342765e-02,4.685324e-02
1.833606e-01,1.843600e-01,1.393948e-01,4.900248e-02,7.165675e-02,1.597415e-02,2.765437e-03,3.514421e-02,1.681413e-01,1.823694e-02,1.647109e-02,3.371947e-02,1.535420e-02,2.077900e-02,4.563953e-02
1.807406e-01,2.400886e-01,1.315709e-01,3.998704e-02,5.522115e-02,1.504667e-02,2.371239e-03,2.776576e-02,1.315339e-01,1.991529e-02,1.310562e-02,2.638456e-02,1.297151e-02,1.682027e-02,8.647696e-02
2.028453e-01,2.630568e-01,1.323001e-01,3.382440e-02,4.804827e-02,1.533827e-02,2.724119e-03,2.887934e-02,1.276928e-01,1.658191e-02,1.022029e-02,2.040490e-02,1.115400e-02,1.670214e-02,7.022741e-02
2.226927e-01,2.225767e-01,1.142162e-01,4.643669e-02,5.178312e-02,2.177454e-02,5.222628e-03,4.045853e-02,1.270430e-01,1.426206e-02,9.478899e-03,3.463533e-02,1.676162e-02,1.304196e-02,5.961602e-02
2.642349e-01,1.653788e-01,8.693336e-02,5.179165e-02,6.113344e-02,5.223878e-02,1.778958e-02,3.192462e-02,9.801075e-02,1.171658e-02,1.011109e-02,5.649532e-02,3.188173e-02,1.053321e-02,4.982617e-02
3.497192e-01,1.249471e-01,6.620851e-02,5.136777e-02,5.622882e-02,5.134332e-02,1.602666e-02,2.560763e-02,8.003210e-02,1.038830e-02,1.751480e-02,5.536440e-02,3.907331e-02,9.238817e-03,4.693926e-02
