1.000000e+00,0.000000e+00,0.000000e+00,0.000000e+00,0.000000e+00,0.000000e+00,0.000000e+00,0.000000e+00,0.000000e+00,0.000000e+00,0.000000e+00,0.000000e+00,0.000000e+00,0.000000e+00,0.000000e+00
1.000000e+00,0.000000e+00,0.000000e+00,0.000000e+00,0.000000e+00,0.000000e+00,0.000000e+00,0.000000e+00,0.000000e+00,0.000000e+00,0.000000e+00,0.000000e+00,0.000000e+00,0.000000e+00,0.000000e+00
1.000000e+00,0.000000e+00,0.000000e+00,0.000000e+00,0.000000e+00,0.000000e+00,0.000000e+00,0.000000e+00,0.000000e+00,0.000000e+00,0.000000e+00,0.000000e+00,0.000000e+00,0.000000e+00,0.000000e+00
1.000000e+00,0.000000e+00,0.000000e+00,0.000000e+00,0.000000e+00,0.000000e+00,0.000000e+00,0.000000e+00,0.000000e+00,0.000000e+00,0.000000e+00,0.000000e+00,0.000000e+00,0.000000e+00,0.000000e+00
1.000000e+00,0.000000e+00,0.000000e+00,0.000000e+00,0.000000e+00,0.000000e+00,0.000000e+00,0.000000e+00,0.000000e+00,0.000000e+00,0.000000e+00,0.000000e+00,0.000000e+00,0.000000e+00,0.000000e+00
1.000000e+00,0.000000e+00,0.000000e+00,0.000000e+00,0.000000e+00,0.000000e+00,0.000000e+00,0.000000e+00,0.000000e+00,0.000000e+00,0.000000e+00,0.000000e+00,0.000000e+00,0.000000e+00,0.000000e+00
1.000000e+00,0.000000e+00,0.000000e+00,0.000000e+00,0.000000e+00,0.000000e+00,0.000000e+00,0.000000e+00,0.000000e+00,0.000000e+00,0.000000e+00,0.000000e+00,0.000000e+00,0.000000e+00,0.000000e+00
1.000000e+00,0.000000e+00,0.000000e+00,0.000000e+00,0.000000e+00,0.000000e+00,0.000000e+00,0.000000e+00,0.000000e+00,0.000000e+00,0.000000e+00,0.000000e+00,0.000000e+00,0.000000e+00,0.000000e+00
1.000000e+00,0.000000e+00,0.000000e+00,0.000000e+00,0.000000e+00,0.000000e+00,0.000000e+00,0.000000e+00,0.000000e+00,0.000000e+00,0.000000e+00,0.000000e+00,0.000000e+00,0.000000e+00,0.000000e+00
1.000000e+00,0.000000e+00,0.000000e+00,0.000000e+00,0.000000e+00,0.000000e+00,0.000000e+00,0.000000e+00,0.000000e+00,0.000000e+00,0.000000e+00,0.000000e+00,0.000000e+00,0.000000e+00,0.000000e+00
1.000000e+00,0.000000e+00,0.000000e+00,0.000000e+00,0.000000e+00,0.000000e+00,0.000000e+00,0.000000e+00,0.000000e+00,0.000000e+00,0.000000e+00,0.000000e+00,0.000000e+00,0.000000e+00,0.000000e+00
1.000000e+00,0.000000e+00,0.000000e+00,0.000000e+00,0.000000e+00,0.000000e+00,0.000000e+00,0.000000e+00,0.000000e+00,0.000000e+00,0.000000e+00,0.000000e+00,0.000000e+00,0.000000e+00,0.000000e+00
1.000000e+00,0.000000e+00,0.000000e+00,0.000000e+00,0.000000e+00,0.000000e+00,0.000000e+00,0.000000e+00,0.000000e+00,0.000000e+00,0.000000e+00,0.000000e+00,0.000000e+00,0.000000e+00,0.000000e+00
1.000000e+00,0.000000e+00,0.000000e+00,0.000000e+00,0.000000e+00,0.000000e+00,0.000000e+00,0.000000e+00,0.000000e+00,0.000000e+00,0.000000e+00,0.000000e+00,0.000000e+00,0.000000e+00,0.000000e+00
1.000000e+00,0.000000e+00,0.000000e+00,0.000000e+00,0.000000e+00,0.000000e+00,0.000000e+00,0.000000e+00,0.000000e+00,0.000000e+00,0.000000e+00,0.000000e+00,0.000000e+00,0.000000e+00,0.000000e+00
1.000000e+00,0.000000e+00,0.000000e+00,0.000000e+00,0.000000e+00,0.000000e+00,0.000000e+00,0.000000e+00,0.000000e+00,0.000000e+00,0.000000e+00,0.000000e+00,0.000000e+00,0.000000e+00,0.000000e+00
1.000000e+00,0.000000e+00,0.000000e+00,0.000000e+00,0.000000e+00,0.000000e+00,0.000000e+00,0.000000e+00,0.000000e+00,0.000000e+00,0.000000e+00,0.000000e+00,0.000000e+00,0.000000e+00,0.000000e+00
1.000000e+00,0.000000e+00,0.000000e+00,0.000000e+00,0.000000e+00,0.000000e+00,0.000000e+00,0.000000e+00,0.000000e+00,0.000000e+00,0.000000e+00,0.000000e+00,0.000000e+00,0.000000e+00,0.000000e+00
1.000000e+00,0.000000e+00,0.000000e+00,0.000000e+00,0.000000e+00,0.000000e+00,0.000000e+00,0.000000e+00,0.000000e+00,0.000000e+00,0.000000e+00,0.000000e+00,0.000000e+00,0.000000e+00,0.000000e+00
1.000000e+00,0.000000e+00,0.000000e+00,0.000000e+00,0.000000e+00,0.000000e+00,0.000000e+00,0.000000e+00,0.000000e+00,0.000000e+00,0.000000e+00,0.000000e+00,0.000000e+00,0.000000e+00,0.000000e+00
1.000000e+00,0.000000e+00,0.000000e+00,0.000000e+00,0.000000e+00,0.000000e+00,0.000000e+00,0.000000e+00,0.000000e+00,0.000000e+00,0.000000e+00,0.000000e+00,0.000000e+00,0.000000e+00,0.000000e+00
1.000000e+00,0.000000e+00,0.000000e+00,0.000000e+00,0.000000e+00,0.000000e+00,0.000000e+00,0.000000e+00,0.000000e+00,0.000000e+00,0.000000e+00,0.000000e+00,0.000000e+00,0.000000e+00,0.000000e+00
1.000000e+00,0.000000e+00,0.000000e+00,0.000000e+00,0.000000e+00,0.000000e+00,0.000000e+00,0.000000e+00,0.000000e+00,0.000000e+00,0.000000e+00,0.000000e+00,0.000000e+00,0.000000e+00,0.000000e+00
1.000000e+00,0.000000e+00,0.000000e+00,0.000000e+00,0.000000e+00,0.000000e+00,0.000000e+00,0.000000e+00,0.000000e+00,0.000000e+00,0.000000e+00,0.000000e+00,0.000000e+00,0.000000e+00,0.000000e+00
1.000000e+00,0.000000e+00,0.000000e+00,0.000000e+00,0.000000e+00,0.000000e+00,0.000000e+00,0.000000e+00,0.000000e+00,0.000000e+00,0.000000e+00,0.000000e+00,0.000000e+00,0.000000e+00,0.000000e+00
1.000000e+00,0.000000e+00,0.000000e+00,0.000000e+00,0.000000e+00,0.000000e+00,0.000000e+00,0.000000e+00,0.000000e+00,0.000000e+00,0.000000e+00,0.000000e+00,0.000000e+00,0.000000e+00,0.000000e+00
1.000000e+00,0.000000e+00,0.000000e+00,0.000000e+00,0.000000e+00,0.000000e+00,0.000000e+00,0.000000e+00,0.000000e+00,0.000000e+00,0.000000e+00,0.000000e+00,0.000000e+00,0.000000e+00,0.000000e+00
1.000000e+00,0.000000e+00,0.000000e+00,0.000000e+00,0.000000e+00,0.000000e+00,0.000000e+00,0.000000e+00,0.000000e+00,0.000000e+00,0.000000e+00,0.000000e+00,0.000000e+00,0.000000e+00,0.000000e+00
1.000000e+00,0.000000e+00,0.000000e+00,0.000000e+00,0.000000e+00,0.000000e+00,0.000000e+00,0.000000e+00,0.000000e+00,0.000000e+00,0.000000e+00,0.000000e+00,0.000000e+00,0.000000e+00,0.000000e+00
1.000000e+00,0.000000e+00,0.000000e+00,0.000000e+00,0.000000e+00,0.000000e+00,0.000000e+00,0.000000e+00,0.000000e+00,0.000000e+00,0.000000e+00,0.000000e+00,0.000000e+00,0.000000e+00,0.000000e+00
1.000000e+00,0.000000e+00,0.000000e+00,0.000000e+00,0.000000e+00,0.000000e+00,0.000000e+00,0.000000e+00,0.000000e+00,0.000000e+00,0.000000e+00,0.000000e+00,0.000000e+00,0.000000e+00,0.000000e+00
1.000000e+00,0.000000e+00,0.000000e+00,0.000000e+00,0.000000e+00,0.000000e+00,0.000000e+00,0.000000e+00,0.000000e+00,0.000000e+00,0.000000e+00,0.000000e+00,0.000000e+00,0.000000e+00,0.000000e+00
1.000000e+00,0.000000e+00,0.000000e+00,0.000000e+00,0.000000e+00,0.000000e+00,0.000000e+00,0.000000e+00,0.000000e+00,0.000000e+00,0.000000e+00,0.000000e+00,0.000000e+00,0.000000e+00,0.000000e+00
1.000000e+00,0.000000e+00,0.000000e+00,0.000000e+00,0.000000e+00,0.000000e+00,0.000000e+00,0.000000e+00,0.000000e+00,0.000000e+00,0.000000e+00,0.000000e+00,0.000000e+00,0.000000e+00,0.000000e+00
1.000000e+00,0.000000e+00,0.000000e+00,0.000000e+00,0.000000e+00,0.000000e+00,0.000000e+00,0.000000e+00,0.000000e+00,0.000000e+00,0.000000e+00,0.000000e+00,0.000000e+00,0.000000e+00,0.000000e+00
1.000000e+00,0.000000e+00,0.000000e+00,0.000000e+00,0.000000e+00,0.000000e+00,0.000000e+00,0.000000e+00,0.000000e+00,0.000000e+00,0.000000e+00,0.000000e+00,0.000000e+00,0.000000e+00,0.000000e+00
1.000000e+00,0.000000e+00,0.000000e+00,0.000000e+00,0.000000e+00,0.000000e+00,0.000000e+00,0.000000e+00,0.000000e+00,0.000000e+00,0.000000e+00,0.000000e+00,0.000000e+00,0.000000e+00,0.000000e+00
1.000000e+00,0.000000e+00,0.000000e+00,0.000000e+00,0.000000e+00,0.000000e+00,0.000000e+00,0.000000e+00,0.000000e+00,0.000000e+00,0.000000e+00,0.000000e+00,0.000000e+00,0.000000e+00,0.000000e+00
1.000000e+00,0.000000e+00,0.000000e+00,0.000000e+00,0.000000e+00,0.000000e+00,0.000000e+00,0.000000e+00,0.000000e+00,0.000000e+00,0.000000e+00,0.000000e+00,0.000000e+00,0.000000e+00,0.000000e+00
1.000000e+00,0.000000e+00,0.000000e+00,0.000000e+00,0.000000e+00,0.000000e+00,0.000000e+00,0.000000e+00,0.000000e+00,0.000000e+00,0.000000e+00,0.000000e+00,0.000000e+00,0.000000e+00,0.000000e+00
1.000000e+00,0.000000e+00,0.000000e+00,0.000000e+00,0.000000e+00,0.000000e+00,0.000000e+00,0.000000e+00,0.000000e+00,0.000000e+00,0.000000e+00,0.000000e+00,0.000000e+00,0.000000e+00,0.000000e+00
1.000000e+00,0.000000e+00,0.000000e+00,0.000000e+00,0.000000e+00,0.000000e+00,0.000000e+00,0.000000e+00,0.000000e+00,0.000000e+00,0.000000e+00,0.000000e+00,0.000000e+00,0.000000e+00,0.000000e+00
1.000000e+00,0.000000e+00,0.000000e+00,0.000000e+00,0.000000e+00,0.000000e+00,0.000000e+00,0.000000e+00,0.000000e+00,0.000000e+00,0.000000e+00,0.000000e+00,0.000000e+00,0.000000e+00,0.000000e+00
1.000000e+00,0.000000e+00,0.000000e+00,0.000000e+00,0.000000e+00,0.000000e+00,0.000000e+00,0.000000e+00,0.000000e+00,0.000000e+00,0.000000e+00,0.000000e+00,0.000000e+00,0.000000e+00,0.000000e+00
1.000000e+00,0.000000e+00,0.000000e+00,0.000000e+00,0.000000e+00,0.000000e+00,0.000000e+00,0.000000e+00,0.000000e+00,0.000000e+00,0.000000e+00,0.000000e+00,0.000000e+00,0.000000e+00,0.000000e+00
1.000000e+00,0.000000e+00,0.000000e+00,0.000000e+00,0.000000e+00,0.000000e+00,0.000000e+00,0.000000e+00,0.000000e+00,0.000000e+00,0.000000e+00,0.000000e+00,0.000000e+00,0.000000e+00,0.000000e+00
1.000000e+00,0.000000e+00,0.000000e+00,0.000000e+00,0.000000e+00,0.000000e+00,0.000000e+00,0.000000e+00,0.000000e+00,0.000000e+00,0.000000e+00,0.000000e+00,0.000000e+00,0.000000e+00,0.000000e+00
1.000000e+00,0.000000e+00,0.000000e+00,0.000000e+00,0.000000e+00,0.000000e+00,0.000000e+00,0.000000e+00,0.000000e+00,0.000000e+00,0.000000e+00,0.000000e+00,0.000000e+00,0.000000e+00,0.000000e+00
1.000000e+00,0.000000e+00,0.000000e+00,0.000000e+00,0.000000e+00,0.000000e+00,0.000000e+00,0.000000e+00,0.000000e+00,0.000000e+00,0.000000e+00,0.000000e+00,0.000000e+00,0.000000e+00,0.000000e+00
1.000000e+00,0.000000e+00,0.000000e+00,0.000000e+00,0.000000e+00,0.000000e+00,0.000000e+00,0.000000e+00,0.000000e+00,0.000000e+00,0.000000e+00,0.000000e+00,0.000000e+00,0.000000e+00,0.000000e+00
1.000000e+00,0.000000e+00,0.000000e+00,0.000000e+00,0.000000e+00,0.000000e+00,0.000000e+00,0.000000e+00,0.000000e+00,0.000000e+00,0.000000e+00,0.000000e+00,0.000000e+00,0.000000e+00,0.000000e+00
1.000000e+00,0.000000e+00,0.000000e+00,0.000000e+00,0.000000e+00,0.000000e+00,0.000000e+00,0.000000e+00,0.000000e+00,0.000000e+00,0.000000e+00,0.000000e+00,0.000000e+00,0.000000e+00,0.000000e+00
1.000000e+00,0.000000e+00,0.000000e+00,0.000000e+00,0.000000e+00,0.000000e+00,0.000000e+00,0.000000e+00,0.000000e+00,0.000000e+00,0.000000e+00,0.000000e+00,0.000000e+00,0.000000e+00,0.000000e+00
1.000000e+00,0.000000e+00,0.000000e+00,0.000000e+00,0.000000e+00,0.000000e+00,0.000000e+00,0.000000e+00,0.000000e+00,0.000000e+00,0.000000e+00,0.000000e+00,0.000000e+00,0.000000e+00,0.000000e+00
1.000000e+00,0.000000e+00,0.000000e+00,0.000000e+00,0.000000e+00,0.000000e+00,0.000000e+00,0.000000e+00,0.000000e+00,0.000000e+00,0.000000e+00,0.000000e+00,0.000000e+00,0.000000e+00,0.000000e+00
1.000000e+00,0.000000e+00,0.000000e+00,0.000000e+00,0.000000e+00,0.000000e+00,0.000000e+00,0.000000e+00,0.000000e+00,0.000000e+00,0.000000e+00,0.000000e+00,0.000000e+00,0.000000e+00,0.000000e+00
1.000000e+00,0.000000e+00,0.000000e+00,0.000000e+00,0.000000e+00,0.000000e+00,0.000000e+00,0.000000e+00,0.000000e+00,0.000000e+00,0.000000e+00,0.000000e+00,0.000000e+00,0.000000e+00,0.000000e+00
1.000000e+00,0.000000e+00,0.000000e+00,0.000000e+00,0.000000e+00,0.000000e+00,0.000000e+00,0.000000e+00,0.000000e+00,0.000000e+00,0.000000e+00,0.000000e+00,0.000000e+00,0.000000e+00,0.000000e+00
1.000000e+00,0.000000e+00,0.000000e+00,0.000000e+00,0.000000e+00,0.000000e+00,0.000000e+00,0.000000e+00,0.000000e+00,0.000000e+00,0.000000e+00,0.000000e+00,0.000000e+00,0.000000e+00,0.000000e+00
1.000000e+00,0.000000e+00,0.000000e+00,0.000000e+00,0.000000e+00,0.000000e+00,0.000000e+00,0.000000e+00,0.000000e+00,0.000000e+00,0.000000e+00,0.000000e+00,0.000000e+00,0.000000e+00,0.000000e+00
4.882574e-01,4.194083e-02,1.648852e-01,1.066704e-01,1.063368e-02,3.233045e-02,5.807518e-03,1.779251e-02,1.150555e-02,6.329432e-03,1.172686e-02,3.345135e-02,2.729920e-02,3.172604e-03,3.819697e-02
3.794003e-01,3.776693e-02,2.665523e-01,1.303344e-01,1.175732e-02,3.228044e-02,6.300606e-03,2.974844e-02,8.504817e-03,6.061793e-03,1.019910e-02,2.984607e-02,2.084463e-02,2.348349e-03,2.805449e-02
2.737937e-01,2.761140e-02,2.898510e-01,1.172185e-01,1.019800e-02,2.730391e-02,6.080125e-03,1.715143e-01,6.082705e-03,4.688878e-03,7.525286e-03,2.158454e-02,1.481771e-02,1.772607e-03,1.995739e-02
1.983090e-01,2.029486e-02,2.316915e-01,9.502470e-02,1.186324e-02,2.414678e-02,8.745090e-02,2.745737e-01,4.483425e-03,3.950589e-03,5.647686e-03,1.553253e-02,1.132705e-02,1.403507e-03,1.430058e-02
1.607315e-01,1.613683e-02,1.826412e-01,7.294192e-02,5.220024e-02,2.523298e-02,1.952907e-01,2.302039e-01,4.510536e-03,1.716520e-02,4.625322e-03,1.166691e-02,1.232632e-02,1.459561e-03,1.286677e-02
1.214592e-01,1.868222e-02,1.333843e-01,5.362058e-02,1.667761e-01,2.557220e-02,1.478411e-01,1.730463e-01,3.963219e-03,1.178546e-01,4.384383e-03,9.257499e-03,1.002205e-02,1.928683e-03,1.220752e-02
8.629705e-02,1.404813e-02,9.644455e-02,3.815143e-02,1.264903e-01,1.989249e-02,1.151718e-01,1.271306e-01,4.254602e-03,2.965376e-01,1.193314e-02,9.800706e-03,2.627707e-02,3.136600e-03,2.443398e-02
6.216100e-02,1.150638e-02,6.767470e-02,2.742281e-02,8.957274e-02,1.684614e-02,8.084054e-02,8.939098e-02,5.358939e-03,4.017043e-01,1.588347e-02,7.679309e-03,4.624134e-02,2.609657e-03,7.510774e-02
4.435517e-02,9.289593e-03,4.756660e-02,2.082805e-02,6.315421e-02,1.616796e-02,5.684470e-02,6.270184e-02,1.778341e-02,4.784076e-01,1.804363e-02,6.338725e-03,6.061074e-02,2.185682e-03,9.572214e-02
3.296031e-02,2.215196e-02,3.385618e-02,4.136617e-02,4.608082e-02,1.320448e-02,3.989618e-02,4.407674e-02,1.940312e-01,3.462017e-01,1.668837e-02,6.298945e-03,5.997620e-02,2.434012e-03,1.007767e-01
2.513343e-02,2.617240e-02,2.631041e-02,6.275655e-02,3.357157e-02,1.413481e-02,2.817298e-02,3.101662e-02,2.037616e-01,2.589263e-01,2.300478e-02,1.200872e-02,9.231456e-02,5.914222e-03,1.568010e-01
1.829564e-02,2.029797e-02,1.981303e-02,5.071471e-02,2.457575e-02,1.450773e-02,1.981176e-02,2.190695e-02,1.552780e-01,2.004934e-01,4.929661e-02,1.775941e-02,1.280018e-01,1.036489e-02,2.488823e-01
1.333876e-02,2.159573e-02,1.548633e-02,4.063994e-02,1.790662e-02,1.105084e-02,1.393205e-02,1.574992e-02,1.602538e-01,1.424929e-01,6.711027e-02,1.887795e-02,1.125029e-01,1.355692e-02,3.355051e-01
1.062836e-02,1.999628e-02,1.136614e-02,3.504901e-02,1.448129e-02,8.762025e-03,1.002459e-02,1.127786e-02,1.367667e-01,1.016217e-01,5.528473e-02,1.758916e-02,8.466708e-02,2.602823e-02,4.564569e-01
1.129900e-02,2.298648e-02,9.507621e-03,3.702236e-02,2.941845e-02,7.576219e-03,8.278353e-03,8.423415e-03,1.451388e-01,7.413120e-02,4.787071e-02,1.417320e-02,6.745321e-02,2.562585e-02,4.910951e-01
1.406260e-02,2.377338e-02,9.116115e-03,4.487570e-02,3.951132e-02,8.865486e-03,6.743973e-03,6.809052e-03,1.633277e-01,5.357380e-02,5.881928e-02,1.349863e-02,6.865116e-02,2.844102e-02,4.599308e-01
1.265029e-02,2.689334e-02,1.016366e-02,1.002755e-01,4.004415e-02,8.574025e-03,5.125230e-03,5.290684e-03,2.378494e-01,4.049593e-02,6.169479e-02,1.257333e-02,6.132833e-02,2.426847e-02,3.527729e-01
1.068456e-02,2.173209e-02,1.043441e-02,9.132964e-02,3.341821e-02,7.717929e-03,3.907980e-03,5.671029e-03,2.373313e-01,4.010445e-02,1.330037e-01,1.462270e-02,8.538653e-02,2.421204e-02,2.804434e-01
1.074527e-02,2.077426e-02,9.962098e-03,7.492827e-02,3.067470e-02,1.320750e-02,3.343641e-03,6.599427e-03,1.926165e-01,5.151489e-02,1.863548e-01,1.968461e-02,1.230364e-01,2.183935e-02,2.347182e-01
1.671792e-02,1.728334e-02,9.982599e-03,5.887055e-02,2.685117e-02,3.305301e-02,5.086511e-03,2.056414e-02,1.503208e-01,1.456418e-01,1.791857e-01,1.750561e-02,1.171470e-01,1.744432e-02,1.843455e-01
3.193409e-02,1.711911e-02,1.990312e-02,7.318029e-02,2.808283e-02,4.261848e-02,4.422621e-03,8.136021e-02,1.188032e-01,1.743633e-01,1.373721e-01,1.631366e-02,1.025032e-01,1.347136e-02,1.385525e-01
3.498527e-02,3.705253e-02,2.979711e-02,6.816711e-02,3.046570e-02,3.432922e-02,4.948535e-03,8.394092e-02,1.990355e-01,1.500200e-01,1.028572e-01,1.362042e-02,8.334751e-02,9.931423e-03,1.175015e-01
3.362770e-02,5.583530e-02,3.371613e-02,5.085918e-02,4.324145e-02,4.080383e-02,4.094441e-03,9.402796e-02,2.194814e-01,1.427831e-01,7.619005e-02,1.212378e-02,8.075532e-02,8.293130e-03,1.041672e-01
3.710798e-02,6.034456e-02,4.390296e-02,3.939886e-02,5.109163e-02,5.125009e-02,4.008421e-03,1.145345e-01,2.337387e-01,1.360531e-01,5.744470e-02,1.076134e-02,6.795073e-02,7.449905e-03,8.496241e-02
4.792534e-02,6.889511e-02,4.611765e-02,3.256740e-02,5.207429e-02,4.862024e-02,4.725237e-03,1.123016e-01,2.307073e-01,1.473023e-01,4.376969e-02,1.017784e-02,7.249805e-02,6.541744e-03,7.577621e-02
4.042599e-02,1.111111e-01,4.295229e-02,2.918275e-02,5.365230e-02,3.952501e-02,4.020987e-03,1.293702e-01,2.574020e-01,1.270631e-01,3.299719e-02,8.138248e-03,5.801956e-02,5.341298e-03,6.079798e-02
3.892289e-02,1.045011e-01,3.554326e-02,2.201159e-02,5.503652e-02,3.163713e-02,3.064055e-03,1.241022e-01,2.479374e-01,2.028322e-01,2.577979e-02,6.363205e-03,4.599620e-02,7.562404e-03,4.871022e-02
4.546596e-02,9.192936e-02,2.622042e-02,1.642468e-02,4.582787e-02,2.312881e-02,2.272580e-03,9.632150e-02,2.032020e-01,3.461865e-01,1.884285e-02,4.719045e-03,3.364071e-02,8.206492e-03,3.761126e-02
5.131441e-02,7.979780e-02,2.000694e-02,1.330668e-02,4.001316e-02,1.718137e-02,1.872013e-03,8.088134e-02,1.641963e-01,4.520307e-01,1.371031e-02,3.477586e-03,2.539290e-02,6.876865e-03,2.994162e-02
6.313319e-02,6.967922e-02,1.492370e-02,1.428403e-02,3.297480e-02,1.534992e-02,1.908355e-03,7.201222e-02,1.619734e-01,4.871894e-01,1.012098e-02,2.894785e-03,2.075118e-02,5.829326e-03,2.697561e-02
8.118761e-02,8.446100e-02,1.176357e-02,1.512683e-02,3.227051e-02,1.521822e-02,2.195100e-03,6.455394e-02,1.690473e-01,4.573215e-01,8.079617e-03,3.141032e-03,1.790014e-02,6.767178e-03,3.096659e-02
1.043468e-01,6.975955e-02,9.724579e-03,1.444336e-02,2.481867e-02,1.258788e-02,1.935219e-03,4.728583e-02,1.247136e-01,5.028340e-01,6.719887e-03,3.613328e-03,1.413115e-02,5.456479e-03,5.762964e-02
1.072070e-01,5.654098e-02,1.633824e-02,3.354290e-02,1.971596e-02,1.095019e-02,1.909142e-03,3.414304e-02,1.021230e-01,5.128856e-01,7.957843e-03,6.559487e-03,1.492366e-02,4.333293e-03,7.086966e-02
1.134744e-01,4.409659e-02,1.478610e-02,2.560421e-02,1.533854e-02,8.716743e-03,1.575486e-03,2.522389e-02,9.047346e-02,5.163720e-01,1.001866e-02,6.163578e-03,1.549203e-02,6.420773e-03,1.062436e-01
1.176365e-01,4.418927e-02,1.811690e-02,8.295722e-02,1.551825e-02,8.808193e-03,1.686931e-03,2.114844e-02,1.498519e-01,3.775779e-01,2.528683e-02,8.636245e-03,1.738171e-02,7.762797e-03,1.034409e-01
2.229536e-01,3.622861e-02,1.539556e-02,7.015339e-02,1.568316e-02,1.206986e-02,3.216321e-03,2.152663e-02,1.272773e-01,2.724665e-01,4.567602e-02,2.199706e-02,2.375334e-02,1.643140e-02,9.517135e-02
3.262831e-01,2.964232e-02,1.268886e-02,7.384551e-02,1.341131e-02,1.615124e-02,3.573619e-03,2.144028e-02,1.083437e-01,1.963748e-01,4.546632e-02,3.266008e-02,2.551952e-02,1.573402e-02,7.886531e-02
3.889875e-01,2.338187e-02,1.033607e-02,6.043486e-02,1.732950e-02,1.478602e-02,3.396356e-03,1.733048e-02,9.962370e-02,1.404520e-01,6.131817e-02,3.133021e-02,3.136523e-02,3.488814e-02,6.503984e-02
3.799011e-01,1.859242e-02,8.990319e-03,4.585195e-02,1.652761e-02,1.337921e-02,3.159065e-03,1.417040e-02,1.538977e-01,1.011501e-01,6.182676e-02,2.500719e-02,3.787918e-02,6.301568e-02,5.665140e-02
3.555594e-01,1.503097e-02,1.044341e-02,3.407989e-02,1.472213e-02,1.245212e-02,2.820445e-03,1.088389e-02,1.479485e-01,7.733545e-02,7.844070e-02,2.524530e-02,5.054314e-02,1.092067e-01,5.528793e-02
2.707536e-01,1.185529e-02,7.916901e-03,2.464127e-02,1.303776e-02,1.001986e-02,2.225887e-03,8.589457e-03,1.409625e-01,6.377050e-02,1.749998e-01,2.280264e-02,5.390422e-02,1.223566e-01,7.216373e-02
2.191212e-01,9.632326e-03,1.429540e-02,1.828005e-02,2.188831e-02,1.000373e-02,2.519142e-03,1.759963e-02,1.552615e-01,5.372497e-02,2.186114e-01,2.620734e-02,6.205315e-02,1.080783e-01,6.272355e-02
1.556782e-01,1.428459e-02,1.519416e-02,1.355586e-02,1.093311e-01,8.724037e-03,2.229547e-03,1.321691e-02,2.149793e-01,4.141970e-02,1.960240e-01,2.078828e-02,5.510392e-02,8.528601e-02,5.418446e-02
1.116922e-01,2.281023e-02,1.710698e-02,1.057069e-02,1.235911e-01,1.280804e-02,1.924698e-03,1.191167e-02,2.667546e-01,3.831279e-02,1.781920e-01,1.714942e-02,4.578914e-02,8.618028e-02,5.520606e-02
7.998873e-02,1.155683e-01,4.014825e-02,8.943114e-03,9.084102e-02,1.708456e-02,1.454393e-03,8.954297e-03,2.652784e-01,2.854964e-02,1.877145e-01,1.345799e-02,3.488300e-02,6.692633e-02,4.020741e-02
5.750864e-02,1.295842e-01,1.087160e-01,3.240119e-02,6.915039e-02,1.457894e-02,1.207732e-03,1.262718e-02,3.021667e-01,2.183615e-02,1.378683e-01,9.734016e-03,2.530438e-02,4.826336e-02,2.905279e-02
4.223319e-02,1.991560e-01,9.779221e-02,4.002196e-02,5.496975e-02,1.624865e-02,9.193355e-04,1.243650e-02,3.344688e-01,1.866586e-02,1.009373e-01,7.119426e-03,1.849095e-02,3.459610e-02,2.194396e-02
3.177734e-02,2.647392e-01,7.182792e-02,4.547035e-02,4.632066e-02,3.152329e-02,7.582846e-04,1.201206e-02,3.393094e-01,1.768155e-02,7.354690e-02,5.302918e-03,1.382751e-02,2.508871e-02,2.081387e-02
2.530641e-02,2.756553e-01,5.578974e-02,7.235193e-02,4.003958e-02,3.964708e-02,8.280838e-04,1.784673e-02,3.488739e-01,1.625240e-02,5.429628e-02,4.126068e-03,1.066228e-02,1.852333e-02,1.980099e-02
2.299258e-02,2.821342e-01,4.247453e-02,6.765524e-02,3.701079e-02,6.778154e-02,1.127902e-03,2.119633e-02,3.537801e-01,1.392225e-02,4.040599e-02,3.352465e-03,8.593544e-03,1.396554e-02,2.360704e-02
2.444575e-02,3.446009e-01,3.222953e-02,5.495539e-02,3.711811e-02,5.996516e-02,1.201627e-03,2.967649e-02,3.385015e-01,1.006386e-02,2.909721e-02,2.581056e-03,6.384692e-03,1.077032e-02,1.840835e-02
3.121979e-02,3.852444e-01,2.426278e-02,4.372113e-02,3.907375e-02,6.127392e-02,1.543071e-03,4.296543e-02,3.107311e-01,7.648742e-03,2.113259e-02,2.192604e-03,5.083349e-03,8.281531e-03,1.562585e-02
4.148587e-02,4.447253e-01,1.787093e-02,3.228770e-02,4.066857e-02,5.093510e-02,1.963994e-03,3.859037e-02,2.734069e-01,6.620585e-03,1.579984e-02,2.499999e-03,5.973182e-03,7.046653e-03,2.012497e-02
4.237349e-02,4.160209e-01,1.464187e-02,2.575063e-02,6.267005e-02,4.082529e-02,2.635271e-02,5.659500e-02,2.508758e-01,7.919369e-03,1.277319e-02,2.576565e-03,1.727400e-02,5.976681e-03,1.737452e-02
3.934114e-02,3.268324e-01,1.441673e-02,2.163368e-02,6.454989e-02,3.271801e-02,1.055240e-01,1.030094e-01,2.191512e-01,9.512063e-03,1.354891e-02,3.663714e-03,2.490305e-02,4.503790e-03,1.669209e-02
4.310565e-02,2.413862e-01,1.421875e-02,1.928495e-02,6.158167e-02,1.697688e-01,8.396283e-02,8.511426e-02,1.731983e-01,8.204653e-03,1.444702e-02,1.457201e-02,5.138225e-02,3.419498e-03,1.635312e-02
6.874394e-02,2.008925e-01,1.212390e-02,1.634724e-02,6.738819e-02,1.449233e-01,6.946931e-02,7.577465e-02,2.245967e-01,9.355759e-03,1.240128e-02,1.997020e-02,5.786316e-02,2.680202e-03,1.746961e-02
8.921362e-02,1.513604e-01,1.005976e-02,1.677435e-02,5.763397e-02,1.712567e-01,5.771706e-02,6.787536e-02,2.063579e-01,1.297745e-02,1.200219e-02,5.352759e-02,7.210404e-02,2.315318e-03,1.882429e-02
1.136977e-01,1.143315e-01,9.882607e-03,1.754278e-02,4.795649e-02,1.945258e-01,5.344346e-02,6.482483e-02,1.787892e-01,1.569737e-02,1.091180e-02,7.204390e-02,8.842394e-02,1.803865e-03,1.612470e-02
1.216960e-01,9.560534e-02,8.423418e-03,1.959065e-02,3.722373e-02,1.464633e-01,3.991710e-02,5.091795e-02,2.092982e-01,1.960034e-02,1.982027e-02,1.070825e-01,1.050613e-01,1.674236e-03,1.762556e-02
1.093190e-01,8.416580e-02,6.373905e-03,2.036434e-02,2.817007e-02,1.084560e-01,2.887147e-02,3.730164e-02,2.807322e-01,1.864430e-02,2.015677e-02,1.335573e-01,1.048019e-01,1.681262e-03,1.740402e-02
1.010040e-01,7.563600e-02,5.360263e-03,2.511741e-02,2.214720e-02,8.162668e-02,2.151377e-02,2.831097e-02,3.363273e-01,2.223000e-02,1.920930e-02,1.361956e-01,1.046035e-01,1.695630e-03,1.902238e-02
8.443044e-02,6.056274e-02,5.257003e-03,2.388773e-02,1.741042e-02,6.061656e-02,1.551839e-02,5.474873e-02,3.646922e-01,1.951439e-02,1.718705e-02,1.485451e-01,1.023423e-01,1.965025e-03,2.332183e-02
7.976877e-02,5.229949e-02,5.215538e-03,1.986061e-02,1.409666e-02,4.824777e-02,1.144215e-02,8.244367e-02,3.800240e-01,1.673418e-02,1.690850e-02,1.326791e-01,1.152478e-01,1.876006e-03,2.315569e-02
9.466545e-02,5.402240e-02,5.014094e-03,1.766771e-02,1.399504e-02,5.844706e-02,9.406698e-03,6.788716e-02,4.003333e-01,1.469622e-02,1.593964e-02,1.281275e-01,9.912524e-02,1.951895e-03,1.872056e-02
8.164826e-02,4.500463e-02,4.397003e-03,1.596294e-02,1.401857e-02,7.165331e-02,8.581709e-03,5.446575e-02,4.716799e-01,1.186104e-02,1.476424e-02,1.126902e-01,7.695492e-02,1.625257e-03,1.469225e-02
7.640520e-02,3.852214e-02,3.812117e-03,1.606173e-02,1.395815e-02,1.006734e-01,7.208186e-03,4.560866e-02,5.020663e-01,9.886391e-03,1.505749e-02,9.997153e-02,5.735347e-02,1.354212e-03,1.206099e-02
6.178573e-02,3.627605e-02,3.000165e-03,1.722952e-02,1.837552e-02,9.032571e-02,5.949350e-03,3.484645e-02,5.801766e-01,8.641215e-03,1.185124e-02,7.679228e-02,4.337484e-02,1.050292e-03,1.032501e-02
4.493616e-02,3.157318e-02,2.532959e-03,2.850571e-02,1.767444e-02,8.177584e-02,5.192772e-03,3.831793e-02,6.366491e-01,7.458621e-03,8.854545e-03,5.504230e-02,3.230277e-02,7.604393e-04,8.423258e-03
3.353399e-02,3.291312e-02,2.289742e-03,3.884178e-02,1.827248e-02,7.561913e-02,4.338236e-03,3.186511e-02,6.803294e-01,6.099481e-03,6.412692e-03,3.871142e-02,2.375672e-02,5.414968e-04,6.475143e-03
2.411754e-02,2.800830e-02,1.882047e-03,6.197314e-02,1.846152e-02,6.375927e-02,3.411223e-03,5.060830e-02,6.881443e-01,4.605647e-03,4.639769e-03,2.717121e-02,1.794469e-02,3.862106e-04,4.886832e-03
1.857479e-02,2.500680e-02,1.921345e-03,6.098301e-02,2.531973e-02,6.126034e-02,3.074310e-03,6.116872e-02,6.990103e-01,3.721758e-03,3.429674e-03,1.908918e-02,1.320392e-02,2.854895e-04,3.950650e-03
1.794993e-02,2.517486e-02,1.900777e-03,5.707332e-02,3.831261e-02,4.916231e-02,2.454170e-03,6.245815e-02,7.107840e-01,4.049363e-03,2.668025e-03,1.347234e-02,9.715129e-03,2.305627e-04,4.594437e-03
1.831494e-02,2.193210e-02,1.617331e-03,4.530983e-02,6.641211e-02,4.020819e-02,2.411965e-03,6.027591e-02,7.162154e-01,3.305352e-03,1.980095e-03,9.496924e-03,7.367664e-03,1.872624e-04,4.964943e-03
2.017632e-02,1.640128e-02,1.621696e-03,3.667478e-02,9.070624e-02,3.157454e-02,2.673087e-03,1.204084e-01,6.588977e-01,2.651125e-03,1.576484e-03,6.706198e-03,5.481497e-03,1.796768e-04,4.270968e-03
1.934960e-02,1.263493e-02,1.561107e-03,2.694820e-02,9.235068e-02,2.441720e-02,2.074517e-03,2.117174e-01,5.932378e-01,1.994152e-03,1.252054e-03,4.758141e-03,4.049985e-03,1.861643e-04,3.468180e-03
1.745188e-02,9.508178e-03,1.280952e-03,1.924632e-02,8.897117e-02,1.796459e-02,1.564857e-03,3.086338e-01,5.240025e-01,1.442434e-03,9.808249e-04,3.371810e-03,2.881267e-03,1.646533e-04,2.534785e-03
1.376298e-02,7.306562e-03,1.121665e-03,1.425001e-02,6.517038e-02,1.274330e-02,1.152091e-03,4.956499e-01,3.806089e-01,1.051801e-03,7.532679e-04,2.383874e-03,2.050721e-03,1.287528e-04,1.865759e-03
1.062832e-02,5.642520e-03,9.085344e-04,1.016827e-02,5.048925e-02,9.221275e-03,8.654320e-04,6.246072e-01,2.815802e-01,7.558009e-04,5.580373e-04,1.684842e-03,1.453864e-03,9.671535e-05,1.339773e-03
8.736637e-03,4.521205e-03,8.937095e-04,7.438241e-03,3.720386e-02,6.581154e-03,6.720152e-04,7.281663e-01,2.015109e-01,5.458957e-04,4.324520e-04,1.198046e-03,1.060307e-03,7.499113e-05,9.643304e-04
1.105539e-02,3.812832e-03,2.219907e-03,5.735045e-03,2.684758e-02,5.274949e-03,5.796175e-04,7.978743e-01,1.424178e-01,4.827720e-04,7.802705e-04,9.498416e-04,9.413130e-04,1.642280e-04,8.641041e-04
1.416493e-02,3.406505e-03,5.016137e-03,4.627320e-03,1.960871e-02,4.608138e-03,6.533421e-04,8.414209e-01,1.011875e-01,5.389158e-04,1.469757e-03,9.102147e-04,1.018743e-03,3.173419e-04,1.051565e-03
3.694749e-02,4.547535e-03,1.431212e-02,6.688917e-03,1.467125e-02,1.157435e-02,1.234403e-03,8.046421e-01,7.525896e-02,1.290454e-03,6.218569e-03,4.628930e-03,1.098952e-02,8.437335e-04,6.151680e-03
5.473429e-02,7.004886e-03,1.347565e-02,9.933210e-03,1.207615e-02,4.550810e-02,2.223978e-03,6.337826e-01,5.557725e-02,1.844902e-03,8.538844e-03,4.786014e-03,1.362109e-01,8.289164e-04,1.347441e-02
5.128016e-02,6.262327e-03,1.087946e-02,9.472260e-03,9.694722e-03,4.939567e-02,3.227167e-03,4.552913e-01,3.973198e-02,1.496087e-03,6.955639e-03,4.277428e-03,3.212777e-01,6.889798e-04,3.006916e-02
1.354801e-01,6.400795e-03,9.490583e-03,8.708738e-03,8.607008e-03,6.000792e-02,1.406161e-02,3.498002e-01,3.143380e-02,1.532394e-03,6.230243e-03,5.642130e-03,3.115397e-01,8.240175e-04,5.024086e-02
1.798313e-01,6.005217e-03,7.728079e-03,7.933369e-03,7.808810e-03,5.615300e-02,1.661861e-02,2.611194e-01,2.466204e-02,1.709863e-03,6.075636e-03,9.364903e-03,3.655752e-01,1.297077e-03,4.811752e-02
2.001620e-01,6.323820e-03,6.385681e-03,6.923062e-03,6.855726e-03,5.224416e-02,1.433375e-02,1.849469e-01,1.965427e-02,3.185839e-03,1.503991e-02,2.921955e-02,4.113344e-01,1.506529e-03,4.188436e-02
2.127679e-01,7.834874e-03,5.388502e-03,5.535753e-03,6.547636e-03,4.295612e-02,1.190840e-02,1.304158e-01,1.916944e-02,3.849063e-03,1.999292e-02,5.148488e-02,4.433422e-01,1.661719e-03,3.714475e-02
1.733232e-01,9.083666e-03,4.548672e-03,4.288187e-03,5.061670e-03,3.507589e-02,8.978888e-03,9.171996e-02,1.975436e-02,4.774463e-03,2.713392e-02,1.210441e-01,4.631317e-01,3.442809e-03,2.863865e-02
1.756372e-01,7.220884e-03,8.043637e-03,3.644505e-03,4.705788e-03,8.099347e-02,2.203784e-02,6.887015e-02,1.657369e-02,5.567677e-03,2.824347e-02,1.182683e-01,4.319769e-01,3.494211e-03,2.472226e-02
1.472451e-01,6.653779e-03,6.749136e-03,2.825481e-03,5.263611e-03,6.807031e-02,1.616588e-02,4.941085e-02,1.545380e-02,5.394573e-03,2.869545e-02,1.483631e-01,4.768332e-01,3.850890e-03,1.902496e-02
1.081854e-01,8.261278e-03,6.267674e-03,2.103847e-03,7.142429e-03,5.595053e-02,1.202302e-02,3.581914e-02,2.040309e-02,5.102584e-03,2.353696e-02,2.430266e-01,4.547612e-01,3.184036e-03,1.423229e-02
8.077531e-02,1.399047e-02,6.721274e-03,1.650765e-03,8.133601e-03,5.222199e-02,9.587631e-03,2.680792e-02,3.319676e-02,4.890316e-03,1.858560e-02,3.397789e-01,3.903464e-01,2.494749e-03,1.081832e-02
6.221379e-02,2.223931e-02,8.335955e-03,1.617445e-03,9.046465e-03,5.865539e-02,7.509623e-03,2.314956e-02,1.161058e-01,4.601563e-03,1.554596e-02,3.326010e-01,3.263335e-01,2.111662e-03,9.933033e-03
4.665596e-02,3.548776e-02,8.145981e-03,1.494642e-03,8.211398e-03,1.081841e-01,6.075820e-03,2.313832e-02,1.835078e-01,4.267207e-03,1.311710e-02,2.981575e-01,2.531045e-01,1.831234e-03,8.620657e-03
3.652675e-02,4.102096e-02,1.355745e-02,1.577638e-03,1.335541e-02,1.191206e-01,8.600000e-03,3.769083e-02,2.299582e-01,4.996710e-03,1.163940e-02,2.750072e-01,1.961965e-01,1.875580e-03,8.876728e-03
3.159345e-02,5.972860e-02,1.153716e-02,2.281965e-03,1.338672e-02,1.312351e-01,1.060087e-02,3.534498e-02,2.757433e-01,5.595700e-03,9.649616e-03,2.399183e-01,1.598307e-01,1.954800e-03,1.159878e-02
3.094091e-02,6.822951e-02,1.294485e-02,8.412816e-03,1.310630e-02,1.318198e-01,1.164908e-02,3.916910e-02,2.847459e-01,6.914054e-03,8.512746e-03,1.892347e-01,1.774818e-01,2.213940e-03,1.462456e-02
2.461715e-02,4.859519e-02,9.301268e-03,9.064302e-03,9.880953e-03,9.828630e-02,8.645250e-03,3.009721e-02,2.106026e-01,5.065780e-03,7.473053e-03,1.356934e-01,3.842804e-01,1.605797e-03,1.679134e-02
2.227986e-02,3.483286e-02,6.703300e-03,9.341451e-03,7.443846e-03,7.367614e-02,6.600986e-03,2.180069e-02,1.601158e-01,3.825194e-03,1.150559e-02,9.783753e-02,5.235748e-01,1.167782e-03,1.929414e-02
6.059016e-02,2.555387e-02,4.883145e-03,8.755571e-03,6.306916e-03,5.746254e-02,5.559538e-03,1.581773e-02,1.206538e-01,3.337394e-03,1.367336e-02,7.528212e-02,5.680768e-01,1.027840e-03,3.301920e-02
1.391021e-01,1.993348e-02,3.708168e-03,8.997962e-03,7.196704e-03,4.505666e-02,5.586425e-03,1.163894e-02,1.030254e-01,4.948740e-03,2.815242e-02,7.571919e-02,5.049845e-01,1.587194e-03,4.036205e-02
1.892457e-01,1.581222e-02,2.851459e-03,8.526920e-03,7.589336e-03,4.064989e-02,5.332852e-03,8.666938e-03,8.209875e-02,8.229280e-03,4.000986e-02,8.822241e-02,4.595782e-01,1.938937e-03,4.124719e-02
1.534372e-01,1.133947e-02,2.035263e-03,6.514993e-03,5.477135e-03,4.913369e-02,3.930518e-03,6.136608e-03,6.281790e-02,9.320917e-03,5.039976e-02,1.537949e-01,4.532984e-01,1.671468e-03,3.069182e-02
1.121048e-01,8.124402e-03,1.484011e-03,4.783668e-03,3.907990e-03,4.779748e-02,2.806604e-03,4.317150e-03,4.969449e-02,9.817494e-03,4.296438e-02,3.171661e-01,3.718027e-01,1.352524e-03,2.187630e-02
8.328959e-02,6.678927e-03,2.068236e-03,4.094277e-03,2.897386e-03,4.165468e-02,2.015291e-03,3.060889e-03,4.955887e-02,1.523652e-02,3.648745e-02,3.996639e-01,3.362922e-01,1.278106e-03,1.572369e-02
6.912471e-02,5.864140e-03,2.344246e-03,3.704111e-03,2.242747e-03,4.919552e-02,1.558688e-03,2.242468e-03,5.402698e-02,1.532745e-02,3.308894e-02,5.037969e-01,2.446503e-01,1.328693e-03,1.150415e-02
5.134199e-02,4.519727e-03,1.739360e-03,2.837758e-03,1.715570e-03,3.630339e-02,1.113571e-03,1.693493e-03,6.572025e-02,1.316690e-02,2.885533e-02,6.039469e-01,1.778840e-01,1.029588e-03,8.132175e-03
3.647178e-02,3.624592e-03,1.257700e-03,2.108281e-03,2.015144e-03,2.583463e-02,7.991536e-04,1.379213e-03,1.378008e-01,1.057401e-02,2.900395e-02,6.147210e-01,1.278777e-01,7.754401e-04,5.756558e-03
2.566766e-02,2.838260e-03,9.138820e-04,1.605707e-03,1.785806e-03,1.843701e-02,5.683020e-04,1.013313e-03,1.231354e-01,9.441270e-03,2.944944e-02,6.875638e-01,9.277361e-02,7.020866e-04,4.104481e-03
1.804016e-02,3.361479e-03,7.124938e-04,1.190145e-03,1.724478e-03,1.300261e-02,4.065463e-04,7.375931e-04,1.305382e-01,9.394493e-03,2.683693e-02,7.227193e-01,6.774846e-02,6.561828e-04,2.930954e-03
1.267175e-02,3.301332e-03,5.315298e-04,8.482354e-04,1.380413e-03,9.174158e-03,2.916674e-04,5.358007e-04,1.161950e-01,9.618677e-03,2.468218e-02,7.690811e-01,4.895811e-02,6.406055e-04,2.089435e-03
8.897967e-03,5.990786e-03,4.222396e-04,5.994668e-04,1.059317e-03,6.480804e-03,2.071331e-04,3.939710e-04,1.063813e-01,8.974965e-03,3.548716e-02,7.873451e-01,3.565713e-02,6.100032e-04,1.492712e-03
6.295477e-03,1.171953e-02,5.565104e-04,4.302136e-04,1.114764e-03,4.630117e-03,1.542508e-04,9.693544e-04,1.514141e-01,7.948298e-03,2.786456e-02,7.594550e-01,2.584031e-02,5.242961e-04,1.083293e-03
4.525486e-03,1.118700e-02,6.577147e-04,3.296047e-04,1.201893e-03,3.679192e-03,1.226541e-04,1.619725e-03,1.475423e-01,8.906871e-03,2.918677e-02,7.700254e-01,1.969368e-02,5.149048e-04,8.067907e-04
3.841070e-03,1.421507e-02,1.993959e-02,1.889681e-03,1.719162e-03,1.009480e-02,7.499326e-04,7.169975e-02,1.496099e-01,1.338385e-02,3.163432e-02,6.653723e-01,1.481457e-02,4.383792e-04,5.976594e-04
3.280610e-03,1.694766e-02,1.744283e-02,1.953400e-03,4.212802e-03,8.857546e-03,7.568476e-04,6.905136e-02,2.156623e-01,1.243196e-02,3.688871e-02,6.000388e-01,1.149006e-02,5.133136e-04,4.717782e-04
2.784501e-03,1.728087e-02,1.505792e-02,1.801913e-03,9.353722e-03,7.300285e-03,7.159109e-04,6.362365e-02,2.784565e-01,1.071923e-02,4.197666e-02,5.412954e-01,8.740507e-03,5.343248e-04,3.585927e-04
2.808985e-03,1.578830e-02,1.412973e-02,1.518453e-03,2.475231e-02,5.387081e-03,8.329585e-04,5.346447e-02,4.030527e-01,1.035138e-02,3.598530e-02,4.243547e-01,6.582904e-03,6.856356e-04,3.051231e-04
3.597886e-03,1.378546e-02,5.031449e-02,2.848520e-03,3.346366e-02,5.827149e-03,1.926237e-03,7.301939e-02,4.379880e-01,9.729239e-03,3.089710e-02,3.302043e-01,5.412204e-03,6.709676e-04,3.153736e-04
5.668419e-03,1.449004e-02,6.453872e-02,4.950491e-03,3.930606e-02,5.652330e-03,1.860697e-03,7.764956e-02,4.866094e-01,1.048520e-02,3.230425e-02,2.503458e-01,4.672003e-03,1.065267e-03,4.017080e-04
1.020490e-02,1.937043e-02,5.304798e-02,6.043140e-03,4.306571e-02,5.851919e-03,1.636799e-03,6.434716e-02,5.530294e-01,1.562032e-02,3.732618e-02,1.831810e-01,3.669898e-03,2.720354e-03,8.847893e-04
1.703492e-02,2.484976e-02,6.491664e-02,7.899011e-03,4.834773e-02,6.351583e-03,2.046201e-03,6.024788e-02,5.650180e-01,2.443090e-02,3.552988e-02,1.353942e-01,2.894861e-03,3.873080e-03,1.165348e-03
4.067108e-02,4.465658e-02,8.476564e-02,9.195835e-03,4.829280e-02,7.331890e-03,2.285880e-03,5.965270e-02,4.768988e-01,6.923560e-02,4.303209e-02,9.799904e-02,2.923835e-03,1.157980e-02,1.478315e-03
5.311215e-02,5.982685e-02,1.034904e-01,1.211917e-02,4.514381e-02,6.605391e-03,1.981441e-03,1.016752e-01,3.853350e-01,9.857652e-02,3.410837e-02,7.083601e-02,2.324674e-03,2.322003e-02,1.644846e-03
5.414289e-02,5.826315e-02,8.409768e-02,1.100469e-02,4.231505e-02,5.193435e-03,1.670394e-03,1.451137e-01,3.390418e-01,1.530117e-01,2.675701e-02,5.038404e-02,1.777336e-03,2.572927e-02,1.497729e-03
5.808542e-02,6.192375e-02,6.733187e-02,1.129583e-02,3.732396e-02,4.561237e-03,1.510984e-03,1.720724e-01,3.017985e-01,1.980933e-01,2.201916e-02,3.682774e-02,1.439887e-03,2.369221e-02,2.023711e-03
6.114399e-02,6.543701e-02,5.779329e-02,1.045760e-02,3.351825e-02,3.999539e-03,1.375303e-03,1.915028e-01,2.698241e-01,2.312140e-01,1.865720e-02,2.729365e-02,1.169870e-03,2.420146e-02,2.411938e-03
6.516705e-02,7.346880e-02,4.376287e-02,1.006144e-02,3.286275e-02,4.461773e-03,1.272096e-03,1.983276e-01,2.968771e-01,2.099745e-01,1.662558e-02,2.082470e-02,1.011523e-03,2.223135e-02,3.070945e-03
6.687570e-02,1.064766e-01,3.349520e-02,8.659295e-03,2.907064e-02,3.951125e-03,1.135396e-03,1.771563e-01,2.862762e-01,2.260814e-01,1.471565e-02,1.562820e-02,9.128089e-04,2.643168e-02,3.133958e-03
6.578207e-02,9.011108e-02,2.763912e-02,8.184897e-02,8.862289e-02,9.542828e-03,1.114979e-03,1.737034e-01,2.452802e-01,1.677141e-01,1.212817e-02,1.314616e-02,1.047040e-03,1.903074e-02,3.288301e-03
6.787840e-02,7.283784e-02,5.387131e-02,1.049990e-01,1.112719e-01,5.539457e-02,4.070060e-03,1.742518e-01,1.898106e-01,1.230295e-01,1.154526e-02,1.261848e-02,1.062973e-03,1.427104e-02,3.087229e-03
8.864564e-02,8.418097e-02,7.174057e-02,1.060961e-01,1.132388e-01,5.694097e-02,3.130329e-03,1.253764e-01,1.426875e-01,1.268599e-01,4.262523e-02,1.331910e-02,2.324974e-03,1.540346e-02,7.429982e-03
9.433984e-02,1.024635e-01,5.297047e-02,9.585820e-02,9.151419e-02,4.574976e-02,2.363277e-03,8.897019e-02,1.053351e-01,9.477568e-02,1.460447e-01,1.433932e-02,1.624276e-02,4.127793e-02,7.755065e-03
1.234728e-01,9.368061e-02,3.888691e-02,6.802906e-02,6.676149e-02,3.364067e-02,1.816247e-03,6.326646e-02,8.689418e-02,6.848906e-02,1.935612e-01,1.369175e-02,2.214711e-02,1.193309e-01,6.331597e-03
1.156981e-01,7.136848e-02,2.812110e-02,4.805484e-02,4.768182e-02,2.470540e-02,1.413366e-03,4.492993e-02,6.947634e-02,5.032014e-02,3.180430e-01,1.403701e-02,1.959012e-02,1.412200e-01,5.340380e-03
1.879004e-01,5.208983e-02,2.080098e-02,3.420011e-02,3.393273e-02,1.960935e-02,1.253239e-03,3.224388e-02,5.432025e-02,3.595022e-02,3.226863e-01,2.032642e-02,1.545894e-02,1.649558e-01,4.271640e-03
2.255140e-01,4.090822e-02,1.626207e-02,2.454284e-02,2.448108e-02,1.593778e-02,1.138195e-03,2.307017e-02,4.375039e-02,2.599942e-02,3.222102e-01,2.326295e-02,1.257207e-02,1.967216e-01,3.629071e-03
1.704312e-01,1.975386e-01,1.225013e-02,1.733076e-02,1.785586e-02,1.695412e-02,8.806782e-04,1.683100e-02,6.305470e-02,1.919496e-02,2.901883e-01,1.772505e-02,9.678289e-03,1.470743e-01,3.012134e-03
1.228716e-01,1.537245e-01,2.000775e-02,1.326044e-02,1.712030e-02,3.105483e-02,1.035543e-03,1.526186e-02,6.941532e-02,1.649393e-02,3.706264e-01,1.441087e-02,7.411272e-03,1.446663e-01,2.639122e-03
8.851634e-02,1.192210e-01,1.521037e-02,9.914242e-03,2.142501e-02,4.271438e-02,8.738380e-04,1.128501e-02,9.667887e-02,1.443821e-02,3.956466e-01,1.159168e-02,5.572096e-03,1.645695e-01,2.342841e-03
6.884011e-02,9.267869e-02,1.291183e-02,7.977623e-03,1.023543e-01,3.827792e-02,1.186299e-03,8.790810e-03,1.179732e-01,1.462106e-02,3.627708e-01,9.438375e-03,4.588420e-03,1.552187e-01,2.371829e-03
5.118722e-02,7.144957e-02,1.038058e-02,7.335583e-03,1.603886e-01,3.252449e-02,1.480477e-03,6.759661e-03,1.545696e-01,2.638998e-02,3.120535e-01,8.544104e-03,4.717520e-03,1.498655e-01,2.353579e-03
