1.000000e+00,0.000000e+00,0.000000e+00,0.000000e+00,0.000000e+00,0.000000e+00,0.000000e+00,0.000000e+00,0.000000e+00,0.000000e+00,0.000000e+00,0.000000e+00,0.000000e+00,0.000000e+00,0.000000e+00
1.000000e+00,0.000000e+00,0.000000e+00,0.000000e+00,0.000000e+00,0.000000e+00,0.000000e+00,0.000000e+00,0.000000e+00,0.000000e+00,0.000000e+00,0.000000e+00,0.000000e+00,0.000000e+00,0.000000e+00
1.000000e+00,0.000000e+00,0.000000e+00,0.000000e+00,0.000000e+00,0.000000e+00,0.000000e+00,0.000000e+00,0.000000e+00,0.000000e+00,0.000000e+00,0.000000e+00,0.000000e+00,0.000000e+00,0.000000e+00
1.000000e+00,0.000000e+00,0.000000e+00,0.000000e+00,0.000000e+00,0.000000e+00,0.000000e+00,0.000000e+00,0.000000e+00,0.000000e+00,0.000000e+00,0.000000e+00,0.000000e+00,0.000000e+00,0.000000e+00
1.000000e+00,0.000000e+00,0.000000e+00,0.000000e+00,0.000000e+00,0.000000e+00,0.000000e+00,0.000000e+00,0.000000e+00,0.000000e+00,0.000000e+00,0.000000e+00,0.000000e+00,0.000000e+00,0.000000e+00
1.000000e+00,0.000000e+00,0.000000e+00,0.000000e+00,0.000000e+00,0.000000e+00,0.000000e+00,0.000000e+00,0.000000e+00,0.000000e+00,0.000000e+00,0.000000e+00,0.000000e+00,0.000000e+00,0.000000e+00
1.000000e+00,0.000000e+00,0.000000e+00,0.000000e+00,0.000000e+00,0.000000e+00,0.000000e+00,0.000000e+00,0.000000e+00,0.000000e+00,0.000000e+00,0.000000e+00,0.000000e+00,0.000000e+00,0.000000e+00
1.000000e+00,0.000000e+00,0.000000e+00,0.000000e+00,0.000000e+00,0.000000e+00,0.000000e+00,0.000000e+00,0.000000e+00,0.000000e+00,0.000000e+00,0.000000e+00,0.000000e+00,0.000000e+00,0.000000e+00
1.000000e+00,0.000000e+00,0.000000e+00,0.000000e+00,0.000000e+00,0.000000e+00,0.000000e+00,0.000000e+00,0.000000e+00,0.000000e+00,0.000000e+00,0.000000e+00,0.000000e+00,0.000000e+00,0.000000e+00
1.000000e+00,0.000000e+00,0.000000e+00,0.000000e+00,0.000000e+00,0.000000e+00,0.000000e+00,0.000000e+00,0.000000e+00,0.000000e+00,0.000000e+00,0.000000e+00,0.000000e+00,0.000000e+00,0.000000e+00
1.000000e+00,0.000000e+00,0.000000e+00,0.000000e+00,0.000000e+00,0.000000e+00,0.000000e+00,0.000000e+00,0.000000e+00,0.000000e+00,0.000000e+00,0.000000e+00,0.000000e+00,0.000000e+00,0.000000e+00
1.000000e+00,0.000000e+00,0.000000e+00,0.000000e+00,0.000000e+00,0.000000e+00,0.000000e+00,0.000000e+00,0.000000e+00,0.000000e+00,0.000000e+00,0.000000e+00,0.000000e+00,0.000000e+00,0.000000e+00
1.000000e+00,0.000000e+00,0.000000e+00,0.000000e+00,0.000000e+00,0.000000e+00,0.000000e+00,0.000000e+00,0.000000e+00,0.000000e+00,0.000000e+00,0.000000e+00,0.000000e+00,0.000000e+00,0.000000e+00
1.000000e+00,0.000000e+00,0.000000e+00,0.000000e+00,0.000000e+00,0.000000e+00,0.000000e+00,0.000000e+00,0.000000e+00,0.000000e+00,0.000000e+00,0.000000e+00,0.000000e+00,0.000000e+00,0.000000e+00
1.000000e+00,0.000000e+00,0.000000e+00,0.000000e+00,0.000000e+00,0.000000e+00,0.000000e+00,0.000000e+00,0.000000e+00,0.000000e+00,0.000000e+00,0.000000e+00,0.000000e+00,0.000000e+00,0.000000e+00
1.000000e+00,0.000000e+00,0.000000e+00,0.000000e+00,0.000000e+00,0.000000e+00,0.000000e+00,0.000000e+00,0.000000e+00,0.000000e+00,0.000000e+00,0.000000e+00,0.000000e+00,0.000000e+00,0.000000e+00
1.000000e+00,0.000000e+00,0.000000e+00,0.000000e+00,0.000000e+00,0.000000e+00,0.000000e+00,0.000000e+00,0.000000e+00,0.000000e+00,0.000000e+00,0.000000e+00,0.000000e+00,0.000000e+00,0.000000e+00
1.000000e+00,0.000000e+00,0.000000e+00,0.000000e+00,0.000000e+00,0.000000e+00,0.000000e+00,0.000000e+00,0.000000e+00,0.000000e+00,0.000000e+00,0.000000e+00,0.000000e+00,0.000000e+00,0.000000e+00
1.000000e+00,0.000000e+00,0.000000e+00,0.000000e+00,0.000000e+00,0.000000e+00,0.000000e+00,0.000000e+00,0.000000e+00,0.000000e+00,0.000000e+00,0.000000e+00,0.000000e+00,0.000000e+00,0.000000e+00
1.000000e+00,0.000000e+00,0.000000e+00,0.000000e+00,0.000000e+00,0.000000e+00,0.000000e+00,0.000000e+00,0.000000e+00,0.000000e+00,0.000000e+00,0.000000e+00,0.000000e+00,0.000000e+00,0.000000e+00
1.000000e+00,0.000000e+00,0.000000e+00,0.000000e+00,0.000000e+00,0.000000e+00,0.000000e+00,0.000000e+00,0.000000e+00,0.000000e+00,0.000000e+00,0.000000e+00,0.000000e+00,0.000000e+00,0.000000e+00
1.000000e+00,0.000000e+00,0.000000e+00,0.000000e+00,0.000000e+00,0.000000e+00,0.000000e+00,0.000000e+00,0.000000e+00,0.000000e+00,0.000000e+00,0.000000e+00,0.000000e+00,0.000000e+00,0.000000e+00
1.000000e+00,0.000000e+00,0.000000e+00,0.000000e+00,0.000000e+00,0.000000e+00,0.000000e+00,0.000000e+00,0.000000e+00,0.000000e+00,0.000000e+00,0.000000e+00,0.000000e+00,0.000000e+00,0.000000e+00
1.000000e+00,0.000000e+00,0.000000e+00,0.000000e+00,0.000000e+00,0.000000e+00,0.000000e+00,0.000000e+00,0.000000e+00,0.000000e+00,0.000000e+00,0.000000e+00,0.000000e+00,0.000000e+00,0.000000e+00
1.000000e+00,0.000000e+00,0.000000e+00,0.000000e+00,0.000000e+00,0.000000e+00,0.000000e+00,0.000000e+00,0.000000e+00,0.000000e+00,0.000000e+00,0.000000e+00,0.000000e+00,0.000000e+00,0.000000e+00
1.000000e+00,0.000000e+00,0.000000e+00,0.000000e+00,0.000000e+00,0.000000e+00,0.000000e+00,0.000000e+00,0.000000e+00,0.000000e+00,0.000000e+00,0.000000e+00,0.000000e+00,0.000000e+00,0.000000e+00
1.000000e+00,0.000000e+00,0.000000e+00,0.000000e+00,0.000000e+00,0.000000e+00,0.000000e+00,0.000000e+00,0.000000e+00,0.000000e+00,0.000000e+00,0.000000e+00,0.000000e+00,0.000000e+00,0.000000e+00
1.000000e+00,0.000000e+00,0.000000e+00,0.000000e+00,0.000000e+00,0.000000e+00,0.000000e+00,0.000000e+00,0.000000e+00,0.000000e+00,0.000000e+00,0.000000e+00,0.000000e+00,0.000000e+00,0.000000e+00
1.000000e+00,0.000000e+00,0.000000e+00,0.000000e+00,0.000000e+00,0.000000e+00,0.000000e+00,0.000000e+00,0.000000e+00,0.000000e+00,0.000000e+00,0.000000e+00,0.000000e+00,0.000000e+00,0.000000e+00
1.000000e+00,0.000000e+00,0.000000e+00,0.000000e+00,0.000000e+00,0.000000e+00,0.000000e+00,0.000000e+00,0.000000e+00,0.000000e+00,0.000000e+00,0.000000e+00,0.000000e+00,0.000000e+00,0.000000e+00
1.000000e+00,0.000000e+00,0.000000e+00,0.000000e+00,0.000000e+00,0.000000e+00,0.000000e+00,0.000000e+00,0.000000e+00,0.000000e+00,0.000000e+00,0.000000e+00,0.000000e+00,0.000000e+00,0.000000e+00
1.000000e+00,0.000000e+00,0.000000e+00,0.000000e+00,0.000000e+00,0.000000e+00,0.000000e+00,0.000000e+00,0.000000e+00,0.000000e+00,0.000000e+00,0.000000e+00,0.000000e+00,0.000000e+00,0.000000e+00
1.000000e+00,0.000000e+00,0.000000e+00,0.000000e+00,0.000000e+00,0.000000e+00,0.000000e+00,0.000000e+00,0.000000e+00,0.000000e+00,0.000000e+00,0.000000e+00,0.000000e+00,0.000000e+00,0.000000e+00
1.000000e+00,0.000000e+00,0.000000e+00,0.000000e+00,0.000000e+00,0.000000e+00,0.000000e+00,0.000000e+00,0.000000e+00,0.000000e+00,0.000000e+00,0.000000e+00,0.000000e+00,0.000000e+00,0.000000e+00
1.000000e+00,0.000000e+00,0.000000e+00,0.000000e+00,0.000000e+00,0.000000e+00,0.000000e+00,0.000000e+00,0.000000e+00,0.000000e+00,0.000000e+00,0.000000e+00,0.000000e+00,0.000000e+00,0.000000e+00
1.000000e+00,0.000000e+00,0.000000e+00,0.000000e+00,0.000000e+00,0.000000e+00,0.000000e+00,0.000000e+00,0.000000e+00,0.000000e+00,0.000000e+00,0.000000e+00,0.000000e+00,0.000000e+00,0.000000e+00
1.000000e+00,0.000000e+00,0.000000e+00,0.000000e+00,0.000000e+00,0.000000e+00,0.000000e+00,0.000000e+00,0.000000e+00,0.000000e+00,0.000000e+00,0.000000e+00,0.000000e+00,0.000000e+00,0.000000e+00
1.000000e+00,0.000000e+00,0.000000e+00,0.000000e+00,0.000000e+00,0.000000e+00,0.000000e+00,0.000000e+00,0.000000e+00,0.000000e+00,0.000000e+00,0.000000e+00,0.000000e+00,0.000000e+00,0.000000e+00
1.000000e+00,0.000000e+00,0.000000e+00,0.000000e+00,0.000000e+00,0.000000e+00,0.000000e+00,0.000000e+00,0.000000e+00,0.000000e+00,0.000000e+00,0.000000e+00,0.000000e+00,0.000000e+00,0.000000e+00
1.000000e+00,0.000000e+00,0.000000e+00,0.000000e+00,0.000000e+00,0.000000e+00,0.000000e+00,0.000000e+00,0.000000e+00,0.000000e+00,0.000000e+00,0.000000e+00,0.000000e+00,0.000000e+00,0.000000e+00
1.000000e+00,0.000000e+00,0.000000e+00,0.000000e+00,0.000000e+00,0.000000e+00,0.000000e+00,0.000000e+00,0.000000e+00,0.000000e+00,0.000000e+00,0.000000e+00,0.000000e+00,0.000000e+00,0.000000e+00
1.000000e+00,0.000000e+00,0.000000e+00,0.000000e+00,0.000000e+00,0.000000e+00,0.000000e+00,0.000000e+00,0.000000e+00,0.000000e+00,0.000000e+00,0.000000e+00,0.000000e+00,0.000000e+00,0.000000e+00
4.547414e-01,4.649338e-02,4.314473e-02,1.568966e-01,1.708846e-02,2.915284e-02,9.021478e-03,3.188413e-02,1.828537e-02,3.775202e-03,1.999285e-02,7.926857e-02,4.576987e-02,7.322074e-03,3.716303e-02
4.361761e-01,4.794829e-02,3.671419e-02,1.576127e-01,2.083922e-02,2.845441e-02,8.440978e-03,2.686830e-02,2.505156e-02,4.069620e-03,2.956810e-02,8.238004e-02,4.588851e-02,9.678867e-03,4.030919e-02
3.814615e-01,4.686042e-02,6.573312e-02,1.892311e-01,3.244317e-02,2.946014e-02,8.943020e-03,3.487872e-02,2.379258e-02,3.333214e-03,3.121964e-02,7.104245e-02,3.730761e-02,9.153535e-03,3.513977e-02
3.364352e-01,4.549309e-02,1.055511e-01,2.101260e-01,3.065405e-02,2.487568e-02,7.638315e-03,3.304709e-02,2.474850e-02,3.133192e-03,3.699546e-02,6.464002e-02,3.347999e-02,9.123583e-03,3.405869e-02
3.454418e-01,4.202323e-02,1.015195e-01,1.966493e-01,2.755715e-02,2.324745e-02,6.866778e-03,2.836829e-02,2.954738e-02,3.357866e-03,4.120323e-02,6.611980e-02,3.607029e-02,9.984248e-03,4.204363e-02
3.962678e-01,3.802381e-02,8.715031e-02,1.731627e-01,2.550315e-02,2.246325e-02,6.345754e-03,2.541754e-02,2.605711e-02,3.247140e-03,3.803439e-02,6.905809e-02,3.804027e-02,9.851978e-03,4.137671e-02
4.972457e-01,3.236702e-02,6.503009e-02,1.390741e-01,2.135092e-02,1.995621e-02,5.464158e-03,2.030762e-02,2.173512e-02,2.905019e-03,3.237564e-02,5.957217e-02,3.459203e-02,9.119767e-03,3.890437e-02
1.000000e+00,0.000000e+00,0.000000e+00,0.000000e+00,0.000000e+00,0.000000e+00,0.000000e+00,0.000000e+00,0.000000e+00,0.000000e+00,0.000000e+00,0.000000e+00,0.000000e+00,0.000000e+00,0.000000e+00
1.000000e+00,0.000000e+00,0.000000e+00,0.000000e+00,0.000000e+00,0.000000e+00,0.000000e+00,0.000000e+00,0.000000e+00,0.000000e+00,0.000000e+00,0.000000e+00,0.000000e+00,0.000000e+00,0.000000e+00
1.000000e+00,0.000000e+00,0.000000e+00,0.000000e+00,0.000000e+00,0.000000e+00,0.000000e+00,0.000000e+00,0.000000e+00,0.000000e+00,0.000000e+00,0.000000e+00,0.000000e+00,0.000000e+00,0.000000e+00
1.000000e+00,0.000000e+00,0.000000e+00,0.000000e+00,0.000000e+00,0.000000e+00,0.000000e+00,0.000000e+00,0.000000e+00,0.000000e+00,0.000000e+00,0.000000e+00,0.000000e+00,0.000000e+00,0.000000e+00
1.000000e+00,0.000000e+00,0.000000e+00,0.000000e+00,0.000000e+00,0.000000e+00,0.000000e+00,0.000000e+00,0.000000e+00,0.000000e+00,0.000000e+00,0.000000e+00,0.000000e+00,0.000000e+00,0.000000e+00
1.000000e+00,0.000000e+00,0.000000e+00,0.000000e+00,0.000000e+00,0.000000e+00,0.000000e+00,0.000000e+00,0.000000e+00,0.000000e+00,0.000000e+00,0.000000e+00,0.000000e+00,0.000000e+00,0.000000e+00
1.000000e+00,0.000000e+00,0.000000e+00,0.000000e+00,0.000000e+00,0.000000e+00,0.000000e+00,0.000000e+00,0.000000e+00,0.000000e+00,0.000000e+00,0.000000e+00,0.000000e+00,0.000000e+00,0.000000e+00
1.000000e+00,0.000000e+00,0.000000e+00,0.000000e+00,0.000000e+00,0.000000e+00,0.000000e+00,0.000000e+00,0.000000e+00,0.000000e+00,0.000000e+00,0.000000e+00,0.000000e+00,0.000000e+00,0.000000e+00
1.000000e+00,0.000000e+00,0.000000e+00,0.000000e+00,0.000000e+00,0.000000e+00,0.000000e+00,0.000000e+00,0.000000e+00,0.000000e+00,0.000000e+00,0.000000e+00,0.000000e+00,0.000000e+00,0.000000e+00
1.000000e+00,0.000000e+00,0.000000e+00,0.000000e+00,0.000000e+00,0.000000e+00,0.000000e+00,0.000000e+00,0.000000e+00,0.000000e+00,0.000000e+00,0.000000e+00,0.000000e+00,0.000000e+00,0.000000e+00
1.000000e+00,0.000000e+00,0.000000e+00,0.000000e+00,0.000000e+00,0.000000e+00,0.000000e+00,0.000000e+00,0.000000e+00,0.000000e+00,0.000000e+00,0.000000e+00,0.000000e+00,0.000000e+00,0.000000e+00
1.000000e+00,0.000000e+00,0.000000e+00,0.000000e+00,0.000000e+00,0.000000e+00,0.000000e+00,0.000000e+00,0.000000e+00,0.000000e+00,0.000000e+00,0.000000e+00,0.000000e+00,0.000000e+00,0.000000e+00
1.000000e+00,0.000000e+00,0.000000e+00,0.000000e+00,0.000000e+00,0.000000e+00,0.000000e+00,0.000000e+00,0.000000e+00,0.000000e+00,0.000000e+00,0.000000e+00,0.000000e+00,0.000000e+00,0.000000e+00
1.000000e+00,0.000000e+00,0.000000e+00,0.000000e+00,0.000000e+00,0.000000e+00,0.000000e+00,0.000000e+00,0.000000e+00,0.000000e+00,0.000000e+00,0.000000e+00,0.000000e+00,0.000000e+00,0.000000e+00
4.416867e-01,1.423729e-02,1.240344e-02,2.250087e-02,9.827230e-03,4.486085e-01,2.041190e-03,6.727203e-03,2.823793e-03,4.773668e-03,5.503026e-03,1.178387e-02,8.079268e-03,1.615374e-03,7.388825e-03
3.174740e-01,1.057000e-02,8.784631e-03,1.592814e-02,7.264686e-03,5.958686e-01,1.517976e-03,5.106372e-03,2.132938e-03,6.502511e-03,4.201822e-03,8.333455e-03,5.728674e-03,1.350663e-03,9.235642e-03
3.431852e-01,8.375174e-03,6.819332e-03,1.252578e-02,5.664714e-03,5.214505e-01,1.388346e-03,4.482050e-03,4.420449e-03,4.064342e-02,4.459797e-03,6.125292e-03,4.567680e-03,1.857413e-03,3.403493e-02
3.168629e-01,7.008032e-03,7.061335e-03,9.989971e-03,4.630573e-03,5.359714e-01,1.366894e-03,4.004076e-03,5.642643e-03,4.251761e-02,5.029405e-03,4.442174e-03,3.695831e-03,1.901220e-03,4.987589e-02
2.779987e-01,5.579064e-03,7.868087e-03,8.058617e-03,3.797296e-03,5.844042e-01,1.417479e-03,4.486067e-03,6.537067e-03,3.603170e-02,6.566662e-03,3.258574e-03,3.327910e-03,2.295333e-03,4.837324e-02
3.458704e-01,4.485128e-03,8.872862e-03,7.128278e-03,3.583915e-03,5.276494e-01,1.723955e-03,1.185780e-02,6.436387e-03,2.744804e-02,9.791831e-03,2.536463e-03,3.251406e-03,2.752116e-03,3.661199e-02
3.482173e-01,4.148215e-03,1.170048e-02,7.371753e-03,6.254784e-03,4.981441e-01,3.200492e-03,2.226905e-02,9.099612e-03,2.537097e-02,2.430609e-02,2.717606e-03,4.804454e-03,3.660437e-03,2.873456e-02
3.210468e-01,3.985671e-03,9.664077e-03,5.961196e-03,7.179255e-03,5.351577e-01,5.970578e-03,2.865745e-02,7.550192e-03,1.952332e-02,1.982078e-02,2.587273e-03,6.262848e-03,4.038958e-03,2.259387e-02
2.974215e-01,5.467114e-03,9.588696e-03,5.470023e-03,8.274788e-03,5.542660e-01,9.809567e-03,2.872232e-02,7.533422e-03,1.754884e-02,1.973054e-02,2.821895e-03,7.261638e-03,5.858039e-03,2.022556e-02
3.756446e-01,6.420022e-03,9.660532e-03,6.784570e-03,1.110132e-02,4.765922e-01,1.103355e-02,2.498483e-02,6.722027e-03,1.362654e-02,1.637704e-02,6.147819e-03,6.889370e-03,7.162725e-03,2.085289e-02
4.428225e-01,1.482408e-02,1.036581e-02,1.382337e-02,9.608931e-03,3.456803e-01,8.228573e-03,2.011135e-02,7.550176e-03,1.382324e-02,2.027580e-02,2.315283e-02,1.327620e-02,1.528788e-02,4.116895e-02
3.134343e-01,1.803152e-02,8.547002e-03,1.734643e-02,7.315216e-03,2.526865e-01,5.911544e-03,1.426317e-02,1.426413e-02,2.090205e-02,1.548150e-01,9.867781e-02,1.190894e-02,1.675648e-02,4.513991e-02
2.203043e-01,1.452853e-02,6.797687e-03,1.339936e-02,5.232312e-03,1.883574e-01,4.201983e-03,1.003909e-02,1.325822e-02,1.247405e-01,2.014094e-01,9.495580e-02,8.909745e-03,2.027122e-02,7.359448e-02
1.550303e-01,1.048409e-02,5.005264e-03,9.785532e-03,3.759049e-03,1.684284e-01,3.013684e-03,7.074756e-03,1.073543e-02,1.059288e-01,3.178852e-01,1.257643e-01,6.421543e-03,1.632736e-02,5.435640e-02
1.092623e-01,7.501801e-03,3.664942e-03,7.139260e-03,2.671553e-03,1.356342e-01,2.150479e-03,4.977363e-03,8.102076e-03,9.661038e-02,3.965738e-01,1.677395e-01,4.788391e-03,1.413627e-02,3.904765e-02
7.720935e-02,5.339018e-03,2.665095e-03,5.086733e-03,1.906118e-03,1.065386e-01,1.676568e-03,3.503495e-03,6.110047e-03,8.193811e-02,5.298613e-01,1.362396e-01,3.561018e-03,1.044061e-02,2.792433e-02
5.548675e-02,4.051281e-03,2.155511e-03,3.991010e-03,1.579847e-03,9.605868e-02,2.119452e-03,2.633648e-03,4.974510e-03,6.111586e-02,5.503228e-01,1.823654e-01,3.017797e-03,8.382348e-03,2.174506e-02
3.978190e-02,3.611805e-03,2.459615e-03,3.170919e-03,1.573820e-03,7.705183e-02,1.793410e-03,2.092473e-03,4.693652e-03,4.796495e-02,5.271317e-01,2.543716e-01,2.454240e-03,1.226327e-02,1.958481e-02
2.931695e-02,3.005717e-03,2.560829e-03,2.652153e-03,1.978677e-03,5.941939e-02,1.917504e-03,2.278676e-03,5.142360e-03,4.183387e-02,4.691735e-01,3.520002e-01,2.232969e-03,1.169499e-02,1.479222e-02
2.088209e-02,3.345344e-03,5.710354e-03,1.994864e-03,4.877344e-03,4.217586e-02,2.189965e-03,1.766400e-03,7.282924e-03,3.422156e-02,5.687529e-01,2.822369e-01,2.115040e-03,9.189157e-03,1.325924e-02
1.577154e-02,1.287698e-02,1.644777e-02,1.552932e-03,1.091851e-02,3.073318e-02,2.364321e-03,1.700324e-03,1.061648e-02,3.841927e-02,5.825740e-01,2.498296e-01,2.699258e-03,1.095846e-02,1.253740e-02
1.121994e-02,3.314395e-02,1.557628e-02,1.112136e-03,2.028408e-02,2.192074e-02,2.186998e-03,1.414225e-03,1.853799e-02,4.317567e-02,5.997967e-01,2.042459e-01,3.755169e-03,1.444151e-02,9.188745e-03
8.117656e-03,5.186072e-02,1.375533e-02,8.536395e-04,1.893704e-02,1.586321e-02,1.739793e-03,1.791223e-03,2.109246e-02,5.577918e-02,5.485492e-01,2.294777e-01,4.906615e-03,2.048310e-02,6.793141e-03
5.821988e-03,7.453023e-02,1.325049e-02,6.663650e-04,1.520087e-02,1.170253e-02,1.488987e-03,4.511598e-03,2.160099e-02,4.935332e-02,5.657812e-01,1.971340e-01,5.736585e-03,2.807247e-02,5.148358e-03
4.217380e-03,2.079976e-01,2.664373e-02,6.198321e-04,1.666130e-02,9.986224e-03,1.277565e-03,4.808825e-03,6.533843e-02,3.625155e-02,4.358827e-01,1.540316e-01,6.781387e-03,2.534478e-02,4.157024e-03
3.542569e-03,2.227292e-01,5.894504e-02,1.758121e-03,2.009133e-02,8.406718e-03,1.163527e-03,1.668677e-02,8.444242e-02,2.909131e-02,3.349813e-01,1.581897e-01,1.217113e-02,4.350699e-02,4.293791e-03
4.898568e-03,2.188627e-01,1.526467e-01,2.722271e-03,2.215806e-02,6.837510e-03,2.009303e-03,6.275341e-02,7.813676e-02,2.517604e-02,2.504669e-01,1.182337e-01,1.074363e-02,4.090899e-02,3.445362e-03
6.995094e-03,2.158375e-01,1.695126e-01,4.351831e-03,3.739837e-02,1.005969e-02,5.067757e-03,8.878924e-02,1.025331e-01,3.547153e-02,1.864611e-01,8.427721e-02,8.427922e-03,4.206964e-02,2.747457e-03
7.736675e-03,2.135149e-01,1.743496e-01,4.359544e-03,4.318123e-02,1.041326e-02,5.256002e-03,1.019334e-01,1.348579e-01,4.627697e-02,1.399916e-01,5.953149e-02,7.234494e-03,4.912877e-02,2.234208e-03
8.899823e-03,1.800989e-01,1.545586e-01,5.811202e-03,6.150469e-02,1.155561e-02,4.769734e-03,1.635701e-01,1.645541e-01,4.884923e-02,1.019491e-01,4.191465e-02,6.308005e-03,4.395701e-02,1.699211e-03
9.453585e-03,1.598304e-01,1.238513e-01,5.634707e-03,8.341700e-02,1.097383e-02,4.102119e-03,1.997627e-01,2.009512e-01,4.979188e-02,7.239027e-02,2.956394e-02,4.833023e-03,4.409600e-02,1.348129e-03
1.000669e-02,1.427067e-01,9.410661e-02,5.156374e-03,1.242811e-01,8.211791e-03,3.118354e-03,1.904600e-01,2.483942e-01,5.066431e-02,5.337453e-02,2.105889e-02,4.158549e-03,4.296169e-02,1.340288e-03
1.755819e-02,1.098056e-01,1.108758e-01,8.834359e-03,1.572072e-01,6.228977e-03,2.809655e-03,2.590070e-01,1.917927e-01,4.407191e-02,3.912128e-02,1.585307e-02,4.002643e-03,3.166499e-02,1.166690e-03
2.997243e-02,9.866126e-02,9.322340e-02,8.561620e-03,1.387402e-01,5.022306e-03,2.314329e-03,3.300808e-01,1.687285e-01,4.609078e-02,3.005411e-02,1.337499e-02,3.686641e-03,3.011456e-02,1.374037e-03
4.399233e-02,7.239961e-02,1.165320e-01,1.260599e-02,1.298064e-01,4.142383e-03,2.201005e-03,3.785616e-01,1.396605e-01,4.141622e-02,2.202378e-02,1.097653e-02,2.809761e-03,2.173620e-02,1.135645e-03
8.463515e-02,5.765438e-02,1.260828e-01,1.738405e-02,1.260328e-01,3.950339e-03,1.978919e-03,3.408906e-01,1.457367e-01,4.514764e-02,1.930750e-02,1.001742e-02,2.222489e-03,1.759385e-02,1.365364e-03
1.192642e-01,5.032517e-02,1.034323e-01,1.770450e-02,1.077576e-01,3.603454e-03,1.851107e-03,3.599085e-01,1.536616e-01,3.930009e-02,1.596373e-02,8.831950e-03,1.825983e-03,1.498546e-02,1.584271e-03
1.587715e-01,4.191042e-02,8.874106e-02,4.665872e-02,1.004771e-01,5.038675e-03,2.079248e-03,3.384281e-01,1.440244e-01,3.128750e-02,1.435366e-02,1.103231e-02,1.785363e-03,1.198874e-02,3.423183e-03
1.144789e-01,4.638571e-02,1.340820e-01,4.557623e-02,7.133599e-02,4.669345e-03,1.522487e-03,2.386618e-01,1.215538e-01,3.464364e-02,1.657614e-02,8.770697e-03,1.475520e-03,1.496947e-02,1.452982e-01
8.123881e-02,5.097621e-02,2.518399e-01,4.022258e-02,5.029181e-02,4.478439e-03,1.174719e-03,1.672959e-01,1.101116e-01,2.574032e-02,4.718735e-02,7.622654e-03,3.329398e-03,3.347185e-02,1.250183e-01
6.486221e-02,4.476530e-02,2.890705e-01,4.213841e-02,3.633296e-02,4.754220e-03,1.196254e-03,1.174771e-01,1.314109e-01,2.166613e-02,7.209294e-02,8.197512e-03,4.165110e-03,5.145076e-02,1.104197e-01
4.728481e-02,3.330079e-02,2.051163e-01,3.054478e-02,2.574422e-02,4.795077e-03,9.511341e-04,8.243760e-02,1.315926e-01,2.287915e-02,1.231077e-01,9.415952e-03,4.526604e-03,9.784642e-02,1.804568e-01
3.363165e-02,2.365415e-02,1.437868e-01,2.162883e-02,1.854212e-02,3.833169e-03,7.626237e-04,5.778051e-02,1.002871e-01,2.058904e-02,1.484381e-01,7.397533e-03,3.842502e-03,2.768026e-01,1.390232e-01
2.407527e-02,1.685686e-02,1.007629e-01,1.548732e-02,1.383211e-02,3.576617e-03,6.076042e-04,4.052426e-02,7.963054e-02,1.765456e-02,1.875824e-01,6.607250e-03,3.617167e-03,3.727267e-01,1.164583e-01
2.155638e-02,1.215785e-02,7.058308e-02,1.201069e-02,1.249525e-02,4.189320e-03,8.638704e-04,2.853629e-02,6.318895e-02,1.819851e-02,2.386002e-01,6.151397e-03,3.471660e-03,4.054163e-01,1.025801e-01
1.631427e-02,8.670432e-03,4.945027e-02,8.659756e-03,1.052263e-02,3.411704e-03,9.626356e-04,2.011427e-02,4.778352e-02,1.437936e-02,2.512499e-01,8.133422e-03,3.623209e-03,4.820907e-01,7.463395e-02
1.161486e-02,6.109593e-03,3.462942e-02,6.104141e-03,7.730558e-03,2.515185e-03,7.466361e-04,1.412469e-02,3.822358e-02,1.085315e-02,2.878801e-01,7.529832e-03,2.953409e-03,5.155981e-01,5.338675e-02
8.339677e-03,4.376842e-03,2.427471e-02,4.342159e-03,5.612398e-03,1.957720e-03,5.675817e-04,9.937804e-03,3.207090e-02,9.352432e-03,3.237689e-01,6.409662e-03,2.254742e-03,5.282307e-01,3.850374e-02
6.206258e-03,3.204626e-03,1.703701e-02,3.148801e-03,4.321879e-03,1.756372e-03,4.439140e-04,7.006673e-03,2.496112e-02,7.924723e-03,3.490920e-01,5.219063e-03,1.850006e-03,5.382769e-01,2.955068e-02
4.660127e-03,2.390799e-03,1.200086e-02,2.281044e-03,3.208696e-03,1.799492e-03,3.331915e-04,4.936174e-03,1.855119e-02,8.026174e-03,3.981156e-01,4.475312e-03,1.574332e-03,5.155075e-01,2.213950e-02
3.532529e-03,1.763189e-03,8.470470e-03,1.651337e-03,2.388271e-03,1.869472e-03,2.461559e-04,3.488257e-03,1.389940e-02,7.207974e-03,4.093290e-01,3.817263e-03,1.332091e-03,5.243531e-01,1.665148e-02
2.550574e-03,1.325921e-03,5.993268e-03,1.209022e-03,1.785778e-03,1.743960e-03,1.750980e-04,2.463872e-03,1.042419e-02,5.700808e-03,4.309534e-01,3.787312e-03,1.092781e-03,5.190272e-01,1.176677e-02
1.832410e-03,2.747454e-03,4.855896e-03,9.389881e-04,1.550749e-03,1.607703e-03,1.307867e-04,1.763401e-03,1.379035e-02,4.639151e-03,4.959572e-01,3.557050e-03,8.430139e-04,4.574229e-01,8.362914e-03
1.331307e-03,2.235655e-03,3.952977e-03,7.160092e-04,1.301893e-03,1.845965e-03,1.110341e-04,1.278780e-03,1.345462e-02,4.538986e-03,4.798490e-01,3.475469e-03,7.104749e-04,4.792427e-01,5.955120e-03
1.040497e-03,2.434648e-03,3.510845e-03,5.645184e-04,1.141855e-03,2.866059e-03,1.172053e-04,9.171088e-04,1.146012e-02,7.489743e-03,4.934289e-01,4.102070e-03,8.232635e-04,4.655970e-01,4.506235e-03
9.154589e-04,2.529558e-03,7.681406e-03,5.417847e-04,1.687286e-03,8.453374e-03,3.074551e-04,7.561930e-04,1.148835e-02,1.145577e-02,4.535776e-01,4.040143e-03,1.082652e-03,4.919856e-01,3.497384e-03
2.197423e-03,2.424035e-03,1.632226e-02,1.661593e-03,3.028910e-03,2.722241e-02,8.604675e-04,1.236624e-02,1.532963e-02,1.427043e-02,3.991054e-01,3.378569e-03,1.346693e-03,4.975098e-01,2.976071e-03
1.025157e-02,4.659351e-03,1.365120e-02,3.419843e-03,4.709110e-03,1.689347e-01,9.992686e-04,1.674177e-02,1.795277e-02,1.522160e-02,3.213285e-01,2.446307e-03,1.094980e-03,4.159738e-01,2.615238e-03
1.491989e-02,5.782703e-03,1.049251e-02,4.863152e-03,8.015816e-03,2.775743e-01,1.236823e-03,1.403480e-02,2.009680e-02,1.350535e-02,2.541244e-01,1.785657e-03,9.309181e-04,3.702409e-01,2.396039e-03
1.644634e-02,5.874012e-03,8.178578e-03,7.480388e-03,1.646555e-02,4.110807e-01,1.600037e-03,1.633385e-02,2.891870e-02,1.179998e-02,1.892788e-01,1.311094e-03,8.986627e-04,2.821966e-01,2.136759e-03
2.518268e-02,5.074209e-03,6.011164e-03,6.303943e-03,1.630349e-02,5.007420e-01,1.438326e-03,1.403113e-02,3.071818e-02,1.118386e-02,1.467921e-01,9.847175e-04,9.573339e-04,2.313816e-01,2.895406e-03
4.093761e-02,5.790852e-03,6.778752e-03,6.234690e-03,1.894087e-02,4.814947e-01,1.263215e-03,1.557213e-02,3.965253e-02,1.246226e-02,1.303530e-01,1.104783e-03,9.884445e-04,2.337403e-01,4.685983e-03
6.381216e-02,7.774848e-03,1.599465e-02,9.146621e-03,3.099272e-02,4.856166e-01,1.590183e-03,1.506581e-02,4.883523e-02,1.481121e-02,1.055100e-01,1.130292e-03,9.916197e-04,1.933761e-01,5.351966e-03
7.296628e-02,1.980621e-02,2.555801e-02,5.417230e-02,6.255598e-02,4.539351e-01,2.451624e-03,2.249827e-02,4.263891e-02,1.158250e-02,7.804529e-02,1.594622e-03,8.998767e-04,1.459519e-01,5.343176e-03
8.253736e-02,2.273726e-02,3.475436e-02,4.966903e-02,7.074902e-02,4.727730e-01,2.849563e-03,2.955786e-02,4.358267e-02,9.955535e-03,5.922041e-02,1.871198e-03,9.142073e-04,1.119875e-01,6.840980e-03
6.974577e-02,2.023884e-02,3.446168e-02,3.721678e-02,1.316953e-01,3.582306e-01,8.173520e-02,9.495873e-02,3.517675e-02,7.299511e-03,4.218449e-02,1.459280e-03,1.124456e-03,7.933980e-02,5.132773e-03
6.319903e-02,1.883011e-02,3.060742e-02,2.643298e-02,2.959040e-01,2.764389e-01,8.450239e-02,7.479836e-02,2.867633e-02,5.341346e-03,3.031811e-02,1.729453e-03,3.117610e-03,5.599871e-02,4.105266e-03
8.657917e-02,1.872523e-02,2.968718e-02,2.509605e-02,3.645640e-01,2.416563e-01,6.534374e-02,5.999637e-02,2.677852e-02,4.099960e-03,2.411948e-02,4.499148e-03,4.911926e-03,3.976103e-02,4.181823e-03
9.770784e-02,1.934955e-02,2.899339e-02,2.485797e-02,4.079738e-01,2.140644e-01,5.130920e-02,5.185623e-02,3.379240e-02,3.629988e-03,1.812492e-02,7.407057e-03,6.786553e-03,2.833337e-02,5.813285e-03
1.477728e-01,1.799480e-02,2.549090e-02,2.504959e-02,4.274568e-01,1.697412e-01,3.869107e-02,4.153881e-02,4.575023e-02,3.420889e-03,1.434624e-02,9.089153e-03,7.032419e-03,2.115813e-02,5.466901e-03
1.901574e-01,1.733384e-02,2.325026e-02,2.611665e-02,4.272898e-01,1.353756e-01,2.863187e-02,5.891001e-02,4.053679e-02,2.838115e-03,1.177137e-02,9.005167e-03,7.778723e-03,1.574106e-02,5.263275e-03
1.682728e-01,1.414908e-02,2.026175e-02,2.522625e-02,5.167719e-01,1.193086e-01,2.103531e-02,4.377926e-02,2.954585e-02,2.171554e-03,8.857979e-03,7.311653e-03,6.500935e-03,1.133560e-02,5.471610e-03
2.196650e-01,1.490261e-02,2.017891e-02,2.353361e-02,4.952130e-01,1.051622e-01,1.621657e-02,3.512407e-02,2.340854e-02,2.007247e-03,9.040098e-03,8.885469e-03,7.421343e-03,9.635354e-03,9.606034e-03
2.862796e-01,1.402442e-02,1.756827e-02,2.150673e-02,4.678635e-01,8.051642e-02,1.270557e-02,2.810269e-02,1.966166e-02,2.004377e-03,9.402033e-03,1.142393e-02,8.141582e-03,8.447887e-03,1.235126e-02
3.574883e-01,1.292966e-02,1.450056e-02,1.764926e-02,4.376083e-01,5.988067e-02,1.011609e-02,2.199746e-02,1.734477e-02,1.916552e-03,8.064803e-03,1.132562e-02,7.280754e-03,7.602597e-03,1.429456e-02
4.190397e-01,1.296712e-02,1.253035e-02,1.519086e-02,4.014928e-01,4.540053e-02,7.821366e-03,1.829238e-02,1.542202e-02,2.143045e-03,7.653046e-03,1.121534e-02,6.312973e-03,7.992801e-03,1.652563e-02
1.000000e+00,0.000000e+00,0.000000e+00,0.000000e+00,0.000000e+00,0.000000e+00,0.000000e+00,0.000000e+00,0.000000e+00,0.000000e+00,0.000000e+00,0.000000e+00,0.000000e+00,0.000000e+00,0.000000e+00
4.721786e-01,1.356725e-02,9.971919e-03,1.128251e-02,2.081969e-01,1.241469e-01,4.176425e-03,1.142081e-02,2.305762e-02,2.396839e-03,2.003647e-02,1.062893e-02,5.705248e-03,5.680375e-02,2.642980e-02
3.789037e-01,1.344422e-02,8.580268e-03,9.141929e-03,1.466223e-01,1.723877e-01,3.130199e-03,9.240091e-03,3.355436e-02,2.603004e-03,4.057981e-02,1.619980e-02,7.473558e-03,1.161112e-01,4.202787e-02
2.666169e-01,9.580354e-03,6.028924e-03,6.461903e-03,1.027320e-01,1.331826e-01,2.225800e-03,6.510056e-03,3.667316e-02,2.095464e-03,3.189329e-02,1.170295e-02,5.854611e-03,3.400947e-01,3.834737e-02
1.886937e-01,6.822816e-03,4.243534e-03,4.545749e-03,7.196342e-02,1.020363e-01,1.602215e-03,4.627156e-03,3.351065e-02,1.613487e-03,2.439627e-02,8.356996e-03,4.560173e-03,5.096926e-01,3.333499e-02
1.527591e-01,5.552331e-03,3.374632e-03,3.447740e-03,5.072736e-02,7.998022e-02,2.304090e-03,3.602448e-03,1.090162e-01,4.726685e-03,2.184327e-02,6.789584e-03,4.326168e-03,4.975832e-01,5.396696e-02
1.093309e-01,4.516138e-03,2.618197e-03,2.463938e-03,3.584125e-02,5.836605e-02,1.734881e-03,2.626734e-03,1.483800e-01,5.288631e-03,2.124620e-02,5.450456e-03,3.339176e-03,5.570568e-01,4.174061e-02
8.507656e-02,5.290750e-03,2.207506e-03,1.927209e-03,2.645218e-02,4.221165e-02,1.637025e-03,2.104644e-03,2.118051e-01,5.812220e-03,1.677120e-02,4.671333e-03,2.542185e-03,5.599834e-01,3.150702e-02
6.388876e-02,7.797031e-03,2.244602e-03,1.412549e-03,1.977890e-02,3.052968e-02,1.274718e-03,1.551063e-03,2.354068e-01,4.837673e-03,1.237595e-02,3.376193e-03,1.977190e-03,5.891263e-01,2.442255e-02
4.631693e-02,7.651676e-03,1.786972e-03,1.017015e-03,1.501896e-02,2.257877e-02,9.481997e-04,1.133950e-03,2.560514e-01,3.572913e-03,9.206097e-03,2.394648e-03,1.485754e-03,6.129749e-01,1.786185e-02
3.538188e-02,2.732379e-02,2.952766e-03,9.138272e-04,1.337647e-02,3.127693e-02,9.080186e-04,2.437928e-03,2.953770e-01,2.742259e-03,7.056721e-03,1.730999e-03,1.300159e-03,5.619475e-01,1.527380e-02
2.702951e-02,3.700962e-02,4.673983e-03,1.827260e-03,1.268862e-02,2.319254e-02,7.080897e-04,2.958815e-03,4.323694e-01,2.257466e-03,5.508651e-03,1.275158e-03,1.146108e-03,4.290917e-01,1.826311e-02
2.112525e-02,2.623047e-02,3.856756e-03,1.317467e-03,1.194461e-02,1.770444e-02,5.165794e-04,2.189259e-03,5.086038e-01,1.749245e-03,5.650133e-03,9.442585e-04,1.047364e-03,3.623908e-01,3.472967e-02
1.563926e-02,2.042209e-02,5.250985e-03,2.169808e-03,2.220824e-02,1.295478e-02,3.851583e-04,6.294946e-03,6.087270e-01,1.946600e-03,5.778844e-03,8.222909e-04,1.131473e-03,2.665544e-01,2.971421e-02
1.181519e-02,1.521381e-02,4.990798e-03,2.136235e-03,2.391098e-02,9.394214e-03,2.837774e-04,4.870103e-03,6.771734e-01,2.187796e-03,6.902867e-03,6.667896e-04,1.203747e-03,2.132895e-01,2.596088e-02
9.219832e-03,1.135835e-02,6.782037e-03,4.070783e-03,2.306974e-02,6.764069e-03,2.249293e-04,4.649555e-03,7.296490e-01,1.081210e-02,6.738617e-03,7.232675e-04,1.445849e-03,1.536622e-01,3.082974e-02
7.233015e-03,1.292257e-02,7.105097e-03,5.748874e-03,3.420396e-02,6.124043e-03,1.997433e-04,6.393875e-03,7.339743e-01,1.349248e-02,1.522000e-02,2.398725e-03,6.489091e-03,1.192953e-01,2.919897e-02
5.770807e-03,1.144639e-02,1.040032e-02,1.709347e-02,3.271925e-02,4.825437e-03,1.964999e-04,7.471751e-03,7.222213e-01,1.294972e-02,3.016686e-02,4.236133e-03,2.047036e-02,8.630722e-02,3.372445e-02
5.569411e-03,9.791318e-03,1.256650e-02,2.105500e-02,5.383555e-02,6.727123e-03,3.764509e-04,6.391336e-02,5.592152e-01,1.230972e-02,6.448832e-02,2.366875e-02,5.381191e-02,8.443522e-02,2.823615e-02
6.924164e-03,1.330986e-02,2.508049e-02,3.148163e-02,1.004463e-01,5.928571e-03,7.644094e-04,5.345267e-02,4.689578e-01,1.133464e-02,1.134281e-01,2.419494e-02,5.174792e-02,6.765594e-02,2.529263e-02
1.230829e-02,1.634054e-02,2.412691e-02,5.148513e-02,1.666180e-01,7.645819e-03,1.652477e-03,4.251048e-02,4.514596e-01,8.856284e-03,8.427229e-02,1.728033e-02,3.756266e-02,5.447855e-02,2.340259e-02
1.749880e-02,2.449208e-02,2.025426e-02,1.102109e-01,1.458234e-01,1.063064e-02,1.570024e-03,4.192550e-02,4.559914e-01,8.417612e-03,6.191682e-02,1.236562e-02,2.756973e-02,4.050637e-02,2.082688e-02
2.390572e-02,2.961576e-02,1.814883e-02,1.411594e-01,1.514892e-01,1.306756e-02,1.592824e-03,4.423964e-02,4.454014e-01,8.651912e-03,4.561101e-02,8.912804e-03,1.987866e-02,2.992683e-02,1.839837e-02
3.701438e-02,3.062350e-02,1.466591e-02,1.182760e-01,2.164504e-01,1.380944e-02,2.068468e-03,6.461700e-02,3.958112e-01,7.675113e-03,3.325091e-02,6.365210e-03,1.425318e-02,2.583046e-02,1.928880e-02
4.081739e-02,2.737262e-02,1.236261e-02,1.057265e-01,2.509401e-01,1.274206e-02,2.228691e-03,1.031169e-01,3.653534e-01,5.587670e-03,2.433326e-02,4.509171e-03,1.014543e-02,1.932167e-02,1.544238e-02
3.499170e-02,2.207082e-02,9.098485e-03,7.491753e-02,1.930418e-01,9.028183e-03,1.638042e-03,3.301329e-01,2.693192e-01,3.916967e-03,1.709007e-02,3.167736e-03,7.141517e-03,1.358082e-02,1.086421e-02
3.494436e-02,2.060593e-02,8.946029e-03,5.962423e-02,1.482665e-01,7.274913e-03,1.395577e-03,4.623049e-01,2.154962e-01,2.814966e-03,1.223082e-02,2.292125e-03,5.135245e-03,9.732275e-03,8.935827e-03
3.182740e-02,1.633866e-02,1.544568e-02,5.508563e-02,1.135046e-01,6.563536e-03,1.174881e-03,5.728332e-01,1.568996e-01,2.077893e-03,8.770352e-03,1.697945e-03,3.667600e-03,6.903048e-03,7.210053e-03
3.450584e-02,1.334113e-02,1.331326e-02,4.035151e-02,8.419756e-02,5.099372e-03,1.120255e-03,6.718531e-01,1.138917e-01,1.535716e-03,6.486212e-03,1.323618e-03,2.691013e-03,4.918194e-03,5.371572e-03
5.403368e-02,1.739083e-02,1.443492e-02,3.113126e-02,6.379371e-02,4.735783e-03,1.389577e-03,7.069252e-01,8.502798e-02,1.419937e-03,5.973043e-03,1.493603e-03,2.395536e-03,3.615510e-03,6.239411e-03
7.806633e-02,1.369677e-02,2.100248e-02,3.474288e-02,4.695646e-02,5.003080e-03,1.518836e-03,7.177811e-01,6.071410e-02,1.295394e-03,5.030060e-03,3.247750e-03,2.553176e-03,2.726661e-03,5.664906e-03
9.390530e-02,1.345255e-02,3.607749e-02,2.966275e-02,3.485886e-02,5.487924e-03,1.691740e-03,7.183220e-01,4.500978e-02,1.635284e-03,5.852074e-03,3.689519e-03,2.499612e-03,2.263395e-03,5.591711e-03
1.060358e-01,1.601925e-02,4.759331e-02,3.143140e-02,2.588238e-02,5.780629e-03,1.580028e-03,6.466596e-01,5.616762e-02,1.718224e-02,1.819475e-02,4.497622e-03,8.147158e-03,2.428848e-03,1.239932e-02
1.328060e-01,1.556280e-02,7.503732e-02,4.473318e-02,2.068573e-02,5.809732e-03,1.564146e-03,5.610831e-01,5.526846e-02,3.237054e-02,2.191105e-02,6.797392e-03,1.020192e-02,2.615101e-03,1.355349e-02
1.202797e-01,1.558707e-02,6.461052e-02,5.808657e-02,1.563845e-02,4.909723e-03,1.193902e-03,5.093963e-01,8.207652e-02,3.776255e-02,4.605633e-02,6.808633e-03,1.234140e-02,2.572691e-03,2.267975e-02
8.992538e-02,1.648017e-02,5.703085e-02,1.689277e-01,1.132685e-02,3.899240e-03,8.949859e-04,3.794066e-01,1.371908e-01,5.012089e-02,4.578187e-02,5.256207e-03,1.019181e-02,2.104150e-03,2.146257e-02
6.424505e-02,1.348013e-02,4.398103e-02,1.977045e-01,8.019719e-03,3.014310e-03,6.500555e-04,2.681217e-01,2.553614e-01,4.175948e-02,6.413761e-02,4.070902e-03,1.010677e-02,1.818813e-03,2.352846e-02
4.573301e-02,1.934305e-02,3.934468e-02,2.082063e-01,5.655133e-03,2.182934e-03,4.616915e-04,1.882416e-01,3.717868e-01,3.310124e-02,5.427215e-02,3.536338e-03,9.351027e-03,1.386650e-03,1.739737e-02
3.419644e-02,1.870242e-02,4.226081e-02,1.823865e-01,4.104570e-03,1.886761e-03,3.791953e-04,1.324515e-01,4.131824e-01,2.946167e-02,6.581081e-02,5.424600e-03,2.585227e-02,2.583644e-03,4.131648e-02
2.514250e-02,1.463586e-02,3.142945e-02,1.320303e-01,3.173224e-03,1.781388e-03,3.497888e-04,9.299636e-02,2.988770e-01,2.117415e-02,1.567988e-01,4.286719e-03,2.694622e-02,8.357641e-03,1.820205e-01
1.773242e-02,1.140213e-02,2.258358e-02,9.429182e-02,2.482824e-03,1.442521e-03,2.546973e-04,6.526444e-02,2.502251e-01,1.503745e-02,1.131421e-01,3.114737e-03,2.090442e-02,8.013884e-03,3.741079e-01
1.246097e-02,8.127455e-03,1.599566e-02,6.616431e-02,1.828866e-03,1.053566e-03,1.865180e-04,4.582530e-02,1.928327e-01,1.064358e-02,7.971605e-02,2.246529e-03,1.509548e-02,1.273759e-02,5.350854e-01
8.870712e-03,6.040727e-03,1.157072e-02,4.712503e-02,1.398318e-03,9.169944e-04,1.373539e-04,3.216729e-02,1.973471e-01,7.700903e-03,5.606160e-02,1.689858e-03,1.123539e-02,1.120693e-02,6.065310e-01
6.907412e-03,6.424489e-03,1.167607e-02,3.684003e-02,1.175939e-03,9.311815e-04,1.201026e-04,2.257463e-02,3.661919e-01,5.887351e-03,3.984724e-02,1.735674e-03,9.200208e-03,8.293368e-03,4.821944e-01
5.159672e-03,5.118585e-03,9.804487e-03,2.745788e-02,1.242720e-03,1.059761e-03,1.321075e-04,1.598757e-02,2.733682e-01,4.236887e-03,3.267112e-02,1.559381e-03,1.132195e-02,8.535688e-03,6.023440e-01
3.917921e-03,3.978762e-03,8.633154e-03,2.067159e-02,1.000991e-03,1.063662e-03,1.272117e-04,1.158114e-02,2.788772e-01,3.140389e-03,2.694612e-02,1.424822e-03,1.183808e-02,8.999679e-03,6.177993e-01
2.954900e-03,3.306972e-03,9.264090e-03,1.500275e-02,7.754338e-04,8.127670e-04,1.195285e-04,9.076146e-03,3.394730e-01,2.325385e-03,2.077315e-02,1.141956e-03,8.881100e-03,3.151848e-02,5.545744e-01
2.150601e-03,2.825785e-03,1.094869e-02,1.315104e-02,6.858556e-04,6.437075e-04,9.644310e-05,6.529603e-03,4.783731e-01,1.728909e-03,1.509624e-02,8.630734e-04,6.526151e-03,2.325638e-02,4.371245e-01
1.882018e-03,3.386450e-03,1.278689e-02,1.333670e-02,8.392978e-04,1.453363e-03,8.516684e-05,4.606503e-03,5.931455e-01,1.584536e-03,1.285260e-02,1.204675e-03,6.100793e-03,1.673522e-02,3.300003e-01
1.747133e-03,5.509243e-03,1.984974e-02,1.225201e-02,1.156065e-03,1.462504e-03,9.937910e-05,3.852092e-03,4.988011e-01,3.033763e-03,4.305618e-02,2.540259e-03,1.139462e-02,1.913186e-02,3.761141e-01
1.478608e-03,4.728507e-03,1.695354e-02,1.047509e-02,1.218428e-03,1.285384e-03,9.905995e-05,3.304252e-03,3.782177e-01,3.510656e-03,5.404137e-02,2.269894e-03,1.667439e-02,2.363247e-02,4.821107e-01
1.558528e-03,3.905735e-03,1.578712e-02,9.453826e-03,1.062552e-03,1.161834e-03,1.141871e-04,4.242785e-03,3.081159e-01,4.089519e-03,4.428555e-02,1.805727e-03,1.301712e-02,5.077774e-02,5.406219e-01
1.849275e-03,3.758218e-03,3.318691e-02,1.158209e-02,1.656719e-03,1.107308e-03,2.341577e-04,5.743074e-03,3.005749e-01,3.962515e-03,3.534228e-02,1.545631e-03,1.112164e-02,4.191397e-02,5.464213e-01
3.026014e-03,6.515094e-03,9.239754e-02,1.165520e-02,2.838324e-03,1.886487e-03,4.512274e-04,5.344533e-03,2.817400e-01,4.500090e-03,3.652512e-02,1.992343e-03,1.075433e-02,3.365241e-02,5.067213e-01
4.903886e-03,7.789860e-03,7.593273e-02,9.545304e-03,3.688815e-03,1.551907e-03,3.820526e-04,7.923615e-03,2.096770e-01,5.131904e-03,3.667989e-02,1.703199e-03,8.933088e-03,3.754996e-02,5.886067e-01
6.233416e-03,8.405662e-03,1.006191e-01,9.272143e-03,4.799183e-03,1.520746e-03,3.094782e-04,2.096913e-02,1.815663e-01,4.258411e-03,4.067688e-02,1.400149e-03,7.331312e-03,3.924700e-02,5.733911e-01
1.523103e-02,2.666763e-02,1.365378e-01,1.132161e-02,4.940338e-03,1.770923e-03,2.656227e-04,4.935453e-02,2.694620e-01,3.286759e-03,3.114108e-02,1.078189e-03,5.945596e-03,3.349053e-02,4.095063e-01
1.400074e-02,3.158091e-02,1.320952e-01,1.335473e-02,5.177823e-03,1.537330e-03,2.032691e-04,4.127220e-02,4.098170e-01,2.693280e-03,2.231894e-02,8.146703e-04,4.504479e-03,2.500422e-02,2.956252e-01
1.011125e-02,2.673639e-02,9.517989e-02,1.547693e-02,3.854107e-03,1.138456e-03,1.447162e-04,2.907962e-02,5.710162e-01,2.028687e-03,1.630092e-02,6.315915e-04,3.350871e-03,1.757221e-02,2.073782e-01
9.266706e-03,3.717973e-02,1.045482e-01,1.925632e-02,6.007952e-03,1.110426e-03,1.377425e-04,2.628805e-02,6.055626e-01,1.968809e-03,1.960026e-02,8.894707e-04,4.299357e-03,1.403267e-02,1.498518e-01
1.436323e-02,4.059597e-02,2.537512e-01,2.194313e-02,9.837149e-03,1.554269e-03,4.975931e-04,2.153093e-02,4.627003e-01,5.211763e-03,2.244125e-02,1.456648e-03,5.503627e-03,1.122427e-02,1.273886e-01
1.112495e-02,3.222280e-02,3.791232e-01,5.805465e-02,7.809079e-03,1.242728e-03,3.695718e-04,1.614306e-02,3.579938e-01,5.414444e-03,1.695792e-02,1.191920e-03,4.274271e-03,8.046847e-03,1.000308e-01
1.930019e-02,5.412380e-02,4.323335e-01,6.087821e-02,9.837890e-03,1.354445e-03,4.281110e-04,1.491563e-02,2.685834e-01,5.678571e-03,1.351321e-02,1.340993e-03,3.379377e-03,7.676763e-03,1.066559e-01
5.970392e-02,9.499239e-02,3.910692e-01,7.879816e-02,1.783244e-02,2.501046e-03,6.826249e-04,2.525801e-02,2.022416e-01,5.167487e-03,1.064252e-02,1.309215e-03,3.324660e-03,7.247025e-03,9.922973e-02
1.204093e-01,1.359314e-01,3.274310e-01,7.326694e-02,2.948788e-02,4.554318e-03,7.889302e-04,3.425815e-02,1.555869e-01,5.405592e-03,9.039233e-03,1.452789e-03,2.918398e-03,8.154525e-03,9.131463e-02
