1.000000e+00,0.000000e+00,0.000000e+00,0.000000e+00,0.000000e+00,0.000000e+00,0.000000e+00,0.000000e+00,0.000000e+00,0.000000e+00,0.000000e+00,0.000000e+00,0.000000e+00,0.000000e+00,0.000000e+00
1.000000e+00,0.000000e+00,0.000000e+00,0.000000e+00,0.000000e+00,0.000000e+00,0.000000e+00,0.000000e+00,0.000000e+00,0.000000e+00,0.000000e+00,0.000000e+00,0.000000e+00,0.000000e+00,0.000000e+00
1.000000e+00,0.000000e+00,0.000000e+00,0.000000e+00,0.000000e+00,0.000000e+00,0.000000e+00,0.000000e+00,0.000000e+00,0.000000e+00,0.000000e+00,0.000000e+00,0.000000e+00,0.000000e+00,0.000000e+00
1.000000e+00,0.000000e+00,0.000000e+00,0.000000e+00,0.000000e+00,0.000000e+00,0.000000e+00,0.000000e+00,0.000000e+00,0.000000e+00,0.000000e+00,0.000000e+00,0.000000e+00,0.000000e+00,0.000000e+00
1.000000e+00,0.000000e+00,0.000000e+00,0.000000e+00,0.000000e+00,0.000000e+00,0.000000e+00,0.000000e+00,0.000000e+00,0.000000e+00,0.000000e+00,0.000000e+00,0.000000e+00,0.000000e+00,0.000000e+00
1.000000e+00,0.000000e+00,0.000000e+00,0.000000e+00,0.000000e+00,0.000000e+00,0.000000e+00,0.000000e+00,0.000000e+00,0.000000e+00,0.000000e+00,0.000000e+00,0.000000e+00,0.000000e+00,0.000000e+00
1.000000e+00,0.000000e+00,0.000000e+00,0.000000e+00,0.000000e+00,0.000000e+00,0.000000e+00,0.000000e+00,0.000000e+00,0.000000e+00,0.000000e+00,0.000000e+00,0.000000e+00,0.000000e+00,0.000000e+00
1.000000e+00,0.000000e+00,0.000000e+00,0.000000e+00,0.000000e+00,0.000000e+00,0.000000e+00,0.000000e+00,0.000000e+00,0.000000e+00,0.000000e+00,0.000000e+00,0.000000e+00,0.000000e+00,0.000000e+00
1.000000e+00,0.000000e+00,0.000000e+00,0.000000e+00,0.000000e+00,0.000000e+00,0.000000e+00,0.000000e+00,0.000000e+00,0.000000e+00,0.000000e+00,0.000000e+00,0.000000e+00,0.000000e+00,0.000000e+00
1.000000e+00,0.000000e+00,0.000000e+00,0.000000e+00,0.000000e+00,0.000000e+00,0.000000e+00,0.000000e+00,0.000000e+00,0.000000e+00,0.000000e+00,0.000000e+00,0.000000e+00,0.000000e+00,0.000000e+00
1.000000e+00,0.000000e+00,0.000000e+00,0.000000e+00,0.000000e+00,0.000000e+00,0.000000e+00,0.000000e+00,0.000000e+00,0.000000e+00,0.000000e+00,0.000000e+00,0.000000e+00,0.000000e+00,0.000000e+00
1.000000e+00,0.000000e+00,0.000000e+00,0.000000e+00,0.000000e+00,0.000000e+00,0.000000e+00,0.000000e+00,0.000000e+00,0.000000e+00,0.000000e+00,0.000000e+00,0.000000e+00,0.000000e+00,0.000000e+00
1.000000e+00,0.000000e+00,0.000000e+00,0.000000e+00,0.000000e+00,0.000000e+00,0.000000e+00,0.000000e+00,0.000000e+00,0.000000e+00,0.000000e+00,0.000000e+00,0.000000e+00,0.000000e+00,0.000000e+00
1.000000e+00,0.000000e+00,0.000000e+00,0.000000e+00,0.000000e+00,0.000000e+00,0.000000e+00,0.000000e+00,0.000000e+00,0.000000e+00,0.000000e+00,0.000000e+00,0.000000e+00,0.000000e+00,0.000000e+00
1.000000e+00,0.000000e+00,0.000000e+00,0.000000e+00,0.000000e+00,0.000000e+00,0.000000e+00,0.000000e+00,0.000000e+00,0.000000e+00,0.000000e+00,0.000000e+00,0.000000e+00,0.000000e+00,0.000000e+00
1.000000e+00,0.000000e+00,0.000000e+00,0.000000e+00,0.000000e+00,0.000000e+00,0.000000e+00,0.000000e+00,0.000000e+00,0.000000e+00,0.000000e+00,0.000000e+00,0.000000e+00,0.000000e+00,0.000000e+00
1.000000e+00,0.000000e+00,0.000000e+00,0.000000e+00,0.000000e+00,0.000000e+00,0.000000e+00,0.000000e+00,0.000000e+00,0.000000e+00,0.000000e+00,0.000000e+00,0.000000e+00,0.000000e+00,0.000000e+00
1.000000e+00,0.000000e+00,0.000000e+00,0.000000e+00,0.000000e+00,0.000000e+00,0.000000e+00,0.000000e+00,0.000000e+00,0.000000e+00,0.000000e+00,0.000000e+00,0.000000e+00,0.000000e+00,0.000000e+00
1.000000e+00,0.000000e+00,0.000000e+00,0.000000e+00,0.000000e+00,0.000000e+00,0.000000e+00,0.000000e+00,0.000000e+00,0.000000e+00,0.000000e+00,0.000000e+00,0.000000e+00,0.000000e+00,0.000000e+00
1.000000e+00,0.000000e+00,0.000000e+00,0.000000e+00,0.000000e+00,0.000000e+00,0.000000e+00,0.000000e+00,0.000000e+00,0.000000e+00,0.000000e+00,0.000000e+00,0.000000e+00,0.000000e+00,0.000000e+00
1.000000e+00,0.000000e+00,0.000000e+00,0.000000e+00,0.000000e+00,0.000000e+00,0.000000e+00,0.000000e+00,0.000000e+00,0.000000e+00,0.000000e+00,0.000000e+00,0.000000e+00,0.000000e+00,0.000000e+00
1.000000e+00,0.000000e+00,0.000000e+00,0.000000e+00,0.000000e+00,0.000000e+00,0.000000e+00,0.000000e+00,0.000000e+00,0.000000e+00,0.000000e+00,0.000000e+00,0.000000e+00,0.000000e+00,0.000000e+00
1.000000e+00,0.000000e+00,0.000000e+00,0.000000e+00,0.000000e+00,0.000000e+00,0.000000e+00,0.000000e+00,0.000000e+00,0.000000e+00,0.000000e+00,0.000000e+00,0.000000e+00,0.000000e+00,0.000000e+00
1.000000e+00,0.000000e+00,0.000000e+00,0.000000e+00,0.000000e+00,0.000000e+00,0.000000e+00,0.000000e+00,0.000000e+00,0.000000e+00,0.000000e+00,0.000000e+00,0.000000e+00,0.000000e+00,0.000000e+00
1.000000e+00,0.000000e+00,0.000000e+00,0.000000e+00,0.000000e+00,0.000000e+00,0.000000e+00,0.000000e+00,0.000000e+00,0.000000e+00,0.000000e+00,0.000000e+00,0.000000e+00,0.000000e+00,0.000000e+00
1.000000e+00,0.000000e+00,0.000000e+00,0.000000e+00,0.000000e+00,0.000000e+00,0.000000e+00,0.000000e+00,0.000000e+00,0.000000e+00,0.000000e+00,0.000000e+00,0.000000e+00,0.000000e+00,0.000000e+00
1.000000e+00,0.000000e+00,0.000000e+00,0.000000e+00,0.000000e+00,0.000000e+00,0.000000e+00,0.000000e+00,0.000000e+00,0.000000e+00,0.000000e+00,0.000000e+00,0.000000e+00,0.000000e+00,0.000000e+00
1.000000e+00,0.000000e+00,0.000000e+00,0.000000e+00,0.000000e+00,0.000000e+00,0.000000e+00,0.000000e+00,0.000000e+00,0.000000e+00,0.000000e+00,0.000000e+00,0.000000e+00,0.000000e+00,0.000000e+00
1.000000e+00,0.000000e+00,0.000000e+00,0.000000e+00,0.000000e+00,0.000000e+00,0.000000e+00,0.000000e+00,0.000000e+00,0.000000e+00,0.000000e+00,0.000000e+00,0.000000e+00,0.000000e+00,0.000000e+00
1.000000e+00,0.000000e+00,0.000000e+00,0.000000e+00,0.000000e+00,0.000000e+00,0.000000e+00,0.000000e+00,0.000000e+00,0.000000e+00,0.000000e+00,0.000000e+00,0.000000e+00,0.000000e+00,0.000000e+00
1.000000e+00,0.000000e+00,0.000000e+00,0.000000e+00,0.000000e+00,0.000000e+00,0.000000e+00,0.000000e+00,0.000000e+00,0.000000e+00,0.000000e+00,0.000000e+00,0.000000e+00,0.000000e+00,0.000000e+00
1.000000e+00,0.000000e+00,0.000000e+00,0.000000e+00,0.000000e+00,0.000000e+00,0.000000e+00,0.000000e+00,0.000000e+00,0.000000e+00,0.000000e+00,0.000000e+00,0.000000e+00,0.000000e+00,0.000000e+00
1.000000e+00,0.000000e+00,0.000000e+00,0.000000e+00,0.000000e+00,0.000000e+00,0.000000e+00,0.000000e+00,0.000000e+00,0.000000e+00,0.000000e+00,0.000000e+00,0.000000e+00,0.000000e+00,0.000000e+00
1.000000e+00,0.000000e+00,0.000000e+00,0.000000e+00,0.000000e+00,0.000000e+00,0.000000e+00,0.000000e+00,0.000000e+00,0.000000e+00,0.000000e+00,0.000000e+00,0.000000e+00,0.000000e+00,0.000000e+00
1.000000e+00,0.000000e+00,0.000000e+00,0.000000e+00,0.000000e+00,0.000000e+00,0.000000e+00,0.000000e+00,0.000000e+00,0.000000e+00,0.000000e+00,0.000000e+00,0.000000e+00,0.000000e+00,0.000000e+00
1.000000e+00,0.000000e+00,0.000000e+00,0.000000e+00,0.000000e+00,0.000000e+00,0.000000e+00,0.000000e+00,0.000000e+00,0.000000e+00,0.000000e+00,0.000000e+00,0.000000e+00,0.000000e+00,0.000000e+00
1.000000e+00,0.000000e+00,0.000000e+00,0.000000e+00,0.000000e+00,0.000000e+00,0.000000e+00,0.000000e+00,0.000000e+00,0.000000e+00,0.000000e+00,0.000000e+00,0.000000e+00,0.000000e+00,0.000000e+00
1.000000e+00,0.000000e+00,0.000000e+00,0.000000e+00,0.000000e+00,0.000000e+00,0.000000e+00,0.000000e+00,0.000000e+00,0.000000e+00,0.000000e+00,0.000000e+00,0.000000e+00,0.000000e+00,0.000000e+00
1.000000e+00,0.000000e+00,0.000000e+00,0.000000e+00,0.000000e+00,0.000000e+00,0.000000e+00,0.000000e+00,0.000000e+00,0.000000e+00,0.000000e+00,0.000000e+00,0.000000e+00,0.000000e+00,0.000000e+00
1.000000e+00,0.000000e+00,0.000000e+00,0.000000e+00,0.000000e+00,0.000000e+00,0.000000e+00,0.000000e+00,0.000000e+00,0.000000e+00,0.000000e+00,0.000000e+00,0.000000e+00,0.000000e+00,0.000000e+00
1.000000e+00,0.000000e+00,0.000000e+00,0.000000e+00,0.000000e+00,0.000000e+00,0.000000e+00,0.000000e+00,0.000000e+00,0.000000e+00,0.000000e+00,0.000000e+00,0.000000e+00,0.000000e+00,0.000000e+00
1.000000e+00,0.000000e+00,0.000000e+00,0.000000e+00,0.000000e+00,0.000000e+00,0.000000e+00,0.000000e+00,0.000000e+00,0.000000e+00,0.000000e+00,0.000000e+00,0.000000e+00,0.000000e+00,0.000000e+00
1.000000e+00,0.000000e+00,0.000000e+00,0.000000e+00,0.000000e+00,0.000000e+00,0.000000e+00,0.000000e+00,0.000000e+00,0.000000e+00,0.000000e+00,0.000000e+00,0.000000e+00,0.000000e+00,0.000000e+00
1.000000e+00,0.000000e+00,0.000000e+00,0.000000e+00,0.000000e+00,0.000000e+00,0.000000e+00,0.000000e+00,0.000000e+00,0.000000e+00,0.000000e+00,0.000000e+00,0.000000e+00,0.000000e+00,0.000000e+00
1.000000e+00,0.000000e+00,0.000000e+00,0.000000e+00,0.000000e+00,0.000000e+00,0.000000e+00,0.000000e+00,0.000000e+00,0.000000e+00,0.000000e+00,0.000000e+00,0.000000e+00,0.000000e+00,0.000000e+00
1.000000e+00,0.000000e+00,0.000000e+00,0.000000e+00,0.000000e+00,0.000000e+00,0.000000e+00,0.000000e+00,0.000000e+00,0.000000e+00,0.000000e+00,0.000000e+00,0.000000e+00,0.000000e+00,0.000000e+00
1.000000e+00,0.000000e+00,0.000000e+00,0.000000e+00,0.000000e+00,0.000000e+00,0.000000e+00,0.000000e+00,0.000000e+00,0.000000e+00,0.000000e+00,0.000000e+00,0.000000e+00,0.000000e+00,0.000000e+00
1.000000e+00,0.000000e+00,0.000000e+00,0.000000e+00,0.000000e+00,0.000000e+00,0.000000e+00,0.000000e+00,0.000000e+00,0.000000e+00,0.000000e+00,0.000000e+00,0.000000e+00,0.000000e+00,0.000000e+00
1.000000e+00,0.000000e+00,0.000000e+00,0.000000e+00,0.000000e+00,0.000000e+00,0.000000e+00,0.000000e+00,0.000000e+00,0.000000e+00,0.000000e+00,0.000000e+00,0.000000e+00,0.000000e+00,0.000000e+00
1.000000e+00,0.000000e+00,0.000000e+00,0.000000e+00,0.000000e+00,0.000000e+00,0.000000e+00,0.000000e+00,0.000000e+00,0.000000e+00,0.000000e+00,0.000000e+00,0.000000e+00,0.000000e+00,0.000000e+00
1.000000e+00,0.000000e+00,0.000000e+00,0.000000e+00,0.000000e+00,0.000000e+00,0.000000e+00,0.000000e+00,0.000000e+00,0.000000e+00,0.000000e+00,0.000000e+00,0.000000e+00,0.000000e+00,0.000000e+00
1.000000e+00,0.000000e+00,0.000000e+00,0.000000e+00,0.000000e+00,0.000000e+00,0.000000e+00,0.000000e+00,0.000000e+00,0.000000e+00,0.000000e+00,0.000000e+00,0.000000e+00,0.000000e+00,0.000000e+00
1.000000e+00,0.000000e+00,0.000000e+00,0.000000e+00,0.000000e+00,0.000000e+00,0.000000e+00,0.000000e+00,0.000000e+00,0.000000e+00,0.000000e+00,0.000000e+00,0.000000e+00,0.000000e+00,0.000000e+00
1.000000e+00,0.000000e+00,0.000000e+00,0.000000e+00,0.000000e+00,0.000000e+00,0.000000e+00,0.000000e+00,0.000000e+00,0.000000e+00,0.000000e+00,0.000000e+00,0.000000e+00,0.000000e+00,0.000000e+00
1.000000e+00,0.000000e+00,0.000000e+00,0.000000e+00,0.000000e+00,0.000000e+00,0.000000e+00,0.000000e+00,0.000000e+00,0.000000e+00,0.000000e+00,0.000000e+00,0.000000e+00,0.000000e+00,0.000000e+00
1.000000e+00,0.000000e+00,0.000000e+00,0.000000e+00,0.000000e+00,0.000000e+00,0.000000e+00,0.000000e+00,0.000000e+00,0.000000e+00,0.000000e+00,0.000000e+00,0.000000e+00,0.000000e+00,0.000000e+00
1.000000e+00,0.000000e+00,0.000000e+00,0.000000e+00,0.000000e+00,0.000000e+00,0.000000e+00,0.000000e+00,0.000000e+00,0.000000e+00,0.000000e+00,0.000000e+00,0.000000e+00,0.000000e+00,0.000000e+00
1.000000e+00,0.000000e+00,0.000000e+00,0.000000e+00,0.000000e+00,0.000000e+00,0.000000e+00,0.000000e+00,0.000000e+00,0.000000e+00,0.000000e+00,0.000000e+00,0.000000e+00,0.000000e+00,0.000000e+00
1.000000e+00,0.000000e+00,0.000000e+00,0.000000e+00,0.000000e+00,0.000000e+00,0.000000e+00,0.000000e+00,0.000000e+00,0.000000e+00,0.000000e+00,0.000000e+00,0.000000e+00,0.000000e+00,0.000000e+00
1.000000e+00,0.000000e+00,0.000000e+00,0.000000e+00,0.000000e+00,0.000000e+00,0.000000e+00,0.000000e+00,0.000000e+00,0.000000e+00,0.000000e+00,0.000000e+00,0.000000e+00,0.000000e+00,0.000000e+00
1.000000e+00,0.000000e+00,0.000000e+00,0.000000e+00,0.000000e+00,0.000000e+00,0.000000e+00,0.000000e+00,0.000000e+00,0.000000e+00,0.000000e+00,0.000000e+00,0.000000e+00,0.000000e+00,0.000000e+00
1.000000e+00,0.000000e+00,0.000000e+00,0.000000e+00,0.000000e+00,0.000000e+00,0.000000e+00,0.000000e+00,0.000000e+00,0.000000e+00,0.000000e+00,0.000000e+00,0.000000e+00,0.000000e+00,0.000000e+00
4.596962e-01,3.544138e-02,8.088926e-02,2.596705e-01,6.970614e-03,2.033662e-02,5.386937e-03,2.008872e-02,8.959785e-03,3.647978e-03,2.139504e-02,2.478662e-02,2.145708e-02,2.470694e-03,2.880256e-02
3.536673e-01,9.414070e-02,6.464615e-02,2.603426e-01,6.261715e-03,2.133753e-02,5.003589e-03,1.555093e-02,1.929844e-02,2.445694e-02,2.308432e-02,1.892289e-02,5.680354e-02,1.890363e-03,3.459300e-02
2.617919e-01,8.817388e-02,4.822728e-02,1.933738e-01,5.304327e-03,1.680099e-02,3.771043e-03,1.167168e-02,1.853894e-02,1.034649e-01,1.892278e-02,1.451420e-02,1.833502e-01,1.695026e-03,3.039895e-02
1.860843e-01,7.290943e-02,3.957995e-02,1.398598e-01,4.154153e-03,1.664105e-02,2.965659e-03,8.622645e-03,1.464950e-02,8.253315e-02,1.486129e-02,1.652817e-02,3.699082e-01,1.256076e-03,2.944662e-02
1.307049e-01,5.418397e-02,3.072423e-02,9.908683e-02,3.170826e-03,1.976180e-02,2.474300e-03,6.227952e-03,1.069012e-02,6.612185e-02,1.379628e-02,1.541622e-02,5.214314e-01,9.269350e-04,2.528236e-02
9.159939e-02,3.811621e-02,2.256947e-02,6.997085e-02,2.489220e-03,4.299990e-02,2.964431e-03,4.895495e-03,7.946633e-03,4.671307e-02,1.078480e-02,1.474403e-02,6.248921e-01,6.703135e-04,1.864420e-02
6.445529e-02,2.702563e-02,1.665557e-02,4.918524e-02,1.938867e-03,5.333475e-02,2.370353e-03,3.578237e-03,5.896951e-03,3.317837e-02,8.760662e-03,1.437430e-02,7.051253e-01,5.069448e-04,1.361359e-02
4.632231e-02,2.270639e-02,1.231291e-02,3.511556e-02,1.786405e-03,4.284517e-02,1.736411e-03,2.701713e-03,1.825608e-02,2.342753e-02,1.211858e-02,1.946702e-02,7.501988e-01,5.241506e-04,1.048102e-02
3.313890e-02,1.642017e-02,9.205831e-03,2.595870e-02,1.817137e-03,3.355610e-02,1.312752e-03,2.955707e-03,2.487909e-02,1.684189e-02,1.220587e-02,1.587981e-02,7.978035e-01,4.458651e-04,7.578683e-03
2.364003e-02,1.205401e-02,6.781913e-03,1.886080e-02,1.563437e-03,6.036147e-02,1.011689e-03,2.604828e-03,2.170246e-02,1.199374e-02,9.344215e-03,1.272284e-02,8.115072e-01,3.333423e-04,5.518004e-03
1.756725e-02,1.313261e-02,4.794632e-03,1.337854e-02,1.239746e-03,4.663858e-02,7.755596e-04,1.948642e-03,2.552871e-02,8.469816e-03,6.721825e-03,9.980927e-03,8.455735e-01,2.377784e-04,4.011830e-03
1.322944e-02,1.202737e-02,3.445792e-03,9.489667e-03,1.265728e-03,3.865905e-02,6.374113e-04,1.620848e-03,2.952313e-02,5.985116e-03,4.848814e-03,8.231126e-03,8.679273e-01,1.709305e-04,2.938225e-03
1.487361e-02,3.976792e-02,2.152495e-02,2.726776e-02,6.256000e-03,6.289138e-02,9.166989e-04,1.856252e-03,5.485275e-02,5.296065e-03,5.640521e-03,8.161588e-03,7.407533e-01,3.710994e-04,9.570124e-03
2.475106e-02,3.583056e-02,2.973926e-02,2.691405e-02,6.009270e-03,9.971046e-02,1.083486e-03,4.860942e-03,6.375463e-02,4.915663e-03,1.447157e-02,1.870731e-02,6.527110e-01,1.573640e-03,1.496702e-02
2.214780e-02,3.661463e-02,2.629817e-02,2.198759e-02,5.603690e-03,9.010469e-02,1.201592e-03,6.695284e-03,6.137905e-02,4.973462e-03,3.811445e-02,2.998804e-02,6.329319e-01,2.749805e-03,1.920984e-02
2.039190e-02,5.018468e-02,1.923863e-02,1.729950e-02,6.732223e-03,8.738276e-02,1.661678e-03,5.103478e-03,1.874952e-01,4.195420e-03,3.823219e-02,2.419334e-02,5.120388e-01,2.445104e-03,2.340514e-02
2.361704e-02,5.544245e-02,1.599458e-02,1.406978e-02,9.259297e-03,9.211469e-02,2.307452e-03,6.122533e-03,2.150823e-01,3.611841e-03,2.996153e-02,2.041294e-02,4.866806e-01,2.558987e-03,2.276397e-02
4.646166e-02,4.694552e-02,1.913122e-02,1.608311e-02,8.418711e-03,7.210774e-02,2.398338e-03,6.079404e-03,1.690361e-01,4.257554e-03,3.027139e-02,1.890593e-02,5.209275e-01,8.224104e-03,3.075164e-02
1.141072e-01,3.483138e-02,1.562962e-02,1.359833e-02,1.156348e-02,5.404488e-02,3.050216e-03,6.885690e-03,1.277632e-01,3.593027e-03,3.072621e-02,1.940463e-02,5.221059e-01,9.770190e-03,3.292598e-02
1.500304e-01,2.583208e-02,1.421898e-02,1.204682e-02,1.477680e-02,4.178020e-02,3.002057e-03,1.107970e-02,9.267286e-02,3.367062e-03,2.964847e-02,2.100320e-02,5.368937e-01,8.830061e-03,3.481763e-02
1.712378e-01,1.986277e-02,3.040326e-02,1.555592e-02,3.138945e-02,3.098647e-02,4.628262e-03,4.129742e-02,7.366394e-02,6.060572e-03,3.752758e-02,2.086819e-02,4.316427e-01,9.693900e-03,7.518181e-02
1.336115e-01,1.562350e-02,8.574001e-02,1.328142e-02,3.816708e-02,2.261299e-02,5.971419e-03,1.267153e-01,6.321587e-02,5.404058e-03,3.605508e-02,1.677497e-02,3.410636e-01,7.897694e-03,8.786552e-02
9.859756e-02,1.127737e-02,8.063132e-02,1.478954e-02,3.046572e-02,1.630998e-02,5.700383e-03,3.099015e-01,4.630408e-02,4.199157e-03,2.868251e-02,1.225386e-02,2.618251e-01,6.188714e-03,7.287329e-02
7.388366e-02,8.471029e-03,8.389640e-02,1.547033e-02,2.573641e-02,1.188069e-02,5.178875e-03,4.564740e-01,3.476209e-02,3.137608e-03,2.029778e-02,8.666800e-03,1.849389e-01,4.524662e-03,6.268079e-02
5.379784e-02,6.173040e-03,7.080197e-02,1.252901e-02,2.149134e-02,8.541685e-03,4.320484e-03,5.947794e-01,2.521508e-02,2.288554e-03,1.429226e-02,6.104850e-03,1.300793e-01,3.220513e-03,4.636477e-02
4.139494e-02,4.874064e-03,5.235877e-02,9.526640e-03,1.922612e-02,6.526844e-03,3.584903e-03,6.978581e-01,1.956238e-02,1.748743e-03,1.012920e-02,4.431691e-03,9.185678e-02,2.293626e-03,3.462720e-02
3.032358e-02,3.695039e-03,3.853496e-02,6.921935e-03,1.592720e-02,4.781233e-03,2.743775e-03,7.798072e-01,1.442062e-02,1.252672e-03,7.112026e-03,3.127077e-03,6.456126e-02,1.618458e-03,2.517296e-02
2.213063e-02,2.644025e-03,2.742209e-02,5.087254e-03,1.202654e-02,3.507498e-03,1.987405e-03,8.426716e-01,1.020756e-02,8.911901e-04,5.000405e-03,2.214468e-03,4.537553e-02,1.140687e-03,1.769307e-02
1.758838e-02,1.896244e-03,1.957400e-02,4.051076e-03,8.986427e-03,3.182720e-03,1.533267e-03,8.850115e-01,7.185823e-03,6.473726e-04,3.553105e-03,1.614815e-03,3.193925e-02,8.129941e-04,1.242307e-02
1.484353e-02,1.370181e-03,1.399442e-02,3.090099e-03,6.827135e-03,2.672883e-03,1.191554e-03,9.148701e-01,5.062852e-03,4.728539e-04,2.543621e-03,1.192738e-03,2.255116e-02,5.797667e-04,8.737139e-03
1.197779e-02,9.766240e-04,1.019056e-02,2.329982e-03,5.038738e-03,1.934272e-03,9.137501e-04,9.376833e-01,3.561857e-03,3.347631e-04,1.796530e-03,8.627944e-04,1.585588e-02,4.093492e-04,6.133734e-03
1.023234e-02,6.993117e-04,7.478729e-03,1.761083e-03,3.848140e-03,1.402128e-03,7.388630e-04,9.534532e-01,2.507507e-03,2.366949e-04,1.267906e-03,6.238989e-04,1.116072e-02,2.893498e-04,4.300072e-03
1.029122e-02,5.179071e-04,5.513820e-03,1.401264e-03,3.140386e-03,1.137710e-03,9.194481e-04,9.624496e-01,1.795035e-03,1.695770e-04,9.037741e-04,4.618751e-04,8.067806e-03,2.073665e-04,3.023268e-03
9.210113e-03,3.766797e-04,4.079567e-03,1.121721e-03,2.324834e-03,9.171536e-04,1.204416e-03,9.702070e-01,1.293661e-03,1.211771e-04,6.420274e-04,3.558175e-04,5.867810e-03,1.485367e-04,2.129593e-03
8.480838e-03,2.738468e-04,2.995472e-03,9.073784e-04,1.761979e-03,7.509072e-04,1.596662e-03,9.756039e-01,9.545425e-04,8.725265e-05,4.595424e-04,2.842469e-04,4.233610e-03,1.070873e-04,1.502786e-03
8.377045e-03,2.179438e-04,2.200374e-03,7.375698e-04,1.325726e-03,6.500958e-04,1.708899e-03,9.791280e-01,7.344158e-04,7.038158e-05,3.378591e-04,2.671403e-04,3.076962e-03,8.145959e-05,1.086187e-03
8.191106e-03,1.756638e-04,1.653389e-03,6.284636e-04,1.007879e-03,5.230528e-04,1.559016e-03,9.821050e-01,5.693026e-04,5.696777e-05,2.507719e-04,2.290939e-04,2.197521e-03,6.285503e-05,7.899457e-04
1.661145e-02,2.315504e-04,1.859935e-03,8.084960e-04,1.204935e-03,9.810305e-04,3.155750e-03,9.708897e-01,5.344354e-04,1.095791e-04,2.722529e-04,4.615060e-04,2.024887e-03,8.572634e-05,7.687522e-04
2.907227e-02,4.759298e-04,5.426068e-03,2.480645e-03,2.828490e-03,4.827789e-03,6.989982e-03,9.416435e-01,7.754256e-04,3.737433e-04,4.516930e-04,8.936954e-04,2.593530e-03,1.545402e-04,1.012625e-03
4.024227e-02,8.261412e-04,9.664621e-03,5.037663e-03,4.387302e-03,1.177758e-02,8.881929e-03,9.017174e-01,4.695453e-03,1.949524e-03,1.458810e-03,1.766796e-03,5.117541e-03,3.414632e-04,2.135478e-03
8.826189e-02,1.249934e-03,9.664977e-03,1.045200e-02,8.661733e-03,1.177143e-02,6.603391e-03,7.516929e-01,1.302858e-02,7.989813e-03,3.451458e-02,1.767749e-02,3.351611e-02,1.149441e-03,3.765775e-03
6.439663e-02,1.233014e-03,9.303859e-03,1.165073e-02,6.467678e-03,8.865684e-03,4.742223e-03,5.709127e-01,1.062861e-02,1.851256e-01,3.377832e-02,4.388103e-02,3.798809e-02,7.072825e-03,3.953044e-03
4.689659e-02,1.440265e-03,7.260951e-03,1.244050e-02,5.313815e-03,6.783930e-03,3.998663e-03,4.188181e-01,1.196474e-02,1.518650e-01,5.484027e-02,1.978521e-01,4.170298e-02,3.264075e-02,6.181304e-03
3.425514e-02,1.156817e-03,5.333047e-03,1.115279e-02,4.540535e-03,5.008986e-03,4.061876e-03,3.052543e-01,1.128388e-02,1.092069e-01,9.626965e-02,2.490078e-01,4.183739e-02,1.169666e-01,4.664339e-03
2.650071e-02,9.925721e-04,3.959561e-03,9.956682e-03,4.969999e-03,4.037440e-03,5.107256e-03,2.197342e-01,1.249058e-02,7.811430e-02,1.817977e-01,2.694015e-01,3.229897e-02,1.470520e-01,3.586499e-03
2.401072e-02,8.113190e-04,2.939621e-03,7.508059e-03,4.505865e-03,3.194675e-03,4.669237e-03,1.548996e-01,1.041770e-02,6.387225e-02,3.147000e-01,2.343493e-01,2.368444e-02,1.476185e-01,2.818723e-03
1.805981e-02,6.787830e-04,2.139403e-03,5.566102e-03,3.721799e-03,2.379163e-03,3.492236e-03,1.091747e-01,9.344886e-03,5.742913e-02,3.865350e-01,2.400973e-01,1.810560e-02,1.411121e-01,2.163982e-03
1.616557e-02,9.551516e-04,1.579564e-03,4.260112e-03,2.816180e-03,3.944715e-03,2.651614e-03,7.705688e-02,1.362551e-02,4.299789e-02,3.687662e-01,2.763942e-01,1.447278e-02,1.727068e-01,1.606791e-03
1.228206e-02,8.008473e-04,1.169288e-03,3.312333e-03,3.225960e-03,3.711476e-03,2.070751e-03,5.440390e-02,1.282187e-02,3.295966e-02,4.624129e-01,2.308041e-01,1.150274e-02,1.671406e-01,1.381529e-03
9.121632e-03,1.593348e-03,1.202379e-03,2.569955e-03,9.811499e-03,3.071582e-03,1.540148e-03,3.842481e-02,1.781867e-02,2.366480e-02,5.353857e-01,1.865165e-01,1.044549e-02,1.575083e-01,1.325254e-03
6.785534e-03,1.937763e-03,1.174169e-03,1.959813e-03,1.267976e-02,2.569320e-03,1.108126e-03,2.703235e-02,2.206782e-02,1.689150e-02,5.293658e-01,1.455825e-01,8.024469e-03,2.216042e-01,1.216829e-03
5.227040e-03,6.400570e-03,1.670889e-03,1.667829e-03,2.562289e-02,2.189972e-03,8.152424e-04,1.915779e-02,8.382399e-02,1.243682e-02,4.640233e-01,1.063181e-01,6.086021e-03,2.630267e-01,1.532757e-03
4.194536e-03,6.696866e-03,2.480486e-03,1.376481e-03,2.333450e-02,2.191755e-03,5.905100e-04,1.350874e-02,1.547916e-01,1.067182e-02,4.130748e-01,7.970832e-02,5.593738e-03,2.799622e-01,1.823649e-03
4.173590e-03,2.519145e-02,7.780901e-03,1.601818e-03,3.569155e-02,3.419982e-02,4.850228e-04,9.941511e-03,2.369120e-01,1.196146e-02,3.180149e-01,5.858902e-02,5.434816e-03,2.462845e-01,3.737540e-03
5.547067e-03,3.068264e-02,3.435977e-02,4.912472e-03,3.938388e-02,4.075649e-02,5.452129e-04,7.989819e-03,2.995455e-01,1.302423e-02,2.569731e-01,4.387217e-02,5.658926e-03,2.115364e-01,5.212194e-03
8.297457e-03,4.337800e-02,4.107123e-02,8.603532e-03,3.137148e-02,5.700212e-02,6.016496e-04,7.924677e-03,3.081430e-01,1.325725e-02,2.341897e-01,3.431410e-02,8.576844e-03,1.978113e-01,5.457577e-03
9.640876e-03,4.346909e-02,3.353916e-02,8.310637e-03,2.683371e-02,8.933234e-02,5.968593e-04,7.524146e-03,3.576365e-01,1.300947e-02,2.012903e-01,2.563182e-02,1.123513e-02,1.664847e-01,5.465280e-03
8.938353e-03,4.988619e-02,2.754255e-02,8.929895e-03,2.129569e-02,1.642227e-01,4.869925e-04,6.178179e-03,3.954013e-01,1.392432e-02,1.476007e-01,1.880131e-02,9.168594e-03,1.200299e-01,7.593370e-03
7.624301e-03,4.580167e-02,2.376904e-02,8.990221e-03,1.643082e-02,2.093468e-01,4.339161e-04,1.376114e-02,4.446712e-01,1.048689e-02,1.063739e-01,1.338658e-02,6.974310e-03,8.543797e-02,6.511154e-03
8.939544e-03,4.944634e-02,1.943061e-02,1.778327e-02,1.466738e-02,2.483308e-01,6.089903e-04,1.410958e-02,4.292072e-01,9.784703e-03,9.008926e-02,1.273070e-02,1.120592e-02,6.138736e-02,1.227830e-02
1.637775e-02,4.045543e-02,1.616835e-02,1.813531e-02,2.255853e-02,2.458107e-01,7.863165e-04,1.595533e-02,3.859702e-01,1.257647e-02,1.098380e-01,2.903060e-02,2.404114e-02,4.502058e-02,1.727522e-02
3.290037e-02,4.444417e-02,1.959305e-02,1.634430e-02,4.294154e-02,2.895190e-01,7.265009e-04,1.725445e-02,3.278345e-01,1.235858e-02,9.141818e-02,2.544223e-02,2.113063e-02,3.492583e-02,2.316671e-02
4.110714e-02,5.554019e-02,1.642065e-02,1.387941e-02,3.762941e-02,2.589162e-01,6.716012e-04,1.576323e-02,3.006517e-01,1.895485e-02,7.685003e-02,2.464393e-02,1.856211e-02,3.249908e-02,8.791048e-02
5.274846e-02,6.365273e-02,1.280446e-02,1.139408e-02,3.979976e-02,2.321591e-01,1.031174e-03,1.632987e-02,3.630759e-01,1.456033e-02,5.814753e-02,1.878928e-02,1.407734e-02,2.986118e-02,7.156882e-02
6.757815e-02,6.941230e-02,1.574820e-02,1.640861e-02,4.958070e-02,1.925988e-01,1.572975e-03,3.035265e-02,3.770840e-01,1.377308e-02,4.440237e-02,1.628043e-02,1.136734e-02,2.375505e-02,7.008544e-02
1.167263e-01,6.919093e-02,2.913319e-02,3.014940e-02,4.444810e-02,1.556728e-01,2.138399e-03,3.014881e-02,2.986291e-01,1.647136e-02,3.657419e-02,1.479112e-02,9.894291e-03,1.956349e-02,1.264686e-01
1.852044e-01,7.418200e-02,3.485109e-02,3.334828e-02,4.317991e-02,1.246687e-01,2.449755e-03,3.229963e-02,2.752514e-01,1.427132e-02,3.018191e-02,1.407396e-02,8.708585e-03,1.950587e-02,1.078232e-01
2.400266e-01,9.321858e-02,3.135183e-02,2.954617e-02,3.974659e-02,1.158453e-01,3.388158e-03,3.773299e-02,2.434286e-01,1.292634e-02,2.407368e-02,1.241904e-02,1.002055e-02,2.141625e-02,8.485928e-02
2.910292e-01,9.754921e-02,3.181286e-02,2.614077e-02,3.517606e-02,1.072540e-01,7.638300e-03,5.615154e-02,1.939926e-01,1.228240e-02,2.129253e-02,1.234895e-02,2.201133e-02,1.796275e-02,6.735758e-02
2.731716e-01,8.259162e-02,3.298220e-02,2.610081e-02,2.794261e-02,1.883031e-01,7.233287e-03,4.661979e-02,1.442100e-01,9.915764e-03,1.662168e-02,1.485890e-02,5.064314e-02,1.352833e-02,6.527723e-02
2.917016e-01,6.441980e-02,3.031664e-02,3.757140e-02,2.477138e-02,1.821057e-01,1.011058e-02,4.103025e-02,1.268860e-01,1.066953e-02,1.922671e-02,2.607690e-02,6.527972e-02,1.218705e-02,5.764692e-02
3.788486e-01,4.928239e-02,2.394163e-02,3.538145e-02,2.493707e-02,1.456138e-01,8.341571e-03,3.090523e-02,9.868656e-02,9.481896e-03,2.201271e-02,4.516470e-02,6.746773e-02,1.118826e-02,4.874649e-02
4.038922e-01,3.877563e-02,1.867362e-02,3.315851e-02,3.068944e-02,1.228214e-01,7.642763e-03,2.366856e-02,8.099966e-02,9.057092e-03,1.977065e-02,4.486830e-02,1.126179e-01,1.040217e-02,4.296212e-02
3.896447e-01,2.977186e-02,1.521021e-02,2.840114e-02,2.477036e-02,9.970099e-02,6.371637e-03,1.856071e-02,6.137153e-02,8.162145e-03,1.759311e-02,5.595532e-02,1.977697e-01,1.118672e-02,3.552980e-02
3.517816e-01,2.717457e-02,1.203782e-02,2.220435e-02,2.118535e-02,7.468699e-02,5.264725e-03,1.628237e-02,4.952326e-02,9.624980e-03,1.537407e-02,7.961041e-02,2.764704e-01,1.066867e-02,2.811038e-02
3.537646e-01,2.276012e-02,1.429048e-02,3.830545e-02,1.692287e-02,6.807104e-02,4.305240e-03,1.462063e-02,4.191578e-02,1.200748e-02,2.313805e-02,8.826506e-02,2.655907e-01,1.033986e-02,2.570262e-02
3.353602e-01,2.101183e-02,1.477912e-02,3.576031e-02,1.767266e-02,5.400304e-02,3.523178e-03,2.114490e-02,4.040689e-02,1.148596e-02,4.997863e-02,9.397373e-02,2.528889e-01,1.345921e-02,3.455143e-02
3.917457e-01,1.727487e-02,1.209484e-02,2.711744e-02,1.460077e-02,4.382422e-02,2.875007e-03,1.571628e-02,3.502062e-02,1.471281e-02,4.772818e-02,1.208538e-01,2.126524e-01,1.478332e-02,2.899978e-02
3.008904e-01,4.100041e-02,4.011290e-02,2.056132e-02,1.567522e-02,3.397002e-02,2.380678e-03,1.368628e-02,6.404448e-02,4.774216e-02,4.933617e-02,1.203072e-01,1.979446e-01,1.519381e-02,3.715433e-02
2.456815e-01,4.579548e-02,6.774145e-02,1.639554e-02,1.992908e-02,2.664286e-02,2.042582e-03,1.828949e-02,1.129446e-01,5.255615e-02,5.195691e-02,1.130244e-01,1.711996e-01,1.508278e-02,4.071757e-02
2.140187e-01,3.640967e-02,8.695698e-02,1.416301e-02,3.305888e-02,2.080850e-02,1.935944e-03,3.305565e-02,1.032077e-01,5.494465e-02,4.620545e-02,9.360600e-02,1.510221e-01,3.404015e-02,7.656653e-02
1.735504e-01,2.881648e-02,9.141666e-02,1.103806e-02,5.658797e-02,1.540739e-02,2.220046e-03,7.753854e-02,9.674037e-02,5.387650e-02,3.967571e-02,7.832457e-02,1.417052e-01,3.202133e-02,1.010808e-01
1.378822e-01,2.066637e-02,1.034491e-01,9.248961e-03,7.906385e-02,1.145146e-02,2.864147e-03,1.286688e-01,7.573815e-02,5.000116e-02,3.387023e-02,6.354205e-02,1.200513e-01,3.272446e-02,1.307777e-01
1.043402e-01,1.490081e-02,9.522069e-02,7.459034e-03,8.298901e-02,8.638199e-03,3.477238e-03,2.344639e-01,5.753755e-02,5.240136e-02,2.788000e-02,5.099352e-02,1.004041e-01,3.193981e-02,1.273546e-01
8.152834e-02,1.102184e-02,1.009450e-01,6.417044e-03,7.613612e-02,6.841051e-03,3.064238e-03,3.207132e-01,4.456988e-02,5.175075e-02,2.735251e-02,4.598901e-02,9.408883e-02,2.775839e-02,1.018238e-01
6.088911e-02,8.015895e-03,8.399034e-02,5.152425e-03,9.473920e-02,5.475992e-03,4.119503e-03,4.151616e-01,3.747924e-02,4.560173e-02,2.192547e-02,3.752897e-02,7.573973e-02,2.258566e-02,8.159515e-02
5.183141e-02,5.949348e-03,7.551503e-02,6.237258e-03,2.005067e-01,5.304845e-03,7.854801e-03,3.916614e-01,3.255090e-02,3.771311e-02,1.751969e-02,2.996784e-02,5.842331e-02,1.729610e-02,6.166826e-02
4.875562e-02,6.646652e-03,7.706539e-02,6.015505e-03,2.391354e-01,6.001829e-03,7.809434e-03,3.904556e-01,3.941809e-02,3.233702e-02,1.675968e-02,2.381095e-02,4.444834e-02,1.561864e-02,4.572183e-02
5.656856e-02,8.076087e-03,6.782737e-02,3.750446e-02,2.971728e-01,6.425732e-03,8.184018e-03,3.132920e-01,6.117218e-02,2.568829e-02,1.781326e-02,1.991549e-02,3.384268e-02,1.157949e-02,3.493757e-02
7.394281e-02,1.043335e-02,7.266074e-02,3.093079e-02,2.775480e-01,7.342403e-03,8.504849e-03,2.762912e-01,1.252345e-01,2.177590e-02,1.664124e-02,1.594951e-02,2.519212e-02,1.036989e-02,2.718270e-02
6.361167e-02,8.575186e-03,5.787309e-02,3.075183e-02,2.336856e-01,5.966332e-03,7.047204e-03,3.858069e-01,1.213775e-01,1.566599e-02,1.269392e-02,1.164089e-02,1.826729e-02,7.626318e-03,1.941019e-02
5.389141e-02,6.590990e-03,4.298860e-02,2.311996e-02,2.128573e-01,4.515421e-03,5.573699e-03,4.817721e-01,1.074170e-01,1.105064e-02,9.266593e-03,8.407384e-03,1.325485e-02,5.421033e-03,1.387300e-02
4.533282e-02,5.126333e-03,3.085537e-02,1.652160e-02,1.598895e-01,3.393626e-03,4.224711e-03,6.132549e-01,7.746488e-02,7.911253e-03,6.668967e-03,6.001695e-03,9.409992e-03,3.818374e-03,1.012596e-02
8.053175e-02,6.009344e-03,2.268317e-02,1.375031e-02,1.228873e-01,6.920666e-03,3.657722e-03,6.503271e-01,5.695718e-02,5.784876e-03,5.421832e-03,6.137469e-03,7.996468e-03,2.752595e-03,8.182240e-03
6.577499e-02,4.445134e-03,1.685763e-02,9.951910e-03,9.130951e-02,6.267604e-03,2.797550e-03,7.359730e-01,4.008023e-02,4.120222e-03,3.970201e-03,4.717409e-03,5.905249e-03,1.954090e-03,5.875302e-03
5.113987e-02,3.246656e-03,1.192871e-02,7.076863e-03,6.620414e-02,4.714590e-03,2.170371e-03,8.057671e-01,2.874851e-02,2.902264e-03,2.833196e-03,3.460467e-03,4.273161e-03,1.381231e-03,4.152913e-03
3.871280e-02,2.465082e-03,8.481067e-03,5.031052e-03,4.960548e-02,3.420296e-03,1.677579e-03,8.557767e-01,2.128260e-02,2.044049e-03,2.038420e-03,2.501894e-03,3.054634e-03,9.774941e-04,2.930811e-03
3.283500e-02,2.443139e-03,6.113954e-03,3.817773e-03,3.856954e-02,2.874786e-03,1.447368e-03,8.811296e-01,1.998376e-02,1.485049e-03,1.575448e-03,2.248834e-03,2.485011e-03,7.594510e-04,2.231351e-03
3.249868e-02,2.614913e-03,4.715320e-03,3.025907e-03,3.096690e-02,2.370797e-03,1.315538e-03,8.940355e-01,1.945591e-02,1.069474e-03,1.242273e-03,1.855142e-03,2.427558e-03,6.830950e-04,1.723089e-03
3.121335e-02,2.825708e-03,4.201854e-03,2.358791e-03,2.436477e-02,1.862617e-03,1.162550e-03,9.081012e-01,1.681180e-02,7.652399e-04,9.535593e-04,1.519058e-03,2.030156e-03,5.235747e-04,1.305773e-03
4.669525e-02,5.289841e-03,4.123988e-03,2.117930e-03,2.168205e-02,1.808225e-03,1.387843e-03,8.931757e-01,1.644933e-02,6.200849e-04,7.661016e-04,1.601162e-03,2.499539e-03,4.891934e-04,1.293731e-03
5.880349e-02,6.045279e-03,3.613690e-03,1.866167e-03,1.873664e-02,1.832075e-03,1.503093e-03,8.854616e-01,1.473205e-02,5.179179e-04,6.742948e-04,1.818552e-03,2.538534e-03,4.531895e-04,1.403368e-03
9.690438e-02,5.293103e-03,3.263772e-03,1.855153e-03,1.498097e-02,2.299351e-03,3.439818e-03,8.501974e-01,1.265482e-02,4.337030e-04,6.825466e-04,2.784174e-03,3.292850e-03,4.195400e-04,1.498436e-03
1.200052e-01,4.008853e-03,2.945337e-03,1.703606e-03,1.128971e-02,3.083761e-03,3.840107e-03,8.348010e-01,9.355949e-03,4.238544e-04,6.663143e-04,3.134387e-03,2.872510e-03,4.282393e-04,1.441243e-03
1.602495e-01,3.321830e-03,2.763767e-03,1.587346e-03,8.229337e-03,6.236812e-03,3.842105e-03,7.907152e-01,6.840322e-03,6.961668e-04,1.325657e-03,5.710141e-03,4.362774e-03,8.720762e-04,3.247081e-03
1.699429e-01,7.565821e-03,1.005366e-02,1.254129e-02,8.527809e-03,9.780095e-03,3.431550e-03,6.485565e-01,6.480910e-03,2.860065e-02,1.817544e-02,1.381241e-02,2.203092e-02,2.960610e-02,1.089402e-02
1.299147e-01,6.164989e-03,7.998174e-03,1.514493e-02,6.946824e-03,9.869041e-03,3.285948e-03,5.116771e-01,6.101569e-03,3.739892e-02,2.784982e-02,3.047250e-02,3.889658e-02,1.519155e-01,1.636338e-02
1.004876e-01,4.998788e-03,6.001556e-03,1.679851e-02,5.847227e-03,7.693029e-03,2.756286e-03,3.683389e-01,7.616724e-03,1.356668e-01,2.790273e-02,5.394795e-02,4.331932e-02,2.029410e-01,1.568355e-02
7.473119e-02,3.950615e-03,4.283663e-03,1.260435e-02,5.397995e-03,5.728804e-03,2.144680e-03,2.608183e-01,6.739024e-03,1.093913e-01,2.864548e-02,7.719120e-02,3.566457e-02,3.601731e-01,1.253565e-02
5.989517e-02,4.292439e-03,3.115458e-03,9.473351e-03,5.879057e-03,4.380444e-03,1.848125e-03,1.879023e-01,7.864056e-03,8.428422e-02,3.432481e-02,1.396175e-01,3.568701e-02,4.118037e-01,9.632391e-03
4.310681e-02,3.834575e-03,2.278842e-03,7.015884e-03,1.106468e-02,3.246100e-03,1.484909e-03,1.323814e-01,6.420205e-03,1.021977e-01,1.075801e-01,1.401256e-01,2.699016e-02,4.036383e-01,8.634593e-03
3.130972e-02,3.727847e-03,1.715209e-03,5.079153e-03,1.703037e-02,2.713525e-03,1.428853e-03,9.370000e-02,5.370139e-03,1.027457e-01,1.763136e-01,1.444214e-01,2.124488e-02,3.862082e-01,6.991349e-03
2.220196e-02,3.013350e-03,1.291227e-03,3.622937e-03,1.884916e-02,2.013416e-03,1.197516e-03,6.591565e-02,4.328304e-03,7.840965e-02,3.390071e-01,1.194875e-01,1.545718e-02,3.202344e-01,4.970571e-03
1.568217e-02,2.461555e-03,1.372358e-03,2.752210e-03,2.355899e-02,1.584431e-03,8.941873e-04,4.624892e-02,9.736228e-03,5.841422e-02,3.717895e-01,1.904778e-01,1.148113e-02,2.597484e-01,3.797793e-03
1.200843e-02,2.297111e-03,1.516483e-03,2.143742e-03,2.238280e-02,2.009637e-03,7.757377e-04,3.258864e-02,1.037222e-02,4.378068e-02,4.255585e-01,1.936739e-01,9.083661e-03,2.388061e-01,3.002257e-03
9.391668e-03,3.504972e-03,2.940977e-03,1.774478e-03,2.697154e-02,2.511530e-03,7.232253e-04,2.323686e-02,1.001195e-02,3.455827e-02,4.903974e-01,1.612044e-01,7.454449e-03,2.224381e-01,2.880158e-03
7.288724e-03,3.191384e-03,2.195367e-03,1.367008e-03,2.267060e-02,2.136393e-03,5.333459e-04,1.636086e-02,8.668250e-03,2.623323e-02,5.496424e-01,1.263012e-01,6.388503e-03,2.246151e-01,2.407670e-03
5.616082e-03,2.578903e-03,1.794243e-03,1.066179e-03,1.683267e-02,1.909189e-03,4.200698e-04,1.154744e-02,7.853208e-03,2.105201e-02,6.026034e-01,9.912649e-02,5.383462e-03,2.204494e-01,1.767222e-03
4.827352e-03,2.495681e-03,1.591122e-03,7.768873e-04,1.382940e-02,1.866143e-03,3.505599e-04,8.230760e-03,6.091867e-03,1.678768e-02,6.639321e-01,7.183009e-02,4.244300e-03,2.018320e-01,1.313949e-03
4.620999e-03,3.545802e-03,2.398438e-03,7.733220e-04,3.233575e-02,2.886094e-03,5.186290e-04,6.640285e-03,5.574034e-03,1.411890e-02,6.460550e-01,5.334010e-02,4.171640e-03,2.219248e-01,1.096208e-03
3.332186e-03,2.659243e-03,1.744900e-03,5.503710e-04,2.450779e-02,2.344803e-03,6.166865e-04,4.749384e-03,4.503282e-03,1.063645e-02,7.379349e-01,3.987962e-02,3.724560e-03,1.619250e-01,8.906929e-04
3.167971e-03,5.670149e-03,2.087427e-03,4.630903e-04,2.371681e-02,3.414355e-03,1.099877e-03,3.717781e-03,5.557886e-03,1.609398e-02,7.702803e-01,3.060460e-02,3.550932e-03,1.283416e-01,2.233175e-03
3.247514e-03,4.692948e-03,2.631806e-03,1.003762e-03,4.831666e-02,4.742417e-03,1.448037e-03,8.716567e-02,2.337748e-02,2.203257e-02,6.582263e-01,2.833329e-02,4.357607e-03,1.078758e-01,2.548146e-03
1.309288e-02,4.099950e-03,7.629933e-03,7.754661e-03,5.912491e-02,4.882068e-02,3.259963e-03,2.038687e-01,1.852393e-02,2.455873e-02,4.969769e-01,2.111406e-02,3.996412e-03,8.447303e-02,2.705259e-03
3.968870e-02,5.464856e-03,3.390900e-02,2.336560e-02,8.030934e-02,8.305873e-02,3.836695e-03,2.144044e-01,2.495984e-02,2.713861e-02,3.730792e-01,1.528873e-02,3.400100e-03,6.770715e-02,4.389061e-03
7.656711e-02,2.330776e-02,6.097013e-02,2.202959e-02,8.746214e-02,9.033763e-02,2.810694e-03,1.609272e-01,2.903121e-02,2.425033e-02,2.848550e-01,1.099329e-02,2.778567e-03,5.290787e-02,7.077151e-02
8.966464e-02,4.281314e-02,9.138503e-02,2.226767e-02,9.450047e-02,7.801276e-02,2.049686e-03,1.222677e-01,3.415940e-02,2.204244e-02,2.109973e-01,8.260983e-03,2.364208e-03,4.296227e-02,1.362524e-01
9.979297e-02,4.778943e-02,1.130161e-01,4.359227e-02,1.094705e-01,6.040118e-02,1.604478e-03,1.020059e-01,5.212671e-02,1.998004e-02,1.552480e-01,6.732309e-03,2.002832e-03,3.702940e-02,1.492078e-01
1.154252e-01,7.904392e-02,1.270569e-01,3.945981e-02,1.367192e-01,4.377855e-02,1.243827e-03,8.642979e-02,7.488786e-02,1.582636e-02,1.167249e-01,6.526290e-03,2.055031e-03,3.928371e-02,1.155388e-01
1.163637e-01,6.818407e-02,1.052890e-01,5.034758e-02,1.406478e-01,3.204918e-02,1.069079e-03,2.010414e-01,6.430218e-02,1.132029e-02,8.469651e-02,5.866270e-03,2.196301e-03,3.111999e-02,8.550673e-02
8.984718e-02,4.854923e-02,7.751066e-02,3.856537e-02,1.128344e-01,2.284729e-02,9.523172e-04,4.048837e-01,4.836593e-02,7.940622e-03,5.963899e-02,4.225308e-03,1.800464e-03,2.199707e-02,6.004148e-02
7.183503e-02,3.416464e-02,5.583287e-02,2.976305e-02,8.633506e-02,1.662659e-02,8.037448e-04,5.592663e-01,3.529772e-02,5.585559e-03,4.223445e-02,3.102928e-03,1.520120e-03,1.549076e-02,4.214118e-02
5.690052e-02,2.427982e-02,3.988003e-02,2.850730e-02,6.516834e-02,2.086426e-02,8.116548e-04,6.052078e-01,2.567381e-02,4.297442e-03,4.058924e-02,1.695262e-02,2.976982e-02,1.103154e-02,3.006581e-02
4.107913e-02,1.738369e-02,2.941131e-02,3.751828e-02,5.061118e-02,1.842326e-02,3.807859e-03,4.462756e-01,2.055188e-02,3.613703e-03,4.158534e-02,2.614960e-02,2.312020e-01,7.805974e-03,2.458122e-02
2.889680e-02,1.242547e-02,2.115437e-02,3.012943e-02,3.673355e-02,1.364950e-02,3.615930e-03,3.159976e-01,1.502298e-02,3.216918e-03,3.563685e-02,3.009548e-02,4.293925e-01,5.539904e-03,1.849279e-02
2.192241e-02,9.811891e-03,1.787566e-02,2.636252e-02,4.383346e-02,1.199783e-02,1.156164e-02,2.240000e-01,2.609958e-02,7.089404e-03,3.185163e-02,5.183492e-02,4.907914e-01,4.568904e-03,2.039870e-02
1.552004e-02,6.996689e-03,1.392604e-02,1.870827e-02,3.706565e-02,9.254133e-03,9.071968e-03,1.570380e-01,1.909525e-02,6.372084e-03,2.777013e-02,3.992509e-02,6.168714e-01,3.333636e-03,1.905166e-02
1.115989e-02,5.295447e-03,9.940556e-03,1.355149e-02,2.932777e-02,1.823425e-02,9.798977e-03,1.099736e-01,1.477765e-02,6.159910e-03,4.678602e-02,1.768206e-01,5.243093e-01,3.013994e-03,2.085060e-02
8.886059e-03,4.115964e-03,7.139300e-03,9.857699e-03,2.259780e-02,1.371814e-02,7.621039e-03,7.702789e-02,1.076747e-02,1.941474e-02,6.454472e-02,2.849519e-01,4.395805e-01,1.214511e-02,1.763174e-02
6.877678e-03,4.149103e-03,5.968151e-03,7.146975e-03,1.938174e-02,9.774121e-03,5.521413e-03,5.398426e-02,9.303662e-03,4.560597e-02,6.665169e-02,3.070002e-01,3.828507e-01,5.901812e-02,1.676631e-02
5.355002e-03,4.434246e-03,5.324438e-03,5.056218e-03,1.505477e-02,6.945851e-03,3.974187e-03,3.799300e-02,1.502111e-02,7.434512e-02,7.146144e-02,2.649251e-01,3.533027e-01,1.190847e-01,1.772220e-02
4.155626e-03,7.424640e-03,1.067467e-02,4.134368e-03,1.175005e-02,5.963390e-03,3.166296e-03,2.750004e-02,3.338094e-02,9.194663e-02,6.335111e-02,2.513990e-01,3.555888e-01,1.046149e-01,2.494947e-02
