1.000000e+00,0.000000e+00,0.000000e+00,0.000000e+00,0.000000e+00,0.000000e+00,0.000000e+00,0.000000e+00,0.000000e+00,0.000000e+00,0.000000e+00,0.000000e+00,0.000000e+00,0.000000e+00,0.000000e+00
1.000000e+00,0.000000e+00,0.000000e+00,0.000000e+00,0.000000e+00,0.000000e+00,0.000000e+00,0.000000e+00,0.000000e+00,0.000000e+00,0.000000e+00,0.000000e+00,0.000000e+00,0.000000e+00,0.000000e+00
1.000000e+00,0.000000e+00,0.000000e+00,0.000000e+00,0.000000e+00,0.000000e+00,0.000000e+00,0.000000e+00,0.000000e+00,0.000000e+00,0.000000e+00,0.000000e+00,0.000000e+00,0.000000e+00,0.000000e+00
1.000000e+00,0.000000e+00,0.000000e+00,0.000000e+00,0.000000e+00,0.000000e+00,0.000000e+00,0.000000e+00,0.000000e+00,0.000000e+00,0.000000e+00,0.000000e+00,0.000000e+00,0.000000e+00,0.000000e+00
1.000000e+00,0.000000e+00,0.000000e+00,0.000000e+00,0.000000e+00,0.000000e+00,0.000000e+00,0.000000e+00,0.000000e+00,0.000000e+00,0.000000e+00,0.000000e+00,0.000000e+00,0.000000e+00,0.000000e+00
1.000000e+00,0.000000e+00,0.000000e+00,0.000000e+00,0.000000e+00,0.000000e+00,0.000000e+00,0.000000e+00,0.000000e+00,0.000000e+00,0.000000e+00,0.000000e+00,0.000000e+00,0.000000e+00,0.000000e+00
1.000000e+00,0.000000e+00,0.000000e+00,0.000000e+00,0.000000e+00,0.000000e+00,0.000000e+00,0.000000e+00,0.000000e+00,0.000000e+00,0.000000e+00,0.000000e+00,0.000000e+00,0.000000e+00,0.000000e+00
1.000000e+00,0.000000e+00,0.000000e+00,0.000000e+00,0.000000e+00,0.000000e+00,0.000000e+00,0.000000e+00,0.000000e+00,0.000000e+00,0.000000e+00,0.000000e+00,0.000000e+00,0.000000e+00,0.000000e+00
1.000000e+00,0.000000e+00,0.000000e+00,0.000000e+00,0.000000e+00,0.000000e+00,0.000000e+00,0.000000e+00,0.000000e+00,0.000000e+00,0.000000e+00,0.000000e+00,0.000000e+00,0.000000e+00,0.000000e+00
1.000000e+00,0.000000e+00,0.000000e+00,0.000000e+00,0.000000e+00,0.000000e+00,0.000000e+00,0.000000e+00,0.000000e+00,0.000000e+00,0.000000e+00,0.000000e+00,0.000000e+00,0.000000e+00,0.000000e+00
1.000000e+00,0.000000e+00,0.000000e+00,0.000000e+00,0.000000e+00,0.000000e+00,0.000000e+00,0.000000e+00,0.000000e+00,0.000000e+00,0.000000e+00,0.000000e+00,0.000000e+00,0.000000e+00,0.000000e+00
1.000000e+00,0.000000e+00,0.000000e+00,0.000000e+00,0.000000e+00,0.000000e+00,0.000000e+00,0.000000e+00,0.000000e+00,0.000000e+00,0.000000e+00,0.000000e+00,0.000000e+00,0.000000e+00,0.000000e+00
1.000000e+00,0.000000e+00,0.000000e+00,0.000000e+00,0.000000e+00,0.000000e+00,0.000000e+00,0.000000e+00,0.000000e+00,0.000000e+00,0.000000e+00,0.000000e+00,0.000000e+00,0.000000e+00,0.000000e+00
1.000000e+00,0.000000e+00,0.000000e+00,0.000000e+00,0.000000e+00,0.000000e+00,0.000000e+00,0.000000e+00,0.000000e+00,0.000000e+00,0.000000e+00,0.000000e+00,0.000000e+00,0.000000e+00,0.000000e+00
1.000000e+00,0.000000e+00,0.000000e+00,0.000000e+00,0.000000e+00,0.000000e+00,0.000000e+00,0.000000e+00,0.000000e+00,0.000000e+00,0.000000e+00,0.000000e+00,0.000000e+00,0.000000e+00,0.000000e+00
1.000000e+00,0.000000e+00,0.000000e+00,0.000000e+00,0.000000e+00,0.000000e+00,0.000000e+00,0.000000e+00,0.000000e+00,0.000000e+00,0.000000e+00,0.000000e+00,0.000000e+00,0.000000e+00,0.000000e+00
1.000000e+00,0.000000e+00,0.000000e+00,0.000000e+00,0.000000e+00,0.000000e+00,0.000000e+00,0.000000e+00,0.000000e+00,0.000000e+00,0.000000e+00,0.000000e+00,0.000000e+00,0.000000e+00,0.000000e+00
1.000000e+00,0.000000e+00,0.000000e+00,0.000000e+00,0.000000e+00,0.000000e+00,0.000000e+00,0.000000e+00,0.000000e+00,0.000000e+00,0.000000e+00,0.000000e+00,0.000000e+00,0.000000e+00,0.000000e+00
1.000000e+00,0.000000e+00,0.000000e+00,0.000000e+00,0.000000e+00,0.000000e+00,0.000000e+00,0.000000e+00,0.000000e+00,0.000000e+00,0.000000e+00,0.000000e+00,0.000000e+00,0.000000e+00,0.000000e+00
1.000000e+00,0.000000e+00,0.000000e+00,0.000000e+00,0.000000e+00,0.000000e+00,0.000000e+00,0.000000e+00,0.000000e+00,0.000000e+00,0.000000e+00,0.000000e+00,0.000000e+00,0.000000e+00,0.000000e+00
1.000000e+00,0.000000e+00,0.000000e+00,0.000000e+00,0.000000e+00,0.000000e+00,0.000000e+00,0.000000e+00,0.000000e+00,0.000000e+00,0.000000e+00,0.000000e+00,0.000000e+00,0.000000e+00,0.000000e+00
1.000000e+00,0.000000e+00,0.000000e+00,0.000000e+00,0.000000e+00,0.000000e+00,0.000000e+00,0.000000e+00,0.000000e+00,0.000000e+00,0.000000e+00,0.000000e+00,0.000000e+00,0.000000e+00,0.000000e+00
1.000000e+00,0.000000e+00,0.000000e+00,0.000000e+00,0.000000e+00,0.000000e+00,0.000000e+00,0.000000e+00,0.000000e+00,0.000000e+00,0.000000e+00,0.000000e+00,0.000000e+00,0.000000e+00,0.000000e+00
1.000000e+00,0.000000e+00,0.000000e+00,0.000000e+00,0.000000e+00,0.000000e+00,0.000000e+00,0.000000e+00,0.000000e+00,0.000000e+00,0.000000e+00,0.000000e+00,0.000000e+00,0.000000e+00,0.000000e+00
1.000000e+00,0.000000e+00,0.000000e+00,0.000000e+00,0.000000e+00,0.000000e+00,0.000000e+00,0.000000e+00,0.000000e+00,0.000000e+00,0.000000e+00,0.000000e+00,0.000000e+00,0.000000e+00,0.000000e+00
1.000000e+00,0.000000e+00,0.000000e+00,0.000000e+00,0.000000e+00,0.000000e+00,0.000000e+00,0.000000e+00,0.000000e+00,0.000000e+00,0.000000e+00,0.000000e+00,0.000000e+00,0.000000e+00,0.000000e+00
1.000000e+00,0.000000e+00,0.000000e+00,0.000000e+00,0.000000e+00,0.000000e+00,0.000000e+00,0.000000e+00,0.000000e+00,0.000000e+00,0.000000e+00,0.000000e+00,0.000000e+00,0.000000e+00,0.000000e+00
1.000000e+00,0.000000e+00,0.000000e+00,0.000000e+00,0.000000e+00,0.000000e+00,0.000000e+00,0.000000e+00,0.000000e+00,0.000000e+00,0.000000e+00,0.000000e+00,0.000000e+00,0.000000e+00,0.000000e+00
1.000000e+00,0.000000e+00,0.000000e+00,0.000000e+00,0.000000e+00,0.000000e+00,0.000000e+00,0.000000e+00,0.000000e+00,0.000000e+00,0.000000e+00,0.000000e+00,0.000000e+00,0.000000e+00,0.000000e+00
1.000000e+00,0.000000e+00,0.000000e+00,0.000000e+00,0.000000e+00,0.000000e+00,0.000000e+00,0.000000e+00,0.000000e+00,0.000000e+00,0.000000e+00,0.000000e+00,0.000000e+00,0.000000e+00,0.000000e+00
1.000000e+00,0.000000e+00,0.000000e+00,0.000000e+00,0.000000e+00,0.000000e+00,0.000000e+00,0.000000e+00,0.000000e+00,0.000000e+00,0.000000e+00,0.000000e+00,0.000000e+00,0.000000e+00,0.000000e+00
1.000000e+00,0.000000e+00,0.000000e+00,0.000000e+00,0.000000e+00,0.000000e+00,0.000000e+00,0.000000e+00,0.000000e+00,0.000000e+00,0.000000e+00,0.000000e+00,0.000000e+00,0.000000e+00,0.000000e+00
1.000000e+00,0.000000e+00,0.000000e+00,0.000000e+00,0.000000e+00,0.000000e+00,0.000000e+00,0.000000e+00,0.000000e+00,0.000000e+00,0.000000e+00,0.000000e+00,0.000000e+00,0.000000e+00,0.000000e+00
1.000000e+00,0.000000e+00,0.000000e+00,0.000000e+00,0.000000e+00,0.000000e+00,0.000000e+00,0.000000e+00,0.000000e+00,0.000000e+00,0.000000e+00,0.000000e+00,0.000000e+00,0.000000e+00,0.000000e+00
1.000000e+00,0.000000e+00,0.000000e+00,0.000000e+00,0.000000e+00,0.000000e+00,0.000000e+00,0.000000e+00,0.000000e+00,0.000000e+00,0.000000e+00,0.000000e+00,0.000000e+00,0.000000e+00,0.000000e+00
1.000000e+00,0.000000e+00,0.000000e+00,0.000000e+00,0.000000e+00,0.000000e+00,0.000000e+00,0.000000e+00,0.000000e+00,0.000000e+00,0.000000e+00,0.000000e+00,0.000000e+00,0.000000e+00,0.000000e+00
1.000000e+00,0.000000e+00,0.000000e+00,0.000000e+00,0.000000e+00,0.000000e+00,0.000000e+00,0.000000e+00,0.000000e+00,0.000000e+00,0.000000e+00,0.000000e+00,0.000000e+00,0.000000e+00,0.000000e+00
1.000000e+00,0.000000e+00,0.000000e+00,0.000000e+00,0.000000e+00,0.000000e+00,0.000000e+00,0.000000e+00,0.000000e+00,0.000000e+00,0.000000e+00,0.000000e+00,0.000000e+00,0.000000e+00,0.000000e+00
1.000000e+00,0.000000e+00,0.000000e+00,0.000000e+00,0.000000e+00,0.000000e+00,0.000000e+00,0.000000e+00,0.000000e+00,0.000000e+00,0.000000e+00,0.000000e+00,0.000000e+00,0.000000e+00,0.000000e+00
1.000000e+00,0.000000e+00,0.000000e+00,0.000000e+00,0.000000e+00,0.000000e+00,0.000000e+00,0.000000e+00,0.000000e+00,0.000000e+00,0.000000e+00,0.000000e+00,0.000000e+00,0.000000e+00,0.000000e+00
1.000000e+00,0.000000e+00,0.000000e+00,0.000000e+00,0.000000e+00,0.000000e+00,0.000000e+00,0.000000e+00,0.000000e+00,0.000000e+00,0.000000e+00,0.000000e+00,0.000000e+00,0.000000e+00,0.000000e+00
1.000000e+00,0.000000e+00,0.000000e+00,0.000000e+00,0.000000e+00,0.000000e+00,0.000000e+00,0.000000e+00,0.000000e+00,0.000000e+00,0.000000e+00,0.000000e+00,0.000000e+00,0.000000e+00,0.000000e+00
1.000000e+00,0.000000e+00,0.000000e+00,0.000000e+00,0.000000e+00,0.000000e+00,0.000000e+00,0.000000e+00,0.000000e+00,0.000000e+00,0.000000e+00,0.000000e+00,0.000000e+00,0.000000e+00,0.000000e+00
1.000000e+00,0.000000e+00,0.000000e+00,0.000000e+00,0.000000e+00,0.000000e+00,0.000000e+00,0.000000e+00,0.000000e+00,0.000000e+00,0.000000e+00,0.000000e+00,0.000000e+00,0.000000e+00,0.000000e+00
1.000000e+00,0.000000e+00,0.000000e+00,0.000000e+00,0.000000e+00,0.000000e+00,0.000000e+00,0.000000e+00,0.000000e+00,0.000000e+00,0.000000e+00,0.000000e+00,0.000000e+00,0.000000e+00,0.000000e+00
1.000000e+00,0.000000e+00,0.000000e+00,0.000000e+00,0.000000e+00,0.000000e+00,0.000000e+00,0.000000e+00,0.000000e+00,0.000000e+00,0.000000e+00,0.000000e+00,0.000000e+00,0.000000e+00,0.000000e+00
1.000000e+00,0.000000e+00,0.000000e+00,0.000000e+00,0.000000e+00,0.000000e+00,0.000000e+00,0.000000e+00,0.000000e+00,0.000000e+00,0.000000e+00,0.000000e+00,0.000000e+00,0.000000e+00,0.000000e+00
1.000000e+00,0.000000e+00,0.000000e+00,0.000000e+00,0.000000e+00,0.000000e+00,0.000000e+00,0.000000e+00,0.000000e+00,0.000000e+00,0.000000e+00,0.000000e+00,0.000000e+00,0.000000e+00,0.000000e+00
1.000000e+00,0.000000e+00,0.000000e+00,0.000000e+00,0.000000e+00,0.000000e+00,0.000000e+00,0.000000e+00,0.000000e+00,0.000000e+00,0.000000e+00,0.000000e+00,0.000000e+00,0.000000e+00,0.000000e+00
1.000000e+00,0.000000e+00,0.000000e+00,0.000000e+00,0.000000e+00,0.000000e+00,0.000000e+00,0.000000e+00,0.000000e+00,0.000000e+00,0.000000e+00,0.000000e+00,0.000000e+00,0.000000e+00,0.000000e+00
1.000000e+00,0.000000e+00,0.000000e+00,0.000000e+00,0.000000e+00,0.000000e+00,0.000000e+00,0.000000e+00,0.000000e+00,0.000000e+00,0.000000e+00,0.000000e+00,0.000000e+00,0.000000e+00,0.000000e+00
1.000000e+00,0.000000e+00,0.000000e+00,0.000000e+00,0.000000e+00,0.000000e+00,0.000000e+00,0.000000e+00,0.000000e+00,0.000000e+00,0.000000e+00,0.000000e+00,0.000000e+00,0.000000e+00,0.000000e+00
1.000000e+00,0.000000e+00,0.000000e+00,0.000000e+00,0.000000e+00,0.000000e+00,0.000000e+00,0.000000e+00,0.000000e+00,0.000000e+00,0.000000e+00,0.000000e+00,0.000000e+00,0.000000e+00,0.000000e+00
1.000000e+00,0.000000e+00,0.000000e+00,0.000000e+00,0.000000e+00,0.000000e+00,0.000000e+00,0.000000e+00,0.000000e+00,0.000000e+00,0.000000e+00,0.000000e+00,0.000000e+00,0.000000e+00,0.000000e+00
1.000000e+00,0.000000e+00,0.000000e+00,0.000000e+00,0.000000e+00,0.000000e+00,0.000000e+00,0.000000e+00,0.000000e+00,0.000000e+00,0.000000e+00,0.000000e+00,0.000000e+00,0.000000e+00,0.000000e+00
1.000000e+00,0.000000e+00,0.000000e+00,0.000000e+00,0.000000e+00,0.000000e+00,0.000000e+00,0.000000e+00,0.000000e+00,0.000000e+00,0.000000e+00,0.000000e+00,0.000000e+00,0.000000e+00,0.000000e+00
1.000000e+00,0.000000e+00,0.000000e+00,0.000000e+00,0.000000e+00,0.000000e+00,0.000000e+00,0.000000e+00,0.000000e+00,0.000000e+00,0.000000e+00,0.000000e+00,0.000000e+00,0.000000e+00,0.000000e+00
1.000000e+00,0.000000e+00,0.000000e+00,0.000000e+00,0.000000e+00,0.000000e+00,0.000000e+00,0.000000e+00,0.000000e+00,0.000000e+00,0.000000e+00,0.000000e+00,0.000000e+00,0.000000e+00,0.000000e+00
3.902142e-01,1.624029e-01,9.483771e-03,7.030959e-02,4.968846e-02,2.666641e-01,1.184258e-02,6.470532e-03,4.212019e-03,1.594406e-03,4.493953e-03,7.054977e-03,8.875675e-03,8.964303e-04,5.796517e-03
2.837431e-01,2.185006e-01,7.945867e-03,4.957198e-02,3.911859e-02,3.095874e-01,8.730839e-03,4.768250e-03,2.292616e-02,1.664713e-02,4.809537e-03,5.089994e-03,8.458997e-03,3.291494e-03,1.680990e-02
2.036249e-01,2.286880e-01,6.514936e-03,3.499957e-02,3.487345e-02,3.774699e-01,6.415397e-03,3.539910e-03,3.874859e-02,1.918148e-02,7.415097e-03,4.025558e-03,7.402793e-03,8.318646e-03,1.878165e-02
1.497404e-01,2.121042e-01,5.321874e-03,2.487990e-02,3.457288e-02,4.311112e-01,4.853316e-03,2.668036e-03,5.000310e-02,1.975739e-02,8.673208e-03,3.617561e-03,6.901580e-03,1.978367e-02,2.601162e-02
1.564451e-01,1.692430e-01,1.001619e-02,1.943335e-02,3.122794e-02,3.407670e-01,3.607625e-03,2.636830e-03,7.584709e-02,1.810126e-02,1.158014e-02,3.632541e-03,7.459777e-03,7.902074e-02,7.098137e-02
1.650186e-01,1.434552e-01,1.491914e-02,2.078331e-02,2.637078e-02,2.648205e-01,2.863092e-03,2.908859e-03,1.024612e-01,1.514749e-02,1.464344e-02,5.525849e-03,1.052649e-02,9.083755e-02,1.197185e-01
1.706369e-01,1.035076e-01,1.253220e-02,1.607000e-02,2.255440e-02,2.255065e-01,2.165663e-03,2.779341e-03,9.549703e-02,1.445237e-02,1.318206e-02,5.733216e-03,1.194250e-02,1.158265e-01,1.876137e-01
2.122775e-01,8.041319e-02,1.045836e-02,1.362618e-02,2.745286e-02,2.093669e-01,1.892155e-03,2.676865e-03,7.461579e-02,1.467321e-02,1.270561e-02,5.408199e-03,1.084271e-02,1.189824e-01,2.046080e-01
1.566761e-01,6.465107e-02,8.499265e-03,1.149067e-02,2.246234e-02,1.804960e-01,1.453509e-03,1.965398e-03,9.464495e-02,2.368186e-02,1.223724e-02,4.275222e-03,9.018244e-03,1.509545e-01,2.574936e-01
1.122290e-01,5.090070e-02,6.300062e-03,1.123929e-02,1.648481e-02,1.323621e-01,1.150041e-03,1.469612e-03,1.593739e-01,2.027448e-02,1.410928e-02,4.771642e-03,1.703092e-02,1.181258e-01,3.341785e-01
7.968628e-02,3.774391e-02,4.473453e-03,9.256002e-03,1.172651e-02,9.355606e-02,8.591487e-04,1.183768e-03,2.908390e-01,1.691535e-02,1.931072e-02,4.411639e-03,3.245931e-02,8.783340e-02,3.097454e-01
5.583035e-02,3.220776e-02,3.573650e-03,1.229104e-02,8.340667e-03,6.551198e-02,6.177429e-04,8.733072e-04,4.881233e-01,1.194567e-02,1.393358e-02,3.174092e-03,2.339977e-02,6.162923e-02,2.185479e-01
4.044333e-02,4.352877e-02,3.543143e-03,1.418663e-02,6.480375e-03,4.657084e-02,5.449267e-04,9.629654e-04,5.461420e-01,1.164220e-02,1.212576e-02,3.974960e-03,2.200270e-02,5.078076e-02,1.970706e-01
2.945082e-02,7.387276e-02,5.880599e-03,2.232166e-02,5.056088e-03,3.305722e-02,5.385530e-04,8.184485e-04,5.262322e-01,1.471530e-02,1.037931e-02,4.050216e-03,1.973983e-02,4.303552e-02,2.108514e-01
2.131527e-02,1.334995e-01,1.584327e-02,3.371598e-02,4.213361e-03,2.391980e-02,4.642676e-04,6.442585e-04,4.632851e-01,2.737110e-02,8.436652e-03,3.240245e-03,1.553860e-02,3.562870e-02,2.128839e-01
1.525222e-02,1.702963e-01,2.223918e-02,3.097544e-02,3.236067e-03,1.714123e-02,3.708784e-04,4.778326e-04,3.942509e-01,3.283194e-02,6.590658e-03,2.745068e-03,1.462323e-02,3.170532e-02,2.572637e-01
1.091966e-02,2.473046e-01,3.560439e-02,3.159589e-02,2.354972e-03,1.216006e-02,2.692506e-04,3.819387e-04,3.427846e-01,3.856689e-02,6.124798e-03,2.825343e-03,1.174417e-02,2.614834e-02,2.312151e-01
8.029251e-03,3.594597e-01,2.829740e-02,2.787469e-02,1.686340e-03,8.724983e-03,1.987432e-04,3.601845e-04,2.995141e-01,2.975704e-02,6.509415e-03,2.840291e-03,1.213728e-02,2.010920e-02,1.945014e-01
6.119065e-03,3.258282e-01,2.330019e-02,2.768188e-02,1.267504e-03,6.374797e-03,1.885776e-04,5.667509e-04,2.932648e-01,2.192140e-02,1.091201e-02,3.467852e-03,9.367935e-02,1.446129e-02,1.709663e-01
4.710752e-03,3.012684e-01,1.790747e-02,2.820078e-02,9.435453e-04,5.443064e-03,1.539439e-04,5.767155e-04,3.410768e-01,1.595159e-02,9.859107e-03,3.689960e-03,1.221827e-01,1.132928e-02,1.367059e-01
3.697441e-03,2.762808e-01,1.383925e-02,2.263853e-02,7.177842e-04,5.731255e-03,1.725354e-04,1.819614e-03,3.406101e-01,1.180668e-02,1.066552e-02,4.069540e-03,1.371626e-01,8.962577e-03,1.618258e-01
3.078299e-03,2.379987e-01,1.254115e-02,1.793639e-02,6.010839e-04,5.741107e-03,1.925968e-04,2.015607e-03,4.374923e-01,9.454539e-03,9.121852e-03,6.203813e-03,1.146944e-01,8.778875e-03,1.341492e-01
2.272957e-02,1.758947e-01,1.289826e-02,1.625653e-02,6.421833e-03,7.982282e-03,1.131815e-03,2.731188e-03,5.022772e-01,7.884666e-03,9.960110e-03,6.788121e-03,1.101183e-01,8.692144e-03,1.082333e-01
4.792669e-02,1.313307e-01,1.035215e-02,1.330069e-02,2.229422e-02,1.172165e-02,4.270653e-03,3.172926e-03,5.062903e-01,7.102414e-03,9.226348e-03,5.733585e-03,1.346369e-01,7.377373e-03,8.526345e-02
4.750341e-02,1.082289e-01,8.555808e-03,1.096228e-02,1.967144e-02,1.352257e-02,3.527492e-03,4.797245e-03,3.976741e-01,6.270191e-03,7.265988e-03,9.196405e-03,2.833119e-01,6.577715e-03,7.293461e-02
3.809895e-02,8.342762e-02,7.737120e-03,8.053932e-03,1.918705e-02,1.491031e-02,3.030027e-03,7.297524e-03,3.101479e-01,4.911575e-03,5.786017e-03,1.647164e-02,4.130592e-01,5.950144e-03,6.193113e-02
3.450370e-02,6.141613e-02,7.787506e-03,6.108264e-03,1.928444e-02,1.390329e-02,1.959849e-02,1.432568e-01,2.411231e-01,3.729452e-03,6.396703e-03,1.258850e-02,3.398079e-01,5.268584e-03,8.522713e-02
4.163267e-02,4.391691e-02,9.378406e-03,5.102738e-03,1.963571e-02,1.475205e-02,7.196154e-02,2.674412e-01,1.731123e-01,2.913685e-03,5.660301e-03,9.430071e-03,2.500285e-01,4.059190e-03,8.097478e-02
4.033510e-02,3.283945e-02,1.318399e-02,4.080327e-03,1.762385e-02,1.549916e-02,1.031675e-01,3.728907e-01,1.242425e-01,2.453699e-03,4.652906e-03,6.996007e-03,1.904081e-01,2.977192e-03,6.864963e-02
4.064494e-02,2.640372e-02,2.575085e-02,4.309155e-03,1.709301e-02,5.301672e-02,1.263337e-01,3.418038e-01,8.888079e-02,2.727386e-03,4.592021e-03,7.065162e-03,2.026724e-01,2.328282e-03,5.637812e-02
3.839802e-02,2.205899e-02,2.488705e-02,3.446327e-03,1.382395e-02,5.926133e-02,2.253825e-01,3.079119e-01,6.821033e-02,2.340767e-03,4.069875e-03,5.467257e-03,1.786365e-01,1.684242e-03,4.442105e-02
6.873467e-02,3.393569e-02,2.824913e-02,1.638504e-02,1.683803e-02,6.722407e-02,1.799908e-01,3.239634e-01,5.318324e-02,8.642294e-03,7.620369e-03,1.070728e-02,1.364676e-01,1.745660e-03,4.631279e-02
1.237753e-01,3.344766e-02,2.354696e-02,1.695889e-02,1.619256e-02,1.098812e-01,1.370809e-01,2.345886e-01,4.195439e-02,8.786879e-03,1.190596e-02,1.172798e-02,1.803493e-01,1.639806e-03,4.816371e-02
1.125919e-01,2.760022e-02,1.719078e-02,1.430061e-02,1.643099e-02,1.159443e-01,9.919374e-02,1.673292e-01,3.152639e-02,7.182799e-03,1.160142e-02,1.066586e-02,3.222644e-01,1.387248e-03,4.479007e-02
8.706191e-02,2.843300e-02,1.997600e-02,1.685265e-02,2.557697e-02,1.074825e-01,7.113953e-02,1.179474e-01,2.668577e-02,6.962309e-03,9.374615e-03,1.022146e-02,4.302725e-01,1.244703e-03,4.076866e-02
7.877614e-02,2.131886e-02,1.475460e-02,1.667276e-02,2.000929e-02,1.246884e-01,5.038077e-02,8.302534e-02,2.036672e-02,5.773984e-03,1.207573e-02,1.099815e-02,4.989819e-01,9.965751e-04,4.118069e-02
6.258857e-02,6.322955e-02,3.090812e-02,5.893348e-02,2.534026e-02,1.086488e-01,3.704319e-02,5.837025e-02,3.021912e-02,1.210576e-02,9.886460e-03,1.410719e-02,4.407826e-01,1.285068e-03,4.655146e-02
6.675053e-02,4.657242e-02,2.509873e-02,5.340739e-02,2.135641e-02,1.010306e-01,2.898844e-02,4.287548e-02,4.267532e-02,1.029320e-02,1.470395e-02,9.910139e-02,4.070622e-01,2.254263e-03,3.782964e-02
1.118178e-01,3.679175e-02,1.889657e-02,4.178435e-02,1.773748e-02,9.621757e-02,2.788367e-02,3.723882e-02,4.927659e-02,9.040416e-03,2.258033e-02,1.100913e-01,3.868702e-01,3.177617e-03,3.059545e-02
1.934713e-01,2.947967e-02,1.477270e-02,3.146898e-02,1.620070e-02,7.508527e-02,2.474714e-02,2.710302e-02,4.389706e-02,8.409170e-03,1.888078e-02,1.090534e-01,3.780764e-01,3.063105e-03,2.629135e-02
2.789403e-01,2.228895e-02,1.146142e-02,2.469884e-02,1.483191e-02,7.050734e-02,1.998017e-02,1.983318e-02,3.464335e-02,6.997809e-03,1.674486e-02,9.472080e-02,3.592970e-01,2.683216e-03,2.237085e-02
2.541413e-01,1.725815e-02,9.373482e-03,1.938632e-02,1.560738e-02,5.566305e-02,1.650692e-02,1.454710e-02,3.232945e-02,1.444302e-02,3.119686e-02,8.043680e-02,4.016801e-01,2.754638e-03,3.467552e-02
3.370389e-01,1.507761e-02,1.464839e-02,1.854580e-02,1.742294e-02,5.682178e-02,1.605314e-02,1.871733e-02,2.623490e-02,1.386592e-02,2.887459e-02,7.102191e-02,3.288248e-01,3.137746e-03,3.371421e-02
3.650830e-01,1.584876e-02,1.259677e-02,1.894607e-02,2.353097e-02,5.898029e-02,1.266550e-02,1.480312e-02,2.356915e-02,1.158751e-02,2.325341e-02,7.125814e-02,3.166656e-01,3.099254e-03,2.811256e-02
3.024683e-01,2.781636e-02,1.284331e-02,1.732865e-02,6.944505e-02,5.906112e-02,1.709273e-02,1.150062e-02,2.127459e-02,8.681873e-03,1.753203e-02,5.639282e-02,3.540546e-01,2.459824e-03,2.204814e-02
2.298968e-01,2.963110e-02,1.220660e-02,1.458186e-02,1.207432e-01,6.845042e-02,1.567754e-02,8.709356e-03,1.760078e-02,6.145678e-03,1.290993e-02,4.421587e-02,4.007577e-01,1.881137e-03,1.659213e-02
1.757471e-01,1.028867e-01,2.626758e-02,8.181596e-02,1.137368e-01,7.596242e-02,1.194716e-02,7.430729e-03,1.827215e-02,6.058396e-03,1.028221e-02,3.468541e-02,3.092778e-01,1.444847e-03,2.418483e-02
1.428834e-01,7.966347e-02,2.923888e-02,7.111576e-02,1.195099e-01,7.117067e-02,1.018134e-02,1.196811e-02,2.454916e-02,4.727391e-03,8.354114e-03,2.592104e-02,3.765180e-01,1.091385e-03,2.310749e-02
1.226107e-01,6.031682e-02,2.450094e-02,5.380892e-02,9.890413e-02,7.649487e-02,8.520801e-03,9.607734e-03,2.451930e-02,3.409481e-03,6.292512e-03,1.905794e-02,4.729199e-01,8.867411e-04,1.814933e-02
1.183607e-01,5.258328e-02,2.014873e-02,4.327758e-02,7.367615e-02,8.183657e-02,6.436915e-03,8.780825e-03,2.665777e-02,2.970457e-03,5.040553e-03,1.426842e-02,5.260755e-01,9.283972e-04,1.895820e-02
1.395863e-01,5.820905e-02,4.992168e-02,6.477933e-02,6.168364e-02,7.209634e-02,5.812426e-03,1.004662e-02,3.311996e-02,3.930261e-03,4.406494e-03,1.270233e-02,4.603322e-01,9.609696e-04,2.241238e-02
1.296048e-01,4.657127e-02,2.218739e-01,6.592362e-02,4.610180e-02,5.695812e-02,5.014141e-03,1.146649e-02,2.610473e-02,6.536236e-03,3.986928e-03,1.091176e-02,3.447204e-01,9.184118e-04,2.330738e-02
1.466476e-01,3.579972e-02,2.968273e-01,6.257302e-02,4.100416e-02,6.644953e-02,1.460829e-02,1.799212e-02,2.038216e-02,5.317150e-03,3.426587e-03,8.636405e-03,2.626719e-01,7.441211e-04,1.692004e-02
2.153572e-01,2.784117e-02,2.446661e-01,5.627226e-02,3.348181e-02,1.313244e-01,1.497963e-02,2.717815e-02,1.716713e-02,4.602333e-03,3.126885e-03,7.390035e-03,2.021294e-01,7.698106e-04,1.371375e-02
2.497341e-01,2.631457e-02,2.123116e-01,4.465346e-02,3.493410e-02,1.494340e-01,3.534885e-02,2.998356e-02,2.059345e-02,3.887607e-03,2.841605e-03,6.627291e-03,1.700283e-01,7.719226e-04,1.253553e-02
2.410591e-01,2.686195e-02,1.645375e-01,3.410709e-02,3.295418e-02,1.973276e-01,4.470845e-02,2.642498e-02,2.440838e-02,3.890421e-03,2.449310e-03,6.354956e-03,1.820259e-01,8.829899e-04,1.200728e-02
1.828606e-01,2.105386e-02,1.296251e-01,2.511344e-02,2.821482e-02,1.734751e-01,8.160743e-02,2.210249e-02,2.233250e-02,4.397425e-03,2.308346e-03,5.219102e-03,2.885768e-01,9.627234e-04,1.215044e-02
1.511105e-01,2.096062e-02,1.256682e-01,2.373404e-02,2.354593e-02,1.948227e-01,6.509271e-02,1.711354e-02,2.041644e-02,2.454267e-02,3.700195e-03,8.068548e-03,2.807395e-01,1.501651e-03,3.898273e-02
1.587667e-01,2.272585e-02,1.010353e-01,2.362086e-02,1.850074e-02,1.590734e-01,5.252785e-02,1.479687e-02,1.866014e-02,3.491905e-02,4.408138e-03,9.073480e-03,2.676295e-01,1.641116e-03,1.126210e-01
1.462345e-01,1.938014e-02,8.099031e-02,1.787937e-02,1.455395e-02,1.164267e-01,4.193127e-02,1.234975e-02,1.533768e-02,4.072448e-02,5.539103e-03,1.036087e-02,2.357726e-01,1.437756e-03,2.410816e-01
1.322906e-01,1.479691e-02,6.301038e-02,1.342778e-02,1.145261e-02,8.344653e-02,3.182384e-02,9.515716e-03,1.204807e-02,3.479264e-02,5.186483e-03,1.288776e-02,3.060770e-01,1.236946e-03,2.680067e-01
1.138337e-01,2.866928e-02,7.372319e-02,1.804313e-02,2.087034e-02,6.206962e-02,2.434989e-02,9.135032e-03,2.888968e-02,2.840022e-02,4.356775e-03,1.134860e-02,3.454106e-01,1.228224e-03,2.296717e-01
1.401595e-01,2.834718e-02,6.005410e-02,1.532628e-02,1.843268e-02,5.663058e-02,2.173745e-02,2.033422e-02,4.979301e-02,2.098372e-02,4.269785e-03,1.088821e-02,3.215747e-01,9.797503e-04,2.304889e-01
1.259422e-01,4.139989e-02,4.478636e-02,1.275661e-02,1.475483e-02,8.590542e-02,1.652672e-02,1.810639e-02,9.349719e-02,1.567995e-02,5.492232e-03,1.408971e-02,3.301736e-01,8.169363e-04,1.800720e-01
9.416988e-02,6.500480e-02,4.622543e-02,1.559385e-02,1.222573e-02,8.163441e-02,1.378170e-02,1.427387e-02,1.022800e-01,1.319866e-02,6.067497e-03,1.451382e-02,3.832390e-01,9.197232e-04,1.368716e-01
6.793703e-02,1.042022e-01,5.944384e-02,1.883435e-02,9.671061e-03,8.324383e-02,1.204039e-02,1.109604e-02,1.223937e-01,1.165597e-02,9.570198e-03,1.914039e-02,3.685620e-01,1.014747e-03,1.011943e-01
7.236025e-02,1.265119e-01,5.250581e-02,1.829881e-02,9.976326e-03,1.034715e-01,9.782438e-03,1.093919e-02,1.461686e-01,9.686640e-03,1.238275e-02,2.367704e-02,3.255408e-01,1.322730e-03,7.737532e-02
6.495197e-02,1.393777e-01,9.962299e-02,8.290078e-02,1.200076e-02,8.451347e-02,7.539489e-03,8.485972e-03,1.549521e-01,1.504038e-02,1.439025e-02,2.049674e-02,2.374650e-01,1.122218e-03,5.714015e-02
9.849863e-02,1.408238e-01,7.654058e-02,6.665985e-02,1.132721e-02,1.052679e-01,6.678806e-03,8.302906e-03,1.573793e-01,1.599633e-02,2.111403e-02,1.893431e-02,2.135089e-01,2.252056e-03,5.671535e-02
9.574057e-02,1.273848e-01,6.021273e-02,1.213169e-01,1.271336e-02,8.326355e-02,4.899734e-03,6.652642e-03,2.308412e-01,1.367281e-02,2.030585e-02,1.571830e-02,1.553538e-01,2.118503e-03,4.980513e-02
2.173479e-01,9.595621e-02,4.813927e-02,1.005046e-01,1.133121e-02,8.809622e-02,3.963091e-03,5.955828e-03,2.061510e-01,1.378275e-02,1.983490e-02,1.407143e-02,1.287943e-01,2.776767e-03,4.329446e-02
3.512496e-01,7.908411e-02,3.616687e-02,7.485850e-02,1.006315e-02,7.762070e-02,3.219351e-03,5.330745e-03,1.716301e-01,1.125163e-02,1.937010e-02,1.918549e-02,1.003033e-01,3.174298e-03,3.749211e-02
2.821933e-01,7.864480e-02,7.472622e-02,1.341320e-01,7.392149e-03,5.619948e-02,2.304144e-03,5.039695e-03,2.109761e-01,1.141950e-02,1.637347e-02,1.493049e-02,7.310551e-02,2.840741e-03,2.972248e-02
3.025402e-01,6.226891e-02,7.533485e-02,1.121041e-01,7.389954e-03,4.958548e-02,2.021924e-03,1.308603e-02,1.906780e-01,1.057787e-02,3.187640e-02,1.837954e-02,8.592781e-02,5.548105e-03,3.268088e-02
2.946532e-01,4.896825e-02,6.169220e-02,8.328806e-02,1.173736e-02,4.586282e-02,3.369299e-03,2.427573e-02,2.674317e-01,8.115910e-03,3.196345e-02,1.994807e-02,6.724346e-02,4.919990e-03,2.653058e-02
2.792149e-01,3.741517e-02,1.772203e-01,8.269026e-02,1.735790e-02,3.896287e-02,3.697422e-03,2.699721e-02,2.027389e-01,6.422383e-03,2.604064e-02,2.304620e-02,5.392015e-02,4.225961e-03,2.004971e-02
4.047751e-01,2.982586e-02,1.469614e-01,6.320353e-02,1.775264e-02,3.869864e-02,3.200788e-03,2.049408e-02,1.499871e-01,5.838750e-03,2.342742e-02,2.925086e-02,4.130082e-02,4.900930e-03,2.038212e-02
3.471920e-01,3.775984e-02,1.604497e-01,5.397898e-02,2.562311e-02,3.568973e-02,3.323661e-03,2.001556e-02,1.779235e-01,1.090531e-02,2.666155e-02,2.536207e-02,3.971933e-02,6.702223e-03,2.869343e-02
2.663218e-01,3.923843e-02,2.196120e-01,5.482874e-02,2.983334e-02,2.871529e-02,3.981550e-03,2.046980e-02,1.626791e-01,3.007837e-02,3.130209e-02,2.445443e-02,4.408351e-02,7.203901e-03,3.719770e-02
1.988088e-01,5.400704e-02,1.864997e-01,6.945493e-02,2.929739e-02,2.258542e-02,3.169791e-03,1.799929e-02,2.347469e-01,3.514526e-02,3.593197e-02,2.721666e-02,4.265292e-02,8.096263e-03,3.438767e-02
1.548781e-01,8.744364e-02,1.414957e-01,6.151683e-02,2.737790e-02,1.817345e-02,2.768206e-03,1.622929e-02,3.378998e-01,3.174807e-02,2.862632e-02,2.127814e-02,3.357706e-02,6.637709e-03,3.034983e-02
1.366835e-01,8.633059e-02,1.089982e-01,7.182135e-02,2.977503e-02,1.624588e-02,2.882282e-03,1.418345e-02,4.130167e-01,2.760907e-02,2.171233e-02,1.574937e-02,2.496687e-02,4.956986e-03,2.506830e-02
1.349306e-01,1.236320e-01,1.038984e-01,7.209202e-02,4.488035e-02,1.730295e-02,4.195932e-03,1.285959e-02,3.809975e-01,2.573894e-02,1.624578e-02,1.136291e-02,1.929421e-02,4.231238e-03,2.833758e-02
1.396741e-01,1.352333e-01,1.165281e-01,1.029991e-01,3.929131e-02,1.436078e-02,3.931778e-03,1.287208e-02,3.152101e-01,4.136439e-02,1.345286e-02,8.593590e-03,1.465934e-02,3.834811e-03,3.799426e-02
2.034409e-01,1.174412e-01,9.349784e-02,1.036194e-01,4.625969e-02,1.423741e-02,3.805598e-03,4.471719e-02,2.751895e-01,3.048434e-02,1.396785e-02,7.778088e-03,1.216493e-02,4.111647e-03,2.928450e-02
2.711606e-01,1.371095e-01,7.131036e-02,8.329081e-02,5.615740e-02,1.581714e-02,3.786613e-03,4.126587e-02,2.300195e-01,2.352477e-02,1.510154e-02,8.703027e-03,1.156649e-02,4.617789e-03,2.656859e-02
2.736959e-01,1.584087e-01,6.084666e-02,1.004957e-01,5.144843e-02,1.377031e-02,3.346843e-03,5.808814e-02,1.909351e-01,1.802163e-02,1.793939e-02,1.337676e-02,1.044209e-02,4.616893e-03,2.456748e-02
2.448787e-01,2.084372e-01,4.802811e-02,8.227546e-02,5.237108e-02,1.080384e-02,2.847855e-03,7.734954e-02,2.014489e-01,1.349070e-02,1.557511e-02,1.136654e-02,8.128449e-03,3.656738e-03,1.934175e-02
2.179204e-01,2.866781e-01,3.867465e-02,6.356690e-02,5.280683e-02,8.206285e-03,2.217160e-03,8.437964e-02,1.905906e-01,9.865412e-03,1.236695e-02,8.738427e-03,6.121946e-03,2.770856e-03,1.509589e-02
2.488664e-01,2.828064e-01,3.131223e-02,5.541024e-02,5.384501e-02,6.893322e-03,1.999177e-03,8.544895e-02,1.891512e-01,7.134472e-03,1.071462e-02,7.240398e-03,4.966831e-03,2.268116e-03,1.194258e-02
3.309017e-01,2.546251e-01,2.587212e-02,4.563226e-02,4.724710e-02,5.777290e-03,1.822268e-03,7.043803e-02,1.783049e-01,5.430343e-03,9.461083e-03,7.095033e-03,4.212891e-03,2.213752e-03,1.096612e-02
4.144684e-01,2.041741e-01,3.090641e-02,4.277229e-02,4.602845e-02,5.326293e-03,1.747693e-03,6.281438e-02,1.540504e-01,4.139869e-03,9.062739e-03,8.348756e-03,4.490050e-03,2.436220e-03,9.233964e-03
1.000000e+00,0.000000e+00,0.000000e+00,0.000000e+00,0.000000e+00,0.000000e+00,0.000000e+00,0.000000e+00,0.000000e+00,0.000000e+00,0.000000e+00,0.000000e+00,0.000000e+00,0.000000e+00,0.000000e+00
1.000000e+00,0.000000e+00,0.000000e+00,0.000000e+00,0.000000e+00,0.000000e+00,0.000000e+00,0.000000e+00,0.000000e+00,0.000000e+00,0.000000e+00,0.000000e+00,0.000000e+00,0.000000e+00,0.000000e+00
4.351529e-01,9.264573e-02,2.431598e-01,2.191241e-02,1.772520e-02,4.531845e-03,1.296518e-03,2.925481e-02,6.187327e-02,5.653972e-03,4.551037e-02,6.539930e-03,3.064838e-03,2.553003e-02,6.148429e-03
3.092570e-01,6.827502e-02,2.588070e-01,1.697409e-02,1.255591e-02,5.486093e-03,9.298513e-04,2.073119e-02,4.534125e-02,7.280442e-03,1.659151e-01,5.395930e-03,2.714501e-03,7.174835e-02,8.588242e-03
2.178732e-01,4.800205e-02,1.818702e-01,1.199679e-02,8.930213e-03,4.634799e-03,6.840767e-04,1.464805e-02,3.235207e-02,8.627764e-03,3.335656e-01,5.229162e-03,2.256097e-03,1.226478e-01,6.682164e-03
1.526738e-01,3.368048e-02,1.293434e-01,8.416052e-03,6.275782e-03,3.708236e-03,4.909293e-04,1.027037e-02,2.275573e-02,7.819877e-03,4.875824e-01,3.957726e-03,1.634884e-03,1.266244e-01,4.765938e-03
1.073175e-01,2.401937e-02,9.326028e-02,5.991675e-03,4.453889e-03,3.413822e-03,3.750504e-04,7.236180e-03,1.608907e-02,8.513154e-03,6.015611e-01,3.108117e-03,1.232160e-03,1.197833e-01,3.645326e-03
7.726300e-02,1.796839e-02,6.701605e-02,5.715572e-03,4.370675e-03,5.292536e-03,5.846369e-04,5.511902e-03,1.187999e-02,1.711877e-02,6.242055e-01,4.748290e-03,1.138234e-03,1.543618e-01,2.824656e-03
5.452712e-02,1.332549e-02,4.731802e-02,4.384252e-03,1.294533e-02,4.653787e-03,6.461359e-04,3.940812e-03,9.912432e-03,3.084202e-02,6.053272e-01,6.493239e-03,1.067316e-03,2.022465e-01,2.370229e-03
3.843667e-02,9.755380e-03,3.347801e-02,3.205026e-03,1.087570e-02,3.624788e-03,5.723115e-04,2.848285e-03,9.035907e-03,4.115117e-02,6.015932e-01,8.682353e-03,9.103781e-04,2.338833e-01,1.947458e-03
2.766825e-02,7.142068e-03,2.371814e-02,2.486024e-03,1.063481e-02,3.655723e-03,4.819686e-04,2.130280e-03,1.186484e-02,4.606402e-02,6.069821e-01,1.009288e-02,7.977624e-04,2.440923e-01,2.188833e-03
2.111213e-02,5.768918e-03,1.752881e-02,2.477703e-03,1.311428e-02,4.104381e-03,5.838909e-04,2.030488e-03,1.281289e-02,4.401527e-02,6.077896e-01,1.126014e-02,8.080711e-04,2.531599e-01,3.433461e-03
1.558845e-02,4.933656e-03,1.261733e-02,1.965268e-03,1.010025e-02,4.389149e-03,4.994702e-04,1.478670e-03,1.052974e-02,7.126974e-02,6.309786e-01,1.066379e-02,1.001218e-03,2.199041e-01,4.080472e-03
2.114989e-02,6.311846e-03,1.395861e-02,2.831612e-03,9.647298e-03,8.307584e-03,9.595869e-04,2.162889e-03,1.177008e-02,7.821930e-02,5.988526e-01,1.105887e-02,1.183131e-03,2.269488e-01,6.637861e-03
3.162510e-02,5.536793e-03,2.135142e-02,3.663570e-03,7.665241e-03,1.490478e-02,2.996638e-03,5.512381e-03,1.362525e-02,7.690974e-02,5.512189e-01,1.042516e-02,1.222526e-03,2.472665e-01,6.076046e-03
2.531638e-02,5.906584e-03,2.107367e-02,3.668193e-03,6.073175e-03,2.388790e-02,2.619297e-03,6.680782e-03,3.559752e-02,6.680539e-02,5.279933e-01,8.654667e-03,1.056782e-03,2.600738e-01,4.592593e-03
2.106972e-02,9.423486e-03,1.616516e-02,3.185383e-03,5.855593e-03,4.390299e-02,1.899747e-03,5.029071e-03,6.598714e-02,5.971477e-02,5.236751e-01,6.760284e-03,9.812823e-04,2.323996e-01,3.950632e-03
1.707251e-02,1.147988e-02,1.948333e-02,6.536168e-03,9.188872e-03,4.570698e-02,1.459375e-03,4.786794e-03,1.421416e-01,5.930208e-02,4.647333e-01,5.770868e-03,1.464970e-03,2.061306e-01,4.742648e-03
1.418852e-02,1.099638e-02,3.576408e-02,6.048884e-03,9.472770e-03,6.056147e-02,1.080433e-03,4.121172e-03,1.471035e-01,6.303468e-02,4.560895e-01,5.235474e-03,1.380425e-03,1.791378e-01,5.784918e-03
2.392836e-02,9.745646e-03,5.106081e-02,6.875567e-03,1.080791e-02,1.291686e-01,9.515093e-04,4.408801e-03,1.894261e-01,5.718480e-02,3.475350e-01,4.046883e-03,1.597212e-03,1.540392e-01,9.223676e-03
4.446029e-02,1.343846e-02,5.783099e-02,6.019454e-03,1.812018e-02,1.756001e-01,1.001327e-03,3.642044e-03,1.834531e-01,4.553631e-02,2.791774e-01,3.253578e-03,2.024945e-03,1.573763e-01,9.065630e-03
4.411583e-02,2.048271e-02,5.764205e-02,6.908560e-03,3.696968e-02,2.371808e-01,1.590615e-03,3.543994e-03,1.887000e-01,3.561103e-02,2.243344e-01,2.703502e-03,2.322981e-03,1.301102e-01,7.783724e-03
3.978117e-02,2.125299e-02,6.135033e-02,1.983889e-02,5.368324e-02,2.897671e-01,1.533506e-03,3.643712e-03,1.799841e-01,2.804623e-02,1.803001e-01,2.306381e-03,2.142101e-03,1.095980e-01,6.772134e-03
4.373915e-02,1.822938e-02,6.149385e-02,2.231526e-02,4.493029e-02,2.417051e-01,1.221612e-03,3.090068e-03,1.824716e-01,2.940520e-02,2.260492e-01,5.324457e-03,2.033889e-03,1.103931e-01,7.597893e-03
6.515793e-02,1.788896e-02,7.605484e-02,2.721011e-02,4.127074e-02,1.802797e-01,1.740477e-03,3.661311e-03,2.172627e-01,2.199696e-02,2.074725e-01,5.995709e-03,2.519637e-03,1.224156e-01,9.072736e-03
1.099347e-01,2.031751e-02,1.142948e-01,3.529654e-02,4.017614e-02,1.322737e-01,1.819106e-03,3.776505e-03,1.966510e-01,2.556787e-02,1.885548e-01,6.501625e-03,3.272976e-03,1.027256e-01,1.883731e-02
1.179662e-01,2.289431e-02,1.799537e-01,5.671514e-02,3.618003e-02,1.001937e-01,1.667636e-03,4.601972e-03,1.565275e-01,3.417905e-02,1.445261e-01,1.000619e-02,6.597686e-03,7.521618e-02,5.277472e-02
8.347747e-02,1.842857e-02,1.344057e-01,4.015543e-02,2.579164e-02,7.090192e-02,1.173165e-03,3.311550e-03,1.176428e-01,3.255449e-02,1.032903e-01,7.215404e-03,6.157675e-03,8.021838e-02,2.752754e-01
6.043439e-02,1.687732e-02,9.698953e-02,2.873616e-02,1.850653e-02,5.073715e-02,8.316544e-04,2.450079e-03,1.040833e-01,3.100921e-02,7.888518e-02,5.646717e-03,8.948168e-03,8.591560e-02,4.099490e-01
4.273076e-02,1.364709e-02,6.941040e-02,2.092176e-02,1.305314e-02,3.567052e-02,6.012527e-04,1.768883e-03,1.529942e-01,3.865655e-02,6.011549e-02,5.733581e-03,7.257997e-03,8.020246e-02,4.572360e-01
3.070710e-02,9.911126e-03,4.886755e-02,1.550755e-02,9.229887e-03,2.596720e-02,4.393959e-04,1.411932e-03,1.495142e-01,5.506300e-02,6.900039e-02,2.336227e-02,3.005512e-02,6.828929e-02,4.626741e-01
2.345796e-02,8.962628e-03,3.517572e-02,1.367977e-02,9.518164e-03,1.920982e-02,4.188055e-04,1.295969e-03,1.962976e-01,9.803996e-02,7.038791e-02,1.989538e-02,3.709773e-02,6.021839e-02,4.063442e-01
1.731509e-02,8.700212e-03,2.758480e-02,1.394837e-02,7.848793e-03,1.477913e-02,5.185911e-04,4.237757e-03,2.826891e-01,8.160310e-02,7.325672e-02,1.541236e-02,3.318128e-02,7.675942e-02,3.421654e-01
1.388923e-02,8.903984e-03,2.062237e-02,1.310656e-02,7.708855e-03,1.470124e-02,6.843533e-04,1.621924e-02,2.613822e-01,6.300925e-02,8.864081e-02,1.199809e-02,2.826677e-02,1.760751e-01,2.747920e-01
1.610408e-02,1.263141e-02,1.618373e-02,1.132111e-02,1.025493e-02,1.318509e-02,1.925069e-03,2.447367e-02,2.529003e-01,4.571324e-02,6.840954e-02,9.004529e-03,2.517087e-02,2.015451e-01,2.911774e-01
1.289146e-02,1.333297e-02,1.537539e-02,1.222379e-02,1.062124e-02,9.930352e-03,1.963988e-03,2.694964e-02,2.900866e-01,3.456955e-02,5.213458e-02,7.158641e-03,2.292208e-02,1.528262e-01,3.370136e-01
1.211563e-02,1.475203e-02,2.895180e-02,1.962397e-02,1.212174e-02,8.007398e-03,1.699941e-03,2.626796e-02,3.359687e-01,2.544092e-02,3.963548e-02,5.662451e-03,2.056737e-02,1.111629e-01,3.380218e-01
1.769762e-02,1.756144e-02,2.645642e-02,1.573207e-02,1.592540e-02,6.973612e-03,1.270031e-03,2.052840e-02,2.589857e-01,2.014920e-02,2.986987e-02,4.238729e-03,1.548437e-02,8.208995e-02,4.670373e-01
1.995907e-02,1.868176e-02,3.597084e-02,6.131890e-02,3.874834e-02,6.230802e-03,1.160143e-03,3.622324e-02,2.148320e-01,1.538334e-02,2.184964e-02,3.252367e-03,1.219645e-02,5.826346e-02,4.559297e-01
1.684950e-02,1.810620e-02,4.480445e-02,1.404272e-01,3.436683e-02,5.054727e-03,8.884025e-04,2.736741e-02,1.793206e-01,1.366328e-02,4.446966e-02,3.136132e-03,1.614945e-02,4.111338e-02,4.142827e-01
1.204486e-02,1.443277e-02,3.504686e-02,1.238389e-01,2.756775e-02,3.790352e-03,6.546925e-04,1.955289e-02,1.463198e-01,1.881503e-02,1.404568e-01,3.362225e-03,3.797237e-02,2.968841e-02,3.864564e-01
1.446976e-02,1.332957e-02,4.006648e-02,1.156538e-01,3.151012e-02,6.175214e-03,5.653622e-04,1.443672e-02,1.381066e-01,2.023396e-02,1.536834e-01,3.985628e-03,5.055480e-02,2.562290e-02,3.716057e-01
1.150395e-02,9.808802e-03,3.556373e-02,9.256712e-02,2.625451e-02,5.398650e-03,7.060979e-04,1.122977e-02,1.099269e-01,2.893886e-02,2.365517e-01,8.457283e-03,7.746746e-02,2.177770e-02,3.238474e-01
1.208506e-02,8.220220e-03,3.496663e-02,7.800634e-02,2.860521e-02,5.759175e-03,6.856316e-04,9.139116e-03,9.105457e-02,5.329580e-02,2.862387e-01,7.180911e-03,7.243833e-02,3.084678e-02,2.814775e-01
1.271071e-02,8.932281e-03,3.144399e-02,5.689321e-02,2.690206e-02,5.385754e-03,9.040406e-04,7.915321e-03,7.403629e-02,9.856221e-02,2.522075e-01,6.057025e-03,6.446236e-02,5.433144e-02,2.992558e-01
1.380763e-02,8.162807e-03,2.492336e-02,4.110090e-02,2.192203e-02,6.547797e-03,8.355290e-04,6.376460e-03,5.666045e-02,1.979278e-01,2.437505e-01,7.946384e-03,5.263737e-02,6.539065e-02,2.520103e-01
1.996058e-02,7.844708e-03,1.972164e-02,3.010588e-02,1.716309e-02,9.549777e-03,7.128739e-04,4.765348e-03,4.419243e-02,2.312382e-01,2.923791e-01,1.640440e-02,4.335448e-02,5.888364e-02,2.037238e-01
3.399545e-02,7.733845e-03,2.137721e-02,2.203142e-02,1.319064e-02,1.873991e-02,1.185430e-03,4.471578e-03,3.479648e-02,2.062292e-01,3.703837e-01,2.266217e-02,3.667944e-02,5.797718e-02,1.485463e-01
6.110375e-02,6.900332e-03,1.860789e-02,1.627169e-02,1.091381e-02,3.657477e-02,1.876491e-03,6.433924e-03,2.651695e-02,2.938540e-01,3.118209e-01,1.890002e-02,2.790304e-02,5.398918e-02,1.083332e-01
5.829811e-02,5.346500e-03,1.485681e-02,1.209487e-02,8.465066e-03,2.983993e-02,1.819191e-03,8.279569e-03,1.940894e-02,4.077783e-01,2.814797e-01,1.352899e-02,1.999626e-02,4.194050e-02,7.686713e-02
8.361505e-02,7.605077e-03,1.972627e-02,1.346717e-02,8.100638e-03,4.234596e-02,1.710595e-03,9.682457e-03,1.700901e-02,3.860447e-01,2.900376e-01,1.263308e-02,1.521838e-02,3.658066e-02,5.622336e-02
1.037830e-01,1.539845e-02,2.851039e-02,1.808670e-02,7.571238e-03,4.139965e-02,1.464353e-03,9.460625e-03,2.177313e-02,3.777635e-01,2.733700e-01,1.607966e-02,1.184874e-02,3.183689e-02,4.165367e-02
1.006290e-01,2.440477e-02,6.342944e-02,4.135808e-02,1.023965e-02,3.942865e-02,1.282382e-03,1.256711e-02,3.411075e-02,3.613009e-01,2.196450e-01,2.115289e-02,1.078314e-02,2.730667e-02,3.236156e-02
8.808786e-02,2.524280e-02,5.676364e-02,3.491994e-02,1.080327e-02,3.008530e-02,1.194474e-03,1.477456e-02,4.150885e-02,4.214368e-01,1.962796e-01,1.881443e-02,1.077698e-02,2.565578e-02,2.365569e-02
