1.000000e+00,0.000000e+00,0.000000e+00,0.000000e+00,0.000000e+00,0.000000e+00,0.000000e+00,0.000000e+00,0.000000e+00,0.000000e+00,0.000000e+00,0.000000e+00,0.000000e+00,0.000000e+00,0.000000e+00
1.000000e+00,0.000000e+00,0.000000e+00,0.000000e+00,0.000000e+00,0.000000e+00,0.000000e+00,0.000000e+00,0.000000e+00,0.000000e+00,0.000000e+00,0.000000e+00,0.000000e+00,0.000000e+00,0.000000e+00
1.000000e+00,0.000000e+00,0.000000e+00,0.000000e+00,0.000000e+00,0.000000e+00,0.000000e+00,0.000000e+00,0.000000e+00,0.000000e+00,0.000000e+00,0.000000e+00,0.000000e+00,0.000000e+00,0.000000e+00
1.000000e+00,0.000000e+00,0.000000e+00,0.000000e+00,0.000000e+00,0.000000e+00,0.000000e+00,0.000000e+00,0.000000e+00,0.000000e+00,0.000000e+00,0.000000e+00,0.000000e+00,0.000000e+00,0.000000e+00
1.000000e+00,0.000000e+00,0.000000e+00,0.000000e+00,0.000000e+00,0.000000e+00,0.000000e+00,0.000000e+00,0.000000e+00,0.000000e+00,0.000000e+00,0.000000e+00,0.000000e+00,0.000000e+00,0.000000e+00
1.000000e+00,0.000000e+00,0.000000e+00,0.000000e+00,0.000000e+00,0.000000e+00,0.000000e+00,0.000000e+00,0.000000e+00,0.000000e+00,0.000000e+00,0.000000e+00,0.000000e+00,0.000000e+00,0.000000e+00
1.000000e+00,0.000000e+00,0.000000e+00,0.000000e+00,0.000000e+00,0.000000e+00,0.000000e+00,0.000000e+00,0.000000e+00,0.000000e+00,0.000000e+00,0.000000e+00,0.000000e+00,0.000000e+00,0.000000e+00
1.000000e+00,0.000000e+00,0.000000e+00,0.000000e+00,0.000000e+00,0.000000e+00,0.000000e+00,0.000000e+00,0.000000e+00,0.000000e+00,0.000000e+00,0.000000e+00,0.000000e+00,0.000000e+00,0.000000e+00
1.000000e+00,0.000000e+00,0.000000e+00,0.000000e+00,0.000000e+00,0.000000e+00,0.000000e+00,0.000000e+00,0.000000e+00,0.000000e+00,0.000000e+00,0.000000e+00,0.000000e+00,0.000000e+00,0.000000e+00
1.000000e+00,0.000000e+00,0.000000e+00,0.000000e+00,0.000000e+00,0.000000e+00,0.000000e+00,0.000000e+00,0.000000e+00,0.000000e+00,0.000000e+00,0.000000e+00,0.000000e+00,0.000000e+00,0.000000e+00
1.000000e+00,0.000000e+00,0.000000e+00,0.000000e+00,0.000000e+00,0.000000e+00,0.000000e+00,0.000000e+00,0.000000e+00,0.000000e+00,0.000000e+00,0.000000e+00,0.000000e+00,0.000000e+00,0.000000e+00
1.000000e+00,0.000000e+00,0.000000e+00,0.000000e+00,0.000000e+00,0.000000e+00,0.000000e+00,0.000000e+00,0.000000e+00,0.000000e+00,0.000000e+00,0.000000e+00,0.000000e+00,0.000000e+00,0.000000e+00
1.000000e+00,0.000000e+00,0.000000e+00,0.000000e+00,0.000000e+00,0.000000e+00,0.000000e+00,0.000000e+00,0.000000e+00,0.000000e+00,0.000000e+00,0.000000e+00,0.000000e+00,0.000000e+00,0.000000e+00
1.000000e+00,0.000000e+00,0.000000e+00,0.000000e+00,0.000000e+00,0.000000e+00,0.000000e+00,0.000000e+00,0.000000e+00,0.000000e+00,0.000000e+00,0.000000e+00,0.000000e+00,0.000000e+00,0.000000e+00
1.000000e+00,0.000000e+00,0.000000e+00,0.000000e+00,0.000000e+00,0.000000e+00,0.000000e+00,0.000000e+00,0.000000e+00,0.000000e+00,0.000000e+00,0.000000e+00,0.000000e+00,0.000000e+00,0.000000e+00
1.000000e+00,0.000000e+00,0.000000e+00,0.000000e+00,0.000000e+00,0.000000e+00,0.000000e+00,0.000000e+00,0.000000e+00,0.000000e+00,0.000000e+00,0.000000e+00,0.000000e+00,0.000000e+00,0.000000e+00
1.000000e+00,0.000000e+00,0.000000e+00,0.000000e+00,0.000000e+00,0.000000e+00,0.000000e+00,0.000000e+00,0.000000e+00,0.000000e+00,0.000000e+00,0.000000e+00,0.000000e+00,0.000000e+00,0.000000e+00
1.000000e+00,0.000000e+00,0.000000e+00,0.000000e+00,0.000000e+00,0.000000e+00,0.000000e+00,0.000000e+00,0.000000e+00,0.000000e+00,0.000000e+00,0.000000e+00,0.000000e+00,0.000000e+00,0.000000e+00
1.000000e+00,0.000000e+00,0.000000e+00,0.000000e+00,0.000000e+00,0.000000e+00,0.000000e+00,0.000000e+00,0.000000e+00,0.000000e+00,0.000000e+00,0.000000e+00,0.000000e+00,0.000000e+00,0.000000e+00
1.000000e+00,0.000000e+00,0.000000e+00,0.000000e+00,0.000000e+00,0.000000e+00,0.000000e+00,0.000000e+00,0.000000e+00,0.000000e+00,0.000000e+00,0.000000e+00,0.000000e+00,0.000000e+00,0.000000e+00
1.000000e+00,0.000000e+00,0.000000e+00,0.000000e+00,0.000000e+00,0.000000e+00,0.000000e+00,0.000000e+00,0.000000e+00,0.000000e+00,0.000000e+00,0.000000e+00,0.000000e+00,0.000000e+00,0.000000e+00
1.000000e+00,0.000000e+00,0.000000e+00,0.000000e+00,0.000000e+00,0.000000e+00,0.000000e+00,0.000000e+00,0.000000e+00,0.000000e+00,0.000000e+00,0.000000e+00,0.000000e+00,0.000000e+00,0.000000e+00
1.000000e+00,0.000000e+00,0.000000e+00,0.000000e+00,0.000000e+00,0.000000e+00,0.000000e+00,0.000000e+00,0.000000e+00,0.000000e+00,0.000000e+00,0.000000e+00,0.000000e+00,0.000000e+00,0.000000e+00
1.000000e+00,0.000000e+00,0.000000e+00,0.000000e+00,0.000000e+00,0.000000e+00,0.000000e+00,0.000000e+00,0.000000e+00,0.000000e+00,0.000000e+00,0.000000e+00,0.000000e+00,0.000000e+00,0.000000e+00
1.000000e+00,0.000000e+00,0.000000e+00,0.000000e+00,0.000000e+00,0.000000e+00,0.000000e+00,0.000000e+00,0.000000e+00,0.000000e+00,0.000000e+00,0.000000e+00,0.000000e+00,0.000000e+00,0.000000e+00
1.000000e+00,0.000000e+00,0.000000e+00,0.000000e+00,0.000000e+00,0.000000e+00,0.000000e+00,0.000000e+00,0.000000e+00,0.000000e+00,0.000000e+00,0.000000e+00,0.000000e+00,0.000000e+00,0.000000e+00
1.000000e+00,0.000000e+00,0.000000e+00,0.000000e+00,0.000000e+00,0.000000e+00,0.000000e+00,0.000000e+00,0.000000e+00,0.000000e+00,0.000000e+00,0.000000e+00,0.000000e+00,0.000000e+00,0.000000e+00
1.000000e+00,0.000000e+00,0.000000e+00,0.000000e+00,0.000000e+00,0.000000e+00,0.000000e+00,0.000000e+00,0.000000e+00,0.000000e+00,0.000000e+00,0.000000e+00,0.000000e+00,0.000000e+00,0.000000e+00
1.000000e+00,0.000000e+00,0.000000e+00,0.000000e+00,0.000000e+00,0.000000e+00,0.000000e+00,0.000000e+00,0.000000e+00,0.000000e+00,0.000000e+00,0.000000e+00,0.000000e+00,0.000000e+00,0.000000e+00
1.000000e+00,0.000000e+00,0.000000e+00,0.000000e+00,0.000000e+00,0.000000e+00,0.000000e+00,0.000000e+00,0.000000e+00,0.000000e+00,0.000000e+00,0.000000e+00,0.000000e+00,0.000000e+00,0.000000e+00
1.000000e+00,0.000000e+00,0.000000e+00,0.000000e+00,0.000000e+00,0.000000e+00,0.000000e+00,0.000000e+00,0.000000e+00,0.000000e+00,0.000000e+00,0.000000e+00,0.000000e+00,0.000000e+00,0.000000e+00
1.000000e+00,0.000000e+00,0.000000e+00,0.000000e+00,0.000000e+00,0.000000e+00,0.000000e+00,0.000000e+00,0.000000e+00,0.000000e+00,0.000000e+00,0.000000e+00,0.000000e+00,0.000000e+00,0.000000e+00
1.000000e+00,0.000000e+00,0.000000e+00,0.000000e+00,0.000000e+00,0.000000e+00,0.000000e+00,0.000000e+00,0.000000e+00,0.000000e+00,0.000000e+00,0.000000e+00,0.000000e+00,0.000000e+00,0.000000e+00
1.000000e+00,0.000000e+00,0.000000e+00,0.000000e+00,0.000000e+00,0.000000e+00,0.000000e+00,0.000000e+00,0.000000e+00,0.000000e+00,0.000000e+00,0.000000e+00,0.000000e+00,0.000000e+00,0.000000e+00
1.000000e+00,0.000000e+00,0.000000e+00,0.000000e+00,0.000000e+00,0.000000e+00,0.000000e+00,0.000000e+00,0.000000e+00,0.000000e+00,0.000000e+00,0.000000e+00,0.000000e+00,0.000000e+00,0.000000e+00
1.000000e+00,0.000000e+00,0.000000e+00,0.000000e+00,0.000000e+00,0.000000e+00,0.000000e+00,0.000000e+00,0.000000e+00,0.000000e+00,0.000000e+00,0.000000e+00,0.000000e+00,0.000000e+00,0.000000e+00
1.000000e+00,0.000000e+00,0.000000e+00,0.000000e+00,0.000000e+00,0.000000e+00,0.000000e+00,0.000000e+00,0.000000e+00,0.000000e+00,0.000000e+00,0.000000e+00,0.000000e+00,0.000000e+00,0.000000e+00
1.000000e+00,0.000000e+00,0.000000e+00,0.000000e+00,0.000000e+00,0.000000e+00,0.000000e+00,0.000000e+00,0.000000e+00,0.000000e+00,0.000000e+00,0.000000e+00,0.000000e+00,0.000000e+00,0.000000e+00
1.000000e+00,0.000000e+00,0.000000e+00,0.000000e+00,0.000000e+00,0.000000e+00,0.000000e+00,0.000000e+00,0.000000e+00,0.000000e+00,0.000000e+00,0.000000e+00,0.000000e+00,0.000000e+00,0.000000e+00
1.000000e+00,0.000000e+00,0.000000e+00,0.000000e+00,0.000000e+00,0.000000e+00,0.000000e+00,0.000000e+00,0.000000e+00,0.000000e+00,0.000000e+00,0.000000e+00,0.000000e+00,0.000000e+00,0.000000e+00
1.000000e+00,0.000000e+00,0.000000e+00,0.000000e+00,0.000000e+00,0.000000e+00,0.000000e+00,0.000000e+00,0.000000e+00,0.000000e+00,0.000000e+00,0.000000e+00,0.000000e+00,0.000000e+00,0.000000e+00
1.000000e+00,0.000000e+00,0.000000e+00,0.000000e+00,0.000000e+00,0.000000e+00,0.000000e+00,0.000000e+00,0.000000e+00,0.000000e+00,0.000000e+00,0.000000e+00,0.000000e+00,0.000000e+00,0.000000e+00
1.000000e+00,0.000000e+00,0.000000e+00,0.000000e+00,0.000000e+00,0.000000e+00,0.000000e+00,0.000000e+00,0.000000e+00,0.000000e+00,0.000000e+00,0.000000e+00,0.000000e+00,0.000000e+00,0.000000e+00
1.000000e+00,0.000000e+00,0.000000e+00,0.000000e+00,0.000000e+00,0.000000e+00,0.000000e+00,0.000000e+00,0.000000e+00,0.000000e+00,0.000000e+00,0.000000e+00,0.000000e+00,0.000000e+00,0.000000e+00
1.000000e+00,0.000000e+00,0.000000e+00,0.000000e+00,0.000000e+00,0.000000e+00,0.000000e+00,0.000000e+00,0.000000e+00,0.000000e+00,0.000000e+00,0.000000e+00,0.000000e+00,0.000000e+00,0.000000e+00
1.000000e+00,0.000000e+00,0.000000e+00,0.000000e+00,0.000000e+00,0.000000e+00,0.000000e+00,0.000000e+00,0.000000e+00,0.000000e+00,0.000000e+00,0.000000e+00,0.000000e+00,0.000000e+00,0.000000e+00
1.000000e+00,0.000000e+00,0.000000e+00,0.000000e+00,0.000000e+00,0.000000e+00,0.000000e+00,0.000000e+00,0.000000e+00,0.000000e+00,0.000000e+00,0.000000e+00,0.000000e+00,0.000000e+00,0.000000e+00
1.000000e+00,0.000000e+00,0.000000e+00,0.000000e+00,0.000000e+00,0.000000e+00,0.000000e+00,0.000000e+00,0.000000e+00,0.000000e+00,0.000000e+00,0.000000e+00,0.000000e+00,0.000000e+00,0.000000e+00
1.000000e+00,0.000000e+00,0.000000e+00,0.000000e+00,0.000000e+00,0.000000e+00,0.000000e+00,0.000000e+00,0.000000e+00,0.000000e+00,0.000000e+00,0.000000e+00,0.000000e+00,0.000000e+00,0.000000e+00
1.000000e+00,0.000000e+00,0.000000e+00,0.000000e+00,0.000000e+00,0.000000e+00,0.000000e+00,0.000000e+00,0.000000e+00,0.000000e+00,0.000000e+00,0.000000e+00,0.000000e+00,0.000000e+00,0.000000e+00
1.000000e+00,0.000000e+00,0.000000e+00,0.000000e+00,0.000000e+00,0.000000e+00,0.000000e+00,0.000000e+00,0.000000e+00,0.000000e+00,0.000000e+00,0.000000e+00,0.000000e+00,0.000000e+00,0.000000e+00
1.000000e+00,0.000000e+00,0.000000e+00,0.000000e+00,0.000000e+00,0.000000e+00,0.000000e+00,0.000000e+00,0.000000e+00,0.000000e+00,0.000000e+00,0.000000e+00,0.000000e+00,0.000000e+00,0.000000e+00
1.000000e+00,0.000000e+00,0.000000e+00,0.000000e+00,0.000000e+00,0.000000e+00,0.000000e+00,0.000000e+00,0.000000e+00,0.000000e+00,0.000000e+00,0.000000e+00,0.000000e+00,0.000000e+00,0.000000e+00
1.000000e+00,0.000000e+00,0.000000e+00,0.000000e+00,0.000000e+00,0.000000e+00,0.000000e+00,0.000000e+00,0.000000e+00,0.000000e+00,0.000000e+00,0.000000e+00,0.000000e+00,0.000000e+00,0.000000e+00
1.000000e+00,0.000000e+00,0.000000e+00,0.000000e+00,0.000000e+00,0.000000e+00,0.000000e+00,0.000000e+00,0.000000e+00,0.000000e+00,0.000000e+00,0.000000e+00,0.000000e+00,0.000000e+00,0.000000e+00
1.000000e+00,0.000000e+00,0.000000e+00,0.000000e+00,0.000000e+00,0.000000e+00,0.000000e+00,0.000000e+00,0.000000e+00,0.000000e+00,0.000000e+00,0.000000e+00,0.000000e+00,0.000000e+00,0.000000e+00
3.607669e-01,1.116846e-02,1.171994e-02,5.964186e-02,4.425153e-02,6.981236e-02,2.615602e-01,1.445377e-01,2.454943e-03,1.060368e-03,4.208830e-03,7.449168e-03,1.237964e-02,1.503492e-03,7.484546e-03
2.539893e-01,8.176399e-03,8.717103e-03,4.208361e-02,6.038846e-02,9.757510e-02,3.859657e-01,1.105341e-01,1.814514e-03,1.126520e-03,5.770356e-03,5.832296e-03,1.103471e-02,1.156811e-03,5.835068e-03
1.779660e-01,5.836868e-03,6.455282e-03,2.976727e-02,5.126183e-02,1.192200e-01,4.518776e-01,8.285316e-02,1.572396e-03,1.148165e-03,3.159266e-02,6.821347e-03,1.763534e-02,1.387268e-03,1.460487e-02
1.246598e-01,4.121469e-03,4.607647e-03,2.097812e-02,3.680955e-02,8.480444e-02,3.957365e-01,5.842742e-02,1.261288e-03,1.670828e-03,1.091832e-01,5.367237e-02,4.175295e-02,3.390972e-03,5.892342e-02
8.729036e-02,2.922210e-03,3.239317e-03,1.481083e-02,2.633047e-02,6.010792e-02,3.424841e-01,4.108430e-02,9.479555e-04,1.509534e-03,2.620669e-01,6.409876e-02,3.958328e-02,4.800876e-03,4.872313e-02
6.111571e-02,2.116812e-03,2.286344e-03,1.054144e-02,1.874745e-02,4.312814e-02,2.893787e-01,2.883446e-02,7.805321e-04,1.349148e-03,3.914327e-01,7.533510e-02,3.373674e-02,6.492985e-03,3.472371e-02
4.278934e-02,1.560006e-03,1.742132e-03,7.739597e-03,1.342570e-02,3.033216e-02,2.028509e-01,2.023559e-02,9.682273e-04,2.870011e-03,5.285816e-01,8.250740e-02,2.845328e-02,1.078138e-02,2.516263e-02
2.997616e-02,1.204414e-03,1.529229e-03,6.723924e-03,9.968313e-03,2.157716e-02,1.432188e-01,1.424680e-02,3.475779e-03,7.644781e-03,5.712726e-01,1.005154e-01,2.777098e-02,4.169307e-02,1.918251e-02
2.172313e-02,1.078339e-03,3.127438e-03,5.183442e-03,7.678861e-03,1.663513e-02,1.008598e-01,1.470978e-02,3.748905e-03,2.059255e-02,6.048740e-01,1.026574e-01,2.394064e-02,5.824392e-02,1.494663e-02
1.545931e-02,9.648536e-04,2.780914e-03,3.847688e-03,6.100649e-03,1.184116e-02,7.100791e-02,1.082496e-02,2.974163e-03,4.724955e-02,5.658096e-01,8.627465e-02,1.758258e-02,1.447007e-01,1.258126e-02
1.211080e-02,1.222991e-03,2.589307e-03,3.198553e-03,5.836621e-03,8.781088e-03,5.049613e-02,9.155449e-03,2.481764e-03,5.279094e-02,5.524747e-01,7.365721e-02,1.331245e-02,1.995369e-01,1.235505e-02
9.258837e-03,1.498148e-03,2.281634e-03,2.582103e-03,4.854430e-03,6.647529e-03,3.540172e-02,7.080123e-03,3.099383e-03,4.523281e-02,6.246933e-01,6.979430e-02,9.784471e-03,1.657054e-01,1.208572e-02
7.225739e-03,1.299462e-03,1.851931e-03,2.299312e-03,4.176967e-03,4.908662e-03,2.491735e-02,5.241174e-03,6.186285e-03,3.875263e-02,7.042463e-01,5.785812e-02,7.044905e-03,1.236924e-01,1.029863e-02
6.884541e-03,2.038533e-03,1.792379e-03,2.548547e-03,4.497690e-03,4.046815e-03,1.760316e-02,4.617006e-03,1.045818e-02,3.223192e-02,7.491939e-01,5.095695e-02,5.341629e-03,9.785518e-02,9.933575e-03
5.775291e-03,2.192840e-03,1.484076e-03,1.938096e-03,4.173160e-03,3.574980e-03,1.241848e-02,3.607198e-03,1.495935e-02,2.472684e-02,7.807668e-01,5.741961e-02,4.526070e-03,7.473369e-02,7.703488e-03
7.982649e-03,4.163041e-03,4.496890e-03,6.491334e-03,1.510409e-02,4.931572e-03,9.089016e-03,1.224193e-02,3.112896e-02,1.977854e-02,7.525125e-01,6.722634e-02,4.477224e-03,5.429156e-02,6.084330e-03
1.136506e-02,1.458659e-02,1.463186e-02,1.088049e-02,3.310533e-02,9.905664e-03,6.775453e-03,1.550082e-02,8.845904e-02,2.602682e-02,6.540962e-01,5.889849e-02,5.732465e-03,4.418529e-02,5.850365e-03
2.020209e-02,3.265243e-02,1.865628e-02,1.248930e-02,4.062891e-02,1.682047e-02,5.914671e-03,2.087544e-02,1.488272e-01,3.148418e-02,5.392380e-01,6.157372e-02,7.730338e-03,3.820322e-02,4.703699e-03
2.199580e-02,5.135486e-02,2.103264e-02,1.353136e-02,3.369122e-02,1.598098e-02,4.384490e-03,1.917407e-02,1.758198e-01,3.920581e-02,4.653044e-01,7.954919e-02,1.226440e-02,4.101593e-02,5.694952e-03
2.500198e-02,4.154020e-02,1.630829e-02,1.008962e-02,2.504257e-02,1.350486e-02,3.374084e-03,2.857770e-02,1.433284e-01,5.563647e-02,5.274811e-01,5.936420e-02,1.069107e-02,3.572699e-02,4.332449e-03
2.699557e-02,3.358391e-02,1.320869e-02,8.387762e-03,2.240472e-02,1.093287e-02,2.630925e-03,3.240080e-02,1.251334e-01,7.233299e-02,5.652677e-01,4.432517e-02,9.324262e-03,2.966953e-02,3.401657e-03
3.510015e-02,3.178812e-02,1.073074e-02,6.560443e-03,2.325150e-02,9.838190e-03,2.052005e-03,3.084628e-02,1.168074e-01,1.596257e-01,4.985949e-01,3.184827e-02,7.434341e-03,3.289008e-02,2.631915e-03
4.255072e-02,2.763729e-02,8.686434e-03,5.977322e-03,2.171450e-02,9.385539e-03,1.724192e-03,3.642606e-02,9.550808e-02,2.933322e-01,3.951727e-01,2.345756e-02,6.207820e-03,3.006631e-02,2.153323e-03
7.944235e-02,2.619022e-02,7.275052e-03,5.717167e-03,1.829275e-02,7.613698e-03,1.378489e-03,2.974444e-02,7.589932e-02,4.039226e-01,2.922055e-01,1.740451e-02,5.475637e-03,2.747986e-02,1.958383e-03
1.274415e-01,2.892793e-02,6.605372e-03,6.053302e-03,2.195471e-02,6.685225e-03,1.202388e-03,2.811353e-02,7.436953e-02,4.111456e-01,2.309968e-01,1.469008e-02,5.263961e-03,3.417207e-02,2.378028e-03
1.652624e-01,2.988442e-02,1.029281e-02,8.511119e-03,3.330661e-02,7.742801e-03,1.043183e-03,5.595756e-02,9.849495e-02,3.207028e-01,2.006951e-01,1.423107e-02,4.923830e-03,4.612527e-02,2.826111e-03
1.852022e-01,3.197731e-02,1.785945e-02,2.143685e-02,4.324691e-02,8.422561e-03,1.379261e-03,7.595299e-02,1.349910e-01,2.539447e-01,1.582818e-01,1.859828e-02,5.119064e-03,3.915258e-02,4.435063e-03
1.747013e-01,3.916553e-02,3.214056e-02,2.676737e-02,4.682117e-02,1.088799e-02,1.546350e-03,8.439106e-02,1.611401e-01,2.129247e-01,1.363847e-01,2.324550e-02,5.538548e-03,3.891268e-02,5.432411e-03
1.440766e-01,7.770912e-02,1.233317e-01,2.355695e-02,5.067389e-02,1.221414e-02,1.398237e-03,7.923983e-02,1.504708e-01,1.733622e-01,1.032412e-01,1.706379e-02,4.351283e-03,3.363002e-02,5.680312e-03
1.205631e-01,7.929473e-02,2.531065e-01,2.212174e-02,5.221511e-02,1.157458e-02,1.222271e-03,7.440920e-02,1.209008e-01,1.437782e-01,7.453901e-02,1.255351e-02,3.625028e-03,2.459434e-02,5.501860e-03
1.022003e-01,8.969334e-02,3.032570e-01,1.987542e-02,6.282763e-02,1.001607e-02,1.182878e-03,7.648906e-02,1.099237e-01,1.322803e-01,5.409199e-02,9.202541e-03,2.778442e-03,2.149676e-02,4.684522e-03
8.719517e-02,1.373802e-01,3.369213e-01,2.082524e-02,6.513211e-02,7.845872e-03,9.667649e-04,5.562258e-02,9.731419e-02,1.200957e-01,3.871810e-02,6.581193e-03,2.154631e-03,1.894041e-02,4.306604e-03
7.672942e-02,1.279896e-01,4.105497e-01,2.367807e-02,5.952954e-02,7.200447e-03,9.095240e-04,4.461467e-02,8.097869e-02,1.149473e-01,2.784395e-02,4.836252e-03,1.780854e-03,1.476492e-02,3.647023e-03
6.637644e-02,1.000155e-01,5.305857e-01,2.045477e-02,4.978963e-02,5.895545e-03,9.272876e-04,3.402262e-02,6.060138e-02,9.230442e-02,1.970306e-02,3.575790e-03,1.382311e-03,1.143144e-02,2.934146e-03
5.895438e-02,8.015461e-02,6.201245e-01,1.777220e-02,4.416330e-02,4.837302e-03,8.032640e-04,3.053898e-02,4.586437e-02,6.805454e-02,1.393630e-02,2.622240e-03,1.079936e-03,8.759951e-03,2.334073e-03
5.370633e-02,6.455314e-02,6.828054e-01,1.478083e-02,3.826903e-02,3.975557e-03,7.792991e-04,2.775113e-02,3.473369e-02,5.635433e-02,1.000314e-02,1.971482e-03,8.432143e-04,7.514341e-03,1.959088e-03
6.420288e-02,6.488986e-02,6.752764e-01,2.120785e-02,3.163936e-02,4.088193e-03,7.947535e-04,2.275933e-02,2.897647e-02,6.676596e-02,7.319947e-03,1.938459e-03,8.314875e-04,5.667983e-03,3.641070e-03
9.093610e-02,5.943368e-02,6.240323e-01,2.777274e-02,3.037383e-02,3.947450e-03,1.015570e-03,2.461874e-02,3.092988e-02,8.800184e-02,5.780835e-03,2.496966e-03,9.096075e-04,4.532627e-03,5.217834e-03
1.153293e-01,5.774570e-02,6.139603e-01,2.526348e-02,3.018263e-02,4.045348e-03,1.472004e-03,2.722836e-02,2.708256e-02,7.928884e-02,4.525655e-03,2.684505e-03,1.104955e-03,5.083255e-03,5.003156e-03
1.582808e-01,4.981552e-02,5.949924e-01,2.917363e-02,2.538685e-02,6.239306e-03,1.804562e-03,2.520487e-02,2.210837e-02,6.690232e-02,4.023685e-03,3.041894e-03,1.408968e-03,4.441784e-03,7.175090e-03
2.459716e-01,3.926134e-02,5.362724e-01,2.613088e-02,2.390328e-02,8.958503e-03,1.714900e-03,1.956281e-02,1.792794e-02,5.552790e-02,4.159173e-03,3.921294e-03,1.738174e-03,4.254286e-03,1.069550e-02
1.909826e-01,3.130614e-02,5.817423e-01,2.027445e-02,1.715425e-02,8.133423e-03,1.236638e-03,1.387136e-02,2.410218e-02,4.070182e-02,2.562305e-02,3.998549e-03,1.919454e-03,2.199216e-02,1.696160e-02
1.382340e-01,2.458847e-02,5.234144e-01,1.559131e-02,1.225748e-02,6.818759e-03,8.947866e-04,9.792758e-03,2.192429e-02,3.022539e-02,1.043680e-01,3.934254e-03,2.530122e-03,9.052286e-02,1.490318e-02
1.056809e-01,1.902019e-02,3.813221e-01,1.251529e-02,8.843916e-03,6.613148e-03,6.534446e-04,7.093513e-03,2.782954e-02,2.404326e-02,1.925971e-01,7.550144e-03,3.824422e-03,1.891701e-01,1.324297e-02
7.921688e-02,1.440129e-02,2.824994e-01,1.023498e-02,6.325902e-03,1.192035e-02,5.304973e-04,5.185061e-03,2.651167e-02,2.010782e-02,3.143471e-01,8.284613e-03,3.438052e-03,2.059652e-01,1.103120e-02
5.923361e-02,1.946973e-02,2.044622e-01,8.174867e-03,4.677999e-03,1.057211e-02,4.463355e-04,3.740709e-03,3.398565e-02,2.633019e-02,3.293452e-01,8.769231e-03,3.076905e-03,2.758982e-01,1.181704e-02
4.267262e-02,1.901448e-02,1.502017e-01,7.907914e-03,3.544217e-03,1.083399e-02,3.622825e-04,2.707486e-03,4.969211e-02,3.453141e-02,3.556180e-01,8.987093e-03,3.452698e-03,2.967121e-01,1.376196e-02
3.174761e-02,2.829864e-02,1.097298e-01,1.141830e-02,3.001153e-03,9.923110e-03,3.181931e-04,1.989074e-03,9.115138e-02,5.160934e-02,2.888383e-01,9.023158e-03,6.794699e-03,3.420703e-01,1.408698e-02
2.331402e-02,2.455318e-02,7.704245e-02,8.876297e-03,2.411590e-03,1.167311e-02,2.586788e-04,1.429859e-03,9.979808e-02,1.545045e-01,2.384603e-01,8.501206e-03,6.598762e-03,3.241922e-01,1.838573e-02
1.837996e-02,2.710279e-02,5.648506e-02,7.628828e-03,3.055516e-03,1.305635e-02,2.600716e-04,1.271003e-03,1.170845e-01,1.918558e-01,2.145245e-01,7.679934e-03,6.640817e-03,3.039315e-01,3.104340e-02
1.444916e-02,4.103929e-02,4.437103e-02,1.647421e-02,3.970243e-03,1.342816e-02,3.122963e-04,1.305160e-03,1.932644e-01,1.720257e-01,1.837155e-01,1.231217e-02,1.258953e-02,2.638359e-01,2.690732e-02
1.075328e-02,3.694474e-02,3.495273e-02,2.768895e-02,5.723819e-03,1.186311e-02,4.227787e-04,1.629330e-03,2.677778e-01,1.773523e-01,1.558051e-01,1.121774e-02,1.582232e-02,2.144009e-01,2.764516e-02
8.077941e-03,3.402202e-02,2.564727e-02,2.316690e-02,9.064268e-03,1.049553e-02,4.534980e-04,2.904896e-03,3.075044e-01,1.896270e-01,1.306355e-01,9.310208e-03,1.503588e-02,2.092512e-01,2.480349e-02
7.005078e-03,5.172228e-02,2.867545e-02,4.894907e-02,1.094360e-02,1.238149e-02,8.084648e-04,6.147737e-03,3.188989e-01,1.509563e-01,1.400606e-01,8.181193e-03,1.996435e-02,1.676363e-01,2.766922e-02
6.307913e-03,6.168149e-02,2.298487e-02,4.698376e-02,1.143985e-02,1.171933e-02,7.039474e-04,6.112934e-03,4.129600e-01,1.127176e-01,1.192269e-01,8.816978e-03,2.095295e-02,1.297641e-01,2.762745e-02
1.192292e-02,5.703042e-02,2.268040e-02,4.517987e-02,2.994249e-02,1.202408e-02,1.112427e-03,5.475562e-03,4.448398e-01,8.952573e-02,9.735688e-02,7.134904e-03,1.668486e-02,1.201294e-01,3.896026e-02
1.287183e-02,5.735269e-02,2.323531e-02,7.008883e-02,4.886552e-02,1.188476e-02,1.328510e-03,4.728843e-03,4.597605e-01,7.024576e-02,7.142399e-02,5.609930e-03,1.306990e-02,8.723706e-02,6.229658e-02
1.551803e-02,7.075344e-02,1.884823e-02,6.715779e-02,4.745123e-02,1.047845e-02,1.429381e-03,4.111558e-03,5.083662e-01,5.703388e-02,5.205643e-02,4.213277e-03,9.747000e-03,6.409279e-02,6.874232e-02
4.885039e-02,7.821426e-02,1.614340e-02,1.016537e-01,4.078516e-02,8.622448e-03,1.315328e-03,3.977781e-03,4.939537e-01,4.693491e-02,3.818686e-02,3.819651e-03,8.037296e-03,4.531100e-02,6.419406e-02
1.090092e-01,6.613958e-02,1.519676e-02,1.637402e-01,3.568187e-02,1.038914e-02,1.406756e-03,7.479519e-03,4.249195e-01,3.471835e-02,3.075624e-02,5.297736e-03,7.627833e-03,3.269549e-02,5.494177e-02
1.956919e-01,6.379956e-02,1.596030e-02,1.562179e-01,3.827403e-02,1.156849e-02,1.634137e-03,9.984460e-03,3.529447e-01,2.867230e-02,2.684240e-02,1.018266e-02,8.298155e-03,2.440838e-02,5.552063e-02
2.083458e-01,5.342340e-02,1.455178e-02,1.232889e-01,4.745749e-02,1.053435e-02,1.573245e-03,7.137106e-02,3.493517e-01,2.181317e-02,2.133690e-02,9.756652e-03,7.079074e-03,1.793533e-02,4.218115e-02
2.226805e-01,4.233673e-02,1.337984e-02,9.591929e-02,5.450127e-02,1.206475e-02,2.875475e-03,6.892377e-02,3.800298e-01,1.641217e-02,1.659957e-02,1.235084e-02,1.555664e-02,1.347167e-02,3.289767e-02
1.733165e-01,3.377141e-02,1.058428e-02,1.032032e-01,4.195829e-02,1.242176e-02,2.360251e-03,4.979130e-02,2.853479e-01,1.197225e-02,1.257957e-02,1.027009e-02,2.148517e-01,9.572518e-03,2.799898e-02
1.224452e-01,2.422289e-02,8.075284e-03,1.006347e-01,3.118299e-02,1.560370e-02,1.744883e-03,3.514707e-02,2.037326e-01,8.564606e-03,1.007198e-02,9.314755e-03,4.023308e-01,6.734312e-03,2.019428e-02
8.619457e-02,1.742346e-02,5.985994e-03,8.315174e-02,2.245390e-02,1.875874e-02,1.313103e-03,2.481082e-02,1.511095e-01,6.418204e-03,8.735847e-03,2.246235e-02,5.314323e-01,4.751249e-03,1.499828e-02
6.049987e-02,1.235007e-02,4.434928e-03,5.844843e-02,1.894884e-02,1.721716e-02,1.151271e-03,1.792001e-02,1.079904e-01,4.716803e-03,6.561663e-03,2.512912e-02,6.498536e-01,3.359067e-03,1.141876e-02
4.241879e-02,8.708292e-03,3.158311e-03,4.100752e-02,1.438132e-02,1.375059e-02,9.067434e-04,1.294261e-02,7.716522e-02,3.504642e-03,4.914633e-03,3.206783e-02,7.343425e-01,2.386346e-03,8.344697e-03
2.972266e-02,6.145210e-03,2.287947e-03,2.875233e-02,1.068574e-02,1.142188e-02,1.154469e-03,9.370470e-03,5.569365e-02,2.493277e-03,3.673573e-03,2.829754e-02,8.025836e-01,1.684297e-03,6.033388e-03
2.158980e-02,4.892134e-03,2.440246e-03,2.057770e-02,8.388560e-03,1.063924e-02,1.711893e-03,6.935526e-03,4.362168e-02,2.000637e-03,3.034137e-03,3.023981e-02,8.379653e-01,1.501848e-03,4.461537e-03
1.729778e-02,5.557406e-03,3.489920e-03,1.592281e-02,7.129388e-03,1.721039e-02,2.091753e-03,5.207409e-03,3.593389e-02,1.850838e-03,3.225673e-03,3.700331e-02,8.417928e-01,2.591142e-03,3.695488e-03
1.352272e-02,4.253212e-03,2.701659e-03,1.172427e-02,7.038263e-03,2.121352e-02,2.935899e-03,4.212352e-03,2.931124e-02,2.676560e-03,5.490325e-03,5.053912e-02,8.388608e-01,2.584098e-03,2.936034e-03
1.044417e-02,3.489983e-03,2.287842e-03,9.193667e-03,2.442287e-02,2.924272e-02,3.067517e-03,3.697021e-03,2.537762e-02,3.039045e-03,1.541944e-02,6.963637e-02,7.952268e-01,2.887761e-03,2.567188e-03
1.377597e-02,3.574665e-03,5.920231e-03,1.772741e-02,9.044261e-02,2.842377e-02,5.408509e-03,2.713194e-02,3.320293e-02,6.505105e-03,1.865875e-02,8.934973e-02,6.543457e-01,2.910568e-03,2.622108e-03
1.772109e-02,4.856740e-03,1.449856e-02,2.390548e-02,9.028938e-02,3.285418e-02,8.196058e-03,8.067448e-02,8.681704e-02,8.754078e-03,2.108632e-02,7.556186e-02,5.284445e-01,2.771478e-03,3.568686e-03
2.139731e-02,5.540065e-03,1.487309e-02,1.909305e-02,1.027872e-01,3.933252e-02,3.126713e-02,5.887820e-02,1.148051e-01,7.271502e-03,1.761434e-02,6.439804e-02,4.965532e-01,2.073412e-03,4.115787e-03
2.340564e-02,1.164699e-02,2.531014e-02,1.084904e-01,1.289641e-01,4.351901e-02,3.008303e-02,5.729605e-02,1.046710e-01,5.650069e-03,1.410030e-02,4.736324e-02,3.934460e-01,1.749020e-03,4.304976e-03
4.404414e-02,1.696717e-02,2.665149e-02,9.894674e-02,1.278927e-01,5.734733e-02,2.790695e-02,5.466900e-02,1.012607e-01,5.127809e-03,1.213305e-02,3.955016e-02,3.814929e-01,1.529229e-03,4.480527e-03
6.205093e-02,1.519842e-02,8.023563e-02,1.393013e-01,1.197110e-01,5.104263e-02,3.336608e-02,6.025502e-02,8.113199e-02,4.090566e-03,9.898284e-03,3.034689e-02,3.083153e-01,1.268284e-03,3.787690e-03
5.341214e-02,1.367981e-02,6.513447e-02,9.904002e-02,9.564444e-02,5.202439e-02,2.414844e-01,5.852856e-02,5.847828e-02,3.139131e-03,7.275330e-03,2.169095e-02,2.261533e-01,9.600529e-04,3.354706e-03
4.679819e-02,1.204113e-02,5.060128e-02,6.997266e-02,7.256481e-02,4.801263e-02,3.564073e-01,1.005515e-01,4.194575e-02,2.702721e-03,5.404227e-03,1.553582e-02,1.724368e-01,7.322195e-04,4.292942e-03
5.165438e-02,1.118776e-02,5.862268e-02,5.303411e-02,6.315915e-02,4.186464e-02,4.178254e-01,1.098120e-01,3.451470e-02,2.788420e-03,4.607507e-03,1.155067e-02,1.324042e-01,7.064632e-04,6.267848e-03
1.097740e-01,1.213957e-02,5.081566e-02,4.097071e-02,6.356070e-02,4.248230e-02,4.162318e-01,9.848902e-02,3.467984e-02,3.415947e-03,4.947953e-03,1.243442e-02,1.019094e-01,8.510606e-04,7.297575e-03
1.095175e-01,1.181652e-02,3.674570e-02,3.100105e-02,6.703560e-02,3.293454e-02,4.999558e-01,7.785866e-02,3.443379e-02,2.950061e-03,3.895828e-03,9.879341e-03,7.451810e-02,7.437421e-04,6.713791e-03
1.409120e-01,1.301603e-02,2.867205e-02,2.521865e-02,6.238696e-02,2.876924e-02,5.039315e-01,7.348594e-02,3.468999e-02,3.372990e-03,3.544490e-03,9.570719e-03,6.314597e-02,8.966561e-04,8.386774e-03
1.776124e-01,1.382303e-02,2.879614e-02,2.226972e-02,5.948540e-02,3.087180e-02,4.406883e-01,1.043083e-01,3.260067e-02,3.636457e-03,3.464876e-03,9.635244e-03,6.006232e-02,1.206667e-03,1.153870e-02
2.205006e-01,1.497501e-02,4.308578e-02,1.709815e-02,8.225843e-02,3.129679e-02,3.637691e-01,9.695253e-02,4.144548e-02,3.324369e-03,2.852160e-03,8.430144e-03,4.987813e-02,1.577835e-03,2.255553e-02
2.400863e-01,1.694783e-02,5.090525e-02,1.539070e-02,7.453689e-02,6.210919e-02,3.133653e-01,9.156468e-02,4.165276e-02,6.317231e-03,3.636944e-03,8.421523e-03,4.701243e-02,1.990246e-03,2.606277e-02
2.815737e-01,1.776881e-02,5.810512e-02,1.273584e-02,6.284288e-02,1.048381e-01,2.373383e-01,8.518125e-02,3.489044e-02,8.861723e-03,5.210239e-03,1.153325e-02,4.358479e-02,3.034798e-03,3.250074e-02
3.504452e-01,1.978117e-02,5.657103e-02,1.388792e-02,5.903031e-02,1.023396e-01,1.773273e-01,7.769762e-02,3.526971e-02,1.095181e-02,7.640231e-03,1.609707e-02,3.897978e-02,3.199702e-03,3.078157e-02
3.114404e-01,1.557581e-02,4.073479e-02,1.059588e-02,4.246722e-02,2.510537e-01,1.254793e-01,5.488584e-02,2.538341e-02,1.100893e-02,2.652946e-02,2.076815e-02,2.987729e-02,7.104659e-03,2.709511e-02
2.235606e-01,1.140064e-02,2.904203e-02,7.481003e-03,2.993101e-02,3.309222e-01,8.809875e-02,3.858685e-02,1.790882e-02,1.060999e-02,1.150599e-01,4.987243e-02,2.151818e-02,6.461750e-03,1.954573e-02
1.595172e-01,8.118538e-03,2.070672e-02,5.324332e-03,2.105495e-02,3.052783e-01,6.175664e-02,2.710767e-02,1.269081e-02,8.726099e-03,2.489514e-01,8.514479e-02,1.539259e-02,5.783337e-03,1.444672e-02
1.139075e-01,5.925049e-03,1.512938e-02,4.113235e-03,1.495611e-02,2.465469e-01,4.332050e-02,1.913437e-02,9.279031e-03,7.374441e-03,3.704135e-01,1.221304e-01,1.095947e-02,5.468136e-03,1.134195e-02
8.136845e-02,4.272541e-03,1.079617e-02,2.994518e-03,1.077412e-02,1.759110e-01,3.048784e-02,1.354219e-02,6.921320e-03,5.747596e-03,5.187708e-01,1.174848e-01,7.847223e-03,4.959161e-03,8.122202e-03
5.731981e-02,3.118882e-03,7.676432e-03,2.141957e-03,8.394609e-03,1.246352e-01,2.160729e-02,9.543835e-03,5.681256e-03,4.604554e-03,6.180773e-01,1.215638e-01,5.728221e-03,4.105419e-03,5.801380e-03
4.066528e-02,3.697476e-03,6.091740e-03,1.895924e-03,3.423117e-02,8.847421e-02,1.845714e-02,7.349588e-03,8.129848e-03,5.904392e-03,6.374314e-01,1.347972e-01,4.334820e-03,3.961603e-03,4.578180e-03
2.887245e-02,5.958485e-03,6.585446e-03,2.411522e-03,9.294389e-02,6.324954e-02,2.402714e-02,6.519507e-03,1.698874e-02,8.774878e-03,5.363110e-01,1.948161e-01,3.471921e-03,3.826898e-03,5.242345e-03
2.128587e-02,1.718298e-02,4.569342e-02,4.177842e-03,1.729679e-01,4.680371e-02,1.822659e-02,1.218584e-02,3.461805e-02,1.197884e-02,4.196852e-01,1.783772e-01,4.058536e-03,3.880047e-03,8.877856e-03
1.542106e-02,1.354825e-02,3.822364e-02,5.980558e-03,1.969884e-01,5.505426e-02,1.300233e-02,1.001853e-02,3.382959e-02,1.118889e-02,4.401454e-01,1.460043e-01,7.677383e-03,4.738251e-03,8.179070e-03
1.122513e-02,1.557139e-02,3.847998e-02,5.908653e-03,1.598023e-01,4.046246e-02,9.217406e-03,9.474086e-03,4.450350e-02,1.478152e-02,4.821400e-01,1.356673e-01,1.272559e-02,1.011143e-02,9.929094e-03
8.695670e-03,6.426933e-02,3.408218e-02,7.995136e-03,1.273353e-01,3.478450e-02,6.686629e-03,3.346117e-02,1.508063e-01,1.516677e-02,3.695948e-01,1.059190e-01,1.809000e-02,1.154729e-02,1.156581e-02
6.422172e-03,8.446701e-02,2.637401e-02,7.010900e-03,9.552502e-02,3.572842e-02,4.870915e-03,2.523635e-02,2.940822e-01,1.547281e-02,2.725205e-01,7.696659e-02,1.606600e-02,1.569727e-02,2.355985e-02
7.058565e-03,7.459782e-02,2.025528e-02,6.157726e-03,1.146311e-01,2.677152e-02,4.010508e-03,1.857799e-02,3.739193e-01,1.462892e-02,2.293210e-01,5.850653e-02,1.818221e-02,1.400656e-02,1.937487e-02
8.830765e-03,8.566067e-02,2.262045e-02,6.128164e-03,1.023461e-01,1.981275e-02,3.352771e-03,1.446825e-02,4.364429e-01,1.652966e-02,1.784375e-01,4.158966e-02,1.996885e-02,1.847083e-02,2.534072e-02
7.008985e-03,7.301911e-02,2.327654e-02,2.315122e-02,1.652374e-01,1.518880e-02,2.675481e-03,1.142272e-02,4.509550e-01,1.816357e-02,1.306958e-01,2.948560e-02,1.540367e-02,1.374960e-02,2.056645e-02
8.037006e-03,7.058423e-02,3.052937e-02,6.613082e-02,1.484809e-01,1.503353e-02,2.129707e-03,1.064467e-02,4.565544e-01,2.236292e-02,1.003593e-01,2.290723e-02,1.443482e-02,1.017751e-02,2.163365e-02
1.091698e-02,8.499186e-02,2.851915e-02,5.387957e-02,1.217086e-01,1.357264e-02,2.107122e-03,9.108786e-03,4.900674e-01,2.402873e-02,8.913879e-02,1.898336e-02,1.660634e-02,7.572112e-03,2.879861e-02
3.889067e-02,7.242722e-02,2.841528e-02,4.745970e-02,1.478937e-01,1.190117e-02,2.748680e-03,1.129934e-02,4.507056e-01,2.842940e-02,8.558063e-02,1.832901e-02,2.059517e-02,6.396035e-03,2.892834e-02
1.160995e-01,6.600058e-02,2.816724e-02,3.924247e-02,1.435612e-01,1.201198e-02,3.457895e-03,9.983105e-03,4.065239e-01,2.688687e-02,7.191239e-02,1.856935e-02,2.012281e-02,6.619797e-03,3.084089e-02
1.383750e-01,8.359663e-02,2.590913e-02,4.105072e-02,1.413648e-01,1.090294e-02,3.061567e-03,1.120389e-02,3.877634e-01,3.350373e-02,5.589185e-02,1.526206e-02,1.687161e-02,5.989484e-03,2.925316e-02
1.434995e-01,6.635138e-02,2.135108e-02,7.835838e-02,1.315577e-01,1.441200e-02,2.475597e-03,9.783294e-03,3.691812e-01,2.800516e-02,4.512573e-02,2.129554e-02,3.070511e-02,4.774820e-03,3.312349e-02
1.613491e-01,5.349835e-02,1.627729e-02,8.113156e-02,1.199067e-01,1.741604e-02,2.287702e-03,9.409612e-03,3.335822e-01,2.279988e-02,5.634650e-02,2.735025e-02,6.382438e-02,4.562307e-03,3.025809e-02
1.609403e-01,4.727180e-02,1.430270e-02,7.720860e-02,8.704445e-02,1.717347e-02,1.961376e-03,7.452506e-03,2.725364e-01,2.327196e-02,6.841360e-02,3.211627e-02,1.352923e-01,1.308643e-02,4.192778e-02
1.561409e-01,3.672746e-02,1.093136e-02,8.883864e-02,6.473720e-02,1.544208e-02,1.616216e-03,5.608439e-03,1.997574e-01,1.713836e-02,6.199037e-02,3.308679e-02,2.540879e-01,1.082430e-02,4.307264e-02
1.686521e-01,2.758873e-02,8.184172e-03,6.865019e-02,4.720295e-02,1.553152e-02,1.871769e-03,4.769623e-03,1.435467e-01,1.265573e-02,4.610987e-02,5.725726e-02,3.534313e-01,8.391525e-03,3.615658e-02
1.282704e-01,4.508752e-02,9.683621e-03,7.733465e-02,4.102808e-02,1.595053e-02,2.048439e-03,4.189520e-03,1.407474e-01,1.100979e-02,3.456646e-02,9.069708e-02,3.433092e-01,7.549459e-03,4.852793e-02
9.134620e-02,3.359007e-02,7.175022e-03,5.684998e-02,3.282178e-02,3.482446e-02,2.758487e-03,5.772218e-03,1.184935e-01,8.134190e-03,2.801539e-02,1.755903e-01,3.632436e-01,5.680476e-03,3.570436e-02
9.361344e-02,2.462895e-02,1.111414e-02,4.142712e-02,2.692196e-02,3.108705e-02,4.624333e-03,3.666281e-02,9.094767e-02,6.480237e-03,2.252107e-02,2.038719e-01,3.756853e-01,4.588670e-03,2.582544e-02
1.041268e-01,1.842862e-02,2.277319e-02,5.252282e-02,2.418415e-02,3.483504e-02,3.936577e-03,4.386698e-02,7.186210e-02,5.567171e-03,2.067215e-02,1.612339e-01,4.058096e-01,4.872667e-03,2.530829e-02
1.031753e-01,1.679002e-02,2.030759e-02,4.216402e-02,6.900098e-02,4.124884e-02,4.945159e-03,4.979487e-02,6.812868e-02,5.003417e-03,1.671538e-02,1.512011e-01,3.845251e-01,4.476700e-03,2.252275e-02
1.010710e-01,1.321778e-02,1.781659e-02,3.424987e-02,5.116958e-02,3.387873e-02,4.124979e-03,6.941070e-02,5.494227e-02,4.709593e-03,1.373331e-02,1.301244e-01,4.411705e-01,5.638489e-03,2.474215e-02
9.910695e-02,1.167207e-02,1.740503e-02,2.684216e-02,4.171572e-02,2.671593e-02,3.358785e-03,8.081421e-02,4.696568e-02,4.556564e-03,1.190237e-02,1.012024e-01,4.990670e-01,5.846969e-03,2.282821e-02
9.116533e-02,9.339122e-03,1.000506e-01,2.440941e-02,3.524518e-02,2.268066e-02,6.305284e-03,8.522456e-02,3.695565e-02,3.654858e-03,1.050675e-02,7.471135e-02,4.742928e-01,4.726302e-03,2.073218e-02
7.312474e-02,9.245593e-03,8.011187e-02,2.011477e-02,3.129717e-02,2.553383e-02,5.701830e-03,8.597923e-02,3.934070e-02,3.264158e-03,8.392042e-03,5.740410e-02,4.458118e-01,5.145896e-03,1.095323e-01
7.319275e-02,1.072687e-02,6.512292e-02,1.636084e-02,2.789150e-02,2.749221e-02,5.616210e-03,7.924891e-02,4.015236e-02,3.905471e-03,7.590994e-03,5.354989e-02,4.445814e-01,5.614502e-03,1.389532e-01
7.777604e-02,2.952067e-02,5.191811e-02,1.452371e-02,2.386841e-02,5.810212e-02,5.407306e-03,6.621151e-02,7.774663e-02,7.018869e-03,6.168318e-03,3.836531e-02,4.175599e-01,4.549021e-03,1.212641e-01
7.300267e-02,2.854148e-02,4.472493e-02,1.154306e-02,2.045583e-02,6.941888e-02,6.797723e-03,5.934815e-02,7.905076e-02,5.985787e-03,5.575768e-03,3.066461e-02,4.151211e-01,5.519599e-03,1.442497e-01
6.047413e-02,4.729760e-02,9.685013e-02,8.282283e-02,1.810816e-02,5.423255e-02,5.800103e-03,4.555790e-02,9.666509e-02,1.025320e-02,4.834607e-03,2.296422e-02,2.956398e-01,4.045498e-03,1.544542e-01
6.350271e-02,7.401010e-02,8.436726e-02,6.853744e-02,2.529893e-02,1.015468e-01,7.674218e-03,6.125126e-02,1.334242e-01,7.694934e-03,4.896280e-03,1.778451e-02,2.318946e-01,3.421222e-03,1.146956e-01
8.732275e-02,7.753891e-02,7.240672e-02,6.173830e-02,2.961813e-02,1.289621e-01,7.843489e-03,7.460518e-02,1.445462e-01,5.837252e-03,4.428233e-03,1.671541e-02,1.950722e-01,2.859079e-03,9.050609e-02
9.964135e-02,6.941243e-02,5.188367e-02,4.701186e-02,4.294314e-02,1.530068e-01,6.408080e-03,6.558480e-02,1.899924e-01,4.530561e-03,4.296387e-03,1.774096e-02,1.770850e-01,2.399689e-03,6.806298e-02
9.500504e-02,6.297196e-02,4.229198e-02,3.655905e-02,6.798191e-02,1.386376e-01,8.185135e-03,1.597548e-01,1.734532e-01,3.401257e-03,4.177730e-03,1.741896e-02,1.351316e-01,2.176299e-03,5.285357e-02
9.214727e-02,6.721433e-02,3.808602e-02,3.740564e-02,7.622719e-02,1.319821e-01,1.015160e-02,1.326162e-01,1.950727e-01,3.074213e-03,3.556884e-03,1.539370e-02,1.514558e-01,1.740596e-03,4.387588e-02
8.150405e-02,7.279249e-02,3.774592e-02,3.778963e-02,8.428381e-02,1.210412e-01,1.311202e-02,1.040966e-01,1.730436e-01,2.571636e-03,3.605149e-03,1.498012e-02,2.176175e-01,1.423383e-03,3.439282e-02
7.631579e-02,7.494868e-02,3.183938e-02,3.109074e-02,8.674896e-02,1.227756e-01,1.652708e-02,8.167256e-02,1.904448e-01,2.115691e-03,3.055451e-03,1.535357e-02,2.386888e-01,1.170935e-03,2.725198e-02
7.902017e-02,8.435215e-02,3.331597e-02,3.628426e-02,8.839930e-02,1.071178e-01,1.500837e-02,8.618186e-02,2.290571e-01,2.564017e-03,3.642580e-03,1.265635e-02,1.945348e-01,1.444350e-03,2.642096e-02
8.281161e-02,1.148438e-01,2.872731e-02,3.443318e-02,7.933956e-02,9.255411e-02,1.259566e-02,7.202794e-02,2.509844e-01,4.023023e-03,3.298021e-03,1.079666e-02,1.833193e-01,1.448798e-03,2.879667e-02
7.025149e-02,1.377795e-01,2.165613e-02,2.687018e-02,6.129889e-02,7.792950e-02,9.231331e-03,5.156728e-02,2.272803e-01,4.267219e-03,3.082455e-03,9.246636e-03,2.722443e-01,1.173371e-03,2.612131e-02
6.220832e-02,1.463321e-01,2.120109e-02,2.707915e-02,4.905737e-02,6.219844e-02,7.538709e-03,4.250624e-02,1.831236e-01,5.733120e-03,3.766146e-03,9.131473e-03,3.495545e-01,1.228536e-03,2.934115e-02
5.854911e-02,1.167617e-01,1.545271e-02,2.153267e-02,3.900196e-02,4.711664e-02,5.600491e-03,3.215597e-02,1.374649e-01,4.913059e-03,3.159313e-03,8.909332e-03,4.829374e-01,1.045975e-03,2.539867e-02
6.544322e-02,9.226187e-02,1.196032e-02,1.926622e-02,3.074374e-02,3.666237e-02,5.219830e-03,2.545583e-02,1.026028e-01,4.064143e-03,3.616752e-03,1.224591e-02,5.649430e-01,1.702816e-03,2.381123e-02
8.787148e-02,7.284763e-02,8.882674e-03,1.608852e-02,2.342147e-02,3.171280e-02,4.322282e-03,1.988845e-02,7.474406e-02,3.091659e-03,3.556064e-03,2.040974e-02,6.085048e-01,2.319030e-03,2.233935e-02
9.299587e-02,5.449464e-02,2.098917e-02,1.932217e-02,2.328805e-02,3.001440e-02,4.547425e-03,2.237394e-02,5.675507e-02,3.276854e-03,4.974990e-03,2.339312e-02,6.139275e-01,2.854751e-03,2.679205e-02
1.073580e-01,4.571404e-02,3.039511e-02,1.593998e-02,2.762641e-02,5.106786e-02,6.983517e-03,2.147851e-02,7.192115e-02,2.520768e-03,4.096792e-03,2.309324e-02,5.689965e-01,2.362695e-03,2.044546e-02
1.194297e-01,4.012619e-02,3.164491e-02,1.302926e-02,2.734410e-02,5.296361e-02,1.042144e-02,2.063382e-02,6.326101e-02,2.147153e-03,3.460977e-03,2.523375e-02,5.716900e-01,2.124993e-03,1.648916e-02
1.336913e-01,4.419797e-02,5.653908e-02,3.052291e-02,3.022249e-02,6.817669e-02,1.305399e-02,3.272261e-02,7.362688e-02,2.884799e-03,3.173002e-03,1.903880e-02,4.744864e-01,1.755409e-03,1.590774e-02
1.254342e-01,3.696007e-02,4.851914e-02,2.312462e-02,2.324962e-02,8.375511e-02,1.291818e-02,3.096265e-02,6.951280e-02,2.341193e-03,2.699526e-03,1.702544e-02,5.099052e-01,1.470692e-03,1.212153e-02
