1.000000e+00,0.000000e+00,0.000000e+00,0.000000e+00,0.000000e+00,0.000000e+00,0.000000e+00,0.000000e+00,0.000000e+00,0.000000e+00,0.000000e+00,0.000000e+00,0.000000e+00,0.000000e+00,0.000000e+00
1.000000e+00,0.000000e+00,0.000000e+00,0.000000e+00,0.000000e+00,0.000000e+00,0.000000e+00,0.000000e+00,0.000000e+00,0.000000e+00,0.000000e+00,0.000000e+00,0.000000e+00,0.000000e+00,0.000000e+00
1.000000e+00,0.000000e+00,0.000000e+00,0.000000e+00,0.000000e+00,0.000000e+00,0.000000e+00,0.000000e+00,0.000000e+00,0.000000e+00,0.000000e+00,0.000000e+00,0.000000e+00,0.000000e+00,0.000000e+00
1.000000e+00,0.000000e+00,0.000000e+00,0.000000e+00,0.000000e+00,0.000000e+00,0.000000e+00,0.000000e+00,0.000000e+00,0.000000e+00,0.000000e+00,0.000000e+00,0.000000e+00,0.000000e+00,0.000000e+00
1.000000e+00,0.000000e+00,0.000000e+00,0.000000e+00,0.000000e+00,0.000000e+00,0.000000e+00,0.000000e+00,0.000000e+00,0.000000e+00,0.000000e+00,0.000000e+00,0.000000e+00,0.000000e+00,0.000000e+00
1.000000e+00,0.000000e+00,0.000000e+00,0.000000e+00,0.000000e+00,0.000000e+00,0.000000e+00,0.000000e+00,0.000000e+00,0.000000e+00,0.000000e+00,0.000000e+00,0.000000e+00,0.000000e+00,0.000000e+00
1.000000e+00,0.000000e+00,0.000000e+00,0.000000e+00,0.000000e+00,0.000000e+00,0.000000e+00,0.000000e+00,0.000000e+00,0.000000e+00,0.000000e+00,0.000000e+00,0.000000e+00,0.000000e+00,0.000000e+00
1.000000e+00,0.000000e+00,0.000000e+00,0.000000e+00,0.000000e+00,0.000000e+00,0.000000e+00,0.000000e+00,0.000000e+00,0.000000e+00,0.000000e+00,0.000000e+00,0.000000e+00,0.000000e+00,0.000000e+00
1.000000e+00,0.000000e+00,0.000000e+00,0.000000e+00,0.000000e+00,0.000000e+00,0.000000e+00,0.000000e+00,0.000000e+00,0.000000e+00,0.000000e+00,0.000000e+00,0.000000e+00,0.000000e+00,0.000000e+00
1.000000e+00,0.000000e+00,0.000000e+00,0.000000e+00,0.000000e+00,0.000000e+00,0.000000e+00,0.000000e+00,0.000000e+00,0.000000e+00,0.000000e+00,0.000000e+00,0.000000e+00,0.000000e+00,0.000000e+00
1.000000e+00,0.000000e+00,0.000000e+00,0.000000e+00,0.000000e+00,0.000000e+00,0.000000e+00,0.000000e+00,0.000000e+00,0.000000e+00,0.000000e+00,0.000000e+00,0.000000e+00,0.000000e+00,0.000000e+00
1.000000e+00,0.000000e+00,0.000000e+00,0.000000e+00,0.000000e+00,0.000000e+00,0.000000e+00,0.000000e+00,0.000000e+00,0.000000e+00,0.000000e+00,0.000000e+00,0.000000e+00,0.000000e+00,0.000000e+00
1.000000e+00,0.000000e+00,0.000000e+00,0.000000e+00,0.000000e+00,0.000000e+00,0.000000e+00,0.000000e+00,0.000000e+00,0.000000e+00,0.000000e+00,0.000000e+00,0.000000e+00,0.000000e+00,0.000000e+00
1.000000e+00,0.000000e+00,0.000000e+00,0.000000e+00,0.000000e+00,0.000000e+00,0.000000e+00,0.000000e+00,0.000000e+00,0.000000e+00,0.000000e+00,0.000000e+00,0.000000e+00,0.000000e+00,0.000000e+00
1.000000e+00,0.000000e+00,0.000000e+00,0.000000e+00,0.000000e+00,0.000000e+00,0.000000e+00,0.000000e+00,0.000000e+00,0.000000e+00,0.000000e+00,0.000000e+00,0.000000e+00,0.000000e+00,0.000000e+00
1.000000e+00,0.000000e+00,0.000000e+00,0.000000e+00,0.000000e+00,0.000000e+00,0.000000e+00,0.000000e+00,0.000000e+00,0.000000e+00,0.000000e+00,0.000000e+00,0.000000e+00,0.000000e+00,0.000000e+00
1.000000e+00,0.000000e+00,0.000000e+00,0.000000e+00,0.000000e+00,0.000000e+00,0.000000e+00,0.000000e+00,0.000000e+00,0.000000e+00,0.000000e+00,0.000000e+00,0.000000e+00,0.000000e+00,0.000000e+00
1.000000e+00,0.000000e+00,0.000000e+00,0.000000e+00,0.000000e+00,0.000000e+00,0.000000e+00,0.000000e+00,0.000000e+00,0.000000e+00,0.000000e+00,0.000000e+00,0.000000e+00,0.000000e+00,0.000000e+00
1.000000e+00,0.000000e+00,0.000000e+00,0.000000e+00,0.000000e+00,0.000000e+00,0.000000e+00,0.000000e+00,0.000000e+00,0.000000e+00,0.000000e+00,0.000000e+00,0.000000e+00,0.000000e+00,0.000000e+00
1.000000e+00,0.000000e+00,0.000000e+00,0.000000e+00,0.000000e+00,0.000000e+00,0.000000e+00,0.000000e+00,0.000000e+00,0.000000e+00,0.000000e+00,0.000000e+00,0.000000e+00,0.000000e+00,0.000000e+00
1.000000e+00,0.000000e+00,0.000000e+00,0.000000e+00,0.000000e+00,0.000000e+00,0.000000e+00,0.000000e+00,0.000000e+00,0.000000e+00,0.000000e+00,0.000000e+00,0.000000e+00,0.000000e+00,0.000000e+00
1.000000e+00,0.000000e+00,0.000000e+00,0.000000e+00,0.000000e+00,0.000000e+00,0.000000e+00,0.000000e+00,0.000000e+00,0.000000e+00,0.000000e+00,0.000000e+00,0.000000e+00,0.000000e+00,0.000000e+00
1.000000e+00,0.000000e+00,0.000000e+00,0.000000e+00,0.000000e+00,0.000000e+00,0.000000e+00,0.000000e+00,0.000000e+00,0.000000e+00,0.000000e+00,0.000000e+00,0.000000e+00,0.000000e+00,0.000000e+00
1.000000e+00,0.000000e+00,0.000000e+00,0.000000e+00,0.000000e+00,0.000000e+00,0.000000e+00,0.000000e+00,0.000000e+00,0.000000e+00,0.000000e+00,0.000000e+00,0.000000e+00,0.000000e+00,0.000000e+00
1.000000e+00,0.000000e+00,0.000000e+00,0.000000e+00,0.000000e+00,0.000000e+00,0.000000e+00,0.000000e+00,0.000000e+00,0.000000e+00,0.000000e+00,0.000000e+00,0.000000e+00,0.000000e+00,0.000000e+00
1.000000e+00,0.000000e+00,0.000000e+00,0.000000e+00,0.000000e+00,0.000000e+00,0.000000e+00,0.000000e+00,0.000000e+00,0.000000e+00,0.000000e+00,0.000000e+00,0.000000e+00,0.000000e+00,0.000000e+00
1.000000e+00,0.000000e+00,0.000000e+00,0.000000e+00,0.000000e+00,0.000000e+00,0.000000e+00,0.000000e+00,0.000000e+00,0.000000e+00,0.000000e+00,0.000000e+00,0.000000e+00,0.000000e+00,0.000000e+00
1.000000e+00,0.000000e+00,0.000000e+00,0.000000e+00,0.000000e+00,0.000000e+00,0.000000e+00,0.000000e+00,0.000000e+00,0.000000e+00,0.000000e+00,0.000000e+00,0.000000e+00,0.000000e+00,0.000000e+00
1.000000e+00,0.000000e+00,0.000000e+00,0.000000e+00,0.000000e+00,0.000000e+00,0.000000e+00,0.000000e+00,0.000000e+00,0.000000e+00,0.000000e+00,0.000000e+00,0.000000e+00,0.000000e+00,0.000000e+00
1.000000e+00,0.000000e+00,0.000000e+00,0.000000e+00,0.000000e+00,0.000000e+00,0.000000e+00,0.000000e+00,0.000000e+00,0.000000e+00,0.000000e+00,0.000000e+00,0.000000e+00,0.000000e+00,0.000000e+00
1.000000e+00,0.000000e+00,0.000000e+00,0.000000e+00,0.000000e+00,0.000000e+00,0.000000e+00,0.000000e+00,0.000000e+00,0.000000e+00,0.000000e+00,0.000000e+00,0.000000e+00,0.000000e+00,0.000000e+00
1.000000e+00,0.000000e+00,0.000000e+00,0.000000e+00,0.000000e+00,0.000000e+00,0.000000e+00,0.000000e+00,0.000000e+00,0.000000e+00,0.000000e+00,0.000000e+00,0.000000e+00,0.000000e+00,0.000000e+00
1.000000e+00,0.000000e+00,0.000000e+00,0.000000e+00,0.000000e+00,0.000000e+00,0.000000e+00,0.000000e+00,0.000000e+00,0.000000e+00,0.000000e+00,0.000000e+00,0.000000e+00,0.000000e+00,0.000000e+00
1.000000e+00,0.000000e+00,0.000000e+00,0.000000e+00,0.000000e+00,0.000000e+00,0.000000e+00,0.000000e+00,0.000000e+00,0.000000e+00,0.000000e+00,0.000000e+00,0.000000e+00,0.000000e+00,0.000000e+00
1.000000e+00,0.000000e+00,0.000000e+00,0.000000e+00,0.000000e+00,0.000000e+00,0.000000e+00,0.000000e+00,0.000000e+00,0.000000e+00,0.000000e+00,0.000000e+00,0.000000e+00,0.000000e+00,0.000000e+00
1.000000e+00,0.000000e+00,0.000000e+00,0.000000e+00,0.000000e+00,0.000000e+00,0.000000e+00,0.000000e+00,0.000000e+00,0.000000e+00,0.000000e+00,0.000000e+00,0.000000e+00,0.000000e+00,0.000000e+00
1.000000e+00,0.000000e+00,0.000000e+00,0.000000e+00,0.000000e+00,0.000000e+00,0.000000e+00,0.000000e+00,0.000000e+00,0.000000e+00,0.000000e+00,0.000000e+00,0.000000e+00,0.000000e+00,0.000000e+00
1.000000e+00,0.000000e+00,0.000000e+00,0.000000e+00,0.000000e+00,0.000000e+00,0.000000e+00,0.000000e+00,0.000000e+00,0.000000e+00,0.000000e+00,0.000000e+00,0.000000e+00,0.000000e+00,0.000000e+00
1.000000e+00,0.000000e+00,0.000000e+00,0.000000e+00,0.000000e+00,0.000000e+00,0.000000e+00,0.000000e+00,0.000000e+00,0.000000e+00,0.000000e+00,0.000000e+00,0.000000e+00,0.000000e+00,0.000000e+00
1.000000e+00,0.000000e+00,0.000000e+00,0.000000e+00,0.000000e+00,0.000000e+00,0.000000e+00,0.000000e+00,0.000000e+00,0.000000e+00,0.000000e+00,0.000000e+00,0.000000e+00,0.000000e+00,0.000000e+00
1.000000e+00,0.000000e+00,0.000000e+00,0.000000e+00,0.000000e+00,0.000000e+00,0.000000e+00,0.000000e+00,0.000000e+00,0.000000e+00,0.000000e+00,0.000000e+00,0.000000e+00,0.000000e+00,0.000000e+00
1.000000e+00,0.000000e+00,0.000000e+00,0.000000e+00,0.000000e+00,0.000000e+00,0.000000e+00,0.000000e+00,0.000000e+00,0.000000e+00,0.000000e+00,0.000000e+00,0.000000e+00,0.000000e+00,0.000000e+00
1.000000e+00,0.000000e+00,0.000000e+00,0.000000e+00,0.000000e+00,0.000000e+00,0.000000e+00,0.000000e+00,0.000000e+00,0.000000e+00,0.000000e+00,0.000000e+00,0.000000e+00,0.000000e+00,0.000000e+00
1.000000e+00,0.000000e+00,0.000000e+00,0.000000e+00,0.000000e+00,0.000000e+00,0.000000e+00,0.000000e+00,0.000000e+00,0.000000e+00,0.000000e+00,0.000000e+00,0.000000e+00,0.000000e+00,0.000000e+00
1.000000e+00,0.000000e+00,0.000000e+00,0.000000e+00,0.000000e+00,0.000000e+00,0.000000e+00,0.000000e+00,0.000000e+00,0.000000e+00,0.000000e+00,0.000000e+00,0.000000e+00,0.000000e+00,0.000000e+00
1.000000e+00,0.000000e+00,0.000000e+00,0.000000e+00,0.000000e+00,0.000000e+00,0.000000e+00,0.000000e+00,0.000000e+00,0.000000e+00,0.000000e+00,0.000000e+00,0.000000e+00,0.000000e+00,0.000000e+00
1.000000e+00,0.000000e+00,0.000000e+00,0.000000e+00,0.000000e+00,0.000000e+00,0.000000e+00,0.000000e+00,0.000000e+00,0.000000e+00,0.000000e+00,0.000000e+00,0.000000e+00,0.000000e+00,0.000000e+00
1.000000e+00,0.000000e+00,0.000000e+00,0.000000e+00,0.000000e+00,0.000000e+00,0.000000e+00,0.000000e+00,0.000000e+00,0.000000e+00,0.000000e+00,0.000000e+00,0.000000e+00,0.000000e+00,0.000000e+00
4.391492e-01,4.098966e-03,1.125960e-02,1.436617e-02,3.053598e-03,8.843181e-03,6.889569e-03,4.833476e-01,1.604113e-03,6.815384e-04,3.770686e-03,8.468235e-03,7.273627e-03,1.620636e-03,5.573244e-03
3.327092e-01,2.934664e-03,8.528434e-03,1.051575e-02,3.240173e-03,6.707394e-03,6.561024e-03,6.075678e-01,1.150973e-03,5.296703e-04,2.728519e-03,6.187416e-03,5.481748e-03,1.170830e-03,3.986365e-03
2.434106e-01,2.096260e-03,6.587999e-03,7.777283e-03,3.239725e-03,4.938362e-03,6.333641e-03,7.099303e-01,8.170009e-04,3.986966e-04,1.985400e-03,4.510943e-03,4.286871e-03,8.467509e-04,2.840138e-03
1.884182e-01,1.579148e-03,5.642619e-03,5.917280e-03,3.927490e-03,4.712434e-03,1.255497e-02,7.641373e-01,6.061808e-04,3.740711e-04,1.528215e-03,3.564607e-03,4.191168e-03,6.494066e-04,2.196902e-03
1.488279e-01,1.192551e-03,4.416822e-03,4.414037e-03,7.623799e-03,4.765467e-03,1.316293e-02,8.041164e-01,4.650045e-04,3.987237e-04,1.289474e-03,2.777258e-03,4.329005e-03,4.823783e-04,1.738211e-03
1.303972e-01,9.619984e-04,3.512059e-03,3.336109e-03,1.553404e-02,8.600463e-03,1.261837e-02,8.129607e-01,3.813920e-04,4.859531e-04,1.343688e-03,2.388460e-03,5.551782e-03,3.873521e-04,1.540415e-03
1.314937e-01,1.619952e-03,3.203837e-03,2.687386e-03,1.817543e-02,1.525945e-02,9.545021e-03,7.815918e-01,1.050679e-03,9.614488e-04,7.515913e-03,3.649810e-03,1.780172e-02,1.982525e-03,3.461307e-03
1.185054e-01,2.326182e-03,3.923289e-03,6.558025e-03,1.453481e-02,3.558550e-02,8.125328e-03,6.387320e-01,5.499220e-03,2.436424e-03,1.213481e-02,1.063358e-02,1.217594e-01,3.696670e-03,1.554947e-02
1.479147e-01,3.233462e-03,7.498956e-03,8.534300e-03,1.338759e-02,3.768268e-02,7.753861e-03,5.575197e-01,9.393355e-03,4.366262e-03,1.693957e-02,1.624403e-02,1.309462e-01,6.042480e-03,3.254280e-02
1.159350e-01,6.228289e-03,7.181204e-03,1.694280e-02,1.111678e-02,3.800982e-02,6.559675e-03,4.029693e-01,2.234530e-02,1.049212e-02,4.258082e-02,1.758583e-02,1.732942e-01,1.229978e-02,1.164591e-01
9.700540e-02,1.533199e-02,1.338832e-02,3.437086e-02,1.009061e-02,3.211888e-02,5.495459e-03,2.860107e-01,3.900739e-02,2.843461e-02,6.144799e-02,1.681612e-02,1.673410e-01,1.944483e-02,1.736958e-01
1.974637e-01,1.450516e-02,1.671665e-02,4.147735e-02,9.435819e-03,3.610136e-02,4.806022e-03,2.034756e-01,3.909158e-02,2.537540e-02,5.523319e-02,2.011441e-02,1.421055e-01,2.079931e-02,1.732989e-01
2.018615e-01,1.439030e-02,1.558657e-02,4.023964e-02,1.149479e-02,3.232987e-02,4.716967e-03,1.453883e-01,4.687503e-02,2.327141e-02,7.635710e-02,1.707675e-02,1.435862e-01,3.129636e-02,1.955292e-01
2.095757e-01,1.223809e-02,1.210947e-02,3.174182e-02,1.023395e-02,2.685907e-02,3.844957e-03,1.031730e-01,6.673304e-02,1.953260e-02,9.606168e-02,1.646680e-02,1.516067e-01,5.015102e-02,1.896721e-01
1.554283e-01,9.880772e-03,9.333435e-03,2.470332e-02,9.607821e-03,2.010024e-02,2.809603e-03,7.264078e-02,1.746941e-01,1.858397e-02,1.194696e-01,1.590540e-02,1.461349e-01,5.384225e-02,1.668654e-01
1.198088e-01,8.193370e-03,7.286628e-03,2.026562e-02,8.742516e-03,1.596493e-02,2.052331e-03,5.105864e-02,2.587583e-01,2.150785e-02,1.393952e-01,1.470683e-02,1.198506e-01,7.643270e-02,1.359756e-01
9.665988e-02,9.785508e-03,6.623925e-03,1.946387e-02,1.030517e-02,1.624372e-02,1.644857e-03,3.616676e-02,3.245773e-01,2.952915e-02,1.508868e-01,1.228114e-02,9.132413e-02,8.661200e-02,1.078958e-01
7.114831e-02,9.172616e-03,6.168148e-03,1.383193e-02,7.944419e-03,1.213680e-02,1.190634e-03,2.537291e-02,2.545919e-01,2.356499e-02,1.268973e-01,9.151962e-03,6.491340e-02,2.862818e-01,8.763284e-02
6.173042e-02,1.191240e-02,1.731248e-02,1.030290e-02,6.572603e-03,9.936102e-03,1.055452e-03,1.807989e-02,2.237639e-01,3.106933e-02,1.014929e-01,7.126645e-03,4.633885e-02,3.747061e-01,7.860000e-02
5.340661e-02,1.072371e-02,2.376255e-02,7.776333e-03,5.533284e-03,7.766549e-03,8.049958e-04,1.296624e-02,1.872678e-01,2.554817e-02,7.922936e-02,5.269668e-03,3.339593e-02,4.751408e-01,7.140791e-02
4.765461e-02,8.744791e-03,1.920680e-02,5.657865e-03,4.425465e-03,6.259361e-03,5.990548e-04,9.559290e-03,1.550938e-01,2.310499e-02,5.927357e-02,3.876176e-03,2.388201e-02,5.741847e-01,5.847757e-02
6.890345e-02,7.841736e-03,2.465766e-02,6.854143e-03,4.406186e-03,1.128625e-02,1.036358e-03,8.835840e-03,1.384912e-01,2.231445e-02,4.607793e-02,3.616877e-03,1.875986e-02,5.878611e-01,4.905697e-02
5.779352e-02,8.302360e-03,3.683449e-02,6.179770e-03,6.622694e-03,9.306052e-03,9.400019e-04,1.959404e-02,1.201887e-01,1.967925e-02,3.976361e-02,3.174087e-03,1.426574e-02,6.148961e-01,4.245955e-02
4.984675e-02,8.819555e-03,4.149278e-02,4.783039e-03,7.398321e-03,7.535810e-03,7.226288e-04,1.917866e-02,1.023394e-01,3.446233e-02,3.708643e-02,2.481177e-03,1.064709e-02,6.303278e-01,4.287824e-02
5.321615e-02,1.342233e-02,6.692377e-02,2.715014e-02,1.589481e-02,6.818892e-03,1.346286e-03,3.269543e-02,1.888421e-01,2.895993e-02,3.153300e-02,2.287443e-03,9.404027e-03,4.867077e-01,3.479790e-02
1.296061e-01,1.259836e-02,5.345476e-02,2.377508e-02,2.632556e-02,8.122791e-03,1.612044e-03,3.587349e-02,1.618500e-01,2.581909e-02,2.763306e-02,2.936588e-03,8.355123e-03,4.523023e-01,2.973558e-02
1.846969e-01,1.535827e-02,4.762196e-02,1.910906e-02,2.088921e-02,7.466317e-03,1.836846e-03,4.673061e-02,1.543731e-01,2.238224e-02,2.211319e-02,2.532667e-03,6.765048e-03,4.222106e-01,2.591402e-02
2.135702e-01,2.119954e-02,8.204207e-02,2.954506e-02,1.931372e-02,9.614324e-03,1.781742e-03,3.684581e-02,1.771249e-01,2.372903e-02,1.777629e-02,2.863110e-03,5.768256e-03,3.134915e-01,4.533444e-02
2.520965e-01,2.534166e-02,6.373052e-02,2.859052e-02,2.326516e-02,1.050988e-02,1.607882e-03,2.993403e-02,1.657448e-01,3.040303e-02,1.582670e-02,3.640248e-03,6.067241e-03,2.442456e-01,9.899619e-02
2.766457e-01,2.944081e-02,5.176597e-02,2.564340e-02,2.156604e-02,1.306418e-02,1.786534e-03,2.414443e-02,1.596060e-01,5.396646e-02,1.331297e-02,4.997507e-03,6.331251e-03,1.964328e-01,1.212959e-01
2.505852e-01,2.968467e-02,4.786602e-02,4.145734e-02,2.496614e-02,1.145575e-02,1.938663e-03,3.484380e-02,1.954369e-01,6.358788e-02,1.194087e-02,4.961205e-03,6.925692e-03,1.455566e-01,1.287932e-01
2.137496e-01,2.687752e-02,1.047365e-01,4.983035e-02,2.149291e-02,9.547967e-03,1.631947e-03,2.703801e-02,1.694676e-01,1.262409e-01,9.291752e-03,4.260920e-03,5.309033e-03,1.032925e-01,1.272324e-01
1.626177e-01,2.564092e-02,1.735861e-01,3.772354e-02,1.636871e-02,7.642603e-03,1.225122e-03,2.192809e-02,1.341492e-01,2.061075e-01,6.945766e-03,3.142650e-03,4.085459e-03,7.339507e-02,1.254415e-01
1.358484e-01,3.073396e-02,2.049574e-01,2.933115e-02,1.577722e-02,6.293956e-03,1.097790e-03,2.381065e-02,1.142796e-01,2.182140e-01,5.462683e-03,2.421122e-03,3.642730e-03,5.340872e-02,1.547205e-01
1.566551e-01,5.691689e-02,1.928046e-01,2.326146e-02,2.227624e-02,6.628122e-03,1.564501e-03,2.505303e-02,1.022270e-01,1.676211e-01,4.880528e-03,2.347390e-03,4.899080e-03,4.518110e-02,1.876838e-01
1.832807e-01,8.203307e-02,1.692928e-01,1.967694e-02,2.198298e-02,9.828407e-03,1.943970e-03,3.600615e-02,1.181356e-01,1.280874e-01,4.034421e-03,2.177613e-03,6.284822e-03,3.870143e-02,1.785337e-01
2.574661e-01,1.079957e-01,1.262617e-01,1.758865e-02,2.203674e-02,1.263082e-02,2.715948e-03,3.144543e-02,1.260995e-01,1.000489e-01,3.662655e-03,3.214337e-03,7.468238e-03,3.110860e-02,1.502568e-01
2.618170e-01,1.390085e-01,9.233833e-02,1.426648e-02,1.926163e-02,2.463220e-02,2.532012e-03,2.332982e-02,1.306781e-01,7.519635e-02,4.399611e-03,3.015499e-03,1.038909e-02,3.285574e-02,1.662797e-01
2.505845e-01,1.769398e-01,6.639134e-02,1.146753e-02,1.619978e-02,6.649507e-02,2.630527e-03,1.772683e-02,1.583149e-01,5.524004e-02,4.474492e-03,3.139225e-03,1.079017e-02,2.987417e-02,1.297316e-01
2.621898e-01,2.199651e-01,4.963659e-02,1.560711e-02,1.496067e-02,5.393502e-02,2.671611e-03,1.436548e-02,1.352112e-01,5.037407e-02,6.958290e-03,1.173635e-02,9.635799e-03,2.327927e-02,1.294737e-01
1.969828e-01,1.666057e-01,3.780594e-02,1.294036e-02,1.098108e-02,4.154110e-02,2.078010e-03,1.046392e-02,9.719633e-02,2.779631e-01,8.956009e-03,1.018040e-02,9.431363e-03,1.696008e-02,9.991390e-02
1.724838e-01,1.395510e-01,2.972947e-02,3.879080e-02,9.260541e-03,3.179970e-02,2.000255e-03,1.066728e-02,1.550884e-01,2.341922e-01,2.643222e-02,1.121427e-02,1.575708e-02,1.520781e-02,1.078252e-01
1.250895e-01,1.042534e-01,2.302873e-02,3.003650e-02,7.100609e-03,2.387154e-02,1.447737e-03,8.075504e-03,2.373338e-01,2.525770e-01,4.149310e-02,9.072402e-03,2.517662e-02,2.098362e-02,9.045995e-02
9.157963e-02,7.624363e-02,1.651756e-02,2.152071e-02,5.718620e-03,1.774384e-02,1.048729e-03,6.169863e-03,2.735293e-01,2.960132e-01,4.381886e-02,6.964365e-03,2.409234e-02,2.118758e-02,9.785181e-02
6.672969e-02,5.831601e-02,1.516228e-02,1.721442e-02,5.367641e-03,1.293793e-02,7.887527e-04,4.576580e-03,3.353740e-01,3.235941e-01,3.300827e-02,5.274301e-03,1.885583e-02,1.728857e-02,8.551164e-02
4.929324e-02,4.424003e-02,1.192728e-02,1.284214e-02,4.321622e-03,1.020681e-02,6.325605e-04,3.305414e-03,2.717875e-01,4.263731e-01,2.539287e-02,4.044012e-03,1.523427e-02,1.494331e-02,1.054559e-01
7.468121e-02,3.375290e-02,9.659087e-03,9.928282e-03,3.591122e-03,9.668942e-03,5.994549e-04,2.639324e-03,2.023861e-01,3.152122e-01,2.408329e-02,3.260239e-03,1.403425e-02,2.129187e-02,2.752118e-01
8.906922e-02,2.591750e-02,9.017691e-03,7.303311e-03,1.030156e-02,1.349019e-02,8.994860e-04,2.505222e-03,1.459178e-01,2.276627e-01,2.114687e-02,2.798847e-03,1.247269e-02,3.211654e-02,3.993804e-01
8.871886e-02,3.610967e-02,1.020320e-02,1.541302e-02,4.253952e-02,1.707476e-02,1.734514e-03,3.814980e-03,1.373203e-01,1.673492e-01,1.954243e-02,3.340665e-03,1.214898e-02,3.197871e-02,4.127112e-01
1.595153e-01,4.442668e-02,8.752222e-03,1.710898e-02,3.947784e-02,1.780196e-02,2.500222e-03,4.734216e-03,1.286231e-01,1.296974e-01,2.045622e-02,6.989565e-03,1.560872e-02,3.275596e-02,3.715516e-01
1.819174e-01,3.608064e-02,7.040359e-03,1.650893e-02,2.934879e-02,1.888497e-02,2.530718e-03,4.721733e-03,1.089273e-01,9.483538e-02,2.289852e-02,8.639142e-03,1.561993e-02,4.594827e-02,4.060979e-01
1.916862e-01,3.421048e-02,6.104795e-03,1.946328e-02,2.296665e-02,2.032119e-02,2.122268e-03,3.752581e-03,1.115299e-01,6.999564e-02,2.424323e-02,9.505638e-03,1.586845e-02,5.628752e-02,4.119422e-01
2.148589e-01,2.866204e-02,1.058902e-02,2.508130e-02,1.946750e-02,1.955464e-02,2.631411e-03,4.296594e-03,1.567429e-01,5.404583e-02,2.235400e-02,9.524459e-03,1.449354e-02,9.596696e-02,3.217309e-01
2.204885e-01,2.569570e-02,1.547509e-02,2.854361e-02,1.682674e-02,2.054375e-02,2.568204e-03,3.755549e-03,1.885959e-01,4.501159e-02,1.882710e-02,9.239830e-03,1.453902e-02,1.002695e-01,2.896199e-01
2.371298e-01,2.109283e-02,9.979634e-02,3.217264e-02,1.582297e-02,2.041212e-02,3.392985e-03,5.137570e-03,1.597490e-01,3.733873e-02,1.973973e-02,8.792127e-03,1.792375e-02,9.112655e-02,2.303729e-01
1.975317e-01,1.772236e-02,1.688745e-01,3.096246e-02,1.912590e-02,1.718070e-02,3.330603e-03,1.081612e-02,1.203140e-01,2.967691e-02,1.793098e-02,6.976302e-03,1.693899e-02,8.262501e-02,2.599934e-01
2.416595e-01,1.704249e-02,1.870096e-01,3.186449e-02,2.395044e-02,1.684333e-02,2.930093e-03,1.074906e-02,9.165613e-02,2.601793e-02,2.300936e-02,8.377879e-03,1.562993e-02,9.159204e-02,2.116677e-01
2.640640e-01,1.760126e-02,1.837201e-01,6.436577e-02,3.502747e-02,1.541908e-02,2.998224e-03,1.866671e-02,7.670911e-02,2.444398e-02,2.521025e-02,9.392435e-03,1.706254e-02,8.396939e-02,1.613496e-01
2.926409e-01,1.886049e-02,1.615621e-01,5.510380e-02,4.517037e-02,1.431879e-02,2.718672e-03,3.910863e-02,6.887940e-02,2.903990e-02,2.362847e-02,9.820885e-03,1.527443e-02,8.128376e-02,1.425894e-01
2.632954e-01,2.281041e-02,1.494487e-01,5.024503e-02,4.154395e-02,1.119173e-02,2.614771e-03,1.453551e-01,6.629936e-02,2.444014e-02,2.099969e-02,9.279757e-03,1.380896e-02,6.378610e-02,1.148808e-01
2.833145e-01,2.551546e-02,1.318640e-01,4.694616e-02,5.101494e-02,9.917104e-03,3.033685e-03,1.875526e-01,5.696816e-02,2.248960e-02,1.843384e-02,9.501612e-03,1.294599e-02,4.909208e-02,9.141024e-02
2.927139e-01,2.297894e-02,1.215396e-01,4.866628e-02,5.577155e-02,8.098743e-03,3.524706e-03,2.284483e-01,4.426379e-02,2.891487e-02,1.585130e-02,8.077388e-03,1.040129e-02,3.639644e-02,7.435282e-02
2.713908e-01,3.500941e-02,1.230895e-01,7.166316e-02,5.916438e-02,1.017765e-02,4.728816e-03,1.891545e-01,5.155161e-02,6.135114e-02,1.352286e-02,7.656647e-03,9.290352e-03,2.773093e-02,6.451830e-02
2.347061e-01,4.105281e-02,1.173122e-01,1.259018e-01,6.373183e-02,1.160575e-02,5.027724e-03,1.674382e-01,6.744783e-02,5.675581e-02,1.309790e-02,9.215814e-03,8.803122e-03,2.012691e-02,5.777626e-02
2.190042e-01,3.918116e-02,1.145150e-01,1.334325e-01,6.599228e-02,9.980729e-03,5.199253e-03,2.057583e-01,6.997656e-02,4.481646e-02,1.136241e-02,8.243566e-03,8.491689e-03,1.509019e-02,4.895581e-02
1.863430e-01,3.444124e-02,9.705405e-02,1.355428e-01,6.285715e-02,8.291288e-03,4.699672e-03,2.907671e-01,6.538595e-02,3.477493e-02,1.019081e-02,6.868704e-03,7.470561e-03,1.105402e-02,4.425879e-02
1.541587e-01,4.965562e-02,8.257481e-02,1.108794e-01,5.304182e-02,6.998873e-03,3.692355e-03,3.820276e-01,5.649727e-02,2.660829e-02,8.779755e-03,5.653400e-03,8.071884e-03,8.763977e-03,4.259615e-02
1.168235e-01,4.970828e-02,6.422653e-02,7.953010e-02,4.126637e-02,5.649284e-03,2.923392e-03,5.210892e-01,4.205076e-02,1.990574e-02,6.521810e-03,4.246641e-03,6.998622e-03,6.604632e-03,3.245518e-02
8.891068e-02,4.345354e-02,5.084406e-02,5.745104e-02,3.257105e-02,4.506385e-03,2.458237e-03,6.301985e-01,3.121689e-02,1.518716e-02,4.955159e-03,3.402893e-03,5.682997e-03,4.852891e-03,2.430850e-02
7.275564e-02,3.269512e-02,4.468071e-02,4.808544e-02,2.937924e-02,4.301771e-03,2.084718e-03,6.952477e-01,2.251591e-02,1.289750e-02,4.185001e-03,4.224310e-03,5.068390e-03,3.545169e-03,1.833340e-02
6.246017e-02,2.521242e-02,3.415862e-02,3.478259e-02,2.492393e-02,3.950370e-03,1.745675e-03,7.604384e-01,1.629095e-02,9.876591e-03,3.148553e-03,3.261026e-03,3.889392e-03,2.540868e-03,1.332045e-02
9.054352e-02,2.158112e-02,2.576894e-02,2.556796e-02,2.669974e-02,4.083627e-03,1.725990e-03,7.640411e-01,1.233955e-02,7.318173e-03,2.442552e-03,2.672940e-03,3.444421e-03,1.910113e-03,9.860275e-03
1.185906e-01,2.080243e-02,1.983658e-02,1.938712e-02,2.698791e-02,4.546676e-03,2.003743e-03,7.548165e-01,1.019455e-02,5.373194e-03,1.977877e-03,2.513964e-03,3.446327e-03,1.488656e-03,8.033805e-03
1.099475e-01,1.604214e-02,1.659308e-02,1.481546e-02,2.182611e-02,5.461013e-03,2.111169e-03,7.866695e-01,7.598110e-03,3.829526e-03,1.634459e-03,2.706452e-03,3.138208e-03,1.193691e-03,6.433578e-03
1.389961e-01,1.277811e-02,1.287617e-02,1.137003e-02,1.672399e-02,6.067919e-03,2.544176e-03,7.750900e-01,6.443756e-03,2.806555e-03,1.376177e-03,3.198690e-03,2.979252e-03,1.002637e-03,5.746441e-03
1.527997e-01,1.033176e-02,1.020536e-02,8.876634e-03,1.314640e-02,5.574606e-03,2.380231e-03,7.764487e-01,5.271636e-03,2.069577e-03,1.135711e-03,3.214189e-03,2.458608e-03,8.374436e-04,5.249484e-03
2.093583e-01,8.177581e-03,9.012414e-03,7.907910e-03,1.040515e-02,7.805355e-03,3.676319e-03,7.225467e-01,4.508463e-03,1.594960e-03,1.314718e-03,4.370683e-03,2.918698e-03,8.609442e-04,5.541830e-03
2.815829e-01,6.617127e-03,7.196909e-03,7.038795e-03,8.093352e-03,1.365735e-02,4.259056e-03,6.464421e-01,4.096726e-03,1.495253e-03,1.742376e-03,5.676583e-03,3.955307e-03,1.026129e-03,7.120150e-03
3.896736e-01,6.165997e-03,6.569359e-03,7.749566e-03,6.687345e-03,1.959613e-02,4.690799e-03,5.239782e-01,4.273307e-03,1.492092e-03,2.381644e-03,9.277577e-03,7.333361e-03,1.356123e-03,8.774950e-03
1.000000e+00,0.000000e+00,0.000000e+00,0.000000e+00,0.000000e+00,0.000000e+00,0.000000e+00,0.000000e+00,0.000000e+00,0.000000e+00,0.000000e+00,0.000000e+00,0.000000e+00,0.000000e+00,0.000000e+00
4.574162e-01,9.055696e-03,1.068471e-02,1.349050e-02,5.049942e-03,4.230539e-02,6.172323e-03,2.701781e-01,1.075293e-02,4.811855e-03,4.834214e-03,1.783086e-02,9.328415e-02,3.373227e-03,5.075988e-02
3.825999e-01,1.113423e-02,1.695132e-02,1.977582e-02,6.460584e-03,3.662632e-02,5.801707e-03,1.938503e-01,2.930276e-02,1.680468e-02,5.923226e-03,1.539322e-02,1.298454e-01,9.566596e-03,1.199640e-01
4.437795e-01,1.033746e-02,1.674129e-02,1.971427e-02,7.330171e-03,3.677708e-02,5.661287e-03,1.379247e-01,2.665478e-02,1.433364e-02,5.853229e-03,1.372261e-02,1.201713e-01,1.021220e-02,1.307864e-01
1.000000e+00,0.000000e+00,0.000000e+00,0.000000e+00,0.000000e+00,0.000000e+00,0.000000e+00,0.000000e+00,0.000000e+00,0.000000e+00,0.000000e+00,0.000000e+00,0.000000e+00,0.000000e+00,0.000000e+00
1.000000e+00,0.000000e+00,0.000000e+00,0.000000e+00,0.000000e+00,0.000000e+00,0.000000e+00,0.000000e+00,0.000000e+00,0.000000e+00,0.000000e+00,0.000000e+00,0.000000e+00,0.000000e+00,0.000000e+00
1.000000e+00,0.000000e+00,0.000000e+00,0.000000e+00,0.000000e+00,0.000000e+00,0.000000e+00,0.000000e+00,0.000000e+00,0.000000e+00,0.000000e+00,0.000000e+00,0.000000e+00,0.000000e+00,0.000000e+00
1.000000e+00,0.000000e+00,0.000000e+00,0.000000e+00,0.000000e+00,0.000000e+00,0.000000e+00,0.000000e+00,0.000000e+00,0.000000e+00,0.000000e+00,0.000000e+00,0.000000e+00,0.000000e+00,0.000000e+00
1.000000e+00,0.000000e+00,0.000000e+00,0.000000e+00,0.000000e+00,0.000000e+00,0.000000e+00,0.000000e+00,0.000000e+00,0.000000e+00,0.000000e+00,0.000000e+00,0.000000e+00,0.000000e+00,0.000000e+00
1.000000e+00,0.000000e+00,0.000000e+00,0.000000e+00,0.000000e+00,0.000000e+00,0.000000e+00,0.000000e+00,0.000000e+00,0.000000e+00,0.000000e+00,0.000000e+00,0.000000e+00,0.000000e+00,0.000000e+00
1.000000e+00,0.000000e+00,0.000000e+00,0.000000e+00,0.000000e+00,0.000000e+00,0.000000e+00,0.000000e+00,0.000000e+00,0.000000e+00,0.000000e+00,0.000000e+00,0.000000e+00,0.000000e+00,0.000000e+00
1.000000e+00,0.000000e+00,0.000000e+00,0.000000e+00,0.000000e+00,0.000000e+00,0.000000e+00,0.000000e+00,0.000000e+00,0.000000e+00,0.000000e+00,0.000000e+00,0.000000e+00,0.000000e+00,0.000000e+00
1.000000e+00,0.000000e+00,0.000000e+00,0.000000e+00,0.000000e+00,0.000000e+00,0.000000e+00,0.000000e+00,0.000000e+00,0.000000e+00,0.000000e+00,0.000000e+00,0.000000e+00,0.000000e+00,0.000000e+00
4.874053e-01,1.219713e-02,1.797969e-02,3.537034e-02,2.373576e-02,1.465405e-02,3.731999e-03,2.385467e-02,3.443434e-02,5.837712e-03,9.158217e-03,1.072535e-02,3.197915e-02,5.821961e-03,2.831143e-01
4.270283e-01,1.040980e-02,1.605739e-02,2.937638e-02,2.938005e-02,1.210427e-02,4.251766e-03,2.629953e-02,4.590197e-02,5.839613e-03,8.792144e-03,1.047665e-02,3.075751e-02,6.732159e-03,3.365925e-01
3.883625e-01,1.089188e-02,1.340872e-02,2.462276e-02,2.744699e-02,1.142471e-02,3.981272e-03,3.143406e-02,8.311258e-02,5.579365e-03,8.224224e-03,1.109367e-02,2.842182e-02,1.048108e-02,3.415144e-01
3.400670e-01,1.306304e-02,1.198380e-02,2.544356e-02,2.337753e-02,1.025690e-02,3.234564e-03,2.715787e-02,1.852619e-01,5.864283e-03,7.214326e-03,1.006579e-02,2.819813e-02,9.839873e-03,2.989715e-01
2.741627e-01,1.630963e-02,2.052472e-02,2.797735e-02,1.848544e-02,8.703421e-03,2.647240e-03,2.198561e-02,3.257135e-01,6.089727e-03,5.829690e-03,8.366943e-03,2.608501e-02,7.475843e-03,2.296431e-01
2.250646e-01,1.459356e-02,1.585300e-02,2.453976e-02,1.517465e-02,7.339015e-03,2.393034e-03,1.683483e-02,4.360230e-01,5.254483e-03,5.051879e-03,6.196655e-03,2.240111e-02,6.088257e-03,1.971922e-01
2.123436e-01,1.437505e-02,1.145413e-02,2.168028e-02,1.247395e-02,6.241323e-03,2.046734e-03,1.216889e-02,4.771839e-01,4.569701e-03,4.511639e-03,4.961025e-03,2.379319e-02,5.606264e-03,1.865903e-01
1.751351e-01,1.329720e-02,8.464240e-03,1.728892e-02,9.446505e-03,5.408928e-03,1.510672e-03,8.985760e-03,4.955713e-01,3.831587e-03,4.343105e-03,3.943000e-03,1.987492e-02,6.359684e-03,2.265391e-01
1.414618e-01,1.070007e-02,6.238740e-03,1.305356e-02,7.069197e-03,4.316065e-03,1.115072e-03,6.566165e-03,4.663968e-01,3.122484e-03,3.756030e-03,2.996201e-03,1.543670e-02,8.134142e-03,3.096369e-01
1.029603e-01,8.962341e-03,5.638097e-03,9.773985e-03,5.369165e-03,3.173016e-03,8.070381e-04,5.129560e-03,5.488783e-01,2.495932e-03,3.039339e-03,2.327833e-03,1.203961e-02,6.610047e-03,2.827955e-01
8.615469e-02,6.937628e-03,4.017169e-03,6.982972e-03,3.882938e-03,2.645582e-03,6.100934e-04,3.705891e-03,4.640594e-01,2.168230e-03,3.964703e-03,1.766039e-03,1.186812e-02,1.087910e-02,3.903574e-01
6.740355e-02,5.932359e-03,3.007536e-03,5.039420e-03,2.795290e-03,2.185009e-03,4.487139e-04,2.668454e-03,4.141883e-01,1.971762e-03,4.605579e-03,1.362425e-03,1.080808e-02,1.264421e-02,4.649393e-01
5.209867e-02,4.894406e-03,2.315042e-03,3.733560e-03,2.036060e-03,2.114761e-03,3.553250e-04,1.918038e-03,3.652846e-01,1.654227e-03,5.803705e-03,1.145843e-03,9.388835e-03,1.409460e-02,5.331623e-01
4.806567e-02,3.824133e-03,1.705444e-03,2.813213e-03,1.481660e-03,3.416243e-03,2.842837e-04,1.363190e-03,3.430666e-01,1.650554e-03,1.338704e-02,1.104822e-03,8.973718e-03,2.210276e-02,5.467606e-01
3.611371e-02,3.182483e-03,1.255960e-03,2.216406e-03,1.069436e-03,3.725396e-03,2.074670e-04,9.659603e-04,4.268032e-01,5.341698e-03,1.722870e-02,1.542979e-03,1.373852e-02,2.802988e-02,4.585782e-01
2.693525e-02,3.273525e-03,1.309772e-03,1.977023e-03,1.139262e-03,4.009393e-03,1.853742e-04,7.867738e-04,3.602698e-01,5.522033e-03,5.853979e-02,2.808061e-03,3.849658e-02,4.107052e-02,4.536768e-01
2.185820e-02,3.795011e-03,1.582256e-03,2.027957e-03,9.419052e-04,4.202563e-03,1.739412e-04,5.904178e-04,3.404270e-01,3.556510e-02,6.976192e-02,3.310527e-03,4.208213e-02,5.092017e-02,4.227609e-01
1.665019e-02,3.381871e-03,2.938429e-03,2.472594e-03,1.069216e-03,5.425537e-03,2.749098e-04,4.559377e-04,2.631246e-01,6.483437e-02,7.029554e-02,3.920539e-03,4.170515e-02,5.243395e-02,4.710172e-01
1.305079e-02,2.809771e-03,2.699698e-03,2.583021e-03,2.565179e-03,6.330032e-03,4.068298e-04,3.680858e-04,1.934815e-01,7.755540e-02,6.829909e-02,4.207283e-03,4.265949e-02,4.600514e-02,5.369787e-01
9.516596e-03,2.194588e-03,2.576901e-03,2.021157e-03,4.519060e-03,4.899532e-03,3.738566e-04,2.848290e-04,1.375113e-01,1.168714e-01,6.019721e-02,5.542141e-03,4.599368e-02,3.551266e-02,5.719851e-01
6.900823e-03,1.599484e-03,2.056833e-03,2.482962e-03,7.846502e-03,4.020973e-03,3.056624e-04,4.880617e-04,9.919855e-02,1.364245e-01,6.664179e-02,6.626595e-03,4.725752e-02,3.051443e-02,5.876353e-01
5.566320e-03,1.383096e-03,2.827151e-03,4.076938e-03,1.293688e-02,3.107620e-03,2.436250e-04,2.091265e-03,7.898781e-02,1.867197e-01,1.046739e-01,1.230071e-02,6.614850e-02,2.774560e-02,4.911909e-01
5.282413e-03,1.698946e-03,1.721049e-02,5.338047e-03,3.174367e-02,2.362513e-03,2.157348e-04,6.793567e-03,6.721831e-02,2.257843e-01,1.390854e-01,2.909461e-02,6.476483e-02,3.035950e-02,3.730476e-01
5.797443e-03,2.546098e-03,6.321497e-02,5.740364e-03,3.973293e-02,1.901659e-03,3.195199e-04,2.587790e-02,6.369005e-02,2.304958e-01,1.626991e-01,3.845622e-02,6.063114e-02,3.296188e-02,2.659350e-01
8.970067e-03,8.577832e-03,1.891173e-01,6.060285e-03,4.614913e-02,1.678268e-03,1.993665e-03,5.616409e-02,5.616388e-02,1.883307e-01,1.394569e-01,3.022494e-02,4.701716e-02,3.227631e-02,1.878196e-01
1.242087e-02,1.472690e-02,3.032355e-01,6.691288e-03,6.009272e-02,1.576051e-03,1.644438e-03,7.936607e-02,5.816961e-02,1.391149e-01,1.072164e-01,2.216259e-02,3.381914e-02,2.755561e-02,1.322080e-01
1.710193e-02,2.778222e-02,3.338315e-01,7.215993e-03,8.471414e-02,2.155210e-03,1.791030e-03,9.125853e-02,8.195233e-02,1.107291e-01,8.320929e-02,1.633549e-02,2.443506e-02,2.406787e-02,9.342037e-02
1.882690e-02,3.361675e-02,4.182907e-01,9.607994e-03,9.598228e-02,3.373685e-03,2.397575e-03,8.493818e-02,7.832450e-02,8.263692e-02,5.947055e-02,1.166561e-02,1.743702e-02,1.761087e-02,6.582043e-02
2.868791e-02,4.993422e-02,4.102286e-01,9.921346e-03,1.195467e-01,4.054671e-03,3.058085e-03,8.002868e-02,9.816636e-02,7.064696e-02,4.428948e-02,8.405802e-03,1.242326e-02,1.411826e-02,4.648956e-02
5.559853e-02,6.297576e-02,3.183699e-01,1.497539e-02,1.343319e-01,5.430425e-03,3.974884e-03,1.068137e-01,1.318177e-01,7.109547e-02,3.390472e-02,6.589415e-03,9.060616e-03,1.188148e-02,3.318002e-02
8.639988e-02,5.958560e-02,2.892506e-01,1.813287e-02,1.652732e-01,7.524963e-03,3.830457e-03,1.162889e-01,1.242191e-01,5.714093e-02,2.510265e-02,5.881033e-03,7.082961e-03,9.940965e-03,2.434584e-02
8.680178e-02,4.627080e-02,2.326123e-01,3.019373e-02,1.846537e-01,7.116694e-03,3.636384e-03,2.138294e-01,9.811305e-02,4.182412e-02,1.842703e-02,5.530518e-03,5.498671e-03,7.161730e-03,1.833011e-02
9.731098e-02,5.083794e-02,1.952437e-01,2.850338e-02,2.476152e-01,6.819720e-03,2.840346e-03,1.807479e-01,1.118096e-01,3.221043e-02,1.512707e-02,5.498771e-03,4.575638e-03,6.414700e-03,1.444469e-02
1.068154e-01,5.049536e-02,1.503721e-01,1.506466e-01,2.053674e-01,7.289219e-03,2.342121e-03,1.326675e-01,9.122577e-02,3.159408e-02,3.317000e-02,1.312856e-02,4.489392e-03,5.372173e-03,1.502436e-02
7.730504e-02,3.833567e-02,1.080364e-01,1.832765e-01,1.451825e-01,6.032755e-03,1.670065e-03,9.340716e-02,7.523803e-02,2.488345e-02,2.091629e-01,1.454474e-02,6.012605e-03,5.183212e-03,1.172896e-02
5.987114e-02,3.546116e-02,7.629967e-02,1.677961e-01,1.019285e-01,5.663390e-03,1.233572e-03,6.557080e-02,7.640757e-02,2.027273e-02,3.235763e-01,3.155636e-02,1.056349e-02,1.477971e-02,9.019470e-03
4.649482e-02,3.338240e-02,5.431568e-02,1.542035e-01,7.315938e-02,1.065364e-02,1.014416e-03,4.640585e-02,6.100634e-02,1.597815e-02,4.287405e-01,4.036626e-02,1.004981e-02,1.688880e-02,7.340480e-03
1.127361e-01,3.554996e-02,3.954223e-02,1.315202e-01,5.603165e-02,2.243225e-02,1.128768e-03,3.426599e-02,4.977171e-02,1.324959e-02,4.104876e-01,4.588380e-02,1.059807e-02,2.950640e-02,7.295785e-03
1.229611e-01,4.044081e-02,7.356431e-02,1.469040e-01,5.185308e-02,6.474434e-02,1.853697e-03,3.113335e-02,3.937896e-02,1.139376e-02,3.408311e-01,3.654864e-02,8.621806e-03,2.284786e-02,6.923210e-03
1.660849e-01,4.358304e-02,1.330424e-01,1.199686e-01,4.471196e-02,7.834918e-02,1.994912e-03,2.893139e-02,3.280806e-02,1.329209e-02,2.707496e-01,2.980031e-02,8.248296e-03,2.048260e-02,7.952532e-03
2.500841e-01,3.748075e-02,1.134099e-01,1.101203e-01,4.252879e-02,6.940231e-02,2.255348e-03,2.323210e-02,2.760279e-02,1.406364e-02,2.387264e-01,3.146573e-02,7.604078e-03,2.357393e-02,8.449866e-03
3.189605e-01,3.103600e-02,8.818606e-02,1.007440e-01,3.419109e-02,6.248537e-02,2.184593e-03,1.757087e-02,2.364722e-02,1.304395e-02,2.340353e-01,3.255292e-02,7.200182e-03,2.509283e-02,9.069068e-03
3.862240e-01,2.542282e-02,6.690057e-02,7.746728e-02,2.763562e-02,5.509277e-02,2.100648e-03,1.362883e-02,1.929779e-02,1.337983e-02,2.276459e-01,4.009365e-02,8.216651e-03,2.782427e-02,9.069395e-03
4.583447e-01,2.176749e-02,5.226750e-02,6.097360e-02,2.273908e-02,5.124322e-02,2.049066e-03,1.095331e-02,1.582940e-02,1.307097e-02,2.014148e-01,4.537801e-02,8.703329e-03,2.459190e-02,1.067355e-02
4.855310e-01,2.186465e-02,4.037964e-02,5.457148e-02,1.920461e-02,4.599646e-02,2.483876e-03,1.094221e-02,1.688207e-02,1.258837e-02,1.960971e-01,4.866217e-02,1.027773e-02,2.208624e-02,1.243236e-02
1.000000e+00,0.000000e+00,0.000000e+00,0.000000e+00,0.000000e+00,0.000000e+00,0.000000e+00,0.000000e+00,0.000000e+00,0.000000e+00,0.000000e+00,0.000000e+00,0.000000e+00,0.000000e+00,0.000000e+00
1.000000e+00,0.000000e+00,0.000000e+00,0.000000e+00,0.000000e+00,0.000000e+00,0.000000e+00,0.000000e+00,0.000000e+00,0.000000e+00,0.000000e+00,0.000000e+00,0.000000e+00,0.000000e+00,0.000000e+00
1.000000e+00,0.000000e+00,0.000000e+00,0.000000e+00,0.000000e+00,0.000000e+00,0.000000e+00,0.000000e+00,0.000000e+00,0.000000e+00,0.000000e+00,0.000000e+00,0.000000e+00,0.000000e+00,0.000000e+00
1.000000e+00,0.000000e+00,0.000000e+00,0.000000e+00,0.000000e+00,0.000000e+00,0.000000e+00,0.000000e+00,0.000000e+00,0.000000e+00,0.000000e+00,0.000000e+00,0.000000e+00,0.000000e+00,0.000000e+00
4.642319e-01,3.323021e-02,1.396117e-02,4.614789e-02,2.016452e-02,3.478251e-02,3.821885e-03,1.370173e-02,2.143309e-02,6.573999e-03,2.463157e-01,5.244134e-02,1.017021e-02,1.011258e-02,2.291140e-02
3.780090e-01,5.536078e-02,2.236072e-02,3.434198e-02,4.293850e-02,2.760321e-02,3.965341e-03,3.350921e-02,2.653147e-02,5.339445e-02,2.287626e-01,4.462615e-02,7.941193e-03,9.898107e-03,3.075731e-02
2.896750e-01,5.132861e-02,2.803379e-02,2.632937e-02,6.842086e-02,2.294217e-02,5.630838e-03,1.050559e-01,2.852646e-02,6.918393e-02,2.163869e-01,4.315227e-02,6.787509e-03,1.027392e-02,2.827252e-02
2.144324e-01,5.485978e-02,3.603753e-02,2.155643e-02,8.339213e-02,1.978067e-02,5.953139e-03,1.836323e-01,3.230929e-02,6.077690e-02,2.118060e-01,3.472897e-02,6.029147e-03,8.799151e-03,2.590611e-02
1.586718e-01,4.717235e-02,4.476865e-02,1.900923e-02,6.834301e-02,1.504248e-02,4.709342e-03,3.420144e-01,2.557082e-02,5.207518e-02,1.637301e-01,2.590645e-02,4.777756e-03,6.973480e-03,2.123495e-02
1.264994e-01,5.164260e-02,4.697842e-02,1.633732e-02,6.543674e-02,1.200873e-02,3.778580e-03,4.276042e-01,2.678033e-02,4.272114e-02,1.327636e-01,1.905636e-02,3.644962e-03,7.084279e-03,1.766339e-02
9.259401e-02,3.748927e-02,8.199926e-02,1.256828e-02,5.722536e-02,8.928342e-03,2.870467e-03,5.257177e-01,2.077715e-02,3.065584e-02,9.533516e-02,1.363050e-02,2.624368e-03,5.120397e-03,1.246392e-02
1.026984e-01,3.869291e-02,8.636914e-02,1.186682e-02,8.395198e-02,1.323625e-02,3.173176e-03,4.579105e-01,3.231843e-02,2.479123e-02,1.166467e-01,1.032635e-02,2.098429e-03,6.563726e-03,9.355923e-03
1.031417e-01,4.256025e-02,7.848950e-02,1.130720e-02,1.003560e-01,1.356365e-02,2.450139e-03,3.421679e-01,4.605374e-02,2.237370e-02,2.124917e-01,8.307802e-03,1.751640e-03,6.900662e-03,8.084386e-03
9.949864e-02,3.460854e-02,9.105590e-02,2.304250e-02,1.425601e-01,1.117435e-02,2.322657e-03,3.030039e-01,4.311556e-02,1.798357e-02,2.107737e-01,6.944730e-03,1.540449e-03,5.533716e-03,6.841652e-03
9.941646e-02,2.672478e-02,8.355218e-02,2.963000e-02,1.423255e-01,9.425053e-03,2.067766e-03,2.510590e-01,4.836120e-02,2.166761e-02,2.592070e-01,1.375884e-02,1.607600e-03,5.106379e-03,6.090640e-03
1.154260e-01,2.129084e-02,8.846524e-02,6.198029e-02,1.247366e-01,8.131791e-03,2.274129e-03,2.888231e-01,4.318515e-02,1.906151e-02,2.027344e-01,1.230571e-02,1.601223e-03,4.482401e-03,5.501630e-03
1.693106e-01,1.827052e-02,7.348800e-02,8.972464e-02,1.167645e-01,7.388093e-03,2.278486e-03,2.541360e-01,5.209374e-02,2.148100e-02,1.711172e-01,1.198666e-02,2.015806e-03,4.508883e-03,5.435795e-03
2.686505e-01,1.606467e-02,6.229213e-02,1.042453e-01,9.458070e-02,7.803215e-03,2.404668e-03,2.265310e-01,4.882156e-02,1.672022e-02,1.261991e-01,1.380643e-02,2.602349e-03,3.990621e-03,5.287535e-03
2.827983e-01,1.282808e-02,4.774775e-02,1.043136e-01,7.788181e-02,8.213795e-03,2.392274e-03,2.954147e-01,3.814974e-02,1.211504e-02,9.223226e-02,1.493994e-02,3.410877e-03,3.028686e-03,4.533055e-03
