1.000000e+00,0.000000e+00,0.000000e+00,0.000000e+00,0.000000e+00,0.000000e+00,0.000000e+00,0.000000e+00,0.000000e+00,0.000000e+00,0.000000e+00,0.000000e+00,0.000000e+00,0.000000e+00,0.000000e+00
1.000000e+00,0.000000e+00,0.000000e+00,0.000000e+00,0.000000e+00,0.000000e+00,0.000000e+00,0.000000e+00,0.000000e+00,0.000000e+00,0.000000e+00,0.000000e+00,0.000000e+00,0.000000e+00,0.000000e+00
1.000000e+00,0.000000e+00,0.000000e+00,0.000000e+00,0.000000e+00,0.000000e+00,0.000000e+00,0.000000e+00,0.000000e+00,0.000000e+00,0.000000e+00,0.000000e+00,0.000000e+00,0.000000e+00,0.000000e+00
1.000000e+00,0.000000e+00,0.000000e+00,0.000000e+00,0.000000e+00,0.000000e+00,0.000000e+00,0.000000e+00,0.000000e+00,0.000000e+00,0.000000e+00,0.000000e+00,0.000000e+00,0.000000e+00,0.000000e+00
1.000000e+00,0.000000e+00,0.000000e+00,0.000000e+00,0.000000e+00,0.000000e+00,0.000000e+00,0.000000e+00,0.000000e+00,0.000000e+00,0.000000e+00,0.000000e+00,0.000000e+00,0.000000e+00,0.000000e+00
1.000000e+00,0.000000e+00,0.000000e+00,0.000000e+00,0.000000e+00,0.000000e+00,0.000000e+00,0.000000e+00,0.000000e+00,0.000000e+00,0.000000e+00,0.000000e+00,0.000000e+00,0.000000e+00,0.000000e+00
1.000000e+00,0.000000e+00,0.000000e+00,0.000000e+00,0.000000e+00,0.000000e+00,0.000000e+00,0.000000e+00,0.000000e+00,0.000000e+00,0.000000e+00,0.000000e+00,0.000000e+00,0.000000e+00,0.000000e+00
1.000000e+00,0.000000e+00,0.000000e+00,0.000000e+00,0.000000e+00,0.000000e+00,0.000000e+00,0.000000e+00,0.000000e+00,0.000000e+00,0.000000e+00,0.000000e+00,0.000000e+00,0.000000e+00,0.000000e+00
1.000000e+00,0.000000e+00,0.000000e+00,0.000000e+00,0.000000e+00,0.000000e+00,0.000000e+00,0.000000e+00,0.000000e+00,0.000000e+00,0.000000e+00,0.000000e+00,0.000000e+00,0.000000e+00,0.000000e+00
1.000000e+00,0.000000e+00,0.000000e+00,0.000000e+00,0.000000e+00,0.000000e+00,0.000000e+00,0.000000e+00,0.000000e+00,0.000000e+00,0.000000e+00,0.000000e+00,0.000000e+00,0.000000e+00,0.000000e+00
1.000000e+00,0.000000e+00,0.000000e+00,0.000000e+00,0.000000e+00,0.000000e+00,0.000000e+00,0.000000e+00,0.000000e+00,0.000000e+00,0.000000e+00,0.000000e+00,0.000000e+00,0.000000e+00,0.000000e+00
1.000000e+00,0.000000e+00,0.000000e+00,0.000000e+00,0.000000e+00,0.000000e+00,0.000000e+00,0.000000e+00,0.000000e+00,0.000000e+00,0.000000e+00,0.000000e+00,0.000000e+00,0.000000e+00,0.000000e+00
1.000000e+00,0.000000e+00,0.000000e+00,0.000000e+00,0.000000e+00,0.000000e+00,0.000000e+00,0.000000e+00,0.000000e+00,0.000000e+00,0.000000e+00,0.000000e+00,0.000000e+00,0.000000e+00,0.000000e+00
1.000000e+00,0.000000e+00,0.000000e+00,0.000000e+00,0.000000e+00,0.000000e+00,0.000000e+00,0.000000e+00,0.000000e+00,0.000000e+00,0.000000e+00,0.000000e+00,0.000000e+00,0.000000e+00,0.000000e+00
1.000000e+00,0.000000e+00,0.000000e+00,0.000000e+00,0.000000e+00,0.000000e+00,0.000000e+00,0.000000e+00,0.000000e+00,0.000000e+00,0.000000e+00,0.000000e+00,0.000000e+00,0.000000e+00,0.000000e+00
1.000000e+00,0.000000e+00,0.000000e+00,0.000000e+00,0.000000e+00,0.000000e+00,0.000000e+00,0.000000e+00,0.000000e+00,0.000000e+00,0.000000e+00,0.000000e+00,0.000000e+00,0.000000e+00,0.000000e+00
1.000000e+00,0.000000e+00,0.000000e+00,0.000000e+00,0.000000e+00,0.000000e+00,0.000000e+00,0.000000e+00,0.000000e+00,0.000000e+00,0.000000e+00,0.000000e+00,0.000000e+00,0.000000e+00,0.000000e+00
1.000000e+00,0.000000e+00,0.000000e+00,0.000000e+00,0.000000e+00,0.000000e+00,0.000000e+00,0.000000e+00,0.000000e+00,0.000000e+00,0.000000e+00,0.000000e+00,0.000000e+00,0.000000e+00,0.000000e+00
1.000000e+00,0.000000e+00,0.000000e+00,0.000000e+00,0.000000e+00,0.000000e+00,0.000000e+00,0.000000e+00,0.000000e+00,0.000000e+00,0.000000e+00,0.000000e+00,0.000000e+00,0.000000e+00,0.000000e+00
1.000000e+00,0.000000e+00,0.000000e+00,0.000000e+00,0.000000e+00,0.000000e+00,0.000000e+00,0.000000e+00,0.000000e+00,0.000000e+00,0.000000e+00,0.000000e+00,0.000000e+00,0.000000e+00,0.000000e+00
1.000000e+00,0.000000e+00,0.000000e+00,0.000000e+00,0.000000e+00,0.000000e+00,0.000000e+00,0.000000e+00,0.000000e+00,0.000000e+00,0.000000e+00,0.000000e+00,0.000000e+00,0.000000e+00,0.000000e+00
1.000000e+00,0.000000e+00,0.000000e+00,0.000000e+00,0.000000e+00,0.000000e+00,0.000000e+00,0.000000e+00,0.000000e+00,0.000000e+00,0.000000e+00,0.000000e+00,0.000000e+00,0.000000e+00,0.000000e+00
1.000000e+00,0.000000e+00,0.000000e+00,0.000000e+00,0.000000e+00,0.000000e+00,0.000000e+00,0.000000e+00,0.000000e+00,0.000000e+00,0.000000e+00,0.000000e+00,0.000000e+00,0.000000e+00,0.000000e+00
1.000000e+00,0.000000e+00,0.000000e+00,0.000000e+00,0.000000e+00,0.000000e+00,0.000000e+00,0.000000e+00,0.000000e+00,0.000000e+00,0.000000e+00,0.000000e+00,0.000000e+00,0.000000e+00,0.000000e+00
1.000000e+00,0.000000e+00,0.000000e+00,0.000000e+00,0.000000e+00,0.000000e+00,0.000000e+00,0.000000e+00,0.000000e+00,0.000000e+00,0.000000e+00,0.000000e+00,0.000000e+00,0.000000e+00,0.000000e+00
1.000000e+00,0.000000e+00,0.000000e+00,0.000000e+00,0.000000e+00,0.000000e+00,0.000000e+00,0.000000e+00,0.000000e+00,0.000000e+00,0.000000e+00,0.000000e+00,0.000000e+00,0.000000e+00,0.000000e+00
1.000000e+00,0.000000e+00,0.000000e+00,0.000000e+00,0.000000e+00,0.000000e+00,0.000000e+00,0.000000e+00,0.000000e+00,0.000000e+00,0.000000e+00,0.000000e+00,0.000000e+00,0.000000e+00,0.000000e+00
1.000000e+00,0.000000e+00,0.000000e+00,0.000000e+00,0.000000e+00,0.000000e+00,0.000000e+00,0.000000e+00,0.000000e+00,0.000000e+00,0.000000e+00,0.000000e+00,0.000000e+00,0.000000e+00,0.000000e+00
1.000000e+00,0.000000e+00,0.000000e+00,0.000000e+00,0.000000e+00,0.000000e+00,0.000000e+00,0.000000e+00,0.000000e+00,0.000000e+00,0.000000e+00,0.000000e+00,0.000000e+00,0.000000e+00,0.000000e+00
1.000000e+00,0.000000e+00,0.000000e+00,0.000000e+00,0.000000e+00,0.000000e+00,0.000000e+00,0.000000e+00,0.000000e+00,0.000000e+00,0.000000e+00,0.000000e+00,0.000000e+00,0.000000e+00,0.000000e+00
1.000000e+00,0.000000e+00,0.000000e+00,0.000000e+00,0.000000e+00,0.000000e+00,0.000000e+00,0.000000e+00,0.000000e+00,0.000000e+00,0.000000e+00,0.000000e+00,0.000000e+00,0.000000e+00,0.000000e+00
1.000000e+00,0.000000e+00,0.000000e+00,0.000000e+00,0.000000e+00,0.000000e+00,0.000000e+00,0.000000e+00,0.000000e+00,0.000000e+00,0.000000e+00,0.000000e+00,0.000000e+00,0.000000e+00,0.000000e+00
1.000000e+00,0.000000e+00,0.000000e+00,0.000000e+00,0.000000e+00,0.000000e+00,0.000000e+00,0.000000e+00,0.000000e+00,0.000000e+00,0.000000e+00,0.000000e+00,0.000000e+00,0.000000e+00,0.000000e+00
1.000000e+00,0.000000e+00,0.000000e+00,0.000000e+00,0.000000e+00,0.000000e+00,0.000000e+00,0.000000e+00,0.000000e+00,0.000000e+00,0.000000e+00,0.000000e+00,0.000000e+00,0.000000e+00,0.000000e+00
1.000000e+00,0.000000e+00,0.000000e+00,0.000000e+00,0.000000e+00,0.000000e+00,0.000000e+00,0.000000e+00,0.000000e+00,0.000000e+00,0.000000e+00,0.000000e+00,0.000000e+00,0.000000e+00,0.000000e+00
1.000000e+00,0.000000e+00,0.000000e+00,0.000000e+00,0.000000e+00,0.000000e+00,0.000000e+00,0.000000e+00,0.000000e+00,0.000000e+00,0.000000e+00,0.000000e+00,0.000000e+00,0.000000e+00,0.000000e+00
1.000000e+00,0.000000e+00,0.000000e+00,0.000000e+00,0.000000e+00,0.000000e+00,0.000000e+00,0.000000e+00,0.000000e+00,0.000000e+00,0.000000e+00,0.000000e+00,0.000000e+00,0.000000e+00,0.000000e+00
1.000000e+00,0.000000e+00,0.000000e+00,0.000000e+00,0.000000e+00,0.000000e+00,0.000000e+00,0.000000e+00,0.000000e+00,0.000000e+00,0.000000e+00,0.000000e+00,0.000000e+00,0.000000e+00,0.000000e+00
1.000000e+00,0.000000e+00,0.000000e+00,0.000000e+00,0.000000e+00,0.000000e+00,0.000000e+00,0.000000e+00,0.000000e+00,0.000000e+00,0.000000e+00,0.000000e+00,0.000000e+00,0.000000e+00,0.000000e+00
1.000000e+00,0.000000e+00,0.000000e+00,0.000000e+00,0.000000e+00,0.000000e+00,0.000000e+00,0.000000e+00,0.000000e+00,0.000000e+00,0.000000e+00,0.000000e+00,0.000000e+00,0.000000e+00,0.000000e+00
1.000000e+00,0.000000e+00,0.000000e+00,0.000000e+00,0.000000e+00,0.000000e+00,0.000000e+00,0.000000e+00,0.000000e+00,0.000000e+00,0.000000e+00,0.000000e+00,0.000000e+00,0.000000e+00,0.000000e+00
1.000000e+00,0.000000e+00,0.000000e+00,0.000000e+00,0.000000e+00,0.000000e+00,0.000000e+00,0.000000e+00,0.000000e+00,0.000000e+00,0.000000e+00,0.000000e+00,0.000000e+00,0.000000e+00,0.000000e+00
1.000000e+00,0.000000e+00,0.000000e+00,0.000000e+00,0.000000e+00,0.000000e+00,0.000000e+00,0.000000e+00,0.000000e+00,0.000000e+00,0.000000e+00,0.000000e+00,0.000000e+00,0.000000e+00,0.000000e+00
1.000000e+00,0.000000e+00,0.000000e+00,0.000000e+00,0.000000e+00,0.000000e+00,0.000000e+00,0.000000e+00,0.000000e+00,0.000000e+00,0.000000e+00,0.000000e+00,0.000000e+00,0.000000e+00,0.000000e+00
1.000000e+00,0.000000e+00,0.000000e+00,0.000000e+00,0.000000e+00,0.000000e+00,0.000000e+00,0.000000e+00,0.000000e+00,0.000000e+00,0.000000e+00,0.000000e+00,0.000000e+00,0.000000e+00,0.000000e+00
1.000000e+00,0.000000e+00,0.000000e+00,0.000000e+00,0.000000e+00,0.000000e+00,0.000000e+00,0.000000e+00,0.000000e+00,0.000000e+00,0.000000e+00,0.000000e+00,0.000000e+00,0.000000e+00,0.000000e+00
1.000000e+00,0.000000e+00,0.000000e+00,0.000000e+00,0.000000e+00,0.000000e+00,0.000000e+00,0.000000e+00,0.000000e+00,0.000000e+00,0.000000e+00,0.000000e+00,0.000000e+00,0.000000e+00,0.000000e+00
1.000000e+00,0.000000e+00,0.000000e+00,0.000000e+00,0.000000e+00,0.000000e+00,0.000000e+00,0.000000e+00,0.000000e+00,0.000000e+00,0.000000e+00,0.000000e+00,0.000000e+00,0.000000e+00,0.000000e+00
1.000000e+00,0.000000e+00,0.000000e+00,0.000000e+00,0.000000e+00,0.000000e+00,0.000000e+00,0.000000e+00,0.000000e+00,0.000000e+00,0.000000e+00,0.000000e+00,0.000000e+00,0.000000e+00,0.000000e+00
1.000000e+00,0.000000e+00,0.000000e+00,0.000000e+00,0.000000e+00,0.000000e+00,0.000000e+00,0.000000e+00,0.000000e+00,0.000000e+00,0.000000e+00,0.000000e+00,0.000000e+00,0.000000e+00,0.000000e+00
1.000000e+00,0.000000e+00,0.000000e+00,0.000000e+00,0.000000e+00,0.000000e+00,0.000000e+00,0.000000e+00,0.000000e+00,0.000000e+00,0.000000e+00,0.000000e+00,0.000000e+00,0.000000e+00,0.000000e+00
1.000000e+00,0.000000e+00,0.000000e+00,0.000000e+00,0.000000e+00,0.000000e+00,0.000000e+00,0.000000e+00,0.000000e+00,0.000000e+00,0.000000e+00,0.000000e+00,0.000000e+00,0.000000e+00,0.000000e+00
1.000000e+00,0.000000e+00,0.000000e+00,0.000000e+00,0.000000e+00,0.000000e+00,0.000000e+00,0.000000e+00,0.000000e+00,0.000000e+00,0.000000e+00,0.000000e+00,0.000000e+00,0.000000e+00,0.000000e+00
1.000000e+00,0.000000e+00,0.000000e+00,0.000000e+00,0.000000e+00,0.000000e+00,0.000000e+00,0.000000e+00,0.000000e+00,0.000000e+00,0.000000e+00,0.000000e+00,0.000000e+00,0.000000e+00,0.000000e+00
1.000000e+00,0.000000e+00,0.000000e+00,0.000000e+00,0.000000e+00,0.000000e+00,0.000000e+00,0.000000e+00,0.000000e+00,0.000000e+00,0.000000e+00,0.000000e+00,0.000000e+00,0.000000e+00,0.000000e+00
1.000000e+00,0.000000e+00,0.000000e+00,0.000000e+00,0.000000e+00,0.000000e+00,0.000000e+00,0.000000e+00,0.000000e+00,0.000000e+00,0.000000e+00,0.000000e+00,0.000000e+00,0.000000e+00,0.000000e+00
1.000000e+00,0.000000e+00,0.000000e+00,0.000000e+00,0.000000e+00,0.000000e+00,0.000000e+00,0.000000e+00,0.000000e+00,0.000000e+00,0.000000e+00,0.000000e+00,0.000000e+00,0.000000e+00,0.000000e+00
1.000000e+00,0.000000e+00,0.000000e+00,0.000000e+00,0.000000e+00,0.000000e+00,0.000000e+00,0.000000e+00,0.000000e+00,0.000000e+00,0.000000e+00,0.000000e+00,0.000000e+00,0.000000e+00,0.000000e+00
1.000000e+00,0.000000e+00,0.000000e+00,0.000000e+00,0.000000e+00,0.000000e+00,0.000000e+00,0.000000e+00,0.000000e+00,0.000000e+00,0.000000e+00,0.000000e+00,0.000000e+00,0.000000e+00,0.000000e+00
1.000000e+00,0.000000e+00,0.000000e+00,0.000000e+00,0.000000e+00,0.000000e+00,0.000000e+00,0.000000e+00,0.000000e+00,0.000000e+00,0.000000e+00,0.000000e+00,0.000000e+00,0.000000e+00,0.000000e+00
1.000000e+00,0.000000e+00,0.000000e+00,0.000000e+00,0.000000e+00,0.000000e+00,0.000000e+00,0.000000e+00,0.000000e+00,0.000000e+00,0.000000e+00,0.000000e+00,0.000000e+00,0.000000e+00,0.000000e+00
3.783305e-01,1.613308e-02,4.854066e-02,5.005015e-02,8.164268e-03,1.177695e-02,1.016482e-02,4.315552e-01,4.373705e-03,1.133998e-03,7.897834e-03,1.189782e-02,9.293598e-03,2.287880e-03,8.399532e-03
2.717116e-01,1.160442e-02,4.297141e-02,3.781632e-02,6.093638e-03,9.239564e-03,1.111223e-02,5.756589e-01,3.137139e-03,8.311043e-04,5.868043e-03,8.722112e-03,6.984041e-03,2.065071e-03,6.184360e-03
2.184936e-01,9.084384e-03,4.035455e-02,2.930625e-02,5.251811e-03,9.484263e-03,2.160827e-02,6.380693e-01,2.336887e-03,6.914170e-04,4.672209e-03,7.068686e-03,6.014528e-03,2.502184e-03,5.061695e-03
1.994468e-01,7.103135e-03,3.958819e-02,2.447556e-02,4.953652e-03,1.357898e-02,5.082260e-02,6.352814e-01,1.795556e-03,6.057182e-04,3.734783e-03,5.964052e-03,5.975239e-03,2.334416e-03,4.339944e-03
1.427418e-01,5.037773e-03,3.075654e-02,1.770188e-02,4.408767e-03,1.027471e-02,8.073847e-02,6.903423e-01,1.289604e-03,4.547700e-04,2.687419e-03,4.247601e-03,4.468944e-03,1.724652e-03,3.124671e-03
1.060426e-01,3.718849e-03,2.610900e-02,1.340721e-02,4.503037e-03,8.799953e-03,1.169082e-01,7.063280e-01,9.618439e-04,4.029695e-04,1.997186e-03,3.210550e-03,3.863562e-03,1.352337e-03,2.394556e-03
1.295714e-01,3.382891e-03,2.342344e-02,1.083785e-02,5.843743e-03,1.168749e-02,1.233763e-01,6.740897e-01,9.505665e-04,8.103570e-04,1.964895e-03,3.888048e-03,5.924818e-03,1.240539e-03,3.007951e-03
1.872521e-01,4.056748e-03,2.075362e-02,8.755745e-03,7.120107e-03,1.593436e-02,1.706172e-01,5.591140e-01,1.137197e-03,1.094412e-03,3.072779e-03,5.335644e-03,9.038584e-03,1.501230e-03,5.216264e-03
1.692640e-01,3.988514e-03,2.199949e-02,8.015634e-03,8.078310e-03,1.648563e-02,2.493245e-01,4.960188e-01,1.219939e-03,1.353196e-03,3.110442e-03,5.109313e-03,8.921769e-03,1.448010e-03,5.662551e-03
1.815377e-01,3.589230e-03,1.752475e-02,6.565523e-03,8.964794e-03,2.276988e-02,2.699766e-01,4.592929e-01,1.188033e-03,2.050917e-03,3.299748e-03,5.741301e-03,9.750095e-03,1.274516e-03,6.474188e-03
1.830932e-01,3.323190e-03,1.410574e-02,5.863406e-03,1.042586e-02,2.959034e-02,2.884734e-01,4.337023e-01,1.231060e-03,2.609035e-03,3.344391e-03,5.571689e-03,1.092376e-02,1.097411e-03,6.645162e-03
2.426412e-01,4.792065e-03,1.613784e-02,1.241287e-02,1.176826e-02,6.861371e-02,2.404295e-01,3.562071e-01,2.819957e-03,2.983231e-03,4.414461e-03,9.899149e-03,1.702378e-02,1.196667e-03,8.660255e-03
2.365905e-01,5.627385e-03,1.504391e-02,1.576782e-02,1.056924e-02,1.669303e-01,1.879998e-01,2.709361e-01,5.441550e-03,2.996418e-03,5.682225e-03,1.051083e-02,5.632620e-02,9.872811e-04,8.590434e-03
1.771407e-01,7.177127e-03,1.141514e-02,1.355128e-02,8.916249e-03,1.726237e-01,1.404043e-01,1.994284e-01,2.817511e-02,1.274648e-02,6.480304e-03,9.368632e-03,1.987078e-01,9.185076e-04,1.294635e-02
1.279974e-01,1.265548e-02,8.113886e-03,1.189328e-02,6.559580e-03,1.342959e-01,1.001834e-01,1.407148e-01,3.154119e-02,1.838478e-02,6.292882e-03,8.377289e-03,3.744634e-01,7.387485e-04,1.778792e-02
9.043901e-02,3.561505e-02,6.207499e-03,2.217773e-02,4.881664e-03,9.768154e-02,7.052474e-02,9.862712e-02,6.743574e-02,4.177708e-02,5.692021e-03,7.079741e-03,4.075720e-01,5.771212e-04,4.371193e-02
6.343693e-02,9.047085e-02,7.904003e-03,2.600830e-02,3.460884e-03,6.858033e-02,4.943182e-02,6.904957e-02,2.326150e-01,3.961863e-02,4.263953e-03,5.283456e-03,2.871464e-01,4.379736e-04,5.229183e-02
4.673471e-02,6.858691e-02,6.129672e-03,3.368161e-02,3.515664e-03,5.040529e-02,3.513347e-02,4.868868e-02,3.534225e-01,3.007884e-02,2.723483e-02,7.574032e-03,2.403888e-01,7.646920e-04,4.766029e-02
3.388432e-02,5.667484e-02,5.605015e-03,2.829383e-02,2.934065e-03,3.614147e-02,2.475904e-02,3.428530e-02,4.739020e-01,2.366432e-02,2.057756e-02,5.753985e-03,2.035382e-01,7.631257e-04,4.922284e-02
3.158218e-02,4.365903e-02,9.058457e-03,3.982939e-02,6.079215e-03,3.379069e-02,1.789316e-02,2.537222e-02,4.513890e-01,1.910037e-02,2.693568e-02,7.994659e-03,1.732807e-01,4.199479e-03,1.098357e-01
2.898189e-02,3.502054e-02,9.551926e-03,3.680411e-02,1.117717e-02,3.048220e-02,1.302699e-02,1.905182e-02,4.245490e-01,1.398336e-02,5.297340e-02,1.472582e-02,1.832537e-01,4.749248e-03,1.216689e-01
2.697625e-02,4.464274e-02,7.691529e-02,1.505914e-01,1.423615e-02,2.240903e-02,9.234576e-03,1.345663e-02,3.219926e-01,1.100293e-02,4.442087e-02,2.027500e-02,1.402449e-01,4.596153e-03,9.900554e-02
3.824606e-02,3.398738e-02,5.703826e-02,1.239313e-01,1.652963e-02,1.922965e-02,7.661325e-03,1.171908e-02,2.502516e-01,9.495689e-03,7.351852e-02,3.107220e-02,1.621134e-01,6.578460e-03,1.586274e-01
1.093792e-01,2.638142e-02,4.316091e-02,9.406555e-02,3.109819e-02,2.230196e-02,8.210303e-03,1.266082e-02,1.987265e-01,7.407376e-03,8.448642e-02,3.013149e-02,2.033904e-01,5.581397e-03,1.230181e-01
1.458485e-01,2.340907e-02,4.080078e-02,9.239468e-02,2.931626e-02,2.488637e-02,7.804582e-03,1.319114e-02,1.716066e-01,6.029421e-03,6.778445e-02,5.753401e-02,2.068572e-01,5.458140e-03,1.070788e-01
1.649064e-01,1.884099e-02,3.179545e-02,7.220916e-02,2.973482e-02,2.165563e-02,6.203217e-03,1.151344e-02,1.582204e-01,4.904392e-03,5.370988e-02,5.794688e-02,2.611601e-01,4.812658e-03,1.023865e-01
2.111290e-01,1.712402e-02,2.761815e-02,7.590722e-02,2.910858e-02,4.061284e-02,9.565052e-03,3.321724e-02,1.367897e-01,4.461735e-03,4.286700e-02,5.821605e-02,2.348374e-01,3.899462e-03,7.464656e-02
3.232955e-01,1.461384e-02,2.302456e-02,6.831301e-02,3.447066e-02,4.055202e-02,7.400794e-03,3.261213e-02,1.109672e-01,3.990938e-03,3.310600e-02,4.733770e-02,2.008781e-01,3.748317e-03,5.568923e-02
3.557973e-01,1.390262e-02,2.060143e-02,5.684236e-02,3.719668e-02,3.720091e-02,7.201530e-03,2.733037e-02,1.040498e-01,8.244813e-03,3.053523e-02,4.758393e-02,2.042682e-01,3.424187e-03,4.582055e-02
2.922461e-01,1.589223e-02,1.620470e-02,4.196698e-02,4.582891e-02,3.635281e-02,8.298495e-03,2.156087e-02,8.676451e-02,6.337853e-03,2.320707e-02,5.369833e-02,3.112696e-01,3.466150e-03,3.690543e-02
2.537802e-01,1.493367e-02,2.147389e-02,3.345335e-02,4.661679e-02,3.008379e-02,2.521068e-02,5.997023e-02,7.114886e-02,6.448627e-03,2.373949e-02,4.343687e-02,3.306604e-01,3.281181e-03,3.576197e-02
2.361324e-01,2.875899e-02,1.970685e-02,3.044226e-02,5.729065e-02,3.190630e-02,2.310339e-02,4.330321e-02,6.648760e-02,5.649548e-03,1.796061e-02,3.280052e-02,3.721526e-01,3.117297e-03,3.118781e-02
2.346926e-01,3.010528e-02,2.270254e-02,3.162935e-02,6.562259e-02,3.178724e-02,2.749169e-02,3.586872e-02,5.536142e-02,4.469106e-03,1.425617e-02,2.918973e-02,3.887110e-01,2.983766e-03,2.512874e-02
3.086177e-01,2.658887e-02,2.093971e-02,3.148559e-02,6.050196e-02,3.247258e-02,5.754484e-02,4.444383e-02,4.443505e-02,3.529141e-03,1.185422e-02,3.186721e-02,3.026993e-01,3.033497e-03,1.998650e-02
2.825664e-01,3.191146e-02,5.638514e-02,2.830989e-02,6.461780e-02,3.133580e-02,6.174711e-02,3.987506e-02,4.158667e-02,1.038415e-02,9.796118e-03,2.692353e-02,2.881398e-01,5.286222e-03,2.113485e-02
2.428440e-01,3.827247e-02,6.844393e-02,5.560472e-02,7.774919e-02,3.880221e-02,6.229691e-02,3.258948e-02,4.939160e-02,2.697411e-02,2.481015e-02,2.450139e-02,2.242047e-01,6.643567e-03,2.687161e-02
3.023747e-01,3.481485e-02,6.135707e-02,4.733341e-02,5.969364e-02,3.572183e-02,4.716599e-02,2.470639e-02,4.524770e-02,3.043935e-02,4.050294e-02,2.833742e-02,1.797474e-01,1.581428e-02,4.674308e-02
2.934749e-01,2.818474e-02,4.617634e-02,3.665506e-02,4.464069e-02,3.332539e-02,3.382604e-02,1.892888e-02,4.343119e-02,3.624426e-02,9.483677e-02,2.798437e-02,1.652656e-01,3.503291e-02,6.199288e-02
2.331185e-01,2.190727e-02,3.317907e-02,2.760474e-02,3.406463e-02,2.862183e-02,2.402031e-02,1.373057e-02,4.485071e-02,3.704383e-02,1.199126e-01,2.203098e-02,1.620385e-01,8.868700e-02,1.091893e-01
2.725232e-01,1.881713e-02,2.476502e-02,2.318623e-02,2.543050e-02,4.330775e-02,1.998095e-02,1.247925e-02,8.002785e-02,3.906028e-02,1.016554e-01,1.842908e-02,1.199420e-01,1.081349e-01,9.226055e-02
1.951564e-01,1.419087e-02,1.821524e-02,2.005558e-02,2.576328e-02,3.506323e-02,1.456861e-02,1.112593e-02,1.003675e-01,4.363403e-02,1.114791e-01,2.179011e-02,9.495653e-02,2.167647e-01,7.686882e-02
1.484086e-01,1.282604e-02,1.324117e-02,1.573708e-02,1.891565e-02,2.768691e-02,1.045370e-02,8.813863e-03,9.278969e-02,3.658856e-02,8.943023e-02,1.667688e-02,6.876904e-02,3.523818e-01,8.728079e-02
1.142238e-01,1.139702e-02,9.739187e-03,1.157199e-02,1.356853e-02,2.182436e-02,7.403064e-03,6.299593e-03,7.739384e-02,2.853664e-02,6.853472e-02,1.228101e-02,4.918725e-02,4.765422e-01,9.149683e-02
8.594755e-02,2.133561e-02,7.163670e-03,8.605409e-03,9.637034e-03,2.228298e-02,5.253581e-03,4.704691e-03,6.397581e-02,2.250456e-02,6.654158e-02,1.047736e-02,3.786542e-02,5.502186e-01,8.348612e-02
6.958800e-02,3.064997e-02,8.427120e-03,7.829952e-03,7.227010e-03,2.485269e-02,3.930826e-03,3.821506e-03,6.993667e-02,1.851637e-02,6.436719e-02,1.203987e-02,4.034720e-02,5.537046e-01,8.476102e-02
5.580733e-02,3.424527e-02,6.433445e-03,6.574297e-03,5.914645e-03,2.550489e-02,3.044228e-03,3.747200e-03,1.048311e-01,1.526247e-02,5.936135e-02,1.214905e-02,3.591556e-02,5.559894e-01,7.521971e-02
4.136930e-02,5.534069e-02,6.755968e-03,4.887809e-03,6.426155e-03,3.205699e-02,2.412925e-03,2.936012e-03,1.940699e-01,1.306654e-02,4.730133e-02,8.800148e-03,2.695944e-02,4.973069e-01,6.030983e-02
3.289115e-02,4.818095e-02,6.277099e-03,3.961334e-03,6.033769e-03,3.570092e-02,2.001506e-03,2.963909e-03,2.364157e-01,1.086260e-02,3.575082e-02,6.390294e-03,2.024456e-02,5.064072e-01,4.591815e-02
2.393761e-02,3.923746e-02,1.409380e-02,3.384447e-02,7.715783e-03,3.051004e-02,1.527774e-03,1.334762e-02,3.429201e-01,1.180043e-02,2.867557e-02,4.757696e-03,1.474386e-02,3.956882e-01,3.719959e-02
1.789305e-02,3.331190e-02,1.235209e-02,2.568891e-02,1.114498e-02,2.433873e-02,1.166555e-03,1.201700e-02,4.283304e-01,1.090938e-02,2.138825e-02,3.483908e-03,1.094249e-02,3.521893e-01,3.484304e-02
1.284489e-02,2.449959e-02,9.139019e-03,2.290682e-02,1.208420e-02,1.761603e-02,8.483230e-04,1.530406e-02,5.584913e-01,8.847713e-03,1.666204e-02,2.557373e-03,8.131512e-03,2.636691e-01,2.639794e-02
9.070724e-03,1.752717e-02,6.635583e-03,2.597723e-02,8.840217e-03,1.238909e-02,5.958457e-04,1.090783e-02,6.769202e-01,6.830418e-03,1.256536e-02,1.812275e-03,5.863596e-03,1.850357e-01,1.902878e-02
8.024387e-03,1.319960e-02,4.992405e-03,2.176475e-02,1.321987e-02,9.071610e-03,4.676939e-04,8.915767e-03,7.449509e-01,5.258819e-03,1.073468e-02,1.383404e-03,4.921551e-03,1.370765e-01,1.601807e-02
5.962206e-03,9.318098e-03,4.708760e-03,2.614015e-02,1.007883e-02,6.393030e-03,3.585537e-04,6.723809e-03,8.018858e-01,4.434608e-03,9.248091e-03,1.228867e-03,5.449530e-03,9.624760e-02,1.182201e-02
9.661686e-03,6.773820e-03,4.814825e-03,2.167312e-02,7.693527e-03,5.197903e-03,3.737063e-04,5.458896e-03,7.485853e-01,3.703658e-03,1.874256e-02,2.506853e-03,4.658934e-02,7.018146e-02,4.804333e-02
8.970173e-03,4.911667e-03,6.786698e-03,1.974255e-02,6.484028e-03,4.041801e-03,4.538232e-04,6.567270e-03,6.390765e-01,2.905071e-03,2.470447e-02,4.057789e-03,1.465115e-01,5.018764e-02,7.459898e-02
1.212171e-02,4.600011e-03,2.136296e-02,2.270680e-02,7.401836e-03,4.328609e-03,6.036182e-04,6.578855e-03,5.847625e-01,3.851444e-03,2.548622e-02,8.853508e-03,1.608656e-01,4.094600e-02,9.553039e-02
1.887441e-02,5.782714e-03,3.771610e-02,2.483910e-02,2.303254e-02,5.069254e-03,2.326631e-03,9.978107e-03,4.737830e-01,4.528011e-03,3.943206e-02,1.098135e-02,1.704463e-01,3.897145e-02,1.342389e-01
2.613823e-02,6.475911e-03,8.538764e-02,4.223984e-02,2.266767e-02,4.963749e-03,2.225806e-03,1.441350e-02,4.317191e-01,6.259989e-03,3.321160e-02,1.007107e-02,1.453167e-01,3.142137e-02,1.374878e-01
5.093342e-02,2.806147e-02,1.143683e-01,3.281465e-02,2.890031e-02,1.044370e-02,2.271787e-03,1.292034e-02,3.343121e-01,9.710750e-03,2.820531e-02,1.033338e-02,1.533173e-01,2.727019e-02,1.561370e-01
4.511551e-02,2.174777e-02,1.432728e-01,2.554540e-02,3.126577e-02,8.818126e-03,4.504604e-03,1.182504e-01,2.516970e-01,8.000302e-03,2.415274e-02,9.083099e-03,1.363520e-01,2.416402e-02,1.480305e-01
7.713448e-02,2.524823e-02,1.222542e-01,2.369496e-02,2.732149e-02,8.203310e-03,3.691088e-03,8.726001e-02,2.012297e-01,9.726953e-03,1.864041e-02,7.979984e-03,1.309284e-01,2.619064e-02,2.304960e-01
1.285041e-01,3.303379e-02,1.013103e-01,2.549906e-02,3.209992e-02,1.062362e-02,3.593761e-03,6.660762e-02,1.539309e-01,9.264854e-03,1.532888e-02,7.874306e-03,1.280190e-01,2.883758e-02,2.554724e-01
1.603757e-01,5.666004e-02,8.995813e-02,2.455112e-02,4.713750e-02,1.622562e-02,3.981045e-03,6.218714e-02,1.272512e-01,8.538258e-03,1.242302e-02,7.269287e-03,1.463205e-01,2.435707e-02,2.127644e-01
1.258314e-01,5.951191e-02,1.983801e-01,5.217668e-02,4.283454e-02,1.414375e-02,3.763524e-03,7.278450e-02,1.059853e-01,1.102773e-02,1.006664e-02,5.877300e-03,1.096792e-01,1.775776e-02,1.701796e-01
1.207236e-01,5.359157e-02,2.551380e-01,4.032230e-02,4.101238e-02,1.753483e-02,3.302252e-03,8.383942e-02,8.703732e-02,9.087341e-03,7.843199e-03,4.665684e-03,1.235825e-01,1.360965e-02,1.387100e-01
1.704205e-01,9.130485e-02,1.975888e-01,3.225041e-02,4.427941e-02,2.498444e-02,2.996156e-03,7.426709e-02,7.931779e-02,7.253782e-03,6.868094e-03,4.133308e-03,1.238795e-01,1.120362e-02,1.292523e-01
1.896389e-01,8.214735e-02,2.331915e-01,3.609400e-02,5.403386e-02,2.457887e-02,3.743778e-03,6.976842e-02,6.595485e-02,8.063330e-03,5.564900e-03,3.665614e-03,1.065607e-01,8.705601e-03,1.082884e-01
1.888067e-01,8.841144e-02,2.793065e-01,3.111846e-02,8.856462e-02,2.747966e-02,5.625588e-03,5.533953e-02,5.201064e-02,8.050734e-03,4.068970e-03,2.790202e-03,7.973843e-02,6.626762e-03,8.206181e-02
1.761084e-01,8.169828e-02,2.412311e-01,3.074217e-02,1.870276e-01,5.072630e-02,1.370309e-02,4.387675e-02,4.219599e-02,6.340745e-03,3.029178e-03,2.134985e-03,5.661022e-02,4.896690e-03,5.967852e-02
1.583355e-01,8.441651e-02,1.915940e-01,2.479701e-02,2.823673e-01,7.863355e-02,1.473325e-02,3.446279e-02,3.336529e-02,4.961634e-03,2.227779e-03,1.563307e-03,4.045323e-02,3.922830e-03,4.416607e-02
1.279758e-01,1.294602e-01,1.514445e-01,3.817707e-02,2.777682e-01,1.297844e-01,1.873001e-02,2.762992e-02,2.626595e-02,3.821969e-03,1.797881e-03,1.359724e-03,2.872460e-02,3.016596e-03,3.404308e-02
1.276022e-01,1.324631e-01,1.477682e-01,3.957748e-02,2.787991e-01,1.452830e-01,1.927497e-02,2.307539e-02,2.924250e-02,3.269658e-03,1.622425e-03,1.516697e-03,2.083633e-02,2.550315e-03,2.711861e-02
1.179128e-01,1.631531e-01,1.480070e-01,7.048187e-02,2.604856e-01,1.276512e-01,1.835935e-02,1.974978e-02,2.168307e-02,3.318629e-03,1.725145e-03,2.726097e-03,1.583912e-02,2.065853e-03,2.684129e-02
1.333402e-01,1.201873e-01,1.771275e-01,8.136360e-02,2.122785e-01,9.659635e-02,1.493487e-02,9.878211e-02,1.653931e-02,2.535218e-03,2.419593e-03,3.129431e-03,1.299200e-02,1.938187e-03,2.583585e-02
1.193782e-01,8.746357e-02,2.046110e-01,1.882953e-01,1.587226e-01,6.889027e-02,1.145229e-02,9.914580e-02,1.426328e-02,2.565100e-03,4.083704e-03,3.093421e-03,1.092446e-02,1.643686e-03,2.546733e-02
9.519895e-02,6.133360e-02,1.580551e-01,1.614522e-01,1.210371e-01,4.868478e-02,8.713857e-03,2.989312e-01,1.014486e-02,1.839622e-03,4.982019e-03,2.357369e-03,8.106962e-03,1.205231e-03,1.795724e-02
7.695131e-02,4.301815e-02,1.191808e-01,1.179715e-01,9.297048e-02,3.446093e-02,7.072137e-03,4.746020e-01,7.175606e-03,1.366000e-03,4.149715e-03,1.709294e-03,5.850464e-03,8.741001e-04,1.264749e-02
5.792033e-02,3.017585e-02,8.616752e-02,8.374825e-02,6.759512e-02,2.439154e-02,5.471621e-03,6.203658e-01,5.045008e-03,1.001524e-03,3.192361e-03,1.227713e-03,4.176192e-03,6.218336e-04,8.899336e-03
4.366837e-02,2.116107e-02,6.255031e-02,5.882289e-02,5.036355e-02,1.747497e-02,1.610319e-02,7.121732e-01,3.558108e-03,7.245829e-04,2.363267e-03,9.195426e-04,3.400396e-03,4.503514e-04,6.266184e-03
3.397254e-02,1.502720e-02,4.739074e-02,4.228441e-02,3.642651e-02,1.589117e-02,1.597655e-02,7.674544e-01,2.616575e-03,9.604748e-04,3.837055e-03,2.351653e-03,1.017502e-02,5.249710e-04,5.110764e-03
2.427680e-02,1.064811e-02,3.600277e-02,3.387630e-02,2.587730e-02,1.156842e-02,3.764568e-02,7.229261e-01,2.180482e-03,3.631864e-03,8.672297e-03,5.470990e-02,1.879496e-02,4.987047e-03,4.201971e-03
1.740362e-02,7.577907e-03,2.717333e-02,2.729236e-02,1.852676e-02,8.683953e-03,9.983345e-02,6.280327e-01,1.890073e-03,3.222132e-02,1.081918e-02,7.377162e-02,3.648934e-02,5.678263e-03,4.606148e-03
1.260776e-02,5.396697e-03,1.994069e-02,1.979919e-02,1.321320e-02,6.787112e-03,2.545454e-01,4.440576e-01,2.205829e-03,3.633962e-02,9.621297e-03,1.338437e-01,3.202669e-02,5.676387e-03,3.938810e-03
1.557969e-02,4.350752e-03,1.760459e-02,1.673855e-02,1.165016e-02,6.056258e-03,1.891045e-01,3.132872e-01,9.978738e-03,7.067036e-02,1.514338e-02,1.937705e-01,1.161646e-01,1.071752e-02,9.183245e-03
4.605056e-02,6.487051e-03,1.762046e-02,1.514622e-02,1.792869e-02,6.614504e-03,1.476784e-01,2.212031e-01,2.660350e-02,9.685497e-02,1.653889e-02,1.755807e-01,1.689524e-01,2.038289e-02,1.635774e-02
1.006447e-01,7.243671e-03,1.468421e-02,1.307611e-02,1.579427e-02,7.745402e-03,1.103885e-01,1.563108e-01,2.917768e-02,1.149599e-01,5.080619e-02,1.736337e-01,1.303684e-01,5.916917e-02,1.599731e-02
8.619570e-02,6.215518e-03,1.279193e-02,1.227485e-02,1.259976e-02,7.420819e-03,8.564689e-02,1.122370e-01,3.868566e-02,1.253207e-01,8.240663e-02,2.010443e-01,1.078479e-01,9.448446e-02,1.482783e-02
6.675430e-02,6.401255e-03,9.220919e-03,9.211892e-03,1.125702e-02,8.572493e-03,6.057369e-02,8.009709e-02,4.304537e-02,9.621592e-02,1.998826e-01,1.639737e-01,7.693614e-02,1.559264e-01,1.193130e-02
4.802121e-02,1.139178e-02,7.406177e-03,6.848901e-03,9.900982e-03,7.500512e-03,4.254214e-02,5.633837e-02,1.284666e-01,7.596099e-02,2.152127e-01,1.413876e-01,5.505708e-02,1.825775e-01,1.138754e-02
3.443913e-02,1.081494e-02,6.366291e-03,5.655876e-03,9.913875e-03,6.682914e-03,2.990572e-02,3.981266e-02,1.395362e-01,6.124574e-02,2.546380e-01,1.155707e-01,4.044708e-02,2.336946e-01,1.127618e-02
2.635976e-02,9.551107e-03,9.523793e-03,1.813068e-02,1.989563e-02,9.504129e-03,2.232841e-02,4.771248e-02,1.918293e-01,5.729013e-02,2.684625e-01,8.383772e-02,2.935604e-02,1.971841e-01,9.034155e-03
2.003336e-02,8.467016e-03,7.530753e-03,1.466040e-02,1.708769e-02,9.492754e-03,1.595366e-02,3.499820e-02,1.800880e-01,5.631994e-02,3.017620e-01,6.392094e-02,2.300967e-02,2.391120e-01,7.563618e-03
1.550846e-02,1.279009e-02,8.027593e-03,1.120984e-02,1.305358e-02,1.205313e-02,1.131595e-02,2.588524e-02,2.431643e-01,5.823334e-02,2.701020e-01,5.336647e-02,1.795679e-02,2.412778e-01,6.055326e-03
1.215553e-02,1.144167e-02,7.766981e-03,8.641729e-03,1.068616e-02,1.017516e-02,7.983863e-03,1.939059e-02,3.103448e-01,5.109954e-02,2.655745e-01,4.655404e-02,1.390843e-02,2.194128e-01,4.864311e-03
1.007666e-02,1.087329e-02,6.901173e-03,6.694192e-03,1.493326e-02,7.990277e-03,5.636656e-03,1.395062e-02,3.251046e-01,4.055443e-02,2.609976e-01,3.472910e-02,1.056387e-02,2.465963e-01,4.397926e-03
1.155126e-02,1.311294e-02,9.617112e-03,5.666795e-03,1.814633e-02,8.301510e-03,3.987438e-03,1.117872e-02,4.063641e-01,3.008442e-02,2.233461e-01,2.731678e-02,8.032985e-03,2.198703e-01,3.423158e-03
1.243694e-02,1.760237e-02,1.142143e-02,4.532487e-03,3.691109e-02,1.115337e-02,2.843098e-03,8.252440e-03,4.824758e-01,2.362927e-02,1.769854e-01,1.988653e-02,5.946381e-03,1.823419e-01,3.581532e-03
9.610469e-03,1.431242e-02,1.113046e-02,3.248573e-03,2.935844e-02,9.801952e-03,2.001636e-03,5.892803e-03,4.040897e-01,1.758306e-02,1.557353e-01,1.574951e-02,4.362901e-03,3.125935e-01,4.529313e-03
7.457403e-03,1.344404e-02,1.086555e-02,2.362303e-03,2.077611e-02,8.084795e-03,1.407036e-03,4.222981e-03,3.523134e-01,1.298443e-02,1.271328e-01,1.130875e-02,3.155986e-03,4.199246e-01,4.559743e-03
1.278935e-02,1.263438e-02,2.368651e-02,2.455873e-03,1.525552e-02,1.041897e-02,1.025843e-03,3.761465e-03,3.284162e-01,1.040872e-02,1.202165e-01,8.312247e-03,2.622961e-03,4.421548e-01,5.840662e-03
1.347269e-02,1.239782e-02,2.662260e-02,2.522294e-03,1.126297e-02,1.064948e-02,7.636489e-04,4.303955e-03,2.733654e-01,7.875301e-03,1.104109e-01,5.896218e-03,1.923305e-03,5.106173e-01,7.916109e-03
1.575119e-02,9.966053e-03,2.085909e-02,2.158828e-03,8.811820e-03,1.019529e-02,5.603252e-04,3.942965e-03,2.233056e-01,8.757340e-03,1.140224e-01,4.249191e-03,1.570612e-03,5.644850e-01,1.136445e-02
3.915015e-02,9.653211e-03,1.800894e-02,7.201862e-03,8.475912e-03,1.048085e-02,4.806583e-04,8.158112e-03,2.163770e-01,2.790304e-02,1.469837e-01,6.719139e-03,4.294786e-03,4.796904e-01,1.642232e-02
5.487572e-02,1.298123e-02,2.364342e-02,1.043506e-02,8.449209e-03,1.084901e-02,4.104477e-04,9.261140e-03,1.891004e-01,2.475876e-02,1.492205e-01,5.254201e-03,3.607361e-03,4.616168e-01,3.553678e-02
6.983651e-02,1.304225e-02,2.217532e-02,8.626617e-03,7.629613e-03,9.787166e-03,3.477873e-04,1.127163e-02,1.871178e-01,2.396164e-02,1.587454e-01,4.008201e-03,2.825890e-03,4.485793e-01,3.204492e-02
6.558845e-02,1.083541e-02,4.494854e-02,8.538441e-03,9.205632e-03,7.997341e-03,3.058658e-04,1.835758e-02,2.098188e-01,1.819847e-02,1.313394e-01,2.878021e-03,2.101463e-03,4.457451e-01,2.414158e-02
7.230438e-02,8.974977e-03,4.808708e-02,3.159815e-02,1.278353e-02,7.853085e-03,2.592172e-04,2.685278e-02,2.467850e-01,1.473801e-02,1.278002e-01,2.113358e-03,1.590852e-03,3.791393e-01,1.912016e-02
6.506732e-02,8.738550e-03,1.705879e-01,3.983055e-02,1.161394e-02,7.025422e-03,2.145082e-04,2.866085e-02,1.905965e-01,1.790836e-02,9.694581e-02,1.754232e-03,1.436970e-03,2.824153e-01,7.720374e-02
6.599670e-02,1.330461e-02,2.295806e-01,3.476781e-02,1.291400e-02,6.029773e-03,2.489926e-04,4.098423e-02,1.818838e-01,1.478070e-02,8.045709e-02,1.332085e-03,1.112293e-03,2.592315e-01,5.737580e-02
7.070839e-02,1.609785e-02,3.018037e-01,4.373198e-02,1.470994e-02,5.797853e-03,3.523162e-04,5.602688e-02,1.613161e-01,1.334276e-02,5.981440e-02,1.179652e-03,9.587725e-04,2.098727e-01,4.428670e-02
8.545515e-02,1.997253e-02,2.979243e-01,4.074707e-02,1.648131e-02,5.443924e-03,5.058233e-04,7.883777e-02,1.762185e-01,1.524489e-02,4.688625e-02,1.062903e-03,9.974865e-04,1.768821e-01,3.734000e-02
9.888627e-02,2.545807e-02,2.586541e-01,3.454895e-02,1.681830e-02,8.150207e-03,7.048356e-04,9.888634e-02,2.064185e-01,1.549706e-02,4.025957e-02,1.011321e-03,1.339933e-03,1.589730e-01,3.439357e-02
1.098294e-01,2.497070e-02,2.004194e-01,3.220603e-02,1.359545e-02,6.730506e-03,7.704176e-04,1.776872e-01,1.854861e-01,5.937397e-02,2.932913e-02,9.627149e-04,1.604168e-03,1.165186e-01,4.051622e-02
1.109115e-01,2.372783e-02,1.505178e-01,2.570930e-02,1.043449e-02,5.756930e-03,6.793255e-04,1.508860e-01,1.700864e-01,9.608105e-02,2.137674e-02,1.502788e-03,1.979422e-03,8.510039e-02,1.452500e-01
7.940345e-02,1.713272e-02,1.076257e-01,1.864392e-02,7.400264e-03,4.176173e-03,4.819745e-04,1.071994e-01,1.364760e-01,8.700739e-02,1.534766e-02,1.147708e-03,1.599848e-03,6.076964e-02,3.555881e-01
5.584386e-02,1.473397e-02,8.206376e-02,2.106979e-02,5.427967e-03,2.984190e-03,3.578060e-04,7.519507e-02,1.382381e-01,6.557763e-02,1.154437e-02,1.240630e-03,1.741068e-03,4.656904e-02,4.774128e-01
4.027287e-02,1.175808e-02,5.951722e-02,1.578203e-02,4.133519e-03,2.230928e-03,2.719417e-04,5.275847e-02,1.022053e-01,5.243286e-02,9.584803e-03,1.950842e-03,2.828548e-03,7.971136e-02,5.645612e-01
2.963673e-02,9.362316e-03,4.323851e-02,1.164983e-02,3.017501e-03,1.625752e-03,2.171151e-04,3.695549e-02,7.337539e-02,3.800622e-02,7.439068e-03,2.111016e-03,2.177996e-03,1.476293e-01,5.935578e-01
3.030587e-02,1.117530e-02,3.054780e-02,8.616208e-03,2.594523e-03,1.438921e-03,2.965793e-04,2.600402e-02,5.937287e-02,3.116197e-02,7.065128e-03,3.171313e-03,3.124904e-03,2.886032e-01,4.965214e-01
2.603874e-02,8.971104e-03,2.161017e-02,6.352097e-03,2.129602e-03,1.212837e-03,2.798898e-04,1.827996e-02,5.552496e-02,2.624900e-02,6.427781e-03,2.726418e-03,2.770949e-03,4.303281e-01,3.910984e-01
2.444924e-02,1.025452e-02,1.663328e-02,5.952683e-03,1.946630e-03,1.193966e-03,3.717039e-04,1.304565e-02,6.453201e-02,2.189288e-02,6.620243e-03,2.599177e-03,2.240705e-03,5.292665e-01,2.990008e-01
1.859706e-02,7.713215e-03,1.191238e-02,4.406715e-03,1.594707e-03,9.660332e-04,3.012445e-04,9.160537e-03,6.026785e-02,1.722937e-02,5.213758e-03,1.959599e-03,1.742904e-03,6.362355e-01,2.226991e-01
1.815300e-02,1.081210e-02,1.517214e-02,1.937256e-02,2.707080e-03,1.055968e-03,3.080636e-04,6.538427e-03,1.515447e-01,2.273598e-02,7.468162e-03,2.274178e-03,1.768659e-03,5.335533e-01,2.065357e-01
1.712606e-02,1.370095e-02,1.137383e-02,1.398416e-02,2.313459e-03,2.537589e-03,3.502870e-04,4.773851e-03,1.468725e-01,2.086291e-02,8.654517e-03,2.052638e-03,2.738731e-03,5.161622e-01,2.364963e-01
2.583047e-02,1.169010e-02,1.177232e-02,1.055662e-02,2.534935e-03,2.902433e-03,3.839142e-04,3.580086e-03,1.512371e-01,2.465933e-02,1.028316e-02,1.873348e-03,3.499267e-03,5.158566e-01,2.233402e-01
4.422104e-02,1.160104e-02,3.821373e-02,9.335379e-03,2.554180e-03,3.672125e-03,4.479350e-04,2.782236e-03,1.506887e-01,2.492822e-02,1.114135e-02,1.971306e-03,3.824164e-03,4.753752e-01,2.192433e-01
6.227607e-02,1.356230e-02,4.138871e-02,7.132544e-03,3.990255e-03,4.582492e-03,5.122468e-04,2.475493e-03,1.425967e-01,2.446437e-02,1.172915e-02,1.933682e-03,5.686554e-03,3.981382e-01,2.795312e-01
9.260540e-02,1.976538e-02,6.102724e-02,6.195945e-03,5.875550e-03,5.305062e-03,8.547213e-04,3.715176e-03,1.448003e-01,2.207935e-02,1.081043e-02,2.206553e-03,6.370210e-03,3.119704e-01,3.064183e-01
1.215855e-01,2.490637e-02,4.978878e-02,5.183518e-03,1.588145e-02,8.045108e-03,7.802980e-04,3.758773e-03,1.730797e-01,2.014064e-02,8.449610e-03,1.814381e-03,6.034360e-03,2.522219e-01,3.083295e-01
1.573477e-01,2.651668e-02,4.487807e-02,5.476856e-03,1.896766e-02,1.059973e-02,1.051768e-03,6.938351e-03,1.691179e-01,1.806456e-02,6.970132e-03,1.676141e-03,5.986348e-03,2.275174e-01,2.988907e-01
2.083714e-01,5.439995e-02,3.991969e-02,7.014894e-02,2.424597e-02,9.934713e-03,1.156275e-03,7.155950e-03,1.375977e-01,1.458075e-02,6.805481e-03,3.377644e-03,7.049332e-03,1.614045e-01,2.538519e-01
1.997600e-01,4.629079e-02,3.532857e-02,6.544688e-02,2.701990e-02,9.531787e-03,1.057670e-03,5.853896e-03,1.332386e-01,1.653487e-02,6.933682e-03,3.533412e-03,7.563280e-03,1.193396e-01,3.225670e-01
3.170345e-01,4.087554e-02,3.126353e-02,5.746022e-02,3.241730e-02,9.235220e-03,1.153383e-03,5.886525e-03,1.212948e-01,1.366268e-02,9.617145e-03,7.474154e-03,8.662280e-03,9.491877e-02,2.490440e-01
2.719675e-01,3.522266e-02,3.911757e-02,4.335297e-02,4.668161e-02,8.377604e-03,9.537510e-04,6.330631e-03,1.942421e-01,1.082406e-02,8.128595e-03,5.881191e-03,7.974696e-03,9.730478e-02,2.236403e-01
2.573982e-01,6.373005e-02,3.768867e-02,7.291140e-02,4.523790e-02,8.626958e-03,1.057100e-03,1.155565e-02,1.785894e-01,9.523598e-03,9.125660e-03,6.785907e-03,6.935226e-03,7.696042e-02,2.138738e-01
2.528070e-01,6.830513e-02,6.562044e-02,1.287854e-01,3.953608e-02,7.583207e-03,9.104192e-04,1.402815e-02,1.427126e-01,1.536588e-02,7.429230e-03,6.262507e-03,5.303549e-03,5.645758e-02,1.888928e-01
3.094184e-01,6.694034e-02,7.968861e-02,1.147763e-01,4.356903e-02,8.250412e-03,8.468530e-04,1.564721e-02,1.341244e-01,1.637606e-02,5.858432e-03,5.594970e-03,4.263052e-03,4.608748e-02,1.485584e-01
3.173358e-01,5.792893e-02,6.085227e-02,2.139185e-01,5.083282e-02,1.040464e-02,8.173425e-04,1.252453e-02,1.033828e-01,1.301672e-02,6.780186e-03,7.419128e-03,3.772887e-03,3.326399e-02,1.077494e-01
4.200957e-01,4.581516e-02,4.574753e-02,1.686832e-01,4.024313e-02,1.713774e-02,1.355257e-03,1.091824e-02,7.911666e-02,9.634256e-03,7.849359e-03,6.652975e-03,4.652922e-02,2.346988e-02,7.675166e-02
3.957615e-01,3.511107e-02,3.329514e-02,1.372638e-01,3.310154e-02,1.689244e-02,1.174079e-03,8.125376e-03,5.719262e-02,7.314534e-03,8.544954e-03,5.432891e-03,1.895423e-01,1.646610e-02,5.478170e-02
3.514882e-01,2.625759e-02,2.408861e-02,1.017229e-01,2.584205e-02,1.300559e-02,9.198880e-04,5.921635e-03,4.041342e-02,5.242153e-03,7.080508e-03,4.282775e-03,3.432335e-01,1.154504e-02,3.895618e-02
2.893763e-01,1.961878e-02,1.729398e-02,7.510646e-02,1.905479e-02,9.672535e-03,7.147890e-04,4.320212e-03,2.873332e-02,3.734919e-03,5.816030e-03,3.726562e-03,4.872298e-01,8.123645e-03,2.747789e-02
