1.000000e+00,0.000000e+00,0.000000e+00,0.000000e+00,0.000000e+00,0.000000e+00,0.000000e+00,0.000000e+00,0.000000e+00,0.000000e+00,0.000000e+00,0.000000e+00,0.000000e+00,0.000000e+00,0.000000e+00
1.000000e+00,0.000000e+00,0.000000e+00,0.000000e+00,0.000000e+00,0.000000e+00,0.000000e+00,0.000000e+00,0.000000e+00,0.000000e+00,0.000000e+00,0.000000e+00,0.000000e+00,0.000000e+00,0.000000e+00
1.000000e+00,0.000000e+00,0.000000e+00,0.000000e+00,0.000000e+00,0.000000e+00,0.000000e+00,0.000000e+00,0.000000e+00,0.000000e+00,0.000000e+00,0.000000e+00,0.000000e+00,0.000000e+00,0.000000e+00
1.000000e+00,0.000000e+00,0.000000e+00,0.000000e+00,0.000000e+00,0.000000e+00,0.000000e+00,0.000000e+00,0.000000e+00,0.000000e+00,0.000000e+00,0.000000e+00,0.000000e+00,0.000000e+00,0.000000e+00
1.000000e+00,0.000000e+00,0.000000e+00,0.000000e+00,0.000000e+00,0.000000e+00,0.000000e+00,0.000000e+00,0.000000e+00,0.000000e+00,0.000000e+00,0.000000e+00,0.000000e+00,0.000000e+00,0.000000e+00
1.000000e+00,0.000000e+00,0.000000e+00,0.000000e+00,0.000000e+00,0.000000e+00,0.000000e+00,0.000000e+00,0.000000e+00,0.000000e+00,0.000000e+00,0.000000e+00,0.000000e+00,0.000000e+00,0.000000e+00
1.000000e+00,0.000000e+00,0.000000e+00,0.000000e+00,0.000000e+00,0.000000e+00,0.000000e+00,0.000000e+00,0.000000e+00,0.000000e+00,0.000000e+00,0.000000e+00,0.000000e+00,0.000000e+00,0.000000e+00
1.000000e+00,0.000000e+00,0.000000e+00,0.000000e+00,0.000000e+00,0.000000e+00,0.000000e+00,0.000000e+00,0.000000e+00,0.000000e+00,0.000000e+00,0.000000e+00,0.000000e+00,0.000000e+00,0.000000e+00
1.000000e+00,0.000000e+00,0.000000e+00,0.000000e+00,0.000000e+00,0.000000e+00,0.000000e+00,0.000000e+00,0.000000e+00,0.000000e+00,0.000000e+00,0.000000e+00,0.000000e+00,0.000000e+00,0.000000e+00
1.000000e+00,0.000000e+00,0.000000e+00,0.000000e+00,0.000000e+00,0.000000e+00,0.000000e+00,0.000000e+00,0.000000e+00,0.000000e+00,0.000000e+00,0.000000e+00,0.000000e+00,0.000000e+00,0.000000e+00
1.000000e+00,0.000000e+00,0.000000e+00,0.000000e+00,0.000000e+00,0.000000e+00,0.000000e+00,0.000000e+00,0.000000e+00,0.000000e+00,0.000000e+00,0.000000e+00,0.000000e+00,0.000000e+00,0.000000e+00
1.000000e+00,0.000000e+00,0.000000e+00,0.000000e+00,0.000000e+00,0.000000e+00,0.000000e+00,0.000000e+00,0.000000e+00,0.000000e+00,0.000000e+00,0.000000e+00,0.000000e+00,0.000000e+00,0.000000e+00
1.000000e+00,0.000000e+00,0.000000e+00,0.000000e+00,0.000000e+00,0.000000e+00,0.000000e+00,0.000000e+00,0.000000e+00,0.000000e+00,0.000000e+00,0.000000e+00,0.000000e+00,0.000000e+00,0.000000e+00
1.000000e+00,0.000000e+00,0.000000e+00,0.000000e+00,0.000000e+00,0.000000e+00,0.000000e+00,0.000000e+00,0.000000e+00,0.000000e+00,0.000000e+00,0.000000e+00,0.000000e+00,0.000000e+00,0.000000e+00
1.000000e+00,0.000000e+00,0.000000e+00,0.000000e+00,0.000000e+00,0.000000e+00,0.000000e+00,0.000000e+00,0.000000e+00,0.000000e+00,0.000000e+00,0.000000e+00,0.000000e+00,0.000000e+00,0.000000e+00
1.000000e+00,0.000000e+00,0.000000e+00,0.000000e+00,0.000000e+00,0.000000e+00,0.000000e+00,0.000000e+00,0.000000e+00,0.000000e+00,0.000000e+00,0.000000e+00,0.000000e+00,0.000000e+00,0.000000e+00
1.000000e+00,0.000000e+00,0.000000e+00,0.000000e+00,0.000000e+00,0.000000e+00,0.000000e+00,0.000000e+00,0.000000e+00,0.000000e+00,0.000000e+00,0.000000e+00,0.000000e+00,0.000000e+00,0.000000e+00
1.000000e+00,0.000000e+00,0.000000e+00,0.000000e+00,0.000000e+00,0.000000e+00,0.000000e+00,0.000000e+00,0.000000e+00,0.000000e+00,0.000000e+00,0.000000e+00,0.000000e+00,0.000000e+00,0.000000e+00
1.000000e+00,0.000000e+00,0.000000e+00,0.000000e+00,0.000000e+00,0.000000e+00,0.000000e+00,0.000000e+00,0.000000e+00,0.000000e+00,0.000000e+00,0.000000e+00,0.000000e+00,0.000000e+00,0.000000e+00
1.000000e+00,0.000000e+00,0.000000e+00,0.000000e+00,0.000000e+00,0.000000e+00,0.000000e+00,0.000000e+00,0.000000e+00,0.000000e+00,0.000000e+00,0.000000e+00,0.000000e+00,0.000000e+00,0.000000e+00
1.000000e+00,0.000000e+00,0.000000e+00,0.000000e+00,0.000000e+00,0.000000e+00,0.000000e+00,0.000000e+00,0.000000e+00,0.000000e+00,0.000000e+00,0.000000e+00,0.000000e+00,0.000000e+00,0.000000e+00
1.000000e+00,0.000000e+00,0.000000e+00,0.000000e+00,0.000000e+00,0.000000e+00,0.000000e+00,0.000000e+00,0.000000e+00,0.000000e+00,0.000000e+00,0.000000e+00,0.000000e+00,0.000000e+00,0.000000e+00
1.000000e+00,0.000000e+00,0.000000e+00,0.000000e+00,0.000000e+00,0.000000e+00,0.000000e+00,0.000000e+00,0.000000e+00,0.000000e+00,0.000000e+00,0.000000e+00,0.000000e+00,0.000000e+00,0.000000e+00
1.000000e+00,0.000000e+00,0.000000e+00,0.000000e+00,0.000000e+00,0.000000e+00,0.000000e+00,0.000000e+00,0.000000e+00,0.000000e+00,0.000000e+00,0.000000e+00,0.000000e+00,0.000000e+00,0.000000e+00
1.000000e+00,0.000000e+00,0.000000e+00,0.000000e+00,0.000000e+00,0.000000e+00,0.000000e+00,0.000000e+00,0.000000e+00,0.000000e+00,0.000000e+00,0.000000e+00,0.000000e+00,0.000000e+00,0.000000e+00
1.000000e+00,0.000000e+00,0.000000e+00,0.000000e+00,0.000000e+00,0.000000e+00,0.000000e+00,0.000000e+00,0.000000e+00,0.000000e+00,0.000000e+00,0.000000e+00,0.000000e+00,0.000000e+00,0.000000e+00
1.000000e+00,0.000000e+00,0.000000e+00,0.000000e+00,0.000000e+00,0.000000e+00,0.000000e+00,0.000000e+00,0.000000e+00,0.000000e+00,0.000000e+00,0.000000e+00,0.000000e+00,0.000000e+00,0.000000e+00
1.000000e+00,0.000000e+00,0.000000e+00,0.000000e+00,0.000000e+00,0.000000e+00,0.000000e+00,0.000000e+00,0.000000e+00,0.000000e+00,0.000000e+00,0.000000e+00,0.000000e+00,0.000000e+00,0.000000e+00
1.000000e+00,0.000000e+00,0.000000e+00,0.000000e+00,0.000000e+00,0.000000e+00,0.000000e+00,0.000000e+00,0.000000e+00,0.000000e+00,0.000000e+00,0.000000e+00,0.000000e+00,0.000000e+00,0.000000e+00
1.000000e+00,0.000000e+00,0.000000e+00,0.000000e+00,0.000000e+00,0.000000e+00,0.000000e+00,0.000000e+00,0.000000e+00,0.000000e+00,0.000000e+00,0.000000e+00,0.000000e+00,0.000000e+00,0.000000e+00
1.000000e+00,0.000000e+00,0.000000e+00,0.000000e+00,0.000000e+00,0.000000e+00,0.000000e+00,0.000000e+00,0.000000e+00,0.000000e+00,0.000000e+00,0.000000e+00,0.000000e+00,0.000000e+00,0.000000e+00
1.000000e+00,0.000000e+00,0.000000e+00,0.000000e+00,0.000000e+00,0.000000e+00,0.000000e+00,0.000000e+00,0.000000e+00,0.000000e+00,0.000000e+00,0.000000e+00,0.000000e+00,0.000000e+00,0.000000e+00
1.000000e+00,0.000000e+00,0.000000e+00,0.000000e+00,0.000000e+00,0.000000e+00,0.000000e+00,0.000000e+00,0.000000e+00,0.000000e+00,0.000000e+00,0.000000e+00,0.000000e+00,0.000000e+00,0.000000e+00
1.000000e+00,0.000000e+00,0.000000e+00,0.000000e+00,0.000000e+00,0.000000e+00,0.000000e+00,0.000000e+00,0.000000e+00,0.000000e+00,0.000000e+00,0.000000e+00,0.000000e+00,0.000000e+00,0.000000e+00
1.000000e+00,0.000000e+00,0.000000e+00,0.000000e+00,0.000000e+00,0.000000e+00,0.000000e+00,0.000000e+00,0.000000e+00,0.000000e+00,0.000000e+00,0.000000e+00,0.000000e+00,0.000000e+00,0.000000e+00
1.000000e+00,0.000000e+00,0.000000e+00,0.000000e+00,0.000000e+00,0.000000e+00,0.000000e+00,0.000000e+00,0.000000e+00,0.000000e+00,0.000000e+00,0.000000e+00,0.000000e+00,0.000000e+00,0.000000e+00
1.000000e+00,0.000000e+00,0.000000e+00,0.000000e+00,0.000000e+00,0.000000e+00,0.000000e+00,0.000000e+00,0.000000e+00,0.000000e+00,0.000000e+00,0.000000e+00,0.000000e+00,0.000000e+00,0.000000e+00
1.000000e+00,0.000000e+00,0.000000e+00,0.000000e+00,0.000000e+00,0.000000e+00,0.000000e+00,0.000000e+00,0.000000e+00,0.000000e+00,0.000000e+00,0.000000e+00,0.000000e+00,0.000000e+00,0.000000e+00
1.000000e+00,0.000000e+00,0.000000e+00,0.000000e+00,0.000000e+00,0.000000e+00,0.000000e+00,0.000000e+00,0.000000e+00,0.000000e+00,0.000000e+00,0.000000e+00,0.000000e+00,0.000000e+00,0.000000e+00
1.000000e+00,0.000000e+00,0.000000e+00,0.000000e+00,0.000000e+00,0.000000e+00,0.000000e+00,0.000000e+00,0.000000e+00,0.000000e+00,0.000000e+00,0.000000e+00,0.000000e+00,0.000000e+00,0.000000e+00
1.000000e+00,0.000000e+00,0.000000e+00,0.000000e+00,0.000000e+00,0.000000e+00,0.000000e+00,0.000000e+00,0.000000e+00,0.000000e+00,0.000000e+00,0.000000e+00,0.000000e+00,0.000000e+00,0.000000e+00
1.000000e+00,0.000000e+00,0.000000e+00,0.000000e+00,0.000000e+00,0.000000e+00,0.000000e+00,0.000000e+00,0.000000e+00,0.000000e+00,0.000000e+00,0.000000e+00,0.000000e+00,0.000000e+00,0.000000e+00
1.000000e+00,0.000000e+00,0.000000e+00,0.000000e+00,0.000000e+00,0.000000e+00,0.000000e+00,0.000000e+00,0.000000e+00,0.000000e+00,0.000000e+00,0.000000e+00,0.000000e+00,0.000000e+00,0.000000e+00
1.000000e+00,0.000000e+00,0.000000e+00,0.000000e+00,0.000000e+00,0.000000e+00,0.000000e+00,0.000000e+00,0.000000e+00,0.000000e+00,0.000000e+00,0.000000e+00,0.000000e+00,0.000000e+00,0.000000e+00
1.000000e+00,0.000000e+00,0.000000e+00,0.000000e+00,0.000000e+00,0.000000e+00,0.000000e+00,0.000000e+00,0.000000e+00,0.000000e+00,0.000000e+00,0.000000e+00,0.000000e+00,0.000000e+00,0.000000e+00
1.000000e+00,0.000000e+00,0.000000e+00,0.000000e+00,0.000000e+00,0.000000e+00,0.000000e+00,0.000000e+00,0.000000e+00,0.000000e+00,0.000000e+00,0.000000e+00,0.000000e+00,0.000000e+00,0.000000e+00
1.000000e+00,0.000000e+00,0.000000e+00,0.000000e+00,0.000000e+00,0.000000e+00,0.000000e+00,0.000000e+00,0.000000e+00,0.000000e+00,0.000000e+00,0.000000e+00,0.000000e+00,0.000000e+00,0.000000e+00
1.000000e+00,0.000000e+00,0.000000e+00,0.000000e+00,0.000000e+00,0.000000e+00,0.000000e+00,0.000000e+00,0.000000e+00,0.000000e+00,0.000000e+00,0.000000e+00,0.000000e+00,0.000000e+00,0.000000e+00
1.000000e+00,0.000000e+00,0.000000e+00,0.000000e+00,0.000000e+00,0.000000e+00,0.000000e+00,0.000000e+00,0.000000e+00,0.000000e+00,0.000000e+00,0.000000e+00,0.000000e+00,0.000000e+00,0.000000e+00
1.000000e+00,0.000000e+00,0.000000e+00,0.000000e+00,0.000000e+00,0.000000e+00,0.000000e+00,0.000000e+00,0.000000e+00,0.000000e+00,0.000000e+00,0.000000e+00,0.000000e+00,0.000000e+00,0.000000e+00
1.000000e+00,0.000000e+00,0.000000e+00,0.000000e+00,0.000000e+00,0.000000e+00,0.000000e+00,0.000000e+00,0.000000e+00,0.000000e+00,0.000000e+00,0.000000e+00,0.000000e+00,0.000000e+00,0.000000e+00
4.206671e-01,3.237142e-02,1.624101e-02,7.642649e-02,1.105194e-02,6.139056e-02,6.682489e-03,2.007286e-02,1.107959e-02,2.654639e-03,3.405970e-02,2.397500e-01,4.062783e-02,3.939471e-03,2.298495e-02
3.446517e-01,2.732479e-02,4.010327e-02,8.059090e-02,1.029276e-02,8.710514e-02,7.490581e-03,4.514182e-02,1.060024e-02,2.443786e-03,3.987193e-02,2.364429e-01,4.482471e-02,3.639980e-03,1.947557e-02
2.727397e-01,2.135530e-02,6.387708e-02,7.641857e-02,1.041832e-02,8.148269e-02,1.962212e-02,1.442675e-01,9.451329e-03,2.206092e-03,3.880807e-02,1.957257e-01,4.375311e-02,3.334744e-03,1.653968e-02
2.001796e-01,1.524998e-02,8.653268e-02,6.193934e-02,8.135878e-03,5.892200e-02,1.936512e-02,3.242615e-01,6.855012e-03,1.640536e-03,2.914656e-02,1.396319e-01,3.324566e-02,2.887883e-03,1.200637e-02
1.450143e-01,1.083140e-02,8.635899e-02,4.748549e-02,6.126852e-03,4.494169e-02,2.781711e-02,4.719851e-01,4.856331e-03,1.210136e-03,2.060941e-02,9.800784e-02,2.383099e-02,2.351054e-03,8.573259e-03
1.064056e-01,7.751043e-03,9.532741e-02,4.122119e-02,4.758236e-03,3.416508e-02,5.683244e-02,5.402857e-01,3.455815e-03,9.392791e-04,1.461396e-02,6.890304e-02,1.719814e-02,1.959626e-03,6.183357e-03
1.117885e-01,5.945779e-03,8.804888e-02,3.628719e-02,3.826676e-03,3.027598e-02,5.603898e-02,5.839081e-01,2.663416e-03,9.470836e-04,1.080557e-02,4.933374e-02,1.292145e-02,2.226909e-03,4.981726e-03
1.795857e-01,4.815389e-03,7.441901e-02,2.798220e-02,3.349685e-03,3.166942e-02,8.416378e-02,5.281326e-01,2.234375e-03,8.991489e-04,8.219176e-03,3.617031e-02,1.093215e-02,2.134555e-03,5.292528e-03
1.683124e-01,3.954842e-03,6.024522e-02,2.086410e-02,3.476009e-03,2.523513e-02,9.281861e-02,5.740317e-01,1.958643e-03,9.040838e-04,6.123809e-03,2.613711e-02,8.405586e-03,2.005015e-03,5.527650e-03
2.642297e-01,3.563962e-03,4.793141e-02,1.575926e-02,4.875461e-03,2.371204e-02,8.378637e-02,5.030698e-01,2.057230e-03,1.230348e-03,5.489854e-03,2.347321e-02,8.648100e-03,2.618347e-03,9.554836e-03
3.701513e-01,3.427059e-03,3.695866e-02,1.251654e-02,4.831943e-03,2.367924e-02,7.251691e-02,4.204133e-01,1.982565e-03,1.144101e-03,5.009803e-03,2.294392e-02,9.781853e-03,2.835943e-03,1.180685e-02
4.996800e-01,4.283709e-03,2.811165e-02,1.147173e-02,5.252523e-03,2.296327e-02,5.636913e-02,3.107191e-01,2.285845e-03,1.033399e-03,5.209296e-03,2.444369e-02,1.116595e-02,3.109011e-03,1.390166e-02
1.000000e+00,0.000000e+00,0.000000e+00,0.000000e+00,0.000000e+00,0.000000e+00,0.000000e+00,0.000000e+00,0.000000e+00,0.000000e+00,0.000000e+00,0.000000e+00,0.000000e+00,0.000000e+00,0.000000e+00
1.000000e+00,0.000000e+00,0.000000e+00,0.000000e+00,0.000000e+00,0.000000e+00,0.000000e+00,0.000000e+00,0.000000e+00,0.000000e+00,0.000000e+00,0.000000e+00,0.000000e+00,0.000000e+00,0.000000e+00
1.000000e+00,0.000000e+00,0.000000e+00,0.000000e+00,0.000000e+00,0.000000e+00,0.000000e+00,0.000000e+00,0.000000e+00,0.000000e+00,0.000000e+00,0.000000e+00,0.000000e+00,0.000000e+00,0.000000e+00
1.000000e+00,0.000000e+00,0.000000e+00,0.000000e+00,0.000000e+00,0.000000e+00,0.000000e+00,0.000000e+00,0.000000e+00,0.000000e+00,0.000000e+00,0.000000e+00,0.000000e+00,0.000000e+00,0.000000e+00
1.000000e+00,0.000000e+00,0.000000e+00,0.000000e+00,0.000000e+00,0.000000e+00,0.000000e+00,0.000000e+00,0.000000e+00,0.000000e+00,0.000000e+00,0.000000e+00,0.000000e+00,0.000000e+00,0.000000e+00
1.000000e+00,0.000000e+00,0.000000e+00,0.000000e+00,0.000000e+00,0.000000e+00,0.000000e+00,0.000000e+00,0.000000e+00,0.000000e+00,0.000000e+00,0.000000e+00,0.000000e+00,0.000000e+00,0.000000e+00
1.000000e+00,0.000000e+00,0.000000e+00,0.000000e+00,0.000000e+00,0.000000e+00,0.000000e+00,0.000000e+00,0.000000e+00,0.000000e+00,0.000000e+00,0.000000e+00,0.000000e+00,0.000000e+00,0.000000e+00
1.000000e+00,0.000000e+00,0.000000e+00,0.000000e+00,0.000000e+00,0.000000e+00,0.000000e+00,0.000000e+00,0.000000e+00,0.000000e+00,0.000000e+00,0.000000e+00,0.000000e+00,0.000000e+00,0.000000e+00
1.000000e+00,0.000000e+00,0.000000e+00,0.000000e+00,0.000000e+00,0.000000e+00,0.000000e+00,0.000000e+00,0.000000e+00,0.000000e+00,0.000000e+00,0.000000e+00,0.000000e+00,0.000000e+00,0.000000e+00
1.000000e+00,0.000000e+00,0.000000e+00,0.000000e+00,0.000000e+00,0.000000e+00,0.000000e+00,0.000000e+00,0.000000e+00,0.000000e+00,0.000000e+00,0.000000e+00,0.000000e+00,0.000000e+00,0.000000e+00
4.189981e-01,3.530879e-02,1.188586e-02,4.935531e-02,6.136410e-03,3.379974e-02,5.204100e-03,2.690721e-02,3.803965e-02,3.065653e-02,1.812165e-02,2.827692e-02,2.865116e-02,1.072969e-02,2.579289e-01
2.987268e-01,2.734355e-02,9.153348e-03,3.832916e-02,4.755275e-03,2.787875e-02,3.769416e-03,1.943103e-02,4.881229e-02,5.532679e-02,2.518354e-02,2.512464e-02,7.280193e-02,1.562964e-02,3.277339e-01
2.105910e-01,2.049413e-02,6.996440e-03,2.710961e-02,4.984107e-03,2.246795e-02,2.930546e-03,1.383519e-02,6.635973e-02,1.116422e-01,2.261723e-02,1.923302e-02,5.611496e-02,6.161405e-02,3.530099e-01
1.493593e-01,1.514097e-02,5.176563e-03,1.918723e-02,3.787820e-03,1.832600e-02,2.314718e-03,9.758439e-03,5.573727e-02,1.118058e-01,2.284588e-02,1.689154e-02,4.101229e-02,1.017291e-01,4.269272e-01
1.048787e-01,1.082304e-02,3.785420e-03,1.347197e-02,2.804689e-03,1.333286e-02,1.643696e-03,6.841350e-03,5.543412e-02,8.463685e-02,2.986443e-02,1.221499e-02,2.967064e-02,2.567082e-01,3.738891e-01
7.406163e-02,8.411920e-03,3.215412e-03,9.599178e-03,2.187163e-03,1.154168e-02,1.269389e-03,4.823498e-03,5.978142e-02,6.610197e-02,3.391871e-02,9.333204e-03,2.194848e-02,3.325771e-01,3.612292e-01
5.202284e-02,6.044100e-03,2.444551e-03,6.764563e-03,1.671069e-03,9.126742e-03,9.057259e-04,3.388297e-03,6.768007e-02,4.873660e-02,3.900257e-02,6.758606e-03,1.676182e-02,4.297517e-01,3.089407e-01
3.660183e-02,4.316509e-03,1.737819e-03,4.767216e-03,1.192712e-03,6.534821e-03,6.460391e-04,2.384336e-03,6.690202e-02,3.558616e-02,7.028965e-02,4.838515e-03,1.246937e-02,5.247545e-01,2.269785e-01
2.587845e-02,3.174501e-03,1.228124e-03,3.421884e-03,9.487408e-04,4.661821e-03,4.878741e-04,1.702868e-03,7.812323e-02,2.886018e-02,8.740000e-02,3.822481e-03,1.006872e-02,5.849045e-01,1.653166e-01
1.823046e-02,2.460940e-03,8.911596e-04,2.436626e-03,7.317655e-04,3.357821e-03,3.608809e-04,1.211319e-03,7.407698e-02,2.267206e-02,1.558294e-01,3.449348e-03,8.274887e-03,5.877516e-01,1.182648e-01
1.278769e-02,2.068631e-03,6.444441e-04,1.716711e-03,5.656704e-04,2.554540e-03,2.556928e-04,8.555189e-04,5.737224e-02,1.663639e-02,1.810547e-01,3.126887e-03,6.030465e-03,6.305614e-01,8.376909e-02
9.002068e-03,1.671553e-03,4.607048e-04,1.223950e-03,4.324372e-04,3.821188e-03,1.842098e-04,6.289726e-04,4.330961e-02,1.251093e-02,2.905524e-01,3.468561e-03,5.310138e-03,5.681518e-01,5.927146e-02
6.326591e-03,1.268851e-03,4.074759e-04,8.937918e-04,3.269769e-04,3.882541e-03,1.310552e-04,4.879593e-04,3.111571e-02,9.953907e-03,2.898471e-01,3.839234e-03,3.998883e-03,6.059698e-01,4.155012e-02
4.453872e-03,1.013168e-03,3.141963e-04,6.505269e-04,2.573811e-04,6.208458e-03,9.550514e-05,3.545630e-04,2.213097e-02,7.964665e-03,3.326888e-01,4.233847e-03,3.416510e-03,5.870872e-01,2.913037e-02
3.182959e-03,1.243350e-03,2.737819e-04,5.155221e-04,3.252416e-04,2.616325e-02,1.057749e-04,2.746498e-04,1.818178e-02,6.563868e-03,3.291432e-01,5.301218e-03,3.191622e-03,5.850756e-01,2.045816e-02
2.331857e-03,1.685492e-03,3.391876e-04,8.137749e-04,1.331755e-03,6.006414e-02,6.223344e-04,2.670941e-04,2.250620e-02,7.173923e-03,3.244593e-01,5.995188e-03,2.786122e-03,5.551033e-01,1.452031e-02
1.866077e-03,1.775582e-03,4.980920e-04,8.017074e-04,1.696380e-03,6.276850e-02,6.679032e-04,3.363999e-04,2.056642e-02,1.327035e-02,3.324252e-01,5.839967e-03,2.505926e-03,5.446612e-01,1.032031e-02
1.684856e-03,1.909340e-03,2.328496e-03,2.279334e-03,5.195830e-03,5.203102e-02,1.038443e-03,4.061868e-03,2.642982e-02,2.636047e-02,3.276182e-01,6.192322e-03,2.766671e-03,5.327219e-01,7.381341e-03
1.404999e-03,1.507784e-03,1.999314e-03,4.332555e-03,5.474763e-03,4.271003e-02,1.167296e-03,5.133725e-03,2.727304e-02,3.523917e-02,3.224890e-01,6.085298e-03,2.457663e-03,5.374252e-01,5.300170e-03
1.609105e-03,1.391588e-03,3.485831e-03,1.209121e-02,6.214658e-03,3.630204e-02,1.316170e-03,3.052573e-02,3.289354e-02,4.432608e-02,3.130750e-01,5.071117e-03,2.719925e-03,5.051256e-01,3.852364e-03
1.828254e-03,2.477153e-03,3.417750e-03,1.220630e-02,8.163823e-03,5.648873e-02,2.233166e-03,2.540479e-02,4.851745e-02,5.589636e-02,3.045066e-01,4.350026e-03,2.336398e-03,4.688721e-01,3.301100e-03
2.136000e-03,6.866133e-03,6.260110e-03,1.550154e-02,9.653991e-03,1.123023e-01,2.238643e-03,2.451903e-02,7.103631e-02,8.673984e-02,2.652389e-01,4.180104e-03,2.242560e-03,3.852814e-01,5.803157e-03
3.183266e-03,6.333317e-03,1.830673e-02,1.909204e-02,1.204155e-02,1.037017e-01,1.950549e-03,7.506385e-02,1.396384e-01,1.114131e-01,2.077615e-01,3.741327e-03,2.409982e-03,2.877567e-01,7.605927e-03
8.922108e-03,1.275057e-02,7.328603e-02,6.976450e-02,2.306320e-02,9.842354e-02,2.032666e-03,1.031792e-01,1.325707e-01,9.480038e-02,1.560851e-01,3.050394e-03,2.298942e-03,2.117653e-01,8.007336e-03
1.401639e-02,2.027802e-02,1.067818e-01,9.862122e-02,2.976951e-02,1.359454e-01,1.902624e-03,1.192193e-01,1.141204e-01,7.540112e-02,1.172993e-01,2.387246e-03,2.111550e-03,1.514936e-01,1.065262e-02
1.770990e-02,2.686518e-02,1.539251e-01,1.114368e-01,4.455633e-02,1.339266e-01,2.052949e-03,1.400363e-01,1.023207e-01,5.525456e-02,8.820143e-02,1.855179e-03,1.832390e-03,1.095403e-01,1.048646e-02
1.770343e-02,2.286972e-02,2.256171e-01,1.347506e-01,5.885585e-02,1.011180e-01,1.948011e-03,1.712224e-01,7.574169e-02,3.953562e-02,6.211710e-02,1.448078e-03,1.517995e-03,7.695483e-02,8.599690e-03
1.695929e-02,1.825896e-02,2.944095e-01,1.083425e-01,5.636151e-02,7.331394e-02,1.660598e-03,2.377098e-01,5.797803e-02,2.785405e-02,4.377732e-02,1.089141e-03,1.284876e-03,5.448211e-02,6.518423e-03
1.852037e-02,1.594664e-02,2.631010e-01,8.792765e-02,5.208676e-02,5.338067e-02,1.526873e-03,3.624285e-01,4.708419e-02,1.987264e-02,3.090363e-02,8.842181e-04,1.142954e-03,3.926689e-02,5.927079e-03
1.701893e-02,1.262020e-02,2.107338e-01,6.970012e-02,4.262057e-02,3.781674e-02,1.222227e-03,5.004544e-01,3.742346e-02,1.416226e-02,2.188338e-02,8.112295e-04,9.179932e-04,2.778429e-02,4.830350e-03
2.317819e-02,1.240265e-02,1.693925e-01,5.287363e-02,4.257922e-02,2.748756e-02,1.169856e-03,5.800906e-01,3.624686e-02,1.042691e-02,1.606996e-02,1.064637e-03,9.487118e-04,2.089644e-02,5.172186e-03
2.945483e-02,1.923197e-02,1.300331e-01,4.172804e-02,3.488228e-02,2.058899e-02,1.100193e-03,6.363242e-01,4.013109e-02,7.905222e-03,1.259017e-02,1.179877e-03,1.207517e-03,1.743838e-02,6.204194e-03
4.155535e-02,2.473176e-02,1.002243e-01,3.236258e-02,2.742374e-02,1.665020e-02,1.614363e-03,6.390750e-01,6.709886e-02,6.237082e-03,1.142895e-02,2.089111e-03,1.541724e-03,2.061493e-02,7.352079e-03
6.103194e-02,2.871101e-02,7.384580e-02,4.055772e-02,2.538216e-02,2.076109e-02,1.634502e-03,5.670945e-01,9.266005e-02,1.296145e-02,1.262931e-02,4.816820e-03,7.642275e-03,1.821767e-02,3.205371e-02
8.988328e-02,2.724256e-02,5.821784e-02,3.830304e-02,3.362504e-02,1.849842e-02,1.727713e-03,4.173428e-01,9.925168e-02,1.314242e-02,1.920200e-02,1.378923e-02,2.478387e-02,1.731232e-02,1.276778e-01
9.114029e-02,2.326669e-02,4.399547e-02,3.493764e-02,3.250052e-02,1.634539e-02,1.819907e-03,3.032108e-01,1.009084e-01,1.412734e-02,2.717327e-02,2.729863e-02,8.313031e-02,1.836653e-02,1.817788e-01
8.803611e-02,1.842032e-02,3.511321e-02,2.862108e-02,5.434359e-02,1.377768e-02,3.080791e-03,2.350394e-01,1.094697e-01,1.184313e-02,4.508567e-02,4.793145e-02,1.583581e-01,1.425631e-02,1.366234e-01
7.275275e-02,1.605423e-02,2.598935e-02,2.621271e-02,4.204809e-02,1.537659e-02,2.806102e-03,1.672677e-01,1.757601e-01,1.400311e-02,5.276408e-02,5.044568e-02,2.174990e-01,1.675276e-02,1.042677e-01
5.879710e-02,1.762203e-02,2.177401e-02,2.755717e-02,4.038307e-02,1.627734e-02,3.832470e-03,1.256931e-01,2.042253e-01,1.362696e-02,5.722598e-02,4.499780e-02,2.562819e-01,1.309628e-02,9.860952e-02
4.193267e-02,7.363691e-02,1.604962e-02,4.648082e-02,2.866737e-02,1.168574e-02,2.713761e-03,8.813171e-02,3.384930e-01,9.712753e-03,4.221828e-02,3.272456e-02,1.883777e-01,9.277415e-03,6.989773e-02
3.095591e-02,6.106716e-02,1.254813e-02,3.886716e-02,2.109183e-02,1.040300e-02,2.208386e-03,6.232683e-02,3.592485e-01,7.216868e-03,4.119614e-02,3.151712e-02,2.284936e-01,7.645511e-03,8.521390e-02
2.300131e-02,4.454407e-02,1.100299e-02,3.166954e-02,1.561435e-02,1.216836e-02,2.273351e-03,4.417031e-02,2.719328e-01,5.499657e-03,4.351456e-02,7.679117e-02,3.089353e-01,8.554308e-03,1.003280e-01
1.773416e-02,3.149681e-02,8.346710e-03,2.274214e-02,1.161350e-02,9.174567e-03,1.912152e-03,3.112999e-02,1.960816e-01,4.329246e-03,3.272925e-02,1.149993e-01,4.036871e-01,7.290003e-03,1.067335e-01
1.502056e-02,2.238884e-02,6.406310e-03,1.655506e-02,1.120272e-02,7.667825e-03,1.813467e-03,2.215010e-02,1.400941e-01,3.293380e-03,2.677260e-02,1.445603e-01,4.631985e-01,6.129693e-03,1.127466e-01
1.314533e-02,1.886025e-02,1.329904e-02,1.197076e-02,1.149559e-02,9.115650e-03,1.871809e-03,1.567220e-02,1.088650e-01,3.313592e-03,2.233357e-02,1.866642e-01,4.647281e-01,8.792873e-03,1.098720e-01
1.113612e-02,1.518827e-02,1.807527e-02,8.911772e-03,1.131241e-02,1.170416e-02,2.792435e-03,1.152534e-02,8.850364e-02,3.509311e-03,1.839986e-02,2.143593e-01,4.600987e-01,7.778163e-03,1.167053e-01
1.675833e-02,1.512333e-02,4.482549e-02,1.736481e-02,1.215701e-02,1.353853e-02,2.373011e-03,1.099429e-02,8.209934e-02,7.870279e-03,1.723350e-02,2.314073e-01,4.282824e-01,1.094223e-02,8.903016e-02
2.839568e-02,1.679045e-02,4.664343e-02,1.326851e-02,1.756731e-02,1.826798e-02,2.694646e-03,2.204170e-02,8.965671e-02,7.324994e-03,1.367902e-02,1.710782e-01,4.750824e-01,9.561036e-03,6.794798e-02
3.054237e-02,2.074940e-02,5.301891e-02,9.889054e-03,2.663510e-02,2.805446e-02,3.998253e-03,2.600060e-02,1.442568e-01,6.201858e-03,1.012616e-02,1.272641e-01,4.542910e-01,7.680958e-03,5.129106e-02
2.995755e-02,1.978978e-02,7.736025e-02,7.943838e-03,3.358807e-02,2.611428e-02,6.615730e-03,4.968001e-02,1.500463e-01,5.045387e-03,7.576419e-03,9.389454e-02,4.463376e-01,5.605175e-03,4.044495e-02
3.168930e-02,1.814713e-02,8.200111e-02,5.704943e-02,1.053295e-01,2.153890e-02,7.256864e-03,4.158659e-02,1.867920e-01,8.093714e-03,6.877055e-03,6.739999e-02,3.259215e-01,4.197862e-03,3.611902e-02
6.939264e-02,1.977725e-02,6.116536e-02,4.964586e-02,9.364911e-02,2.315793e-02,6.396226e-03,3.893588e-02,1.747447e-01,1.056649e-02,2.712024e-02,6.051596e-02,3.019965e-01,4.843383e-03,5.809255e-02
7.002672e-02,2.180994e-02,4.936806e-02,3.620962e-02,8.144333e-02,1.912227e-02,6.981763e-03,2.955426e-02,1.426772e-01,7.926528e-03,3.031674e-02,4.765815e-02,4.009554e-01,3.761024e-03,5.218892e-02
7.244957e-02,2.420156e-02,6.146175e-02,3.293696e-02,1.116239e-01,1.844086e-02,2.247095e-02,3.881624e-02,1.618489e-01,8.760350e-03,3.886009e-02,3.700953e-02,3.090148e-01,3.320493e-03,5.878405e-02
7.066014e-02,3.655737e-02,5.835058e-02,2.951436e-02,1.052196e-01,2.191623e-02,1.978666e-02,3.238079e-02,1.293343e-01,7.648479e-03,2.910800e-02,2.918574e-02,3.618758e-01,3.271871e-03,6.519005e-02
9.671795e-02,4.548199e-02,5.135056e-02,2.708982e-02,1.096775e-01,2.051768e-02,1.664557e-02,2.838206e-02,1.063295e-01,6.376790e-03,2.160095e-02,2.353949e-02,3.654123e-01,5.142678e-03,7.573517e-02
1.189885e-01,5.338538e-02,4.547480e-02,2.495083e-02,1.009060e-01,2.259949e-02,1.292479e-02,3.224575e-02,9.470898e-02,7.044499e-03,1.680789e-02,1.963532e-02,3.421607e-01,6.448283e-03,1.017188e-01
1.608468e-01,6.465472e-02,4.673105e-02,3.455357e-02,1.023034e-01,2.632287e-02,3.293722e-02,4.914719e-02,7.571724e-02,9.429298e-03,1.571578e-02,2.017445e-02,2.615876e-01,7.064261e-03,9.281453e-02
1.365728e-01,5.277364e-02,3.613522e-02,3.027066e-02,8.843111e-02,2.065571e-02,9.272964e-02,1.938790e-01,5.475286e-02,6.857363e-03,1.235628e-02,1.536103e-02,1.862028e-01,5.594521e-03,6.742735e-02
1.055157e-01,4.641133e-02,5.124172e-02,2.358323e-02,6.851643e-02,2.026951e-02,1.376048e-01,2.958127e-01,3.893202e-02,5.898606e-03,9.187576e-03,1.156010e-02,1.321970e-01,4.245318e-03,4.902407e-02
7.944499e-02,3.599175e-02,4.889833e-02,1.796241e-02,5.289221e-02,1.719098e-02,1.616201e-01,4.047905e-01,2.765000e-02,4.563367e-03,6.896206e-03,8.544059e-03,9.554122e-02,3.169177e-03,3.484472e-02
6.179454e-02,2.707270e-02,4.086375e-02,1.379077e-02,4.281380e-02,1.661695e-02,1.772127e-01,4.868245e-01,2.034559e-02,3.782973e-03,5.986795e-03,6.803857e-03,6.884692e-02,2.340970e-03,2.490315e-02
5.442553e-02,2.099744e-02,3.576511e-02,1.225096e-02,4.158421e-02,2.379859e-02,1.745520e-01,5.000436e-01,1.873066e-02,5.547537e-03,3.131861e-02,6.507248e-03,5.231217e-02,1.755053e-03,2.041123e-02
4.766979e-02,1.614016e-02,2.620394e-02,9.173471e-03,3.108793e-02,1.848533e-02,1.340349e-01,4.530301e-01,1.521550e-02,5.691138e-03,1.454740e-01,1.068229e-02,3.991727e-02,3.168163e-02,1.551247e-02
3.462931e-02,1.322045e-02,1.869846e-02,6.789468e-03,2.245683e-02,1.331952e-02,1.010049e-01,3.934940e-01,1.224882e-02,5.389233e-03,2.609316e-01,1.867888e-02,2.969297e-02,5.614102e-02,1.330455e-02
2.458437e-02,1.027074e-02,1.316285e-02,5.275195e-03,1.663738e-02,9.518234e-03,7.259488e-02,3.303846e-01,9.615625e-03,4.915117e-03,3.427981e-01,2.692886e-02,2.313841e-02,9.732296e-02,1.285272e-02
1.801809e-02,7.503700e-03,9.313831e-03,4.904215e-03,1.215488e-02,7.253867e-03,5.140499e-02,2.832351e-01,8.360221e-03,4.912262e-03,4.323941e-01,2.648183e-02,1.785193e-02,1.060784e-01,1.013258e-02
1.448980e-02,5.512803e-03,6.607815e-03,5.036967e-03,9.847824e-03,6.950554e-03,3.630875e-02,2.308417e-01,7.375847e-03,3.992311e-03,4.597930e-01,2.263231e-02,1.352112e-02,1.697577e-01,7.331569e-03
1.145455e-02,3.998698e-03,4.751788e-03,4.054923e-03,7.431678e-03,7.241110e-03,2.552544e-02,1.655745e-01,5.996265e-03,2.875403e-03,4.261751e-01,1.769885e-02,9.880164e-03,3.020700e-01,5.271571e-03
8.581045e-03,2.847305e-03,3.381116e-03,2.991860e-03,6.132764e-03,6.780107e-03,1.789938e-02,1.163429e-01,4.545649e-03,2.079967e-03,4.176154e-01,1.336506e-02,7.036401e-03,3.866408e-01,3.760158e-03
6.679601e-03,2.090954e-03,2.417071e-03,2.414079e-03,5.130247e-03,7.442467e-03,1.255823e-02,8.167427e-02,3.891043e-03,1.511129e-03,4.193012e-01,1.082986e-02,5.232319e-03,4.360666e-01,2.760988e-03
4.928235e-03,2.259564e-03,1.877588e-03,9.574548e-03,4.427764e-03,6.341265e-03,8.842473e-03,5.732144e-02,1.747747e-02,1.492151e-03,4.410101e-01,9.774040e-03,3.934201e-03,4.281000e-01,2.639174e-03
3.614675e-03,1.744297e-03,1.495090e-03,7.968022e-03,3.838092e-03,7.359479e-03,6.210836e-03,4.016969e-02,2.810271e-02,1.823312e-03,4.588550e-01,8.845402e-03,3.282680e-03,4.245358e-01,2.154947e-03
2.916231e-03,1.737385e-03,1.288180e-03,7.448913e-03,3.944056e-03,7.682252e-03,4.450965e-03,2.814343e-02,4.607041e-02,3.945431e-03,4.563813e-01,1.087724e-02,4.318506e-03,4.182792e-01,2.516540e-03
2.171287e-03,5.110061e-03,1.742528e-03,5.669340e-03,3.643362e-03,2.025720e-02,3.129698e-03,1.973115e-02,7.405886e-02,4.320721e-03,3.920105e-01,8.594384e-03,3.584937e-03,4.537103e-01,2.265681e-03
1.593891e-03,3.849647e-03,1.380992e-03,4.279457e-03,2.795540e-03,1.710284e-02,2.195046e-03,1.382464e-02,1.017306e-01,3.940820e-03,3.453251e-01,6.698322e-03,2.787160e-03,4.907536e-01,1.742380e-03
1.310300e-03,5.167360e-03,1.160903e-02,4.901767e-03,3.344795e-03,3.029027e-02,1.710307e-03,1.221784e-02,1.959696e-01,6.586178e-03,2.992108e-01,5.273393e-03,2.571956e-03,4.180380e-01,1.798452e-03
9.818911e-04,4.191815e-03,8.893578e-03,3.812786e-03,2.552011e-03,3.310280e-02,1.202868e-03,8.634232e-03,1.855407e-01,6.282144e-03,2.807959e-01,4.001647e-03,1.920705e-03,4.567619e-01,1.325125e-03
7.439434e-04,4.462359e-03,6.681500e-03,3.006291e-03,1.905739e-03,3.076659e-02,8.440515e-04,6.060313e-03,1.948078e-01,5.510340e-03,2.349680e-01,3.221372e-03,1.393429e-03,5.046407e-01,9.875685e-04
7.506178e-04,1.339218e-02,1.082752e-02,2.662607e-03,1.566543e-03,4.136863e-02,5.993858e-04,4.628380e-03,3.243522e-01,6.663031e-03,1.851777e-01,2.384221e-03,1.020871e-03,4.033355e-01,1.270578e-03
7.689107e-04,1.093049e-02,8.064147e-03,2.182030e-03,1.265357e-03,3.340987e-02,4.231074e-04,3.322860e-03,4.406914e-01,5.982210e-03,1.539003e-01,1.778653e-03,7.449430e-04,3.354306e-01,1.105020e-03
1.560895e-03,1.540858e-02,6.652692e-03,1.836452e-03,1.614315e-03,7.893412e-02,3.038640e-04,2.572707e-03,4.855423e-01,5.655301e-03,1.233865e-01,1.361912e-03,5.927798e-04,2.726816e-01,1.896031e-03
3.669496e-03,1.310185e-02,9.719561e-03,3.146505e-03,1.806788e-03,8.590113e-02,2.685084e-04,6.304597e-03,5.406253e-01,5.171376e-03,9.544339e-02,1.006643e-03,5.488663e-04,2.315990e-01,1.687059e-03
7.589377e-03,2.641420e-02,7.850513e-03,3.424351e-03,3.126775e-03,1.175285e-01,2.253391e-04,5.880813e-03,5.386252e-01,5.389391e-03,8.858419e-02,8.577950e-04,6.133807e-04,1.917611e-01,2.129050e-03
1.100472e-02,2.693323e-02,7.041021e-03,2.933192e-03,3.935291e-03,1.258591e-01,1.718765e-04,4.806586e-03,5.345269e-01,4.726840e-03,9.702629e-02,8.677409e-04,5.447711e-04,1.760162e-01,3.606238e-03
1.533105e-02,3.103607e-02,6.586363e-03,6.256445e-03,5.497595e-03,1.317352e-01,1.393452e-04,5.143289e-03,5.268296e-01,5.532753e-03,9.301913e-02,1.214821e-03,7.558934e-04,1.569185e-01,1.400391e-02
2.128810e-02,3.769229e-02,7.889536e-03,5.478402e-03,5.556951e-03,1.545516e-01,1.658266e-04,7.071022e-03,5.139649e-01,4.824888e-03,8.031108e-02,1.379153e-03,7.087138e-04,1.483714e-01,1.074614e-02
4.170217e-02,3.395607e-02,6.909037e-03,5.685286e-03,5.084142e-03,1.244278e-01,1.702601e-04,5.788728e-03,4.485182e-01,5.286384e-03,9.461030e-02,4.932657e-03,1.960733e-03,2.088428e-01,1.212543e-02
4.835651e-02,4.306994e-02,5.354417e-03,6.192417e-03,7.803375e-03,1.112367e-01,2.000196e-04,5.388407e-03,4.267847e-01,9.883001e-03,9.928788e-02,8.834994e-03,2.440042e-03,2.142266e-01,1.094104e-02
3.977135e-02,3.397721e-02,4.635741e-03,5.176174e-03,9.618055e-03,8.358427e-02,2.093346e-04,4.125109e-03,3.428134e-01,1.002529e-01,1.468496e-01,8.882453e-03,2.330039e-03,2.071793e-01,1.059513e-02
3.219993e-02,2.856394e-02,3.672795e-03,4.560349e-03,8.201336e-03,6.030198e-02,1.707096e-04,3.028301e-03,2.863794e-01,1.844358e-01,1.835238e-01,8.034149e-03,2.321923e-03,1.845213e-01,1.008426e-02
2.634966e-02,2.574153e-02,2.820036e-03,5.055771e-03,1.037888e-02,4.751758e-02,2.095599e-04,3.205554e-03,2.146443e-01,2.521498e-01,2.524487e-01,1.095493e-02,5.326611e-03,1.348096e-01,8.387526e-03
2.425082e-02,4.220282e-02,2.433126e-03,3.922410e-03,8.999302e-03,3.771335e-02,2.644824e-04,2.749762e-03,1.638037e-01,2.753792e-01,3.021202e-01,2.266354e-02,5.378121e-03,1.010259e-01,7.093177e-03
1.928150e-02,3.589883e-02,1.875572e-03,2.910842e-03,7.402048e-03,3.070185e-02,2.852356e-04,2.062300e-03,1.180206e-01,2.290520e-01,4.492819e-01,2.069297e-02,5.086114e-03,7.192875e-02,5.519410e-03
2.419490e-02,2.735186e-02,1.616956e-03,2.542143e-03,6.470334e-03,2.995013e-02,5.137330e-04,1.873888e-03,8.451811e-02,2.391022e-01,4.765268e-01,4.340268e-02,5.285917e-03,5.204699e-02,4.603276e-03
2.361770e-02,2.015968e-02,1.253973e-03,2.309898e-03,6.922051e-03,2.424586e-02,5.160273e-04,1.490457e-03,6.220422e-02,1.834892e-01,5.563552e-01,6.999128e-02,5.636935e-03,3.799784e-02,3.809595e-03
2.696214e-02,1.653219e-02,2.384133e-03,2.532094e-03,7.067451e-03,2.204454e-02,1.157018e-03,1.411838e-03,4.615492e-02,1.367828e-01,6.191074e-01,7.807553e-02,5.345855e-03,2.687944e-02,7.562591e-03
3.415724e-02,1.750237e-02,6.282172e-03,2.591688e-03,7.227933e-03,2.532598e-02,2.967161e-03,3.010441e-03,3.745881e-02,1.023254e-01,6.403810e-01,7.901365e-02,5.090544e-03,1.971686e-02,1.694863e-02
2.868061e-02,1.782596e-02,5.812685e-03,2.448716e-03,6.452341e-03,3.509261e-02,2.637285e-03,3.077467e-03,3.252891e-02,7.593196e-02,5.700895e-01,1.800189e-01,5.014044e-03,1.493547e-02,1.945338e-02
2.647790e-02,1.537861e-02,7.020236e-03,1.948431e-03,2.342792e-02,2.947708e-02,4.354883e-03,7.111068e-03,5.538510e-02,5.878338e-02,4.370025e-01,3.010400e-01,5.704442e-03,1.181319e-02,1.507516e-02
3.675668e-02,1.406178e-02,9.061941e-03,1.678983e-03,2.562416e-02,4.719290e-02,2.143432e-02,1.037032e-02,4.538549e-02,5.267161e-02,3.772728e-01,3.290451e-01,6.671229e-03,1.044143e-02,1.233123e-02
4.750497e-02,1.428733e-02,1.876529e-02,1.669273e-03,4.334814e-02,5.226888e-02,2.911441e-02,1.231485e-02,4.651110e-02,5.558069e-02,3.362096e-01,3.098972e-01,1.191284e-02,1.089649e-02,9.718801e-03
4.910524e-02,1.239341e-02,2.628900e-02,2.075393e-03,8.212574e-02,4.424718e-02,2.442866e-02,1.532531e-02,4.074513e-02,4.699910e-02,2.411164e-01,3.843083e-01,1.213811e-02,1.150622e-02,7.196697e-03
5.119720e-02,1.012942e-02,2.074536e-02,1.921100e-03,7.295562e-02,3.432189e-02,1.832135e-02,1.346498e-02,3.818860e-02,3.759495e-02,1.758330e-01,4.950019e-01,1.540533e-02,9.686823e-03,5.232408e-03
5.045889e-02,8.038363e-03,1.686099e-02,1.849032e-03,1.132846e-01,3.387811e-02,1.568156e-02,1.132484e-02,4.325701e-02,2.827699e-02,1.448311e-01,5.030415e-01,1.802140e-02,7.297152e-03,3.898412e-03
5.321385e-02,8.130965e-03,1.604873e-02,2.408717e-03,1.239882e-01,3.300559e-02,1.185805e-02,1.475565e-02,4.432255e-02,2.256692e-02,1.363369e-01,5.040843e-01,1.993178e-02,6.078679e-03,3.269101e-03
4.627053e-02,1.056296e-02,1.868510e-02,2.079464e-03,1.544006e-01,2.804774e-02,9.280836e-03,2.906349e-02,7.062195e-02,2.178257e-02,1.051022e-01,4.748219e-01,2.059392e-02,6.072497e-03,2.614221e-03
3.869463e-02,1.944266e-02,2.077941e-02,2.961243e-03,1.432007e-01,3.449482e-02,7.463272e-03,4.588087e-02,1.095697e-01,1.927043e-02,8.459851e-02,4.488518e-01,1.728005e-02,5.459157e-03,2.052775e-03
3.401322e-02,2.445921e-02,2.195509e-02,4.162395e-03,1.779259e-01,3.009415e-02,6.143255e-03,5.804822e-02,1.684323e-01,1.804135e-02,6.542905e-02,3.682415e-01,1.593742e-02,5.485140e-03,1.631778e-03
2.960953e-02,1.945955e-02,3.721116e-02,5.844374e-03,2.688552e-01,2.352232e-02,7.905237e-03,1.012697e-01,1.462203e-01,1.496409e-02,4.857814e-02,2.798722e-01,1.149676e-02,3.937947e-03,1.253537e-03
2.932535e-02,1.687771e-02,1.007943e-01,1.306098e-02,2.458757e-01,1.962426e-02,7.383017e-03,1.387807e-01,1.223218e-01,1.276806e-02,3.697167e-02,2.437984e-01,8.422551e-03,2.975901e-03,1.019622e-03
3.215623e-02,1.817539e-02,2.314607e-01,1.062569e-02,2.566853e-01,1.942877e-02,8.449306e-03,1.037770e-01,1.009624e-01,9.603584e-03,2.694167e-02,1.715734e-01,6.373963e-03,2.819753e-03,9.669111e-04
2.945808e-02,1.601314e-02,3.057297e-01,1.376033e-02,2.469197e-01,1.450370e-02,1.093155e-02,1.307106e-01,7.630297e-02,6.981445e-03,1.985451e-02,1.212602e-01,4.605106e-03,2.208428e-03,7.606065e-04
4.458831e-02,1.570419e-02,2.851115e-01,1.656831e-02,3.138675e-01,1.118896e-02,1.258892e-02,1.207224e-01,6.220958e-02,5.694779e-03,1.867299e-02,8.659302e-02,3.464854e-03,2.223961e-03,8.007679e-04
5.421930e-02,1.463107e-02,2.253866e-01,2.132769e-02,4.094355e-01,1.032682e-02,1.161413e-02,1.184144e-01,4.660495e-02,4.889619e-03,1.507769e-02,6.210636e-02,2.867069e-03,1.954928e-03,1.143932e-03
4.930233e-02,1.158233e-02,1.641326e-01,2.601642e-02,4.424978e-01,8.037093e-03,8.976690e-03,1.915541e-01,3.304481e-02,3.637477e-03,1.154349e-02,4.486376e-02,2.458540e-03,1.440168e-03,9.125389e-04
4.633331e-02,8.440149e-03,1.166634e-01,1.920245e-02,3.601199e-01,6.066755e-03,6.762146e-03,3.661186e-01,2.325238e-02,2.637571e-03,8.704400e-03,3.192184e-02,2.026889e-03,1.042790e-03,7.074913e-04
6.296316e-02,7.065137e-03,8.826067e-02,1.505324e-02,3.694850e-01,5.232196e-03,7.071764e-03,3.904299e-01,1.787640e-02,2.283470e-03,6.991656e-03,2.353872e-02,1.978792e-03,1.036582e-03,7.333436e-04
1.067160e-01,6.256853e-03,6.374636e-02,1.459110e-02,3.619365e-01,6.190580e-03,7.475984e-03,3.850303e-01,1.421920e-02,2.086871e-03,7.072524e-03,1.945891e-02,3.047774e-03,1.127411e-03,1.043537e-03
8.843170e-02,1.842830e-02,4.867859e-02,1.579630e-01,2.635022e-01,6.304336e-03,7.133880e-03,2.911982e-01,4.635892e-02,1.248550e-02,2.631182e-02,1.774997e-02,9.565626e-03,1.497364e-03,4.390506e-03
8.353667e-02,2.518286e-02,3.497716e-02,1.838225e-01,2.063169e-01,1.280553e-02,1.103057e-02,2.243635e-01,7.003382e-02,1.044357e-02,3.406965e-02,1.532849e-02,7.859158e-02,1.712850e-03,7.784354e-03
8.638017e-02,2.676539e-02,2.632094e-02,2.123788e-01,1.480474e-01,2.509788e-02,1.692603e-02,1.653750e-01,7.753015e-02,9.627357e-03,4.380378e-02,1.510319e-02,1.303834e-01,2.292432e-03,1.396796e-02
7.704351e-02,2.751473e-02,1.953236e-02,1.661051e-01,1.075086e-01,3.860186e-02,1.573220e-02,1.174184e-01,8.711304e-02,7.471266e-03,3.360130e-02,1.362149e-02,2.708655e-01,2.531589e-03,1.533894e-02
6.750140e-02,2.060212e-02,1.408974e-02,1.196177e-01,7.620529e-02,3.568164e-02,1.196154e-02,8.385383e-02,7.083396e-02,5.443445e-03,2.485425e-02,1.140499e-02,4.416195e-01,1.888027e-03,1.444260e-02
5.741433e-02,1.699533e-02,1.053888e-02,8.934992e-02,5.476337e-02,3.416207e-02,9.110218e-03,6.043325e-02,9.320028e-02,4.081376e-03,1.886605e-02,1.219783e-02,5.245235e-01,1.535376e-03,1.282819e-02
5.565982e-02,1.323442e-02,7.731488e-03,6.389815e-02,3.877908e-02,3.288024e-02,6.635723e-03,4.285127e-02,6.978276e-02,2.988291e-03,1.432496e-02,1.541050e-02,6.239242e-01,1.257230e-03,1.064183e-02
6.091119e-02,2.020420e-02,8.856248e-03,5.682060e-02,2.828770e-02,2.713328e-02,5.381234e-03,3.300890e-02,6.861402e-02,2.385199e-03,1.229954e-02,2.261229e-02,6.407783e-01,1.879528e-03,1.082771e-02
6.682736e-02,1.474484e-02,8.430442e-03,4.313891e-02,2.172666e-02,4.513418e-02,5.658549e-03,2.756875e-02,5.569054e-02,1.911962e-03,1.032032e-02,2.932136e-02,6.555256e-01,1.528554e-03,1.247196e-02
6.339937e-02,1.100738e-02,9.185937e-03,3.189790e-02,1.819996e-02,4.026011e-02,4.958997e-03,3.686924e-02,5.284198e-02,1.840667e-03,8.791557e-03,4.740751e-02,6.591037e-01,1.248823e-03,1.298681e-02
5.632525e-02,8.074957e-03,9.325573e-03,2.955333e-02,1.371378e-02,4.421019e-02,4.498080e-03,6.788018e-02,4.033357e-02,1.893028e-03,9.701696e-03,4.056688e-02,6.587605e-01,1.439478e-03,1.372349e-02
6.155159e-02,6.537917e-03,1.928663e-02,5.725685e-02,1.220657e-02,5.854178e-02,3.752668e-03,1.181269e-01,4.425020e-02,2.477291e-03,1.142281e-02,3.223381e-02,5.581611e-01,1.626920e-03,1.256695e-02
