1.000000e+00,0.000000e+00,0.000000e+00,0.000000e+00,0.000000e+00,0.000000e+00,0.000000e+00,0.000000e+00,0.000000e+00,0.000000e+00,0.000000e+00,0.000000e+00,0.000000e+00,0.000000e+00,0.000000e+00
1.000000e+00,0.000000e+00,0.000000e+00,0.000000e+00,0.000000e+00,0.000000e+00,0.000000e+00,0.000000e+00,0.000000e+00,0.000000e+00,0.000000e+00,0.000000e+00,0.000000e+00,0.000000e+00,0.000000e+00
1.000000e+00,0.000000e+00,0.000000e+00,0.000000e+00,0.000000e+00,0.000000e+00,0.000000e+00,0.000000e+00,0.000000e+00,0.000000e+00,0.000000e+00,0.000000e+00,0.000000e+00,0.000000e+00,0.000000e+00
1.000000e+00,0.000000e+00,0.000000e+00,0.000000e+00,0.000000e+00,0.000000e+00,0.000000e+00,0.000000e+00,0.000000e+00,0.000000e+00,0.000000e+00,0.000000e+00,0.000000e+00,0.000000e+00,0.000000e+00
1.000000e+00,0.000000e+00,0.000000e+00,0.000000e+00,0.000000e+00,0.000000e+00,0.000000e+00,0.000000e+00,0.000000e+00,0.000000e+00,0.000000e+00,0.000000e+00,0.000000e+00,0.000000e+00,0.000000e+00
1.000000e+00,0.000000e+00,0.000000e+00,0.000000e+00,0.000000e+00,0.000000e+00,0.000000e+00,0.000000e+00,0.000000e+00,0.000000e+00,0.000000e+00,0.000000e+00,0.000000e+00,0.000000e+00,0.000000e+00
1.000000e+00,0.000000e+00,0.000000e+00,0.000000e+00,0.000000e+00,0.000000e+00,0.000000e+00,0.000000e+00,0.000000e+00,0.000000e+00,0.000000e+00,0.000000e+00,0.000000e+00,0.000000e+00,0.000000e+00
1.000000e+00,0.000000e+00,0.000000e+00,0.000000e+00,0.000000e+00,0.000000e+00,0.000000e+00,0.000000e+00,0.000000e+00,0.000000e+00,0.000000e+00,0.000000e+00,0.000000e+00,0.000000e+00,0.000000e+00
1.000000e+00,0.000000e+00,0.000000e+00,0.000000e+00,0.000000e+00,0.000000e+00,0.000000e+00,0.000000e+00,0.000000e+00,0.000000e+00,0.000000e+00,0.000000e+00,0.000000e+00,0.000000e+00,0.000000e+00
1.000000e+00,0.000000e+00,0.000000e+00,0.000000e+00,0.000000e+00,0.000000e+00,0.000000e+00,0.000000e+00,0.000000e+00,0.000000e+00,0.000000e+00,0.000000e+00,0.000000e+00,0.000000e+00,0.000000e+00
1.000000e+00,0.000000e+00,0.000000e+00,0.000000e+00,0.000000e+00,0.000000e+00,0.000000e+00,0.000000e+00,0.000000e+00,0.000000e+00,0.000000e+00,0.000000e+00,0.000000e+00,0.000000e+00,0.000000e+00
1.000000e+00,0.000000e+00,0.000000e+00,0.000000e+00,0.000000e+00,0.000000e+00,0.000000e+00,0.000000e+00,0.000000e+00,0.000000e+00,0.000000e+00,0.000000e+00,0.000000e+00,0.000000e+00,0.000000e+00
1.000000e+00,0.000000e+00,0.000000e+00,0.000000e+00,0.000000e+00,0.000000e+00,0.000000e+00,0.000000e+00,0.000000e+00,0.000000e+00,0.000000e+00,0.000000e+00,0.000000e+00,0.000000e+00,0.000000e+00
1.000000e+00,0.000000e+00,0.000000e+00,0.000000e+00,0.000000e+00,0.000000e+00,0.000000e+00,0.000000e+00,0.000000e+00,0.000000e+00,0.000000e+00,0.000000e+00,0.000000e+00,0.000000e+00,0.000000e+00
1.000000e+00,0.000000e+00,0.000000e+00,0.000000e+00,0.000000e+00,0.000000e+00,0.000000e+00,0.000000e+00,0.000000e+00,0.000000e+00,0.000000e+00,0.000000e+00,0.000000e+00,0.000000e+00,0.000000e+00
1.000000e+00,0.000000e+00,0.000000e+00,0.000000e+00,0.000000e+00,0.000000e+00,0.000000e+00,0.000000e+00,0.000000e+00,0.000000e+00,0.000000e+00,0.000000e+00,0.000000e+00,0.000000e+00,0.000000e+00
1.000000e+00,0.000000e+00,0.000000e+00,0.000000e+00,0.000000e+00,0.000000e+00,0.000000e+00,0.000000e+00,0.000000e+00,0.000000e+00,0.000000e+00,0.000000e+00,0.000000e+00,0.000000e+00,0.000000e+00
1.000000e+00,0.000000e+00,0.000000e+00,0.000000e+00,0.000000e+00,0.000000e+00,0.000000e+00,0.000000e+00,0.000000e+00,0.000000e+00,0.000000e+00,0.000000e+00,0.000000e+00,0.000000e+00,0.000000e+00
1.000000e+00,0.000000e+00,0.000000e+00,0.000000e+00,0.000000e+00,0.000000e+00,0.000000e+00,0.000000e+00,0.000000e+00,0.000000e+00,0.000000e+00,0.000000e+00,0.000000e+00,0.000000e+00,0.000000e+00
1.000000e+00,0.000000e+00,0.000000e+00,0.000000e+00,0.000000e+00,0.000000e+00,0.000000e+00,0.000000e+00,0.000000e+00,0.000000e+00,0.000000e+00,0.000000e+00,0.000000e+00,0.000000e+00,0.000000e+00
1.000000e+00,0.000000e+00,0.000000e+00,0.000000e+00,0.000000e+00,0.000000e+00,0.000000e+00,0.000000e+00,0.000000e+00,0.000000e+00,0.000000e+00,0.000000e+00,0.000000e+00,0.000000e+00,0.000000e+00
1.000000e+00,0.000000e+00,0.000000e+00,0.000000e+00,0.000000e+00,0.000000e+00,0.000000e+00,0.000000e+00,0.000000e+00,0.000000e+00,0.000000e+00,0.000000e+00,0.000000e+00,0.000000e+00,0.000000e+00
1.000000e+00,0.000000e+00,0.000000e+00,0.000000e+00,0.000000e+00,0.000000e+00,0.000000e+00,0.000000e+00,0.000000e+00,0.000000e+00,0.000000e+00,0.000000e+00,0.000000e+00,0.000000e+00,0.000000e+00
1.000000e+00,0.000000e+00,0.000000e+00,0.000000e+00,0.000000e+00,0.000000e+00,0.000000e+00,0.000000e+00,0.000000e+00,0.000000e+00,0.000000e+00,0.000000e+00,0.000000e+00,0.000000e+00,0.000000e+00
1.000000e+00,0.000000e+00,0.000000e+00,0.000000e+00,0.000000e+00,0.000000e+00,0.000000e+00,0.000000e+00,0.000000e+00,0.000000e+00,0.000000e+00,0.000000e+00,0.000000e+00,0.000000e+00,0.000000e+00
1.000000e+00,0.000000e+00,0.000000e+00,0.000000e+00,0.000000e+00,0.000000e+00,0.000000e+00,0.000000e+00,0.000000e+00,0.000000e+00,0.000000e+00,0.000000e+00,0.000000e+00,0.000000e+00,0.000000e+00
1.000000e+00,0.000000e+00,0.000000e+00,0.000000e+00,0.000000e+00,0.000000e+00,0.000000e+00,0.000000e+00,0.000000e+00,0.000000e+00,0.000000e+00,0.000000e+00,0.000000e+00,0.000000e+00,0.000000e+00
1.000000e+00,0.000000e+00,0.000000e+00,0.000000e+00,0.000000e+00,0.000000e+00,0.000000e+00,0.000000e+00,0.000000e+00,0.000000e+00,0.000000e+00,0.000000e+00,0.000000e+00,0.000000e+00,0.000000e+00
1.000000e+00,0.000000e+00,0.000000e+00,0.000000e+00,0.000000e+00,0.000000e+00,0.000000e+00,0.000000e+00,0.000000e+00,0.000000e+00,0.000000e+00,0.000000e+00,0.000000e+00,0.000000e+00,0.000000e+00
1.000000e+00,0.000000e+00,0.000000e+00,0.000000e+00,0.000000e+00,0.000000e+00,0.000000e+00,0.000000e+00,0.000000e+00,0.000000e+00,0.000000e+00,0.000000e+00,0.000000e+00,0.000000e+00,0.000000e+00
1.000000e+00,0.000000e+00,0.000000e+00,0.000000e+00,0.000000e+00,0.000000e+00,0.000000e+00,0.000000e+00,0.000000e+00,0.000000e+00,0.000000e+00,0.000000e+00,0.000000e+00,0.000000e+00,0.000000e+00
1.000000e+00,0.000000e+00,0.000000e+00,0.000000e+00,0.000000e+00,0.000000e+00,0.000000e+00,0.000000e+00,0.000000e+00,0.000000e+00,0.000000e+00,0.000000e+00,0.000000e+00,0.000000e+00,0.000000e+00
1.000000e+00,0.000000e+00,0.000000e+00,0.000000e+00,0.000000e+00,0.000000e+00,0.000000e+00,0.000000e+00,0.000000e+00,0.000000e+00,0.000000e+00,0.000000e+00,0.000000e+00,0.000000e+00,0.000000e+00
1.000000e+00,0.000000e+00,0.000000e+00,0.000000e+00,0.000000e+00,0.000000e+00,0.000000e+00,0.000000e+00,0.000000e+00,0.000000e+00,0.000000e+00,0.000000e+00,0.000000e+00,0.000000e+00,0.000000e+00
1.000000e+00,0.000000e+00,0.000000e+00,0.000000e+00,0.000000e+00,0.000000e+00,0.000000e+00,0.000000e+00,0.000000e+00,0.000000e+00,0.000000e+00,0.000000e+00,0.000000e+00,0.000000e+00,0.000000e+00
1.000000e+00,0.000000e+00,0.000000e+00,0.000000e+00,0.000000e+00,0.000000e+00,0.000000e+00,0.000000e+00,0.000000e+00,0.000000e+00,0.000000e+00,0.000000e+00,0.000000e+00,0.000000e+00,0.000000e+00
1.000000e+00,0.000000e+00,0.000000e+00,0.000000e+00,0.000000e+00,0.000000e+00,0.000000e+00,0.000000e+00,0.000000e+00,0.000000e+00,0.000000e+00,0.000000e+00,0.000000e+00,0.000000e+00,0.000000e+00
1.000000e+00,0.000000e+00,0.000000e+00,0.000000e+00,0.000000e+00,0.000000e+00,0.000000e+00,0.000000e+00,0.000000e+00,0.000000e+00,0.000000e+00,0.000000e+00,0.000000e+00,0.000000e+00,0.000000e+00
1.000000e+00,0.000000e+00,0.000000e+00,0.000000e+00,0.000000e+00,0.000000e+00,0.000000e+00,0.000000e+00,0.000000e+00,0.000000e+00,0.000000e+00,0.000000e+00,0.000000e+00,0.000000e+00,0.000000e+00
1.000000e+00,0.000000e+00,0.000000e+00,0.000000e+00,0.000000e+00,0.000000e+00,0.000000e+00,0.000000e+00,0.000000e+00,0.000000e+00,0.000000e+00,0.000000e+00,0.000000e+00,0.000000e+00,0.000000e+00
1.000000e+00,0.000000e+00,0.000000e+00,0.000000e+00,0.000000e+00,0.000000e+00,0.000000e+00,0.000000e+00,0.000000e+00,0.000000e+00,0.000000e+00,0.000000e+00,0.000000e+00,0.000000e+00,0.000000e+00
1.000000e+00,0.000000e+00,0.000000e+00,0.000000e+00,0.000000e+00,0.000000e+00,0.000000e+00,0.000000e+00,0.000000e+00,0.000000e+00,0.000000e+00,0.000000e+00,0.000000e+00,0.000000e+00,0.000000e+00
1.000000e+00,0.000000e+00,0.000000e+00,0.000000e+00,0.000000e+00,0.000000e+00,0.000000e+00,0.000000e+00,0.000000e+00,0.000000e+00,0.000000e+00,0.000000e+00,0.000000e+00,0.000000e+00,0.000000e+00
1.000000e+00,0.000000e+00,0.000000e+00,0.000000e+00,0.000000e+00,0.000000e+00,0.000000e+00,0.000000e+00,0.000000e+00,0.000000e+00,0.000000e+00,0.000000e+00,0.000000e+00,0.000000e+00,0.000000e+00
1.000000e+00,0.000000e+00,0.000000e+00,0.000000e+00,0.000000e+00,0.000000e+00,0.000000e+00,0.000000e+00,0.000000e+00,0.000000e+00,0.000000e+00,0.000000e+00,0.000000e+00,0.000000e+00,0.000000e+00
1.000000e+00,0.000000e+00,0.000000e+00,0.000000e+00,0.000000e+00,0.000000e+00,0.000000e+00,0.000000e+00,0.000000e+00,0.000000e+00,0.000000e+00,0.000000e+00,0.000000e+00,0.000000e+00,0.000000e+00
1.000000e+00,0.000000e+00,0.000000e+00,0.000000e+00,0.000000e+00,0.000000e+00,0.000000e+00,0.000000e+00,0.000000e+00,0.000000e+00,0.000000e+00,0.000000e+00,0.000000e+00,0.000000e+00,0.000000e+00
1.000000e+00,0.000000e+00,0.000000e+00,0.000000e+00,0.000000e+00,0.000000e+00,0.000000e+00,0.000000e+00,0.000000e+00,0.000000e+00,0.000000e+00,0.000000e+00,0.000000e+00,0.000000e+00,0.000000e+00
1.000000e+00,0.000000e+00,0.000000e+00,0.000000e+00,0.000000e+00,0.000000e+00,0.000000e+00,0.000000e+00,0.000000e+00,0.000000e+00,0.000000e+00,0.000000e+00,0.000000e+00,0.000000e+00,0.000000e+00
1.000000e+00,0.000000e+00,0.000000e+00,0.000000e+00,0.000000e+00,0.000000e+00,0.000000e+00,0.000000e+00,0.000000e+00,0.000000e+00,0.000000e+00,0.000000e+00,0.000000e+00,0.000000e+00,0.000000e+00
1.000000e+00,0.000000e+00,0.000000e+00,0.000000e+00,0.000000e+00,0.000000e+00,0.000000e+00,0.000000e+00,0.000000e+00,0.000000e+00,0.000000e+00,0.000000e+00,0.000000e+00,0.000000e+00,0.000000e+00
1.000000e+00,0.000000e+00,0.000000e+00,0.000000e+00,0.000000e+00,0.000000e+00,0.000000e+00,0.000000e+00,0.000000e+00,0.000000e+00,0.000000e+00,0.000000e+00,0.000000e+00,0.000000e+00,0.000000e+00
1.000000e+00,0.000000e+00,0.000000e+00,0.000000e+00,0.000000e+00,0.000000e+00,0.000000e+00,0.000000e+00,0.000000e+00,0.000000e+00,0.000000e+00,0.000000e+00,0.000000e+00,0.000000e+00,0.000000e+00
1.000000e+00,0.000000e+00,0.000000e+00,0.000000e+00,0.000000e+00,0.000000e+00,0.000000e+00,0.000000e+00,0.000000e+00,0.000000e+00,0.000000e+00,0.000000e+00,0.000000e+00,0.000000e+00,0.000000e+00
1.000000e+00,0.000000e+00,0.000000e+00,0.000000e+00,0.000000e+00,0.000000e+00,0.000000e+00,0.000000e+00,0.000000e+00,0.000000e+00,0.000000e+00,0.000000e+00,0.000000e+00,0.000000e+00,0.000000e+00
1.000000e+00,0.000000e+00,0.000000e+00,0.000000e+00,0.000000e+00,0.000000e+00,0.000000e+00,0.000000e+00,0.000000e+00,0.000000e+00,0.000000e+00,0.000000e+00,0.000000e+00,0.000000e+00,0.000000e+00
1.000000e+00,0.000000e+00,0.000000e+00,0.000000e+00,0.000000e+00,0.000000e+00,0.000000e+00,0.000000e+00,0.000000e+00,0.000000e+00,0.000000e+00,0.000000e+00,0.000000e+00,0.000000e+00,0.000000e+00
1.000000e+00,0.000000e+00,0.000000e+00,0.000000e+00,0.000000e+00,0.000000e+00,0.000000e+00,0.000000e+00,0.000000e+00,0.000000e+00,0.000000e+00,0.000000e+00,0.000000e+00,0.000000e+00,0.000000e+00
1.000000e+00,0.000000e+00,0.000000e+00,0.000000e+00,0.000000e+00,0.000000e+00,0.000000e+00,0.000000e+00,0.000000e+00,0.000000e+00,0.000000e+00,0.000000e+00,0.000000e+00,0.000000e+00,0.000000e+00
4.384770e-01,3.033253e-02,9.580657e-02,8.145335e-02,7.839147e-03,3.044985e-02,7.195430e-03,1.528326e-01,1.104334e-02,5.135145e-03,3.025082e-02,2.818108e-02,1.851682e-02,1.177818e-02,5.070816e-02
3.865952e-01,2.202918e-02,1.123197e-01,7.144161e-02,6.056311e-03,2.679750e-02,1.173455e-02,2.468732e-01,8.233062e-03,3.765435e-03,2.218972e-02,2.187181e-02,1.453646e-02,8.844910e-03,3.671146e-02
3.757026e-01,1.634068e-02,1.076638e-01,6.109870e-02,4.832758e-03,2.524176e-02,1.468661e-02,3.064644e-01,6.163369e-03,2.830033e-03,1.633722e-02,1.762915e-02,1.156673e-02,6.669967e-03,2.677226e-02
3.611373e-01,1.197588e-02,8.864392e-02,4.755803e-02,3.729259e-03,2.453515e-02,1.799957e-02,3.776042e-01,4.622647e-03,2.135364e-03,1.202537e-02,1.363604e-02,9.382230e-03,5.106719e-03,1.990836e-02
3.410822e-01,8.727999e-03,6.901796e-02,3.566169e-02,2.916760e-03,2.197410e-02,1.967447e-02,4.507746e-01,3.443529e-03,1.614943e-03,8.802052e-03,1.013934e-02,7.540047e-03,3.880332e-03,1.475000e-02
2.497178e-01,6.205785e-03,5.332278e-02,2.600815e-02,2.362377e-03,1.633225e-02,1.693030e-02,5.931516e-01,2.453255e-03,1.171089e-03,6.250042e-03,7.251972e-03,5.606486e-03,2.786059e-03,1.045015e-02
2.232826e-01,4.775961e-03,4.022312e-02,1.891784e-02,2.380603e-03,1.509899e-02,1.568609e-02,6.304325e-01,2.367314e-03,1.402714e-03,6.230813e-03,1.146177e-02,1.718951e-02,2.594075e-03,7.956106e-03
2.730162e-01,4.113403e-03,3.007537e-02,1.521471e-02,3.225212e-03,1.351963e-02,1.151116e-02,5.661555e-01,5.928051e-03,4.008564e-03,1.090557e-02,1.838382e-02,3.210317e-02,4.225646e-03,7.614021e-03
2.642833e-01,4.893224e-03,2.227859e-02,1.507748e-02,3.097261e-03,1.023998e-02,8.376260e-03,4.355036e-01,9.805643e-02,3.681513e-02,1.458914e-02,1.865723e-02,3.158697e-02,1.441561e-02,2.212981e-02
2.307981e-01,5.205510e-03,1.756085e-02,1.914174e-02,2.461537e-03,7.940599e-03,6.237905e-03,3.191936e-01,2.532547e-01,3.149759e-02,1.421594e-02,1.787819e-02,2.429791e-02,1.530733e-02,3.500850e-02
1.933101e-01,4.686562e-03,1.358308e-02,1.750387e-02,1.843196e-03,7.216886e-03,4.703864e-03,2.261272e-01,3.414803e-01,2.644002e-02,1.515239e-02,1.742731e-02,1.812347e-02,4.409418e-02,6.830753e-02
2.729064e-01,4.574853e-03,1.110160e-02,1.548246e-02,1.422783e-03,1.196291e-02,3.811634e-03,1.610288e-01,2.645155e-01,2.471318e-02,3.253188e-02,1.703911e-02,1.450392e-02,9.985833e-02,6.454659e-02
3.202204e-01,4.749882e-03,9.064485e-03,1.353258e-02,1.221563e-03,1.286608e-02,3.609070e-03,1.160487e-01,1.999536e-01,2.620994e-02,4.770160e-02,1.845978e-02,1.165772e-02,1.576974e-01,5.700720e-02
3.435091e-01,5.901190e-03,7.893087e-03,1.170890e-02,1.259801e-02,1.254500e-02,3.076821e-03,8.482830e-02,1.551020e-01,2.080993e-02,4.888304e-02,1.668166e-02,1.187175e-02,2.172800e-01,4.731123e-02
3.881889e-01,5.456325e-03,6.774622e-03,9.954036e-03,1.186481e-02,1.249987e-02,2.731334e-03,6.081063e-02,1.244994e-01,1.690580e-02,4.513873e-02,1.411310e-02,9.886613e-03,2.546236e-01,3.655224e-02
3.703600e-01,6.881752e-03,5.472216e-03,9.588371e-03,9.385636e-03,1.348620e-02,2.643337e-03,4.338786e-02,1.175733e-01,1.703375e-02,4.654363e-02,1.623482e-02,1.068102e-02,3.013041e-01,2.942397e-02
2.826650e-01,1.546186e-02,5.870567e-03,1.226142e-02,7.290840e-03,7.464883e-02,2.201451e-03,3.089921e-02,1.114839e-01,1.406120e-02,4.971418e-02,1.334406e-02,1.122560e-02,3.444305e-01,2.444136e-02
2.070476e-01,1.346683e-02,9.070804e-03,2.022810e-02,6.906387e-03,9.383418e-02,2.375619e-03,2.928477e-02,1.095026e-01,1.377327e-02,4.362373e-02,1.229945e-02,1.488441e-02,4.025247e-01,2.117764e-02
1.452533e-01,1.080525e-02,6.418206e-03,1.447948e-02,5.021395e-03,2.616048e-01,1.737893e-03,2.229573e-02,1.379884e-01,1.000835e-02,3.177575e-02,8.935452e-03,1.920060e-02,3.092960e-01,1.517943e-02
1.018295e-01,8.546840e-03,4.526881e-03,1.036913e-02,3.824272e-03,4.373814e-01,1.240164e-03,1.585346e-02,1.329194e-01,7.136301e-03,2.274757e-02,6.314281e-03,1.754944e-02,2.189538e-01,1.080755e-02
7.134845e-02,6.234931e-03,3.218279e-03,8.537163e-03,2.997200e-03,5.955635e-01,8.732142e-04,1.134197e-02,9.814322e-02,5.662293e-03,1.653052e-02,4.441817e-03,1.323095e-02,1.533894e-01,8.487098e-03
5.126517e-02,5.062777e-03,2.491849e-03,2.022631e-02,2.312433e-03,6.727713e-01,6.286968e-04,1.221879e-02,8.414149e-02,5.243535e-03,1.391414e-02,3.385016e-03,9.865901e-03,1.077150e-01,8.757564e-03
4.168296e-02,4.646584e-03,1.908046e-03,1.835011e-02,1.742368e-03,6.623248e-01,4.558910e-04,9.545233e-03,1.027984e-01,7.368525e-03,3.109275e-02,6.033701e-03,9.252581e-03,7.836276e-02,2.443532e-02
3.043065e-02,8.259172e-03,1.787874e-03,1.954548e-02,1.502939e-03,6.166961e-01,3.363364e-04,7.525545e-03,1.688897e-01,1.002768e-02,3.059134e-02,5.549193e-03,7.849581e-03,5.662061e-02,3.438784e-02
2.391071e-02,1.406440e-02,1.724531e-03,1.649486e-02,1.460090e-03,6.310274e-01,2.807802e-04,6.702852e-03,1.530844e-01,1.195446e-02,3.104821e-02,6.224445e-03,1.161577e-02,4.220128e-02,4.820582e-02
1.879508e-02,1.562126e-02,2.429925e-03,1.333687e-02,1.558424e-03,5.952451e-01,2.332334e-04,5.168319e-03,1.846688e-01,3.822709e-02,2.688268e-02,4.818872e-03,9.183591e-03,3.205640e-02,5.177427e-02
1.451509e-02,4.637411e-02,2.081983e-03,1.185672e-02,1.984530e-03,5.760646e-01,2.590741e-04,4.741673e-03,1.983392e-01,3.280663e-02,2.744717e-02,4.725549e-03,1.242276e-02,2.370925e-02,4.267159e-02
1.161819e-02,1.577096e-01,3.644651e-03,4.665328e-02,2.630363e-03,4.100177e-01,2.339077e-04,4.190783e-03,2.250589e-01,2.437643e-02,2.552605e-02,6.521655e-03,1.443563e-02,1.785986e-02,4.952298e-02
1.143270e-02,1.684808e-01,1.344279e-02,5.616925e-02,4.377046e-03,3.121268e-01,5.459510e-04,6.625063e-03,2.214505e-01,2.379989e-02,2.709615e-02,1.579084e-02,2.051583e-02,1.772448e-02,1.004219e-01
1.446865e-02,1.388634e-01,1.459401e-02,6.358650e-02,1.066819e-02,2.554483e-01,1.301588e-03,7.001145e-03,2.677118e-01,2.343650e-02,3.684038e-02,1.461002e-02,2.423809e-02,1.421615e-02,1.130153e-01
1.336049e-02,1.113540e-01,1.726399e-02,6.616631e-02,1.602396e-02,1.862196e-01,2.262649e-03,2.545377e-02,3.764771e-01,2.173351e-02,2.840769e-02,1.219399e-02,2.097537e-02,1.095544e-02,9.115216e-02
1.875905e-02,1.023112e-01,1.740646e-02,8.566168e-02,1.987262e-02,1.347944e-01,2.345859e-03,2.648157e-02,4.231146e-01,2.533861e-02,2.189668e-02,9.957245e-03,1.759554e-02,8.594513e-03,8.586999e-02
2.387903e-02,9.221521e-02,1.797417e-02,8.091251e-02,2.448587e-02,9.742494e-02,2.350908e-03,3.369997e-02,4.840520e-01,2.608186e-02,1.742527e-02,9.102004e-03,1.632454e-02,6.378078e-03,6.769367e-02
4.611022e-02,8.114249e-02,2.152420e-02,1.760982e-01,2.503286e-02,7.451732e-02,1.964570e-03,2.878276e-02,4.097904e-01,3.565963e-02,1.441702e-02,9.095464e-03,1.338867e-02,4.779140e-03,5.769699e-02
1.041154e-01,7.148695e-02,2.053375e-02,1.448964e-01,3.610183e-02,5.718464e-02,2.309391e-03,3.378719e-02,4.087361e-01,3.147542e-02,1.296359e-02,1.009255e-02,1.379527e-02,3.873979e-03,4.864752e-02
1.077130e-01,6.876634e-02,3.211896e-02,1.604705e-01,4.624689e-02,4.521115e-02,3.217818e-03,3.733950e-02,3.673738e-01,4.270456e-02,1.255030e-02,1.085326e-02,1.494915e-02,3.086329e-03,4.739837e-02
1.251807e-01,5.653803e-02,4.061984e-02,1.285857e-01,4.340846e-02,6.102988e-02,5.778819e-03,8.733509e-02,3.053817e-01,3.433605e-02,2.328212e-02,1.447555e-02,2.916594e-02,2.624822e-03,4.225742e-02
9.976213e-02,4.331079e-02,6.857765e-02,1.477550e-01,3.902909e-02,1.493756e-01,9.982172e-03,8.239335e-02,2.309054e-01,2.533982e-02,2.295509e-02,1.365619e-02,3.317276e-02,1.911074e-03,3.187378e-02
7.181503e-02,3.099612e-02,1.546662e-01,1.713225e-01,3.099421e-02,1.264523e-01,1.027937e-02,8.272621e-02,1.670010e-01,1.843221e-02,2.450647e-02,2.451298e-02,6.184006e-02,1.540948e-03,2.291442e-02
5.079143e-02,2.181589e-02,1.184444e-01,1.461831e-01,2.381382e-02,9.150192e-02,8.667626e-03,8.689569e-02,1.186269e-01,1.379871e-02,4.898803e-02,3.028145e-02,2.220338e-01,1.219958e-03,1.693721e-02
3.688610e-02,1.557276e-02,9.057706e-02,1.073149e-01,2.062175e-02,7.436860e-02,6.495871e-03,6.491975e-02,9.439372e-02,1.002683e-02,4.183808e-02,5.906812e-02,3.639421e-01,1.222646e-03,1.275170e-02
2.604249e-02,1.099346e-02,6.376635e-02,7.539592e-02,1.463146e-02,5.429323e-02,4.829312e-03,4.553516e-02,7.243542e-02,7.137287e-03,3.190704e-02,1.051909e-01,4.776030e-01,9.428837e-04,9.296016e-03
1.828068e-02,7.833686e-03,4.468420e-02,5.280886e-02,1.099937e-02,3.842636e-02,3.396830e-03,3.190241e-02,7.302688e-02,5.043849e-03,2.494183e-02,9.874748e-02,5.825445e-01,6.838880e-04,6.679148e-03
1.312809e-02,5.743651e-03,3.160193e-02,3.710118e-02,8.227925e-03,2.876102e-02,2.902172e-03,2.265005e-02,6.817198e-02,4.459321e-03,2.023059e-02,1.587702e-01,5.924939e-01,7.836145e-04,4.974378e-03
9.438057e-03,4.178410e-03,2.242021e-02,2.621843e-02,5.918007e-03,2.183468e-02,2.533817e-03,1.590069e-02,5.880598e-02,4.311475e-03,2.468753e-02,2.589021e-01,5.403471e-01,7.027243e-04,3.800770e-03
7.501524e-03,3.835319e-03,1.583698e-02,1.865635e-02,4.559455e-03,1.807874e-02,1.836949e-03,1.118785e-02,5.841834e-02,6.350777e-03,5.031263e-02,3.758045e-01,4.234347e-01,1.168982e-03,3.016846e-03
5.548068e-03,3.779288e-03,1.111737e-02,1.310807e-02,3.342931e-03,1.323583e-02,1.302634e-03,7.889303e-03,4.919605e-02,5.814242e-03,1.211405e-01,4.429038e-01,3.163953e-01,2.888710e-03,2.337969e-03
4.187528e-03,6.877582e-03,7.850837e-03,9.219066e-03,2.702185e-03,9.651729e-03,9.195437e-04,5.558640e-03,5.995665e-02,9.490572e-03,2.110936e-01,4.327866e-01,2.312425e-01,6.093042e-03,2.369820e-03
3.228202e-03,1.172215e-02,5.901386e-03,6.635000e-03,4.200673e-03,8.515830e-03,7.030657e-04,4.122321e-03,1.322037e-01,1.091149e-02,2.261080e-01,3.991002e-01,1.643664e-01,2.006674e-02,2.214849e-03
2.536696e-03,1.014580e-02,4.225847e-03,4.757938e-03,3.999906e-03,6.643379e-03,5.175659e-04,2.966716e-03,1.199877e-01,1.033034e-02,3.443232e-01,3.423676e-01,1.168640e-01,2.844704e-02,1.886356e-03
2.320353e-03,1.577419e-02,3.871240e-03,3.659087e-03,2.870789e-02,5.091067e-03,7.836530e-04,2.332047e-03,1.582205e-01,1.190840e-02,3.597048e-01,2.910230e-01,8.452745e-02,3.028846e-02,1.787826e-03
2.464741e-03,1.276845e-02,3.133625e-03,3.068072e-03,1.076484e-01,5.113803e-03,1.996935e-03,2.077458e-03,1.448761e-01,1.394612e-02,3.775009e-01,2.289603e-01,6.115386e-02,3.358114e-02,1.710091e-03
3.019959e-03,1.063538e-02,2.690317e-03,2.572710e-03,2.075093e-01,5.002900e-03,3.092942e-03,1.919993e-03,1.260058e-01,1.333546e-02,3.624879e-01,1.805197e-01,4.446469e-02,3.525703e-02,1.485883e-03
7.022187e-03,8.713161e-03,2.759482e-03,2.712710e-03,1.895250e-01,5.456418e-03,3.184266e-03,2.245426e-03,9.682884e-02,1.312332e-02,4.240481e-01,1.499473e-01,3.579305e-02,5.709030e-02,1.550392e-03
7.831113e-03,7.540124e-03,2.252056e-03,2.446273e-03,1.652107e-01,4.815571e-03,3.024000e-03,2.108817e-03,8.922917e-02,1.074829e-02,4.839308e-01,1.396027e-01,2.798007e-02,5.190162e-02,1.378788e-03
6.435465e-03,7.877370e-03,1.747997e-03,1.919749e-03,1.163177e-01,4.058610e-03,2.208405e-03,1.646752e-03,9.374412e-02,9.272714e-03,5.636094e-01,1.295733e-01,2.238314e-02,3.769284e-02,1.512492e-03
6.569928e-03,1.784420e-02,1.527612e-03,1.625353e-03,8.353799e-02,4.008409e-03,1.863984e-03,1.745829e-03,1.294431e-01,9.884681e-03,5.835190e-01,1.102613e-01,1.714831e-02,2.887322e-02,2.146986e-03
4.941084e-03,1.468135e-02,1.102963e-03,1.194636e-03,5.887328e-02,3.099842e-03,1.378553e-03,1.358355e-03,1.080262e-01,8.218341e-03,6.770207e-01,8.424901e-02,1.317247e-02,2.098885e-02,1.694388e-03
4.036912e-03,1.466366e-01,9.409970e-04,9.129183e-04,4.142483e-02,2.537172e-03,1.011860e-03,1.143530e-03,1.114680e-01,9.375676e-03,5.870820e-01,6.370388e-02,1.017949e-02,1.687294e-02,2.673213e-03
3.286565e-03,2.810780e-01,7.891569e-04,7.384362e-04,2.924701e-02,2.462586e-03,7.407084e-04,1.438300e-03,1.369444e-01,1.122893e-02,4.591777e-01,4.771762e-02,7.917648e-03,1.435587e-02,2.876986e-03
4.989574e-03,2.664887e-01,1.507035e-03,1.195538e-03,2.171364e-02,1.147194e-02,1.032117e-03,8.084742e-03,2.291097e-01,3.163298e-02,3.648944e-01,3.612075e-02,6.250358e-03,1.281718e-02,2.691387e-03
1.475249e-02,2.231593e-01,4.497714e-03,6.071826e-03,3.585270e-02,1.550098e-02,1.051178e-03,2.819100e-02,3.307320e-01,2.941046e-02,2.683644e-01,2.567006e-02,4.956102e-03,9.582293e-03,2.207529e-03
3.046658e-02,2.009727e-01,3.166094e-02,8.863397e-03,7.052984e-02,1.410878e-02,1.658323e-03,5.694942e-02,3.331412e-01,2.692063e-02,1.933580e-01,1.832166e-02,3.808384e-03,7.321915e-03,1.918283e-03
4.697049e-02,1.947951e-01,5.662160e-02,1.593910e-02,6.858745e-02,1.843205e-02,2.675907e-03,5.382399e-02,3.232017e-01,3.831073e-02,1.451052e-01,1.540538e-02,3.736195e-03,1.104258e-02,5.352599e-03
5.346249e-02,1.716641e-01,6.395535e-02,4.402923e-02,6.228571e-02,1.796500e-02,2.713385e-03,9.166305e-02,2.934021e-01,4.877011e-02,1.123244e-01,1.210247e-02,3.475699e-03,1.713428e-02,5.052635e-03
8.025020e-02,1.441660e-01,6.330395e-02,4.834651e-02,5.321971e-02,1.674000e-02,2.996718e-03,1.217481e-01,2.295503e-01,9.558185e-02,9.475288e-02,1.032857e-02,3.837243e-03,2.976352e-02,5.414540e-03
1.273163e-01,1.426867e-01,6.156331e-02,4.347400e-02,5.283748e-02,1.859019e-02,4.003192e-03,1.216105e-01,2.196226e-01,8.552933e-02,7.412302e-02,9.455120e-03,4.068775e-03,2.725927e-02,7.860260e-03
1.467924e-01,1.239329e-01,5.716962e-02,3.939318e-02,5.014044e-02,1.889972e-02,3.223712e-03,1.149612e-01,1.804265e-01,8.674378e-02,6.303842e-02,1.893690e-02,8.387336e-03,2.332006e-02,6.463389e-02
1.166259e-01,9.052078e-02,4.143276e-02,3.367246e-02,3.706613e-02,1.459880e-02,2.360967e-03,9.912503e-02,1.432713e-01,9.736273e-02,1.696913e-01,3.364301e-02,3.301836e-02,2.273108e-02,6.487940e-02
9.751170e-02,6.770936e-02,3.073595e-02,4.499535e-02,3.909010e-02,1.177365e-02,1.985584e-03,8.012347e-02,1.841459e-01,8.650886e-02,1.848001e-01,3.272400e-02,4.183095e-02,2.325466e-02,7.281043e-02
7.930209e-02,5.006677e-02,2.390025e-02,3.969894e-02,3.483256e-02,9.794433e-03,1.841039e-03,5.990357e-02,1.482559e-01,6.732288e-02,3.160496e-01,4.363135e-02,4.290154e-02,2.784274e-02,5.465636e-02
8.424488e-02,3.910008e-02,2.074227e-02,3.474182e-02,2.963918e-02,1.722501e-02,3.572174e-03,4.755251e-02,1.126633e-01,7.508367e-02,2.920329e-01,1.358251e-01,3.700570e-02,2.766884e-02,4.290265e-02
6.660677e-02,2.804810e-02,1.582550e-02,2.633626e-02,2.903451e-02,1.440451e-02,2.915194e-03,3.649773e-02,8.400509e-02,9.994048e-02,3.228920e-01,1.610892e-01,3.431118e-02,4.595946e-02,3.213420e-02
5.426189e-02,2.100451e-02,1.157634e-02,1.934469e-02,2.535006e-02,1.236253e-02,2.407990e-03,2.712997e-02,7.128364e-02,7.381161e-02,4.033538e-01,1.520159e-01,2.599178e-02,7.582529e-02,2.428004e-02
6.288184e-02,1.700830e-02,8.706546e-03,1.603702e-02,2.009040e-02,1.193364e-02,1.986104e-03,2.058227e-02,8.113048e-02,5.940881e-02,4.439015e-01,1.402375e-01,2.278917e-02,7.378500e-02,1.952142e-02
5.213533e-02,1.409295e-02,8.028288e-03,1.194373e-02,3.109952e-02,1.212524e-02,1.580581e-03,1.577231e-02,6.372350e-02,4.260075e-02,4.372190e-01,1.611279e-01,1.854406e-02,1.147731e-01,1.523369e-02
3.936185e-02,1.258981e-02,6.480227e-03,8.747411e-03,2.951295e-02,1.249053e-02,1.186548e-03,1.148025e-02,5.392275e-02,3.033512e-02,4.765483e-01,1.369811e-01,1.450488e-02,1.540281e-01,1.183023e-02
2.896956e-02,3.657425e-02,5.783827e-03,6.242994e-03,2.325410e-02,3.107844e-02,8.967090e-04,8.576190e-03,7.917096e-02,2.164522e-02,4.057735e-01,1.085065e-01,1.247531e-02,2.188717e-01,1.218074e-02
2.295289e-02,8.294932e-02,4.643094e-03,4.473130e-03,1.720577e-02,5.282014e-02,6.679479e-04,6.213778e-03,9.370078e-02,1.566950e-02,3.254024e-01,8.565313e-02,1.155596e-02,2.619024e-01,1.418973e-02
2.267485e-02,1.222770e-01,4.270094e-03,3.395155e-03,1.438586e-02,7.933619e-02,5.639319e-04,5.121648e-03,1.320450e-01,1.143389e-02,2.629432e-01,7.564238e-02,1.182878e-02,2.399005e-01,1.418145e-02
2.035112e-02,1.399475e-01,1.254410e-02,3.241646e-03,2.360565e-02,7.613162e-02,5.606231e-04,5.419058e-03,1.792053e-01,9.028977e-03,2.441526e-01,7.024187e-02,1.013110e-02,1.941372e-01,1.130177e-02
1.672649e-02,1.140884e-01,9.473339e-03,2.519889e-03,2.490422e-02,7.856403e-02,6.185340e-04,4.637303e-03,2.612028e-01,7.067522e-03,2.124793e-01,7.411228e-02,1.000427e-02,1.748192e-01,8.782354e-03
1.312110e-02,1.037784e-01,6.950411e-03,1.949444e-03,2.251207e-02,8.785376e-02,7.408218e-04,3.848909e-03,3.709972e-01,5.741232e-03,1.652665e-01,6.130002e-02,1.013447e-02,1.386231e-01,7.182610e-03
1.733293e-02,8.433008e-02,1.666170e-02,1.119654e-02,5.514910e-02,6.916104e-02,1.723309e-03,8.730751e-02,3.483398e-01,4.330240e-03,1.446183e-01,4.442970e-02,8.458896e-03,1.012784e-01,5.682448e-03
1.766998e-02,7.035787e-02,1.646884e-02,1.373844e-02,5.866469e-02,6.574355e-02,2.470293e-03,9.106338e-02,3.539919e-01,3.751265e-03,1.800366e-01,3.773724e-02,7.489584e-03,7.556574e-02,5.250628e-03
2.115494e-02,8.012854e-02,1.227689e-02,1.260075e-02,4.865633e-02,5.397909e-02,2.028246e-03,7.400789e-02,4.489934e-01,4.621048e-03,1.422554e-01,2.799638e-02,6.018857e-03,5.596964e-02,9.312631e-03
2.800994e-02,9.287412e-02,9.344817e-03,1.000052e-02,4.859503e-02,4.763591e-02,1.662715e-03,6.194271e-02,4.928798e-01,4.703885e-03,1.276368e-01,2.064842e-02,5.060497e-03,4.112036e-02,7.884489e-03
3.631418e-02,1.472220e-01,7.716267e-03,9.864399e-03,4.344930e-02,4.856831e-02,1.373838e-03,7.048089e-02,4.673083e-01,4.362521e-03,1.030043e-01,1.577799e-02,5.321810e-03,3.034203e-02,8.893771e-03
4.562293e-02,1.807780e-01,8.544038e-03,8.081728e-03,4.104113e-02,4.250333e-02,1.920463e-03,7.805589e-02,4.524877e-01,4.319533e-03,8.599553e-02,1.302824e-02,4.189785e-03,2.601961e-02,7.412070e-03
4.602304e-02,2.129208e-01,9.687595e-03,6.825074e-03,3.536175e-02,6.669608e-02,1.541870e-03,6.478404e-02,4.168931e-01,4.252844e-03,8.600926e-02,1.087134e-02,4.027023e-03,2.443379e-02,9.672441e-03
4.192116e-02,1.926376e-01,1.025300e-02,6.139395e-03,3.700813e-02,1.076796e-01,1.562307e-03,5.887347e-02,4.067554e-01,5.599619e-03,6.560847e-02,8.664218e-03,4.594885e-03,2.251213e-02,3.019067e-02
3.531014e-02,1.611671e-01,1.308218e-02,7.500273e-03,4.457397e-02,1.687444e-01,2.160899e-03,6.868552e-02,3.871556e-01,5.925397e-03,4.845034e-02,6.654472e-03,5.207822e-03,1.695990e-02,2.842201e-02
3.328162e-02,1.373653e-01,1.143728e-02,7.875155e-03,4.117189e-02,2.906067e-01,2.105325e-03,5.724849e-02,3.242871e-01,6.075715e-03,3.525048e-02,5.302669e-03,5.422906e-03,1.264339e-02,2.992601e-02
3.805854e-02,1.198712e-01,1.094616e-02,6.771149e-03,4.818891e-02,3.338030e-01,2.587337e-03,4.630429e-02,3.128526e-01,5.208887e-03,2.917644e-02,5.262240e-03,5.419544e-03,1.044893e-02,2.510075e-02
3.959477e-02,1.164198e-01,1.037861e-02,5.773070e-03,4.573982e-02,3.608257e-01,2.478731e-03,3.650606e-02,3.123689e-01,4.186859e-03,2.273994e-02,4.582585e-03,6.416002e-03,9.310474e-03,2.267860e-02
5.740312e-02,1.058443e-01,9.063359e-03,2.231095e-02,4.360126e-02,3.183040e-01,3.459503e-03,4.161527e-02,3.262261e-01,5.976602e-03,1.663813e-02,4.066299e-03,8.289587e-03,7.926222e-03,2.927526e-02
5.809492e-02,9.379396e-02,7.386618e-03,1.984145e-02,3.754320e-02,3.476434e-01,3.719467e-03,3.769808e-02,3.154728e-01,6.911488e-03,1.269715e-02,5.691055e-03,1.382200e-02,6.244126e-03,3.344028e-02
5.696730e-02,8.085091e-02,6.919554e-03,2.951815e-02,3.296386e-02,3.325865e-01,3.917214e-03,3.129032e-02,2.827405e-01,7.827450e-03,1.456921e-02,1.617454e-02,4.720144e-02,4.663554e-03,5.180947e-02
4.547117e-02,6.517957e-02,7.162347e-03,3.445131e-02,2.491068e-02,3.506176e-01,3.555794e-03,2.276018e-02,2.179181e-01,7.545070e-03,1.261371e-02,1.975580e-02,1.287194e-01,3.449343e-03,5.588992e-02
4.265209e-02,5.016373e-02,5.865237e-03,5.147715e-02,1.829327e-02,3.269777e-01,3.258159e-03,1.689397e-02,1.622819e-01,6.827822e-03,1.075426e-02,2.068515e-02,2.379861e-01,2.493053e-03,4.339039e-02
4.360230e-02,3.925374e-02,6.683525e-03,4.182101e-02,1.520146e-02,2.833014e-01,3.413529e-03,1.904351e-02,1.296104e-01,7.097091e-03,1.015143e-02,2.620895e-02,3.375357e-01,2.070432e-03,3.500541e-02
3.587591e-02,2.997442e-02,6.247011e-03,3.187637e-02,1.126056e-02,2.064467e-01,3.308296e-03,1.401665e-02,1.021603e-01,5.473748e-03,1.074666e-02,3.460607e-02,4.790646e-01,1.512382e-03,2.743026e-02
2.896257e-02,2.238737e-02,4.665234e-03,2.373074e-02,8.267416e-03,1.558345e-01,2.799624e-03,1.023621e-02,8.076888e-02,4.023655e-03,9.172915e-03,3.290479e-02,5.943528e-01,1.079144e-03,2.081409e-02
2.222221e-02,1.615608e-02,3.471790e-03,1.729586e-02,6.209698e-03,1.142588e-01,2.322692e-03,7.235378e-03,6.212622e-02,3.039135e-03,8.016761e-03,3.681748e-02,6.833878e-01,1.114596e-03,1.632555e-02
1.629282e-02,1.234983e-02,3.693575e-03,1.519398e-02,5.382817e-03,8.326349e-02,2.136772e-03,5.167023e-03,4.660146e-02,2.322200e-03,7.696307e-03,3.836098e-02,7.469571e-01,1.028538e-03,1.355317e-02
1.274499e-02,9.950768e-03,3.130304e-03,1.145077e-02,5.102165e-03,6.169467e-02,1.714170e-03,3.840997e-03,4.950514e-02,1.991618e-03,1.201441e-02,8.958701e-02,7.245033e-01,8.710233e-04,1.189872e-02
9.516849e-03,7.055723e-03,2.240139e-03,8.173936e-03,3.996216e-03,5.337262e-02,1.413837e-03,2.758945e-03,4.088992e-02,1.825998e-03,1.277803e-02,1.047295e-01,7.403725e-01,7.303215e-04,1.014553e-02
7.554626e-03,5.241790e-03,1.628749e-03,6.003250e-03,3.119194e-03,4.524671e-02,1.107422e-03,1.944111e-03,3.076124e-02,1.678631e-03,1.244020e-02,1.052740e-01,7.697310e-01,6.687394e-04,7.600347e-03
7.737104e-03,4.757601e-03,1.621697e-03,5.260295e-03,6.483749e-03,4.431910e-02,1.373752e-03,1.654817e-03,2.888038e-02,4.358698e-03,1.903475e-02,1.139704e-01,7.518148e-01,1.636950e-03,7.095934e-03
7.878933e-03,4.594968e-03,2.372464e-03,4.342803e-03,8.948505e-03,3.502022e-02,2.443665e-03,1.323117e-03,3.120438e-02,6.029908e-03,2.462644e-02,1.200020e-01,7.404761e-01,1.866483e-03,8.870122e-03
8.266773e-03,3.962643e-03,1.760893e-03,3.591860e-03,7.671384e-03,3.036164e-02,1.817118e-03,1.009755e-03,2.589869e-02,9.267133e-03,3.140809e-02,1.166758e-01,7.493313e-01,2.161564e-03,6.815379e-03
1.208079e-02,2.906656e-03,1.276193e-03,2.684779e-03,5.802618e-03,2.245410e-02,1.652481e-03,7.264009e-04,2.146968e-02,1.779406e-02,3.473688e-02,1.265290e-01,7.408270e-01,3.318822e-03,5.740594e-03
1.406264e-02,2.275664e-03,1.020764e-03,2.117894e-03,5.560562e-03,1.673833e-02,1.453836e-03,5.435923e-04,1.860950e-02,2.606561e-02,4.816379e-02,1.262099e-01,7.285503e-01,3.310606e-03,5.317071e-03
1.398402e-02,1.757548e-03,8.873938e-04,1.853330e-03,5.227587e-03,1.292871e-02,2.552872e-03,9.995291e-04,2.151982e-02,4.266991e-02,6.685495e-02,1.732062e-01,6.473479e-01,3.142096e-03,5.068120e-03
1.144824e-02,1.610061e-03,8.086395e-04,1.480779e-03,6.301449e-03,1.046871e-02,2.153249e-03,8.244041e-04,2.086266e-02,5.740451e-02,7.129888e-02,2.259613e-01,5.811929e-01,3.412439e-03,4.771829e-03
8.970995e-03,1.260315e-03,7.360721e-04,1.109339e-03,5.269161e-03,7.982863e-03,1.615362e-03,7.094604e-04,2.030940e-02,5.743213e-02,5.780325e-02,2.699066e-01,5.600772e-01,2.823806e-03,3.994077e-03
9.779992e-03,1.227875e-03,1.270535e-03,1.109373e-03,1.694570e-02,7.125813e-03,2.209353e-03,2.103456e-03,2.656827e-02,6.299827e-02,5.249530e-02,3.438453e-01,4.661530e-01,2.986338e-03,3.181370e-03
9.453968e-03,1.109266e-03,1.649746e-03,9.448557e-04,3.597271e-02,5.908113e-03,2.898615e-03,5.573750e-03,5.027469e-02,8.285707e-02,4.093809e-02,3.817223e-01,3.748442e-01,2.671949e-03,3.180642e-03
1.052384e-02,1.538507e-03,2.605703e-03,1.490653e-03,3.328789e-02,5.409448e-03,2.463837e-03,1.034321e-02,5.102896e-02,1.300994e-01,4.206089e-02,3.429691e-01,3.555545e-01,5.812265e-03,4.811750e-03
1.081893e-02,1.519874e-03,3.564591e-03,1.974722e-03,8.880389e-02,4.315119e-03,2.314870e-03,2.191689e-02,8.219852e-02,1.267935e-01,3.553852e-02,2.936062e-01,3.180898e-01,4.553367e-03,3.991244e-03
1.040453e-02,1.323765e-03,5.170703e-03,1.968354e-03,1.050735e-01,3.777899e-03,3.542096e-03,7.396600e-02,9.918059e-02,1.109475e-01,3.840426e-02,2.552806e-01,2.842060e-01,3.518180e-03,3.236113e-03
9.957218e-03,1.013768e-03,4.275520e-03,1.583940e-03,7.907965e-02,3.571137e-03,4.544845e-03,7.724904e-02,7.408968e-02,8.674712e-02,3.176662e-02,4.027539e-01,2.175313e-01,2.900371e-03,2.935867e-03
1.280774e-02,7.822179e-04,4.959818e-03,1.365271e-03,7.087310e-02,2.844306e-03,1.011672e-02,2.164569e-01,5.462458e-02,7.018767e-02,3.028258e-02,3.321641e-01,1.860858e-01,3.403887e-03,3.045276e-03
3.396073e-02,1.371543e-03,5.827600e-03,2.117227e-03,6.505112e-02,4.349628e-03,1.705343e-02,2.548209e-01,4.495532e-02,5.648313e-02,2.379649e-02,3.351167e-01,1.463800e-01,4.430012e-03,4.286194e-03
3.553118e-02,1.534745e-03,5.361792e-03,1.710647e-03,1.021740e-01,4.200209e-03,2.670041e-02,2.401705e-01,4.154248e-02,4.220216e-02,1.826715e-02,3.595198e-01,1.122706e-01,3.854300e-03,4.960138e-03
3.751680e-02,1.796838e-03,1.156345e-02,2.050071e-03,1.006364e-01,4.381003e-03,5.198232e-02,3.543105e-01,3.332273e-02,3.081940e-02,1.406656e-02,2.631979e-01,8.550788e-02,3.026787e-03,5.821348e-03
5.972466e-02,6.210627e-03,1.072608e-02,5.957441e-03,1.074528e-01,1.146674e-02,5.586412e-02,3.072742e-01,5.170318e-02,2.215068e-02,1.179098e-02,2.326174e-01,1.065579e-01,2.465469e-03,8.037752e-03
5.103044e-02,1.250345e-02,2.164912e-02,3.784684e-02,1.288177e-01,1.282191e-02,6.620849e-02,2.942560e-01,7.254986e-02,1.768481e-02,1.006378e-02,1.655325e-01,9.137110e-02,1.868849e-03,1.579510e-02
4.441620e-02,4.535578e-02,1.907449e-02,4.482743e-02,1.035410e-01,2.713311e-02,5.075647e-02,2.159431e-01,1.708159e-01,1.533348e-02,1.339913e-02,1.222766e-01,1.036729e-01,1.693242e-03,2.176105e-02
6.287098e-02,5.127471e-02,1.891377e-02,3.479136e-02,1.157798e-01,3.583132e-02,5.003316e-02,1.589850e-01,2.241390e-01,1.148629e-02,1.094984e-02,1.033317e-01,9.811854e-02,1.657773e-03,2.183678e-02
7.582961e-02,5.200149e-02,1.861152e-02,2.971444e-02,9.349817e-02,3.838965e-02,4.756243e-02,1.153867e-01,2.885869e-01,9.299738e-03,9.113084e-03,8.630282e-02,1.068770e-01,1.355382e-03,2.747102e-02
9.753233e-02,4.908231e-02,1.420789e-02,2.146283e-02,8.387725e-02,1.169653e-01,3.647716e-02,8.266013e-02,2.606744e-01,7.026957e-03,7.750724e-03,9.539268e-02,9.980487e-02,1.502861e-03,2.558226e-02
1.240812e-01,4.455048e-02,1.177276e-02,1.760482e-02,7.277098e-02,1.229389e-01,2.851662e-02,6.355529e-02,2.661408e-01,5.374625e-03,7.259512e-03,1.170852e-01,9.316081e-02,2.027997e-03,2.315987e-02
1.206287e-01,4.534244e-02,9.687698e-03,1.325862e-02,6.043829e-02,1.233588e-01,2.262678e-02,5.424614e-02,2.565182e-01,4.532328e-03,6.783955e-03,1.594350e-01,1.022667e-01,2.117522e-03,1.875878e-02
1.379797e-01,4.241223e-02,7.351889e-03,9.837557e-03,4.977067e-02,1.425595e-01,1.972265e-02,5.500010e-02,2.154339e-01,4.006107e-03,6.833209e-03,2.094152e-01,8.168529e-02,2.385705e-03,1.560624e-02
1.428747e-01,3.645555e-02,6.147960e-03,7.644054e-03,4.246574e-02,1.955952e-01,1.795465e-02,5.194090e-02,1.785732e-01,3.444314e-03,5.826538e-03,2.218581e-01,7.151470e-02,2.083605e-03,1.562078e-02
1.884191e-01,4.721595e-02,5.271821e-03,6.161179e-03,3.478995e-02,1.610170e-01,1.557414e-02,3.902793e-02,1.426428e-01,3.351347e-03,4.764955e-03,2.521676e-01,8.154030e-02,2.045632e-03,1.601028e-02
2.066458e-01,5.311546e-02,5.647736e-03,5.158919e-03,3.351790e-02,1.346707e-01,2.172235e-02,3.120900e-02,1.142769e-01,4.186992e-03,3.542516e-03,2.626027e-01,1.012968e-01,1.605329e-03,2.080091e-02
2.609615e-01,4.144776e-02,6.367368e-03,5.748387e-03,3.245217e-02,1.027223e-01,3.925768e-02,5.064417e-02,8.830120e-02,4.900244e-03,3.985942e-03,2.128309e-01,1.176674e-01,1.387503e-03,3.132559e-02
2.958377e-01,3.089733e-02,4.985342e-03,5.174400e-03,2.950494e-02,7.677261e-02,4.594433e-02,3.986485e-02,6.509240e-02,3.970316e-03,3.935343e-03,1.609279e-01,2.033041e-01,1.127879e-03,3.266061e-02
2.447862e-01,2.202847e-02,3.729466e-03,3.867316e-03,2.205797e-02,5.838466e-02,3.526176e-02,2.834275e-02,4.691264e-02,3.404781e-03,4.591771e-03,1.206127e-01,3.802506e-01,8.769743e-04,2.489198e-02
2.388712e-01,1.604283e-02,3.015166e-03,3.197339e-03,1.847758e-02,4.412374e-02,2.998687e-02,2.134481e-02,3.715866e-02,7.337228e-03,6.874443e-03,1.669007e-01,3.853738e-01,7.119806e-04,2.058368e-02
1.808635e-01,1.143306e-02,2.324607e-03,2.519771e-03,1.652650e-02,3.543545e-02,2.348370e-02,1.585263e-02,3.090492e-02,7.610501e-03,6.878252e-03,1.870755e-01,4.626245e-01,5.412528e-04,1.592593e-02
1.350426e-01,8.201535e-03,1.937990e-03,2.435880e-03,1.833040e-02,3.018634e-02,1.867153e-02,1.675944e-02,2.467472e-02,7.675426e-03,1.028182e-02,1.649759e-01,5.454658e-01,5.085364e-04,1.485212e-02
9.491617e-02,5.755807e-03,1.664805e-03,1.898975e-03,1.629462e-02,3.091588e-02,1.569759e-02,5.376186e-02,1.764010e-02,1.040049e-02,2.368891e-02,1.281771e-01,5.553205e-01,5.758916e-04,4.329128e-02
