1.000000e+00,0.000000e+00,0.000000e+00,0.000000e+00,0.000000e+00,0.000000e+00,0.000000e+00,0.000000e+00,0.000000e+00,0.000000e+00,0.000000e+00,0.000000e+00,0.000000e+00,0.000000e+00,0.000000e+00
1.000000e+00,0.000000e+00,0.000000e+00,0.000000e+00,0.000000e+00,0.000000e+00,0.000000e+00,0.000000e+00,0.000000e+00,0.000000e+00,0.000000e+00,0.000000e+00,0.000000e+00,0.000000e+00,0.000000e+00
1.000000e+00,0.000000e+00,0.000000e+00,0.000000e+00,0.000000e+00,0.000000e+00,0.000000e+00,0.000000e+00,0.000000e+00,0.000000e+00,0.000000e+00,0.000000e+00,0.000000e+00,0.000000e+00,0.000000e+00
1.000000e+00,0.000000e+00,0.000000e+00,0.000000e+00,0.000000e+00,0.000000e+00,0.000000e+00,0.000000e+00,0.000000e+00,0.000000e+00,0.000000e+00,0.000000e+00,0.000000e+00,0.000000e+00,0.000000e+00
1.000000e+00,0.000000e+00,0.000000e+00,0.000000e+00,0.000000e+00,0.000000e+00,0.000000e+00,0.000000e+00,0.000000e+00,0.000000e+00,0.000000e+00,0.000000e+00,0.000000e+00,0.000000e+00,0.000000e+00
1.000000e+00,0.000000e+00,0.000000e+00,0.000000e+00,0.000000e+00,0.000000e+00,0.000000e+00,0.000000e+00,0.000000e+00,0.000000e+00,0.000000e+00,0.000000e+00,0.000000e+00,0.000000e+00,0.000000e+00
1.000000e+00,0.000000e+00,0.000000e+00,0.000000e+00,0.000000e+00,0.000000e+00,0.000000e+00,0.000000e+00,0.000000e+00,0.000000e+00,0.000000e+00,0.000000e+00,0.000000e+00,0.000000e+00,0.000000e+00
1.000000e+00,0.000000e+00,0.000000e+00,0.000000e+00,0.000000e+00,0.000000e+00,0.000000e+00,0.000000e+00,0.000000e+00,0.000000e+00,0.000000e+00,0.000000e+00,0.000000e+00,0.000000e+00,0.000000e+00
1.000000e+00,0.000000e+00,0.000000e+00,0.000000e+00,0.000000e+00,0.000000e+00,0.000000e+00,0.000000e+00,0.000000e+00,0.000000e+00,0.000000e+00,0.000000e+00,0.000000e+00,0.000000e+00,0.000000e+00
1.000000e+00,0.000000e+00,0.000000e+00,0.000000e+00,0.000000e+00,0.000000e+00,0.000000e+00,0.000000e+00,0.000000e+00,0.000000e+00,0.000000e+00,0.000000e+00,0.000000e+00,0.000000e+00,0.000000e+00
1.000000e+00,0.000000e+00,0.000000e+00,0.000000e+00,0.000000e+00,0.000000e+00,0.000000e+00,0.000000e+00,0.000000e+00,0.000000e+00,0.000000e+00,0.000000e+00,0.000000e+00,0.000000e+00,0.000000e+00
1.000000e+00,0.000000e+00,0.000000e+00,0.000000e+00,0.000000e+00,0.000000e+00,0.000000e+00,0.000000e+00,0.000000e+00,0.000000e+00,0.000000e+00,0.000000e+00,0.000000e+00,0.000000e+00,0.000000e+00
1.000000e+00,0.000000e+00,0.000000e+00,0.000000e+00,0.000000e+00,0.000000e+00,0.000000e+00,0.000000e+00,0.000000e+00,0.000000e+00,0.000000e+00,0.000000e+00,0.000000e+00,0.000000e+00,0.000000e+00
1.000000e+00,0.000000e+00,0.000000e+00,0.000000e+00,0.000000e+00,0.000000e+00,0.000000e+00,0.000000e+00,0.000000e+00,0.000000e+00,0.000000e+00,0.000000e+00,0.000000e+00,0.000000e+00,0.000000e+00
1.000000e+00,0.000000e+00,0.000000e+00,0.000000e+00,0.000000e+00,0.000000e+00,0.000000e+00,0.000000e+00,0.000000e+00,0.000000e+00,0.000000e+00,0.000000e+00,0.000000e+00,0.000000e+00,0.000000e+00
1.000000e+00,0.000000e+00,0.000000e+00,0.000000e+00,0.000000e+00,0.000000e+00,0.000000e+00,0.000000e+00,0.000000e+00,0.000000e+00,0.000000e+00,0.000000e+00,0.000000e+00,0.000000e+00,0.000000e+00
1.000000e+00,0.000000e+00,0.000000e+00,0.000000e+00,0.000000e+00,0.000000e+00,0.000000e+00,0.000000e+00,0.000000e+00,0.000000e+00,0.000000e+00,0.000000e+00,0.000000e+00,0.000000e+00,0.000000e+00
1.000000e+00,0.000000e+00,0.000000e+00,0.000000e+00,0.000000e+00,0.000000e+00,0.000000e+00,0.000000e+00,0.000000e+00,0.000000e+00,0.000000e+00,0.000000e+00,0.000000e+00,0.000000e+00,0.000000e+00
1.000000e+00,0.000000e+00,0.000000e+00,0.000000e+00,0.000000e+00,0.000000e+00,0.000000e+00,0.000000e+00,0.000000e+00,0.000000e+00,0.000000e+00,0.000000e+00,0.000000e+00,0.000000e+00,0.000000e+00
1.000000e+00,0.000000e+00,0.000000e+00,0.000000e+00,0.000000e+00,0.000000e+00,0.000000e+00,0.000000e+00,0.000000e+00,0.000000e+00,0.000000e+00,0.000000e+00,0.000000e+00,0.000000e+00,0.000000e+00
1.000000e+00,0.000000e+00,0.000000e+00,0.000000e+00,0.000000e+00,0.000000e+00,0.000000e+00,0.000000e+00,0.000000e+00,0.000000e+00,0.000000e+00,0.000000e+00,0.000000e+00,0.000000e+00,0.000000e+00
1.000000e+00,0.000000e+00,0.000000e+00,0.000000e+00,0.000000e+00,0.000000e+00,0.000000e+00,0.000000e+00,0.000000e+00,0.000000e+00,0.000000e+00,0.000000e+00,0.000000e+00,0.000000e+00,0.000000e+00
1.000000e+00,0.000000e+00,0.000000e+00,0.000000e+00,0.000000e+00,0.000000e+00,0.000000e+00,0.000000e+00,0.000000e+00,0.000000e+00,0.000000e+00,0.000000e+00,0.000000e+00,0.000000e+00,0.000000e+00
1.000000e+00,0.000000e+00,0.000000e+00,0.000000e+00,0.000000e+00,0.000000e+00,0.000000e+00,0.000000e+00,0.000000e+00,0.000000e+00,0.000000e+00,0.000000e+00,0.000000e+00,0.000000e+00,0.000000e+00
1.000000e+00,0.000000e+00,0.000000e+00,0.000000e+00,0.000000e+00,0.000000e+00,0.000000e+00,0.000000e+00,0.000000e+00,0.000000e+00,0.000000e+00,0.000000e+00,0.000000e+00,0.000000e+00,0.000000e+00
1.000000e+00,0.000000e+00,0.000000e+00,0.000000e+00,0.000000e+00,0.000000e+00,0.000000e+00,0.000000e+00,0.000000e+00,0.000000e+00,0.000000e+00,0.000000e+00,0.000000e+00,0.000000e+00,0.000000e+00
1.000000e+00,0.000000e+00,0.000000e+00,0.000000e+00,0.000000e+00,0.000000e+00,0.000000e+00,0.000000e+00,0.000000e+00,0.000000e+00,0.000000e+00,0.000000e+00,0.000000e+00,0.000000e+00,0.000000e+00
1.000000e+00,0.000000e+00,0.000000e+00,0.000000e+00,0.000000e+00,0.000000e+00,0.000000e+00,0.000000e+00,0.000000e+00,0.000000e+00,0.000000e+00,0.000000e+00,0.000000e+00,0.000000e+00,0.000000e+00
1.000000e+00,0.000000e+00,0.000000e+00,0.000000e+00,0.000000e+00,0.000000e+00,0.000000e+00,0.000000e+00,0.000000e+00,0.000000e+00,0.000000e+00,0.000000e+00,0.000000e+00,0.000000e+00,0.000000e+00
1.000000e+00,0.000000e+00,0.000000e+00,0.000000e+00,0.000000e+00,0.000000e+00,0.000000e+00,0.000000e+00,0.000000e+00,0.000000e+00,0.000000e+00,0.000000e+00,0.000000e+00,0.000000e+00,0.000000e+00
1.000000e+00,0.000000e+00,0.000000e+00,0.000000e+00,0.000000e+00,0.000000e+00,0.000000e+00,0.000000e+00,0.000000e+00,0.000000e+00,0.000000e+00,0.000000e+00,0.000000e+00,0.000000e+00,0.000000e+00
1.000000e+00,0.000000e+00,0.000000e+00,0.000000e+00,0.000000e+00,0.000000e+00,0.000000e+00,0.000000e+00,0.000000e+00,0.000000e+00,0.000000e+00,0.000000e+00,0.000000e+00,0.000000e+00,0.000000e+00
1.000000e+00,0.000000e+00,0.000000e+00,0.000000e+00,0.000000e+00,0.000000e+00,0.000000e+00,0.000000e+00,0.000000e+00,0.000000e+00,0.000000e+00,0.000000e+00,0.000000e+00,0.000000e+00,0.000000e+00
1.000000e+00,0.000000e+00,0.000000e+00,0.000000e+00,0.000000e+00,0.000000e+00,0.000000e+00,0.000000e+00,0.000000e+00,0.000000e+00,0.000000e+00,0.000000e+00,0.000000e+00,0.000000e+00,0.000000e+00
1.000000e+00,0.000000e+00,0.000000e+00,0.000000e+00,0.000000e+00,0.000000e+00,0.000000e+00,0.000000e+00,0.000000e+00,0.000000e+00,0.000000e+00,0.000000e+00,0.000000e+00,0.000000e+00,0.000000e+00
1.000000e+00,0.000000e+00,0.000000e+00,0.000000e+00,0.000000e+00,0.000000e+00,0.000000e+00,0.000000e+00,0.000000e+00,0.000000e+00,0.000000e+00,0.000000e+00,0.000000e+00,0.000000e+00,0.000000e+00
1.000000e+00,0.000000e+00,0.000000e+00,0.000000e+00,0.000000e+00,0.000000e+00,0.000000e+00,0.000000e+00,0.000000e+00,0.000000e+00,0.000000e+00,0.000000e+00,0.000000e+00,0.000000e+00,0.000000e+00
1.000000e+00,0.000000e+00,0.000000e+00,0.000000e+00,0.000000e+00,0.000000e+00,0.000000e+00,0.000000e+00,0.000000e+00,0.000000e+00,0.000000e+00,0.000000e+00,0.000000e+00,0.000000e+00,0.000000e+00
1.000000e+00,0.000000e+00,0.000000e+00,0.000000e+00,0.000000e+00,0.000000e+00,0.000000e+00,0.000000e+00,0.000000e+00,0.000000e+00,0.000000e+00,0.000000e+00,0.000000e+00,0.000000e+00,0.000000e+00
1.000000e+00,0.000000e+00,0.000000e+00,0.000000e+00,0.000000e+00,0.000000e+00,0.000000e+00,0.000000e+00,0.000000e+00,0.000000e+00,0.000000e+00,0.000000e+00,0.000000e+00,0.000000e+00,0.000000e+00
1.000000e+00,0.000000e+00,0.000000e+00,0.000000e+00,0.000000e+00,0.000000e+00,0.000000e+00,0.000000e+00,0.000000e+00,0.000000e+00,0.000000e+00,0.000000e+00,0.000000e+00,0.000000e+00,0.000000e+00
1.000000e+00,0.000000e+00,0.000000e+00,0.000000e+00,0.000000e+00,0.000000e+00,0.000000e+00,0.000000e+00,0.000000e+00,0.000000e+00,0.000000e+00,0.000000e+00,0.000000e+00,0.000000e+00,0.000000e+00
1.000000e+00,0.000000e+00,0.000000e+00,0.000000e+00,0.000000e+00,0.000000e+00,0.000000e+00,0.000000e+00,0.000000e+00,0.000000e+00,0.000000e+00,0.000000e+00,0.000000e+00,0.000000e+00,0.000000e+00
1.000000e+00,0.000000e+00,0.000000e+00,0.000000e+00,0.000000e+00,0.000000e+00,0.000000e+00,0.000000e+00,0.000000e+00,0.000000e+00,0.000000e+00,0.000000e+00,0.000000e+00,0.000000e+00,0.000000e+00
1.000000e+00,0.000000e+00,0.000000e+00,0.000000e+00,0.000000e+00,0.000000e+00,0.000000e+00,0.000000e+00,0.000000e+00,0.000000e+00,0.000000e+00,0.000000e+00,0.000000e+00,0.000000e+00,0.000000e+00
1.000000e+00,0.000000e+00,0.000000e+00,0.000000e+00,0.000000e+00,0.000000e+00,0.000000e+00,0.000000e+00,0.000000e+00,0.000000e+00,0.000000e+00,0.000000e+00,0.000000e+00,0.000000e+00,0.000000e+00
1.000000e+00,0.000000e+00,0.000000e+00,0.000000e+00,0.000000e+00,0.000000e+00,0.000000e+00,0.000000e+00,0.000000e+00,0.000000e+00,0.000000e+00,0.000000e+00,0.000000e+00,0.000000e+00,0.000000e+00
1.000000e+00,0.000000e+00,0.000000e+00,0.000000e+00,0.000000e+00,0.000000e+00,0.000000e+00,0.000000e+00,0.000000e+00,0.000000e+00,0.000000e+00,0.000000e+00,0.000000e+00,0.000000e+00,0.000000e+00
1.000000e+00,0.000000e+00,0.000000e+00,0.000000e+00,0.000000e+00,0.000000e+00,0.000000e+00,0.000000e+00,0.000000e+00,0.000000e+00,0.000000e+00,0.000000e+00,0.000000e+00,0.000000e+00,0.000000e+00
1.000000e+00,0.000000e+00,0.000000e+00,0.000000e+00,0.000000e+00,0.000000e+00,0.000000e+00,0.000000e+00,0.000000e+00,0.000000e+00,0.000000e+00,0.000000e+00,0.000000e+00,0.000000e+00,0.000000e+00
1.000000e+00,0.000000e+00,0.000000e+00,0.000000e+00,0.000000e+00,0.000000e+00,0.000000e+00,0.000000e+00,0.000000e+00,0.000000e+00,0.000000e+00,0.000000e+00,0.000000e+00,0.000000e+00,0.000000e+00
1.000000e+00,0.000000e+00,0.000000e+00,0.000000e+00,0.000000e+00,0.000000e+00,0.000000e+00,0.000000e+00,0.000000e+00,0.000000e+00,0.000000e+00,0.000000e+00,0.000000e+00,0.000000e+00,0.000000e+00
1.000000e+00,0.000000e+00,0.000000e+00,0.000000e+00,0.000000e+00,0.000000e+00,0.000000e+00,0.000000e+00,0.000000e+00,0.000000e+00,0.000000e+00,0.000000e+00,0.000000e+00,0.000000e+00,0.000000e+00
1.000000e+00,0.000000e+00,0.000000e+00,0.000000e+00,0.000000e+00,0.000000e+00,0.000000e+00,0.000000e+00,0.000000e+00,0.000000e+00,0.000000e+00,0.000000e+00,0.000000e+00,0.000000e+00,0.000000e+00
1.000000e+00,0.000000e+00,0.000000e+00,0.000000e+00,0.000000e+00,0.000000e+00,0.000000e+00,0.000000e+00,0.000000e+00,0.000000e+00,0.000000e+00,0.000000e+00,0.000000e+00,0.000000e+00,0.000000e+00
1.000000e+00,0.000000e+00,0.000000e+00,0.000000e+00,0.000000e+00,0.000000e+00,0.000000e+00,0.000000e+00,0.000000e+00,0.000000e+00,0.000000e+00,0.000000e+00,0.000000e+00,0.000000e+00,0.000000e+00
1.000000e+00,0.000000e+00,0.000000e+00,0.000000e+00,0.000000e+00,0.000000e+00,0.000000e+00,0.000000e+00,0.000000e+00,0.000000e+00,0.000000e+00,0.000000e+00,0.000000e+00,0.000000e+00,0.000000e+00
1.000000e+00,0.000000e+00,0.000000e+00,0.000000e+00,0.000000e+00,0.000000e+00,0.000000e+00,0.000000e+00,0.000000e+00,0.000000e+00,0.000000e+00,0.000000e+00,0.000000e+00,0.000000e+00,0.000000e+00
1.000000e+00,0.000000e+00,0.000000e+00,0.000000e+00,0.000000e+00,0.000000e+00,0.000000e+00,0.000000e+00,0.000000e+00,0.000000e+00,0.000000e+00,0.000000e+00,0.000000e+00,0.000000e+00,0.000000e+00
1.000000e+00,0.000000e+00,0.000000e+00,0.000000e+00,0.000000e+00,0.000000e+00,0.000000e+00,0.000000e+00,0.000000e+00,0.000000e+00,0.000000e+00,0.000000e+00,0.000000e+00,0.000000e+00,0.000000e+00
4.748087e-01,5.129019e-02,3.538313e-02,8.085734e-02,1.655216e-02,1.354639e-01,1.347244e-02,1.319460e-02,1.287636e-02,2.937570e-03,2.441096e-02,6.114979e-02,3.422782e-02,7.442227e-03,3.593291e-02
4.204434e-01,4.976415e-02,3.088196e-02,8.026491e-02,1.541990e-02,1.648870e-01,1.170404e-02,1.181514e-02,1.760659e-02,4.489506e-03,2.234450e-02,5.758346e-02,4.919941e-02,9.102162e-03,5.449399e-02
3.867083e-01,4.019780e-02,2.325438e-02,6.526443e-02,1.193257e-02,1.289973e-01,8.737842e-03,9.444033e-03,4.463672e-02,6.925995e-03,1.948939e-02,4.705017e-02,6.011431e-02,1.290825e-02,1.343386e-01
2.850919e-01,3.589814e-02,1.747181e-02,5.218581e-02,8.665442e-03,9.242251e-02,6.229623e-03,6.991463e-03,1.239592e-01,1.407349e-02,1.486282e-02,3.404175e-02,4.613654e-02,1.020575e-02,2.517638e-01
2.041200e-01,3.726030e-02,3.304210e-02,7.321908e-02,6.928128e-03,6.513488e-02,4.583579e-03,5.611212e-03,2.071806e-01,1.368413e-02,1.133704e-02,2.436062e-02,3.334393e-02,8.774078e-03,2.714204e-01
1.840338e-01,3.042264e-02,8.358872e-02,5.615542e-02,5.404845e-03,4.869770e-02,3.455176e-03,5.510023e-03,1.646022e-01,3.060973e-02,1.233697e-02,1.910083e-02,2.787456e-02,4.496278e-02,2.832447e-01
2.176038e-01,2.727494e-02,8.786397e-02,4.130538e-02,4.966053e-03,4.312225e-02,2.675987e-03,4.823239e-03,1.244608e-01,5.928533e-02,1.197868e-02,1.425859e-02,2.668272e-02,7.450665e-02,2.591917e-01
1.668195e-01,2.572583e-02,6.339034e-02,2.913309e-02,4.588322e-03,3.275209e-02,2.073700e-03,4.157485e-03,1.128181e-01,6.606998e-02,2.612726e-02,1.130729e-02,2.268960e-02,2.203376e-01,2.120098e-01
1.250816e-01,2.473422e-02,4.540197e-02,2.062016e-02,5.611066e-03,2.445011e-02,1.631311e-03,3.260402e-03,1.043913e-01,5.789521e-02,2.483994e-02,8.461568e-03,2.099320e-02,3.135139e-01,2.191141e-01
1.099387e-01,1.919352e-02,3.317472e-02,1.464677e-02,4.442759e-03,1.813999e-02,1.266641e-03,2.380769e-03,8.942690e-02,4.562112e-02,2.103797e-02,6.166534e-03,1.631710e-02,4.060099e-01,2.122367e-01
8.856802e-02,1.742929e-02,3.119949e-02,1.388909e-02,3.813602e-03,1.905925e-02,1.137177e-03,1.874397e-03,2.000090e-01,3.962371e-02,1.872252e-02,4.606607e-03,1.211189e-02,3.852659e-01,1.626900e-01
8.341393e-02,1.516883e-02,2.574524e-02,1.238132e-02,3.129999e-03,1.765675e-02,9.671098e-04,1.439857e-03,2.120228e-01,4.976556e-02,1.688311e-02,3.551079e-03,9.704490e-03,4.165059e-01,1.316641e-01
6.000175e-02,1.089464e-02,1.852341e-02,9.077986e-03,2.369117e-03,1.360411e-02,7.758224e-04,1.139491e-03,2.267240e-01,8.074920e-02,2.042571e-02,3.032903e-03,9.448954e-03,4.246480e-01,1.185849e-01
4.343412e-02,7.962494e-03,1.358655e-02,7.201164e-03,1.834740e-03,1.058656e-02,7.187532e-04,1.336264e-03,2.158250e-01,7.452329e-02,3.335317e-02,2.614444e-03,9.451949e-03,4.500513e-01,1.275202e-01
3.309395e-02,6.048702e-03,1.107501e-02,5.931696e-03,1.587683e-03,8.349854e-03,6.539002e-04,1.220772e-03,1.727629e-01,7.436295e-02,3.918555e-02,3.207795e-03,1.001934e-02,5.239605e-01,1.085394e-01
2.409906e-02,4.525071e-03,8.149276e-03,4.615095e-03,1.688276e-03,6.084087e-03,5.969157e-04,9.257445e-04,1.331590e-01,8.661602e-02,4.188429e-02,3.823048e-03,1.035186e-02,5.816814e-01,9.180088e-02
1.795668e-02,4.304452e-03,6.635539e-03,4.950098e-03,3.636542e-03,4.538550e-03,6.214182e-04,9.733001e-04,1.412964e-01,1.050140e-01,5.133592e-02,4.329050e-03,1.097090e-02,5.539179e-01,8.951925e-02
1.299704e-02,4.096451e-03,5.480250e-03,3.878480e-03,4.731686e-03,3.480640e-03,4.996521e-04,7.876899e-04,1.582056e-01,1.168445e-01,1.246359e-01,6.068917e-03,1.836791e-02,4.458204e-01,9.410488e-02
9.491423e-03,4.002147e-03,4.874792e-03,3.114609e-03,6.482925e-03,3.180442e-03,6.079939e-04,1.446124e-03,1.525455e-01,1.822869e-01,1.360394e-01,9.750710e-03,2.309056e-02,3.709528e-01,9.213360e-02
8.061129e-03,9.187493e-03,7.483879e-03,3.933734e-03,6.015040e-03,8.765566e-03,1.391340e-03,3.696023e-03,1.806469e-01,2.440161e-01,1.278755e-01,8.657474e-03,2.040203e-02,2.907912e-01,7.907668e-02
8.127967e-03,3.213981e-02,7.992244e-03,5.972357e-03,7.356707e-03,1.473947e-02,4.089004e-03,7.166491e-03,3.089473e-01,1.972858e-01,1.037102e-01,6.793107e-03,1.616084e-02,2.164832e-01,6.303542e-02
8.535167e-03,6.231218e-02,1.181907e-02,9.371870e-03,7.632094e-03,1.973029e-02,4.093259e-03,3.488605e-02,3.323199e-01,1.857767e-01,8.376771e-02,5.966384e-03,1.806002e-02,1.625369e-01,5.319243e-02
1.069003e-02,4.914826e-02,1.028466e-02,5.957318e-02,1.269751e-02,2.467319e-02,3.011465e-03,3.985580e-02,3.377227e-01,1.846660e-01,7.114090e-02,6.302960e-03,2.133419e-02,1.185130e-01,5.038613e-02
1.453768e-02,3.763285e-02,8.243818e-03,5.414131e-02,1.506555e-02,2.073946e-02,2.178238e-03,5.298211e-02,3.536157e-01,1.993988e-01,6.973453e-02,6.201505e-03,2.613569e-02,9.018720e-02,4.920552e-02
1.205780e-02,2.998937e-02,6.491117e-03,4.329649e-02,1.566094e-02,1.897985e-02,1.613185e-03,4.766288e-02,3.568335e-01,1.932302e-01,9.501030e-02,8.939788e-03,4.209577e-02,7.759240e-02,5.054638e-02
1.348954e-02,2.793379e-02,8.027989e-03,3.758459e-02,2.017744e-02,1.936896e-02,1.327282e-03,5.005174e-02,3.990175e-01,1.517856e-01,8.640024e-02,8.659509e-03,5.498356e-02,6.828806e-02,5.290413e-02
1.843081e-02,2.666845e-02,1.201503e-02,3.180058e-02,2.258014e-02,3.205507e-02,1.298239e-03,6.232236e-02,3.804067e-01,1.254084e-01,7.175045e-02,9.069357e-03,8.343971e-02,7.625753e-02,4.649708e-02
2.623139e-02,3.157717e-02,1.913524e-02,2.904303e-02,3.446701e-02,4.931449e-02,1.281137e-03,7.179553e-02,3.452367e-01,9.933650e-02,6.118584e-02,8.517492e-03,1.089716e-01,6.608743e-02,4.781934e-02
3.478425e-02,3.556607e-02,2.920364e-02,3.129589e-02,5.806000e-02,5.673311e-02,2.205149e-03,7.955898e-02,3.234074e-01,8.126161e-02,4.832068e-02,6.702929e-03,1.144809e-01,5.220816e-02,4.621128e-02
4.394455e-02,5.947504e-02,3.080713e-02,3.052685e-02,7.804477e-02,5.992055e-02,2.653877e-03,6.955277e-02,3.183066e-01,6.510954e-02,3.840287e-02,6.286065e-03,9.626577e-02,5.678963e-02,4.391392e-02
5.241941e-02,5.967249e-02,2.898465e-02,2.803218e-02,7.651509e-02,5.095875e-02,2.429409e-03,6.161249e-02,3.056045e-01,6.323630e-02,4.523814e-02,1.104660e-02,7.504480e-02,4.809032e-02,9.111487e-02
4.292897e-02,4.977481e-02,2.608455e-02,2.741436e-02,5.824023e-02,4.097985e-02,1.964514e-03,4.765496e-02,2.680594e-01,1.104385e-01,6.996625e-02,3.270501e-02,8.028552e-02,3.763706e-02,1.058660e-01
3.589689e-02,4.863268e-02,2.516886e-02,2.944927e-02,4.518062e-02,4.058497e-02,1.676916e-03,3.688122e-02,3.101590e-01,1.273054e-01,6.511705e-02,2.547200e-02,6.407563e-02,3.342050e-02,1.109789e-01
2.685254e-02,3.683617e-02,1.966730e-02,2.319992e-02,3.225093e-02,3.166855e-02,1.215527e-03,2.655361e-02,3.151609e-01,2.305810e-01,5.558632e-02,1.854197e-02,4.861429e-02,2.841731e-02,1.048536e-01
2.093177e-02,2.811747e-02,1.493891e-02,1.768474e-02,2.410497e-02,2.499869e-02,9.160197e-04,1.926730e-02,3.970773e-01,2.126472e-01,4.791478e-02,1.489206e-02,4.066713e-02,4.148525e-02,9.435640e-02
1.571348e-02,2.075358e-02,1.147429e-02,1.357640e-02,1.934148e-02,1.832018e-02,7.610180e-04,1.403889e-02,4.467409e-01,1.676666e-01,4.201340e-02,1.149378e-02,3.540623e-02,7.802567e-02,1.046741e-01
1.148903e-02,1.543538e-02,9.994890e-03,1.109579e-02,1.550461e-02,1.349426e-02,6.994401e-04,1.027845e-02,4.676314e-01,1.634227e-01,4.378473e-02,8.969933e-03,2.849078e-02,8.666196e-02,1.130466e-01
1.186182e-02,1.278968e-02,7.632982e-03,8.563080e-03,1.195517e-02,1.020783e-02,5.718113e-04,7.387508e-03,4.156352e-01,1.370509e-01,4.724456e-02,8.078250e-03,2.531069e-02,1.776018e-01,1.181086e-01
1.286719e-02,1.797805e-02,6.915603e-03,9.150652e-03,1.537604e-02,9.935616e-03,5.367978e-04,5.872954e-03,3.764595e-01,9.918598e-02,7.470013e-02,8.693932e-03,3.137171e-02,2.233939e-01,1.075620e-01
1.202068e-02,2.190271e-02,6.389892e-03,7.763257e-03,1.828661e-02,8.633396e-03,4.823884e-04,4.246792e-03,3.167378e-01,7.263412e-02,1.130100e-01,8.080033e-03,3.170069e-02,2.923644e-01,8.574728e-02
1.593517e-02,1.881498e-02,5.784207e-03,7.011667e-03,1.632401e-02,8.553571e-03,4.330455e-04,3.199696e-03,2.809609e-01,5.423710e-02,1.067445e-01,8.241843e-03,2.638384e-02,3.824299e-01,6.494545e-02
3.606855e-02,1.441804e-02,5.652369e-03,5.433948e-03,1.345026e-02,7.167154e-03,4.659439e-04,2.344158e-03,2.881975e-01,4.912354e-02,8.988884e-02,6.746290e-03,2.070581e-02,4.071322e-01,5.320544e-02
4.565226e-02,1.190158e-02,8.218599e-03,4.504664e-03,1.160772e-02,6.707216e-03,6.273835e-04,2.495975e-03,3.395410e-01,4.369944e-02,7.486252e-02,5.464219e-03,1.635169e-02,3.656954e-01,6.267031e-02
4.247643e-02,8.776144e-03,6.487905e-03,3.339257e-03,8.891304e-03,5.615056e-03,6.724404e-04,1.904609e-03,3.278434e-01,4.609405e-02,6.594852e-02,4.104095e-03,1.211084e-02,4.034008e-01,6.233522e-02
4.147433e-02,6.866939e-03,5.457480e-03,2.779182e-03,7.261092e-03,4.927658e-03,5.565556e-04,1.449962e-03,3.216548e-01,7.723429e-02,6.464503e-02,5.435121e-03,1.037558e-02,4.046359e-01,4.524609e-02
3.156652e-02,5.129395e-03,3.959308e-03,2.180896e-03,5.921293e-03,3.983470e-03,4.432573e-04,1.154021e-03,2.895249e-01,6.488031e-02,8.328263e-02,4.773017e-03,9.620911e-03,4.606068e-01,3.297329e-02
2.293465e-02,4.829614e-03,4.587628e-03,1.730089e-03,4.844165e-03,2.894691e-03,3.158189e-04,8.558789e-04,2.298696e-01,5.304573e-02,2.648026e-01,4.199876e-03,8.352824e-03,3.695800e-01,2.715691e-02
1.796429e-02,4.161718e-03,4.563926e-03,1.613000e-03,4.511469e-03,2.475677e-03,2.507106e-04,8.153236e-04,1.934433e-01,1.234601e-01,2.222437e-01,3.246401e-03,6.582386e-03,3.934996e-01,2.116844e-02
1.360444e-02,4.516902e-03,5.007416e-03,1.412010e-03,4.022913e-03,2.256755e-03,1.960485e-04,7.003041e-04,1.696133e-01,1.673796e-01,1.865283e-01,2.433488e-03,4.926839e-03,4.200570e-01,1.734476e-02
1.208814e-02,4.973967e-03,5.116866e-03,5.289436e-03,3.721809e-03,2.755564e-03,1.856034e-04,7.361253e-04,2.193173e-01,1.943882e-01,1.598883e-01,3.398046e-03,7.785296e-03,3.591378e-01,2.121750e-02
1.000878e-02,4.366895e-03,4.703027e-03,4.952751e-03,4.249591e-03,2.776302e-03,1.619420e-04,6.011397e-04,1.820443e-01,1.578274e-01,2.130852e-01,3.930787e-03,6.749279e-03,3.890433e-01,1.549935e-02
9.699169e-03,3.783076e-03,4.219236e-03,4.473927e-03,3.728434e-03,2.909750e-03,1.538800e-04,5.813984e-04,1.420155e-01,1.242097e-01,2.743328e-01,4.331782e-03,6.015372e-03,4.080642e-01,1.148193e-02
7.855967e-03,3.035879e-03,3.197584e-03,3.240860e-03,3.209395e-03,3.418220e-03,1.258623e-04,4.322975e-04,1.087088e-01,9.202415e-02,2.850137e-01,4.474134e-03,4.600358e-03,4.723661e-01,8.296790e-03
7.327286e-03,2.786948e-03,2.654038e-03,2.443645e-03,2.902100e-03,5.012398e-03,1.043970e-04,3.481689e-04,9.645321e-02,6.860121e-02,2.930662e-01,6.284224e-03,3.765703e-03,5.019852e-01,6.265265e-03
7.361237e-03,3.760552e-03,2.597492e-03,2.033801e-03,2.577088e-03,2.897771e-02,1.158376e-04,5.851337e-04,7.996152e-02,5.384650e-02,3.544580e-01,8.671938e-03,4.367039e-03,4.416763e-01,9.009791e-03
7.521932e-03,3.028181e-03,7.337090e-03,1.902216e-03,2.758959e-03,3.025519e-02,2.754527e-04,1.797972e-03,6.647714e-02,4.432543e-02,4.123605e-01,1.029036e-02,3.523436e-03,4.011937e-01,6.952415e-03
6.804723e-03,2.414737e-03,6.189019e-03,1.443024e-03,2.494470e-03,2.631316e-02,2.167492e-04,1.492768e-03,4.904522e-02,3.269534e-02,4.886744e-01,9.033011e-03,2.846877e-03,3.651318e-01,5.204758e-03
6.249140e-03,3.061294e-03,6.917689e-03,1.226848e-03,2.953073e-03,2.129079e-02,1.980683e-04,1.184993e-03,4.036198e-02,2.617276e-02,5.044395e-01,7.698042e-03,2.393355e-03,3.717478e-01,4.104751e-03
4.869629e-03,2.406584e-03,5.366116e-03,9.312310e-04,2.307520e-03,1.767466e-02,1.485077e-04,8.806947e-04,3.029937e-02,2.010762e-02,5.360450e-01,6.971197e-03,2.045398e-03,3.668678e-01,3.078738e-03
4.049634e-03,2.518597e-03,4.488914e-03,1.839633e-03,2.818819e-03,1.419235e-02,2.836944e-04,1.017272e-03,3.680698e-02,2.156599e-02,5.363505e-01,8.086402e-03,1.614707e-03,3.613695e-01,2.996985e-03
3.164734e-03,2.436010e-03,3.609721e-03,1.752094e-03,2.406660e-03,1.098057e-02,2.628897e-04,8.019616e-04,3.701529e-02,2.384908e-02,5.253745e-01,6.941803e-03,1.240728e-03,3.776447e-01,2.519220e-03
2.812508e-03,5.781299e-03,3.590996e-03,1.747051e-03,3.134509e-03,8.652431e-03,2.549682e-04,7.075046e-04,2.851120e-02,2.424822e-02,5.579079e-01,5.915161e-03,1.099559e-03,3.531422e-01,2.494522e-03
2.434423e-03,6.164554e-03,3.357297e-03,1.815542e-03,3.340897e-03,7.090913e-03,2.917185e-04,1.007900e-03,2.405807e-02,3.224924e-02,5.803556e-01,5.358442e-03,1.125920e-03,3.289855e-01,2.363924e-03
2.394391e-03,7.179717e-03,4.753673e-03,4.899128e-03,4.743986e-03,1.058629e-02,4.666899e-04,5.754479e-03,2.543002e-02,4.343101e-02,5.369248e-01,4.530330e-03,1.253473e-03,3.451121e-01,2.539860e-03
2.195023e-03,6.864354e-03,3.795873e-03,5.822189e-03,4.639944e-03,1.006475e-02,6.914855e-04,4.312295e-03,2.418816e-02,5.001594e-02,5.501703e-01,4.750651e-03,1.932286e-03,3.253105e-01,5.246297e-03
1.839927e-03,1.133475e-02,4.976957e-03,5.804649e-03,6.723580e-03,2.197363e-02,1.417781e-03,3.422901e-03,2.139171e-02,5.810991e-02,4.924570e-01,5.126656e-03,2.570956e-03,3.450525e-01,1.779714e-02
1.605855e-03,1.285560e-02,8.415537e-03,5.216271e-03,8.311144e-03,6.055576e-02,2.012920e-03,4.733901e-03,2.045725e-02,6.954055e-02,4.141985e-01,6.253397e-03,3.775299e-03,3.562605e-01,2.580751e-02
2.244612e-03,1.071679e-02,1.266525e-02,5.032300e-03,9.924119e-03,4.853028e-02,1.687916e-03,2.545487e-02,3.026577e-02,6.378627e-02,3.853324e-01,1.125717e-02,6.904043e-03,3.603838e-01,2.581439e-02
2.859480e-03,7.978650e-03,1.680930e-02,4.541351e-03,1.329610e-02,3.678830e-02,1.508953e-03,5.627890e-02,3.443327e-02,6.828528e-02,3.285826e-01,1.497512e-02,1.542988e-02,3.748652e-01,2.336756e-02
6.173706e-03,1.167352e-02,4.105383e-02,3.619113e-03,2.403592e-02,2.872821e-02,1.400200e-03,5.106091e-02,6.613328e-02,1.121073e-01,2.672182e-01,1.561709e-02,1.315312e-02,3.214776e-01,3.654801e-02
1.351692e-02,1.231965e-02,5.030822e-02,2.894155e-03,1.928987e-02,2.048836e-02,1.040585e-03,4.201035e-02,1.220334e-01,8.318266e-02,2.073801e-01,1.289352e-02,1.029903e-02,3.593555e-01,4.298767e-02
3.420410e-02,1.649877e-02,6.165846e-02,2.583051e-03,2.295507e-02,1.513830e-02,8.885523e-04,4.605081e-02,1.490273e-01,6.512859e-02,1.645278e-01,1.332465e-02,9.018226e-03,3.558181e-01,4.317838e-02
5.133677e-02,1.510949e-02,6.625681e-02,3.261089e-03,2.491399e-02,1.185967e-02,9.008370e-04,6.538938e-02,1.810126e-01,5.459068e-02,1.460391e-01,1.428627e-02,8.953325e-03,3.171454e-01,3.894456e-02
5.832361e-02,1.917176e-02,7.461375e-02,4.131112e-03,2.616826e-02,9.521936e-03,9.615665e-04,9.406120e-02,1.713252e-01,4.399142e-02,1.259990e-01,1.643830e-02,8.268490e-03,3.111513e-01,3.587319e-02
6.668426e-02,4.297734e-02,1.055755e-01,7.016309e-03,2.800815e-02,7.909594e-03,1.021012e-03,1.053916e-01,1.481391e-01,3.590644e-02,1.140225e-01,1.855934e-02,1.001395e-02,2.589386e-01,4.983627e-02
6.498684e-02,4.850870e-02,1.141364e-01,9.989385e-03,2.507075e-02,6.889117e-03,1.268023e-03,2.011240e-01,1.424207e-01,2.752699e-02,9.171525e-02,1.510546e-02,1.124721e-02,2.016407e-01,3.837052e-02
6.354180e-02,5.028626e-02,1.263051e-01,1.276345e-02,2.574608e-02,5.776346e-03,1.401504e-03,2.784354e-01,1.255158e-01,2.184387e-02,7.468412e-02,1.228548e-02,1.240776e-02,1.605338e-01,2.847311e-02
6.114735e-02,4.563362e-02,1.658147e-01,1.162000e-02,2.539338e-02,8.586377e-03,1.981739e-03,2.552972e-01,1.031067e-01,2.488442e-02,7.764155e-02,9.309411e-03,1.010857e-02,1.784731e-01,2.100185e-02
5.862125e-02,5.928055e-02,1.590294e-01,1.201843e-02,2.764141e-02,8.028938e-03,2.062183e-03,2.329291e-01,1.043153e-01,3.348150e-02,6.149037e-02,6.882761e-03,7.993410e-03,2.062073e-01,2.001807e-02
4.796574e-02,4.575090e-02,1.663397e-01,4.398095e-02,3.121235e-02,2.798633e-02,2.356368e-03,1.721661e-01,8.352059e-02,2.673179e-02,8.504247e-02,2.952924e-02,7.106709e-02,1.489103e-01,1.744013e-02
4.529761e-02,3.564529e-02,1.574380e-01,6.244079e-02,3.251060e-02,2.672266e-02,3.157272e-03,1.320414e-01,6.287577e-02,3.921460e-02,9.670557e-02,3.998477e-02,1.388968e-01,1.081994e-01,1.886945e-02
3.793809e-02,2.533961e-02,1.231688e-01,4.989002e-02,5.036902e-02,1.975011e-02,4.882981e-03,9.595582e-02,4.536795e-02,3.851182e-02,1.397712e-01,4.414462e-02,2.249158e-01,7.808746e-02,2.190668e-02
3.907147e-02,1.804732e-02,8.804242e-02,3.923833e-02,4.509584e-02,1.709236e-02,3.690039e-03,7.571258e-02,3.780287e-02,3.673037e-02,1.404857e-01,6.537236e-02,3.213325e-01,5.522608e-02,1.705978e-02
6.115441e-02,1.338823e-02,6.373413e-02,3.350641e-02,7.852530e-02,1.776330e-02,3.543120e-03,5.999786e-02,3.429757e-02,3.242193e-02,1.505797e-01,6.162767e-02,3.351813e-01,3.927331e-02,1.500576e-02
1.076878e-01,1.075171e-02,4.607162e-02,2.466492e-02,9.540695e-02,1.931726e-02,3.205379e-03,4.485087e-02,2.657822e-02,2.442058e-02,1.236723e-01,6.042096e-02,3.708991e-01,2.831721e-02,1.373507e-02
9.664116e-02,8.441887e-03,3.248077e-02,1.795863e-02,7.906716e-02,1.685189e-02,3.317342e-03,3.241860e-02,2.223575e-02,1.803865e-02,9.925456e-02,6.624468e-02,4.736623e-01,2.114750e-02,1.223912e-02
7.778382e-02,6.573340e-03,2.304436e-02,1.320981e-02,6.018772e-02,1.485075e-02,2.929213e-03,2.316885e-02,2.035975e-02,1.411487e-02,7.488918e-02,9.883352e-02,5.428798e-01,1.709434e-02,1.008068e-02
6.144106e-02,6.414470e-03,1.743466e-02,9.678648e-03,1.037837e-01,1.102797e-02,2.868709e-03,1.767814e-02,7.029105e-02,1.158271e-02,6.057434e-02,8.783641e-02,5.189666e-01,1.219561e-02,8.225959e-03
4.853209e-02,8.401893e-03,1.419752e-02,6.964618e-03,9.987786e-02,8.767768e-03,2.706085e-03,1.373397e-02,1.454326e-01,1.024284e-02,5.443517e-02,9.283030e-02,4.783545e-01,8.712335e-03,6.810497e-03
5.428635e-02,8.971813e-03,1.084176e-02,5.407533e-03,9.315742e-02,1.357267e-02,2.591464e-03,1.063400e-02,1.959679e-01,1.303599e-02,5.590653e-02,1.084236e-01,4.147168e-01,6.562005e-03,5.924142e-03
4.186372e-02,9.339833e-03,8.380150e-03,4.070561e-03,7.420599e-02,1.083091e-02,2.383486e-03,8.007647e-03,2.481286e-01,1.179171e-02,8.889624e-02,1.345368e-01,3.475584e-01,4.855873e-03,5.150014e-03
3.276026e-02,9.058578e-03,8.186108e-03,3.916068e-03,6.642544e-02,1.049971e-02,2.309107e-03,7.589170e-03,2.817484e-01,1.116058e-02,9.568353e-02,1.555964e-01,3.071735e-01,3.634902e-03,4.258196e-03
2.758759e-02,1.129892e-02,9.687439e-03,3.666938e-03,5.353782e-02,8.692925e-03,1.880322e-03,2.204929e-02,3.609741e-01,1.296332e-02,9.225191e-02,1.290880e-01,2.595773e-01,3.010177e-03,3.733947e-03
2.255758e-02,1.224070e-02,8.834567e-03,3.080986e-03,4.447982e-02,8.732716e-03,1.941225e-03,2.005279e-02,4.846184e-01,1.280368e-02,7.694691e-02,1.000842e-01,1.981167e-01,2.192465e-03,3.317215e-03
3.594321e-02,1.197616e-02,9.439370e-03,6.439042e-03,4.151489e-02,1.477323e-02,1.960671e-03,2.239864e-02,5.646716e-01,1.684081e-02,5.706701e-02,7.153621e-02,1.402221e-01,1.638597e-03,3.578448e-03
4.695104e-02,1.175114e-02,7.484987e-03,9.468117e-03,3.925116e-02,1.389043e-02,1.930631e-03,2.699928e-02,6.135455e-01,2.934272e-02,4.228245e-02,5.200336e-02,9.966138e-02,1.274672e-03,4.163109e-03
4.452707e-02,1.048623e-02,8.235323e-03,1.626191e-01,3.400519e-02,1.375023e-02,1.575424e-03,2.249584e-02,5.326300e-01,2.295093e-02,3.321797e-02,3.728877e-02,7.133350e-02,9.353150e-04,3.949141e-03
9.327146e-02,1.167578e-02,7.181304e-03,1.245335e-01,4.091423e-02,1.697629e-02,2.160036e-03,3.502586e-02,5.168127e-01,2.207919e-02,3.030266e-02,3.192057e-02,5.536921e-02,1.356371e-03,1.042076e-02
1.046385e-01,9.952069e-03,5.719111e-03,8.904656e-02,5.670597e-02,1.292171e-02,4.232671e-03,2.677915e-02,5.513991e-01,2.126158e-02,3.066872e-02,2.753549e-02,4.865010e-02,1.169280e-03,9.319869e-03
9.440110e-02,7.664127e-03,6.456265e-03,6.602250e-02,6.002136e-02,9.551002e-03,1.642317e-02,1.793723e-01,4.432945e-01,1.789401e-02,2.843451e-02,2.194207e-02,4.035378e-02,1.011435e-03,7.157776e-03
7.988249e-02,6.262525e-03,5.464816e-03,4.776528e-02,4.829584e-02,7.082640e-03,1.259802e-01,2.498574e-01,3.423961e-01,1.459098e-02,2.095616e-02,1.590354e-02,2.904851e-02,7.727484e-04,5.740654e-03
8.505335e-02,5.759141e-03,4.508210e-03,3.523561e-02,4.237153e-02,5.887971e-03,2.153901e-01,2.720384e-01,2.661255e-01,1.226823e-02,1.592369e-02,1.211206e-02,2.139695e-02,6.420864e-04,5.287161e-03
1.488883e-01,1.227945e-02,3.760307e-03,2.736288e-02,3.836881e-02,7.824533e-03,2.018871e-01,2.222818e-01,2.745299e-01,1.188867e-02,1.327103e-02,1.204863e-02,1.819785e-02,7.148150e-04,6.695924e-03
1.538078e-01,1.452906e-02,3.999982e-03,2.247560e-02,3.708651e-02,1.457864e-02,3.019458e-01,1.620764e-01,2.262708e-01,1.014199e-02,1.087669e-02,1.579854e-02,1.747416e-02,7.636856e-04,8.174291e-03
1.656870e-01,1.270721e-02,3.559508e-03,1.837608e-02,3.363608e-02,1.809703e-02,3.670719e-01,1.284331e-01,1.780545e-01,9.105589e-03,9.629594e-03,2.681986e-02,2.046123e-02,8.745058e-04,7.486788e-03
2.390844e-01,1.816216e-02,4.576481e-03,1.806834e-02,2.818148e-02,2.506710e-02,2.977622e-01,9.235368e-02,1.352857e-01,1.102958e-02,3.842963e-02,4.489036e-02,3.591301e-02,2.487571e-03,8.708389e-03
3.587102e-01,1.943655e-02,4.859006e-03,1.656242e-02,2.214118e-02,2.392597e-02,2.187530e-01,6.729263e-02,1.019160e-01,1.086027e-02,5.332725e-02,4.307596e-02,4.274205e-02,7.577342e-03,8.820260e-03
3.899336e-01,1.971598e-02,7.795247e-03,2.745873e-02,4.947668e-02,2.619534e-02,1.846891e-01,5.323926e-02,8.177867e-02,1.225582e-02,4.819962e-02,4.308726e-02,4.025622e-02,6.655994e-03,9.262476e-03
3.668558e-01,3.013125e-02,1.165769e-02,3.061866e-02,5.411644e-02,2.529271e-02,1.398240e-01,3.921378e-02,8.671869e-02,1.874326e-02,8.668444e-02,4.402120e-02,4.046303e-02,1.141635e-02,1.424270e-02
2.828310e-01,2.818221e-02,4.561259e-02,3.243981e-02,4.078539e-02,2.049549e-02,9.988419e-02,3.241691e-02,1.029402e-01,1.644867e-02,1.780657e-01,4.462184e-02,4.642695e-02,1.598763e-02,1.286143e-02
2.074150e-01,2.286885e-02,3.434963e-02,2.349658e-02,3.129975e-02,1.807314e-02,7.066872e-02,2.348774e-02,9.490085e-02,1.551269e-02,2.559623e-01,3.802478e-02,3.660693e-02,1.132772e-01,1.405583e-02
2.006274e-01,2.231077e-02,2.860408e-02,2.293135e-02,2.524607e-02,1.827191e-02,5.021761e-02,1.849153e-02,1.099209e-01,1.417614e-02,2.990453e-01,3.292063e-02,2.828872e-02,1.171823e-01,1.176525e-02
1.844191e-01,2.978683e-02,3.866458e-02,2.528165e-02,3.027734e-02,2.469704e-02,3.674183e-02,1.587980e-02,1.460280e-01,2.320474e-02,2.454447e-01,3.119740e-02,3.180868e-02,1.082109e-01,2.835739e-02
1.824655e-01,3.470060e-02,3.647711e-02,2.065010e-02,4.548287e-02,2.571087e-02,2.672442e-02,1.392452e-02,2.168377e-01,2.196341e-02,1.901607e-01,2.749216e-02,2.754887e-02,1.031256e-01,2.673553e-02
1.423072e-01,5.421267e-02,2.902410e-02,1.684160e-02,3.469464e-02,2.939058e-02,1.887083e-02,1.083326e-02,2.475712e-01,2.238228e-02,1.490743e-01,2.986431e-02,2.475338e-02,1.575019e-01,3.267770e-02
1.208084e-01,6.082787e-02,2.145218e-02,1.899788e-02,2.727351e-02,2.451219e-02,1.356259e-02,9.251554e-03,3.388397e-01,1.841176e-02,1.134283e-01,2.363840e-02,2.002154e-02,1.611110e-01,2.786309e-02
1.045488e-01,6.725051e-02,1.647715e-02,2.100743e-02,2.274344e-02,2.163118e-02,1.016425e-02,9.392304e-03,4.050188e-01,1.553251e-02,8.799370e-02,1.858910e-02,1.766328e-02,1.592868e-01,2.270083e-02
8.454829e-02,7.343672e-02,1.271888e-02,2.691134e-02,1.926126e-02,1.858266e-02,8.083013e-03,1.243540e-02,4.446087e-01,1.329678e-02,7.709137e-02,1.667299e-02,2.560079e-02,1.457854e-01,2.096638e-02
6.246399e-02,6.133106e-02,9.204443e-03,2.005207e-02,1.612134e-02,2.040489e-02,6.369442e-03,1.102412e-02,5.317796e-01,1.065077e-02,6.482384e-02,1.533163e-02,3.227947e-02,1.209991e-01,1.716424e-02
4.961278e-02,5.911228e-02,7.061789e-03,1.544466e-02,1.515057e-02,1.914184e-02,8.737372e-03,4.212474e-02,5.666993e-01,7.996810e-03,4.988569e-02,1.271899e-02,3.456436e-02,8.827815e-02,2.347070e-02
4.351949e-02,5.636884e-02,5.443393e-03,1.189363e-02,1.824072e-02,2.826167e-02,1.008229e-02,5.261463e-02,5.605557e-01,5.898159e-03,3.947821e-02,1.263556e-02,7.028455e-02,6.457340e-02,2.014979e-02
4.281704e-02,5.554740e-02,4.103479e-03,9.996042e-03,1.710833e-02,3.285615e-02,7.689783e-03,4.396427e-02,5.817066e-01,4.313250e-03,3.048914e-02,1.323146e-02,9.157431e-02,4.845304e-02,1.614968e-02
4.072091e-02,7.865824e-02,3.250697e-03,9.183206e-03,2.230770e-02,2.957905e-02,5.633745e-03,4.779598e-02,5.476418e-01,3.275020e-03,2.403945e-02,1.123274e-02,1.224088e-01,3.905787e-02,1.521482e-02
3.542537e-02,9.170543e-02,3.621928e-03,8.399296e-03,3.314736e-02,3.001161e-02,4.743733e-03,9.629999e-02,5.028349e-01,2.613933e-03,1.838349e-02,9.573854e-03,1.193981e-01,2.906328e-02,1.477774e-02
3.182496e-02,9.804311e-02,4.364582e-03,9.023536e-03,3.731059e-02,2.701313e-02,4.044489e-03,1.992446e-01,3.888661e-01,2.461559e-03,1.389976e-02,8.193648e-03,1.397513e-01,2.080037e-02,1.515821e-02
2.826166e-02,1.033389e-01,8.591009e-03,8.523583e-03,3.347554e-02,2.552268e-02,4.653404e-03,3.167691e-01,2.942540e-01,2.625381e-03,1.003612e-02,6.616670e-03,1.217399e-01,1.461735e-02,2.097472e-02
2.276958e-02,8.408715e-02,1.040612e-02,6.885211e-03,2.821858e-02,2.087749e-02,5.847375e-03,4.661115e-01,2.173067e-01,2.310880e-03,7.139381e-03,4.867621e-03,9.413828e-02,1.025009e-02,1.878405e-02
2.087503e-02,6.701626e-02,1.041593e-02,6.244181e-03,2.628001e-02,1.949819e-02,1.160382e-02,5.467822e-01,1.662900e-01,2.148128e-03,5.230426e-03,3.688198e-03,8.878003e-02,7.200612e-03,1.794707e-02
1.970255e-02,5.233594e-02,1.249086e-02,6.144461e-03,2.396848e-02,1.863924e-02,1.600380e-02,6.120005e-01,1.293870e-01,2.446689e-03,3.959145e-03,2.889876e-03,7.599224e-02,5.109361e-03,1.892992e-02
2.168364e-02,5.885566e-02,1.797033e-02,5.791838e-03,2.175062e-02,1.965326e-02,2.642072e-02,5.977206e-01,1.103566e-01,5.294777e-03,5.156700e-03,3.106539e-03,8.074039e-02,3.727779e-03,2.177051e-02
2.227428e-02,5.180364e-02,1.558668e-02,5.180198e-03,2.255109e-02,1.820526e-02,3.236861e-02,5.996650e-01,1.007806e-01,5.841522e-03,6.613811e-03,3.549960e-03,9.538607e-02,2.676174e-03,1.751708e-02
3.071463e-02,5.344851e-02,1.523106e-02,6.891498e-03,2.678410e-02,2.358495e-02,4.591668e-02,4.908319e-01,1.055110e-01,1.088836e-02,6.646262e-03,5.885296e-03,1.592487e-01,2.013015e-03,1.640401e-02
3.502751e-02,4.635897e-02,1.560498e-02,8.941172e-03,2.498922e-02,3.020849e-02,4.087358e-02,4.336721e-01,9.628057e-02,1.900364e-02,1.202839e-02,7.292111e-03,2.034993e-01,1.845470e-03,2.437451e-02
3.700349e-02,3.737478e-02,1.600834e-02,8.096142e-03,2.073419e-02,3.385509e-02,4.157797e-02,3.415969e-01,8.107352e-02,1.927405e-02,3.037235e-02,1.056425e-02,2.955152e-01,1.879155e-03,2.507456e-02
3.332010e-02,5.564974e-02,7.455253e-02,2.880147e-02,3.086570e-02,2.905956e-02,3.292850e-02,2.432599e-01,1.178007e-01,2.280947e-02,3.245625e-02,2.138256e-02,2.530139e-01,1.714767e-03,2.238497e-02
3.996486e-02,4.099908e-02,5.821014e-02,2.297215e-02,2.865504e-02,2.578391e-02,2.580940e-02,1.766848e-01,9.521258e-02,1.823589e-02,3.093873e-02,3.667845e-02,3.722503e-01,2.613222e-03,2.499146e-02
4.276964e-02,3.080537e-02,6.177961e-02,2.073549e-02,2.962432e-02,2.198504e-02,2.121267e-02,1.442800e-01,7.547319e-02,1.964559e-02,3.600819e-02,3.969126e-02,4.254005e-01,5.514710e-03,2.507440e-02
4.120136e-02,2.459516e-02,4.959568e-02,2.833560e-02,2.915095e-02,2.497758e-02,2.045503e-02,1.118214e-01,8.147352e-02,2.299854e-02,5.715077e-02,4.973996e-02,4.225653e-01,7.990767e-03,2.794839e-02
3.549968e-02,1.947089e-02,3.658082e-02,2.638911e-02,2.399399e-02,2.284155e-02,1.530941e-02,7.977330e-02,1.088732e-01,2.794189e-02,5.504454e-02,8.510204e-02,4.122016e-01,1.919584e-02,3.178212e-02
5.353733e-02,1.763070e-02,2.661514e-02,2.342389e-02,2.263414e-02,2.079672e-02,1.109679e-02,5.647429e-02,1.116188e-01,2.443695e-02,7.771914e-02,1.070845e-01,3.911572e-01,2.148621e-02,3.428809e-02
4.510875e-02,1.469270e-02,1.895679e-02,1.679430e-02,1.772387e-02,1.999071e-02,8.335901e-03,4.025114e-02,9.173026e-02,2.528862e-02,7.057508e-02,1.684173e-01,3.749965e-01,5.029563e-02,3.684244e-02
6.368957e-02,1.316713e-02,1.402071e-02,1.275184e-02,1.663321e-02,2.086154e-02,7.401601e-03,2.981765e-02,8.984700e-02,2.964321e-02,5.765984e-02,1.878699e-01,3.729523e-01,5.423471e-02,2.944970e-02
5.858813e-02,1.414221e-02,1.022625e-02,1.451455e-02,1.419286e-02,2.003613e-02,5.446550e-03,2.135824e-02,1.157607e-01,3.203674e-02,5.111520e-02,2.444910e-01,2.955911e-01,4.951700e-02,5.298332e-02
4.698600e-02,1.580114e-02,8.306986e-03,1.247679e-02,1.424611e-02,1.805061e-02,4.070778e-03,1.511541e-02,1.154617e-01,2.656613e-02,6.183403e-02,2.442494e-01,2.325284e-01,7.283489e-02,1.114716e-01
