1.000000e+00,0.000000e+00,0.000000e+00,0.000000e+00,0.000000e+00,0.000000e+00,0.000000e+00,0.000000e+00,0.000000e+00,0.000000e+00,0.000000e+00,0.000000e+00,0.000000e+00,0.000000e+00,0.000000e+00
1.000000e+00,0.000000e+00,0.000000e+00,0.000000e+00,0.000000e+00,0.000000e+00,0.000000e+00,0.000000e+00,0.000000e+00,0.000000e+00,0.000000e+00,0.000000e+00,0.000000e+00,0.000000e+00,0.000000e+00
1.000000e+00,0.000000e+00,0.000000e+00,0.000000e+00,0.000000e+00,0.000000e+00,0.000000e+00,0.000000e+00,0.000000e+00,0.000000e+00,0.000000e+00,0.000000e+00,0.000000e+00,0.000000e+00,0.000000e+00
1.000000e+00,0.000000e+00,0.000000e+00,0.000000e+00,0.000000e+00,0.000000e+00,0.000000e+00,0.000000e+00,0.000000e+00,0.000000e+00,0.000000e+00,0.000000e+00,0.000000e+00,0.000000e+00,0.000000e+00
1.000000e+00,0.000000e+00,0.000000e+00,0.000000e+00,0.000000e+00,0.000000e+00,0.000000e+00,0.000000e+00,0.000000e+00,0.000000e+00,0.000000e+00,0.000000e+00,0.000000e+00,0.000000e+00,0.000000e+00
1.000000e+00,0.000000e+00,0.000000e+00,0.000000e+00,0.000000e+00,0.000000e+00,0.000000e+00,0.000000e+00,0.000000e+00,0.000000e+00,0.000000e+00,0.000000e+00,0.000000e+00,0.000000e+00,0.000000e+00
1.000000e+00,0.000000e+00,0.000000e+00,0.000000e+00,0.000000e+00,0.000000e+00,0.000000e+00,0.000000e+00,0.000000e+00,0.000000e+00,0.000000e+00,0.000000e+00,0.000000e+00,0.000000e+00,0.000000e+00
1.000000e+00,0.000000e+00,0.000000e+00,0.000000e+00,0.000000e+00,0.000000e+00,0.000000e+00,0.000000e+00,0.000000e+00,0.000000e+00,0.000000e+00,0.000000e+00,0.000000e+00,0.000000e+00,0.000000e+00
1.000000e+00,0.000000e+00,0.000000e+00,0.000000e+00,0.000000e+00,0.000000e+00,0.000000e+00,0.000000e+00,0.000000e+00,0.000000e+00,0.000000e+00,0.000000e+00,0.000000e+00,0.000000e+00,0.000000e+00
1.000000e+00,0.000000e+00,0.000000e+00,0.000000e+00,0.000000e+00,0.000000e+00,0.000000e+00,0.000000e+00,0.000000e+00,0.000000e+00,0.000000e+00,0.000000e+00,0.000000e+00,0.000000e+00,0.000000e+00
1.000000e+00,0.000000e+00,0.000000e+00,0.000000e+00,0.000000e+00,0.000000e+00,0.000000e+00,0.000000e+00,0.000000e+00,0.000000e+00,0.000000e+00,0.000000e+00,0.000000e+00,0.000000e+00,0.000000e+00
1.000000e+00,0.000000e+00,0.000000e+00,0.000000e+00,0.000000e+00,0.000000e+00,0.000000e+00,0.000000e+00,0.000000e+00,0.000000e+00,0.000000e+00,0.000000e+00,0.000000e+00,0.000000e+00,0.000000e+00
1.000000e+00,0.000000e+00,0.000000e+00,0.000000e+00,0.000000e+00,0.000000e+00,0.000000e+00,0.000000e+00,0.000000e+00,0.000000e+00,0.000000e+00,0.000000e+00,0.000000e+00,0.000000e+00,0.000000e+00
1.000000e+00,0.000000e+00,0.000000e+00,0.000000e+00,0.000000e+00,0.000000e+00,0.000000e+00,0.000000e+00,0.000000e+00,0.000000e+00,0.000000e+00,0.000000e+00,0.000000e+00,0.000000e+00,0.000000e+00
1.000000e+00,0.000000e+00,0.000000e+00,0.000000e+00,0.000000e+00,0.000000e+00,0.000000e+00,0.000000e+00,0.000000e+00,0.000000e+00,0.000000e+00,0.000000e+00,0.000000e+00,0.000000e+00,0.000000e+00
1.000000e+00,0.000000e+00,0.000000e+00,0.000000e+00,0.000000e+00,0.000000e+00,0.000000e+00,0.000000e+00,0.000000e+00,0.000000e+00,0.000000e+00,0.000000e+00,0.000000e+00,0.000000e+00,0.000000e+00
1.000000e+00,0.000000e+00,0.000000e+00,0.000000e+00,0.000000e+00,0.000000e+00,0.000000e+00,0.000000e+00,0.000000e+00,0.000000e+00,0.000000e+00,0.000000e+00,0.000000e+00,0.000000e+00,0.000000e+00
1.000000e+00,0.000000e+00,0.000000e+00,0.000000e+00,0.000000e+00,0.000000e+00,0.000000e+00,0.000000e+00,0.000000e+00,0.000000e+00,0.000000e+00,0.000000e+00,0.000000e+00,0.000000e+00,0.000000e+00
1.000000e+00,0.000000e+00,0.000000e+00,0.000000e+00,0.000000e+00,0.000000e+00,0.000000e+00,0.000000e+00,0.000000e+00,0.000000e+00,0.000000e+00,0.000000e+00,0.000000e+00,0.000000e+00,0.000000e+00
1.000000e+00,0.000000e+00,0.000000e+00,0.000000e+00,0.000000e+00,0.000000e+00,0.000000e+00,0.000000e+00,0.000000e+00,0.000000e+00,0.000000e+00,0.000000e+00,0.000000e+00,0.000000e+00,0.000000e+00
1.000000e+00,0.000000e+00,0.000000e+00,0.000000e+00,0.000000e+00,0.000000e+00,0.000000e+00,0.000000e+00,0.000000e+00,0.000000e+00,0.000000e+00,0.000000e+00,0.000000e+00,0.000000e+00,0.000000e+00
1.000000e+00,0.000000e+00,0.000000e+00,0.000000e+00,0.000000e+00,0.000000e+00,0.000000e+00,0.000000e+00,0.000000e+00,0.000000e+00,0.000000e+00,0.000000e+00,0.000000e+00,0.000000e+00,0.000000e+00
1.000000e+00,0.000000e+00,0.000000e+00,0.000000e+00,0.000000e+00,0.000000e+00,0.000000e+00,0.000000e+00,0.000000e+00,0.000000e+00,0.000000e+00,0.000000e+00,0.000000e+00,0.000000e+00,0.000000e+00
1.000000e+00,0.000000e+00,0.000000e+00,0.000000e+00,0.000000e+00,0.000000e+00,0.000000e+00,0.000000e+00,0.000000e+00,0.000000e+00,0.000000e+00,0.000000e+00,0.000000e+00,0.000000e+00,0.000000e+00
1.000000e+00,0.000000e+00,0.000000e+00,0.000000e+00,0.000000e+00,0.000000e+00,0.000000e+00,0.000000e+00,0.000000e+00,0.000000e+00,0.000000e+00,0.000000e+00,0.000000e+00,0.000000e+00,0.000000e+00
1.000000e+00,0.000000e+00,0.000000e+00,0.000000e+00,0.000000e+00,0.000000e+00,0.000000e+00,0.000000e+00,0.000000e+00,0.000000e+00,0.000000e+00,0.000000e+00,0.000000e+00,0.000000e+00,0.000000e+00
1.000000e+00,0.000000e+00,0.000000e+00,0.000000e+00,0.000000e+00,0.000000e+00,0.000000e+00,0.000000e+00,0.000000e+00,0.000000e+00,0.000000e+00,0.000000e+00,0.000000e+00,0.000000e+00,0.000000e+00
1.000000e+00,0.000000e+00,0.000000e+00,0.000000e+00,0.000000e+00,0.000000e+00,0.000000e+00,0.000000e+00,0.000000e+00,0.000000e+00,0.000000e+00,0.000000e+00,0.000000e+00,0.000000e+00,0.000000e+00
1.000000e+00,0.000000e+00,0.000000e+00,0.000000e+00,0.000000e+00,0.000000e+00,0.000000e+00,0.000000e+00,0.000000e+00,0.000000e+00,0.000000e+00,0.000000e+00,0.000000e+00,0.000000e+00,0.000000e+00
1.000000e+00,0.000000e+00,0.000000e+00,0.000000e+00,0.000000e+00,0.000000e+00,0.000000e+00,0.000000e+00,0.000000e+00,0.000000e+00,0.000000e+00,0.000000e+00,0.000000e+00,0.000000e+00,0.000000e+00
1.000000e+00,0.000000e+00,0.000000e+00,0.000000e+00,0.000000e+00,0.000000e+00,0.000000e+00,0.000000e+00,0.000000e+00,0.000000e+00,0.000000e+00,0.000000e+00,0.000000e+00,0.000000e+00,0.000000e+00
1.000000e+00,0.000000e+00,0.000000e+00,0.000000e+00,0.000000e+00,0.000000e+00,0.000000e+00,0.000000e+00,0.000000e+00,0.000000e+00,0.000000e+00,0.000000e+00,0.000000e+00,0.000000e+00,0.000000e+00
1.000000e+00,0.000000e+00,0.000000e+00,0.000000e+00,0.000000e+00,0.000000e+00,0.000000e+00,0.000000e+00,0.000000e+00,0.000000e+00,0.000000e+00,0.000000e+00,0.000000e+00,0.000000e+00,0.000000e+00
1.000000e+00,0.000000e+00,0.000000e+00,0.000000e+00,0.000000e+00,0.000000e+00,0.000000e+00,0.000000e+00,0.000000e+00,0.000000e+00,0.000000e+00,0.000000e+00,0.000000e+00,0.000000e+00,0.000000e+00
1.000000e+00,0.000000e+00,0.000000e+00,0.000000e+00,0.000000e+00,0.000000e+00,0.000000e+00,0.000000e+00,0.000000e+00,0.000000e+00,0.000000e+00,0.000000e+00,0.000000e+00,0.000000e+00,0.000000e+00
1.000000e+00,0.000000e+00,0.000000e+00,0.000000e+00,0.000000e+00,0.000000e+00,0.000000e+00,0.000000e+00,0.000000e+00,0.000000e+00,0.000000e+00,0.000000e+00,0.000000e+00,0.000000e+00,0.000000e+00
1.000000e+00,0.000000e+00,0.000000e+00,0.000000e+00,0.000000e+00,0.000000e+00,0.000000e+00,0.000000e+00,0.000000e+00,0.000000e+00,0.000000e+00,0.000000e+00,0.000000e+00,0.000000e+00,0.000000e+00
1.000000e+00,0.000000e+00,0.000000e+00,0.000000e+00,0.000000e+00,0.000000e+00,0.000000e+00,0.000000e+00,0.000000e+00,0.000000e+00,0.000000e+00,0.000000e+00,0.000000e+00,0.000000e+00,0.000000e+00
1.000000e+00,0.000000e+00,0.000000e+00,0.000000e+00,0.000000e+00,0.000000e+00,0.000000e+00,0.000000e+00,0.000000e+00,0.000000e+00,0.000000e+00,0.000000e+00,0.000000e+00,0.000000e+00,0.000000e+00
1.000000e+00,0.000000e+00,0.000000e+00,0.000000e+00,0.000000e+00,0.000000e+00,0.000000e+00,0.000000e+00,0.000000e+00,0.000000e+00,0.000000e+00,0.000000e+00,0.000000e+00,0.000000e+00,0.000000e+00
1.000000e+00,0.000000e+00,0.000000e+00,0.000000e+00,0.000000e+00,0.000000e+00,0.000000e+00,0.000000e+00,0.000000e+00,0.000000e+00,0.000000e+00,0.000000e+00,0.000000e+00,0.000000e+00,0.000000e+00
1.000000e+00,0.000000e+00,0.000000e+00,0.000000e+00,0.000000e+00,0.000000e+00,0.000000e+00,0.000000e+00,0.000000e+00,0.000000e+00,0.000000e+00,0.000000e+00,0.000000e+00,0.000000e+00,0.000000e+00
1.000000e+00,0.000000e+00,0.000000e+00,0.000000e+00,0.000000e+00,0.000000e+00,0.000000e+00,0.000000e+00,0.000000e+00,0.000000e+00,0.000000e+00,0.000000e+00,0.000000e+00,0.000000e+00,0.000000e+00
1.000000e+00,0.000000e+00,0.000000e+00,0.000000e+00,0.000000e+00,0.000000e+00,0.000000e+00,0.000000e+00,0.000000e+00,0.000000e+00,0.000000e+00,0.000000e+00,0.000000e+00,0.000000e+00,0.000000e+00
1.000000e+00,0.000000e+00,0.000000e+00,0.000000e+00,0.000000e+00,0.000000e+00,0.000000e+00,0.000000e+00,0.000000e+00,0.000000e+00,0.000000e+00,0.000000e+00,0.000000e+00,0.000000e+00,0.000000e+00
1.000000e+00,0.000000e+00,0.000000e+00,0.000000e+00,0.000000e+00,0.000000e+00,0.000000e+00,0.000000e+00,0.000000e+00,0.000000e+00,0.000000e+00,0.000000e+00,0.000000e+00,0.000000e+00,0.000000e+00
1.000000e+00,0.000000e+00,0.000000e+00,0.000000e+00,0.000000e+00,0.000000e+00,0.000000e+00,0.000000e+00,0.000000e+00,0.000000e+00,0.000000e+00,0.000000e+00,0.000000e+00,0.000000e+00,0.000000e+00
1.000000e+00,0.000000e+00,0.000000e+00,0.000000e+00,0.000000e+00,0.000000e+00,0.000000e+00,0.000000e+00,0.000000e+00,0.000000e+00,0.000000e+00,0.000000e+00,0.000000e+00,0.000000e+00,0.000000e+00
1.000000e+00,0.000000e+00,0.000000e+00,0.000000e+00,0.000000e+00,0.000000e+00,0.000000e+00,0.000000e+00,0.000000e+00,0.000000e+00,0.000000e+00,0.000000e+00,0.000000e+00,0.000000e+00,0.000000e+00
1.000000e+00,0.000000e+00,0.000000e+00,0.000000e+00,0.000000e+00,0.000000e+00,0.000000e+00,0.000000e+00,0.000000e+00,0.000000e+00,0.000000e+00,0.000000e+00,0.000000e+00,0.000000e+00,0.000000e+00
1.000000e+00,0.000000e+00,0.000000e+00,0.000000e+00,0.000000e+00,0.000000e+00,0.000000e+00,0.000000e+00,0.000000e+00,0.000000e+00,0.000000e+00,0.000000e+00,0.000000e+00,0.000000e+00,0.000000e+00
1.000000e+00,0.000000e+00,0.000000e+00,0.000000e+00,0.000000e+00,0.000000e+00,0.000000e+00,0.000000e+00,0.000000e+00,0.000000e+00,0.000000e+00,0.000000e+00,0.000000e+00,0.000000e+00,0.000000e+00
1.000000e+00,0.000000e+00,0.000000e+00,0.000000e+00,0.000000e+00,0.000000e+00,0.000000e+00,0.000000e+00,0.000000e+00,0.000000e+00,0.000000e+00,0.000000e+00,0.000000e+00,0.000000e+00,0.000000e+00
1.000000e+00,0.000000e+00,0.000000e+00,0.000000e+00,0.000000e+00,0.000000e+00,0.000000e+00,0.000000e+00,0.000000e+00,0.000000e+00,0.000000e+00,0.000000e+00,0.000000e+00,0.000000e+00,0.000000e+00
1.000000e+00,0.000000e+00,0.000000e+00,0.000000e+00,0.000000e+00,0.000000e+00,0.000000e+00,0.000000e+00,0.000000e+00,0.000000e+00,0.000000e+00,0.000000e+00,0.000000e+00,0.000000e+00,0.000000e+00
1.000000e+00,0.000000e+00,0.000000e+00,0.000000e+00,0.000000e+00,0.000000e+00,0.000000e+00,0.000000e+00,0.000000e+00,0.000000e+00,0.000000e+00,0.000000e+00,0.000000e+00,0.000000e+00,0.000000e+00
1.000000e+00,0.000000e+00,0.000000e+00,0.000000e+00,0.000000e+00,0.000000e+00,0.000000e+00,0.000000e+00,0.000000e+00,0.000000e+00,0.000000e+00,0.000000e+00,0.000000e+00,0.000000e+00,0.000000e+00
1.000000e+00,0.000000e+00,0.000000e+00,0.000000e+00,0.000000e+00,0.000000e+00,0.000000e+00,0.000000e+00,0.000000e+00,0.000000e+00,0.000000e+00,0.000000e+00,0.000000e+00,0.000000e+00,0.000000e+00
1.000000e+00,0.000000e+00,0.000000e+00,0.000000e+00,0.000000e+00,0.000000e+00,0.000000e+00,0.000000e+00,0.000000e+00,0.000000e+00,0.000000e+00,0.000000e+00,0.000000e+00,0.000000e+00,0.000000e+00
4.757967e-01,8.054479e-02,5.701962e-03,1.062180e-01,6.016487e-03,2.266579e-02,3.294966e-03,4.937050e-03,1.572022e-02,3.158140e-03,1.141118e-02,1.019741e-01,1.257789e-01,1.423027e-03,3.535881e-02
3.728235e-01,6.638882e-02,5.139049e-03,1.433771e-01,6.400942e-03,1.952457e-02,3.205666e-03,4.484020e-03,4.503112e-02,7.679229e-03,1.224215e-02,7.717107e-02,1.480093e-01,1.742608e-03,8.678088e-02
2.646783e-01,5.787173e-02,4.903502e-03,1.486602e-01,5.544120e-03,1.563182e-02,2.646721e-03,3.537854e-03,1.189082e-01,1.321123e-02,1.241809e-02,5.668275e-02,1.272294e-01,1.638581e-03,1.664375e-01
1.879353e-01,4.745633e-02,3.679877e-03,1.156833e-01,4.665256e-03,1.511852e-02,2.479288e-03,2.699641e-03,1.359619e-01,9.578179e-03,1.044836e-02,4.364027e-02,2.995286e-01,1.191783e-03,1.199335e-01
1.434791e-01,3.631544e-02,2.911868e-03,9.312849e-02,4.753906e-03,1.898779e-02,2.472778e-03,3.453479e-03,1.191803e-01,7.115745e-03,8.132824e-03,3.498489e-02,4.369754e-01,9.293538e-04,8.717868e-02
1.134826e-01,2.647201e-02,3.790696e-03,6.678977e-02,5.525235e-03,2.047030e-02,7.175558e-03,8.831013e-03,8.759229e-02,5.470439e-03,6.623762e-03,2.962626e-02,5.490343e-01,7.937315e-04,6.832206e-02
1.421095e-01,1.982676e-02,2.874886e-03,4.861626e-02,5.686152e-03,3.184051e-02,6.558130e-03,6.405632e-03,6.509550e-02,4.047369e-03,8.482523e-03,3.671860e-02,5.707815e-01,8.937187e-04,5.006307e-02
1.588315e-01,1.600577e-02,2.428023e-03,3.524033e-02,6.404425e-03,5.402768e-02,6.045533e-03,4.639503e-03,4.854531e-02,3.434921e-03,1.244933e-02,6.408709e-02,5.493834e-01,8.568541e-04,3.762039e-02
1.229869e-01,1.391418e-02,4.465601e-03,2.531855e-02,8.728847e-03,4.360940e-02,4.499353e-03,3.321322e-03,3.634207e-02,4.474068e-03,1.363917e-02,9.166169e-02,5.904948e-01,1.224980e-03,3.531912e-02
1.045998e-01,1.228608e-02,8.112331e-03,1.893341e-02,9.675717e-03,3.446949e-02,3.624287e-03,2.587433e-03,2.859411e-02,6.857511e-03,1.540920e-02,1.167179e-01,6.055664e-01,1.520104e-03,3.104628e-02
7.742801e-02,1.067436e-02,2.629112e-02,1.557086e-02,1.950192e-02,2.965732e-02,4.813988e-03,4.978773e-03,2.797664e-02,1.015872e-02,2.013097e-02,1.108983e-01,6.053162e-01,1.393430e-03,3.520951e-02
5.909073e-02,9.318041e-03,3.709735e-02,3.036521e-02,2.232428e-02,2.422146e-02,4.100524e-03,8.953255e-02,2.694096e-02,1.493499e-02,1.761359e-02,8.089764e-02,5.137246e-01,1.639556e-03,6.819855e-02
5.612599e-02,8.945177e-03,3.486735e-02,3.524961e-02,2.590928e-02,1.969239e-02,3.587633e-03,6.885026e-02,4.575093e-02,6.678584e-02,1.872351e-02,6.029851e-02,4.215111e-01,1.990089e-03,1.317123e-01
4.646399e-02,9.672744e-03,4.706004e-02,6.646638e-02,3.156235e-02,2.093844e-02,3.749362e-03,9.317638e-02,7.395487e-02,5.176726e-02,2.429242e-02,4.436305e-02,3.222194e-01,3.129786e-03,1.611836e-01
3.598142e-02,7.222131e-03,3.805867e-02,5.569081e-02,2.337080e-02,5.568341e-02,3.078241e-03,7.064003e-02,5.750769e-02,4.328522e-02,2.644426e-02,3.273942e-02,2.366526e-01,3.379978e-03,3.102653e-01
2.684425e-02,6.456446e-03,4.430772e-02,6.736868e-02,1.817261e-02,2.440067e-01,2.298499e-03,5.172802e-02,5.803512e-02,3.344237e-02,2.093069e-02,2.335065e-02,1.671905e-01,2.714233e-03,2.331536e-01
2.226383e-02,1.089057e-02,3.394713e-02,5.217627e-02,1.377758e-02,2.373114e-01,1.711726e-03,3.686170e-02,1.298992e-01,2.878687e-02,2.574492e-02,1.805206e-02,1.231201e-01,3.771886e-03,2.616847e-01
1.966617e-02,4.317567e-02,2.471416e-02,3.812386e-02,1.206453e-02,1.760070e-01,1.356332e-03,2.656110e-02,1.623391e-01,2.558603e-02,3.013441e-02,1.531467e-02,9.185338e-02,4.060927e-03,3.290426e-01
1.729125e-02,5.157043e-02,2.037644e-02,3.419136e-02,1.024934e-02,1.280618e-01,1.274870e-03,2.462459e-02,2.321959e-01,2.003371e-02,2.281393e-02,1.197641e-02,6.709614e-02,3.434146e-03,3.548097e-01
2.111443e-02,4.908365e-02,1.842335e-02,2.721243e-02,1.634703e-02,1.033200e-01,2.090841e-03,3.129431e-02,2.848907e-01,1.667604e-02,1.795416e-02,9.137180e-03,4.837328e-02,3.727449e-03,3.503552e-01
1.692479e-02,4.047844e-02,1.714045e-02,1.601155e-01,1.530238e-02,8.639996e-02,1.590653e-03,3.631101e-02,2.937486e-01,1.819533e-02,1.375277e-02,6.634810e-03,3.433042e-02,3.033509e-03,2.560413e-01
1.370774e-02,3.282191e-02,1.332728e-02,1.441417e-01,1.494120e-02,7.030904e-02,1.250867e-03,3.019293e-02,4.327307e-01,1.467270e-02,1.215801e-02,5.121667e-03,2.768799e-02,2.322007e-03,1.846142e-01
1.281228e-02,2.898556e-02,1.010041e-02,1.104442e-01,2.160735e-02,5.740650e-02,1.193618e-03,2.492895e-02,5.442455e-01,1.284280e-02,9.925094e-03,3.993527e-03,2.556312e-02,1.769400e-03,1.341817e-01
1.808099e-02,3.773782e-02,8.350954e-03,8.984172e-02,2.413654e-02,4.894938e-02,1.543679e-03,2.410048e-02,5.784691e-01,1.112261e-02,8.866982e-03,3.748266e-03,4.240689e-02,1.612968e-03,1.010316e-01
3.022320e-02,4.487771e-02,7.150342e-03,7.840334e-02,3.960846e-02,4.276395e-02,2.176988e-03,2.579044e-02,5.765615e-01,1.255790e-02,7.813021e-03,3.761386e-03,4.313570e-02,1.406272e-03,8.376981e-02
2.317396e-02,4.516155e-02,5.723239e-03,1.535848e-01,2.999957e-02,3.146220e-02,1.553330e-03,2.189703e-02,5.753480e-01,9.466204e-03,6.885562e-03,2.851715e-03,3.091388e-02,1.052671e-03,6.092624e-02
2.932340e-02,3.920678e-02,1.722017e-02,2.400059e-01,3.636487e-02,2.355320e-02,1.347523e-03,3.795985e-02,4.760161e-01,1.064076e-02,1.122938e-02,2.931244e-03,2.467510e-02,1.319535e-03,4.820616e-02
3.860474e-02,3.791276e-02,1.570162e-02,2.263021e-01,5.055095e-02,1.892093e-02,1.082919e-03,3.299884e-02,4.565323e-01,1.591550e-02,2.007763e-02,3.488789e-03,2.072842e-02,2.468705e-03,5.871380e-02
3.559386e-02,1.302277e-01,1.356989e-02,1.670206e-01,4.710802e-02,1.461263e-02,9.869274e-04,2.467759e-02,4.405743e-01,1.773924e-02,2.300261e-02,2.849793e-03,1.585655e-02,2.635741e-03,6.354456e-02
3.804832e-02,1.673366e-01,1.584553e-02,1.725390e-01,4.442940e-02,1.203728e-02,9.926269e-04,2.389586e-02,3.855612e-01,1.771478e-02,2.850747e-02,2.628401e-03,1.386296e-02,3.015532e-03,7.358505e-02
2.837154e-02,1.532783e-01,1.044005e-01,1.998385e-01,3.225854e-02,9.037464e-03,7.651664e-04,1.846359e-02,2.954029e-01,1.913745e-02,2.414811e-02,2.611184e-03,1.095201e-02,2.464994e-03,9.886967e-02
7.028495e-02,1.238965e-01,9.332005e-02,2.270943e-01,2.549534e-02,9.735559e-03,8.637652e-04,1.577215e-02,2.380020e-01,2.445599e-02,2.985147e-02,3.340842e-03,1.243628e-02,3.196090e-03,1.222547e-01
1.709794e-01,1.139658e-01,7.505879e-02,1.985393e-01,2.559170e-02,1.377129e-02,1.508157e-03,1.242992e-02,1.919759e-01,2.654654e-02,3.102709e-02,3.957843e-03,1.224358e-02,3.921886e-03,1.184827e-01
1.709789e-01,1.324688e-01,8.374240e-02,2.243011e-01,2.856767e-02,1.464958e-02,2.296848e-03,1.853542e-02,1.637658e-01,2.170085e-02,2.437054e-02,3.639669e-03,9.741717e-03,3.562822e-03,9.767786e-02
2.238892e-01,1.164683e-01,6.977679e-02,1.920974e-01,3.510481e-02,2.360244e-02,4.345004e-03,2.557337e-02,1.628255e-01,1.780047e-02,2.272701e-02,5.420950e-03,1.024914e-02,4.160418e-03,8.595906e-02
3.098496e-01,1.060142e-01,5.325425e-02,1.528386e-01,3.261943e-02,2.407704e-02,4.023063e-03,2.679384e-02,1.493363e-01,1.429167e-02,1.936580e-02,6.780526e-03,1.177902e-02,4.114379e-03,8.486234e-02
3.795286e-01,9.735585e-02,5.036422e-02,1.480839e-01,3.152805e-02,2.463049e-02,4.110860e-03,2.706121e-02,1.183646e-01,1.134285e-02,1.569386e-02,7.976666e-03,1.101147e-02,3.411633e-03,6.953581e-02
4.371808e-01,8.536679e-02,4.558618e-02,1.272209e-01,3.136991e-02,2.851200e-02,4.081429e-03,3.185896e-02,1.035901e-01,1.081898e-02,1.280149e-02,9.259183e-03,1.186709e-02,3.067800e-03,5.741840e-02
4.068497e-01,7.901635e-02,6.809956e-02,1.324376e-01,3.810810e-02,2.722074e-02,4.447381e-03,4.512414e-02,1.067890e-01,9.758507e-03,1.173716e-02,9.236119e-03,1.082336e-02,2.584067e-03,4.776827e-02
4.010012e-01,7.490191e-02,6.236232e-02,1.086657e-01,4.087204e-02,3.769114e-02,4.571820e-03,4.561155e-02,1.240083e-01,1.039041e-02,1.018487e-02,8.192250e-03,1.218562e-02,2.641642e-03,5.671927e-02
4.244107e-01,7.978663e-02,4.838764e-02,8.550770e-02,4.787999e-02,4.810517e-02,5.419109e-03,3.815479e-02,1.309712e-01,8.377967e-03,9.363912e-03,7.614081e-03,1.286565e-02,2.949100e-03,5.020634e-02
4.488820e-01,8.162151e-02,3.760161e-02,7.564044e-02,5.006416e-02,7.691605e-02,6.498753e-03,3.227597e-02,1.160817e-01,6.256933e-03,7.548413e-03,8.424023e-03,1.120208e-02,2.372002e-03,3.861439e-02
4.144469e-01,1.045436e-01,3.794653e-02,1.332769e-01,4.799371e-02,6.044606e-02,4.995794e-03,2.513748e-02,8.722265e-02,8.110676e-03,1.108697e-02,1.148866e-02,1.316729e-02,1.948395e-03,3.818844e-02
3.274858e-01,8.246632e-02,3.235696e-02,1.003733e-01,4.367560e-02,4.588115e-02,4.154475e-03,1.792726e-02,7.414098e-02,1.783750e-01,1.545645e-02,8.863191e-03,1.158625e-02,2.647450e-03,5.460981e-02
2.826268e-01,8.168352e-02,2.873260e-02,1.016974e-01,3.609359e-02,3.435035e-02,3.467009e-03,1.317379e-02,7.448085e-02,1.489287e-01,1.824255e-02,1.079987e-02,1.536868e-02,2.570946e-03,1.477834e-01
2.000968e-01,6.398221e-02,3.507871e-02,1.104793e-01,2.634179e-02,2.614866e-02,2.739494e-03,9.440905e-03,6.394955e-02,2.638055e-01,2.106693e-02,8.501644e-03,1.860959e-02,2.045753e-03,1.477132e-01
1.547257e-01,4.940810e-02,2.835048e-02,7.991863e-02,2.127577e-02,2.067203e-02,2.185638e-03,7.432203e-03,5.035264e-02,2.276067e-01,5.278402e-02,6.258083e-03,1.808317e-02,1.107716e-02,2.698697e-01
1.216901e-01,4.210560e-02,2.642891e-02,6.969421e-02,1.717046e-02,1.761681e-02,2.042006e-03,5.718196e-03,5.300745e-02,2.051006e-01,7.664546e-02,5.143056e-03,1.862350e-02,3.002558e-02,3.089881e-01
1.305532e-01,3.525317e-02,2.744450e-02,7.251705e-02,1.678371e-02,1.680691e-02,1.755339e-03,5.735604e-03,6.042655e-02,1.505603e-01,1.787607e-01,4.213866e-03,1.897800e-02,3.027945e-02,2.499317e-01
1.293515e-01,2.673516e-02,2.385885e-02,5.561567e-02,1.384705e-02,1.377776e-02,1.424154e-03,4.831546e-03,7.536465e-02,1.515462e-01,1.778222e-01,3.203180e-03,1.612398e-02,4.034699e-02,2.661512e-01
1.226422e-01,2.556414e-02,3.132970e-02,4.289598e-02,1.118307e-02,1.333330e-02,1.375931e-03,4.467676e-03,8.769531e-02,1.309907e-01,1.368890e-01,2.718818e-03,1.256059e-02,1.293525e-01,2.470011e-01
1.480558e-01,2.256647e-02,2.347823e-02,3.030658e-02,9.578311e-03,1.192600e-02,1.101976e-03,3.702616e-03,8.304519e-02,9.416051e-02,1.389603e-01,2.069583e-03,1.010594e-02,1.647297e-01,2.562129e-01
1.473591e-01,1.761368e-02,1.786005e-02,2.138799e-02,7.786890e-03,1.047563e-02,8.909656e-04,2.925465e-03,1.261873e-01,6.901763e-02,1.287466e-01,1.642798e-03,8.853197e-03,2.140398e-01,2.252129e-01
1.217033e-01,1.509043e-02,1.451850e-02,1.634362e-02,6.306639e-03,9.762483e-03,6.764584e-04,2.212681e-03,1.991210e-01,5.136754e-02,9.186627e-02,1.376031e-03,6.694561e-03,2.182255e-01,2.447351e-01
1.035584e-01,1.460185e-02,1.184746e-02,1.184350e-02,5.366770e-03,9.866145e-03,6.253592e-04,1.647278e-03,1.875881e-01,4.037042e-02,6.577627e-02,1.208602e-03,5.969919e-03,3.211819e-01,2.185480e-01
8.656507e-02,1.361315e-02,1.520078e-02,9.415243e-03,5.268087e-03,7.950689e-03,5.213644e-04,1.313625e-03,1.654109e-01,3.373648e-02,4.747402e-02,1.044645e-03,4.317816e-03,3.960749e-01,2.120932e-01
6.549627e-02,1.278434e-02,2.472616e-02,6.948872e-03,4.870298e-03,6.099055e-03,4.247381e-04,1.102994e-03,1.717889e-01,3.114467e-02,3.514520e-02,9.236925e-04,3.233571e-03,4.361461e-01,1.991651e-01
4.871955e-02,1.050992e-02,2.142072e-02,4.968963e-03,3.974905e-03,4.660286e-03,3.279619e-04,8.437075e-04,1.575544e-01,3.004113e-02,2.600305e-02,7.072262e-04,2.385464e-03,5.104064e-01,1.774762e-01
4.388922e-02,1.457987e-02,2.532573e-02,4.632260e-03,5.109127e-03,4.617564e-03,3.068869e-04,8.186031e-04,1.341612e-01,2.791472e-02,1.987937e-02,5.919610e-04,1.761867e-03,5.093688e-01,2.070428e-01
4.142542e-02,1.724683e-02,3.395116e-02,5.687267e-03,6.019667e-03,4.330917e-03,2.584106e-04,6.679305e-04,1.069451e-01,2.833920e-02,1.433649e-02,4.812196e-04,1.300697e-03,4.517856e-01,2.872241e-01
3.918865e-02,1.454284e-02,4.865165e-02,5.853255e-03,5.539841e-03,3.413364e-03,1.936545e-04,5.569697e-04,1.019294e-01,3.193564e-02,1.038563e-02,3.830119e-04,9.699492e-04,3.321503e-01,4.043059e-01
2.827568e-02,1.061094e-02,4.354858e-02,4.291338e-03,3.965089e-03,2.490579e-03,1.404957e-04,4.108661e-04,7.211171e-02,3.105406e-02,7.399961e-03,2.957481e-04,6.946513e-04,2.996852e-01,4.950251e-01
2.137943e-02,1.947382e-02,3.661074e-02,1.056903e-02,3.781805e-03,2.134616e-03,1.319499e-04,4.669858e-04,5.543464e-02,2.426418e-02,5.983213e-03,3.875867e-04,6.122785e-04,2.337275e-01,5.850422e-01
2.037299e-02,1.914068e-02,5.616786e-02,1.343389e-02,3.270110e-03,2.240685e-03,1.472098e-04,5.308672e-04,4.683012e-02,2.204945e-02,5.519011e-03,1.461058e-03,1.155910e-03,2.372639e-01,5.704163e-01
2.355107e-02,1.622209e-02,4.496798e-02,1.062929e-02,2.940954e-03,2.548054e-03,1.651580e-04,5.641082e-04,3.821180e-02,2.011809e-02,4.995644e-03,1.590192e-03,1.270344e-03,2.801769e-01,5.520483e-01
2.280447e-02,1.207982e-02,3.309239e-02,7.984615e-03,2.241635e-03,2.077552e-03,1.592550e-04,7.220333e-04,3.415415e-02,2.775639e-02,4.352062e-03,1.538339e-03,1.272332e-03,2.852532e-01,5.645118e-01
1.989416e-02,8.909426e-03,2.337048e-02,5.647805e-03,1.595400e-03,1.923758e-03,1.223518e-04,5.536471e-04,2.819445e-02,7.970344e-02,4.630561e-03,1.712580e-03,1.278742e-03,3.108715e-01,5.115916e-01
1.597297e-02,6.662289e-03,1.663388e-02,4.043594e-03,1.132118e-03,1.699043e-03,9.773091e-05,4.060178e-04,2.237194e-02,1.698090e-01,6.477380e-03,2.723613e-03,1.574232e-03,2.520477e-01,4.983484e-01
1.695940e-02,5.452926e-03,1.198296e-02,3.261547e-03,8.360850e-04,1.568122e-03,1.693292e-04,3.090912e-04,1.789081e-02,1.303247e-01,1.650790e-02,9.514540e-03,2.224788e-03,2.090418e-01,5.739560e-01
1.306970e-02,4.145514e-03,8.533996e-03,2.626591e-03,6.263030e-04,1.404881e-03,3.046106e-04,2.576776e-04,1.703668e-02,1.005728e-01,3.220300e-02,1.389501e-02,2.945974e-03,2.445829e-01,5.577943e-01
9.458352e-03,2.985485e-03,6.036754e-03,2.087903e-03,4.702189e-04,1.235776e-03,4.642667e-04,2.118519e-04,1.261401e-02,7.707006e-02,6.588351e-02,1.521125e-02,2.897018e-03,4.016361e-01,4.017375e-01
6.679357e-03,2.095110e-03,4.229121e-03,1.493057e-03,3.497819e-04,9.312379e-04,3.679134e-04,1.559245e-04,9.112440e-03,5.491365e-02,7.239675e-02,1.098776e-02,2.133613e-03,5.517228e-01,2.824315e-01
4.783373e-03,1.472671e-03,2.967458e-03,1.077949e-03,2.704717e-04,7.227814e-04,3.088086e-04,1.218553e-04,6.715028e-03,3.914790e-02,7.618004e-02,7.788871e-03,1.590760e-03,6.580449e-01,1.988071e-01
3.498791e-03,1.040349e-03,2.092638e-03,8.169571e-04,2.855217e-04,7.032338e-04,3.558595e-04,1.266709e-04,5.128035e-03,2.791161e-02,9.346972e-02,5.516759e-03,1.221037e-03,7.177402e-01,1.400927e-01
2.496625e-03,7.312812e-04,1.484324e-03,6.160789e-04,2.287759e-04,5.878217e-04,2.777154e-04,1.370237e-04,3.888779e-03,1.968474e-02,1.027217e-01,3.975056e-03,8.848667e-04,7.641072e-01,9.817803e-02
1.770518e-03,5.200666e-04,1.062851e-03,4.474657e-04,1.874912e-04,4.523456e-04,1.995760e-04,1.159626e-04,3.486061e-03,1.402825e-02,1.111827e-01,3.055233e-03,6.729809e-04,7.939998e-01,6.881865e-02
1.270851e-03,3.842372e-04,8.298979e-04,3.455163e-04,2.798662e-04,4.561635e-04,1.640569e-04,1.336649e-04,7.727508e-03,1.074170e-02,1.375940e-01,3.062537e-03,5.568299e-04,7.881383e-01,4.831487e-02
9.245110e-04,3.056575e-04,7.690527e-04,3.408950e-04,6.890120e-04,7.261747e-04,4.922096e-04,3.206678e-04,1.740445e-02,9.646589e-03,1.748961e-01,3.478272e-03,5.632419e-04,7.554547e-01,3.398856e-02
6.821703e-04,3.800845e-04,1.378545e-03,5.213027e-04,1.047465e-03,2.947126e-03,6.554238e-04,3.394990e-04,3.167253e-02,8.810470e-03,2.292167e-01,4.361453e-03,5.634259e-04,6.932899e-01,2.413388e-02
5.373489e-04,7.093884e-04,2.559625e-03,7.433844e-04,2.418488e-03,7.135422e-03,1.173033e-03,7.121906e-04,5.756320e-02,7.408106e-03,2.022389e-01,3.569661e-03,5.608548e-04,6.956174e-01,1.705301e-02
4.953244e-04,9.044957e-04,3.013106e-03,9.032094e-04,2.106495e-03,9.481650e-03,8.592577e-04,5.639583e-04,7.603119e-02,6.733343e-03,2.069823e-01,3.177075e-03,6.092613e-04,6.758621e-01,1.227726e-02
3.804087e-04,8.289808e-04,2.362791e-03,7.809102e-04,1.697525e-03,9.902309e-03,6.189623e-04,4.031580e-04,8.788796e-02,7.330516e-03,2.254490e-01,3.230239e-03,6.942494e-04,6.496829e-01,8.750100e-03
3.050198e-04,6.759055e-04,1.838142e-03,6.578748e-04,1.365071e-03,9.264832e-03,4.396366e-04,3.016548e-04,1.149595e-01,7.078147e-03,2.114368e-01,3.483315e-03,7.128961e-04,6.412860e-01,6.195271e-03
3.664840e-04,6.743195e-04,2.825014e-03,6.849171e-04,1.254555e-03,8.904569e-03,3.208589e-04,3.298036e-04,1.654626e-01,6.285766e-03,1.902454e-01,3.756661e-03,7.406488e-04,6.136826e-01,4.465813e-03
4.308973e-04,7.738306e-04,2.708195e-03,6.296866e-04,1.168728e-03,7.046483e-03,2.271183e-04,2.514320e-04,2.773151e-01,5.075797e-03,1.538330e-01,3.065080e-03,6.038459e-04,5.436415e-01,3.229385e-03
6.473798e-04,7.425130e-04,2.411287e-03,5.409794e-04,9.623718e-04,5.860415e-03,1.617287e-04,2.004577e-04,3.260589e-01,4.538225e-03,1.504666e-01,2.502570e-03,5.425749e-04,5.019163e-01,2.447689e-03
1.685098e-03,1.336881e-03,1.263691e-02,9.881022e-04,1.156883e-03,6.689404e-03,1.373351e-04,9.507647e-04,3.919828e-01,5.433347e-03,1.520027e-01,2.049134e-03,5.564188e-04,4.203557e-01,2.038512e-03
1.679486e-03,1.257743e-03,9.605454e-03,1.061119e-03,1.358891e-03,8.443789e-03,1.086896e-04,8.387443e-04,4.232554e-01,5.444904e-03,1.412707e-01,1.591627e-03,5.038601e-04,4.019060e-01,1.673473e-03
1.579579e-03,1.282228e-03,7.315525e-03,1.030131e-03,1.452158e-03,1.593158e-02,8.291325e-05,1.127786e-03,4.571792e-01,4.529571e-03,1.173098e-01,1.228111e-03,4.019192e-04,3.882785e-01,1.270999e-03
1.590488e-03,2.321958e-03,6.438102e-03,1.026128e-03,1.470454e-03,2.469327e-02,6.707553e-05,1.763504e-03,5.213891e-01,4.145605e-03,9.389284e-02,9.540964e-04,3.190071e-04,3.388906e-01,1.037669e-03
3.520787e-03,5.753699e-03,7.850827e-03,1.628245e-03,2.257223e-03,3.500716e-02,8.005518e-05,2.030450e-03,5.805444e-01,8.272979e-03,7.321240e-02,7.523447e-04,2.933037e-04,2.743561e-01,4.440066e-03
5.212525e-03,7.157265e-03,1.382557e-02,3.646640e-03,3.876794e-03,2.912642e-02,8.748792e-05,7.216353e-03,6.355873e-01,7.676278e-03,5.677124e-02,5.912972e-04,3.177963e-04,2.239766e-01,4.930431e-03
8.107926e-03,1.251170e-02,1.889868e-02,4.428751e-03,4.622305e-03,2.546135e-02,9.753444e-05,1.309458e-02,6.787493e-01,7.365383e-03,4.220969e-02,4.730455e-04,2.845839e-04,1.766754e-01,7.019754e-03
1.326487e-02,1.312250e-02,3.836904e-02,2.416986e-02,1.425383e-02,2.267249e-02,1.812582e-04,3.906506e-02,6.599267e-01,6.104391e-03,3.067574e-02,3.949454e-04,2.930404e-04,1.311726e-01,6.333681e-03
1.513752e-02,1.405857e-02,3.508132e-02,2.365495e-02,1.501088e-02,3.783243e-02,2.498156e-04,3.318008e-02,6.903684e-01,5.176434e-03,2.239049e-02,2.931634e-04,2.521132e-04,1.002588e-01,7.054942e-03
2.187923e-02,1.415020e-02,2.804801e-02,2.408937e-02,1.399701e-02,3.611074e-02,2.402401e-04,2.910796e-02,7.165008e-01,6.394355e-03,1.724553e-02,2.715552e-04,2.442087e-04,8.191188e-02,9.808876e-03
3.024169e-02,1.086931e-02,2.913357e-02,2.074718e-02,1.992866e-02,2.769514e-02,2.105827e-04,2.610735e-02,7.460985e-01,5.027604e-03,1.541342e-02,3.282625e-04,2.241405e-04,6.043749e-02,7.537094e-03
3.501685e-02,8.308109e-03,2.595109e-02,1.850234e-02,2.342920e-02,2.279119e-02,1.932952e-04,2.231859e-02,7.756714e-01,3.958544e-03,1.329019e-02,4.056673e-04,2.136862e-04,4.393381e-02,6.016056e-03
3.573480e-02,6.251099e-03,2.451424e-02,1.525119e-02,3.327408e-02,1.855703e-02,1.961199e-04,1.610613e-02,7.832553e-01,2.976941e-03,2.356662e-02,9.300245e-04,3.067036e-04,3.473764e-02,4.342069e-03
3.446516e-02,4.883028e-03,2.221286e-02,1.426653e-02,2.899145e-02,1.457997e-02,1.741999e-04,1.448027e-02,7.944156e-01,2.331007e-03,3.715935e-02,8.469134e-04,2.953597e-04,2.767028e-02,3.228030e-03
4.851943e-02,7.236439e-03,3.233456e-02,3.651920e-02,3.976846e-02,1.301239e-02,2.583112e-04,1.679081e-02,7.295462e-01,1.932475e-03,4.294253e-02,1.478608e-03,3.878898e-04,2.611392e-02,3.158712e-03
8.971731e-02,7.007034e-03,5.406900e-02,3.650561e-02,3.926409e-02,1.170012e-02,4.006680e-04,1.446559e-02,6.727965e-01,1.802234e-03,3.764045e-02,1.944959e-03,7.330023e-04,2.869790e-02,3.255506e-03
1.448346e-01,9.913849e-03,5.072365e-02,5.089460e-02,4.774548e-02,1.388923e-02,6.455955e-04,1.354377e-02,5.855050e-01,1.514309e-03,3.599894e-02,3.790404e-03,1.479841e-03,3.624902e-02,3.271661e-03
2.249982e-01,9.152336e-03,7.098947e-02,8.079389e-02,4.037917e-02,1.088489e-02,7.314214e-04,1.089755e-02,4.793741e-01,1.342176e-03,2.860774e-02,5.430345e-03,1.697325e-03,3.123751e-02,3.483780e-03
2.688319e-01,7.843660e-03,7.189680e-02,9.637290e-02,3.400058e-02,8.913498e-03,8.968036e-04,1.591566e-02,4.373657e-01,1.245275e-03,2.250191e-02,4.572358e-03,1.597190e-03,2.494334e-02,3.102333e-03
3.698317e-01,8.239151e-03,5.779090e-02,9.402725e-02,3.277505e-02,9.073433e-03,1.249338e-03,1.747966e-02,3.573177e-01,1.443757e-03,1.803487e-02,4.919008e-03,2.187002e-03,2.225444e-02,3.376713e-03
3.219184e-01,7.634302e-03,8.559108e-02,1.893975e-01,2.950125e-02,7.766863e-03,1.364700e-03,5.326967e-02,2.622970e-01,1.310271e-03,1.390104e-02,4.023187e-03,1.826891e-03,1.716745e-02,3.030485e-03
2.619327e-01,5.536663e-03,7.950313e-02,2.573578e-01,2.462594e-02,5.883405e-03,1.368565e-03,1.449213e-01,1.884308e-01,9.950559e-04,1.016052e-02,3.140258e-03,1.442075e-03,1.247717e-02,2.224597e-03
2.738506e-01,4.488472e-03,6.508133e-02,2.186426e-01,1.934711e-02,4.882951e-03,1.335133e-03,2.509717e-01,1.350807e-01,8.683606e-04,8.070085e-03,3.317505e-03,1.509606e-03,1.047623e-02,2.077681e-03
2.367088e-01,3.475766e-03,4.888213e-02,1.735461e-01,1.473177e-02,3.868002e-03,1.137203e-03,4.009301e-01,9.594712e-02,6.878865e-04,6.062077e-03,2.741723e-03,1.283637e-03,8.088842e-03,1.908854e-03
2.394434e-01,2.727923e-03,3.829791e-02,1.366175e-01,1.078698e-02,3.900605e-03,9.758755e-04,4.783050e-01,6.811603e-02,6.476225e-04,5.193719e-03,4.488122e-03,1.668092e-03,6.429152e-03,2.402041e-03
2.799118e-01,2.389013e-03,2.790017e-02,1.021102e-01,7.776827e-03,5.915012e-03,7.660005e-04,3.709307e-01,4.911140e-02,1.338722e-03,9.873637e-02,1.543335e-02,1.668242e-02,1.454936e-02,6.448694e-03
2.144832e-01,2.504976e-03,2.016804e-02,9.972713e-02,5.704523e-03,5.001158e-03,6.093549e-04,2.750478e-01,3.821259e-02,3.643195e-03,1.962583e-01,7.560505e-02,3.435498e-02,2.006597e-02,8.613651e-03
1.784965e-01,3.563613e-03,1.802876e-02,1.289373e-01,4.552477e-03,4.946867e-03,7.109290e-04,1.984422e-01,3.823541e-02,5.513616e-03,2.575454e-01,7.805546e-02,3.934576e-02,3.263133e-02,1.099434e-02
1.593652e-01,4.490696e-03,2.167827e-02,1.364337e-01,3.714641e-03,5.016916e-03,6.914550e-04,1.425087e-01,3.090340e-02,1.507700e-02,2.933484e-01,8.471911e-02,5.128054e-02,4.054176e-02,1.023019e-02
1.630728e-01,6.901631e-03,5.491821e-02,1.565508e-01,3.613169e-03,1.739464e-02,1.323259e-03,1.020505e-01,2.744829e-02,1.537293e-02,2.607446e-01,9.499989e-02,4.462844e-02,3.857481e-02,1.240614e-02
1.947413e-01,7.994326e-03,4.526987e-02,1.350437e-01,5.294855e-03,1.489296e-02,2.051944e-03,7.587375e-02,2.233572e-02,4.358275e-02,2.572820e-01,9.604612e-02,4.146636e-02,4.696260e-02,1.116169e-02
1.882039e-01,7.433038e-03,3.422406e-02,1.046804e-01,8.261694e-03,1.149081e-02,2.109753e-03,5.545298e-02,1.792794e-02,9.167820e-02,2.764843e-01,9.921753e-02,4.020718e-02,5.249071e-02,1.013756e-02
1.960102e-01,7.159586e-03,2.566880e-02,8.071408e-02,1.427917e-02,9.944689e-03,1.821364e-03,4.119819e-02,1.651473e-02,8.945383e-02,2.723572e-01,1.417792e-01,3.447961e-02,5.894966e-02,9.669658e-03
1.503574e-01,7.123873e-03,2.003583e-02,5.947329e-02,1.231658e-02,7.959331e-03,1.369700e-03,2.933924e-02,1.308411e-02,1.726675e-01,2.564500e-01,1.794253e-01,3.146036e-02,4.985921e-02,9.078232e-03
1.441082e-01,5.353323e-03,1.431813e-02,4.257685e-02,1.006215e-02,6.296898e-03,1.048836e-03,2.130562e-02,1.031762e-02,2.646065e-01,2.235645e-01,1.811796e-01,2.682759e-02,4.102333e-02,7.410907e-03
1.238925e-01,5.015543e-03,1.124260e-02,3.037486e-02,1.052636e-02,6.393902e-03,8.837081e-04,1.590838e-02,1.056239e-02,3.834884e-01,1.708545e-01,1.688844e-01,2.351413e-02,3.246415e-02,5.994223e-03
1.368384e-01,5.569278e-03,9.600846e-03,2.235825e-02,8.908874e-03,5.975723e-03,8.168375e-04,1.369924e-02,9.804443e-03,3.729734e-01,1.501188e-01,2.081338e-01,2.187346e-02,2.807060e-02,5.258045e-03
1.747773e-01,5.162228e-03,7.839495e-03,1.635574e-02,7.708175e-03,7.244915e-03,8.166262e-04,1.125464e-02,8.576152e-03,3.936495e-01,1.222088e-01,1.983255e-01,1.893354e-02,2.240743e-02,4.739957e-03
1.488947e-01,6.944072e-03,6.873166e-03,1.202016e-02,8.549107e-03,8.466056e-03,1.069205e-03,9.135195e-03,1.088847e-02,4.400009e-01,1.074589e-01,1.993175e-01,1.595630e-02,1.909490e-02,5.331395e-03
1.173271e-01,9.573646e-03,5.565624e-03,8.656948e-03,7.401193e-03,1.163644e-02,9.905460e-04,6.964689e-03,1.608567e-02,5.394795e-01,8.942609e-02,1.552087e-01,1.262507e-02,1.432527e-02,4.733507e-03
8.769307e-02,9.706030e-03,4.296003e-03,6.332233e-03,5.451689e-03,1.209094e-02,8.740055e-04,5.144457e-03,1.698619e-02,6.265016e-01,8.046077e-02,1.198471e-01,9.854492e-03,1.073977e-02,4.021610e-03
6.866005e-02,8.284428e-03,3.356304e-03,4.671637e-03,4.283860e-03,1.223976e-02,1.388089e-03,5.337723e-03,1.636226e-02,7.068726e-01,6.015480e-02,8.897234e-02,7.826749e-03,8.466194e-03,3.123204e-03
6.996766e-02,7.924661e-03,2.603253e-03,3.865187e-03,3.384518e-03,1.477991e-02,1.224545e-03,4.622924e-03,1.657644e-02,7.011452e-01,6.202724e-02,9.402652e-02,8.111139e-03,6.959125e-03,2.781685e-03
5.771999e-02,8.398863e-03,2.729459e-03,3.480863e-03,5.953998e-03,1.328492e-02,1.162032e-03,3.899311e-03,4.041976e-02,7.023723e-01,6.110486e-02,8.195323e-02,8.814199e-03,5.470467e-03,3.235760e-03
4.441004e-02,1.065486e-02,4.525220e-03,2.806341e-03,1.339549e-02,1.178103e-02,1.240521e-03,3.438729e-03,9.912598e-02,6.653157e-01,5.553498e-02,6.793126e-02,1.107496e-02,5.198956e-03,3.565928e-03
4.503984e-02,1.094578e-02,4.864858e-03,4.512209e-03,1.660633e-02,2.404089e-02,2.319012e-03,1.286870e-02,9.495270e-02,6.463665e-01,5.003173e-02,6.147991e-02,1.584515e-02,5.885488e-03,4.240860e-03
3.895063e-02,8.615965e-03,5.556530e-03,4.389728e-03,3.628727e-02,2.108468e-02,3.263234e-03,1.798347e-02,9.241710e-02,6.129308e-01,4.924215e-02,6.085573e-02,3.876119e-02,5.483978e-03,4.177470e-03
3.887737e-02,7.705164e-03,6.087864e-03,1.268964e-02,6.937107e-02,8.224356e-02,7.693518e-03,6.214816e-02,7.623515e-02,4.954437e-01,4.163345e-02,4.914797e-02,4.251461e-02,4.689248e-03,3.519531e-03
4.194259e-02,1.029612e-02,2.108558e-02,1.144752e-02,1.146415e-01,7.158743e-02,9.088138e-03,1.524521e-01,6.670771e-02,3.820037e-01,3.341784e-02,4.004813e-02,3.802770e-02,3.896011e-03,3.357957e-03
4.542062e-02,1.496724e-02,3.894903e-02,1.106122e-02,1.516847e-01,5.370811e-02,2.133417e-02,1.712678e-01,7.547978e-02,3.176960e-01,2.842593e-02,3.093114e-02,3.239138e-02,3.463362e-03,3.219575e-03
3.943111e-02,1.426112e-02,3.265179e-02,8.741131e-03,2.262072e-01,4.295163e-02,3.268509e-02,1.751683e-01,7.456190e-02,2.712650e-01,2.190979e-02,2.375484e-02,2.948260e-02,3.898379e-03,3.030145e-03
3.917099e-02,1.221251e-02,2.693217e-02,7.065649e-03,2.786120e-01,3.508555e-02,3.424767e-02,1.638092e-01,6.580386e-02,2.678808e-01,1.688743e-02,1.830469e-02,2.644015e-02,4.829708e-03,2.717607e-03
3.748786e-02,1.466852e-02,2.210329e-02,6.129527e-03,3.117639e-01,3.087592e-02,2.785381e-02,1.358539e-01,8.739148e-02,2.576746e-01,1.346159e-02,1.562975e-02,3.210754e-02,4.678466e-03,2.319843e-03
3.503399e-02,1.651053e-02,2.406628e-02,1.305932e-02,2.981743e-01,2.570378e-02,2.648621e-02,2.370945e-01,8.325054e-02,1.880292e-01,1.008501e-02,1.196201e-02,2.459098e-02,3.788285e-03,2.165129e-03
3.389461e-02,1.251697e-02,4.805852e-02,2.205408e-02,2.460656e-01,1.878292e-02,2.079885e-02,3.589951e-01,6.288831e-02,1.345437e-01,7.664549e-03,9.753012e-03,1.914701e-02,2.856852e-03,1.979861e-03
8.806765e-02,1.624975e-02,4.584468e-02,4.096749e-02,2.116066e-01,1.738966e-02,1.791861e-02,3.099467e-01,6.472035e-02,1.280486e-01,7.153146e-03,9.657240e-03,3.677053e-02,2.705249e-03,2.953789e-03
1.072070e-01,1.568676e-02,5.738524e-02,9.556872e-02,1.928067e-01,1.506368e-02,1.818755e-02,2.762933e-01,5.494625e-02,1.055026e-01,6.864483e-03,9.356399e-03,3.965294e-02,2.205768e-03,3.272641e-03
2.067145e-01,2.409639e-02,4.314516e-02,7.559709e-02,1.698279e-01,1.827723e-02,1.516438e-02,2.152190e-01,7.778735e-02,7.705860e-02,6.092939e-03,9.557115e-03,5.505694e-02,2.448081e-03,3.957380e-03
2.543688e-01,3.169178e-02,3.252712e-02,5.842044e-02,1.371137e-01,3.279390e-02,1.220364e-02,1.659632e-01,1.393898e-01,5.486977e-02,5.292476e-03,8.529710e-03,6.059069e-02,2.203525e-03,4.041393e-03
