1.000000e+00,0.000000e+00,0.000000e+00,0.000000e+00,0.000000e+00,0.000000e+00,0.000000e+00,0.000000e+00,0.000000e+00,0.000000e+00,0.000000e+00,0.000000e+00,0.000000e+00,0.000000e+00,0.000000e+00
1.000000e+00,0.000000e+00,0.000000e+00,0.000000e+00,0.000000e+00,0.000000e+00,0.000000e+00,0.000000e+00,0.000000e+00,0.000000e+00,0.000000e+00,0.000000e+00,0.000000e+00,0.000000e+00,0.000000e+00
1.000000e+00,0.000000e+00,0.000000e+00,0.000000e+00,0.000000e+00,0.000000e+00,0.000000e+00,0.000000e+00,0.000000e+00,0.000000e+00,0.000000e+00,0.000000e+00,0.000000e+00,0.000000e+00,0.000000e+00
1.000000e+00,0.000000e+00,0.000000e+00,0.000000e+00,0.000000e+00,0.000000e+00,0.000000e+00,0.000000e+00,0.000000e+00,0.000000e+00,0.000000e+00,0.000000e+00,0.000000e+00,0.000000e+00,0.000000e+00
1.000000e+00,0.000000e+00,0.000000e+00,0.000000e+00,0.000000e+00,0.000000e+00,0.000000e+00,0.000000e+00,0.000000e+00,0.000000e+00,0.000000e+00,0.000000e+00,0.000000e+00,0.000000e+00,0.000000e+00
1.000000e+00,0.000000e+00,0.000000e+00,0.000000e+00,0.000000e+00,0.000000e+00,0.000000e+00,0.000000e+00,0.000000e+00,0.000000e+00,0.000000e+00,0.000000e+00,0.000000e+00,0.000000e+00,0.000000e+00
1.000000e+00,0.000000e+00,0.000000e+00,0.000000e+00,0.000000e+00,0.000000e+00,0.000000e+00,0.000000e+00,0.000000e+00,0.000000e+00,0.000000e+00,0.000000e+00,0.000000e+00,0.000000e+00,0.000000e+00
1.000000e+00,0.000000e+00,0.000000e+00,0.000000e+00,0.000000e+00,0.000000e+00,0.000000e+00,0.000000e+00,0.000000e+00,0.000000e+00,0.000000e+00,0.000000e+00,0.000000e+00,0.000000e+00,0.000000e+00
1.000000e+00,0.000000e+00,0.000000e+00,0.000000e+00,0.000000e+00,0.000000e+00,0.000000e+00,0.000000e+00,0.000000e+00,0.000000e+00,0.000000e+00,0.000000e+00,0.000000e+00,0.000000e+00,0.000000e+00
1.000000e+00,0.000000e+00,0.000000e+00,0.000000e+00,0.000000e+00,0.000000e+00,0.000000e+00,0.000000e+00,0.000000e+00,0.000000e+00,0.000000e+00,0.000000e+00,0.000000e+00,0.000000e+00,0.000000e+00
1.000000e+00,0.000000e+00,0.000000e+00,0.000000e+00,0.000000e+00,0.000000e+00,0.000000e+00,0.000000e+00,0.000000e+00,0.000000e+00,0.000000e+00,0.000000e+00,0.000000e+00,0.000000e+00,0.000000e+00
1.000000e+00,0.000000e+00,0.000000e+00,0.000000e+00,0.000000e+00,0.000000e+00,0.000000e+00,0.000000e+00,0.000000e+00,0.000000e+00,0.000000e+00,0.000000e+00,0.000000e+00,0.000000e+00,0.000000e+00
1.000000e+00,0.000000e+00,0.000000e+00,0.000000e+00,0.000000e+00,0.000000e+00,0.000000e+00,0.000000e+00,0.000000e+00,0.000000e+00,0.000000e+00,0.000000e+00,0.000000e+00,0.000000e+00,0.000000e+00
1.000000e+00,0.000000e+00,0.000000e+00,0.000000e+00,0.000000e+00,0.000000e+00,0.000000e+00,0.000000e+00,0.000000e+00,0.000000e+00,0.000000e+00,0.000000e+00,0.000000e+00,0.000000e+00,0.000000e+00
1.000000e+00,0.000000e+00,0.000000e+00,0.000000e+00,0.000000e+00,0.000000e+00,0.000000e+00,0.000000e+00,0.000000e+00,0.000000e+00,0.000000e+00,0.000000e+00,0.000000e+00,0.000000e+00,0.000000e+00
1.000000e+00,0.000000e+00,0.000000e+00,0.000000e+00,0.000000e+00,0.000000e+00,0.000000e+00,0.000000e+00,0.000000e+00,0.000000e+00,0.000000e+00,0.000000e+00,0.000000e+00,0.000000e+00,0.000000e+00
1.000000e+00,0.000000e+00,0.000000e+00,0.000000e+00,0.000000e+00,0.000000e+00,0.000000e+00,0.000000e+00,0.000000e+00,0.000000e+00,0.000000e+00,0.000000e+00,0.000000e+00,0.000000e+00,0.000000e+00
1.000000e+00,0.000000e+00,0.000000e+00,0.000000e+00,0.000000e+00,0.000000e+00,0.000000e+00,0.000000e+00,0.000000e+00,0.000000e+00,0.000000e+00,0.000000e+00,0.000000e+00,0.000000e+00,0.000000e+00
1.000000e+00,0.000000e+00,0.000000e+00,0.000000e+00,0.000000e+00,0.000000e+00,0.000000e+00,0.000000e+00,0.000000e+00,0.000000e+00,0.000000e+00,0.000000e+00,0.000000e+00,0.000000e+00,0.000000e+00
1.000000e+00,0.000000e+00,0.000000e+00,0.000000e+00,0.000000e+00,0.000000e+00,0.000000e+00,0.000000e+00,0.000000e+00,0.000000e+00,0.000000e+00,0.000000e+00,0.000000e+00,0.000000e+00,0.000000e+00
1.000000e+00,0.000000e+00,0.000000e+00,0.000000e+00,0.000000e+00,0.000000e+00,0.000000e+00,0.000000e+00,0.000000e+00,0.000000e+00,0.000000e+00,0.000000e+00,0.000000e+00,0.000000e+00,0.000000e+00
1.000000e+00,0.000000e+00,0.000000e+00,0.000000e+00,0.000000e+00,0.000000e+00,0.000000e+00,0.000000e+00,0.000000e+00,0.000000e+00,0.000000e+00,0.000000e+00,0.000000e+00,0.000000e+00,0.000000e+00
1.000000e+00,0.000000e+00,0.000000e+00,0.000000e+00,0.000000e+00,0.000000e+00,0.000000e+00,0.000000e+00,0.000000e+00,0.000000e+00,0.000000e+00,0.000000e+00,0.000000e+00,0.000000e+00,0.000000e+00
1.000000e+00,0.000000e+00,0.000000e+00,0.000000e+00,0.000000e+00,0.000000e+00,0.000000e+00,0.000000e+00,0.000000e+00,0.000000e+00,0.000000e+00,0.000000e+00,0.000000e+00,0.000000e+00,0.000000e+00
1.000000e+00,0.000000e+00,0.000000e+00,0.000000e+00,0.000000e+00,0.000000e+00,0.000000e+00,0.000000e+00,0.000000e+00,0.000000e+00,0.000000e+00,0.000000e+00,0.000000e+00,0.000000e+00,0.000000e+00
1.000000e+00,0.000000e+00,0.000000e+00,0.000000e+00,0.000000e+00,0.000000e+00,0.000000e+00,0.000000e+00,0.000000e+00,0.000000e+00,0.000000e+00,0.000000e+00,0.000000e+00,0.000000e+00,0.000000e+00
1.000000e+00,0.000000e+00,0.000000e+00,0.000000e+00,0.000000e+00,0.000000e+00,0.000000e+00,0.000000e+00,0.000000e+00,0.000000e+00,0.000000e+00,0.000000e+00,0.000000e+00,0.000000e+00,0.000000e+00
1.000000e+00,0.000000e+00,0.000000e+00,0.000000e+00,0.000000e+00,0.000000e+00,0.000000e+00,0.000000e+00,0.000000e+00,0.000000e+00,0.000000e+00,0.000000e+00,0.000000e+00,0.000000e+00,0.000000e+00
1.000000e+00,0.000000e+00,0.000000e+00,0.000000e+00,0.000000e+00,0.000000e+00,0.000000e+00,0.000000e+00,0.000000e+00,0.000000e+00,0.000000e+00,0.000000e+00,0.000000e+00,0.000000e+00,0.000000e+00
1.000000e+00,0.000000e+00,0.000000e+00,0.000000e+00,0.000000e+00,0.000000e+00,0.000000e+00,0.000000e+00,0.000000e+00,0.000000e+00,0.000000e+00,0.000000e+00,0.000000e+00,0.000000e+00,0.000000e+00
1.000000e+00,0.000000e+00,0.000000e+00,0.000000e+00,0.000000e+00,0.000000e+00,0.000000e+00,0.000000e+00,0.000000e+00,0.000000e+00,0.000000e+00,0.000000e+00,0.000000e+00,0.000000e+00,0.000000e+00
1.000000e+00,0.000000e+00,0.000000e+00,0.000000e+00,0.000000e+00,0.000000e+00,0.000000e+00,0.000000e+00,0.000000e+00,0.000000e+00,0.000000e+00,0.000000e+00,0.000000e+00,0.000000e+00,0.000000e+00
1.000000e+00,0.000000e+00,0.000000e+00,0.000000e+00,0.000000e+00,0.000000e+00,0.000000e+00,0.000000e+00,0.000000e+00,0.000000e+00,0.000000e+00,0.000000e+00,0.000000e+00,0.000000e+00,0.000000e+00
1.000000e+00,0.000000e+00,0.000000e+00,0.000000e+00,0.000000e+00,0.000000e+00,0.000000e+00,0.000000e+00,0.000000e+00,0.000000e+00,0.000000e+00,0.000000e+00,0.000000e+00,0.000000e+00,0.000000e+00
1.000000e+00,0.000000e+00,0.000000e+00,0.000000e+00,0.000000e+00,0.000000e+00,0.000000e+00,0.000000e+00,0.000000e+00,0.000000e+00,0.000000e+00,0.000000e+00,0.000000e+00,0.000000e+00,0.000000e+00
1.000000e+00,0.000000e+00,0.000000e+00,0.000000e+00,0.000000e+00,0.000000e+00,0.000000e+00,0.000000e+00,0.000000e+00,0.000000e+00,0.000000e+00,0.000000e+00,0.000000e+00,0.000000e+00,0.000000e+00
1.000000e+00,0.000000e+00,0.000000e+00,0.000000e+00,0.000000e+00,0.000000e+00,0.000000e+00,0.000000e+00,0.000000e+00,0.000000e+00,0.000000e+00,0.000000e+00,0.000000e+00,0.000000e+00,0.000000e+00
1.000000e+00,0.000000e+00,0.000000e+00,0.000000e+00,0.000000e+00,0.000000e+00,0.000000e+00,0.000000e+00,0.000000e+00,0.000000e+00,0.000000e+00,0.000000e+00,0.000000e+00,0.000000e+00,0.000000e+00
1.000000e+00,0.000000e+00,0.000000e+00,0.000000e+00,0.000000e+00,0.000000e+00,0.000000e+00,0.000000e+00,0.000000e+00,0.000000e+00,0.000000e+00,0.000000e+00,0.000000e+00,0.000000e+00,0.000000e+00
1.000000e+00,0.000000e+00,0.000000e+00,0.000000e+00,0.000000e+00,0.000000e+00,0.000000e+00,0.000000e+00,0.000000e+00,0.000000e+00,0.000000e+00,0.000000e+00,0.000000e+00,0.000000e+00,0.000000e+00
1.000000e+00,0.000000e+00,0.000000e+00,0.000000e+00,0.000000e+00,0.000000e+00,0.000000e+00,0.000000e+00,0.000000e+00,0.000000e+00,0.000000e+00,0.000000e+00,0.000000e+00,0.000000e+00,0.000000e+00
1.000000e+00,0.000000e+00,0.000000e+00,0.000000e+00,0.000000e+00,0.000000e+00,0.000000e+00,0.000000e+00,0.000000e+00,0.000000e+00,0.000000e+00,0.000000e+00,0.000000e+00,0.000000e+00,0.000000e+00
1.000000e+00,0.000000e+00,0.000000e+00,0.000000e+00,0.000000e+00,0.000000e+00,0.000000e+00,0.000000e+00,0.000000e+00,0.000000e+00,0.000000e+00,0.000000e+00,0.000000e+00,0.000000e+00,0.000000e+00
1.000000e+00,0.000000e+00,0.000000e+00,0.000000e+00,0.000000e+00,0.000000e+00,0.000000e+00,0.000000e+00,0.000000e+00,0.000000e+00,0.000000e+00,0.000000e+00,0.000000e+00,0.000000e+00,0.000000e+00
1.000000e+00,0.000000e+00,0.000000e+00,0.000000e+00,0.000000e+00,0.000000e+00,0.000000e+00,0.000000e+00,0.000000e+00,0.000000e+00,0.000000e+00,0.000000e+00,0.000000e+00,0.000000e+00,0.000000e+00
1.000000e+00,0.000000e+00,0.000000e+00,0.000000e+00,0.000000e+00,0.000000e+00,0.000000e+00,0.000000e+00,0.000000e+00,0.000000e+00,0.000000e+00,0.000000e+00,0.000000e+00,0.000000e+00,0.000000e+00
1.000000e+00,0.000000e+00,0.000000e+00,0.000000e+00,0.000000e+00,0.000000e+00,0.000000e+00,0.000000e+00,0.000000e+00,0.000000e+00,0.000000e+00,0.000000e+00,0.000000e+00,0.000000e+00,0.000000e+00
1.000000e+00,0.000000e+00,0.000000e+00,0.000000e+00,0.000000e+00,0.000000e+00,0.000000e+00,0.000000e+00,0.000000e+00,0.000000e+00,0.000000e+00,0.000000e+00,0.000000e+00,0.000000e+00,0.000000e+00
1.000000e+00,0.000000e+00,0.000000e+00,0.000000e+00,0.000000e+00,0.000000e+00,0.000000e+00,0.000000e+00,0.000000e+00,0.000000e+00,0.000000e+00,0.000000e+00,0.000000e+00,0.000000e+00,0.000000e+00
1.000000e+00,0.000000e+00,0.000000e+00,0.000000e+00,0.000000e+00,0.000000e+00,0.000000e+00,0.000000e+00,0.000000e+00,0.000000e+00,0.000000e+00,0.000000e+00,0.000000e+00,0.000000e+00,0.000000e+00
1.000000e+00,0.000000e+00,0.000000e+00,0.000000e+00,0.000000e+00,0.000000e+00,0.000000e+00,0.000000e+00,0.000000e+00,0.000000e+00,0.000000e+00,0.000000e+00,0.000000e+00,0.000000e+00,0.000000e+00
1.000000e+00,0.000000e+00,0.000000e+00,0.000000e+00,0.000000e+00,0.000000e+00,0.000000e+00,0.000000e+00,0.000000e+00,0.000000e+00,0.000000e+00,0.000000e+00,0.000000e+00,0.000000e+00,0.000000e+00
1.000000e+00,0.000000e+00,0.000000e+00,0.000000e+00,0.000000e+00,0.000000e+00,0.000000e+00,0.000000e+00,0.000000e+00,0.000000e+00,0.000000e+00,0.000000e+00,0.000000e+00,0.000000e+00,0.000000e+00
4.477344e-01,9.090911e-02,1.501945e-02,1.077893e-01,5.836508e-03,1.020130e-02,2.572285e-03,5.946766e-03,1.000659e-01,3.803477e-02,6.864807e-03,9.212399e-03,1.465506e-02,2.430487e-03,1.427274e-01
3.691786e-01,1.046534e-01,1.881427e-02,8.201914e-02,4.505188e-03,1.068072e-02,2.028794e-03,6.667828e-03,8.625846e-02,5.882970e-02,7.328089e-03,7.164113e-03,1.617703e-02,4.707771e-03,2.209870e-01
2.629377e-01,1.082943e-01,4.518048e-02,1.332782e-01,3.729808e-03,8.467413e-03,1.596586e-03,5.874195e-03,9.744965e-02,6.165990e-02,1.064280e-02,6.991461e-03,1.570221e-02,5.698066e-03,2.324973e-01
1.878215e-01,9.876273e-02,6.460847e-02,1.784525e-01,3.430326e-03,7.423290e-03,1.266613e-03,5.351512e-03,8.982313e-02,5.826918e-02,3.702561e-02,1.597617e-02,2.439806e-02,8.212384e-03,2.191786e-01
1.472117e-01,7.902370e-02,1.331138e-01,1.391179e-01,5.617050e-03,1.093764e-02,1.438849e-03,9.219683e-03,7.682975e-02,6.024733e-02,5.291658e-02,1.792795e-02,2.831250e-02,3.029315e-02,2.077925e-01
1.047676e-01,6.548955e-02,1.123251e-01,9.938215e-02,5.433754e-03,1.226870e-02,1.053965e-03,6.860770e-03,6.313582e-02,6.441648e-02,6.657115e-02,1.622051e-02,2.957753e-02,1.692670e-01,1.832299e-01
7.432111e-02,4.707709e-02,7.968124e-02,6.985952e-02,2.586234e-02,9.978496e-03,7.766504e-04,5.094612e-03,5.459523e-02,5.878472e-02,6.662986e-02,1.210592e-02,2.482858e-02,2.660976e-01,2.043071e-01
5.298110e-02,3.339463e-02,5.628535e-02,4.902702e-02,2.126356e-02,8.481659e-03,5.665399e-04,3.641202e-03,5.200994e-02,5.948113e-02,5.304436e-02,8.823852e-03,1.835875e-02,3.366777e-01,2.459632e-01
3.795164e-02,2.466259e-02,4.002503e-02,3.459099e-02,1.725866e-02,1.309656e-02,4.730806e-04,2.660539e-03,7.747850e-02,6.763174e-02,5.231519e-02,7.199104e-03,1.624047e-02,3.396909e-01,2.687251e-01
2.946689e-02,1.948625e-02,7.287136e-02,2.466765e-02,1.302746e-02,1.477761e-02,6.313660e-04,2.390863e-03,7.122959e-02,1.085240e-01,6.532913e-02,6.397461e-03,1.527905e-02,3.184320e-01,2.374893e-01
2.578067e-02,1.494911e-02,5.362353e-02,1.749116e-02,9.556850e-03,1.250793e-02,6.104289e-04,2.176371e-03,7.581800e-02,1.518954e-01,5.204257e-02,4.857717e-03,1.206461e-02,3.179973e-01,2.486283e-01
2.208136e-02,1.208536e-02,4.376370e-02,1.231541e-02,6.875827e-03,9.657451e-03,6.719637e-04,1.677686e-03,7.240093e-02,1.192894e-01,4.211026e-02,3.697939e-03,9.261532e-03,3.394597e-01,3.046515e-01
2.007864e-02,9.875455e-03,3.249777e-02,8.633161e-03,5.171793e-03,7.528567e-03,4.992879e-04,1.221298e-03,6.860835e-02,8.796428e-02,3.357425e-02,2.643937e-03,6.965655e-03,3.708747e-01,3.438629e-01
2.035942e-02,9.339670e-03,2.415342e-02,6.062852e-03,4.000576e-03,6.332716e-03,3.873114e-04,8.952370e-04,9.670277e-02,6.592073e-02,2.966898e-02,1.892890e-03,5.500316e-03,3.832525e-01,3.455306e-01
2.158511e-02,7.288878e-03,1.856888e-02,4.266985e-03,2.950085e-03,5.521033e-03,3.038194e-04,7.758433e-04,9.193611e-02,4.957950e-02,2.204012e-02,1.370839e-03,4.073462e-03,4.434749e-01,3.262645e-01
2.439303e-02,6.973238e-03,2.094364e-02,3.024559e-03,2.335186e-03,4.512848e-03,2.436324e-04,7.900405e-04,8.738658e-02,3.761014e-02,1.732775e-02,1.020116e-03,3.278601e-03,4.207202e-01,3.694405e-01
2.112924e-02,9.512128e-03,3.799226e-02,2.385870e-03,3.653052e-03,4.037263e-03,2.112070e-04,2.600305e-03,1.142802e-01,2.965512e-02,1.545933e-02,9.252038e-04,2.809986e-03,3.969486e-01,3.584003e-01
1.970665e-02,9.377245e-03,4.397376e-02,1.960695e-03,7.645864e-03,3.143221e-03,2.484308e-04,1.127440e-02,1.748576e-01,2.741027e-02,1.315805e-02,9.225721e-04,2.524793e-03,4.198068e-01,2.639896e-01
1.764347e-02,7.312674e-03,3.364553e-02,1.512839e-03,1.029982e-02,2.486022e-03,1.831332e-04,1.012031e-02,2.413732e-01,2.316748e-02,1.056092e-02,6.727558e-04,1.908897e-03,4.487466e-01,1.903664e-01
1.785210e-02,8.644450e-03,2.531693e-02,2.077369e-03,2.457288e-02,2.603566e-03,2.881848e-04,2.135485e-02,2.775222e-01,1.876325e-02,8.156476e-03,5.824299e-04,1.733546e-03,4.551196e-01,1.354121e-01
1.875522e-02,9.143818e-03,1.870687e-02,3.133941e-03,3.212385e-02,3.255062e-03,2.409713e-04,2.334377e-02,3.597402e-01,1.614314e-02,7.056342e-03,5.512001e-04,1.750772e-03,4.063146e-01,9.974025e-02
2.183527e-02,1.620183e-02,1.501695e-02,5.325852e-03,3.080803e-02,5.959307e-03,2.207736e-04,4.418601e-02,4.316865e-01,1.392335e-02,1.084026e-02,1.738108e-03,3.735222e-03,3.218031e-01,7.671949e-02
3.087927e-02,1.241881e-02,1.506627e-02,6.043380e-03,6.242476e-02,3.201041e-02,9.048085e-04,1.070400e-01,3.981823e-01,1.186083e-02,9.358530e-03,1.551104e-03,3.623469e-03,2.540590e-01,5.457707e-02
4.831395e-02,9.175827e-03,1.546977e-02,5.668121e-03,7.030476e-02,5.829292e-02,3.391103e-03,1.163307e-01,4.239459e-01,1.096211e-02,7.874001e-03,1.374940e-03,4.044361e-03,1.853014e-01,3.955014e-02
6.933475e-02,7.623758e-03,3.901573e-02,6.547930e-03,9.071714e-02,1.101206e-01,3.978592e-03,1.506648e-01,3.294499e-01,9.472484e-03,6.215014e-03,1.176575e-03,3.314690e-03,1.435813e-01,2.878687e-02
7.422739e-02,6.783419e-03,6.385828e-02,6.662314e-03,8.627911e-02,1.046570e-01,3.678895e-03,2.428938e-01,2.523293e-01,9.801809e-03,4.990467e-03,9.715794e-04,2.639376e-03,1.180100e-01,2.221735e-02
8.740702e-02,7.419744e-03,1.402565e-01,1.918981e-02,6.778441e-02,1.100161e-01,4.201105e-03,2.275905e-01,2.020979e-01,8.890528e-03,4.297804e-03,1.185314e-03,2.610792e-03,9.278601e-02,2.426652e-02
9.404484e-02,1.135256e-02,1.192539e-01,5.075071e-02,5.242976e-02,1.037355e-01,4.933737e-03,1.988556e-01,1.797787e-01,1.683209e-02,4.120586e-03,4.164957e-03,3.441671e-03,7.062072e-02,8.568475e-02
1.069952e-01,1.231776e-02,9.796849e-02,4.633278e-02,4.207098e-02,1.074760e-01,9.805720e-03,1.571037e-01,1.425993e-01,1.737769e-02,4.711313e-03,9.863295e-03,6.957817e-03,5.255809e-02,1.858619e-01
1.370428e-01,1.694465e-02,8.545542e-02,4.143337e-02,3.469734e-02,9.203067e-02,1.202961e-02,1.200348e-01,1.194658e-01,3.843423e-02,5.468391e-03,1.269564e-02,6.609167e-03,4.518075e-02,2.324773e-01
1.466806e-01,2.784865e-02,6.524151e-02,3.674086e-02,2.958734e-02,7.191891e-02,1.283704e-02,1.023875e-01,1.275700e-01,4.896704e-02,9.851580e-03,1.192516e-02,7.923485e-03,4.297715e-02,2.575431e-01
1.601354e-01,4.619046e-02,5.452390e-02,2.813602e-02,2.419380e-02,5.976520e-02,1.741358e-02,8.215337e-02,1.530489e-01,5.186561e-02,1.208972e-02,1.128358e-02,7.513912e-03,4.496136e-02,2.467252e-01
1.832259e-01,6.593885e-02,4.501976e-02,2.198010e-02,2.150833e-02,4.925659e-02,1.912060e-02,6.882536e-02,1.448218e-01,7.081424e-02,1.378120e-02,1.214253e-02,7.025964e-03,7.668737e-02,1.998515e-01
2.324861e-01,7.098521e-02,3.820406e-02,1.882583e-02,2.037521e-02,4.363357e-02,2.978535e-02,5.717912e-02,1.371395e-01,7.433255e-02,1.479010e-02,1.535725e-02,8.777781e-03,7.214820e-02,1.659802e-01
2.659881e-01,6.704409e-02,3.049939e-02,1.631058e-02,2.217017e-02,3.570988e-02,2.827709e-02,4.511137e-02,1.276530e-01,1.283262e-01,1.366716e-02,1.507325e-02,9.266092e-03,5.846230e-02,1.364414e-01
3.110171e-01,6.356529e-02,2.375143e-02,1.531952e-02,2.464288e-02,3.403214e-02,2.374042e-02,3.671303e-02,1.191811e-01,1.375163e-01,1.270310e-02,1.494870e-02,1.202691e-02,4.663094e-02,1.242112e-01
3.692436e-01,6.216337e-02,1.879809e-02,1.891710e-02,2.319708e-02,3.123007e-02,1.881864e-02,3.097985e-02,1.035506e-01,1.301425e-01,1.310565e-02,1.542362e-02,1.349582e-02,3.430378e-02,1.166302e-01
4.181109e-01,5.482597e-02,1.662224e-02,2.217671e-02,1.993302e-02,2.753558e-02,1.520681e-02,2.534913e-02,8.406800e-02,1.369643e-01,1.230844e-02,1.508812e-02,1.487079e-02,2.569432e-02,1.112457e-01
4.406317e-01,4.693570e-02,1.562773e-02,2.457435e-02,1.649863e-02,2.520926e-02,1.234612e-02,2.001608e-02,6.862572e-02,1.660875e-01,1.168117e-02,1.839344e-02,1.644034e-02,1.917091e-02,9.776132e-02
4.228254e-01,4.342090e-02,1.393999e-02,3.220173e-02,1.435503e-02,2.338276e-02,9.715267e-03,1.593764e-02,5.770594e-02,1.729790e-01,1.269344e-02,2.425334e-02,2.052888e-02,1.520069e-02,1.208600e-01
4.505132e-01,3.789576e-02,1.235251e-02,3.707689e-02,1.419871e-02,2.339542e-02,8.270735e-03,1.518313e-02,5.066534e-02,1.558012e-01,1.564536e-02,3.439303e-02,2.737234e-02,1.321216e-02,1.040242e-01
4.131972e-01,3.844209e-02,1.088063e-02,4.385003e-02,1.333764e-02,2.782619e-02,7.185185e-03,1.413698e-02,5.204729e-02,1.840558e-01,2.026417e-02,4.086655e-02,3.416606e-02,1.187581e-02,8.786830e-02
3.700224e-01,3.751683e-02,1.075884e-02,5.993285e-02,1.391946e-02,3.150074e-02,6.447786e-03,1.563203e-02,6.913323e-02,1.880644e-01,2.878009e-02,4.665434e-02,4.135782e-02,1.007463e-02,7.020451e-02
3.460729e-01,3.559805e-02,1.146982e-02,1.037871e-01,1.320037e-02,3.787430e-02,5.206231e-03,1.526871e-02,7.170010e-02,1.572985e-01,3.538959e-02,5.396390e-02,4.400136e-02,8.094217e-03,6.107492e-02
2.914290e-01,3.537229e-02,1.130694e-02,1.159121e-01,1.174891e-02,3.505966e-02,4.339602e-03,1.234633e-02,7.410110e-02,1.325037e-01,4.414237e-02,1.232275e-01,4.963778e-02,6.561692e-03,5.231103e-02
2.493816e-01,2.950098e-02,9.722911e-03,9.822313e-02,9.449159e-03,2.964209e-02,3.605735e-03,1.031108e-02,6.557325e-02,1.285131e-01,6.543794e-02,1.985565e-01,5.463264e-02,5.938471e-03,4.151136e-02
2.266000e-01,2.282625e-02,7.666236e-03,7.229499e-02,6.925441e-03,2.582578e-02,2.809787e-03,9.165924e-03,6.022323e-02,1.209593e-01,6.576940e-02,2.885514e-01,5.371247e-02,4.811612e-03,3.185824e-02
2.089559e-01,1.714169e-02,6.570543e-03,5.413172e-02,7.791099e-03,1.957854e-02,3.035308e-03,1.195340e-02,1.145785e-01,1.376654e-01,6.453969e-02,2.391960e-01,7.101336e-02,4.621168e-03,3.922768e-02
2.232124e-01,1.301566e-02,7.224856e-03,3.930074e-02,8.246257e-03,1.616691e-02,3.307937e-03,1.720282e-02,1.061182e-01,2.154282e-01,5.282074e-02,1.861746e-01,6.696025e-02,4.047602e-03,4.077284e-02
2.219781e-01,1.290108e-02,1.895104e-02,7.145147e-02,2.357464e-02,1.715864e-02,4.003082e-03,4.438175e-02,1.244683e-01,1.716851e-01,4.629843e-02,1.438577e-01,6.234684e-02,3.622198e-03,3.332167e-02
1.658357e-01,1.253994e-02,1.490623e-02,1.120890e-01,2.235781e-02,1.544528e-02,3.706797e-03,3.539966e-02,1.362594e-01,2.145440e-01,5.223666e-02,1.075405e-01,6.572924e-02,5.885717e-03,3.552411e-02
1.368747e-01,2.909185e-02,1.731693e-02,1.009948e-01,1.861143e-02,1.444975e-02,3.120277e-03,3.221843e-02,1.606981e-01,1.971845e-01,5.092533e-02,8.388790e-02,7.644984e-02,6.640613e-03,7.153544e-02
1.047736e-01,2.417366e-02,2.262551e-02,8.771668e-02,2.359241e-02,1.103320e-02,4.696330e-03,1.404182e-01,1.400046e-01,1.810728e-01,4.605049e-02,5.998705e-02,6.401846e-02,6.500860e-03,8.333607e-02
1.231638e-01,2.251436e-02,3.477469e-02,2.062621e-01,2.616997e-02,1.261221e-02,4.633996e-03,1.071651e-01,1.106212e-01,1.364169e-01,4.586387e-02,4.761996e-02,5.514619e-02,5.070511e-03,6.196513e-02
2.498843e-01,2.190532e-02,3.837784e-02,1.620581e-01,2.848696e-02,1.336954e-02,4.213553e-03,8.312479e-02,8.547392e-02,1.087469e-01,4.456958e-02,3.912314e-02,4.762742e-02,6.782163e-03,6.625638e-02
2.800827e-01,2.676306e-02,3.149772e-02,1.278729e-01,4.183792e-02,1.557875e-02,4.586888e-03,6.305584e-02,7.861854e-02,1.295565e-01,4.735424e-02,3.607385e-02,5.218699e-02,7.210917e-03,5.772310e-02
2.832405e-01,3.213955e-02,3.004959e-02,1.146681e-01,3.770994e-02,1.735628e-02,4.033036e-03,6.133268e-02,8.241049e-02,9.785901e-02,4.869183e-02,4.822856e-02,7.481763e-02,9.184576e-03,5.827815e-02
3.287256e-01,2.738260e-02,2.576529e-02,1.018427e-01,4.177899e-02,1.895369e-02,3.829591e-03,7.197139e-02,6.920133e-02,8.322453e-02,4.341214e-02,5.090078e-02,6.767815e-02,9.335400e-03,5.599778e-02
3.791941e-01,2.972085e-02,2.156886e-02,8.918151e-02,3.942975e-02,2.182275e-02,3.177068e-03,5.483367e-02,5.627602e-02,6.589212e-02,3.487897e-02,4.641124e-02,5.618389e-02,9.868961e-03,9.156017e-02
3.544193e-01,4.690059e-02,2.100538e-02,7.057984e-02,4.317868e-02,1.968827e-02,2.979418e-03,5.040210e-02,6.334713e-02,6.645620e-02,2.631007e-02,3.658360e-02,6.298006e-02,8.972789e-03,1.261966e-01
3.825768e-01,5.716902e-02,2.107646e-02,5.804265e-02,4.304571e-02,1.729997e-02,4.028674e-03,5.983152e-02,5.769793e-02,6.522132e-02,1.942657e-02,2.865232e-02,5.560449e-02,7.171224e-03,1.231554e-01
3.324450e-01,6.089792e-02,3.212865e-02,5.038902e-02,4.652452e-02,1.593280e-02,5.786900e-03,1.062821e-01,5.830166e-02,5.624543e-02,1.541008e-02,2.357912e-02,4.993129e-02,7.205298e-03,1.389402e-01
2.853308e-01,5.523678e-02,4.227871e-02,4.010431e-02,5.243444e-02,1.474930e-02,6.766030e-03,1.953104e-01,5.425517e-02,4.490981e-02,1.190820e-02,1.791661e-02,4.098374e-02,6.036786e-03,1.317789e-01
2.897850e-01,7.584515e-02,4.411283e-02,3.228019e-02,5.097946e-02,1.224888e-02,6.382430e-03,1.961008e-01,5.243275e-02,3.335118e-02,1.034109e-02,1.526713e-02,3.757680e-02,7.528034e-03,1.357682e-01
2.859859e-01,7.754810e-02,3.549894e-02,2.711718e-02,4.573747e-02,1.127994e-02,5.759228e-03,2.382408e-01,6.276255e-02,2.820225e-02,9.169282e-03,1.914987e-02,4.032763e-02,6.759065e-03,1.064617e-01
3.105933e-01,9.046325e-02,2.631878e-02,2.273626e-02,4.445467e-02,9.862103e-03,4.964641e-03,2.132661e-01,9.608775e-02,2.212873e-02,8.498236e-03,2.010569e-02,3.518562e-02,5.963502e-03,8.937131e-02
2.910385e-01,9.136263e-02,2.077727e-02,1.815521e-02,4.967447e-02,9.192440e-03,4.517574e-03,2.109064e-01,9.827519e-02,1.908629e-02,7.579551e-03,1.827067e-02,2.918865e-02,6.011276e-03,1.259638e-01
2.909115e-01,9.176935e-02,1.644184e-02,1.563566e-02,4.986646e-02,1.003054e-02,4.018716e-03,1.992848e-01,1.092441e-01,2.365495e-02,8.258912e-03,1.898083e-02,3.096967e-02,6.817537e-03,1.241151e-01
2.742527e-01,1.155297e-01,1.387406e-02,1.378621e-02,4.298904e-02,9.788036e-03,3.450748e-03,1.904247e-01,1.149659e-01,1.987980e-02,9.713326e-03,1.832008e-02,3.022940e-02,9.064597e-03,1.337316e-01
3.101420e-01,8.817966e-02,1.560365e-02,1.414451e-02,4.674576e-02,1.064041e-02,4.843816e-03,1.737828e-01,1.003496e-01,1.753433e-02,1.103629e-02,1.982547e-02,3.536339e-02,8.708351e-03,1.430999e-01
3.636577e-01,6.530896e-02,1.481675e-02,1.618104e-02,4.086297e-02,1.276407e-02,6.172832e-03,1.703027e-01,8.546004e-02,1.875029e-02,1.289906e-02,2.064179e-02,3.799542e-02,7.674853e-03,1.265115e-01
4.031584e-01,4.997497e-02,2.206387e-02,2.225254e-02,3.979033e-02,2.278667e-02,9.913599e-03,1.489724e-01,7.543417e-02,1.622972e-02,1.519444e-02,3.352700e-02,3.710335e-02,7.730198e-03,9.586833e-02
4.296739e-01,3.811191e-02,2.335272e-02,2.360271e-02,4.480255e-02,2.306502e-02,9.833958e-03,1.609636e-01,6.476943e-02,1.413515e-02,1.630297e-02,3.565345e-02,3.586807e-02,6.896459e-03,7.296822e-02
4.984183e-01,3.018048e-02,2.102704e-02,2.295086e-02,3.886791e-02,2.408558e-02,8.475899e-03,1.350804e-01,6.057375e-02,1.174983e-02,1.645901e-02,3.744339e-02,3.013629e-02,6.602842e-03,5.794842e-02
4.748752e-01,2.301650e-02,1.926015e-02,2.228349e-02,2.959304e-02,2.358056e-02,8.215261e-03,2.230287e-01,4.477764e-02,9.881584e-03,1.321722e-02,3.433456e-02,2.426390e-02,5.377318e-03,4.429490e-02
1.000000e+00,0.000000e+00,0.000000e+00,0.000000e+00,0.000000e+00,0.000000e+00,0.000000e+00,0.000000e+00,0.000000e+00,0.000000e+00,0.000000e+00,0.000000e+00,0.000000e+00,0.000000e+00,0.000000e+00
1.000000e+00,0.000000e+00,0.000000e+00,0.000000e+00,0.000000e+00,0.000000e+00,0.000000e+00,0.000000e+00,0.000000e+00,0.000000e+00,0.000000e+00,0.000000e+00,0.000000e+00,0.000000e+00,0.000000e+00
4.797119e-01,1.126491e-02,1.223696e-02,1.623611e-02,1.797194e-02,2.371342e-02,1.381818e-02,1.201252e-01,2.032806e-02,9.056029e-02,3.910724e-02,3.871437e-02,3.540750e-02,1.999187e-02,6.081214e-02
4.978175e-01,1.390068e-02,1.288141e-02,1.865422e-02,1.621439e-02,2.430091e-02,1.141381e-02,8.573961e-02,2.329370e-02,1.110823e-01,3.343670e-02,4.304628e-02,2.907297e-02,2.140678e-02,5.773876e-02
1.000000e+00,0.000000e+00,0.000000e+00,0.000000e+00,0.000000e+00,0.000000e+00,0.000000e+00,0.000000e+00,0.000000e+00,0.000000e+00,0.000000e+00,0.000000e+00,0.000000e+00,0.000000e+00,0.000000e+00
1.000000e+00,0.000000e+00,0.000000e+00,0.000000e+00,0.000000e+00,0.000000e+00,0.000000e+00,0.000000e+00,0.000000e+00,0.000000e+00,0.000000e+00,0.000000e+00,0.000000e+00,0.000000e+00,0.000000e+00
1.000000e+00,0.000000e+00,0.000000e+00,0.000000e+00,0.000000e+00,0.000000e+00,0.000000e+00,0.000000e+00,0.000000e+00,0.000000e+00,0.000000e+00,0.000000e+00,0.000000e+00,0.000000e+00,0.000000e+00
4.420064e-01,8.764305e-03,8.989420e-03,1.207301e-02,8.598609e-03,2.088444e-02,1.303064e-02,2.531280e-02,2.183853e-02,5.205815e-02,8.949354e-02,4.578426e-02,1.412881e-02,2.152855e-01,2.175165e-02
3.181617e-01,6.895786e-03,6.698148e-03,1.109247e-02,7.359352e-03,1.578282e-02,9.375328e-03,1.822724e-02,4.009499e-02,4.067108e-02,8.757862e-02,5.657610e-02,1.274719e-02,3.524105e-01,1.632879e-02
2.315280e-01,5.120324e-03,4.900809e-03,8.249461e-03,5.608472e-03,1.200826e-02,6.763808e-03,1.304031e-02,6.234087e-02,3.152747e-02,7.060634e-02,4.668391e-02,9.572082e-03,4.799519e-01,1.209800e-02
1.656421e-01,3.815674e-03,3.633856e-03,6.079936e-03,4.166423e-03,9.820901e-03,4.800832e-03,9.235374e-03,8.958474e-02,2.339209e-02,5.871782e-02,3.893074e-02,7.381525e-03,5.659888e-01,8.809144e-03
1.186243e-01,3.620722e-03,3.153808e-03,4.934276e-03,3.191838e-03,1.047531e-02,3.413704e-03,6.554899e-03,1.195179e-01,1.818949e-02,5.933841e-02,2.858025e-02,5.463122e-03,6.082309e-01,6.711020e-03
8.407246e-02,3.900936e-03,2.881652e-03,3.949434e-03,2.423424e-03,8.603623e-03,2.413159e-03,4.622756e-03,2.816660e-01,1.353914e-02,4.899424e-02,2.071849e-02,4.137256e-03,5.130625e-01,5.014944e-03
5.911378e-02,5.383042e-03,3.382386e-03,3.376140e-03,1.871802e-03,6.691778e-03,1.697011e-03,3.263533e-03,4.515178e-01,1.018586e-02,3.874424e-02,1.460348e-02,2.962727e-03,3.932096e-01,3.996805e-03
4.202164e-02,1.740510e-02,6.753768e-03,3.039024e-03,1.557770e-03,1.239999e-02,1.257592e-03,2.761442e-03,5.304251e-01,8.140371e-03,3.013186e-02,1.039195e-02,2.254497e-03,3.271981e-01,4.261776e-03
3.001469e-02,1.531726e-02,6.737350e-03,2.456422e-03,1.358765e-03,1.365192e-02,9.086703e-04,2.040576e-03,5.839775e-01,7.305588e-03,2.274546e-02,7.332449e-03,1.665455e-03,2.990532e-01,5.434731e-03
2.168665e-02,1.317132e-02,5.604103e-03,2.138015e-03,1.280141e-03,1.431859e-02,6.462448e-04,1.465874e-03,6.044977e-01,5.759885e-03,1.775189e-02,5.243548e-03,1.273133e-03,2.981717e-01,6.991097e-03
1.904336e-02,1.037717e-02,4.596412e-02,8.541872e-03,2.625657e-03,2.914830e-02,6.277646e-04,1.887684e-03,6.284280e-01,4.318149e-03,2.082310e-02,4.029993e-03,1.605864e-03,2.166596e-01,5.919208e-03
1.687564e-02,8.678871e-03,2.125796e-01,1.667588e-02,3.478633e-03,2.817645e-02,4.897375e-04,1.928538e-03,5.150708e-01,3.328937e-03,2.443422e-02,3.082562e-03,1.800547e-03,1.577446e-01,5.654886e-03
1.547074e-02,1.202378e-02,3.449692e-01,2.260512e-02,6.087323e-03,2.834242e-02,3.575187e-04,1.827730e-03,4.068134e-01,3.453390e-03,2.326726e-02,2.294762e-03,1.458581e-03,1.188989e-01,1.212974e-02
2.485546e-02,1.334307e-02,4.027832e-01,2.159826e-02,7.080298e-03,3.999484e-02,2.817131e-04,1.701377e-03,3.202161e-01,4.558801e-03,2.014802e-02,1.744227e-03,1.193829e-03,1.024671e-01,3.803352e-02
2.178464e-02,1.458552e-02,4.679146e-01,7.649180e-02,6.459138e-03,3.206499e-02,2.385136e-04,1.333662e-03,2.330707e-01,5.512561e-03,1.493695e-02,1.276106e-03,1.054846e-03,7.603641e-02,4.723955e-02
2.735098e-02,1.976594e-02,4.769436e-01,8.393141e-02,6.353828e-03,3.226029e-02,2.063085e-04,1.605873e-03,1.790151e-01,8.667634e-03,1.193113e-02,9.705957e-04,8.975945e-04,7.482673e-02,7.527296e-02
2.570717e-02,1.731904e-02,4.416572e-01,6.404785e-02,4.671621e-03,3.209948e-02,1.601150e-04,1.233202e-03,1.458628e-01,1.864178e-02,9.374301e-03,7.342807e-04,9.898059e-04,5.748127e-02,1.800200e-01
2.498247e-02,1.851780e-02,3.758115e-01,6.246974e-02,4.764996e-03,2.472264e-02,2.128560e-04,1.413207e-03,1.485232e-01,3.431691e-02,1.318408e-02,8.222813e-04,1.172652e-03,9.791636e-02,1.911693e-01
2.187994e-02,1.674219e-02,3.025903e-01,4.621826e-02,4.078983e-03,1.867097e-02,2.125682e-04,1.376538e-03,1.567438e-01,4.912981e-02,1.310583e-02,7.507300e-04,1.176799e-03,1.064280e-01,2.608952e-01
2.481257e-02,2.167786e-02,2.586372e-01,3.564429e-02,3.678045e-03,1.599669e-02,2.583711e-04,1.709981e-03,1.622449e-01,6.190276e-02,1.265608e-02,7.859034e-04,1.125485e-03,9.464664e-02,3.042231e-01
1.936050e-02,1.687376e-02,1.899249e-01,2.550341e-02,2.947242e-03,1.208550e-02,2.540411e-04,1.339587e-03,1.473767e-01,5.880913e-02,1.603251e-02,7.067403e-04,8.743657e-04,2.260507e-01,2.818609e-01
1.693807e-02,1.258313e-02,1.406019e-01,1.802422e-02,2.333918e-03,9.427523e-03,2.110712e-04,1.143445e-03,1.756536e-01,4.928331e-02,3.294749e-02,7.212666e-04,7.528822e-04,2.686034e-01,2.707747e-01
1.398795e-02,1.006584e-02,1.023799e-01,1.283236e-02,1.801301e-03,7.627612e-03,1.817344e-04,9.585120e-04,1.582528e-01,4.331085e-02,8.611268e-02,8.540534e-04,6.815792e-04,3.365672e-01,2.243857e-01
1.148539e-02,8.351459e-03,7.476851e-02,9.371880e-03,1.677127e-03,6.323479e-03,1.969282e-04,9.871842e-04,1.453645e-01,4.030373e-02,1.626763e-01,1.053138e-03,6.701144e-04,3.708656e-01,1.659047e-01
1.236798e-02,5.986325e-03,5.244366e-02,6.749289e-03,1.442195e-03,4.747102e-03,2.452745e-04,7.775963e-04,1.064102e-01,2.971384e-02,1.528247e-01,1.229494e-03,6.473078e-04,5.075632e-01,1.168518e-01
1.109001e-02,4.376770e-03,3.674469e-02,5.419546e-03,1.500147e-03,4.600037e-03,2.790460e-04,6.494741e-04,8.670743e-02,2.549497e-02,2.004195e-01,1.922672e-03,8.599219e-04,5.363781e-01,8.355756e-02
8.941734e-03,3.150450e-03,2.573522e-02,3.935756e-03,1.208078e-03,4.703427e-03,2.478477e-04,5.180189e-04,6.325343e-02,1.858642e-02,1.910124e-01,1.834051e-03,8.572311e-04,6.169810e-01,5.903490e-02
6.782519e-03,2.838155e-03,1.812622e-02,2.915509e-03,1.696609e-03,4.592043e-02,2.320838e-04,4.189312e-04,7.573201e-02,1.433745e-02,1.700046e-01,1.846169e-03,7.224142e-04,6.158659e-01,4.256090e-02
5.067910e-03,2.417305e-03,1.277859e-02,2.112352e-03,1.299553e-03,4.791669e-02,1.896704e-04,3.179125e-04,6.219238e-02,1.077727e-02,1.438445e-01,1.566329e-03,6.184526e-04,6.788883e-01,3.001277e-02
3.719701e-03,2.032514e-03,9.098127e-03,1.574183e-03,1.048864e-03,4.435310e-02,1.705456e-04,2.494502e-04,4.994356e-02,7.994360e-03,1.377037e-01,1.308051e-03,5.364385e-04,7.191031e-01,2.116426e-02
3.196636e-03,1.621225e-03,9.186283e-03,1.619237e-03,2.116056e-03,4.041218e-02,4.798513e-04,7.599299e-04,3.742459e-02,6.698343e-03,1.425673e-01,1.429452e-03,1.396983e-03,7.355863e-01,1.550562e-02
2.927896e-03,1.388982e-03,6.953906e-03,1.668026e-03,2.408415e-03,4.638124e-02,7.638843e-04,8.302197e-04,2.845644e-02,5.846049e-03,1.317305e-01,1.366382e-03,1.377906e-03,7.568476e-01,1.105253e-02
2.989929e-03,1.796677e-03,6.694645e-03,2.745805e-03,5.666806e-03,8.744501e-02,7.825316e-04,1.080099e-03,3.214087e-02,1.567872e-02,1.143829e-01,1.410881e-03,1.540517e-03,7.169135e-01,8.731089e-03
2.990770e-03,3.351848e-03,8.447044e-03,4.667233e-03,7.045430e-03,1.583960e-01,1.042540e-03,2.347163e-03,3.303216e-02,1.864964e-02,9.801856e-02,1.533350e-03,2.017395e-03,6.517619e-01,6.698965e-03
3.320646e-03,1.716189e-02,1.673699e-02,5.445364e-03,8.425719e-03,2.795987e-01,9.832229e-04,4.025064e-03,4.045920e-02,1.690496e-02,8.102011e-02,1.331879e-03,1.983667e-03,5.174400e-01,5.162559e-03
5.304023e-03,1.663871e-02,5.232549e-02,5.603404e-03,7.695955e-03,3.248287e-01,9.824288e-04,1.772767e-02,4.702929e-02,1.820241e-02,6.903572e-02,1.250378e-03,2.106319e-03,4.273817e-01,3.887743e-03
8.439708e-03,2.179188e-02,4.021288e-02,6.403642e-03,6.445548e-03,4.266504e-01,8.789232e-04,1.318432e-02,5.530941e-02,2.285698e-02,5.199571e-02,1.019232e-03,1.781614e-03,3.380367e-01,4.993105e-03
4.705518e-02,3.138186e-02,4.898483e-02,7.175118e-03,5.841612e-03,3.820095e-01,7.404581e-04,1.545238e-02,9.893771e-02,2.064415e-02,4.238056e-02,1.138366e-03,1.561026e-03,2.875133e-01,9.183984e-03
5.220121e-02,6.301497e-02,6.808582e-02,7.132750e-03,5.847869e-03,3.242749e-01,5.914757e-04,1.868111e-02,1.431619e-01,2.407029e-02,3.450354e-02,1.085172e-03,1.301950e-03,2.445971e-01,1.144993e-02
5.710106e-02,7.673708e-02,6.843697e-02,7.635099e-03,1.000198e-02,2.482549e-01,5.654657e-04,2.710861e-02,2.329080e-01,2.327697e-02,3.316447e-02,1.564685e-03,1.359190e-03,1.991422e-01,1.274333e-02
5.523555e-02,6.657725e-02,9.636272e-02,1.225968e-02,1.639643e-02,1.815039e-01,6.669520e-04,2.980297e-02,3.282426e-01,1.791303e-02,3.125386e-02,1.527338e-03,1.201515e-03,1.505616e-01,1.049464e-02
5.113636e-02,5.249783e-02,7.732921e-02,9.585172e-03,1.439772e-02,1.347274e-01,5.448316e-04,2.715060e-02,4.332278e-01,1.419200e-02,3.060627e-02,1.308179e-03,1.137497e-03,1.441901e-01,7.969121e-03
5.061669e-02,4.068068e-02,6.012889e-02,8.357169e-03,1.397834e-02,1.003146e-01,5.448558e-04,2.731527e-02,5.020270e-01,1.117622e-02,3.417426e-02,1.186253e-03,1.178218e-03,1.420660e-01,6.255551e-03
5.085644e-02,3.146347e-02,4.488295e-02,7.126221e-03,1.206987e-02,8.245559e-02,5.176571e-04,2.531522e-02,5.565457e-01,9.081526e-03,4.104370e-02,1.123670e-03,1.226268e-03,1.313057e-01,4.985961e-03
5.415373e-02,2.642626e-02,3.233715e-02,5.569024e-03,1.024934e-02,7.679494e-02,5.376969e-04,2.377979e-02,6.002249e-01,7.496937e-03,4.042830e-02,1.030491e-03,1.076357e-03,1.146173e-01,5.277836e-03
7.531373e-02,2.360417e-02,2.365754e-02,4.825215e-03,1.000975e-02,9.006317e-02,9.871318e-04,2.306167e-02,5.700925e-01,5.777984e-03,4.161961e-02,1.580987e-03,1.630088e-03,1.224315e-01,5.344921e-03
1.036518e-01,1.965691e-02,1.766885e-02,4.496009e-03,9.144492e-03,1.300247e-01,1.482407e-03,2.235472e-02,5.285378e-01,4.606038e-03,4.013834e-02,2.175651e-03,1.907409e-03,1.088765e-01,5.278430e-03
1.535408e-01,1.891207e-02,1.475475e-02,4.451927e-03,8.537997e-03,1.398344e-01,2.223354e-03,1.915632e-02,4.466554e-01,3.807348e-03,4.062136e-02,2.569383e-03,2.564140e-03,1.354914e-01,6.879469e-03
1.844737e-01,1.985587e-02,1.220599e-02,3.943095e-03,7.579963e-03,1.345384e-01,2.237800e-03,1.582510e-02,4.083500e-01,3.557790e-03,3.658186e-02,2.558571e-03,2.983525e-03,1.576309e-01,7.677545e-03
2.458878e-01,2.034172e-02,9.662837e-03,3.531265e-03,6.534716e-03,9.856359e-02,1.940958e-03,1.238328e-02,3.523012e-01,3.130144e-03,3.611083e-02,2.879997e-03,2.832426e-03,1.955046e-01,8.394741e-03
3.036531e-01,2.678577e-02,8.364128e-03,3.455732e-03,6.433566e-03,7.113011e-02,1.789841e-03,9.660517e-03,2.968064e-01,2.859477e-03,3.218958e-02,4.058737e-03,2.868788e-03,2.209682e-01,8.976212e-03
3.438678e-01,3.216056e-02,7.963844e-03,3.580969e-03,7.194168e-03,5.210059e-02,1.725791e-03,7.869916e-03,2.559197e-01,2.733111e-03,3.084501e-02,5.648195e-03,3.210252e-03,2.356002e-01,9.580014e-03
3.848991e-01,3.057880e-02,8.713337e-03,3.533946e-03,6.211949e-03,3.851391e-02,1.771891e-03,6.608964e-03,2.116642e-01,3.411809e-03,3.935963e-02,7.491893e-03,3.958843e-03,2.427308e-01,1.055093e-02
4.399794e-01,4.000680e-02,1.124728e-02,4.522131e-03,6.278418e-03,3.068623e-02,2.454904e-03,5.997157e-03,1.626927e-01,4.264969e-03,4.521735e-02,1.081490e-02,5.821884e-03,2.149280e-01,1.508790e-02
4.178361e-01,6.982943e-02,2.190156e-02,6.015314e-02,1.083559e-02,2.653165e-02,3.149871e-03,8.521948e-03,1.182394e-01,6.331223e-03,3.556791e-02,3.808884e-02,1.022944e-02,1.538467e-01,1.893722e-02
4.193214e-01,7.489616e-02,2.362220e-02,7.129455e-02,1.095249e-02,2.521217e-02,3.139256e-03,1.040138e-02,8.788174e-02,7.324767e-03,4.498607e-02,6.223217e-02,2.552292e-02,1.110047e-01,2.220805e-02
3.580653e-01,6.283807e-02,2.239188e-02,9.955892e-02,1.013367e-02,2.083186e-02,2.677708e-03,9.341376e-03,6.955492e-02,1.120793e-02,8.136320e-02,1.233840e-01,2.695438e-02,8.027403e-02,2.142276e-02
3.213050e-01,7.111011e-02,1.962743e-02,1.158141e-01,9.762747e-03,1.793576e-02,2.276527e-03,7.727509e-03,6.981898e-02,2.422595e-02,1.144416e-01,1.160413e-01,2.315978e-02,6.068896e-02,2.606433e-02
2.835424e-01,7.676832e-02,1.753016e-02,1.125217e-01,1.061896e-02,1.545478e-02,1.928469e-03,7.407913e-03,1.216021e-01,2.202053e-02,1.410562e-01,9.854940e-02,2.013831e-02,4.554085e-02,2.532002e-02
2.260285e-01,8.802207e-02,2.449762e-02,1.527476e-01,1.115853e-02,1.752747e-02,1.571311e-03,7.069236e-03,1.277958e-01,2.992962e-02,1.522398e-01,7.928272e-02,1.820265e-02,3.688264e-02,2.704434e-02
1.977917e-01,8.791468e-02,2.273496e-02,1.478087e-01,1.851250e-02,1.557389e-02,1.877853e-03,1.096558e-02,1.844181e-01,2.417855e-02,1.628295e-01,5.893223e-02,1.668506e-02,2.845954e-02,2.131717e-02
1.753488e-01,9.168734e-02,3.016414e-02,1.335714e-01,2.271966e-02,1.304122e-02,2.391125e-03,2.916043e-02,2.280243e-01,1.908487e-02,1.561853e-01,4.323080e-02,1.462216e-02,2.451000e-02,1.625839e-02
1.254003e-01,8.574280e-02,3.821281e-02,2.964127e-01,1.805550e-02,1.021680e-02,1.870249e-03,2.234413e-02,2.003014e-01,1.484900e-02,1.149066e-01,3.078227e-02,1.117195e-02,1.743593e-02,1.229762e-02
9.359702e-02,6.801862e-02,3.622511e-02,4.360629e-01,1.326369e-02,8.768687e-03,1.341460e-03,1.639149e-02,1.651813e-01,1.141716e-02,9.688858e-02,2.198656e-02,8.959613e-03,1.266044e-02,9.237302e-03
1.050556e-01,6.767043e-02,4.101724e-02,3.595616e-01,1.248491e-02,1.730492e-02,1.066392e-03,1.322733e-02,1.515266e-01,1.181860e-02,1.616129e-01,2.297238e-02,1.639954e-02,1.022356e-02,8.057955e-03
7.713906e-02,1.284899e-01,4.130163e-02,2.633552e-01,1.724890e-02,1.268259e-02,1.429124e-03,1.110558e-02,2.302923e-01,9.560650e-03,1.579596e-01,1.752264e-02,1.817544e-02,7.362082e-03,6.375303e-03
5.844463e-02,9.728010e-02,3.100381e-02,1.873469e-01,7.125067e-02,1.014512e-02,6.709809e-02,1.440430e-02,2.829813e-01,9.630969e-03,1.265386e-01,1.268051e-02,1.937021e-02,5.501704e-03,6.323024e-03
4.346692e-02,7.213546e-02,2.540434e-02,3.807895e-01,6.070296e-02,8.128450e-03,4.786861e-02,1.326906e-02,2.174584e-01,6.967235e-03,9.187735e-02,8.986077e-03,1.412272e-02,3.935182e-03,4.887754e-03
3.321086e-02,5.148697e-02,2.679010e-02,4.786576e-01,4.531463e-02,7.066431e-03,3.380209e-02,9.451365e-03,1.558697e-01,5.982902e-03,1.241771e-01,6.639496e-03,1.351009e-02,3.136047e-03,4.904597e-03
