1.000000e+00,0.000000e+00,0.000000e+00,0.000000e+00,0.000000e+00,0.000000e+00,0.000000e+00,0.000000e+00,0.000000e+00,0.000000e+00,0.000000e+00,0.000000e+00,0.000000e+00,0.000000e+00,0.000000e+00
1.000000e+00,0.000000e+00,0.000000e+00,0.000000e+00,0.000000e+00,0.000000e+00,0.000000e+00,0.000000e+00,0.000000e+00,0.000000e+00,0.000000e+00,0.000000e+00,0.000000e+00,0.000000e+00,0.000000e+00
1.000000e+00,0.000000e+00,0.000000e+00,0.000000e+00,0.000000e+00,0.000000e+00,0.000000e+00,0.000000e+00,0.000000e+00,0.000000e+00,0.000000e+00,0.000000e+00,0.000000e+00,0.000000e+00,0.000000e+00
1.000000e+00,0.000000e+00,0.000000e+00,0.000000e+00,0.000000e+00,0.000000e+00,0.000000e+00,0.000000e+00,0.000000e+00,0.000000e+00,0.000000e+00,0.000000e+00,0.000000e+00,0.000000e+00,0.000000e+00
1.000000e+00,0.000000e+00,0.000000e+00,0.000000e+00,0.000000e+00,0.000000e+00,0.000000e+00,0.000000e+00,0.000000e+00,0.000000e+00,0.000000e+00,0.000000e+00,0.000000e+00,0.000000e+00,0.000000e+00
1.000000e+00,0.000000e+00,0.000000e+00,0.000000e+00,0.000000e+00,0.000000e+00,0.000000e+00,0.000000e+00,0.000000e+00,0.000000e+00,0.000000e+00,0.000000e+00,0.000000e+00,0.000000e+00,0.000000e+00
1.000000e+00,0.000000e+00,0.000000e+00,0.000000e+00,0.000000e+00,0.000000e+00,0.000000e+00,0.000000e+00,0.000000e+00,0.000000e+00,0.000000e+00,0.000000e+00,0.000000e+00,0.000000e+00,0.000000e+00
1.000000e+00,0.000000e+00,0.000000e+00,0.000000e+00,0.000000e+00,0.000000e+00,0.000000e+00,0.000000e+00,0.000000e+00,0.000000e+00,0.000000e+00,0.000000e+00,0.000000e+00,0.000000e+00,0.000000e+00
1.000000e+00,0.000000e+00,0.000000e+00,0.000000e+00,0.000000e+00,0.000000e+00,0.000000e+00,0.000000e+00,0.000000e+00,0.000000e+00,0.000000e+00,0.000000e+00,0.000000e+00,0.000000e+00,0.000000e+00
1.000000e+00,0.000000e+00,0.000000e+00,0.000000e+00,0.000000e+00,0.000000e+00,0.000000e+00,0.000000e+00,0.000000e+00,0.000000e+00,0.000000e+00,0.000000e+00,0.000000e+00,0.000000e+00,0.000000e+00
1.000000e+00,0.000000e+00,0.000000e+00,0.000000e+00,0.000000e+00,0.000000e+00,0.000000e+00,0.000000e+00,0.000000e+00,0.000000e+00,0.000000e+00,0.000000e+00,0.000000e+00,0.000000e+00,0.000000e+00
1.000000e+00,0.000000e+00,0.000000e+00,0.000000e+00,0.000000e+00,0.000000e+00,0.000000e+00,0.000000e+00,0.000000e+00,0.000000e+00,0.000000e+00,0.000000e+00,0.000000e+00,0.000000e+00,0.000000e+00
1.000000e+00,0.000000e+00,0.000000e+00,0.000000e+00,0.000000e+00,0.000000e+00,0.000000e+00,0.000000e+00,0.000000e+00,0.000000e+00,0.000000e+00,0.000000e+00,0.000000e+00,0.000000e+00,0.000000e+00
1.000000e+00,0.000000e+00,0.000000e+00,0.000000e+00,0.000000e+00,0.000000e+00,0.000000e+00,0.000000e+00,0.000000e+00,0.000000e+00,0.000000e+00,0.000000e+00,0.000000e+00,0.000000e+00,0.000000e+00
1.000000e+00,0.000000e+00,0.000000e+00,0.000000e+00,0.000000e+00,0.000000e+00,0.000000e+00,0.000000e+00,0.000000e+00,0.000000e+00,0.000000e+00,0.000000e+00,0.000000e+00,0.000000e+00,0.000000e+00
4.795498e-01,5.347299e-02,7.619925e-02,1.083132e-01,1.287966e-02,1.707055e-02,4.727180e-03,1.451662e-02,1.508813e-02,7.263151e-03,3.166820e-02,4.636379e-02,3.157003e-02,1.294873e-02,8.836874e-02
4.668951e-01,5.657004e-02,6.621814e-02,1.082390e-01,1.339578e-02,1.622397e-02,4.443051e-03,1.317781e-02,1.840919e-02,7.331188e-03,3.112941e-02,4.190877e-02,3.436171e-02,1.473428e-02,1.069626e-01
1.000000e+00,0.000000e+00,0.000000e+00,0.000000e+00,0.000000e+00,0.000000e+00,0.000000e+00,0.000000e+00,0.000000e+00,0.000000e+00,0.000000e+00,0.000000e+00,0.000000e+00,0.000000e+00,0.000000e+00
1.000000e+00,0.000000e+00,0.000000e+00,0.000000e+00,0.000000e+00,0.000000e+00,0.000000e+00,0.000000e+00,0.000000e+00,0.000000e+00,0.000000e+00,0.000000e+00,0.000000e+00,0.000000e+00,0.000000e+00
1.000000e+00,0.000000e+00,0.000000e+00,0.000000e+00,0.000000e+00,0.000000e+00,0.000000e+00,0.000000e+00,0.000000e+00,0.000000e+00,0.000000e+00,0.000000e+00,0.000000e+00,0.000000e+00,0.000000e+00
1.000000e+00,0.000000e+00,0.000000e+00,0.000000e+00,0.000000e+00,0.000000e+00,0.000000e+00,0.000000e+00,0.000000e+00,0.000000e+00,0.000000e+00,0.000000e+00,0.000000e+00,0.000000e+00,0.000000e+00
1.000000e+00,0.000000e+00,0.000000e+00,0.000000e+00,0.000000e+00,0.000000e+00,0.000000e+00,0.000000e+00,0.000000e+00,0.000000e+00,0.000000e+00,0.000000e+00,0.000000e+00,0.000000e+00,0.000000e+00
1.000000e+00,0.000000e+00,0.000000e+00,0.000000e+00,0.000000e+00,0.000000e+00,0.000000e+00,0.000000e+00,0.000000e+00,0.000000e+00,0.000000e+00,0.000000e+00,0.000000e+00,0.000000e+00,0.000000e+00
1.000000e+00,0.000000e+00,0.000000e+00,0.000000e+00,0.000000e+00,0.000000e+00,0.000000e+00,0.000000e+00,0.000000e+00,0.000000e+00,0.000000e+00,0.000000e+00,0.000000e+00,0.000000e+00,0.000000e+00
1.000000e+00,0.000000e+00,0.000000e+00,0.000000e+00,0.000000e+00,0.000000e+00,0.000000e+00,0.000000e+00,0.000000e+00,0.000000e+00,0.000000e+00,0.000000e+00,0.000000e+00,0.000000e+00,0.000000e+00
1.000000e+00,0.000000e+00,0.000000e+00,0.000000e+00,0.000000e+00,0.000000e+00,0.000000e+00,0.000000e+00,0.000000e+00,0.000000e+00,0.000000e+00,0.000000e+00,0.000000e+00,0.000000e+00,0.000000e+00
1.000000e+00,0.000000e+00,0.000000e+00,0.000000e+00,0.000000e+00,0.000000e+00,0.000000e+00,0.000000e+00,0.000000e+00,0.000000e+00,0.000000e+00,0.000000e+00,0.000000e+00,0.000000e+00,0.000000e+00
1.000000e+00,0.000000e+00,0.000000e+00,0.000000e+00,0.000000e+00,0.000000e+00,0.000000e+00,0.000000e+00,0.000000e+00,0.000000e+00,0.000000e+00,0.000000e+00,0.000000e+00,0.000000e+00,0.000000e+00
1.000000e+00,0.000000e+00,0.000000e+00,0.000000e+00,0.000000e+00,0.000000e+00,0.000000e+00,0.000000e+00,0.000000e+00,0.000000e+00,0.000000e+00,0.000000e+00,0.000000e+00,0.000000e+00,0.000000e+00
1.000000e+00,0.000000e+00,0.000000e+00,0.000000e+00,0.000000e+00,0.000000e+00,0.000000e+00,0.000000e+00,0.000000e+00,0.000000e+00,0.000000e+00,0.000000e+00,0.000000e+00,0.000000e+00,0.000000e+00
1.000000e+00,0.000000e+00,0.000000e+00,0.000000e+00,0.000000e+00,0.000000e+00,0.000000e+00,0.000000e+00,0.000000e+00,0.000000e+00,0.000000e+00,0.000000e+00,0.000000e+00,0.000000e+00,0.000000e+00
1.000000e+00,0.000000e+00,0.000000e+00,0.000000e+00,0.000000e+00,0.000000e+00,0.000000e+00,0.000000e+00,0.000000e+00,0.000000e+00,0.000000e+00,0.000000e+00,0.000000e+00,0.000000e+00,0.000000e+00
1.000000e+00,0.000000e+00,0.000000e+00,0.000000e+00,0.000000e+00,0.000000e+00,0.000000e+00,0.000000e+00,0.000000e+00,0.000000e+00,0.000000e+00,0.000000e+00,0.000000e+00,0.000000e+00,0.000000e+00
1.000000e+00,0.000000e+00,0.000000e+00,0.000000e+00,0.000000e+00,0.000000e+00,0.000000e+00,0.000000e+00,0.000000e+00,0.000000e+00,0.000000e+00,0.000000e+00,0.000000e+00,0.000000e+00,0.000000e+00
1.000000e+00,0.000000e+00,0.000000e+00,0.000000e+00,0.000000e+00,0.000000e+00,0.000000e+00,0.000000e+00,0.000000e+00,0.000000e+00,0.000000e+00,0.000000e+00,0.000000e+00,0.000000e+00,0.000000e+00
1.000000e+00,0.000000e+00,0.000000e+00,0.000000e+00,0.000000e+00,0.000000e+00,0.000000e+00,0.000000e+00,0.000000e+00,0.000000e+00,0.000000e+00,0.000000e+00,0.000000e+00,0.000000e+00,0.000000e+00
1.000000e+00,0.000000e+00,0.000000e+00,0.000000e+00,0.000000e+00,0.000000e+00,0.000000e+00,0.000000e+00,0.000000e+00,0.000000e+00,0.000000e+00,0.000000e+00,0.000000e+00,0.000000e+00,0.000000e+00
1.000000e+00,0.000000e+00,0.000000e+00,0.000000e+00,0.000000e+00,0.000000e+00,0.000000e+00,0.000000e+00,0.000000e+00,0.000000e+00,0.000000e+00,0.000000e+00,0.000000e+00,0.000000e+00,0.000000e+00
1.000000e+00,0.000000e+00,0.000000e+00,0.000000e+00,0.000000e+00,0.000000e+00,0.000000e+00,0.000000e+00,0.000000e+00,0.000000e+00,0.000000e+00,0.000000e+00,0.000000e+00,0.000000e+00,0.000000e+00
1.000000e+00,0.000000e+00,0.000000e+00,0.000000e+00,0.000000e+00,0.000000e+00,0.000000e+00,0.000000e+00,0.000000e+00,0.000000e+00,0.000000e+00,0.000000e+00,0.000000e+00,0.000000e+00,0.000000e+00
1.000000e+00,0.000000e+00,0.000000e+00,0.000000e+00,0.000000e+00,0.000000e+00,0.000000e+00,0.000000e+00,0.000000e+00,0.000000e+00,0.000000e+00,0.000000e+00,0.000000e+00,0.000000e+00,0.000000e+00
1.000000e+00,0.000000e+00,0.000000e+00,0.000000e+00,0.000000e+00,0.000000e+00,0.000000e+00,0.000000e+00,0.000000e+00,0.000000e+00,0.000000e+00,0.000000e+00,0.000000e+00,0.000000e+00,0.000000e+00
1.000000e+00,0.000000e+00,0.000000e+00,0.000000e+00,0.000000e+00,0.000000e+00,0.000000e+00,0.000000e+00,0.000000e+00,0.000000e+00,0.000000e+00,0.000000e+00,0.000000e+00,0.000000e+00,0.000000e+00
1.000000e+00,0.000000e+00,0.000000e+00,0.000000e+00,0.000000e+00,0.000000e+00,0.000000e+00,0.000000e+00,0.000000e+00,0.000000e+00,0.000000e+00,0.000000e+00,0.000000e+00,0.000000e+00,0.000000e+00
1.000000e+00,0.000000e+00,0.000000e+00,0.000000e+00,0.000000e+00,0.000000e+00,0.000000e+00,0.000000e+00,0.000000e+00,0.000000e+00,0.000000e+00,0.000000e+00,0.000000e+00,0.000000e+00,0.000000e+00
1.000000e+00,0.000000e+00,0.000000e+00,0.000000e+00,0.000000e+00,0.000000e+00,0.000000e+00,0.000000e+00,0.000000e+00,0.000000e+00,0.000000e+00,0.000000e+00,0.000000e+00,0.000000e+00,0.000000e+00
1.000000e+00,0.000000e+00,0.000000e+00,0.000000e+00,0.000000e+00,0.000000e+00,0.000000e+00,0.000000e+00,0.000000e+00,0.000000e+00,0.000000e+00,0.000000e+00,0.000000e+00,0.000000e+00,0.000000e+00
1.000000e+00,0.000000e+00,0.000000e+00,0.000000e+00,0.000000e+00,0.000000e+00,0.000000e+00,0.000000e+00,0.000000e+00,0.000000e+00,0.000000e+00,0.000000e+00,0.000000e+00,0.000000e+00,0.000000e+00
1.000000e+00,0.000000e+00,0.000000e+00,0.000000e+00,0.000000e+00,0.000000e+00,0.000000e+00,0.000000e+00,0.000000e+00,0.000000e+00,0.000000e+00,0.000000e+00,0.000000e+00,0.000000e+00,0.000000e+00
1.000000e+00,0.000000e+00,0.000000e+00,0.000000e+00,0.000000e+00,0.000000e+00,0.000000e+00,0.000000e+00,0.000000e+00,0.000000e+00,0.000000e+00,0.000000e+00,0.000000e+00,0.000000e+00,0.000000e+00
1.000000e+00,0.000000e+00,0.000000e+00,0.000000e+00,0.000000e+00,0.000000e+00,0.000000e+00,0.000000e+00,0.000000e+00,0.000000e+00,0.000000e+00,0.000000e+00,0.000000e+00,0.000000e+00,0.000000e+00
1.000000e+00,0.000000e+00,0.000000e+00,0.000000e+00,0.000000e+00,0.000000e+00,0.000000e+00,0.000000e+00,0.000000e+00,0.000000e+00,0.000000e+00,0.000000e+00,0.000000e+00,0.000000e+00,0.000000e+00
1.000000e+00,0.000000e+00,0.000000e+00,0.000000e+00,0.000000e+00,0.000000e+00,0.000000e+00,0.000000e+00,0.000000e+00,0.000000e+00,0.000000e+00,0.000000e+00,0.000000e+00,0.000000e+00,0.000000e+00
1.000000e+00,0.000000e+00,0.000000e+00,0.000000e+00,0.000000e+00,0.000000e+00,0.000000e+00,0.000000e+00,0.000000e+00,0.000000e+00,0.000000e+00,0.000000e+00,0.000000e+00,0.000000e+00,0.000000e+00
1.000000e+00,0.000000e+00,0.000000e+00,0.000000e+00,0.000000e+00,0.000000e+00,0.000000e+00,0.000000e+00,0.000000e+00,0.000000e+00,0.000000e+00,0.000000e+00,0.000000e+00,0.000000e+00,0.000000e+00
1.000000e+00,0.000000e+00,0.000000e+00,0.000000e+00,0.000000e+00,0.000000e+00,0.000000e+00,0.000000e+00,0.000000e+00,0.000000e+00,0.000000e+00,0.000000e+00,0.000000e+00,0.000000e+00,0.000000e+00
1.000000e+00,0.000000e+00,0.000000e+00,0.000000e+00,0.000000e+00,0.000000e+00,0.000000e+00,0.000000e+00,0.000000e+00,0.000000e+00,0.000000e+00,0.000000e+00,0.000000e+00,0.000000e+00,0.000000e+00
1.000000e+00,0.000000e+00,0.000000e+00,0.000000e+00,0.000000e+00,0.000000e+00,0.000000e+00,0.000000e+00,0.000000e+00,0.000000e+00,0.000000e+00,0.000000e+00,0.000000e+00,0.000000e+00,0.000000e+00
1.000000e+00,0.000000e+00,0.000000e+00,0.000000e+00,0.000000e+00,0.000000e+00,0.000000e+00,0.000000e+00,0.000000e+00,0.000000e+00,0.000000e+00,0.000000e+00,0.000000e+00,0.000000e+00,0.000000e+00
1.000000e+00,0.000000e+00,0.000000e+00,0.000000e+00,0.000000e+00,0.000000e+00,0.000000e+00,0.000000e+00,0.000000e+00,0.000000e+00,0.000000e+00,0.000000e+00,0.000000e+00,0.000000e+00,0.000000e+00
1.000000e+00,0.000000e+00,0.000000e+00,0.000000e+00,0.000000e+00,0.000000e+00,0.000000e+00,0.000000e+00,0.000000e+00,0.000000e+00,0.000000e+00,0.000000e+00,0.000000e+00,0.000000e+00,0.000000e+00
1.000000e+00,0.000000e+00,0.000000e+00,0.000000e+00,0.000000e+00,0.000000e+00,0.000000e+00,0.000000e+00,0.000000e+00,0.000000e+00,0.000000e+00,0.000000e+00,0.000000e+00,0.000000e+00,0.000000e+00
4.140855e-01,9.817909e-03,3.139056e-02,3.178500e-02,6.736547e-03,1.873244e-02,2.475150e-02,4.114996e-01,2.594967e-03,7.666952e-04,6.605383e-03,1.557154e-02,1.418167e-02,2.622309e-03,8.858354e-03
3.311097e-01,7.829455e-03,2.661943e-02,2.589941e-02,6.361668e-03,2.424541e-02,4.181409e-02,4.921154e-01,2.123801e-03,7.117530e-04,5.434924e-03,1.225861e-02,1.384678e-02,2.699045e-03,6.930534e-03
4.009060e-01,7.839072e-03,2.052875e-02,2.178251e-02,1.253882e-02,3.838733e-02,4.235922e-02,4.053640e-01,1.982708e-03,1.042598e-03,5.796600e-03,1.427146e-02,1.687054e-02,3.401318e-03,6.929014e-03
3.125410e-01,5.765563e-03,1.520378e-02,2.583754e-02,1.043533e-02,3.391653e-02,3.399696e-02,3.032294e-01,5.266283e-03,1.629391e-03,6.799427e-02,4.298331e-02,1.288868e-01,5.081749e-03,7.232144e-03
2.309769e-01,4.935445e-03,1.247250e-02,4.272465e-02,7.983430e-03,3.059893e-02,2.511382e-02,2.215192e-01,6.712149e-03,6.533246e-03,1.224560e-01,5.876634e-02,2.142381e-01,5.447490e-03,9.521754e-03
2.460544e-01,5.780516e-03,9.727978e-03,5.374686e-02,1.071777e-02,2.720446e-02,1.973684e-02,1.560422e-01,1.631702e-02,1.262854e-02,1.061407e-01,5.394569e-02,2.221811e-01,1.833016e-02,4.144584e-02
1.991352e-01,5.802581e-03,7.880594e-03,6.495923e-02,1.036709e-02,2.514260e-02,1.457034e-02,1.099563e-01,2.127134e-02,1.556297e-02,9.560311e-02,5.166734e-02,3.208996e-01,2.111109e-02,3.607063e-02
1.396380e-01,4.415301e-03,5.867152e-03,5.153000e-02,7.574274e-03,2.611588e-02,1.028027e-02,7.716579e-02,1.643166e-02,1.147810e-02,7.118823e-02,4.664560e-02,4.899735e-01,1.562745e-02,2.606880e-02
9.808452e-02,3.489344e-03,4.535972e-03,4.004407e-02,6.978472e-03,2.671251e-02,8.345798e-03,5.427440e-02,1.508561e-02,1.188197e-02,5.412763e-02,1.054869e-01,5.364858e-01,1.386829e-02,2.059872e-02
6.883677e-02,2.622100e-03,3.598467e-03,2.916355e-02,6.238296e-03,2.211517e-02,6.120550e-03,3.814573e-02,1.424839e-02,1.398995e-02,4.200622e-02,2.079550e-01,5.133656e-01,1.311802e-02,1.847623e-02
4.839978e-02,1.991961e-03,2.846329e-03,2.114042e-02,5.528948e-03,2.235871e-02,4.759286e-03,2.679537e-02,1.270660e-02,1.455044e-02,3.669545e-02,3.924742e-01,3.863072e-01,9.891518e-03,1.355375e-02
3.461886e-02,2.298292e-03,6.460296e-03,1.497892e-02,7.054070e-03,1.656394e-02,3.651671e-03,1.890951e-02,1.169782e-02,2.838962e-02,3.805815e-02,4.177163e-01,3.807778e-01,8.634045e-03,1.019063e-02
2.489378e-02,2.017451e-03,5.021682e-03,1.059940e-02,5.632068e-03,1.203334e-02,2.660585e-03,1.336242e-02,1.084780e-02,4.188588e-02,3.786368e-02,5.292923e-01,2.881700e-01,8.300776e-03,7.418788e-03
1.881309e-02,1.824800e-03,3.933202e-03,7.524862e-03,4.520876e-03,8.760962e-03,1.967768e-03,9.574424e-03,1.071072e-02,9.676048e-02,4.757087e-02,5.581060e-01,2.144978e-01,9.948950e-03,5.485170e-03
1.560059e-02,1.558465e-03,3.133392e-03,5.440590e-03,3.698280e-03,6.449912e-03,1.434570e-03,7.107832e-03,1.308475e-02,1.166027e-01,5.724204e-02,5.906451e-01,1.587149e-01,1.511585e-02,4.170989e-03
2.858696e-02,1.762442e-03,2.554991e-03,5.642253e-03,3.695964e-03,5.359160e-03,1.084371e-03,5.477690e-03,1.639232e-02,1.590261e-01,1.048258e-01,5.179062e-01,1.173694e-01,2.642450e-02,3.891923e-03
3.543648e-02,2.419564e-03,2.340407e-03,6.805928e-03,5.246075e-03,4.200169e-03,8.178693e-04,4.477833e-03,2.493716e-02,2.143157e-01,1.195770e-01,4.607034e-01,8.585693e-02,2.955335e-02,3.312032e-03
2.992632e-02,2.999553e-03,3.068635e-03,5.621164e-03,5.665476e-03,3.116552e-03,6.311849e-04,4.329309e-03,6.850528e-02,1.850904e-01,1.593747e-01,4.366610e-01,6.202371e-02,3.006903e-02,2.917712e-03
2.608105e-02,2.735416e-03,3.033197e-03,4.461963e-03,5.447615e-03,2.761123e-03,4.865471e-04,3.731539e-03,1.348965e-01,1.567478e-01,1.755948e-01,3.783582e-01,4.535931e-02,5.778413e-02,2.520707e-03
2.320045e-02,2.675592e-03,2.686163e-03,3.530986e-03,5.081319e-03,2.583879e-03,3.867114e-04,3.553897e-03,1.548521e-01,1.291916e-01,2.420739e-01,3.148285e-01,3.323202e-02,7.960224e-02,2.520563e-03
2.415844e-02,2.776298e-03,2.529334e-03,2.811076e-03,4.205250e-03,2.614778e-03,2.963225e-04,3.183607e-03,1.234713e-01,9.664851e-02,3.318679e-01,2.439753e-01,2.519028e-02,1.339519e-01,2.319657e-03
1.902216e-02,4.347187e-03,2.864236e-03,2.133409e-03,3.628938e-03,2.048519e-03,2.173066e-04,2.532647e-03,1.227421e-01,7.111782e-02,3.294629e-01,1.881796e-01,1.849508e-02,2.311964e-01,2.011719e-03
1.860780e-02,4.663688e-03,2.730453e-03,1.751551e-03,2.922183e-03,1.878361e-03,1.712594e-04,2.332225e-03,1.795113e-01,5.178835e-02,2.953643e-01,1.506833e-01,1.380038e-02,2.721260e-01,1.668885e-03
1.550336e-02,4.172531e-03,2.746952e-03,1.330875e-03,2.538324e-03,1.708271e-03,1.249270e-04,1.797975e-03,2.355213e-01,3.668638e-02,2.749006e-01,1.118424e-01,1.007317e-02,2.996988e-01,1.354172e-03
1.475551e-02,3.452025e-03,2.304576e-03,1.050754e-03,2.198793e-03,1.949270e-03,9.459790e-05,1.371768e-03,3.325802e-01,2.603771e-02,2.405108e-01,8.345195e-02,7.592793e-03,2.815438e-01,1.105470e-03
1.143956e-02,8.149769e-03,5.979693e-03,8.060861e-04,1.811733e-03,3.009878e-03,6.858276e-05,1.058998e-03,3.786088e-01,1.854964e-02,1.901287e-01,5.867719e-02,5.357143e-03,3.137143e-01,2.639835e-03
1.440880e-02,9.238351e-03,9.149654e-03,6.557147e-04,1.635958e-03,2.939957e-03,5.301950e-05,7.757840e-04,4.061725e-01,1.333583e-02,1.543898e-01,4.114028e-02,3.780388e-03,3.292741e-01,1.304989e-02
1.349599e-02,7.266968e-03,8.914501e-03,5.244470e-04,1.299534e-03,3.339470e-03,3.913272e-05,7.072137e-04,4.048015e-01,9.567605e-03,1.695126e-01,2.886194e-02,2.688437e-03,3.363451e-01,1.263555e-02
1.860732e-02,5.507976e-03,1.572010e-02,1.191272e-03,1.562859e-03,3.341652e-02,1.073330e-04,4.111357e-03,3.519419e-01,8.308701e-03,2.150512e-01,2.034341e-02,2.017243e-03,3.117273e-01,1.038550e-02
2.616726e-02,4.181176e-03,1.586108e-02,1.752055e-03,1.796296e-03,3.727496e-02,1.454602e-04,5.159595e-03,3.041451e-01,6.722580e-03,3.152159e-01,1.437025e-02,1.551940e-03,2.570784e-01,8.577898e-03
2.428492e-02,3.157046e-03,1.246281e-02,1.309494e-03,1.857233e-03,2.802755e-02,1.154947e-04,4.125200e-03,2.639205e-01,4.916322e-03,3.476104e-01,1.010743e-02,1.148697e-03,2.903206e-01,6.636194e-03
2.228305e-02,2.348172e-03,1.006200e-02,1.016577e-03,1.623526e-03,2.352094e-02,9.203202e-05,3.346925e-03,2.108432e-01,3.551649e-03,3.165962e-01,7.109597e-03,8.541117e-04,3.917264e-01,5.025600e-03
2.959086e-02,2.471856e-03,1.540236e-01,1.695739e-02,2.449289e-03,2.420837e-02,1.112692e-04,5.063142e-03,1.549345e-01,2.694790e-03,2.484643e-01,5.074356e-03,6.982994e-04,3.468524e-01,6.405621e-03
3.719337e-02,2.433949e-03,1.913270e-01,1.680149e-02,6.573769e-03,1.963608e-02,2.203163e-04,1.212612e-02,1.333778e-01,2.179017e-03,1.955238e-01,3.648540e-03,5.830337e-04,3.735834e-01,4.792384e-03
7.655308e-02,2.464661e-03,2.209841e-01,5.287375e-02,7.068251e-03,1.899096e-02,2.129928e-04,2.130319e-02,1.089128e-01,3.221826e-03,1.539291e-01,4.488684e-03,1.948816e-03,3.141433e-01,1.290448e-02
8.989176e-02,2.708956e-03,2.382952e-01,8.329222e-02,7.114029e-03,2.004633e-02,2.242694e-04,2.229916e-02,8.708505e-02,3.592461e-03,1.245028e-01,4.011659e-03,2.252821e-03,2.912854e-01,2.339786e-02
1.119779e-01,3.028323e-03,2.326830e-01,8.869117e-02,6.798327e-03,1.718686e-02,2.228443e-04,2.264536e-02,7.651235e-02,8.235471e-03,1.041997e-01,3.880360e-03,2.776359e-03,2.802010e-01,4.096105e-02
9.242555e-02,5.939079e-03,1.957058e-01,2.311545e-01,1.088231e-02,1.309190e-02,2.627587e-04,2.955502e-02,7.411176e-02,9.129493e-03,7.684678e-02,3.319779e-03,2.583702e-03,2.151684e-01,3.982322e-02
9.041429e-02,5.630721e-03,1.550527e-01,3.368237e-01,1.148700e-02,1.153400e-02,3.071633e-04,3.780957e-02,6.619328e-02,7.945415e-03,6.581146e-02,3.036714e-03,3.115581e-03,1.712214e-01,3.361690e-02
1.134872e-01,7.226788e-03,1.428593e-01,3.395535e-01,1.438794e-02,1.069243e-02,3.706304e-04,3.945866e-02,8.096718e-02,8.294378e-03,5.538651e-02,2.620646e-03,2.880167e-03,1.398468e-01,4.196774e-02
2.004546e-01,6.766864e-03,1.197059e-01,3.193371e-01,1.417879e-02,1.137376e-02,6.382348e-04,4.273041e-02,9.031595e-02,6.736925e-03,4.324619e-02,2.259028e-03,2.426918e-03,1.092722e-01,3.055713e-02
2.858732e-01,6.279372e-03,9.749152e-02,2.805561e-01,1.304223e-02,1.183693e-02,8.506426e-04,3.844131e-02,1.185526e-01,5.285720e-03,3.365250e-02,2.050089e-03,2.149821e-03,8.133130e-02,2.260666e-02
3.287420e-01,6.588421e-03,7.727797e-02,2.966093e-01,1.335842e-02,1.192233e-02,1.120563e-03,3.124150e-02,1.217925e-01,4.369925e-03,2.606202e-02,2.040338e-03,2.120685e-03,5.990375e-02,1.685026e-02
3.465361e-01,1.324958e-02,6.044553e-02,2.846456e-01,1.548585e-02,1.278106e-02,1.033961e-03,2.288009e-02,1.050333e-01,7.908029e-03,2.679055e-02,4.828013e-03,7.777149e-03,4.706653e-02,4.353860e-02
2.449903e-01,1.118887e-02,4.569416e-02,2.030018e-01,1.130680e-02,9.409891e-03,7.474692e-04,1.608355e-02,1.090774e-01,2.254442e-02,2.047025e-02,3.498139e-03,5.824888e-03,4.856375e-02,2.475984e-01
1.724984e-01,9.697068e-03,3.811238e-02,1.473223e-01,8.385597e-03,6.810315e-03,5.556927e-04,1.128312e-02,1.659069e-01,2.637958e-02,1.665183e-02,2.633913e-03,4.507206e-03,5.031708e-02,3.389387e-01
1.209337e-01,7.372833e-03,2.733998e-02,1.032288e-01,6.038239e-03,4.943769e-03,4.170325e-04,7.907515e-03,1.422785e-01,3.057751e-02,1.286716e-02,1.870509e-03,3.264712e-03,7.401215e-02,4.569476e-01
8.495756e-02,6.522423e-03,2.014421e-02,7.272644e-02,4.654264e-03,3.779123e-03,3.575814e-04,5.555324e-03,1.503240e-01,2.590039e-02,9.306883e-03,1.635183e-03,2.564885e-03,6.579316e-02,5.457786e-01
5.982435e-02,4.696182e-03,1.418774e-02,5.094298e-02,3.293566e-03,2.687052e-03,2.673817e-04,3.893810e-03,1.086275e-01,2.543176e-02,8.218587e-03,1.555620e-03,1.854647e-03,1.914534e-01,5.230654e-01
4.235119e-02,3.387726e-03,9.973135e-03,3.569305e-02,2.328520e-03,1.920243e-03,2.025562e-04,2.729414e-03,8.107595e-02,4.746095e-02,8.310816e-03,1.947196e-03,2.273338e-03,3.186787e-01,4.416672e-01
2.999797e-02,2.445009e-03,7.020817e-03,2.499047e-02,1.653966e-03,1.377373e-03,1.438582e-04,1.912911e-03,5.797629e-02,4.503052e-02,7.502457e-03,1.469195e-03,1.810901e-03,4.760417e-01,3.406265e-01
2.111942e-02,1.800753e-03,4.986379e-03,1.750092e-02,1.173622e-03,1.015068e-03,1.042154e-04,1.341842e-03,4.298117e-02,7.689802e-02,9.369319e-03,1.219513e-03,1.354010e-03,5.404994e-01,2.786363e-01
1.496826e-02,1.297694e-03,3.659827e-03,1.226490e-02,8.592720e-04,7.508908e-04,8.276033e-05,9.511730e-04,3.189759e-02,8.617873e-02,1.186566e-02,1.144650e-03,1.252769e-03,5.371158e-01,2.957100e-01
1.063837e-02,9.285383e-04,2.761887e-03,8.607235e-03,6.322640e-04,5.805282e-04,6.673765e-05,6.768368e-04,2.346485e-02,8.821198e-02,1.117083e-02,9.712310e-04,1.082854e-03,5.113542e-01,3.388516e-01
7.506323e-03,6.598667e-04,2.054440e-03,6.040088e-03,5.514002e-04,4.549627e-04,6.360937e-05,4.940782e-04,1.682623e-02,8.557003e-02,9.473035e-03,7.825659e-04,1.011261e-03,4.251276e-01,4.433845e-01
5.820137e-03,5.628593e-04,3.197892e-03,4.856986e-03,1.819911e-03,5.936109e-04,2.641311e-04,1.071477e-03,1.470591e-02,1.023815e-01,5.404267e-02,1.563479e-03,4.129418e-03,3.386391e-01,4.663509e-01
4.726567e-03,6.978611e-04,8.157387e-03,4.456251e-03,4.574769e-03,7.357335e-04,3.619278e-04,2.090298e-03,1.555718e-02,1.010029e-01,7.354151e-02,2.428800e-03,8.292533e-03,3.392608e-01,4.341155e-01
4.251964e-03,1.489619e-03,2.805428e-02,3.897840e-03,7.449165e-03,1.716432e-03,5.532944e-04,4.244654e-03,1.655341e-02,1.293784e-01,6.921368e-02,3.059035e-03,1.367363e-02,2.902181e-01,4.262465e-01
3.596356e-03,4.484591e-02,1.722890e-01,3.462551e-03,1.133376e-02,1.706899e-03,7.647518e-04,3.876840e-03,5.924308e-02,9.452091e-02,5.429277e-02,2.361316e-03,1.030687e-02,2.085665e-01,3.288325e-01
4.244131e-03,4.993643e-02,3.319603e-01,3.893952e-03,1.182169e-02,4.135523e-03,7.721170e-04,3.713319e-03,6.934389e-02,6.939372e-02,4.130258e-02,1.710724e-03,7.575368e-03,1.511354e-01,2.490609e-01
5.256902e-03,6.849547e-02,4.132233e-01,1.778430e-02,1.389548e-02,3.724026e-03,6.241251e-04,4.320259e-03,9.678595e-02,4.992234e-02,2.959879e-02,1.214242e-03,5.395565e-03,1.081146e-01,1.816446e-01
8.726192e-03,1.264903e-01,4.185709e-01,2.673757e-02,1.450998e-02,3.710327e-03,4.880686e-04,4.369294e-03,1.248498e-01,3.633341e-02,2.125870e-02,8.705234e-04,3.902888e-03,7.637919e-02,1.328030e-01
2.184126e-02,1.781948e-01,4.011798e-01,2.492726e-02,2.123292e-02,6.858367e-03,4.186428e-04,8.658550e-03,1.347273e-01,2.638703e-02,1.570552e-02,6.470107e-04,2.954967e-03,5.522510e-02,1.010416e-01
2.249989e-02,1.344965e-01,4.711202e-01,7.536522e-02,2.084408e-02,5.098866e-03,4.505354e-04,1.225582e-02,1.105381e-01,1.942581e-02,1.164115e-02,6.051501e-04,2.259664e-03,3.883955e-02,7.455949e-02
2.896301e-02,1.789810e-01,4.274875e-01,5.848160e-02,2.706080e-02,5.019975e-03,6.544333e-04,3.218569e-02,1.144196e-01,1.464440e-02,8.506813e-03,5.111831e-04,1.845157e-03,2.772873e-02,7.351019e-02
5.201711e-02,2.110031e-01,3.642394e-01,4.416479e-02,6.027689e-02,1.659695e-02,1.274963e-03,3.122406e-02,1.118259e-01,1.097202e-02,6.276624e-03,4.475510e-04,2.699473e-03,2.069478e-02,6.628637e-02
9.423676e-02,2.411200e-01,3.109075e-01,3.368244e-02,6.854733e-02,2.299901e-02,1.517574e-03,2.749729e-02,1.007263e-01,8.617569e-03,5.112540e-03,4.870897e-04,3.570945e-03,1.695210e-02,6.402556e-02
7.447992e-02,2.817043e-01,2.500862e-01,6.593453e-02,6.044414e-02,1.753835e-02,1.384121e-03,2.576061e-02,7.408687e-02,8.461706e-03,3.987940e-03,1.046555e-03,2.988535e-03,1.220050e-02,1.198957e-01
6.608594e-02,2.160857e-01,3.142423e-01,9.022036e-02,4.576770e-02,1.384045e-02,1.529805e-03,1.995168e-02,5.577303e-02,1.243905e-02,3.026527e-03,1.059409e-03,2.340418e-03,8.878647e-03,1.487591e-01
5.070203e-02,1.791103e-01,2.267401e-01,2.313118e-01,3.533495e-02,1.337300e-02,1.264110e-03,1.415443e-02,5.279205e-02,1.130582e-02,2.892097e-03,1.620818e-03,2.173303e-02,6.560201e-03,1.511054e-01
3.859129e-02,2.178240e-01,1.643827e-01,1.695276e-01,2.527580e-02,1.838919e-02,1.105506e-03,1.001026e-02,7.389657e-02,1.480798e-02,3.401441e-03,6.270337e-03,4.531491e-02,5.772865e-03,2.054296e-01
3.286554e-02,1.723817e-01,1.226937e-01,1.272647e-01,1.837964e-02,2.604442e-02,9.788575e-04,7.331197e-03,8.253872e-02,1.127411e-02,4.374673e-03,6.547783e-03,2.186292e-01,4.620103e-03,1.640757e-01
2.423653e-02,1.264590e-01,8.639944e-02,9.154502e-02,1.299325e-02,3.026429e-02,7.450781e-04,5.187605e-03,6.475451e-02,8.052068e-03,3.450901e-03,9.370826e-03,4.136406e-01,3.384999e-03,1.195160e-01
1.777244e-02,9.620892e-02,6.075139e-02,6.543457e-02,9.371375e-03,3.033619e-02,5.799908e-04,3.687638e-03,5.084584e-02,5.820740e-03,2.565361e-03,8.387145e-03,5.592245e-01,2.390117e-03,8.662392e-02
1.308680e-02,7.089263e-02,4.259399e-02,4.655505e-02,6.813074e-03,2.377136e-02,4.300893e-04,2.641103e-03,3.888473e-02,4.148918e-03,1.959841e-03,8.865815e-03,6.755133e-01,1.693679e-03,6.214978e-02
1.163818e-02,5.024643e-02,3.037519e-02,3.301901e-02,7.005361e-03,2.028255e-02,5.844501e-04,2.930907e-03,3.113945e-02,2.977120e-03,1.861530e-03,9.059907e-03,7.531592e-01,1.328274e-03,4.439255e-02
1.053186e-02,3.583840e-02,2.208709e-02,2.377627e-02,6.955462e-03,1.577224e-02,6.198481e-04,2.510855e-03,2.380254e-02,2.177015e-03,1.542233e-03,1.201000e-02,8.096387e-01,1.115598e-03,3.162196e-02
7.884672e-03,2.531779e-02,1.609676e-02,1.753381e-02,6.492631e-03,1.340293e-02,7.929326e-04,2.509330e-03,1.850353e-02,1.636919e-03,1.387936e-03,1.988460e-02,8.447184e-01,8.691688e-04,2.296870e-02
5.728910e-03,1.790317e-02,1.137641e-02,1.245151e-02,5.203552e-03,9.983186e-03,7.375004e-04,2.953897e-03,1.387133e-02,1.198469e-03,1.061189e-03,1.859321e-02,8.817212e-01,6.230920e-04,1.659347e-02
4.257516e-03,1.271862e-02,8.138412e-03,8.836414e-03,5.236577e-03,7.659018e-03,7.839886e-04,3.550374e-03,1.055860e-02,8.964163e-04,8.362232e-04,1.802577e-02,9.060973e-01,4.413074e-04,1.196356e-02
3.523764e-03,9.279934e-03,5.817424e-03,6.405319e-03,5.685163e-03,5.742047e-03,6.167995e-04,2.843372e-03,8.236264e-03,6.693669e-04,7.377644e-04,1.445267e-02,9.265220e-01,3.128665e-04,9.155401e-03
3.184887e-03,6.939101e-03,4.376897e-03,4.677189e-03,8.756261e-03,4.353215e-03,5.563283e-04,2.756850e-03,6.462845e-03,5.054061e-04,5.983786e-04,1.242034e-02,9.369209e-01,2.251485e-04,7.266323e-03
4.147697e-03,5.680761e-03,4.766236e-03,4.100322e-03,1.776056e-02,3.490033e-03,6.351828e-04,5.753513e-03,5.105918e-03,4.023299e-04,6.776189e-04,1.186974e-02,9.292652e-01,3.113800e-04,6.033576e-03
5.863219e-03,4.484829e-03,4.114522e-03,3.053055e-03,1.503833e-02,1.123906e-02,7.990752e-04,5.136538e-03,4.146086e-03,3.015612e-04,6.069074e-04,8.957112e-03,9.312224e-01,4.151937e-04,4.622125e-03
8.317493e-03,3.725037e-03,4.387219e-03,2.316339e-03,1.377513e-02,1.070386e-01,1.340011e-03,5.491007e-03,3.587120e-03,2.461679e-04,6.909197e-04,7.151084e-03,8.379356e-01,3.625392e-04,3.635855e-03
1.282212e-02,2.758144e-03,4.033989e-03,1.803116e-03,1.051749e-02,2.484443e-01,1.470962e-03,5.145522e-03,2.783718e-03,2.317880e-04,7.475533e-04,5.730113e-03,7.003357e-01,3.196726e-04,2.855795e-03
1.307047e-02,2.135768e-03,3.444982e-03,1.366955e-03,8.852675e-03,3.537647e-01,1.202014e-03,3.999677e-03,2.344476e-03,2.108785e-04,7.202494e-04,7.157790e-03,5.990508e-01,2.795100e-04,2.399176e-03
1.010086e-02,1.562816e-03,2.805817e-03,1.056956e-03,6.686794e-03,4.777845e-01,9.627671e-04,2.965806e-03,2.016568e-03,1.986073e-04,7.129517e-04,1.013983e-02,4.809980e-01,2.193443e-04,1.788426e-03
7.986838e-03,1.207547e-03,2.311909e-03,8.462669e-04,4.960075e-03,4.402568e-01,8.619832e-04,2.430931e-03,2.033944e-03,3.435846e-04,1.027243e-03,2.198315e-02,5.119258e-01,2.217398e-04,1.602265e-03
8.642409e-03,1.127814e-03,2.901279e-03,1.219446e-03,4.299623e-03,3.976493e-01,9.693503e-04,2.616300e-03,2.444701e-03,7.762882e-04,1.897915e-03,4.522758e-02,5.282038e-01,3.585624e-04,1.665617e-03
1.366367e-02,1.128909e-03,5.384508e-03,3.760654e-03,5.873978e-03,3.035829e-01,1.134089e-03,3.068480e-03,4.323147e-03,1.433860e-03,4.271754e-03,5.784355e-02,5.829246e-01,8.681664e-04,1.073772e-02
2.688698e-02,1.083257e-03,6.030486e-03,4.066805e-03,6.881172e-03,2.265542e-01,1.374045e-03,4.081675e-03,5.334546e-03,1.504740e-03,8.979310e-03,7.031433e-02,6.182830e-01,2.717691e-03,1.590777e-02
2.565980e-02,1.091814e-03,5.303566e-03,4.780763e-03,5.533103e-03,1.640839e-01,1.363423e-03,5.526367e-03,5.623688e-03,1.981020e-03,2.777760e-02,1.750216e-01,5.563233e-01,5.710702e-03,1.421947e-02
2.437154e-02,1.114384e-03,5.475929e-03,5.479555e-03,5.266008e-03,1.178860e-01,1.267710e-03,1.029960e-02,6.361104e-03,1.987099e-03,4.618592e-02,2.564476e-01,4.947391e-01,7.036930e-03,1.608168e-02
2.522658e-02,1.240501e-03,1.663585e-02,1.066614e-02,1.160913e-02,8.552711e-02,1.077631e-03,2.627989e-02,1.068406e-02,2.283502e-03,7.668804e-02,3.107796e-01,4.010954e-01,5.728240e-03,1.447829e-02
2.260044e-02,1.675101e-03,1.458467e-02,1.141538e-02,1.089991e-02,6.516159e-02,9.375939e-04,2.917249e-02,1.056317e-02,2.810440e-03,8.509064e-02,3.988944e-01,3.306975e-01,4.796977e-03,1.069969e-02
1.899322e-02,1.567076e-03,1.196322e-02,8.857595e-03,8.989753e-03,4.776691e-02,7.561621e-04,2.187998e-02,1.043409e-02,4.167432e-03,7.549289e-02,5.286008e-01,2.490956e-01,3.758753e-03,7.676642e-03
2.844178e-02,6.341339e-03,2.667382e-02,7.671309e-03,1.952607e-02,3.541956e-02,1.134614e-03,2.408854e-02,6.351686e-02,9.418615e-03,9.380596e-02,4.792752e-01,1.947023e-01,3.075495e-03,6.908596e-03
5.251159e-02,1.763800e-02,3.746158e-02,1.360725e-02,5.125652e-02,3.066252e-02,3.224291e-03,5.441405e-02,1.013378e-01,3.945031e-02,7.759716e-02,3.519499e-01,1.508202e-01,3.331190e-03,1.473772e-02
6.864886e-02,2.913565e-02,3.527318e-02,1.494570e-02,8.785534e-02,2.725290e-02,4.090112e-03,5.423059e-02,1.643445e-01,4.952871e-02,6.566882e-02,2.610376e-01,1.185744e-01,3.355185e-03,1.605849e-02
1.063576e-01,2.573409e-02,2.807583e-02,1.848655e-02,1.058445e-01,2.324938e-02,9.754764e-03,4.390719e-02,1.457458e-01,8.113597e-02,7.939595e-02,1.928452e-01,1.002088e-01,3.051696e-03,3.620686e-02
1.257007e-01,2.248380e-02,2.786621e-02,2.460870e-02,1.362469e-01,1.891434e-02,1.440465e-02,5.054906e-02,1.171152e-01,9.913912e-02,1.028210e-01,1.432134e-01,7.494032e-02,3.207182e-03,3.878946e-02
1.256025e-01,2.887327e-02,2.467864e-02,2.905147e-02,1.046063e-01,3.386042e-02,1.050961e-02,3.735448e-02,8.752833e-02,7.611007e-02,2.355210e-01,1.102228e-01,5.534205e-02,9.425453e-03,3.131358e-02
1.633822e-01,2.540065e-02,2.746996e-02,2.999139e-02,1.039805e-01,4.007013e-02,8.091103e-03,3.273671e-02,7.309018e-02,7.492589e-02,2.500852e-01,8.686676e-02,4.140679e-02,1.617828e-02,2.632424e-02
1.462736e-01,2.016133e-02,2.005871e-02,2.321550e-02,7.806244e-02,3.178563e-02,6.026406e-03,2.579004e-02,5.589010e-02,5.844941e-02,3.918532e-01,7.264589e-02,3.267211e-02,1.741734e-02,1.969836e-02
1.490347e-01,1.564875e-02,1.669430e-02,1.821551e-02,5.606158e-02,2.620139e-02,4.403399e-03,2.059280e-02,4.349267e-02,4.848395e-02,4.726408e-01,6.896690e-02,2.665425e-02,1.725485e-02,1.565425e-02
1.076314e-01,1.158404e-02,1.252293e-02,1.304010e-02,3.951908e-02,1.955677e-02,3.159301e-03,1.477077e-02,3.177370e-02,3.585749e-02,5.984969e-01,6.089686e-02,1.989258e-02,2.007479e-02,1.122326e-02
7.664409e-02,9.100616e-03,9.022099e-03,9.450442e-03,2.790830e-02,1.571814e-02,2.244360e-03,1.046218e-02,2.646147e-02,3.960985e-02,6.735533e-01,4.962531e-02,1.510696e-02,2.670710e-02,8.385672e-03
5.387828e-02,7.520013e-03,6.363757e-03,6.685893e-03,1.982537e-02,1.150315e-02,1.586069e-03,7.363008e-03,2.322917e-02,6.739591e-02,7.155896e-01,3.871333e-02,1.088283e-02,2.316732e-02,6.296200e-03
3.788298e-02,5.857936e-03,4.503754e-03,4.758370e-03,1.410407e-02,8.478157e-03,1.128653e-03,5.173565e-03,2.082787e-02,1.163907e-01,7.169932e-01,3.180000e-02,7.905964e-03,1.918451e-02,5.010232e-03
2.658702e-02,4.847339e-03,3.182456e-03,3.368501e-03,1.013758e-02,6.247175e-03,8.058161e-04,3.633569e-03,1.886541e-02,1.739935e-01,6.948369e-01,2.830191e-02,5.745898e-03,1.546749e-02,3.979402e-03
1.871915e-02,4.072034e-03,2.278660e-03,2.451794e-03,7.365856e-03,5.128592e-03,6.163614e-04,2.617355e-03,1.609637e-02,2.496956e-01,6.451464e-01,2.486445e-02,4.270315e-03,1.282142e-02,3.855634e-03
1.331114e-02,3.429949e-03,1.635809e-03,1.951024e-03,5.357063e-03,3.244080e-02,5.440839e-04,2.070575e-03,1.326264e-02,3.231772e-01,5.616282e-01,2.498378e-02,3.333467e-03,9.907806e-03,2.966423e-03
9.498350e-03,5.759975e-03,1.261543e-03,1.901618e-03,4.823344e-03,3.112357e-02,5.638873e-04,1.547628e-03,2.561307e-02,2.544975e-01,6.140900e-01,3.402676e-02,3.554736e-03,8.956313e-03,2.781705e-03
7.495539e-03,3.983771e-02,2.009373e-03,3.799938e-03,7.931102e-03,3.664524e-02,6.244138e-04,1.856718e-03,8.183785e-02,2.073040e-01,5.582505e-01,3.416656e-02,3.876570e-03,8.028084e-03,6.336342e-03
6.333549e-03,1.604948e-01,8.433012e-03,3.412285e-03,1.698770e-02,2.724852e-02,1.389466e-03,2.279105e-03,1.121446e-01,1.680163e-01,4.385928e-01,3.068987e-02,6.187215e-03,7.395727e-03,1.039509e-02
5.315549e-03,2.196128e-01,1.127630e-02,3.712222e-03,1.942943e-02,2.751535e-02,2.043652e-03,4.119511e-03,1.287546e-01,1.316444e-01,3.943157e-01,2.624023e-02,6.224839e-03,7.868667e-03,1.192662e-02
7.710983e-03,2.456515e-01,2.297968e-02,1.011757e-02,4.720720e-02,4.150223e-02,3.113424e-03,1.208025e-02,1.575809e-01,1.033565e-01,2.923628e-01,2.334422e-02,7.102114e-03,9.653645e-03,1.623693e-02
9.199797e-03,2.893722e-01,5.540369e-02,1.467202e-02,5.924831e-02,4.945847e-02,2.945459e-03,1.229194e-02,1.775548e-01,7.485978e-02,2.077109e-01,1.911799e-02,6.543169e-03,7.755523e-03,1.386596e-02
1.221424e-02,3.250652e-01,5.752511e-02,1.432304e-02,6.061358e-02,4.082450e-02,2.294546e-03,1.210620e-02,2.314403e-01,5.457612e-02,1.486274e-01,1.620464e-02,6.064057e-03,6.089231e-03,1.203188e-02
1.353578e-02,2.783599e-01,4.401636e-02,1.211842e-02,1.269093e-01,3.176287e-02,2.282856e-03,1.516072e-02,3.003523e-01,3.985577e-02,1.048466e-01,1.155854e-02,4.605703e-03,4.708899e-03,9.925916e-03
2.199638e-02,2.232362e-01,3.903838e-02,2.469564e-02,1.669038e-01,3.259078e-02,3.903499e-03,2.649370e-02,3.324703e-01,2.952949e-02,7.445611e-02,8.594255e-03,4.051736e-03,4.001826e-03,8.038012e-03
3.661056e-02,1.811271e-01,4.536140e-02,2.882378e-02,1.563593e-01,2.993794e-02,3.886956e-03,2.224234e-02,3.618527e-01,3.049582e-02,5.592357e-02,7.351896e-03,4.468004e-03,4.003441e-03,3.155521e-02
4.184446e-02,1.679468e-01,7.411911e-02,4.909948e-02,1.328640e-01,2.607487e-02,4.813609e-03,1.905956e-02,3.210741e-01,4.003480e-02,4.240752e-02,7.757691e-03,5.558653e-03,3.426209e-03,6.391911e-02
6.111966e-02,1.361765e-01,6.651510e-02,4.640724e-02,1.473313e-01,2.535906e-02,6.977641e-03,1.643869e-02,3.490819e-01,4.234336e-02,3.560718e-02,7.773358e-03,5.024244e-03,2.654554e-03,5.119024e-02
4.957705e-02,1.023191e-01,7.185532e-02,2.264190e-01,1.286802e-01,2.044148e-02,5.587247e-03,1.614520e-02,2.631691e-01,3.239932e-02,2.704004e-02,7.336245e-03,4.308415e-03,2.000756e-03,4.272157e-02
5.510289e-02,7.721870e-02,7.020120e-02,2.434639e-01,1.392362e-01,3.712676e-02,1.983195e-02,2.732868e-02,2.286953e-01,2.986243e-02,2.122427e-02,6.683894e-03,6.514592e-03,1.715913e-03,3.579344e-02
6.446698e-02,6.527863e-02,6.739353e-02,2.042497e-01,1.214550e-01,3.148783e-02,5.473003e-02,4.331161e-02,2.203172e-01,2.877772e-02,1.963959e-02,6.443373e-03,3.374360e-02,1.412639e-03,3.729266e-02
7.266715e-02,4.998607e-02,5.067238e-02,1.474204e-01,1.012022e-01,2.497529e-02,9.530891e-02,1.562539e-01,1.846898e-01,2.178139e-02,1.735527e-02,5.539219e-03,4.073721e-02,1.165050e-03,3.024573e-02
6.546612e-02,3.970195e-02,3.827053e-02,1.046361e-01,9.298704e-02,2.156468e-02,1.512025e-01,2.185429e-01,1.695057e-01,1.627737e-02,1.466337e-02,4.276602e-03,3.721723e-02,8.886157e-04,2.479926e-02
6.115873e-02,3.647376e-02,3.714049e-02,7.619224e-02,8.103664e-02,2.206980e-02,2.080555e-01,2.323783e-01,1.513903e-01,1.350336e-02,1.356030e-02,4.083155e-03,3.662074e-02,1.092987e-03,2.524381e-02
6.964841e-02,3.059939e-02,2.963369e-02,5.580997e-02,8.155085e-02,2.553092e-02,1.755445e-01,3.009294e-01,1.485513e-01,1.197490e-02,1.137193e-02,5.044827e-03,3.157967e-02,1.040963e-03,2.118926e-02
6.930969e-02,2.542341e-02,2.264235e-02,4.014428e-02,6.309509e-02,2.305261e-02,1.496929e-01,4.144926e-01,1.229564e-01,1.008970e-02,8.954374e-03,5.582318e-03,2.700065e-02,9.127435e-04,1.665086e-02
1.967387e-01,2.364600e-02,1.960330e-02,3.287270e-02,4.791811e-02,3.846903e-02,1.412285e-01,3.023948e-01,9.601234e-02,1.236706e-02,1.222519e-02,2.955380e-02,2.665448e-02,1.351439e-03,1.896457e-02
2.793015e-01,2.257755e-02,1.657729e-02,2.734103e-02,3.886398e-02,5.840272e-02,1.263314e-01,2.200902e-01,7.436907e-02,1.166177e-02,1.836159e-02,5.423611e-02,3.093560e-02,1.724123e-03,1.922599e-02
3.248333e-01,2.628082e-02,1.880008e-02,2.451030e-02,3.097725e-02,5.475262e-02,1.257846e-01,1.751798e-01,6.354046e-02,1.479298e-02,2.228105e-02,5.440316e-02,3.498348e-02,2.112970e-03,2.676715e-02
4.102126e-01,2.622177e-02,1.748675e-02,2.374044e-02,2.520427e-02,4.869372e-02,1.133459e-01,1.277844e-01,5.640652e-02,1.530878e-02,2.141750e-02,5.152865e-02,3.300953e-02,2.394640e-03,2.724449e-02
4.699734e-01,2.142564e-02,1.441281e-02,2.124860e-02,2.072211e-02,4.576893e-02,8.563482e-02,9.370785e-02,5.029200e-02,1.620243e-02,2.437259e-02,5.672739e-02,4.451565e-02,3.047429e-03,3.194834e-02
4.599109e-01,1.615595e-02,1.076769e-02,1.801930e-02,1.555869e-02,5.075725e-02,6.276241e-02,6.683977e-02,4.251588e-02,2.175578e-02,3.064419e-02,8.376275e-02,8.309267e-02,3.856267e-03,3.360051e-02
4.222209e-01,1.286094e-02,8.223973e-03,1.517660e-02,1.243747e-02,4.764207e-02,4.554905e-02,5.008613e-02,3.885262e-02,4.254726e-02,3.576326e-02,1.002057e-01,1.279268e-01,4.365611e-03,3.614168e-02
3.867173e-01,1.141290e-02,6.509448e-03,1.527857e-02,1.197233e-02,4.584145e-02,3.287692e-02,4.284057e-02,4.141735e-02,4.216257e-02,4.297017e-02,1.559105e-01,1.291597e-01,4.728600e-03,3.020165e-02
3.727185e-01,1.315034e-02,9.939210e-03,1.456231e-02,1.545637e-02,4.237694e-02,2.468935e-02,3.261164e-02,3.516040e-02,3.550055e-02,5.021969e-02,1.445029e-01,1.613646e-01,5.016059e-03,4.273111e-02
