1.000000e+00,0.000000e+00,0.000000e+00,0.000000e+00,0.000000e+00,0.000000e+00,0.000000e+00,0.000000e+00,0.000000e+00,0.000000e+00,0.000000e+00,0.000000e+00,0.000000e+00,0.000000e+00,0.000000e+00
1.000000e+00,0.000000e+00,0.000000e+00,0.000000e+00,0.000000e+00,0.000000e+00,0.000000e+00,0.000000e+00,0.000000e+00,0.000000e+00,0.000000e+00,0.000000e+00,0.000000e+00,0.000000e+00,0.000000e+00
1.000000e+00,0.000000e+00,0.000000e+00,0.000000e+00,0.000000e+00,0.000000e+00,0.000000e+00,0.000000e+00,0.000000e+00,0.000000e+00,0.000000e+00,0.000000e+00,0.000000e+00,0.000000e+00,0.000000e+00
1.000000e+00,0.000000e+00,0.000000e+00,0.000000e+00,0.000000e+00,0.000000e+00,0.000000e+00,0.000000e+00,0.000000e+00,0.000000e+00,0.000000e+00,0.000000e+00,0.000000e+00,0.000000e+00,0.000000e+00
1.000000e+00,0.000000e+00,0.000000e+00,0.000000e+00,0.000000e+00,0.000000e+00,0.000000e+00,0.000000e+00,0.000000e+00,0.000000e+00,0.000000e+00,0.000000e+00,0.000000e+00,0.000000e+00,0.000000e+00
1.000000e+00,0.000000e+00,0.000000e+00,0.000000e+00,0.000000e+00,0.000000e+00,0.000000e+00,0.000000e+00,0.000000e+00,0.000000e+00,0.000000e+00,0.000000e+00,0.000000e+00,0.000000e+00,0.000000e+00
1.000000e+00,0.000000e+00,0.000000e+00,0.000000e+00,0.000000e+00,0.000000e+00,0.000000e+00,0.000000e+00,0.000000e+00,0.000000e+00,0.000000e+00,0.000000e+00,0.000000e+00,0.000000e+00,0.000000e+00
1.000000e+00,0.000000e+00,0.000000e+00,0.000000e+00,0.000000e+00,0.000000e+00,0.000000e+00,0.000000e+00,0.000000e+00,0.000000e+00,0.000000e+00,0.000000e+00,0.000000e+00,0.000000e+00,0.000000e+00
1.000000e+00,0.000000e+00,0.000000e+00,0.000000e+00,0.000000e+00,0.000000e+00,0.000000e+00,0.000000e+00,0.000000e+00,0.000000e+00,0.000000e+00,0.000000e+00,0.000000e+00,0.000000e+00,0.000000e+00
1.000000e+00,0.000000e+00,0.000000e+00,0.000000e+00,0.000000e+00,0.000000e+00,0.000000e+00,0.000000e+00,0.000000e+00,0.000000e+00,0.000000e+00,0.000000e+00,0.000000e+00,0.000000e+00,0.000000e+00
1.000000e+00,0.000000e+00,0.000000e+00,0.000000e+00,0.000000e+00,0.000000e+00,0.000000e+00,0.000000e+00,0.000000e+00,0.000000e+00,0.000000e+00,0.000000e+00,0.000000e+00,0.000000e+00,0.000000e+00
1.000000e+00,0.000000e+00,0.000000e+00,0.000000e+00,0.000000e+00,0.000000e+00,0.000000e+00,0.000000e+00,0.000000e+00,0.000000e+00,0.000000e+00,0.000000e+00,0.000000e+00,0.000000e+00,0.000000e+00
1.000000e+00,0.000000e+00,0.000000e+00,0.000000e+00,0.000000e+00,0.000000e+00,0.000000e+00,0.000000e+00,0.000000e+00,0.000000e+00,0.000000e+00,0.000000e+00,0.000000e+00,0.000000e+00,0.000000e+00
1.000000e+00,0.000000e+00,0.000000e+00,0.000000e+00,0.000000e+00,0.000000e+00,0.000000e+00,0.000000e+00,0.000000e+00,0.000000e+00,0.000000e+00,0.000000e+00,0.000000e+00,0.000000e+00,0.000000e+00
1.000000e+00,0.000000e+00,0.000000e+00,0.000000e+00,0.000000e+00,0.000000e+00,0.000000e+00,0.000000e+00,0.000000e+00,0.000000e+00,0.000000e+00,0.000000e+00,0.000000e+00,0.000000e+00,0.000000e+00
1.000000e+00,0.000000e+00,0.000000e+00,0.000000e+00,0.000000e+00,0.000000e+00,0.000000e+00,0.000000e+00,0.000000e+00,0.000000e+00,0.000000e+00,0.000000e+00,0.000000e+00,0.000000e+00,0.000000e+00
1.000000e+00,0.000000e+00,0.000000e+00,0.000000e+00,0.000000e+00,0.000000e+00,0.000000e+00,0.000000e+00,0.000000e+00,0.000000e+00,0.000000e+00,0.000000e+00,0.000000e+00,0.000000e+00,0.000000e+00
1.000000e+00,0.000000e+00,0.000000e+00,0.000000e+00,0.000000e+00,0.000000e+00,0.000000e+00,0.000000e+00,0.000000e+00,0.000000e+00,0.000000e+00,0.000000e+00,0.000000e+00,0.000000e+00,0.000000e+00
1.000000e+00,0.000000e+00,0.000000e+00,0.000000e+00,0.000000e+00,0.000000e+00,0.000000e+00,0.000000e+00,0.000000e+00,0.000000e+00,0.000000e+00,0.000000e+00,0.000000e+00,0.000000e+00,0.000000e+00
1.000000e+00,0.000000e+00,0.000000e+00,0.000000e+00,0.000000e+00,0.000000e+00,0.000000e+00,0.000000e+00,0.000000e+00,0.000000e+00,0.000000e+00,0.000000e+00,0.000000e+00,0.000000e+00,0.000000e+00
1.000000e+00,0.000000e+00,0.000000e+00,0.000000e+00,0.000000e+00,0.000000e+00,0.000000e+00,0.000000e+00,0.000000e+00,0.000000e+00,0.000000e+00,0.000000e+00,0.000000e+00,0.000000e+00,0.000000e+00
1.000000e+00,0.000000e+00,0.000000e+00,0.000000e+00,0.000000e+00,0.000000e+00,0.000000e+00,0.000000e+00,0.000000e+00,0.000000e+00,0.000000e+00,0.000000e+00,0.000000e+00,0.000000e+00,0.000000e+00
1.000000e+00,0.000000e+00,0.000000e+00,0.000000e+00,0.000000e+00,0.000000e+00,0.000000e+00,0.000000e+00,0.000000e+00,0.000000e+00,0.000000e+00,0.000000e+00,0.000000e+00,0.000000e+00,0.000000e+00
1.000000e+00,0.000000e+00,0.000000e+00,0.000000e+00,0.000000e+00,0.000000e+00,0.000000e+00,0.000000e+00,0.000000e+00,0.000000e+00,0.000000e+00,0.000000e+00,0.000000e+00,0.000000e+00,0.000000e+00
1.000000e+00,0.000000e+00,0.000000e+00,0.000000e+00,0.000000e+00,0.000000e+00,0.000000e+00,0.000000e+00,0.000000e+00,0.000000e+00,0.000000e+00,0.000000e+00,0.000000e+00,0.000000e+00,0.000000e+00
1.000000e+00,0.000000e+00,0.000000e+00,0.000000e+00,0.000000e+00,0.000000e+00,0.000000e+00,0.000000e+00,0.000000e+00,0.000000e+00,0.000000e+00,0.000000e+00,0.000000e+00,0.000000e+00,0.000000e+00
1.000000e+00,0.000000e+00,0.000000e+00,0.000000e+00,0.000000e+00,0.000000e+00,0.000000e+00,0.000000e+00,0.000000e+00,0.000000e+00,0.000000e+00,0.000000e+00,0.000000e+00,0.000000e+00,0.000000e+00
1.000000e+00,0.000000e+00,0.000000e+00,0.000000e+00,0.000000e+00,0.000000e+00,0.000000e+00,0.000000e+00,0.000000e+00,0.000000e+00,0.000000e+00,0.000000e+00,0.000000e+00,0.000000e+00,0.000000e+00
1.000000e+00,0.000000e+00,0.000000e+00,0.000000e+00,0.000000e+00,0.000000e+00,0.000000e+00,0.000000e+00,0.000000e+00,0.000000e+00,0.000000e+00,0.000000e+00,0.000000e+00,0.000000e+00,0.000000e+00
1.000000e+00,0.000000e+00,0.000000e+00,0.000000e+00,0.000000e+00,0.000000e+00,0.000000e+00,0.000000e+00,0.000000e+00,0.000000e+00,0.000000e+00,0.000000e+00,0.000000e+00,0.000000e+00,0.000000e+00
1.000000e+00,0.000000e+00,0.000000e+00,0.000000e+00,0.000000e+00,0.000000e+00,0.000000e+00,0.000000e+00,0.000000e+00,0.000000e+00,0.000000e+00,0.000000e+00,0.000000e+00,0.000000e+00,0.000000e+00
1.000000e+00,0.000000e+00,0.000000e+00,0.000000e+00,0.000000e+00,0.000000e+00,0.000000e+00,0.000000e+00,0.000000e+00,0.000000e+00,0.000000e+00,0.000000e+00,0.000000e+00,0.000000e+00,0.000000e+00
1.000000e+00,0.000000e+00,0.000000e+00,0.000000e+00,0.000000e+00,0.000000e+00,0.000000e+00,0.000000e+00,0.000000e+00,0.000000e+00,0.000000e+00,0.000000e+00,0.000000e+00,0.000000e+00,0.000000e+00
1.000000e+00,0.000000e+00,0.000000e+00,0.000000e+00,0.000000e+00,0.000000e+00,0.000000e+00,0.000000e+00,0.000000e+00,0.000000e+00,0.000000e+00,0.000000e+00,0.000000e+00,0.000000e+00,0.000000e+00
1.000000e+00,0.000000e+00,0.000000e+00,0.000000e+00,0.000000e+00,0.000000e+00,0.000000e+00,0.000000e+00,0.000000e+00,0.000000e+00,0.000000e+00,0.000000e+00,0.000000e+00,0.000000e+00,0.000000e+00
1.000000e+00,0.000000e+00,0.000000e+00,0.000000e+00,0.000000e+00,0.000000e+00,0.000000e+00,0.000000e+00,0.000000e+00,0.000000e+00,0.000000e+00,0.000000e+00,0.000000e+00,0.000000e+00,0.000000e+00
1.000000e+00,0.000000e+00,0.000000e+00,0.000000e+00,0.000000e+00,0.000000e+00,0.000000e+00,0.000000e+00,0.000000e+00,0.000000e+00,0.000000e+00,0.000000e+00,0.000000e+00,0.000000e+00,0.000000e+00
1.000000e+00,0.000000e+00,0.000000e+00,0.000000e+00,0.000000e+00,0.000000e+00,0.000000e+00,0.000000e+00,0.000000e+00,0.000000e+00,0.000000e+00,0.000000e+00,0.000000e+00,0.000000e+00,0.000000e+00
1.000000e+00,0.000000e+00,0.000000e+00,0.000000e+00,0.000000e+00,0.000000e+00,0.000000e+00,0.000000e+00,0.000000e+00,0.000000e+00,0.000000e+00,0.000000e+00,0.000000e+00,0.000000e+00,0.000000e+00
1.000000e+00,0.000000e+00,0.000000e+00,0.000000e+00,0.000000e+00,0.000000e+00,0.000000e+00,0.000000e+00,0.000000e+00,0.000000e+00,0.000000e+00,0.000000e+00,0.000000e+00,0.000000e+00,0.000000e+00
1.000000e+00,0.000000e+00,0.000000e+00,0.000000e+00,0.000000e+00,0.000000e+00,0.000000e+00,0.000000e+00,0.000000e+00,0.000000e+00,0.000000e+00,0.000000e+00,0.000000e+00,0.000000e+00,0.000000e+00
1.000000e+00,0.000000e+00,0.000000e+00,0.000000e+00,0.000000e+00,0.000000e+00,0.000000e+00,0.000000e+00,0.000000e+00,0.000000e+00,0.000000e+00,0.000000e+00,0.000000e+00,0.000000e+00,0.000000e+00
1.000000e+00,0.000000e+00,0.000000e+00,0.000000e+00,0.000000e+00,0.000000e+00,0.000000e+00,0.000000e+00,0.000000e+00,0.000000e+00,0.000000e+00,0.000000e+00,0.000000e+00,0.000000e+00,0.000000e+00
1.000000e+00,0.000000e+00,0.000000e+00,0.000000e+00,0.000000e+00,0.000000e+00,0.000000e+00,0.000000e+00,0.000000e+00,0.000000e+00,0.000000e+00,0.000000e+00,0.000000e+00,0.000000e+00,0.000000e+00
1.000000e+00,0.000000e+00,0.000000e+00,0.000000e+00,0.000000e+00,0.000000e+00,0.000000e+00,0.000000e+00,0.000000e+00,0.000000e+00,0.000000e+00,0.000000e+00,0.000000e+00,0.000000e+00,0.000000e+00
1.000000e+00,0.000000e+00,0.000000e+00,0.000000e+00,0.000000e+00,0.000000e+00,0.000000e+00,0.000000e+00,0.000000e+00,0.000000e+00,0.000000e+00,0.000000e+00,0.000000e+00,0.000000e+00,0.000000e+00
1.000000e+00,0.000000e+00,0.000000e+00,0.000000e+00,0.000000e+00,0.000000e+00,0.000000e+00,0.000000e+00,0.000000e+00,0.000000e+00,0.000000e+00,0.000000e+00,0.000000e+00,0.000000e+00,0.000000e+00
1.000000e+00,0.000000e+00,0.000000e+00,0.000000e+00,0.000000e+00,0.000000e+00,0.000000e+00,0.000000e+00,0.000000e+00,0.000000e+00,0.000000e+00,0.000000e+00,0.000000e+00,0.000000e+00,0.000000e+00
1.000000e+00,0.000000e+00,0.000000e+00,0.000000e+00,0.000000e+00,0.000000e+00,0.000000e+00,0.000000e+00,0.000000e+00,0.000000e+00,0.000000e+00,0.000000e+00,0.000000e+00,0.000000e+00,0.000000e+00
1.000000e+00,0.000000e+00,0.000000e+00,0.000000e+00,0.000000e+00,0.000000e+00,0.000000e+00,0.000000e+00,0.000000e+00,0.000000e+00,0.000000e+00,0.000000e+00,0.000000e+00,0.000000e+00,0.000000e+00
1.000000e+00,0.000000e+00,0.000000e+00,0.000000e+00,0.000000e+00,0.000000e+00,0.000000e+00,0.000000e+00,0.000000e+00,0.000000e+00,0.000000e+00,0.000000e+00,0.000000e+00,0.000000e+00,0.000000e+00
1.000000e+00,0.000000e+00,0.000000e+00,0.000000e+00,0.000000e+00,0.000000e+00,0.000000e+00,0.000000e+00,0.000000e+00,0.000000e+00,0.000000e+00,0.000000e+00,0.000000e+00,0.000000e+00,0.000000e+00
1.000000e+00,0.000000e+00,0.000000e+00,0.000000e+00,0.000000e+00,0.000000e+00,0.000000e+00,0.000000e+00,0.000000e+00,0.000000e+00,0.000000e+00,0.000000e+00,0.000000e+00,0.000000e+00,0.000000e+00
1.000000e+00,0.000000e+00,0.000000e+00,0.000000e+00,0.000000e+00,0.000000e+00,0.000000e+00,0.000000e+00,0.000000e+00,0.000000e+00,0.000000e+00,0.000000e+00,0.000000e+00,0.000000e+00,0.000000e+00
1.000000e+00,0.000000e+00,0.000000e+00,0.000000e+00,0.000000e+00,0.000000e+00,0.000000e+00,0.000000e+00,0.000000e+00,0.000000e+00,0.000000e+00,0.000000e+00,0.000000e+00,0.000000e+00,0.000000e+00
1.000000e+00,0.000000e+00,0.000000e+00,0.000000e+00,0.000000e+00,0.000000e+00,0.000000e+00,0.000000e+00,0.000000e+00,0.000000e+00,0.000000e+00,0.000000e+00,0.000000e+00,0.000000e+00,0.000000e+00
1.000000e+00,0.000000e+00,0.000000e+00,0.000000e+00,0.000000e+00,0.000000e+00,0.000000e+00,0.000000e+00,0.000000e+00,0.000000e+00,0.000000e+00,0.000000e+00,0.000000e+00,0.000000e+00,0.000000e+00
1.000000e+00,0.000000e+00,0.000000e+00,0.000000e+00,0.000000e+00,0.000000e+00,0.000000e+00,0.000000e+00,0.000000e+00,0.000000e+00,0.000000e+00,0.000000e+00,0.000000e+00,0.000000e+00,0.000000e+00
1.000000e+00,0.000000e+00,0.000000e+00,0.000000e+00,0.000000e+00,0.000000e+00,0.000000e+00,0.000000e+00,0.000000e+00,0.000000e+00,0.000000e+00,0.000000e+00,0.000000e+00,0.000000e+00,0.000000e+00
1.000000e+00,0.000000e+00,0.000000e+00,0.000000e+00,0.000000e+00,0.000000e+00,0.000000e+00,0.000000e+00,0.000000e+00,0.000000e+00,0.000000e+00,0.000000e+00,0.000000e+00,0.000000e+00,0.000000e+00
1.000000e+00,0.000000e+00,0.000000e+00,0.000000e+00,0.000000e+00,0.000000e+00,0.000000e+00,0.000000e+00,0.000000e+00,0.000000e+00,0.000000e+00,0.000000e+00,0.000000e+00,0.000000e+00,0.000000e+00
4.997039e-01,1.361840e-02,1.412112e-01,5.605336e-02,8.415877e-03,2.554826e-02,1.547099e-02,1.525469e-01,5.919453e-03,1.695322e-03,1.236152e-02,2.497244e-02,2.383166e-02,3.331260e-03,1.531951e-02
4.448359e-01,1.037501e-02,1.426799e-01,4.693657e-02,6.964703e-03,2.429293e-02,1.607123e-02,2.383257e-01,4.336328e-03,1.360801e-03,9.761727e-03,2.002652e-02,1.901915e-02,3.073693e-03,1.193980e-02
4.231700e-01,8.289453e-03,1.227767e-01,3.866301e-02,6.024193e-03,2.236470e-02,1.786907e-02,3.033903e-01,3.321109e-03,1.160182e-03,7.971955e-03,1.650655e-02,1.581435e-02,2.919283e-03,9.759226e-03
3.593557e-01,6.230339e-03,1.119592e-01,3.511305e-02,5.093946e-03,1.815227e-02,1.579748e-02,4.026422e-01,2.525638e-03,9.392060e-04,6.397096e-03,1.298781e-02,1.292840e-02,2.480412e-03,7.397340e-03
2.956035e-01,4.510914e-03,1.020961e-01,2.851040e-02,4.249732e-03,1.505461e-02,1.904964e-02,4.961293e-01,1.859477e-03,7.438177e-04,4.746923e-03,9.749191e-03,1.031367e-02,1.928125e-03,5.454606e-03
2.357359e-01,3.241763e-03,8.429826e-02,2.212648e-02,3.435200e-03,1.185422e-02,1.750964e-02,5.959089e-01,1.332567e-03,5.709156e-04,3.479497e-03,7.199317e-03,7.854911e-03,1.455154e-03,3.997365e-03
1.856914e-01,2.406790e-03,6.686644e-02,1.681561e-02,3.292295e-03,9.683861e-03,2.149047e-02,6.729454e-01,9.917453e-04,4.868240e-04,2.790345e-03,5.430512e-03,6.860403e-03,1.206930e-03,3.041042e-03
1.375767e-01,1.753447e-03,5.018477e-02,1.233801e-02,3.056407e-03,7.442338e-03,2.881186e-02,7.432824e-01,7.252128e-04,3.837969e-04,2.074890e-03,3.911100e-03,5.288257e-03,9.208480e-04,2.250011e-03
1.075130e-01,1.330748e-03,3.724547e-02,9.262780e-03,3.507317e-03,5.912630e-03,2.848356e-02,7.946324e-01,5.757237e-04,3.815547e-04,1.580874e-03,2.904370e-03,4.269508e-03,6.941298e-04,1.705928e-03
9.466113e-02,1.164244e-03,2.960481e-02,8.009200e-03,6.542457e-03,5.416542e-03,2.995687e-02,8.129257e-01,6.034141e-04,6.337531e-04,1.457449e-03,2.605689e-03,4.381655e-03,6.093655e-04,1.427645e-03
7.617017e-02,9.519249e-04,2.375046e-02,7.202070e-03,8.004654e-03,4.684577e-03,3.344662e-02,8.352789e-01,5.255680e-04,5.722829e-04,1.257004e-03,2.218321e-03,4.245668e-03,5.395632e-04,1.152166e-03
8.600323e-02,8.726700e-04,1.838268e-02,6.042735e-03,8.637773e-03,5.404166e-03,3.271648e-02,8.313892e-01,6.203674e-04,7.434225e-04,1.098873e-03,2.328974e-03,4.062601e-03,5.440680e-04,1.152717e-03
1.080697e-01,9.127079e-04,1.491354e-02,5.133850e-03,9.401651e-03,6.046529e-03,3.224953e-02,8.113762e-01,8.131647e-04,9.994679e-04,1.056246e-03,2.911213e-03,4.065264e-03,5.952927e-04,1.455567e-03
2.324573e-01,1.536299e-03,1.281861e-02,5.600630e-03,1.235312e-02,8.775491e-03,3.027433e-02,6.716128e-01,1.583534e-03,1.947532e-03,1.797774e-03,7.866953e-03,7.391917e-03,8.631120e-04,3.120603e-03
2.803569e-01,2.141393e-03,1.747940e-02,5.421631e-03,1.554411e-02,1.034263e-02,4.335904e-02,5.966591e-01,1.924736e-03,2.053618e-03,1.843198e-03,9.672164e-03,8.282506e-03,9.679259e-04,3.951606e-03
3.256831e-01,3.034119e-03,1.797750e-02,5.467868e-03,1.804123e-02,1.136096e-02,4.503074e-02,5.381975e-01,2.297771e-03,2.559900e-03,2.061350e-03,1.174479e-02,1.006833e-02,1.042706e-03,5.432175e-03
2.914245e-01,3.152023e-03,1.567199e-02,5.251440e-03,1.711251e-02,1.154630e-02,3.799508e-02,5.524408e-01,3.860089e-03,4.079844e-03,5.971732e-03,1.600089e-02,2.705432e-02,1.451811e-03,6.986651e-03
2.092101e-01,1.103104e-02,1.309848e-02,1.280335e-02,1.528407e-02,1.340407e-02,2.875195e-02,5.258499e-01,1.977996e-02,8.473473e-03,3.022715e-02,2.783576e-02,7.052223e-02,4.376824e-03,9.351593e-03
1.472584e-01,1.757287e-02,9.490824e-03,8.756988e-02,1.093095e-02,1.086587e-02,2.036949e-02,3.733482e-01,8.763471e-02,1.409893e-02,5.216365e-02,2.897551e-02,9.467688e-02,4.100731e-03,4.094316e-02
1.031589e-01,2.764129e-02,7.986239e-03,1.617025e-01,7.770594e-03,7.729274e-03,1.431819e-02,2.614419e-01,1.282570e-01,2.118635e-02,4.418116e-02,2.177306e-02,7.567732e-02,3.321652e-03,1.138546e-01
7.229956e-02,3.954361e-02,6.651736e-03,1.676381e-01,5.598806e-03,5.905842e-03,1.009878e-02,1.830601e-01,1.976702e-01,1.981664e-02,5.719981e-02,1.837738e-02,1.001430e-01,3.020585e-03,1.129759e-01
5.075374e-02,5.814023e-02,5.332890e-03,2.596091e-01,4.071911e-03,4.577747e-03,7.087976e-03,1.281947e-01,2.256824e-01,1.912755e-02,4.984534e-02,1.358400e-02,7.935386e-02,3.128714e-03,9.150978e-02
3.608703e-02,5.999242e-02,4.579005e-03,2.146234e-01,3.276331e-03,5.231906e-03,5.023199e-03,8.989086e-02,2.807488e-01,2.213195e-02,5.913521e-02,1.307490e-02,7.628160e-02,5.434918e-03,1.244884e-01
2.577159e-02,6.427145e-02,5.388068e-03,2.334336e-01,2.584351e-03,7.869200e-03,3.554637e-03,6.302948e-02,2.337133e-01,2.111921e-02,6.324345e-02,2.049611e-02,9.234332e-02,6.881228e-03,1.563009e-01
1.991062e-02,8.115397e-02,5.017134e-03,2.525922e-01,2.602662e-03,6.452524e-03,2.513873e-03,4.426904e-02,2.845681e-01,1.544501e-02,6.113703e-02,2.078798e-02,7.275594e-02,7.359981e-03,1.234340e-01
1.598895e-02,6.282572e-02,4.449213e-03,2.172334e-01,2.875845e-03,5.867127e-03,1.869470e-03,3.229519e-02,3.048721e-01,1.245453e-02,6.399890e-02,2.484454e-02,7.337565e-02,9.078965e-03,1.679705e-01
1.429443e-02,4.836947e-02,6.881461e-03,1.767479e-01,4.811451e-03,4.949483e-03,1.458640e-03,3.315072e-02,3.882362e-01,9.922530e-03,5.898131e-02,2.099358e-02,6.576993e-02,7.849947e-03,1.575830e-01
1.473571e-02,4.384192e-02,1.167678e-02,1.333810e-01,6.943630e-03,4.489164e-03,1.172413e-03,3.623435e-02,4.736525e-01,9.135290e-03,4.980291e-02,1.683769e-02,5.445113e-02,7.711824e-03,1.359336e-01
1.521790e-02,4.840591e-02,1.560145e-02,1.003343e-01,1.077771e-02,4.056425e-03,1.076703e-03,3.765877e-02,5.401864e-01,1.299655e-02,3.759932e-02,1.248127e-02,4.091439e-02,7.199266e-03,1.154935e-01
1.351058e-02,7.535937e-02,1.276167e-02,7.082068e-02,1.100839e-02,5.808629e-03,8.882150e-04,3.323883e-02,6.041471e-01,1.011942e-02,2.674438e-02,8.894156e-03,3.011481e-02,5.564529e-03,9.101915e-02
1.102784e-02,1.306249e-01,1.063680e-02,5.017418e-02,1.307214e-02,7.319158e-03,9.141804e-04,2.672297e-02,6.139430e-01,7.782387e-03,1.896809e-02,6.362849e-03,2.241354e-02,4.271397e-03,7.576655e-02
1.447537e-02,1.562188e-01,1.027644e-02,4.513558e-02,2.881498e-02,7.580338e-03,1.018545e-03,2.641584e-02,5.899490e-01,8.915871e-03,1.400905e-02,4.722087e-03,1.834312e-02,3.776893e-03,7.034802e-02
2.380776e-02,1.549692e-01,1.453308e-02,3.866976e-02,4.795017e-02,6.597632e-03,2.195928e-03,8.757221e-02,5.305189e-01,7.781331e-03,1.036339e-02,3.392217e-03,1.373204e-02,3.273466e-03,5.464282e-02
2.054207e-02,1.148854e-01,1.532440e-02,2.990291e-02,5.891097e-02,4.995463e-03,2.589407e-03,2.997607e-01,3.869319e-01,5.479702e-03,7.415843e-03,2.393165e-03,9.798484e-03,2.347597e-03,3.872197e-02
1.658363e-02,8.412962e-02,1.295625e-02,2.379658e-02,5.356587e-02,3.802187e-03,2.670295e-03,4.749544e-01,2.804253e-01,3.899587e-03,5.439436e-03,1.705311e-03,7.127912e-03,1.671449e-03,2.727215e-02
1.504931e-02,6.389748e-02,1.437858e-02,1.890948e-02,5.780666e-02,4.299422e-03,2.848384e-03,5.784901e-01,2.033909e-01,3.134659e-03,6.499441e-03,1.456382e-03,8.208321e-03,1.249501e-03,2.038131e-02
1.877360e-02,4.632253e-02,1.150111e-02,1.526526e-02,5.539025e-02,3.570786e-03,4.071957e-03,6.668746e-01,1.472163e-01,2.259260e-03,5.732767e-03,1.201593e-03,6.426288e-03,9.445334e-04,1.444911e-02
4.385395e-02,3.450352e-02,1.192965e-02,1.521414e-02,6.821049e-02,3.712620e-03,4.451998e-03,6.749877e-01,1.128256e-01,1.846973e-03,8.597756e-03,1.573657e-03,6.809181e-03,9.597733e-04,1.052304e-02
4.867817e-02,4.522122e-02,1.293663e-02,6.356666e-02,1.459062e-01,1.818573e-02,4.235906e-03,5.135953e-01,1.023252e-01,2.900596e-03,1.677247e-02,4.122154e-03,8.438474e-03,1.333631e-03,1.178167e-02
4.456723e-02,3.579009e-02,2.125211e-02,8.867243e-02,1.107188e-01,1.711996e-02,4.837092e-03,3.946092e-01,8.857414e-02,1.382638e-02,5.329184e-02,1.833307e-02,5.741550e-02,2.175163e-03,4.881700e-02
3.927398e-02,2.884400e-02,3.572699e-02,1.098502e-01,8.482649e-02,1.905319e-02,8.489962e-03,3.092980e-01,6.913999e-02,3.447645e-02,7.569721e-02,3.653909e-02,8.223461e-02,2.507043e-03,6.404275e-02
6.122116e-02,2.327690e-02,3.029092e-02,9.833195e-02,6.674829e-02,1.616117e-02,7.915945e-03,2.231831e-01,5.394572e-02,2.966181e-02,9.529622e-02,4.357567e-02,1.597781e-01,2.349413e-03,8.826368e-02
5.625881e-02,1.928573e-02,2.862432e-02,7.498169e-02,5.480691e-02,1.376104e-02,1.519282e-02,1.586668e-01,4.033414e-02,2.250656e-02,7.822903e-02,5.065817e-02,3.029014e-01,3.267084e-03,8.052552e-02
4.915357e-02,1.482192e-02,2.153191e-02,5.583863e-02,4.061118e-02,1.465660e-02,1.480848e-02,1.115918e-01,3.039747e-02,1.750103e-02,6.457549e-02,6.344201e-02,4.376249e-01,3.563489e-03,5.988164e-02
3.918375e-02,1.068985e-02,1.639685e-02,3.979404e-02,3.104814e-02,1.339083e-02,1.150699e-02,7.954984e-02,2.531452e-02,1.432246e-02,6.260803e-02,5.836479e-02,5.416543e-01,3.033795e-03,5.314178e-02
3.375487e-02,7.999144e-03,1.283240e-02,2.868041e-02,2.415417e-02,1.136091e-02,9.024426e-03,5.901451e-02,2.234503e-02,1.758543e-02,6.345078e-02,6.768678e-02,5.541583e-01,4.595805e-03,8.335701e-02
2.457928e-02,6.321702e-03,1.551579e-02,2.123216e-02,4.145244e-02,8.625496e-03,8.729646e-03,4.821975e-02,4.659681e-02,2.081117e-02,8.381616e-02,6.476086e-02,4.995852e-01,3.710822e-03,1.060427e-01
1.887249e-02,5.438641e-03,1.194045e-02,1.547464e-02,7.079425e-02,6.382805e-03,8.420939e-03,3.970579e-02,9.973603e-02,1.911692e-02,7.398191e-02,5.868790e-02,4.425307e-01,3.131450e-03,1.257851e-01
1.454694e-02,4.544697e-03,1.093672e-02,1.284316e-02,6.894980e-02,6.845840e-03,9.900726e-03,4.806526e-02,1.007374e-01,2.070103e-02,6.150212e-02,5.153051e-02,4.202400e-01,2.831239e-03,1.658245e-01
1.144532e-02,3.982148e-03,8.611635e-03,1.166227e-02,5.428462e-02,9.345838e-03,7.701927e-03,3.871016e-02,1.355449e-01,3.025090e-02,5.293445e-02,5.285101e-02,4.113061e-01,2.629410e-03,1.687393e-01
8.839682e-03,9.144509e-03,7.816412e-03,8.917829e-03,3.944788e-02,7.729555e-03,5.489584e-03,2.769502e-02,1.391162e-01,4.827716e-02,5.071485e-02,6.523149e-02,4.111814e-01,2.165056e-03,1.682334e-01
6.727481e-03,9.695286e-03,5.840840e-03,6.844720e-03,2.934927e-02,6.597002e-03,3.930963e-03,2.117635e-02,1.516530e-01,1.214021e-01,5.911781e-02,8.575378e-02,3.519089e-01,1.929579e-03,1.380728e-01
5.589693e-03,1.110463e-02,4.869717e-03,6.606045e-03,2.284133e-02,6.193467e-03,2.891297e-03,1.795877e-02,1.735321e-01,2.043151e-01,6.045602e-02,8.706798e-02,2.887561e-01,1.826735e-03,1.059912e-01
8.504031e-03,1.162266e-02,7.448420e-03,8.190419e-03,1.949316e-02,6.443807e-03,2.949207e-03,5.786562e-02,1.673457e-01,2.165892e-01,6.525982e-02,8.149195e-02,2.673410e-01,1.796974e-03,7.765810e-02
8.217565e-03,2.190510e-02,7.454939e-03,1.012863e-02,1.994030e-02,6.502816e-03,2.380269e-03,4.635505e-02,2.658596e-01,2.223475e-01,5.193347e-02,6.506032e-02,2.080895e-01,1.649139e-03,6.217575e-02
7.371414e-03,2.545924e-02,5.717409e-03,7.814090e-03,1.679239e-02,6.867595e-03,1.816451e-03,3.455867e-02,4.247602e-01,1.694508e-01,4.115343e-02,5.553029e-02,1.555090e-01,1.352776e-03,4.584621e-02
1.290566e-02,2.123267e-02,1.585405e-02,1.255263e-02,1.963045e-02,7.160375e-03,4.967913e-03,8.826504e-02,4.447219e-01,1.292843e-01,3.949111e-02,4.403989e-02,1.257349e-01,1.276921e-03,3.288222e-02
1.756668e-02,1.859566e-02,1.378865e-02,1.333992e-02,2.425843e-02,8.382903e-03,4.136940e-03,7.657996e-02,5.076644e-01,1.060231e-01,3.704204e-02,4.292365e-02,1.036291e-01,1.686902e-03,2.438174e-02
2.650641e-02,1.598873e-02,1.817216e-02,1.967287e-02,4.737835e-02,1.232213e-02,5.588068e-03,9.064506e-02,5.087582e-01,8.863593e-02,3.025000e-02,3.593664e-02,8.038732e-02,1.841247e-03,1.791688e-02
3.716690e-02,1.928161e-02,1.858961e-02,2.846612e-02,6.155182e-02,1.190789e-02,5.147876e-03,7.814433e-02,5.317424e-01,8.040975e-02,2.450047e-02,2.858174e-02,5.873024e-02,2.421189e-03,1.335811e-02
5.450049e-02,2.107415e-02,1.549055e-02,2.574654e-02,8.057514e-02,1.152862e-02,5.536898e-03,7.079005e-02,5.197395e-01,8.626351e-02,2.210191e-02,2.515740e-02,4.536431e-02,3.684958e-03,1.244599e-02
6.767387e-02,2.179568e-02,1.858830e-02,3.387124e-02,9.786746e-02,1.110886e-02,5.870089e-03,1.337511e-01,4.595895e-01,6.546415e-02,1.774637e-02,1.913377e-02,3.374209e-02,4.026277e-03,9.771324e-03
9.606153e-02,1.913116e-02,2.756558e-02,3.904865e-02,1.219859e-01,1.160530e-02,7.742328e-03,1.697521e-01,3.706870e-01,6.969399e-02,1.399309e-02,1.503147e-02,2.522760e-02,4.321036e-03,8.153366e-03
1.262018e-01,3.105510e-02,2.958391e-02,5.006023e-02,1.124289e-01,1.108381e-02,6.751089e-03,1.823811e-01,3.165661e-01,7.535534e-02,1.212848e-02,1.333802e-02,1.989294e-02,4.157600e-03,9.015622e-03
1.410515e-01,3.953215e-02,3.251388e-02,4.346826e-02,1.251861e-01,9.031056e-03,5.654231e-03,1.907261e-01,2.746740e-01,8.796914e-02,1.012735e-02,1.051496e-02,1.549662e-02,5.657330e-03,8.397300e-03
1.684210e-01,4.531452e-02,4.009835e-02,4.041711e-02,1.228121e-01,9.064757e-03,5.011991e-03,1.872473e-01,2.219614e-01,1.010438e-01,9.261549e-03,8.485832e-03,1.943302e-02,7.140680e-03,1.428659e-02
1.915064e-01,6.545486e-02,4.227642e-02,3.324901e-02,1.030676e-01,7.977468e-03,5.174451e-03,1.828148e-01,1.963420e-01,9.965908e-02,7.927355e-03,7.029626e-03,1.751373e-02,7.950822e-03,3.205641e-02
1.932946e-01,7.326403e-02,3.538998e-02,3.078392e-02,8.035078e-02,6.908801e-03,5.408220e-03,2.490393e-01,1.673488e-01,8.196916e-02,6.527207e-03,5.846458e-03,1.524988e-02,7.936548e-03,4.068229e-02
1.760732e-01,8.723702e-02,3.198189e-02,2.462252e-02,6.209361e-02,6.104562e-03,5.102360e-03,3.244138e-01,1.330520e-01,5.990361e-02,5.753482e-03,4.801887e-03,1.270500e-02,2.974615e-02,3.640892e-02
2.016567e-01,7.396961e-02,3.607254e-02,2.069465e-02,4.967608e-02,7.746504e-03,5.423512e-03,3.690627e-01,1.055732e-01,4.455843e-02,5.570340e-03,4.561044e-03,1.170721e-02,3.353024e-02,3.019735e-02
2.537973e-01,7.357906e-02,4.731882e-02,2.081844e-02,4.012940e-02,2.196780e-02,4.324081e-03,2.745684e-01,7.608790e-02,3.861213e-02,4.641705e-02,2.447695e-02,1.159633e-02,3.361845e-02,3.268790e-02
2.499009e-01,6.265292e-02,5.331913e-02,1.991741e-02,2.912363e-02,2.894337e-02,3.542802e-03,1.981346e-01,6.030655e-02,7.533956e-02,6.935791e-02,2.570368e-02,1.880213e-02,6.515176e-02,3.980362e-02
2.353182e-01,5.075246e-02,7.256122e-02,1.643022e-02,2.071156e-02,2.492681e-02,2.773551e-03,1.414969e-01,4.895118e-02,9.678116e-02,1.232250e-01,2.767018e-02,2.010940e-02,8.666271e-02,3.162957e-02
1.952953e-01,4.802075e-02,5.487138e-02,1.310755e-02,1.515998e-02,2.167059e-02,2.270837e-03,1.028281e-01,4.572409e-02,7.805955e-02,2.156731e-01,3.337131e-02,2.551777e-02,1.211318e-01,2.729780e-02
1.419082e-01,3.458517e-02,3.998465e-02,9.421476e-03,1.065983e-02,1.581997e-02,1.625769e-03,7.220584e-02,3.490614e-02,5.593671e-02,3.608149e-01,3.016551e-02,1.865127e-02,1.537477e-01,1.956694e-02
9.976059e-02,2.491490e-02,2.875968e-02,6.919619e-03,7.522526e-03,1.126428e-02,1.154319e-03,5.067026e-02,5.070226e-02,3.993129e-02,4.040595e-01,4.630447e-02,1.380325e-02,2.001310e-01,1.410207e-02
7.018818e-02,1.819708e-02,2.072979e-02,5.254655e-03,5.426967e-03,8.898743e-03,8.547870e-04,3.565440e-02,6.754338e-02,2.852063e-02,4.859123e-01,4.305748e-02,1.008985e-02,1.895992e-01,1.007263e-02
4.919876e-02,1.683627e-02,1.466354e-02,4.041820e-03,3.993053e-03,1.005716e-02,6.045650e-04,2.499032e-02,1.634160e-01,2.024586e-02,4.742022e-01,4.843247e-02,7.670215e-03,1.542215e-01,7.426320e-03
3.464417e-02,2.362339e-02,1.069246e-02,3.742131e-03,3.329504e-03,2.877098e-02,4.357365e-04,1.758984e-02,3.221871e-01,1.443399e-02,3.712516e-01,3.619140e-02,5.765852e-03,1.218163e-01,5.525596e-03
2.435481e-02,3.041824e-02,7.802233e-03,2.775728e-03,3.006099e-03,2.724840e-02,3.139066e-04,1.236402e-02,3.776017e-01,1.049319e-02,2.813773e-01,2.608949e-02,4.122450e-03,1.877468e-01,4.285681e-03
1.723061e-02,2.587340e-02,5.674997e-03,2.984055e-03,2.770326e-03,3.614667e-02,2.293569e-04,8.718917e-03,4.765006e-01,7.629754e-03,2.060609e-01,1.907423e-02,4.420305e-03,1.832930e-01,3.392909e-03
1.229007e-02,3.089434e-02,4.553955e-03,2.451390e-03,2.566157e-03,1.691860e-01,1.919318e-04,6.261512e-03,3.963550e-01,5.668625e-03,1.495063e-01,1.347919e-02,4.461680e-03,1.989690e-01,3.164841e-03
9.204635e-03,2.487124e-02,4.241489e-03,4.083204e-03,7.124539e-03,1.509970e-01,5.623138e-04,5.184977e-02,3.712811e-01,4.655228e-03,1.111032e-01,9.690197e-03,5.263090e-03,2.421566e-01,2.916459e-03
7.144008e-03,2.917439e-02,4.505659e-03,1.396499e-02,8.149352e-03,1.729634e-01,8.934672e-04,4.815804e-02,3.604560e-01,3.956331e-03,8.419333e-02,7.022731e-03,5.558699e-03,2.497457e-01,4.113908e-03
5.282569e-03,2.597795e-02,3.986919e-03,1.257732e-02,1.175241e-02,1.793054e-01,7.624242e-04,4.017190e-02,4.669681e-01,2.897547e-03,5.937364e-02,4.975425e-03,4.266159e-03,1.783350e-01,3.367179e-03
4.465543e-03,2.456639e-02,4.774551e-03,6.621432e-02,1.315466e-02,2.361751e-01,5.923920e-04,3.204606e-02,4.300581e-01,4.218017e-03,4.411520e-02,3.573016e-03,3.436410e-03,1.257549e-01,6.855471e-03
5.612281e-03,2.510002e-02,1.127309e-02,1.588869e-01,1.457090e-02,2.032374e-01,4.932764e-04,2.673212e-02,4.071733e-01,3.740401e-03,4.017656e-02,2.821751e-03,3.696687e-03,8.845627e-02,8.029145e-03
1.913860e-02,3.302870e-02,3.150347e-02,1.935818e-01,2.806090e-02,1.808650e-01,5.056551e-04,3.006946e-02,3.465624e-01,4.161795e-03,4.368375e-02,3.018537e-03,5.296451e-03,6.528362e-02,1.523990e-02
1.966918e-02,3.178096e-02,1.544238e-01,1.828202e-01,3.183158e-02,1.331744e-01,5.583397e-04,2.221932e-02,2.552476e-01,1.108466e-02,7.065789e-02,2.810247e-03,5.919342e-03,4.932328e-02,2.847919e-02
3.247691e-02,3.251480e-02,1.735374e-01,1.660255e-01,7.260337e-02,1.023636e-01,1.189361e-03,2.199604e-02,2.404729e-01,9.446084e-03,7.321263e-02,3.921635e-03,8.806845e-03,3.726757e-02,2.416521e-02
6.946506e-02,4.798713e-02,1.471469e-01,1.305172e-01,9.176284e-02,9.863965e-02,1.928749e-03,2.081155e-02,2.204404e-01,9.648670e-03,9.218495e-02,4.636877e-03,1.111541e-02,3.228325e-02,2.143134e-02
5.934820e-02,4.819482e-02,1.072055e-01,1.426771e-01,9.284741e-02,1.237156e-01,3.170152e-03,1.536896e-02,1.650003e-01,1.120364e-02,8.770564e-02,1.478330e-02,6.944429e-02,2.427576e-02,3.505940e-02
6.490982e-02,4.859920e-02,7.818677e-02,1.076993e-01,1.010424e-01,2.398162e-01,3.977555e-03,1.187055e-02,1.195008e-01,9.184208e-03,7.475504e-02,1.624253e-02,7.262430e-02,1.844586e-02,3.314557e-02
9.356782e-02,6.078045e-02,6.962804e-02,8.069237e-02,9.374807e-02,2.856128e-01,4.869293e-03,1.022563e-02,9.102927e-02,1.427481e-02,5.885656e-02,1.324964e-02,5.946229e-02,1.555355e-02,4.844940e-02
1.540745e-01,6.803370e-02,7.398747e-02,6.622621e-02,8.986352e-02,2.526433e-01,4.556701e-03,1.129379e-02,7.690417e-02,1.516021e-02,4.668019e-02,1.489861e-02,4.900505e-02,1.442323e-02,6.224933e-02
1.530519e-01,1.008962e-01,6.501288e-02,5.914782e-02,7.520784e-02,1.993463e-01,4.851368e-03,1.051055e-02,7.536000e-02,2.727315e-02,4.135137e-02,1.518966e-02,7.133864e-02,1.452571e-02,8.693662e-02
1.826335e-01,1.254055e-01,6.168084e-02,5.911670e-02,6.724305e-02,1.524572e-01,5.504012e-03,1.158078e-02,8.946736e-02,2.718453e-02,3.992074e-02,1.654188e-02,6.589960e-02,1.547148e-02,7.989281e-02
2.687055e-01,1.045773e-01,5.350193e-02,6.212418e-02,6.260965e-02,1.213609e-01,5.917303e-03,1.316760e-02,8.098498e-02,2.353726e-02,3.403674e-02,2.545286e-02,5.684467e-02,2.034687e-02,6.683227e-02
3.355816e-01,8.840574e-02,4.682237e-02,6.014509e-02,4.996985e-02,1.046598e-01,5.928185e-03,1.408039e-02,6.944691e-02,1.815237e-02,3.021719e-02,3.138424e-02,5.740155e-02,1.843843e-02,6.936623e-02
3.492631e-01,8.199523e-02,4.541924e-02,5.935075e-02,3.874969e-02,1.011443e-01,7.520287e-03,1.370875e-02,5.566745e-02,1.591609e-02,2.921781e-02,4.295623e-02,7.427399e-02,1.668654e-02,6.813060e-02
4.084189e-01,6.783075e-02,3.869499e-02,5.093551e-02,3.107931e-02,8.297345e-02,6.684267e-03,1.196553e-02,4.583335e-02,1.471824e-02,2.685087e-02,4.025008e-02,9.632967e-02,1.540992e-02,6.202519e-02
4.645998e-01,5.421070e-02,3.286245e-02,4.928946e-02,2.692515e-02,7.427343e-02,6.881319e-03,1.182873e-02,3.861782e-02,1.299687e-02,2.393635e-02,3.830884e-02,1.015170e-01,1.258927e-02,5.116271e-02
4.969450e-01,4.406860e-02,2.938887e-02,4.418389e-02,2.431635e-02,6.602103e-02,6.493022e-03,1.031947e-02,3.301051e-02,1.309363e-02,2.377380e-02,4.160352e-02,1.126366e-01,1.169834e-02,4.244738e-02
4.407024e-01,3.286050e-02,2.235392e-02,3.664403e-02,2.561262e-02,5.450439e-02,7.904287e-03,1.675434e-02,3.032061e-02,1.306021e-02,2.539957e-02,4.383466e-02,2.039305e-01,1.085651e-02,3.526136e-02
4.231486e-01,2.744244e-02,1.741079e-02,4.554217e-02,2.508013e-02,4.864689e-02,6.450823e-03,1.562589e-02,2.868626e-02,1.042954e-02,2.286216e-02,4.525419e-02,2.387795e-01,9.710839e-03,3.492980e-02
3.959396e-01,2.720812e-02,1.510896e-02,4.791792e-02,2.348870e-02,4.974651e-02,5.105932e-03,1.429892e-02,2.732904e-02,9.919268e-03,2.145542e-02,4.438657e-02,2.607118e-01,9.921184e-03,4.746205e-02
3.580984e-01,2.237800e-02,1.982966e-02,4.234980e-02,2.110170e-02,3.960082e-02,5.039618e-03,6.754643e-02,2.446427e-02,8.377355e-03,2.376387e-02,3.785821e-02,2.820075e-01,9.428132e-03,3.815620e-02
3.933919e-01,2.050704e-02,1.866882e-02,4.414459e-02,2.435281e-02,4.147274e-02,6.096538e-03,6.287502e-02,2.955560e-02,6.793515e-03,2.234598e-02,3.827379e-02,2.472968e-01,8.819602e-03,3.540531e-02
3.310561e-01,1.978868e-02,2.805857e-02,3.778780e-02,3.100203e-02,4.334735e-02,8.656807e-03,5.250588e-02,4.519182e-02,5.496608e-03,1.925083e-02,3.380211e-02,2.935177e-01,7.379706e-03,4.315807e-02
2.816590e-01,3.182387e-02,3.246271e-02,7.005324e-02,3.375567e-02,6.635296e-02,9.622443e-03,4.035478e-02,1.012558e-01,6.211269e-03,1.577172e-02,2.879395e-02,2.319678e-01,5.352586e-03,4.456216e-02
2.268942e-01,3.954738e-02,2.995646e-02,9.941889e-02,3.694471e-02,6.778851e-02,1.032560e-02,3.075597e-02,1.900377e-01,8.128634e-03,1.203939e-02,2.195867e-02,1.736732e-01,3.831349e-03,4.869945e-02
1.610086e-01,6.282647e-02,2.901237e-02,2.096680e-01,2.833745e-02,4.896092e-02,7.554828e-03,2.191673e-02,1.927504e-01,1.322056e-02,1.088435e-02,1.694705e-02,1.227770e-01,2.711747e-03,7.142356e-02
1.155282e-01,5.712789e-02,2.179011e-02,1.540723e-01,2.637459e-02,4.040467e-02,6.013444e-03,1.550446e-02,2.926580e-01,2.236329e-02,9.435607e-03,1.227867e-02,8.759793e-02,1.974646e-03,1.368762e-01
8.563484e-02,5.863174e-02,1.637620e-02,1.105382e-01,2.818068e-02,3.839350e-02,5.987610e-03,1.189489e-02,4.272982e-01,2.038418e-02,7.237781e-03,8.841315e-03,6.563960e-02,1.403358e-03,1.135579e-01
6.425270e-02,4.877656e-02,3.263710e-02,1.124934e-01,3.745763e-02,3.386942e-02,9.607888e-03,3.105966e-02,4.608878e-01,1.931120e-02,5.329104e-03,6.379288e-03,4.816664e-02,9.984854e-04,8.877309e-02
6.588987e-02,3.861030e-02,2.443482e-02,8.125901e-02,9.716566e-02,4.940596e-02,2.211371e-02,3.348776e-02,4.676000e-01,1.363337e-02,3.878191e-03,4.540445e-03,3.468701e-02,7.175814e-04,6.257630e-02
8.331888e-02,3.878536e-02,1.946319e-02,6.270371e-02,1.521134e-01,7.073884e-02,2.790151e-02,2.595273e-02,4.286310e-01,1.047479e-02,3.044263e-03,3.455688e-03,2.536865e-02,5.752287e-04,4.747282e-02
9.115642e-02,4.543392e-02,1.727397e-02,6.244924e-02,1.992593e-01,8.271652e-02,3.056308e-02,1.976608e-02,3.688430e-01,9.171521e-03,2.721055e-03,2.823042e-03,2.244229e-02,4.816736e-04,4.489888e-02
6.538422e-02,5.936156e-02,2.169570e-02,2.576948e-01,1.567106e-01,5.904407e-02,2.180169e-02,1.504591e-02,2.780858e-01,7.919041e-03,2.670991e-03,2.503509e-03,1.640729e-02,3.574479e-04,3.531750e-02
6.542856e-02,4.458971e-02,1.662904e-02,2.001682e-01,2.001353e-01,4.433216e-02,1.764198e-02,9.624179e-02,2.644623e-01,6.789424e-03,2.839364e-03,2.502944e-03,1.247712e-02,3.070817e-04,2.545511e-02
6.905782e-02,3.756856e-02,1.513637e-02,1.633786e-01,2.470339e-01,4.087694e-02,1.783425e-02,1.064072e-01,2.609105e-01,6.521815e-03,3.197002e-03,2.534542e-03,9.655219e-03,3.005495e-04,1.958677e-02
7.127995e-02,4.996351e-02,1.701277e-02,1.352343e-01,2.191042e-01,4.449349e-02,1.534290e-02,1.079881e-01,2.962451e-01,6.894384e-03,4.285857e-03,2.756576e-03,1.209586e-02,2.969269e-04,1.700610e-02
7.095875e-02,4.844905e-02,2.025469e-02,1.243346e-01,1.752071e-01,4.221300e-02,1.366057e-02,1.887871e-01,2.714874e-01,6.576807e-03,6.201516e-03,3.249221e-03,1.298543e-02,2.987078e-04,1.533599e-02
6.434511e-02,5.254158e-02,1.662977e-02,9.316935e-02,1.315656e-01,3.693110e-02,1.014531e-02,2.873948e-01,2.662822e-01,5.954606e-03,5.338083e-03,3.191699e-03,1.209242e-02,3.850016e-04,1.403339e-02
6.164474e-02,4.927280e-02,1.765737e-02,8.204843e-02,9.555180e-02,2.791829e-02,7.722237e-03,2.379621e-01,2.030500e-01,1.970174e-02,1.106386e-02,9.954048e-03,2.841845e-02,2.801178e-03,1.452330e-01
4.438792e-02,5.048480e-02,1.814665e-02,9.276772e-02,6.800716e-02,2.142802e-02,5.688938e-03,1.689800e-01,1.531200e-01,2.096565e-02,1.415505e-02,1.091917e-02,5.222186e-02,3.761597e-03,2.749655e-01
3.212954e-02,5.002537e-02,2.901779e-02,7.224668e-02,4.816613e-02,1.529046e-02,4.061105e-03,1.188782e-01,1.820910e-01,2.568937e-02,1.198416e-02,8.590067e-03,4.227124e-02,1.649721e-02,3.430617e-01
2.319112e-02,3.791185e-02,2.607501e-02,5.205599e-02,3.406347e-02,1.095041e-02,2.917171e-03,8.362090e-02,1.884141e-01,2.795115e-02,9.825483e-03,6.205878e-03,3.103838e-02,4.319743e-02,4.225816e-01
1.819456e-02,3.375687e-02,2.545699e-02,4.456956e-02,2.450777e-02,8.044648e-03,2.129011e-03,5.863427e-02,1.748496e-01,2.875521e-02,8.931770e-03,5.515796e-03,2.525564e-02,1.413549e-01,4.000434e-01
2.351936e-02,2.511057e-02,2.051882e-02,3.242675e-02,1.757357e-02,5.857504e-03,1.560526e-03,4.124677e-02,1.300101e-01,2.519164e-02,8.881551e-03,4.657190e-03,1.883992e-02,3.110413e-01,3.335643e-01
2.553184e-02,1.858211e-02,1.583488e-02,2.289114e-02,1.290364e-02,4.404581e-03,1.152948e-03,2.897873e-02,9.879813e-02,2.010567e-02,7.386493e-03,3.639342e-03,1.365012e-02,4.626019e-01,2.635385e-01
2.424705e-02,1.364502e-02,1.144194e-02,1.618283e-02,9.279717e-03,3.406588e-03,8.474900e-04,2.033150e-02,7.305291e-02,1.668625e-02,5.752040e-03,2.794332e-03,9.891668e-03,6.002457e-01,1.921950e-01
2.073669e-02,1.090998e-02,9.264951e-03,1.138719e-02,6.977089e-03,2.624543e-03,6.379575e-04,1.428945e-02,6.835437e-02,2.269251e-02,5.094983e-03,2.041059e-03,7.311899e-03,6.521120e-01,1.655653e-01
3.334703e-02,1.254800e-02,1.302444e-02,8.479677e-03,6.735890e-03,2.853186e-03,8.302859e-04,1.052508e-02,9.950265e-02,4.753203e-02,6.368809e-03,2.252105e-03,6.726691e-03,5.711371e-01,1.781370e-01
3.117924e-02,1.056496e-02,1.004094e-02,6.044353e-03,5.283608e-03,2.372885e-03,6.014485e-04,7.442134e-03,1.505634e-01,5.326914e-02,5.416714e-03,1.660801e-03,5.247779e-03,4.157587e-01,2.945539e-01
3.154149e-02,1.211210e-02,4.419433e-02,1.265600e-02,7.914388e-03,2.920781e-03,6.378273e-04,7.296890e-03,1.993623e-01,4.417177e-02,6.563001e-03,1.381205e-03,5.023304e-03,2.963579e-01,3.278667e-01
2.990270e-02,1.263956e-02,3.358944e-02,9.156081e-03,6.202202e-03,2.677675e-03,4.869218e-04,5.286234e-03,1.888131e-01,6.327393e-02,6.234284e-03,1.073059e-03,4.431382e-03,2.178575e-01,4.183760e-01
2.828446e-02,1.433470e-02,2.560981e-02,7.056776e-03,4.972316e-03,2.324767e-03,3.861227e-04,4.614022e-03,2.388020e-01,4.970714e-02,6.797238e-03,9.776432e-04,5.239657e-03,1.563757e-01,4.545177e-01
6.212184e-02,1.734038e-02,2.962549e-02,6.632192e-03,7.023698e-03,3.190495e-03,6.377383e-04,8.738294e-03,2.136769e-01,4.365978e-02,7.482002e-03,1.411233e-03,4.902737e-03,1.187367e-01,4.748205e-01
9.593187e-02,2.036773e-02,2.377821e-02,5.972021e-03,8.367914e-03,4.621699e-03,8.532658e-04,9.275084e-03,1.918941e-01,3.399884e-02,6.132842e-03,1.498559e-03,5.238193e-03,9.016684e-02,5.019028e-01
1.074160e-01,4.917068e-02,2.489938e-02,1.693904e-02,1.098390e-02,6.840376e-03,8.740088e-04,7.488261e-03,1.815953e-01,3.078928e-02,8.521222e-03,8.634550e-03,8.579554e-03,7.326081e-02,4.640077e-01
8.110683e-02,5.554172e-02,5.442662e-02,2.489462e-02,1.381296e-02,8.961871e-03,1.941941e-03,6.356098e-03,1.529483e-01,8.722888e-02,2.294827e-02,1.695151e-02,4.229084e-02,5.436715e-02,3.762224e-01
5.937225e-02,4.874832e-02,6.777009e-02,3.523603e-02,1.900508e-02,1.173655e-02,2.802142e-03,6.917476e-03,1.248307e-01,1.017935e-01,5.632214e-02,2.312831e-02,1.111005e-01,3.954380e-02,2.916930e-01
