1.000000e+00,0.000000e+00,0.000000e+00,0.000000e+00,0.000000e+00,0.000000e+00,0.000000e+00,0.000000e+00,0.000000e+00,0.000000e+00,0.000000e+00,0.000000e+00,0.000000e+00,0.000000e+00,0.000000e+00
1.000000e+00,0.000000e+00,0.000000e+00,0.000000e+00,0.000000e+00,0.000000e+00,0.000000e+00,0.000000e+00,0.000000e+00,0.000000e+00,0.000000e+00,0.000000e+00,0.000000e+00,0.000000e+00,0.000000e+00
1.000000e+00,0.000000e+00,0.000000e+00,0.000000e+00,0.000000e+00,0.000000e+00,0.000000e+00,0.000000e+00,0.000000e+00,0.000000e+00,0.000000e+00,0.000000e+00,0.000000e+00,0.000000e+00,0.000000e+00
1.000000e+00,0.000000e+00,0.000000e+00,0.000000e+00,0.000000e+00,0.000000e+00,0.000000e+00,0.000000e+00,0.000000e+00,0.000000e+00,0.000000e+00,0.000000e+00,0.000000e+00,0.000000e+00,0.000000e+00
1.000000e+00,0.000000e+00,0.000000e+00,0.000000e+00,0.000000e+00,0.000000e+00,0.000000e+00,0.000000e+00,0.000000e+00,0.000000e+00,0.000000e+00,0.000000e+00,0.000000e+00,0.000000e+00,0.000000e+00
1.000000e+00,0.000000e+00,0.000000e+00,0.000000e+00,0.000000e+00,0.000000e+00,0.000000e+00,0.000000e+00,0.000000e+00,0.000000e+00,0.000000e+00,0.000000e+00,0.000000e+00,0.000000e+00,0.000000e+00
1.000000e+00,0.000000e+00,0.000000e+00,0.000000e+00,0.000000e+00,0.000000e+00,0.000000e+00,0.000000e+00,0.000000e+00,0.000000e+00,0.000000e+00,0.000000e+00,0.000000e+00,0.000000e+00,0.000000e+00
1.000000e+00,0.000000e+00,0.000000e+00,0.000000e+00,0.000000e+00,0.000000e+00,0.000000e+00,0.000000e+00,0.000000e+00,0.000000e+00,0.000000e+00,0.000000e+00,0.000000e+00,0.000000e+00,0.000000e+00
1.000000e+00,0.000000e+00,0.000000e+00,0.000000e+00,0.000000e+00,0.000000e+00,0.000000e+00,0.000000e+00,0.000000e+00,0.000000e+00,0.000000e+00,0.000000e+00,0.000000e+00,0.000000e+00,0.000000e+00
1.000000e+00,0.000000e+00,0.000000e+00,0.000000e+00,0.000000e+00,0.000000e+00,0.000000e+00,0.000000e+00,0.000000e+00,0.000000e+00,0.000000e+00,0.000000e+00,0.000000e+00,0.000000e+00,0.000000e+00
1.000000e+00,0.000000e+00,0.000000e+00,0.000000e+00,0.000000e+00,0.000000e+00,0.000000e+00,0.000000e+00,0.000000e+00,0.000000e+00,0.000000e+00,0.000000e+00,0.000000e+00,0.000000e+00,0.000000e+00
1.000000e+00,0.000000e+00,0.000000e+00,0.000000e+00,0.000000e+00,0.000000e+00,0.000000e+00,0.000000e+00,0.000000e+00,0.000000e+00,0.000000e+00,0.000000e+00,0.000000e+00,0.000000e+00,0.000000e+00
1.000000e+00,0.000000e+00,0.000000e+00,0.000000e+00,0.000000e+00,0.000000e+00,0.000000e+00,0.000000e+00,0.000000e+00,0.000000e+00,0.000000e+00,0.000000e+00,0.000000e+00,0.000000e+00,0.000000e+00
1.000000e+00,0.000000e+00,0.000000e+00,0.000000e+00,0.000000e+00,0.000000e+00,0.000000e+00,0.000000e+00,0.000000e+00,0.000000e+00,0.000000e+00,0.000000e+00,0.000000e+00,0.000000e+00,0.000000e+00
1.000000e+00,0.000000e+00,0.000000e+00,0.000000e+00,0.000000e+00,0.000000e+00,0.000000e+00,0.000000e+00,0.000000e+00,0.000000e+00,0.000000e+00,0.000000e+00,0.000000e+00,0.000000e+00,0.000000e+00
1.000000e+00,0.000000e+00,0.000000e+00,0.000000e+00,0.000000e+00,0.000000e+00,0.000000e+00,0.000000e+00,0.000000e+00,0.000000e+00,0.000000e+00,0.000000e+00,0.000000e+00,0.000000e+00,0.000000e+00
1.000000e+00,0.000000e+00,0.000000e+00,0.000000e+00,0.000000e+00,0.000000e+00,0.000000e+00,0.000000e+00,0.000000e+00,0.000000e+00,0.000000e+00,0.000000e+00,0.000000e+00,0.000000e+00,0.000000e+00
1.000000e+00,0.000000e+00,0.000000e+00,0.000000e+00,0.000000e+00,0.000000e+00,0.000000e+00,0.000000e+00,0.000000e+00,0.000000e+00,0.000000e+00,0.000000e+00,0.000000e+00,0.000000e+00,0.000000e+00
1.000000e+00,0.000000e+00,0.000000e+00,0.000000e+00,0.000000e+00,0.000000e+00,0.000000e+00,0.000000e+00,0.000000e+00,0.000000e+00,0.000000e+00,0.000000e+00,0.000000e+00,0.000000e+00,0.000000e+00
1.000000e+00,0.000000e+00,0.000000e+00,0.000000e+00,0.000000e+00,0.000000e+00,0.000000e+00,0.000000e+00,0.000000e+00,0.000000e+00,0.000000e+00,0.000000e+00,0.000000e+00,0.000000e+00,0.000000e+00
1.000000e+00,0.000000e+00,0.000000e+00,0.000000e+00,0.000000e+00,0.000000e+00,0.000000e+00,0.000000e+00,0.000000e+00,0.000000e+00,0.000000e+00,0.000000e+00,0.000000e+00,0.000000e+00,0.000000e+00
1.000000e+00,0.000000e+00,0.000000e+00,0.000000e+00,0.000000e+00,0.000000e+00,0.000000e+00,0.000000e+00,0.000000e+00,0.000000e+00,0.000000e+00,0.000000e+00,0.000000e+00,0.000000e+00,0.000000e+00
1.000000e+00,0.000000e+00,0.000000e+00,0.000000e+00,0.000000e+00,0.000000e+00,0.000000e+00,0.000000e+00,0.000000e+00,0.000000e+00,0.000000e+00,0.000000e+00,0.000000e+00,0.000000e+00,0.000000e+00
1.000000e+00,0.000000e+00,0.000000e+00,0.000000e+00,0.000000e+00,0.000000e+00,0.000000e+00,0.000000e+00,0.000000e+00,0.000000e+00,0.000000e+00,0.000000e+00,0.000000e+00,0.000000e+00,0.000000e+00
1.000000e+00,0.000000e+00,0.000000e+00,0.000000e+00,0.000000e+00,0.000000e+00,0.000000e+00,0.000000e+00,0.000000e+00,0.000000e+00,0.000000e+00,0.000000e+00,0.000000e+00,0.000000e+00,0.000000e+00
1.000000e+00,0.000000e+00,0.000000e+00,0.000000e+00,0.000000e+00,0.000000e+00,0.000000e+00,0.000000e+00,0.000000e+00,0.000000e+00,0.000000e+00,0.000000e+00,0.000000e+00,0.000000e+00,0.000000e+00
1.000000e+00,0.000000e+00,0.000000e+00,0.000000e+00,0.000000e+00,0.000000e+00,0.000000e+00,0.000000e+00,0.000000e+00,0.000000e+00,0.000000e+00,0.000000e+00,0.000000e+00,0.000000e+00,0.000000e+00
1.000000e+00,0.000000e+00,0.000000e+00,0.000000e+00,0.000000e+00,0.000000e+00,0.000000e+00,0.000000e+00,0.000000e+00,0.000000e+00,0.000000e+00,0.000000e+00,0.000000e+00,0.000000e+00,0.000000e+00
1.000000e+00,0.000000e+00,0.000000e+00,0.000000e+00,0.000000e+00,0.000000e+00,0.000000e+00,0.000000e+00,0.000000e+00,0.000000e+00,0.000000e+00,0.000000e+00,0.000000e+00,0.000000e+00,0.000000e+00
1.000000e+00,0.000000e+00,0.000000e+00,0.000000e+00,0.000000e+00,0.000000e+00,0.000000e+00,0.000000e+00,0.000000e+00,0.000000e+00,0.000000e+00,0.000000e+00,0.000000e+00,0.000000e+00,0.000000e+00
1.000000e+00,0.000000e+00,0.000000e+00,0.000000e+00,0.000000e+00,0.000000e+00,0.000000e+00,0.000000e+00,0.000000e+00,0.000000e+00,0.000000e+00,0.000000e+00,0.000000e+00,0.000000e+00,0.000000e+00
1.000000e+00,0.000000e+00,0.000000e+00,0.000000e+00,0.000000e+00,0.000000e+00,0.000000e+00,0.000000e+00,0.000000e+00,0.000000e+00,0.000000e+00,0.000000e+00,0.000000e+00,0.000000e+00,0.000000e+00
1.000000e+00,0.000000e+00,0.000000e+00,0.000000e+00,0.000000e+00,0.000000e+00,0.000000e+00,0.000000e+00,0.000000e+00,0.000000e+00,0.000000e+00,0.000000e+00,0.000000e+00,0.000000e+00,0.000000e+00
1.000000e+00,0.000000e+00,0.000000e+00,0.000000e+00,0.000000e+00,0.000000e+00,0.000000e+00,0.000000e+00,0.000000e+00,0.000000e+00,0.000000e+00,0.000000e+00,0.000000e+00,0.000000e+00,0.000000e+00
1.000000e+00,0.000000e+00,0.000000e+00,0.000000e+00,0.000000e+00,0.000000e+00,0.000000e+00,0.000000e+00,0.000000e+00,0.000000e+00,0.000000e+00,0.000000e+00,0.000000e+00,0.000000e+00,0.000000e+00
1.000000e+00,0.000000e+00,0.000000e+00,0.000000e+00,0.000000e+00,0.000000e+00,0.000000e+00,0.000000e+00,0.000000e+00,0.000000e+00,0.000000e+00,0.000000e+00,0.000000e+00,0.000000e+00,0.000000e+00
1.000000e+00,0.000000e+00,0.000000e+00,0.000000e+00,0.000000e+00,0.000000e+00,0.000000e+00,0.000000e+00,0.000000e+00,0.000000e+00,0.000000e+00,0.000000e+00,0.000000e+00,0.000000e+00,0.000000e+00
1.000000e+00,0.000000e+00,0.000000e+00,0.000000e+00,0.000000e+00,0.000000e+00,0.000000e+00,0.000000e+00,0.000000e+00,0.000000e+00,0.000000e+00,0.000000e+00,0.000000e+00,0.000000e+00,0.000000e+00
1.000000e+00,0.000000e+00,0.000000e+00,0.000000e+00,0.000000e+00,0.000000e+00,0.000000e+00,0.000000e+00,0.000000e+00,0.000000e+00,0.000000e+00,0.000000e+00,0.000000e+00,0.000000e+00,0.000000e+00
1.000000e+00,0.000000e+00,0.000000e+00,0.000000e+00,0.000000e+00,0.000000e+00,0.000000e+00,0.000000e+00,0.000000e+00,0.000000e+00,0.000000e+00,0.000000e+00,0.000000e+00,0.000000e+00,0.000000e+00
1.000000e+00,0.000000e+00,0.000000e+00,0.000000e+00,0.000000e+00,0.000000e+00,0.000000e+00,0.000000e+00,0.000000e+00,0.000000e+00,0.000000e+00,0.000000e+00,0.000000e+00,0.000000e+00,0.000000e+00
1.000000e+00,0.000000e+00,0.000000e+00,0.000000e+00,0.000000e+00,0.000000e+00,0.000000e+00,0.000000e+00,0.000000e+00,0.000000e+00,0.000000e+00,0.000000e+00,0.000000e+00,0.000000e+00,0.000000e+00
1.000000e+00,0.000000e+00,0.000000e+00,0.000000e+00,0.000000e+00,0.000000e+00,0.000000e+00,0.000000e+00,0.000000e+00,0.000000e+00,0.000000e+00,0.000000e+00,0.000000e+00,0.000000e+00,0.000000e+00
1.000000e+00,0.000000e+00,0.000000e+00,0.000000e+00,0.000000e+00,0.000000e+00,0.000000e+00,0.000000e+00,0.000000e+00,0.000000e+00,0.000000e+00,0.000000e+00,0.000000e+00,0.000000e+00,0.000000e+00
1.000000e+00,0.000000e+00,0.000000e+00,0.000000e+00,0.000000e+00,0.000000e+00,0.000000e+00,0.000000e+00,0.000000e+00,0.000000e+00,0.000000e+00,0.000000e+00,0.000000e+00,0.000000e+00,0.000000e+00
1.000000e+00,0.000000e+00,0.000000e+00,0.000000e+00,0.000000e+00,0.000000e+00,0.000000e+00,0.000000e+00,0.000000e+00,0.000000e+00,0.000000e+00,0.000000e+00,0.000000e+00,0.000000e+00,0.000000e+00
1.000000e+00,0.000000e+00,0.000000e+00,0.000000e+00,0.000000e+00,0.000000e+00,0.000000e+00,0.000000e+00,0.000000e+00,0.000000e+00,0.000000e+00,0.000000e+00,0.000000e+00,0.000000e+00,0.000000e+00
1.000000e+00,0.000000e+00,0.000000e+00,0.000000e+00,0.000000e+00,0.000000e+00,0.000000e+00,0.000000e+00,0.000000e+00,0.000000e+00,0.000000e+00,0.000000e+00,0.000000e+00,0.000000e+00,0.000000e+00
1.000000e+00,0.000000e+00,0.000000e+00,0.000000e+00,0.000000e+00,0.000000e+00,0.000000e+00,0.000000e+00,0.000000e+00,0.000000e+00,0.000000e+00,0.000000e+00,0.000000e+00,0.000000e+00,0.000000e+00
1.000000e+00,0.000000e+00,0.000000e+00,0.000000e+00,0.000000e+00,0.000000e+00,0.000000e+00,0.000000e+00,0.000000e+00,0.000000e+00,0.000000e+00,0.000000e+00,0.000000e+00,0.000000e+00,0.000000e+00
1.000000e+00,0.000000e+00,0.000000e+00,0.000000e+00,0.000000e+00,0.000000e+00,0.000000e+00,0.000000e+00,0.000000e+00,0.000000e+00,0.000000e+00,0.000000e+00,0.000000e+00,0.000000e+00,0.000000e+00
1.000000e+00,0.000000e+00,0.000000e+00,0.000000e+00,0.000000e+00,0.000000e+00,0.000000e+00,0.000000e+00,0.000000e+00,0.000000e+00,0.000000e+00,0.000000e+00,0.000000e+00,0.000000e+00,0.000000e+00
1.000000e+00,0.000000e+00,0.000000e+00,0.000000e+00,0.000000e+00,0.000000e+00,0.000000e+00,0.000000e+00,0.000000e+00,0.000000e+00,0.000000e+00,0.000000e+00,0.000000e+00,0.000000e+00,0.000000e+00
1.000000e+00,0.000000e+00,0.000000e+00,0.000000e+00,0.000000e+00,0.000000e+00,0.000000e+00,0.000000e+00,0.000000e+00,0.000000e+00,0.000000e+00,0.000000e+00,0.000000e+00,0.000000e+00,0.000000e+00
1.000000e+00,0.000000e+00,0.000000e+00,0.000000e+00,0.000000e+00,0.000000e+00,0.000000e+00,0.000000e+00,0.000000e+00,0.000000e+00,0.000000e+00,0.000000e+00,0.000000e+00,0.000000e+00,0.000000e+00
1.000000e+00,0.000000e+00,0.000000e+00,0.000000e+00,0.000000e+00,0.000000e+00,0.000000e+00,0.000000e+00,0.000000e+00,0.000000e+00,0.000000e+00,0.000000e+00,0.000000e+00,0.000000e+00,0.000000e+00
1.000000e+00,0.000000e+00,0.000000e+00,0.000000e+00,0.000000e+00,0.000000e+00,0.000000e+00,0.000000e+00,0.000000e+00,0.000000e+00,0.000000e+00,0.000000e+00,0.000000e+00,0.000000e+00,0.000000e+00
1.000000e+00,0.000000e+00,0.000000e+00,0.000000e+00,0.000000e+00,0.000000e+00,0.000000e+00,0.000000e+00,0.000000e+00,0.000000e+00,0.000000e+00,0.000000e+00,0.000000e+00,0.000000e+00,0.000000e+00
1.000000e+00,0.000000e+00,0.000000e+00,0.000000e+00,0.000000e+00,0.000000e+00,0.000000e+00,0.000000e+00,0.000000e+00,0.000000e+00,0.000000e+00,0.000000e+00,0.000000e+00,0.000000e+00,0.000000e+00
1.000000e+00,0.000000e+00,0.000000e+00,0.000000e+00,0.000000e+00,0.000000e+00,0.000000e+00,0.000000e+00,0.000000e+00,0.000000e+00,0.000000e+00,0.000000e+00,0.000000e+00,0.000000e+00,0.000000e+00
3.697311e-01,1.050414e-02,3.901868e-03,1.466256e-02,5.563800e-02,1.195659e-02,4.875118e-01,9.413111e-03,3.076982e-03,1.220717e-03,3.813757e-03,1.018735e-02,1.012787e-02,1.164415e-03,7.089752e-03
2.588574e-01,7.362750e-03,2.766108e-03,1.030272e-02,4.266470e-02,8.477146e-03,6.355193e-01,7.041051e-03,2.173897e-03,1.248415e-03,2.705436e-03,7.157499e-03,7.618619e-03,8.258477e-04,5.279146e-03
1.812785e-01,5.175789e-03,1.976706e-03,7.261625e-03,3.194013e-02,7.185289e-03,7.317374e-01,5.202091e-03,1.613802e-03,2.325779e-03,5.068438e-03,6.291591e-03,6.697070e-03,6.014472e-04,5.644315e-03
1.269307e-01,3.636581e-03,1.387345e-03,5.108698e-03,2.270573e-02,5.249071e-03,7.742738e-01,3.822815e-03,1.199775e-03,1.747366e-03,1.375529e-02,7.252410e-03,1.295567e-02,5.289007e-04,1.944581e-02
8.891133e-02,2.555799e-03,9.755525e-04,3.586726e-03,1.620343e-02,3.831940e-03,7.298203e-01,2.725289e-03,8.809242e-04,1.319188e-03,8.384345e-02,2.454164e-02,1.840729e-02,2.359422e-03,2.003771e-02
6.259345e-02,1.850314e-03,7.037444e-04,2.550074e-03,1.165445e-02,3.008313e-03,6.535904e-01,2.041769e-03,7.608333e-04,1.177900e-03,1.795345e-01,2.214296e-02,2.474592e-02,1.357988e-02,2.006543e-02
4.403771e-02,1.308220e-03,5.048655e-04,1.805982e-03,8.206245e-03,2.184400e-03,4.674297e-01,1.481848e-03,5.914229e-04,1.226981e-03,3.962198e-01,1.800252e-02,1.961969e-02,1.822286e-02,1.915770e-02
3.097637e-02,1.256133e-03,3.867753e-04,1.572533e-03,9.193276e-03,2.018654e-03,3.361984e-01,1.514536e-03,4.868957e-02,1.136739e-02,4.027918e-01,3.513327e-02,2.436327e-02,2.768926e-02,6.684879e-02
2.211767e-02,1.915962e-03,3.878405e-04,2.433419e-03,8.059782e-03,2.803041e-03,2.535706e-01,2.525184e-03,9.584098e-02,1.587490e-02,4.228866e-01,4.400670e-02,2.215777e-02,3.882442e-02,6.659516e-02
1.610345e-02,6.067541e-03,1.726677e-03,1.188920e-02,8.461801e-03,5.152415e-03,1.952574e-01,6.037675e-03,1.774807e-01,2.492920e-02,3.723397e-01,4.323076e-02,1.971377e-02,4.700099e-02,6.460877e-02
1.284683e-02,6.392024e-03,1.646624e-03,1.025602e-02,9.698234e-03,5.223639e-03,1.453781e-01,6.300766e-03,2.470084e-01,5.064155e-02,3.071403e-01,6.248192e-02,2.466349e-02,4.446688e-02,6.585535e-02
1.113501e-02,6.522152e-03,2.773161e-03,1.114254e-02,1.291120e-02,5.740935e-03,1.134018e-01,1.317222e-02,3.073209e-01,8.706755e-02,2.362176e-01,5.644733e-02,2.727975e-02,4.341919e-02,6.544867e-02
8.503718e-03,5.725182e-03,6.605035e-03,8.688746e-02,1.880429e-02,1.151703e-02,8.625219e-02,9.955651e-03,2.480511e-01,1.151407e-01,2.177008e-01,4.985115e-02,5.354520e-02,3.103776e-02,5.042277e-02
6.581408e-03,4.341363e-03,6.333994e-03,9.090970e-02,2.129989e-02,9.709640e-03,6.286260e-02,8.140748e-03,1.784880e-01,1.520262e-01,2.639335e-01,5.520991e-02,7.980791e-02,2.310163e-02,3.725353e-02
5.089231e-03,3.340003e-03,5.863377e-03,7.942151e-02,1.617898e-02,8.208331e-03,4.430769e-02,7.200070e-03,1.290188e-01,1.608446e-01,2.194690e-01,1.273507e-01,1.443393e-01,1.998575e-02,2.938270e-02
7.977773e-03,3.714142e-03,5.873915e-03,5.814232e-02,2.215656e-02,1.023827e-02,3.368770e-02,1.632592e-02,9.962229e-02,1.231965e-01,1.757392e-01,1.638508e-01,2.387936e-01,1.645964e-02,2.422147e-02
8.876175e-03,3.144278e-03,4.767534e-03,4.175421e-02,3.245853e-02,1.251731e-02,2.699689e-02,2.178739e-02,7.512479e-02,9.037327e-02,1.331763e-01,1.831056e-01,3.340606e-01,1.251669e-02,1.934045e-02
9.498551e-03,2.774739e-03,3.908019e-03,3.022078e-02,2.640542e-02,1.593436e-02,2.307335e-02,1.858602e-02,5.929602e-02,6.451350e-02,9.476101e-02,1.776324e-01,4.467750e-01,9.573437e-03,1.704743e-02
1.163852e-02,2.561453e-03,3.142393e-03,2.138882e-02,2.072665e-02,1.694780e-02,1.975967e-02,1.627427e-02,4.411800e-02,4.661513e-02,6.751213e-02,2.383997e-01,4.689339e-01,8.181358e-03,1.380028e-02
1.953842e-02,2.455706e-03,2.969874e-03,1.526387e-02,2.140098e-02,1.632665e-02,4.833648e-02,3.974704e-02,3.562406e-02,3.398889e-02,4.853331e-02,3.011859e-01,3.949529e-01,6.571445e-03,1.310444e-02
5.600262e-02,3.422918e-03,3.233011e-03,1.159472e-02,1.842332e-02,3.220095e-02,4.484114e-02,4.990723e-02,2.718604e-02,2.421843e-02,3.440487e-02,2.754993e-01,4.041443e-01,4.962641e-03,9.958503e-03
1.040300e-01,5.002520e-03,3.148109e-03,9.717813e-03,1.760424e-02,5.319379e-02,3.930670e-02,4.021833e-02,2.204229e-02,1.724643e-02,2.435632e-02,2.380479e-01,4.144515e-01,3.705896e-03,7.928212e-03
1.890411e-01,6.045203e-03,5.294668e-03,9.790733e-03,2.154679e-02,5.919718e-02,3.935125e-02,3.656950e-02,2.336589e-02,1.269818e-02,1.773933e-02,1.852086e-01,3.840145e-01,3.010889e-03,7.126147e-03
2.264167e-01,5.911779e-03,7.121997e-03,8.900073e-03,2.191091e-02,7.573900e-02,3.780734e-02,5.587243e-02,2.040604e-02,9.374268e-03,1.326213e-02,1.523377e-01,3.563026e-01,2.362106e-03,6.274929e-03
2.028434e-01,1.406275e-02,1.188292e-02,1.130032e-02,2.216422e-02,9.062874e-02,3.424746e-02,4.033677e-02,3.962602e-02,7.693227e-03,1.212054e-02,1.217709e-01,3.693709e-01,2.124602e-03,1.982730e-02
1.629609e-01,1.620233e-02,1.264056e-02,1.322974e-02,3.225297e-02,6.815106e-02,3.647129e-02,3.317093e-02,1.106995e-01,5.782247e-03,1.120447e-02,1.071593e-01,3.664041e-01,1.849807e-03,2.182089e-02
1.254350e-01,1.531965e-02,1.720300e-02,1.143837e-01,3.941872e-02,5.136222e-02,2.941832e-02,2.665174e-02,1.816259e-01,5.328845e-03,9.827257e-03,7.776533e-02,2.803623e-01,1.664445e-03,2.423359e-02
1.015282e-01,1.211056e-02,2.289999e-02,9.714996e-02,3.499627e-02,4.086028e-02,2.557451e-02,7.976868e-02,1.808377e-01,4.460375e-03,1.337239e-02,5.968543e-02,2.760068e-01,1.593136e-03,4.915582e-02
8.368802e-02,1.486904e-02,2.754299e-02,7.516152e-02,4.769327e-02,3.523390e-02,2.426635e-02,6.817859e-02,2.660469e-01,3.600740e-03,1.092647e-02,4.391531e-02,2.462894e-01,1.344772e-03,5.124273e-02
6.756014e-02,2.173837e-02,2.086871e-02,5.521262e-02,5.133056e-02,3.159267e-02,2.040949e-02,5.513205e-02,4.118559e-01,2.969577e-03,8.150124e-03,3.156893e-02,1.820848e-01,1.031525e-03,3.849454e-02
5.616663e-02,3.768193e-02,2.180584e-02,7.392399e-02,1.057032e-01,2.415611e-02,1.804229e-02,4.844749e-02,4.164478e-01,3.144571e-03,8.760244e-03,2.341524e-02,1.294806e-01,9.398957e-04,3.188430e-02
9.534949e-02,4.105935e-02,2.131768e-02,6.020715e-02,1.073014e-01,2.308400e-02,1.542792e-02,3.930425e-02,4.275450e-01,6.341069e-03,1.037234e-02,1.769402e-02,9.774899e-02,1.350576e-03,3.589680e-02
1.369109e-01,4.425891e-02,1.825823e-02,4.605027e-02,1.072978e-01,2.093025e-02,1.348495e-02,3.246003e-02,4.275112e-01,6.351832e-03,1.013185e-02,1.558887e-02,7.696224e-02,1.648188e-03,4.215435e-02
1.702053e-01,4.889852e-02,1.502472e-02,3.525699e-02,1.053716e-01,1.886264e-02,4.445359e-02,2.744426e-02,4.075262e-01,6.398615e-03,8.680036e-03,1.357742e-02,5.849272e-02,1.600879e-03,3.820653e-02
1.719825e-01,4.109614e-02,1.280467e-02,2.680422e-02,8.405758e-02,2.074161e-02,1.517211e-01,5.085166e-02,3.350936e-01,6.763300e-03,8.072892e-03,1.184831e-02,4.338156e-02,1.544190e-03,3.323677e-02
1.572979e-01,3.540898e-02,1.036693e-02,2.127115e-02,6.834041e-02,2.063433e-02,3.010240e-01,4.252861e-02,2.515568e-01,8.242866e-03,6.575008e-03,1.172068e-02,3.598808e-02,1.300163e-03,2.774418e-02
1.286039e-01,2.996546e-02,8.688755e-03,1.661955e-02,5.539427e-02,1.983351e-02,4.279747e-01,4.537006e-02,1.842007e-01,7.590702e-03,8.062972e-03,1.260327e-02,2.872493e-02,1.080088e-03,2.528713e-02
1.439147e-01,2.927247e-02,8.675759e-03,1.507606e-02,4.449499e-02,2.365537e-02,4.597435e-01,5.894146e-02,1.352401e-01,7.249874e-03,8.691398e-03,1.446467e-02,2.322208e-02,1.200983e-03,2.615651e-02
1.748612e-01,2.890513e-02,9.783754e-03,1.419299e-02,3.667953e-02,2.706879e-02,4.622065e-01,5.752219e-02,1.049283e-01,7.826312e-03,8.662047e-03,1.509450e-02,1.967583e-02,1.427127e-03,3.116580e-02
1.697450e-01,2.539095e-02,1.012415e-02,1.321026e-02,3.249759e-02,2.574914e-02,4.908717e-01,7.262816e-02,8.190150e-02,7.201368e-03,9.631518e-03,1.329646e-02,1.555729e-02,1.415502e-03,3.077933e-02
1.676058e-01,1.969568e-02,9.243466e-03,1.074295e-02,3.118563e-02,2.471078e-02,5.444298e-01,6.515777e-02,6.201396e-02,5.487344e-03,7.390693e-03,9.825625e-03,1.332193e-02,1.296885e-03,2.789156e-02
1.860219e-01,2.247386e-02,1.387269e-02,1.051799e-02,2.952260e-02,4.134842e-02,5.180669e-01,5.987761e-02,4.902346e-02,5.298981e-03,6.590947e-03,7.732006e-03,1.191544e-02,1.884689e-03,3.585253e-02
2.299963e-01,2.220202e-02,1.242856e-02,8.441642e-03,2.332833e-02,1.064649e-01,3.816047e-01,4.455899e-02,3.593227e-02,6.304283e-03,1.189831e-02,7.409823e-03,1.089106e-02,1.471018e-02,8.382864e-02
2.335574e-01,2.090412e-02,1.009499e-02,6.720441e-03,1.730037e-02,2.271871e-01,2.748140e-01,3.233390e-02,2.637556e-02,1.111763e-02,1.968395e-02,6.913686e-03,1.108604e-02,1.894874e-02,8.296206e-02
1.714834e-01,1.864162e-02,1.888704e-02,7.335045e-03,1.292968e-02,1.666132e-01,1.933572e-01,2.372757e-02,2.394599e-02,2.242081e-01,2.683314e-02,7.053670e-03,1.028631e-02,1.492966e-02,7.976845e-02
1.286367e-01,2.625411e-02,1.607003e-02,6.961178e-03,9.394224e-03,1.318719e-01,1.358692e-01,1.737946e-02,3.782317e-02,2.077796e-01,3.686599e-02,1.435307e-02,9.476182e-03,1.440419e-02,2.068609e-01
9.769551e-02,3.071709e-02,1.470039e-02,7.205373e-03,7.058160e-03,1.033741e-01,9.561359e-02,1.381901e-02,8.063696e-02,1.896471e-01,4.677494e-02,1.874930e-02,8.708407e-03,1.547593e-02,2.698241e-01
7.251764e-02,3.514499e-02,1.255037e-02,1.677249e-02,8.444726e-03,1.072172e-01,6.775557e-02,1.075789e-02,1.133293e-01,1.476106e-01,5.632220e-02,2.742387e-02,1.033875e-02,1.480419e-02,2.990103e-01
5.532563e-02,2.918235e-02,8.916720e-02,4.359628e-02,1.198081e-02,8.914372e-02,4.796106e-02,9.131177e-03,1.141775e-01,1.117451e-01,7.590245e-02,2.662288e-02,1.704620e-02,1.318009e-02,2.658375e-01
4.026257e-02,2.851644e-02,2.228489e-01,3.619343e-02,1.088527e-02,8.252537e-02,3.397783e-02,7.080054e-03,9.571983e-02,8.403951e-02,8.618894e-02,2.558217e-02,2.155520e-02,1.079457e-02,2.138299e-01
2.887758e-02,3.553253e-02,1.870117e-01,2.788501e-02,1.037989e-02,5.919488e-02,2.397479e-02,8.138187e-03,1.937999e-01,6.933194e-02,1.026859e-01,2.321174e-02,2.477533e-02,1.265540e-02,1.925452e-01
2.085515e-02,4.266105e-02,1.461382e-01,2.165125e-02,1.234939e-02,4.314024e-02,1.722683e-02,1.077751e-02,2.861647e-01,5.320115e-02,1.004170e-01,1.924116e-02,3.031496e-02,1.360688e-02,1.822544e-01
1.503038e-02,7.794981e-02,1.064357e-01,2.243563e-02,1.333883e-02,3.197868e-02,1.256556e-02,1.296538e-02,4.114929e-01,3.792514e-02,7.297844e-02,1.409271e-02,2.513674e-02,9.819908e-03,1.358541e-01
1.094478e-02,9.266737e-02,7.922300e-02,4.319953e-02,1.541877e-02,2.551738e-02,9.145398e-03,1.588485e-02,4.879512e-01,2.767863e-02,5.251545e-02,1.011880e-02,2.128755e-02,7.029892e-03,1.014173e-01
8.803732e-03,9.188178e-02,5.913011e-02,5.447249e-02,2.599411e-02,2.257663e-02,7.124353e-03,1.542048e-02,5.486023e-01,2.116237e-02,3.866952e-02,7.361902e-03,1.679131e-02,4.997452e-03,7.701143e-02
9.056310e-03,1.011645e-01,4.819874e-02,6.698272e-02,3.361951e-02,1.864175e-02,7.028027e-03,2.142272e-02,5.691011e-01,1.601502e-02,2.864145e-02,5.244867e-03,1.512279e-02,3.538426e-03,5.622204e-02
1.078029e-02,9.684150e-02,3.930946e-02,6.204370e-02,3.903253e-02,1.471889e-02,9.105569e-03,1.936388e-02,5.490856e-01,1.341268e-02,2.707784e-02,3.895052e-03,6.610879e-02,2.512680e-03,4.671151e-02
1.099017e-02,9.701033e-02,3.707219e-02,6.612259e-02,3.303341e-02,1.569573e-02,1.086872e-02,1.600355e-02,5.331742e-01,1.457454e-02,2.607777e-02,4.289619e-03,9.284045e-02,1.877052e-03,4.036967e-02
9.948999e-03,7.242918e-02,3.254318e-02,8.302075e-02,2.902587e-02,2.502596e-02,1.266808e-02,1.364556e-02,4.616132e-01,1.627457e-02,4.074995e-02,6.581309e-03,1.522464e-01,2.422709e-03,4.180422e-02
9.724274e-03,5.186671e-02,2.362531e-02,7.350891e-02,2.424980e-02,3.301736e-02,1.460657e-02,1.034016e-02,3.432242e-01,2.063916e-02,4.783938e-02,3.795066e-02,2.706029e-01,2.201414e-03,3.660313e-02
7.885808e-03,3.664467e-02,1.668208e-02,5.372264e-02,1.795886e-02,5.904406e-02,1.478019e-02,7.369972e-03,2.430436e-01,2.061975e-02,6.107932e-02,8.213095e-02,3.407905e-01,1.996211e-03,3.625131e-02
6.138416e-03,2.613307e-02,1.169499e-02,3.883495e-02,1.326080e-02,5.077310e-02,1.482387e-02,5.406917e-03,1.739625e-01,2.153584e-02,8.221063e-02,1.772340e-01,3.397726e-01,4.057401e-03,3.416092e-02
5.251278e-03,1.990463e-02,8.225149e-03,2.745546e-02,1.027677e-02,3.789147e-02,1.441515e-02,4.176696e-03,1.308147e-01,2.382257e-02,1.814281e-01,2.044895e-01,2.823718e-01,1.661175e-02,3.286492e-02
4.359175e-03,1.450984e-02,5.803587e-03,1.947472e-02,7.751022e-03,2.811418e-02,1.186570e-02,3.239757e-03,9.647123e-02,2.215696e-02,3.043098e-01,2.216804e-01,2.124840e-01,2.163919e-02,2.614040e-02
3.946247e-03,1.047677e-02,4.128768e-03,1.384775e-02,5.622881e-03,2.346507e-02,8.594564e-03,3.422643e-03,6.964999e-02,2.445845e-02,4.353373e-01,2.023344e-01,1.514105e-01,2.294193e-02,2.036271e-02
4.195898e-03,7.739266e-03,3.042642e-03,1.150985e-02,6.052356e-03,2.129459e-02,6.127252e-03,3.358550e-03,5.642953e-02,2.213881e-02,5.346272e-01,1.707145e-01,1.077046e-01,3.020887e-02,1.485598e-02
7.131665e-03,6.082253e-03,2.400815e-03,9.225397e-03,6.178995e-03,1.961112e-02,4.504005e-03,4.176256e-03,5.480643e-02,2.170219e-02,5.459363e-01,1.592851e-01,7.812995e-02,6.951958e-02,1.130996e-02
1.810899e-02,4.651309e-03,1.773243e-03,7.375733e-03,4.756567e-03,1.644601e-02,3.218666e-03,3.416032e-03,4.399029e-02,2.037125e-02,6.098366e-01,1.216945e-01,5.558250e-02,8.040135e-02,8.376907e-03
1.569423e-02,5.464011e-03,3.073195e-03,7.333618e-03,1.619588e-02,2.784188e-02,3.540647e-03,2.964704e-03,4.744536e-02,1.763424e-02,6.419058e-01,9.829247e-02,4.001405e-02,6.583121e-02,6.768673e-03
1.669673e-02,4.787079e-03,4.130170e-03,6.566854e-03,1.992514e-02,2.973108e-02,3.781464e-03,3.229608e-03,5.227130e-02,1.878366e-02,6.400850e-01,9.241009e-02,2.924648e-02,7.280410e-02,5.551170e-03
1.698118e-02,9.745688e-03,6.449050e-02,5.784305e-03,2.855798e-02,3.147957e-02,5.681391e-03,2.987716e-02,8.136550e-02,3.047466e-02,5.229028e-01,7.479218e-02,2.150828e-02,7.159722e-02,4.761456e-03
1.949285e-02,1.432913e-02,6.624830e-02,6.003724e-03,3.063322e-02,5.078956e-02,6.315768e-03,2.539788e-02,1.988363e-01,3.082774e-02,4.000779e-01,5.922472e-02,1.685775e-02,6.913532e-02,5.829707e-03
1.566218e-02,1.231957e-02,1.112515e-01,9.439927e-03,2.895456e-02,4.687735e-02,5.692592e-03,3.909657e-02,2.756215e-01,3.104052e-02,2.970662e-01,4.377522e-02,1.291545e-02,6.545496e-02,4.831793e-03
1.395523e-02,1.494171e-02,1.150801e-01,9.402785e-03,2.520726e-02,5.157204e-02,4.394990e-03,3.170162e-02,3.763570e-01,2.522689e-02,2.259793e-01,3.206839e-02,1.078664e-02,5.885519e-02,4.470798e-03
2.471169e-02,1.350840e-02,8.741105e-02,1.481025e-02,2.179679e-02,4.438698e-02,3.543873e-03,2.640376e-02,4.619808e-01,2.213714e-02,1.826182e-01,2.372317e-02,9.391807e-03,5.980723e-02,3.768832e-03
1.896461e-02,1.349432e-02,6.198747e-02,1.154233e-02,1.696543e-02,3.615632e-02,2.533399e-03,1.968356e-02,5.296909e-01,1.837154e-02,1.915086e-01,2.065283e-02,9.322278e-03,4.592634e-02,3.199952e-03
1.548431e-02,1.449999e-02,4.515306e-02,1.946293e-02,1.451400e-02,3.350193e-02,1.842733e-03,2.042349e-02,5.688274e-01,1.538966e-02,1.821679e-01,1.665346e-02,1.186186e-02,3.698703e-02,3.230285e-03
1.096409e-02,1.040227e-02,3.218259e-02,9.678333e-02,8.445969e-02,2.819720e-02,1.367684e-03,1.509390e-02,4.051844e-01,1.445974e-02,1.855529e-01,2.311859e-02,6.312180e-02,2.612469e-02,2.987210e-03
7.765620e-03,7.597302e-03,2.298078e-02,1.215762e-01,9.549721e-02,2.393189e-02,9.796913e-04,1.089523e-02,2.844844e-01,1.115108e-02,1.812807e-01,4.522935e-02,1.659625e-01,1.837687e-02,2.291190e-03
5.454591e-03,5.373159e-03,1.618531e-02,9.192652e-02,7.656267e-02,1.801921e-02,7.157624e-04,7.714272e-03,1.993174e-01,8.717550e-03,2.060641e-01,5.045555e-02,2.987047e-01,1.301677e-02,1.772403e-03
3.861846e-03,3.804028e-03,1.158015e-02,6.546776e-02,5.579800e-02,1.418870e-02,6.329253e-04,5.487720e-03,1.397488e-01,6.550253e-03,1.786748e-01,1.063098e-01,3.969450e-01,9.458822e-03,1.491385e-03
2.799592e-03,2.706818e-03,8.545185e-03,4.607242e-02,4.188025e-02,1.348068e-02,5.423000e-04,3.964705e-03,9.855807e-02,5.196960e-03,1.391244e-01,2.386159e-01,3.891241e-01,8.091589e-03,1.297009e-03
2.077074e-03,1.912251e-03,6.032743e-03,3.234684e-02,3.069938e-02,1.238520e-02,4.182431e-04,2.905039e-03,7.018805e-02,4.405565e-03,1.118308e-01,4.177129e-01,2.998466e-01,6.299899e-03,9.393985e-04
1.732518e-03,1.364002e-03,4.291260e-03,2.279149e-02,2.403747e-02,1.889605e-02,3.601616e-04,2.423077e-03,5.035695e-02,3.725988e-03,1.031137e-01,5.348490e-01,2.264082e-01,4.974148e-03,6.759708e-04
1.801479e-03,1.059245e-03,3.074019e-03,1.615611e-02,1.863443e-02,2.257851e-02,2.906433e-04,1.966310e-03,3.608891e-02,3.965107e-03,1.142147e-01,6.088364e-01,1.670846e-01,3.753965e-03,4.956772e-04
1.633735e-03,8.807297e-04,2.221192e-03,1.153297e-02,1.393438e-02,1.765857e-02,2.272283e-04,1.793487e-03,2.626836e-02,3.690961e-03,1.279627e-01,6.651487e-01,1.237878e-01,2.883610e-03,3.755481e-04
1.675134e-03,1.979140e-03,2.114371e-03,8.589632e-03,1.721381e-02,1.321722e-02,2.103644e-04,2.268731e-03,3.613894e-02,5.797791e-03,1.214850e-01,6.939774e-01,9.245310e-02,2.529036e-03,3.503833e-04
2.089018e-03,4.317096e-03,4.265117e-03,1.327010e-02,1.289984e-01,9.535164e-03,5.456565e-04,4.974488e-03,1.236037e-01,5.929549e-03,8.989878e-02,5.442477e-01,6.591821e-02,2.048554e-03,3.584689e-04
3.027504e-03,7.901443e-03,1.867461e-02,3.261291e-02,1.673848e-01,8.565488e-03,6.483938e-04,1.021491e-02,1.979493e-01,1.161879e-02,7.646292e-02,4.151424e-01,4.723052e-02,1.670359e-03,8.956273e-04
3.140213e-03,1.314128e-02,1.500356e-02,2.496079e-02,1.505322e-01,1.679442e-02,5.483382e-04,7.589584e-03,3.434239e-01,1.092433e-02,7.685699e-02,2.982472e-01,3.558181e-02,1.857512e-03,1.397931e-03
3.733653e-03,1.262524e-02,1.101562e-02,1.830676e-02,1.104028e-01,2.459183e-02,4.106876e-04,5.522772e-03,3.683453e-01,1.827466e-02,1.644651e-01,2.193317e-01,3.669386e-02,4.408146e-03,1.871906e-03
5.100333e-03,1.190696e-02,8.359464e-03,1.382360e-02,8.374573e-02,2.116649e-02,3.392742e-04,4.174013e-03,4.099324e-01,1.740569e-02,2.118364e-01,1.638127e-01,3.026951e-02,1.608167e-02,2.045678e-03
6.831353e-03,1.459797e-02,1.913096e-02,2.465739e-02,6.915841e-02,1.752446e-02,2.891683e-04,5.378218e-03,4.863295e-01,1.681376e-02,1.736639e-01,1.188454e-01,2.388977e-02,1.891293e-02,3.976808e-03
7.679679e-03,1.748159e-02,1.549190e-02,2.042774e-02,5.139419e-02,1.480869e-02,2.276955e-04,4.779551e-03,5.307327e-01,1.874129e-02,1.798357e-01,8.785821e-02,1.828364e-02,2.761495e-02,4.642535e-03
1.082342e-02,2.710015e-02,1.517786e-02,2.466640e-02,3.827400e-02,1.314114e-02,2.413808e-04,5.329986e-03,5.955256e-01,1.578810e-02,1.405374e-01,6.325094e-02,1.392981e-02,3.171831e-02,4.495557e-03
1.442881e-02,2.503808e-02,1.342883e-02,2.266642e-02,3.334101e-02,1.024217e-02,3.350518e-04,1.260293e-02,6.308951e-01,1.301897e-02,1.233013e-01,4.675370e-02,1.088866e-02,3.947970e-02,3.579293e-03
1.610271e-02,2.492007e-02,1.021012e-02,1.767982e-02,2.987138e-02,8.122997e-03,5.781974e-04,1.977276e-02,6.764621e-01,9.966359e-03,9.773099e-02,3.342986e-02,7.800392e-03,4.415894e-02,3.193423e-03
1.729411e-02,3.916772e-02,7.768189e-03,1.818421e-02,3.437769e-02,1.030106e-02,6.677898e-04,2.270578e-02,6.920760e-01,1.011697e-02,7.197337e-02,2.431140e-02,6.006090e-03,3.557453e-02,9.475179e-03
1.742706e-02,4.530694e-02,5.964401e-03,1.396854e-02,3.976395e-02,1.223645e-02,8.618092e-04,3.178845e-02,7.035155e-01,7.866099e-03,5.802738e-02,1.740230e-02,4.368819e-03,3.321853e-02,8.283823e-03
1.970988e-02,9.519651e-02,4.987684e-03,1.097750e-02,4.740117e-02,1.440573e-02,8.967899e-04,5.446374e-02,6.340201e-01,5.942862e-03,4.287504e-02,1.234517e-02,3.232622e-03,4.533259e-02,8.212621e-03
2.033377e-02,1.271626e-01,5.772020e-03,9.061721e-03,7.272124e-02,1.394878e-02,1.488083e-03,4.652090e-02,5.805104e-01,4.412286e-03,3.532066e-02,8.714015e-03,2.413765e-03,6.382400e-02,7.795831e-03
2.217329e-02,1.193811e-01,5.835609e-03,8.824493e-03,8.045235e-02,1.316283e-02,1.441090e-03,5.293185e-02,5.876749e-01,3.475255e-03,3.231000e-02,6.602118e-03,1.879171e-03,5.670289e-02,7.153071e-03
4.434349e-02,1.144066e-01,5.809159e-03,1.344952e-02,8.158018e-02,2.472809e-02,1.609645e-03,9.263159e-02,5.176275e-01,2.889069e-03,3.178971e-02,6.648772e-03,2.561495e-03,4.978342e-02,1.014166e-02
5.602771e-02,1.292453e-01,7.324140e-03,1.427789e-02,8.311404e-02,3.802279e-02,1.617752e-03,9.335661e-02,4.784342e-01,2.626076e-03,3.156449e-02,5.831660e-03,2.290927e-03,4.618477e-02,1.008156e-02
9.109645e-02,1.023035e-01,1.003399e-02,3.943474e-02,8.678705e-02,3.069677e-02,1.509529e-03,1.643186e-01,3.935044e-01,2.179625e-03,2.449944e-02,6.471364e-03,2.691886e-03,3.484945e-02,9.623270e-03
8.729120e-02,7.738418e-02,1.553594e-02,3.532256e-02,7.220109e-02,2.416648e-02,1.539341e-03,3.109400e-01,3.152685e-01,1.613110e-03,1.849515e-02,5.457653e-03,2.316927e-03,2.537047e-02,7.097411e-03
9.507786e-02,6.612901e-02,1.785811e-02,2.823761e-02,1.073887e-01,1.824365e-02,1.670245e-03,3.286324e-01,2.903553e-01,1.310350e-03,1.393037e-02,4.756205e-03,2.155808e-03,1.881895e-02,5.435417e-03
2.263856e-01,6.886496e-02,1.714606e-02,2.336719e-02,1.055695e-01,1.798099e-02,2.353896e-03,2.465808e-01,2.480610e-01,1.654895e-03,1.243269e-02,6.111352e-03,3.051930e-03,1.467544e-02,5.763627e-03
3.156337e-01,6.113312e-02,1.788354e-02,2.009422e-02,9.980418e-02,1.686024e-02,3.132172e-03,2.079684e-01,2.147407e-01,1.529519e-03,1.112052e-02,8.127406e-03,4.008399e-03,1.142709e-02,6.536834e-03
3.154043e-01,4.426409e-02,2.602918e-02,2.025220e-02,9.547473e-02,1.571237e-02,4.940259e-03,2.771685e-01,1.613805e-01,1.360741e-03,9.894336e-03,9.322448e-03,4.530992e-03,8.531706e-03,5.733612e-03
4.046396e-01,3.401224e-02,2.146888e-02,1.617438e-02,9.696607e-02,1.617028e-02,7.563564e-03,2.303069e-01,1.354844e-01,2.002586e-03,8.322332e-03,9.477374e-03,5.042430e-03,6.579800e-03,5.789202e-03
4.791350e-01,2.905968e-02,1.718454e-02,1.291279e-02,1.031180e-01,1.402923e-02,7.709933e-03,1.889842e-01,1.139497e-01,2.368142e-03,6.728541e-03,8.660792e-03,4.534054e-03,5.691376e-03,5.934088e-03
4.333238e-01,2.237531e-02,1.705947e-02,1.322797e-02,7.797845e-02,1.276692e-02,1.217605e-02,3.010549e-01,8.236895e-02,2.083799e-03,5.064757e-03,7.074573e-03,4.039079e-03,4.698842e-03,4.707204e-03
3.633046e-01,1.638807e-02,1.600022e-02,1.346882e-02,5.821818e-02,1.111188e-02,1.426003e-02,4.269865e-01,5.871879e-02,1.625108e-03,3.751951e-03,5.546406e-03,3.422935e-03,3.657862e-03,3.538690e-03
3.472184e-01,1.195672e-02,1.589962e-02,1.331397e-02,4.389800e-02,1.276605e-02,1.428254e-02,4.794284e-01,4.201720e-02,1.302633e-03,2.995430e-03,5.799740e-03,3.399719e-03,2.801771e-03,2.919903e-03
4.036650e-01,9.065272e-03,1.500790e-02,1.063704e-02,3.222757e-02,1.771327e-02,1.247172e-02,4.446425e-01,3.084040e-02,1.128097e-03,2.806991e-03,9.749151e-03,4.569607e-03,2.143027e-03,3.332400e-03
4.068438e-01,6.976366e-03,1.338087e-02,9.095048e-03,2.417877e-02,2.360779e-02,1.143833e-02,4.574209e-01,2.268804e-02,9.953990e-04,2.689689e-03,9.882458e-03,5.823804e-03,1.626138e-03,3.352571e-03
4.010405e-01,5.256504e-03,1.152295e-02,7.810730e-03,1.808018e-02,2.674766e-02,8.939468e-03,4.770089e-01,1.625503e-02,1.052882e-03,3.279721e-03,1.120802e-02,7.437683e-03,1.296339e-03,3.063451e-03
2.952041e-01,4.005482e-03,9.085589e-03,6.623550e-03,1.380326e-02,2.891732e-02,7.114049e-03,4.362828e-01,1.182158e-02,2.629118e-03,1.503427e-02,7.728763e-02,8.642063e-02,2.127568e-03,3.643059e-03
2.152534e-01,3.249799e-03,6.764275e-03,5.780204e-03,1.010841e-02,2.127700e-02,5.185924e-03,3.145223e-01,9.974047e-03,8.012631e-03,7.465141e-02,6.939456e-02,2.191380e-01,4.057357e-03,3.263061e-02
1.560730e-01,2.592436e-03,4.811494e-03,4.598484e-03,7.286661e-03,1.599383e-02,3.755043e-03,2.219112e-01,9.447869e-03,5.843701e-03,6.133699e-02,1.045714e-01,3.353882e-01,4.134160e-02,2.504809e-02
1.112575e-01,1.918295e-03,3.449805e-03,3.630965e-03,5.690949e-03,1.167883e-02,2.770830e-03,1.569835e-01,8.387933e-03,5.469239e-03,4.840522e-02,2.589689e-01,2.727578e-01,9.043527e-02,1.819495e-02
7.926961e-02,1.723160e-03,2.476992e-03,2.686905e-03,4.278403e-03,8.517491e-03,2.005935e-03,1.101731e-01,8.186644e-03,4.851624e-03,5.327532e-02,4.064001e-01,2.035345e-01,9.957367e-02,1.304656e-02
5.584590e-02,2.418243e-03,1.786323e-03,1.936317e-03,3.157663e-03,6.132460e-03,1.425058e-03,7.718529e-02,1.328156e-02,4.294062e-03,5.366901e-02,5.077501e-01,1.560484e-01,1.050666e-01,1.000298e-02
4.066149e-02,1.008263e-02,1.350497e-03,1.428041e-03,2.299633e-03,4.660021e-03,1.036268e-03,5.412801e-02,3.440131e-02,5.944215e-03,1.108896e-01,4.313595e-01,1.226968e-01,1.692297e-01,9.832290e-03
2.934095e-02,1.387678e-02,1.028503e-03,1.027815e-03,1.649524e-03,3.530556e-03,7.421655e-04,3.792067e-02,9.103293e-02,4.450145e-03,8.440281e-02,3.807669e-01,9.010347e-02,2.521698e-01,7.957027e-03
2.199123e-02,1.985145e-02,7.877943e-04,7.373008e-04,1.219806e-03,2.849096e-03,5.321530e-04,2.659362e-02,1.167058e-01,3.338053e-03,6.839930e-02,2.833191e-01,6.417540e-02,3.830242e-01,6.475732e-03
1.620159e-02,3.505846e-02,8.423282e-04,9.836879e-04,2.409536e-03,3.716600e-03,3.901511e-04,1.893523e-02,1.700281e-01,3.169462e-03,5.679008e-02,2.071716e-01,4.542594e-02,4.336087e-01,5.268525e-03
1.253083e-02,4.839282e-02,7.631985e-04,1.031189e-03,7.619479e-03,3.972737e-03,2.974409e-04,1.356177e-02,2.289491e-01,2.716763e-03,5.356143e-02,1.475603e-01,3.232822e-02,4.425445e-01,4.170239e-03
9.389178e-03,5.858950e-02,6.200013e-04,1.106068e-03,7.118874e-03,6.196621e-03,2.155006e-04,9.904985e-03,3.486797e-01,2.049689e-03,3.989307e-02,1.038983e-01,2.295165e-02,3.859292e-01,3.457799e-03
6.994218e-03,5.284624e-02,4.765885e-04,1.684004e-03,8.726351e-03,6.943002e-03,1.787193e-04,7.092027e-03,4.872517e-01,1.646878e-03,2.934352e-02,7.329246e-02,1.716193e-02,3.018166e-01,4.545861e-03
5.414523e-03,5.935094e-02,4.432848e-04,2.701059e-03,1.325428e-02,7.702323e-03,1.864776e-04,5.150578e-03,5.829079e-01,1.968406e-03,2.193675e-02,5.198880e-02,1.271570e-02,2.278528e-01,6.426277e-03
4.706448e-03,6.477565e-02,6.070885e-04,8.161083e-03,1.523446e-02,8.251496e-03,2.319176e-04,3.997863e-03,6.452398e-01,2.502268e-03,1.692731e-02,3.707227e-02,1.025156e-02,1.622301e-01,1.981065e-02
3.716623e-03,5.798464e-02,4.885728e-04,7.249949e-03,1.450938e-02,8.559912e-03,2.042968e-04,2.857310e-03,7.221984e-01,2.174497e-03,1.277922e-02,2.627272e-02,7.851967e-03,1.143253e-01,1.882729e-02
4.550699e-03,5.898878e-02,7.407527e-04,1.423450e-02,2.992763e-02,1.529808e-02,3.453048e-04,2.303713e-03,7.331797e-01,2.596973e-03,1.015483e-02,1.869722e-02,6.147130e-03,8.062402e-02,2.221060e-02
6.582191e-03,6.427275e-02,3.542469e-03,3.688262e-02,5.902286e-02,4.205298e-02,9.103332e-04,5.049211e-03,6.621616e-01,6.007588e-03,7.854299e-03,1.319399e-02,4.649391e-03,5.683768e-02,3.097998e-02
7.204931e-03,7.256691e-02,1.640949e-02,6.653031e-02,5.051842e-02,4.126867e-02,7.553272e-04,8.557469e-03,5.317767e-01,2.365367e-02,6.208599e-03,9.395773e-03,3.650104e-03,3.996473e-02,1.215389e-01
1.932665e-02,7.356011e-02,1.746604e-02,7.076248e-02,6.149351e-02,5.294732e-02,8.076616e-04,3.575327e-02,4.651966e-01,2.707863e-02,5.253457e-03,6.814338e-03,3.003745e-03,2.820078e-02,1.323354e-01
4.400916e-02,6.845462e-02,1.650085e-02,6.768828e-02,9.375252e-02,5.295044e-02,1.091177e-03,5.526965e-02,4.245228e-01,2.240697e-02,4.360946e-03,4.867733e-03,2.342813e-03,2.018240e-02,1.215996e-01
4.822470e-02,7.807814e-02,1.279702e-01,1.005606e-01,8.053152e-02,4.081158e-02,1.157740e-03,7.120726e-02,3.077602e-01,1.755265e-02,3.820444e-03,3.629417e-03,1.946660e-03,1.432080e-02,1.024280e-01
3.472655e-02,9.824593e-02,1.042269e-01,1.409867e-01,6.895967e-02,3.825419e-02,1.013673e-03,5.090690e-02,2.229203e-01,1.254582e-02,4.880700e-03,4.333702e-03,1.347038e-01,1.003238e-02,7.326280e-02
2.502687e-02,1.018312e-01,9.207805e-02,1.588952e-01,5.598971e-02,3.151470e-02,1.211398e-03,3.783872e-02,1.626180e-01,9.048701e-03,5.405440e-03,4.749271e-03,2.529333e-01,7.033726e-03,5.382574e-02
1.770206e-02,7.865205e-02,6.498500e-02,1.136611e-01,4.331904e-02,2.997895e-02,9.048561e-04,2.669878e-02,1.160544e-01,6.368332e-03,5.036808e-03,4.704596e-03,4.489504e-01,4.926489e-03,3.805720e-02
1.254489e-02,5.685754e-02,4.566187e-02,8.034410e-02,3.185747e-02,2.591846e-02,6.514093e-04,1.874068e-02,8.171085e-02,4.465356e-03,3.805115e-03,4.168812e-03,6.029319e-01,3.451526e-03,2.689001e-02
