1.000000e+00,0.000000e+00,0.000000e+00,0.000000e+00,0.000000e+00,0.000000e+00,0.000000e+00,0.000000e+00,0.000000e+00,0.000000e+00,0.000000e+00,0.000000e+00,0.000000e+00,0.000000e+00,0.000000e+00
1.000000e+00,0.000000e+00,0.000000e+00,0.000000e+00,0.000000e+00,0.000000e+00,0.000000e+00,0.000000e+00,0.000000e+00,0.000000e+00,0.000000e+00,0.000000e+00,0.000000e+00,0.000000e+00,0.000000e+00
1.000000e+00,0.000000e+00,0.000000e+00,0.000000e+00,0.000000e+00,0.000000e+00,0.000000e+00,0.000000e+00,0.000000e+00,0.000000e+00,0.000000e+00,0.000000e+00,0.000000e+00,0.000000e+00,0.000000e+00
1.000000e+00,0.000000e+00,0.000000e+00,0.000000e+00,0.000000e+00,0.000000e+00,0.000000e+00,0.000000e+00,0.000000e+00,0.000000e+00,0.000000e+00,0.000000e+00,0.000000e+00,0.000000e+00,0.000000e+00
1.000000e+00,0.000000e+00,0.000000e+00,0.000000e+00,0.000000e+00,0.000000e+00,0.000000e+00,0.000000e+00,0.000000e+00,0.000000e+00,0.000000e+00,0.000000e+00,0.000000e+00,0.000000e+00,0.000000e+00
1.000000e+00,0.000000e+00,0.000000e+00,0.000000e+00,0.000000e+00,0.000000e+00,0.000000e+00,0.000000e+00,0.000000e+00,0.000000e+00,0.000000e+00,0.000000e+00,0.000000e+00,0.000000e+00,0.000000e+00
1.000000e+00,0.000000e+00,0.000000e+00,0.000000e+00,0.000000e+00,0.000000e+00,0.000000e+00,0.000000e+00,0.000000e+00,0.000000e+00,0.000000e+00,0.000000e+00,0.000000e+00,0.000000e+00,0.000000e+00
1.000000e+00,0.000000e+00,0.000000e+00,0.000000e+00,0.000000e+00,0.000000e+00,0.000000e+00,0.000000e+00,0.000000e+00,0.000000e+00,0.000000e+00,0.000000e+00,0.000000e+00,0.000000e+00,0.000000e+00
1.000000e+00,0.000000e+00,0.000000e+00,0.000000e+00,0.000000e+00,0.000000e+00,0.000000e+00,0.000000e+00,0.000000e+00,0.000000e+00,0.000000e+00,0.000000e+00,0.000000e+00,0.000000e+00,0.000000e+00
1.000000e+00,0.000000e+00,0.000000e+00,0.000000e+00,0.000000e+00,0.000000e+00,0.000000e+00,0.000000e+00,0.000000e+00,0.000000e+00,0.000000e+00,0.000000e+00,0.000000e+00,0.000000e+00,0.000000e+00
1.000000e+00,0.000000e+00,0.000000e+00,0.000000e+00,0.000000e+00,0.000000e+00,0.000000e+00,0.000000e+00,0.000000e+00,0.000000e+00,0.000000e+00,0.000000e+00,0.000000e+00,0.000000e+00,0.000000e+00
1.000000e+00,0.000000e+00,0.000000e+00,0.000000e+00,0.000000e+00,0.000000e+00,0.000000e+00,0.000000e+00,0.000000e+00,0.000000e+00,0.000000e+00,0.000000e+00,0.000000e+00,0.000000e+00,0.000000e+00
1.000000e+00,0.000000e+00,0.000000e+00,0.000000e+00,0.000000e+00,0.000000e+00,0.000000e+00,0.000000e+00,0.000000e+00,0.000000e+00,0.000000e+00,0.000000e+00,0.000000e+00,0.000000e+00,0.000000e+00
1.000000e+00,0.000000e+00,0.000000e+00,0.000000e+00,0.000000e+00,0.000000e+00,0.000000e+00,0.000000e+00,0.000000e+00,0.000000e+00,0.000000e+00,0.000000e+00,0.000000e+00,0.000000e+00,0.000000e+00
1.000000e+00,0.000000e+00,0.000000e+00,0.000000e+00,0.000000e+00,0.000000e+00,0.000000e+00,0.000000e+00,0.000000e+00,0.000000e+00,0.000000e+00,0.000000e+00,0.000000e+00,0.000000e+00,0.000000e+00
1.000000e+00,0.000000e+00,0.000000e+00,0.000000e+00,0.000000e+00,0.000000e+00,0.000000e+00,0.000000e+00,0.000000e+00,0.000000e+00,0.000000e+00,0.000000e+00,0.000000e+00,0.000000e+00,0.000000e+00
1.000000e+00,0.000000e+00,0.000000e+00,0.000000e+00,0.000000e+00,0.000000e+00,0.000000e+00,0.000000e+00,0.000000e+00,0.000000e+00,0.000000e+00,0.000000e+00,0.000000e+00,0.000000e+00,0.000000e+00
1.000000e+00,0.000000e+00,0.000000e+00,0.000000e+00,0.000000e+00,0.000000e+00,0.000000e+00,0.000000e+00,0.000000e+00,0.000000e+00,0.000000e+00,0.000000e+00,0.000000e+00,0.000000e+00,0.000000e+00
1.000000e+00,0.000000e+00,0.000000e+00,0.000000e+00,0.000000e+00,0.000000e+00,0.000000e+00,0.000000e+00,0.000000e+00,0.000000e+00,0.000000e+00,0.000000e+00,0.000000e+00,0.000000e+00,0.000000e+00
1.000000e+00,0.000000e+00,0.000000e+00,0.000000e+00,0.000000e+00,0.000000e+00,0.000000e+00,0.000000e+00,0.000000e+00,0.000000e+00,0.000000e+00,0.000000e+00,0.000000e+00,0.000000e+00,0.000000e+00
1.000000e+00,0.000000e+00,0.000000e+00,0.000000e+00,0.000000e+00,0.000000e+00,0.000000e+00,0.000000e+00,0.000000e+00,0.000000e+00,0.000000e+00,0.000000e+00,0.000000e+00,0.000000e+00,0.000000e+00
1.000000e+00,0.000000e+00,0.000000e+00,0.000000e+00,0.000000e+00,0.000000e+00,0.000000e+00,0.000000e+00,0.000000e+00,0.000000e+00,0.000000e+00,0.000000e+00,0.000000e+00,0.000000e+00,0.000000e+00
1.000000e+00,0.000000e+00,0.000000e+00,0.000000e+00,0.000000e+00,0.000000e+00,0.000000e+00,0.000000e+00,0.000000e+00,0.000000e+00,0.000000e+00,0.000000e+00,0.000000e+00,0.000000e+00,0.000000e+00
1.000000e+00,0.000000e+00,0.000000e+00,0.000000e+00,0.000000e+00,0.000000e+00,0.000000e+00,0.000000e+00,0.000000e+00,0.000000e+00,0.000000e+00,0.000000e+00,0.000000e+00,0.000000e+00,0.000000e+00
1.000000e+00,0.000000e+00,0.000000e+00,0.000000e+00,0.000000e+00,0.000000e+00,0.000000e+00,0.000000e+00,0.000000e+00,0.000000e+00,0.000000e+00,0.000000e+00,0.000000e+00,0.000000e+00,0.000000e+00
1.000000e+00,0.000000e+00,0.000000e+00,0.000000e+00,0.000000e+00,0.000000e+00,0.000000e+00,0.000000e+00,0.000000e+00,0.000000e+00,0.000000e+00,0.000000e+00,0.000000e+00,0.000000e+00,0.000000e+00
1.000000e+00,0.000000e+00,0.000000e+00,0.000000e+00,0.000000e+00,0.000000e+00,0.000000e+00,0.000000e+00,0.000000e+00,0.000000e+00,0.000000e+00,0.000000e+00,0.000000e+00,0.000000e+00,0.000000e+00
1.000000e+00,0.000000e+00,0.000000e+00,0.000000e+00,0.000000e+00,0.000000e+00,0.000000e+00,0.000000e+00,0.000000e+00,0.000000e+00,0.000000e+00,0.000000e+00,0.000000e+00,0.000000e+00,0.000000e+00
1.000000e+00,0.000000e+00,0.000000e+00,0.000000e+00,0.000000e+00,0.000000e+00,0.000000e+00,0.000000e+00,0.000000e+00,0.000000e+00,0.000000e+00,0.000000e+00,0.000000e+00,0.000000e+00,0.000000e+00
1.000000e+00,0.000000e+00,0.000000e+00,0.000000e+00,0.000000e+00,0.000000e+00,0.000000e+00,0.000000e+00,0.000000e+00,0.000000e+00,0.000000e+00,0.000000e+00,0.000000e+00,0.000000e+00,0.000000e+00
1.000000e+00,0.000000e+00,0.000000e+00,0.000000e+00,0.000000e+00,0.000000e+00,0.000000e+00,0.000000e+00,0.000000e+00,0.000000e+00,0.000000e+00,0.000000e+00,0.000000e+00,0.000000e+00,0.000000e+00
1.000000e+00,0.000000e+00,0.000000e+00,0.000000e+00,0.000000e+00,0.000000e+00,0.000000e+00,0.000000e+00,0.000000e+00,0.000000e+00,0.000000e+00,0.000000e+00,0.000000e+00,0.000000e+00,0.000000e+00
1.000000e+00,0.000000e+00,0.000000e+00,0.000000e+00,0.000000e+00,0.000000e+00,0.000000e+00,0.000000e+00,0.000000e+00,0.000000e+00,0.000000e+00,0.000000e+00,0.000000e+00,0.000000e+00,0.000000e+00
1.000000e+00,0.000000e+00,0.000000e+00,0.000000e+00,0.000000e+00,0.000000e+00,0.000000e+00,0.000000e+00,0.000000e+00,0.000000e+00,0.000000e+00,0.000000e+00,0.000000e+00,0.000000e+00,0.000000e+00
1.000000e+00,0.000000e+00,0.000000e+00,0.000000e+00,0.000000e+00,0.000000e+00,0.000000e+00,0.000000e+00,0.000000e+00,0.000000e+00,0.000000e+00,0.000000e+00,0.000000e+00,0.000000e+00,0.000000e+00
1.000000e+00,0.000000e+00,0.000000e+00,0.000000e+00,0.000000e+00,0.000000e+00,0.000000e+00,0.000000e+00,0.000000e+00,0.000000e+00,0.000000e+00,0.000000e+00,0.000000e+00,0.000000e+00,0.000000e+00
1.000000e+00,0.000000e+00,0.000000e+00,0.000000e+00,0.000000e+00,0.000000e+00,0.000000e+00,0.000000e+00,0.000000e+00,0.000000e+00,0.000000e+00,0.000000e+00,0.000000e+00,0.000000e+00,0.000000e+00
1.000000e+00,0.000000e+00,0.000000e+00,0.000000e+00,0.000000e+00,0.000000e+00,0.000000e+00,0.000000e+00,0.000000e+00,0.000000e+00,0.000000e+00,0.000000e+00,0.000000e+00,0.000000e+00,0.000000e+00
1.000000e+00,0.000000e+00,0.000000e+00,0.000000e+00,0.000000e+00,0.000000e+00,0.000000e+00,0.000000e+00,0.000000e+00,0.000000e+00,0.000000e+00,0.000000e+00,0.000000e+00,0.000000e+00,0.000000e+00
1.000000e+00,0.000000e+00,0.000000e+00,0.000000e+00,0.000000e+00,0.000000e+00,0.000000e+00,0.000000e+00,0.000000e+00,0.000000e+00,0.000000e+00,0.000000e+00,0.000000e+00,0.000000e+00,0.000000e+00
1.000000e+00,0.000000e+00,0.000000e+00,0.000000e+00,0.000000e+00,0.000000e+00,0.000000e+00,0.000000e+00,0.000000e+00,0.000000e+00,0.000000e+00,0.000000e+00,0.000000e+00,0.000000e+00,0.000000e+00
1.000000e+00,0.000000e+00,0.000000e+00,0.000000e+00,0.000000e+00,0.000000e+00,0.000000e+00,0.000000e+00,0.000000e+00,0.000000e+00,0.000000e+00,0.000000e+00,0.000000e+00,0.000000e+00,0.000000e+00
4.577186e-01,6.047001e-02,8.112821e-02,2.933683e-01,7.880765e-03,8.307749e-03,2.048286e-03,7.221875e-03,6.567948e-03,2.491899e-03,1.888226e-02,1.625828e-02,7.269115e-03,5.835378e-03,2.455143e-02
1.000000e+00,0.000000e+00,0.000000e+00,0.000000e+00,0.000000e+00,0.000000e+00,0.000000e+00,0.000000e+00,0.000000e+00,0.000000e+00,0.000000e+00,0.000000e+00,0.000000e+00,0.000000e+00,0.000000e+00
4.251672e-01,5.509312e-02,1.044271e-01,3.124347e-01,7.278254e-03,1.027509e-02,2.279073e-03,7.992161e-03,5.901212e-03,1.796196e-03,1.279105e-02,1.328673e-02,8.072100e-03,3.964406e-03,2.924165e-02
1.000000e+00,0.000000e+00,0.000000e+00,0.000000e+00,0.000000e+00,0.000000e+00,0.000000e+00,0.000000e+00,0.000000e+00,0.000000e+00,0.000000e+00,0.000000e+00,0.000000e+00,0.000000e+00,0.000000e+00
1.000000e+00,0.000000e+00,0.000000e+00,0.000000e+00,0.000000e+00,0.000000e+00,0.000000e+00,0.000000e+00,0.000000e+00,0.000000e+00,0.000000e+00,0.000000e+00,0.000000e+00,0.000000e+00,0.000000e+00
1.000000e+00,0.000000e+00,0.000000e+00,0.000000e+00,0.000000e+00,0.000000e+00,0.000000e+00,0.000000e+00,0.000000e+00,0.000000e+00,0.000000e+00,0.000000e+00,0.000000e+00,0.000000e+00,0.000000e+00
1.000000e+00,0.000000e+00,0.000000e+00,0.000000e+00,0.000000e+00,0.000000e+00,0.000000e+00,0.000000e+00,0.000000e+00,0.000000e+00,0.000000e+00,0.000000e+00,0.000000e+00,0.000000e+00,0.000000e+00
1.000000e+00,0.000000e+00,0.000000e+00,0.000000e+00,0.000000e+00,0.000000e+00,0.000000e+00,0.000000e+00,0.000000e+00,0.000000e+00,0.000000e+00,0.000000e+00,0.000000e+00,0.000000e+00,0.000000e+00
1.000000e+00,0.000000e+00,0.000000e+00,0.000000e+00,0.000000e+00,0.000000e+00,0.000000e+00,0.000000e+00,0.000000e+00,0.000000e+00,0.000000e+00,0.000000e+00,0.000000e+00,0.000000e+00,0.000000e+00
1.000000e+00,0.000000e+00,0.000000e+00,0.000000e+00,0.000000e+00,0.000000e+00,0.000000e+00,0.000000e+00,0.000000e+00,0.000000e+00,0.000000e+00,0.000000e+00,0.000000e+00,0.000000e+00,0.000000e+00
1.000000e+00,0.000000e+00,0.000000e+00,0.000000e+00,0.000000e+00,0.000000e+00,0.000000e+00,0.000000e+00,0.000000e+00,0.000000e+00,0.000000e+00,0.000000e+00,0.000000e+00,0.000000e+00,0.000000e+00
1.000000e+00,0.000000e+00,0.000000e+00,0.000000e+00,0.000000e+00,0.000000e+00,0.000000e+00,0.000000e+00,0.000000e+00,0.000000e+00,0.000000e+00,0.000000e+00,0.000000e+00,0.000000e+00,0.000000e+00
1.000000e+00,0.000000e+00,0.000000e+00,0.000000e+00,0.000000e+00,0.000000e+00,0.000000e+00,0.000000e+00,0.000000e+00,0.000000e+00,0.000000e+00,0.000000e+00,0.000000e+00,0.000000e+00,0.000000e+00
1.000000e+00,0.000000e+00,0.000000e+00,0.000000e+00,0.000000e+00,0.000000e+00,0.000000e+00,0.000000e+00,0.000000e+00,0.000000e+00,0.000000e+00,0.000000e+00,0.000000e+00,0.000000e+00,0.000000e+00
1.000000e+00,0.000000e+00,0.000000e+00,0.000000e+00,0.000000e+00,0.000000e+00,0.000000e+00,0.000000e+00,0.000000e+00,0.000000e+00,0.000000e+00,0.000000e+00,0.000000e+00,0.000000e+00,0.000000e+00
1.000000e+00,0.000000e+00,0.000000e+00,0.000000e+00,0.000000e+00,0.000000e+00,0.000000e+00,0.000000e+00,0.000000e+00,0.000000e+00,0.000000e+00,0.000000e+00,0.000000e+00,0.000000e+00,0.000000e+00
1.000000e+00,0.000000e+00,0.000000e+00,0.000000e+00,0.000000e+00,0.000000e+00,0.000000e+00,0.000000e+00,0.000000e+00,0.000000e+00,0.000000e+00,0.000000e+00,0.000000e+00,0.000000e+00,0.000000e+00
1.000000e+00,0.000000e+00,0.000000e+00,0.000000e+00,0.000000e+00,0.000000e+00,0.000000e+00,0.000000e+00,0.000000e+00,0.000000e+00,0.000000e+00,0.000000e+00,0.000000e+00,0.000000e+00,0.000000e+00
1.000000e+00,0.000000e+00,0.000000e+00,0.000000e+00,0.000000e+00,0.000000e+00,0.000000e+00,0.000000e+00,0.000000e+00,0.000000e+00,0.000000e+00,0.000000e+00,0.000000e+00,0.000000e+00,0.000000e+00
1.000000e+00,0.000000e+00,0.000000e+00,0.000000e+00,0.000000e+00,0.000000e+00,0.000000e+00,0.000000e+00,0.000000e+00,0.000000e+00,0.000000e+00,0.000000e+00,0.000000e+00,0.000000e+00,0.000000e+00
1.000000e+00,0.000000e+00,0.000000e+00,0.000000e+00,0.000000e+00,0.000000e+00,0.000000e+00,0.000000e+00,0.000000e+00,0.000000e+00,0.000000e+00,0.000000e+00,0.000000e+00,0.000000e+00,0.000000e+00
1.000000e+00,0.000000e+00,0.000000e+00,0.000000e+00,0.000000e+00,0.000000e+00,0.000000e+00,0.000000e+00,0.000000e+00,0.000000e+00,0.000000e+00,0.000000e+00,0.000000e+00,0.000000e+00,0.000000e+00
4.667587e-01,3.297921e-02,6.355019e-03,7.545950e-02,1.562702e-03,8.348214e-03,1.670507e-03,4.584360e-03,2.646481e-01,3.988398e-02,9.315360e-03,5.946147e-03,1.022632e-02,2.315749e-03,6.994612e-02
3.272950e-01,2.336847e-02,4.819698e-03,5.473410e-02,2.162870e-03,6.376788e-03,1.291694e-03,3.594943e-03,4.512241e-01,2.937894e-02,1.733706e-02,4.806160e-03,1.704030e-02,2.695526e-03,5.387429e-02
2.302295e-01,1.682293e-02,3.673806e-03,4.055313e-02,3.307078e-03,5.175267e-03,1.046383e-03,3.243861e-03,4.725066e-01,2.195718e-02,8.298669e-02,4.955086e-03,5.881116e-02,1.006104e-02,4.467022e-02
1.628487e-01,1.336439e-02,2.881235e-03,2.907123e-02,1.666074e-02,5.339672e-03,8.503157e-04,2.758361e-03,4.348958e-01,1.617287e-02,1.611970e-01,4.265402e-03,5.875456e-02,4.606931e-02,4.487032e-02
1.154662e-01,1.008437e-02,2.193576e-03,2.118269e-02,1.422195e-02,4.243528e-03,6.282153e-04,2.087357e-03,5.641346e-01,1.200517e-02,1.200204e-01,3.267817e-03,4.433204e-02,4.601827e-02,4.011375e-02
9.998955e-02,1.094883e-02,2.719862e-03,1.830700e-02,1.176379e-02,5.492163e-03,9.163148e-04,2.119293e-03,6.140597e-01,1.130443e-02,8.809607e-02,2.874050e-03,3.364744e-02,5.436019e-02,4.340132e-02
7.471712e-02,8.499384e-03,2.346425e-03,1.322616e-02,8.726222e-03,6.569142e-03,7.770239e-04,1.537375e-03,5.579738e-01,1.041655e-02,6.733789e-02,2.208421e-03,2.445344e-02,1.561816e-01,6.502946e-02
5.453420e-02,9.184266e-03,2.082172e-03,1.023745e-02,6.567819e-03,6.665180e-03,6.804576e-04,1.153409e-03,6.035237e-01,8.892900e-03,4.945336e-02,1.787793e-03,1.791104e-02,1.713378e-01,5.598839e-02
4.007388e-02,7.517043e-03,1.547800e-03,7.449216e-03,4.877983e-03,8.247456e-03,5.232692e-04,8.349719e-04,4.925249e-01,7.757533e-03,3.701187e-02,1.584172e-03,1.396180e-02,3.180292e-01,5.805894e-02
3.028525e-02,8.496226e-03,1.171799e-03,5.481881e-03,3.631460e-03,1.029160e-02,4.542156e-04,6.325253e-04,4.189872e-01,6.552299e-03,2.737531e-02,1.472054e-03,1.175649e-02,4.199957e-01,5.341609e-02
2.374000e-02,3.412604e-02,1.324001e-03,6.240610e-03,2.709741e-03,8.269193e-03,3.873058e-04,4.557908e-04,5.053006e-01,8.717872e-03,2.073484e-02,1.326765e-03,8.602610e-03,3.214900e-01,5.657464e-02
2.893114e-02,2.764173e-02,1.118787e-03,4.473476e-03,1.933028e-03,7.465675e-03,3.582647e-04,4.115298e-04,3.905425e-01,8.776862e-03,2.605130e-02,1.234131e-03,7.125481e-03,3.954965e-01,9.843966e-02
4.344576e-02,2.286774e-02,1.107795e-03,3.392750e-03,1.478690e-03,7.494691e-03,3.030340e-04,3.883605e-04,2.889849e-01,7.685205e-03,2.489974e-02,1.035610e-03,6.039341e-03,4.827145e-01,1.081619e-01
8.187709e-02,1.828773e-02,1.784691e-03,3.314081e-03,3.043060e-03,6.117387e-03,4.641413e-04,6.352862e-04,2.332183e-01,6.432215e-03,2.749622e-02,3.846158e-03,9.722080e-03,4.990330e-01,1.047286e-01
7.904116e-02,1.484349e-02,1.999614e-03,2.995608e-03,7.811489e-03,7.310979e-03,5.930123e-04,1.476845e-03,2.141111e-01,9.445324e-03,2.629891e-02,3.303279e-03,1.043316e-02,5.191361e-01,1.011999e-01
6.708619e-02,1.721117e-02,3.798651e-03,8.179998e-03,1.384441e-02,7.242329e-03,1.147310e-03,1.914460e-03,1.832304e-01,1.122722e-02,3.044024e-02,4.412417e-03,1.108281e-02,5.285391e-01,1.106434e-01
8.370021e-02,1.594784e-02,1.624140e-02,2.074172e-02,2.374867e-02,8.580087e-03,1.944455e-03,5.035453e-03,1.651760e-01,2.413374e-02,3.615151e-02,5.947893e-03,1.415263e-02,4.757493e-01,1.027491e-01
7.408766e-02,1.570059e-02,2.042255e-02,3.740006e-02,2.629148e-02,1.179877e-02,2.567308e-03,6.269130e-03,2.005164e-01,5.010661e-02,6.099966e-02,1.155848e-02,3.013011e-02,3.705441e-01,8.160703e-02
6.576928e-02,1.938703e-02,3.425497e-02,3.454729e-02,2.940613e-02,2.354267e-02,1.228299e-02,1.681930e-02,2.033363e-01,5.917217e-02,6.770144e-02,1.528287e-02,5.800109e-02,2.897047e-01,7.079174e-02
5.604392e-02,1.700843e-02,4.546598e-02,3.628717e-02,2.828700e-02,2.955200e-02,1.484490e-02,1.080817e-01,1.912050e-01,5.013165e-02,6.720752e-02,1.899435e-02,6.853199e-02,2.111957e-01,5.716271e-02
6.128063e-02,1.770337e-02,4.831454e-02,3.546736e-02,2.593907e-02,2.742466e-02,1.672278e-02,1.838304e-01,1.917844e-01,4.152731e-02,5.719528e-02,1.559614e-02,7.383186e-02,1.520040e-01,5.137823e-02
8.023325e-02,2.048319e-02,4.567676e-02,3.712419e-02,4.171882e-02,2.650973e-02,1.745469e-02,2.000441e-01,1.698671e-01,6.726336e-02,4.616844e-02,1.197750e-02,8.385226e-02,1.100871e-01,4.153947e-02
1.080617e-01,1.985775e-02,3.730187e-02,3.832556e-02,4.288031e-02,3.062230e-02,1.494930e-02,2.068558e-01,1.449273e-01,5.725576e-02,3.782112e-02,1.038830e-02,1.320656e-01,8.089698e-02,3.779024e-02
1.216874e-01,2.091024e-02,3.424695e-02,3.963603e-02,4.877445e-02,4.102767e-02,1.529504e-02,2.133023e-01,1.216010e-01,7.381266e-02,3.055807e-02,1.187067e-02,1.335321e-01,5.852110e-02,3.522431e-02
1.359898e-01,2.066706e-02,2.918999e-02,3.646919e-02,5.444708e-02,4.009334e-02,1.950628e-02,2.098015e-01,1.012151e-01,8.351869e-02,2.459787e-02,1.248015e-02,1.549706e-01,4.431673e-02,3.273673e-02
1.636621e-01,2.601859e-02,2.609413e-02,3.244980e-02,5.789185e-02,3.400175e-02,1.982240e-02,1.997561e-01,8.282483e-02,7.613821e-02,2.009585e-02,1.361468e-02,1.262037e-01,3.720356e-02,8.422237e-02
1.864156e-01,3.519526e-02,3.094104e-02,3.260038e-02,5.182790e-02,3.226584e-02,2.054573e-02,1.931271e-01,7.657711e-02,5.984371e-02,2.479650e-02,4.002406e-02,1.021308e-01,2.779357e-02,8.591536e-02
1.789587e-01,4.007613e-02,2.683639e-02,5.669990e-02,4.026772e-02,3.875705e-02,1.693193e-02,1.444282e-01,8.493053e-02,6.433517e-02,5.285665e-02,5.229352e-02,9.993197e-02,2.040154e-02,8.229452e-02
1.325252e-01,3.552127e-02,2.480186e-02,4.390739e-02,3.327825e-02,3.150653e-02,1.295416e-02,1.018930e-01,1.006853e-01,5.062620e-02,7.796583e-02,4.130844e-02,8.835560e-02,1.641847e-02,2.082524e-01
1.018938e-01,2.800308e-02,2.416090e-02,5.161747e-02,2.964062e-02,2.396856e-02,9.959585e-03,7.619017e-02,1.075424e-01,4.038294e-02,9.125189e-02,3.619478e-02,9.945717e-02,1.380403e-02,2.659326e-01
8.578596e-02,2.522118e-02,2.794037e-02,8.617681e-02,2.895110e-02,2.434110e-02,7.716422e-03,5.503232e-02,1.317698e-01,6.101771e-02,9.314924e-02,3.822166e-02,9.418752e-02,1.334770e-02,2.271411e-01
6.549066e-02,2.224887e-02,2.743440e-02,1.402180e-01,2.588462e-02,2.175689e-02,5.656665e-03,4.064143e-02,1.275433e-01,5.402263e-02,1.202759e-01,4.043229e-02,1.061871e-01,1.338932e-02,1.888179e-01
5.082715e-02,1.738016e-02,2.259121e-02,1.188979e-01,3.069904e-02,2.464351e-02,4.626201e-03,2.966191e-02,1.056217e-01,6.290574e-02,1.684278e-01,3.645478e-02,1.179822e-01,1.223465e-02,1.970460e-01
3.931601e-02,1.250884e-02,2.520458e-02,9.297411e-02,5.891807e-02,1.865502e-02,3.617221e-03,2.934568e-02,9.100455e-02,1.118389e-01,1.784745e-01,3.760847e-02,1.118167e-01,1.053534e-02,1.781820e-01
3.879672e-02,9.382243e-03,2.527730e-02,7.206270e-02,1.431126e-01,1.620440e-02,2.976810e-03,3.209009e-02,7.933290e-02,1.353674e-01,1.595879e-01,2.995386e-02,8.732233e-02,8.433209e-03,1.600996e-01
3.102444e-02,3.562532e-02,3.490902e-02,1.525711e-01,1.369746e-01,1.332400e-02,3.095790e-03,2.798167e-02,1.459251e-01,9.647261e-02,1.143470e-01,2.373768e-02,6.289588e-02,6.119390e-03,1.149964e-01
2.613738e-02,5.847553e-02,2.806330e-02,1.421618e-01,1.089783e-01,1.230630e-02,2.740123e-03,2.224163e-02,2.875023e-01,6.998705e-02,8.349380e-02,1.812228e-02,4.602590e-02,4.490489e-03,8.927394e-02
2.190220e-02,4.747877e-02,2.827420e-02,2.660740e-01,9.343252e-02,1.260491e-02,3.381165e-03,2.674624e-02,2.734188e-01,5.043386e-02,6.068328e-02,1.327895e-02,3.423444e-02,3.240497e-03,6.481612e-02
1.618591e-02,3.682150e-02,2.994491e-02,4.408510e-01,6.976933e-02,9.079701e-03,2.474427e-03,1.970504e-02,2.134070e-01,3.576763e-02,4.399429e-02,9.433634e-03,2.415678e-02,2.289472e-03,4.611945e-02
1.257287e-02,3.117173e-02,3.547507e-02,4.923925e-01,5.684664e-02,8.189907e-03,2.291789e-03,1.497094e-02,1.725281e-01,2.814629e-02,7.880224e-02,7.375271e-03,2.010656e-02,1.726162e-03,3.740395e-02
1.313417e-02,2.794765e-02,5.345454e-02,3.665231e-01,5.176299e-02,7.648288e-03,2.267330e-03,1.104029e-02,1.375199e-01,2.488658e-02,2.016862e-01,1.016926e-02,4.033824e-02,2.812317e-03,4.880920e-02
2.840643e-02,2.780440e-02,1.814979e-01,2.995729e-01,5.367664e-02,7.442575e-03,2.559124e-03,1.222076e-02,1.080929e-01,1.921893e-02,1.740291e-01,8.023209e-03,3.508832e-02,3.183058e-03,3.918366e-02
7.337132e-02,2.642070e-02,1.984776e-01,2.343374e-01,6.026091e-02,8.097045e-03,3.657029e-03,2.524408e-02,1.019185e-01,1.777478e-02,1.634390e-01,6.969423e-03,3.325361e-02,6.194014e-03,4.058455e-02
7.801855e-02,4.765163e-02,1.827716e-01,1.863634e-01,8.994286e-02,9.021686e-03,4.524045e-03,5.744818e-02,1.083499e-01,1.658303e-02,1.401556e-01,5.785474e-03,2.918634e-02,7.478876e-03,3.671889e-02
1.038323e-01,5.788225e-02,1.704670e-01,1.556465e-01,1.105955e-01,1.461172e-02,5.168474e-03,5.859134e-02,9.595011e-02,2.126923e-02,1.118725e-01,4.910394e-03,2.382615e-02,9.475704e-03,5.590078e-02
8.080313e-02,6.964977e-02,2.215861e-01,1.637844e-01,8.430918e-02,1.292229e-02,4.145334e-03,4.217553e-02,7.676914e-02,2.612553e-02,8.997497e-02,6.775509e-03,3.082857e-02,7.796380e-03,8.235416e-02
6.289128e-02,5.652794e-02,2.076738e-01,1.362791e-01,6.354868e-02,1.222896e-02,3.746771e-03,3.081455e-02,8.036487e-02,3.584209e-02,1.333546e-01,9.310870e-03,6.714497e-02,1.799172e-02,8.227979e-02
4.538570e-02,4.314728e-02,1.590953e-01,1.507009e-01,4.757148e-02,9.678181e-03,2.860604e-03,2.202385e-02,8.552755e-02,3.079328e-02,2.054193e-01,1.155496e-02,8.877110e-02,2.263450e-02,7.483596e-02
3.569663e-02,3.189268e-02,1.132618e-01,1.478472e-01,3.903694e-02,8.466134e-03,2.155980e-03,1.612157e-02,1.313113e-01,3.154024e-02,2.180511e-01,1.754347e-02,9.143277e-02,2.589607e-02,8.974601e-02
6.170702e-02,2.405408e-02,8.086963e-02,1.166730e-01,4.958846e-02,8.149404e-03,2.043062e-03,1.524913e-02,9.532204e-02,3.250089e-02,2.532721e-01,1.605521e-02,9.093046e-02,3.556518e-02,1.180204e-01
1.046362e-01,2.064287e-02,5.893822e-02,8.948988e-02,4.262937e-02,8.434618e-03,2.141715e-03,1.243003e-02,7.912344e-02,4.845854e-02,2.059514e-01,1.756096e-02,1.010325e-01,7.313263e-02,1.353977e-01
7.579362e-02,1.559042e-02,4.335121e-02,6.320281e-02,3.428303e-02,6.853115e-03,1.706788e-03,9.098882e-03,8.122523e-02,9.279735e-02,1.579615e-01,1.369986e-02,7.732134e-02,1.353541e-01,1.917607e-01
5.531714e-02,1.210023e-02,3.236867e-02,4.474637e-02,2.603273e-02,6.173715e-03,1.480128e-03,6.919076e-03,7.769093e-02,7.979450e-02,1.181595e-01,1.028826e-02,5.878679e-02,2.265488e-01,2.435932e-01
4.147048e-02,1.079549e-02,3.118335e-02,3.377670e-02,2.033504e-02,5.662465e-03,1.166677e-03,5.591974e-03,8.329531e-02,7.086327e-02,9.144706e-02,8.077946e-03,4.544557e-02,2.310338e-01,3.198549e-01
3.296372e-02,9.491943e-03,2.806319e-02,2.403596e-02,1.549798e-02,4.634475e-03,9.544524e-04,4.419097e-03,8.400083e-02,6.449055e-02,6.957150e-02,6.787086e-03,3.644188e-02,2.557717e-01,3.628757e-01
2.543924e-02,8.311540e-03,3.110286e-02,1.710928e-02,1.154491e-02,3.666709e-03,7.373806e-04,3.256248e-03,1.126528e-01,5.995556e-02,5.854085e-02,5.403941e-03,3.109178e-02,2.289016e-01,4.022853e-01
3.217725e-02,8.101461e-03,3.379466e-02,1.220185e-02,8.816844e-03,4.969650e-03,6.044996e-04,3.531579e-03,1.055326e-01,1.038852e-01,4.355975e-02,3.995516e-03,2.294782e-02,1.946957e-01,4.211856e-01
3.780774e-02,7.684110e-03,3.965227e-02,8.915822e-03,7.338909e-03,4.577356e-03,5.513293e-04,4.378027e-03,9.406912e-02,1.461094e-01,3.440687e-02,3.470634e-03,1.881566e-02,1.625010e-01,4.297217e-01
6.016449e-02,9.625038e-03,8.714160e-02,1.244912e-02,9.574823e-03,8.514811e-03,8.576486e-04,4.230843e-03,9.051764e-02,1.176522e-01,3.284796e-02,4.756314e-03,2.340392e-02,1.285759e-01,4.096877e-01
5.944962e-02,1.300809e-02,7.218358e-02,1.203685e-02,1.288320e-02,8.632922e-03,8.656299e-04,4.542785e-03,1.007403e-01,9.392055e-02,3.119432e-02,4.352225e-03,2.514678e-02,9.985861e-02,4.611845e-01
6.588086e-02,1.519950e-02,6.005527e-02,9.704336e-03,1.132795e-02,1.220712e-02,8.062885e-04,4.154101e-03,1.057715e-01,1.081679e-01,2.840129e-02,4.517398e-03,2.224096e-02,1.399249e-01,4.116406e-01
5.273687e-02,4.200754e-02,5.510227e-02,8.119788e-03,1.003575e-02,1.444191e-02,7.226237e-04,4.334159e-03,1.191102e-01,9.355891e-02,2.689058e-02,3.667283e-03,1.782485e-02,1.141759e-01,4.372714e-01
4.294043e-02,6.001279e-02,6.598745e-02,7.516068e-03,1.016288e-02,1.306947e-02,7.110252e-04,4.178155e-03,1.506197e-01,9.893911e-02,2.095925e-02,2.833009e-03,1.353171e-02,1.000842e-01,4.084547e-01
5.167059e-02,5.933942e-02,5.292765e-02,6.390520e-03,1.271885e-02,1.493343e-02,7.860846e-04,4.548787e-03,1.811693e-01,9.059319e-02,1.613589e-02,2.317322e-03,1.012610e-02,9.872761e-02,3.976153e-01
4.828709e-02,6.367986e-02,4.007394e-02,5.374386e-03,1.145636e-02,1.232110e-02,6.394403e-04,4.250453e-03,2.416154e-01,1.245935e-01,1.194001e-02,1.911824e-03,7.617196e-03,7.693842e-02,3.493010e-01
3.790421e-02,7.176936e-02,2.868379e-02,4.425965e-03,9.239705e-03,9.377367e-03,4.819567e-04,3.164541e-03,3.054954e-01,1.749245e-01,9.028124e-03,1.449673e-03,6.143138e-03,5.772784e-02,2.801844e-01
2.693664e-02,6.285638e-02,2.263155e-02,3.743227e-03,6.512135e-03,7.841067e-03,3.551962e-04,2.225246e-03,2.874305e-01,1.262810e-01,7.240907e-03,1.117041e-03,4.602949e-03,7.971004e-02,3.605161e-01
1.904514e-02,4.905251e-02,1.611543e-02,2.750154e-03,4.570717e-03,5.699996e-03,2.666288e-04,1.561270e-03,2.373305e-01,9.194455e-02,6.045026e-03,9.768679e-04,3.325952e-03,1.692339e-01,3.920814e-01
1.365452e-02,3.560978e-02,1.174988e-02,2.191717e-03,3.252672e-03,4.161761e-03,2.493013e-04,1.107645e-03,2.022348e-01,6.720601e-02,2.688055e-02,1.220425e-03,2.581024e-03,2.856834e-01,3.422166e-01
9.743286e-03,2.633902e-02,8.992852e-03,2.683398e-03,2.310229e-03,3.052820e-03,1.919909e-04,7.916759e-04,2.133804e-01,4.862438e-02,8.394248e-02,5.777290e-03,3.243760e-03,2.902623e-01,3.006642e-01
7.112779e-03,1.984944e-02,6.950521e-03,3.968638e-03,2.088824e-03,2.520293e-03,1.749602e-04,6.477204e-04,1.853797e-01,3.594509e-02,8.742028e-02,5.230119e-03,5.354878e-03,4.056655e-01,2.316913e-01
5.138793e-03,1.403917e-02,4.943427e-03,3.209362e-03,1.665898e-03,1.887358e-03,1.785919e-04,5.233950e-04,1.325582e-01,3.672185e-02,9.231061e-02,3.820603e-03,4.087360e-03,3.887792e-01,3.101362e-01
3.758570e-03,9.878593e-03,3.514538e-03,2.470234e-03,1.296812e-03,1.495297e-03,1.559995e-04,4.629964e-04,9.347700e-02,3.031325e-02,9.142297e-02,2.761718e-03,3.088942e-03,3.068047e-01,4.490983e-01
2.731324e-03,6.981751e-03,2.497360e-03,1.759974e-03,9.623903e-04,1.649041e-03,1.293317e-04,3.564543e-04,6.597240e-02,2.731485e-02,1.711246e-01,2.433710e-03,2.565522e-03,3.242857e-01,3.892355e-01
1.982786e-03,5.009575e-03,1.802960e-03,1.250937e-03,8.582015e-04,1.960812e-03,1.125651e-04,2.982325e-04,4.700223e-02,3.540026e-02,1.702308e-01,2.067932e-03,2.105708e-03,2.764366e-01,4.534804e-01
1.508433e-03,3.599968e-03,1.339888e-03,9.844332e-04,1.076222e-03,3.245038e-03,1.076803e-04,3.639818e-04,3.388944e-02,7.053580e-02,2.411537e-01,2.017454e-03,1.825766e-03,2.964097e-01,3.419424e-01
1.202613e-03,1.019823e-02,3.574811e-02,1.003571e-03,1.727991e-02,1.329272e-02,4.040541e-04,1.002786e-03,4.114389e-02,7.976365e-02,2.707906e-01,2.189032e-03,2.798438e-03,2.653621e-01,2.578202e-01
9.754049e-04,1.237461e-02,2.743507e-02,9.996453e-04,4.023827e-02,2.419538e-02,5.005314e-04,2.549564e-03,3.976488e-02,6.041483e-02,2.930256e-01,1.954915e-03,3.292687e-03,2.428938e-01,2.493848e-01
1.355010e-03,1.315393e-02,2.348480e-02,1.174099e-03,3.533096e-02,2.383514e-02,4.670128e-04,2.437530e-03,4.948957e-02,4.623087e-02,2.813541e-01,1.848658e-03,2.754926e-03,3.415214e-01,1.755619e-01
1.674918e-03,1.127265e-02,1.803710e-02,1.360591e-03,2.725179e-02,1.989316e-02,3.804067e-04,2.146153e-03,4.634243e-02,3.550068e-02,2.775446e-01,1.744880e-03,2.298809e-03,4.312497e-01,1.233022e-01
3.631231e-03,9.743853e-03,1.598315e-02,3.329613e-03,2.097097e-02,1.668830e-02,4.235629e-04,2.457355e-03,5.386405e-02,2.835785e-02,2.579659e-01,2.048593e-03,2.367159e-03,4.954315e-01,8.673684e-02
3.850920e-03,7.961832e-03,1.200537e-02,2.577282e-03,1.500018e-02,1.560333e-02,3.408396e-04,1.878364e-03,5.340372e-02,3.372673e-02,2.849073e-01,3.521251e-03,2.723050e-03,5.014557e-01,6.104403e-02
4.039897e-03,6.699660e-03,9.012873e-03,2.074789e-03,1.080448e-02,1.304103e-02,2.678820e-04,1.507361e-03,7.015115e-02,3.868032e-02,2.751769e-01,3.591485e-03,2.900959e-03,5.190684e-01,4.298271e-02
3.452112e-03,6.200957e-03,6.891771e-03,1.717937e-03,7.880074e-03,1.011898e-02,2.122817e-04,1.188805e-03,6.958774e-02,3.272488e-02,2.980610e-01,4.268763e-03,2.563707e-03,5.247537e-01,3.037723e-02
2.824299e-03,6.188516e-03,5.442399e-03,1.331319e-03,5.737743e-03,8.051721e-03,1.713567e-04,9.451488e-04,6.401540e-02,4.860746e-02,3.616532e-01,4.472584e-03,2.266011e-03,4.666054e-01,2.168745e-02
4.877921e-03,1.962443e-02,8.575072e-03,2.066651e-03,4.336520e-03,1.216065e-02,3.802826e-04,2.698987e-03,1.004977e-01,6.621924e-02,3.516715e-01,4.508823e-03,1.997026e-03,4.024355e-01,1.794967e-02
9.571400e-03,1.918358e-02,1.651659e-02,6.167393e-03,3.566671e-03,2.597191e-02,1.462245e-03,6.958410e-03,1.291060e-01,7.451925e-02,3.072112e-01,4.881304e-03,2.039382e-03,3.775524e-01,1.529219e-02
1.202153e-02,1.615782e-02,1.407509e-02,6.478169e-03,2.741362e-03,2.343656e-02,1.170394e-03,5.993112e-03,1.361440e-01,7.175606e-02,2.661736e-01,3.931225e-03,1.632607e-03,4.265461e-01,1.174244e-02
1.242792e-02,1.567942e-02,1.222122e-02,5.414712e-03,2.279416e-03,2.277671e-02,8.664444e-04,5.287370e-03,2.378087e-01,6.115286e-02,2.104095e-01,3.196527e-03,1.407485e-03,3.992184e-01,9.853306e-03
1.923832e-02,1.266474e-02,1.034076e-02,4.812264e-03,1.917565e-03,1.978685e-02,6.559507e-04,4.588545e-03,2.664091e-01,4.867723e-02,1.831812e-01,2.693098e-03,1.263098e-03,4.148977e-01,8.873579e-03
2.608216e-02,1.234777e-02,2.709138e-02,5.735448e-03,2.129228e-03,1.794763e-02,6.441881e-04,8.093534e-03,3.294663e-01,3.868499e-02,1.563017e-01,2.186120e-03,1.326887e-03,3.626255e-01,9.337130e-03
3.142877e-02,1.521717e-02,5.432042e-02,9.576708e-03,3.492805e-03,2.259878e-02,7.553966e-04,1.477857e-02,3.741019e-01,3.036964e-02,1.290033e-01,1.836094e-03,1.386255e-03,2.992650e-01,1.186920e-02
3.591957e-02,1.594590e-02,7.285766e-02,9.271106e-03,3.950137e-03,3.037436e-02,6.814721e-04,2.750123e-02,3.803459e-01,2.405912e-02,1.090136e-01,1.544862e-03,1.208553e-03,2.744269e-01,1.289963e-02
3.846078e-02,2.015448e-02,1.012929e-01,7.526209e-03,4.729708e-03,3.010116e-02,6.459872e-04,3.858245e-02,3.367088e-01,1.753709e-02,8.189716e-02,1.167377e-03,1.120867e-03,3.092039e-01,1.087126e-02
4.381498e-02,2.500755e-02,8.196422e-02,7.045412e-03,1.120659e-02,3.867746e-02,6.739269e-04,4.400720e-02,3.794371e-01,1.552312e-02,7.015683e-02,1.028178e-03,1.168283e-03,2.694497e-01,1.083940e-02
4.293085e-02,2.322280e-02,2.043667e-01,1.282714e-02,2.405233e-02,3.363252e-02,8.141556e-04,5.277183e-02,3.270833e-01,1.130024e-02,5.162631e-02,8.191384e-04,9.348547e-04,2.041096e-01,9.508330e-03
4.819254e-02,2.234573e-02,1.962472e-01,1.741067e-02,3.486545e-02,3.572104e-02,9.312533e-04,5.379221e-02,3.207891e-01,8.429759e-03,4.633593e-02,8.735920e-04,1.053041e-03,2.036957e-01,9.316828e-03
5.818377e-02,1.853012e-02,1.841338e-01,1.578915e-02,3.541335e-02,3.719049e-02,7.849429e-04,4.501097e-02,3.111330e-01,6.647193e-03,5.194465e-02,9.958051e-04,1.220131e-03,2.241268e-01,8.895744e-03
7.363260e-02,2.831955e-02,1.817141e-01,2.365294e-02,5.096961e-02,4.481784e-02,7.490426e-04,3.700745e-02,3.049483e-01,5.321364e-03,5.197507e-02,1.591764e-03,1.572668e-03,1.856611e-01,8.066677e-03
9.652950e-02,3.311922e-02,1.491206e-01,2.949398e-02,6.465192e-02,5.148466e-02,6.727547e-04,2.908719e-02,3.278704e-01,4.903874e-03,5.165193e-02,2.593148e-03,1.659791e-03,1.475047e-01,9.656308e-03
9.847204e-02,2.830844e-02,1.527902e-01,8.619764e-02,6.250802e-02,3.922554e-02,6.881970e-04,2.541666e-02,3.165870e-01,3.874506e-03,6.005046e-02,2.639357e-03,1.520038e-03,1.141746e-01,7.547307e-03
7.858739e-02,2.311458e-02,1.257425e-01,1.694995e-01,5.003721e-02,2.797707e-02,5.158754e-04,2.050980e-02,3.020336e-01,4.217983e-03,8.434815e-02,3.693597e-03,5.847681e-03,8.302266e-02,2.085237e-02
5.982085e-02,2.782608e-02,1.038395e-01,2.223581e-01,3.734195e-02,1.985774e-02,4.045506e-04,1.517774e-02,2.462146e-01,4.728275e-03,1.531950e-01,4.185875e-03,6.099423e-03,6.439607e-02,3.455432e-02
5.471826e-02,2.589543e-02,8.181249e-02,1.961980e-01,2.746809e-02,1.444388e-02,3.338180e-04,1.105287e-02,2.055229e-01,6.377397e-03,2.597172e-01,1.158188e-02,8.038010e-03,6.029322e-02,3.654658e-02
4.343799e-02,2.009485e-02,6.632232e-02,1.688812e-01,1.986109e-02,1.067056e-02,2.667180e-04,7.936322e-03,1.777207e-01,6.788542e-03,3.785477e-01,1.226043e-02,8.632175e-03,4.961079e-02,2.896859e-02
3.071889e-02,1.493702e-02,4.699128e-02,1.198608e-01,1.483635e-02,7.925245e-03,2.006569e-04,5.636339e-03,2.785924e-01,6.116083e-03,3.588286e-01,4.009682e-02,1.648290e-02,3.609757e-02,2.267899e-02
2.277398e-02,1.112246e-02,3.396254e-02,8.488034e-02,2.232339e-02,5.725738e-03,2.198566e-04,4.261517e-03,2.051075e-01,1.528699e-02,3.479699e-01,1.377326e-01,3.679289e-02,5.224457e-02,1.959581e-02
1.780365e-02,8.106994e-03,2.467001e-02,6.026397e-02,2.884915e-02,4.251796e-03,2.859593e-04,3.699464e-03,1.493043e-01,3.891246e-02,3.262296e-01,2.169548e-01,3.836964e-02,6.035115e-02,2.194704e-02
1.394149e-02,6.164159e-03,1.896044e-02,4.326088e-02,3.118191e-02,3.553132e-03,2.814927e-04,4.412518e-03,1.080941e-01,4.828261e-02,3.288419e-01,2.435372e-01,3.661209e-02,7.631367e-02,3.656248e-02
9.964410e-03,4.547026e-03,1.530700e-02,3.061037e-02,2.672845e-02,2.748530e-03,2.468266e-04,4.486816e-03,7.674370e-02,5.824517e-02,3.687928e-01,2.503602e-01,3.059750e-02,7.878379e-02,4.183746e-02
7.416830e-03,3.637610e-03,1.808885e-02,2.217612e-02,2.861089e-02,3.004314e-03,3.789511e-04,3.954026e-03,5.542465e-02,5.485245e-02,4.471526e-01,2.074376e-01,2.362238e-02,7.563581e-02,4.860684e-02
7.867293e-03,3.770421e-03,2.529823e-02,1.631139e-02,7.834998e-02,8.062392e-03,1.811463e-03,4.409560e-03,4.199692e-02,4.339828e-02,4.615296e-01,1.648801e-01,2.028775e-02,6.738500e-02,5.464162e-02
6.561070e-03,3.012812e-03,2.909938e-02,1.219268e-02,1.214981e-01,6.211470e-03,1.711548e-03,6.297110e-03,3.256054e-02,3.186164e-02,4.992412e-01,1.325924e-01,1.709887e-02,5.590075e-02,4.416041e-02
1.273837e-02,4.770731e-03,3.833503e-02,1.136639e-02,2.223962e-01,1.008605e-02,3.763280e-03,1.633249e-02,3.509647e-02,2.747761e-02,3.967907e-01,1.011614e-01,2.022992e-02,6.138322e-02,3.807205e-02
1.919385e-02,4.844442e-03,4.452763e-02,9.300800e-03,3.226096e-01,1.089518e-02,4.788816e-03,3.203462e-02,3.374422e-02,2.526574e-02,2.984677e-01,8.028811e-02,2.169913e-02,5.920050e-02,3.313960e-02
3.310045e-02,1.104973e-02,9.374453e-02,7.438873e-03,3.233933e-01,9.514263e-03,4.578894e-03,3.540003e-02,2.786856e-02,1.989079e-02,2.434992e-01,6.295145e-02,2.753897e-02,7.355268e-02,2.647814e-02
4.113470e-02,1.420190e-02,9.937599e-02,6.063301e-03,2.723772e-01,9.517515e-03,4.469396e-03,3.763015e-02,7.591014e-02,1.668894e-02,1.844488e-01,5.459595e-02,2.935567e-02,1.261452e-01,2.808512e-02
3.684177e-02,1.459360e-02,7.939451e-02,4.706171e-03,2.365812e-01,7.923987e-03,3.967644e-03,4.733893e-02,9.740310e-02,1.462317e-02,1.376477e-01,4.768010e-02,2.563182e-02,2.205929e-01,2.507340e-02
3.960657e-02,2.425023e-02,6.433060e-02,5.640307e-03,2.043937e-01,7.213830e-03,3.450898e-03,1.333267e-01,1.083660e-01,1.489145e-02,1.046031e-01,3.834116e-02,2.395862e-02,2.051120e-01,2.251483e-02
5.342389e-02,5.397004e-02,5.011496e-02,6.336406e-03,1.703081e-01,1.311518e-02,2.877224e-03,1.561403e-01,1.122789e-01,1.359218e-02,7.592885e-02,3.452203e-02,1.906400e-02,2.104899e-01,2.783804e-02
4.266050e-02,1.009622e-01,3.756237e-02,1.439869e-01,1.253121e-01,9.726843e-03,2.082710e-03,1.119628e-01,1.408810e-01,1.049849e-02,5.758228e-02,2.468630e-02,1.445912e-02,1.485468e-01,2.908977e-02
6.073594e-02,8.466470e-02,2.896259e-02,1.142735e-01,1.135727e-01,1.287586e-02,1.908042e-03,1.182106e-01,2.041862e-01,8.590046e-03,5.257303e-02,1.873158e-02,1.847621e-02,1.100955e-01,5.214367e-02
6.107682e-02,6.487266e-02,2.587872e-02,9.106442e-02,8.475430e-02,1.040655e-02,1.598706e-03,9.395237e-02,3.524841e-01,8.445730e-03,4.356519e-02,1.423357e-02,2.057966e-02,7.950921e-02,4.757805e-02
1.019862e-01,5.476101e-02,2.676248e-02,7.179056e-02,6.052605e-02,8.711496e-03,1.447609e-03,6.675677e-02,3.564972e-01,1.138780e-02,5.098983e-02,1.885742e-02,4.700476e-02,7.201874e-02,5.050214e-02
1.263728e-01,5.046185e-02,2.368189e-02,5.312669e-02,4.395299e-02,8.449693e-03,1.240639e-03,4.745807e-02,3.337769e-01,1.221226e-02,5.523801e-02,1.762212e-02,5.795059e-02,8.154073e-02,8.691475e-02
1.131409e-01,6.337484e-02,2.212197e-02,4.505021e-02,3.717900e-02,8.578686e-03,1.051374e-03,3.398199e-02,3.435732e-01,1.735256e-02,6.144397e-02,1.398979e-02,4.946636e-02,7.052379e-02,1.191713e-01
9.289251e-02,8.635669e-02,1.804391e-02,3.922205e-02,2.892342e-02,1.237723e-02,1.014470e-03,2.541943e-02,3.667119e-01,1.875087e-02,4.675433e-02,1.130011e-02,4.101361e-02,7.022677e-02,1.409927e-01
7.320253e-02,1.390653e-01,1.381111e-02,3.648982e-02,2.195593e-02,1.189063e-02,8.637150e-04,1.790940e-02,3.596322e-01,1.901572e-02,3.566330e-02,8.796061e-03,3.391106e-02,5.774337e-02,1.700499e-01
5.307775e-02,2.101950e-01,1.336174e-02,4.976279e-02,1.773309e-02,1.041770e-02,7.070442e-04,1.362609e-02,3.385895e-01,1.516344e-02,2.852170e-02,6.948892e-03,3.103320e-02,4.380663e-02,1.670555e-01
3.840529e-02,2.513026e-01,1.046150e-02,4.016402e-02,1.305047e-02,8.625666e-03,5.359826e-04,9.747864e-03,3.105177e-01,1.962893e-02,2.091688e-02,5.418211e-03,2.623385e-02,3.480138e-02,2.101897e-01
3.048356e-02,2.184602e-01,2.401295e-02,7.561135e-02,2.335942e-02,1.000974e-02,7.234600e-04,1.036783e-02,2.741142e-01,1.589413e-02,1.897791e-02,4.267386e-03,2.425441e-02,2.897645e-02,2.404871e-01
2.964316e-02,1.891244e-01,4.366794e-02,1.370397e-01,3.229617e-02,9.563900e-03,7.660705e-04,2.215805e-02,2.677193e-01,1.402606e-02,1.513951e-02,3.598319e-03,1.964917e-02,2.221413e-02,1.933942e-01
2.817848e-02,2.044852e-01,5.509780e-02,1.445327e-01,3.123769e-02,9.491558e-03,7.585346e-04,1.864388e-02,2.641838e-01,1.466138e-02,1.184136e-02,3.000841e-03,1.643296e-02,1.758893e-02,1.798649e-01
2.792808e-02,1.755826e-01,8.761828e-02,2.032949e-01,4.266810e-02,1.177911e-02,1.021103e-03,2.601583e-02,2.408219e-01,1.168693e-02,1.037791e-02,2.347342e-03,1.202471e-02,1.329872e-02,1.335346e-01
2.796675e-02,1.801940e-01,8.628161e-02,1.773832e-01,4.655614e-02,1.723090e-02,1.443043e-03,2.759553e-02,2.786803e-01,1.790429e-02,8.495485e-03,1.895339e-03,9.703316e-03,1.141377e-02,1.072563e-01
2.218498e-02,1.437872e-01,1.797822e-01,1.432210e-01,4.228295e-02,2.336439e-02,1.497269e-03,2.112928e-02,2.757590e-01,2.983475e-02,6.666400e-03,1.653490e-03,7.916868e-03,9.945753e-03,9.097437e-02
2.689798e-02,1.386978e-01,1.740596e-01,1.095051e-01,5.029852e-02,2.049652e-02,1.697147e-03,2.342962e-02,3.066802e-01,3.430372e-02,6.008156e-03,1.508731e-03,7.097188e-03,9.681589e-03,8.963806e-02
3.292684e-02,1.160366e-01,1.995492e-01,1.207434e-01,3.771342e-02,1.502459e-02,1.337304e-03,1.807587e-02,3.036699e-01,3.488406e-02,2.229028e-02,2.141302e-03,1.004006e-02,7.592648e-03,7.797454e-02
2.321943e-02,8.394242e-02,1.453531e-01,2.631936e-01,2.879155e-02,1.081031e-02,1.030417e-03,1.345717e-02,2.212735e-01,2.505493e-02,1.016649e-01,4.922373e-03,1.452724e-02,6.146858e-03,5.661209e-02
1.655176e-02,5.933714e-02,1.021493e-01,1.981689e-01,2.064675e-02,8.063546e-03,7.544591e-04,9.593392e-03,2.203518e-01,1.850649e-02,1.543738e-01,8.993573e-03,1.207072e-01,4.658394e-03,5.714344e-02
