1.000000e+00,0.000000e+00,0.000000e+00,0.000000e+00,0.000000e+00,0.000000e+00,0.000000e+00,0.000000e+00,0.000000e+00,0.000000e+00,0.000000e+00,0.000000e+00,0.000000e+00,0.000000e+00,0.000000e+00
1.000000e+00,0.000000e+00,0.000000e+00,0.000000e+00,0.000000e+00,0.000000e+00,0.000000e+00,0.000000e+00,0.000000e+00,0.000000e+00,0.000000e+00,0.000000e+00,0.000000e+00,0.000000e+00,0.000000e+00
1.000000e+00,0.000000e+00,0.000000e+00,0.000000e+00,0.000000e+00,0.000000e+00,0.000000e+00,0.000000e+00,0.000000e+00,0.000000e+00,0.000000e+00,0.000000e+00,0.000000e+00,0.000000e+00,0.000000e+00
1.000000e+00,0.000000e+00,0.000000e+00,0.000000e+00,0.000000e+00,0.000000e+00,0.000000e+00,0.000000e+00,0.000000e+00,0.000000e+00,0.000000e+00,0.000000e+00,0.000000e+00,0.000000e+00,0.000000e+00
1.000000e+00,0.000000e+00,0.000000e+00,0.000000e+00,0.000000e+00,0.000000e+00,0.000000e+00,0.000000e+00,0.000000e+00,0.000000e+00,0.000000e+00,0.000000e+00,0.000000e+00,0.000000e+00,0.000000e+00
1.000000e+00,0.000000e+00,0.000000e+00,0.000000e+00,0.000000e+00,0.000000e+00,0.000000e+00,0.000000e+00,0.000000e+00,0.000000e+00,0.000000e+00,0.000000e+00,0.000000e+00,0.000000e+00,0.000000e+00
1.000000e+00,0.000000e+00,0.000000e+00,0.000000e+00,0.000000e+00,0.000000e+00,0.000000e+00,0.000000e+00,0.000000e+00,0.000000e+00,0.000000e+00,0.000000e+00,0.000000e+00,0.000000e+00,0.000000e+00
1.000000e+00,0.000000e+00,0.000000e+00,0.000000e+00,0.000000e+00,0.000000e+00,0.000000e+00,0.000000e+00,0.000000e+00,0.000000e+00,0.000000e+00,0.000000e+00,0.000000e+00,0.000000e+00,0.000000e+00
1.000000e+00,0.000000e+00,0.000000e+00,0.000000e+00,0.000000e+00,0.000000e+00,0.000000e+00,0.000000e+00,0.000000e+00,0.000000e+00,0.000000e+00,0.000000e+00,0.000000e+00,0.000000e+00,0.000000e+00
1.000000e+00,0.000000e+00,0.000000e+00,0.000000e+00,0.000000e+00,0.000000e+00,0.000000e+00,0.000000e+00,0.000000e+00,0.000000e+00,0.000000e+00,0.000000e+00,0.000000e+00,0.000000e+00,0.000000e+00
1.000000e+00,0.000000e+00,0.000000e+00,0.000000e+00,0.000000e+00,0.000000e+00,0.000000e+00,0.000000e+00,0.000000e+00,0.000000e+00,0.000000e+00,0.000000e+00,0.000000e+00,0.000000e+00,0.000000e+00
1.000000e+00,0.000000e+00,0.000000e+00,0.000000e+00,0.000000e+00,0.000000e+00,0.000000e+00,0.000000e+00,0.000000e+00,0.000000e+00,0.000000e+00,0.000000e+00,0.000000e+00,0.000000e+00,0.000000e+00
1.000000e+00,0.000000e+00,0.000000e+00,0.000000e+00,0.000000e+00,0.000000e+00,0.000000e+00,0.000000e+00,0.000000e+00,0.000000e+00,0.000000e+00,0.000000e+00,0.000000e+00,0.000000e+00,0.000000e+00
1.000000e+00,0.000000e+00,0.000000e+00,0.000000e+00,0.000000e+00,0.000000e+00,0.000000e+00,0.000000e+00,0.000000e+00,0.000000e+00,0.000000e+00,0.000000e+00,0.000000e+00,0.000000e+00,0.000000e+00
1.000000e+00,0.000000e+00,0.000000e+00,0.000000e+00,0.000000e+00,0.000000e+00,0.000000e+00,0.000000e+00,0.000000e+00,0.000000e+00,0.000000e+00,0.000000e+00,0.000000e+00,0.000000e+00,0.000000e+00
1.000000e+00,0.000000e+00,0.000000e+00,0.000000e+00,0.000000e+00,0.000000e+00,0.000000e+00,0.000000e+00,0.000000e+00,0.000000e+00,0.000000e+00,0.000000e+00,0.000000e+00,0.000000e+00,0.000000e+00
1.000000e+00,0.000000e+00,0.000000e+00,0.000000e+00,0.000000e+00,0.000000e+00,0.000000e+00,0.000000e+00,0.000000e+00,0.000000e+00,0.000000e+00,0.000000e+00,0.000000e+00,0.000000e+00,0.000000e+00
1.000000e+00,0.000000e+00,0.000000e+00,0.000000e+00,0.000000e+00,0.000000e+00,0.000000e+00,0.000000e+00,0.000000e+00,0.000000e+00,0.000000e+00,0.000000e+00,0.000000e+00,0.000000e+00,0.000000e+00
1.000000e+00,0.000000e+00,0.000000e+00,0.000000e+00,0.000000e+00,0.000000e+00,0.000000e+00,0.000000e+00,0.000000e+00,0.000000e+00,0.000000e+00,0.000000e+00,0.000000e+00,0.000000e+00,0.000000e+00
1.000000e+00,0.000000e+00,0.000000e+00,0.000000e+00,0.000000e+00,0.000000e+00,0.000000e+00,0.000000e+00,0.000000e+00,0.000000e+00,0.000000e+00,0.000000e+00,0.000000e+00,0.000000e+00,0.000000e+00
1.000000e+00,0.000000e+00,0.000000e+00,0.000000e+00,0.000000e+00,0.000000e+00,0.000000e+00,0.000000e+00,0.000000e+00,0.000000e+00,0.000000e+00,0.000000e+00,0.000000e+00,0.000000e+00,0.000000e+00
1.000000e+00,0.000000e+00,0.000000e+00,0.000000e+00,0.000000e+00,0.000000e+00,0.000000e+00,0.000000e+00,0.000000e+00,0.000000e+00,0.000000e+00,0.000000e+00,0.000000e+00,0.000000e+00,0.000000e+00
1.000000e+00,0.000000e+00,0.000000e+00,0.000000e+00,0.000000e+00,0.000000e+00,0.000000e+00,0.000000e+00,0.000000e+00,0.000000e+00,0.000000e+00,0.000000e+00,0.000000e+00,0.000000e+00,0.000000e+00
1.000000e+00,0.000000e+00,0.000000e+00,0.000000e+00,0.000000e+00,0.000000e+00,0.000000e+00,0.000000e+00,0.000000e+00,0.000000e+00,0.000000e+00,0.000000e+00,0.000000e+00,0.000000e+00,0.000000e+00
1.000000e+00,0.000000e+00,0.000000e+00,0.000000e+00,0.000000e+00,0.000000e+00,0.000000e+00,0.000000e+00,0.000000e+00,0.000000e+00,0.000000e+00,0.000000e+00,0.000000e+00,0.000000e+00,0.000000e+00
1.000000e+00,0.000000e+00,0.000000e+00,0.000000e+00,0.000000e+00,0.000000e+00,0.000000e+00,0.000000e+00,0.000000e+00,0.000000e+00,0.000000e+00,0.000000e+00,0.000000e+00,0.000000e+00,0.000000e+00
1.000000e+00,0.000000e+00,0.000000e+00,0.000000e+00,0.000000e+00,0.000000e+00,0.000000e+00,0.000000e+00,0.000000e+00,0.000000e+00,0.000000e+00,0.000000e+00,0.000000e+00,0.000000e+00,0.000000e+00
1.000000e+00,0.000000e+00,0.000000e+00,0.000000e+00,0.000000e+00,0.000000e+00,0.000000e+00,0.000000e+00,0.000000e+00,0.000000e+00,0.000000e+00,0.000000e+00,0.000000e+00,0.000000e+00,0.000000e+00
1.000000e+00,0.000000e+00,0.000000e+00,0.000000e+00,0.000000e+00,0.000000e+00,0.000000e+00,0.000000e+00,0.000000e+00,0.000000e+00,0.000000e+00,0.000000e+00,0.000000e+00,0.000000e+00,0.000000e+00
1.000000e+00,0.000000e+00,0.000000e+00,0.000000e+00,0.000000e+00,0.000000e+00,0.000000e+00,0.000000e+00,0.000000e+00,0.000000e+00,0.000000e+00,0.000000e+00,0.000000e+00,0.000000e+00,0.000000e+00
1.000000e+00,0.000000e+00,0.000000e+00,0.000000e+00,0.000000e+00,0.000000e+00,0.000000e+00,0.000000e+00,0.000000e+00,0.000000e+00,0.000000e+00,0.000000e+00,0.000000e+00,0.000000e+00,0.000000e+00
1.000000e+00,0.000000e+00,0.000000e+00,0.000000e+00,0.000000e+00,0.000000e+00,0.000000e+00,0.000000e+00,0.000000e+00,0.000000e+00,0.000000e+00,0.000000e+00,0.000000e+00,0.000000e+00,0.000000e+00
1.000000e+00,0.000000e+00,0.000000e+00,0.000000e+00,0.000000e+00,0.000000e+00,0.000000e+00,0.000000e+00,0.000000e+00,0.000000e+00,0.000000e+00,0.000000e+00,0.000000e+00,0.000000e+00,0.000000e+00
1.000000e+00,0.000000e+00,0.000000e+00,0.000000e+00,0.000000e+00,0.000000e+00,0.000000e+00,0.000000e+00,0.000000e+00,0.000000e+00,0.000000e+00,0.000000e+00,0.000000e+00,0.000000e+00,0.000000e+00
1.000000e+00,0.000000e+00,0.000000e+00,0.000000e+00,0.000000e+00,0.000000e+00,0.000000e+00,0.000000e+00,0.000000e+00,0.000000e+00,0.000000e+00,0.000000e+00,0.000000e+00,0.000000e+00,0.000000e+00
1.000000e+00,0.000000e+00,0.000000e+00,0.000000e+00,0.000000e+00,0.000000e+00,0.000000e+00,0.000000e+00,0.000000e+00,0.000000e+00,0.000000e+00,0.000000e+00,0.000000e+00,0.000000e+00,0.000000e+00
4.622041e-01,4.359643e-02,1.403149e-01,2.082319e-01,9.655486e-03,1.422068e-02,3.918132e-03,1.171804e-02,1.037996e-02,2.919162e-03,1.504027e-02,2.532164e-02,1.649426e-02,4.170811e-03,3.181430e-02
1.000000e+00,0.000000e+00,0.000000e+00,0.000000e+00,0.000000e+00,0.000000e+00,0.000000e+00,0.000000e+00,0.000000e+00,0.000000e+00,0.000000e+00,0.000000e+00,0.000000e+00,0.000000e+00,0.000000e+00
4.938331e-01,3.534688e-02,1.377365e-01,1.717338e-01,8.811708e-03,2.011404e-02,4.265243e-03,1.152426e-02,1.082845e-02,3.326103e-03,1.365799e-02,2.990390e-02,1.772866e-02,4.563897e-03,3.662555e-02
1.000000e+00,0.000000e+00,0.000000e+00,0.000000e+00,0.000000e+00,0.000000e+00,0.000000e+00,0.000000e+00,0.000000e+00,0.000000e+00,0.000000e+00,0.000000e+00,0.000000e+00,0.000000e+00,0.000000e+00
1.000000e+00,0.000000e+00,0.000000e+00,0.000000e+00,0.000000e+00,0.000000e+00,0.000000e+00,0.000000e+00,0.000000e+00,0.000000e+00,0.000000e+00,0.000000e+00,0.000000e+00,0.000000e+00,0.000000e+00
1.000000e+00,0.000000e+00,0.000000e+00,0.000000e+00,0.000000e+00,0.000000e+00,0.000000e+00,0.000000e+00,0.000000e+00,0.000000e+00,0.000000e+00,0.000000e+00,0.000000e+00,0.000000e+00,0.000000e+00
1.000000e+00,0.000000e+00,0.000000e+00,0.000000e+00,0.000000e+00,0.000000e+00,0.000000e+00,0.000000e+00,0.000000e+00,0.000000e+00,0.000000e+00,0.000000e+00,0.000000e+00,0.000000e+00,0.000000e+00
1.000000e+00,0.000000e+00,0.000000e+00,0.000000e+00,0.000000e+00,0.000000e+00,0.000000e+00,0.000000e+00,0.000000e+00,0.000000e+00,0.000000e+00,0.000000e+00,0.000000e+00,0.000000e+00,0.000000e+00
1.000000e+00,0.000000e+00,0.000000e+00,0.000000e+00,0.000000e+00,0.000000e+00,0.000000e+00,0.000000e+00,0.000000e+00,0.000000e+00,0.000000e+00,0.000000e+00,0.000000e+00,0.000000e+00,0.000000e+00
1.000000e+00,0.000000e+00,0.000000e+00,0.000000e+00,0.000000e+00,0.000000e+00,0.000000e+00,0.000000e+00,0.000000e+00,0.000000e+00,0.000000e+00,0.000000e+00,0.000000e+00,0.000000e+00,0.000000e+00
1.000000e+00,0.000000e+00,0.000000e+00,0.000000e+00,0.000000e+00,0.000000e+00,0.000000e+00,0.000000e+00,0.000000e+00,0.000000e+00,0.000000e+00,0.000000e+00,0.000000e+00,0.000000e+00,0.000000e+00
1.000000e+00,0.000000e+00,0.000000e+00,0.000000e+00,0.000000e+00,0.000000e+00,0.000000e+00,0.000000e+00,0.000000e+00,0.000000e+00,0.000000e+00,0.000000e+00,0.000000e+00,0.000000e+00,0.000000e+00
1.000000e+00,0.000000e+00,0.000000e+00,0.000000e+00,0.000000e+00,0.000000e+00,0.000000e+00,0.000000e+00,0.000000e+00,0.000000e+00,0.000000e+00,0.000000e+00,0.000000e+00,0.000000e+00,0.000000e+00
1.000000e+00,0.000000e+00,0.000000e+00,0.000000e+00,0.000000e+00,0.000000e+00,0.000000e+00,0.000000e+00,0.000000e+00,0.000000e+00,0.000000e+00,0.000000e+00,0.000000e+00,0.000000e+00,0.000000e+00
1.000000e+00,0.000000e+00,0.000000e+00,0.000000e+00,0.000000e+00,0.000000e+00,0.000000e+00,0.000000e+00,0.000000e+00,0.000000e+00,0.000000e+00,0.000000e+00,0.000000e+00,0.000000e+00,0.000000e+00
1.000000e+00,0.000000e+00,0.000000e+00,0.000000e+00,0.000000e+00,0.000000e+00,0.000000e+00,0.000000e+00,0.000000e+00,0.000000e+00,0.000000e+00,0.000000e+00,0.000000e+00,0.000000e+00,0.000000e+00
1.000000e+00,0.000000e+00,0.000000e+00,0.000000e+00,0.000000e+00,0.000000e+00,0.000000e+00,0.000000e+00,0.000000e+00,0.000000e+00,0.000000e+00,0.000000e+00,0.000000e+00,0.000000e+00,0.000000e+00
1.000000e+00,0.000000e+00,0.000000e+00,0.000000e+00,0.000000e+00,0.000000e+00,0.000000e+00,0.000000e+00,0.000000e+00,0.000000e+00,0.000000e+00,0.000000e+00,0.000000e+00,0.000000e+00,0.000000e+00
1.000000e+00,0.000000e+00,0.000000e+00,0.000000e+00,0.000000e+00,0.000000e+00,0.000000e+00,0.000000e+00,0.000000e+00,0.000000e+00,0.000000e+00,0.000000e+00,0.000000e+00,0.000000e+00,0.000000e+00
1.000000e+00,0.000000e+00,0.000000e+00,0.000000e+00,0.000000e+00,0.000000e+00,0.000000e+00,0.000000e+00,0.000000e+00,0.000000e+00,0.000000e+00,0.000000e+00,0.000000e+00,0.000000e+00,0.000000e+00
1.000000e+00,0.000000e+00,0.000000e+00,0.000000e+00,0.000000e+00,0.000000e+00,0.000000e+00,0.000000e+00,0.000000e+00,0.000000e+00,0.000000e+00,0.000000e+00,0.000000e+00,0.000000e+00,0.000000e+00
1.000000e+00,0.000000e+00,0.000000e+00,0.000000e+00,0.000000e+00,0.000000e+00,0.000000e+00,0.000000e+00,0.000000e+00,0.000000e+00,0.000000e+00,0.000000e+00,0.000000e+00,0.000000e+00,0.000000e+00
1.000000e+00,0.000000e+00,0.000000e+00,0.000000e+00,0.000000e+00,0.000000e+00,0.000000e+00,0.000000e+00,0.000000e+00,0.000000e+00,0.000000e+00,0.000000e+00,0.000000e+00,0.000000e+00,0.000000e+00
1.000000e+00,0.000000e+00,0.000000e+00,0.000000e+00,0.000000e+00,0.000000e+00,0.000000e+00,0.000000e+00,0.000000e+00,0.000000e+00,0.000000e+00,0.000000e+00,0.000000e+00,0.000000e+00,0.000000e+00
1.000000e+00,0.000000e+00,0.000000e+00,0.000000e+00,0.000000e+00,0.000000e+00,0.000000e+00,0.000000e+00,0.000000e+00,0.000000e+00,0.000000e+00,0.000000e+00,0.000000e+00,0.000000e+00,0.000000e+00
1.000000e+00,0.000000e+00,0.000000e+00,0.000000e+00,0.000000e+00,0.000000e+00,0.000000e+00,0.000000e+00,0.000000e+00,0.000000e+00,0.000000e+00,0.000000e+00,0.000000e+00,0.000000e+00,0.000000e+00
1.000000e+00,0.000000e+00,0.000000e+00,0.000000e+00,0.000000e+00,0.000000e+00,0.000000e+00,0.000000e+00,0.000000e+00,0.000000e+00,0.000000e+00,0.000000e+00,0.000000e+00,0.000000e+00,0.000000e+00
1.000000e+00,0.000000e+00,0.000000e+00,0.000000e+00,0.000000e+00,0.000000e+00,0.000000e+00,0.000000e+00,0.000000e+00,0.000000e+00,0.000000e+00,0.000000e+00,0.000000e+00,0.000000e+00,0.000000e+00
3.855366e-01,1.386552e-02,9.230249e-02,2.427519e-02,2.306937e-01,2.320892e-02,1.037312e-01,5.535723e-02,3.269617e-03,3.286796e-02,8.640974e-03,8.348743e-03,5.033754e-03,3.172414e-03,9.695664e-03
2.701543e-01,9.908430e-03,6.502238e-02,1.791911e-02,1.780470e-01,1.886534e-02,1.323764e-01,3.900535e-02,2.676496e-03,1.902916e-01,2.919645e-02,6.302384e-03,7.431687e-03,2.575465e-03,3.022760e-02
1.893957e-01,7.197783e-03,4.604290e-02,1.437836e-02,1.279373e-01,1.995088e-02,1.457458e-01,2.752778e-02,3.617748e-03,2.777231e-01,6.151666e-02,6.846927e-03,1.241388e-02,3.175633e-03,5.652949e-02
1.330148e-01,5.528267e-03,3.237495e-02,1.327875e-02,9.036589e-02,1.867689e-02,1.481138e-01,1.974126e-02,5.931337e-03,3.032233e-01,7.479270e-02,9.715293e-03,4.626089e-02,6.109898e-03,9.287191e-02
9.318169e-02,3.943278e-03,2.271505e-02,1.000987e-02,6.340537e-02,1.450751e-02,1.129929e-01,1.403091e-02,5.510906e-03,3.357855e-01,6.951374e-02,1.487976e-02,6.848420e-02,7.185236e-03,1.638540e-01
6.562125e-02,2.900389e-03,1.602590e-02,9.448571e-03,4.482066e-02,1.218289e-02,7.984775e-02,1.061373e-02,2.352681e-02,4.061731e-01,5.977727e-02,1.393546e-02,7.193755e-02,6.479602e-03,1.767091e-01
4.610267e-02,2.300306e-03,1.139773e-02,8.469482e-03,3.182292e-02,1.188070e-02,5.598659e-02,7.579103e-03,1.996569e-02,5.075065e-01,4.452904e-02,1.317171e-02,6.431293e-02,5.254142e-03,1.697205e-01
3.291600e-02,4.539668e-03,8.259626e-03,9.692408e-03,2.505763e-02,9.086248e-03,3.928515e-02,5.537598e-03,5.567695e-02,4.309283e-01,5.079529e-02,1.739677e-02,7.063247e-02,6.496884e-03,2.336989e-01
2.495669e-02,9.553930e-03,6.482929e-03,2.573804e-02,2.973308e-02,1.024773e-02,2.798651e-02,5.067147e-03,1.558753e-01,3.557071e-01,4.222152e-02,1.620228e-02,6.618033e-02,1.071263e-02,2.133347e-01
1.903971e-02,9.547109e-03,5.391706e-03,3.017570e-02,3.280321e-02,1.104844e-02,2.000736e-02,3.952840e-03,2.123263e-01,2.649756e-01,7.278752e-02,1.436440e-02,6.479619e-02,4.751342e-02,1.912704e-01
1.438741e-02,7.437615e-03,3.956712e-03,2.485619e-02,3.468596e-02,1.014738e-02,1.407010e-02,2.850333e-03,1.769238e-01,1.869382e-01,1.924629e-01,1.255543e-02,5.645269e-02,1.238316e-01,1.384438e-01
1.217829e-02,5.990756e-03,3.301561e-03,2.026423e-02,3.140353e-02,1.015217e-02,9.936100e-03,2.307910e-03,1.429140e-01,1.319323e-01,2.145763e-01,1.003661e-02,4.324417e-02,2.615726e-01,1.001895e-01
1.108437e-02,1.030689e-02,3.087282e-03,1.729641e-02,2.954875e-02,1.058762e-02,7.049209e-03,1.809800e-03,1.874157e-01,9.341252e-02,1.986627e-01,9.652879e-03,4.328373e-02,2.999321e-01,7.687001e-02
1.407960e-02,8.657890e-03,2.745373e-03,1.497676e-02,3.022746e-02,8.454068e-03,5.160619e-03,1.959245e-03,2.715077e-01,6.937452e-02,1.633046e-01,8.354823e-03,3.319053e-02,2.955036e-01,7.250336e-02
1.049642e-02,7.071802e-03,2.240795e-03,1.155592e-02,3.731385e-02,8.049952e-03,4.001812e-03,1.957379e-03,2.539048e-01,5.542749e-02,1.341639e-01,6.445192e-03,2.564207e-02,3.122612e-01,1.294674e-01
9.348993e-03,6.418522e-03,7.970633e-03,1.097462e-02,3.021679e-02,9.522586e-03,3.681825e-03,1.260384e-02,2.431741e-01,4.377512e-02,1.079688e-01,6.239124e-03,2.174081e-02,3.791410e-01,1.072233e-01
1.310289e-02,9.328778e-03,2.271517e-02,3.750366e-02,4.764979e-02,1.255836e-02,4.459527e-03,2.525418e-02,2.472706e-01,3.487881e-02,8.156756e-02,5.224677e-03,1.769904e-02,3.523788e-01,8.840812e-02
1.168273e-02,1.188638e-02,4.407054e-02,1.305233e-01,6.127793e-02,1.564202e-02,3.937439e-03,2.430872e-02,2.381102e-01,2.921370e-02,6.142830e-02,4.409522e-03,1.624708e-02,2.793118e-01,6.795034e-02
4.202532e-02,1.401092e-02,5.013569e-02,9.965636e-02,4.895478e-02,5.087453e-02,3.253865e-03,2.247683e-02,2.290834e-01,2.557233e-02,5.210956e-02,5.266054e-03,1.617758e-02,2.771632e-01,6.323951e-02
4.633673e-02,1.672114e-02,5.057474e-02,7.311910e-02,4.614872e-02,9.451048e-02,2.449560e-03,2.119459e-02,2.400646e-01,2.124335e-02,5.372183e-02,4.831034e-03,1.485862e-02,2.623554e-01,5.187017e-02
5.240607e-02,2.600869e-02,4.337240e-02,5.995632e-02,4.522875e-02,1.554541e-01,2.424697e-03,2.193490e-02,2.172840e-01,1.711259e-02,4.311195e-02,3.746069e-03,1.140030e-02,2.560332e-01,4.452600e-02
6.294761e-02,2.698177e-02,3.495661e-02,4.524703e-02,3.980969e-02,1.257758e-01,1.967133e-03,2.155866e-02,1.969399e-01,1.784619e-02,3.850774e-02,3.032187e-03,1.102223e-02,2.929333e-01,8.047409e-02
9.512171e-02,3.147561e-02,3.080656e-02,3.456267e-02,3.420687e-02,9.609221e-02,2.213363e-03,3.028853e-02,1.677569e-01,1.779010e-02,3.352459e-02,2.844158e-03,1.065577e-02,3.325461e-01,8.011492e-02
1.364683e-01,2.861678e-02,2.484089e-02,2.687595e-02,2.667876e-02,7.308944e-02,1.966859e-03,2.929057e-02,1.449066e-01,1.432435e-02,2.753910e-02,2.386210e-03,8.677237e-03,3.771534e-01,7.718547e-02
1.573088e-01,2.722543e-02,2.171272e-02,2.069829e-02,2.415572e-02,5.511070e-02,1.780196e-03,3.023199e-02,1.521956e-01,1.327264e-02,2.531790e-02,2.255318e-03,7.935436e-03,3.362897e-01,1.245095e-01
1.972687e-01,2.915131e-02,2.218457e-02,3.501945e-02,2.100885e-02,4.220072e-02,2.357191e-03,2.666561e-02,1.883791e-01,1.304612e-02,2.044675e-02,3.116575e-03,7.318830e-03,2.836419e-01,1.081943e-01
1.511080e-01,2.885663e-02,2.118319e-02,3.982899e-02,1.611343e-02,3.100371e-02,1.840096e-03,1.910517e-02,1.542099e-01,1.554160e-01,1.903477e-02,3.673674e-03,8.778049e-03,1.997725e-01,1.500759e-01
1.469937e-01,3.019138e-02,2.477100e-02,3.794219e-02,1.286700e-02,2.551022e-02,2.091803e-03,1.586771e-02,1.256036e-01,2.267763e-01,1.873406e-02,5.330599e-03,1.617480e-02,1.545645e-01,1.565811e-01
1.739094e-01,2.407075e-02,2.138569e-02,2.965827e-02,9.887170e-03,1.977702e-02,1.604853e-03,1.230935e-02,1.015004e-01,2.359941e-01,2.759485e-02,8.332113e-03,5.035625e-02,1.403293e-01,1.432904e-01
1.551495e-01,1.841498e-02,1.688763e-02,2.142588e-02,7.776053e-03,1.541103e-02,1.346283e-03,9.825008e-03,7.959459e-02,1.983541e-01,3.957601e-02,7.612936e-03,5.958635e-02,1.375907e-01,2.314490e-01
1.143254e-01,1.428409e-02,1.318504e-02,1.542441e-02,6.664466e-03,1.238572e-02,1.150410e-03,7.286797e-03,7.401514e-02,1.684794e-01,4.030322e-02,6.774474e-03,4.568091e-02,2.121539e-01,2.678867e-01
9.851259e-02,1.210944e-02,1.336727e-02,1.455035e-02,6.812130e-03,1.075126e-02,1.254043e-03,5.688415e-03,1.427049e-01,1.345167e-01,4.102347e-02,6.102189e-03,3.526350e-02,2.261841e-01,2.511597e-01
8.140120e-02,9.331536e-03,1.134232e-02,1.130434e-02,6.113532e-03,8.813362e-03,1.133483e-03,4.232372e-03,1.529578e-01,1.291891e-01,3.303180e-02,4.805460e-03,2.617010e-02,2.903321e-01,2.298415e-01
5.930361e-02,8.151984e-03,1.658781e-02,8.280762e-03,5.521366e-03,6.826664e-03,1.100957e-03,3.381749e-03,1.863024e-01,9.945477e-02,2.999385e-02,4.328691e-03,2.152743e-02,3.309565e-01,2.182815e-01
4.309468e-02,7.447247e-03,1.767562e-02,5.873979e-03,6.042677e-03,5.195168e-03,9.376484e-04,2.695908e-03,1.572259e-01,7.664326e-02,2.696799e-02,3.228605e-03,1.612508e-02,4.155804e-01,2.152658e-01
3.257449e-02,6.987797e-03,1.748315e-02,4.327007e-03,5.649317e-03,4.222686e-03,7.421695e-04,2.044359e-03,1.625805e-01,6.397951e-02,2.451932e-02,2.459265e-03,1.207113e-02,4.744568e-01,1.859025e-01
2.562710e-02,7.280516e-03,2.851018e-02,3.313457e-03,7.092405e-03,3.611407e-03,6.505006e-04,4.486479e-03,1.842710e-01,5.874433e-02,2.456559e-02,2.093656e-03,1.121159e-02,4.715628e-01,1.669790e-01
2.339227e-02,6.851881e-03,1.062572e-01,3.030387e-03,1.515160e-02,2.988471e-03,1.061542e-03,2.182791e-02,2.099303e-01,5.243184e-02,2.360776e-02,1.792738e-03,1.186328e-02,3.830827e-01,1.367301e-01
1.914282e-02,5.849796e-03,9.643964e-02,2.874174e-03,1.429238e-02,2.353868e-03,9.077016e-04,1.717507e-02,2.458331e-01,8.765061e-02,2.086603e-02,1.707393e-03,1.125649e-02,3.054555e-01,1.681955e-01
1.509928e-02,4.662997e-03,7.088333e-02,2.591311e-03,1.378938e-02,2.062858e-03,6.835745e-04,1.268226e-02,2.441915e-01,2.000732e-01,1.942087e-02,1.552304e-03,1.370615e-02,2.295166e-01,1.690845e-01
1.466170e-02,4.929701e-03,5.719686e-02,2.712701e-03,1.283007e-02,1.935269e-03,5.854500e-04,1.163561e-02,2.550104e-01,1.948431e-01,4.379734e-02,2.890726e-03,3.636587e-02,2.152696e-01,1.453357e-01
1.419527e-02,5.327477e-03,4.439635e-02,4.158519e-03,1.235288e-02,1.844662e-03,4.554348e-04,1.342462e-02,2.670271e-01,1.880445e-01,4.329676e-02,2.674305e-03,3.124792e-02,2.392576e-01,1.322966e-01
1.459885e-02,5.460390e-03,3.278881e-02,4.100863e-03,1.031788e-02,1.627064e-03,3.670940e-04,1.116472e-02,2.729184e-01,2.335324e-01,3.401758e-02,2.306397e-03,2.568893e-02,2.256699e-01,1.254407e-01
1.207460e-02,7.408893e-03,2.497035e-02,4.047737e-03,7.901068e-03,1.416348e-03,2.917984e-04,8.672124e-03,3.482612e-01,1.975546e-01,2.662284e-02,2.291753e-03,2.149999e-02,2.104283e-01,1.265585e-01
1.345021e-02,7.797015e-03,1.856991e-02,3.368911e-03,7.236143e-03,1.645684e-03,2.523512e-04,7.469446e-03,2.868920e-01,1.496106e-01,2.412708e-02,2.617212e-03,1.758988e-02,3.188239e-01,1.405497e-01
2.373387e-02,9.282242e-03,1.851860e-02,1.086235e-02,9.191012e-03,2.760967e-03,2.802108e-04,8.278152e-03,3.751097e-01,1.145668e-01,1.984345e-02,2.602654e-03,1.371732e-02,2.483072e-01,1.429455e-01
3.170146e-02,1.033762e-02,1.918932e-02,1.135431e-02,8.450912e-03,3.618375e-03,3.046416e-04,7.399035e-03,3.494783e-01,8.489946e-02,1.603882e-02,2.325366e-03,1.091259e-02,2.063043e-01,2.376855e-01
4.809629e-02,1.016751e-02,1.920627e-02,9.421483e-03,7.005278e-03,5.460015e-03,2.956582e-04,6.400904e-03,2.739774e-01,6.991720e-02,1.823298e-02,2.073617e-03,9.426719e-03,1.934259e-01,3.268928e-01
4.266252e-02,9.973192e-03,1.390040e-02,6.737750e-03,5.350810e-03,6.265385e-03,2.464926e-04,5.033585e-03,2.013144e-01,6.880328e-02,2.670684e-02,1.874874e-03,7.183290e-03,2.339922e-01,3.699549e-01
4.825037e-02,9.120538e-03,1.093225e-02,5.509369e-03,6.503200e-03,7.024705e-03,2.665397e-04,8.151882e-03,1.529245e-01,5.099674e-02,3.733309e-02,1.938679e-03,5.983391e-03,2.712126e-01,3.838521e-01
6.280065e-02,8.306466e-03,8.038999e-03,4.644434e-03,5.086817e-03,7.777272e-03,2.788877e-04,6.349514e-03,1.174784e-01,3.917609e-02,3.288979e-02,2.193248e-03,4.854697e-03,3.554207e-01,3.447041e-01
6.016423e-02,8.351679e-03,6.367790e-03,3.629575e-03,4.015684e-03,6.457166e-03,2.591654e-04,4.644771e-03,9.487053e-02,3.183913e-02,2.681426e-02,2.033593e-03,3.983397e-03,3.251872e-01,4.213818e-01
5.533469e-02,6.581294e-03,4.738529e-03,2.693989e-03,2.985236e-03,5.539427e-03,2.213442e-04,3.293973e-03,7.400373e-02,2.660492e-02,2.205770e-02,1.554665e-03,3.134994e-03,3.999221e-01,3.913334e-01
5.757724e-02,5.819298e-03,3.767659e-03,2.130251e-03,2.395409e-03,5.318890e-03,1.961587e-04,2.342479e-03,6.687846e-02,2.701939e-02,1.844552e-02,1.493200e-03,2.695986e-03,3.599825e-01,4.439376e-01
4.822754e-02,5.327484e-03,3.144008e-03,1.735118e-03,2.224019e-03,4.191139e-03,1.552153e-04,1.691864e-03,1.031290e-01,3.522136e-02,1.550015e-02,1.124202e-03,2.148523e-03,3.272996e-01,4.488808e-01
3.969640e-02,5.373546e-03,3.081680e-03,2.188772e-03,2.311396e-03,3.426130e-03,1.805151e-04,1.734771e-03,2.121515e-01,2.955483e-02,1.272447e-02,9.659523e-04,1.976911e-03,3.132409e-01,3.713923e-01
3.290229e-02,5.736495e-03,3.372535e-03,1.725431e-03,2.510664e-03,2.912301e-03,1.390851e-04,1.437414e-03,2.959983e-01,2.590478e-02,1.282512e-02,7.329292e-04,1.708182e-03,3.391471e-01,2.729474e-01
2.984732e-02,4.420729e-03,3.130031e-03,1.304212e-03,2.448991e-03,2.373320e-03,1.059718e-04,1.123653e-03,2.884791e-01,2.709412e-02,1.299812e-02,6.244726e-04,1.352136e-03,4.200810e-01,2.046169e-01
4.358533e-02,6.201294e-03,8.677929e-03,1.203813e-03,2.840143e-03,2.502250e-03,1.026831e-04,1.850534e-03,2.539686e-01,2.475222e-02,1.190268e-02,5.636124e-04,1.141596e-03,4.064403e-01,2.342671e-01
4.995743e-02,8.520354e-03,8.621057e-03,1.953561e-03,5.648234e-03,2.482192e-03,8.581943e-05,1.771906e-03,2.676820e-01,1.942371e-02,1.008125e-02,5.566828e-04,1.418117e-03,2.948713e-01,3.269264e-01
4.540160e-02,6.361388e-03,6.913749e-03,1.532905e-03,5.943797e-03,2.896873e-03,8.365144e-05,1.721065e-03,2.451113e-01,1.535884e-02,8.255407e-03,5.099113e-04,1.407272e-03,3.095909e-01,3.489113e-01
4.334280e-02,4.799283e-03,9.209646e-03,1.352356e-03,6.267732e-03,8.164922e-03,1.754841e-04,2.263603e-03,2.216247e-01,1.406183e-02,7.105076e-03,8.647162e-04,1.577524e-03,3.741140e-01,3.050764e-01
3.965190e-02,3.594000e-03,7.780183e-03,1.098123e-03,6.863986e-03,6.651771e-03,1.447945e-04,2.000337e-03,1.824180e-01,1.290494e-02,5.606309e-03,7.312876e-04,1.439608e-03,4.877543e-01,2.413605e-01
4.342376e-02,3.410433e-03,1.067570e-02,1.244678e-02,1.181780e-02,2.605987e-02,1.851935e-03,1.074125e-02,1.460768e-01,9.282731e-03,4.371195e-03,5.974808e-04,1.241156e-03,5.483221e-01,1.696810e-01
4.950331e-02,4.200511e-03,1.216859e-02,1.297138e-02,2.706873e-02,3.596567e-02,1.638148e-03,1.366027e-02,1.356162e-01,7.759767e-03,3.493502e-03,5.176383e-04,1.120623e-03,5.687737e-01,1.255418e-01
4.498753e-02,2.959817e-02,1.448130e-02,1.263505e-02,3.424057e-02,3.589933e-02,1.187203e-03,1.033665e-02,1.786529e-01,8.448155e-03,4.707191e-03,6.598601e-04,2.204177e-03,4.422425e-01,1.797195e-01
4.098197e-02,5.477419e-02,1.309946e-02,2.395872e-02,3.005734e-02,2.725439e-02,8.933139e-04,8.365342e-03,2.735332e-01,1.214564e-02,6.942333e-03,7.880107e-04,2.587968e-03,3.287981e-01,1.758200e-01
4.174816e-02,1.811393e-01,9.518548e-03,1.982731e-02,2.293462e-02,2.045541e-02,7.011445e-04,6.126225e-03,2.686082e-01,1.109268e-02,8.262308e-03,8.658037e-04,4.247061e-03,2.507931e-01,1.536801e-01
4.855413e-02,2.986976e-01,1.995550e-02,3.141963e-02,1.810350e-02,1.589334e-02,6.644895e-04,6.256957e-03,2.367182e-01,8.373850e-03,7.900442e-03,7.843359e-04,3.410822e-03,1.909577e-01,1.123095e-01
5.226603e-02,3.118021e-01,1.730090e-02,2.893893e-02,2.228534e-02,1.307574e-02,5.439770e-04,5.852583e-03,2.869979e-01,7.654495e-03,8.878819e-03,9.948893e-04,7.380213e-03,1.388156e-01,9.721253e-02
5.486644e-02,2.570398e-01,1.273587e-02,5.340002e-02,1.989941e-02,1.437254e-02,8.608971e-04,4.490384e-03,3.455461e-01,5.733290e-03,2.047246e-02,7.432736e-03,3.292599e-02,9.750282e-02,7.272115e-02
1.039434e-01,1.894368e-01,1.063566e-02,5.362523e-02,1.578783e-02,1.591018e-02,2.153090e-03,5.100722e-03,2.896669e-01,4.540503e-03,2.459249e-02,4.797305e-02,1.122331e-01,7.034343e-02,5.405758e-02
8.156746e-02,1.351541e-01,7.958932e-03,4.642557e-02,1.300361e-02,1.309291e-02,1.681885e-03,4.128436e-03,2.202588e-01,3.543711e-03,5.229710e-02,8.762920e-02,2.403694e-01,5.081874e-02,4.207018e-02
7.732923e-02,9.930069e-02,6.353247e-03,9.674414e-02,2.080274e-02,1.040886e-02,1.647878e-03,5.118406e-03,1.860453e-01,3.206628e-03,4.533569e-02,9.181854e-02,2.866800e-01,3.764180e-02,3.156685e-02
5.551172e-02,7.089886e-02,4.671620e-03,7.040928e-02,1.738517e-02,8.037812e-03,1.532506e-03,3.982064e-03,1.350961e-01,2.680046e-03,3.677446e-02,8.809363e-02,4.530498e-01,2.797793e-02,2.389903e-02
4.888066e-02,5.592160e-02,3.654632e-03,6.986576e-02,2.696659e-02,9.730948e-03,2.133904e-03,4.262838e-03,1.147823e-01,3.813426e-03,3.558242e-02,1.087603e-01,4.766073e-01,2.138781e-02,1.764946e-02
3.554910e-02,4.166214e-02,3.350758e-03,5.741327e-02,2.382400e-02,8.328964e-03,1.814772e-03,3.093420e-03,8.979326e-02,6.638991e-03,3.921846e-02,2.013291e-01,4.547955e-01,2.009764e-02,1.309068e-02
2.878124e-02,3.085967e-02,3.345859e-03,4.469224e-02,3.435411e-02,8.399701e-03,2.577749e-03,3.862420e-03,7.629024e-02,7.866769e-03,3.644365e-02,2.032654e-01,4.924920e-01,1.661280e-02,1.015614e-02
3.159059e-02,2.365496e-02,4.585117e-03,3.202154e-02,3.873077e-02,7.745558e-03,2.553529e-03,7.403600e-03,7.218567e-02,1.071508e-02,3.085041e-02,1.929083e-01,5.177235e-01,1.683993e-02,1.049143e-02
2.582326e-02,2.283495e-02,5.170141e-03,2.351189e-02,5.089273e-02,6.010148e-03,2.961632e-03,5.782827e-03,5.790488e-02,2.480571e-02,2.917796e-02,1.903756e-01,5.252733e-01,1.879287e-02,1.068203e-02
2.287195e-02,2.012168e-02,1.209245e-02,1.725987e-02,7.452571e-02,5.494240e-03,3.538189e-03,4.688017e-03,5.392230e-02,2.420214e-02,4.095751e-02,1.536887e-01,5.280697e-01,1.750747e-02,2.106004e-02
2.195035e-02,1.673994e-02,2.156382e-02,1.643334e-02,6.013505e-02,5.119382e-03,3.001187e-03,4.411520e-03,7.779901e-02,6.323228e-02,4.056186e-02,1.611924e-01,4.564537e-01,3.044869e-02,2.095730e-02
2.051312e-02,1.280357e-02,1.903779e-02,1.200891e-02,5.729565e-02,4.133475e-03,2.876394e-03,6.354530e-03,6.605932e-02,4.962917e-02,4.393785e-02,1.420597e-01,5.172093e-01,2.465071e-02,2.143055e-02
1.511369e-02,9.097643e-03,1.492607e-02,9.271199e-03,5.312519e-02,3.358114e-03,2.769881e-03,4.635835e-02,5.811340e-02,3.637183e-02,4.463400e-02,1.171654e-01,5.508164e-01,1.773984e-02,2.113908e-02
1.184177e-02,6.908498e-03,1.180693e-02,8.488912e-03,5.018977e-02,2.574715e-03,2.056863e-03,5.269092e-02,1.920639e-01,2.584441e-02,3.959836e-02,8.949244e-02,4.760244e-01,1.256603e-02,1.785209e-02
1.056759e-02,5.074866e-03,1.028088e-02,1.786633e-02,7.841398e-02,2.637208e-03,1.794222e-03,1.031381e-01,2.473525e-01,1.923632e-02,3.667802e-02,6.926298e-02,3.732624e-01,9.403433e-03,1.503119e-02
1.459311e-02,4.571824e-03,9.873129e-03,1.575444e-02,7.989927e-02,3.222389e-03,1.912287e-03,1.478866e-01,2.717547e-01,1.506672e-02,3.287780e-02,5.628064e-02,3.229451e-01,7.766291e-03,1.559569e-02
2.353762e-02,6.355012e-03,1.148843e-02,2.169309e-02,1.944400e-01,4.507441e-03,4.984448e-03,1.477215e-01,2.288490e-01,1.154658e-02,3.015694e-02,4.425635e-02,2.528612e-01,5.641964e-03,1.196048e-02
1.936001e-02,1.156839e-02,9.712270e-03,1.343161e-01,2.886580e-01,3.638984e-03,4.659902e-03,1.077362e-01,1.669318e-01,8.229444e-03,2.207820e-02,3.146315e-02,1.785082e-01,4.006585e-03,9.132816e-03
2.002694e-02,9.677240e-03,7.799600e-03,2.475385e-01,3.104821e-01,4.126218e-03,4.003014e-03,7.806278e-02,1.301920e-01,6.316717e-03,1.841089e-02,2.294077e-02,1.300159e-01,2.948654e-03,7.458678e-03
4.176313e-02,1.274529e-02,8.427090e-03,1.852967e-01,4.212496e-01,4.791262e-03,5.007378e-03,5.741198e-02,1.145677e-01,5.160741e-03,1.536570e-02,1.831647e-02,9.437852e-02,2.451786e-03,1.306673e-02
5.615491e-02,1.160608e-02,8.448499e-03,1.367135e-01,5.142844e-01,4.433234e-03,6.578477e-03,5.163673e-02,1.010615e-01,4.016750e-03,1.162424e-02,1.430135e-02,6.687951e-02,2.080522e-03,1.018037e-02
8.248056e-02,1.446967e-02,9.120848e-03,1.121715e-01,5.033215e-01,4.681160e-03,9.649433e-03,4.643163e-02,1.318581e-01,4.456723e-03,9.191045e-03,1.184598e-02,4.791264e-02,1.662271e-03,1.074695e-02
1.342177e-01,1.790155e-02,1.335494e-02,1.131658e-01,4.553539e-01,7.787461e-03,8.737155e-03,3.917250e-02,1.365930e-01,3.707507e-03,8.574350e-03,1.420469e-02,3.657280e-02,1.743181e-03,8.913428e-03
1.810651e-01,1.786137e-02,1.309131e-02,1.196685e-01,4.317555e-01,9.854157e-03,7.395435e-03,2.874622e-02,1.258141e-01,3.150337e-03,9.027564e-03,1.450077e-02,2.759152e-02,1.764607e-03,8.713489e-03
2.710736e-01,1.531404e-02,1.017033e-02,9.168719e-02,3.842804e-01,9.478944e-03,5.839214e-03,2.101015e-02,1.209685e-01,2.796550e-03,1.002698e-02,2.511805e-02,2.244499e-02,1.968895e-03,7.822167e-03
2.368580e-01,1.275108e-02,8.612797e-03,6.832346e-02,4.587110e-01,7.596449e-03,5.115988e-03,1.615815e-02,1.173629e-01,2.255837e-03,9.338381e-03,2.605730e-02,1.983160e-02,2.252077e-03,8.775045e-03
2.018776e-01,1.110107e-02,7.630829e-03,6.479946e-02,5.090270e-01,6.472277e-03,4.644270e-03,2.299786e-02,1.034129e-01,1.858667e-03,9.804566e-03,3.049897e-02,1.654884e-02,1.931933e-03,7.393754e-03
1.841107e-01,1.432689e-02,8.123616e-03,5.453162e-02,5.236331e-01,9.995162e-03,6.309830e-03,2.307948e-02,1.099176e-01,2.537118e-03,8.034293e-03,2.854418e-02,1.772244e-02,2.028950e-03,7.105039e-03
1.685722e-01,1.699972e-02,8.498181e-03,5.175422e-02,5.003486e-01,2.178928e-02,8.777326e-03,2.099385e-02,1.130999e-01,5.374135e-03,8.215235e-03,2.506852e-02,3.417445e-02,3.084728e-03,1.324958e-02
1.193733e-01,2.003092e-02,6.537864e-03,4.560375e-02,3.528660e-01,1.502204e-01,6.532062e-03,1.487748e-02,8.991772e-02,4.360156e-03,6.856217e-03,2.015558e-02,1.474863e-01,2.335825e-03,1.284649e-02
8.813168e-02,1.509947e-02,4.777170e-03,3.535070e-02,2.485269e-01,1.136068e-01,4.636907e-03,1.085709e-02,6.548548e-02,3.232748e-03,5.283988e-03,1.502240e-02,3.781704e-01,1.655007e-03,1.016326e-02
6.277610e-02,1.087129e-02,3.414381e-03,2.647234e-02,1.742494e-01,8.438239e-02,3.304219e-03,7.718636e-03,4.958981e-02,2.310576e-03,3.942492e-03,1.214770e-02,5.503101e-01,1.180319e-03,7.330209e-03
4.517484e-02,9.259987e-03,2.566214e-03,1.939563e-02,1.221346e-01,6.563537e-02,2.457314e-03,5.582344e-03,3.807857e-02,1.723766e-03,3.495788e-03,1.241907e-02,6.655674e-01,9.423545e-04,5.566778e-03
3.268199e-02,6.654311e-03,1.884688e-03,1.417903e-02,8.583913e-02,5.000034e-02,1.810252e-03,4.025054e-03,2.741727e-02,1.259024e-03,3.535707e-03,1.198145e-02,7.536958e-01,7.185114e-04,4.317386e-03
2.424764e-02,4.690327e-03,1.350184e-03,1.004521e-02,6.032467e-02,3.749226e-02,1.304112e-03,2.918730e-03,1.929411e-02,8.988381e-04,2.967728e-03,1.096466e-02,8.197796e-01,5.372735e-04,3.184603e-03
2.165475e-02,3.349274e-03,1.021738e-03,7.160479e-03,4.442298e-02,2.805874e-02,1.198267e-03,3.387749e-03,1.372893e-02,6.833654e-04,3.032586e-03,1.004564e-02,8.593117e-01,4.632747e-04,2.480533e-03
1.798970e-02,2.463407e-03,7.689146e-04,5.092419e-03,3.215819e-02,2.137077e-02,1.174681e-03,4.010019e-03,9.961944e-03,5.077028e-04,2.371107e-03,1.112531e-02,8.887228e-01,3.467374e-04,1.936269e-03
2.969624e-02,4.695498e-03,8.659397e-03,8.393659e-03,2.910664e-02,2.279161e-02,2.370345e-03,1.434100e-02,1.078116e-02,8.053241e-04,3.220196e-03,1.131326e-02,8.513729e-01,3.505516e-04,2.102173e-03
3.016234e-02,4.286787e-03,7.750158e-03,7.390284e-03,2.518786e-02,4.459816e-02,2.574124e-03,1.573190e-02,1.106774e-02,7.617716e-04,3.426315e-03,1.175428e-02,8.329375e-01,3.130074e-04,2.057733e-03
2.805084e-02,6.138441e-03,8.157240e-03,6.129801e-03,2.373922e-02,3.967649e-02,3.292453e-03,1.331404e-02,1.738368e-02,9.268972e-04,3.627621e-03,1.204606e-02,8.347903e-01,4.194736e-04,2.307474e-03
2.501544e-02,7.968886e-02,3.049007e-02,1.439942e-02,1.806351e-02,5.017320e-02,2.717502e-03,9.666545e-03,6.946375e-02,2.704738e-03,9.592669e-03,2.484366e-02,6.564524e-01,5.504257e-04,6.177834e-03
3.694700e-02,6.796987e-02,2.660002e-02,1.338412e-02,1.364151e-02,7.493813e-02,2.871588e-03,8.375691e-03,7.960028e-02,3.964769e-03,1.995736e-02,2.980848e-02,6.111875e-01,1.067765e-03,9.685895e-03
9.396557e-02,6.135828e-02,2.780297e-02,1.945502e-02,1.168970e-02,6.974524e-02,3.328290e-03,7.720899e-03,1.258252e-01,5.318237e-03,2.586141e-02,4.599153e-02,4.861968e-01,2.287148e-03,1.345367e-02
1.059841e-01,6.196474e-02,2.445121e-02,1.764541e-02,1.023080e-02,8.361863e-02,3.355735e-03,7.608302e-03,1.822304e-01,6.033262e-03,2.743721e-02,4.303256e-02,4.034429e-01,3.068788e-03,1.989596e-02
1.195594e-01,9.129964e-02,2.371211e-02,1.737931e-02,7.973976e-03,8.375218e-02,2.811261e-03,5.887365e-03,2.106962e-01,8.235496e-03,2.512476e-02,4.753933e-02,3.212034e-01,4.522796e-03,3.030280e-02
1.306203e-01,8.825149e-02,2.459553e-02,1.544117e-02,9.503014e-03,7.436404e-02,3.500407e-03,8.236021e-03,2.385664e-01,7.355737e-03,2.242746e-02,5.615889e-02,2.901410e-01,5.132545e-03,2.570599e-02
1.232671e-01,7.277624e-02,3.557891e-02,1.268618e-02,1.632321e-02,6.847917e-02,5.246655e-03,3.154692e-02,2.809861e-01,6.567962e-03,1.949984e-02,5.199794e-02,2.467750e-01,4.986877e-03,2.328195e-02
1.268442e-01,7.371485e-02,5.342306e-02,1.143293e-02,1.934183e-02,6.426106e-02,7.037288e-03,3.720084e-02,2.931522e-01,1.141339e-02,1.772812e-02,5.027419e-02,2.031915e-01,6.735338e-03,2.424923e-02
1.129827e-01,7.263040e-02,5.165784e-02,9.867202e-03,2.664250e-02,6.282990e-02,1.130685e-02,3.954379e-02,2.974235e-01,1.165766e-02,1.487714e-02,3.909141e-02,2.194702e-01,6.072853e-03,2.394599e-02
1.388092e-01,6.742585e-02,7.054658e-02,1.105607e-02,4.009868e-02,4.884821e-02,1.185396e-02,8.711694e-02,2.502151e-01,1.323004e-02,2.013590e-02,3.309382e-02,1.723119e-01,6.377499e-03,2.888023e-02
2.336756e-01,5.650399e-02,5.385315e-02,3.865849e-02,3.874279e-02,3.969397e-02,9.808194e-03,6.453758e-02,1.861013e-01,1.592934e-02,2.976209e-02,3.779913e-02,1.457751e-01,9.455403e-03,3.970390e-02
2.475648e-01,5.453120e-02,4.296068e-02,5.025315e-02,3.464976e-02,3.084492e-02,9.054745e-03,4.752669e-02,1.388426e-01,1.726534e-02,3.884417e-02,3.515364e-02,1.421571e-01,1.914018e-02,9.121110e-02
1.791497e-01,3.879175e-02,3.282067e-02,4.386087e-02,2.676842e-02,2.270013e-02,6.951650e-03,3.350933e-02,9.821613e-02,1.743877e-02,4.693326e-02,4.564245e-02,3.249300e-01,1.513200e-02,6.715488e-02
2.279314e-01,2.970280e-02,2.724432e-02,3.606620e-02,2.951636e-02,1.879995e-02,5.566500e-03,2.479389e-02,9.175093e-02,1.283466e-02,5.795274e-02,5.829339e-02,3.175071e-01,1.234203e-02,4.969785e-02
3.473191e-01,2.567370e-02,2.469597e-02,3.613935e-02,3.291838e-02,1.987893e-02,4.764478e-03,2.074651e-02,7.186895e-02,1.488534e-02,5.198917e-02,5.866770e-02,2.349534e-01,1.485944e-02,4.063973e-02
3.562938e-01,2.446870e-02,1.888646e-02,3.256662e-02,5.668327e-02,1.677277e-02,3.757187e-03,1.551239e-02,5.784260e-02,2.975488e-02,6.188422e-02,7.626802e-02,1.886669e-01,2.857317e-02,3.206910e-02
2.793102e-01,2.181019e-02,1.605008e-02,3.025490e-02,8.579087e-02,1.375155e-02,3.533850e-03,1.153319e-02,4.949800e-02,1.147484e-01,6.608520e-02,9.582795e-02,1.503450e-01,3.680001e-02,2.466054e-02
1.997443e-01,2.191840e-02,1.656627e-02,2.216279e-02,7.328598e-02,1.002472e-02,2.618237e-03,8.678419e-03,4.205626e-02,8.527458e-02,1.048822e-01,2.014189e-01,1.330097e-01,5.970430e-02,1.865496e-02
1.427509e-01,1.954813e-02,1.386009e-02,1.724551e-02,5.608572e-02,7.355697e-03,2.041308e-03,7.552494e-03,4.858767e-02,6.680620e-02,1.073129e-01,2.995594e-01,1.129275e-01,8.417706e-02,1.418938e-02
1.124040e-01,1.685361e-02,1.304246e-02,1.466462e-02,4.077479e-02,1.104139e-02,1.751486e-03,8.103431e-03,4.886585e-02,5.858766e-02,2.023933e-01,2.716703e-01,9.041828e-02,9.776667e-02,1.166207e-02
1.075316e-01,1.397528e-02,3.232404e-02,1.129464e-02,2.941892e-02,8.028047e-02,2.134257e-03,1.560725e-02,3.989711e-02,5.782503e-02,2.160361e-01,2.211165e-01,6.924655e-02,9.409916e-02,9.213163e-03
1.254999e-01,1.667239e-02,6.783564e-02,9.564388e-03,2.300038e-02,1.014017e-01,2.471824e-03,2.211265e-02,3.990120e-02,5.458724e-02,2.069004e-01,1.779858e-01,5.126608e-02,9.319310e-02,7.607285e-03
1.223404e-01,1.648507e-02,5.696587e-02,7.802895e-03,1.959238e-02,1.568535e-01,2.005453e-03,2.210528e-02,6.536531e-02,6.676008e-02,1.971794e-01,1.329185e-01,3.727825e-02,8.935890e-02,6.988647e-03
1.019794e-01,1.493997e-02,6.046004e-02,6.800233e-03,1.668367e-02,2.076377e-01,1.903208e-03,2.865404e-02,7.709792e-02,7.256595e-02,1.914661e-01,1.051101e-01,2.746598e-02,8.128446e-02,5.951243e-03
1.139412e-01,1.634904e-02,6.288591e-02,5.316556e-03,1.237728e-02,2.606812e-01,1.668872e-03,2.706704e-02,7.449742e-02,5.782838e-02,1.803341e-01,8.432432e-02,2.121373e-02,7.507423e-02,6.440721e-03
8.204509e-02,1.542858e-02,4.758615e-02,4.221992e-03,1.017313e-02,1.915403e-01,1.204661e-03,2.039848e-02,1.315610e-01,4.187019e-02,2.536264e-01,6.895886e-02,1.555629e-02,1.097974e-01,6.031404e-03
6.132803e-02,1.682716e-02,3.673998e-02,3.416874e-03,9.089134e-03,1.389330e-01,8.818959e-04,1.612675e-02,1.905047e-01,3.091793e-02,3.273665e-01,5.088879e-02,1.127591e-02,9.910568e-02,6.597647e-03
5.200870e-02,2.485761e-02,2.797352e-02,4.497211e-03,1.488480e-02,1.022699e-01,7.173736e-04,1.355173e-02,1.947773e-01,2.453954e-02,3.949142e-01,3.709411e-02,8.339950e-03,8.225119e-02,1.732284e-02
5.062273e-02,3.682100e-02,2.456420e-02,6.321413e-03,1.836359e-02,7.973302e-02,7.267634e-04,1.862031e-02,2.292463e-01,1.993033e-02,3.850864e-01,2.746169e-02,6.443178e-03,7.769048e-02,1.836861e-02
