1.000000e+00,0.000000e+00,0.000000e+00,0.000000e+00,0.000000e+00,0.000000e+00,0.000000e+00,0.000000e+00,0.000000e+00,0.000000e+00,0.000000e+00,0.000000e+00,0.000000e+00,0.000000e+00,0.000000e+00
1.000000e+00,0.000000e+00,0.000000e+00,0.000000e+00,0.000000e+00,0.000000e+00,0.000000e+00,0.000000e+00,0.000000e+00,0.000000e+00,0.000000e+00,0.000000e+00,0.000000e+00,0.000000e+00,0.000000e+00
1.000000e+00,0.000000e+00,0.000000e+00,0.000000e+00,0.000000e+00,0.000000e+00,0.000000e+00,0.000000e+00,0.000000e+00,0.000000e+00,0.000000e+00,0.000000e+00,0.000000e+00,0.000000e+00,0.000000e+00
1.000000e+00,0.000000e+00,0.000000e+00,0.000000e+00,0.000000e+00,0.000000e+00,0.000000e+00,0.000000e+00,0.000000e+00,0.000000e+00,0.000000e+00,0.000000e+00,0.000000e+00,0.000000e+00,0.000000e+00
1.000000e+00,0.000000e+00,0.000000e+00,0.000000e+00,0.000000e+00,0.000000e+00,0.000000e+00,0.000000e+00,0.000000e+00,0.000000e+00,0.000000e+00,0.000000e+00,0.000000e+00,0.000000e+00,0.000000e+00
1.000000e+00,0.000000e+00,0.000000e+00,0.000000e+00,0.000000e+00,0.000000e+00,0.000000e+00,0.000000e+00,0.000000e+00,0.000000e+00,0.000000e+00,0.000000e+00,0.000000e+00,0.000000e+00,0.000000e+00
1.000000e+00,0.000000e+00,0.000000e+00,0.000000e+00,0.000000e+00,0.000000e+00,0.000000e+00,0.000000e+00,0.000000e+00,0.000000e+00,0.000000e+00,0.000000e+00,0.000000e+00,0.000000e+00,0.000000e+00
1.000000e+00,0.000000e+00,0.000000e+00,0.000000e+00,0.000000e+00,0.000000e+00,0.000000e+00,0.000000e+00,0.000000e+00,0.000000e+00,0.000000e+00,0.000000e+00,0.000000e+00,0.000000e+00,0.000000e+00
1.000000e+00,0.000000e+00,0.000000e+00,0.000000e+00,0.000000e+00,0.000000e+00,0.000000e+00,0.000000e+00,0.000000e+00,0.000000e+00,0.000000e+00,0.000000e+00,0.000000e+00,0.000000e+00,0.000000e+00
1.000000e+00,0.000000e+00,0.000000e+00,0.000000e+00,0.000000e+00,0.000000e+00,0.000000e+00,0.000000e+00,0.000000e+00,0.000000e+00,0.000000e+00,0.000000e+00,0.000000e+00,0.000000e+00,0.000000e+00
1.000000e+00,0.000000e+00,0.000000e+00,0.000000e+00,0.000000e+00,0.000000e+00,0.000000e+00,0.000000e+00,0.000000e+00,0.000000e+00,0.000000e+00,0.000000e+00,0.000000e+00,0.000000e+00,0.000000e+00
1.000000e+00,0.000000e+00,0.000000e+00,0.000000e+00,0.000000e+00,0.000000e+00,0.000000e+00,0.000000e+00,0.000000e+00,0.000000e+00,0.000000e+00,0.000000e+00,0.000000e+00,0.000000e+00,0.000000e+00
1.000000e+00,0.000000e+00,0.000000e+00,0.000000e+00,0.000000e+00,0.000000e+00,0.000000e+00,0.000000e+00,0.000000e+00,0.000000e+00,0.000000e+00,0.000000e+00,0.000000e+00,0.000000e+00,0.000000e+00
1.000000e+00,0.000000e+00,0.000000e+00,0.000000e+00,0.000000e+00,0.000000e+00,0.000000e+00,0.000000e+00,0.000000e+00,0.000000e+00,0.000000e+00,0.000000e+00,0.000000e+00,0.000000e+00,0.000000e+00
1.000000e+00,0.000000e+00,0.000000e+00,0.000000e+00,0.000000e+00,0.000000e+00,0.000000e+00,0.000000e+00,0.000000e+00,0.000000e+00,0.000000e+00,0.000000e+00,0.000000e+00,0.000000e+00,0.000000e+00
1.000000e+00,0.000000e+00,0.000000e+00,0.000000e+00,0.000000e+00,0.000000e+00,0.000000e+00,0.000000e+00,0.000000e+00,0.000000e+00,0.000000e+00,0.000000e+00,0.000000e+00,0.000000e+00,0.000000e+00
1.000000e+00,0.000000e+00,0.000000e+00,0.000000e+00,0.000000e+00,0.000000e+00,0.000000e+00,0.000000e+00,0.000000e+00,0.000000e+00,0.000000e+00,0.000000e+00,0.000000e+00,0.000000e+00,0.000000e+00
1.000000e+00,0.000000e+00,0.000000e+00,0.000000e+00,0.000000e+00,0.000000e+00,0.000000e+00,0.000000e+00,0.000000e+00,0.000000e+00,0.000000e+00,0.000000e+00,0.000000e+00,0.000000e+00,0.000000e+00
1.000000e+00,0.000000e+00,0.000000e+00,0.000000e+00,0.000000e+00,0.000000e+00,0.000000e+00,0.000000e+00,0.000000e+00,0.000000e+00,0.000000e+00,0.000000e+00,0.000000e+00,0.000000e+00,0.000000e+00
1.000000e+00,0.000000e+00,0.000000e+00,0.000000e+00,0.000000e+00,0.000000e+00,0.000000e+00,0.000000e+00,0.000000e+00,0.000000e+00,0.000000e+00,0.000000e+00,0.000000e+00,0.000000e+00,0.000000e+00
1.000000e+00,0.000000e+00,0.000000e+00,0.000000e+00,0.000000e+00,0.000000e+00,0.000000e+00,0.000000e+00,0.000000e+00,0.000000e+00,0.000000e+00,0.000000e+00,0.000000e+00,0.000000e+00,0.000000e+00
1.000000e+00,0.000000e+00,0.000000e+00,0.000000e+00,0.000000e+00,0.000000e+00,0.000000e+00,0.000000e+00,0.000000e+00,0.000000e+00,0.000000e+00,0.000000e+00,0.000000e+00,0.000000e+00,0.000000e+00
1.000000e+00,0.000000e+00,0.000000e+00,0.000000e+00,0.000000e+00,0.000000e+00,0.000000e+00,0.000000e+00,0.000000e+00,0.000000e+00,0.000000e+00,0.000000e+00,0.000000e+00,0.000000e+00,0.000000e+00
1.000000e+00,0.000000e+00,0.000000e+00,0.000000e+00,0.000000e+00,0.000000e+00,0.000000e+00,0.000000e+00,0.000000e+00,0.000000e+00,0.000000e+00,0.000000e+00,0.000000e+00,0.000000e+00,0.000000e+00
1.000000e+00,0.000000e+00,0.000000e+00,0.000000e+00,0.000000e+00,0.000000e+00,0.000000e+00,0.000000e+00,0.000000e+00,0.000000e+00,0.000000e+00,0.000000e+00,0.000000e+00,0.000000e+00,0.000000e+00
1.000000e+00,0.000000e+00,0.000000e+00,0.000000e+00,0.000000e+00,0.000000e+00,0.000000e+00,0.000000e+00,0.000000e+00,0.000000e+00,0.000000e+00,0.000000e+00,0.000000e+00,0.000000e+00,0.000000e+00
1.000000e+00,0.000000e+00,0.000000e+00,0.000000e+00,0.000000e+00,0.000000e+00,0.000000e+00,0.000000e+00,0.000000e+00,0.000000e+00,0.000000e+00,0.000000e+00,0.000000e+00,0.000000e+00,0.000000e+00
1.000000e+00,0.000000e+00,0.000000e+00,0.000000e+00,0.000000e+00,0.000000e+00,0.000000e+00,0.000000e+00,0.000000e+00,0.000000e+00,0.000000e+00,0.000000e+00,0.000000e+00,0.000000e+00,0.000000e+00
1.000000e+00,0.000000e+00,0.000000e+00,0.000000e+00,0.000000e+00,0.000000e+00,0.000000e+00,0.000000e+00,0.000000e+00,0.000000e+00,0.000000e+00,0.000000e+00,0.000000e+00,0.000000e+00,0.000000e+00
1.000000e+00,0.000000e+00,0.000000e+00,0.000000e+00,0.000000e+00,0.000000e+00,0.000000e+00,0.000000e+00,0.000000e+00,0.000000e+00,0.000000e+00,0.000000e+00,0.000000e+00,0.000000e+00,0.000000e+00
1.000000e+00,0.000000e+00,0.000000e+00,0.000000e+00,0.000000e+00,0.000000e+00,0.000000e+00,0.000000e+00,0.000000e+00,0.000000e+00,0.000000e+00,0.000000e+00,0.000000e+00,0.000000e+00,0.000000e+00
1.000000e+00,0.000000e+00,0.000000e+00,0.000000e+00,0.000000e+00,0.000000e+00,0.000000e+00,0.000000e+00,0.000000e+00,0.000000e+00,0.000000e+00,0.000000e+00,0.000000e+00,0.000000e+00,0.000000e+00
1.000000e+00,0.000000e+00,0.000000e+00,0.000000e+00,0.000000e+00,0.000000e+00,0.000000e+00,0.000000e+00,0.000000e+00,0.000000e+00,0.000000e+00,0.000000e+00,0.000000e+00,0.000000e+00,0.000000e+00
1.000000e+00,0.000000e+00,0.000000e+00,0.000000e+00,0.000000e+00,0.000000e+00,0.000000e+00,0.000000e+00,0.000000e+00,0.000000e+00,0.000000e+00,0.000000e+00,0.000000e+00,0.000000e+00,0.000000e+00
1.000000e+00,0.000000e+00,0.000000e+00,0.000000e+00,0.000000e+00,0.000000e+00,0.000000e+00,0.000000e+00,0.000000e+00,0.000000e+00,0.000000e+00,0.000000e+00,0.000000e+00,0.000000e+00,0.000000e+00
1.000000e+00,0.000000e+00,0.000000e+00,0.000000e+00,0.000000e+00,0.000000e+00,0.000000e+00,0.000000e+00,0.000000e+00,0.000000e+00,0.000000e+00,0.000000e+00,0.000000e+00,0.000000e+00,0.000000e+00
1.000000e+00,0.000000e+00,0.000000e+00,0.000000e+00,0.000000e+00,0.000000e+00,0.000000e+00,0.000000e+00,0.000000e+00,0.000000e+00,0.000000e+00,0.000000e+00,0.000000e+00,0.000000e+00,0.000000e+00
1.000000e+00,0.000000e+00,0.000000e+00,0.000000e+00,0.000000e+00,0.000000e+00,0.000000e+00,0.000000e+00,0.000000e+00,0.000000e+00,0.000000e+00,0.000000e+00,0.000000e+00,0.000000e+00,0.000000e+00
1.000000e+00,0.000000e+00,0.000000e+00,0.000000e+00,0.000000e+00,0.000000e+00,0.000000e+00,0.000000e+00,0.000000e+00,0.000000e+00,0.000000e+00,0.000000e+00,0.000000e+00,0.000000e+00,0.000000e+00
1.000000e+00,0.000000e+00,0.000000e+00,0.000000e+00,0.000000e+00,0.000000e+00,0.000000e+00,0.000000e+00,0.000000e+00,0.000000e+00,0.000000e+00,0.000000e+00,0.000000e+00,0.000000e+00,0.000000e+00
1.000000e+00,0.000000e+00,0.000000e+00,0.000000e+00,0.000000e+00,0.000000e+00,0.000000e+00,0.000000e+00,0.000000e+00,0.000000e+00,0.000000e+00,0.000000e+00,0.000000e+00,0.000000e+00,0.000000e+00
1.000000e+00,0.000000e+00,0.000000e+00,0.000000e+00,0.000000e+00,0.000000e+00,0.000000e+00,0.000000e+00,0.000000e+00,0.000000e+00,0.000000e+00,0.000000e+00,0.000000e+00,0.000000e+00,0.000000e+00
1.000000e+00,0.000000e+00,0.000000e+00,0.000000e+00,0.000000e+00,0.000000e+00,0.000000e+00,0.000000e+00,0.000000e+00,0.000000e+00,0.000000e+00,0.000000e+00,0.000000e+00,0.000000e+00,0.000000e+00
1.000000e+00,0.000000e+00,0.000000e+00,0.000000e+00,0.000000e+00,0.000000e+00,0.000000e+00,0.000000e+00,0.000000e+00,0.000000e+00,0.000000e+00,0.000000e+00,0.000000e+00,0.000000e+00,0.000000e+00
1.000000e+00,0.000000e+00,0.000000e+00,0.000000e+00,0.000000e+00,0.000000e+00,0.000000e+00,0.000000e+00,0.000000e+00,0.000000e+00,0.000000e+00,0.000000e+00,0.000000e+00,0.000000e+00,0.000000e+00
1.000000e+00,0.000000e+00,0.000000e+00,0.000000e+00,0.000000e+00,0.000000e+00,0.000000e+00,0.000000e+00,0.000000e+00,0.000000e+00,0.000000e+00,0.000000e+00,0.000000e+00,0.000000e+00,0.000000e+00
1.000000e+00,0.000000e+00,0.000000e+00,0.000000e+00,0.000000e+00,0.000000e+00,0.000000e+00,0.000000e+00,0.000000e+00,0.000000e+00,0.000000e+00,0.000000e+00,0.000000e+00,0.000000e+00,0.000000e+00
1.000000e+00,0.000000e+00,0.000000e+00,0.000000e+00,0.000000e+00,0.000000e+00,0.000000e+00,0.000000e+00,0.000000e+00,0.000000e+00,0.000000e+00,0.000000e+00,0.000000e+00,0.000000e+00,0.000000e+00
1.000000e+00,0.000000e+00,0.000000e+00,0.000000e+00,0.000000e+00,0.000000e+00,0.000000e+00,0.000000e+00,0.000000e+00,0.000000e+00,0.000000e+00,0.000000e+00,0.000000e+00,0.000000e+00,0.000000e+00
1.000000e+00,0.000000e+00,0.000000e+00,0.000000e+00,0.000000e+00,0.000000e+00,0.000000e+00,0.000000e+00,0.000000e+00,0.000000e+00,0.000000e+00,0.000000e+00,0.000000e+00,0.000000e+00,0.000000e+00
1.000000e+00,0.000000e+00,0.000000e+00,0.000000e+00,0.000000e+00,0.000000e+00,0.000000e+00,0.000000e+00,0.000000e+00,0.000000e+00,0.000000e+00,0.000000e+00,0.000000e+00,0.000000e+00,0.000000e+00
1.000000e+00,0.000000e+00,0.000000e+00,0.000000e+00,0.000000e+00,0.000000e+00,0.000000e+00,0.000000e+00,0.000000e+00,0.000000e+00,0.000000e+00,0.000000e+00,0.000000e+00,0.000000e+00,0.000000e+00
1.000000e+00,0.000000e+00,0.000000e+00,0.000000e+00,0.000000e+00,0.000000e+00,0.000000e+00,0.000000e+00,0.000000e+00,0.000000e+00,0.000000e+00,0.000000e+00,0.000000e+00,0.000000e+00,0.000000e+00
1.000000e+00,0.000000e+00,0.000000e+00,0.000000e+00,0.000000e+00,0.000000e+00,0.000000e+00,0.000000e+00,0.000000e+00,0.000000e+00,0.000000e+00,0.000000e+00,0.000000e+00,0.000000e+00,0.000000e+00
1.000000e+00,0.000000e+00,0.000000e+00,0.000000e+00,0.000000e+00,0.000000e+00,0.000000e+00,0.000000e+00,0.000000e+00,0.000000e+00,0.000000e+00,0.000000e+00,0.000000e+00,0.000000e+00,0.000000e+00
1.000000e+00,0.000000e+00,0.000000e+00,0.000000e+00,0.000000e+00,0.000000e+00,0.000000e+00,0.000000e+00,0.000000e+00,0.000000e+00,0.000000e+00,0.000000e+00,0.000000e+00,0.000000e+00,0.000000e+00
1.000000e+00,0.000000e+00,0.000000e+00,0.000000e+00,0.000000e+00,0.000000e+00,0.000000e+00,0.000000e+00,0.000000e+00,0.000000e+00,0.000000e+00,0.000000e+00,0.000000e+00,0.000000e+00,0.000000e+00
1.000000e+00,0.000000e+00,0.000000e+00,0.000000e+00,0.000000e+00,0.000000e+00,0.000000e+00,0.000000e+00,0.000000e+00,0.000000e+00,0.000000e+00,0.000000e+00,0.000000e+00,0.000000e+00,0.000000e+00
1.000000e+00,0.000000e+00,0.000000e+00,0.000000e+00,0.000000e+00,0.000000e+00,0.000000e+00,0.000000e+00,0.000000e+00,0.000000e+00,0.000000e+00,0.000000e+00,0.000000e+00,0.000000e+00,0.000000e+00
1.000000e+00,0.000000e+00,0.000000e+00,0.000000e+00,0.000000e+00,0.000000e+00,0.000000e+00,0.000000e+00,0.000000e+00,0.000000e+00,0.000000e+00,0.000000e+00,0.000000e+00,0.000000e+00,0.000000e+00
1.000000e+00,0.000000e+00,0.000000e+00,0.000000e+00,0.000000e+00,0.000000e+00,0.000000e+00,0.000000e+00,0.000000e+00,0.000000e+00,0.000000e+00,0.000000e+00,0.000000e+00,0.000000e+00,0.000000e+00
3.956600e-01,1.305550e-02,5.092029e-03,2.693256e-02,2.870817e-03,1.225055e-02,1.677388e-03,4.782842e-03,3.616625e-01,5.987198e-02,1.534708e-02,1.274738e-02,2.206300e-02,2.220666e-03,6.376582e-02
2.780432e-01,1.064446e-02,3.725588e-03,2.083549e-02,2.093818e-03,9.015693e-03,1.235649e-03,3.578523e-03,5.020533e-01,6.264086e-02,1.342522e-02,9.827673e-03,2.218520e-02,2.261768e-03,5.843357e-02
1.967884e-01,8.415597e-03,2.687921e-03,1.572733e-02,2.177544e-03,7.773701e-03,9.581355e-04,2.790602e-03,5.234553e-01,7.860745e-02,1.638445e-02,1.035709e-02,2.657676e-02,5.577038e-03,1.017227e-01
1.390286e-01,7.209830e-03,1.992231e-03,1.454703e-02,3.235048e-03,9.471292e-03,8.037135e-04,2.126042e-03,5.909523e-01,6.178153e-02,1.754005e-02,1.287425e-02,4.046025e-02,4.437792e-03,9.354016e-02
9.940957e-02,5.444505e-03,2.029203e-03,2.833117e-02,8.229775e-03,1.045176e-02,2.572613e-03,3.533720e-02,4.175167e-01,4.658739e-02,2.525962e-02,1.135591e-02,8.265269e-02,3.308545e-03,2.215133e-01
8.003006e-02,5.009798e-03,7.345385e-03,3.600773e-02,3.070848e-02,2.447804e-02,4.312722e-03,8.755259e-02,2.997494e-01,3.492198e-02,2.576860e-02,1.130181e-02,9.501770e-02,2.807970e-03,2.549877e-01
5.965872e-02,5.583889e-03,1.343852e-02,1.889586e-01,7.710655e-02,2.310131e-02,4.434305e-03,7.008286e-02,2.406836e-01,2.531149e-02,2.047881e-02,9.411027e-03,7.228120e-02,2.316286e-03,1.871530e-01
7.024015e-02,2.007067e-02,1.843313e-02,1.881024e-01,7.812218e-02,3.647261e-02,5.715922e-03,6.313071e-02,2.303894e-01,2.453570e-02,2.099393e-02,1.005429e-02,5.918034e-02,2.360818e-03,1.721978e-01
1.680787e-01,1.746456e-02,3.492501e-02,1.461219e-01,6.111047e-02,3.297436e-02,2.412032e-02,1.146194e-01,1.644855e-01,1.918763e-02,2.513263e-02,1.888755e-02,4.613059e-02,2.124147e-03,1.246373e-01
2.786412e-01,1.600633e-02,3.114747e-02,1.135642e-01,4.606593e-02,3.698304e-02,2.937016e-02,1.343610e-01,1.178100e-01,1.477238e-02,2.685648e-02,2.185680e-02,4.041948e-02,1.794026e-03,9.035160e-02
2.909943e-01,1.696251e-02,3.897386e-02,9.575704e-02,3.965015e-02,4.154510e-02,3.119212e-02,1.764267e-01,8.874785e-02,1.406024e-02,3.227056e-02,2.152748e-02,3.683212e-02,1.658983e-03,7.340096e-02
3.262170e-01,1.643862e-02,4.717087e-02,7.659381e-02,3.510679e-02,5.960640e-02,3.199932e-02,1.659664e-01,6.578392e-02,1.136271e-02,2.866483e-02,3.155478e-02,4.014436e-02,2.453130e-03,6.093711e-02
3.252448e-01,1.568901e-02,4.817146e-02,5.704118e-02,3.317522e-02,5.456248e-02,4.158863e-02,2.068842e-01,5.063866e-02,9.773278e-03,3.091630e-02,3.104664e-02,3.405029e-02,3.078845e-03,5.813904e-02
2.569410e-01,1.746632e-02,3.925417e-02,4.391192e-02,3.886530e-02,4.720142e-02,4.957166e-02,2.975239e-01,4.286744e-02,7.929607e-03,4.231987e-02,2.795196e-02,2.916211e-02,3.464708e-03,5.556864e-02
1.816961e-01,1.572255e-02,3.002030e-02,3.377335e-02,2.813735e-02,4.215003e-02,3.821710e-02,2.265090e-01,4.839463e-02,2.005218e-02,1.128793e-01,6.246703e-02,3.034778e-02,6.219613e-02,6.743713e-02
1.279675e-01,1.209705e-02,2.154927e-02,2.833937e-02,2.097590e-02,3.779998e-02,2.756386e-02,1.609620e-01,5.232296e-02,6.767536e-02,1.199650e-01,9.038323e-02,3.920652e-02,1.071865e-01,8.600552e-02
8.964014e-02,8.567407e-03,1.513766e-02,1.996178e-02,1.479712e-02,2.715756e-02,1.944974e-02,1.128553e-01,3.711850e-02,2.837839e-01,9.262094e-02,6.853407e-02,3.125989e-02,1.108525e-01,6.826348e-02
6.279889e-02,6.045080e-03,1.063397e-02,1.406312e-02,1.047233e-02,1.914613e-02,1.363741e-02,7.917858e-02,2.665874e-02,4.189310e-01,6.982051e-02,5.225961e-02,2.644918e-02,1.227184e-01,6.718713e-02
4.512579e-02,4.978710e-03,8.032404e-03,1.322580e-02,1.041729e-02,1.388062e-02,9.700638e-03,5.728532e-02,2.411782e-02,4.031842e-01,1.019030e-01,7.898991e-02,3.180648e-02,1.269662e-01,7.038585e-02
3.292717e-02,4.002190e-03,5.864883e-03,1.183612e-02,8.103598e-03,1.037979e-02,6.887321e-03,4.086174e-02,2.184637e-02,3.485468e-01,1.736001e-01,7.569453e-02,3.649174e-02,1.708818e-01,5.207586e-02
2.474085e-02,3.453196e-03,4.426553e-03,1.112161e-02,6.527639e-03,7.628187e-03,4.985808e-03,2.984483e-02,2.293053e-02,3.545920e-01,1.580348e-01,8.187555e-02,4.673620e-02,2.002271e-01,4.287512e-02
1.775845e-02,3.346696e-03,3.351708e-03,8.082953e-03,4.897876e-03,5.547522e-03,3.508984e-03,2.113978e-02,4.629206e-02,2.691685e-01,1.272232e-01,9.884785e-02,4.871156e-02,3.092568e-01,3.286606e-02
1.266287e-02,4.073892e-03,3.396939e-03,6.279682e-03,4.911360e-03,4.229036e-03,2.487231e-03,1.508328e-02,1.502659e-01,1.963137e-01,1.158947e-01,8.648333e-02,4.341213e-02,3.298276e-01,2.467848e-02
1.000335e-02,4.200922e-03,6.241185e-03,4.933324e-03,4.170568e-03,7.595522e-03,1.788607e-03,1.096070e-02,2.209464e-01,1.389599e-01,1.105898e-01,6.704722e-02,3.627936e-02,3.565561e-01,1.972702e-02
7.281390e-03,3.821636e-03,5.036665e-03,3.496533e-03,3.041059e-03,5.886916e-03,1.254813e-03,7.743921e-03,3.300967e-01,9.836938e-02,7.868289e-02,4.735800e-02,2.585765e-02,3.659653e-01,1.610721e-02
5.579800e-03,3.265266e-03,4.919515e-03,2.726914e-03,2.486425e-03,4.353946e-03,8.820624e-04,5.529321e-03,4.178593e-01,6.910946e-02,5.672221e-02,3.329890e-02,1.821710e-02,3.633879e-01,1.166191e-02
6.600321e-03,3.836161e-03,6.961731e-03,3.389919e-03,2.927766e-03,3.652911e-03,6.455963e-04,6.254231e-03,4.339210e-01,4.900532e-02,4.307872e-02,2.365479e-02,1.341204e-02,3.939354e-01,8.724090e-03
9.005314e-03,3.502820e-03,6.485751e-03,2.874136e-03,2.913876e-03,2.837775e-03,4.600710e-04,4.924788e-03,5.367942e-01,3.474879e-02,3.431133e-02,1.673781e-02,9.891948e-03,3.278633e-01,6.648069e-03
1.433170e-02,4.521725e-03,8.495370e-03,4.327835e-03,6.445766e-03,2.429227e-03,3.553710e-04,7.640416e-03,5.088046e-01,2.590631e-02,3.702029e-02,1.266513e-02,8.974547e-03,3.529724e-01,5.109424e-03
1.360658e-02,4.112581e-03,7.826907e-03,3.874802e-03,4.988521e-03,1.936025e-03,2.588846e-04,6.924370e-03,5.039774e-01,1.857940e-02,4.211400e-02,9.684606e-03,8.723852e-03,3.693417e-01,4.050359e-03
1.595864e-02,4.714867e-03,1.161142e-02,4.438175e-03,5.294790e-03,1.523413e-03,1.877203e-04,5.334289e-03,4.842405e-01,1.395814e-02,5.030539e-02,7.100209e-03,6.874856e-03,3.844360e-01,4.021674e-03
1.700394e-02,5.446331e-03,4.329813e-02,5.009825e-03,7.290270e-03,1.344504e-03,1.542604e-04,1.486623e-02,4.763496e-01,1.087614e-02,5.148737e-02,5.257537e-03,5.505510e-03,3.527902e-01,3.320215e-03
2.538955e-02,5.634248e-03,7.021876e-02,9.318721e-03,1.741925e-02,2.533084e-03,2.790480e-04,1.815184e-02,4.925379e-01,1.201456e-02,5.090291e-02,4.107809e-03,4.486486e-03,2.827544e-01,4.251507e-03
3.624634e-02,6.627193e-03,7.779984e-02,1.925864e-02,3.040997e-02,5.663509e-03,4.674768e-04,2.462177e-02,4.518264e-01,1.469878e-02,4.578369e-02,6.198749e-03,1.387507e-02,2.545686e-01,1.195391e-02
4.640272e-02,5.444500e-03,5.855937e-02,1.828382e-02,5.537266e-02,6.190483e-03,2.082695e-03,6.683925e-02,3.694604e-01,2.640268e-02,4.543926e-02,1.159699e-02,2.044924e-02,2.546870e-01,1.278894e-02
8.750197e-02,6.494768e-03,4.496824e-02,2.354422e-02,5.659369e-02,1.134278e-02,3.794996e-03,7.641616e-02,3.224741e-01,2.508182e-02,4.476265e-02,1.773661e-02,2.480046e-02,2.287540e-01,2.573349e-02
7.498673e-02,1.100136e-02,4.310890e-02,2.760965e-02,5.585604e-02,1.004796e-02,3.642407e-03,1.751693e-01,2.851858e-01,2.074522e-02,4.092152e-02,1.981757e-02,2.667330e-02,1.784358e-01,2.679846e-02
8.039972e-02,1.361369e-02,4.188110e-02,3.585712e-02,7.040630e-02,1.311226e-02,3.382023e-03,1.560418e-01,3.125347e-01,1.855739e-02,3.506819e-02,1.962160e-02,2.570515e-02,1.369725e-01,3.684648e-02
7.057970e-02,1.788211e-02,5.379079e-02,7.775049e-02,6.598248e-02,1.122453e-02,3.277554e-03,1.667239e-01,3.197270e-01,1.622425e-02,2.805962e-02,1.809780e-02,2.286808e-02,9.736348e-02,3.044817e-02
6.286590e-02,1.807082e-02,4.691490e-02,6.134985e-02,9.272978e-02,1.853106e-02,2.875488e-03,1.944492e-01,3.433083e-01,1.262384e-02,2.029876e-02,1.301195e-02,1.712237e-02,7.172110e-02,2.412663e-02
6.239969e-02,1.734480e-02,3.940971e-02,6.371742e-02,1.063461e-01,2.289155e-02,2.655123e-03,2.067135e-01,3.576683e-01,1.039157e-02,1.516117e-02,9.717254e-03,1.319340e-02,5.181453e-02,2.057579e-02
1.027042e-01,1.843423e-02,4.287449e-02,7.774173e-02,1.403720e-01,3.931785e-02,3.070980e-03,1.837763e-01,2.884805e-01,8.046336e-03,1.291646e-02,9.853426e-03,1.373762e-02,3.845477e-02,2.021907e-02
1.051778e-01,2.007242e-02,3.483655e-02,6.617443e-02,1.152847e-01,1.075212e-01,3.992334e-03,1.379140e-01,2.352949e-01,6.151630e-03,1.050890e-02,9.791860e-03,9.345558e-02,2.767199e-02,2.615159e-02
8.854335e-02,1.688853e-02,2.626918e-02,6.519338e-02,9.702161e-02,1.007650e-01,3.771825e-03,9.944128e-02,1.816130e-01,4.646087e-03,9.684529e-03,7.641312e-03,2.565845e-01,1.948124e-02,2.245503e-02
7.453369e-02,1.331445e-02,2.040794e-02,6.020074e-02,7.185639e-02,9.338109e-02,4.804289e-03,7.291932e-02,1.610487e-01,4.727038e-03,1.317232e-02,7.840631e-03,3.639522e-01,1.391953e-02,2.392166e-02
6.307118e-02,1.042419e-02,1.468209e-02,4.416195e-02,5.420789e-02,7.996516e-02,4.198943e-03,5.248239e-02,1.173456e-01,3.561401e-03,1.215679e-02,1.062571e-02,5.014304e-01,9.929365e-03,2.175689e-02
5.390635e-02,7.938069e-03,1.088118e-02,3.145101e-02,4.048589e-02,6.833060e-02,3.850766e-03,3.881438e-02,8.423933e-02,2.587790e-03,9.203169e-03,1.038546e-02,6.140915e-01,6.999339e-03,1.683513e-02
4.871595e-02,6.637615e-03,7.803291e-03,2.259255e-02,2.915194e-02,5.466432e-02,3.046658e-03,2.792431e-02,6.095438e-02,1.904780e-03,6.957337e-03,1.075082e-02,7.004193e-01,4.981376e-03,1.349537e-02
4.135866e-02,5.762001e-03,6.464433e-03,1.633950e-02,2.495938e-02,4.096238e-02,2.742449e-03,2.175780e-02,4.472497e-02,1.516302e-03,6.342784e-03,9.586509e-03,7.613337e-01,3.853414e-03,1.229572e-02
4.499335e-02,5.229510e-03,4.676987e-03,1.189537e-02,1.941253e-02,3.149672e-02,2.280356e-03,1.581082e-02,3.369031e-02,1.775558e-03,8.545863e-03,9.738851e-03,7.965158e-01,3.886891e-03,1.005117e-02
3.427180e-02,4.955161e-03,3.530703e-03,8.743783e-03,1.607216e-02,2.338891e-02,1.763924e-03,1.130671e-02,2.523289e-02,4.715734e-03,2.783106e-02,1.193117e-02,8.118394e-01,6.020578e-03,8.396056e-03
3.015373e-02,2.731022e-02,7.093102e-03,2.087340e-02,2.378222e-02,2.041048e-02,1.779316e-03,8.098533e-03,4.664980e-02,2.295900e-02,4.583624e-02,3.478887e-02,6.572339e-01,1.339702e-02,3.963419e-02
2.146895e-02,1.952192e-02,5.524595e-03,1.622966e-02,1.812800e-02,1.465532e-02,1.305117e-03,5.854487e-03,3.347554e-02,1.918432e-02,1.943089e-01,7.313311e-02,5.375174e-01,1.126723e-02,2.842539e-02
1.510836e-02,1.372581e-02,3.906908e-03,1.291021e-02,1.343942e-02,1.105670e-02,9.360467e-04,4.160194e-03,2.476284e-02,1.511478e-02,1.481612e-01,9.167100e-02,6.165076e-01,8.455813e-03,2.008317e-02
1.102369e-02,9.854626e-03,3.278368e-03,1.504009e-02,1.657664e-02,1.032446e-02,8.043639e-04,3.896951e-03,3.152736e-02,1.775995e-02,1.245626e-01,9.667584e-02,6.341140e-01,9.046047e-03,1.551513e-02
7.973511e-03,7.080921e-03,2.928121e-03,1.159632e-02,1.979052e-02,7.653429e-03,7.176685e-04,3.920412e-03,3.420591e-02,1.824122e-02,9.791048e-02,8.532114e-02,6.815205e-01,7.410719e-03,1.372921e-02
6.395293e-03,5.953914e-03,1.042834e-02,1.142138e-02,3.441397e-02,7.051110e-03,7.096588e-04,6.060516e-03,5.316932e-02,2.454660e-02,8.110059e-02,7.639869e-02,6.582919e-01,7.949758e-03,1.610905e-02
5.222669e-03,4.489496e-03,9.475747e-03,8.335209e-03,1.038259e-01,5.168415e-03,2.737996e-03,6.718049e-03,4.736432e-02,1.773850e-02,6.627042e-02,6.215541e-02,6.417077e-01,5.900309e-03,1.289003e-02
4.990891e-03,3.606970e-03,1.000773e-02,8.118286e-03,1.763728e-01,4.605111e-03,3.418325e-03,1.917287e-02,9.460819e-02,1.624883e-02,5.213138e-02,4.897125e-02,5.400966e-01,5.201242e-03,1.244949e-02
4.916018e-03,3.673085e-03,1.158370e-02,3.007302e-02,1.457608e-01,8.239530e-03,2.688472e-03,1.668785e-02,1.463889e-01,1.616479e-02,5.463128e-02,5.131169e-02,4.914870e-01,5.409390e-03,1.098452e-02
7.220305e-03,3.479515e-03,1.205011e-02,2.568695e-02,1.364013e-01,2.812327e-02,2.382352e-03,2.144955e-02,1.578225e-01,1.330984e-02,7.218616e-02,4.634670e-02,4.535089e-01,5.130172e-03,1.490246e-02
1.812146e-02,3.158416e-03,6.205917e-02,2.482639e-02,1.124729e-01,2.175285e-02,5.017924e-03,1.084858e-01,1.410998e-01,1.018504e-02,8.252108e-02,3.563939e-02,3.568425e-01,3.756722e-03,1.406063e-02
5.405894e-02,5.257305e-03,5.906135e-02,2.441978e-02,2.187777e-01,2.037386e-02,5.571324e-03,8.407649e-02,1.211807e-01,8.525099e-03,6.650312e-02,2.939318e-02,2.812884e-01,4.071192e-03,1.744150e-02
6.444475e-02,6.148525e-03,5.342419e-02,2.542044e-02,2.405262e-01,2.211783e-02,4.865672e-03,6.767286e-02,9.884464e-02,7.538802e-03,5.431435e-02,2.423715e-02,2.784381e-01,3.212035e-03,4.879449e-02
1.758982e-01,5.890570e-03,5.091285e-02,2.522061e-02,2.296538e-01,2.131877e-02,3.992269e-03,6.608637e-02,7.743879e-02,7.117421e-03,5.298822e-02,2.268321e-02,2.147278e-01,3.445086e-03,4.262610e-02
2.160257e-01,1.285921e-02,5.662571e-02,7.384589e-02,2.081374e-01,1.940925e-02,3.372800e-03,4.968868e-02,6.626963e-02,8.059624e-03,4.532161e-02,2.165463e-02,1.720697e-01,4.447302e-03,4.221290e-02
1.545421e-01,1.065642e-02,4.364108e-02,8.399326e-02,1.513210e-01,1.605786e-02,2.478595e-03,3.587921e-02,7.828102e-02,8.281261e-03,7.309773e-02,2.306036e-02,2.630961e-01,3.913208e-03,5.170074e-02
1.096026e-01,7.838548e-03,3.081648e-02,8.851533e-02,1.081420e-01,1.365963e-02,1.778039e-03,2.551315e-02,6.110609e-02,8.575164e-03,1.211101e-01,2.689603e-02,3.553471e-01,2.891567e-03,3.820820e-02
7.816011e-02,5.686354e-03,2.226547e-02,7.479345e-02,9.421307e-02,1.098837e-02,1.596076e-03,1.930182e-02,4.381081e-02,7.394071e-03,1.759502e-01,2.470321e-02,4.111497e-01,2.278240e-03,2.770907e-02
5.632501e-02,4.883851e-03,1.738852e-02,5.603665e-02,1.272847e-01,1.170586e-02,1.640510e-03,1.508423e-02,3.997976e-02,6.191795e-03,1.462800e-01,6.440341e-02,4.295308e-01,2.272635e-03,2.099228e-02
4.047348e-02,3.664441e-03,1.274335e-02,4.153902e-02,1.380310e-01,1.014164e-02,1.687180e-03,1.243410e-02,3.377200e-02,4.917256e-03,1.497428e-01,7.231671e-02,4.613582e-01,2.024926e-03,1.515391e-02
3.025420e-02,2.978552e-03,1.282890e-02,3.585956e-02,1.169479e-01,9.791026e-03,1.721063e-03,1.202177e-02,3.404607e-02,8.863175e-03,1.543754e-01,8.817947e-02,4.753967e-01,3.615420e-03,1.312083e-02
2.162161e-02,2.346541e-03,1.037129e-02,2.714250e-02,8.650357e-02,8.445668e-03,1.443821e-03,9.330481e-03,3.074364e-02,7.807685e-03,1.414416e-01,8.691458e-02,5.524501e-01,3.686312e-03,9.750636e-03
1.665450e-02,2.051433e-03,9.235881e-03,1.941507e-02,6.514298e-02,7.425498e-03,1.489990e-03,1.073846e-02,3.393696e-02,7.000343e-03,1.084293e-01,1.113998e-01,5.937771e-01,4.484578e-03,8.818091e-03
1.261363e-02,2.025650e-03,8.129768e-03,1.391791e-02,5.770890e-02,1.000567e-02,2.982650e-03,3.048654e-02,6.549695e-02,5.900124e-03,8.203730e-02,1.343317e-01,5.624963e-01,3.834486e-03,8.032418e-03
1.195796e-02,1.925501e-03,6.257958e-03,1.053804e-02,5.248217e-02,1.546514e-02,3.560878e-03,3.654817e-02,1.130255e-01,4.933044e-03,5.970017e-02,2.223442e-01,4.501459e-01,3.256264e-03,7.859004e-03
1.315431e-02,1.727888e-03,4.990993e-03,1.020014e-02,4.620282e-02,4.291313e-02,3.197896e-03,3.310069e-02,1.103048e-01,4.214504e-03,5.065063e-02,2.190647e-01,4.507719e-01,3.169379e-03,6.336306e-03
1.401711e-02,2.041711e-03,4.048513e-03,8.455112e-03,3.778345e-02,4.525834e-02,3.185252e-03,2.737164e-02,1.123964e-01,4.160070e-03,4.411419e-02,3.050374e-01,3.839673e-01,3.204469e-03,4.959052e-03
1.351640e-02,3.316945e-03,4.776617e-03,9.386524e-03,2.886949e-02,3.563614e-02,2.920487e-03,3.249824e-02,9.628023e-02,4.005993e-03,3.468076e-02,4.197384e-01,3.073607e-01,2.621364e-03,4.391721e-03
1.036779e-02,2.582303e-03,4.724526e-03,7.439600e-03,2.238603e-02,2.546559e-02,2.893265e-03,1.556457e-01,7.158528e-02,3.462275e-03,3.653363e-02,3.358591e-01,3.136969e-01,2.147522e-03,5.210486e-03
1.802997e-02,2.919564e-03,5.053390e-03,1.098501e-02,6.177577e-02,2.169544e-02,1.282176e-02,1.241686e-01,1.670640e-01,2.688577e-03,3.203852e-02,2.608593e-01,2.740307e-01,1.649063e-03,4.220388e-03
3.169481e-02,3.970575e-03,4.146100e-03,1.884244e-02,6.537692e-02,2.402264e-02,1.781036e-02,9.371778e-02,3.177454e-01,2.280965e-03,2.369059e-02,1.846074e-01,2.068068e-01,1.273033e-03,4.014233e-03
5.546951e-02,4.952301e-03,4.351017e-03,3.152028e-02,8.590047e-02,2.675460e-02,2.184021e-02,1.027595e-01,3.548381e-01,2.078002e-03,1.799777e-02,1.310548e-01,1.556524e-01,9.862748e-04,3.844768e-03
1.009113e-01,1.003837e-02,6.539860e-03,4.443731e-02,1.062710e-01,2.700398e-02,2.669286e-02,9.831199e-02,3.422703e-01,2.564781e-03,1.533817e-02,9.478471e-02,1.179711e-01,8.910979e-04,5.973223e-03
1.105989e-01,1.284507e-02,1.816305e-02,1.263253e-01,1.128771e-01,2.260877e-02,2.596375e-02,8.541501e-02,2.892945e-01,3.531147e-03,1.531892e-02,6.913146e-02,1.005361e-01,8.702483e-04,6.520605e-03
1.007308e-01,1.663752e-02,3.767902e-02,2.357553e-01,9.681052e-02,1.808400e-02,2.026314e-02,6.361289e-02,2.359037e-01,5.140647e-03,1.707467e-02,5.179172e-02,8.721842e-02,1.234123e-03,1.206350e-02
8.787641e-02,1.514123e-02,3.090114e-02,1.713938e-01,1.081930e-01,1.540245e-02,2.721398e-02,4.680856e-02,2.692297e-01,4.712363e-03,5.171728e-02,4.608864e-02,1.122025e-01,1.517167e-03,1.160188e-02
9.191409e-02,1.363721e-02,2.657398e-02,1.385272e-01,1.287128e-01,1.252174e-02,2.582159e-02,1.001892e-01,2.233196e-01,4.780615e-03,6.961444e-02,3.693140e-02,1.151106e-01,1.853177e-03,1.049240e-02
1.398625e-01,1.421843e-02,2.739347e-02,1.593192e-01,1.033692e-01,1.120367e-02,1.889858e-02,8.084236e-02,1.762246e-01,7.548988e-03,9.647211e-02,3.594248e-02,1.059018e-01,5.926177e-03,1.687634e-02
1.223868e-01,1.123927e-02,2.431317e-02,1.202866e-01,1.370695e-01,8.968551e-03,1.559473e-02,1.459621e-01,1.475162e-01,8.158382e-03,1.043414e-01,3.703280e-02,9.736020e-02,4.839414e-03,1.493091e-02
1.167383e-01,8.923220e-03,2.013408e-02,9.669328e-02,1.438844e-01,7.657372e-03,1.240623e-02,1.631316e-01,1.159919e-01,7.286812e-03,1.276457e-01,3.853916e-02,1.221214e-01,4.692678e-03,1.415384e-02
1.075519e-01,1.453964e-02,3.560007e-02,1.729973e-01,1.398626e-01,6.645839e-03,9.107804e-03,1.473372e-01,8.917157e-02,6.013243e-03,1.159336e-01,3.357152e-02,1.040269e-01,4.289265e-03,1.335156e-02
1.229237e-01,1.309871e-02,3.479784e-02,1.326983e-01,1.604196e-01,6.191613e-03,7.817673e-03,1.720492e-01,7.379111e-02,5.296405e-03,1.079686e-01,3.874906e-02,1.075585e-01,4.758531e-03,1.188124e-02
1.127270e-01,1.153595e-02,2.995472e-02,1.023558e-01,1.896647e-01,8.425891e-03,7.875456e-03,1.702140e-01,8.270409e-02,6.228444e-03,9.989607e-02,3.882460e-02,1.244800e-01,4.688149e-03,1.042513e-02
8.644628e-02,9.318592e-03,2.433156e-02,7.945848e-02,1.430814e-01,7.250682e-03,6.331980e-03,1.660446e-01,1.033478e-01,7.803203e-03,1.242847e-01,5.790083e-02,1.702649e-01,4.884828e-03,9.250226e-03
6.619880e-02,7.730871e-03,1.910554e-02,7.274053e-02,1.105672e-01,6.669325e-03,5.217352e-03,1.381277e-01,1.608040e-01,9.196309e-03,1.238413e-01,6.726081e-02,1.991722e-01,4.705700e-03,8.662228e-03
6.144900e-02,8.577595e-03,1.628490e-02,7.574334e-02,8.661630e-02,5.629105e-03,4.251988e-03,1.298683e-01,2.869029e-01,7.534527e-03,1.018992e-01,5.393945e-02,1.507577e-01,3.711459e-03,6.834244e-03
7.065764e-02,9.819532e-03,1.426434e-02,1.452251e-01,6.456627e-02,4.972546e-03,3.262515e-03,9.860750e-02,3.287774e-01,9.223932e-03,8.565922e-02,4.138105e-02,1.121762e-01,3.415396e-03,7.991361e-03
6.322995e-02,1.189411e-02,1.173828e-02,1.326715e-01,4.596381e-02,4.393336e-03,2.387428e-03,7.446112e-02,3.986323e-01,1.380157e-02,8.194383e-02,3.384257e-02,1.020585e-01,4.033724e-03,1.894797e-02
5.627302e-02,1.424024e-02,1.160255e-02,1.036766e-01,4.053748e-02,4.746827e-03,2.645759e-03,7.448150e-02,3.769786e-01,1.205601e-02,1.423246e-01,3.398003e-02,1.004400e-01,4.441849e-03,2.157499e-02
5.540736e-02,2.593448e-02,1.015218e-02,8.576740e-02,3.575898e-02,5.267628e-03,2.697309e-03,5.774429e-02,4.263567e-01,1.104788e-02,1.383406e-01,2.852516e-02,8.822121e-02,5.226341e-03,2.355247e-02
6.501360e-02,3.425807e-02,1.007687e-02,1.126250e-01,2.979220e-02,4.876310e-03,2.115543e-03,4.976088e-02,4.608797e-01,8.500350e-03,1.054746e-01,2.140643e-02,6.826039e-02,4.552861e-03,2.240719e-02
9.895031e-02,3.156801e-02,8.029677e-03,9.138848e-02,2.475058e-02,7.463127e-03,1.882360e-03,4.287327e-02,4.736429e-01,7.223219e-03,9.327403e-02,1.802289e-02,7.544118e-02,4.468889e-03,2.102101e-02
8.263873e-02,2.383044e-02,8.016132e-03,6.508701e-02,1.864488e-02,6.114809e-03,3.746983e-03,1.766411e-01,3.410818e-01,5.726594e-03,9.175441e-02,1.725483e-02,1.151606e-01,4.017586e-03,4.028403e-02
6.163148e-02,1.758249e-02,1.024462e-02,4.641423e-02,1.441414e-02,4.925360e-03,6.433843e-03,2.803959e-01,2.491427e-01,4.436696e-03,7.619835e-02,1.386905e-02,1.255500e-01,3.374949e-03,8.538619e-02
4.740749e-02,1.329635e-02,1.420340e-02,3.298466e-02,1.102682e-02,4.359764e-03,6.255153e-03,3.667690e-01,1.844774e-01,3.438965e-03,5.695074e-02,1.031287e-02,1.066165e-01,2.903372e-03,1.389974e-01
3.643674e-02,1.028480e-02,1.693261e-02,2.373010e-02,8.752770e-03,3.816568e-03,1.541446e-02,4.712627e-01,1.309816e-01,2.779882e-03,4.079756e-02,7.763473e-03,9.769899e-02,2.239226e-03,1.311085e-01
2.773547e-02,8.110248e-03,1.728389e-02,1.672224e-02,7.178320e-03,3.167224e-03,7.928536e-02,5.004889e-01,9.281921e-02,2.103230e-03,2.883752e-02,5.622724e-03,8.499581e-02,1.650343e-03,1.239996e-01
2.116093e-02,7.718076e-03,2.066485e-02,1.238262e-02,7.052146e-03,3.555653e-03,7.518464e-02,5.414481e-01,7.061766e-02,2.011464e-03,2.072743e-02,4.492845e-03,1.141225e-01,1.269838e-03,9.759127e-02
1.780659e-02,7.409869e-03,2.269877e-02,8.829761e-03,6.531230e-03,4.529960e-03,1.138870e-01,5.569531e-01,5.289361e-02,1.922078e-03,1.488938e-02,4.065008e-03,1.140595e-01,1.017501e-03,7.250673e-02
1.712821e-02,1.087108e-02,3.857481e-02,6.630492e-03,8.575614e-03,5.109541e-03,1.240796e-01,5.679057e-01,4.265669e-02,2.303005e-03,1.097364e-02,4.226533e-03,1.031479e-01,8.873844e-04,5.692992e-02
1.916958e-02,1.446721e-02,3.700595e-02,5.041049e-03,1.667284e-02,6.309874e-03,1.619076e-01,4.792738e-01,4.920750e-02,2.610158e-03,9.327144e-03,3.956793e-03,1.459006e-01,7.071797e-04,4.844281e-02
2.654716e-02,1.756588e-02,3.044010e-02,3.845825e-03,2.331157e-02,9.114734e-03,1.426333e-01,4.083706e-01,6.524792e-02,2.885947e-03,7.234330e-03,4.403890e-03,2.132954e-01,7.611045e-04,4.434229e-02
3.911588e-02,1.748871e-02,2.462590e-02,3.270477e-03,2.536318e-02,1.209001e-02,1.307342e-01,3.570270e-01,8.945950e-02,3.328893e-03,5.983468e-03,5.959515e-03,2.470452e-01,7.099932e-04,3.779814e-02
7.225809e-02,1.738585e-02,2.007498e-02,2.923667e-03,2.639950e-02,1.364039e-02,1.280584e-01,2.823713e-01,1.086431e-01,3.040771e-03,4.506476e-03,6.543933e-03,2.521840e-01,6.574087e-04,6.131221e-02
1.067996e-01,1.770440e-02,1.634061e-02,2.995822e-03,2.692695e-02,1.275518e-02,1.479597e-01,2.224070e-01,1.048154e-01,2.964096e-03,3.441749e-03,7.233584e-03,2.471632e-01,8.309637e-04,7.966177e-02
1.619112e-01,1.811511e-02,1.373354e-02,3.219703e-03,2.649349e-02,1.178587e-02,1.682072e-01,1.725044e-01,9.547742e-02,3.113257e-03,2.816505e-03,1.022370e-02,2.280988e-01,1.100831e-03,8.319899e-02
2.138897e-01,1.751706e-02,1.382482e-02,3.146321e-03,2.521981e-02,1.273839e-02,1.620173e-01,1.431376e-01,1.001195e-01,3.427004e-03,2.285093e-03,1.591055e-02,1.947396e-01,1.145685e-03,9.088159e-02
2.997770e-01,1.467573e-02,1.160878e-02,3.375662e-03,2.400125e-02,1.165915e-02,1.493999e-01,1.133580e-01,8.000208e-02,2.965250e-03,2.164559e-03,2.804995e-02,1.888127e-01,1.161707e-03,6.898834e-02
3.509483e-01,1.252513e-02,1.195693e-02,4.534578e-03,2.517523e-02,1.145555e-02,1.305208e-01,9.256830e-02,6.996682e-02,2.665684e-03,2.781409e-03,2.360649e-02,2.070530e-01,1.436608e-03,5.280516e-02
3.746825e-01,1.086025e-02,1.217562e-02,6.588618e-03,2.509142e-02,1.229861e-02,1.380375e-01,7.965919e-02,6.134214e-02,2.726287e-03,3.928867e-03,2.188209e-02,2.096784e-01,1.865202e-03,3.918323e-02
3.601838e-01,9.268212e-03,1.244784e-02,7.613516e-03,2.262963e-02,1.193402e-02,1.554817e-01,6.822718e-02,5.015015e-02,2.302361e-03,5.879255e-03,2.087740e-02,2.423050e-01,1.999930e-03,2.870011e-02
3.683745e-01,8.040144e-03,9.879158e-03,7.593112e-03,1.939939e-02,1.437567e-02,1.953361e-01,5.608332e-02,3.937750e-02,1.903126e-03,5.497240e-03,1.815616e-02,2.320552e-01,1.681766e-03,2.224762e-02
3.632465e-01,8.307740e-03,8.528464e-03,7.725779e-03,1.832546e-02,1.638125e-02,1.812749e-01,5.358524e-02,4.266525e-02,1.873812e-03,1.625470e-02,2.981057e-02,2.318778e-01,1.608541e-03,1.853398e-02
3.519832e-01,9.643894e-03,7.918092e-03,1.192919e-02,1.659120e-02,2.415025e-02,1.493187e-01,4.426041e-02,6.255896e-02,6.666318e-03,4.621345e-02,5.628989e-02,1.858485e-01,2.813867e-03,2.381398e-02
2.984420e-01,1.139696e-02,9.758789e-03,2.031211e-02,1.466725e-02,2.583621e-02,1.156843e-01,3.386786e-02,7.986288e-02,8.541182e-03,7.395885e-02,8.683147e-02,1.876463e-01,3.556002e-03,2.963787e-02
2.154622e-01,9.735360e-03,9.967915e-03,3.023972e-02,1.292047e-02,1.934639e-02,8.282026e-02,2.464713e-02,1.337279e-01,8.571845e-03,1.030326e-01,1.257455e-01,1.833625e-01,4.496745e-03,3.592358e-02
1.522827e-01,8.843139e-03,8.079893e-03,2.786625e-02,1.079986e-02,1.470857e-02,5.895112e-02,1.929668e-02,2.667755e-01,1.023186e-02,9.164296e-02,1.368401e-01,1.556520e-01,3.946353e-03,3.408297e-02
1.073071e-01,7.328262e-03,5.878974e-03,2.288506e-02,1.014989e-02,1.336033e-02,4.241326e-02,1.381956e-02,2.529008e-01,1.153319e-02,6.781602e-02,1.117605e-01,2.954707e-01,5.333528e-03,3.204285e-02
7.678805e-02,9.583231e-03,4.702979e-03,2.879824e-02,1.950200e-02,1.509671e-02,3.346932e-02,1.164685e-02,2.839323e-01,1.321610e-02,5.693184e-02,9.182622e-02,2.784255e-01,5.708744e-03,7.037194e-02
5.831288e-02,1.073708e-02,4.687856e-03,4.094192e-02,1.884502e-02,1.580415e-02,3.335321e-02,9.766376e-03,2.862263e-01,2.476462e-02,5.743764e-02,8.055732e-02,2.418775e-01,7.068726e-03,1.096194e-01
4.477734e-02,1.259434e-02,5.396582e-03,6.674921e-02,1.745694e-02,2.434047e-02,2.463193e-02,1.146884e-02,2.801068e-01,3.006792e-02,5.287591e-02,6.796891e-02,2.241095e-01,8.428331e-03,1.290270e-01
3.336484e-02,1.265668e-02,8.426551e-03,1.154497e-01,1.474256e-02,1.892566e-02,1.751031e-02,1.320925e-02,3.562805e-01,2.430675e-02,4.342438e-02,5.223140e-02,1.817087e-01,7.291917e-03,1.004708e-01
7.730442e-02,1.788671e-02,5.846927e-02,1.620142e-01,1.885847e-02,1.743138e-02,1.399880e-02,2.504343e-02,2.784594e-01,2.303243e-02,3.948653e-02,4.591729e-02,1.360981e-01,5.892785e-03,8.010681e-02
5.934796e-02,1.878399e-02,9.380080e-02,2.416426e-01,2.173143e-02,1.385563e-02,1.059310e-02,3.227250e-02,2.267787e-01,1.922309e-02,3.406811e-02,3.408916e-02,1.027609e-01,5.562615e-03,8.548938e-02
9.526331e-02,2.451422e-02,1.213991e-01,2.159778e-01,2.453359e-02,1.223559e-02,8.826247e-03,5.116339e-02,1.808274e-01,2.108064e-02,3.387957e-02,2.909371e-02,7.868207e-02,8.069659e-03,9.445373e-02
1.122928e-01,3.901093e-02,1.236444e-01,1.634809e-01,2.760969e-02,1.234314e-02,8.473476e-03,6.811012e-02,1.801348e-01,3.908646e-02,3.252908e-02,2.570384e-02,6.463616e-02,1.077473e-02,9.216943e-02
9.382649e-02,4.444969e-02,1.133388e-01,1.733626e-01,4.151935e-02,1.089256e-02,8.644492e-03,8.025877e-02,1.748583e-01,3.140864e-02,2.803860e-02,2.065912e-02,5.173448e-02,1.020159e-02,1.168065e-01
8.553825e-02,5.234611e-02,9.135205e-02,1.306706e-01,4.189175e-02,1.050524e-02,8.372350e-03,8.256240e-02,1.666964e-01,3.088736e-02,2.382280e-02,1.706083e-02,5.507241e-02,1.004856e-02,1.931729e-01
7.196423e-02,7.007240e-02,6.982850e-02,1.057135e-01,4.977692e-02,9.823708e-03,8.114193e-03,1.066764e-01,1.878329e-01,3.854316e-02,1.980410e-02,1.408735e-02,5.207267e-02,7.933740e-03,1.877562e-01
7.093299e-02,6.752823e-02,5.667062e-02,8.410966e-02,1.054079e-01,1.182223e-02,9.837341e-03,1.079411e-01,1.903331e-01,3.569917e-02,1.566689e-02,1.150677e-02,4.622427e-02,6.675343e-03,1.796444e-01
5.819493e-02,5.327094e-02,4.985762e-02,2.781877e-01,1.040764e-01,9.378155e-03,8.052839e-03,9.008633e-02,1.391994e-01,2.569650e-02,1.147074e-02,8.510549e-03,3.274417e-02,4.756194e-03,1.265176e-01
4.788240e-02,3.915925e-02,4.098454e-02,4.599814e-01,7.986907e-02,7.154045e-03,5.794306e-03,6.469798e-02,1.007091e-01,1.987424e-02,1.117477e-02,6.385699e-03,2.320699e-02,3.371102e-03,8.975508e-02
