1.000000e+00,0.000000e+00,0.000000e+00,0.000000e+00,0.000000e+00,0.000000e+00,0.000000e+00,0.000000e+00,0.000000e+00,0.000000e+00,0.000000e+00,0.000000e+00,0.000000e+00,0.000000e+00,0.000000e+00
1.000000e+00,0.000000e+00,0.000000e+00,0.000000e+00,0.000000e+00,0.000000e+00,0.000000e+00,0.000000e+00,0.000000e+00,0.000000e+00,0.000000e+00,0.000000e+00,0.000000e+00,0.000000e+00,0.000000e+00
1.000000e+00,0.000000e+00,0.000000e+00,0.000000e+00,0.000000e+00,0.000000e+00,0.000000e+00,0.000000e+00,0.000000e+00,0.000000e+00,0.000000e+00,0.000000e+00,0.000000e+00,0.000000e+00,0.000000e+00
1.000000e+00,0.000000e+00,0.000000e+00,0.000000e+00,0.000000e+00,0.000000e+00,0.000000e+00,0.000000e+00,0.000000e+00,0.000000e+00,0.000000e+00,0.000000e+00,0.000000e+00,0.000000e+00,0.000000e+00
1.000000e+00,0.000000e+00,0.000000e+00,0.000000e+00,0.000000e+00,0.000000e+00,0.000000e+00,0.000000e+00,0.000000e+00,0.000000e+00,0.000000e+00,0.000000e+00,0.000000e+00,0.000000e+00,0.000000e+00
1.000000e+00,0.000000e+00,0.000000e+00,0.000000e+00,0.000000e+00,0.000000e+00,0.000000e+00,0.000000e+00,0.000000e+00,0.000000e+00,0.000000e+00,0.000000e+00,0.000000e+00,0.000000e+00,0.000000e+00
1.000000e+00,0.000000e+00,0.000000e+00,0.000000e+00,0.000000e+00,0.000000e+00,0.000000e+00,0.000000e+00,0.000000e+00,0.000000e+00,0.000000e+00,0.000000e+00,0.000000e+00,0.000000e+00,0.000000e+00
1.000000e+00,0.000000e+00,0.000000e+00,0.000000e+00,0.000000e+00,0.000000e+00,0.000000e+00,0.000000e+00,0.000000e+00,0.000000e+00,0.000000e+00,0.000000e+00,0.000000e+00,0.000000e+00,0.000000e+00
1.000000e+00,0.000000e+00,0.000000e+00,0.000000e+00,0.000000e+00,0.000000e+00,0.000000e+00,0.000000e+00,0.000000e+00,0.000000e+00,0.000000e+00,0.000000e+00,0.000000e+00,0.000000e+00,0.000000e+00
1.000000e+00,0.000000e+00,0.000000e+00,0.000000e+00,0.000000e+00,0.000000e+00,0.000000e+00,0.000000e+00,0.000000e+00,0.000000e+00,0.000000e+00,0.000000e+00,0.000000e+00,0.000000e+00,0.000000e+00
1.000000e+00,0.000000e+00,0.000000e+00,0.000000e+00,0.000000e+00,0.000000e+00,0.000000e+00,0.000000e+00,0.000000e+00,0.000000e+00,0.000000e+00,0.000000e+00,0.000000e+00,0.000000e+00,0.000000e+00
1.000000e+00,0.000000e+00,0.000000e+00,0.000000e+00,0.000000e+00,0.000000e+00,0.000000e+00,0.000000e+00,0.000000e+00,0.000000e+00,0.000000e+00,0.000000e+00,0.000000e+00,0.000000e+00,0.000000e+00
1.000000e+00,0.000000e+00,0.000000e+00,0.000000e+00,0.000000e+00,0.000000e+00,0.000000e+00,0.000000e+00,0.000000e+00,0.000000e+00,0.000000e+00,0.000000e+00,0.000000e+00,0.000000e+00,0.000000e+00
1.000000e+00,0.000000e+00,0.000000e+00,0.000000e+00,0.000000e+00,0.000000e+00,0.000000e+00,0.000000e+00,0.000000e+00,0.000000e+00,0.000000e+00,0.000000e+00,0.000000e+00,0.000000e+00,0.000000e+00
1.000000e+00,0.000000e+00,0.000000e+00,0.000000e+00,0.000000e+00,0.000000e+00,0.000000e+00,0.000000e+00,0.000000e+00,0.000000e+00,0.000000e+00,0.000000e+00,0.000000e+00,0.000000e+00,0.000000e+00
1.000000e+00,0.000000e+00,0.000000e+00,0.000000e+00,0.000000e+00,0.000000e+00,0.000000e+00,0.000000e+00,0.000000e+00,0.000000e+00,0.000000e+00,0.000000e+00,0.000000e+00,0.000000e+00,0.000000e+00
1.000000e+00,0.000000e+00,0.000000e+00,0.000000e+00,0.000000e+00,0.000000e+00,0.000000e+00,0.000000e+00,0.000000e+00,0.000000e+00,0.000000e+00,0.000000e+00,0.000000e+00,0.000000e+00,0.000000e+00
1.000000e+00,0.000000e+00,0.000000e+00,0.000000e+00,0.000000e+00,0.000000e+00,0.000000e+00,0.000000e+00,0.000000e+00,0.000000e+00,0.000000e+00,0.000000e+00,0.000000e+00,0.000000e+00,0.000000e+00
1.000000e+00,0.000000e+00,0.000000e+00,0.000000e+00,0.000000e+00,0.000000e+00,0.000000e+00,0.000000e+00,0.000000e+00,0.000000e+00,0.000000e+00,0.000000e+00,0.000000e+00,0.000000e+00,0.000000e+00
1.000000e+00,0.000000e+00,0.000000e+00,0.000000e+00,0.000000e+00,0.000000e+00,0.000000e+00,0.000000e+00,0.000000e+00,0.000000e+00,0.000000e+00,0.000000e+00,0.000000e+00,0.000000e+00,0.000000e+00
1.000000e+00,0.000000e+00,0.000000e+00,0.000000e+00,0.000000e+00,0.000000e+00,0.000000e+00,0.000000e+00,0.000000e+00,0.000000e+00,0.000000e+00,0.000000e+00,0.000000e+00,0.000000e+00,0.000000e+00
1.000000e+00,0.000000e+00,0.000000e+00,0.000000e+00,0.000000e+00,0.000000e+00,0.000000e+00,0.000000e+00,0.000000e+00,0.000000e+00,0.000000e+00,0.000000e+00,0.000000e+00,0.000000e+00,0.000000e+00
1.000000e+00,0.000000e+00,0.000000e+00,0.000000e+00,0.000000e+00,0.000000e+00,0.000000e+00,0.000000e+00,0.000000e+00,0.000000e+00,0.000000e+00,0.000000e+00,0.000000e+00,0.000000e+00,0.000000e+00
1.000000e+00,0.000000e+00,0.000000e+00,0.000000e+00,0.000000e+00,0.000000e+00,0.000000e+00,0.000000e+00,0.000000e+00,0.000000e+00,0.000000e+00,0.000000e+00,0.000000e+00,0.000000e+00,0.000000e+00
1.000000e+00,0.000000e+00,0.000000e+00,0.000000e+00,0.000000e+00,0.000000e+00,0.000000e+00,0.000000e+00,0.000000e+00,0.000000e+00,0.000000e+00,0.000000e+00,0.000000e+00,0.000000e+00,0.000000e+00
1.000000e+00,0.000000e+00,0.000000e+00,0.000000e+00,0.000000e+00,0.000000e+00,0.000000e+00,0.000000e+00,0.000000e+00,0.000000e+00,0.000000e+00,0.000000e+00,0.000000e+00,0.000000e+00,0.000000e+00
1.000000e+00,0.000000e+00,0.000000e+00,0.000000e+00,0.000000e+00,0.000000e+00,0.000000e+00,0.000000e+00,0.000000e+00,0.000000e+00,0.000000e+00,0.000000e+00,0.000000e+00,0.000000e+00,0.000000e+00
1.000000e+00,0.000000e+00,0.000000e+00,0.000000e+00,0.000000e+00,0.000000e+00,0.000000e+00,0.000000e+00,0.000000e+00,0.000000e+00,0.000000e+00,0.000000e+00,0.000000e+00,0.000000e+00,0.000000e+00
1.000000e+00,0.000000e+00,0.000000e+00,0.000000e+00,0.000000e+00,0.000000e+00,0.000000e+00,0.000000e+00,0.000000e+00,0.000000e+00,0.000000e+00,0.000000e+00,0.000000e+00,0.000000e+00,0.000000e+00
1.000000e+00,0.000000e+00,0.000000e+00,0.000000e+00,0.000000e+00,0.000000e+00,0.000000e+00,0.000000e+00,0.000000e+00,0.000000e+00,0.000000e+00,0.000000e+00,0.000000e+00,0.000000e+00,0.000000e+00
1.000000e+00,0.000000e+00,0.000000e+00,0.000000e+00,0.000000e+00,0.000000e+00,0.000000e+00,0.000000e+00,0.000000e+00,0.000000e+00,0.000000e+00,0.000000e+00,0.000000e+00,0.000000e+00,0.000000e+00
1.000000e+00,0.000000e+00,0.000000e+00,0.000000e+00,0.000000e+00,0.000000e+00,0.000000e+00,0.000000e+00,0.000000e+00,0.000000e+00,0.000000e+00,0.000000e+00,0.000000e+00,0.000000e+00,0.000000e+00
1.000000e+00,0.000000e+00,0.000000e+00,0.000000e+00,0.000000e+00,0.000000e+00,0.000000e+00,0.000000e+00,0.000000e+00,0.000000e+00,0.000000e+00,0.000000e+00,0.000000e+00,0.000000e+00,0.000000e+00
1.000000e+00,0.000000e+00,0.000000e+00,0.000000e+00,0.000000e+00,0.000000e+00,0.000000e+00,0.000000e+00,0.000000e+00,0.000000e+00,0.000000e+00,0.000000e+00,0.000000e+00,0.000000e+00,0.000000e+00
1.000000e+00,0.000000e+00,0.000000e+00,0.000000e+00,0.000000e+00,0.000000e+00,0.000000e+00,0.000000e+00,0.000000e+00,0.000000e+00,0.000000e+00,0.000000e+00,0.000000e+00,0.000000e+00,0.000000e+00
1.000000e+00,0.000000e+00,0.000000e+00,0.000000e+00,0.000000e+00,0.000000e+00,0.000000e+00,0.000000e+00,0.000000e+00,0.000000e+00,0.000000e+00,0.000000e+00,0.000000e+00,0.000000e+00,0.000000e+00
1.000000e+00,0.000000e+00,0.000000e+00,0.000000e+00,0.000000e+00,0.000000e+00,0.000000e+00,0.000000e+00,0.000000e+00,0.000000e+00,0.000000e+00,0.000000e+00,0.000000e+00,0.000000e+00,0.000000e+00
1.000000e+00,0.000000e+00,0.000000e+00,0.000000e+00,0.000000e+00,0.000000e+00,0.000000e+00,0.000000e+00,0.000000e+00,0.000000e+00,0.000000e+00,0.000000e+00,0.000000e+00,0.000000e+00,0.000000e+00
1.000000e+00,0.000000e+00,0.000000e+00,0.000000e+00,0.000000e+00,0.000000e+00,0.000000e+00,0.000000e+00,0.000000e+00,0.000000e+00,0.000000e+00,0.000000e+00,0.000000e+00,0.000000e+00,0.000000e+00
1.000000e+00,0.000000e+00,0.000000e+00,0.000000e+00,0.000000e+00,0.000000e+00,0.000000e+00,0.000000e+00,0.000000e+00,0.000000e+00,0.000000e+00,0.000000e+00,0.000000e+00,0.000000e+00,0.000000e+00
1.000000e+00,0.000000e+00,0.000000e+00,0.000000e+00,0.000000e+00,0.000000e+00,0.000000e+00,0.000000e+00,0.000000e+00,0.000000e+00,0.000000e+00,0.000000e+00,0.000000e+00,0.000000e+00,0.000000e+00
1.000000e+00,0.000000e+00,0.000000e+00,0.000000e+00,0.000000e+00,0.000000e+00,0.000000e+00,0.000000e+00,0.000000e+00,0.000000e+00,0.000000e+00,0.000000e+00,0.000000e+00,0.000000e+00,0.000000e+00
1.000000e+00,0.000000e+00,0.000000e+00,0.000000e+00,0.000000e+00,0.000000e+00,0.000000e+00,0.000000e+00,0.000000e+00,0.000000e+00,0.000000e+00,0.000000e+00,0.000000e+00,0.000000e+00,0.000000e+00
1.000000e+00,0.000000e+00,0.000000e+00,0.000000e+00,0.000000e+00,0.000000e+00,0.000000e+00,0.000000e+00,0.000000e+00,0.000000e+00,0.000000e+00,0.000000e+00,0.000000e+00,0.000000e+00,0.000000e+00
1.000000e+00,0.000000e+00,0.000000e+00,0.000000e+00,0.000000e+00,0.000000e+00,0.000000e+00,0.000000e+00,0.000000e+00,0.000000e+00,0.000000e+00,0.000000e+00,0.000000e+00,0.000000e+00,0.000000e+00
1.000000e+00,0.000000e+00,0.000000e+00,0.000000e+00,0.000000e+00,0.000000e+00,0.000000e+00,0.000000e+00,0.000000e+00,0.000000e+00,0.000000e+00,0.000000e+00,0.000000e+00,0.000000e+00,0.000000e+00
1.000000e+00,0.000000e+00,0.000000e+00,0.000000e+00,0.000000e+00,0.000000e+00,0.000000e+00,0.000000e+00,0.000000e+00,0.000000e+00,0.000000e+00,0.000000e+00,0.000000e+00,0.000000e+00,0.000000e+00
1.000000e+00,0.000000e+00,0.000000e+00,0.000000e+00,0.000000e+00,0.000000e+00,0.000000e+00,0.000000e+00,0.000000e+00,0.000000e+00,0.000000e+00,0.000000e+00,0.000000e+00,0.000000e+00,0.000000e+00
1.000000e+00,0.000000e+00,0.000000e+00,0.000000e+00,0.000000e+00,0.000000e+00,0.000000e+00,0.000000e+00,0.000000e+00,0.000000e+00,0.000000e+00,0.000000e+00,0.000000e+00,0.000000e+00,0.000000e+00
1.000000e+00,0.000000e+00,0.000000e+00,0.000000e+00,0.000000e+00,0.000000e+00,0.000000e+00,0.000000e+00,0.000000e+00,0.000000e+00,0.000000e+00,0.000000e+00,0.000000e+00,0.000000e+00,0.000000e+00
1.000000e+00,0.000000e+00,0.000000e+00,0.000000e+00,0.000000e+00,0.000000e+00,0.000000e+00,0.000000e+00,0.000000e+00,0.000000e+00,0.000000e+00,0.000000e+00,0.000000e+00,0.000000e+00,0.000000e+00
1.000000e+00,0.000000e+00,0.000000e+00,0.000000e+00,0.000000e+00,0.000000e+00,0.000000e+00,0.000000e+00,0.000000e+00,0.000000e+00,0.000000e+00,0.000000e+00,0.000000e+00,0.000000e+00,0.000000e+00
1.000000e+00,0.000000e+00,0.000000e+00,0.000000e+00,0.000000e+00,0.000000e+00,0.000000e+00,0.000000e+00,0.000000e+00,0.000000e+00,0.000000e+00,0.000000e+00,0.000000e+00,0.000000e+00,0.000000e+00
1.000000e+00,0.000000e+00,0.000000e+00,0.000000e+00,0.000000e+00,0.000000e+00,0.000000e+00,0.000000e+00,0.000000e+00,0.000000e+00,0.000000e+00,0.000000e+00,0.000000e+00,0.000000e+00,0.000000e+00
1.000000e+00,0.000000e+00,0.000000e+00,0.000000e+00,0.000000e+00,0.000000e+00,0.000000e+00,0.000000e+00,0.000000e+00,0.000000e+00,0.000000e+00,0.000000e+00,0.000000e+00,0.000000e+00,0.000000e+00
1.000000e+00,0.000000e+00,0.000000e+00,0.000000e+00,0.000000e+00,0.000000e+00,0.000000e+00,0.000000e+00,0.000000e+00,0.000000e+00,0.000000e+00,0.000000e+00,0.000000e+00,0.000000e+00,0.000000e+00
1.000000e+00,0.000000e+00,0.000000e+00,0.000000e+00,0.000000e+00,0.000000e+00,0.000000e+00,0.000000e+00,0.000000e+00,0.000000e+00,0.000000e+00,0.000000e+00,0.000000e+00,0.000000e+00,0.000000e+00
1.000000e+00,0.000000e+00,0.000000e+00,0.000000e+00,0.000000e+00,0.000000e+00,0.000000e+00,0.000000e+00,0.000000e+00,0.000000e+00,0.000000e+00,0.000000e+00,0.000000e+00,0.000000e+00,0.000000e+00
1.000000e+00,0.000000e+00,0.000000e+00,0.000000e+00,0.000000e+00,0.000000e+00,0.000000e+00,0.000000e+00,0.000000e+00,0.000000e+00,0.000000e+00,0.000000e+00,0.000000e+00,0.000000e+00,0.000000e+00
4.538162e-01,1.495583e-02,1.562793e-02,1.335849e-01,1.100615e-02,2.640596e-02,9.223804e-03,5.848290e-02,4.422100e-03,1.628741e-02,1.829214e-01,3.177506e-02,2.279634e-02,8.491853e-03,1.020228e-02
3.178211e-01,1.096559e-02,1.134610e-02,1.964961e-01,8.697643e-03,1.862531e-02,6.535210e-03,4.103907e-02,3.462123e-03,1.340953e-02,2.889580e-01,3.350865e-02,2.882134e-02,1.278807e-02,7.526196e-03
2.227033e-01,7.830534e-03,8.028671e-03,1.723706e-01,6.860659e-03,1.321731e-02,4.613751e-03,2.880790e-02,2.709683e-03,1.223564e-02,4.049736e-01,4.080203e-02,2.558815e-02,4.367847e-02,5.579779e-03
1.559659e-01,5.497179e-03,5.659448e-03,1.224923e-01,1.100769e-02,9.319991e-03,3.254179e-03,2.022658e-02,2.895447e-03,1.105262e-02,4.254054e-01,1.049498e-01,3.608985e-02,8.211772e-02,4.065858e-03
1.092302e-01,3.858983e-03,4.003139e-03,8.728877e-02,1.208825e-02,6.607623e-03,2.294246e-03,1.422092e-02,2.622780e-03,1.159380e-02,4.240268e-01,1.479545e-01,5.093911e-02,1.201323e-01,3.138599e-03
7.661665e-02,2.983652e-03,3.161947e-03,6.319445e-02,1.141457e-02,6.544778e-03,1.642101e-03,1.106941e-02,6.347985e-03,1.522871e-02,4.486033e-01,1.435707e-01,6.450946e-02,1.424494e-01,2.662869e-03
5.390314e-02,2.248682e-03,2.673711e-03,4.788755e-02,1.134895e-02,1.772674e-02,1.255818e-03,8.360159e-03,9.684457e-03,1.832222e-02,5.141976e-01,1.132325e-01,6.126861e-02,1.212807e-01,1.660911e-02
3.783470e-02,1.810255e-03,2.138244e-03,3.438788e-02,9.110288e-03,7.593730e-02,1.015631e-03,6.554611e-03,7.751886e-03,1.886011e-02,5.495523e-01,9.291546e-02,5.634660e-02,9.109767e-02,1.468704e-02
2.709331e-02,2.218931e-03,2.051107e-03,2.502022e-02,1.222550e-02,6.165067e-02,8.555342e-04,7.987827e-03,1.402408e-02,1.972901e-02,6.290433e-01,7.357106e-02,4.419138e-02,6.916060e-02,1.117746e-02
2.036794e-02,2.154992e-03,2.164127e-03,2.079084e-02,1.253575e-02,1.063277e-01,1.468675e-03,1.148403e-02,1.163371e-02,2.963588e-02,5.908885e-01,8.470942e-02,3.650777e-02,5.761379e-02,1.171682e-02
2.673501e-02,2.447215e-03,2.803763e-03,1.858546e-02,1.115132e-02,1.952044e-01,2.008460e-03,2.008982e-02,8.959272e-03,4.880246e-02,5.120222e-01,6.972449e-02,2.779352e-02,4.432334e-02,9.349261e-03
4.943303e-02,2.748230e-03,5.590605e-03,2.849010e-02,1.781647e-02,1.698031e-01,1.933338e-03,6.127356e-02,8.072008e-03,7.032057e-02,4.285440e-01,7.353238e-02,2.295661e-02,4.902696e-02,1.045902e-02
5.786516e-02,2.528876e-03,8.192146e-03,2.887806e-02,8.003743e-02,1.294671e-01,2.059095e-03,6.244531e-02,7.919221e-03,9.381896e-02,3.613471e-01,9.601279e-02,1.783056e-02,4.194927e-02,9.648893e-03
5.990495e-02,3.853480e-03,1.556736e-02,2.280152e-02,1.586985e-01,9.451248e-02,6.843251e-03,6.711967e-02,2.348373e-02,1.060141e-01,2.816201e-01,1.042099e-01,1.418156e-02,3.387480e-02,7.314514e-03
8.051638e-02,9.645537e-03,2.169500e-02,1.866546e-02,1.726859e-01,7.297145e-02,6.302385e-03,6.200388e-02,4.220214e-02,1.339620e-01,2.200727e-01,1.074903e-01,1.186834e-02,3.188535e-02,8.033108e-03
7.342260e-02,4.114848e-02,3.349153e-02,1.555303e-02,1.982673e-01,5.556118e-02,6.330238e-03,5.119139e-02,9.058309e-02,1.237559e-01,1.771901e-01,8.544608e-02,1.178049e-02,2.833348e-02,7.945037e-03
7.119955e-02,3.642740e-02,5.576113e-02,2.164642e-02,2.163385e-01,4.159339e-02,7.222692e-03,7.811045e-02,1.216656e-01,1.153309e-01,1.317324e-01,6.344964e-02,1.063617e-02,2.153016e-02,7.355613e-03
8.277623e-02,3.363292e-02,4.888101e-02,1.986475e-02,2.563378e-01,3.843394e-02,8.724287e-03,6.293648e-02,1.436046e-01,1.144136e-01,1.048197e-01,5.029098e-02,1.076677e-02,1.663255e-02,7.884396e-03
9.553927e-02,3.087699e-02,5.472187e-02,1.513768e-02,2.567084e-01,4.427123e-02,7.640311e-03,7.740833e-02,1.430537e-01,1.265567e-01,8.079138e-02,3.784891e-02,9.535616e-03,1.354717e-02,6.362477e-03
1.166188e-01,2.700251e-02,4.956371e-02,1.221277e-02,2.708817e-01,5.083558e-02,6.364464e-03,6.877773e-02,1.277145e-01,1.528714e-01,6.076080e-02,2.961867e-02,8.278949e-03,1.250657e-02,5.991784e-03
1.588320e-01,2.610631e-02,4.878535e-02,1.310954e-02,2.579601e-01,6.456184e-02,7.754344e-03,7.629368e-02,1.108693e-01,1.425372e-01,4.428157e-02,2.307829e-02,7.713939e-03,1.040397e-02,7.712583e-03
1.976875e-01,2.608036e-02,3.986435e-02,2.229397e-02,2.340487e-01,7.431211e-02,8.413951e-03,9.257708e-02,1.025619e-01,1.177223e-01,3.283064e-02,2.315135e-02,7.842210e-03,8.726892e-03,1.188669e-02
2.205620e-01,2.766062e-02,3.066043e-02,2.262390e-02,2.392998e-01,8.113913e-02,7.157500e-03,7.169695e-02,1.171562e-01,1.035452e-01,2.523864e-02,2.478291e-02,7.425427e-03,7.075253e-03,1.397601e-02
2.497624e-01,2.977855e-02,2.383686e-02,2.458997e-02,1.999737e-01,8.867872e-02,5.754269e-03,5.712528e-02,1.289267e-01,9.011412e-02,2.530763e-02,4.340803e-02,8.168083e-03,5.960460e-03,1.861521e-02
2.540840e-01,3.274462e-02,1.740548e-02,2.268428e-02,1.568976e-01,7.502970e-02,5.155249e-03,4.698693e-02,1.978440e-01,8.398160e-02,2.696776e-02,4.595509e-02,8.159501e-03,6.222499e-03,1.988162e-02
2.704556e-01,2.781142e-02,1.409972e-02,3.260702e-02,1.265422e-01,7.672985e-02,4.649813e-03,3.708196e-02,1.667908e-01,7.975139e-02,3.629039e-02,6.400454e-02,2.612430e-02,6.143631e-03,3.091732e-02
1.997286e-01,2.382775e-02,1.151922e-02,2.973553e-02,9.838697e-02,7.973322e-02,3.998732e-03,2.683675e-02,1.395700e-01,1.016147e-01,1.118202e-01,7.347187e-02,4.664598e-02,1.133939e-02,4.177105e-02
1.645629e-01,1.834385e-02,8.745564e-03,2.369665e-02,8.470389e-02,6.883279e-02,3.593638e-03,1.937561e-02,1.174252e-01,9.257646e-02,1.713198e-01,6.098729e-02,6.064770e-02,4.548971e-02,5.969906e-02
1.178406e-01,1.397371e-02,9.616140e-03,1.880024e-02,6.144683e-02,5.139831e-02,2.611673e-03,1.425728e-02,8.728624e-02,9.155691e-02,2.707713e-01,6.177114e-02,5.691305e-02,8.767635e-02,5.408028e-02
8.832124e-02,1.254147e-02,9.060705e-03,1.484604e-02,4.435498e-02,3.860282e-02,1.992070e-03,1.019047e-02,6.479878e-02,8.821648e-02,2.732550e-01,4.706588e-02,4.486269e-02,2.023817e-01,5.950964e-02
6.414221e-02,1.286252e-02,7.218061e-03,1.208714e-02,3.135534e-02,2.931936e-02,1.444671e-03,7.346694e-03,5.331479e-02,9.677395e-02,2.157812e-01,3.659622e-02,3.372740e-02,2.943509e-01,1.036796e-01
4.717040e-02,2.102078e-02,5.394901e-03,8.721178e-03,2.213005e-02,2.114281e-02,1.030024e-03,5.330431e-03,5.518409e-02,7.771478e-02,1.592931e-01,2.708104e-02,2.473394e-02,4.073975e-01,1.166550e-01
4.375225e-02,3.734827e-02,5.198918e-03,6.614403e-03,1.584414e-02,1.602819e-02,7.940719e-04,4.548621e-03,9.501408e-02,5.634188e-02,1.221462e-01,2.043318e-02,1.824795e-02,4.656998e-01,9.198804e-02
3.505205e-02,3.661231e-02,3.972415e-03,5.130320e-03,1.136722e-02,1.168695e-02,5.909522e-04,4.131228e-03,1.265006e-01,3.977695e-02,8.747641e-02,1.461268e-02,1.343789e-02,5.336666e-01,7.598551e-02
3.523114e-02,4.620943e-02,5.945798e-03,5.453455e-03,9.233397e-03,8.935737e-03,5.420822e-04,8.921014e-03,2.572397e-01,2.869175e-02,6.342456e-02,1.055449e-02,1.002749e-02,4.485158e-01,6.107414e-02
3.222729e-02,6.382847e-02,5.481781e-03,5.749792e-03,8.515164e-03,8.323544e-03,5.308494e-04,7.635606e-03,3.800996e-01,2.157637e-02,4.516031e-02,7.473263e-03,7.629253e-03,3.533005e-01,5.246808e-02
3.079495e-02,7.740846e-02,4.177687e-03,1.058542e-02,7.799293e-03,6.910371e-03,5.073289e-04,8.736308e-03,4.799931e-01,1.696072e-02,3.238054e-02,5.321136e-03,6.357302e-03,2.696152e-01,4.245209e-02
2.621729e-02,7.107088e-02,3.126672e-03,1.420978e-02,6.946519e-03,5.748238e-03,5.223495e-04,1.279793e-02,5.680369e-01,1.331383e-02,2.386571e-02,3.979886e-03,5.550917e-03,2.100617e-01,3.455140e-02
2.535275e-02,1.053368e-01,2.312331e-03,1.289265e-02,7.714967e-03,4.670399e-03,7.460710e-04,1.284342e-02,5.910840e-01,1.039442e-02,1.724396e-02,2.983674e-03,4.468686e-03,1.637762e-01,3.817969e-02
2.292665e-02,1.388479e-01,1.679754e-03,1.367368e-02,8.776161e-03,3.808995e-03,8.422031e-04,1.879163e-02,6.060742e-01,7.822625e-03,1.245933e-02,2.165912e-03,3.603359e-03,1.213607e-01,3.716690e-02
2.059439e-02,1.965911e-01,1.585872e-03,3.955069e-02,1.112381e-02,3.320032e-03,6.695758e-04,2.371191e-02,5.644538e-01,6.414925e-03,8.902324e-03,1.525371e-03,3.269285e-03,8.602933e-02,3.225758e-02
1.795813e-02,2.936839e-01,1.425369e-03,5.716218e-02,9.015047e-03,3.077487e-03,4.854037e-04,2.316764e-02,4.776704e-01,5.666237e-03,1.100627e-02,1.386287e-03,2.909821e-03,6.119614e-02,3.418964e-02
1.854223e-02,3.592576e-01,1.350213e-03,6.099653e-02,8.176040e-03,2.939000e-03,3.744998e-04,1.957622e-02,4.225925e-01,4.988374e-03,1.510314e-02,2.066548e-03,3.676737e-03,4.353512e-02,3.682528e-02
1.775157e-02,3.670750e-01,1.360327e-03,4.746380e-02,8.182778e-03,2.655020e-03,3.688871e-04,1.915646e-02,4.291773e-01,4.319495e-03,1.235857e-02,1.868168e-03,4.247453e-03,3.169101e-02,5.232421e-02
1.995368e-02,3.654439e-01,1.923657e-03,3.825420e-02,9.005688e-03,2.690532e-03,4.879783e-04,1.855604e-02,4.218674e-01,4.430404e-03,1.187840e-02,2.489584e-03,4.791879e-03,2.697061e-02,7.125616e-02
2.071402e-02,2.820947e-01,6.022973e-03,3.723585e-02,1.939090e-02,5.700766e-03,1.854738e-03,4.973913e-02,4.579288e-01,4.883826e-03,1.371980e-02,2.407430e-03,8.467399e-03,2.447547e-02,6.536415e-02
2.849958e-02,2.037863e-01,6.433573e-03,1.394346e-01,2.388636e-02,3.355082e-02,1.811360e-03,6.291309e-02,3.855654e-01,5.539069e-03,1.945652e-02,2.877196e-03,1.515465e-02,1.788126e-02,5.321019e-02
2.441588e-02,1.472161e-01,7.933040e-03,2.656111e-01,2.237183e-02,3.204830e-02,1.546243e-03,4.546675e-02,3.523701e-01,5.874566e-03,2.430940e-02,3.248902e-03,1.513198e-02,1.261442e-02,3.984144e-02
3.744939e-02,1.144690e-01,1.243889e-02,2.559359e-01,2.272829e-02,3.300249e-02,1.594110e-03,4.817198e-02,3.391528e-01,6.382736e-03,4.524239e-02,8.484446e-03,2.109232e-02,9.852201e-03,4.400308e-02
5.446372e-02,8.584219e-02,1.112513e-02,2.056901e-01,3.736598e-02,3.858865e-02,2.960829e-03,4.443160e-02,3.225386e-01,7.154255e-03,8.052677e-02,1.193609e-02,3.660906e-02,7.524511e-03,5.324246e-02
6.868331e-02,7.186727e-02,1.876052e-02,2.242103e-01,4.112212e-02,3.438738e-02,3.137530e-03,4.183770e-02,2.960942e-01,1.125733e-02,7.301331e-02,2.746810e-02,3.366027e-02,6.027685e-03,4.847291e-02
1.797265e-01,5.752083e-02,1.682108e-02,1.744091e-01,4.450790e-02,4.676205e-02,2.884253e-03,5.165092e-02,2.522307e-01,1.012296e-02,5.907258e-02,2.599628e-02,3.281216e-02,5.567873e-03,3.991484e-02
2.686920e-01,4.690051e-02,1.389835e-02,1.374530e-01,3.555701e-02,6.176150e-02,2.184346e-03,3.904050e-02,2.050174e-01,1.029748e-02,6.444696e-02,4.013043e-02,3.200675e-02,6.454236e-03,3.615956e-02
3.027492e-01,3.562716e-02,1.222692e-02,1.158182e-01,2.636248e-02,8.464119e-02,2.058783e-03,2.837521e-02,1.527952e-01,1.033624e-02,7.875301e-02,8.035092e-02,3.494442e-02,6.737055e-03,2.822406e-02
3.188413e-01,2.651872e-02,9.551619e-03,8.808446e-02,1.997171e-02,7.930158e-02,1.705213e-03,2.030898e-02,1.158467e-01,1.027974e-02,1.174991e-01,1.301924e-01,3.124579e-02,8.881146e-03,2.177157e-02
3.188279e-01,1.991353e-02,7.134147e-03,6.561358e-02,1.529438e-02,5.896881e-02,1.540680e-03,1.726029e-02,8.917995e-02,1.248472e-02,1.457627e-01,1.915862e-01,2.824086e-02,1.130553e-02,1.688683e-02
2.753047e-01,1.651682e-02,5.980839e-03,4.778625e-02,1.344069e-02,4.989242e-02,1.256697e-03,1.381819e-02,6.870145e-02,3.323110e-02,1.863927e-01,2.344371e-01,2.505318e-02,1.460737e-02,1.358058e-02
2.159017e-01,1.333284e-02,9.448844e-03,3.462552e-02,1.221168e-02,3.905803e-02,1.254826e-03,3.417560e-02,5.522021e-02,4.186822e-02,2.157811e-01,2.797229e-01,2.338986e-02,1.391636e-02,1.009237e-02
1.810077e-01,1.135616e-02,7.649153e-03,2.598339e-02,1.479728e-02,2.964520e-02,1.160248e-03,2.972476e-02,5.893993e-02,5.683566e-02,2.371951e-01,3.022612e-01,1.974567e-02,1.581039e-02,7.888185e-03
1.615297e-01,1.052976e-02,6.659262e-03,2.018207e-02,1.877334e-02,2.337551e-02,1.240675e-03,2.480224e-02,7.094830e-02,4.774298e-02,2.148973e-01,3.595485e-01,1.661028e-02,1.505377e-02,8.106256e-03
1.184993e-01,1.725242e-02,1.653364e-02,1.450559e-02,1.514024e-02,1.762592e-02,1.005276e-03,2.030670e-02,5.617061e-02,3.979793e-02,2.989771e-01,3.080902e-01,1.252498e-02,4.821473e-02,1.535547e-02
1.044369e-01,1.546870e-02,1.691649e-02,1.110448e-02,1.465694e-02,1.549782e-02,1.163074e-03,2.097357e-02,5.715967e-02,4.130627e-02,2.630006e-01,3.498069e-01,1.574882e-02,5.974741e-02,1.301238e-02
8.055251e-02,2.591124e-02,4.224423e-02,8.592620e-03,1.611842e-02,1.256166e-02,2.735772e-03,4.206972e-02,8.331408e-02,4.679868e-02,2.273401e-01,3.029018e-01,1.566821e-02,8.233064e-02,1.086030e-02
7.020804e-02,3.330061e-02,3.336709e-02,7.068776e-03,2.248259e-02,9.733313e-03,2.685833e-03,4.072439e-02,1.433405e-01,6.341463e-02,1.864251e-01,2.323598e-01,1.277107e-02,1.330621e-01,9.056260e-03
6.381521e-02,4.334318e-02,3.121033e-02,5.791112e-03,3.034031e-02,8.207888e-03,2.845468e-03,3.631598e-02,1.667868e-01,6.219269e-02,1.460191e-01,1.838633e-01,1.278466e-02,1.986065e-01,7.877613e-03
5.206485e-02,3.279452e-02,2.556086e-02,5.778089e-03,5.629165e-02,7.144497e-03,4.842135e-03,9.601448e-02,1.957914e-01,5.776007e-02,1.118323e-01,1.341775e-01,1.092586e-02,2.027889e-01,6.232956e-03
3.988482e-02,2.743305e-02,2.016830e-02,5.145095e-03,7.479154e-02,7.117712e-03,4.582926e-03,1.584138e-01,2.497539e-01,4.852826e-02,9.301134e-02,9.542981e-02,8.952635e-03,1.619469e-01,4.840058e-03
3.024746e-02,2.254471e-02,1.673121e-02,4.720899e-03,8.572518e-02,5.872610e-03,4.414767e-03,2.840213e-01,2.177784e-01,4.718041e-02,7.552657e-02,6.857262e-02,9.024903e-03,1.237677e-01,3.871335e-03
2.413570e-02,2.878304e-02,1.438375e-02,3.949208e-03,7.335313e-02,4.656451e-03,3.355108e-03,4.147233e-01,1.783240e-01,3.933596e-02,5.936381e-02,4.983911e-02,9.295514e-03,9.323167e-02,3.270322e-03
2.477856e-02,3.000446e-02,1.435127e-02,4.097235e-03,6.800701e-02,4.095311e-03,2.547181e-03,5.105593e-01,1.397550e-01,3.148530e-02,5.232805e-02,3.676771e-02,7.740320e-03,6.972281e-02,3.760518e-03
2.604351e-02,8.115374e-02,1.632650e-02,4.607734e-03,6.280518e-02,8.055938e-03,1.985915e-03,4.393521e-01,1.871270e-01,2.663584e-02,4.056367e-02,2.652198e-02,6.288691e-03,6.184435e-02,1.068793e-02
2.065302e-02,2.449530e-01,1.288892e-02,3.373134e-03,4.981276e-02,7.627192e-03,1.435473e-03,3.209185e-01,2.112657e-01,1.914217e-02,2.876305e-02,1.863745e-02,4.518775e-03,4.719086e-02,8.820103e-03
1.552014e-02,3.942307e-01,9.941321e-03,2.467329e-03,3.839420e-02,6.450517e-03,1.036564e-03,2.335705e-01,2.072497e-01,1.353393e-02,2.035899e-02,1.307044e-02,3.242787e-03,3.433631e-02,6.596639e-03
1.136410e-02,5.460720e-01,7.226867e-03,1.939658e-03,2.842310e-02,5.163823e-03,7.444388e-04,1.683600e-01,1.643309e-01,9.553348e-03,1.433141e-02,9.160593e-03,2.324938e-03,2.424453e-02,6.760289e-03
8.817188e-03,6.501439e-01,5.405349e-03,1.548539e-03,2.186910e-02,4.226993e-03,5.560188e-04,1.266516e-01,1.317250e-01,6.838205e-03,1.008060e-02,6.426382e-03,1.670465e-03,1.726879e-02,6.771902e-03
8.232732e-03,7.118064e-01,4.295837e-03,1.258680e-03,1.717672e-02,4.015000e-03,4.305471e-04,1.047246e-01,1.117730e-01,4.840406e-03,7.212104e-03,4.520002e-03,1.223708e-03,1.245544e-02,6.034764e-03
8.413421e-03,7.609474e-01,3.581033e-03,9.724966e-04,1.595313e-02,3.958119e-03,3.348603e-04,8.682048e-02,9.212855e-02,3.400346e-03,5.098023e-03,3.174890e-03,8.778651e-04,9.107378e-03,5.232055e-03
9.780335e-03,7.805541e-01,2.942201e-03,7.903802e-04,1.729242e-02,3.794349e-03,2.808336e-04,8.387189e-02,8.075166e-02,2.393909e-03,3.604075e-03,2.232594e-03,6.328956e-04,6.751257e-03,4.327178e-03
2.666188e-02,7.536113e-01,2.877121e-03,1.050094e-03,1.826630e-02,4.445598e-03,3.403376e-04,7.932492e-02,8.502355e-02,1.873207e-03,2.627607e-03,1.635798e-03,6.871045e-04,4.994987e-03,1.658021e-02
5.049618e-02,7.140956e-01,3.451732e-03,1.925903e-03,2.031230e-02,5.965872e-03,6.510390e-04,7.565980e-02,8.045859e-02,2.051150e-03,2.102510e-03,1.314897e-03,1.113510e-03,3.729608e-03,3.667135e-02
6.664800e-02,6.970910e-01,3.125624e-03,4.937910e-03,1.913068e-02,1.451485e-02,6.500203e-04,5.841368e-02,7.266846e-02,2.364338e-03,1.800048e-03,1.399003e-03,6.763231e-03,2.709049e-03,4.778402e-02
7.943320e-02,6.119169e-01,2.918282e-03,1.856979e-02,1.456601e-02,4.036818e-02,7.521081e-04,4.200111e-02,6.682230e-02,4.437959e-03,4.027373e-03,6.367024e-03,2.284055e-02,3.256607e-03,8.172259e-02
1.382552e-01,4.712822e-01,2.840350e-03,3.236679e-02,1.140857e-02,4.451966e-02,1.392588e-03,3.091272e-02,5.615345e-02,1.018759e-02,1.343208e-02,1.555801e-02,5.757451e-02,8.139482e-03,1.059767e-01
1.654122e-01,3.564108e-01,4.090522e-03,3.393846e-02,1.139022e-02,4.328414e-02,2.295244e-03,2.246393e-02,5.559441e-02,1.867884e-02,6.609198e-02,2.061179e-02,5.913630e-02,3.630875e-02,1.042924e-01
1.524020e-01,2.804143e-01,1.167870e-02,5.216040e-02,1.220641e-02,4.147475e-02,2.875939e-03,1.711053e-02,1.044974e-01,3.498276e-02,6.939536e-02,3.097313e-02,5.310012e-02,3.547264e-02,1.012556e-01
2.977920e-01,1.985337e-01,9.401162e-03,4.068274e-02,1.016704e-02,3.317062e-02,3.317809e-03,1.341683e-02,8.644655e-02,2.889637e-02,7.578728e-02,2.843690e-02,4.720659e-02,5.019246e-02,7.655197e-02
3.790059e-01,1.407918e-01,8.274938e-03,3.006756e-02,8.672196e-03,2.726570e-02,3.364227e-03,1.052737e-02,8.066985e-02,2.412588e-02,9.077100e-02,2.290595e-02,3.631050e-02,7.916629e-02,5.808083e-02
4.257553e-01,9.967977e-02,7.353542e-03,2.275458e-02,7.222364e-03,2.471861e-02,3.486838e-03,8.912460e-03,6.640682e-02,2.223804e-02,1.106744e-01,1.971528e-02,2.728960e-02,1.093135e-01,4.447892e-02
4.264380e-01,7.194867e-02,2.249159e-02,2.919332e-02,9.695036e-03,3.497109e-02,1.143186e-02,2.607338e-02,6.657515e-02,1.993563e-02,1.031685e-01,2.365099e-02,2.312420e-02,9.746372e-02,3.383886e-02
4.962384e-01,5.236034e-02,3.023856e-02,2.501000e-02,8.504567e-03,3.903223e-02,1.177096e-02,2.462826e-02,5.281977e-02,1.719286e-02,9.017322e-02,2.213631e-02,1.834257e-02,8.441657e-02,2.713548e-02
1.000000e+00,0.000000e+00,0.000000e+00,0.000000e+00,0.000000e+00,0.000000e+00,0.000000e+00,0.000000e+00,0.000000e+00,0.000000e+00,0.000000e+00,0.000000e+00,0.000000e+00,0.000000e+00,0.000000e+00
4.444973e-01,2.892744e-02,3.748523e-02,1.906320e-02,6.398461e-03,3.080355e-02,8.430380e-03,1.677753e-02,4.379410e-02,3.540952e-02,1.392797e-01,1.932940e-02,1.067606e-02,1.429858e-01,1.614227e-02
3.389181e-01,2.385101e-02,3.333568e-02,1.460017e-02,5.582025e-03,3.001319e-02,6.465209e-03,1.358728e-02,5.612981e-02,4.689432e-02,1.622260e-01,1.861440e-02,8.024308e-03,2.282036e-01,1.355489e-02
2.393740e-01,1.777304e-02,2.397996e-02,1.042520e-02,4.068434e-03,2.259734e-02,4.545921e-03,9.591982e-03,4.914938e-02,1.002654e-01,2.532672e-01,1.505267e-02,5.884264e-03,2.337637e-01,1.026158e-02
1.678777e-01,1.417942e-02,1.709681e-02,7.727392e-03,3.134825e-03,1.793289e-02,3.198891e-03,6.785867e-03,5.240607e-02,2.111029e-01,2.624613e-01,1.249467e-02,4.509159e-03,2.115100e-01,7.582209e-03
1.176452e-01,1.198369e-02,1.202177e-02,5.719543e-03,2.478065e-03,1.830721e-02,2.260364e-03,4.780261e-03,7.059319e-02,3.605757e-01,2.113136e-01,9.451061e-03,4.777665e-03,1.622376e-01,5.854973e-03
8.256538e-02,1.345379e-02,1.140283e-02,6.403739e-03,3.142918e-03,1.721821e-02,1.715936e-03,5.875269e-03,8.715628e-02,4.622797e-01,1.616329e-01,7.695007e-03,6.571616e-03,1.281411e-01,4.745346e-03
5.803125e-02,1.708555e-02,8.912836e-03,5.775052e-03,3.329701e-03,1.534573e-02,1.237524e-03,5.778627e-03,9.973548e-02,5.555936e-01,1.186208e-01,5.750822e-03,5.803297e-03,9.515779e-02,3.841967e-03
4.200746e-02,1.681029e-02,7.525721e-03,1.054185e-02,3.724306e-03,1.225888e-02,8.929244e-04,4.983766e-03,1.667224e-01,5.648371e-01,8.669104e-02,4.387252e-03,4.514646e-03,6.960702e-02,4.495298e-03
3.045907e-02,1.594062e-02,6.048047e-03,9.988921e-03,4.222259e-03,1.103424e-02,6.553450e-04,3.870188e-03,1.678396e-01,6.138224e-01,6.969547e-02,3.880234e-03,3.961726e-03,5.382927e-02,4.752515e-03
2.180916e-02,1.270429e-02,4.317318e-03,7.991403e-03,4.032844e-03,8.362813e-03,4.749460e-04,2.899089e-03,1.372491e-01,6.754703e-01,6.733253e-02,5.518584e-03,5.106241e-03,4.259243e-02,4.138918e-03
1.588989e-02,2.020845e-02,3.670019e-03,1.010454e-02,3.951699e-03,6.445268e-03,3.559103e-04,2.353791e-03,1.943135e-01,5.953130e-01,8.388233e-02,7.577782e-03,8.218654e-03,3.933041e-02,8.384697e-03
1.270047e-02,2.181102e-02,2.913226e-03,9.822315e-03,5.568298e-03,5.508208e-03,2.681595e-04,1.847288e-03,1.781195e-01,5.388192e-01,1.510050e-01,1.063844e-02,1.016958e-02,4.272181e-02,8.087508e-03
1.280807e-02,2.563142e-02,2.951388e-03,9.937007e-03,5.366496e-03,5.466762e-03,2.128206e-04,1.813686e-03,1.939974e-01,4.655867e-01,1.762402e-01,1.321753e-02,1.069556e-02,6.544819e-02,1.062671e-02
1.327502e-02,3.361978e-02,2.561955e-03,8.745739e-03,5.041590e-03,4.819541e-03,1.653275e-04,1.602127e-03,1.592401e-01,3.992804e-01,2.337552e-01,1.659220e-02,1.072441e-02,1.007747e-01,9.801956e-03
1.294797e-02,7.781769e-02,7.010728e-03,7.385688e-03,4.010217e-03,4.126233e-03,1.812719e-04,1.661880e-03,1.482850e-01,3.082841e-01,2.557555e-01,1.573821e-02,8.925320e-03,1.370272e-01,1.084287e-02
1.215725e-02,5.735899e-02,5.454135e-03,5.886948e-03,3.365282e-03,3.695074e-03,1.394819e-04,2.026204e-03,1.571790e-01,2.232038e-01,2.194363e-01,1.254702e-02,6.677349e-03,2.811356e-01,9.737665e-03
2.332901e-02,4.815805e-02,4.772405e-03,7.073021e-03,4.179893e-03,6.042032e-03,1.188054e-04,3.374874e-03,2.178472e-01,1.765743e-01,2.296964e-01,1.335083e-02,6.040731e-03,2.472818e-01,1.216056e-02
2.799569e-02,4.011223e-02,4.640380e-03,5.780243e-03,5.092588e-03,6.955667e-03,1.046140e-04,4.413310e-03,1.931738e-01,1.372260e-01,2.662812e-01,1.616316e-02,6.278995e-03,2.721862e-01,1.359599e-02
2.729696e-02,3.838467e-02,6.099542e-03,8.201685e-03,6.494915e-03,1.033973e-02,1.114844e-04,1.210047e-02,2.069054e-01,1.044314e-01,2.584822e-01,2.411388e-02,1.284913e-02,2.695135e-01,1.467503e-02
2.509842e-02,3.421121e-02,1.168142e-02,8.244935e-03,6.954161e-03,1.225291e-02,1.319067e-04,1.436553e-02,2.823854e-01,8.041953e-02,2.373489e-01,3.937604e-02,1.826685e-02,2.168856e-01,1.237723e-02
2.197994e-02,3.546005e-02,4.134323e-02,1.416118e-02,7.926557e-03,1.077732e-02,1.774575e-04,1.377841e-02,3.422351e-01,6.696564e-02,2.082651e-01,3.558706e-02,1.751551e-02,1.726907e-01,1.113674e-02
2.053581e-02,3.234632e-02,5.632158e-02,1.279711e-02,8.096556e-03,9.253491e-03,2.066364e-04,1.274725e-02,4.130188e-01,5.826283e-02,1.818646e-01,3.093705e-02,1.479704e-02,1.394357e-01,9.379233e-03
2.428540e-02,3.911454e-02,6.035760e-02,1.423610e-02,7.891055e-03,8.342559e-03,2.796334e-04,1.367494e-02,4.266959e-01,6.278957e-02,1.762156e-01,2.613346e-02,1.308579e-02,1.166501e-01,1.024782e-02
2.147786e-02,4.324523e-02,6.018388e-02,1.591002e-02,1.009110e-02,7.270071e-03,4.025927e-04,1.421445e-02,4.504059e-01,6.383523e-02,1.597190e-01,2.191048e-02,1.170156e-02,1.098775e-01,9.755150e-03
1.922281e-02,6.689370e-02,6.359010e-02,4.035576e-02,2.036112e-02,1.071110e-02,4.508730e-04,3.111693e-02,4.172483e-01,5.168669e-02,1.435266e-01,1.747450e-02,1.287585e-02,9.112267e-02,1.336296e-02
1.904591e-02,7.630610e-02,5.407078e-02,3.535603e-02,1.924007e-02,2.200161e-02,4.366079e-04,4.193759e-02,4.597515e-01,3.996176e-02,1.202959e-01,1.402621e-02,1.053167e-02,7.501087e-02,1.202752e-02
2.188510e-02,6.425835e-02,5.999390e-02,2.808616e-02,2.369372e-02,2.243558e-02,4.683540e-04,5.029380e-02,5.101767e-01,3.145507e-02,9.692846e-02,1.044435e-02,8.450922e-03,6.083317e-02,1.059642e-02
2.330459e-02,5.383160e-02,9.423140e-02,1.867810e-01,1.979398e-02,1.988586e-02,4.510514e-04,3.898751e-02,3.957886e-01,2.637912e-02,7.148637e-02,7.677236e-03,6.408126e-03,4.419916e-02,1.079432e-02
4.845894e-02,5.283926e-02,1.000858e-01,2.472820e-01,2.137087e-02,2.191908e-02,6.635771e-04,3.216027e-02,3.418250e-01,2.323660e-02,5.265518e-02,5.993817e-03,6.166215e-03,3.292088e-02,1.242249e-02
4.546559e-02,1.268167e-01,9.364379e-02,2.244346e-01,2.287945e-02,1.998171e-02,1.111747e-03,2.467094e-02,3.286147e-01,2.010690e-02,3.801458e-02,4.640687e-03,1.047438e-02,2.353532e-02,1.560894e-02
5.489614e-02,1.574743e-01,7.291155e-02,1.700100e-01,2.900008e-02,2.511539e-02,1.958110e-03,2.320058e-02,3.728849e-01,1.626377e-02,2.866027e-02,3.742176e-03,1.064318e-02,1.822456e-02,1.501508e-02
4.964243e-02,2.100282e-01,5.880672e-02,1.342316e-01,2.613588e-02,3.402599e-02,2.156499e-03,1.882242e-02,3.810908e-01,1.551998e-02,2.146650e-02,3.480179e-03,1.691278e-02,1.295000e-02,1.472999e-02
4.470855e-02,2.166370e-01,4.876513e-02,1.147100e-01,2.307446e-02,3.322168e-02,1.898329e-03,1.589909e-02,3.493345e-01,2.394560e-02,1.717087e-02,3.531784e-03,1.490392e-02,1.031882e-02,8.188032e-02
5.343930e-02,1.951367e-01,4.346371e-02,9.951091e-02,2.644940e-02,3.406011e-02,1.963846e-03,2.125400e-02,3.415961e-01,3.362671e-02,1.874770e-02,5.384266e-03,1.690897e-02,8.618102e-03,9.984020e-02
5.915275e-02,1.669617e-01,4.464141e-02,8.031168e-02,3.588802e-02,2.848542e-02,1.995042e-03,2.082279e-02,3.776932e-01,3.620768e-02,2.347158e-02,5.979802e-03,1.492018e-02,7.474267e-03,9.599447e-02
6.979248e-02,1.445281e-01,4.843744e-02,8.790039e-02,4.039213e-02,2.328816e-02,2.783591e-03,5.852426e-02,3.227561e-01,3.334608e-02,4.981316e-02,1.061556e-02,1.866180e-02,1.003547e-02,7.912525e-02
8.741105e-02,1.206615e-01,4.480011e-02,1.038054e-01,4.823870e-02,2.127273e-02,3.389210e-03,6.080220e-02,2.987469e-01,3.467777e-02,5.731386e-02,1.322808e-02,1.865934e-02,1.203977e-02,7.495329e-02
1.406637e-01,1.197656e-01,3.584378e-02,1.075959e-01,4.414731e-02,2.229289e-02,2.750251e-03,4.704443e-02,2.948798e-01,3.514624e-02,4.959641e-02,1.113708e-02,1.491072e-02,1.061673e-02,6.360918e-02
1.847265e-01,1.044397e-01,2.674080e-02,9.872475e-02,4.689060e-02,2.231061e-02,2.322274e-03,3.632909e-02,3.083619e-01,3.180098e-02,4.423576e-02,1.100266e-02,1.216463e-02,9.391738e-03,6.055802e-02
1.796972e-01,8.457634e-02,2.547974e-02,1.818954e-01,4.064536e-02,2.475341e-02,2.667586e-03,2.877653e-02,2.396932e-01,2.790946e-02,3.932682e-02,2.473495e-02,2.516168e-02,8.224211e-03,6.645806e-02
2.371945e-01,6.674227e-02,2.962380e-02,1.928318e-01,3.286654e-02,3.025421e-02,2.404932e-03,2.425471e-02,1.865785e-01,2.352617e-02,4.304387e-02,4.136404e-02,2.290459e-02,9.090364e-03,5.731967e-02
2.833817e-01,6.109847e-02,2.395788e-02,1.691486e-01,3.145972e-02,3.206833e-02,2.686539e-03,1.973642e-02,1.734040e-01,1.998401e-02,4.272260e-02,4.879036e-02,2.148025e-02,8.694079e-03,6.138699e-02
3.512461e-01,6.583278e-02,2.186423e-02,1.416107e-01,2.674846e-02,3.153782e-02,2.866516e-03,2.019222e-02,1.541340e-01,1.589455e-02,4.362159e-02,4.372677e-02,1.808865e-02,8.545051e-03,5.409059e-02
4.548649e-01,5.397617e-02,1.774245e-02,1.100337e-01,2.634094e-02,2.824560e-02,3.015671e-03,1.753441e-02,1.258769e-01,1.265562e-02,3.787128e-02,3.923809e-02,1.636378e-02,7.866001e-03,4.837450e-02
4.649701e-01,5.195767e-02,1.600778e-02,1.074883e-01,3.122228e-02,3.043000e-02,4.443951e-03,2.111334e-02,1.056479e-01,1.168443e-02,3.538480e-02,4.004277e-02,1.690570e-02,8.431990e-03,5.426905e-02
4.850306e-01,4.446736e-02,1.425801e-02,9.777373e-02,4.666454e-02,3.625311e-02,5.824775e-03,2.008493e-02,8.832008e-02,9.219307e-03,3.281172e-02,3.496962e-02,1.773912e-02,1.082050e-02,5.576259e-02
4.438244e-01,4.059796e-02,1.919541e-02,1.177272e-01,5.564528e-02,4.619829e-02,6.729456e-03,3.711099e-02,7.864182e-02,8.265729e-03,3.322291e-02,2.933979e-02,1.683277e-02,1.317190e-02,5.349609e-02
4.432332e-01,3.569033e-02,3.056368e-02,1.070174e-01,6.368807e-02,4.383948e-02,7.179632e-03,7.751758e-02,6.362341e-02,7.209650e-03,2.694879e-02,2.300002e-02,1.466540e-02,1.131416e-02,4.450925e-02
4.086657e-01,2.996302e-02,3.137946e-02,9.280909e-02,7.098357e-02,4.227931e-02,9.922933e-03,1.554904e-01,5.475225e-02,6.028038e-03,2.203347e-02,1.863920e-02,1.187499e-02,8.746015e-03,3.643263e-02
3.653871e-01,3.336214e-02,3.521433e-02,8.364785e-02,7.698955e-02,4.805550e-02,1.118766e-02,1.771975e-01,6.994952e-02,7.349906e-03,1.841626e-02,1.430529e-02,1.106353e-02,8.030451e-03,3.984347e-02
3.325795e-01,3.834371e-02,2.756302e-02,6.314575e-02,6.685368e-02,1.145416e-01,1.008940e-02,1.377756e-01,1.106032e-01,7.420230e-03,1.566766e-02,1.202752e-02,1.547149e-02,7.825732e-03,4.009192e-02
3.467999e-01,3.822370e-02,2.190688e-02,4.874813e-02,5.659341e-02,1.334850e-01,9.161782e-03,1.150758e-01,1.309724e-01,6.531941e-03,1.439657e-02,1.083832e-02,1.684664e-02,9.155963e-03,4.126356e-02
4.191332e-01,3.594131e-02,1.770464e-02,3.743691e-02,4.993901e-02,1.073336e-01,9.355860e-03,9.540298e-02,1.199473e-01,8.242389e-03,1.272523e-02,1.270872e-02,2.040382e-02,1.098690e-02,4.273810e-02
4.796557e-01,3.192410e-02,1.720090e-02,2.852131e-02,4.172343e-02,9.908213e-02,1.782894e-02,8.670568e-02,9.975463e-02,7.399347e-03,1.058590e-02,1.235928e-02,1.796916e-02,1.100304e-02,3.828638e-02
