1.000000e+00,0.000000e+00,0.000000e+00,0.000000e+00,0.000000e+00,0.000000e+00,0.000000e+00,0.000000e+00,0.000000e+00,0.000000e+00,0.000000e+00,0.000000e+00,0.000000e+00,0.000000e+00,0.000000e+00
1.000000e+00,0.000000e+00,0.000000e+00,0.000000e+00,0.000000e+00,0.000000e+00,0.000000e+00,0.000000e+00,0.000000e+00,0.000000e+00,0.000000e+00,0.000000e+00,0.000000e+00,0.000000e+00,0.000000e+00
1.000000e+00,0.000000e+00,0.000000e+00,0.000000e+00,0.000000e+00,0.000000e+00,0.000000e+00,0.000000e+00,0.000000e+00,0.000000e+00,0.000000e+00,0.000000e+00,0.000000e+00,0.000000e+00,0.000000e+00
1.000000e+00,0.000000e+00,0.000000e+00,0.000000e+00,0.000000e+00,0.000000e+00,0.000000e+00,0.000000e+00,0.000000e+00,0.000000e+00,0.000000e+00,0.000000e+00,0.000000e+00,0.000000e+00,0.000000e+00
1.000000e+00,0.000000e+00,0.000000e+00,0.000000e+00,0.000000e+00,0.000000e+00,0.000000e+00,0.000000e+00,0.000000e+00,0.000000e+00,0.000000e+00,0.000000e+00,0.000000e+00,0.000000e+00,0.000000e+00
1.000000e+00,0.000000e+00,0.000000e+00,0.000000e+00,0.000000e+00,0.000000e+00,0.000000e+00,0.000000e+00,0.000000e+00,0.000000e+00,0.000000e+00,0.000000e+00,0.000000e+00,0.000000e+00,0.000000e+00
1.000000e+00,0.000000e+00,0.000000e+00,0.000000e+00,0.000000e+00,0.000000e+00,0.000000e+00,0.000000e+00,0.000000e+00,0.000000e+00,0.000000e+00,0.000000e+00,0.000000e+00,0.000000e+00,0.000000e+00
1.000000e+00,0.000000e+00,0.000000e+00,0.000000e+00,0.000000e+00,0.000000e+00,0.000000e+00,0.000000e+00,0.000000e+00,0.000000e+00,0.000000e+00,0.000000e+00,0.000000e+00,0.000000e+00,0.000000e+00
1.000000e+00,0.000000e+00,0.000000e+00,0.000000e+00,0.000000e+00,0.000000e+00,0.000000e+00,0.000000e+00,0.000000e+00,0.000000e+00,0.000000e+00,0.000000e+00,0.000000e+00,0.000000e+00,0.000000e+00
1.000000e+00,0.000000e+00,0.000000e+00,0.000000e+00,0.000000e+00,0.000000e+00,0.000000e+00,0.000000e+00,0.000000e+00,0.000000e+00,0.000000e+00,0.000000e+00,0.000000e+00,0.000000e+00,0.000000e+00
1.000000e+00,0.000000e+00,0.000000e+00,0.000000e+00,0.000000e+00,0.000000e+00,0.000000e+00,0.000000e+00,0.000000e+00,0.000000e+00,0.000000e+00,0.000000e+00,0.000000e+00,0.000000e+00,0.000000e+00
1.000000e+00,0.000000e+00,0.000000e+00,0.000000e+00,0.000000e+00,0.000000e+00,0.000000e+00,0.000000e+00,0.000000e+00,0.000000e+00,0.000000e+00,0.000000e+00,0.000000e+00,0.000000e+00,0.000000e+00
1.000000e+00,0.000000e+00,0.000000e+00,0.000000e+00,0.000000e+00,0.000000e+00,0.000000e+00,0.000000e+00,0.000000e+00,0.000000e+00,0.000000e+00,0.000000e+00,0.000000e+00,0.000000e+00,0.000000e+00
1.000000e+00,0.000000e+00,0.000000e+00,0.000000e+00,0.000000e+00,0.000000e+00,0.000000e+00,0.000000e+00,0.000000e+00,0.000000e+00,0.000000e+00,0.000000e+00,0.000000e+00,0.000000e+00,0.000000e+00
1.000000e+00,0.000000e+00,0.000000e+00,0.000000e+00,0.000000e+00,0.000000e+00,0.000000e+00,0.000000e+00,0.000000e+00,0.000000e+00,0.000000e+00,0.000000e+00,0.000000e+00,0.000000e+00,0.000000e+00
1.000000e+00,0.000000e+00,0.000000e+00,0.000000e+00,0.000000e+00,0.000000e+00,0.000000e+00,0.000000e+00,0.000000e+00,0.000000e+00,0.000000e+00,0.000000e+00,0.000000e+00,0.000000e+00,0.000000e+00
1.000000e+00,0.000000e+00,0.000000e+00,0.000000e+00,0.000000e+00,0.000000e+00,0.000000e+00,0.000000e+00,0.000000e+00,0.000000e+00,0.000000e+00,0.000000e+00,0.000000e+00,0.000000e+00,0.000000e+00
1.000000e+00,0.000000e+00,0.000000e+00,0.000000e+00,0.000000e+00,0.000000e+00,0.000000e+00,0.000000e+00,0.000000e+00,0.000000e+00,0.000000e+00,0.000000e+00,0.000000e+00,0.000000e+00,0.000000e+00
1.000000e+00,0.000000e+00,0.000000e+00,0.000000e+00,0.000000e+00,0.000000e+00,0.000000e+00,0.000000e+00,0.000000e+00,0.000000e+00,0.000000e+00,0.000000e+00,0.000000e+00,0.000000e+00,0.000000e+00
1.000000e+00,0.000000e+00,0.000000e+00,0.000000e+00,0.000000e+00,0.000000e+00,0.000000e+00,0.000000e+00,0.000000e+00,0.000000e+00,0.000000e+00,0.000000e+00,0.000000e+00,0.000000e+00,0.000000e+00
1.000000e+00,0.000000e+00,0.000000e+00,0.000000e+00,0.000000e+00,0.000000e+00,0.000000e+00,0.000000e+00,0.000000e+00,0.000000e+00,0.000000e+00,0.000000e+00,0.000000e+00,0.000000e+00,0.000000e+00
1.000000e+00,0.000000e+00,0.000000e+00,0.000000e+00,0.000000e+00,0.000000e+00,0.000000e+00,0.000000e+00,0.000000e+00,0.000000e+00,0.000000e+00,0.000000e+00,0.000000e+00,0.000000e+00,0.000000e+00
1.000000e+00,0.000000e+00,0.000000e+00,0.000000e+00,0.000000e+00,0.000000e+00,0.000000e+00,0.000000e+00,0.000000e+00,0.000000e+00,0.000000e+00,0.000000e+00,0.000000e+00,0.000000e+00,0.000000e+00
1.000000e+00,0.000000e+00,0.000000e+00,0.000000e+00,0.000000e+00,0.000000e+00,0.000000e+00,0.000000e+00,0.000000e+00,0.000000e+00,0.000000e+00,0.000000e+00,0.000000e+00,0.000000e+00,0.000000e+00
1.000000e+00,0.000000e+00,0.000000e+00,0.000000e+00,0.000000e+00,0.000000e+00,0.000000e+00,0.000000e+00,0.000000e+00,0.000000e+00,0.000000e+00,0.000000e+00,0.000000e+00,0.000000e+00,0.000000e+00
1.000000e+00,0.000000e+00,0.000000e+00,0.000000e+00,0.000000e+00,0.000000e+00,0.000000e+00,0.000000e+00,0.000000e+00,0.000000e+00,0.000000e+00,0.000000e+00,0.000000e+00,0.000000e+00,0.000000e+00
1.000000e+00,0.000000e+00,0.000000e+00,0.000000e+00,0.000000e+00,0.000000e+00,0.000000e+00,0.000000e+00,0.000000e+00,0.000000e+00,0.000000e+00,0.000000e+00,0.000000e+00,0.000000e+00,0.000000e+00
1.000000e+00,0.000000e+00,0.000000e+00,0.000000e+00,0.000000e+00,0.000000e+00,0.000000e+00,0.000000e+00,0.000000e+00,0.000000e+00,0.000000e+00,0.000000e+00,0.000000e+00,0.000000e+00,0.000000e+00
1.000000e+00,0.000000e+00,0.000000e+00,0.000000e+00,0.000000e+00,0.000000e+00,0.000000e+00,0.000000e+00,0.000000e+00,0.000000e+00,0.000000e+00,0.000000e+00,0.000000e+00,0.000000e+00,0.000000e+00
1.000000e+00,0.000000e+00,0.000000e+00,0.000000e+00,0.000000e+00,0.000000e+00,0.000000e+00,0.000000e+00,0.000000e+00,0.000000e+00,0.000000e+00,0.000000e+00,0.000000e+00,0.000000e+00,0.000000e+00
1.000000e+00,0.000000e+00,0.000000e+00,0.000000e+00,0.000000e+00,0.000000e+00,0.000000e+00,0.000000e+00,0.000000e+00,0.000000e+00,0.000000e+00,0.000000e+00,0.000000e+00,0.000000e+00,0.000000e+00
1.000000e+00,0.000000e+00,0.000000e+00,0.000000e+00,0.000000e+00,0.000000e+00,0.000000e+00,0.000000e+00,0.000000e+00,0.000000e+00,0.000000e+00,0.000000e+00,0.000000e+00,0.000000e+00,0.000000e+00
1.000000e+00,0.000000e+00,0.000000e+00,0.000000e+00,0.000000e+00,0.000000e+00,0.000000e+00,0.000000e+00,0.000000e+00,0.000000e+00,0.000000e+00,0.000000e+00,0.000000e+00,0.000000e+00,0.000000e+00
4.847097e-01,5.813805e-02,3.675868e-02,1.866255e-01,1.242616e-02,2.257521e-02,6.098271e-03,2.426152e-02,3.225471e-02,2.376706e-03,4.615943e-02,2.879543e-02,1.299571e-02,1.015293e-02,3.567188e-02
1.000000e+00,0.000000e+00,0.000000e+00,0.000000e+00,0.000000e+00,0.000000e+00,0.000000e+00,0.000000e+00,0.000000e+00,0.000000e+00,0.000000e+00,0.000000e+00,0.000000e+00,0.000000e+00,0.000000e+00
1.000000e+00,0.000000e+00,0.000000e+00,0.000000e+00,0.000000e+00,0.000000e+00,0.000000e+00,0.000000e+00,0.000000e+00,0.000000e+00,0.000000e+00,0.000000e+00,0.000000e+00,0.000000e+00,0.000000e+00
4.417848e-01,5.709767e-02,6.227179e-02,1.941146e-01,1.383369e-02,2.777392e-02,6.863163e-03,2.861917e-02,2.612994e-02,2.872269e-03,3.819547e-02,3.285785e-02,1.644288e-02,9.351585e-03,4.179124e-02
1.000000e+00,0.000000e+00,0.000000e+00,0.000000e+00,0.000000e+00,0.000000e+00,0.000000e+00,0.000000e+00,0.000000e+00,0.000000e+00,0.000000e+00,0.000000e+00,0.000000e+00,0.000000e+00,0.000000e+00
1.000000e+00,0.000000e+00,0.000000e+00,0.000000e+00,0.000000e+00,0.000000e+00,0.000000e+00,0.000000e+00,0.000000e+00,0.000000e+00,0.000000e+00,0.000000e+00,0.000000e+00,0.000000e+00,0.000000e+00
4.544351e-01,7.400233e-02,4.552909e-02,2.390416e-01,1.218055e-02,2.266090e-02,5.929616e-03,1.854998e-02,1.627080e-02,2.280703e-03,2.459980e-02,2.692156e-02,1.544558e-02,6.722107e-03,3.543037e-02
1.000000e+00,0.000000e+00,0.000000e+00,0.000000e+00,0.000000e+00,0.000000e+00,0.000000e+00,0.000000e+00,0.000000e+00,0.000000e+00,0.000000e+00,0.000000e+00,0.000000e+00,0.000000e+00,0.000000e+00
1.000000e+00,0.000000e+00,0.000000e+00,0.000000e+00,0.000000e+00,0.000000e+00,0.000000e+00,0.000000e+00,0.000000e+00,0.000000e+00,0.000000e+00,0.000000e+00,0.000000e+00,0.000000e+00,0.000000e+00
1.000000e+00,0.000000e+00,0.000000e+00,0.000000e+00,0.000000e+00,0.000000e+00,0.000000e+00,0.000000e+00,0.000000e+00,0.000000e+00,0.000000e+00,0.000000e+00,0.000000e+00,0.000000e+00,0.000000e+00
1.000000e+00,0.000000e+00,0.000000e+00,0.000000e+00,0.000000e+00,0.000000e+00,0.000000e+00,0.000000e+00,0.000000e+00,0.000000e+00,0.000000e+00,0.000000e+00,0.000000e+00,0.000000e+00,0.000000e+00
1.000000e+00,0.000000e+00,0.000000e+00,0.000000e+00,0.000000e+00,0.000000e+00,0.000000e+00,0.000000e+00,0.000000e+00,0.000000e+00,0.000000e+00,0.000000e+00,0.000000e+00,0.000000e+00,0.000000e+00
1.000000e+00,0.000000e+00,0.000000e+00,0.000000e+00,0.000000e+00,0.000000e+00,0.000000e+00,0.000000e+00,0.000000e+00,0.000000e+00,0.000000e+00,0.000000e+00,0.000000e+00,0.000000e+00,0.000000e+00
1.000000e+00,0.000000e+00,0.000000e+00,0.000000e+00,0.000000e+00,0.000000e+00,0.000000e+00,0.000000e+00,0.000000e+00,0.000000e+00,0.000000e+00,0.000000e+00,0.000000e+00,0.000000e+00,0.000000e+00
1.000000e+00,0.000000e+00,0.000000e+00,0.000000e+00,0.000000e+00,0.000000e+00,0.000000e+00,0.000000e+00,0.000000e+00,0.000000e+00,0.000000e+00,0.000000e+00,0.000000e+00,0.000000e+00,0.000000e+00
1.000000e+00,0.000000e+00,0.000000e+00,0.000000e+00,0.000000e+00,0.000000e+00,0.000000e+00,0.000000e+00,0.000000e+00,0.000000e+00,0.000000e+00,0.000000e+00,0.000000e+00,0.000000e+00,0.000000e+00
1.000000e+00,0.000000e+00,0.000000e+00,0.000000e+00,0.000000e+00,0.000000e+00,0.000000e+00,0.000000e+00,0.000000e+00,0.000000e+00,0.000000e+00,0.000000e+00,0.000000e+00,0.000000e+00,0.000000e+00
1.000000e+00,0.000000e+00,0.000000e+00,0.000000e+00,0.000000e+00,0.000000e+00,0.000000e+00,0.000000e+00,0.000000e+00,0.000000e+00,0.000000e+00,0.000000e+00,0.000000e+00,0.000000e+00,0.000000e+00
1.000000e+00,0.000000e+00,0.000000e+00,0.000000e+00,0.000000e+00,0.000000e+00,0.000000e+00,0.000000e+00,0.000000e+00,0.000000e+00,0.000000e+00,0.000000e+00,0.000000e+00,0.000000e+00,0.000000e+00
1.000000e+00,0.000000e+00,0.000000e+00,0.000000e+00,0.000000e+00,0.000000e+00,0.000000e+00,0.000000e+00,0.000000e+00,0.000000e+00,0.000000e+00,0.000000e+00,0.000000e+00,0.000000e+00,0.000000e+00
1.000000e+00,0.000000e+00,0.000000e+00,0.000000e+00,0.000000e+00,0.000000e+00,0.000000e+00,0.000000e+00,0.000000e+00,0.000000e+00,0.000000e+00,0.000000e+00,0.000000e+00,0.000000e+00,0.000000e+00
1.000000e+00,0.000000e+00,0.000000e+00,0.000000e+00,0.000000e+00,0.000000e+00,0.000000e+00,0.000000e+00,0.000000e+00,0.000000e+00,0.000000e+00,0.000000e+00,0.000000e+00,0.000000e+00,0.000000e+00
1.000000e+00,0.000000e+00,0.000000e+00,0.000000e+00,0.000000e+00,0.000000e+00,0.000000e+00,0.000000e+00,0.000000e+00,0.000000e+00,0.000000e+00,0.000000e+00,0.000000e+00,0.000000e+00,0.000000e+00
4.839249e-01,1.154963e-02,1.570949e-01,7.406491e-02,1.520910e-02,1.016094e-01,3.373652e-02,5.912895e-02,2.696609e-03,1.233232e-03,7.718277e-03,1.746933e-02,2.409709e-02,1.425328e-03,9.041863e-03
4.486407e-01,9.983298e-03,1.533603e-01,7.474978e-02,1.464322e-02,1.124188e-01,4.751677e-02,7.915405e-02,2.187577e-03,1.529250e-03,7.844965e-03,1.605671e-02,2.069964e-02,1.575061e-03,9.639812e-03
4.956312e-01,7.717546e-03,1.251138e-01,5.924131e-02,1.198824e-02,1.026169e-01,6.206792e-02,8.180054e-02,1.799079e-03,1.733809e-03,6.660587e-03,1.414457e-02,1.709532e-02,1.574287e-03,1.081483e-02
1.000000e+00,0.000000e+00,0.000000e+00,0.000000e+00,0.000000e+00,0.000000e+00,0.000000e+00,0.000000e+00,0.000000e+00,0.000000e+00,0.000000e+00,0.000000e+00,0.000000e+00,0.000000e+00,0.000000e+00
1.000000e+00,0.000000e+00,0.000000e+00,0.000000e+00,0.000000e+00,0.000000e+00,0.000000e+00,0.000000e+00,0.000000e+00,0.000000e+00,0.000000e+00,0.000000e+00,0.000000e+00,0.000000e+00,0.000000e+00
3.986897e-01,8.495379e-03,7.598528e-02,4.531284e-02,1.656431e-02,2.021983e-01,4.207413e-02,4.755879e-02,3.350937e-03,1.859406e-02,2.564579e-02,3.478305e-02,3.388177e-02,4.104512e-03,4.276130e-02
2.794641e-01,6.092628e-03,5.326767e-02,3.193409e-02,1.175828e-02,1.690269e-01,3.029331e-02,3.373811e-02,4.655373e-03,1.405243e-02,2.494211e-02,2.085708e-01,5.518815e-02,4.380414e-02,3.321197e-02
1.960503e-01,4.470022e-03,3.741904e-02,2.300306e-02,8.617240e-03,1.917744e-01,2.174542e-02,2.385390e-02,4.659682e-03,1.269137e-02,3.443637e-02,2.999793e-01,4.766265e-02,6.872220e-02,2.491510e-02
1.373904e-01,3.890947e-03,2.742063e-02,1.682763e-02,7.334378e-03,1.358188e-01,1.528131e-02,1.689018e-02,1.057961e-02,1.298866e-02,1.270506e-01,3.033872e-01,3.744141e-02,1.204907e-01,2.720753e-02
9.672228e-02,2.849709e-03,1.933328e-02,1.213593e-02,5.418082e-03,9.631315e-02,1.105829e-02,1.258028e-02,1.623670e-02,1.037389e-02,1.047320e-01,4.578297e-01,3.398032e-02,1.006370e-01,1.979945e-02
6.773431e-02,2.021094e-03,1.354741e-02,8.548598e-03,3.901340e-03,6.754772e-02,7.768550e-03,8.924771e-03,1.903874e-02,7.570121e-03,8.681267e-02,5.838931e-01,2.687785e-02,8.181864e-02,1.399511e-02
4.770217e-02,1.491147e-03,9.626998e-03,6.492137e-03,2.984555e-03,4.786283e-02,5.478679e-03,6.439486e-03,6.860228e-02,8.221397e-03,7.713958e-02,5.995874e-01,2.175452e-02,8.623930e-02,1.037752e-02
3.647231e-02,1.190247e-03,6.994799e-03,6.687446e-03,2.942700e-03,3.625718e-02,3.958008e-03,5.258819e-03,1.361178e-01,1.422126e-02,9.443758e-02,4.983647e-01,1.867524e-02,1.265555e-01,1.186640e-02
2.711422e-02,1.573005e-03,1.135472e-02,7.943363e-03,6.235917e-03,2.852572e-02,3.254828e-03,8.305830e-03,2.074774e-01,2.240707e-02,1.337253e-01,3.764180e-01,1.516013e-02,1.375779e-01,1.292660e-02
1.939495e-02,2.064681e-03,8.898309e-03,6.272039e-03,8.083242e-03,2.044586e-02,2.334857e-03,5.952755e-03,1.730100e-01,1.772022e-02,1.800088e-01,2.779154e-01,1.190084e-02,2.559344e-01,1.006364e-02
1.380435e-02,2.355931e-03,7.790034e-03,4.600984e-03,7.535452e-03,1.486337e-02,1.663187e-03,4.240151e-03,1.779442e-01,1.379582e-02,1.652009e-01,2.110583e-01,9.502804e-03,3.583371e-01,7.307402e-03
9.874039e-03,2.093837e-03,5.932678e-03,3.796994e-03,6.329349e-03,1.181763e-02,1.207738e-03,3.129182e-03,1.516477e-01,1.115296e-02,1.939860e-01,1.493749e-01,7.094420e-03,4.368528e-01,5.709805e-03
7.132044e-03,1.692121e-03,4.538424e-03,2.979503e-03,4.847881e-03,8.838304e-03,8.621075e-04,2.308499e-03,1.205119e-01,8.680175e-03,1.956270e-01,1.057920e-01,5.245547e-03,5.266042e-01,4.340295e-03
5.658830e-03,3.742428e-03,1.697811e-02,4.170567e-03,4.729572e-03,8.759293e-03,6.700095e-04,2.867804e-03,9.673698e-02,7.616758e-03,2.001141e-01,7.457750e-02,4.256917e-03,5.646737e-01,4.447377e-03
5.236242e-03,3.502430e-03,1.527788e-02,3.836663e-03,3.614465e-03,7.491604e-03,4.887054e-04,2.977794e-03,9.556326e-02,6.142654e-03,1.545670e-01,5.262084e-02,3.611280e-03,6.411554e-01,3.913837e-03
7.573878e-03,3.459940e-03,2.053797e-02,7.560289e-03,5.554844e-03,7.786259e-03,4.171676e-04,6.042172e-03,8.156527e-02,6.329238e-03,1.205155e-01,3.710687e-02,3.818271e-03,6.881279e-01,3.604422e-03
8.801140e-03,3.000009e-03,1.868309e-02,6.241421e-03,6.111425e-03,7.731619e-03,3.408247e-04,5.692819e-03,6.328952e-02,4.703558e-03,8.602817e-02,2.601118e-02,2.796528e-03,7.575040e-01,3.064688e-03
1.409336e-02,3.237029e-03,2.213761e-02,5.936617e-03,1.196760e-02,1.223800e-02,3.191533e-04,5.476883e-03,5.518465e-02,4.572545e-03,6.571908e-02,1.839051e-02,2.321978e-03,7.753125e-01,3.092383e-03
1.977165e-02,4.491486e-03,1.710322e-02,4.600822e-03,1.137989e-02,1.323402e-02,2.971286e-04,4.591999e-03,5.065501e-02,3.884137e-03,5.588172e-02,1.304904e-02,1.819012e-03,7.946491e-01,4.591682e-03
2.392053e-02,3.935630e-03,2.878277e-02,5.624667e-03,9.424613e-03,1.188957e-02,3.529595e-04,7.159483e-03,5.337811e-02,3.054204e-03,4.373514e-02,9.392636e-03,1.592135e-03,7.932065e-01,4.551009e-03
2.925716e-02,4.237141e-03,3.604084e-02,6.039402e-03,9.570113e-03,1.170767e-02,4.655958e-04,9.189472e-03,5.022639e-02,2.577235e-03,4.103056e-02,6.888061e-03,1.564681e-03,7.872567e-01,3.949001e-03
4.251969e-02,4.043320e-03,4.274791e-02,7.651813e-03,8.243445e-03,1.550031e-02,5.998972e-04,1.133531e-02,5.079522e-02,2.121277e-03,3.739453e-02,5.313150e-03,1.590895e-03,7.664382e-01,3.705068e-03
4.938179e-02,6.003995e-03,3.372227e-02,6.518723e-03,1.034203e-02,1.267937e-02,4.989745e-04,1.727783e-02,7.458842e-02,3.581247e-03,3.725597e-02,4.288878e-03,2.050318e-03,7.343449e-01,7.465261e-03
4.567153e-02,6.625985e-03,3.434940e-02,9.216042e-03,9.131569e-03,1.181860e-02,8.081268e-04,6.356322e-02,1.337273e-01,3.320126e-03,3.647557e-02,3.282875e-03,1.802940e-03,6.337997e-01,6.406938e-03
5.718152e-02,9.776210e-03,3.000468e-02,1.218879e-02,7.983741e-03,1.366336e-02,8.115098e-04,6.086253e-02,1.856990e-01,3.465495e-03,4.468103e-02,3.036109e-03,1.915158e-03,5.618657e-01,6.865149e-03
6.514916e-02,1.465607e-02,2.550834e-02,1.214513e-02,7.926164e-03,1.475514e-02,8.331881e-04,5.573078e-02,2.139766e-01,4.743288e-03,4.269896e-02,2.333968e-03,2.012198e-03,5.271558e-01,1.037526e-02
1.013442e-01,2.004276e-02,2.092929e-02,1.170092e-02,7.514301e-03,1.579163e-02,7.719337e-04,5.388311e-02,2.337248e-01,2.185169e-02,3.477178e-02,2.601736e-03,2.825106e-03,4.155897e-01,5.665720e-02
1.139985e-01,1.737023e-02,1.743573e-02,1.138139e-02,9.648533e-03,1.862311e-02,6.453956e-04,5.441283e-02,3.190517e-01,3.332917e-02,3.091414e-02,2.204816e-03,2.552483e-03,3.128952e-01,5.553673e-02
1.057834e-01,3.110212e-02,1.284032e-02,8.672485e-03,8.217961e-03,1.567993e-02,5.891997e-04,4.820731e-02,3.705971e-01,3.915890e-02,2.405745e-02,1.924685e-03,2.727987e-03,2.652981e-01,6.514301e-02
8.091683e-02,2.896152e-02,1.000276e-02,7.715173e-03,5.918655e-03,1.198540e-02,6.216731e-04,3.395489e-02,3.536244e-01,6.159594e-02,1.966304e-02,2.537099e-03,4.767938e-03,2.367314e-01,1.410031e-01
5.716243e-02,2.125548e-02,7.590580e-03,5.526674e-03,4.181131e-03,8.896319e-03,4.576559e-04,2.378043e-02,2.605300e-01,4.889770e-02,1.455939e-02,2.075878e-03,3.506392e-03,3.539071e-01,1.876728e-01
4.348958e-02,1.762987e-02,5.554209e-03,4.435948e-03,3.020016e-03,6.667371e-03,4.451745e-04,1.672974e-02,1.915298e-01,3.740118e-02,1.431245e-02,3.497587e-03,3.068097e-03,4.439203e-01,2.082987e-01
3.157134e-02,1.314805e-02,3.943531e-03,3.203992e-03,2.160406e-03,4.815458e-03,3.333145e-04,1.173909e-02,1.362587e-01,2.690238e-02,1.080160e-02,2.802903e-03,2.471466e-03,5.928788e-01,1.569689e-01
2.642840e-02,1.097320e-02,2.861748e-03,2.432660e-03,1.607253e-03,4.657474e-03,4.250292e-04,8.310354e-03,1.008553e-01,2.023721e-02,9.982321e-03,2.595085e-03,2.338360e-03,6.736538e-01,1.326417e-01
2.095653e-02,9.377616e-03,2.297715e-03,1.882303e-03,1.235585e-03,7.582108e-03,3.826853e-04,5.860987e-03,7.796302e-02,1.548853e-02,7.908927e-03,1.980732e-03,1.852967e-03,7.324502e-01,1.127800e-01
1.674935e-02,7.416806e-03,1.740237e-03,1.417044e-03,1.023327e-03,6.135745e-03,3.040859e-04,4.131344e-03,7.001624e-02,1.270913e-02,6.503061e-03,1.491723e-03,1.600250e-03,7.737759e-01,9.498575e-02
1.899686e-02,6.659240e-03,1.425443e-03,1.152374e-03,1.253664e-03,4.795224e-03,2.750778e-04,2.951926e-03,8.531125e-02,1.364837e-02,8.598329e-03,1.380386e-03,2.432504e-03,7.552088e-01,9.591042e-02
1.488986e-02,5.642751e-03,1.280976e-03,8.587328e-04,1.195317e-03,3.536582e-03,2.352509e-04,2.077474e-03,9.307662e-02,1.629439e-02,7.490490e-03,1.063635e-03,2.336316e-03,7.599807e-01,9.004086e-02
1.225508e-02,5.109253e-03,3.107275e-03,7.813546e-04,1.508973e-03,2.746524e-03,2.264254e-04,1.463798e-03,1.406583e-01,2.600410e-02,1.251290e-02,9.434816e-04,2.937384e-03,7.096231e-01,8.012192e-02
1.007651e-02,4.133736e-03,2.663730e-03,1.031412e-03,1.760277e-03,3.336133e-03,3.532888e-04,1.146608e-03,1.372567e-01,2.969792e-02,2.384381e-02,2.216852e-03,8.324082e-03,6.792109e-01,9.494802e-02
9.787832e-03,3.818150e-03,5.354423e-03,1.268982e-03,2.364282e-03,3.061245e-03,5.701676e-04,1.351885e-03,1.761771e-01,5.367309e-02,2.577725e-02,1.838675e-03,7.252045e-03,6.199707e-01,8.773410e-02
1.831308e-02,3.453572e-03,1.813514e-02,1.528808e-03,5.754557e-03,4.005803e-03,7.646340e-04,4.824278e-03,1.737370e-01,8.312254e-02,3.005470e-02,3.070821e-03,8.880294e-03,5.354451e-01,1.089096e-01
1.688173e-02,2.618372e-03,1.474292e-02,1.144988e-03,4.755295e-03,3.061637e-03,5.676381e-04,3.580657e-03,1.445275e-01,8.377475e-02,2.326079e-02,2.398793e-03,6.824445e-03,5.757705e-01,1.160900e-01
1.818631e-02,3.528282e-03,1.549440e-02,9.544101e-04,4.667765e-03,3.022244e-03,4.921298e-04,3.476511e-03,1.576220e-01,9.545232e-02,2.663185e-02,2.293857e-03,6.134335e-03,4.951101e-01,1.669335e-01
1.918386e-02,1.912147e-02,4.036165e-02,1.879189e-03,1.207740e-02,1.351398e-02,1.241003e-03,2.215322e-02,1.409095e-01,1.014581e-01,3.407912e-02,2.102103e-03,5.951281e-03,4.435967e-01,1.423714e-01
1.847490e-02,3.026371e-02,5.913747e-02,2.110121e-03,2.114387e-02,1.362709e-02,1.366498e-03,2.511887e-02,1.402550e-01,1.578764e-01,3.084307e-02,1.663572e-03,4.626289e-03,3.757591e-01,1.177339e-01
1.771780e-02,7.848097e-02,6.044662e-02,2.838104e-03,2.024563e-02,1.639779e-02,1.703093e-03,2.218565e-02,1.409509e-01,1.630101e-01,4.991896e-02,2.468030e-03,8.126870e-03,3.244234e-01,9.108597e-02
1.332247e-02,5.931218e-02,5.318852e-02,2.606616e-03,2.201706e-02,1.564183e-02,1.443976e-03,1.602235e-02,1.140461e-01,3.191694e-01,4.035167e-02,3.255733e-03,1.425957e-02,2.536676e-01,7.169487e-02
1.260188e-02,4.721650e-02,4.157910e-02,8.649464e-03,6.401363e-02,1.754135e-02,1.749444e-03,1.570879e-02,1.306189e-01,3.210851e-01,4.982284e-02,6.667182e-03,4.001345e-02,1.871831e-01,5.554919e-02
1.179315e-02,4.485150e-02,2.988802e-02,1.207977e-02,4.824665e-02,2.149771e-02,2.468722e-03,1.301199e-02,2.618492e-01,2.540906e-01,4.289399e-02,1.316558e-02,6.688700e-02,1.332287e-01,4.404738e-02
9.167496e-03,4.957510e-02,2.332001e-02,1.838885e-02,3.609609e-02,2.719691e-02,2.110739e-03,1.010447e-02,3.282467e-01,2.138046e-01,4.130960e-02,1.689434e-02,9.278864e-02,9.443239e-02,3.656416e-02
8.406528e-03,5.439628e-02,1.728404e-02,1.677060e-02,2.762262e-02,4.143969e-02,1.917315e-03,8.418459e-03,4.003688e-01,1.550594e-01,3.431910e-02,2.181165e-02,1.115518e-01,6.878898e-02,3.184483e-02
8.250708e-03,5.209143e-02,1.277828e-02,1.808007e-02,2.098227e-02,5.596677e-02,2.105820e-03,6.429698e-03,4.337437e-01,1.148090e-01,3.089753e-02,3.180042e-02,1.323068e-01,5.372329e-02,2.603423e-02
7.349227e-03,7.896304e-02,9.411122e-03,2.171892e-02,1.883078e-02,6.438485e-02,2.030363e-03,5.726094e-03,4.907187e-01,8.129462e-02,2.348348e-02,2.597555e-02,1.121702e-01,3.773781e-02,2.020524e-02
8.902410e-03,7.815639e-02,7.178371e-03,2.235773e-02,1.516272e-02,6.190931e-02,1.768323e-03,5.103434e-03,4.296055e-01,5.836887e-02,2.404753e-02,2.943421e-02,2.110751e-01,2.895541e-02,1.797465e-02
7.940703e-03,1.026277e-01,6.748826e-03,3.037431e-02,1.290336e-02,6.551383e-02,1.611874e-03,4.273881e-03,3.894551e-01,4.298432e-02,2.671322e-02,3.369298e-02,2.310178e-01,2.332127e-02,2.082079e-02
1.817894e-02,8.783181e-02,9.320701e-03,3.584681e-02,1.153115e-02,5.730537e-02,1.866702e-03,3.576071e-03,2.938044e-01,3.204931e-02,2.730703e-02,7.735220e-02,3.066865e-01,1.795134e-02,1.939168e-02
2.052685e-02,7.241218e-02,9.906101e-03,3.737797e-02,1.565837e-02,4.935362e-02,1.671427e-03,3.404211e-03,2.290426e-01,2.310732e-02,3.935218e-02,1.476604e-01,3.152829e-01,1.585842e-02,1.938539e-02
2.301315e-02,5.588315e-02,9.515538e-03,3.081293e-02,1.273072e-02,4.370903e-02,1.934109e-03,4.143409e-03,1.754640e-01,1.852074e-02,4.830294e-02,1.773448e-01,3.603517e-01,1.886799e-02,1.940583e-02
2.108495e-02,4.375375e-02,9.175670e-03,2.285000e-02,1.009546e-02,3.595635e-02,1.966516e-03,3.714325e-03,1.351513e-01,1.699616e-02,4.417218e-02,2.345895e-01,3.864186e-01,1.614725e-02,1.792797e-02
1.877858e-02,3.196296e-02,9.496206e-03,1.759423e-02,7.712806e-03,9.190872e-02,1.799672e-03,3.176352e-03,9.913329e-02,1.751972e-02,3.877919e-02,2.430793e-01,3.875659e-01,1.544739e-02,1.604563e-02
1.895483e-02,2.309146e-02,1.055736e-02,1.358605e-02,1.196053e-02,7.282301e-02,2.350233e-03,1.143620e-02,7.916816e-02,2.160905e-02,3.710439e-02,2.379794e-01,4.296168e-01,1.413956e-02,1.562298e-02
1.748847e-02,1.770733e-02,1.097480e-02,1.140792e-02,1.629517e-02,5.464681e-02,2.318153e-03,1.464492e-02,6.793576e-02,2.722442e-02,3.988316e-02,2.331301e-01,4.564297e-01,1.192830e-02,1.798502e-02
1.475570e-02,1.443242e-02,1.913900e-02,8.624714e-03,1.318050e-02,4.016867e-02,2.174040e-03,1.130819e-02,5.098578e-02,7.945117e-02,3.917198e-02,1.897161e-01,4.860207e-01,1.081111e-02,2.005987e-02
1.360454e-02,1.086944e-02,1.770900e-02,6.690022e-03,1.199935e-02,2.943994e-02,1.964752e-03,1.057203e-02,3.943441e-02,1.351504e-01,4.592760e-02,1.570361e-01,4.886692e-01,1.175676e-02,1.917650e-02
1.463727e-02,8.085135e-03,1.614646e-02,5.758856e-03,1.155251e-02,2.405285e-02,1.720081e-03,1.168981e-02,3.071082e-02,1.687395e-01,5.159753e-02,1.614845e-01,4.608781e-01,1.367660e-02,1.926992e-02
2.758905e-02,6.271542e-03,1.226323e-02,6.076048e-03,1.206872e-02,1.783959e-02,1.407170e-03,1.028023e-02,2.648585e-02,1.851531e-01,5.402007e-02,1.921438e-01,4.182204e-01,1.177709e-02,1.840407e-02
2.841917e-02,4.735407e-03,8.789788e-03,5.844818e-03,1.056445e-02,1.522196e-02,1.179490e-03,8.885490e-03,2.190961e-02,2.188123e-01,7.742739e-02,2.288450e-01,3.419366e-01,9.121347e-03,1.830717e-02
2.319082e-02,3.514719e-03,6.269361e-03,5.116857e-03,8.177993e-03,1.130401e-02,8.815289e-04,6.745928e-03,1.711170e-02,2.716035e-01,8.740057e-02,2.764583e-01,2.615027e-01,6.800331e-03,1.392178e-02
1.952263e-02,2.629290e-03,4.496908e-03,4.030153e-03,6.232874e-03,9.088187e-03,7.219206e-04,5.206882e-03,1.429162e-02,2.700590e-01,8.541819e-02,3.714358e-01,1.914638e-01,5.030347e-03,1.037235e-02
1.629617e-02,1.983322e-03,3.226757e-03,3.619563e-03,4.908160e-03,7.216905e-03,5.868361e-04,3.796966e-03,1.244027e-02,2.353687e-01,8.774491e-02,4.701608e-01,1.413572e-01,3.754692e-03,7.538731e-03
1.203133e-02,1.807696e-03,2.700780e-03,3.675052e-03,1.303142e-02,5.438963e-03,9.060747e-04,3.299634e-03,1.490715e-02,1.719468e-01,8.486482e-02,5.742312e-01,1.029526e-01,2.778304e-03,5.428160e-03
9.301260e-03,3.038556e-03,7.035094e-03,3.112826e-03,3.911226e-02,4.328030e-03,1.002517e-03,3.165864e-03,3.329896e-02,1.267373e-01,9.082802e-02,5.957648e-01,7.710932e-02,2.155172e-03,4.010031e-03
7.461731e-03,2.857527e-03,2.067010e-02,2.720807e-03,5.595659e-02,3.408091e-03,9.664377e-04,5.710492e-03,3.506530e-02,1.197612e-01,9.466845e-02,5.839028e-01,6.123616e-02,2.651651e-03,2.962642e-03
1.267890e-02,2.951331e-03,2.750843e-02,2.578349e-03,1.004512e-01,3.961458e-03,1.781351e-03,1.257898e-02,3.209964e-02,1.463580e-01,8.520056e-02,5.117707e-01,5.289822e-02,4.970553e-03,2.212395e-03
1.274827e-02,2.704223e-03,2.605694e-02,2.184818e-03,1.160580e-01,4.415316e-03,2.538094e-03,1.550383e-02,3.116714e-02,1.815862e-01,7.561432e-02,4.785029e-01,4.393386e-02,5.297445e-03,1.688774e-03
1.866051e-02,2.531889e-03,4.552752e-02,2.195526e-03,1.248906e-01,1.822787e-02,4.810527e-03,2.950040e-02,2.982770e-02,1.428837e-01,7.813124e-02,4.572714e-01,3.741316e-02,6.614377e-03,1.513637e-03
1.915708e-02,2.020514e-03,3.891738e-02,1.921371e-03,1.830149e-01,3.860686e-02,1.345946e-02,3.651768e-02,3.088051e-02,1.169961e-01,8.100376e-02,3.944483e-01,3.598435e-02,5.934932e-03,1.136834e-03
1.964462e-02,1.752373e-03,3.475375e-02,2.144021e-03,2.530080e-01,3.025928e-02,1.396465e-02,1.063353e-01,3.657180e-02,8.965105e-02,6.351572e-02,3.080335e-01,3.304702e-02,6.306160e-03,1.012761e-03
3.574488e-02,2.012458e-03,3.526852e-02,4.966438e-03,3.305738e-01,3.358378e-02,1.951742e-02,1.051269e-01,4.040218e-02,8.772828e-02,4.805949e-02,2.224612e-01,2.811614e-02,5.279984e-03,1.158579e-03
3.728496e-02,2.554131e-03,2.828169e-02,5.470709e-03,4.213527e-01,4.241882e-02,2.008208e-02,8.691075e-02,3.961837e-02,9.022781e-02,3.788385e-02,1.602174e-01,2.156154e-02,5.107600e-03,1.027624e-03
4.852040e-02,4.589695e-03,2.605086e-02,1.983444e-02,4.335238e-01,4.728539e-02,2.369737e-02,6.532151e-02,4.685114e-02,1.204956e-01,2.852676e-02,1.132742e-01,1.595350e-02,4.831170e-03,1.244298e-03
6.334224e-02,4.501968e-03,1.962954e-02,2.580035e-02,4.425862e-01,3.982333e-02,2.343534e-02,5.045813e-02,6.154247e-02,1.470897e-01,2.183722e-02,8.186513e-02,1.215229e-02,4.621148e-03,1.315006e-03
9.338585e-02,7.062010e-03,1.656128e-02,4.608800e-02,3.946945e-01,3.446608e-02,2.485071e-02,4.239324e-02,9.134195e-02,1.437315e-01,2.098864e-02,6.556953e-02,1.072134e-02,4.480732e-03,3.664723e-03
1.504377e-01,1.109967e-02,1.718689e-02,6.742402e-02,3.575345e-01,2.980804e-02,2.160509e-02,3.165118e-02,8.451226e-02,1.362231e-01,2.001969e-02,5.134911e-02,1.057245e-02,4.643063e-03,5.933270e-03
1.239330e-01,8.875869e-03,1.253574e-02,4.917036e-02,3.153564e-01,2.205768e-01,1.693363e-02,2.247167e-02,6.066438e-02,9.861108e-02,1.703825e-02,3.775965e-02,7.922708e-03,3.516277e-03,4.634297e-03
1.032189e-01,6.473878e-03,9.514932e-03,3.638828e-02,2.697909e-01,3.532220e-01,1.497600e-02,3.663107e-02,4.290491e-02,7.501405e-02,1.267815e-02,2.689156e-02,5.935648e-03,2.696157e-03,3.663644e-03
8.164286e-02,4.805390e-03,7.677784e-03,2.767685e-02,2.270736e-01,4.334045e-01,1.283432e-02,7.044115e-02,3.019737e-02,6.634961e-02,9.405041e-03,1.925696e-02,4.377854e-03,1.991426e-03,2.865330e-03
6.723832e-02,3.572900e-03,8.749692e-03,2.171351e-02,1.747328e-01,3.801001e-01,1.916347e-02,1.871785e-01,2.216110e-02,8.261040e-02,8.262329e-03,1.382072e-02,3.713156e-03,1.770571e-03,5.212380e-03
5.897381e-02,3.270391e-03,1.820247e-02,1.899786e-02,1.464772e-01,3.071479e-01,1.839847e-02,2.266218e-01,1.624140e-02,1.602238e-01,6.345478e-03,9.874376e-03,2.878182e-03,1.547743e-03,4.799197e-03
4.732544e-02,2.771054e-03,2.202129e-02,1.412180e-02,1.057789e-01,2.697057e-01,1.413360e-02,2.602817e-01,1.264671e-02,2.282348e-01,5.606617e-03,7.065846e-03,2.253216e-03,2.384240e-03,5.669118e-03
3.592942e-02,4.799580e-03,2.021843e-02,1.117120e-02,7.501201e-02,2.261813e-01,1.064590e-02,1.991539e-01,1.520977e-02,3.733726e-01,5.962413e-03,5.580896e-03,1.895407e-03,5.350458e-03,9.516602e-03
3.498232e-02,4.565500e-03,1.722830e-02,8.628451e-03,5.322360e-02,1.678818e-01,7.793904e-03,1.664136e-01,6.675924e-02,3.841814e-01,4.008548e-02,6.091571e-03,4.660272e-03,1.519302e-02,2.231153e-02
2.717804e-02,4.384427e-03,1.298884e-02,6.156076e-03,3.810092e-02,1.187439e-01,5.517734e-03,1.170919e-01,1.916096e-01,3.846167e-01,4.265059e-02,4.368443e-03,3.731171e-03,1.249317e-02,3.036841e-02
2.109785e-02,4.875223e-03,9.679620e-03,4.776890e-03,2.746078e-02,8.445855e-02,3.931888e-03,8.256032e-02,3.958732e-01,2.882150e-01,3.034326e-02,3.140036e-03,3.017852e-03,9.855358e-03,3.071416e-02
1.659477e-02,6.140592e-03,1.067785e-02,3.819022e-03,1.978974e-02,6.547734e-02,2.874708e-03,5.795712e-02,4.803916e-01,2.591351e-01,2.214238e-02,2.411020e-03,2.592540e-03,1.258639e-02,3.740980e-02
6.832524e-02,9.936152e-03,1.201485e-02,4.559353e-03,1.810789e-02,9.374036e-02,3.273118e-03,4.297384e-02,4.133149e-01,1.961318e-01,1.840318e-02,3.520106e-03,3.624205e-03,3.288597e-02,7.918903e-02
9.096599e-02,2.752484e-02,1.014521e-02,5.757768e-03,1.414421e-02,6.977255e-02,2.489536e-03,3.053357e-02,4.310055e-01,1.471911e-01,1.933631e-02,4.911043e-03,7.902863e-03,4.990305e-02,8.841644e-02
9.181798e-02,4.886404e-02,4.277083e-02,2.252766e-02,1.068935e-02,5.299263e-02,2.031732e-03,2.173108e-02,4.350979e-01,1.071612e-01,1.592621e-02,8.220135e-03,8.705420e-03,4.192143e-02,8.954233e-02
6.645462e-02,4.102647e-02,3.848065e-02,1.741840e-02,7.569613e-03,3.732405e-02,1.456889e-03,1.525582e-02,3.800537e-01,8.222239e-02,1.165022e-02,1.087093e-02,9.456238e-03,3.523578e-02,2.455242e-01
7.660547e-02,4.299514e-02,3.065407e-02,1.440959e-02,5.809121e-03,2.976797e-02,1.226697e-03,1.090476e-02,2.980869e-01,6.346925e-02,1.195263e-02,9.695426e-03,1.109727e-02,5.614221e-02,3.371834e-01
7.689929e-02,7.392424e-02,2.363443e-02,1.618651e-02,4.804017e-03,2.487231e-02,9.760452e-04,7.938019e-03,2.461594e-01,4.923960e-02,1.844178e-02,8.137539e-03,1.844979e-02,6.258106e-02,3.677559e-01
5.951021e-02,8.009227e-02,1.785711e-02,1.338234e-02,3.674267e-03,1.827383e-02,7.398980e-04,5.713186e-03,2.086045e-01,4.447065e-02,1.889099e-02,7.428891e-03,1.857348e-02,5.861443e-02,4.441739e-01
6.143536e-02,7.010527e-02,1.375353e-02,1.136676e-02,2.956084e-03,1.348219e-02,5.946645e-04,4.458431e-03,1.569481e-01,3.549471e-02,2.199248e-02,8.988373e-03,2.179313e-02,4.490879e-02,5.317221e-01
4.614022e-02,1.119054e-01,1.560258e-02,1.227206e-02,4.196556e-03,1.005925e-02,5.087069e-04,3.519756e-03,1.164652e-01,2.572417e-02,1.974158e-02,1.374144e-02,2.501787e-02,3.292633e-02,5.621789e-01
4.927899e-02,1.052476e-01,2.106942e-02,2.610495e-02,6.270626e-03,1.127097e-02,7.844733e-04,3.618665e-03,9.859270e-02,1.918573e-02,2.367153e-02,1.544058e-02,3.833740e-02,2.772123e-02,5.534052e-01
5.163857e-02,9.560797e-02,2.554636e-02,7.335791e-02,1.159547e-02,1.561733e-02,1.273675e-03,5.454520e-03,1.359543e-01,1.485350e-02,3.145989e-02,3.316657e-02,5.430635e-02,2.130625e-02,4.288613e-01
5.959650e-02,9.323879e-02,2.549930e-02,6.582881e-02,1.315616e-02,2.002306e-02,1.808862e-03,5.592672e-03,2.035077e-01,1.532890e-02,2.738298e-02,3.136156e-02,5.626009e-02,1.710398e-02,3.643107e-01
4.553943e-02,8.249357e-02,2.635275e-02,9.227896e-02,1.056517e-02,2.765416e-02,1.542903e-03,4.232920e-03,2.608898e-01,1.382292e-02,3.210317e-02,3.910052e-02,6.410331e-02,1.401478e-02,2.853057e-01
8.085155e-02,6.776914e-02,2.381767e-02,7.879383e-02,9.740017e-03,3.171007e-02,1.690661e-03,5.451559e-03,2.852690e-01,1.378207e-02,4.202980e-02,5.608159e-02,7.335465e-02,1.774007e-02,2.119184e-01
1.760721e-01,5.194295e-02,2.114015e-02,6.499209e-02,1.008214e-02,3.011246e-02,1.808609e-03,5.439995e-03,2.263766e-01,1.277510e-02,4.339666e-02,5.996347e-02,9.041795e-02,2.665351e-02,1.788262e-01
2.139557e-01,3.831165e-02,1.622491e-02,5.115046e-02,1.751140e-02,2.383926e-02,1.837608e-03,5.993109e-03,1.815512e-01,1.147952e-02,6.112039e-02,8.954110e-02,1.092209e-01,3.500858e-02,1.432542e-01
2.252704e-01,2.783133e-02,1.234763e-02,3.989861e-02,2.613739e-02,1.956281e-02,1.993306e-03,8.069998e-03,1.462083e-01,1.017565e-02,7.446571e-02,9.149870e-02,1.597024e-01,4.741867e-02,1.094191e-01
2.430429e-01,2.371292e-02,9.599352e-03,3.348298e-02,2.731374e-02,2.086637e-02,3.391701e-03,1.119836e-02,1.076687e-01,9.456418e-03,6.934971e-02,9.763138e-02,2.120289e-01,4.940728e-02,8.184937e-02
2.087145e-01,2.062987e-02,7.245467e-03,2.681668e-02,2.100424e-02,1.749915e-02,3.041357e-03,8.567270e-03,7.776496e-02,1.440157e-02,6.474832e-02,1.377368e-01,2.783130e-01,5.416895e-02,5.934789e-02
2.879792e-01,1.818346e-02,6.656032e-03,2.018644e-02,1.575939e-02,1.641880e-02,3.389413e-03,7.779499e-03,5.719756e-02,1.165522e-02,5.169535e-02,1.543522e-01,2.327179e-01,6.784023e-02,4.818935e-02
3.525003e-01,1.806520e-02,7.423851e-03,1.757977e-02,1.562700e-02,1.486758e-02,3.930890e-03,7.418144e-03,4.428769e-02,1.278209e-02,5.295882e-02,1.333901e-01,2.225953e-01,6.015889e-02,3.641432e-02
2.887971e-01,1.747216e-02,6.225835e-03,1.403915e-02,1.578085e-02,1.631933e-02,3.801139e-03,5.763946e-03,3.553326e-02,2.162105e-02,5.215289e-02,1.999473e-01,2.467680e-01,4.890366e-02,2.687435e-02
2.079351e-01,2.230676e-02,5.150456e-03,1.249134e-02,1.252306e-02,1.265147e-02,3.135544e-03,4.109910e-03,2.682340e-02,9.922969e-02,4.145640e-02,2.956930e-01,2.008020e-01,3.581591e-02,1.987594e-02
1.541750e-01,1.598272e-02,3.990219e-03,1.054391e-02,1.124909e-02,1.588081e-02,2.660392e-03,3.602134e-03,2.609462e-02,1.701021e-01,5.025090e-02,3.392012e-01,1.542651e-01,2.734569e-02,1.465614e-02
1.084526e-01,1.158496e-02,3.318715e-03,7.830189e-03,1.225006e-02,1.172202e-02,1.925916e-03,2.640208e-03,2.721569e-02,2.244920e-01,4.430600e-02,3.836734e-01,1.286204e-01,2.139877e-02,1.056910e-02
7.621055e-02,8.561329e-03,2.883954e-03,5.945032e-03,9.791221e-03,8.715822e-03,1.376214e-03,2.360921e-03,3.398292e-02,2.337867e-01,4.860421e-02,4.371828e-01,1.068712e-01,1.617542e-02,7.551659e-03
5.375526e-02,6.319494e-03,2.483903e-03,4.531674e-03,7.729776e-03,6.702967e-03,1.012490e-03,2.593188e-03,3.034027e-02,2.403895e-01,5.834555e-02,4.760344e-01,9.159452e-02,1.277947e-02,5.387505e-03
3.901510e-02,4.624527e-03,2.164105e-03,4.197199e-03,8.882029e-03,5.447905e-03,8.288767e-04,3.342570e-03,2.700026e-02,2.738940e-01,5.668164e-02,4.858137e-01,7.385954e-02,1.036019e-02,3.888391e-03
2.846513e-02,3.748124e-03,3.398657e-03,3.882731e-03,1.469547e-02,4.128740e-03,6.464740e-04,4.998810e-03,3.620164e-02,2.446052e-01,5.663821e-02,5.256548e-01,6.065257e-02,9.338704e-03,2.944746e-03
2.099891e-02,3.150034e-03,4.401349e-03,3.405369e-03,1.592292e-02,3.209888e-03,5.349323e-04,8.165294e-03,4.117429e-02,2.550526e-01,5.096500e-02,5.297579e-01,5.205427e-02,9.029573e-03,2.177702e-03
1.680172e-02,2.694489e-03,4.958158e-03,6.505289e-03,2.016229e-02,4.283891e-03,5.129088e-04,1.049987e-02,4.352716e-02,2.541183e-01,5.796777e-02,5.196540e-01,4.502925e-02,1.145155e-02,1.833297e-03
1.334897e-02,2.824441e-03,5.550992e-03,9.807494e-03,5.352309e-02,4.339591e-03,1.295344e-03,1.488475e-02,5.411744e-02,2.116263e-01,6.536956e-02,5.166194e-01,3.534063e-02,9.879846e-03,1.472194e-03
1.342121e-02,2.835667e-03,7.166165e-03,9.203019e-03,7.592521e-02,6.766130e-03,2.229840e-03,3.063488e-02,6.679786e-02,1.554039e-01,8.331877e-02,4.990935e-01,3.396117e-02,1.141591e-02,1.826723e-03
1.182145e-02,2.435457e-03,6.957858e-03,7.894195e-03,9.863327e-02,6.958000e-03,3.608461e-03,4.391995e-02,8.472372e-02,1.141768e-01,8.937785e-02,4.709757e-01,4.601083e-02,1.035315e-02,2.153329e-03
9.867996e-03,1.927471e-03,6.234081e-03,6.728760e-03,1.172115e-01,5.785536e-03,3.631501e-03,8.340722e-02,1.341265e-01,8.186059e-02,8.626149e-02,4.119194e-01,4.165261e-02,7.757104e-03,1.628351e-03
8.020927e-03,1.550364e-03,5.321907e-03,5.868737e-03,1.027281e-01,4.934684e-03,2.986714e-03,1.189911e-01,2.847050e-01,5.748709e-02,6.713128e-02,3.020741e-01,3.153335e-02,5.501335e-03,1.165215e-03
5.791998e-03,1.364607e-03,3.957389e-03,4.881296e-03,9.196208e-02,4.956734e-03,2.278755e-03,8.384823e-02,4.718536e-01,4.032892e-02,4.792040e-02,2.137239e-01,2.237970e-02,3.889054e-03,8.632959e-04
4.406430e-03,2.359121e-03,3.163727e-03,7.139381e-03,7.323488e-02,4.634934e-03,1.674428e-03,5.906802e-02,6.089416e-01,2.856411e-02,3.508880e-02,1.511472e-01,1.688008e-02,2.764070e-03,9.332383e-04
6.824676e-03,2.282838e-03,3.200182e-03,8.785629e-03,9.538551e-02,9.483812e-03,1.867639e-03,4.381965e-02,6.611941e-01,2.022647e-02,2.526744e-02,1.061460e-01,1.223429e-02,2.030237e-03,1.251516e-03
1.573912e-02,3.618481e-03,2.972067e-03,9.100070e-03,1.413792e-01,7.947104e-03,2.236435e-03,3.196379e-02,6.655372e-01,1.442389e-02,1.811158e-02,7.451249e-02,8.747800e-03,1.525247e-03,2.185493e-03
4.257643e-02,8.865824e-03,3.226799e-03,2.092155e-02,2.423979e-01,7.345576e-03,3.260896e-03,2.527227e-02,5.596350e-01,1.027713e-02,1.376919e-02,5.255244e-02,6.506680e-03,1.139366e-03,2.252924e-03
4.759714e-02,1.824696e-02,4.882210e-03,6.552482e-02,3.345340e-01,9.072853e-03,4.623917e-03,2.155284e-02,4.302996e-01,7.398230e-03,1.033041e-02,3.711494e-02,4.971032e-03,8.428290e-04,3.008312e-03
5.269921e-02,1.599977e-02,2.559506e-02,1.211955e-01,3.388395e-01,7.491104e-03,3.855691e-03,3.266479e-02,3.539415e-01,6.252790e-03,7.689529e-03,2.624044e-02,3.675812e-03,6.545467e-04,3.204820e-03
3.700051e-02,1.180750e-02,2.548971e-02,2.946216e-01,2.400420e-01,5.390079e-03,2.741284e-03,2.307466e-02,2.483899e-01,4.719950e-03,7.900783e-02,2.056952e-02,4.138273e-03,6.761239e-04,2.331143e-03
2.591929e-02,8.578506e-03,1.992451e-02,4.293649e-01,1.716629e-01,4.050095e-03,1.937307e-03,1.644855e-02,1.741804e-01,3.438152e-03,1.163229e-01,2.171781e-02,3.997642e-03,8.106151e-04,1.646572e-03
1.819634e-02,6.085142e-03,1.476169e-02,3.983584e-01,1.224173e-01,2.964755e-03,1.390260e-03,1.224145e-02,1.221337e-01,2.590407e-03,1.347097e-01,1.583267e-01,3.361932e-03,1.279381e-03,1.182930e-03
1.278132e-02,4.306616e-03,1.061478e-02,3.019106e-01,8.598143e-02,2.341742e-03,9.808459e-04,8.629954e-03,8.560185e-02,2.139254e-03,1.219972e-01,3.581063e-01,2.529321e-03,1.203272e-03,8.755104e-04
