1.000000e+00,0.000000e+00,0.000000e+00,0.000000e+00,0.000000e+00,0.000000e+00,0.000000e+00,0.000000e+00,0.000000e+00,0.000000e+00,0.000000e+00,0.000000e+00,0.000000e+00,0.000000e+00,0.000000e+00
1.000000e+00,0.000000e+00,0.000000e+00,0.000000e+00,0.000000e+00,0.000000e+00,0.000000e+00,0.000000e+00,0.000000e+00,0.000000e+00,0.000000e+00,0.000000e+00,0.000000e+00,0.000000e+00,0.000000e+00
1.000000e+00,0.000000e+00,0.000000e+00,0.000000e+00,0.000000e+00,0.000000e+00,0.000000e+00,0.000000e+00,0.000000e+00,0.000000e+00,0.000000e+00,0.000000e+00,0.000000e+00,0.000000e+00,0.000000e+00
1.000000e+00,0.000000e+00,0.000000e+00,0.000000e+00,0.000000e+00,0.000000e+00,0.000000e+00,0.000000e+00,0.000000e+00,0.000000e+00,0.000000e+00,0.000000e+00,0.000000e+00,0.000000e+00,0.000000e+00
1.000000e+00,0.000000e+00,0.000000e+00,0.000000e+00,0.000000e+00,0.000000e+00,0.000000e+00,0.000000e+00,0.000000e+00,0.000000e+00,0.000000e+00,0.000000e+00,0.000000e+00,0.000000e+00,0.000000e+00
1.000000e+00,0.000000e+00,0.000000e+00,0.000000e+00,0.000000e+00,0.000000e+00,0.000000e+00,0.000000e+00,0.000000e+00,0.000000e+00,0.000000e+00,0.000000e+00,0.000000e+00,0.000000e+00,0.000000e+00
1.000000e+00,0.000000e+00,0.000000e+00,0.000000e+00,0.000000e+00,0.000000e+00,0.000000e+00,0.000000e+00,0.000000e+00,0.000000e+00,0.000000e+00,0.000000e+00,0.000000e+00,0.000000e+00,0.000000e+00
1.000000e+00,0.000000e+00,0.000000e+00,0.000000e+00,0.000000e+00,0.000000e+00,0.000000e+00,0.000000e+00,0.000000e+00,0.000000e+00,0.000000e+00,0.000000e+00,0.000000e+00,0.000000e+00,0.000000e+00
1.000000e+00,0.000000e+00,0.000000e+00,0.000000e+00,0.000000e+00,0.000000e+00,0.000000e+00,0.000000e+00,0.000000e+00,0.000000e+00,0.000000e+00,0.000000e+00,0.000000e+00,0.000000e+00,0.000000e+00
1.000000e+00,0.000000e+00,0.000000e+00,0.000000e+00,0.000000e+00,0.000000e+00,0.000000e+00,0.000000e+00,0.000000e+00,0.000000e+00,0.000000e+00,0.000000e+00,0.000000e+00,0.000000e+00,0.000000e+00
1.000000e+00,0.000000e+00,0.000000e+00,0.000000e+00,0.000000e+00,0.000000e+00,0.000000e+00,0.000000e+00,0.000000e+00,0.000000e+00,0.000000e+00,0.000000e+00,0.000000e+00,0.000000e+00,0.000000e+00
1.000000e+00,0.000000e+00,0.000000e+00,0.000000e+00,0.000000e+00,0.000000e+00,0.000000e+00,0.000000e+00,0.000000e+00,0.000000e+00,0.000000e+00,0.000000e+00,0.000000e+00,0.000000e+00,0.000000e+00
1.000000e+00,0.000000e+00,0.000000e+00,0.000000e+00,0.000000e+00,0.000000e+00,0.000000e+00,0.000000e+00,0.000000e+00,0.000000e+00,0.000000e+00,0.000000e+00,0.000000e+00,0.000000e+00,0.000000e+00
1.000000e+00,0.000000e+00,0.000000e+00,0.000000e+00,0.000000e+00,0.000000e+00,0.000000e+00,0.000000e+00,0.000000e+00,0.000000e+00,0.000000e+00,0.000000e+00,0.000000e+00,0.000000e+00,0.000000e+00
1.000000e+00,0.000000e+00,0.000000e+00,0.000000e+00,0.000000e+00,0.000000e+00,0.000000e+00,0.000000e+00,0.000000e+00,0.000000e+00,0.000000e+00,0.000000e+00,0.000000e+00,0.000000e+00,0.000000e+00
1.000000e+00,0.000000e+00,0.000000e+00,0.000000e+00,0.000000e+00,0.000000e+00,0.000000e+00,0.000000e+00,0.000000e+00,0.000000e+00,0.000000e+00,0.000000e+00,0.000000e+00,0.000000e+00,0.000000e+00
1.000000e+00,0.000000e+00,0.000000e+00,0.000000e+00,0.000000e+00,0.000000e+00,0.000000e+00,0.000000e+00,0.000000e+00,0.000000e+00,0.000000e+00,0.000000e+00,0.000000e+00,0.000000e+00,0.000000e+00
1.000000e+00,0.000000e+00,0.000000e+00,0.000000e+00,0.000000e+00,0.000000e+00,0.000000e+00,0.000000e+00,0.000000e+00,0.000000e+00,0.000000e+00,0.000000e+00,0.000000e+00,0.000000e+00,0.000000e+00
1.000000e+00,0.000000e+00,0.000000e+00,0.000000e+00,0.000000e+00,0.000000e+00,0.000000e+00,0.000000e+00,0.000000e+00,0.000000e+00,0.000000e+00,0.000000e+00,0.000000e+00,0.000000e+00,0.000000e+00
1.000000e+00,0.000000e+00,0.000000e+00,0.000000e+00,0.000000e+00,0.000000e+00,0.000000e+00,0.000000e+00,0.000000e+00,0.000000e+00,0.000000e+00,0.000000e+00,0.000000e+00,0.000000e+00,0.000000e+00
1.000000e+00,0.000000e+00,0.000000e+00,0.000000e+00,0.000000e+00,0.000000e+00,0.000000e+00,0.000000e+00,0.000000e+00,0.000000e+00,0.000000e+00,0.000000e+00,0.000000e+00,0.000000e+00,0.000000e+00
1.000000e+00,0.000000e+00,0.000000e+00,0.000000e+00,0.000000e+00,0.000000e+00,0.000000e+00,0.000000e+00,0.000000e+00,0.000000e+00,0.000000e+00,0.000000e+00,0.000000e+00,0.000000e+00,0.000000e+00
1.000000e+00,0.000000e+00,0.000000e+00,0.000000e+00,0.000000e+00,0.000000e+00,0.000000e+00,0.000000e+00,0.000000e+00,0.000000e+00,0.000000e+00,0.000000e+00,0.000000e+00,0.000000e+00,0.000000e+00
1.000000e+00,0.000000e+00,0.000000e+00,0.000000e+00,0.000000e+00,0.000000e+00,0.000000e+00,0.000000e+00,0.000000e+00,0.000000e+00,0.000000e+00,0.000000e+00,0.000000e+00,0.000000e+00,0.000000e+00
1.000000e+00,0.000000e+00,0.000000e+00,0.000000e+00,0.000000e+00,0.000000e+00,0.000000e+00,0.000000e+00,0.000000e+00,0.000000e+00,0.000000e+00,0.000000e+00,0.000000e+00,0.000000e+00,0.000000e+00
1.000000e+00,0.000000e+00,0.000000e+00,0.000000e+00,0.000000e+00,0.000000e+00,0.000000e+00,0.000000e+00,0.000000e+00,0.000000e+00,0.000000e+00,0.000000e+00,0.000000e+00,0.000000e+00,0.000000e+00
1.000000e+00,0.000000e+00,0.000000e+00,0.000000e+00,0.000000e+00,0.000000e+00,0.000000e+00,0.000000e+00,0.000000e+00,0.000000e+00,0.000000e+00,0.000000e+00,0.000000e+00,0.000000e+00,0.000000e+00
1.000000e+00,0.000000e+00,0.000000e+00,0.000000e+00,0.000000e+00,0.000000e+00,0.000000e+00,0.000000e+00,0.000000e+00,0.000000e+00,0.000000e+00,0.000000e+00,0.000000e+00,0.000000e+00,0.000000e+00
1.000000e+00,0.000000e+00,0.000000e+00,0.000000e+00,0.000000e+00,0.000000e+00,0.000000e+00,0.000000e+00,0.000000e+00,0.000000e+00,0.000000e+00,0.000000e+00,0.000000e+00,0.000000e+00,0.000000e+00
1.000000e+00,0.000000e+00,0.000000e+00,0.000000e+00,0.000000e+00,0.000000e+00,0.000000e+00,0.000000e+00,0.000000e+00,0.000000e+00,0.000000e+00,0.000000e+00,0.000000e+00,0.000000e+00,0.000000e+00
1.000000e+00,0.000000e+00,0.000000e+00,0.000000e+00,0.000000e+00,0.000000e+00,0.000000e+00,0.000000e+00,0.000000e+00,0.000000e+00,0.000000e+00,0.000000e+00,0.000000e+00,0.000000e+00,0.000000e+00
1.000000e+00,0.000000e+00,0.000000e+00,0.000000e+00,0.000000e+00,0.000000e+00,0.000000e+00,0.000000e+00,0.000000e+00,0.000000e+00,0.000000e+00,0.000000e+00,0.000000e+00,0.000000e+00,0.000000e+00
1.000000e+00,0.000000e+00,0.000000e+00,0.000000e+00,0.000000e+00,0.000000e+00,0.000000e+00,0.000000e+00,0.000000e+00,0.000000e+00,0.000000e+00,0.000000e+00,0.000000e+00,0.000000e+00,0.000000e+00
1.000000e+00,0.000000e+00,0.000000e+00,0.000000e+00,0.000000e+00,0.000000e+00,0.000000e+00,0.000000e+00,0.000000e+00,0.000000e+00,0.000000e+00,0.000000e+00,0.000000e+00,0.000000e+00,0.000000e+00
1.000000e+00,0.000000e+00,0.000000e+00,0.000000e+00,0.000000e+00,0.000000e+00,0.000000e+00,0.000000e+00,0.000000e+00,0.000000e+00,0.000000e+00,0.000000e+00,0.000000e+00,0.000000e+00,0.000000e+00
1.000000e+00,0.000000e+00,0.000000e+00,0.000000e+00,0.000000e+00,0.000000e+00,0.000000e+00,0.000000e+00,0.000000e+00,0.000000e+00,0.000000e+00,0.000000e+00,0.000000e+00,0.000000e+00,0.000000e+00
1.000000e+00,0.000000e+00,0.000000e+00,0.000000e+00,0.000000e+00,0.000000e+00,0.000000e+00,0.000000e+00,0.000000e+00,0.000000e+00,0.000000e+00,0.000000e+00,0.000000e+00,0.000000e+00,0.000000e+00
1.000000e+00,0.000000e+00,0.000000e+00,0.000000e+00,0.000000e+00,0.000000e+00,0.000000e+00,0.000000e+00,0.000000e+00,0.000000e+00,0.000000e+00,0.000000e+00,0.000000e+00,0.000000e+00,0.000000e+00
1.000000e+00,0.000000e+00,0.000000e+00,0.000000e+00,0.000000e+00,0.000000e+00,0.000000e+00,0.000000e+00,0.000000e+00,0.000000e+00,0.000000e+00,0.000000e+00,0.000000e+00,0.000000e+00,0.000000e+00
1.000000e+00,0.000000e+00,0.000000e+00,0.000000e+00,0.000000e+00,0.000000e+00,0.000000e+00,0.000000e+00,0.000000e+00,0.000000e+00,0.000000e+00,0.000000e+00,0.000000e+00,0.000000e+00,0.000000e+00
1.000000e+00,0.000000e+00,0.000000e+00,0.000000e+00,0.000000e+00,0.000000e+00,0.000000e+00,0.000000e+00,0.000000e+00,0.000000e+00,0.000000e+00,0.000000e+00,0.000000e+00,0.000000e+00,0.000000e+00
1.000000e+00,0.000000e+00,0.000000e+00,0.000000e+00,0.000000e+00,0.000000e+00,0.000000e+00,0.000000e+00,0.000000e+00,0.000000e+00,0.000000e+00,0.000000e+00,0.000000e+00,0.000000e+00,0.000000e+00
1.000000e+00,0.000000e+00,0.000000e+00,0.000000e+00,0.000000e+00,0.000000e+00,0.000000e+00,0.000000e+00,0.000000e+00,0.000000e+00,0.000000e+00,0.000000e+00,0.000000e+00,0.000000e+00,0.000000e+00
1.000000e+00,0.000000e+00,0.000000e+00,0.000000e+00,0.000000e+00,0.000000e+00,0.000000e+00,0.000000e+00,0.000000e+00,0.000000e+00,0.000000e+00,0.000000e+00,0.000000e+00,0.000000e+00,0.000000e+00
1.000000e+00,0.000000e+00,0.000000e+00,0.000000e+00,0.000000e+00,0.000000e+00,0.000000e+00,0.000000e+00,0.000000e+00,0.000000e+00,0.000000e+00,0.000000e+00,0.000000e+00,0.000000e+00,0.000000e+00
1.000000e+00,0.000000e+00,0.000000e+00,0.000000e+00,0.000000e+00,0.000000e+00,0.000000e+00,0.000000e+00,0.000000e+00,0.000000e+00,0.000000e+00,0.000000e+00,0.000000e+00,0.000000e+00,0.000000e+00
1.000000e+00,0.000000e+00,0.000000e+00,0.000000e+00,0.000000e+00,0.000000e+00,0.000000e+00,0.000000e+00,0.000000e+00,0.000000e+00,0.000000e+00,0.000000e+00,0.000000e+00,0.000000e+00,0.000000e+00
1.000000e+00,0.000000e+00,0.000000e+00,0.000000e+00,0.000000e+00,0.000000e+00,0.000000e+00,0.000000e+00,0.000000e+00,0.000000e+00,0.000000e+00,0.000000e+00,0.000000e+00,0.000000e+00,0.000000e+00
4.528655e-01,5.751594e-03,1.274786e-02,3.503320e-02,1.286226e-02,1.448625e-02,4.960794e-03,4.181289e-01,3.429025e-03,6.931073e-04,4.624818e-03,1.665035e-02,1.256316e-02,7.252263e-04,4.477978e-03
3.216309e-01,4.100228e-03,9.429077e-03,2.499919e-02,9.810367e-03,1.162545e-02,3.997677e-03,5.832163e-01,2.422853e-03,4.964868e-04,3.371265e-03,1.194328e-02,9.185039e-03,5.493544e-04,3.222495e-03
2.280085e-01,2.959392e-03,6.718826e-03,1.773134e-02,9.237796e-03,8.442420e-03,3.706952e-03,7.008436e-01,1.729292e-03,3.541449e-04,2.530550e-03,8.424775e-03,6.615148e-03,4.060869e-04,2.291116e-03
1.624526e-01,2.147150e-03,4.786722e-03,1.266935e-02,1.009822e-02,6.277836e-03,3.306607e-03,7.819324e-01,1.274180e-03,2.589565e-04,1.956032e-03,6.008193e-03,4.892517e-03,2.993000e-04,1.639940e-03
1.186672e-01,1.591870e-03,3.538686e-03,9.300522e-03,1.125471e-02,4.580150e-03,2.851915e-03,8.362954e-01,9.483322e-04,1.978778e-04,1.462070e-03,4.280035e-03,3.636467e-03,2.214333e-04,1.173288e-03
8.824809e-02,1.217450e-03,2.831289e-03,7.120728e-03,1.373362e-02,3.488665e-03,2.864878e-03,8.714862e-01,6.986582e-04,1.669741e-04,1.123254e-03,3.124142e-03,2.884129e-03,1.642252e-04,8.476992e-04
7.539629e-02,9.821535e-04,3.906457e-03,5.952013e-03,1.859820e-02,3.983895e-03,3.857822e-03,8.792520e-01,5.396715e-04,2.613965e-04,9.245012e-04,2.594050e-03,2.931737e-03,1.391450e-04,6.806362e-04
8.503471e-02,8.609876e-04,3.206711e-03,4.419652e-03,2.117065e-02,9.435972e-03,4.020819e-03,8.638771e-01,4.629366e-04,2.617624e-04,7.714257e-04,2.378289e-03,3.321545e-03,1.267642e-04,6.507026e-04
1.027035e-01,6.743333e-04,2.611588e-03,3.275779e-03,2.261264e-02,1.452650e-02,5.046797e-03,8.411464e-01,3.896822e-04,2.100831e-04,5.968206e-04,2.004530e-03,3.500139e-03,1.103835e-04,5.908108e-04
2.130275e-01,6.717618e-04,2.639115e-03,3.164382e-03,2.305314e-02,2.469413e-02,6.211502e-03,7.174885e-01,4.791023e-04,2.031702e-04,5.280230e-04,2.572838e-03,4.268881e-03,1.365477e-04,8.613706e-04
2.888957e-01,1.139323e-03,4.350345e-03,5.262977e-03,1.850743e-02,6.055865e-02,5.836900e-03,5.549503e-01,1.289682e-03,3.453930e-04,1.671286e-03,1.130655e-02,4.268756e-02,6.723658e-04,2.525533e-03
3.955083e-01,1.463437e-03,3.758576e-03,7.101430e-03,1.683136e-02,7.892799e-02,5.437042e-03,4.145331e-01,1.695676e-03,7.283597e-04,3.011857e-03,1.079612e-02,5.136727e-02,6.606540e-04,8.178789e-03
4.079127e-01,3.585753e-03,3.994455e-03,1.196051e-02,1.303615e-02,1.109097e-01,4.702602e-03,2.978144e-01,7.158570e-03,1.344169e-03,3.770464e-03,1.191817e-02,1.049466e-01,9.086723e-04,1.603704e-02
3.358710e-01,7.572573e-03,7.618392e-03,5.083077e-02,1.084813e-02,1.140944e-01,4.597435e-03,2.175386e-01,1.609785e-02,2.039857e-03,5.792199e-03,1.105933e-02,1.800176e-01,1.366470e-03,3.465545e-02
3.422230e-01,7.035055e-03,1.654465e-02,4.610370e-02,1.055634e-02,9.601539e-02,4.827832e-03,1.732537e-01,1.683007e-02,1.849601e-03,1.166580e-02,1.556461e-02,2.171705e-01,3.462289e-03,3.689747e-02
3.646973e-01,6.594728e-03,1.408149e-02,3.807883e-02,1.051045e-02,8.091184e-02,4.536324e-03,1.257874e-01,2.012599e-02,1.612048e-03,1.226484e-02,1.483373e-02,2.643166e-01,3.609586e-03,3.803878e-02
4.788996e-01,6.035001e-03,1.053772e-02,2.811948e-02,8.702029e-03,6.122014e-02,3.846421e-03,8.966476e-02,1.806462e-02,1.356420e-03,1.027502e-02,1.901661e-02,2.321572e-01,2.961943e-03,2.914299e-02
4.963698e-01,6.206249e-03,1.462744e-02,2.202135e-02,1.152809e-02,4.758618e-02,4.899975e-03,7.756730e-02,2.038689e-02,2.016637e-03,1.091508e-02,2.037179e-02,2.297156e-01,3.523866e-03,3.226365e-02
1.000000e+00,0.000000e+00,0.000000e+00,0.000000e+00,0.000000e+00,0.000000e+00,0.000000e+00,0.000000e+00,0.000000e+00,0.000000e+00,0.000000e+00,0.000000e+00,0.000000e+00,0.000000e+00,0.000000e+00
1.000000e+00,0.000000e+00,0.000000e+00,0.000000e+00,0.000000e+00,0.000000e+00,0.000000e+00,0.000000e+00,0.000000e+00,0.000000e+00,0.000000e+00,0.000000e+00,0.000000e+00,0.000000e+00,0.000000e+00
1.000000e+00,0.000000e+00,0.000000e+00,0.000000e+00,0.000000e+00,0.000000e+00,0.000000e+00,0.000000e+00,0.000000e+00,0.000000e+00,0.000000e+00,0.000000e+00,0.000000e+00,0.000000e+00,0.000000e+00
1.000000e+00,0.000000e+00,0.000000e+00,0.000000e+00,0.000000e+00,0.000000e+00,0.000000e+00,0.000000e+00,0.000000e+00,0.000000e+00,0.000000e+00,0.000000e+00,0.000000e+00,0.000000e+00,0.000000e+00
1.000000e+00,0.000000e+00,0.000000e+00,0.000000e+00,0.000000e+00,0.000000e+00,0.000000e+00,0.000000e+00,0.000000e+00,0.000000e+00,0.000000e+00,0.000000e+00,0.000000e+00,0.000000e+00,0.000000e+00
1.000000e+00,0.000000e+00,0.000000e+00,0.000000e+00,0.000000e+00,0.000000e+00,0.000000e+00,0.000000e+00,0.000000e+00,0.000000e+00,0.000000e+00,0.000000e+00,0.000000e+00,0.000000e+00,0.000000e+00
4.977993e-01,3.650787e-02,6.459369e-02,1.180328e-01,3.561993e-02,2.032371e-02,2.740271e-03,6.002415e-02,3.774222e-02,5.105836e-03,1.252039e-02,1.973671e-02,6.324454e-02,2.510638e-03,2.349797e-02
1.000000e+00,0.000000e+00,0.000000e+00,0.000000e+00,0.000000e+00,0.000000e+00,0.000000e+00,0.000000e+00,0.000000e+00,0.000000e+00,0.000000e+00,0.000000e+00,0.000000e+00,0.000000e+00,0.000000e+00
1.000000e+00,0.000000e+00,0.000000e+00,0.000000e+00,0.000000e+00,0.000000e+00,0.000000e+00,0.000000e+00,0.000000e+00,0.000000e+00,0.000000e+00,0.000000e+00,0.000000e+00,0.000000e+00,0.000000e+00
1.000000e+00,0.000000e+00,0.000000e+00,0.000000e+00,0.000000e+00,0.000000e+00,0.000000e+00,0.000000e+00,0.000000e+00,0.000000e+00,0.000000e+00,0.000000e+00,0.000000e+00,0.000000e+00,0.000000e+00
1.000000e+00,0.000000e+00,0.000000e+00,0.000000e+00,0.000000e+00,0.000000e+00,0.000000e+00,0.000000e+00,0.000000e+00,0.000000e+00,0.000000e+00,0.000000e+00,0.000000e+00,0.000000e+00,0.000000e+00
1.000000e+00,0.000000e+00,0.000000e+00,0.000000e+00,0.000000e+00,0.000000e+00,0.000000e+00,0.000000e+00,0.000000e+00,0.000000e+00,0.000000e+00,0.000000e+00,0.000000e+00,0.000000e+00,0.000000e+00
1.000000e+00,0.000000e+00,0.000000e+00,0.000000e+00,0.000000e+00,0.000000e+00,0.000000e+00,0.000000e+00,0.000000e+00,0.000000e+00,0.000000e+00,0.000000e+00,0.000000e+00,0.000000e+00,0.000000e+00
1.000000e+00,0.000000e+00,0.000000e+00,0.000000e+00,0.000000e+00,0.000000e+00,0.000000e+00,0.000000e+00,0.000000e+00,0.000000e+00,0.000000e+00,0.000000e+00,0.000000e+00,0.000000e+00,0.000000e+00
1.000000e+00,0.000000e+00,0.000000e+00,0.000000e+00,0.000000e+00,0.000000e+00,0.000000e+00,0.000000e+00,0.000000e+00,0.000000e+00,0.000000e+00,0.000000e+00,0.000000e+00,0.000000e+00,0.000000e+00
4.367164e-01,8.808228e-03,6.436967e-03,4.105672e-02,9.036277e-03,2.745805e-02,4.857094e-03,2.429727e-02,3.562602e-02,2.634764e-03,1.108577e-02,2.924168e-02,3.324855e-01,2.684635e-03,2.757461e-02
3.408806e-01,7.947237e-03,4.961798e-03,3.445395e-02,9.958718e-03,4.251602e-02,4.482932e-03,1.772868e-02,4.001629e-02,4.274904e-03,1.552169e-02,2.644700e-02,4.167670e-01,2.940247e-03,3.110300e-02
3.125812e-01,7.685518e-03,4.057414e-03,2.664472e-02,8.026669e-03,4.989282e-02,4.208057e-03,1.284568e-02,3.539787e-02,4.908619e-03,2.468703e-02,2.773618e-02,4.466293e-01,3.698149e-03,3.100085e-02
2.604206e-01,5.984096e-03,3.289374e-03,1.992629e-02,6.058919e-03,4.464396e-02,3.446119e-03,9.322302e-03,2.832303e-02,6.678531e-03,3.213552e-02,2.988522e-02,5.166759e-01,5.255782e-03,2.795436e-02
2.632153e-01,5.155829e-03,3.328100e-03,1.665190e-02,7.532610e-03,3.550610e-02,3.546874e-03,8.094600e-03,3.186894e-02,8.995721e-03,5.376438e-02,3.397029e-02,4.864136e-01,4.915442e-03,3.704034e-02
2.828898e-01,6.582449e-03,3.027731e-03,1.602302e-02,7.604729e-03,3.127876e-02,3.835062e-03,7.059263e-03,3.134384e-02,1.988665e-02,5.251037e-02,3.248980e-02,4.428520e-01,5.064021e-03,5.755264e-02
3.123991e-01,4.165172e-02,7.762018e-03,4.529079e-02,1.860934e-02,2.534287e-02,4.277485e-03,6.304693e-03,3.956988e-02,1.964107e-02,4.682243e-02,3.109330e-02,3.422191e-01,5.997647e-03,5.301868e-02
2.965271e-01,3.302150e-02,8.573793e-03,4.808003e-02,2.756527e-02,2.094485e-02,9.720453e-03,1.206597e-02,5.343693e-02,2.996315e-02,5.345166e-02,2.776781e-02,3.013842e-01,6.382335e-03,7.111494e-02
3.102047e-01,2.546244e-02,9.862716e-03,4.475913e-02,2.894875e-02,1.596142e-02,9.640182e-03,3.312492e-02,4.945536e-02,4.705950e-02,5.153943e-02,2.494549e-02,2.532584e-01,6.407990e-03,8.936954e-02
3.584653e-01,2.060124e-02,1.294618e-02,3.820875e-02,2.687090e-02,1.388372e-02,7.658955e-03,2.499403e-02,4.461025e-02,4.129024e-02,3.970036e-02,1.931512e-02,1.845026e-01,9.120617e-03,1.578318e-01
3.885588e-01,1.610734e-02,1.145574e-02,3.010945e-02,2.251190e-02,1.217769e-02,5.751010e-03,1.857774e-02,3.762826e-02,3.532081e-02,3.239346e-02,1.559332e-02,1.325352e-01,1.210741e-02,2.291719e-01
4.135115e-01,2.095193e-02,1.725771e-02,3.250627e-02,2.179788e-02,1.096538e-02,4.918825e-03,1.813009e-02,3.475244e-02,2.951737e-02,3.240711e-02,1.410265e-02,1.002931e-01,1.357596e-02,2.353117e-01
4.478415e-01,2.981966e-02,2.948079e-02,4.219269e-02,1.858988e-02,1.360682e-02,4.187113e-03,1.610615e-02,3.465620e-02,2.334009e-02,2.793245e-02,1.269974e-02,7.508837e-02,1.204435e-02,2.124142e-01
4.692377e-01,4.123842e-02,3.048586e-02,3.749573e-02,1.483731e-02,1.181957e-02,3.295884e-03,1.274090e-02,3.369811e-02,2.010223e-02,2.110635e-02,1.024288e-02,5.588431e-02,9.757537e-03,2.280572e-01
4.130163e-01,8.665175e-02,3.379407e-02,2.773118e-02,1.690672e-02,1.018718e-02,2.641606e-03,1.087876e-02,3.363017e-02,1.532192e-02,1.532208e-02,7.822338e-03,4.026478e-02,1.235388e-02,2.734771e-01
3.835278e-01,1.218396e-01,3.334618e-02,3.535461e-02,2.199418e-02,1.283489e-02,2.563366e-03,1.273419e-02,5.206586e-02,1.731204e-02,1.192664e-02,6.496896e-03,2.995123e-02,1.119707e-02,2.468554e-01
3.166471e-01,1.840662e-01,2.639322e-02,5.210202e-02,2.456857e-02,1.142346e-02,2.028504e-03,1.052154e-02,9.540941e-02,2.567369e-02,9.369967e-03,5.743749e-03,2.229056e-02,8.630528e-03,2.051315e-01
3.414195e-01,1.949224e-01,2.077220e-02,4.652843e-02,3.169535e-02,1.567156e-02,2.306475e-03,1.021562e-02,1.006796e-01,1.972658e-02,9.396313e-03,8.572956e-03,1.933421e-02,8.374946e-03,1.703839e-01
3.075684e-01,2.052089e-01,2.633956e-02,4.412803e-02,5.253321e-02,2.333755e-02,4.764881e-03,3.987251e-02,9.343892e-02,1.411953e-02,7.497726e-03,6.942534e-03,1.492575e-02,7.990381e-03,1.513321e-01
2.630868e-01,1.758888e-01,9.734377e-02,8.054257e-02,4.973440e-02,2.538372e-02,3.842849e-03,3.599829e-02,8.385612e-02,1.123184e-02,7.428321e-03,8.915881e-03,1.341818e-02,7.447389e-03,1.358810e-01
2.429538e-01,1.738397e-01,1.336561e-01,7.350759e-02,4.807450e-02,2.591844e-02,3.159275e-03,4.445940e-02,8.499931e-02,1.107941e-02,6.816151e-03,9.516711e-03,1.204255e-02,9.315044e-03,1.206620e-01
2.688869e-01,1.532149e-01,1.437707e-01,7.410996e-02,4.267992e-02,2.218698e-02,2.590101e-03,4.706418e-02,8.797159e-02,1.045529e-02,8.915465e-03,1.325396e-02,1.275627e-02,1.355890e-02,9.858488e-02
3.081925e-01,1.298539e-01,1.574369e-01,7.379130e-02,3.670503e-02,1.939592e-02,2.641341e-03,3.783790e-02,9.343836e-02,9.302941e-03,9.433702e-03,1.416280e-02,1.241711e-02,1.325827e-02,8.213195e-02
2.325183e-01,9.839777e-02,1.857538e-01,1.035628e-01,2.700892e-02,1.452395e-02,1.961992e-03,2.712524e-02,1.058057e-01,1.666740e-02,9.125538e-03,1.373189e-02,1.166804e-02,1.082998e-02,1.413186e-01
3.167866e-01,8.627366e-02,1.621985e-01,9.662072e-02,2.386558e-02,1.526709e-02,2.119198e-03,2.224567e-02,9.815861e-02,1.358715e-02,1.051006e-02,1.568987e-02,1.155923e-02,1.377797e-02,1.113400e-01
3.921050e-01,7.276631e-02,1.328497e-01,9.914163e-02,2.475423e-02,1.593121e-02,2.012973e-03,1.855457e-02,8.524009e-02,1.253971e-02,1.261675e-02,1.718873e-02,1.174939e-02,1.442658e-02,8.812299e-02
3.669738e-01,6.899431e-02,1.369647e-01,1.334897e-01,1.943415e-02,1.347690e-02,1.689724e-03,1.416722e-02,7.273032e-02,1.657885e-02,1.149317e-02,1.601562e-02,1.054891e-02,1.270756e-02,1.047349e-01
3.011575e-01,7.859088e-02,1.018548e-01,1.270159e-01,1.444118e-02,1.259530e-02,1.326069e-03,1.042220e-02,1.674378e-01,1.290212e-02,1.847299e-02,1.253667e-02,1.233487e-02,1.504541e-02,1.138663e-01
2.445138e-01,6.130416e-02,7.461079e-02,9.758690e-02,1.087107e-02,1.153045e-02,1.152035e-03,7.970708e-03,1.646290e-01,1.184870e-02,6.194606e-02,1.043647e-02,2.772788e-02,1.120169e-01,1.018551e-01
2.228710e-01,4.968378e-02,5.786631e-02,7.178733e-02,8.190656e-03,1.134610e-02,1.325078e-03,6.907518e-03,1.591700e-01,1.081230e-02,5.889685e-02,1.152674e-02,3.083436e-02,2.038741e-01,9.490794e-02
2.167777e-01,3.700376e-02,4.419871e-02,5.154493e-02,6.307679e-03,1.805674e-02,1.473242e-03,6.106794e-03,1.954514e-01,9.704838e-03,7.015416e-02,1.151507e-02,2.380461e-02,2.149786e-01,9.292179e-02
1.979694e-01,2.710764e-02,3.280007e-02,3.742740e-02,5.223590e-03,1.723328e-02,1.345001e-03,5.403894e-03,1.524941e-01,8.423137e-03,7.447616e-02,1.069341e-02,2.112682e-02,3.353342e-01,7.294200e-02
1.575252e-01,2.027535e-02,2.356833e-02,2.704366e-02,4.812174e-03,1.510044e-02,1.131401e-03,4.331012e-03,1.247123e-01,8.720485e-03,7.849688e-02,9.166410e-03,1.838416e-02,4.462604e-01,6.047190e-02
1.113376e-01,1.450995e-02,1.675427e-02,1.945527e-02,3.646414e-03,1.167665e-02,9.708039e-04,3.401273e-03,9.817573e-02,1.862802e-02,7.835937e-02,6.648256e-03,1.332292e-02,5.444651e-01,5.864835e-02
7.971086e-02,1.026984e-02,1.213374e-02,1.373700e-02,2.693245e-03,8.873411e-03,8.050966e-04,2.699577e-03,7.094281e-02,4.877137e-02,8.074460e-02,4.862047e-03,9.545832e-03,6.067855e-01,4.742500e-02
5.917075e-02,7.868410e-03,9.048011e-03,1.017231e-02,2.830302e-03,1.116410e-02,1.100306e-03,3.165186e-03,6.326982e-02,6.205851e-02,1.070756e-01,4.090625e-03,7.620579e-03,6.023074e-01,4.905814e-02
4.316974e-02,7.900555e-03,8.227548e-03,7.321318e-03,2.538150e-03,1.090180e-02,8.913762e-04,2.574332e-03,1.045210e-01,7.736048e-02,8.984132e-02,3.581988e-03,6.183050e-03,5.959018e-01,3.908548e-02
3.105523e-02,7.384898e-03,6.614116e-03,5.206171e-03,2.326627e-03,1.067902e-02,6.567808e-04,1.892562e-03,1.238875e-01,6.839026e-02,7.254422e-02,3.089923e-03,4.693093e-03,6.312973e-01,3.028234e-02
2.323775e-02,5.916692e-03,5.968540e-03,3.718699e-03,2.317521e-03,9.693317e-03,5.168815e-04,1.416453e-03,2.079961e-01,6.672209e-02,6.440028e-02,2.902066e-03,3.575907e-03,5.760509e-01,2.556672e-02
1.942680e-02,5.181599e-03,6.034787e-03,3.760937e-03,1.929938e-03,1.418103e-02,4.478694e-04,1.118165e-03,2.259440e-01,5.901804e-02,6.440260e-02,3.728137e-03,1.281074e-02,5.324508e-01,4.956458e-02
1.801053e-02,4.920956e-03,6.360574e-03,3.503320e-03,1.825410e-03,2.505488e-02,4.733745e-04,1.642965e-03,3.178595e-01,4.560619e-02,5.417817e-02,2.986579e-03,9.565747e-03,4.700938e-01,3.791798e-02
2.472740e-02,7.150027e-03,1.764454e-02,1.284199e-02,2.524334e-03,2.311759e-02,7.429590e-04,9.248588e-03,3.163344e-01,3.752225e-02,4.771036e-02,3.155756e-03,8.984685e-03,4.580991e-01,3.019608e-02
3.039992e-02,1.065433e-02,1.556924e-02,1.105528e-02,2.594020e-03,2.305430e-02,6.751735e-04,7.712661e-03,2.732322e-01,3.026056e-02,4.181289e-02,2.676590e-03,7.354486e-03,5.147706e-01,2.817768e-02
2.995839e-02,8.420562e-03,1.210076e-02,9.026879e-03,2.192547e-03,1.795656e-02,5.120701e-04,5.871242e-03,2.575167e-01,2.421071e-02,5.377016e-02,2.448268e-03,6.106006e-03,5.462204e-01,2.368871e-02
2.802248e-02,6.469433e-03,1.000936e-02,6.994786e-03,1.728707e-03,1.357701e-02,3.943194e-04,5.607456e-03,2.207489e-01,1.900339e-02,4.509920e-02,1.974606e-03,4.822277e-03,6.178361e-01,1.771188e-02
2.945196e-02,5.320626e-03,8.124952e-03,5.450188e-03,1.378266e-03,1.028157e-02,2.974721e-04,4.633368e-03,1.934836e-01,1.410681e-02,3.588860e-02,1.527873e-03,3.732503e-03,6.729475e-01,1.337469e-02
3.275739e-02,4.567558e-03,1.004385e-02,8.579982e-03,1.573369e-03,1.344361e-02,2.861773e-04,4.394697e-03,1.763707e-01,1.068933e-02,2.849801e-02,1.357095e-03,3.238948e-03,6.924556e-01,1.174368e-02
4.276158e-02,4.499957e-03,8.526912e-03,1.084089e-02,2.087981e-03,1.190091e-02,2.521017e-04,3.772540e-03,1.977335e-01,8.129722e-03,2.635559e-02,1.266064e-03,3.164442e-03,6.673508e-01,1.135714e-02
4.094607e-02,3.662063e-03,7.246858e-03,1.070159e-02,2.370714e-03,9.957174e-03,2.381505e-04,4.663552e-03,1.756316e-01,7.001150e-03,8.565661e-02,2.622129e-03,7.440667e-03,6.317931e-01,1.006854e-02
3.144301e-02,2.879161e-03,5.387906e-03,7.661764e-03,1.884572e-03,7.748439e-03,1.865136e-04,3.433525e-03,1.499575e-01,6.099016e-03,8.483661e-02,2.863453e-03,6.733108e-03,6.806315e-01,8.254054e-03
2.877547e-02,2.435456e-03,4.110096e-03,5.867951e-03,1.976531e-03,6.171326e-03,1.597622e-04,3.079261e-03,1.297669e-01,6.505602e-03,7.787882e-02,2.832090e-03,5.469104e-03,7.176095e-01,7.362233e-03
2.375857e-02,2.108583e-03,3.610934e-03,5.853053e-03,4.264051e-03,5.032837e-03,2.140703e-04,4.152526e-03,1.083021e-01,1.186774e-02,6.176208e-02,2.532049e-03,4.546647e-03,7.555971e-01,6.397717e-03
1.896931e-02,1.721866e-03,3.228828e-03,5.807640e-03,1.422124e-02,4.863985e-03,6.502647e-04,5.718504e-03,8.817136e-02,1.932398e-02,4.881909e-02,2.258862e-03,5.289708e-03,7.757683e-01,5.187133e-03
1.449198e-02,1.289863e-03,3.621356e-03,7.142147e-03,2.647528e-02,4.555561e-03,1.210814e-03,1.000567e-01,7.214789e-02,2.226058e-02,4.763003e-02,4.350038e-03,9.072184e-03,6.806881e-01,5.007451e-03
1.108875e-02,9.667412e-04,3.229556e-03,1.000676e-02,2.162352e-02,3.624653e-03,1.183391e-03,1.811843e-01,6.542285e-02,2.338237e-02,4.874743e-02,6.952523e-03,1.241048e-02,6.046900e-01,5.486741e-03
8.428761e-03,7.063570e-04,3.549978e-03,1.925198e-02,1.800611e-02,2.682275e-03,1.010957e-03,3.678310e-01,4.917894e-02,1.849469e-02,4.420260e-02,6.653233e-03,1.286903e-02,4.423764e-01,4.757666e-03
7.180781e-03,6.428325e-04,2.607646e-02,1.363356e-01,1.530828e-02,2.645853e-03,9.246927e-04,3.714423e-01,6.180520e-02,1.349502e-02,3.379074e-02,5.375304e-03,1.003341e-02,3.110330e-01,3.910574e-03
2.231529e-02,1.783015e-03,4.508603e-02,1.419306e-01,5.307292e-02,1.117609e-02,2.453687e-03,2.888537e-01,1.280939e-01,1.260525e-02,2.811677e-02,4.079394e-03,9.553690e-03,2.229955e-01,2.788413e-02
2.138868e-02,1.676877e-03,4.720725e-02,1.237065e-01,6.489038e-02,1.094595e-02,2.829663e-03,3.980748e-01,1.088397e-01,9.141928e-03,2.117282e-02,3.024379e-03,7.277296e-03,1.596767e-01,2.014714e-02
2.791481e-02,6.323710e-03,7.258721e-02,1.379186e-01,8.509022e-02,1.653102e-02,3.111428e-03,3.475902e-01,1.166575e-01,8.965991e-03,1.841571e-02,2.308795e-03,5.965184e-03,1.190121e-01,3.160747e-02
2.868188e-02,8.267667e-03,9.571855e-02,1.878158e-01,7.553597e-02,1.552638e-02,2.726417e-03,2.871633e-01,1.430611e-01,9.072602e-03,1.662860e-02,1.785059e-03,5.839849e-03,8.488657e-02,3.729028e-02
3.816342e-02,1.148698e-02,1.881700e-01,1.856544e-01,8.027516e-02,1.495972e-02,2.746444e-03,2.536975e-01,1.089329e-01,6.929287e-03,1.299624e-02,1.531687e-03,4.835330e-03,6.082788e-02,2.879305e-02
3.356220e-02,8.716218e-03,1.459439e-01,1.421501e-01,7.042608e-02,1.118287e-02,2.302175e-03,4.241078e-01,7.930385e-02,4.956686e-03,9.551673e-03,1.138133e-03,3.540485e-03,4.264552e-02,2.047221e-02
2.741899e-02,6.956802e-03,1.312250e-01,1.066350e-01,5.417535e-02,8.222474e-03,1.765318e-03,5.439078e-01,6.000132e-02,3.900176e-03,6.803518e-03,8.541508e-04,2.527183e-03,2.990890e-02,1.569788e-02
2.245634e-02,5.016356e-03,1.002785e-01,7.592372e-02,4.067153e-02,6.087160e-03,1.395202e-03,6.637714e-01,4.228971e-02,2.752392e-03,4.842950e-03,6.141993e-04,1.825132e-03,2.099709e-02,1.107823e-02
2.159626e-02,3.937704e-03,7.951662e-02,5.606171e-02,3.354738e-02,6.751699e-03,1.145858e-03,7.371302e-01,3.003017e-02,1.979347e-03,3.595331e-03,4.800325e-04,1.432213e-03,1.484954e-02,7.945994e-03
2.002392e-02,3.604679e-03,6.397251e-02,4.126083e-02,2.753070e-02,5.437964e-03,1.105942e-03,7.933705e-01,2.135169e-02,1.558989e-03,2.645873e-03,4.307707e-04,1.097630e-03,1.064088e-02,5.967165e-03
2.367827e-02,3.886010e-03,5.014709e-02,3.020788e-02,2.532577e-02,5.840694e-03,1.121603e-03,8.260411e-01,1.575206e-02,1.258404e-03,2.043064e-03,6.220989e-04,1.032801e-03,7.634927e-03,5.408212e-03
4.655030e-02,3.593595e-03,4.945502e-02,2.417078e-02,2.023446e-02,1.899077e-02,1.227838e-03,8.035877e-01,1.250121e-02,1.307358e-03,2.144779e-03,1.648875e-03,2.462348e-03,5.491596e-03,6.633366e-03
9.143072e-02,3.125306e-03,3.829228e-02,1.990857e-02,1.520463e-02,1.644359e-01,1.673261e-03,6.283179e-01,9.960162e-03,1.026164e-03,2.413740e-03,3.508562e-03,9.431202e-03,3.935597e-03,7.336014e-03
8.209652e-02,2.424623e-03,2.731120e-02,1.663583e-02,1.087216e-02,3.518800e-01,1.508309e-03,4.463278e-01,7.728175e-03,1.135386e-03,3.426573e-03,7.180461e-03,2.975537e-02,2.830392e-03,8.887165e-03
7.681721e-02,2.077247e-03,1.972101e-02,1.781651e-02,7.732234e-03,4.543959e-01,1.620719e-03,3.131641e-01,5.884523e-03,1.021030e-03,3.342645e-03,5.448481e-03,8.113831e-02,2.031867e-03,7.788203e-03
1.122799e-01,1.790826e-03,1.410475e-02,1.538825e-02,5.575392e-03,4.034452e-01,1.961921e-03,2.200902e-01,4.689454e-03,1.094352e-03,3.587350e-03,4.752802e-03,1.992045e-01,1.522696e-03,1.051233e-02
1.091871e-01,5.432951e-03,1.168985e-02,2.466230e-02,4.480453e-03,3.228908e-01,2.363696e-03,1.549360e-01,2.177942e-02,1.735223e-03,4.109293e-03,7.456020e-03,3.137744e-01,1.459464e-03,1.404304e-02
7.702792e-02,4.001078e-03,8.321943e-03,1.900680e-02,3.351108e-03,2.332393e-01,1.763102e-03,1.092681e-01,2.305457e-02,1.352133e-03,7.563915e-03,1.346367e-02,4.854270e-01,1.144528e-03,1.201495e-02
5.441948e-02,3.143018e-03,5.863443e-03,1.400975e-02,2.576952e-03,1.656328e-01,1.303452e-03,7.687228e-02,5.080508e-02,1.012794e-03,7.579193e-03,1.729142e-02,5.893685e-01,8.446617e-04,9.277159e-03
4.817766e-02,2.256336e-02,1.975207e-02,7.483198e-02,2.885590e-03,1.231679e-01,1.270246e-03,5.410041e-02,1.588279e-01,1.472984e-03,7.964929e-03,2.049924e-02,4.536520e-01,8.424806e-04,9.991325e-03
3.437833e-02,1.822305e-02,1.457094e-02,6.256114e-02,2.689915e-03,9.405027e-02,1.118674e-03,3.847481e-02,1.593887e-01,1.169892e-03,2.113482e-02,3.775468e-02,5.050669e-01,7.715190e-04,8.646379e-03
2.463349e-02,1.329166e-02,1.118374e-02,4.518794e-02,2.333784e-03,6.845478e-02,9.270948e-04,2.804763e-02,1.249292e-01,1.053634e-03,1.657007e-02,3.898704e-02,6.060735e-01,8.079415e-04,1.751857e-02
1.865660e-02,1.011762e-02,1.286946e-02,3.382439e-02,2.401140e-03,5.123499e-02,1.394362e-03,2.346769e-02,9.973098e-02,1.280290e-03,1.347280e-02,3.976649e-02,5.586573e-01,3.174679e-03,1.299512e-01
2.708817e-02,7.713875e-03,1.027304e-02,2.612336e-02,3.399168e-03,6.313381e-02,2.877688e-03,3.687521e-02,9.888857e-02,2.197872e-03,1.400543e-02,4.847705e-02,5.133572e-01,3.454144e-03,1.421354e-01
7.933209e-02,1.316255e-02,2.720156e-02,5.543692e-02,4.742604e-03,5.905575e-02,3.783162e-03,3.493611e-02,1.049347e-01,4.369505e-03,1.365691e-02,5.778486e-02,4.285889e-01,3.565325e-03,1.094490e-01
6.555738e-02,1.346911e-02,2.351571e-02,5.131650e-02,1.092058e-02,8.472757e-02,5.567397e-03,2.835420e-02,1.080498e-01,4.207393e-03,1.564880e-02,5.826981e-02,4.255103e-01,3.043409e-03,1.018421e-01
9.500815e-02,1.152478e-02,1.882711e-02,4.052871e-02,1.310156e-02,6.732723e-02,5.346581e-03,2.349698e-02,8.367873e-02,5.363612e-03,1.451062e-02,9.350115e-02,4.472312e-01,3.186356e-03,7.736724e-02
8.682275e-02,9.386426e-03,1.462006e-02,2.964487e-02,4.659726e-02,5.152088e-02,1.104147e-02,2.151076e-02,7.191575e-02,4.630736e-03,1.274643e-02,1.136357e-01,4.438103e-01,2.622097e-03,7.949445e-02
8.487786e-02,7.378920e-03,1.425609e-02,2.451580e-02,4.640414e-02,4.022386e-02,1.165086e-02,1.174789e-01,5.259940e-02,3.987596e-03,1.426476e-02,1.014209e-01,4.008460e-01,2.742419e-03,7.735235e-02
1.542301e-01,1.255013e-02,2.000572e-02,4.033644e-02,7.176059e-02,4.522577e-02,1.038708e-02,1.184216e-01,5.310571e-02,3.628997e-03,1.609199e-02,7.883230e-02,3.112087e-01,3.009500e-03,6.120538e-02
2.244883e-01,1.428235e-02,1.741258e-02,4.743295e-02,6.934927e-02,3.885376e-02,9.678016e-03,1.270617e-01,4.413098e-02,4.325462e-03,1.536080e-02,6.255041e-02,2.729641e-01,3.005389e-03,4.910385e-02
2.019367e-01,1.319313e-02,1.971209e-02,4.103410e-02,8.452074e-02,3.056665e-02,1.240967e-02,1.191721e-01,4.281360e-02,4.161272e-03,1.398628e-02,4.632288e-02,3.160274e-01,2.450824e-03,5.169250e-02
1.850649e-01,1.916862e-02,2.647244e-02,4.589222e-02,7.491639e-02,2.572205e-02,1.087878e-02,1.087228e-01,4.842342e-02,4.942133e-03,1.237799e-02,3.678640e-02,3.516286e-01,2.224531e-03,4.677867e-02
1.584242e-01,1.759026e-02,3.000330e-02,3.654054e-02,6.427534e-02,2.479710e-02,1.007410e-02,1.382482e-01,4.744270e-02,5.514068e-03,1.454501e-02,2.800626e-02,3.746150e-01,2.091559e-03,4.783223e-02
1.293309e-01,2.310120e-02,2.969257e-02,3.265242e-02,5.680002e-02,2.380385e-02,8.705561e-03,1.216602e-01,7.240697e-02,7.347469e-03,1.351156e-02,2.075076e-02,4.095762e-01,1.903068e-03,4.875725e-02
1.125880e-01,2.217665e-02,2.612331e-02,2.598480e-02,5.130928e-02,2.026981e-02,7.417191e-03,1.052881e-01,6.812306e-02,7.125000e-03,1.121833e-02,1.708143e-02,4.823430e-01,1.547596e-03,4.140449e-02
1.829476e-01,2.786852e-02,2.687337e-02,3.025848e-02,5.756055e-02,2.204382e-02,8.234220e-03,8.231173e-02,8.860811e-02,1.493808e-02,1.331908e-02,2.016391e-02,3.794509e-01,2.094531e-03,4.332711e-02
1.347218e-01,2.434565e-02,2.610219e-02,3.160856e-02,6.027878e-02,3.212170e-02,7.179795e-03,6.029543e-02,1.303752e-01,7.598307e-02,3.203946e-02,1.809040e-02,2.795675e-01,7.422083e-03,7.986838e-02
9.631418e-02,1.821886e-02,2.357127e-02,2.432200e-02,5.098371e-02,2.660593e-02,5.213344e-03,4.324969e-02,1.065962e-01,9.375163e-02,7.316076e-02,1.870086e-02,2.224550e-01,1.618126e-02,1.806754e-01
7.236913e-02,1.556466e-02,3.174571e-02,2.125699e-02,4.453588e-02,2.113354e-02,4.053426e-03,3.115844e-02,9.240870e-02,9.978901e-02,1.192400e-01,1.722221e-02,1.863862e-01,3.155635e-02,2.115799e-01
6.076861e-02,1.330587e-02,2.576565e-02,1.790301e-02,4.977414e-02,1.757296e-02,3.461608e-03,2.232712e-02,7.351822e-02,1.146105e-01,1.277151e-01,1.348410e-02,1.396741e-01,7.546192e-02,2.446571e-01
4.703666e-02,1.129921e-02,2.878410e-02,1.532233e-02,4.326935e-02,1.497389e-02,2.723105e-03,1.594487e-02,6.708170e-02,1.737707e-01,1.168199e-01,1.045995e-02,9.980532e-02,1.232586e-01,2.294504e-01
3.471081e-02,9.380756e-03,2.712807e-02,1.648245e-02,3.291928e-02,1.796509e-02,2.277737e-03,1.160820e-02,5.847479e-02,2.725882e-01,1.160156e-01,1.355780e-02,7.931852e-02,1.105396e-01,1.970332e-01
2.842796e-02,7.437814e-03,2.195720e-02,1.493519e-02,2.578092e-02,1.820882e-02,1.938089e-03,8.498724e-03,4.660006e-02,3.394812e-01,1.420432e-01,1.511407e-02,6.036717e-02,1.018920e-01,1.673176e-01
2.943038e-02,6.115213e-03,1.578189e-02,1.396397e-02,1.997290e-02,1.542439e-02,1.486253e-03,6.443955e-03,4.475512e-02,2.791926e-01,2.660815e-01,1.746922e-02,6.042743e-02,8.513336e-02,1.383218e-01
2.505147e-02,4.905423e-03,1.127401e-02,1.579651e-02,1.466035e-02,1.480773e-02,1.173978e-03,6.872642e-03,4.268263e-02,2.911773e-01,3.127332e-01,2.391973e-02,5.170579e-02,7.027455e-02,1.129647e-01
2.100054e-02,5.229595e-03,8.175510e-03,1.338334e-02,1.316011e-02,1.123920e-02,9.835726e-04,5.338614e-03,1.258899e-01,2.230980e-01,3.354207e-01,3.863041e-02,4.791103e-02,5.455323e-02,9.598628e-02
1.555984e-02,4.409225e-03,6.342581e-03,1.723732e-02,1.048040e-02,1.113160e-02,7.734080e-04,7.519549e-03,1.382977e-01,2.122531e-01,3.157948e-01,3.577192e-02,4.350314e-02,4.977075e-02,1.311547e-01
1.132727e-02,3.539338e-03,4.497812e-03,1.280784e-02,1.055356e-02,1.054542e-02,6.370516e-04,5.565627e-03,2.719564e-01,1.708436e-01,2.730719e-01,3.296748e-02,3.974419e-02,4.032553e-02,1.116170e-01
9.859240e-03,4.476934e-03,4.072338e-03,1.332212e-02,1.670165e-02,1.074549e-02,7.066242e-04,1.024548e-02,3.290091e-01,1.495230e-01,2.495621e-01,2.815244e-02,4.606364e-02,3.723775e-02,9.032213e-02
8.250863e-03,7.475751e-03,5.586660e-03,1.141427e-02,2.258349e-02,1.015477e-02,7.127874e-04,9.266559e-03,3.608606e-01,1.359732e-01,2.520415e-01,2.226359e-02,4.216991e-02,3.625447e-02,7.499150e-02
7.223069e-03,1.015660e-02,2.656841e-02,1.838449e-02,2.062583e-02,9.583658e-03,9.045411e-04,6.294896e-02,3.574249e-01,1.174016e-01,2.192560e-01,2.404157e-02,4.116128e-02,2.985434e-02,5.446474e-02
7.413357e-03,1.827332e-02,7.396744e-02,2.377597e-02,2.299671e-02,1.022200e-02,1.367338e-03,6.101526e-02,4.016430e-01,8.715839e-02,1.796973e-01,1.901649e-02,3.259440e-02,2.228091e-02,3.857807e-02
6.213182e-03,1.502066e-02,6.332339e-02,3.652567e-02,1.919216e-02,1.322353e-02,1.299753e-03,4.970874e-02,5.192064e-01,6.379099e-02,1.311465e-01,1.424180e-02,2.387597e-02,1.581337e-02,2.741791e-02
8.950764e-03,1.238428e-02,4.660231e-02,3.013606e-02,2.231759e-02,2.084060e-02,1.854602e-03,3.710822e-02,6.156888e-01,4.964546e-02,9.382482e-02,1.016113e-02,1.720941e-02,1.149483e-02,2.178112e-02
1.578537e-02,1.142307e-02,3.566878e-02,2.573029e-02,3.034318e-02,3.255035e-02,2.466841e-03,3.371572e-02,6.553062e-01,3.940488e-02,7.011099e-02,7.417805e-03,1.247905e-02,9.369111e-03,1.822837e-02
1.733170e-02,1.168865e-02,2.675538e-02,2.040968e-02,3.822028e-02,3.478815e-02,2.514640e-03,3.307108e-02,6.982840e-01,2.888021e-02,5.130069e-02,5.493751e-03,9.041318e-03,7.649576e-03,1.457093e-02
2.442037e-02,1.419405e-02,2.426627e-02,1.744530e-02,3.444503e-02,4.021398e-02,1.278780e-02,8.168839e-02,6.535684e-01,2.228635e-02,3.749825e-02,4.636709e-03,1.422475e-02,5.917045e-03,1.240725e-02
2.143560e-02,1.338964e-02,1.910730e-02,8.713775e-02,3.370705e-02,5.457011e-02,1.199714e-02,7.015179e-02,4.876137e-01,1.745089e-02,2.903163e-02,4.938282e-03,1.315489e-01,4.314763e-03,1.360535e-02
1.774251e-02,1.140978e-02,1.490226e-02,9.835558e-02,4.268384e-02,4.632446e-02,9.582787e-03,5.561901e-02,3.656318e-01,1.284523e-02,2.223585e-02,8.939754e-03,2.770578e-01,3.177017e-03,1.349229e-02
1.602110e-02,9.069037e-03,1.111161e-02,7.464288e-02,6.449594e-02,3.831174e-02,7.148731e-03,4.213874e-02,2.786970e-01,9.254450e-03,1.679395e-02,1.464361e-02,4.027299e-01,2.280997e-03,1.266031e-02
1.815947e-02,1.188569e-02,1.820447e-02,1.275618e-01,5.274574e-02,2.945781e-02,5.191023e-03,3.415804e-02,2.448262e-01,7.027570e-03,1.734288e-02,1.947642e-02,4.002357e-01,1.769574e-03,1.195751e-02
1.444308e-02,9.106277e-03,1.312150e-02,9.130494e-02,3.919192e-02,2.508146e-02,3.702905e-03,2.459031e-02,1.749561e-01,4.989266e-03,1.307268e-02,2.525273e-02,5.506997e-01,1.283144e-03,9.203897e-03
1.424937e-02,9.904932e-03,1.125010e-02,7.215114e-02,2.822940e-02,3.519710e-02,2.747133e-03,1.885163e-02,1.383421e-01,4.100781e-03,1.120014e-02,3.324865e-02,6.102568e-01,1.056062e-03,9.214696e-03
1.708919e-02,1.685304e-02,1.131937e-02,5.261269e-02,2.144316e-02,1.060884e-01,2.067646e-03,1.401324e-02,1.555233e-01,3.160294e-03,1.652786e-02,3.033797e-02,5.417311e-01,1.374524e-03,9.858152e-03
1.630349e-02,1.505863e-02,1.106776e-02,5.189292e-02,1.639973e-02,1.674933e-01,1.671224e-03,1.297518e-02,1.655426e-01,2.864349e-03,1.503835e-02,2.533334e-02,4.855469e-01,1.452065e-03,1.136012e-02
