1.000000e+00,0.000000e+00,0.000000e+00,0.000000e+00,0.000000e+00,0.000000e+00,0.000000e+00,0.000000e+00,0.000000e+00,0.000000e+00,0.000000e+00,0.000000e+00,0.000000e+00,0.000000e+00,0.000000e+00
1.000000e+00,0.000000e+00,0.000000e+00,0.000000e+00,0.000000e+00,0.000000e+00,0.000000e+00,0.000000e+00,0.000000e+00,0.000000e+00,0.000000e+00,0.000000e+00,0.000000e+00,0.000000e+00,0.000000e+00
1.000000e+00,0.000000e+00,0.000000e+00,0.000000e+00,0.000000e+00,0.000000e+00,0.000000e+00,0.000000e+00,0.000000e+00,0.000000e+00,0.000000e+00,0.000000e+00,0.000000e+00,0.000000e+00,0.000000e+00
1.000000e+00,0.000000e+00,0.000000e+00,0.000000e+00,0.000000e+00,0.000000e+00,0.000000e+00,0.000000e+00,0.000000e+00,0.000000e+00,0.000000e+00,0.000000e+00,0.000000e+00,0.000000e+00,0.000000e+00
1.000000e+00,0.000000e+00,0.000000e+00,0.000000e+00,0.000000e+00,0.000000e+00,0.000000e+00,0.000000e+00,0.000000e+00,0.000000e+00,0.000000e+00,0.000000e+00,0.000000e+00,0.000000e+00,0.000000e+00
1.000000e+00,0.000000e+00,0.000000e+00,0.000000e+00,0.000000e+00,0.000000e+00,0.000000e+00,0.000000e+00,0.000000e+00,0.000000e+00,0.000000e+00,0.000000e+00,0.000000e+00,0.000000e+00,0.000000e+00
1.000000e+00,0.000000e+00,0.000000e+00,0.000000e+00,0.000000e+00,0.000000e+00,0.000000e+00,0.000000e+00,0.000000e+00,0.000000e+00,0.000000e+00,0.000000e+00,0.000000e+00,0.000000e+00,0.000000e+00
1.000000e+00,0.000000e+00,0.000000e+00,0.000000e+00,0.000000e+00,0.000000e+00,0.000000e+00,0.000000e+00,0.000000e+00,0.000000e+00,0.000000e+00,0.000000e+00,0.000000e+00,0.000000e+00,0.000000e+00
1.000000e+00,0.000000e+00,0.000000e+00,0.000000e+00,0.000000e+00,0.000000e+00,0.000000e+00,0.000000e+00,0.000000e+00,0.000000e+00,0.000000e+00,0.000000e+00,0.000000e+00,0.000000e+00,0.000000e+00
1.000000e+00,0.000000e+00,0.000000e+00,0.000000e+00,0.000000e+00,0.000000e+00,0.000000e+00,0.000000e+00,0.000000e+00,0.000000e+00,0.000000e+00,0.000000e+00,0.000000e+00,0.000000e+00,0.000000e+00
1.000000e+00,0.000000e+00,0.000000e+00,0.000000e+00,0.000000e+00,0.000000e+00,0.000000e+00,0.000000e+00,0.000000e+00,0.000000e+00,0.000000e+00,0.000000e+00,0.000000e+00,0.000000e+00,0.000000e+00
1.000000e+00,0.000000e+00,0.000000e+00,0.000000e+00,0.000000e+00,0.000000e+00,0.000000e+00,0.000000e+00,0.000000e+00,0.000000e+00,0.000000e+00,0.000000e+00,0.000000e+00,0.000000e+00,0.000000e+00
1.000000e+00,0.000000e+00,0.000000e+00,0.000000e+00,0.000000e+00,0.000000e+00,0.000000e+00,0.000000e+00,0.000000e+00,0.000000e+00,0.000000e+00,0.000000e+00,0.000000e+00,0.000000e+00,0.000000e+00
1.000000e+00,0.000000e+00,0.000000e+00,0.000000e+00,0.000000e+00,0.000000e+00,0.000000e+00,0.000000e+00,0.000000e+00,0.000000e+00,0.000000e+00,0.000000e+00,0.000000e+00,0.000000e+00,0.000000e+00
1.000000e+00,0.000000e+00,0.000000e+00,0.000000e+00,0.000000e+00,0.000000e+00,0.000000e+00,0.000000e+00,0.000000e+00,0.000000e+00,0.000000e+00,0.000000e+00,0.000000e+00,0.000000e+00,0.000000e+00
1.000000e+00,0.000000e+00,0.000000e+00,0.000000e+00,0.000000e+00,0.000000e+00,0.000000e+00,0.000000e+00,0.000000e+00,0.000000e+00,0.000000e+00,0.000000e+00,0.000000e+00,0.000000e+00,0.000000e+00
1.000000e+00,0.000000e+00,0.000000e+00,0.000000e+00,0.000000e+00,0.000000e+00,0.000000e+00,0.000000e+00,0.000000e+00,0.000000e+00,0.000000e+00,0.000000e+00,0.000000e+00,0.000000e+00,0.000000e+00
1.000000e+00,0.000000e+00,0.000000e+00,0.000000e+00,0.000000e+00,0.000000e+00,0.000000e+00,0.000000e+00,0.000000e+00,0.000000e+00,0.000000e+00,0.000000e+00,0.000000e+00,0.000000e+00,0.000000e+00
1.000000e+00,0.000000e+00,0.000000e+00,0.000000e+00,0.000000e+00,0.000000e+00,0.000000e+00,0.000000e+00,0.000000e+00,0.000000e+00,0.000000e+00,0.000000e+00,0.000000e+00,0.000000e+00,0.000000e+00
1.000000e+00,0.000000e+00,0.000000e+00,0.000000e+00,0.000000e+00,0.000000e+00,0.000000e+00,0.000000e+00,0.000000e+00,0.000000e+00,0.000000e+00,0.000000e+00,0.000000e+00,0.000000e+00,0.000000e+00
1.000000e+00,0.000000e+00,0.000000e+00,0.000000e+00,0.000000e+00,0.000000e+00,0.000000e+00,0.000000e+00,0.000000e+00,0.000000e+00,0.000000e+00,0.000000e+00,0.000000e+00,0.000000e+00,0.000000e+00
1.000000e+00,0.000000e+00,0.000000e+00,0.000000e+00,0.000000e+00,0.000000e+00,0.000000e+00,0.000000e+00,0.000000e+00,0.000000e+00,0.000000e+00,0.000000e+00,0.000000e+00,0.000000e+00,0.000000e+00
1.000000e+00,0.000000e+00,0.000000e+00,0.000000e+00,0.000000e+00,0.000000e+00,0.000000e+00,0.000000e+00,0.000000e+00,0.000000e+00,0.000000e+00,0.000000e+00,0.000000e+00,0.000000e+00,0.000000e+00
1.000000e+00,0.000000e+00,0.000000e+00,0.000000e+00,0.000000e+00,0.000000e+00,0.000000e+00,0.000000e+00,0.000000e+00,0.000000e+00,0.000000e+00,0.000000e+00,0.000000e+00,0.000000e+00,0.000000e+00
1.000000e+00,0.000000e+00,0.000000e+00,0.000000e+00,0.000000e+00,0.000000e+00,0.000000e+00,0.000000e+00,0.000000e+00,0.000000e+00,0.000000e+00,0.000000e+00,0.000000e+00,0.000000e+00,0.000000e+00
1.000000e+00,0.000000e+00,0.000000e+00,0.000000e+00,0.000000e+00,0.000000e+00,0.000000e+00,0.000000e+00,0.000000e+00,0.000000e+00,0.000000e+00,0.000000e+00,0.000000e+00,0.000000e+00,0.000000e+00
1.000000e+00,0.000000e+00,0.000000e+00,0.000000e+00,0.000000e+00,0.000000e+00,0.000000e+00,0.000000e+00,0.000000e+00,0.000000e+00,0.000000e+00,0.000000e+00,0.000000e+00,0.000000e+00,0.000000e+00
1.000000e+00,0.000000e+00,0.000000e+00,0.000000e+00,0.000000e+00,0.000000e+00,0.000000e+00,0.000000e+00,0.000000e+00,0.000000e+00,0.000000e+00,0.000000e+00,0.000000e+00,0.000000e+00,0.000000e+00
1.000000e+00,0.000000e+00,0.000000e+00,0.000000e+00,0.000000e+00,0.000000e+00,0.000000e+00,0.000000e+00,0.000000e+00,0.000000e+00,0.000000e+00,0.000000e+00,0.000000e+00,0.000000e+00,0.000000e+00
1.000000e+00,0.000000e+00,0.000000e+00,0.000000e+00,0.000000e+00,0.000000e+00,0.000000e+00,0.000000e+00,0.000000e+00,0.000000e+00,0.000000e+00,0.000000e+00,0.000000e+00,0.000000e+00,0.000000e+00
1.000000e+00,0.000000e+00,0.000000e+00,0.000000e+00,0.000000e+00,0.000000e+00,0.000000e+00,0.000000e+00,0.000000e+00,0.000000e+00,0.000000e+00,0.000000e+00,0.000000e+00,0.000000e+00,0.000000e+00
1.000000e+00,0.000000e+00,0.000000e+00,0.000000e+00,0.000000e+00,0.000000e+00,0.000000e+00,0.000000e+00,0.000000e+00,0.000000e+00,0.000000e+00,0.000000e+00,0.000000e+00,0.000000e+00,0.000000e+00
1.000000e+00,0.000000e+00,0.000000e+00,0.000000e+00,0.000000e+00,0.000000e+00,0.000000e+00,0.000000e+00,0.000000e+00,0.000000e+00,0.000000e+00,0.000000e+00,0.000000e+00,0.000000e+00,0.000000e+00
1.000000e+00,0.000000e+00,0.000000e+00,0.000000e+00,0.000000e+00,0.000000e+00,0.000000e+00,0.000000e+00,0.000000e+00,0.000000e+00,0.000000e+00,0.000000e+00,0.000000e+00,0.000000e+00,0.000000e+00
1.000000e+00,0.000000e+00,0.000000e+00,0.000000e+00,0.000000e+00,0.000000e+00,0.000000e+00,0.000000e+00,0.000000e+00,0.000000e+00,0.000000e+00,0.000000e+00,0.000000e+00,0.000000e+00,0.000000e+00
1.000000e+00,0.000000e+00,0.000000e+00,0.000000e+00,0.000000e+00,0.000000e+00,0.000000e+00,0.000000e+00,0.000000e+00,0.000000e+00,0.000000e+00,0.000000e+00,0.000000e+00,0.000000e+00,0.000000e+00
1.000000e+00,0.000000e+00,0.000000e+00,0.000000e+00,0.000000e+00,0.000000e+00,0.000000e+00,0.000000e+00,0.000000e+00,0.000000e+00,0.000000e+00,0.000000e+00,0.000000e+00,0.000000e+00,0.000000e+00
1.000000e+00,0.000000e+00,0.000000e+00,0.000000e+00,0.000000e+00,0.000000e+00,0.000000e+00,0.000000e+00,0.000000e+00,0.000000e+00,0.000000e+00,0.000000e+00,0.000000e+00,0.000000e+00,0.000000e+00
1.000000e+00,0.000000e+00,0.000000e+00,0.000000e+00,0.000000e+00,0.000000e+00,0.000000e+00,0.000000e+00,0.000000e+00,0.000000e+00,0.000000e+00,0.000000e+00,0.000000e+00,0.000000e+00,0.000000e+00
1.000000e+00,0.000000e+00,0.000000e+00,0.000000e+00,0.000000e+00,0.000000e+00,0.000000e+00,0.000000e+00,0.000000e+00,0.000000e+00,0.000000e+00,0.000000e+00,0.000000e+00,0.000000e+00,0.000000e+00
1.000000e+00,0.000000e+00,0.000000e+00,0.000000e+00,0.000000e+00,0.000000e+00,0.000000e+00,0.000000e+00,0.000000e+00,0.000000e+00,0.000000e+00,0.000000e+00,0.000000e+00,0.000000e+00,0.000000e+00
1.000000e+00,0.000000e+00,0.000000e+00,0.000000e+00,0.000000e+00,0.000000e+00,0.000000e+00,0.000000e+00,0.000000e+00,0.000000e+00,0.000000e+00,0.000000e+00,0.000000e+00,0.000000e+00,0.000000e+00
1.000000e+00,0.000000e+00,0.000000e+00,0.000000e+00,0.000000e+00,0.000000e+00,0.000000e+00,0.000000e+00,0.000000e+00,0.000000e+00,0.000000e+00,0.000000e+00,0.000000e+00,0.000000e+00,0.000000e+00
1.000000e+00,0.000000e+00,0.000000e+00,0.000000e+00,0.000000e+00,0.000000e+00,0.000000e+00,0.000000e+00,0.000000e+00,0.000000e+00,0.000000e+00,0.000000e+00,0.000000e+00,0.000000e+00,0.000000e+00
1.000000e+00,0.000000e+00,0.000000e+00,0.000000e+00,0.000000e+00,0.000000e+00,0.000000e+00,0.000000e+00,0.000000e+00,0.000000e+00,0.000000e+00,0.000000e+00,0.000000e+00,0.000000e+00,0.000000e+00
1.000000e+00,0.000000e+00,0.000000e+00,0.000000e+00,0.000000e+00,0.000000e+00,0.000000e+00,0.000000e+00,0.000000e+00,0.000000e+00,0.000000e+00,0.000000e+00,0.000000e+00,0.000000e+00,0.000000e+00
1.000000e+00,0.000000e+00,0.000000e+00,0.000000e+00,0.000000e+00,0.000000e+00,0.000000e+00,0.000000e+00,0.000000e+00,0.000000e+00,0.000000e+00,0.000000e+00,0.000000e+00,0.000000e+00,0.000000e+00
1.000000e+00,0.000000e+00,0.000000e+00,0.000000e+00,0.000000e+00,0.000000e+00,0.000000e+00,0.000000e+00,0.000000e+00,0.000000e+00,0.000000e+00,0.000000e+00,0.000000e+00,0.000000e+00,0.000000e+00
1.000000e+00,0.000000e+00,0.000000e+00,0.000000e+00,0.000000e+00,0.000000e+00,0.000000e+00,0.000000e+00,0.000000e+00,0.000000e+00,0.000000e+00,0.000000e+00,0.000000e+00,0.000000e+00,0.000000e+00
1.000000e+00,0.000000e+00,0.000000e+00,0.000000e+00,0.000000e+00,0.000000e+00,0.000000e+00,0.000000e+00,0.000000e+00,0.000000e+00,0.000000e+00,0.000000e+00,0.000000e+00,0.000000e+00,0.000000e+00
1.000000e+00,0.000000e+00,0.000000e+00,0.000000e+00,0.000000e+00,0.000000e+00,0.000000e+00,0.000000e+00,0.000000e+00,0.000000e+00,0.000000e+00,0.000000e+00,0.000000e+00,0.000000e+00,0.000000e+00
1.000000e+00,0.000000e+00,0.000000e+00,0.000000e+00,0.000000e+00,0.000000e+00,0.000000e+00,0.000000e+00,0.000000e+00,0.000000e+00,0.000000e+00,0.000000e+00,0.000000e+00,0.000000e+00,0.000000e+00
1.000000e+00,0.000000e+00,0.000000e+00,0.000000e+00,0.000000e+00,0.000000e+00,0.000000e+00,0.000000e+00,0.000000e+00,0.000000e+00,0.000000e+00,0.000000e+00,0.000000e+00,0.000000e+00,0.000000e+00
1.000000e+00,0.000000e+00,0.000000e+00,0.000000e+00,0.000000e+00,0.000000e+00,0.000000e+00,0.000000e+00,0.000000e+00,0.000000e+00,0.000000e+00,0.000000e+00,0.000000e+00,0.000000e+00,0.000000e+00
1.000000e+00,0.000000e+00,0.000000e+00,0.000000e+00,0.000000e+00,0.000000e+00,0.000000e+00,0.000000e+00,0.000000e+00,0.000000e+00,0.000000e+00,0.000000e+00,0.000000e+00,0.000000e+00,0.000000e+00
1.000000e+00,0.000000e+00,0.000000e+00,0.000000e+00,0.000000e+00,0.000000e+00,0.000000e+00,0.000000e+00,0.000000e+00,0.000000e+00,0.000000e+00,0.000000e+00,0.000000e+00,0.000000e+00,0.000000e+00
1.000000e+00,0.000000e+00,0.000000e+00,0.000000e+00,0.000000e+00,0.000000e+00,0.000000e+00,0.000000e+00,0.000000e+00,0.000000e+00,0.000000e+00,0.000000e+00,0.000000e+00,0.000000e+00,0.000000e+00
1.000000e+00,0.000000e+00,0.000000e+00,0.000000e+00,0.000000e+00,0.000000e+00,0.000000e+00,0.000000e+00,0.000000e+00,0.000000e+00,0.000000e+00,0.000000e+00,0.000000e+00,0.000000e+00,0.000000e+00
1.000000e+00,0.000000e+00,0.000000e+00,0.000000e+00,0.000000e+00,0.000000e+00,0.000000e+00,0.000000e+00,0.000000e+00,0.000000e+00,0.000000e+00,0.000000e+00,0.000000e+00,0.000000e+00,0.000000e+00
1.000000e+00,0.000000e+00,0.000000e+00,0.000000e+00,0.000000e+00,0.000000e+00,0.000000e+00,0.000000e+00,0.000000e+00,0.000000e+00,0.000000e+00,0.000000e+00,0.000000e+00,0.000000e+00,0.000000e+00
4.466505e-01,1.648926e-02,1.258592e-02,2.556820e-02,2.880482e-03,1.640483e-02,2.316772e-03,5.815500e-03,8.619973e-03,1.675591e-03,2.935654e-01,2.016494e-02,8.217986e-03,1.221584e-01,1.688642e-02
3.132165e-01,1.193679e-02,8.966647e-03,1.810808e-02,2.141941e-03,1.228362e-02,1.668197e-03,4.270252e-03,7.248130e-03,1.786433e-03,4.222901e-01,1.707534e-02,5.933949e-03,1.596705e-01,1.340359e-02
2.196375e-01,8.951184e-03,6.569232e-03,1.333317e-02,1.839264e-03,9.939469e-03,1.260138e-03,3.113872e-03,7.963555e-03,8.720082e-03,5.335569e-01,1.387424e-02,4.268012e-03,1.530131e-01,1.396034e-02
1.540962e-01,7.143973e-03,4.923079e-03,9.722223e-03,2.231440e-03,9.362753e-03,9.764987e-04,2.242936e-03,9.989142e-03,4.085237e-02,5.712609e-01,1.171593e-02,3.187278e-03,1.543411e-01,1.795418e-02
1.081265e-01,6.505573e-03,6.338144e-03,7.194464e-03,3.727659e-03,8.961953e-03,8.247718e-04,1.720866e-03,1.223103e-02,1.543118e-01,5.259269e-01,9.987498e-03,2.419674e-03,1.341549e-01,1.756822e-02
7.644887e-02,6.552701e-03,6.040849e-03,6.616787e-03,3.323454e-03,9.465715e-03,6.686960e-04,1.390916e-03,2.705800e-02,1.201463e-01,4.864173e-01,1.104788e-02,2.097202e-03,2.251422e-01,1.758309e-02
5.457042e-02,5.864818e-03,5.591025e-03,5.593014e-03,3.107205e-03,1.056171e-02,5.211015e-04,1.069328e-03,2.767781e-02,9.242489e-02,4.274924e-01,1.073329e-02,1.631455e-03,3.394422e-01,1.371935e-02
3.898299e-02,5.387403e-03,4.238063e-03,5.462945e-03,2.717942e-03,9.480637e-03,4.075100e-04,8.215395e-04,3.267535e-02,8.275302e-02,4.261365e-01,1.038339e-02,1.534623e-03,3.654549e-01,1.356325e-02
2.782295e-02,5.746877e-03,3.342342e-03,4.919386e-03,2.840315e-03,9.725754e-03,4.479464e-04,7.497938e-04,3.234344e-02,9.128384e-02,4.503009e-01,9.825766e-03,1.872833e-03,3.429869e-01,1.579104e-02
1.980101e-02,2.664319e-02,6.852091e-03,4.346580e-03,5.038699e-03,2.122760e-02,8.107934e-04,8.919878e-04,5.799876e-02,1.127853e-01,3.899803e-01,9.522736e-03,2.143292e-03,3.148790e-01,2.707871e-02
1.461967e-02,2.376658e-02,6.815135e-03,4.663621e-03,8.081949e-03,2.176179e-02,8.923205e-04,1.989857e-03,7.520598e-02,2.199154e-01,3.391340e-01,8.947747e-03,3.598656e-03,2.410515e-01,2.955586e-02
1.106751e-02,1.943920e-02,5.868572e-03,5.613770e-03,8.432526e-03,1.811640e-02,1.318058e-03,2.991498e-03,7.387647e-02,2.647117e-01,3.571363e-01,8.769524e-03,5.530554e-03,1.893432e-01,2.778475e-02
8.164606e-03,1.533456e-02,4.656121e-03,5.153666e-03,7.778274e-03,1.554703e-02,1.486928e-03,2.500097e-03,6.064210e-02,2.228099e-01,4.759224e-01,8.117358e-03,5.774783e-03,1.371052e-01,2.900698e-02
6.046020e-03,1.269980e-02,3.910935e-03,4.282308e-03,9.674005e-03,1.303044e-02,1.947778e-03,1.980650e-03,4.909030e-02,1.855732e-01,5.650941e-01,7.281901e-03,5.093933e-03,1.012819e-01,3.301282e-02
9.743115e-03,1.340376e-02,6.413021e-03,6.617966e-03,1.265558e-02,1.050352e-01,3.884270e-03,9.378621e-03,3.842101e-02,1.410191e-01,5.209382e-01,1.896214e-02,8.782212e-03,7.372780e-02,3.101807e-02
9.346195e-03,2.616978e-02,6.755376e-03,6.341326e-03,1.061935e-02,1.624431e-01,4.289120e-03,7.661034e-03,3.369969e-02,1.033770e-01,4.855482e-01,4.227141e-02,8.325223e-03,5.408014e-02,3.907305e-02
1.051390e-02,2.464474e-02,1.135769e-02,8.330913e-03,1.000112e-02,2.958433e-01,7.471642e-03,2.987726e-02,2.719069e-02,7.587623e-02,3.774098e-01,4.550897e-02,7.702601e-03,3.859375e-02,2.967749e-02
1.109855e-02,6.747045e-02,1.029123e-02,1.213467e-02,1.204299e-02,2.345624e-01,5.639850e-03,4.376129e-02,1.067919e-01,5.922846e-02,3.205131e-01,5.281371e-02,1.127276e-02,2.891115e-02,2.346752e-02
1.892325e-02,5.861854e-02,1.162694e-02,2.423712e-02,1.203985e-02,2.255944e-01,6.503027e-03,1.343554e-01,8.213008e-02,4.536662e-02,2.774507e-01,5.204353e-02,1.220921e-02,2.124864e-02,1.765274e-02
1.873771e-02,7.471758e-02,1.656933e-02,7.576127e-02,2.126049e-02,2.606844e-01,4.907876e-03,9.588995e-02,8.753069e-02,3.401120e-02,2.114561e-01,5.695904e-02,1.131759e-02,1.551475e-02,1.468203e-02
1.339029e-02,5.286232e-02,1.406021e-02,1.973727e-01,2.417173e-02,2.026251e-01,3.507357e-03,6.755008e-02,6.320473e-02,2.566296e-02,2.141394e-01,5.709109e-02,4.266424e-02,1.095545e-02,1.074240e-02
9.763255e-03,3.718801e-02,1.021130e-02,1.650849e-01,2.010985e-02,1.458011e-01,2.508535e-03,4.748208e-02,4.474444e-02,2.176637e-02,3.191351e-01,4.999561e-02,1.102562e-01,7.851687e-03,8.101615e-03
8.705430e-03,2.609415e-02,7.855094e-03,1.168514e-01,5.442889e-02,1.036036e-01,1.960285e-03,3.396391e-02,3.573224e-02,1.697269e-02,3.187130e-01,4.957473e-02,2.111480e-01,5.821321e-03,8.575296e-03
9.054136e-03,1.866664e-02,9.231578e-03,8.423490e-02,6.242368e-02,7.452177e-02,1.689809e-03,2.430089e-02,2.786302e-02,2.283163e-02,2.743912e-01,6.571311e-02,2.980928e-01,5.234358e-03,2.175051e-02
1.129964e-02,1.431435e-02,9.640329e-03,6.758784e-02,5.663275e-02,5.622065e-02,2.413803e-03,1.781647e-02,2.577965e-02,2.381466e-02,2.194166e-01,7.355714e-02,3.913345e-01,7.848926e-03,2.232261e-02
9.469398e-03,1.033730e-02,9.335329e-03,5.404531e-02,4.335789e-02,4.162890e-02,2.082847e-03,1.437362e-02,2.052783e-02,2.095453e-02,1.817477e-01,6.071652e-02,4.334132e-01,1.977980e-02,7.822979e-02
7.424968e-03,8.754231e-03,1.308001e-02,5.703189e-02,3.518964e-02,3.163394e-02,1.615048e-03,1.145046e-02,1.925379e-02,2.690585e-02,1.602079e-01,7.227066e-02,4.543831e-01,1.920749e-02,8.159103e-02
7.178516e-03,6.376284e-03,1.171615e-02,4.715301e-02,3.199163e-02,2.407975e-02,1.644159e-03,1.328804e-02,1.743464e-02,2.549080e-02,1.455012e-01,6.729922e-02,5.122526e-01,1.600551e-02,7.258853e-02
7.075011e-03,4.695714e-03,9.504023e-03,3.649227e-02,3.226322e-02,1.758811e-02,1.425527e-03,1.518109e-02,1.751962e-02,2.269747e-02,1.538945e-01,5.989904e-02,5.499699e-01,1.328398e-02,5.851057e-02
8.715155e-03,1.079590e-02,3.055777e-02,2.891850e-02,3.545221e-02,1.325628e-02,1.196642e-03,1.719578e-02,3.370528e-02,2.860145e-02,1.477357e-01,5.621690e-02,5.267293e-01,1.258271e-02,4.834053e-02
1.525146e-02,2.258936e-02,3.735401e-02,3.081205e-02,3.700946e-02,1.274830e-02,1.835222e-03,1.480821e-02,4.553415e-02,3.040106e-02,1.286617e-01,5.223977e-02,4.641340e-01,1.231984e-02,9.430150e-02
1.572993e-02,1.783008e-02,3.183359e-02,2.431086e-02,3.447029e-02,1.041967e-02,1.841497e-03,1.198688e-02,4.084283e-02,2.686783e-02,1.116317e-01,6.157713e-02,4.175598e-01,1.276143e-02,1.803366e-01
2.148489e-02,1.440070e-02,3.459595e-02,2.230538e-02,3.337166e-02,9.120759e-03,1.756523e-03,1.439063e-02,3.739981e-02,2.845144e-02,1.246569e-01,9.750570e-02,3.937328e-01,2.203229e-02,1.447946e-01
1.878482e-02,1.313044e-02,5.774077e-02,1.776131e-02,6.924719e-02,2.427947e-02,6.168282e-03,1.394412e-02,3.395854e-02,3.441515e-02,1.338957e-01,9.977417e-02,3.365109e-01,2.840955e-02,1.119797e-01
1.529051e-02,1.023665e-02,4.707464e-02,1.424082e-02,6.364211e-02,2.779818e-02,1.255969e-02,1.636718e-02,4.161987e-02,3.250811e-02,1.166635e-01,1.569221e-01,3.178277e-01,3.129204e-02,9.595700e-02
2.142043e-02,9.290746e-03,3.714072e-02,1.891135e-02,5.518822e-02,3.618186e-02,9.933110e-03,1.868401e-02,4.130056e-02,3.377207e-02,1.099608e-01,1.463172e-01,3.514952e-01,3.128719e-02,7.911657e-02
1.758773e-02,7.004066e-03,3.026263e-02,1.706823e-02,4.471157e-02,2.934386e-02,7.385687e-03,1.951430e-02,3.711594e-02,3.001195e-02,1.019755e-01,1.323472e-01,4.291368e-01,3.271204e-02,6.382245e-02
1.786622e-02,5.299313e-03,2.409828e-02,1.670297e-02,4.601953e-02,2.207787e-02,5.584917e-03,2.498103e-02,3.302920e-02,2.892436e-02,1.426649e-01,1.331327e-01,4.096090e-01,3.949865e-02,5.051110e-02
1.882004e-02,3.940566e-03,1.826182e-02,1.382169e-02,4.565139e-02,1.607884e-02,4.531176e-03,2.241405e-02,2.653747e-02,3.561390e-02,1.489912e-01,1.510946e-01,4.035851e-01,5.116874e-02,3.948940e-02
2.006077e-02,3.778440e-03,1.690946e-02,1.454332e-02,4.781980e-02,1.269770e-02,3.971934e-03,2.004454e-02,2.387214e-02,3.120080e-02,1.292505e-01,1.411422e-01,4.636199e-01,4.005054e-02,3.103800e-02
2.423022e-02,7.944098e-03,1.419739e-02,1.284923e-02,6.850201e-02,1.332646e-02,4.431999e-03,1.777670e-02,4.181784e-02,2.465047e-02,1.049993e-01,1.501386e-01,4.522789e-01,3.615725e-02,2.669954e-02
3.561917e-02,1.193626e-02,1.443957e-02,1.089818e-02,1.039208e-01,2.080943e-02,1.516107e-02,2.959075e-02,6.020226e-02,2.112281e-02,8.266842e-02,2.088994e-01,3.363360e-01,2.639628e-02,2.199972e-02
3.124277e-02,1.774188e-02,1.808842e-02,2.045067e-02,1.346232e-01,2.005720e-02,1.337736e-02,2.831048e-02,1.873817e-01,1.768050e-02,6.128593e-02,1.511672e-01,2.453448e-01,2.153662e-02,3.171128e-02
3.697893e-02,2.142074e-02,1.647829e-02,2.117914e-02,1.686053e-01,5.175949e-02,1.591182e-02,3.299844e-02,2.118527e-01,1.421340e-02,4.751776e-02,1.179685e-01,1.933126e-01,1.747745e-02,3.232546e-02
5.568323e-02,1.879218e-02,2.689626e-02,1.884321e-02,2.321008e-01,4.148908e-02,1.622641e-02,6.326227e-02,1.806818e-01,1.165672e-02,4.660398e-02,8.687954e-02,1.634067e-01,1.321610e-02,2.426165e-02
8.502155e-02,2.287089e-02,3.395718e-02,2.268123e-02,2.225835e-01,4.376281e-02,1.921700e-02,5.996045e-02,2.176740e-01,1.243812e-02,3.838836e-02,6.331153e-02,1.259032e-01,1.066853e-02,2.156164e-02
9.354632e-02,2.679587e-02,3.144075e-02,2.201365e-02,3.011405e-01,3.628263e-02,1.872493e-02,4.587588e-02,2.008068e-01,1.799804e-02,3.400792e-02,4.601875e-02,9.372738e-02,1.012038e-02,2.150017e-02
1.282668e-01,2.582975e-02,2.494886e-02,1.782238e-02,3.612736e-01,3.203718e-02,1.559737e-02,3.513677e-02,1.842378e-01,1.352941e-02,2.697638e-02,3.561228e-02,7.015339e-02,1.098188e-02,1.759612e-02
1.654206e-01,2.370310e-02,2.153390e-02,2.238644e-02,3.771270e-01,3.595919e-02,1.394337e-02,2.886917e-02,1.631017e-01,1.026096e-02,2.232537e-02,2.981909e-02,6.043627e-02,9.167433e-03,1.594636e-02
1.865843e-01,3.561472e-02,1.776030e-02,2.304718e-02,3.310846e-01,4.219255e-02,1.146550e-02,3.545969e-02,1.631747e-01,9.038352e-03,1.912279e-02,2.547884e-02,7.005171e-02,6.857613e-03,2.306716e-02
2.125141e-01,5.217396e-02,1.790343e-02,2.493225e-02,2.358468e-01,4.191136e-02,9.186563e-03,2.749114e-02,1.920977e-01,1.062980e-02,1.936649e-02,3.148220e-02,8.475587e-02,7.495877e-03,3.221244e-02
2.237490e-01,6.475820e-02,1.774090e-02,2.790751e-02,1.670836e-01,4.727811e-02,7.556737e-03,2.509819e-02,1.917793e-01,1.002558e-02,2.014691e-02,3.525709e-02,1.203926e-01,6.175192e-03,3.505099e-02
1.819885e-01,6.615575e-02,1.361272e-02,2.764908e-02,1.186975e-01,4.446123e-02,6.232107e-03,1.983862e-02,1.603139e-01,8.765780e-03,1.568323e-02,3.153650e-02,2.637748e-01,4.516379e-03,3.677381e-02
1.345592e-01,8.677081e-02,1.027722e-02,2.777651e-02,8.424035e-02,3.860267e-02,4.646782e-03,1.548752e-02,1.338627e-01,7.912993e-03,1.201531e-02,2.472219e-02,3.461369e-01,3.536613e-03,6.945223e-02
9.479900e-02,7.250431e-02,7.900994e-03,2.084337e-02,5.905297e-02,2.782966e-02,3.313335e-03,1.103460e-02,9.889866e-02,6.878594e-03,8.977546e-03,1.842232e-02,4.134335e-01,2.956319e-03,1.531548e-01
6.636845e-02,5.204036e-02,5.776175e-03,1.466350e-02,4.138648e-02,1.958954e-02,2.333656e-03,7.752432e-03,6.993496e-02,5.354495e-03,6.342417e-03,1.294388e-02,2.949825e-01,2.126985e-03,3.984042e-01
4.646934e-02,3.657097e-02,4.246238e-03,1.028761e-02,2.902730e-02,1.386585e-02,1.641152e-03,5.435274e-03,4.907225e-02,4.124853e-03,4.509941e-03,9.100745e-03,2.094611e-01,1.547243e-03,5.746402e-01
3.259251e-02,2.576101e-02,3.173659e-03,7.213112e-03,2.044003e-02,1.004891e-02,1.164956e-03,3.819530e-03,3.448236e-02,4.323727e-03,3.269963e-03,6.389187e-03,1.486880e-01,1.158772e-03,6.974742e-01
2.286735e-02,1.808508e-02,2.300744e-03,5.053110e-03,1.438913e-02,7.327108e-03,8.209252e-04,2.681899e-03,2.419826e-02,3.297286e-03,2.351927e-03,4.478309e-03,1.046563e-01,8.591110e-04,7.866334e-01
1.606084e-02,1.278075e-02,1.662316e-03,3.542851e-03,1.010996e-02,5.368447e-03,5.806536e-04,1.883566e-03,1.704305e-02,2.659652e-03,1.710843e-03,3.138867e-03,7.341859e-02,6.284295e-04,8.494111e-01
1.143062e-02,9.148230e-03,1.172792e-03,2.481188e-03,7.403936e-03,3.829799e-03,4.077082e-04,1.319072e-03,1.205286e-02,2.081789e-03,1.625921e-03,2.201964e-03,5.152643e-02,5.427131e-04,8.927749e-01
8.517258e-03,7.474007e-03,8.403425e-04,1.742378e-03,5.442138e-03,3.037498e-03,2.865622e-04,9.245806e-04,8.630534e-03,1.677049e-03,1.635812e-03,1.623118e-03,3.617770e-02,1.283336e-03,9.207076e-01
6.227452e-03,6.968585e-03,6.569427e-04,1.236375e-03,3.911958e-03,3.045444e-03,2.057665e-04,6.484892e-04,8.810015e-03,2.652468e-03,2.263736e-03,1.313524e-03,2.551822e-02,4.383780e-03,9.321573e-01
5.826884e-03,5.939315e-03,5.193980e-04,8.853454e-04,2.926923e-03,3.735043e-03,1.476685e-04,4.557354e-04,7.157656e-03,2.694578e-03,4.803314e-03,9.864067e-04,1.807120e-02,8.129001e-03,9.377216e-01
7.238545e-03,4.520828e-03,1.039662e-03,6.624286e-04,2.118765e-03,1.188663e-02,1.146021e-04,3.237087e-04,8.103921e-03,3.577262e-03,6.566276e-03,7.605546e-04,1.289120e-02,7.783850e-02,8.623571e-01
5.584704e-03,3.956888e-03,1.054125e-03,4.865162e-04,1.496506e-03,1.073386e-02,8.315269e-05,2.278819e-04,9.996135e-03,3.656021e-03,7.130311e-03,6.127961e-04,9.133224e-03,1.192702e-01,8.265777e-01
4.507483e-03,4.174174e-03,9.144810e-04,3.553986e-04,1.059954e-03,9.371057e-03,6.142959e-05,1.614668e-04,9.058381e-03,4.758136e-03,6.327174e-03,4.625368e-04,6.495496e-03,1.771208e-01,7.751720e-01
4.968707e-03,5.109768e-03,1.818315e-03,3.226089e-04,8.507076e-04,8.770577e-03,7.336620e-05,1.591736e-04,1.565197e-02,7.284622e-03,5.877526e-03,3.803157e-04,4.891065e-03,1.612391e-01,7.826021e-01
3.792082e-03,4.334423e-03,1.462287e-03,2.434568e-04,6.351699e-04,6.960692e-03,6.213083e-05,1.143694e-04,1.682530e-02,7.688562e-03,4.517930e-03,2.856395e-04,3.528008e-03,1.555110e-01,7.940390e-01
2.821430e-03,3.870644e-03,1.306570e-03,1.861180e-04,4.887286e-04,5.033442e-03,4.896467e-05,9.193218e-05,3.187620e-02,9.487845e-03,3.917892e-03,2.488344e-04,2.584474e-03,1.894217e-01,7.486152e-01
4.822711e-03,4.483763e-03,2.633752e-03,8.779024e-04,3.190304e-03,1.316365e-02,3.715349e-04,7.699699e-03,1.884701e-01,1.925220e-02,4.978451e-03,2.567745e-04,2.457100e-03,1.934211e-01,5.539209e-01
5.243379e-03,4.504560e-03,2.484901e-03,8.693495e-04,3.919780e-03,1.046589e-02,3.089348e-04,6.286844e-03,2.295316e-01,3.987178e-02,5.788472e-03,8.410417e-04,3.498795e-03,2.470701e-01,4.393145e-01
1.366767e-02,1.096154e-02,6.102686e-03,2.479644e-03,1.364085e-02,8.992697e-03,5.266657e-04,1.098531e-02,3.185344e-01,6.328585e-02,7.963095e-03,1.770766e-03,5.682918e-03,2.063353e-01,3.290706e-01
1.721312e-02,9.204069e-03,5.524095e-03,2.317191e-03,1.304427e-02,6.587876e-03,5.335271e-04,8.887242e-03,3.570043e-01,1.558540e-01,8.011492e-03,1.770376e-03,9.376787e-03,1.510554e-01,2.536162e-01
1.573348e-02,2.051652e-02,1.130643e-02,1.371930e-02,1.729962e-02,5.796312e-03,6.533001e-04,1.371413e-02,3.899038e-01,1.464713e-01,1.253921e-02,5.812085e-03,4.146985e-02,1.185559e-01,1.865087e-01
1.550550e-02,3.347870e-02,1.305074e-02,2.444098e-02,1.852010e-02,1.294192e-02,9.368930e-04,1.959671e-02,3.495383e-01,1.141474e-01,2.975095e-02,4.558676e-02,8.240353e-02,9.391580e-02,1.461857e-01
1.455491e-02,3.622591e-02,1.151707e-02,2.070847e-02,1.949783e-02,2.671033e-02,1.225175e-03,1.971261e-02,4.013202e-01,9.055254e-02,3.530210e-02,4.506037e-02,9.144753e-02,7.073140e-02,1.154336e-01
1.835718e-02,3.654569e-02,1.727713e-02,2.685422e-02,4.271029e-02,3.249502e-02,1.884196e-03,4.608107e-02,4.444927e-01,6.651213e-02,2.805723e-02,3.312108e-02,7.128284e-02,5.029619e-02,8.403303e-02
2.776229e-02,4.632791e-02,1.677745e-02,2.660741e-02,5.858391e-02,4.577214e-02,1.911446e-03,5.208222e-02,4.440705e-01,5.280150e-02,2.190431e-02,2.528586e-02,6.286052e-02,3.803913e-02,7.921344e-02
3.861863e-02,6.052922e-02,1.613461e-02,2.293208e-02,6.396786e-02,5.185910e-02,2.312868e-03,4.866102e-02,4.511949e-01,4.369643e-02,1.638341e-02,1.867292e-02,5.009795e-02,2.863500e-02,8.630398e-02
6.751335e-02,5.866709e-02,3.125066e-02,3.434619e-02,8.528402e-02,4.143603e-02,4.813687e-03,6.398326e-02,4.094017e-01,4.136974e-02,1.305709e-02,1.557881e-02,3.992042e-02,2.194456e-02,7.143337e-02
1.121101e-01,5.711937e-02,2.977640e-02,3.376663e-02,1.075131e-01,4.014427e-02,5.806201e-03,7.254592e-02,3.452818e-01,3.933934e-02,1.275223e-02,1.629135e-02,3.189647e-02,2.006680e-02,7.558997e-02
1.268844e-01,5.059462e-02,3.168050e-02,4.245132e-02,1.083094e-01,3.391588e-02,8.285100e-03,8.002571e-02,3.022696e-01,3.126819e-02,1.224716e-02,1.765550e-02,3.170691e-02,1.785723e-02,1.048485e-01
1.378789e-01,4.752374e-02,5.597001e-02,9.276365e-02,9.478068e-02,2.938173e-02,6.979112e-03,6.143245e-02,2.302591e-01,3.275545e-02,1.383639e-02,2.127270e-02,3.389056e-02,1.488829e-02,1.263872e-01
1.599600e-01,5.134052e-02,5.067180e-02,8.647574e-02,7.263002e-02,4.188395e-02,5.548129e-03,4.459560e-02,1.757306e-01,2.649767e-02,1.933434e-02,4.004452e-02,3.167244e-02,1.847980e-02,1.751348e-01
1.909739e-01,3.870926e-02,4.570867e-02,7.162565e-02,6.796385e-02,3.416485e-02,5.228284e-03,3.491811e-02,1.393306e-01,2.175472e-02,3.912513e-02,4.875116e-02,8.068950e-02,3.240442e-02,1.486519e-01
2.799858e-01,2.924255e-02,3.457176e-02,5.433555e-02,6.063519e-02,3.027168e-02,4.076069e-03,2.588605e-02,1.030302e-01,1.763913e-02,4.176892e-02,4.916439e-02,1.255080e-01,3.244876e-02,1.114360e-01
2.498173e-01,2.164086e-02,2.501587e-02,4.074200e-02,4.701357e-02,2.584295e-02,3.082969e-03,1.861425e-02,7.655764e-02,1.945670e-02,5.618792e-02,8.071046e-02,1.987946e-01,5.354548e-02,8.297735e-02
1.840201e-01,1.564764e-02,1.799002e-02,2.983256e-02,3.654596e-02,2.040564e-02,2.318939e-03,1.340795e-02,5.767399e-02,1.761347e-02,6.150496e-02,1.077033e-01,3.298232e-01,4.554072e-02,5.997150e-02
1.346501e-01,1.321398e-02,1.331962e-02,2.145813e-02,3.261618e-02,1.885840e-02,2.238305e-03,9.881541e-03,4.176264e-02,2.129350e-02,6.153673e-02,2.547784e-01,2.904117e-01,4.029477e-02,4.368601e-02
9.662672e-02,1.034304e-02,9.656533e-03,1.534122e-02,2.721933e-02,1.722987e-02,2.040951e-03,7.431071e-03,3.101228e-02,2.947619e-02,8.471606e-02,3.813479e-01,2.213743e-01,3.487582e-02,3.130871e-02
6.959729e-02,7.505899e-03,6.912198e-03,1.092775e-02,2.121630e-02,1.308444e-02,1.595270e-03,5.331826e-03,2.285592e-02,3.510954e-02,8.282570e-02,4.975190e-01,1.721232e-01,3.101496e-02,2.238064e-02
4.929952e-02,5.414860e-03,4.987926e-03,7.774468e-03,1.836785e-02,9.411880e-03,1.244583e-03,3.820586e-03,1.758394e-02,5.380436e-02,7.561205e-02,5.834417e-01,1.288722e-01,2.433018e-02,1.603392e-02
3.489446e-02,3.888757e-03,3.568048e-03,5.616946e-03,1.597708e-02,6.868578e-03,9.393459e-04,2.753593e-03,1.424043e-02,6.759704e-02,7.114995e-02,6.431834e-01,9.917174e-02,1.860314e-02,1.154756e-02
2.490649e-02,2.788951e-03,2.577862e-03,4.260490e-03,1.514341e-02,5.585747e-03,7.263094e-04,2.010800e-03,1.253678e-02,6.741542e-02,8.891231e-02,6.689141e-01,8.186547e-02,1.406699e-02,8.288870e-03
1.765687e-02,2.030993e-03,1.947455e-03,3.196479e-03,1.374255e-02,4.081111e-03,5.354194e-04,1.488916e-03,1.016398e-02,7.112562e-02,9.816708e-02,6.906425e-01,6.806907e-02,1.123239e-02,5.919556e-03
1.254044e-02,1.538734e-03,1.695850e-03,2.376812e-03,1.285658e-02,2.946073e-03,3.857729e-04,1.161284e-03,8.367581e-03,8.912686e-02,1.023350e-01,6.930220e-01,5.835479e-02,9.088674e-03,4.203611e-03
9.042149e-03,1.299863e-03,2.141898e-03,1.713421e-03,1.226015e-02,2.097931e-03,2.770860e-04,1.029329e-03,7.093268e-03,1.031953e-01,9.560818e-02,7.043648e-01,4.866122e-02,8.201867e-03,3.013555e-03
7.075370e-03,1.111939e-03,2.084871e-03,1.270393e-03,1.165673e-02,1.626474e-03,2.272759e-04,1.378042e-03,6.996186e-03,1.221121e-01,8.639650e-02,7.101594e-01,3.862252e-02,7.131905e-03,2.150274e-03
5.944477e-03,1.142790e-03,2.265568e-03,1.000930e-03,1.720082e-02,1.743602e-03,5.173235e-04,2.108062e-03,8.010030e-03,1.154022e-01,8.002015e-02,7.274872e-01,2.902493e-02,6.558472e-03,1.573466e-03
7.926201e-03,1.097884e-03,2.564836e-03,8.639783e-04,3.273243e-02,2.748607e-03,1.191039e-03,4.069542e-03,1.048875e-02,1.437935e-01,7.903697e-02,6.817102e-01,2.308977e-02,7.447092e-03,1.239214e-03
1.296260e-02,1.080088e-03,2.732107e-03,1.054381e-03,5.808053e-02,4.116907e-03,1.795648e-03,9.220757e-03,1.375289e-02,1.685172e-01,7.382786e-02,6.244360e-01,1.829251e-02,9.145811e-03,9.847261e-04
1.441277e-02,9.573802e-04,2.357317e-03,1.238850e-03,1.274177e-01,5.192865e-03,4.297192e-03,1.098796e-02,2.306684e-02,1.316894e-01,7.688015e-02,5.778407e-01,1.506872e-02,7.669864e-03,9.222336e-04
1.081361e-02,8.845748e-04,1.677639e-03,8.879061e-04,2.315724e-01,3.929392e-03,5.998318e-03,9.067971e-03,1.487513e-01,9.373791e-02,5.891351e-02,4.163754e-01,1.113974e-02,5.492012e-03,7.583384e-04
8.202597e-03,1.160780e-03,1.359369e-03,8.764369e-04,2.062248e-01,3.185015e-03,4.739892e-03,3.362061e-02,3.215816e-01,6.598306e-02,4.413167e-02,2.959559e-01,8.451044e-03,3.984466e-03,5.427887e-04
7.013358e-03,2.147242e-03,1.077916e-03,8.756653e-04,1.553803e-01,3.233805e-03,3.653243e-03,2.382666e-02,5.048280e-01,4.633282e-02,3.247287e-02,2.084929e-01,7.281059e-03,2.897094e-03,4.871435e-04
5.838614e-03,3.991628e-03,8.910032e-04,1.095460e-03,1.133746e-01,3.192584e-03,2.873908e-03,1.680340e-02,6.336361e-01,3.266872e-02,2.526455e-02,1.488288e-01,8.918565e-03,2.090205e-03,5.318773e-04
4.845873e-03,7.831093e-03,1.137102e-03,7.442585e-03,8.504732e-02,3.979309e-03,2.364106e-03,1.179521e-02,7.141310e-01,2.406235e-02,1.845191e-02,1.052059e-01,1.028007e-02,1.554273e-03,1.871912e-03
7.049833e-03,6.473780e-03,1.282736e-03,6.437423e-03,7.759453e-02,4.474056e-03,3.762915e-03,8.389121e-03,7.634788e-01,1.731620e-02,1.430821e-02,7.477275e-02,1.109816e-02,1.302763e-03,2.258659e-03
2.173120e-02,8.137755e-03,1.720228e-03,5.264511e-03,1.021825e-01,4.764882e-03,4.793511e-03,6.579469e-03,7.504797e-01,1.294500e-02,1.311056e-02,5.352942e-02,1.005128e-02,1.299969e-03,3.409972e-03
3.459764e-02,9.295754e-03,1.889426e-03,4.581189e-03,1.155037e-01,1.028968e-02,6.807379e-03,6.335157e-03,7.277927e-01,1.118917e-02,1.194482e-02,3.970996e-02,1.454387e-02,1.200286e-03,4.319223e-03
2.976866e-02,1.862457e-02,5.750078e-03,1.109534e-02,1.443370e-01,1.179744e-02,5.308824e-03,4.785556e-03,5.789618e-01,8.507549e-03,1.427212e-02,3.838475e-02,1.210336e-01,1.082828e-03,6.289814e-03
2.730463e-02,1.490935e-02,5.759988e-03,1.308241e-02,1.457696e-01,1.661572e-02,4.325858e-03,3.709825e-03,4.309009e-01,6.302333e-03,1.643095e-02,5.818577e-02,2.490344e-01,1.311766e-03,6.356447e-03
2.465900e-02,1.139221e-02,4.815021e-03,1.096047e-02,1.334680e-01,1.404229e-02,3.151541e-03,2.716454e-03,3.113920e-01,5.734791e-03,2.974995e-02,7.983668e-02,3.582706e-01,1.854496e-03,7.956439e-03
3.648580e-02,1.113359e-02,5.873859e-03,9.389119e-03,1.227181e-01,1.840186e-02,2.996125e-03,3.361559e-03,2.460632e-01,1.040176e-02,4.069205e-02,7.839471e-02,3.766873e-01,6.962206e-03,3.043864e-02
5.849100e-02,1.281720e-02,7.731062e-03,8.968621e-03,9.911372e-02,1.955239e-02,3.634246e-03,5.126025e-03,2.132955e-01,1.009138e-01,3.825473e-02,6.668593e-02,3.160984e-01,1.360133e-02,3.571599e-02
4.415566e-02,1.842294e-02,1.127441e-02,6.480937e-03,9.550440e-02,1.619320e-02,3.605141e-03,4.859295e-03,1.728761e-01,1.059069e-01,3.577679e-02,7.469866e-02,2.904043e-01,3.334262e-02,8.649862e-02
3.879533e-02,1.443303e-02,9.929948e-03,4.899058e-03,6.838938e-02,1.827302e-02,3.111816e-03,3.848020e-03,1.304103e-01,1.251400e-01,3.316467e-02,5.458659e-02,2.179373e-01,1.172600e-01,1.598216e-01
2.821872e-02,1.049847e-02,8.795710e-03,3.474777e-03,5.346606e-02,1.469713e-02,2.325950e-03,2.860632e-03,9.388778e-02,1.022554e-01,3.137026e-02,3.908923e-02,1.612089e-01,1.629714e-01,2.848797e-01
2.364768e-02,1.008459e-02,8.196439e-03,3.578798e-03,4.001314e-02,1.375954e-02,1.947273e-03,2.327766e-03,1.091221e-01,7.298657e-02,2.806478e-02,2.768195e-02,1.143312e-01,1.462248e-01,3.980334e-01
2.287306e-02,1.143272e-02,1.464935e-02,4.390803e-03,3.070618e-02,1.520212e-02,1.958546e-03,2.684433e-03,8.321175e-02,8.095962e-02,3.892183e-02,2.095250e-02,8.499137e-02,1.611124e-01,4.259533e-01
2.696212e-02,9.922866e-03,1.413088e-02,4.342006e-03,2.239459e-02,1.358976e-02,1.780164e-03,2.939619e-03,6.546321e-02,9.871004e-02,1.020511e-01,1.625360e-02,6.840713e-02,1.937071e-01,3.593458e-01
3.651884e-02,8.449979e-03,1.420763e-02,5.377092e-03,1.804377e-02,1.287892e-02,1.437864e-03,2.966697e-03,5.343463e-02,9.484676e-02,1.306329e-01,1.594006e-02,6.956379e-02,2.530342e-01,2.826669e-01
3.052990e-02,8.737200e-03,1.162891e-02,4.235307e-03,1.524389e-02,1.558764e-02,1.135447e-03,2.392465e-03,5.249413e-02,8.231616e-02,1.475078e-01,1.334663e-02,6.058036e-02,3.211074e-01,2.331568e-01
2.432312e-02,2.049010e-02,1.071759e-02,5.321338e-03,1.170073e-02,1.798509e-02,9.329054e-04,2.088774e-03,1.037560e-01,7.471803e-02,1.183541e-01,9.833965e-03,4.686802e-02,3.679995e-01,1.849107e-01
2.003406e-02,1.628331e-02,1.312742e-02,1.497376e-02,1.339819e-02,1.519655e-02,1.477899e-03,1.658263e-02,1.444145e-01,5.618203e-02,8.597026e-02,7.102976e-03,3.555286e-02,4.259359e-01,1.337677e-01
1.729319e-02,1.656567e-02,1.476025e-02,1.638315e-02,1.457881e-02,1.539056e-02,2.613679e-03,1.762574e-02,1.889314e-01,4.616229e-02,6.330537e-02,5.342181e-03,3.382152e-02,4.480119e-01,9.921423e-02
1.329800e-02,2.783016e-02,4.958975e-02,3.692791e-02,1.203525e-02,1.320283e-02,2.455861e-03,1.598340e-02,2.821159e-01,3.469567e-02,4.959370e-02,4.267370e-03,2.828105e-02,3.399658e-01,8.975737e-02
1.211653e-02,4.373523e-02,8.820837e-02,3.830170e-02,1.171807e-02,1.868163e-02,4.482637e-03,2.303503e-02,2.960269e-01,3.049667e-02,5.538098e-02,4.391126e-03,3.541126e-02,2.499261e-01,8.808781e-02
1.292637e-02,5.682506e-02,1.108885e-01,3.380825e-02,1.752327e-02,2.839447e-02,4.493616e-03,2.722919e-02,2.497277e-01,3.182908e-02,5.858498e-02,6.224526e-03,5.195127e-02,1.848711e-01,1.247225e-01
9.716940e-03,8.687936e-02,9.022503e-02,4.086422e-02,1.585731e-02,2.905858e-02,4.326167e-03,2.003996e-02,3.004287e-01,2.384204e-02,4.708726e-02,1.083861e-02,9.070261e-02,1.299389e-01,1.001944e-01
7.520116e-03,7.266931e-02,6.856237e-02,3.756362e-02,1.296460e-02,2.125408e-02,3.339909e-03,1.452604e-02,2.368842e-01,1.861907e-02,3.403866e-02,1.187557e-02,2.932832e-01,9.148492e-02,7.541431e-02
5.884166e-03,5.478876e-02,5.025150e-02,3.001145e-02,1.146274e-02,1.882327e-02,2.585850e-03,1.119301e-02,1.737534e-01,1.453554e-02,2.736400e-02,2.178867e-02,4.470237e-01,6.535701e-02,6.517690e-02
4.883050e-03,3.938596e-02,3.596860e-02,2.213238e-02,8.428611e-03,1.521019e-02,2.131481e-03,9.118191e-03,1.244957e-01,1.096828e-02,2.243690e-02,5.064330e-02,5.521984e-01,4.672476e-02,5.527407e-02
4.431897e-03,2.886588e-02,2.585403e-02,1.640319e-02,6.974152e-03,1.197795e-02,1.619700e-03,7.630838e-03,9.071773e-02,8.742349e-03,1.794387e-02,5.998760e-02,6.408569e-01,3.289656e-02,4.509734e-02
4.585679e-03,2.079988e-02,1.972254e-02,1.781566e-02,6.031997e-03,1.005557e-02,1.310125e-03,1.451415e-02,6.541122e-02,6.977519e-03,1.473951e-02,5.428763e-02,7.034230e-01,2.389559e-02,3.642988e-02
6.907220e-03,1.538984e-02,1.521817e-02,1.961450e-02,5.938203e-03,9.974174e-03,1.240907e-03,1.923186e-02,4.776952e-02,6.136002e-03,1.635817e-02,4.993394e-02,7.390341e-01,1.775215e-02,2.950120e-02
1.193207e-02,1.135764e-02,1.196512e-02,3.151496e-02,6.268056e-03,1.031234e-02,1.235389e-03,1.993505e-02,3.789415e-02,5.120233e-03,1.780765e-02,6.174953e-02,7.357512e-01,1.323678e-02,2.391984e-02
1.341157e-02,8.360707e-03,9.533526e-03,3.055812e-02,7.365003e-03,9.477545e-03,1.163311e-03,1.601413e-02,2.892729e-02,4.120965e-03,2.601397e-02,1.361207e-01,6.766542e-01,9.666001e-03,2.261305e-02
1.247677e-02,6.012856e-03,7.495317e-03,2.313838e-02,9.188974e-03,8.293081e-03,1.963457e-03,1.577031e-02,2.405648e-02,5.698209e-03,3.766719e-02,1.874900e-01,6.367284e-01,7.250362e-03,1.677024e-02
1.134232e-02,5.003512e-03,1.518181e-02,1.709006e-02,2.800897e-02,6.516466e-03,3.313143e-03,2.077314e-02,2.161871e-02,6.618463e-03,4.430659e-02,2.710797e-01,5.305781e-01,5.526435e-03,1.304260e-02
1.725819e-02,1.118481e-02,1.757138e-02,3.645517e-02,3.209456e-02,1.550097e-02,2.632588e-03,2.824680e-02,2.049572e-02,7.190084e-03,4.725378e-02,2.740285e-01,4.751150e-01,5.187459e-03,9.785002e-03
1.463617e-02,8.231689e-03,1.380062e-02,3.288778e-02,3.512482e-02,1.561022e-02,2.451615e-03,2.646836e-02,1.766930e-02,6.446278e-03,1.169111e-01,2.559029e-01,4.411750e-01,4.515454e-03,8.168662e-03
1.298417e-02,6.021408e-03,1.006898e-02,3.646167e-02,3.244405e-02,1.478622e-02,2.726224e-03,2.530646e-02,1.463358e-02,6.398646e-03,1.752421e-01,2.739284e-01,3.787172e-01,3.569387e-03,6.711494e-03
