1.000000e+00,0.000000e+00,0.000000e+00,0.000000e+00,0.000000e+00,0.000000e+00,0.000000e+00,0.000000e+00,0.000000e+00,0.000000e+00,0.000000e+00,0.000000e+00,0.000000e+00,0.000000e+00,0.000000e+00
1.000000e+00,0.000000e+00,0.000000e+00,0.000000e+00,0.000000e+00,0.000000e+00,0.000000e+00,0.000000e+00,0.000000e+00,0.000000e+00,0.000000e+00,0.000000e+00,0.000000e+00,0.000000e+00,0.000000e+00
1.000000e+00,0.000000e+00,0.000000e+00,0.000000e+00,0.000000e+00,0.000000e+00,0.000000e+00,0.000000e+00,0.000000e+00,0.000000e+00,0.000000e+00,0.000000e+00,0.000000e+00,0.000000e+00,0.000000e+00
1.000000e+00,0.000000e+00,0.000000e+00,0.000000e+00,0.000000e+00,0.000000e+00,0.000000e+00,0.000000e+00,0.000000e+00,0.000000e+00,0.000000e+00,0.000000e+00,0.000000e+00,0.000000e+00,0.000000e+00
1.000000e+00,0.000000e+00,0.000000e+00,0.000000e+00,0.000000e+00,0.000000e+00,0.000000e+00,0.000000e+00,0.000000e+00,0.000000e+00,0.000000e+00,0.000000e+00,0.000000e+00,0.000000e+00,0.000000e+00
1.000000e+00,0.000000e+00,0.000000e+00,0.000000e+00,0.000000e+00,0.000000e+00,0.000000e+00,0.000000e+00,0.000000e+00,0.000000e+00,0.000000e+00,0.000000e+00,0.000000e+00,0.000000e+00,0.000000e+00
1.000000e+00,0.000000e+00,0.000000e+00,0.000000e+00,0.000000e+00,0.000000e+00,0.000000e+00,0.000000e+00,0.000000e+00,0.000000e+00,0.000000e+00,0.000000e+00,0.000000e+00,0.000000e+00,0.000000e+00
1.000000e+00,0.000000e+00,0.000000e+00,0.000000e+00,0.000000e+00,0.000000e+00,0.000000e+00,0.000000e+00,0.000000e+00,0.000000e+00,0.000000e+00,0.000000e+00,0.000000e+00,0.000000e+00,0.000000e+00
1.000000e+00,0.000000e+00,0.000000e+00,0.000000e+00,0.000000e+00,0.000000e+00,0.000000e+00,0.000000e+00,0.000000e+00,0.000000e+00,0.000000e+00,0.000000e+00,0.000000e+00,0.000000e+00,0.000000e+00
1.000000e+00,0.000000e+00,0.000000e+00,0.000000e+00,0.000000e+00,0.000000e+00,0.000000e+00,0.000000e+00,0.000000e+00,0.000000e+00,0.000000e+00,0.000000e+00,0.000000e+00,0.000000e+00,0.000000e+00
1.000000e+00,0.000000e+00,0.000000e+00,0.000000e+00,0.000000e+00,0.000000e+00,0.000000e+00,0.000000e+00,0.000000e+00,0.000000e+00,0.000000e+00,0.000000e+00,0.000000e+00,0.000000e+00,0.000000e+00
1.000000e+00,0.000000e+00,0.000000e+00,0.000000e+00,0.000000e+00,0.000000e+00,0.000000e+00,0.000000e+00,0.000000e+00,0.000000e+00,0.000000e+00,0.000000e+00,0.000000e+00,0.000000e+00,0.000000e+00
1.000000e+00,0.000000e+00,0.000000e+00,0.000000e+00,0.000000e+00,0.000000e+00,0.000000e+00,0.000000e+00,0.000000e+00,0.000000e+00,0.000000e+00,0.000000e+00,0.000000e+00,0.000000e+00,0.000000e+00
1.000000e+00,0.000000e+00,0.000000e+00,0.000000e+00,0.000000e+00,0.000000e+00,0.000000e+00,0.000000e+00,0.000000e+00,0.000000e+00,0.000000e+00,0.000000e+00,0.000000e+00,0.000000e+00,0.000000e+00
1.000000e+00,0.000000e+00,0.000000e+00,0.000000e+00,0.000000e+00,0.000000e+00,0.000000e+00,0.000000e+00,0.000000e+00,0.000000e+00,0.000000e+00,0.000000e+00,0.000000e+00,0.000000e+00,0.000000e+00
1.000000e+00,0.000000e+00,0.000000e+00,0.000000e+00,0.000000e+00,0.000000e+00,0.000000e+00,0.000000e+00,0.000000e+00,0.000000e+00,0.000000e+00,0.000000e+00,0.000000e+00,0.000000e+00,0.000000e+00
1.000000e+00,0.000000e+00,0.000000e+00,0.000000e+00,0.000000e+00,0.000000e+00,0.000000e+00,0.000000e+00,0.000000e+00,0.000000e+00,0.000000e+00,0.000000e+00,0.000000e+00,0.000000e+00,0.000000e+00
1.000000e+00,0.000000e+00,0.000000e+00,0.000000e+00,0.000000e+00,0.000000e+00,0.000000e+00,0.000000e+00,0.000000e+00,0.000000e+00,0.000000e+00,0.000000e+00,0.000000e+00,0.000000e+00,0.000000e+00
1.000000e+00,0.000000e+00,0.000000e+00,0.000000e+00,0.000000e+00,0.000000e+00,0.000000e+00,0.000000e+00,0.000000e+00,0.000000e+00,0.000000e+00,0.000000e+00,0.000000e+00,0.000000e+00,0.000000e+00
1.000000e+00,0.000000e+00,0.000000e+00,0.000000e+00,0.000000e+00,0.000000e+00,0.000000e+00,0.000000e+00,0.000000e+00,0.000000e+00,0.000000e+00,0.000000e+00,0.000000e+00,0.000000e+00,0.000000e+00
1.000000e+00,0.000000e+00,0.000000e+00,0.000000e+00,0.000000e+00,0.000000e+00,0.000000e+00,0.000000e+00,0.000000e+00,0.000000e+00,0.000000e+00,0.000000e+00,0.000000e+00,0.000000e+00,0.000000e+00
1.000000e+00,0.000000e+00,0.000000e+00,0.000000e+00,0.000000e+00,0.000000e+00,0.000000e+00,0.000000e+00,0.000000e+00,0.000000e+00,0.000000e+00,0.000000e+00,0.000000e+00,0.000000e+00,0.000000e+00
1.000000e+00,0.000000e+00,0.000000e+00,0.000000e+00,0.000000e+00,0.000000e+00,0.000000e+00,0.000000e+00,0.000000e+00,0.000000e+00,0.000000e+00,0.000000e+00,0.000000e+00,0.000000e+00,0.000000e+00
1.000000e+00,0.000000e+00,0.000000e+00,0.000000e+00,0.000000e+00,0.000000e+00,0.000000e+00,0.000000e+00,0.000000e+00,0.000000e+00,0.000000e+00,0.000000e+00,0.000000e+00,0.000000e+00,0.000000e+00
1.000000e+00,0.000000e+00,0.000000e+00,0.000000e+00,0.000000e+00,0.000000e+00,0.000000e+00,0.000000e+00,0.000000e+00,0.000000e+00,0.000000e+00,0.000000e+00,0.000000e+00,0.000000e+00,0.000000e+00
1.000000e+00,0.000000e+00,0.000000e+00,0.000000e+00,0.000000e+00,0.000000e+00,0.000000e+00,0.000000e+00,0.000000e+00,0.000000e+00,0.000000e+00,0.000000e+00,0.000000e+00,0.000000e+00,0.000000e+00
1.000000e+00,0.000000e+00,0.000000e+00,0.000000e+00,0.000000e+00,0.000000e+00,0.000000e+00,0.000000e+00,0.000000e+00,0.000000e+00,0.000000e+00,0.000000e+00,0.000000e+00,0.000000e+00,0.000000e+00
1.000000e+00,0.000000e+00,0.000000e+00,0.000000e+00,0.000000e+00,0.000000e+00,0.000000e+00,0.000000e+00,0.000000e+00,0.000000e+00,0.000000e+00,0.000000e+00,0.000000e+00,0.000000e+00,0.000000e+00
1.000000e+00,0.000000e+00,0.000000e+00,0.000000e+00,0.000000e+00,0.000000e+00,0.000000e+00,0.000000e+00,0.000000e+00,0.000000e+00,0.000000e+00,0.000000e+00,0.000000e+00,0.000000e+00,0.000000e+00
1.000000e+00,0.000000e+00,0.000000e+00,0.000000e+00,0.000000e+00,0.000000e+00,0.000000e+00,0.000000e+00,0.000000e+00,0.000000e+00,0.000000e+00,0.000000e+00,0.000000e+00,0.000000e+00,0.000000e+00
1.000000e+00,0.000000e+00,0.000000e+00,0.000000e+00,0.000000e+00,0.000000e+00,0.000000e+00,0.000000e+00,0.000000e+00,0.000000e+00,0.000000e+00,0.000000e+00,0.000000e+00,0.000000e+00,0.000000e+00
1.000000e+00,0.000000e+00,0.000000e+00,0.000000e+00,0.000000e+00,0.000000e+00,0.000000e+00,0.000000e+00,0.000000e+00,0.000000e+00,0.000000e+00,0.000000e+00,0.000000e+00,0.000000e+00,0.000000e+00
1.000000e+00,0.000000e+00,0.000000e+00,0.000000e+00,0.000000e+00,0.000000e+00,0.000000e+00,0.000000e+00,0.000000e+00,0.000000e+00,0.000000e+00,0.000000e+00,0.000000e+00,0.000000e+00,0.000000e+00
1.000000e+00,0.000000e+00,0.000000e+00,0.000000e+00,0.000000e+00,0.000000e+00,0.000000e+00,0.000000e+00,0.000000e+00,0.000000e+00,0.000000e+00,0.000000e+00,0.000000e+00,0.000000e+00,0.000000e+00
1.000000e+00,0.000000e+00,0.000000e+00,0.000000e+00,0.000000e+00,0.000000e+00,0.000000e+00,0.000000e+00,0.000000e+00,0.000000e+00,0.000000e+00,0.000000e+00,0.000000e+00,0.000000e+00,0.000000e+00
1.000000e+00,0.000000e+00,0.000000e+00,0.000000e+00,0.000000e+00,0.000000e+00,0.000000e+00,0.000000e+00,0.000000e+00,0.000000e+00,0.000000e+00,0.000000e+00,0.000000e+00,0.000000e+00,0.000000e+00
1.000000e+00,0.000000e+00,0.000000e+00,0.000000e+00,0.000000e+00,0.000000e+00,0.000000e+00,0.000000e+00,0.000000e+00,0.000000e+00,0.000000e+00,0.000000e+00,0.000000e+00,0.000000e+00,0.000000e+00
1.000000e+00,0.000000e+00,0.000000e+00,0.000000e+00,0.000000e+00,0.000000e+00,0.000000e+00,0.000000e+00,0.000000e+00,0.000000e+00,0.000000e+00,0.000000e+00,0.000000e+00,0.000000e+00,0.000000e+00
1.000000e+00,0.000000e+00,0.000000e+00,0.000000e+00,0.000000e+00,0.000000e+00,0.000000e+00,0.000000e+00,0.000000e+00,0.000000e+00,0.000000e+00,0.000000e+00,0.000000e+00,0.000000e+00,0.000000e+00
1.000000e+00,0.000000e+00,0.000000e+00,0.000000e+00,0.000000e+00,0.000000e+00,0.000000e+00,0.000000e+00,0.000000e+00,0.000000e+00,0.000000e+00,0.000000e+00,0.000000e+00,0.000000e+00,0.000000e+00
1.000000e+00,0.000000e+00,0.000000e+00,0.000000e+00,0.000000e+00,0.000000e+00,0.000000e+00,0.000000e+00,0.000000e+00,0.000000e+00,0.000000e+00,0.000000e+00,0.000000e+00,0.000000e+00,0.000000e+00
1.000000e+00,0.000000e+00,0.000000e+00,0.000000e+00,0.000000e+00,0.000000e+00,0.000000e+00,0.000000e+00,0.000000e+00,0.000000e+00,0.000000e+00,0.000000e+00,0.000000e+00,0.000000e+00,0.000000e+00
1.000000e+00,0.000000e+00,0.000000e+00,0.000000e+00,0.000000e+00,0.000000e+00,0.000000e+00,0.000000e+00,0.000000e+00,0.000000e+00,0.000000e+00,0.000000e+00,0.000000e+00,0.000000e+00,0.000000e+00
1.000000e+00,0.000000e+00,0.000000e+00,0.000000e+00,0.000000e+00,0.000000e+00,0.000000e+00,0.000000e+00,0.000000e+00,0.000000e+00,0.000000e+00,0.000000e+00,0.000000e+00,0.000000e+00,0.000000e+00
1.000000e+00,0.000000e+00,0.000000e+00,0.000000e+00,0.000000e+00,0.000000e+00,0.000000e+00,0.000000e+00,0.000000e+00,0.000000e+00,0.000000e+00,0.000000e+00,0.000000e+00,0.000000e+00,0.000000e+00
1.000000e+00,0.000000e+00,0.000000e+00,0.000000e+00,0.000000e+00,0.000000e+00,0.000000e+00,0.000000e+00,0.000000e+00,0.000000e+00,0.000000e+00,0.000000e+00,0.000000e+00,0.000000e+00,0.000000e+00
1.000000e+00,0.000000e+00,0.000000e+00,0.000000e+00,0.000000e+00,0.000000e+00,0.000000e+00,0.000000e+00,0.000000e+00,0.000000e+00,0.000000e+00,0.000000e+00,0.000000e+00,0.000000e+00,0.000000e+00
1.000000e+00,0.000000e+00,0.000000e+00,0.000000e+00,0.000000e+00,0.000000e+00,0.000000e+00,0.000000e+00,0.000000e+00,0.000000e+00,0.000000e+00,0.000000e+00,0.000000e+00,0.000000e+00,0.000000e+00
1.000000e+00,0.000000e+00,0.000000e+00,0.000000e+00,0.000000e+00,0.000000e+00,0.000000e+00,0.000000e+00,0.000000e+00,0.000000e+00,0.000000e+00,0.000000e+00,0.000000e+00,0.000000e+00,0.000000e+00
1.000000e+00,0.000000e+00,0.000000e+00,0.000000e+00,0.000000e+00,0.000000e+00,0.000000e+00,0.000000e+00,0.000000e+00,0.000000e+00,0.000000e+00,0.000000e+00,0.000000e+00,0.000000e+00,0.000000e+00
1.000000e+00,0.000000e+00,0.000000e+00,0.000000e+00,0.000000e+00,0.000000e+00,0.000000e+00,0.000000e+00,0.000000e+00,0.000000e+00,0.000000e+00,0.000000e+00,0.000000e+00,0.000000e+00,0.000000e+00
1.000000e+00,0.000000e+00,0.000000e+00,0.000000e+00,0.000000e+00,0.000000e+00,0.000000e+00,0.000000e+00,0.000000e+00,0.000000e+00,0.000000e+00,0.000000e+00,0.000000e+00,0.000000e+00,0.000000e+00
1.000000e+00,0.000000e+00,0.000000e+00,0.000000e+00,0.000000e+00,0.000000e+00,0.000000e+00,0.000000e+00,0.000000e+00,0.000000e+00,0.000000e+00,0.000000e+00,0.000000e+00,0.000000e+00,0.000000e+00
1.000000e+00,0.000000e+00,0.000000e+00,0.000000e+00,0.000000e+00,0.000000e+00,0.000000e+00,0.000000e+00,0.000000e+00,0.000000e+00,0.000000e+00,0.000000e+00,0.000000e+00,0.000000e+00,0.000000e+00
1.000000e+00,0.000000e+00,0.000000e+00,0.000000e+00,0.000000e+00,0.000000e+00,0.000000e+00,0.000000e+00,0.000000e+00,0.000000e+00,0.000000e+00,0.000000e+00,0.000000e+00,0.000000e+00,0.000000e+00
1.000000e+00,0.000000e+00,0.000000e+00,0.000000e+00,0.000000e+00,0.000000e+00,0.000000e+00,0.000000e+00,0.000000e+00,0.000000e+00,0.000000e+00,0.000000e+00,0.000000e+00,0.000000e+00,0.000000e+00
1.000000e+00,0.000000e+00,0.000000e+00,0.000000e+00,0.000000e+00,0.000000e+00,0.000000e+00,0.000000e+00,0.000000e+00,0.000000e+00,0.000000e+00,0.000000e+00,0.000000e+00,0.000000e+00,0.000000e+00
1.000000e+00,0.000000e+00,0.000000e+00,0.000000e+00,0.000000e+00,0.000000e+00,0.000000e+00,0.000000e+00,0.000000e+00,0.000000e+00,0.000000e+00,0.000000e+00,0.000000e+00,0.000000e+00,0.000000e+00
1.000000e+00,0.000000e+00,0.000000e+00,0.000000e+00,0.000000e+00,0.000000e+00,0.000000e+00,0.000000e+00,0.000000e+00,0.000000e+00,0.000000e+00,0.000000e+00,0.000000e+00,0.000000e+00,0.000000e+00
1.000000e+00,0.000000e+00,0.000000e+00,0.000000e+00,0.000000e+00,0.000000e+00,0.000000e+00,0.000000e+00,0.000000e+00,0.000000e+00,0.000000e+00,0.000000e+00,0.000000e+00,0.000000e+00,0.000000e+00
1.000000e+00,0.000000e+00,0.000000e+00,0.000000e+00,0.000000e+00,0.000000e+00,0.000000e+00,0.000000e+00,0.000000e+00,0.000000e+00,0.000000e+00,0.000000e+00,0.000000e+00,0.000000e+00,0.000000e+00
4.875733e-01,1.236414e-02,1.482976e-01,3.876097e-02,1.224275e-02,3.099358e-02,2.773104e-02,1.691850e-01,5.357725e-03,1.396475e-03,8.090744e-03,2.014486e-02,2.242794e-02,2.617469e-03,1.281644e-02
3.484028e-01,8.850165e-03,2.665394e-01,4.361022e-02,8.960784e-03,2.354866e-02,2.275750e-02,2.247101e-01,3.805695e-03,1.000660e-03,5.766009e-03,1.433770e-02,1.672828e-02,1.894387e-03,9.087719e-03
2.500289e-01,6.253573e-03,2.967517e-01,4.444661e-02,6.482589e-03,1.737594e-02,1.751939e-02,3.237536e-01,2.687045e-03,7.176514e-04,4.098633e-03,1.017511e-02,1.191961e-02,1.366378e-03,6.423319e-03
1.780855e-01,4.403287e-03,2.172406e-01,3.281484e-02,4.664726e-03,1.267131e-02,1.353611e-02,5.101777e-01,1.889169e-03,5.120475e-04,2.911245e-03,7.161702e-03,8.403605e-03,9.998342e-04,4.528290e-03
1.295379e-01,3.241670e-03,1.815332e-01,2.736844e-02,3.682830e-03,9.400693e-03,1.058563e-02,6.151072e-01,1.407633e-03,6.911124e-04,2.131374e-03,5.125249e-03,6.090716e-03,7.947422e-04,3.301633e-03
1.116413e-01,2.530125e-03,1.546417e-01,2.321014e-02,3.851001e-03,7.494431e-03,9.246570e-03,6.700902e-01,1.358768e-03,1.562415e-03,1.912213e-03,3.918634e-03,5.145118e-03,6.679107e-04,2.729372e-03
2.089163e-01,2.608219e-03,1.144302e-01,1.812770e-02,6.294787e-03,7.329643e-03,7.628040e-03,6.109674e-01,2.033289e-03,3.535888e-03,2.315910e-03,5.398653e-03,6.230567e-03,7.010650e-04,3.482311e-03
1.607851e-01,3.560638e-03,9.331486e-02,1.533171e-02,1.001524e-02,1.138563e-02,8.151045e-03,5.620108e-01,4.060724e-03,4.670507e-03,1.076813e-02,1.168961e-02,8.948103e-02,1.600085e-03,1.317484e-02
1.844054e-01,5.141350e-03,6.762086e-02,2.452159e-02,1.029646e-02,9.830111e-03,5.952342e-03,4.757691e-01,6.818159e-03,5.046274e-03,1.726606e-02,1.131855e-02,1.516536e-01,2.292264e-03,2.206789e-02
2.939053e-01,6.540083e-03,4.793643e-02,3.184680e-02,9.343231e-03,9.871661e-03,4.542588e-03,3.441846e-01,1.254990e-02,5.356573e-03,2.202696e-02,1.570180e-02,1.714248e-01,2.857994e-03,2.191124e-02
2.730533e-01,5.817655e-03,3.505972e-02,3.731588e-02,7.933630e-03,1.147012e-02,3.938430e-03,2.564692e-01,1.519126e-02,9.561165e-03,3.375626e-02,2.523397e-02,2.550203e-01,3.447019e-03,2.673210e-02
3.220388e-01,5.934647e-03,2.668755e-02,3.670543e-02,7.095158e-03,1.914202e-02,6.289382e-03,1.839278e-01,1.978312e-02,1.194352e-02,3.280215e-02,4.846065e-02,2.444142e-01,5.390071e-03,2.938545e-02
4.126062e-01,7.329904e-03,1.998317e-02,3.211270e-02,6.315933e-03,1.919541e-02,5.191448e-03,1.303627e-01,2.073534e-02,1.026603e-02,3.084055e-02,6.117554e-02,2.112983e-01,5.182134e-03,2.740467e-02
4.916487e-01,8.525863e-03,1.669747e-02,2.866164e-02,7.296644e-03,2.685563e-02,5.051534e-03,9.261265e-02,2.024264e-02,1.064387e-02,2.953773e-02,6.046023e-02,1.721708e-01,4.896435e-03,2.469811e-02
4.977385e-01,8.435413e-03,1.359130e-02,2.267609e-02,8.110113e-03,2.575583e-02,4.582774e-03,6.591661e-02,1.774986e-02,9.334580e-03,2.547774e-02,9.894761e-02,1.777354e-01,4.594615e-03,1.935354e-02
4.333794e-01,7.689852e-03,1.025635e-02,1.803623e-02,9.350266e-03,2.892430e-02,4.620744e-03,4.761520e-02,1.575753e-02,7.399842e-03,2.048551e-02,1.919087e-01,1.853930e-01,3.771010e-03,1.541204e-02
3.367951e-01,7.361304e-03,1.007218e-02,1.362545e-02,1.244528e-02,4.808555e-02,7.997986e-03,5.360007e-02,1.620033e-02,5.882015e-03,1.588831e-02,2.614556e-01,1.948029e-01,3.520779e-03,1.226714e-02
2.396783e-01,6.414272e-03,8.014282e-03,1.407903e-02,1.133030e-02,4.950410e-02,6.062352e-03,4.122210e-02,1.707558e-02,4.796598e-03,1.456356e-02,2.415046e-01,3.305266e-01,3.155943e-03,1.207234e-02
1.738165e-01,5.906319e-03,6.364517e-03,1.421671e-02,1.142607e-02,4.844856e-02,5.726943e-03,3.085523e-02,4.567524e-02,3.748269e-03,1.906026e-02,3.204716e-01,3.019373e-01,2.331493e-03,1.001503e-02
1.238879e-01,1.690428e-02,6.280717e-03,1.402006e-02,8.840913e-03,5.471277e-02,4.384557e-03,2.231342e-02,7.387571e-02,3.249846e-03,1.436172e-02,3.788989e-01,2.683410e-01,1.805253e-03,8.122872e-03
1.045821e-01,2.100745e-02,6.180401e-03,1.471584e-02,6.887668e-03,5.451768e-02,4.027077e-03,1.662888e-02,8.114890e-02,3.178946e-03,1.277291e-02,4.335182e-01,2.316134e-01,1.596064e-03,7.624462e-03
8.007728e-02,2.423614e-02,6.962777e-03,2.765475e-02,6.273843e-03,6.234926e-02,3.247693e-03,1.278248e-02,1.229053e-01,3.461334e-03,1.898139e-02,4.006364e-01,2.196430e-01,2.342595e-03,8.445736e-03
6.576876e-02,2.340904e-02,7.113295e-03,2.722524e-02,7.021176e-03,6.899930e-02,3.132175e-03,1.029244e-02,1.405440e-01,3.335354e-03,2.157944e-02,3.869857e-01,2.230054e-01,3.025181e-03,8.563442e-03
6.745259e-02,2.522987e-02,1.678794e-02,3.212589e-02,7.167418e-03,6.518534e-02,2.852913e-03,1.129268e-02,1.439623e-01,5.144913e-03,2.298746e-02,3.544487e-01,2.304887e-01,5.364475e-03,9.508815e-03
6.779096e-02,3.437024e-02,1.858999e-02,2.588147e-02,9.493143e-03,8.777854e-02,4.062905e-03,2.253190e-02,1.802193e-01,6.267333e-03,2.040244e-02,2.807559e-01,2.228294e-01,5.698809e-03,1.332765e-02
6.641684e-02,4.912384e-02,1.917266e-02,1.964930e-02,1.518079e-02,9.250310e-02,4.125880e-03,2.419802e-02,2.305505e-01,1.024902e-02,1.668494e-02,2.210183e-01,2.071913e-01,6.674903e-03,1.726070e-02
7.567434e-02,7.849878e-02,3.128439e-02,2.162901e-02,1.908508e-02,8.694328e-02,4.082632e-03,2.101203e-02,2.703455e-01,1.024435e-02,1.274943e-02,1.598834e-01,1.812255e-01,6.031641e-03,2.131074e-02
9.778571e-02,1.037935e-01,3.985010e-02,1.809628e-02,4.218918e-02,7.234249e-02,9.509903e-03,1.833510e-02,2.606726e-01,8.646860e-03,9.722784e-03,1.160473e-01,1.720314e-01,5.559625e-03,2.541725e-02
8.494782e-02,8.555264e-02,7.390639e-02,2.541712e-02,7.083889e-02,6.077518e-02,1.256539e-02,5.713360e-02,2.527189e-01,6.892960e-03,7.475487e-03,8.291487e-02,1.471527e-01,4.622579e-03,2.708546e-02
7.550332e-02,8.684698e-02,8.149073e-02,2.689510e-02,1.005445e-01,5.988350e-02,1.522287e-02,7.250208e-02,2.415925e-01,5.123860e-03,6.085318e-03,5.901186e-02,1.258871e-01,3.909395e-03,3.950097e-02
9.811693e-02,7.338193e-02,1.146145e-01,5.020626e-02,9.822042e-02,4.658550e-02,1.282128e-02,8.927003e-02,1.924791e-01,5.760585e-03,4.956495e-03,4.287864e-02,1.116584e-01,3.653347e-03,5.539661e-02
1.080325e-01,6.869961e-02,1.364580e-01,1.158778e-01,8.339757e-02,3.589778e-02,9.706383e-03,7.346202e-02,1.764510e-01,8.232260e-03,7.832348e-03,3.559263e-02,8.917274e-02,3.683346e-03,4.750396e-02
1.103799e-01,6.319830e-02,1.308818e-01,1.379202e-01,6.330204e-02,3.069701e-02,6.976611e-03,5.376789e-02,1.920936e-01,9.679070e-03,4.831893e-02,2.948176e-02,6.755304e-02,6.907242e-03,4.884256e-02
8.109006e-02,6.541242e-02,1.492147e-01,1.192358e-01,4.796804e-02,2.251789e-02,5.038873e-03,3.834721e-02,1.515940e-01,8.487024e-03,1.777542e-01,2.433336e-02,4.977274e-02,1.736574e-02,4.186790e-02
6.101551e-02,4.671587e-02,1.055005e-01,8.557539e-02,3.428801e-02,1.655742e-02,3.556445e-03,2.708724e-02,1.096563e-01,6.854447e-03,2.555039e-01,1.843212e-02,3.779638e-02,1.614934e-01,2.996712e-02
4.579042e-02,3.307796e-02,7.419270e-02,6.064158e-02,2.439289e-02,1.403882e-02,2.521807e-03,1.917115e-02,7.892363e-02,5.495195e-03,3.830744e-01,1.430882e-02,2.805854e-02,1.949961e-01,2.131600e-02
5.197960e-02,2.635306e-02,5.608661e-02,4.405908e-02,1.779628e-02,4.281608e-02,2.035406e-03,1.423049e-02,6.083897e-02,6.027760e-03,3.671093e-01,1.195797e-02,2.053080e-02,2.622513e-01,1.592732e-02
4.422484e-02,2.067490e-02,4.609892e-02,3.214996e-02,1.301863e-02,8.722024e-02,1.657197e-03,1.030606e-02,4.598167e-02,6.221275e-03,3.727615e-01,1.246414e-02,1.590021e-02,2.782953e-01,1.302513e-02
3.603761e-02,1.537781e-02,3.508426e-02,2.359027e-02,9.839348e-03,7.067220e-02,1.280001e-03,7.280754e-03,3.553893e-02,6.364510e-03,3.670509e-01,1.157461e-02,1.176623e-02,3.583130e-01,1.022968e-02
2.686025e-02,1.110929e-02,2.504141e-02,1.859862e-02,9.043974e-03,5.589343e-02,1.004207e-03,5.163430e-03,4.309408e-02,4.987396e-03,2.852190e-01,9.220633e-03,8.373951e-03,4.888401e-01,7.550330e-03
1.986936e-02,8.570376e-03,1.795561e-02,1.455119e-02,1.116021e-02,4.090628e-02,9.076848e-04,3.778675e-03,8.162081e-02,5.137513e-03,2.327937e-01,7.542022e-03,6.272761e-03,5.419269e-01,7.007003e-03
1.474929e-02,7.218634e-03,1.322613e-02,1.278155e-02,1.370844e-02,3.112072e-02,7.453307e-04,2.979088e-03,9.735321e-02,6.820006e-03,2.276633e-01,6.498176e-03,5.219864e-03,5.529654e-01,6.950865e-03
1.108069e-02,5.510917e-03,1.025531e-02,1.090279e-02,1.245840e-02,2.346272e-02,5.839753e-04,2.330512e-03,7.776203e-02,6.401404e-03,2.442550e-01,5.457492e-03,4.155512e-03,5.800480e-01,5.335245e-03
1.099533e-02,5.031243e-03,1.318149e-02,2.048954e-02,2.127221e-02,1.997998e-02,1.277122e-03,3.970053e-03,1.192737e-01,7.825968e-03,2.214233e-01,6.453508e-03,3.976271e-03,5.395342e-01,5.316039e-03
8.858520e-03,4.953941e-03,1.199024e-02,1.576300e-02,1.617885e-02,1.932997e-02,1.003029e-03,3.478540e-03,1.667223e-01,7.108573e-03,1.784716e-01,5.606389e-03,3.294748e-03,5.527993e-01,4.441009e-03
1.045204e-02,5.580891e-03,1.396807e-02,2.071884e-02,1.294850e-02,1.977965e-02,8.337516e-04,2.948999e-03,2.174205e-01,7.394608e-03,1.520476e-01,4.575861e-03,3.240476e-03,5.214620e-01,6.628226e-03
1.413470e-02,4.793832e-03,1.514125e-02,1.678080e-02,9.512193e-03,1.868618e-02,6.903624e-04,2.351303e-03,2.013900e-01,6.552394e-03,1.256551e-01,4.214226e-03,2.481705e-03,5.718216e-01,5.794467e-03
1.896521e-02,3.983357e-03,1.450935e-02,1.284538e-02,7.095128e-03,1.726026e-02,5.661577e-04,1.893934e-03,2.571707e-01,6.902484e-03,9.818383e-02,3.829627e-03,1.886284e-03,5.489106e-01,5.997660e-03
5.092327e-02,5.223099e-03,1.884826e-02,1.454716e-02,6.004425e-03,2.940827e-02,9.984896e-04,1.978655e-03,3.010297e-01,7.768609e-03,7.632063e-02,7.527775e-03,3.109885e-03,4.681052e-01,8.206574e-03
6.031417e-02,8.240961e-03,1.812092e-02,1.296764e-02,5.620323e-03,2.895050e-02,8.652366e-04,1.609698e-03,3.092595e-01,6.458110e-03,5.548943e-02,6.335783e-03,2.916150e-03,4.742957e-01,8.555950e-03
6.035789e-02,8.177371e-03,1.511081e-02,9.969139e-03,6.213109e-03,2.417452e-02,6.772624e-04,1.355342e-03,3.422871e-01,5.275563e-03,4.070109e-02,4.979523e-03,2.539769e-03,4.691669e-01,9.014738e-03
5.345594e-02,9.467760e-03,2.723945e-02,9.916794e-03,6.719424e-03,1.957424e-02,5.307003e-04,3.403221e-03,3.648053e-01,4.473748e-03,2.988379e-02,3.996698e-03,2.175313e-03,4.562041e-01,8.153574e-03
6.492807e-02,1.035696e-02,2.251391e-02,8.336809e-03,1.194774e-02,1.543263e-02,4.525144e-04,3.820043e-03,3.808842e-01,2.752698e-02,2.243025e-02,3.086984e-03,2.567180e-03,3.703932e-01,5.532261e-02
6.690823e-02,1.669621e-02,2.505738e-02,2.492789e-02,2.882113e-02,1.271621e-02,6.235567e-04,2.510878e-02,3.817939e-01,2.761341e-02,1.872721e-02,2.755268e-03,2.451226e-03,3.208621e-01,4.493742e-02
6.811810e-02,2.368328e-02,2.736717e-02,3.014788e-02,3.861615e-02,1.049856e-02,6.510498e-04,4.694710e-02,3.931934e-01,4.100471e-02,1.815267e-02,2.426892e-03,2.484567e-03,2.607002e-01,3.600827e-02
7.170638e-02,3.162183e-02,2.785391e-02,4.314621e-02,7.835576e-02,8.587465e-03,9.562695e-04,7.742685e-02,3.519533e-01,4.304995e-02,1.678646e-02,2.156321e-03,2.781106e-03,2.146927e-01,2.892554e-02
1.057811e-01,4.116607e-02,2.365079e-02,3.494513e-02,9.124927e-02,9.888980e-03,1.078040e-03,7.169048e-02,3.594096e-01,3.433450e-02,1.437753e-02,1.715671e-03,2.915949e-03,1.805868e-01,2.721002e-02
1.217836e-01,4.679196e-02,1.856112e-02,2.864768e-02,9.757122e-02,1.045450e-02,9.584641e-04,6.401456e-02,3.693266e-01,4.971421e-02,1.092243e-02,1.451821e-03,2.681853e-03,1.407955e-01,3.632448e-02
1.213582e-01,6.046806e-02,4.701728e-02,4.914440e-02,8.529758e-02,9.862976e-03,8.928873e-04,5.900344e-02,3.225304e-01,5.915998e-02,8.294608e-03,1.511642e-03,2.894653e-03,1.025115e-01,7.005238e-02
1.287942e-01,5.335238e-02,4.245302e-02,6.404185e-02,1.272678e-01,1.444710e-02,1.458815e-03,8.354780e-02,2.845613e-01,5.855050e-02,6.448827e-03,1.480278e-03,2.540209e-03,7.592222e-02,5.513370e-02
9.646256e-02,3.846469e-02,3.190443e-02,5.711635e-02,1.334685e-01,1.069884e-02,1.285961e-03,2.688004e-01,2.196147e-01,4.201913e-02,4.674227e-03,1.101811e-03,1.862922e-03,5.365073e-02,3.887474e-02
7.001844e-02,2.733065e-02,2.506668e-02,4.171264e-02,1.118482e-01,8.590141e-03,2.374173e-02,4.348143e-01,1.564600e-01,2.979632e-02,3.322813e-03,7.856134e-04,1.575301e-03,3.762124e-02,2.731600e-02
5.287572e-02,1.953838e-02,1.867165e-02,3.168347e-02,9.846320e-02,7.085299e-03,4.124442e-02,5.439647e-01,1.118721e-01,2.278377e-02,2.389164e-03,5.854535e-04,2.859661e-03,2.640157e-02,1.958143e-02
4.289705e-02,1.390022e-02,1.513340e-02,2.286695e-02,8.344840e-02,8.519368e-03,5.426946e-02,6.204454e-01,7.928085e-02,1.630558e-02,1.968309e-03,6.013553e-04,6.905621e-03,1.858232e-02,1.487580e-02
3.748408e-02,9.943600e-03,1.155205e-02,1.657793e-02,6.156361e-02,9.746440e-03,1.361166e-01,6.140062e-01,5.587419e-02,1.223685e-02,2.786285e-03,1.284932e-03,6.058318e-03,1.306901e-02,1.169990e-02
2.851169e-02,7.329645e-03,8.945988e-03,1.229236e-02,4.419935e-02,8.801541e-03,2.351172e-01,4.982814e-01,4.014542e-02,4.485570e-02,2.898585e-02,8.275069e-03,1.239552e-02,9.806084e-03,1.205720e-02
2.923765e-02,6.808751e-03,6.677176e-03,9.197748e-03,3.216948e-02,8.377733e-03,2.281071e-01,3.608325e-01,4.493636e-02,6.738947e-02,1.322987e-01,2.362350e-02,1.688040e-02,1.932600e-02,1.413740e-02
3.169652e-02,6.707205e-03,5.163437e-03,7.590510e-03,2.383357e-02,1.027854e-02,2.723764e-01,2.640093e-01,4.800288e-02,5.717314e-02,1.566444e-01,4.100231e-02,2.248868e-02,3.920395e-02,1.382907e-02
5.237016e-02,6.695882e-03,4.932957e-03,1.197159e-02,1.786842e-02,2.945188e-02,2.252066e-01,2.007573e-01,3.938945e-02,5.795669e-02,2.137187e-01,6.017389e-02,2.490133e-02,4.258331e-02,1.202180e-02
6.805037e-02,5.173624e-03,4.879578e-03,1.108729e-02,1.423424e-02,3.361595e-02,1.772393e-01,1.475818e-01,3.113519e-02,5.053873e-02,2.947650e-01,5.406538e-02,2.242672e-02,7.533799e-02,9.868795e-03
5.159992e-02,4.148066e-03,4.149256e-03,1.362038e-02,1.111633e-02,2.881844e-02,1.326588e-01,1.063603e-01,2.375277e-02,4.459687e-02,4.150522e-01,5.285810e-02,1.829254e-02,8.500549e-02,7.970524e-03
1.050917e-01,4.801410e-03,4.080579e-03,1.156596e-02,1.054340e-02,2.927374e-02,9.464446e-02,7.670136e-02,2.076713e-02,3.802780e-02,4.324872e-01,5.180359e-02,1.607994e-02,9.724496e-02,6.886686e-03
1.204978e-01,4.906606e-03,3.626059e-03,1.039869e-02,1.090671e-02,2.720980e-02,6.735165e-02,5.476974e-02,1.640582e-02,3.173511e-02,4.716433e-01,4.929461e-02,1.340585e-02,1.116401e-01,6.208056e-03
1.743765e-01,1.089777e-02,8.150389e-03,9.335501e-03,1.106404e-02,2.229789e-02,4.782526e-02,4.005420e-02,1.500486e-02,2.507164e-02,4.535691e-01,4.662962e-02,1.064010e-02,1.158954e-01,9.187713e-03
1.504796e-01,1.049585e-02,8.716095e-03,7.082403e-03,1.038465e-02,1.722602e-02,3.357624e-02,2.913560e-02,1.264166e-02,1.934972e-02,5.019189e-01,3.668308e-02,7.947316e-03,1.469507e-01,7.412230e-03
1.201645e-01,8.735646e-03,6.811004e-03,5.375848e-03,8.822206e-03,1.272820e-02,2.357566e-02,2.067759e-02,1.034678e-02,1.490193e-02,5.815722e-01,2.985258e-02,6.235680e-03,1.446243e-01,5.575831e-03
1.199617e-01,1.178127e-02,1.797432e-02,5.837488e-03,9.663564e-03,1.444443e-02,1.741283e-02,1.611991e-02,1.582986e-02,1.433660e-02,5.593571e-01,3.768663e-02,5.564270e-03,1.485452e-01,5.484823e-03
1.037651e-01,1.550831e-02,2.773044e-02,5.154086e-03,9.972442e-03,1.601248e-02,1.295475e-02,1.305141e-02,2.436905e-02,1.237326e-02,5.328568e-01,3.576072e-02,4.619410e-03,1.814651e-01,4.406610e-03
7.948854e-02,1.728759e-02,2.330438e-02,4.196008e-03,1.336651e-02,1.552828e-02,9.562534e-03,1.002479e-02,5.898147e-02,1.300352e-02,5.198039e-01,2.994888e-02,3.922093e-03,1.982403e-01,3.341211e-03
6.057720e-02,1.637193e-02,2.094275e-02,1.148325e-02,2.821390e-02,1.376274e-02,6.941937e-03,9.798783e-03,8.711762e-02,1.932292e-02,4.942220e-01,2.271733e-02,3.754834e-03,2.017914e-01,2.981363e-03
5.044888e-02,3.055875e-02,8.794422e-02,1.221359e-02,3.274575e-02,1.596603e-02,5.141657e-03,1.344483e-02,1.206716e-01,2.326104e-02,4.077533e-01,1.790308e-02,3.507610e-03,1.756635e-01,2.776220e-03
5.596997e-02,4.958579e-02,1.495263e-01,1.837545e-02,3.182979e-02,1.928043e-02,4.167674e-03,1.771346e-02,1.407692e-01,2.540413e-02,3.239821e-01,1.522997e-02,3.290249e-03,1.405575e-01,4.318057e-03
5.097872e-02,5.052156e-02,2.201290e-01,1.695931e-02,2.690463e-02,2.068735e-02,3.033674e-03,1.383462e-02,1.208177e-01,6.310138e-02,2.669878e-01,1.304501e-02,3.508553e-03,1.212437e-01,8.247009e-03
7.950088e-02,5.631502e-02,2.233959e-01,2.282213e-02,3.066218e-02,2.461544e-02,2.382422e-03,1.998619e-02,1.237268e-01,5.189255e-02,2.184668e-01,1.355616e-02,4.135296e-03,1.193847e-01,9.157524e-03
8.177821e-02,5.468994e-02,2.501951e-01,2.028224e-02,3.859799e-02,2.367274e-02,1.750889e-03,1.676728e-02,1.405535e-01,4.989114e-02,1.757613e-01,1.133844e-02,4.525833e-03,1.165081e-01,1.368742e-02
7.034007e-02,5.479814e-02,2.313593e-01,1.639980e-02,3.297686e-02,4.003812e-02,1.280852e-03,1.446956e-02,2.158297e-01,4.443005e-02,1.379417e-01,9.203547e-03,3.937087e-03,1.133047e-01,1.369057e-02
9.509936e-02,5.660447e-02,2.171001e-01,8.598489e-02,3.769117e-02,3.051351e-02,1.303998e-03,1.531631e-02,2.012792e-01,3.505278e-02,1.004135e-01,1.082781e-02,3.785287e-03,8.191498e-02,2.711263e-02
1.226082e-01,5.090360e-02,3.016081e-01,6.735188e-02,3.371483e-02,3.021020e-02,1.214189e-03,1.571773e-02,1.756494e-01,2.723110e-02,7.337668e-02,8.960233e-03,3.002311e-03,6.151587e-02,2.693566e-02
1.197915e-01,3.732354e-02,4.470701e-01,5.741728e-02,2.554087e-02,2.293037e-02,9.207172e-04,1.181652e-02,1.270140e-01,2.221053e-02,5.272421e-02,7.365306e-03,2.374613e-03,4.500871e-02,2.049178e-02
1.318246e-01,4.905961e-02,4.505581e-01,5.625777e-02,4.329152e-02,2.698393e-02,1.722271e-03,1.919894e-02,9.878894e-02,1.765181e-02,4.070335e-02,8.373728e-03,2.637859e-03,3.636621e-02,1.658142e-02
1.796972e-01,5.350969e-02,3.746490e-01,5.265806e-02,8.939061e-02,2.783428e-02,1.778892e-03,2.246803e-02,9.135275e-02,1.418489e-02,3.147825e-02,8.195139e-03,3.167972e-03,3.585024e-02,1.378505e-02
1.959553e-01,6.012306e-02,2.831827e-01,6.975990e-02,1.637404e-01,3.087572e-02,1.727139e-03,2.802919e-02,8.222801e-02,1.078014e-02,2.345272e-02,8.172452e-03,2.878540e-03,2.834879e-02,1.074595e-02
2.195399e-01,5.090134e-02,2.145048e-01,7.186344e-02,2.143803e-01,2.764515e-02,1.589308e-03,2.502441e-02,1.027701e-01,8.812224e-03,1.793917e-02,6.954571e-03,2.994210e-03,2.654229e-02,8.538837e-03
2.729089e-01,4.127108e-02,1.750296e-01,1.032421e-01,2.073734e-01,2.186222e-02,1.525928e-03,2.746091e-02,8.816671e-02,7.478673e-03,1.397595e-02,7.828970e-03,2.713413e-03,2.219644e-02,6.965650e-03
2.481998e-01,4.769471e-02,1.896162e-01,1.262974e-01,1.711830e-01,2.241486e-02,1.339237e-03,2.220802e-02,6.810642e-02,2.131509e-02,4.003246e-02,1.204810e-02,2.987391e-03,1.891621e-02,7.641139e-03
1.977879e-01,5.106197e-02,1.542428e-01,1.063861e-01,1.292678e-01,1.847609e-02,1.097933e-03,1.658433e-02,5.318798e-02,1.874166e-02,1.707500e-01,5.558329e-02,3.279485e-03,1.661508e-02,6.937557e-03
1.448696e-01,3.698697e-02,1.107528e-01,7.612762e-02,9.058854e-02,1.474584e-02,8.105339e-04,1.181651e-02,3.819051e-02,1.342640e-02,3.244098e-01,1.169994e-01,2.836325e-03,1.215362e-02,5.285662e-03
1.235583e-01,2.731094e-02,8.277198e-02,5.644323e-02,6.356666e-02,2.337135e-02,6.655070e-04,8.789979e-03,2.865129e-02,9.960015e-03,2.925405e-01,2.651187e-01,2.980285e-03,9.585242e-03,4.686006e-03
1.154851e-01,2.111788e-02,5.917501e-02,4.293631e-02,4.622489e-02,1.821905e-02,8.264317e-04,6.839642e-03,2.283503e-02,7.686520e-03,3.238196e-01,3.200946e-01,2.800382e-03,7.196940e-03,4.742510e-03
9.534957e-02,1.821786e-02,4.186489e-02,3.425234e-02,3.928953e-02,1.770405e-02,1.479479e-03,6.165898e-03,2.588712e-02,6.019019e-03,4.248174e-01,2.738810e-01,3.382293e-03,5.515242e-03,6.174300e-03
9.933206e-02,2.796627e-02,2.966417e-02,2.743651e-02,2.947197e-02,2.318564e-02,1.395714e-03,6.121693e-03,6.652727e-02,5.131065e-03,3.961589e-01,2.610723e-01,8.827168e-03,8.314027e-03,9.395200e-03
9.372604e-02,3.103733e-02,2.149767e-02,2.389532e-02,2.767547e-02,4.624186e-02,1.893851e-03,5.309760e-03,8.075248e-02,5.774108e-03,3.910013e-01,2.341568e-01,9.642473e-03,1.353919e-02,1.385628e-02
9.556292e-02,2.746820e-02,1.544760e-02,1.991891e-02,2.101102e-02,5.838490e-02,1.927522e-03,4.111094e-03,6.600821e-02,8.087430e-03,3.646593e-01,2.737643e-01,9.985614e-03,1.790496e-02,1.575789e-02
9.976185e-02,3.324588e-02,1.365286e-02,2.193504e-02,3.330601e-02,5.813485e-02,1.855216e-03,5.721139e-03,9.260155e-02,8.978706e-03,3.348227e-01,2.419941e-01,1.517838e-02,2.149322e-02,1.731840e-02
1.087510e-01,2.605941e-02,1.042638e-02,1.765650e-02,2.687141e-02,4.872695e-02,1.920322e-03,5.681301e-03,7.228229e-02,1.161142e-02,2.590753e-01,3.617944e-01,1.247765e-02,2.323750e-02,1.342820e-02
1.396833e-01,2.287517e-02,9.282760e-03,1.892276e-02,2.212075e-02,4.691370e-02,2.249263e-03,7.028433e-03,5.633337e-02,1.169604e-02,1.987312e-01,4.192035e-01,1.090006e-02,2.063498e-02,1.342465e-02
1.720649e-01,1.921956e-02,8.209773e-03,1.568687e-02,1.790211e-02,4.629024e-02,3.669221e-03,9.141091e-03,4.557730e-02,1.107685e-02,1.638271e-01,4.466335e-01,9.310996e-03,1.936417e-02,1.202634e-02
2.507931e-01,1.641949e-02,1.238651e-02,1.418099e-02,1.682345e-02,6.455102e-02,4.386523e-03,1.209913e-02,3.912698e-02,1.079883e-02,1.349495e-01,3.869818e-01,1.011775e-02,1.568205e-02,1.070291e-02
3.670333e-01,1.482312e-02,1.402080e-02,1.191682e-02,2.319047e-02,6.941669e-02,4.610213e-03,1.283737e-02,3.338765e-02,1.186295e-02,1.064282e-01,2.978290e-01,9.768275e-03,1.343314e-02,9.442009e-03
4.500542e-01,1.264859e-02,1.159612e-02,1.223715e-02,2.528803e-02,6.634536e-02,5.715759e-03,1.219544e-02,3.149235e-02,1.285719e-02,7.913634e-02,2.510068e-01,9.665026e-03,1.095537e-02,8.806264e-03
4.880734e-01,1.134979e-02,1.075508e-02,1.162178e-02,4.809916e-02,5.552160e-02,5.484693e-03,1.204580e-02,3.065593e-02,1.468569e-02,6.273847e-02,2.184792e-01,1.090366e-02,1.083162e-02,8.754120e-03
4.349090e-01,1.242446e-02,1.337948e-02,1.050866e-02,7.298524e-02,4.893183e-02,4.976079e-03,1.480940e-02,3.840529e-02,2.648731e-02,4.971816e-02,2.417167e-01,1.122056e-02,1.129372e-02,8.234114e-03
3.815685e-01,1.078466e-02,3.441139e-02,1.340391e-02,1.111018e-01,4.338787e-02,7.916193e-03,3.648909e-02,3.291671e-02,2.831691e-02,4.087317e-02,2.251349e-01,1.189602e-02,1.402168e-02,7.777168e-03
3.239171e-01,1.046582e-02,4.321908e-02,1.430209e-02,1.406558e-01,3.638931e-02,7.037579e-03,7.905485e-02,3.483289e-02,3.155056e-02,3.796458e-02,2.071982e-01,1.257576e-02,1.333422e-02,7.502122e-03
2.724558e-01,9.781726e-03,6.701623e-02,2.284914e-02,1.342364e-01,2.854292e-02,5.579112e-03,1.337033e-01,2.946180e-02,5.191034e-02,3.359798e-02,1.763772e-01,1.234669e-02,1.547975e-02,6.661709e-03
2.258720e-01,8.837494e-03,8.838296e-02,2.682759e-02,1.294362e-01,2.196744e-02,4.869484e-03,1.980331e-01,2.517578e-02,6.849193e-02,3.010865e-02,1.410707e-01,1.097794e-02,1.461032e-02,5.338380e-03
1.841518e-01,8.965341e-03,1.793418e-01,3.974333e-02,1.102761e-01,1.987146e-02,3.819391e-03,2.190119e-01,2.229773e-02,5.125343e-02,2.274439e-02,1.135143e-01,9.321953e-03,1.134954e-02,4.337473e-03
1.543233e-01,1.170780e-02,2.441881e-01,4.443040e-02,9.908166e-02,1.780874e-02,3.402597e-03,2.144829e-01,2.088878e-02,4.947721e-02,2.039948e-02,9.641011e-02,7.502136e-03,1.198960e-02,3.907247e-03
1.228477e-01,2.723150e-02,3.854232e-01,4.547853e-02,7.288296e-02,1.532375e-02,2.583421e-03,1.550372e-01,2.249046e-02,4.610438e-02,1.555191e-02,6.916723e-02,5.941570e-03,8.763387e-03,5.172857e-03
1.170537e-01,2.348416e-02,4.217832e-01,4.648265e-02,5.534123e-02,1.258326e-02,2.560831e-03,1.124944e-01,2.208257e-02,7.707196e-02,2.134102e-02,5.607191e-02,1.390828e-02,7.200352e-03,1.054037e-02
9.594626e-02,1.920393e-02,4.448877e-01,4.725252e-02,4.058910e-02,1.030337e-02,2.669984e-03,7.966780e-02,2.006128e-02,1.194466e-01,3.553410e-02,4.775312e-02,1.967216e-02,6.114556e-03,1.089746e-02
7.078758e-02,1.957491e-02,3.367364e-01,7.185723e-02,2.996278e-02,1.226981e-02,1.997698e-03,6.871409e-02,3.398544e-02,1.379983e-01,8.182089e-02,6.353204e-02,5.612476e-02,4.971822e-03,9.666274e-03
6.630418e-02,2.167092e-02,2.875814e-01,7.772467e-02,2.650606e-02,1.373821e-02,1.974728e-03,5.319193e-02,5.357236e-02,1.317963e-01,1.070496e-01,6.642850e-02,7.732329e-02,4.576347e-03,1.056155e-02
8.360542e-02,2.854173e-02,2.277983e-01,8.942032e-02,2.717180e-02,1.941963e-02,2.260869e-03,4.050653e-02,6.920606e-02,1.015923e-01,1.102150e-01,5.572038e-02,8.043060e-02,1.306132e-02,5.104965e-02
6.460690e-02,2.531626e-02,1.657831e-01,2.699143e-01,2.218678e-02,1.497180e-02,1.749206e-03,2.988536e-02,5.855441e-02,7.367004e-02,1.006734e-01,4.669372e-02,6.742890e-02,1.065848e-02,4.790732e-02
6.183388e-02,2.011187e-02,1.203112e-01,2.634209e-01,2.154965e-02,1.325581e-02,2.011506e-03,2.309342e-02,5.472518e-02,6.237608e-02,1.975690e-01,4.361878e-02,6.916471e-02,8.911693e-03,3.804628e-02
5.517465e-02,2.077910e-02,9.057444e-02,3.439616e-01,2.161522e-02,1.129088e-02,1.647903e-03,2.303808e-02,1.042640e-01,4.739521e-02,1.555741e-01,3.344236e-02,5.267261e-02,7.421708e-03,3.114808e-02
6.559379e-02,1.865749e-02,6.592966e-02,3.071460e-01,1.976768e-02,1.130172e-02,1.712263e-03,1.732477e-02,1.766894e-01,3.661320e-02,1.437901e-01,3.121557e-02,4.963558e-02,1.372640e-02,4.089628e-02
5.200892e-02,1.565296e-02,5.571916e-02,4.214150e-01,1.608584e-02,9.850101e-03,1.349248e-03,1.301012e-02,1.407143e-01,2.654163e-02,1.180413e-01,3.208574e-02,5.568118e-02,1.004603e-02,3.179843e-02
1.316606e-01,1.345682e-02,4.675119e-02,4.076155e-01,1.329192e-02,1.213557e-02,1.508454e-03,1.594632e-02,1.097798e-01,1.993892e-02,1.059916e-01,3.672690e-02,5.263014e-02,8.373823e-03,2.419245e-02
1.515963e-01,1.133897e-02,3.664553e-02,3.472421e-01,1.366144e-02,1.231328e-02,1.378193e-03,1.270897e-02,1.045210e-01,1.576180e-02,1.636678e-01,4.315595e-02,5.951474e-02,7.244180e-03,1.924977e-02
1.300372e-01,1.638518e-02,3.013246e-02,3.429602e-01,1.870954e-02,1.137628e-02,1.506326e-03,1.694662e-02,1.476289e-01,1.232874e-02,1.648750e-01,3.841993e-02,4.834966e-02,5.540943e-03,1.480305e-02
1.369534e-01,1.915744e-02,2.683271e-02,3.176307e-01,2.120594e-02,9.189207e-03,2.006244e-03,2.118668e-02,2.268768e-01,1.051310e-02,1.248717e-01,2.991559e-02,3.706125e-02,4.282297e-03,1.231687e-02
9.670284e-02,2.146793e-02,3.131541e-02,4.178936e-01,1.544825e-02,7.329158e-03,1.457396e-03,1.499932e-02,2.273128e-01,1.069149e-02,9.236957e-02,2.160704e-02,2.730593e-02,3.097161e-03,1.100203e-02
7.058235e-02,2.980174e-02,3.263883e-02,4.661983e-01,1.182819e-02,6.675354e-03,1.123232e-03,1.079116e-02,2.338233e-01,1.160490e-02,7.280464e-02,1.607068e-02,2.100531e-02,2.690997e-03,1.236092e-02
5.099315e-02,3.451194e-02,3.687620e-02,4.957658e-01,9.439904e-03,5.646034e-03,1.001021e-03,8.111754e-03,2.338807e-01,1.743570e-02,5.670148e-02,1.252584e-02,1.821402e-02,2.260710e-03,1.663570e-02
3.822592e-02,3.417876e-02,4.243258e-02,5.116948e-01,7.719148e-03,5.237960e-03,8.840646e-04,6.339546e-03,2.269281e-01,1.649361e-02,5.513336e-02,1.715145e-02,1.810832e-02,3.263632e-03,1.620883e-02
3.652468e-02,2.817491e-02,4.277796e-02,4.496857e-01,1.108874e-02,4.895433e-03,1.278822e-03,7.178062e-03,2.551728e-01,1.352158e-02,8.930212e-02,1.843806e-02,2.491940e-02,3.507240e-03,1.353455e-02
3.295180e-02,2.695172e-02,4.518415e-02,4.450752e-01,1.353242e-02,6.249055e-03,1.431120e-03,1.331915e-02,2.119011e-01,1.084371e-02,1.297497e-01,2.131634e-02,2.734761e-02,3.253091e-03,1.089391e-02
4.532024e-02,3.985023e-02,4.973642e-02,3.328532e-01,1.621306e-02,1.034832e-02,7.499442e-03,3.032861e-02,2.354352e-01,1.008788e-02,1.596797e-01,1.893804e-02,3.095986e-02,3.180603e-03,9.569193e-03
4.759390e-02,4.312283e-02,5.613615e-02,2.575237e-01,1.525133e-02,2.443624e-02,6.729537e-03,2.991270e-02,2.267327e-01,1.209097e-02,1.560422e-01,5.164153e-02,5.819327e-02,4.133963e-03,1.045902e-02
3.506506e-02,3.549570e-02,1.090421e-01,2.748746e-01,1.260699e-02,2.513786e-02,5.282778e-03,2.650902e-02,1.768886e-01,1.528680e-02,1.386427e-01,6.295572e-02,6.792811e-02,4.820164e-03,9.463927e-03
2.826693e-02,2.981211e-02,9.095315e-02,2.081226e-01,1.315866e-02,2.105135e-02,7.146942e-03,2.178731e-02,1.595682e-01,1.489465e-02,1.637410e-01,1.024041e-01,1.208757e-01,8.415967e-03,9.801441e-03
