1.000000e+00,0.000000e+00,0.000000e+00,0.000000e+00,0.000000e+00,0.000000e+00,0.000000e+00,0.000000e+00,0.000000e+00,0.000000e+00,0.000000e+00,0.000000e+00,0.000000e+00,0.000000e+00,0.000000e+00
1.000000e+00,0.000000e+00,0.000000e+00,0.000000e+00,0.000000e+00,0.000000e+00,0.000000e+00,0.000000e+00,0.000000e+00,0.000000e+00,0.000000e+00,0.000000e+00,0.000000e+00,0.000000e+00,0.000000e+00
1.000000e+00,0.000000e+00,0.000000e+00,0.000000e+00,0.000000e+00,0.000000e+00,0.000000e+00,0.000000e+00,0.000000e+00,0.000000e+00,0.000000e+00,0.000000e+00,0.000000e+00,0.000000e+00,0.000000e+00
1.000000e+00,0.000000e+00,0.000000e+00,0.000000e+00,0.000000e+00,0.000000e+00,0.000000e+00,0.000000e+00,0.000000e+00,0.000000e+00,0.000000e+00,0.000000e+00,0.000000e+00,0.000000e+00,0.000000e+00
1.000000e+00,0.000000e+00,0.000000e+00,0.000000e+00,0.000000e+00,0.000000e+00,0.000000e+00,0.000000e+00,0.000000e+00,0.000000e+00,0.000000e+00,0.000000e+00,0.000000e+00,0.000000e+00,0.000000e+00
1.000000e+00,0.000000e+00,0.000000e+00,0.000000e+00,0.000000e+00,0.000000e+00,0.000000e+00,0.000000e+00,0.000000e+00,0.000000e+00,0.000000e+00,0.000000e+00,0.000000e+00,0.000000e+00,0.000000e+00
1.000000e+00,0.000000e+00,0.000000e+00,0.000000e+00,0.000000e+00,0.000000e+00,0.000000e+00,0.000000e+00,0.000000e+00,0.000000e+00,0.000000e+00,0.000000e+00,0.000000e+00,0.000000e+00,0.000000e+00
1.000000e+00,0.000000e+00,0.000000e+00,0.000000e+00,0.000000e+00,0.000000e+00,0.000000e+00,0.000000e+00,0.000000e+00,0.000000e+00,0.000000e+00,0.000000e+00,0.000000e+00,0.000000e+00,0.000000e+00
1.000000e+00,0.000000e+00,0.000000e+00,0.000000e+00,0.000000e+00,0.000000e+00,0.000000e+00,0.000000e+00,0.000000e+00,0.000000e+00,0.000000e+00,0.000000e+00,0.000000e+00,0.000000e+00,0.000000e+00
1.000000e+00,0.000000e+00,0.000000e+00,0.000000e+00,0.000000e+00,0.000000e+00,0.000000e+00,0.000000e+00,0.000000e+00,0.000000e+00,0.000000e+00,0.000000e+00,0.000000e+00,0.000000e+00,0.000000e+00
1.000000e+00,0.000000e+00,0.000000e+00,0.000000e+00,0.000000e+00,0.000000e+00,0.000000e+00,0.000000e+00,0.000000e+00,0.000000e+00,0.000000e+00,0.000000e+00,0.000000e+00,0.000000e+00,0.000000e+00
1.000000e+00,0.000000e+00,0.000000e+00,0.000000e+00,0.000000e+00,0.000000e+00,0.000000e+00,0.000000e+00,0.000000e+00,0.000000e+00,0.000000e+00,0.000000e+00,0.000000e+00,0.000000e+00,0.000000e+00
1.000000e+00,0.000000e+00,0.000000e+00,0.000000e+00,0.000000e+00,0.000000e+00,0.000000e+00,0.000000e+00,0.000000e+00,0.000000e+00,0.000000e+00,0.000000e+00,0.000000e+00,0.000000e+00,0.000000e+00
1.000000e+00,0.000000e+00,0.000000e+00,0.000000e+00,0.000000e+00,0.000000e+00,0.000000e+00,0.000000e+00,0.000000e+00,0.000000e+00,0.000000e+00,0.000000e+00,0.000000e+00,0.000000e+00,0.000000e+00
1.000000e+00,0.000000e+00,0.000000e+00,0.000000e+00,0.000000e+00,0.000000e+00,0.000000e+00,0.000000e+00,0.000000e+00,0.000000e+00,0.000000e+00,0.000000e+00,0.000000e+00,0.000000e+00,0.000000e+00
1.000000e+00,0.000000e+00,0.000000e+00,0.000000e+00,0.000000e+00,0.000000e+00,0.000000e+00,0.000000e+00,0.000000e+00,0.000000e+00,0.000000e+00,0.000000e+00,0.000000e+00,0.000000e+00,0.000000e+00
1.000000e+00,0.000000e+00,0.000000e+00,0.000000e+00,0.000000e+00,0.000000e+00,0.000000e+00,0.000000e+00,0.000000e+00,0.000000e+00,0.000000e+00,0.000000e+00,0.000000e+00,0.000000e+00,0.000000e+00
1.000000e+00,0.000000e+00,0.000000e+00,0.000000e+00,0.000000e+00,0.000000e+00,0.000000e+00,0.000000e+00,0.000000e+00,0.000000e+00,0.000000e+00,0.000000e+00,0.000000e+00,0.000000e+00,0.000000e+00
1.000000e+00,0.000000e+00,0.000000e+00,0.000000e+00,0.000000e+00,0.000000e+00,0.000000e+00,0.000000e+00,0.000000e+00,0.000000e+00,0.000000e+00,0.000000e+00,0.000000e+00,0.000000e+00,0.000000e+00
1.000000e+00,0.000000e+00,0.000000e+00,0.000000e+00,0.000000e+00,0.000000e+00,0.000000e+00,0.000000e+00,0.000000e+00,0.000000e+00,0.000000e+00,0.000000e+00,0.000000e+00,0.000000e+00,0.000000e+00
1.000000e+00,0.000000e+00,0.000000e+00,0.000000e+00,0.000000e+00,0.000000e+00,0.000000e+00,0.000000e+00,0.000000e+00,0.000000e+00,0.000000e+00,0.000000e+00,0.000000e+00,0.000000e+00,0.000000e+00
1.000000e+00,0.000000e+00,0.000000e+00,0.000000e+00,0.000000e+00,0.000000e+00,0.000000e+00,0.000000e+00,0.000000e+00,0.000000e+00,0.000000e+00,0.000000e+00,0.000000e+00,0.000000e+00,0.000000e+00
1.000000e+00,0.000000e+00,0.000000e+00,0.000000e+00,0.000000e+00,0.000000e+00,0.000000e+00,0.000000e+00,0.000000e+00,0.000000e+00,0.000000e+00,0.000000e+00,0.000000e+00,0.000000e+00,0.000000e+00
1.000000e+00,0.000000e+00,0.000000e+00,0.000000e+00,0.000000e+00,0.000000e+00,0.000000e+00,0.000000e+00,0.000000e+00,0.000000e+00,0.000000e+00,0.000000e+00,0.000000e+00,0.000000e+00,0.000000e+00
1.000000e+00,0.000000e+00,0.000000e+00,0.000000e+00,0.000000e+00,0.000000e+00,0.000000e+00,0.000000e+00,0.000000e+00,0.000000e+00,0.000000e+00,0.000000e+00,0.000000e+00,0.000000e+00,0.000000e+00
1.000000e+00,0.000000e+00,0.000000e+00,0.000000e+00,0.000000e+00,0.000000e+00,0.000000e+00,0.000000e+00,0.000000e+00,0.000000e+00,0.000000e+00,0.000000e+00,0.000000e+00,0.000000e+00,0.000000e+00
1.000000e+00,0.000000e+00,0.000000e+00,0.000000e+00,0.000000e+00,0.000000e+00,0.000000e+00,0.000000e+00,0.000000e+00,0.000000e+00,0.000000e+00,0.000000e+00,0.000000e+00,0.000000e+00,0.000000e+00
1.000000e+00,0.000000e+00,0.000000e+00,0.000000e+00,0.000000e+00,0.000000e+00,0.000000e+00,0.000000e+00,0.000000e+00,0.000000e+00,0.000000e+00,0.000000e+00,0.000000e+00,0.000000e+00,0.000000e+00
1.000000e+00,0.000000e+00,0.000000e+00,0.000000e+00,0.000000e+00,0.000000e+00,0.000000e+00,0.000000e+00,0.000000e+00,0.000000e+00,0.000000e+00,0.000000e+00,0.000000e+00,0.000000e+00,0.000000e+00
1.000000e+00,0.000000e+00,0.000000e+00,0.000000e+00,0.000000e+00,0.000000e+00,0.000000e+00,0.000000e+00,0.000000e+00,0.000000e+00,0.000000e+00,0.000000e+00,0.000000e+00,0.000000e+00,0.000000e+00
1.000000e+00,0.000000e+00,0.000000e+00,0.000000e+00,0.000000e+00,0.000000e+00,0.000000e+00,0.000000e+00,0.000000e+00,0.000000e+00,0.000000e+00,0.000000e+00,0.000000e+00,0.000000e+00,0.000000e+00
1.000000e+00,0.000000e+00,0.000000e+00,0.000000e+00,0.000000e+00,0.000000e+00,0.000000e+00,0.000000e+00,0.000000e+00,0.000000e+00,0.000000e+00,0.000000e+00,0.000000e+00,0.000000e+00,0.000000e+00
1.000000e+00,0.000000e+00,0.000000e+00,0.000000e+00,0.000000e+00,0.000000e+00,0.000000e+00,0.000000e+00,0.000000e+00,0.000000e+00,0.000000e+00,0.000000e+00,0.000000e+00,0.000000e+00,0.000000e+00
1.000000e+00,0.000000e+00,0.000000e+00,0.000000e+00,0.000000e+00,0.000000e+00,0.000000e+00,0.000000e+00,0.000000e+00,0.000000e+00,0.000000e+00,0.000000e+00,0.000000e+00,0.000000e+00,0.000000e+00
1.000000e+00,0.000000e+00,0.000000e+00,0.000000e+00,0.000000e+00,0.000000e+00,0.000000e+00,0.000000e+00,0.000000e+00,0.000000e+00,0.000000e+00,0.000000e+00,0.000000e+00,0.000000e+00,0.000000e+00
1.000000e+00,0.000000e+00,0.000000e+00,0.000000e+00,0.000000e+00,0.000000e+00,0.000000e+00,0.000000e+00,0.000000e+00,0.000000e+00,0.000000e+00,0.000000e+00,0.000000e+00,0.000000e+00,0.000000e+00
1.000000e+00,0.000000e+00,0.000000e+00,0.000000e+00,0.000000e+00,0.000000e+00,0.000000e+00,0.000000e+00,0.000000e+00,0.000000e+00,0.000000e+00,0.000000e+00,0.000000e+00,0.000000e+00,0.000000e+00
1.000000e+00,0.000000e+00,0.000000e+00,0.000000e+00,0.000000e+00,0.000000e+00,0.000000e+00,0.000000e+00,0.000000e+00,0.000000e+00,0.000000e+00,0.000000e+00,0.000000e+00,0.000000e+00,0.000000e+00
1.000000e+00,0.000000e+00,0.000000e+00,0.000000e+00,0.000000e+00,0.000000e+00,0.000000e+00,0.000000e+00,0.000000e+00,0.000000e+00,0.000000e+00,0.000000e+00,0.000000e+00,0.000000e+00,0.000000e+00
1.000000e+00,0.000000e+00,0.000000e+00,0.000000e+00,0.000000e+00,0.000000e+00,0.000000e+00,0.000000e+00,0.000000e+00,0.000000e+00,0.000000e+00,0.000000e+00,0.000000e+00,0.000000e+00,0.000000e+00
1.000000e+00,0.000000e+00,0.000000e+00,0.000000e+00,0.000000e+00,0.000000e+00,0.000000e+00,0.000000e+00,0.000000e+00,0.000000e+00,0.000000e+00,0.000000e+00,0.000000e+00,0.000000e+00,0.000000e+00
1.000000e+00,0.000000e+00,0.000000e+00,0.000000e+00,0.000000e+00,0.000000e+00,0.000000e+00,0.000000e+00,0.000000e+00,0.000000e+00,0.000000e+00,0.000000e+00,0.000000e+00,0.000000e+00,0.000000e+00
1.000000e+00,0.000000e+00,0.000000e+00,0.000000e+00,0.000000e+00,0.000000e+00,0.000000e+00,0.000000e+00,0.000000e+00,0.000000e+00,0.000000e+00,0.000000e+00,0.000000e+00,0.000000e+00,0.000000e+00
1.000000e+00,0.000000e+00,0.000000e+00,0.000000e+00,0.000000e+00,0.000000e+00,0.000000e+00,0.000000e+00,0.000000e+00,0.000000e+00,0.000000e+00,0.000000e+00,0.000000e+00,0.000000e+00,0.000000e+00
1.000000e+00,0.000000e+00,0.000000e+00,0.000000e+00,0.000000e+00,0.000000e+00,0.000000e+00,0.000000e+00,0.000000e+00,0.000000e+00,0.000000e+00,0.000000e+00,0.000000e+00,0.000000e+00,0.000000e+00
1.000000e+00,0.000000e+00,0.000000e+00,0.000000e+00,0.000000e+00,0.000000e+00,0.000000e+00,0.000000e+00,0.000000e+00,0.000000e+00,0.000000e+00,0.000000e+00,0.000000e+00,0.000000e+00,0.000000e+00
1.000000e+00,0.000000e+00,0.000000e+00,0.000000e+00,0.000000e+00,0.000000e+00,0.000000e+00,0.000000e+00,0.000000e+00,0.000000e+00,0.000000e+00,0.000000e+00,0.000000e+00,0.000000e+00,0.000000e+00
1.000000e+00,0.000000e+00,0.000000e+00,0.000000e+00,0.000000e+00,0.000000e+00,0.000000e+00,0.000000e+00,0.000000e+00,0.000000e+00,0.000000e+00,0.000000e+00,0.000000e+00,0.000000e+00,0.000000e+00
1.000000e+00,0.000000e+00,0.000000e+00,0.000000e+00,0.000000e+00,0.000000e+00,0.000000e+00,0.000000e+00,0.000000e+00,0.000000e+00,0.000000e+00,0.000000e+00,0.000000e+00,0.000000e+00,0.000000e+00
1.000000e+00,0.000000e+00,0.000000e+00,0.000000e+00,0.000000e+00,0.000000e+00,0.000000e+00,0.000000e+00,0.000000e+00,0.000000e+00,0.000000e+00,0.000000e+00,0.000000e+00,0.000000e+00,0.000000e+00
1.000000e+00,0.000000e+00,0.000000e+00,0.000000e+00,0.000000e+00,0.000000e+00,0.000000e+00,0.000000e+00,0.000000e+00,0.000000e+00,0.000000e+00,0.000000e+00,0.000000e+00,0.000000e+00,0.000000e+00
1.000000e+00,0.000000e+00,0.000000e+00,0.000000e+00,0.000000e+00,0.000000e+00,0.000000e+00,0.000000e+00,0.000000e+00,0.000000e+00,0.000000e+00,0.000000e+00,0.000000e+00,0.000000e+00,0.000000e+00
1.000000e+00,0.000000e+00,0.000000e+00,0.000000e+00,0.000000e+00,0.000000e+00,0.000000e+00,0.000000e+00,0.000000e+00,0.000000e+00,0.000000e+00,0.000000e+00,0.000000e+00,0.000000e+00,0.000000e+00
1.000000e+00,0.000000e+00,0.000000e+00,0.000000e+00,0.000000e+00,0.000000e+00,0.000000e+00,0.000000e+00,0.000000e+00,0.000000e+00,0.000000e+00,0.000000e+00,0.000000e+00,0.000000e+00,0.000000e+00
1.000000e+00,0.000000e+00,0.000000e+00,0.000000e+00,0.000000e+00,0.000000e+00,0.000000e+00,0.000000e+00,0.000000e+00,0.000000e+00,0.000000e+00,0.000000e+00,0.000000e+00,0.000000e+00,0.000000e+00
1.000000e+00,0.000000e+00,0.000000e+00,0.000000e+00,0.000000e+00,0.000000e+00,0.000000e+00,0.000000e+00,0.000000e+00,0.000000e+00,0.000000e+00,0.000000e+00,0.000000e+00,0.000000e+00,0.000000e+00
1.000000e+00,0.000000e+00,0.000000e+00,0.000000e+00,0.000000e+00,0.000000e+00,0.000000e+00,0.000000e+00,0.000000e+00,0.000000e+00,0.000000e+00,0.000000e+00,0.000000e+00,0.000000e+00,0.000000e+00
1.000000e+00,0.000000e+00,0.000000e+00,0.000000e+00,0.000000e+00,0.000000e+00,0.000000e+00,0.000000e+00,0.000000e+00,0.000000e+00,0.000000e+00,0.000000e+00,0.000000e+00,0.000000e+00,0.000000e+00
1.000000e+00,0.000000e+00,0.000000e+00,0.000000e+00,0.000000e+00,0.000000e+00,0.000000e+00,0.000000e+00,0.000000e+00,0.000000e+00,0.000000e+00,0.000000e+00,0.000000e+00,0.000000e+00,0.000000e+00
1.000000e+00,0.000000e+00,0.000000e+00,0.000000e+00,0.000000e+00,0.000000e+00,0.000000e+00,0.000000e+00,0.000000e+00,0.000000e+00,0.000000e+00,0.000000e+00,0.000000e+00,0.000000e+00,0.000000e+00
4.834352e-01,1.048203e-02,1.600066e-02,2.612674e-02,7.003856e-03,1.366039e-01,1.855375e-02,2.429572e-01,2.516251e-03,1.362533e-03,1.125093e-02,2.404959e-02,8.822051e-03,1.661893e-03,9.173365e-03
4.022438e-01,1.323153e-02,3.250121e-02,2.552546e-02,1.517643e-02,1.708941e-01,4.437087e-02,2.348345e-01,2.226540e-03,2.290638e-03,1.569745e-02,2.206690e-02,8.319968e-03,2.044613e-03,8.576052e-03
2.850527e-01,1.003316e-02,2.988285e-02,2.166194e-02,1.491931e-02,1.669379e-01,5.473549e-02,1.758787e-01,2.769630e-03,1.062748e-01,4.334781e-02,1.966126e-02,1.441940e-02,2.496012e-03,5.192906e-02
2.001568e-01,7.535691e-03,2.300227e-02,1.644020e-02,1.123097e-02,1.610059e-01,4.813082e-02,1.252438e-01,2.766896e-03,2.362232e-01,5.657679e-02,3.584190e-02,2.107396e-02,3.671764e-03,5.109912e-02
1.402251e-01,5.439916e-03,1.636273e-02,1.220336e-02,8.193280e-03,1.161639e-01,3.917670e-02,8.817147e-02,1.004111e-02,3.152498e-01,1.130917e-01,6.393244e-02,1.573618e-02,1.897663e-02,3.703570e-02
9.821922e-02,4.013693e-03,1.166470e-02,8.913832e-03,6.392153e-03,8.654006e-02,2.888471e-02,6.241260e-02,8.359205e-03,3.245430e-01,2.107343e-01,8.349274e-02,1.200531e-02,2.746736e-02,2.635712e-02
6.878793e-02,2.903892e-03,8.238390e-03,6.724955e-03,4.722870e-03,6.208012e-02,2.088425e-02,4.380205e-02,6.772107e-03,2.816898e-01,2.932494e-01,1.349214e-01,9.055608e-03,3.723972e-02,1.892759e-02
4.821927e-02,2.115272e-03,6.016965e-03,4.919684e-03,4.034440e-03,4.432465e-02,1.638615e-02,3.114883e-02,5.294932e-03,2.203816e-01,4.014992e-01,1.357080e-01,7.783963e-03,5.845937e-02,1.370780e-02
3.381582e-02,2.443786e-03,4.382197e-03,3.602622e-03,3.351599e-03,3.138376e-02,1.195332e-02,2.213086e-02,5.126854e-03,1.826120e-01,4.754992e-01,1.306169e-01,6.077539e-03,7.704642e-02,9.957106e-03
2.400549e-02,2.316891e-03,3.309534e-03,2.669505e-03,3.941578e-03,2.258868e-02,9.189946e-03,1.629048e-02,7.359101e-03,1.629716e-01,4.908869e-01,1.016429e-01,4.718536e-03,1.404907e-01,7.618021e-03
1.786881e-02,1.829816e-03,2.710671e-03,2.058405e-03,3.018325e-03,1.668379e-02,6.714674e-03,1.329600e-02,6.885342e-03,1.229305e-01,5.216934e-01,7.607076e-02,3.624632e-03,1.987810e-01,5.833926e-03
1.283163e-02,1.524374e-03,2.002811e-03,1.465481e-03,2.290365e-03,1.187928e-02,4.725433e-03,9.461110e-03,8.057998e-03,8.879410e-02,4.004608e-01,5.570019e-02,2.627971e-03,3.934187e-01,4.759663e-03
9.906123e-03,1.188355e-03,1.700297e-03,1.107389e-03,1.761546e-03,9.319628e-03,3.348546e-03,6.987268e-03,1.027052e-02,6.322457e-02,4.089360e-01,4.104110e-02,2.002744e-03,4.354077e-01,3.798232e-03
7.969097e-03,1.004350e-03,1.525123e-03,9.090934e-04,1.591075e-03,8.450059e-03,2.401210e-03,5.578403e-03,2.237593e-02,4.512457e-02,4.864549e-01,3.082974e-02,1.891048e-03,3.809595e-01,2.935854e-03
6.013589e-03,3.418338e-03,3.532994e-03,9.279809e-04,1.969419e-03,7.868825e-03,1.745134e-03,5.058661e-03,6.148233e-02,3.267708e-02,4.029949e-01,2.547851e-02,1.642398e-03,4.429684e-01,2.221486e-03
5.039692e-03,3.128757e-03,3.925737e-03,8.012493e-04,1.803337e-03,6.783263e-03,1.231052e-03,3.636334e-03,9.224457e-02,2.325975e-02,3.532354e-01,1.888664e-02,1.425034e-03,4.829729e-01,1.626329e-03
5.115673e-03,2.970995e-03,3.832084e-03,8.259339e-04,2.584649e-03,5.349202e-03,8.718443e-04,2.679301e-03,1.043417e-01,1.690998e-02,3.382671e-01,1.416372e-02,1.174210e-03,4.996426e-01,1.271113e-03
5.642714e-03,3.666898e-03,4.191350e-03,7.590805e-04,6.286399e-03,4.172872e-03,6.376600e-04,2.313773e-03,1.638559e-01,1.328859e-02,3.430556e-01,1.103562e-02,1.390548e-03,4.386423e-01,1.060707e-03
6.379661e-03,5.486219e-03,4.693665e-03,8.199518e-04,1.048840e-02,4.072209e-03,4.868472e-04,1.886605e-03,1.659107e-01,1.168050e-02,3.404761e-01,8.740148e-03,2.585955e-03,4.351915e-01,1.101455e-03
1.203759e-02,2.039178e-02,7.928184e-03,1.112152e-03,4.196359e-02,6.965486e-03,5.563046e-04,1.759277e-03,1.783960e-01,1.130397e-02,2.913987e-01,6.943504e-03,2.790875e-03,4.144796e-01,1.972964e-03
1.123285e-02,2.638721e-02,8.634982e-03,1.159291e-03,3.665888e-02,1.132229e-02,4.198565e-04,1.438172e-03,1.696007e-01,8.839221e-03,2.485579e-01,5.442094e-03,2.171144e-03,4.662000e-01,1.935348e-03
1.128462e-02,2.147134e-02,8.334991e-03,1.171455e-03,2.839002e-02,1.373463e-02,3.127928e-04,1.252855e-03,1.563382e-01,6.685616e-03,2.189070e-01,4.224370e-03,1.669792e-03,5.245619e-01,1.660393e-03
1.529766e-02,1.870430e-02,5.454119e-02,3.255535e-03,2.499748e-02,2.865069e-02,3.617916e-04,6.824028e-03,2.013996e-01,5.566797e-03,1.788251e-01,3.274689e-03,1.415554e-03,4.553494e-01,1.536272e-03
1.578870e-02,1.704865e-02,6.660727e-02,4.543037e-03,2.126131e-02,2.839036e-02,2.984425e-04,9.287512e-03,2.837078e-01,5.208700e-03,1.512519e-01,2.470891e-03,1.092018e-03,3.915467e-01,1.496697e-03
1.587246e-02,1.255525e-02,8.192296e-02,9.833146e-03,1.590892e-02,2.520214e-02,2.781209e-04,1.042999e-02,3.479433e-01,6.781960e-03,1.380252e-01,1.813167e-03,8.481194e-04,3.307655e-01,1.819790e-03
1.638323e-02,1.010774e-02,6.752777e-02,9.493181e-03,1.213677e-02,2.336992e-02,2.413254e-04,7.654767e-03,3.732578e-01,1.097361e-02,1.275650e-01,1.324432e-03,6.401553e-04,3.334572e-01,5.867147e-03
1.597117e-02,9.154629e-03,6.522277e-02,2.232760e-02,9.441851e-03,2.413701e-02,3.098216e-04,8.327287e-03,3.744465e-01,1.830887e-02,1.179449e-01,9.690325e-04,4.844487e-04,3.269813e-01,5.972906e-03
1.533974e-02,6.627811e-03,1.762287e-01,6.418356e-02,6.900673e-03,2.097631e-02,3.175129e-04,1.294438e-02,3.183802e-01,1.637754e-02,9.440836e-02,7.028494e-04,3.516310e-04,2.619261e-01,4.334696e-03
1.440118e-02,4.943102e-03,2.278412e-01,9.186094e-02,5.304662e-03,1.572605e-02,2.543299e-04,1.019571e-02,3.171302e-01,1.590561e-02,7.249543e-02,5.082772e-04,2.608139e-04,2.198296e-01,3.342981e-03
2.210450e-02,4.028449e-03,2.630154e-01,8.405243e-02,4.763810e-03,1.343394e-02,3.174714e-04,7.966638e-03,3.064734e-01,1.692597e-02,7.933021e-02,4.509592e-04,3.190069e-04,1.931645e-01,3.653282e-03
3.328546e-02,4.188021e-03,2.583556e-01,7.300515e-02,4.158663e-03,1.242599e-02,5.174528e-04,7.025464e-03,2.864342e-01,2.233507e-02,1.016926e-01,8.250423e-04,8.620487e-04,1.885125e-01,6.376795e-03
3.839569e-02,3.870251e-03,2.159582e-01,7.394920e-02,3.559733e-03,1.221357e-02,4.802551e-04,6.666702e-03,2.715170e-01,2.798793e-02,1.625704e-01,1.061659e-03,9.609205e-04,1.741185e-01,6.689947e-03
4.094823e-02,3.428665e-03,1.605025e-01,5.663894e-02,3.077671e-03,1.774626e-02,3.973654e-04,5.672225e-03,2.619797e-01,2.439794e-02,2.654078e-01,5.708846e-03,1.113494e-03,1.470676e-01,5.912750e-03
4.299743e-02,3.994259e-03,1.334904e-01,5.811878e-02,4.503137e-03,3.578579e-02,3.605286e-04,7.552936e-03,2.654657e-01,2.148031e-02,2.913586e-01,8.906567e-03,1.148992e-03,1.194748e-01,5.361824e-03
6.118581e-02,7.292892e-03,1.169005e-01,4.622733e-02,6.973979e-03,4.733402e-02,7.554664e-04,9.299872e-03,2.824958e-01,1.784504e-02,2.840258e-01,7.493128e-03,2.715889e-03,1.009049e-01,8.549625e-03
7.715170e-02,8.161213e-03,1.291595e-01,3.951371e-02,6.949740e-03,4.345351e-02,8.711956e-04,9.496405e-03,2.509179e-01,1.346126e-02,3.014364e-01,7.043064e-03,3.508432e-03,9.856430e-02,1.031180e-02
8.195502e-02,8.297546e-03,1.229306e-01,3.956136e-02,6.956056e-03,5.673573e-02,7.712097e-04,9.799014e-03,2.394898e-01,1.045911e-02,3.150008e-01,8.199129e-03,3.155957e-03,8.754433e-02,9.144228e-03
1.464292e-01,1.534199e-02,1.130426e-01,3.548917e-02,9.731360e-03,8.497117e-02,1.513216e-03,1.570278e-02,2.138131e-01,8.125781e-03,2.502847e-01,9.363215e-03,5.658508e-03,8.076634e-02,9.766769e-03
2.334330e-01,2.366212e-02,1.076722e-01,3.090373e-02,1.177340e-02,7.858703e-02,2.239087e-03,2.229128e-02,1.857659e-01,6.973595e-03,1.923345e-01,9.565447e-03,5.561215e-03,7.788570e-02,1.135177e-02
1.669174e-01,2.012113e-01,8.002499e-02,4.447959e-02,1.073944e-02,5.578694e-02,1.661824e-03,1.570793e-02,1.365871e-01,1.631867e-02,1.400015e-01,8.651113e-03,5.973110e-03,5.752318e-02,5.841577e-02
1.639638e-01,1.917806e-01,6.018026e-02,3.632933e-02,8.632724e-03,4.152671e-02,1.335489e-03,1.197747e-02,1.231922e-01,3.056010e-02,1.120255e-01,1.378802e-02,9.385575e-03,8.624619e-02,1.090760e-01
1.614170e-01,1.445760e-01,4.564287e-02,2.854690e-02,6.935207e-03,3.148016e-02,1.101908e-03,9.033936e-03,9.667682e-02,4.784788e-02,9.813516e-02,3.193835e-02,9.785005e-03,1.763695e-01,1.105133e-01
1.496772e-01,1.197619e-01,3.419790e-02,2.277419e-02,6.200793e-03,2.472703e-02,9.241367e-04,7.240631e-03,1.013626e-01,8.537592e-02,1.233369e-01,3.492185e-02,1.201346e-02,1.704278e-01,1.070576e-01
1.094414e-01,9.264638e-02,2.465196e-02,1.674029e-02,4.593816e-03,1.768782e-02,6.754121e-04,5.148042e-03,9.813114e-02,2.746966e-01,9.862331e-02,2.641381e-02,1.144728e-02,1.254688e-01,9.363396e-02
1.092206e-01,7.905051e-02,1.930770e-02,1.573351e-02,3.665240e-03,1.544596e-02,7.125220e-04,4.399894e-03,8.530139e-02,2.471665e-01,1.271563e-01,3.108382e-02,1.329379e-02,1.503251e-01,9.813708e-02
8.396199e-02,7.931773e-02,1.661293e-02,2.918993e-02,3.269876e-03,1.305737e-02,6.078960e-04,3.543845e-03,8.180210e-02,1.954827e-01,1.756936e-01,3.114755e-02,1.573885e-02,1.827832e-01,8.779049e-02
6.662888e-02,6.989135e-02,1.296473e-02,2.295551e-02,3.345633e-03,1.097016e-02,5.755780e-04,2.914274e-03,8.715943e-02,1.751531e-01,1.496560e-01,2.631319e-02,1.902739e-02,2.410672e-01,1.113776e-01
5.457224e-02,6.052775e-02,1.348228e-02,2.047078e-02,3.670313e-02,1.325746e-02,1.289427e-03,7.324052e-03,1.106382e-01,1.895562e-01,1.259506e-01,2.190156e-02,2.163780e-02,2.063837e-01,1.163048e-01
4.632561e-02,4.939925e-02,1.234690e-02,1.561382e-02,4.522116e-02,1.441494e-02,2.735089e-03,9.244354e-03,1.457512e-01,2.424107e-01,9.356497e-02,1.796570e-02,2.248040e-02,1.657569e-01,1.167691e-01
4.319485e-02,3.680882e-02,1.117223e-02,1.173663e-02,5.041103e-02,1.567547e-02,3.625136e-03,9.962915e-03,1.638156e-01,2.012355e-01,7.445594e-02,1.560996e-02,4.466230e-02,1.467051e-01,1.709285e-01
3.093541e-02,2.652553e-02,8.390731e-03,9.711361e-03,4.627590e-02,1.292079e-02,2.791459e-03,7.489625e-03,1.229431e-01,1.498891e-01,6.800485e-02,1.263982e-02,4.700895e-02,1.087739e-01,3.456995e-01
2.186321e-02,1.875099e-02,6.827411e-03,9.301502e-03,5.755652e-02,1.256072e-02,2.856066e-03,5.739404e-03,9.199737e-02,1.087771e-01,6.091505e-02,1.043979e-02,4.550130e-02,8.530474e-02,4.616089e-01
1.890214e-02,2.233229e-02,1.871392e-02,1.015444e-02,8.669501e-02,2.005443e-02,8.525519e-03,2.495158e-02,8.967641e-02,8.644116e-02,9.411104e-02,1.942249e-02,6.450763e-02,7.233623e-02,3.631757e-01
1.622641e-02,2.351556e-02,1.962768e-02,1.417719e-02,7.691274e-02,2.172474e-02,6.694383e-03,8.668467e-02,1.028433e-01,6.719667e-02,1.064440e-01,3.189426e-02,1.049744e-01,5.553780e-02,2.655462e-01
1.297265e-02,2.441769e-02,2.901749e-02,1.638136e-02,5.924818e-02,1.697901e-02,5.168977e-03,9.420975e-02,1.612988e-01,5.074983e-02,8.760179e-02,3.119095e-02,1.608391e-01,4.017253e-02,2.097519e-01
1.119169e-02,4.852499e-02,4.064133e-02,7.685393e-02,4.429290e-02,1.420792e-02,3.764885e-03,6.774542e-02,2.589051e-01,4.544187e-02,6.535780e-02,2.284480e-02,1.185103e-01,2.877012e-02,1.529469e-01
1.410938e-02,8.669202e-02,4.022974e-02,9.121021e-02,3.367054e-02,2.017880e-02,2.933211e-03,4.995428e-02,2.884227e-01,4.407085e-02,5.720861e-02,1.801223e-02,8.989275e-02,2.423262e-02,1.391820e-01
1.566730e-02,1.043559e-01,3.926552e-02,7.630201e-02,2.779552e-02,1.843814e-02,2.342226e-03,4.238825e-02,2.613413e-01,5.331176e-02,8.231818e-02,2.067266e-02,8.437170e-02,2.185480e-02,1.495746e-01
1.537123e-02,8.538133e-02,3.805572e-02,5.932915e-02,3.031054e-02,1.847181e-02,2.121660e-03,6.615883e-02,3.064931e-01,4.663910e-02,7.092471e-02,1.757746e-02,8.468793e-02,1.699165e-02,1.414857e-01
1.206451e-02,9.192581e-02,4.973389e-02,4.425832e-02,2.409944e-02,1.827966e-02,1.924463e-03,8.150150e-02,3.873745e-01,3.382803e-02,5.366948e-02,1.348602e-02,6.419165e-02,1.223328e-02,1.114294e-01
1.523124e-02,8.472126e-02,5.577103e-02,3.287502e-02,3.447834e-02,1.784346e-02,3.532847e-03,1.855635e-01,3.541944e-01,2.457889e-02,3.953683e-02,9.625641e-03,4.664725e-02,8.758700e-03,8.664151e-02
1.722806e-02,6.755786e-02,4.829778e-02,2.673732e-02,3.580519e-02,1.822108e-02,3.351275e-03,3.531274e-01,2.617674e-01,1.802277e-02,3.308451e-02,7.925285e-03,3.527898e-02,6.441893e-03,6.715310e-02
1.441601e-02,5.263945e-02,7.439169e-02,2.193551e-02,2.904784e-02,2.432494e-02,1.055178e-02,3.158428e-01,1.898931e-01,2.409077e-02,7.974903e-02,2.551344e-02,7.668367e-02,5.338269e-03,5.558167e-02
1.072520e-02,3.925536e-02,6.601140e-02,2.519713e-02,2.281793e-02,2.381149e-02,9.984646e-03,2.550985e-01,1.383258e-01,1.985805e-02,1.320806e-01,5.673821e-02,1.500387e-01,5.425997e-03,4.463101e-02
8.060615e-03,2.827350e-02,4.744232e-02,3.800819e-02,1.707769e-02,2.069155e-02,7.788489e-03,1.852075e-01,9.919994e-02,8.500446e-02,1.520441e-01,6.591222e-02,2.016922e-01,7.941768e-03,3.565554e-02
6.365983e-03,2.009660e-02,3.352265e-02,2.864191e-02,1.613514e-02,1.570725e-02,5.793322e-03,1.319371e-01,9.924274e-02,6.295951e-02,1.431708e-01,1.201602e-01,2.410364e-01,4.886001e-02,2.637039e-02
5.336023e-03,1.518498e-02,2.399663e-02,2.370897e-02,1.282471e-02,1.186449e-02,4.138947e-03,9.318261e-02,9.413978e-02,6.332513e-02,1.308713e-01,1.658092e-01,2.868800e-01,4.902807e-02,1.970910e-02
2.528590e-02,1.536471e-02,1.814011e-02,2.385329e-02,1.021303e-02,2.149001e-02,3.225595e-03,6.827392e-02,7.881761e-02,1.008992e-01,1.735632e-01,1.545140e-01,2.428383e-01,4.649020e-02,1.703098e-02
3.336859e-02,1.705730e-02,1.749483e-02,2.590276e-02,6.118586e-02,1.792413e-02,3.318881e-03,5.252549e-02,8.654319e-02,1.093976e-01,1.635247e-01,1.503726e-01,1.999928e-01,4.649659e-02,1.489467e-02
2.953182e-02,2.204090e-02,1.627986e-02,2.638458e-02,5.330056e-02,1.650532e-02,2.876250e-03,3.831746e-02,7.560821e-02,8.643834e-02,2.189475e-01,1.779770e-01,1.545825e-01,6.697671e-02,1.423296e-02
2.287867e-02,1.912459e-02,1.321078e-02,1.940165e-02,4.966589e-02,1.367154e-02,2.190560e-03,2.777478e-02,1.255409e-01,6.394061e-02,1.855100e-01,2.128472e-01,1.109187e-01,1.205521e-01,1.277216e-02
1.691027e-02,1.694020e-02,1.065159e-02,1.422768e-02,4.244173e-02,1.031104e-02,1.580708e-03,1.997398e-02,1.863379e-01,4.785494e-02,1.627969e-01,2.096015e-01,7.992050e-02,1.693135e-01,1.113771e-02
1.993741e-02,1.385347e-02,7.975005e-03,1.121635e-02,3.201911e-02,1.010338e-02,1.160946e-03,1.429663e-02,2.717955e-01,3.713729e-02,1.481517e-01,1.618225e-01,5.860021e-02,1.990552e-01,1.287535e-02
1.933368e-02,1.035475e-02,6.040621e-03,8.195654e-03,2.313873e-02,9.180618e-03,8.482337e-04,1.017671e-02,3.062715e-01,2.749384e-02,1.204142e-01,1.322733e-01,4.288385e-02,2.733422e-01,1.005212e-02
2.568378e-02,7.942427e-03,5.251715e-03,7.474486e-03,1.845915e-02,9.857390e-03,6.364472e-04,7.444538e-03,2.800954e-01,2.070294e-02,1.997446e-01,1.047279e-01,3.091766e-02,2.731488e-01,7.912816e-03
2.013875e-02,5.987347e-03,4.606121e-03,6.658754e-03,1.402675e-02,8.394809e-03,4.726794e-04,5.356393e-03,2.640426e-01,1.616842e-02,1.976485e-01,8.069889e-02,2.190084e-02,3.472976e-01,6.601574e-03
1.598277e-02,6.375276e-03,5.542649e-03,5.871017e-03,1.400734e-02,6.861802e-03,3.665141e-04,3.996637e-03,3.075771e-01,1.601089e-02,2.352205e-01,6.100947e-02,1.555031e-02,3.000888e-01,5.539000e-03
1.390756e-02,7.575379e-03,5.773598e-03,5.805178e-03,1.098845e-02,6.094071e-03,2.974094e-04,3.111360e-03,3.165523e-01,1.552472e-02,2.110946e-01,4.451204e-02,1.155351e-02,3.419741e-01,5.235814e-03
1.132200e-02,7.304059e-03,8.776784e-03,9.341499e-03,9.451435e-03,7.469366e-03,4.075432e-04,2.675929e-03,3.276534e-01,1.961990e-02,2.063205e-01,3.300297e-02,8.893472e-03,3.421432e-01,5.617903e-03
9.319624e-03,6.679456e-03,9.926382e-03,1.348895e-02,1.051083e-02,1.711590e-02,1.081005e-03,4.568940e-03,2.848693e-01,2.844809e-02,2.045508e-01,2.613198e-02,1.074578e-02,3.663349e-01,6.228099e-03
8.133048e-03,7.423307e-03,9.890099e-03,2.981101e-02,1.999201e-02,2.826282e-02,3.044898e-03,4.414610e-03,2.431714e-01,4.815070e-02,1.814894e-01,2.351722e-02,2.031616e-02,3.527343e-01,1.964908e-02
8.756142e-03,6.489371e-03,9.821832e-03,3.580284e-02,2.107599e-02,2.978930e-02,3.444095e-03,4.635321e-03,2.075683e-01,5.374083e-02,1.749819e-01,2.314324e-02,2.497570e-02,3.760294e-01,1.974575e-02
1.004478e-02,6.279805e-03,1.065142e-02,4.114711e-02,2.332008e-02,4.583997e-02,3.673145e-03,1.531127e-02,1.657995e-01,5.265941e-02,1.845985e-01,3.323089e-02,6.488147e-02,3.223140e-01,2.024857e-02
9.481038e-03,5.037957e-03,1.187237e-02,3.131031e-02,1.952158e-02,6.076503e-02,3.260400e-03,1.707509e-02,1.292652e-01,5.695971e-02,2.334340e-01,4.307185e-02,7.842951e-02,2.840997e-01,1.641623e-02
9.586209e-03,4.039087e-03,1.216366e-02,2.320267e-02,1.563145e-02,2.664668e-01,4.195244e-03,1.867764e-02,9.254323e-02,6.109694e-02,1.741077e-01,4.184553e-02,6.319205e-02,2.004592e-01,1.279261e-02
1.362637e-02,3.196907e-03,1.223255e-02,1.748058e-02,1.256822e-02,4.144279e-01,6.824607e-03,3.574372e-02,6.606064e-02,5.171282e-02,1.297807e-01,3.454795e-02,4.847462e-02,1.439881e-01,9.334303e-03
1.494018e-02,2.978545e-03,1.190698e-02,1.356069e-02,1.058531e-02,5.242950e-01,8.513350e-03,3.968423e-02,4.763669e-02,4.320892e-02,9.913029e-02,3.258682e-02,3.843287e-02,1.056508e-01,6.889315e-03
3.109069e-02,4.750893e-03,1.451202e-02,1.021504e-02,9.172773e-03,5.428925e-01,1.451519e-02,4.777192e-02,4.079125e-02,3.686159e-02,7.812626e-02,3.809044e-02,3.285852e-02,9.197537e-02,6.375604e-03
6.460108e-02,8.852634e-03,1.490037e-02,7.969972e-03,9.591816e-03,4.708640e-01,2.399086e-02,5.609600e-02,5.174980e-02,4.755564e-02,7.307981e-02,5.082989e-02,3.066442e-02,8.248862e-02,6.765104e-03
7.201935e-02,1.741649e-02,1.790942e-02,7.138648e-03,1.842368e-02,3.452470e-01,3.370901e-02,1.226940e-01,8.301944e-02,6.707732e-02,7.744540e-02,3.731532e-02,2.391379e-02,7.110848e-02,5.562703e-03
8.943873e-02,3.200847e-02,1.825958e-02,5.901979e-03,2.044525e-02,2.701566e-01,4.156739e-02,9.617267e-02,1.113697e-01,9.347131e-02,8.238398e-02,3.249247e-02,2.736990e-02,6.971876e-02,9.243291e-03
1.044298e-01,6.186133e-02,1.829520e-02,4.910901e-03,2.433173e-02,2.230410e-01,4.083021e-02,7.845636e-02,1.373132e-01,8.792522e-02,8.505003e-02,2.930123e-02,2.392787e-02,7.114774e-02,9.178204e-03
1.144447e-01,7.816712e-02,1.617932e-02,4.456406e-03,2.149347e-02,1.721218e-01,3.326799e-02,6.197634e-02,1.702968e-01,1.339550e-01,7.244590e-02,2.717479e-02,1.924338e-02,6.218491e-02,1.259200e-02
1.245349e-01,1.166949e-01,1.379684e-02,5.117055e-03,2.321756e-02,1.275589e-01,2.868171e-02,5.105372e-02,1.674351e-01,1.515767e-01,8.706436e-02,2.504759e-02,1.627504e-02,4.968064e-02,1.226493e-02
1.286372e-01,1.126730e-01,1.502007e-02,5.869247e-03,2.735855e-02,9.550789e-02,3.253803e-02,4.635543e-02,1.431642e-01,2.090904e-01,8.377711e-02,2.914296e-02,1.541179e-02,4.082435e-02,1.462980e-02
9.639066e-02,8.144096e-02,1.796278e-02,3.167327e-02,3.654663e-02,8.105063e-02,3.438666e-02,3.707355e-02,1.165326e-01,1.545515e-01,1.726397e-01,6.607947e-02,1.761899e-02,4.020079e-02,1.585177e-02
7.157409e-02,5.796804e-02,1.507483e-02,3.647422e-02,4.146834e-02,6.007216e-02,4.006543e-02,2.878856e-02,8.854267e-02,1.135661e-01,2.729475e-01,8.809263e-02,1.495841e-02,5.311209e-02,1.729489e-02
5.264597e-02,4.082962e-02,1.150297e-02,2.711600e-02,3.405887e-02,4.300287e-02,3.230121e-02,2.159672e-02,6.254680e-02,1.221548e-01,3.476374e-01,9.335009e-02,1.085649e-02,8.167332e-02,1.872691e-02
4.241335e-02,2.962982e-02,9.324254e-03,1.995500e-02,3.229874e-02,3.124206e-02,2.473038e-02,1.730670e-02,4.461160e-02,1.008431e-01,3.883222e-01,9.739579e-02,8.122714e-03,1.389437e-01,1.486064e-02
3.210705e-02,2.144369e-02,7.100134e-03,1.490541e-02,3.395411e-02,2.404799e-02,1.890541e-02,1.493412e-02,3.504693e-02,7.769902e-02,3.907612e-01,1.569067e-01,6.516147e-03,1.548853e-01,1.078676e-02
2.265401e-02,1.568745e-02,5.565260e-03,1.109909e-02,8.487811e-02,1.694811e-02,1.331370e-02,1.088195e-02,2.814207e-02,5.607204e-02,4.308425e-01,1.260848e-01,5.251493e-03,1.639205e-01,8.658967e-03
1.598338e-02,1.467709e-02,4.633350e-03,8.047997e-03,1.195785e-01,1.206762e-02,9.396122e-03,7.998406e-03,3.040048e-02,4.024394e-02,3.615124e-01,1.071923e-01,4.266529e-03,2.576387e-01,6.363234e-03
1.180623e-02,1.161260e-02,3.611571e-03,6.108732e-03,9.524199e-02,1.317537e-02,6.789044e-03,6.511158e-03,5.199676e-02,2.887908e-02,2.761515e-01,9.514591e-02,3.567153e-03,3.847060e-01,4.696999e-03
9.020390e-03,9.477014e-03,2.830087e-03,4.764893e-03,7.254568e-02,1.380173e-02,4.803557e-03,4.964253e-03,9.450233e-02,2.072651e-02,2.154824e-01,8.105069e-02,3.400886e-03,4.589130e-01,3.716600e-03
7.531415e-03,7.294740e-03,2.328250e-03,4.876555e-03,5.369867e-02,1.328604e-02,3.386336e-03,4.103594e-03,1.276506e-01,1.602797e-02,2.678843e-01,6.153506e-02,3.532539e-03,4.235726e-01,3.291341e-03
6.091998e-03,8.173956e-03,3.983528e-03,3.785572e-03,3.841670e-02,1.150238e-02,2.415471e-03,3.051272e-03,1.133712e-01,1.423222e-02,3.145229e-01,4.938966e-02,3.946132e-03,4.240111e-01,3.106002e-03
7.549509e-03,6.547362e-03,5.309546e-03,4.373706e-03,2.773453e-02,1.141248e-02,1.830344e-03,2.283715e-03,9.237652e-02,1.689586e-02,3.528396e-01,3.761311e-02,5.821921e-03,4.241129e-01,3.299006e-03
6.332412e-03,6.366555e-03,5.130255e-03,4.561163e-03,2.643413e-02,1.342591e-02,2.409418e-03,1.888940e-03,2.126092e-01,2.069432e-02,3.215582e-01,2.816356e-02,6.546325e-03,3.401693e-01,3.710249e-03
5.749139e-03,5.416029e-03,4.255175e-03,5.771794e-03,2.153701e-02,1.089723e-02,2.276868e-03,1.791205e-03,1.883601e-01,2.960237e-02,4.060295e-01,2.287930e-02,7.457516e-03,2.840729e-01,3.903725e-03
4.284019e-03,5.157908e-03,3.649760e-03,5.106427e-03,2.957823e-02,1.017209e-02,3.814329e-03,1.652380e-03,1.809273e-01,3.540573e-02,4.522414e-01,1.843231e-02,6.723031e-03,2.390417e-01,3.813335e-03
3.902260e-03,6.416360e-03,4.627474e-03,7.435031e-03,3.106949e-02,1.047320e-02,4.466530e-03,1.401296e-02,1.679384e-01,4.891967e-02,4.603883e-01,1.522585e-02,8.802341e-03,2.118289e-01,4.493091e-03
3.750258e-03,2.284922e-02,7.137822e-03,6.856119e-03,4.786509e-02,9.211046e-03,4.331391e-03,1.162674e-02,2.687137e-01,4.405697e-02,3.845121e-01,1.232335e-02,9.601404e-03,1.615715e-01,5.593354e-03
6.491872e-03,2.408499e-02,2.810809e-02,6.464359e-03,5.609348e-02,1.209346e-02,5.977689e-03,6.939299e-02,2.899465e-01,3.552788e-02,3.165787e-01,1.184611e-02,1.051490e-02,1.195334e-01,7.345568e-03
8.734785e-03,3.077623e-02,3.319286e-02,6.091095e-03,5.595390e-02,1.525537e-02,6.213651e-03,8.722573e-02,2.743822e-01,2.789524e-02,3.355857e-01,9.335454e-03,1.182251e-02,8.500839e-02,1.252686e-02
7.330100e-03,3.048502e-02,2.684667e-02,9.531655e-03,4.401634e-02,4.087237e-02,4.818412e-03,8.691603e-02,3.672193e-01,2.036046e-02,2.557851e-01,1.202006e-02,2.099796e-02,6.034278e-02,1.245775e-02
9.582864e-03,2.719076e-02,2.113774e-02,9.079634e-03,4.300661e-02,5.919033e-02,4.193067e-03,6.447592e-02,4.508755e-01,1.740345e-02,1.878419e-01,1.453434e-02,3.310668e-02,4.313184e-02,1.524939e-02
1.379753e-02,2.687272e-02,1.614446e-02,1.100091e-02,3.513177e-02,7.914963e-02,3.172671e-03,5.595740e-02,4.839026e-01,1.284879e-02,1.378748e-01,1.859643e-02,5.995049e-02,3.076051e-02,1.483924e-02
2.786431e-02,2.199122e-02,1.176649e-02,9.258712e-03,3.130741e-02,8.124743e-02,3.247244e-03,6.309543e-02,4.635704e-01,9.873268e-03,1.022037e-01,3.884197e-02,9.438975e-02,2.433508e-02,1.700753e-02
2.956390e-02,1.998639e-02,9.169509e-03,8.456790e-03,3.554912e-02,8.985302e-02,3.485888e-03,5.196223e-02,4.786581e-01,7.731772e-03,8.108404e-02,5.011928e-02,9.983161e-02,1.914025e-02,1.540813e-02
3.156335e-02,2.336914e-02,7.470190e-03,1.424466e-02,3.271118e-02,1.218669e-01,3.097861e-03,4.033113e-02,4.158651e-01,6.818520e-03,6.733333e-02,5.511359e-02,1.260453e-01,1.959468e-02,3.457513e-02
5.766817e-02,2.192131e-02,1.224901e-02,2.581732e-02,6.022978e-02,1.092426e-01,4.905120e-03,3.161026e-02,3.031013e-01,8.354587e-03,7.674422e-02,6.655810e-02,1.479574e-01,2.789341e-02,4.574737e-02
5.779848e-02,1.886428e-02,1.195402e-02,3.144686e-02,5.372871e-02,8.532039e-02,4.840597e-03,2.490272e-02,2.336191e-01,1.307635e-02,8.571950e-02,8.778280e-02,1.811427e-01,3.683508e-02,7.296842e-02
6.887748e-02,1.620826e-02,1.282475e-02,3.979168e-02,4.791065e-02,6.589057e-02,5.934389e-03,2.256162e-02,1.859790e-01,1.487772e-02,8.374585e-02,9.740207e-02,2.366015e-01,3.973975e-02,6.165468e-02
1.102183e-01,1.454667e-02,1.147846e-02,3.291490e-02,4.293571e-02,5.224436e-02,7.343966e-03,2.157624e-02,1.464221e-01,1.483751e-02,7.467896e-02,9.793534e-02,2.613563e-01,3.857039e-02,7.294074e-02
2.530808e-01,1.859406e-02,1.120319e-02,4.015947e-02,3.409001e-02,4.922261e-02,6.668572e-03,1.817528e-02,1.251809e-01,1.395801e-02,6.149226e-02,7.382456e-02,2.003532e-01,3.537991e-02,5.861716e-02
3.207164e-01,1.757569e-02,1.057884e-02,3.421209e-02,2.744530e-02,4.363061e-02,7.025336e-03,1.662244e-02,9.997424e-02,1.664845e-02,5.474612e-02,6.543472e-02,1.880381e-01,3.891698e-02,5.843472e-02
3.483380e-01,1.674839e-02,1.102040e-02,3.205603e-02,2.888743e-02,3.649573e-02,6.767642e-03,1.480962e-02,8.758725e-02,2.058774e-02,5.803626e-02,5.492228e-02,1.914507e-01,3.489858e-02,5.739390e-02
3.069626e-01,1.634299e-02,1.352105e-02,2.636439e-02,4.033201e-02,3.204171e-02,7.222170e-03,1.151109e-02,1.469718e-01,2.230947e-02,5.835952e-02,5.005539e-02,1.812758e-01,2.978538e-02,5.694455e-02
2.833148e-01,2.229810e-02,2.283692e-02,4.172185e-02,7.270016e-02,3.048097e-02,1.007601e-02,1.022876e-02,1.248994e-01,2.337802e-02,5.365532e-02,3.890214e-02,1.592877e-01,2.667515e-02,7.954478e-02
2.775903e-01,3.872016e-02,3.359212e-02,8.106455e-02,9.493005e-02,3.014335e-02,1.462515e-02,7.829822e-03,1.019023e-01,3.114229e-02,4.246409e-02,3.175191e-02,1.207635e-01,2.013678e-02,7.334366e-02
2.628644e-01,4.008191e-02,3.009058e-02,1.451863e-01,9.074266e-02,4.488581e-02,1.316967e-02,1.058749e-02,7.548808e-02,2.676698e-02,3.889065e-02,4.357658e-02,9.136268e-02,1.680912e-02,6.949707e-02
2.544701e-01,3.621690e-02,3.435899e-02,1.891089e-01,7.426109e-02,4.557250e-02,1.164679e-02,9.247621e-03,5.853481e-02,2.681042e-02,5.655544e-02,6.092993e-02,7.202863e-02,1.365701e-02,5.660089e-02
1.841708e-01,3.001982e-02,2.842227e-02,1.428598e-01,5.556856e-02,3.787110e-02,8.722378e-03,7.222681e-03,5.298359e-02,2.442017e-02,1.127215e-01,1.870357e-01,6.978185e-02,1.313282e-02,4.506702e-02
1.336021e-01,3.347636e-02,3.217781e-02,1.136711e-01,4.848767e-02,2.985564e-02,6.636207e-03,5.770920e-03,6.911335e-02,2.324945e-02,2.107672e-01,1.801249e-01,6.614234e-02,1.217597e-02,3.474909e-02
9.921872e-02,2.711611e-02,3.347721e-02,8.306490e-02,6.148881e-02,2.212580e-02,4.906300e-03,8.548183e-03,1.021381e-01,1.826500e-02,2.109986e-01,2.344467e-01,5.527440e-02,1.318882e-02,2.574242e-02
7.416198e-02,2.175070e-02,3.029972e-02,6.138504e-02,6.098106e-02,1.729429e-02,3.594619e-03,9.918678e-03,1.118032e-01,1.639750e-02,2.005676e-01,2.113303e-01,4.929357e-02,1.078396e-01,2.338217e-02
5.992707e-02,1.729250e-02,2.981711e-02,4.505835e-02,4.510112e-02,1.428832e-02,2.821918e-03,3.158627e-02,1.137830e-01,1.470265e-02,1.847039e-01,2.815704e-01,5.030692e-02,9.121813e-02,1.782235e-02
5.236864e-02,1.605138e-02,4.626738e-02,4.340063e-02,3.611055e-02,1.428385e-02,3.384984e-03,1.275614e-01,1.333548e-01,1.367036e-02,1.566992e-01,2.185580e-01,4.005205e-02,8.398561e-02,1.425109e-02
5.295788e-02,1.494146e-02,9.285475e-02,6.033222e-02,3.401586e-02,1.567238e-02,3.023411e-03,1.440828e-01,1.747056e-01,1.495282e-02,1.225299e-01,1.579428e-01,3.046123e-02,6.773003e-02,1.379685e-02
4.136297e-02,1.242056e-02,1.887960e-01,9.780414e-02,2.708738e-02,2.001652e-02,2.295512e-03,1.133129e-01,1.940810e-01,1.545219e-02,9.002876e-02,1.126660e-01,2.245153e-02,4.953513e-02,1.268935e-02
3.401101e-02,2.072965e-02,2.974027e-01,1.357221e-01,2.983740e-02,1.753731e-02,3.197594e-03,8.434349e-02,1.531667e-01,1.417950e-02,6.510046e-02,7.959055e-02,1.711077e-02,3.635602e-02,1.171473e-02
4.166429e-02,4.081150e-02,3.176911e-01,1.374660e-01,7.066646e-02,1.698310e-02,6.732340e-03,6.609312e-02,1.288745e-01,1.226506e-02,4.898522e-02,5.633483e-02,1.315828e-02,3.015668e-02,1.211752e-02
7.742532e-02,5.340882e-02,3.130361e-01,1.149914e-01,1.231949e-01,1.879638e-02,7.330202e-03,5.016144e-02,9.873588e-02,1.171236e-02,3.661306e-02,4.016241e-02,1.113489e-02,3.007390e-02,1.322295e-02
1.292987e-01,7.605114e-02,3.057160e-01,9.113529e-02,1.307590e-01,2.293090e-02,7.331591e-03,3.669868e-02,7.290208e-02,1.211752e-02,3.096729e-02,2.873901e-02,8.998134e-03,3.190446e-02,1.445013e-02
