1.000000e+00,0.000000e+00,0.000000e+00,0.000000e+00,0.000000e+00,0.000000e+00,0.000000e+00,0.000000e+00,0.000000e+00,0.000000e+00,0.000000e+00,0.000000e+00,0.000000e+00,0.000000e+00,0.000000e+00
1.000000e+00,0.000000e+00,0.000000e+00,0.000000e+00,0.000000e+00,0.000000e+00,0.000000e+00,0.000000e+00,0.000000e+00,0.000000e+00,0.000000e+00,0.000000e+00,0.000000e+00,0.000000e+00,0.000000e+00
1.000000e+00,0.000000e+00,0.000000e+00,0.000000e+00,0.000000e+00,0.000000e+00,0.000000e+00,0.000000e+00,0.000000e+00,0.000000e+00,0.000000e+00,0.000000e+00,0.000000e+00,0.000000e+00,0.000000e+00
1.000000e+00,0.000000e+00,0.000000e+00,0.000000e+00,0.000000e+00,0.000000e+00,0.000000e+00,0.000000e+00,0.000000e+00,0.000000e+00,0.000000e+00,0.000000e+00,0.000000e+00,0.000000e+00,0.000000e+00
1.000000e+00,0.000000e+00,0.000000e+00,0.000000e+00,0.000000e+00,0.000000e+00,0.000000e+00,0.000000e+00,0.000000e+00,0.000000e+00,0.000000e+00,0.000000e+00,0.000000e+00,0.000000e+00,0.000000e+00
1.000000e+00,0.000000e+00,0.000000e+00,0.000000e+00,0.000000e+00,0.000000e+00,0.000000e+00,0.000000e+00,0.000000e+00,0.000000e+00,0.000000e+00,0.000000e+00,0.000000e+00,0.000000e+00,0.000000e+00
1.000000e+00,0.000000e+00,0.000000e+00,0.000000e+00,0.000000e+00,0.000000e+00,0.000000e+00,0.000000e+00,0.000000e+00,0.000000e+00,0.000000e+00,0.000000e+00,0.000000e+00,0.000000e+00,0.000000e+00
1.000000e+00,0.000000e+00,0.000000e+00,0.000000e+00,0.000000e+00,0.000000e+00,0.000000e+00,0.000000e+00,0.000000e+00,0.000000e+00,0.000000e+00,0.000000e+00,0.000000e+00,0.000000e+00,0.000000e+00
1.000000e+00,0.000000e+00,0.000000e+00,0.000000e+00,0.000000e+00,0.000000e+00,0.000000e+00,0.000000e+00,0.000000e+00,0.000000e+00,0.000000e+00,0.000000e+00,0.000000e+00,0.000000e+00,0.000000e+00
1.000000e+00,0.000000e+00,0.000000e+00,0.000000e+00,0.000000e+00,0.000000e+00,0.000000e+00,0.000000e+00,0.000000e+00,0.000000e+00,0.000000e+00,0.000000e+00,0.000000e+00,0.000000e+00,0.000000e+00
1.000000e+00,0.000000e+00,0.000000e+00,0.000000e+00,0.000000e+00,0.000000e+00,0.000000e+00,0.000000e+00,0.000000e+00,0.000000e+00,0.000000e+00,0.000000e+00,0.000000e+00,0.000000e+00,0.000000e+00
1.000000e+00,0.000000e+00,0.000000e+00,0.000000e+00,0.000000e+00,0.000000e+00,0.000000e+00,0.000000e+00,0.000000e+00,0.000000e+00,0.000000e+00,0.000000e+00,0.000000e+00,0.000000e+00,0.000000e+00
1.000000e+00,0.000000e+00,0.000000e+00,0.000000e+00,0.000000e+00,0.000000e+00,0.000000e+00,0.000000e+00,0.000000e+00,0.000000e+00,0.000000e+00,0.000000e+00,0.000000e+00,0.000000e+00,0.000000e+00
1.000000e+00,0.000000e+00,0.000000e+00,0.000000e+00,0.000000e+00,0.000000e+00,0.000000e+00,0.000000e+00,0.000000e+00,0.000000e+00,0.000000e+00,0.000000e+00,0.000000e+00,0.000000e+00,0.000000e+00
1.000000e+00,0.000000e+00,0.000000e+00,0.000000e+00,0.000000e+00,0.000000e+00,0.000000e+00,0.000000e+00,0.000000e+00,0.000000e+00,0.000000e+00,0.000000e+00,0.000000e+00,0.000000e+00,0.000000e+00
1.000000e+00,0.000000e+00,0.000000e+00,0.000000e+00,0.000000e+00,0.000000e+00,0.000000e+00,0.000000e+00,0.000000e+00,0.000000e+00,0.000000e+00,0.000000e+00,0.000000e+00,0.000000e+00,0.000000e+00
1.000000e+00,0.000000e+00,0.000000e+00,0.000000e+00,0.000000e+00,0.000000e+00,0.000000e+00,0.000000e+00,0.000000e+00,0.000000e+00,0.000000e+00,0.000000e+00,0.000000e+00,0.000000e+00,0.000000e+00
1.000000e+00,0.000000e+00,0.000000e+00,0.000000e+00,0.000000e+00,0.000000e+00,0.000000e+00,0.000000e+00,0.000000e+00,0.000000e+00,0.000000e+00,0.000000e+00,0.000000e+00,0.000000e+00,0.000000e+00
1.000000e+00,0.000000e+00,0.000000e+00,0.000000e+00,0.000000e+00,0.000000e+00,0.000000e+00,0.000000e+00,0.000000e+00,0.000000e+00,0.000000e+00,0.000000e+00,0.000000e+00,0.000000e+00,0.000000e+00
1.000000e+00,0.000000e+00,0.000000e+00,0.000000e+00,0.000000e+00,0.000000e+00,0.000000e+00,0.000000e+00,0.000000e+00,0.000000e+00,0.000000e+00,0.000000e+00,0.000000e+00,0.000000e+00,0.000000e+00
1.000000e+00,0.000000e+00,0.000000e+00,0.000000e+00,0.000000e+00,0.000000e+00,0.000000e+00,0.000000e+00,0.000000e+00,0.000000e+00,0.000000e+00,0.000000e+00,0.000000e+00,0.000000e+00,0.000000e+00
1.000000e+00,0.000000e+00,0.000000e+00,0.000000e+00,0.000000e+00,0.000000e+00,0.000000e+00,0.000000e+00,0.000000e+00,0.000000e+00,0.000000e+00,0.000000e+00,0.000000e+00,0.000000e+00,0.000000e+00
1.000000e+00,0.000000e+00,0.000000e+00,0.000000e+00,0.000000e+00,0.000000e+00,0.000000e+00,0.000000e+00,0.000000e+00,0.000000e+00,0.000000e+00,0.000000e+00,0.000000e+00,0.000000e+00,0.000000e+00
1.000000e+00,0.000000e+00,0.000000e+00,0.000000e+00,0.000000e+00,0.000000e+00,0.000000e+00,0.000000e+00,0.000000e+00,0.000000e+00,0.000000e+00,0.000000e+00,0.000000e+00,0.000000e+00,0.000000e+00
1.000000e+00,0.000000e+00,0.000000e+00,0.000000e+00,0.000000e+00,0.000000e+00,0.000000e+00,0.000000e+00,0.000000e+00,0.000000e+00,0.000000e+00,0.000000e+00,0.000000e+00,0.000000e+00,0.000000e+00
1.000000e+00,0.000000e+00,0.000000e+00,0.000000e+00,0.000000e+00,0.000000e+00,0.000000e+00,0.000000e+00,0.000000e+00,0.000000e+00,0.000000e+00,0.000000e+00,0.000000e+00,0.000000e+00,0.000000e+00
1.000000e+00,0.000000e+00,0.000000e+00,0.000000e+00,0.000000e+00,0.000000e+00,0.000000e+00,0.000000e+00,0.000000e+00,0.000000e+00,0.000000e+00,0.000000e+00,0.000000e+00,0.000000e+00,0.000000e+00
1.000000e+00,0.000000e+00,0.000000e+00,0.000000e+00,0.000000e+00,0.000000e+00,0.000000e+00,0.000000e+00,0.000000e+00,0.000000e+00,0.000000e+00,0.000000e+00,0.000000e+00,0.000000e+00,0.000000e+00
1.000000e+00,0.000000e+00,0.000000e+00,0.000000e+00,0.000000e+00,0.000000e+00,0.000000e+00,0.000000e+00,0.000000e+00,0.000000e+00,0.000000e+00,0.000000e+00,0.000000e+00,0.000000e+00,0.000000e+00
1.000000e+00,0.000000e+00,0.000000e+00,0.000000e+00,0.000000e+00,0.000000e+00,0.000000e+00,0.000000e+00,0.000000e+00,0.000000e+00,0.000000e+00,0.000000e+00,0.000000e+00,0.000000e+00,0.000000e+00
1.000000e+00,0.000000e+00,0.000000e+00,0.000000e+00,0.000000e+00,0.000000e+00,0.000000e+00,0.000000e+00,0.000000e+00,0.000000e+00,0.000000e+00,0.000000e+00,0.000000e+00,0.000000e+00,0.000000e+00
1.000000e+00,0.000000e+00,0.000000e+00,0.000000e+00,0.000000e+00,0.000000e+00,0.000000e+00,0.000000e+00,0.000000e+00,0.000000e+00,0.000000e+00,0.000000e+00,0.000000e+00,0.000000e+00,0.000000e+00
1.000000e+00,0.000000e+00,0.000000e+00,0.000000e+00,0.000000e+00,0.000000e+00,0.000000e+00,0.000000e+00,0.000000e+00,0.000000e+00,0.000000e+00,0.000000e+00,0.000000e+00,0.000000e+00,0.000000e+00
1.000000e+00,0.000000e+00,0.000000e+00,0.000000e+00,0.000000e+00,0.000000e+00,0.000000e+00,0.000000e+00,0.000000e+00,0.000000e+00,0.000000e+00,0.000000e+00,0.000000e+00,0.000000e+00,0.000000e+00
1.000000e+00,0.000000e+00,0.000000e+00,0.000000e+00,0.000000e+00,0.000000e+00,0.000000e+00,0.000000e+00,0.000000e+00,0.000000e+00,0.000000e+00,0.000000e+00,0.000000e+00,0.000000e+00,0.000000e+00
1.000000e+00,0.000000e+00,0.000000e+00,0.000000e+00,0.000000e+00,0.000000e+00,0.000000e+00,0.000000e+00,0.000000e+00,0.000000e+00,0.000000e+00,0.000000e+00,0.000000e+00,0.000000e+00,0.000000e+00
1.000000e+00,0.000000e+00,0.000000e+00,0.000000e+00,0.000000e+00,0.000000e+00,0.000000e+00,0.000000e+00,0.000000e+00,0.000000e+00,0.000000e+00,0.000000e+00,0.000000e+00,0.000000e+00,0.000000e+00
1.000000e+00,0.000000e+00,0.000000e+00,0.000000e+00,0.000000e+00,0.000000e+00,0.000000e+00,0.000000e+00,0.000000e+00,0.000000e+00,0.000000e+00,0.000000e+00,0.000000e+00,0.000000e+00,0.000000e+00
1.000000e+00,0.000000e+00,0.000000e+00,0.000000e+00,0.000000e+00,0.000000e+00,0.000000e+00,0.000000e+00,0.000000e+00,0.000000e+00,0.000000e+00,0.000000e+00,0.000000e+00,0.000000e+00,0.000000e+00
1.000000e+00,0.000000e+00,0.000000e+00,0.000000e+00,0.000000e+00,0.000000e+00,0.000000e+00,0.000000e+00,0.000000e+00,0.000000e+00,0.000000e+00,0.000000e+00,0.000000e+00,0.000000e+00,0.000000e+00
1.000000e+00,0.000000e+00,0.000000e+00,0.000000e+00,0.000000e+00,0.000000e+00,0.000000e+00,0.000000e+00,0.000000e+00,0.000000e+00,0.000000e+00,0.000000e+00,0.000000e+00,0.000000e+00,0.000000e+00
1.000000e+00,0.000000e+00,0.000000e+00,0.000000e+00,0.000000e+00,0.000000e+00,0.000000e+00,0.000000e+00,0.000000e+00,0.000000e+00,0.000000e+00,0.000000e+00,0.000000e+00,0.000000e+00,0.000000e+00
1.000000e+00,0.000000e+00,0.000000e+00,0.000000e+00,0.000000e+00,0.000000e+00,0.000000e+00,0.000000e+00,0.000000e+00,0.000000e+00,0.000000e+00,0.000000e+00,0.000000e+00,0.000000e+00,0.000000e+00
1.000000e+00,0.000000e+00,0.000000e+00,0.000000e+00,0.000000e+00,0.000000e+00,0.000000e+00,0.000000e+00,0.000000e+00,0.000000e+00,0.000000e+00,0.000000e+00,0.000000e+00,0.000000e+00,0.000000e+00
1.000000e+00,0.000000e+00,0.000000e+00,0.000000e+00,0.000000e+00,0.000000e+00,0.000000e+00,0.000000e+00,0.000000e+00,0.000000e+00,0.000000e+00,0.000000e+00,0.000000e+00,0.000000e+00,0.000000e+00
1.000000e+00,0.000000e+00,0.000000e+00,0.000000e+00,0.000000e+00,0.000000e+00,0.000000e+00,0.000000e+00,0.000000e+00,0.000000e+00,0.000000e+00,0.000000e+00,0.000000e+00,0.000000e+00,0.000000e+00
1.000000e+00,0.000000e+00,0.000000e+00,0.000000e+00,0.000000e+00,0.000000e+00,0.000000e+00,0.000000e+00,0.000000e+00,0.000000e+00,0.000000e+00,0.000000e+00,0.000000e+00,0.000000e+00,0.000000e+00
1.000000e+00,0.000000e+00,0.000000e+00,0.000000e+00,0.000000e+00,0.000000e+00,0.000000e+00,0.000000e+00,0.000000e+00,0.000000e+00,0.000000e+00,0.000000e+00,0.000000e+00,0.000000e+00,0.000000e+00
1.000000e+00,0.000000e+00,0.000000e+00,0.000000e+00,0.000000e+00,0.000000e+00,0.000000e+00,0.000000e+00,0.000000e+00,0.000000e+00,0.000000e+00,0.000000e+00,0.000000e+00,0.000000e+00,0.000000e+00
1.000000e+00,0.000000e+00,0.000000e+00,0.000000e+00,0.000000e+00,0.000000e+00,0.000000e+00,0.000000e+00,0.000000e+00,0.000000e+00,0.000000e+00,0.000000e+00,0.000000e+00,0.000000e+00,0.000000e+00
1.000000e+00,0.000000e+00,0.000000e+00,0.000000e+00,0.000000e+00,0.000000e+00,0.000000e+00,0.000000e+00,0.000000e+00,0.000000e+00,0.000000e+00,0.000000e+00,0.000000e+00,0.000000e+00,0.000000e+00
1.000000e+00,0.000000e+00,0.000000e+00,0.000000e+00,0.000000e+00,0.000000e+00,0.000000e+00,0.000000e+00,0.000000e+00,0.000000e+00,0.000000e+00,0.000000e+00,0.000000e+00,0.000000e+00,0.000000e+00
1.000000e+00,0.000000e+00,0.000000e+00,0.000000e+00,0.000000e+00,0.000000e+00,0.000000e+00,0.000000e+00,0.000000e+00,0.000000e+00,0.000000e+00,0.000000e+00,0.000000e+00,0.000000e+00,0.000000e+00
1.000000e+00,0.000000e+00,0.000000e+00,0.000000e+00,0.000000e+00,0.000000e+00,0.000000e+00,0.000000e+00,0.000000e+00,0.000000e+00,0.000000e+00,0.000000e+00,0.000000e+00,0.000000e+00,0.000000e+00
1.000000e+00,0.000000e+00,0.000000e+00,0.000000e+00,0.000000e+00,0.000000e+00,0.000000e+00,0.000000e+00,0.000000e+00,0.000000e+00,0.000000e+00,0.000000e+00,0.000000e+00,0.000000e+00,0.000000e+00
1.000000e+00,0.000000e+00,0.000000e+00,0.000000e+00,0.000000e+00,0.000000e+00,0.000000e+00,0.000000e+00,0.000000e+00,0.000000e+00,0.000000e+00,0.000000e+00,0.000000e+00,0.000000e+00,0.000000e+00
1.000000e+00,0.000000e+00,0.000000e+00,0.000000e+00,0.000000e+00,0.000000e+00,0.000000e+00,0.000000e+00,0.000000e+00,0.000000e+00,0.000000e+00,0.000000e+00,0.000000e+00,0.000000e+00,0.000000e+00
4.984215e-01,5.225363e-02,5.508705e-02,1.296251e-01,1.450814e-02,2.211692e-02,5.058085e-03,2.046822e-02,2.553856e-02,4.317202e-03,5.048724e-02,4.431646e-02,1.945012e-02,1.269384e-02,4.565788e-02
1.000000e+00,0.000000e+00,0.000000e+00,0.000000e+00,0.000000e+00,0.000000e+00,0.000000e+00,0.000000e+00,0.000000e+00,0.000000e+00,0.000000e+00,0.000000e+00,0.000000e+00,0.000000e+00,0.000000e+00
1.000000e+00,0.000000e+00,0.000000e+00,0.000000e+00,0.000000e+00,0.000000e+00,0.000000e+00,0.000000e+00,0.000000e+00,0.000000e+00,0.000000e+00,0.000000e+00,0.000000e+00,0.000000e+00,0.000000e+00
4.292683e-01,4.952449e-02,7.404532e-02,1.993399e-01,1.480268e-02,1.818666e-02,4.516940e-03,1.895363e-02,2.224762e-02,3.463739e-03,4.661812e-02,4.543256e-02,1.948145e-02,1.222003e-02,4.189850e-02
1.000000e+00,0.000000e+00,0.000000e+00,0.000000e+00,0.000000e+00,0.000000e+00,0.000000e+00,0.000000e+00,0.000000e+00,0.000000e+00,0.000000e+00,0.000000e+00,0.000000e+00,0.000000e+00,0.000000e+00
1.000000e+00,0.000000e+00,0.000000e+00,0.000000e+00,0.000000e+00,0.000000e+00,0.000000e+00,0.000000e+00,0.000000e+00,0.000000e+00,0.000000e+00,0.000000e+00,0.000000e+00,0.000000e+00,0.000000e+00
4.991563e-01,3.127810e-02,5.063795e-02,9.667215e-02,1.463808e-02,4.212826e-02,6.892623e-02,1.874218e-02,1.161578e-02,2.919021e-03,5.429164e-02,5.778331e-02,1.956738e-02,6.956927e-03,2.468671e-02
3.586791e-01,2.300714e-02,6.951915e-02,7.021399e-02,1.227696e-02,5.875498e-02,2.485503e-01,2.716977e-02,8.361948e-03,2.656990e-03,3.954357e-02,4.240869e-02,1.593108e-02,5.104576e-03,1.782179e-02
2.564927e-01,1.636042e-02,1.170577e-01,5.973512e-02,9.524619e-03,5.521020e-02,2.949216e-01,9.583668e-02,5.967359e-03,2.112567e-03,2.789987e-02,3.004570e-02,1.244919e-02,3.707296e-03,1.267896e-02
1.906264e-01,1.193888e-02,1.375979e-01,5.132204e-02,7.813494e-03,5.595351e-02,3.288826e-01,1.449326e-01,4.346227e-03,1.745095e-03,1.986563e-02,2.164915e-02,1.099241e-02,2.783454e-03,9.550593e-03
1.358716e-01,8.411441e-03,1.039633e-01,3.663863e-02,5.635635e-03,4.042761e-02,4.872465e-01,1.313648e-01,3.073709e-03,1.243174e-03,1.394057e-02,1.522025e-02,8.095499e-03,1.985356e-03,6.881892e-03
1.009554e-01,5.960961e-03,7.823760e-02,2.626090e-02,4.134295e-03,2.972782e-02,5.846406e-01,1.334143e-01,2.214639e-03,9.218716e-04,9.818280e-03,1.074758e-02,6.287350e-03,1.456158e-03,5.222320e-03
7.529951e-02,4.261900e-03,5.694349e-02,1.874487e-02,3.244411e-03,2.135893e-02,6.792536e-01,1.136555e-01,1.609384e-03,7.455038e-04,6.947046e-03,7.782814e-03,4.966921e-03,1.122515e-03,4.063566e-03
6.076651e-02,3.111796e-03,4.093931e-02,1.329214e-02,2.649244e-03,1.560668e-02,7.459987e-01,9.686942e-02,1.174411e-03,6.006256e-04,4.929432e-03,5.950216e-03,3.860457e-03,8.990976e-04,3.351944e-03
7.671136e-02,2.375179e-03,3.026029e-02,9.617995e-03,2.311522e-03,1.325721e-02,7.614375e-01,8.549188e-02,9.429715e-04,5.259008e-04,3.662792e-03,5.339529e-03,3.717711e-03,7.630943e-04,3.585094e-03
8.474143e-02,2.019916e-03,2.291089e-02,7.374494e-03,2.574524e-03,1.200535e-02,7.726697e-01,7.485037e-02,1.006196e-03,5.145229e-04,2.933094e-03,6.903064e-03,4.412173e-03,8.137122e-04,4.270632e-03
9.980029e-02,1.805567e-03,1.729345e-02,6.107452e-03,2.538436e-03,1.332428e-02,7.678526e-01,6.912217e-02,1.027299e-03,4.168930e-04,2.454153e-03,7.564576e-03,5.459323e-03,7.130663e-04,4.520469e-03
1.354428e-01,1.886054e-03,1.384865e-02,5.641788e-03,2.953286e-03,1.492248e-02,7.296437e-01,6.904317e-02,1.134886e-03,3.909803e-04,2.321663e-03,9.569298e-03,7.141137e-03,6.884894e-04,5.371651e-03
1.208885e-01,1.984314e-03,1.109974e-02,5.202422e-03,3.688634e-03,1.545720e-02,7.486018e-01,6.158341e-02,1.121793e-03,6.524257e-04,2.514748e-03,1.213157e-02,7.893434e-03,8.440715e-04,6.335925e-03
8.555967e-02,1.905740e-03,8.650585e-03,4.790967e-03,3.640784e-03,1.455434e-02,7.629635e-01,5.006681e-02,1.715619e-03,3.016346e-03,7.398719e-03,1.901441e-02,1.550966e-02,8.674958e-04,2.034530e-02
6.940441e-02,5.774356e-03,6.739771e-03,1.152660e-02,3.737368e-03,2.293085e-02,5.793210e-01,3.816098e-02,1.375347e-02,8.340397e-03,6.165821e-02,9.878640e-02,5.637361e-02,1.654410e-03,2.183826e-02
5.106948e-02,6.902594e-03,5.008424e-03,1.026455e-02,3.615540e-03,2.591261e-02,4.642773e-01,2.797921e-02,2.521506e-02,1.749548e-02,1.121999e-01,1.159029e-01,7.897995e-02,5.922948e-03,4.925401e-02
3.673583e-02,5.928311e-03,3.604813e-03,8.289737e-03,4.479441e-03,2.094099e-02,3.345842e-01,2.008845e-02,4.565296e-02,9.726579e-02,1.330518e-01,1.030706e-01,9.381115e-02,6.397336e-03,8.609852e-02
2.589101e-02,5.125771e-03,2.578568e-03,6.777641e-03,5.197589e-03,1.552153e-02,2.350495e-01,1.422781e-02,5.103224e-02,1.513267e-01,1.103199e-01,7.798248e-02,9.076744e-02,5.141948e-03,2.030599e-01
1.831795e-02,4.158678e-03,1.838699e-03,5.794266e-03,4.962927e-03,1.140122e-02,1.652375e-01,1.026781e-02,4.560559e-02,1.790590e-01,8.549702e-02,5.720386e-02,1.140435e-01,4.132316e-03,2.924798e-01
1.315690e-02,3.278372e-03,1.602266e-03,7.710706e-03,4.843562e-03,1.108281e-02,1.163418e-01,7.947945e-03,3.904567e-02,1.619060e-01,6.410387e-02,4.359313e-02,2.195087e-01,3.384932e-03,3.024934e-01
9.691525e-03,2.929272e-03,1.698276e-03,7.119564e-03,4.180448e-03,9.747329e-03,8.213756e-02,5.738478e-03,3.056378e-02,1.191488e-01,4.662756e-02,3.450638e-02,2.615032e-01,2.869607e-03,3.815383e-01
6.993177e-03,2.229414e-03,2.326781e-03,5.755237e-03,4.278005e-03,7.133228e-03,5.764451e-02,4.163193e-03,2.195046e-02,8.566779e-02,3.425481e-02,2.574620e-02,2.162551e-01,2.340741e-03,5.232613e-01
8.164616e-03,3.298597e-03,2.825991e-02,2.790949e-02,1.137135e-02,6.995784e-03,4.120319e-02,4.787700e-03,2.528971e-02,6.637004e-02,3.025762e-02,2.348684e-02,2.607385e-01,3.044726e-03,4.588219e-01
1.235831e-02,3.855101e-03,5.850963e-02,2.992389e-02,1.276872e-02,8.990372e-03,3.001214e-02,6.142827e-03,2.541037e-02,5.402810e-02,3.339819e-02,2.195710e-02,3.111563e-01,4.130480e-03,3.873585e-01
1.284497e-02,4.168760e-03,4.656195e-02,2.431036e-02,1.792273e-02,7.871161e-03,2.381167e-02,1.176802e-02,2.166930e-02,4.238971e-02,3.041865e-02,2.110238e-02,2.829903e-01,5.329963e-03,4.468401e-01
1.406478e-02,3.439677e-03,3.442549e-02,1.830133e-02,4.232389e-02,6.360264e-03,1.826682e-02,1.391794e-02,1.816222e-02,3.073153e-02,3.265304e-02,2.241749e-02,3.055328e-01,6.665403e-03,4.327374e-01
2.035413e-02,4.541420e-03,2.778468e-02,1.666289e-02,3.870573e-02,7.935847e-03,1.452027e-02,1.249418e-02,2.355548e-02,2.450677e-02,5.983844e-02,5.355511e-02,3.467944e-01,1.534702e-02,3.334037e-01
1.716267e-02,6.084650e-03,2.059486e-02,1.562107e-02,2.862264e-02,7.629735e-03,1.042287e-02,9.603278e-03,4.795955e-02,2.278632e-02,7.298078e-02,1.069889e-01,3.615313e-01,2.642685e-02,2.455846e-01
1.730033e-02,5.577833e-03,1.514333e-02,1.398646e-02,2.254187e-02,7.925530e-03,7.537715e-03,7.665898e-03,6.490184e-02,2.053956e-02,9.108894e-02,1.164468e-01,3.632866e-01,5.987665e-02,1.861807e-01
2.049685e-02,5.399331e-03,1.247862e-02,1.516179e-02,8.061165e-02,6.534481e-03,6.193944e-03,1.111187e-02,8.989223e-02,1.810774e-02,9.497255e-02,9.858958e-02,3.434388e-01,5.870760e-02,1.383029e-01
3.008408e-02,6.034744e-03,1.005935e-02,1.251412e-02,1.463277e-01,7.237102e-03,5.700420e-03,1.064562e-02,8.628853e-02,1.462416e-02,8.281618e-02,8.860940e-02,3.284733e-01,6.429632e-02,1.062890e-01
6.006668e-02,5.693863e-03,8.666646e-03,1.171321e-02,1.856350e-01,7.837599e-03,5.471454e-03,1.705452e-02,7.991310e-02,1.166778e-02,7.363293e-02,1.034169e-01,2.975599e-01,5.361086e-02,7.805953e-02
9.512248e-02,7.420168e-03,7.995957e-03,1.046699e-02,1.551609e-01,8.922330e-03,5.116807e-03,2.676201e-02,9.099867e-02,1.416135e-02,6.354182e-02,9.797756e-02,2.894544e-01,5.354619e-02,7.335234e-02
1.281517e-01,8.302156e-03,6.934790e-03,9.407314e-03,1.284347e-01,1.310999e-02,5.666096e-03,3.780195e-02,1.074699e-01,1.242264e-02,5.795424e-02,8.767463e-02,2.857144e-01,4.430666e-02,6.664872e-02
1.418863e-01,1.096220e-02,6.974105e-03,9.225927e-03,1.107984e-01,2.315489e-02,5.576195e-03,6.084641e-02,1.015936e-01,1.669139e-02,5.533847e-02,8.503906e-02,2.701705e-01,4.212130e-02,5.962133e-02
1.672467e-01,1.782819e-02,6.498805e-03,1.234156e-02,8.710924e-02,2.234888e-02,5.109372e-03,5.049984e-02,1.244029e-01,2.742306e-02,5.142747e-02,8.007822e-02,2.385675e-01,4.476024e-02,6.435804e-02
1.328069e-01,3.280159e-02,5.676905e-03,1.180824e-02,6.798229e-02,2.403243e-02,4.580275e-03,3.832218e-02,1.506709e-01,3.067870e-02,4.178508e-02,7.424530e-02,2.886032e-01,3.776935e-02,5.823673e-02
9.934376e-02,3.112371e-02,5.244820e-03,9.924531e-03,5.314638e-02,1.914746e-02,5.448971e-03,3.431486e-02,1.930679e-01,2.479236e-02,3.952699e-02,7.229726e-02,3.211827e-01,3.046683e-02,6.097149e-02
8.245141e-02,2.670158e-02,5.344340e-03,1.098587e-02,4.256433e-02,1.717141e-02,7.157019e-03,3.113679e-02,2.149965e-01,2.027384e-02,3.985688e-02,6.612064e-02,3.531482e-01,2.345491e-02,5.863632e-02
6.027123e-02,1.908135e-02,4.188428e-03,9.449583e-03,3.281283e-02,1.342216e-02,5.659659e-03,2.877058e-02,1.599058e-01,1.561561e-02,4.087976e-02,5.599235e-02,4.897765e-01,1.747597e-02,4.669829e-02
4.433670e-02,1.364660e-02,3.483173e-03,8.058067e-03,2.555680e-02,1.039010e-02,4.352488e-03,2.922858e-02,1.182371e-01,1.174211e-02,4.091952e-02,4.720607e-02,5.877494e-01,1.326344e-02,4.182989e-02
3.577954e-02,9.874033e-03,4.054137e-03,6.673467e-03,4.066493e-02,8.007426e-03,4.142889e-03,8.283462e-02,9.020820e-02,8.598014e-03,4.484297e-02,3.634870e-02,5.761953e-01,9.651495e-03,4.212430e-02
3.081777e-02,7.890655e-03,7.518944e-03,1.357688e-02,6.668954e-02,9.095028e-03,3.671713e-03,1.000487e-01,8.651017e-02,7.569177e-03,5.182914e-02,3.811586e-02,5.355022e-01,7.286061e-03,3.387824e-02
2.872967e-02,5.889673e-03,7.281988e-03,1.495688e-02,7.298736e-02,1.162195e-02,3.033466e-03,8.883002e-02,8.181692e-02,6.887347e-03,7.204567e-02,5.601589e-02,5.185964e-01,5.396156e-03,2.591063e-02
3.453142e-02,5.664867e-03,1.783850e-02,1.765574e-02,8.012030e-02,1.470933e-02,2.498266e-03,7.820883e-02,1.194573e-01,7.472422e-03,1.070717e-01,6.368077e-02,4.219986e-01,4.556570e-03,2.453541e-02
4.793175e-02,6.124473e-03,2.188581e-02,2.073945e-02,1.161006e-01,1.683121e-02,2.694693e-03,6.978891e-02,1.864476e-01,7.429426e-03,1.057644e-01,5.238633e-02,3.173513e-01,4.153361e-03,2.437070e-02
8.778293e-02,5.517975e-03,2.735623e-02,2.048425e-02,1.306355e-01,1.754516e-02,2.917645e-03,6.761396e-02,1.922975e-01,9.222362e-03,1.060205e-01,4.767609e-02,2.505715e-01,3.314534e-03,3.104390e-02
1.387598e-01,6.557832e-03,2.884329e-02,1.995822e-02,1.237441e-01,2.094297e-02,3.526060e-03,7.512698e-02,1.797519e-01,1.264513e-02,8.265513e-02,6.186578e-02,2.101395e-01,3.541743e-03,3.194154e-02
1.249419e-01,9.734897e-03,2.788410e-02,1.618536e-02,1.084250e-01,4.070075e-02,3.617971e-03,1.134191e-01,1.836402e-01,1.081565e-02,7.253925e-02,9.141615e-02,1.662617e-01,3.032264e-03,2.738570e-02
8.840828e-02,1.237011e-02,1.987389e-02,1.158187e-02,7.835272e-02,8.096484e-02,2.640470e-03,8.145510e-02,3.613656e-01,7.675485e-03,5.150674e-02,6.471136e-02,1.172605e-01,2.147446e-03,1.968557e-02
6.531587e-02,1.349548e-02,1.811676e-02,1.066105e-02,7.096455e-02,8.320442e-02,3.176021e-03,6.425434e-02,4.802389e-01,7.115577e-03,3.707273e-02,4.584807e-02,8.331252e-02,1.607941e-03,1.561576e-02
4.971351e-02,1.341498e-02,1.328413e-02,9.117831e-03,5.791853e-02,8.371325e-02,2.409430e-03,4.705469e-02,5.539715e-01,2.832597e-02,2.759031e-02,3.291570e-02,5.934305e-02,1.409496e-03,1.981758e-02
4.137100e-02,1.138946e-02,1.090770e-02,8.222206e-03,5.103002e-02,7.545932e-02,2.960334e-03,8.583585e-02,5.484042e-01,5.982979e-02,2.087113e-02,2.394636e-02,4.240143e-02,1.295127e-03,1.607607e-02
4.242334e-02,1.085897e-02,8.575849e-03,9.758842e-03,4.548984e-02,9.007360e-02,2.745546e-03,7.602157e-02,5.404367e-01,8.625701e-02,1.857598e-02,2.093621e-02,3.117076e-02,2.006667e-03,1.466908e-02
3.912444e-02,1.084761e-02,9.397378e-03,5.024026e-02,4.497402e-02,7.821112e-02,2.395429e-03,1.195523e-01,4.607614e-01,1.108354e-01,1.566905e-02,1.776227e-02,2.383436e-02,1.655224e-03,1.473975e-02
3.446503e-02,1.195256e-02,1.159580e-02,1.149861e-01,3.808230e-02,5.971498e-02,1.859983e-03,8.641393e-02,3.450499e-01,2.267384e-01,1.528020e-02,1.490319e-02,1.890967e-02,1.527830e-03,1.852003e-02
2.613720e-02,1.127002e-02,1.459261e-02,1.978260e-01,3.183999e-02,4.750142e-02,1.477110e-03,6.139352e-02,2.536170e-01,2.452437e-01,3.751817e-02,1.575446e-02,2.638385e-02,1.529777e-03,2.791518e-02
1.917163e-02,1.015098e-02,1.284104e-02,1.627789e-01,2.384221e-02,3.935470e-02,1.280180e-03,4.365673e-02,2.001959e-01,2.299695e-01,4.993112e-02,1.423928e-02,1.099298e-01,4.986624e-03,7.767139e-02
1.403567e-02,8.069694e-03,9.406865e-03,1.234835e-01,1.972312e-02,3.071338e-02,1.029481e-03,3.098356e-02,1.625762e-01,1.725688e-01,5.944211e-02,1.084421e-02,1.466093e-01,8.232954e-03,2.022811e-01
1.002645e-02,6.158327e-03,7.361789e-03,9.046426e-02,1.427035e-02,2.210123e-02,7.537350e-04,2.183991e-02,1.508141e-01,1.261058e-01,4.385100e-02,7.802420e-03,1.094934e-01,8.571832e-03,3.803855e-01
7.140791e-03,4.712825e-03,5.471949e-03,6.393506e-02,1.092457e-02,1.586951e-02,5.619843e-04,1.536638e-02,1.184937e-01,8.966503e-02,3.593976e-02,5.759233e-03,8.519882e-02,1.019122e-02,5.307692e-01
5.936009e-03,4.197341e-03,4.233113e-03,5.153579e-02,9.112747e-03,1.894951e-02,5.362618e-04,1.086277e-02,1.553724e-01,7.193045e-02,4.475269e-02,9.113844e-03,8.190851e-02,1.110039e-02,5.204582e-01
4.406494e-03,3.508131e-03,3.408161e-03,3.704186e-02,8.176547e-03,2.822488e-02,4.760758e-04,7.642359e-03,1.184301e-01,5.939060e-02,9.605701e-02,8.131327e-03,7.555402e-02,2.869517e-02,5.208573e-01
3.350024e-03,2.637075e-03,2.736109e-03,2.665390e-02,6.733296e-03,2.237677e-02,3.503123e-04,5.367429e-03,8.673725e-02,4.314835e-02,2.790077e-01,9.948986e-03,7.317559e-02,4.102120e-02,3.967560e-01
2.443799e-03,2.324151e-03,3.060332e-03,1.912299e-02,5.281582e-03,1.613604e-02,2.526443e-04,3.778349e-03,6.987681e-02,3.447839e-02,3.441708e-01,9.452782e-03,5.399301e-02,1.245662e-01,3.110621e-01
1.859787e-03,2.075619e-03,3.350785e-03,1.389324e-02,4.402578e-03,1.208740e-02,1.923083e-04,2.676884e-03,6.229998e-02,3.955828e-02,2.733625e-01,7.450380e-03,3.954539e-02,1.947212e-01,3.425237e-01
2.094260e-03,4.444035e-03,8.165611e-03,1.133031e-02,4.112048e-03,1.372156e-02,1.774570e-04,2.010174e-03,8.932979e-02,3.791292e-02,2.453129e-01,8.723111e-03,3.737600e-02,1.698324e-01,3.654574e-01
1.847522e-03,4.260948e-03,6.728273e-03,8.299453e-03,3.129733e-03,1.088560e-02,1.626357e-04,1.441307e-03,7.111831e-02,4.169226e-02,2.506620e-01,8.207071e-03,3.017707e-02,1.513443e-01,4.100436e-01
1.528340e-03,3.287819e-03,5.147543e-03,6.124531e-03,2.293686e-03,7.881167e-03,1.407494e-04,1.030697e-03,5.490755e-02,3.842370e-02,2.531361e-01,1.064551e-02,2.511436e-02,1.313763e-01,4.589620e-01
1.262858e-03,2.923499e-03,6.679997e-03,4.455722e-03,2.179907e-03,5.748639e-03,1.109309e-04,7.405882e-04,4.039301e-02,3.221942e-02,2.839118e-01,8.697172e-03,1.859468e-02,2.541153e-01,3.379665e-01
1.261793e-03,2.388217e-03,6.210083e-03,3.383217e-03,2.065025e-03,4.248447e-03,1.359974e-04,7.151784e-04,3.042246e-02,5.497465e-02,2.542361e-01,8.510877e-03,1.509215e-02,2.518452e-01,3.645107e-01
2.706262e-03,2.397970e-03,7.795382e-03,2.881323e-03,2.555709e-03,3.551836e-03,2.547312e-04,1.130112e-03,2.510194e-02,9.077287e-02,2.194748e-01,6.714019e-03,1.133349e-02,3.017464e-01,3.215833e-01
6.688867e-03,2.560947e-03,1.306307e-02,2.607626e-03,3.542074e-03,8.832368e-03,5.168904e-04,2.901671e-03,1.963450e-02,1.061568e-01,2.081628e-01,5.273384e-03,8.658119e-03,3.175373e-01,2.938637e-01
7.868910e-03,2.334985e-03,1.156436e-02,2.465376e-03,3.258927e-03,8.303075e-03,4.972571e-04,4.027502e-03,1.485162e-02,1.334505e-01,2.151746e-01,4.416267e-03,6.644088e-03,3.005534e-01,2.845892e-01
8.727087e-03,2.924281e-03,1.514493e-02,3.015560e-03,1.115933e-02,1.619433e-02,2.853736e-03,5.225842e-03,1.556263e-02,1.425037e-01,2.974201e-01,6.541770e-03,6.914661e-03,2.398184e-01,2.259936e-01
7.961641e-03,2.661520e-03,1.258386e-02,3.004956e-03,3.064859e-02,1.330053e-02,2.604191e-03,4.781623e-03,1.570129e-02,1.734223e-01,3.301750e-01,1.268281e-02,7.393605e-03,2.073660e-01,1.757121e-01
1.209688e-02,2.449764e-03,1.101716e-02,4.043630e-03,2.923765e-02,1.640788e-02,3.154398e-03,1.466550e-02,2.132774e-02,1.521239e-01,3.834263e-01,2.140470e-02,1.530479e-02,1.808535e-01,1.324863e-01
1.118296e-02,2.291815e-03,9.608274e-03,4.868215e-03,2.318490e-02,1.851023e-02,2.881229e-03,1.108014e-02,1.962170e-02,1.301489e-01,4.885022e-01,2.702911e-02,1.443972e-02,1.390213e-01,9.762930e-02
1.283006e-02,4.000222e-03,1.111955e-02,5.287180e-03,2.238674e-02,2.429277e-02,4.523303e-03,8.863727e-03,2.049560e-02,1.212700e-01,5.357612e-01,3.637043e-02,1.300492e-02,1.058420e-01,7.395241e-02
1.322659e-02,3.668348e-03,8.933287e-03,4.304725e-03,2.252368e-02,2.659422e-02,1.038145e-02,1.115238e-02,1.925566e-02,1.065048e-01,6.007587e-01,3.154795e-02,1.081097e-02,7.627621e-02,5.406104e-02
1.652831e-02,4.347495e-03,7.259177e-03,3.479834e-03,1.837902e-02,3.912717e-02,1.347630e-02,1.289247e-02,1.898427e-02,9.191442e-02,6.316676e-01,3.669621e-02,9.235877e-03,5.544730e-02,4.056453e-02
3.029833e-02,8.147773e-03,7.902469e-03,6.205385e-03,1.997658e-02,9.015179e-02,1.585222e-02,3.021670e-02,2.298276e-02,1.050718e-01,5.287971e-01,4.410265e-02,9.729314e-03,4.755348e-02,3.301163e-02
3.996136e-02,7.046204e-03,8.095753e-03,4.996958e-03,1.812754e-02,8.842988e-02,1.919438e-01,4.723393e-02,2.005847e-02,8.891189e-02,3.798119e-01,3.388400e-02,8.570822e-03,3.896549e-02,2.396203e-02
6.483675e-02,9.406347e-03,1.017776e-02,5.979366e-03,2.178073e-02,1.078170e-01,2.053772e-01,6.449619e-02,2.329028e-02,8.237240e-02,2.951515e-01,3.775375e-02,1.198216e-02,4.061031e-02,1.896834e-02
7.726187e-02,1.139761e-02,1.802896e-02,7.017022e-03,2.612739e-02,8.788599e-02,1.912491e-01,1.271721e-01,2.682913e-02,7.052404e-02,2.443058e-01,3.816064e-02,1.241870e-02,4.737689e-02,1.424478e-02
7.864439e-02,1.314495e-02,3.283964e-02,7.155525e-03,3.103737e-02,7.148542e-02,2.302317e-01,1.295270e-01,3.159503e-02,6.110308e-02,1.954079e-01,3.888906e-02,1.576624e-02,5.208107e-02,1.109172e-02
8.126386e-02,2.297601e-02,3.797720e-02,7.313550e-03,3.483294e-02,6.371418e-02,2.242103e-01,1.223395e-01,6.029856e-02,5.420416e-02,1.544227e-01,3.450222e-02,4.185053e-02,4.684819e-02,1.324616e-02
8.783939e-02,2.139133e-02,4.122416e-02,8.032677e-03,4.008407e-02,5.596806e-02,2.340887e-01,1.289796e-01,8.150939e-02,4.476019e-02,1.292611e-01,2.992633e-02,4.727170e-02,3.654265e-02,1.312070e-02
9.744421e-02,2.516927e-02,4.140902e-02,8.800797e-03,3.902590e-02,4.887230e-02,2.171730e-01,1.203839e-01,1.098931e-01,3.712842e-02,1.319743e-01,2.936312e-02,5.001828e-02,3.030171e-02,1.304277e-02
9.667863e-02,4.207929e-02,5.180939e-02,1.663752e-02,4.601498e-02,4.057606e-02,1.821466e-01,1.167766e-01,1.379756e-01,5.569209e-02,1.049559e-01,2.517286e-02,4.385297e-02,2.346208e-02,1.616942e-02
9.840278e-02,4.903824e-02,6.859036e-02,1.725966e-02,4.697615e-02,3.247068e-02,1.807453e-01,1.208596e-01,1.634857e-01,4.823504e-02,8.499402e-02,2.106768e-02,3.506766e-02,1.937994e-02,1.342725e-02
1.218391e-01,5.337517e-02,7.875036e-02,1.793696e-02,6.408849e-02,3.173202e-02,1.652750e-01,1.170127e-01,1.557987e-01,4.864719e-02,6.800468e-02,1.853904e-02,2.806542e-02,1.668553e-02,1.424964e-02
1.643953e-01,5.064658e-02,1.117140e-01,2.056875e-02,6.792790e-02,3.007898e-02,1.418329e-01,1.106644e-01,1.264479e-01,5.355851e-02,5.573770e-02,1.646011e-02,2.169190e-02,1.569942e-02,1.257569e-02
1.655397e-01,4.731014e-02,1.309147e-01,2.421677e-02,6.226294e-02,2.721087e-02,1.284494e-01,9.805571e-02,1.083350e-01,9.454501e-02,4.603861e-02,1.799741e-02,1.895800e-02,1.289067e-02,1.727502e-02
1.434952e-01,3.894006e-02,9.543000e-02,2.979369e-02,6.522708e-02,2.796985e-02,1.215501e-01,8.499956e-02,9.266582e-02,9.690885e-02,1.152536e-01,2.571902e-02,2.452985e-02,1.158030e-02,2.593695e-02
1.233449e-01,2.909058e-02,7.019199e-02,4.494300e-02,5.971869e-02,2.520217e-02,9.796320e-02,7.049970e-02,7.283466e-02,8.284537e-02,1.781746e-01,3.011628e-02,3.406562e-02,1.408944e-02,6.691968e-02
9.395979e-02,2.110566e-02,5.071998e-02,4.874019e-02,4.638837e-02,2.170206e-02,6.898919e-02,5.048820e-02,5.451513e-02,6.773337e-02,2.576435e-01,4.476627e-02,7.771924e-02,1.748874e-02,7.804030e-02
6.627191e-02,1.501967e-02,3.560901e-02,3.578791e-02,3.594417e-02,1.594486e-02,4.833513e-02,3.568693e-02,5.758011e-02,5.042148e-02,2.306448e-01,3.924706e-02,2.477330e-01,2.210507e-02,6.366893e-02
4.766253e-02,1.158155e-02,2.597446e-02,3.211425e-02,3.663043e-02,1.229631e-02,3.390526e-02,2.533737e-02,8.229088e-02,4.694807e-02,2.294603e-01,3.299884e-02,2.378997e-01,4.815730e-02,9.674269e-02
3.405816e-02,8.287961e-03,1.920768e-02,2.602331e-02,3.144296e-02,8.889893e-03,2.377293e-02,1.807961e-02,6.544780e-02,4.271144e-02,3.382525e-01,3.362260e-02,1.971220e-01,6.472635e-02,8.835484e-02
2.411436e-02,5.909095e-03,1.378690e-02,2.217314e-02,2.713210e-02,6.594632e-03,1.667177e-02,1.286446e-02,4.819366e-02,4.430286e-02,2.825584e-01,2.506263e-02,1.464923e-01,4.870668e-02,2.754370e-01
1.696003e-02,4.149320e-03,9.706011e-03,1.672735e-02,2.469448e-02,5.529096e-03,1.168237e-02,9.062516e-03,3.423659e-02,4.289361e-02,2.039516e-01,1.790429e-02,1.039663e-01,3.476874e-02,4.637677e-01
1.199142e-02,2.931410e-03,7.174626e-03,1.419226e-02,4.883547e-02,4.407212e-03,8.198444e-03,6.563545e-03,2.431754e-02,8.385721e-02,1.523064e-01,1.332995e-02,7.535291e-02,2.713139e-02,5.194102e-01
8.525421e-03,2.079540e-03,5.187559e-03,1.199447e-02,4.645813e-02,3.521417e-03,5.763979e-03,4.783926e-03,1.731910e-02,9.984039e-02,1.147780e-01,1.021015e-02,5.528121e-02,2.089508e-02,5.933616e-01
6.172864e-03,1.553635e-03,3.858478e-03,1.039406e-02,4.066852e-02,4.339015e-03,4.903531e-03,4.009331e-03,1.273613e-02,1.178255e-01,9.207264e-02,9.238894e-03,4.043107e-02,1.626985e-02,6.355264e-01
4.595418e-03,1.420385e-03,2.966665e-03,1.011284e-02,4.170837e-02,4.409701e-03,3.773356e-03,3.216548e-03,9.829576e-03,1.625560e-01,7.826859e-02,1.324967e-02,3.055689e-02,1.400434e-02,6.193316e-01
4.032717e-03,1.565109e-03,2.273251e-03,8.381356e-03,1.383383e-01,3.615858e-03,2.822170e-03,3.451443e-03,1.151758e-02,1.988425e-01,7.345505e-02,1.134228e-02,2.317604e-02,1.297008e-02,5.042163e-01
5.345786e-03,1.889903e-03,2.612149e-03,1.086596e-02,1.578523e-01,5.725472e-03,3.702409e-03,3.987040e-02,1.536218e-02,2.527387e-01,6.324887e-02,1.742302e-02,2.085641e-02,2.056387e-02,3.819426e-01
7.282227e-03,1.847936e-03,2.378416e-03,1.372558e-02,2.068430e-01,5.194697e-03,5.375504e-03,9.171878e-02,1.328099e-02,2.702587e-01,5.285908e-02,1.516851e-02,1.779575e-02,2.573766e-02,2.705331e-01
8.200140e-03,4.660838e-03,2.019888e-03,1.729403e-02,1.934851e-01,4.748133e-03,4.332268e-03,7.154261e-02,2.184370e-01,1.995520e-01,4.010535e-02,1.403647e-02,1.343469e-02,1.849158e-02,1.896599e-01
9.283336e-03,5.846470e-03,2.083676e-03,1.786818e-02,1.675917e-01,6.010052e-03,3.674132e-03,5.499090e-02,3.821798e-01,1.499868e-01,3.159912e-02,1.234746e-02,1.042170e-02,1.311658e-02,1.330001e-01
1.327840e-02,5.283370e-03,2.131696e-03,1.777368e-02,1.607056e-01,6.019503e-03,3.824372e-03,1.131665e-01,4.290690e-01,1.063881e-01,2.280914e-02,9.218577e-03,7.833461e-03,9.228820e-03,9.326968e-02
3.067124e-02,1.274200e-02,5.930499e-03,3.209979e-02,1.352913e-01,9.107579e-03,7.639787e-03,8.750805e-02,4.835086e-01,8.496527e-02,1.725221e-02,7.867225e-03,8.646488e-03,6.649865e-03,7.012005e-02
4.655872e-02,1.370583e-02,5.517150e-03,2.726672e-02,1.263914e-01,9.584648e-03,2.013884e-02,8.105972e-02,5.219328e-01,6.223105e-02,1.281202e-02,6.230393e-03,1.129916e-02,4.875279e-03,5.039624e-02
5.844923e-02,1.658859e-02,5.706939e-03,2.293188e-02,1.273985e-01,1.058848e-02,1.874415e-02,1.029019e-01,5.217934e-01,4.622192e-02,9.395718e-03,4.781117e-03,1.145041e-02,3.716305e-03,3.933155e-02
7.258027e-02,1.378222e-02,5.477726e-03,1.800921e-02,1.298745e-01,1.054902e-02,3.529323e-02,1.421246e-01,4.871655e-01,3.318880e-02,7.139064e-03,3.713133e-03,9.833300e-03,2.754126e-03,2.851531e-02
5.978482e-02,1.067499e-02,5.260297e-03,1.315223e-02,1.068129e-01,1.241386e-02,8.626662e-02,2.392270e-01,3.989235e-01,2.374616e-02,5.165400e-03,2.765867e-03,1.301211e-02,2.032923e-03,2.076112e-02
4.708225e-02,9.292542e-03,5.450001e-03,9.700673e-03,8.438081e-02,1.324890e-02,9.214075e-02,3.269977e-01,3.588213e-01,1.751523e-02,4.171603e-03,2.578890e-03,1.185627e-02,1.554643e-03,1.520841e-02
4.183847e-02,7.998770e-03,4.862872e-03,7.985913e-03,6.881127e-02,3.573410e-02,1.281987e-01,3.836964e-01,2.682195e-01,1.319274e-02,4.709172e-03,3.464946e-03,1.796257e-02,1.304321e-03,1.202020e-02
3.626902e-02,9.421585e-03,4.213458e-03,8.184468e-03,5.186304e-02,1.254415e-01,1.360745e-01,2.882714e-01,1.982107e-01,1.059737e-02,7.146875e-03,9.057384e-03,1.019922e-01,1.239860e-03,1.201667e-02
3.165455e-02,1.309889e-02,3.678413e-03,9.047148e-03,4.027382e-02,1.001587e-01,1.469624e-01,2.062391e-01,1.537161e-01,8.749201e-03,9.154981e-03,9.196974e-03,2.556148e-01,1.058834e-03,1.139614e-02
3.952519e-02,4.263949e-02,5.096090e-03,1.569625e-02,3.316901e-02,8.237948e-02,1.148237e-01,1.450227e-01,2.491956e-01,1.410043e-02,1.625476e-02,9.946682e-03,2.131223e-01,1.854380e-03,1.717394e-02
8.441129e-02,4.395246e-02,1.141233e-02,1.705726e-02,3.204651e-02,6.373069e-02,8.722888e-02,1.035869e-01,2.425890e-01,1.574504e-02,1.951848e-02,9.786041e-03,1.840169e-01,2.852124e-03,8.206597e-02
7.649571e-02,3.341500e-02,1.572192e-02,1.880923e-02,2.796705e-02,4.940077e-02,6.824295e-02,7.350614e-02,1.910612e-01,2.877272e-02,1.795758e-02,9.262057e-03,2.498624e-01,8.800457e-03,1.307248e-01
9.042984e-02,2.730794e-02,1.551166e-02,2.177854e-02,2.136019e-02,4.776709e-02,5.101591e-02,5.252892e-02,1.445061e-01,5.672245e-02,3.243009e-02,4.392197e-02,2.438638e-01,1.622277e-02,1.346327e-01
7.764804e-02,2.373420e-02,1.213005e-02,2.125256e-02,1.693339e-02,4.137480e-02,3.779195e-02,3.749128e-02,1.104178e-01,8.609531e-02,3.836495e-02,6.465267e-02,2.254091e-01,1.469713e-02,1.920068e-01
9.303888e-02,2.193800e-02,9.353003e-03,1.638643e-02,1.449519e-02,3.165675e-02,2.771134e-02,2.887642e-02,9.239442e-02,9.910113e-02,2.846139e-02,5.487876e-02,2.391826e-01,1.124722e-02,2.312785e-01
1.203978e-01,2.475893e-02,9.296709e-03,1.832647e-02,1.634940e-02,2.835202e-02,2.164791e-02,2.933719e-02,8.189987e-02,8.655843e-02,2.450728e-02,5.334475e-02,2.775182e-01,9.411455e-03,1.982935e-01
1.228352e-01,3.122486e-02,2.706442e-02,7.494746e-02,2.604453e-02,2.719564e-02,1.789500e-02,2.736801e-02,9.113358e-02,6.793931e-02,2.885134e-02,5.466566e-02,2.445221e-01,7.289655e-03,1.510233e-01
1.518977e-01,2.432149e-02,2.017054e-02,6.521683e-02,2.326610e-02,2.248460e-02,1.372693e-02,2.377257e-02,7.623452e-02,5.852904e-02,3.971802e-02,5.182629e-02,2.903245e-01,5.871622e-03,1.326392e-01
1.830719e-01,1.945854e-02,1.644324e-02,5.091860e-02,2.764871e-02,1.848050e-02,1.163158e-02,2.073244e-02,7.730029e-02,5.589814e-02,5.691507e-02,4.408920e-02,3.056920e-01,4.662497e-03,1.070574e-01
1.774524e-01,3.798019e-02,1.870211e-02,1.643887e-01,2.444159e-02,1.485042e-02,8.962253e-03,1.693144e-02,8.693123e-02,4.425246e-02,5.701193e-02,4.108853e-02,2.209557e-01,4.751306e-03,8.129977e-02
2.823503e-01,3.011350e-02,1.575029e-02,1.587431e-01,2.082801e-02,1.550915e-02,7.212630e-03,1.302367e-02,7.534263e-02,3.433736e-02,5.847516e-02,5.327038e-02,1.699143e-01,4.939374e-03,6.019016e-02
2.952087e-01,2.311297e-02,1.318195e-02,1.592628e-01,1.853648e-02,1.297447e-02,5.885188e-03,1.035982e-02,5.870879e-02,3.781375e-02,1.134532e-01,6.260449e-02,1.389716e-01,5.352193e-03,4.457375e-02
2.621944e-01,1.733378e-02,1.249299e-02,1.140364e-01,1.732698e-02,1.092775e-02,7.868042e-03,3.298277e-02,5.586024e-02,7.766071e-02,1.680865e-01,5.691931e-02,1.251459e-01,4.890312e-03,3.627397e-02
2.420158e-01,1.406300e-02,1.416631e-02,8.202730e-02,2.092360e-02,1.566984e-02,1.744873e-02,1.200819e-01,5.419868e-02,9.378310e-02,1.475275e-01,4.727156e-02,9.885649e-02,4.211534e-03,2.775476e-02
3.154253e-01,2.175250e-02,1.795319e-02,6.081130e-02,3.153671e-02,2.646231e-02,4.572849e-02,1.083123e-01,5.582461e-02,6.940486e-02,1.051869e-01,3.690068e-02,7.974485e-02,3.233494e-03,2.172264e-02
3.061641e-01,2.389844e-02,3.145513e-02,5.326569e-02,3.407536e-02,3.601898e-02,4.992022e-02,1.732115e-01,5.378470e-02,5.298689e-02,7.496185e-02,2.661771e-02,6.225343e-02,2.489958e-03,1.889608e-02
3.409418e-01,2.585886e-02,4.244212e-02,4.928783e-02,3.516591e-02,3.968091e-02,4.761245e-02,1.681813e-01,5.506137e-02,4.263590e-02,5.648378e-02,2.040889e-02,5.422468e-02,1.976660e-03,2.003760e-02
3.199941e-01,2.326511e-02,3.442929e-02,3.968229e-02,3.260345e-02,4.124072e-02,5.227953e-02,2.361776e-01,4.687144e-02,3.178445e-02,4.097190e-02,1.557570e-02,6.588628e-02,2.046245e-03,1.719204e-02
3.197840e-01,2.493365e-02,3.240044e-02,3.354784e-02,3.065116e-02,4.006961e-02,8.439307e-02,2.437175e-01,3.730904e-02,2.349554e-02,2.951668e-02,1.252319e-02,7.043187e-02,2.080837e-03,1.514568e-02
