1.000000e+00,0.000000e+00,0.000000e+00,0.000000e+00,0.000000e+00,0.000000e+00,0.000000e+00,0.000000e+00,0.000000e+00,0.000000e+00,0.000000e+00,0.000000e+00,0.000000e+00,0.000000e+00,0.000000e+00
1.000000e+00,0.000000e+00,0.000000e+00,0.000000e+00,0.000000e+00,0.000000e+00,0.000000e+00,0.000000e+00,0.000000e+00,0.000000e+00,0.000000e+00,0.000000e+00,0.000000e+00,0.000000e+00,0.000000e+00
1.000000e+00,0.000000e+00,0.000000e+00,0.000000e+00,0.000000e+00,0.000000e+00,0.000000e+00,0.000000e+00,0.000000e+00,0.000000e+00,0.000000e+00,0.000000e+00,0.000000e+00,0.000000e+00,0.000000e+00
1.000000e+00,0.000000e+00,0.000000e+00,0.000000e+00,0.000000e+00,0.000000e+00,0.000000e+00,0.000000e+00,0.000000e+00,0.000000e+00,0.000000e+00,0.000000e+00,0.000000e+00,0.000000e+00,0.000000e+00
1.000000e+00,0.000000e+00,0.000000e+00,0.000000e+00,0.000000e+00,0.000000e+00,0.000000e+00,0.000000e+00,0.000000e+00,0.000000e+00,0.000000e+00,0.000000e+00,0.000000e+00,0.000000e+00,0.000000e+00
1.000000e+00,0.000000e+00,0.000000e+00,0.000000e+00,0.000000e+00,0.000000e+00,0.000000e+00,0.000000e+00,0.000000e+00,0.000000e+00,0.000000e+00,0.000000e+00,0.000000e+00,0.000000e+00,0.000000e+00
1.000000e+00,0.000000e+00,0.000000e+00,0.000000e+00,0.000000e+00,0.000000e+00,0.000000e+00,0.000000e+00,0.000000e+00,0.000000e+00,0.000000e+00,0.000000e+00,0.000000e+00,0.000000e+00,0.000000e+00
1.000000e+00,0.000000e+00,0.000000e+00,0.000000e+00,0.000000e+00,0.000000e+00,0.000000e+00,0.000000e+00,0.000000e+00,0.000000e+00,0.000000e+00,0.000000e+00,0.000000e+00,0.000000e+00,0.000000e+00
1.000000e+00,0.000000e+00,0.000000e+00,0.000000e+00,0.000000e+00,0.000000e+00,0.000000e+00,0.000000e+00,0.000000e+00,0.000000e+00,0.000000e+00,0.000000e+00,0.000000e+00,0.000000e+00,0.000000e+00
1.000000e+00,0.000000e+00,0.000000e+00,0.000000e+00,0.000000e+00,0.000000e+00,0.000000e+00,0.000000e+00,0.000000e+00,0.000000e+00,0.000000e+00,0.000000e+00,0.000000e+00,0.000000e+00,0.000000e+00
1.000000e+00,0.000000e+00,0.000000e+00,0.000000e+00,0.000000e+00,0.000000e+00,0.000000e+00,0.000000e+00,0.000000e+00,0.000000e+00,0.000000e+00,0.000000e+00,0.000000e+00,0.000000e+00,0.000000e+00
1.000000e+00,0.000000e+00,0.000000e+00,0.000000e+00,0.000000e+00,0.000000e+00,0.000000e+00,0.000000e+00,0.000000e+00,0.000000e+00,0.000000e+00,0.000000e+00,0.000000e+00,0.000000e+00,0.000000e+00
1.000000e+00,0.000000e+00,0.000000e+00,0.000000e+00,0.000000e+00,0.000000e+00,0.000000e+00,0.000000e+00,0.000000e+00,0.000000e+00,0.000000e+00,0.000000e+00,0.000000e+00,0.000000e+00,0.000000e+00
1.000000e+00,0.000000e+00,0.000000e+00,0.000000e+00,0.000000e+00,0.000000e+00,0.000000e+00,0.000000e+00,0.000000e+00,0.000000e+00,0.000000e+00,0.000000e+00,0.000000e+00,0.000000e+00,0.000000e+00
1.000000e+00,0.000000e+00,0.000000e+00,0.000000e+00,0.000000e+00,0.000000e+00,0.000000e+00,0.000000e+00,0.000000e+00,0.000000e+00,0.000000e+00,0.000000e+00,0.000000e+00,0.000000e+00,0.000000e+00
1.000000e+00,0.000000e+00,0.000000e+00,0.000000e+00,0.000000e+00,0.000000e+00,0.000000e+00,0.000000e+00,0.000000e+00,0.000000e+00,0.000000e+00,0.000000e+00,0.000000e+00,0.000000e+00,0.000000e+00
1.000000e+00,0.000000e+00,0.000000e+00,0.000000e+00,0.000000e+00,0.000000e+00,0.000000e+00,0.000000e+00,0.000000e+00,0.000000e+00,0.000000e+00,0.000000e+00,0.000000e+00,0.000000e+00,0.000000e+00
1.000000e+00,0.000000e+00,0.000000e+00,0.000000e+00,0.000000e+00,0.000000e+00,0.000000e+00,0.000000e+00,0.000000e+00,0.000000e+00,0.000000e+00,0.000000e+00,0.000000e+00,0.000000e+00,0.000000e+00
1.000000e+00,0.000000e+00,0.000000e+00,0.000000e+00,0.000000e+00,0.000000e+00,0.000000e+00,0.000000e+00,0.000000e+00,0.000000e+00,0.000000e+00,0.000000e+00,0.000000e+00,0.000000e+00,0.000000e+00
1.000000e+00,0.000000e+00,0.000000e+00,0.000000e+00,0.000000e+00,0.000000e+00,0.000000e+00,0.000000e+00,0.000000e+00,0.000000e+00,0.000000e+00,0.000000e+00,0.000000e+00,0.000000e+00,0.000000e+00
1.000000e+00,0.000000e+00,0.000000e+00,0.000000e+00,0.000000e+00,0.000000e+00,0.000000e+00,0.000000e+00,0.000000e+00,0.000000e+00,0.000000e+00,0.000000e+00,0.000000e+00,0.000000e+00,0.000000e+00
1.000000e+00,0.000000e+00,0.000000e+00,0.000000e+00,0.000000e+00,0.000000e+00,0.000000e+00,0.000000e+00,0.000000e+00,0.000000e+00,0.000000e+00,0.000000e+00,0.000000e+00,0.000000e+00,0.000000e+00
1.000000e+00,0.000000e+00,0.000000e+00,0.000000e+00,0.000000e+00,0.000000e+00,0.000000e+00,0.000000e+00,0.000000e+00,0.000000e+00,0.000000e+00,0.000000e+00,0.000000e+00,0.000000e+00,0.000000e+00
1.000000e+00,0.000000e+00,0.000000e+00,0.000000e+00,0.000000e+00,0.000000e+00,0.000000e+00,0.000000e+00,0.000000e+00,0.000000e+00,0.000000e+00,0.000000e+00,0.000000e+00,0.000000e+00,0.000000e+00
1.000000e+00,0.000000e+00,0.000000e+00,0.000000e+00,0.000000e+00,0.000000e+00,0.000000e+00,0.000000e+00,0.000000e+00,0.000000e+00,0.000000e+00,0.000000e+00,0.000000e+00,0.000000e+00,0.000000e+00
1.000000e+00,0.000000e+00,0.000000e+00,0.000000e+00,0.000000e+00,0.000000e+00,0.000000e+00,0.000000e+00,0.000000e+00,0.000000e+00,0.000000e+00,0.000000e+00,0.000000e+00,0.000000e+00,0.000000e+00
1.000000e+00,0.000000e+00,0.000000e+00,0.000000e+00,0.000000e+00,0.000000e+00,0.000000e+00,0.000000e+00,0.000000e+00,0.000000e+00,0.000000e+00,0.000000e+00,0.000000e+00,0.000000e+00,0.000000e+00
1.000000e+00,0.000000e+00,0.000000e+00,0.000000e+00,0.000000e+00,0.000000e+00,0.000000e+00,0.000000e+00,0.000000e+00,0.000000e+00,0.000000e+00,0.000000e+00,0.000000e+00,0.000000e+00,0.000000e+00
1.000000e+00,0.000000e+00,0.000000e+00,0.000000e+00,0.000000e+00,0.000000e+00,0.000000e+00,0.000000e+00,0.000000e+00,0.000000e+00,0.000000e+00,0.000000e+00,0.000000e+00,0.000000e+00,0.000000e+00
1.000000e+00,0.000000e+00,0.000000e+00,0.000000e+00,0.000000e+00,0.000000e+00,0.000000e+00,0.000000e+00,0.000000e+00,0.000000e+00,0.000000e+00,0.000000e+00,0.000000e+00,0.000000e+00,0.000000e+00
1.000000e+00,0.000000e+00,0.000000e+00,0.000000e+00,0.000000e+00,0.000000e+00,0.000000e+00,0.000000e+00,0.000000e+00,0.000000e+00,0.000000e+00,0.000000e+00,0.000000e+00,0.000000e+00,0.000000e+00
1.000000e+00,0.000000e+00,0.000000e+00,0.000000e+00,0.000000e+00,0.000000e+00,0.000000e+00,0.000000e+00,0.000000e+00,0.000000e+00,0.000000e+00,0.000000e+00,0.000000e+00,0.000000e+00,0.000000e+00
1.000000e+00,0.000000e+00,0.000000e+00,0.000000e+00,0.000000e+00,0.000000e+00,0.000000e+00,0.000000e+00,0.000000e+00,0.000000e+00,0.000000e+00,0.000000e+00,0.000000e+00,0.000000e+00,0.000000e+00
1.000000e+00,0.000000e+00,0.000000e+00,0.000000e+00,0.000000e+00,0.000000e+00,0.000000e+00,0.000000e+00,0.000000e+00,0.000000e+00,0.000000e+00,0.000000e+00,0.000000e+00,0.000000e+00,0.000000e+00
1.000000e+00,0.000000e+00,0.000000e+00,0.000000e+00,0.000000e+00,0.000000e+00,0.000000e+00,0.000000e+00,0.000000e+00,0.000000e+00,0.000000e+00,0.000000e+00,0.000000e+00,0.000000e+00,0.000000e+00
1.000000e+00,0.000000e+00,0.000000e+00,0.000000e+00,0.000000e+00,0.000000e+00,0.000000e+00,0.000000e+00,0.000000e+00,0.000000e+00,0.000000e+00,0.000000e+00,0.000000e+00,0.000000e+00,0.000000e+00
1.000000e+00,0.000000e+00,0.000000e+00,0.000000e+00,0.000000e+00,0.000000e+00,0.000000e+00,0.000000e+00,0.000000e+00,0.000000e+00,0.000000e+00,0.000000e+00,0.000000e+00,0.000000e+00,0.000000e+00
1.000000e+00,0.000000e+00,0.000000e+00,0.000000e+00,0.000000e+00,0.000000e+00,0.000000e+00,0.000000e+00,0.000000e+00,0.000000e+00,0.000000e+00,0.000000e+00,0.000000e+00,0.000000e+00,0.000000e+00
1.000000e+00,0.000000e+00,0.000000e+00,0.000000e+00,0.000000e+00,0.000000e+00,0.000000e+00,0.000000e+00,0.000000e+00,0.000000e+00,0.000000e+00,0.000000e+00,0.000000e+00,0.000000e+00,0.000000e+00
1.000000e+00,0.000000e+00,0.000000e+00,0.000000e+00,0.000000e+00,0.000000e+00,0.000000e+00,0.000000e+00,0.000000e+00,0.000000e+00,0.000000e+00,0.000000e+00,0.000000e+00,0.000000e+00,0.000000e+00
1.000000e+00,0.000000e+00,0.000000e+00,0.000000e+00,0.000000e+00,0.000000e+00,0.000000e+00,0.000000e+00,0.000000e+00,0.000000e+00,0.000000e+00,0.000000e+00,0.000000e+00,0.000000e+00,0.000000e+00
1.000000e+00,0.000000e+00,0.000000e+00,0.000000e+00,0.000000e+00,0.000000e+00,0.000000e+00,0.000000e+00,0.000000e+00,0.000000e+00,0.000000e+00,0.000000e+00,0.000000e+00,0.000000e+00,0.000000e+00
1.000000e+00,0.000000e+00,0.000000e+00,0.000000e+00,0.000000e+00,0.000000e+00,0.000000e+00,0.000000e+00,0.000000e+00,0.000000e+00,0.000000e+00,0.000000e+00,0.000000e+00,0.000000e+00,0.000000e+00
1.000000e+00,0.000000e+00,0.000000e+00,0.000000e+00,0.000000e+00,0.000000e+00,0.000000e+00,0.000000e+00,0.000000e+00,0.000000e+00,0.000000e+00,0.000000e+00,0.000000e+00,0.000000e+00,0.000000e+00
1.000000e+00,0.000000e+00,0.000000e+00,0.000000e+00,0.000000e+00,0.000000e+00,0.000000e+00,0.000000e+00,0.000000e+00,0.000000e+00,0.000000e+00,0.000000e+00,0.000000e+00,0.000000e+00,0.000000e+00
1.000000e+00,0.000000e+00,0.000000e+00,0.000000e+00,0.000000e+00,0.000000e+00,0.000000e+00,0.000000e+00,0.000000e+00,0.000000e+00,0.000000e+00,0.000000e+00,0.000000e+00,0.000000e+00,0.000000e+00
1.000000e+00,0.000000e+00,0.000000e+00,0.000000e+00,0.000000e+00,0.000000e+00,0.000000e+00,0.000000e+00,0.000000e+00,0.000000e+00,0.000000e+00,0.000000e+00,0.000000e+00,0.000000e+00,0.000000e+00
1.000000e+00,0.000000e+00,0.000000e+00,0.000000e+00,0.000000e+00,0.000000e+00,0.000000e+00,0.000000e+00,0.000000e+00,0.000000e+00,0.000000e+00,0.000000e+00,0.000000e+00,0.000000e+00,0.000000e+00
1.000000e+00,0.000000e+00,0.000000e+00,0.000000e+00,0.000000e+00,0.000000e+00,0.000000e+00,0.000000e+00,0.000000e+00,0.000000e+00,0.000000e+00,0.000000e+00,0.000000e+00,0.000000e+00,0.000000e+00
1.000000e+00,0.000000e+00,0.000000e+00,0.000000e+00,0.000000e+00,0.000000e+00,0.000000e+00,0.000000e+00,0.000000e+00,0.000000e+00,0.000000e+00,0.000000e+00,0.000000e+00,0.000000e+00,0.000000e+00
1.000000e+00,0.000000e+00,0.000000e+00,0.000000e+00,0.000000e+00,0.000000e+00,0.000000e+00,0.000000e+00,0.000000e+00,0.000000e+00,0.000000e+00,0.000000e+00,0.000000e+00,0.000000e+00,0.000000e+00
1.000000e+00,0.000000e+00,0.000000e+00,0.000000e+00,0.000000e+00,0.000000e+00,0.000000e+00,0.000000e+00,0.000000e+00,0.000000e+00,0.000000e+00,0.000000e+00,0.000000e+00,0.000000e+00,0.000000e+00
1.000000e+00,0.000000e+00,0.000000e+00,0.000000e+00,0.000000e+00,0.000000e+00,0.000000e+00,0.000000e+00,0.000000e+00,0.000000e+00,0.000000e+00,0.000000e+00,0.000000e+00,0.000000e+00,0.000000e+00
1.000000e+00,0.000000e+00,0.000000e+00,0.000000e+00,0.000000e+00,0.000000e+00,0.000000e+00,0.000000e+00,0.000000e+00,0.000000e+00,0.000000e+00,0.000000e+00,0.000000e+00,0.000000e+00,0.000000e+00
4.545165e-01,3.441054e-02,1.536315e-02,2.114008e-01,3.526479e-03,9.350793e-03,2.354519e-03,4.120726e-03,1.732827e-02,2.052689e-02,6.410619e-03,1.349072e-02,1.102187e-02,1.586869e-03,1.945914e-01
3.215731e-01,3.809672e-02,1.506994e-02,2.769279e-01,2.533923e-03,6.849278e-03,1.705202e-03,2.961653e-03,4.731571e-02,2.540198e-02,6.886969e-03,9.763594e-03,8.878501e-03,1.430308e-03,2.346053e-01
2.578688e-01,4.591617e-02,1.204314e-02,2.202653e-01,2.310213e-03,5.710756e-03,1.460818e-03,2.408514e-03,8.595625e-02,2.213083e-02,1.123981e-02,7.772768e-03,1.324497e-02,2.255754e-03,3.094159e-01
1.823803e-01,7.223558e-02,1.209938e-02,2.436482e-01,1.692448e-03,4.343980e-03,1.057462e-03,1.714843e-03,1.476074e-01,1.904366e-02,8.649180e-03,5.593121e-03,9.812216e-03,1.979326e-03,2.881429e-01
1.485976e-01,9.249564e-02,1.113415e-02,1.962472e-01,2.038870e-03,4.349305e-03,8.307852e-04,1.286401e-03,1.998068e-01,1.970175e-02,1.048335e-02,4.261033e-03,9.259470e-03,2.664595e-03,2.968430e-01
1.050356e-01,1.347944e-01,1.279801e-02,2.187836e-01,1.484056e-03,3.360407e-03,5.910469e-04,9.229618e-04,2.439148e-01,1.766527e-02,8.028668e-03,3.149830e-03,7.006039e-03,2.090154e-03,2.403752e-01
1.071793e-01,1.665087e-01,1.364412e-02,1.603629e-01,2.330560e-03,4.710586e-03,5.092088e-04,8.181551e-04,3.178352e-01,1.514029e-02,6.533296e-03,2.340303e-03,5.803460e-03,2.225257e-03,1.940586e-01
1.277050e-01,1.330622e-01,2.529309e-02,1.383493e-01,1.508338e-02,1.252867e-02,1.555071e-03,7.716013e-03,3.629267e-01,1.135697e-02,8.633941e-03,3.051979e-03,7.081912e-03,2.617873e-03,1.430378e-01
1.593452e-01,1.141770e-01,3.425387e-02,1.179065e-01,3.889087e-02,6.816553e-02,3.128784e-03,1.142171e-02,2.968134e-01,9.207613e-03,8.515484e-03,2.969730e-03,8.705710e-03,7.943342e-03,1.185552e-01
1.436870e-01,9.653927e-02,4.197077e-02,1.369678e-01,8.165669e-02,1.054933e-01,9.640975e-03,2.532890e-02,2.352353e-01,7.341705e-03,7.990558e-03,2.994461e-03,8.295728e-03,7.191377e-03,8.966623e-02
1.230446e-01,7.938134e-02,4.023913e-02,1.138482e-01,6.417532e-02,7.757968e-02,7.541199e-03,1.851216e-02,2.378309e-01,1.953070e-02,8.083309e-03,2.834700e-03,1.025358e-02,1.033775e-02,1.868074e-01
1.057406e-01,7.203232e-02,3.057619e-02,8.844007e-02,4.613047e-02,5.610284e-02,5.492345e-03,1.406398e-02,2.855211e-01,2.192353e-02,1.517721e-02,2.942533e-03,2.562489e-02,8.232782e-03,2.219992e-01
1.833043e-01,6.526447e-02,2.383890e-02,7.792279e-02,3.603030e-02,4.306360e-02,4.836830e-03,1.364727e-02,2.720997e-01,2.115632e-02,3.036004e-02,1.030944e-02,3.234421e-02,7.665841e-03,1.781559e-01
1.825943e-01,4.725664e-02,2.250699e-02,7.935987e-02,4.201525e-02,3.613992e-02,1.010423e-02,1.832333e-02,2.043802e-01,2.117492e-02,4.953283e-02,1.484326e-02,1.159746e-01,6.414820e-03,1.493788e-01
2.772720e-01,3.994512e-02,1.859739e-02,7.676428e-02,4.941678e-02,3.242954e-02,9.087974e-03,1.806735e-02,1.812303e-01,1.760123e-02,4.049234e-02,1.703393e-02,1.021593e-01,5.072093e-03,1.148303e-01
2.267621e-01,3.983836e-02,1.813686e-02,1.383393e-01,4.412525e-02,2.766352e-02,8.052252e-03,1.492714e-02,2.387235e-01,1.950054e-02,3.140169e-02,1.334308e-02,7.893060e-02,3.824607e-03,9.643118e-02
1.943331e-01,3.734539e-02,1.902444e-02,1.208027e-01,1.160205e-01,3.713143e-02,1.091733e-02,1.543223e-02,2.594406e-01,1.468314e-02,2.540804e-02,1.083184e-02,6.200195e-02,2.973158e-03,7.365415e-02
1.491269e-01,4.042782e-02,1.890010e-02,2.112785e-01,1.619232e-01,3.463235e-02,1.172835e-02,1.866184e-02,2.106862e-01,1.151154e-02,2.098063e-02,8.766089e-03,4.463868e-02,2.226494e-03,5.451126e-02
1.530643e-01,3.839543e-02,1.876890e-02,1.949458e-01,1.306759e-01,3.045879e-02,8.956240e-03,1.712370e-02,2.706290e-01,1.204442e-02,2.589870e-02,8.391095e-03,3.611809e-02,2.162889e-03,5.236676e-02
1.153500e-01,3.981363e-02,1.813842e-02,1.751417e-01,1.018955e-01,3.011221e-02,7.174157e-03,1.648851e-02,3.396505e-01,1.493936e-02,2.380595e-02,7.835804e-03,3.872497e-02,1.815580e-03,6.911364e-02
8.293995e-02,4.177356e-02,1.778246e-02,1.571867e-01,7.639226e-02,2.661034e-02,7.039675e-03,1.190331e-02,2.829903e-01,1.185342e-02,1.788232e-02,6.461674e-03,1.901380e-01,1.471517e-03,6.757454e-02
6.417466e-02,8.042534e-02,2.364476e-02,1.300558e-01,7.260969e-02,3.108319e-02,8.223972e-03,1.132030e-02,2.920232e-01,1.299368e-02,1.365634e-02,5.283776e-03,1.848308e-01,1.301797e-03,6.837273e-02
4.751362e-02,9.758801e-02,2.490100e-02,1.025747e-01,5.822556e-02,3.382640e-02,1.221942e-02,8.933110e-03,2.582600e-01,1.154255e-02,9.946018e-03,5.171699e-03,2.728135e-01,1.058960e-03,5.542558e-02
4.275106e-02,9.571171e-02,2.329227e-02,7.519142e-02,6.505395e-02,3.344998e-02,1.475685e-02,1.153123e-02,2.341279e-01,8.933979e-03,7.478707e-03,4.914021e-03,3.387440e-01,9.010220e-04,4.316196e-02
4.516603e-02,1.043479e-01,2.231429e-02,5.680395e-02,7.005516e-02,3.128494e-02,1.498502e-02,1.894958e-02,2.121576e-01,7.259143e-03,5.780078e-03,4.349296e-03,3.730151e-01,8.679858e-04,3.266388e-02
6.212370e-02,1.216272e-01,2.417037e-02,4.709139e-02,7.898067e-02,3.038613e-02,1.426318e-02,2.244325e-02,2.262535e-01,9.560255e-03,5.493381e-03,4.551087e-03,3.206269e-01,1.480027e-03,3.094904e-02
6.705238e-02,2.004054e-01,2.545545e-02,3.734330e-02,8.674449e-02,2.718209e-02,1.344704e-02,2.008597e-02,1.999832e-01,1.162011e-02,4.538136e-03,4.078472e-03,2.667957e-01,1.728741e-03,3.353961e-02
7.178612e-02,2.111279e-01,3.046311e-02,3.324112e-02,1.067740e-01,2.475003e-02,1.234120e-02,2.185580e-02,1.911442e-01,1.856284e-02,4.337956e-03,4.192664e-03,2.319257e-01,1.892515e-03,3.560492e-02
1.123664e-01,2.204728e-01,3.168652e-02,2.930945e-02,1.005087e-01,2.272464e-02,1.078473e-02,2.123187e-02,1.759579e-01,1.840627e-02,4.927075e-03,5.320837e-03,2.054852e-01,2.236055e-03,3.858154e-02
1.391919e-01,2.146451e-01,6.551189e-02,3.804835e-02,9.240482e-02,2.335815e-02,9.848102e-03,2.048992e-02,1.560727e-01,1.999709e-02,6.187624e-03,7.162052e-03,1.638109e-01,2.288426e-03,4.098306e-02
2.717052e-01,1.629175e-01,5.440420e-02,3.622791e-02,6.795918e-02,3.797444e-02,7.896705e-03,1.565251e-02,1.177769e-01,1.809287e-02,1.123863e-02,2.748332e-02,1.249416e-01,4.087705e-03,4.164131e-02
2.733259e-01,1.234356e-01,4.870317e-02,3.383614e-02,5.079000e-02,9.933685e-02,6.043918e-03,1.148953e-02,9.168215e-02,1.791217e-02,2.053278e-02,5.261109e-02,1.063623e-01,5.457629e-03,5.848081e-02
2.012450e-01,8.899594e-02,3.895960e-02,2.728385e-02,3.703324e-02,1.925923e-01,4.459047e-03,8.180657e-03,7.135316e-02,1.585526e-02,2.615285e-02,1.376187e-01,8.962069e-02,5.575049e-03,5.507468e-02
1.518648e-01,6.298868e-02,3.359669e-02,2.507634e-02,3.349721e-02,1.403182e-01,5.051265e-03,1.592378e-02,9.206977e-02,1.225751e-02,4.071783e-02,2.361496e-01,1.062834e-01,4.601392e-03,3.960365e-02
1.122285e-01,4.625729e-02,4.174261e-02,7.027392e-02,2.772469e-02,1.126989e-01,4.102095e-03,1.213297e-02,1.207503e-01,1.276897e-02,4.266886e-02,2.636614e-01,9.054451e-02,4.516427e-03,3.792854e-02
8.205778e-02,3.445647e-02,5.003737e-02,6.879030e-02,2.084003e-02,8.206503e-02,3.117326e-03,1.066142e-02,1.559458e-01,3.834385e-02,5.065970e-02,2.902826e-01,7.762236e-02,3.887985e-03,3.123193e-02
6.138419e-02,2.617189e-02,5.079868e-02,5.671722e-02,2.323194e-02,6.125022e-02,2.968631e-03,1.862643e-02,1.525173e-01,3.642951e-02,5.756810e-02,3.431143e-01,7.789709e-02,4.479597e-03,2.684495e-02
4.947662e-02,2.152226e-02,3.917896e-02,4.338826e-02,2.952132e-02,4.453377e-02,2.467891e-03,1.812420e-02,2.022836e-01,2.695504e-02,5.967258e-02,3.625821e-01,7.453896e-02,4.682342e-03,2.107209e-02
6.348033e-02,2.688457e-02,3.865405e-02,3.695192e-02,6.052010e-02,3.460022e-02,2.447947e-03,1.868955e-02,2.396074e-01,2.053870e-02,6.255437e-02,3.027880e-01,6.351224e-02,8.950953e-03,1.981963e-02
5.989229e-02,2.204761e-02,7.097896e-02,5.324223e-02,8.989997e-02,2.695196e-02,2.926935e-03,2.232142e-02,2.137844e-01,1.536263e-02,5.867371e-02,2.841026e-01,5.576671e-02,9.070865e-03,1.497769e-02
6.702176e-02,2.685855e-02,1.549646e-01,5.178902e-02,7.689375e-02,2.099058e-02,2.493537e-03,2.023975e-02,1.697779e-01,1.319302e-02,5.296381e-02,2.583927e-01,5.144370e-02,1.493574e-02,1.804158e-02
5.544325e-02,9.413540e-02,1.447829e-01,5.045517e-02,6.443235e-02,1.908576e-02,2.705450e-03,1.981000e-02,2.270954e-01,1.068799e-02,4.061992e-02,2.020300e-01,4.074961e-02,1.222985e-02,1.573699e-02
4.290363e-02,1.023603e-01,1.500964e-01,6.828777e-02,6.042515e-02,2.328369e-02,3.020460e-03,1.528816e-02,2.317584e-01,9.692863e-03,3.909063e-02,1.930086e-01,3.468305e-02,9.765895e-03,1.633482e-02
4.312752e-02,1.576634e-01,1.217731e-01,5.700189e-02,4.890514e-02,1.907780e-02,2.677484e-03,1.205097e-02,2.688338e-01,8.606685e-03,4.037425e-02,1.598716e-01,3.388888e-02,1.046201e-02,1.568540e-02
4.004447e-02,1.720961e-01,1.119940e-01,6.784123e-02,4.200138e-02,1.577862e-02,2.400461e-03,1.153858e-02,3.042794e-01,9.638417e-03,3.884757e-02,1.268197e-01,3.307082e-02,1.024051e-02,1.340873e-02
3.150862e-02,1.290199e-01,1.237884e-01,2.483945e-01,3.554861e-02,1.172667e-02,1.851800e-03,9.100311e-03,2.320177e-01,1.133922e-02,2.898939e-02,8.990847e-02,2.421462e-02,7.380319e-03,1.521141e-02
3.118768e-02,1.038172e-01,1.041300e-01,2.173346e-01,2.969158e-02,9.236244e-03,1.423630e-03,7.866888e-03,2.162501e-01,5.726185e-02,9.758245e-02,7.115048e-02,2.487056e-02,6.752524e-03,2.144416e-02
3.467099e-02,8.217876e-02,8.582806e-02,2.074190e-01,2.588310e-02,7.576415e-03,1.159940e-03,1.148237e-02,2.084570e-01,7.102998e-02,1.522090e-01,5.995110e-02,2.718872e-02,6.748452e-03,1.821700e-02
5.018518e-02,7.515335e-02,8.505408e-02,2.496015e-01,2.178039e-02,7.200117e-03,9.844215e-04,1.684149e-02,1.782374e-01,9.164618e-02,1.218606e-01,4.684734e-02,2.550996e-02,6.397750e-03,2.270015e-02
6.944051e-02,6.242923e-02,9.264363e-02,2.619001e-01,1.875755e-02,8.431944e-03,9.289778e-04,1.750522e-02,1.525599e-01,1.156185e-01,1.039893e-01,4.037976e-02,2.753350e-02,5.870322e-03,2.201160e-02
6.680109e-02,4.747355e-02,1.156555e-01,2.353690e-01,1.504289e-02,9.469142e-03,8.895725e-04,1.610058e-02,1.288826e-01,1.814747e-01,9.546884e-02,3.312374e-02,2.756145e-02,5.108247e-03,2.157903e-02
5.334984e-02,4.478775e-02,1.676899e-01,2.736396e-01,1.177547e-02,7.579943e-03,6.990350e-04,1.351849e-02,1.269009e-01,1.429266e-01,7.899498e-02,2.759508e-02,2.443714e-02,4.174090e-03,2.193128e-02
7.436964e-02,5.354562e-02,1.458054e-01,2.235955e-01,1.063497e-02,7.992758e-03,9.618451e-04,1.387148e-02,1.351754e-01,1.286616e-01,1.151600e-01,2.591776e-02,3.305796e-02,5.588564e-03,2.566150e-02
8.355600e-02,5.297943e-02,1.796446e-01,1.819945e-01,9.501194e-03,7.351989e-03,1.262637e-03,4.368964e-02,1.532085e-01,9.579960e-02,1.069412e-01,2.524550e-02,2.970251e-02,5.801514e-03,2.332117e-02
6.142066e-02,4.238256e-02,3.802546e-01,1.375278e-01,7.245444e-03,5.988123e-03,9.921076e-04,3.273772e-02,1.197619e-01,6.803522e-02,7.747667e-02,1.839171e-02,2.185581e-02,5.049882e-03,2.087986e-02
5.844277e-02,3.514681e-02,5.105278e-01,1.058431e-01,7.589153e-03,6.554482e-03,1.003535e-03,2.363139e-02,9.134789e-02,4.831413e-02,6.297092e-02,1.323709e-02,1.568398e-02,4.404685e-03,1.530231e-02
7.812595e-02,3.051751e-02,5.667234e-01,8.055181e-02,1.412925e-02,1.338575e-02,1.842171e-03,2.017149e-02,6.969621e-02,3.572186e-02,5.270048e-02,9.499483e-03,1.128192e-02,4.067864e-03,1.158489e-02
8.740304e-02,3.948001e-02,5.951563e-01,7.401865e-02,2.314825e-02,1.596824e-02,4.640764e-03,1.483218e-02,5.257101e-02,2.605173e-02,3.966577e-02,6.824604e-03,8.069699e-03,3.405016e-03,8.764782e-03
6.967830e-02,5.796317e-02,5.956403e-01,1.029715e-01,2.994531e-02,1.409576e-02,4.811881e-03,1.064645e-02,4.320686e-02,2.029732e-02,2.837018e-02,5.004582e-03,6.064940e-03,2.739162e-03,8.564387e-03
6.029414e-02,5.166944e-02,6.163639e-01,1.336383e-01,2.570727e-02,1.131912e-02,3.856245e-03,7.817632e-03,3.269492e-02,1.616792e-02,2.089724e-02,3.732602e-03,4.707021e-03,2.155360e-03,8.978990e-03
4.866156e-02,4.450719e-02,6.849090e-01,1.066144e-01,1.914539e-02,8.577921e-03,2.809159e-03,5.617782e-03,2.645633e-02,1.525311e-02,1.572588e-02,3.094467e-03,4.301892e-03,1.774019e-03,1.255191e-02
5.616146e-02,4.612432e-02,6.969279e-01,8.741338e-02,1.835059e-02,7.249147e-03,2.157754e-03,4.392850e-03,2.567172e-02,1.389721e-02,1.551034e-02,2.887659e-03,3.773042e-03,2.112470e-03,1.737021e-02
6.172080e-02,4.770746e-02,6.981785e-01,7.515588e-02,2.037190e-02,7.297035e-03,2.195565e-03,4.155533e-03,2.482914e-02,1.323675e-02,1.346658e-02,2.480906e-03,3.003676e-03,2.518423e-03,2.368187e-02
4.519692e-02,3.897085e-02,6.574814e-01,1.634703e-01,1.697722e-02,5.375159e-03,1.708872e-03,3.026399e-03,1.936103e-02,1.083644e-02,9.643428e-03,1.797391e-03,2.151861e-03,1.816629e-03,2.218609e-02
6.281912e-02,3.332086e-02,6.024590e-01,2.133128e-01,2.010522e-02,5.661316e-03,2.534608e-03,2.770447e-03,1.676355e-02,9.403024e-03,7.998384e-03,1.408267e-03,1.754886e-03,1.387999e-03,1.830059e-02
5.106599e-02,3.173763e-02,5.346316e-01,3.046896e-01,2.053089e-02,5.516951e-03,2.520610e-03,3.134135e-03,1.342896e-02,7.808920e-03,6.116462e-03,1.056289e-03,1.323424e-03,1.028247e-03,1.541040e-02
5.608775e-02,4.268532e-02,4.844124e-01,3.295823e-01,2.943058e-02,7.610944e-03,3.182593e-03,3.585426e-03,1.287017e-02,7.173441e-03,5.962360e-03,8.670427e-04,1.143558e-03,9.118164e-04,1.449438e-02
4.375856e-02,3.668017e-02,5.026674e-01,3.431719e-01,2.293942e-02,6.344623e-03,2.631042e-03,2.941702e-03,1.215594e-02,6.596294e-03,4.701440e-03,6.711709e-04,9.576418e-04,7.242185e-04,1.305849e-02
5.996716e-02,4.035502e-02,5.132875e-01,2.995390e-01,2.627932e-02,7.466913e-03,3.042023e-03,4.302257e-03,1.348204e-02,7.721772e-03,4.491503e-03,7.197049e-04,1.362650e-03,8.710075e-04,1.711211e-02
6.573509e-02,4.605439e-02,5.163711e-01,2.655006e-01,3.426108e-02,1.317858e-02,4.486192e-03,4.704619e-03,1.494487e-02,7.799095e-03,4.756637e-03,8.570962e-04,1.516982e-03,1.257223e-03,1.857653e-02
1.425591e-01,6.423882e-02,4.227380e-01,2.171012e-01,3.776671e-02,1.824143e-02,4.469065e-03,9.357218e-03,2.362088e-02,1.003861e-02,9.988447e-03,2.113584e-03,1.963612e-03,4.066208e-03,3.173721e-02
2.548264e-01,8.071044e-02,3.105712e-01,1.648871e-01,3.949022e-02,2.181614e-02,5.248362e-03,1.143765e-02,2.564215e-02,1.075118e-02,1.924000e-02,3.684541e-03,3.028087e-03,1.458661e-02,3.407984e-02
2.117369e-01,9.386955e-02,2.268564e-01,1.185534e-01,3.365002e-02,6.039641e-02,4.333142e-03,9.421464e-03,2.091346e-02,9.261659e-03,1.157987e-01,3.918363e-03,3.736780e-03,5.864217e-02,2.891157e-02
1.539965e-01,7.599012e-02,1.637159e-01,8.345249e-02,2.540993e-02,6.093385e-02,3.127786e-03,6.777459e-03,1.745187e-02,7.635411e-03,2.488399e-01,3.444870e-03,3.369697e-03,1.188888e-01,2.696547e-02
1.114422e-01,5.810158e-02,1.201857e-01,5.875977e-02,1.922299e-02,7.311056e-02,2.245918e-03,4.978390e-03,1.497792e-02,6.030052e-03,3.326026e-01,4.114201e-03,3.455345e-03,1.698959e-01,2.087682e-02
8.206461e-02,4.196859e-02,8.494364e-02,4.168420e-02,1.397421e-02,6.024611e-02,1.637634e-03,3.600277e-03,1.199621e-02,5.434338e-03,4.508988e-01,4.140045e-03,3.147043e-03,1.777592e-01,1.650509e-02
5.792743e-02,2.986446e-02,5.952244e-02,2.927489e-02,9.952314e-03,4.361710e-02,1.166324e-03,2.548667e-03,9.727569e-03,4.542948e-03,5.617839e-01,3.910248e-03,2.419384e-03,1.716511e-01,1.209128e-02
4.344285e-02,2.204063e-02,4.220352e-02,2.081973e-02,7.423607e-03,3.435377e-02,9.709084e-04,1.935990e-03,1.252007e-02,5.741152e-03,5.847731e-01,4.104992e-03,2.286335e-03,2.082658e-01,9.117513e-03
4.668875e-02,1.760416e-02,3.214922e-02,1.507635e-02,6.565971e-03,3.080786e-02,9.265979e-04,1.715657e-03,2.616785e-02,7.310844e-03,5.233778e-01,5.425508e-03,1.988824e-03,2.764463e-01,7.748360e-03
3.774086e-02,1.449075e-02,4.298554e-02,1.231861e-02,7.495937e-03,3.221605e-02,1.053843e-03,2.284155e-03,2.900456e-02,9.096636e-03,5.178620e-01,5.047453e-03,1.896534e-03,2.803481e-01,6.159034e-03
2.837436e-02,1.581047e-02,5.803448e-02,1.104101e-02,9.495720e-03,2.848038e-02,1.006317e-03,1.933650e-03,4.359935e-02,2.027827e-02,4.725637e-01,6.088627e-03,2.341265e-03,2.952314e-01,5.721027e-03
3.756453e-02,1.487642e-02,6.669169e-02,1.318631e-02,1.120073e-02,2.540386e-02,1.001334e-03,2.735535e-03,4.584050e-02,2.766900e-02,4.446099e-01,6.441409e-03,2.772833e-03,2.938557e-01,6.150228e-03
6.593885e-02,1.840104e-02,8.421490e-02,1.713263e-02,1.141943e-02,2.480535e-02,1.157110e-03,3.033773e-03,4.606088e-02,3.476572e-02,3.878420e-01,7.054431e-03,2.711422e-03,2.879400e-01,7.522535e-03
7.528907e-02,2.336675e-02,8.644964e-02,3.228641e-02,1.709656e-02,2.437348e-02,2.191960e-03,1.170847e-02,5.684002e-02,5.507316e-02,3.475787e-01,8.230655e-03,3.149600e-03,2.473589e-01,9.006606e-03
6.207240e-02,2.147404e-02,7.313929e-02,2.697888e-02,1.689813e-02,1.950291e-02,3.747623e-03,9.975973e-03,9.070542e-02,5.549148e-02,4.021355e-01,9.518818e-03,4.974154e-03,1.954129e-01,7.972505e-03
5.928319e-02,2.258285e-02,5.307696e-02,2.155195e-02,1.585757e-02,1.836277e-02,4.473940e-03,9.233003e-03,9.998029e-02,4.465548e-02,4.823104e-01,1.285473e-02,7.229621e-03,1.394602e-01,9.087118e-03
6.005193e-02,3.627660e-02,3.849407e-02,1.878925e-02,1.431671e-02,1.529776e-02,3.646277e-03,1.155808e-02,1.606239e-01,3.894148e-02,4.702212e-01,1.254136e-02,7.604454e-03,1.003168e-01,1.132016e-02
6.639121e-02,3.550928e-02,3.305016e-02,2.549349e-02,1.636012e-02,1.321193e-02,3.092960e-03,2.024132e-02,2.759085e-01,3.874363e-02,3.667743e-01,1.219083e-02,7.299650e-03,7.305872e-02,1.267393e-02
5.444109e-02,5.118902e-02,2.634348e-02,2.044983e-02,2.022158e-02,2.538894e-02,2.273204e-03,1.530833e-02,3.884423e-01,3.822467e-02,2.671196e-01,9.062980e-03,6.066103e-03,5.497029e-02,2.049861e-02
4.232772e-02,4.390320e-02,2.001472e-02,2.473269e-02,2.706396e-02,2.978389e-02,1.980291e-03,1.320832e-02,5.057162e-01,2.954274e-02,1.896081e-01,6.824410e-03,5.324687e-03,3.934225e-02,2.062680e-02
3.384198e-02,3.733001e-02,3.187654e-02,3.366356e-02,2.678427e-02,2.401345e-02,1.606077e-03,1.592338e-02,5.842527e-01,2.373033e-02,1.334486e-01,4.934424e-03,4.337213e-03,2.776822e-02,1.648922e-02
4.009564e-02,3.950944e-02,2.580270e-02,2.676314e-02,2.582550e-02,2.131657e-02,1.560665e-03,2.209032e-02,6.356035e-01,2.081814e-02,9.407086e-02,4.088132e-03,3.774557e-03,2.032780e-02,1.835297e-02
3.750240e-02,3.953225e-02,2.142781e-02,2.173988e-02,2.705577e-02,2.664289e-02,1.391242e-03,7.676727e-02,6.200660e-01,1.770021e-02,6.664566e-02,3.269996e-03,3.652871e-03,1.479839e-02,2.180729e-02
3.784121e-02,3.476840e-02,1.944694e-02,1.663136e-02,3.323413e-02,2.768390e-02,2.838846e-03,1.472135e-01,5.756809e-01,1.645559e-02,4.765225e-02,2.749090e-03,4.886352e-03,1.120322e-02,2.171439e-02
4.522656e-02,3.367247e-02,1.599100e-02,1.388847e-02,4.147308e-02,3.770429e-02,3.073955e-03,1.234726e-01,5.978415e-01,1.567831e-02,3.406657e-02,2.750713e-03,5.187112e-03,8.149518e-03,2.182393e-02
5.900636e-02,3.036101e-02,1.238093e-02,1.282400e-02,6.683734e-02,6.952124e-02,2.894335e-03,1.025163e-01,5.589585e-01,1.324360e-02,2.585342e-02,3.966035e-03,6.539731e-03,6.157455e-03,2.893978e-02
1.277562e-01,2.889708e-02,1.010302e-02,1.825897e-02,6.052354e-02,1.350468e-01,2.620673e-03,8.424008e-02,4.250944e-01,1.319826e-02,2.556304e-02,7.356514e-03,1.234336e-02,5.325260e-03,4.367282e-02
1.020654e-01,2.696508e-02,1.266504e-02,3.936557e-02,5.205478e-02,1.167215e-01,2.852094e-03,6.509177e-02,3.081853e-01,1.757872e-02,4.319488e-02,5.036495e-02,1.038206e-01,5.852909e-03,5.322143e-02
8.597213e-02,2.587805e-02,1.231620e-02,4.839128e-02,4.758614e-02,9.397360e-02,3.143829e-03,4.784454e-02,2.260559e-01,2.559951e-02,6.033128e-02,1.070449e-01,1.313695e-01,8.484934e-03,7.600819e-02
1.241710e-01,2.227758e-02,9.589688e-03,4.295436e-02,4.069041e-02,7.330012e-02,3.288164e-03,3.555367e-02,1.702989e-01,2.441817e-02,8.257650e-02,1.546153e-01,1.407367e-01,1.308738e-02,6.244207e-02
2.054681e-01,1.850203e-02,7.183507e-03,3.143152e-02,3.037673e-02,5.562899e-02,2.907226e-03,2.583357e-02,1.257453e-01,2.130184e-02,1.115263e-01,1.899162e-01,1.109635e-01,1.693642e-02,4.627891e-02
3.089349e-01,1.503215e-02,5.765559e-03,2.387692e-02,2.361127e-02,4.470583e-02,2.902447e-03,1.910929e-02,9.328207e-02,1.918073e-02,1.072014e-01,2.009110e-01,8.145860e-02,1.918828e-02,3.483963e-02
3.410752e-01,1.271087e-02,5.159591e-03,1.838858e-02,1.889431e-02,3.748728e-02,2.761055e-03,1.500478e-02,6.901405e-02,1.711073e-02,1.185413e-01,2.414496e-01,5.925462e-02,1.695851e-02,2.618963e-02
4.393710e-01,1.117754e-02,4.395115e-03,1.416134e-02,1.398113e-02,3.130021e-02,2.139032e-03,1.108481e-02,5.017244e-02,1.405404e-02,1.103700e-01,2.197895e-01,4.264241e-02,1.433213e-02,2.102924e-02
4.859123e-01,1.131819e-02,4.599181e-03,1.348579e-02,1.097716e-02,2.977409e-02,1.798974e-03,8.451581e-03,3.847246e-02,1.165341e-02,8.770852e-02,2.346573e-01,3.069801e-02,1.179532e-02,1.869774e-02
4.578542e-01,1.287327e-02,7.290382e-03,1.911456e-02,1.066436e-02,4.215763e-02,2.113937e-03,8.611225e-03,2.978566e-02,9.169930e-03,7.185639e-02,2.786030e-01,2.232031e-02,9.914069e-03,1.767115e-02
4.372090e-01,1.482496e-02,8.769152e-03,1.832143e-02,1.658187e-02,3.673111e-02,3.032466e-03,1.085574e-02,2.396093e-02,7.492672e-03,6.901285e-02,3.113844e-01,1.620660e-02,8.910824e-03,1.670604e-02
3.876517e-01,1.302847e-02,1.307721e-02,1.594584e-02,1.851504e-02,3.136673e-02,2.916126e-03,2.095667e-02,1.941283e-02,6.140839e-03,7.067204e-02,3.671443e-01,1.175353e-02,8.165752e-03,1.325291e-02
3.181489e-01,1.073512e-02,1.169419e-02,1.245547e-02,1.469414e-02,2.554260e-02,2.643320e-03,1.980038e-02,1.592600e-02,4.853656e-03,1.451740e-01,3.921763e-01,8.584711e-03,7.255638e-03,1.031559e-02
2.580048e-01,9.765785e-03,1.203374e-02,1.011224e-02,1.226250e-02,2.208008e-02,2.582815e-03,2.119038e-02,1.471902e-02,4.203429e-03,2.301468e-01,3.801134e-01,6.466372e-03,7.580409e-03,8.738322e-03
2.130965e-01,9.814067e-03,1.252161e-02,8.262678e-03,1.211207e-02,1.799939e-02,3.063537e-03,2.393916e-02,1.878039e-02,4.778995e-03,2.804541e-01,3.726565e-01,6.831766e-03,7.845971e-03,7.843200e-03
1.624267e-01,8.348509e-03,1.195343e-02,6.564563e-03,1.348299e-02,1.515170e-02,3.079520e-03,3.568241e-02,2.585528e-02,5.303680e-03,2.763447e-01,4.135357e-01,7.644051e-03,8.713153e-03,5.913649e-03
1.245970e-01,6.957680e-03,1.043145e-02,5.487002e-03,1.611672e-02,1.346556e-02,2.681563e-03,4.183551e-02,4.345971e-02,5.480977e-03,2.658995e-01,4.422797e-01,8.183190e-03,8.602399e-03,4.522057e-03
1.003749e-01,7.362572e-03,8.548846e-03,4.522647e-03,1.568407e-02,1.065436e-02,2.529799e-03,3.035567e-02,4.490405e-02,4.743799e-03,4.117990e-01,3.401799e-01,6.659610e-03,7.288209e-03,4.392664e-03
9.006426e-02,1.284195e-02,7.469100e-03,4.665600e-03,2.025577e-02,8.579264e-03,2.215452e-03,2.253209e-02,5.600473e-02,4.357291e-03,5.047501e-01,2.492906e-01,5.701084e-03,6.901140e-03,4.371650e-03
7.362262e-02,1.662678e-02,9.987192e-03,4.326600e-03,9.978056e-02,1.769690e-02,9.939556e-03,1.979353e-02,1.405590e-01,4.942079e-03,4.124098e-01,1.763592e-01,4.848605e-03,5.550126e-03,3.557469e-03
5.451595e-02,2.109403e-02,8.080162e-03,6.762522e-03,1.359829e-01,1.386904e-02,8.429256e-03,1.410907e-02,3.077502e-01,4.428416e-03,2.905232e-01,1.238089e-01,3.556973e-03,4.115572e-03,2.973762e-03
4.672355e-02,3.556431e-02,6.090492e-03,5.844912e-03,1.224483e-01,1.145325e-02,7.397523e-03,1.179191e-02,4.468758e-01,3.529821e-03,2.059862e-01,8.714277e-02,2.721895e-03,3.195198e-03,3.234059e-03
3.812184e-02,4.170854e-02,4.673044e-03,4.877202e-03,1.349162e-01,9.616673e-03,6.517116e-03,1.015312e-02,5.336243e-01,2.720841e-03,1.448482e-01,6.110849e-02,2.019372e-03,2.604539e-03,2.490373e-03
3.541963e-02,6.134352e-02,6.093800e-03,1.249277e-02,1.775599e-01,8.931012e-03,8.461579e-03,4.422912e-02,4.917248e-01,2.175803e-03,1.022817e-01,4.339717e-02,1.660222e-03,2.038718e-03,2.190152e-03
4.660481e-02,5.645325e-02,3.183587e-02,2.250602e-02,2.132929e-01,1.078057e-02,9.514092e-03,7.004431e-02,4.213766e-01,6.662154e-03,7.216589e-02,3.248326e-02,1.695050e-03,1.713576e-03,2.871527e-03
5.380792e-02,5.190039e-02,3.135898e-02,2.167895e-02,1.744571e-01,1.417585e-02,8.316258e-03,2.514722e-01,3.022970e-01,9.672306e-03,5.209786e-02,2.312854e-02,1.695272e-03,1.584795e-03,2.356475e-03
4.937119e-02,4.034097e-02,3.224635e-02,1.794693e-02,2.862401e-01,1.732611e-02,7.144939e-03,2.693817e-01,2.137937e-01,8.052422e-03,3.705605e-02,1.656272e-02,1.401460e-03,1.257734e-03,1.877609e-03
4.644230e-02,3.166444e-02,3.297557e-02,1.453011e-02,4.239638e-01,1.646084e-02,7.891626e-03,2.243717e-01,1.520963e-01,5.897779e-03,2.660506e-02,1.302537e-02,1.416255e-03,9.735417e-04,1.685218e-03
5.737645e-02,3.164432e-02,3.196864e-02,3.756907e-02,4.615446e-01,1.481724e-02,6.587800e-03,1.673695e-01,1.130895e-01,4.937937e-03,3.488606e-02,2.959066e-02,4.045436e-03,1.751999e-03,2.820621e-03
4.959011e-02,2.660429e-02,2.560476e-02,3.937824e-02,3.426463e-01,1.386200e-02,5.410725e-03,1.200089e-01,9.467028e-02,6.969861e-03,1.497595e-01,9.908522e-02,1.782933e-02,3.666770e-03,4.913594e-03
6.230880e-02,2.337794e-02,2.088858e-02,3.115488e-02,2.763360e-01,1.461786e-02,4.461273e-03,8.820590e-02,7.838654e-02,8.454792e-03,2.387461e-01,1.148934e-01,2.409036e-02,8.236574e-03,5.840991e-03
8.656911e-02,1.823548e-02,1.912769e-02,2.411956e-02,2.122110e-01,2.489596e-02,4.076027e-03,6.596846e-02,6.560358e-02,8.931415e-03,3.273334e-01,9.545867e-02,3.069894e-02,1.203007e-02,4.740614e-03
1.608909e-01,2.011720e-02,5.130936e-02,3.703140e-02,1.773933e-01,3.575093e-02,3.512819e-03,6.309623e-02,5.922759e-02,1.110964e-02,2.619829e-01,7.385299e-02,2.511078e-02,1.419786e-02,5.416120e-03
1.563990e-01,8.221307e-02,4.345076e-02,3.584117e-02,1.336671e-01,4.209595e-02,3.003666e-03,5.378714e-02,6.913359e-02,2.080626e-02,2.486070e-01,5.724256e-02,2.242901e-02,2.414956e-02,7.174168e-03
1.263197e-01,1.375945e-01,3.987717e-02,5.464744e-02,1.010493e-01,3.358264e-02,2.379659e-03,4.252757e-02,9.990345e-02,1.742403e-02,2.509164e-01,4.709253e-02,1.717797e-02,2.321164e-02,6.296027e-03
9.223049e-02,1.949780e-01,3.229837e-02,4.844530e-02,7.754840e-02,3.045836e-02,1.769712e-03,3.253381e-02,1.567087e-01,1.396632e-02,2.300536e-01,4.172327e-02,1.339180e-02,2.824709e-02,5.646765e-03
7.218862e-02,1.921557e-01,6.712109e-02,1.638804e-01,5.784524e-02,2.545534e-02,1.305194e-03,2.516497e-02,1.341898e-01,1.197026e-02,1.808932e-01,3.019110e-02,1.007436e-02,2.079821e-02,6.766602e-03
5.858946e-02,3.376365e-01,6.826767e-02,1.237018e-01,4.240002e-02,1.875526e-02,9.467989e-04,1.993855e-02,1.170751e-01,9.595617e-03,1.473533e-01,2.235833e-02,9.024899e-03,1.743402e-02,6.922651e-03
4.629763e-02,4.481367e-01,6.022027e-02,9.270103e-02,3.248202e-02,1.446598e-02,6.928115e-04,1.605648e-02,1.096399e-01,8.528039e-03,1.235044e-01,1.632352e-02,7.499584e-03,1.481160e-02,8.639999e-03
3.952986e-02,4.133063e-01,1.076184e-01,1.387061e-01,2.408476e-02,1.105691e-02,5.903922e-04,1.305356e-02,9.737154e-02,1.250636e-02,9.209552e-02,1.190844e-02,6.206349e-03,1.076399e-02,2.120146e-02
4.794845e-02,3.029257e-01,2.303795e-01,1.563416e-01,2.087196e-02,1.312734e-02,6.199127e-04,1.230117e-02,7.980053e-02,1.134513e-02,6.695949e-02,8.825762e-03,4.758252e-03,9.687504e-03,3.410769e-02
6.221312e-02,2.537550e-01,2.163917e-01,1.296933e-01,2.074580e-02,1.114113e-02,5.322780e-04,1.103312e-02,7.365604e-02,2.239515e-02,5.200616e-02,7.261020e-03,3.951745e-03,1.334475e-02,1.218797e-01
1.192320e-01,2.579187e-01,1.750445e-01,1.027401e-01,2.494392e-02,1.089733e-02,6.298139e-04,1.202404e-02,6.648604e-02,2.288570e-02,4.393002e-02,8.857799e-03,5.588255e-03,2.439839e-02,1.244234e-01
1.254176e-01,1.936525e-01,2.215141e-01,1.164766e-01,2.209707e-02,1.032220e-02,8.472856e-04,1.099251e-02,5.398847e-02,3.059502e-02,3.436089e-02,8.780679e-03,4.765715e-03,2.833985e-02,1.378495e-01
1.010427e-01,1.503331e-01,2.736998e-01,1.646417e-01,1.804628e-02,8.748598e-03,7.523105e-04,8.551484e-03,5.221845e-02,3.164661e-02,2.807697e-02,7.315428e-03,4.161247e-03,2.357061e-02,1.271946e-01
2.503711e-01,1.165599e-01,2.342052e-01,1.306525e-01,2.306510e-02,1.229242e-02,1.694757e-03,1.047075e-02,4.170652e-02,2.449489e-02,2.383411e-02,9.742429e-03,5.268897e-03,1.981903e-02,9.582239e-02
3.509271e-01,9.625979e-02,2.068912e-01,1.119285e-01,2.432173e-02,1.394060e-02,1.817418e-03,1.026957e-02,3.187514e-02,1.843516e-02,2.422760e-02,1.176569e-02,6.484509e-03,1.548136e-02,7.537474e-02
4.179684e-01,9.240133e-02,1.515532e-01,1.127767e-01,2.276205e-02,1.608662e-02,2.993980e-03,1.128401e-02,2.510469e-02,1.405784e-02,2.518052e-02,2.119452e-02,9.846719e-03,1.335881e-02,6.343067e-02
4.518967e-01,8.541828e-02,1.220136e-01,1.265149e-01,2.093140e-02,1.822542e-02,3.652552e-03,1.181614e-02,1.932841e-02,1.127251e-02,2.231196e-02,3.068275e-02,1.125909e-02,1.087316e-02,5.380313e-02
1.000000e+00,0.000000e+00,0.000000e+00,0.000000e+00,0.000000e+00,0.000000e+00,0.000000e+00,0.000000e+00,0.000000e+00,0.000000e+00,0.000000e+00,0.000000e+00,0.000000e+00,0.000000e+00,0.000000e+00
1.000000e+00,0.000000e+00,0.000000e+00,0.000000e+00,0.000000e+00,0.000000e+00,0.000000e+00,0.000000e+00,0.000000e+00,0.000000e+00,0.000000e+00,0.000000e+00,0.000000e+00,0.000000e+00,0.000000e+00
1.000000e+00,0.000000e+00,0.000000e+00,0.000000e+00,0.000000e+00,0.000000e+00,0.000000e+00,0.000000e+00,0.000000e+00,0.000000e+00,0.000000e+00,0.000000e+00,0.000000e+00,0.000000e+00,0.000000e+00
1.000000e+00,0.000000e+00,0.000000e+00,0.000000e+00,0.000000e+00,0.000000e+00,0.000000e+00,0.000000e+00,0.000000e+00,0.000000e+00,0.000000e+00,0.000000e+00,0.000000e+00,0.000000e+00,0.000000e+00
1.000000e+00,0.000000e+00,0.000000e+00,0.000000e+00,0.000000e+00,0.000000e+00,0.000000e+00,0.000000e+00,0.000000e+00,0.000000e+00,0.000000e+00,0.000000e+00,0.000000e+00,0.000000e+00,0.000000e+00
