1.000000e+00,0.000000e+00,0.000000e+00,0.000000e+00,0.000000e+00,0.000000e+00,0.000000e+00,0.000000e+00,0.000000e+00,0.000000e+00,0.000000e+00,0.000000e+00,0.000000e+00,0.000000e+00,0.000000e+00
1.000000e+00,0.000000e+00,0.000000e+00,0.000000e+00,0.000000e+00,0.000000e+00,0.000000e+00,0.000000e+00,0.000000e+00,0.000000e+00,0.000000e+00,0.000000e+00,0.000000e+00,0.000000e+00,0.000000e+00
1.000000e+00,0.000000e+00,0.000000e+00,0.000000e+00,0.000000e+00,0.000000e+00,0.000000e+00,0.000000e+00,0.000000e+00,0.000000e+00,0.000000e+00,0.000000e+00,0.000000e+00,0.000000e+00,0.000000e+00
1.000000e+00,0.000000e+00,0.000000e+00,0.000000e+00,0.000000e+00,0.000000e+00,0.000000e+00,0.000000e+00,0.000000e+00,0.000000e+00,0.000000e+00,0.000000e+00,0.000000e+00,0.000000e+00,0.000000e+00
1.000000e+00,0.000000e+00,0.000000e+00,0.000000e+00,0.000000e+00,0.000000e+00,0.000000e+00,0.000000e+00,0.000000e+00,0.000000e+00,0.000000e+00,0.000000e+00,0.000000e+00,0.000000e+00,0.000000e+00
1.000000e+00,0.000000e+00,0.000000e+00,0.000000e+00,0.000000e+00,0.000000e+00,0.000000e+00,0.000000e+00,0.000000e+00,0.000000e+00,0.000000e+00,0.000000e+00,0.000000e+00,0.000000e+00,0.000000e+00
1.000000e+00,0.000000e+00,0.000000e+00,0.000000e+00,0.000000e+00,0.000000e+00,0.000000e+00,0.000000e+00,0.000000e+00,0.000000e+00,0.000000e+00,0.000000e+00,0.000000e+00,0.000000e+00,0.000000e+00
1.000000e+00,0.000000e+00,0.000000e+00,0.000000e+00,0.000000e+00,0.000000e+00,0.000000e+00,0.000000e+00,0.000000e+00,0.000000e+00,0.000000e+00,0.000000e+00,0.000000e+00,0.000000e+00,0.000000e+00
1.000000e+00,0.000000e+00,0.000000e+00,0.000000e+00,0.000000e+00,0.000000e+00,0.000000e+00,0.000000e+00,0.000000e+00,0.000000e+00,0.000000e+00,0.000000e+00,0.000000e+00,0.000000e+00,0.000000e+00
1.000000e+00,0.000000e+00,0.000000e+00,0.000000e+00,0.000000e+00,0.000000e+00,0.000000e+00,0.000000e+00,0.000000e+00,0.000000e+00,0.000000e+00,0.000000e+00,0.000000e+00,0.000000e+00,0.000000e+00
1.000000e+00,0.000000e+00,0.000000e+00,0.000000e+00,0.000000e+00,0.000000e+00,0.000000e+00,0.000000e+00,0.000000e+00,0.000000e+00,0.000000e+00,0.000000e+00,0.000000e+00,0.000000e+00,0.000000e+00
1.000000e+00,0.000000e+00,0.000000e+00,0.000000e+00,0.000000e+00,0.000000e+00,0.000000e+00,0.000000e+00,0.000000e+00,0.000000e+00,0.000000e+00,0.000000e+00,0.000000e+00,0.000000e+00,0.000000e+00
1.000000e+00,0.000000e+00,0.000000e+00,0.000000e+00,0.000000e+00,0.000000e+00,0.000000e+00,0.000000e+00,0.000000e+00,0.000000e+00,0.000000e+00,0.000000e+00,0.000000e+00,0.000000e+00,0.000000e+00
1.000000e+00,0.000000e+00,0.000000e+00,0.000000e+00,0.000000e+00,0.000000e+00,0.000000e+00,0.000000e+00,0.000000e+00,0.000000e+00,0.000000e+00,0.000000e+00,0.000000e+00,0.000000e+00,0.000000e+00
1.000000e+00,0.000000e+00,0.000000e+00,0.000000e+00,0.000000e+00,0.000000e+00,0.000000e+00,0.000000e+00,0.000000e+00,0.000000e+00,0.000000e+00,0.000000e+00,0.000000e+00,0.000000e+00,0.000000e+00
1.000000e+00,0.000000e+00,0.000000e+00,0.000000e+00,0.000000e+00,0.000000e+00,0.000000e+00,0.000000e+00,0.000000e+00,0.000000e+00,0.000000e+00,0.000000e+00,0.000000e+00,0.000000e+00,0.000000e+00
1.000000e+00,0.000000e+00,0.000000e+00,0.000000e+00,0.000000e+00,0.000000e+00,0.000000e+00,0.000000e+00,0.000000e+00,0.000000e+00,0.000000e+00,0.000000e+00,0.000000e+00,0.000000e+00,0.000000e+00
1.000000e+00,0.000000e+00,0.000000e+00,0.000000e+00,0.000000e+00,0.000000e+00,0.000000e+00,0.000000e+00,0.000000e+00,0.000000e+00,0.000000e+00,0.000000e+00,0.000000e+00,0.000000e+00,0.000000e+00
1.000000e+00,0.000000e+00,0.000000e+00,0.000000e+00,0.000000e+00,0.000000e+00,0.000000e+00,0.000000e+00,0.000000e+00,0.000000e+00,0.000000e+00,0.000000e+00,0.000000e+00,0.000000e+00,0.000000e+00
1.000000e+00,0.000000e+00,0.000000e+00,0.000000e+00,0.000000e+00,0.000000e+00,0.000000e+00,0.000000e+00,0.000000e+00,0.000000e+00,0.000000e+00,0.000000e+00,0.000000e+00,0.000000e+00,0.000000e+00
1.000000e+00,0.000000e+00,0.000000e+00,0.000000e+00,0.000000e+00,0.000000e+00,0.000000e+00,0.000000e+00,0.000000e+00,0.000000e+00,0.000000e+00,0.000000e+00,0.000000e+00,0.000000e+00,0.000000e+00
1.000000e+00,0.000000e+00,0.000000e+00,0.000000e+00,0.000000e+00,0.000000e+00,0.000000e+00,0.000000e+00,0.000000e+00,0.000000e+00,0.000000e+00,0.000000e+00,0.000000e+00,0.000000e+00,0.000000e+00
1.000000e+00,0.000000e+00,0.000000e+00,0.000000e+00,0.000000e+00,0.000000e+00,0.000000e+00,0.000000e+00,0.000000e+00,0.000000e+00,0.000000e+00,0.000000e+00,0.000000e+00,0.000000e+00,0.000000e+00
1.000000e+00,0.000000e+00,0.000000e+00,0.000000e+00,0.000000e+00,0.000000e+00,0.000000e+00,0.000000e+00,0.000000e+00,0.000000e+00,0.000000e+00,0.000000e+00,0.000000e+00,0.000000e+00,0.000000e+00
1.000000e+00,0.000000e+00,0.000000e+00,0.000000e+00,0.000000e+00,0.000000e+00,0.000000e+00,0.000000e+00,0.000000e+00,0.000000e+00,0.000000e+00,0.000000e+00,0.000000e+00,0.000000e+00,0.000000e+00
1.000000e+00,0.000000e+00,0.000000e+00,0.000000e+00,0.000000e+00,0.000000e+00,0.000000e+00,0.000000e+00,0.000000e+00,0.000000e+00,0.000000e+00,0.000000e+00,0.000000e+00,0.000000e+00,0.000000e+00
1.000000e+00,0.000000e+00,0.000000e+00,0.000000e+00,0.000000e+00,0.000000e+00,0.000000e+00,0.000000e+00,0.000000e+00,0.000000e+00,0.000000e+00,0.000000e+00,0.000000e+00,0.000000e+00,0.000000e+00
1.000000e+00,0.000000e+00,0.000000e+00,0.000000e+00,0.000000e+00,0.000000e+00,0.000000e+00,0.000000e+00,0.000000e+00,0.000000e+00,0.000000e+00,0.000000e+00,0.000000e+00,0.000000e+00,0.000000e+00
1.000000e+00,0.000000e+00,0.000000e+00,0.000000e+00,0.000000e+00,0.000000e+00,0.000000e+00,0.000000e+00,0.000000e+00,0.000000e+00,0.000000e+00,0.000000e+00,0.000000e+00,0.000000e+00,0.000000e+00
1.000000e+00,0.000000e+00,0.000000e+00,0.000000e+00,0.000000e+00,0.000000e+00,0.000000e+00,0.000000e+00,0.000000e+00,0.000000e+00,0.000000e+00,0.000000e+00,0.000000e+00,0.000000e+00,0.000000e+00
1.000000e+00,0.000000e+00,0.000000e+00,0.000000e+00,0.000000e+00,0.000000e+00,0.000000e+00,0.000000e+00,0.000000e+00,0.000000e+00,0.000000e+00,0.000000e+00,0.000000e+00,0.000000e+00,0.000000e+00
1.000000e+00,0.000000e+00,0.000000e+00,0.000000e+00,0.000000e+00,0.000000e+00,0.000000e+00,0.000000e+00,0.000000e+00,0.000000e+00,0.000000e+00,0.000000e+00,0.000000e+00,0.000000e+00,0.000000e+00
1.000000e+00,0.000000e+00,0.000000e+00,0.000000e+00,0.000000e+00,0.000000e+00,0.000000e+00,0.000000e+00,0.000000e+00,0.000000e+00,0.000000e+00,0.000000e+00,0.000000e+00,0.000000e+00,0.000000e+00
1.000000e+00,0.000000e+00,0.000000e+00,0.000000e+00,0.000000e+00,0.000000e+00,0.000000e+00,0.000000e+00,0.000000e+00,0.000000e+00,0.000000e+00,0.000000e+00,0.000000e+00,0.000000e+00,0.000000e+00
1.000000e+00,0.000000e+00,0.000000e+00,0.000000e+00,0.000000e+00,0.000000e+00,0.000000e+00,0.000000e+00,0.000000e+00,0.000000e+00,0.000000e+00,0.000000e+00,0.000000e+00,0.000000e+00,0.000000e+00
1.000000e+00,0.000000e+00,0.000000e+00,0.000000e+00,0.000000e+00,0.000000e+00,0.000000e+00,0.000000e+00,0.000000e+00,0.000000e+00,0.000000e+00,0.000000e+00,0.000000e+00,0.000000e+00,0.000000e+00
1.000000e+00,0.000000e+00,0.000000e+00,0.000000e+00,0.000000e+00,0.000000e+00,0.000000e+00,0.000000e+00,0.000000e+00,0.000000e+00,0.000000e+00,0.000000e+00,0.000000e+00,0.000000e+00,0.000000e+00
1.000000e+00,0.000000e+00,0.000000e+00,0.000000e+00,0.000000e+00,0.000000e+00,0.000000e+00,0.000000e+00,0.000000e+00,0.000000e+00,0.000000e+00,0.000000e+00,0.000000e+00,0.000000e+00,0.000000e+00
1.000000e+00,0.000000e+00,0.000000e+00,0.000000e+00,0.000000e+00,0.000000e+00,0.000000e+00,0.000000e+00,0.000000e+00,0.000000e+00,0.000000e+00,0.000000e+00,0.000000e+00,0.000000e+00,0.000000e+00
1.000000e+00,0.000000e+00,0.000000e+00,0.000000e+00,0.000000e+00,0.000000e+00,0.000000e+00,0.000000e+00,0.000000e+00,0.000000e+00,0.000000e+00,0.000000e+00,0.000000e+00,0.000000e+00,0.000000e+00
1.000000e+00,0.000000e+00,0.000000e+00,0.000000e+00,0.000000e+00,0.000000e+00,0.000000e+00,0.000000e+00,0.000000e+00,0.000000e+00,0.000000e+00,0.000000e+00,0.000000e+00,0.000000e+00,0.000000e+00
1.000000e+00,0.000000e+00,0.000000e+00,0.000000e+00,0.000000e+00,0.000000e+00,0.000000e+00,0.000000e+00,0.000000e+00,0.000000e+00,0.000000e+00,0.000000e+00,0.000000e+00,0.000000e+00,0.000000e+00
1.000000e+00,0.000000e+00,0.000000e+00,0.000000e+00,0.000000e+00,0.000000e+00,0.000000e+00,0.000000e+00,0.000000e+00,0.000000e+00,0.000000e+00,0.000000e+00,0.000000e+00,0.000000e+00,0.000000e+00
1.000000e+00,0.000000e+00,0.000000e+00,0.000000e+00,0.000000e+00,0.000000e+00,0.000000e+00,0.000000e+00,0.000000e+00,0.000000e+00,0.000000e+00,0.000000e+00,0.000000e+00,0.000000e+00,0.000000e+00
1.000000e+00,0.000000e+00,0.000000e+00,0.000000e+00,0.000000e+00,0.000000e+00,0.000000e+00,0.000000e+00,0.000000e+00,0.000000e+00,0.000000e+00,0.000000e+00,0.000000e+00,0.000000e+00,0.000000e+00
1.000000e+00,0.000000e+00,0.000000e+00,0.000000e+00,0.000000e+00,0.000000e+00,0.000000e+00,0.000000e+00,0.000000e+00,0.000000e+00,0.000000e+00,0.000000e+00,0.000000e+00,0.000000e+00,0.000000e+00
1.000000e+00,0.000000e+00,0.000000e+00,0.000000e+00,0.000000e+00,0.000000e+00,0.000000e+00,0.000000e+00,0.000000e+00,0.000000e+00,0.000000e+00,0.000000e+00,0.000000e+00,0.000000e+00,0.000000e+00
1.000000e+00,0.000000e+00,0.000000e+00,0.000000e+00,0.000000e+00,0.000000e+00,0.000000e+00,0.000000e+00,0.000000e+00,0.000000e+00,0.000000e+00,0.000000e+00,0.000000e+00,0.000000e+00,0.000000e+00
1.000000e+00,0.000000e+00,0.000000e+00,0.000000e+00,0.000000e+00,0.000000e+00,0.000000e+00,0.000000e+00,0.000000e+00,0.000000e+00,0.000000e+00,0.000000e+00,0.000000e+00,0.000000e+00,0.000000e+00
1.000000e+00,0.000000e+00,0.000000e+00,0.000000e+00,0.000000e+00,0.000000e+00,0.000000e+00,0.000000e+00,0.000000e+00,0.000000e+00,0.000000e+00,0.000000e+00,0.000000e+00,0.000000e+00,0.000000e+00
1.000000e+00,0.000000e+00,0.000000e+00,0.000000e+00,0.000000e+00,0.000000e+00,0.000000e+00,0.000000e+00,0.000000e+00,0.000000e+00,0.000000e+00,0.000000e+00,0.000000e+00,0.000000e+00,0.000000e+00
1.000000e+00,0.000000e+00,0.000000e+00,0.000000e+00,0.000000e+00,0.000000e+00,0.000000e+00,0.000000e+00,0.000000e+00,0.000000e+00,0.000000e+00,0.000000e+00,0.000000e+00,0.000000e+00,0.000000e+00
1.000000e+00,0.000000e+00,0.000000e+00,0.000000e+00,0.000000e+00,0.000000e+00,0.000000e+00,0.000000e+00,0.000000e+00,0.000000e+00,0.000000e+00,0.000000e+00,0.000000e+00,0.000000e+00,0.000000e+00
1.000000e+00,0.000000e+00,0.000000e+00,0.000000e+00,0.000000e+00,0.000000e+00,0.000000e+00,0.000000e+00,0.000000e+00,0.000000e+00,0.000000e+00,0.000000e+00,0.000000e+00,0.000000e+00,0.000000e+00
1.000000e+00,0.000000e+00,0.000000e+00,0.000000e+00,0.000000e+00,0.000000e+00,0.000000e+00,0.000000e+00,0.000000e+00,0.000000e+00,0.000000e+00,0.000000e+00,0.000000e+00,0.000000e+00,0.000000e+00
1.000000e+00,0.000000e+00,0.000000e+00,0.000000e+00,0.000000e+00,0.000000e+00,0.000000e+00,0.000000e+00,0.000000e+00,0.000000e+00,0.000000e+00,0.000000e+00,0.000000e+00,0.000000e+00,0.000000e+00
1.000000e+00,0.000000e+00,0.000000e+00,0.000000e+00,0.000000e+00,0.000000e+00,0.000000e+00,0.000000e+00,0.000000e+00,0.000000e+00,0.000000e+00,0.000000e+00,0.000000e+00,0.000000e+00,0.000000e+00
1.000000e+00,0.000000e+00,0.000000e+00,0.000000e+00,0.000000e+00,0.000000e+00,0.000000e+00,0.000000e+00,0.000000e+00,0.000000e+00,0.000000e+00,0.000000e+00,0.000000e+00,0.000000e+00,0.000000e+00
1.000000e+00,0.000000e+00,0.000000e+00,0.000000e+00,0.000000e+00,0.000000e+00,0.000000e+00,0.000000e+00,0.000000e+00,0.000000e+00,0.000000e+00,0.000000e+00,0.000000e+00,0.000000e+00,0.000000e+00
1.000000e+00,0.000000e+00,0.000000e+00,0.000000e+00,0.000000e+00,0.000000e+00,0.000000e+00,0.000000e+00,0.000000e+00,0.000000e+00,0.000000e+00,0.000000e+00,0.000000e+00,0.000000e+00,0.000000e+00
3.765934e-01,3.613153e-02,2.302290e-02,4.053004e-02,1.914571e-01,1.405314e-01,4.150146e-02,9.945216e-02,2.880359e-03,7.187525e-03,1.014269e-02,1.209657e-02,7.389181e-03,2.517302e-03,8.566323e-03
2.681851e-01,2.884154e-02,1.834018e-02,3.291477e-02,3.052953e-01,1.370711e-01,6.694841e-02,7.700045e-02,2.323890e-03,3.176198e-02,7.551505e-03,9.021363e-03,5.777395e-03,1.973886e-03,6.992939e-03
1.909125e-01,2.127737e-02,1.313830e-02,2.359570e-02,3.474301e-01,1.189376e-01,7.335894e-02,5.514026e-02,2.320063e-03,1.277315e-01,6.480617e-03,6.578382e-03,4.858935e-03,1.638349e-03,6.601323e-03
1.345918e-01,1.544615e-02,9.404380e-03,1.680326e-02,3.379175e-01,9.308850e-02,8.275576e-02,3.976659e-02,1.849899e-03,2.312425e-01,6.997459e-03,4.916883e-03,5.412733e-03,1.725884e-03,1.808080e-02
9.451461e-02,1.090610e-02,6.777424e-03,1.180618e-02,2.385779e-01,6.647848e-02,6.768841e-02,2.808140e-02,1.705016e-03,3.835262e-01,8.600093e-03,4.359866e-03,2.138403e-02,2.720530e-03,5.287374e-02
6.636498e-02,7.654384e-03,4.819250e-03,8.294808e-03,1.676411e-01,4.719006e-02,4.754531e-02,1.968574e-02,1.500248e-03,2.818815e-01,1.088980e-02,3.479229e-03,3.142869e-02,1.398203e-02,2.876429e-01
4.657533e-02,5.372800e-03,3.395102e-03,5.817590e-03,1.178540e-01,3.386341e-02,3.331293e-02,1.379087e-02,1.442883e-03,2.068266e-01,8.261404e-03,2.488807e-03,2.505558e-02,1.297642e-02,4.829664e-01
3.262146e-02,3.781136e-03,2.378804e-03,4.080299e-03,8.255105e-02,2.391646e-02,2.332930e-02,9.654858e-03,1.907362e-03,1.454581e-01,6.067374e-03,1.756017e-03,1.850759e-02,9.649370e-03,6.343409e-01
2.285713e-02,2.679253e-03,1.666407e-03,2.869543e-03,5.782762e-02,1.991226e-02,1.633157e-02,6.759217e-03,2.334492e-03,1.024861e-01,4.649093e-03,1.281977e-03,1.363989e-02,7.166871e-03,7.375386e-01
1.603813e-02,2.040339e-03,1.168415e-03,2.056684e-03,4.051577e-02,3.140553e-02,1.143322e-02,4.735069e-03,2.612919e-03,7.338054e-02,4.927384e-03,1.283763e-03,1.173559e-02,5.403780e-03,7.912629e-01
1.141215e-02,1.767618e-03,8.728309e-04,2.668149e-03,2.843910e-02,7.796176e-02,8.006884e-03,3.321279e-03,3.716603e-03,5.312252e-02,3.613670e-02,6.720540e-03,2.658469e-02,4.384704e-03,7.348844e-01
8.200811e-03,1.842155e-03,8.050901e-04,3.783225e-03,2.001722e-02,6.908355e-02,5.611638e-03,2.331662e-03,1.104091e-02,3.986262e-02,5.532746e-02,8.877803e-03,2.549738e-02,4.906545e-03,7.428119e-01
6.269670e-03,1.468361e-03,6.110963e-04,4.596909e-03,1.419985e-02,9.053771e-02,3.951945e-03,1.640909e-03,9.759191e-03,3.329448e-02,1.975500e-01,1.304690e-02,3.803325e-02,9.347011e-03,5.756927e-01
4.645052e-03,1.201387e-03,6.069058e-04,4.585068e-03,1.053137e-02,6.730052e-02,2.791583e-03,1.155187e-03,8.082235e-03,2.415917e-02,3.742801e-01,1.325912e-02,4.459624e-02,1.223287e-02,4.305732e-01
3.674717e-03,1.309684e-03,7.948772e-04,4.512659e-03,8.043037e-03,4.991345e-02,1.982650e-03,8.184338e-04,8.851062e-03,1.842311e-02,4.124876e-01,1.213804e-02,3.767796e-02,6.194052e-02,3.774321e-01
2.792666e-03,1.291058e-03,2.217541e-03,3.410507e-03,6.146886e-03,4.342173e-02,1.580963e-03,7.073013e-04,1.040699e-02,4.336767e-02,3.288147e-01,9.564846e-03,2.758861e-02,1.449926e-01,3.736959e-01
2.242759e-03,9.905521e-04,2.339991e-03,2.717795e-03,5.387715e-03,3.267993e-02,6.351598e-03,2.382082e-03,9.963736e-03,3.874156e-02,2.483063e-01,8.114159e-03,2.188261e-02,2.893392e-01,3.285601e-01
2.210737e-03,8.261731e-04,2.889494e-03,5.263466e-03,1.058939e-02,2.897092e-02,5.340124e-03,9.219718e-03,2.047783e-02,5.513613e-02,2.008947e-01,8.638706e-03,2.067079e-02,3.647137e-01,2.641581e-01
1.990991e-03,6.949900e-04,3.914576e-03,6.956844e-03,2.456711e-02,2.165663e-02,4.677628e-03,2.368425e-02,2.407325e-02,7.364295e-02,1.574588e-01,8.135072e-03,1.944459e-02,4.108849e-01,2.182175e-01
2.920167e-03,9.620209e-04,4.922953e-03,8.346178e-03,8.403417e-02,1.985699e-02,3.048589e-02,7.399894e-02,2.225989e-02,6.589991e-02,1.204648e-01,8.820055e-03,2.444841e-02,3.367477e-01,1.958319e-01
4.711503e-03,3.585123e-03,8.800155e-03,1.695777e-02,8.950333e-02,3.064229e-02,2.345647e-02,6.506339e-02,4.031306e-02,7.551713e-02,1.073238e-01,3.539914e-02,7.179178e-02,2.738404e-01,1.530947e-01
5.888807e-03,3.622887e-03,7.856355e-03,1.753479e-02,1.696911e-01,2.731526e-02,1.894286e-02,7.546016e-02,5.976613e-02,6.937193e-02,1.030798e-01,3.564795e-02,7.885597e-02,1.970490e-01,1.299170e-01
4.942783e-03,9.456086e-03,6.930925e-03,1.910913e-02,1.613027e-01,2.173967e-02,1.390068e-02,6.864875e-02,2.377654e-01,5.132678e-02,7.898294e-02,2.917659e-02,6.501762e-02,1.394536e-01,9.224641e-02
5.383269e-03,7.897779e-03,6.059964e-03,3.355753e-02,1.784713e-01,1.704870e-02,1.030338e-02,1.294209e-01,2.238077e-01,3.824610e-02,8.397706e-02,2.655380e-02,7.234038e-02,1.007041e-01,6.622798e-02
7.490288e-03,1.788842e-02,6.605200e-03,6.639212e-02,2.006761e-01,2.965613e-02,8.846539e-03,1.154842e-01,2.496623e-01,2.764354e-02,6.811489e-02,2.198665e-02,6.063048e-02,7.073291e-02,4.819034e-02
7.172670e-03,2.719794e-02,7.846968e-03,6.812374e-02,1.535907e-01,2.531024e-02,7.385761e-03,8.896179e-02,3.848156e-01,2.047807e-02,5.488718e-02,1.835862e-02,4.831291e-02,4.986783e-02,3.769014e-02
6.839701e-03,4.102940e-02,9.551194e-03,7.850152e-02,1.126535e-01,2.172849e-02,5.334764e-03,6.351876e-02,4.699854e-01,1.483809e-02,4.937120e-02,1.537894e-02,3.868315e-02,3.596641e-02,3.661951e-02
8.567709e-03,3.600848e-02,7.748568e-03,7.497991e-02,8.331072e-02,2.647660e-02,4.220041e-03,4.564916e-02,5.069982e-01,1.201023e-02,6.019064e-02,2.645833e-02,4.973585e-02,2.622884e-02,3.141680e-02
8.543713e-03,2.696144e-02,6.388271e-03,6.482054e-02,8.230331e-02,2.021312e-02,9.713490e-03,3.465046e-02,5.111436e-01,8.923220e-03,6.452949e-02,2.848364e-02,8.900774e-02,1.876795e-02,2.555009e-02
6.445633e-03,2.004834e-02,5.299172e-03,2.372610e-01,9.919897e-02,1.469376e-02,7.339820e-03,2.442039e-02,3.962307e-01,6.362854e-03,5.325743e-02,2.316272e-02,7.432004e-02,1.317395e-02,1.878526e-02
4.716354e-03,1.478258e-02,4.605039e-03,2.965783e-01,1.381912e-01,1.055858e-02,5.937918e-03,1.726243e-02,2.884802e-01,5.522051e-03,6.795424e-02,5.686567e-02,6.496491e-02,9.901934e-03,1.367867e-02
3.779823e-03,1.059411e-02,4.420254e-03,2.586510e-01,1.100920e-01,7.705329e-03,4.300915e-03,1.220320e-02,2.129489e-01,8.604029e-03,1.688505e-01,7.716377e-02,9.257637e-02,1.557850e-02,1.253141e-02
3.035931e-03,7.624649e-03,5.335164e-03,2.109491e-01,8.293375e-02,5.704676e-03,3.421667e-03,8.800759e-03,1.521910e-01,6.974217e-02,1.941082e-01,8.362520e-02,1.327618e-01,2.807786e-02,1.168813e-02
5.441267e-03,9.801531e-03,5.898607e-03,1.821397e-01,7.126661e-02,4.806809e-03,4.699443e-03,6.351418e-03,1.099616e-01,1.393943e-01,1.560013e-01,1.069050e-01,1.321024e-01,5.348492e-02,1.174520e-02
7.772929e-03,9.955950e-03,4.647643e-03,1.289615e-01,5.806682e-02,3.915701e-03,3.557729e-03,5.587738e-03,7.961298e-02,1.044576e-01,1.307565e-01,2.278520e-01,1.373984e-01,8.851962e-02,8.936822e-03
1.089249e-02,1.187633e-02,6.814913e-03,9.325550e-02,4.711073e-02,1.865781e-02,2.931725e-03,8.588039e-03,6.572046e-02,1.074769e-01,1.707599e-01,2.511420e-01,1.102762e-01,8.439032e-02,1.010683e-02
1.171206e-02,1.153301e-02,9.759002e-03,6.730518e-02,4.255914e-02,1.560660e-02,2.439390e-03,9.855411e-03,5.117154e-02,8.905917e-02,2.529292e-01,2.604443e-01,8.485667e-02,8.210538e-02,8.664004e-03
1.339016e-02,1.633784e-02,1.426064e-02,4.880312e-02,3.993718e-02,1.258735e-02,1.894806e-03,8.630623e-03,5.032444e-02,6.673438e-02,2.886462e-01,2.671706e-01,6.184902e-02,9.787680e-02,1.155688e-02
1.165024e-02,1.945596e-02,1.155309e-02,3.507217e-02,2.961025e-02,9.746468e-03,1.456464e-03,6.644444e-03,5.803666e-02,5.095047e-02,3.382700e-01,2.528210e-01,4.451721e-02,1.184275e-01,1.178809e-02
1.022762e-02,1.805086e-02,8.928142e-03,2.716427e-02,2.473943e-02,9.709112e-03,1.125142e-03,4.932091e-03,6.625082e-02,4.538786e-02,4.045736e-01,2.066073e-01,3.289784e-02,1.238867e-01,1.551932e-02
2.011008e-02,1.406316e-02,6.752396e-03,2.055680e-02,2.412235e-02,8.275705e-03,9.561527e-04,3.808224e-03,6.555959e-02,4.061948e-02,4.571092e-01,1.551116e-01,2.451899e-02,1.432880e-01,1.514829e-02
1.811290e-02,1.091698e-02,5.662668e-03,1.695911e-02,5.286179e-02,9.179771e-03,1.688763e-03,3.451769e-03,5.831707e-02,3.937714e-02,5.157450e-01,1.164161e-01,1.891553e-02,1.186583e-01,1.373711e-02
3.165495e-02,9.973633e-03,6.992729e-03,2.361640e-02,9.593272e-02,1.698474e-02,2.639324e-03,1.742738e-02,7.694475e-02,3.182188e-02,4.529402e-01,8.954725e-02,1.876871e-02,1.100401e-01,1.471520e-02
5.022545e-02,1.091987e-02,8.991452e-03,3.309452e-02,9.665851e-02,2.233298e-02,3.545268e-03,2.572838e-02,1.025966e-01,2.900111e-02,3.696163e-01,7.162783e-02,2.411162e-02,1.300435e-01,2.150658e-02
4.394223e-02,1.179664e-02,1.209363e-02,5.990411e-02,1.024982e-01,1.729037e-02,2.792972e-03,1.943930e-02,2.410483e-01,2.130062e-02,2.798004e-01,5.320453e-02,2.588979e-02,9.252317e-02,1.647570e-02
3.229512e-02,8.742709e-03,9.061481e-03,6.484116e-02,7.466888e-02,1.465527e-02,2.079219e-03,1.381648e-02,2.476280e-01,2.002615e-02,2.990996e-01,6.620929e-02,6.776896e-02,6.591924e-02,1.318849e-02
2.326194e-02,6.596330e-03,6.874102e-03,1.016374e-01,5.459250e-02,1.213996e-02,1.507474e-03,9.835491e-03,1.899965e-01,4.270618e-02,3.326370e-01,8.676475e-02,6.961767e-02,5.159532e-02,1.023749e-02
1.701339e-02,4.789460e-03,5.062053e-03,7.532474e-02,4.398946e-02,9.179376e-03,1.142876e-03,7.013014e-03,1.341635e-01,4.577664e-02,3.907634e-01,1.227831e-01,9.243228e-02,4.289017e-02,7.676517e-03
1.225443e-02,3.476595e-03,3.939951e-03,5.308255e-02,3.375762e-02,9.095411e-03,8.888734e-04,6.328587e-03,9.593422e-02,3.974340e-02,4.821442e-01,1.232593e-01,9.647246e-02,3.391062e-02,5.711852e-03
1.042595e-02,3.032913e-03,5.989435e-03,3.808600e-02,7.781910e-02,1.096461e-02,2.044836e-03,1.844676e-02,7.863858e-02,3.529780e-02,4.756900e-01,1.226356e-01,8.681463e-02,2.829225e-02,5.821554e-03
8.040194e-03,3.423708e-03,6.402787e-03,5.040085e-02,1.526041e-01,2.605640e-02,1.738221e-03,1.752648e-02,1.887463e-01,2.638759e-02,3.405769e-01,8.970320e-02,6.308676e-02,2.062683e-02,4.679770e-03
8.098331e-03,5.100190e-03,9.245742e-03,3.902884e-02,1.163926e-01,2.358979e-02,1.538127e-03,5.282144e-02,3.163952e-01,2.133981e-02,2.629595e-01,7.191191e-02,5.197281e-02,1.591292e-02,3.692721e-03
1.359909e-02,9.684550e-03,1.232427e-02,3.394798e-02,1.021281e-01,2.372655e-02,4.035194e-03,1.665184e-01,3.131101e-01,1.738911e-02,1.986043e-01,5.150913e-02,3.861389e-02,1.150235e-02,3.306957e-03
1.639414e-02,1.000796e-02,1.215143e-02,2.523280e-02,9.665907e-02,1.868648e-02,6.286518e-03,2.768262e-01,3.018528e-01,1.291191e-02,1.458408e-01,3.647225e-02,2.996773e-02,8.246876e-03,2.463067e-03
1.411836e-02,7.275314e-03,9.567874e-03,1.818449e-02,7.685773e-02,1.555765e-02,6.341740e-03,4.685943e-01,2.148064e-01,9.844873e-03,1.029760e-01,2.575164e-02,2.228290e-02,5.948988e-03,1.891771e-03
1.941091e-02,6.206919e-03,1.015939e-02,1.486491e-02,6.213374e-02,2.276305e-02,1.194451e-02,5.481719e-01,1.546990e-01,8.629617e-03,7.361732e-02,1.910442e-02,4.088512e-02,4.980297e-03,2.428982e-03
1.996761e-02,4.977157e-03,7.864023e-03,1.135564e-02,5.042553e-02,1.903961e-02,1.199054e-02,6.522313e-01,1.100134e-01,6.231595e-03,5.221526e-02,1.363150e-02,3.452772e-02,3.677514e-03,1.851597e-03
4.722056e-02,4.569302e-03,6.735461e-03,1.260949e-02,3.956807e-02,2.042045e-02,1.198783e-02,6.948442e-01,7.903931e-02,4.451457e-03,3.703839e-02,9.945945e-03,2.706818e-02,2.766863e-03,1.734500e-03
5.066434e-02,4.361028e-03,5.660071e-03,1.364055e-02,3.529594e-02,2.126274e-02,1.170157e-02,7.357248e-01,5.698775e-02,3.212972e-03,2.693739e-02,7.459411e-03,2.351143e-02,2.042544e-03,1.537490e-03
4.685365e-02,3.594578e-03,4.883318e-03,1.095710e-02,3.202993e-02,2.077188e-02,2.220023e-02,7.665738e-01,4.094442e-02,2.303364e-03,1.963666e-02,5.566205e-03,2.089996e-02,1.494273e-03,1.290685e-03
3.900857e-02,3.031345e-03,5.599360e-03,8.717375e-03,2.847262e-02,2.836515e-02,4.747742e-02,7.613310e-01,2.982126e-02,1.720067e-03,1.492428e-02,4.447041e-03,2.455882e-02,1.157209e-03,1.368607e-03
3.547639e-02,2.576829e-03,5.997288e-03,7.274487e-03,3.113798e-02,2.821002e-02,5.821121e-02,7.697892e-01,2.181140e-02,1.287769e-03,1.126170e-02,3.716651e-03,2.101268e-02,9.162819e-04,1.320181e-03
5.077226e-02,2.900166e-03,1.055698e-02,8.412146e-03,3.292686e-02,3.142194e-02,6.937704e-02,7.397497e-01,1.737826e-02,1.315982e-03,9.486330e-03,4.777215e-03,1.836388e-02,8.498692e-04,1.711447e-03
6.132379e-02,3.425336e-03,1.128274e-02,7.964819e-03,3.247888e-02,3.430492e-02,7.953410e-02,7.158965e-01,1.443565e-02,1.474496e-03,9.442948e-03,7.227875e-03,1.764641e-02,9.097470e-04,2.651878e-03
7.702354e-02,5.311889e-03,1.145147e-02,6.633273e-03,2.613676e-02,6.203003e-02,8.600218e-02,6.026826e-01,2.267486e-02,3.836886e-03,2.301631e-02,1.379400e-02,4.847470e-02,1.819541e-03,9.112049e-03
8.059280e-02,5.428211e-03,1.071989e-02,5.667367e-03,2.109789e-02,6.675647e-02,9.073217e-02,4.795835e-01,2.199098e-02,4.513407e-03,4.346710e-02,1.730533e-02,1.129301e-01,2.860897e-03,3.635396e-02
9.443120e-02,4.768478e-03,8.694883e-03,5.013205e-03,1.717963e-02,5.488355e-02,9.325145e-02,3.561138e-01,2.030353e-02,4.809951e-03,9.054006e-02,2.028000e-02,1.815600e-01,3.188231e-03,4.498210e-02
9.544045e-02,4.518826e-03,7.022317e-03,4.045015e-03,1.466680e-02,4.654549e-02,7.583605e-02,2.591302e-01,1.618922e-02,4.353896e-03,8.249909e-02,2.197113e-02,3.127493e-01,2.894521e-03,5.213770e-02
7.266918e-02,3.354330e-03,5.234327e-03,3.063916e-03,1.242570e-02,3.501259e-02,5.522884e-02,1.877534e-01,1.530032e-02,4.254769e-03,1.030165e-01,2.506417e-02,4.088846e-01,2.429774e-03,6.630760e-02
5.480299e-02,2.471376e-03,3.812790e-03,2.233950e-03,9.442417e-03,2.766275e-02,3.907989e-02,1.374488e-01,1.541411e-02,3.460051e-03,8.878128e-02,3.377827e-02,5.226849e-01,1.934982e-03,5.699144e-02
4.115544e-02,2.523444e-03,3.616971e-03,1.753639e-03,8.051479e-03,2.140651e-02,2.783380e-02,1.073942e-01,2.864204e-02,3.872360e-03,6.949177e-02,4.311993e-02,5.908846e-01,1.831668e-03,4.842208e-02
3.188362e-02,5.351452e-03,5.721249e-03,2.004941e-03,1.224215e-02,1.715115e-02,2.022172e-02,1.014578e-01,8.525777e-02,4.175143e-03,6.367444e-02,4.463417e-02,5.560347e-01,1.678030e-03,4.851156e-02
2.723952e-02,6.005582e-03,1.325784e-02,3.423028e-03,1.747299e-02,2.316250e-02,1.591792e-02,1.873373e-01,1.060760e-01,4.392647e-03,5.094745e-02,3.634808e-02,4.602008e-01,1.367701e-03,4.685052e-02
2.715896e-02,7.477251e-03,2.037346e-02,8.304141e-03,5.917235e-02,2.579470e-02,1.358325e-02,2.364578e-01,1.345534e-01,3.977120e-03,4.111370e-02,2.764497e-02,3.549963e-01,1.060851e-03,3.833178e-02
3.465430e-02,8.268822e-03,1.988606e-02,1.081092e-02,1.259830e-01,2.549143e-02,1.059028e-02,2.473532e-01,1.226752e-01,5.188893e-03,3.056466e-02,2.745233e-02,2.931980e-01,1.233671e-03,3.664915e-02
3.144385e-02,7.216202e-03,1.595612e-02,1.284335e-02,1.299787e-01,2.542410e-02,7.809554e-03,2.529775e-01,1.145784e-01,7.246057e-03,4.096211e-02,4.766532e-02,2.743580e-01,1.213364e-03,3.032735e-02
2.684358e-02,6.674889e-03,1.382918e-02,1.400114e-02,1.082020e-01,2.576713e-02,5.683385e-03,2.268844e-01,1.028591e-01,1.108106e-02,5.292523e-02,8.272640e-02,2.785234e-01,1.524184e-03,4.247484e-02
2.204647e-02,3.162326e-02,1.095050e-02,1.168157e-02,8.090355e-02,2.418176e-02,4.062061e-03,1.631745e-01,2.865326e-01,8.283806e-03,4.631447e-02,7.016508e-02,2.071587e-01,1.114526e-03,3.180709e-02
1.785405e-02,6.472278e-02,9.290429e-03,9.862760e-03,6.016410e-02,2.176825e-02,2.878838e-03,1.153559e-01,4.269179e-01,6.641305e-03,3.676353e-02,5.381685e-02,1.498131e-01,8.302791e-04,2.331987e-02
1.402538e-02,8.524349e-02,8.409773e-03,1.096998e-02,4.617326e-02,1.904327e-02,2.073920e-03,8.111723e-02,5.267449e-01,8.119888e-03,2.645108e-02,3.824317e-02,1.053370e-01,6.318483e-04,2.741579e-02
1.100461e-02,1.394691e-01,1.210122e-02,1.092375e-01,3.299130e-02,1.948479e-02,1.461883e-03,5.730642e-02,4.310971e-01,6.809952e-03,2.665319e-02,3.219076e-02,9.368425e-02,5.628708e-04,2.594498e-02
1.338104e-02,1.288610e-01,1.178645e-02,1.148767e-01,2.434414e-02,4.476551e-02,1.156423e-03,4.211076e-02,3.773547e-01,5.388575e-03,3.460160e-02,6.740549e-02,1.125766e-01,5.624738e-04,2.082854e-02
1.322182e-02,9.344251e-02,9.151254e-03,8.559700e-02,1.924037e-02,4.768315e-02,9.114910e-04,2.997359e-02,3.295770e-01,4.166324e-03,5.788540e-02,7.537816e-02,2.171171e-01,4.979206e-04,1.615689e-02
1.295795e-02,6.844615e-02,7.384505e-03,6.549211e-02,2.018997e-02,3.806145e-02,7.107442e-04,2.147815e-02,2.633987e-01,3.096659e-03,7.929084e-02,6.814478e-02,3.370118e-01,5.141947e-04,1.382203e-02
1.040799e-02,4.832395e-02,6.281532e-03,4.765039e-02,1.906737e-02,3.042386e-02,6.279527e-04,1.710533e-02,1.977489e-01,2.339674e-03,7.352556e-02,5.397424e-02,4.788325e-01,1.199370e-03,1.249137e-02
7.640778e-03,3.401627e-02,4.536357e-03,3.491810e-02,1.477925e-02,2.543496e-02,4.914798e-04,1.262071e-02,1.473279e-01,1.785777e-03,6.072549e-02,4.692400e-02,5.986277e-01,1.034996e-03,9.136189e-03
5.855442e-03,2.392357e-02,3.605835e-03,2.825062e-02,1.454475e-02,2.371603e-02,4.988873e-04,1.114655e-02,1.078910e-01,1.431860e-03,5.278590e-02,3.712289e-02,6.815445e-01,9.667991e-04,6.715422e-03
6.205705e-03,1.727787e-02,2.832136e-03,2.245318e-02,1.118591e-02,1.797374e-02,4.966360e-04,8.785439e-03,7.947829e-02,1.236356e-03,4.267348e-02,2.878338e-02,7.522243e-01,1.257685e-03,7.136020e-03
4.918484e-03,1.240077e-02,2.256751e-03,1.637858e-02,8.314999e-03,1.330038e-02,4.307231e-04,6.538935e-03,5.690188e-02,1.013678e-03,3.249690e-02,2.132072e-02,8.131736e-01,1.174975e-03,9.378673e-03
3.605507e-02,1.585103e-02,5.082566e-03,1.788498e-02,8.885653e-03,1.145471e-02,9.895774e-04,8.503586e-03,9.588054e-02,3.223673e-03,2.609758e-02,2.461293e-02,7.177367e-01,1.406973e-02,1.367166e-02
2.944623e-02,1.505680e-02,4.141186e-03,1.670091e-02,2.064951e-02,1.348038e-02,4.931395e-03,6.224071e-03,8.255576e-02,7.337754e-03,2.191398e-02,2.128090e-01,5.423678e-01,1.194886e-02,1.043642e-02
2.846669e-02,1.286674e-02,8.032767e-03,1.423788e-02,3.779424e-02,1.146013e-02,4.651919e-03,4.622874e-03,6.797478e-02,9.074152e-03,2.388852e-02,2.882245e-01,4.681462e-01,1.132159e-02,9.236973e-03
3.923138e-02,1.021303e-02,6.021427e-03,1.091260e-02,3.151998e-02,8.711048e-03,3.766263e-03,3.448668e-03,5.135681e-02,1.000485e-02,2.807797e-02,4.160725e-01,3.632662e-01,1.030328e-02,7.093986e-03
3.641809e-02,7.725062e-03,4.387795e-03,8.036087e-03,2.907642e-02,6.882840e-03,3.019400e-03,2.680599e-03,3.907925e-02,8.954673e-03,2.812442e-02,5.103255e-01,3.010047e-01,8.866290e-03,5.418807e-03
3.059039e-02,6.806351e-03,3.720627e-03,5.999368e-03,2.573612e-02,5.382769e-03,2.332882e-03,2.361730e-03,2.827375e-02,9.231181e-03,2.563420e-02,5.560841e-01,2.719197e-01,2.156893e-02,4.357912e-03
2.154434e-02,5.082648e-03,4.194467e-03,4.278042e-03,1.939395e-02,3.908119e-03,1.671114e-03,1.931612e-03,2.071532e-02,2.215813e-02,2.512831e-02,4.976786e-01,2.204699e-01,1.462197e-01,5.625681e-03
1.524398e-02,4.041914e-03,5.036334e-03,3.144293e-03,1.557092e-02,2.999942e-03,1.235871e-03,3.871205e-03,1.601902e-02,4.220604e-02,3.224773e-02,4.833619e-01,2.270703e-01,1.426083e-01,5.342168e-03
1.080863e-02,3.077216e-03,5.254320e-03,2.466905e-03,1.443319e-02,2.465051e-03,9.120051e-04,3.398288e-03,1.377991e-02,8.292498e-02,3.584766e-02,4.460257e-01,2.235482e-01,1.489490e-01,6.108943e-03
7.824184e-03,2.773329e-03,5.974814e-03,1.915862e-03,1.187999e-02,3.774659e-03,6.897682e-04,3.462472e-03,1.210442e-02,1.057014e-01,5.622768e-02,4.143303e-01,2.093817e-01,1.575234e-01,6.435931e-03
5.792690e-03,2.979292e-03,1.109354e-02,1.613240e-03,1.012486e-02,3.189360e-03,5.701105e-04,3.775876e-03,1.383824e-02,1.000411e-01,6.072390e-02,4.741858e-01,1.801396e-01,1.263810e-01,5.551353e-03
4.364612e-03,3.074818e-03,1.010061e-02,1.257890e-03,8.235842e-03,2.584062e-03,4.172416e-04,2.853356e-03,1.228343e-02,8.263066e-02,6.773768e-02,5.325455e-01,1.423730e-01,1.243708e-01,5.170465e-03
3.581001e-03,4.219890e-03,1.065261e-02,1.215065e-03,9.369465e-03,2.319139e-03,3.530226e-04,3.761113e-03,1.861250e-02,8.805684e-02,7.015213e-02,5.654591e-01,1.129683e-01,1.053355e-01,3.944212e-03
4.852680e-03,4.261825e-03,9.190641e-03,1.127688e-03,8.542813e-03,2.839529e-03,3.269279e-04,3.799054e-03,1.725425e-02,1.020511e-01,7.135341e-02,6.009424e-01,8.968900e-02,8.071019e-02,3.058518e-03
4.744380e-03,8.401601e-03,8.239018e-03,1.210085e-03,1.694181e-02,1.387455e-02,2.132017e-03,9.184214e-03,2.592552e-02,9.432936e-02,6.723052e-02,6.206256e-01,6.589205e-02,5.833051e-02,2.938820e-03
6.147830e-03,8.760004e-03,1.444548e-02,4.103892e-03,2.123724e-02,6.294748e-02,1.922338e-02,2.577260e-02,2.645801e-02,8.833006e-02,6.619612e-02,5.623264e-01,4.779856e-02,4.252215e-02,3.730762e-03
1.474362e-02,7.314386e-03,1.552442e-02,1.407225e-02,3.410474e-02,8.400463e-02,3.173258e-02,1.075314e-01,3.838544e-02,7.746963e-02,6.284808e-02,4.423060e-01,3.515081e-02,3.079717e-02,4.014778e-03
2.714631e-02,5.746126e-03,2.036966e-02,2.129064e-02,6.108043e-02,7.815993e-02,4.418471e-02,1.577188e-01,3.598373e-02,6.979033e-02,7.088525e-02,3.549518e-01,2.733157e-02,2.213723e-02,3.223441e-03
4.226714e-02,6.369903e-03,3.333814e-02,2.699133e-02,7.291828e-02,1.573479e-01,5.147708e-02,1.400807e-01,3.918083e-02,7.928040e-02,5.558216e-02,2.541480e-01,2.138596e-02,1.566568e-02,3.966433e-03
4.128000e-02,7.326415e-03,4.594903e-02,3.362824e-02,6.685361e-02,1.646889e-01,4.454855e-02,2.373421e-01,3.521207e-02,6.442406e-02,4.303964e-02,1.798790e-01,2.022591e-02,1.137058e-02,4.231953e-03
4.812030e-02,1.312764e-02,4.020401e-02,3.602722e-02,6.609240e-02,1.333305e-01,7.701325e-02,2.532450e-01,4.592378e-02,7.595513e-02,3.471085e-02,1.284764e-01,3.298445e-02,8.740093e-03,6.048902e-03
5.269665e-02,1.258020e-02,4.618379e-02,5.501331e-02,1.050511e-01,1.147503e-01,6.903292e-02,2.887173e-01,4.440783e-02,5.727275e-02,2.663244e-02,9.069346e-02,2.524955e-02,6.577111e-03,5.141300e-03
5.811836e-02,1.403238e-02,6.092760e-02,7.347848e-02,1.433880e-01,9.754405e-02,7.778790e-02,2.583904e-01,4.354185e-02,5.308293e-02,2.193912e-02,6.710008e-02,2.086278e-02,4.880004e-03,4.926028e-03
5.599416e-02,1.609611e-02,6.489072e-02,6.670848e-02,1.303819e-01,7.934073e-02,8.489746e-02,2.803464e-01,4.545656e-02,4.539188e-02,2.306125e-02,5.041197e-02,4.510764e-02,3.957030e-03,7.957694e-03
5.584716e-02,1.910673e-02,6.690894e-02,6.521726e-02,1.191448e-01,6.109593e-02,7.091510e-02,3.369670e-01,5.057661e-02,3.483267e-02,2.558656e-02,3.921534e-02,4.323452e-02,3.269854e-03,8.081513e-03
7.686263e-02,2.229548e-02,6.499872e-02,6.600764e-02,1.137772e-01,4.876623e-02,6.480195e-02,3.321042e-01,6.183345e-02,2.783654e-02,3.428768e-02,3.430239e-02,3.734403e-02,3.862637e-03,1.091919e-02
6.272309e-02,2.897459e-02,1.794768e-01,6.794879e-02,8.990597e-02,3.737254e-02,4.860575e-02,2.420831e-01,5.968874e-02,3.042888e-02,5.816449e-02,4.670002e-02,3.169528e-02,5.281937e-03,1.095010e-02
4.573793e-02,2.676679e-02,2.472191e-01,7.456201e-02,6.699316e-02,2.979879e-02,3.644780e-02,1.706428e-01,5.115738e-02,6.235933e-02,5.183638e-02,9.536248e-02,2.547226e-02,5.147919e-03,1.049581e-02
3.523179e-02,2.171075e-02,2.239518e-01,9.746377e-02,5.274326e-02,2.614957e-02,3.098278e-02,1.236943e-01,4.249277e-02,4.932149e-02,7.251748e-02,1.877035e-01,2.140888e-02,5.636835e-03,8.990968e-03
2.803438e-02,1.657314e-02,1.776685e-01,1.026706e-01,4.507533e-02,2.498573e-02,2.404029e-02,9.101574e-02,3.549449e-02,4.042339e-02,1.168230e-01,2.609105e-01,1.868318e-02,1.030995e-02,7.291683e-03
2.169740e-02,1.298906e-02,1.289475e-01,7.617321e-02,3.723790e-02,2.073121e-02,1.738613e-02,7.133187e-02,3.181689e-02,3.107092e-02,1.840759e-01,3.183268e-01,1.990984e-02,2.261978e-02,5.685605e-03
1.560535e-02,1.006699e-02,9.220862e-02,5.439963e-02,3.574642e-02,1.520063e-02,1.226967e-02,5.209640e-02,3.381808e-02,2.371041e-02,2.951853e-01,2.980007e-01,1.581084e-02,4.150098e-02,4.379895e-03
1.117387e-02,7.934657e-03,6.509273e-02,3.835246e-02,2.973340e-02,1.134818e-02,8.627993e-03,3.700503e-02,4.872552e-02,1.736903e-02,3.725170e-01,2.813720e-01,1.237595e-02,5.508536e-02,3.286813e-03
7.905425e-03,9.905312e-03,4.673477e-02,2.693432e-02,3.443607e-02,8.008249e-03,6.061894e-03,2.621305e-02,1.165200e-01,1.249091e-02,3.920345e-01,2.193488e-01,9.070449e-03,8.185448e-02,2.481856e-03
5.632817e-03,7.424549e-03,3.347956e-02,1.897752e-02,3.076352e-02,5.799607e-03,4.267800e-03,1.879690e-02,1.769103e-01,9.041345e-03,4.138452e-01,1.647579e-01,6.550256e-03,1.018520e-01,1.900702e-03
4.820640e-03,6.116855e-03,2.448566e-02,1.455354e-02,2.528648e-02,4.979802e-03,3.027467e-03,1.555166e-02,2.142613e-01,7.218516e-03,4.252560e-01,1.211425e-01,4.964042e-03,1.267978e-01,1.537793e-03
4.782534e-03,4.881660e-03,1.848217e-02,1.349113e-02,2.568174e-02,5.909187e-03,2.247635e-03,1.198199e-02,3.032607e-01,7.417457e-03,3.909038e-01,9.082361e-02,4.951048e-03,1.135953e-01,1.589969e-03
6.696569e-03,8.431005e-03,1.567115e-02,1.506471e-02,3.356838e-02,4.785694e-03,1.788614e-03,1.012785e-02,2.758628e-01,6.987063e-03,4.187678e-01,7.077266e-02,4.925600e-03,1.251027e-01,1.447442e-03
7.088048e-03,2.594030e-02,1.938139e-02,1.328517e-02,4.796548e-02,5.827299e-03,1.504032e-03,1.441670e-02,2.499899e-01,6.193024e-03,3.260771e-01,5.597682e-02,5.555687e-03,2.187954e-01,2.003659e-03
9.145321e-03,4.520109e-02,3.149464e-02,1.261703e-02,8.332501e-02,1.157864e-02,1.895223e-03,1.357703e-02,2.373394e-01,7.153641e-03,2.674159e-01,4.169783e-02,5.065165e-03,2.285410e-01,3.953160e-03
9.924758e-03,4.141890e-02,6.940026e-02,1.565497e-02,8.509895e-02,1.322181e-02,2.109198e-03,5.401097e-02,2.463807e-01,7.587921e-03,2.052080e-01,3.001234e-02,4.529918e-03,2.114827e-01,3.958559e-03
1.346438e-02,4.667530e-02,1.303094e-01,2.109294e-02,6.724422e-02,1.575711e-02,1.900700e-03,4.715071e-02,2.650521e-01,1.160261e-02,1.498270e-01,2.120700e-02,7.719822e-03,1.852540e-01,1.574275e-02
2.393216e-02,6.154873e-02,1.531533e-01,2.291691e-02,5.650320e-02,2.713883e-02,1.962023e-03,3.739860e-02,2.977157e-01,1.352040e-02,1.081835e-01,1.497947e-02,7.952359e-03,1.528328e-01,2.026205e-02
1.870465e-02,7.838891e-02,2.096792e-01,5.070282e-02,4.980577e-02,2.332672e-02,1.975850e-03,2.872197e-02,2.746161e-01,2.064648e-02,7.709362e-02,1.056373e-02,7.142459e-03,1.098459e-01,3.878593e-02
1.916252e-02,9.777966e-02,1.795338e-01,4.599058e-02,8.085407e-02,3.232587e-02,4.382420e-03,2.316659e-02,3.090739e-01,1.715742e-02,5.674995e-02,7.506711e-03,6.809904e-03,8.187430e-02,3.763238e-02
1.601149e-02,1.371311e-01,1.671301e-01,5.060996e-02,6.284163e-02,2.373986e-02,3.434595e-03,1.742580e-02,2.481049e-01,2.718663e-02,4.075702e-02,5.415076e-03,5.329962e-03,5.839574e-02,1.364862e-01
1.348732e-02,1.963286e-01,1.656014e-01,6.353983e-02,4.447449e-02,1.711326e-02,2.446975e-03,1.230894e-02,1.887576e-01,2.819499e-02,3.096147e-02,5.287289e-03,6.329113e-03,4.148658e-02,1.836821e-01
1.383800e-02,2.216439e-01,1.391715e-01,5.547976e-02,3.199763e-02,1.326669e-02,1.831353e-03,8.872082e-03,1.586064e-01,2.977240e-02,3.010571e-02,7.098975e-03,1.066706e-02,3.122644e-02,2.464222e-01
1.167428e-02,2.358448e-01,1.360329e-01,4.752385e-02,2.313792e-02,9.935366e-03,1.344612e-03,6.356100e-03,1.473266e-01,3.654543e-02,2.688861e-02,1.185540e-02,1.486738e-02,2.715483e-02,2.635118e-01
1.635505e-02,2.177110e-01,1.088278e-01,3.793675e-02,1.856164e-02,9.325497e-03,1.069836e-03,4.912919e-03,1.455080e-01,5.381766e-02,2.908417e-02,1.287171e-02,1.759511e-02,3.259355e-02,2.938294e-01
1.706840e-02,1.957706e-01,7.842455e-02,3.070886e-02,1.571940e-02,9.161742e-03,1.387625e-03,4.248125e-03,2.504998e-01,4.254114e-02,3.228502e-02,1.411705e-02,6.042961e-02,2.496851e-02,2.226695e-01
1.506656e-02,1.767633e-01,5.631205e-02,2.515171e-02,1.304134e-02,1.341709e-02,1.255261e-03,3.271079e-03,2.997928e-01,3.072988e-02,2.781330e-02,2.288650e-02,1.254855e-01,1.863726e-02,1.703764e-01
1.253962e-02,1.615769e-01,4.048797e-02,2.195843e-02,1.007508e-02,1.729164e-02,1.014949e-03,2.650969e-03,2.648068e-01,2.321169e-02,2.225641e-02,4.557273e-02,2.079259e-01,1.553266e-02,1.530982e-01
1.097112e-02,1.744033e-01,2.934993e-02,2.606586e-02,7.590102e-03,2.440135e-02,8.277897e-04,2.359299e-03,2.629639e-01,1.768695e-02,2.267700e-02,4.122941e-02,2.210082e-01,1.198443e-02,1.464814e-01
9.924764e-03,1.600396e-01,2.198063e-02,5.277406e-02,5.782589e-03,3.862974e-02,7.502898e-04,2.172976e-03,2.553222e-01,1.570011e-02,3.385849e-02,8.531965e-02,1.821657e-01,1.632161e-02,1.192576e-01
