1.000000e+00,0.000000e+00,0.000000e+00,0.000000e+00,0.000000e+00,0.000000e+00,0.000000e+00,0.000000e+00,0.000000e+00,0.000000e+00,0.000000e+00,0.000000e+00,0.000000e+00,0.000000e+00,0.000000e+00
1.000000e+00,0.000000e+00,0.000000e+00,0.000000e+00,0.000000e+00,0.000000e+00,0.000000e+00,0.000000e+00,0.000000e+00,0.000000e+00,0.000000e+00,0.000000e+00,0.000000e+00,0.000000e+00,0.000000e+00
1.000000e+00,0.000000e+00,0.000000e+00,0.000000e+00,0.000000e+00,0.000000e+00,0.000000e+00,0.000000e+00,0.000000e+00,0.000000e+00,0.000000e+00,0.000000e+00,0.000000e+00,0.000000e+00,0.000000e+00
1.000000e+00,0.000000e+00,0.000000e+00,0.000000e+00,0.000000e+00,0.000000e+00,0.000000e+00,0.000000e+00,0.000000e+00,0.000000e+00,0.000000e+00,0.000000e+00,0.000000e+00,0.000000e+00,0.000000e+00
1.000000e+00,0.000000e+00,0.000000e+00,0.000000e+00,0.000000e+00,0.000000e+00,0.000000e+00,0.000000e+00,0.000000e+00,0.000000e+00,0.000000e+00,0.000000e+00,0.000000e+00,0.000000e+00,0.000000e+00
1.000000e+00,0.000000e+00,0.000000e+00,0.000000e+00,0.000000e+00,0.000000e+00,0.000000e+00,0.000000e+00,0.000000e+00,0.000000e+00,0.000000e+00,0.000000e+00,0.000000e+00,0.000000e+00,0.000000e+00
1.000000e+00,0.000000e+00,0.000000e+00,0.000000e+00,0.000000e+00,0.000000e+00,0.000000e+00,0.000000e+00,0.000000e+00,0.000000e+00,0.000000e+00,0.000000e+00,0.000000e+00,0.000000e+00,0.000000e+00
1.000000e+00,0.000000e+00,0.000000e+00,0.000000e+00,0.000000e+00,0.000000e+00,0.000000e+00,0.000000e+00,0.000000e+00,0.000000e+00,0.000000e+00,0.000000e+00,0.000000e+00,0.000000e+00,0.000000e+00
1.000000e+00,0.000000e+00,0.000000e+00,0.000000e+00,0.000000e+00,0.000000e+00,0.000000e+00,0.000000e+00,0.000000e+00,0.000000e+00,0.000000e+00,0.000000e+00,0.000000e+00,0.000000e+00,0.000000e+00
1.000000e+00,0.000000e+00,0.000000e+00,0.000000e+00,0.000000e+00,0.000000e+00,0.000000e+00,0.000000e+00,0.000000e+00,0.000000e+00,0.000000e+00,0.000000e+00,0.000000e+00,0.000000e+00,0.000000e+00
1.000000e+00,0.000000e+00,0.000000e+00,0.000000e+00,0.000000e+00,0.000000e+00,0.000000e+00,0.000000e+00,0.000000e+00,0.000000e+00,0.000000e+00,0.000000e+00,0.000000e+00,0.000000e+00,0.000000e+00
1.000000e+00,0.000000e+00,0.000000e+00,0.000000e+00,0.000000e+00,0.000000e+00,0.000000e+00,0.000000e+00,0.000000e+00,0.000000e+00,0.000000e+00,0.000000e+00,0.000000e+00,0.000000e+00,0.000000e+00
1.000000e+00,0.000000e+00,0.000000e+00,0.000000e+00,0.000000e+00,0.000000e+00,0.000000e+00,0.000000e+00,0.000000e+00,0.000000e+00,0.000000e+00,0.000000e+00,0.000000e+00,0.000000e+00,0.000000e+00
1.000000e+00,0.000000e+00,0.000000e+00,0.000000e+00,0.000000e+00,0.000000e+00,0.000000e+00,0.000000e+00,0.000000e+00,0.000000e+00,0.000000e+00,0.000000e+00,0.000000e+00,0.000000e+00,0.000000e+00
1.000000e+00,0.000000e+00,0.000000e+00,0.000000e+00,0.000000e+00,0.000000e+00,0.000000e+00,0.000000e+00,0.000000e+00,0.000000e+00,0.000000e+00,0.000000e+00,0.000000e+00,0.000000e+00,0.000000e+00
1.000000e+00,0.000000e+00,0.000000e+00,0.000000e+00,0.000000e+00,0.000000e+00,0.000000e+00,0.000000e+00,0.000000e+00,0.000000e+00,0.000000e+00,0.000000e+00,0.000000e+00,0.000000e+00,0.000000e+00
1.000000e+00,0.000000e+00,0.000000e+00,0.000000e+00,0.000000e+00,0.000000e+00,0.000000e+00,0.000000e+00,0.000000e+00,0.000000e+00,0.000000e+00,0.000000e+00,0.000000e+00,0.000000e+00,0.000000e+00
1.000000e+00,0.000000e+00,0.000000e+00,0.000000e+00,0.000000e+00,0.000000e+00,0.000000e+00,0.000000e+00,0.000000e+00,0.000000e+00,0.000000e+00,0.000000e+00,0.000000e+00,0.000000e+00,0.000000e+00
1.000000e+00,0.000000e+00,0.000000e+00,0.000000e+00,0.000000e+00,0.000000e+00,0.000000e+00,0.000000e+00,0.000000e+00,0.000000e+00,0.000000e+00,0.000000e+00,0.000000e+00,0.000000e+00,0.000000e+00
1.000000e+00,0.000000e+00,0.000000e+00,0.000000e+00,0.000000e+00,0.000000e+00,0.000000e+00,0.000000e+00,0.000000e+00,0.000000e+00,0.000000e+00,0.000000e+00,0.000000e+00,0.000000e+00,0.000000e+00
1.000000e+00,0.000000e+00,0.000000e+00,0.000000e+00,0.000000e+00,0.000000e+00,0.000000e+00,0.000000e+00,0.000000e+00,0.000000e+00,0.000000e+00,0.000000e+00,0.000000e+00,0.000000e+00,0.000000e+00
1.000000e+00,0.000000e+00,0.000000e+00,0.000000e+00,0.000000e+00,0.000000e+00,0.000000e+00,0.000000e+00,0.000000e+00,0.000000e+00,0.000000e+00,0.000000e+00,0.000000e+00,0.000000e+00,0.000000e+00
1.000000e+00,0.000000e+00,0.000000e+00,0.000000e+00,0.000000e+00,0.000000e+00,0.000000e+00,0.000000e+00,0.000000e+00,0.000000e+00,0.000000e+00,0.000000e+00,0.000000e+00,0.000000e+00,0.000000e+00
1.000000e+00,0.000000e+00,0.000000e+00,0.000000e+00,0.000000e+00,0.000000e+00,0.000000e+00,0.000000e+00,0.000000e+00,0.000000e+00,0.000000e+00,0.000000e+00,0.000000e+00,0.000000e+00,0.000000e+00
1.000000e+00,0.000000e+00,0.000000e+00,0.000000e+00,0.000000e+00,0.000000e+00,0.000000e+00,0.000000e+00,0.000000e+00,0.000000e+00,0.000000e+00,0.000000e+00,0.000000e+00,0.000000e+00,0.000000e+00
1.000000e+00,0.000000e+00,0.000000e+00,0.000000e+00,0.000000e+00,0.000000e+00,0.000000e+00,0.000000e+00,0.000000e+00,0.000000e+00,0.000000e+00,0.000000e+00,0.000000e+00,0.000000e+00,0.000000e+00
1.000000e+00,0.000000e+00,0.000000e+00,0.000000e+00,0.000000e+00,0.000000e+00,0.000000e+00,0.000000e+00,0.000000e+00,0.000000e+00,0.000000e+00,0.000000e+00,0.000000e+00,0.000000e+00,0.000000e+00
1.000000e+00,0.000000e+00,0.000000e+00,0.000000e+00,0.000000e+00,0.000000e+00,0.000000e+00,0.000000e+00,0.000000e+00,0.000000e+00,0.000000e+00,0.000000e+00,0.000000e+00,0.000000e+00,0.000000e+00
1.000000e+00,0.000000e+00,0.000000e+00,0.000000e+00,0.000000e+00,0.000000e+00,0.000000e+00,0.000000e+00,0.000000e+00,0.000000e+00,0.000000e+00,0.000000e+00,0.000000e+00,0.000000e+00,0.000000e+00
1.000000e+00,0.000000e+00,0.000000e+00,0.000000e+00,0.000000e+00,0.000000e+00,0.000000e+00,0.000000e+00,0.000000e+00,0.000000e+00,0.000000e+00,0.000000e+00,0.000000e+00,0.000000e+00,0.000000e+00
1.000000e+00,0.000000e+00,0.000000e+00,0.000000e+00,0.000000e+00,0.000000e+00,0.000000e+00,0.000000e+00,0.000000e+00,0.000000e+00,0.000000e+00,0.000000e+00,0.000000e+00,0.000000e+00,0.000000e+00
1.000000e+00,0.000000e+00,0.000000e+00,0.000000e+00,0.000000e+00,0.000000e+00,0.000000e+00,0.000000e+00,0.000000e+00,0.000000e+00,0.000000e+00,0.000000e+00,0.000000e+00,0.000000e+00,0.000000e+00
1.000000e+00,0.000000e+00,0.000000e+00,0.000000e+00,0.000000e+00,0.000000e+00,0.000000e+00,0.000000e+00,0.000000e+00,0.000000e+00,0.000000e+00,0.000000e+00,0.000000e+00,0.000000e+00,0.000000e+00
1.000000e+00,0.000000e+00,0.000000e+00,0.000000e+00,0.000000e+00,0.000000e+00,0.000000e+00,0.000000e+00,0.000000e+00,0.000000e+00,0.000000e+00,0.000000e+00,0.000000e+00,0.000000e+00,0.000000e+00
1.000000e+00,0.000000e+00,0.000000e+00,0.000000e+00,0.000000e+00,0.000000e+00,0.000000e+00,0.000000e+00,0.000000e+00,0.000000e+00,0.000000e+00,0.000000e+00,0.000000e+00,0.000000e+00,0.000000e+00
1.000000e+00,0.000000e+00,0.000000e+00,0.000000e+00,0.000000e+00,0.000000e+00,0.000000e+00,0.000000e+00,0.000000e+00,0.000000e+00,0.000000e+00,0.000000e+00,0.000000e+00,0.000000e+00,0.000000e+00
1.000000e+00,0.000000e+00,0.000000e+00,0.000000e+00,0.000000e+00,0.000000e+00,0.000000e+00,0.000000e+00,0.000000e+00,0.000000e+00,0.000000e+00,0.000000e+00,0.000000e+00,0.000000e+00,0.000000e+00
1.000000e+00,0.000000e+00,0.000000e+00,0.000000e+00,0.000000e+00,0.000000e+00,0.000000e+00,0.000000e+00,0.000000e+00,0.000000e+00,0.000000e+00,0.000000e+00,0.000000e+00,0.000000e+00,0.000000e+00
1.000000e+00,0.000000e+00,0.000000e+00,0.000000e+00,0.000000e+00,0.000000e+00,0.000000e+00,0.000000e+00,0.000000e+00,0.000000e+00,0.000000e+00,0.000000e+00,0.000000e+00,0.000000e+00,0.000000e+00
1.000000e+00,0.000000e+00,0.000000e+00,0.000000e+00,0.000000e+00,0.000000e+00,0.000000e+00,0.000000e+00,0.000000e+00,0.000000e+00,0.000000e+00,0.000000e+00,0.000000e+00,0.000000e+00,0.000000e+00
1.000000e+00,0.000000e+00,0.000000e+00,0.000000e+00,0.000000e+00,0.000000e+00,0.000000e+00,0.000000e+00,0.000000e+00,0.000000e+00,0.000000e+00,0.000000e+00,0.000000e+00,0.000000e+00,0.000000e+00
1.000000e+00,0.000000e+00,0.000000e+00,0.000000e+00,0.000000e+00,0.000000e+00,0.000000e+00,0.000000e+00,0.000000e+00,0.000000e+00,0.000000e+00,0.000000e+00,0.000000e+00,0.000000e+00,0.000000e+00
1.000000e+00,0.000000e+00,0.000000e+00,0.000000e+00,0.000000e+00,0.000000e+00,0.000000e+00,0.000000e+00,0.000000e+00,0.000000e+00,0.000000e+00,0.000000e+00,0.000000e+00,0.000000e+00,0.000000e+00
1.000000e+00,0.000000e+00,0.000000e+00,0.000000e+00,0.000000e+00,0.000000e+00,0.000000e+00,0.000000e+00,0.000000e+00,0.000000e+00,0.000000e+00,0.000000e+00,0.000000e+00,0.000000e+00,0.000000e+00
1.000000e+00,0.000000e+00,0.000000e+00,0.000000e+00,0.000000e+00,0.000000e+00,0.000000e+00,0.000000e+00,0.000000e+00,0.000000e+00,0.000000e+00,0.000000e+00,0.000000e+00,0.000000e+00,0.000000e+00
1.000000e+00,0.000000e+00,0.000000e+00,0.000000e+00,0.000000e+00,0.000000e+00,0.000000e+00,0.000000e+00,0.000000e+00,0.000000e+00,0.000000e+00,0.000000e+00,0.000000e+00,0.000000e+00,0.000000e+00
1.000000e+00,0.000000e+00,0.000000e+00,0.000000e+00,0.000000e+00,0.000000e+00,0.000000e+00,0.000000e+00,0.000000e+00,0.000000e+00,0.000000e+00,0.000000e+00,0.000000e+00,0.000000e+00,0.000000e+00
4.962475e-01,5.678993e-02,2.495808e-02,1.023594e-01,1.237647e-02,2.160215e-02,5.619212e-03,1.502389e-02,1.654551e-02,7.450276e-03,6.475475e-02,7.791851e-02,2.581666e-02,2.222978e-02,5.030798e-02
4.367574e-01,6.170589e-02,2.329933e-02,1.160995e-01,1.377808e-02,1.932138e-02,5.899969e-03,1.325247e-02,2.452377e-02,7.949536e-03,7.608135e-02,8.389800e-02,2.931041e-02,2.871149e-02,5.941146e-02
3.626763e-01,6.159815e-02,2.510624e-02,1.213356e-01,1.398528e-02,1.920428e-02,6.147476e-03,1.379323e-02,3.288924e-02,8.040242e-03,1.010509e-01,9.553905e-02,3.428221e-02,3.696961e-02,6.738229e-02
3.736881e-01,6.015884e-02,2.689628e-02,1.172681e-01,1.462584e-02,1.961531e-02,6.479428e-03,1.497357e-02,3.331968e-02,7.645995e-03,9.357889e-02,9.538109e-02,3.575470e-02,3.561366e-02,6.500044e-02
4.495181e-01,5.383242e-02,2.345490e-02,1.024727e-01,1.451332e-02,1.856656e-02,6.160667e-03,1.364530e-02,2.965281e-02,6.664371e-03,8.009571e-02,8.064033e-02,3.185382e-02,3.022968e-02,5.869932e-02
1.000000e+00,0.000000e+00,0.000000e+00,0.000000e+00,0.000000e+00,0.000000e+00,0.000000e+00,0.000000e+00,0.000000e+00,0.000000e+00,0.000000e+00,0.000000e+00,0.000000e+00,0.000000e+00,0.000000e+00
1.000000e+00,0.000000e+00,0.000000e+00,0.000000e+00,0.000000e+00,0.000000e+00,0.000000e+00,0.000000e+00,0.000000e+00,0.000000e+00,0.000000e+00,0.000000e+00,0.000000e+00,0.000000e+00,0.000000e+00
1.000000e+00,0.000000e+00,0.000000e+00,0.000000e+00,0.000000e+00,0.000000e+00,0.000000e+00,0.000000e+00,0.000000e+00,0.000000e+00,0.000000e+00,0.000000e+00,0.000000e+00,0.000000e+00,0.000000e+00
1.000000e+00,0.000000e+00,0.000000e+00,0.000000e+00,0.000000e+00,0.000000e+00,0.000000e+00,0.000000e+00,0.000000e+00,0.000000e+00,0.000000e+00,0.000000e+00,0.000000e+00,0.000000e+00,0.000000e+00
1.000000e+00,0.000000e+00,0.000000e+00,0.000000e+00,0.000000e+00,0.000000e+00,0.000000e+00,0.000000e+00,0.000000e+00,0.000000e+00,0.000000e+00,0.000000e+00,0.000000e+00,0.000000e+00,0.000000e+00
1.000000e+00,0.000000e+00,0.000000e+00,0.000000e+00,0.000000e+00,0.000000e+00,0.000000e+00,0.000000e+00,0.000000e+00,0.000000e+00,0.000000e+00,0.000000e+00,0.000000e+00,0.000000e+00,0.000000e+00
1.000000e+00,0.000000e+00,0.000000e+00,0.000000e+00,0.000000e+00,0.000000e+00,0.000000e+00,0.000000e+00,0.000000e+00,0.000000e+00,0.000000e+00,0.000000e+00,0.000000e+00,0.000000e+00,0.000000e+00
1.000000e+00,0.000000e+00,0.000000e+00,0.000000e+00,0.000000e+00,0.000000e+00,0.000000e+00,0.000000e+00,0.000000e+00,0.000000e+00,0.000000e+00,0.000000e+00,0.000000e+00,0.000000e+00,0.000000e+00
1.000000e+00,0.000000e+00,0.000000e+00,0.000000e+00,0.000000e+00,0.000000e+00,0.000000e+00,0.000000e+00,0.000000e+00,0.000000e+00,0.000000e+00,0.000000e+00,0.000000e+00,0.000000e+00,0.000000e+00
1.000000e+00,0.000000e+00,0.000000e+00,0.000000e+00,0.000000e+00,0.000000e+00,0.000000e+00,0.000000e+00,0.000000e+00,0.000000e+00,0.000000e+00,0.000000e+00,0.000000e+00,0.000000e+00,0.000000e+00
1.000000e+00,0.000000e+00,0.000000e+00,0.000000e+00,0.000000e+00,0.000000e+00,0.000000e+00,0.000000e+00,0.000000e+00,0.000000e+00,0.000000e+00,0.000000e+00,0.000000e+00,0.000000e+00,0.000000e+00
1.000000e+00,0.000000e+00,0.000000e+00,0.000000e+00,0.000000e+00,0.000000e+00,0.000000e+00,0.000000e+00,0.000000e+00,0.000000e+00,0.000000e+00,0.000000e+00,0.000000e+00,0.000000e+00,0.000000e+00
1.000000e+00,0.000000e+00,0.000000e+00,0.000000e+00,0.000000e+00,0.000000e+00,0.000000e+00,0.000000e+00,0.000000e+00,0.000000e+00,0.000000e+00,0.000000e+00,0.000000e+00,0.000000e+00,0.000000e+00
3.857454e-01,3.610541e-02,2.425244e-02,3.433929e-01,4.512799e-03,9.492101e-03,2.366757e-03,1.242037e-02,1.993374e-02,7.540382e-03,1.706385e-02,1.684708e-02,1.734954e-02,6.790587e-03,9.618661e-02
2.715020e-01,2.904973e-02,2.826414e-02,5.050805e-01,3.272733e-03,6.753774e-03,1.685592e-03,8.879947e-03,1.557388e-02,6.698247e-03,1.377945e-02,1.197781e-02,1.237227e-02,4.833125e-03,8.027684e-02
1.903306e-01,2.593124e-02,4.175244e-02,5.131557e-01,2.361550e-03,4.932211e-03,1.202037e-03,6.250609e-03,2.839529e-02,1.303960e-02,1.499285e-02,8.545013e-03,9.267285e-03,3.718622e-03,1.361250e-01
1.333047e-01,2.159012e-02,3.394154e-02,3.613947e-01,1.674083e-03,3.545732e-03,8.522411e-04,4.380471e-03,2.489072e-02,1.056201e-02,1.100655e-02,6.017297e-03,6.710480e-03,4.036937e-03,3.760924e-01
9.337389e-02,2.990588e-02,2.547663e-02,2.548315e-01,1.192571e-03,2.688439e-03,6.109944e-04,3.072587e-03,6.207977e-02,1.257251e-02,8.104890e-03,4.458549e-03,5.319882e-03,6.377405e-03,4.899345e-01
6.549169e-02,4.280361e-02,1.828887e-02,1.790034e-01,8.624265e-04,2.097540e-03,4.431232e-04,2.160951e-03,1.189185e-01,1.585728e-02,6.093811e-03,3.428638e-03,5.060417e-03,3.307680e-02,5.064129e-01
4.600292e-02,6.447655e-02,1.301002e-02,1.260514e-01,6.111929e-04,1.515374e-03,3.158938e-04,1.516766e-03,1.854854e-01,1.229550e-02,4.782484e-03,2.682495e-03,3.731123e-03,3.333913e-02,5.041838e-01
3.240564e-02,5.927375e-02,9.386582e-03,8.864089e-02,4.638886e-04,1.091953e-03,2.411919e-04,1.070506e-03,1.648743e-01,9.964270e-03,5.235645e-03,3.950939e-03,3.174325e-03,6.522712e-02,5.549989e-01
2.366678e-02,4.353602e-02,6.968041e-03,6.227597e-02,7.899062e-04,8.402087e-04,2.053147e-04,7.988498e-04,1.371307e-01,9.777980e-03,1.096242e-02,6.036750e-03,5.103312e-03,2.116733e-01,4.802344e-01
2.613345e-02,3.303963e-02,5.264937e-03,4.413239e-02,1.538675e-03,9.165405e-04,2.062253e-04,7.904462e-04,1.138323e-01,1.290509e-02,1.394253e-02,6.021512e-03,6.665340e-03,3.043731e-01,4.302378e-01
2.105506e-02,3.595750e-02,4.051126e-03,3.155039e-02,1.698851e-03,1.561075e-03,2.206974e-04,7.644923e-04,9.567475e-02,1.333831e-02,1.404447e-02,5.216419e-03,7.618750e-03,2.770967e-01,4.901514e-01
1.697214e-02,4.901491e-02,3.880503e-03,2.345815e-02,1.554750e-03,2.771475e-03,3.037810e-04,7.935413e-04,1.094613e-01,1.820795e-02,1.465859e-02,8.688839e-03,1.752896e-02,2.267973e-01,5.059078e-01
1.291078e-02,4.522914e-02,4.358483e-03,1.690804e-02,1.200110e-03,4.394044e-03,3.315660e-04,6.783285e-04,1.011911e-01,1.628021e-02,2.432400e-02,1.931522e-02,8.169815e-02,1.837952e-01,4.873857e-01
9.345323e-03,3.901132e-02,5.110293e-03,1.484527e-02,1.340302e-03,6.096664e-03,4.986308e-04,1.461782e-03,1.073777e-01,1.989621e-02,5.791865e-02,1.868690e-02,9.560239e-02,1.632746e-01,4.595340e-01
7.579278e-03,1.701092e-01,9.757569e-03,2.410498e-02,1.230802e-03,8.901838e-03,4.555739e-04,1.441782e-03,1.281884e-01,1.918531e-02,4.951666e-02,2.366859e-02,8.881833e-02,1.234714e-01,3.435703e-01
6.399882e-03,1.339626e-01,8.135826e-03,1.932449e-02,1.204410e-03,7.181838e-03,3.681482e-04,1.439777e-03,1.532058e-01,2.161379e-02,5.467611e-02,2.666192e-02,1.014570e-01,1.440554e-01,3.203130e-01
8.687850e-03,1.214342e-01,8.164667e-03,1.790289e-02,2.547809e-03,6.076378e-03,3.265749e-04,2.057715e-03,1.567150e-01,2.038462e-02,6.324327e-02,2.607220e-02,1.084569e-01,1.622711e-01,2.956589e-01
7.015456e-03,8.770204e-02,9.392096e-03,1.314376e-02,2.298776e-03,5.640178e-03,3.017543e-04,1.624418e-03,1.174184e-01,2.608909e-02,7.835419e-02,2.203859e-02,9.394293e-02,1.401492e-01,3.948892e-01
6.558739e-03,6.314035e-02,9.600894e-03,9.689411e-03,4.087137e-03,4.372887e-03,3.340122e-04,2.104966e-03,8.575327e-02,2.305320e-02,8.810389e-02,1.689100e-02,7.861164e-02,1.238457e-01,4.838530e-01
6.256836e-03,4.508445e-02,3.099905e-02,7.689592e-03,8.185940e-03,4.205775e-03,4.836497e-04,2.095771e-03,6.520720e-02,4.515461e-02,8.216252e-02,1.331952e-02,6.808865e-02,1.385570e-01,4.825094e-01
5.964199e-03,3.278613e-02,4.868252e-02,7.637013e-03,8.463904e-03,3.983201e-03,6.012294e-04,2.816976e-03,5.136551e-02,3.915901e-02,8.594256e-02,1.186098e-02,6.278803e-02,1.551142e-01,4.828346e-01
6.484857e-03,2.455019e-02,8.120473e-02,6.173088e-03,7.024376e-03,1.116940e-02,1.407242e-03,5.007269e-03,4.197735e-02,6.715922e-02,1.045728e-01,1.185726e-02,5.809323e-02,1.746191e-01,3.986999e-01
5.991672e-03,1.772920e-02,1.334936e-01,5.957072e-03,1.784024e-02,1.065238e-02,9.511810e-03,1.623988e-02,3.879870e-02,7.033388e-02,1.003070e-01,1.111370e-02,4.673014e-02,2.205556e-01,2.947452e-01
6.497924e-03,1.330517e-02,2.156730e-01,5.983877e-03,3.879854e-02,1.918675e-02,2.200063e-02,1.573533e-02,3.882914e-02,6.899223e-02,7.990557e-02,9.134160e-03,3.742243e-02,2.000220e-01,2.285133e-01
1.331549e-02,1.345706e-02,1.720683e-01,8.240845e-03,1.314914e-01,4.396606e-02,6.869744e-02,1.494224e-02,5.495057e-02,6.649604e-02,5.904332e-02,6.567970e-03,2.880346e-02,1.526562e-01,1.653036e-01
1.624837e-02,1.162698e-02,1.341975e-01,1.217309e-02,1.569161e-01,6.627969e-02,7.199886e-02,1.332708e-02,1.648248e-01,5.485830e-02,4.255965e-02,4.740770e-03,2.606982e-02,1.074306e-01,1.167485e-01
1.602682e-02,9.364857e-03,1.064682e-01,2.674252e-02,2.010629e-01,1.303564e-01,1.069999e-01,1.705845e-02,1.339630e-01,4.060456e-02,3.099171e-02,3.417082e-03,1.958995e-02,7.544675e-02,8.190700e-02
1.761099e-02,8.646804e-03,7.654583e-02,2.274869e-02,2.236508e-01,2.399637e-01,1.051121e-01,1.696986e-02,1.032135e-01,3.287163e-02,2.411791e-02,2.621079e-03,1.458992e-02,5.298324e-02,5.835401e-02
1.974003e-02,8.054223e-03,6.049640e-02,2.243556e-02,2.083077e-01,2.418474e-01,1.366377e-01,3.626125e-02,9.562952e-02,2.912240e-02,2.063364e-02,2.166812e-03,3.889538e-02,3.716691e-02,4.260517e-02
2.155155e-02,9.929992e-03,4.698526e-02,1.923689e-02,1.710509e-01,1.970902e-01,1.444897e-01,9.424788e-02,8.896060e-02,2.526698e-02,1.925046e-02,2.102310e-03,1.018664e-01,2.609557e-02,3.187530e-02
2.185085e-02,9.644276e-03,3.472603e-02,1.404583e-02,1.582002e-01,1.542345e-01,1.845477e-01,1.583014e-01,9.322231e-02,2.020324e-02,1.560389e-02,2.427002e-03,8.144339e-02,1.843178e-02,3.311764e-02
2.785308e-02,9.615229e-03,2.702167e-02,1.072832e-02,1.419187e-01,1.182343e-01,1.849456e-01,2.538265e-01,8.427545e-02,2.202673e-02,1.245747e-02,2.563010e-03,6.265265e-02,1.300347e-02,2.887792e-02
3.849529e-02,1.207384e-02,2.189938e-02,1.044705e-02,1.345217e-01,9.000936e-02,1.545685e-01,3.297063e-01,9.743588e-02,2.005490e-02,9.753536e-03,2.466498e-03,4.677027e-02,9.199200e-03,2.259830e-02
4.678820e-02,1.239529e-02,2.033106e-02,1.023158e-02,1.215056e-01,7.104813e-02,1.636870e-01,3.273513e-01,1.198106e-01,1.945523e-02,7.529867e-03,3.236556e-03,5.177757e-02,6.512280e-03,1.833970e-02
6.190009e-02,1.386794e-02,2.199741e-02,1.281269e-02,1.121477e-01,5.315310e-02,2.013713e-01,2.783924e-01,1.446222e-01,2.234045e-02,6.092565e-03,4.117410e-03,4.720661e-02,4.717724e-03,1.526041e-02
7.744195e-02,1.859618e-02,5.293525e-02,1.577234e-02,1.076911e-01,4.357971e-02,2.185519e-01,2.126051e-01,1.478414e-01,2.892223e-02,5.099501e-03,4.682471e-03,4.631644e-02,3.470695e-03,1.649382e-02
8.771901e-02,2.074278e-02,1.090300e-01,1.315410e-02,9.625901e-02,3.384846e-02,2.245423e-01,1.831375e-01,1.442464e-01,2.409176e-02,3.933376e-03,3.709995e-03,3.736966e-02,2.556555e-03,1.565921e-02
1.096552e-01,2.359940e-02,1.530369e-01,1.278066e-02,8.464199e-02,2.737818e-02,2.144966e-01,1.500887e-01,1.302243e-01,2.497487e-02,3.290589e-03,3.465618e-03,4.339642e-02,2.103095e-03,1.686755e-02
1.127804e-01,2.882594e-02,1.560805e-01,1.167857e-02,7.020283e-02,4.577255e-02,2.132180e-01,1.248806e-01,1.102172e-01,4.552623e-02,5.118358e-03,6.542321e-03,4.769517e-02,2.159015e-03,1.930229e-02
8.919254e-02,2.426906e-02,1.214658e-01,1.390781e-02,5.301021e-02,2.053266e-01,1.562624e-01,8.786959e-02,8.047069e-02,6.905462e-02,9.412946e-03,2.596539e-02,4.111542e-02,2.113610e-03,2.056336e-02
6.527647e-02,2.080190e-02,8.860612e-02,1.714090e-02,3.861089e-02,2.028438e-01,1.397371e-01,6.173527e-02,5.837372e-02,8.672829e-02,1.454466e-02,6.965645e-02,8.452209e-02,2.383571e-03,4.903877e-02
4.653379e-02,1.524363e-02,6.488964e-02,1.449414e-02,2.789895e-02,1.597837e-01,1.046378e-01,4.352482e-02,4.327087e-02,1.134392e-01,2.969254e-02,7.063077e-02,1.464002e-01,3.352253e-03,1.162077e-01
3.484527e-02,1.150425e-02,4.915831e-02,1.317779e-02,2.085154e-02,1.188273e-01,7.758056e-02,3.115295e-02,3.709855e-02,1.448869e-01,2.839562e-02,1.043607e-01,1.639194e-01,5.318341e-03,1.589226e-01
2.635513e-02,1.119476e-02,3.811088e-02,1.114687e-02,1.731581e-02,8.471174e-02,8.217598e-02,2.288255e-02,3.541040e-02,1.243015e-01,2.153747e-02,1.738169e-01,1.474471e-01,4.856895e-03,1.987360e-01
2.070040e-02,1.233677e-02,4.362142e-02,2.059015e-02,1.545101e-02,6.499597e-02,5.977700e-02,1.731240e-02,3.519273e-02,1.033538e-01,1.603310e-02,1.981164e-01,2.013676e-01,4.518484e-03,1.866329e-01
1.520514e-02,9.541439e-03,3.197109e-02,1.622716e-02,1.162262e-02,4.758422e-02,4.564407e-02,1.372167e-02,2.713284e-02,8.493997e-02,1.720834e-02,2.951280e-01,1.737338e-01,5.129688e-03,2.052099e-01
1.637541e-02,9.754797e-03,3.638994e-02,1.860757e-02,1.606924e-02,3.559476e-02,3.684541e-02,3.416790e-02,2.236862e-02,7.352451e-02,1.700346e-02,2.998481e-01,1.412104e-01,5.334523e-03,2.369053e-01
1.381830e-02,1.010051e-02,3.555959e-02,2.525421e-02,2.051783e-02,3.255864e-02,2.677846e-02,2.645626e-02,3.328117e-02,1.038655e-01,4.297192e-02,2.742372e-01,1.511573e-01,1.030818e-02,1.931349e-01
1.477956e-02,1.396446e-02,3.548113e-02,4.152944e-02,2.444465e-02,3.131446e-02,1.980878e-02,2.181374e-02,4.123412e-02,8.582818e-02,5.763227e-02,2.336476e-01,2.049917e-01,9.836189e-03,1.636937e-01
1.200597e-02,1.182220e-02,2.679235e-02,3.191504e-02,1.884561e-02,2.387639e-02,1.430204e-02,1.648802e-02,3.325048e-02,7.507289e-02,8.186533e-02,1.855104e-01,2.851836e-01,7.625659e-03,1.754440e-01
8.855564e-03,8.389533e-03,1.926634e-02,2.269118e-02,1.635856e-02,1.699741e-02,1.380301e-02,1.609092e-02,2.414913e-02,5.408601e-02,6.158137e-02,1.457342e-01,3.535857e-01,5.735507e-03,2.326756e-01
7.314982e-03,6.349733e-03,1.511627e-02,1.664427e-02,1.453723e-02,1.257722e-02,1.023617e-02,1.612263e-02,1.911982e-02,3.953049e-02,5.136809e-02,1.152928e-01,4.721895e-01,4.640647e-03,1.989600e-01
1.151048e-02,4.674696e-03,1.430445e-02,1.396097e-02,1.504738e-02,9.758954e-03,7.760394e-03,7.997061e-02,1.477481e-02,2.894304e-02,4.856098e-02,1.219226e-01,4.477438e-01,4.671440e-03,1.763954e-01
1.714373e-02,3.582107e-03,1.188431e-02,1.351698e-02,1.459513e-02,1.469449e-02,5.846730e-03,7.116728e-02,1.216122e-02,2.241091e-02,4.136708e-02,1.115648e-01,4.950486e-01,3.727557e-03,1.612889e-01
1.644708e-02,3.785803e-03,1.980279e-02,7.721043e-02,2.284967e-02,7.186351e-02,4.345525e-03,7.422898e-02,1.985053e-02,2.084751e-02,4.736749e-02,8.787008e-02,4.138036e-01,2.999496e-03,1.167274e-01
1.399510e-02,3.438971e-03,1.642181e-02,8.139186e-02,2.207383e-02,6.921211e-02,3.263359e-03,6.212942e-02,3.322120e-02,1.713580e-02,6.294733e-02,8.947982e-02,4.386222e-01,2.755015e-03,8.391211e-02
1.725961e-02,3.450140e-03,1.368708e-02,6.584309e-02,4.069174e-02,5.257372e-02,3.182642e-03,5.795171e-02,5.262292e-02,1.596759e-02,1.303645e-01,8.623907e-02,3.868854e-01,2.451511e-03,7.082924e-02
1.349591e-02,1.092843e-02,1.078165e-02,4.682992e-02,3.107588e-02,3.999881e-02,2.401575e-03,4.300625e-02,2.971691e-01,1.191488e-02,9.910537e-02,6.295576e-02,2.772155e-01,1.747790e-03,5.137308e-02
1.128060e-02,1.415497e-02,8.716895e-03,3.409175e-02,2.573264e-02,3.038092e-02,1.893533e-03,3.100166e-02,4.860754e-01,8.754492e-03,7.007684e-02,4.453461e-02,1.947202e-01,1.238320e-03,3.734710e-02
2.515979e-02,1.567332e-02,2.111695e-02,3.146502e-02,6.190469e-02,2.420799e-02,3.448392e-03,2.886304e-02,5.343040e-01,8.129258e-03,4.964614e-02,3.144338e-02,1.367757e-01,9.215624e-04,2.694077e-02
4.453763e-02,2.463790e-02,1.938315e-02,2.308782e-02,8.896135e-02,2.905792e-02,4.048194e-03,2.170734e-02,5.603328e-01,7.156372e-03,3.627487e-02,2.279084e-02,9.683345e-02,7.400197e-04,2.045035e-02
7.101668e-02,3.469136e-02,2.274192e-02,2.204002e-02,1.184421e-01,3.320150e-02,7.624904e-03,1.776962e-02,5.192707e-01,1.062913e-02,2.936427e-02,1.783696e-02,7.067566e-02,7.550088e-04,2.394013e-02
7.003374e-02,4.082701e-02,2.283764e-02,4.083762e-02,1.459851e-01,3.034111e-02,1.631138e-02,1.654918e-02,4.881188e-01,1.105624e-02,2.260442e-02,1.509809e-02,5.322032e-02,6.257333e-04,2.555350e-02
9.790334e-02,3.293313e-02,1.799622e-02,3.573504e-02,1.928685e-01,2.571012e-02,1.779329e-02,1.464501e-02,4.640448e-01,8.066276e-03,1.710228e-02,1.323197e-02,4.256937e-02,5.113740e-04,1.888923e-02
1.064441e-01,3.056578e-02,1.457683e-02,4.531888e-02,2.316021e-01,2.062972e-02,3.918188e-02,3.150115e-02,3.977375e-01,6.531080e-03,1.362235e-02,1.067576e-02,3.629971e-02,4.425974e-04,1.487058e-02
1.184752e-01,3.330230e-02,1.397865e-02,5.583998e-02,2.659378e-01,1.974620e-02,6.143678e-02,3.823675e-02,2.961131e-01,1.142021e-02,1.420893e-02,1.433536e-02,3.737427e-02,8.036450e-04,1.879084e-02
1.324002e-01,2.862134e-02,1.210648e-02,4.867122e-02,2.644166e-01,1.565709e-02,5.805245e-02,9.620896e-02,2.546437e-01,1.023299e-02,1.346529e-02,1.805389e-02,3.112686e-02,9.160709e-04,1.542689e-02
1.267574e-01,2.208761e-02,1.475244e-02,3.769719e-02,2.212038e-01,1.272276e-02,5.372991e-02,2.468412e-01,1.895163e-01,8.147192e-03,1.138180e-02,1.756104e-02,2.545730e-02,7.703021e-04,1.137362e-02
1.165640e-01,1.662274e-02,1.254883e-02,2.832873e-02,1.711253e-01,1.079142e-02,4.107501e-02,4.094804e-01,1.368440e-01,6.259000e-03,9.085035e-03,1.332546e-02,1.900990e-02,6.268305e-04,8.313287e-03
9.281145e-02,1.231580e-02,1.272131e-02,2.157161e-02,1.239010e-01,1.500498e-02,3.055346e-02,5.514120e-01,9.726982e-02,4.691658e-03,6.982616e-03,9.844865e-03,1.362306e-02,5.709211e-04,6.725552e-03
1.059134e-01,1.016276e-02,1.088973e-02,1.879955e-02,8.891530e-02,1.720718e-02,2.206071e-02,6.033945e-01,7.097654e-02,6.218181e-03,9.387223e-03,1.203395e-02,1.554000e-02,7.645631e-04,7.736503e-03
1.038205e-01,8.316146e-03,9.467177e-03,1.814846e-02,6.367636e-02,1.995006e-02,1.576197e-02,6.280733e-01,5.146771e-02,6.835763e-03,1.318023e-02,2.667751e-02,2.489413e-02,1.304751e-03,8.426009e-03
1.078947e-01,8.563334e-03,2.941990e-02,5.312331e-02,5.281556e-02,2.313807e-02,1.174219e-02,5.175864e-01,4.434035e-02,1.170001e-02,3.103450e-02,5.950501e-02,3.789179e-02,1.568502e-03,9.676464e-03
1.125639e-01,7.076609e-03,2.274936e-02,4.676412e-02,3.962766e-02,1.744094e-02,8.586796e-03,5.629947e-01,3.735900e-02,1.026530e-02,3.419766e-02,5.414263e-02,3.366541e-02,2.020556e-03,1.054535e-02
2.134246e-01,5.433652e-03,1.681395e-02,3.535700e-02,2.855635e-02,1.421685e-02,6.355513e-03,5.294987e-01,3.113928e-02,7.625692e-03,3.021033e-02,4.184750e-02,2.667142e-02,2.316624e-03,1.053257e-02
2.517343e-01,4.373107e-03,1.455480e-02,3.896964e-02,2.150190e-02,1.266574e-02,4.735037e-03,5.083539e-01,3.176355e-02,6.227717e-03,3.037139e-02,3.749605e-02,2.525480e-02,2.246132e-03,9.751975e-03
2.409058e-01,3.753335e-03,1.682255e-02,5.519257e-02,1.701046e-02,1.370738e-02,3.579731e-03,4.911671e-01,3.351260e-02,5.943265e-03,3.405076e-02,3.912057e-02,3.440656e-02,2.075850e-03,8.751442e-03
2.999420e-01,4.301696e-03,1.427678e-02,7.237419e-02,1.384465e-02,1.630000e-02,2.931538e-03,3.584315e-01,3.524745e-02,4.885097e-03,4.570734e-02,6.225774e-02,5.971579e-02,2.284481e-03,7.499753e-03
3.713574e-01,4.215404e-03,1.116354e-02,6.145711e-02,1.183204e-02,1.733497e-02,2.544560e-03,2.722261e-01,3.317587e-02,4.482219e-03,5.204553e-02,5.995069e-02,8.579493e-02,3.206842e-03,9.212753e-03
4.323614e-01,5.118858e-03,1.068352e-02,5.462276e-02,1.275861e-02,1.572732e-02,2.328359e-03,1.968012e-01,3.417701e-02,4.564148e-03,5.207790e-02,6.634851e-02,1.001343e-01,3.772335e-03,8.523786e-03
3.833617e-01,5.129454e-03,1.183561e-02,4.191827e-02,3.655005e-02,1.278062e-02,4.170465e-03,1.705467e-01,3.429906e-02,4.687771e-03,7.665798e-02,5.774681e-02,1.485531e-01,3.781631e-03,7.980737e-03
3.715001e-01,6.243685e-03,1.086631e-02,4.525156e-02,5.207466e-02,1.271349e-02,4.695079e-03,1.333930e-01,3.822099e-02,5.152926e-03,7.278778e-02,5.099116e-02,1.829758e-01,4.312136e-03,8.821324e-03
3.429518e-01,6.480008e-03,8.971453e-03,3.622485e-02,5.420670e-02,1.368734e-02,4.640291e-03,9.676343e-02,3.293029e-02,6.047660e-03,6.479164e-02,5.483126e-02,2.582049e-01,5.577627e-03,1.369080e-02
3.048945e-01,6.730004e-03,8.763180e-03,2.945933e-02,6.039840e-02,1.288861e-02,4.555430e-03,7.325532e-02,3.917392e-02,6.731416e-03,5.868128e-02,5.393272e-02,3.214713e-01,4.642594e-03,1.442194e-02
2.783372e-01,2.708713e-02,2.423336e-02,6.900745e-02,7.810035e-02,1.326389e-02,4.279876e-03,5.780534e-02,5.873634e-02,1.058655e-02,4.816151e-02,4.785389e-02,2.651265e-01,5.126429e-03,1.229425e-02
2.467622e-01,2.206025e-02,1.943213e-02,5.741229e-02,7.716144e-02,1.594534e-02,3.446889e-03,4.332883e-02,5.534900e-02,9.337883e-03,7.292932e-02,5.294799e-02,3.018162e-01,9.499778e-03,1.257048e-02
3.187039e-01,1.875743e-02,2.243985e-02,5.053999e-02,6.817614e-02,1.491324e-02,3.041838e-03,3.332117e-02,4.996624e-02,1.057776e-02,7.316968e-02,5.285161e-02,2.596033e-01,1.293270e-02,1.100527e-02
3.403030e-01,1.476811e-02,1.794659e-02,3.695429e-02,5.589585e-02,1.452038e-02,2.373331e-03,2.497748e-02,4.188841e-02,1.113315e-02,1.070236e-01,5.948383e-02,2.300912e-01,3.382490e-02,8.816050e-03
2.870138e-01,1.222211e-02,1.476640e-02,2.715705e-02,4.620802e-02,1.419529e-02,1.862657e-03,1.842398e-02,3.859427e-02,1.110429e-02,1.238333e-01,9.662178e-02,2.187505e-01,8.104821e-02,8.198481e-03
3.441446e-01,1.106488e-02,1.720766e-02,2.036990e-02,3.485654e-02,3.241952e-02,2.278745e-03,1.436312e-02,4.002236e-02,9.890895e-03,1.100774e-01,8.896942e-02,1.713138e-01,8.582754e-02,1.719373e-02
2.618039e-01,1.374195e-02,2.107622e-02,2.333479e-02,2.588235e-02,4.137803e-02,1.879896e-03,1.137919e-02,6.659102e-02,2.485976e-02,1.804421e-01,7.373753e-02,1.298304e-01,1.002447e-01,2.381819e-02
1.902003e-01,1.144695e-02,2.121112e-02,1.917589e-02,2.026864e-02,3.143449e-02,1.495649e-03,9.032834e-03,1.118271e-01,2.255118e-02,1.969177e-01,9.075503e-02,1.029079e-01,1.381174e-01,3.265794e-02
1.417315e-01,8.589244e-03,1.595318e-02,1.591641e-02,1.498456e-02,2.346409e-02,1.164193e-03,6.883556e-03,1.762092e-01,2.277399e-02,2.274243e-01,8.673957e-02,7.741715e-02,1.545615e-01,2.618746e-02
1.056934e-01,6.664997e-03,1.213350e-02,1.256504e-02,1.149846e-02,1.781273e-02,9.001198e-04,5.133428e-03,2.057010e-01,2.351201e-02,2.297009e-01,6.899742e-02,5.779697e-02,2.220633e-01,1.982677e-02
8.041466e-02,5.958173e-03,9.850335e-03,1.026263e-02,8.942286e-03,1.586112e-02,6.995498e-04,4.265442e-03,2.101288e-01,2.646686e-02,2.318465e-01,5.195432e-02,4.199311e-02,2.842544e-01,1.710184e-02
6.151318e-02,4.597271e-03,1.348551e-02,9.497846e-03,6.813630e-03,4.550235e-02,7.051463e-04,8.061721e-03,2.803334e-01,3.022632e-02,2.036245e-01,3.701325e-02,3.024550e-02,2.558088e-01,1.257164e-02
5.787395e-02,3.711612e-03,1.877329e-02,8.947681e-03,5.865769e-03,8.693343e-02,6.870672e-04,9.311245e-03,3.076607e-01,2.813259e-02,1.817016e-01,2.634681e-02,2.185750e-02,2.323148e-01,9.881909e-03
5.157195e-02,3.620693e-03,1.474558e-02,8.681001e-03,4.545562e-03,1.372791e-01,5.485282e-04,7.400774e-03,2.601773e-01,2.123333e-02,2.061309e-01,1.896401e-02,1.566630e-02,2.403215e-01,9.113446e-03
4.279462e-02,3.699444e-03,1.143372e-02,8.987777e-03,4.155564e-03,1.550643e-01,5.912690e-04,6.416935e-03,2.174385e-01,1.773446e-02,2.446972e-01,1.413571e-02,1.139386e-02,2.527033e-01,8.753292e-03
3.316225e-02,7.310543e-03,1.213269e-02,8.778375e-03,5.911453e-03,1.726011e-01,4.946573e-04,4.877312e-03,1.804502e-01,1.731332e-02,3.093977e-01,1.337555e-02,9.074047e-03,2.088625e-01,1.625828e-02
2.401328e-02,5.898958e-03,1.614822e-02,1.190469e-02,7.763932e-03,1.247544e-01,4.725198e-04,6.951777e-03,2.491259e-01,2.508845e-02,2.959152e-01,1.272723e-02,7.265538e-03,1.980804e-01,1.388959e-02
1.879808e-02,4.790660e-03,1.985338e-02,1.096834e-02,7.964926e-03,9.466865e-02,4.178561e-04,8.425649e-03,3.234845e-01,2.742656e-02,2.704826e-01,1.074702e-02,5.844078e-03,1.833292e-01,1.279862e-02
1.713939e-02,6.813854e-03,1.556153e-02,2.134333e-02,7.201133e-03,7.688235e-02,3.477534e-04,6.496220e-03,4.253721e-01,2.103180e-02,2.105251e-01,7.769349e-03,6.140712e-03,1.643293e-01,1.304604e-02
1.375114e-02,5.793077e-03,1.142846e-02,2.251911e-02,6.897158e-03,5.578002e-02,3.102573e-04,4.756249e-03,4.920114e-01,1.740086e-02,1.745411e-01,5.736792e-03,5.079154e-03,1.714897e-01,1.250551e-02
1.389460e-02,6.498034e-03,9.378118e-03,1.929181e-02,1.368786e-02,4.213031e-02,6.377647e-04,5.269175e-03,3.645447e-01,2.144094e-02,2.948494e-01,1.444430e-02,1.301548e-02,1.694950e-01,1.142247e-02
1.383629e-02,5.682634e-03,1.040621e-02,3.457528e-02,1.751718e-02,3.499687e-02,7.809425e-04,1.816609e-02,2.917260e-01,2.209829e-02,3.235097e-01,2.446334e-02,2.145971e-02,1.694945e-01,1.128698e-02
1.786725e-02,8.888454e-03,2.451435e-02,3.725439e-02,5.405346e-02,2.770889e-02,9.784985e-04,1.950905e-02,2.325705e-01,1.725250e-02,3.671075e-01,2.457602e-02,2.387278e-02,1.334123e-01,1.043417e-02
1.617953e-02,1.550895e-02,3.800803e-02,2.388528e-01,6.107679e-02,2.007857e-02,9.707256e-04,1.473097e-02,1.836868e-01,1.237953e-02,2.615655e-01,1.745363e-02,1.717176e-02,9.442120e-02,7.915217e-03
2.072831e-02,1.621592e-02,3.952843e-02,3.700330e-01,7.498316e-02,1.544685e-02,8.789205e-04,1.165463e-02,1.533484e-01,9.421275e-03,1.883193e-01,1.253692e-02,1.272113e-02,6.775465e-02,6.429124e-03
5.848161e-02,3.090901e-02,1.016905e-01,3.279494e-01,9.587490e-02,1.889555e-02,2.590668e-03,1.088840e-02,1.212992e-01,7.477155e-03,1.473290e-01,9.587500e-03,9.852368e-03,4.944581e-02,7.728882e-03
4.629383e-02,3.767074e-02,1.272123e-01,4.104625e-01,9.693025e-02,1.584468e-02,3.845038e-03,8.878864e-03,8.808523e-02,5.536514e-03,1.039247e-01,6.864579e-03,7.136197e-03,3.491091e-02,6.403575e-03
6.414591e-02,4.932114e-02,1.174377e-01,3.629046e-01,1.705958e-01,2.316113e-02,7.277423e-03,1.216824e-02,6.591281e-02,4.442560e-03,7.649998e-02,5.513805e-03,5.988623e-03,2.600966e-02,8.620509e-03
9.395744e-02,6.250432e-02,9.996734e-02,3.098471e-01,2.010824e-01,4.021237e-02,1.052567e-02,2.128285e-02,5.214451e-02,3.674107e-03,6.282593e-02,6.033910e-03,6.458547e-03,2.054335e-02,8.940106e-03
8.024318e-02,1.291455e-01,8.293912e-02,3.823708e-01,1.475059e-01,2.972409e-02,7.564139e-03,1.556533e-02,3.922508e-02,3.341963e-03,4.940176e-02,4.744099e-03,5.428927e-03,1.456230e-02,8.237820e-03
1.361474e-01,1.604950e-01,6.786946e-02,3.099208e-01,1.230472e-01,2.978284e-02,6.069602e-03,1.440124e-02,3.386265e-02,6.122847e-03,6.328590e-02,1.008210e-02,9.133143e-03,1.234006e-02,1.743983e-02
9.913886e-02,1.517050e-01,6.304848e-02,2.306118e-01,8.797330e-02,2.490855e-02,4.425887e-03,1.078056e-02,5.373061e-02,7.296930e-02,9.663554e-02,2.530712e-02,4.271001e-02,1.720225e-02,1.885278e-02
7.272714e-02,1.627226e-01,5.298760e-02,1.740247e-01,6.384216e-02,2.120507e-02,3.323182e-03,8.377898e-03,9.451918e-02,7.724862e-02,1.028165e-01,6.055489e-02,5.629230e-02,2.439918e-02,2.495894e-02
5.711411e-02,1.196185e-01,3.938735e-02,1.256498e-01,4.528010e-02,1.592340e-02,2.666650e-03,7.004258e-03,7.450592e-02,9.427622e-02,1.917225e-01,1.222791e-01,4.374044e-02,4.246855e-02,1.836320e-02
4.299802e-02,8.539487e-02,2.820132e-02,9.182163e-02,3.253641e-02,1.150704e-02,1.969952e-03,5.202555e-03,5.537048e-02,7.101110e-02,2.811853e-01,1.993466e-01,3.601770e-02,4.424367e-02,1.319339e-02
3.165805e-02,6.059263e-02,2.023780e-02,6.592788e-02,2.395225e-02,8.302141e-03,1.403785e-03,3.769424e-03,4.092312e-02,5.278340e-02,3.956234e-01,2.233245e-01,2.769807e-02,3.444660e-02,9.356947e-03
2.507747e-02,4.460036e-02,1.486100e-02,5.034583e-02,4.528807e-02,6.389233e-03,1.169102e-03,3.536131e-03,3.119978e-02,7.309484e-02,3.738111e-01,2.769805e-01,2.038754e-02,2.626734e-02,6.991662e-03
1.958941e-02,3.394957e-02,1.090505e-02,3.727841e-02,9.513922e-02,4.947838e-03,9.649727e-04,3.570586e-03,2.881989e-02,5.784149e-02,3.525988e-01,3.142597e-01,1.490007e-02,2.014908e-02,5.085907e-03
1.427619e-02,3.241973e-02,9.441155e-03,2.673357e-02,8.337509e-02,3.809203e-03,7.429381e-04,3.385424e-03,3.104039e-02,4.558370e-02,3.124018e-01,4.029803e-01,1.127721e-02,1.889726e-02,3.635992e-03
1.141910e-02,3.092605e-02,9.973765e-03,2.018564e-02,1.384477e-01,4.240939e-03,9.370258e-04,8.516692e-03,3.251947e-02,3.833494e-02,2.578868e-01,4.169715e-01,9.266414e-03,1.772290e-02,2.651008e-03
8.947634e-03,2.364876e-02,7.849316e-03,1.469708e-02,1.237230e-01,3.798147e-03,9.693074e-04,7.466653e-03,2.730682e-02,3.454608e-02,2.951357e-01,4.156506e-01,7.781028e-03,2.646727e-02,2.012557e-03
6.956135e-03,1.806017e-02,6.155158e-03,1.052041e-02,9.404673e-02,3.337920e-03,8.925374e-04,5.576874e-03,2.145128e-02,3.570308e-02,4.006732e-01,3.569057e-01,6.565660e-03,3.157326e-02,1.581935e-03
6.185927e-03,1.637167e-02,5.337886e-03,7.727350e-03,6.961609e-02,3.269551e-03,8.088888e-04,4.286071e-03,1.915359e-02,4.388743e-02,4.535168e-01,3.176661e-01,6.046550e-03,4.456653e-02,1.559513e-03
6.787864e-03,1.286545e-02,5.967395e-03,5.567791e-03,4.939524e-02,1.153799e-02,9.785385e-04,3.557153e-03,1.470453e-02,4.531389e-02,5.528996e-01,2.462340e-01,5.181363e-03,3.730195e-02,1.707205e-03
5.228192e-03,9.654864e-03,4.666353e-03,3.928373e-03,3.516385e-02,8.752736e-03,7.604022e-04,2.597498e-03,1.183682e-02,3.748271e-02,6.557127e-01,1.879781e-01,3.910079e-03,3.098198e-02,1.345263e-03
4.246111e-03,7.141341e-03,3.459743e-03,2.856509e-03,2.553272e-02,6.952850e-03,6.994822e-04,2.111040e-03,1.391513e-02,4.244553e-02,7.231054e-01,1.373945e-01,3.071294e-03,2.584854e-02,1.219759e-03
1.172123e-02,1.469102e-02,4.681142e-02,3.214792e-02,2.942737e-02,1.711966e-02,1.158722e-03,2.999233e-02,8.026630e-02,3.924083e-02,5.694587e-01,1.014708e-01,3.523182e-03,2.072926e-02,2.241080e-03
1.223524e-02,1.777614e-02,4.718577e-02,4.481263e-02,2.784033e-02,2.176560e-02,1.149954e-03,2.307599e-02,2.643375e-01,2.889526e-02,4.192246e-01,7.163981e-02,2.765910e-03,1.544738e-02,1.847755e-03
1.024663e-02,1.886048e-02,4.116256e-02,5.275345e-02,3.874305e-02,1.733153e-02,8.814303e-04,1.646850e-02,4.197057e-01,2.206484e-02,2.965052e-01,5.025703e-02,2.051677e-03,1.132941e-02,1.638450e-03
1.530195e-02,1.938266e-02,3.596859e-02,4.792164e-02,1.296963e-01,1.883163e-02,1.153286e-03,1.190875e-02,4.380209e-01,1.923329e-02,2.149016e-01,3.531319e-02,1.693821e-03,8.579354e-03,2.093041e-03
1.605448e-02,2.330538e-02,5.557277e-02,2.413147e-01,1.058994e-01,1.617828e-02,1.404108e-03,9.591673e-03,3.238018e-01,1.816815e-02,1.518368e-01,2.481843e-02,1.436046e-03,6.298648e-03,4.319380e-03
4.535057e-02,2.856579e-02,6.380568e-02,2.522202e-01,1.038244e-01,1.850966e-02,3.612691e-03,1.712399e-02,2.840066e-01,1.695469e-02,1.123751e-01,1.923621e-02,5.177695e-03,7.099121e-03,2.213766e-02
6.832362e-02,4.279126e-02,6.955481e-02,2.474265e-01,1.072170e-01,2.064645e-02,5.197081e-03,2.018769e-02,2.507682e-01,1.623374e-02,8.478043e-02,1.481337e-02,6.047471e-03,7.201712e-03,3.881082e-02
4.958825e-02,4.466277e-02,1.070748e-01,3.618476e-01,7.821460e-02,1.467046e-02,3.746758e-03,1.436839e-02,2.016019e-01,1.168836e-02,5.992838e-02,1.072261e-02,4.529197e-03,5.093631e-03,3.226238e-02
3.484108e-02,3.619705e-02,8.146782e-02,3.730767e-01,5.610596e-02,1.078429e-02,2.737376e-03,1.016526e-02,2.469958e-01,1.002550e-02,7.798988e-02,8.045727e-03,1.587033e-02,3.673150e-03,3.202412e-02
