1.000000e+00,0.000000e+00,0.000000e+00,0.000000e+00,0.000000e+00,0.000000e+00,0.000000e+00,0.000000e+00,0.000000e+00,0.000000e+00,0.000000e+00,0.000000e+00,0.000000e+00,0.000000e+00,0.000000e+00
1.000000e+00,0.000000e+00,0.000000e+00,0.000000e+00,0.000000e+00,0.000000e+00,0.000000e+00,0.000000e+00,0.000000e+00,0.000000e+00,0.000000e+00,0.000000e+00,0.000000e+00,0.000000e+00,0.000000e+00
1.000000e+00,0.000000e+00,0.000000e+00,0.000000e+00,0.000000e+00,0.000000e+00,0.000000e+00,0.000000e+00,0.000000e+00,0.000000e+00,0.000000e+00,0.000000e+00,0.000000e+00,0.000000e+00,0.000000e+00
1.000000e+00,0.000000e+00,0.000000e+00,0.000000e+00,0.000000e+00,0.000000e+00,0.000000e+00,0.000000e+00,0.000000e+00,0.000000e+00,0.000000e+00,0.000000e+00,0.000000e+00,0.000000e+00,0.000000e+00
1.000000e+00,0.000000e+00,0.000000e+00,0.000000e+00,0.000000e+00,0.000000e+00,0.000000e+00,0.000000e+00,0.000000e+00,0.000000e+00,0.000000e+00,0.000000e+00,0.000000e+00,0.000000e+00,0.000000e+00
1.000000e+00,0.000000e+00,0.000000e+00,0.000000e+00,0.000000e+00,0.000000e+00,0.000000e+00,0.000000e+00,0.000000e+00,0.000000e+00,0.000000e+00,0.000000e+00,0.000000e+00,0.000000e+00,0.000000e+00
1.000000e+00,0.000000e+00,0.000000e+00,0.000000e+00,0.000000e+00,0.000000e+00,0.000000e+00,0.000000e+00,0.000000e+00,0.000000e+00,0.000000e+00,0.000000e+00,0.000000e+00,0.000000e+00,0.000000e+00
1.000000e+00,0.000000e+00,0.000000e+00,0.000000e+00,0.000000e+00,0.000000e+00,0.000000e+00,0.000000e+00,0.000000e+00,0.000000e+00,0.000000e+00,0.000000e+00,0.000000e+00,0.000000e+00,0.000000e+00
1.000000e+00,0.000000e+00,0.000000e+00,0.000000e+00,0.000000e+00,0.000000e+00,0.000000e+00,0.000000e+00,0.000000e+00,0.000000e+00,0.000000e+00,0.000000e+00,0.000000e+00,0.000000e+00,0.000000e+00
1.000000e+00,0.000000e+00,0.000000e+00,0.000000e+00,0.000000e+00,0.000000e+00,0.000000e+00,0.000000e+00,0.000000e+00,0.000000e+00,0.000000e+00,0.000000e+00,0.000000e+00,0.000000e+00,0.000000e+00
1.000000e+00,0.000000e+00,0.000000e+00,0.000000e+00,0.000000e+00,0.000000e+00,0.000000e+00,0.000000e+00,0.000000e+00,0.000000e+00,0.000000e+00,0.000000e+00,0.000000e+00,0.000000e+00,0.000000e+00
1.000000e+00,0.000000e+00,0.000000e+00,0.000000e+00,0.000000e+00,0.000000e+00,0.000000e+00,0.000000e+00,0.000000e+00,0.000000e+00,0.000000e+00,0.000000e+00,0.000000e+00,0.000000e+00,0.000000e+00
1.000000e+00,0.000000e+00,0.000000e+00,0.000000e+00,0.000000e+00,0.000000e+00,0.000000e+00,0.000000e+00,0.000000e+00,0.000000e+00,0.000000e+00,0.000000e+00,0.000000e+00,0.000000e+00,0.000000e+00
1.000000e+00,0.000000e+00,0.000000e+00,0.000000e+00,0.000000e+00,0.000000e+00,0.000000e+00,0.000000e+00,0.000000e+00,0.000000e+00,0.000000e+00,0.000000e+00,0.000000e+00,0.000000e+00,0.000000e+00
1.000000e+00,0.000000e+00,0.000000e+00,0.000000e+00,0.000000e+00,0.000000e+00,0.000000e+00,0.000000e+00,0.000000e+00,0.000000e+00,0.000000e+00,0.000000e+00,0.000000e+00,0.000000e+00,0.000000e+00
1.000000e+00,0.000000e+00,0.000000e+00,0.000000e+00,0.000000e+00,0.000000e+00,0.000000e+00,0.000000e+00,0.000000e+00,0.000000e+00,0.000000e+00,0.000000e+00,0.000000e+00,0.000000e+00,0.000000e+00
1.000000e+00,0.000000e+00,0.000000e+00,0.000000e+00,0.000000e+00,0.000000e+00,0.000000e+00,0.000000e+00,0.000000e+00,0.000000e+00,0.000000e+00,0.000000e+00,0.000000e+00,0.000000e+00,0.000000e+00
1.000000e+00,0.000000e+00,0.000000e+00,0.000000e+00,0.000000e+00,0.000000e+00,0.000000e+00,0.000000e+00,0.000000e+00,0.000000e+00,0.000000e+00,0.000000e+00,0.000000e+00,0.000000e+00,0.000000e+00
1.000000e+00,0.000000e+00,0.000000e+00,0.000000e+00,0.000000e+00,0.000000e+00,0.000000e+00,0.000000e+00,0.000000e+00,0.000000e+00,0.000000e+00,0.000000e+00,0.000000e+00,0.000000e+00,0.000000e+00
1.000000e+00,0.000000e+00,0.000000e+00,0.000000e+00,0.000000e+00,0.000000e+00,0.000000e+00,0.000000e+00,0.000000e+00,0.000000e+00,0.000000e+00,0.000000e+00,0.000000e+00,0.000000e+00,0.000000e+00
1.000000e+00,0.000000e+00,0.000000e+00,0.000000e+00,0.000000e+00,0.000000e+00,0.000000e+00,0.000000e+00,0.000000e+00,0.000000e+00,0.000000e+00,0.000000e+00,0.000000e+00,0.000000e+00,0.000000e+00
1.000000e+00,0.000000e+00,0.000000e+00,0.000000e+00,0.000000e+00,0.000000e+00,0.000000e+00,0.000000e+00,0.000000e+00,0.000000e+00,0.000000e+00,0.000000e+00,0.000000e+00,0.000000e+00,0.000000e+00
1.000000e+00,0.000000e+00,0.000000e+00,0.000000e+00,0.000000e+00,0.000000e+00,0.000000e+00,0.000000e+00,0.000000e+00,0.000000e+00,0.000000e+00,0.000000e+00,0.000000e+00,0.000000e+00,0.000000e+00
1.000000e+00,0.000000e+00,0.000000e+00,0.000000e+00,0.000000e+00,0.000000e+00,0.000000e+00,0.000000e+00,0.000000e+00,0.000000e+00,0.000000e+00,0.000000e+00,0.000000e+00,0.000000e+00,0.000000e+00
1.000000e+00,0.000000e+00,0.000000e+00,0.000000e+00,0.000000e+00,0.000000e+00,0.000000e+00,0.000000e+00,0.000000e+00,0.000000e+00,0.000000e+00,0.000000e+00,0.000000e+00,0.000000e+00,0.000000e+00
1.000000e+00,0.000000e+00,0.000000e+00,0.000000e+00,0.000000e+00,0.000000e+00,0.000000e+00,0.000000e+00,0.000000e+00,0.000000e+00,0.000000e+00,0.000000e+00,0.000000e+00,0.000000e+00,0.000000e+00
1.000000e+00,0.000000e+00,0.000000e+00,0.000000e+00,0.000000e+00,0.000000e+00,0.000000e+00,0.000000e+00,0.000000e+00,0.000000e+00,0.000000e+00,0.000000e+00,0.000000e+00,0.000000e+00,0.000000e+00
1.000000e+00,0.000000e+00,0.000000e+00,0.000000e+00,0.000000e+00,0.000000e+00,0.000000e+00,0.000000e+00,0.000000e+00,0.000000e+00,0.000000e+00,0.000000e+00,0.000000e+00,0.000000e+00,0.000000e+00
1.000000e+00,0.000000e+00,0.000000e+00,0.000000e+00,0.000000e+00,0.000000e+00,0.000000e+00,0.000000e+00,0.000000e+00,0.000000e+00,0.000000e+00,0.000000e+00,0.000000e+00,0.000000e+00,0.000000e+00
1.000000e+00,0.000000e+00,0.000000e+00,0.000000e+00,0.000000e+00,0.000000e+00,0.000000e+00,0.000000e+00,0.000000e+00,0.000000e+00,0.000000e+00,0.000000e+00,0.000000e+00,0.000000e+00,0.000000e+00
1.000000e+00,0.000000e+00,0.000000e+00,0.000000e+00,0.000000e+00,0.000000e+00,0.000000e+00,0.000000e+00,0.000000e+00,0.000000e+00,0.000000e+00,0.000000e+00,0.000000e+00,0.000000e+00,0.000000e+00
1.000000e+00,0.000000e+00,0.000000e+00,0.000000e+00,0.000000e+00,0.000000e+00,0.000000e+00,0.000000e+00,0.000000e+00,0.000000e+00,0.000000e+00,0.000000e+00,0.000000e+00,0.000000e+00,0.000000e+00
1.000000e+00,0.000000e+00,0.000000e+00,0.000000e+00,0.000000e+00,0.000000e+00,0.000000e+00,0.000000e+00,0.000000e+00,0.000000e+00,0.000000e+00,0.000000e+00,0.000000e+00,0.000000e+00,0.000000e+00
1.000000e+00,0.000000e+00,0.000000e+00,0.000000e+00,0.000000e+00,0.000000e+00,0.000000e+00,0.000000e+00,0.000000e+00,0.000000e+00,0.000000e+00,0.000000e+00,0.000000e+00,0.000000e+00,0.000000e+00
1.000000e+00,0.000000e+00,0.000000e+00,0.000000e+00,0.000000e+00,0.000000e+00,0.000000e+00,0.000000e+00,0.000000e+00,0.000000e+00,0.000000e+00,0.000000e+00,0.000000e+00,0.000000e+00,0.000000e+00
1.000000e+00,0.000000e+00,0.000000e+00,0.000000e+00,0.000000e+00,0.000000e+00,0.000000e+00,0.000000e+00,0.000000e+00,0.000000e+00,0.000000e+00,0.000000e+00,0.000000e+00,0.000000e+00,0.000000e+00
1.000000e+00,0.000000e+00,0.000000e+00,0.000000e+00,0.000000e+00,0.000000e+00,0.000000e+00,0.000000e+00,0.000000e+00,0.000000e+00,0.000000e+00,0.000000e+00,0.000000e+00,0.000000e+00,0.000000e+00
1.000000e+00,0.000000e+00,0.000000e+00,0.000000e+00,0.000000e+00,0.000000e+00,0.000000e+00,0.000000e+00,0.000000e+00,0.000000e+00,0.000000e+00,0.000000e+00,0.000000e+00,0.000000e+00,0.000000e+00
1.000000e+00,0.000000e+00,0.000000e+00,0.000000e+00,0.000000e+00,0.000000e+00,0.000000e+00,0.000000e+00,0.000000e+00,0.000000e+00,0.000000e+00,0.000000e+00,0.000000e+00,0.000000e+00,0.000000e+00
1.000000e+00,0.000000e+00,0.000000e+00,0.000000e+00,0.000000e+00,0.000000e+00,0.000000e+00,0.000000e+00,0.000000e+00,0.000000e+00,0.000000e+00,0.000000e+00,0.000000e+00,0.000000e+00,0.000000e+00
1.000000e+00,0.000000e+00,0.000000e+00,0.000000e+00,0.000000e+00,0.000000e+00,0.000000e+00,0.000000e+00,0.000000e+00,0.000000e+00,0.000000e+00,0.000000e+00,0.000000e+00,0.000000e+00,0.000000e+00
1.000000e+00,0.000000e+00,0.000000e+00,0.000000e+00,0.000000e+00,0.000000e+00,0.000000e+00,0.000000e+00,0.000000e+00,0.000000e+00,0.000000e+00,0.000000e+00,0.000000e+00,0.000000e+00,0.000000e+00
1.000000e+00,0.000000e+00,0.000000e+00,0.000000e+00,0.000000e+00,0.000000e+00,0.000000e+00,0.000000e+00,0.000000e+00,0.000000e+00,0.000000e+00,0.000000e+00,0.000000e+00,0.000000e+00,0.000000e+00
1.000000e+00,0.000000e+00,0.000000e+00,0.000000e+00,0.000000e+00,0.000000e+00,0.000000e+00,0.000000e+00,0.000000e+00,0.000000e+00,0.000000e+00,0.000000e+00,0.000000e+00,0.000000e+00,0.000000e+00
1.000000e+00,0.000000e+00,0.000000e+00,0.000000e+00,0.000000e+00,0.000000e+00,0.000000e+00,0.000000e+00,0.000000e+00,0.000000e+00,0.000000e+00,0.000000e+00,0.000000e+00,0.000000e+00,0.000000e+00
1.000000e+00,0.000000e+00,0.000000e+00,0.000000e+00,0.000000e+00,0.000000e+00,0.000000e+00,0.000000e+00,0.000000e+00,0.000000e+00,0.000000e+00,0.000000e+00,0.000000e+00,0.000000e+00,0.000000e+00
1.000000e+00,0.000000e+00,0.000000e+00,0.000000e+00,0.000000e+00,0.000000e+00,0.000000e+00,0.000000e+00,0.000000e+00,0.000000e+00,0.000000e+00,0.000000e+00,0.000000e+00,0.000000e+00,0.000000e+00
1.000000e+00,0.000000e+00,0.000000e+00,0.000000e+00,0.000000e+00,0.000000e+00,0.000000e+00,0.000000e+00,0.000000e+00,0.000000e+00,0.000000e+00,0.000000e+00,0.000000e+00,0.000000e+00,0.000000e+00
1.000000e+00,0.000000e+00,0.000000e+00,0.000000e+00,0.000000e+00,0.000000e+00,0.000000e+00,0.000000e+00,0.000000e+00,0.000000e+00,0.000000e+00,0.000000e+00,0.000000e+00,0.000000e+00,0.000000e+00
1.000000e+00,0.000000e+00,0.000000e+00,0.000000e+00,0.000000e+00,0.000000e+00,0.000000e+00,0.000000e+00,0.000000e+00,0.000000e+00,0.000000e+00,0.000000e+00,0.000000e+00,0.000000e+00,0.000000e+00
1.000000e+00,0.000000e+00,0.000000e+00,0.000000e+00,0.000000e+00,0.000000e+00,0.000000e+00,0.000000e+00,0.000000e+00,0.000000e+00,0.000000e+00,0.000000e+00,0.000000e+00,0.000000e+00,0.000000e+00
1.000000e+00,0.000000e+00,0.000000e+00,0.000000e+00,0.000000e+00,0.000000e+00,0.000000e+00,0.000000e+00,0.000000e+00,0.000000e+00,0.000000e+00,0.000000e+00,0.000000e+00,0.000000e+00,0.000000e+00
1.000000e+00,0.000000e+00,0.000000e+00,0.000000e+00,0.000000e+00,0.000000e+00,0.000000e+00,0.000000e+00,0.000000e+00,0.000000e+00,0.000000e+00,0.000000e+00,0.000000e+00,0.000000e+00,0.000000e+00
1.000000e+00,0.000000e+00,0.000000e+00,0.000000e+00,0.000000e+00,0.000000e+00,0.000000e+00,0.000000e+00,0.000000e+00,0.000000e+00,0.000000e+00,0.000000e+00,0.000000e+00,0.000000e+00,0.000000e+00
1.000000e+00,0.000000e+00,0.000000e+00,0.000000e+00,0.000000e+00,0.000000e+00,0.000000e+00,0.000000e+00,0.000000e+00,0.000000e+00,0.000000e+00,0.000000e+00,0.000000e+00,0.000000e+00,0.000000e+00
1.000000e+00,0.000000e+00,0.000000e+00,0.000000e+00,0.000000e+00,0.000000e+00,0.000000e+00,0.000000e+00,0.000000e+00,0.000000e+00,0.000000e+00,0.000000e+00,0.000000e+00,0.000000e+00,0.000000e+00
1.000000e+00,0.000000e+00,0.000000e+00,0.000000e+00,0.000000e+00,0.000000e+00,0.000000e+00,0.000000e+00,0.000000e+00,0.000000e+00,0.000000e+00,0.000000e+00,0.000000e+00,0.000000e+00,0.000000e+00
1.000000e+00,0.000000e+00,0.000000e+00,0.000000e+00,0.000000e+00,0.000000e+00,0.000000e+00,0.000000e+00,0.000000e+00,0.000000e+00,0.000000e+00,0.000000e+00,0.000000e+00,0.000000e+00,0.000000e+00
1.000000e+00,0.000000e+00,0.000000e+00,0.000000e+00,0.000000e+00,0.000000e+00,0.000000e+00,0.000000e+00,0.000000e+00,0.000000e+00,0.000000e+00,0.000000e+00,0.000000e+00,0.000000e+00,0.000000e+00
1.000000e+00,0.000000e+00,0.000000e+00,0.000000e+00,0.000000e+00,0.000000e+00,0.000000e+00,0.000000e+00,0.000000e+00,0.000000e+00,0.000000e+00,0.000000e+00,0.000000e+00,0.000000e+00,0.000000e+00
4.008015e-01,2.507929e-02,2.199184e-02,4.023598e-01,6.611154e-03,9.497686e-03,3.779725e-03,6.256082e-03,4.164921e-02,5.870680e-03,5.531999e-03,1.353355e-02,1.481020e-02,1.138480e-03,4.108891e-02
2.809765e-01,2.794380e-02,3.809768e-02,4.563613e-01,7.062214e-03,8.779027e-03,3.445782e-03,4.445895e-03,6.286214e-02,7.560025e-03,4.885999e-03,9.579399e-03,1.123638e-02,8.276489e-04,7.593625e-02
1.967372e-01,2.486758e-02,5.177225e-02,5.602778e-01,5.383818e-03,6.519778e-03,2.487296e-03,3.123416e-03,5.421701e-02,6.688477e-03,3.564896e-03,6.816042e-03,7.943452e-03,5.975312e-04,6.900350e-02
1.378731e-01,2.209268e-02,5.677851e-02,5.235331e-01,4.329890e-03,6.464355e-03,1.827594e-03,2.214176e-03,4.893228e-02,1.267301e-02,5.083918e-03,4.899327e-03,5.906396e-03,5.729728e-04,1.668187e-01
9.830108e-02,2.348169e-02,7.192494e-02,4.223160e-01,5.834769e-03,6.986014e-03,1.598972e-03,1.823418e-03,5.406395e-02,1.683005e-02,1.426265e-02,3.690365e-03,5.279578e-03,1.297113e-03,2.723095e-01
7.001358e-02,3.666846e-02,5.657536e-02,3.333519e-01,4.450925e-03,5.158463e-03,1.179767e-03,1.363280e-03,5.656426e-02,2.860872e-02,1.927582e-02,3.144930e-03,5.082026e-03,5.902964e-03,3.726596e-01
4.957233e-02,2.874996e-02,5.847617e-02,3.834294e-01,3.403243e-03,3.724297e-03,8.579476e-04,1.020132e-03,5.203763e-02,2.909600e-02,1.816566e-02,2.625923e-03,4.027232e-03,5.263033e-03,3.595510e-01
3.513277e-02,2.109020e-02,5.135760e-02,2.764718e-01,2.601372e-03,2.744391e-03,6.235690e-04,7.821320e-04,4.673807e-02,2.301038e-02,1.307371e-02,2.186002e-03,2.926461e-03,2.039010e-02,5.008715e-01
2.497525e-02,1.584613e-02,3.904748e-02,1.940098e-01,2.017216e-03,1.991283e-03,4.521581e-04,5.568134e-04,3.456353e-02,1.742306e-02,9.703786e-03,2.271267e-03,2.154941e-03,8.220135e-02,5.727859e-01
1.766641e-02,1.172841e-02,2.786663e-02,1.359964e-01,1.481124e-03,1.528621e-03,3.266157e-04,4.112403e-04,2.846805e-02,1.621039e-02,3.144754e-02,8.148713e-03,2.244499e-03,1.313852e-01,5.850902e-01
1.334620e-02,9.546384e-03,2.029192e-02,9.701994e-02,1.220124e-03,1.356197e-03,2.720821e-04,3.124338e-04,3.878739e-02,1.642890e-02,3.666836e-02,1.283568e-02,2.736664e-03,2.957101e-01,4.534676e-01
9.475031e-03,7.194389e-03,1.534994e-02,6.863679e-02,9.829161e-04,1.068138e-03,2.077153e-04,2.242005e-04,6.102774e-02,1.777004e-02,2.996152e-02,9.434404e-03,2.134722e-03,4.179286e-01,3.586038e-01
1.141554e-02,6.349317e-03,1.144500e-02,4.923638e-02,1.305095e-03,9.687528e-04,2.683768e-04,2.912299e-04,6.465405e-02,1.944168e-02,2.260801e-02,6.932934e-03,1.713607e-03,5.388546e-01,2.645154e-01
8.941377e-03,4.973681e-03,9.063011e-03,3.456333e-02,1.054417e-03,7.995120e-04,2.445093e-04,2.394948e-04,4.930768e-02,1.736386e-02,1.686532e-02,4.895874e-03,1.241532e-03,6.502447e-01,2.002017e-01
9.601401e-03,4.068661e-03,7.120695e-03,2.428163e-02,9.839042e-04,1.081153e-03,2.393653e-04,2.528133e-04,4.147858e-02,2.425000e-02,1.380201e-02,3.516906e-03,1.050197e-03,7.070225e-01,1.612502e-01
1.700939e-02,3.145327e-03,6.256317e-03,1.714557e-02,9.655614e-04,1.214594e-03,3.768290e-04,3.391975e-04,3.623923e-02,2.894933e-02,1.064942e-02,2.551251e-03,8.695207e-04,7.586515e-01,1.156370e-01
2.498123e-02,2.448241e-03,5.010852e-03,1.217346e-02,1.000786e-03,1.252122e-03,4.039038e-04,3.832574e-04,3.639206e-02,3.315276e-02,8.357977e-03,1.923103e-03,7.587679e-04,7.884812e-01,8.328029e-02
2.755322e-02,2.501961e-03,4.401881e-03,8.628506e-03,1.090167e-03,2.040667e-03,3.998828e-04,5.077093e-04,5.020009e-02,3.228847e-02,7.349321e-03,1.610615e-03,9.140769e-04,7.926208e-01,6.789267e-02
2.085485e-02,1.835859e-03,3.262656e-03,6.052854e-03,8.643087e-04,1.530196e-03,2.926741e-04,3.793964e-04,4.716373e-02,4.210976e-02,5.680521e-03,1.165273e-03,7.196040e-04,8.111359e-01,5.695248e-02
1.521934e-02,1.507147e-03,2.762658e-03,4.266754e-03,8.149501e-04,1.165353e-03,2.173026e-04,2.931625e-04,6.594224e-02,4.063193e-02,5.130899e-03,9.303691e-04,6.329098e-04,8.108110e-01,4.967398e-02
1.088373e-02,1.153959e-03,2.295709e-03,2.998995e-03,6.625738e-04,8.399217e-04,1.607468e-04,2.317180e-04,6.571176e-02,9.624819e-02,4.339449e-03,7.233816e-04,5.042637e-04,7.730898e-01,4.015580e-02
8.363192e-03,8.578635e-04,1.770366e-03,2.120896e-03,5.809570e-04,6.044264e-04,1.169100e-04,1.865313e-04,8.104777e-02,1.132545e-01,3.501533e-03,5.338379e-04,3.993442e-04,7.522257e-01,3.443618e-02
7.195189e-03,6.780210e-04,3.090209e-03,1.514367e-03,6.349600e-04,4.566293e-04,8.836585e-05,3.463407e-04,8.880608e-02,9.668854e-02,3.123286e-03,4.026044e-04,3.122580e-04,7.633091e-01,3.335402e-02
8.617756e-03,6.577657e-04,4.128886e-03,1.173617e-03,2.531434e-03,5.607501e-04,7.601907e-05,2.057026e-03,1.838841e-01,1.114544e-01,3.276904e-03,3.179578e-04,2.799507e-04,6.427217e-01,3.826169e-02
1.453184e-02,1.193376e-03,3.347440e-02,1.202630e-03,1.126051e-02,6.843195e-04,8.505952e-05,7.557906e-03,2.361974e-01,1.538061e-01,3.512198e-03,3.380972e-04,3.474579e-04,4.909481e-01,4.486053e-02
1.604929e-02,2.560110e-03,9.937560e-02,1.923165e-03,1.994856e-02,7.290697e-04,8.042234e-05,1.225428e-02,2.470739e-01,1.719058e-01,3.426054e-03,3.484626e-04,4.787219e-04,3.603999e-01,6.344661e-02
1.405514e-02,2.612787e-03,9.756946e-02,3.663776e-03,1.689211e-02,7.055594e-04,8.059850e-05,1.183741e-02,2.103013e-01,2.180102e-01,3.833801e-03,4.173355e-04,1.266380e-03,2.570092e-01,1.617449e-01
3.075137e-02,3.608240e-03,8.511794e-02,3.727980e-03,1.624888e-02,1.381426e-03,1.139315e-04,1.413704e-02,2.090854e-01,1.857132e-01,4.712453e-03,5.290621e-04,3.134202e-03,2.228634e-01,2.188754e-01
4.210821e-02,5.807135e-03,6.593174e-02,6.673474e-03,2.872269e-02,1.920609e-03,1.247845e-04,1.661048e-02,2.300594e-01,1.431627e-01,6.655042e-03,5.705383e-04,3.501562e-03,2.102273e-01,2.379242e-01
6.340270e-02,1.007430e-02,4.884812e-02,6.937377e-03,3.670709e-02,3.851089e-03,1.732499e-04,1.639782e-02,2.411427e-01,1.160377e-01,6.847448e-03,5.956053e-04,3.266698e-03,2.135484e-01,2.321697e-01
5.931053e-02,1.212651e-02,3.717550e-02,1.075724e-02,2.860399e-02,3.251803e-03,1.881778e-04,1.309260e-02,1.953479e-01,8.931015e-02,6.574352e-03,1.158576e-03,3.480113e-03,1.666072e-01,3.730153e-01
1.065756e-01,1.361991e-02,3.719151e-02,2.453136e-02,2.795504e-02,3.395051e-03,5.069189e-04,2.118401e-02,1.650205e-01,6.747061e-02,6.214569e-03,1.580866e-03,3.996809e-03,1.689174e-01,3.518399e-01
1.370552e-01,1.215392e-02,1.361906e-01,2.122299e-02,3.106157e-02,3.511918e-03,5.445202e-04,2.082227e-02,1.643505e-01,4.990968e-02,5.393303e-03,1.402657e-03,3.023511e-03,1.324436e-01,2.809137e-01
2.127927e-01,1.657095e-02,1.049040e-01,3.580829e-02,5.898447e-02,6.784643e-03,2.296963e-03,2.481069e-02,1.668665e-01,3.586040e-02,7.337976e-03,4.661408e-03,3.564139e-03,1.124733e-01,2.062835e-01
2.690683e-01,2.114164e-02,8.405130e-02,3.606169e-02,1.007345e-01,9.279356e-03,2.196014e-03,2.128185e-02,1.680250e-01,2.612557e-02,7.926095e-03,6.865526e-03,3.511510e-03,9.696631e-02,1.467654e-01
2.395599e-01,2.132362e-02,6.026395e-02,3.449029e-02,1.253523e-01,1.579876e-01,3.436033e-03,1.811505e-02,1.271469e-01,1.988988e-02,8.152584e-03,6.339618e-03,3.423804e-03,6.889278e-02,1.056257e-01
2.091310e-01,1.690546e-02,4.289533e-02,2.562019e-02,9.756397e-02,3.370581e-01,2.703140e-03,1.876230e-02,9.069250e-02,1.940839e-02,6.977672e-03,5.114507e-03,2.733988e-03,4.942642e-02,7.500713e-02
1.925169e-01,1.242464e-02,3.075279e-02,1.854941e-02,7.068767e-02,4.662219e-01,2.836593e-03,1.786699e-02,6.640079e-02,2.013186e-02,5.607548e-03,4.075964e-03,2.574306e-03,3.585310e-02,5.349959e-02
2.052509e-01,1.020446e-02,2.261000e-02,1.477027e-02,5.356323e-02,4.586130e-01,3.038247e-03,2.188912e-02,9.611534e-02,2.545069e-02,7.473791e-03,3.602330e-03,5.521641e-03,2.899684e-02,4.290018e-02
2.788652e-01,8.679410e-03,1.657658e-02,1.277357e-02,3.934880e-02,4.055266e-01,2.662129e-03,1.809919e-02,8.030273e-02,5.177834e-02,1.159838e-02,3.558351e-03,7.877439e-03,2.600728e-02,3.634606e-02
2.082440e-01,1.131213e-02,1.384465e-02,1.045801e-02,2.788829e-02,4.185749e-01,2.179250e-03,1.294496e-02,6.608109e-02,1.238152e-01,2.214173e-02,1.053048e-02,9.654284e-03,2.275675e-02,3.957425e-02
1.551019e-01,1.352829e-02,1.140803e-02,9.757886e-03,2.000530e-02,3.709605e-01,1.999408e-03,9.411189e-03,5.398318e-02,1.189924e-01,5.002324e-02,3.938018e-02,2.936736e-02,1.970709e-02,9.637408e-02
1.167568e-01,1.324667e-02,8.394845e-03,8.006223e-03,1.448182e-02,2.685454e-01,1.646313e-03,6.760278e-03,4.415807e-02,1.186834e-01,8.749471e-02,4.868604e-02,2.748813e-02,2.457910e-02,2.110722e-01
8.594105e-02,1.258306e-02,6.417132e-03,6.582029e-03,1.067819e-02,1.979440e-01,1.474963e-03,4.802918e-03,4.383483e-02,1.547355e-01,1.012054e-01,1.714493e-01,2.403083e-02,2.123134e-02,1.570893e-01
6.044294e-02,9.081769e-03,4.566643e-03,4.766628e-03,7.806471e-03,1.403757e-01,1.191968e-03,3.387354e-03,3.437492e-02,1.145415e-01,1.030465e-01,3.721575e-01,1.792844e-02,1.577791e-02,1.105538e-01
4.233941e-02,6.443436e-03,3.206933e-03,3.353252e-03,5.527656e-03,9.872925e-02,8.384484e-04,2.376869e-03,2.508188e-02,8.039562e-02,9.091920e-02,5.394843e-01,1.275118e-02,1.113809e-02,7.741451e-02
2.965270e-02,1.048246e-02,2.293672e-03,2.350181e-03,4.110617e-03,6.923403e-02,5.888091e-04,1.683793e-03,2.597483e-02,5.647200e-02,1.010720e-01,6.235406e-01,1.005117e-02,8.264672e-03,5.422837e-02
2.076719e-02,7.542050e-03,1.806038e-03,1.671197e-03,4.119932e-03,4.855306e-02,4.774765e-04,1.258277e-03,2.159839e-02,4.003072e-02,7.181842e-02,7.293758e-01,7.112278e-03,5.876520e-03,3.799259e-02
1.482784e-02,5.422070e-03,1.401507e-03,1.317512e-03,7.031479e-03,3.414313e-02,5.283955e-04,1.041573e-03,1.916190e-02,2.868910e-02,5.207765e-02,7.985110e-01,5.032226e-03,4.169079e-03,2.664551e-02
1.075600e-02,4.170123e-03,1.607356e-03,9.572158e-04,1.003142e-02,2.459269e-02,5.028966e-04,1.839647e-03,1.577443e-02,2.150462e-02,3.838839e-02,8.444293e-01,3.747035e-03,3.025088e-03,1.867381e-02
8.716214e-03,3.673006e-03,3.014462e-03,7.364457e-04,1.559644e-02,1.830828e-02,4.617734e-04,2.238020e-03,1.629518e-02,1.680268e-02,3.007272e-02,8.653592e-01,3.238679e-03,2.338275e-03,1.314857e-02
6.312297e-03,3.033930e-03,6.688254e-03,5.804456e-04,2.479671e-02,1.359143e-02,3.837229e-04,2.373641e-03,2.198838e-02,1.259858e-02,2.402284e-02,8.696481e-01,2.790778e-03,1.936890e-03,9.253955e-03
4.525666e-03,3.155060e-03,1.518499e-02,4.512400e-04,2.986179e-02,9.853364e-03,3.081231e-04,2.338035e-03,3.871621e-02,1.001975e-02,2.016163e-02,8.535656e-01,3.516991e-03,1.825402e-03,6.516132e-03
3.430384e-03,2.630833e-03,1.351934e-02,3.711402e-04,2.577160e-02,8.394106e-03,2.457777e-04,2.636568e-03,3.445999e-02,8.461419e-03,2.249585e-02,8.675487e-01,3.376019e-03,2.055343e-03,4.602921e-03
2.874959e-03,6.314907e-03,2.343963e-02,4.621110e-04,2.578201e-02,6.419546e-03,2.076615e-04,6.791031e-03,6.861348e-02,7.407425e-03,2.073225e-02,8.214880e-01,3.678836e-03,2.334367e-03,3.453786e-03
3.070959e-03,9.483907e-03,3.070830e-02,7.635524e-04,2.659831e-02,5.189018e-03,2.004055e-04,1.486434e-02,1.176674e-01,1.143907e-02,2.700297e-02,7.410929e-01,4.965590e-03,4.043628e-03,2.909599e-03
3.017701e-03,1.989435e-02,9.696798e-02,1.658640e-03,3.608057e-02,3.795237e-03,1.958142e-04,1.652545e-02,2.442732e-01,8.321404e-03,2.103469e-02,5.390059e-01,4.212358e-03,2.911374e-03,2.105280e-03
2.070002e-02,2.822058e-02,1.171478e-01,4.772724e-03,6.654556e-02,4.066095e-03,3.693389e-04,2.496778e-02,2.907123e-01,9.723971e-03,2.771679e-02,3.923234e-01,4.887878e-03,5.564473e-03,2.281314e-03
2.431802e-02,2.542562e-02,1.991480e-01,2.846166e-02,9.285408e-02,1.072230e-02,6.530550e-04,2.415587e-02,2.630167e-01,8.080564e-03,2.273860e-02,2.903849e-01,3.930724e-03,4.153265e-03,1.956623e-03
2.625135e-02,2.400472e-02,3.187677e-01,2.651118e-02,8.410947e-02,2.989773e-02,5.686826e-04,1.778186e-02,2.197369e-01,8.084388e-03,2.217669e-02,2.094988e-01,3.954506e-03,3.668740e-03,4.987298e-03
3.008933e-02,2.222168e-02,4.294302e-01,2.021567e-02,9.153491e-02,3.001627e-02,5.151189e-04,1.441602e-02,1.647125e-01,9.386566e-03,2.350649e-02,1.482575e-01,4.645696e-03,5.980839e-03,5.071134e-03
2.938130e-02,1.939189e-02,5.222585e-01,1.861059e-02,1.016816e-01,2.343605e-02,6.107319e-04,1.220083e-02,1.218147e-01,9.673598e-03,2.186162e-02,1.049354e-01,4.086999e-03,6.082869e-03,3.973129e-03
3.264689e-02,1.854522e-02,6.008754e-01,1.965669e-02,9.485939e-02,1.805563e-02,6.373185e-04,9.920013e-03,8.902784e-02,8.674981e-03,1.791400e-02,7.369372e-02,3.047703e-03,8.726891e-03,3.718287e-03
4.612922e-02,2.246516e-02,5.729809e-01,2.607357e-02,7.894547e-02,1.564921e-02,4.757043e-04,7.378967e-03,7.316127e-02,1.828881e-02,1.622871e-02,5.201692e-02,2.694280e-03,8.764729e-03,5.874692e-02
4.153080e-02,4.047512e-02,4.392815e-01,1.177254e-01,6.145105e-02,1.209321e-02,3.819964e-04,5.915952e-03,7.572851e-02,1.894194e-02,4.041011e-02,3.798148e-02,8.968735e-03,7.525620e-03,9.158851e-02
3.051394e-02,6.069390e-02,3.285166e-01,1.037835e-01,4.409515e-02,9.314320e-03,3.692543e-04,4.381381e-03,1.681096e-01,1.696340e-02,1.066602e-01,2.840437e-02,1.028363e-02,9.755223e-03,7.815554e-02
2.166107e-02,5.060250e-02,2.368026e-01,7.433483e-02,3.095091e-02,6.755592e-03,2.793962e-04,3.147065e-03,2.600810e-01,1.362372e-02,1.938672e-01,2.260060e-02,1.002806e-02,1.702813e-02,5.823726e-02
1.544368e-02,3.839112e-02,1.661926e-01,5.228313e-02,2.298690e-02,5.002867e-03,2.468759e-04,2.271798e-03,1.906824e-01,1.060192e-02,3.748106e-01,1.805585e-02,8.962887e-03,5.244142e-02,4.162586e-02
1.100024e-02,2.732588e-02,1.165295e-01,3.685902e-02,1.657864e-02,3.683614e-03,2.353155e-04,1.661126e-03,1.409169e-01,9.588347e-03,5.384165e-01,1.444016e-02,6.842522e-03,4.577607e-02,3.014614e-02
8.338290e-03,2.245968e-02,8.325518e-02,2.588190e-02,1.325288e-02,5.462950e-03,3.295960e-04,1.838892e-03,1.003203e-01,1.295585e-02,6.105403e-01,1.851963e-02,5.446428e-03,6.798560e-02,2.341256e-02
6.120029e-03,1.667885e-02,5.881262e-02,1.829482e-02,1.787749e-02,5.159124e-03,5.324651e-04,1.514285e-03,7.563960e-02,1.787927e-02,6.537424e-01,2.418359e-02,4.707181e-03,8.155619e-02,1.730211e-02
4.477571e-03,1.232687e-02,4.188744e-02,1.353453e-02,2.069949e-02,5.525012e-03,1.821275e-03,1.191739e-03,6.539446e-02,3.371212e-02,6.732760e-01,2.693990e-02,4.223725e-03,8.202314e-02,1.296673e-02
3.223261e-03,8.711578e-03,2.940967e-02,9.535123e-03,1.522786e-02,4.213745e-03,1.305660e-03,8.501185e-04,4.612362e-02,2.711258e-02,7.559453e-01,2.157380e-02,3.702073e-03,6.384252e-02,9.223104e-03
2.321366e-03,6.125441e-03,2.062703e-02,6.715176e-03,1.144709e-02,3.076580e-03,9.317635e-04,6.120349e-04,3.259192e-02,2.053222e-02,8.152784e-01,1.745941e-02,3.544443e-03,5.210900e-02,6.628179e-03
1.778481e-03,5.220571e-03,1.505772e-02,5.239528e-03,5.247978e-02,3.243883e-03,3.339095e-03,5.171462e-04,2.531536e-02,1.963982e-02,7.955273e-01,1.740910e-02,5.189713e-03,4.504761e-02,4.994889e-03
1.262265e-03,3.789610e-03,1.075435e-02,3.720256e-03,3.774063e-02,2.415469e-03,2.427298e-03,3.703888e-04,1.812507e-02,1.566786e-02,8.505687e-01,1.307265e-02,4.166234e-03,3.220790e-02,3.711365e-03
9.206054e-04,2.753671e-03,7.863593e-03,2.716859e-03,2.884085e-02,2.367385e-03,1.919227e-03,3.548965e-04,1.354225e-02,1.194086e-02,8.871464e-01,9.947826e-03,3.846370e-03,2.311087e-02,2.728341e-03
7.237027e-04,6.162031e-03,8.424483e-03,1.993629e-03,2.090714e-02,5.464200e-03,1.612848e-03,4.004870e-04,1.030807e-02,9.564883e-03,9.036359e-01,7.281506e-03,3.916569e-03,1.628598e-02,3.318546e-03
7.579772e-04,1.583824e-02,1.157160e-02,1.505166e-03,1.613369e-02,1.806857e-02,1.839521e-03,1.452919e-03,1.068091e-02,7.960995e-03,8.891248e-01,5.472535e-03,4.396813e-03,1.155671e-02,3.639596e-03
1.531564e-03,3.448606e-02,1.472736e-02,1.195168e-03,1.334637e-02,2.762942e-02,1.752497e-03,6.957137e-03,2.774714e-02,7.665729e-03,8.385471e-01,4.733532e-03,7.834795e-03,8.217557e-03,3.628522e-03
4.682170e-03,4.459513e-02,1.723196e-02,1.249533e-03,1.447739e-02,2.611345e-02,1.321985e-03,1.752797e-02,5.141112e-02,8.098021e-03,7.905747e-01,5.079639e-03,7.593424e-03,6.367468e-03,3.676030e-03
8.157779e-03,4.209058e-02,5.059834e-02,1.604433e-03,1.703650e-02,4.171078e-02,1.260353e-03,4.593221e-02,5.480970e-02,7.905360e-03,7.056346e-01,5.868750e-03,8.035889e-03,5.462395e-03,3.892304e-03
8.734803e-03,5.386360e-02,4.047418e-02,2.460375e-03,1.535346e-02,3.991950e-02,9.279848e-04,3.934427e-02,8.696727e-02,8.050133e-03,6.742229e-01,9.106455e-03,1.096903e-02,5.729583e-03,3.876388e-03
1.084159e-02,9.592277e-02,4.444345e-02,3.103391e-03,1.615471e-02,3.149583e-02,7.343418e-04,4.467366e-02,1.020977e-01,7.923253e-03,6.100661e-01,1.214790e-02,1.035914e-02,5.465973e-03,4.570268e-03
1.492772e-02,1.164240e-01,6.169230e-02,2.953347e-03,1.865052e-02,2.468301e-02,7.592841e-04,8.062036e-02,8.532625e-02,7.808019e-03,5.566955e-01,1.076750e-02,8.701026e-03,5.484825e-03,4.506345e-03
2.294959e-02,1.292493e-01,7.749106e-02,2.885062e-03,2.242325e-02,2.000560e-02,7.545935e-04,9.402718e-02,8.202718e-02,9.149287e-03,5.129137e-01,9.146635e-03,6.826137e-03,6.352387e-03,3.798987e-03
3.028337e-02,1.197809e-01,1.095398e-01,3.261657e-03,3.261060e-02,1.810117e-02,1.145205e-03,9.324940e-02,8.012535e-02,1.718428e-02,4.694645e-01,8.647960e-03,5.876742e-03,6.828315e-03,3.900678e-03
3.691050e-02,1.210090e-01,1.101375e-01,4.098731e-03,3.892550e-02,2.243445e-02,4.266628e-03,1.076791e-01,9.842798e-02,4.253983e-02,3.783092e-01,1.499008e-02,6.990512e-03,7.322373e-03,5.958652e-03
4.148553e-02,1.014649e-01,1.161359e-01,7.162869e-03,3.973417e-02,2.622719e-02,5.553019e-03,1.066730e-01,1.049673e-01,7.806426e-02,2.952604e-01,4.101247e-02,1.815891e-02,6.000190e-03,1.209992e-02
3.277067e-02,7.899597e-02,8.954274e-02,1.246174e-02,3.118600e-02,3.645119e-02,4.161764e-03,7.554797e-02,1.012563e-01,1.513468e-01,2.571897e-01,7.404988e-02,3.405530e-02,4.947267e-03,1.603676e-02
2.425592e-02,6.361730e-02,6.547511e-02,1.926605e-02,2.401725e-02,3.260459e-02,3.068665e-03,5.336885e-02,1.525645e-01,1.207383e-01,2.892446e-01,1.029559e-01,2.813253e-02,6.167034e-03,1.452339e-02
2.049595e-02,5.401213e-02,4.992997e-02,3.697460e-02,1.877659e-02,2.566932e-02,2.263163e-03,3.843177e-02,2.237576e-01,9.455036e-02,3.127912e-01,7.955416e-02,2.077730e-02,1.015653e-02,1.185938e-02
1.510374e-02,3.859239e-02,3.559511e-02,3.040631e-02,1.362031e-02,1.928824e-02,1.622991e-03,2.710879e-02,1.736952e-01,7.926539e-02,4.614477e-01,6.521342e-02,1.548914e-02,1.491590e-02,8.635299e-03
1.379029e-02,2.811275e-02,2.762800e-02,2.655376e-02,1.422487e-02,1.620806e-02,1.232274e-03,1.976142e-02,1.361922e-01,6.581521e-02,5.262829e-01,5.848610e-02,1.249150e-02,4.638138e-02,6.839296e-03
1.081422e-02,2.130867e-02,2.121310e-02,1.927940e-02,3.600558e-02,1.190931e-02,9.980631e-04,1.415808e-02,1.065868e-01,4.973192e-02,5.782874e-01,4.941129e-02,9.871943e-03,6.515603e-02,5.268213e-03
8.173410e-03,1.765620e-02,1.791347e-02,1.399626e-02,4.011250e-02,9.926659e-03,7.549250e-04,1.010056e-02,8.724937e-02,3.907586e-02,5.153511e-01,4.251099e-02,7.817442e-03,1.846817e-01,4.679571e-03
7.443533e-03,1.438761e-02,1.447758e-02,1.087625e-02,4.009958e-02,1.052985e-02,6.032789e-04,7.910621e-03,7.173920e-02,3.104112e-02,5.728170e-01,3.684350e-02,7.372314e-03,1.697514e-01,4.107127e-03
6.524805e-03,1.160090e-02,1.138481e-02,8.264964e-03,3.300902e-02,8.523867e-03,4.611106e-04,6.205060e-03,7.030966e-02,2.852627e-02,5.904093e-01,3.948448e-02,6.189032e-03,1.757676e-01,3.339161e-03
5.724815e-03,1.094920e-02,1.401226e-02,6.879753e-03,4.237378e-02,9.315436e-03,3.690386e-04,4.855533e-03,7.964692e-02,2.506020e-02,5.503301e-01,3.574235e-02,5.864308e-03,2.051307e-01,3.745548e-03
5.462110e-03,1.120009e-02,1.669997e-02,6.177162e-03,3.355799e-02,1.036663e-02,3.569094e-04,3.856281e-03,8.659108e-02,2.794790e-02,5.046375e-01,3.493891e-02,6.275559e-03,2.464643e-01,5.467536e-03
4.908404e-03,9.987987e-03,1.524092e-02,4.916240e-03,2.485868e-02,9.363571e-03,3.882093e-04,2.783434e-03,9.236811e-02,8.310597e-02,4.195864e-01,3.408816e-02,7.626651e-03,2.831410e-01,7.636208e-03
5.956941e-03,1.102079e-02,1.312268e-02,3.675174e-03,1.774894e-02,7.391734e-03,3.618061e-04,2.014239e-03,7.901312e-02,8.655257e-02,3.704790e-01,2.827753e-02,6.594979e-03,3.615815e-01,6.208910e-03
4.520162e-03,1.641288e-02,5.140681e-02,2.655216e-03,1.285226e-02,7.913575e-03,2.842420e-04,1.492896e-03,6.305468e-02,8.071332e-02,3.724908e-01,2.072829e-02,5.923894e-03,3.545439e-01,5.007043e-03
3.501465e-03,2.270668e-02,1.133311e-01,1.901184e-03,9.196248e-03,9.484718e-03,2.147361e-04,1.100084e-03,4.929363e-02,6.855647e-02,3.667094e-01,1.481422e-02,5.202566e-03,3.299227e-01,4.064789e-03
2.886291e-03,1.574190e-01,1.096088e-01,1.512839e-03,7.005692e-03,4.293315e-02,1.601408e-04,9.697637e-04,7.095227e-02,5.120758e-02,2.650824e-01,1.042176e-02,3.792359e-03,2.725651e-01,3.482768e-03
3.342054e-03,2.024358e-01,2.253250e-01,7.032527e-03,6.201839e-03,3.365003e-02,1.454834e-04,1.940847e-03,7.974233e-02,4.390552e-02,1.868357e-01,7.341055e-03,2.794665e-03,1.943101e-01,4.997138e-03
3.657647e-03,2.287559e-01,3.260583e-01,9.773405e-03,5.375768e-03,2.695484e-02,1.308009e-04,2.740539e-03,7.660505e-02,3.680394e-02,1.317492e-01,5.170290e-03,2.061430e-03,1.384530e-01,5.709853e-03
4.445288e-03,2.132659e-01,3.762402e-01,5.008216e-02,4.420878e-03,1.981546e-02,1.066683e-04,6.795185e-03,8.686607e-02,3.137536e-02,9.531315e-02,3.818341e-03,2.032275e-03,9.820949e-02,7.213647e-03
9.468567e-03,2.336378e-01,3.769919e-01,4.960967e-02,5.614990e-03,1.607382e-02,1.383146e-04,2.135020e-02,1.094636e-01,2.539182e-02,6.859791e-02,2.840314e-03,1.908713e-03,7.141454e-02,7.497933e-03
1.649496e-02,3.218312e-01,2.977853e-01,4.040081e-02,9.067353e-03,1.212410e-02,1.780997e-04,3.136524e-02,1.154865e-01,2.114195e-02,5.127157e-02,2.175387e-03,2.215918e-03,5.674282e-02,2.171888e-02
2.725726e-02,2.843804e-01,2.795593e-01,4.719417e-02,1.038220e-02,9.299577e-03,2.570836e-04,9.737222e-02,1.027239e-01,1.590713e-02,3.764323e-02,1.675872e-03,2.189878e-03,6.502561e-02,1.913230e-02
3.970614e-02,3.076099e-01,2.292947e-01,3.740915e-02,1.028919e-02,7.980391e-03,3.567641e-04,1.016218e-01,1.081516e-01,1.152108e-02,2.771667e-02,1.341195e-03,1.802836e-03,9.936864e-02,1.583011e-02
3.909447e-02,2.889426e-01,2.252144e-01,3.258817e-02,1.582615e-02,6.922783e-03,1.079914e-03,1.728615e-01,9.377654e-02,8.257746e-03,1.984901e-02,9.923166e-04,1.516952e-03,8.091472e-02,1.216265e-02
4.115019e-02,2.858040e-01,2.414217e-01,2.497146e-02,2.672210e-02,9.397659e-03,1.319222e-03,1.476976e-01,9.347538e-02,6.218422e-03,1.465800e-02,7.760938e-04,1.306389e-03,9.367488e-02,1.140696e-02
4.480165e-02,2.900437e-01,1.891485e-01,1.956306e-02,3.511767e-02,4.360704e-02,1.478772e-03,1.126455e-01,1.307187e-01,5.046761e-03,1.131293e-02,6.643513e-04,1.622675e-03,1.020576e-01,1.217124e-02
7.001082e-02,2.695279e-01,1.555153e-01,3.912736e-02,3.896608e-02,7.763232e-02,1.494809e-03,1.107419e-01,1.164137e-01,4.250159e-03,1.273103e-02,1.484402e-03,2.249975e-03,8.853995e-02,1.131428e-02
8.834073e-02,2.386095e-01,1.154774e-01,3.684621e-02,3.979701e-02,1.312353e-01,1.470301e-03,8.747108e-02,1.327651e-01,4.395477e-03,2.076016e-02,3.130800e-03,3.661568e-03,8.322485e-02,1.281452e-02
6.425522e-02,2.441180e-01,9.336025e-02,7.541210e-02,3.429916e-02,1.755939e-01,1.122823e-03,6.184410e-02,1.327685e-01,6.160729e-03,2.542020e-02,2.950591e-03,3.350799e-03,5.958163e-02,1.976203e-02
4.665203e-02,2.380705e-01,6.751688e-02,6.974532e-02,2.602443e-02,1.542545e-01,8.467617e-04,4.343471e-02,1.605544e-01,1.111814e-02,4.641883e-02,2.687146e-03,3.224986e-03,5.003714e-02,7.941423e-02
3.349038e-02,1.701786e-01,4.754392e-02,5.083556e-02,1.873682e-02,1.118757e-01,6.567304e-04,3.054261e-02,2.814403e-01,1.764730e-02,1.009732e-01,3.290562e-03,4.130256e-03,5.794000e-02,7.071806e-02
2.381151e-02,1.208904e-01,3.362866e-02,3.846939e-02,1.372518e-02,7.864381e-02,5.189590e-04,2.147498e-02,4.582794e-01,1.419103e-02,7.476714e-02,3.113176e-03,3.268350e-03,6.255244e-02,5.266558e-02
1.716817e-02,8.657556e-02,2.369498e-02,2.729622e-02,1.015121e-02,5.594463e-02,4.140884e-04,1.509230e-02,3.473288e-01,1.236498e-02,7.850889e-02,3.869496e-03,6.711707e-03,2.658387e-01,4.904021e-02
1.222341e-02,6.225475e-02,1.669763e-02,1.916376e-02,8.322052e-03,3.986118e-02,3.218914e-04,1.060035e-02,2.700463e-01,9.141223e-03,6.851470e-02,3.363394e-03,7.160326e-03,4.293951e-01,4.293397e-02
9.344468e-03,4.599601e-02,1.184523e-02,1.369318e-02,6.119878e-03,2.926432e-02,2.639812e-04,7.483258e-03,2.466307e-01,7.345912e-03,5.269515e-02,2.813555e-03,5.942799e-03,5.179304e-01,4.263114e-02
7.533147e-03,3.282034e-02,8.574922e-03,1.056981e-02,4.585484e-03,2.348926e-02,2.273745e-04,5.320467e-03,2.944353e-01,6.419330e-03,4.434918e-02,2.723410e-03,6.150604e-03,5.161213e-01,3.668014e-02
6.327011e-03,2.347527e-02,6.258923e-03,7.643485e-03,3.557649e-03,1.770415e-02,1.912657e-04,3.848283e-03,3.220639e-01,6.538024e-03,3.603601e-02,2.349805e-03,5.201764e-03,5.220534e-01,3.675104e-02
4.750501e-03,1.674348e-02,4.608909e-03,5.436456e-03,2.689645e-03,1.271979e-02,1.453933e-04,2.763469e-03,3.456419e-01,6.273111e-03,2.773269e-02,1.780031e-03,3.976399e-03,5.279505e-01,3.678779e-02
3.881455e-03,1.198065e-02,3.439971e-03,4.121647e-03,2.127389e-03,1.026163e-02,1.551283e-04,2.018264e-03,3.928292e-01,1.392737e-02,2.869728e-02,2.200933e-03,4.366344e-03,4.752263e-01,4.476644e-02
3.108038e-03,8.576925e-03,2.499281e-03,3.055300e-03,1.681065e-03,7.988203e-03,1.571222e-04,1.461413e-03,3.728404e-01,2.866987e-02,3.162279e-02,2.386696e-03,4.325315e-03,4.857399e-01,4.588765e-02
2.937817e-03,6.221009e-03,1.878164e-03,2.397727e-03,1.392509e-03,6.298524e-03,1.607496e-04,1.161631e-03,3.610065e-01,4.303034e-02,3.823633e-02,4.545161e-03,6.626613e-03,4.833995e-01,4.070741e-02
3.235728e-03,4.569974e-03,1.475790e-03,2.255296e-03,1.697317e-03,4.795268e-03,1.930061e-04,1.009318e-03,4.043324e-01,7.094295e-02,5.212668e-02,4.191122e-03,8.059736e-03,4.078403e-01,3.327506e-02
2.976404e-03,3.349714e-03,1.236371e-03,2.442751e-03,1.863431e-03,3.771721e-03,2.109655e-04,9.031736e-04,4.621656e-01,8.234408e-02,5.873893e-02,4.140747e-03,8.001474e-03,3.395669e-01,2.828781e-02
3.403384e-03,2.563834e-03,1.277299e-03,2.519334e-03,2.187887e-03,3.042910e-03,1.732568e-04,1.349949e-03,5.409621e-01,8.004391e-02,4.948622e-02,3.649294e-03,6.930965e-03,2.797336e-01,2.267605e-02
3.217826e-03,2.173415e-03,1.764969e-03,2.163645e-03,2.290543e-03,2.334230e-03,1.345442e-04,1.564251e-03,5.950394e-01,7.061706e-02,3.886227e-02,2.696826e-03,5.242304e-03,2.546500e-01,1.724877e-02
2.994011e-03,1.815520e-03,2.381464e-03,1.838328e-03,6.476716e-03,1.903817e-03,1.354495e-04,1.831663e-03,6.222746e-01,5.169947e-02,2.984465e-02,1.961973e-03,3.975450e-03,2.572345e-01,1.363243e-02
4.966336e-03,1.498428e-03,6.319573e-03,5.185311e-03,6.939568e-02,1.808905e-03,1.724478e-04,1.707597e-02,6.227930e-01,3.760809e-02,2.304382e-02,1.582515e-03,3.593293e-03,1.947121e-01,1.024454e-02
6.529410e-03,1.671973e-03,8.999461e-03,6.513925e-03,1.181426e-01,4.653963e-03,1.812269e-04,2.587746e-02,6.145168e-01,2.717404e-02,1.775876e-02,1.201199e-03,2.883418e-03,1.554185e-01,8.477274e-03
1.015052e-02,2.506463e-03,1.666702e-02,9.007627e-03,1.349434e-01,8.053538e-03,1.661935e-04,7.302144e-02,5.796446e-01,1.983590e-02,1.268534e-02,8.725462e-04,2.097910e-03,1.236158e-01,6.731702e-03
1.290878e-02,2.099779e-03,2.779912e-02,9.669216e-03,1.338703e-01,6.508760e-03,1.407849e-04,1.579907e-01,5.165048e-01,1.426753e-02,9.045522e-03,6.275990e-04,1.514264e-03,1.020122e-01,5.040630e-03
2.144316e-02,1.658763e-03,2.584522e-02,1.244642e-02,1.369559e-01,4.897614e-03,1.212743e-04,1.392487e-01,5.526147e-01,1.052181e-02,6.549679e-03,4.621807e-04,1.106386e-03,8.223806e-02,3.890227e-03
2.858242e-02,1.441389e-03,2.456319e-02,1.504017e-02,1.157698e-01,4.228213e-03,1.384362e-04,1.085347e-01,6.156060e-01,7.724276e-03,4.903435e-03,4.209096e-04,8.302224e-04,6.895076e-02,3.266132e-03
3.433356e-02,1.335207e-03,2.183272e-02,1.582805e-02,9.475766e-02,3.818077e-03,2.629448e-04,8.215961e-02,6.627685e-01,5.934932e-03,3.770777e-03,4.147972e-04,6.868559e-04,6.771420e-02,4.382188e-03
3.993244e-02,1.452729e-03,3.084174e-02,1.802907e-02,7.045779e-02,4.181772e-03,4.967410e-04,6.024213e-02,6.972298e-01,5.081540e-03,3.178820e-03,7.557226e-04,6.965400e-04,6.313036e-02,4.292832e-03
4.611573e-02,1.665909e-03,2.994538e-02,1.512239e-02,5.316831e-02,3.719678e-03,6.639906e-04,4.304790e-02,7.134913e-01,5.426214e-03,3.590753e-03,9.322487e-04,6.593497e-04,7.829528e-02,4.155550e-03
