1.000000e+00,0.000000e+00,0.000000e+00,0.000000e+00,0.000000e+00,0.000000e+00,0.000000e+00,0.000000e+00,0.000000e+00,0.000000e+00,0.000000e+00,0.000000e+00,0.000000e+00,0.000000e+00,0.000000e+00
1.000000e+00,0.000000e+00,0.000000e+00,0.000000e+00,0.000000e+00,0.000000e+00,0.000000e+00,0.000000e+00,0.000000e+00,0.000000e+00,0.000000e+00,0.000000e+00,0.000000e+00,0.000000e+00,0.000000e+00
1.000000e+00,0.000000e+00,0.000000e+00,0.000000e+00,0.000000e+00,0.000000e+00,0.000000e+00,0.000000e+00,0.000000e+00,0.000000e+00,0.000000e+00,0.000000e+00,0.000000e+00,0.000000e+00,0.000000e+00
1.000000e+00,0.000000e+00,0.000000e+00,0.000000e+00,0.000000e+00,0.000000e+00,0.000000e+00,0.000000e+00,0.000000e+00,0.000000e+00,0.000000e+00,0.000000e+00,0.000000e+00,0.000000e+00,0.000000e+00
1.000000e+00,0.000000e+00,0.000000e+00,0.000000e+00,0.000000e+00,0.000000e+00,0.000000e+00,0.000000e+00,0.000000e+00,0.000000e+00,0.000000e+00,0.000000e+00,0.000000e+00,0.000000e+00,0.000000e+00
1.000000e+00,0.000000e+00,0.000000e+00,0.000000e+00,0.000000e+00,0.000000e+00,0.000000e+00,0.000000e+00,0.000000e+00,0.000000e+00,0.000000e+00,0.000000e+00,0.000000e+00,0.000000e+00,0.000000e+00
1.000000e+00,0.000000e+00,0.000000e+00,0.000000e+00,0.000000e+00,0.000000e+00,0.000000e+00,0.000000e+00,0.000000e+00,0.000000e+00,0.000000e+00,0.000000e+00,0.000000e+00,0.000000e+00,0.000000e+00
1.000000e+00,0.000000e+00,0.000000e+00,0.000000e+00,0.000000e+00,0.000000e+00,0.000000e+00,0.000000e+00,0.000000e+00,0.000000e+00,0.000000e+00,0.000000e+00,0.000000e+00,0.000000e+00,0.000000e+00
1.000000e+00,0.000000e+00,0.000000e+00,0.000000e+00,0.000000e+00,0.000000e+00,0.000000e+00,0.000000e+00,0.000000e+00,0.000000e+00,0.000000e+00,0.000000e+00,0.000000e+00,0.000000e+00,0.000000e+00
1.000000e+00,0.000000e+00,0.000000e+00,0.000000e+00,0.000000e+00,0.000000e+00,0.000000e+00,0.000000e+00,0.000000e+00,0.000000e+00,0.000000e+00,0.000000e+00,0.000000e+00,0.000000e+00,0.000000e+00
1.000000e+00,0.000000e+00,0.000000e+00,0.000000e+00,0.000000e+00,0.000000e+00,0.000000e+00,0.000000e+00,0.000000e+00,0.000000e+00,0.000000e+00,0.000000e+00,0.000000e+00,0.000000e+00,0.000000e+00
1.000000e+00,0.000000e+00,0.000000e+00,0.000000e+00,0.000000e+00,0.000000e+00,0.000000e+00,0.000000e+00,0.000000e+00,0.000000e+00,0.000000e+00,0.000000e+00,0.000000e+00,0.000000e+00,0.000000e+00
1.000000e+00,0.000000e+00,0.000000e+00,0.000000e+00,0.000000e+00,0.000000e+00,0.000000e+00,0.000000e+00,0.000000e+00,0.000000e+00,0.000000e+00,0.000000e+00,0.000000e+00,0.000000e+00,0.000000e+00
1.000000e+00,0.000000e+00,0.000000e+00,0.000000e+00,0.000000e+00,0.000000e+00,0.000000e+00,0.000000e+00,0.000000e+00,0.000000e+00,0.000000e+00,0.000000e+00,0.000000e+00,0.000000e+00,0.000000e+00
1.000000e+00,0.000000e+00,0.000000e+00,0.000000e+00,0.000000e+00,0.000000e+00,0.000000e+00,0.000000e+00,0.000000e+00,0.000000e+00,0.000000e+00,0.000000e+00,0.000000e+00,0.000000e+00,0.000000e+00
1.000000e+00,0.000000e+00,0.000000e+00,0.000000e+00,0.000000e+00,0.000000e+00,0.000000e+00,0.000000e+00,0.000000e+00,0.000000e+00,0.000000e+00,0.000000e+00,0.000000e+00,0.000000e+00,0.000000e+00
1.000000e+00,0.000000e+00,0.000000e+00,0.000000e+00,0.000000e+00,0.000000e+00,0.000000e+00,0.000000e+00,0.000000e+00,0.000000e+00,0.000000e+00,0.000000e+00,0.000000e+00,0.000000e+00,0.000000e+00
1.000000e+00,0.000000e+00,0.000000e+00,0.000000e+00,0.000000e+00,0.000000e+00,0.000000e+00,0.000000e+00,0.000000e+00,0.000000e+00,0.000000e+00,0.000000e+00,0.000000e+00,0.000000e+00,0.000000e+00
1.000000e+00,0.000000e+00,0.000000e+00,0.000000e+00,0.000000e+00,0.000000e+00,0.000000e+00,0.000000e+00,0.000000e+00,0.000000e+00,0.000000e+00,0.000000e+00,0.000000e+00,0.000000e+00,0.000000e+00
1.000000e+00,0.000000e+00,0.000000e+00,0.000000e+00,0.000000e+00,0.000000e+00,0.000000e+00,0.000000e+00,0.000000e+00,0.000000e+00,0.000000e+00,0.000000e+00,0.000000e+00,0.000000e+00,0.000000e+00
1.000000e+00,0.000000e+00,0.000000e+00,0.000000e+00,0.000000e+00,0.000000e+00,0.000000e+00,0.000000e+00,0.000000e+00,0.000000e+00,0.000000e+00,0.000000e+00,0.000000e+00,0.000000e+00,0.000000e+00
1.000000e+00,0.000000e+00,0.000000e+00,0.000000e+00,0.000000e+00,0.000000e+00,0.000000e+00,0.000000e+00,0.000000e+00,0.000000e+00,0.000000e+00,0.000000e+00,0.000000e+00,0.000000e+00,0.000000e+00
1.000000e+00,0.000000e+00,0.000000e+00,0.000000e+00,0.000000e+00,0.000000e+00,0.000000e+00,0.000000e+00,0.000000e+00,0.000000e+00,0.000000e+00,0.000000e+00,0.000000e+00,0.000000e+00,0.000000e+00
1.000000e+00,0.000000e+00,0.000000e+00,0.000000e+00,0.000000e+00,0.000000e+00,0.000000e+00,0.000000e+00,0.000000e+00,0.000000e+00,0.000000e+00,0.000000e+00,0.000000e+00,0.000000e+00,0.000000e+00
1.000000e+00,0.000000e+00,0.000000e+00,0.000000e+00,0.000000e+00,0.000000e+00,0.000000e+00,0.000000e+00,0.000000e+00,0.000000e+00,0.000000e+00,0.000000e+00,0.000000e+00,0.000000e+00,0.000000e+00
1.000000e+00,0.000000e+00,0.000000e+00,0.000000e+00,0.000000e+00,0.000000e+00,0.000000e+00,0.000000e+00,0.000000e+00,0.000000e+00,0.000000e+00,0.000000e+00,0.000000e+00,0.000000e+00,0.000000e+00
1.000000e+00,0.000000e+00,0.000000e+00,0.000000e+00,0.000000e+00,0.000000e+00,0.000000e+00,0.000000e+00,0.000000e+00,0.000000e+00,0.000000e+00,0.000000e+00,0.000000e+00,0.000000e+00,0.000000e+00
1.000000e+00,0.000000e+00,0.000000e+00,0.000000e+00,0.000000e+00,0.000000e+00,0.000000e+00,0.000000e+00,0.000000e+00,0.000000e+00,0.000000e+00,0.000000e+00,0.000000e+00,0.000000e+00,0.000000e+00
1.000000e+00,0.000000e+00,0.000000e+00,0.000000e+00,0.000000e+00,0.000000e+00,0.000000e+00,0.000000e+00,0.000000e+00,0.000000e+00,0.000000e+00,0.000000e+00,0.000000e+00,0.000000e+00,0.000000e+00
1.000000e+00,0.000000e+00,0.000000e+00,0.000000e+00,0.000000e+00,0.000000e+00,0.000000e+00,0.000000e+00,0.000000e+00,0.000000e+00,0.000000e+00,0.000000e+00,0.000000e+00,0.000000e+00,0.000000e+00
1.000000e+00,0.000000e+00,0.000000e+00,0.000000e+00,0.000000e+00,0.000000e+00,0.000000e+00,0.000000e+00,0.000000e+00,0.000000e+00,0.000000e+00,0.000000e+00,0.000000e+00,0.000000e+00,0.000000e+00
1.000000e+00,0.000000e+00,0.000000e+00,0.000000e+00,0.000000e+00,0.000000e+00,0.000000e+00,0.000000e+00,0.000000e+00,0.000000e+00,0.000000e+00,0.000000e+00,0.000000e+00,0.000000e+00,0.000000e+00
1.000000e+00,0.000000e+00,0.000000e+00,0.000000e+00,0.000000e+00,0.000000e+00,0.000000e+00,0.000000e+00,0.000000e+00,0.000000e+00,0.000000e+00,0.000000e+00,0.000000e+00,0.000000e+00,0.000000e+00
1.000000e+00,0.000000e+00,0.000000e+00,0.000000e+00,0.000000e+00,0.000000e+00,0.000000e+00,0.000000e+00,0.000000e+00,0.000000e+00,0.000000e+00,0.000000e+00,0.000000e+00,0.000000e+00,0.000000e+00
1.000000e+00,0.000000e+00,0.000000e+00,0.000000e+00,0.000000e+00,0.000000e+00,0.000000e+00,0.000000e+00,0.000000e+00,0.000000e+00,0.000000e+00,0.000000e+00,0.000000e+00,0.000000e+00,0.000000e+00
1.000000e+00,0.000000e+00,0.000000e+00,0.000000e+00,0.000000e+00,0.000000e+00,0.000000e+00,0.000000e+00,0.000000e+00,0.000000e+00,0.000000e+00,0.000000e+00,0.000000e+00,0.000000e+00,0.000000e+00
1.000000e+00,0.000000e+00,0.000000e+00,0.000000e+00,0.000000e+00,0.000000e+00,0.000000e+00,0.000000e+00,0.000000e+00,0.000000e+00,0.000000e+00,0.000000e+00,0.000000e+00,0.000000e+00,0.000000e+00
1.000000e+00,0.000000e+00,0.000000e+00,0.000000e+00,0.000000e+00,0.000000e+00,0.000000e+00,0.000000e+00,0.000000e+00,0.000000e+00,0.000000e+00,0.000000e+00,0.000000e+00,0.000000e+00,0.000000e+00
1.000000e+00,0.000000e+00,0.000000e+00,0.000000e+00,0.000000e+00,0.000000e+00,0.000000e+00,0.000000e+00,0.000000e+00,0.000000e+00,0.000000e+00,0.000000e+00,0.000000e+00,0.000000e+00,0.000000e+00
1.000000e+00,0.000000e+00,0.000000e+00,0.000000e+00,0.000000e+00,0.000000e+00,0.000000e+00,0.000000e+00,0.000000e+00,0.000000e+00,0.000000e+00,0.000000e+00,0.000000e+00,0.000000e+00,0.000000e+00
1.000000e+00,0.000000e+00,0.000000e+00,0.000000e+00,0.000000e+00,0.000000e+00,0.000000e+00,0.000000e+00,0.000000e+00,0.000000e+00,0.000000e+00,0.000000e+00,0.000000e+00,0.000000e+00,0.000000e+00
1.000000e+00,0.000000e+00,0.000000e+00,0.000000e+00,0.000000e+00,0.000000e+00,0.000000e+00,0.000000e+00,0.000000e+00,0.000000e+00,0.000000e+00,0.000000e+00,0.000000e+00,0.000000e+00,0.000000e+00
1.000000e+00,0.000000e+00,0.000000e+00,0.000000e+00,0.000000e+00,0.000000e+00,0.000000e+00,0.000000e+00,0.000000e+00,0.000000e+00,0.000000e+00,0.000000e+00,0.000000e+00,0.000000e+00,0.000000e+00
1.000000e+00,0.000000e+00,0.000000e+00,0.000000e+00,0.000000e+00,0.000000e+00,0.000000e+00,0.000000e+00,0.000000e+00,0.000000e+00,0.000000e+00,0.000000e+00,0.000000e+00,0.000000e+00,0.000000e+00
1.000000e+00,0.000000e+00,0.000000e+00,0.000000e+00,0.000000e+00,0.000000e+00,0.000000e+00,0.000000e+00,0.000000e+00,0.000000e+00,0.000000e+00,0.000000e+00,0.000000e+00,0.000000e+00,0.000000e+00
1.000000e+00,0.000000e+00,0.000000e+00,0.000000e+00,0.000000e+00,0.000000e+00,0.000000e+00,0.000000e+00,0.000000e+00,0.000000e+00,0.000000e+00,0.000000e+00,0.000000e+00,0.000000e+00,0.000000e+00
1.000000e+00,0.000000e+00,0.000000e+00,0.000000e+00,0.000000e+00,0.000000e+00,0.000000e+00,0.000000e+00,0.000000e+00,0.000000e+00,0.000000e+00,0.000000e+00,0.000000e+00,0.000000e+00,0.000000e+00
1.000000e+00,0.000000e+00,0.000000e+00,0.000000e+00,0.000000e+00,0.000000e+00,0.000000e+00,0.000000e+00,0.000000e+00,0.000000e+00,0.000000e+00,0.000000e+00,0.000000e+00,0.000000e+00,0.000000e+00
1.000000e+00,0.000000e+00,0.000000e+00,0.000000e+00,0.000000e+00,0.000000e+00,0.000000e+00,0.000000e+00,0.000000e+00,0.000000e+00,0.000000e+00,0.000000e+00,0.000000e+00,0.000000e+00,0.000000e+00
1.000000e+00,0.000000e+00,0.000000e+00,0.000000e+00,0.000000e+00,0.000000e+00,0.000000e+00,0.000000e+00,0.000000e+00,0.000000e+00,0.000000e+00,0.000000e+00,0.000000e+00,0.000000e+00,0.000000e+00
1.000000e+00,0.000000e+00,0.000000e+00,0.000000e+00,0.000000e+00,0.000000e+00,0.000000e+00,0.000000e+00,0.000000e+00,0.000000e+00,0.000000e+00,0.000000e+00,0.000000e+00,0.000000e+00,0.000000e+00
1.000000e+00,0.000000e+00,0.000000e+00,0.000000e+00,0.000000e+00,0.000000e+00,0.000000e+00,0.000000e+00,0.000000e+00,0.000000e+00,0.000000e+00,0.000000e+00,0.000000e+00,0.000000e+00,0.000000e+00
1.000000e+00,0.000000e+00,0.000000e+00,0.000000e+00,0.000000e+00,0.000000e+00,0.000000e+00,0.000000e+00,0.000000e+00,0.000000e+00,0.000000e+00,0.000000e+00,0.000000e+00,0.000000e+00,0.000000e+00
1.000000e+00,0.000000e+00,0.000000e+00,0.000000e+00,0.000000e+00,0.000000e+00,0.000000e+00,0.000000e+00,0.000000e+00,0.000000e+00,0.000000e+00,0.000000e+00,0.000000e+00,0.000000e+00,0.000000e+00
1.000000e+00,0.000000e+00,0.000000e+00,0.000000e+00,0.000000e+00,0.000000e+00,0.000000e+00,0.000000e+00,0.000000e+00,0.000000e+00,0.000000e+00,0.000000e+00,0.000000e+00,0.000000e+00,0.000000e+00
1.000000e+00,0.000000e+00,0.000000e+00,0.000000e+00,0.000000e+00,0.000000e+00,0.000000e+00,0.000000e+00,0.000000e+00,0.000000e+00,0.000000e+00,0.000000e+00,0.000000e+00,0.000000e+00,0.000000e+00
1.000000e+00,0.000000e+00,0.000000e+00,0.000000e+00,0.000000e+00,0.000000e+00,0.000000e+00,0.000000e+00,0.000000e+00,0.000000e+00,0.000000e+00,0.000000e+00,0.000000e+00,0.000000e+00,0.000000e+00
1.000000e+00,0.000000e+00,0.000000e+00,0.000000e+00,0.000000e+00,0.000000e+00,0.000000e+00,0.000000e+00,0.000000e+00,0.000000e+00,0.000000e+00,0.000000e+00,0.000000e+00,0.000000e+00,0.000000e+00
1.000000e+00,0.000000e+00,0.000000e+00,0.000000e+00,0.000000e+00,0.000000e+00,0.000000e+00,0.000000e+00,0.000000e+00,0.000000e+00,0.000000e+00,0.000000e+00,0.000000e+00,0.000000e+00,0.000000e+00
1.000000e+00,0.000000e+00,0.000000e+00,0.000000e+00,0.000000e+00,0.000000e+00,0.000000e+00,0.000000e+00,0.000000e+00,0.000000e+00,0.000000e+00,0.000000e+00,0.000000e+00,0.000000e+00,0.000000e+00
1.000000e+00,0.000000e+00,0.000000e+00,0.000000e+00,0.000000e+00,0.000000e+00,0.000000e+00,0.000000e+00,0.000000e+00,0.000000e+00,0.000000e+00,0.000000e+00,0.000000e+00,0.000000e+00,0.000000e+00
1.000000e+00,0.000000e+00,0.000000e+00,0.000000e+00,0.000000e+00,0.000000e+00,0.000000e+00,0.000000e+00,0.000000e+00,0.000000e+00,0.000000e+00,0.000000e+00,0.000000e+00,0.000000e+00,0.000000e+00
4.370055e-01,2.308491e-02,6.902361e-03,3.986347e-02,4.815938e-03,1.230919e-02,2.455996e-03,4.690118e-03,2.079166e-02,1.561228e-02,2.192708e-01,2.421216e-02,1.005608e-02,4.361510e-02,1.353145e-01
3.061309e-01,1.726604e-02,5.146936e-03,2.991982e-02,3.516781e-03,9.907005e-03,1.735972e-03,3.322332e-03,2.314974e-02,2.439125e-02,3.868238e-01,3.008970e-02,8.434720e-03,4.594921e-02,1.042159e-01
2.145126e-01,1.225954e-02,3.786502e-03,2.115425e-02,4.512792e-03,1.092783e-02,1.231061e-03,2.375115e-03,2.073944e-02,1.657013e-01,3.894268e-01,2.204410e-02,6.627914e-03,5.029619e-02,7.440456e-02
1.502336e-01,9.676844e-03,2.801850e-03,1.506632e-02,3.683281e-03,8.366794e-03,8.688336e-04,1.688786e-03,2.021552e-02,3.491491e-01,3.015375e-01,1.725027e-02,5.750054e-03,6.042133e-02,5.328998e-02
1.052385e-01,7.156131e-03,1.989240e-03,1.070237e-02,3.218751e-03,7.006571e-03,6.153389e-04,1.205103e-03,1.633861e-02,3.834007e-01,3.515532e-01,1.368941e-02,4.237801e-03,5.592239e-02,3.772595e-02
7.391860e-02,5.731043e-03,1.481980e-03,7.850802e-03,3.384594e-03,9.084650e-03,4.503095e-04,8.985980e-04,1.437291e-02,4.790732e-01,3.133304e-01,1.283288e-02,3.343826e-03,4.733713e-02,2.690907e-02
5.196832e-02,4.765856e-03,1.116208e-03,5.698745e-03,3.493595e-03,7.970338e-03,3.282147e-04,6.591253e-04,1.280882e-02,5.452552e-01,2.886589e-01,1.166067e-02,2.762933e-03,4.329004e-02,1.956302e-02
3.684484e-02,5.265754e-03,1.164203e-03,4.658645e-03,3.002287e-03,6.741389e-03,2.567156e-04,6.067635e-04,4.270819e-02,5.322879e-01,2.618632e-01,1.221804e-02,2.852462e-03,7.437325e-02,1.515644e-02
2.707832e-02,4.856968e-03,8.944061e-04,3.407448e-03,2.265195e-03,8.171722e-03,1.954890e-04,4.514958e-04,3.187792e-02,5.841044e-01,2.484519e-01,1.066729e-02,2.276742e-03,6.338671e-02,1.191409e-02
1.914994e-02,4.999308e-03,7.554055e-04,2.475522e-03,1.982557e-03,6.120619e-03,1.399566e-04,3.219300e-04,2.369980e-02,6.470662e-01,2.241380e-01,8.481316e-03,1.893556e-03,4.932154e-02,9.454381e-03
1.345829e-02,4.348054e-03,7.074036e-04,1.775460e-03,1.531597e-03,4.657739e-03,9.947952e-05,2.271009e-04,1.720594e-02,7.404189e-01,1.639725e-01,6.193989e-03,1.546557e-03,3.584704e-02,8.010053e-03
9.540793e-03,3.866225e-03,6.270036e-04,1.308913e-03,1.177755e-03,3.692511e-03,7.234954e-05,1.650457e-04,1.439532e-02,8.033515e-01,1.179669e-01,4.575507e-03,1.302404e-03,2.875846e-02,9.199342e-03
7.208517e-03,3.138219e-03,6.360747e-04,1.291340e-03,1.123322e-03,3.585350e-03,6.925660e-05,1.280970e-04,2.426504e-02,7.840003e-01,1.161517e-01,4.061616e-03,2.149684e-03,4.116932e-02,1.102216e-02
5.267218e-03,2.537550e-03,5.220342e-04,9.814220e-04,1.678695e-03,4.165014e-03,5.255700e-05,9.766577e-05,1.935109e-02,6.661531e-01,2.287245e-01,8.574488e-03,8.671341e-03,4.430747e-02,8.915853e-03
4.340632e-03,3.147260e-03,7.564600e-04,9.168208e-04,4.047123e-03,5.211813e-03,5.400263e-05,1.138933e-04,1.909164e-02,6.607248e-01,2.178772e-01,1.326364e-02,1.245392e-02,4.642436e-02,1.157646e-02
3.501843e-03,3.081262e-03,9.839479e-04,9.517865e-04,4.836978e-03,5.866521e-03,5.468124e-05,1.270271e-04,1.679299e-02,5.977069e-01,2.642157e-01,1.377649e-02,1.115082e-02,6.846659e-02,8.486520e-03
3.429284e-03,3.676107e-03,9.794773e-04,1.548861e-03,6.077768e-03,5.057586e-03,1.143769e-04,2.074979e-04,3.335406e-02,6.125174e-01,2.383689e-01,1.928925e-02,1.093882e-02,5.735178e-02,7.088855e-03
4.290028e-03,3.913059e-03,9.829181e-04,2.543960e-03,6.473409e-03,4.608203e-03,2.140005e-04,6.901668e-04,3.649423e-02,6.208807e-01,2.253106e-01,1.923322e-02,1.064979e-02,5.684961e-02,6.866127e-03
4.626263e-03,4.568487e-03,1.466626e-03,7.768020e-03,1.284640e-02,5.101101e-03,1.003033e-03,3.297850e-03,1.297961e-01,5.637785e-01,1.788217e-01,1.804152e-02,9.337032e-03,5.342473e-02,6.122686e-03
7.010701e-03,5.490494e-03,3.146180e-03,1.164419e-02,2.591463e-02,6.869148e-03,2.376177e-03,5.978915e-03,2.097394e-01,4.876622e-01,1.417450e-01,1.648254e-02,9.245021e-03,6.086250e-02,5.832829e-03
9.178217e-03,1.239287e-02,6.606793e-03,5.301175e-02,2.196280e-02,6.930455e-03,2.375078e-03,1.591222e-02,3.138170e-01,3.662924e-01,1.110846e-01,1.445811e-02,8.210180e-03,5.160514e-02,6.162340e-03
1.029387e-02,2.269811e-02,8.352841e-03,8.195037e-02,1.952118e-02,6.244941e-03,1.956373e-03,1.505564e-02,3.927608e-01,2.804444e-01,8.749203e-02,1.153789e-02,7.866655e-03,4.616195e-02,7.662924e-03
2.284913e-02,2.889849e-02,1.095359e-02,7.053383e-02,2.758455e-02,7.204777e-03,2.850508e-03,1.176586e-02,4.300333e-01,2.303353e-01,8.420655e-02,1.043648e-02,1.022790e-02,3.834437e-02,1.377535e-02
2.614044e-02,3.930154e-02,1.742455e-02,7.503519e-02,3.708184e-02,7.936367e-03,2.921323e-03,1.251195e-02,4.200852e-01,2.126615e-01,6.639868e-02,8.380866e-03,9.511211e-03,4.120715e-02,2.340222e-02
3.209295e-02,6.168175e-02,1.625253e-02,5.571344e-02,4.327620e-02,1.476054e-02,3.365310e-03,1.199156e-02,4.041645e-01,2.199399e-01,5.380230e-02,6.459141e-03,8.593043e-03,3.778534e-02,3.012159e-02
3.262454e-02,6.794732e-02,3.505688e-02,6.578058e-02,5.484469e-02,1.323778e-02,3.223577e-03,3.522740e-02,3.943232e-01,1.843169e-01,4.100849e-02,5.042837e-03,6.931414e-03,2.906804e-02,3.136640e-02
3.211677e-02,6.171344e-02,3.104697e-02,4.826202e-02,4.899793e-02,1.070203e-02,3.651692e-03,1.983957e-01,3.475312e-01,1.343033e-01,2.978978e-02,3.681808e-03,5.511402e-03,2.158849e-02,2.270747e-02
2.975344e-02,4.721797e-02,2.491879e-02,3.571312e-02,4.123495e-02,8.416830e-03,7.725813e-03,3.899190e-01,2.562878e-01,9.897103e-02,2.129138e-02,2.619030e-03,4.221926e-03,1.534448e-02,1.636436e-02
2.672853e-02,3.471301e-02,1.933443e-02,2.565050e-02,3.904654e-02,6.926571e-03,1.159325e-02,5.388038e-01,1.821802e-01,7.183257e-02,1.522777e-02,1.889599e-03,3.490407e-03,1.080847e-02,1.177447e-02
2.208571e-02,2.514875e-02,1.477070e-02,1.855145e-02,3.645860e-02,5.586367e-03,1.216354e-02,6.521028e-01,1.291190e-01,5.288609e-02,1.093428e-02,1.406360e-03,2.674391e-03,7.639814e-03,8.472170e-03
2.287116e-02,1.840032e-02,1.115987e-02,1.363646e-02,2.981868e-02,5.283971e-03,1.123551e-02,7.360294e-01,9.179668e-02,3.714667e-02,7.808651e-03,1.188144e-03,2.070809e-03,5.378793e-03,6.174837e-03
2.751740e-02,1.435708e-02,8.592784e-03,1.067581e-02,2.519342e-02,5.440299e-03,1.198470e-02,7.850317e-01,6.769576e-02,2.619286e-02,5.711928e-03,1.154921e-03,1.685395e-03,3.806676e-03,4.959333e-03
3.533957e-02,1.165386e-02,6.989046e-03,8.068216e-03,1.950171e-02,5.630151e-03,1.536175e-02,8.118027e-01,5.087424e-02,1.862343e-02,4.397886e-03,1.425315e-03,1.799303e-03,2.756210e-03,5.776578e-03
4.478048e-02,1.097284e-02,6.573832e-03,6.522662e-03,1.632524e-02,1.158759e-02,2.166153e-02,8.016142e-01,3.973249e-02,1.406216e-02,4.320875e-03,2.980514e-03,3.299125e-03,2.230038e-03,1.333644e-02
6.282295e-02,1.193505e-02,7.667387e-03,6.725582e-03,1.502157e-02,1.810312e-02,2.221877e-02,7.728850e-01,3.521805e-02,1.131413e-02,4.589845e-03,4.810400e-03,4.074681e-03,1.875992e-03,2.073753e-02
7.268405e-02,1.471494e-02,7.390548e-03,1.076050e-02,1.141548e-02,9.150992e-02,1.719535e-02,5.798226e-01,3.047773e-02,3.173139e-02,1.565659e-02,2.413124e-02,3.288354e-02,2.399808e-03,5.722627e-02
5.206117e-02,1.167224e-02,9.496354e-03,1.837252e-02,8.737069e-03,1.254317e-01,1.259563e-02,4.081893e-01,2.459959e-02,9.245031e-02,2.943543e-02,5.248573e-02,9.402764e-02,2.571075e-03,5.787417e-02
3.702320e-02,8.651251e-03,8.191956e-03,1.511396e-02,6.670101e-03,1.451018e-01,9.055121e-03,2.858638e-01,1.749783e-02,8.258610e-02,2.479590e-02,5.154710e-02,2.489585e-01,2.136047e-03,5.680733e-02
2.653401e-02,6.259325e-03,6.656598e-03,1.119924e-02,4.926460e-03,1.177800e-01,6.446332e-03,2.001747e-01,1.241048e-02,8.247432e-02,2.109534e-02,5.314278e-02,3.972157e-01,1.804019e-03,5.188073e-02
1.876898e-02,4.486332e-03,4.897897e-03,8.089365e-03,3.530448e-03,9.287669e-02,4.640565e-03,1.401535e-01,8.747243e-03,6.765381e-02,1.711432e-02,5.291273e-02,5.338662e-01,1.439154e-03,4.082273e-02
1.319413e-02,3.158675e-03,3.542646e-03,5.754574e-03,2.772217e-03,7.185259e-02,3.422305e-03,9.851054e-02,6.181343e-03,4.868140e-02,1.343683e-02,5.334321e-02,6.446602e-01,1.136120e-03,3.035311e-02
9.301798e-03,2.354441e-03,3.142782e-03,4.089335e-03,2.225341e-03,5.246812e-02,2.740226e-03,6.917042e-02,4.388992e-03,3.715978e-02,1.052810e-02,4.920257e-02,7.289734e-01,8.271255e-04,2.342756e-02
6.543962e-03,1.732656e-03,3.920315e-03,2.958711e-03,3.084189e-03,4.741016e-02,2.207916e-03,4.864739e-02,3.287951e-03,3.149017e-02,9.457471e-03,1.511926e-01,6.700727e-01,6.428037e-04,1.735103e-02
4.667171e-03,1.251112e-03,4.092840e-03,2.346340e-03,1.085153e-02,4.746245e-02,3.084550e-03,3.550938e-02,3.325967e-03,3.705293e-02,8.505254e-03,2.504017e-01,5.766487e-01,6.362107e-04,1.416384e-02
3.447454e-03,9.305028e-04,4.339355e-03,1.807700e-03,3.506638e-02,3.992984e-02,3.240678e-03,2.654047e-02,4.570174e-03,3.926127e-02,8.947848e-03,3.416203e-01,4.761252e-01,7.432419e-04,1.342952e-02
3.055058e-03,7.181217e-04,4.623965e-03,1.809504e-03,1.316207e-01,3.482465e-02,2.461176e-03,2.452506e-02,5.905194e-03,4.500460e-02,8.115698e-03,3.556090e-01,3.708216e-01,9.769856e-04,9.928607e-03
2.714959e-03,5.527026e-04,4.344606e-03,1.529027e-03,2.488978e-01,2.518211e-02,1.911830e-03,2.307889e-02,7.570767e-03,4.012041e-02,7.322648e-03,3.347960e-01,2.936356e-01,9.033949e-04,7.439236e-03
2.958472e-03,4.151838e-04,4.006986e-03,1.181934e-03,3.852646e-01,1.820870e-02,1.833204e-03,2.443625e-02,6.335000e-03,3.257401e-02,6.620680e-03,2.860244e-01,2.230425e-01,8.145692e-04,6.283532e-03
2.796203e-03,3.191141e-04,3.020998e-03,1.023995e-03,3.213338e-01,1.318556e-02,1.907094e-03,2.400457e-02,5.034860e-03,3.841191e-02,7.916398e-03,3.857546e-01,1.892957e-01,1.352439e-03,4.642777e-03
2.406227e-03,2.324049e-04,2.219146e-03,7.606720e-04,2.561695e-01,9.500093e-03,1.834156e-03,2.075762e-02,4.143149e-03,3.148378e-02,7.955260e-03,5.082263e-01,1.498578e-01,1.139765e-03,3.314063e-03
3.282054e-03,2.040728e-04,1.874967e-03,5.943846e-04,2.089638e-01,7.274990e-03,3.277328e-03,2.782621e-02,4.559381e-03,2.717478e-02,6.141839e-03,5.965571e-01,1.088170e-01,1.049849e-03,2.402161e-03
3.200322e-03,1.687827e-04,1.515867e-03,4.393344e-04,1.556179e-01,5.402430e-03,3.269930e-03,3.003133e-02,3.954065e-03,2.014999e-02,4.563211e-03,6.910152e-01,7.800316e-02,9.509407e-04,1.717487e-03
8.790255e-03,4.005238e-04,2.969383e-03,1.745791e-03,1.347669e-01,7.937898e-03,3.653971e-03,3.796317e-02,4.518715e-03,1.707880e-02,3.921134e-03,7.149198e-01,5.841548e-02,1.483338e-03,1.434733e-03
9.622768e-03,3.612769e-04,2.355983e-03,1.436198e-03,1.195503e-01,6.914244e-03,4.382785e-03,3.290536e-02,4.209354e-03,1.284712e-02,3.647318e-03,7.543530e-01,4.457605e-02,1.602500e-03,1.235733e-03
1.114559e-02,4.315536e-04,2.109910e-03,1.411666e-03,1.006524e-01,6.072951e-03,3.542587e-03,3.351017e-02,5.066108e-03,9.754232e-03,2.916539e-03,7.875767e-01,3.324521e-02,1.595547e-03,9.688022e-04
1.810127e-02,7.077089e-04,2.162119e-03,1.773959e-03,1.031050e-01,5.507128e-03,6.332605e-03,3.860788e-02,5.174660e-03,8.549660e-03,2.974486e-03,7.789586e-01,2.557080e-02,1.605513e-03,8.686664e-04
2.304672e-02,8.132971e-04,2.228023e-03,1.557919e-03,8.845394e-02,4.676408e-03,6.466148e-03,4.220289e-02,4.587518e-03,6.470417e-03,2.574865e-03,7.954233e-01,1.951721e-02,1.323973e-03,6.574385e-04
5.235637e-02,1.725843e-03,2.322348e-03,2.052634e-03,7.277295e-02,6.154126e-03,6.175614e-03,3.459027e-02,5.495065e-03,5.871001e-03,2.694632e-03,7.892649e-01,1.528994e-02,2.052406e-03,1.181913e-03
5.886016e-02,1.698076e-03,2.671498e-03,1.750336e-03,6.106779e-02,5.510444e-03,7.062998e-03,3.055607e-02,4.677837e-03,4.526671e-03,2.887870e-03,8.032132e-01,1.246522e-02,2.026112e-03,1.025681e-03
8.694503e-02,3.444221e-03,4.297818e-03,4.322050e-03,5.864542e-02,5.443541e-03,7.591249e-03,4.327563e-02,4.757388e-03,4.098129e-03,3.287775e-03,7.595503e-01,1.127169e-02,2.115014e-03,9.546775e-04
1.649194e-01,4.012518e-03,4.239709e-03,4.292297e-03,5.488678e-02,5.739022e-03,7.274613e-03,4.483405e-02,4.841616e-03,3.721388e-03,3.944275e-03,6.836239e-01,1.049491e-02,2.145639e-03,1.029901e-03
2.389950e-01,4.400582e-03,3.696707e-03,4.143014e-03,4.978219e-02,5.567448e-03,6.693821e-03,3.752673e-02,6.558388e-03,3.569039e-03,7.974617e-03,6.112701e-01,1.370703e-02,4.367396e-03,1.747931e-03
2.474710e-01,1.307156e-02,5.807974e-03,5.069533e-03,4.480221e-02,5.952378e-03,4.902483e-03,2.675489e-02,1.048915e-02,4.426392e-03,8.533460e-02,4.870603e-01,4.910254e-02,6.136313e-03,3.618657e-03
3.245725e-01,1.367611e-02,8.166892e-03,8.337298e-03,5.125026e-02,5.163433e-03,3.805914e-03,2.176419e-02,2.442018e-02,1.103248e-02,9.119854e-02,3.655229e-01,5.841864e-02,8.458213e-03,4.212508e-03
2.717237e-01,2.078578e-02,7.568072e-03,1.204601e-02,6.515610e-02,4.196052e-03,3.081752e-03,1.702760e-02,5.856760e-02,1.222171e-02,1.204446e-01,2.766752e-01,1.084645e-01,1.315017e-02,8.891261e-03
2.258710e-01,1.640893e-02,7.579584e-03,1.145341e-02,5.969825e-02,3.458134e-03,2.270064e-03,1.447376e-02,1.552673e-01,2.049097e-02,1.305782e-01,1.968127e-01,1.019379e-01,1.973794e-02,3.396193e-02
1.679885e-01,1.261322e-02,7.071887e-03,1.012885e-02,4.974365e-02,3.075271e-03,1.660660e-03,1.128106e-02,2.360145e-01,2.418640e-02,1.652506e-01,1.411579e-01,1.012141e-01,3.615905e-02,3.245432e-02
1.226328e-01,9.813664e-03,6.415416e-03,8.254674e-03,3.735559e-02,3.185634e-03,1.210282e-03,8.173506e-03,3.612411e-01,2.143781e-02,1.556186e-01,1.013373e-01,8.655903e-02,5.084106e-02,2.592343e-02
8.966286e-02,7.809395e-03,1.731365e-02,8.116447e-03,2.722032e-02,2.231174e-02,1.243367e-03,1.111759e-02,4.027518e-01,2.287409e-02,1.499297e-01,7.359212e-02,8.363189e-02,5.000700e-02,3.241802e-02
6.491808e-02,6.529956e-03,1.799931e-02,7.635174e-03,2.028945e-02,1.637674e-02,9.293467e-04,9.354714e-03,5.247573e-01,2.217061e-02,1.172415e-01,5.250330e-02,6.354348e-02,4.472351e-02,3.102745e-02
5.310080e-02,1.616828e-02,4.745100e-02,5.116472e-02,2.267732e-02,1.502752e-02,9.327880e-04,8.586284e-03,5.214639e-01,2.284816e-02,8.754103e-02,3.736131e-02,4.565253e-02,3.913457e-02,3.088982e-02
4.217274e-02,1.540191e-02,3.898958e-02,4.058541e-02,1.870782e-02,1.237727e-02,7.134915e-04,6.566191e-03,5.919318e-01,1.733948e-02,7.017018e-02,2.653355e-02,3.301923e-02,5.846242e-02,2.702893e-02
3.546468e-02,1.239281e-02,3.080599e-02,3.011863e-02,1.629416e-02,1.062932e-02,5.840464e-04,5.700834e-03,6.314917e-01,1.342110e-02,5.456517e-02,1.936065e-02,2.480744e-02,8.672115e-02,2.764234e-02
3.017145e-02,1.060266e-02,2.876328e-02,2.911202e-02,1.507681e-02,1.042699e-02,5.064671e-04,6.514908e-03,6.520430e-01,1.032915e-02,4.322626e-02,1.431389e-02,1.936683e-02,1.075056e-01,2.204072e-02
2.384439e-02,8.076935e-03,2.304432e-02,2.091894e-02,1.251693e-02,8.084543e-03,3.629635e-04,5.020896e-03,6.409038e-01,8.106189e-03,4.027276e-02,1.019341e-02,1.466252e-02,1.591478e-01,2.484362e-02
1.900647e-02,7.292394e-03,1.664154e-02,1.500743e-02,9.488781e-03,7.528779e-03,2.756595e-04,3.631331e-03,5.307312e-01,6.203995e-03,2.965164e-02,7.368469e-03,1.150960e-02,3.080397e-01,2.762300e-02
1.593580e-02,6.464883e-03,1.268815e-02,1.168444e-02,7.533689e-03,6.306900e-03,2.008410e-04,3.059018e-03,5.118682e-01,4.817398e-03,2.250832e-02,5.282534e-03,8.496901e-03,3.621289e-01,2.102404e-02
1.711997e-02,6.313708e-03,1.194038e-02,1.150096e-02,7.098665e-03,7.226419e-03,1.776226e-04,4.090299e-03,4.599680e-01,4.795355e-03,1.883617e-02,3.906274e-03,6.498668e-03,4.227361e-01,1.779144e-02
1.519905e-02,5.241891e-03,2.126411e-02,2.771966e-02,7.559004e-03,6.509979e-03,1.638990e-04,4.092980e-03,4.995908e-01,5.219450e-03,2.703767e-02,4.581512e-03,1.234406e-02,3.402865e-01,2.318954e-02
1.316216e-02,3.982180e-03,2.002571e-02,3.193270e-02,6.839137e-03,6.292743e-03,1.456971e-04,8.518843e-03,4.363443e-01,1.090212e-02,1.267266e-01,6.869171e-03,1.980124e-02,2.776298e-01,3.082761e-02
9.996751e-03,4.631775e-03,3.738125e-02,4.525025e-02,7.421135e-03,5.019238e-03,1.692508e-04,6.497455e-03,4.540232e-01,1.099060e-02,1.200993e-01,6.558896e-03,3.195918e-02,2.203061e-01,3.969564e-02
8.060329e-03,3.643662e-03,3.315748e-02,4.226934e-02,8.036339e-03,3.898457e-03,1.993882e-04,6.206618e-03,3.503540e-01,1.301326e-02,2.194074e-01,7.741503e-03,3.624131e-02,2.308716e-01,3.689929e-02
7.821442e-03,3.099560e-03,3.271823e-02,3.346304e-02,6.369346e-03,5.304625e-03,2.143666e-04,1.170432e-02,2.587148e-01,1.553448e-02,1.863536e-01,1.288737e-02,3.691459e-02,3.581044e-01,3.079586e-02
7.359876e-03,4.330914e-03,7.470541e-02,4.298425e-02,8.160747e-03,5.867620e-03,2.970395e-04,2.144773e-02,2.040506e-01,4.101025e-02,1.538376e-01,1.308185e-02,4.505059e-02,3.449754e-01,3.284010e-02
7.874453e-03,4.290583e-03,7.967155e-02,3.743269e-02,8.790409e-03,1.168309e-02,6.244774e-04,2.302898e-02,1.565223e-01,9.932066e-02,1.340759e-01,2.074789e-02,7.280657e-02,3.076731e-01,3.545731e-02
7.418284e-03,4.707537e-03,7.468626e-02,3.652247e-02,1.007324e-02,1.351165e-02,7.280453e-03,3.901887e-02,1.189630e-01,1.395756e-01,1.149506e-01,3.412543e-02,1.320046e-01,2.300143e-01,3.714776e-02
6.432343e-03,3.780315e-03,6.125160e-02,2.987879e-02,9.693540e-03,1.213720e-02,8.025734e-03,4.201822e-02,8.595753e-02,2.132723e-01,9.523039e-02,6.283063e-02,1.401065e-01,1.856629e-01,4.372201e-02
5.654532e-03,3.185902e-03,4.721417e-02,2.324052e-02,8.823102e-03,1.028155e-02,7.406638e-03,3.912293e-02,6.337091e-02,1.841616e-01,7.567053e-02,1.571386e-01,1.490576e-01,1.811425e-01,4.452881e-02
6.540487e-03,6.738390e-03,5.564206e-02,1.784102e-02,1.228690e-02,8.701948e-03,9.769276e-03,4.014017e-02,5.185065e-02,1.509590e-01,5.920954e-02,2.398690e-01,1.562417e-01,1.439573e-01,4.025246e-02
7.181493e-03,6.099093e-03,5.370384e-02,1.385615e-02,1.228372e-02,1.027348e-02,9.752672e-03,7.302454e-02,3.957327e-02,1.116490e-01,4.685301e-02,2.796705e-01,1.525819e-01,1.477947e-01,3.570256e-02
1.118063e-02,1.150576e-02,8.800220e-02,2.220923e-02,2.482912e-02,3.103376e-02,8.296365e-03,7.582491e-02,5.204499e-02,8.263147e-02,3.811401e-02,2.318062e-01,1.766089e-01,1.129694e-01,3.294301e-02
1.642250e-02,1.303589e-02,8.492935e-02,1.735239e-02,4.746929e-02,5.073176e-02,6.676211e-03,6.397047e-02,4.189922e-02,5.892501e-02,2.887467e-02,2.088872e-01,2.505247e-01,8.280919e-02,2.749213e-02
1.635219e-02,1.204593e-02,6.500601e-02,1.580019e-02,5.437903e-02,6.029844e-02,6.487347e-03,5.903423e-02,4.372957e-02,4.398539e-02,3.382394e-02,2.345925e-01,2.675916e-01,6.334831e-02,2.352531e-02
2.103556e-02,1.502699e-02,5.673353e-02,1.421660e-02,4.967352e-02,6.447246e-02,6.264365e-03,5.699117e-02,4.050559e-02,3.552780e-02,3.031337e-02,2.739254e-01,2.671289e-01,4.774402e-02,2.044078e-02
2.319999e-02,1.461583e-02,4.411821e-02,1.044096e-02,4.416281e-02,7.403576e-02,5.872652e-03,4.550702e-02,3.880787e-02,2.602427e-02,2.528905e-02,3.066388e-01,2.893197e-01,3.611128e-02,1.585579e-02
3.977020e-02,1.995464e-02,3.851846e-02,8.524746e-03,3.614115e-02,7.794624e-02,5.270401e-03,4.538612e-02,3.596392e-02,2.083095e-02,2.089697e-02,3.303433e-01,2.785328e-01,2.822439e-02,1.369567e-02
3.892760e-02,1.541771e-02,3.078822e-02,6.263429e-03,2.654113e-02,6.181559e-02,5.604586e-03,4.616694e-02,2.616465e-02,1.505985e-02,1.552568e-02,4.792070e-01,2.017945e-01,2.081027e-02,9.912773e-03
4.539882e-02,2.630713e-02,2.413492e-02,5.060713e-03,2.053838e-02,6.096047e-02,8.834418e-03,4.218411e-02,4.262825e-02,1.242220e-02,1.211196e-02,5.251768e-01,1.499716e-01,1.644446e-02,7.825771e-03
4.430776e-02,7.946517e-02,1.920353e-02,5.870509e-03,1.617279e-02,7.582384e-02,8.685315e-03,3.277446e-02,1.758759e-01,1.013323e-02,9.006388e-03,3.972877e-01,1.071148e-01,1.166600e-02,6.612640e-03
4.127476e-02,9.203685e-02,1.771067e-02,7.745366e-03,1.682969e-02,7.223199e-02,1.201512e-02,2.804046e-02,2.827442e-01,1.002113e-02,7.224943e-03,3.206396e-01,7.741140e-02,8.303132e-03,5.770758e-03
3.271757e-02,1.464232e-01,1.405248e-02,1.187610e-02,1.490147e-02,6.768183e-02,9.763723e-03,2.164469e-02,3.641600e-01,1.072048e-02,5.382854e-03,2.305595e-01,5.744096e-02,5.906056e-03,6.769160e-03
2.828114e-02,1.911096e-01,1.267689e-02,1.025756e-02,1.835233e-02,6.929985e-02,9.088588e-03,2.455982e-02,3.808723e-01,8.750346e-03,4.197875e-03,1.884694e-01,4.366561e-02,4.294435e-03,6.124279e-03
2.427467e-02,2.648007e-01,1.121104e-02,8.829602e-03,1.628037e-02,6.341173e-02,7.180415e-03,2.202523e-02,3.790386e-01,7.500050e-03,3.295128e-03,1.391901e-01,3.721382e-02,3.248017e-03,1.250061e-02
2.460777e-02,2.692137e-01,1.051100e-02,1.098244e-02,1.725995e-02,6.532243e-02,6.109315e-03,1.724416e-02,3.921868e-01,7.316653e-03,4.100468e-03,9.981772e-02,4.194151e-02,2.899380e-03,3.048671e-02
2.422738e-02,1.972197e-01,9.538295e-03,3.517167e-02,1.711513e-02,6.641275e-02,5.765932e-03,1.257864e-02,3.179393e-01,8.429604e-03,9.662064e-03,8.164496e-02,1.774945e-01,3.300815e-03,3.349926e-02
2.139796e-02,1.397023e-01,7.375291e-03,3.081890e-02,1.497285e-02,5.795680e-02,5.695730e-03,9.152857e-03,2.379046e-01,7.507904e-03,2.040950e-02,7.980145e-02,3.354840e-01,2.925960e-03,2.889400e-02
1.783694e-02,9.838139e-02,5.882103e-03,2.349079e-02,1.807055e-02,4.351950e-02,4.639905e-03,6.672139e-03,1.734419e-01,5.930515e-03,3.637088e-02,7.225349e-02,4.593710e-01,2.333672e-03,3.180533e-02
1.464502e-02,6.928881e-02,4.666444e-03,1.763190e-02,1.504766e-02,3.305406e-02,5.107703e-03,4.920072e-03,1.245536e-01,1.194651e-02,6.033427e-02,1.183662e-01,4.802811e-01,2.212715e-03,3.794403e-02
1.132819e-02,4.855978e-02,3.524564e-03,1.273054e-02,1.133031e-02,2.572810e-02,3.944904e-03,5.268142e-03,8.862010e-02,1.186302e-02,9.645462e-02,1.161696e-01,5.316680e-01,2.088947e-03,3.072111e-02
9.124234e-03,3.403334e-02,4.610671e-03,9.357948e-03,8.655339e-03,3.505554e-02,3.459613e-03,7.205248e-03,6.258993e-02,1.161550e-02,1.401453e-01,1.075265e-01,5.345657e-01,1.961921e-03,3.009321e-02
1.828894e-02,2.411563e-02,9.169380e-03,8.067100e-03,3.241190e-02,3.466769e-02,7.534641e-03,1.481038e-02,5.252243e-02,4.596014e-02,1.766921e-01,9.835096e-02,4.364468e-01,1.728996e-03,3.923290e-02
2.938252e-02,1.734354e-02,1.686995e-02,7.052966e-03,6.849192e-02,3.875062e-02,1.344954e-02,2.703683e-02,5.315368e-02,6.590480e-02,1.726882e-01,8.264177e-02,3.537701e-01,1.495698e-03,5.196782e-02
3.906891e-02,1.331553e-02,2.432650e-02,9.144126e-03,7.257777e-02,6.131203e-02,1.185511e-02,3.884843e-02,7.919338e-02,1.091334e-01,1.336010e-01,8.862742e-02,2.738474e-01,1.364339e-03,4.378463e-02
5.024800e-02,1.583847e-02,4.006484e-02,1.079254e-02,6.575222e-02,5.267491e-02,1.467661e-02,3.715841e-02,1.316353e-01,1.046484e-01,1.005808e-01,8.251398e-02,2.216212e-01,1.249244e-03,7.054522e-02
4.918981e-02,1.434015e-02,7.061032e-02,3.486991e-02,6.358170e-02,4.635587e-02,1.336478e-02,4.383916e-02,1.694216e-01,7.908824e-02,7.643573e-02,6.935360e-02,1.803134e-01,1.242142e-03,8.799362e-02
5.451353e-02,1.220960e-02,7.145616e-02,3.137614e-02,5.583699e-02,3.487046e-02,1.122852e-02,1.207062e-01,1.730081e-01,6.633379e-02,6.035259e-02,6.111388e-02,1.440987e-01,1.685839e-03,1.012095e-01
5.480519e-02,1.376380e-02,7.380102e-02,2.722366e-02,5.818994e-02,2.674476e-02,9.395411e-03,1.754286e-01,2.131616e-01,5.354460e-02,4.514774e-02,4.643868e-02,1.062902e-01,1.871973e-03,9.419289e-02
5.774371e-02,2.033500e-02,8.574177e-02,3.730347e-02,5.290632e-02,2.266998e-02,8.961647e-03,2.043729e-01,2.259285e-01,4.543936e-02,3.349952e-02,3.735387e-02,8.031101e-02,2.033013e-03,8.540000e-02
5.232826e-02,2.283719e-02,8.522425e-02,4.023611e-02,4.643714e-02,1.759513e-02,8.030630e-03,3.175972e-01,1.921451e-01,3.795243e-02,2.422489e-02,2.734798e-02,5.982155e-02,1.625094e-03,6.659711e-02
4.755957e-02,2.333438e-02,8.325371e-02,3.563458e-02,3.784171e-02,1.345066e-02,6.619500e-03,4.244922e-01,1.594224e-01,3.314154e-02,1.731212e-02,1.971901e-02,4.302253e-02,1.296549e-03,5.389965e-02
4.432820e-02,1.925614e-02,1.425206e-01,4.323319e-02,2.993923e-02,1.058465e-02,5.201484e-03,4.497256e-01,1.189577e-01,3.658455e-02,1.253931e-02,1.439482e-02,3.147618e-02,1.111038e-03,4.014736e-02
3.965170e-02,1.535208e-02,2.169192e-01,3.765626e-02,2.397561e-02,8.520878e-03,4.144978e-03,4.597372e-01,8.926609e-02,2.972697e-02,9.186038e-03,1.047144e-02,2.327960e-02,1.020573e-03,3.109136e-02
6.081707e-02,2.012006e-02,2.143369e-01,3.010434e-02,2.319040e-02,1.139436e-02,5.992901e-03,4.419586e-01,8.484701e-02,3.961733e-02,7.706011e-03,8.557246e-03,1.949281e-02,1.643848e-03,3.022115e-02
8.887893e-02,2.031308e-02,2.280709e-01,2.725469e-02,1.797454e-02,1.390673e-02,4.928087e-03,3.226444e-01,6.687605e-02,7.495335e-02,1.931328e-02,1.044235e-02,1.492415e-02,6.710340e-03,8.280905e-02
6.248940e-02,1.997246e-02,3.537525e-01,2.564768e-02,1.292806e-02,1.056729e-02,3.686709e-03,2.268972e-01,5.759531e-02,6.392388e-02,2.384379e-02,7.975720e-03,1.072858e-02,7.012176e-03,1.129792e-01
4.398565e-02,1.948022e-02,2.629992e-01,1.888620e-02,9.295097e-03,8.207190e-03,2.721285e-03,1.596927e-01,1.075964e-01,5.318577e-02,7.305110e-02,1.654388e-02,1.263733e-02,2.956119e-02,1.821568e-01
3.175049e-02,1.950504e-02,1.922132e-01,1.694256e-02,8.652210e-03,6.576373e-03,2.142870e-03,1.125815e-01,1.477725e-01,4.194774e-02,1.340653e-01,3.502674e-02,2.365333e-02,7.893413e-02,1.482360e-01
2.236870e-02,1.410559e-02,1.352725e-01,1.234404e-02,6.615988e-03,4.860765e-03,1.608151e-03,7.901870e-02,1.130490e-01,3.312522e-02,1.899669e-01,3.218558e-02,2.216230e-02,2.152914e-01,1.180251e-01
1.590553e-02,1.004433e-02,9.525499e-02,1.143293e-02,5.441210e-03,3.749189e-03,1.331568e-03,5.569876e-02,1.217766e-01,2.752793e-02,2.964463e-01,2.945176e-02,1.646902e-02,2.057499e-01,1.037200e-01
1.143431e-02,7.221146e-03,6.748404e-02,8.559173e-03,4.423493e-03,3.491189e-03,1.046082e-03,3.929429e-02,1.169294e-01,2.698058e-02,2.971447e-01,3.273233e-02,1.408181e-02,2.556799e-01,1.134974e-01
8.864592e-03,5.602906e-03,5.143050e-02,8.964867e-03,4.324541e-03,3.537770e-02,2.059497e-03,3.772886e-02,1.052824e-01,2.131138e-02,2.862330e-01,2.537205e-02,1.176775e-02,2.288856e-01,1.667943e-01
6.458878e-03,4.164489e-03,3.678064e-02,6.927960e-03,3.750463e-03,2.751267e-02,1.556594e-03,2.702143e-02,9.680800e-02,1.945042e-02,3.428247e-01,1.876034e-02,9.022544e-03,1.981917e-01,2.007691e-01
4.713792e-03,3.618798e-03,2.805365e-02,5.937004e-03,1.138873e-02,2.268595e-02,1.377413e-03,2.021456e-02,1.064432e-01,1.648440e-02,3.867248e-01,1.348853e-02,6.640083e-03,1.917769e-01,1.804522e-01
3.708402e-03,2.693249e-03,2.027119e-02,5.381007e-03,9.168362e-03,1.666234e-02,1.063530e-03,1.458186e-02,1.130344e-01,1.802601e-02,4.033099e-01,1.078049e-02,6.448265e-03,2.394540e-01,1.354170e-01
2.949892e-03,2.205852e-03,1.451937e-02,7.250150e-03,8.896112e-03,1.281191e-02,8.852575e-04,1.055310e-02,1.307338e-01,2.679107e-02,4.040354e-01,9.693426e-03,9.716443e-03,2.628150e-01,9.614325e-02
2.230454e-03,1.707134e-03,1.026429e-02,5.478608e-03,6.718724e-03,9.274728e-03,6.784800e-04,7.478113e-03,9.741408e-02,2.244628e-02,4.817492e-01,8.972010e-03,1.034829e-02,2.677522e-01,6.748739e-02
1.653062e-03,1.283863e-03,7.205711e-03,4.029993e-03,4.995567e-03,6.887809e-03,5.156125e-04,5.283794e-03,6.985534e-02,1.989401e-02,5.160889e-01,7.847458e-03,1.076504e-02,2.962188e-01,4.747504e-02
1.393657e-03,1.972371e-03,5.199440e-03,7.458739e-03,9.137333e-02,7.870673e-03,1.106990e-02,3.991874e-03,7.541361e-02,2.007869e-02,4.521808e-01,6.378408e-03,7.885792e-03,2.743348e-01,3.339791e-02
1.622811e-03,3.973864e-03,4.732993e-03,1.471466e-02,7.797948e-02,1.266270e-02,1.264589e-02,4.225482e-03,6.286586e-02,3.005536e-02,4.010797e-01,7.858310e-03,7.833278e-03,3.312463e-01,2.650332e-02
1.556861e-03,5.258495e-03,6.106867e-03,1.744656e-02,6.838246e-02,1.878248e-02,1.324203e-02,6.219153e-03,6.049899e-02,3.636712e-02,4.201516e-01,1.009880e-02,7.143588e-03,3.059765e-01,2.276856e-02
1.892363e-03,6.840323e-03,1.409611e-02,1.552889e-02,5.039865e-02,1.546096e-02,9.497599e-03,6.009773e-03,7.924396e-02,3.834397e-02,4.713080e-01,8.848592e-03,7.225953e-03,2.413536e-01,3.395122e-02
2.579798e-03,1.379618e-02,9.060100e-02,1.719325e-02,4.220308e-02,1.223828e-02,6.958622e-03,8.575431e-03,9.007896e-02,4.693591e-02,4.492634e-01,6.933040e-03,9.210953e-03,1.785255e-01,2.490654e-02
