1.000000e+00,0.000000e+00,0.000000e+00,0.000000e+00,0.000000e+00,0.000000e+00,0.000000e+00,0.000000e+00,0.000000e+00,0.000000e+00,0.000000e+00,0.000000e+00,0.000000e+00,0.000000e+00,0.000000e+00
1.000000e+00,0.000000e+00,0.000000e+00,0.000000e+00,0.000000e+00,0.000000e+00,0.000000e+00,0.000000e+00,0.000000e+00,0.000000e+00,0.000000e+00,0.000000e+00,0.000000e+00,0.000000e+00,0.000000e+00
1.000000e+00,0.000000e+00,0.000000e+00,0.000000e+00,0.000000e+00,0.000000e+00,0.000000e+00,0.000000e+00,0.000000e+00,0.000000e+00,0.000000e+00,0.000000e+00,0.000000e+00,0.000000e+00,0.000000e+00
1.000000e+00,0.000000e+00,0.000000e+00,0.000000e+00,0.000000e+00,0.000000e+00,0.000000e+00,0.000000e+00,0.000000e+00,0.000000e+00,0.000000e+00,0.000000e+00,0.000000e+00,0.000000e+00,0.000000e+00
1.000000e+00,0.000000e+00,0.000000e+00,0.000000e+00,0.000000e+00,0.000000e+00,0.000000e+00,0.000000e+00,0.000000e+00,0.000000e+00,0.000000e+00,0.000000e+00,0.000000e+00,0.000000e+00,0.000000e+00
1.000000e+00,0.000000e+00,0.000000e+00,0.000000e+00,0.000000e+00,0.000000e+00,0.000000e+00,0.000000e+00,0.000000e+00,0.000000e+00,0.000000e+00,0.000000e+00,0.000000e+00,0.000000e+00,0.000000e+00
1.000000e+00,0.000000e+00,0.000000e+00,0.000000e+00,0.000000e+00,0.000000e+00,0.000000e+00,0.000000e+00,0.000000e+00,0.000000e+00,0.000000e+00,0.000000e+00,0.000000e+00,0.000000e+00,0.000000e+00
1.000000e+00,0.000000e+00,0.000000e+00,0.000000e+00,0.000000e+00,0.000000e+00,0.000000e+00,0.000000e+00,0.000000e+00,0.000000e+00,0.000000e+00,0.000000e+00,0.000000e+00,0.000000e+00,0.000000e+00
1.000000e+00,0.000000e+00,0.000000e+00,0.000000e+00,0.000000e+00,0.000000e+00,0.000000e+00,0.000000e+00,0.000000e+00,0.000000e+00,0.000000e+00,0.000000e+00,0.000000e+00,0.000000e+00,0.000000e+00
1.000000e+00,0.000000e+00,0.000000e+00,0.000000e+00,0.000000e+00,0.000000e+00,0.000000e+00,0.000000e+00,0.000000e+00,0.000000e+00,0.000000e+00,0.000000e+00,0.000000e+00,0.000000e+00,0.000000e+00
1.000000e+00,0.000000e+00,0.000000e+00,0.000000e+00,0.000000e+00,0.000000e+00,0.000000e+00,0.000000e+00,0.000000e+00,0.000000e+00,0.000000e+00,0.000000e+00,0.000000e+00,0.000000e+00,0.000000e+00
1.000000e+00,0.000000e+00,0.000000e+00,0.000000e+00,0.000000e+00,0.000000e+00,0.000000e+00,0.000000e+00,0.000000e+00,0.000000e+00,0.000000e+00,0.000000e+00,0.000000e+00,0.000000e+00,0.000000e+00
1.000000e+00,0.000000e+00,0.000000e+00,0.000000e+00,0.000000e+00,0.000000e+00,0.000000e+00,0.000000e+00,0.000000e+00,0.000000e+00,0.000000e+00,0.000000e+00,0.000000e+00,0.000000e+00,0.000000e+00
1.000000e+00,0.000000e+00,0.000000e+00,0.000000e+00,0.000000e+00,0.000000e+00,0.000000e+00,0.000000e+00,0.000000e+00,0.000000e+00,0.000000e+00,0.000000e+00,0.000000e+00,0.000000e+00,0.000000e+00
1.000000e+00,0.000000e+00,0.000000e+00,0.000000e+00,0.000000e+00,0.000000e+00,0.000000e+00,0.000000e+00,0.000000e+00,0.000000e+00,0.000000e+00,0.000000e+00,0.000000e+00,0.000000e+00,0.000000e+00
1.000000e+00,0.000000e+00,0.000000e+00,0.000000e+00,0.000000e+00,0.000000e+00,0.000000e+00,0.000000e+00,0.000000e+00,0.000000e+00,0.000000e+00,0.000000e+00,0.000000e+00,0.000000e+00,0.000000e+00
1.000000e+00,0.000000e+00,0.000000e+00,0.000000e+00,0.000000e+00,0.000000e+00,0.000000e+00,0.000000e+00,0.000000e+00,0.000000e+00,0.000000e+00,0.000000e+00,0.000000e+00,0.000000e+00,0.000000e+00
1.000000e+00,0.000000e+00,0.000000e+00,0.000000e+00,0.000000e+00,0.000000e+00,0.000000e+00,0.000000e+00,0.000000e+00,0.000000e+00,0.000000e+00,0.000000e+00,0.000000e+00,0.000000e+00,0.000000e+00
1.000000e+00,0.000000e+00,0.000000e+00,0.000000e+00,0.000000e+00,0.000000e+00,0.000000e+00,0.000000e+00,0.000000e+00,0.000000e+00,0.000000e+00,0.000000e+00,0.000000e+00,0.000000e+00,0.000000e+00
1.000000e+00,0.000000e+00,0.000000e+00,0.000000e+00,0.000000e+00,0.000000e+00,0.000000e+00,0.000000e+00,0.000000e+00,0.000000e+00,0.000000e+00,0.000000e+00,0.000000e+00,0.000000e+00,0.000000e+00
1.000000e+00,0.000000e+00,0.000000e+00,0.000000e+00,0.000000e+00,0.000000e+00,0.000000e+00,0.000000e+00,0.000000e+00,0.000000e+00,0.000000e+00,0.000000e+00,0.000000e+00,0.000000e+00,0.000000e+00
1.000000e+00,0.000000e+00,0.000000e+00,0.000000e+00,0.000000e+00,0.000000e+00,0.000000e+00,0.000000e+00,0.000000e+00,0.000000e+00,0.000000e+00,0.000000e+00,0.000000e+00,0.000000e+00,0.000000e+00
1.000000e+00,0.000000e+00,0.000000e+00,0.000000e+00,0.000000e+00,0.000000e+00,0.000000e+00,0.000000e+00,0.000000e+00,0.000000e+00,0.000000e+00,0.000000e+00,0.000000e+00,0.000000e+00,0.000000e+00
1.000000e+00,0.000000e+00,0.000000e+00,0.000000e+00,0.000000e+00,0.000000e+00,0.000000e+00,0.000000e+00,0.000000e+00,0.000000e+00,0.000000e+00,0.000000e+00,0.000000e+00,0.000000e+00,0.000000e+00
1.000000e+00,0.000000e+00,0.000000e+00,0.000000e+00,0.000000e+00,0.000000e+00,0.000000e+00,0.000000e+00,0.000000e+00,0.000000e+00,0.000000e+00,0.000000e+00,0.000000e+00,0.000000e+00,0.000000e+00
1.000000e+00,0.000000e+00,0.000000e+00,0.000000e+00,0.000000e+00,0.000000e+00,0.000000e+00,0.000000e+00,0.000000e+00,0.000000e+00,0.000000e+00,0.000000e+00,0.000000e+00,0.000000e+00,0.000000e+00
1.000000e+00,0.000000e+00,0.000000e+00,0.000000e+00,0.000000e+00,0.000000e+00,0.000000e+00,0.000000e+00,0.000000e+00,0.000000e+00,0.000000e+00,0.000000e+00,0.000000e+00,0.000000e+00,0.000000e+00
1.000000e+00,0.000000e+00,0.000000e+00,0.000000e+00,0.000000e+00,0.000000e+00,0.000000e+00,0.000000e+00,0.000000e+00,0.000000e+00,0.000000e+00,0.000000e+00,0.000000e+00,0.000000e+00,0.000000e+00
1.000000e+00,0.000000e+00,0.000000e+00,0.000000e+00,0.000000e+00,0.000000e+00,0.000000e+00,0.000000e+00,0.000000e+00,0.000000e+00,0.000000e+00,0.000000e+00,0.000000e+00,0.000000e+00,0.000000e+00
1.000000e+00,0.000000e+00,0.000000e+00,0.000000e+00,0.000000e+00,0.000000e+00,0.000000e+00,0.000000e+00,0.000000e+00,0.000000e+00,0.000000e+00,0.000000e+00,0.000000e+00,0.000000e+00,0.000000e+00
1.000000e+00,0.000000e+00,0.000000e+00,0.000000e+00,0.000000e+00,0.000000e+00,0.000000e+00,0.000000e+00,0.000000e+00,0.000000e+00,0.000000e+00,0.000000e+00,0.000000e+00,0.000000e+00,0.000000e+00
1.000000e+00,0.000000e+00,0.000000e+00,0.000000e+00,0.000000e+00,0.000000e+00,0.000000e+00,0.000000e+00,0.000000e+00,0.000000e+00,0.000000e+00,0.000000e+00,0.000000e+00,0.000000e+00,0.000000e+00
1.000000e+00,0.000000e+00,0.000000e+00,0.000000e+00,0.000000e+00,0.000000e+00,0.000000e+00,0.000000e+00,0.000000e+00,0.000000e+00,0.000000e+00,0.000000e+00,0.000000e+00,0.000000e+00,0.000000e+00
1.000000e+00,0.000000e+00,0.000000e+00,0.000000e+00,0.000000e+00,0.000000e+00,0.000000e+00,0.000000e+00,0.000000e+00,0.000000e+00,0.000000e+00,0.000000e+00,0.000000e+00,0.000000e+00,0.000000e+00
1.000000e+00,0.000000e+00,0.000000e+00,0.000000e+00,0.000000e+00,0.000000e+00,0.000000e+00,0.000000e+00,0.000000e+00,0.000000e+00,0.000000e+00,0.000000e+00,0.000000e+00,0.000000e+00,0.000000e+00
1.000000e+00,0.000000e+00,0.000000e+00,0.000000e+00,0.000000e+00,0.000000e+00,0.000000e+00,0.000000e+00,0.000000e+00,0.000000e+00,0.000000e+00,0.000000e+00,0.000000e+00,0.000000e+00,0.000000e+00
1.000000e+00,0.000000e+00,0.000000e+00,0.000000e+00,0.000000e+00,0.000000e+00,0.000000e+00,0.000000e+00,0.000000e+00,0.000000e+00,0.000000e+00,0.000000e+00,0.000000e+00,0.000000e+00,0.000000e+00
1.000000e+00,0.000000e+00,0.000000e+00,0.000000e+00,0.000000e+00,0.000000e+00,0.000000e+00,0.000000e+00,0.000000e+00,0.000000e+00,0.000000e+00,0.000000e+00,0.000000e+00,0.000000e+00,0.000000e+00
1.000000e+00,0.000000e+00,0.000000e+00,0.000000e+00,0.000000e+00,0.000000e+00,0.000000e+00,0.000000e+00,0.000000e+00,0.000000e+00,0.000000e+00,0.000000e+00,0.000000e+00,0.000000e+00,0.000000e+00
1.000000e+00,0.000000e+00,0.000000e+00,0.000000e+00,0.000000e+00,0.000000e+00,0.000000e+00,0.000000e+00,0.000000e+00,0.000000e+00,0.000000e+00,0.000000e+00,0.000000e+00,0.000000e+00,0.000000e+00
1.000000e+00,0.000000e+00,0.000000e+00,0.000000e+00,0.000000e+00,0.000000e+00,0.000000e+00,0.000000e+00,0.000000e+00,0.000000e+00,0.000000e+00,0.000000e+00,0.000000e+00,0.000000e+00,0.000000e+00
1.000000e+00,0.000000e+00,0.000000e+00,0.000000e+00,0.000000e+00,0.000000e+00,0.000000e+00,0.000000e+00,0.000000e+00,0.000000e+00,0.000000e+00,0.000000e+00,0.000000e+00,0.000000e+00,0.000000e+00
1.000000e+00,0.000000e+00,0.000000e+00,0.000000e+00,0.000000e+00,0.000000e+00,0.000000e+00,0.000000e+00,0.000000e+00,0.000000e+00,0.000000e+00,0.000000e+00,0.000000e+00,0.000000e+00,0.000000e+00
1.000000e+00,0.000000e+00,0.000000e+00,0.000000e+00,0.000000e+00,0.000000e+00,0.000000e+00,0.000000e+00,0.000000e+00,0.000000e+00,0.000000e+00,0.000000e+00,0.000000e+00,0.000000e+00,0.000000e+00
1.000000e+00,0.000000e+00,0.000000e+00,0.000000e+00,0.000000e+00,0.000000e+00,0.000000e+00,0.000000e+00,0.000000e+00,0.000000e+00,0.000000e+00,0.000000e+00,0.000000e+00,0.000000e+00,0.000000e+00
1.000000e+00,0.000000e+00,0.000000e+00,0.000000e+00,0.000000e+00,0.000000e+00,0.000000e+00,0.000000e+00,0.000000e+00,0.000000e+00,0.000000e+00,0.000000e+00,0.000000e+00,0.000000e+00,0.000000e+00
1.000000e+00,0.000000e+00,0.000000e+00,0.000000e+00,0.000000e+00,0.000000e+00,0.000000e+00,0.000000e+00,0.000000e+00,0.000000e+00,0.000000e+00,0.000000e+00,0.000000e+00,0.000000e+00,0.000000e+00
1.000000e+00,0.000000e+00,0.000000e+00,0.000000e+00,0.000000e+00,0.000000e+00,0.000000e+00,0.000000e+00,0.000000e+00,0.000000e+00,0.000000e+00,0.000000e+00,0.000000e+00,0.000000e+00,0.000000e+00
1.000000e+00,0.000000e+00,0.000000e+00,0.000000e+00,0.000000e+00,0.000000e+00,0.000000e+00,0.000000e+00,0.000000e+00,0.000000e+00,0.000000e+00,0.000000e+00,0.000000e+00,0.000000e+00,0.000000e+00
1.000000e+00,0.000000e+00,0.000000e+00,0.000000e+00,0.000000e+00,0.000000e+00,0.000000e+00,0.000000e+00,0.000000e+00,0.000000e+00,0.000000e+00,0.000000e+00,0.000000e+00,0.000000e+00,0.000000e+00
1.000000e+00,0.000000e+00,0.000000e+00,0.000000e+00,0.000000e+00,0.000000e+00,0.000000e+00,0.000000e+00,0.000000e+00,0.000000e+00,0.000000e+00,0.000000e+00,0.000000e+00,0.000000e+00,0.000000e+00
1.000000e+00,0.000000e+00,0.000000e+00,0.000000e+00,0.000000e+00,0.000000e+00,0.000000e+00,0.000000e+00,0.000000e+00,0.000000e+00,0.000000e+00,0.000000e+00,0.000000e+00,0.000000e+00,0.000000e+00
1.000000e+00,0.000000e+00,0.000000e+00,0.000000e+00,0.000000e+00,0.000000e+00,0.000000e+00,0.000000e+00,0.000000e+00,0.000000e+00,0.000000e+00,0.000000e+00,0.000000e+00,0.000000e+00,0.000000e+00
1.000000e+00,0.000000e+00,0.000000e+00,0.000000e+00,0.000000e+00,0.000000e+00,0.000000e+00,0.000000e+00,0.000000e+00,0.000000e+00,0.000000e+00,0.000000e+00,0.000000e+00,0.000000e+00,0.000000e+00
1.000000e+00,0.000000e+00,0.000000e+00,0.000000e+00,0.000000e+00,0.000000e+00,0.000000e+00,0.000000e+00,0.000000e+00,0.000000e+00,0.000000e+00,0.000000e+00,0.000000e+00,0.000000e+00,0.000000e+00
1.000000e+00,0.000000e+00,0.000000e+00,0.000000e+00,0.000000e+00,0.000000e+00,0.000000e+00,0.000000e+00,0.000000e+00,0.000000e+00,0.000000e+00,0.000000e+00,0.000000e+00,0.000000e+00,0.000000e+00
3.821470e-01,2.275585e-02,1.641542e-01,4.084785e-02,1.347499e-02,3.422122e-02,4.871261e-02,2.218774e-01,6.208731e-03,2.555088e-03,8.968193e-03,1.596676e-02,1.569454e-02,2.921108e-03,1.949434e-02
3.906316e-01,1.844274e-02,1.483880e-01,3.179469e-02,1.121281e-02,3.265719e-02,5.768658e-02,2.488482e-01,4.699018e-03,2.176038e-03,7.361466e-03,1.327289e-02,1.360931e-02,2.741104e-03,1.647832e-02
4.206785e-01,1.741109e-02,1.387515e-01,2.694592e-02,1.028608e-02,4.204823e-02,5.808266e-02,2.255835e-01,3.775383e-03,2.381787e-03,7.484071e-03,1.252356e-02,1.460757e-02,3.249438e-03,1.619064e-02
4.490281e-01,1.848254e-02,1.044872e-01,3.667063e-02,8.607855e-03,4.155057e-02,4.248913e-02,1.918753e-01,8.294793e-03,5.683854e-03,1.403119e-02,1.657623e-02,3.075821e-02,5.301232e-03,2.616312e-02
1.000000e+00,0.000000e+00,0.000000e+00,0.000000e+00,0.000000e+00,0.000000e+00,0.000000e+00,0.000000e+00,0.000000e+00,0.000000e+00,0.000000e+00,0.000000e+00,0.000000e+00,0.000000e+00,0.000000e+00
4.131143e-01,7.075900e-02,5.584339e-02,1.709366e-01,1.040811e-02,2.686757e-02,2.250168e-02,9.830044e-02,1.795078e-02,9.402953e-03,1.669014e-02,1.540812e-02,4.462280e-02,3.752270e-03,2.344181e-02
2.907580e-01,5.121861e-02,3.957213e-02,1.692948e-01,7.881477e-03,2.140732e-02,1.621846e-02,6.926351e-02,2.537956e-02,9.728839e-03,1.601951e-02,1.839574e-02,2.377501e-01,3.041802e-03,2.407015e-02
2.044701e-01,3.840784e-02,2.804562e-02,1.573891e-01,6.090234e-03,2.043863e-02,1.353850e-02,4.922058e-02,3.607315e-02,8.686746e-03,1.403707e-02,1.761486e-02,3.815126e-01,2.369105e-03,2.210589e-02
1.434607e-01,7.228716e-02,2.034751e-02,1.829170e-01,5.059071e-03,1.457419e-02,9.706401e-03,3.451709e-02,1.951642e-01,6.555798e-03,1.094467e-02,1.280103e-02,2.701097e-01,1.909635e-03,1.964577e-02
1.009255e-01,5.211151e-02,1.519396e-02,1.527402e-01,4.699900e-03,1.356910e-02,7.383586e-03,2.446078e-02,1.601714e-01,4.730949e-03,1.563572e-02,2.070606e-02,4.087819e-01,1.769521e-03,1.711984e-02
7.163695e-02,3.796661e-02,1.238448e-02,1.270359e-01,5.062941e-03,1.111197e-02,5.814947e-03,1.738431e-02,1.286578e-01,4.243067e-03,2.427055e-02,3.928016e-02,4.964025e-01,1.664125e-03,1.708373e-02
5.196827e-02,2.706299e-02,1.167933e-02,9.258227e-02,8.464704e-03,9.259667e-03,4.704576e-03,1.271185e-02,9.641089e-02,3.290961e-03,2.064694e-02,5.339657e-02,5.283332e-01,2.169411e-03,7.731839e-02
3.913217e-02,1.950341e-02,9.193408e-03,6.524539e-02,8.763055e-03,7.138591e-03,3.804774e-03,9.272506e-03,7.357845e-02,2.920742e-03,1.563527e-02,4.877226e-02,4.971056e-01,3.950066e-03,1.959844e-01
3.517340e-02,1.691903e-02,1.298542e-02,4.911417e-02,9.205005e-03,2.859310e-02,3.407485e-03,8.898920e-03,6.084172e-02,7.286159e-03,2.111777e-02,7.545973e-02,4.942127e-01,8.893539e-03,1.678918e-01
2.595718e-02,1.205663e-02,9.489600e-03,3.465155e-02,6.972308e-03,3.462135e-02,2.526487e-03,6.419808e-03,4.498051e-02,6.403556e-03,2.733275e-02,1.276042e-01,5.292021e-01,7.233363e-03,1.245486e-01
1.932638e-02,8.684368e-03,7.140091e-03,2.462144e-02,5.877404e-03,2.950348e-02,1.957899e-03,4.939951e-03,3.426129e-02,6.777594e-03,2.840112e-02,1.542373e-01,5.752957e-01,5.690093e-03,9.328590e-02
1.613321e-02,6.590035e-03,7.998828e-03,1.770741e-02,1.584715e-02,2.282520e-02,1.883596e-03,5.678313e-03,3.563681e-02,1.081467e-02,5.195674e-02,1.447513e-01,5.777146e-01,4.949041e-03,7.951316e-02
1.537682e-02,5.371340e-03,8.016238e-03,1.279748e-02,2.859690e-02,1.841030e-02,2.225874e-03,4.830022e-03,4.449657e-02,1.628464e-02,7.814915e-02,1.512387e-01,5.329264e-01,5.955858e-03,7.532361e-02
4.493171e-02,1.106463e-02,1.961903e-02,1.437649e-02,3.593478e-02,5.397952e-02,2.106061e-03,5.523666e-03,7.298667e-02,1.648797e-02,7.672612e-02,1.622057e-01,4.053687e-01,1.622869e-02,6.246023e-02
3.564575e-02,1.642310e-02,1.578897e-02,1.142148e-02,3.276530e-02,6.870016e-02,2.227203e-03,9.425154e-03,2.159010e-01,1.439300e-02,6.539467e-02,1.407460e-01,3.080974e-01,1.302368e-02,5.004720e-02
2.753728e-02,1.598788e-02,1.304010e-02,8.746641e-03,2.847914e-02,6.809954e-02,3.137777e-03,2.163805e-02,3.305873e-01,1.191496e-02,5.794524e-02,1.273258e-01,2.356351e-01,9.840071e-03,4.008513e-02
2.164578e-02,2.504974e-02,1.815773e-02,6.715738e-03,2.212308e-02,7.315531e-02,3.724631e-03,4.356589e-02,3.212087e-01,1.033706e-02,4.698448e-02,1.812223e-01,1.864277e-01,9.017253e-03,3.066461e-02
1.786219e-02,3.874177e-02,2.288206e-02,6.600997e-03,1.654576e-02,9.421220e-02,4.277982e-03,6.378292e-02,3.213492e-01,9.001850e-03,3.627285e-02,1.887092e-01,1.487857e-01,7.255862e-03,2.371946e-02
1.745094e-02,9.551129e-02,2.405176e-02,8.593081e-03,1.251322e-02,1.248854e-01,3.569991e-03,4.746902e-02,3.252677e-01,1.182564e-02,2.893059e-02,1.465804e-01,1.161010e-01,5.716073e-03,3.153384e-02
1.292622e-02,1.311220e-01,2.364835e-02,1.434449e-02,9.093461e-03,9.651311e-02,2.649141e-03,3.361114e-02,4.154077e-01,1.389868e-02,2.524950e-02,1.063068e-01,8.416127e-02,4.548187e-03,2.651993e-02
1.120086e-02,1.137711e-01,1.777269e-02,1.149449e-02,6.962172e-03,9.373724e-02,2.005449e-03,2.407840e-02,4.088506e-01,1.117675e-02,8.154902e-02,8.899344e-02,9.914579e-02,5.169628e-03,2.409234e-02
1.337755e-02,8.149106e-02,1.759661e-02,1.038098e-02,9.900540e-03,7.317114e-02,2.746110e-03,5.908790e-02,3.419661e-01,8.524828e-03,1.554711e-01,8.915803e-02,1.126876e-01,4.516034e-03,1.992453e-02
3.984513e-02,5.953166e-02,1.672276e-02,2.289966e-02,2.176262e-02,6.684771e-02,5.419016e-03,5.308031e-02,2.958583e-01,7.796487e-03,1.446600e-01,7.379743e-02,1.591480e-01,5.054486e-03,2.757653e-02
4.691882e-02,4.556107e-02,2.924444e-02,3.277685e-02,4.091744e-02,8.137836e-02,1.759748e-02,7.897089e-02,2.505648e-01,8.126874e-03,1.242118e-01,5.355069e-02,1.409706e-01,4.675879e-03,4.453415e-02
3.578110e-02,3.626100e-02,2.907203e-02,8.052984e-02,3.978669e-02,6.583661e-02,1.651055e-02,6.360608e-02,2.518723e-01,1.622263e-02,1.010491e-01,4.082066e-02,1.316248e-01,4.886977e-03,8.613968e-02
3.565643e-02,4.302181e-02,3.081830e-02,7.239708e-02,6.004336e-02,5.486010e-02,2.215803e-02,5.637546e-02,2.163071e-01,1.821289e-02,1.071823e-01,3.311269e-02,1.483215e-01,5.164349e-03,9.636872e-02
2.781075e-02,3.566528e-02,2.758548e-02,8.879560e-02,4.753190e-02,4.237959e-02,1.761360e-02,4.457673e-02,2.005248e-01,2.868539e-02,1.112361e-01,2.804186e-02,1.657299e-01,1.178156e-02,1.220416e-01
2.372079e-02,3.136857e-02,2.104693e-02,9.655681e-02,3.902521e-02,3.567376e-02,1.474988e-02,3.255562e-02,1.762375e-01,3.512488e-02,1.107166e-01,2.356000e-02,1.919330e-01,1.407946e-02,1.536510e-01
1.713942e-02,2.474402e-02,1.523540e-02,7.276002e-02,2.874388e-02,3.150790e-02,1.273825e-02,2.314975e-02,1.355543e-01,6.014454e-02,9.048492e-02,1.886744e-02,1.871047e-01,2.345069e-02,2.583748e-01
1.277309e-02,1.766177e-02,1.201207e-02,5.776946e-02,2.108019e-02,2.269261e-02,9.245332e-03,1.656719e-02,9.691004e-02,1.759959e-01,8.652481e-02,1.599916e-02,1.600804e-01,1.927724e-02,2.754108e-01
9.499038e-03,1.315625e-02,8.928561e-03,4.548484e-02,1.528292e-02,1.684827e-02,7.235443e-03,1.169016e-02,7.023559e-02,3.032636e-01,6.938195e-02,1.417317e-02,1.340219e-01,1.505836e-02,2.657400e-01
7.628681e-03,9.522826e-03,6.740977e-03,3.308208e-02,1.114665e-02,1.227477e-02,5.284202e-03,8.419523e-03,5.739804e-02,2.712094e-01,5.563725e-02,1.044854e-02,9.964406e-02,1.693366e-02,3.946294e-01
6.256913e-03,6.942050e-03,4.912876e-03,2.509651e-02,8.274066e-03,9.227204e-03,3.931373e-03,6.077475e-03,5.091033e-02,2.359777e-01,5.376663e-02,7.826048e-03,7.809535e-02,2.276846e-02,4.799371e-01
4.685985e-03,5.017042e-03,3.551749e-03,1.772777e-02,6.370232e-03,7.153864e-03,2.794895e-03,4.337658e-03,3.891909e-02,1.817923e-01,4.762360e-02,5.755076e-03,5.570298e-02,6.304084e-02,5.555270e-01
4.805934e-03,3.638577e-03,2.672166e-03,1.253644e-02,5.134006e-03,5.626448e-03,1.986332e-03,3.134873e-03,3.382704e-02,1.339493e-01,7.392623e-02,4.320126e-03,4.095482e-02,1.071182e-01,5.663696e-01
4.785454e-03,2.688115e-03,2.105416e-03,8.950865e-03,4.240936e-03,1.438978e-02,1.464591e-03,2.273259e-03,2.874849e-02,9.902672e-02,1.119364e-01,3.530264e-03,3.132353e-02,1.638081e-01,5.207282e-01
8.832247e-03,2.681512e-03,6.201715e-03,7.305365e-03,3.899532e-03,2.294215e-02,1.455321e-03,1.841995e-03,3.535407e-02,7.768691e-02,1.396589e-01,4.413642e-03,2.563300e-02,1.878931e-01,4.742006e-01
1.005785e-02,4.690160e-03,1.127437e-02,5.946746e-03,3.809206e-03,2.362860e-02,1.231696e-03,1.925794e-03,8.232836e-02,6.375415e-02,1.375020e-01,4.736756e-03,2.012689e-02,2.249465e-01,4.040410e-01
9.604677e-03,4.497559e-03,9.483873e-03,4.494094e-03,3.107774e-03,2.194015e-02,9.243809e-04,1.396283e-03,6.786707e-02,4.608460e-02,1.116896e-01,3.846420e-03,1.493915e-02,4.037361e-01,2.963883e-01
1.114726e-02,4.022548e-03,1.582093e-02,4.026416e-03,3.152082e-03,1.696145e-02,7.458869e-04,1.454773e-03,9.408994e-02,3.363430e-02,8.431170e-02,2.974835e-03,1.112625e-02,5.029479e-01,2.135838e-01
1.110208e-02,3.842459e-03,2.839268e-02,3.035993e-03,2.874154e-03,1.273130e-02,5.557058e-04,1.366441e-03,9.603570e-02,2.543910e-02,6.245269e-02,2.222626e-03,8.076282e-03,5.887299e-01,1.531429e-01
1.887884e-02,7.701076e-03,4.401810e-02,1.468412e-02,9.304003e-03,1.313490e-02,5.416668e-04,2.159324e-03,1.488644e-01,2.012438e-02,4.741765e-02,2.000459e-03,6.333663e-03,5.490485e-01,1.157889e-01
1.807946e-02,6.826561e-03,3.753483e-02,1.106096e-02,1.004128e-02,1.042241e-02,4.398000e-04,1.702495e-03,1.810054e-01,1.768501e-02,3.639250e-02,1.708880e-03,4.865818e-03,5.724393e-01,8.979528e-02
1.810011e-02,6.420248e-03,3.002947e-02,8.143281e-03,8.895545e-03,9.718235e-03,3.631019e-04,1.358842e-03,2.133688e-01,1.702409e-02,3.058880e-02,1.595620e-03,4.060432e-03,5.492052e-01,1.011282e-01
1.593610e-02,5.069129e-03,2.348352e-02,5.938685e-03,7.393845e-03,7.728518e-03,2.883346e-04,1.320394e-03,2.958187e-01,1.564197e-02,2.642372e-02,1.359218e-03,3.814353e-03,4.927887e-01,9.699482e-02
1.393671e-02,4.553677e-03,1.778200e-02,4.459502e-03,6.890711e-03,5.771819e-03,2.202230e-04,1.300842e-03,3.275510e-01,1.285231e-02,2.018573e-02,1.044094e-03,3.304503e-03,5.007398e-01,7.940704e-02
1.335078e-02,5.875522e-03,1.539576e-02,8.430514e-03,5.991532e-03,4.689683e-03,2.026201e-04,1.403771e-03,4.276236e-01,1.940076e-02,1.547778e-02,9.237248e-04,3.234305e-03,3.798654e-01,9.813419e-02
1.119358e-02,5.304363e-03,1.190557e-02,6.302789e-03,4.983000e-03,4.433481e-03,1.870036e-04,1.316009e-03,4.565508e-01,2.647805e-02,1.278300e-02,9.198428e-04,3.731092e-03,3.407668e-01,1.131446e-01
1.087683e-02,8.684466e-03,1.997643e-02,1.401249e-02,6.462832e-03,3.568980e-03,3.612171e-04,3.278768e-03,5.010749e-01,3.276968e-02,1.269864e-02,1.029329e-03,4.226038e-03,2.906415e-01,9.033797e-02
1.764480e-02,1.382907e-02,4.861984e-02,1.988209e-02,6.987102e-03,3.732542e-03,6.055221e-04,4.834113e-03,5.117429e-01,3.011781e-02,1.812891e-02,2.378216e-03,1.378320e-02,2.319773e-01,7.573663e-02
2.723773e-02,1.915913e-02,1.184935e-01,2.190426e-02,8.966371e-03,4.296809e-03,9.754268e-04,1.064666e-02,4.136051e-01,2.952611e-02,2.356118e-02,4.056829e-03,2.275891e-02,2.101109e-01,8.470114e-02
2.424738e-02,2.255141e-02,2.480562e-01,2.071185e-02,8.746668e-03,4.131448e-03,8.976166e-04,1.108879e-02,3.036740e-01,2.596629e-02,2.313555e-02,5.137621e-03,2.504674e-02,1.539595e-01,1.226489e-01
3.193782e-02,2.728375e-02,2.292280e-01,2.281632e-02,1.315149e-02,5.455867e-03,1.130149e-03,1.743975e-02,2.483165e-01,4.930759e-02,3.369005e-02,1.246401e-02,4.144539e-02,1.261140e-01,1.402194e-01
3.702885e-02,2.797833e-02,1.832431e-01,1.893553e-02,1.611710e-02,6.373482e-03,1.772445e-03,3.143785e-02,2.134953e-01,1.422064e-01,3.627387e-02,1.657878e-02,5.430909e-02,1.019440e-01,1.123060e-01
3.638273e-02,4.874625e-02,1.474415e-01,2.290818e-02,3.380088e-02,9.135682e-03,4.740452e-03,5.649506e-02,2.067462e-01,1.203118e-01,3.894463e-02,2.339949e-02,8.643459e-02,7.345583e-02,9.105682e-02
4.145660e-02,4.927541e-02,1.107513e-01,2.222028e-02,3.210753e-02,1.198148e-02,4.965525e-03,5.521734e-02,1.843762e-01,9.999297e-02,3.831217e-02,2.498262e-02,1.337999e-01,5.391137e-02,1.366494e-01
3.298267e-02,5.611935e-02,9.237572e-02,1.947792e-02,6.392226e-02,1.098641e-02,8.692050e-03,5.007417e-02,1.632843e-01,7.791217e-02,3.342957e-02,2.428111e-02,1.538283e-01,4.443408e-02,1.682000e-01
2.699886e-02,7.152110e-02,7.656754e-02,1.613257e-02,7.436538e-02,1.380394e-02,8.134038e-03,6.592718e-02,1.795613e-01,6.250503e-02,2.693176e-02,2.444813e-02,1.551345e-01,3.849233e-02,1.594764e-01
3.273469e-02,6.776511e-02,1.030715e-01,1.594829e-02,6.110654e-02,1.584934e-02,7.803035e-03,1.136605e-01,1.626794e-01,6.500360e-02,2.109298e-02,2.445444e-02,1.156202e-01,3.474789e-02,1.584625e-01
4.751772e-02,6.877269e-02,9.777238e-02,1.293408e-02,5.536348e-02,1.715802e-02,7.994789e-03,1.537996e-01,1.401020e-01,6.342312e-02,1.698825e-02,2.590214e-02,8.682063e-02,3.625286e-02,1.691983e-01
4.797021e-02,7.004578e-02,9.294863e-02,1.017878e-02,5.090760e-02,1.766444e-02,7.983455e-03,2.039884e-01,1.273423e-01,4.775098e-02,1.331202e-02,3.062502e-02,7.043742e-02,3.037900e-02,1.784659e-01
5.136931e-02,6.601013e-02,8.238488e-02,7.779471e-03,6.876247e-02,2.082332e-02,1.215135e-02,2.579472e-01,1.045213e-01,3.516433e-02,1.047464e-02,4.505758e-02,7.387462e-02,2.440340e-02,1.392760e-01
4.631534e-02,6.879698e-02,9.107743e-02,6.662334e-03,7.507242e-02,2.018126e-02,1.270516e-02,3.083374e-01,9.236191e-02,2.893924e-02,8.557699e-03,4.915036e-02,6.417710e-02,1.955411e-02,1.081112e-01
6.403887e-02,5.660346e-02,7.141064e-02,7.308695e-03,7.129028e-02,2.325442e-02,1.260681e-02,2.737018e-01,8.722845e-02,3.157221e-02,1.118060e-02,5.351378e-02,1.316049e-01,1.705946e-02,8.762552e-02
6.358293e-02,4.250382e-02,6.114069e-02,5.414508e-03,1.042533e-01,1.866529e-02,3.896881e-02,2.595347e-01,7.080141e-02,2.612805e-02,1.135173e-02,5.088481e-02,1.547197e-01,1.258599e-02,7.946435e-02
7.084648e-02,3.256507e-02,6.351622e-02,4.865148e-03,1.384507e-01,1.672735e-02,3.482493e-02,2.701876e-01,5.841346e-02,2.086777e-02,1.222775e-02,6.338380e-02,1.442884e-01,1.003637e-02,5.879901e-02
1.014279e-01,2.437487e-02,5.685065e-02,3.977064e-03,1.641743e-01,1.449484e-02,3.683829e-02,2.144520e-01,4.308014e-02,1.552784e-02,9.533812e-03,1.212629e-01,1.434886e-01,8.354763e-03,4.216202e-02
1.272181e-01,1.865914e-02,6.647980e-02,3.493940e-03,1.979581e-01,1.211679e-02,4.260910e-02,1.792929e-01,3.256768e-02,1.438948e-02,8.326684e-03,1.238924e-01,1.304054e-01,9.188499e-03,3.340199e-02
1.119379e-01,1.528248e-02,5.662309e-02,3.888514e-03,1.874750e-01,9.928891e-03,3.689693e-02,1.673634e-01,3.012195e-02,1.121086e-02,7.559913e-03,1.049344e-01,2.205220e-01,6.782209e-03,2.947239e-02
8.254355e-02,1.098458e-02,4.128053e-02,2.919288e-03,1.381270e-01,9.046447e-03,2.659306e-02,1.224113e-01,2.215488e-02,8.383976e-03,8.473587e-03,9.994709e-02,4.013332e-01,4.918335e-03,2.088316e-02
6.508163e-02,7.861648e-03,3.011833e-02,2.289674e-03,1.092198e-01,8.238718e-03,1.976853e-02,8.965392e-02,1.696695e-02,6.353625e-03,9.018221e-03,1.007722e-01,5.161266e-01,3.604040e-03,1.492606e-02
6.360758e-02,8.601966e-03,3.234112e-02,5.725495e-03,1.027887e-01,1.129824e-02,1.495230e-02,8.651366e-02,2.019507e-02,7.099760e-03,2.431044e-02,1.197678e-01,4.875939e-01,3.504561e-03,1.169938e-02
6.064326e-02,7.073131e-03,2.520962e-02,4.938002e-03,9.555215e-02,1.088070e-02,1.271692e-02,7.669213e-02,1.986769e-02,8.108811e-03,2.426619e-02,1.896663e-01,4.520194e-01,3.283914e-03,9.081872e-03
5.236885e-02,5.402445e-03,1.838841e-02,4.002605e-03,8.163382e-02,8.561971e-03,1.015756e-02,5.768676e-02,1.750253e-02,4.743011e-02,2.195682e-02,2.138875e-01,4.472735e-01,6.048723e-03,7.698501e-03
5.682661e-02,4.153559e-03,1.521716e-02,3.490796e-03,1.088394e-01,7.107667e-03,1.170342e-02,6.527897e-02,2.243467e-02,7.076436e-02,1.973795e-02,1.935231e-01,4.060047e-01,6.341477e-03,8.576122e-03
5.304065e-02,3.525932e-03,1.990197e-02,3.550690e-03,1.467983e-01,5.971836e-03,1.534580e-02,9.956492e-02,2.611202e-02,9.338890e-02,1.983925e-02,1.568244e-01,3.402953e-01,6.485649e-03,9.354401e-03
8.930437e-02,5.587445e-03,2.655045e-02,7.435904e-02,1.993775e-01,1.732296e-02,1.388916e-02,7.640515e-02,2.826605e-02,7.235266e-02,1.851875e-02,1.142745e-01,2.514230e-01,4.921995e-03,7.446972e-03
8.097441e-02,5.045154e-03,2.979899e-02,6.009586e-02,2.016162e-01,1.409832e-02,1.341197e-02,1.065054e-01,3.701307e-02,6.570090e-02,2.918717e-02,1.063034e-01,2.363307e-01,4.253828e-03,9.664614e-03
7.365841e-02,4.670640e-03,2.493005e-02,4.635063e-02,1.650660e-01,1.135264e-02,1.084792e-02,1.108136e-01,4.172809e-02,6.420358e-02,3.451340e-02,1.197090e-01,2.793736e-01,3.743458e-03,9.039055e-03
8.448427e-02,9.068201e-03,2.553171e-02,3.790956e-02,1.394368e-01,1.138818e-02,1.055453e-02,9.130684e-02,5.629617e-02,6.954392e-02,4.890777e-02,1.290416e-01,2.678931e-01,4.801615e-03,1.383569e-02
1.012804e-01,1.672673e-02,3.824530e-02,2.943206e-02,1.240202e-01,1.048760e-02,9.379341e-03,8.469684e-02,7.579704e-02,6.203353e-02,5.152312e-02,1.267206e-01,2.494203e-01,4.489619e-03,1.574728e-02
1.657186e-01,2.278153e-02,4.428108e-02,2.907077e-02,1.022491e-01,1.634470e-02,8.108241e-03,6.541864e-02,7.145227e-02,7.205203e-02,4.655094e-02,1.355755e-01,1.952793e-01,6.738600e-03,1.837863e-02
1.435468e-01,2.369827e-02,4.429542e-02,2.623199e-02,8.297064e-02,1.459878e-02,6.435763e-03,5.713758e-02,7.640772e-02,6.706475e-02,5.373657e-02,1.805284e-01,1.951324e-01,7.096444e-03,2.111842e-02
1.127356e-01,1.958044e-02,3.341743e-02,2.152752e-02,6.355999e-02,1.670832e-02,4.706973e-03,4.182492e-02,7.371221e-02,7.626776e-02,6.924556e-02,2.285362e-01,2.121922e-01,7.951512e-03,1.803336e-02
9.269953e-02,1.479632e-02,2.689069e-02,1.656489e-02,5.389625e-02,1.489890e-02,3.560161e-03,3.646921e-02,7.181607e-02,1.092456e-01,7.335065e-02,2.466166e-01,2.186839e-01,6.939206e-03,1.357190e-02
7.457697e-02,1.197450e-02,2.645427e-02,1.262526e-02,5.326039e-02,1.276763e-02,2.681239e-03,3.715731e-02,7.796352e-02,1.679569e-01,7.775092e-02,2.345400e-01,1.936382e-01,6.119092e-03,1.053373e-02
7.399212e-02,9.612679e-03,3.578777e-02,2.013008e-02,5.305221e-02,3.896966e-02,5.136685e-03,6.452829e-02,8.234716e-02,1.886071e-01,7.573521e-02,1.813896e-01,1.565494e-01,5.471236e-03,8.690765e-03
6.607500e-02,7.197359e-03,3.353865e-02,3.702094e-02,4.558305e-02,4.681999e-02,1.056873e-02,1.015802e-01,6.393065e-02,2.700219e-01,6.167572e-02,1.301440e-01,1.142893e-01,4.339576e-03,7.214837e-03
7.099554e-02,6.409901e-03,3.897912e-02,4.187819e-02,4.995354e-02,1.570537e-01,1.086453e-02,1.003674e-01,5.905882e-02,2.234865e-01,4.742299e-02,9.764756e-02,8.640821e-02,3.232655e-03,6.241262e-03
1.067093e-01,9.439365e-03,4.204112e-02,4.128356e-02,4.649749e-02,1.547633e-01,1.108970e-02,8.888387e-02,6.607683e-02,2.231111e-01,4.241774e-02,7.924870e-02,6.915393e-02,3.128820e-03,1.615501e-02
1.270156e-01,1.329537e-02,3.888899e-02,4.294123e-02,4.246717e-02,1.163003e-01,9.471962e-03,8.024384e-02,9.077576e-02,2.513675e-01,3.807796e-02,6.620041e-02,5.676533e-02,3.301050e-03,2.288735e-02
1.367343e-01,2.130703e-02,3.272491e-02,3.822694e-02,3.926519e-02,8.588603e-02,1.090195e-02,6.884579e-02,1.014236e-01,3.000417e-01,3.760278e-02,5.031222e-02,4.547366e-02,4.048620e-03,2.720527e-02
1.405084e-01,2.905877e-02,3.150079e-02,3.376256e-02,3.565807e-02,6.284942e-02,1.072361e-02,6.455189e-02,1.093921e-01,3.405243e-01,3.245312e-02,3.727531e-02,3.406303e-02,4.571967e-03,3.310664e-02
1.324470e-01,4.884963e-02,4.157271e-02,3.226245e-02,2.967469e-02,4.751691e-02,1.091975e-02,8.628716e-02,1.088808e-01,3.387103e-01,2.949374e-02,2.924731e-02,2.603582e-02,5.837389e-03,3.226432e-02
1.303377e-01,4.719497e-02,3.257396e-02,2.617217e-02,2.368383e-02,3.572430e-02,1.066233e-02,7.522442e-02,1.071789e-01,4.105937e-01,2.460380e-02,2.323542e-02,1.932994e-02,6.135311e-03,2.734930e-02
1.255526e-01,4.260214e-02,2.678264e-02,2.026678e-02,1.930695e-02,2.703745e-02,1.011731e-02,6.693722e-02,1.019343e-01,4.791374e-01,1.913605e-02,1.904867e-02,1.434453e-02,6.208973e-03,2.158706e-02
1.336768e-01,3.579796e-02,2.373941e-02,1.641551e-02,1.555720e-02,2.095785e-02,9.960256e-03,7.572356e-02,8.464706e-02,5.173398e-01,1.398689e-02,1.483743e-02,1.068764e-02,7.709865e-03,1.896268e-02
1.446076e-01,3.097869e-02,1.940767e-02,1.224397e-02,1.253407e-02,1.594833e-02,1.020736e-02,8.993049e-02,8.138920e-02,5.259243e-01,1.033665e-02,1.165514e-02,7.931636e-03,9.824173e-03,1.708065e-02
1.515691e-01,2.911844e-02,1.562690e-02,9.516372e-03,1.045883e-02,1.278534e-02,8.056368e-03,8.903556e-02,8.548236e-02,5.411285e-01,8.151280e-03,9.638213e-03,6.169046e-03,9.011679e-03,1.425196e-02
1.946642e-01,2.875508e-02,1.331418e-02,7.857978e-03,1.317045e-02,1.004044e-02,8.017447e-03,9.916515e-02,9.883776e-02,4.808855e-01,6.972106e-03,8.426764e-03,5.225624e-03,1.223511e-02,1.243216e-02
2.537075e-01,2.874178e-02,1.275199e-02,8.468456e-03,1.687503e-02,9.796388e-03,8.499579e-03,1.067222e-01,9.808812e-02,4.105528e-01,7.068085e-03,9.150574e-03,5.512992e-03,1.205847e-02,1.200599e-02
2.766441e-01,3.223450e-02,1.938251e-02,9.271748e-03,2.367186e-02,1.065123e-02,1.109093e-02,1.373210e-01,1.180952e-01,3.131793e-01,6.500890e-03,9.689649e-03,6.195681e-03,1.375586e-02,1.231547e-02
2.968330e-01,3.483092e-02,2.162366e-02,9.453692e-03,2.834766e-02,1.141233e-02,1.405247e-02,1.524723e-01,1.337276e-01,2.453174e-01,6.224046e-03,1.017476e-02,7.356116e-03,1.471724e-02,1.345671e-02
2.397049e-01,3.802439e-02,2.626941e-02,3.163021e-02,2.212537e-02,1.201648e-02,1.023832e-02,1.219606e-01,1.072840e-01,2.776112e-01,1.363218e-02,1.643469e-02,9.243194e-03,1.092032e-02,6.290473e-02
1.868280e-01,3.278336e-02,2.415045e-02,8.080883e-02,1.637016e-02,1.195353e-02,7.821392e-03,1.074320e-01,8.244368e-02,2.009878e-01,1.089310e-01,3.774842e-02,3.975431e-02,8.824009e-03,5.316302e-02
1.421137e-01,2.898589e-02,2.160432e-02,1.067017e-01,1.233460e-02,1.196241e-02,6.203251e-03,9.186801e-02,7.848649e-02,1.627557e-01,1.667486e-01,4.907233e-02,6.235552e-02,9.164084e-03,4.964328e-02
1.030416e-01,2.118507e-02,1.624671e-02,1.050482e-01,9.611798e-03,9.124163e-03,4.474864e-03,6.514859e-02,6.703471e-02,1.850005e-01,2.124704e-01,4.971411e-02,9.585713e-02,1.569782e-02,4.034448e-02
7.619403e-02,1.531821e-02,1.274020e-02,8.260041e-02,7.664174e-03,7.006716e-03,3.406155e-03,4.643973e-02,5.266489e-02,2.246683e-01,2.706707e-01,4.633749e-02,9.968823e-02,2.276836e-02,3.183250e-02
6.069332e-02,1.134462e-02,1.026259e-02,6.964256e-02,8.487221e-03,6.537713e-03,2.627658e-03,3.322741e-02,4.107602e-02,3.732865e-01,2.050686e-01,3.699077e-02,8.769749e-02,2.184989e-02,3.120767e-02
4.567688e-02,8.105590e-03,7.335094e-03,5.076875e-02,6.704876e-03,5.514302e-03,2.013294e-03,2.344880e-02,3.084000e-02,5.291287e-01,1.481097e-01,2.938286e-02,6.588681e-02,2.004806e-02,2.703638e-02
3.625593e-02,5.888759e-03,5.309336e-03,3.716249e-02,5.611428e-03,4.133700e-03,1.653159e-03,1.657609e-02,2.425147e-02,6.422757e-01,1.069034e-01,2.393101e-02,4.913602e-02,1.717962e-02,2.373194e-02
2.903621e-02,4.814246e-03,4.198326e-03,2.719094e-02,4.856231e-03,3.222123e-03,1.296091e-03,1.173883e-02,2.064319e-02,7.090516e-01,7.619181e-02,1.948167e-02,3.671790e-02,1.641621e-02,3.514461e-02
2.198683e-02,4.180633e-03,4.101133e-03,2.490397e-02,6.547667e-03,2.912276e-03,1.253533e-03,8.971039e-03,2.861578e-02,7.384914e-01,5.616827e-02,1.672005e-02,3.198795e-02,1.655476e-02,3.660473e-02
1.705304e-02,3.167228e-03,3.136091e-03,1.952043e-02,5.102086e-03,3.692754e-03,9.237761e-04,7.968587e-03,2.886635e-02,7.515627e-01,5.447691e-02,1.455516e-02,3.062871e-02,2.151537e-02,3.783090e-02
1.288030e-02,2.824057e-03,2.898336e-03,1.638050e-02,4.285212e-03,3.376468e-03,6.956821e-04,7.923258e-03,3.757344e-02,7.433171e-01,4.907950e-02,1.472847e-02,2.941385e-02,2.637501e-02,4.824877e-02
1.017085e-02,2.563209e-03,8.285738e-03,1.590835e-02,1.706409e-02,2.797786e-03,6.853273e-04,1.123660e-02,5.256378e-02,7.145761e-01,5.116223e-02,1.593941e-02,2.925660e-02,2.539836e-02,4.239152e-02
8.730403e-03,6.129078e-03,1.249168e-02,2.246768e-02,1.789442e-02,2.306426e-03,6.447876e-04,2.410496e-02,1.603288e-01,6.042863e-01,3.992691e-02,1.288293e-02,2.323856e-02,2.925700e-02,3.531003e-02
8.634560e-03,8.946013e-03,1.762158e-02,2.544898e-02,2.180085e-02,2.369276e-03,7.399468e-04,4.543033e-02,1.824123e-01,5.584914e-01,3.255177e-02,1.019570e-02,1.857375e-02,3.599250e-02,3.079101e-02
1.011898e-02,1.203084e-02,3.371803e-02,4.550018e-02,2.052385e-02,2.718503e-03,6.557943e-04,5.793057e-02,2.451524e-01,4.721811e-01,2.491891e-02,7.665811e-03,1.448133e-02,2.900162e-02,2.340205e-02
1.819091e-02,1.887618e-02,3.875832e-02,5.507281e-02,2.290479e-02,4.965023e-03,6.186685e-04,6.188413e-02,2.467724e-01,4.450753e-01,2.257195e-02,6.733783e-03,1.182141e-02,2.631488e-02,1.943943e-02
2.972429e-02,2.540437e-02,5.409446e-02,6.125169e-02,3.169256e-02,8.071060e-03,6.370126e-04,9.959373e-02,2.087953e-01,3.951671e-01,2.390873e-02,7.605609e-03,1.188655e-02,2.591163e-02,1.625578e-02
4.040067e-02,3.155432e-02,4.850835e-02,4.707358e-02,3.377395e-02,1.011588e-02,5.568076e-04,8.726639e-02,1.782647e-01,4.477870e-01,1.898830e-02,5.913463e-03,9.002684e-03,2.525119e-02,1.554266e-02
4.563311e-02,2.727345e-02,3.968044e-02,3.519502e-02,2.659531e-02,9.238569e-03,4.391861e-04,7.429171e-02,1.373070e-01,5.337569e-01,1.621467e-02,4.591166e-03,6.665519e-03,2.544051e-02,1.767749e-02
6.229740e-02,4.300283e-02,4.828335e-02,3.102865e-02,2.854050e-02,8.805498e-03,5.289168e-04,1.043341e-01,1.427068e-01,4.636496e-01,1.345012e-02,3.962395e-03,5.340663e-03,2.567958e-02,1.838964e-02
8.674528e-02,7.443642e-02,4.448220e-02,3.378019e-02,3.186270e-02,1.319764e-02,5.329101e-04,1.197720e-01,1.817030e-01,3.510064e-01,1.381287e-02,5.292562e-03,4.607474e-03,2.122628e-02,1.754201e-02
1.036282e-01,7.417348e-02,4.014737e-02,2.925804e-02,3.333481e-02,1.209373e-02,5.760948e-04,1.734822e-01,1.912137e-01,2.781245e-01,1.536051e-02,5.808736e-03,3.825890e-03,2.288976e-02,1.608290e-02
1.059977e-01,1.223121e-01,3.643267e-02,2.468395e-02,2.976885e-02,1.135427e-02,5.771839e-04,1.519048e-01,2.258229e-01,2.246247e-01,1.638994e-02,5.269910e-03,3.330145e-03,2.502837e-02,1.650252e-02
1.131443e-01,1.547376e-01,2.910998e-02,2.435610e-02,2.302057e-02,1.464166e-02,4.666164e-04,1.112763e-01,2.181928e-01,1.917494e-01,5.915330e-02,5.906858e-03,4.458880e-03,3.009049e-02,1.969519e-02
8.272590e-02,1.755115e-01,5.280924e-02,4.902167e-02,1.747847e-02,1.130418e-02,3.708227e-04,7.808658e-02,1.832471e-01,1.483188e-01,5.444503e-02,9.477945e-03,6.590325e-03,2.516346e-02,1.054490e-01
6.006951e-02,1.543554e-01,3.915806e-02,4.349691e-02,1.245433e-02,8.547981e-03,2.821182e-04,5.540972e-02,2.715431e-01,1.180842e-01,7.345340e-02,8.177322e-03,1.613677e-02,2.773578e-02,1.110954e-01
4.250100e-02,1.117170e-01,2.831348e-02,4.553868e-02,8.821772e-03,6.249514e-03,2.109019e-04,3.900578e-02,4.261154e-01,8.499581e-02,7.227044e-02,6.184964e-03,1.776114e-02,2.069967e-02,8.961442e-02
3.002709e-02,7.924644e-02,2.199132e-02,4.407239e-02,6.327091e-03,4.458381e-03,1.659355e-04,2.751262e-02,5.686741e-01,6.069834e-02,5.467418e-02,4.896373e-03,1.616874e-02,1.510601e-02,6.598099e-02
2.166310e-02,5.784047e-02,2.069087e-02,4.941694e-02,6.155269e-03,3.846983e-03,2.239818e-04,2.011326e-02,5.571473e-01,4.404282e-02,6.854840e-02,6.581029e-03,4.340763e-02,2.247328e-02,7.784868e-02
1.572678e-02,4.290267e-02,1.577330e-02,4.093837e-02,5.148047e-03,3.605762e-03,2.494471e-04,1.413472e-02,5.359011e-01,3.340865e-02,5.855147e-02,8.685000e-03,4.132900e-02,2.680964e-02,1.568360e-01
1.247154e-02,3.518801e-02,1.716384e-02,3.162140e-02,3.909734e-03,3.216718e-03,2.597883e-04,9.960868e-03,5.038897e-01,2.736027e-02,4.682174e-02,9.228026e-03,3.365729e-02,6.741765e-02,1.978334e-01
9.954652e-03,2.617403e-02,1.305061e-02,2.228319e-02,3.281471e-03,2.979942e-03,2.245432e-04,7.011459e-03,3.853297e-01,1.973399e-02,3.615002e-02,6.551857e-03,2.451218e-02,7.599907e-02,3.667633e-01
8.576488e-03,1.925684e-02,1.002319e-02,1.597555e-02,2.512628e-03,3.941010e-03,2.103952e-04,4.995490e-03,2.867510e-01,1.444882e-02,2.645636e-02,4.876409e-03,1.835497e-02,7.353460e-02,5.100863e-01
7.608005e-03,1.431313e-02,7.556176e-03,1.146967e-02,1.851425e-03,3.839117e-03,1.768873e-04,3.522220e-03,2.266569e-01,1.145320e-02,1.958855e-02,3.506143e-03,1.341888e-02,1.174539e-01,5.575858e-01
5.803717e-03,1.046916e-02,5.532124e-03,8.080040e-03,1.490965e-03,3.169740e-03,1.282439e-04,2.473079e-03,1.834174e-01,8.556753e-03,2.220017e-02,2.472094e-03,9.813069e-03,1.194948e-01,6.168986e-01
4.642440e-03,7.981844e-03,4.306104e-03,5.727048e-03,1.134950e-03,2.761107e-03,9.854557e-05,1.735662e-03,1.635015e-01,7.496303e-03,1.703791e-02,1.781438e-03,7.399363e-03,1.585373e-01,6.158586e-01
3.498605e-03,5.790356e-03,3.276469e-03,4.139935e-03,9.489852e-04,2.133096e-03,7.570036e-05,1.221537e-03,1.966272e-01,7.566174e-03,1.526261e-02,1.294074e-03,5.719861e-03,1.660837e-01,5.863616e-01
3.178815e-03,4.443592e-03,3.018287e-03,3.138406e-03,8.912638e-04,3.982618e-03,1.440700e-04,9.537002e-04,2.702720e-01,9.718327e-03,1.822240e-02,1.059295e-03,4.656371e-03,1.962391e-01,4.800817e-01
2.687037e-03,3.405365e-03,2.873680e-03,2.308087e-03,7.865520e-04,2.961326e-03,1.136250e-04,7.449714e-04,4.200412e-01,1.125770e-02,1.633272e-02,7.693479e-04,3.548655e-03,1.580404e-01,3.741293e-01
