1.000000e+00,0.000000e+00,0.000000e+00,0.000000e+00,0.000000e+00,0.000000e+00,0.000000e+00,0.000000e+00,0.000000e+00,0.000000e+00,0.000000e+00,0.000000e+00,0.000000e+00,0.000000e+00,0.000000e+00
1.000000e+00,0.000000e+00,0.000000e+00,0.000000e+00,0.000000e+00,0.000000e+00,0.000000e+00,0.000000e+00,0.000000e+00,0.000000e+00,0.000000e+00,0.000000e+00,0.000000e+00,0.000000e+00,0.000000e+00
1.000000e+00,0.000000e+00,0.000000e+00,0.000000e+00,0.000000e+00,0.000000e+00,0.000000e+00,0.000000e+00,0.000000e+00,0.000000e+00,0.000000e+00,0.000000e+00,0.000000e+00,0.000000e+00,0.000000e+00
1.000000e+00,0.000000e+00,0.000000e+00,0.000000e+00,0.000000e+00,0.000000e+00,0.000000e+00,0.000000e+00,0.000000e+00,0.000000e+00,0.000000e+00,0.000000e+00,0.000000e+00,0.000000e+00,0.000000e+00
1.000000e+00,0.000000e+00,0.000000e+00,0.000000e+00,0.000000e+00,0.000000e+00,0.000000e+00,0.000000e+00,0.000000e+00,0.000000e+00,0.000000e+00,0.000000e+00,0.000000e+00,0.000000e+00,0.000000e+00
1.000000e+00,0.000000e+00,0.000000e+00,0.000000e+00,0.000000e+00,0.000000e+00,0.000000e+00,0.000000e+00,0.000000e+00,0.000000e+00,0.000000e+00,0.000000e+00,0.000000e+00,0.000000e+00,0.000000e+00
1.000000e+00,0.000000e+00,0.000000e+00,0.000000e+00,0.000000e+00,0.000000e+00,0.000000e+00,0.000000e+00,0.000000e+00,0.000000e+00,0.000000e+00,0.000000e+00,0.000000e+00,0.000000e+00,0.000000e+00
1.000000e+00,0.000000e+00,0.000000e+00,0.000000e+00,0.000000e+00,0.000000e+00,0.000000e+00,0.000000e+00,0.000000e+00,0.000000e+00,0.000000e+00,0.000000e+00,0.000000e+00,0.000000e+00,0.000000e+00
1.000000e+00,0.000000e+00,0.000000e+00,0.000000e+00,0.000000e+00,0.000000e+00,0.000000e+00,0.000000e+00,0.000000e+00,0.000000e+00,0.000000e+00,0.000000e+00,0.000000e+00,0.000000e+00,0.000000e+00
1.000000e+00,0.000000e+00,0.000000e+00,0.000000e+00,0.000000e+00,0.000000e+00,0.000000e+00,0.000000e+00,0.000000e+00,0.000000e+00,0.000000e+00,0.000000e+00,0.000000e+00,0.000000e+00,0.000000e+00
1.000000e+00,0.000000e+00,0.000000e+00,0.000000e+00,0.000000e+00,0.000000e+00,0.000000e+00,0.000000e+00,0.000000e+00,0.000000e+00,0.000000e+00,0.000000e+00,0.000000e+00,0.000000e+00,0.000000e+00
1.000000e+00,0.000000e+00,0.000000e+00,0.000000e+00,0.000000e+00,0.000000e+00,0.000000e+00,0.000000e+00,0.000000e+00,0.000000e+00,0.000000e+00,0.000000e+00,0.000000e+00,0.000000e+00,0.000000e+00
1.000000e+00,0.000000e+00,0.000000e+00,0.000000e+00,0.000000e+00,0.000000e+00,0.000000e+00,0.000000e+00,0.000000e+00,0.000000e+00,0.000000e+00,0.000000e+00,0.000000e+00,0.000000e+00,0.000000e+00
1.000000e+00,0.000000e+00,0.000000e+00,0.000000e+00,0.000000e+00,0.000000e+00,0.000000e+00,0.000000e+00,0.000000e+00,0.000000e+00,0.000000e+00,0.000000e+00,0.000000e+00,0.000000e+00,0.000000e+00
1.000000e+00,0.000000e+00,0.000000e+00,0.000000e+00,0.000000e+00,0.000000e+00,0.000000e+00,0.000000e+00,0.000000e+00,0.000000e+00,0.000000e+00,0.000000e+00,0.000000e+00,0.000000e+00,0.000000e+00
1.000000e+00,0.000000e+00,0.000000e+00,0.000000e+00,0.000000e+00,0.000000e+00,0.000000e+00,0.000000e+00,0.000000e+00,0.000000e+00,0.000000e+00,0.000000e+00,0.000000e+00,0.000000e+00,0.000000e+00
1.000000e+00,0.000000e+00,0.000000e+00,0.000000e+00,0.000000e+00,0.000000e+00,0.000000e+00,0.000000e+00,0.000000e+00,0.000000e+00,0.000000e+00,0.000000e+00,0.000000e+00,0.000000e+00,0.000000e+00
1.000000e+00,0.000000e+00,0.000000e+00,0.000000e+00,0.000000e+00,0.000000e+00,0.000000e+00,0.000000e+00,0.000000e+00,0.000000e+00,0.000000e+00,0.000000e+00,0.000000e+00,0.000000e+00,0.000000e+00
1.000000e+00,0.000000e+00,0.000000e+00,0.000000e+00,0.000000e+00,0.000000e+00,0.000000e+00,0.000000e+00,0.000000e+00,0.000000e+00,0.000000e+00,0.000000e+00,0.000000e+00,0.000000e+00,0.000000e+00
1.000000e+00,0.000000e+00,0.000000e+00,0.000000e+00,0.000000e+00,0.000000e+00,0.000000e+00,0.000000e+00,0.000000e+00,0.000000e+00,0.000000e+00,0.000000e+00,0.000000e+00,0.000000e+00,0.000000e+00
1.000000e+00,0.000000e+00,0.000000e+00,0.000000e+00,0.000000e+00,0.000000e+00,0.000000e+00,0.000000e+00,0.000000e+00,0.000000e+00,0.000000e+00,0.000000e+00,0.000000e+00,0.000000e+00,0.000000e+00
1.000000e+00,0.000000e+00,0.000000e+00,0.000000e+00,0.000000e+00,0.000000e+00,0.000000e+00,0.000000e+00,0.000000e+00,0.000000e+00,0.000000e+00,0.000000e+00,0.000000e+00,0.000000e+00,0.000000e+00
1.000000e+00,0.000000e+00,0.000000e+00,0.000000e+00,0.000000e+00,0.000000e+00,0.000000e+00,0.000000e+00,0.000000e+00,0.000000e+00,0.000000e+00,0.000000e+00,0.000000e+00,0.000000e+00,0.000000e+00
1.000000e+00,0.000000e+00,0.000000e+00,0.000000e+00,0.000000e+00,0.000000e+00,0.000000e+00,0.000000e+00,0.000000e+00,0.000000e+00,0.000000e+00,0.000000e+00,0.000000e+00,0.000000e+00,0.000000e+00
1.000000e+00,0.000000e+00,0.000000e+00,0.000000e+00,0.000000e+00,0.000000e+00,0.000000e+00,0.000000e+00,0.000000e+00,0.000000e+00,0.000000e+00,0.000000e+00,0.000000e+00,0.000000e+00,0.000000e+00
1.000000e+00,0.000000e+00,0.000000e+00,0.000000e+00,0.000000e+00,0.000000e+00,0.000000e+00,0.000000e+00,0.000000e+00,0.000000e+00,0.000000e+00,0.000000e+00,0.000000e+00,0.000000e+00,0.000000e+00
1.000000e+00,0.000000e+00,0.000000e+00,0.000000e+00,0.000000e+00,0.000000e+00,0.000000e+00,0.000000e+00,0.000000e+00,0.000000e+00,0.000000e+00,0.000000e+00,0.000000e+00,0.000000e+00,0.000000e+00
1.000000e+00,0.000000e+00,0.000000e+00,0.000000e+00,0.000000e+00,0.000000e+00,0.000000e+00,0.000000e+00,0.000000e+00,0.000000e+00,0.000000e+00,0.000000e+00,0.000000e+00,0.000000e+00,0.000000e+00
1.000000e+00,0.000000e+00,0.000000e+00,0.000000e+00,0.000000e+00,0.000000e+00,0.000000e+00,0.000000e+00,0.000000e+00,0.000000e+00,0.000000e+00,0.000000e+00,0.000000e+00,0.000000e+00,0.000000e+00
1.000000e+00,0.000000e+00,0.000000e+00,0.000000e+00,0.000000e+00,0.000000e+00,0.000000e+00,0.000000e+00,0.000000e+00,0.000000e+00,0.000000e+00,0.000000e+00,0.000000e+00,0.000000e+00,0.000000e+00
1.000000e+00,0.000000e+00,0.000000e+00,0.000000e+00,0.000000e+00,0.000000e+00,0.000000e+00,0.000000e+00,0.000000e+00,0.000000e+00,0.000000e+00,0.000000e+00,0.000000e+00,0.000000e+00,0.000000e+00
1.000000e+00,0.000000e+00,0.000000e+00,0.000000e+00,0.000000e+00,0.000000e+00,0.000000e+00,0.000000e+00,0.000000e+00,0.000000e+00,0.000000e+00,0.000000e+00,0.000000e+00,0.000000e+00,0.000000e+00
1.000000e+00,0.000000e+00,0.000000e+00,0.000000e+00,0.000000e+00,0.000000e+00,0.000000e+00,0.000000e+00,0.000000e+00,0.000000e+00,0.000000e+00,0.000000e+00,0.000000e+00,0.000000e+00,0.000000e+00
1.000000e+00,0.000000e+00,0.000000e+00,0.000000e+00,0.000000e+00,0.000000e+00,0.000000e+00,0.000000e+00,0.000000e+00,0.000000e+00,0.000000e+00,0.000000e+00,0.000000e+00,0.000000e+00,0.000000e+00
1.000000e+00,0.000000e+00,0.000000e+00,0.000000e+00,0.000000e+00,0.000000e+00,0.000000e+00,0.000000e+00,0.000000e+00,0.000000e+00,0.000000e+00,0.000000e+00,0.000000e+00,0.000000e+00,0.000000e+00
1.000000e+00,0.000000e+00,0.000000e+00,0.000000e+00,0.000000e+00,0.000000e+00,0.000000e+00,0.000000e+00,0.000000e+00,0.000000e+00,0.000000e+00,0.000000e+00,0.000000e+00,0.000000e+00,0.000000e+00
1.000000e+00,0.000000e+00,0.000000e+00,0.000000e+00,0.000000e+00,0.000000e+00,0.000000e+00,0.000000e+00,0.000000e+00,0.000000e+00,0.000000e+00,0.000000e+00,0.000000e+00,0.000000e+00,0.000000e+00
1.000000e+00,0.000000e+00,0.000000e+00,0.000000e+00,0.000000e+00,0.000000e+00,0.000000e+00,0.000000e+00,0.000000e+00,0.000000e+00,0.000000e+00,0.000000e+00,0.000000e+00,0.000000e+00,0.000000e+00
1.000000e+00,0.000000e+00,0.000000e+00,0.000000e+00,0.000000e+00,0.000000e+00,0.000000e+00,0.000000e+00,0.000000e+00,0.000000e+00,0.000000e+00,0.000000e+00,0.000000e+00,0.000000e+00,0.000000e+00
1.000000e+00,0.000000e+00,0.000000e+00,0.000000e+00,0.000000e+00,0.000000e+00,0.000000e+00,0.000000e+00,0.000000e+00,0.000000e+00,0.000000e+00,0.000000e+00,0.000000e+00,0.000000e+00,0.000000e+00
1.000000e+00,0.000000e+00,0.000000e+00,0.000000e+00,0.000000e+00,0.000000e+00,0.000000e+00,0.000000e+00,0.000000e+00,0.000000e+00,0.000000e+00,0.000000e+00,0.000000e+00,0.000000e+00,0.000000e+00
1.000000e+00,0.000000e+00,0.000000e+00,0.000000e+00,0.000000e+00,0.000000e+00,0.000000e+00,0.000000e+00,0.000000e+00,0.000000e+00,0.000000e+00,0.000000e+00,0.000000e+00,0.000000e+00,0.000000e+00
1.000000e+00,0.000000e+00,0.000000e+00,0.000000e+00,0.000000e+00,0.000000e+00,0.000000e+00,0.000000e+00,0.000000e+00,0.000000e+00,0.000000e+00,0.000000e+00,0.000000e+00,0.000000e+00,0.000000e+00
1.000000e+00,0.000000e+00,0.000000e+00,0.000000e+00,0.000000e+00,0.000000e+00,0.000000e+00,0.000000e+00,0.000000e+00,0.000000e+00,0.000000e+00,0.000000e+00,0.000000e+00,0.000000e+00,0.000000e+00
1.000000e+00,0.000000e+00,0.000000e+00,0.000000e+00,0.000000e+00,0.000000e+00,0.000000e+00,0.000000e+00,0.000000e+00,0.000000e+00,0.000000e+00,0.000000e+00,0.000000e+00,0.000000e+00,0.000000e+00
1.000000e+00,0.000000e+00,0.000000e+00,0.000000e+00,0.000000e+00,0.000000e+00,0.000000e+00,0.000000e+00,0.000000e+00,0.000000e+00,0.000000e+00,0.000000e+00,0.000000e+00,0.000000e+00,0.000000e+00
1.000000e+00,0.000000e+00,0.000000e+00,0.000000e+00,0.000000e+00,0.000000e+00,0.000000e+00,0.000000e+00,0.000000e+00,0.000000e+00,0.000000e+00,0.000000e+00,0.000000e+00,0.000000e+00,0.000000e+00
1.000000e+00,0.000000e+00,0.000000e+00,0.000000e+00,0.000000e+00,0.000000e+00,0.000000e+00,0.000000e+00,0.000000e+00,0.000000e+00,0.000000e+00,0.000000e+00,0.000000e+00,0.000000e+00,0.000000e+00
1.000000e+00,0.000000e+00,0.000000e+00,0.000000e+00,0.000000e+00,0.000000e+00,0.000000e+00,0.000000e+00,0.000000e+00,0.000000e+00,0.000000e+00,0.000000e+00,0.000000e+00,0.000000e+00,0.000000e+00
1.000000e+00,0.000000e+00,0.000000e+00,0.000000e+00,0.000000e+00,0.000000e+00,0.000000e+00,0.000000e+00,0.000000e+00,0.000000e+00,0.000000e+00,0.000000e+00,0.000000e+00,0.000000e+00,0.000000e+00
1.000000e+00,0.000000e+00,0.000000e+00,0.000000e+00,0.000000e+00,0.000000e+00,0.000000e+00,0.000000e+00,0.000000e+00,0.000000e+00,0.000000e+00,0.000000e+00,0.000000e+00,0.000000e+00,0.000000e+00
1.000000e+00,0.000000e+00,0.000000e+00,0.000000e+00,0.000000e+00,0.000000e+00,0.000000e+00,0.000000e+00,0.000000e+00,0.000000e+00,0.000000e+00,0.000000e+00,0.000000e+00,0.000000e+00,0.000000e+00
1.000000e+00,0.000000e+00,0.000000e+00,0.000000e+00,0.000000e+00,0.000000e+00,0.000000e+00,0.000000e+00,0.000000e+00,0.000000e+00,0.000000e+00,0.000000e+00,0.000000e+00,0.000000e+00,0.000000e+00
1.000000e+00,0.000000e+00,0.000000e+00,0.000000e+00,0.000000e+00,0.000000e+00,0.000000e+00,0.000000e+00,0.000000e+00,0.000000e+00,0.000000e+00,0.000000e+00,0.000000e+00,0.000000e+00,0.000000e+00
1.000000e+00,0.000000e+00,0.000000e+00,0.000000e+00,0.000000e+00,0.000000e+00,0.000000e+00,0.000000e+00,0.000000e+00,0.000000e+00,0.000000e+00,0.000000e+00,0.000000e+00,0.000000e+00,0.000000e+00
3.798700e-01,2.738835e-02,2.497898e-02,3.052039e-02,2.853802e-02,5.437005e-02,2.424696e-01,1.034242e-01,1.113279e-02,2.456606e-03,1.893173e-02,2.404730e-02,2.721103e-02,7.769612e-03,1.689139e-02
2.695607e-01,1.943470e-02,1.874132e-02,2.164347e-02,2.269996e-02,4.005242e-02,3.881831e-01,1.411208e-01,7.889529e-03,1.793750e-03,1.344895e-02,1.702046e-02,2.080652e-02,5.588191e-03,1.201618e-02
1.891818e-01,1.387282e-02,1.683357e-02,1.653253e-02,2.081338e-02,3.078833e-02,4.018973e-01,2.486929e-01,5.678935e-03,1.536971e-03,9.613519e-03,1.212421e-02,1.962721e-02,4.157621e-03,8.648878e-03
1.331470e-01,1.002922e-02,1.468157e-02,1.221963e-02,1.728599e-02,2.447632e-02,4.465406e-01,2.960654e-01,4.042658e-03,1.170833e-03,6.856200e-03,8.589969e-03,1.561324e-02,3.095292e-03,6.186089e-03
9.349599e-02,7.304905e-03,1.424821e-02,9.301493e-03,1.579582e-02,1.906244e-02,4.529175e-01,3.464248e-01,2.978282e-03,2.880681e-03,6.024742e-03,6.416394e-03,1.421145e-02,3.322467e-03,5.614838e-03
6.654616e-02,5.922930e-03,1.175640e-02,1.357069e-02,1.238865e-02,1.449007e-02,3.352049e-01,2.728914e-01,4.070863e-03,8.560712e-02,4.616245e-02,1.580186e-02,7.460190e-02,8.308105e-03,3.267649e-02
4.777471e-02,5.031731e-03,8.618900e-03,2.033263e-02,1.018565e-02,1.207385e-02,2.667585e-01,2.046346e-01,4.917616e-03,7.424108e-02,1.027493e-01,3.549221e-02,1.410075e-01,1.300788e-02,5.317388e-02
3.466745e-02,4.156697e-03,7.096018e-03,3.036086e-02,1.037279e-02,9.815010e-03,1.948161e-01,1.460025e-01,7.788725e-03,6.512354e-02,9.224746e-02,3.896370e-02,2.767468e-01,2.107935e-02,6.076300e-02
2.505665e-02,3.008521e-03,5.072844e-03,2.503814e-02,8.376496e-03,8.903739e-03,1.371511e-01,1.029470e-01,8.673260e-03,5.006234e-02,8.131184e-02,3.820102e-02,3.997130e-01,4.479190e-02,6.169215e-02
1.781380e-02,2.184769e-03,3.599740e-03,1.809725e-02,6.325842e-03,6.845878e-03,9.734388e-02,7.213408e-02,1.514498e-02,3.676102e-02,6.031871e-02,3.349159e-02,5.285717e-01,5.578922e-02,4.557752e-02
1.358457e-02,1.907819e-03,2.768687e-03,1.432837e-02,9.907958e-03,9.361779e-03,6.843363e-02,5.086108e-02,8.563416e-02,2.844124e-02,5.027623e-02,3.132951e-02,4.354364e-01,1.534014e-01,4.432715e-02
1.356946e-02,2.142455e-03,2.230019e-03,1.332687e-02,1.066099e-02,1.151156e-02,4.833872e-02,3.661699e-02,1.474797e-01,2.804344e-02,4.409893e-02,3.219124e-02,3.359060e-01,2.305803e-01,4.330330e-02
1.307081e-02,3.054445e-03,2.108237e-03,1.131733e-02,8.854527e-03,1.190240e-02,3.426398e-02,2.626008e-02,2.545657e-01,2.643119e-02,3.684785e-02,2.656785e-02,2.463952e-01,2.610000e-01,3.736041e-02
2.213815e-02,4.023169e-03,1.903554e-03,9.765002e-03,7.485216e-03,1.435133e-02,2.437105e-02,1.942374e-02,2.823350e-01,2.442218e-02,3.004041e-02,2.223636e-02,1.794882e-01,3.263078e-01,3.170896e-02
2.763679e-02,6.263684e-03,2.475899e-03,8.811831e-03,6.344734e-03,1.584603e-02,1.749006e-02,1.431221e-02,2.257559e-01,4.542603e-02,3.029181e-02,1.745807e-02,1.345874e-01,4.091948e-01,3.810484e-02
4.008259e-02,2.116971e-02,6.586369e-03,1.005852e-02,6.159472e-03,4.733009e-02,1.351560e-02,1.095832e-02,2.440606e-01,3.860160e-02,3.249326e-02,1.413339e-02,9.608170e-02,3.865663e-01,3.220258e-02
4.140107e-02,2.419438e-02,4.507023e-02,1.139009e-02,8.139771e-03,4.114476e-02,1.063190e-02,9.166299e-03,2.816370e-01,4.259781e-02,3.656477e-02,1.145483e-02,6.960671e-02,3.404156e-01,2.658475e-02
3.095952e-02,2.383712e-02,6.408850e-02,1.102526e-02,1.114815e-02,3.116417e-02,7.503216e-03,7.652633e-03,3.354141e-01,5.873891e-02,3.207374e-02,9.156718e-03,5.182712e-02,3.040870e-01,2.132387e-02
2.605765e-02,2.347065e-02,5.593548e-02,1.087958e-02,1.421489e-02,2.319123e-02,5.304053e-03,5.848906e-03,3.807238e-01,1.021357e-01,2.766825e-02,6.983727e-03,3.844260e-02,2.489450e-01,3.019858e-02
1.931362e-02,2.367711e-02,4.088439e-02,9.178785e-03,1.184801e-02,1.806517e-02,3.742452e-03,4.357225e-03,4.384576e-01,9.812894e-02,2.187313e-02,5.134589e-03,2.809052e-02,2.480005e-01,2.924792e-02
1.543020e-02,2.476777e-02,3.247685e-02,9.400358e-03,9.380062e-03,1.373753e-02,2.654213e-03,3.551987e-03,4.371186e-01,7.746141e-02,1.888334e-02,3.947305e-03,2.062544e-02,2.993774e-01,3.118761e-02
1.333041e-02,2.199782e-02,2.719753e-02,7.697974e-03,7.630198e-03,1.053397e-02,1.894822e-03,3.045734e-03,4.051797e-01,7.049579e-02,1.573533e-02,2.966405e-03,1.532712e-02,3.687048e-01,2.826234e-02
1.314126e-02,1.973533e-02,3.283941e-02,8.441721e-03,6.742935e-03,8.075132e-03,1.383388e-03,2.884883e-03,4.631737e-01,7.410794e-02,1.609416e-02,2.763592e-03,1.335402e-02,2.989588e-01,3.830367e-02
1.176953e-02,1.548685e-02,4.296657e-02,1.411704e-02,6.115305e-03,5.915492e-03,1.007740e-03,3.216561e-03,5.456489e-01,5.994749e-02,2.085334e-02,2.673538e-03,1.481759e-02,2.212443e-01,3.421968e-02
1.452510e-02,1.201127e-02,7.218266e-02,1.087857e-02,5.726485e-03,4.484203e-03,7.875861e-04,3.522374e-03,4.317926e-01,6.044863e-02,9.422479e-02,3.346609e-03,2.051847e-02,2.107951e-01,5.475551e-02
1.919912e-02,1.220542e-02,8.742091e-02,1.449443e-02,6.602081e-03,4.883253e-03,1.784771e-03,2.260986e-02,3.391705e-01,7.575081e-02,1.129332e-01,9.368334e-03,3.534436e-02,1.824692e-01,7.576375e-02
1.963039e-02,1.129468e-02,7.615688e-02,1.652684e-02,1.171651e-02,6.540061e-03,3.515668e-03,3.240728e-02,2.794835e-01,8.745084e-02,1.200016e-01,2.040511e-02,4.426540e-02,1.720009e-01,9.860438e-02
2.224715e-02,1.036396e-02,6.153899e-02,1.868093e-02,1.434523e-02,8.561622e-03,5.133434e-03,2.690500e-02,2.855606e-01,8.721636e-02,1.109380e-01,2.339892e-02,8.533676e-02,1.410351e-01,9.873806e-02
1.747283e-02,8.138753e-03,4.926465e-02,2.632436e-02,2.868231e-02,7.803132e-03,7.730496e-03,6.097150e-02,2.304948e-01,7.941665e-02,9.729927e-02,2.700596e-02,1.576387e-01,1.088470e-01,9.290963e-02
1.398935e-02,6.190971e-03,3.534816e-02,2.686466e-02,2.506841e-02,1.608038e-02,5.643554e-03,4.754226e-02,1.677594e-01,6.801362e-02,9.107475e-02,5.940956e-02,2.878941e-01,7.781208e-02,7.130875e-02
1.165492e-02,5.578767e-03,4.179499e-02,2.632691e-02,4.198618e-02,1.189630e-02,4.198620e-03,7.863601e-02,1.334010e-01,5.439500e-02,9.120968e-02,5.882191e-02,3.309433e-01,5.616848e-02,5.298790e-02
2.090202e-02,9.757256e-03,4.525060e-02,6.311994e-02,5.063369e-02,1.078914e-02,3.978537e-03,7.012668e-02,1.149777e-01,6.806653e-02,9.501499e-02,5.144976e-02,2.971184e-01,4.516473e-02,5.365005e-02
1.580514e-02,9.442827e-03,3.529109e-02,5.730416e-02,4.735947e-02,1.420541e-02,3.253990e-03,5.316889e-02,1.166628e-01,5.535294e-02,1.265750e-01,7.793854e-02,3.130331e-01,3.261108e-02,4.199558e-02
1.198665e-02,9.443941e-03,3.067077e-02,6.883328e-02,3.770945e-02,1.885444e-02,2.409240e-03,3.950445e-02,9.439119e-02,4.369242e-02,1.194232e-01,8.587800e-02,3.792846e-01,2.363713e-02,3.428122e-02
1.087562e-02,8.991966e-02,3.739011e-02,1.378759e-01,2.958695e-02,1.492759e-02,1.806205e-03,2.788123e-02,1.278933e-01,3.140362e-02,9.197972e-02,7.330760e-02,2.721837e-01,1.741309e-02,3.555577e-02
1.299847e-02,6.764013e-02,3.613180e-02,1.470860e-01,2.544615e-02,1.509947e-02,1.542778e-03,1.996215e-02,1.127311e-01,2.350268e-02,9.762684e-02,1.449145e-01,2.401816e-01,2.313006e-02,3.200632e-02
1.307381e-02,4.983572e-02,2.806045e-02,1.091588e-01,2.697619e-02,1.117892e-02,1.456958e-03,1.483988e-02,1.457736e-01,1.788817e-02,1.281050e-01,1.321180e-01,2.797939e-01,1.781408e-02,2.392659e-02
4.016458e-02,4.112872e-02,2.557761e-02,1.006346e-01,3.273423e-02,1.286927e-02,3.156700e-03,1.252902e-02,1.399804e-01,1.625309e-02,1.120318e-01,1.425490e-01,2.813720e-01,1.724801e-02,2.177099e-02
4.202477e-02,3.171577e-02,2.165283e-02,7.303030e-02,2.924255e-02,1.232773e-02,3.129491e-03,1.091464e-02,1.259429e-01,2.012797e-02,9.103651e-02,1.876007e-01,3.106815e-01,1.896013e-02,2.161223e-02
1.109490e-01,2.469747e-02,1.769522e-02,5.315277e-02,2.543261e-02,2.469988e-02,3.500986e-03,1.029455e-02,1.011793e-01,2.491013e-02,7.329943e-02,2.412802e-01,2.556647e-01,1.598728e-02,1.725659e-02
9.584339e-02,1.962029e-02,1.424420e-02,3.800045e-02,2.965676e-02,1.968900e-02,3.659754e-03,8.325153e-03,1.117782e-01,2.964585e-02,6.491867e-02,2.702180e-01,2.642893e-01,1.484425e-02,1.526689e-02
7.060936e-02,1.756806e-02,1.292535e-02,2.725645e-02,2.941197e-02,1.743915e-02,3.621441e-03,7.781668e-03,1.184103e-01,4.706948e-02,6.093967e-02,3.153583e-01,2.462370e-01,1.145807e-02,1.391367e-02
5.153783e-02,1.612742e-02,1.045943e-02,1.957509e-02,2.455778e-02,1.380381e-02,3.290679e-03,8.001354e-03,1.955506e-01,4.274397e-02,4.977949e-02,3.465095e-01,1.964510e-01,8.965663e-03,1.264646e-02
3.763259e-02,1.380271e-02,8.096441e-03,1.462703e-02,1.984143e-02,1.154620e-02,3.133946e-03,6.191774e-03,2.495716e-01,3.727440e-02,4.497235e-02,3.786843e-01,1.563715e-01,6.892993e-03,1.136069e-02
2.940417e-02,1.508301e-02,6.511287e-03,1.883597e-02,1.547644e-02,1.384489e-02,2.338934e-03,4.754872e-03,2.694305e-01,3.219996e-02,4.292221e-02,3.991981e-01,1.314592e-01,7.130422e-03,1.141005e-02
2.131867e-02,1.179471e-02,4.683036e-03,1.373824e-02,1.105725e-02,1.143249e-02,1.715073e-03,3.384095e-03,2.138872e-01,2.646135e-02,3.779820e-02,5.228398e-01,1.059242e-01,5.574978e-03,8.390762e-03
1.545574e-02,9.339044e-03,3.373761e-03,1.020997e-02,8.122498e-03,9.233403e-03,1.230723e-03,2.419586e-03,1.854095e-01,1.957896e-02,3.149667e-02,6.146819e-01,7.901154e-02,4.322109e-03,6.114543e-03
1.196032e-02,1.565983e-02,3.754872e-03,7.564765e-03,6.510485e-03,7.645985e-03,8.827683e-04,1.843635e-03,2.210021e-01,1.937317e-02,3.765684e-02,5.928374e-01,6.473513e-02,3.475641e-03,5.096972e-03
1.031976e-02,1.450077e-02,4.327985e-03,5.870277e-03,8.252810e-03,5.928195e-03,8.157393e-04,2.884147e-03,2.611902e-01,1.817040e-02,4.300081e-02,5.626091e-01,5.510522e-02,3.015874e-03,4.008653e-03
1.000840e-02,1.344921e-02,6.318507e-03,4.433399e-03,4.493154e-02,7.823400e-03,1.104019e-03,2.854439e-03,3.968416e-01,1.447480e-02,3.445750e-02,4.152553e-01,4.250612e-02,2.319623e-03,3.222098e-03
7.687892e-03,1.376051e-02,5.118738e-03,3.584365e-03,3.654656e-02,5.916560e-03,8.262871e-04,2.142157e-03,5.641636e-01,1.023456e-02,2.448772e-02,2.915385e-01,2.995878e-02,1.689177e-03,2.344543e-03
6.899753e-03,1.139672e-02,6.033551e-03,5.090107e-03,7.151459e-02,1.206118e-02,6.317349e-04,1.954440e-03,6.283829e-01,7.501937e-03,1.795226e-02,2.060203e-01,2.131402e-02,1.335228e-03,1.911265e-03
2.124196e-02,1.247969e-02,9.756424e-03,2.703037e-02,8.411372e-02,2.172183e-02,5.783251e-04,3.088297e-03,6.122952e-01,6.794351e-03,2.573947e-02,1.492815e-01,2.002534e-02,1.930294e-03,3.923142e-03
4.664857e-02,1.395820e-02,1.606503e-02,4.322957e-02,1.008244e-01,2.712194e-02,5.240734e-04,3.347719e-03,5.202599e-01,6.031762e-03,6.486485e-02,1.151295e-01,3.187843e-02,3.039489e-03,7.076515e-03
4.775622e-02,1.616644e-02,1.520606e-02,3.876397e-02,1.235626e-01,2.108452e-02,1.171113e-03,2.503290e-03,5.464634e-01,4.993699e-03,6.161631e-02,8.454614e-02,2.646359e-02,2.597348e-03,7.105304e-03
4.179287e-02,2.173694e-02,1.210811e-02,3.970425e-02,1.357161e-01,1.741255e-02,3.471259e-03,1.931357e-03,5.873101e-01,4.524921e-03,4.659120e-02,6.013041e-02,1.946040e-02,2.015950e-03,6.093478e-03
3.949472e-02,3.325633e-02,1.421845e-02,1.293831e-01,1.554278e-01,1.979461e-02,3.996794e-03,2.140388e-03,4.935599e-01,3.956876e-03,3.536598e-02,4.379159e-02,1.538976e-02,1.618795e-03,8.604812e-03
4.573612e-02,3.437332e-02,1.513054e-02,2.187462e-01,1.520315e-01,1.845577e-02,4.175003e-03,3.484337e-03,4.072284e-01,4.970903e-03,3.265295e-02,3.691152e-02,1.509349e-02,1.637923e-03,9.372081e-03
7.383628e-02,3.469105e-02,1.559159e-02,1.961111e-01,1.951420e-01,1.561061e-02,4.585484e-03,3.697408e-03,3.611082e-01,6.587233e-03,3.185597e-02,3.401116e-02,1.344662e-02,2.356880e-03,1.136832e-02
9.657295e-02,3.350192e-02,1.402436e-02,1.510568e-01,1.768274e-01,1.312707e-02,4.805325e-03,4.512899e-03,4.148949e-01,1.043999e-02,2.600082e-02,2.944974e-02,1.054600e-02,2.152753e-03,1.208710e-02
9.944992e-02,6.198720e-02,1.849852e-02,1.597229e-01,1.341155e-01,1.469837e-02,4.418717e-03,4.944430e-03,3.122626e-01,1.548466e-02,9.143187e-02,5.230423e-02,1.177410e-02,5.002584e-03,1.390426e-02
7.048753e-02,1.044823e-01,8.799936e-02,1.828450e-01,9.593413e-02,1.272727e-02,3.166714e-03,3.555289e-03,2.208650e-01,1.388202e-02,9.123236e-02,4.727498e-02,4.945542e-02,3.599233e-03,1.249342e-02
5.291157e-02,1.379189e-01,1.122916e-01,2.073321e-01,6.982426e-02,1.275665e-02,2.432620e-03,2.789637e-03,1.604636e-01,1.232647e-02,8.367988e-02,8.049072e-02,4.972817e-02,4.018606e-03,1.103519e-02
3.954492e-02,1.086731e-01,1.017404e-01,2.112886e-01,5.067001e-02,1.160626e-02,1.833222e-03,2.076682e-03,1.177643e-01,1.220330e-02,1.040621e-01,1.392935e-01,8.526683e-02,3.961054e-03,1.001564e-02
2.852271e-02,7.666890e-02,7.379561e-02,1.519716e-01,3.700813e-02,6.226598e-02,1.947621e-03,2.169182e-03,8.430463e-02,1.200393e-02,1.106297e-01,2.104044e-01,1.367248e-01,3.347158e-03,8.235593e-03
2.014948e-02,5.385169e-02,5.730268e-02,1.112827e-01,4.702194e-02,5.823867e-02,2.510093e-03,3.842881e-03,6.271709e-02,1.199157e-02,9.468666e-02,3.484122e-01,1.189630e-01,2.818571e-03,6.210680e-03
1.439806e-02,3.783727e-02,4.233884e-02,8.074419e-02,4.175206e-02,6.135661e-02,2.132829e-03,3.464110e-03,4.587071e-02,1.030262e-02,7.578757e-02,4.764589e-01,1.002359e-01,2.403009e-03,4.917361e-03
1.022046e-02,2.656578e-02,3.000371e-02,5.688546e-02,3.141044e-02,4.756418e-02,1.621704e-03,3.170120e-03,3.381613e-02,7.474912e-03,5.596466e-02,6.010610e-01,8.745715e-02,2.323793e-03,4.460527e-03
7.245410e-03,1.863084e-02,2.118770e-02,3.992648e-02,2.317861e-02,3.488310e-02,1.247029e-03,2.973353e-03,2.479945e-02,5.443844e-03,4.119694e-02,6.995443e-01,7.391774e-02,1.834967e-03,3.990241e-03
6.523555e-03,1.345122e-02,1.685424e-02,2.899701e-02,2.576854e-02,3.714650e-02,2.658383e-03,1.268588e-02,2.275588e-02,5.386167e-03,3.265555e-02,7.008270e-01,8.688165e-02,2.486709e-03,4.921774e-03
5.394735e-03,9.737539e-03,1.223950e-02,2.051624e-02,2.402845e-02,2.895495e-02,3.447745e-03,1.453394e-02,2.507503e-02,5.465553e-03,2.720151e-02,7.280801e-01,8.566463e-02,2.553885e-03,7.106230e-03
6.684409e-03,7.122726e-03,1.051442e-02,1.456243e-02,4.283882e-02,2.267341e-02,2.378920e-02,2.760684e-02,3.490052e-02,7.238960e-03,2.207677e-02,6.803484e-01,8.764226e-02,2.476885e-03,9.523971e-03
8.794236e-03,6.426972e-03,8.788180e-03,1.048513e-02,7.547022e-02,1.833169e-02,2.280772e-02,3.128010e-02,4.492497e-02,7.410478e-03,1.735598e-02,6.700550e-01,6.757294e-02,2.328902e-03,7.967556e-03
8.152086e-03,4.880099e-03,7.012942e-03,7.475027e-03,7.178232e-02,1.805323e-02,1.965384e-02,2.681400e-02,3.490905e-02,5.624799e-03,1.377265e-02,7.176658e-01,5.653798e-02,1.798509e-03,5.867691e-03
8.153243e-03,3.533718e-03,5.951858e-03,5.285141e-03,5.379291e-02,2.298066e-02,1.479589e-02,1.955889e-02,2.494703e-02,4.622635e-03,1.047410e-02,7.769911e-01,4.330424e-02,1.439566e-03,4.168960e-03
1.001446e-02,3.006538e-03,8.567508e-03,3.916654e-03,9.251544e-02,1.928934e-02,1.765963e-02,1.847184e-02,1.963452e-02,4.019878e-03,8.936732e-03,7.487836e-01,4.046644e-02,1.440205e-03,3.277168e-03
1.332052e-02,4.128708e-03,1.680151e-02,3.450196e-03,1.030539e-01,1.485745e-02,1.967882e-02,3.157120e-02,2.018313e-02,3.420046e-03,8.229694e-03,7.176842e-01,3.933654e-02,1.725564e-03,2.558473e-03
3.127588e-02,5.105938e-03,2.100890e-02,8.736120e-03,1.029688e-01,1.658639e-02,1.812390e-02,6.246244e-02,1.555674e-02,3.255049e-03,7.913150e-03,6.644638e-01,3.759572e-02,2.739480e-03,2.207722e-03
5.480962e-02,5.839017e-03,2.328442e-02,8.718147e-03,9.481339e-02,1.612864e-02,2.137280e-02,6.752440e-02,1.432237e-02,3.362972e-03,9.039048e-03,6.314647e-01,4.294432e-02,3.884887e-03,2.491285e-03
8.593348e-02,8.423530e-03,2.375353e-02,1.018159e-02,8.527301e-02,1.658316e-02,2.407025e-02,6.548458e-02,1.661992e-02,5.129475e-03,1.026724e-02,6.049687e-01,3.560940e-02,3.577476e-03,4.124740e-03
1.256600e-01,1.247743e-02,3.457746e-02,1.102424e-02,7.195274e-02,1.665684e-02,2.996641e-02,1.224913e-01,1.773095e-02,7.027094e-03,9.269118e-03,5.038467e-01,2.875052e-02,3.877177e-03,4.692066e-03
1.759546e-01,1.971315e-02,3.549760e-02,1.087577e-02,6.143500e-02,1.642866e-02,2.641453e-02,1.401920e-01,1.818115e-02,8.905575e-03,8.280786e-03,4.462335e-01,2.307381e-02,3.675517e-03,5.138364e-03
2.148618e-01,2.300993e-02,3.587743e-02,9.240109e-03,5.304555e-02,1.679663e-02,2.522228e-02,1.295422e-01,1.861736e-02,1.123994e-02,7.248201e-03,4.285364e-01,1.810107e-02,3.679717e-03,4.981400e-03
2.332630e-01,2.777881e-02,4.276962e-02,8.493905e-03,5.854438e-02,1.553254e-02,2.433476e-02,1.251204e-01,1.700180e-02,8.926376e-03,8.051540e-03,4.037613e-01,1.693690e-02,3.743192e-03,5.741395e-03
2.032956e-01,4.126527e-02,3.560457e-02,6.512705e-03,6.050579e-02,3.227602e-02,2.423498e-02,1.196518e-01,3.059294e-02,6.991195e-03,6.455960e-03,3.894993e-01,3.469757e-02,3.391280e-03,5.025018e-03
1.761205e-01,6.488267e-02,3.070618e-02,5.496667e-03,6.338976e-02,4.437905e-02,1.971843e-02,1.199907e-01,4.965673e-02,6.094762e-03,6.231401e-03,3.577299e-01,4.609624e-02,3.731252e-03,5.775674e-03
1.670409e-01,6.994911e-02,2.839358e-02,5.633517e-03,6.367350e-02,4.310932e-02,1.659860e-02,1.179562e-01,5.474025e-02,4.846137e-03,5.302736e-03,3.179207e-01,9.602016e-02,3.015798e-03,5.799484e-03
1.592549e-01,5.946593e-02,6.958528e-02,7.482938e-02,5.072545e-02,3.406942e-02,1.348894e-02,9.883604e-02,5.962289e-02,2.501089e-02,8.430171e-03,2.256432e-01,7.505891e-02,2.928704e-03,4.304988e-02
1.949764e-01,5.241497e-02,5.863236e-02,6.783921e-02,4.686242e-02,2.729925e-02,1.509607e-02,1.200067e-01,6.847499e-02,2.949417e-02,2.398283e-02,1.647633e-01,7.879674e-02,4.041166e-03,4.731940e-02
1.687720e-01,4.077201e-02,4.373203e-02,8.818788e-02,3.739470e-02,2.269909e-02,1.370308e-02,8.937652e-02,6.644119e-02,5.998565e-02,3.754143e-02,1.261072e-01,1.294084e-01,5.864783e-03,7.001406e-02
1.267242e-01,2.985458e-02,3.293646e-02,8.407941e-02,2.870518e-02,1.846535e-02,1.168807e-02,6.408706e-02,5.530323e-02,7.595044e-02,5.342538e-02,1.066473e-01,1.906105e-01,5.338994e-03,1.161838e-01
1.133067e-01,2.298822e-02,2.590937e-02,7.361582e-02,2.352767e-02,1.541600e-02,1.230215e-02,4.655425e-02,5.025192e-02,7.394418e-02,4.560196e-02,1.035672e-01,2.040951e-01,9.163588e-03,1.797559e-01
1.062062e-01,1.933191e-02,3.570084e-02,6.217825e-02,2.047928e-02,1.780125e-02,1.418011e-02,3.369087e-02,4.029411e-02,8.069964e-02,4.292892e-02,1.179020e-01,2.224012e-01,7.279687e-03,1.789256e-01
9.005824e-02,1.660368e-02,2.837341e-02,4.914621e-02,1.715816e-02,1.660425e-02,1.564849e-02,2.392116e-02,3.157522e-02,7.712001e-02,3.791682e-02,1.561783e-01,2.675076e-01,6.172080e-03,1.660164e-01
7.633074e-02,1.374929e-02,2.033821e-02,3.764651e-02,1.307503e-02,1.444371e-02,1.339957e-02,1.683916e-02,2.603427e-02,1.328643e-01,3.508326e-02,2.149190e-01,2.455210e-01,6.022470e-03,1.337335e-01
5.948059e-02,1.042036e-02,1.520715e-02,2.779948e-02,1.062162e-02,1.138600e-02,1.048244e-02,1.203312e-02,2.485217e-02,1.873422e-01,3.762491e-02,1.738272e-01,2.929574e-01,5.886670e-03,1.200787e-01
4.650667e-02,7.873490e-03,1.137698e-02,2.048859e-02,1.033520e-02,8.358745e-03,7.897106e-03,8.727231e-03,3.622521e-02,1.919710e-01,3.637133e-02,1.469733e-01,3.601939e-01,4.922835e-03,1.017784e-01
3.900482e-02,6.056969e-03,8.950829e-03,1.760539e-02,8.544841e-03,6.436631e-03,6.484237e-03,7.326718e-03,5.211631e-02,2.395026e-01,4.291475e-02,1.338083e-01,2.998726e-01,5.606659e-03,1.257683e-01
3.044166e-02,4.839233e-03,7.449807e-03,1.495673e-02,7.185342e-03,4.855814e-03,5.014641e-03,6.380675e-03,5.112734e-02,2.650942e-01,4.117488e-02,1.124120e-01,2.446654e-01,6.505052e-03,1.978973e-01
3.468690e-02,4.272645e-03,1.658797e-02,1.355284e-02,1.028355e-02,3.723783e-03,4.105697e-03,7.550253e-03,4.611962e-02,3.063735e-01,4.185786e-02,9.253071e-02,1.838792e-01,1.236885e-02,2.221066e-01
2.528310e-02,4.027920e-03,1.638997e-02,1.036887e-02,7.903963e-03,2.698004e-03,3.138594e-03,9.823982e-03,4.215349e-02,2.588058e-01,3.427466e-02,7.024838e-02,1.361318e-01,1.666940e-02,3.620821e-01
1.841649e-02,3.635126e-03,1.580663e-02,7.841182e-03,5.842421e-03,1.966062e-03,2.341926e-03,1.410315e-02,3.709505e-02,2.095127e-01,2.760835e-02,5.348034e-02,1.014950e-01,4.300863e-02,4.578469e-01
1.367634e-02,3.290562e-03,1.549938e-02,5.839101e-03,4.176847e-03,1.423538e-03,1.662904e-03,1.547480e-02,4.062907e-02,1.491701e-01,2.046230e-02,3.851707e-02,7.258092e-02,8.548577e-02,5.321113e-01
1.028502e-02,3.904541e-03,1.719473e-02,4.473486e-03,3.092975e-03,1.088587e-03,1.216240e-03,2.256330e-02,5.019571e-02,1.087077e-01,1.611071e-02,2.865749e-02,5.236606e-02,1.273816e-01,5.527618e-01
7.793608e-03,4.445678e-03,1.526045e-02,4.023519e-03,2.932089e-03,9.223919e-04,8.992315e-04,2.699651e-02,4.968401e-02,7.787471e-02,1.269417e-02,2.153400e-02,3.808867e-02,1.282215e-01,6.086295e-01
6.505735e-03,8.473494e-03,1.252776e-02,3.587430e-03,2.657937e-03,1.223955e-03,7.125580e-04,2.894302e-02,5.556204e-02,5.511311e-02,9.602975e-03,1.558288e-02,2.744693e-02,1.274316e-01,6.446286e-01
6.124259e-03,1.482157e-02,1.191563e-02,3.087001e-03,2.207424e-03,1.208367e-03,5.788160e-04,2.925354e-02,6.031062e-02,3.894424e-02,7.049697e-03,1.110537e-02,1.968816e-02,1.127831e-01,6.809222e-01
7.877806e-03,3.197076e-02,1.105539e-02,5.124565e-03,1.775119e-03,1.457588e-03,4.673330e-04,2.930195e-02,7.754426e-02,2.780416e-02,6.092881e-03,8.015140e-03,1.429963e-02,8.674105e-02,6.904723e-01
9.488668e-03,3.626788e-02,9.328199e-03,5.478820e-03,1.349778e-03,1.269976e-03,4.173125e-04,3.358660e-02,7.406913e-02,1.983889e-02,5.267194e-03,6.220188e-03,1.100385e-02,6.602628e-02,7.203872e-01
1.651344e-02,4.358271e-02,7.468207e-03,6.184135e-03,1.229233e-03,1.400737e-03,7.085957e-04,6.763242e-02,1.073244e-01,1.426409e-02,5.489696e-03,7.971643e-03,1.123411e-02,5.311126e-02,6.558853e-01
1.713316e-02,3.995453e-02,7.070250e-03,7.701177e-03,1.205811e-03,1.401430e-03,1.323057e-03,2.048230e-01,1.085889e-01,1.027918e-02,6.424062e-03,1.250251e-02,1.612256e-02,4.092703e-02,5.245433e-01
1.753127e-02,4.207298e-02,7.594935e-03,6.651708e-03,1.227909e-03,2.526330e-03,1.522580e-03,2.227509e-01,1.129877e-01,7.381469e-03,5.744264e-03,1.124866e-02,1.629355e-02,3.216840e-02,5.122974e-01
1.627174e-02,3.974797e-02,1.195901e-02,6.024157e-03,1.759924e-03,2.563044e-03,4.317622e-03,2.526511e-01,1.055487e-01,5.322378e-03,4.736293e-03,8.722151e-03,1.414665e-02,2.312760e-02,5.031016e-01
1.526998e-02,5.410711e-02,1.278578e-02,5.315454e-03,4.026989e-03,2.599592e-03,3.717312e-03,2.133467e-01,1.314474e-01,4.660115e-03,4.227620e-03,7.281268e-03,1.280267e-02,1.759711e-02,5.108148e-01
1.805538e-02,5.845316e-02,1.441593e-02,8.605899e-03,7.955459e-03,3.232447e-03,3.111743e-03,2.812581e-01,1.283885e-01,4.330433e-03,4.898426e-03,6.278561e-03,1.330695e-02,1.292882e-02,4.347801e-01
2.559282e-02,5.153974e-02,1.748031e-02,1.079666e-02,2.021045e-02,5.952954e-03,2.676576e-03,2.136223e-01,1.398632e-01,6.530845e-03,4.871048e-03,5.789782e-03,1.374789e-02,1.146161e-02,4.698638e-01
2.880868e-02,4.442113e-02,4.027265e-02,2.129767e-02,2.675189e-02,6.752107e-03,2.890678e-03,1.869285e-01,1.388030e-01,8.867692e-03,4.810798e-03,5.063344e-03,1.412591e-02,9.118035e-03,4.610880e-01
5.496483e-02,4.061256e-02,3.183749e-02,1.817945e-02,4.102688e-02,6.905877e-03,3.145707e-03,1.378545e-01,1.338565e-01,7.027264e-03,4.335535e-03,4.184178e-03,1.726776e-02,6.990687e-03,4.918108e-01
6.903449e-02,4.640155e-02,2.674456e-02,1.730151e-02,5.235983e-02,8.028836e-03,3.342957e-03,1.231330e-01,1.475809e-01,7.705763e-03,4.378151e-03,3.839849e-03,2.050204e-02,5.586036e-03,4.640606e-01
8.582503e-02,4.204762e-02,3.972415e-02,2.726881e-02,6.460705e-02,8.870604e-03,4.345916e-03,1.362544e-01,1.388748e-01,7.437523e-03,6.809776e-03,5.218780e-03,2.437259e-02,5.871424e-03,4.024715e-01
8.939559e-02,4.600558e-02,6.227845e-02,5.921501e-02,8.338487e-02,8.868895e-03,7.421946e-03,1.493403e-01,1.471793e-01,8.669017e-03,6.546609e-03,4.674005e-03,2.130307e-02,4.733768e-03,3.009836e-01
9.599768e-02,6.250647e-02,8.414247e-02,5.998965e-02,9.174909e-02,9.500946e-03,1.192100e-02,1.560798e-01,1.466974e-01,8.200661e-03,5.193646e-03,3.793124e-03,1.833078e-02,3.951744e-03,2.419456e-01
8.196980e-02,5.057572e-02,1.386434e-01,5.990288e-02,9.022610e-02,9.669684e-03,1.189379e-02,2.319545e-01,1.156013e-01,6.513017e-03,4.491620e-03,3.117208e-03,1.507263e-02,3.162627e-03,1.772058e-01
7.482077e-02,4.894156e-02,1.563297e-01,4.613619e-02,8.489753e-02,1.180812e-02,1.387318e-02,3.004525e-01,9.911337e-02,5.087539e-03,4.021859e-03,2.512567e-03,1.223242e-02,2.658722e-03,1.371140e-01
6.339224e-02,4.368736e-02,1.320629e-01,3.463152e-02,6.526226e-02,1.021426e-02,1.991866e-02,4.293179e-01,7.574558e-02,4.262374e-03,3.538429e-03,2.161185e-03,1.233432e-02,2.134528e-03,1.013365e-01
6.036778e-02,3.583866e-02,9.610396e-02,2.562331e-02,4.904512e-02,1.164770e-02,3.093456e-02,5.264637e-01,5.910275e-02,3.705272e-03,3.518947e-03,2.212118e-03,1.586612e-02,1.848725e-03,7.772133e-02
6.500542e-02,2.886182e-02,7.776054e-02,2.238187e-02,3.674760e-02,1.122576e-02,3.477833e-02,5.737327e-01,4.504152e-02,5.693471e-03,1.132741e-02,6.635532e-03,1.526465e-02,1.870740e-03,6.367265e-02
4.690427e-02,2.113739e-02,7.392436e-02,3.352176e-02,2.816859e-02,9.523517e-03,5.642067e-02,4.632923e-01,3.313906e-02,1.506108e-02,5.571555e-02,9.011810e-02,2.170090e-02,6.240202e-03,4.513226e-02
3.308516e-02,1.529615e-02,5.551359e-02,3.345441e-02,2.109177e-02,7.506299e-03,5.286828e-02,3.508025e-01,2.384205e-02,2.538427e-02,1.497692e-01,1.415727e-01,3.249562e-02,2.259237e-02,3.472568e-02
2.336431e-02,1.127194e-02,3.909721e-02,3.073569e-02,1.596947e-02,6.760325e-03,6.812061e-02,2.507481e-01,1.837158e-02,2.505680e-02,1.591820e-01,1.189839e-01,8.973578e-02,1.098380e-01,3.276425e-02
1.668702e-02,8.397519e-03,2.840240e-02,2.533774e-02,1.197720e-02,5.414317e-03,4.896123e-02,1.767351e-01,3.147643e-02,2.139110e-02,1.552994e-01,1.006006e-01,8.763090e-02,2.570603e-01,2.462882e-02
1.203981e-02,6.550585e-03,2.031763e-02,2.029103e-02,9.472234e-03,4.460595e-03,3.506457e-02,1.243146e-01,3.225182e-02,2.148999e-02,1.326731e-01,1.077098e-01,8.929818e-02,3.644824e-01,1.958372e-02
8.572971e-03,4.972907e-03,1.432826e-02,1.556666e-02,7.181374e-03,3.668886e-03,2.462661e-02,8.709562e-02,4.638529e-02,2.274459e-02,1.425182e-01,8.607890e-02,7.290951e-02,4.469001e-01,1.645012e-02
6.168131e-03,3.966205e-03,1.018139e-02,1.220270e-02,5.571607e-03,2.992161e-03,1.725051e-02,6.100672e-02,5.621260e-02,2.617818e-02,1.314943e-01,7.359295e-02,6.040003e-02,5.184616e-01,1.432098e-02
4.453698e-03,4.914877e-03,8.706867e-03,9.558115e-03,5.189809e-03,2.502455e-03,1.211772e-02,4.282559e-02,8.857228e-02,1.921420e-02,1.065086e-01,6.406265e-02,4.840010e-02,5.706346e-01,1.233850e-02
3.788130e-03,4.304739e-03,6.980700e-03,9.694513e-03,4.911124e-03,2.528026e-03,8.524672e-03,3.014191e-02,9.070433e-02,2.734782e-02,1.005458e-01,5.244349e-02,4.026767e-02,6.036775e-01,1.413962e-02
3.273775e-03,3.419556e-03,5.249196e-03,1.077676e-02,4.515191e-03,1.938214e-03,6.006701e-03,2.136081e-02,9.079640e-02,3.867256e-02,9.153282e-02,4.952523e-02,3.533348e-02,6.198552e-01,1.774420e-02
2.783436e-03,5.104149e-03,4.828546e-03,8.317395e-03,1.203211e-02,1.640437e-03,4.224541e-03,1.518421e-02,8.459418e-02,3.210029e-02,9.102578e-02,4.076981e-02,2.614295e-02,6.551128e-01,1.613939e-02
2.850976e-03,4.197725e-03,4.185613e-03,6.886653e-03,1.069302e-02,1.340693e-03,2.976662e-03,1.102014e-02,7.407253e-02,3.954236e-02,1.039070e-01,3.422816e-02,1.958426e-02,6.674303e-01,1.708394e-02
5.102030e-03,3.575006e-03,4.011324e-03,6.808433e-03,8.366032e-03,2.498978e-03,2.137263e-03,8.081915e-03,6.034420e-02,4.634318e-02,2.481568e-01,2.791096e-02,1.681530e-02,5.419977e-01,1.785092e-02
5.112780e-03,3.170721e-03,4.104055e-03,5.711616e-03,6.016437e-03,2.875292e-03,1.536108e-03,5.801188e-03,4.740760e-02,3.790308e-02,4.118044e-01,2.094649e-02,1.830975e-02,4.113783e-01,1.792215e-02
5.152829e-03,3.067265e-03,3.891611e-03,5.211349e-03,4.547103e-03,2.797320e-03,1.212425e-03,4.344173e-03,7.341822e-02,3.319746e-02,5.140388e-01,1.620611e-02,1.620112e-02,2.998804e-01,1.683385e-02
4.913447e-03,2.870979e-03,4.150504e-03,7.749710e-03,4.172029e-03,3.342368e-03,1.133853e-03,3.894541e-03,6.730313e-02,3.110004e-02,5.944987e-01,1.732340e-02,1.661427e-02,2.267053e-01,1.422775e-02
5.787941e-03,3.074616e-03,4.427211e-03,1.710769e-02,5.603814e-03,7.841990e-03,1.448915e-03,3.585961e-03,6.673789e-02,3.331736e-02,6.020032e-01,1.737019e-02,1.988945e-02,1.962034e-01,1.560030e-02
7.898265e-03,3.741836e-03,4.601513e-03,2.616716e-02,5.453458e-03,1.744443e-02,1.310770e-03,3.108565e-03,6.114770e-02,3.585697e-02,5.980311e-01,3.024076e-02,2.740072e-02,1.624712e-01,1.512559e-02
8.215040e-03,3.995034e-03,5.014611e-03,2.319679e-02,5.415685e-03,1.727332e-02,1.185994e-03,2.993814e-03,4.979176e-02,5.746117e-02,6.025516e-01,4.413629e-02,3.516616e-02,1.298394e-01,1.376339e-02
1.609578e-02,3.517893e-03,1.502021e-02,1.985091e-02,2.562579e-02,1.680094e-02,3.571138e-03,1.743765e-02,4.584558e-02,6.453178e-02,5.540838e-01,5.427256e-02,5.176274e-02,1.000881e-01,1.149521e-02
4.289160e-02,4.711322e-03,1.437912e-02,1.808066e-02,2.728497e-02,5.460421e-02,8.423780e-03,3.384474e-02,3.876605e-02,1.066889e-01,4.492667e-01,7.333885e-02,4.370286e-02,7.427543e-02,9.740886e-03
9.288646e-02,8.791495e-03,1.545434e-02,2.275528e-02,3.834744e-02,6.785379e-02,1.307211e-02,3.205372e-02,3.799077e-02,1.075030e-01,3.795054e-01,7.831135e-02,3.672946e-02,5.488265e-02,1.386272e-02
