1.000000e+00,0.000000e+00,0.000000e+00,0.000000e+00,0.000000e+00,0.000000e+00,0.000000e+00,0.000000e+00,0.000000e+00,0.000000e+00,0.000000e+00,0.000000e+00,0.000000e+00,0.000000e+00,0.000000e+00
1.000000e+00,0.000000e+00,0.000000e+00,0.000000e+00,0.000000e+00,0.000000e+00,0.000000e+00,0.000000e+00,0.000000e+00,0.000000e+00,0.000000e+00,0.000000e+00,0.000000e+00,0.000000e+00,0.000000e+00
1.000000e+00,0.000000e+00,0.000000e+00,0.000000e+00,0.000000e+00,0.000000e+00,0.000000e+00,0.000000e+00,0.000000e+00,0.000000e+00,0.000000e+00,0.000000e+00,0.000000e+00,0.000000e+00,0.000000e+00
1.000000e+00,0.000000e+00,0.000000e+00,0.000000e+00,0.000000e+00,0.000000e+00,0.000000e+00,0.000000e+00,0.000000e+00,0.000000e+00,0.000000e+00,0.000000e+00,0.000000e+00,0.000000e+00,0.000000e+00
1.000000e+00,0.000000e+00,0.000000e+00,0.000000e+00,0.000000e+00,0.000000e+00,0.000000e+00,0.000000e+00,0.000000e+00,0.000000e+00,0.000000e+00,0.000000e+00,0.000000e+00,0.000000e+00,0.000000e+00
1.000000e+00,0.000000e+00,0.000000e+00,0.000000e+00,0.000000e+00,0.000000e+00,0.000000e+00,0.000000e+00,0.000000e+00,0.000000e+00,0.000000e+00,0.000000e+00,0.000000e+00,0.000000e+00,0.000000e+00
1.000000e+00,0.000000e+00,0.000000e+00,0.000000e+00,0.000000e+00,0.000000e+00,0.000000e+00,0.000000e+00,0.000000e+00,0.000000e+00,0.000000e+00,0.000000e+00,0.000000e+00,0.000000e+00,0.000000e+00
1.000000e+00,0.000000e+00,0.000000e+00,0.000000e+00,0.000000e+00,0.000000e+00,0.000000e+00,0.000000e+00,0.000000e+00,0.000000e+00,0.000000e+00,0.000000e+00,0.000000e+00,0.000000e+00,0.000000e+00
1.000000e+00,0.000000e+00,0.000000e+00,0.000000e+00,0.000000e+00,0.000000e+00,0.000000e+00,0.000000e+00,0.000000e+00,0.000000e+00,0.000000e+00,0.000000e+00,0.000000e+00,0.000000e+00,0.000000e+00
1.000000e+00,0.000000e+00,0.000000e+00,0.000000e+00,0.000000e+00,0.000000e+00,0.000000e+00,0.000000e+00,0.000000e+00,0.000000e+00,0.000000e+00,0.000000e+00,0.000000e+00,0.000000e+00,0.000000e+00
1.000000e+00,0.000000e+00,0.000000e+00,0.000000e+00,0.000000e+00,0.000000e+00,0.000000e+00,0.000000e+00,0.000000e+00,0.000000e+00,0.000000e+00,0.000000e+00,0.000000e+00,0.000000e+00,0.000000e+00
1.000000e+00,0.000000e+00,0.000000e+00,0.000000e+00,0.000000e+00,0.000000e+00,0.000000e+00,0.000000e+00,0.000000e+00,0.000000e+00,0.000000e+00,0.000000e+00,0.000000e+00,0.000000e+00,0.000000e+00
1.000000e+00,0.000000e+00,0.000000e+00,0.000000e+00,0.000000e+00,0.000000e+00,0.000000e+00,0.000000e+00,0.000000e+00,0.000000e+00,0.000000e+00,0.000000e+00,0.000000e+00,0.000000e+00,0.000000e+00
1.000000e+00,0.000000e+00,0.000000e+00,0.000000e+00,0.000000e+00,0.000000e+00,0.000000e+00,0.000000e+00,0.000000e+00,0.000000e+00,0.000000e+00,0.000000e+00,0.000000e+00,0.000000e+00,0.000000e+00
1.000000e+00,0.000000e+00,0.000000e+00,0.000000e+00,0.000000e+00,0.000000e+00,0.000000e+00,0.000000e+00,0.000000e+00,0.000000e+00,0.000000e+00,0.000000e+00,0.000000e+00,0.000000e+00,0.000000e+00
1.000000e+00,0.000000e+00,0.000000e+00,0.000000e+00,0.000000e+00,0.000000e+00,0.000000e+00,0.000000e+00,0.000000e+00,0.000000e+00,0.000000e+00,0.000000e+00,0.000000e+00,0.000000e+00,0.000000e+00
1.000000e+00,0.000000e+00,0.000000e+00,0.000000e+00,0.000000e+00,0.000000e+00,0.000000e+00,0.000000e+00,0.000000e+00,0.000000e+00,0.000000e+00,0.000000e+00,0.000000e+00,0.000000e+00,0.000000e+00
1.000000e+00,0.000000e+00,0.000000e+00,0.000000e+00,0.000000e+00,0.000000e+00,0.000000e+00,0.000000e+00,0.000000e+00,0.000000e+00,0.000000e+00,0.000000e+00,0.000000e+00,0.000000e+00,0.000000e+00
1.000000e+00,0.000000e+00,0.000000e+00,0.000000e+00,0.000000e+00,0.000000e+00,0.000000e+00,0.000000e+00,0.000000e+00,0.000000e+00,0.000000e+00,0.000000e+00,0.000000e+00,0.000000e+00,0.000000e+00
1.000000e+00,0.000000e+00,0.000000e+00,0.000000e+00,0.000000e+00,0.000000e+00,0.000000e+00,0.000000e+00,0.000000e+00,0.000000e+00,0.000000e+00,0.000000e+00,0.000000e+00,0.000000e+00,0.000000e+00
1.000000e+00,0.000000e+00,0.000000e+00,0.000000e+00,0.000000e+00,0.000000e+00,0.000000e+00,0.000000e+00,0.000000e+00,0.000000e+00,0.000000e+00,0.000000e+00,0.000000e+00,0.000000e+00,0.000000e+00
1.000000e+00,0.000000e+00,0.000000e+00,0.000000e+00,0.000000e+00,0.000000e+00,0.000000e+00,0.000000e+00,0.000000e+00,0.000000e+00,0.000000e+00,0.000000e+00,0.000000e+00,0.000000e+00,0.000000e+00
1.000000e+00,0.000000e+00,0.000000e+00,0.000000e+00,0.000000e+00,0.000000e+00,0.000000e+00,0.000000e+00,0.000000e+00,0.000000e+00,0.000000e+00,0.000000e+00,0.000000e+00,0.000000e+00,0.000000e+00
1.000000e+00,0.000000e+00,0.000000e+00,0.000000e+00,0.000000e+00,0.000000e+00,0.000000e+00,0.000000e+00,0.000000e+00,0.000000e+00,0.000000e+00,0.000000e+00,0.000000e+00,0.000000e+00,0.000000e+00
1.000000e+00,0.000000e+00,0.000000e+00,0.000000e+00,0.000000e+00,0.000000e+00,0.000000e+00,0.000000e+00,0.000000e+00,0.000000e+00,0.000000e+00,0.000000e+00,0.000000e+00,0.000000e+00,0.000000e+00
1.000000e+00,0.000000e+00,0.000000e+00,0.000000e+00,0.000000e+00,0.000000e+00,0.000000e+00,0.000000e+00,0.000000e+00,0.000000e+00,0.000000e+00,0.000000e+00,0.000000e+00,0.000000e+00,0.000000e+00
1.000000e+00,0.000000e+00,0.000000e+00,0.000000e+00,0.000000e+00,0.000000e+00,0.000000e+00,0.000000e+00,0.000000e+00,0.000000e+00,0.000000e+00,0.000000e+00,0.000000e+00,0.000000e+00,0.000000e+00
1.000000e+00,0.000000e+00,0.000000e+00,0.000000e+00,0.000000e+00,0.000000e+00,0.000000e+00,0.000000e+00,0.000000e+00,0.000000e+00,0.000000e+00,0.000000e+00,0.000000e+00,0.000000e+00,0.000000e+00
1.000000e+00,0.000000e+00,0.000000e+00,0.000000e+00,0.000000e+00,0.000000e+00,0.000000e+00,0.000000e+00,0.000000e+00,0.000000e+00,0.000000e+00,0.000000e+00,0.000000e+00,0.000000e+00,0.000000e+00
1.000000e+00,0.000000e+00,0.000000e+00,0.000000e+00,0.000000e+00,0.000000e+00,0.000000e+00,0.000000e+00,0.000000e+00,0.000000e+00,0.000000e+00,0.000000e+00,0.000000e+00,0.000000e+00,0.000000e+00
1.000000e+00,0.000000e+00,0.000000e+00,0.000000e+00,0.000000e+00,0.000000e+00,0.000000e+00,0.000000e+00,0.000000e+00,0.000000e+00,0.000000e+00,0.000000e+00,0.000000e+00,0.000000e+00,0.000000e+00
1.000000e+00,0.000000e+00,0.000000e+00,0.000000e+00,0.000000e+00,0.000000e+00,0.000000e+00,0.000000e+00,0.000000e+00,0.000000e+00,0.000000e+00,0.000000e+00,0.000000e+00,0.000000e+00,0.000000e+00
1.000000e+00,0.000000e+00,0.000000e+00,0.000000e+00,0.000000e+00,0.000000e+00,0.000000e+00,0.000000e+00,0.000000e+00,0.000000e+00,0.000000e+00,0.000000e+00,0.000000e+00,0.000000e+00,0.000000e+00
1.000000e+00,0.000000e+00,0.000000e+00,0.000000e+00,0.000000e+00,0.000000e+00,0.000000e+00,0.000000e+00,0.000000e+00,0.000000e+00,0.000000e+00,0.000000e+00,0.000000e+00,0.000000e+00,0.000000e+00
1.000000e+00,0.000000e+00,0.000000e+00,0.000000e+00,0.000000e+00,0.000000e+00,0.000000e+00,0.000000e+00,0.000000e+00,0.000000e+00,0.000000e+00,0.000000e+00,0.000000e+00,0.000000e+00,0.000000e+00
1.000000e+00,0.000000e+00,0.000000e+00,0.000000e+00,0.000000e+00,0.000000e+00,0.000000e+00,0.000000e+00,0.000000e+00,0.000000e+00,0.000000e+00,0.000000e+00,0.000000e+00,0.000000e+00,0.000000e+00
1.000000e+00,0.000000e+00,0.000000e+00,0.000000e+00,0.000000e+00,0.000000e+00,0.000000e+00,0.000000e+00,0.000000e+00,0.000000e+00,0.000000e+00,0.000000e+00,0.000000e+00,0.000000e+00,0.000000e+00
1.000000e+00,0.000000e+00,0.000000e+00,0.000000e+00,0.000000e+00,0.000000e+00,0.000000e+00,0.000000e+00,0.000000e+00,0.000000e+00,0.000000e+00,0.000000e+00,0.000000e+00,0.000000e+00,0.000000e+00
1.000000e+00,0.000000e+00,0.000000e+00,0.000000e+00,0.000000e+00,0.000000e+00,0.000000e+00,0.000000e+00,0.000000e+00,0.000000e+00,0.000000e+00,0.000000e+00,0.000000e+00,0.000000e+00,0.000000e+00
1.000000e+00,0.000000e+00,0.000000e+00,0.000000e+00,0.000000e+00,0.000000e+00,0.000000e+00,0.000000e+00,0.000000e+00,0.000000e+00,0.000000e+00,0.000000e+00,0.000000e+00,0.000000e+00,0.000000e+00
1.000000e+00,0.000000e+00,0.000000e+00,0.000000e+00,0.000000e+00,0.000000e+00,0.000000e+00,0.000000e+00,0.000000e+00,0.000000e+00,0.000000e+00,0.000000e+00,0.000000e+00,0.000000e+00,0.000000e+00
1.000000e+00,0.000000e+00,0.000000e+00,0.000000e+00,0.000000e+00,0.000000e+00,0.000000e+00,0.000000e+00,0.000000e+00,0.000000e+00,0.000000e+00,0.000000e+00,0.000000e+00,0.000000e+00,0.000000e+00
1.000000e+00,0.000000e+00,0.000000e+00,0.000000e+00,0.000000e+00,0.000000e+00,0.000000e+00,0.000000e+00,0.000000e+00,0.000000e+00,0.000000e+00,0.000000e+00,0.000000e+00,0.000000e+00,0.000000e+00
1.000000e+00,0.000000e+00,0.000000e+00,0.000000e+00,0.000000e+00,0.000000e+00,0.000000e+00,0.000000e+00,0.000000e+00,0.000000e+00,0.000000e+00,0.000000e+00,0.000000e+00,0.000000e+00,0.000000e+00
1.000000e+00,0.000000e+00,0.000000e+00,0.000000e+00,0.000000e+00,0.000000e+00,0.000000e+00,0.000000e+00,0.000000e+00,0.000000e+00,0.000000e+00,0.000000e+00,0.000000e+00,0.000000e+00,0.000000e+00
1.000000e+00,0.000000e+00,0.000000e+00,0.000000e+00,0.000000e+00,0.000000e+00,0.000000e+00,0.000000e+00,0.000000e+00,0.000000e+00,0.000000e+00,0.000000e+00,0.000000e+00,0.000000e+00,0.000000e+00
1.000000e+00,0.000000e+00,0.000000e+00,0.000000e+00,0.000000e+00,0.000000e+00,0.000000e+00,0.000000e+00,0.000000e+00,0.000000e+00,0.000000e+00,0.000000e+00,0.000000e+00,0.000000e+00,0.000000e+00
1.000000e+00,0.000000e+00,0.000000e+00,0.000000e+00,0.000000e+00,0.000000e+00,0.000000e+00,0.000000e+00,0.000000e+00,0.000000e+00,0.000000e+00,0.000000e+00,0.000000e+00,0.000000e+00,0.000000e+00
1.000000e+00,0.000000e+00,0.000000e+00,0.000000e+00,0.000000e+00,0.000000e+00,0.000000e+00,0.000000e+00,0.000000e+00,0.000000e+00,0.000000e+00,0.000000e+00,0.000000e+00,0.000000e+00,0.000000e+00
1.000000e+00,0.000000e+00,0.000000e+00,0.000000e+00,0.000000e+00,0.000000e+00,0.000000e+00,0.000000e+00,0.000000e+00,0.000000e+00,0.000000e+00,0.000000e+00,0.000000e+00,0.000000e+00,0.000000e+00
1.000000e+00,0.000000e+00,0.000000e+00,0.000000e+00,0.000000e+00,0.000000e+00,0.000000e+00,0.000000e+00,0.000000e+00,0.000000e+00,0.000000e+00,0.000000e+00,0.000000e+00,0.000000e+00,0.000000e+00
1.000000e+00,0.000000e+00,0.000000e+00,0.000000e+00,0.000000e+00,0.000000e+00,0.000000e+00,0.000000e+00,0.000000e+00,0.000000e+00,0.000000e+00,0.000000e+00,0.000000e+00,0.000000e+00,0.000000e+00
1.000000e+00,0.000000e+00,0.000000e+00,0.000000e+00,0.000000e+00,0.000000e+00,0.000000e+00,0.000000e+00,0.000000e+00,0.000000e+00,0.000000e+00,0.000000e+00,0.000000e+00,0.000000e+00,0.000000e+00
1.000000e+00,0.000000e+00,0.000000e+00,0.000000e+00,0.000000e+00,0.000000e+00,0.000000e+00,0.000000e+00,0.000000e+00,0.000000e+00,0.000000e+00,0.000000e+00,0.000000e+00,0.000000e+00,0.000000e+00
1.000000e+00,0.000000e+00,0.000000e+00,0.000000e+00,0.000000e+00,0.000000e+00,0.000000e+00,0.000000e+00,0.000000e+00,0.000000e+00,0.000000e+00,0.000000e+00,0.000000e+00,0.000000e+00,0.000000e+00
1.000000e+00,0.000000e+00,0.000000e+00,0.000000e+00,0.000000e+00,0.000000e+00,0.000000e+00,0.000000e+00,0.000000e+00,0.000000e+00,0.000000e+00,0.000000e+00,0.000000e+00,0.000000e+00,0.000000e+00
1.000000e+00,0.000000e+00,0.000000e+00,0.000000e+00,0.000000e+00,0.000000e+00,0.000000e+00,0.000000e+00,0.000000e+00,0.000000e+00,0.000000e+00,0.000000e+00,0.000000e+00,0.000000e+00,0.000000e+00
1.000000e+00,0.000000e+00,0.000000e+00,0.000000e+00,0.000000e+00,0.000000e+00,0.000000e+00,0.000000e+00,0.000000e+00,0.000000e+00,0.000000e+00,0.000000e+00,0.000000e+00,0.000000e+00,0.000000e+00
4.201146e-01,2.123598e-02,2.907110e-01,5.630901e-02,8.665293e-03,1.912107e-02,2.432751e-02,8.508898e-02,5.346437e-03,1.928828e-03,1.137632e-02,1.921202e-02,1.694709e-02,2.193696e-03,1.742229e-02
3.443803e-01,1.613983e-02,3.406360e-01,4.889036e-02,7.305561e-03,1.842801e-02,4.278912e-02,1.230990e-01,4.004406e-03,1.655424e-03,9.027271e-03,1.512192e-02,1.349975e-02,1.893765e-03,1.312941e-02
3.912654e-01,1.324382e-02,2.718542e-01,3.842729e-02,6.407553e-03,2.199876e-02,4.764157e-02,1.551051e-01,3.323334e-03,1.675748e-03,8.242462e-03,1.417460e-02,1.180307e-02,2.370958e-03,1.246616e-02
3.993496e-01,1.106191e-02,2.142746e-01,3.055422e-02,5.749241e-03,2.314231e-02,6.270116e-02,2.035813e-01,2.805248e-03,1.518268e-03,7.019733e-03,1.359981e-02,1.078881e-02,2.413256e-03,1.144058e-02
3.492888e-01,8.401169e-03,1.782798e-01,2.548550e-02,4.893560e-03,2.172264e-02,1.495750e-01,2.218077e-01,2.240164e-03,1.255604e-03,5.249257e-03,1.081790e-02,9.784042e-03,2.105124e-03,9.093842e-03
3.134659e-01,6.330751e-03,1.404080e-01,2.139924e-02,4.043575e-03,2.207740e-02,2.196523e-01,2.384619e-01,1.809460e-03,1.150366e-03,4.039774e-03,8.778901e-03,8.825427e-03,1.961982e-03,7.595113e-03
3.228190e-01,5.455070e-03,1.062261e-01,1.830368e-02,4.767437e-03,2.132540e-02,2.584791e-01,2.269311e-01,1.668643e-03,1.538845e-03,3.525271e-03,8.235767e-03,9.991033e-03,2.281578e-03,8.451888e-03
4.122456e-01,5.120860e-03,7.899267e-02,1.456308e-02,4.585950e-03,2.486682e-02,2.343646e-01,1.808226e-01,1.750175e-03,1.875003e-03,4.062051e-03,1.035425e-02,1.117549e-02,2.672358e-03,1.254853e-02
4.530096e-01,6.056849e-03,6.137434e-02,1.394407e-02,5.807841e-03,3.332135e-02,2.029568e-01,1.599368e-01,2.273056e-03,2.929860e-03,6.151880e-03,1.447283e-02,1.299892e-02,4.443784e-03,2.032207e-02
4.290109e-01,1.087686e-02,4.893354e-02,2.173630e-02,7.328206e-03,4.876970e-02,1.962347e-01,1.412487e-01,4.507517e-03,3.497588e-03,1.054876e-02,2.180313e-02,1.872259e-02,5.723391e-03,3.105818e-02
3.040758e-01,1.289840e-02,4.653729e-02,2.302519e-02,6.721973e-03,4.739274e-02,1.861134e-01,1.917467e-01,1.401731e-02,2.365948e-02,2.610563e-02,1.759462e-02,3.422631e-02,1.364641e-02,5.223875e-02
2.130768e-01,9.447189e-03,3.336090e-02,2.283329e-02,4.854908e-03,3.542950e-02,1.397489e-01,1.558524e-01,1.672054e-02,4.050652e-02,6.294487e-02,1.917591e-02,4.687019e-02,1.374207e-01,6.175741e-02
1.491775e-01,7.562612e-03,2.340332e-02,1.665836e-02,3.591170e-03,2.513299e-02,9.795053e-02,1.093810e-01,2.539204e-02,2.998796e-02,8.395005e-02,1.719475e-02,4.563022e-02,3.099461e-01,5.504134e-02
1.044309e-01,5.537007e-03,1.639874e-02,1.175614e-02,2.646405e-03,1.776172e-02,6.861457e-02,7.660677e-02,2.676207e-02,2.145969e-02,6.379171e-02,1.285687e-02,3.476730e-02,4.845164e-01,5.209376e-02
7.318386e-02,5.075669e-03,1.161633e-02,8.386921e-03,2.613496e-03,1.312075e-02,4.825819e-02,5.371048e-02,3.626433e-02,1.739386e-02,4.715607e-02,9.446739e-03,2.479791e-02,5.022008e-01,1.467746e-01
5.166576e-02,5.061596e-03,8.285907e-03,6.087640e-03,2.113436e-03,1.090674e-02,3.398599e-02,3.768966e-02,4.138117e-02,1.402543e-02,3.700469e-02,7.053095e-03,1.826232e-02,5.301164e-01,1.963602e-01
3.786299e-02,4.817544e-03,5.978112e-03,6.055062e-03,1.963728e-03,1.137657e-02,2.389851e-02,2.644265e-02,6.695535e-02,1.573759e-02,6.780421e-02,6.647057e-03,1.765736e-02,4.745215e-01,2.322818e-01
2.721405e-02,8.959286e-03,9.619175e-03,6.164188e-03,2.252266e-03,1.010869e-02,1.700032e-02,1.897513e-02,9.206118e-02,1.425132e-02,8.622819e-02,7.323956e-03,1.913062e-02,4.609705e-01,2.197412e-01
1.970198e-02,8.569299e-03,8.608477e-03,5.242357e-03,2.373688e-03,9.605713e-03,1.210410e-02,1.357779e-02,9.767205e-02,1.732777e-02,7.594267e-02,6.233119e-03,1.701706e-02,5.001035e-01,2.059204e-01
1.518252e-02,1.116644e-02,1.933388e-02,4.692345e-03,5.126112e-03,7.243964e-03,8.512734e-03,9.755367e-03,1.126153e-01,1.621090e-02,6.468935e-02,4.972690e-03,1.524033e-02,5.168576e-01,1.884005e-01
1.163915e-02,8.417955e-03,1.435052e-02,4.583687e-03,4.420613e-03,5.488945e-03,5.982275e-03,7.175180e-03,2.147516e-01,1.422970e-02,5.163300e-02,3.676187e-03,1.230990e-02,4.962329e-01,1.451084e-01
8.350705e-03,6.534080e-03,1.053318e-02,4.470474e-03,3.231001e-03,4.436930e-03,4.197279e-03,5.098294e-03,4.348602e-01,1.099552e-02,3.807724e-02,2.891794e-03,1.039040e-02,3.509454e-01,1.049874e-01
6.598456e-03,4.893328e-03,8.909027e-03,6.286237e-03,3.045490e-03,3.866818e-03,2.981719e-03,4.030379e-03,5.231327e-01,1.962314e-02,5.703493e-02,6.323240e-03,1.702241e-02,2.520581e-01,8.419402e-02
6.324261e-03,5.646775e-03,1.058239e-02,1.050935e-02,1.595049e-02,4.550071e-03,2.351330e-03,7.246722e-03,4.776367e-01,1.577964e-02,1.538683e-01,1.088357e-02,2.334191e-02,1.939548e-01,6.137368e-02
7.633102e-03,5.602919e-03,5.005600e-02,1.831909e-02,4.853513e-02,7.605434e-03,4.581365e-03,1.192673e-02,4.790610e-01,1.262493e-02,1.444180e-01,9.447718e-03,1.989358e-02,1.366648e-01,4.363016e-02
1.283993e-02,8.795091e-03,8.942024e-02,5.613162e-02,1.207651e-01,1.128181e-02,4.273574e-03,1.077761e-02,4.171112e-01,1.033879e-02,1.065995e-01,7.695662e-03,1.572955e-02,9.667102e-02,3.156924e-02
4.893108e-02,1.702242e-02,1.337765e-01,7.609446e-02,1.522782e-01,1.490998e-02,3.746050e-03,9.822192e-03,3.105018e-01,9.126538e-03,1.063085e-01,7.499852e-03,1.440576e-02,7.036553e-02,2.521117e-02
3.475983e-02,1.233867e-02,9.494101e-02,1.911349e-01,1.233805e-01,1.164389e-02,2.667171e-03,8.690163e-03,2.266314e-01,9.108953e-03,1.675483e-01,1.001810e-02,3.834054e-02,4.966506e-02,1.913157e-02
2.487674e-02,1.161537e-02,6.799825e-02,2.051547e-01,1.437745e-01,1.021166e-02,2.127829e-03,6.499336e-03,1.785793e-01,7.517094e-03,2.483196e-01,7.871523e-03,3.125709e-02,3.883583e-02,1.536119e-02
1.809611e-02,9.871129e-03,4.908229e-02,2.220206e-01,1.132754e-01,7.643740e-03,1.758216e-03,5.065005e-03,2.007818e-01,7.177306e-03,2.827521e-01,1.365585e-02,2.547922e-02,3.148736e-02,1.185390e-02
1.368189e-02,8.722091e-03,3.534621e-02,2.027659e-01,1.059767e-01,5.903504e-03,1.462322e-03,4.240532e-03,1.631676e-01,6.843910e-03,3.551424e-01,1.651052e-02,2.065656e-02,5.020459e-02,9.375231e-03
1.042529e-02,6.642930e-03,2.519323e-02,1.475323e-01,8.929736e-02,4.785738e-03,1.097297e-03,3.344084e-03,1.151940e-01,5.624638e-03,4.635918e-01,2.341664e-02,1.519743e-02,8.177088e-02,6.886356e-03
8.879501e-03,5.166692e-03,1.831590e-02,1.059915e-01,7.700691e-02,4.335985e-03,7.925188e-04,2.504947e-03,8.090046e-02,5.288622e-03,5.389107e-01,2.373265e-02,1.090338e-02,1.122603e-01,5.009833e-03
7.386543e-03,3.826506e-03,1.310145e-02,7.568800e-02,6.216614e-02,4.748692e-03,5.742231e-04,1.928487e-03,5.685502e-02,4.734362e-03,5.832266e-01,2.218598e-02,8.072320e-03,1.516553e-01,3.850321e-03
5.456577e-03,2.874211e-03,9.424273e-03,5.315178e-02,4.975708e-02,4.447988e-03,4.368305e-04,1.552630e-03,3.992417e-02,4.167948e-03,6.139075e-01,1.944371e-02,6.091804e-03,1.864477e-01,2.915714e-03
3.980251e-03,2.593804e-03,6.884996e-03,3.727054e-02,4.435008e-02,3.208520e-03,3.117459e-04,1.131042e-03,2.821617e-02,3.482409e-03,6.510360e-01,1.801894e-02,4.384715e-03,1.929053e-01,2.225501e-03
3.275345e-03,2.480228e-03,6.160349e-03,2.638522e-02,3.502339e-02,3.390942e-03,2.539361e-04,1.139072e-03,2.014330e-02,4.686808e-03,5.968786e-01,1.911354e-02,3.298323e-03,2.757564e-01,2.014542e-03
2.916846e-03,2.265167e-03,4.540135e-03,1.857278e-02,2.755213e-02,3.444041e-03,1.850763e-04,8.803573e-04,1.525292e-02,4.291102e-03,5.499063e-01,1.875817e-02,2.440289e-03,3.473493e-01,1.645402e-03
2.816217e-03,4.077206e-03,6.686406e-03,1.334338e-02,2.822897e-02,4.947028e-03,2.167595e-04,1.401111e-03,1.252106e-02,8.479542e-03,5.295079e-01,2.090327e-02,2.251164e-03,3.631056e-01,1.514288e-03
2.431673e-03,1.123809e-02,9.301919e-03,1.045824e-02,3.354546e-02,1.447529e-02,1.661377e-03,1.487981e-03,1.326174e-02,1.317126e-02,5.425605e-01,2.236371e-02,1.893131e-03,3.199906e-01,2.158960e-03
2.742864e-03,4.209573e-02,3.014145e-02,9.316624e-03,5.488996e-02,4.831661e-02,7.957832e-03,1.491832e-03,1.917987e-02,1.807337e-02,4.821389e-01,1.966649e-02,1.802539e-03,2.580330e-01,4.152945e-03
3.072813e-03,3.267516e-02,3.171936e-02,9.526989e-03,4.825278e-02,4.238721e-02,6.703151e-03,1.844264e-03,2.700111e-02,4.588907e-02,4.825881e-01,1.687223e-02,4.958582e-03,2.352874e-01,1.122173e-02
3.297813e-03,2.454250e-02,2.697793e-02,1.066943e-02,4.124381e-02,3.186377e-02,4.838072e-03,1.895618e-03,8.400919e-02,4.924681e-02,4.698844e-01,1.397668e-02,2.377769e-02,2.013945e-01,1.238178e-02
5.374856e-03,1.872094e-02,5.263727e-02,8.711249e-03,4.403673e-02,2.972277e-02,5.018538e-03,9.541956e-03,8.876571e-02,5.010933e-02,4.751431e-01,1.522057e-02,2.451903e-02,1.622564e-01,1.022155e-02
8.723648e-03,1.866019e-02,8.858101e-02,6.810091e-03,4.885324e-02,2.266246e-02,3.763547e-03,7.439222e-03,1.278945e-01,3.714123e-02,4.705498e-01,1.224704e-02,2.190394e-02,1.169231e-01,7.847045e-03
1.319127e-02,1.595394e-02,1.186363e-01,9.240016e-03,1.380022e-01,1.772308e-02,3.194567e-03,6.630745e-03,1.672806e-01,2.768829e-02,3.622835e-01,1.021427e-02,1.970531e-02,8.424412e-02,6.011967e-03
9.830488e-02,2.000574e-02,1.541668e-01,1.244895e-02,1.533888e-01,1.396377e-02,2.891378e-03,5.541222e-03,1.242717e-01,2.210266e-02,2.961108e-01,9.195048e-03,1.561986e-02,6.699471e-02,4.993679e-03
1.507965e-01,2.542306e-02,1.346854e-01,3.865122e-02,1.344441e-01,1.470982e-02,3.038054e-03,9.315398e-03,9.274275e-02,1.760141e-02,2.714518e-01,1.228334e-02,1.408577e-02,7.587434e-02,4.897115e-03
1.883382e-01,4.066584e-02,1.345660e-01,4.719743e-02,1.274303e-01,2.120996e-02,3.706755e-03,9.829970e-03,7.086849e-02,1.396656e-02,2.331830e-01,1.394600e-02,1.323502e-02,7.352653e-02,8.330018e-03
1.878517e-01,4.314833e-02,1.337403e-01,5.047383e-02,1.268827e-01,2.283512e-02,3.507199e-03,1.028085e-02,5.379947e-02,1.580125e-02,2.092998e-01,2.452509e-02,1.315286e-02,9.126613e-02,1.343546e-02
1.994116e-01,4.407235e-02,1.200273e-01,4.652394e-02,1.267084e-01,2.762755e-02,4.358940e-03,1.112520e-02,4.073799e-02,1.886892e-02,2.042520e-01,3.700956e-02,1.487911e-02,8.895098e-02,1.544621e-02
1.656505e-01,4.216354e-02,9.293538e-02,4.786476e-02,9.314442e-02,2.943518e-02,3.623648e-03,1.028546e-02,3.506627e-02,2.146893e-02,2.486182e-01,7.218176e-02,2.087997e-02,7.205814e-02,4.462394e-02
1.172819e-01,3.077557e-02,7.231347e-02,1.708904e-01,6.865305e-02,2.580694e-02,2.625667e-03,8.010932e-03,2.832848e-02,1.827254e-02,2.692799e-01,6.393982e-02,4.109251e-02,5.064383e-02,3.208512e-02
8.356402e-02,2.216943e-02,5.160612e-02,1.617894e-01,5.148349e-02,1.996222e-02,2.052622e-03,5.794029e-03,2.266819e-02,3.605738e-02,3.673615e-01,5.319222e-02,6.007794e-02,3.749487e-02,2.472658e-02
5.899054e-02,1.565761e-02,3.646569e-02,1.169964e-01,4.007385e-02,1.432680e-02,1.455615e-03,4.682229e-03,1.828063e-02,3.479127e-02,3.538724e-01,4.667882e-02,2.130560e-01,2.699916e-02,1.767302e-02
4.449020e-02,1.241726e-02,2.658505e-02,1.070437e-01,4.069947e-02,1.148633e-02,1.329770e-03,3.808026e-03,1.853349e-02,1.153197e-01,3.270628e-01,3.784697e-02,2.159387e-01,2.207189e-02,1.536677e-02
3.215534e-02,9.111004e-03,1.904742e-02,8.862592e-02,3.864203e-02,8.916857e-03,1.049055e-03,3.459844e-03,1.862537e-02,1.427002e-01,3.623161e-01,3.128853e-02,1.970481e-01,3.415423e-02,1.286010e-02
2.315976e-02,6.680326e-03,1.371443e-02,6.368694e-02,2.803094e-02,7.001412e-03,7.703129e-04,2.847821e-03,1.608197e-02,1.647069e-01,3.641503e-01,2.686888e-02,1.613376e-01,1.104917e-01,1.047071e-02
1.693435e-02,5.048547e-03,1.005070e-02,4.769751e-02,2.082568e-02,6.223274e-03,5.899199e-04,2.338878e-03,1.639422e-02,2.226394e-01,3.645804e-01,2.767706e-02,1.301123e-01,1.187689e-01,1.011888e-02
1.300960e-02,4.188527e-03,7.485887e-03,3.953920e-02,1.704328e-02,6.875823e-03,4.931782e-04,2.266990e-03,1.569684e-02,2.345801e-01,4.039270e-01,2.708322e-02,1.057152e-01,1.016580e-01,2.043719e-02
1.575231e-02,4.082305e-03,5.731569e-03,3.354249e-02,1.692782e-02,6.198734e-03,4.973464e-04,2.005656e-03,2.105695e-02,1.961364e-01,4.622042e-01,3.641159e-02,8.820958e-02,7.939505e-02,3.184801e-02
1.330986e-02,3.838073e-03,7.571304e-03,2.652755e-02,5.343963e-02,5.164861e-03,1.313319e-03,3.366533e-03,4.391798e-02,1.607306e-01,4.589359e-01,4.166073e-02,6.876493e-02,6.279254e-02,4.866628e-02
1.253995e-02,5.384693e-03,8.950068e-03,2.335883e-02,7.710885e-02,8.553861e-03,1.165548e-03,1.160267e-02,1.492807e-01,1.289768e-01,3.923959e-01,4.145380e-02,5.212021e-02,4.754218e-02,3.956590e-02
1.282851e-02,6.683510e-03,1.170327e-02,2.381211e-02,1.033684e-01,1.803924e-02,1.653328e-03,1.914191e-02,2.041653e-01,1.035219e-01,3.440722e-01,4.120219e-02,4.162063e-02,3.684176e-02,3.134561e-02
1.373618e-02,8.748165e-03,1.096544e-02,2.563068e-02,8.458099e-02,2.289920e-02,1.742971e-03,1.749945e-02,2.773253e-01,7.807470e-02,2.745838e-01,7.224055e-02,5.618191e-02,2.755315e-02,2.823740e-02
1.038963e-02,6.876925e-03,8.417123e-03,2.006061e-02,6.188793e-02,2.035390e-02,1.345507e-03,1.356622e-02,3.123728e-01,5.976534e-02,2.264160e-01,1.289676e-01,8.815136e-02,1.987813e-02,2.155082e-02
1.271395e-02,6.532216e-03,1.269894e-02,1.618304e-02,7.284230e-02,1.811027e-02,1.507713e-03,1.060257e-02,3.954293e-01,4.312594e-02,1.961852e-01,1.073661e-01,7.654324e-02,1.433241e-02,1.582676e-02
9.922903e-03,6.994169e-03,1.282821e-02,7.904111e-02,7.899994e-02,2.689391e-02,1.559739e-03,7.533489e-03,4.184983e-01,3.218317e-02,1.443711e-01,8.020455e-02,7.691455e-02,1.026975e-02,1.378508e-02
7.861055e-03,6.191419e-03,1.068947e-02,7.076648e-02,7.258318e-02,4.340499e-02,1.474555e-03,5.469989e-03,3.427838e-01,2.536195e-02,1.310327e-01,7.346857e-02,1.849175e-01,7.406616e-03,1.658770e-02
6.776377e-03,5.419700e-03,9.096853e-03,5.318148e-02,7.319717e-02,3.258145e-02,1.472046e-03,3.995880e-03,2.468502e-01,1.832202e-02,1.055901e-01,1.312329e-01,2.949625e-01,5.341059e-03,1.198025e-02
5.146471e-03,4.349981e-03,7.325031e-03,3.871664e-02,5.614977e-02,2.385499e-02,1.295032e-03,2.993548e-03,1.762638e-01,1.301930e-02,8.563794e-02,1.753749e-01,3.970819e-01,3.804948e-03,8.985855e-03
3.667867e-03,3.112223e-03,5.190657e-03,2.715191e-02,3.991208e-02,1.716652e-02,9.337925e-04,2.108956e-03,1.253418e-01,9.179611e-03,6.232225e-02,1.433197e-01,5.515237e-01,2.697732e-03,6.371261e-03
2.983271e-03,2.490595e-03,4.803426e-03,1.926550e-02,3.067799e-02,2.959115e-02,7.754475e-04,2.404709e-03,1.015812e-01,6.628544e-03,5.104465e-02,1.358873e-01,6.053122e-01,1.958471e-03,4.595635e-03
5.917954e-03,2.848580e-03,4.680249e-03,1.413387e-02,2.386953e-02,5.947235e-02,7.261079e-04,2.519837e-03,9.489820e-02,5.953896e-03,5.150887e-02,2.245773e-01,5.040362e-01,1.454182e-03,3.402968e-03
3.247016e-02,5.536135e-03,4.316877e-03,1.076831e-02,2.022856e-02,4.674787e-02,7.025191e-04,2.197689e-03,1.023035e-01,1.019290e-02,5.068377e-02,3.144879e-01,3.956673e-01,1.113835e-03,2.582615e-03
3.380445e-02,5.013019e-03,3.437293e-03,8.219079e-03,1.548599e-02,3.609882e-02,5.783793e-04,1.820439e-03,9.125760e-02,1.136636e-02,4.544509e-02,4.587649e-01,2.858844e-01,8.742933e-04,1.949890e-03
4.058706e-02,7.427674e-03,7.797322e-03,6.599085e-03,1.329423e-02,4.170268e-02,8.942760e-04,5.348349e-03,9.429134e-02,1.674628e-02,4.301998e-02,5.143253e-01,2.055882e-01,7.260661e-04,1.652280e-03
1.093359e-01,7.966874e-03,1.163921e-02,5.310789e-03,1.114695e-02,4.049896e-02,9.170581e-04,5.145564e-03,7.244138e-02,1.479786e-02,7.124648e-02,5.011667e-01,1.450019e-01,1.044050e-03,2.340377e-03
1.455270e-01,1.497951e-02,4.263992e-02,5.210672e-03,1.169803e-02,3.181623e-02,8.130335e-04,5.314774e-03,6.770150e-02,1.373312e-02,7.443877e-02,4.804066e-01,1.023014e-01,9.181330e-04,2.501407e-03
1.083574e-01,1.558730e-02,3.344724e-02,4.165201e-03,1.076221e-02,2.531674e-02,6.210752e-04,4.621934e-03,5.971799e-02,1.240882e-02,1.606837e-01,4.886600e-01,7.174540e-02,1.005661e-03,2.899357e-03
7.934202e-02,1.694732e-02,2.558161e-02,3.193550e-03,8.967361e-03,1.847040e-02,4.787438e-04,4.142305e-03,5.237687e-02,1.081346e-02,2.799127e-01,4.458021e-01,5.037511e-02,9.972150e-04,2.599281e-03
5.726516e-02,1.320427e-02,1.835625e-02,2.375279e-03,6.519254e-03,1.329707e-02,3.580913e-04,3.186598e-03,3.977799e-02,8.550506e-03,4.617116e-01,3.368145e-01,3.532576e-02,1.106734e-03,2.150891e-03
4.297119e-02,1.109197e-02,1.359422e-02,1.819612e-03,6.002784e-03,9.540484e-03,3.039728e-04,2.663306e-03,3.350623e-02,8.026130e-03,6.016855e-01,2.407230e-01,2.481477e-02,1.389368e-03,1.867455e-03
4.057872e-02,1.039158e-02,1.733592e-02,2.105246e-03,1.290091e-02,7.648758e-03,4.373313e-04,2.827624e-03,3.975600e-02,8.816055e-03,6.625652e-01,1.725284e-01,1.748155e-02,2.258363e-03,2.368272e-03
5.494010e-02,1.041366e-02,3.381626e-02,5.246787e-03,2.187034e-02,8.070083e-03,6.701583e-04,6.501696e-03,6.788762e-02,1.003184e-02,6.288353e-01,1.298709e-01,1.246120e-02,7.003515e-03,2.380532e-03
4.950950e-02,1.102057e-02,2.841646e-02,5.806985e-03,2.244799e-02,7.560637e-03,6.859388e-04,8.914767e-03,1.066435e-01,1.004245e-02,6.263336e-01,9.756029e-02,8.834362e-03,1.385054e-02,2.372389e-03
5.184254e-02,9.998246e-03,2.490545e-02,6.908129e-03,1.966098e-02,7.102762e-03,5.652079e-04,9.822519e-03,1.389348e-01,1.094330e-02,6.165724e-01,7.389817e-02,6.450938e-03,1.986009e-02,2.534504e-03
5.058353e-02,1.139940e-02,3.783733e-02,2.698298e-02,3.039631e-02,5.783468e-03,5.430608e-04,1.821358e-02,1.888276e-01,9.972787e-03,5.385854e-01,5.374721e-02,4.884726e-03,2.014408e-02,2.098588e-03
6.933531e-02,1.187160e-02,3.988503e-02,3.140697e-02,5.051922e-02,5.154772e-03,6.113404e-04,2.334263e-02,2.198796e-01,1.051948e-02,4.670302e-01,3.993573e-02,3.748028e-03,2.418472e-02,2.575418e-03
7.186649e-02,2.025221e-02,3.615740e-02,3.350484e-02,6.395543e-02,6.542668e-03,8.516508e-04,2.963211e-02,2.382895e-01,9.320765e-03,4.205784e-01,2.921296e-02,2.875741e-03,3.375363e-02,3.206170e-03
7.855954e-02,1.916201e-02,5.055828e-02,1.052717e-01,8.663775e-02,5.860148e-03,1.031006e-03,5.178617e-02,2.072807e-01,7.128103e-03,3.284908e-01,2.109036e-02,2.149879e-03,3.218876e-02,2.804791e-03
8.768761e-02,4.069645e-02,5.459257e-02,1.094539e-01,8.342131e-02,5.933470e-03,1.037745e-03,5.705760e-02,2.177897e-01,6.219525e-03,2.715724e-01,1.650778e-02,1.853122e-03,4.219749e-02,3.979355e-03
9.282753e-02,5.545564e-02,4.917593e-02,1.376475e-01,7.750805e-02,5.580286e-03,8.807136e-04,5.184083e-02,2.092526e-01,5.955255e-03,2.483178e-01,1.273237e-02,1.588143e-03,4.756588e-02,3.671502e-03
1.063477e-01,1.035724e-01,5.148875e-02,1.168938e-01,6.319787e-02,7.976561e-03,7.698784e-04,4.912809e-02,2.181363e-01,8.447887e-03,1.896408e-01,1.221212e-02,2.284464e-03,4.476073e-02,2.514258e-02
7.695364e-02,7.881541e-02,1.025248e-01,1.068134e-01,4.460023e-02,9.239092e-03,5.491885e-04,3.476187e-02,1.648597e-01,1.161795e-02,1.972964e-01,9.498744e-03,2.773715e-03,1.343980e-01,2.529782e-02
5.496452e-02,8.801961e-02,1.256827e-01,8.029153e-02,3.143893e-02,7.648573e-03,4.096754e-04,2.448886e-02,1.648124e-01,1.133784e-02,2.076650e-01,7.775445e-03,2.553475e-03,1.309652e-01,6.194630e-02
3.889691e-02,6.323668e-02,9.658268e-02,5.775128e-02,2.202976e-02,5.761819e-03,2.999780e-04,1.725322e-02,1.286704e-01,9.105988e-03,3.804958e-01,8.069083e-03,2.292388e-03,1.252668e-01,4.428715e-02
2.740290e-02,4.468285e-02,6.904002e-02,4.055452e-02,1.544207e-02,4.281969e-03,2.136316e-04,1.211021e-02,9.239881e-02,6.870621e-03,5.256433e-01,1.164353e-02,1.857989e-03,1.167742e-01,3.108338e-02
1.934867e-02,3.164920e-02,4.869849e-02,2.862068e-02,1.090681e-02,3.308000e-03,1.577381e-04,8.517615e-03,6.585331e-02,5.312567e-03,6.387593e-01,1.180745e-02,1.518593e-03,1.036499e-01,2.189167e-02
1.399276e-02,2.306443e-02,3.767087e-02,2.084620e-02,8.603574e-03,4.131590e-03,2.810334e-04,8.642966e-03,5.189376e-02,4.904238e-03,6.678616e-01,1.517913e-02,1.446281e-03,1.257005e-01,1.578104e-02
9.993994e-03,1.646163e-02,2.684010e-02,1.496499e-02,6.604534e-03,3.511987e-03,2.382106e-04,6.300631e-03,3.870951e-02,5.444401e-03,6.813008e-01,1.403057e-02,1.399188e-03,1.624534e-01,1.174605e-02
7.168667e-03,1.778802e-02,2.129279e-02,1.474036e-02,1.509308e-02,3.888628e-03,7.036257e-04,4.855962e-03,3.916384e-02,6.962039e-03,7.160118e-01,1.101062e-02,1.083579e-03,1.317569e-01,8.480093e-03
5.225072e-03,1.317144e-02,1.761515e-02,1.744472e-02,1.455795e-02,4.862432e-03,7.073579e-04,3.657676e-03,3.605761e-02,1.654553e-02,7.297447e-01,9.588035e-03,1.006046e-03,1.226780e-01,7.138300e-03
3.808212e-03,9.561390e-03,1.646729e-02,2.348139e-02,1.573285e-02,6.446159e-03,8.551294e-04,3.527477e-03,3.551675e-02,3.981669e-02,7.046571e-01,9.041851e-03,9.936029e-04,1.242786e-01,5.815573e-03
3.283955e-03,7.690540e-03,1.355950e-02,2.327660e-02,1.336822e-02,6.205378e-03,6.225265e-04,2.688064e-03,1.868978e-01,3.058865e-02,5.835572e-01,7.463976e-03,3.264832e-03,1.116067e-01,5.925940e-03
2.613311e-03,8.810809e-03,1.320158e-02,1.766561e-02,1.822483e-02,5.707553e-03,5.399138e-04,2.535042e-03,2.039644e-01,3.658770e-02,5.478504e-01,9.614130e-03,3.956870e-03,1.239529e-01,4.774888e-03
1.993305e-03,1.140174e-02,1.413581e-02,1.266309e-02,1.853220e-02,8.404966e-03,4.161182e-04,1.988888e-03,2.696486e-01,3.174524e-02,4.940697e-01,8.862623e-03,4.823052e-03,1.173645e-01,3.950191e-03
2.232772e-03,1.071062e-02,3.535157e-02,1.211007e-02,1.690762e-02,1.816556e-02,5.530806e-04,1.968979e-02,3.562655e-01,2.468742e-02,3.877364e-01,8.876074e-03,6.250118e-03,9.690849e-02,3.554919e-03
2.358752e-03,1.036039e-02,3.569085e-02,1.008327e-02,1.595244e-02,3.927772e-02,7.176852e-04,1.857994e-02,3.795349e-01,1.969738e-02,3.032848e-01,7.875300e-03,6.408892e-03,1.464602e-01,3.717446e-03
2.605574e-03,9.388728e-03,2.692231e-02,9.849505e-03,1.496681e-02,5.089942e-02,6.136121e-04,2.396214e-02,4.562646e-01,1.429174e-02,2.233101e-01,6.456156e-03,7.208184e-03,1.488828e-01,4.378187e-03
3.393069e-03,8.159683e-03,2.420342e-02,9.200718e-03,1.428224e-02,6.042851e-02,5.517111e-04,3.531595e-02,5.139259e-01,1.063413e-02,1.638726e-01,4.945413e-03,6.241640e-03,1.404316e-01,4.413400e-03
2.722414e-03,5.922251e-03,1.743098e-02,9.728954e-03,1.034865e-02,4.283889e-02,3.928112e-04,2.581085e-02,6.472833e-01,7.709762e-03,1.167699e-01,3.559459e-03,5.472187e-03,1.002110e-01,3.798472e-03
4.902957e-03,9.021208e-03,1.516250e-02,1.096190e-02,7.858059e-03,3.072480e-02,3.264375e-04,2.039366e-02,6.668534e-01,6.622892e-03,9.754243e-02,5.327245e-03,2.239100e-02,8.411206e-02,1.779940e-02
1.523068e-02,2.213592e-02,3.227322e-02,1.980958e-02,1.194305e-02,2.404226e-02,4.105206e-04,1.850963e-02,5.135686e-01,6.213287e-03,1.660518e-01,1.128563e-02,4.167971e-02,8.305725e-02,3.378879e-02
2.503365e-02,2.797348e-02,5.501222e-02,2.754865e-02,2.233484e-02,2.077102e-02,1.020580e-03,1.000670e-01,3.953939e-01,8.509519e-03,1.411142e-01,1.238761e-02,4.627779e-02,7.760350e-02,3.895201e-02
2.980525e-02,2.792578e-02,7.509652e-02,7.930437e-02,6.359392e-02,1.857315e-02,1.777610e-03,8.687994e-02,3.292942e-01,1.362456e-02,1.131139e-01,1.452186e-02,4.870916e-02,5.815717e-02,3.962262e-02
2.349718e-02,2.204740e-02,5.653640e-02,8.456645e-02,5.045399e-02,2.713461e-02,1.413713e-03,6.284605e-02,2.521195e-01,1.259231e-02,1.266011e-01,7.467180e-02,1.279016e-01,4.127970e-02,3.633821e-02
1.904813e-02,1.784859e-02,4.088526e-02,6.695748e-02,3.671517e-02,2.427871e-02,1.072898e-03,4.420443e-02,1.819178e-01,1.057354e-02,1.036634e-01,1.603540e-01,2.017128e-01,3.261372e-02,5.815405e-02
1.528884e-02,1.426813e-02,2.930329e-02,5.318061e-02,2.791492e-02,3.759459e-02,9.818377e-04,3.125687e-02,1.344320e-01,8.447334e-03,8.780660e-02,2.150548e-01,2.717845e-01,2.557834e-02,4.710740e-02
1.222944e-02,1.536887e-02,2.154838e-02,3.977012e-02,2.004599e-02,3.337627e-02,8.004411e-04,2.204765e-02,1.204342e-01,1.188695e-02,6.933172e-02,2.217185e-01,3.113260e-01,4.438404e-02,5.573148e-02
1.006467e-02,1.445567e-02,1.546471e-02,2.884826e-02,1.466242e-02,5.237197e-02,6.594484e-04,1.558575e-02,1.005053e-01,9.292954e-03,6.039058e-02,2.449369e-01,3.051122e-01,3.581003e-02,9.183909e-02
8.357016e-03,1.215376e-02,1.139375e-02,2.120961e-02,1.051998e-02,5.023155e-02,5.797097e-04,1.138450e-02,8.325779e-02,8.007819e-03,5.276726e-02,3.943661e-01,2.360451e-01,3.310359e-02,6.662256e-02
8.763496e-03,8.867363e-03,8.503028e-03,1.631233e-02,9.107807e-03,4.568450e-02,6.829827e-04,8.369858e-03,7.113864e-02,7.655600e-03,5.492861e-02,4.841537e-01,1.951601e-01,3.248212e-02,4.818983e-02
1.311552e-02,7.004603e-03,7.651020e-03,1.322566e-02,1.552400e-02,3.438140e-02,1.039549e-03,7.349088e-03,6.997444e-02,9.746698e-03,7.350826e-02,4.788332e-01,2.058579e-01,2.764958e-02,3.513912e-02
1.474349e-02,5.486622e-03,6.309258e-03,9.922992e-03,4.723657e-02,3.627530e-02,3.278018e-03,7.269484e-03,6.711449e-02,1.401027e-02,7.286367e-02,4.947162e-01,1.742889e-01,2.099627e-02,2.548847e-02
1.598471e-02,4.569435e-03,6.134944e-03,7.440761e-03,4.930896e-02,6.621053e-02,9.896208e-03,1.109533e-02,9.110597e-02,1.235110e-02,6.560533e-02,4.941282e-01,1.330148e-01,1.505709e-02,1.809675e-02
1.962881e-02,4.452759e-03,5.451008e-03,5.787187e-03,5.763110e-02,8.078958e-02,1.287213e-02,1.912894e-02,1.710769e-01,1.295106e-02,5.147954e-02,4.199692e-01,1.142894e-01,1.148764e-02,1.300482e-02
2.018211e-02,3.821113e-03,5.819994e-03,4.546766e-03,5.459946e-02,7.644432e-02,2.309551e-02,3.159564e-02,1.299626e-01,1.208613e-02,3.948614e-02,4.739776e-01,1.023061e-01,1.207426e-02,1.000216e-02
2.756623e-02,6.545770e-03,6.598267e-03,3.930505e-03,5.347808e-02,6.877135e-02,1.952187e-02,2.825225e-02,1.133919e-01,1.092133e-02,3.115786e-02,5.178654e-01,9.221753e-02,1.144450e-02,8.337076e-03
3.127925e-02,1.886556e-02,7.007729e-03,4.682514e-03,6.593083e-02,6.425207e-02,1.629371e-02,3.162194e-02,1.134333e-01,9.561343e-03,2.361929e-02,5.194126e-01,7.633027e-02,8.879460e-03,8.829989e-03
3.506683e-02,2.089786e-02,6.832096e-03,7.176463e-03,8.982994e-02,7.340627e-02,1.599596e-02,2.990650e-02,1.189652e-01,9.032070e-03,2.053066e-02,4.779176e-01,7.727236e-02,7.486790e-03,9.683383e-03
3.673063e-02,2.315165e-02,6.149435e-03,8.029817e-03,1.004760e-01,6.731376e-02,1.402618e-02,2.538373e-02,1.108707e-01,8.110619e-03,2.702985e-02,4.890693e-01,6.555694e-02,6.523914e-03,1.157743e-02
3.696881e-02,2.188832e-02,5.108503e-03,7.508215e-03,8.276859e-02,6.017479e-02,1.181272e-02,2.654578e-02,1.492496e-01,7.061147e-03,2.770732e-02,4.922385e-01,5.334467e-02,7.186540e-03,1.043656e-02
3.142232e-02,2.725819e-02,4.641142e-03,5.825763e-03,6.870596e-02,9.043856e-02,9.483502e-03,2.751994e-02,1.538070e-01,6.441015e-03,2.622099e-02,4.837454e-01,4.968155e-02,6.102302e-03,8.706329e-03
3.189094e-02,4.554469e-02,4.752729e-03,5.910255e-03,6.858794e-02,1.419819e-01,7.824000e-03,2.272157e-02,1.655597e-01,6.819706e-03,2.116921e-02,4.217064e-01,4.047896e-02,4.898912e-03,1.015303e-02
3.377028e-02,5.969933e-02,4.622435e-03,9.296272e-03,6.641144e-02,2.132323e-01,6.926339e-03,2.098379e-02,1.862427e-01,6.386602e-03,1.751904e-02,3.271986e-01,3.295679e-02,3.923153e-03,1.083092e-02
3.048783e-02,6.541518e-02,3.687047e-03,8.980842e-03,5.241962e-02,2.963983e-01,6.199099e-03,2.572968e-02,2.192624e-01,4.991385e-03,1.295681e-02,2.379293e-01,2.422928e-02,2.850644e-03,8.462599e-03
2.384181e-02,1.101873e-01,4.731116e-03,6.604532e-02,3.721830e-02,2.606898e-01,4.506842e-03,1.871763e-02,2.059219e-01,9.905197e-03,1.288801e-02,1.686065e-01,2.077937e-02,2.319350e-03,5.364151e-02
2.095056e-02,9.821934e-02,3.953828e-03,4.862521e-02,2.764999e-02,3.218692e-01,3.769564e-03,1.419094e-02,2.243569e-01,1.000996e-02,1.288618e-02,1.202557e-01,1.927565e-02,2.152299e-03,7.183459e-02
1.549499e-02,1.293124e-01,2.946098e-03,5.305030e-02,1.951577e-02,2.318888e-01,2.681179e-03,1.000378e-02,3.506148e-01,7.904094e-03,1.067405e-02,8.586323e-02,1.713482e-02,1.934217e-03,6.098132e-02
1.906083e-02,1.489073e-01,2.587017e-03,4.294435e-02,1.432518e-02,1.756620e-01,2.164623e-03,7.479855e-03,3.443693e-01,7.862596e-03,2.041272e-02,6.494375e-02,4.560569e-02,8.475316e-03,9.519956e-02
1.925640e-02,1.089848e-01,2.292292e-03,3.295935e-02,1.413163e-02,1.340633e-01,2.291340e-03,6.173025e-03,3.347383e-01,5.847873e-03,4.550564e-02,5.335235e-02,1.439479e-01,7.459983e-03,8.899581e-02
2.102333e-02,7.963573e-02,2.414183e-03,2.388954e-02,1.215507e-02,1.046696e-01,1.751100e-03,5.395294e-03,2.541400e-01,4.492121e-03,3.272736e-02,4.184423e-02,3.318201e-01,6.916083e-03,7.712624e-02
2.330487e-02,5.860562e-02,4.253781e-03,2.218158e-02,1.317166e-02,8.590657e-02,2.734450e-03,3.070973e-02,1.992691e-01,4.053877e-03,2.589287e-02,3.405497e-02,3.922268e-01,7.910005e-03,9.572414e-02
1.751525e-02,5.137027e-02,1.878247e-02,8.618690e-02,1.460824e-02,6.259242e-02,2.104459e-03,2.199462e-02,1.677841e-01,2.338124e-02,2.649410e-02,2.689244e-02,2.972836e-01,7.040483e-03,1.759694e-01
1.417175e-02,3.901715e-02,2.005019e-02,8.039731e-02,1.823553e-02,4.873513e-02,2.597930e-03,1.761343e-02,1.355740e-01,2.074398e-02,6.242577e-02,2.660474e-02,3.177910e-01,8.619556e-03,1.874226e-01
