1.000000e+00,0.000000e+00,0.000000e+00,0.000000e+00,0.000000e+00,0.000000e+00,0.000000e+00,0.000000e+00,0.000000e+00,0.000000e+00,0.000000e+00,0.000000e+00,0.000000e+00,0.000000e+00,0.000000e+00
1.000000e+00,0.000000e+00,0.000000e+00,0.000000e+00,0.000000e+00,0.000000e+00,0.000000e+00,0.000000e+00,0.000000e+00,0.000000e+00,0.000000e+00,0.000000e+00,0.000000e+00,0.000000e+00,0.000000e+00
1.000000e+00,0.000000e+00,0.000000e+00,0.000000e+00,0.000000e+00,0.000000e+00,0.000000e+00,0.000000e+00,0.000000e+00,0.000000e+00,0.000000e+00,0.000000e+00,0.000000e+00,0.000000e+00,0.000000e+00
1.000000e+00,0.000000e+00,0.000000e+00,0.000000e+00,0.000000e+00,0.000000e+00,0.000000e+00,0.000000e+00,0.000000e+00,0.000000e+00,0.000000e+00,0.000000e+00,0.000000e+00,0.000000e+00,0.000000e+00
1.000000e+00,0.000000e+00,0.000000e+00,0.000000e+00,0.000000e+00,0.000000e+00,0.000000e+00,0.000000e+00,0.000000e+00,0.000000e+00,0.000000e+00,0.000000e+00,0.000000e+00,0.000000e+00,0.000000e+00
1.000000e+00,0.000000e+00,0.000000e+00,0.000000e+00,0.000000e+00,0.000000e+00,0.000000e+00,0.000000e+00,0.000000e+00,0.000000e+00,0.000000e+00,0.000000e+00,0.000000e+00,0.000000e+00,0.000000e+00
1.000000e+00,0.000000e+00,0.000000e+00,0.000000e+00,0.000000e+00,0.000000e+00,0.000000e+00,0.000000e+00,0.000000e+00,0.000000e+00,0.000000e+00,0.000000e+00,0.000000e+00,0.000000e+00,0.000000e+00
1.000000e+00,0.000000e+00,0.000000e+00,0.000000e+00,0.000000e+00,0.000000e+00,0.000000e+00,0.000000e+00,0.000000e+00,0.000000e+00,0.000000e+00,0.000000e+00,0.000000e+00,0.000000e+00,0.000000e+00
1.000000e+00,0.000000e+00,0.000000e+00,0.000000e+00,0.000000e+00,0.000000e+00,0.000000e+00,0.000000e+00,0.000000e+00,0.000000e+00,0.000000e+00,0.000000e+00,0.000000e+00,0.000000e+00,0.000000e+00
1.000000e+00,0.000000e+00,0.000000e+00,0.000000e+00,0.000000e+00,0.000000e+00,0.000000e+00,0.000000e+00,0.000000e+00,0.000000e+00,0.000000e+00,0.000000e+00,0.000000e+00,0.000000e+00,0.000000e+00
1.000000e+00,0.000000e+00,0.000000e+00,0.000000e+00,0.000000e+00,0.000000e+00,0.000000e+00,0.000000e+00,0.000000e+00,0.000000e+00,0.000000e+00,0.000000e+00,0.000000e+00,0.000000e+00,0.000000e+00
1.000000e+00,0.000000e+00,0.000000e+00,0.000000e+00,0.000000e+00,0.000000e+00,0.000000e+00,0.000000e+00,0.000000e+00,0.000000e+00,0.000000e+00,0.000000e+00,0.000000e+00,0.000000e+00,0.000000e+00
1.000000e+00,0.000000e+00,0.000000e+00,0.000000e+00,0.000000e+00,0.000000e+00,0.000000e+00,0.000000e+00,0.000000e+00,0.000000e+00,0.000000e+00,0.000000e+00,0.000000e+00,0.000000e+00,0.000000e+00
1.000000e+00,0.000000e+00,0.000000e+00,0.000000e+00,0.000000e+00,0.000000e+00,0.000000e+00,0.000000e+00,0.000000e+00,0.000000e+00,0.000000e+00,0.000000e+00,0.000000e+00,0.000000e+00,0.000000e+00
1.000000e+00,0.000000e+00,0.000000e+00,0.000000e+00,0.000000e+00,0.000000e+00,0.000000e+00,0.000000e+00,0.000000e+00,0.000000e+00,0.000000e+00,0.000000e+00,0.000000e+00,0.000000e+00,0.000000e+00
1.000000e+00,0.000000e+00,0.000000e+00,0.000000e+00,0.000000e+00,0.000000e+00,0.000000e+00,0.000000e+00,0.000000e+00,0.000000e+00,0.000000e+00,0.000000e+00,0.000000e+00,0.000000e+00,0.000000e+00
1.000000e+00,0.000000e+00,0.000000e+00,0.000000e+00,0.000000e+00,0.000000e+00,0.000000e+00,0.000000e+00,0.000000e+00,0.000000e+00,0.000000e+00,0.000000e+00,0.000000e+00,0.000000e+00,0.000000e+00
1.000000e+00,0.000000e+00,0.000000e+00,0.000000e+00,0.000000e+00,0.000000e+00,0.000000e+00,0.000000e+00,0.000000e+00,0.000000e+00,0.000000e+00,0.000000e+00,0.000000e+00,0.000000e+00,0.000000e+00
1.000000e+00,0.000000e+00,0.000000e+00,0.000000e+00,0.000000e+00,0.000000e+00,0.000000e+00,0.000000e+00,0.000000e+00,0.000000e+00,0.000000e+00,0.000000e+00,0.000000e+00,0.000000e+00,0.000000e+00
1.000000e+00,0.000000e+00,0.000000e+00,0.000000e+00,0.000000e+00,0.000000e+00,0.000000e+00,0.000000e+00,0.000000e+00,0.000000e+00,0.000000e+00,0.000000e+00,0.000000e+00,0.000000e+00,0.000000e+00
1.000000e+00,0.000000e+00,0.000000e+00,0.000000e+00,0.000000e+00,0.000000e+00,0.000000e+00,0.000000e+00,0.000000e+00,0.000000e+00,0.000000e+00,0.000000e+00,0.000000e+00,0.000000e+00,0.000000e+00
1.000000e+00,0.000000e+00,0.000000e+00,0.000000e+00,0.000000e+00,0.000000e+00,0.000000e+00,0.000000e+00,0.000000e+00,0.000000e+00,0.000000e+00,0.000000e+00,0.000000e+00,0.000000e+00,0.000000e+00
1.000000e+00,0.000000e+00,0.000000e+00,0.000000e+00,0.000000e+00,0.000000e+00,0.000000e+00,0.000000e+00,0.000000e+00,0.000000e+00,0.000000e+00,0.000000e+00,0.000000e+00,0.000000e+00,0.000000e+00
1.000000e+00,0.000000e+00,0.000000e+00,0.000000e+00,0.000000e+00,0.000000e+00,0.000000e+00,0.000000e+00,0.000000e+00,0.000000e+00,0.000000e+00,0.000000e+00,0.000000e+00,0.000000e+00,0.000000e+00
1.000000e+00,0.000000e+00,0.000000e+00,0.000000e+00,0.000000e+00,0.000000e+00,0.000000e+00,0.000000e+00,0.000000e+00,0.000000e+00,0.000000e+00,0.000000e+00,0.000000e+00,0.000000e+00,0.000000e+00
1.000000e+00,0.000000e+00,0.000000e+00,0.000000e+00,0.000000e+00,0.000000e+00,0.000000e+00,0.000000e+00,0.000000e+00,0.000000e+00,0.000000e+00,0.000000e+00,0.000000e+00,0.000000e+00,0.000000e+00
1.000000e+00,0.000000e+00,0.000000e+00,0.000000e+00,0.000000e+00,0.000000e+00,0.000000e+00,0.000000e+00,0.000000e+00,0.000000e+00,0.000000e+00,0.000000e+00,0.000000e+00,0.000000e+00,0.000000e+00
1.000000e+00,0.000000e+00,0.000000e+00,0.000000e+00,0.000000e+00,0.000000e+00,0.000000e+00,0.000000e+00,0.000000e+00,0.000000e+00,0.000000e+00,0.000000e+00,0.000000e+00,0.000000e+00,0.000000e+00
1.000000e+00,0.000000e+00,0.000000e+00,0.000000e+00,0.000000e+00,0.000000e+00,0.000000e+00,0.000000e+00,0.000000e+00,0.000000e+00,0.000000e+00,0.000000e+00,0.000000e+00,0.000000e+00,0.000000e+00
1.000000e+00,0.000000e+00,0.000000e+00,0.000000e+00,0.000000e+00,0.000000e+00,0.000000e+00,0.000000e+00,0.000000e+00,0.000000e+00,0.000000e+00,0.000000e+00,0.000000e+00,0.000000e+00,0.000000e+00
1.000000e+00,0.000000e+00,0.000000e+00,0.000000e+00,0.000000e+00,0.000000e+00,0.000000e+00,0.000000e+00,0.000000e+00,0.000000e+00,0.000000e+00,0.000000e+00,0.000000e+00,0.000000e+00,0.000000e+00
1.000000e+00,0.000000e+00,0.000000e+00,0.000000e+00,0.000000e+00,0.000000e+00,0.000000e+00,0.000000e+00,0.000000e+00,0.000000e+00,0.000000e+00,0.000000e+00,0.000000e+00,0.000000e+00,0.000000e+00
1.000000e+00,0.000000e+00,0.000000e+00,0.000000e+00,0.000000e+00,0.000000e+00,0.000000e+00,0.000000e+00,0.000000e+00,0.000000e+00,0.000000e+00,0.000000e+00,0.000000e+00,0.000000e+00,0.000000e+00
1.000000e+00,0.000000e+00,0.000000e+00,0.000000e+00,0.000000e+00,0.000000e+00,0.000000e+00,0.000000e+00,0.000000e+00,0.000000e+00,0.000000e+00,0.000000e+00,0.000000e+00,0.000000e+00,0.000000e+00
1.000000e+00,0.000000e+00,0.000000e+00,0.000000e+00,0.000000e+00,0.000000e+00,0.000000e+00,0.000000e+00,0.000000e+00,0.000000e+00,0.000000e+00,0.000000e+00,0.000000e+00,0.000000e+00,0.000000e+00
1.000000e+00,0.000000e+00,0.000000e+00,0.000000e+00,0.000000e+00,0.000000e+00,0.000000e+00,0.000000e+00,0.000000e+00,0.000000e+00,0.000000e+00,0.000000e+00,0.000000e+00,0.000000e+00,0.000000e+00
1.000000e+00,0.000000e+00,0.000000e+00,0.000000e+00,0.000000e+00,0.000000e+00,0.000000e+00,0.000000e+00,0.000000e+00,0.000000e+00,0.000000e+00,0.000000e+00,0.000000e+00,0.000000e+00,0.000000e+00
1.000000e+00,0.000000e+00,0.000000e+00,0.000000e+00,0.000000e+00,0.000000e+00,0.000000e+00,0.000000e+00,0.000000e+00,0.000000e+00,0.000000e+00,0.000000e+00,0.000000e+00,0.000000e+00,0.000000e+00
1.000000e+00,0.000000e+00,0.000000e+00,0.000000e+00,0.000000e+00,0.000000e+00,0.000000e+00,0.000000e+00,0.000000e+00,0.000000e+00,0.000000e+00,0.000000e+00,0.000000e+00,0.000000e+00,0.000000e+00
1.000000e+00,0.000000e+00,0.000000e+00,0.000000e+00,0.000000e+00,0.000000e+00,0.000000e+00,0.000000e+00,0.000000e+00,0.000000e+00,0.000000e+00,0.000000e+00,0.000000e+00,0.000000e+00,0.000000e+00
1.000000e+00,0.000000e+00,0.000000e+00,0.000000e+00,0.000000e+00,0.000000e+00,0.000000e+00,0.000000e+00,0.000000e+00,0.000000e+00,0.000000e+00,0.000000e+00,0.000000e+00,0.000000e+00,0.000000e+00
1.000000e+00,0.000000e+00,0.000000e+00,0.000000e+00,0.000000e+00,0.000000e+00,0.000000e+00,0.000000e+00,0.000000e+00,0.000000e+00,0.000000e+00,0.000000e+00,0.000000e+00,0.000000e+00,0.000000e+00
1.000000e+00,0.000000e+00,0.000000e+00,0.000000e+00,0.000000e+00,0.000000e+00,0.000000e+00,0.000000e+00,0.000000e+00,0.000000e+00,0.000000e+00,0.000000e+00,0.000000e+00,0.000000e+00,0.000000e+00
1.000000e+00,0.000000e+00,0.000000e+00,0.000000e+00,0.000000e+00,0.000000e+00,0.000000e+00,0.000000e+00,0.000000e+00,0.000000e+00,0.000000e+00,0.000000e+00,0.000000e+00,0.000000e+00,0.000000e+00
1.000000e+00,0.000000e+00,0.000000e+00,0.000000e+00,0.000000e+00,0.000000e+00,0.000000e+00,0.000000e+00,0.000000e+00,0.000000e+00,0.000000e+00,0.000000e+00,0.000000e+00,0.000000e+00,0.000000e+00
1.000000e+00,0.000000e+00,0.000000e+00,0.000000e+00,0.000000e+00,0.000000e+00,0.000000e+00,0.000000e+00,0.000000e+00,0.000000e+00,0.000000e+00,0.000000e+00,0.000000e+00,0.000000e+00,0.000000e+00
1.000000e+00,0.000000e+00,0.000000e+00,0.000000e+00,0.000000e+00,0.000000e+00,0.000000e+00,0.000000e+00,0.000000e+00,0.000000e+00,0.000000e+00,0.000000e+00,0.000000e+00,0.000000e+00,0.000000e+00
1.000000e+00,0.000000e+00,0.000000e+00,0.000000e+00,0.000000e+00,0.000000e+00,0.000000e+00,0.000000e+00,0.000000e+00,0.000000e+00,0.000000e+00,0.000000e+00,0.000000e+00,0.000000e+00,0.000000e+00
1.000000e+00,0.000000e+00,0.000000e+00,0.000000e+00,0.000000e+00,0.000000e+00,0.000000e+00,0.000000e+00,0.000000e+00,0.000000e+00,0.000000e+00,0.000000e+00,0.000000e+00,0.000000e+00,0.000000e+00
1.000000e+00,0.000000e+00,0.000000e+00,0.000000e+00,0.000000e+00,0.000000e+00,0.000000e+00,0.000000e+00,0.000000e+00,0.000000e+00,0.000000e+00,0.000000e+00,0.000000e+00,0.000000e+00,0.000000e+00
1.000000e+00,0.000000e+00,0.000000e+00,0.000000e+00,0.000000e+00,0.000000e+00,0.000000e+00,0.000000e+00,0.000000e+00,0.000000e+00,0.000000e+00,0.000000e+00,0.000000e+00,0.000000e+00,0.000000e+00
1.000000e+00,0.000000e+00,0.000000e+00,0.000000e+00,0.000000e+00,0.000000e+00,0.000000e+00,0.000000e+00,0.000000e+00,0.000000e+00,0.000000e+00,0.000000e+00,0.000000e+00,0.000000e+00,0.000000e+00
1.000000e+00,0.000000e+00,0.000000e+00,0.000000e+00,0.000000e+00,0.000000e+00,0.000000e+00,0.000000e+00,0.000000e+00,0.000000e+00,0.000000e+00,0.000000e+00,0.000000e+00,0.000000e+00,0.000000e+00
1.000000e+00,0.000000e+00,0.000000e+00,0.000000e+00,0.000000e+00,0.000000e+00,0.000000e+00,0.000000e+00,0.000000e+00,0.000000e+00,0.000000e+00,0.000000e+00,0.000000e+00,0.000000e+00,0.000000e+00
1.000000e+00,0.000000e+00,0.000000e+00,0.000000e+00,0.000000e+00,0.000000e+00,0.000000e+00,0.000000e+00,0.000000e+00,0.000000e+00,0.000000e+00,0.000000e+00,0.000000e+00,0.000000e+00,0.000000e+00
1.000000e+00,0.000000e+00,0.000000e+00,0.000000e+00,0.000000e+00,0.000000e+00,0.000000e+00,0.000000e+00,0.000000e+00,0.000000e+00,0.000000e+00,0.000000e+00,0.000000e+00,0.000000e+00,0.000000e+00
1.000000e+00,0.000000e+00,0.000000e+00,0.000000e+00,0.000000e+00,0.000000e+00,0.000000e+00,0.000000e+00,0.000000e+00,0.000000e+00,0.000000e+00,0.000000e+00,0.000000e+00,0.000000e+00,0.000000e+00
1.000000e+00,0.000000e+00,0.000000e+00,0.000000e+00,0.000000e+00,0.000000e+00,0.000000e+00,0.000000e+00,0.000000e+00,0.000000e+00,0.000000e+00,0.000000e+00,0.000000e+00,0.000000e+00,0.000000e+00
3.672525e-01,1.075472e-02,5.336922e-03,1.303469e-02,2.240563e-03,1.705168e-02,1.482629e-03,3.901174e-03,3.472116e-03,2.255954e-03,2.540341e-01,1.206406e-02,7.247838e-03,2.881140e-01,1.175717e-02
2.571832e-01,7.856638e-03,3.869595e-03,9.278962e-03,2.289604e-03,1.321600e-02,1.051266e-03,2.797075e-03,3.094761e-03,2.146015e-03,3.931031e-01,9.638522e-03,5.405121e-03,2.796428e-01,9.427473e-03
1.801346e-01,5.720103e-03,2.793653e-03,6.751471e-03,2.029905e-03,1.054655e-02,7.475876e-04,2.070904e-03,6.073060e-03,3.258042e-03,4.254790e-01,7.608162e-03,3.914289e-03,3.353923e-01,7.480542e-03
1.261546e-01,4.092101e-03,1.991403e-03,4.864378e-03,1.764543e-03,7.716606e-03,5.284067e-04,1.478107e-03,5.884670e-03,3.222134e-03,4.145618e-01,5.804520e-03,2.796987e-03,4.137030e-01,5.436745e-03
8.850796e-02,4.042441e-03,2.411977e-03,3.847919e-03,2.794900e-03,7.805867e-03,4.346455e-04,1.273779e-03,1.582248e-02,1.454906e-02,4.294570e-01,5.528329e-03,2.051786e-03,4.164311e-01,5.040780e-03
6.213916e-02,3.896010e-03,2.128882e-03,3.443693e-03,2.461744e-03,6.254169e-03,3.133990e-04,9.663979e-04,1.571404e-02,1.186719e-02,4.214431e-01,4.409748e-03,1.529058e-03,4.590563e-01,4.377155e-03
4.372678e-02,3.344568e-03,2.087910e-03,2.816737e-03,2.018563e-03,5.176241e-03,2.261799e-04,7.309411e-04,1.289539e-02,9.382943e-03,4.281340e-01,3.673666e-03,1.126063e-03,4.812936e-01,3.366481e-03
3.092526e-02,3.336372e-03,1.846857e-03,2.337728e-03,1.610047e-03,4.308411e-03,1.638733e-04,5.339353e-04,1.086216e-02,8.042458e-03,3.925863e-01,3.062796e-03,8.934850e-04,5.359185e-01,3.571896e-03
2.196221e-02,3.250772e-03,2.031743e-03,2.001480e-03,1.377012e-03,3.553214e-03,1.274757e-04,4.203073e-04,9.602082e-03,1.489746e-02,4.294073e-01,3.336629e-03,7.635595e-04,5.034467e-01,3.822018e-03
1.607148e-02,2.979977e-03,2.120854e-03,1.491665e-03,1.590728e-03,3.231150e-03,1.486633e-04,3.950997e-04,8.823765e-03,2.411931e-02,4.923376e-01,5.023242e-03,6.756015e-04,4.375895e-01,3.401322e-03
1.180480e-02,3.400037e-03,3.045267e-03,1.271734e-03,3.313663e-03,2.784761e-03,1.666886e-04,3.654152e-04,1.004317e-02,2.786510e-02,4.686452e-01,8.172152e-03,5.962178e-04,4.542827e-01,4.243035e-03
9.731474e-03,7.682431e-03,1.366179e-02,1.879147e-03,3.216938e-03,6.321875e-03,4.217059e-04,1.147587e-03,2.144587e-02,6.009453e-02,4.550453e-01,1.058526e-02,9.955427e-04,3.972165e-01,1.055398e-02
7.818306e-03,7.487239e-03,1.002603e-02,2.795700e-03,4.747089e-03,7.955872e-03,5.736309e-04,2.036488e-03,2.396338e-02,1.315875e-01,4.667135e-01,9.445338e-03,2.877811e-03,3.070211e-01,1.495103e-02
6.457802e-03,6.252362e-03,7.329168e-03,2.391847e-03,4.205625e-03,6.346119e-03,4.568971e-04,1.673822e-03,1.932453e-02,1.905065e-01,5.008465e-01,8.014545e-03,2.479123e-03,2.299521e-01,1.376294e-02
8.759132e-03,9.182202e-03,9.328935e-03,2.776376e-03,5.145395e-03,8.168891e-03,4.691011e-04,1.968212e-03,2.588252e-02,3.277426e-01,3.936380e-01,8.379520e-03,2.664750e-03,1.782904e-01,1.760396e-02
6.700273e-03,7.415423e-03,6.950659e-03,2.370260e-03,4.399883e-03,1.323188e-02,3.612511e-04,1.471596e-03,2.349135e-02,4.535386e-01,3.148575e-01,8.283780e-03,2.597059e-03,1.401299e-01,1.420058e-02
5.908601e-03,6.374270e-03,5.125527e-03,2.053737e-03,3.924228e-03,1.117297e-02,2.977709e-04,1.278841e-03,1.998024e-02,5.791582e-01,2.413731e-01,7.250416e-03,2.185910e-03,1.028740e-01,1.104206e-02
5.460616e-03,6.100449e-03,3.903547e-03,2.090252e-03,3.466354e-03,9.531501e-03,2.212592e-04,9.580297e-04,2.048601e-02,6.678125e-01,1.834803e-01,9.539232e-03,3.140819e-03,7.476439e-02,9.044675e-03
8.062962e-03,5.337003e-03,3.088300e-03,1.718870e-03,4.411078e-03,3.440902e-02,2.262342e-04,1.217039e-03,2.087652e-02,7.100866e-01,1.363562e-01,8.898655e-03,3.705928e-03,5.461056e-02,6.994971e-03
7.033320e-03,5.036466e-03,2.479757e-03,1.257093e-03,3.792064e-03,2.985262e-02,2.194882e-04,1.140077e-03,1.808274e-02,7.796185e-01,9.753598e-02,6.642377e-03,2.996580e-03,3.925325e-02,5.059665e-03
1.219523e-02,6.579136e-03,3.073473e-03,1.304991e-03,8.257570e-03,3.163015e-02,7.483007e-04,4.579045e-03,3.564696e-02,7.795330e-01,7.298338e-02,6.257094e-03,4.121431e-03,2.920432e-02,3.885901e-03
1.612495e-02,1.520435e-02,2.609641e-03,1.583204e-03,7.119481e-03,4.556244e-02,6.682442e-04,4.761631e-03,7.534724e-02,7.341447e-01,5.829744e-02,7.144683e-03,4.689778e-03,2.286977e-02,3.872420e-03
1.575350e-02,3.784139e-02,2.098977e-03,1.829037e-03,5.409630e-03,3.461075e-02,5.156102e-04,4.960287e-03,1.281683e-01,6.895064e-01,4.393484e-02,8.182155e-03,6.363408e-03,1.712595e-02,3.699833e-03
1.658537e-02,3.803268e-02,1.652714e-03,1.764942e-03,4.220927e-03,2.527451e-02,3.937893e-04,4.375813e-03,1.479088e-01,6.966259e-01,3.401108e-02,6.974425e-03,6.480338e-03,1.267901e-02,3.019680e-03
1.795341e-02,6.056724e-02,1.558792e-03,1.632468e-03,3.312065e-03,2.086484e-02,2.879927e-04,4.028743e-03,1.748575e-01,6.640754e-01,2.576120e-02,5.543685e-03,5.130328e-03,1.119781e-02,3.228592e-03
1.592031e-02,9.975994e-02,1.145346e-03,1.937733e-03,2.630672e-03,1.663336e-02,2.066873e-04,3.696910e-03,2.705038e-01,5.337586e-01,2.426608e-02,5.080515e-03,4.949898e-03,1.655484e-02,2.955267e-03
1.252775e-02,2.765604e-01,9.929023e-04,2.079325e-03,1.944565e-03,1.277631e-02,1.483030e-04,2.628386e-03,2.181194e-01,4.017462e-01,2.291306e-02,5.217285e-03,7.204345e-03,1.643856e-02,1.870326e-02
1.111163e-02,2.833446e-01,1.616364e-03,3.397200e-03,1.464015e-03,9.631397e-03,1.172900e-04,2.280191e-03,1.639547e-01,3.622852e-01,4.007272e-02,6.563497e-03,2.784748e-02,5.499110e-02,3.132260e-02
8.728220e-03,2.248137e-01,2.161944e-03,3.765009e-03,1.133284e-03,7.955624e-03,9.161098e-05,1.861766e-03,1.240049e-01,2.849056e-01,6.402392e-02,8.768203e-03,2.964509e-02,1.790599e-01,5.908121e-02
6.680258e-03,1.636874e-01,2.235404e-03,2.998663e-03,1.325902e-03,6.246626e-03,1.116961e-04,1.519907e-03,9.114823e-02,2.045895e-01,5.319933e-02,7.305818e-03,2.303080e-02,2.423453e-01,1.935752e-01
5.621015e-03,1.274122e-01,2.023561e-03,2.288292e-03,8.959655e-03,5.690418e-03,1.461062e-04,1.326313e-03,1.133869e-01,1.458506e-01,5.010414e-02,6.173222e-03,1.816538e-02,3.080405e-01,2.048118e-01
9.245981e-03,9.439178e-02,9.367048e-03,2.228197e-03,1.345563e-02,7.007585e-03,2.223524e-04,1.469641e-03,1.224652e-01,1.028825e-01,4.060223e-02,4.607542e-03,1.333919e-02,3.699809e-01,2.087343e-01
5.656710e-02,7.095156e-02,1.257959e-02,2.949671e-03,1.074939e-02,1.068183e-02,3.523742e-04,1.287135e-03,1.165493e-01,7.732139e-02,4.390358e-02,3.623338e-03,1.042051e-02,4.155372e-01,1.665260e-01
8.373913e-02,5.157447e-02,1.175764e-02,2.863154e-03,8.174136e-03,1.117320e-02,4.037127e-04,1.164606e-03,1.087480e-01,5.909711e-02,4.398616e-02,3.003344e-03,8.231831e-03,4.788777e-01,1.272058e-01
9.135751e-02,3.795253e-02,2.025125e-02,2.997037e-03,6.705225e-03,1.006326e-02,4.157603e-04,1.832809e-03,1.097196e-01,4.627224e-02,4.949808e-02,2.927015e-03,8.030965e-03,4.995642e-01,1.124125e-01
7.222877e-02,2.756445e-02,1.613512e-02,2.377015e-03,5.715322e-03,9.084851e-03,3.249228e-04,1.415206e-03,1.284149e-01,3.869364e-02,4.790197e-02,2.312027e-03,7.118670e-03,5.304347e-01,1.102784e-01
5.702859e-02,2.056067e-02,1.200587e-02,1.949443e-03,4.388862e-03,7.232574e-03,2.432180e-04,1.021054e-03,1.385113e-01,2.884634e-02,4.219332e-02,1.725329e-03,5.490380e-03,5.487576e-01,1.300454e-01
4.112325e-02,1.613440e-02,8.950959e-03,1.428360e-03,3.194225e-03,5.274329e-03,1.756053e-04,7.460184e-04,1.610629e-01,2.159908e-02,3.362552e-02,1.243692e-03,4.020881e-03,5.501373e-01,1.512835e-01
3.270929e-02,1.274859e-02,7.559738e-03,1.121856e-03,2.451190e-03,4.223810e-03,1.532658e-04,6.173408e-04,1.689987e-01,7.976904e-02,2.993379e-02,9.509799e-04,2.978857e-03,5.114183e-01,1.443652e-01
2.866338e-02,9.557272e-03,7.381315e-03,1.029842e-03,2.600562e-03,3.233766e-03,1.858749e-04,2.641697e-03,1.823483e-01,7.093288e-02,2.251224e-02,7.281758e-04,2.276512e-03,5.521833e-01,1.137249e-01
3.355314e-02,7.616488e-03,9.757921e-03,9.222123e-04,3.246117e-03,3.240346e-03,1.878034e-04,2.630289e-03,2.266572e-01,6.300940e-02,1.769344e-02,6.267277e-04,1.866437e-03,5.399358e-01,8.905672e-02
8.852114e-02,1.378579e-02,3.586481e-02,2.142902e-02,9.570110e-03,4.721045e-03,3.786024e-04,9.088813e-03,2.131980e-01,5.924181e-02,3.166246e-02,3.164273e-03,5.846850e-03,4.377217e-01,6.580552e-02
9.859248e-02,1.326782e-02,7.604874e-02,4.004714e-02,1.958030e-02,1.180948e-02,4.473919e-04,1.079608e-02,2.168625e-01,5.347002e-02,3.551507e-02,1.333199e-02,1.527687e-02,3.321480e-01,6.280619e-02
9.181792e-02,1.355612e-02,1.090377e-01,7.388011e-02,2.579873e-02,1.509428e-02,5.812229e-04,1.011026e-02,1.787297e-01,5.034759e-02,4.261629e-02,5.123996e-02,3.795366e-02,2.428460e-01,5.639053e-02
1.209192e-01,2.402358e-02,1.203146e-01,7.468995e-02,3.231493e-02,2.577820e-02,5.194489e-04,1.349134e-02,1.687346e-01,3.821236e-02,3.545731e-02,4.198372e-02,3.155389e-02,2.204405e-01,5.156634e-02
1.197100e-01,2.765144e-02,1.115214e-01,6.322704e-02,4.051306e-02,3.096344e-02,4.849329e-04,1.397808e-02,1.525655e-01,2.913776e-02,2.844235e-02,3.213479e-02,2.396715e-02,2.826396e-01,4.306355e-02
1.252014e-01,2.670832e-02,1.099245e-01,5.234934e-02,5.547906e-02,2.830407e-02,5.201139e-04,1.660009e-02,1.952327e-01,2.667460e-02,2.444508e-02,2.550096e-02,1.840344e-02,2.539139e-01,4.074252e-02
1.421956e-01,2.600669e-02,9.810181e-02,4.174020e-02,7.679273e-02,2.965033e-02,8.785850e-04,1.437807e-02,2.381210e-01,2.415337e-02,2.244088e-02,2.162902e-02,1.423349e-02,2.092506e-01,4.042774e-02
1.211483e-01,2.846995e-02,9.707330e-02,3.180806e-02,5.633133e-02,2.245739e-02,7.104680e-04,1.191366e-02,1.739106e-01,2.206522e-02,1.130453e-01,1.744572e-02,1.110184e-02,2.608544e-01,3.166448e-02
8.698584e-02,2.145043e-02,6.874239e-02,2.368121e-02,4.067934e-02,1.696347e-02,5.588576e-04,8.615630e-03,1.306072e-01,1.657773e-02,1.663314e-01,1.629525e-02,8.811392e-03,3.700098e-01,2.369018e-02
6.321700e-02,1.601252e-02,4.947881e-02,1.734690e-02,2.918490e-02,1.343468e-02,5.100436e-04,6.165717e-03,1.029478e-01,1.278595e-02,1.947502e-01,1.583029e-02,6.780822e-03,4.540776e-01,1.747681e-02
4.460637e-02,1.197937e-02,3.573211e-02,1.264159e-02,2.072250e-02,9.947809e-03,3.908444e-04,4.338131e-03,7.845289e-02,1.100325e-02,2.370441e-01,1.479338e-02,4.978240e-03,5.007696e-01,1.259992e-02
3.134780e-02,8.553104e-03,2.506568e-02,8.942674e-03,1.468796e-02,7.224485e-03,2.814642e-04,3.043958e-03,6.084365e-02,8.829853e-03,2.555020e-01,1.320411e-02,3.582509e-03,5.499234e-01,8.967238e-03
2.204746e-02,6.128428e-03,1.762031e-02,6.330081e-03,1.049363e-02,5.269727e-03,2.072530e-04,2.148946e-03,4.708330e-02,7.204445e-03,2.999692e-01,1.097073e-02,2.580331e-03,5.555829e-01,6.363278e-03
1.557766e-02,4.738474e-03,1.246729e-02,4.535045e-03,7.608885e-03,5.107254e-03,1.677492e-04,1.543558e-03,3.525779e-02,6.341782e-03,3.532982e-01,8.718763e-03,1.975948e-03,5.380589e-01,4.602646e-03
1.108640e-02,3.610536e-03,8.840251e-03,3.354545e-03,5.574049e-03,5.875350e-03,1.376368e-04,1.115659e-03,2.920566e-02,5.780257e-03,4.027109e-01,7.479494e-03,1.666611e-03,5.102648e-01,3.297764e-03
7.941382e-03,2.955448e-03,6.747547e-03,2.631282e-03,4.737055e-03,5.929474e-03,1.147112e-04,8.571912e-04,2.599750e-02,6.003139e-03,4.133705e-01,6.422277e-03,1.290652e-03,5.125168e-01,2.484958e-03
5.703555e-03,2.470786e-03,5.023649e-03,2.674831e-03,3.893702e-03,5.439659e-03,1.472669e-04,6.877340e-04,2.456629e-02,7.151295e-03,3.976249e-01,5.418824e-03,1.103823e-03,5.361385e-01,1.955126e-03
4.222342e-03,2.199350e-03,6.040276e-03,3.443821e-03,4.308874e-03,5.637825e-03,4.776900e-04,2.114648e-03,3.248376e-02,9.065293e-03,3.466997e-01,4.206474e-03,9.138705e-04,5.766450e-01,1.541204e-03
3.122867e-03,2.106511e-03,4.611792e-03,4.327302e-03,4.408512e-03,5.765744e-03,6.729059e-04,1.851906e-03,4.970498e-02,1.317846e-02,3.360438e-01,3.664543e-03,1.762458e-03,5.669156e-01,1.862630e-03
2.274217e-03,1.848214e-03,3.411750e-03,3.731620e-03,3.855539e-03,4.631936e-03,7.722309e-04,1.434752e-03,4.961550e-02,1.555500e-02,3.839914e-01,3.481965e-03,2.213567e-03,5.212038e-01,1.978580e-03
1.650486e-03,1.430664e-03,2.449942e-03,3.196455e-03,3.105987e-03,4.010139e-03,6.723041e-04,1.044614e-03,3.778175e-02,1.351940e-02,5.264960e-01,3.268322e-03,2.912956e-03,3.965709e-01,1.890145e-03
1.191484e-03,1.115545e-03,1.805055e-03,2.872779e-03,6.268565e-03,3.329905e-03,8.829105e-04,9.824865e-04,2.859347e-02,1.157455e-02,6.360770e-01,3.129448e-03,5.464154e-03,2.947329e-01,1.979855e-03
9.104180e-04,1.172683e-03,1.370561e-03,3.372937e-03,5.952584e-03,3.457697e-03,8.975697e-04,1.218289e-03,2.206036e-02,9.769853e-03,7.164688e-01,4.629553e-03,9.250159e-03,2.167837e-01,2.684980e-03
1.773054e-03,2.745768e-02,2.462850e-03,5.811065e-03,7.843383e-03,1.392386e-02,2.304487e-03,9.213829e-03,1.146987e-01,1.198138e-02,6.144900e-01,1.394687e-02,1.307079e-02,1.565101e-01,4.511976e-03
5.092448e-03,2.758220e-02,4.251132e-03,1.467465e-02,1.806919e-02,2.417926e-02,3.784747e-03,2.735292e-02,2.152918e-01,1.423200e-02,4.943779e-01,1.675878e-02,1.537626e-02,1.141891e-01,4.787604e-03
1.038642e-02,2.125916e-02,7.065004e-03,1.620635e-02,2.309796e-02,1.870105e-02,3.116770e-03,2.473864e-01,1.674886e-01,1.252660e-02,3.601682e-01,1.339845e-02,1.456999e-02,8.075865e-02,3.870340e-03
9.086908e-03,1.499088e-02,6.021880e-03,1.252761e-02,1.899253e-02,1.338300e-02,2.413695e-03,4.638096e-01,1.182304e-01,8.849916e-03,2.526459e-01,9.442830e-03,1.028570e-02,5.657461e-02,2.744483e-03
7.666073e-03,1.055951e-02,5.235610e-03,9.398631e-03,1.614783e-02,9.867429e-03,1.960584e-03,6.175703e-01,8.306045e-02,6.211084e-03,1.769155e-01,6.628343e-03,7.226666e-03,3.961983e-02,1.932144e-03
1.072921e-02,7.701116e-03,4.607750e-03,7.207369e-03,1.954818e-02,1.183728e-02,2.216719e-03,7.087802e-01,5.888157e-02,4.382018e-03,1.240768e-01,4.714853e-03,6.032997e-03,2.786454e-02,1.419489e-03
1.119987e-02,5.467783e-03,3.507778e-03,5.509147e-03,2.828333e-02,8.914704e-03,2.852515e-03,7.747204e-01,4.135625e-02,3.076081e-03,8.694163e-02,3.309727e-03,4.311041e-03,1.954926e-02,1.000541e-03
9.357365e-03,3.903454e-03,2.595095e-03,4.084928e-03,3.712729e-02,6.764890e-03,3.215550e-03,8.210009e-01,2.901078e-02,2.156475e-03,6.094096e-02,2.328752e-03,3.085312e-03,1.371166e-02,7.165831e-04
9.954117e-03,2.825548e-03,1.965659e-03,3.198883e-03,4.028007e-02,7.187457e-03,3.178935e-03,8.525549e-01,2.048180e-02,1.511385e-03,4.271748e-02,1.663413e-03,2.346506e-03,9.611662e-03,5.222801e-04
1.727768e-02,2.115253e-03,1.515669e-03,2.943593e-03,3.730758e-02,2.150496e-02,2.698631e-03,8.561157e-01,1.443447e-02,1.065801e-03,3.053294e-02,1.584962e-03,3.629502e-03,6.791201e-03,4.821145e-04
1.378117e-02,1.571182e-03,1.199233e-03,3.658590e-03,2.727995e-02,1.662643e-02,2.172010e-03,6.644345e-01,1.054366e-02,2.919677e-03,6.784666e-02,1.354499e-01,2.177738e-02,3.015829e-02,5.814335e-04
1.040155e-02,1.124813e-03,9.222171e-04,3.839341e-03,1.961202e-02,1.344430e-02,1.738859e-03,4.909078e-01,7.632593e-03,4.385835e-03,6.860477e-02,3.139853e-01,2.381287e-02,3.904089e-02,5.468148e-04
7.789040e-03,1.085808e-03,8.286900e-04,3.206525e-03,1.571605e-02,1.008623e-02,1.339654e-03,3.461325e-01,6.016769e-03,4.949940e-03,8.290511e-02,4.252347e-01,2.563530e-02,6.834308e-02,7.305441e-04
5.863268e-03,2.554824e-03,5.794944e-03,3.001409e-03,1.607058e-02,7.353915e-03,9.956817e-04,2.429271e-01,5.222676e-03,1.640362e-02,8.155608e-02,4.153395e-01,2.904848e-02,1.671132e-01,7.545966e-04
4.194534e-03,2.515856e-03,5.882405e-03,2.209211e-03,1.347299e-02,5.276310e-03,7.264038e-04,1.705123e-01,1.124624e-02,1.197292e-02,6.251635e-02,3.411061e-01,2.686767e-02,3.406492e-01,8.514258e-04
3.134721e-03,2.212475e-03,4.991534e-03,1.820960e-03,1.137401e-02,3.940447e-03,6.863342e-04,1.226272e-01,9.393450e-02,8.760759e-03,4.643834e-02,3.556598e-01,4.699190e-02,2.963215e-01,1.105617e-03
3.084472e-03,2.144382e-03,4.221119e-03,2.217340e-03,8.939511e-03,4.136449e-03,5.560615e-04,8.619231e-02,1.542088e-01,6.532073e-03,3.972895e-02,3.523189e-01,4.602899e-02,2.883832e-01,1.307338e-03
3.086045e-03,2.078849e-03,4.401663e-03,2.469779e-03,7.883500e-03,6.187551e-03,4.023631e-04,6.043325e-02,1.778925e-01,5.721699e-03,5.046985e-02,3.035347e-01,3.586113e-02,3.373334e-01,2.243729e-03
2.344357e-03,2.262717e-03,3.521572e-03,2.362777e-03,5.859784e-03,4.907405e-03,2.854347e-04,4.235495e-02,2.991483e-01,5.118821e-03,4.985459e-02,2.282770e-01,2.666029e-02,3.243060e-01,2.735983e-03
2.094901e-03,2.181492e-03,3.125522e-03,3.034617e-03,4.669025e-03,3.786996e-03,2.094994e-04,2.986890e-02,3.515800e-01,5.853395e-03,6.021009e-02,1.631738e-01,1.931643e-02,3.481234e-01,2.771905e-03
9.033279e-03,3.221197e-03,3.355831e-03,3.114717e-03,3.864773e-03,3.647396e-03,1.826318e-04,2.113542e-02,2.967814e-01,8.648198e-03,6.981858e-02,1.156663e-01,1.475687e-02,4.422583e-01,4.515108e-03
2.248289e-02,3.134854e-03,3.374835e-03,4.610665e-03,3.841911e-03,4.375614e-03,2.076578e-04,1.500463e-02,2.589400e-01,1.260708e-02,9.685992e-02,8.344013e-02,1.145077e-02,4.745939e-01,5.075136e-03
2.299563e-02,7.119054e-03,6.850477e-03,6.612757e-03,4.093592e-03,5.161643e-03,2.731066e-04,1.065348e-02,2.374030e-01,1.677809e-02,9.499364e-02,5.990311e-02,9.049810e-03,5.123486e-01,5.763981e-03
1.917990e-02,6.731031e-03,7.365526e-03,2.795741e-02,1.088851e-02,1.856043e-02,1.667948e-03,1.677471e-02,2.574686e-01,3.101962e-02,8.673771e-02,4.650495e-02,8.624312e-03,4.530397e-01,7.479578e-03
1.518624e-02,6.959037e-03,6.820667e-03,1.007408e-01,1.084180e-02,2.224187e-02,1.503833e-03,1.244740e-02,2.842904e-01,3.164408e-02,7.577616e-02,3.795910e-02,1.219467e-02,3.553234e-01,2.607057e-02
1.296119e-02,6.084433e-03,6.452048e-03,9.297179e-02,1.528123e-02,2.498762e-02,2.710803e-03,1.150237e-02,2.219424e-01,4.502667e-02,1.183083e-01,3.969600e-02,2.308835e-02,3.505191e-01,2.846765e-02
1.358639e-02,6.495681e-03,6.419013e-03,8.546424e-02,2.080138e-02,2.843793e-02,3.343408e-03,1.011089e-02,1.766702e-01,6.917869e-02,1.363995e-01,3.591975e-02,2.567808e-02,3.538224e-01,2.767245e-02
2.088816e-02,5.694848e-03,1.061314e-02,8.007679e-02,3.828593e-02,3.292680e-02,2.115362e-02,7.501819e-02,1.492593e-01,6.031335e-02,1.436507e-01,3.193752e-02,3.982708e-02,2.680928e-01,2.226169e-02
2.092652e-02,6.025376e-03,1.774566e-02,1.180915e-01,3.327086e-02,1.879103e-01,1.522096e-02,6.382295e-02,1.171270e-01,4.625856e-02,1.078550e-01,2.630092e-02,3.266354e-02,1.882491e-01,1.853168e-02
2.433231e-02,6.127130e-03,3.865027e-02,1.102992e-01,4.531603e-02,3.027786e-01,1.116958e-02,5.322791e-02,9.692791e-02,3.623497e-02,8.004440e-02,2.120693e-02,2.570662e-02,1.329346e-01,1.504359e-02
2.133518e-02,5.375716e-03,4.041000e-02,8.075693e-02,4.061647e-02,4.512843e-01,7.945191e-03,4.017756e-02,7.634925e-02,3.006107e-02,5.839802e-02,2.015367e-02,2.111812e-02,9.400529e-02,1.201324e-02
3.767846e-02,6.264062e-03,4.620829e-02,7.027854e-02,5.800062e-02,4.590150e-01,5.942903e-03,4.940638e-02,6.849580e-02,2.790075e-02,4.737554e-02,2.258337e-02,2.118497e-02,6.956700e-02,1.009823e-02
3.867926e-02,7.572568e-03,4.022570e-02,5.858045e-02,4.927844e-02,5.346197e-01,4.382560e-03,3.680368e-02,5.216347e-02,2.610652e-02,3.821967e-02,3.153281e-02,1.998041e-02,5.042853e-02,1.142625e-02
3.094245e-02,6.912720e-03,2.968423e-02,4.311596e-02,3.682232e-02,6.076084e-01,3.358572e-03,2.607614e-02,3.899024e-02,2.193314e-02,3.092754e-02,4.951306e-02,2.766953e-02,3.620499e-02,1.024069e-02
3.926524e-02,1.265908e-02,3.704036e-02,3.434246e-02,3.423427e-02,5.570847e-01,3.656817e-03,2.011001e-02,2.959587e-02,2.168383e-02,2.824285e-02,9.089436e-02,5.201866e-02,2.728169e-02,1.188977e-02
6.532022e-02,2.887072e-02,6.203958e-02,2.916149e-02,3.905649e-02,4.156341e-01,3.846676e-03,1.573879e-02,2.342604e-02,3.177551e-02,4.906056e-02,1.129206e-01,7.121728e-02,2.949383e-02,2.243813e-02
1.000708e-01,2.754514e-02,5.410376e-02,2.621062e-02,5.848024e-02,3.164367e-01,4.875171e-03,1.626773e-02,2.277179e-02,3.578459e-02,4.959726e-02,1.606321e-01,7.717034e-02,2.606691e-02,2.398687e-02
7.713708e-02,2.072395e-02,5.217768e-02,1.994934e-02,7.720757e-02,2.375976e-01,3.581530e-03,1.256679e-02,2.431183e-02,3.043861e-02,6.601811e-02,1.405874e-01,6.848496e-02,1.371621e-01,3.205544e-02
5.723664e-02,1.550210e-02,4.129730e-02,1.575996e-02,6.447673e-02,1.739950e-01,2.936335e-03,1.129946e-02,3.810380e-02,2.609782e-02,6.297591e-02,1.314937e-01,1.331389e-01,1.560780e-01,6.960840e-02
4.101219e-02,1.133859e-02,3.021543e-02,1.156814e-02,4.945963e-02,1.240068e-01,2.169409e-03,8.343460e-03,1.009301e-01,2.053680e-02,6.327513e-02,1.113577e-01,1.092064e-01,2.594280e-01,5.715217e-02
2.943624e-02,8.178965e-03,2.293652e-02,8.741993e-03,3.730971e-02,8.768756e-02,1.652706e-03,6.035456e-03,2.051643e-01,1.666511e-02,5.269518e-02,8.384009e-02,8.370775e-02,3.086159e-01,4.733253e-02
2.115142e-02,6.290051e-03,1.782927e-02,6.274476e-03,2.788067e-02,6.191742e-02,1.203843e-03,4.267799e-03,2.603866e-01,1.303685e-02,4.185251e-02,6.192902e-02,6.214832e-02,3.751963e-01,3.863551e-02
1.802153e-02,5.834950e-03,9.260668e-02,6.860287e-03,2.218695e-02,5.873353e-02,1.749495e-03,4.382482e-03,2.378126e-01,1.021611e-02,3.746989e-02,4.616504e-02,4.552047e-02,3.812291e-01,3.121078e-02
2.013054e-02,1.014465e-02,2.230717e-01,1.356377e-02,1.922621e-02,5.580849e-02,1.696238e-03,3.681795e-03,1.913940e-01,8.286110e-03,3.103535e-02,3.302718e-02,3.245373e-02,3.318323e-01,2.464794e-02
2.884670e-02,1.030542e-02,2.133376e-01,1.209450e-02,1.643236e-02,5.126229e-02,1.336819e-03,2.850237e-03,1.606347e-01,7.361343e-03,2.934349e-02,2.356083e-02,2.315242e-02,3.986886e-01,2.079270e-02
3.694836e-02,1.235652e-02,1.987322e-01,1.067677e-02,1.283011e-02,4.348005e-02,1.193178e-03,2.397528e-03,1.399644e-01,9.062240e-03,3.264494e-02,1.691275e-02,1.720153e-02,4.474075e-01,1.819194e-02
5.369100e-02,1.537008e-02,1.831510e-01,1.010087e-02,1.030860e-02,4.176737e-02,1.208332e-03,1.981139e-03,1.197684e-01,1.111223e-02,2.921159e-02,1.218537e-02,1.301340e-02,4.759611e-01,2.116948e-02
6.890079e-02,1.947888e-02,1.510542e-01,9.149048e-03,7.831271e-03,4.311213e-02,1.296388e-03,1.818513e-03,9.472287e-02,1.364261e-02,2.957404e-02,9.776069e-03,1.169568e-02,5.039912e-01,3.395627e-02
6.678773e-02,2.553565e-02,1.140616e-01,6.996157e-03,5.747777e-03,3.542596e-02,1.048057e-03,1.653367e-03,7.744398e-02,1.580764e-02,7.709797e-02,7.667054e-03,1.131888e-02,4.898040e-01,6.360413e-02
4.870716e-02,1.858139e-02,8.083829e-02,5.966282e-03,4.178567e-03,2.531691e-02,7.540622e-04,2.088546e-03,7.737950e-02,1.421016e-02,1.019431e-01,5.620984e-03,9.188070e-03,5.544384e-01,5.078863e-02
3.467757e-02,1.424168e-02,5.787092e-02,4.448857e-03,3.065844e-03,1.819297e-02,5.670463e-04,1.563677e-03,6.921559e-02,1.215702e-02,7.966298e-02,4.105428e-03,6.899187e-03,6.539488e-01,3.938251e-02
2.510213e-02,1.077403e-02,4.128764e-02,3.355260e-03,2.265116e-03,1.323050e-02,4.270856e-04,1.154359e-03,8.031966e-02,1.442611e-02,6.451081e-02,3.146651e-03,5.456214e-03,7.013711e-01,3.317342e-02
2.102508e-02,8.319316e-03,3.316458e-02,3.549716e-03,1.973133e-03,1.050872e-02,3.360275e-04,8.742740e-04,1.012444e-01,2.742798e-02,6.752543e-02,3.137567e-03,4.879350e-03,6.864367e-01,2.959781e-02
1.798909e-02,7.257868e-03,3.695669e-02,3.952004e-03,3.700326e-03,8.494928e-03,2.668575e-04,8.079777e-04,1.653849e-01,2.896601e-02,6.298871e-02,2.346792e-03,3.855180e-03,6.283683e-01,2.866446e-02
1.824860e-02,6.044213e-03,3.433234e-02,4.496721e-03,5.088592e-03,6.415627e-03,2.586078e-04,2.814978e-03,2.785760e-01,2.986229e-02,5.462545e-02,1.786240e-03,3.122223e-03,5.300275e-01,2.430061e-02
2.228040e-02,5.185600e-03,4.586255e-02,5.935785e-03,5.995641e-03,8.950228e-03,3.065808e-04,3.473568e-03,2.820743e-01,2.501048e-02,6.140042e-02,1.787227e-03,3.702502e-03,5.086409e-01,1.939375e-02
2.662073e-02,4.700333e-03,4.338470e-02,5.563056e-03,6.257689e-03,9.191850e-03,2.806116e-04,2.988531e-03,2.696872e-01,2.523530e-02,5.388870e-02,1.463165e-03,3.271607e-03,5.311103e-01,1.635614e-02
2.690168e-02,4.436896e-03,4.536229e-02,5.264729e-03,7.899654e-03,7.662938e-03,2.648418e-04,3.044544e-03,2.390834e-01,2.008234e-02,4.282215e-02,1.109816e-03,2.521784e-03,5.778157e-01,1.572730e-02
2.399735e-02,3.497816e-03,3.660088e-02,3.979789e-03,6.717162e-03,6.538583e-03,2.030619e-04,2.846986e-03,2.130324e-01,1.478207e-02,3.592449e-02,8.734277e-04,2.029079e-03,6.368632e-01,1.211369e-02
2.212670e-02,2.782412e-03,3.066988e-02,3.212980e-03,6.688784e-03,5.078086e-03,1.594259e-04,3.144633e-03,2.372224e-01,1.226814e-02,2.799973e-02,7.059209e-04,1.554101e-03,6.362859e-01,1.010092e-02
3.354443e-02,3.836208e-03,5.859171e-02,2.575800e-02,1.624734e-02,4.266896e-03,4.170665e-04,2.781859e-02,2.564778e-01,1.379762e-02,2.523140e-02,1.243718e-03,3.692687e-03,5.198570e-01,9.219499e-03
3.988689e-02,4.312271e-03,5.222854e-02,2.475763e-02,2.810773e-02,3.948158e-03,5.091058e-04,5.123157e-02,2.688594e-01,2.734602e-02,2.520837e-02,2.964666e-03,4.734968e-03,4.564218e-01,9.482819e-03
4.328431e-02,4.216306e-03,6.480355e-02,2.113152e-02,2.607539e-02,4.245572e-03,5.825173e-04,5.573664e-02,2.502991e-01,2.403390e-02,2.791802e-02,3.518939e-03,4.798933e-03,4.535758e-01,1.577950e-02
4.412033e-02,4.347796e-03,6.864962e-02,1.625101e-02,3.087275e-02,3.587831e-03,5.556242e-04,7.657744e-02,2.886600e-01,2.418965e-02,2.266816e-02,2.810043e-03,3.733643e-03,3.991711e-01,1.380496e-02
4.314434e-02,3.552238e-03,9.688626e-02,2.266693e-02,3.450619e-02,3.599273e-03,6.651321e-04,1.704112e-01,2.835204e-01,2.046509e-02,1.732862e-02,2.219640e-03,3.049895e-03,2.875836e-01,1.040122e-02
5.091403e-02,1.061684e-02,7.889361e-02,2.043968e-02,9.104998e-02,4.220579e-03,5.985268e-04,1.461373e-01,3.115469e-01,1.808101e-02,1.364323e-02,2.724900e-03,2.773650e-03,2.356918e-01,1.266808e-02
6.026718e-02,1.022509e-02,6.559085e-02,1.817346e-02,1.808381e-01,4.850765e-03,5.861350e-04,1.229659e-01,3.163772e-01,1.444008e-02,1.063691e-02,3.958437e-03,3.959411e-03,1.752644e-01,1.186614e-02
7.059118e-02,1.863438e-02,6.221376e-02,1.613795e-02,1.387503e-01,1.071685e-02,5.273688e-04,1.070587e-01,3.321993e-01,1.578822e-02,1.033120e-02,9.929394e-03,9.022318e-03,1.327989e-01,6.530010e-02
7.594165e-02,3.383403e-02,5.193622e-02,2.164569e-02,1.030604e-01,1.931624e-02,7.332336e-04,9.156222e-02,3.333467e-01,1.790169e-02,1.175806e-02,1.125176e-02,1.883077e-02,9.656874e-02,1.123126e-01
6.048380e-02,3.634588e-02,4.409253e-02,6.006539e-02,7.374112e-02,1.530016e-02,6.163809e-04,6.677312e-02,3.338170e-01,2.445101e-02,1.096496e-02,9.413615e-03,2.868845e-02,6.821324e-02,1.670333e-01
4.841793e-02,9.542132e-02,3.551680e-02,5.686308e-02,5.343541e-02,1.407570e-02,8.398071e-04,5.251971e-02,3.782871e-01,1.935938e-02,9.826623e-03,8.971051e-03,4.183439e-02,4.884275e-02,1.357889e-01
3.982616e-02,1.337325e-01,2.868064e-02,4.665766e-02,3.945357e-02,1.263528e-02,1.431911e-03,4.066734e-02,4.480946e-01,1.431161e-02,7.965740e-03,7.257243e-03,3.900202e-02,3.509077e-02,1.051929e-01
2.983072e-02,1.228841e-01,4.649733e-02,1.058917e-01,2.990387e-02,1.077790e-02,1.316197e-03,3.730699e-02,4.071713e-01,1.279550e-02,6.832998e-03,5.966329e-03,3.415729e-02,2.527743e-02,1.233903e-01
2.847720e-02,1.248437e-01,6.186222e-02,1.932706e-01,2.396074e-02,3.109116e-02,1.153062e-03,3.150172e-02,3.293058e-01,1.095002e-02,9.202098e-03,6.690758e-03,3.444967e-02,1.853500e-02,9.470619e-02
4.933979e-02,1.167682e-01,5.263512e-02,1.633117e-01,2.926177e-02,4.944285e-02,2.221470e-03,2.571787e-02,3.474435e-01,8.109638e-03,8.981444e-03,6.885645e-03,5.279902e-02,1.335716e-02,7.372473e-02
4.202941e-02,1.023329e-01,8.686604e-02,1.515539e-01,2.858363e-02,4.069148e-02,3.257335e-03,2.012241e-02,3.199681e-01,8.179919e-03,9.214673e-03,8.735757e-03,1.123368e-01,9.754657e-03,5.637299e-02
4.375998e-02,9.174620e-02,8.693831e-02,1.280451e-01,3.342948e-02,4.364928e-02,5.048072e-03,1.683357e-02,3.211991e-01,7.815324e-03,1.544015e-02,1.522232e-02,1.314913e-01,8.361820e-03,5.102007e-02
4.460158e-02,8.277377e-02,8.422934e-02,1.033361e-01,3.335600e-02,5.924319e-02,5.177267e-03,1.564791e-02,3.028607e-01,9.813793e-03,2.659459e-02,2.358202e-02,1.504546e-01,8.597532e-03,4.973155e-02
5.548648e-02,7.078615e-02,7.361729e-02,1.155162e-01,2.819023e-02,6.273204e-02,4.288759e-03,1.631360e-02,2.708001e-01,1.219063e-02,3.938220e-02,4.613011e-02,1.581422e-01,7.314834e-03,3.910917e-02
7.283039e-02,6.223624e-02,5.480396e-02,9.747404e-02,2.995377e-02,5.728589e-02,4.477961e-03,1.354735e-02,2.340543e-01,1.172434e-02,5.010569e-02,7.877013e-02,1.896744e-01,7.724919e-03,3.533668e-02
1.096862e-01,8.806396e-02,4.119178e-02,8.026189e-02,2.960498e-02,7.143739e-02,4.002795e-03,1.381719e-02,2.346310e-01,1.146278e-02,4.298790e-02,6.739295e-02,1.609916e-01,7.614509e-03,3.685308e-02
1.541492e-01,7.723761e-02,3.135665e-02,6.745435e-02,2.458645e-02,1.217582e-01,3.773133e-03,1.360465e-02,1.900736e-01,1.177440e-02,3.569809e-02,5.781851e-02,1.642734e-01,7.298945e-03,3.914282e-02
