1.000000e+00,0.000000e+00,0.000000e+00,0.000000e+00,0.000000e+00,0.000000e+00,0.000000e+00,0.000000e+00,0.000000e+00,0.000000e+00,0.000000e+00,0.000000e+00,0.000000e+00,0.000000e+00,0.000000e+00
1.000000e+00,0.000000e+00,0.000000e+00,0.000000e+00,0.000000e+00,0.000000e+00,0.000000e+00,0.000000e+00,0.000000e+00,0.000000e+00,0.000000e+00,0.000000e+00,0.000000e+00,0.000000e+00,0.000000e+00
1.000000e+00,0.000000e+00,0.000000e+00,0.000000e+00,0.000000e+00,0.000000e+00,0.000000e+00,0.000000e+00,0.000000e+00,0.000000e+00,0.000000e+00,0.000000e+00,0.000000e+00,0.000000e+00,0.000000e+00
1.000000e+00,0.000000e+00,0.000000e+00,0.000000e+00,0.000000e+00,0.000000e+00,0.000000e+00,0.000000e+00,0.000000e+00,0.000000e+00,0.000000e+00,0.000000e+00,0.000000e+00,0.000000e+00,0.000000e+00
1.000000e+00,0.000000e+00,0.000000e+00,0.000000e+00,0.000000e+00,0.000000e+00,0.000000e+00,0.000000e+00,0.000000e+00,0.000000e+00,0.000000e+00,0.000000e+00,0.000000e+00,0.000000e+00,0.000000e+00
1.000000e+00,0.000000e+00,0.000000e+00,0.000000e+00,0.000000e+00,0.000000e+00,0.000000e+00,0.000000e+00,0.000000e+00,0.000000e+00,0.000000e+00,0.000000e+00,0.000000e+00,0.000000e+00,0.000000e+00
1.000000e+00,0.000000e+00,0.000000e+00,0.000000e+00,0.000000e+00,0.000000e+00,0.000000e+00,0.000000e+00,0.000000e+00,0.000000e+00,0.000000e+00,0.000000e+00,0.000000e+00,0.000000e+00,0.000000e+00
1.000000e+00,0.000000e+00,0.000000e+00,0.000000e+00,0.000000e+00,0.000000e+00,0.000000e+00,0.000000e+00,0.000000e+00,0.000000e+00,0.000000e+00,0.000000e+00,0.000000e+00,0.000000e+00,0.000000e+00
1.000000e+00,0.000000e+00,0.000000e+00,0.000000e+00,0.000000e+00,0.000000e+00,0.000000e+00,0.000000e+00,0.000000e+00,0.000000e+00,0.000000e+00,0.000000e+00,0.000000e+00,0.000000e+00,0.000000e+00
1.000000e+00,0.000000e+00,0.000000e+00,0.000000e+00,0.000000e+00,0.000000e+00,0.000000e+00,0.000000e+00,0.000000e+00,0.000000e+00,0.000000e+00,0.000000e+00,0.000000e+00,0.000000e+00,0.000000e+00
1.000000e+00,0.000000e+00,0.000000e+00,0.000000e+00,0.000000e+00,0.000000e+00,0.000000e+00,0.000000e+00,0.000000e+00,0.000000e+00,0.000000e+00,0.000000e+00,0.000000e+00,0.000000e+00,0.000000e+00
1.000000e+00,0.000000e+00,0.000000e+00,0.000000e+00,0.000000e+00,0.000000e+00,0.000000e+00,0.000000e+00,0.000000e+00,0.000000e+00,0.000000e+00,0.000000e+00,0.000000e+00,0.000000e+00,0.000000e+00
1.000000e+00,0.000000e+00,0.000000e+00,0.000000e+00,0.000000e+00,0.000000e+00,0.000000e+00,0.000000e+00,0.000000e+00,0.000000e+00,0.000000e+00,0.000000e+00,0.000000e+00,0.000000e+00,0.000000e+00
1.000000e+00,0.000000e+00,0.000000e+00,0.000000e+00,0.000000e+00,0.000000e+00,0.000000e+00,0.000000e+00,0.000000e+00,0.000000e+00,0.000000e+00,0.000000e+00,0.000000e+00,0.000000e+00,0.000000e+00
1.000000e+00,0.000000e+00,0.000000e+00,0.000000e+00,0.000000e+00,0.000000e+00,0.000000e+00,0.000000e+00,0.000000e+00,0.000000e+00,0.000000e+00,0.000000e+00,0.000000e+00,0.000000e+00,0.000000e+00
1.000000e+00,0.000000e+00,0.000000e+00,0.000000e+00,0.000000e+00,0.000000e+00,0.000000e+00,0.000000e+00,0.000000e+00,0.000000e+00,0.000000e+00,0.000000e+00,0.000000e+00,0.000000e+00,0.000000e+00
1.000000e+00,0.000000e+00,0.000000e+00,0.000000e+00,0.000000e+00,0.000000e+00,0.000000e+00,0.000000e+00,0.000000e+00,0.000000e+00,0.000000e+00,0.000000e+00,0.000000e+00,0.000000e+00,0.000000e+00
1.000000e+00,0.000000e+00,0.000000e+00,0.000000e+00,0.000000e+00,0.000000e+00,0.000000e+00,0.000000e+00,0.000000e+00,0.000000e+00,0.000000e+00,0.000000e+00,0.000000e+00,0.000000e+00,0.000000e+00
1.000000e+00,0.000000e+00,0.000000e+00,0.000000e+00,0.000000e+00,0.000000e+00,0.000000e+00,0.000000e+00,0.000000e+00,0.000000e+00,0.000000e+00,0.000000e+00,0.000000e+00,0.000000e+00,0.000000e+00
1.000000e+00,0.000000e+00,0.000000e+00,0.000000e+00,0.000000e+00,0.000000e+00,0.000000e+00,0.000000e+00,0.000000e+00,0.000000e+00,0.000000e+00,0.000000e+00,0.000000e+00,0.000000e+00,0.000000e+00
1.000000e+00,0.000000e+00,0.000000e+00,0.000000e+00,0.000000e+00,0.000000e+00,0.000000e+00,0.000000e+00,0.000000e+00,0.000000e+00,0.000000e+00,0.000000e+00,0.000000e+00,0.000000e+00,0.000000e+00
1.000000e+00,0.000000e+00,0.000000e+00,0.000000e+00,0.000000e+00,0.000000e+00,0.000000e+00,0.000000e+00,0.000000e+00,0.000000e+00,0.000000e+00,0.000000e+00,0.000000e+00,0.000000e+00,0.000000e+00
1.000000e+00,0.000000e+00,0.000000e+00,0.000000e+00,0.000000e+00,0.000000e+00,0.000000e+00,0.000000e+00,0.000000e+00,0.000000e+00,0.000000e+00,0.000000e+00,0.000000e+00,0.000000e+00,0.000000e+00
1.000000e+00,0.000000e+00,0.000000e+00,0.000000e+00,0.000000e+00,0.000000e+00,0.000000e+00,0.000000e+00,0.000000e+00,0.000000e+00,0.000000e+00,0.000000e+00,0.000000e+00,0.000000e+00,0.000000e+00
1.000000e+00,0.000000e+00,0.000000e+00,0.000000e+00,0.000000e+00,0.000000e+00,0.000000e+00,0.000000e+00,0.000000e+00,0.000000e+00,0.000000e+00,0.000000e+00,0.000000e+00,0.000000e+00,0.000000e+00
1.000000e+00,0.000000e+00,0.000000e+00,0.000000e+00,0.000000e+00,0.000000e+00,0.000000e+00,0.000000e+00,0.000000e+00,0.000000e+00,0.000000e+00,0.000000e+00,0.000000e+00,0.000000e+00,0.000000e+00
1.000000e+00,0.000000e+00,0.000000e+00,0.000000e+00,0.000000e+00,0.000000e+00,0.000000e+00,0.000000e+00,0.000000e+00,0.000000e+00,0.000000e+00,0.000000e+00,0.000000e+00,0.000000e+00,0.000000e+00
1.000000e+00,0.000000e+00,0.000000e+00,0.000000e+00,0.000000e+00,0.000000e+00,0.000000e+00,0.000000e+00,0.000000e+00,0.000000e+00,0.000000e+00,0.000000e+00,0.000000e+00,0.000000e+00,0.000000e+00
1.000000e+00,0.000000e+00,0.000000e+00,0.000000e+00,0.000000e+00,0.000000e+00,0.000000e+00,0.000000e+00,0.000000e+00,0.000000e+00,0.000000e+00,0.000000e+00,0.000000e+00,0.000000e+00,0.000000e+00
1.000000e+00,0.000000e+00,0.000000e+00,0.000000e+00,0.000000e+00,0.000000e+00,0.000000e+00,0.000000e+00,0.000000e+00,0.000000e+00,0.000000e+00,0.000000e+00,0.000000e+00,0.000000e+00,0.000000e+00
1.000000e+00,0.000000e+00,0.000000e+00,0.000000e+00,0.000000e+00,0.000000e+00,0.000000e+00,0.000000e+00,0.000000e+00,0.000000e+00,0.000000e+00,0.000000e+00,0.000000e+00,0.000000e+00,0.000000e+00
1.000000e+00,0.000000e+00,0.000000e+00,0.000000e+00,0.000000e+00,0.000000e+00,0.000000e+00,0.000000e+00,0.000000e+00,0.000000e+00,0.000000e+00,0.000000e+00,0.000000e+00,0.000000e+00,0.000000e+00
1.000000e+00,0.000000e+00,0.000000e+00,0.000000e+00,0.000000e+00,0.000000e+00,0.000000e+00,0.000000e+00,0.000000e+00,0.000000e+00,0.000000e+00,0.000000e+00,0.000000e+00,0.000000e+00,0.000000e+00
1.000000e+00,0.000000e+00,0.000000e+00,0.000000e+00,0.000000e+00,0.000000e+00,0.000000e+00,0.000000e+00,0.000000e+00,0.000000e+00,0.000000e+00,0.000000e+00,0.000000e+00,0.000000e+00,0.000000e+00
1.000000e+00,0.000000e+00,0.000000e+00,0.000000e+00,0.000000e+00,0.000000e+00,0.000000e+00,0.000000e+00,0.000000e+00,0.000000e+00,0.000000e+00,0.000000e+00,0.000000e+00,0.000000e+00,0.000000e+00
1.000000e+00,0.000000e+00,0.000000e+00,0.000000e+00,0.000000e+00,0.000000e+00,0.000000e+00,0.000000e+00,0.000000e+00,0.000000e+00,0.000000e+00,0.000000e+00,0.000000e+00,0.000000e+00,0.000000e+00
1.000000e+00,0.000000e+00,0.000000e+00,0.000000e+00,0.000000e+00,0.000000e+00,0.000000e+00,0.000000e+00,0.000000e+00,0.000000e+00,0.000000e+00,0.000000e+00,0.000000e+00,0.000000e+00,0.000000e+00
1.000000e+00,0.000000e+00,0.000000e+00,0.000000e+00,0.000000e+00,0.000000e+00,0.000000e+00,0.000000e+00,0.000000e+00,0.000000e+00,0.000000e+00,0.000000e+00,0.000000e+00,0.000000e+00,0.000000e+00
1.000000e+00,0.000000e+00,0.000000e+00,0.000000e+00,0.000000e+00,0.000000e+00,0.000000e+00,0.000000e+00,0.000000e+00,0.000000e+00,0.000000e+00,0.000000e+00,0.000000e+00,0.000000e+00,0.000000e+00
1.000000e+00,0.000000e+00,0.000000e+00,0.000000e+00,0.000000e+00,0.000000e+00,0.000000e+00,0.000000e+00,0.000000e+00,0.000000e+00,0.000000e+00,0.000000e+00,0.000000e+00,0.000000e+00,0.000000e+00
1.000000e+00,0.000000e+00,0.000000e+00,0.000000e+00,0.000000e+00,0.000000e+00,0.000000e+00,0.000000e+00,0.000000e+00,0.000000e+00,0.000000e+00,0.000000e+00,0.000000e+00,0.000000e+00,0.000000e+00
1.000000e+00,0.000000e+00,0.000000e+00,0.000000e+00,0.000000e+00,0.000000e+00,0.000000e+00,0.000000e+00,0.000000e+00,0.000000e+00,0.000000e+00,0.000000e+00,0.000000e+00,0.000000e+00,0.000000e+00
1.000000e+00,0.000000e+00,0.000000e+00,0.000000e+00,0.000000e+00,0.000000e+00,0.000000e+00,0.000000e+00,0.000000e+00,0.000000e+00,0.000000e+00,0.000000e+00,0.000000e+00,0.000000e+00,0.000000e+00
1.000000e+00,0.000000e+00,0.000000e+00,0.000000e+00,0.000000e+00,0.000000e+00,0.000000e+00,0.000000e+00,0.000000e+00,0.000000e+00,0.000000e+00,0.000000e+00,0.000000e+00,0.000000e+00,0.000000e+00
1.000000e+00,0.000000e+00,0.000000e+00,0.000000e+00,0.000000e+00,0.000000e+00,0.000000e+00,0.000000e+00,0.000000e+00,0.000000e+00,0.000000e+00,0.000000e+00,0.000000e+00,0.000000e+00,0.000000e+00
1.000000e+00,0.000000e+00,0.000000e+00,0.000000e+00,0.000000e+00,0.000000e+00,0.000000e+00,0.000000e+00,0.000000e+00,0.000000e+00,0.000000e+00,0.000000e+00,0.000000e+00,0.000000e+00,0.000000e+00
1.000000e+00,0.000000e+00,0.000000e+00,0.000000e+00,0.000000e+00,0.000000e+00,0.000000e+00,0.000000e+00,0.000000e+00,0.000000e+00,0.000000e+00,0.000000e+00,0.000000e+00,0.000000e+00,0.000000e+00
1.000000e+00,0.000000e+00,0.000000e+00,0.000000e+00,0.000000e+00,0.000000e+00,0.000000e+00,0.000000e+00,0.000000e+00,0.000000e+00,0.000000e+00,0.000000e+00,0.000000e+00,0.000000e+00,0.000000e+00
1.000000e+00,0.000000e+00,0.000000e+00,0.000000e+00,0.000000e+00,0.000000e+00,0.000000e+00,0.000000e+00,0.000000e+00,0.000000e+00,0.000000e+00,0.000000e+00,0.000000e+00,0.000000e+00,0.000000e+00
1.000000e+00,0.000000e+00,0.000000e+00,0.000000e+00,0.000000e+00,0.000000e+00,0.000000e+00,0.000000e+00,0.000000e+00,0.000000e+00,0.000000e+00,0.000000e+00,0.000000e+00,0.000000e+00,0.000000e+00
1.000000e+00,0.000000e+00,0.000000e+00,0.000000e+00,0.000000e+00,0.000000e+00,0.000000e+00,0.000000e+00,0.000000e+00,0.000000e+00,0.000000e+00,0.000000e+00,0.000000e+00,0.000000e+00,0.000000e+00
1.000000e+00,0.000000e+00,0.000000e+00,0.000000e+00,0.000000e+00,0.000000e+00,0.000000e+00,0.000000e+00,0.000000e+00,0.000000e+00,0.000000e+00,0.000000e+00,0.000000e+00,0.000000e+00,0.000000e+00
1.000000e+00,0.000000e+00,0.000000e+00,0.000000e+00,0.000000e+00,0.000000e+00,0.000000e+00,0.000000e+00,0.000000e+00,0.000000e+00,0.000000e+00,0.000000e+00,0.000000e+00,0.000000e+00,0.000000e+00
1.000000e+00,0.000000e+00,0.000000e+00,0.000000e+00,0.000000e+00,0.000000e+00,0.000000e+00,0.000000e+00,0.000000e+00,0.000000e+00,0.000000e+00,0.000000e+00,0.000000e+00,0.000000e+00,0.000000e+00
1.000000e+00,0.000000e+00,0.000000e+00,0.000000e+00,0.000000e+00,0.000000e+00,0.000000e+00,0.000000e+00,0.000000e+00,0.000000e+00,0.000000e+00,0.000000e+00,0.000000e+00,0.000000e+00,0.000000e+00
4.987417e-01,8.532998e-02,2.629801e-02,1.448604e-01,1.762436e-02,3.068921e-02,1.019193e-02,3.082019e-02,2.011463e-02,7.497630e-03,1.845618e-02,2.815441e-02,1.239464e-02,6.840720e-03,6.198598e-02
4.525495e-01,1.039571e-01,2.751393e-02,1.599183e-01,2.009792e-02,3.207229e-02,1.093786e-02,3.187943e-02,2.147721e-02,8.012043e-03,1.852114e-02,2.940375e-02,1.301634e-02,7.003595e-03,6.363954e-02
3.694803e-01,1.053799e-01,3.270304e-02,1.694438e-01,3.148973e-02,4.387395e-02,2.753906e-02,3.952549e-02,2.403054e-02,6.972981e-03,2.063786e-02,4.718700e-02,1.680446e-02,6.587006e-03,5.834484e-02
2.667617e-01,7.730743e-02,2.704583e-02,1.235993e-01,3.152407e-02,3.693353e-02,2.614614e-01,4.251494e-02,1.765451e-02,5.092329e-03,1.521238e-02,3.530066e-02,1.295915e-02,4.801997e-03,4.183077e-02
1.876200e-01,5.493123e-02,2.255497e-02,8.845530e-02,2.560804e-02,2.884536e-02,4.529596e-01,4.337538e-02,1.273059e-02,3.696211e-03,1.095082e-02,2.510138e-02,1.027373e-02,3.437907e-03,2.945952e-02
1.317248e-01,3.851827e-02,1.637908e-02,6.202846e-02,1.842223e-02,2.116506e-02,6.066093e-01,3.780049e-02,8.940495e-03,2.629223e-03,7.719929e-03,1.762366e-02,7.349467e-03,2.435236e-03,2.065431e-02
9.228263e-02,2.702209e-02,1.166618e-02,4.349000e-02,1.304798e-02,1.497248e-02,7.214268e-01,2.861813e-02,6.269915e-03,1.868142e-03,5.420072e-03,1.236210e-02,5.345690e-03,1.716385e-03,1.449143e-02
6.469574e-02,1.895422e-02,8.332130e-03,3.047832e-02,9.236754e-03,1.078835e-02,8.023240e-01,2.173437e-02,4.402564e-03,1.324313e-03,3.809409e-03,8.699522e-03,3.833933e-03,1.215692e-03,1.017077e-02
4.536872e-02,1.330584e-02,6.075101e-03,2.137008e-02,6.576237e-03,7.833608e-03,8.584408e-01,1.744853e-02,3.094904e-03,9.337739e-04,2.678713e-03,6.122428e-03,2.749350e-03,8.632834e-04,7.138681e-03
3.196806e-02,9.329014e-03,4.411472e-03,1.498944e-02,4.680153e-03,5.715146e-03,8.973306e-01,1.486760e-02,2.188030e-03,6.568210e-04,1.890393e-03,4.349916e-03,1.984474e-03,6.211209e-04,5.017818e-03
2.330183e-02,6.558624e-03,3.174860e-03,1.053100e-02,3.354922e-03,4.494547e-03,9.231585e-01,1.329430e-02,1.557067e-03,4.641028e-04,1.338567e-03,3.164658e-03,1.571106e-03,4.486389e-04,3.587374e-03
2.125738e-02,4.645804e-03,2.373447e-03,7.472814e-03,2.477263e-03,4.390625e-03,9.312840e-01,1.651373e-02,1.132355e-03,3.360089e-04,9.758018e-04,2.478007e-03,1.549121e-03,3.388337e-04,2.774825e-03
5.592868e-02,3.703789e-03,2.393052e-03,5.820467e-03,2.484370e-03,8.952321e-03,8.827027e-01,2.601413e-02,1.074895e-03,3.474118e-04,9.029716e-04,3.049770e-03,2.786617e-03,3.437292e-04,3.495085e-03
1.492116e-01,3.521181e-03,2.996686e-03,5.690820e-03,2.821477e-03,1.604437e-02,7.706507e-01,3.125208e-02,1.305630e-03,4.502788e-04,1.109495e-03,4.436204e-03,4.838468e-03,4.324232e-04,5.238582e-03
2.762206e-01,4.117249e-03,3.936983e-03,6.599451e-03,3.272661e-03,2.038185e-02,6.290631e-01,3.100241e-02,1.335676e-03,5.816364e-04,1.425452e-03,6.946699e-03,7.305781e-03,6.101232e-04,7.200344e-03
3.477222e-01,6.955503e-03,5.585168e-03,9.557943e-03,4.292251e-03,3.081625e-02,5.159239e-01,3.371730e-02,2.004693e-03,1.143726e-03,3.882782e-03,1.257567e-02,1.166919e-02,1.520848e-03,1.263269e-02
2.514243e-01,6.225564e-03,8.105877e-03,9.774750e-03,5.337757e-03,2.587262e-02,5.481806e-01,6.654045e-02,3.839050e-03,8.021842e-03,8.267938e-03,1.553404e-02,2.013722e-02,2.641419e-03,2.009663e-02
1.774254e-01,7.695219e-03,6.916009e-03,1.336284e-02,6.616629e-03,2.011834e-02,4.802180e-01,5.134337e-02,3.497310e-02,6.723205e-02,5.717463e-02,2.845287e-02,1.637598e-02,7.129543e-03,2.496604e-02
1.248811e-01,6.367543e-03,5.487749e-03,1.423532e-02,5.361798e-03,1.602996e-02,3.513854e-01,3.862283e-02,3.048416e-02,9.871124e-02,7.166043e-02,2.496249e-02,2.517606e-02,1.015833e-01,8.505065e-02
8.781081e-02,4.712889e-03,3.958461e-03,1.066802e-02,4.489026e-03,1.159074e-02,2.523557e-01,2.785618e-02,2.382553e-02,1.097043e-01,9.782720e-02,2.082091e-02,1.979419e-02,1.468505e-01,1.777356e-01
6.148236e-02,3.308619e-03,2.775727e-03,7.494133e-03,3.439931e-03,8.137494e-03,1.766768e-01,1.952597e-02,1.718698e-02,7.745764e-02,6.969372e-02,1.475384e-02,1.411397e-02,3.935128e-01,1.304401e-01
4.304786e-02,2.333282e-03,1.946435e-03,5.266101e-03,2.451543e-03,5.723392e-03,1.236888e-01,1.368438e-02,1.318378e-02,5.451142e-02,4.950788e-02,1.044599e-02,9.960029e-03,5.703364e-01,9.391269e-02
3.020146e-02,1.797143e-03,1.413609e-03,3.972556e-03,1.782837e-03,6.728617e-03,8.662238e-02,9.692883e-03,1.202775e-02,3.830618e-02,3.524652e-02,7.481710e-03,7.167514e-03,6.905373e-01,6.702159e-02
2.122832e-02,1.679062e-03,1.050272e-03,2.859704e-03,1.436667e-03,7.899341e-03,6.067267e-02,6.827597e-03,1.126914e-02,2.710293e-02,2.505057e-02,5.423281e-03,5.376733e-03,7.724829e-01,4.964083e-02
1.509618e-02,1.657059e-03,8.123430e-04,2.299406e-03,1.154232e-03,7.902978e-03,4.250111e-02,4.842573e-03,2.625218e-02,1.907139e-02,1.818176e-02,3.973635e-03,3.965751e-03,8.152702e-01,3.701922e-02
1.125563e-02,1.799785e-03,9.808530e-04,1.766127e-03,1.318092e-03,6.420550e-03,2.980490e-02,3.624271e-03,2.829136e-02,1.348983e-02,1.325357e-02,2.852119e-03,3.104212e-03,8.514143e-01,3.062441e-02
8.691372e-03,1.479783e-03,8.223497e-04,1.434687e-03,1.269500e-03,5.508795e-03,2.089252e-02,2.579011e-03,3.526321e-02,9.526850e-03,1.105242e-02,2.033836e-03,2.317356e-03,8.646075e-01,3.252085e-02
8.467496e-03,1.428642e-03,9.184266e-04,1.414614e-03,9.869003e-04,1.435879e-02,1.466918e-02,1.930064e-03,8.884083e-02,7.062245e-03,3.021858e-02,1.862849e-03,5.309329e-03,7.609280e-01,6.160405e-02
8.096727e-03,1.261514e-03,1.229824e-03,1.136019e-03,8.403705e-04,1.214271e-02,1.028198e-02,1.456603e-03,9.065834e-02,5.962881e-03,1.053187e-01,1.595765e-03,6.163709e-03,6.870905e-01,6.676435e-02
7.311726e-03,1.886080e-03,7.768859e-03,1.049820e-03,1.170852e-03,1.013217e-02,7.311500e-03,2.454033e-03,1.118679e-01,7.707374e-03,1.635921e-01,2.722882e-03,1.336377e-02,5.999029e-01,6.175806e-02
9.307948e-03,3.977610e-03,7.881036e-03,1.276590e-03,1.754104e-03,6.458635e-02,5.605361e-03,4.960882e-03,1.257733e-01,1.846925e-02,1.509655e-01,6.669500e-03,2.488260e-02,5.061395e-01,6.775057e-02
9.579530e-03,4.637121e-03,6.494401e-03,1.691838e-03,3.338789e-03,1.489042e-01,5.017347e-03,6.287629e-03,1.093015e-01,3.294289e-02,1.402002e-01,1.490163e-02,7.177044e-02,3.887941e-01,5.613840e-02
1.001705e-02,4.740090e-03,7.137433e-03,2.117590e-03,1.434194e-02,1.675882e-01,6.372725e-03,1.031802e-02,1.092789e-01,6.917772e-02,1.261240e-01,1.627322e-02,1.007084e-01,3.066605e-01,4.914419e-02
1.272954e-02,4.604429e-03,8.563988e-03,2.898724e-03,6.611294e-02,1.250499e-01,4.883510e-02,6.990948e-02,9.974750e-02,6.533793e-02,1.226749e-01,1.572368e-02,7.959826e-02,2.359720e-01,4.224163e-02
1.179123e-02,5.314121e-03,2.109626e-02,4.230690e-03,7.334863e-02,9.967236e-02,4.185573e-02,2.448620e-01,9.754971e-02,4.794857e-02,8.769055e-02,1.199034e-02,5.691012e-02,1.656369e-01,3.010286e-02
1.482511e-02,9.094262e-03,2.330511e-02,1.032651e-02,6.759424e-02,7.764171e-02,3.443244e-02,3.511648e-01,1.209397e-01,3.776668e-02,6.205730e-02,8.673811e-03,4.336794e-02,1.162094e-01,2.260110e-02
1.472886e-02,8.021612e-03,2.350629e-02,1.548214e-02,5.876775e-02,7.898078e-02,2.895796e-02,4.381940e-01,1.129561e-01,3.118494e-02,4.454718e-02,6.399084e-03,3.737844e-02,8.154765e-02,1.934723e-02
1.805505e-02,8.758379e-03,2.233800e-02,1.849580e-02,4.830540e-02,6.428900e-02,3.135524e-02,5.135659e-01,1.011687e-01,2.419214e-02,3.588449e-02,5.064875e-03,3.299704e-02,5.731540e-02,1.821459e-02
1.744066e-02,8.322856e-03,2.010252e-02,1.571839e-02,3.781374e-02,5.463834e-02,3.361984e-02,5.903481e-01,8.897705e-02,1.900176e-02,2.721271e-02,4.060406e-03,2.608393e-02,4.026677e-02,1.639292e-02
1.768647e-02,2.286913e-02,2.332400e-02,1.339853e-02,3.050410e-02,4.757069e-02,2.700069e-02,6.168501e-01,8.966223e-02,1.689552e-02,2.353617e-02,4.070600e-03,2.062689e-02,2.854182e-02,1.746303e-02
1.556066e-02,2.357321e-02,4.084515e-02,2.197013e-02,2.397555e-02,3.709986e-02,2.201024e-02,5.912519e-01,7.413597e-02,2.429865e-02,3.350505e-02,1.047533e-02,3.371284e-02,2.065987e-02,2.692565e-02
1.327400e-02,2.056910e-02,3.965534e-02,5.917020e-02,1.969326e-02,3.029243e-02,2.022379e-02,5.040374e-01,5.625993e-02,1.894739e-02,4.327121e-02,2.205763e-02,1.092828e-01,1.464742e-02,2.861807e-02
9.991018e-03,1.708917e-02,3.105585e-02,6.377456e-02,2.334639e-02,2.323889e-02,1.561405e-02,3.654913e-01,1.051596e-01,1.396011e-02,4.036376e-02,3.459722e-02,2.208574e-01,1.054846e-02,2.491230e-02
7.491688e-03,1.308440e-02,3.013683e-02,8.453221e-02,3.468712e-02,2.070222e-02,1.540210e-02,2.608383e-01,1.112844e-01,1.054921e-02,3.348883e-02,4.902391e-02,2.942755e-01,7.707350e-03,2.679590e-02
5.522964e-03,9.484187e-03,2.386227e-02,6.303323e-02,2.557725e-02,1.521206e-02,1.162562e-02,1.832115e-01,9.181288e-02,7.777238e-03,2.698069e-02,8.124313e-02,4.257284e-01,5.805309e-03,2.312340e-02
3.936212e-03,6.846393e-03,1.877606e-02,4.454989e-02,1.920222e-02,1.093233e-02,9.283380e-03,1.284791e-01,6.621326e-02,5.567650e-03,2.732434e-02,1.010552e-01,5.360076e-01,4.129680e-03,1.769670e-02
2.867253e-03,4.998452e-03,1.372332e-02,3.142941e-02,1.459732e-02,8.203262e-03,7.756271e-03,9.006012e-02,4.726636e-02,4.016334e-03,2.478998e-02,9.958979e-02,6.333566e-01,2.992433e-03,1.435316e-02
2.134672e-03,3.633649e-03,1.051120e-02,2.201987e-02,1.082855e-02,6.092050e-03,5.635956e-03,6.308930e-02,3.404056e-02,3.124670e-03,2.041135e-02,2.411149e-01,5.635344e-01,2.180918e-03,1.164797e-02
1.687928e-03,2.785153e-03,7.847354e-03,1.542516e-02,8.320625e-03,4.474581e-03,4.108543e-03,4.420064e-02,2.459352e-02,2.943474e-03,1.693086e-02,2.503411e-01,6.038018e-01,1.708777e-03,1.083039e-02
1.294511e-03,2.299618e-03,5.609204e-03,1.081774e-02,6.773271e-03,3.643334e-03,3.084455e-03,3.101603e-02,1.765401e-02,4.616154e-03,1.323303e-02,3.123605e-01,5.776156e-01,1.583813e-03,8.398684e-03
1.100771e-03,1.715838e-03,4.160929e-03,7.588293e-03,5.895868e-03,3.363852e-03,2.356079e-03,2.178983e-02,1.331702e-02,6.391942e-03,1.235001e-02,3.753567e-01,5.367383e-01,1.407780e-03,6.466841e-03
1.036009e-03,1.298057e-03,3.020155e-03,5.330838e-03,6.867657e-03,3.197869e-03,1.792728e-03,1.531820e-02,1.350738e-02,8.194258e-03,1.227424e-02,3.879360e-01,5.334485e-01,1.352239e-03,5.425883e-03
8.869431e-04,9.807063e-04,2.198714e-03,3.739388e-03,5.853580e-03,4.485073e-03,1.629488e-03,1.077100e-02,1.092581e-02,7.606636e-03,9.226580e-03,4.837996e-01,4.522039e-01,1.404024e-03,4.288511e-03
8.502575e-04,7.359448e-04,1.626570e-03,2.633699e-03,7.595349e-03,3.627391e-03,1.299297e-03,7.660884e-03,1.012085e-02,8.917248e-03,7.771881e-03,5.738634e-01,3.683195e-01,1.360745e-03,3.616983e-03
1.023437e-03,5.791365e-04,1.318809e-03,1.870537e-03,2.030159e-02,4.981176e-03,1.248426e-03,5.790779e-03,1.297639e-02,8.960299e-03,8.447899e-03,6.544313e-01,2.743510e-01,1.087613e-03,2.631520e-03
8.251214e-04,4.167790e-04,9.895263e-04,1.315597e-03,1.723558e-02,4.054273e-03,1.620420e-03,4.504621e-03,9.820214e-03,7.455760e-03,6.567181e-03,7.458779e-01,1.965831e-01,8.386244e-04,1.895393e-03
6.918421e-04,2.956011e-04,7.310971e-04,9.289372e-04,1.345625e-02,3.513945e-03,1.372508e-03,3.489443e-03,7.178597e-03,5.632241e-03,5.191489e-03,8.161623e-01,1.393798e-01,6.336321e-04,1.342263e-03
1.108367e-03,2.484933e-04,6.576899e-04,6.943992e-04,1.152790e-02,2.920249e-03,2.035524e-03,4.952281e-03,6.511403e-03,4.888383e-03,4.121291e-03,8.598101e-01,9.890056e-02,6.460860e-04,9.772723e-04
1.174861e-03,2.149915e-04,5.375796e-04,5.585096e-04,9.364251e-03,4.048202e-03,1.865345e-03,4.651320e-03,5.791560e-03,3.884460e-03,3.558633e-03,8.916161e-01,7.139551e-02,6.215901e-04,7.171051e-04
1.496721e-03,1.969958e-04,4.290505e-04,4.376695e-04,7.593951e-03,4.268697e-03,1.830761e-03,3.861622e-03,5.426791e-03,3.072551e-03,2.870306e-03,9.154590e-01,5.200721e-02,5.169500e-04,5.317111e-04
2.432259e-03,3.136240e-04,3.597853e-04,6.554483e-04,5.848266e-03,2.412085e-02,1.520473e-03,3.018690e-03,7.377448e-03,2.407896e-03,3.096409e-03,9.049329e-01,4.256616e-02,8.971727e-04,4.527326e-04
4.564848e-03,4.507587e-04,3.569670e-04,1.444445e-03,4.889282e-03,3.979260e-02,1.684296e-03,2.599859e-03,1.153947e-02,2.043145e-03,8.464264e-03,8.601798e-01,6.009243e-02,1.399842e-03,4.980096e-04
7.497801e-03,1.801981e-03,5.778613e-04,1.263537e-03,5.518055e-03,3.256863e-02,3.806272e-03,2.205592e-03,3.000514e-02,1.771781e-03,8.334605e-03,8.565236e-01,4.621805e-02,1.317693e-03,5.894128e-04
8.420835e-03,1.811477e-03,5.065516e-04,9.487789e-04,4.434602e-03,2.716768e-02,3.919831e-03,2.002290e-03,2.906980e-02,1.355371e-03,6.577544e-03,8.762475e-01,3.598364e-02,1.047538e-03,5.065667e-04
9.735046e-03,2.256353e-03,1.176594e-03,8.376733e-04,4.021069e-03,2.463397e-02,5.385379e-03,5.741013e-03,3.090588e-02,1.189360e-03,5.302215e-03,8.794185e-01,2.796297e-02,9.770995e-04,4.569112e-04
8.446684e-03,2.150432e-03,1.162777e-03,7.722364e-04,3.646451e-03,4.351387e-02,5.399092e-03,8.133847e-03,2.850530e-02,9.239214e-04,4.578450e-03,8.641182e-01,2.730810e-02,8.977339e-04,4.429801e-04
9.361600e-03,5.386916e-03,3.339263e-03,1.061606e-02,4.039837e-03,1.183833e-01,5.276995e-03,6.723592e-03,4.366657e-02,1.723896e-03,5.825696e-03,7.529117e-01,3.044805e-02,1.021940e-03,1.274654e-03
1.138171e-02,5.127763e-03,3.930633e-03,1.383178e-02,4.251870e-03,1.436855e-01,4.513856e-03,6.331869e-03,3.990042e-02,2.256222e-03,8.705830e-03,7.103173e-01,4.086143e-02,2.517894e-03,2.386000e-03
2.501413e-02,5.131803e-03,3.966659e-03,1.125353e-02,8.314879e-03,1.074253e-01,4.825273e-03,6.423007e-03,3.440911e-02,1.940971e-03,9.490217e-03,7.378188e-01,3.888940e-02,2.963020e-03,2.133943e-03
2.772587e-02,4.620451e-03,3.392296e-03,8.836457e-03,8.544881e-03,7.896533e-02,4.519833e-03,4.949777e-03,2.915406e-02,2.025170e-03,9.250350e-03,7.577934e-01,5.568714e-02,2.612916e-03,1.922081e-03
2.490463e-02,8.793739e-03,1.265883e-02,8.635945e-03,1.783696e-02,6.969081e-02,4.293338e-03,5.124734e-03,2.781780e-02,2.768098e-03,1.180725e-02,6.889052e-01,1.097768e-01,3.164781e-03,3.821095e-03
1.956594e-02,7.377023e-03,1.055061e-02,8.121126e-03,1.701958e-02,6.340648e-02,3.450937e-03,4.112827e-03,2.134451e-02,2.457755e-03,1.245485e-02,6.838594e-01,1.396065e-01,2.505552e-03,4.166880e-03
1.568571e-02,7.066574e-03,1.538694e-02,6.371626e-03,1.555640e-02,5.234088e-02,2.871493e-03,3.769941e-03,1.536113e-02,2.715491e-03,1.335996e-02,6.392946e-01,2.025581e-01,2.456040e-03,5.205105e-03
1.232630e-02,5.401436e-03,1.468990e-02,5.448217e-03,1.198659e-02,4.402195e-02,2.654650e-03,3.729012e-03,1.136296e-02,3.526972e-03,1.828209e-02,5.992103e-01,2.588415e-01,2.331708e-03,6.186417e-03
1.072202e-02,4.059448e-03,1.866921e-02,4.048667e-03,9.425050e-03,3.518190e-02,2.523914e-03,3.620399e-03,8.566168e-03,5.930298e-03,3.125147e-02,5.387963e-01,3.175646e-01,2.190254e-03,7.450251e-03
9.156102e-03,3.330906e-03,4.959602e-02,3.643181e-03,7.466456e-03,2.648760e-02,2.334398e-03,1.097845e-02,9.635391e-03,1.259151e-02,3.628353e-02,4.484780e-01,3.624550e-01,2.227847e-03,1.533563e-02
8.731057e-03,7.590274e-03,9.522162e-02,4.251231e-03,6.274427e-03,1.954493e-02,1.973415e-03,1.453672e-02,1.789893e-02,4.188287e-02,4.159792e-02,3.398208e-01,3.692196e-01,2.405736e-03,2.905050e-02
7.039670e-03,9.642212e-03,1.179661e-01,3.407384e-03,4.997481e-03,1.422586e-02,1.922884e-03,1.884749e-02,2.398983e-02,8.669516e-02,3.375977e-02,2.443753e-01,3.082066e-01,2.223755e-03,1.227005e-01
6.191696e-03,1.176057e-02,1.000863e-01,2.522822e-03,3.987268e-03,1.085037e-02,1.913552e-03,1.861655e-02,3.379177e-02,9.450057e-02,2.499711e-02,1.742932e-01,2.224357e-01,2.233846e-03,2.918187e-01
5.146802e-03,1.231336e-02,7.216613e-02,1.862505e-03,2.997518e-03,9.240031e-03,1.416438e-03,1.436486e-02,6.497300e-02,7.680867e-02,1.801393e-02,1.222429e-01,1.564381e-01,1.679356e-03,4.403365e-01
4.986055e-03,1.484418e-02,5.150942e-02,1.796173e-03,2.474890e-03,9.451169e-03,1.061001e-03,1.149210e-02,1.333780e-01,5.601119e-02,1.276469e-02,8.563052e-02,1.096750e-01,1.256267e-03,5.036693e-01
4.465912e-03,1.585893e-02,3.637736e-02,1.518952e-03,2.194068e-03,1.183802e-02,7.743805e-04,8.490813e-03,2.154049e-01,4.019087e-02,9.056067e-03,5.997787e-02,7.688060e-02,9.504412e-04,5.160208e-01
4.236332e-03,2.011292e-02,2.560130e-02,1.378015e-03,2.434376e-03,1.177120e-02,5.775046e-04,6.146138e-03,2.422861e-01,2.892686e-02,6.430754e-03,4.201122e-02,5.398752e-02,7.608425e-04,5.533389e-01
4.239042e-03,1.837618e-02,1.796128e-02,1.056516e-03,2.475193e-03,1.121820e-02,4.403145e-04,4.465423e-03,2.728097e-01,2.076546e-02,4.553698e-03,2.942015e-02,3.791183e-02,6.772364e-04,5.736299e-01
5.182710e-03,1.638058e-02,1.263614e-02,9.505586e-04,3.833992e-03,1.448471e-02,4.608995e-04,3.779484e-03,2.634720e-01,1.503212e-02,3.301117e-03,2.066326e-02,2.727922e-02,1.207871e-03,6.113354e-01
6.733451e-03,1.737145e-02,9.048598e-03,1.029798e-03,4.943090e-03,1.582550e-02,5.705278e-04,3.404091e-03,2.226760e-01,1.120189e-02,2.444048e-03,1.466309e-02,1.973025e-02,1.824138e-03,6.685341e-01
1.070061e-02,2.162718e-02,6.883837e-03,8.726022e-04,6.601091e-03,2.143274e-02,6.048697e-04,2.830138e-03,2.037354e-01,9.257638e-03,1.971095e-03,1.055100e-02,1.519014e-02,4.195069e-03,6.835467e-01
1.085924e-02,2.421418e-02,7.296645e-03,1.499713e-03,9.028712e-03,1.656522e-02,6.103775e-04,6.828320e-03,1.806233e-01,7.180012e-03,1.557180e-03,7.521985e-03,1.085923e-02,4.254412e-03,7.111016e-01
1.615647e-02,3.416168e-02,6.412637e-03,1.525001e-03,1.829023e-02,1.771912e-02,9.710332e-04,6.901177e-03,2.008659e-01,5.505473e-03,1.950860e-03,5.443336e-03,8.135769e-03,7.402941e-03,6.685585e-01
1.966007e-02,4.343350e-02,8.408564e-03,2.196256e-03,3.088182e-02,2.182758e-02,1.457333e-03,1.104276e-02,2.604172e-01,4.604766e-03,3.561265e-03,4.058838e-03,6.180957e-03,8.593632e-03,5.736755e-01
1.845695e-02,5.877958e-02,1.029774e-02,2.402317e-03,2.911078e-02,2.227050e-02,1.643776e-03,2.075298e-02,2.954679e-01,3.815376e-03,2.943724e-03,2.978993e-03,5.662710e-03,8.465929e-03,5.169508e-01
1.731002e-02,7.694320e-02,9.694302e-03,2.062082e-03,2.980277e-02,2.151923e-02,1.534948e-03,2.137942e-02,3.349726e-01,3.151110e-03,2.825767e-03,2.141068e-03,4.558570e-03,1.336206e-02,4.587429e-01
1.837539e-02,9.868658e-02,1.359514e-02,8.394024e-03,5.979517e-02,1.717991e-02,1.922758e-03,9.290481e-02,3.274821e-01,2.354443e-03,2.116550e-03,1.531863e-03,3.782828e-03,1.130134e-02,3.405771e-01
2.371494e-02,8.615375e-02,3.982259e-02,1.708446e-02,1.102786e-01,1.566082e-02,2.399310e-03,1.190079e-01,3.159186e-01,2.272654e-03,1.736377e-03,1.139988e-03,3.061665e-03,1.104840e-02,2.507000e-01
4.288351e-02,1.020523e-01,7.963275e-02,1.773675e-02,1.677837e-01,1.405942e-02,2.419892e-03,1.083888e-01,2.580387e-01,2.261060e-03,1.498824e-03,9.753833e-04,2.543008e-03,1.039651e-02,1.893295e-01
5.835453e-02,1.626830e-01,8.637220e-02,1.682935e-02,1.694091e-01,1.073694e-02,2.225138e-03,9.101672e-02,1.979098e-01,2.792568e-03,1.550475e-03,1.154050e-03,2.879185e-03,9.473143e-03,1.866138e-01
7.062241e-02,1.990188e-01,8.393495e-02,1.693463e-02,1.913332e-01,9.282046e-03,2.256145e-03,8.779739e-02,1.587300e-01,3.210080e-03,1.699201e-03,1.333616e-03,2.862741e-03,1.212823e-02,1.588565e-01
7.296401e-02,2.270484e-01,7.232660e-02,2.349775e-02,2.103272e-01,1.140117e-02,2.198688e-03,9.963527e-02,1.288136e-01,3.211135e-03,2.148668e-03,1.385455e-03,2.572201e-03,1.222259e-02,1.302473e-01
1.051719e-01,2.228276e-01,5.970814e-02,2.444130e-02,2.191932e-01,1.764045e-02,2.346543e-03,8.851705e-02,1.151602e-01,3.405749e-03,2.632128e-03,1.704102e-03,3.428381e-03,1.549772e-02,1.183255e-01
1.094105e-01,1.892696e-01,6.587897e-02,6.308800e-02,1.759498e-01,1.730901e-02,2.461855e-03,1.238027e-01,1.206303e-01,5.473014e-03,2.895552e-03,2.864737e-03,4.273264e-03,1.336097e-02,1.033318e-01
1.484606e-01,1.590405e-01,5.346888e-02,6.423665e-02,1.551690e-01,2.433379e-02,2.715126e-03,1.083487e-01,1.162384e-01,7.268759e-03,4.418083e-03,3.552699e-03,7.464653e-03,1.960358e-02,1.256806e-01
1.808914e-01,1.261299e-01,4.603452e-02,9.470025e-02,1.420662e-01,2.869531e-02,3.395651e-03,1.019851e-01,1.122755e-01,8.973803e-03,5.687457e-03,4.719199e-03,8.588505e-03,1.923661e-02,1.166207e-01
2.075851e-01,1.033238e-01,4.310742e-02,1.023404e-01,1.217047e-01,3.312657e-02,4.366694e-03,8.604551e-02,1.159174e-01,1.905990e-02,1.072296e-02,8.571363e-03,9.204514e-03,2.221615e-02,1.127075e-01
2.448404e-01,8.384154e-02,3.762288e-02,1.007528e-01,1.001548e-01,5.187724e-02,4.614173e-03,7.636096e-02,1.170187e-01,2.493278e-02,1.014352e-02,8.814529e-03,9.116432e-03,2.064007e-02,1.092692e-01
3.014461e-01,7.072999e-02,3.063699e-02,9.226419e-02,1.005972e-01,5.238934e-02,5.038638e-03,7.344464e-02,1.083782e-01,2.090028e-02,1.138646e-02,8.603780e-03,1.145766e-02,1.957391e-02,9.315258e-02
3.037231e-01,6.911255e-02,6.387775e-02,9.172083e-02,8.349393e-02,4.132611e-02,5.183300e-03,7.345483e-02,9.579588e-02,2.321047e-02,9.605964e-03,7.942438e-03,1.112699e-02,1.561454e-02,1.048113e-01
2.407920e-01,5.909511e-02,1.953966e-01,1.013529e-01,6.348928e-02,3.011800e-02,3.972413e-03,5.729241e-02,8.223355e-02,2.513807e-02,7.663907e-03,6.619421e-03,8.905962e-03,1.118218e-02,1.067481e-01
1.822120e-01,4.303979e-02,1.535752e-01,1.034669e-01,4.806156e-02,2.199560e-02,3.137642e-03,2.529452e-01,6.690846e-02,2.066422e-02,6.341406e-03,4.983596e-03,6.730257e-03,8.044533e-03,7.789372e-02
1.529948e-01,3.735192e-02,1.211381e-01,8.438568e-02,4.076169e-02,1.650792e-02,2.441629e-03,3.926160e-01,5.667549e-02,1.713880e-02,5.059704e-03,3.758636e-03,5.062508e-03,6.108220e-03,5.799884e-02
1.257937e-01,2.839669e-02,1.009678e-01,6.978865e-02,3.321919e-02,1.184248e-02,1.899309e-03,5.156651e-01,4.251862e-02,1.291139e-02,3.832490e-03,2.822652e-03,3.940256e-03,4.508467e-03,4.189326e-02
8.941660e-02,2.026481e-02,7.181703e-02,4.904315e-02,2.449968e-02,8.336675e-03,1.359860e-03,6.562741e-01,2.991775e-02,9.048161e-03,2.705641e-03,1.984210e-03,2.770766e-03,3.172335e-03,2.938919e-02
6.359009e-02,1.429370e-02,5.118487e-02,3.444370e-02,1.914495e-02,5.891065e-03,9.863877e-04,7.550751e-01,2.098638e-02,6.339378e-03,1.904421e-03,1.394775e-03,1.948493e-03,2.228676e-03,2.058794e-02
4.502087e-02,1.002400e-02,3.605341e-02,2.413547e-02,1.419542e-02,4.158263e-03,6.986972e-04,8.268689e-01,1.470116e-02,4.451658e-03,1.341745e-03,9.806562e-04,1.371505e-03,1.581459e-03,1.441675e-02
3.204430e-02,7.043520e-03,2.541509e-02,1.691262e-02,1.158305e-02,2.939139e-03,5.000572e-04,8.763157e-01,1.030361e-02,3.122531e-03,9.453447e-04,6.885910e-04,9.667313e-04,1.122236e-03,1.009739e-02
2.362669e-02,4.950000e-03,1.791143e-02,1.185684e-02,8.284600e-03,2.196981e-03,3.787224e-04,9.115299e-01,7.227296e-03,2.193605e-03,6.835953e-04,5.155513e-04,7.392842e-04,8.255060e-04,7.079885e-03
1.790373e-02,3.485486e-03,1.262888e-02,8.336315e-03,6.048286e-03,1.604454e-03,3.169354e-04,9.360891e-01,5.078223e-03,1.539115e-03,4.921894e-04,3.793809e-04,5.469810e-04,5.903727e-04,4.960494e-03
1.579294e-02,2.517478e-03,8.950170e-03,5.912131e-03,4.421317e-03,1.323120e-03,3.269048e-04,9.508134e-01,3.620853e-03,1.085903e-03,4.118568e-04,3.602464e-04,5.360385e-04,4.304677e-04,3.497193e-03
2.603335e-02,2.493644e-03,7.147481e-03,9.964467e-03,5.108559e-03,2.568986e-03,5.121059e-04,9.097413e-01,3.358501e-03,1.019980e-03,4.210227e-03,5.142701e-03,1.809127e-02,1.411604e-03,3.195745e-03
2.337508e-02,2.124013e-03,5.318937e-03,1.056003e-02,4.867751e-03,8.451425e-03,8.053291e-04,8.112844e-01,3.172988e-03,8.254376e-04,9.411940e-03,9.352160e-03,1.015779e-01,1.131052e-03,7.741615e-03
2.162180e-02,1.638511e-03,4.015047e-03,8.314793e-03,5.181487e-03,4.775422e-02,3.557551e-03,6.432360e-01,3.184518e-03,6.734443e-04,1.243734e-02,1.438014e-02,2.239254e-01,8.925975e-04,9.187082e-03
1.799824e-02,1.401081e-03,2.943824e-03,7.562126e-03,3.893859e-03,5.590536e-02,4.696228e-03,4.560210e-01,5.316139e-03,9.113284e-04,2.100399e-02,2.380868e-02,3.879957e-01,8.195526e-04,9.722772e-03
1.355706e-02,1.085994e-03,2.139222e-03,5.932484e-03,2.932690e-03,4.964256e-02,4.793283e-03,3.212045e-01,5.675592e-03,8.045692e-04,2.136918e-02,2.411948e-02,5.372342e-01,6.211485e-04,8.888111e-03
1.066384e-02,9.458853e-04,2.007696e-03,4.758765e-03,2.475895e-03,4.163290e-02,3.951421e-03,2.309304e-01,9.551760e-03,7.222492e-04,2.095602e-02,3.412128e-02,6.298149e-01,6.339687e-04,6.833015e-03
1.489789e-02,1.250910e-03,2.211224e-03,3.827354e-03,2.218293e-03,3.772606e-02,3.209632e-03,1.653121e-01,1.147679e-02,5.463555e-04,1.597583e-02,3.265702e-02,7.029302e-01,5.371163e-04,5.223192e-03
3.876527e-02,3.264508e-03,3.308991e-03,5.204706e-03,5.772223e-03,6.055822e-02,6.484090e-03,1.182884e-01,4.171264e-02,5.116840e-04,1.346931e-02,4.091094e-02,6.565150e-01,7.780702e-04,4.455917e-03
3.991411e-02,2.752545e-03,2.745900e-03,4.058137e-03,4.705988e-03,1.064565e-01,5.721071e-03,8.392382e-02,3.312313e-02,4.896227e-04,1.163743e-02,9.301061e-02,6.066892e-01,9.361482e-04,3.835801e-03
3.631079e-02,2.051240e-03,2.121232e-03,2.977154e-03,4.811047e-03,8.342494e-02,4.495850e-03,5.926576e-02,2.420214e-02,4.406130e-04,1.005556e-02,1.791894e-01,5.870329e-01,8.015673e-04,2.819770e-03
3.655836e-02,1.696616e-03,1.750227e-03,2.333418e-03,3.992353e-03,7.207363e-02,4.652851e-03,4.214673e-02,1.816654e-02,5.222360e-04,8.176686e-03,2.402306e-01,5.645934e-01,9.844039e-04,2.121915e-03
2.732511e-02,1.331031e-03,1.317072e-03,1.766198e-03,3.337160e-03,6.271137e-02,3.573847e-03,3.021843e-02,1.352833e-02,4.312241e-04,6.361480e-03,3.530156e-01,4.927817e-01,7.632569e-04,1.538135e-03
2.175551e-02,1.209333e-03,1.064200e-03,1.382039e-03,3.321008e-03,5.630644e-02,2.989284e-03,2.251524e-02,1.109973e-02,5.024208e-04,5.020989e-03,4.313779e-01,4.395496e-01,6.401196e-04,1.266123e-03
1.625632e-02,1.064753e-03,9.976309e-04,1.051875e-03,5.097625e-03,4.250005e-02,2.721356e-03,1.646000e-02,1.121460e-02,5.962463e-04,3.980439e-03,4.593135e-01,4.371446e-01,5.186116e-04,1.082353e-03
1.221319e-02,1.664034e-03,1.962123e-03,9.909531e-04,4.793528e-03,4.258019e-02,2.385577e-03,1.206952e-02,1.088351e-02,1.145790e-03,3.368854e-03,4.869027e-01,4.173889e-01,5.280204e-04,1.123134e-03
1.748186e-02,7.029847e-03,6.821317e-03,5.922586e-03,5.516669e-03,8.238192e-02,2.455668e-03,8.990523e-03,2.158396e-02,1.967773e-03,4.244136e-03,4.558607e-01,3.760094e-01,9.277125e-04,2.805820e-03
2.265689e-02,7.099667e-03,1.164960e-02,5.427149e-03,1.217479e-02,7.300193e-02,4.526285e-03,2.936661e-02,3.349590e-02,2.826840e-03,6.433658e-03,3.931047e-01,3.923977e-01,2.369961e-03,3.468320e-03
2.393525e-02,7.258758e-03,1.107910e-02,4.607190e-03,1.255214e-02,5.565728e-02,6.620141e-03,2.606313e-02,4.945100e-02,3.407946e-03,8.232422e-03,4.165351e-01,3.676164e-01,2.842536e-03,4.141595e-03
2.569798e-02,8.005473e-03,1.205034e-02,4.707628e-03,1.714912e-02,4.462291e-02,1.615853e-02,4.050341e-02,8.029639e-02,4.966403e-03,8.190938e-03,3.893260e-01,3.389385e-01,2.906311e-03,6.480039e-03
3.213688e-02,1.050446e-02,3.203779e-02,4.908308e-03,2.135460e-02,3.793138e-02,1.989613e-02,7.670007e-02,1.138500e-01,5.078424e-03,8.281589e-03,3.171933e-01,3.095551e-01,2.707511e-03,7.864502e-03
5.765016e-02,2.251377e-02,5.221219e-02,7.835133e-03,2.617705e-02,4.937131e-02,2.318430e-02,7.058834e-02,1.579699e-01,6.339445e-03,7.391758e-03,2.457165e-01,2.613945e-01,3.252441e-03,8.403224e-03
5.823572e-02,2.917597e-02,7.756521e-02,7.209814e-03,3.193392e-02,4.968702e-02,3.315455e-02,8.017714e-02,1.879082e-01,6.906784e-03,9.028622e-03,1.932096e-01,2.211251e-01,3.770411e-03,1.091197e-02
5.364756e-02,2.943894e-02,7.716016e-02,6.468117e-03,4.109444e-02,4.295390e-02,3.053503e-02,7.824919e-02,2.103175e-01,6.377365e-03,7.546434e-03,1.387734e-01,2.558452e-01,3.511776e-03,1.808103e-02
4.501850e-02,2.537132e-02,7.133098e-02,5.253202e-03,5.485842e-02,4.040434e-02,3.516369e-02,6.327932e-02,2.482543e-01,4.776737e-03,5.715243e-03,9.910508e-02,2.691934e-01,2.793315e-03,2.948219e-02
4.008453e-02,2.548618e-02,6.535672e-02,4.810455e-03,6.719222e-02,3.726484e-02,3.286089e-02,5.031845e-02,2.775877e-01,3.582319e-03,4.419473e-03,6.987682e-02,2.661925e-01,2.149073e-03,5.281790e-02
4.229139e-02,7.061839e-02,7.534401e-02,1.424110e-02,6.773829e-02,2.999785e-02,2.766780e-02,4.200863e-02,3.268815e-01,4.669215e-03,3.739122e-03,5.074353e-02,1.942643e-01,1.596347e-03,4.819853e-02
4.604976e-02,7.515179e-02,7.330693e-02,1.774200e-02,6.975144e-02,2.298277e-02,2.548682e-02,5.191541e-02,3.957585e-01,4.518883e-03,3.555090e-03,3.670871e-02,1.387830e-01,1.205668e-03,3.708331e-02
5.670901e-02,7.502084e-02,6.150281e-02,2.891218e-02,6.231458e-02,1.756580e-02,1.964417e-02,1.093570e-01,4.027509e-01,4.773498e-03,4.259731e-03,2.735242e-02,1.003038e-01,9.623509e-04,2.857103e-02
5.257094e-02,5.418526e-02,4.580778e-02,2.224163e-02,7.483494e-02,1.253107e-02,1.484291e-02,3.064309e-01,2.985040e-01,3.360059e-03,3.250550e-03,1.927493e-02,7.141430e-02,6.851395e-04,2.006570e-02
4.199939e-02,3.834683e-02,3.276423e-02,1.674015e-02,6.499079e-02,8.864422e-03,1.079306e-02,4.878758e-01,2.147533e-01,2.355985e-03,2.380281e-03,1.350635e-02,5.008135e-02,4.828717e-04,1.406526e-02
3.376559e-02,2.695985e-02,2.319602e-02,1.195293e-02,4.699564e-02,6.766481e-03,7.641519e-03,6.340456e-01,1.504364e-01,1.670827e-03,1.758816e-03,9.497200e-03,3.510074e-02,3.458166e-04,9.866697e-03
2.930671e-02,1.903731e-02,1.654033e-02,8.688429e-03,3.444698e-02,5.769630e-03,5.477783e-03,7.339498e-01,1.053936e-01,1.185406e-03,1.363434e-03,6.897166e-03,2.472669e-02,2.557025e-04,6.961060e-03
