1.000000e+00,0.000000e+00,0.000000e+00,0.000000e+00,0.000000e+00,0.000000e+00,0.000000e+00,0.000000e+00,0.000000e+00,0.000000e+00,0.000000e+00,0.000000e+00,0.000000e+00,0.000000e+00,0.000000e+00
1.000000e+00,0.000000e+00,0.000000e+00,0.000000e+00,0.000000e+00,0.000000e+00,0.000000e+00,0.000000e+00,0.000000e+00,0.000000e+00,0.000000e+00,0.000000e+00,0.000000e+00,0.000000e+00,0.000000e+00
1.000000e+00,0.000000e+00,0.000000e+00,0.000000e+00,0.000000e+00,0.000000e+00,0.000000e+00,0.000000e+00,0.000000e+00,0.000000e+00,0.000000e+00,0.000000e+00,0.000000e+00,0.000000e+00,0.000000e+00
1.000000e+00,0.000000e+00,0.000000e+00,0.000000e+00,0.000000e+00,0.000000e+00,0.000000e+00,0.000000e+00,0.000000e+00,0.000000e+00,0.000000e+00,0.000000e+00,0.000000e+00,0.000000e+00,0.000000e+00
1.000000e+00,0.000000e+00,0.000000e+00,0.000000e+00,0.000000e+00,0.000000e+00,0.000000e+00,0.000000e+00,0.000000e+00,0.000000e+00,0.000000e+00,0.000000e+00,0.000000e+00,0.000000e+00,0.000000e+00
1.000000e+00,0.000000e+00,0.000000e+00,0.000000e+00,0.000000e+00,0.000000e+00,0.000000e+00,0.000000e+00,0.000000e+00,0.000000e+00,0.000000e+00,0.000000e+00,0.000000e+00,0.000000e+00,0.000000e+00
1.000000e+00,0.000000e+00,0.000000e+00,0.000000e+00,0.000000e+00,0.000000e+00,0.000000e+00,0.000000e+00,0.000000e+00,0.000000e+00,0.000000e+00,0.000000e+00,0.000000e+00,0.000000e+00,0.000000e+00
1.000000e+00,0.000000e+00,0.000000e+00,0.000000e+00,0.000000e+00,0.000000e+00,0.000000e+00,0.000000e+00,0.000000e+00,0.000000e+00,0.000000e+00,0.000000e+00,0.000000e+00,0.000000e+00,0.000000e+00
1.000000e+00,0.000000e+00,0.000000e+00,0.000000e+00,0.000000e+00,0.000000e+00,0.000000e+00,0.000000e+00,0.000000e+00,0.000000e+00,0.000000e+00,0.000000e+00,0.000000e+00,0.000000e+00,0.000000e+00
1.000000e+00,0.000000e+00,0.000000e+00,0.000000e+00,0.000000e+00,0.000000e+00,0.000000e+00,0.000000e+00,0.000000e+00,0.000000e+00,0.000000e+00,0.000000e+00,0.000000e+00,0.000000e+00,0.000000e+00
1.000000e+00,0.000000e+00,0.000000e+00,0.000000e+00,0.000000e+00,0.000000e+00,0.000000e+00,0.000000e+00,0.000000e+00,0.000000e+00,0.000000e+00,0.000000e+00,0.000000e+00,0.000000e+00,0.000000e+00
1.000000e+00,0.000000e+00,0.000000e+00,0.000000e+00,0.000000e+00,0.000000e+00,0.000000e+00,0.000000e+00,0.000000e+00,0.000000e+00,0.000000e+00,0.000000e+00,0.000000e+00,0.000000e+00,0.000000e+00
1.000000e+00,0.000000e+00,0.000000e+00,0.000000e+00,0.000000e+00,0.000000e+00,0.000000e+00,0.000000e+00,0.000000e+00,0.000000e+00,0.000000e+00,0.000000e+00,0.000000e+00,0.000000e+00,0.000000e+00
1.000000e+00,0.000000e+00,0.000000e+00,0.000000e+00,0.000000e+00,0.000000e+00,0.000000e+00,0.000000e+00,0.000000e+00,0.000000e+00,0.000000e+00,0.000000e+00,0.000000e+00,0.000000e+00,0.000000e+00
1.000000e+00,0.000000e+00,0.000000e+00,0.000000e+00,0.000000e+00,0.000000e+00,0.000000e+00,0.000000e+00,0.000000e+00,0.000000e+00,0.000000e+00,0.000000e+00,0.000000e+00,0.000000e+00,0.000000e+00
1.000000e+00,0.000000e+00,0.000000e+00,0.000000e+00,0.000000e+00,0.000000e+00,0.000000e+00,0.000000e+00,0.000000e+00,0.000000e+00,0.000000e+00,0.000000e+00,0.000000e+00,0.000000e+00,0.000000e+00
1.000000e+00,0.000000e+00,0.000000e+00,0.000000e+00,0.000000e+00,0.000000e+00,0.000000e+00,0.000000e+00,0.000000e+00,0.000000e+00,0.000000e+00,0.000000e+00,0.000000e+00,0.000000e+00,0.000000e+00
1.000000e+00,0.000000e+00,0.000000e+00,0.000000e+00,0.000000e+00,0.000000e+00,0.000000e+00,0.000000e+00,0.000000e+00,0.000000e+00,0.000000e+00,0.000000e+00,0.000000e+00,0.000000e+00,0.000000e+00
1.000000e+00,0.000000e+00,0.000000e+00,0.000000e+00,0.000000e+00,0.000000e+00,0.000000e+00,0.000000e+00,0.000000e+00,0.000000e+00,0.000000e+00,0.000000e+00,0.000000e+00,0.000000e+00,0.000000e+00
1.000000e+00,0.000000e+00,0.000000e+00,0.000000e+00,0.000000e+00,0.000000e+00,0.000000e+00,0.000000e+00,0.000000e+00,0.000000e+00,0.000000e+00,0.000000e+00,0.000000e+00,0.000000e+00,0.000000e+00
1.000000e+00,0.000000e+00,0.000000e+00,0.000000e+00,0.000000e+00,0.000000e+00,0.000000e+00,0.000000e+00,0.000000e+00,0.000000e+00,0.000000e+00,0.000000e+00,0.000000e+00,0.000000e+00,0.000000e+00
1.000000e+00,0.000000e+00,0.000000e+00,0.000000e+00,0.000000e+00,0.000000e+00,0.000000e+00,0.000000e+00,0.000000e+00,0.000000e+00,0.000000e+00,0.000000e+00,0.000000e+00,0.000000e+00,0.000000e+00
1.000000e+00,0.000000e+00,0.000000e+00,0.000000e+00,0.000000e+00,0.000000e+00,0.000000e+00,0.000000e+00,0.000000e+00,0.000000e+00,0.000000e+00,0.000000e+00,0.000000e+00,0.000000e+00,0.000000e+00
1.000000e+00,0.000000e+00,0.000000e+00,0.000000e+00,0.000000e+00,0.000000e+00,0.000000e+00,0.000000e+00,0.000000e+00,0.000000e+00,0.000000e+00,0.000000e+00,0.000000e+00,0.000000e+00,0.000000e+00
1.000000e+00,0.000000e+00,0.000000e+00,0.000000e+00,0.000000e+00,0.000000e+00,0.000000e+00,0.000000e+00,0.000000e+00,0.000000e+00,0.000000e+00,0.000000e+00,0.000000e+00,0.000000e+00,0.000000e+00
1.000000e+00,0.000000e+00,0.000000e+00,0.000000e+00,0.000000e+00,0.000000e+00,0.000000e+00,0.000000e+00,0.000000e+00,0.000000e+00,0.000000e+00,0.000000e+00,0.000000e+00,0.000000e+00,0.000000e+00
1.000000e+00,0.000000e+00,0.000000e+00,0.000000e+00,0.000000e+00,0.000000e+00,0.000000e+00,0.000000e+00,0.000000e+00,0.000000e+00,0.000000e+00,0.000000e+00,0.000000e+00,0.000000e+00,0.000000e+00
1.000000e+00,0.000000e+00,0.000000e+00,0.000000e+00,0.000000e+00,0.000000e+00,0.000000e+00,0.000000e+00,0.000000e+00,0.000000e+00,0.000000e+00,0.000000e+00,0.000000e+00,0.000000e+00,0.000000e+00
1.000000e+00,0.000000e+00,0.000000e+00,0.000000e+00,0.000000e+00,0.000000e+00,0.000000e+00,0.000000e+00,0.000000e+00,0.000000e+00,0.000000e+00,0.000000e+00,0.000000e+00,0.000000e+00,0.000000e+00
1.000000e+00,0.000000e+00,0.000000e+00,0.000000e+00,0.000000e+00,0.000000e+00,0.000000e+00,0.000000e+00,0.000000e+00,0.000000e+00,0.000000e+00,0.000000e+00,0.000000e+00,0.000000e+00,0.000000e+00
1.000000e+00,0.000000e+00,0.000000e+00,0.000000e+00,0.000000e+00,0.000000e+00,0.000000e+00,0.000000e+00,0.000000e+00,0.000000e+00,0.000000e+00,0.000000e+00,0.000000e+00,0.000000e+00,0.000000e+00
1.000000e+00,0.000000e+00,0.000000e+00,0.000000e+00,0.000000e+00,0.000000e+00,0.000000e+00,0.000000e+00,0.000000e+00,0.000000e+00,0.000000e+00,0.000000e+00,0.000000e+00,0.000000e+00,0.000000e+00
1.000000e+00,0.000000e+00,0.000000e+00,0.000000e+00,0.000000e+00,0.000000e+00,0.000000e+00,0.000000e+00,0.000000e+00,0.000000e+00,0.000000e+00,0.000000e+00,0.000000e+00,0.000000e+00,0.000000e+00
1.000000e+00,0.000000e+00,0.000000e+00,0.000000e+00,0.000000e+00,0.000000e+00,0.000000e+00,0.000000e+00,0.000000e+00,0.000000e+00,0.000000e+00,0.000000e+00,0.000000e+00,0.000000e+00,0.000000e+00
1.000000e+00,0.000000e+00,0.000000e+00,0.000000e+00,0.000000e+00,0.000000e+00,0.000000e+00,0.000000e+00,0.000000e+00,0.000000e+00,0.000000e+00,0.000000e+00,0.000000e+00,0.000000e+00,0.000000e+00
1.000000e+00,0.000000e+00,0.000000e+00,0.000000e+00,0.000000e+00,0.000000e+00,0.000000e+00,0.000000e+00,0.000000e+00,0.000000e+00,0.000000e+00,0.000000e+00,0.000000e+00,0.000000e+00,0.000000e+00
1.000000e+00,0.000000e+00,0.000000e+00,0.000000e+00,0.000000e+00,0.000000e+00,0.000000e+00,0.000000e+00,0.000000e+00,0.000000e+00,0.000000e+00,0.000000e+00,0.000000e+00,0.000000e+00,0.000000e+00
1.000000e+00,0.000000e+00,0.000000e+00,0.000000e+00,0.000000e+00,0.000000e+00,0.000000e+00,0.000000e+00,0.000000e+00,0.000000e+00,0.000000e+00,0.000000e+00,0.000000e+00,0.000000e+00,0.000000e+00
1.000000e+00,0.000000e+00,0.000000e+00,0.000000e+00,0.000000e+00,0.000000e+00,0.000000e+00,0.000000e+00,0.000000e+00,0.000000e+00,0.000000e+00,0.000000e+00,0.000000e+00,0.000000e+00,0.000000e+00
1.000000e+00,0.000000e+00,0.000000e+00,0.000000e+00,0.000000e+00,0.000000e+00,0.000000e+00,0.000000e+00,0.000000e+00,0.000000e+00,0.000000e+00,0.000000e+00,0.000000e+00,0.000000e+00,0.000000e+00
1.000000e+00,0.000000e+00,0.000000e+00,0.000000e+00,0.000000e+00,0.000000e+00,0.000000e+00,0.000000e+00,0.000000e+00,0.000000e+00,0.000000e+00,0.000000e+00,0.000000e+00,0.000000e+00,0.000000e+00
1.000000e+00,0.000000e+00,0.000000e+00,0.000000e+00,0.000000e+00,0.000000e+00,0.000000e+00,0.000000e+00,0.000000e+00,0.000000e+00,0.000000e+00,0.000000e+00,0.000000e+00,0.000000e+00,0.000000e+00
1.000000e+00,0.000000e+00,0.000000e+00,0.000000e+00,0.000000e+00,0.000000e+00,0.000000e+00,0.000000e+00,0.000000e+00,0.000000e+00,0.000000e+00,0.000000e+00,0.000000e+00,0.000000e+00,0.000000e+00
1.000000e+00,0.000000e+00,0.000000e+00,0.000000e+00,0.000000e+00,0.000000e+00,0.000000e+00,0.000000e+00,0.000000e+00,0.000000e+00,0.000000e+00,0.000000e+00,0.000000e+00,0.000000e+00,0.000000e+00
1.000000e+00,0.000000e+00,0.000000e+00,0.000000e+00,0.000000e+00,0.000000e+00,0.000000e+00,0.000000e+00,0.000000e+00,0.000000e+00,0.000000e+00,0.000000e+00,0.000000e+00,0.000000e+00,0.000000e+00
1.000000e+00,0.000000e+00,0.000000e+00,0.000000e+00,0.000000e+00,0.000000e+00,0.000000e+00,0.000000e+00,0.000000e+00,0.000000e+00,0.000000e+00,0.000000e+00,0.000000e+00,0.000000e+00,0.000000e+00
1.000000e+00,0.000000e+00,0.000000e+00,0.000000e+00,0.000000e+00,0.000000e+00,0.000000e+00,0.000000e+00,0.000000e+00,0.000000e+00,0.000000e+00,0.000000e+00,0.000000e+00,0.000000e+00,0.000000e+00
1.000000e+00,0.000000e+00,0.000000e+00,0.000000e+00,0.000000e+00,0.000000e+00,0.000000e+00,0.000000e+00,0.000000e+00,0.000000e+00,0.000000e+00,0.000000e+00,0.000000e+00,0.000000e+00,0.000000e+00
1.000000e+00,0.000000e+00,0.000000e+00,0.000000e+00,0.000000e+00,0.000000e+00,0.000000e+00,0.000000e+00,0.000000e+00,0.000000e+00,0.000000e+00,0.000000e+00,0.000000e+00,0.000000e+00,0.000000e+00
1.000000e+00,0.000000e+00,0.000000e+00,0.000000e+00,0.000000e+00,0.000000e+00,0.000000e+00,0.000000e+00,0.000000e+00,0.000000e+00,0.000000e+00,0.000000e+00,0.000000e+00,0.000000e+00,0.000000e+00
1.000000e+00,0.000000e+00,0.000000e+00,0.000000e+00,0.000000e+00,0.000000e+00,0.000000e+00,0.000000e+00,0.000000e+00,0.000000e+00,0.000000e+00,0.000000e+00,0.000000e+00,0.000000e+00,0.000000e+00
1.000000e+00,0.000000e+00,0.000000e+00,0.000000e+00,0.000000e+00,0.000000e+00,0.000000e+00,0.000000e+00,0.000000e+00,0.000000e+00,0.000000e+00,0.000000e+00,0.000000e+00,0.000000e+00,0.000000e+00
1.000000e+00,0.000000e+00,0.000000e+00,0.000000e+00,0.000000e+00,0.000000e+00,0.000000e+00,0.000000e+00,0.000000e+00,0.000000e+00,0.000000e+00,0.000000e+00,0.000000e+00,0.000000e+00,0.000000e+00
1.000000e+00,0.000000e+00,0.000000e+00,0.000000e+00,0.000000e+00,0.000000e+00,0.000000e+00,0.000000e+00,0.000000e+00,0.000000e+00,0.000000e+00,0.000000e+00,0.000000e+00,0.000000e+00,0.000000e+00
1.000000e+00,0.000000e+00,0.000000e+00,0.000000e+00,0.000000e+00,0.000000e+00,0.000000e+00,0.000000e+00,0.000000e+00,0.000000e+00,0.000000e+00,0.000000e+00,0.000000e+00,0.000000e+00,0.000000e+00
1.000000e+00,0.000000e+00,0.000000e+00,0.000000e+00,0.000000e+00,0.000000e+00,0.000000e+00,0.000000e+00,0.000000e+00,0.000000e+00,0.000000e+00,0.000000e+00,0.000000e+00,0.000000e+00,0.000000e+00
1.000000e+00,0.000000e+00,0.000000e+00,0.000000e+00,0.000000e+00,0.000000e+00,0.000000e+00,0.000000e+00,0.000000e+00,0.000000e+00,0.000000e+00,0.000000e+00,0.000000e+00,0.000000e+00,0.000000e+00
1.000000e+00,0.000000e+00,0.000000e+00,0.000000e+00,0.000000e+00,0.000000e+00,0.000000e+00,0.000000e+00,0.000000e+00,0.000000e+00,0.000000e+00,0.000000e+00,0.000000e+00,0.000000e+00,0.000000e+00
1.000000e+00,0.000000e+00,0.000000e+00,0.000000e+00,0.000000e+00,0.000000e+00,0.000000e+00,0.000000e+00,0.000000e+00,0.000000e+00,0.000000e+00,0.000000e+00,0.000000e+00,0.000000e+00,0.000000e+00
1.000000e+00,0.000000e+00,0.000000e+00,0.000000e+00,0.000000e+00,0.000000e+00,0.000000e+00,0.000000e+00,0.000000e+00,0.000000e+00,0.000000e+00,0.000000e+00,0.000000e+00,0.000000e+00,0.000000e+00
1.000000e+00,0.000000e+00,0.000000e+00,0.000000e+00,0.000000e+00,0.000000e+00,0.000000e+00,0.000000e+00,0.000000e+00,0.000000e+00,0.000000e+00,0.000000e+00,0.000000e+00,0.000000e+00,0.000000e+00
1.000000e+00,0.000000e+00,0.000000e+00,0.000000e+00,0.000000e+00,0.000000e+00,0.000000e+00,0.000000e+00,0.000000e+00,0.000000e+00,0.000000e+00,0.000000e+00,0.000000e+00,0.000000e+00,0.000000e+00
4.467861e-01,1.759329e-02,2.914944e-02,2.559125e-01,4.459651e-03,8.587610e-03,2.335117e-03,1.458679e-02,5.835971e-03,3.616160e-03,1.635263e-01,1.890390e-02,1.487577e-02,2.203111e-03,1.162832e-02
3.127853e-01,1.494256e-02,2.780402e-02,3.702035e-01,3.602038e-03,6.842014e-03,1.687382e-03,1.022591e-02,4.991680e-03,5.838480e-03,1.881543e-01,1.842907e-02,2.400076e-02,1.708588e-03,8.784371e-03
2.190316e-01,1.317100e-02,4.301637e-02,3.780867e-01,2.684181e-03,5.066917e-03,1.211867e-03,7.166849e-03,4.307058e-03,5.960518e-03,1.439212e-01,1.307270e-01,3.691994e-02,1.632636e-03,7.096071e-03
1.533287e-01,9.394552e-03,4.400004e-02,2.694507e-01,2.175459e-03,3.754937e-03,8.583004e-04,5.022840e-03,3.230587e-03,4.413627e-03,1.046674e-01,3.655280e-01,2.781531e-02,1.172049e-03,5.187509e-03
1.073377e-01,6.633189e-03,3.141721e-02,1.901150e-01,1.503703e-02,3.035980e-03,6.280633e-04,3.531038e-03,2.884099e-03,4.164105e-03,8.868858e-02,5.190719e-01,2.284094e-02,8.695304e-04,3.745526e-03
7.513924e-02,4.660071e-03,2.224518e-02,1.333983e-01,1.099862e-02,2.948029e-03,4.532681e-04,2.478936e-03,2.128675e-03,2.950309e-03,6.248424e-02,6.595326e-01,1.731635e-02,6.160975e-04,2.650058e-03
5.260454e-02,3.284063e-03,1.564083e-02,9.374392e-02,8.016343e-03,3.836765e-03,3.348431e-04,1.745086e-03,1.537661e-03,2.119185e-03,4.403214e-02,7.573971e-01,1.339351e-02,4.372091e-04,1.876805e-03
3.686392e-02,2.334388e-03,1.100250e-02,6.610711e-02,6.154641e-03,2.466129e-02,3.137795e-04,1.321336e-03,1.208851e-03,1.613698e-03,3.548527e-02,7.916510e-01,1.945483e-02,4.600732e-04,1.367266e-03
2.585189e-02,1.645376e-03,7.733620e-03,4.636740e-02,4.466585e-03,2.070960e-02,2.546614e-04,1.044839e-03,9.975835e-04,1.371568e-03,2.964877e-02,8.353341e-01,2.315287e-02,4.267073e-04,9.944460e-04
1.813597e-02,1.164968e-03,5.440101e-03,3.259671e-02,3.231348e-03,1.635680e-02,2.120071e-04,8.167985e-04,8.399432e-04,2.051689e-03,2.796437e-02,8.592952e-01,3.066311e-02,5.086244e-04,7.223719e-04
1.293952e-02,8.331641e-04,3.920265e-03,2.312730e-02,2.408670e-03,1.382972e-01,7.044316e-04,8.838733e-04,8.708619e-04,2.557249e-03,2.501326e-02,7.547215e-01,3.274923e-02,4.275652e-04,5.458964e-04
9.284040e-03,5.865321e-04,2.771777e-03,1.635246e-02,1.886489e-03,1.945033e-01,8.690516e-04,9.863279e-04,8.303548e-04,2.151132e-03,2.481611e-02,7.136488e-01,3.057613e-02,3.395208e-04,3.979907e-04
6.798001e-03,4.256976e-04,1.994816e-03,1.152349e-02,1.429176e-03,3.302327e-01,7.337396e-04,7.909521e-04,7.524618e-04,1.691108e-03,1.874038e-02,6.003354e-01,2.400129e-02,2.527883e-04,2.979979e-04
5.092290e-03,3.035227e-04,1.447700e-03,8.090457e-03,1.050502e-03,3.335409e-01,8.599569e-04,6.329875e-04,5.853090e-04,1.275257e-03,1.353416e-02,6.148413e-01,1.834699e-02,1.825301e-04,2.160880e-04
3.737233e-03,2.161435e-04,1.069586e-03,5.675577e-03,8.083728e-04,2.768254e-01,7.167885e-04,5.264752e-04,5.128865e-04,9.417023e-04,9.902044e-03,6.833281e-01,1.545318e-02,1.311159e-04,1.553329e-04
2.789966e-03,1.592422e-04,8.824299e-04,3.996029e-03,9.126089e-04,2.525968e-01,8.380400e-04,6.321236e-04,6.345708e-04,7.199342e-04,7.412420e-03,7.131591e-01,1.502946e-02,1.016648e-04,1.356016e-04
3.019058e-03,1.164492e-04,6.893624e-04,2.814024e-03,1.144047e-03,1.822227e-01,1.246600e-03,1.579023e-03,7.724481e-04,5.348223e-04,5.628507e-03,7.870950e-01,1.292287e-02,1.060199e-04,1.091070e-04
3.803251e-03,1.006436e-04,6.643095e-04,2.001542e-03,1.208912e-03,1.337101e-01,1.245020e-03,4.161570e-03,1.041418e-03,4.224401e-04,4.377037e-03,8.361471e-01,1.085835e-02,1.705645e-04,8.763392e-05
5.336399e-03,1.394052e-04,8.448651e-04,1.529430e-03,1.829529e-03,1.043030e-01,1.306265e-03,4.557500e-03,1.875892e-03,4.234133e-04,3.713635e-03,8.635823e-01,1.018435e-02,2.879845e-04,8.606202e-05
1.602801e-02,4.446259e-04,1.783198e-03,2.007800e-03,4.995356e-03,8.092175e-02,2.405521e-03,1.025548e-02,6.106370e-03,4.202625e-04,4.450142e-03,8.533147e-01,1.621622e-02,5.098536e-04,1.406567e-04
2.172510e-02,4.258863e-04,1.507877e-03,1.719455e-03,4.171744e-03,6.077571e-02,3.008609e-03,1.027391e-02,5.185671e-03,4.293181e-04,3.689964e-03,8.723923e-01,1.400383e-02,5.578574e-04,1.326845e-04
2.472565e-02,3.682463e-04,1.228223e-03,1.570338e-03,3.375400e-03,4.402208e-02,3.029634e-03,7.868097e-03,4.012288e-03,4.801470e-04,2.796751e-03,8.954333e-01,1.046580e-02,4.681156e-04,1.558666e-04
5.723368e-02,6.215890e-03,6.870733e-03,7.839086e-03,6.294494e-03,3.415590e-02,1.015044e-02,1.514488e-02,3.060517e-02,2.237911e-03,3.128687e-03,8.079866e-01,1.116498e-02,4.159895e-04,5.555277e-04
6.605533e-02,1.958603e-02,2.259027e-02,4.036769e-02,1.159772e-02,2.953707e-02,1.928307e-02,3.101520e-02,9.769804e-02,3.601410e-03,3.044092e-03,6.444362e-01,9.451642e-03,3.612883e-04,1.374961e-03
6.285407e-02,2.688890e-02,3.627846e-02,3.789643e-02,1.792762e-02,2.704740e-02,2.518673e-02,9.126324e-02,1.272404e-01,3.713228e-03,2.519837e-03,5.322453e-01,7.303802e-03,2.852470e-04,1.349406e-03
5.080702e-02,3.140802e-02,3.482847e-02,2.885076e-02,2.552794e-02,2.464185e-02,5.464283e-02,1.939453e-01,1.553930e-01,3.718104e-03,2.030014e-03,3.869545e-01,5.785543e-03,2.560064e-04,1.210717e-03
4.174323e-02,3.317061e-02,3.654917e-02,2.098505e-02,3.092336e-02,2.150528e-02,1.210607e-01,2.550571e-01,1.456566e-01,3.104365e-03,1.515082e-03,2.830554e-01,4.505753e-03,2.062987e-04,9.620482e-04
3.261506e-02,3.260157e-02,4.944333e-02,4.709512e-02,3.339183e-02,2.062140e-02,9.773672e-02,3.421574e-01,1.243493e-01,6.088844e-03,2.191961e-03,2.032194e-01,5.240206e-03,2.400832e-04,3.007757e-03
2.416547e-02,2.463641e-02,4.641688e-02,6.394248e-02,2.781751e-02,2.359183e-02,1.062223e-01,3.759417e-01,1.013498e-01,6.116207e-03,7.307040e-03,1.660024e-01,2.270029e-02,2.489599e-04,3.540726e-03
1.786169e-02,1.915989e-02,4.331240e-02,1.304104e-01,2.504640e-02,3.308152e-02,8.772140e-02,2.892493e-01,8.090699e-02,6.054040e-03,9.092664e-03,1.213038e-01,1.305386e-01,1.913663e-04,6.069582e-03
1.331388e-02,1.385526e-02,3.062413e-02,1.164354e-01,1.885928e-02,2.974308e-02,6.439076e-02,2.089337e-01,7.078761e-02,8.735945e-03,1.990521e-02,1.055379e-01,2.849978e-01,2.459714e-04,1.363417e-02
9.848553e-03,1.001603e-02,2.179337e-02,8.699630e-02,1.488161e-02,2.290433e-02,4.799819e-02,1.483946e-01,5.799619e-02,8.054040e-03,2.034744e-02,8.019838e-02,3.789294e-01,2.382318e-04,9.140334e-02
8.605126e-03,8.240085e-03,1.647616e-02,6.335558e-02,1.216047e-02,2.988994e-02,3.543202e-02,1.039698e-01,4.277620e-02,7.100742e-03,2.027246e-02,9.629795e-02,4.820636e-01,5.858206e-04,7.277408e-02
6.848279e-03,6.453286e-03,1.187786e-02,4.559935e-02,9.281074e-03,3.206697e-02,2.618635e-02,7.282531e-02,3.140803e-02,8.535724e-03,3.952475e-02,1.320089e-01,5.035577e-01,1.841459e-03,7.198498e-02
5.855952e-03,4.974117e-03,8.745923e-03,3.358576e-02,7.518123e-03,4.051796e-02,1.919322e-02,5.108893e-02,2.412878e-02,1.306635e-02,6.920163e-02,2.009563e-01,4.396749e-01,4.007886e-03,7.748421e-02
5.161695e-03,3.784770e-03,6.572366e-03,2.497055e-02,6.936684e-03,3.123484e-02,1.472010e-02,3.598567e-02,2.500206e-02,1.542871e-02,1.031881e-01,2.285444e-01,4.166218e-01,4.173654e-03,7.767456e-02
5.640903e-03,3.232470e-03,6.395272e-03,1.928379e-02,6.692708e-03,2.598018e-02,1.470695e-02,2.584403e-02,2.591782e-02,2.041850e-02,1.170859e-01,2.341408e-01,3.676971e-01,4.647838e-03,1.223158e-01
6.109477e-03,2.732960e-03,6.982510e-03,1.483000e-02,6.171563e-03,2.146953e-02,1.151191e-02,1.856049e-02,2.590283e-02,6.015665e-02,9.398504e-02,2.089201e-01,3.096028e-01,7.657946e-03,2.054062e-01
6.614255e-03,4.103135e-03,1.262821e-02,1.192310e-02,1.074608e-02,1.716302e-02,1.278581e-02,1.725893e-02,4.736003e-02,5.810069e-02,7.368320e-02,2.413857e-01,2.529816e-01,7.371733e-03,2.258945e-01
8.628512e-03,3.850033e-03,1.189318e-02,9.255966e-03,1.230875e-02,1.831505e-02,1.005903e-02,1.449093e-02,5.432049e-02,5.717033e-02,6.138754e-02,3.015452e-01,2.242389e-01,6.765189e-03,2.057709e-01
1.056075e-02,4.296657e-03,9.948225e-03,6.961159e-03,1.238920e-02,2.157304e-02,1.163943e-02,2.110821e-02,9.987959e-02,5.197516e-02,4.489822e-02,3.633208e-01,1.700289e-01,5.236590e-03,1.661841e-01
1.021577e-02,8.192713e-03,8.377577e-03,5.625659e-03,1.050534e-02,2.440751e-02,1.170856e-02,3.244301e-02,1.306197e-01,4.358331e-02,3.284152e-02,3.723144e-01,1.390819e-01,4.491415e-03,1.655916e-01
8.825608e-03,1.269170e-02,8.214135e-03,1.416904e-02,8.479558e-03,3.676362e-02,8.598335e-03,3.067301e-02,2.202600e-01,3.544805e-02,2.671825e-02,3.521060e-01,1.110207e-01,5.197842e-03,1.208342e-01
8.724221e-03,1.868870e-02,7.038231e-03,1.037387e-02,7.456826e-03,1.050772e-01,6.980360e-03,2.386621e-02,2.592803e-01,2.579340e-02,1.954881e-02,3.200678e-01,8.994066e-02,5.684199e-03,9.147923e-02
9.169724e-03,1.907546e-02,6.398123e-03,1.088441e-02,1.520951e-02,1.270724e-01,1.226973e-02,2.438562e-02,3.515819e-01,1.935150e-02,1.420955e-02,2.417343e-01,7.130999e-02,4.585114e-03,7.276267e-02
1.401141e-02,3.726199e-02,5.696361e-03,1.081658e-02,1.489753e-02,1.512089e-01,1.019225e-02,1.938090e-02,3.872069e-01,1.525046e-02,1.126719e-02,1.961910e-01,6.386245e-02,3.654897e-03,5.910119e-02
1.416822e-02,4.297592e-02,5.097846e-03,4.229480e-02,1.762110e-02,1.607301e-01,1.122936e-02,1.619201e-02,4.105893e-01,1.318639e-02,8.791464e-03,1.582556e-01,5.162099e-02,2.818402e-03,4.442839e-02
2.162529e-02,5.719516e-02,6.575345e-03,1.771689e-01,1.476345e-02,1.358975e-01,9.162568e-03,1.305025e-02,3.338415e-01,1.528660e-02,1.289837e-02,1.153207e-01,3.906840e-02,4.702345e-03,4.344364e-02
4.635767e-02,5.796889e-02,8.170398e-03,1.397720e-01,1.511239e-02,2.214582e-01,9.126003e-03,2.042347e-02,3.002886e-01,1.133703e-02,1.404059e-02,8.249006e-02,3.203612e-02,6.685816e-03,3.473276e-02
4.079418e-02,5.360080e-02,6.106611e-03,9.849621e-02,1.516481e-02,3.458157e-01,7.897484e-03,1.971346e-02,2.802224e-01,8.093279e-03,1.039755e-02,5.951340e-02,2.370225e-02,5.210222e-03,2.527163e-02
6.111688e-02,5.376474e-02,5.196714e-03,7.179333e-02,2.006863e-02,4.052868e-01,7.494621e-03,1.734016e-02,2.491200e-01,5.899889e-03,7.691048e-03,4.340041e-02,2.150157e-02,4.569834e-03,2.575542e-02
7.663703e-02,4.437403e-02,4.392385e-03,5.504885e-02,2.970563e-02,4.166342e-01,1.047040e-02,1.666200e-02,2.512148e-01,4.925070e-03,5.734215e-03,3.094236e-02,1.966462e-02,3.778645e-03,2.981577e-02
8.276763e-02,3.943766e-02,8.584376e-03,1.024019e-01,4.597878e-02,4.028319e-01,1.164104e-02,2.444075e-02,2.041069e-01,4.393087e-03,4.360907e-03,2.187966e-02,1.603820e-02,2.853426e-03,2.828365e-02
7.024046e-02,3.336722e-02,3.353982e-02,2.761976e-01,3.719464e-02,3.095136e-01,8.597592e-03,1.861656e-02,1.483044e-01,4.463171e-03,4.153103e-03,1.556637e-02,1.168756e-02,2.115541e-03,2.644226e-02
8.197642e-02,2.664528e-02,7.683770e-02,2.925332e-01,3.340499e-02,2.917041e-01,6.465180e-03,1.444512e-02,1.179289e-01,4.677705e-03,4.715872e-03,1.143535e-02,9.642367e-03,1.868835e-03,2.571896e-02
8.134247e-02,3.001980e-02,1.424999e-01,3.303507e-01,3.458066e-02,2.151426e-01,5.173475e-03,1.168848e-02,9.408575e-02,4.416105e-03,5.384531e-03,8.746565e-03,8.398191e-03,1.592694e-03,2.657810e-02
1.157016e-01,3.414804e-02,1.294809e-01,2.994665e-01,4.229876e-02,1.741544e-01,4.799192e-03,1.022154e-02,1.176412e-01,5.023130e-03,7.549585e-03,7.475830e-03,1.606546e-02,2.332011e-03,3.364196e-02
1.072705e-01,3.587113e-02,1.466925e-01,3.465557e-01,3.673754e-02,1.252400e-01,3.795851e-03,1.129228e-02,9.645679e-02,1.403555e-02,8.431358e-03,6.087136e-03,1.240769e-02,2.095119e-03,4.703075e-02
1.002958e-01,3.045603e-02,1.294088e-01,3.020314e-01,3.519922e-02,8.873887e-02,3.205237e-03,1.625753e-01,7.630640e-02,1.242406e-02,8.243738e-03,4.724923e-03,9.214493e-03,1.835386e-03,3.534032e-02
8.171545e-02,2.210726e-02,9.941570e-02,2.627123e-01,2.848578e-02,6.245724e-02,2.445372e-03,3.317418e-01,5.644535e-02,8.922675e-03,6.926161e-03,3.373606e-03,6.657481e-03,1.440067e-03,2.515373e-02
6.125533e-02,1.571769e-02,7.470753e-02,2.105554e-01,2.256353e-02,4.441665e-02,1.808161e-03,4.885583e-01,4.105169e-02,7.011818e-03,5.815675e-03,2.447978e-03,4.891673e-03,1.113278e-03,1.808529e-02
4.543189e-02,1.108321e-02,5.485243e-02,1.547898e-01,1.761380e-02,3.130417e-02,1.342676e-03,6.266071e-01,2.894449e-02,4.973213e-03,4.268029e-03,1.736695e-03,3.484173e-03,8.137859e-04,1.275447e-02
3.501682e-02,8.075946e-03,4.602505e-02,1.132862e-01,1.432383e-02,2.251235e-02,1.003575e-03,7.138382e-01,2.166297e-02,4.258079e-03,4.504902e-03,1.662571e-03,3.125699e-03,9.340901e-04,9.769666e-03
3.096357e-02,5.962723e-03,3.453485e-02,8.575156e-02,1.076242e-02,1.638372e-02,8.304332e-04,6.763743e-01,1.984531e-02,4.932195e-03,3.331375e-02,3.262994e-02,3.617073e-02,3.232693e-03,8.311743e-03
2.774416e-02,4.381693e-03,2.471760e-02,6.316417e-02,8.807239e-03,1.246435e-02,6.630637e-04,5.534574e-01,1.657801e-02,5.169117e-03,6.242810e-02,6.918757e-02,1.392887e-01,3.422505e-03,8.526322e-03
2.459707e-02,3.221424e-03,1.780909e-02,4.555409e-02,6.326324e-03,1.068827e-02,6.386111e-04,3.944847e-01,1.310373e-02,3.864667e-03,5.331783e-02,6.908834e-02,3.459447e-01,2.984009e-03,8.377172e-03
2.111000e-02,2.355106e-03,1.266888e-02,3.257356e-02,4.783756e-03,8.908198e-03,5.895141e-04,2.802054e-01,1.199433e-02,2.868036e-03,5.274492e-02,6.335099e-02,4.959259e-01,2.629786e-03,7.291600e-03
1.768134e-02,1.913271e-03,9.547004e-03,2.320889e-02,5.880590e-03,6.469346e-03,8.423714e-04,2.036748e-01,1.950579e-02,2.968509e-03,6.522091e-02,5.667441e-02,5.687459e-01,6.244112e-03,1.142278e-02
2.728289e-02,1.813610e-03,7.835146e-03,1.676304e-02,9.716274e-03,5.299980e-03,1.804741e-03,1.473870e-01,3.470866e-02,3.509609e-03,6.082737e-02,6.885369e-02,5.807965e-01,6.422000e-03,2.697954e-02
3.498631e-02,2.146995e-03,7.114068e-03,1.339432e-02,1.604485e-02,5.819819e-03,2.560216e-03,1.151237e-01,6.411171e-02,4.264818e-03,5.827460e-02,7.476830e-02,5.618260e-01,9.154299e-03,3.040996e-02
3.472362e-02,2.399372e-03,6.948077e-03,1.725472e-02,1.875693e-02,6.461105e-03,2.668338e-03,9.803698e-02,1.403562e-01,4.100125e-03,5.261897e-02,7.078217e-02,5.130649e-01,8.938050e-03,2.289035e-02
3.456823e-02,3.198573e-03,6.079186e-03,1.322527e-02,1.997983e-02,1.237433e-02,2.492232e-03,8.557627e-02,1.246485e-01,3.657907e-03,5.760292e-02,8.102257e-02,5.259314e-01,8.759267e-03,2.088346e-02
3.596350e-02,9.274958e-03,1.046886e-02,1.123576e-02,3.993790e-02,2.013726e-02,2.782254e-03,8.561126e-02,1.986340e-01,3.691414e-03,4.764122e-02,6.045111e-02,4.498924e-01,6.743549e-03,1.753459e-02
2.992612e-02,1.434178e-02,7.992090e-03,8.247119e-03,3.272524e-02,4.324326e-02,2.372273e-03,6.249284e-02,3.086625e-01,2.768948e-03,3.463543e-02,4.326034e-02,3.900757e-01,4.821933e-03,1.443436e-02
3.276607e-02,2.174240e-02,7.631603e-03,9.410726e-03,3.134846e-02,6.428150e-02,2.660590e-03,4.772631e-02,3.858749e-01,2.865151e-03,2.547279e-02,3.294235e-02,3.201723e-01,3.499995e-03,1.160481e-02
5.073655e-02,2.778107e-02,7.134226e-03,1.125939e-02,3.541705e-02,6.124110e-02,2.464917e-03,3.589856e-02,4.022580e-01,2.899524e-03,2.556964e-02,3.662412e-02,2.867948e-01,2.903955e-03,1.101707e-02
4.213902e-02,3.437269e-02,6.980300e-03,1.845137e-02,3.417538e-02,8.779033e-02,2.383084e-03,3.004748e-02,4.567850e-01,3.860251e-03,2.260286e-02,2.986411e-02,2.184154e-01,2.294715e-03,9.838071e-03
5.578467e-02,4.729261e-02,7.099115e-03,1.915387e-02,4.695973e-02,7.647038e-02,3.437198e-03,3.521241e-02,4.713292e-01,3.638962e-03,2.177851e-02,2.470120e-02,1.740935e-01,2.244778e-03,1.080391e-02
4.233075e-02,5.194350e-02,7.866743e-03,1.732000e-01,3.440681e-02,5.541139e-02,2.434375e-03,2.661371e-02,4.267268e-01,3.628565e-03,2.141633e-02,1.773043e-02,1.233461e-01,1.649339e-03,1.129509e-02
5.525109e-02,7.710133e-02,1.625443e-02,1.598834e-01,3.589626e-02,4.628842e-02,2.921272e-03,2.761881e-02,3.815055e-01,5.633969e-03,2.918495e-02,1.504805e-02,9.301607e-02,2.196065e-03,5.220047e-02
4.759088e-02,7.478543e-02,1.918542e-02,1.707568e-01,3.287472e-02,3.515013e-02,2.452579e-03,2.427265e-02,3.587079e-01,1.265549e-02,2.492210e-02,1.183290e-02,6.864559e-02,1.919153e-03,1.142483e-01
4.565529e-02,1.006944e-01,2.106090e-02,1.385581e-01,4.086452e-02,3.269199e-02,2.979202e-03,2.240796e-02,4.091006e-01,1.248041e-02,2.173840e-02,8.738952e-03,4.947183e-02,1.469009e-03,9.208836e-02
6.194735e-02,7.871775e-02,1.844008e-02,1.040408e-01,6.256169e-02,2.806028e-02,3.009423e-03,2.578622e-02,4.819700e-01,9.186129e-03,1.618064e-02,6.426129e-03,3.535453e-02,1.322612e-03,6.699631e-02
6.924418e-02,1.194500e-01,1.470731e-02,9.063773e-02,5.269284e-02,2.154986e-02,2.424381e-03,2.119142e-02,5.008361e-01,1.026199e-02,1.286757e-02,5.114657e-03,2.598077e-02,1.067914e-03,5.197333e-02
6.347692e-02,1.073038e-01,1.253680e-02,1.423976e-01,4.595318e-02,1.731115e-02,1.896626e-03,2.702710e-02,4.945211e-01,9.876756e-03,1.228363e-02,4.245973e-03,2.082451e-02,9.368614e-04,3.940805e-02
5.962421e-02,7.694768e-02,1.048626e-02,1.018680e-01,4.047167e-02,1.361531e-02,1.824425e-03,2.382039e-01,3.938922e-01,7.062479e-03,9.069550e-03,3.199210e-03,1.501287e-02,7.468841e-04,2.797535e-02
4.856256e-02,5.446084e-02,8.380446e-03,7.357686e-02,3.395265e-02,1.181221e-02,1.703733e-03,4.230739e-01,2.994303e-01,4.976025e-03,6.722917e-03,2.304982e-03,1.070771e-02,5.785486e-04,1.975636e-02
6.369480e-02,5.584731e-02,1.434552e-02,1.433066e-01,3.401596e-02,1.600671e-02,1.844567e-03,3.677434e-01,2.182971e-01,4.761583e-03,1.779085e-02,2.025081e-02,2.201067e-02,1.094286e-03,1.898990e-02
8.167706e-02,5.036702e-02,1.187572e-02,1.168983e-01,3.379323e-02,1.612474e-02,4.119576e-03,2.865536e-01,2.129134e-01,4.410986e-03,2.434504e-02,2.003370e-02,1.099643e-01,1.126875e-03,2.579644e-02
1.056256e-01,4.344460e-02,1.863272e-02,8.868622e-02,3.177770e-02,1.426733e-02,4.969462e-03,2.164184e-01,1.819966e-01,9.409579e-03,2.608571e-02,1.575610e-02,1.240778e-01,2.267749e-03,1.165846e-01
2.454724e-01,3.751884e-02,2.565048e-02,7.257197e-02,3.068113e-02,1.560377e-02,5.958657e-03,1.622050e-01,1.373695e-01,9.108860e-03,2.520353e-02,1.319742e-02,1.119963e-01,4.789946e-03,1.026722e-01
2.459118e-01,3.140213e-02,1.947822e-02,5.485979e-02,2.967889e-02,1.611220e-02,5.670745e-03,1.143311e-01,1.020502e-01,8.744396e-03,2.199556e-02,9.791416e-03,9.127548e-02,8.465516e-03,2.402325e-01
1.905435e-01,2.345259e-02,1.496779e-02,4.041387e-02,2.234655e-02,1.442287e-02,4.509846e-03,8.036800e-02,7.490236e-02,7.671569e-03,1.720112e-02,7.147714e-03,6.726596e-02,8.349111e-03,4.264371e-01
1.438582e-01,1.739117e-02,1.080084e-02,2.890445e-02,1.666564e-02,1.231258e-02,3.211619e-03,5.630834e-02,5.812357e-02,5.810600e-03,1.274854e-02,5.046344e-03,4.813285e-02,8.805371e-03,5.718800e-01
1.112479e-01,1.306672e-02,8.517821e-03,2.095580e-02,1.262928e-02,1.053989e-02,2.355251e-03,3.957834e-02,4.285166e-02,4.371274e-03,9.673276e-03,3.599586e-03,3.405208e-02,7.222188e-03,6.793391e-01
8.100238e-02,1.122835e-02,6.199019e-03,1.530839e-02,1.011618e-02,9.288426e-03,1.723816e-03,2.779030e-02,3.655458e-02,6.080892e-03,9.302806e-03,2.679231e-03,2.454478e-02,7.479622e-03,7.507013e-01
5.889010e-02,8.889733e-03,4.947272e-03,1.150183e-02,7.541012e-03,9.396432e-03,1.316188e-03,1.969555e-02,2.990745e-02,5.798884e-03,1.606658e-02,2.600544e-03,2.062445e-02,1.053139e-02,7.922926e-01
6.481041e-02,8.241593e-03,5.814819e-03,8.966559e-03,6.169789e-03,1.481033e-02,1.105329e-03,1.397267e-02,2.484590e-02,8.639291e-03,2.139051e-02,2.491479e-03,1.639565e-02,1.273393e-02,7.896118e-01
7.574999e-02,1.298976e-02,3.415010e-02,8.768454e-03,7.563316e-03,4.065563e-02,1.226699e-03,1.041762e-02,2.477035e-02,9.293088e-03,2.864467e-02,3.141088e-03,1.450077e-02,1.304193e-02,7.150865e-01
7.250930e-02,1.325005e-02,3.956624e-02,8.454305e-03,7.925377e-03,5.682682e-02,1.687160e-03,8.698069e-03,3.584922e-02,1.101375e-02,3.389733e-02,4.986216e-03,2.035247e-02,1.330711e-02,6.716766e-01
8.506779e-02,1.511938e-02,5.449645e-02,1.446879e-02,9.863305e-03,6.163045e-02,1.459823e-03,6.678789e-03,6.933091e-02,1.239613e-02,4.873962e-02,9.821266e-03,5.401295e-02,1.263803e-02,5.442764e-01
7.087418e-02,1.368109e-02,5.681955e-02,1.435299e-02,1.272056e-02,7.922050e-02,1.392128e-03,6.594672e-03,6.362383e-02,1.053902e-02,6.659190e-02,1.900796e-02,1.073562e-01,1.431205e-02,4.629134e-01
5.751815e-02,1.237717e-02,4.403170e-02,1.551284e-02,1.259356e-02,7.943416e-02,1.758521e-03,6.146856e-03,7.602606e-02,8.823371e-03,8.258945e-02,3.901578e-02,2.055858e-01,1.204945e-02,3.465371e-01
4.185887e-02,9.951644e-03,3.937086e-02,1.348773e-02,9.978752e-03,9.036484e-02,1.743759e-03,5.088540e-03,5.817034e-02,6.746701e-03,6.625143e-02,5.506248e-02,3.408312e-01,1.189729e-02,2.491956e-01
3.137593e-02,9.196997e-03,2.992905e-02,1.139378e-02,9.168541e-03,9.972937e-02,1.735741e-03,6.731081e-03,5.710885e-02,5.261709e-03,5.415161e-02,8.890940e-02,3.869035e-01,1.917048e-02,1.892340e-01
2.492472e-02,7.060209e-03,2.185936e-02,9.241031e-03,1.096913e-02,1.243910e-01,4.766898e-03,8.478890e-03,4.675032e-02,4.429308e-03,4.011989e-02,1.379019e-01,4.077862e-01,1.731162e-02,1.340096e-01
1.956001e-02,5.528976e-03,1.553211e-02,7.156501e-03,8.832362e-03,1.052569e-01,4.073011e-03,8.275762e-03,3.770057e-02,3.974090e-03,3.024362e-02,1.270736e-01,5.070589e-01,2.443320e-02,9.530037e-02
1.729703e-02,4.203435e-03,1.119886e-02,5.509109e-03,7.405575e-03,1.050354e-01,3.771825e-03,6.871021e-03,2.799395e-02,3.674776e-03,2.217114e-02,1.000562e-01,5.949643e-01,2.230784e-02,6.753959e-02
1.629930e-02,4.293970e-03,8.183202e-03,4.365578e-03,6.706494e-03,8.932343e-02,3.231907e-03,6.083996e-03,2.386578e-02,3.114051e-03,1.609786e-02,8.112508e-02,6.683224e-01,2.045115e-02,4.853577e-02
1.315872e-02,4.619118e-03,5.880793e-03,3.279130e-03,5.521969e-03,7.337619e-02,2.632010e-03,4.826256e-03,2.420382e-02,2.376925e-03,1.154458e-02,6.279496e-02,7.368241e-01,1.461898e-02,3.434240e-02
1.153325e-02,5.560644e-02,4.926434e-03,2.831561e-03,4.504828e-03,7.534189e-02,2.178001e-03,3.546793e-03,6.265534e-02,2.395618e-03,8.782451e-03,5.090526e-02,6.785993e-01,1.069335e-02,2.549949e-02
1.009065e-02,6.067947e-02,4.276632e-03,2.199936e-03,4.580378e-03,6.771702e-02,3.208767e-03,2.755936e-03,1.067142e-01,2.056861e-03,6.475620e-03,4.533256e-02,6.571389e-01,7.671316e-03,1.910176e-02
9.003721e-03,1.082614e-01,3.349041e-03,1.767393e-03,3.495537e-03,6.683389e-02,2.547940e-03,2.028569e-03,1.282810e-01,1.674194e-03,5.344418e-03,3.790604e-02,6.065537e-01,5.699317e-03,1.725382e-02
9.469913e-03,8.537360e-02,2.858787e-03,2.196516e-03,3.487915e-03,5.674657e-02,2.394653e-03,1.627106e-03,1.037772e-01,1.365864e-03,5.590508e-03,2.860688e-02,6.622407e-01,4.785819e-03,2.947803e-02
9.742831e-03,7.561747e-02,2.601312e-03,2.981670e-03,3.795510e-03,4.617981e-02,2.187427e-03,1.415583e-03,9.294258e-02,2.288237e-03,6.357006e-03,2.562179e-02,6.650742e-01,4.921261e-03,5.827333e-02
7.895515e-03,5.647118e-02,2.419525e-03,3.096011e-03,3.683901e-03,3.353211e-02,1.689417e-03,1.048899e-03,7.324729e-02,3.055944e-03,6.527017e-03,2.412309e-02,7.150005e-01,3.666672e-03,6.454290e-02
8.162604e-03,4.442023e-02,1.962755e-03,4.487435e-03,3.260610e-03,2.628293e-02,1.441119e-03,7.977472e-04,6.196217e-02,2.850488e-03,5.916824e-03,2.414010e-02,7.560228e-01,3.582143e-03,5.470998e-02
9.452606e-03,3.257572e-02,1.752569e-03,6.604055e-03,2.791522e-03,2.649153e-02,1.285835e-03,7.444680e-04,5.574064e-02,2.804927e-03,1.711141e-02,4.540038e-02,7.442268e-01,6.066713e-03,4.695079e-02
9.805415e-03,2.334929e-02,1.564239e-03,7.812594e-03,2.270622e-03,2.863027e-02,1.393496e-03,6.266079e-04,5.296043e-02,5.802490e-03,3.838158e-02,8.708875e-02,6.775593e-01,1.009623e-02,5.265868e-02
8.936642e-03,1.695679e-02,1.391874e-03,8.027649e-03,1.782430e-03,3.717612e-02,1.235798e-03,5.257046e-04,4.921831e-02,7.546260e-03,3.677113e-02,1.003631e-01,6.796580e-01,7.925257e-03,4.248483e-02
6.508912e-03,1.247186e-02,2.042240e-03,6.328591e-03,1.706093e-03,2.932500e-02,1.535436e-03,5.812508e-04,5.866372e-02,7.709557e-03,3.628207e-02,1.217569e-01,6.578089e-01,6.403832e-03,5.087556e-02
5.602350e-03,9.309416e-03,4.289253e-03,5.309758e-03,5.042131e-03,2.323238e-02,4.655783e-03,5.874385e-04,6.835814e-02,8.137901e-03,3.411786e-02,1.213796e-01,6.158817e-01,5.232260e-03,8.886401e-02
5.993851e-03,1.115450e-02,2.688214e-02,4.444675e-03,7.161038e-03,1.962164e-02,6.063300e-03,8.200441e-04,6.130758e-02,2.706071e-02,2.725439e-02,1.368118e-01,5.184204e-01,8.719155e-03,1.382847e-01
6.878060e-03,9.836199e-03,2.447474e-02,3.547574e-03,1.618369e-02,3.975743e-02,1.166809e-02,2.935021e-03,6.324329e-02,3.501740e-02,2.626715e-02,1.270770e-01,4.184591e-01,1.110491e-02,2.035504e-01
5.626823e-03,8.033852e-03,2.325429e-02,3.309101e-03,2.000048e-02,4.166123e-02,9.219450e-03,5.356181e-03,6.736617e-02,3.692573e-02,3.210599e-02,1.718851e-01,3.589246e-01,9.263684e-03,2.070673e-01
4.365647e-03,5.901677e-03,1.951616e-02,2.899815e-03,2.087723e-02,3.523153e-02,7.873135e-03,7.584320e-03,7.995154e-02,3.486657e-02,4.183622e-02,2.056087e-01,3.569042e-01,7.385422e-03,1.691978e-01
3.737255e-03,6.032233e-03,2.555929e-02,2.575064e-03,2.979992e-02,2.610312e-02,6.480252e-03,1.231078e-02,1.703752e-01,2.627808e-02,3.831856e-02,1.959884e-01,3.106174e-01,5.893930e-03,1.399306e-01
4.885230e-03,7.977908e-03,2.273621e-02,3.376955e-03,4.326130e-02,1.919319e-02,5.876320e-03,2.339471e-02,2.894316e-01,2.265747e-02,2.987954e-02,1.454588e-01,2.544571e-01,4.520935e-03,1.228927e-01
1.353948e-02,7.748636e-03,4.247959e-02,1.294094e-02,3.879401e-02,1.531534e-02,8.427782e-03,1.075187e-01,2.524864e-01,2.082007e-02,3.011648e-02,1.073328e-01,2.399835e-01,3.592958e-03,9.890331e-02
2.240938e-02,1.124016e-02,6.624860e-02,1.702767e-02,3.342372e-02,1.375059e-02,7.627557e-03,1.377674e-01,2.615788e-01,2.341932e-02,2.464054e-02,7.765593e-02,2.175651e-01,2.789286e-03,8.285595e-02
3.390088e-02,1.645446e-02,5.813665e-02,1.561707e-02,2.953590e-02,1.967935e-02,9.449769e-03,1.588574e-01,2.677357e-01,2.070638e-02,1.924478e-02,5.617068e-02,2.271172e-01,2.444782e-03,6.494892e-02
4.558576e-02,2.164959e-02,5.180783e-02,1.358613e-02,2.821129e-02,2.928898e-02,1.145157e-02,1.642065e-01,2.475557e-01,1.760378e-02,1.520229e-02,4.163263e-02,2.536206e-01,2.265929e-03,5.633133e-02
6.119611e-02,3.605104e-02,4.514137e-02,1.273134e-02,3.451782e-02,3.983475e-02,1.240887e-02,1.784101e-01,2.216152e-01,2.188421e-02,1.217844e-02,3.385786e-02,2.354919e-01,3.754512e-03,5.092645e-02
6.880761e-02,3.638561e-02,3.428796e-02,1.199906e-02,3.941266e-02,4.468834e-02,1.423038e-02,1.749616e-01,2.420056e-01,1.831750e-02,1.112873e-02,2.890279e-02,2.263758e-01,3.334546e-03,4.516177e-02
7.243501e-02,3.872431e-02,2.570471e-02,9.999449e-03,4.278971e-02,4.727769e-02,1.418799e-02,1.791060e-01,2.650233e-01,1.599889e-02,9.817049e-03,3.095193e-02,2.064493e-01,2.975079e-03,3.855952e-02
9.408466e-02,3.531846e-02,2.106124e-02,8.717547e-03,4.529468e-02,4.650251e-02,1.867539e-02,1.713572e-01,2.522674e-01,1.448573e-02,8.195269e-03,2.935965e-02,1.986731e-01,3.478760e-03,5.252830e-02
1.199784e-01,3.624246e-02,1.701389e-02,7.172426e-03,4.224528e-02,5.013540e-02,3.646170e-02,1.581542e-01,2.492610e-01,1.333560e-02,6.756414e-03,3.652810e-02,1.695358e-01,3.827993e-03,5.335131e-02
1.391397e-01,3.255381e-02,1.327094e-02,6.494107e-03,4.702421e-02,4.461305e-02,1.358819e-01,1.240406e-01,2.240175e-01,1.195047e-02,5.387697e-03,3.026550e-02,1.327512e-01,3.800435e-03,4.880885e-02
1.647052e-01,2.905180e-02,1.155320e-02,5.421430e-03,5.470713e-02,3.566804e-02,1.998563e-01,1.029279e-01,2.008048e-01,1.265083e-02,4.439263e-03,2.431198e-02,9.956028e-02,6.807207e-03,4.753458e-02
1.778160e-01,2.367270e-02,1.048945e-02,4.329786e-03,6.309250e-02,3.001048e-02,2.594916e-01,1.088778e-01,1.640809e-01,1.367337e-02,3.688331e-03,1.906552e-02,7.456174e-02,8.109225e-03,3.904061e-02
1.736310e-01,2.426604e-02,8.688351e-03,4.919296e-03,5.919903e-02,5.367667e-02,2.450310e-01,8.292035e-02,1.298684e-01,2.024804e-02,5.116027e-02,3.023705e-02,6.359954e-02,6.504611e-03,4.605025e-02
1.258151e-01,1.853522e-02,6.468799e-03,5.029973e-03,4.945955e-02,4.594669e-02,2.193584e-01,5.986721e-02,9.350121e-02,8.788000e-02,8.927996e-02,2.785155e-02,6.886711e-02,5.038618e-03,9.710055e-02
