1.000000e+00,0.000000e+00,0.000000e+00,0.000000e+00,0.000000e+00,0.000000e+00,0.000000e+00,0.000000e+00,0.000000e+00,0.000000e+00,0.000000e+00,0.000000e+00,0.000000e+00,0.000000e+00,0.000000e+00
1.000000e+00,0.000000e+00,0.000000e+00,0.000000e+00,0.000000e+00,0.000000e+00,0.000000e+00,0.000000e+00,0.000000e+00,0.000000e+00,0.000000e+00,0.000000e+00,0.000000e+00,0.000000e+00,0.000000e+00
1.000000e+00,0.000000e+00,0.000000e+00,0.000000e+00,0.000000e+00,0.000000e+00,0.000000e+00,0.000000e+00,0.000000e+00,0.000000e+00,0.000000e+00,0.000000e+00,0.000000e+00,0.000000e+00,0.000000e+00
1.000000e+00,0.000000e+00,0.000000e+00,0.000000e+00,0.000000e+00,0.000000e+00,0.000000e+00,0.000000e+00,0.000000e+00,0.000000e+00,0.000000e+00,0.000000e+00,0.000000e+00,0.000000e+00,0.000000e+00
1.000000e+00,0.000000e+00,0.000000e+00,0.000000e+00,0.000000e+00,0.000000e+00,0.000000e+00,0.000000e+00,0.000000e+00,0.000000e+00,0.000000e+00,0.000000e+00,0.000000e+00,0.000000e+00,0.000000e+00
1.000000e+00,0.000000e+00,0.000000e+00,0.000000e+00,0.000000e+00,0.000000e+00,0.000000e+00,0.000000e+00,0.000000e+00,0.000000e+00,0.000000e+00,0.000000e+00,0.000000e+00,0.000000e+00,0.000000e+00
1.000000e+00,0.000000e+00,0.000000e+00,0.000000e+00,0.000000e+00,0.000000e+00,0.000000e+00,0.000000e+00,0.000000e+00,0.000000e+00,0.000000e+00,0.000000e+00,0.000000e+00,0.000000e+00,0.000000e+00
1.000000e+00,0.000000e+00,0.000000e+00,0.000000e+00,0.000000e+00,0.000000e+00,0.000000e+00,0.000000e+00,0.000000e+00,0.000000e+00,0.000000e+00,0.000000e+00,0.000000e+00,0.000000e+00,0.000000e+00
1.000000e+00,0.000000e+00,0.000000e+00,0.000000e+00,0.000000e+00,0.000000e+00,0.000000e+00,0.000000e+00,0.000000e+00,0.000000e+00,0.000000e+00,0.000000e+00,0.000000e+00,0.000000e+00,0.000000e+00
1.000000e+00,0.000000e+00,0.000000e+00,0.000000e+00,0.000000e+00,0.000000e+00,0.000000e+00,0.000000e+00,0.000000e+00,0.000000e+00,0.000000e+00,0.000000e+00,0.000000e+00,0.000000e+00,0.000000e+00
1.000000e+00,0.000000e+00,0.000000e+00,0.000000e+00,0.000000e+00,0.000000e+00,0.000000e+00,0.000000e+00,0.000000e+00,0.000000e+00,0.000000e+00,0.000000e+00,0.000000e+00,0.000000e+00,0.000000e+00
1.000000e+00,0.000000e+00,0.000000e+00,0.000000e+00,0.000000e+00,0.000000e+00,0.000000e+00,0.000000e+00,0.000000e+00,0.000000e+00,0.000000e+00,0.000000e+00,0.000000e+00,0.000000e+00,0.000000e+00
1.000000e+00,0.000000e+00,0.000000e+00,0.000000e+00,0.000000e+00,0.000000e+00,0.000000e+00,0.000000e+00,0.000000e+00,0.000000e+00,0.000000e+00,0.000000e+00,0.000000e+00,0.000000e+00,0.000000e+00
1.000000e+00,0.000000e+00,0.000000e+00,0.000000e+00,0.000000e+00,0.000000e+00,0.000000e+00,0.000000e+00,0.000000e+00,0.000000e+00,0.000000e+00,0.000000e+00,0.000000e+00,0.000000e+00,0.000000e+00
1.000000e+00,0.000000e+00,0.000000e+00,0.000000e+00,0.000000e+00,0.000000e+00,0.000000e+00,0.000000e+00,0.000000e+00,0.000000e+00,0.000000e+00,0.000000e+00,0.000000e+00,0.000000e+00,0.000000e+00
1.000000e+00,0.000000e+00,0.000000e+00,0.000000e+00,0.000000e+00,0.000000e+00,0.000000e+00,0.000000e+00,0.000000e+00,0.000000e+00,0.000000e+00,0.000000e+00,0.000000e+00,0.000000e+00,0.000000e+00
1.000000e+00,0.000000e+00,0.000000e+00,0.000000e+00,0.000000e+00,0.000000e+00,0.000000e+00,0.000000e+00,0.000000e+00,0.000000e+00,0.000000e+00,0.000000e+00,0.000000e+00,0.000000e+00,0.000000e+00
1.000000e+00,0.000000e+00,0.000000e+00,0.000000e+00,0.000000e+00,0.000000e+00,0.000000e+00,0.000000e+00,0.000000e+00,0.000000e+00,0.000000e+00,0.000000e+00,0.000000e+00,0.000000e+00,0.000000e+00
1.000000e+00,0.000000e+00,0.000000e+00,0.000000e+00,0.000000e+00,0.000000e+00,0.000000e+00,0.000000e+00,0.000000e+00,0.000000e+00,0.000000e+00,0.000000e+00,0.000000e+00,0.000000e+00,0.000000e+00
1.000000e+00,0.000000e+00,0.000000e+00,0.000000e+00,0.000000e+00,0.000000e+00,0.000000e+00,0.000000e+00,0.000000e+00,0.000000e+00,0.000000e+00,0.000000e+00,0.000000e+00,0.000000e+00,0.000000e+00
1.000000e+00,0.000000e+00,0.000000e+00,0.000000e+00,0.000000e+00,0.000000e+00,0.000000e+00,0.000000e+00,0.000000e+00,0.000000e+00,0.000000e+00,0.000000e+00,0.000000e+00,0.000000e+00,0.000000e+00
1.000000e+00,0.000000e+00,0.000000e+00,0.000000e+00,0.000000e+00,0.000000e+00,0.000000e+00,0.000000e+00,0.000000e+00,0.000000e+00,0.000000e+00,0.000000e+00,0.000000e+00,0.000000e+00,0.000000e+00
1.000000e+00,0.000000e+00,0.000000e+00,0.000000e+00,0.000000e+00,0.000000e+00,0.000000e+00,0.000000e+00,0.000000e+00,0.000000e+00,0.000000e+00,0.000000e+00,0.000000e+00,0.000000e+00,0.000000e+00
1.000000e+00,0.000000e+00,0.000000e+00,0.000000e+00,0.000000e+00,0.000000e+00,0.000000e+00,0.000000e+00,0.000000e+00,0.000000e+00,0.000000e+00,0.000000e+00,0.000000e+00,0.000000e+00,0.000000e+00
1.000000e+00,0.000000e+00,0.000000e+00,0.000000e+00,0.000000e+00,0.000000e+00,0.000000e+00,0.000000e+00,0.000000e+00,0.000000e+00,0.000000e+00,0.000000e+00,0.000000e+00,0.000000e+00,0.000000e+00
1.000000e+00,0.000000e+00,0.000000e+00,0.000000e+00,0.000000e+00,0.000000e+00,0.000000e+00,0.000000e+00,0.000000e+00,0.000000e+00,0.000000e+00,0.000000e+00,0.000000e+00,0.000000e+00,0.000000e+00
1.000000e+00,0.000000e+00,0.000000e+00,0.000000e+00,0.000000e+00,0.000000e+00,0.000000e+00,0.000000e+00,0.000000e+00,0.000000e+00,0.000000e+00,0.000000e+00,0.000000e+00,0.000000e+00,0.000000e+00
1.000000e+00,0.000000e+00,0.000000e+00,0.000000e+00,0.000000e+00,0.000000e+00,0.000000e+00,0.000000e+00,0.000000e+00,0.000000e+00,0.000000e+00,0.000000e+00,0.000000e+00,0.000000e+00,0.000000e+00
1.000000e+00,0.000000e+00,0.000000e+00,0.000000e+00,0.000000e+00,0.000000e+00,0.000000e+00,0.000000e+00,0.000000e+00,0.000000e+00,0.000000e+00,0.000000e+00,0.000000e+00,0.000000e+00,0.000000e+00
1.000000e+00,0.000000e+00,0.000000e+00,0.000000e+00,0.000000e+00,0.000000e+00,0.000000e+00,0.000000e+00,0.000000e+00,0.000000e+00,0.000000e+00,0.000000e+00,0.000000e+00,0.000000e+00,0.000000e+00
1.000000e+00,0.000000e+00,0.000000e+00,0.000000e+00,0.000000e+00,0.000000e+00,0.000000e+00,0.000000e+00,0.000000e+00,0.000000e+00,0.000000e+00,0.000000e+00,0.000000e+00,0.000000e+00,0.000000e+00
1.000000e+00,0.000000e+00,0.000000e+00,0.000000e+00,0.000000e+00,0.000000e+00,0.000000e+00,0.000000e+00,0.000000e+00,0.000000e+00,0.000000e+00,0.000000e+00,0.000000e+00,0.000000e+00,0.000000e+00
1.000000e+00,0.000000e+00,0.000000e+00,0.000000e+00,0.000000e+00,0.000000e+00,0.000000e+00,0.000000e+00,0.000000e+00,0.000000e+00,0.000000e+00,0.000000e+00,0.000000e+00,0.000000e+00,0.000000e+00
1.000000e+00,0.000000e+00,0.000000e+00,0.000000e+00,0.000000e+00,0.000000e+00,0.000000e+00,0.000000e+00,0.000000e+00,0.000000e+00,0.000000e+00,0.000000e+00,0.000000e+00,0.000000e+00,0.000000e+00
1.000000e+00,0.000000e+00,0.000000e+00,0.000000e+00,0.000000e+00,0.000000e+00,0.000000e+00,0.000000e+00,0.000000e+00,0.000000e+00,0.000000e+00,0.000000e+00,0.000000e+00,0.000000e+00,0.000000e+00
1.000000e+00,0.000000e+00,0.000000e+00,0.000000e+00,0.000000e+00,0.000000e+00,0.000000e+00,0.000000e+00,0.000000e+00,0.000000e+00,0.000000e+00,0.000000e+00,0.000000e+00,0.000000e+00,0.000000e+00
1.000000e+00,0.000000e+00,0.000000e+00,0.000000e+00,0.000000e+00,0.000000e+00,0.000000e+00,0.000000e+00,0.000000e+00,0.000000e+00,0.000000e+00,0.000000e+00,0.000000e+00,0.000000e+00,0.000000e+00
1.000000e+00,0.000000e+00,0.000000e+00,0.000000e+00,0.000000e+00,0.000000e+00,0.000000e+00,0.000000e+00,0.000000e+00,0.000000e+00,0.000000e+00,0.000000e+00,0.000000e+00,0.000000e+00,0.000000e+00
1.000000e+00,0.000000e+00,0.000000e+00,0.000000e+00,0.000000e+00,0.000000e+00,0.000000e+00,0.000000e+00,0.000000e+00,0.000000e+00,0.000000e+00,0.000000e+00,0.000000e+00,0.000000e+00,0.000000e+00
1.000000e+00,0.000000e+00,0.000000e+00,0.000000e+00,0.000000e+00,0.000000e+00,0.000000e+00,0.000000e+00,0.000000e+00,0.000000e+00,0.000000e+00,0.000000e+00,0.000000e+00,0.000000e+00,0.000000e+00
1.000000e+00,0.000000e+00,0.000000e+00,0.000000e+00,0.000000e+00,0.000000e+00,0.000000e+00,0.000000e+00,0.000000e+00,0.000000e+00,0.000000e+00,0.000000e+00,0.000000e+00,0.000000e+00,0.000000e+00
1.000000e+00,0.000000e+00,0.000000e+00,0.000000e+00,0.000000e+00,0.000000e+00,0.000000e+00,0.000000e+00,0.000000e+00,0.000000e+00,0.000000e+00,0.000000e+00,0.000000e+00,0.000000e+00,0.000000e+00
4.825414e-01,1.038687e-01,2.002822e-02,1.345466e-01,1.476990e-02,2.536672e-02,7.284599e-03,1.845413e-02,2.318399e-02,7.296488e-03,2.190530e-02,2.441015e-02,1.404296e-02,1.207364e-02,9.022719e-02
4.604699e-01,1.152819e-01,1.992800e-02,1.371470e-01,1.517662e-02,2.415462e-02,6.841871e-03,1.809855e-02,2.560123e-02,8.097008e-03,2.110400e-02,2.215722e-02,1.387184e-02,1.284776e-02,9.922243e-02
4.380960e-01,1.271279e-01,2.047622e-02,1.373704e-01,1.587048e-02,2.406986e-02,6.559843e-03,1.717922e-02,2.525010e-02,8.241080e-03,2.270399e-02,2.228608e-02,1.420647e-02,1.496753e-02,1.055948e-01
3.488719e-01,1.196050e-01,4.743676e-02,2.058823e-01,1.462946e-02,2.109898e-02,5.617081e-03,2.489824e-02,2.786959e-02,7.373739e-03,2.322400e-02,2.332121e-02,1.423467e-02,1.339869e-02,1.025383e-01
3.345656e-01,1.144729e-01,4.880417e-02,2.025847e-01,1.610031e-02,2.111978e-02,5.965859e-03,2.187512e-02,3.177042e-02,8.027747e-03,2.574613e-02,2.643805e-02,1.741826e-02,1.486711e-02,1.102438e-01
4.273056e-01,9.327452e-02,3.816083e-02,1.620448e-01,1.478698e-02,2.087717e-02,5.354970e-03,1.799625e-02,2.589617e-02,7.087327e-03,2.411083e-02,2.789570e-02,1.945798e-02,1.575372e-02,9.999706e-02
4.485651e-01,7.747855e-02,3.213513e-02,1.313986e-01,1.530387e-02,3.253372e-02,6.982869e-03,1.621517e-02,2.201751e-02,5.962306e-03,2.391063e-02,5.275635e-02,3.343092e-02,1.423992e-02,8.706930e-02
1.000000e+00,0.000000e+00,0.000000e+00,0.000000e+00,0.000000e+00,0.000000e+00,0.000000e+00,0.000000e+00,0.000000e+00,0.000000e+00,0.000000e+00,0.000000e+00,0.000000e+00,0.000000e+00,0.000000e+00
1.000000e+00,0.000000e+00,0.000000e+00,0.000000e+00,0.000000e+00,0.000000e+00,0.000000e+00,0.000000e+00,0.000000e+00,0.000000e+00,0.000000e+00,0.000000e+00,0.000000e+00,0.000000e+00,0.000000e+00
1.000000e+00,0.000000e+00,0.000000e+00,0.000000e+00,0.000000e+00,0.000000e+00,0.000000e+00,0.000000e+00,0.000000e+00,0.000000e+00,0.000000e+00,0.000000e+00,0.000000e+00,0.000000e+00,0.000000e+00
1.000000e+00,0.000000e+00,0.000000e+00,0.000000e+00,0.000000e+00,0.000000e+00,0.000000e+00,0.000000e+00,0.000000e+00,0.000000e+00,0.000000e+00,0.000000e+00,0.000000e+00,0.000000e+00,0.000000e+00
1.000000e+00,0.000000e+00,0.000000e+00,0.000000e+00,0.000000e+00,0.000000e+00,0.000000e+00,0.000000e+00,0.000000e+00,0.000000e+00,0.000000e+00,0.000000e+00,0.000000e+00,0.000000e+00,0.000000e+00
1.000000e+00,0.000000e+00,0.000000e+00,0.000000e+00,0.000000e+00,0.000000e+00,0.000000e+00,0.000000e+00,0.000000e+00,0.000000e+00,0.000000e+00,0.000000e+00,0.000000e+00,0.000000e+00,0.000000e+00
1.000000e+00,0.000000e+00,0.000000e+00,0.000000e+00,0.000000e+00,0.000000e+00,0.000000e+00,0.000000e+00,0.000000e+00,0.000000e+00,0.000000e+00,0.000000e+00,0.000000e+00,0.000000e+00,0.000000e+00
1.000000e+00,0.000000e+00,0.000000e+00,0.000000e+00,0.000000e+00,0.000000e+00,0.000000e+00,0.000000e+00,0.000000e+00,0.000000e+00,0.000000e+00,0.000000e+00,0.000000e+00,0.000000e+00,0.000000e+00
1.000000e+00,0.000000e+00,0.000000e+00,0.000000e+00,0.000000e+00,0.000000e+00,0.000000e+00,0.000000e+00,0.000000e+00,0.000000e+00,0.000000e+00,0.000000e+00,0.000000e+00,0.000000e+00,0.000000e+00
1.000000e+00,0.000000e+00,0.000000e+00,0.000000e+00,0.000000e+00,0.000000e+00,0.000000e+00,0.000000e+00,0.000000e+00,0.000000e+00,0.000000e+00,0.000000e+00,0.000000e+00,0.000000e+00,0.000000e+00
4.215356e-01,9.079423e-03,1.310368e-02,2.718432e-02,3.545952e-03,1.142396e-02,3.670740e-03,4.673603e-01,2.735600e-03,1.139779e-03,5.206536e-03,1.132962e-02,1.033757e-02,2.171063e-03,1.017593e-02
2.953326e-01,6.372698e-03,9.302277e-03,1.910202e-02,2.543769e-03,8.074293e-03,2.708600e-03,6.263146e-01,1.917346e-03,7.994649e-04,3.661964e-03,7.941108e-03,7.259734e-03,1.538199e-03,7.131391e-03
2.069591e-01,4.472754e-03,6.582696e-03,1.341723e-02,1.854544e-03,5.716211e-03,2.024872e-03,7.377349e-01,1.343977e-03,5.608342e-04,2.576679e-03,5.564196e-03,5.101413e-03,1.093861e-03,4.996698e-03
1.449169e-01,3.145212e-03,4.656898e-03,9.438548e-03,1.386522e-03,4.051549e-03,1.502367e-03,8.159518e-01,9.433766e-04,3.931875e-04,1.833606e-03,3.898466e-03,3.588424e-03,7.892057e-04,3.503914e-03
1.014731e-01,2.216624e-03,3.351435e-03,6.650877e-03,1.059053e-03,2.937687e-03,1.138396e-03,8.705496e-01,6.641584e-04,2.761725e-04,1.347723e-03,2.733776e-03,2.550798e-03,5.856688e-04,2.464919e-03
7.116871e-02,1.560715e-03,2.392420e-03,4.698665e-03,1.177906e-03,2.160391e-03,1.265179e-03,9.077654e-01,4.734045e-04,1.965994e-04,1.009609e-03,1.936542e-03,2.032098e-03,4.235630e-04,1.738810e-03
5.056212e-02,1.119587e-03,1.782663e-03,3.384384e-03,1.650676e-03,2.443253e-03,4.463523e-03,9.268627e-01,3.542439e-04,1.642987e-04,9.393184e-04,1.537419e-03,3.070331e-03,3.261338e-04,1.339334e-03
3.647802e-02,8.096214e-04,1.381507e-03,2.438509e-03,2.264778e-03,3.263524e-03,6.789916e-03,9.383898e-01,2.998126e-04,1.818325e-04,7.961295e-04,1.229075e-03,4.261681e-03,2.569216e-04,1.158915e-03
2.782348e-02,6.007642e-04,1.156083e-03,1.781841e-03,4.662223e-03,6.271277e-03,1.134201e-02,9.364715e-01,2.765874e-04,1.872765e-04,7.179573e-04,9.236515e-04,6.549831e-03,1.909066e-04,1.044677e-03
2.269536e-02,4.657154e-04,1.056237e-03,1.340185e-03,7.151565e-03,1.588239e-02,1.396730e-02,9.260264e-01,2.669578e-04,1.706086e-04,6.774042e-04,7.224060e-04,8.357800e-03,1.457029e-04,1.074039e-03
2.221687e-02,5.724267e-04,2.069888e-03,1.248065e-03,6.704425e-03,1.360619e-01,1.250138e-02,7.555404e-01,1.506982e-03,5.486935e-04,1.198291e-03,8.776491e-04,5.441237e-02,3.068018e-04,4.233768e-03
1.637723e-02,5.311788e-04,1.728053e-03,1.776537e-03,5.582965e-03,1.930487e-01,9.875349e-03,5.462851e-01,1.808243e-03,7.890054e-04,1.628831e-03,1.039257e-03,2.097296e-01,2.619376e-04,9.537923e-03
1.209678e-02,4.646418e-04,1.492142e-03,3.598507e-03,6.444643e-03,1.599399e-01,9.133305e-03,3.986940e-01,3.702187e-03,1.361345e-03,3.084349e-03,2.711243e-03,3.803744e-01,2.818778e-04,1.662061e-02
9.559778e-03,4.338968e-04,2.255436e-03,3.072485e-03,9.583086e-03,1.269451e-01,9.469956e-03,2.885844e-01,3.670675e-03,3.246506e-03,5.168166e-03,4.364016e-03,5.026183e-01,3.037955e-04,3.072445e-02
8.034258e-03,3.943827e-04,2.653932e-03,2.442057e-03,9.495053e-03,9.674633e-02,8.931050e-03,2.055062e-01,3.309043e-03,4.363154e-03,4.759528e-03,6.096033e-03,6.189824e-01,2.602777e-04,2.802629e-02
6.354506e-03,5.075789e-04,2.627234e-03,2.214083e-03,7.981023e-03,7.176296e-02,8.096263e-03,1.441506e-01,4.184023e-03,4.995509e-03,4.802781e-03,2.243917e-02,6.980665e-01,6.472003e-04,2.117050e-02
4.787466e-03,4.651159e-04,1.955281e-03,1.717455e-03,6.654620e-03,5.177080e-02,6.786037e-03,1.009547e-01,3.648707e-03,3.865856e-03,4.845403e-03,2.807057e-02,7.676485e-01,8.206348e-04,1.600885e-02
5.134457e-03,6.174871e-04,1.488043e-03,1.732319e-03,6.508557e-03,4.438607e-02,5.202190e-03,7.072302e-02,3.745718e-03,3.614593e-03,1.086910e-02,5.326501e-02,7.736617e-01,1.118859e-03,1.793294e-02
5.579907e-03,4.361640e-03,7.722344e-03,1.428757e-03,2.858019e-02,3.179422e-02,5.919825e-03,4.972383e-02,4.376367e-03,1.133505e-02,1.466462e-02,6.766836e-02,7.186505e-01,2.051987e-03,4.614239e-02
5.040383e-03,3.530917e-03,6.187750e-03,1.226472e-03,2.339728e-02,2.279774e-02,6.506622e-03,3.492809e-02,3.880864e-03,1.694250e-02,1.302417e-02,6.446947e-02,7.513816e-01,2.135992e-03,4.455019e-02
4.658519e-03,2.726688e-03,7.066551e-03,9.712054e-04,3.818565e-02,1.669200e-02,2.627061e-02,2.531780e-02,6.270806e-03,3.655571e-02,1.875939e-02,6.395897e-02,6.490282e-01,1.823228e-03,1.017147e-01
3.547397e-03,2.026307e-03,7.604626e-03,1.001758e-03,3.890659e-02,1.241610e-02,7.686947e-02,2.947737e-02,7.450595e-03,1.174810e-01,1.660662e-02,5.213761e-02,4.958049e-01,1.760643e-03,1.369090e-01
3.187898e-03,1.549348e-03,1.021964e-02,1.173421e-03,3.815117e-02,1.105332e-02,6.900167e-02,8.039750e-02,7.081688e-03,2.015446e-01,1.376330e-02,4.005501e-02,3.666007e-01,2.157601e-03,1.540631e-01
5.740498e-03,2.295631e-03,1.298520e-02,1.951307e-03,1.576342e-01,9.739537e-03,6.193993e-02,8.461443e-02,1.189875e-02,1.715555e-01,1.012279e-02,3.169677e-02,2.802637e-01,1.861613e-03,1.557002e-01
9.008776e-03,2.762276e-03,1.158024e-02,2.611813e-03,2.521449e-01,9.671524e-03,5.835944e-02,8.216255e-02,3.169891e-02,1.343090e-01,7.500160e-03,2.454065e-02,2.235266e-01,1.384973e-03,1.487382e-01
1.317620e-02,3.933396e-03,1.196068e-02,4.765145e-02,2.498448e-01,1.163280e-02,6.575583e-02,1.204016e-01,6.383042e-02,9.922888e-02,7.527474e-03,1.996045e-02,1.621021e-01,1.036588e-03,1.219574e-01
1.645196e-02,8.461113e-03,1.189901e-02,4.888565e-02,2.010165e-01,3.503202e-02,5.648077e-02,1.063396e-01,1.810170e-01,7.107464e-02,5.919964e-03,1.607651e-02,1.328662e-01,8.860743e-04,1.075931e-01
1.650671e-02,7.403162e-03,1.145506e-02,1.256880e-01,1.913218e-01,3.089972e-02,4.485893e-02,1.275286e-01,1.937971e-01,5.007219e-02,4.403726e-03,1.177562e-02,9.667178e-02,6.428814e-04,8.697477e-02
2.358434e-02,9.148067e-03,9.834155e-03,1.125807e-01,1.553029e-01,2.811656e-02,3.413463e-02,2.304351e-01,2.004244e-01,3.568326e-02,3.538657e-03,9.767517e-03,7.097412e-02,5.909561e-04,7.588464e-02
5.188084e-02,1.086081e-02,7.913578e-03,1.287759e-01,1.191838e-01,4.741520e-02,2.672026e-02,1.743992e-01,2.510237e-01,2.996446e-02,1.537565e-02,2.174757e-02,5.421295e-02,1.329350e-03,5.919673e-02
4.014102e-02,1.004496e-02,9.499829e-03,1.730265e-01,8.867724e-02,6.232823e-02,2.683153e-02,1.282143e-01,1.819419e-01,3.729198e-02,9.417652e-02,2.892027e-02,6.399439e-02,1.599807e-03,5.331159e-02
3.029209e-02,7.796859e-03,7.017155e-03,1.275846e-01,6.497437e-02,4.990762e-02,2.022935e-02,9.141297e-02,1.441432e-01,3.107792e-02,2.303771e-01,3.145941e-02,7.389500e-02,3.103205e-02,5.880035e-02
2.388749e-02,6.741037e-03,5.392040e-03,9.661847e-02,4.734428e-02,4.191620e-02,1.491685e-02,6.443664e-02,1.168643e-01,4.117926e-02,2.385612e-01,3.848975e-02,1.090474e-01,7.339749e-02,8.120767e-02
1.737626e-02,5.084559e-03,4.064334e-03,6.847477e-02,3.408943e-02,3.181627e-02,1.048767e-02,4.555764e-02,8.921000e-02,3.330166e-02,2.331697e-01,3.688593e-02,1.086203e-01,1.370047e-01,1.448568e-01
1.225521e-02,3.700300e-03,2.928155e-03,4.806358e-02,2.437465e-02,2.262936e-02,7.361189e-03,3.193418e-02,6.797440e-02,2.575590e-02,1.779682e-01,2.735138e-02,8.296765e-02,2.333194e-01,2.314165e-01
8.616742e-03,2.854158e-03,2.438223e-03,3.375331e-02,1.830284e-02,1.598823e-02,5.169569e-03,2.248158e-02,5.770579e-02,1.891316e-02,1.320711e-01,1.994671e-02,6.108704e-02,3.765310e-01,2.241406e-01
6.256582e-03,3.560058e-03,2.240869e-03,2.394262e-02,1.430815e-02,1.168933e-02,3.654949e-03,1.585317e-02,7.839838e-02,1.614505e-02,9.893893e-02,1.443978e-02,4.568010e-02,4.092765e-01,2.556155e-01
4.443208e-03,7.161173e-03,2.032028e-03,1.679726e-02,1.088070e-02,8.436676e-03,2.565501e-03,1.114496e-02,9.730148e-02,1.212128e-02,7.621785e-02,1.037414e-02,3.311133e-02,4.335180e-01,2.738944e-01
3.246199e-03,6.913458e-02,2.824429e-03,1.178834e-02,8.460628e-03,7.186227e-03,1.812237e-03,7.841322e-03,1.249582e-01,9.376194e-03,5.585458e-02,7.456640e-03,2.486855e-02,4.003316e-01,2.648603e-01
2.354995e-03,1.311238e-01,2.191521e-03,8.269320e-03,6.079599e-03,6.501786e-03,1.273052e-03,5.502292e-03,1.248965e-01,7.027620e-03,4.032903e-02,5.626292e-03,2.116104e-02,4.163900e-01,2.212731e-01
1.695962e-03,1.264364e-01,1.612952e-03,5.857488e-03,4.389920e-03,6.019593e-03,8.944730e-04,3.941670e-03,1.917287e-01,5.219229e-03,2.920483e-02,4.128648e-03,2.064038e-02,4.268017e-01,1.714281e-01
1.380753e-03,1.047835e-01,1.263518e-03,4.374980e-03,3.635010e-03,4.783045e-03,6.414141e-04,6.254993e-03,2.789955e-01,3.997294e-03,2.158518e-02,3.026347e-03,1.533126e-02,4.216857e-01,1.282616e-01
1.120433e-03,9.441591e-02,1.083498e-03,3.313227e-03,2.944015e-03,3.811364e-03,4.560971e-04,5.551992e-03,3.154905e-01,3.821055e-03,1.620057e-02,2.182306e-03,1.151051e-02,4.411719e-01,9.692662e-02
1.896411e-03,1.357648e-01,2.112560e-03,2.802728e-03,4.698856e-03,3.740642e-03,3.371422e-04,7.489432e-03,3.272930e-01,3.549390e-03,1.246292e-02,1.571272e-03,8.517347e-03,4.166827e-01,7.108085e-02
1.846092e-03,1.338792e-01,1.964821e-03,2.901604e-03,5.197918e-03,4.146416e-03,2.561657e-04,6.269622e-03,4.222240e-01,3.619301e-03,9.186640e-03,1.124166e-03,6.384279e-03,3.493935e-01,5.160621e-02
3.049583e-03,2.256137e-01,1.826169e-03,3.572253e-03,8.115174e-03,4.592325e-03,2.057955e-04,5.511526e-03,3.953598e-01,3.287554e-03,7.159414e-03,8.212527e-04,5.121403e-03,2.919920e-01,4.377193e-02
8.926901e-03,2.821210e-01,4.954626e-03,1.242897e-02,2.678133e-02,5.434273e-03,2.672546e-04,3.156418e-02,3.317928e-01,2.734381e-03,5.795259e-03,6.063912e-04,3.919944e-03,2.470766e-01,3.559607e-02
1.393530e-02,2.806758e-01,5.332622e-03,1.079606e-02,7.553938e-02,1.391762e-02,4.060936e-04,2.483226e-02,3.016553e-01,5.207187e-03,5.312207e-03,4.452503e-04,3.135585e-03,2.149023e-01,4.390704e-02
2.675950e-02,2.447077e-01,6.178970e-03,1.020774e-02,1.701538e-01,3.133371e-02,1.335752e-03,1.924705e-02,2.597797e-01,4.423485e-03,5.358908e-03,3.442216e-04,3.047296e-03,1.745611e-01,4.256112e-02
2.931243e-02,2.180863e-01,1.431330e-02,2.999003e-02,1.910373e-01,3.255334e-02,1.923117e-03,1.989045e-02,2.307000e-01,5.748601e-03,4.618412e-03,3.185596e-04,3.011039e-03,1.284244e-01,9.007278e-02
2.369144e-02,1.623636e-01,1.693565e-01,3.220374e-02,1.413638e-01,2.349322e-02,1.652887e-03,1.474023e-02,1.741224e-01,1.308763e-02,3.305323e-03,2.408514e-04,2.316091e-03,9.018662e-02,1.478757e-01
2.192417e-02,1.359062e-01,3.242925e-01,4.114693e-02,1.115943e-01,1.821537e-02,1.597630e-03,1.313118e-02,1.344904e-01,1.216813e-02,2.508855e-03,2.234560e-04,1.857322e-03,6.465092e-02,1.162926e-01
2.937721e-02,1.102361e-01,3.122253e-01,5.389378e-02,1.196439e-01,6.660273e-02,2.220741e-03,1.184206e-02,1.246907e-01,1.706091e-02,2.260896e-03,2.593328e-04,3.040689e-03,4.708403e-02,9.956167e-02
1.052629e-01,8.970925e-02,2.302574e-01,3.972837e-02,1.222801e-01,9.654890e-02,2.287271e-03,1.045396e-02,1.449125e-01,1.937380e-02,1.494984e-02,1.788251e-03,3.900853e-03,4.498989e-02,7.355671e-02
1.291790e-01,7.609037e-02,1.720138e-01,4.866622e-02,1.036230e-01,1.206104e-01,1.996924e-03,1.017278e-02,1.172251e-01,1.737705e-02,8.834442e-02,4.180354e-03,7.797912e-03,4.854635e-02,5.417635e-02
9.375729e-02,6.352399e-02,1.287691e-01,5.697819e-02,8.290430e-02,9.722523e-02,1.672222e-03,8.109509e-03,9.410463e-02,1.461967e-02,2.450838e-01,4.324981e-03,1.094354e-02,5.714858e-02,4.083499e-02
6.636925e-02,4.539683e-02,9.120111e-02,4.075310e-02,6.241697e-02,6.883068e-02,1.252454e-03,5.802144e-03,7.745141e-02,1.219282e-02,2.922673e-01,4.381452e-03,1.073340e-02,1.905605e-01,3.039071e-02
4.679355e-02,3.207607e-02,6.411190e-02,2.894586e-02,4.637999e-02,4.862366e-02,9.091586e-04,4.091490e-03,6.473099e-02,9.746412e-03,3.053226e-01,4.778720e-03,9.801171e-03,3.118914e-01,2.179695e-02
3.378648e-02,2.272470e-02,4.511617e-02,2.073792e-02,3.392516e-02,3.449316e-02,6.749963e-04,2.886636e-03,5.208556e-02,8.841626e-03,3.088623e-01,4.918661e-03,7.314377e-03,4.078250e-01,1.580730e-02
2.387620e-02,1.644867e-02,3.200207e-02,1.469970e-02,2.436464e-02,2.438664e-02,4.988457e-04,2.040829e-03,7.126962e-02,7.190355e-03,2.435523e-01,6.142229e-03,5.590339e-03,5.164581e-01,1.147949e-02
1.679420e-02,1.221306e-02,2.260321e-02,1.038398e-02,1.721364e-02,1.732277e-02,3.556153e-04,1.439265e-03,1.040876e-01,5.516020e-03,1.923456e-01,7.079283e-03,4.307628e-03,5.799344e-01,8.403731e-03
1.182808e-02,1.194116e-02,1.626746e-02,7.581319e-03,1.217420e-02,1.248475e-02,2.554836e-04,1.014976e-03,2.139224e-01,4.112282e-03,1.424703e-01,5.142496e-03,3.071196e-03,5.514671e-01,6.266828e-03
8.427576e-03,9.151891e-03,1.151386e-02,5.626420e-03,8.577773e-03,9.458630e-03,1.902126e-04,7.195598e-04,2.249705e-01,3.315716e-03,1.274639e-01,4.121669e-03,2.236118e-03,5.791698e-01,5.056351e-03
5.947504e-03,2.282844e-02,8.857078e-03,4.181298e-03,6.064909e-03,7.327638e-03,1.433825e-04,5.228244e-04,3.405779e-01,2.684738e-03,9.395697e-02,2.922972e-03,1.594127e-03,4.979700e-01,4.420294e-03
4.224114e-03,1.778499e-02,6.518565e-03,3.356273e-03,4.289172e-03,7.218014e-03,1.109372e-04,3.959123e-04,3.753105e-01,2.665981e-03,7.215795e-02,2.108963e-03,1.209228e-03,4.986981e-01,3.951293e-03
3.136756e-03,1.680273e-02,5.340041e-03,5.451825e-03,3.313304e-03,8.023167e-03,1.277868e-04,9.057232e-04,3.690674e-01,3.140514e-03,5.485240e-02,1.642426e-03,1.748193e-03,5.227032e-01,3.744546e-03
2.443942e-03,1.304063e-02,4.086909e-03,6.240027e-03,2.563017e-03,8.652124e-03,1.703818e-04,1.561791e-03,3.244289e-01,3.419840e-03,4.660407e-02,1.793386e-03,4.259558e-03,5.774558e-01,3.279623e-03
1.831121e-03,9.979387e-03,3.017535e-03,6.770648e-03,2.042545e-03,7.234214e-03,1.664357e-04,2.338154e-03,2.649257e-01,3.537670e-03,4.225886e-02,1.619958e-03,4.375329e-03,6.466779e-01,3.224587e-03
1.546321e-03,8.226086e-03,2.975200e-03,1.644844e-02,2.284191e-03,7.753432e-03,2.548674e-04,1.837533e-02,2.630714e-01,3.543656e-03,3.839998e-02,1.484909e-03,4.314417e-03,6.284376e-01,2.884191e-03
1.174991e-03,7.608333e-03,2.463903e-03,2.281758e-02,2.133373e-03,7.684877e-03,2.445939e-04,1.589169e-02,2.584971e-01,3.935928e-03,2.885379e-02,1.140806e-03,4.037258e-03,6.402333e-01,3.282574e-03
5.496407e-03,7.557066e-03,3.915615e-02,6.892091e-02,2.300610e-02,1.004305e-02,2.419390e-03,5.606027e-02,2.654508e-01,3.905324e-03,2.306050e-02,9.748725e-04,3.411660e-03,4.872248e-01,3.312703e-03
4.350016e-03,6.435437e-03,3.302084e-02,1.298332e-01,4.771776e-02,7.378709e-03,2.241266e-03,4.110751e-02,3.601005e-01,4.038472e-03,1.634427e-02,7.123286e-04,2.444772e-03,3.416971e-01,2.577886e-03
5.002010e-03,7.002344e-03,2.700692e-02,1.178746e-01,1.333822e-01,6.608334e-03,2.333856e-03,2.932992e-02,4.063019e-01,6.277269e-03,1.213981e-02,5.113563e-04,1.762850e-03,2.396953e-01,4.771415e-03
8.605878e-03,1.365930e-02,3.503089e-02,1.851849e-01,1.674147e-01,6.877633e-03,2.661471e-03,2.377971e-02,3.668514e-01,5.261084e-03,8.694646e-03,3.662697e-04,1.287455e-03,1.682109e-01,6.113839e-03
1.748066e-02,1.873602e-02,3.699638e-02,2.419382e-01,1.810249e-01,9.891101e-03,2.469772e-03,1.787736e-02,3.328787e-01,5.103708e-03,6.389689e-03,2.729126e-04,9.661763e-04,1.181469e-01,9.827578e-03
3.123876e-02,2.835364e-02,6.744806e-02,2.433736e-01,1.509105e-01,9.410066e-03,1.916742e-03,1.360265e-02,2.975753e-01,1.144751e-02,7.721046e-03,4.854452e-04,1.349475e-03,8.394785e-02,5.121937e-02
2.207550e-02,2.117455e-02,5.014727e-02,2.431002e-01,1.076865e-01,6.977926e-03,1.417163e-03,9.620793e-03,2.164575e-01,1.038700e-02,1.618400e-01,2.258396e-03,4.943659e-02,5.976957e-02,3.765104e-02
1.595034e-02,1.559722e-02,3.600472e-02,2.029623e-01,7.846564e-02,5.721237e-03,1.056445e-03,6.772795e-03,1.553314e-01,8.809575e-03,2.948672e-01,6.077956e-03,9.506311e-02,4.710351e-02,3.021656e-02
1.139916e-02,1.165119e-02,2.575220e-02,1.479821e-01,5.620863e-02,4.969164e-03,7.574403e-04,4.819575e-03,1.124071e-01,8.590855e-03,4.249689e-01,8.820633e-03,1.020497e-01,5.084231e-02,2.878106e-02
8.342301e-03,9.753107e-03,1.850752e-02,1.327590e-01,4.049945e-02,4.634136e-03,5.467718e-04,3.416649e-03,9.142536e-02,7.722794e-03,3.995014e-01,1.428358e-02,8.348837e-02,1.560066e-01,2.911297e-02
6.029972e-03,9.252246e-03,1.387656e-02,9.772076e-02,3.387786e-02,4.042970e-03,4.016675e-04,2.414054e-03,6.937905e-02,1.162422e-02,4.031417e-01,1.298645e-02,6.396683e-02,2.455011e-01,2.578456e-02
4.802198e-03,7.650756e-03,1.059211e-02,7.870954e-02,2.810100e-02,5.354211e-03,3.342919e-04,1.875251e-03,5.914970e-02,3.985443e-02,4.379908e-01,1.841344e-02,5.464852e-02,2.190017e-01,3.352199e-02
3.746455e-03,6.504619e-03,8.177308e-03,6.120688e-02,2.319971e-02,5.355313e-03,2.765749e-04,1.411673e-03,4.718287e-02,4.251853e-02,5.141730e-01,1.984962e-02,4.700723e-02,1.809761e-01,3.841415e-02
3.083916e-03,5.422257e-03,6.840530e-03,4.878966e-02,2.719171e-02,5.871981e-03,3.315008e-04,1.244294e-03,4.122454e-02,4.303280e-02,5.173486e-01,2.160554e-02,4.283620e-02,1.906708e-01,4.450566e-02
3.356707e-03,4.367365e-03,5.244069e-03,3.826704e-02,3.005459e-02,5.033792e-03,5.461470e-04,1.326194e-03,5.775960e-02,4.937681e-02,5.117319e-01,2.030300e-02,3.493615e-02,1.754027e-01,6.229399e-02
2.505337e-03,3.281408e-03,3.751601e-03,2.767470e-02,2.875574e-02,4.304786e-03,4.898640e-04,1.118880e-03,6.877381e-02,4.066829e-02,4.694994e-01,1.680016e-02,2.781475e-02,1.282184e-01,1.763428e-01
1.895957e-03,3.407443e-03,2.762175e-03,1.970648e-02,2.220276e-02,3.630697e-03,4.145321e-04,8.933185e-04,7.206804e-02,3.628370e-02,5.051310e-01,1.707678e-02,2.173085e-02,9.468418e-02,1.981121e-01
1.386287e-03,2.775678e-03,2.021022e-03,1.391330e-02,1.756332e-02,2.842249e-03,3.360557e-04,7.864834e-04,9.661734e-02,2.872799e-02,5.657548e-01,1.498322e-02,1.727164e-02,6.815171e-02,1.668690e-01
1.079184e-03,2.679960e-03,1.500922e-03,9.849944e-03,1.349496e-02,3.064878e-03,2.774807e-04,8.809760e-04,1.053135e-01,2.155491e-02,6.399736e-01,1.276309e-02,1.498688e-02,4.887043e-02,1.237094e-01
8.265664e-04,3.660959e-03,1.140989e-03,6.988074e-03,1.063061e-02,2.740287e-03,2.326413e-04,9.407362e-04,1.313443e-01,1.706254e-02,6.758236e-01,1.128477e-02,1.226887e-02,3.523506e-02,8.982005e-02
1.006319e-03,2.639140e-02,1.528191e-03,5.104590e-03,1.112018e-02,2.755009e-03,2.737272e-04,1.980537e-03,3.197864e-01,1.344688e-02,5.087519e-01,8.407000e-03,1.002174e-02,2.594033e-02,6.348586e-02
2.570347e-03,4.139551e-02,5.016357e-03,3.826285e-03,1.155740e-02,3.905207e-03,8.792168e-04,8.640676e-03,4.092269e-01,1.068824e-02,4.174371e-01,8.406644e-03,9.636985e-03,2.183571e-02,4.497744e-02
4.006951e-03,4.565982e-02,5.124073e-03,3.028115e-03,1.202201e-02,6.531686e-03,9.377091e-04,1.055039e-02,4.846956e-01,8.976319e-03,3.481743e-01,1.002613e-02,9.867588e-03,1.815327e-02,3.224614e-02
7.349840e-03,8.274314e-02,1.055038e-02,2.941896e-03,2.376080e-02,7.573587e-03,1.057775e-03,4.551234e-02,4.589411e-01,8.516062e-03,2.930592e-01,8.826959e-03,8.830047e-03,1.739918e-02,2.293771e-02
8.124198e-03,1.007022e-01,1.988875e-02,3.151020e-03,2.936889e-02,8.058175e-03,9.422725e-04,1.169314e-01,4.208470e-01,7.204323e-03,2.338130e-01,7.459618e-03,7.292852e-03,1.988005e-02,1.633633e-02
8.172517e-03,8.429839e-02,2.438048e-02,2.635302e-03,2.733744e-02,6.807711e-03,7.739651e-04,2.791954e-01,3.403699e-01,5.581606e-03,1.808885e-01,6.486180e-03,6.190262e-03,1.527137e-02,1.161106e-02
8.235551e-03,7.577834e-02,3.369742e-02,2.223982e-03,2.382336e-02,8.104309e-03,6.386972e-04,3.195947e-01,3.304337e-01,4.607889e-03,1.606742e-01,5.807529e-03,4.985094e-03,1.311569e-02,8.279690e-03
7.356760e-03,7.219145e-02,3.073904e-02,1.773350e-03,2.363808e-02,8.299838e-03,5.695691e-04,3.825944e-01,3.138687e-01,3.672939e-03,1.290833e-01,5.100011e-03,3.876899e-03,1.128330e-02,5.952400e-03
7.744834e-03,6.444386e-02,3.127392e-02,1.855813e-03,3.827041e-02,7.721038e-03,9.608987e-04,4.551210e-01,2.733723e-01,3.700986e-03,9.341595e-02,5.345591e-03,3.057279e-03,9.370426e-03,4.345795e-03
1.009386e-02,5.679376e-02,3.253493e-02,2.043132e-03,6.014317e-02,7.750815e-03,1.586166e-03,4.754239e-01,2.394417e-01,7.297004e-03,7.405876e-02,1.158827e-02,3.259705e-03,1.469280e-02,3.292112e-03
9.011874e-03,4.242256e-02,2.773599e-02,1.805881e-03,5.406651e-02,5.882895e-03,2.140564e-03,5.936052e-01,1.777052e-01,6.306954e-03,5.245698e-02,1.054041e-02,2.700734e-03,1.124831e-02,2.369927e-03
1.446282e-02,3.637247e-02,3.294649e-02,2.706170e-03,6.496724e-02,5.520315e-03,3.773940e-03,6.237802e-01,1.448709e-01,8.486900e-03,3.760788e-02,8.631699e-03,2.601901e-03,1.129724e-02,1.973873e-03
1.823388e-02,4.118926e-02,2.926075e-02,2.635496e-03,8.055295e-02,4.417803e-03,3.955060e-03,6.244520e-01,1.352370e-01,1.024690e-02,2.712216e-02,7.430186e-03,2.373054e-03,1.106190e-02,1.831659e-03
3.758401e-02,3.581009e-02,2.548736e-02,2.499761e-03,9.307607e-02,3.436443e-03,3.477970e-03,6.379723e-01,1.107875e-01,1.101021e-02,1.941335e-02,6.128250e-03,2.358511e-03,9.175079e-03,1.783126e-03
5.913041e-02,3.207485e-02,2.118296e-02,1.514517e-02,9.040539e-02,7.497940e-03,2.732571e-03,5.744845e-01,8.821375e-02,1.038759e-02,1.955139e-02,3.676535e-02,3.027458e-02,7.099848e-03,5.053659e-03
4.186799e-02,2.259372e-02,1.519109e-02,3.164697e-02,6.740153e-02,6.132150e-03,1.959391e-03,4.061631e-01,6.231052e-02,9.553205e-03,3.514204e-02,7.320644e-02,2.170192e-01,5.070724e-03,4.741852e-03
2.953664e-02,1.586346e-02,1.254969e-02,2.377213e-02,4.940747e-02,4.454753e-03,1.381948e-03,2.847909e-01,4.625766e-02,9.664421e-03,7.069280e-02,9.690158e-02,3.457612e-01,4.518190e-03,4.447057e-03
2.237068e-02,1.201749e-02,1.366408e-02,2.895287e-02,3.840764e-02,4.084667e-03,1.064857e-03,2.005285e-01,4.595366e-02,8.338962e-03,9.025212e-02,1.457950e-01,3.775713e-01,6.764871e-03,4.233205e-03
1.649752e-02,9.667004e-03,1.100397e-02,2.403859e-02,3.617454e-02,4.241440e-03,1.022653e-03,1.410327e-01,4.140016e-02,6.759607e-03,1.021530e-01,3.052099e-01,2.888519e-01,8.676032e-03,3.270938e-03
1.179925e-02,7.980114e-03,8.373220e-03,1.766658e-02,2.945990e-02,3.584625e-03,8.581452e-04,9.894812e-02,3.769697e-02,5.949424e-03,1.187570e-01,2.904307e-01,3.280890e-01,3.691792e-02,3.489104e-03
8.567443e-03,2.533290e-02,2.227212e-02,1.260086e-02,2.504252e-02,2.651306e-03,6.205973e-04,6.944912e-02,3.901974e-02,7.025309e-03,1.106108e-01,2.836317e-01,3.188826e-01,6.935875e-02,4.934220e-03
6.212137e-03,3.094331e-02,2.242158e-02,8.997047e-03,1.894083e-02,1.922013e-03,4.522379e-04,4.893728e-02,5.813205e-02,6.663719e-03,1.126401e-01,2.863515e-01,3.103003e-01,8.072411e-02,6.361935e-03
4.663954e-03,1.194807e-01,4.313743e-02,6.434703e-03,1.875494e-02,1.597001e-03,3.343458e-04,3.455824e-02,8.732592e-02,6.257611e-03,9.611446e-02,2.357741e-01,2.322123e-01,1.040681e-01,9.286187e-03
3.922875e-03,1.015671e-01,3.655351e-02,5.431067e-03,1.591598e-02,1.891961e-03,2.862101e-04,2.454467e-02,2.360648e-01,6.547074e-03,8.961771e-02,1.885212e-01,1.694684e-01,1.090892e-01,1.057839e-02
3.294845e-03,7.461333e-02,2.649083e-02,4.167546e-03,1.347888e-02,1.948080e-03,2.239063e-04,1.736805e-02,3.550759e-01,6.898378e-03,7.402228e-02,1.661752e-01,1.245471e-01,1.226143e-01,9.081414e-03
3.682773e-03,5.546504e-02,1.911323e-02,3.090176e-03,1.224704e-02,3.091912e-03,1.791871e-04,1.225503e-02,3.884202e-01,8.030365e-03,7.717066e-02,1.339936e-01,9.180497e-02,1.825404e-01,8.915462e-03
3.712165e-03,4.168607e-02,1.434493e-02,2.219952e-03,1.022456e-02,3.713083e-03,1.333765e-04,8.627642e-03,4.868925e-01,7.340842e-03,6.621476e-02,9.590618e-02,6.522576e-02,1.835751e-01,1.018315e-02
3.530473e-03,3.007443e-02,1.087711e-02,1.625738e-03,7.459084e-03,1.085434e-02,1.091283e-04,6.123160e-03,5.242964e-01,6.119061e-03,5.605787e-02,6.859671e-02,4.653824e-02,2.185561e-01,9.182164e-03
3.557531e-03,2.250960e-02,8.890272e-03,1.248482e-03,5.292375e-03,1.308628e-02,9.729970e-05,4.391938e-03,4.582077e-01,4.682993e-03,5.412414e-02,4.852457e-02,3.315739e-02,3.326539e-01,9.575539e-03
4.141723e-03,2.103820e-02,6.685979e-03,1.119675e-03,3.984482e-03,1.769304e-02,1.032741e-04,3.190693e-03,4.457380e-01,3.649107e-03,7.240890e-02,3.457696e-02,2.368407e-02,3.437392e-01,1.824670e-02
4.277891e-03,5.877541e-02,8.535672e-03,4.995067e-03,3.318357e-03,1.899616e-02,1.136827e-04,2.495035e-03,4.855506e-01,3.184011e-03,5.282012e-02,2.460462e-02,1.693792e-02,2.992586e-01,1.613687e-02
1.387933e-02,4.807381e-02,7.723135e-03,5.981605e-03,5.619682e-03,1.560843e-02,2.010312e-04,2.162959e-03,4.007530e-01,2.424801e-03,4.195905e-02,1.731042e-02,1.204037e-02,4.129585e-01,1.330388e-02
1.862539e-02,4.558259e-02,6.859615e-03,1.485793e-02,7.825224e-03,1.531419e-02,2.046326e-04,1.788467e-03,4.292671e-01,2.870076e-03,3.281581e-02,1.226131e-02,8.743444e-03,3.900450e-01,1.293929e-02
2.765115e-02,3.894402e-02,5.158945e-03,1.202115e-02,9.620907e-03,1.184759e-02,2.631377e-04,1.568785e-03,4.580875e-01,3.929728e-03,2.690654e-02,8.938694e-03,7.205496e-03,3.735747e-01,1.428173e-02
2.714731e-02,3.808184e-02,4.039924e-03,1.015245e-02,1.233330e-02,1.112921e-02,2.984185e-04,1.352398e-03,4.482839e-01,8.304384e-03,2.258127e-02,6.907049e-03,6.508846e-03,3.377936e-01,6.508616e-02
2.028941e-02,6.968787e-02,3.315521e-03,9.242652e-03,1.043638e-02,9.070186e-03,2.406007e-04,9.809631e-04,4.383731e-01,1.556823e-02,1.833336e-02,5.578227e-03,6.176444e-03,2.503537e-01,1.423534e-01
1.756002e-02,7.572486e-02,2.636514e-03,1.043618e-02,1.588698e-02,1.286384e-02,2.583409e-04,2.116709e-03,5.162050e-01,1.514683e-02,1.456745e-02,4.223238e-03,5.506687e-03,1.897096e-01,1.171578e-01
1.534734e-02,9.169048e-02,2.132515e-03,9.982960e-03,1.829739e-02,1.795506e-02,2.700842e-04,2.404350e-03,5.647644e-01,1.393865e-02,1.093573e-02,3.139999e-03,4.926050e-03,1.520522e-01,9.216280e-02
1.476153e-02,1.165326e-01,2.718073e-03,2.713285e-02,1.614387e-02,1.775309e-02,2.300540e-04,2.530646e-03,4.987321e-01,1.824750e-02,9.409474e-03,2.448634e-03,4.000738e-03,1.203729e-01,1.489859e-01
1.537338e-02,1.031758e-01,2.632365e-03,2.336461e-02,1.506428e-02,1.658719e-02,2.052405e-04,2.538102e-03,4.004605e-01,1.629105e-02,8.314306e-03,1.910844e-03,3.193108e-03,9.641473e-02,2.944746e-01
1.183982e-02,9.068096e-02,8.945451e-03,2.254437e-02,1.163181e-02,1.261825e-02,1.612718e-04,1.939558e-03,3.489374e-01,1.509170e-02,7.872995e-03,1.512633e-03,2.417519e-03,7.684387e-02,3.869624e-01
1.000618e-02,6.859948e-02,1.360053e-02,1.828212e-02,8.771461e-03,9.387763e-03,1.654875e-04,1.540883e-03,2.735798e-01,1.698127e-02,8.547596e-03,1.444895e-03,1.969454e-03,8.065195e-02,4.864712e-01
1.160481e-02,5.213575e-02,1.242462e-02,1.343600e-02,7.280624e-03,8.605940e-03,1.801618e-04,1.699622e-03,2.184919e-01,2.638970e-02,1.060441e-02,1.245377e-03,2.151943e-03,8.204883e-02,5.517003e-01
8.616289e-03,3.764955e-02,9.186539e-03,9.473545e-03,5.456751e-03,6.573736e-03,1.437737e-04,1.218133e-03,1.736205e-01,3.023963e-02,8.802829e-03,1.044904e-03,1.959794e-03,1.067282e-01,5.992858e-01
8.308932e-03,2.843587e-02,6.798894e-03,6.944323e-03,4.800748e-03,5.501145e-03,1.234073e-04,9.163924e-04,1.461392e-01,2.418926e-02,9.295159e-03,1.557738e-03,3.294999e-03,1.708241e-01,5.828698e-01
1.977632e-02,2.226590e-02,6.152184e-03,6.104415e-03,7.978794e-03,8.727472e-03,4.032837e-04,3.658481e-03,1.432057e-01,2.466577e-02,1.362364e-02,2.016433e-03,4.612993e-03,1.909340e-01,5.458746e-01
2.932299e-02,1.830528e-02,8.440327e-03,1.073455e-02,1.473352e-02,8.326849e-03,7.001410e-04,1.445096e-02,1.663682e-01,2.624148e-02,1.985562e-02,2.076291e-03,4.000219e-03,1.728526e-01,5.035909e-01
3.339436e-02,1.390677e-02,7.126445e-03,8.500420e-03,1.769149e-02,6.771906e-03,6.561230e-04,1.676868e-02,2.060924e-01,2.329802e-02,4.363649e-02,1.652129e-03,3.154660e-03,2.483497e-01,3.690004e-01
4.082680e-02,1.886330e-02,1.422340e-02,5.859887e-02,3.665389e-02,8.735893e-03,7.781792e-04,3.998490e-02,2.358590e-01,2.286230e-02,3.391248e-02,1.420264e-03,2.478104e-03,2.076106e-01,2.771920e-01
6.328141e-02,2.748847e-02,2.350426e-02,5.478374e-02,4.696776e-02,1.094095e-02,1.180299e-03,4.911743e-02,2.454252e-01,2.191188e-02,3.006861e-02,1.672369e-03,2.111551e-03,2.122624e-01,2.092836e-01
1.548005e-01,2.849865e-02,2.796456e-02,4.351879e-02,3.703714e-02,1.143687e-02,1.452640e-03,4.925152e-02,2.496680e-01,1.991430e-02,2.366559e-02,2.150895e-03,2.080409e-03,1.856648e-01,1.628953e-01
2.486161e-01,2.614875e-02,3.116140e-02,3.627244e-02,3.191853e-02,1.265796e-02,1.460148e-03,4.002406e-02,2.490429e-01,1.678711e-02,1.796456e-02,2.818162e-03,2.083494e-03,1.595423e-01,1.235021e-01
3.048008e-01,4.379354e-02,2.865801e-02,7.865553e-02,3.189891e-02,1.458374e-02,2.208397e-03,3.370079e-02,1.987874e-01,1.392561e-02,1.561819e-02,5.918221e-03,3.617555e-03,1.199096e-01,1.039237e-01
4.208757e-01,3.499053e-02,4.572479e-02,6.785958e-02,2.639894e-02,1.489973e-02,2.700362e-03,2.781678e-02,1.572823e-01,1.159529e-02,1.295929e-02,7.790281e-03,3.807822e-03,8.874106e-02,7.655759e-02
1.000000e+00,0.000000e+00,0.000000e+00,0.000000e+00,0.000000e+00,0.000000e+00,0.000000e+00,0.000000e+00,0.000000e+00,0.000000e+00,0.000000e+00,0.000000e+00,0.000000e+00,0.000000e+00,0.000000e+00
