1.000000e+00,0.000000e+00,0.000000e+00,0.000000e+00,0.000000e+00,0.000000e+00,0.000000e+00,0.000000e+00,0.000000e+00,0.000000e+00,0.000000e+00,0.000000e+00,0.000000e+00,0.000000e+00,0.000000e+00
1.000000e+00,0.000000e+00,0.000000e+00,0.000000e+00,0.000000e+00,0.000000e+00,0.000000e+00,0.000000e+00,0.000000e+00,0.000000e+00,0.000000e+00,0.000000e+00,0.000000e+00,0.000000e+00,0.000000e+00
1.000000e+00,0.000000e+00,0.000000e+00,0.000000e+00,0.000000e+00,0.000000e+00,0.000000e+00,0.000000e+00,0.000000e+00,0.000000e+00,0.000000e+00,0.000000e+00,0.000000e+00,0.000000e+00,0.000000e+00
1.000000e+00,0.000000e+00,0.000000e+00,0.000000e+00,0.000000e+00,0.000000e+00,0.000000e+00,0.000000e+00,0.000000e+00,0.000000e+00,0.000000e+00,0.000000e+00,0.000000e+00,0.000000e+00,0.000000e+00
1.000000e+00,0.000000e+00,0.000000e+00,0.000000e+00,0.000000e+00,0.000000e+00,0.000000e+00,0.000000e+00,0.000000e+00,0.000000e+00,0.000000e+00,0.000000e+00,0.000000e+00,0.000000e+00,0.000000e+00
1.000000e+00,0.000000e+00,0.000000e+00,0.000000e+00,0.000000e+00,0.000000e+00,0.000000e+00,0.000000e+00,0.000000e+00,0.000000e+00,0.000000e+00,0.000000e+00,0.000000e+00,0.000000e+00,0.000000e+00
1.000000e+00,0.000000e+00,0.000000e+00,0.000000e+00,0.000000e+00,0.000000e+00,0.000000e+00,0.000000e+00,0.000000e+00,0.000000e+00,0.000000e+00,0.000000e+00,0.000000e+00,0.000000e+00,0.000000e+00
1.000000e+00,0.000000e+00,0.000000e+00,0.000000e+00,0.000000e+00,0.000000e+00,0.000000e+00,0.000000e+00,0.000000e+00,0.000000e+00,0.000000e+00,0.000000e+00,0.000000e+00,0.000000e+00,0.000000e+00
1.000000e+00,0.000000e+00,0.000000e+00,0.000000e+00,0.000000e+00,0.000000e+00,0.000000e+00,0.000000e+00,0.000000e+00,0.000000e+00,0.000000e+00,0.000000e+00,0.000000e+00,0.000000e+00,0.000000e+00
1.000000e+00,0.000000e+00,0.000000e+00,0.000000e+00,0.000000e+00,0.000000e+00,0.000000e+00,0.000000e+00,0.000000e+00,0.000000e+00,0.000000e+00,0.000000e+00,0.000000e+00,0.000000e+00,0.000000e+00
1.000000e+00,0.000000e+00,0.000000e+00,0.000000e+00,0.000000e+00,0.000000e+00,0.000000e+00,0.000000e+00,0.000000e+00,0.000000e+00,0.000000e+00,0.000000e+00,0.000000e+00,0.000000e+00,0.000000e+00
1.000000e+00,0.000000e+00,0.000000e+00,0.000000e+00,0.000000e+00,0.000000e+00,0.000000e+00,0.000000e+00,0.000000e+00,0.000000e+00,0.000000e+00,0.000000e+00,0.000000e+00,0.000000e+00,0.000000e+00
1.000000e+00,0.000000e+00,0.000000e+00,0.000000e+00,0.000000e+00,0.000000e+00,0.000000e+00,0.000000e+00,0.000000e+00,0.000000e+00,0.000000e+00,0.000000e+00,0.000000e+00,0.000000e+00,0.000000e+00
1.000000e+00,0.000000e+00,0.000000e+00,0.000000e+00,0.000000e+00,0.000000e+00,0.000000e+00,0.000000e+00,0.000000e+00,0.000000e+00,0.000000e+00,0.000000e+00,0.000000e+00,0.000000e+00,0.000000e+00
1.000000e+00,0.000000e+00,0.000000e+00,0.000000e+00,0.000000e+00,0.000000e+00,0.000000e+00,0.000000e+00,0.000000e+00,0.000000e+00,0.000000e+00,0.000000e+00,0.000000e+00,0.000000e+00,0.000000e+00
1.000000e+00,0.000000e+00,0.000000e+00,0.000000e+00,0.000000e+00,0.000000e+00,0.000000e+00,0.000000e+00,0.000000e+00,0.000000e+00,0.000000e+00,0.000000e+00,0.000000e+00,0.000000e+00,0.000000e+00
1.000000e+00,0.000000e+00,0.000000e+00,0.000000e+00,0.000000e+00,0.000000e+00,0.000000e+00,0.000000e+00,0.000000e+00,0.000000e+00,0.000000e+00,0.000000e+00,0.000000e+00,0.000000e+00,0.000000e+00
1.000000e+00,0.000000e+00,0.000000e+00,0.000000e+00,0.000000e+00,0.000000e+00,0.000000e+00,0.000000e+00,0.000000e+00,0.000000e+00,0.000000e+00,0.000000e+00,0.000000e+00,0.000000e+00,0.000000e+00
1.000000e+00,0.000000e+00,0.000000e+00,0.000000e+00,0.000000e+00,0.000000e+00,0.000000e+00,0.000000e+00,0.000000e+00,0.000000e+00,0.000000e+00,0.000000e+00,0.000000e+00,0.000000e+00,0.000000e+00
1.000000e+00,0.000000e+00,0.000000e+00,0.000000e+00,0.000000e+00,0.000000e+00,0.000000e+00,0.000000e+00,0.000000e+00,0.000000e+00,0.000000e+00,0.000000e+00,0.000000e+00,0.000000e+00,0.000000e+00
1.000000e+00,0.000000e+00,0.000000e+00,0.000000e+00,0.000000e+00,0.000000e+00,0.000000e+00,0.000000e+00,0.000000e+00,0.000000e+00,0.000000e+00,0.000000e+00,0.000000e+00,0.000000e+00,0.000000e+00
1.000000e+00,0.000000e+00,0.000000e+00,0.000000e+00,0.000000e+00,0.000000e+00,0.000000e+00,0.000000e+00,0.000000e+00,0.000000e+00,0.000000e+00,0.000000e+00,0.000000e+00,0.000000e+00,0.000000e+00
1.000000e+00,0.000000e+00,0.000000e+00,0.000000e+00,0.000000e+00,0.000000e+00,0.000000e+00,0.000000e+00,0.000000e+00,0.000000e+00,0.000000e+00,0.000000e+00,0.000000e+00,0.000000e+00,0.000000e+00
1.000000e+00,0.000000e+00,0.000000e+00,0.000000e+00,0.000000e+00,0.000000e+00,0.000000e+00,0.000000e+00,0.000000e+00,0.000000e+00,0.000000e+00,0.000000e+00,0.000000e+00,0.000000e+00,0.000000e+00
1.000000e+00,0.000000e+00,0.000000e+00,0.000000e+00,0.000000e+00,0.000000e+00,0.000000e+00,0.000000e+00,0.000000e+00,0.000000e+00,0.000000e+00,0.000000e+00,0.000000e+00,0.000000e+00,0.000000e+00
1.000000e+00,0.000000e+00,0.000000e+00,0.000000e+00,0.000000e+00,0.000000e+00,0.000000e+00,0.000000e+00,0.000000e+00,0.000000e+00,0.000000e+00,0.000000e+00,0.000000e+00,0.000000e+00,0.000000e+00
1.000000e+00,0.000000e+00,0.000000e+00,0.000000e+00,0.000000e+00,0.000000e+00,0.000000e+00,0.000000e+00,0.000000e+00,0.000000e+00,0.000000e+00,0.000000e+00,0.000000e+00,0.000000e+00,0.000000e+00
1.000000e+00,0.000000e+00,0.000000e+00,0.000000e+00,0.000000e+00,0.000000e+00,0.000000e+00,0.000000e+00,0.000000e+00,0.000000e+00,0.000000e+00,0.000000e+00,0.000000e+00,0.000000e+00,0.000000e+00
1.000000e+00,0.000000e+00,0.000000e+00,0.000000e+00,0.000000e+00,0.000000e+00,0.000000e+00,0.000000e+00,0.000000e+00,0.000000e+00,0.000000e+00,0.000000e+00,0.000000e+00,0.000000e+00,0.000000e+00
1.000000e+00,0.000000e+00,0.000000e+00,0.000000e+00,0.000000e+00,0.000000e+00,0.000000e+00,0.000000e+00,0.000000e+00,0.000000e+00,0.000000e+00,0.000000e+00,0.000000e+00,0.000000e+00,0.000000e+00
1.000000e+00,0.000000e+00,0.000000e+00,0.000000e+00,0.000000e+00,0.000000e+00,0.000000e+00,0.000000e+00,0.000000e+00,0.000000e+00,0.000000e+00,0.000000e+00,0.000000e+00,0.000000e+00,0.000000e+00
1.000000e+00,0.000000e+00,0.000000e+00,0.000000e+00,0.000000e+00,0.000000e+00,0.000000e+00,0.000000e+00,0.000000e+00,0.000000e+00,0.000000e+00,0.000000e+00,0.000000e+00,0.000000e+00,0.000000e+00
1.000000e+00,0.000000e+00,0.000000e+00,0.000000e+00,0.000000e+00,0.000000e+00,0.000000e+00,0.000000e+00,0.000000e+00,0.000000e+00,0.000000e+00,0.000000e+00,0.000000e+00,0.000000e+00,0.000000e+00
1.000000e+00,0.000000e+00,0.000000e+00,0.000000e+00,0.000000e+00,0.000000e+00,0.000000e+00,0.000000e+00,0.000000e+00,0.000000e+00,0.000000e+00,0.000000e+00,0.000000e+00,0.000000e+00,0.000000e+00
1.000000e+00,0.000000e+00,0.000000e+00,0.000000e+00,0.000000e+00,0.000000e+00,0.000000e+00,0.000000e+00,0.000000e+00,0.000000e+00,0.000000e+00,0.000000e+00,0.000000e+00,0.000000e+00,0.000000e+00
1.000000e+00,0.000000e+00,0.000000e+00,0.000000e+00,0.000000e+00,0.000000e+00,0.000000e+00,0.000000e+00,0.000000e+00,0.000000e+00,0.000000e+00,0.000000e+00,0.000000e+00,0.000000e+00,0.000000e+00
1.000000e+00,0.000000e+00,0.000000e+00,0.000000e+00,0.000000e+00,0.000000e+00,0.000000e+00,0.000000e+00,0.000000e+00,0.000000e+00,0.000000e+00,0.000000e+00,0.000000e+00,0.000000e+00,0.000000e+00
1.000000e+00,0.000000e+00,0.000000e+00,0.000000e+00,0.000000e+00,0.000000e+00,0.000000e+00,0.000000e+00,0.000000e+00,0.000000e+00,0.000000e+00,0.000000e+00,0.000000e+00,0.000000e+00,0.000000e+00
1.000000e+00,0.000000e+00,0.000000e+00,0.000000e+00,0.000000e+00,0.000000e+00,0.000000e+00,0.000000e+00,0.000000e+00,0.000000e+00,0.000000e+00,0.000000e+00,0.000000e+00,0.000000e+00,0.000000e+00
1.000000e+00,0.000000e+00,0.000000e+00,0.000000e+00,0.000000e+00,0.000000e+00,0.000000e+00,0.000000e+00,0.000000e+00,0.000000e+00,0.000000e+00,0.000000e+00,0.000000e+00,0.000000e+00,0.000000e+00
1.000000e+00,0.000000e+00,0.000000e+00,0.000000e+00,0.000000e+00,0.000000e+00,0.000000e+00,0.000000e+00,0.000000e+00,0.000000e+00,0.000000e+00,0.000000e+00,0.000000e+00,0.000000e+00,0.000000e+00
1.000000e+00,0.000000e+00,0.000000e+00,0.000000e+00,0.000000e+00,0.000000e+00,0.000000e+00,0.000000e+00,0.000000e+00,0.000000e+00,0.000000e+00,0.000000e+00,0.000000e+00,0.000000e+00,0.000000e+00
1.000000e+00,0.000000e+00,0.000000e+00,0.000000e+00,0.000000e+00,0.000000e+00,0.000000e+00,0.000000e+00,0.000000e+00,0.000000e+00,0.000000e+00,0.000000e+00,0.000000e+00,0.000000e+00,0.000000e+00
1.000000e+00,0.000000e+00,0.000000e+00,0.000000e+00,0.000000e+00,0.000000e+00,0.000000e+00,0.000000e+00,0.000000e+00,0.000000e+00,0.000000e+00,0.000000e+00,0.000000e+00,0.000000e+00,0.000000e+00
1.000000e+00,0.000000e+00,0.000000e+00,0.000000e+00,0.000000e+00,0.000000e+00,0.000000e+00,0.000000e+00,0.000000e+00,0.000000e+00,0.000000e+00,0.000000e+00,0.000000e+00,0.000000e+00,0.000000e+00
1.000000e+00,0.000000e+00,0.000000e+00,0.000000e+00,0.000000e+00,0.000000e+00,0.000000e+00,0.000000e+00,0.000000e+00,0.000000e+00,0.000000e+00,0.000000e+00,0.000000e+00,0.000000e+00,0.000000e+00
1.000000e+00,0.000000e+00,0.000000e+00,0.000000e+00,0.000000e+00,0.000000e+00,0.000000e+00,0.000000e+00,0.000000e+00,0.000000e+00,0.000000e+00,0.000000e+00,0.000000e+00,0.000000e+00,0.000000e+00
1.000000e+00,0.000000e+00,0.000000e+00,0.000000e+00,0.000000e+00,0.000000e+00,0.000000e+00,0.000000e+00,0.000000e+00,0.000000e+00,0.000000e+00,0.000000e+00,0.000000e+00,0.000000e+00,0.000000e+00
1.000000e+00,0.000000e+00,0.000000e+00,0.000000e+00,0.000000e+00,0.000000e+00,0.000000e+00,0.000000e+00,0.000000e+00,0.000000e+00,0.000000e+00,0.000000e+00,0.000000e+00,0.000000e+00,0.000000e+00
1.000000e+00,0.000000e+00,0.000000e+00,0.000000e+00,0.000000e+00,0.000000e+00,0.000000e+00,0.000000e+00,0.000000e+00,0.000000e+00,0.000000e+00,0.000000e+00,0.000000e+00,0.000000e+00,0.000000e+00
1.000000e+00,0.000000e+00,0.000000e+00,0.000000e+00,0.000000e+00,0.000000e+00,0.000000e+00,0.000000e+00,0.000000e+00,0.000000e+00,0.000000e+00,0.000000e+00,0.000000e+00,0.000000e+00,0.000000e+00
1.000000e+00,0.000000e+00,0.000000e+00,0.000000e+00,0.000000e+00,0.000000e+00,0.000000e+00,0.000000e+00,0.000000e+00,0.000000e+00,0.000000e+00,0.000000e+00,0.000000e+00,0.000000e+00,0.000000e+00
1.000000e+00,0.000000e+00,0.000000e+00,0.000000e+00,0.000000e+00,0.000000e+00,0.000000e+00,0.000000e+00,0.000000e+00,0.000000e+00,0.000000e+00,0.000000e+00,0.000000e+00,0.000000e+00,0.000000e+00
1.000000e+00,0.000000e+00,0.000000e+00,0.000000e+00,0.000000e+00,0.000000e+00,0.000000e+00,0.000000e+00,0.000000e+00,0.000000e+00,0.000000e+00,0.000000e+00,0.000000e+00,0.000000e+00,0.000000e+00
1.000000e+00,0.000000e+00,0.000000e+00,0.000000e+00,0.000000e+00,0.000000e+00,0.000000e+00,0.000000e+00,0.000000e+00,0.000000e+00,0.000000e+00,0.000000e+00,0.000000e+00,0.000000e+00,0.000000e+00
1.000000e+00,0.000000e+00,0.000000e+00,0.000000e+00,0.000000e+00,0.000000e+00,0.000000e+00,0.000000e+00,0.000000e+00,0.000000e+00,0.000000e+00,0.000000e+00,0.000000e+00,0.000000e+00,0.000000e+00
1.000000e+00,0.000000e+00,0.000000e+00,0.000000e+00,0.000000e+00,0.000000e+00,0.000000e+00,0.000000e+00,0.000000e+00,0.000000e+00,0.000000e+00,0.000000e+00,0.000000e+00,0.000000e+00,0.000000e+00
1.000000e+00,0.000000e+00,0.000000e+00,0.000000e+00,0.000000e+00,0.000000e+00,0.000000e+00,0.000000e+00,0.000000e+00,0.000000e+00,0.000000e+00,0.000000e+00,0.000000e+00,0.000000e+00,0.000000e+00
1.000000e+00,0.000000e+00,0.000000e+00,0.000000e+00,0.000000e+00,0.000000e+00,0.000000e+00,0.000000e+00,0.000000e+00,0.000000e+00,0.000000e+00,0.000000e+00,0.000000e+00,0.000000e+00,0.000000e+00
1.000000e+00,0.000000e+00,0.000000e+00,0.000000e+00,0.000000e+00,0.000000e+00,0.000000e+00,0.000000e+00,0.000000e+00,0.000000e+00,0.000000e+00,0.000000e+00,0.000000e+00,0.000000e+00,0.000000e+00
3.537412e-01,7.631508e-03,6.127997e-02,5.261423e-02,3.632111e-03,1.524290e-02,3.319379e-03,4.447170e-01,3.666631e-03,1.041497e-03,1.246061e-02,1.828286e-02,1.029642e-02,2.539929e-03,9.533861e-03
2.527083e-01,5.444506e-03,4.972097e-02,4.062002e-02,2.977062e-03,1.224927e-02,3.185141e-03,5.911748e-01,2.615154e-03,7.479627e-04,9.048172e-03,1.296610e-02,7.916279e-03,1.870128e-03,6.756164e-03
1.789577e-01,3.864797e-03,3.695167e-02,2.882566e-02,2.227688e-03,9.148336e-03,8.423631e-03,7.019356e-01,1.838833e-03,5.292964e-04,6.375648e-03,9.107217e-03,5.721581e-03,1.341687e-03,4.750617e-03
1.258469e-01,2.725891e-03,2.689352e-02,2.043505e-02,1.634154e-03,6.531901e-03,7.100378e-03,7.879151e-01,1.289419e-03,3.725405e-04,4.489416e-03,6.389911e-03,4.085202e-03,9.595579e-04,3.331177e-03
8.841070e-02,1.920528e-03,1.924696e-02,1.442197e-02,1.326143e-03,4.860193e-03,8.022051e-03,8.469847e-01,9.048031e-04,2.641878e-04,3.169158e-03,4.486095e-03,2.963589e-03,6.828467e-04,2.336080e-03
6.218851e-02,1.368853e-03,1.415348e-02,1.024412e-02,1.238450e-03,3.471400e-03,7.640498e-03,8.891687e-01,6.368889e-04,1.873146e-04,2.236665e-03,3.149150e-03,2.186304e-03,4.867266e-04,1.642888e-03
4.369233e-02,9.792701e-04,1.033485e-02,7.262915e-03,1.218663e-03,2.466799e-03,6.286008e-03,9.202018e-01,4.490981e-04,1.344439e-04,1.584589e-03,2.216965e-03,1.666544e-03,3.476784e-04,1.158054e-03
3.078643e-02,7.137978e-04,8.032354e-03,5.260359e-03,1.951939e-03,1.760504e-03,6.860138e-03,9.390330e-01,3.245865e-04,1.042315e-04,1.140240e-03,1.579456e-03,1.363786e-03,2.587991e-04,8.303230e-04
2.293115e-02,5.595314e-04,6.420385e-03,3.860215e-03,2.459074e-03,1.542597e-03,1.372328e-02,9.424781e-01,2.645315e-04,1.207524e-04,8.546331e-04,1.394637e-03,2.508477e-03,2.154856e-04,6.671491e-04
3.230929e-02,6.031482e-04,6.136463e-03,3.052353e-03,5.380604e-03,2.596468e-03,1.916836e-02,9.207957e-01,3.096110e-04,2.933140e-04,7.746908e-04,2.228491e-03,5.251566e-03,2.095184e-04,8.903827e-04
7.213051e-02,6.602537e-04,5.813539e-03,2.594957e-03,9.610907e-03,5.488953e-03,2.884699e-02,8.602644e-01,3.959004e-04,4.017551e-04,7.337948e-04,3.953758e-03,7.314525e-03,2.063357e-04,1.583387e-03
8.438741e-02,6.512228e-04,5.459546e-03,2.106032e-03,1.044744e-02,1.277438e-02,7.251727e-02,7.900257e-01,4.691827e-04,4.338063e-04,7.200195e-04,4.619822e-03,1.315171e-02,2.294136e-04,2.007045e-03
1.200598e-01,8.165279e-04,5.358383e-03,2.273882e-03,1.104986e-02,3.262686e-02,1.026826e-01,6.897422e-01,6.025122e-04,3.890919e-04,1.047677e-03,6.728496e-03,2.338944e-02,4.086958e-04,2.823988e-03
1.674813e-01,1.153961e-03,5.481745e-03,2.830134e-03,1.057391e-02,5.065408e-02,1.228567e-01,5.911561e-01,8.863207e-04,3.681876e-04,1.572812e-03,1.054412e-02,2.984640e-02,6.489131e-04,3.945381e-03
2.175825e-01,2.595379e-03,7.314659e-03,7.907199e-03,1.176631e-02,7.076438e-02,1.207395e-01,4.978037e-01,1.885987e-03,4.858408e-04,2.782996e-03,1.774069e-02,3.237265e-02,1.195202e-03,7.062892e-03
1.857860e-01,2.100710e-02,8.654437e-03,2.916136e-02,1.624852e-02,1.004259e-01,9.955525e-02,3.627280e-01,2.186510e-02,4.437596e-03,1.294522e-02,3.957839e-02,6.475689e-02,1.530150e-03,3.132012e-02
1.380643e-01,2.513225e-02,7.404966e-03,3.968975e-02,1.666631e-02,8.332837e-02,7.462993e-02,2.575954e-01,5.914337e-02,4.321307e-02,1.679831e-02,4.231003e-02,9.922026e-02,1.627621e-03,9.517606e-02
9.753934e-02,2.950200e-02,5.537818e-03,3.269952e-02,1.209377e-02,5.899297e-02,5.246489e-02,1.804516e-01,2.417710e-01,5.122387e-02,1.757732e-02,3.311779e-02,7.478219e-02,1.404472e-03,1.108415e-01
7.216334e-02,2.760357e-02,4.463266e-03,2.753424e-02,1.218828e-02,4.294078e-02,3.746031e-02,1.267194e-01,3.649912e-01,3.752224e-02,3.804564e-02,3.378581e-02,7.976573e-02,1.486367e-03,9.332981e-02
5.182129e-02,2.592844e-02,3.557385e-03,2.500026e-02,1.451693e-02,4.086011e-02,2.670241e-02,8.884669e-02,4.794918e-01,2.663145e-02,2.993310e-02,2.736430e-02,6.297247e-02,2.611476e-03,9.376189e-02
3.843975e-02,2.234915e-02,2.687497e-03,2.590118e-02,1.295281e-02,5.786873e-02,1.909379e-02,6.224895e-02,5.168601e-01,1.924880e-02,2.845990e-02,2.168595e-02,6.155496e-02,4.273680e-03,1.063748e-01
2.831889e-02,2.410063e-02,2.366647e-03,5.254318e-02,1.057720e-02,6.207059e-02,1.355065e-02,4.361961e-02,5.299969e-01,1.534752e-02,2.439641e-02,1.805843e-02,5.426213e-02,3.786942e-03,1.170044e-01
2.156476e-02,3.336482e-02,2.167452e-03,2.184299e-01,8.019192e-03,4.392472e-02,9.522665e-03,3.060812e-02,4.571175e-01,1.088327e-02,2.100169e-02,1.315810e-02,3.863537e-02,3.463599e-03,8.813892e-02
1.873800e-02,2.982203e-02,3.285832e-03,2.062857e-01,6.428731e-03,3.534363e-02,6.758752e-03,2.162287e-02,3.582107e-01,8.152042e-03,1.485987e-01,1.600468e-02,6.101189e-02,6.814905e-03,7.292156e-02
3.169557e-02,2.579607e-02,3.117886e-03,1.685377e-01,5.060669e-03,2.949796e-02,4.870290e-03,1.537673e-02,3.036563e-01,6.577759e-03,1.254524e-01,8.252767e-02,1.365811e-01,5.431533e-03,5.582035e-02
3.303954e-02,5.169896e-02,5.215954e-03,1.365464e-01,4.265263e-03,5.633873e-02,3.963578e-03,1.104580e-02,2.910736e-01,5.161710e-03,9.405506e-02,1.042823e-01,1.542551e-01,4.433009e-03,4.462506e-02
3.246501e-02,5.516751e-02,1.791100e-02,1.217754e-01,4.014165e-03,8.707896e-02,3.405253e-03,8.368977e-03,2.510625e-01,5.806227e-03,8.052626e-02,9.454735e-02,1.888376e-01,4.271231e-03,4.476259e-02
3.036049e-02,1.425690e-01,4.462185e-02,1.024040e-01,3.868739e-03,7.105019e-02,2.634591e-03,6.155329e-03,2.068004e-01,1.076111e-02,6.142310e-02,7.067981e-02,1.381561e-01,5.979831e-03,1.025355e-01
7.689245e-02,1.356993e-01,4.424898e-02,7.820323e-02,5.187972e-03,6.433877e-02,2.671047e-03,6.094163e-03,1.933731e-01,1.024593e-02,5.478279e-02,6.981674e-02,1.378431e-01,1.861664e-02,1.019858e-01
1.224820e-01,1.127712e-01,4.344730e-02,5.960764e-02,7.121735e-03,6.044529e-02,2.712354e-03,6.234800e-03,1.632954e-01,1.127633e-02,4.256853e-02,7.835824e-02,1.573470e-01,2.116287e-02,1.111693e-01
1.271875e-01,9.666543e-02,3.280831e-02,4.716343e-02,1.048486e-02,5.273466e-02,3.313494e-03,6.583734e-03,2.034160e-01,9.418982e-03,3.248326e-02,7.921325e-02,1.985862e-01,1.579748e-02,8.414340e-02
1.203821e-01,9.930009e-02,3.562145e-02,5.843433e-02,1.247110e-02,4.556353e-02,3.023571e-03,5.733578e-03,2.335070e-01,1.414851e-02,2.534584e-02,6.013416e-02,1.591911e-01,1.396281e-02,1.131809e-01
2.173787e-01,8.477161e-02,2.636602e-02,4.806546e-02,1.034256e-02,3.884804e-02,3.036538e-03,6.665247e-03,2.317978e-01,1.669912e-02,2.224524e-02,6.417652e-02,1.300323e-01,1.204927e-02,8.752559e-02
2.818638e-01,6.521077e-02,2.428188e-02,4.934884e-02,1.015469e-02,3.520518e-02,3.355830e-03,6.870124e-03,2.040140e-01,4.035847e-02,2.153055e-02,6.073979e-02,1.086395e-01,1.363622e-02,7.479026e-02
3.268532e-01,4.968626e-02,2.674255e-02,6.602856e-02,9.682931e-03,3.044249e-02,3.267095e-03,7.827499e-03,1.606545e-01,4.613981e-02,2.893696e-02,6.714266e-02,1.018533e-01,1.236691e-02,6.237517e-02
3.464109e-01,4.096230e-02,2.132632e-02,5.965127e-02,1.626954e-02,2.549643e-02,4.255838e-03,9.618801e-03,1.874048e-01,3.575636e-02,3.830482e-02,5.851152e-02,9.467021e-02,1.000048e-02,5.136044e-02
3.646339e-01,4.032071e-02,1.838704e-02,9.728904e-02,2.094145e-02,2.266380e-02,4.270507e-03,8.915443e-03,1.711612e-01,3.103396e-02,3.532003e-02,4.862308e-02,8.195473e-02,8.699489e-03,4.578557e-02
3.446496e-01,3.259673e-02,1.405821e-02,7.589085e-02,1.987901e-02,2.106595e-02,4.373307e-03,6.966678e-03,1.529570e-01,2.909803e-02,3.745781e-02,4.112171e-02,1.483813e-01,7.402779e-03,6.410115e-02
3.801969e-01,3.348298e-02,1.138343e-02,8.937530e-02,2.123059e-02,2.005467e-02,4.413478e-03,6.359485e-03,1.558574e-01,2.197556e-02,3.545657e-02,3.361500e-02,1.272844e-01,7.431353e-03,5.188291e-02
3.382012e-01,2.524229e-02,8.445722e-03,8.468488e-02,1.731692e-02,2.117664e-02,3.882966e-03,5.427027e-03,1.204866e-01,1.809069e-02,7.208300e-02,5.553632e-02,1.631009e-01,2.050758e-02,4.581729e-02
2.564012e-01,1.947479e-02,7.779867e-03,6.517906e-02,3.178500e-02,1.571904e-02,3.774560e-03,1.219147e-02,1.792466e-01,1.532857e-02,9.578875e-02,5.830964e-02,1.815160e-01,1.545585e-02,4.204961e-02
2.257462e-01,1.632441e-02,7.361990e-03,5.157133e-02,4.331153e-02,1.252858e-02,4.111565e-03,1.128807e-02,2.144747e-01,2.628735e-02,9.588919e-02,6.145435e-02,1.711786e-01,1.297545e-02,4.549671e-02
1.794415e-01,1.714023e-02,9.951375e-03,6.131878e-02,3.712480e-02,1.097814e-02,3.078381e-03,1.189788e-02,2.142895e-01,3.003496e-02,1.050363e-01,7.543802e-02,1.695003e-01,1.845421e-02,5.631559e-02
1.367119e-01,1.407359e-02,8.740570e-03,6.142784e-02,3.839128e-02,1.052066e-02,2.662388e-03,1.283433e-02,2.201986e-01,4.119515e-02,1.375038e-01,7.613767e-02,1.733441e-01,1.867178e-02,4.758639e-02
1.110296e-01,1.127567e-02,9.959176e-03,5.309431e-02,3.545610e-02,1.092446e-02,2.579570e-03,1.766430e-02,1.912189e-01,5.029125e-02,1.689417e-01,7.131479e-02,2.104368e-01,1.569435e-02,4.011892e-02
1.100641e-01,1.488719e-02,1.173549e-02,6.351977e-02,4.552093e-02,1.420693e-02,3.154446e-03,1.534093e-02,1.686497e-01,4.547438e-02,1.844383e-01,7.987494e-02,1.692424e-01,3.079031e-02,4.310019e-02
9.159099e-02,1.158654e-02,9.129532e-03,5.119345e-02,3.568328e-02,1.371025e-02,2.633614e-03,1.226481e-02,1.309942e-01,6.285069e-02,2.394918e-01,1.166218e-01,1.627095e-01,2.495838e-02,3.458107e-02
8.380197e-02,1.000901e-02,8.382811e-03,4.119774e-02,2.770630e-02,1.038566e-02,1.983443e-03,9.634706e-03,1.078413e-01,7.427824e-02,2.870069e-01,1.269709e-01,1.657210e-01,2.008886e-02,2.499122e-02
8.713750e-02,1.692128e-02,4.015422e-02,3.735822e-02,2.217547e-02,8.073047e-03,1.603034e-03,7.150213e-03,9.433115e-02,1.478639e-01,2.461862e-01,1.151181e-01,1.350292e-01,1.630949e-02,2.458897e-02
1.083229e-01,1.634259e-02,3.571223e-02,3.917106e-02,1.702072e-02,9.535867e-03,1.341684e-03,6.596103e-03,7.533488e-02,2.946823e-01,1.782496e-01,8.532725e-02,9.897286e-02,1.224136e-02,2.114865e-02
1.190961e-01,1.257358e-02,2.793527e-02,3.795385e-02,1.491571e-02,1.017923e-02,1.462299e-03,1.016260e-02,5.745900e-02,4.077134e-01,1.299125e-01,6.296287e-02,8.168153e-02,9.213740e-03,1.677835e-02
1.210217e-01,1.111339e-02,2.369804e-02,4.511825e-02,1.418282e-02,1.436611e-02,1.839282e-03,1.704274e-02,4.834420e-02,4.109696e-01,1.069262e-01,7.218722e-02,8.959255e-02,7.344505e-03,1.625333e-02
1.085279e-01,1.346195e-02,2.092440e-02,3.608054e-02,1.216973e-02,1.411143e-02,1.460968e-03,2.166384e-02,7.199228e-02,4.347057e-01,9.892358e-02,6.466940e-02,8.178916e-02,5.700719e-03,1.381832e-02
8.722711e-02,2.011995e-02,1.755282e-02,2.884682e-02,1.196876e-02,1.069435e-02,1.138211e-03,1.850523e-02,1.813856e-01,4.117677e-01,7.641551e-02,5.367351e-02,6.565667e-02,4.280104e-03,1.076762e-02
8.560658e-02,1.948738e-02,1.560864e-02,4.341608e-02,1.196015e-02,1.166413e-02,1.134036e-03,1.654253e-02,2.932633e-01,3.428247e-01,5.576797e-02,4.261981e-02,4.833376e-02,3.116169e-03,8.654767e-03
7.425151e-02,3.595184e-02,1.454213e-02,4.055021e-02,1.015190e-02,1.109291e-02,1.292890e-03,1.679835e-02,3.484481e-01,3.180729e-01,4.136362e-02,3.546941e-02,4.208457e-02,2.375911e-03,7.553701e-03
5.815499e-02,2.855126e-02,1.311244e-02,3.020290e-02,1.335144e-02,8.597570e-03,1.642344e-03,4.535644e-02,3.112288e-01,3.916687e-01,3.065305e-02,2.627091e-02,3.361462e-02,1.921783e-03,5.672655e-03
4.558827e-02,2.437381e-02,1.231625e-02,2.527772e-02,1.510674e-02,6.813682e-03,3.681201e-03,8.619632e-02,3.127717e-01,3.940819e-01,2.270591e-02,1.913475e-02,2.608475e-02,1.449962e-03,4.416969e-03
3.594191e-02,2.258835e-02,1.667091e-02,2.519275e-02,1.462015e-02,7.458962e-03,9.728962e-03,1.240554e-01,3.487810e-01,3.382849e-01,1.740228e-02,1.420849e-02,2.023435e-02,1.137456e-03,3.694170e-03
3.831350e-02,2.801488e-02,1.921763e-02,3.304867e-02,1.626971e-02,9.155048e-03,1.345383e-02,1.465630e-01,3.894520e-01,2.590998e-01,1.375961e-02,1.168623e-02,1.619046e-02,8.908156e-04,4.884800e-03
4.135267e-02,4.639127e-02,1.849562e-02,2.558538e-02,3.310554e-02,9.614130e-03,1.291633e-02,1.579022e-01,3.799000e-01,2.296351e-01,1.100122e-02,9.688724e-03,1.728268e-02,1.658018e-03,5.471053e-03
4.920940e-02,4.344693e-02,1.798938e-02,2.020891e-02,5.421478e-02,8.979192e-03,1.263091e-02,1.966935e-01,3.364652e-01,2.188841e-01,9.324912e-03,8.655348e-03,1.539016e-02,1.865892e-03,6.041339e-03
5.496435e-02,4.749535e-02,1.432024e-02,1.548705e-02,4.738622e-02,9.236821e-03,1.106542e-02,1.684048e-01,3.709853e-01,2.222210e-01,7.397410e-03,7.991905e-03,1.480028e-02,1.843674e-03,6.400106e-03
6.094481e-02,4.927602e-02,1.319847e-02,1.228200e-02,4.386508e-02,1.011377e-02,1.114703e-02,1.683842e-01,3.723221e-01,2.163842e-01,6.421691e-03,8.080823e-03,1.486196e-02,2.129358e-03,1.058847e-02
6.165174e-02,4.606976e-02,1.288780e-02,1.000470e-02,4.886987e-02,1.443052e-02,1.110258e-02,1.413821e-01,4.125226e-01,1.961772e-01,5.590714e-03,7.823972e-03,1.753234e-02,2.365356e-03,1.158871e-02
1.265575e-01,4.901866e-02,1.147174e-02,2.144987e-02,4.580774e-02,1.603182e-02,1.164020e-02,1.126209e-01,3.312569e-01,1.768416e-01,9.227373e-03,4.676638e-02,2.196517e-02,2.334057e-03,1.701009e-02
9.551600e-02,8.001441e-02,2.248579e-02,1.376344e-01,4.013568e-02,1.484930e-02,8.651428e-03,7.956523e-02,2.382025e-01,1.589614e-01,4.584226e-02,4.446166e-02,1.745103e-02,2.073327e-03,1.415567e-02
8.089004e-02,6.535600e-02,1.669978e-02,1.169319e-01,3.548613e-02,1.542124e-02,7.089110e-03,5.648531e-02,1.723266e-01,1.162469e-01,1.849512e-01,8.981097e-02,2.023860e-02,8.012566e-03,1.405361e-02
9.925836e-02,4.978880e-02,1.534368e-02,1.045852e-01,3.355484e-02,1.410111e-02,5.702476e-03,4.104377e-02,1.366785e-01,8.688773e-02,2.647895e-01,9.586295e-02,2.167013e-02,1.719628e-02,1.353672e-02
1.002240e-01,3.618642e-02,1.426113e-02,7.695043e-02,2.859973e-02,2.279805e-02,4.552480e-03,3.027670e-02,1.069282e-01,6.256159e-02,3.778141e-01,8.570571e-02,1.738307e-02,2.543627e-02,1.032210e-02
8.906949e-02,2.660967e-02,1.091355e-02,5.456134e-02,2.566743e-02,1.729859e-02,3.581403e-03,2.177180e-02,9.451294e-02,4.576705e-02,4.745834e-01,7.986432e-02,1.366240e-02,3.410097e-02,8.035545e-03
7.983512e-02,1.956123e-02,9.230444e-03,3.877820e-02,2.355091e-02,1.372160e-02,2.963158e-03,1.618836e-02,7.635213e-02,3.437756e-02,5.558991e-01,6.779804e-02,1.043260e-02,4.538869e-02,5.922773e-03
5.829437e-02,1.483857e-02,6.770459e-03,2.725394e-02,2.049004e-02,1.027919e-02,2.156120e-03,1.168914e-02,5.918236e-02,2.462178e-02,6.433220e-01,5.946967e-02,8.013344e-03,4.933656e-02,4.282457e-03
4.214435e-02,1.479641e-02,5.281168e-03,1.918206e-02,2.086067e-02,8.111708e-03,1.659632e-03,8.616496e-03,5.169304e-02,1.946272e-02,6.791233e-01,6.375268e-02,6.124654e-03,5.597536e-02,3.215767e-03
3.034187e-02,1.082730e-01,6.572375e-03,1.356700e-02,2.444959e-02,1.452220e-02,1.226434e-03,6.557026e-03,8.890973e-02,1.459766e-02,5.572268e-01,5.431375e-02,4.620890e-03,7.088202e-02,3.939724e-03
2.135163e-02,8.267902e-02,4.715587e-03,9.524092e-03,2.288784e-02,1.188057e-02,8.673960e-04,4.611229e-03,1.105256e-01,1.058483e-02,5.783561e-01,3.991789e-02,3.308815e-03,9.569705e-02,3.092336e-03
1.514300e-02,6.198867e-02,3.357704e-03,6.711931e-03,2.019674e-02,9.280081e-03,6.153351e-04,3.260238e-03,1.606868e-01,7.625183e-03,5.680009e-01,2.861718e-02,2.384352e-03,1.098024e-01,2.329489e-03
1.158616e-02,4.692220e-02,2.484452e-03,4.755286e-03,3.410451e-02,7.776574e-03,5.255966e-04,2.542435e-03,3.069378e-01,5.431653e-03,4.615814e-01,2.009513e-02,1.768946e-03,9.158875e-02,1.899036e-03
9.399836e-03,4.092765e-02,2.138931e-03,3.544419e-03,5.873189e-02,6.852014e-03,4.760774e-04,2.579771e-03,4.066514e-01,3.966904e-03,3.693552e-01,1.411815e-02,1.330440e-03,7.779041e-02,2.136875e-03
7.259461e-03,4.286637e-02,2.109064e-03,3.234592e-03,1.097233e-01,6.018525e-03,3.736387e-04,2.256955e-03,4.803612e-01,4.748944e-03,2.653483e-01,1.000503e-02,1.040949e-03,5.955444e-02,5.099152e-03
7.848574e-03,7.365842e-02,2.648227e-03,4.409728e-03,1.670080e-01,4.805425e-03,3.884045e-04,3.638470e-03,4.418739e-01,1.016293e-02,2.073485e-01,7.139528e-03,8.926914e-04,5.583886e-02,1.233834e-02
1.362907e-02,6.369340e-02,8.902477e-03,7.425101e-03,1.772393e-01,6.885755e-03,3.615724e-04,6.833760e-03,4.633205e-01,9.736527e-03,1.696160e-01,5.634184e-03,1.538603e-03,5.035294e-02,1.483077e-02
2.326900e-02,9.725808e-02,2.913953e-02,1.919470e-02,1.483364e-01,6.097470e-03,3.774071e-04,1.224377e-02,4.115714e-01,1.481778e-02,1.426730e-01,4.362461e-03,1.391989e-03,4.711372e-02,4.215328e-02
2.610403e-02,1.207319e-01,3.969997e-02,1.841606e-02,1.100088e-01,5.240311e-03,3.349591e-04,1.324922e-02,3.833298e-01,1.629197e-02,1.343960e-01,3.383272e-03,1.194177e-03,4.893402e-02,7.868554e-02
3.174517e-02,1.267262e-01,1.037453e-01,2.975218e-02,9.114915e-02,4.288424e-03,3.370118e-04,3.416318e-02,3.303590e-01,1.473797e-02,1.174998e-01,2.740606e-03,1.134982e-03,4.932623e-02,6.229481e-02
4.216444e-02,1.159531e-01,1.519646e-01,4.401073e-02,8.462583e-02,4.358224e-03,4.664779e-04,5.168953e-02,2.762030e-01,1.425269e-02,1.048051e-01,2.772537e-03,1.168453e-03,5.099678e-02,5.456860e-02
5.641450e-02,1.092213e-01,1.256607e-01,4.125645e-02,8.803730e-02,5.250582e-03,6.274944e-04,6.068560e-02,2.610779e-01,2.251480e-02,1.116212e-01,2.791742e-03,1.090193e-03,5.961946e-02,5.413061e-02
8.194879e-02,8.950753e-02,1.415437e-01,3.651160e-02,6.868140e-02,5.420736e-03,7.479182e-04,4.694887e-02,2.317940e-01,7.179326e-02,8.453100e-02,3.666749e-03,1.433506e-03,5.110111e-02,8.436979e-02
1.001340e-01,8.953707e-02,1.216053e-01,3.045950e-02,5.402622e-02,5.351130e-03,9.380735e-04,3.530608e-02,2.452007e-01,8.304910e-02,6.676934e-02,5.383654e-03,4.206535e-03,3.801480e-02,1.200185e-01
7.560827e-02,6.679308e-02,9.409542e-02,2.231918e-02,3.842009e-02,4.108101e-03,8.287532e-04,2.484509e-02,2.565144e-01,1.739444e-01,6.581987e-02,1.333071e-02,3.907977e-03,2.916799e-02,1.302967e-01
6.054619e-02,4.916930e-02,6.873451e-02,1.654338e-02,2.725299e-02,3.446872e-03,7.554925e-04,1.755788e-02,2.035961e-01,1.744695e-01,1.939309e-01,5.028572e-02,4.217621e-03,3.038418e-02,9.910925e-02
4.727055e-02,3.678793e-02,4.993774e-02,1.240838e-02,1.963609e-02,3.174885e-03,7.478628e-04,1.257962e-02,1.584960e-01,1.692197e-01,2.880189e-01,8.855213e-02,4.625876e-03,3.605447e-02,7.248990e-02
9.055144e-02,3.158387e-02,3.632963e-02,9.623751e-03,1.537692e-02,6.141399e-03,7.917871e-04,1.014436e-02,1.186701e-01,1.435252e-01,3.076581e-01,1.058932e-01,5.105528e-03,6.603017e-02,5.257456e-02
7.157373e-02,2.464881e-02,2.578558e-02,7.170093e-03,1.168775e-02,5.769315e-03,6.543379e-04,7.547337e-03,8.739091e-02,1.133842e-01,3.384694e-01,1.821956e-01,4.638386e-03,8.059188e-02,3.849251e-02
5.075739e-02,2.534567e-02,2.486094e-02,5.386850e-03,2.576217e-02,9.006189e-03,2.358631e-03,6.300360e-03,8.758503e-02,8.861440e-02,3.290607e-01,2.329143e-01,4.116093e-03,7.787292e-02,3.005832e-02
3.587811e-02,2.105252e-02,1.842589e-02,3.933474e-03,1.930183e-02,8.548695e-03,1.938359e-03,4.762651e-03,8.163603e-02,8.363822e-02,3.972005e-01,2.209481e-01,4.205113e-03,7.659756e-02,2.193294e-02
2.616509e-02,2.001645e-02,1.684914e-02,3.230658e-03,1.728431e-02,1.261341e-02,2.251707e-03,2.767956e-02,1.091835e-01,8.489186e-02,3.679882e-01,2.037745e-01,4.904803e-03,8.636720e-02,1.679955e-02
1.843120e-02,1.486297e-02,1.189327e-02,2.387529e-03,1.240325e-02,9.824947e-03,1.639823e-03,1.946410e-02,8.288752e-02,6.250234e-02,5.345405e-01,1.488458e-01,4.583761e-03,6.364823e-02,1.208470e-02
1.326961e-02,1.422044e-02,9.668480e-03,1.946179e-03,1.334056e-02,1.033481e-02,2.832458e-03,1.378243e-02,8.721709e-02,6.473860e-02,5.881256e-01,1.194945e-01,5.214431e-03,4.662201e-02,9.192801e-03
9.407760e-03,1.574699e-02,8.765226e-03,1.493702e-03,1.152152e-02,8.058091e-03,2.439358e-03,9.977749e-03,6.880372e-02,6.776731e-02,6.627710e-01,8.623979e-02,5.659781e-03,3.399294e-02,7.355093e-03
6.790633e-03,3.209253e-02,8.552199e-03,1.561903e-03,1.177568e-02,6.441695e-03,2.440975e-03,1.207617e-02,6.476881e-02,6.205619e-02,6.939611e-01,6.106083e-02,5.514460e-03,2.470244e-02,6.204391e-03
5.044583e-03,2.677393e-02,9.006136e-03,7.277423e-03,2.156493e-02,6.197121e-03,4.426814e-03,9.268602e-02,7.556530e-02,7.449657e-02,6.031908e-01,4.402668e-02,6.205832e-03,1.847456e-02,5.063237e-03
4.459380e-03,9.827700e-02,2.208204e-02,6.168776e-03,2.085316e-02,6.298203e-03,4.762262e-03,1.147514e-01,6.413102e-02,5.973018e-02,5.398628e-01,3.199917e-02,7.114080e-03,1.340757e-02,6.103001e-03
4.060902e-03,1.542295e-01,1.700380e-02,5.046687e-03,2.003707e-02,8.983918e-03,3.797144e-03,1.179960e-01,1.039007e-01,4.605547e-02,4.689065e-01,2.363581e-02,1.099759e-02,9.684715e-03,5.664274e-03
4.062394e-03,1.921078e-01,1.312111e-02,4.346538e-03,1.844286e-02,9.773820e-03,2.746620e-03,1.060453e-01,1.883174e-01,3.557373e-02,3.785065e-01,1.892289e-02,1.519562e-02,6.993789e-03,5.843546e-03
4.757169e-03,2.050277e-01,1.039980e-02,4.474019e-03,2.103617e-02,1.058916e-02,2.166648e-03,8.319350e-02,3.087384e-01,2.718810e-02,2.771769e-01,1.646100e-02,1.450338e-02,5.050979e-03,9.237152e-03
1.011972e-02,1.982501e-01,8.909005e-03,5.075654e-03,4.275287e-02,2.824757e-02,2.047916e-03,6.723543e-02,3.455882e-01,2.048896e-02,2.168640e-01,1.485806e-02,1.812476e-02,3.934761e-03,1.750287e-02
1.174789e-02,1.687276e-01,7.665453e-03,4.744911e-03,5.057380e-02,4.143578e-02,2.121274e-03,5.670492e-02,4.358692e-01,1.486571e-02,1.589333e-01,1.158359e-02,1.537851e-02,3.050869e-03,1.659716e-02
1.375715e-02,1.445205e-01,7.051664e-03,5.081234e-03,5.034442e-02,5.393082e-02,2.343121e-03,6.225593e-02,4.948622e-01,1.145640e-02,1.144506e-01,9.484691e-03,1.258342e-02,2.725236e-03,1.515266e-02
1.391956e-02,1.132233e-01,7.293389e-03,4.190328e-03,5.785789e-02,5.468062e-02,2.835525e-03,7.779545e-02,5.486965e-01,8.144297e-03,8.205337e-02,7.178685e-03,9.233018e-03,2.134818e-03,1.076323e-02
1.560758e-02,1.086932e-01,7.588850e-03,2.129573e-02,4.544213e-02,6.370148e-02,2.601837e-03,9.076665e-02,5.543587e-01,6.549116e-03,5.795398e-02,5.284219e-03,7.820560e-03,1.723262e-03,1.061272e-02
1.754699e-02,9.258468e-02,6.124893e-03,2.390850e-02,3.899664e-02,1.251615e-01,2.626337e-03,7.991860e-02,5.361180e-01,5.445102e-03,4.173804e-02,4.186651e-03,7.577622e-03,1.720744e-03,1.634568e-02
1.446776e-02,7.194922e-02,5.195565e-03,1.154240e-01,3.593799e-02,1.133047e-01,1.974401e-03,7.624200e-02,4.979962e-01,4.994157e-03,3.325276e-02,4.104505e-03,7.787129e-03,1.513094e-03,1.585650e-02
1.668531e-02,5.487568e-02,4.451525e-03,1.520559e-01,3.511185e-02,1.040257e-01,1.702277e-03,7.800921e-02,4.824643e-01,5.895111e-03,3.295878e-02,4.458169e-03,9.187384e-03,1.509009e-03,1.660982e-02
1.534743e-02,4.118457e-02,4.441505e-03,1.229959e-01,2.720272e-02,7.923542e-02,1.345906e-03,6.429783e-02,3.813143e-01,7.001471e-03,1.746569e-01,1.255243e-02,4.975211e-02,1.323446e-03,1.734796e-02
1.766976e-02,4.204680e-02,5.107854e-03,1.058119e-01,1.999084e-02,6.165190e-02,1.034601e-03,5.060551e-02,4.501550e-01,7.109575e-03,1.508572e-01,1.049867e-02,5.003489e-02,1.234444e-03,2.619101e-02
2.319986e-02,3.997773e-02,4.268939e-03,1.119368e-01,1.463235e-02,5.173397e-02,7.920637e-04,3.683224e-02,4.471748e-01,9.582588e-03,1.386276e-01,1.136636e-02,6.775437e-02,3.687296e-03,3.843302e-02
1.879592e-02,3.987524e-02,4.716400e-03,1.427866e-01,1.080068e-02,4.527723e-02,7.329523e-04,2.641901e-02,4.067601e-01,2.516645e-02,1.323861e-01,1.400544e-02,8.419333e-02,4.577927e-03,4.350658e-02
1.703554e-02,3.739446e-02,5.572798e-03,1.822039e-01,8.885353e-03,3.867956e-02,7.749950e-04,1.949785e-02,3.398220e-01,4.703195e-02,1.218084e-01,2.261169e-02,9.760408e-02,5.787474e-03,5.528998e-02
2.221208e-02,2.856466e-02,7.708105e-03,1.366418e-01,1.003830e-02,3.110813e-02,1.417968e-03,2.348206e-02,2.771177e-01,5.332456e-02,1.454142e-01,4.622424e-02,1.355832e-01,6.686543e-03,7.447645e-02
7.483841e-02,2.110113e-02,6.831291e-03,9.722356e-02,4.616264e-02,2.297074e-02,2.546195e-03,1.933489e-02,2.129555e-01,7.459450e-02,1.741294e-01,5.875725e-02,1.141042e-01,1.224546e-02,6.220484e-02
1.122171e-01,1.551696e-02,5.375435e-03,7.038357e-02,5.026923e-02,1.708726e-02,2.840512e-03,1.693035e-02,1.715218e-01,6.491026e-02,1.992230e-01,9.688996e-02,1.128145e-01,1.252082e-02,5.149923e-02
1.052511e-01,1.185000e-02,4.042021e-03,5.515981e-02,3.768384e-02,1.329834e-02,2.355256e-03,1.271098e-02,1.313396e-01,1.261179e-01,1.954337e-01,1.324371e-01,1.155353e-01,1.644896e-02,4.033615e-02
9.965681e-02,9.074102e-03,3.326479e-03,4.319118e-02,2.802970e-02,1.062302e-02,1.855261e-03,1.002852e-02,1.049461e-01,1.427316e-01,1.863866e-01,1.846557e-01,1.289263e-01,1.593723e-02,3.063142e-02
7.670332e-02,7.538794e-03,3.989571e-03,3.401913e-02,2.107784e-02,8.480578e-03,1.404814e-03,8.154346e-03,9.273729e-02,1.602411e-01,1.899258e-01,1.865693e-01,1.732457e-01,1.259840e-02,2.331405e-02
6.108826e-02,7.189573e-03,1.035717e-02,3.220186e-02,2.569251e-02,7.362214e-03,1.437048e-03,9.260318e-03,1.178690e-01,2.356372e-01,1.502903e-01,1.619895e-01,1.524335e-01,9.267094e-03,1.792442e-02
4.660963e-02,5.668336e-03,1.544104e-02,2.680741e-02,3.228606e-02,5.711340e-03,1.428850e-03,2.378915e-02,1.006797e-01,3.517306e-01,1.178085e-01,1.236168e-01,1.288072e-01,6.630862e-03,1.298475e-02
6.928454e-02,6.449703e-03,2.849473e-02,3.811289e-02,3.555306e-02,5.559077e-03,1.390415e-03,2.478294e-02,8.458609e-02,4.000123e-01,9.463294e-02,9.273978e-02,1.027824e-01,5.187842e-03,1.043139e-02
6.326374e-02,5.427683e-03,2.514511e-02,3.151617e-02,3.140247e-02,6.634748e-03,1.294521e-03,2.621565e-02,6.877545e-02,4.902655e-01,7.951925e-02,6.914460e-02,8.913736e-02,4.245951e-03,8.011756e-03
5.649000e-02,6.127582e-03,2.209254e-02,2.678616e-02,4.547635e-02,5.322742e-03,1.460294e-03,2.610532e-02,6.857884e-02,5.195819e-01,7.483523e-02,5.457058e-02,8.254226e-02,3.475955e-03,6.554255e-03
5.054817e-02,5.379756e-03,1.788209e-02,2.321118e-02,4.235993e-02,5.248418e-03,1.188528e-03,2.801311e-02,5.740832e-02,5.754876e-01,6.967186e-02,4.923958e-02,6.556578e-02,3.002496e-03,5.793171e-03
4.807605e-02,1.317698e-02,1.759082e-02,2.208059e-02,4.291532e-02,4.303892e-03,1.069805e-03,3.965699e-02,9.775215e-02,5.108245e-01,6.972612e-02,6.767289e-02,5.695996e-02,2.366250e-03,5.827573e-03
6.540158e-02,2.414123e-02,4.526078e-02,2.464495e-02,5.069100e-02,4.021212e-03,1.116737e-03,5.585500e-02,1.367472e-01,4.236166e-01,5.957225e-02,5.833929e-02,4.242786e-02,1.924768e-03,6.239448e-03
5.974432e-02,2.145516e-02,2.119913e-01,4.126877e-02,4.637505e-02,4.098178e-03,1.343290e-03,4.833487e-02,1.243183e-01,3.149320e-01,4.583324e-02,4.241813e-02,3.100311e-02,1.471075e-03,5.413152e-03
5.251839e-02,1.933365e-02,4.041720e-01,3.145153e-02,3.517935e-02,3.339956e-03,1.005699e-03,3.600276e-02,9.964170e-02,2.254816e-01,3.417600e-02,3.010284e-02,2.211793e-02,1.152175e-03,4.324328e-03
6.162494e-02,5.595208e-02,4.494653e-01,2.574686e-02,6.021658e-02,3.558124e-03,1.841105e-03,2.763430e-02,8.151617e-02,1.652709e-01,2.458295e-02,2.134794e-02,1.581155e-02,1.239023e-03,4.192137e-03
6.378646e-02,6.144357e-02,5.070757e-01,2.326163e-02,7.551239e-02,4.423858e-03,2.989045e-03,2.170305e-02,6.545487e-02,1.240614e-01,1.767222e-02,1.531535e-02,1.139925e-02,1.365262e-03,4.535971e-03
8.270875e-02,7.099739e-02,4.710410e-01,2.139182e-02,9.753191e-02,9.627949e-03,7.159313e-03,2.003849e-02,6.223708e-02,1.129024e-01,1.277950e-02,1.149584e-02,8.894853e-03,1.892203e-03,9.301473e-03
7.799442e-02,7.360827e-02,4.969343e-01,2.829472e-02,1.118452e-01,1.107532e-02,8.373171e-03,1.885013e-02,4.940009e-02,8.799526e-02,9.150038e-03,8.728744e-03,6.779246e-03,1.543752e-03,9.427290e-03
9.305628e-02,6.597702e-02,5.375486e-01,2.179273e-02,1.023042e-01,9.046907e-03,6.933486e-03,1.592362e-02,3.665059e-02,8.229443e-02,6.586023e-03,6.647899e-03,5.062239e-03,1.388106e-03,8.787798e-03
1.277093e-01,5.893684e-02,5.456162e-01,1.768741e-02,1.065204e-01,7.873655e-03,5.638481e-03,1.361691e-02,2.664611e-02,6.473759e-02,4.960954e-03,6.341776e-03,4.124687e-03,1.407787e-03,8.181779e-03
1.447530e-01,7.188208e-02,4.936629e-01,2.674070e-02,1.314840e-01,9.050701e-03,5.150154e-03,1.263306e-02,2.085887e-02,4.983864e-02,4.402219e-03,1.070341e-02,4.856640e-03,1.271289e-03,1.271230e-02
2.376187e-01,6.605570e-02,4.129392e-01,3.190857e-02,1.160292e-01,1.049647e-02,5.109069e-03,1.084191e-02,1.597945e-02,4.528481e-02,4.683669e-03,1.619319e-02,5.603346e-03,1.662874e-03,1.959388e-02
3.009209e-01,5.761797e-02,3.919008e-01,2.576431e-02,9.809659e-02,1.005488e-02,4.570270e-03,1.099833e-02,1.312051e-02,4.649549e-02,3.895021e-03,1.309230e-02,4.532707e-03,1.643235e-03,1.729670e-02
