1.000000e+00,0.000000e+00,0.000000e+00,0.000000e+00,0.000000e+00,0.000000e+00,0.000000e+00,0.000000e+00,0.000000e+00,0.000000e+00,0.000000e+00,0.000000e+00,0.000000e+00,0.000000e+00,0.000000e+00
1.000000e+00,0.000000e+00,0.000000e+00,0.000000e+00,0.000000e+00,0.000000e+00,0.000000e+00,0.000000e+00,0.000000e+00,0.000000e+00,0.000000e+00,0.000000e+00,0.000000e+00,0.000000e+00,0.000000e+00
1.000000e+00,0.000000e+00,0.000000e+00,0.000000e+00,0.000000e+00,0.000000e+00,0.000000e+00,0.000000e+00,0.000000e+00,0.000000e+00,0.000000e+00,0.000000e+00,0.000000e+00,0.000000e+00,0.000000e+00
1.000000e+00,0.000000e+00,0.000000e+00,0.000000e+00,0.000000e+00,0.000000e+00,0.000000e+00,0.000000e+00,0.000000e+00,0.000000e+00,0.000000e+00,0.000000e+00,0.000000e+00,0.000000e+00,0.000000e+00
1.000000e+00,0.000000e+00,0.000000e+00,0.000000e+00,0.000000e+00,0.000000e+00,0.000000e+00,0.000000e+00,0.000000e+00,0.000000e+00,0.000000e+00,0.000000e+00,0.000000e+00,0.000000e+00,0.000000e+00
1.000000e+00,0.000000e+00,0.000000e+00,0.000000e+00,0.000000e+00,0.000000e+00,0.000000e+00,0.000000e+00,0.000000e+00,0.000000e+00,0.000000e+00,0.000000e+00,0.000000e+00,0.000000e+00,0.000000e+00
1.000000e+00,0.000000e+00,0.000000e+00,0.000000e+00,0.000000e+00,0.000000e+00,0.000000e+00,0.000000e+00,0.000000e+00,0.000000e+00,0.000000e+00,0.000000e+00,0.000000e+00,0.000000e+00,0.000000e+00
1.000000e+00,0.000000e+00,0.000000e+00,0.000000e+00,0.000000e+00,0.000000e+00,0.000000e+00,0.000000e+00,0.000000e+00,0.000000e+00,0.000000e+00,0.000000e+00,0.000000e+00,0.000000e+00,0.000000e+00
1.000000e+00,0.000000e+00,0.000000e+00,0.000000e+00,0.000000e+00,0.000000e+00,0.000000e+00,0.000000e+00,0.000000e+00,0.000000e+00,0.000000e+00,0.000000e+00,0.000000e+00,0.000000e+00,0.000000e+00
1.000000e+00,0.000000e+00,0.000000e+00,0.000000e+00,0.000000e+00,0.000000e+00,0.000000e+00,0.000000e+00,0.000000e+00,0.000000e+00,0.000000e+00,0.000000e+00,0.000000e+00,0.000000e+00,0.000000e+00
1.000000e+00,0.000000e+00,0.000000e+00,0.000000e+00,0.000000e+00,0.000000e+00,0.000000e+00,0.000000e+00,0.000000e+00,0.000000e+00,0.000000e+00,0.000000e+00,0.000000e+00,0.000000e+00,0.000000e+00
1.000000e+00,0.000000e+00,0.000000e+00,0.000000e+00,0.000000e+00,0.000000e+00,0.000000e+00,0.000000e+00,0.000000e+00,0.000000e+00,0.000000e+00,0.000000e+00,0.000000e+00,0.000000e+00,0.000000e+00
1.000000e+00,0.000000e+00,0.000000e+00,0.000000e+00,0.000000e+00,0.000000e+00,0.000000e+00,0.000000e+00,0.000000e+00,0.000000e+00,0.000000e+00,0.000000e+00,0.000000e+00,0.000000e+00,0.000000e+00
1.000000e+00,0.000000e+00,0.000000e+00,0.000000e+00,0.000000e+00,0.000000e+00,0.000000e+00,0.000000e+00,0.000000e+00,0.000000e+00,0.000000e+00,0.000000e+00,0.000000e+00,0.000000e+00,0.000000e+00
1.000000e+00,0.000000e+00,0.000000e+00,0.000000e+00,0.000000e+00,0.000000e+00,0.000000e+00,0.000000e+00,0.000000e+00,0.000000e+00,0.000000e+00,0.000000e+00,0.000000e+00,0.000000e+00,0.000000e+00
1.000000e+00,0.000000e+00,0.000000e+00,0.000000e+00,0.000000e+00,0.000000e+00,0.000000e+00,0.000000e+00,0.000000e+00,0.000000e+00,0.000000e+00,0.000000e+00,0.000000e+00,0.000000e+00,0.000000e+00
1.000000e+00,0.000000e+00,0.000000e+00,0.000000e+00,0.000000e+00,0.000000e+00,0.000000e+00,0.000000e+00,0.000000e+00,0.000000e+00,0.000000e+00,0.000000e+00,0.000000e+00,0.000000e+00,0.000000e+00
1.000000e+00,0.000000e+00,0.000000e+00,0.000000e+00,0.000000e+00,0.000000e+00,0.000000e+00,0.000000e+00,0.000000e+00,0.000000e+00,0.000000e+00,0.000000e+00,0.000000e+00,0.000000e+00,0.000000e+00
1.000000e+00,0.000000e+00,0.000000e+00,0.000000e+00,0.000000e+00,0.000000e+00,0.000000e+00,0.000000e+00,0.000000e+00,0.000000e+00,0.000000e+00,0.000000e+00,0.000000e+00,0.000000e+00,0.000000e+00
1.000000e+00,0.000000e+00,0.000000e+00,0.000000e+00,0.000000e+00,0.000000e+00,0.000000e+00,0.000000e+00,0.000000e+00,0.000000e+00,0.000000e+00,0.000000e+00,0.000000e+00,0.000000e+00,0.000000e+00
1.000000e+00,0.000000e+00,0.000000e+00,0.000000e+00,0.000000e+00,0.000000e+00,0.000000e+00,0.000000e+00,0.000000e+00,0.000000e+00,0.000000e+00,0.000000e+00,0.000000e+00,0.000000e+00,0.000000e+00
1.000000e+00,0.000000e+00,0.000000e+00,0.000000e+00,0.000000e+00,0.000000e+00,0.000000e+00,0.000000e+00,0.000000e+00,0.000000e+00,0.000000e+00,0.000000e+00,0.000000e+00,0.000000e+00,0.000000e+00
1.000000e+00,0.000000e+00,0.000000e+00,0.000000e+00,0.000000e+00,0.000000e+00,0.000000e+00,0.000000e+00,0.000000e+00,0.000000e+00,0.000000e+00,0.000000e+00,0.000000e+00,0.000000e+00,0.000000e+00
1.000000e+00,0.000000e+00,0.000000e+00,0.000000e+00,0.000000e+00,0.000000e+00,0.000000e+00,0.000000e+00,0.000000e+00,0.000000e+00,0.000000e+00,0.000000e+00,0.000000e+00,0.000000e+00,0.000000e+00
1.000000e+00,0.000000e+00,0.000000e+00,0.000000e+00,0.000000e+00,0.000000e+00,0.000000e+00,0.000000e+00,0.000000e+00,0.000000e+00,0.000000e+00,0.000000e+00,0.000000e+00,0.000000e+00,0.000000e+00
1.000000e+00,0.000000e+00,0.000000e+00,0.000000e+00,0.000000e+00,0.000000e+00,0.000000e+00,0.000000e+00,0.000000e+00,0.000000e+00,0.000000e+00,0.000000e+00,0.000000e+00,0.000000e+00,0.000000e+00
1.000000e+00,0.000000e+00,0.000000e+00,0.000000e+00,0.000000e+00,0.000000e+00,0.000000e+00,0.000000e+00,0.000000e+00,0.000000e+00,0.000000e+00,0.000000e+00,0.000000e+00,0.000000e+00,0.000000e+00
1.000000e+00,0.000000e+00,0.000000e+00,0.000000e+00,0.000000e+00,0.000000e+00,0.000000e+00,0.000000e+00,0.000000e+00,0.000000e+00,0.000000e+00,0.000000e+00,0.000000e+00,0.000000e+00,0.000000e+00
1.000000e+00,0.000000e+00,0.000000e+00,0.000000e+00,0.000000e+00,0.000000e+00,0.000000e+00,0.000000e+00,0.000000e+00,0.000000e+00,0.000000e+00,0.000000e+00,0.000000e+00,0.000000e+00,0.000000e+00
1.000000e+00,0.000000e+00,0.000000e+00,0.000000e+00,0.000000e+00,0.000000e+00,0.000000e+00,0.000000e+00,0.000000e+00,0.000000e+00,0.000000e+00,0.000000e+00,0.000000e+00,0.000000e+00,0.000000e+00
1.000000e+00,0.000000e+00,0.000000e+00,0.000000e+00,0.000000e+00,0.000000e+00,0.000000e+00,0.000000e+00,0.000000e+00,0.000000e+00,0.000000e+00,0.000000e+00,0.000000e+00,0.000000e+00,0.000000e+00
1.000000e+00,0.000000e+00,0.000000e+00,0.000000e+00,0.000000e+00,0.000000e+00,0.000000e+00,0.000000e+00,0.000000e+00,0.000000e+00,0.000000e+00,0.000000e+00,0.000000e+00,0.000000e+00,0.000000e+00
1.000000e+00,0.000000e+00,0.000000e+00,0.000000e+00,0.000000e+00,0.000000e+00,0.000000e+00,0.000000e+00,0.000000e+00,0.000000e+00,0.000000e+00,0.000000e+00,0.000000e+00,0.000000e+00,0.000000e+00
1.000000e+00,0.000000e+00,0.000000e+00,0.000000e+00,0.000000e+00,0.000000e+00,0.000000e+00,0.000000e+00,0.000000e+00,0.000000e+00,0.000000e+00,0.000000e+00,0.000000e+00,0.000000e+00,0.000000e+00
1.000000e+00,0.000000e+00,0.000000e+00,0.000000e+00,0.000000e+00,0.000000e+00,0.000000e+00,0.000000e+00,0.000000e+00,0.000000e+00,0.000000e+00,0.000000e+00,0.000000e+00,0.000000e+00,0.000000e+00
1.000000e+00,0.000000e+00,0.000000e+00,0.000000e+00,0.000000e+00,0.000000e+00,0.000000e+00,0.000000e+00,0.000000e+00,0.000000e+00,0.000000e+00,0.000000e+00,0.000000e+00,0.000000e+00,0.000000e+00
1.000000e+00,0.000000e+00,0.000000e+00,0.000000e+00,0.000000e+00,0.000000e+00,0.000000e+00,0.000000e+00,0.000000e+00,0.000000e+00,0.000000e+00,0.000000e+00,0.000000e+00,0.000000e+00,0.000000e+00
1.000000e+00,0.000000e+00,0.000000e+00,0.000000e+00,0.000000e+00,0.000000e+00,0.000000e+00,0.000000e+00,0.000000e+00,0.000000e+00,0.000000e+00,0.000000e+00,0.000000e+00,0.000000e+00,0.000000e+00
1.000000e+00,0.000000e+00,0.000000e+00,0.000000e+00,0.000000e+00,0.000000e+00,0.000000e+00,0.000000e+00,0.000000e+00,0.000000e+00,0.000000e+00,0.000000e+00,0.000000e+00,0.000000e+00,0.000000e+00
1.000000e+00,0.000000e+00,0.000000e+00,0.000000e+00,0.000000e+00,0.000000e+00,0.000000e+00,0.000000e+00,0.000000e+00,0.000000e+00,0.000000e+00,0.000000e+00,0.000000e+00,0.000000e+00,0.000000e+00
1.000000e+00,0.000000e+00,0.000000e+00,0.000000e+00,0.000000e+00,0.000000e+00,0.000000e+00,0.000000e+00,0.000000e+00,0.000000e+00,0.000000e+00,0.000000e+00,0.000000e+00,0.000000e+00,0.000000e+00
1.000000e+00,0.000000e+00,0.000000e+00,0.000000e+00,0.000000e+00,0.000000e+00,0.000000e+00,0.000000e+00,0.000000e+00,0.000000e+00,0.000000e+00,0.000000e+00,0.000000e+00,0.000000e+00,0.000000e+00
1.000000e+00,0.000000e+00,0.000000e+00,0.000000e+00,0.000000e+00,0.000000e+00,0.000000e+00,0.000000e+00,0.000000e+00,0.000000e+00,0.000000e+00,0.000000e+00,0.000000e+00,0.000000e+00,0.000000e+00
1.000000e+00,0.000000e+00,0.000000e+00,0.000000e+00,0.000000e+00,0.000000e+00,0.000000e+00,0.000000e+00,0.000000e+00,0.000000e+00,0.000000e+00,0.000000e+00,0.000000e+00,0.000000e+00,0.000000e+00
1.000000e+00,0.000000e+00,0.000000e+00,0.000000e+00,0.000000e+00,0.000000e+00,0.000000e+00,0.000000e+00,0.000000e+00,0.000000e+00,0.000000e+00,0.000000e+00,0.000000e+00,0.000000e+00,0.000000e+00
1.000000e+00,0.000000e+00,0.000000e+00,0.000000e+00,0.000000e+00,0.000000e+00,0.000000e+00,0.000000e+00,0.000000e+00,0.000000e+00,0.000000e+00,0.000000e+00,0.000000e+00,0.000000e+00,0.000000e+00
1.000000e+00,0.000000e+00,0.000000e+00,0.000000e+00,0.000000e+00,0.000000e+00,0.000000e+00,0.000000e+00,0.000000e+00,0.000000e+00,0.000000e+00,0.000000e+00,0.000000e+00,0.000000e+00,0.000000e+00
1.000000e+00,0.000000e+00,0.000000e+00,0.000000e+00,0.000000e+00,0.000000e+00,0.000000e+00,0.000000e+00,0.000000e+00,0.000000e+00,0.000000e+00,0.000000e+00,0.000000e+00,0.000000e+00,0.000000e+00
1.000000e+00,0.000000e+00,0.000000e+00,0.000000e+00,0.000000e+00,0.000000e+00,0.000000e+00,0.000000e+00,0.000000e+00,0.000000e+00,0.000000e+00,0.000000e+00,0.000000e+00,0.000000e+00,0.000000e+00
1.000000e+00,0.000000e+00,0.000000e+00,0.000000e+00,0.000000e+00,0.000000e+00,0.000000e+00,0.000000e+00,0.000000e+00,0.000000e+00,0.000000e+00,0.000000e+00,0.000000e+00,0.000000e+00,0.000000e+00
1.000000e+00,0.000000e+00,0.000000e+00,0.000000e+00,0.000000e+00,0.000000e+00,0.000000e+00,0.000000e+00,0.000000e+00,0.000000e+00,0.000000e+00,0.000000e+00,0.000000e+00,0.000000e+00,0.000000e+00
1.000000e+00,0.000000e+00,0.000000e+00,0.000000e+00,0.000000e+00,0.000000e+00,0.000000e+00,0.000000e+00,0.000000e+00,0.000000e+00,0.000000e+00,0.000000e+00,0.000000e+00,0.000000e+00,0.000000e+00
1.000000e+00,0.000000e+00,0.000000e+00,0.000000e+00,0.000000e+00,0.000000e+00,0.000000e+00,0.000000e+00,0.000000e+00,0.000000e+00,0.000000e+00,0.000000e+00,0.000000e+00,0.000000e+00,0.000000e+00
1.000000e+00,0.000000e+00,0.000000e+00,0.000000e+00,0.000000e+00,0.000000e+00,0.000000e+00,0.000000e+00,0.000000e+00,0.000000e+00,0.000000e+00,0.000000e+00,0.000000e+00,0.000000e+00,0.000000e+00
1.000000e+00,0.000000e+00,0.000000e+00,0.000000e+00,0.000000e+00,0.000000e+00,0.000000e+00,0.000000e+00,0.000000e+00,0.000000e+00,0.000000e+00,0.000000e+00,0.000000e+00,0.000000e+00,0.000000e+00
1.000000e+00,0.000000e+00,0.000000e+00,0.000000e+00,0.000000e+00,0.000000e+00,0.000000e+00,0.000000e+00,0.000000e+00,0.000000e+00,0.000000e+00,0.000000e+00,0.000000e+00,0.000000e+00,0.000000e+00
1.000000e+00,0.000000e+00,0.000000e+00,0.000000e+00,0.000000e+00,0.000000e+00,0.000000e+00,0.000000e+00,0.000000e+00,0.000000e+00,0.000000e+00,0.000000e+00,0.000000e+00,0.000000e+00,0.000000e+00
1.000000e+00,0.000000e+00,0.000000e+00,0.000000e+00,0.000000e+00,0.000000e+00,0.000000e+00,0.000000e+00,0.000000e+00,0.000000e+00,0.000000e+00,0.000000e+00,0.000000e+00,0.000000e+00,0.000000e+00
1.000000e+00,0.000000e+00,0.000000e+00,0.000000e+00,0.000000e+00,0.000000e+00,0.000000e+00,0.000000e+00,0.000000e+00,0.000000e+00,0.000000e+00,0.000000e+00,0.000000e+00,0.000000e+00,0.000000e+00
1.000000e+00,0.000000e+00,0.000000e+00,0.000000e+00,0.000000e+00,0.000000e+00,0.000000e+00,0.000000e+00,0.000000e+00,0.000000e+00,0.000000e+00,0.000000e+00,0.000000e+00,0.000000e+00,0.000000e+00
1.000000e+00,0.000000e+00,0.000000e+00,0.000000e+00,0.000000e+00,0.000000e+00,0.000000e+00,0.000000e+00,0.000000e+00,0.000000e+00,0.000000e+00,0.000000e+00,0.000000e+00,0.000000e+00,0.000000e+00
3.817303e-01,3.534053e-02,1.806264e-02,1.268634e-01,3.973282e-03,2.956464e-02,3.285501e-03,3.190031e-02,1.739734e-02,1.753147e-01,1.666345e-02,4.317310e-02,3.224092e-02,3.630506e-03,8.085932e-02
2.680269e-01,1.393030e-01,1.549577e-02,1.906974e-01,3.085459e-03,2.107253e-02,2.386387e-03,2.282471e-02,2.502836e-02,1.283831e-01,2.126353e-02,3.945936e-02,2.754106e-02,3.076627e-03,9.235569e-02
1.880567e-01,1.806538e-01,1.397149e-02,1.714811e-01,2.605597e-03,1.563569e-02,1.757452e-03,1.631081e-02,4.105799e-02,1.021267e-01,3.244257e-02,3.182002e-02,3.405286e-02,3.037916e-03,1.649894e-01
1.320852e-01,1.788513e-01,1.056749e-02,1.208121e-01,1.998363e-03,1.136443e-02,1.254079e-03,1.148460e-02,4.554046e-02,7.517999e-02,2.357861e-02,2.247753e-02,2.505748e-02,1.747353e-02,3.222749e-01
9.359086e-02,1.657133e-01,8.148180e-03,8.602136e-02,1.592445e-03,8.204047e-03,8.980745e-04,8.203349e-03,5.795810e-02,6.115967e-02,1.813633e-02,1.640022e-02,1.857736e-02,6.653767e-02,3.888591e-01
6.596024e-02,1.304581e-01,6.393485e-03,6.315441e-02,1.142345e-03,5.900542e-03,6.406492e-04,5.791051e-03,5.392946e-02,4.870614e-02,1.324219e-02,1.217976e-02,1.348007e-02,6.222947e-02,5.167921e-01
4.816679e-02,1.212516e-01,4.629323e-03,4.482248e-02,8.192429e-04,4.238194e-03,4.531678e-04,4.098127e-03,6.412484e-02,3.796427e-02,9.598304e-03,8.756974e-03,1.013221e-02,6.413160e-02,5.768129e-01
3.527575e-02,9.613235e-02,3.485634e-03,3.202694e-02,5.871352e-04,3.074198e-03,3.276840e-04,2.900341e-03,8.176591e-02,3.085648e-02,7.080301e-03,6.455573e-03,7.379362e-03,8.123705e-02,6.114153e-01
3.830680e-02,9.302035e-02,2.840707e-03,2.387199e-02,6.259594e-04,2.364780e-03,2.853661e-04,2.277848e-03,1.740640e-01,2.543599e-02,6.785208e-03,5.831987e-03,7.871879e-03,1.000749e-01,5.163423e-01
3.173519e-02,8.815158e-02,2.133849e-03,1.717619e-02,5.230795e-04,1.798703e-03,2.128986e-04,1.633409e-03,2.245551e-01,2.011342e-02,6.973935e-03,5.007980e-03,6.171675e-03,9.615771e-02,4.976553e-01
2.555118e-02,8.460349e-02,1.579437e-03,1.249750e-02,3.821833e-04,1.483071e-03,1.597986e-04,1.156688e-03,1.904482e-01,1.669502e-02,7.025637e-03,5.144293e-03,4.788950e-03,1.262951e-01,5.221895e-01
2.331918e-02,6.586315e-02,1.175626e-03,9.121904e-03,3.232454e-04,1.289415e-03,1.339363e-04,8.339208e-04,1.423099e-01,1.427749e-02,8.046397e-03,5.414811e-03,3.931085e-03,2.541576e-01,4.698024e-01
3.526399e-02,5.440187e-02,1.249738e-03,7.062053e-03,1.588802e-03,1.494796e-03,1.719432e-04,7.401610e-04,1.254368e-01,1.196054e-02,8.957602e-03,4.573850e-03,3.544183e-03,3.357546e-01,4.077990e-01
5.583403e-02,5.654671e-02,7.329466e-03,1.379580e-02,1.590554e-02,4.007357e-02,1.089916e-03,1.599513e-03,1.398315e-01,1.285642e-02,8.541099e-03,3.761888e-03,3.860592e-03,2.614019e-01,3.775721e-01
9.170771e-02,6.319367e-02,2.837541e-02,5.574688e-02,4.187204e-02,4.565956e-02,1.398757e-03,2.224181e-03,1.285844e-01,1.457987e-02,7.127146e-03,3.590469e-03,4.758241e-03,1.973816e-01,3.138000e-01
1.299417e-01,8.001616e-02,6.124969e-02,6.785340e-02,7.306080e-02,5.077620e-02,2.474751e-03,2.657455e-03,1.147396e-01,1.380579e-02,5.545813e-03,2.821170e-03,4.954951e-03,1.428057e-01,2.472968e-01
1.560263e-01,6.725269e-02,1.476542e-01,9.744067e-02,6.564348e-02,4.041609e-02,2.813084e-03,1.615284e-02,9.099589e-02,1.062990e-02,4.997334e-03,2.452527e-03,4.218675e-03,1.051809e-01,1.881254e-01
1.455823e-01,5.834958e-02,2.730213e-01,1.000981e-01,5.214823e-02,3.271509e-02,2.350970e-03,1.902113e-02,7.065250e-02,1.287532e-02,4.527272e-03,2.378783e-03,3.757219e-03,7.624725e-02,1.462750e-01
1.182868e-01,4.680534e-02,3.754462e-01,1.144835e-01,4.247458e-02,2.743696e-02,1.934883e-03,1.655836e-02,5.696344e-02,2.043299e-02,4.618180e-03,2.680996e-03,3.542667e-03,5.636437e-02,1.119708e-01
9.094734e-02,4.360991e-02,4.836337e-01,1.051257e-01,3.494637e-02,2.566627e-02,1.624932e-03,1.542135e-02,4.242758e-02,2.373788e-02,4.949079e-03,2.310885e-03,3.234163e-03,4.010190e-02,8.226287e-02
9.284979e-02,3.957728e-02,5.177515e-01,1.026912e-01,3.390895e-02,2.505933e-02,1.441876e-03,2.100371e-02,3.602245e-02,2.250425e-02,6.709036e-03,2.444889e-03,3.437186e-03,2.997538e-02,6.462321e-02
7.398291e-02,3.685796e-02,6.096878e-01,8.009569e-02,2.421751e-02,1.908422e-02,1.204564e-03,1.566472e-02,2.817633e-02,2.198435e-02,7.694338e-03,2.821963e-03,3.234918e-03,2.149144e-02,5.380131e-02
1.026573e-01,4.154221e-02,5.686433e-01,6.348545e-02,1.890942e-02,1.430508e-02,1.167578e-03,1.401273e-02,5.003306e-02,3.874207e-02,1.050667e-02,3.282005e-03,3.123780e-03,1.617265e-02,5.341665e-02
8.878374e-02,3.473105e-02,4.156828e-01,6.909180e-02,1.344762e-02,1.069033e-02,8.667684e-04,1.031345e-02,1.293112e-01,4.765440e-02,1.763421e-02,3.109626e-03,1.072917e-02,1.242856e-02,1.355253e-01
7.894918e-02,3.562294e-02,3.190104e-01,8.465700e-02,1.060132e-02,8.815423e-03,7.917618e-04,9.194609e-03,1.315143e-01,1.598380e-01,2.785161e-02,3.930124e-03,1.270537e-02,1.095203e-02,1.055659e-01
1.162095e-01,3.715572e-02,2.442660e-01,7.726318e-02,8.381171e-03,8.400243e-03,1.210199e-03,1.102583e-02,1.113589e-01,1.659635e-01,7.547916e-02,6.414142e-03,2.899826e-02,2.325301e-02,8.462135e-02
9.231432e-02,2.828677e-02,1.743327e-01,5.772074e-02,7.045513e-03,6.523840e-03,9.610397e-04,8.742380e-03,8.611573e-02,1.301360e-01,1.489133e-01,9.620085e-03,6.468674e-02,2.461456e-02,1.599863e-01
1.141388e-01,2.256310e-02,1.239312e-01,4.384375e-02,8.835860e-03,6.305321e-03,8.903623e-04,8.415430e-03,6.968001e-02,1.192214e-01,1.547648e-01,1.656310e-02,7.030921e-02,2.871153e-02,2.118261e-01
1.251610e-01,1.915087e-02,8.760873e-02,3.315192e-02,4.452812e-02,6.753404e-03,1.130714e-03,6.984978e-03,5.443249e-02,2.077001e-01,1.366401e-01,1.500190e-02,5.599742e-02,2.712920e-02,1.786290e-01
9.422364e-02,1.567281e-02,6.440178e-02,2.358386e-02,5.695141e-02,6.915858e-03,1.186069e-03,6.089445e-03,4.067684e-02,3.137478e-01,1.332635e-01,1.430643e-02,5.062094e-02,3.304861e-02,1.453110e-01
7.130232e-02,1.172926e-02,4.576322e-02,1.672094e-02,4.347179e-02,6.470519e-03,1.588372e-03,5.563954e-03,3.190897e-02,4.827394e-01,1.004320e-01,1.133502e-02,3.779050e-02,2.495652e-02,1.082271e-01
5.326603e-02,9.040560e-03,3.352204e-02,1.238020e-02,3.263286e-02,7.889355e-03,1.551053e-03,5.216887e-03,2.537562e-02,5.950994e-01,8.301971e-02,1.314103e-02,3.121116e-02,1.925698e-02,7.739702e-02
4.526658e-02,7.643620e-03,2.465535e-02,9.537593e-03,2.403397e-02,1.018726e-02,1.372107e-03,4.541200e-03,2.160763e-02,6.669739e-01,6.930434e-02,1.808229e-02,2.665295e-02,1.472487e-02,5.541630e-02
4.647646e-02,8.862744e-03,1.862875e-02,8.614508e-03,2.143958e-02,1.153761e-02,1.538027e-03,5.649304e-03,3.576846e-02,6.482293e-01,7.903838e-02,3.272676e-02,2.928547e-02,1.212705e-02,4.007760e-02
3.554284e-02,1.503525e-02,1.622599e-02,8.450207e-03,1.716873e-02,9.498256e-03,1.354035e-03,1.286818e-02,2.193897e-01,4.655927e-01,8.908173e-02,4.264605e-02,2.851065e-02,9.561941e-03,2.907367e-02
2.947243e-02,1.626315e-02,1.275226e-02,7.151698e-03,1.487444e-02,7.242746e-03,1.080023e-03,1.087519e-02,3.991875e-01,3.366340e-01,7.399031e-02,3.928092e-02,2.361179e-02,6.929921e-03,2.065369e-02
2.120961e-02,1.459367e-02,1.265520e-02,1.238755e-02,1.188771e-02,6.059147e-03,8.558196e-04,7.815984e-03,5.559111e-01,2.380086e-01,5.278135e-02,2.840217e-02,1.744512e-02,4.872310e-03,1.511469e-02
1.550964e-02,1.845703e-02,1.824142e-02,3.576709e-02,9.941699e-03,5.406282e-03,7.108878e-04,5.844824e-03,6.321055e-01,1.699886e-01,3.862862e-02,2.129871e-02,1.344809e-02,3.431086e-03,1.122053e-02
1.204941e-02,3.972080e-02,1.480738e-02,3.695500e-02,9.366456e-03,5.903523e-03,5.918274e-04,4.468176e-03,6.885320e-01,1.207901e-01,3.019932e-02,1.538020e-02,1.003522e-02,2.446564e-03,8.754123e-03
1.447691e-02,2.937123e-02,1.218140e-02,3.258348e-02,2.500945e-02,5.413050e-03,1.146296e-03,1.274734e-02,7.345865e-01,8.500100e-02,2.157141e-02,1.084637e-02,7.146890e-03,1.726752e-03,6.191934e-03
2.759345e-02,2.362316e-02,1.096561e-02,2.945414e-02,1.123345e-01,1.655096e-02,6.376275e-03,1.182772e-02,6.671869e-01,5.982477e-02,1.555492e-02,7.718535e-03,5.235270e-03,1.282847e-03,4.470912e-03
5.298577e-02,2.542098e-02,1.302291e-02,3.009352e-02,2.467923e-01,1.945579e-02,1.085956e-02,1.041325e-02,5.123168e-01,4.608183e-02,1.253558e-02,6.794656e-03,4.737213e-03,1.209032e-03,7.280784e-03
4.471551e-02,1.804595e-02,1.029152e-02,2.211128e-02,4.114172e-01,2.069469e-02,3.406389e-02,1.215634e-02,3.687176e-01,3.296166e-02,8.988264e-03,4.919580e-03,3.606786e-03,1.045170e-03,6.264516e-03
3.729647e-02,1.309256e-02,8.562122e-03,1.644861e-02,4.887842e-01,2.221695e-02,6.389003e-02,2.246643e-02,2.704090e-01,3.584078e-02,7.436592e-03,3.761637e-03,3.402917e-03,9.276890e-04,5.464028e-03
4.844774e-02,1.084963e-02,7.695273e-03,1.269174e-02,4.888353e-01,2.074569e-02,1.335719e-01,1.899983e-02,1.964789e-01,4.109260e-02,7.421769e-03,3.349665e-03,3.491210e-03,8.862398e-04,5.442452e-03
6.610960e-02,1.037239e-02,6.785552e-03,1.154263e-02,4.610161e-01,2.215002e-02,1.663770e-01,1.711209e-02,1.497034e-01,5.389683e-02,1.563312e-02,3.739717e-03,6.132508e-03,9.934133e-04,8.435577e-03
1.190637e-01,1.595196e-02,7.016163e-03,1.681144e-02,3.972792e-01,2.071602e-02,1.975791e-01,1.468250e-02,1.134867e-01,4.974147e-02,1.787430e-02,5.147039e-03,6.915529e-03,1.751630e-03,1.598329e-02
1.493162e-01,1.996855e-02,5.802243e-03,2.197728e-02,3.913563e-01,1.732393e-02,1.896112e-01,1.246332e-02,8.624169e-02,5.016711e-02,1.933552e-02,6.588463e-03,7.233958e-03,2.600076e-03,2.001406e-02
2.332894e-01,1.993597e-02,5.846557e-03,2.179024e-02,3.337193e-01,1.636302e-02,1.578674e-01,1.909567e-02,7.020520e-02,5.028966e-02,1.873464e-02,1.518903e-02,7.861136e-03,4.054909e-03,2.575784e-02
2.998873e-01,1.954209e-02,6.981119e-03,1.847943e-02,2.662747e-01,2.581603e-02,1.460009e-01,1.984240e-02,5.083131e-02,4.588012e-02,1.604223e-02,1.201679e-02,7.659588e-03,1.467622e-02,5.006978e-02
3.421426e-01,2.274580e-02,8.612599e-03,1.657016e-02,2.007715e-01,3.607649e-02,1.206221e-01,1.859583e-02,3.815001e-02,4.423154e-02,1.469785e-02,9.533350e-03,8.034220e-03,2.342253e-02,9.579338e-02
3.803181e-01,2.252739e-02,9.443898e-03,1.599508e-02,1.447102e-01,4.218053e-02,1.023960e-01,1.836884e-02,2.950994e-02,3.622840e-02,1.263487e-02,9.289035e-03,8.642791e-03,2.841203e-02,1.393429e-01
4.478876e-01,1.940729e-02,8.774050e-03,1.604853e-02,1.035184e-01,4.426739e-02,8.672109e-02,1.565935e-02,2.658332e-02,2.842368e-02,1.230456e-02,1.001976e-02,1.341917e-02,3.029473e-02,1.366711e-01
4.478073e-01,1.681703e-02,9.729765e-03,1.901375e-02,7.843556e-02,4.020908e-02,8.574745e-02,1.761597e-02,3.708597e-02,2.727729e-02,1.833449e-02,1.298438e-02,1.662524e-02,3.605507e-02,1.362617e-01
4.391389e-01,1.788463e-02,8.843543e-03,2.155608e-02,6.145521e-02,3.824743e-02,6.572454e-02,1.599697e-02,6.442153e-02,3.603628e-02,2.666677e-02,1.704957e-02,1.797055e-02,3.756123e-02,1.314467e-01
4.126825e-01,2.198532e-02,8.667846e-03,1.929104e-02,4.880853e-02,3.682614e-02,4.874627e-02,1.447787e-02,7.831223e-02,6.946838e-02,3.860422e-02,1.792175e-02,1.534353e-02,4.630795e-02,1.225564e-01
3.509416e-01,4.886726e-02,8.474269e-03,1.554286e-02,3.777749e-02,2.994840e-02,3.617959e-02,1.261905e-02,1.390837e-01,5.835933e-02,5.820346e-02,2.090678e-02,1.340803e-02,6.464425e-02,1.050439e-01
3.153397e-01,4.841226e-02,7.606684e-03,1.490197e-02,3.048267e-02,2.849672e-02,2.673970e-02,1.035637e-02,1.552641e-01,5.784913e-02,1.043941e-01,2.525348e-02,1.292890e-02,6.779057e-02,9.418366e-02
2.384881e-01,5.509980e-02,1.738933e-02,1.532994e-01,3.170674e-02,2.370188e-02,1.944793e-02,9.777298e-03,1.655618e-01,4.800078e-02,8.301040e-02,2.130600e-02,1.144609e-02,4.924338e-02,7.252102e-02
1.776506e-01,5.721551e-02,2.894294e-02,1.141123e-01,2.626597e-02,2.212944e-02,1.377577e-02,7.447630e-03,2.068776e-01,6.862293e-02,1.070055e-01,1.820731e-02,1.479701e-02,5.630828e-02,8.064113e-02
1.294808e-01,4.764808e-02,2.532336e-02,8.205067e-02,1.984908e-02,2.538215e-02,9.697055e-03,6.317407e-03,2.174134e-01,5.660960e-02,2.024745e-01,1.447080e-02,2.651177e-02,6.216486e-02,7.460651e-02
9.320886e-02,5.543666e-02,2.318621e-02,5.994847e-02,1.422153e-02,5.635192e-02,6.860325e-03,4.670372e-03,2.420541e-01,4.837876e-02,2.037093e-01,1.552483e-02,3.687945e-02,5.462541e-02,8.494382e-02
6.592122e-02,4.943329e-02,3.078423e-02,4.898775e-02,1.015932e-02,4.439130e-02,4.838822e-03,4.207618e-03,3.054931e-01,4.072487e-02,1.894620e-01,2.078146e-02,4.838771e-02,4.124017e-02,9.518713e-02
4.642793e-02,4.872929e-02,2.825639e-02,3.818030e-02,7.630069e-03,3.414669e-02,3.431514e-03,3.188162e-03,4.096832e-01,3.089929e-02,1.632937e-01,2.762148e-02,4.709813e-02,3.071009e-02,8.070377e-02
3.449048e-02,4.927368e-02,2.380279e-02,3.386197e-02,7.971234e-03,3.099764e-02,2.541896e-03,2.785145e-03,5.233927e-01,3.007437e-02,1.195715e-01,2.020760e-02,3.486262e-02,2.371125e-02,6.245510e-02
2.564950e-02,4.307527e-02,5.839419e-02,7.000841e-02,1.697250e-02,2.440859e-02,4.420758e-03,6.810954e-03,5.305058e-01,2.614174e-02,8.678509e-02,1.441653e-02,2.585180e-02,1.735338e-02,4.920552e-02
3.517309e-02,3.602289e-02,9.204501e-02,9.005521e-02,3.712700e-02,4.031104e-02,4.766978e-03,8.735032e-03,4.692680e-01,4.052161e-02,6.391086e-02,1.025594e-02,1.957706e-02,1.278632e-02,3.944395e-02
3.185342e-02,3.100104e-02,8.065681e-02,1.499532e-01,7.936894e-02,1.221083e-01,5.036380e-03,9.781499e-03,3.502813e-01,3.134879e-02,4.757879e-02,7.549153e-03,1.474251e-02,9.204770e-03,2.953507e-02
2.307655e-02,2.303847e-02,6.111502e-02,1.079256e-01,7.502326e-02,2.488551e-01,1.427343e-02,7.188321e-03,2.486709e-01,9.717301e-02,3.878340e-02,6.106753e-03,1.353822e-02,6.641829e-03,2.859008e-02
2.107759e-02,1.914771e-02,4.749878e-02,7.857485e-02,6.431501e-02,2.341825e-01,2.046162e-02,1.616028e-02,1.860281e-01,2.242563e-01,3.251332e-02,6.061291e-03,1.552377e-02,7.275216e-03,2.692363e-02
2.086148e-02,1.537042e-02,4.289231e-02,6.074153e-02,5.606883e-02,2.076581e-01,4.389055e-02,8.585976e-02,1.457008e-01,2.357233e-01,2.898344e-02,6.428072e-03,1.620839e-02,5.815096e-03,2.779795e-02
2.158569e-02,1.319563e-02,5.364121e-02,5.570420e-02,7.093711e-02,1.771035e-01,5.405249e-02,1.830381e-01,1.057833e-01,1.971043e-01,2.310186e-02,5.857554e-03,1.360763e-02,4.432618e-03,2.085468e-02
2.717766e-02,1.184900e-02,5.314607e-02,4.536814e-02,7.457040e-02,1.380754e-01,1.020468e-01,2.481028e-01,7.610771e-02,1.562194e-01,2.275747e-02,5.563014e-03,1.841577e-02,3.352547e-03,1.724776e-02
2.694011e-02,1.268378e-02,4.816282e-02,3.731744e-02,6.819015e-02,1.112764e-01,1.504104e-01,3.180710e-01,5.450292e-02,1.131657e-01,1.852951e-02,5.319849e-03,1.965049e-02,2.584768e-03,1.319458e-02
6.724939e-02,1.509524e-02,4.497152e-02,2.837707e-02,6.315836e-02,8.808507e-02,2.275446e-01,2.839121e-01,4.116996e-02,8.378597e-02,1.532619e-02,8.058505e-03,1.786728e-02,2.570638e-03,1.282810e-02
1.146131e-01,1.746693e-02,4.356023e-02,2.197875e-02,6.535307e-02,7.486271e-02,2.576071e-01,2.429353e-01,3.526008e-02,6.474037e-02,1.290646e-02,1.066102e-02,2.200763e-02,2.531851e-03,1.351544e-02
1.935549e-01,1.533496e-02,3.510628e-02,1.621564e-02,5.372939e-02,6.109885e-02,2.791968e-01,2.012764e-01,3.156534e-02,4.942074e-02,1.141926e-02,1.315358e-02,2.084361e-02,2.636440e-03,1.544785e-02
3.052668e-01,1.863780e-02,3.129235e-02,1.433609e-02,4.291340e-02,5.195852e-02,2.189609e-01,1.614370e-01,4.141434e-02,3.883756e-02,1.111459e-02,1.815001e-02,2.037028e-02,3.187011e-03,2.212332e-02
2.782683e-01,5.740854e-02,2.679850e-02,2.547858e-02,5.327396e-02,4.584704e-02,1.590763e-01,1.191188e-01,6.028637e-02,6.952119e-02,1.506325e-02,1.946673e-02,2.911951e-02,5.571736e-03,3.570115e-02
1.983333e-01,4.445028e-02,2.188823e-02,3.232948e-02,3.887530e-02,3.387079e-02,1.118290e-01,8.438620e-02,6.324601e-02,2.211241e-01,2.504667e-02,3.348956e-02,5.182237e-02,5.880027e-03,3.342877e-02
1.452023e-01,3.646385e-02,1.911394e-02,4.864740e-02,2.901803e-02,2.819922e-02,7.988295e-02,5.954728e-02,8.188182e-02,2.522614e-01,3.229517e-02,6.380327e-02,7.154526e-02,7.445522e-03,4.469263e-02
1.067564e-01,2.752075e-02,1.498343e-02,4.271988e-02,2.390518e-02,2.146983e-02,5.644622e-02,4.227842e-02,7.447789e-02,3.767276e-01,2.897559e-02,4.997263e-02,7.323650e-02,6.958524e-03,5.357122e-02
7.987709e-02,2.016884e-02,1.206647e-02,3.546307e-02,3.048320e-02,1.598429e-02,4.023442e-02,3.047136e-02,9.135906e-02,3.908818e-01,3.619521e-02,3.989555e-02,9.224876e-02,7.618554e-03,7.705233e-02
6.355709e-02,1.440710e-02,9.087872e-03,2.676882e-02,2.537978e-02,1.170972e-02,2.855693e-02,2.211953e-02,6.821373e-02,4.867777e-01,2.758058e-02,3.023051e-02,7.522626e-02,7.167381e-03,1.032170e-01
5.062344e-02,1.088448e-02,7.400553e-03,2.146946e-02,2.673238e-02,9.216687e-03,2.055226e-02,1.749685e-02,6.709561e-02,5.145273e-01,2.782330e-02,2.895490e-02,8.490036e-02,1.066137e-02,1.016611e-01
4.162044e-02,8.408549e-03,6.047633e-03,1.687106e-02,2.009261e-02,1.272117e-02,1.468285e-02,1.347966e-02,6.152747e-02,5.046979e-01,5.595151e-02,5.454916e-02,8.868255e-02,2.188498e-02,7.878251e-02
3.349674e-02,6.368627e-03,6.442231e-03,1.308665e-02,1.551931e-02,1.070730e-02,1.046300e-02,1.102359e-02,4.686872e-02,5.673755e-01,6.947936e-02,5.587303e-02,7.636801e-02,1.937470e-02,5.755318e-02
2.501449e-02,5.011753e-03,6.661710e-03,9.733650e-03,1.257702e-02,8.099061e-03,7.416861e-03,8.088930e-03,4.089514e-02,6.340345e-01,6.394665e-02,4.944671e-02,7.034351e-02,1.529317e-02,4.343682e-02
1.941355e-02,6.424164e-03,1.177209e-02,7.360370e-03,1.027366e-02,6.396185e-03,5.309594e-03,6.033762e-03,4.640705e-02,6.769909e-01,5.287899e-02,4.668130e-02,5.602033e-02,1.442779e-02,3.361023e-02
1.983461e-02,1.291676e-02,1.377748e-02,7.514942e-03,8.570855e-03,6.396910e-03,3.801631e-03,4.799742e-03,5.641837e-02,7.043033e-01,4.156470e-02,3.757645e-02,4.388554e-02,1.208923e-02,2.654943e-02
7.108983e-02,1.421409e-02,1.543396e-02,1.695424e-02,8.524405e-03,9.032052e-03,2.937603e-03,5.796207e-03,7.657939e-02,6.365917e-01,3.513268e-02,3.730528e-02,3.719919e-02,9.768113e-03,2.344122e-02
1.162393e-01,1.564923e-02,1.369712e-02,1.853280e-02,9.775425e-03,8.093736e-03,2.216874e-03,1.164102e-02,1.154318e-01,5.601520e-01,3.079665e-02,3.437443e-02,3.224510e-02,9.524246e-03,2.163015e-02
9.423535e-02,2.749764e-02,1.269626e-02,1.451737e-02,1.401770e-02,5.876673e-03,1.628039e-03,1.436363e-02,2.335434e-01,4.781037e-01,2.493681e-02,2.689825e-02,2.718393e-02,7.677445e-03,1.682381e-02
9.652529e-02,2.982725e-02,2.769728e-02,1.416005e-02,4.150333e-02,5.096226e-03,1.677077e-03,3.213750e-02,2.749213e-01,3.818534e-01,2.202003e-02,2.370913e-02,2.751269e-02,7.785086e-03,1.357433e-02
1.391901e-01,3.147481e-02,2.597670e-02,1.407247e-02,5.124906e-02,6.365625e-03,2.743090e-03,3.409893e-02,2.540153e-01,3.426740e-01,2.457292e-02,2.376148e-02,2.800491e-02,1.004321e-02,1.175738e-02
1.718424e-01,3.769487e-02,4.219033e-02,2.624031e-02,4.248439e-02,6.561599e-03,3.075938e-03,3.370322e-02,1.881405e-01,2.911094e-01,3.809274e-02,3.852787e-02,4.702462e-02,1.131123e-02,2.200063e-02
1.478585e-01,6.847773e-02,6.118130e-02,6.459334e-02,3.759594e-02,6.787130e-03,3.102212e-03,2.832543e-02,1.451287e-01,2.345968e-01,4.839671e-02,5.791304e-02,4.575523e-02,9.954948e-03,4.033299e-02
1.704111e-01,5.629252e-02,5.090147e-02,5.790411e-02,3.244296e-02,6.729687e-03,3.079057e-03,2.862504e-02,1.156197e-01,2.152638e-01,6.164146e-02,7.015061e-02,4.262052e-02,1.162110e-02,7.669684e-02
1.973838e-01,5.092629e-02,6.144365e-02,5.060507e-02,2.993455e-02,6.661271e-03,2.731736e-03,2.469026e-02,9.944073e-02,1.687611e-01,5.426034e-02,6.288860e-02,4.004770e-02,2.459714e-02,1.256277e-01
2.396041e-01,6.421536e-02,7.985528e-02,5.191024e-02,4.224448e-02,1.035523e-02,3.227003e-03,2.436023e-02,7.766355e-02,1.313320e-01,4.884324e-02,5.054779e-02,3.281924e-02,3.248136e-02,1.105410e-01
3.320024e-01,6.864569e-02,6.532328e-02,4.327670e-02,3.540325e-02,9.307465e-03,2.730824e-03,2.088614e-02,5.988586e-02,1.016660e-01,4.232331e-02,4.200523e-02,2.665528e-02,3.585768e-02,1.140310e-01
3.457814e-01,7.037941e-02,7.722460e-02,7.488368e-02,3.707349e-02,1.090442e-02,2.966422e-03,2.240979e-02,5.392630e-02,7.840287e-02,3.787009e-02,3.603268e-02,2.209659e-02,3.384476e-02,9.620351e-02
4.229097e-01,5.796682e-02,6.263789e-02,6.154335e-02,3.895607e-02,1.179315e-02,2.833610e-03,2.778827e-02,5.890139e-02,6.544466e-02,3.082887e-02,2.919992e-02,1.691476e-02,2.753070e-02,8.475080e-02
4.143828e-01,5.282671e-02,5.661454e-02,9.839663e-02,5.133269e-02,2.162728e-02,5.029068e-03,4.367688e-02,5.055641e-02,5.067654e-02,2.916560e-02,2.480081e-02,1.365724e-02,2.363120e-02,6.362560e-02
4.378848e-01,4.861910e-02,5.154679e-02,7.774910e-02,6.539661e-02,2.799345e-02,5.652677e-03,3.478716e-02,5.666451e-02,4.029964e-02,2.781794e-02,2.142494e-02,3.076936e-02,2.254073e-02,5.085312e-02
4.445260e-01,4.820854e-02,4.281101e-02,6.482073e-02,6.528664e-02,4.817832e-02,5.512602e-03,3.556979e-02,4.862095e-02,3.340973e-02,2.809691e-02,2.099798e-02,3.498757e-02,2.182812e-02,5.714515e-02
1.000000e+00,0.000000e+00,0.000000e+00,0.000000e+00,0.000000e+00,0.000000e+00,0.000000e+00,0.000000e+00,0.000000e+00,0.000000e+00,0.000000e+00,0.000000e+00,0.000000e+00,0.000000e+00,0.000000e+00
3.735036e-01,4.845871e-02,2.495304e-02,6.532303e-02,4.566781e-02,1.067652e-01,3.605501e-03,2.382558e-02,6.082277e-02,7.702503e-02,4.047451e-02,1.833070e-02,3.379034e-02,1.842879e-02,5.902532e-02
2.621477e-01,3.734451e-02,1.774630e-02,4.763717e-02,3.287303e-02,2.225897e-01,2.752004e-03,1.687973e-02,1.029374e-01,8.256049e-02,4.422503e-02,1.342217e-02,2.507819e-02,2.321457e-02,6.859202e-02
1.849406e-01,2.732295e-02,1.248866e-02,3.372338e-02,2.361669e-02,1.756057e-01,2.016888e-03,1.189800e-02,8.623280e-02,6.532829e-02,4.194975e-02,9.835695e-03,2.021397e-02,1.741090e-01,1.307176e-01
1.320120e-01,2.182268e-02,9.102383e-03,2.471201e-02,1.864268e-02,1.331781e-01,1.800301e-03,8.859352e-03,1.119451e-01,5.425143e-02,4.708178e-02,7.615293e-03,1.810947e-02,2.380088e-01,1.728585e-01
9.359724e-02,1.598900e-02,6.520383e-03,1.736723e-02,1.357980e-02,9.884179e-02,1.389668e-03,6.376572e-03,9.702703e-02,7.175972e-02,4.451174e-02,6.225529e-03,1.352786e-02,3.366115e-01,1.766749e-01
6.606068e-02,1.188331e-02,4.673479e-03,1.216844e-02,9.968154e-03,7.117677e-02,1.003854e-03,4.509961e-03,8.289777e-02,5.894871e-02,3.431403e-02,4.593383e-03,9.888373e-03,4.578672e-01,1.700458e-01
4.740477e-02,9.633572e-03,3.714872e-03,8.559596e-03,7.410256e-03,5.334582e-02,7.243502e-04,3.316677e-03,9.122671e-02,5.937614e-02,2.832758e-02,3.372847e-03,8.058993e-03,5.311024e-01,1.444253e-01
3.371005e-02,8.717135e-03,7.754527e-03,6.009456e-03,6.018919e-03,3.893925e-02,5.505707e-04,2.430102e-03,9.548663e-02,6.834802e-02,2.211651e-02,2.448967e-03,6.225255e-03,5.465742e-01,1.546704e-01
2.595935e-02,8.526159e-03,8.019153e-03,4.233649e-03,5.477568e-03,2.848368e-02,4.114891e-04,1.842762e-03,1.027677e-01,7.317841e-02,1.675374e-02,1.798697e-03,4.819386e-03,5.378480e-01,1.798802e-01
1.913474e-02,6.598621e-03,7.333512e-03,2.986023e-03,4.086844e-03,2.104685e-02,2.949657e-04,1.326571e-03,1.201117e-01,5.800829e-02,1.249261e-02,1.273283e-03,3.543511e-03,5.967240e-01,1.450385e-01
1.525964e-02,7.392377e-03,7.302998e-03,2.121725e-03,3.136909e-03,1.594369e-02,2.191961e-04,1.175459e-03,1.409919e-01,4.881238e-02,9.944554e-03,9.133958e-04,2.711298e-03,6.074283e-01,1.366462e-01
1.209909e-02,1.033110e-02,8.380767e-03,1.558610e-03,2.633084e-03,1.163764e-02,1.678561e-04,1.025675e-03,1.649529e-01,6.531547e-02,9.485541e-03,7.203239e-04,2.813931e-03,5.794212e-01,1.294569e-01
9.927889e-03,2.136674e-02,8.285554e-03,1.138097e-03,1.938289e-03,8.436769e-03,1.506115e-04,9.157275e-04,1.955068e-01,6.680071e-02,8.207011e-03,5.292558e-04,2.229238e-03,4.920245e-01,1.825429e-01
9.099655e-03,2.788890e-02,6.904419e-03,8.593827e-04,1.623287e-03,6.162305e-03,1.161216e-04,6.848444e-04,2.229846e-01,6.288622e-02,7.409991e-03,4.143176e-04,1.808619e-03,4.879935e-01,1.631639e-01
1.122796e-02,3.297686e-02,8.038098e-03,7.225911e-04,1.848210e-03,4.762177e-03,1.334611e-04,9.199751e-04,2.527790e-01,5.372666e-02,6.965446e-03,3.347151e-04,1.871068e-03,4.802219e-01,1.434718e-01
9.974558e-03,2.386216e-02,5.856550e-03,5.273850e-04,1.432981e-03,3.613301e-03,9.726381e-05,7.133220e-04,2.829717e-01,3.991159e-02,5.224970e-03,2.430078e-04,1.483008e-03,5.016345e-01,1.224538e-01
1.437608e-02,2.466214e-02,1.483874e-02,3.309420e-03,1.127741e-02,6.708944e-03,2.538986e-04,3.506000e-03,3.180311e-01,3.036215e-02,4.243344e-03,2.073045e-04,1.356010e-03,4.690437e-01,9.782382e-02
2.793137e-02,2.536522e-02,4.293770e-02,1.439893e-02,3.146868e-02,8.671648e-03,2.580240e-04,5.552784e-03,2.915429e-01,2.358344e-02,3.322383e-03,1.617853e-04,1.074138e-03,4.309322e-01,9.279891e-02
3.281217e-02,2.465670e-02,1.053633e-01,4.090149e-02,4.280880e-02,8.357819e-03,2.413327e-04,8.500353e-03,2.453127e-01,3.358405e-02,2.837277e-03,1.295099e-04,8.592693e-04,3.292693e-01,1.243660e-01
2.977854e-02,2.159679e-02,1.052809e-01,3.413744e-02,3.738868e-02,6.854400e-03,1.825516e-04,7.124851e-03,2.266794e-01,3.581169e-02,2.466383e-03,1.407152e-04,8.103848e-04,2.396731e-01,2.520742e-01
3.554208e-02,2.186266e-02,1.172734e-01,3.707138e-02,4.297888e-02,7.598734e-03,1.650116e-04,8.310376e-03,2.157856e-01,3.672910e-02,2.491292e-03,1.772578e-04,9.307885e-04,1.858023e-01,2.872812e-01
4.998223e-02,1.990930e-02,1.616623e-01,3.877701e-02,4.685117e-02,9.270130e-03,1.655868e-04,1.048292e-02,2.115812e-01,3.568136e-02,3.886267e-03,2.231367e-04,7.933532e-04,1.748870e-01,2.358472e-01
5.689904e-02,1.698749e-02,1.332415e-01,3.266474e-02,4.027062e-02,7.273334e-03,1.777372e-04,3.266460e-02,2.810392e-01,3.673961e-02,5.069318e-03,2.822151e-04,6.698740e-04,1.646576e-01,1.913632e-01
5.423300e-02,1.371208e-02,1.393557e-01,3.735353e-02,3.313635e-02,5.726696e-03,2.313346e-04,4.072575e-02,2.576825e-01,4.721983e-02,4.905039e-03,3.063002e-04,6.193442e-04,1.421132e-01,2.226795e-01
6.348500e-02,1.743617e-02,1.124712e-01,2.845067e-02,3.321194e-02,4.573326e-03,3.268595e-04,1.049676e-01,2.195134e-01,4.968925e-02,7.240632e-03,3.461544e-04,5.747427e-04,1.871020e-01,1.706111e-01
6.781179e-02,1.739441e-02,8.796297e-02,2.174900e-02,3.709137e-02,3.733980e-03,4.695862e-04,1.507554e-01,2.007802e-01,4.337024e-02,8.086458e-03,3.316470e-04,5.013319e-04,2.367885e-01,1.231731e-01
7.811102e-02,2.816814e-02,7.068922e-02,1.716181e-02,3.672663e-02,4.194343e-03,8.046329e-04,1.412442e-01,1.632138e-01,4.662858e-02,1.737370e-02,4.832105e-04,1.127667e-03,2.888639e-01,1.052091e-01
9.347938e-02,1.163449e-01,5.395800e-02,1.324756e-02,3.387667e-02,4.057284e-03,9.856019e-04,1.329052e-01,1.353405e-01,3.769933e-02,1.865867e-02,8.806518e-04,1.645135e-03,2.766814e-01,8.023985e-02
1.133904e-01,1.396650e-01,5.145532e-02,1.049856e-02,4.912325e-02,5.202157e-03,1.558649e-03,1.366840e-01,1.269529e-01,3.366407e-02,1.576566e-02,1.426439e-03,2.050089e-03,2.474380e-01,6.512558e-02
1.812550e-01,1.106781e-01,5.388514e-02,8.763783e-03,3.697199e-02,7.059235e-03,1.282674e-03,9.916719e-02,1.084892e-01,5.228701e-02,1.259410e-02,2.428642e-03,1.952420e-03,1.797533e-01,1.434322e-01
1.774059e-01,1.073655e-01,5.532396e-02,7.337648e-03,2.709566e-02,8.862918e-03,9.747240e-04,6.999696e-02,9.534018e-02,5.404888e-02,1.263930e-02,3.419288e-03,1.977103e-03,1.439199e-01,2.342921e-01
1.345426e-01,8.075223e-02,4.388450e-02,8.598967e-03,1.949731e-02,7.395832e-03,8.965379e-04,4.973659e-02,1.452062e-01,4.609727e-02,2.261079e-02,4.774129e-03,2.769250e-03,1.377114e-01,2.955263e-01
1.136354e-01,6.137739e-02,4.098036e-02,7.273672e-03,1.415316e-02,6.518251e-03,7.670522e-04,3.502688e-02,1.682006e-01,3.717432e-02,5.890718e-02,6.572952e-03,3.532711e-03,2.145146e-01,2.313655e-01
1.041992e-01,5.218631e-02,3.307557e-02,9.934835e-03,1.185813e-02,5.950950e-03,1.147671e-03,2.525265e-02,1.948869e-01,2.938496e-02,7.848975e-02,1.078488e-02,6.921728e-03,2.420045e-01,1.939219e-01
7.695439e-02,3.683544e-02,2.336814e-02,7.308283e-03,8.741486e-03,4.546400e-03,8.892267e-04,1.784812e-02,1.986036e-01,3.712529e-02,9.583914e-02,8.401580e-03,5.094211e-03,3.395607e-01,1.388839e-01
5.434540e-02,2.614401e-02,1.649567e-02,5.251930e-03,6.401825e-03,3.538948e-03,6.426451e-04,1.251551e-02,1.819400e-01,3.147982e-02,1.239533e-01,6.311789e-03,3.649791e-03,4.290624e-01,9.826687e-02
