1.000000e+00,0.000000e+00,0.000000e+00,0.000000e+00,0.000000e+00,0.000000e+00,0.000000e+00,0.000000e+00,0.000000e+00,0.000000e+00,0.000000e+00,0.000000e+00,0.000000e+00,0.000000e+00,0.000000e+00
1.000000e+00,0.000000e+00,0.000000e+00,0.000000e+00,0.000000e+00,0.000000e+00,0.000000e+00,0.000000e+00,0.000000e+00,0.000000e+00,0.000000e+00,0.000000e+00,0.000000e+00,0.000000e+00,0.000000e+00
1.000000e+00,0.000000e+00,0.000000e+00,0.000000e+00,0.000000e+00,0.000000e+00,0.000000e+00,0.000000e+00,0.000000e+00,0.000000e+00,0.000000e+00,0.000000e+00,0.000000e+00,0.000000e+00,0.000000e+00
1.000000e+00,0.000000e+00,0.000000e+00,0.000000e+00,0.000000e+00,0.000000e+00,0.000000e+00,0.000000e+00,0.000000e+00,0.000000e+00,0.000000e+00,0.000000e+00,0.000000e+00,0.000000e+00,0.000000e+00
1.000000e+00,0.000000e+00,0.000000e+00,0.000000e+00,0.000000e+00,0.000000e+00,0.000000e+00,0.000000e+00,0.000000e+00,0.000000e+00,0.000000e+00,0.000000e+00,0.000000e+00,0.000000e+00,0.000000e+00
1.000000e+00,0.000000e+00,0.000000e+00,0.000000e+00,0.000000e+00,0.000000e+00,0.000000e+00,0.000000e+00,0.000000e+00,0.000000e+00,0.000000e+00,0.000000e+00,0.000000e+00,0.000000e+00,0.000000e+00
1.000000e+00,0.000000e+00,0.000000e+00,0.000000e+00,0.000000e+00,0.000000e+00,0.000000e+00,0.000000e+00,0.000000e+00,0.000000e+00,0.000000e+00,0.000000e+00,0.000000e+00,0.000000e+00,0.000000e+00
1.000000e+00,0.000000e+00,0.000000e+00,0.000000e+00,0.000000e+00,0.000000e+00,0.000000e+00,0.000000e+00,0.000000e+00,0.000000e+00,0.000000e+00,0.000000e+00,0.000000e+00,0.000000e+00,0.000000e+00
1.000000e+00,0.000000e+00,0.000000e+00,0.000000e+00,0.000000e+00,0.000000e+00,0.000000e+00,0.000000e+00,0.000000e+00,0.000000e+00,0.000000e+00,0.000000e+00,0.000000e+00,0.000000e+00,0.000000e+00
1.000000e+00,0.000000e+00,0.000000e+00,0.000000e+00,0.000000e+00,0.000000e+00,0.000000e+00,0.000000e+00,0.000000e+00,0.000000e+00,0.000000e+00,0.000000e+00,0.000000e+00,0.000000e+00,0.000000e+00
1.000000e+00,0.000000e+00,0.000000e+00,0.000000e+00,0.000000e+00,0.000000e+00,0.000000e+00,0.000000e+00,0.000000e+00,0.000000e+00,0.000000e+00,0.000000e+00,0.000000e+00,0.000000e+00,0.000000e+00
1.000000e+00,0.000000e+00,0.000000e+00,0.000000e+00,0.000000e+00,0.000000e+00,0.000000e+00,0.000000e+00,0.000000e+00,0.000000e+00,0.000000e+00,0.000000e+00,0.000000e+00,0.000000e+00,0.000000e+00
1.000000e+00,0.000000e+00,0.000000e+00,0.000000e+00,0.000000e+00,0.000000e+00,0.000000e+00,0.000000e+00,0.000000e+00,0.000000e+00,0.000000e+00,0.000000e+00,0.000000e+00,0.000000e+00,0.000000e+00
1.000000e+00,0.000000e+00,0.000000e+00,0.000000e+00,0.000000e+00,0.000000e+00,0.000000e+00,0.000000e+00,0.000000e+00,0.000000e+00,0.000000e+00,0.000000e+00,0.000000e+00,0.000000e+00,0.000000e+00
1.000000e+00,0.000000e+00,0.000000e+00,0.000000e+00,0.000000e+00,0.000000e+00,0.000000e+00,0.000000e+00,0.000000e+00,0.000000e+00,0.000000e+00,0.000000e+00,0.000000e+00,0.000000e+00,0.000000e+00
1.000000e+00,0.000000e+00,0.000000e+00,0.000000e+00,0.000000e+00,0.000000e+00,0.000000e+00,0.000000e+00,0.000000e+00,0.000000e+00,0.000000e+00,0.000000e+00,0.000000e+00,0.000000e+00,0.000000e+00
1.000000e+00,0.000000e+00,0.000000e+00,0.000000e+00,0.000000e+00,0.000000e+00,0.000000e+00,0.000000e+00,0.000000e+00,0.000000e+00,0.000000e+00,0.000000e+00,0.000000e+00,0.000000e+00,0.000000e+00
1.000000e+00,0.000000e+00,0.000000e+00,0.000000e+00,0.000000e+00,0.000000e+00,0.000000e+00,0.000000e+00,0.000000e+00,0.000000e+00,0.000000e+00,0.000000e+00,0.000000e+00,0.000000e+00,0.000000e+00
1.000000e+00,0.000000e+00,0.000000e+00,0.000000e+00,0.000000e+00,0.000000e+00,0.000000e+00,0.000000e+00,0.000000e+00,0.000000e+00,0.000000e+00,0.000000e+00,0.000000e+00,0.000000e+00,0.000000e+00
1.000000e+00,0.000000e+00,0.000000e+00,0.000000e+00,0.000000e+00,0.000000e+00,0.000000e+00,0.000000e+00,0.000000e+00,0.000000e+00,0.000000e+00,0.000000e+00,0.000000e+00,0.000000e+00,0.000000e+00
1.000000e+00,0.000000e+00,0.000000e+00,0.000000e+00,0.000000e+00,0.000000e+00,0.000000e+00,0.000000e+00,0.000000e+00,0.000000e+00,0.000000e+00,0.000000e+00,0.000000e+00,0.000000e+00,0.000000e+00
1.000000e+00,0.000000e+00,0.000000e+00,0.000000e+00,0.000000e+00,0.000000e+00,0.000000e+00,0.000000e+00,0.000000e+00,0.000000e+00,0.000000e+00,0.000000e+00,0.000000e+00,0.000000e+00,0.000000e+00
1.000000e+00,0.000000e+00,0.000000e+00,0.000000e+00,0.000000e+00,0.000000e+00,0.000000e+00,0.000000e+00,0.000000e+00,0.000000e+00,0.000000e+00,0.000000e+00,0.000000e+00,0.000000e+00,0.000000e+00
1.000000e+00,0.000000e+00,0.000000e+00,0.000000e+00,0.000000e+00,0.000000e+00,0.000000e+00,0.000000e+00,0.000000e+00,0.000000e+00,0.000000e+00,0.000000e+00,0.000000e+00,0.000000e+00,0.000000e+00
1.000000e+00,0.000000e+00,0.000000e+00,0.000000e+00,0.000000e+00,0.000000e+00,0.000000e+00,0.000000e+00,0.000000e+00,0.000000e+00,0.000000e+00,0.000000e+00,0.000000e+00,0.000000e+00,0.000000e+00
1.000000e+00,0.000000e+00,0.000000e+00,0.000000e+00,0.000000e+00,0.000000e+00,0.000000e+00,0.000000e+00,0.000000e+00,0.000000e+00,0.000000e+00,0.000000e+00,0.000000e+00,0.000000e+00,0.000000e+00
1.000000e+00,0.000000e+00,0.000000e+00,0.000000e+00,0.000000e+00,0.000000e+00,0.000000e+00,0.000000e+00,0.000000e+00,0.000000e+00,0.000000e+00,0.000000e+00,0.000000e+00,0.000000e+00,0.000000e+00
1.000000e+00,0.000000e+00,0.000000e+00,0.000000e+00,0.000000e+00,0.000000e+00,0.000000e+00,0.000000e+00,0.000000e+00,0.000000e+00,0.000000e+00,0.000000e+00,0.000000e+00,0.000000e+00,0.000000e+00
1.000000e+00,0.000000e+00,0.000000e+00,0.000000e+00,0.000000e+00,0.000000e+00,0.000000e+00,0.000000e+00,0.000000e+00,0.000000e+00,0.000000e+00,0.000000e+00,0.000000e+00,0.000000e+00,0.000000e+00
1.000000e+00,0.000000e+00,0.000000e+00,0.000000e+00,0.000000e+00,0.000000e+00,0.000000e+00,0.000000e+00,0.000000e+00,0.000000e+00,0.000000e+00,0.000000e+00,0.000000e+00,0.000000e+00,0.000000e+00
1.000000e+00,0.000000e+00,0.000000e+00,0.000000e+00,0.000000e+00,0.000000e+00,0.000000e+00,0.000000e+00,0.000000e+00,0.000000e+00,0.000000e+00,0.000000e+00,0.000000e+00,0.000000e+00,0.000000e+00
1.000000e+00,0.000000e+00,0.000000e+00,0.000000e+00,0.000000e+00,0.000000e+00,0.000000e+00,0.000000e+00,0.000000e+00,0.000000e+00,0.000000e+00,0.000000e+00,0.000000e+00,0.000000e+00,0.000000e+00
1.000000e+00,0.000000e+00,0.000000e+00,0.000000e+00,0.000000e+00,0.000000e+00,0.000000e+00,0.000000e+00,0.000000e+00,0.000000e+00,0.000000e+00,0.000000e+00,0.000000e+00,0.000000e+00,0.000000e+00
1.000000e+00,0.000000e+00,0.000000e+00,0.000000e+00,0.000000e+00,0.000000e+00,0.000000e+00,0.000000e+00,0.000000e+00,0.000000e+00,0.000000e+00,0.000000e+00,0.000000e+00,0.000000e+00,0.000000e+00
1.000000e+00,0.000000e+00,0.000000e+00,0.000000e+00,0.000000e+00,0.000000e+00,0.000000e+00,0.000000e+00,0.000000e+00,0.000000e+00,0.000000e+00,0.000000e+00,0.000000e+00,0.000000e+00,0.000000e+00
1.000000e+00,0.000000e+00,0.000000e+00,0.000000e+00,0.000000e+00,0.000000e+00,0.000000e+00,0.000000e+00,0.000000e+00,0.000000e+00,0.000000e+00,0.000000e+00,0.000000e+00,0.000000e+00,0.000000e+00
1.000000e+00,0.000000e+00,0.000000e+00,0.000000e+00,0.000000e+00,0.000000e+00,0.000000e+00,0.000000e+00,0.000000e+00,0.000000e+00,0.000000e+00,0.000000e+00,0.000000e+00,0.000000e+00,0.000000e+00
1.000000e+00,0.000000e+00,0.000000e+00,0.000000e+00,0.000000e+00,0.000000e+00,0.000000e+00,0.000000e+00,0.000000e+00,0.000000e+00,0.000000e+00,0.000000e+00,0.000000e+00,0.000000e+00,0.000000e+00
1.000000e+00,0.000000e+00,0.000000e+00,0.000000e+00,0.000000e+00,0.000000e+00,0.000000e+00,0.000000e+00,0.000000e+00,0.000000e+00,0.000000e+00,0.000000e+00,0.000000e+00,0.000000e+00,0.000000e+00
1.000000e+00,0.000000e+00,0.000000e+00,0.000000e+00,0.000000e+00,0.000000e+00,0.000000e+00,0.000000e+00,0.000000e+00,0.000000e+00,0.000000e+00,0.000000e+00,0.000000e+00,0.000000e+00,0.000000e+00
1.000000e+00,0.000000e+00,0.000000e+00,0.000000e+00,0.000000e+00,0.000000e+00,0.000000e+00,0.000000e+00,0.000000e+00,0.000000e+00,0.000000e+00,0.000000e+00,0.000000e+00,0.000000e+00,0.000000e+00
1.000000e+00,0.000000e+00,0.000000e+00,0.000000e+00,0.000000e+00,0.000000e+00,0.000000e+00,0.000000e+00,0.000000e+00,0.000000e+00,0.000000e+00,0.000000e+00,0.000000e+00,0.000000e+00,0.000000e+00
1.000000e+00,0.000000e+00,0.000000e+00,0.000000e+00,0.000000e+00,0.000000e+00,0.000000e+00,0.000000e+00,0.000000e+00,0.000000e+00,0.000000e+00,0.000000e+00,0.000000e+00,0.000000e+00,0.000000e+00
1.000000e+00,0.000000e+00,0.000000e+00,0.000000e+00,0.000000e+00,0.000000e+00,0.000000e+00,0.000000e+00,0.000000e+00,0.000000e+00,0.000000e+00,0.000000e+00,0.000000e+00,0.000000e+00,0.000000e+00
1.000000e+00,0.000000e+00,0.000000e+00,0.000000e+00,0.000000e+00,0.000000e+00,0.000000e+00,0.000000e+00,0.000000e+00,0.000000e+00,0.000000e+00,0.000000e+00,0.000000e+00,0.000000e+00,0.000000e+00
1.000000e+00,0.000000e+00,0.000000e+00,0.000000e+00,0.000000e+00,0.000000e+00,0.000000e+00,0.000000e+00,0.000000e+00,0.000000e+00,0.000000e+00,0.000000e+00,0.000000e+00,0.000000e+00,0.000000e+00
1.000000e+00,0.000000e+00,0.000000e+00,0.000000e+00,0.000000e+00,0.000000e+00,0.000000e+00,0.000000e+00,0.000000e+00,0.000000e+00,0.000000e+00,0.000000e+00,0.000000e+00,0.000000e+00,0.000000e+00
1.000000e+00,0.000000e+00,0.000000e+00,0.000000e+00,0.000000e+00,0.000000e+00,0.000000e+00,0.000000e+00,0.000000e+00,0.000000e+00,0.000000e+00,0.000000e+00,0.000000e+00,0.000000e+00,0.000000e+00
1.000000e+00,0.000000e+00,0.000000e+00,0.000000e+00,0.000000e+00,0.000000e+00,0.000000e+00,0.000000e+00,0.000000e+00,0.000000e+00,0.000000e+00,0.000000e+00,0.000000e+00,0.000000e+00,0.000000e+00
1.000000e+00,0.000000e+00,0.000000e+00,0.000000e+00,0.000000e+00,0.000000e+00,0.000000e+00,0.000000e+00,0.000000e+00,0.000000e+00,0.000000e+00,0.000000e+00,0.000000e+00,0.000000e+00,0.000000e+00
1.000000e+00,0.000000e+00,0.000000e+00,0.000000e+00,0.000000e+00,0.000000e+00,0.000000e+00,0.000000e+00,0.000000e+00,0.000000e+00,0.000000e+00,0.000000e+00,0.000000e+00,0.000000e+00,0.000000e+00
1.000000e+00,0.000000e+00,0.000000e+00,0.000000e+00,0.000000e+00,0.000000e+00,0.000000e+00,0.000000e+00,0.000000e+00,0.000000e+00,0.000000e+00,0.000000e+00,0.000000e+00,0.000000e+00,0.000000e+00
1.000000e+00,0.000000e+00,0.000000e+00,0.000000e+00,0.000000e+00,0.000000e+00,0.000000e+00,0.000000e+00,0.000000e+00,0.000000e+00,0.000000e+00,0.000000e+00,0.000000e+00,0.000000e+00,0.000000e+00
1.000000e+00,0.000000e+00,0.000000e+00,0.000000e+00,0.000000e+00,0.000000e+00,0.000000e+00,0.000000e+00,0.000000e+00,0.000000e+00,0.000000e+00,0.000000e+00,0.000000e+00,0.000000e+00,0.000000e+00
1.000000e+00,0.000000e+00,0.000000e+00,0.000000e+00,0.000000e+00,0.000000e+00,0.000000e+00,0.000000e+00,0.000000e+00,0.000000e+00,0.000000e+00,0.000000e+00,0.000000e+00,0.000000e+00,0.000000e+00
1.000000e+00,0.000000e+00,0.000000e+00,0.000000e+00,0.000000e+00,0.000000e+00,0.000000e+00,0.000000e+00,0.000000e+00,0.000000e+00,0.000000e+00,0.000000e+00,0.000000e+00,0.000000e+00,0.000000e+00
1.000000e+00,0.000000e+00,0.000000e+00,0.000000e+00,0.000000e+00,0.000000e+00,0.000000e+00,0.000000e+00,0.000000e+00,0.000000e+00,0.000000e+00,0.000000e+00,0.000000e+00,0.000000e+00,0.000000e+00
1.000000e+00,0.000000e+00,0.000000e+00,0.000000e+00,0.000000e+00,0.000000e+00,0.000000e+00,0.000000e+00,0.000000e+00,0.000000e+00,0.000000e+00,0.000000e+00,0.000000e+00,0.000000e+00,0.000000e+00
3.856055e-01,5.176984e-03,1.682970e-02,2.086674e-02,2.284124e-03,8.330529e-03,3.077785e-03,5.244804e-01,1.945158e-03,7.352749e-04,5.889999e-03,9.668194e-03,7.002979e-03,1.759104e-03,6.347572e-03
2.750987e-01,3.872605e-03,1.693461e-02,1.671583e-02,1.874872e-03,6.621994e-03,3.212996e-03,6.507878e-01,1.421786e-03,5.333033e-04,4.424730e-03,6.954489e-03,5.103970e-03,1.877493e-03,4.564709e-03
1.931963e-01,2.737330e-03,1.366325e-02,1.259597e-02,1.398845e-03,4.711553e-03,2.539156e-03,7.515103e-01,1.003371e-03,3.776719e-04,3.140650e-03,4.884631e-03,3.636339e-03,1.396403e-03,3.208228e-03
1.355501e-01,1.932469e-03,1.148505e-02,9.479702e-03,1.053767e-03,3.357477e-03,2.049083e-03,8.225344e-01,7.085484e-04,2.682586e-04,2.243939e-03,3.430528e-03,2.592362e-03,1.059472e-03,2.254762e-03
9.512419e-02,1.391234e-03,9.708075e-03,6.874259e-03,1.024293e-03,2.484807e-03,4.596062e-03,8.695970e-01,5.208495e-04,2.120097e-04,1.632027e-03,2.428785e-03,1.952041e-03,8.500849e-04,1.604323e-03
6.738397e-02,1.029535e-03,8.937776e-03,5.271716e-03,1.177790e-03,1.922263e-03,5.966848e-03,9.013544e-01,3.855793e-04,1.862683e-04,1.192036e-03,1.755486e-03,1.602315e-03,6.739195e-04,1.160084e-03
4.740319e-02,7.548206e-04,9.703085e-03,4.281976e-03,1.758124e-03,1.427513e-03,6.021590e-03,9.232033e-01,2.876658e-04,1.752539e-04,8.896371e-04,1.269861e-03,1.486087e-03,5.046172e-04,8.332996e-04
3.468636e-02,5.635588e-04,9.919807e-03,3.569675e-03,2.319802e-03,1.233721e-03,7.346219e-03,9.349048e-01,2.713014e-04,3.151920e-04,7.045484e-04,1.079912e-03,2.057642e-03,3.881359e-04,6.393836e-04
2.901693e-02,4.656841e-04,1.079563e-02,3.380226e-03,5.184818e-03,1.133583e-03,8.102452e-03,9.353931e-01,3.496271e-04,5.955728e-04,6.765885e-04,1.081584e-03,2.905871e-03,3.161690e-04,6.021276e-04
2.855259e-02,4.461193e-04,1.252652e-02,3.095656e-03,6.351139e-03,1.087719e-03,1.445496e-02,9.263704e-01,3.828476e-04,6.477909e-04,6.490139e-04,1.242918e-03,3.222384e-03,3.158657e-04,6.540191e-04
6.384913e-02,5.997841e-04,1.444526e-02,3.041432e-03,7.807766e-03,1.953614e-03,1.832787e-02,8.800381e-01,4.753345e-04,1.071757e-03,7.496799e-04,2.146224e-03,3.949851e-03,3.245902e-04,1.219593e-03
6.575043e-02,6.733593e-04,1.831400e-02,3.308210e-03,9.327818e-03,3.469292e-03,3.944932e-02,8.479182e-01,4.842590e-04,1.194789e-03,7.639800e-04,2.830137e-03,4.814283e-03,3.411318e-04,1.360770e-03
9.723231e-02,8.975379e-04,1.623395e-02,3.408573e-03,1.244336e-02,5.257193e-03,3.418132e-02,8.139172e-01,6.819183e-04,1.977441e-03,1.022758e-03,4.134893e-03,5.982616e-03,4.179766e-04,2.211001e-03
1.597542e-01,1.336944e-03,1.506948e-02,3.922711e-03,1.538787e-02,8.226675e-03,3.040498e-02,7.410203e-01,9.527343e-04,3.444450e-03,1.619235e-03,6.612206e-03,7.333420e-03,6.888832e-04,4.225911e-03
2.274822e-01,1.489659e-03,1.311020e-02,4.034257e-03,1.407525e-02,1.482319e-02,2.805007e-02,6.690152e-01,1.021304e-03,2.949665e-03,1.524975e-03,8.847804e-03,7.761615e-03,6.992333e-04,5.115394e-03
1.962061e-01,3.531477e-03,1.883841e-02,6.104328e-03,1.349769e-02,7.103056e-02,3.663122e-02,5.909851e-01,3.751661e-03,3.527148e-03,2.506063e-03,8.722386e-03,3.082843e-02,1.107316e-03,1.273220e-02
1.502220e-01,1.109768e-02,1.525075e-02,1.204670e-02,1.162616e-02,9.526639e-02,3.091243e-02,4.569113e-01,1.038862e-02,4.790685e-03,6.758528e-03,9.259592e-03,1.537056e-01,1.190114e-03,3.057345e-02
1.091956e-01,1.132011e-02,1.088934e-02,1.619299e-02,8.580292e-03,8.480442e-02,2.271558e-02,3.232962e-01,2.616801e-02,6.974514e-03,6.611263e-03,8.980847e-03,2.647156e-01,1.513739e-03,9.804158e-02
7.774623e-02,1.341297e-02,7.918826e-03,2.304641e-02,6.576276e-03,6.432987e-02,1.684709e-02,2.274032e-01,6.581359e-02,1.205005e-02,5.945474e-03,8.748557e-03,3.292984e-01,1.413515e-03,1.394495e-01
5.508766e-02,1.588803e-02,5.727403e-03,1.919987e-02,5.712696e-03,4.690114e-02,1.301233e-02,1.597643e-01,2.036300e-01,1.043503e-02,4.903375e-03,8.283848e-03,3.402744e-01,1.315003e-03,1.098649e-01
3.896098e-02,1.562780e-02,4.095336e-03,1.728676e-02,4.499799e-03,3.654615e-02,9.875203e-03,1.124299e-01,2.742182e-01,8.138840e-03,5.412045e-03,7.723826e-03,3.661773e-01,9.793744e-04,9.802843e-02
2.764013e-02,1.911917e-02,3.250492e-03,1.348378e-02,3.986529e-03,2.770862e-02,7.393377e-03,7.890334e-02,3.106793e-01,6.594446e-03,4.910323e-03,7.921821e-03,3.840393e-01,8.037148e-04,1.035657e-01
2.006806e-02,2.124470e-02,2.469263e-03,1.066716e-02,3.131347e-03,2.206114e-02,5.322150e-03,5.545560e-02,3.036282e-01,5.213830e-03,5.758025e-03,1.049779e-02,4.387177e-01,6.328379e-04,9.513232e-02
1.495053e-02,1.928117e-02,3.213359e-03,1.903060e-02,5.860205e-03,2.139266e-02,4.889388e-03,3.922757e-02,3.657212e-01,7.478767e-03,8.608324e-03,1.076635e-02,3.961662e-01,6.322749e-04,8.278148e-02
1.277413e-02,1.579593e-02,4.024857e-03,2.392498e-02,5.726763e-03,2.410635e-02,4.444717e-03,2.849334e-02,3.244675e-01,7.333884e-03,1.456322e-02,1.571371e-02,4.423017e-01,1.137233e-03,7.519177e-02
1.098452e-02,1.357449e-02,4.670909e-03,3.473692e-02,5.725666e-03,3.173742e-02,4.021009e-03,2.138797e-02,2.562086e-01,6.643541e-03,1.657905e-02,2.286769e-02,4.900686e-01,1.091733e-03,7.970186e-02
1.096710e-02,1.216299e-02,7.300700e-03,3.014419e-02,5.362256e-03,2.682373e-02,3.080970e-03,1.625795e-02,2.008261e-01,7.423260e-03,2.080282e-02,3.224473e-02,5.508748e-01,2.148557e-03,7.357982e-02
1.415105e-02,1.180841e-02,6.784095e-03,2.494890e-02,5.323074e-03,2.125663e-02,2.854202e-03,1.355279e-02,1.655695e-01,8.113776e-03,2.377948e-02,4.494680e-02,5.807155e-01,3.639068e-03,7.255670e-02
1.797819e-02,1.128689e-02,6.149957e-03,2.206758e-02,4.779211e-03,1.827188e-02,2.397068e-03,1.085936e-02,1.346651e-01,1.275783e-02,3.480914e-02,1.020499e-01,5.456797e-01,5.838595e-03,7.040965e-02
2.132189e-02,9.698218e-03,6.575678e-03,2.177433e-02,5.076081e-03,1.913793e-02,2.074651e-03,8.909233e-03,1.141638e-01,3.360195e-02,3.342151e-02,1.286351e-01,5.342376e-01,6.184229e-03,5.518781e-02
2.977968e-02,1.130323e-02,6.522466e-03,1.805818e-02,5.175972e-03,1.562971e-02,2.080700e-03,8.358762e-03,1.096865e-01,4.515910e-02,4.550254e-02,1.522938e-01,4.765643e-01,7.610351e-03,6.627475e-02
2.552941e-02,1.113020e-02,6.058857e-03,1.619960e-02,4.137416e-03,1.256233e-02,1.703219e-03,6.742052e-03,1.130797e-01,7.777140e-02,4.360654e-02,2.445199e-01,3.710438e-01,1.187812e-02,5.403746e-02
3.235918e-02,1.868177e-02,6.480205e-03,1.408351e-02,5.737405e-03,1.172279e-02,1.593289e-03,7.511685e-03,1.954207e-01,6.815168e-02,4.242860e-02,2.138987e-01,3.025305e-01,1.330160e-02,6.609829e-02
4.148641e-02,2.362761e-02,6.488303e-03,1.327840e-02,6.880286e-03,1.147249e-02,1.654896e-03,7.696711e-03,2.470922e-01,6.146928e-02,3.595113e-02,1.940770e-01,2.646258e-01,1.346832e-02,7.073113e-02
5.460305e-02,2.416214e-02,8.831827e-03,1.635332e-02,6.085665e-03,9.944402e-03,1.479225e-03,7.708009e-03,2.162260e-01,5.374033e-02,2.886428e-02,1.782788e-01,3.024918e-01,1.142847e-02,7.980261e-02
5.602974e-02,2.645198e-02,1.065637e-02,1.676403e-02,7.151459e-03,8.648271e-03,1.684131e-03,1.226251e-02,2.782976e-01,4.574857e-02,2.318849e-02,1.368289e-01,2.537649e-01,9.904536e-03,1.126184e-01
7.377564e-02,2.359747e-02,1.241175e-02,3.544865e-02,8.743131e-03,1.320653e-02,2.345269e-03,1.849018e-02,2.826752e-01,4.232994e-02,1.976524e-02,1.156284e-01,2.457473e-01,7.873831e-03,9.796143e-02
6.520135e-02,2.187123e-02,1.114070e-02,2.673811e-02,1.228686e-02,1.140034e-02,5.720363e-03,3.759908e-02,3.073698e-01,3.743316e-02,1.679645e-02,8.938926e-02,2.608723e-01,5.816388e-03,9.036461e-02
8.154849e-02,2.075793e-02,9.681410e-03,2.523659e-02,1.281416e-02,1.415733e-02,5.892927e-03,3.077983e-02,2.695170e-01,3.475967e-02,1.514152e-02,7.262503e-02,3.207901e-01,5.256347e-03,8.104169e-02
6.738845e-02,1.531874e-02,7.819864e-03,2.146604e-02,1.048901e-02,1.448292e-02,4.977257e-03,3.789517e-02,2.067621e-01,2.831780e-02,1.713003e-02,6.710506e-02,4.300416e-01,4.751075e-03,6.605496e-02
6.208025e-02,1.841447e-02,7.088770e-03,1.992541e-02,1.226686e-02,1.270189e-02,5.016526e-03,3.401897e-02,2.670155e-01,2.337070e-02,1.434923e-02,5.529299e-02,3.904872e-01,3.668432e-03,7.430282e-02
6.528198e-02,1.743881e-02,1.012227e-02,3.282955e-02,1.563452e-02,1.109430e-02,4.848950e-03,5.639604e-02,2.824707e-01,2.250259e-02,1.719480e-02,5.569699e-02,3.423841e-01,3.812544e-03,6.229183e-02
7.594393e-02,1.620669e-02,1.046921e-02,2.789061e-02,1.724253e-02,1.017190e-02,5.526948e-03,6.014045e-02,2.798043e-01,6.594897e-02,2.005579e-02,6.925186e-02,2.777624e-01,4.499698e-03,5.908468e-02
1.054491e-01,1.500960e-02,1.127892e-02,2.802422e-02,2.345180e-02,1.490499e-02,5.669883e-03,6.491095e-02,2.450225e-01,1.230473e-01,1.943556e-02,6.666813e-02,2.167439e-01,6.191221e-03,5.419198e-02
8.042140e-02,1.265940e-02,8.563569e-03,2.519783e-02,2.003491e-02,1.150987e-02,4.552144e-03,4.605194e-02,1.804092e-01,2.685713e-01,2.060077e-02,7.321839e-02,2.019159e-01,5.689662e-03,4.060376e-02
6.601220e-02,9.894951e-03,6.419987e-03,2.155721e-02,1.743724e-02,9.284548e-03,4.036277e-03,3.316974e-02,1.331066e-01,4.269519e-01,1.739691e-02,6.380848e-02,1.559747e-01,4.862485e-03,3.008687e-02
5.928168e-02,7.388960e-03,4.906213e-03,1.658618e-02,1.419477e-02,7.614495e-03,3.612855e-03,2.384217e-02,9.906282e-02,5.537666e-01,1.517168e-02,4.995554e-02,1.188260e-01,3.587287e-03,2.220275e-02
4.935174e-02,5.633976e-03,3.734903e-03,1.522966e-02,1.071552e-02,8.855558e-03,2.737196e-03,1.733650e-02,7.580543e-02,5.801499e-01,2.394158e-02,6.831194e-02,1.184922e-01,2.950319e-03,1.675363e-02
3.869674e-02,4.151002e-03,2.715974e-03,1.189806e-02,7.847834e-03,1.040575e-02,2.017597e-03,1.246830e-02,5.554150e-02,5.681777e-01,3.309868e-02,1.070793e-01,1.306981e-01,2.613523e-03,1.258999e-02
3.101422e-02,3.032753e-03,2.366110e-03,1.003818e-02,8.427251e-03,1.193522e-02,1.553082e-03,1.773335e-02,4.179694e-02,6.024075e-01,3.715707e-02,9.224507e-02,1.271762e-01,2.148965e-03,1.096822e-02
2.378357e-02,2.425674e-03,1.858028e-03,1.123792e-02,7.784923e-03,9.894368e-03,1.314054e-03,1.265837e-02,3.016795e-02,6.659232e-01,3.120520e-02,8.539982e-02,1.040612e-01,1.697889e-03,1.058780e-02
1.971681e-02,2.046230e-03,1.517629e-03,9.637576e-03,5.980382e-03,8.488720e-03,1.038995e-03,8.934310e-03,2.220504e-02,6.967602e-01,3.229544e-02,9.675314e-02,8.479922e-02,1.331002e-03,8.495367e-03
1.517270e-02,1.578967e-03,1.556620e-03,6.999276e-03,5.243387e-03,6.080597e-03,7.957232e-04,6.524529e-03,1.658315e-02,7.691978e-01,2.698267e-02,7.158866e-02,6.439474e-02,9.897504e-04,6.311424e-03
1.299241e-02,1.205911e-03,2.932130e-03,5.164149e-03,5.981625e-03,4.452213e-03,7.760190e-04,6.600222e-03,1.210084e-02,8.215537e-01,2.135557e-02,5.145502e-02,4.817065e-02,7.196342e-04,4.539825e-03
1.395169e-02,9.681887e-04,2.856623e-03,3.929284e-03,9.515099e-03,3.252661e-03,6.557942e-04,1.023895e-02,9.298855e-03,8.537174e-01,1.639406e-02,3.629306e-02,3.514883e-02,5.262071e-04,3.253293e-03
1.214833e-02,6.936157e-04,2.089468e-03,2.875010e-03,8.472076e-03,2.358533e-03,5.050175e-04,8.705229e-03,6.620481e-03,8.905007e-01,1.184965e-02,2.545692e-02,2.503124e-02,3.756840e-04,2.318074e-03
2.757141e-02,7.262474e-04,7.240175e-03,4.367093e-03,2.921632e-02,2.501887e-03,1.054699e-03,4.070798e-02,5.897299e-03,8.305146e-01,9.607763e-03,1.849805e-02,2.009798e-02,2.771889e-04,1.721314e-03
3.858001e-02,7.470460e-04,7.870061e-03,1.415492e-02,2.955268e-02,2.976788e-03,1.248965e-03,5.775694e-02,5.571763e-03,7.983919e-01,9.189062e-03,1.441573e-02,1.801673e-02,2.129172e-04,1.314381e-03
4.364000e-02,7.155879e-04,8.660880e-03,2.521913e-02,3.384273e-02,2.445211e-03,1.221760e-03,5.273947e-02,5.452656e-03,7.889395e-01,1.002488e-02,1.068429e-02,1.491793e-02,1.760307e-04,1.319932e-03
6.704270e-02,6.487864e-04,6.885730e-03,2.219174e-02,2.705626e-02,2.844974e-03,4.704682e-03,9.488805e-02,4.505028e-03,7.300234e-01,1.016475e-02,1.222056e-02,1.557009e-02,1.352015e-04,1.117967e-03
8.593595e-02,6.659727e-04,7.190871e-03,2.550560e-02,2.416463e-02,5.529619e-03,1.540567e-02,9.585093e-02,4.497105e-03,6.932679e-01,9.900546e-03,1.448470e-02,1.640756e-02,1.179371e-04,1.074923e-03
8.544194e-02,8.570759e-04,7.796640e-03,3.041764e-02,2.235623e-02,4.571517e-03,1.685093e-02,8.598074e-02,5.113689e-03,7.084205e-01,7.961846e-03,1.075619e-02,1.194838e-02,1.914228e-04,1.335270e-03
9.200659e-02,1.240912e-03,7.460112e-03,2.695173e-02,1.968990e-02,4.485233e-03,1.502370e-02,6.536956e-02,4.921666e-03,7.357388e-01,6.634717e-03,9.179630e-03,9.252916e-03,3.265414e-04,1.718012e-03
1.229390e-01,2.567863e-03,7.258087e-03,2.102216e-02,1.766211e-02,4.552260e-03,1.453332e-02,5.193858e-02,4.342818e-03,7.269942e-01,5.228795e-03,9.874846e-03,7.722446e-03,3.648041e-04,2.998604e-03
1.799750e-01,2.753913e-03,6.596922e-03,1.579974e-02,1.659190e-02,4.913724e-03,1.140631e-02,3.759523e-02,4.909920e-03,6.954300e-01,4.247591e-03,8.800648e-03,6.704513e-03,6.882889e-04,3.586233e-03
2.415950e-01,3.961513e-03,6.742972e-03,1.292935e-02,1.642551e-02,5.770267e-03,1.405088e-02,3.246614e-02,4.312404e-03,6.347508e-01,3.776703e-03,8.299861e-03,5.720118e-03,1.149572e-03,8.048913e-03
2.945173e-01,5.574497e-03,7.882413e-03,1.173415e-02,1.520871e-02,2.688864e-02,1.118841e-02,2.777760e-02,4.890726e-03,5.463821e-01,5.462608e-03,9.703272e-03,5.748396e-03,3.439189e-03,2.360201e-02
3.290192e-01,1.559206e-02,9.844728e-03,1.406183e-02,1.325404e-02,7.799505e-02,1.141728e-02,2.358184e-02,1.153179e-02,4.288846e-01,8.679181e-03,1.132517e-02,4.951398e-03,5.828945e-03,3.403293e-02
3.508062e-01,2.233361e-02,1.340326e-02,1.963921e-02,1.563564e-02,1.252995e-01,1.193568e-02,1.939250e-02,1.701107e-02,3.269454e-01,1.264021e-02,1.307338e-02,4.587922e-03,7.721666e-03,3.957479e-02
3.357713e-01,2.533209e-02,1.593690e-02,2.254405e-02,2.027918e-02,1.934852e-01,9.817703e-03,1.867125e-02,2.460022e-02,2.402573e-01,1.645897e-02,1.400695e-02,4.958327e-03,9.586999e-03,4.829357e-02
3.455272e-01,3.120295e-02,1.887802e-02,2.676664e-02,2.182525e-02,2.062819e-01,8.228357e-03,1.963315e-02,2.559672e-02,1.797929e-01,1.898471e-02,1.437733e-02,4.705587e-03,1.615488e-02,6.204436e-02
3.264011e-01,4.083171e-02,2.004739e-02,2.478944e-02,2.438180e-02,2.035858e-01,6.494329e-03,2.324654e-02,4.722061e-02,1.462708e-01,3.033200e-02,1.523738e-02,4.676020e-03,1.500121e-02,7.148389e-02
3.084070e-01,6.973346e-02,1.823681e-02,2.356145e-02,3.117084e-02,1.663446e-01,5.635469e-03,2.362753e-02,8.414135e-02,1.240294e-01,3.006353e-02,1.394566e-02,4.169459e-03,1.477439e-02,8.215903e-02
2.644072e-01,1.016331e-01,1.526174e-02,2.654704e-02,2.988353e-02,1.365507e-01,5.116142e-03,1.971887e-02,1.138357e-01,1.146475e-01,2.906245e-02,1.664015e-02,4.636770e-03,1.346084e-02,1.085983e-01
2.739937e-01,1.161983e-01,1.119342e-02,2.533762e-02,2.468546e-02,1.015629e-01,5.337106e-03,1.441495e-02,1.371209e-01,1.000010e-01,5.724268e-02,2.730916e-02,4.989974e-03,1.268502e-02,8.792783e-02
2.575177e-01,1.393019e-01,8.130946e-03,2.184515e-02,2.038803e-02,7.590013e-02,6.046270e-03,1.047010e-02,1.518955e-01,1.013418e-01,7.592972e-02,2.788337e-02,4.553991e-03,1.166764e-02,8.712780e-02
2.193258e-01,1.671104e-01,6.284809e-03,1.871948e-02,1.589897e-02,5.791100e-02,4.528083e-03,7.548125e-03,1.464632e-01,1.239742e-01,9.565108e-02,2.514180e-02,4.055015e-03,1.157673e-02,9.581137e-02
2.061527e-01,1.393135e-01,5.656288e-03,2.587696e-02,1.249855e-02,5.186150e-02,3.500512e-03,5.654982e-03,1.181063e-01,1.842672e-01,9.477812e-02,3.332263e-02,7.525975e-03,1.105788e-02,1.004269e-01
1.539709e-01,2.191382e-01,7.665255e-03,7.063005e-02,1.032246e-02,4.001120e-02,2.783496e-03,5.586169e-03,1.186678e-01,1.392588e-01,7.865136e-02,5.053217e-02,1.598624e-02,9.248476e-03,7.754735e-02
1.117657e-01,1.730816e-01,9.956406e-03,6.053165e-02,7.787903e-03,6.169331e-02,1.985168e-03,4.581922e-03,2.141259e-01,9.855052e-02,1.082912e-01,4.370984e-02,3.746485e-02,1.004683e-02,5.642715e-02
8.678280e-02,1.439920e-01,1.026787e-02,4.822437e-02,6.343689e-03,1.044442e-01,1.592051e-03,6.225559e-03,2.534621e-01,7.192628e-02,1.207388e-01,3.828139e-02,5.728001e-02,7.899876e-03,4.253905e-02
6.840605e-02,1.208531e-01,8.597223e-03,3.526605e-02,4.633724e-03,8.852463e-02,1.290302e-03,4.986226e-03,3.142013e-01,5.340646e-02,1.074424e-01,4.130137e-02,8.696565e-02,1.591620e-02,4.820935e-02
6.139871e-02,1.072255e-01,1.104206e-02,2.978073e-02,3.663013e-03,9.562321e-02,1.441893e-03,8.564758e-03,2.958116e-01,4.299979e-02,9.723228e-02,3.673664e-02,8.682792e-02,4.836056e-02,7.329139e-02
6.154262e-02,7.746449e-02,1.393439e-02,3.025047e-02,4.060145e-03,7.019662e-02,4.059598e-03,1.006075e-01,2.569820e-01,3.242513e-02,9.803018e-02,3.145772e-02,9.027640e-02,5.147455e-02,7.723825e-02
7.709660e-02,5.588865e-02,3.268302e-02,3.169237e-02,6.102493e-03,6.041005e-02,6.895064e-03,2.422982e-01,1.912467e-01,2.416459e-02,7.376914e-02,2.473923e-02,6.802925e-02,3.775711e-02,6.722748e-02
7.227103e-02,4.015132e-02,3.470011e-02,2.880768e-02,7.080706e-03,5.311175e-02,6.124797e-03,3.991923e-01,1.384384e-01,1.763297e-02,5.369010e-02,1.921950e-02,5.134134e-02,2.700395e-02,5.123395e-02
5.723605e-02,2.944375e-02,3.028419e-02,2.360068e-02,6.412387e-03,5.147506e-02,5.965127e-03,5.384427e-01,9.814555e-02,1.302371e-02,3.872935e-02,1.418040e-02,3.685683e-02,1.926446e-02,3.693970e-02
5.588359e-02,2.351398e-02,2.517980e-02,2.256816e-02,9.032262e-03,5.353478e-02,7.224856e-03,6.040227e-01,7.680590e-02,1.033966e-02,2.981655e-02,1.165124e-02,2.875251e-02,1.375287e-02,2.792104e-02
6.732581e-02,1.839933e-02,2.118475e-02,2.211936e-02,1.114037e-02,5.644642e-02,8.438258e-03,6.362794e-01,5.821045e-02,8.080337e-03,2.371436e-02,1.033135e-02,2.772468e-02,9.860888e-03,2.074416e-02
1.952054e-01,1.694464e-02,1.734570e-02,2.136810e-02,1.117193e-02,6.746081e-02,1.124554e-02,5.183889e-01,4.385336e-02,6.887266e-03,1.890384e-02,1.946112e-02,2.657560e-02,7.346998e-03,1.784080e-02
3.143599e-01,1.622628e-02,1.670899e-02,2.120613e-02,1.149581e-02,6.756169e-02,1.294230e-02,4.092208e-01,3.510542e-02,5.848687e-03,1.531102e-02,2.465883e-02,2.379965e-02,5.862065e-03,1.969240e-02
3.290222e-01,1.740558e-02,1.528023e-02,2.270320e-02,1.151147e-02,5.683127e-02,1.046024e-02,3.361875e-01,2.991940e-02,7.025088e-03,1.881259e-02,7.331319e-02,4.195571e-02,8.441566e-03,2.113087e-02
2.500352e-01,1.258529e-02,1.116163e-02,2.146778e-02,9.015203e-03,4.217440e-02,9.538730e-03,2.983376e-01,2.319795e-02,6.594630e-03,3.331349e-02,8.338584e-02,1.749403e-01,7.391395e-03,1.686062e-02
2.156307e-01,9.631459e-03,8.146941e-03,1.758664e-02,6.899925e-03,3.218972e-02,8.156173e-03,2.212626e-01,1.910079e-02,7.314661e-03,4.505838e-02,7.761602e-02,3.096314e-01,7.355125e-03,1.441935e-02
2.290958e-01,9.554232e-03,6.786012e-03,1.486505e-02,5.937927e-03,2.769608e-02,7.793876e-03,1.588317e-01,2.074311e-02,7.710328e-03,4.064350e-02,9.827195e-02,3.482952e-01,7.606213e-03,1.616910e-02
2.480796e-01,1.383184e-02,5.353633e-03,1.616472e-02,5.190547e-03,2.907004e-02,1.121564e-02,1.132775e-01,2.116053e-02,1.085800e-02,3.778532e-02,1.324367e-01,3.309369e-01,6.702033e-03,1.793699e-02
2.119004e-01,1.245432e-02,4.709264e-03,1.379108e-02,4.917578e-03,2.414841e-02,1.190423e-02,8.007594e-02,2.164263e-02,3.779472e-02,3.320296e-02,1.960903e-01,3.244986e-01,6.095472e-03,1.677411e-02
1.883621e-01,1.320496e-02,4.320823e-03,1.057384e-02,5.887124e-03,1.775106e-02,9.188830e-03,5.631700e-02,2.953164e-02,5.037806e-02,3.392338e-02,2.508871e-01,3.100736e-01,6.218349e-03,1.338212e-02
1.469543e-01,2.304866e-02,3.602223e-03,7.746948e-03,1.299038e-02,1.301990e-02,6.788619e-03,3.966085e-02,3.250615e-02,4.273281e-02,3.245464e-02,2.593662e-01,3.638870e-01,5.512158e-03,9.729115e-03
1.374058e-01,3.302212e-02,3.350386e-03,6.088231e-03,1.580079e-02,1.012597e-02,5.097345e-03,2.841606e-02,2.751129e-02,3.918664e-02,2.720998e-02,2.902546e-01,3.650628e-01,4.520524e-03,6.947587e-03
1.545713e-01,3.079039e-02,4.203270e-03,5.263453e-03,1.754607e-02,8.049924e-03,3.843178e-03,2.114528e-02,2.302023e-02,3.870165e-02,2.535421e-02,3.530691e-01,3.055033e-01,3.940997e-03,4.997768e-03
1.703791e-01,3.298648e-02,4.295724e-03,4.441067e-03,1.526265e-02,6.167363e-03,2.774617e-03,1.802978e-02,2.036575e-02,4.046915e-02,2.123396e-02,4.066436e-01,2.491523e-01,4.226265e-03,3.572194e-03
1.874576e-01,2.876879e-02,4.717542e-03,4.284988e-03,1.294687e-02,5.445511e-03,2.066512e-03,1.715488e-02,1.686747e-02,3.541980e-02,2.575467e-02,4.607497e-01,1.912407e-01,4.493577e-03,2.631408e-03
1.939050e-01,3.583231e-02,1.058400e-02,4.811069e-03,2.194032e-02,5.088347e-03,1.799062e-03,2.032884e-02,2.381850e-02,3.842986e-02,2.927857e-02,4.552372e-01,1.503669e-01,6.298468e-03,2.281578e-03
1.409758e-01,3.611562e-02,7.252436e-02,4.989435e-03,2.419424e-02,4.923940e-03,1.572108e-03,1.849191e-02,4.456544e-02,3.406860e-02,9.649734e-02,4.048617e-01,1.078474e-01,5.771236e-03,2.600805e-03
1.054396e-01,3.103422e-02,1.194633e-01,8.801648e-03,1.947249e-02,9.106521e-03,1.622660e-03,3.878461e-02,5.357916e-02,3.077138e-02,1.304578e-01,3.664542e-01,7.812350e-02,4.737220e-03,2.151767e-03
7.846081e-02,4.658656e-02,9.867272e-02,7.647553e-03,1.581225e-02,9.628161e-03,1.443160e-03,3.035271e-02,1.662992e-01,7.565133e-02,1.174287e-01,2.860556e-01,5.598783e-02,5.358928e-03,4.614461e-03
6.036540e-02,4.569378e-02,1.200201e-01,1.506395e-02,1.442334e-02,1.039919e-02,1.305608e-03,2.649872e-02,1.941860e-01,1.019828e-01,1.424812e-01,2.115995e-01,3.996341e-02,5.989263e-03,1.002773e-02
4.795512e-02,4.971118e-02,1.260069e-01,1.781095e-02,1.285369e-02,1.251910e-02,1.315069e-03,2.432597e-02,2.593797e-01,1.017786e-01,1.410857e-01,1.601290e-01,2.935017e-02,5.970018e-03,9.808713e-03
4.397924e-02,4.368739e-02,1.325706e-01,8.793452e-02,1.421780e-02,1.176899e-02,1.173444e-03,4.909393e-02,2.689579e-01,9.255813e-02,1.031864e-01,1.170276e-01,2.129285e-02,4.689161e-03,7.862120e-03
6.336612e-02,3.855612e-02,1.027052e-01,8.643462e-02,1.614666e-02,1.342894e-02,9.029782e-04,4.031148e-02,2.969915e-01,1.376475e-01,8.419441e-02,8.496276e-02,1.598952e-02,5.883810e-03,1.247836e-02
6.831447e-02,3.192792e-02,8.111438e-02,1.614624e-01,2.399897e-02,1.260844e-02,9.314745e-04,4.086169e-02,2.919832e-01,1.169053e-01,7.538019e-02,6.345022e-02,1.229828e-02,5.611591e-03,1.315155e-02
1.010262e-01,2.692735e-02,6.930772e-02,1.520252e-01,2.483422e-02,1.148757e-02,8.225339e-04,3.051370e-02,2.584651e-01,8.979268e-02,1.503306e-01,4.854108e-02,9.927122e-03,1.484718e-02,1.115168e-02
1.469143e-01,2.246059e-02,5.647666e-02,1.142525e-01,2.579950e-02,1.425632e-02,8.277465e-04,2.351859e-02,2.118853e-01,7.561453e-02,1.930675e-01,4.219433e-02,9.404576e-03,4.928757e-02,1.404001e-02
1.111647e-01,1.713921e-02,4.253707e-02,8.076374e-02,2.513470e-02,1.129220e-02,6.560124e-04,1.758716e-02,2.228894e-01,7.274663e-02,2.161008e-01,3.339167e-02,1.525622e-02,1.030817e-01,3.025869e-02
8.492645e-02,1.429965e-02,3.508657e-02,5.909253e-02,1.989907e-02,9.125764e-03,5.497438e-04,1.340663e-02,2.294329e-01,8.520498e-02,2.555563e-01,2.888177e-02,1.902163e-02,1.060004e-01,3.951560e-02
6.429777e-02,1.270859e-02,3.465280e-02,4.736613e-02,1.489225e-02,7.810074e-03,4.498247e-04,9.782319e-03,1.992333e-01,1.698585e-01,2.693934e-01,2.270866e-02,1.706191e-02,9.633230e-02,3.345225e-02
4.804055e-02,1.966495e-02,3.017961e-02,5.927637e-02,1.105828e-02,7.881995e-03,3.506851e-04,7.165460e-03,1.719328e-01,2.415201e-01,2.525297e-01,1.780391e-02,1.409839e-02,8.931271e-02,2.918451e-02
3.692180e-02,2.217265e-02,2.727011e-02,5.333953e-02,8.664674e-03,6.853494e-03,3.016823e-04,5.456444e-03,1.757524e-01,1.890282e-01,2.969387e-01,1.492874e-02,1.236961e-02,1.253382e-01,2.466368e-02
2.991216e-02,2.520648e-02,2.085575e-02,4.410088e-02,8.056379e-03,7.632281e-03,3.392669e-04,4.148058e-03,1.677018e-01,1.765874e-01,3.015371e-01,1.422841e-02,1.059928e-02,1.549067e-01,3.418810e-02
2.411071e-02,2.329588e-02,1.543322e-02,3.359784e-02,7.647811e-03,6.449701e-03,4.141704e-04,3.124875e-03,1.489175e-01,1.606244e-01,3.413085e-01,1.351165e-02,9.500161e-03,1.555522e-01,5.651148e-02
2.149659e-02,2.225658e-02,1.415919e-02,2.649202e-02,7.772217e-03,6.263795e-03,4.732035e-04,2.741756e-03,1.478497e-01,1.433381e-01,3.709949e-01,1.370699e-02,9.075504e-03,1.539388e-01,5.944082e-02
2.145620e-02,2.040892e-02,1.067229e-02,2.087088e-02,7.697053e-03,5.895838e-03,4.969672e-04,2.336350e-03,1.228842e-01,1.284896e-01,4.481804e-01,1.844651e-02,8.834269e-03,1.277651e-01,5.556551e-02
2.159602e-02,1.751523e-02,8.799629e-03,1.610708e-02,1.010237e-02,5.011071e-03,6.187039e-04,2.236916e-03,1.016723e-01,1.150100e-01,5.060205e-01,2.873535e-02,8.712207e-03,1.127401e-01,4.512257e-02
2.191642e-02,1.601975e-02,7.390874e-03,1.181155e-02,8.401617e-03,4.118740e-03,5.317352e-04,2.016619e-03,8.161938e-02,1.484102e-01,4.705761e-01,3.367104e-02,7.770797e-03,1.474968e-01,3.824827e-02
1.822811e-02,2.921604e-02,6.941995e-03,9.049573e-03,8.275969e-03,3.592537e-03,4.915207e-04,2.463544e-03,8.657477e-02,1.872193e-01,4.260305e-01,3.558161e-02,7.123854e-03,1.448559e-01,3.435482e-02
1.682007e-02,7.581751e-02,1.719760e-02,7.637504e-03,8.058397e-03,3.267833e-03,3.967660e-04,3.747648e-03,9.376293e-02,1.502259e-01,4.238062e-01,2.910811e-02,6.008676e-03,1.385964e-01,2.554850e-02
2.107945e-02,5.533651e-02,2.829247e-02,1.022979e-02,6.978780e-03,7.242353e-03,9.750672e-04,3.080414e-02,7.323339e-02,1.231553e-01,4.666490e-01,2.235717e-02,5.023669e-03,1.297593e-01,1.888363e-02
2.543169e-02,3.922204e-02,5.963885e-02,1.725088e-02,5.690568e-03,7.374247e-03,2.203536e-03,7.223260e-02,5.508995e-02,1.045355e-01,4.505928e-01,1.601365e-02,3.881832e-03,1.272630e-01,1.357896e-02
2.464399e-02,2.800967e-02,4.387015e-02,1.296381e-02,4.390649e-03,5.948337e-03,1.708105e-03,5.257970e-02,4.670511e-02,1.996040e-01,3.550065e-01,1.127164e-02,2.755115e-03,2.002939e-01,1.024934e-02
2.694318e-02,2.183736e-02,3.710262e-02,1.023654e-02,3.862358e-03,5.066193e-03,1.232142e-03,3.783356e-02,4.322864e-02,2.764697e-01,2.998134e-01,7.965823e-03,1.971372e-03,2.189403e-01,7.496797e-03
5.098969e-02,1.691027e-02,3.646263e-02,7.685554e-03,4.473678e-03,4.789836e-03,8.942665e-04,2.720806e-02,3.635484e-02,2.767115e-01,3.048047e-01,5.749506e-03,1.625050e-03,2.192337e-01,6.106569e-03
6.736206e-02,1.408210e-02,7.269421e-02,2.407313e-02,1.047574e-02,8.938918e-03,9.042616e-04,3.305104e-02,3.491660e-02,2.619463e-01,2.908857e-01,5.715683e-03,2.865262e-03,1.666596e-01,5.429326e-03
9.919039e-02,1.319080e-02,9.145138e-02,3.421890e-02,1.521283e-02,1.091774e-02,8.838064e-04,2.910757e-02,3.592651e-02,2.573114e-01,2.618818e-01,6.368755e-03,3.823458e-03,1.339313e-01,6.583401e-03
1.218686e-01,1.174262e-02,9.748422e-02,3.896345e-02,1.796627e-02,1.175683e-02,8.657629e-04,2.292107e-02,3.138670e-02,2.849752e-01,2.271962e-01,6.732946e-03,4.408177e-03,1.136024e-01,8.129624e-03
1.476940e-01,1.105917e-02,1.035318e-01,5.210554e-02,1.916597e-02,1.145119e-02,7.372179e-04,1.714301e-02,3.169409e-02,2.882220e-01,2.067524e-01,6.924937e-03,4.195459e-03,9.142982e-02,7.893356e-03
1.977194e-01,9.648508e-03,1.214929e-01,7.570751e-02,1.578576e-02,1.293561e-02,9.704693e-04,1.442646e-02,3.089162e-02,2.693481e-01,1.619471e-01,8.641103e-03,3.869219e-03,6.837910e-02,8.237066e-03
2.399147e-01,7.775639e-03,1.243161e-01,1.619263e-01,1.256919e-02,1.355051e-02,1.083513e-03,1.200223e-02,2.892088e-02,2.048342e-01,1.208086e-01,7.832251e-03,3.392887e-03,5.267275e-02,8.400144e-03
3.193462e-01,6.329019e-03,1.058480e-01,1.961000e-01,1.024017e-02,1.289726e-02,1.328745e-03,1.528758e-02,2.788732e-02,1.516747e-01,9.238030e-02,8.242988e-03,3.409665e-03,4.102270e-02,8.005282e-03
2.270098e-01,8.486532e-03,7.779869e-02,2.581112e-01,7.789373e-03,9.990721e-03,9.787552e-04,1.141892e-02,2.131686e-02,1.066088e-01,8.957905e-02,1.390841e-01,6.952675e-03,2.884590e-02,6.028575e-03
1.596034e-01,2.398171e-02,7.615401e-02,3.737710e-01,7.354405e-03,7.747422e-03,7.232441e-04,8.187291e-03,1.710415e-02,7.704628e-02,1.149293e-01,1.023743e-01,5.328745e-03,2.047534e-02,5.219311e-03
1.118822e-01,1.994607e-02,7.056320e-02,4.546930e-01,5.834220e-03,5.519816e-03,5.217730e-04,5.878236e-03,1.284480e-02,5.514973e-02,1.410484e-01,9.250768e-02,4.615280e-03,1.517384e-02,3.821744e-03
7.883324e-02,1.531516e-02,5.667032e-02,3.524946e-01,5.026686e-03,4.260788e-03,3.796098e-04,4.150731e-03,1.000501e-02,5.860981e-02,2.898485e-01,1.006711e-01,4.729820e-03,1.573463e-02,3.270095e-03
5.551685e-02,1.180062e-02,4.092501e-02,2.574439e-01,5.376865e-03,3.326907e-03,2.787549e-04,2.959992e-03,7.385195e-03,4.516365e-02,4.240714e-01,1.242374e-01,5.015262e-03,1.403040e-02,2.467791e-03
3.935226e-02,8.828549e-03,2.946758e-02,1.840775e-01,1.459504e-02,3.336125e-03,2.315612e-04,2.107210e-03,5.608001e-03,4.764996e-02,4.338078e-01,2.110879e-01,4.621365e-03,1.296588e-02,2.263293e-03
2.787644e-02,6.340542e-03,2.085919e-02,1.306358e-01,1.897350e-02,2.757441e-03,1.992650e-04,1.551551e-03,4.317364e-03,3.573674e-02,4.236725e-01,3.072315e-01,4.160699e-03,1.397835e-02,1.709178e-03
