1.000000e+00,0.000000e+00,0.000000e+00,0.000000e+00,0.000000e+00,0.000000e+00,0.000000e+00,0.000000e+00,0.000000e+00,0.000000e+00,0.000000e+00,0.000000e+00,0.000000e+00,0.000000e+00,0.000000e+00
1.000000e+00,0.000000e+00,0.000000e+00,0.000000e+00,0.000000e+00,0.000000e+00,0.000000e+00,0.000000e+00,0.000000e+00,0.000000e+00,0.000000e+00,0.000000e+00,0.000000e+00,0.000000e+00,0.000000e+00
1.000000e+00,0.000000e+00,0.000000e+00,0.000000e+00,0.000000e+00,0.000000e+00,0.000000e+00,0.000000e+00,0.000000e+00,0.000000e+00,0.000000e+00,0.000000e+00,0.000000e+00,0.000000e+00,0.000000e+00
1.000000e+00,0.000000e+00,0.000000e+00,0.000000e+00,0.000000e+00,0.000000e+00,0.000000e+00,0.000000e+00,0.000000e+00,0.000000e+00,0.000000e+00,0.000000e+00,0.000000e+00,0.000000e+00,0.000000e+00
1.000000e+00,0.000000e+00,0.000000e+00,0.000000e+00,0.000000e+00,0.000000e+00,0.000000e+00,0.000000e+00,0.000000e+00,0.000000e+00,0.000000e+00,0.000000e+00,0.000000e+00,0.000000e+00,0.000000e+00
1.000000e+00,0.000000e+00,0.000000e+00,0.000000e+00,0.000000e+00,0.000000e+00,0.000000e+00,0.000000e+00,0.000000e+00,0.000000e+00,0.000000e+00,0.000000e+00,0.000000e+00,0.000000e+00,0.000000e+00
1.000000e+00,0.000000e+00,0.000000e+00,0.000000e+00,0.000000e+00,0.000000e+00,0.000000e+00,0.000000e+00,0.000000e+00,0.000000e+00,0.000000e+00,0.000000e+00,0.000000e+00,0.000000e+00,0.000000e+00
1.000000e+00,0.000000e+00,0.000000e+00,0.000000e+00,0.000000e+00,0.000000e+00,0.000000e+00,0.000000e+00,0.000000e+00,0.000000e+00,0.000000e+00,0.000000e+00,0.000000e+00,0.000000e+00,0.000000e+00
1.000000e+00,0.000000e+00,0.000000e+00,0.000000e+00,0.000000e+00,0.000000e+00,0.000000e+00,0.000000e+00,0.000000e+00,0.000000e+00,0.000000e+00,0.000000e+00,0.000000e+00,0.000000e+00,0.000000e+00
1.000000e+00,0.000000e+00,0.000000e+00,0.000000e+00,0.000000e+00,0.000000e+00,0.000000e+00,0.000000e+00,0.000000e+00,0.000000e+00,0.000000e+00,0.000000e+00,0.000000e+00,0.000000e+00,0.000000e+00
1.000000e+00,0.000000e+00,0.000000e+00,0.000000e+00,0.000000e+00,0.000000e+00,0.000000e+00,0.000000e+00,0.000000e+00,0.000000e+00,0.000000e+00,0.000000e+00,0.000000e+00,0.000000e+00,0.000000e+00
1.000000e+00,0.000000e+00,0.000000e+00,0.000000e+00,0.000000e+00,0.000000e+00,0.000000e+00,0.000000e+00,0.000000e+00,0.000000e+00,0.000000e+00,0.000000e+00,0.000000e+00,0.000000e+00,0.000000e+00
1.000000e+00,0.000000e+00,0.000000e+00,0.000000e+00,0.000000e+00,0.000000e+00,0.000000e+00,0.000000e+00,0.000000e+00,0.000000e+00,0.000000e+00,0.000000e+00,0.000000e+00,0.000000e+00,0.000000e+00
1.000000e+00,0.000000e+00,0.000000e+00,0.000000e+00,0.000000e+00,0.000000e+00,0.000000e+00,0.000000e+00,0.000000e+00,0.000000e+00,0.000000e+00,0.000000e+00,0.000000e+00,0.000000e+00,0.000000e+00
1.000000e+00,0.000000e+00,0.000000e+00,0.000000e+00,0.000000e+00,0.000000e+00,0.000000e+00,0.000000e+00,0.000000e+00,0.000000e+00,0.000000e+00,0.000000e+00,0.000000e+00,0.000000e+00,0.000000e+00
1.000000e+00,0.000000e+00,0.000000e+00,0.000000e+00,0.000000e+00,0.000000e+00,0.000000e+00,0.000000e+00,0.000000e+00,0.000000e+00,0.000000e+00,0.000000e+00,0.000000e+00,0.000000e+00,0.000000e+00
4.879908e-01,5.385798e-02,3.039780e-02,2.840303e-01,1.461695e-02,1.489570e-02,4.434283e-03,9.962749e-03,8.741059e-03,2.336937e-03,1.027051e-02,3.092905e-02,2.191947e-02,3.320788e-03,2.229571e-02
3.642400e-01,4.193246e-02,1.158719e-01,3.662632e-01,1.079452e-02,1.143940e-02,3.167025e-03,8.145211e-03,6.797913e-03,2.083356e-03,9.589088e-03,2.279106e-02,1.601069e-02,2.561653e-03,1.831253e-02
4.250661e-01,3.767794e-02,1.236942e-01,2.928680e-01,8.236472e-03,1.179669e-02,2.564969e-03,7.468597e-03,7.229235e-03,2.224097e-03,1.029577e-02,1.882952e-02,1.503602e-02,3.592764e-03,3.341962e-02
4.085894e-01,3.586138e-02,1.976399e-01,2.432660e-01,7.006826e-03,1.247151e-02,2.461342e-03,8.570746e-03,6.693772e-03,2.284894e-03,9.280478e-03,1.773468e-02,1.278565e-02,3.564466e-03,3.178899e-02
3.352320e-01,2.975924e-02,3.108540e-01,2.315474e-01,6.043932e-03,1.009235e-02,1.869157e-03,7.521424e-03,5.616338e-03,1.896448e-03,7.399653e-03,1.479276e-02,9.904225e-03,2.820989e-03,2.464995e-02
4.859616e-01,2.319017e-02,2.405857e-01,1.682746e-01,4.715348e-03,1.056527e-02,1.793000e-03,6.691094e-03,4.869877e-03,1.497999e-03,6.205203e-03,1.314009e-02,1.001467e-02,2.378880e-03,2.011653e-02
1.000000e+00,0.000000e+00,0.000000e+00,0.000000e+00,0.000000e+00,0.000000e+00,0.000000e+00,0.000000e+00,0.000000e+00,0.000000e+00,0.000000e+00,0.000000e+00,0.000000e+00,0.000000e+00,0.000000e+00
1.000000e+00,0.000000e+00,0.000000e+00,0.000000e+00,0.000000e+00,0.000000e+00,0.000000e+00,0.000000e+00,0.000000e+00,0.000000e+00,0.000000e+00,0.000000e+00,0.000000e+00,0.000000e+00,0.000000e+00
1.000000e+00,0.000000e+00,0.000000e+00,0.000000e+00,0.000000e+00,0.000000e+00,0.000000e+00,0.000000e+00,0.000000e+00,0.000000e+00,0.000000e+00,0.000000e+00,0.000000e+00,0.000000e+00,0.000000e+00
1.000000e+00,0.000000e+00,0.000000e+00,0.000000e+00,0.000000e+00,0.000000e+00,0.000000e+00,0.000000e+00,0.000000e+00,0.000000e+00,0.000000e+00,0.000000e+00,0.000000e+00,0.000000e+00,0.000000e+00
1.000000e+00,0.000000e+00,0.000000e+00,0.000000e+00,0.000000e+00,0.000000e+00,0.000000e+00,0.000000e+00,0.000000e+00,0.000000e+00,0.000000e+00,0.000000e+00,0.000000e+00,0.000000e+00,0.000000e+00
1.000000e+00,0.000000e+00,0.000000e+00,0.000000e+00,0.000000e+00,0.000000e+00,0.000000e+00,0.000000e+00,0.000000e+00,0.000000e+00,0.000000e+00,0.000000e+00,0.000000e+00,0.000000e+00,0.000000e+00
1.000000e+00,0.000000e+00,0.000000e+00,0.000000e+00,0.000000e+00,0.000000e+00,0.000000e+00,0.000000e+00,0.000000e+00,0.000000e+00,0.000000e+00,0.000000e+00,0.000000e+00,0.000000e+00,0.000000e+00
1.000000e+00,0.000000e+00,0.000000e+00,0.000000e+00,0.000000e+00,0.000000e+00,0.000000e+00,0.000000e+00,0.000000e+00,0.000000e+00,0.000000e+00,0.000000e+00,0.000000e+00,0.000000e+00,0.000000e+00
1.000000e+00,0.000000e+00,0.000000e+00,0.000000e+00,0.000000e+00,0.000000e+00,0.000000e+00,0.000000e+00,0.000000e+00,0.000000e+00,0.000000e+00,0.000000e+00,0.000000e+00,0.000000e+00,0.000000e+00
1.000000e+00,0.000000e+00,0.000000e+00,0.000000e+00,0.000000e+00,0.000000e+00,0.000000e+00,0.000000e+00,0.000000e+00,0.000000e+00,0.000000e+00,0.000000e+00,0.000000e+00,0.000000e+00,0.000000e+00
1.000000e+00,0.000000e+00,0.000000e+00,0.000000e+00,0.000000e+00,0.000000e+00,0.000000e+00,0.000000e+00,0.000000e+00,0.000000e+00,0.000000e+00,0.000000e+00,0.000000e+00,0.000000e+00,0.000000e+00
1.000000e+00,0.000000e+00,0.000000e+00,0.000000e+00,0.000000e+00,0.000000e+00,0.000000e+00,0.000000e+00,0.000000e+00,0.000000e+00,0.000000e+00,0.000000e+00,0.000000e+00,0.000000e+00,0.000000e+00
1.000000e+00,0.000000e+00,0.000000e+00,0.000000e+00,0.000000e+00,0.000000e+00,0.000000e+00,0.000000e+00,0.000000e+00,0.000000e+00,0.000000e+00,0.000000e+00,0.000000e+00,0.000000e+00,0.000000e+00
1.000000e+00,0.000000e+00,0.000000e+00,0.000000e+00,0.000000e+00,0.000000e+00,0.000000e+00,0.000000e+00,0.000000e+00,0.000000e+00,0.000000e+00,0.000000e+00,0.000000e+00,0.000000e+00,0.000000e+00
1.000000e+00,0.000000e+00,0.000000e+00,0.000000e+00,0.000000e+00,0.000000e+00,0.000000e+00,0.000000e+00,0.000000e+00,0.000000e+00,0.000000e+00,0.000000e+00,0.000000e+00,0.000000e+00,0.000000e+00
1.000000e+00,0.000000e+00,0.000000e+00,0.000000e+00,0.000000e+00,0.000000e+00,0.000000e+00,0.000000e+00,0.000000e+00,0.000000e+00,0.000000e+00,0.000000e+00,0.000000e+00,0.000000e+00,0.000000e+00
1.000000e+00,0.000000e+00,0.000000e+00,0.000000e+00,0.000000e+00,0.000000e+00,0.000000e+00,0.000000e+00,0.000000e+00,0.000000e+00,0.000000e+00,0.000000e+00,0.000000e+00,0.000000e+00,0.000000e+00
1.000000e+00,0.000000e+00,0.000000e+00,0.000000e+00,0.000000e+00,0.000000e+00,0.000000e+00,0.000000e+00,0.000000e+00,0.000000e+00,0.000000e+00,0.000000e+00,0.000000e+00,0.000000e+00,0.000000e+00
1.000000e+00,0.000000e+00,0.000000e+00,0.000000e+00,0.000000e+00,0.000000e+00,0.000000e+00,0.000000e+00,0.000000e+00,0.000000e+00,0.000000e+00,0.000000e+00,0.000000e+00,0.000000e+00,0.000000e+00
1.000000e+00,0.000000e+00,0.000000e+00,0.000000e+00,0.000000e+00,0.000000e+00,0.000000e+00,0.000000e+00,0.000000e+00,0.000000e+00,0.000000e+00,0.000000e+00,0.000000e+00,0.000000e+00,0.000000e+00
1.000000e+00,0.000000e+00,0.000000e+00,0.000000e+00,0.000000e+00,0.000000e+00,0.000000e+00,0.000000e+00,0.000000e+00,0.000000e+00,0.000000e+00,0.000000e+00,0.000000e+00,0.000000e+00,0.000000e+00
1.000000e+00,0.000000e+00,0.000000e+00,0.000000e+00,0.000000e+00,0.000000e+00,0.000000e+00,0.000000e+00,0.000000e+00,0.000000e+00,0.000000e+00,0.000000e+00,0.000000e+00,0.000000e+00,0.000000e+00
1.000000e+00,0.000000e+00,0.000000e+00,0.000000e+00,0.000000e+00,0.000000e+00,0.000000e+00,0.000000e+00,0.000000e+00,0.000000e+00,0.000000e+00,0.000000e+00,0.000000e+00,0.000000e+00,0.000000e+00
1.000000e+00,0.000000e+00,0.000000e+00,0.000000e+00,0.000000e+00,0.000000e+00,0.000000e+00,0.000000e+00,0.000000e+00,0.000000e+00,0.000000e+00,0.000000e+00,0.000000e+00,0.000000e+00,0.000000e+00
1.000000e+00,0.000000e+00,0.000000e+00,0.000000e+00,0.000000e+00,0.000000e+00,0.000000e+00,0.000000e+00,0.000000e+00,0.000000e+00,0.000000e+00,0.000000e+00,0.000000e+00,0.000000e+00,0.000000e+00
1.000000e+00,0.000000e+00,0.000000e+00,0.000000e+00,0.000000e+00,0.000000e+00,0.000000e+00,0.000000e+00,0.000000e+00,0.000000e+00,0.000000e+00,0.000000e+00,0.000000e+00,0.000000e+00,0.000000e+00
1.000000e+00,0.000000e+00,0.000000e+00,0.000000e+00,0.000000e+00,0.000000e+00,0.000000e+00,0.000000e+00,0.000000e+00,0.000000e+00,0.000000e+00,0.000000e+00,0.000000e+00,0.000000e+00,0.000000e+00
1.000000e+00,0.000000e+00,0.000000e+00,0.000000e+00,0.000000e+00,0.000000e+00,0.000000e+00,0.000000e+00,0.000000e+00,0.000000e+00,0.000000e+00,0.000000e+00,0.000000e+00,0.000000e+00,0.000000e+00
1.000000e+00,0.000000e+00,0.000000e+00,0.000000e+00,0.000000e+00,0.000000e+00,0.000000e+00,0.000000e+00,0.000000e+00,0.000000e+00,0.000000e+00,0.000000e+00,0.000000e+00,0.000000e+00,0.000000e+00
1.000000e+00,0.000000e+00,0.000000e+00,0.000000e+00,0.000000e+00,0.000000e+00,0.000000e+00,0.000000e+00,0.000000e+00,0.000000e+00,0.000000e+00,0.000000e+00,0.000000e+00,0.000000e+00,0.000000e+00
1.000000e+00,0.000000e+00,0.000000e+00,0.000000e+00,0.000000e+00,0.000000e+00,0.000000e+00,0.000000e+00,0.000000e+00,0.000000e+00,0.000000e+00,0.000000e+00,0.000000e+00,0.000000e+00,0.000000e+00
1.000000e+00,0.000000e+00,0.000000e+00,0.000000e+00,0.000000e+00,0.000000e+00,0.000000e+00,0.000000e+00,0.000000e+00,0.000000e+00,0.000000e+00,0.000000e+00,0.000000e+00,0.000000e+00,0.000000e+00
1.000000e+00,0.000000e+00,0.000000e+00,0.000000e+00,0.000000e+00,0.000000e+00,0.000000e+00,0.000000e+00,0.000000e+00,0.000000e+00,0.000000e+00,0.000000e+00,0.000000e+00,0.000000e+00,0.000000e+00
1.000000e+00,0.000000e+00,0.000000e+00,0.000000e+00,0.000000e+00,0.000000e+00,0.000000e+00,0.000000e+00,0.000000e+00,0.000000e+00,0.000000e+00,0.000000e+00,0.000000e+00,0.000000e+00,0.000000e+00
1.000000e+00,0.000000e+00,0.000000e+00,0.000000e+00,0.000000e+00,0.000000e+00,0.000000e+00,0.000000e+00,0.000000e+00,0.000000e+00,0.000000e+00,0.000000e+00,0.000000e+00,0.000000e+00,0.000000e+00
1.000000e+00,0.000000e+00,0.000000e+00,0.000000e+00,0.000000e+00,0.000000e+00,0.000000e+00,0.000000e+00,0.000000e+00,0.000000e+00,0.000000e+00,0.000000e+00,0.000000e+00,0.000000e+00,0.000000e+00
1.000000e+00,0.000000e+00,0.000000e+00,0.000000e+00,0.000000e+00,0.000000e+00,0.000000e+00,0.000000e+00,0.000000e+00,0.000000e+00,0.000000e+00,0.000000e+00,0.000000e+00,0.000000e+00,0.000000e+00
1.000000e+00,0.000000e+00,0.000000e+00,0.000000e+00,0.000000e+00,0.000000e+00,0.000000e+00,0.000000e+00,0.000000e+00,0.000000e+00,0.000000e+00,0.000000e+00,0.000000e+00,0.000000e+00,0.000000e+00
1.000000e+00,0.000000e+00,0.000000e+00,0.000000e+00,0.000000e+00,0.000000e+00,0.000000e+00,0.000000e+00,0.000000e+00,0.000000e+00,0.000000e+00,0.000000e+00,0.000000e+00,0.000000e+00,0.000000e+00
1.000000e+00,0.000000e+00,0.000000e+00,0.000000e+00,0.000000e+00,0.000000e+00,0.000000e+00,0.000000e+00,0.000000e+00,0.000000e+00,0.000000e+00,0.000000e+00,0.000000e+00,0.000000e+00,0.000000e+00
4.495306e-01,1.279963e-02,2.731589e-02,6.113227e-02,1.783642e-02,7.561910e-02,6.490429e-03,7.333779e-02,1.983387e-03,7.914048e-03,7.964121e-02,1.551783e-01,2.176164e-02,2.822655e-03,6.636612e-03
3.147918e-01,9.818966e-03,2.556583e-02,9.674327e-02,1.306010e-02,6.588077e-02,7.546671e-03,5.169899e-02,1.900717e-03,2.507423e-02,1.054295e-01,2.530494e-01,2.107000e-02,2.740292e-03,5.629428e-03
2.204432e-01,8.197660e-03,1.909813e-02,1.519837e-01,9.994243e-03,5.191494e-02,5.719146e-03,3.667405e-02,6.043123e-03,2.501757e-02,1.699702e-01,2.684580e-01,1.697628e-02,3.913207e-03,5.596443e-03
1.546844e-01,7.361701e-03,1.415707e-02,1.401347e-01,1.330514e-02,5.105374e-02,4.847487e-03,2.698669e-02,6.890898e-03,2.172959e-02,2.206768e-01,3.149430e-01,1.307055e-02,5.362503e-03,4.795695e-03
1.087160e-01,6.054082e-03,1.032245e-02,1.078060e-01,1.598703e-02,4.124850e-02,4.021999e-03,2.014910e-02,6.193621e-03,1.658154e-02,2.988711e-01,3.428941e-01,1.050479e-02,6.813509e-03,3.836114e-03
7.628337e-02,4.504319e-03,7.634181e-03,7.803968e-02,1.336349e-02,3.077349e-02,2.956830e-03,1.520049e-02,8.078795e-03,1.392926e-02,2.920042e-01,4.336382e-01,8.915896e-03,1.130126e-02,3.376625e-03
5.360610e-02,3.500105e-03,5.735795e-03,5.688855e-02,1.149034e-02,2.304824e-02,2.280793e-03,1.107808e-02,7.828984e-03,1.362338e-02,3.521440e-01,4.163086e-01,8.301444e-03,3.138692e-02,2.778727e-03
3.835018e-02,3.758839e-03,6.222398e-03,4.105341e-02,9.448383e-03,3.669480e-02,1.853719e-03,1.152542e-02,1.120147e-02,1.227274e-02,4.070204e-01,3.598014e-01,6.578641e-03,5.170742e-02,2.510895e-03
2.708589e-02,3.168305e-03,4.559046e-03,2.903436e-02,7.159440e-03,2.641286e-02,1.352727e-03,8.901212e-03,5.231564e-02,9.333598e-03,4.235638e-01,3.308628e-01,4.847767e-03,6.947291e-02,1.929752e-03
2.006078e-02,2.360452e-03,3.698385e-03,2.075036e-02,5.273555e-03,2.170864e-02,1.017124e-03,7.369901e-03,4.888889e-02,7.094818e-03,5.023034e-01,2.497550e-01,3.644619e-03,1.045822e-01,1.491920e-03
1.477350e-02,1.807072e-03,2.690495e-03,1.460574e-02,3.992519e-03,1.651551e-02,7.231424e-04,5.375888e-03,4.513559e-02,5.251436e-03,5.635285e-01,1.829161e-01,2.828495e-03,1.386337e-01,1.222364e-03
1.180029e-02,1.890061e-03,2.216551e-03,1.033332e-02,5.123294e-03,1.201139e-02,5.250878e-04,3.984849e-03,5.375950e-02,4.366138e-03,5.967937e-01,1.327051e-01,2.217893e-03,1.612788e-01,9.940608e-04
8.610887e-03,4.724368e-03,2.114167e-03,7.432830e-03,6.812730e-02,9.949062e-03,8.439777e-04,2.996595e-03,7.816510e-02,4.831013e-03,5.150886e-01,9.453173e-02,1.818237e-03,1.997921e-01,9.740919e-04
7.851155e-03,1.060781e-02,3.052939e-03,5.588751e-03,9.518724e-02,8.230210e-03,7.578378e-04,2.493808e-03,1.625219e-01,5.231651e-03,4.365458e-01,6.745152e-02,1.506301e-03,1.911809e-01,1.792227e-03
6.438249e-03,1.301072e-02,4.276734e-03,5.448095e-03,9.123337e-02,7.377389e-03,9.197488e-04,2.912450e-03,1.647604e-01,5.072656e-03,4.533769e-01,4.868444e-02,1.268698e-03,1.937004e-01,1.519706e-03
5.177740e-03,1.190034e-02,3.701854e-03,4.060712e-03,6.753400e-02,1.102967e-02,6.709004e-04,2.236786e-03,1.498214e-01,5.747606e-03,4.449837e-01,3.488161e-02,1.137349e-03,2.556373e-01,1.478991e-03
4.593067e-03,1.239032e-02,3.430908e-03,3.131422e-03,4.947197e-02,1.417785e-02,4.922730e-04,1.842618e-03,1.619063e-01,5.891629e-03,4.252038e-01,2.563634e-02,1.066231e-03,2.892256e-01,1.539706e-03
5.197974e-03,2.344722e-02,7.041847e-03,2.856991e-03,3.828925e-02,2.517074e-02,3.991396e-04,1.938462e-03,2.731968e-01,6.745733e-03,3.322816e-01,1.942148e-02,9.389442e-04,2.600111e-01,3.062719e-03
7.239480e-03,2.178292e-02,3.011065e-02,4.799974e-03,2.797580e-02,2.727000e-02,5.677313e-04,5.690292e-03,3.005589e-01,8.373152e-03,2.692655e-01,1.427964e-02,1.073416e-03,2.779408e-01,3.071809e-03
8.196003e-03,3.422724e-02,4.309497e-02,4.478639e-03,2.210322e-02,4.396908e-02,4.956237e-04,4.764997e-03,2.837418e-01,1.121349e-02,2.342666e-01,1.068474e-02,9.734812e-04,2.932557e-01,4.534503e-03
1.041972e-02,3.298688e-02,6.637838e-02,5.404316e-03,1.652807e-02,5.891449e-02,4.169502e-04,5.969610e-03,3.115661e-01,1.172117e-02,1.845264e-01,7.702568e-03,8.553258e-04,2.827531e-01,3.856828e-03
1.456568e-02,2.924448e-02,6.902166e-02,7.210647e-03,1.276101e-02,7.467425e-02,3.385774e-04,8.020493e-03,3.355095e-01,1.185137e-02,1.498318e-01,5.522830e-03,7.560127e-04,2.771928e-01,3.498978e-03
1.657974e-02,3.155832e-02,5.487134e-02,1.034661e-02,9.718253e-03,1.300768e-01,3.728638e-04,1.747222e-02,3.048850e-01,1.432379e-02,1.265901e-01,4.148130e-03,6.725304e-04,2.735762e-01,4.808254e-03
2.378713e-02,3.012523e-02,8.276367e-02,2.003329e-02,1.050085e-02,1.494528e-01,6.365160e-04,4.551267e-02,2.534349e-01,1.495178e-02,1.093224e-01,3.566217e-03,1.239873e-03,2.488003e-01,5.872424e-03
3.326303e-02,2.671623e-02,7.964364e-02,2.189214e-02,8.658374e-03,1.847794e-01,1.531137e-03,3.831182e-02,2.310692e-01,1.413910e-02,9.419578e-02,3.285096e-03,1.404805e-03,2.553500e-01,5.760208e-03
4.708558e-02,2.205098e-02,6.728974e-02,2.121982e-02,7.023762e-03,2.207648e-01,1.679062e-03,3.407453e-02,2.298312e-01,1.302365e-02,9.502148e-02,3.076559e-03,1.744771e-03,2.308079e-01,5.306121e-03
5.257254e-02,2.030366e-02,5.612643e-02,1.750997e-02,6.007600e-03,2.988111e-01,1.600640e-03,2.564158e-02,2.036864e-01,1.120030e-02,8.323957e-02,2.690098e-03,2.354502e-03,2.124892e-01,5.766426e-03
6.742825e-02,2.232056e-02,5.670355e-02,1.631732e-02,6.544966e-03,3.276108e-01,1.356240e-03,3.283708e-02,1.874511e-01,9.432233e-03,8.264611e-02,3.717990e-03,3.916204e-03,1.684022e-01,1.331529e-02
8.692294e-02,2.347685e-02,4.653260e-02,1.652208e-02,8.945113e-03,3.463070e-01,1.640521e-03,5.291615e-02,1.761944e-01,8.834470e-03,7.146844e-02,1.198760e-02,5.676391e-03,1.258684e-01,1.670700e-02
1.084300e-01,2.254409e-02,4.657775e-02,1.953587e-02,1.231064e-02,3.026931e-01,2.118939e-03,8.775228e-02,1.648575e-01,7.197731e-03,8.702622e-02,2.288152e-02,6.564885e-03,9.288450e-02,1.662499e-02
1.217407e-01,2.855558e-02,4.195933e-02,2.314933e-02,1.505200e-02,2.677128e-01,2.048452e-03,9.727497e-02,1.613350e-01,6.882398e-03,1.033044e-01,2.944763e-02,7.695163e-03,7.042667e-02,2.341541e-02
1.413276e-01,4.803177e-02,4.978220e-02,2.473538e-02,1.642953e-02,2.241074e-01,1.994442e-03,8.895987e-02,1.500828e-01,8.625885e-03,1.034337e-01,3.296656e-02,7.700383e-03,5.988855e-02,4.193396e-02
1.171786e-01,9.093685e-02,5.408833e-02,3.326443e-02,1.843371e-02,1.807329e-01,1.619028e-03,6.753567e-02,1.330815e-01,1.404554e-02,1.107866e-01,4.962200e-02,8.704602e-03,5.998076e-02,5.998942e-02
8.331072e-02,9.660777e-02,4.374649e-02,3.399986e-02,1.391358e-02,1.324105e-01,1.168049e-03,4.739887e-02,1.311380e-01,1.602817e-02,1.074353e-01,9.079828e-02,1.087858e-02,4.845139e-02,1.427144e-01
6.350512e-02,1.074111e-01,3.561334e-02,3.195945e-02,1.062083e-02,1.159229e-01,9.136276e-04,3.339725e-02,1.189148e-01,1.592878e-02,1.190576e-01,1.262263e-01,1.480909e-02,5.253825e-02,1.531815e-01
4.566282e-02,8.409773e-02,3.476429e-02,2.406545e-02,7.794749e-03,9.533888e-02,6.965204e-04,2.343194e-02,8.989023e-02,1.608595e-02,8.676396e-02,9.360050e-02,1.210608e-02,7.802994e-02,3.076709e-01
4.928846e-02,6.418272e-02,2.747156e-02,1.867331e-02,6.667033e-03,7.400997e-02,7.186383e-04,1.670073e-02,8.326917e-02,3.458450e-02,6.917225e-02,7.708641e-02,1.308975e-02,1.727109e-01,2.923746e-01
6.378342e-02,4.809101e-02,2.032210e-02,1.452323e-02,5.356599e-03,5.339035e-02,7.284575e-04,1.200631e-02,7.827809e-02,3.656286e-02,5.676403e-02,6.629954e-02,1.423013e-02,3.059971e-01,2.236667e-01
1.731963e-01,3.801886e-02,1.578484e-02,1.769644e-02,1.218644e-02,4.030673e-02,1.132589e-03,1.028048e-02,7.700315e-02,2.924499e-02,6.380196e-02,5.477449e-02,2.714966e-02,2.645299e-01,1.748933e-01
1.466111e-01,2.990828e-02,1.212556e-02,1.353870e-02,1.202042e-02,2.935904e-02,1.034621e-03,7.614978e-03,1.037129e-01,2.434498e-02,5.465901e-02,4.231375e-02,2.242803e-02,3.119067e-01,1.884219e-01
1.170970e-01,2.292607e-02,1.047318e-02,1.053283e-02,2.287331e-02,2.176384e-02,1.368899e-03,7.245102e-03,1.046235e-01,1.983142e-02,4.581231e-02,3.279960e-02,2.244359e-02,3.640898e-01,1.961196e-01
1.029179e-01,1.895153e-02,1.055601e-02,8.329333e-03,2.961494e-02,1.766627e-02,2.050074e-03,7.793718e-03,1.149989e-01,2.637903e-02,4.446038e-02,2.583489e-02,2.239348e-02,3.713735e-01,1.966800e-01
7.628199e-02,1.404796e-02,8.143033e-03,5.948510e-03,2.122024e-02,1.273401e-02,1.475981e-03,5.604695e-03,8.670406e-02,3.444166e-02,4.178250e-02,1.841985e-02,1.628030e-02,5.053777e-01,1.515375e-01
5.907891e-02,1.026087e-02,6.374538e-03,4.293655e-03,1.549078e-02,9.357789e-03,1.217037e-03,4.428441e-03,6.700114e-02,1.029890e-01,3.623438e-02,1.349551e-02,1.228937e-02,5.373138e-01,1.201747e-01
4.972487e-02,7.528558e-03,4.993932e-03,3.350818e-03,1.209254e-02,8.641517e-03,1.181831e-03,4.104248e-03,5.053746e-02,2.707634e-01,2.902470e-02,1.036328e-02,1.033207e-02,4.095448e-01,1.278160e-01
3.767398e-02,5.412043e-03,3.833118e-03,2.821497e-03,1.222381e-02,9.832343e-03,1.242735e-03,3.146675e-03,3.895683e-02,3.253111e-01,2.917418e-02,1.004108e-02,1.338449e-02,3.490528e-01,1.578934e-01
2.860874e-02,4.136431e-03,2.889151e-03,4.494208e-03,2.237441e-02,8.591165e-03,1.492628e-03,2.354298e-03,4.005996e-02,2.872869e-01,3.762678e-02,1.052337e-02,2.223447e-02,3.864101e-01,1.409175e-01
2.349857e-02,4.991866e-03,3.498768e-03,6.323588e-03,2.247006e-02,1.083664e-02,1.516257e-03,6.549702e-03,1.259726e-01,2.229089e-01,5.730165e-02,2.171371e-02,1.123390e-01,2.790376e-01,1.010412e-01
1.795851e-02,6.884377e-03,2.810417e-03,6.748171e-03,3.221669e-02,1.992268e-02,1.595363e-03,5.409536e-03,3.388404e-01,1.574351e-01,4.194934e-02,1.593439e-02,8.303283e-02,1.982613e-01,7.100094e-02
1.786272e-02,7.275386e-03,4.456543e-03,7.831256e-03,3.616457e-02,2.472990e-02,2.939282e-03,7.945833e-03,4.861351e-01,1.109821e-01,3.043261e-02,1.172711e-02,6.180627e-02,1.396071e-01,5.010412e-02
2.141691e-02,8.502360e-03,4.303196e-03,2.060779e-02,8.809242e-02,2.125381e-02,4.635725e-03,1.126563e-02,5.348649e-01,7.828993e-02,2.155021e-02,8.298784e-03,4.359291e-02,9.775395e-02,3.557144e-02
2.422769e-02,9.660134e-03,4.629351e-03,2.602156e-02,1.680771e-01,2.508848e-02,5.776382e-03,3.686996e-02,4.985390e-01,5.524952e-02,1.542260e-02,5.870233e-03,3.085307e-02,6.846807e-02,2.524680e-02
2.914487e-02,1.211992e-02,6.698429e-03,3.895879e-02,1.608986e-01,1.859869e-02,4.779708e-03,1.239246e-01,4.628015e-01,3.888037e-02,1.098498e-02,4.160069e-03,2.218866e-02,4.795090e-02,1.790997e-02
2.268454e-02,8.931565e-03,5.296158e-03,3.108478e-02,1.292957e-01,1.398705e-02,4.039347e-03,2.994929e-01,3.853561e-01,2.722943e-02,7.777394e-03,2.921059e-03,1.568770e-02,3.357038e-02,1.264600e-02
1.702020e-02,6.526843e-03,4.873730e-03,2.336103e-02,1.088609e-01,1.396226e-02,3.365322e-03,4.791791e-01,2.706892e-01,1.910946e-02,5.993511e-03,2.108509e-03,1.188424e-02,2.352016e-02,9.545677e-03
1.339978e-02,4.711531e-03,5.657113e-03,1.727237e-02,1.757946e-01,4.485532e-02,3.096877e-03,4.461699e-01,1.895863e-01,1.385227e-02,3.136766e-02,2.361184e-03,1.643846e-02,1.660982e-02,1.882682e-02
1.044217e-02,3.567779e-03,6.775931e-03,1.509247e-02,1.432727e-01,4.387055e-02,4.026977e-03,3.540572e-01,1.332520e-01,1.353729e-02,1.315259e-01,2.185022e-02,7.169668e-02,1.479590e-02,3.223634e-02
8.638840e-03,2.945956e-03,5.903413e-03,1.224379e-02,1.021218e-01,3.799112e-02,6.632720e-03,3.007484e-01,9.439459e-02,3.765575e-02,1.789084e-01,4.461309e-02,6.484778e-02,7.104619e-02,3.130814e-02
2.326577e-02,3.111179e-03,6.074206e-03,1.334430e-02,7.885741e-02,3.191468e-02,1.409014e-02,2.253675e-01,6.833259e-02,3.697126e-02,1.778742e-01,6.798464e-02,6.137826e-02,1.648119e-01,2.662195e-02
3.577656e-02,3.311501e-03,8.622194e-03,1.130826e-02,6.089580e-02,2.694967e-02,1.355351e-02,1.794950e-01,5.164686e-02,2.914074e-02,2.102441e-01,7.076328e-02,4.955364e-02,2.281490e-01,2.058993e-02
3.606945e-02,3.287757e-03,7.724851e-03,1.320156e-02,4.455180e-02,2.167713e-02,9.780231e-03,1.274709e-01,4.312558e-02,2.338578e-02,2.629386e-01,1.046209e-01,4.059814e-02,2.450851e-01,1.648212e-02
2.625578e-02,4.053993e-03,6.712690e-03,1.018432e-02,5.563502e-02,1.544655e-02,6.951207e-03,8.944697e-02,5.825569e-02,1.901582e-02,2.490811e-01,1.039625e-01,3.085077e-02,3.067049e-01,1.744272e-02
3.436220e-02,4.233656e-03,7.058783e-03,1.431977e-02,7.397010e-02,1.260567e-02,5.054567e-03,6.544972e-02,8.340467e-02,3.081294e-02,1.898277e-01,7.884000e-02,2.392128e-02,3.611854e-01,1.495346e-02
2.529991e-02,7.402635e-03,1.277662e-02,2.089603e-02,6.092696e-02,1.644517e-02,3.664932e-03,4.649882e-02,1.600910e-01,3.735580e-02,1.678736e-01,6.176220e-02,2.452304e-02,3.273502e-01,2.713309e-02
2.271383e-02,7.061808e-03,1.124756e-02,2.415963e-02,5.729047e-02,1.336760e-02,2.738935e-03,3.314782e-02,1.380405e-01,4.545621e-02,1.624262e-01,4.878383e-02,2.123461e-02,3.883570e-01,2.397403e-02
1.888311e-02,1.040166e-02,1.497628e-02,3.223476e-02,5.156627e-02,2.335768e-02,2.622066e-03,2.443091e-02,1.747158e-01,5.313099e-02,1.479537e-01,3.605792e-02,1.898066e-02,3.686800e-01,2.200819e-02
1.688241e-02,1.027217e-02,2.270935e-02,4.809442e-02,4.579638e-02,2.429406e-02,3.480954e-03,1.948740e-02,2.056097e-01,4.918460e-02,1.371944e-01,2.940881e-02,2.774430e-02,3.205968e-01,3.924427e-02
1.301169e-02,1.493962e-02,4.920610e-02,1.326913e-01,3.502523e-02,1.923785e-02,2.590258e-03,1.442931e-02,1.961032e-01,4.899399e-02,1.445420e-01,2.309229e-02,3.108388e-02,2.283422e-01,4.671118e-02
9.525896e-03,1.078318e-02,3.491059e-02,1.011389e-01,2.566077e-02,1.434728e-02,1.986212e-03,1.060719e-02,1.743124e-01,7.004130e-02,2.172676e-01,2.644976e-02,9.761603e-02,1.623127e-01,4.304015e-02
6.787789e-03,7.725651e-03,2.465954e-02,8.065990e-02,1.888027e-02,1.078098e-02,1.444183e-03,8.003733e-03,1.310551e-01,7.381641e-02,2.972831e-01,3.091936e-02,1.578510e-01,1.151653e-01,3.496768e-02
4.814617e-03,5.534254e-03,1.932728e-02,5.761573e-02,1.579503e-02,7.636249e-03,1.047215e-03,2.912539e-02,9.448926e-02,6.352842e-02,3.615219e-01,2.993556e-02,2.020261e-01,8.299094e-02,2.461210e-02
3.465713e-03,8.360535e-03,1.708975e-02,4.241487e-02,1.960643e-02,6.047287e-03,7.932669e-04,3.199941e-02,2.013676e-01,5.398417e-02,3.191037e-01,2.853835e-02,1.901774e-01,5.931257e-02,1.773896e-02
2.652754e-03,1.151928e-02,2.397887e-02,5.961576e-02,2.872522e-02,5.512136e-03,7.078489e-04,3.024562e-02,3.591557e-01,4.056066e-02,2.270164e-01,2.071184e-02,1.350503e-01,4.192673e-02,1.262090e-02
3.147027e-03,1.072180e-02,1.771370e-02,5.612038e-02,3.240306e-02,1.145102e-02,5.375962e-04,2.335357e-02,4.987784e-01,3.102866e-02,1.640191e-01,1.470818e-02,9.564836e-02,3.018370e-02,1.018553e-02
3.366574e-03,8.449845e-03,1.287096e-02,4.681479e-02,4.563054e-02,1.215238e-02,3.939867e-04,1.663109e-02,5.901924e-01,2.321454e-02,1.304387e-01,1.093828e-02,6.786630e-02,2.369746e-02,7.342194e-03
1.139645e-02,8.588953e-03,1.236768e-02,4.840031e-02,4.924220e-02,1.546554e-02,9.425990e-04,1.647311e-02,4.542184e-01,2.128513e-02,2.703620e-01,1.423072e-02,4.994937e-02,2.091150e-02,6.166016e-03
1.568574e-02,7.144980e-03,1.158390e-02,4.936888e-02,4.392515e-02,1.185897e-02,1.305326e-03,1.399932e-02,3.709751e-01,1.753427e-02,3.532580e-01,1.931910e-02,3.601394e-02,4.318876e-02,4.838612e-03
1.299384e-02,5.529413e-03,8.831399e-03,3.675389e-02,3.323407e-02,8.816645e-03,1.155854e-03,1.038729e-02,2.618446e-01,1.396065e-02,5.047773e-01,2.007243e-02,2.601775e-02,5.200022e-02,3.624561e-03
1.215504e-02,4.694647e-03,6.932057e-03,2.810649e-02,2.453179e-02,8.076957e-03,1.133584e-03,7.881083e-03,1.875912e-01,1.228269e-02,6.059457e-01,2.244367e-02,1.929741e-02,5.615080e-02,2.776831e-03
1.218448e-02,3.784375e-03,5.271615e-03,2.091196e-02,1.762370e-02,8.148624e-03,9.169597e-04,5.660913e-03,1.329668e-01,1.061861e-02,6.872649e-01,2.402610e-02,1.428008e-02,5.412996e-02,2.210988e-03
1.307109e-02,7.243134e-03,5.562668e-03,1.598041e-02,1.764609e-02,7.204023e-03,7.806930e-04,4.209477e-03,9.986187e-02,1.361315e-02,7.063396e-01,3.361657e-02,1.102544e-02,6.031282e-02,3.532923e-03
1.632674e-02,1.028988e-02,5.394274e-03,1.221325e-02,1.518087e-02,6.858683e-03,6.182123e-04,3.073986e-03,7.262126e-02,1.393747e-02,7.179158e-01,4.143928e-02,8.669752e-03,6.963316e-02,5.827432e-03
2.212080e-02,1.224916e-02,7.035160e-03,9.394844e-03,1.276850e-02,8.802544e-03,7.537889e-04,2.562140e-03,5.373294e-02,1.947891e-02,6.891311e-01,5.116433e-02,7.438875e-03,9.797780e-02,5.389124e-03
2.448484e-02,1.091902e-02,5.962476e-03,7.078377e-03,9.325816e-03,8.304812e-03,6.874849e-04,2.107835e-03,3.876991e-02,1.464652e-02,7.427823e-01,4.158933e-02,5.752428e-03,8.295886e-02,4.629949e-03
4.030477e-02,1.926981e-02,9.132648e-03,6.728924e-03,8.226573e-03,1.637920e-02,8.247698e-04,2.042697e-03,3.465206e-02,1.321311e-02,6.728398e-01,4.544219e-02,4.500148e-03,1.098668e-01,1.657642e-02
4.031301e-02,1.997056e-02,7.644325e-03,5.515762e-03,6.771654e-03,1.625892e-02,9.736241e-04,1.949877e-03,2.817224e-02,1.282339e-02,7.065891e-01,4.076519e-02,3.893120e-03,8.954404e-02,1.881512e-02
3.547504e-02,1.817634e-02,6.195579e-03,4.267296e-03,5.334350e-03,1.351897e-02,9.823549e-04,1.562711e-03,2.131814e-02,1.636883e-02,7.482060e-01,3.475894e-02,3.148106e-03,7.238667e-02,1.830066e-02
2.612069e-02,1.319845e-02,4.471693e-03,3.073700e-03,4.239620e-03,1.071682e-02,8.633672e-04,1.172896e-03,1.578328e-02,2.419979e-02,7.943910e-01,2.850029e-02,2.776048e-03,5.594173e-02,1.455060e-02
1.958458e-02,9.809959e-03,3.997252e-03,2.652308e-03,6.654662e-03,1.262474e-02,6.424643e-03,6.217925e-03,1.618266e-02,4.418258e-02,7.816713e-01,2.623693e-02,3.092422e-03,4.716822e-02,1.349985e-02
1.682671e-02,1.090400e-02,4.683830e-03,2.401940e-03,5.943920e-03,2.387669e-02,9.165749e-03,7.624847e-03,1.648174e-02,5.022524e-02,7.630613e-01,2.340453e-02,4.374561e-03,3.578147e-02,2.524344e-02
1.769437e-02,1.006045e-02,8.656576e-03,2.672505e-03,5.663468e-03,8.061849e-02,1.542312e-02,2.585034e-02,1.870640e-02,4.503191e-02,6.809571e-01,2.638321e-02,6.235594e-03,2.832052e-02,2.772593e-02
1.967989e-02,1.192915e-02,1.316431e-02,4.396365e-03,6.256703e-03,1.133411e-01,1.718183e-02,2.908357e-02,2.127716e-02,4.763537e-02,6.263599e-01,2.683645e-02,7.176650e-03,2.378097e-02,3.190057e-02
2.800516e-02,9.465599e-03,4.008596e-02,1.303918e-02,1.205413e-02,1.555367e-01,3.321850e-02,5.083012e-02,1.941599e-02,3.736246e-02,5.220871e-01,2.767529e-02,9.155987e-03,1.802538e-02,2.404242e-02
2.951783e-02,1.089602e-02,6.337341e-02,1.327932e-02,1.468361e-02,2.701297e-01,2.496589e-02,3.831524e-02,1.931711e-02,2.730636e-02,4.146195e-01,2.459188e-02,1.599121e-02,1.348860e-02,1.952430e-02
2.610750e-02,1.617619e-02,1.325445e-01,1.184274e-02,1.394758e-02,3.465193e-01,1.832026e-02,2.792852e-02,1.851643e-02,2.033447e-02,3.014956e-01,1.959650e-02,2.104593e-02,9.931941e-03,1.569256e-02
3.291073e-02,1.851778e-02,2.021866e-01,1.289795e-02,1.597658e-02,3.422021e-01,1.435065e-02,2.267389e-02,2.056048e-02,1.846312e-02,2.263224e-01,2.499933e-02,2.181267e-02,8.920086e-03,1.720555e-02
4.463032e-02,2.087302e-02,1.983383e-01,1.145473e-02,2.110444e-02,3.082937e-01,1.101600e-02,2.114057e-02,2.268612e-02,2.408606e-02,2.148897e-01,3.697499e-02,2.586069e-02,2.090748e-02,1.774389e-02
3.926229e-02,4.200267e-02,1.444099e-01,7.923092e-02,1.778844e-02,2.815744e-01,7.870561e-03,1.501232e-02,4.111941e-02,2.525562e-02,1.851847e-01,4.167585e-02,3.204866e-02,1.620093e-02,3.136326e-02
3.264469e-02,4.994923e-02,1.087600e-01,6.895426e-02,1.345434e-02,2.614610e-01,5.715850e-03,1.138027e-02,5.392785e-02,4.270602e-02,1.923874e-01,5.866424e-02,4.119792e-02,2.142410e-02,3.737285e-02
2.469310e-02,3.994347e-02,8.293977e-02,6.368782e-02,1.107217e-02,2.363368e-01,4.091515e-03,8.319977e-03,5.145693e-02,1.002702e-01,1.848445e-01,5.820808e-02,4.233742e-02,2.389979e-02,6.789841e-02
1.746673e-02,2.835144e-02,5.842152e-02,4.496748e-02,7.836123e-03,1.675889e-01,2.886427e-03,5.872780e-03,3.783639e-02,3.270582e-01,1.358882e-01,4.183788e-02,3.563662e-02,1.957638e-02,6.877481e-02
1.236937e-02,2.076581e-02,4.132239e-02,3.228839e-02,5.845556e-03,1.203538e-01,2.046929e-03,4.127000e-03,2.825488e-02,4.982418e-01,9.927370e-02,3.086136e-02,2.696569e-02,1.528130e-02,6.200201e-02
8.853199e-03,1.709615e-02,2.918520e-02,2.373321e-02,6.272886e-03,8.574903e-02,1.466784e-03,2.984643e-03,2.411021e-02,5.226453e-01,8.860941e-02,2.960891e-02,4.350428e-02,1.577541e-02,1.004054e-01
6.271495e-03,1.285431e-02,2.051655e-02,1.682980e-02,4.605812e-03,6.134020e-02,1.033782e-03,2.110995e-03,1.814215e-02,6.371968e-01,6.696066e-02,2.266327e-02,3.171797e-02,1.379943e-02,8.395682e-02
4.637485e-03,9.609845e-03,1.477629e-02,1.276076e-02,3.627707e-03,4.550574e-02,7.490989e-04,1.585853e-03,1.606994e-02,6.892803e-01,6.338888e-02,1.967195e-02,2.459891e-02,1.476033e-02,7.897688e-02
3.825441e-03,7.745662e-03,1.142648e-02,1.072084e-02,6.280504e-03,3.355302e-02,6.133018e-04,1.866872e-03,2.832632e-02,7.002464e-01,5.838568e-02,1.758787e-02,1.901947e-02,1.672522e-02,8.367696e-02
3.411971e-03,5.830929e-03,8.306536e-03,9.119646e-03,1.677653e-02,2.397114e-02,6.070800e-04,2.019222e-03,4.723967e-02,6.876770e-01,4.917813e-02,1.419002e-02,1.502988e-02,1.729350e-02,9.934880e-02
2.791223e-03,4.572312e-03,5.986521e-03,7.114922e-03,4.130135e-02,1.731469e-02,5.327330e-04,1.614726e-03,5.615063e-02,6.304374e-01,4.468298e-02,1.099030e-02,1.499706e-02,1.359755e-02,1.479156e-01
2.821638e-03,6.444868e-03,4.852481e-03,5.589128e-03,6.853889e-02,1.613062e-02,7.734889e-04,1.312271e-03,5.973592e-02,6.091537e-01,5.129016e-02,1.073803e-02,1.924681e-02,1.069159e-02,1.326805e-01
2.793228e-03,8.125296e-03,4.180222e-03,5.193309e-03,6.676607e-02,1.277415e-02,1.204441e-03,4.088399e-03,6.792481e-02,6.247240e-01,5.083305e-02,1.474187e-02,2.585961e-02,1.184545e-02,9.894609e-02
3.189106e-03,1.957945e-02,6.289980e-03,4.351560e-03,7.064313e-02,1.078946e-02,1.177823e-03,8.432418e-03,1.083295e-01,6.159908e-01,3.951593e-02,1.144740e-02,2.106567e-02,9.290133e-03,6.990773e-02
4.523098e-03,3.559525e-02,6.160533e-03,4.538630e-03,6.324676e-02,1.706540e-02,1.021416e-03,1.056139e-02,1.262348e-01,6.097518e-01,3.170381e-02,1.324407e-02,1.863555e-02,7.602557e-03,5.011490e-02
7.379915e-03,4.538313e-02,5.153391e-03,5.502214e-03,4.773660e-02,5.687932e-02,7.589568e-04,8.442345e-03,1.293526e-01,5.387844e-01,3.876396e-02,4.455970e-02,2.853994e-02,6.429780e-03,3.633371e-02
1.002719e-02,4.760787e-02,4.202926e-03,5.040714e-03,3.565104e-02,7.989821e-02,6.676482e-04,7.352713e-03,1.437368e-01,5.387267e-01,3.256216e-02,4.126032e-02,2.202696e-02,5.359692e-03,2.587904e-02
1.400349e-02,4.704852e-02,4.682474e-03,5.165555e-03,3.197221e-02,7.621442e-02,9.227538e-04,7.733080e-03,1.348802e-01,5.642557e-01,2.778371e-02,4.035548e-02,2.143545e-02,4.693722e-03,1.885328e-02
2.018866e-02,4.264375e-02,3.904985e-03,5.491122e-03,2.463963e-02,7.111602e-02,9.682649e-04,8.837804e-03,1.437546e-01,5.693376e-01,3.118537e-02,4.030490e-02,1.940966e-02,3.856697e-03,1.436094e-02
2.454390e-02,5.291764e-02,3.727009e-03,7.095044e-03,2.121775e-02,5.725378e-02,1.087972e-03,8.669115e-03,2.125915e-01,5.135283e-01,3.090615e-02,3.488527e-02,1.735508e-02,3.126710e-03,1.109477e-02
3.265931e-02,5.449958e-02,3.148931e-03,4.074979e-02,1.725514e-02,6.597824e-02,8.466648e-04,6.565715e-03,2.795806e-01,3.977143e-01,2.944982e-02,3.937719e-02,1.871570e-02,2.919256e-03,1.053977e-02
4.983836e-02,4.347248e-02,2.499190e-03,3.788554e-02,1.468234e-02,5.167693e-02,7.037480e-04,5.607213e-03,2.817095e-01,3.660861e-01,3.390759e-02,7.405030e-02,2.522758e-02,3.162418e-03,9.490805e-03
6.933355e-02,4.025024e-02,3.065418e-03,6.435467e-02,1.408583e-02,4.408971e-02,7.299148e-04,5.895066e-03,2.654454e-01,3.083758e-01,3.812914e-02,1.053601e-01,2.899482e-02,3.224769e-03,8.665665e-03
4.982039e-02,3.120766e-02,3.408800e-03,6.383860e-02,1.503579e-02,4.469095e-02,1.015304e-03,4.210147e-03,2.136782e-01,3.716414e-01,4.726676e-02,1.051118e-01,3.128450e-02,3.696608e-03,1.409310e-02
3.576266e-02,2.595272e-02,2.919578e-03,5.846140e-02,1.264382e-02,3.421554e-02,9.885682e-04,3.039705e-03,1.593496e-01,4.824830e-01,4.705364e-02,8.688661e-02,3.259542e-02,3.379202e-03,1.426858e-02
2.578358e-02,1.892965e-02,2.446267e-03,4.520827e-02,1.023186e-02,2.558128e-02,1.657356e-03,2.198908e-03,1.142695e-01,5.928468e-01,3.889339e-02,7.398850e-02,3.218659e-02,2.647253e-03,1.313092e-02
1.838491e-02,1.332654e-02,1.844284e-03,3.182662e-02,9.879793e-03,1.825353e-02,1.446713e-03,1.899966e-03,8.078968e-02,7.026081e-01,2.827332e-02,5.227643e-02,2.759839e-02,1.932418e-03,9.659341e-03
1.321389e-02,9.533428e-03,1.593877e-03,2.247790e-02,8.986934e-03,1.320018e-02,1.240458e-03,1.499150e-03,5.748554e-02,7.812544e-01,2.086430e-02,3.780117e-02,2.242780e-02,1.440476e-03,6.980488e-03
9.362269e-03,6.715811e-03,1.201330e-03,1.578523e-02,7.629590e-03,9.933596e-03,9.849088e-04,1.548322e-03,4.104614e-02,8.364159e-01,1.591972e-02,2.694827e-02,1.991689e-02,1.107222e-03,5.484818e-03
6.950742e-03,4.819744e-03,9.283513e-04,1.127220e-02,6.526585e-03,7.877535e-03,7.124816e-04,1.276523e-03,3.238015e-02,8.597057e-01,1.849623e-02,2.188511e-02,2.162949e-02,1.144346e-03,4.394813e-03
6.807184e-03,3.543944e-03,9.293981e-04,8.373402e-03,8.408964e-03,1.016118e-02,5.291809e-04,2.019778e-03,2.771159e-02,7.708138e-01,9.794037e-02,2.373058e-02,3.130009e-02,4.028566e-03,3.701987e-03
7.112434e-03,2.550476e-03,7.233605e-04,6.271982e-03,7.671226e-03,1.214926e-02,3.769336e-04,2.578467e-03,2.062932e-02,6.824061e-01,1.696175e-01,4.271383e-02,3.270054e-02,9.479066e-03,3.019531e-03
6.648613e-03,2.017982e-03,1.587302e-03,6.920319e-03,6.600525e-03,9.162718e-03,2.726627e-04,3.411829e-03,1.666744e-02,5.068105e-01,3.510124e-01,3.797856e-02,3.499492e-02,1.320012e-02,2.714115e-03
5.380181e-03,2.745171e-03,1.500732e-01,1.109516e-02,5.277799e-03,6.707659e-03,2.091275e-04,2.769075e-03,1.550375e-02,3.628198e-01,3.586743e-01,2.975898e-02,2.897881e-02,1.512720e-02,4.879725e-03
7.673535e-03,4.210816e-03,1.661652e-01,1.078307e-02,1.791229e-02,5.480607e-03,2.102318e-04,3.780872e-03,3.505234e-02,2.698783e-01,3.233986e-01,3.123459e-02,2.780692e-02,4.314528e-02,5.326736e-02
1.056969e-02,9.091187e-03,2.979932e-01,2.933360e-02,1.433186e-02,5.083150e-03,2.262992e-04,4.864968e-03,5.110576e-02,1.936587e-01,2.594234e-01,2.411602e-02,2.131526e-02,3.539058e-02,4.349637e-02
1.142048e-02,1.930999e-02,4.500412e-01,3.009228e-02,1.025464e-02,4.516354e-03,2.730959e-04,4.959331e-03,4.521917e-02,1.374181e-01,1.954234e-01,1.720314e-02,1.591590e-02,2.638329e-02,3.156974e-02
1.044382e-02,2.059507e-02,5.727673e-01,3.454171e-02,7.466350e-03,5.047240e-03,2.466645e-04,4.026617e-03,4.026425e-02,9.805766e-02,1.391974e-01,1.222129e-02,1.162714e-02,2.049953e-02,2.299800e-02
9.505032e-03,1.889579e-02,6.133958e-01,7.052676e-02,6.964593e-03,9.001244e-03,2.048672e-04,3.160059e-03,3.341322e-02,7.092512e-02,1.099219e-01,1.018335e-02,1.010091e-02,1.593222e-02,1.786923e-02
8.797524e-03,1.537556e-02,5.329461e-01,1.290678e-01,8.054435e-03,1.138229e-02,2.710290e-04,2.526825e-03,3.067781e-02,5.754689e-02,1.262373e-01,1.983436e-02,3.021097e-02,1.248892e-02,1.458217e-02
7.026060e-03,1.191482e-02,4.134160e-01,1.744427e-01,6.675381e-03,1.094342e-02,2.617567e-04,1.815133e-03,2.267652e-02,4.739619e-02,1.867273e-01,3.061031e-02,6.658752e-02,8.974793e-03,1.053218e-02
5.012524e-03,8.498796e-03,2.922575e-01,1.315213e-01,5.009296e-03,8.116247e-03,2.204437e-04,1.290792e-03,1.616115e-02,4.585710e-02,3.096641e-01,7.538068e-02,8.680415e-02,6.646527e-03,7.559400e-03
3.578825e-03,5.971323e-03,2.046679e-01,9.421435e-02,1.181453e-02,6.990166e-03,1.847887e-04,1.021830e-03,1.246570e-02,3.544607e-02,4.334032e-01,6.956178e-02,1.104896e-01,4.820125e-03,5.369838e-03
2.767687e-03,4.221330e-03,1.433549e-01,6.852206e-02,1.102517e-02,1.321981e-02,2.286331e-04,1.005830e-03,1.015384e-02,2.880198e-02,4.026202e-01,1.778318e-01,1.288146e-01,3.484188e-03,3.947864e-03
2.198273e-03,2.995116e-03,1.004267e-01,4.964438e-02,9.505675e-03,2.168541e-02,2.654219e-04,1.069618e-03,9.579711e-03,2.359646e-02,3.603456e-01,2.764615e-01,1.367029e-01,2.522308e-03,3.000859e-03
