1.000000e+00,0.000000e+00,0.000000e+00,0.000000e+00,0.000000e+00,0.000000e+00,0.000000e+00,0.000000e+00,0.000000e+00,0.000000e+00,0.000000e+00,0.000000e+00,0.000000e+00,0.000000e+00,0.000000e+00
1.000000e+00,0.000000e+00,0.000000e+00,0.000000e+00,0.000000e+00,0.000000e+00,0.000000e+00,0.000000e+00,0.000000e+00,0.000000e+00,0.000000e+00,0.000000e+00,0.000000e+00,0.000000e+00,0.000000e+00
1.000000e+00,0.000000e+00,0.000000e+00,0.000000e+00,0.000000e+00,0.000000e+00,0.000000e+00,0.000000e+00,0.000000e+00,0.000000e+00,0.000000e+00,0.000000e+00,0.000000e+00,0.000000e+00,0.000000e+00
1.000000e+00,0.000000e+00,0.000000e+00,0.000000e+00,0.000000e+00,0.000000e+00,0.000000e+00,0.000000e+00,0.000000e+00,0.000000e+00,0.000000e+00,0.000000e+00,0.000000e+00,0.000000e+00,0.000000e+00
1.000000e+00,0.000000e+00,0.000000e+00,0.000000e+00,0.000000e+00,0.000000e+00,0.000000e+00,0.000000e+00,0.000000e+00,0.000000e+00,0.000000e+00,0.000000e+00,0.000000e+00,0.000000e+00,0.000000e+00
1.000000e+00,0.000000e+00,0.000000e+00,0.000000e+00,0.000000e+00,0.000000e+00,0.000000e+00,0.000000e+00,0.000000e+00,0.000000e+00,0.000000e+00,0.000000e+00,0.000000e+00,0.000000e+00,0.000000e+00
1.000000e+00,0.000000e+00,0.000000e+00,0.000000e+00,0.000000e+00,0.000000e+00,0.000000e+00,0.000000e+00,0.000000e+00,0.000000e+00,0.000000e+00,0.000000e+00,0.000000e+00,0.000000e+00,0.000000e+00
1.000000e+00,0.000000e+00,0.000000e+00,0.000000e+00,0.000000e+00,0.000000e+00,0.000000e+00,0.000000e+00,0.000000e+00,0.000000e+00,0.000000e+00,0.000000e+00,0.000000e+00,0.000000e+00,0.000000e+00
1.000000e+00,0.000000e+00,0.000000e+00,0.000000e+00,0.000000e+00,0.000000e+00,0.000000e+00,0.000000e+00,0.000000e+00,0.000000e+00,0.000000e+00,0.000000e+00,0.000000e+00,0.000000e+00,0.000000e+00
1.000000e+00,0.000000e+00,0.000000e+00,0.000000e+00,0.000000e+00,0.000000e+00,0.000000e+00,0.000000e+00,0.000000e+00,0.000000e+00,0.000000e+00,0.000000e+00,0.000000e+00,0.000000e+00,0.000000e+00
1.000000e+00,0.000000e+00,0.000000e+00,0.000000e+00,0.000000e+00,0.000000e+00,0.000000e+00,0.000000e+00,0.000000e+00,0.000000e+00,0.000000e+00,0.000000e+00,0.000000e+00,0.000000e+00,0.000000e+00
1.000000e+00,0.000000e+00,0.000000e+00,0.000000e+00,0.000000e+00,0.000000e+00,0.000000e+00,0.000000e+00,0.000000e+00,0.000000e+00,0.000000e+00,0.000000e+00,0.000000e+00,0.000000e+00,0.000000e+00
1.000000e+00,0.000000e+00,0.000000e+00,0.000000e+00,0.000000e+00,0.000000e+00,0.000000e+00,0.000000e+00,0.000000e+00,0.000000e+00,0.000000e+00,0.000000e+00,0.000000e+00,0.000000e+00,0.000000e+00
1.000000e+00,0.000000e+00,0.000000e+00,0.000000e+00,0.000000e+00,0.000000e+00,0.000000e+00,0.000000e+00,0.000000e+00,0.000000e+00,0.000000e+00,0.000000e+00,0.000000e+00,0.000000e+00,0.000000e+00
1.000000e+00,0.000000e+00,0.000000e+00,0.000000e+00,0.000000e+00,0.000000e+00,0.000000e+00,0.000000e+00,0.000000e+00,0.000000e+00,0.000000e+00,0.000000e+00,0.000000e+00,0.000000e+00,0.000000e+00
1.000000e+00,0.000000e+00,0.000000e+00,0.000000e+00,0.000000e+00,0.000000e+00,0.000000e+00,0.000000e+00,0.000000e+00,0.000000e+00,0.000000e+00,0.000000e+00,0.000000e+00,0.000000e+00,0.000000e+00
1.000000e+00,0.000000e+00,0.000000e+00,0.000000e+00,0.000000e+00,0.000000e+00,0.000000e+00,0.000000e+00,0.000000e+00,0.000000e+00,0.000000e+00,0.000000e+00,0.000000e+00,0.000000e+00,0.000000e+00
1.000000e+00,0.000000e+00,0.000000e+00,0.000000e+00,0.000000e+00,0.000000e+00,0.000000e+00,0.000000e+00,0.000000e+00,0.000000e+00,0.000000e+00,0.000000e+00,0.000000e+00,0.000000e+00,0.000000e+00
1.000000e+00,0.000000e+00,0.000000e+00,0.000000e+00,0.000000e+00,0.000000e+00,0.000000e+00,0.000000e+00,0.000000e+00,0.000000e+00,0.000000e+00,0.000000e+00,0.000000e+00,0.000000e+00,0.000000e+00
1.000000e+00,0.000000e+00,0.000000e+00,0.000000e+00,0.000000e+00,0.000000e+00,0.000000e+00,0.000000e+00,0.000000e+00,0.000000e+00,0.000000e+00,0.000000e+00,0.000000e+00,0.000000e+00,0.000000e+00
1.000000e+00,0.000000e+00,0.000000e+00,0.000000e+00,0.000000e+00,0.000000e+00,0.000000e+00,0.000000e+00,0.000000e+00,0.000000e+00,0.000000e+00,0.000000e+00,0.000000e+00,0.000000e+00,0.000000e+00
1.000000e+00,0.000000e+00,0.000000e+00,0.000000e+00,0.000000e+00,0.000000e+00,0.000000e+00,0.000000e+00,0.000000e+00,0.000000e+00,0.000000e+00,0.000000e+00,0.000000e+00,0.000000e+00,0.000000e+00
1.000000e+00,0.000000e+00,0.000000e+00,0.000000e+00,0.000000e+00,0.000000e+00,0.000000e+00,0.000000e+00,0.000000e+00,0.000000e+00,0.000000e+00,0.000000e+00,0.000000e+00,0.000000e+00,0.000000e+00
1.000000e+00,0.000000e+00,0.000000e+00,0.000000e+00,0.000000e+00,0.000000e+00,0.000000e+00,0.000000e+00,0.000000e+00,0.000000e+00,0.000000e+00,0.000000e+00,0.000000e+00,0.000000e+00,0.000000e+00
1.000000e+00,0.000000e+00,0.000000e+00,0.000000e+00,0.000000e+00,0.000000e+00,0.000000e+00,0.000000e+00,0.000000e+00,0.000000e+00,0.000000e+00,0.000000e+00,0.000000e+00,0.000000e+00,0.000000e+00
1.000000e+00,0.000000e+00,0.000000e+00,0.000000e+00,0.000000e+00,0.000000e+00,0.000000e+00,0.000000e+00,0.000000e+00,0.000000e+00,0.000000e+00,0.000000e+00,0.000000e+00,0.000000e+00,0.000000e+00
1.000000e+00,0.000000e+00,0.000000e+00,0.000000e+00,0.000000e+00,0.000000e+00,0.000000e+00,0.000000e+00,0.000000e+00,0.000000e+00,0.000000e+00,0.000000e+00,0.000000e+00,0.000000e+00,0.000000e+00
1.000000e+00,0.000000e+00,0.000000e+00,0.000000e+00,0.000000e+00,0.000000e+00,0.000000e+00,0.000000e+00,0.000000e+00,0.000000e+00,0.000000e+00,0.000000e+00,0.000000e+00,0.000000e+00,0.000000e+00
1.000000e+00,0.000000e+00,0.000000e+00,0.000000e+00,0.000000e+00,0.000000e+00,0.000000e+00,0.000000e+00,0.000000e+00,0.000000e+00,0.000000e+00,0.000000e+00,0.000000e+00,0.000000e+00,0.000000e+00
1.000000e+00,0.000000e+00,0.000000e+00,0.000000e+00,0.000000e+00,0.000000e+00,0.000000e+00,0.000000e+00,0.000000e+00,0.000000e+00,0.000000e+00,0.000000e+00,0.000000e+00,0.000000e+00,0.000000e+00
1.000000e+00,0.000000e+00,0.000000e+00,0.000000e+00,0.000000e+00,0.000000e+00,0.000000e+00,0.000000e+00,0.000000e+00,0.000000e+00,0.000000e+00,0.000000e+00,0.000000e+00,0.000000e+00,0.000000e+00
1.000000e+00,0.000000e+00,0.000000e+00,0.000000e+00,0.000000e+00,0.000000e+00,0.000000e+00,0.000000e+00,0.000000e+00,0.000000e+00,0.000000e+00,0.000000e+00,0.000000e+00,0.000000e+00,0.000000e+00
1.000000e+00,0.000000e+00,0.000000e+00,0.000000e+00,0.000000e+00,0.000000e+00,0.000000e+00,0.000000e+00,0.000000e+00,0.000000e+00,0.000000e+00,0.000000e+00,0.000000e+00,0.000000e+00,0.000000e+00
1.000000e+00,0.000000e+00,0.000000e+00,0.000000e+00,0.000000e+00,0.000000e+00,0.000000e+00,0.000000e+00,0.000000e+00,0.000000e+00,0.000000e+00,0.000000e+00,0.000000e+00,0.000000e+00,0.000000e+00
1.000000e+00,0.000000e+00,0.000000e+00,0.000000e+00,0.000000e+00,0.000000e+00,0.000000e+00,0.000000e+00,0.000000e+00,0.000000e+00,0.000000e+00,0.000000e+00,0.000000e+00,0.000000e+00,0.000000e+00
1.000000e+00,0.000000e+00,0.000000e+00,0.000000e+00,0.000000e+00,0.000000e+00,0.000000e+00,0.000000e+00,0.000000e+00,0.000000e+00,0.000000e+00,0.000000e+00,0.000000e+00,0.000000e+00,0.000000e+00
1.000000e+00,0.000000e+00,0.000000e+00,0.000000e+00,0.000000e+00,0.000000e+00,0.000000e+00,0.000000e+00,0.000000e+00,0.000000e+00,0.000000e+00,0.000000e+00,0.000000e+00,0.000000e+00,0.000000e+00
1.000000e+00,0.000000e+00,0.000000e+00,0.000000e+00,0.000000e+00,0.000000e+00,0.000000e+00,0.000000e+00,0.000000e+00,0.000000e+00,0.000000e+00,0.000000e+00,0.000000e+00,0.000000e+00,0.000000e+00
1.000000e+00,0.000000e+00,0.000000e+00,0.000000e+00,0.000000e+00,0.000000e+00,0.000000e+00,0.000000e+00,0.000000e+00,0.000000e+00,0.000000e+00,0.000000e+00,0.000000e+00,0.000000e+00,0.000000e+00
1.000000e+00,0.000000e+00,0.000000e+00,0.000000e+00,0.000000e+00,0.000000e+00,0.000000e+00,0.000000e+00,0.000000e+00,0.000000e+00,0.000000e+00,0.000000e+00,0.000000e+00,0.000000e+00,0.000000e+00
1.000000e+00,0.000000e+00,0.000000e+00,0.000000e+00,0.000000e+00,0.000000e+00,0.000000e+00,0.000000e+00,0.000000e+00,0.000000e+00,0.000000e+00,0.000000e+00,0.000000e+00,0.000000e+00,0.000000e+00
1.000000e+00,0.000000e+00,0.000000e+00,0.000000e+00,0.000000e+00,0.000000e+00,0.000000e+00,0.000000e+00,0.000000e+00,0.000000e+00,0.000000e+00,0.000000e+00,0.000000e+00,0.000000e+00,0.000000e+00
4.136843e-01,8.219084e-02,4.015839e-02,1.558590e-01,1.536653e-02,3.532792e-02,9.328413e-03,2.134806e-02,2.326488e-02,7.738098e-03,1.639856e-02,5.642633e-02,3.149999e-02,7.419932e-03,8.398871e-02
4.014180e-01,8.843293e-02,4.530345e-02,1.531392e-01,1.688505e-02,3.435675e-02,8.834224e-03,2.141908e-02,2.432759e-02,8.349187e-03,1.731793e-02,5.151515e-02,2.970011e-02,9.237785e-03,8.976358e-02
4.706026e-01,8.036356e-02,3.679221e-02,1.276677e-01,1.674565e-02,3.223509e-02,7.965764e-03,1.895252e-02,2.232887e-02,7.630192e-03,1.654060e-02,4.597543e-02,2.821225e-02,9.514838e-03,7.847269e-02
1.000000e+00,0.000000e+00,0.000000e+00,0.000000e+00,0.000000e+00,0.000000e+00,0.000000e+00,0.000000e+00,0.000000e+00,0.000000e+00,0.000000e+00,0.000000e+00,0.000000e+00,0.000000e+00,0.000000e+00
1.000000e+00,0.000000e+00,0.000000e+00,0.000000e+00,0.000000e+00,0.000000e+00,0.000000e+00,0.000000e+00,0.000000e+00,0.000000e+00,0.000000e+00,0.000000e+00,0.000000e+00,0.000000e+00,0.000000e+00
1.000000e+00,0.000000e+00,0.000000e+00,0.000000e+00,0.000000e+00,0.000000e+00,0.000000e+00,0.000000e+00,0.000000e+00,0.000000e+00,0.000000e+00,0.000000e+00,0.000000e+00,0.000000e+00,0.000000e+00
1.000000e+00,0.000000e+00,0.000000e+00,0.000000e+00,0.000000e+00,0.000000e+00,0.000000e+00,0.000000e+00,0.000000e+00,0.000000e+00,0.000000e+00,0.000000e+00,0.000000e+00,0.000000e+00,0.000000e+00
1.000000e+00,0.000000e+00,0.000000e+00,0.000000e+00,0.000000e+00,0.000000e+00,0.000000e+00,0.000000e+00,0.000000e+00,0.000000e+00,0.000000e+00,0.000000e+00,0.000000e+00,0.000000e+00,0.000000e+00
1.000000e+00,0.000000e+00,0.000000e+00,0.000000e+00,0.000000e+00,0.000000e+00,0.000000e+00,0.000000e+00,0.000000e+00,0.000000e+00,0.000000e+00,0.000000e+00,0.000000e+00,0.000000e+00,0.000000e+00
1.000000e+00,0.000000e+00,0.000000e+00,0.000000e+00,0.000000e+00,0.000000e+00,0.000000e+00,0.000000e+00,0.000000e+00,0.000000e+00,0.000000e+00,0.000000e+00,0.000000e+00,0.000000e+00,0.000000e+00
1.000000e+00,0.000000e+00,0.000000e+00,0.000000e+00,0.000000e+00,0.000000e+00,0.000000e+00,0.000000e+00,0.000000e+00,0.000000e+00,0.000000e+00,0.000000e+00,0.000000e+00,0.000000e+00,0.000000e+00
1.000000e+00,0.000000e+00,0.000000e+00,0.000000e+00,0.000000e+00,0.000000e+00,0.000000e+00,0.000000e+00,0.000000e+00,0.000000e+00,0.000000e+00,0.000000e+00,0.000000e+00,0.000000e+00,0.000000e+00
3.647774e-01,2.595823e-02,7.266850e-03,1.320189e-01,3.716611e-03,2.879268e-02,3.351490e-03,5.588513e-03,8.951191e-03,6.875081e-03,3.954954e-02,2.750994e-01,8.117806e-02,1.893274e-03,1.498282e-02
2.555731e-01,1.937256e-02,5.426485e-03,9.877846e-02,9.716365e-03,2.136701e-02,2.404117e-03,4.024111e-03,3.367836e-02,7.551998e-03,5.057922e-02,3.641320e-01,1.122564e-01,1.998869e-03,1.314093e-02
1.789641e-01,1.407810e-02,3.982023e-03,7.048895e-02,1.025923e-02,1.762916e-02,1.789296e-03,2.940463e-03,5.710832e-02,5.934516e-03,4.933833e-02,4.706890e-01,1.045995e-01,1.765052e-03,1.043405e-02
1.256023e-01,1.053821e-02,4.932539e-03,5.012115e-02,2.984435e-02,2.039574e-02,1.701386e-03,2.423041e-03,6.170297e-02,5.410004e-03,4.497773e-02,5.004283e-01,1.240638e-01,1.818372e-03,1.604011e-02
8.809467e-02,7.506419e-03,4.045169e-03,3.611556e-02,2.216380e-02,2.109287e-02,1.340567e-03,1.813618e-03,4.440984e-02,4.532629e-03,3.400364e-02,6.043832e-01,1.139122e-01,1.600421e-03,1.498542e-02
6.245044e-02,5.366597e-03,3.082825e-03,2.559404e-02,1.827306e-02,1.693321e-02,1.034726e-03,1.448761e-03,3.374999e-02,3.410965e-03,2.906334e-02,6.790972e-01,1.075281e-01,1.443131e-03,1.152369e-02
4.422760e-02,3.795206e-03,2.261613e-03,1.801853e-02,1.295232e-02,1.260119e-02,7.805479e-04,1.242404e-03,2.389183e-02,2.598175e-03,2.162330e-02,7.596495e-01,8.694401e-02,1.258302e-03,8.155542e-03
3.163980e-02,2.787205e-03,1.847188e-03,1.332957e-02,9.348456e-03,1.417532e-02,6.869489e-04,1.076126e-03,1.715514e-02,2.126425e-03,1.638989e-02,8.115413e-01,7.092081e-02,1.144932e-03,5.830901e-03
2.462683e-02,1.999282e-03,1.456501e-03,9.418215e-03,6.767475e-03,1.262730e-02,6.194456e-04,1.210368e-03,1.223971e-02,1.883682e-03,1.277554e-02,8.504648e-01,5.850574e-02,1.181786e-03,4.223412e-03
1.983196e-02,1.445708e-03,1.196806e-03,6.715739e-03,5.066697e-03,1.039222e-02,6.130496e-04,1.804961e-03,8.925350e-03,1.755729e-03,1.053244e-02,8.810879e-01,4.626398e-02,1.280827e-03,3.086712e-03
1.626745e-02,1.081421e-03,1.000686e-03,4.843710e-03,4.034574e-03,7.650699e-03,5.640988e-04,2.404092e-03,6.609588e-03,1.472129e-03,8.442183e-03,9.065607e-01,3.534544e-02,1.363558e-03,2.359753e-03
2.244400e-02,1.228161e-03,1.423431e-03,4.135365e-03,6.015383e-03,6.176149e-03,6.613916e-04,6.161317e-03,5.968599e-03,1.454332e-03,7.230178e-03,9.041443e-01,2.957049e-02,1.471380e-03,1.915540e-03
3.840885e-02,1.500007e-03,2.357437e-03,3.861954e-03,7.421933e-03,5.412243e-03,7.147113e-04,8.807427e-03,5.480345e-03,1.464579e-03,6.707623e-03,8.857871e-01,2.839769e-02,1.870485e-03,1.807681e-03
4.367753e-02,1.364619e-03,2.551266e-03,2.865348e-03,6.829184e-03,4.771464e-03,7.693353e-04,6.745419e-03,4.293963e-03,1.599092e-03,5.441542e-03,8.925094e-01,2.367309e-02,1.481217e-03,1.427577e-03
4.461168e-02,1.665510e-03,3.582898e-03,2.178380e-03,6.347364e-03,4.848529e-03,1.106623e-03,6.064220e-03,4.046923e-03,1.910749e-03,4.829406e-03,8.973695e-01,1.897487e-02,1.230951e-03,1.232430e-03
3.633673e-02,1.694873e-03,4.838176e-03,1.641298e-03,7.298322e-03,4.074581e-03,2.718851e-03,1.793719e-02,4.440511e-03,1.583017e-03,3.881765e-03,8.951337e-01,1.647638e-02,9.214632e-04,1.023104e-03
3.232408e-02,1.849106e-03,9.015995e-03,1.260315e-03,8.793512e-03,5.165246e-03,3.666044e-03,3.775162e-02,4.909926e-03,1.197131e-03,3.147819e-03,8.609815e-01,2.782310e-02,7.423371e-04,1.372306e-03
3.688794e-02,1.886228e-03,1.049208e-02,1.085712e-03,9.831050e-03,7.142040e-03,5.029993e-03,7.703659e-02,5.945783e-03,9.697372e-04,2.512654e-03,7.976157e-01,4.137014e-02,6.272029e-04,1.567118e-03
2.755771e-02,1.439932e-03,1.165846e-02,8.812792e-04,7.832487e-03,5.304700e-03,5.236292e-03,3.078380e-01,5.281883e-03,7.275047e-04,1.943883e-03,5.884761e-01,3.393618e-02,5.149515e-04,1.370724e-03
2.463643e-02,1.617038e-03,1.372860e-02,1.027015e-03,7.871566e-03,5.435690e-03,9.528077e-03,4.147693e-01,5.600482e-03,5.528511e-04,1.460720e-03,4.731245e-01,3.878173e-02,4.562894e-04,1.409731e-03
3.582847e-02,2.606702e-03,1.330416e-02,2.604812e-03,9.930809e-03,8.330539e-03,1.593241e-02,3.217110e-01,5.878619e-03,6.533606e-04,1.419128e-03,4.967518e-01,8.248539e-02,7.256562e-04,1.837116e-03
4.877989e-02,4.920718e-03,1.348131e-02,8.585464e-03,1.455445e-02,9.942188e-03,2.592730e-02,2.903194e-01,1.000306e-02,7.529291e-04,1.542751e-03,4.480618e-01,1.194786e-01,9.175555e-04,2.732625e-03
5.216833e-02,9.493442e-03,1.848823e-02,2.345575e-02,2.003822e-02,1.119441e-02,3.087942e-02,3.389045e-01,1.503290e-02,8.885904e-04,1.684210e-03,3.587859e-01,1.142682e-01,9.336855e-04,3.784329e-03
4.299375e-02,8.248847e-03,2.122086e-02,4.517616e-02,2.519594e-02,1.019024e-02,5.295668e-02,4.228548e-01,1.363796e-02,9.162229e-04,1.898405e-03,2.616952e-01,8.797050e-02,7.112396e-04,4.333224e-03
3.364244e-02,6.343013e-03,1.920581e-02,5.311717e-02,2.292752e-02,9.890976e-03,1.034265e-01,4.772680e-01,1.065124e-02,8.848339e-04,2.225745e-03,1.864602e-01,6.912003e-02,5.143228e-04,4.322317e-03
3.030718e-02,6.786826e-03,2.143017e-02,4.678970e-02,1.975867e-02,1.095145e-02,9.046337e-02,5.655167e-01,9.611282e-03,1.067181e-03,1.874966e-03,1.314276e-01,5.757265e-02,4.086477e-04,6.033676e-03
3.623889e-02,7.893669e-03,2.195223e-02,3.517659e-02,1.804589e-02,1.056185e-02,7.390326e-02,6.325038e-01,1.001465e-02,1.324257e-03,1.654243e-03,9.314219e-02,4.892320e-02,3.984625e-04,8.266812e-03
5.674810e-02,1.844154e-02,2.590067e-02,2.772360e-02,1.944336e-02,2.396224e-02,6.023320e-02,5.989153e-01,1.957558e-02,2.148110e-03,1.990317e-03,6.779429e-02,6.689635e-02,3.842089e-04,9.843158e-03
5.380825e-02,2.112159e-02,9.685435e-02,5.343818e-02,1.856915e-02,2.702103e-02,4.659732e-02,4.527953e-01,2.847651e-02,2.359811e-02,9.048338e-03,6.848517e-02,8.477147e-02,8.633992e-04,1.455185e-02
4.406981e-02,2.328688e-02,1.330999e-01,8.870104e-02,1.443118e-02,3.312014e-02,3.856816e-02,3.261292e-01,3.259224e-02,2.392112e-02,1.827768e-02,8.519712e-02,1.236102e-01,8.449791e-04,1.415037e-02
3.494208e-02,2.055895e-02,1.827429e-01,1.490819e-01,1.268005e-02,2.476859e-02,2.790240e-02,2.289541e-01,6.061599e-02,2.817805e-02,1.970021e-02,7.380378e-02,1.145155e-01,1.215937e-03,2.033960e-02
3.010547e-02,1.683989e-02,1.384704e-01,1.169571e-01,9.737113e-03,1.842596e-02,2.047905e-02,1.607413e-01,7.834902e-02,2.044328e-02,2.609758e-02,1.134831e-01,2.206110e-01,2.156844e-03,2.710289e-02
2.319170e-02,1.234565e-02,1.038896e-01,8.980756e-02,7.770163e-03,1.352357e-02,1.544979e-02,1.130596e-01,6.294926e-02,1.602166e-02,2.312902e-02,1.388812e-01,3.513448e-01,4.012457e-03,2.462405e-02
1.970511e-02,8.994123e-03,7.750817e-02,6.312071e-02,5.746580e-03,2.894668e-02,1.152588e-02,8.140828e-02,4.875420e-02,1.182232e-02,2.662774e-02,2.104413e-01,3.824657e-01,3.689075e-03,1.924411e-02
1.823306e-02,6.985227e-03,6.254177e-02,4.453612e-02,4.796840e-03,8.506886e-02,9.728821e-03,5.919699e-02,4.035943e-02,9.358583e-03,3.217146e-02,2.466388e-01,3.615643e-01,3.026467e-03,1.579332e-02
4.028251e-02,6.160414e-03,4.572278e-02,3.206352e-02,5.784079e-03,8.204392e-02,7.462638e-03,4.628741e-02,4.574750e-02,9.825995e-03,2.964340e-02,2.769003e-01,3.519799e-01,5.487185e-03,1.460857e-02
4.339712e-02,6.368546e-03,3.470785e-02,2.559810e-02,6.806301e-03,6.966330e-02,6.476634e-03,7.643771e-02,7.749506e-02,1.358183e-02,2.659697e-02,2.590887e-01,3.354881e-01,4.557206e-03,1.373663e-02
3.920054e-02,1.014500e-02,5.411037e-02,3.841577e-02,1.003799e-02,5.358754e-02,5.221570e-03,6.509257e-02,2.054026e-01,1.544411e-02,2.029981e-02,2.121715e-01,2.559366e-01,3.950368e-03,1.098377e-02
3.799679e-02,1.218406e-02,4.817180e-02,3.669393e-02,9.758360e-03,5.172272e-02,3.985078e-03,4.930445e-02,2.629829e-01,1.496083e-02,2.192797e-02,2.266302e-01,1.985257e-01,6.097284e-03,1.905797e-02
5.915502e-02,1.830270e-02,4.265152e-02,2.973935e-02,1.302772e-02,4.274406e-02,4.060637e-03,4.128330e-02,2.994052e-01,1.756597e-02,2.287902e-02,2.212271e-01,1.529732e-01,6.368034e-03,2.861723e-02
9.270281e-02,2.817153e-02,3.449278e-02,2.638151e-02,2.208706e-02,3.383540e-02,4.411826e-03,3.732475e-02,3.591405e-01,1.521424e-02,3.044928e-02,1.732914e-01,1.153465e-01,5.378958e-03,2.177143e-02
9.242886e-02,3.664813e-02,9.869730e-02,7.580537e-02,2.177401e-02,2.964610e-02,3.866449e-03,3.280469e-02,3.269297e-01,1.722505e-02,2.452147e-02,1.255259e-01,8.423609e-02,5.765925e-03,2.412491e-02
1.173626e-01,4.408389e-02,1.435887e-01,9.445124e-02,1.878200e-02,3.050864e-02,3.166516e-03,2.657933e-02,2.577169e-01,2.520562e-02,2.532640e-02,9.203114e-02,6.168777e-02,6.090628e-03,5.341873e-02
1.192423e-01,7.303927e-02,1.101319e-01,7.489356e-02,1.823085e-02,2.933233e-02,2.615820e-03,2.607099e-02,2.912606e-01,2.397257e-02,3.249394e-02,8.937409e-02,5.178270e-02,9.526528e-03,4.803262e-02
1.646940e-01,7.303485e-02,8.409455e-02,5.875287e-02,2.394127e-02,2.635205e-02,3.884373e-03,2.745864e-02,2.837253e-01,2.824273e-02,3.907742e-02,7.913592e-02,4.949580e-02,1.160106e-02,4.650919e-02
2.411795e-01,7.401889e-02,6.915169e-02,5.104848e-02,2.817636e-02,2.464942e-02,4.169954e-03,2.420640e-02,2.302493e-01,2.865756e-02,3.958019e-02,6.420512e-02,4.762091e-02,1.436540e-02,5.872086e-02
2.562525e-01,1.080428e-01,6.728949e-02,4.764814e-02,4.018463e-02,2.027346e-02,4.062711e-03,2.679640e-02,2.356453e-01,2.187970e-02,3.072209e-02,4.689896e-02,3.667505e-02,1.253594e-02,4.509284e-02
2.744146e-01,9.936680e-02,8.130677e-02,1.118529e-01,3.943528e-02,1.950882e-02,4.166397e-03,2.089449e-02,2.040401e-01,1.625175e-02,2.385291e-02,3.412503e-02,2.623932e-02,9.364309e-03,3.518052e-02
2.604727e-01,7.942235e-02,1.045615e-01,2.201793e-01,3.344725e-02,1.792619e-02,3.243618e-03,1.550679e-02,1.507976e-01,1.262118e-02,1.927719e-02,2.511343e-02,1.909467e-02,6.924509e-03,3.141184e-02
2.893829e-01,7.221036e-02,1.438279e-01,1.960597e-01,3.657968e-02,1.841301e-02,3.003004e-03,1.338537e-02,1.191359e-01,1.289465e-02,2.137772e-02,2.006814e-02,1.593106e-02,6.743160e-03,3.098746e-02
3.935330e-01,6.589445e-02,1.229214e-01,1.478555e-01,3.955881e-02,1.614238e-02,2.745311e-03,1.176290e-02,9.992395e-02,1.089414e-02,2.304343e-02,1.796963e-02,1.245522e-02,7.867401e-03,2.743254e-02
4.520209e-01,5.632284e-02,1.171262e-01,1.323035e-01,3.701249e-02,1.648060e-02,3.096322e-03,1.113190e-02,8.013446e-02,1.101127e-02,2.741021e-02,1.773536e-02,1.098374e-02,6.573988e-03,2.065632e-02
4.567795e-01,5.399737e-02,1.062474e-01,1.221836e-01,4.967786e-02,2.540613e-02,5.020869e-03,1.146374e-02,8.037929e-02,1.417633e-02,2.343270e-02,1.816259e-02,1.086459e-02,5.322715e-03,1.688547e-02
3.892697e-01,4.439331e-02,8.179849e-02,8.889065e-02,6.357247e-02,2.737246e-02,3.660319e-02,1.052682e-01,7.737488e-02,2.013958e-02,2.098473e-02,1.412059e-02,9.511898e-03,4.497162e-03,1.620272e-02
3.667124e-01,3.396969e-02,6.318880e-02,6.447370e-02,1.324336e-01,2.877485e-02,4.124542e-02,1.144055e-01,6.216352e-02,3.549472e-02,1.741951e-02,1.142448e-02,7.377864e-03,4.000714e-03,1.691528e-02
2.627971e-01,2.420506e-02,4.517708e-02,4.578862e-02,1.859705e-01,2.356453e-02,6.649290e-02,8.964458e-02,4.492134e-02,1.627878e-01,1.319195e-02,8.563260e-03,6.408710e-03,3.022897e-03,1.746364e-02
1.880816e-01,1.837244e-02,3.441363e-02,3.258669e-02,2.823732e-01,2.324936e-02,6.773539e-02,7.982109e-02,3.304514e-02,2.026060e-01,1.000080e-02,6.267931e-03,4.850065e-03,2.283694e-03,1.431295e-02
1.365005e-01,1.356099e-02,2.585029e-02,2.306321e-02,2.243300e-01,1.979778e-02,6.246643e-02,6.212843e-02,2.365264e-02,3.698334e-01,8.245834e-03,4.558476e-03,4.182046e-03,2.632147e-03,1.919774e-02
1.357114e-01,1.218696e-02,2.116935e-02,1.671250e-02,2.127498e-01,1.967222e-02,5.196014e-02,4.729452e-02,1.984868e-02,4.294987e-01,6.636987e-03,3.541819e-03,4.243375e-03,2.309262e-03,1.646424e-02
2.148196e-01,1.168519e-02,1.713998e-02,1.216572e-02,1.990598e-01,2.065747e-02,4.292558e-02,3.774217e-02,2.041967e-02,3.929222e-01,6.617488e-03,3.038160e-03,3.468751e-03,2.428201e-03,1.491002e-02
3.003324e-01,1.199209e-02,1.434043e-02,9.792197e-03,1.594999e-01,1.975582e-02,4.982079e-02,3.197811e-02,3.622858e-02,3.284161e-01,7.072313e-03,3.167153e-03,3.168100e-03,3.308567e-03,2.112729e-02
3.587615e-01,1.341128e-02,1.334281e-02,8.326528e-03,1.187460e-01,2.341861e-02,7.213540e-02,3.196001e-02,4.637288e-02,2.642154e-01,6.954781e-03,3.256034e-03,3.219781e-03,5.141888e-03,3.073697e-02
2.741383e-01,4.878254e-02,4.277512e-02,2.096716e-02,8.892135e-02,2.510534e-02,5.573182e-02,2.466523e-02,4.315397e-02,3.128252e-01,7.905675e-03,3.915796e-03,2.996653e-03,5.888941e-03,4.222680e-02
2.392317e-01,4.244464e-02,3.465158e-02,1.690523e-02,6.790178e-02,1.973562e-02,4.245485e-02,2.731810e-02,6.344776e-02,3.516443e-01,7.449839e-03,4.041999e-03,2.372885e-03,7.078039e-03,7.332158e-02
2.279474e-01,3.466308e-02,2.856580e-02,1.512129e-02,5.170205e-02,1.623622e-02,3.550011e-02,2.999676e-02,7.037243e-02,3.142324e-01,1.148500e-02,6.855178e-03,3.177939e-03,1.479713e-02,1.393473e-01
1.705775e-01,2.601239e-02,2.122785e-02,1.160541e-02,3.647115e-02,1.299747e-02,2.510380e-02,2.207657e-02,9.838646e-02,2.653728e-01,1.273358e-02,6.908438e-03,5.923453e-03,1.452325e-02,2.700799e-01
1.535447e-01,3.447309e-02,1.723642e-02,2.678083e-02,2.722430e-02,1.034621e-02,1.878720e-02,1.728740e-02,1.580793e-01,2.466658e-01,1.823394e-02,1.383687e-02,1.040121e-02,1.360261e-02,2.335001e-01
1.493414e-01,6.080994e-02,1.397093e-02,3.058008e-02,2.072806e-02,9.038451e-03,1.390668e-02,1.285296e-02,2.439421e-01,1.932826e-01,1.704173e-02,1.401779e-02,1.129392e-02,1.086654e-02,1.983268e-01
1.159153e-01,8.345477e-02,1.015803e-02,3.384367e-02,1.821358e-02,7.840870e-03,9.864439e-03,9.247670e-03,3.745252e-01,1.420131e-01,1.277266e-02,1.027782e-02,8.869300e-03,7.990669e-03,1.550130e-01
8.264873e-02,7.748359e-02,7.786279e-03,1.572473e-01,1.414014e-02,6.915679e-03,6.983926e-03,6.928399e-03,3.699757e-01,1.039628e-01,9.497263e-03,7.416893e-03,7.458496e-03,5.731738e-03,1.358230e-01
5.845524e-02,5.853891e-02,7.784621e-03,3.424976e-01,1.023895e-02,5.387303e-03,4.898017e-03,5.175278e-03,2.801589e-01,8.136550e-02,9.248400e-03,5.271113e-03,5.584959e-03,4.347740e-03,1.210474e-01
4.124025e-02,6.209093e-02,1.341601e-02,4.314514e-01,7.302997e-03,4.181362e-03,3.435305e-03,3.801566e-03,2.276111e-01,6.537152e-02,2.057259e-02,4.474276e-03,4.434262e-03,4.559631e-03,1.060568e-01
3.064035e-02,5.601656e-02,1.436816e-02,3.219394e-01,5.595190e-03,3.420969e-03,2.420163e-03,2.868041e-03,1.931789e-01,7.077241e-02,3.899005e-02,3.752940e-03,4.678264e-03,9.112869e-03,2.422457e-01
2.175586e-02,4.862731e-02,2.612360e-02,3.555786e-01,5.441044e-03,3.006913e-03,1.822275e-03,2.491590e-03,2.347944e-01,5.371458e-02,3.455454e-02,3.818696e-03,6.727553e-03,6.823646e-03,1.947194e-01
1.927100e-02,4.651679e-02,3.365892e-02,2.800745e-01,7.081158e-03,3.957454e-03,1.886114e-03,2.291065e-03,3.276307e-01,4.282030e-02,6.783486e-02,3.488394e-03,8.424637e-03,5.911403e-03,1.491527e-01
3.798452e-02,4.357200e-02,2.845776e-02,2.126855e-01,8.702652e-03,4.920838e-03,1.545420e-03,1.759037e-03,3.760845e-01,4.049056e-02,5.811416e-02,2.953391e-03,9.104370e-03,5.965269e-03,1.676601e-01
2.957820e-02,3.450057e-02,2.965475e-02,1.969721e-01,7.022556e-03,4.151548e-03,1.197791e-03,1.762074e-03,4.562654e-01,4.980594e-02,4.184388e-02,2.240491e-03,7.474858e-03,4.769444e-03,1.327605e-01
2.645123e-02,2.697483e-02,2.531309e-02,1.503499e-01,6.848053e-03,4.821777e-03,9.583365e-04,1.581491e-03,5.099499e-01,4.610325e-02,3.322661e-02,1.920891e-03,7.179520e-03,5.049977e-03,1.532712e-01
2.156758e-02,1.994644e-02,4.375234e-02,2.381622e-01,6.389557e-03,4.495612e-03,8.038471e-04,2.413732e-03,4.711329e-01,3.773825e-02,2.599435e-02,1.721090e-03,5.638594e-03,4.110655e-03,1.161329e-01
1.891874e-02,1.537964e-02,3.833420e-02,2.858992e-01,6.019444e-03,3.753461e-03,8.057598e-04,2.617517e-03,4.428814e-01,2.850323e-02,4.309871e-02,2.613849e-03,1.363795e-02,4.931065e-03,9.260584e-02
1.754868e-02,1.369247e-02,4.536919e-02,2.840344e-01,8.480174e-03,4.231350e-03,7.172460e-04,2.620684e-03,4.321320e-01,2.504545e-02,4.621022e-02,3.097300e-03,1.215683e-02,7.640481e-03,9.702350e-02
2.279560e-02,1.383716e-02,5.289348e-02,2.873236e-01,7.830881e-03,3.500508e-03,6.497326e-04,1.995455e-03,3.704847e-01,2.072675e-02,5.564363e-02,3.418535e-03,1.210488e-02,1.525389e-02,1.315412e-01
2.390133e-02,1.144541e-02,5.097023e-02,2.720317e-01,6.857978e-03,3.067154e-03,7.672610e-04,1.582223e-03,3.050068e-01,1.664690e-02,9.647541e-02,5.982258e-03,6.052692e-02,1.482944e-02,1.299091e-01
3.110757e-02,8.311633e-03,3.638073e-02,1.981104e-01,5.164894e-03,3.129557e-03,6.843020e-04,2.556513e-03,2.206131e-01,1.301042e-02,1.074158e-01,1.589632e-02,2.382019e-01,2.522457e-02,9.419236e-02
3.084143e-02,6.442808e-03,2.563414e-02,1.494381e-01,4.030270e-03,3.797593e-03,8.848535e-04,2.130335e-03,1.775884e-01,1.600103e-02,8.707508e-02,3.184437e-02,3.475820e-01,4.687549e-02,6.983405e-02
3.598814e-02,5.529686e-03,1.869229e-02,1.061414e-01,3.434377e-03,4.419012e-03,1.428408e-03,1.842559e-03,1.350683e-01,4.723316e-02,8.596084e-02,1.634929e-01,2.827019e-01,5.377964e-02,5.428739e-02
2.707262e-02,5.609674e-03,1.354988e-02,7.453944e-02,2.616984e-03,3.462853e-03,1.399469e-03,1.427061e-03,9.842479e-02,1.047312e-01,7.313116e-02,2.578883e-01,2.398703e-01,5.567347e-02,4.060278e-02
1.958258e-02,5.468591e-03,1.097291e-02,5.235099e-02,2.532287e-03,2.765451e-03,1.183269e-03,1.801929e-03,7.544374e-02,9.066528e-02,1.001956e-01,3.176830e-01,2.190083e-01,6.992677e-02,3.041923e-02
1.642970e-02,4.526246e-03,8.136838e-03,3.693911e-02,3.090544e-03,2.398942e-03,1.033068e-03,1.715633e-03,5.567288e-02,7.190466e-02,2.634120e-01,2.677555e-01,1.593363e-01,8.498856e-02,2.266013e-02
1.550083e-02,5.236356e-03,6.476211e-03,2.641559e-02,5.172214e-03,2.643595e-03,8.968196e-04,1.617775e-03,4.366796e-02,6.132779e-02,3.404347e-01,2.238769e-01,1.189223e-01,1.291261e-01,1.868493e-02
2.633245e-02,4.423223e-03,5.118572e-03,1.911602e-02,7.092331e-03,3.074327e-03,8.731278e-04,1.775823e-03,3.439961e-02,5.677373e-02,4.143570e-01,1.869894e-01,8.567211e-02,1.391695e-01,1.483283e-02
1.887830e-02,3.707959e-03,4.654697e-03,1.369963e-02,1.597799e-02,2.333045e-03,8.270708e-04,1.280230e-03,3.083797e-02,7.148610e-02,4.737608e-01,1.534536e-01,6.056857e-02,1.355236e-01,1.301047e-02
1.451604e-02,3.153867e-03,4.000621e-03,9.913733e-03,2.577530e-02,1.783194e-03,7.398120e-04,1.044452e-03,2.750286e-02,7.130541e-02,5.362080e-01,1.217259e-01,4.280922e-02,1.282398e-01,1.128173e-02
1.342993e-02,2.476385e-03,3.043047e-03,7.063089e-03,2.003363e-02,1.429114e-03,5.531448e-04,8.779841e-04,2.285300e-02,6.403661e-02,5.188484e-01,8.844633e-02,3.014711e-02,2.174496e-01,9.312621e-03
9.836169e-03,1.871466e-03,2.310692e-03,4.969609e-03,1.483340e-02,1.054289e-03,3.948179e-04,6.834759e-04,1.889973e-02,4.783555e-02,4.428715e-01,6.288508e-02,2.115301e-02,3.632467e-01,7.154472e-03
7.645681e-03,1.351065e-03,1.707495e-03,3.525082e-03,1.084412e-02,8.966341e-04,2.900475e-04,5.276373e-04,1.635733e-02,3.532336e-02,4.219475e-01,4.457726e-02,1.487956e-02,4.348794e-01,5.247873e-03
7.446482e-03,1.152699e-03,1.534217e-03,2.592025e-03,8.282907e-03,3.806444e-03,2.338193e-04,5.238074e-04,1.594297e-02,4.234393e-02,3.850012e-01,3.370056e-02,1.206165e-02,4.803123e-01,5.065000e-03
7.485078e-03,9.500476e-04,1.244908e-03,2.100214e-03,6.438687e-03,5.606120e-03,2.152353e-04,7.154485e-04,2.397117e-02,4.794707e-02,3.567414e-01,4.199135e-02,1.640961e-02,4.838210e-01,4.362620e-03
8.946612e-03,1.026239e-03,1.401215e-03,1.699714e-03,5.370732e-03,4.925882e-03,1.690389e-04,7.403834e-04,2.094405e-02,8.226776e-02,3.638684e-01,3.401617e-02,1.640861e-02,4.545179e-01,3.697167e-03
9.179067e-03,1.181615e-03,1.789396e-03,1.481019e-03,6.110814e-03,3.827740e-03,1.377788e-04,7.761659e-04,2.310100e-02,6.701103e-02,2.980136e-01,3.080267e-02,2.076453e-02,5.325266e-01,3.296925e-03
1.551016e-02,6.266407e-03,1.448428e-02,5.280857e-03,8.303179e-03,5.018083e-03,2.599485e-04,2.848777e-03,8.280517e-02,1.067215e-01,2.462412e-01,2.577718e-02,2.021409e-02,4.571634e-01,3.105724e-03
2.359628e-02,6.916568e-03,3.205335e-02,1.198048e-02,1.161919e-02,7.435458e-03,1.188390e-03,2.269881e-02,1.224550e-01,1.163172e-01,1.980474e-01,2.306051e-02,1.942370e-02,3.994541e-01,3.753557e-03
3.053915e-02,1.020966e-02,5.737345e-02,1.594217e-02,2.123390e-02,1.147740e-02,1.568769e-03,2.197577e-02,1.639039e-01,1.206984e-01,1.527215e-01,1.877136e-02,1.728504e-02,3.511722e-01,5.127270e-03
4.577253e-02,1.567630e-02,8.565716e-02,1.304282e-02,3.415546e-02,2.879691e-02,1.951523e-03,2.083341e-02,1.748318e-01,9.882642e-02,1.330149e-01,1.487010e-02,1.420319e-02,3.112550e-01,7.112560e-03
4.034248e-02,2.197072e-02,1.189905e-01,1.083157e-02,2.964834e-02,3.979419e-02,1.662358e-03,1.880855e-02,1.608841e-01,1.201598e-01,1.224450e-01,1.327740e-02,1.298605e-02,2.741242e-01,1.407475e-02
3.005975e-02,1.793809e-02,9.783284e-02,9.275955e-02,2.447375e-02,3.091943e-02,1.421052e-03,1.366443e-02,1.191243e-01,1.314773e-01,1.268903e-01,6.135280e-02,4.333571e-02,1.926930e-01,1.605790e-02
2.317614e-02,1.422262e-02,7.132716e-02,1.018363e-01,1.929551e-02,2.431693e-02,1.224426e-03,1.000406e-02,8.512362e-02,2.582891e-01,1.206726e-01,7.743654e-02,4.168299e-02,1.370776e-01,1.431438e-02
1.640912e-02,1.010618e-02,5.013578e-02,8.228149e-02,1.361992e-02,1.727908e-02,8.877271e-04,7.029505e-03,5.979183e-02,4.611143e-01,8.712813e-02,5.701977e-02,3.058597e-02,9.618956e-02,1.042157e-02
1.224323e-02,7.244399e-03,3.543505e-02,6.075341e-02,1.005236e-02,1.652404e-02,7.082993e-04,5.409723e-03,4.244595e-02,5.722545e-01,8.043593e-02,5.137289e-02,2.833409e-02,6.905264e-02,7.733468e-03
9.263687e-03,5.358468e-03,2.517762e-02,4.602965e-02,8.263320e-03,1.263200e-02,5.638017e-04,3.827356e-03,2.984072e-02,6.428560e-01,7.681574e-02,6.008231e-02,2.395062e-02,4.958341e-02,5.755290e-03
1.033213e-02,5.451984e-03,1.776380e-02,3.446168e-02,2.099591e-02,9.280865e-03,5.197624e-04,2.879889e-03,2.777951e-02,6.065510e-01,8.843182e-02,7.894094e-02,3.019451e-02,6.163720e-02,4.779005e-03
1.274898e-02,4.453851e-03,1.266561e-02,2.464636e-02,1.712480e-02,7.047330e-03,3.972592e-04,2.234759e-03,2.993151e-02,4.930739e-01,1.547124e-01,9.420612e-02,4.377707e-02,9.894176e-02,4.038254e-03
1.560966e-02,4.751564e-03,9.603159e-03,1.777495e-02,1.341543e-02,5.769969e-03,2.986216e-04,2.009979e-03,5.818430e-02,3.618409e-01,2.164466e-01,8.136598e-02,3.241682e-02,1.751480e-01,5.364034e-03
1.577624e-02,6.502616e-03,7.344810e-03,1.325919e-02,1.038295e-02,5.732815e-03,2.598960e-04,2.287489e-03,5.853674e-02,2.644012e-01,3.195811e-01,6.532469e-02,2.410011e-02,1.968370e-01,9.673156e-03
1.827816e-02,8.107182e-03,5.853042e-03,1.072053e-02,8.923788e-03,6.207262e-03,4.073274e-04,2.542902e-03,5.491620e-02,1.963071e-01,3.870236e-01,6.269763e-02,1.920985e-02,2.095408e-01,9.264626e-03
1.597723e-02,1.098936e-02,5.929013e-03,8.541981e-03,2.147310e-02,5.489174e-03,8.216497e-04,2.266469e-03,5.946372e-02,1.597339e-01,3.629747e-01,8.486590e-02,2.031467e-02,2.284206e-01,1.273860e-02
1.855027e-02,9.107166e-03,4.989956e-03,6.815258e-03,1.784638e-02,4.470950e-03,9.121010e-04,2.005533e-03,6.238862e-02,1.417256e-01,4.007984e-01,7.946142e-02,1.663397e-02,2.238675e-01,1.042684e-02
2.071827e-02,1.235345e-02,5.449429e-03,6.372482e-03,1.707378e-02,3.513506e-03,8.287854e-04,1.705957e-03,9.526668e-02,1.280877e-01,3.955228e-01,8.566177e-02,1.357806e-02,1.984210e-01,1.544626e-02
1.992609e-02,1.063776e-02,3.872064e-02,1.148707e-02,1.634488e-02,5.352577e-03,2.762485e-03,2.098643e-02,1.001837e-01,1.157906e-01,3.378539e-01,8.590215e-02,1.105993e-02,2.109768e-01,1.201494e-02
1.903498e-02,8.430935e-03,3.806797e-02,1.201530e-02,1.302688e-02,1.561576e-02,3.377879e-03,2.710605e-02,1.140618e-01,1.056476e-01,3.126782e-01,7.484479e-02,9.176467e-03,2.372345e-01,9.680938e-03
1.988592e-02,6.382525e-03,4.326860e-02,1.506222e-02,1.013671e-02,4.217287e-02,5.266417e-03,1.019389e-01,1.135130e-01,8.993572e-02,2.773754e-01,5.664343e-02,7.678607e-03,2.033315e-01,7.408194e-03
2.652696e-02,8.690555e-03,3.985235e-02,1.542737e-02,8.940562e-03,4.865054e-02,4.258790e-03,9.077341e-02,1.141330e-01,9.698077e-02,3.158809e-01,4.091419e-02,7.294408e-03,1.743352e-01,7.340976e-03
3.109681e-02,1.056144e-02,3.338477e-02,1.217580e-02,9.256569e-03,4.260119e-02,3.402335e-03,6.734060e-02,1.215562e-01,1.099052e-01,3.740222e-01,2.948674e-02,6.546322e-03,1.423954e-01,6.268422e-03
3.461992e-02,2.315171e-02,2.398686e-02,1.375894e-02,9.810450e-03,4.718037e-02,2.440474e-03,4.772620e-02,2.517089e-01,9.050629e-02,3.209788e-01,2.086761e-02,4.966353e-03,1.029004e-01,5.396739e-03
2.826841e-02,3.307936e-02,1.927705e-02,1.167968e-01,8.457937e-03,4.021275e-02,1.732566e-03,3.401230e-02,3.211772e-01,6.826107e-02,2.302121e-01,1.471637e-02,3.641085e-03,7.432259e-02,5.832468e-03
2.973956e-02,3.984090e-02,1.818062e-02,1.086824e-01,2.149084e-02,7.272650e-02,1.270046e-03,2.448291e-02,3.619097e-01,6.018937e-02,1.665675e-01,1.035975e-02,2.714379e-03,5.351503e-02,2.833053e-02
2.382044e-02,3.226173e-02,1.905640e-02,2.398539e-01,2.875069e-02,6.935668e-02,1.012745e-03,2.494844e-02,3.165788e-01,4.465716e-02,1.246884e-01,7.298505e-03,2.144526e-03,3.814487e-02,2.742672e-02
5.777800e-02,2.886314e-02,1.630114e-02,2.201248e-01,5.222931e-02,1.102974e-01,1.532858e-03,2.198913e-02,2.967846e-01,3.376288e-02,9.385348e-02,5.187517e-03,1.990924e-03,2.797353e-02,3.133129e-02
8.672980e-02,3.178339e-02,2.160573e-02,2.165691e-01,5.846357e-02,1.152235e-01,1.653396e-03,2.003950e-02,2.449627e-01,2.705271e-02,7.816471e-02,4.204046e-03,2.983507e-03,2.216170e-02,6.840266e-02
6.802446e-02,2.629313e-02,1.947909e-02,1.605457e-01,4.338763e-02,8.598773e-02,1.278128e-03,1.582233e-02,2.508637e-01,3.360055e-02,6.375497e-02,3.453780e-03,3.538074e-03,1.660920e-02,2.073615e-01
5.054573e-02,2.011399e-02,1.562853e-02,1.192942e-01,3.239904e-02,6.148181e-02,9.529783e-04,1.379330e-02,4.031262e-01,3.711870e-02,5.975953e-02,2.788399e-03,4.898717e-03,1.248852e-02,1.656103e-01
3.609965e-02,1.466916e-02,1.184155e-02,1.022594e-01,2.301910e-02,4.314184e-02,6.767772e-04,1.010731e-02,5.235816e-01,2.847374e-02,6.271607e-02,2.803656e-03,1.120227e-02,8.821811e-03,1.205861e-01
2.566349e-02,1.079138e-02,1.170011e-02,1.139211e-01,1.657585e-02,3.035825e-02,4.896154e-04,7.225981e-03,5.859081e-01,2.381478e-02,6.181904e-02,2.643992e-03,1.444320e-02,6.309608e-03,8.833548e-02
1.823242e-02,7.833759e-03,1.057376e-02,8.736549e-02,1.198164e-02,2.149663e-02,3.875575e-04,5.140840e-03,4.564616e-01,2.264999e-02,1.595183e-01,7.609110e-03,9.594537e-02,1.136352e-02,8.343995e-02
1.295509e-02,5.685606e-03,1.083960e-02,6.584658e-02,8.788972e-03,1.530283e-02,2.950233e-04,3.701251e-03,3.481050e-01,2.206887e-02,2.268889e-01,9.937912e-03,1.620677e-01,2.019520e-02,8.732148e-02
9.317107e-03,4.969251e-03,1.942474e-02,4.971915e-02,7.404268e-03,1.104766e-02,2.897960e-04,2.775906e-03,2.480224e-01,3.080331e-02,3.312323e-01,8.851066e-03,1.361134e-01,4.666878e-02,9.336081e-02
7.297245e-03,4.866059e-03,1.710485e-02,3.587272e-02,5.665181e-03,8.251665e-03,2.602255e-04,2.562807e-03,1.773294e-01,1.565074e-01,2.732827e-01,7.271633e-03,1.015601e-01,8.918737e-02,1.129807e-01
5.419572e-03,5.568915e-03,1.348206e-02,2.600817e-02,6.545597e-03,6.058684e-03,2.215103e-04,2.854020e-03,1.310433e-01,2.377687e-01,2.177802e-01,5.693324e-03,7.573231e-02,1.019088e-01,1.639149e-01
4.035506e-03,9.237064e-03,1.128329e-02,1.837006e-02,6.341022e-03,4.388368e-03,1.590995e-04,2.204168e-03,1.230594e-01,2.968841e-01,1.698188e-01,4.329932e-03,5.559160e-02,1.253441e-01,1.689534e-01
3.658429e-03,1.500607e-02,1.600491e-02,1.497900e-02,5.831379e-03,3.844423e-03,1.692903e-04,3.342041e-03,1.342887e-01,3.020854e-01,1.455594e-01,4.023586e-03,4.260818e-02,1.299267e-01,1.786726e-01
4.931340e-03,2.206483e-02,1.385549e-02,1.118038e-02,4.835138e-03,4.315353e-03,1.599371e-04,2.971786e-03,1.375827e-01,3.020335e-01,1.354855e-01,3.708307e-03,3.775613e-02,1.348155e-01,1.843040e-01
4.526621e-03,2.335121e-02,1.162466e-02,8.789955e-03,4.187188e-03,3.720225e-03,1.398380e-04,2.393382e-03,1.763982e-01,2.364499e-01,1.378393e-01,3.461505e-03,3.417650e-02,1.442644e-01,2.086772e-01
5.238692e-03,4.018507e-02,1.295954e-02,7.316013e-03,7.200385e-03,4.081915e-03,2.213229e-04,4.195332e-03,1.707013e-01,1.746786e-01,1.270048e-01,3.592118e-03,2.783375e-02,1.256775e-01,2.891138e-01
1.749624e-02,4.373918e-02,3.420597e-02,9.664083e-03,9.489575e-03,1.396075e-02,8.709342e-04,1.431595e-02,1.907730e-01,1.266103e-01,1.343312e-01,7.200368e-03,2.255239e-02,1.349021e-01,2.398880e-01
1.862248e-02,3.548305e-02,2.731899e-02,7.867877e-03,1.066542e-02,1.343979e-02,6.930872e-04,1.093634e-02,2.385004e-01,9.712356e-02,1.646188e-01,6.765093e-03,1.869916e-02,1.508969e-01,1.983690e-01
1.889038e-02,2.689030e-02,2.036105e-02,5.920095e-03,8.797847e-03,1.466265e-02,5.071443e-04,8.080182e-03,3.428179e-01,6.954720e-02,1.300408e-01,5.214565e-03,1.418076e-02,1.925139e-01,1.415753e-01
1.816517e-02,2.121343e-02,2.131710e-02,5.969559e-03,8.502168e-03,2.115452e-02,3.767948e-04,8.010312e-03,4.378574e-01,5.157944e-02,1.003112e-01,4.127856e-03,1.071348e-02,1.872836e-01,1.034180e-01
1.942378e-02,1.693999e-02,2.530147e-02,5.098398e-03,9.711834e-03,3.086726e-02,3.079421e-04,1.025081e-02,5.180330e-01,3.758133e-02,7.600915e-02,3.337040e-03,8.091040e-03,1.644883e-01,7.455868e-02
2.394475e-02,1.795577e-02,3.799182e-02,6.405213e-03,1.586326e-02,2.805525e-02,4.719712e-04,2.539653e-02,5.437655e-01,2.886568e-02,5.704645e-02,2.832078e-03,6.198252e-03,1.504446e-01,5.476289e-02
3.129441e-02,1.687727e-02,3.077539e-02,7.639281e-03,1.892655e-02,3.014958e-02,5.208210e-04,2.343055e-02,5.911010e-01,2.382305e-02,4.591019e-02,2.616963e-03,5.903337e-03,1.302894e-01,4.074221e-02
