1.000000e+00,0.000000e+00,0.000000e+00,0.000000e+00,0.000000e+00,0.000000e+00,0.000000e+00,0.000000e+00,0.000000e+00,0.000000e+00,0.000000e+00,0.000000e+00,0.000000e+00,0.000000e+00,0.000000e+00
1.000000e+00,0.000000e+00,0.000000e+00,0.000000e+00,0.000000e+00,0.000000e+00,0.000000e+00,0.000000e+00,0.000000e+00,0.000000e+00,0.000000e+00,0.000000e+00,0.000000e+00,0.000000e+00,0.000000e+00
1.000000e+00,0.000000e+00,0.000000e+00,0.000000e+00,0.000000e+00,0.000000e+00,0.000000e+00,0.000000e+00,0.000000e+00,0.000000e+00,0.000000e+00,0.000000e+00,0.000000e+00,0.000000e+00,0.000000e+00
1.000000e+00,0.000000e+00,0.000000e+00,0.000000e+00,0.000000e+00,0.000000e+00,0.000000e+00,0.000000e+00,0.000000e+00,0.000000e+00,0.000000e+00,0.000000e+00,0.000000e+00,0.000000e+00,0.000000e+00
1.000000e+00,0.000000e+00,0.000000e+00,0.000000e+00,0.000000e+00,0.000000e+00,0.000000e+00,0.000000e+00,0.000000e+00,0.000000e+00,0.000000e+00,0.000000e+00,0.000000e+00,0.000000e+00,0.000000e+00
1.000000e+00,0.000000e+00,0.000000e+00,0.000000e+00,0.000000e+00,0.000000e+00,0.000000e+00,0.000000e+00,0.000000e+00,0.000000e+00,0.000000e+00,0.000000e+00,0.000000e+00,0.000000e+00,0.000000e+00
1.000000e+00,0.000000e+00,0.000000e+00,0.000000e+00,0.000000e+00,0.000000e+00,0.000000e+00,0.000000e+00,0.000000e+00,0.000000e+00,0.000000e+00,0.000000e+00,0.000000e+00,0.000000e+00,0.000000e+00
1.000000e+00,0.000000e+00,0.000000e+00,0.000000e+00,0.000000e+00,0.000000e+00,0.000000e+00,0.000000e+00,0.000000e+00,0.000000e+00,0.000000e+00,0.000000e+00,0.000000e+00,0.000000e+00,0.000000e+00
1.000000e+00,0.000000e+00,0.000000e+00,0.000000e+00,0.000000e+00,0.000000e+00,0.000000e+00,0.000000e+00,0.000000e+00,0.000000e+00,0.000000e+00,0.000000e+00,0.000000e+00,0.000000e+00,0.000000e+00
1.000000e+00,0.000000e+00,0.000000e+00,0.000000e+00,0.000000e+00,0.000000e+00,0.000000e+00,0.000000e+00,0.000000e+00,0.000000e+00,0.000000e+00,0.000000e+00,0.000000e+00,0.000000e+00,0.000000e+00
1.000000e+00,0.000000e+00,0.000000e+00,0.000000e+00,0.000000e+00,0.000000e+00,0.000000e+00,0.000000e+00,0.000000e+00,0.000000e+00,0.000000e+00,0.000000e+00,0.000000e+00,0.000000e+00,0.000000e+00
1.000000e+00,0.000000e+00,0.000000e+00,0.000000e+00,0.000000e+00,0.000000e+00,0.000000e+00,0.000000e+00,0.000000e+00,0.000000e+00,0.000000e+00,0.000000e+00,0.000000e+00,0.000000e+00,0.000000e+00
1.000000e+00,0.000000e+00,0.000000e+00,0.000000e+00,0.000000e+00,0.000000e+00,0.000000e+00,0.000000e+00,0.000000e+00,0.000000e+00,0.000000e+00,0.000000e+00,0.000000e+00,0.000000e+00,0.000000e+00
1.000000e+00,0.000000e+00,0.000000e+00,0.000000e+00,0.000000e+00,0.000000e+00,0.000000e+00,0.000000e+00,0.000000e+00,0.000000e+00,0.000000e+00,0.000000e+00,0.000000e+00,0.000000e+00,0.000000e+00
1.000000e+00,0.000000e+00,0.000000e+00,0.000000e+00,0.000000e+00,0.000000e+00,0.000000e+00,0.000000e+00,0.000000e+00,0.000000e+00,0.000000e+00,0.000000e+00,0.000000e+00,0.000000e+00,0.000000e+00
1.000000e+00,0.000000e+00,0.000000e+00,0.000000e+00,0.000000e+00,0.000000e+00,0.000000e+00,0.000000e+00,0.000000e+00,0.000000e+00,0.000000e+00,0.000000e+00,0.000000e+00,0.000000e+00,0.000000e+00
1.000000e+00,0.000000e+00,0.000000e+00,0.000000e+00,0.000000e+00,0.000000e+00,0.000000e+00,0.000000e+00,0.000000e+00,0.000000e+00,0.000000e+00,0.000000e+00,0.000000e+00,0.000000e+00,0.000000e+00
1.000000e+00,0.000000e+00,0.000000e+00,0.000000e+00,0.000000e+00,0.000000e+00,0.000000e+00,0.000000e+00,0.000000e+00,0.000000e+00,0.000000e+00,0.000000e+00,0.000000e+00,0.000000e+00,0.000000e+00
1.000000e+00,0.000000e+00,0.000000e+00,0.000000e+00,0.000000e+00,0.000000e+00,0.000000e+00,0.000000e+00,0.000000e+00,0.000000e+00,0.000000e+00,0.000000e+00,0.000000e+00,0.000000e+00,0.000000e+00
1.000000e+00,0.000000e+00,0.000000e+00,0.000000e+00,0.000000e+00,0.000000e+00,0.000000e+00,0.000000e+00,0.000000e+00,0.000000e+00,0.000000e+00,0.000000e+00,0.000000e+00,0.000000e+00,0.000000e+00
1.000000e+00,0.000000e+00,0.000000e+00,0.000000e+00,0.000000e+00,0.000000e+00,0.000000e+00,0.000000e+00,0.000000e+00,0.000000e+00,0.000000e+00,0.000000e+00,0.000000e+00,0.000000e+00,0.000000e+00
1.000000e+00,0.000000e+00,0.000000e+00,0.000000e+00,0.000000e+00,0.000000e+00,0.000000e+00,0.000000e+00,0.000000e+00,0.000000e+00,0.000000e+00,0.000000e+00,0.000000e+00,0.000000e+00,0.000000e+00
1.000000e+00,0.000000e+00,0.000000e+00,0.000000e+00,0.000000e+00,0.000000e+00,0.000000e+00,0.000000e+00,0.000000e+00,0.000000e+00,0.000000e+00,0.000000e+00,0.000000e+00,0.000000e+00,0.000000e+00
1.000000e+00,0.000000e+00,0.000000e+00,0.000000e+00,0.000000e+00,0.000000e+00,0.000000e+00,0.000000e+00,0.000000e+00,0.000000e+00,0.000000e+00,0.000000e+00,0.000000e+00,0.000000e+00,0.000000e+00
1.000000e+00,0.000000e+00,0.000000e+00,0.000000e+00,0.000000e+00,0.000000e+00,0.000000e+00,0.000000e+00,0.000000e+00,0.000000e+00,0.000000e+00,0.000000e+00,0.000000e+00,0.000000e+00,0.000000e+00
1.000000e+00,0.000000e+00,0.000000e+00,0.000000e+00,0.000000e+00,0.000000e+00,0.000000e+00,0.000000e+00,0.000000e+00,0.000000e+00,0.000000e+00,0.000000e+00,0.000000e+00,0.000000e+00,0.000000e+00
1.000000e+00,0.000000e+00,0.000000e+00,0.000000e+00,0.000000e+00,0.000000e+00,0.000000e+00,0.000000e+00,0.000000e+00,0.000000e+00,0.000000e+00,0.000000e+00,0.000000e+00,0.000000e+00,0.000000e+00
1.000000e+00,0.000000e+00,0.000000e+00,0.000000e+00,0.000000e+00,0.000000e+00,0.000000e+00,0.000000e+00,0.000000e+00,0.000000e+00,0.000000e+00,0.000000e+00,0.000000e+00,0.000000e+00,0.000000e+00
1.000000e+00,0.000000e+00,0.000000e+00,0.000000e+00,0.000000e+00,0.000000e+00,0.000000e+00,0.000000e+00,0.000000e+00,0.000000e+00,0.000000e+00,0.000000e+00,0.000000e+00,0.000000e+00,0.000000e+00
1.000000e+00,0.000000e+00,0.000000e+00,0.000000e+00,0.000000e+00,0.000000e+00,0.000000e+00,0.000000e+00,0.000000e+00,0.000000e+00,0.000000e+00,0.000000e+00,0.000000e+00,0.000000e+00,0.000000e+00
1.000000e+00,0.000000e+00,0.000000e+00,0.000000e+00,0.000000e+00,0.000000e+00,0.000000e+00,0.000000e+00,0.000000e+00,0.000000e+00,0.000000e+00,0.000000e+00,0.000000e+00,0.000000e+00,0.000000e+00
1.000000e+00,0.000000e+00,0.000000e+00,0.000000e+00,0.000000e+00,0.000000e+00,0.000000e+00,0.000000e+00,0.000000e+00,0.000000e+00,0.000000e+00,0.000000e+00,0.000000e+00,0.000000e+00,0.000000e+00
1.000000e+00,0.000000e+00,0.000000e+00,0.000000e+00,0.000000e+00,0.000000e+00,0.000000e+00,0.000000e+00,0.000000e+00,0.000000e+00,0.000000e+00,0.000000e+00,0.000000e+00,0.000000e+00,0.000000e+00
1.000000e+00,0.000000e+00,0.000000e+00,0.000000e+00,0.000000e+00,0.000000e+00,0.000000e+00,0.000000e+00,0.000000e+00,0.000000e+00,0.000000e+00,0.000000e+00,0.000000e+00,0.000000e+00,0.000000e+00
1.000000e+00,0.000000e+00,0.000000e+00,0.000000e+00,0.000000e+00,0.000000e+00,0.000000e+00,0.000000e+00,0.000000e+00,0.000000e+00,0.000000e+00,0.000000e+00,0.000000e+00,0.000000e+00,0.000000e+00
1.000000e+00,0.000000e+00,0.000000e+00,0.000000e+00,0.000000e+00,0.000000e+00,0.000000e+00,0.000000e+00,0.000000e+00,0.000000e+00,0.000000e+00,0.000000e+00,0.000000e+00,0.000000e+00,0.000000e+00
1.000000e+00,0.000000e+00,0.000000e+00,0.000000e+00,0.000000e+00,0.000000e+00,0.000000e+00,0.000000e+00,0.000000e+00,0.000000e+00,0.000000e+00,0.000000e+00,0.000000e+00,0.000000e+00,0.000000e+00
1.000000e+00,0.000000e+00,0.000000e+00,0.000000e+00,0.000000e+00,0.000000e+00,0.000000e+00,0.000000e+00,0.000000e+00,0.000000e+00,0.000000e+00,0.000000e+00,0.000000e+00,0.000000e+00,0.000000e+00
1.000000e+00,0.000000e+00,0.000000e+00,0.000000e+00,0.000000e+00,0.000000e+00,0.000000e+00,0.000000e+00,0.000000e+00,0.000000e+00,0.000000e+00,0.000000e+00,0.000000e+00,0.000000e+00,0.000000e+00
1.000000e+00,0.000000e+00,0.000000e+00,0.000000e+00,0.000000e+00,0.000000e+00,0.000000e+00,0.000000e+00,0.000000e+00,0.000000e+00,0.000000e+00,0.000000e+00,0.000000e+00,0.000000e+00,0.000000e+00
1.000000e+00,0.000000e+00,0.000000e+00,0.000000e+00,0.000000e+00,0.000000e+00,0.000000e+00,0.000000e+00,0.000000e+00,0.000000e+00,0.000000e+00,0.000000e+00,0.000000e+00,0.000000e+00,0.000000e+00
1.000000e+00,0.000000e+00,0.000000e+00,0.000000e+00,0.000000e+00,0.000000e+00,0.000000e+00,0.000000e+00,0.000000e+00,0.000000e+00,0.000000e+00,0.000000e+00,0.000000e+00,0.000000e+00,0.000000e+00
1.000000e+00,0.000000e+00,0.000000e+00,0.000000e+00,0.000000e+00,0.000000e+00,0.000000e+00,0.000000e+00,0.000000e+00,0.000000e+00,0.000000e+00,0.000000e+00,0.000000e+00,0.000000e+00,0.000000e+00
1.000000e+00,0.000000e+00,0.000000e+00,0.000000e+00,0.000000e+00,0.000000e+00,0.000000e+00,0.000000e+00,0.000000e+00,0.000000e+00,0.000000e+00,0.000000e+00,0.000000e+00,0.000000e+00,0.000000e+00
1.000000e+00,0.000000e+00,0.000000e+00,0.000000e+00,0.000000e+00,0.000000e+00,0.000000e+00,0.000000e+00,0.000000e+00,0.000000e+00,0.000000e+00,0.000000e+00,0.000000e+00,0.000000e+00,0.000000e+00
1.000000e+00,0.000000e+00,0.000000e+00,0.000000e+00,0.000000e+00,0.000000e+00,0.000000e+00,0.000000e+00,0.000000e+00,0.000000e+00,0.000000e+00,0.000000e+00,0.000000e+00,0.000000e+00,0.000000e+00
1.000000e+00,0.000000e+00,0.000000e+00,0.000000e+00,0.000000e+00,0.000000e+00,0.000000e+00,0.000000e+00,0.000000e+00,0.000000e+00,0.000000e+00,0.000000e+00,0.000000e+00,0.000000e+00,0.000000e+00
1.000000e+00,0.000000e+00,0.000000e+00,0.000000e+00,0.000000e+00,0.000000e+00,0.000000e+00,0.000000e+00,0.000000e+00,0.000000e+00,0.000000e+00,0.000000e+00,0.000000e+00,0.000000e+00,0.000000e+00
1.000000e+00,0.000000e+00,0.000000e+00,0.000000e+00,0.000000e+00,0.000000e+00,0.000000e+00,0.000000e+00,0.000000e+00,0.000000e+00,0.000000e+00,0.000000e+00,0.000000e+00,0.000000e+00,0.000000e+00
1.000000e+00,0.000000e+00,0.000000e+00,0.000000e+00,0.000000e+00,0.000000e+00,0.000000e+00,0.000000e+00,0.000000e+00,0.000000e+00,0.000000e+00,0.000000e+00,0.000000e+00,0.000000e+00,0.000000e+00
1.000000e+00,0.000000e+00,0.000000e+00,0.000000e+00,0.000000e+00,0.000000e+00,0.000000e+00,0.000000e+00,0.000000e+00,0.000000e+00,0.000000e+00,0.000000e+00,0.000000e+00,0.000000e+00,0.000000e+00
1.000000e+00,0.000000e+00,0.000000e+00,0.000000e+00,0.000000e+00,0.000000e+00,0.000000e+00,0.000000e+00,0.000000e+00,0.000000e+00,0.000000e+00,0.000000e+00,0.000000e+00,0.000000e+00,0.000000e+00
4.851207e-01,7.727331e-02,2.953861e-02,1.200105e-01,3.458887e-02,3.650311e-02,2.147301e-02,3.276139e-02,2.784143e-02,6.943000e-03,1.123697e-02,5.106071e-02,2.436222e-02,3.281254e-03,3.800483e-02
4.563049e-01,8.969735e-02,2.672728e-02,1.307488e-01,3.677835e-02,3.421819e-02,1.940250e-02,2.893068e-02,2.942630e-02,7.364271e-03,1.192229e-02,5.291310e-02,2.710730e-02,3.806853e-03,4.465187e-02
4.522846e-01,9.264141e-02,2.448241e-02,1.338482e-01,3.746871e-02,3.195696e-02,1.691531e-02,2.497613e-02,3.034386e-02,8.117035e-03,1.144823e-02,5.198804e-02,3.051536e-02,3.938393e-03,4.907535e-02
4.785188e-01,8.205748e-02,2.376760e-02,1.189607e-01,3.486985e-02,3.147042e-02,1.448947e-02,2.211232e-02,2.775890e-02,7.114951e-03,1.135069e-02,6.186499e-02,3.637464e-02,3.753366e-03,4.553579e-02
4.102660e-01,7.323030e-02,2.962834e-02,1.037664e-01,3.386691e-02,6.001372e-02,1.374455e-02,2.026001e-02,2.486749e-02,6.126720e-03,1.927335e-02,1.194198e-01,4.468346e-02,4.014133e-03,3.683885e-02
4.292717e-01,5.954462e-02,3.739598e-02,8.366257e-02,2.810131e-02,6.478173e-02,3.335447e-02,2.298969e-02,1.926554e-02,5.126640e-03,1.797089e-02,1.149879e-01,5.123784e-02,3.540507e-03,2.876864e-02
4.183266e-01,4.866207e-02,7.224211e-02,6.837770e-02,2.327516e-02,7.767655e-02,5.464034e-02,2.644259e-02,1.498141e-02,4.296449e-03,1.535271e-02,1.015930e-01,4.836415e-02,3.091364e-03,2.267779e-02
3.635993e-01,3.851175e-02,1.701027e-01,5.787279e-02,1.938880e-02,6.286101e-02,8.494535e-02,3.932427e-02,1.095891e-02,3.532777e-03,1.269965e-02,7.848980e-02,3.747460e-02,2.650733e-03,1.758760e-02
4.716927e-01,2.833688e-02,1.421716e-01,4.341185e-02,1.430823e-02,6.175213e-02,8.187690e-02,2.984195e-02,8.236374e-03,2.851820e-03,9.783944e-03,6.008150e-02,2.907229e-02,2.237433e-03,1.434441e-02
1.000000e+00,0.000000e+00,0.000000e+00,0.000000e+00,0.000000e+00,0.000000e+00,0.000000e+00,0.000000e+00,0.000000e+00,0.000000e+00,0.000000e+00,0.000000e+00,0.000000e+00,0.000000e+00,0.000000e+00
4.992809e-01,1.477166e-02,8.595722e-02,2.320816e-02,7.728483e-03,5.669760e-02,2.191898e-01,1.905129e-02,4.565695e-03,1.658408e-03,5.241166e-03,3.364054e-02,1.842520e-02,1.380080e-03,9.203737e-03
4.805843e-01,1.077792e-02,6.336243e-02,1.704086e-02,5.832796e-03,5.505671e-02,2.922027e-01,1.655746e-02,3.537941e-03,1.262589e-03,3.826667e-03,2.535750e-02,1.557053e-02,1.094902e-03,7.934757e-03
4.632039e-01,9.007610e-03,4.638354e-02,1.343430e-02,4.774211e-03,5.178759e-02,3.392273e-01,1.631861e-02,3.058329e-03,1.084229e-03,3.344129e-03,2.325494e-02,1.326024e-02,1.053150e-03,1.080792e-02
3.792311e-01,6.719310e-03,3.380354e-02,1.008355e-02,3.773699e-03,4.117844e-02,4.638148e-01,1.432232e-02,2.414337e-03,8.506356e-04,2.585337e-03,1.961887e-02,1.103223e-02,8.460161e-04,9.725860e-03
3.283643e-01,5.403657e-03,2.533333e-02,7.922057e-03,3.079997e-03,3.643763e-02,5.358125e-01,1.423734e-02,2.109242e-03,7.053616e-04,2.164062e-03,1.708416e-02,1.084889e-02,7.577584e-04,9.739796e-03
3.546253e-01,6.229162e-03,1.955960e-02,8.129913e-03,2.858603e-03,4.077698e-02,4.990014e-01,1.471072e-02,2.870937e-03,7.217245e-04,2.696509e-03,2.092149e-02,1.221153e-02,8.487969e-04,1.383745e-02
4.328495e-01,8.420669e-03,1.610745e-02,9.490125e-03,2.781367e-03,4.248877e-02,4.075364e-01,1.531462e-02,3.330468e-03,8.631900e-04,3.685960e-03,2.236150e-02,1.254177e-02,1.207671e-03,2.102055e-02
1.000000e+00,0.000000e+00,0.000000e+00,0.000000e+00,0.000000e+00,0.000000e+00,0.000000e+00,0.000000e+00,0.000000e+00,0.000000e+00,0.000000e+00,0.000000e+00,0.000000e+00,0.000000e+00,0.000000e+00
1.000000e+00,0.000000e+00,0.000000e+00,0.000000e+00,0.000000e+00,0.000000e+00,0.000000e+00,0.000000e+00,0.000000e+00,0.000000e+00,0.000000e+00,0.000000e+00,0.000000e+00,0.000000e+00,0.000000e+00
1.000000e+00,0.000000e+00,0.000000e+00,0.000000e+00,0.000000e+00,0.000000e+00,0.000000e+00,0.000000e+00,0.000000e+00,0.000000e+00,0.000000e+00,0.000000e+00,0.000000e+00,0.000000e+00,0.000000e+00
1.000000e+00,0.000000e+00,0.000000e+00,0.000000e+00,0.000000e+00,0.000000e+00,0.000000e+00,0.000000e+00,0.000000e+00,0.000000e+00,0.000000e+00,0.000000e+00,0.000000e+00,0.000000e+00,0.000000e+00
1.000000e+00,0.000000e+00,0.000000e+00,0.000000e+00,0.000000e+00,0.000000e+00,0.000000e+00,0.000000e+00,0.000000e+00,0.000000e+00,0.000000e+00,0.000000e+00,0.000000e+00,0.000000e+00,0.000000e+00
4.167332e-01,2.129441e-02,1.469414e-02,1.860454e-02,1.037157e-02,5.075123e-02,1.805313e-01,1.539366e-02,7.777426e-03,2.968409e-02,2.962736e-02,1.216078e-01,1.757025e-02,4.824031e-03,6.053502e-02
3.007592e-01,2.091263e-02,1.157977e-02,2.105173e-02,1.141925e-02,6.215233e-02,1.520494e-01,1.324930e-02,1.439287e-02,3.801600e-02,7.842497e-02,1.763310e-01,4.485998e-02,3.976839e-03,5.082471e-02
2.118928e-01,1.902014e-02,9.613918e-03,2.768067e-02,9.550130e-03,6.313388e-02,1.347845e-01,1.042499e-02,1.244961e-02,9.300465e-02,8.903107e-02,1.521822e-01,1.075722e-01,3.542614e-03,5.611659e-02
1.483979e-01,1.386652e-02,7.269199e-03,2.462122e-02,8.139118e-03,4.630545e-02,9.497534e-02,7.349422e-03,1.544931e-02,1.355158e-01,8.950429e-02,1.499631e-01,1.687894e-01,4.116715e-03,8.573708e-02
1.039114e-01,1.007422e-02,5.292638e-03,1.972272e-02,6.411409e-03,3.447934e-02,6.701695e-02,5.182056e-03,2.006724e-02,1.813033e-01,8.432651e-02,1.520422e-01,2.043113e-01,3.799665e-03,1.020591e-01
7.310233e-02,7.661763e-03,4.189345e-03,1.584909e-02,5.422610e-03,9.329520e-02,5.262753e-02,4.008691e-03,2.949791e-02,2.394139e-01,7.004809e-02,1.426580e-01,1.761703e-01,3.740028e-03,8.231527e-02
5.166802e-02,5.575502e-03,3.145251e-03,1.277456e-02,4.160417e-03,9.889092e-02,3.808535e-02,3.194333e-03,2.919495e-02,3.267429e-01,6.978540e-02,1.406812e-01,1.442631e-01,3.333409e-03,6.850468e-02
3.715715e-02,4.295501e-03,2.431273e-03,1.180878e-02,6.988731e-03,7.666617e-02,2.777530e-02,3.666556e-03,8.343804e-02,3.063490e-01,8.717880e-02,1.582825e-01,1.242167e-01,3.422207e-03,6.632330e-02
2.859616e-02,4.843911e-03,2.646823e-03,1.310599e-02,9.481582e-03,6.236108e-02,2.049424e-02,5.868979e-03,2.200088e-01,2.329514e-01,7.141899e-02,1.701938e-01,1.015232e-01,2.667411e-03,5.383760e-02
2.259817e-02,6.208272e-03,3.704404e-03,6.550509e-02,8.584744e-03,5.224319e-02,1.497793e-02,8.249667e-03,3.334311e-01,1.761401e-01,5.356768e-02,1.392188e-01,7.393153e-02,2.064796e-03,3.957458e-02
1.744110e-02,9.296691e-03,9.704538e-03,1.296338e-01,7.190848e-03,4.154709e-02,1.061953e-02,6.490378e-03,4.058733e-01,1.275385e-01,4.453218e-02,1.017950e-01,5.382942e-02,2.295558e-03,3.221204e-02
1.446472e-02,1.595088e-02,9.916319e-03,1.200208e-01,9.578282e-03,3.022647e-02,7.548782e-03,6.289881e-03,5.103816e-01,9.284596e-02,3.691227e-02,7.422618e-02,4.289839e-02,2.215532e-03,2.652391e-02
1.130356e-02,4.585814e-02,1.346760e-02,1.518208e-01,9.379228e-03,2.254528e-02,5.336009e-03,4.821238e-03,5.032942e-01,8.103233e-02,3.388818e-02,5.411329e-02,3.642958e-02,2.031314e-03,2.467926e-02
1.250075e-02,4.404912e-02,1.382397e-02,1.176146e-01,1.951092e-02,1.798896e-02,4.112436e-03,7.236256e-03,5.382333e-01,6.830627e-02,4.688176e-02,3.989750e-02,3.479860e-02,3.197537e-03,3.184805e-02
1.115194e-02,5.103670e-02,1.019011e-02,8.372173e-02,2.866016e-02,1.346998e-02,3.300170e-03,5.321985e-03,6.160849e-01,5.116334e-02,4.159269e-02,2.859333e-02,2.603169e-02,2.433348e-03,2.724801e-02
1.286503e-02,4.300657e-02,7.803139e-03,6.193189e-02,1.014465e-01,1.222667e-02,4.464700e-03,3.911885e-03,6.188923e-01,3.676989e-02,3.077415e-02,2.024837e-02,1.863826e-02,1.966348e-03,2.505443e-02
1.258153e-02,5.758408e-02,9.248085e-03,1.854838e-01,7.673001e-02,1.248203e-02,3.214023e-03,3.162971e-03,5.218316e-01,2.806770e-02,2.314480e-02,1.529066e-02,1.513919e-02,1.484778e-03,3.455478e-02
2.844665e-02,5.762257e-02,9.151086e-03,2.169886e-01,6.297243e-02,1.107668e-02,2.454549e-03,3.095645e-03,4.729690e-01,2.676307e-02,2.187459e-02,1.345138e-02,1.506617e-02,1.552042e-03,5.651554e-02
2.465489e-02,5.921929e-02,7.598302e-03,2.734226e-01,4.714195e-02,8.876326e-03,1.788195e-03,2.836268e-03,4.537873e-01,2.104137e-02,2.300061e-02,1.154878e-02,1.311409e-02,1.815883e-03,5.015409e-02
2.954235e-02,6.085321e-02,1.142040e-02,2.198652e-01,3.843351e-02,7.549251e-03,1.624095e-03,3.275801e-03,4.160596e-01,3.114883e-02,3.429421e-02,1.155059e-02,1.580974e-02,7.872686e-03,1.107006e-01
6.194804e-02,6.477237e-02,2.244634e-02,1.648270e-01,2.911419e-02,7.509802e-03,1.455340e-03,3.345109e-03,3.569572e-01,3.999682e-02,3.857386e-02,1.199051e-02,1.566649e-02,3.744310e-02,1.439538e-01
8.983006e-02,6.480987e-02,4.125891e-02,1.440346e-01,2.645338e-02,6.995007e-03,1.373343e-03,5.836297e-03,3.352634e-01,4.945619e-02,3.449223e-02,1.226617e-02,1.658252e-02,3.465553e-02,1.366925e-01
1.161891e-01,5.334655e-02,5.886108e-02,1.073461e-01,2.974490e-02,7.073813e-03,1.544852e-03,1.248796e-02,2.870077e-01,5.210332e-02,3.621292e-02,1.133782e-02,1.655830e-02,7.205172e-02,1.381338e-01
1.873768e-01,5.053708e-02,6.585440e-02,8.510756e-02,3.873294e-02,9.994737e-03,1.956506e-03,2.843545e-02,2.429950e-01,4.974769e-02,3.110836e-02,1.035739e-02,1.450673e-02,6.123089e-02,1.220585e-01
2.172924e-01,5.798251e-02,7.069399e-02,6.654368e-02,5.830529e-02,1.784742e-02,4.167345e-03,5.410419e-02,2.069467e-01,4.208802e-02,2.789068e-02,1.067002e-02,1.768979e-02,5.238089e-02,9.539701e-02
2.425873e-01,6.059565e-02,6.054734e-02,5.707438e-02,5.545736e-02,2.019325e-02,5.476368e-03,5.422021e-02,1.982666e-01,4.066246e-02,2.462175e-02,1.444368e-02,2.840764e-02,4.890376e-02,8.854228e-02
2.902522e-01,5.740932e-02,4.804808e-02,4.342294e-02,4.744516e-02,2.322386e-02,5.285881e-03,4.479430e-02,2.004273e-01,4.111151e-02,2.411291e-02,1.832027e-02,3.078531e-02,4.350454e-02,8.185634e-02
2.945751e-01,5.997747e-02,5.169966e-02,3.801877e-02,4.626536e-02,2.422933e-02,6.545517e-03,3.305439e-02,1.522740e-01,4.964593e-02,2.760060e-02,1.686536e-02,3.748620e-02,3.836351e-02,1.233989e-01
2.538115e-01,5.699974e-02,4.632180e-02,4.348781e-02,3.693932e-02,2.116409e-02,5.621979e-03,2.382513e-02,1.204734e-01,7.256529e-02,2.779682e-02,1.830083e-02,4.661921e-02,4.247494e-02,1.835982e-01
1.897587e-01,4.797606e-02,3.839885e-02,4.769083e-02,2.995405e-02,2.118490e-02,5.701792e-03,1.714843e-02,9.282354e-02,1.182805e-01,4.536267e-02,2.199152e-02,1.277846e-01,3.717779e-02,1.587657e-01
1.341883e-01,3.399922e-02,2.805374e-02,3.869626e-02,2.206619e-02,1.567664e-02,4.135564e-03,1.229369e-02,6.769813e-02,1.870913e-01,4.239814e-02,2.018669e-02,2.330922e-01,2.699390e-02,1.334301e-01
1.031137e-01,2.468995e-02,2.322398e-02,3.444766e-02,1.752579e-02,1.887477e-02,3.498565e-03,8.852763e-03,5.565958e-02,3.207041e-01,3.506964e-02,1.820718e-02,2.104038e-01,1.966246e-02,1.060661e-01
7.370283e-02,1.769082e-02,1.806500e-02,2.881458e-02,1.402779e-02,1.581956e-02,3.487963e-03,6.565040e-03,4.235109e-02,4.551815e-01,3.088601e-02,1.761933e-02,1.768018e-01,1.428380e-02,8.470294e-02
5.343700e-02,1.444739e-02,1.478651e-02,2.638236e-02,1.091694e-02,1.807442e-02,2.931698e-03,4.746643e-03,3.277768e-02,5.098520e-01,3.786477e-02,3.362229e-02,1.510758e-01,1.042653e-02,7.865807e-02
3.773946e-02,1.035289e-02,1.068752e-02,2.032243e-02,8.470068e-03,1.579194e-02,2.283433e-03,3.629993e-03,2.747730e-02,5.629903e-01,4.392970e-02,3.746903e-02,1.343658e-01,7.651026e-03,7.683921e-02
2.699103e-02,7.286161e-03,8.218506e-03,1.475482e-02,7.439927e-03,1.300301e-02,1.942811e-03,4.684454e-02,2.136238e-02,6.047443e-01,3.885666e-02,2.686055e-02,1.125558e-01,5.641572e-03,6.349794e-02
2.190607e-02,5.408075e-03,8.876162e-03,1.277851e-02,1.525204e-02,1.280496e-02,1.637763e-03,8.055955e-02,2.200213e-02,6.298794e-01,3.186447e-02,2.015196e-02,8.589330e-02,4.380730e-03,4.660495e-02
1.947729e-02,4.636501e-03,1.234002e-02,1.727049e-02,2.587580e-02,1.555258e-02,1.597109e-03,1.090364e-01,2.813668e-02,6.124005e-01,2.798848e-02,1.746927e-02,7.120977e-02,3.319550e-03,3.368963e-02
1.757919e-02,6.281070e-03,1.402022e-02,3.728837e-02,2.918999e-02,1.219465e-02,1.581150e-03,1.122983e-01,3.670709e-02,5.472303e-01,3.906764e-02,1.826005e-02,8.533983e-02,2.725904e-03,4.023631e-02
1.924724e-02,6.006462e-03,1.078300e-02,3.893734e-02,3.343856e-02,9.501605e-03,1.478862e-03,9.107002e-02,5.188705e-02,4.969265e-01,6.793958e-02,2.179835e-02,1.091719e-01,2.188000e-03,3.962557e-02
3.002951e-02,6.589273e-03,1.092299e-02,5.386344e-02,4.824239e-02,7.848252e-03,1.907530e-03,9.077299e-02,5.900333e-02,4.289305e-01,6.881358e-02,5.723532e-02,9.979869e-02,1.963753e-03,3.407852e-02
4.444536e-02,1.982212e-02,1.458137e-02,7.093208e-02,5.251590e-02,6.600644e-03,1.625884e-03,1.037112e-01,9.060192e-02,3.602249e-01,6.251319e-02,6.232765e-02,7.962092e-02,2.537452e-03,2.793945e-02
4.370152e-02,2.782236e-02,1.372325e-02,6.354065e-02,4.943942e-02,5.158609e-03,1.334310e-03,9.072469e-02,1.793185e-01,3.130507e-01,5.353695e-02,6.171259e-02,6.576671e-02,5.776514e-03,2.539323e-02
4.329845e-02,3.807686e-02,1.129132e-02,5.040215e-02,4.839017e-02,4.874917e-03,1.056615e-03,6.847133e-02,2.517637e-01,2.654828e-01,5.669622e-02,5.218707e-02,5.369700e-02,9.815242e-03,4.449610e-02
4.139781e-02,4.723807e-02,1.184206e-02,4.653059e-02,4.312227e-02,5.488486e-03,8.165631e-04,5.348635e-02,3.343686e-01,2.092707e-01,5.826277e-02,4.594288e-02,4.857279e-02,1.147348e-02,4.218658e-02
3.764458e-02,4.071736e-02,1.397184e-02,3.560251e-02,3.692351e-02,4.677553e-03,6.122945e-04,4.194357e-02,4.006334e-01,1.691432e-01,7.476214e-02,3.779220e-02,4.689687e-02,2.251693e-02,3.616204e-02
3.701530e-02,3.751305e-02,2.662046e-02,4.977914e-02,4.280550e-02,4.327783e-03,5.707110e-04,7.157166e-02,4.236970e-01,1.335272e-01,6.056358e-02,2.717874e-02,3.687038e-02,1.870240e-02,2.925704e-02
4.748110e-02,5.060572e-02,2.673947e-02,4.738140e-02,4.817946e-02,5.138968e-03,6.830738e-04,5.975086e-02,4.437507e-01,1.122897e-01,4.861609e-02,2.000409e-02,2.862219e-02,1.739004e-02,4.336705e-02
4.828664e-02,9.007066e-02,2.125075e-02,3.528526e-02,5.490348e-02,7.332192e-03,8.377066e-04,5.873649e-02,4.572127e-01,8.298960e-02,4.020360e-02,1.480629e-02,2.119076e-02,2.115332e-02,4.574055e-02
4.573913e-02,1.457973e-01,1.920438e-02,2.691009e-02,6.411146e-02,1.054421e-02,1.032654e-03,5.121571e-02,4.338269e-01,6.056642e-02,3.196940e-02,1.065867e-02,1.598281e-02,2.639804e-02,5.604282e-02
5.083808e-02,1.454186e-01,1.978252e-02,4.411881e-02,1.260502e-01,8.247565e-03,1.222062e-03,7.978874e-02,3.688829e-01,4.307026e-02,2.355230e-02,7.916650e-03,1.147783e-02,2.531243e-02,4.432111e-02
5.490379e-02,1.151249e-01,1.851719e-02,4.509017e-02,1.932704e-01,7.135557e-03,1.003216e-03,6.341876e-02,3.702359e-01,3.257528e-02,1.910150e-02,6.453575e-03,8.477747e-03,2.501972e-02,3.967234e-02
7.114961e-02,9.818014e-02,1.669513e-02,3.408025e-02,2.470174e-01,6.730241e-03,8.239463e-04,5.220527e-02,3.607959e-01,2.570273e-02,1.577418e-02,5.432766e-03,6.456423e-03,2.382561e-02,3.513049e-02
7.799096e-02,8.093806e-02,1.834823e-02,4.237675e-02,2.815613e-01,6.131737e-03,1.164652e-03,4.282030e-02,3.331671e-01,1.996352e-02,1.460024e-02,5.317461e-03,5.260201e-03,2.835792e-02,4.200166e-02
9.369224e-02,6.538403e-02,2.415720e-02,6.179297e-02,2.562291e-01,7.561217e-03,1.349958e-03,5.549131e-02,3.224639e-01,2.132356e-02,1.823566e-02,5.273425e-03,4.516374e-03,2.590331e-02,3.662583e-02
1.616731e-01,6.302784e-02,2.855384e-02,5.925501e-02,2.289916e-01,7.353722e-03,1.412647e-03,5.391442e-02,2.781082e-01,2.528090e-02,1.963093e-02,7.447726e-03,4.213331e-03,2.420136e-02,3.693541e-02
2.097574e-01,1.065690e-01,2.521691e-02,4.320565e-02,2.086226e-01,7.118519e-03,1.494622e-03,4.442425e-02,2.423640e-01,1.991636e-02,1.590429e-02,6.369320e-03,3.463387e-03,3.194479e-02,3.362901e-02
2.672831e-01,1.440701e-01,1.970823e-02,3.424845e-02,1.715955e-01,7.427348e-03,2.176161e-03,3.487406e-02,2.221634e-01,1.478183e-02,1.411791e-02,7.150955e-03,3.423711e-03,2.813309e-02,2.884620e-02
3.519810e-01,1.198777e-01,1.713988e-02,2.907993e-02,1.490304e-01,8.029677e-03,1.942007e-03,2.547307e-02,1.769397e-01,1.220484e-02,1.150692e-02,8.831106e-03,4.362349e-03,2.354549e-02,6.005601e-02
2.840620e-01,9.110389e-02,1.422106e-02,2.341071e-02,1.055088e-01,9.211162e-03,1.488960e-03,1.810756e-02,1.542695e-01,1.518233e-02,9.645325e-03,7.400570e-03,6.187515e-03,2.096819e-02,2.392325e-01
2.395644e-01,7.606971e-02,1.329059e-02,1.714117e-02,7.515626e-02,9.368553e-03,1.158071e-03,1.315522e-02,1.746361e-01,1.703095e-02,1.826213e-02,5.568187e-03,8.666156e-03,1.020653e-01,2.288672e-01
2.478828e-01,5.546689e-02,1.141897e-02,1.311027e-02,5.306432e-02,1.144678e-02,1.385940e-03,9.593660e-03,1.320458e-01,1.338863e-02,1.807354e-02,7.389357e-03,7.296653e-03,1.836834e-01,2.347530e-01
2.220351e-01,4.006347e-02,8.621026e-03,9.503616e-03,3.735891e-02,9.525364e-03,1.166877e-03,6.818851e-03,1.005438e-01,1.617158e-02,2.476555e-02,7.547133e-03,5.828470e-03,2.690813e-01,2.409688e-01
1.714291e-01,2.852440e-02,6.472155e-03,6.971231e-03,2.643638e-02,7.745722e-03,9.864862e-04,4.929997e-03,7.847195e-02,1.723426e-02,4.511209e-02,6.933592e-03,4.687924e-03,3.711349e-01,2.229298e-01
1.325360e-01,2.040925e-02,5.042117e-03,5.307402e-03,1.894730e-02,7.589100e-03,8.971920e-04,3.927049e-03,7.197142e-02,3.398933e-02,7.469282e-02,7.710585e-03,5.074399e-03,4.047132e-01,2.071929e-01
1.022999e-01,1.437467e-02,3.576235e-03,3.804988e-03,1.370615e-02,6.042103e-03,7.958068e-04,2.825306e-03,5.323895e-02,3.677316e-02,1.491879e-01,7.655312e-03,4.604579e-03,4.454058e-01,1.557091e-01
7.330134e-02,1.009580e-02,2.507351e-03,2.719710e-03,9.770487e-03,4.359639e-03,7.445430e-04,2.021796e-03,3.887657e-02,2.898400e-02,2.985268e-01,8.411262e-03,4.178762e-03,3.985351e-01,1.169668e-01
5.158852e-02,7.104404e-03,1.757078e-03,1.934172e-03,7.022929e-03,3.094537e-03,6.306180e-04,1.436626e-03,3.105713e-02,2.459818e-02,4.266859e-01,6.726753e-03,3.645761e-03,3.480781e-01,8.463927e-02
3.664690e-02,1.000583e-02,1.310636e-03,1.495678e-03,7.556356e-03,2.848390e-03,5.971118e-04,1.034262e-03,4.955842e-02,8.234985e-02,4.029662e-01,5.109854e-03,3.896194e-03,3.075977e-01,8.702654e-02
2.630500e-02,9.038964e-03,1.009952e-03,1.207168e-03,1.264683e-02,2.584655e-03,5.403869e-04,8.288042e-04,7.740146e-02,9.964939e-02,4.011233e-01,4.262986e-03,3.420034e-03,2.829134e-01,7.706759e-02
1.893970e-02,8.076483e-03,9.024714e-04,1.147143e-03,1.005360e-02,4.235746e-03,1.444537e-03,8.607854e-04,7.789211e-02,2.177478e-01,3.340456e-01,3.479600e-03,3.404484e-03,2.618359e-01,5.593405e-02
1.438179e-02,5.840831e-03,9.575142e-04,1.075128e-03,7.922499e-03,9.526948e-02,5.997083e-03,1.198898e-03,6.079341e-02,2.010881e-01,3.398269e-01,2.820063e-03,4.444260e-03,2.161777e-01,4.220635e-02
1.283082e-02,6.358827e-03,1.762099e-03,1.135897e-03,6.661795e-03,1.430858e-01,6.460611e-03,1.529212e-03,7.448973e-02,1.613708e-01,3.707740e-01,2.856860e-03,5.647417e-03,1.710827e-01,3.395339e-02
1.427076e-02,2.685704e-02,3.366932e-03,1.264654e-03,6.416943e-03,1.019078e-01,5.123447e-03,1.832790e-03,2.594368e-01,1.220170e-01,2.987458e-01,5.858473e-03,5.569700e-03,1.225220e-01,2.480968e-02
1.687371e-02,4.589289e-02,7.157545e-03,1.785118e-03,1.118886e-02,7.374461e-02,3.915303e-03,1.488248e-03,3.935407e-01,9.926324e-02,2.273331e-01,5.765652e-03,5.266964e-03,8.823582e-02,1.854823e-02
1.676220e-02,4.086360e-02,4.517768e-02,1.517443e-02,7.595372e-02,5.413934e-02,3.856270e-03,3.409564e-03,4.278673e-01,7.184216e-02,1.608587e-01,4.140020e-03,4.021263e-03,6.192311e-02,1.401065e-02
2.279671e-02,4.151854e-02,1.639835e-01,2.514238e-02,6.512826e-02,4.224211e-02,3.123971e-03,4.577052e-03,3.758578e-01,5.985840e-02,1.146983e-01,3.195232e-03,3.580160e-03,4.415572e-02,3.014184e-02
2.837984e-02,4.992425e-02,2.356012e-01,4.997671e-02,5.355956e-02,3.112315e-02,2.528059e-03,4.709394e-03,3.379359e-01,5.214375e-02,8.307011e-02,2.895989e-03,3.496719e-03,3.149953e-02,3.315582e-02
7.461619e-02,6.471188e-02,2.032358e-01,4.840431e-02,4.263386e-02,2.834428e-02,2.038314e-03,4.432325e-03,3.041320e-01,6.399757e-02,7.575282e-02,3.462217e-03,3.239041e-03,2.639979e-02,5.459965e-02
8.597825e-02,7.790218e-02,2.213679e-01,7.843395e-02,3.405523e-02,2.172961e-02,1.803372e-03,5.785837e-03,2.692474e-01,6.016665e-02,5.665459e-02,3.308332e-03,2.809266e-03,2.037573e-02,6.038172e-02
9.169747e-02,8.426033e-02,3.199853e-01,7.580291e-02,3.278949e-02,1.699536e-02,1.662840e-03,9.408606e-03,2.123540e-01,4.455017e-02,4.246417e-02,2.906412e-03,2.395727e-03,1.567105e-02,4.705621e-02
8.807422e-02,7.890622e-02,3.920147e-01,9.448801e-02,3.612096e-02,1.366965e-02,1.645829e-03,9.992815e-03,1.622326e-01,3.668205e-02,3.088695e-02,2.657335e-03,2.059403e-03,1.187412e-02,3.869507e-02
1.114329e-01,8.667675e-02,3.927514e-01,7.916864e-02,4.397408e-02,1.280919e-02,1.816541e-03,1.376209e-02,1.396250e-01,4.536120e-02,2.306680e-02,2.744014e-03,2.012522e-03,1.260331e-02,3.219554e-02
1.312032e-01,8.188058e-02,4.116911e-01,7.546707e-02,4.977229e-02,1.521395e-02,1.574169e-03,1.259196e-02,1.154100e-01,4.406419e-02,1.707780e-02,2.762459e-03,2.045675e-03,9.472095e-03,2.977350e-02
1.162332e-01,7.968569e-02,3.262014e-01,2.139869e-01,4.485165e-02,1.314160e-02,1.594511e-03,1.368309e-02,9.017902e-02,3.504414e-02,1.375706e-02,4.199652e-03,2.281333e-03,6.866131e-03,3.829461e-02
1.598303e-01,7.412039e-02,2.758493e-01,2.130454e-01,5.023299e-02,2.376830e-02,2.094272e-03,1.741307e-02,7.946161e-02,3.146292e-02,1.175921e-02,4.842271e-03,2.422387e-03,5.148577e-03,4.854894e-02
1.372910e-01,6.684450e-02,2.504893e-01,3.076648e-01,4.753270e-02,2.264111e-02,2.489013e-03,1.745758e-02,6.151648e-02,2.523066e-02,9.141418e-03,4.989287e-03,2.099261e-03,3.780584e-03,4.083231e-02
1.971458e-01,6.601148e-02,2.144630e-01,2.681322e-01,6.290771e-02,2.940074e-02,5.208251e-03,1.707323e-02,5.605633e-02,2.066045e-02,8.494244e-03,7.382222e-03,3.108809e-03,3.378331e-03,4.057715e-02
2.011845e-01,5.475306e-02,1.540428e-01,2.343169e-01,4.717120e-02,3.069791e-02,4.418301e-03,1.288137e-02,4.969840e-02,1.659256e-02,1.014649e-02,3.354052e-02,8.243345e-02,3.545158e-03,6.457742e-02
1.932565e-01,5.018199e-02,1.138712e-01,2.064070e-01,3.690226e-02,2.760332e-02,4.074090e-03,1.083035e-02,4.510790e-02,1.498747e-02,1.185730e-02,2.791605e-02,1.992995e-01,3.171180e-03,5.453388e-02
1.809194e-01,4.008615e-02,8.137182e-02,1.660196e-01,3.103955e-02,2.243047e-02,3.189337e-03,8.350773e-03,5.005410e-02,1.213228e-02,1.070809e-02,2.257597e-02,3.237978e-01,2.449731e-03,4.487503e-02
1.783731e-01,2.974115e-02,5.728145e-02,1.202307e-01,2.275833e-02,1.829078e-02,2.324407e-03,6.132974e-03,3.893096e-02,8.862420e-03,7.932110e-03,1.747199e-02,4.573153e-01,1.799719e-03,3.255476e-02
1.745500e-01,2.139018e-02,4.069978e-02,8.495377e-02,1.719148e-02,1.852274e-02,3.439737e-03,6.560155e-03,2.950555e-02,6.333166e-03,6.444940e-03,1.372097e-02,5.516580e-01,1.365804e-03,2.366374e-02
1.958008e-01,1.687485e-02,2.969743e-02,6.047853e-02,1.548730e-02,1.637534e-02,3.212289e-03,7.168354e-03,2.435222e-02,4.590413e-03,5.124199e-03,1.064043e-02,5.897989e-01,2.618263e-03,1.778063e-02
2.397934e-01,2.190156e-02,2.164175e-02,4.320636e-02,1.451147e-02,1.751412e-02,3.288513e-03,6.849225e-03,3.736874e-02,3.471817e-03,4.307587e-03,8.639836e-03,5.611654e-01,2.239052e-03,1.410119e-02
2.496746e-01,2.229184e-02,1.587269e-02,3.125906e-02,1.689109e-02,1.975594e-02,3.743929e-03,7.388508e-03,4.811084e-02,2.633245e-03,3.636333e-03,7.213399e-03,5.581173e-01,1.811643e-03,1.159968e-02
2.034076e-01,3.281202e-02,1.160353e-02,2.317450e-02,1.384241e-02,2.166680e-02,3.095096e-03,7.398075e-03,6.392228e-02,2.153937e-03,3.476443e-03,6.752349e-03,5.957033e-01,1.441027e-03,9.550679e-03
1.629289e-01,3.419102e-02,8.542507e-03,1.728379e-02,1.406616e-02,3.122364e-02,2.606364e-03,1.002276e-02,6.940734e-02,1.727957e-03,2.738996e-03,5.524109e-03,6.313007e-01,1.082158e-03,7.353546e-03
1.286761e-01,5.772656e-02,6.274075e-03,1.295379e-02,1.257416e-02,4.824277e-02,2.117670e-03,9.820235e-03,9.089782e-02,1.429174e-03,2.245799e-03,5.236146e-03,6.147900e-01,8.138123e-04,6.201980e-03
1.036587e-01,7.318170e-02,5.003161e-03,1.177056e-02,1.334436e-02,9.667717e-02,1.785081e-03,1.209498e-02,1.062454e-01,1.383443e-03,1.847105e-03,4.413561e-03,5.617644e-01,6.790950e-04,6.151373e-03
8.539457e-02,7.537149e-02,3.974436e-03,9.507563e-03,1.132696e-02,9.141715e-02,1.582262e-03,1.376498e-02,9.348547e-02,1.299307e-03,1.575633e-03,3.960980e-03,5.999275e-01,6.117931e-04,6.799851e-03
8.030978e-02,7.425719e-02,4.396108e-03,7.394696e-03,9.299761e-03,9.675666e-02,1.382999e-03,2.317942e-02,8.687530e-02,1.219877e-03,1.588878e-03,3.672648e-03,5.963028e-01,7.192829e-04,1.264455e-02
8.877420e-02,7.303696e-02,3.635436e-03,5.723422e-03,8.978881e-03,1.160607e-01,1.180324e-03,3.124990e-02,9.104044e-02,9.574261e-04,1.393648e-03,2.933933e-03,5.519692e-01,9.659793e-04,2.209950e-02
8.327903e-02,6.987296e-02,7.282092e-03,2.523112e-02,7.373957e-03,1.004632e-01,9.881753e-04,2.395624e-02,9.235275e-02,1.988751e-02,1.911958e-03,3.267217e-03,3.938164e-01,1.032931e-03,1.692845e-01
1.622432e-01,6.731214e-02,7.345670e-03,2.163225e-02,7.950482e-03,1.138350e-01,1.081400e-03,2.590032e-02,8.884165e-02,1.793106e-02,1.828719e-03,2.960306e-03,2.949545e-01,1.046085e-03,1.851372e-01
2.130856e-01,6.570740e-02,7.402531e-03,1.797581e-02,1.669143e-02,1.122802e-01,3.210409e-03,3.273802e-02,1.341136e-01,1.407951e-02,1.749736e-03,3.045378e-03,2.216463e-01,1.071651e-03,1.552025e-01
1.931516e-01,8.356994e-02,6.315549e-03,1.845647e-02,1.708775e-02,1.211264e-01,3.371032e-03,5.037929e-02,1.992138e-01,1.311075e-02,1.687862e-03,2.732124e-03,1.592761e-01,1.037040e-03,1.294841e-01
1.590904e-01,8.734528e-02,6.027811e-03,3.398153e-02,1.481375e-02,1.214259e-01,3.179917e-03,5.147485e-02,2.314679e-01,1.489160e-02,2.511688e-03,2.665020e-03,1.137632e-01,2.117243e-03,1.552439e-01
1.273477e-01,9.550571e-02,7.721167e-03,3.372769e-02,1.333565e-02,9.104329e-02,5.578992e-03,4.428446e-02,3.238438e-01,1.948926e-02,2.390586e-03,2.731622e-03,8.962198e-02,2.441587e-03,1.409364e-01
1.268127e-01,8.194371e-02,7.524299e-03,3.430512e-02,1.781853e-02,7.998730e-02,8.177856e-03,4.298634e-02,3.189505e-01,1.626465e-02,3.070591e-03,3.111832e-03,8.192515e-02,2.680613e-03,1.744407e-01
1.223258e-01,6.359310e-02,6.352738e-03,2.606907e-02,2.238383e-02,6.658850e-02,1.556302e-02,1.303842e-01,3.004505e-01,1.162253e-02,3.582440e-03,2.677564e-03,1.008715e-01,2.043718e-03,1.254915e-01
1.139336e-01,4.873241e-02,1.521326e-02,3.472614e-02,1.938077e-02,5.914059e-02,1.390347e-02,2.524441e-01,2.283179e-01,9.060416e-03,4.039627e-03,2.703357e-03,1.042608e-01,1.633058e-03,9.251046e-02
1.089304e-01,3.875382e-02,1.475665e-02,3.146350e-02,1.858935e-02,5.213836e-02,1.152899e-02,3.447782e-01,1.777573e-01,6.794215e-03,3.796063e-03,2.407257e-03,1.197185e-01,1.261815e-03,6.732565e-02
8.297854e-02,2.860445e-02,1.594598e-02,2.594753e-02,1.741830e-02,3.858253e-02,9.587343e-03,4.949432e-01,1.278363e-01,4.915186e-03,3.385365e-03,1.988397e-03,9.879901e-02,9.490144e-04,4.811882e-02
7.298019e-02,2.220851e-02,1.496647e-02,2.323475e-02,1.863512e-02,3.115303e-02,8.096395e-03,5.715234e-01,9.792798e-02,3.637449e-03,2.999664e-03,2.043437e-03,9.364604e-02,7.448169e-04,3.620278e-02
7.992940e-02,3.013449e-02,1.808160e-02,2.806791e-02,1.959646e-02,3.208787e-02,7.648333e-03,5.428070e-01,1.079689e-01,3.909673e-03,4.478627e-03,3.783739e-03,8.984448e-02,7.179441e-04,3.094352e-02
8.953622e-02,2.878430e-02,2.532771e-02,2.547640e-02,2.573910e-02,2.779884e-02,8.896537e-03,5.020125e-01,1.098579e-01,4.950657e-03,7.169189e-03,4.781365e-03,1.033522e-01,6.910446e-04,3.562599e-02
9.403013e-02,2.628263e-02,3.461688e-02,2.383138e-02,3.163279e-02,2.419983e-02,9.174582e-03,4.623945e-01,1.033021e-01,4.965298e-03,8.036315e-03,5.157456e-03,1.288499e-01,8.126189e-04,4.271365e-02
1.114580e-01,2.351724e-02,5.767597e-02,2.117852e-02,2.840937e-02,2.216372e-02,1.232289e-02,4.560649e-01,8.843100e-02,4.412228e-03,7.578130e-03,5.704897e-03,1.070979e-01,9.938701e-04,5.299138e-02
1.592384e-01,2.110647e-02,7.899636e-02,2.196654e-02,2.790591e-02,1.973607e-02,1.410369e-02,4.211881e-01,7.301843e-02,4.174839e-03,7.289086e-03,5.465923e-03,8.449478e-02,1.069510e-03,6.024592e-02
1.918554e-01,1.929277e-02,7.677040e-02,2.369503e-02,2.798956e-02,1.801029e-02,1.451083e-02,4.109763e-01,6.247718e-02,4.333888e-03,8.054083e-03,8.275207e-03,7.237281e-02,1.284606e-03,6.010168e-02
2.240623e-01,1.639853e-02,7.192296e-02,2.080782e-02,2.716041e-02,2.032491e-02,1.487517e-02,4.155005e-01,5.274992e-02,4.014098e-03,7.061149e-03,7.686669e-03,6.203758e-02,1.210659e-03,5.418734e-02
2.380973e-01,1.353600e-02,5.847730e-02,1.964519e-02,2.504004e-02,2.870853e-02,1.466933e-02,4.454132e-01,4.175671e-02,3.853101e-03,5.890975e-03,9.835108e-03,5.335556e-02,1.091283e-03,4.063035e-02
2.209946e-01,1.269633e-02,7.164620e-02,1.857400e-02,2.259263e-02,3.529593e-02,1.255237e-02,4.156813e-01,3.325699e-02,5.431995e-03,2.940224e-02,2.578001e-02,6.128588e-02,1.818952e-03,3.299055e-02
2.186825e-01,1.000387e-02,7.880291e-02,1.758485e-02,2.166163e-02,3.682698e-02,1.174943e-02,3.299411e-01,2.498730e-02,1.403959e-02,4.853510e-02,5.439575e-02,9.591742e-02,6.184396e-03,3.068724e-02
1.774838e-01,7.305481e-03,5.671640e-02,1.536261e-02,1.741990e-02,3.076342e-02,1.016528e-02,2.462736e-01,1.909542e-02,1.694142e-02,6.855926e-02,1.189024e-01,1.675873e-01,1.871912e-02,2.870458e-02
1.307773e-01,5.644735e-03,4.050624e-02,1.532282e-02,1.312412e-02,2.287381e-02,1.313697e-02,1.737118e-01,1.503373e-02,1.187702e-01,5.808572e-02,1.990754e-01,1.448133e-01,1.628145e-02,3.284238e-02
1.025287e-01,5.716706e-03,2.905170e-02,1.504426e-02,1.074353e-02,1.967957e-02,1.270570e-02,1.223709e-01,1.503623e-02,1.328463e-01,5.815537e-02,2.777497e-01,1.584040e-01,1.525743e-02,2.470996e-02
8.058294e-02,5.099121e-03,2.179615e-02,1.382478e-02,1.016320e-02,2.210899e-02,9.926364e-03,8.637749e-02,1.784761e-02,1.707970e-01,7.450759e-02,3.354011e-01,1.152850e-01,1.617737e-02,2.010522e-02
6.508739e-02,5.302844e-03,1.738641e-02,1.415656e-02,9.211243e-03,1.915483e-02,8.025117e-03,6.096716e-02,2.408003e-02,2.292513e-01,6.756753e-02,3.535635e-01,9.277694e-02,1.682033e-02,1.664887e-02
