1.000000e+00,0.000000e+00,0.000000e+00,0.000000e+00,0.000000e+00,0.000000e+00,0.000000e+00,0.000000e+00,0.000000e+00,0.000000e+00,0.000000e+00,0.000000e+00,0.000000e+00,0.000000e+00,0.000000e+00
1.000000e+00,0.000000e+00,0.000000e+00,0.000000e+00,0.000000e+00,0.000000e+00,0.000000e+00,0.000000e+00,0.000000e+00,0.000000e+00,0.000000e+00,0.000000e+00,0.000000e+00,0.000000e+00,0.000000e+00
1.000000e+00,0.000000e+00,0.000000e+00,0.000000e+00,0.000000e+00,0.000000e+00,0.000000e+00,0.000000e+00,0.000000e+00,0.000000e+00,0.000000e+00,0.000000e+00,0.000000e+00,0.000000e+00,0.000000e+00
1.000000e+00,0.000000e+00,0.000000e+00,0.000000e+00,0.000000e+00,0.000000e+00,0.000000e+00,0.000000e+00,0.000000e+00,0.000000e+00,0.000000e+00,0.000000e+00,0.000000e+00,0.000000e+00,0.000000e+00
1.000000e+00,0.000000e+00,0.000000e+00,0.000000e+00,0.000000e+00,0.000000e+00,0.000000e+00,0.000000e+00,0.000000e+00,0.000000e+00,0.000000e+00,0.000000e+00,0.000000e+00,0.000000e+00,0.000000e+00
1.000000e+00,0.000000e+00,0.000000e+00,0.000000e+00,0.000000e+00,0.000000e+00,0.000000e+00,0.000000e+00,0.000000e+00,0.000000e+00,0.000000e+00,0.000000e+00,0.000000e+00,0.000000e+00,0.000000e+00
1.000000e+00,0.000000e+00,0.000000e+00,0.000000e+00,0.000000e+00,0.000000e+00,0.000000e+00,0.000000e+00,0.000000e+00,0.000000e+00,0.000000e+00,0.000000e+00,0.000000e+00,0.000000e+00,0.000000e+00
1.000000e+00,0.000000e+00,0.000000e+00,0.000000e+00,0.000000e+00,0.000000e+00,0.000000e+00,0.000000e+00,0.000000e+00,0.000000e+00,0.000000e+00,0.000000e+00,0.000000e+00,0.000000e+00,0.000000e+00
1.000000e+00,0.000000e+00,0.000000e+00,0.000000e+00,0.000000e+00,0.000000e+00,0.000000e+00,0.000000e+00,0.000000e+00,0.000000e+00,0.000000e+00,0.000000e+00,0.000000e+00,0.000000e+00,0.000000e+00
1.000000e+00,0.000000e+00,0.000000e+00,0.000000e+00,0.000000e+00,0.000000e+00,0.000000e+00,0.000000e+00,0.000000e+00,0.000000e+00,0.000000e+00,0.000000e+00,0.000000e+00,0.000000e+00,0.000000e+00
1.000000e+00,0.000000e+00,0.000000e+00,0.000000e+00,0.000000e+00,0.000000e+00,0.000000e+00,0.000000e+00,0.000000e+00,0.000000e+00,0.000000e+00,0.000000e+00,0.000000e+00,0.000000e+00,0.000000e+00
1.000000e+00,0.000000e+00,0.000000e+00,0.000000e+00,0.000000e+00,0.000000e+00,0.000000e+00,0.000000e+00,0.000000e+00,0.000000e+00,0.000000e+00,0.000000e+00,0.000000e+00,0.000000e+00,0.000000e+00
1.000000e+00,0.000000e+00,0.000000e+00,0.000000e+00,0.000000e+00,0.000000e+00,0.000000e+00,0.000000e+00,0.000000e+00,0.000000e+00,0.000000e+00,0.000000e+00,0.000000e+00,0.000000e+00,0.000000e+00
1.000000e+00,0.000000e+00,0.000000e+00,0.000000e+00,0.000000e+00,0.000000e+00,0.000000e+00,0.000000e+00,0.000000e+00,0.000000e+00,0.000000e+00,0.000000e+00,0.000000e+00,0.000000e+00,0.000000e+00
1.000000e+00,0.000000e+00,0.000000e+00,0.000000e+00,0.000000e+00,0.000000e+00,0.000000e+00,0.000000e+00,0.000000e+00,0.000000e+00,0.000000e+00,0.000000e+00,0.000000e+00,0.000000e+00,0.000000e+00
1.000000e+00,0.000000e+00,0.000000e+00,0.000000e+00,0.000000e+00,0.000000e+00,0.000000e+00,0.000000e+00,0.000000e+00,0.000000e+00,0.000000e+00,0.000000e+00,0.000000e+00,0.000000e+00,0.000000e+00
1.000000e+00,0.000000e+00,0.000000e+00,0.000000e+00,0.000000e+00,0.000000e+00,0.000000e+00,0.000000e+00,0.000000e+00,0.000000e+00,0.000000e+00,0.000000e+00,0.000000e+00,0.000000e+00,0.000000e+00
1.000000e+00,0.000000e+00,0.000000e+00,0.000000e+00,0.000000e+00,0.000000e+00,0.000000e+00,0.000000e+00,0.000000e+00,0.000000e+00,0.000000e+00,0.000000e+00,0.000000e+00,0.000000e+00,0.000000e+00
1.000000e+00,0.000000e+00,0.000000e+00,0.000000e+00,0.000000e+00,0.000000e+00,0.000000e+00,0.000000e+00,0.000000e+00,0.000000e+00,0.000000e+00,0.000000e+00,0.000000e+00,0.000000e+00,0.000000e+00
1.000000e+00,0.000000e+00,0.000000e+00,0.000000e+00,0.000000e+00,0.000000e+00,0.000000e+00,0.000000e+00,0.000000e+00,0.000000e+00,0.000000e+00,0.000000e+00,0.000000e+00,0.000000e+00,0.000000e+00
1.000000e+00,0.000000e+00,0.000000e+00,0.000000e+00,0.000000e+00,0.000000e+00,0.000000e+00,0.000000e+00,0.000000e+00,0.000000e+00,0.000000e+00,0.000000e+00,0.000000e+00,0.000000e+00,0.000000e+00
1.000000e+00,0.000000e+00,0.000000e+00,0.000000e+00,0.000000e+00,0.000000e+00,0.000000e+00,0.000000e+00,0.000000e+00,0.000000e+00,0.000000e+00,0.000000e+00,0.000000e+00,0.000000e+00,0.000000e+00
1.000000e+00,0.000000e+00,0.000000e+00,0.000000e+00,0.000000e+00,0.000000e+00,0.000000e+00,0.000000e+00,0.000000e+00,0.000000e+00,0.000000e+00,0.000000e+00,0.000000e+00,0.000000e+00,0.000000e+00
1.000000e+00,0.000000e+00,0.000000e+00,0.000000e+00,0.000000e+00,0.000000e+00,0.000000e+00,0.000000e+00,0.000000e+00,0.000000e+00,0.000000e+00,0.000000e+00,0.000000e+00,0.000000e+00,0.000000e+00
1.000000e+00,0.000000e+00,0.000000e+00,0.000000e+00,0.000000e+00,0.000000e+00,0.000000e+00,0.000000e+00,0.000000e+00,0.000000e+00,0.000000e+00,0.000000e+00,0.000000e+00,0.000000e+00,0.000000e+00
1.000000e+00,0.000000e+00,0.000000e+00,0.000000e+00,0.000000e+00,0.000000e+00,0.000000e+00,0.000000e+00,0.000000e+00,0.000000e+00,0.000000e+00,0.000000e+00,0.000000e+00,0.000000e+00,0.000000e+00
1.000000e+00,0.000000e+00,0.000000e+00,0.000000e+00,0.000000e+00,0.000000e+00,0.000000e+00,0.000000e+00,0.000000e+00,0.000000e+00,0.000000e+00,0.000000e+00,0.000000e+00,0.000000e+00,0.000000e+00
1.000000e+00,0.000000e+00,0.000000e+00,0.000000e+00,0.000000e+00,0.000000e+00,0.000000e+00,0.000000e+00,0.000000e+00,0.000000e+00,0.000000e+00,0.000000e+00,0.000000e+00,0.000000e+00,0.000000e+00
1.000000e+00,0.000000e+00,0.000000e+00,0.000000e+00,0.000000e+00,0.000000e+00,0.000000e+00,0.000000e+00,0.000000e+00,0.000000e+00,0.000000e+00,0.000000e+00,0.000000e+00,0.000000e+00,0.000000e+00
1.000000e+00,0.000000e+00,0.000000e+00,0.000000e+00,0.000000e+00,0.000000e+00,0.000000e+00,0.000000e+00,0.000000e+00,0.000000e+00,0.000000e+00,0.000000e+00,0.000000e+00,0.000000e+00,0.000000e+00
1.000000e+00,0.000000e+00,0.000000e+00,0.000000e+00,0.000000e+00,0.000000e+00,0.000000e+00,0.000000e+00,0.000000e+00,0.000000e+00,0.000000e+00,0.000000e+00,0.000000e+00,0.000000e+00,0.000000e+00
1.000000e+00,0.000000e+00,0.000000e+00,0.000000e+00,0.000000e+00,0.000000e+00,0.000000e+00,0.000000e+00,0.000000e+00,0.000000e+00,0.000000e+00,0.000000e+00,0.000000e+00,0.000000e+00,0.000000e+00
1.000000e+00,0.000000e+00,0.000000e+00,0.000000e+00,0.000000e+00,0.000000e+00,0.000000e+00,0.000000e+00,0.000000e+00,0.000000e+00,0.000000e+00,0.000000e+00,0.000000e+00,0.000000e+00,0.000000e+00
1.000000e+00,0.000000e+00,0.000000e+00,0.000000e+00,0.000000e+00,0.000000e+00,0.000000e+00,0.000000e+00,0.000000e+00,0.000000e+00,0.000000e+00,0.000000e+00,0.000000e+00,0.000000e+00,0.000000e+00
1.000000e+00,0.000000e+00,0.000000e+00,0.000000e+00,0.000000e+00,0.000000e+00,0.000000e+00,0.000000e+00,0.000000e+00,0.000000e+00,0.000000e+00,0.000000e+00,0.000000e+00,0.000000e+00,0.000000e+00
1.000000e+00,0.000000e+00,0.000000e+00,0.000000e+00,0.000000e+00,0.000000e+00,0.000000e+00,0.000000e+00,0.000000e+00,0.000000e+00,0.000000e+00,0.000000e+00,0.000000e+00,0.000000e+00,0.000000e+00
1.000000e+00,0.000000e+00,0.000000e+00,0.000000e+00,0.000000e+00,0.000000e+00,0.000000e+00,0.000000e+00,0.000000e+00,0.000000e+00,0.000000e+00,0.000000e+00,0.000000e+00,0.000000e+00,0.000000e+00
1.000000e+00,0.000000e+00,0.000000e+00,0.000000e+00,0.000000e+00,0.000000e+00,0.000000e+00,0.000000e+00,0.000000e+00,0.000000e+00,0.000000e+00,0.000000e+00,0.000000e+00,0.000000e+00,0.000000e+00
1.000000e+00,0.000000e+00,0.000000e+00,0.000000e+00,0.000000e+00,0.000000e+00,0.000000e+00,0.000000e+00,0.000000e+00,0.000000e+00,0.000000e+00,0.000000e+00,0.000000e+00,0.000000e+00,0.000000e+00
1.000000e+00,0.000000e+00,0.000000e+00,0.000000e+00,0.000000e+00,0.000000e+00,0.000000e+00,0.000000e+00,0.000000e+00,0.000000e+00,0.000000e+00,0.000000e+00,0.000000e+00,0.000000e+00,0.000000e+00
1.000000e+00,0.000000e+00,0.000000e+00,0.000000e+00,0.000000e+00,0.000000e+00,0.000000e+00,0.000000e+00,0.000000e+00,0.000000e+00,0.000000e+00,0.000000e+00,0.000000e+00,0.000000e+00,0.000000e+00
1.000000e+00,0.000000e+00,0.000000e+00,0.000000e+00,0.000000e+00,0.000000e+00,0.000000e+00,0.000000e+00,0.000000e+00,0.000000e+00,0.000000e+00,0.000000e+00,0.000000e+00,0.000000e+00,0.000000e+00
1.000000e+00,0.000000e+00,0.000000e+00,0.000000e+00,0.000000e+00,0.000000e+00,0.000000e+00,0.000000e+00,0.000000e+00,0.000000e+00,0.000000e+00,0.000000e+00,0.000000e+00,0.000000e+00,0.000000e+00
1.000000e+00,0.000000e+00,0.000000e+00,0.000000e+00,0.000000e+00,0.000000e+00,0.000000e+00,0.000000e+00,0.000000e+00,0.000000e+00,0.000000e+00,0.000000e+00,0.000000e+00,0.000000e+00,0.000000e+00
1.000000e+00,0.000000e+00,0.000000e+00,0.000000e+00,0.000000e+00,0.000000e+00,0.000000e+00,0.000000e+00,0.000000e+00,0.000000e+00,0.000000e+00,0.000000e+00,0.000000e+00,0.000000e+00,0.000000e+00
1.000000e+00,0.000000e+00,0.000000e+00,0.000000e+00,0.000000e+00,0.000000e+00,0.000000e+00,0.000000e+00,0.000000e+00,0.000000e+00,0.000000e+00,0.000000e+00,0.000000e+00,0.000000e+00,0.000000e+00
1.000000e+00,0.000000e+00,0.000000e+00,0.000000e+00,0.000000e+00,0.000000e+00,0.000000e+00,0.000000e+00,0.000000e+00,0.000000e+00,0.000000e+00,0.000000e+00,0.000000e+00,0.000000e+00,0.000000e+00
1.000000e+00,0.000000e+00,0.000000e+00,0.000000e+00,0.000000e+00,0.000000e+00,0.000000e+00,0.000000e+00,0.000000e+00,0.000000e+00,0.000000e+00,0.000000e+00,0.000000e+00,0.000000e+00,0.000000e+00
4.861963e-01,4.528012e-02,1.231697e-02,9.915678e-02,2.451185e-02,7.573733e-02,2.977388e-02,2.883889e-02,2.755363e-02,2.959378e-03,8.301258e-03,7.332048e-02,6.013095e-02,1.996967e-03,2.392527e-02
4.481127e-01,4.817713e-02,1.277072e-02,1.071886e-01,2.642144e-02,7.712002e-02,2.744287e-02,2.860285e-02,3.083164e-02,3.334311e-03,9.165135e-03,8.349718e-02,6.903183e-02,2.283458e-03,2.602016e-02
4.558101e-01,4.685192e-02,1.205550e-02,1.121613e-01,2.652740e-02,7.291000e-02,2.276368e-02,2.648310e-02,3.084702e-02,3.798581e-03,9.664279e-03,8.476987e-02,6.623255e-02,2.370249e-03,2.675444e-02
1.000000e+00,0.000000e+00,0.000000e+00,0.000000e+00,0.000000e+00,0.000000e+00,0.000000e+00,0.000000e+00,0.000000e+00,0.000000e+00,0.000000e+00,0.000000e+00,0.000000e+00,0.000000e+00,0.000000e+00
1.000000e+00,0.000000e+00,0.000000e+00,0.000000e+00,0.000000e+00,0.000000e+00,0.000000e+00,0.000000e+00,0.000000e+00,0.000000e+00,0.000000e+00,0.000000e+00,0.000000e+00,0.000000e+00,0.000000e+00
1.000000e+00,0.000000e+00,0.000000e+00,0.000000e+00,0.000000e+00,0.000000e+00,0.000000e+00,0.000000e+00,0.000000e+00,0.000000e+00,0.000000e+00,0.000000e+00,0.000000e+00,0.000000e+00,0.000000e+00
1.000000e+00,0.000000e+00,0.000000e+00,0.000000e+00,0.000000e+00,0.000000e+00,0.000000e+00,0.000000e+00,0.000000e+00,0.000000e+00,0.000000e+00,0.000000e+00,0.000000e+00,0.000000e+00,0.000000e+00
1.000000e+00,0.000000e+00,0.000000e+00,0.000000e+00,0.000000e+00,0.000000e+00,0.000000e+00,0.000000e+00,0.000000e+00,0.000000e+00,0.000000e+00,0.000000e+00,0.000000e+00,0.000000e+00,0.000000e+00
1.000000e+00,0.000000e+00,0.000000e+00,0.000000e+00,0.000000e+00,0.000000e+00,0.000000e+00,0.000000e+00,0.000000e+00,0.000000e+00,0.000000e+00,0.000000e+00,0.000000e+00,0.000000e+00,0.000000e+00
1.000000e+00,0.000000e+00,0.000000e+00,0.000000e+00,0.000000e+00,0.000000e+00,0.000000e+00,0.000000e+00,0.000000e+00,0.000000e+00,0.000000e+00,0.000000e+00,0.000000e+00,0.000000e+00,0.000000e+00
1.000000e+00,0.000000e+00,0.000000e+00,0.000000e+00,0.000000e+00,0.000000e+00,0.000000e+00,0.000000e+00,0.000000e+00,0.000000e+00,0.000000e+00,0.000000e+00,0.000000e+00,0.000000e+00,0.000000e+00
1.000000e+00,0.000000e+00,0.000000e+00,0.000000e+00,0.000000e+00,0.000000e+00,0.000000e+00,0.000000e+00,0.000000e+00,0.000000e+00,0.000000e+00,0.000000e+00,0.000000e+00,0.000000e+00,0.000000e+00
1.000000e+00,0.000000e+00,0.000000e+00,0.000000e+00,0.000000e+00,0.000000e+00,0.000000e+00,0.000000e+00,0.000000e+00,0.000000e+00,0.000000e+00,0.000000e+00,0.000000e+00,0.000000e+00,0.000000e+00
4.735728e-01,2.498576e-02,1.771211e-02,3.749184e-02,1.971716e-01,4.761584e-02,8.108364e-02,4.393414e-02,5.687577e-03,2.826646e-03,1.739493e-02,2.085096e-02,1.612936e-02,4.350514e-03,9.192353e-03
3.645927e-01,2.146334e-02,1.639635e-02,2.965211e-02,1.421204e-01,3.901592e-02,5.929036e-02,3.346722e-02,4.916360e-03,3.792363e-03,1.868144e-01,6.908002e-02,1.398999e-02,7.804170e-03,7.604255e-03
3.951333e-01,1.784576e-02,1.864964e-02,2.496462e-02,1.074684e-01,4.076641e-02,4.929208e-02,4.421001e-02,7.348342e-03,4.188424e-03,1.710920e-01,8.287434e-02,1.855770e-02,1.001942e-02,7.589493e-03
4.801018e-01,1.584724e-02,1.741074e-02,2.138714e-02,7.794961e-02,3.891756e-02,4.220202e-02,4.165311e-02,7.135502e-03,5.233463e-03,1.389129e-01,7.316882e-02,1.777179e-02,1.142220e-02,1.088609e-02
1.000000e+00,0.000000e+00,0.000000e+00,0.000000e+00,0.000000e+00,0.000000e+00,0.000000e+00,0.000000e+00,0.000000e+00,0.000000e+00,0.000000e+00,0.000000e+00,0.000000e+00,0.000000e+00,0.000000e+00
1.000000e+00,0.000000e+00,0.000000e+00,0.000000e+00,0.000000e+00,0.000000e+00,0.000000e+00,0.000000e+00,0.000000e+00,0.000000e+00,0.000000e+00,0.000000e+00,0.000000e+00,0.000000e+00,0.000000e+00
4.060014e-01,5.822701e-02,1.570175e-02,5.332601e-02,3.164389e-02,4.259517e-02,1.988075e-02,2.954718e-02,5.191175e-02,3.050696e-02,8.490516e-02,4.977329e-02,5.681639e-02,1.307776e-02,5.608552e-02
2.889223e-01,6.759752e-02,1.193552e-02,7.839801e-02,2.292954e-02,4.009094e-02,1.437357e-02,2.390808e-02,6.244301e-02,6.360424e-02,8.851448e-02,4.087816e-02,9.914392e-02,1.074782e-02,8.651290e-02
2.028829e-01,1.601639e-01,1.013104e-02,1.119891e-01,1.619834e-02,2.830742e-02,1.008237e-02,1.685607e-02,9.424926e-02,5.601086e-02,7.398846e-02,2.986771e-02,8.976406e-02,9.080367e-03,9.042811e-02
1.529519e-01,1.360881e-01,7.971373e-03,8.798663e-02,1.245506e-02,2.252530e-02,7.318431e-03,1.405256e-02,8.929989e-02,4.274338e-02,1.053314e-01,3.050138e-02,1.602529e-01,1.869721e-02,1.118245e-01
1.100905e-01,1.067846e-01,6.992138e-03,8.111605e-02,1.115888e-02,2.558984e-02,5.578294e-03,1.275832e-02,9.241073e-02,3.285613e-02,1.285182e-01,3.180794e-02,2.005917e-01,2.083568e-02,1.329110e-01
8.992437e-02,8.869678e-02,1.086390e-02,1.039291e-01,1.284659e-02,3.192684e-02,4.424226e-03,1.047110e-02,1.430202e-01,2.482271e-02,1.060843e-01,4.273314e-02,1.959565e-01,1.740276e-02,1.168975e-01
1.026733e-01,6.874476e-02,8.747142e-03,9.704114e-02,1.399807e-02,2.570350e-02,4.707985e-03,9.450617e-03,1.694739e-01,1.811364e-02,9.509088e-02,5.660734e-02,2.141903e-01,1.582865e-02,9.962878e-02
1.125312e-01,5.336941e-02,8.681582e-03,8.489110e-02,1.206390e-02,2.203648e-02,3.960005e-03,9.634936e-03,1.553938e-01,1.335175e-02,8.223587e-02,5.170449e-02,2.494345e-01,2.188326e-02,1.188278e-01
8.396290e-02,4.255108e-02,1.549919e-02,1.923959e-01,1.110599e-02,1.951282e-02,2.981800e-03,7.131072e-03,1.411745e-01,1.011871e-02,6.519245e-02,7.558845e-02,2.154732e-01,2.269676e-02,9.461524e-02
6.103297e-02,3.095245e-02,1.357433e-02,1.498018e-01,8.969665e-03,1.919619e-02,2.476230e-03,5.256413e-03,1.098261e-01,7.788223e-03,5.961478e-02,7.633805e-02,3.589160e-01,2.025292e-02,7.600382e-02
4.388985e-02,2.272350e-02,1.318300e-02,1.069011e-01,4.234568e-02,1.377023e-02,2.762050e-03,5.064464e-03,1.852731e-01,5.697131e-03,5.750135e-02,6.226439e-02,3.662302e-01,1.469940e-02,5.769466e-02
3.340900e-02,1.859324e-02,1.647346e-02,8.069939e-02,9.943108e-02,1.196692e-02,3.352352e-03,5.058329e-03,2.143216e-01,4.383019e-03,4.964306e-02,4.896986e-02,3.571548e-01,1.092233e-02,4.562156e-02
3.148373e-02,1.731489e-02,2.216628e-02,9.614532e-02,1.380175e-01,1.144521e-02,4.785436e-03,8.430565e-03,2.113184e-01,4.599015e-03,3.865053e-02,4.856949e-02,3.062178e-01,1.144272e-02,4.941321e-02
3.588861e-02,1.664759e-02,2.155568e-02,8.090380e-02,1.230761e-01,1.137468e-02,5.796520e-03,1.658902e-02,1.769534e-01,5.242577e-03,3.623080e-02,5.369376e-02,3.282163e-01,1.280369e-02,7.502753e-02
3.534135e-02,1.376227e-02,2.298291e-02,6.298605e-02,1.151502e-01,1.074539e-02,9.445222e-03,4.337667e-02,1.324803e-01,4.369757e-03,3.060475e-02,6.729313e-02,3.574751e-01,1.008123e-02,8.390565e-02
2.984410e-02,1.558729e-02,3.241234e-02,4.497217e-02,9.739211e-02,9.944620e-03,1.092845e-02,5.868418e-02,1.031829e-01,3.709462e-03,2.238641e-02,7.628453e-02,4.221024e-01,7.317277e-03,6.525175e-02
2.635789e-02,1.371808e-02,3.623109e-02,3.249985e-02,1.059126e-01,1.435861e-02,1.514879e-02,6.476653e-02,8.454521e-02,2.927177e-03,1.672547e-02,7.392372e-02,4.536000e-01,5.221454e-03,5.406349e-02
2.447209e-02,1.588914e-02,5.389658e-02,2.492255e-02,1.709283e-01,2.591391e-02,4.582505e-02,6.137148e-02,8.465681e-02,2.499746e-03,1.209729e-02,5.449661e-02,3.792996e-01,3.723101e-03,4.000777e-02
3.596845e-02,1.614339e-02,5.730948e-02,3.735024e-02,1.703007e-01,2.858075e-02,4.878117e-02,1.076898e-01,8.408149e-02,3.177700e-03,9.307506e-03,4.044176e-02,3.252317e-01,2.752776e-03,3.288304e-02
5.832162e-02,1.993078e-02,4.856249e-02,3.258878e-02,1.819842e-01,3.309857e-02,5.240653e-02,9.654724e-02,9.928436e-02,3.511368e-03,7.168361e-03,3.170948e-02,3.022042e-01,2.368657e-03,3.031334e-02
7.964657e-02,2.595784e-02,5.538605e-02,3.160731e-02,1.771935e-01,6.976611e-02,4.595197e-02,1.029146e-01,8.227564e-02,3.319861e-03,5.540422e-03,3.182817e-02,2.614028e-01,2.363856e-03,2.484529e-02
1.387562e-01,2.223057e-02,3.968284e-02,2.550498e-02,1.827241e-01,7.647800e-02,3.942769e-02,7.550783e-02,7.475185e-02,3.117516e-03,6.544895e-03,4.988563e-02,2.403977e-01,2.862650e-03,2.212753e-02
1.121966e-01,1.645598e-02,2.822500e-02,2.216305e-02,1.397386e-01,2.582242e-01,3.093003e-02,1.029467e-01,5.440605e-02,2.924328e-03,5.495619e-03,3.620620e-02,1.714483e-01,2.246486e-03,1.639296e-02
1.236200e-01,1.714946e-02,2.154173e-02,2.132362e-02,1.083396e-01,3.257821e-01,2.791818e-02,9.989446e-02,5.220833e-02,7.822286e-03,1.170239e-02,2.868306e-02,1.353382e-01,3.744409e-03,1.493207e-02
1.212257e-01,1.572729e-02,1.639389e-02,1.716900e-02,7.855230e-02,4.157244e-01,2.310730e-02,9.532557e-02,4.580085e-02,1.251478e-02,1.049540e-02,2.268131e-02,1.076009e-01,3.665308e-03,1.401606e-02
9.013209e-02,3.177458e-02,1.218094e-02,3.699670e-02,5.674590e-02,4.207463e-01,1.648348e-02,6.763416e-02,3.765549e-02,1.188585e-02,9.642823e-02,2.375652e-02,7.656984e-02,7.587092e-03,1.342273e-02
6.388968e-02,2.485832e-02,8.778517e-03,2.880041e-02,4.045970e-02,4.991056e-01,1.183670e-02,4.916897e-02,5.248746e-02,1.138029e-02,9.439481e-02,1.760313e-02,5.425255e-02,2.951977e-02,1.346400e-02
4.897480e-02,1.756856e-02,6.232067e-03,2.051775e-02,2.954373e-02,3.819381e-01,8.569052e-03,3.879627e-02,4.039683e-02,1.409033e-02,2.077392e-01,1.462625e-02,3.888183e-02,1.168858e-01,1.523942e-02
3.491412e-02,1.233045e-02,4.378095e-03,1.439778e-02,2.111541e-02,2.701469e-01,6.057656e-03,2.735144e-02,2.874759e-02,1.316880e-02,4.051968e-01,1.123683e-02,2.743789e-02,1.122584e-01,1.126182e-02
2.466673e-02,8.648783e-03,3.078443e-03,1.008777e-02,1.482619e-02,1.894030e-01,4.251770e-03,1.917288e-02,2.024892e-02,1.285472e-02,5.688422e-01,8.213736e-03,1.926234e-02,8.808894e-02,8.353603e-03
1.878777e-02,6.085299e-03,2.219014e-03,7.103738e-03,1.044878e-02,1.338622e-01,3.074178e-03,1.353167e-02,1.436992e-02,1.172017e-02,6.508856e-01,6.244086e-03,1.360065e-02,1.017123e-01,6.354626e-03
1.569971e-02,5.451279e-03,1.841949e-03,5.088286e-03,8.259742e-03,9.939238e-02,2.310386e-03,9.653712e-03,1.665188e-02,2.417207e-02,6.634440e-01,5.801805e-03,9.758279e-03,1.264951e-01,5.979449e-03
1.300596e-02,4.178555e-03,1.642985e-03,3.670850e-03,6.656538e-03,7.200663e-02,1.726772e-03,6.959374e-03,2.324395e-02,2.888866e-02,6.004350e-01,6.026235e-03,7.090262e-03,2.199401e-01,4.528161e-03
1.045741e-02,3.431677e-03,1.324721e-03,2.679082e-03,5.063890e-03,5.116439e-02,1.270788e-03,4.904754e-03,2.752004e-02,4.300515e-02,5.875872e-01,5.365548e-03,5.274600e-03,2.473882e-01,3.562648e-03
9.569284e-03,3.164079e-03,1.162837e-03,2.081748e-03,4.921278e-03,3.711909e-02,9.730393e-04,3.483996e-03,5.022023e-02,3.818548e-02,5.682954e-01,5.185599e-03,4.041598e-03,2.688921e-01,2.704230e-03
7.809288e-03,3.950319e-03,3.505389e-03,1.597239e-03,4.240402e-03,2.840984e-02,7.805427e-04,3.464888e-03,8.821656e-02,3.221188e-02,4.886294e-01,3.840153e-03,3.208440e-03,3.278353e-01,2.300387e-03
6.396574e-03,5.801944e-03,4.425331e-03,1.533670e-03,3.468782e-03,2.545822e-02,8.116018e-04,4.319082e-03,1.114484e-01,2.690472e-02,4.346412e-01,3.015728e-03,2.609130e-03,3.667932e-01,2.372390e-03
5.627526e-03,4.286607e-03,3.404916e-03,1.213927e-03,2.577093e-03,1.839818e-02,5.899201e-04,3.242280e-03,9.788521e-02,2.039528e-02,3.869585e-01,2.418264e-03,2.209326e-03,4.489311e-01,1.861783e-03
4.880416e-03,3.403723e-03,2.590932e-03,1.245039e-03,2.064008e-03,1.659089e-02,4.637583e-04,2.318380e-03,8.019109e-02,2.061976e-02,3.902650e-01,2.158602e-03,2.139376e-03,4.694373e-01,1.631668e-03
4.268008e-03,3.329802e-03,2.157070e-03,3.194800e-03,2.704572e-03,2.019842e-02,6.009144e-04,1.950830e-03,7.113796e-02,1.731105e-02,3.193929e-01,2.145354e-03,3.710222e-03,5.458367e-01,2.061398e-03
3.904616e-03,4.354908e-02,8.930570e-03,3.350096e-03,3.364881e-03,1.402691e-01,5.978323e-04,1.681571e-03,8.386868e-02,1.869351e-02,2.540724e-01,2.050135e-03,3.689477e-03,4.278616e-01,4.116453e-03
3.880477e-03,3.796085e-02,1.142576e-02,4.642413e-03,3.909356e-03,2.293077e-01,7.738245e-04,1.684478e-03,1.378970e-01,3.004260e-02,2.013011e-01,1.581416e-03,3.441718e-03,3.246390e-01,7.512258e-03
3.582874e-03,2.755368e-02,1.545447e-02,1.024656e-02,5.217818e-03,1.669897e-01,7.131286e-04,1.869912e-03,2.266521e-01,1.230877e-01,1.470035e-01,1.917706e-03,6.064702e-03,2.390015e-01,2.464460e-02
3.234976e-03,2.094879e-02,2.595156e-02,1.121897e-02,5.084538e-03,1.193517e-01,6.424348e-04,2.960965e-03,2.245933e-01,2.347560e-01,1.259635e-01,5.294286e-03,1.824352e-02,1.742994e-01,2.745614e-02
4.205063e-03,1.575468e-02,2.626916e-02,1.147100e-02,9.530627e-03,9.452545e-02,6.363858e-04,2.887069e-03,1.825454e-01,3.555822e-01,1.114332e-01,6.350386e-03,2.004628e-02,1.346880e-01,2.407500e-02
1.298244e-02,1.619894e-02,1.203911e-01,1.093115e-02,2.589013e-02,7.069143e-02,2.443791e-03,8.294946e-03,1.352461e-01,3.505296e-01,1.020721e-01,5.569115e-03,1.995843e-02,1.002129e-01,1.858779e-02
4.990036e-02,1.679516e-02,9.875786e-02,1.249917e-02,3.435571e-02,5.550533e-02,2.905625e-03,7.685624e-03,1.028503e-01,4.139590e-01,8.655638e-02,5.525237e-03,1.717298e-02,7.916761e-02,1.636359e-02
6.690310e-02,2.287946e-02,9.072125e-02,6.102181e-02,1.159900e-01,4.956292e-02,8.225911e-03,1.607183e-02,8.054952e-02,3.227694e-01,7.135565e-02,5.203093e-03,1.338384e-02,6.071482e-02,1.464730e-02
1.314252e-01,2.395632e-02,7.629528e-02,4.579978e-02,1.235427e-01,4.380228e-02,7.251062e-03,1.645762e-02,9.714699e-02,2.817082e-01,5.948243e-02,4.707593e-03,1.081146e-02,6.301834e-02,1.459462e-02
1.318896e-01,3.161304e-02,6.139798e-02,9.563129e-02,1.684257e-01,4.394667e-02,1.321488e-02,3.553542e-02,8.775011e-02,2.052401e-01,4.699011e-02,5.981886e-03,8.765902e-03,5.147743e-02,1.213979e-02
1.285090e-01,4.838353e-02,5.268661e-02,7.584266e-02,1.480408e-01,9.081522e-02,1.127517e-02,2.946391e-02,9.708691e-02,1.855840e-01,4.386277e-02,1.424175e-02,9.992249e-03,4.858137e-02,1.563400e-02
1.373334e-01,4.809500e-02,4.703651e-02,6.631340e-02,1.332581e-01,9.320542e-02,1.029495e-02,3.442464e-02,1.137327e-01,1.795243e-01,4.261058e-02,1.808819e-02,1.136929e-02,4.874398e-02,1.596942e-02
1.815902e-01,3.935593e-02,3.813437e-02,4.877486e-02,1.039298e-01,7.648298e-02,8.550762e-03,2.648130e-02,1.174856e-01,1.876261e-01,3.622471e-02,1.442353e-02,1.710933e-02,7.336362e-02,3.046672e-02
2.036119e-01,3.892797e-02,3.458329e-02,3.914313e-02,7.747959e-02,6.563831e-02,8.864468e-03,2.364421e-02,1.092316e-01,1.953864e-01,3.285256e-02,1.871815e-02,1.549356e-02,6.311449e-02,7.331028e-02
1.569522e-01,3.259652e-02,3.044491e-02,3.554335e-02,6.013645e-02,5.615868e-02,8.254623e-03,1.809345e-02,9.432817e-02,2.038927e-01,1.117092e-01,3.637515e-02,2.762184e-02,5.488964e-02,7.300311e-02
1.138881e-01,2.481280e-02,2.656637e-02,2.695211e-02,4.488291e-02,4.406349e-02,9.071998e-03,1.289244e-02,6.865276e-02,3.432562e-01,1.092158e-01,3.556499e-02,2.365998e-02,5.971673e-02,5.680333e-02
9.238892e-02,1.840901e-02,2.034818e-02,2.319955e-02,3.238296e-02,3.517597e-02,7.278510e-03,9.196892e-03,5.028696e-02,4.182447e-01,1.240704e-01,4.469281e-02,2.255600e-02,5.382656e-02,4.794265e-02
7.700708e-02,1.574191e-02,1.507653e-02,1.729102e-02,2.357939e-02,2.663055e-02,5.819054e-03,7.482793e-03,3.880340e-02,3.304247e-01,2.576000e-01,5.345518e-02,2.112231e-02,7.432015e-02,3.564599e-02
7.002773e-02,1.229437e-02,1.241689e-02,1.255297e-02,2.897826e-02,1.999232e-02,4.243995e-03,5.642917e-03,2.973059e-02,2.582814e-01,3.515190e-01,4.220852e-02,1.570107e-02,1.101020e-01,2.630798e-02
6.983678e-02,1.748374e-02,1.064467e-02,9.338099e-03,3.083628e-02,1.522898e-02,3.129824e-03,4.988953e-03,4.043494e-02,2.112246e-01,3.523607e-01,4.523348e-02,1.331296e-02,1.545109e-01,2.143507e-02
7.654508e-02,1.502759e-02,9.280790e-03,6.840155e-03,2.369053e-02,1.330660e-02,2.381506e-03,3.951364e-03,3.735334e-02,1.577613e-01,3.224013e-01,4.034931e-02,1.010827e-02,2.651132e-01,1.588980e-02
6.560101e-02,1.399726e-02,6.952012e-03,5.030536e-03,1.727551e-02,1.143838e-02,1.747239e-03,2.945407e-03,4.394021e-02,1.181752e-01,3.094012e-01,3.586007e-02,7.966984e-03,3.479984e-01,1.167068e-02
5.724403e-02,1.348720e-02,9.383964e-03,4.692379e-03,1.440307e-02,9.376385e-03,1.671951e-03,2.843961e-03,5.543745e-02,9.163043e-02,2.967261e-01,3.380428e-02,5.895597e-03,3.948246e-01,8.578666e-03
4.478120e-02,1.533267e-02,1.273370e-02,3.799945e-03,1.121562e-02,8.612497e-03,1.249900e-03,2.433652e-03,6.633931e-02,6.820472e-02,3.000101e-01,2.809379e-02,4.598912e-03,4.261870e-01,6.407022e-03
3.384129e-02,2.121050e-02,1.307225e-02,3.287453e-03,1.076869e-02,1.379595e-02,1.054847e-03,2.227619e-03,1.200800e-01,5.179112e-02,2.926878e-01,2.370328e-02,3.876422e-03,4.034367e-01,5.166107e-03
2.620472e-02,5.453852e-02,1.089312e-02,2.527471e-03,1.065890e-02,1.790108e-02,8.627479e-04,1.811752e-03,2.274140e-01,4.047338e-02,2.337480e-01,1.858199e-02,3.179126e-03,3.466741e-01,4.531074e-03
2.182458e-02,5.473637e-02,9.096929e-03,2.157948e-03,9.025039e-03,3.287030e-02,6.797503e-04,1.745476e-03,2.937384e-01,3.247378e-02,2.094547e-01,1.656573e-02,2.959733e-03,3.081612e-01,4.510102e-03
2.214679e-02,5.751791e-02,7.022953e-03,1.686167e-03,7.389240e-03,4.760709e-02,4.848639e-04,1.328076e-03,3.318719e-01,2.388288e-02,1.846835e-01,1.276917e-02,2.601626e-03,2.946916e-01,4.316279e-03
1.674569e-02,6.434364e-02,5.372657e-03,1.269840e-03,5.398079e-03,9.433025e-02,3.453868e-04,9.891834e-04,3.257630e-01,1.718422e-02,1.496021e-01,9.774040e-03,2.211559e-03,3.025602e-01,4.110192e-03
1.532686e-02,5.899856e-02,1.016031e-02,2.488181e-03,5.631869e-03,1.213348e-01,2.751247e-04,1.761864e-03,3.858956e-01,1.257737e-02,1.123823e-01,7.122239e-03,1.852749e-03,2.601401e-01,4.052136e-03
1.309911e-02,8.538471e-02,8.049112e-03,2.008512e-03,5.573950e-03,1.413851e-01,2.157649e-04,2.120282e-03,4.233196e-01,9.050035e-03,8.375322e-02,5.050222e-03,1.499879e-03,2.159138e-01,3.576725e-03
1.166323e-02,9.195492e-02,8.503525e-03,1.927543e-03,5.241117e-03,1.881860e-01,1.708027e-04,4.392406e-03,3.974131e-01,6.651429e-03,6.071677e-02,3.606586e-03,1.242024e-03,2.151611e-01,3.169409e-03
1.933996e-02,8.645224e-02,3.263255e-02,1.165493e-02,2.025926e-02,1.429148e-01,3.446094e-04,2.452520e-02,4.163598e-01,5.042679e-03,4.478624e-02,2.691471e-03,9.389861e-04,1.884697e-01,3.587636e-03
2.120208e-02,8.191629e-02,3.455279e-02,9.330589e-03,2.145932e-02,1.174708e-01,3.150419e-04,2.108966e-02,4.085880e-01,4.071875e-03,3.642052e-02,2.028574e-03,7.559591e-04,2.372444e-01,3.554174e-03
2.254217e-02,6.674211e-02,3.032248e-02,7.563801e-03,1.996879e-02,9.168541e-02,3.040432e-04,1.966571e-02,4.510740e-01,3.408442e-03,3.403540e-02,1.524464e-03,6.162425e-04,2.475172e-01,3.029720e-03
4.058711e-02,7.839411e-02,3.639918e-02,1.055953e-02,2.761614e-02,7.107525e-02,4.198347e-04,2.760360e-02,4.265767e-01,3.995238e-03,4.335924e-02,1.565441e-03,1.462649e-03,2.195842e-01,1.080183e-02
5.134756e-02,1.018631e-01,4.179793e-02,9.896290e-03,3.202105e-02,5.658422e-02,4.347124e-04,3.694129e-02,4.145668e-01,3.484035e-03,4.487076e-02,1.530233e-03,1.560496e-03,1.921356e-01,1.096589e-02
5.973050e-02,1.453197e-01,5.787773e-02,9.762237e-03,3.650291e-02,4.309081e-02,5.371119e-04,4.582951e-02,3.747254e-01,2.861234e-03,3.436939e-02,1.762186e-03,1.479485e-03,1.760735e-01,1.007819e-02
7.199060e-02,1.361078e-01,5.729358e-02,1.097163e-02,3.088219e-02,6.085283e-02,8.793938e-04,5.784145e-02,3.679284e-01,2.910056e-03,3.191371e-02,2.686283e-03,2.084106e-03,1.528673e-01,1.279052e-02
7.887527e-02,1.300755e-01,5.690022e-02,1.100386e-02,2.588896e-02,9.014610e-02,9.884869e-04,6.361173e-02,3.388168e-01,3.178927e-03,2.917314e-02,3.003888e-03,3.000178e-03,1.493621e-01,1.597486e-02
1.200468e-01,1.214578e-01,4.707479e-02,1.727956e-02,2.211777e-02,1.418381e-01,1.160658e-03,6.380828e-02,2.655714e-01,8.859573e-03,2.433815e-02,4.781433e-03,4.461572e-03,1.248622e-01,3.234198e-02
1.698781e-01,1.324688e-01,4.021733e-02,1.834760e-02,1.837721e-02,1.365740e-01,1.436813e-03,5.607734e-02,2.170928e-01,1.405554e-02,2.188295e-02,5.273730e-03,5.290298e-03,1.258829e-01,3.714440e-02
2.262088e-01,1.666645e-01,4.884992e-02,1.903877e-02,1.787111e-02,9.948071e-02,2.454583e-03,4.750572e-02,1.682522e-01,1.733260e-02,2.306483e-02,5.312644e-03,5.921697e-03,1.164016e-01,3.564028e-02
2.449176e-01,1.868710e-01,3.876010e-02,1.878151e-02,1.724757e-02,7.655121e-02,2.229841e-03,3.908687e-02,1.370302e-01,2.481917e-02,2.174989e-02,5.063257e-03,6.952844e-03,1.202296e-01,5.970935e-02
2.168242e-01,1.451363e-01,3.380997e-02,1.972599e-02,1.368383e-02,5.727244e-02,1.807131e-03,2.886258e-02,1.077773e-01,6.897236e-02,1.706914e-02,5.081240e-03,5.902980e-03,8.714216e-02,1.909324e-01
1.801236e-01,1.044338e-01,3.073443e-02,1.470885e-02,9.851348e-03,4.143139e-02,1.366108e-03,2.056601e-02,8.472421e-02,1.707319e-01,1.303407e-02,3.993729e-03,4.592618e-03,6.362312e-02,2.560848e-01
1.561089e-01,7.589523e-02,3.426361e-02,1.238062e-02,7.431249e-03,3.028201e-02,1.093736e-03,1.461790e-02,6.961858e-02,1.577775e-01,1.041776e-02,3.928768e-03,4.358680e-03,5.202078e-02,3.698047e-01
1.868217e-01,5.708726e-02,3.042883e-02,9.632871e-03,6.305709e-03,2.298527e-02,9.247726e-04,1.051599e-02,5.326650e-02,1.164755e-01,1.123686e-02,3.447419e-03,4.651747e-03,9.098732e-02,3.952322e-01
1.341238e-01,4.026122e-02,2.183596e-02,6.790838e-03,4.601004e-03,1.643278e-02,7.020620e-04,7.397201e-03,4.172555e-02,1.324973e-01,8.673401e-03,2.581967e-03,3.495451e-03,1.471056e-01,4.317759e-01
9.438372e-02,2.908888e-02,1.840039e-02,6.121767e-03,3.605840e-03,1.177060e-02,5.685234e-04,5.254334e-03,5.897767e-02,1.665734e-01,6.534948e-03,1.899093e-03,2.633872e-03,1.159915e-01,4.781955e-01
6.617019e-02,2.071018e-02,1.310436e-02,4.297636e-03,2.559747e-03,8.265981e-03,4.141981e-04,3.681088e-03,4.665337e-02,1.928930e-01,5.075805e-03,1.408922e-03,1.902478e-03,2.429357e-01,3.899275e-01
4.689380e-02,1.610171e-02,1.142032e-02,4.776396e-03,2.407932e-03,6.085929e-03,4.006959e-04,2.616686e-03,6.715912e-02,1.972895e-01,5.708063e-03,1.495240e-03,1.728678e-03,2.446829e-01,3.912331e-01
3.324014e-02,1.195361e-02,1.000124e-02,3.678679e-03,1.802697e-03,4.340031e-03,3.149575e-04,1.869819e-03,5.680437e-02,1.610248e-01,4.934449e-03,1.196506e-03,1.325541e-03,2.795305e-01,4.279826e-01
2.417294e-02,8.633452e-03,7.274898e-03,2.687838e-03,1.329771e-03,3.157613e-03,2.396349e-04,1.327399e-03,5.347494e-02,1.318619e-01,4.090790e-03,9.646975e-04,1.065651e-03,3.467072e-01,4.130113e-01
2.144699e-02,7.325598e-03,5.748091e-03,2.755644e-03,1.237662e-03,2.558595e-03,2.445049e-04,1.009402e-03,6.661876e-02,1.024920e-01,4.311400e-03,1.171962e-03,1.055030e-03,2.958518e-01,4.861726e-01
1.913135e-02,5.385607e-03,4.088114e-03,2.021197e-03,9.340046e-04,2.051932e-03,1.852394e-04,7.284308e-04,5.967500e-02,7.664020e-02,4.184539e-03,9.032899e-04,8.556990e-04,3.923714e-01,4.308440e-01
2.860465e-02,8.095718e-03,3.072834e-03,3.987854e-03,1.527571e-03,2.192038e-03,2.156332e-04,6.173591e-04,8.246290e-02,5.625017e-02,5.259378e-03,1.633875e-03,1.632125e-03,3.002119e-01,5.042360e-01
2.496357e-02,7.210854e-03,2.319050e-03,3.673046e-03,1.133795e-03,1.835915e-03,1.859639e-04,4.553878e-04,6.463141e-02,4.185702e-02,5.114262e-03,1.383257e-03,1.491747e-03,3.175867e-01,5.261581e-01
2.051156e-02,1.186072e-02,2.167811e-03,3.701138e-03,8.198465e-04,1.435387e-03,1.534779e-04,3.424211e-04,5.876311e-02,3.452934e-02,6.709632e-03,1.464382e-03,1.527372e-03,2.940013e-01,5.620125e-01
2.038398e-02,1.164015e-02,1.813480e-03,3.150767e-03,6.957945e-04,1.425130e-03,1.456539e-04,2.857618e-04,5.025909e-02,3.130239e-02,8.504722e-03,1.892197e-03,2.625179e-03,3.272784e-01,5.385973e-01
1.580728e-02,9.081099e-03,2.069934e-03,2.496417e-03,6.164563e-04,1.197422e-03,1.521205e-04,2.633677e-04,4.132915e-02,2.619447e-02,1.022468e-02,1.624512e-03,1.971123e-03,3.276694e-01,5.593026e-01
1.620157e-02,6.887282e-03,1.658470e-03,1.814997e-03,5.565229e-04,1.303404e-03,1.567290e-04,2.629927e-04,3.194253e-02,2.586670e-02,9.288236e-03,1.383496e-03,1.692049e-03,3.865690e-01,5.144160e-01
1.648516e-02,5.156011e-03,1.343641e-03,1.298308e-03,4.904222e-04,1.198746e-03,1.351994e-04,2.096210e-04,2.924275e-02,3.939788e-02,8.762676e-03,1.096369e-03,1.336081e-03,4.748946e-01,4.189526e-01
1.567791e-02,3.779948e-03,1.131834e-03,9.632349e-04,5.376958e-04,9.720490e-04,1.162979e-04,1.764484e-04,2.283034e-02,4.390191e-02,6.792139e-03,8.058643e-04,1.010181e-03,5.033800e-01,3.979242e-01
2.597163e-02,9.389477e-03,5.275560e-03,2.168315e-03,2.523672e-03,4.251703e-03,4.005647e-04,6.970440e-04,3.127248e-02,4.664392e-02,6.803143e-03,7.762180e-04,1.268589e-03,4.638032e-01,3.987545e-01
2.637616e-02,7.469973e-03,6.757388e-03,1.627346e-03,2.129861e-03,3.665742e-03,3.558909e-04,6.371629e-04,2.502005e-02,1.391212e-01,9.597952e-03,8.515299e-04,1.371420e-03,4.777960e-01,2.972224e-01
2.378467e-02,1.048421e-02,1.374823e-02,7.095451e-03,5.678256e-03,4.525089e-03,4.487240e-04,1.338932e-03,3.144898e-02,2.757225e-01,2.009936e-02,1.433929e-03,5.515127e-03,3.651045e-01,2.335720e-01
2.209527e-02,7.993797e-03,2.016561e-02,9.452077e-03,9.764357e-03,4.047139e-03,4.739880e-04,1.729579e-03,4.460587e-02,3.823946e-01,3.729600e-02,1.911656e-03,1.761425e-02,2.590681e-01,1.813877e-01
1.801076e-02,6.076296e-03,1.789292e-02,8.235634e-03,8.646663e-03,4.335777e-03,4.699171e-04,1.572449e-03,3.791595e-02,5.185632e-01,3.334892e-02,1.784745e-03,2.640144e-02,1.824981e-01,1.342473e-01
1.383711e-02,4.412049e-03,1.303839e-02,6.070269e-03,6.408818e-03,4.557340e-03,3.647935e-04,1.163635e-03,2.780151e-02,6.376782e-01,2.563001e-02,1.601752e-03,3.063692e-02,1.281021e-01,9.869710e-02
1.263410e-02,3.303648e-03,9.390044e-03,5.083854e-03,5.071051e-03,9.545725e-03,3.289283e-04,1.037177e-03,2.264076e-02,7.028948e-01,2.289443e-02,3.095351e-03,3.697468e-02,9.024174e-02,7.486381e-02
9.111019e-03,2.397387e-03,6.698251e-03,3.754069e-03,4.619397e-03,1.006134e-02,2.840549e-04,1.260664e-03,1.699384e-02,7.658935e-01,2.066864e-02,3.585769e-03,3.521260e-02,6.356838e-02,5.589120e-02
7.053276e-03,2.930067e-03,5.843252e-03,3.898930e-03,8.565585e-03,1.169202e-02,3.843794e-04,1.842267e-02,2.152351e-02,7.546433e-01,2.274209e-02,1.098065e-02,4.342203e-02,4.501717e-02,4.288105e-02
6.327222e-03,3.003522e-03,4.815660e-03,3.831537e-03,1.816427e-02,1.008430e-02,5.346522e-04,3.037270e-02,2.168706e-02,7.629966e-01,2.201253e-02,1.073971e-02,4.187999e-02,3.182712e-02,3.172313e-02
6.520826e-03,3.029357e-03,4.480846e-03,5.521407e-03,2.471355e-02,9.758988e-03,6.418449e-04,7.382946e-02,1.977010e-02,7.198191e-01,1.941787e-02,1.046670e-02,5.464713e-02,2.274769e-02,2.463513e-02
1.174664e-02,3.067183e-03,4.421986e-03,5.562244e-03,5.488555e-02,8.256634e-03,1.514367e-03,1.169074e-01,2.387452e-02,6.394758e-01,1.490600e-02,9.389590e-03,7.039983e-02,1.670610e-02,1.888619e-02
1.257043e-02,2.684542e-03,3.572504e-03,5.167891e-03,1.332252e-01,7.538379e-03,2.928880e-03,1.573994e-01,2.685709e-02,5.395292e-01,1.220867e-02,8.000039e-03,6.238449e-02,1.207369e-02,1.385951e-02
1.253222e-02,4.106408e-03,5.541407e-03,1.223842e-02,1.386726e-01,6.500843e-03,3.345994e-03,2.949990e-01,3.378294e-02,4.019445e-01,9.968268e-03,7.951882e-03,4.908143e-02,8.848569e-03,1.048560e-02
1.329102e-02,4.827034e-03,5.405789e-03,2.318164e-02,1.133580e-01,9.893907e-03,3.106154e-03,3.221095e-01,4.970662e-02,2.970414e-01,1.747068e-02,2.356088e-02,9.782618e-02,6.685153e-03,1.253601e-02
1.309334e-02,5.856746e-03,6.707723e-03,5.922559e-02,8.842395e-02,1.325054e-02,3.162895e-03,2.900637e-01,6.723407e-02,2.233239e-01,2.961072e-02,3.304237e-02,1.275736e-01,5.760866e-03,3.366994e-02
1.535205e-02,1.950718e-02,8.306587e-03,1.098288e-01,6.442863e-02,1.123763e-02,2.494716e-03,2.114004e-01,1.422158e-01,1.612343e-01,5.755113e-02,3.507289e-02,1.257007e-01,4.954870e-03,3.071429e-02
1.799080e-02,1.918887e-02,7.637314e-03,8.914895e-02,5.146823e-02,1.025670e-02,2.689226e-03,1.594597e-01,1.966084e-01,1.136213e-01,1.191611e-01,3.374915e-02,1.472476e-01,4.199030e-03,2.757365e-02
3.026238e-02,2.031231e-02,7.415118e-03,7.259149e-02,3.765278e-02,9.007271e-03,2.211139e-03,1.342045e-01,2.962112e-01,8.069815e-02,9.970653e-02,3.360729e-02,1.458870e-01,3.852091e-03,2.638079e-02
4.056786e-02,2.478494e-02,6.787620e-03,5.954613e-02,2.782638e-02,8.348754e-03,1.852450e-03,1.286409e-01,3.636926e-01,5.716815e-02,8.323462e-02,3.049742e-02,1.387145e-01,3.959486e-03,2.437818e-02
4.589655e-02,3.265799e-02,1.185414e-02,5.046597e-02,2.648967e-02,8.001283e-03,2.864587e-03,1.031672e-01,4.576709e-01,4.076055e-02,6.123883e-02,2.330439e-02,1.061802e-01,3.483670e-03,2.596414e-02
3.926462e-02,3.175503e-02,9.432012e-02,5.634410e-02,2.857233e-02,9.550185e-03,4.832715e-03,1.497440e-01,3.756351e-01,2.920992e-02,4.425582e-02,1.705736e-02,8.051194e-02,3.223791e-03,3.572296e-02
5.025369e-02,3.421904e-02,1.299711e-01,5.892098e-02,4.491847e-02,9.805849e-03,1.140395e-02,1.236592e-01,3.637675e-01,2.149763e-02,3.229679e-02,1.246246e-02,6.159322e-02,2.951534e-03,4.227858e-02
4.366821e-02,2.830641e-02,3.019210e-01,5.581169e-02,4.107396e-02,7.785693e-03,9.384950e-03,1.000362e-01,2.764222e-01,1.721263e-02,2.306566e-02,9.061157e-03,4.490308e-02,2.232483e-03,3.911466e-02
6.022233e-02,5.216765e-02,2.798705e-01,6.416979e-02,6.804976e-02,1.263956e-02,1.060928e-02,9.272106e-02,2.440862e-01,1.280062e-02,1.743554e-02,6.990707e-03,3.425282e-02,2.468966e-03,4.151521e-02
5.557059e-02,4.653399e-02,3.627074e-01,6.405002e-02,7.890370e-02,1.544061e-02,1.000277e-02,8.085874e-02,1.956168e-01,9.570817e-03,1.276590e-02,5.205571e-03,2.533877e-02,1.986917e-03,3.544733e-02
8.010394e-02,4.472669e-02,3.023159e-01,7.212994e-02,8.777522e-02,1.443962e-02,9.534134e-03,1.492545e-01,1.682865e-01,7.005929e-03,9.934505e-03,4.090104e-03,1.942947e-02,1.787992e-03,2.918549e-02
1.218544e-01,5.656245e-02,2.370288e-01,5.808826e-02,9.208889e-02,1.931961e-02,8.085106e-03,1.654374e-01,1.792999e-01,5.329365e-03,7.375305e-03,3.227613e-03,1.695998e-02,2.043105e-03,2.729991e-02
1.601700e-01,8.162408e-02,1.851846e-01,5.158004e-02,1.058192e-01,1.841408e-02,8.794487e-03,1.524657e-01,1.644772e-01,4.138765e-03,5.812332e-03,3.184321e-03,1.590544e-02,4.788797e-03,3.764099e-02
2.027588e-01,8.448721e-02,1.464779e-01,5.740384e-02,1.107348e-01,1.806930e-02,1.044014e-02,1.451341e-01,1.543120e-01,3.492078e-03,5.444044e-03,6.186763e-03,1.648496e-02,4.688466e-03,3.388555e-02
2.979928e-01,9.025127e-02,1.153663e-01,5.388191e-02,9.612337e-02,1.741470e-02,1.008711e-02,1.208275e-01,1.277763e-01,3.176885e-03,5.012468e-03,7.304832e-03,1.461315e-02,4.680783e-03,3.549061e-02
3.418500e-01,7.882617e-02,8.764829e-02,1.016337e-01,1.012405e-01,1.658566e-02,1.154332e-02,1.014768e-01,9.737623e-02,2.733626e-03,5.099744e-03,9.959744e-03,1.299017e-02,3.875958e-03,2.716007e-02
4.521172e-01,7.081320e-02,6.505968e-02,8.399992e-02,8.652449e-02,1.403405e-02,8.704993e-03,7.532939e-02,8.446050e-02,2.500425e-03,4.940409e-03,1.168323e-02,1.105371e-02,3.632167e-03,2.514660e-02
