1.000000e+00,0.000000e+00,0.000000e+00,0.000000e+00,0.000000e+00,0.000000e+00,0.000000e+00,0.000000e+00,0.000000e+00,0.000000e+00,0.000000e+00,0.000000e+00,0.000000e+00,0.000000e+00,0.000000e+00
1.000000e+00,0.000000e+00,0.000000e+00,0.000000e+00,0.000000e+00,0.000000e+00,0.000000e+00,0.000000e+00,0.000000e+00,0.000000e+00,0.000000e+00,0.000000e+00,0.000000e+00,0.000000e+00,0.000000e+00
1.000000e+00,0.000000e+00,0.000000e+00,0.000000e+00,0.000000e+00,0.000000e+00,0.000000e+00,0.000000e+00,0.000000e+00,0.000000e+00,0.000000e+00,0.000000e+00,0.000000e+00,0.000000e+00,0.000000e+00
1.000000e+00,0.000000e+00,0.000000e+00,0.000000e+00,0.000000e+00,0.000000e+00,0.000000e+00,0.000000e+00,0.000000e+00,0.000000e+00,0.000000e+00,0.000000e+00,0.000000e+00,0.000000e+00,0.000000e+00
1.000000e+00,0.000000e+00,0.000000e+00,0.000000e+00,0.000000e+00,0.000000e+00,0.000000e+00,0.000000e+00,0.000000e+00,0.000000e+00,0.000000e+00,0.000000e+00,0.000000e+00,0.000000e+00,0.000000e+00
1.000000e+00,0.000000e+00,0.000000e+00,0.000000e+00,0.000000e+00,0.000000e+00,0.000000e+00,0.000000e+00,0.000000e+00,0.000000e+00,0.000000e+00,0.000000e+00,0.000000e+00,0.000000e+00,0.000000e+00
1.000000e+00,0.000000e+00,0.000000e+00,0.000000e+00,0.000000e+00,0.000000e+00,0.000000e+00,0.000000e+00,0.000000e+00,0.000000e+00,0.000000e+00,0.000000e+00,0.000000e+00,0.000000e+00,0.000000e+00
1.000000e+00,0.000000e+00,0.000000e+00,0.000000e+00,0.000000e+00,0.000000e+00,0.000000e+00,0.000000e+00,0.000000e+00,0.000000e+00,0.000000e+00,0.000000e+00,0.000000e+00,0.000000e+00,0.000000e+00
1.000000e+00,0.000000e+00,0.000000e+00,0.000000e+00,0.000000e+00,0.000000e+00,0.000000e+00,0.000000e+00,0.000000e+00,0.000000e+00,0.000000e+00,0.000000e+00,0.000000e+00,0.000000e+00,0.000000e+00
1.000000e+00,0.000000e+00,0.000000e+00,0.000000e+00,0.000000e+00,0.000000e+00,0.000000e+00,0.000000e+00,0.000000e+00,0.000000e+00,0.000000e+00,0.000000e+00,0.000000e+00,0.000000e+00,0.000000e+00
1.000000e+00,0.000000e+00,0.000000e+00,0.000000e+00,0.000000e+00,0.000000e+00,0.000000e+00,0.000000e+00,0.000000e+00,0.000000e+00,0.000000e+00,0.000000e+00,0.000000e+00,0.000000e+00,0.000000e+00
1.000000e+00,0.000000e+00,0.000000e+00,0.000000e+00,0.000000e+00,0.000000e+00,0.000000e+00,0.000000e+00,0.000000e+00,0.000000e+00,0.000000e+00,0.000000e+00,0.000000e+00,0.000000e+00,0.000000e+00
1.000000e+00,0.000000e+00,0.000000e+00,0.000000e+00,0.000000e+00,0.000000e+00,0.000000e+00,0.000000e+00,0.000000e+00,0.000000e+00,0.000000e+00,0.000000e+00,0.000000e+00,0.000000e+00,0.000000e+00
1.000000e+00,0.000000e+00,0.000000e+00,0.000000e+00,0.000000e+00,0.000000e+00,0.000000e+00,0.000000e+00,0.000000e+00,0.000000e+00,0.000000e+00,0.000000e+00,0.000000e+00,0.000000e+00,0.000000e+00
1.000000e+00,0.000000e+00,0.000000e+00,0.000000e+00,0.000000e+00,0.000000e+00,0.000000e+00,0.000000e+00,0.000000e+00,0.000000e+00,0.000000e+00,0.000000e+00,0.000000e+00,0.000000e+00,0.000000e+00
1.000000e+00,0.000000e+00,0.000000e+00,0.000000e+00,0.000000e+00,0.000000e+00,0.000000e+00,0.000000e+00,0.000000e+00,0.000000e+00,0.000000e+00,0.000000e+00,0.000000e+00,0.000000e+00,0.000000e+00
1.000000e+00,0.000000e+00,0.000000e+00,0.000000e+00,0.000000e+00,0.000000e+00,0.000000e+00,0.000000e+00,0.000000e+00,0.000000e+00,0.000000e+00,0.000000e+00,0.000000e+00,0.000000e+00,0.000000e+00
1.000000e+00,0.000000e+00,0.000000e+00,0.000000e+00,0.000000e+00,0.000000e+00,0.000000e+00,0.000000e+00,0.000000e+00,0.000000e+00,0.000000e+00,0.000000e+00,0.000000e+00,0.000000e+00,0.000000e+00
1.000000e+00,0.000000e+00,0.000000e+00,0.000000e+00,0.000000e+00,0.000000e+00,0.000000e+00,0.000000e+00,0.000000e+00,0.000000e+00,0.000000e+00,0.000000e+00,0.000000e+00,0.000000e+00,0.000000e+00
1.000000e+00,0.000000e+00,0.000000e+00,0.000000e+00,0.000000e+00,0.000000e+00,0.000000e+00,0.000000e+00,0.000000e+00,0.000000e+00,0.000000e+00,0.000000e+00,0.000000e+00,0.000000e+00,0.000000e+00
1.000000e+00,0.000000e+00,0.000000e+00,0.000000e+00,0.000000e+00,0.000000e+00,0.000000e+00,0.000000e+00,0.000000e+00,0.000000e+00,0.000000e+00,0.000000e+00,0.000000e+00,0.000000e+00,0.000000e+00
1.000000e+00,0.000000e+00,0.000000e+00,0.000000e+00,0.000000e+00,0.000000e+00,0.000000e+00,0.000000e+00,0.000000e+00,0.000000e+00,0.000000e+00,0.000000e+00,0.000000e+00,0.000000e+00,0.000000e+00
1.000000e+00,0.000000e+00,0.000000e+00,0.000000e+00,0.000000e+00,0.000000e+00,0.000000e+00,0.000000e+00,0.000000e+00,0.000000e+00,0.000000e+00,0.000000e+00,0.000000e+00,0.000000e+00,0.000000e+00
1.000000e+00,0.000000e+00,0.000000e+00,0.000000e+00,0.000000e+00,0.000000e+00,0.000000e+00,0.000000e+00,0.000000e+00,0.000000e+00,0.000000e+00,0.000000e+00,0.000000e+00,0.000000e+00,0.000000e+00
1.000000e+00,0.000000e+00,0.000000e+00,0.000000e+00,0.000000e+00,0.000000e+00,0.000000e+00,0.000000e+00,0.000000e+00,0.000000e+00,0.000000e+00,0.000000e+00,0.000000e+00,0.000000e+00,0.000000e+00
1.000000e+00,0.000000e+00,0.000000e+00,0.000000e+00,0.000000e+00,0.000000e+00,0.000000e+00,0.000000e+00,0.000000e+00,0.000000e+00,0.000000e+00,0.000000e+00,0.000000e+00,0.000000e+00,0.000000e+00
1.000000e+00,0.000000e+00,0.000000e+00,0.000000e+00,0.000000e+00,0.000000e+00,0.000000e+00,0.000000e+00,0.000000e+00,0.000000e+00,0.000000e+00,0.000000e+00,0.000000e+00,0.000000e+00,0.000000e+00
1.000000e+00,0.000000e+00,0.000000e+00,0.000000e+00,0.000000e+00,0.000000e+00,0.000000e+00,0.000000e+00,0.000000e+00,0.000000e+00,0.000000e+00,0.000000e+00,0.000000e+00,0.000000e+00,0.000000e+00
1.000000e+00,0.000000e+00,0.000000e+00,0.000000e+00,0.000000e+00,0.000000e+00,0.000000e+00,0.000000e+00,0.000000e+00,0.000000e+00,0.000000e+00,0.000000e+00,0.000000e+00,0.000000e+00,0.000000e+00
1.000000e+00,0.000000e+00,0.000000e+00,0.000000e+00,0.000000e+00,0.000000e+00,0.000000e+00,0.000000e+00,0.000000e+00,0.000000e+00,0.000000e+00,0.000000e+00,0.000000e+00,0.000000e+00,0.000000e+00
1.000000e+00,0.000000e+00,0.000000e+00,0.000000e+00,0.000000e+00,0.000000e+00,0.000000e+00,0.000000e+00,0.000000e+00,0.000000e+00,0.000000e+00,0.000000e+00,0.000000e+00,0.000000e+00,0.000000e+00
1.000000e+00,0.000000e+00,0.000000e+00,0.000000e+00,0.000000e+00,0.000000e+00,0.000000e+00,0.000000e+00,0.000000e+00,0.000000e+00,0.000000e+00,0.000000e+00,0.000000e+00,0.000000e+00,0.000000e+00
1.000000e+00,0.000000e+00,0.000000e+00,0.000000e+00,0.000000e+00,0.000000e+00,0.000000e+00,0.000000e+00,0.000000e+00,0.000000e+00,0.000000e+00,0.000000e+00,0.000000e+00,0.000000e+00,0.000000e+00
1.000000e+00,0.000000e+00,0.000000e+00,0.000000e+00,0.000000e+00,0.000000e+00,0.000000e+00,0.000000e+00,0.000000e+00,0.000000e+00,0.000000e+00,0.000000e+00,0.000000e+00,0.000000e+00,0.000000e+00
1.000000e+00,0.000000e+00,0.000000e+00,0.000000e+00,0.000000e+00,0.000000e+00,0.000000e+00,0.000000e+00,0.000000e+00,0.000000e+00,0.000000e+00,0.000000e+00,0.000000e+00,0.000000e+00,0.000000e+00
1.000000e+00,0.000000e+00,0.000000e+00,0.000000e+00,0.000000e+00,0.000000e+00,0.000000e+00,0.000000e+00,0.000000e+00,0.000000e+00,0.000000e+00,0.000000e+00,0.000000e+00,0.000000e+00,0.000000e+00
1.000000e+00,0.000000e+00,0.000000e+00,0.000000e+00,0.000000e+00,0.000000e+00,0.000000e+00,0.000000e+00,0.000000e+00,0.000000e+00,0.000000e+00,0.000000e+00,0.000000e+00,0.000000e+00,0.000000e+00
1.000000e+00,0.000000e+00,0.000000e+00,0.000000e+00,0.000000e+00,0.000000e+00,0.000000e+00,0.000000e+00,0.000000e+00,0.000000e+00,0.000000e+00,0.000000e+00,0.000000e+00,0.000000e+00,0.000000e+00
1.000000e+00,0.000000e+00,0.000000e+00,0.000000e+00,0.000000e+00,0.000000e+00,0.000000e+00,0.000000e+00,0.000000e+00,0.000000e+00,0.000000e+00,0.000000e+00,0.000000e+00,0.000000e+00,0.000000e+00
1.000000e+00,0.000000e+00,0.000000e+00,0.000000e+00,0.000000e+00,0.000000e+00,0.000000e+00,0.000000e+00,0.000000e+00,0.000000e+00,0.000000e+00,0.000000e+00,0.000000e+00,0.000000e+00,0.000000e+00
1.000000e+00,0.000000e+00,0.000000e+00,0.000000e+00,0.000000e+00,0.000000e+00,0.000000e+00,0.000000e+00,0.000000e+00,0.000000e+00,0.000000e+00,0.000000e+00,0.000000e+00,0.000000e+00,0.000000e+00
1.000000e+00,0.000000e+00,0.000000e+00,0.000000e+00,0.000000e+00,0.000000e+00,0.000000e+00,0.000000e+00,0.000000e+00,0.000000e+00,0.000000e+00,0.000000e+00,0.000000e+00,0.000000e+00,0.000000e+00
1.000000e+00,0.000000e+00,0.000000e+00,0.000000e+00,0.000000e+00,0.000000e+00,0.000000e+00,0.000000e+00,0.000000e+00,0.000000e+00,0.000000e+00,0.000000e+00,0.000000e+00,0.000000e+00,0.000000e+00
1.000000e+00,0.000000e+00,0.000000e+00,0.000000e+00,0.000000e+00,0.000000e+00,0.000000e+00,0.000000e+00,0.000000e+00,0.000000e+00,0.000000e+00,0.000000e+00,0.000000e+00,0.000000e+00,0.000000e+00
1.000000e+00,0.000000e+00,0.000000e+00,0.000000e+00,0.000000e+00,0.000000e+00,0.000000e+00,0.000000e+00,0.000000e+00,0.000000e+00,0.000000e+00,0.000000e+00,0.000000e+00,0.000000e+00,0.000000e+00
1.000000e+00,0.000000e+00,0.000000e+00,0.000000e+00,0.000000e+00,0.000000e+00,0.000000e+00,0.000000e+00,0.000000e+00,0.000000e+00,0.000000e+00,0.000000e+00,0.000000e+00,0.000000e+00,0.000000e+00
1.000000e+00,0.000000e+00,0.000000e+00,0.000000e+00,0.000000e+00,0.000000e+00,0.000000e+00,0.000000e+00,0.000000e+00,0.000000e+00,0.000000e+00,0.000000e+00,0.000000e+00,0.000000e+00,0.000000e+00
1.000000e+00,0.000000e+00,0.000000e+00,0.000000e+00,0.000000e+00,0.000000e+00,0.000000e+00,0.000000e+00,0.000000e+00,0.000000e+00,0.000000e+00,0.000000e+00,0.000000e+00,0.000000e+00,0.000000e+00
1.000000e+00,0.000000e+00,0.000000e+00,0.000000e+00,0.000000e+00,0.000000e+00,0.000000e+00,0.000000e+00,0.000000e+00,0.000000e+00,0.000000e+00,0.000000e+00,0.000000e+00,0.000000e+00,0.000000e+00
1.000000e+00,0.000000e+00,0.000000e+00,0.000000e+00,0.000000e+00,0.000000e+00,0.000000e+00,0.000000e+00,0.000000e+00,0.000000e+00,0.000000e+00,0.000000e+00,0.000000e+00,0.000000e+00,0.000000e+00
1.000000e+00,0.000000e+00,0.000000e+00,0.000000e+00,0.000000e+00,0.000000e+00,0.000000e+00,0.000000e+00,0.000000e+00,0.000000e+00,0.000000e+00,0.000000e+00,0.000000e+00,0.000000e+00,0.000000e+00
1.000000e+00,0.000000e+00,0.000000e+00,0.000000e+00,0.000000e+00,0.000000e+00,0.000000e+00,0.000000e+00,0.000000e+00,0.000000e+00,0.000000e+00,0.000000e+00,0.000000e+00,0.000000e+00,0.000000e+00
1.000000e+00,0.000000e+00,0.000000e+00,0.000000e+00,0.000000e+00,0.000000e+00,0.000000e+00,0.000000e+00,0.000000e+00,0.000000e+00,0.000000e+00,0.000000e+00,0.000000e+00,0.000000e+00,0.000000e+00
1.000000e+00,0.000000e+00,0.000000e+00,0.000000e+00,0.000000e+00,0.000000e+00,0.000000e+00,0.000000e+00,0.000000e+00,0.000000e+00,0.000000e+00,0.000000e+00,0.000000e+00,0.000000e+00,0.000000e+00
4.929828e-01,3.157896e-02,1.759830e-02,3.919643e-02,3.494195e-03,2.670332e-02,2.108539e-03,6.992956e-03,2.089994e-02,6.412839e-03,1.823040e-01,2.192051e-02,8.574706e-03,5.576654e-02,8.346608e-02
4.035659e-01,3.825197e-02,4.700180e-02,6.631923e-02,3.845021e-03,2.716940e-02,2.215323e-03,9.728847e-03,2.839326e-02,6.068867e-03,1.864279e-01,2.509763e-02,1.025937e-02,6.027981e-02,8.537568e-02
3.729222e-01,4.042578e-02,4.469515e-02,8.014585e-02,4.391337e-03,2.461199e-02,2.244787e-03,9.167690e-03,4.003598e-02,6.601603e-03,1.705091e-01,2.398368e-02,1.037591e-02,6.749238e-02,1.023966e-01
3.893180e-01,3.684494e-02,3.643045e-02,7.287718e-02,4.573809e-03,2.227116e-02,2.162772e-03,8.276283e-03,4.013600e-02,7.013423e-03,1.591759e-01,2.295822e-02,9.681338e-03,8.373694e-02,1.045436e-01
3.725848e-01,3.451533e-02,3.115913e-02,7.098074e-02,4.692452e-03,2.322767e-02,1.986761e-03,8.220360e-03,4.895615e-02,7.942675e-03,1.599659e-01,2.209761e-02,9.228258e-03,9.393830e-02,1.105038e-01
3.517542e-01,3.433071e-02,3.359745e-02,7.278468e-02,5.541352e-03,2.563413e-02,2.133382e-03,1.239957e-02,4.905169e-02,7.249298e-03,1.957336e-01,2.437213e-02,8.987892e-03,7.968871e-02,9.674114e-02
2.652721e-01,3.331777e-02,2.713475e-02,6.402713e-02,4.238973e-03,2.437036e-02,1.564878e-03,9.347301e-03,6.376591e-02,3.291325e-02,2.249859e-01,2.817697e-02,8.272773e-03,8.368980e-02,1.289221e-01
1.859599e-01,2.640909e-02,1.932541e-02,4.514039e-02,3.062941e-03,1.848978e-02,1.106441e-03,6.592184e-03,5.732596e-02,2.320308e-02,2.602650e-01,2.174318e-02,6.164165e-03,2.273238e-01,9.788864e-02
1.318035e-01,2.126401e-02,1.366883e-02,3.244771e-02,2.367187e-03,1.917879e-02,8.089941e-04,4.803966e-03,7.844815e-02,1.678837e-02,4.010952e-01,2.025123e-02,7.153849e-03,1.652467e-01,8.467349e-02
9.269413e-02,1.592621e-02,9.650019e-03,2.305269e-02,1.781006e-03,1.623172e-02,5.990830e-04,3.488978e-03,6.419078e-02,1.200370e-02,4.509512e-01,1.884043e-02,5.435514e-03,2.224690e-01,6.268552e-02
6.537659e-02,1.272516e-02,6.883470e-03,1.648122e-02,2.278850e-03,1.349848e-02,4.885808e-04,2.614562e-03,6.791662e-02,1.097653e-02,4.288244e-01,1.648190e-02,4.306710e-03,3.059191e-01,4.522780e-02
4.596455e-02,9.106739e-03,4.898760e-03,1.169437e-02,2.218127e-03,1.046851e-02,3.760756e-04,1.856278e-03,4.978510e-02,1.097744e-02,5.106447e-01,1.474202e-02,3.152966e-03,2.922975e-01,3.181680e-02
3.242316e-02,6.528761e-03,3.464521e-03,8.412998e-03,2.246165e-03,8.018524e-03,2.924948e-04,1.324556e-03,3.915222e-02,1.412449e-02,5.630687e-01,1.398425e-02,2.309795e-03,2.822088e-01,2.244050e-02
2.281615e-02,4.922531e-03,2.542800e-03,5.936016e-03,1.989178e-03,5.896747e-03,2.263402e-04,9.470594e-04,2.968943e-02,1.749909e-02,6.014225e-01,1.305815e-02,1.649348e-03,2.754084e-01,1.599615e-02
1.636609e-02,4.004112e-03,2.488514e-03,4.380666e-03,2.302015e-03,4.601900e-03,2.274540e-04,8.010558e-04,2.748955e-02,2.550351e-02,5.921077e-01,1.275313e-02,1.217554e-03,2.940007e-01,1.175605e-02
1.178210e-02,3.633788e-03,2.605035e-03,3.337199e-03,2.407566e-03,5.053315e-03,2.166622e-04,6.475539e-04,2.225197e-02,1.039249e-01,5.994948e-01,1.052167e-02,9.409927e-04,2.237259e-01,9.456437e-03
8.797169e-03,3.225788e-03,2.302125e-03,2.433440e-03,2.315365e-03,6.295494e-03,2.172227e-04,5.129501e-04,1.656946e-02,1.888145e-01,5.826861e-01,8.120036e-03,7.378163e-04,1.699543e-01,7.018283e-03
6.234530e-03,2.496766e-03,1.736752e-03,1.726222e-03,1.851876e-03,7.032632e-03,1.616667e-04,3.671974e-04,1.214724e-02,2.949566e-01,5.314990e-01,6.039643e-03,5.744061e-04,1.280061e-01,5.169381e-03
4.414203e-03,1.875220e-03,1.239154e-03,1.209566e-03,1.343061e-03,7.962221e-03,1.139950e-04,2.578429e-04,8.536086e-03,3.961928e-01,4.746070e-01,4.268238e-03,4.312646e-04,9.381011e-02,3.739178e-03
3.124173e-03,1.411727e-03,8.904844e-04,8.503259e-04,9.895705e-04,7.556892e-03,8.184365e-05,1.827058e-04,6.060904e-03,5.090673e-01,3.958752e-01,3.030591e-03,4.268361e-04,6.776501e-02,2.686348e-03
2.201243e-03,1.353820e-03,6.369417e-04,6.015599e-04,7.170349e-04,6.177646e-03,5.786515e-05,1.285813e-04,4.299413e-03,6.311930e-01,2.999604e-01,2.160507e-03,4.445823e-04,4.812622e-02,1.941140e-03
1.546847e-03,2.597602e-03,4.622116e-04,4.248077e-04,5.131156e-04,4.723278e-03,4.073051e-05,9.034517e-05,3.104227e-03,7.285492e-01,2.205978e-01,1.567527e-03,3.587615e-04,3.400270e-02,1.420886e-03
1.115088e-03,3.342825e-03,3.682253e-04,3.226735e-04,4.320551e-04,4.772217e-03,3.320874e-05,7.100918e-05,2.575542e-03,8.013916e-01,1.583926e-01,1.255947e-03,3.950034e-04,2.432197e-02,1.210056e-03
8.111867e-04,3.631370e-03,2.891198e-04,2.408120e-04,3.875377e-04,4.123213e-03,2.482335e-05,5.096259e-05,2.017149e-03,8.430915e-01,1.242920e-01,1.337049e-03,8.830079e-04,1.775534e-02,1.064910e-03
5.994219e-04,6.037727e-03,2.353172e-04,1.733894e-04,3.397027e-04,3.354235e-03,2.145021e-05,3.674244e-05,1.486095e-03,8.764712e-01,9.536267e-02,1.278106e-03,9.240003e-04,1.285790e-02,8.220464e-04
4.416892e-04,1.424950e-02,2.153559e-04,1.292520e-04,3.531692e-04,2.656954e-03,2.184341e-05,2.784700e-05,1.136253e-03,8.955781e-01,7.096072e-02,3.033384e-03,1.165779e-03,9.396984e-03,6.330587e-04
3.249499e-04,1.032528e-02,1.663124e-04,1.011956e-04,3.603029e-04,2.048203e-03,1.697725e-05,3.092524e-05,9.182589e-04,9.239618e-01,5.065787e-02,2.661650e-03,1.274131e-03,6.693595e-03,4.585524e-04
2.981964e-04,7.554783e-03,1.555853e-04,8.952939e-05,4.393061e-04,1.759703e-03,1.561958e-05,3.395928e-05,7.415089e-04,9.435768e-01,3.626579e-02,2.447414e-03,1.295202e-03,4.959208e-03,3.673559e-04
2.993582e-04,7.369898e-03,3.615447e-04,8.548786e-05,4.191857e-04,1.509865e-03,1.569013e-05,2.893221e-05,8.264643e-04,9.432406e-01,3.468474e-02,3.839548e-03,2.036778e-03,4.719477e-03,5.624040e-04
2.928261e-04,5.393869e-03,5.384928e-04,9.283100e-05,4.546256e-04,2.008191e-03,1.715395e-05,8.312581e-05,1.398169e-03,9.444997e-01,3.113128e-02,5.489745e-03,3.690048e-03,4.386494e-03,5.234010e-04
2.863980e-04,4.058451e-03,4.909436e-04,1.033568e-04,4.031333e-04,4.687062e-03,2.075176e-05,9.451865e-05,1.709337e-03,9.421486e-01,2.910127e-02,6.132294e-03,5.655856e-03,4.478190e-03,6.298384e-04
3.963354e-04,2.989794e-03,5.561085e-04,9.766487e-05,3.843514e-04,5.267137e-03,2.333293e-05,8.165353e-05,1.459048e-03,9.504567e-01,2.367371e-02,4.750796e-03,5.299398e-03,3.710487e-03,8.533822e-04
3.981134e-04,2.111389e-03,4.669091e-04,9.434342e-05,1.213595e-03,3.984599e-03,3.327787e-05,1.308596e-04,3.382374e-03,9.591191e-01,1.739007e-02,3.794154e-03,4.255081e-03,2.933017e-03,6.930427e-04
4.185580e-04,1.485731e-03,3.967165e-04,1.122903e-04,4.152953e-03,2.961968e-03,2.133762e-04,2.455688e-03,5.370990e-03,9.579704e-01,1.278305e-02,3.536906e-03,5.230746e-03,2.387144e-03,5.233878e-04
4.990033e-04,1.061040e-03,4.048571e-04,2.405427e-04,5.382948e-03,2.328541e-03,2.326145e-04,2.832565e-03,8.041163e-03,9.586670e-01,9.698858e-03,3.335283e-03,4.996766e-03,1.870138e-03,4.086440e-04
2.528463e-03,7.715657e-04,4.104813e-04,8.927134e-04,7.954233e-03,3.335944e-03,3.228901e-04,9.051100e-02,1.254192e-02,8.592505e-01,7.786770e-03,5.500978e-03,6.378262e-03,1.487203e-03,3.270091e-04
1.334409e-02,8.797634e-04,2.694704e-03,1.602013e-03,4.978517e-02,3.399903e-03,4.097537e-03,1.864083e-01,1.694787e-02,6.906251e-01,7.478716e-03,7.121662e-03,1.403084e-02,1.232901e-03,3.513924e-04
1.205557e-02,7.699526e-04,2.438233e-03,1.512230e-03,1.562594e-01,2.952521e-03,5.155170e-03,1.320541e-01,2.810828e-02,6.339808e-01,5.970573e-03,5.518723e-03,1.197344e-02,9.441829e-04,3.069409e-04
1.546017e-02,1.230926e-03,7.697390e-03,3.274148e-03,2.747243e-01,2.928796e-03,1.569963e-02,1.000230e-01,4.347213e-02,5.144275e-01,4.586613e-03,4.518536e-03,1.071180e-02,7.260738e-04,5.191080e-04
2.601331e-02,1.272876e-03,6.336052e-03,2.703575e-03,2.950454e-01,2.480648e-03,1.367943e-02,7.646226e-02,4.327749e-02,5.160874e-01,3.400871e-03,3.455947e-03,8.134387e-03,8.715060e-04,7.788437e-04
4.399927e-02,2.002032e-03,7.552767e-03,2.905459e-03,3.060082e-01,2.499301e-03,1.379188e-02,5.901298e-02,5.446686e-02,4.928134e-01,2.948142e-03,2.850001e-03,6.458622e-03,1.610018e-03,1.080975e-03
4.827681e-02,4.804774e-03,3.287158e-02,1.309636e-02,3.227261e-01,4.102142e-03,2.301237e-02,6.079402e-02,5.526798e-02,4.203354e-01,2.820035e-03,3.020117e-03,5.828288e-03,1.372654e-03,1.671393e-03
4.684211e-02,4.334702e-03,1.172444e-01,1.674117e-02,2.891476e-01,3.649123e-03,2.533757e-02,5.588036e-02,4.967131e-02,3.786013e-01,2.477887e-03,2.687811e-03,4.676645e-03,1.099505e-03,1.608566e-03
6.283350e-02,6.497625e-03,1.753182e-01,1.349209e-02,2.608584e-01,6.102882e-03,2.296690e-02,4.231069e-02,4.282335e-02,3.522530e-01,2.299226e-03,2.522792e-03,5.916675e-03,1.120055e-03,2.684576e-03
7.954989e-02,8.441514e-03,1.329179e-01,1.432350e-02,2.382451e-01,1.030732e-02,2.594259e-02,3.574995e-02,4.312596e-02,3.939472e-01,2.905047e-03,3.043021e-03,6.515462e-03,1.337846e-03,3.647630e-03
9.627143e-02,9.128982e-03,9.706149e-02,1.824729e-02,2.455735e-01,1.382535e-02,2.515673e-02,3.962749e-02,4.034689e-02,3.828555e-01,6.880586e-03,1.136964e-02,8.192605e-03,1.426321e-03,4.036156e-03
1.125002e-01,1.376221e-02,7.326461e-02,1.574036e-02,2.180891e-01,2.050671e-02,1.917167e-02,2.982686e-02,3.298783e-02,4.231996e-01,8.298904e-03,1.228436e-02,7.780534e-03,2.457461e-03,1.012952e-02
1.363508e-01,1.347486e-02,5.355222e-02,1.296149e-02,1.670794e-01,2.338513e-02,1.441529e-02,2.273391e-02,2.719620e-02,4.841867e-01,7.962564e-03,1.212278e-02,7.004272e-03,3.410745e-03,1.416361e-02
1.752645e-01,1.563636e-02,4.059762e-02,1.204288e-02,1.327759e-01,2.816723e-02,1.122679e-02,1.706605e-02,2.384005e-02,4.947156e-01,8.179577e-03,1.186288e-02,6.964106e-03,4.739998e-03,1.692048e-02
2.333820e-01,1.499476e-02,2.957684e-02,1.066773e-02,1.233465e-01,3.359653e-02,8.543480e-03,1.259441e-02,1.939347e-02,4.613997e-01,7.401930e-03,1.072519e-02,6.041381e-03,6.324180e-03,2.201198e-02
2.818579e-01,1.654333e-02,2.290899e-02,1.277905e-02,1.049012e-01,3.947007e-02,6.496553e-03,9.683179e-03,1.978575e-02,3.833547e-01,1.067215e-02,1.976411e-02,6.255214e-03,1.296876e-02,5.255903e-02
3.154930e-01,2.740119e-02,1.865579e-02,2.180644e-02,8.001338e-02,3.384319e-02,5.910281e-03,8.000059e-03,2.507894e-02,2.936795e-01,1.377656e-02,2.399760e-02,6.231812e-03,1.988662e-02,1.062257e-01
2.267152e-01,2.320287e-02,1.446643e-02,1.634931e-02,5.632552e-02,3.992619e-02,4.185794e-03,5.666226e-03,2.235102e-02,2.258530e-01,1.452114e-02,1.812913e-02,4.745123e-03,5.546527e-02,2.720979e-01
1.631230e-01,2.692296e-02,1.098871e-02,1.291752e-02,3.988397e-02,3.705214e-02,3.033808e-03,4.082219e-03,6.673828e-02,1.748582e-01,1.960453e-02,2.005453e-02,8.086105e-03,9.412086e-02,3.185332e-01
1.160416e-01,3.465461e-02,8.025886e-03,9.440676e-03,2.820604e-02,3.150737e-02,2.266351e-03,2.928223e-03,8.938552e-02,1.298479e-01,3.998118e-02,3.154935e-02,1.177791e-02,2.285883e-01,2.357992e-01
8.170031e-02,4.692702e-02,5.950693e-03,6.982467e-03,2.021824e-02,5.748657e-02,1.629038e-03,2.199006e-03,2.208820e-01,9.287461e-02,3.979184e-02,2.510669e-02,1.173472e-02,2.122232e-01,1.742937e-01
5.753811e-02,7.006414e-02,8.720135e-03,1.684798e-02,1.524313e-02,4.830598e-02,1.293301e-03,2.997452e-03,3.615354e-01,7.187250e-02,3.103420e-02,1.855173e-02,9.481180e-03,1.614836e-01,1.250311e-01
4.156629e-02,1.551528e-01,1.122007e-02,1.680273e-02,1.152472e-02,4.069269e-02,1.062419e-03,2.316408e-03,3.449626e-01,5.799372e-02,4.041561e-02,1.612175e-02,7.793332e-03,1.492466e-01,1.031282e-01
3.070065e-02,1.272329e-01,1.027990e-02,2.015372e-02,1.100823e-02,4.171193e-02,1.639651e-03,4.439912e-03,3.351214e-01,5.408642e-02,6.962141e-02,2.688077e-02,3.511053e-02,1.465560e-01,8.545651e-02
2.480688e-02,1.322112e-01,9.806222e-03,2.011578e-02,1.333201e-02,5.459223e-02,1.454522e-03,4.266748e-03,3.010687e-01,4.561844e-02,8.432866e-02,2.446858e-02,3.916631e-02,1.697582e-01,7.500549e-02
2.085178e-02,1.119839e-01,1.347923e-02,1.020018e-01,4.153121e-02,4.334859e-02,1.450487e-03,5.160424e-03,3.235929e-01,3.547560e-02,6.478480e-02,1.872443e-02,2.861121e-02,1.256751e-01,6.332841e-02
3.898136e-02,1.078482e-01,1.906713e-02,1.079109e-01,3.804896e-02,3.428916e-02,1.215286e-03,5.445001e-03,3.014902e-01,3.198976e-02,5.181858e-02,2.314091e-02,2.632040e-02,1.150143e-01,9.741981e-02
7.055672e-02,1.154309e-01,2.560021e-02,9.042606e-02,5.186298e-02,2.897332e-02,1.086616e-03,8.834684e-03,2.710353e-01,2.863292e-02,4.326658e-02,1.989069e-02,2.259660e-02,1.192583e-01,1.025482e-01
7.516345e-02,1.071159e-01,2.660547e-02,7.509776e-02,6.793582e-02,2.443503e-02,1.484146e-03,1.566563e-02,2.980490e-01,3.198997e-02,3.762395e-02,1.519897e-02,2.010252e-02,9.158059e-02,1.119517e-01
5.502067e-02,8.333713e-02,3.173756e-02,6.614961e-02,5.242166e-02,1.780746e-02,1.183379e-03,1.198772e-02,3.836978e-01,3.430187e-02,3.036776e-02,1.106470e-02,1.483507e-02,6.983111e-02,1.362565e-01
4.460554e-02,6.572919e-02,9.509313e-02,1.070171e-01,4.159701e-02,1.298596e-02,1.003998e-03,1.139644e-02,3.800780e-01,2.943354e-02,2.424747e-02,8.317433e-03,1.122510e-02,5.184977e-02,1.154202e-01
8.031744e-02,6.870463e-02,7.228976e-02,9.442991e-02,3.917406e-02,1.208442e-02,1.021149e-03,1.042920e-02,3.756791e-01,3.475382e-02,2.472821e-02,6.834042e-03,1.003387e-02,4.658377e-02,1.229365e-01
6.516712e-02,5.264797e-02,7.025520e-02,1.949436e-01,2.971106e-02,9.122677e-03,8.045354e-04,8.593511e-03,3.699235e-01,3.049518e-02,2.011676e-02,5.170766e-03,7.743913e-03,3.312139e-02,1.021828e-01
6.266598e-02,4.061997e-02,8.315867e-02,1.901754e-01,2.156420e-02,7.382289e-03,6.570076e-04,7.494410e-03,3.778761e-01,3.212313e-02,1.691070e-02,4.288100e-03,6.205381e-03,2.579003e-02,1.230887e-01
5.269925e-02,3.151413e-02,6.693563e-02,1.456945e-01,1.598934e-02,5.884889e-03,4.867383e-04,5.692319e-03,4.250088e-01,3.357507e-02,1.864437e-02,3.678101e-03,5.121267e-03,2.348800e-02,1.655876e-01
1.022555e-01,3.651280e-02,7.580887e-02,1.750650e-01,1.271569e-02,8.536594e-03,9.238138e-04,7.081876e-03,3.675718e-01,2.750219e-02,1.740981e-02,5.895096e-03,6.299584e-03,1.787739e-02,1.385441e-01
2.036721e-01,3.250298e-02,1.004220e-01,1.544965e-01,1.055553e-02,1.073428e-02,1.865304e-03,1.123346e-02,2.807891e-01,2.193338e-02,1.626749e-02,1.020615e-02,6.733080e-03,1.864188e-02,1.199468e-01
2.789402e-01,3.201053e-02,1.021832e-01,1.284457e-01,9.341891e-03,1.156259e-02,2.354607e-03,1.686501e-02,2.142003e-01,1.940286e-02,1.655504e-02,1.368892e-02,8.182857e-03,2.266650e-02,1.235998e-01
4.201476e-01,3.094948e-02,8.109269e-02,1.023485e-01,9.720507e-03,1.014556e-02,2.361578e-03,1.997424e-02,1.540823e-01,1.474283e-02,1.604375e-02,1.442168e-02,8.411685e-03,1.969886e-02,9.585867e-02
4.446555e-01,5.722793e-02,7.036570e-02,1.168924e-01,9.919989e-03,9.921204e-03,3.041071e-03,1.654208e-02,1.139344e-01,1.276529e-02,1.444893e-02,1.837035e-02,1.083723e-02,1.625845e-02,8.481949e-02
1.000000e+00,0.000000e+00,0.000000e+00,0.000000e+00,0.000000e+00,0.000000e+00,0.000000e+00,0.000000e+00,0.000000e+00,0.000000e+00,0.000000e+00,0.000000e+00,0.000000e+00,0.000000e+00,0.000000e+00
1.000000e+00,0.000000e+00,0.000000e+00,0.000000e+00,0.000000e+00,0.000000e+00,0.000000e+00,0.000000e+00,0.000000e+00,0.000000e+00,0.000000e+00,0.000000e+00,0.000000e+00,0.000000e+00,0.000000e+00
4.204503e-01,4.570074e-02,1.144565e-01,1.936533e-01,1.074422e-02,1.157675e-02,2.558789e-03,1.143320e-02,5.549133e-02,1.016476e-02,1.903889e-02,1.744002e-02,1.552293e-02,1.245421e-02,5.931403e-02
3.562239e-01,3.557330e-02,8.947577e-02,1.869403e-01,9.087604e-03,1.119538e-02,2.178678e-03,8.784480e-03,4.759840e-02,1.100208e-02,2.348793e-02,1.585691e-02,1.466051e-01,9.392024e-03,4.659802e-02
2.974112e-01,2.719966e-02,6.494247e-02,1.659476e-01,6.754361e-03,1.077295e-02,1.766050e-03,6.550527e-03,3.706855e-02,9.175094e-03,2.386443e-02,1.515493e-02,2.920364e-01,6.713892e-03,3.464191e-02
2.647255e-01,2.036393e-02,4.768949e-02,1.538661e-01,5.000715e-03,1.566231e-02,1.510494e-03,5.259013e-03,3.784188e-02,7.517468e-03,1.991195e-02,1.431225e-02,3.748134e-01,4.958596e-03,2.656702e-02
1.927828e-01,1.987097e-02,3.542398e-02,1.223843e-01,3.627384e-03,1.316614e-02,1.129522e-03,4.368723e-03,1.785404e-01,7.621176e-03,1.493703e-02,1.410136e-02,3.678080e-01,4.238607e-03,1.999961e-02
1.602811e-01,1.481068e-02,2.498101e-02,8.744597e-02,2.861524e-03,1.990265e-02,9.785473e-04,3.502859e-03,1.336691e-01,5.439081e-03,1.222413e-02,1.196277e-02,5.036262e-01,3.358596e-03,1.495575e-02
1.454573e-01,1.423999e-02,1.846841e-02,6.797390e-02,3.119113e-03,3.955631e-02,1.307680e-03,3.533396e-03,1.730264e-01,4.248622e-03,9.543865e-03,1.202924e-02,4.921270e-01,3.268264e-03,1.210049e-02
1.291893e-01,1.344382e-02,1.326256e-02,4.817472e-02,3.619503e-03,5.515798e-02,2.206561e-03,3.061406e-03,1.531107e-01,3.039474e-03,7.073484e-03,9.676430e-03,5.451744e-01,3.336417e-03,1.047330e-02
1.170427e-01,1.119315e-02,9.991488e-03,3.446313e-02,3.694635e-03,4.721233e-02,2.529944e-03,9.598924e-03,1.289078e-01,2.196870e-03,7.357020e-03,8.234585e-03,6.056069e-01,2.874903e-03,9.095509e-03
8.900127e-02,8.444431e-03,7.248263e-03,2.425284e-02,7.578081e-03,4.213896e-02,2.904495e-03,7.607150e-03,9.555700e-02,1.572498e-03,6.554515e-03,6.797377e-03,6.901768e-01,2.975185e-03,7.191095e-03
6.637206e-02,6.855363e-03,5.352430e-03,1.719549e-02,8.587305e-03,3.692887e-02,3.603400e-03,6.214590e-03,7.500298e-02,1.183367e-03,5.049876e-03,6.645857e-03,7.511927e-01,3.156921e-03,6.658853e-03
4.910258e-02,7.111426e-03,4.631165e-03,1.224884e-02,7.613895e-03,2.668502e-02,3.287598e-03,5.159834e-03,5.832933e-02,9.928676e-04,4.197881e-03,7.410201e-03,8.031656e-01,2.798097e-03,7.265711e-03
4.150626e-02,8.584620e-03,3.678007e-03,8.797168e-03,9.534949e-03,1.992257e-02,2.879595e-03,4.499328e-03,4.898061e-02,8.287057e-04,3.399814e-03,5.897494e-03,8.321508e-01,2.291880e-03,7.048114e-03
3.787462e-02,8.925104e-03,3.074432e-03,6.549820e-03,1.047039e-02,1.863336e-02,2.253273e-03,4.566892e-03,4.008120e-02,7.122889e-04,2.576875e-03,4.603395e-03,8.516260e-01,1.824034e-03,6.228290e-03
5.254214e-02,1.708205e-02,3.689793e-03,1.238432e-02,1.214007e-02,2.353425e-02,2.023941e-03,6.081054e-03,4.863628e-02,1.319473e-03,2.636583e-03,4.168847e-03,8.020400e-01,1.868712e-03,9.852508e-03
5.831414e-02,1.592411e-02,3.161727e-03,1.020614e-02,1.200295e-02,1.937834e-02,1.883185e-03,6.062437e-03,4.609241e-02,1.340930e-03,2.361749e-03,3.584016e-03,8.060489e-01,1.643530e-03,1.199540e-02
9.493770e-02,2.709609e-02,3.300563e-03,8.277839e-03,1.844325e-02,2.367884e-02,2.244585e-03,1.236980e-02,6.999533e-02,1.292491e-03,2.611635e-03,3.269088e-03,7.148597e-01,1.850895e-03,1.577222e-02
1.471739e-01,2.977041e-02,3.632001e-03,7.007868e-03,2.232375e-02,3.607790e-02,2.491612e-03,1.923345e-02,6.670976e-02,1.140817e-03,2.603296e-03,3.005766e-03,6.395810e-01,1.772808e-03,1.747566e-02
2.039115e-01,3.535732e-02,4.872052e-03,6.451461e-03,2.140955e-02,2.817444e-02,2.550553e-03,1.749034e-02,6.790543e-02,1.530378e-03,2.913585e-03,3.037224e-03,5.624408e-01,2.443396e-03,3.951205e-02
2.449854e-01,3.050543e-02,9.785824e-03,5.994091e-03,1.815201e-02,2.127455e-02,3.161465e-03,1.718369e-02,6.041517e-02,2.081731e-03,2.613445e-03,2.758464e-03,5.324975e-01,2.784686e-03,4.580662e-02
2.334425e-01,2.466701e-02,2.344646e-02,4.764725e-03,1.535956e-02,1.592673e-02,3.074132e-03,1.427181e-02,4.559810e-02,1.830533e-03,2.001400e-03,2.494676e-03,5.710445e-01,2.458461e-03,3.961941e-02
1.954652e-01,1.844179e-02,6.102512e-02,3.596247e-03,1.472841e-02,1.172747e-02,3.498673e-03,1.574060e-02,3.413209e-02,2.101321e-03,1.553773e-03,2.182405e-03,5.052822e-01,1.958712e-03,1.285661e-01
1.692240e-01,1.355751e-02,8.864699e-02,2.866936e-03,1.194420e-02,9.513343e-03,4.395442e-03,4.068792e-02,2.501276e-02,2.201812e-03,1.365332e-03,1.855732e-03,3.941786e-01,1.782599e-03,2.327668e-01
1.617527e-01,9.638450e-03,7.443903e-02,4.667475e-03,1.449572e-02,9.417592e-03,6.554020e-03,1.102650e-01,2.050133e-02,2.653098e-03,1.451833e-03,1.709873e-03,2.872835e-01,1.669921e-03,2.935004e-01
2.150729e-01,7.415122e-03,1.145421e-01,8.030331e-03,2.348820e-02,1.644985e-02,9.852473e-03,1.343421e-01,2.929260e-02,2.337147e-03,1.192557e-03,1.555297e-03,2.040947e-01,1.237666e-03,2.310970e-01
2.526354e-01,6.441536e-03,1.502490e-01,1.001264e-02,4.135929e-02,1.703760e-02,1.092434e-02,1.235318e-01,3.298023e-02,2.312069e-03,1.026514e-03,1.314744e-03,1.470944e-01,9.101275e-04,2.021703e-01
2.265375e-01,1.454738e-02,1.276258e-01,1.026397e-02,3.956218e-02,1.486333e-02,2.473765e-02,9.958111e-02,5.132977e-02,3.096503e-03,9.199982e-04,1.194453e-03,1.160329e-01,7.522278e-04,2.689552e-01
2.244545e-01,2.815048e-02,1.000981e-01,1.028638e-02,3.753845e-02,1.509085e-02,2.446910e-02,7.891058e-02,7.560226e-02,5.769301e-03,1.382494e-03,1.484480e-03,9.829805e-02,8.387747e-04,2.976262e-01
2.151181e-01,3.902394e-02,8.098830e-02,1.154619e-02,4.290646e-02,1.566549e-02,2.404293e-02,6.573741e-02,7.946417e-02,7.329753e-03,2.352258e-03,2.280121e-03,7.688209e-02,9.631455e-04,3.356997e-01
2.090983e-01,6.431158e-02,6.654233e-02,1.841237e-02,5.099835e-02,1.887589e-02,3.053777e-02,6.093323e-02,8.005391e-02,1.424988e-02,2.629713e-03,2.977988e-03,5.763095e-02,1.065242e-03,3.216825e-01
2.125925e-01,8.521143e-02,5.514908e-02,2.704838e-02,5.941299e-02,2.986178e-02,3.885609e-02,5.879170e-02,7.159555e-02,1.663144e-02,2.599091e-03,3.755792e-03,4.512017e-02,1.168963e-03,2.922050e-01
2.387368e-01,8.890665e-02,5.207744e-02,6.210530e-02,5.599924e-02,2.928275e-02,3.685331e-02,6.161239e-02,6.599170e-02,2.893671e-02,3.112546e-03,6.454766e-03,3.639850e-02,1.450905e-03,2.320810e-01
3.081517e-01,9.461494e-02,4.712898e-02,7.430163e-02,5.065179e-02,2.658390e-02,3.587938e-02,4.937617e-02,6.308112e-02,3.144036e-02,3.908375e-03,1.004009e-02,2.986311e-02,1.769867e-03,1.732086e-01
3.299998e-01,1.042018e-01,4.396337e-02,8.214550e-02,5.490175e-02,2.754806e-02,3.663368e-02,4.175394e-02,6.771306e-02,2.808068e-02,4.709267e-03,1.469588e-02,2.646005e-02,2.075640e-03,1.351175e-01
3.115476e-01,1.737900e-01,4.138471e-02,8.815897e-02,4.216716e-02,2.529958e-02,2.600343e-02,3.034524e-02,4.987942e-02,2.464343e-02,2.210465e-02,2.688896e-02,2.347645e-02,5.232545e-03,1.090778e-01
3.990725e-01,1.474031e-01,3.618387e-02,7.606761e-02,3.127745e-02,2.709734e-02,1.913393e-02,2.300946e-02,3.828849e-02,2.067466e-02,2.991007e-02,3.367468e-02,2.239491e-02,6.655547e-03,8.915632e-02
3.574182e-01,1.363291e-01,6.066602e-02,1.088581e-01,2.682314e-02,2.801549e-02,1.433537e-02,1.928571e-02,3.052403e-02,1.683485e-02,6.314432e-02,3.900960e-02,1.936039e-02,1.132406e-02,6.807160e-02
3.366964e-01,1.156455e-01,1.182285e-01,1.038187e-01,2.241535e-02,3.172169e-02,1.068525e-02,1.477312e-02,2.367663e-02,1.413183e-02,7.003641e-02,4.148598e-02,1.646596e-02,2.023070e-02,5.998784e-02
2.974997e-01,1.009421e-01,1.740344e-01,8.471927e-02,1.926738e-02,2.854470e-02,8.590499e-03,1.229916e-02,2.170005e-02,2.466176e-02,7.518728e-02,3.316237e-02,1.333356e-02,4.160165e-02,6.445607e-02
2.156409e-01,7.766311e-02,1.517251e-01,6.127540e-02,1.445572e-02,2.402584e-02,6.735030e-03,1.111880e-02,2.185006e-02,3.299306e-02,2.146222e-01,2.895092e-02,1.085014e-02,7.656994e-02,5.152373e-02
1.571129e-01,5.672416e-02,1.153362e-01,4.370296e-02,1.049375e-02,1.883542e-02,5.050700e-03,8.894047e-03,1.998898e-02,3.339955e-02,3.624701e-01,2.466333e-02,8.535228e-03,9.618369e-02,3.860894e-02
1.126628e-01,4.058427e-02,8.155624e-02,3.078792e-02,7.599537e-03,1.344416e-02,3.742894e-03,6.627441e-03,1.537837e-02,2.720181e-02,4.776608e-01,2.165548e-02,6.268839e-03,1.276011e-01,2.722838e-02
8.081821e-02,2.957307e-02,5.753387e-02,2.280801e-02,6.335767e-03,9.846419e-03,2.878583e-03,5.134342e-03,1.617293e-02,2.744109e-02,5.498909e-01,2.110454e-02,4.676146e-03,1.462964e-01,1.948974e-02
5.704975e-02,2.962114e-02,4.097494e-02,1.731508e-02,5.231122e-03,8.696488e-03,2.120590e-03,3.797811e-03,5.095050e-02,4.214612e-02,5.320352e-01,2.084074e-02,3.453582e-03,1.714235e-01,1.434342e-02
4.033928e-02,2.194589e-02,2.890685e-02,1.260959e-02,3.897633e-03,6.510429e-03,1.504831e-03,2.713252e-03,4.271819e-02,4.011693e-02,6.076593e-01,1.617594e-02,2.626750e-03,1.620278e-01,1.024735e-02
2.975136e-02,2.155297e-02,2.081715e-02,9.450316e-03,2.910355e-03,6.240206e-03,1.126935e-03,2.021283e-03,4.349872e-02,4.985212e-02,6.102041e-01,1.335701e-02,2.124605e-03,1.793403e-01,7.752561e-03
2.744274e-02,3.832609e-02,1.543549e-02,7.597089e-03,2.719657e-03,9.705896e-03,9.154517e-04,1.795515e-03,8.789774e-02,5.439933e-02,5.461044e-01,1.209363e-02,1.917108e-03,1.866884e-01,6.961359e-03
2.285146e-02,3.212496e-02,1.129315e-02,6.242332e-03,2.586068e-03,8.989459e-03,7.468201e-04,1.543416e-03,1.492015e-01,5.108511e-02,4.878081e-01,1.084044e-02,1.681089e-03,2.068746e-01,6.131511e-03
2.145212e-02,3.453503e-02,1.659594e-02,3.116744e-02,8.253023e-03,8.593625e-03,8.790725e-04,1.933708e-03,2.159711e-01,5.209154e-02,4.150554e-01,1.038373e-02,2.704328e-03,1.721149e-01,8.269127e-03
1.800644e-02,3.927873e-02,2.175449e-02,2.592040e-02,7.348798e-03,1.599704e-02,7.273039e-04,4.796392e-03,2.489365e-01,4.183004e-02,3.845223e-01,8.648123e-03,2.927917e-03,1.715939e-01,7.711673e-03
1.437031e-02,4.157585e-02,1.642595e-02,2.091844e-02,5.558633e-03,2.356967e-02,5.558367e-04,3.952149e-03,2.064293e-01,3.940820e-02,4.422852e-01,9.606086e-03,4.635563e-03,1.597486e-01,1.096014e-02
1.163017e-02,4.044989e-02,1.206153e-02,1.971959e-02,4.284383e-03,2.393091e-02,4.557370e-04,4.782623e-03,3.291811e-01,3.445867e-02,3.567996e-01,1.643076e-02,1.332309e-02,1.211098e-01,1.138213e-02
8.970422e-03,3.465408e-02,8.702403e-03,1.863774e-02,3.615653e-03,1.947595e-02,3.909300e-04,4.962495e-03,4.385708e-01,3.097800e-02,2.832228e-01,2.291325e-02,1.837390e-02,9.513163e-02,1.139991e-02
1.032461e-02,2.928795e-02,1.272448e-02,4.551859e-02,1.401530e-02,1.852652e-02,5.000448e-04,3.701049e-02,4.478807e-01,2.554395e-02,2.278639e-01,2.144420e-02,2.459753e-02,7.308645e-02,1.167521e-02
7.591623e-03,2.270363e-02,2.138983e-02,2.643226e-01,1.637979e-02,1.379659e-02,4.348224e-04,2.683395e-02,3.451252e-01,2.102911e-02,1.656867e-01,1.554411e-02,1.835706e-02,5.132213e-02,9.482872e-03
6.980658e-03,2.315676e-02,4.791394e-02,3.005766e-01,1.754724e-02,1.541068e-02,4.390558e-04,2.105115e-02,3.223959e-01,2.477474e-02,1.334673e-01,1.462194e-02,2.167470e-02,3.679657e-02,1.319276e-02
2.764516e-02,2.340991e-02,3.836913e-02,2.134251e-01,6.081121e-02,1.764783e-02,2.352312e-03,2.206855e-02,3.966770e-01,2.179722e-02,1.067005e-01,1.174643e-02,1.936079e-02,2.674067e-02,1.124825e-02
5.831064e-02,4.384641e-02,3.600163e-02,1.848141e-01,9.324351e-02,1.919059e-02,1.445662e-02,2.869348e-02,3.410765e-01,1.913437e-02,7.978289e-02,1.733071e-02,1.752434e-02,2.016684e-02,2.642746e-02
5.187848e-02,4.991858e-02,4.074128e-02,3.049948e-01,7.899068e-02,1.640312e-02,1.079020e-02,2.256100e-02,2.816559e-01,1.658463e-02,5.894597e-02,1.427139e-02,1.395002e-02,1.430240e-02,2.401154e-02
8.518659e-02,6.756257e-02,3.427633e-02,2.352602e-01,7.678975e-02,1.783727e-02,8.752281e-03,6.759562e-02,2.761455e-01,2.114706e-02,4.683115e-02,1.237913e-02,1.489825e-02,1.110998e-02,2.422830e-02
8.733410e-02,5.264454e-02,2.736138e-02,1.712454e-01,7.421796e-02,1.521470e-02,7.425924e-03,1.979934e-01,2.489985e-01,1.766806e-02,5.188050e-02,9.746664e-03,1.216277e-02,8.450601e-03,1.765559e-02
1.729142e-01,5.116769e-02,2.467832e-02,1.255587e-01,9.819177e-02,1.761556e-02,7.758026e-03,1.543924e-01,2.421300e-01,1.520794e-02,3.895555e-02,1.230217e-02,1.525820e-02,7.553400e-03,1.631612e-02
1.658380e-01,4.884027e-02,3.821690e-02,1.039594e-01,1.667475e-01,2.057601e-02,1.038307e-02,1.402735e-01,1.824648e-01,2.435972e-02,3.665988e-02,1.442083e-02,1.871001e-02,6.384483e-03,2.216570e-02
1.194752e-01,4.092963e-02,6.913438e-02,1.189392e-01,1.389045e-01,2.156422e-02,1.150815e-02,1.100668e-01,1.322513e-01,4.406297e-02,5.814020e-02,5.727690e-02,4.935636e-02,7.326277e-03,2.106393e-02
8.551089e-02,3.101511e-02,4.971966e-02,9.459056e-02,1.029170e-01,2.115818e-02,2.766291e-02,7.723005e-02,9.475052e-02,7.320995e-02,4.766883e-02,2.293941e-01,4.135825e-02,5.941876e-03,1.787218e-02
6.630047e-02,2.341491e-02,3.638340e-02,7.191745e-02,7.706919e-02,2.285254e-02,4.434187e-02,5.459574e-02,6.856722e-02,1.151347e-01,4.584474e-02,3.178614e-01,3.537271e-02,5.569167e-03,1.477454e-02
4.766838e-02,1.729539e-02,2.629473e-02,5.116485e-02,5.442090e-02,1.689686e-02,3.220457e-02,3.823417e-02,4.959093e-02,1.957871e-01,3.540804e-02,3.897356e-01,2.940544e-02,5.022699e-03,1.087033e-02
3.441728e-02,1.301085e-02,1.959921e-02,3.619161e-02,3.878300e-02,1.291347e-02,2.501970e-02,2.680752e-02,3.758354e-02,2.630304e-01,3.524690e-02,4.194289e-01,2.508400e-02,4.867287e-03,8.016230e-03
2.564736e-02,9.512682e-03,1.404532e-02,2.576932e-02,2.791357e-02,9.902858e-03,1.872976e-02,1.915284e-02,2.728491e-02,2.346001e-01,7.666462e-02,4.781325e-01,2.135103e-02,5.282653e-03,6.010418e-03
2.160436e-02,7.416938e-03,1.003405e-02,1.840792e-02,2.148656e-02,7.512924e-03,1.378788e-02,1.381017e-02,2.207837e-02,2.017221e-01,1.051111e-01,5.240879e-01,2.025402e-02,7.998537e-03,4.687184e-03
1.791430e-02,7.461592e-03,7.255316e-03,1.322328e-02,1.643753e-02,5.896269e-03,9.746082e-03,9.949708e-03,1.898622e-02,1.513618e-01,1.633596e-01,5.458859e-01,1.862993e-02,9.941813e-03,3.950618e-03
1.422094e-02,7.711242e-03,5.388298e-03,9.877864e-03,1.530010e-02,4.887729e-03,6.859517e-03,7.485104e-03,2.261106e-02,1.122261e-01,1.870097e-01,5.761769e-01,1.539268e-02,1.131750e-02,3.535325e-03
1.095250e-02,7.787656e-03,4.019832e-03,7.328580e-03,1.333335e-02,3.652547e-03,4.825698e-03,5.576801e-03,3.666586e-02,8.173145e-02,2.643129e-01,5.211569e-01,1.335768e-02,2.244441e-02,2.853834e-03
