1.000000e+00,0.000000e+00,0.000000e+00,0.000000e+00,0.000000e+00,0.000000e+00,0.000000e+00,0.000000e+00,0.000000e+00,0.000000e+00,0.000000e+00,0.000000e+00,0.000000e+00,0.000000e+00,0.000000e+00
1.000000e+00,0.000000e+00,0.000000e+00,0.000000e+00,0.000000e+00,0.000000e+00,0.000000e+00,0.000000e+00,0.000000e+00,0.000000e+00,0.000000e+00,0.000000e+00,0.000000e+00,0.000000e+00,0.000000e+00
1.000000e+00,0.000000e+00,0.000000e+00,0.000000e+00,0.000000e+00,0.000000e+00,0.000000e+00,0.000000e+00,0.000000e+00,0.000000e+00,0.000000e+00,0.000000e+00,0.000000e+00,0.000000e+00,0.000000e+00
1.000000e+00,0.000000e+00,0.000000e+00,0.000000e+00,0.000000e+00,0.000000e+00,0.000000e+00,0.000000e+00,0.000000e+00,0.000000e+00,0.000000e+00,0.000000e+00,0.000000e+00,0.000000e+00,0.000000e+00
1.000000e+00,0.000000e+00,0.000000e+00,0.000000e+00,0.000000e+00,0.000000e+00,0.000000e+00,0.000000e+00,0.000000e+00,0.000000e+00,0.000000e+00,0.000000e+00,0.000000e+00,0.000000e+00,0.000000e+00
1.000000e+00,0.000000e+00,0.000000e+00,0.000000e+00,0.000000e+00,0.000000e+00,0.000000e+00,0.000000e+00,0.000000e+00,0.000000e+00,0.000000e+00,0.000000e+00,0.000000e+00,0.000000e+00,0.000000e+00
1.000000e+00,0.000000e+00,0.000000e+00,0.000000e+00,0.000000e+00,0.000000e+00,0.000000e+00,0.000000e+00,0.000000e+00,0.000000e+00,0.000000e+00,0.000000e+00,0.000000e+00,0.000000e+00,0.000000e+00
1.000000e+00,0.000000e+00,0.000000e+00,0.000000e+00,0.000000e+00,0.000000e+00,0.000000e+00,0.000000e+00,0.000000e+00,0.000000e+00,0.000000e+00,0.000000e+00,0.000000e+00,0.000000e+00,0.000000e+00
1.000000e+00,0.000000e+00,0.000000e+00,0.000000e+00,0.000000e+00,0.000000e+00,0.000000e+00,0.000000e+00,0.000000e+00,0.000000e+00,0.000000e+00,0.000000e+00,0.000000e+00,0.000000e+00,0.000000e+00
1.000000e+00,0.000000e+00,0.000000e+00,0.000000e+00,0.000000e+00,0.000000e+00,0.000000e+00,0.000000e+00,0.000000e+00,0.000000e+00,0.000000e+00,0.000000e+00,0.000000e+00,0.000000e+00,0.000000e+00
1.000000e+00,0.000000e+00,0.000000e+00,0.000000e+00,0.000000e+00,0.000000e+00,0.000000e+00,0.000000e+00,0.000000e+00,0.000000e+00,0.000000e+00,0.000000e+00,0.000000e+00,0.000000e+00,0.000000e+00
1.000000e+00,0.000000e+00,0.000000e+00,0.000000e+00,0.000000e+00,0.000000e+00,0.000000e+00,0.000000e+00,0.000000e+00,0.000000e+00,0.000000e+00,0.000000e+00,0.000000e+00,0.000000e+00,0.000000e+00
1.000000e+00,0.000000e+00,0.000000e+00,0.000000e+00,0.000000e+00,0.000000e+00,0.000000e+00,0.000000e+00,0.000000e+00,0.000000e+00,0.000000e+00,0.000000e+00,0.000000e+00,0.000000e+00,0.000000e+00
1.000000e+00,0.000000e+00,0.000000e+00,0.000000e+00,0.000000e+00,0.000000e+00,0.000000e+00,0.000000e+00,0.000000e+00,0.000000e+00,0.000000e+00,0.000000e+00,0.000000e+00,0.000000e+00,0.000000e+00
1.000000e+00,0.000000e+00,0.000000e+00,0.000000e+00,0.000000e+00,0.000000e+00,0.000000e+00,0.000000e+00,0.000000e+00,0.000000e+00,0.000000e+00,0.000000e+00,0.000000e+00,0.000000e+00,0.000000e+00
1.000000e+00,0.000000e+00,0.000000e+00,0.000000e+00,0.000000e+00,0.000000e+00,0.000000e+00,0.000000e+00,0.000000e+00,0.000000e+00,0.000000e+00,0.000000e+00,0.000000e+00,0.000000e+00,0.000000e+00
1.000000e+00,0.000000e+00,0.000000e+00,0.000000e+00,0.000000e+00,0.000000e+00,0.000000e+00,0.000000e+00,0.000000e+00,0.000000e+00,0.000000e+00,0.000000e+00,0.000000e+00,0.000000e+00,0.000000e+00
1.000000e+00,0.000000e+00,0.000000e+00,0.000000e+00,0.000000e+00,0.000000e+00,0.000000e+00,0.000000e+00,0.000000e+00,0.000000e+00,0.000000e+00,0.000000e+00,0.000000e+00,0.000000e+00,0.000000e+00
1.000000e+00,0.000000e+00,0.000000e+00,0.000000e+00,0.000000e+00,0.000000e+00,0.000000e+00,0.000000e+00,0.000000e+00,0.000000e+00,0.000000e+00,0.000000e+00,0.000000e+00,0.000000e+00,0.000000e+00
1.000000e+00,0.000000e+00,0.000000e+00,0.000000e+00,0.000000e+00,0.000000e+00,0.000000e+00,0.000000e+00,0.000000e+00,0.000000e+00,0.000000e+00,0.000000e+00,0.000000e+00,0.000000e+00,0.000000e+00
1.000000e+00,0.000000e+00,0.000000e+00,0.000000e+00,0.000000e+00,0.000000e+00,0.000000e+00,0.000000e+00,0.000000e+00,0.000000e+00,0.000000e+00,0.000000e+00,0.000000e+00,0.000000e+00,0.000000e+00
1.000000e+00,0.000000e+00,0.000000e+00,0.000000e+00,0.000000e+00,0.000000e+00,0.000000e+00,0.000000e+00,0.000000e+00,0.000000e+00,0.000000e+00,0.000000e+00,0.000000e+00,0.000000e+00,0.000000e+00
1.000000e+00,0.000000e+00,0.000000e+00,0.000000e+00,0.000000e+00,0.000000e+00,0.000000e+00,0.000000e+00,0.000000e+00,0.000000e+00,0.000000e+00,0.000000e+00,0.000000e+00,0.000000e+00,0.000000e+00
1.000000e+00,0.000000e+00,0.000000e+00,0.000000e+00,0.000000e+00,0.000000e+00,0.000000e+00,0.000000e+00,0.000000e+00,0.000000e+00,0.000000e+00,0.000000e+00,0.000000e+00,0.000000e+00,0.000000e+00
1.000000e+00,0.000000e+00,0.000000e+00,0.000000e+00,0.000000e+00,0.000000e+00,0.000000e+00,0.000000e+00,0.000000e+00,0.000000e+00,0.000000e+00,0.000000e+00,0.000000e+00,0.000000e+00,0.000000e+00
1.000000e+00,0.000000e+00,0.000000e+00,0.000000e+00,0.000000e+00,0.000000e+00,0.000000e+00,0.000000e+00,0.000000e+00,0.000000e+00,0.000000e+00,0.000000e+00,0.000000e+00,0.000000e+00,0.000000e+00
1.000000e+00,0.000000e+00,0.000000e+00,0.000000e+00,0.000000e+00,0.000000e+00,0.000000e+00,0.000000e+00,0.000000e+00,0.000000e+00,0.000000e+00,0.000000e+00,0.000000e+00,0.000000e+00,0.000000e+00
1.000000e+00,0.000000e+00,0.000000e+00,0.000000e+00,0.000000e+00,0.000000e+00,0.000000e+00,0.000000e+00,0.000000e+00,0.000000e+00,0.000000e+00,0.000000e+00,0.000000e+00,0.000000e+00,0.000000e+00
1.000000e+00,0.000000e+00,0.000000e+00,0.000000e+00,0.000000e+00,0.000000e+00,0.000000e+00,0.000000e+00,0.000000e+00,0.000000e+00,0.000000e+00,0.000000e+00,0.000000e+00,0.000000e+00,0.000000e+00
1.000000e+00,0.000000e+00,0.000000e+00,0.000000e+00,0.000000e+00,0.000000e+00,0.000000e+00,0.000000e+00,0.000000e+00,0.000000e+00,0.000000e+00,0.000000e+00,0.000000e+00,0.000000e+00,0.000000e+00
1.000000e+00,0.000000e+00,0.000000e+00,0.000000e+00,0.000000e+00,0.000000e+00,0.000000e+00,0.000000e+00,0.000000e+00,0.000000e+00,0.000000e+00,0.000000e+00,0.000000e+00,0.000000e+00,0.000000e+00
1.000000e+00,0.000000e+00,0.000000e+00,0.000000e+00,0.000000e+00,0.000000e+00,0.000000e+00,0.000000e+00,0.000000e+00,0.000000e+00,0.000000e+00,0.000000e+00,0.000000e+00,0.000000e+00,0.000000e+00
1.000000e+00,0.000000e+00,0.000000e+00,0.000000e+00,0.000000e+00,0.000000e+00,0.000000e+00,0.000000e+00,0.000000e+00,0.000000e+00,0.000000e+00,0.000000e+00,0.000000e+00,0.000000e+00,0.000000e+00
1.000000e+00,0.000000e+00,0.000000e+00,0.000000e+00,0.000000e+00,0.000000e+00,0.000000e+00,0.000000e+00,0.000000e+00,0.000000e+00,0.000000e+00,0.000000e+00,0.000000e+00,0.000000e+00,0.000000e+00
1.000000e+00,0.000000e+00,0.000000e+00,0.000000e+00,0.000000e+00,0.000000e+00,0.000000e+00,0.000000e+00,0.000000e+00,0.000000e+00,0.000000e+00,0.000000e+00,0.000000e+00,0.000000e+00,0.000000e+00
1.000000e+00,0.000000e+00,0.000000e+00,0.000000e+00,0.000000e+00,0.000000e+00,0.000000e+00,0.000000e+00,0.000000e+00,0.000000e+00,0.000000e+00,0.000000e+00,0.000000e+00,0.000000e+00,0.000000e+00
1.000000e+00,0.000000e+00,0.000000e+00,0.000000e+00,0.000000e+00,0.000000e+00,0.000000e+00,0.000000e+00,0.000000e+00,0.000000e+00,0.000000e+00,0.000000e+00,0.000000e+00,0.000000e+00,0.000000e+00
1.000000e+00,0.000000e+00,0.000000e+00,0.000000e+00,0.000000e+00,0.000000e+00,0.000000e+00,0.000000e+00,0.000000e+00,0.000000e+00,0.000000e+00,0.000000e+00,0.000000e+00,0.000000e+00,0.000000e+00
1.000000e+00,0.000000e+00,0.000000e+00,0.000000e+00,0.000000e+00,0.000000e+00,0.000000e+00,0.000000e+00,0.000000e+00,0.000000e+00,0.000000e+00,0.000000e+00,0.000000e+00,0.000000e+00,0.000000e+00
1.000000e+00,0.000000e+00,0.000000e+00,0.000000e+00,0.000000e+00,0.000000e+00,0.000000e+00,0.000000e+00,0.000000e+00,0.000000e+00,0.000000e+00,0.000000e+00,0.000000e+00,0.000000e+00,0.000000e+00
1.000000e+00,0.000000e+00,0.000000e+00,0.000000e+00,0.000000e+00,0.000000e+00,0.000000e+00,0.000000e+00,0.000000e+00,0.000000e+00,0.000000e+00,0.000000e+00,0.000000e+00,0.000000e+00,0.000000e+00
1.000000e+00,0.000000e+00,0.000000e+00,0.000000e+00,0.000000e+00,0.000000e+00,0.000000e+00,0.000000e+00,0.000000e+00,0.000000e+00,0.000000e+00,0.000000e+00,0.000000e+00,0.000000e+00,0.000000e+00
1.000000e+00,0.000000e+00,0.000000e+00,0.000000e+00,0.000000e+00,0.000000e+00,0.000000e+00,0.000000e+00,0.000000e+00,0.000000e+00,0.000000e+00,0.000000e+00,0.000000e+00,0.000000e+00,0.000000e+00
1.000000e+00,0.000000e+00,0.000000e+00,0.000000e+00,0.000000e+00,0.000000e+00,0.000000e+00,0.000000e+00,0.000000e+00,0.000000e+00,0.000000e+00,0.000000e+00,0.000000e+00,0.000000e+00,0.000000e+00
1.000000e+00,0.000000e+00,0.000000e+00,0.000000e+00,0.000000e+00,0.000000e+00,0.000000e+00,0.000000e+00,0.000000e+00,0.000000e+00,0.000000e+00,0.000000e+00,0.000000e+00,0.000000e+00,0.000000e+00
1.000000e+00,0.000000e+00,0.000000e+00,0.000000e+00,0.000000e+00,0.000000e+00,0.000000e+00,0.000000e+00,0.000000e+00,0.000000e+00,0.000000e+00,0.000000e+00,0.000000e+00,0.000000e+00,0.000000e+00
1.000000e+00,0.000000e+00,0.000000e+00,0.000000e+00,0.000000e+00,0.000000e+00,0.000000e+00,0.000000e+00,0.000000e+00,0.000000e+00,0.000000e+00,0.000000e+00,0.000000e+00,0.000000e+00,0.000000e+00
1.000000e+00,0.000000e+00,0.000000e+00,0.000000e+00,0.000000e+00,0.000000e+00,0.000000e+00,0.000000e+00,0.000000e+00,0.000000e+00,0.000000e+00,0.000000e+00,0.000000e+00,0.000000e+00,0.000000e+00
1.000000e+00,0.000000e+00,0.000000e+00,0.000000e+00,0.000000e+00,0.000000e+00,0.000000e+00,0.000000e+00,0.000000e+00,0.000000e+00,0.000000e+00,0.000000e+00,0.000000e+00,0.000000e+00,0.000000e+00
1.000000e+00,0.000000e+00,0.000000e+00,0.000000e+00,0.000000e+00,0.000000e+00,0.000000e+00,0.000000e+00,0.000000e+00,0.000000e+00,0.000000e+00,0.000000e+00,0.000000e+00,0.000000e+00,0.000000e+00
1.000000e+00,0.000000e+00,0.000000e+00,0.000000e+00,0.000000e+00,0.000000e+00,0.000000e+00,0.000000e+00,0.000000e+00,0.000000e+00,0.000000e+00,0.000000e+00,0.000000e+00,0.000000e+00,0.000000e+00
1.000000e+00,0.000000e+00,0.000000e+00,0.000000e+00,0.000000e+00,0.000000e+00,0.000000e+00,0.000000e+00,0.000000e+00,0.000000e+00,0.000000e+00,0.000000e+00,0.000000e+00,0.000000e+00,0.000000e+00
1.000000e+00,0.000000e+00,0.000000e+00,0.000000e+00,0.000000e+00,0.000000e+00,0.000000e+00,0.000000e+00,0.000000e+00,0.000000e+00,0.000000e+00,0.000000e+00,0.000000e+00,0.000000e+00,0.000000e+00
1.000000e+00,0.000000e+00,0.000000e+00,0.000000e+00,0.000000e+00,0.000000e+00,0.000000e+00,0.000000e+00,0.000000e+00,0.000000e+00,0.000000e+00,0.000000e+00,0.000000e+00,0.000000e+00,0.000000e+00
4.840710e-01,1.569667e-02,3.778440e-02,3.011847e-02,9.923430e-03,8.045584e-02,1.670986e-01,6.380966e-02,5.686855e-03,1.655149e-03,1.081453e-02,4.011028e-02,3.844503e-02,1.697342e-03,1.263279e-02
3.510770e-01,1.134996e-02,4.261873e-02,2.225938e-02,7.910996e-03,9.615614e-02,3.080813e-01,7.646304e-02,4.157115e-03,1.289869e-03,8.056175e-03,2.932233e-02,3.052638e-02,1.363014e-03,9.368606e-03
2.618576e-01,8.362952e-03,3.882454e-02,1.628893e-02,6.178877e-03,8.084732e-02,4.502749e-01,7.374408e-02,3.049681e-03,1.004900e-03,5.960259e-03,2.167792e-02,2.369317e-02,1.073587e-03,7.161278e-03
2.004955e-01,6.032360e-03,4.273549e-02,1.336929e-02,4.696497e-03,6.380861e-02,4.928285e-01,1.280818e-01,2.282420e-03,7.984689e-04,4.347717e-03,1.585085e-02,1.793108e-02,1.019290e-03,5.722157e-03
1.547429e-01,4.342853e-03,4.086950e-02,1.152992e-02,3.565982e-03,4.832960e-02,4.563777e-01,2.446239e-01,1.728205e-03,6.237220e-04,3.148211e-03,1.139454e-02,1.345859e-02,9.249880e-04,4.339363e-03
1.165435e-01,3.256536e-03,3.204956e-02,9.934084e-03,2.874004e-03,3.559196e-02,3.526511e-01,4.210649e-01,1.269754e-03,4.813296e-04,2.320503e-03,8.144792e-03,9.685261e-03,8.524561e-04,3.280238e-03
9.514150e-02,2.801748e-03,2.406360e-02,7.457884e-03,2.953023e-03,2.691840e-02,4.170131e-01,4.018835e-01,1.034029e-03,4.350073e-04,1.776012e-03,6.128309e-03,8.475379e-03,7.899204e-04,3.128586e-03
1.095686e-01,2.787121e-03,1.927544e-02,5.987154e-03,2.969577e-03,2.571370e-02,4.313133e-01,3.805102e-01,1.124870e-03,4.227388e-04,1.604484e-03,5.693370e-03,8.434292e-03,8.170157e-04,3.778105e-03
1.303214e-01,2.343371e-03,1.698648e-02,5.308975e-03,3.305339e-03,2.299277e-02,4.466074e-01,3.507361e-01,1.027656e-03,4.003190e-04,1.359859e-03,5.679557e-03,8.311529e-03,7.852617e-04,3.833863e-03
1.882773e-01,2.277553e-03,1.419144e-02,4.526897e-03,4.297341e-03,2.204648e-02,4.291074e-01,3.082991e-01,1.093600e-03,5.367850e-04,1.381859e-03,7.766332e-03,1.001101e-02,8.853030e-04,5.301558e-03
2.544153e-01,2.063254e-03,1.151659e-02,3.996502e-03,4.762563e-03,1.969798e-02,4.356849e-01,2.367475e-01,1.073308e-03,5.966406e-04,1.405990e-03,1.041061e-02,1.070815e-02,8.178030e-04,6.103003e-03
3.070269e-01,1.847148e-03,9.944905e-03,3.686122e-03,4.713056e-03,1.812940e-02,4.347589e-01,1.882662e-01,1.033512e-03,6.455384e-04,1.453107e-03,1.104684e-02,1.032554e-02,8.054390e-04,6.317459e-03
3.761650e-01,2.007215e-03,1.010936e-02,3.943093e-03,5.257865e-03,1.653041e-02,4.000185e-01,1.529461e-01,1.142041e-03,7.807305e-04,1.729073e-03,1.181226e-02,9.786003e-03,8.467333e-04,6.925737e-03
3.682853e-01,3.256208e-03,1.919723e-02,7.223086e-03,1.284193e-02,1.543333e-02,3.788562e-01,1.578272e-01,1.284516e-03,3.202466e-03,1.820854e-03,1.165462e-02,9.004137e-03,1.031854e-03,9.081103e-03
3.938649e-01,4.143558e-03,2.415021e-02,7.953124e-03,1.507475e-02,1.679919e-02,3.515754e-01,1.392380e-01,1.680897e-03,6.102160e-03,2.589994e-03,1.363960e-02,9.761161e-03,1.331685e-03,1.209536e-02
2.786050e-01,4.371791e-03,3.712401e-02,1.057839e-02,1.364347e-02,1.281038e-02,2.812468e-01,1.430300e-01,4.210849e-03,1.603643e-01,1.090908e-02,1.337151e-02,1.025727e-02,4.927360e-03,1.454981e-02
1.953847e-01,3.194034e-03,2.773394e-02,1.080361e-02,9.920539e-03,9.172944e-03,2.302568e-01,1.110155e-01,4.497281e-03,2.272772e-01,1.470728e-02,5.735802e-02,7.576560e-02,8.900414e-03,1.401206e-02
1.370893e-01,2.464859e-03,2.026300e-02,1.669567e-02,7.210161e-03,6.679932e-03,1.622299e-01,7.987985e-02,6.203655e-03,2.038181e-01,3.047747e-02,5.427910e-02,2.468383e-01,8.954971e-03,1.691577e-02
9.624115e-02,2.003933e-03,1.448066e-02,1.721093e-02,5.155572e-03,5.045758e-03,1.137156e-01,5.637877e-02,1.252664e-02,1.607341e-01,2.524886e-02,4.473761e-02,4.180807e-01,7.366688e-03,2.107307e-02
6.773371e-02,1.696767e-03,1.028869e-02,2.330365e-02,3.868028e-03,4.210649e-03,8.043278e-02,4.010698e-02,1.701884e-02,1.188027e-01,1.934739e-02,3.605102e-02,5.455121e-01,5.869268e-03,2.575744e-02
4.745688e-02,1.331616e-03,7.407449e-03,2.360071e-02,7.550014e-03,3.213082e-03,5.671882e-02,2.823677e-02,3.339663e-02,8.901091e-02,3.184892e-02,3.878476e-02,6.038367e-01,4.494647e-03,2.311213e-02
3.333784e-02,1.240138e-03,5.816993e-03,2.956450e-02,9.582103e-03,2.587689e-03,4.027586e-02,2.242217e-02,5.341766e-02,7.534070e-02,4.522972e-02,3.338092e-02,6.178905e-01,3.442151e-03,2.647106e-02
2.350058e-02,1.394601e-03,4.998108e-03,4.227883e-02,1.439814e-02,2.995690e-03,2.943928e-02,1.724982e-02,6.703979e-02,6.472167e-02,4.433296e-02,3.120611e-02,6.075079e-01,2.700636e-03,4.623584e-02
1.755782e-02,1.457212e-03,8.472835e-03,3.552776e-02,1.669717e-02,2.889878e-03,2.190599e-02,3.361284e-02,9.096316e-02,4.916051e-02,4.738467e-02,3.118058e-02,5.689887e-01,2.350159e-03,7.185074e-02
1.533232e-02,2.032676e-03,8.160898e-03,2.802326e-02,2.061835e-02,4.772611e-03,1.863011e-02,9.010896e-02,1.100613e-01,3.541819e-02,4.344034e-02,2.976461e-02,4.991040e-01,2.237642e-03,9.229469e-02
1.174712e-02,1.944127e-03,8.170416e-03,2.022817e-02,1.805827e-02,4.005340e-03,1.489514e-02,2.430355e-01,1.258647e-01,2.521007e-02,3.636143e-02,2.819947e-02,3.905082e-01,1.659996e-03,7.011203e-02
1.022565e-02,8.866249e-03,8.081799e-03,1.624944e-02,1.471973e-02,4.931634e-03,1.184898e-02,2.325004e-01,2.597908e-01,1.832894e-02,3.115993e-02,3.105595e-02,2.990072e-01,1.291551e-03,5.194170e-02
8.130349e-03,1.226416e-02,8.061765e-03,1.265747e-02,1.451149e-02,7.065146e-03,9.760601e-03,1.998657e-01,4.048580e-01,1.310124e-02,2.664074e-02,2.714902e-02,2.178839e-01,9.275639e-04,3.712291e-02
6.973516e-03,1.898533e-02,9.411403e-03,3.535552e-02,1.189539e-02,1.211891e-02,7.121166e-03,1.502526e-01,5.042757e-01,9.883460e-03,2.326156e-02,2.272389e-02,1.585158e-01,7.126734e-04,2.851311e-02
6.055160e-03,1.848660e-02,8.397311e-03,2.956185e-02,1.021246e-02,1.336217e-02,5.742981e-03,1.232623e-01,5.819825e-01,7.370368e-03,2.810733e-02,1.942658e-02,1.219967e-01,5.989696e-04,2.543680e-02
5.591102e-03,2.838938e-02,8.975869e-03,9.713748e-02,8.844000e-03,1.293429e-02,4.194541e-03,8.790503e-02,5.767012e-01,5.964701e-03,2.895966e-02,1.696639e-02,9.567503e-02,4.747637e-04,2.128655e-02
1.002456e-02,2.633734e-02,1.127153e-02,1.094471e-01,1.426607e-02,1.250837e-02,3.471449e-03,7.753319e-02,5.693707e-01,6.186886e-03,3.535080e-02,1.738192e-02,7.888281e-02,7.408101e-04,2.722650e-02
1.390777e-02,3.339673e-02,1.131207e-02,1.288764e-01,1.598484e-02,1.186360e-02,3.049756e-03,5.825996e-02,5.405290e-01,8.674351e-03,3.389275e-02,1.722576e-02,6.136623e-02,1.257385e-03,6.040340e-02
1.780984e-02,4.606930e-02,1.675547e-02,1.761358e-01,1.488669e-02,9.937834e-03,2.355467e-03,4.351100e-02,5.097159e-01,1.185071e-02,3.283492e-02,1.441710e-02,4.712965e-02,2.398653e-03,5.419176e-02
2.633217e-02,4.235552e-02,1.884616e-02,1.442392e-01,1.923985e-02,1.131929e-02,2.324042e-03,4.391479e-02,5.050339e-01,2.337648e-02,3.398190e-02,1.297388e-02,3.746221e-02,8.478479e-03,7.012217e-02
4.344625e-02,4.310080e-02,2.164945e-02,1.349290e-01,1.487303e-02,1.058174e-02,1.892727e-03,3.623705e-02,4.053978e-01,3.467339e-02,5.072082e-02,1.892843e-02,3.744498e-02,2.822201e-02,1.179026e-01
7.105277e-02,4.020071e-02,2.027481e-02,1.019049e-01,1.413548e-02,1.015905e-02,1.848438e-03,3.626687e-02,4.182881e-01,3.129263e-02,4.432114e-02,2.575482e-02,3.398295e-02,2.742468e-02,1.230927e-01
9.978315e-02,3.697828e-02,1.730633e-02,7.753499e-02,1.510287e-02,1.253229e-02,2.073879e-03,3.276785e-02,4.285863e-01,2.850753e-02,3.862978e-02,2.665954e-02,3.180152e-02,2.930542e-02,1.224303e-01
1.378753e-01,4.066597e-02,1.526781e-02,5.881772e-02,1.436504e-02,2.014959e-02,2.318916e-03,2.690566e-02,4.346704e-01,2.275216e-02,3.492020e-02,2.440451e-02,2.918466e-02,3.465800e-02,1.030440e-01
1.452056e-01,5.731950e-02,1.389970e-02,4.581388e-02,1.538424e-02,2.334474e-02,2.255470e-03,2.415952e-02,4.400128e-01,1.909740e-02,2.991887e-02,2.373492e-02,2.556181e-02,3.917626e-02,9.511533e-02
1.493199e-01,8.057193e-02,1.498401e-02,3.590146e-02,1.279427e-02,2.390322e-02,1.940843e-03,1.859644e-02,3.545431e-01,1.993497e-02,2.770814e-02,2.396215e-02,2.147246e-02,1.068203e-01,1.075467e-01
1.293270e-01,1.097225e-01,1.527664e-02,2.647931e-02,1.133623e-02,2.329308e-02,1.640466e-03,1.449449e-02,3.010787e-01,2.187844e-02,2.679757e-02,2.959898e-02,2.028660e-02,1.644095e-01,1.043805e-01
1.093836e-01,9.469326e-02,1.474519e-02,1.914702e-02,9.007325e-03,1.882965e-02,1.344556e-03,1.107720e-02,2.505043e-01,2.386727e-02,2.368097e-02,2.722068e-02,1.697258e-02,2.852355e-01,9.429090e-02
1.021600e-01,8.391885e-02,1.551139e-02,1.420020e-02,7.878806e-03,1.690307e-02,1.069313e-03,1.005691e-02,2.211683e-01,2.810445e-02,2.299697e-02,2.989401e-02,1.954404e-02,3.471782e-01,7.941551e-02
1.069475e-01,9.723200e-02,3.536037e-02,1.125484e-02,1.118547e-02,1.742396e-02,1.007841e-03,1.429973e-02,2.419748e-01,2.743162e-02,1.991844e-02,2.415662e-02,2.059065e-02,2.861577e-01,8.505850e-02
1.065165e-01,9.009650e-02,4.625661e-02,1.120492e-02,7.186753e-02,2.565604e-02,3.876168e-03,3.091966e-02,2.271851e-01,2.670497e-02,1.865732e-02,1.888791e-02,1.914006e-02,2.331137e-01,6.991715e-02
1.211939e-01,6.788256e-02,3.805576e-02,1.044245e-02,1.685541e-01,4.619642e-02,2.222920e-02,3.751416e-02,1.760779e-01,2.208159e-02,1.875598e-02,1.789518e-02,1.696999e-02,1.845933e-01,5.155741e-02
1.421605e-01,5.137009e-02,3.089819e-02,8.829976e-03,1.663636e-01,4.273949e-02,2.681622e-02,4.248384e-02,1.360618e-01,2.325241e-02,3.146373e-02,4.549615e-02,4.645855e-02,1.608862e-01,4.471930e-02
1.090057e-01,3.888518e-02,3.816294e-02,1.027043e-02,1.265313e-01,3.602615e-02,2.022197e-02,3.663824e-02,1.095406e-01,1.489870e-01,4.431174e-02,4.010608e-02,8.787855e-02,1.172529e-01,3.618129e-02
7.829443e-02,2.949496e-02,2.980955e-02,1.254492e-02,9.256656e-02,2.918411e-02,1.485783e-02,2.702053e-02,8.345048e-02,2.188992e-01,5.213593e-02,4.144781e-02,1.706069e-01,8.760822e-02,3.207859e-02
5.487714e-02,2.094297e-02,2.097363e-02,1.340037e-02,6.679926e-02,2.098984e-02,1.157885e-02,1.906314e-02,5.973235e-02,4.204111e-01,3.947406e-02,3.045316e-02,1.318503e-01,6.272220e-02,2.673158e-02
3.844595e-02,1.469354e-02,1.476733e-02,1.038555e-02,4.750205e-02,1.495701e-02,8.160644e-03,1.341695e-02,4.281484e-02,5.289130e-01,3.105454e-02,2.397523e-02,1.435245e-01,4.485041e-02,2.253839e-02
2.695113e-02,1.030864e-02,1.042381e-02,7.971253e-03,3.427986e-02,1.085424e-02,5.783119e-03,9.541261e-03,3.084053e-02,6.248244e-01,2.503390e-02,1.801909e-02,1.357358e-01,3.197146e-02,1.746158e-02
1.896952e-02,7.264926e-03,7.360033e-03,6.021343e-03,2.574898e-02,8.654711e-03,4.229920e-03,7.347067e-03,2.440186e-02,6.818510e-01,2.444319e-02,1.486016e-02,1.326357e-01,2.289325e-02,1.331835e-02
1.342647e-02,5.152278e-03,5.278618e-03,5.042474e-03,1.930290e-02,6.915754e-03,3.226284e-03,5.555839e-03,2.030063e-02,7.211463e-01,2.800719e-02,1.437647e-02,1.248997e-01,1.670102e-02,1.066810e-02
9.832252e-03,3.686990e-03,3.953651e-03,5.382209e-03,1.619180e-02,5.361969e-03,2.677695e-03,9.294059e-02,1.544235e-02,6.456819e-01,3.071778e-02,1.141182e-02,1.345076e-01,1.210438e-02,1.010705e-02
7.578982e-03,2.753421e-03,3.067329e-03,8.573035e-03,2.051577e-02,6.450755e-03,2.077996e-03,7.812580e-02,1.861893e-02,5.547789e-01,7.473178e-02,2.826075e-02,1.732601e-01,9.384105e-03,1.182228e-02
5.882169e-03,2.086523e-03,2.614530e-03,2.127189e-02,3.248395e-02,9.068849e-03,1.736694e-03,6.249810e-02,1.672832e-02,4.559223e-01,9.888157e-02,4.866813e-02,2.199559e-01,7.160971e-03,1.504000e-02
6.247404e-03,1.549781e-03,3.765040e-03,1.897733e-02,5.965654e-02,7.871552e-03,1.296288e-03,9.047766e-02,1.387133e-02,3.655853e-01,1.552969e-01,4.341149e-02,2.106576e-01,5.319416e-03,1.601642e-02
8.016786e-03,1.428967e-03,4.000702e-03,2.836283e-02,1.041108e-01,8.449820e-03,1.430525e-03,6.930494e-02,1.450631e-02,2.779042e-01,1.902774e-01,7.105181e-02,2.038845e-01,4.048432e-03,1.322201e-02
8.711824e-03,1.097674e-03,3.219417e-03,2.241790e-02,9.133217e-02,1.055822e-02,1.124359e-03,5.635129e-02,1.593927e-02,1.971625e-01,2.025202e-01,1.543107e-01,2.205786e-01,3.141400e-03,1.153439e-02
1.154375e-02,1.658490e-03,1.480843e-02,1.733436e-02,1.376085e-01,8.952671e-03,1.485249e-03,5.005063e-02,8.217598e-02,1.395152e-01,2.124190e-01,1.369582e-01,1.742441e-01,2.253605e-03,8.991853e-03
1.819834e-02,2.467406e-03,2.581226e-02,1.786398e-02,1.552094e-01,9.171130e-03,1.474197e-03,5.158514e-02,1.452031e-01,1.010396e-01,1.901041e-01,1.315323e-01,1.416170e-01,1.755983e-03,6.966028e-03
2.073515e-02,2.183800e-03,3.260000e-02,1.850746e-02,1.300210e-01,6.901676e-03,1.158761e-03,1.715631e-01,1.618813e-01,7.155302e-02,1.498900e-01,1.097798e-01,1.169105e-01,1.270076e-03,5.044375e-03
2.613644e-02,3.814536e-03,2.944271e-02,9.067395e-02,2.117164e-01,6.172874e-03,1.054766e-03,1.409666e-01,1.438463e-01,5.070233e-02,1.156612e-01,8.125966e-02,9.357486e-02,1.080659e-03,3.896595e-03
2.759170e-02,5.239281e-03,3.022813e-02,6.712389e-02,1.873897e-01,6.789485e-03,1.135407e-03,1.188779e-01,2.159298e-01,3.778354e-02,1.133529e-01,7.196482e-02,1.117543e-01,1.215966e-03,3.623066e-03
3.211725e-02,5.611423e-03,5.043052e-02,5.850186e-02,2.353830e-01,7.372607e-03,1.526521e-03,1.085756e-01,2.207229e-01,3.002038e-02,1.105986e-01,5.217003e-02,8.282853e-02,1.171966e-03,2.968744e-03
4.223529e-02,6.578815e-03,4.890171e-02,4.947123e-02,2.397761e-01,8.257319e-03,2.049599e-03,1.335397e-01,2.257591e-01,2.415658e-02,1.073578e-01,4.095301e-02,6.654936e-02,1.202717e-03,3.211566e-03
3.890929e-02,1.810072e-02,5.834071e-02,2.359563e-01,1.989136e-01,6.293746e-03,1.655475e-03,1.019010e-01,1.644653e-01,1.738298e-02,7.844637e-02,2.898619e-02,4.713760e-02,8.632248e-04,2.647398e-03
4.058472e-02,2.670222e-02,8.854590e-02,3.105937e-01,1.857022e-01,1.347708e-02,1.417158e-03,7.569718e-02,1.260574e-01,1.253184e-02,6.049740e-02,2.122399e-02,3.376933e-02,6.599898e-04,2.539922e-03
5.149100e-02,2.214684e-02,8.169662e-02,3.605770e-01,1.769856e-01,1.105764e-02,1.193032e-03,8.674447e-02,1.055233e-01,1.017270e-02,4.889708e-02,1.568631e-02,2.480898e-02,5.855769e-04,2.433859e-03
6.329563e-02,1.919835e-02,7.729755e-02,3.392280e-01,1.763524e-01,9.580655e-03,1.103008e-03,1.019746e-01,1.260348e-01,9.287003e-03,4.005215e-02,1.425548e-02,1.955271e-02,5.386938e-04,2.249165e-03
6.704706e-02,1.537218e-02,7.188991e-02,3.508233e-01,1.615450e-01,7.824937e-03,1.025529e-03,1.055083e-01,1.467666e-01,9.043979e-03,3.325505e-02,1.196711e-02,1.510837e-02,4.821464e-04,2.340588e-03
9.983142e-02,1.752578e-02,5.933607e-02,3.093162e-01,1.462976e-01,7.080988e-03,1.232125e-03,1.043354e-01,1.846668e-01,8.864865e-03,3.577983e-02,1.001513e-02,1.162652e-02,7.294407e-04,3.361886e-03
1.314289e-01,2.049136e-02,6.218418e-02,2.713829e-01,1.724869e-01,9.697664e-03,1.815089e-03,8.836433e-02,1.689638e-01,1.539371e-02,3.369000e-02,9.738753e-03,9.936749e-03,8.128305e-04,3.612929e-03
1.242587e-01,2.559497e-02,6.384508e-02,3.469997e-01,1.573364e-01,8.521480e-03,1.968712e-03,7.454674e-02,1.384468e-01,1.156856e-02,2.570271e-02,8.670994e-03,7.662235e-03,7.100373e-04,4.166863e-03
1.533806e-01,2.668902e-02,7.891728e-02,2.860118e-01,1.483215e-01,7.457180e-03,2.072892e-03,9.800016e-02,1.430972e-01,9.253896e-03,2.317395e-02,1.094776e-02,6.772551e-03,8.462716e-04,5.057906e-03
1.349027e-01,2.521263e-02,9.805457e-02,3.451021e-01,1.327721e-01,6.127726e-03,1.778324e-03,9.455037e-02,1.138677e-01,7.251523e-03,1.868366e-02,1.053047e-02,5.616958e-03,7.611567e-04,4.787910e-03
2.343048e-01,2.943060e-02,9.201379e-02,2.793341e-01,1.283038e-01,6.810597e-03,1.661513e-03,6.841341e-02,1.079765e-01,6.340572e-03,1.730273e-02,1.349549e-02,5.478633e-03,1.268838e-03,7.864653e-03
3.201167e-01,2.686122e-02,7.267746e-02,2.442848e-01,1.093476e-01,9.088794e-03,1.795647e-03,5.239069e-02,1.004933e-01,5.699183e-03,1.710533e-02,2.161334e-02,6.629411e-03,1.911299e-03,9.985225e-03
3.794727e-01,3.193902e-02,7.975225e-02,2.018077e-01,1.031304e-01,1.025527e-02,2.239019e-03,3.892987e-02,8.384284e-02,6.313870e-03,1.558617e-02,2.253554e-02,6.981912e-03,2.605949e-03,1.460740e-02
4.191622e-01,3.374022e-02,8.218122e-02,2.049838e-01,8.407706e-02,1.013466e-02,2.657240e-03,3.019928e-02,6.411052e-02,5.454227e-03,1.451143e-02,2.504261e-02,8.291268e-03,2.676538e-03,1.277774e-02
1.000000e+00,0.000000e+00,0.000000e+00,0.000000e+00,0.000000e+00,0.000000e+00,0.000000e+00,0.000000e+00,0.000000e+00,0.000000e+00,0.000000e+00,0.000000e+00,0.000000e+00,0.000000e+00,0.000000e+00
1.000000e+00,0.000000e+00,0.000000e+00,0.000000e+00,0.000000e+00,0.000000e+00,0.000000e+00,0.000000e+00,0.000000e+00,0.000000e+00,0.000000e+00,0.000000e+00,0.000000e+00,0.000000e+00,0.000000e+00
4.123549e-01,2.381402e-02,6.061885e-02,3.260393e-01,4.459871e-02,7.539924e-03,2.115800e-03,3.069819e-02,3.345743e-02,2.966764e-03,1.441461e-02,2.169495e-02,7.231981e-03,1.977130e-03,1.047741e-02
3.788221e-01,2.329227e-02,1.159869e-01,3.205514e-01,4.266987e-02,7.150467e-03,1.912994e-03,2.893698e-02,2.562637e-02,4.092348e-03,1.446491e-02,1.754120e-02,6.113691e-03,1.726846e-03,1.111159e-02
2.901187e-01,2.275941e-02,1.321211e-01,4.278108e-01,3.205887e-02,6.515290e-03,1.518469e-03,2.077772e-02,1.895752e-02,4.710749e-03,1.184613e-02,1.322498e-02,4.878105e-03,1.317280e-03,1.138481e-02
3.584229e-01,3.056952e-02,1.357598e-01,3.550067e-01,2.752192e-02,1.062354e-02,1.412341e-03,1.665120e-02,1.532572e-02,4.567343e-03,1.023327e-02,1.312499e-02,4.820800e-03,1.712940e-03,1.424689e-02
4.492393e-01,3.881632e-02,1.129553e-01,2.742138e-01,2.119612e-02,1.116083e-02,1.392992e-03,1.312702e-02,1.307831e-02,5.311729e-03,9.551106e-03,1.426971e-02,5.641616e-03,2.640088e-03,2.740574e-02
4.908335e-01,4.333514e-02,1.099326e-01,2.349465e-01,1.787366e-02,1.153555e-02,1.689827e-03,1.249231e-02,1.168945e-02,4.928355e-03,8.951484e-03,1.431276e-02,6.596621e-03,2.644920e-03,2.823731e-02
1.000000e+00,0.000000e+00,0.000000e+00,0.000000e+00,0.000000e+00,0.000000e+00,0.000000e+00,0.000000e+00,0.000000e+00,0.000000e+00,0.000000e+00,0.000000e+00,0.000000e+00,0.000000e+00,0.000000e+00
3.869476e-01,3.153454e-02,1.600607e-01,3.058628e-01,1.063443e-02,1.308913e-02,2.184724e-03,9.203333e-03,1.425492e-02,4.361791e-03,9.821911e-03,1.613048e-02,1.122327e-02,2.138368e-03,2.255198e-02
2.781971e-01,2.657110e-02,1.265862e-01,3.652983e-01,8.785914e-03,1.320944e-02,2.117713e-03,6.920986e-03,3.927112e-02,4.216248e-03,2.936249e-02,1.239563e-02,4.960802e-02,2.999425e-03,3.446033e-02
2.006070e-01,2.236589e-02,8.982880e-02,3.069038e-01,7.309884e-03,1.205697e-02,2.082152e-03,5.130202e-03,3.616062e-02,3.434905e-03,2.408124e-02,9.273611e-03,2.523908e-01,2.194964e-03,2.617909e-02
1.528492e-01,1.668244e-02,6.333662e-02,2.283732e-01,5.495815e-03,1.334243e-02,1.693362e-03,3.775574e-03,2.757322e-02,2.665552e-03,1.792357e-02,7.970972e-03,4.376341e-01,1.605681e-03,1.907823e-02
1.148351e-01,1.278132e-02,4.536533e-02,1.662586e-01,4.035955e-03,2.919830e-02,1.382260e-03,2.886215e-03,2.585621e-02,1.977082e-03,1.347984e-02,2.181220e-02,5.444160e-01,1.241142e-03,1.447437e-02
8.246031e-02,1.613708e-02,3.229290e-02,1.199309e-01,2.964739e-03,2.552909e-02,1.035422e-03,2.320400e-03,3.941191e-02,1.492450e-03,9.970236e-03,2.691852e-02,6.266603e-01,9.880952e-04,1.188755e-02
5.914128e-02,1.518531e-02,2.413658e-02,8.458502e-02,3.438481e-03,1.946208e-02,9.055935e-04,1.833782e-03,5.243308e-02,1.169538e-03,7.843118e-03,2.644825e-02,6.913119e-01,7.653338e-04,1.134062e-02
4.268496e-02,1.317004e-02,1.771881e-02,5.952523e-02,2.592511e-03,1.426250e-02,7.115077e-04,1.314924e-03,4.953904e-02,2.012246e-03,5.921816e-03,2.389552e-02,7.467782e-01,1.824728e-03,1.804790e-02
3.074492e-02,1.415833e-02,1.415397e-02,4.208659e-02,2.075049e-03,1.186513e-02,2.049710e-03,1.071501e-03,6.517901e-02,2.789646e-03,5.060570e-03,2.874308e-02,7.419946e-01,1.513269e-03,3.651466e-02
2.224901e-02,1.388741e-02,1.057911e-02,2.992759e-02,1.786141e-03,9.124122e-03,1.755436e-03,8.003915e-04,6.242082e-02,5.242097e-03,4.516089e-03,2.596396e-02,7.520358e-01,1.420334e-03,5.829168e-02
1.698858e-02,2.192274e-02,8.546989e-03,2.128099e-02,1.728183e-03,1.377345e-02,1.413581e-03,7.954442e-04,7.454310e-02,7.802860e-03,3.668863e-03,2.281777e-02,6.639401e-01,1.779441e-03,1.389979e-01
1.285383e-02,4.208026e-02,6.318306e-03,1.515722e-02,1.633558e-03,3.658114e-02,1.107539e-03,8.145437e-04,1.449337e-01,6.547065e-03,3.515119e-03,1.940035e-02,5.523180e-01,1.611347e-03,1.551281e-01
9.362946e-03,8.645951e-02,4.649478e-03,1.070433e-02,1.637318e-03,3.974476e-02,8.235031e-04,8.271973e-04,2.875295e-01,5.143726e-03,2.800568e-03,1.537658e-02,4.134215e-01,1.242184e-03,1.202769e-01
6.832059e-03,8.384046e-02,3.491809e-03,7.742058e-03,2.189913e-03,5.696508e-02,9.028672e-04,2.125784e-03,4.200441e-01,3.933879e-03,2.202901e-03,1.268228e-02,3.051595e-01,8.998590e-04,9.098746e-02
5.573355e-03,8.072813e-02,2.676390e-03,6.415472e-03,4.565320e-03,1.405538e-01,9.207189e-04,2.595876e-03,4.536243e-01,2.956301e-03,1.624970e-03,9.195139e-03,2.217475e-01,6.414315e-04,6.618132e-02
5.895603e-03,6.236444e-02,2.446803e-03,1.519780e-01,3.788595e-03,1.677068e-01,6.750902e-04,5.417443e-03,3.701121e-01,3.530813e-03,1.004237e-02,8.431840e-03,1.578434e-01,6.559703e-04,4.911062e-02
1.900348e-02,6.349947e-02,2.105809e-03,1.113246e-01,4.685570e-03,2.438434e-01,1.635075e-03,2.602977e-02,3.343435e-01,4.423723e-03,8.087994e-03,6.656575e-03,1.265646e-01,5.796200e-04,4.721679e-02
2.689023e-02,4.758796e-02,2.193746e-03,1.293609e-01,4.659805e-03,2.371690e-01,1.642267e-03,1.102956e-01,2.863656e-01,4.586628e-03,1.000318e-02,8.524890e-03,9.181901e-02,4.948541e-04,3.840640e-02
2.819426e-02,3.929860e-02,1.855485e-03,1.025344e-01,4.743897e-03,3.161311e-01,1.476181e-03,9.398657e-02,2.930258e-01,3.791636e-03,8.610885e-03,8.080797e-03,6.668030e-02,4.450797e-04,3.114508e-02
2.992787e-02,3.434416e-02,1.395219e-03,7.831787e-02,6.710274e-03,3.531050e-01,1.336508e-03,7.402390e-02,3.309950e-01,2.806869e-03,6.555069e-03,6.291066e-03,4.726217e-02,3.922029e-04,2.653685e-02
2.954857e-02,3.000362e-02,1.241275e-03,5.667638e-02,5.481549e-03,4.593150e-01,1.012522e-03,7.310919e-02,2.777612e-01,2.105019e-03,4.814085e-03,4.520627e-03,3.343994e-02,3.914766e-04,2.057959e-02
3.175019e-02,2.554065e-02,1.077378e-03,4.140092e-02,4.918080e-03,5.185472e-01,8.410115e-04,7.620074e-02,2.526336e-01,1.513776e-03,3.566307e-03,3.339823e-03,2.357976e-02,3.221245e-04,1.476851e-02
3.804984e-02,2.472627e-02,9.708551e-04,3.336100e-02,6.801484e-03,5.501429e-01,8.360039e-04,5.703542e-02,2.487288e-01,1.423179e-03,2.678059e-03,2.519963e-03,1.672053e-02,3.091545e-04,1.569650e-02
4.218020e-02,2.993677e-02,1.489716e-03,5.976937e-02,7.654340e-03,5.386726e-01,8.904787e-04,4.867925e-02,2.242088e-01,2.966576e-03,2.133810e-03,2.080100e-03,1.221483e-02,3.206779e-04,2.680255e-02
4.734492e-02,3.932796e-02,1.606308e-03,5.098341e-02,1.561833e-02,4.841351e-01,1.055306e-03,4.103575e-02,2.653479e-01,3.597698e-03,1.710858e-03,1.619602e-03,9.235078e-03,2.707499e-04,3.711104e-02
4.382173e-02,3.478708e-02,5.858952e-03,1.104432e-01,2.651969e-02,3.871855e-01,1.383365e-03,5.358645e-02,2.527256e-01,6.883231e-03,1.521254e-03,1.245499e-03,8.986559e-03,2.173385e-04,6.483454e-02
5.443192e-02,2.910600e-02,4.960765e-03,8.884746e-02,6.265022e-02,3.604872e-01,3.527616e-03,5.602570e-02,2.695435e-01,5.500777e-03,1.226053e-03,9.238072e-04,6.979383e-03,1.796524e-04,5.560994e-02
4.173661e-02,3.145566e-02,6.803636e-03,2.390921e-01,4.669789e-02,2.587008e-01,2.546736e-03,4.572845e-02,2.243593e-01,6.581495e-03,2.569220e-03,8.818372e-04,5.151224e-03,1.887101e-04,8.750643e-02
4.686079e-02,3.029219e-02,6.283214e-03,2.272364e-01,6.047142e-02,2.150923e-01,3.107918e-03,5.083064e-02,2.346652e-01,6.333002e-03,2.531830e-03,7.446746e-04,4.419340e-03,2.254704e-04,1.109056e-01
6.104560e-02,3.400113e-02,7.727225e-03,1.775640e-01,1.165007e-01,1.971934e-01,6.380386e-03,4.535400e-02,2.419636e-01,5.392084e-03,2.949003e-03,7.071623e-04,3.461252e-03,3.323482e-04,9.942813e-02
7.270001e-02,6.361639e-02,2.015940e-02,1.595225e-01,1.173390e-01,1.778293e-01,1.232223e-02,4.081637e-02,2.033353e-01,5.799409e-03,2.925437e-03,8.353609e-04,3.860635e-03,6.754821e-04,1.182630e-01
6.381112e-02,7.578785e-02,3.800751e-02,2.390765e-01,1.058046e-01,1.495052e-01,1.264397e-02,4.150821e-02,1.560993e-01,5.349460e-03,2.619742e-03,8.062103e-04,3.088665e-03,6.365847e-04,1.052550e-01
4.979499e-02,5.798997e-02,1.791382e-01,2.145496e-01,7.749189e-02,1.066700e-01,9.116557e-03,3.151249e-02,1.226013e-01,9.424552e-03,2.216186e-03,8.017280e-04,2.570265e-03,8.088780e-04,1.353135e-01
5.887953e-02,7.201596e-02,1.659094e-01,1.783979e-01,6.797054e-02,9.006358e-02,7.779868e-03,2.425505e-02,9.766248e-02,1.320655e-02,2.345430e-03,1.043284e-03,2.383609e-03,1.183256e-03,2.169036e-01
4.634166e-02,8.585314e-02,1.702968e-01,1.997734e-01,5.287403e-02,6.502120e-02,6.116794e-03,1.762366e-02,7.732683e-02,1.649693e-02,2.221241e-03,1.064562e-03,2.300305e-03,1.798432e-03,2.548911e-01
4.269744e-02,9.419625e-02,2.476157e-01,2.030466e-01,4.815810e-02,4.894446e-02,5.425373e-03,1.445341e-02,5.785152e-02,1.513625e-02,2.166001e-03,1.030893e-03,1.869550e-03,2.029418e-03,2.153791e-01
3.433029e-02,7.239095e-02,2.793114e-01,2.855409e-01,3.649357e-02,3.519548e-02,4.025178e-03,1.311151e-02,4.871146e-02,1.393714e-02,3.262989e-03,1.149791e-03,1.544777e-03,1.771129e-03,1.692234e-01
2.411830e-02,5.740097e-02,2.146180e-01,2.015240e-01,2.575268e-02,2.473316e-02,2.828789e-03,9.181798e-03,4.224382e-02,1.011933e-02,3.879010e-03,1.001941e-03,1.150510e-03,8.756741e-03,3.726909e-01
1.696111e-02,4.110280e-02,1.537125e-01,1.419917e-01,1.819621e-02,1.736232e-02,1.994221e-03,6.435523e-03,3.435326e-02,7.661102e-03,8.807324e-03,2.275768e-03,9.243449e-04,3.062410e-02,5.175977e-01
1.201185e-02,2.971843e-02,1.085406e-01,9.973910e-02,1.289419e-02,1.251097e-02,1.433233e-03,4.534531e-03,2.760603e-02,1.092928e-02,1.498374e-02,5.511083e-03,2.238677e-03,1.306119e-01,5.267364e-01
8.510494e-03,2.099407e-02,7.638892e-02,6.984559e-02,9.074746e-03,8.879894e-03,1.018590e-03,3.189199e-03,2.144032e-02,1.452768e-02,1.471229e-02,6.318962e-03,2.099662e-03,2.773257e-01,4.656739e-01
6.031338e-03,1.481919e-02,5.361284e-02,4.891148e-02,6.429532e-03,6.398268e-03,7.230567e-04,2.254236e-03,2.574749e-02,1.297710e-02,1.448076e-02,6.269591e-03,2.563979e-03,4.059018e-01,3.928793e-01
4.305587e-03,1.039073e-02,3.753533e-02,3.424434e-02,4.510656e-03,4.520122e-03,5.113580e-04,1.582327e-03,1.994031e-02,1.047465e-02,1.181974e-02,4.630458e-03,1.850096e-03,5.643035e-01,2.893808e-01
3.047732e-03,7.290703e-03,2.628523e-02,2.397563e-02,3.169937e-03,3.184321e-03,3.628471e-04,1.108242e-03,1.666614e-02,8.996106e-03,9.324077e-03,3.368914e-03,1.370823e-03,6.685339e-01,2.233154e-01
2.156035e-03,5.140436e-03,1.842192e-02,1.678651e-02,2.247805e-03,2.243767e-03,2.646983e-04,7.765854e-04,1.549773e-02,1.033609e-02,7.249729e-03,2.431099e-03,9.912114e-04,7.484490e-01,1.670074e-01
1.542166e-03,3.650667e-03,1.302837e-02,1.175845e-02,1.688071e-03,1.605810e-03,1.975720e-04,5.461339e-04,3.629443e-02,1.551922e-02,6.160891e-03,1.778276e-03,7.656742e-04,7.559557e-01,1.495086e-01
1.152331e-03,2.706352e-03,9.314093e-03,8.267862e-03,1.379924e-03,1.172925e-03,1.706219e-04,3.844326e-04,1.013134e-01,1.701970e-02,5.725393e-03,1.417921e-03,8.533847e-04,6.953995e-01,1.537221e-01
9.139205e-04,1.925603e-03,6.551894e-03,5.793662e-03,1.022919e-03,8.505238e-04,1.259165e-04,2.705107e-04,1.332418e-01,1.894077e-02,5.825031e-03,1.064539e-03,6.741705e-04,7.000797e-01,1.227191e-01
6.800189e-04,1.369063e-03,4.645218e-03,4.057778e-03,7.305334e-04,6.460694e-04,9.098535e-05,1.901925e-04,1.275544e-01,2.372045e-02,5.837925e-03,7.667840e-04,4.972434e-04,7.365954e-01,9.261794e-02
5.835314e-04,9.841310e-04,3.408913e-03,2.844538e-03,5.386657e-04,4.888145e-04,7.071783e-05,1.356256e-04,1.253645e-01,5.224645e-02,7.241501e-03,5.608762e-04,3.859029e-04,7.286462e-01,7.649960e-02
5.804750e-04,7.287933e-04,2.669996e-03,2.013425e-03,4.542102e-04,3.615976e-04,6.698291e-05,9.757059e-05,2.378900e-01,6.336293e-02,6.421332e-03,4.319927e-04,3.372725e-04,6.150739e-01,6.950954e-02
7.033360e-04,5.573111e-04,1.958584e-03,1.427716e-03,4.403141e-04,2.718559e-04,5.937403e-05,7.373858e-05,3.026947e-01,5.537960e-02,6.906172e-03,3.251274e-04,2.882686e-04,5.642761e-01,6.463784e-02
7.138066e-04,4.027485e-04,1.388925e-03,1.007137e-03,3.295558e-04,2.573188e-04,4.437641e-05,5.641234e-05,3.238933e-01,7.559589e-02,7.950500e-03,2.655591e-04,2.403359e-04,5.388241e-01,4.903009e-02
6.703657e-04,2.891137e-04,9.851741e-04,7.280749e-04,2.546697e-04,2.171999e-04,3.396786e-05,4.863336e-05,4.038928e-01,9.036215e-02,8.499927e-03,2.127586e-04,1.959358e-04,4.565651e-01,3.704417e-02
6.492548e-04,2.146264e-04,7.288248e-04,5.632265e-04,2.346058e-04,1.926571e-04,3.096418e-05,7.585328e-05,4.877747e-01,1.253740e-01,7.115128e-03,1.965108e-04,2.058634e-04,3.470945e-01,2.954931e-02
5.643344e-04,1.579521e-04,5.334512e-04,4.344824e-04,2.488022e-04,1.823817e-04,3.330920e-05,1.206265e-04,5.055555e-01,1.642836e-01,7.450256e-03,1.812634e-04,2.629610e-04,2.982137e-01,2.177743e-02
5.425104e-04,1.446473e-04,5.027282e-04,3.562018e-04,4.040642e-04,1.598434e-04,2.943235e-05,1.106960e-04,5.586780e-01,1.544016e-01,1.150138e-02,1.694204e-04,2.847257e-04,2.568915e-01,1.582321e-02
6.440028e-04,1.656504e-04,9.692401e-04,4.248502e-04,1.749957e-03,2.315968e-04,3.351321e-05,3.020781e-04,6.339809e-01,1.232160e-01,1.435851e-02,1.746752e-04,3.553622e-04,2.114669e-01,1.192671e-02
8.363788e-04,1.502479e-04,8.443772e-04,4.376641e-04,1.837495e-03,2.431734e-04,3.494913e-05,3.191676e-04,6.551341e-01,1.115403e-01,1.396224e-02,1.625252e-04,3.521294e-04,2.050477e-01,9.097626e-03
