1.000000e+00,0.000000e+00,0.000000e+00,0.000000e+00,0.000000e+00,0.000000e+00,0.000000e+00,0.000000e+00,0.000000e+00,0.000000e+00,0.000000e+00,0.000000e+00,0.000000e+00,0.000000e+00,0.000000e+00
1.000000e+00,0.000000e+00,0.000000e+00,0.000000e+00,0.000000e+00,0.000000e+00,0.000000e+00,0.000000e+00,0.000000e+00,0.000000e+00,0.000000e+00,0.000000e+00,0.000000e+00,0.000000e+00,0.000000e+00
1.000000e+00,0.000000e+00,0.000000e+00,0.000000e+00,0.000000e+00,0.000000e+00,0.000000e+00,0.000000e+00,0.000000e+00,0.000000e+00,0.000000e+00,0.000000e+00,0.000000e+00,0.000000e+00,0.000000e+00
1.000000e+00,0.000000e+00,0.000000e+00,0.000000e+00,0.000000e+00,0.000000e+00,0.000000e+00,0.000000e+00,0.000000e+00,0.000000e+00,0.000000e+00,0.000000e+00,0.000000e+00,0.000000e+00,0.000000e+00
1.000000e+00,0.000000e+00,0.000000e+00,0.000000e+00,0.000000e+00,0.000000e+00,0.000000e+00,0.000000e+00,0.000000e+00,0.000000e+00,0.000000e+00,0.000000e+00,0.000000e+00,0.000000e+00,0.000000e+00
1.000000e+00,0.000000e+00,0.000000e+00,0.000000e+00,0.000000e+00,0.000000e+00,0.000000e+00,0.000000e+00,0.000000e+00,0.000000e+00,0.000000e+00,0.000000e+00,0.000000e+00,0.000000e+00,0.000000e+00
1.000000e+00,0.000000e+00,0.000000e+00,0.000000e+00,0.000000e+00,0.000000e+00,0.000000e+00,0.000000e+00,0.000000e+00,0.000000e+00,0.000000e+00,0.000000e+00,0.000000e+00,0.000000e+00,0.000000e+00
1.000000e+00,0.000000e+00,0.000000e+00,0.000000e+00,0.000000e+00,0.000000e+00,0.000000e+00,0.000000e+00,0.000000e+00,0.000000e+00,0.000000e+00,0.000000e+00,0.000000e+00,0.000000e+00,0.000000e+00
1.000000e+00,0.000000e+00,0.000000e+00,0.000000e+00,0.000000e+00,0.000000e+00,0.000000e+00,0.000000e+00,0.000000e+00,0.000000e+00,0.000000e+00,0.000000e+00,0.000000e+00,0.000000e+00,0.000000e+00
1.000000e+00,0.000000e+00,0.000000e+00,0.000000e+00,0.000000e+00,0.000000e+00,0.000000e+00,0.000000e+00,0.000000e+00,0.000000e+00,0.000000e+00,0.000000e+00,0.000000e+00,0.000000e+00,0.000000e+00
1.000000e+00,0.000000e+00,0.000000e+00,0.000000e+00,0.000000e+00,0.000000e+00,0.000000e+00,0.000000e+00,0.000000e+00,0.000000e+00,0.000000e+00,0.000000e+00,0.000000e+00,0.000000e+00,0.000000e+00
1.000000e+00,0.000000e+00,0.000000e+00,0.000000e+00,0.000000e+00,0.000000e+00,0.000000e+00,0.000000e+00,0.000000e+00,0.000000e+00,0.000000e+00,0.000000e+00,0.000000e+00,0.000000e+00,0.000000e+00
1.000000e+00,0.000000e+00,0.000000e+00,0.000000e+00,0.000000e+00,0.000000e+00,0.000000e+00,0.000000e+00,0.000000e+00,0.000000e+00,0.000000e+00,0.000000e+00,0.000000e+00,0.000000e+00,0.000000e+00
1.000000e+00,0.000000e+00,0.000000e+00,0.000000e+00,0.000000e+00,0.000000e+00,0.000000e+00,0.000000e+00,0.000000e+00,0.000000e+00,0.000000e+00,0.000000e+00,0.000000e+00,0.000000e+00,0.000000e+00
1.000000e+00,0.000000e+00,0.000000e+00,0.000000e+00,0.000000e+00,0.000000e+00,0.000000e+00,0.000000e+00,0.000000e+00,0.000000e+00,0.000000e+00,0.000000e+00,0.000000e+00,0.000000e+00,0.000000e+00
1.000000e+00,0.000000e+00,0.000000e+00,0.000000e+00,0.000000e+00,0.000000e+00,0.000000e+00,0.000000e+00,0.000000e+00,0.000000e+00,0.000000e+00,0.000000e+00,0.000000e+00,0.000000e+00,0.000000e+00
1.000000e+00,0.000000e+00,0.000000e+00,0.000000e+00,0.000000e+00,0.000000e+00,0.000000e+00,0.000000e+00,0.000000e+00,0.000000e+00,0.000000e+00,0.000000e+00,0.000000e+00,0.000000e+00,0.000000e+00
1.000000e+00,0.000000e+00,0.000000e+00,0.000000e+00,0.000000e+00,0.000000e+00,0.000000e+00,0.000000e+00,0.000000e+00,0.000000e+00,0.000000e+00,0.000000e+00,0.000000e+00,0.000000e+00,0.000000e+00
1.000000e+00,0.000000e+00,0.000000e+00,0.000000e+00,0.000000e+00,0.000000e+00,0.000000e+00,0.000000e+00,0.000000e+00,0.000000e+00,0.000000e+00,0.000000e+00,0.000000e+00,0.000000e+00,0.000000e+00
1.000000e+00,0.000000e+00,0.000000e+00,0.000000e+00,0.000000e+00,0.000000e+00,0.000000e+00,0.000000e+00,0.000000e+00,0.000000e+00,0.000000e+00,0.000000e+00,0.000000e+00,0.000000e+00,0.000000e+00
1.000000e+00,0.000000e+00,0.000000e+00,0.000000e+00,0.000000e+00,0.000000e+00,0.000000e+00,0.000000e+00,0.000000e+00,0.000000e+00,0.000000e+00,0.000000e+00,0.000000e+00,0.000000e+00,0.000000e+00
1.000000e+00,0.000000e+00,0.000000e+00,0.000000e+00,0.000000e+00,0.000000e+00,0.000000e+00,0.000000e+00,0.000000e+00,0.000000e+00,0.000000e+00,0.000000e+00,0.000000e+00,0.000000e+00,0.000000e+00
1.000000e+00,0.000000e+00,0.000000e+00,0.000000e+00,0.000000e+00,0.000000e+00,0.000000e+00,0.000000e+00,0.000000e+00,0.000000e+00,0.000000e+00,0.000000e+00,0.000000e+00,0.000000e+00,0.000000e+00
1.000000e+00,0.000000e+00,0.000000e+00,0.000000e+00,0.000000e+00,0.000000e+00,0.000000e+00,0.000000e+00,0.000000e+00,0.000000e+00,0.000000e+00,0.000000e+00,0.000000e+00,0.000000e+00,0.000000e+00
1.000000e+00,0.000000e+00,0.000000e+00,0.000000e+00,0.000000e+00,0.000000e+00,0.000000e+00,0.000000e+00,0.000000e+00,0.000000e+00,0.000000e+00,0.000000e+00,0.000000e+00,0.000000e+00,0.000000e+00
1.000000e+00,0.000000e+00,0.000000e+00,0.000000e+00,0.000000e+00,0.000000e+00,0.000000e+00,0.000000e+00,0.000000e+00,0.000000e+00,0.000000e+00,0.000000e+00,0.000000e+00,0.000000e+00,0.000000e+00
1.000000e+00,0.000000e+00,0.000000e+00,0.000000e+00,0.000000e+00,0.000000e+00,0.000000e+00,0.000000e+00,0.000000e+00,0.000000e+00,0.000000e+00,0.000000e+00,0.000000e+00,0.000000e+00,0.000000e+00
1.000000e+00,0.000000e+00,0.000000e+00,0.000000e+00,0.000000e+00,0.000000e+00,0.000000e+00,0.000000e+00,0.000000e+00,0.000000e+00,0.000000e+00,0.000000e+00,0.000000e+00,0.000000e+00,0.000000e+00
1.000000e+00,0.000000e+00,0.000000e+00,0.000000e+00,0.000000e+00,0.000000e+00,0.000000e+00,0.000000e+00,0.000000e+00,0.000000e+00,0.000000e+00,0.000000e+00,0.000000e+00,0.000000e+00,0.000000e+00
1.000000e+00,0.000000e+00,0.000000e+00,0.000000e+00,0.000000e+00,0.000000e+00,0.000000e+00,0.000000e+00,0.000000e+00,0.000000e+00,0.000000e+00,0.000000e+00,0.000000e+00,0.000000e+00,0.000000e+00
1.000000e+00,0.000000e+00,0.000000e+00,0.000000e+00,0.000000e+00,0.000000e+00,0.000000e+00,0.000000e+00,0.000000e+00,0.000000e+00,0.000000e+00,0.000000e+00,0.000000e+00,0.000000e+00,0.000000e+00
1.000000e+00,0.000000e+00,0.000000e+00,0.000000e+00,0.000000e+00,0.000000e+00,0.000000e+00,0.000000e+00,0.000000e+00,0.000000e+00,0.000000e+00,0.000000e+00,0.000000e+00,0.000000e+00,0.000000e+00
1.000000e+00,0.000000e+00,0.000000e+00,0.000000e+00,0.000000e+00,0.000000e+00,0.000000e+00,0.000000e+00,0.000000e+00,0.000000e+00,0.000000e+00,0.000000e+00,0.000000e+00,0.000000e+00,0.000000e+00
1.000000e+00,0.000000e+00,0.000000e+00,0.000000e+00,0.000000e+00,0.000000e+00,0.000000e+00,0.000000e+00,0.000000e+00,0.000000e+00,0.000000e+00,0.000000e+00,0.000000e+00,0.000000e+00,0.000000e+00
1.000000e+00,0.000000e+00,0.000000e+00,0.000000e+00,0.000000e+00,0.000000e+00,0.000000e+00,0.000000e+00,0.000000e+00,0.000000e+00,0.000000e+00,0.000000e+00,0.000000e+00,0.000000e+00,0.000000e+00
1.000000e+00,0.000000e+00,0.000000e+00,0.000000e+00,0.000000e+00,0.000000e+00,0.000000e+00,0.000000e+00,0.000000e+00,0.000000e+00,0.000000e+00,0.000000e+00,0.000000e+00,0.000000e+00,0.000000e+00
1.000000e+00,0.000000e+00,0.000000e+00,0.000000e+00,0.000000e+00,0.000000e+00,0.000000e+00,0.000000e+00,0.000000e+00,0.000000e+00,0.000000e+00,0.000000e+00,0.000000e+00,0.000000e+00,0.000000e+00
1.000000e+00,0.000000e+00,0.000000e+00,0.000000e+00,0.000000e+00,0.000000e+00,0.000000e+00,0.000000e+00,0.000000e+00,0.000000e+00,0.000000e+00,0.000000e+00,0.000000e+00,0.000000e+00,0.000000e+00
1.000000e+00,0.000000e+00,0.000000e+00,0.000000e+00,0.000000e+00,0.000000e+00,0.000000e+00,0.000000e+00,0.000000e+00,0.000000e+00,0.000000e+00,0.000000e+00,0.000000e+00,0.000000e+00,0.000000e+00
1.000000e+00,0.000000e+00,0.000000e+00,0.000000e+00,0.000000e+00,0.000000e+00,0.000000e+00,0.000000e+00,0.000000e+00,0.000000e+00,0.000000e+00,0.000000e+00,0.000000e+00,0.000000e+00,0.000000e+00
1.000000e+00,0.000000e+00,0.000000e+00,0.000000e+00,0.000000e+00,0.000000e+00,0.000000e+00,0.000000e+00,0.000000e+00,0.000000e+00,0.000000e+00,0.000000e+00,0.000000e+00,0.000000e+00,0.000000e+00
1.000000e+00,0.000000e+00,0.000000e+00,0.000000e+00,0.000000e+00,0.000000e+00,0.000000e+00,0.000000e+00,0.000000e+00,0.000000e+00,0.000000e+00,0.000000e+00,0.000000e+00,0.000000e+00,0.000000e+00
1.000000e+00,0.000000e+00,0.000000e+00,0.000000e+00,0.000000e+00,0.000000e+00,0.000000e+00,0.000000e+00,0.000000e+00,0.000000e+00,0.000000e+00,0.000000e+00,0.000000e+00,0.000000e+00,0.000000e+00
1.000000e+00,0.000000e+00,0.000000e+00,0.000000e+00,0.000000e+00,0.000000e+00,0.000000e+00,0.000000e+00,0.000000e+00,0.000000e+00,0.000000e+00,0.000000e+00,0.000000e+00,0.000000e+00,0.000000e+00
1.000000e+00,0.000000e+00,0.000000e+00,0.000000e+00,0.000000e+00,0.000000e+00,0.000000e+00,0.000000e+00,0.000000e+00,0.000000e+00,0.000000e+00,0.000000e+00,0.000000e+00,0.000000e+00,0.000000e+00
1.000000e+00,0.000000e+00,0.000000e+00,0.000000e+00,0.000000e+00,0.000000e+00,0.000000e+00,0.000000e+00,0.000000e+00,0.000000e+00,0.000000e+00,0.000000e+00,0.000000e+00,0.000000e+00,0.000000e+00
1.000000e+00,0.000000e+00,0.000000e+00,0.000000e+00,0.000000e+00,0.000000e+00,0.000000e+00,0.000000e+00,0.000000e+00,0.000000e+00,0.000000e+00,0.000000e+00,0.000000e+00,0.000000e+00,0.000000e+00
1.000000e+00,0.000000e+00,0.000000e+00,0.000000e+00,0.000000e+00,0.000000e+00,0.000000e+00,0.000000e+00,0.000000e+00,0.000000e+00,0.000000e+00,0.000000e+00,0.000000e+00,0.000000e+00,0.000000e+00
1.000000e+00,0.000000e+00,0.000000e+00,0.000000e+00,0.000000e+00,0.000000e+00,0.000000e+00,0.000000e+00,0.000000e+00,0.000000e+00,0.000000e+00,0.000000e+00,0.000000e+00,0.000000e+00,0.000000e+00
1.000000e+00,0.000000e+00,0.000000e+00,0.000000e+00,0.000000e+00,0.000000e+00,0.000000e+00,0.000000e+00,0.000000e+00,0.000000e+00,0.000000e+00,0.000000e+00,0.000000e+00,0.000000e+00,0.000000e+00
1.000000e+00,0.000000e+00,0.000000e+00,0.000000e+00,0.000000e+00,0.000000e+00,0.000000e+00,0.000000e+00,0.000000e+00,0.000000e+00,0.000000e+00,0.000000e+00,0.000000e+00,0.000000e+00,0.000000e+00
1.000000e+00,0.000000e+00,0.000000e+00,0.000000e+00,0.000000e+00,0.000000e+00,0.000000e+00,0.000000e+00,0.000000e+00,0.000000e+00,0.000000e+00,0.000000e+00,0.000000e+00,0.000000e+00,0.000000e+00
1.000000e+00,0.000000e+00,0.000000e+00,0.000000e+00,0.000000e+00,0.000000e+00,0.000000e+00,0.000000e+00,0.000000e+00,0.000000e+00,0.000000e+00,0.000000e+00,0.000000e+00,0.000000e+00,0.000000e+00
4.688885e-01,1.123166e-01,1.170628e-02,2.126922e-01,9.367675e-03,2.426059e-02,3.942887e-03,9.415174e-03,7.793490e-03,4.432086e-03,2.959769e-02,3.829516e-02,5.675619e-02,1.398070e-03,9.137426e-03
3.283811e-01,9.656004e-02,1.031203e-02,2.157404e-01,7.490659e-03,2.701935e-02,3.103978e-03,6.689143e-03,1.307896e-02,4.242501e-03,2.465994e-02,2.858719e-02,2.110438e-01,9.935193e-04,2.209740e-02
2.298990e-01,6.953146e-02,8.622157e-03,1.556084e-01,5.532382e-03,2.475188e-02,2.199589e-03,4.711659e-03,9.811183e-03,2.994135e-03,1.772395e-02,2.191387e-02,4.279140e-01,6.972001e-04,1.808916e-02
1.609638e-01,4.918865e-02,6.657554e-03,1.110292e-01,4.466443e-03,2.079019e-02,1.617151e-03,3.376605e-03,7.216230e-03,2.157849e-03,1.388051e-02,1.746850e-02,5.855742e-01,4.949128e-04,1.511833e-02
1.127219e-01,3.463834e-02,4.788922e-03,7.864776e-02,3.389090e-03,1.560969e-02,1.199283e-03,2.492264e-03,5.211931e-03,1.524870e-03,1.008252e-02,1.343982e-02,7.048702e-01,3.496159e-04,1.103380e-02
7.895277e-02,2.439678e-02,3.474320e-03,5.577974e-02,2.496030e-03,1.406820e-02,1.158791e-03,2.005682e-03,3.711522e-03,1.072833e-03,7.341845e-03,1.088278e-02,7.864435e-01,2.459990e-04,7.969234e-03
5.556550e-02,1.727169e-02,2.566729e-03,3.926136e-02,1.836855e-03,7.615804e-02,1.040290e-03,1.688397e-03,2.805708e-03,7.607752e-04,5.663783e-03,1.205138e-02,7.774894e-01,1.756668e-04,5.664405e-03
3.895049e-02,1.212258e-02,2.126968e-03,2.755424e-02,1.366936e-03,3.200148e-01,8.133047e-04,1.256102e-03,2.000401e-03,5.381053e-04,4.054890e-03,9.267308e-03,5.757945e-01,1.235538e-04,4.015798e-03
2.738329e-02,8.590404e-03,1.594086e-03,1.933744e-02,1.053966e-03,4.456633e-01,5.985841e-04,9.275848e-04,1.646172e-03,3.925694e-04,3.180239e-03,9.061901e-03,4.775683e-01,8.912492e-05,2.912968e-03
1.939376e-02,6.152784e-03,1.293485e-03,1.365476e-02,9.275601e-04,5.299772e-01,6.271665e-04,1.103256e-03,2.091830e-03,3.233536e-04,3.548691e-03,1.277050e-02,4.056995e-01,7.715345e-05,2.359017e-03
1.373104e-02,4.606048e-03,9.969735e-04,9.677992e-03,7.468826e-04,5.009493e-01,5.925382e-04,9.200972e-04,2.776331e-03,2.597487e-04,2.813827e-03,1.153907e-02,4.484709e-01,5.561664e-05,1.863715e-03
9.801996e-03,4.743089e-03,8.641940e-04,6.976858e-03,7.168673e-04,4.863634e-01,8.725055e-04,8.749579e-04,9.369382e-03,2.558591e-04,2.207222e-03,1.304506e-02,4.621431e-01,4.594604e-05,1.719599e-03
7.565835e-03,8.975043e-03,7.349994e-04,5.087389e-03,7.976178e-04,4.081591e-01,1.428999e-03,9.186463e-04,4.695856e-02,2.997404e-04,1.834529e-03,1.738074e-02,4.976604e-01,9.242842e-05,2.105962e-03
6.698281e-03,8.331949e-03,8.270406e-04,4.461440e-03,2.484859e-03,3.678761e-01,3.082171e-03,3.536662e-03,5.990813e-02,4.328315e-04,1.599523e-03,1.661278e-02,5.218714e-01,1.813193e-04,2.095391e-03
6.458696e-03,7.964685e-03,9.696059e-04,4.018046e-03,4.442342e-03,3.111393e-01,4.575928e-03,4.112843e-03,6.523059e-02,1.059945e-03,3.201373e-03,2.608121e-02,5.563726e-01,7.419857e-04,3.630886e-03
8.221829e-03,8.732500e-03,1.210616e-03,3.667357e-03,6.053058e-03,3.013380e-01,5.515480e-03,5.363126e-03,6.703417e-02,2.414134e-03,4.630082e-03,2.802721e-02,5.514978e-01,1.325798e-03,4.968891e-03
2.296602e-02,1.492693e-02,1.590961e-03,3.169356e-03,1.634887e-02,2.197689e-01,6.981496e-03,5.631636e-03,1.165845e-01,3.134129e-03,6.180491e-03,2.336692e-02,5.460418e-01,2.552717e-03,1.075523e-02
3.570638e-02,2.830813e-02,1.923916e-02,5.154197e-03,5.068336e-02,1.663044e-01,9.864274e-03,1.195457e-02,1.344844e-01,5.120378e-03,5.635042e-03,1.860313e-02,4.907977e-01,2.926874e-03,1.521809e-02
4.841093e-02,4.605107e-02,2.056589e-02,5.896799e-03,4.571402e-02,1.297733e-01,7.959095e-03,1.794434e-02,1.605112e-01,6.901614e-03,6.014737e-03,1.587267e-02,4.520317e-01,3.589124e-03,3.276357e-02
5.003405e-02,5.743170e-02,2.630557e-02,7.244947e-03,3.494809e-02,1.041985e-01,5.957586e-03,2.840386e-02,2.160551e-01,9.298236e-03,6.525224e-03,1.334704e-02,3.979484e-01,3.926067e-03,3.837562e-02
4.979652e-02,4.947326e-02,2.050197e-02,5.786038e-03,3.254039e-02,1.012401e-01,6.451076e-03,3.420474e-02,2.890345e-01,7.258151e-03,5.986969e-03,1.039243e-02,3.509630e-01,3.993627e-03,3.237730e-02
4.936526e-02,4.623617e-02,1.537196e-02,4.636626e-03,2.478305e-02,1.363342e-01,6.435934e-03,3.653974e-02,3.465931e-01,5.609352e-03,7.135666e-03,1.202238e-02,2.777247e-01,3.614890e-03,2.759700e-02
5.433289e-02,3.833942e-02,1.148101e-02,3.873528e-03,1.914719e-02,1.332918e-01,7.101005e-03,6.011543e-02,4.014868e-01,4.029069e-03,6.271694e-03,1.014361e-02,2.211751e-01,3.077857e-03,2.613361e-02
5.747510e-02,3.222775e-02,8.539495e-03,3.049206e-03,1.591258e-02,1.595291e-01,6.021178e-03,5.518228e-02,4.323103e-01,2.964158e-03,4.905993e-03,8.186816e-03,1.797740e-01,3.145607e-03,3.077635e-02
8.542931e-02,4.069014e-02,6.300195e-03,2.815517e-03,1.226289e-02,1.932778e-01,4.515092e-03,4.291223e-02,3.797562e-01,2.449255e-03,3.870703e-03,7.080051e-03,1.880413e-01,3.210537e-03,2.738882e-02
1.145977e-01,5.329914e-02,4.824159e-03,2.773862e-03,1.029316e-02,1.961883e-01,3.922271e-03,3.534537e-02,3.564627e-01,1.769682e-03,3.345773e-03,6.721362e-03,1.823427e-01,3.478305e-03,2.463547e-02
1.211761e-01,6.143752e-02,5.927896e-03,8.813737e-03,2.395760e-02,1.929898e-01,5.232027e-03,4.240912e-02,3.334760e-01,1.443939e-03,2.976308e-03,6.044639e-03,1.660556e-01,2.952790e-03,2.510687e-02
1.610762e-01,4.739176e-02,5.365661e-03,1.173206e-02,1.916349e-02,2.462085e-01,4.310131e-03,4.008154e-02,2.467959e-01,1.926251e-03,4.313055e-03,9.141291e-03,1.598792e-01,3.252937e-03,3.936209e-02
1.283411e-01,6.353267e-02,2.792930e-02,1.412404e-01,1.466860e-02,1.834614e-01,3.127199e-03,3.017006e-02,1.794339e-01,4.746117e-03,1.527322e-02,1.991602e-02,1.190391e-01,2.733167e-03,6.638784e-02
1.013661e-01,5.598066e-02,4.950777e-02,1.803809e-01,1.056113e-02,1.365798e-01,2.286687e-03,2.203710e-02,1.383843e-01,8.674004e-03,2.754183e-02,4.997376e-02,1.081498e-01,3.534008e-03,1.050421e-01
1.863723e-01,4.688773e-02,4.099940e-02,1.570471e-01,8.921772e-03,1.152344e-01,2.305595e-03,1.853400e-02,1.179866e-01,9.314189e-03,3.040806e-02,4.649891e-02,9.974948e-02,4.502067e-03,1.152383e-01
1.886686e-01,4.325067e-02,4.793040e-02,1.488974e-01,1.262612e-02,8.780858e-02,3.477401e-03,2.620415e-02,1.384491e-01,1.236663e-02,3.590324e-02,4.409453e-02,9.224748e-02,5.940272e-03,1.121354e-01
2.030869e-01,5.349257e-02,4.143016e-02,1.144981e-01,1.526243e-02,9.704711e-02,3.848353e-03,2.354053e-02,1.528029e-01,1.529024e-02,2.944434e-02,3.441235e-02,9.032461e-02,7.358995e-03,1.181604e-01
1.866439e-01,5.055112e-02,1.304100e-01,1.081463e-01,1.426666e-02,8.180220e-02,3.280438e-03,1.757653e-02,1.162854e-01,2.466402e-02,2.300404e-02,2.841051e-02,7.017675e-02,6.330196e-03,1.384519e-01
2.879217e-01,4.191836e-02,9.596211e-02,8.289275e-02,1.480237e-02,6.999307e-02,3.071584e-03,1.565748e-02,9.731209e-02,1.958895e-02,2.104271e-02,3.717090e-02,9.987207e-02,7.154406e-03,1.056395e-01
3.615406e-01,4.158539e-02,7.184883e-02,6.408274e-02,1.635869e-02,6.368382e-02,3.120640e-03,1.346876e-02,8.749292e-02,1.528352e-02,1.860174e-02,3.748531e-02,1.177143e-01,6.965134e-03,8.076753e-02
2.676971e-01,1.333441e-01,1.043623e-01,9.238815e-02,1.389230e-02,5.155265e-02,2.435682e-03,9.929637e-03,9.344491e-02,1.512805e-02,1.681244e-02,2.971273e-02,8.993670e-02,6.007762e-03,7.335532e-02
1.985305e-01,2.079089e-01,8.649409e-02,7.129298e-02,1.020223e-02,4.944227e-02,1.808923e-03,7.302612e-03,1.170624e-01,1.389986e-02,2.241011e-02,3.817121e-02,8.592837e-02,6.772729e-03,8.277271e-02
1.665642e-01,2.379829e-01,6.949716e-02,5.310511e-02,7.460286e-03,4.569066e-02,1.406954e-03,5.351656e-03,1.309845e-01,1.589246e-02,2.758785e-02,5.199869e-02,7.483111e-02,9.508653e-03,1.021379e-01
1.718495e-01,1.965491e-01,5.621316e-02,4.432077e-02,5.709782e-03,4.646371e-02,1.231838e-03,4.613976e-03,1.255303e-01,2.000562e-02,2.851097e-02,8.122271e-02,7.068454e-02,2.194681e-02,1.251472e-01
2.773405e-01,1.553026e-01,4.159784e-02,3.573155e-02,6.108765e-03,4.092604e-02,1.642820e-03,5.080953e-03,1.132931e-01,1.543031e-02,2.560809e-02,7.382472e-02,8.246914e-02,2.208662e-02,1.035570e-01
2.372088e-01,1.787051e-01,3.236645e-02,2.882822e-02,7.465946e-03,3.951108e-02,1.759140e-03,4.338003e-03,1.576893e-01,1.219269e-02,2.145413e-02,5.674672e-02,9.475122e-02,1.889803e-02,1.080852e-01
1.928593e-01,2.234602e-01,2.560311e-02,3.515340e-02,6.865390e-03,5.167157e-02,1.594255e-03,4.497500e-03,1.813386e-01,1.098197e-02,1.812422e-02,4.497016e-02,9.022274e-02,1.623238e-02,9.642524e-02
2.133052e-01,1.919679e-01,2.148326e-02,4.094012e-02,7.165541e-03,5.541250e-02,1.667511e-03,3.926233e-03,1.981872e-01,1.276001e-02,2.832730e-02,3.627311e-02,7.646646e-02,1.501954e-02,9.709816e-02
1.971269e-01,1.923048e-01,1.761490e-02,5.410425e-02,6.461767e-03,5.494295e-02,1.395446e-03,3.245742e-03,2.140419e-01,1.539462e-02,3.486333e-02,3.861101e-02,6.480939e-02,1.529959e-02,8.978339e-02
1.919545e-01,1.567241e-01,1.623054e-02,4.765680e-02,6.662894e-03,4.707706e-02,1.399630e-03,3.514516e-03,1.973909e-01,1.748801e-02,6.316476e-02,4.972536e-02,7.850274e-02,3.419872e-02,8.830951e-02
1.458155e-01,1.154464e-01,1.604027e-02,3.612958e-02,5.518887e-03,3.767813e-02,1.341411e-03,2.817347e-03,1.563990e-01,2.488886e-02,6.185144e-02,7.693658e-02,7.511906e-02,1.136778e-01,1.303397e-01
1.546642e-01,8.819761e-02,1.594594e-02,2.864967e-02,6.305363e-03,2.852590e-02,1.490294e-03,3.867541e-03,1.708773e-01,2.700424e-02,6.105817e-02,7.800310e-02,7.117839e-02,1.234043e-01,1.408280e-01
2.160721e-01,6.940363e-02,1.397857e-02,2.351816e-02,7.327016e-03,2.369123e-02,1.782786e-03,4.621984e-03,1.524753e-01,2.403926e-02,5.254531e-02,7.445531e-02,6.784237e-02,1.278040e-01,1.404429e-01
2.496856e-01,5.813180e-02,1.280335e-02,2.213694e-02,1.085724e-02,2.097183e-02,2.842179e-03,5.627237e-03,1.916792e-01,1.908345e-02,4.199950e-02,5.978546e-02,6.408334e-02,1.186578e-01,1.216551e-01
2.189273e-01,4.749075e-02,1.363316e-02,1.784423e-02,2.329349e-02,1.689972e-02,4.307846e-03,2.472709e-02,2.451280e-01,1.508492e-02,3.702369e-02,4.804338e-02,7.204746e-02,1.152063e-01,1.003427e-01
1.985335e-01,4.986025e-02,2.094456e-02,1.540228e-02,2.948328e-02,1.410475e-02,4.388815e-03,2.293218e-02,2.647254e-01,1.215682e-02,3.057447e-02,4.269976e-02,7.371686e-02,1.233749e-01,9.710221e-02
1.535675e-01,4.586823e-02,3.203596e-02,1.284880e-02,5.975397e-02,1.153012e-02,9.361041e-03,1.348605e-01,2.362575e-01,9.007164e-03,2.974514e-02,3.123537e-02,6.112307e-02,9.674431e-02,7.606140e-02
1.257315e-01,4.148330e-02,5.560602e-02,2.063967e-02,5.931631e-02,1.029915e-02,7.426492e-03,2.548326e-01,1.916053e-01,7.933185e-03,2.350432e-02,2.348195e-02,4.580119e-02,7.110234e-02,6.123667e-02
1.224537e-01,8.319817e-02,6.760068e-02,1.709271e-02,6.954292e-02,1.327941e-02,1.150406e-02,1.905307e-01,2.119668e-01,8.359188e-03,2.002080e-02,1.867307e-02,3.950741e-02,6.415249e-02,6.211787e-02
1.141312e-01,1.075291e-01,7.675635e-02,1.298197e-02,8.031264e-02,1.919082e-02,1.191662e-02,1.768820e-01,2.000542e-01,7.343316e-03,1.511523e-02,1.395735e-02,4.004654e-02,5.128146e-02,7.250126e-02
1.296713e-01,1.162900e-01,6.899496e-02,1.039501e-02,8.268879e-02,2.175823e-02,9.743874e-03,1.486809e-01,1.886638e-01,6.243588e-03,1.183699e-02,1.085833e-02,3.997621e-02,4.059959e-02,1.135985e-01
1.477979e-01,1.007463e-01,5.310468e-02,1.094108e-02,7.989244e-02,1.928371e-02,8.394646e-03,1.585949e-01,2.383843e-01,5.154850e-03,9.797106e-03,1.265236e-02,3.850653e-02,2.976916e-02,8.698005e-02
1.598178e-01,9.696220e-02,4.622741e-02,1.327338e-02,7.297593e-02,1.642013e-02,7.445453e-03,1.824882e-01,2.463283e-01,5.951998e-03,9.335728e-03,1.840903e-02,3.499342e-02,2.285088e-02,6.652022e-02
1.333802e-01,1.031382e-01,4.355177e-02,2.410451e-02,5.886042e-02,1.481891e-02,6.463287e-03,1.521813e-01,2.737519e-01,1.091913e-02,1.587977e-02,3.214358e-02,3.313460e-02,1.905754e-02,7.861502e-02
9.470249e-02,8.514503e-02,4.915807e-02,1.994015e-01,5.248425e-02,1.082397e-02,4.681846e-03,1.103473e-01,1.998363e-01,8.460701e-03,6.206195e-02,2.678734e-02,2.572471e-02,1.396287e-02,5.642175e-02
6.656100e-02,6.105163e-02,3.642729e-02,2.386238e-01,4.062562e-02,7.698246e-03,3.381036e-03,7.778253e-02,1.417972e-01,7.208925e-03,2.131900e-01,3.067629e-02,2.276889e-02,1.228297e-02,3.992461e-02
4.734625e-02,4.327922e-02,2.591089e-02,2.196526e-01,5.842199e-02,5.779390e-03,2.512038e-03,5.581954e-02,1.033501e-01,6.365631e-03,2.989177e-01,6.062368e-02,1.669556e-02,2.716543e-02,2.815990e-02
3.378392e-02,3.093729e-02,1.866812e-02,1.895556e-01,5.978467e-02,4.560966e-03,1.892750e-03,3.985446e-02,7.393385e-02,6.644762e-03,3.708968e-01,8.801411e-02,1.221885e-02,4.933372e-02,1.992014e-02
2.415509e-02,2.191843e-02,1.369047e-02,1.358876e-01,4.607335e-02,4.488498e-03,1.361583e-03,2.811914e-02,5.224621e-02,6.031628e-03,4.399021e-01,1.128469e-01,9.651835e-03,8.956106e-02,1.406619e-02
1.736372e-02,1.554685e-02,9.895628e-03,9.932986e-02,3.550397e-02,4.085056e-03,9.707866e-04,1.983758e-02,3.721181e-02,5.470622e-03,4.858675e-01,1.439294e-01,7.488933e-03,1.074364e-01,1.006191e-02
1.264419e-02,1.107468e-02,7.336575e-03,7.004929e-02,2.863077e-02,4.236160e-03,6.882959e-04,1.398136e-02,2.683778e-02,4.151431e-03,5.207801e-01,1.322061e-01,5.804248e-03,1.543207e-01,7.258389e-03
9.051777e-03,8.652622e-03,6.644122e-03,4.944787e-02,3.372996e-02,3.308658e-03,4.912720e-04,9.919480e-03,2.463957e-02,3.270675e-03,6.009829e-01,1.091259e-01,4.172178e-03,1.310241e-01,5.538991e-03
6.460704e-03,6.337736e-03,5.011993e-03,3.472230e-02,3.115647e-02,2.969547e-03,3.543010e-04,7.033350e-03,2.560857e-02,2.781265e-03,5.981013e-01,8.631705e-02,2.978702e-03,1.858888e-01,4.278029e-03
4.649627e-03,4.711312e-03,4.183634e-03,2.448258e-02,2.404678e-02,3.109175e-03,2.596595e-04,5.078224e-03,5.102442e-02,2.270101e-03,5.613225e-01,6.994069e-02,2.160200e-03,2.394151e-01,3.345984e-03
3.394627e-03,3.418773e-03,3.183962e-03,1.731580e-02,2.248361e-02,2.753276e-03,1.852149e-04,3.638789e-03,4.914948e-02,1.822424e-03,6.224084e-01,5.009279e-02,1.582806e-03,2.159145e-01,2.655519e-03
3.161152e-03,2.493047e-03,2.896887e-03,1.255633e-02,5.417278e-02,4.435235e-03,1.934413e-04,2.784074e-03,5.792096e-02,1.939332e-02,6.145999e-01,3.966431e-02,4.182558e-03,1.788063e-01,2.739722e-03
3.208857e-03,2.017691e-03,3.572155e-03,9.444805e-03,6.830501e-02,3.843729e-03,1.462063e-04,2.059009e-03,8.453091e-02,2.319388e-02,5.620097e-01,2.980457e-02,3.404335e-03,2.017107e-01,2.748377e-03
3.409985e-03,2.278917e-03,5.769795e-03,7.182233e-03,6.201119e-02,3.363342e-03,1.102218e-04,1.543583e-03,1.432065e-01,1.940015e-02,5.004501e-01,2.206087e-02,2.732628e-03,2.238481e-01,2.632331e-03
5.365396e-03,2.377596e-03,4.103269e-02,9.277720e-03,5.067205e-02,7.928000e-03,1.566279e-04,3.702512e-03,2.253350e-01,1.722329e-02,4.064755e-01,1.681514e-02,3.324002e-03,2.071709e-01,3.143663e-03
7.408698e-03,2.452404e-03,7.118259e-02,9.006096e-03,3.846901e-02,8.527078e-03,1.531341e-04,4.356491e-03,2.680276e-01,1.755241e-02,3.583230e-01,1.315116e-02,3.520316e-03,1.949715e-01,2.898531e-03
8.342966e-03,6.719382e-03,1.039199e-01,9.447146e-03,3.936807e-02,7.756666e-03,4.647200e-04,4.498693e-03,2.392755e-01,2.202283e-02,3.596677e-01,1.035319e-02,3.483990e-03,1.791852e-01,5.494066e-03
9.244400e-03,6.384214e-03,1.006592e-01,1.245723e-02,3.144807e-02,1.460562e-02,7.747617e-04,5.347371e-02,2.338646e-01,2.616944e-02,3.221089e-01,1.069854e-02,6.046746e-03,1.659754e-01,6.089277e-03
7.581687e-03,4.805945e-03,7.958199e-02,1.157653e-02,4.173149e-02,1.402664e-02,3.109157e-03,1.343307e-01,2.402905e-01,2.680884e-02,2.652211e-01,1.247111e-02,6.010203e-03,1.475242e-01,4.929860e-03
8.849468e-03,5.132179e-03,6.428741e-02,1.619975e-02,7.174662e-02,1.997089e-02,4.402800e-03,1.083528e-01,3.201554e-01,3.171983e-02,2.049119e-01,1.050218e-02,6.816257e-03,1.210618e-01,5.890755e-03
1.064481e-02,5.698806e-03,5.040668e-02,1.379944e-02,1.019478e-01,2.945827e-02,5.940208e-03,8.149389e-02,3.493685e-01,3.137170e-02,1.833992e-01,9.271450e-03,6.841199e-03,1.136072e-01,6.750974e-03
2.231879e-02,8.601030e-03,4.315623e-02,1.347627e-02,1.070171e-01,3.467032e-02,5.579618e-03,7.722636e-02,3.874534e-01,3.124961e-02,1.539031e-01,8.569388e-03,7.522384e-03,8.976101e-02,9.495349e-03
3.532862e-02,1.076293e-02,4.380270e-02,1.810972e-02,1.178844e-01,3.755762e-02,4.876642e-03,7.288946e-02,3.834576e-01,3.344594e-02,1.167344e-01,8.153154e-03,8.359104e-03,6.959549e-02,3.904214e-02
3.851332e-02,9.844232e-03,4.759685e-02,2.038682e-02,1.046834e-01,3.062275e-02,6.704510e-03,1.704214e-01,3.529164e-01,2.716653e-02,9.119825e-02,9.759597e-03,8.891009e-03,5.026044e-02,3.103456e-02
3.856907e-02,1.632438e-02,6.128265e-02,1.307146e-01,1.030710e-01,2.419594e-02,7.639014e-03,1.392645e-01,2.980506e-01,2.169296e-02,7.116535e-02,1.356174e-02,9.380302e-03,3.663795e-02,2.844994e-02
4.832965e-02,2.691379e-02,8.230803e-02,1.126149e-01,1.016999e-01,3.296249e-02,9.090578e-03,1.119236e-01,3.133178e-01,2.140707e-02,5.488453e-02,1.746945e-02,8.781800e-03,2.788858e-02,3.040772e-02
3.484471e-02,2.262656e-02,6.903457e-02,2.609403e-01,8.351061e-02,2.492331e-02,7.032197e-03,7.961274e-02,2.557807e-01,1.605189e-02,4.453560e-02,1.550882e-02,4.234172e-02,1.973440e-02,2.352186e-02
2.612605e-02,1.900356e-02,5.393655e-02,2.397089e-01,7.516865e-02,2.588676e-02,5.937131e-03,5.722187e-02,1.944263e-01,1.570035e-02,5.731371e-02,2.684819e-02,1.606790e-01,1.510783e-02,2.693516e-02
1.941992e-02,1.523333e-02,3.954354e-02,1.783948e-01,6.126004e-02,1.971405e-02,4.805841e-03,4.102584e-02,1.523903e-01,1.603408e-02,9.202516e-02,3.458854e-02,2.535404e-01,1.355419e-02,5.847002e-02
2.245884e-02,1.212913e-02,2.975833e-02,1.272365e-01,6.681471e-02,1.548069e-02,4.168577e-03,2.997175e-02,1.414175e-01,1.376782e-02,1.285210e-01,3.389457e-02,2.932348e-01,1.620977e-02,6.493594e-02
2.441297e-02,1.091752e-02,2.617310e-02,9.295572e-02,7.627732e-02,1.196321e-02,3.774897e-03,2.285005e-02,1.510696e-01,1.275287e-02,1.366674e-01,3.111034e-02,3.128074e-01,1.868062e-02,6.758699e-02
2.423977e-02,1.614809e-02,2.904925e-02,7.034066e-02,8.370429e-02,9.576755e-03,3.237012e-03,1.865827e-02,1.374756e-01,1.097799e-02,1.156318e-01,2.596709e-02,2.841267e-01,2.556433e-02,1.453024e-01
2.370065e-02,1.841974e-02,2.425217e-02,4.988137e-02,1.245247e-01,8.487592e-03,2.561577e-03,1.478611e-02,1.362597e-01,9.757733e-03,9.021505e-02,2.042676e-02,2.267157e-01,3.910132e-02,2.109098e-01
1.872677e-02,1.743927e-02,2.081807e-02,3.517005e-02,1.159236e-01,8.504265e-03,1.981037e-03,1.106102e-02,1.146835e-01,7.549004e-03,7.357205e-02,1.589854e-02,1.749024e-01,4.521374e-02,3.385568e-01
1.420473e-02,1.668748e-02,2.627746e-02,2.489736e-02,8.796206e-02,8.849539e-03,1.571343e-03,8.027196e-03,1.380347e-01,6.810624e-03,5.641034e-02,1.169039e-02,1.261788e-01,6.315413e-02,4.092438e-01
1.153361e-02,1.533527e-02,2.211309e-02,1.749590e-02,6.458744e-02,1.284126e-02,1.327605e-03,5.775814e-03,1.790281e-01,5.879018e-03,4.152233e-02,8.931489e-03,9.245612e-02,7.525703e-02,4.459159e-01
8.952537e-03,2.414551e-02,1.885125e-02,1.331260e-02,4.552419e-02,9.701918e-03,9.533068e-04,4.103895e-03,3.723468e-01,5.615061e-03,2.951572e-02,6.448070e-03,6.542321e-02,6.221904e-02,3.328869e-01
7.802745e-03,2.218103e-02,1.477235e-02,1.178498e-02,3.220222e-02,8.884779e-03,7.066026e-04,2.956019e-03,5.187690e-01,5.956970e-03,2.195028e-02,4.636666e-03,4.713795e-02,4.581383e-02,2.544446e-01
6.716604e-03,2.773066e-02,1.336886e-02,1.107977e-02,2.282862e-02,7.333013e-03,5.618313e-04,2.186744e-03,5.880711e-01,9.248778e-03,1.640262e-02,3.717201e-03,3.382100e-02,3.758899e-02,2.193442e-01
7.104921e-03,2.622955e-02,1.086112e-02,8.459806e-03,1.630726e-02,6.135182e-03,4.364520e-04,1.633990e-03,5.491755e-01,1.307422e-02,4.747514e-02,3.437275e-03,3.524521e-02,4.900116e-02,2.254233e-01
7.610462e-03,4.070144e-02,1.153564e-02,8.174551e-03,1.380512e-02,5.276754e-03,3.673420e-04,1.518855e-03,4.528405e-01,1.344557e-02,1.442580e-01,4.660637e-03,6.173160e-02,4.534861e-02,1.887249e-01
9.191348e-03,1.362039e-01,1.248529e-02,1.371663e-02,1.309848e-02,5.070776e-03,3.454203e-04,1.381755e-03,4.514927e-01,1.142034e-02,1.049961e-01,3.683022e-03,4.648795e-02,4.545855e-02,1.449677e-01
1.938594e-02,2.958314e-01,1.052046e-02,1.694055e-02,1.150538e-02,1.051328e-02,6.211505e-04,2.045167e-03,3.370653e-01,8.336435e-03,7.733715e-02,3.687121e-03,3.447104e-02,5.206816e-02,1.196715e-01
3.012313e-02,3.796164e-01,8.856782e-03,1.415037e-02,1.021836e-02,1.547561e-02,1.063518e-03,2.497451e-03,2.549480e-01,6.094906e-03,5.631033e-02,3.222335e-03,2.533865e-02,7.511698e-02,1.169672e-01
2.782330e-02,3.650081e-01,8.301957e-03,1.992229e-02,8.565583e-03,7.546352e-02,1.695974e-03,3.027720e-03,2.359146e-01,5.017590e-03,5.601991e-02,7.374609e-03,4.231367e-02,5.530079e-02,8.825038e-02
2.684636e-02,2.823140e-01,7.606602e-03,1.820103e-02,7.647234e-03,1.343417e-01,3.226869e-03,4.238254e-03,1.982975e-01,6.005493e-03,5.353395e-02,9.190198e-03,1.377859e-01,3.994799e-02,7.081693e-02
2.016301e-02,1.996814e-01,6.128586e-03,1.452950e-02,6.048310e-03,9.826490e-02,2.447420e-03,3.197792e-03,1.555518e-01,6.110491e-03,4.165786e-02,7.546648e-03,3.569218e-01,2.820243e-02,5.354802e-02
1.539077e-02,1.399660e-01,5.569105e-03,1.034813e-02,4.952297e-03,7.094078e-02,3.150775e-03,5.537180e-03,1.131717e-01,7.879470e-03,3.230018e-02,5.931266e-03,5.051997e-01,2.017776e-02,5.948495e-02
1.340416e-02,9.984008e-02,6.460098e-03,8.554180e-03,5.513327e-03,5.735508e-02,2.974784e-03,4.371948e-03,8.754860e-02,6.472892e-03,2.768130e-02,9.983694e-03,6.066840e-01,1.578233e-02,4.737360e-02
9.996686e-03,7.003582e-02,4.689156e-03,6.822804e-03,4.111670e-03,4.449151e-02,2.278981e-03,3.246656e-03,6.275912e-02,6.775704e-03,3.438894e-02,3.277931e-02,6.725215e-01,1.135625e-02,3.374585e-02
8.030123e-03,4.922496e-02,3.478960e-03,8.264089e-03,3.435463e-03,3.893190e-02,1.878676e-03,3.348540e-03,5.198270e-02,1.226488e-02,7.137031e-02,4.710412e-02,6.640034e-01,1.035944e-02,2.632237e-02
5.786384e-03,3.450216e-02,2.752739e-03,7.063395e-03,6.820215e-03,2.739960e-02,1.534170e-03,3.696308e-03,3.963486e-02,1.132683e-02,1.257902e-01,5.843946e-02,6.489347e-01,7.383487e-03,1.893540e-02
4.592039e-03,2.433366e-02,2.924984e-03,1.018919e-02,5.498835e-02,2.015200e-02,1.874562e-03,1.198472e-02,4.571785e-02,1.019934e-02,1.625607e-01,5.840213e-02,5.700656e-01,5.397609e-03,1.661723e-02
4.469666e-03,1.741690e-02,3.083636e-03,1.053687e-02,6.407272e-02,1.776020e-02,1.727154e-03,1.938003e-02,6.121627e-02,1.273083e-02,2.192982e-01,6.199698e-02,4.866653e-01,4.445122e-03,1.520009e-02
3.604178e-03,1.229460e-02,3.331467e-03,1.176812e-02,4.734970e-02,1.299471e-02,1.265207e-03,1.100756e-01,4.712046e-02,9.841608e-03,2.698946e-01,5.304063e-02,4.026119e-01,3.423864e-03,1.138331e-02
3.952232e-03,8.866682e-03,5.628656e-03,2.519159e-02,4.279246e-02,1.280661e-02,1.109251e-03,1.430056e-01,4.466880e-02,9.236020e-03,3.073646e-01,4.883914e-02,3.335147e-01,2.846810e-03,1.017684e-02
3.341482e-03,6.337877e-03,4.516157e-03,3.478044e-02,4.014453e-02,1.098889e-02,8.409692e-04,1.471795e-01,3.377818e-02,7.495566e-03,3.545456e-01,6.031827e-02,2.856121e-01,2.505388e-03,7.615055e-03
2.942926e-03,4.750029e-03,4.617989e-03,2.808719e-02,3.219239e-02,9.487565e-03,6.557972e-04,1.103826e-01,2.694267e-02,3.461131e-02,4.054834e-01,6.887232e-02,2.626857e-01,2.702342e-03,5.585738e-03
3.319315e-03,3.633582e-03,7.876820e-03,2.096163e-02,2.709490e-02,9.529396e-03,5.568744e-04,8.562201e-02,2.778479e-02,3.528452e-02,4.731221e-01,6.354304e-02,2.351969e-01,2.399284e-03,4.074788e-03
6.755983e-03,2.861113e-03,6.080537e-02,1.706996e-02,2.289741e-02,7.966574e-03,9.135851e-04,1.230554e-01,3.277539e-02,3.309235e-02,4.392038e-01,5.376396e-02,1.938607e-01,2.027645e-03,2.950795e-03
1.493078e-02,2.795285e-03,1.328024e-01,1.579537e-02,2.632421e-02,1.145454e-02,3.593015e-03,1.703171e-01,3.470573e-02,3.415308e-02,3.592539e-01,4.290180e-02,1.468101e-01,1.775024e-03,2.387702e-03
3.436386e-02,7.206868e-03,2.623430e-01,2.489050e-02,2.936725e-02,1.479487e-02,2.752223e-03,1.251120e-01,5.906937e-02,2.904773e-02,2.706012e-01,3.188922e-02,1.050720e-01,1.411854e-03,2.078090e-03
4.064636e-02,7.346749e-03,2.779241e-01,1.363752e-01,5.777742e-02,1.150248e-02,2.328930e-03,9.445906e-02,5.815573e-02,2.101786e-02,1.931202e-01,2.254921e-02,7.407660e-02,1.089651e-03,1.630453e-03
5.971270e-02,1.301631e-02,2.701565e-01,1.842119e-01,9.552904e-02,1.058697e-02,2.127779e-03,6.978796e-02,6.687734e-02,1.667035e-02,1.392044e-01,1.605515e-02,5.247597e-02,1.030394e-03,2.557165e-03
8.702017e-02,2.591937e-02,2.721086e-01,1.866608e-01,1.098773e-01,1.051308e-02,3.221103e-03,5.324996e-02,6.797178e-02,1.409089e-02,1.065500e-01,1.243803e-02,3.841351e-02,1.244872e-03,1.072049e-02
7.181608e-02,2.886857e-02,3.126925e-01,2.564586e-01,9.336138e-02,8.241021e-03,2.552127e-03,3.801511e-02,5.031575e-02,1.170898e-02,7.775275e-02,9.159883e-03,2.776540e-02,9.899690e-04,1.030183e-02
8.269212e-02,3.265745e-02,3.495170e-01,2.171657e-01,1.015923e-01,7.708255e-03,2.680148e-03,3.049181e-02,4.585322e-02,1.674672e-02,6.750903e-02,7.723089e-03,2.192779e-02,1.706641e-03,1.402869e-02
1.021271e-01,3.752789e-02,3.833708e-01,1.735936e-01,1.157345e-01,8.014912e-03,3.348501e-03,3.035210e-02,4.117096e-02,1.598870e-02,5.026497e-02,6.673283e-03,1.636655e-02,1.962435e-03,1.350365e-02
1.015348e-01,4.720585e-02,4.114418e-01,1.678220e-01,1.018742e-01,8.167479e-03,3.093123e-03,2.366782e-02,3.223560e-02,1.581521e-02,3.872840e-02,7.142819e-03,1.315105e-02,2.692729e-03,2.542716e-02
1.158892e-01,4.936343e-02,3.958611e-01,1.457491e-01,1.075088e-01,9.614218e-03,2.959976e-03,2.001493e-02,3.204075e-02,1.613986e-02,3.359609e-02,9.318015e-03,1.151981e-02,4.699739e-03,4.572484e-02
1.264053e-01,4.545614e-02,4.329251e-01,1.293724e-01,1.063485e-01,8.208709e-03,3.182640e-03,2.148703e-02,3.123208e-02,1.425915e-02,2.593623e-02,7.385560e-03,8.829853e-03,4.286917e-03,3.468435e-02
1.941961e-01,4.493612e-02,3.181616e-01,1.837569e-01,9.481955e-02,1.301965e-02,2.720039e-03,1.653974e-02,2.837613e-02,1.286882e-02,3.095517e-02,9.095619e-03,1.654733e-02,3.721282e-03,3.028586e-02
2.044641e-01,3.643469e-02,2.257202e-01,1.883746e-01,1.006008e-01,1.700263e-02,3.300633e-03,1.245790e-02,2.851309e-02,2.855984e-02,8.284964e-02,1.160364e-02,2.684510e-02,4.762157e-03,2.851092e-02
1.488594e-01,2.698599e-02,1.595611e-01,2.782556e-01,7.410565e-02,1.446876e-02,2.529647e-03,9.080703e-03,2.555182e-02,2.486955e-02,1.558731e-01,1.482521e-02,3.994601e-02,3.601684e-03,2.148575e-02
1.067417e-01,1.904684e-02,1.122646e-01,2.066234e-01,5.289292e-02,1.077508e-02,1.907011e-03,6.447898e-03,1.906032e-02,2.887717e-02,2.628154e-01,2.019142e-02,1.336796e-01,3.054810e-03,1.562179e-02
7.612313e-02,1.340194e-02,7.900883e-02,1.497689e-01,3.913292e-02,7.921827e-03,1.467915e-03,4.906506e-03,1.413709e-02,2.291021e-02,3.497351e-01,2.401238e-02,2.013639e-01,2.595294e-03,1.351417e-02
5.369650e-02,9.411308e-03,5.552378e-02,1.069476e-01,2.993254e-02,5.861021e-03,1.238710e-03,3.522533e-03,1.174118e-02,1.864483e-02,4.753639e-01,2.352867e-02,1.898507e-01,2.467526e-03,1.226929e-02
3.798145e-02,6.612133e-03,3.938561e-02,7.665428e-02,2.193079e-02,5.558434e-03,9.045155e-04,9.021381e-03,1.167298e-02,1.579479e-02,4.310132e-01,2.615048e-02,3.062501e-01,1.952420e-03,9.117408e-03
2.720077e-02,4.919178e-03,2.992152e-02,5.895011e-02,1.885628e-02,1.559870e-02,1.077171e-03,1.963944e-02,4.359553e-02,1.334234e-02,4.012317e-01,3.077352e-02,3.260986e-01,1.924610e-03,6.870545e-03
2.036650e-02,4.015374e-03,2.825526e-02,8.155770e-02,2.439675e-02,2.420996e-02,1.266233e-03,4.520541e-02,7.955600e-02,9.909665e-03,3.093613e-01,2.929999e-02,3.351490e-01,1.598145e-03,5.852668e-03
1.562534e-02,3.494732e-03,2.452853e-02,6.325987e-02,2.956701e-02,1.950242e-02,1.332685e-03,5.272336e-02,1.365023e-01,7.587508e-03,2.657247e-01,3.105569e-02,3.401762e-01,1.820672e-03,7.098870e-03
1.331955e-02,5.917381e-03,2.237630e-02,4.831956e-02,3.467190e-02,1.537294e-02,1.500369e-03,6.333883e-02,2.581437e-01,9.567686e-03,2.236454e-01,2.498394e-02,2.698334e-01,1.915092e-03,7.093854e-03
1.050817e-02,7.318009e-03,1.669804e-02,3.679365e-02,3.193442e-02,1.184413e-02,1.289141e-03,5.064197e-02,4.472769e-01,7.148108e-03,1.599358e-01,1.851284e-02,1.920155e-01,1.401759e-03,6.681445e-03
8.306162e-03,1.628198e-02,3.230020e-02,1.352505e-01,2.749282e-02,1.158823e-02,9.735606e-04,3.884136e-02,4.514602e-01,5.267870e-03,1.138426e-01,1.403308e-02,1.374524e-01,1.020375e-03,5.888581e-03
9.849533e-03,1.542324e-02,3.045642e-02,1.048495e-01,3.127272e-02,9.740338e-03,1.605883e-03,5.381376e-02,5.339145e-01,4.453912e-03,8.223376e-02,1.154375e-02,9.954711e-02,8.197461e-04,1.047583e-02
1.317589e-02,1.201214e-02,2.530718e-02,7.551780e-02,5.365697e-02,9.044553e-03,1.892413e-03,5.106614e-02,6.087296e-01,3.853080e-03,5.829697e-02,8.341779e-03,7.009054e-02,6.325187e-04,8.382441e-03
1.936885e-02,1.231345e-02,5.550759e-02,7.348403e-02,4.551033e-02,1.791360e-02,1.520370e-03,4.352314e-02,6.188156e-01,5.461304e-03,4.172209e-02,6.385343e-03,4.990759e-02,4.985980e-04,8.068123e-03
3.241530e-02,1.381339e-02,4.743356e-02,6.151375e-02,4.373920e-02,1.465886e-02,1.774497e-03,3.736468e-02,6.659330e-01,4.982001e-03,2.947565e-02,4.683644e-03,3.507534e-02,3.754061e-04,6.761777e-03
3.686860e-02,1.070972e-02,4.691564e-02,8.276879e-02,6.123699e-02,1.126406e-02,1.570917e-03,8.095029e-02,6.092640e-01,4.020133e-03,2.098676e-02,3.420766e-03,2.472801e-02,2.835136e-04,5.011882e-03
5.268645e-02,9.528550e-03,1.541579e-01,1.491870e-01,5.428428e-02,8.999333e-03,1.303149e-03,6.293730e-02,4.578165e-01,6.104643e-03,1.560395e-02,2.976582e-03,1.775192e-02,2.567259e-04,6.405644e-03
9.537989e-02,1.373990e-02,1.327620e-01,1.567763e-01,6.930654e-02,9.329624e-03,1.903526e-03,4.853498e-02,4.163769e-01,1.088045e-02,1.248239e-02,2.841621e-03,1.289799e-02,3.300850e-04,1.645776e-02
