1.000000e+00,0.000000e+00,0.000000e+00,0.000000e+00,0.000000e+00,0.000000e+00,0.000000e+00,0.000000e+00,0.000000e+00,0.000000e+00,0.000000e+00,0.000000e+00,0.000000e+00,0.000000e+00,0.000000e+00
1.000000e+00,0.000000e+00,0.000000e+00,0.000000e+00,0.000000e+00,0.000000e+00,0.000000e+00,0.000000e+00,0.000000e+00,0.000000e+00,0.000000e+00,0.000000e+00,0.000000e+00,0.000000e+00,0.000000e+00
1.000000e+00,0.000000e+00,0.000000e+00,0.000000e+00,0.000000e+00,0.000000e+00,0.000000e+00,0.000000e+00,0.000000e+00,0.000000e+00,0.000000e+00,0.000000e+00,0.000000e+00,0.000000e+00,0.000000e+00
1.000000e+00,0.000000e+00,0.000000e+00,0.000000e+00,0.000000e+00,0.000000e+00,0.000000e+00,0.000000e+00,0.000000e+00,0.000000e+00,0.000000e+00,0.000000e+00,0.000000e+00,0.000000e+00,0.000000e+00
1.000000e+00,0.000000e+00,0.000000e+00,0.000000e+00,0.000000e+00,0.000000e+00,0.000000e+00,0.000000e+00,0.000000e+00,0.000000e+00,0.000000e+00,0.000000e+00,0.000000e+00,0.000000e+00,0.000000e+00
1.000000e+00,0.000000e+00,0.000000e+00,0.000000e+00,0.000000e+00,0.000000e+00,0.000000e+00,0.000000e+00,0.000000e+00,0.000000e+00,0.000000e+00,0.000000e+00,0.000000e+00,0.000000e+00,0.000000e+00
1.000000e+00,0.000000e+00,0.000000e+00,0.000000e+00,0.000000e+00,0.000000e+00,0.000000e+00,0.000000e+00,0.000000e+00,0.000000e+00,0.000000e+00,0.000000e+00,0.000000e+00,0.000000e+00,0.000000e+00
1.000000e+00,0.000000e+00,0.000000e+00,0.000000e+00,0.000000e+00,0.000000e+00,0.000000e+00,0.000000e+00,0.000000e+00,0.000000e+00,0.000000e+00,0.000000e+00,0.000000e+00,0.000000e+00,0.000000e+00
1.000000e+00,0.000000e+00,0.000000e+00,0.000000e+00,0.000000e+00,0.000000e+00,0.000000e+00,0.000000e+00,0.000000e+00,0.000000e+00,0.000000e+00,0.000000e+00,0.000000e+00,0.000000e+00,0.000000e+00
1.000000e+00,0.000000e+00,0.000000e+00,0.000000e+00,0.000000e+00,0.000000e+00,0.000000e+00,0.000000e+00,0.000000e+00,0.000000e+00,0.000000e+00,0.000000e+00,0.000000e+00,0.000000e+00,0.000000e+00
1.000000e+00,0.000000e+00,0.000000e+00,0.000000e+00,0.000000e+00,0.000000e+00,0.000000e+00,0.000000e+00,0.000000e+00,0.000000e+00,0.000000e+00,0.000000e+00,0.000000e+00,0.000000e+00,0.000000e+00
1.000000e+00,0.000000e+00,0.000000e+00,0.000000e+00,0.000000e+00,0.000000e+00,0.000000e+00,0.000000e+00,0.000000e+00,0.000000e+00,0.000000e+00,0.000000e+00,0.000000e+00,0.000000e+00,0.000000e+00
1.000000e+00,0.000000e+00,0.000000e+00,0.000000e+00,0.000000e+00,0.000000e+00,0.000000e+00,0.000000e+00,0.000000e+00,0.000000e+00,0.000000e+00,0.000000e+00,0.000000e+00,0.000000e+00,0.000000e+00
1.000000e+00,0.000000e+00,0.000000e+00,0.000000e+00,0.000000e+00,0.000000e+00,0.000000e+00,0.000000e+00,0.000000e+00,0.000000e+00,0.000000e+00,0.000000e+00,0.000000e+00,0.000000e+00,0.000000e+00
1.000000e+00,0.000000e+00,0.000000e+00,0.000000e+00,0.000000e+00,0.000000e+00,0.000000e+00,0.000000e+00,0.000000e+00,0.000000e+00,0.000000e+00,0.000000e+00,0.000000e+00,0.000000e+00,0.000000e+00
1.000000e+00,0.000000e+00,0.000000e+00,0.000000e+00,0.000000e+00,0.000000e+00,0.000000e+00,0.000000e+00,0.000000e+00,0.000000e+00,0.000000e+00,0.000000e+00,0.000000e+00,0.000000e+00,0.000000e+00
1.000000e+00,0.000000e+00,0.000000e+00,0.000000e+00,0.000000e+00,0.000000e+00,0.000000e+00,0.000000e+00,0.000000e+00,0.000000e+00,0.000000e+00,0.000000e+00,0.000000e+00,0.000000e+00,0.000000e+00
1.000000e+00,0.000000e+00,0.000000e+00,0.000000e+00,0.000000e+00,0.000000e+00,0.000000e+00,0.000000e+00,0.000000e+00,0.000000e+00,0.000000e+00,0.000000e+00,0.000000e+00,0.000000e+00,0.000000e+00
1.000000e+00,0.000000e+00,0.000000e+00,0.000000e+00,0.000000e+00,0.000000e+00,0.000000e+00,0.000000e+00,0.000000e+00,0.000000e+00,0.000000e+00,0.000000e+00,0.000000e+00,0.000000e+00,0.000000e+00
1.000000e+00,0.000000e+00,0.000000e+00,0.000000e+00,0.000000e+00,0.000000e+00,0.000000e+00,0.000000e+00,0.000000e+00,0.000000e+00,0.000000e+00,0.000000e+00,0.000000e+00,0.000000e+00,0.000000e+00
1.000000e+00,0.000000e+00,0.000000e+00,0.000000e+00,0.000000e+00,0.000000e+00,0.000000e+00,0.000000e+00,0.000000e+00,0.000000e+00,0.000000e+00,0.000000e+00,0.000000e+00,0.000000e+00,0.000000e+00
1.000000e+00,0.000000e+00,0.000000e+00,0.000000e+00,0.000000e+00,0.000000e+00,0.000000e+00,0.000000e+00,0.000000e+00,0.000000e+00,0.000000e+00,0.000000e+00,0.000000e+00,0.000000e+00,0.000000e+00
1.000000e+00,0.000000e+00,0.000000e+00,0.000000e+00,0.000000e+00,0.000000e+00,0.000000e+00,0.000000e+00,0.000000e+00,0.000000e+00,0.000000e+00,0.000000e+00,0.000000e+00,0.000000e+00,0.000000e+00
1.000000e+00,0.000000e+00,0.000000e+00,0.000000e+00,0.000000e+00,0.000000e+00,0.000000e+00,0.000000e+00,0.000000e+00,0.000000e+00,0.000000e+00,0.000000e+00,0.000000e+00,0.000000e+00,0.000000e+00
1.000000e+00,0.000000e+00,0.000000e+00,0.000000e+00,0.000000e+00,0.000000e+00,0.000000e+00,0.000000e+00,0.000000e+00,0.000000e+00,0.000000e+00,0.000000e+00,0.000000e+00,0.000000e+00,0.000000e+00
1.000000e+00,0.000000e+00,0.000000e+00,0.000000e+00,0.000000e+00,0.000000e+00,0.000000e+00,0.000000e+00,0.000000e+00,0.000000e+00,0.000000e+00,0.000000e+00,0.000000e+00,0.000000e+00,0.000000e+00
1.000000e+00,0.000000e+00,0.000000e+00,0.000000e+00,0.000000e+00,0.000000e+00,0.000000e+00,0.000000e+00,0.000000e+00,0.000000e+00,0.000000e+00,0.000000e+00,0.000000e+00,0.000000e+00,0.000000e+00
1.000000e+00,0.000000e+00,0.000000e+00,0.000000e+00,0.000000e+00,0.000000e+00,0.000000e+00,0.000000e+00,0.000000e+00,0.000000e+00,0.000000e+00,0.000000e+00,0.000000e+00,0.000000e+00,0.000000e+00
1.000000e+00,0.000000e+00,0.000000e+00,0.000000e+00,0.000000e+00,0.000000e+00,0.000000e+00,0.000000e+00,0.000000e+00,0.000000e+00,0.000000e+00,0.000000e+00,0.000000e+00,0.000000e+00,0.000000e+00
1.000000e+00,0.000000e+00,0.000000e+00,0.000000e+00,0.000000e+00,0.000000e+00,0.000000e+00,0.000000e+00,0.000000e+00,0.000000e+00,0.000000e+00,0.000000e+00,0.000000e+00,0.000000e+00,0.000000e+00
1.000000e+00,0.000000e+00,0.000000e+00,0.000000e+00,0.000000e+00,0.000000e+00,0.000000e+00,0.000000e+00,0.000000e+00,0.000000e+00,0.000000e+00,0.000000e+00,0.000000e+00,0.000000e+00,0.000000e+00
1.000000e+00,0.000000e+00,0.000000e+00,0.000000e+00,0.000000e+00,0.000000e+00,0.000000e+00,0.000000e+00,0.000000e+00,0.000000e+00,0.000000e+00,0.000000e+00,0.000000e+00,0.000000e+00,0.000000e+00
1.000000e+00,0.000000e+00,0.000000e+00,0.000000e+00,0.000000e+00,0.000000e+00,0.000000e+00,0.000000e+00,0.000000e+00,0.000000e+00,0.000000e+00,0.000000e+00,0.000000e+00,0.000000e+00,0.000000e+00
1.000000e+00,0.000000e+00,0.000000e+00,0.000000e+00,0.000000e+00,0.000000e+00,0.000000e+00,0.000000e+00,0.000000e+00,0.000000e+00,0.000000e+00,0.000000e+00,0.000000e+00,0.000000e+00,0.000000e+00
1.000000e+00,0.000000e+00,0.000000e+00,0.000000e+00,0.000000e+00,0.000000e+00,0.000000e+00,0.000000e+00,0.000000e+00,0.000000e+00,0.000000e+00,0.000000e+00,0.000000e+00,0.000000e+00,0.000000e+00
1.000000e+00,0.000000e+00,0.000000e+00,0.000000e+00,0.000000e+00,0.000000e+00,0.000000e+00,0.000000e+00,0.000000e+00,0.000000e+00,0.000000e+00,0.000000e+00,0.000000e+00,0.000000e+00,0.000000e+00
1.000000e+00,0.000000e+00,0.000000e+00,0.000000e+00,0.000000e+00,0.000000e+00,0.000000e+00,0.000000e+00,0.000000e+00,0.000000e+00,0.000000e+00,0.000000e+00,0.000000e+00,0.000000e+00,0.000000e+00
1.000000e+00,0.000000e+00,0.000000e+00,0.000000e+00,0.000000e+00,0.000000e+00,0.000000e+00,0.000000e+00,0.000000e+00,0.000000e+00,0.000000e+00,0.000000e+00,0.000000e+00,0.000000e+00,0.000000e+00
1.000000e+00,0.000000e+00,0.000000e+00,0.000000e+00,0.000000e+00,0.000000e+00,0.000000e+00,0.000000e+00,0.000000e+00,0.000000e+00,0.000000e+00,0.000000e+00,0.000000e+00,0.000000e+00,0.000000e+00
1.000000e+00,0.000000e+00,0.000000e+00,0.000000e+00,0.000000e+00,0.000000e+00,0.000000e+00,0.000000e+00,0.000000e+00,0.000000e+00,0.000000e+00,0.000000e+00,0.000000e+00,0.000000e+00,0.000000e+00
1.000000e+00,0.000000e+00,0.000000e+00,0.000000e+00,0.000000e+00,0.000000e+00,0.000000e+00,0.000000e+00,0.000000e+00,0.000000e+00,0.000000e+00,0.000000e+00,0.000000e+00,0.000000e+00,0.000000e+00
1.000000e+00,0.000000e+00,0.000000e+00,0.000000e+00,0.000000e+00,0.000000e+00,0.000000e+00,0.000000e+00,0.000000e+00,0.000000e+00,0.000000e+00,0.000000e+00,0.000000e+00,0.000000e+00,0.000000e+00
1.000000e+00,0.000000e+00,0.000000e+00,0.000000e+00,0.000000e+00,0.000000e+00,0.000000e+00,0.000000e+00,0.000000e+00,0.000000e+00,0.000000e+00,0.000000e+00,0.000000e+00,0.000000e+00,0.000000e+00
1.000000e+00,0.000000e+00,0.000000e+00,0.000000e+00,0.000000e+00,0.000000e+00,0.000000e+00,0.000000e+00,0.000000e+00,0.000000e+00,0.000000e+00,0.000000e+00,0.000000e+00,0.000000e+00,0.000000e+00
1.000000e+00,0.000000e+00,0.000000e+00,0.000000e+00,0.000000e+00,0.000000e+00,0.000000e+00,0.000000e+00,0.000000e+00,0.000000e+00,0.000000e+00,0.000000e+00,0.000000e+00,0.000000e+00,0.000000e+00
1.000000e+00,0.000000e+00,0.000000e+00,0.000000e+00,0.000000e+00,0.000000e+00,0.000000e+00,0.000000e+00,0.000000e+00,0.000000e+00,0.000000e+00,0.000000e+00,0.000000e+00,0.000000e+00,0.000000e+00
1.000000e+00,0.000000e+00,0.000000e+00,0.000000e+00,0.000000e+00,0.000000e+00,0.000000e+00,0.000000e+00,0.000000e+00,0.000000e+00,0.000000e+00,0.000000e+00,0.000000e+00,0.000000e+00,0.000000e+00
1.000000e+00,0.000000e+00,0.000000e+00,0.000000e+00,0.000000e+00,0.000000e+00,0.000000e+00,0.000000e+00,0.000000e+00,0.000000e+00,0.000000e+00,0.000000e+00,0.000000e+00,0.000000e+00,0.000000e+00
1.000000e+00,0.000000e+00,0.000000e+00,0.000000e+00,0.000000e+00,0.000000e+00,0.000000e+00,0.000000e+00,0.000000e+00,0.000000e+00,0.000000e+00,0.000000e+00,0.000000e+00,0.000000e+00,0.000000e+00
1.000000e+00,0.000000e+00,0.000000e+00,0.000000e+00,0.000000e+00,0.000000e+00,0.000000e+00,0.000000e+00,0.000000e+00,0.000000e+00,0.000000e+00,0.000000e+00,0.000000e+00,0.000000e+00,0.000000e+00
1.000000e+00,0.000000e+00,0.000000e+00,0.000000e+00,0.000000e+00,0.000000e+00,0.000000e+00,0.000000e+00,0.000000e+00,0.000000e+00,0.000000e+00,0.000000e+00,0.000000e+00,0.000000e+00,0.000000e+00
1.000000e+00,0.000000e+00,0.000000e+00,0.000000e+00,0.000000e+00,0.000000e+00,0.000000e+00,0.000000e+00,0.000000e+00,0.000000e+00,0.000000e+00,0.000000e+00,0.000000e+00,0.000000e+00,0.000000e+00
1.000000e+00,0.000000e+00,0.000000e+00,0.000000e+00,0.000000e+00,0.000000e+00,0.000000e+00,0.000000e+00,0.000000e+00,0.000000e+00,0.000000e+00,0.000000e+00,0.000000e+00,0.000000e+00,0.000000e+00
1.000000e+00,0.000000e+00,0.000000e+00,0.000000e+00,0.000000e+00,0.000000e+00,0.000000e+00,0.000000e+00,0.000000e+00,0.000000e+00,0.000000e+00,0.000000e+00,0.000000e+00,0.000000e+00,0.000000e+00
1.000000e+00,0.000000e+00,0.000000e+00,0.000000e+00,0.000000e+00,0.000000e+00,0.000000e+00,0.000000e+00,0.000000e+00,0.000000e+00,0.000000e+00,0.000000e+00,0.000000e+00,0.000000e+00,0.000000e+00
1.000000e+00,0.000000e+00,0.000000e+00,0.000000e+00,0.000000e+00,0.000000e+00,0.000000e+00,0.000000e+00,0.000000e+00,0.000000e+00,0.000000e+00,0.000000e+00,0.000000e+00,0.000000e+00,0.000000e+00
1.000000e+00,0.000000e+00,0.000000e+00,0.000000e+00,0.000000e+00,0.000000e+00,0.000000e+00,0.000000e+00,0.000000e+00,0.000000e+00,0.000000e+00,0.000000e+00,0.000000e+00,0.000000e+00,0.000000e+00
1.000000e+00,0.000000e+00,0.000000e+00,0.000000e+00,0.000000e+00,0.000000e+00,0.000000e+00,0.000000e+00,0.000000e+00,0.000000e+00,0.000000e+00,0.000000e+00,0.000000e+00,0.000000e+00,0.000000e+00
1.000000e+00,0.000000e+00,0.000000e+00,0.000000e+00,0.000000e+00,0.000000e+00,0.000000e+00,0.000000e+00,0.000000e+00,0.000000e+00,0.000000e+00,0.000000e+00,0.000000e+00,0.000000e+00,0.000000e+00
1.000000e+00,0.000000e+00,0.000000e+00,0.000000e+00,0.000000e+00,0.000000e+00,0.000000e+00,0.000000e+00,0.000000e+00,0.000000e+00,0.000000e+00,0.000000e+00,0.000000e+00,0.000000e+00,0.000000e+00
1.000000e+00,0.000000e+00,0.000000e+00,0.000000e+00,0.000000e+00,0.000000e+00,0.000000e+00,0.000000e+00,0.000000e+00,0.000000e+00,0.000000e+00,0.000000e+00,0.000000e+00,0.000000e+00,0.000000e+00
1.000000e+00,0.000000e+00,0.000000e+00,0.000000e+00,0.000000e+00,0.000000e+00,0.000000e+00,0.000000e+00,0.000000e+00,0.000000e+00,0.000000e+00,0.000000e+00,0.000000e+00,0.000000e+00,0.000000e+00
3.789364e-01,1.954206e-02,8.832770e-03,3.934882e-01,9.850327e-03,1.291332e-02,2.125126e-03,1.035115e-02,5.702224e-03,2.233260e-03,1.043215e-01,2.904384e-02,9.760646e-03,2.989076e-03,9.910173e-03
2.652602e-01,1.397009e-02,6.282893e-03,4.447453e-01,8.074620e-03,9.374445e-03,1.506105e-03,7.251864e-03,4.069620e-03,1.852855e-03,1.986664e-01,2.154044e-02,8.143969e-03,2.292883e-03,6.968332e-03
1.856997e-01,9.960713e-03,4.451067e-03,4.378642e-01,6.786697e-03,6.611888e-03,1.064337e-03,5.111089e-03,3.176692e-03,2.563598e-03,2.490389e-01,6.446613e-02,1.415705e-02,4.145398e-03,4.902613e-03
1.300506e-01,7.136006e-03,3.175267e-03,3.379460e-01,8.123326e-03,4.847088e-03,7.899562e-04,3.622410e-03,4.047960e-03,3.167557e-03,2.806948e-01,1.763759e-01,2.315977e-02,1.333049e-02,3.532861e-03
9.108893e-02,5.080146e-03,2.288848e-03,2.680451e-01,1.080754e-02,3.707679e-03,6.215106e-04,2.560637e-03,4.345487e-03,6.973620e-03,3.146240e-01,2.290249e-01,3.018997e-02,2.807600e-02,2.565754e-03
6.383795e-02,3.579278e-03,1.690100e-03,1.957666e-01,9.439418e-03,2.878553e-03,4.403220e-04,1.860145e-03,4.550184e-03,7.490231e-03,3.819396e-01,2.725214e-01,2.364295e-02,2.853079e-02,1.832415e-03
4.471309e-02,2.552553e-03,1.218407e-03,1.423784e-01,7.331086e-03,2.134582e-03,3.099484e-04,1.311856e-03,4.593767e-03,6.422917e-03,4.624012e-01,2.796013e-01,1.749079e-02,2.622905e-02,1.311033e-03
3.135151e-02,1.809813e-03,9.508971e-04,1.050140e-01,9.193677e-03,1.703042e-03,2.189307e-04,9.295312e-04,3.757613e-03,7.432234e-03,5.227171e-01,2.729825e-01,1.299495e-02,2.799619e-02,9.481039e-04
2.197692e-02,1.290158e-03,8.155426e-04,7.493315e-02,1.147338e-02,1.554355e-03,1.605842e-04,7.271887e-04,3.165384e-03,9.510120e-03,5.915942e-01,2.489797e-01,9.673116e-03,2.341243e-02,7.338650e-04
1.543315e-02,9.996428e-04,1.100946e-03,5.484143e-02,3.602481e-02,1.288327e-03,1.201742e-04,8.036328e-04,3.920045e-03,1.097233e-02,5.537111e-01,2.876192e-01,7.261301e-03,2.534817e-02,5.558204e-04
1.096193e-02,7.242389e-04,1.222662e-03,3.877446e-02,4.638993e-02,1.707841e-03,1.036479e-04,3.887639e-03,3.069005e-03,1.632250e-02,5.878552e-01,2.592084e-01,5.657815e-03,2.359490e-02,5.198264e-04
7.823318e-03,5.565614e-04,1.654001e-03,2.756615e-02,5.479373e-02,1.657964e-03,8.578930e-05,4.785223e-03,2.976062e-03,1.856737e-02,5.681906e-01,2.738802e-01,4.700313e-03,3.227865e-02,4.841469e-04
5.605778e-03,4.368614e-04,2.402803e-03,1.946872e-02,1.614672e-01,1.484753e-03,1.184323e-04,4.679235e-03,4.351104e-03,1.491589e-02,5.185890e-01,2.356681e-01,3.755150e-03,2.657432e-02,4.826263e-04
4.074941e-03,3.421012e-04,7.893250e-03,1.385574e-02,1.997066e-01,1.627448e-03,6.123811e-04,3.085887e-02,9.061628e-03,1.135812e-02,4.754572e-01,2.202294e-01,3.393962e-03,2.085258e-02,6.758609e-04
3.509561e-03,3.073609e-04,8.875281e-03,1.038525e-02,1.804932e-01,2.375844e-03,8.632083e-04,5.114844e-02,1.518023e-02,1.126380e-02,4.887388e-01,2.001972e-01,4.693359e-03,2.088497e-02,1.083457e-03
6.056326e-03,3.147930e-04,1.148263e-02,7.565764e-03,1.382961e-01,3.733235e-03,7.625486e-04,1.306869e-01,2.312499e-02,1.095011e-02,4.448047e-01,1.913444e-01,1.209241e-02,1.792123e-02,8.638724e-04
7.332557e-03,4.366080e-04,1.013823e-02,9.213689e-03,1.047486e-01,7.524467e-03,6.774889e-04,1.215484e-01,2.365763e-02,1.078440e-02,3.714108e-01,2.770665e-01,4.004007e-02,1.459832e-02,8.222222e-04
1.169662e-02,7.407645e-04,8.461295e-03,8.965278e-03,1.021348e-01,1.668279e-02,1.003001e-03,1.174792e-01,3.065064e-02,9.405075e-03,3.168133e-01,2.888339e-01,7.288706e-02,1.336723e-02,8.790622e-04
1.536490e-02,9.836891e-04,7.809777e-03,8.515920e-03,9.001510e-02,1.977530e-02,1.797735e-03,9.660554e-02,4.258110e-02,9.627468e-03,2.972951e-01,2.819624e-01,1.155447e-01,1.093468e-02,1.186657e-03
1.468896e-02,8.999973e-04,7.007175e-03,8.026006e-03,1.833429e-01,1.567501e-02,4.522264e-03,7.481603e-02,3.824436e-02,8.549813e-03,2.902985e-01,2.410833e-01,1.027741e-01,8.407910e-03,1.663616e-03
2.034831e-02,4.385778e-03,1.015374e-02,8.346188e-03,1.676761e-01,1.695713e-02,3.731933e-03,8.968771e-02,7.524066e-02,1.494865e-02,2.652969e-01,2.098858e-01,1.025674e-01,8.620696e-03,2.152936e-03
3.060111e-02,1.550643e-02,9.466808e-03,9.179749e-03,1.701144e-01,2.088821e-02,3.439141e-03,9.044635e-02,1.390752e-01,1.936516e-02,2.204101e-01,1.692023e-01,8.754443e-02,1.002394e-02,4.736634e-03
3.628762e-02,1.789580e-02,8.823927e-03,7.907711e-03,1.500491e-01,2.749548e-02,7.344860e-03,8.625995e-02,2.515084e-01,1.947701e-02,1.761668e-01,1.281078e-01,6.925181e-02,9.497017e-03,3.926641e-03
3.049655e-02,2.866507e-02,7.217325e-03,6.267087e-03,1.136458e-01,4.156242e-02,6.220869e-03,6.897768e-02,3.955961e-01,1.470632e-02,1.261450e-01,9.342506e-02,5.572205e-02,7.666103e-03,3.686514e-03
2.827415e-02,2.570169e-02,5.909203e-03,4.803333e-03,1.098198e-01,3.619444e-02,6.688499e-03,6.986618e-02,4.927459e-01,1.128038e-02,9.024526e-02,6.687428e-02,4.157295e-02,7.090054e-03,2.933793e-03
4.161841e-02,3.808656e-02,5.502071e-03,5.124357e-03,1.432064e-01,4.086334e-02,6.428469e-03,7.340991e-02,4.770355e-01,9.587505e-03,6.521377e-02,4.793213e-02,3.348681e-02,9.413730e-03,3.091044e-03
5.221937e-02,3.556350e-02,4.316414e-03,4.455635e-03,1.878339e-01,4.257126e-02,7.651560e-03,5.721617e-02,4.718937e-01,8.192538e-03,4.730006e-02,3.664005e-02,3.095230e-02,1.026758e-02,2.925984e-03
7.306312e-02,6.729068e-02,4.551959e-03,9.269759e-03,1.779304e-01,3.463313e-02,8.443611e-03,4.713729e-02,4.401250e-01,7.953038e-03,3.639348e-02,3.084823e-02,3.460613e-02,7.871207e-03,1.988294e-02
6.680968e-02,5.987736e-02,4.853238e-03,8.122977e-03,1.960194e-01,3.269630e-02,1.051284e-02,3.914955e-02,4.738017e-01,6.418570e-03,2.696966e-02,2.484436e-02,2.883442e-02,6.598120e-03,1.449193e-02
8.512184e-02,5.476413e-02,6.418276e-03,9.623859e-03,2.183079e-01,3.640627e-02,1.120808e-02,3.342478e-02,4.432774e-01,4.901208e-03,2.289845e-02,2.853362e-02,2.791747e-02,5.360777e-03,1.183597e-02
1.182056e-01,5.023511e-02,1.652043e-02,3.973725e-02,1.926193e-01,3.161893e-02,9.894800e-03,2.757972e-02,4.032784e-01,8.301698e-03,1.953385e-02,2.819407e-02,2.742353e-02,4.459318e-03,2.239811e-02
1.255065e-01,4.355466e-02,1.496710e-02,3.827251e-02,2.432731e-01,3.187285e-02,9.047274e-03,2.294822e-02,3.584034e-01,6.935972e-03,1.814335e-02,2.384497e-02,3.430432e-02,4.280007e-03,2.464574e-02
1.345324e-01,4.054047e-02,1.540438e-02,4.434146e-02,2.212743e-01,7.118085e-02,8.646376e-03,2.017439e-02,2.960210e-01,9.536440e-03,1.598720e-02,2.604978e-02,5.227177e-02,4.199563e-03,3.983971e-02
1.087512e-01,3.462499e-02,1.343772e-02,3.201118e-02,2.106971e-01,7.142917e-02,8.910291e-03,1.598066e-02,3.548407e-01,7.116087e-03,1.655061e-02,2.509274e-02,6.044709e-02,3.254435e-03,3.685611e-02
8.825520e-02,2.951209e-02,1.459021e-02,2.317768e-02,2.302335e-01,5.495777e-02,1.121396e-02,1.288689e-02,4.148892e-01,5.176241e-03,1.372506e-02,1.963586e-02,5.079970e-02,2.366661e-03,2.858012e-02
6.929810e-02,2.575335e-02,1.306799e-02,2.930293e-02,2.760832e-01,4.388079e-02,1.185742e-02,9.531609e-03,4.284378e-01,4.599918e-03,1.066355e-02,1.503344e-02,3.819335e-02,1.792668e-03,2.250388e-02
5.653452e-02,1.982980e-02,1.089164e-02,2.306823e-02,2.696732e-01,3.503984e-02,1.088563e-02,7.026055e-03,4.932641e-01,3.678791e-03,8.701768e-03,1.163297e-02,2.943330e-02,1.346752e-03,1.899345e-02
5.972596e-02,2.404796e-02,1.133681e-02,1.301697e-01,2.307351e-01,2.942780e-02,9.373649e-03,8.563682e-03,4.255337e-01,3.939761e-03,1.101891e-02,1.142012e-02,2.393814e-02,1.214684e-03,1.955411e-02
9.366250e-02,2.448981e-02,1.764431e-02,1.623910e-01,1.897715e-01,2.613823e-02,9.686776e-03,1.059452e-02,3.746622e-01,6.051875e-03,1.552512e-02,1.575291e-02,2.664621e-02,1.685504e-03,2.529757e-02
1.303458e-01,2.678636e-02,2.340560e-02,1.536561e-01,1.726699e-01,2.233763e-02,1.095724e-02,9.884681e-03,3.324128e-01,9.662199e-03,1.732609e-02,2.104018e-02,2.870788e-02,2.745616e-03,3.806191e-02
1.623709e-01,3.630560e-02,7.107344e-02,1.670420e-01,1.382207e-01,2.045142e-02,9.953989e-03,9.567175e-03,2.519186e-01,1.406114e-02,1.852395e-02,2.934876e-02,2.842478e-02,3.299719e-03,3.943773e-02
2.347321e-01,3.558014e-02,6.010441e-02,1.445582e-01,1.110346e-01,2.144007e-02,1.233022e-02,8.689478e-03,2.051373e-01,1.478476e-02,2.081669e-02,4.061847e-02,3.769832e-02,3.992646e-03,4.848263e-02
2.375340e-01,3.405275e-02,4.724910e-02,1.379326e-01,8.341125e-02,1.952471e-02,1.028735e-02,7.250534e-03,1.547409e-01,1.355546e-02,2.598815e-02,5.222912e-02,1.058127e-01,7.893560e-03,6.253786e-02
2.774901e-01,2.553822e-02,3.542081e-02,1.041168e-01,6.020229e-02,2.378971e-02,7.785855e-03,6.087178e-03,1.120082e-01,1.149723e-02,4.010608e-02,6.054059e-02,1.762093e-01,9.308904e-03,4.989873e-02
3.365890e-01,1.968271e-02,2.600350e-02,7.761132e-02,4.506750e-02,2.251063e-02,5.904695e-03,4.846376e-03,8.294702e-02,9.660316e-03,5.092133e-02,6.354336e-02,2.088600e-01,7.829402e-03,3.802293e-02
3.935538e-01,1.713010e-02,2.061307e-02,6.041838e-02,4.403564e-02,2.032346e-02,7.447368e-03,9.436753e-03,6.877616e-02,8.838990e-03,5.103655e-02,5.010241e-02,2.043370e-01,1.152323e-02,3.242718e-02
4.126667e-01,1.719914e-02,1.559365e-02,4.701354e-02,3.816583e-02,2.014928e-02,6.775464e-03,1.003230e-02,5.470358e-02,7.252105e-03,4.722193e-02,4.886559e-02,2.336284e-01,1.492704e-02,2.580539e-02
4.018443e-01,2.245898e-02,2.513689e-02,3.774155e-02,4.471558e-02,2.027920e-02,8.296455e-03,1.274147e-02,4.988195e-02,8.754635e-03,4.104417e-02,5.749765e-02,2.264005e-01,2.129140e-02,2.191522e-02
3.084894e-01,2.080951e-02,4.658942e-02,3.340618e-02,4.464446e-02,1.676807e-02,1.030271e-02,1.681808e-02,5.365027e-02,7.824143e-03,4.414391e-02,8.297227e-02,2.706563e-01,2.330963e-02,1.961567e-02
2.630247e-01,1.935625e-02,4.160601e-02,2.708420e-02,4.303768e-02,1.499644e-02,1.141009e-02,1.571291e-02,5.836019e-02,8.740791e-03,4.561814e-02,9.866877e-02,3.063447e-01,2.616254e-02,1.987652e-02
2.439524e-01,1.699483e-02,3.578116e-02,2.316104e-02,4.023027e-02,1.333170e-02,9.664566e-03,1.925583e-02,8.008511e-02,1.066705e-02,4.912602e-02,1.076399e-01,3.084603e-01,2.180221e-02,1.984765e-02
1.790362e-01,1.367837e-02,2.584813e-02,1.814457e-02,3.135248e-02,1.137436e-02,7.429158e-03,1.553180e-02,8.200537e-02,1.094558e-02,6.007063e-02,1.489903e-01,3.628509e-01,1.647351e-02,1.626865e-02
1.745480e-01,1.563823e-02,2.057699e-02,1.554539e-02,3.174698e-02,1.257961e-02,7.576955e-03,1.387214e-02,1.092675e-01,1.738277e-02,6.956686e-02,1.731059e-01,3.109794e-01,1.418818e-02,1.342504e-02
1.673112e-01,1.441921e-02,2.905869e-02,1.636130e-02,5.109931e-02,1.471476e-02,8.493258e-03,2.080110e-02,1.288116e-01,3.171067e-02,6.888772e-02,1.743402e-01,2.503942e-01,1.200579e-02,1.159103e-02
1.398080e-01,1.108394e-02,2.282368e-02,1.415660e-02,5.948105e-02,1.300897e-02,8.676042e-03,2.722726e-02,1.375122e-01,3.772784e-02,7.527267e-02,1.849810e-01,2.476737e-01,1.046753e-02,1.009942e-02
1.039773e-01,8.833301e-03,2.560347e-02,1.136279e-02,1.390575e-01,9.637646e-03,7.754726e-03,6.075456e-02,1.465212e-01,3.270774e-02,6.651123e-02,1.505416e-01,2.184703e-01,8.975308e-03,9.291306e-03
8.482588e-02,7.338576e-03,2.612528e-02,9.306861e-03,2.091508e-01,7.600970e-03,8.671970e-03,7.260866e-02,1.537375e-01,3.808384e-02,5.533804e-02,1.254503e-01,1.859767e-01,7.208219e-03,8.576402e-03
8.972523e-02,7.599273e-03,2.625648e-02,8.955247e-03,2.641760e-01,6.520384e-03,7.295538e-03,1.185439e-01,1.272010e-01,3.454834e-02,4.507556e-02,1.071644e-01,1.435590e-01,6.298925e-03,7.080708e-03
7.476288e-02,5.727155e-03,2.439451e-02,7.546258e-03,2.793028e-01,6.233706e-03,6.279035e-03,1.959841e-01,1.012100e-01,3.068650e-02,4.128181e-02,9.148200e-02,1.244505e-01,5.063573e-03,5.595226e-03
6.062470e-02,4.307837e-03,2.007691e-02,5.881664e-03,3.439954e-01,5.449214e-03,6.382211e-03,2.291503e-01,8.119915e-02,2.572002e-02,3.778371e-02,7.445147e-02,9.706409e-02,3.789490e-03,4.123915e-03
5.135342e-02,3.391380e-03,2.059092e-02,4.799426e-03,2.732812e-01,4.288577e-03,4.858959e-03,3.624707e-01,6.719477e-02,1.954977e-02,3.272713e-02,6.973954e-02,7.972186e-02,2.988864e-03,3.043476e-03
4.375353e-02,2.733698e-03,2.271756e-02,3.886509e-03,2.295691e-01,3.426913e-03,3.808779e-03,4.520960e-01,5.976853e-02,1.550519e-02,2.924092e-02,6.401028e-02,6.485756e-02,2.309983e-03,2.315378e-03
5.390942e-02,3.130274e-03,2.352224e-02,3.871911e-03,2.464725e-01,1.350764e-02,5.194419e-03,4.348204e-01,6.413235e-02,1.241007e-02,2.665732e-02,5.758042e-02,5.036516e-02,2.175846e-03,2.250017e-03
7.002389e-02,5.899204e-03,4.242694e-02,8.546318e-03,2.137141e-01,2.496479e-02,6.625218e-03,4.054635e-01,9.662084e-02,9.944448e-03,2.073182e-02,5.100711e-02,3.997911e-02,1.781439e-03,2.271284e-03
7.092085e-02,6.580249e-03,3.699372e-02,9.789551e-03,2.134044e-01,3.419327e-02,1.037394e-02,3.383274e-01,1.714785e-01,8.106831e-03,1.623810e-02,4.614453e-02,3.325268e-02,1.485638e-03,2.710343e-03
7.985963e-02,1.054234e-02,3.382581e-02,1.007752e-02,1.891588e-01,2.981823e-02,1.036529e-02,3.362156e-01,2.097820e-01,9.190053e-03,1.292521e-02,3.754564e-02,2.630445e-02,1.511940e-03,2.877431e-03
8.133399e-02,1.061944e-02,2.948518e-02,1.059431e-02,1.539658e-01,4.082792e-02,1.759206e-02,3.281038e-01,2.145091e-01,8.152856e-03,1.030914e-02,3.113377e-02,5.898905e-02,1.303015e-03,3.080593e-03
8.348219e-02,1.972893e-02,2.896842e-02,1.882209e-02,1.382400e-01,3.784766e-02,2.662730e-02,2.870767e-01,2.467402e-01,1.227084e-02,9.874973e-03,3.396875e-02,4.901420e-02,1.226652e-03,6.111080e-03
7.352854e-02,3.181463e-02,2.479244e-02,1.979132e-02,1.271593e-01,3.252381e-02,2.528736e-02,2.443323e-01,3.190958e-01,1.199658e-02,8.849431e-03,3.081180e-02,4.192256e-02,1.266190e-03,6.827951e-03
6.406025e-02,3.122235e-02,1.978405e-02,1.688440e-02,1.226157e-01,2.837007e-02,2.722135e-02,2.901123e-01,3.059810e-01,1.259992e-02,8.357098e-03,3.375015e-02,3.225278e-02,1.195998e-03,5.592485e-03
5.919851e-02,5.856757e-02,1.716458e-02,1.552778e-02,1.026714e-01,2.469712e-02,2.168704e-02,2.670283e-01,3.403972e-01,2.170952e-02,7.301378e-03,2.697228e-02,2.929962e-02,1.086515e-03,6.691141e-03
5.047366e-02,5.888362e-02,1.375606e-02,1.387903e-02,8.821876e-02,1.978511e-02,1.707193e-02,2.876812e-01,3.714981e-01,2.218501e-02,5.811426e-03,2.098680e-02,2.331096e-02,8.306020e-04,5.627665e-03
4.512116e-02,5.446799e-02,1.091403e-02,1.075530e-02,7.355158e-02,1.853475e-02,1.707534e-02,3.158737e-01,3.769881e-01,2.156205e-02,5.049584e-03,1.675834e-02,2.782071e-02,6.754379e-04,4.851899e-03
5.139608e-02,5.395870e-02,9.159460e-03,9.473912e-03,6.126325e-02,2.073722e-02,1.449788e-02,2.965865e-01,4.029333e-01,3.137874e-02,4.738759e-03,1.406893e-02,2.389594e-02,8.995377e-04,5.011749e-03
6.000077e-02,5.956145e-02,1.100723e-02,1.068134e-02,5.460809e-02,2.157939e-02,1.593261e-02,3.046943e-01,3.703968e-01,4.128464e-02,4.274868e-03,1.282938e-02,2.583892e-02,1.082294e-03,6.227866e-03
7.153920e-02,6.670837e-02,2.373371e-02,1.369326e-02,5.161127e-02,2.111172e-02,1.398117e-02,2.940782e-01,3.468102e-01,3.903392e-02,3.582231e-03,1.067138e-02,3.304439e-02,1.493894e-03,8.907055e-03
7.786900e-02,5.820340e-02,4.500264e-02,1.256423e-02,5.262224e-02,2.084700e-02,1.100456e-02,2.959381e-01,3.274764e-01,3.003648e-02,2.888639e-03,8.123570e-03,4.368865e-02,2.325958e-03,1.140910e-02
1.160251e-01,5.314189e-02,7.021593e-02,1.261264e-02,4.918817e-02,2.269181e-02,8.939871e-03,2.635391e-01,3.186120e-01,2.429253e-02,2.428342e-03,6.125295e-03,3.558674e-02,3.355494e-03,1.324511e-02
1.031545e-01,4.426416e-02,1.593391e-01,1.103869e-02,4.154355e-02,1.919212e-02,1.261601e-02,2.820265e-01,2.521499e-01,2.018316e-02,1.783248e-03,4.547877e-03,2.800227e-02,2.640635e-03,1.751833e-02
9.929711e-02,3.736496e-02,2.221178e-01,1.160282e-02,3.630057e-02,1.579971e-02,1.523495e-02,2.858897e-01,2.048118e-01,1.785949e-02,1.361034e-03,3.734789e-03,2.225363e-02,2.126355e-03,2.424522e-02
9.950920e-02,3.268628e-02,1.965123e-01,1.043790e-02,2.857558e-02,1.401451e-02,1.384362e-02,3.674537e-01,1.662214e-01,1.394770e-02,1.214381e-03,3.527825e-03,2.189270e-02,1.836619e-03,2.832630e-02
1.106808e-01,3.350453e-02,1.744761e-01,1.204732e-02,2.644140e-02,1.293164e-02,1.382333e-02,3.832350e-01,1.514020e-01,1.240159e-02,1.377364e-03,3.900308e-03,2.150686e-02,1.676661e-03,4.059511e-02
1.841171e-01,3.186924e-02,1.295775e-01,1.150889e-02,2.424634e-02,1.518053e-02,2.071053e-02,3.257090e-01,1.540186e-01,1.097582e-02,1.913327e-03,4.739259e-03,2.733074e-02,1.841268e-03,5.626178e-02
2.853275e-01,2.825386e-02,9.530342e-02,1.102825e-02,2.313105e-02,1.525012e-02,4.156253e-02,2.629153e-01,1.300233e-01,9.885659e-03,2.298112e-03,6.384027e-03,3.791331e-02,1.790832e-03,4.893278e-02
2.923495e-01,2.973168e-02,7.321966e-02,4.503135e-02,2.144531e-02,2.445027e-02,3.940816e-02,1.925471e-01,1.061456e-01,1.727635e-02,7.721297e-03,4.736897e-02,4.954943e-02,2.238515e-03,5.151672e-02
2.310094e-01,2.915297e-02,5.704639e-02,7.754331e-02,1.675880e-02,2.646476e-02,2.877144e-02,1.363814e-01,8.252318e-02,2.409266e-02,1.124349e-02,9.855084e-02,1.308629e-01,1.923322e-03,4.767505e-02
1.818563e-01,2.465243e-02,4.103610e-02,8.829083e-02,1.243655e-02,2.702353e-02,2.097513e-02,9.623812e-02,7.483206e-02,3.528101e-02,2.092536e-02,1.198609e-01,2.098818e-01,1.983972e-03,4.472589e-02
2.236058e-01,2.412876e-02,2.985596e-02,8.406121e-02,1.053084e-02,2.161782e-02,1.697636e-02,7.050004e-02,8.320022e-02,4.593365e-02,3.238643e-02,9.353502e-02,1.995639e-01,3.632138e-03,6.047188e-02
2.936603e-01,2.171740e-02,2.474533e-02,7.902027e-02,1.213953e-02,2.165409e-02,1.576961e-02,5.674103e-02,8.118330e-02,3.749499e-02,3.348663e-02,7.303604e-02,1.607363e-01,5.988308e-03,8.262691e-02
3.489559e-01,1.934397e-02,2.210695e-02,7.938366e-02,1.593106e-02,2.620091e-02,1.373302e-02,4.315393e-02,7.016861e-02,3.621787e-02,2.868979e-02,6.163205e-02,1.314841e-01,6.291365e-03,9.670685e-02
4.098637e-01,1.665762e-02,1.684540e-02,6.336294e-02,1.345495e-02,3.024070e-02,1.050889e-02,3.177170e-02,5.710038e-02,3.079339e-02,2.532465e-02,6.822286e-02,1.406085e-01,6.341531e-03,7.890293e-02
4.575539e-01,1.389639e-02,1.264948e-02,4.786161e-02,1.161733e-02,2.795536e-02,8.726448e-03,2.391883e-02,4.851718e-02,2.547157e-02,2.288555e-02,6.070514e-02,1.444331e-01,7.041257e-03,8.676682e-02
4.053072e-01,1.887530e-02,1.121983e-02,6.041509e-02,1.641862e-02,2.353052e-02,7.126306e-03,2.127942e-02,8.124430e-02,2.533878e-02,2.175073e-02,6.921172e-02,1.569051e-01,7.542004e-03,7.383494e-02
3.174744e-01,1.712031e-02,9.212960e-03,4.750413e-02,1.539247e-02,2.361646e-02,6.369399e-03,1.532449e-02,9.940936e-02,2.579953e-02,2.473605e-02,8.757882e-02,2.210499e-01,6.729656e-03,8.268204e-02
2.439493e-01,1.886817e-02,7.297954e-03,6.637595e-02,1.269506e-02,1.868546e-02,4.833530e-03,1.178536e-02,1.748790e-01,2.696349e-02,2.361773e-02,1.224853e-01,1.911095e-01,5.964216e-03,7.049015e-02
2.095784e-01,1.522436e-02,9.325678e-03,6.391521e-02,2.019241e-02,1.601699e-02,5.331221e-03,1.358945e-02,2.183931e-01,2.839267e-02,2.637173e-02,1.161833e-01,1.813869e-01,5.810558e-03,7.028805e-02
2.295085e-01,1.217126e-02,1.482399e-02,6.347546e-02,1.924183e-02,1.713872e-02,5.288300e-03,7.547466e-02,1.804111e-01,2.602282e-02,2.436172e-02,9.561501e-02,1.571398e-01,5.306400e-03,7.402037e-02
3.041840e-01,1.451758e-02,1.916576e-02,6.587808e-02,2.471437e-02,2.133604e-02,5.639669e-03,6.259166e-02,1.491076e-01,2.222995e-02,2.001234e-02,7.353987e-02,1.511829e-01,4.488735e-03,6.141138e-02
2.891000e-01,1.555504e-02,1.898763e-02,5.462641e-02,1.988487e-02,2.069311e-02,5.460982e-03,1.273872e-01,1.204313e-01,2.211884e-02,1.899520e-02,6.268783e-02,1.434515e-01,4.002571e-03,7.661742e-02
2.700125e-01,1.435750e-02,1.896986e-02,4.850333e-02,1.759680e-02,1.867490e-02,5.408472e-03,1.484823e-01,9.947841e-02,2.010099e-02,1.678041e-02,5.001657e-02,1.616493e-01,3.808828e-03,1.061598e-01
3.013406e-01,1.683524e-02,2.252533e-02,8.023711e-02,1.723703e-02,2.771495e-02,4.595465e-03,1.252207e-01,8.038507e-02,1.722715e-02,2.000086e-02,5.428119e-02,1.448817e-01,3.330285e-03,8.418730e-02
3.110810e-01,1.487056e-02,2.081368e-02,6.906078e-02,1.791951e-02,2.656987e-02,4.435457e-03,1.281088e-01,7.389435e-02,1.554173e-02,2.638582e-02,5.712078e-02,1.453578e-01,3.194446e-03,8.564530e-02
2.785623e-01,1.470063e-02,1.791540e-02,5.148982e-02,2.337498e-02,3.264053e-02,4.461291e-03,1.406468e-01,8.257753e-02,1.452545e-02,3.214807e-02,5.294254e-02,1.315042e-01,3.629521e-03,1.188808e-01
1.986460e-01,1.341141e-02,1.619495e-02,4.070440e-02,2.150823e-02,2.507037e-02,3.803619e-03,1.232271e-01,2.750117e-01,1.217545e-02,2.700551e-02,4.905080e-02,1.038961e-01,2.668161e-03,8.762618e-02
1.432724e-01,1.262918e-02,1.982699e-02,4.720265e-02,2.398131e-02,2.348661e-02,4.485499e-03,9.663840e-02,3.934118e-01,1.071363e-02,2.293392e-02,4.641813e-02,8.717730e-02,2.225749e-03,6.559645e-02
1.040953e-01,1.309414e-02,1.781541e-02,5.302286e-02,1.954375e-02,2.141022e-02,3.429102e-03,7.240189e-02,4.208823e-01,1.935965e-02,3.043822e-02,6.359994e-02,1.028454e-01,2.201966e-03,5.585986e-02
8.047319e-02,1.349122e-02,1.935589e-02,4.262721e-02,2.236873e-02,1.981998e-02,3.234588e-03,1.027632e-01,4.094720e-01,1.986542e-02,3.867334e-02,7.172081e-02,1.090819e-01,2.124716e-03,4.492787e-02
6.442697e-02,1.370942e-02,1.839057e-02,3.132795e-02,2.795468e-02,1.555864e-02,2.951475e-03,8.173408e-02,5.167108e-01,1.644937e-02,3.659303e-02,5.625935e-02,8.200821e-02,1.783721e-03,3.414170e-02
6.161966e-02,1.724990e-02,2.123446e-02,3.488319e-02,4.391432e-02,1.329278e-02,3.399173e-03,6.144129e-02,5.620366e-01,1.577168e-02,2.898488e-02,4.169359e-02,5.905576e-02,1.491513e-03,3.393112e-02
5.235814e-02,2.349847e-02,2.045148e-02,2.123688e-01,5.301067e-02,1.046731e-02,2.749172e-03,5.910931e-02,4.311085e-01,1.221317e-02,2.287015e-02,3.036540e-02,4.274289e-02,1.103154e-03,2.558335e-02
4.362003e-02,1.827288e-02,1.906669e-02,3.194359e-01,5.495608e-02,9.016337e-03,2.359226e-03,4.684047e-02,3.153662e-01,1.194173e-02,8.072854e-02,2.333788e-02,3.399738e-02,1.075292e-03,1.998540e-02
7.924965e-02,1.625304e-02,2.110467e-02,2.847331e-01,1.002723e-01,8.082878e-03,2.789191e-03,4.084621e-02,2.394028e-01,9.801067e-03,8.917375e-02,3.804676e-02,5.246001e-02,1.895614e-03,1.588905e-02
6.395339e-02,2.056747e-02,2.513378e-02,2.777937e-01,8.863562e-02,6.787403e-03,2.567469e-03,3.059638e-02,1.758377e-01,8.906843e-03,1.347266e-01,6.875376e-02,7.558004e-02,4.291841e-03,1.586808e-02
4.616971e-02,1.513117e-02,2.027724e-02,2.311503e-01,6.712890e-02,6.208423e-03,2.212527e-03,2.187693e-02,1.267475e-01,1.408756e-02,1.812186e-01,1.207488e-01,1.304419e-01,4.338642e-03,1.226187e-02
3.304356e-02,1.064075e-02,1.472239e-02,1.658666e-01,5.184630e-02,4.701644e-03,1.870316e-03,1.594840e-02,8.978279e-02,1.162160e-02,2.478897e-01,1.259352e-01,2.139668e-01,3.366537e-03,8.797438e-03
2.560973e-02,7.825011e-03,1.120656e-02,1.168286e-01,4.445327e-02,4.461922e-03,1.556796e-03,1.387827e-02,7.163192e-02,1.600384e-02,2.212897e-01,1.165346e-01,3.385860e-01,3.327466e-03,6.806342e-03
1.977013e-02,5.867568e-03,8.432569e-03,8.326110e-02,3.678144e-02,7.456500e-03,1.358644e-03,1.226924e-02,5.615516e-02,1.430520e-02,1.740679e-01,2.014015e-01,3.697848e-01,3.642212e-03,5.446105e-03
1.709250e-02,5.248189e-03,7.480690e-03,6.055576e-02,2.758429e-02,1.576096e-02,1.439179e-03,1.044386e-02,4.323726e-02,2.232761e-02,1.441891e-01,3.423259e-01,2.907149e-01,6.839830e-03,4.759979e-03
1.578666e-02,5.624056e-03,6.147217e-03,4.333573e-02,2.224548e-02,1.443240e-02,1.172844e-03,8.194755e-03,3.458548e-02,3.226007e-02,1.572120e-01,4.219454e-01,2.259641e-01,6.825616e-03,4.268283e-03
1.568493e-02,5.921042e-03,5.035860e-03,3.278125e-02,1.892946e-02,1.272410e-02,9.547390e-04,6.398753e-03,3.175319e-02,4.218397e-02,1.498094e-01,4.825877e-01,1.841073e-01,6.922149e-03,4.206119e-03
1.926565e-02,6.074043e-03,4.480635e-03,2.470270e-02,1.487105e-02,1.015555e-02,7.638865e-04,4.866301e-03,3.380591e-02,4.660686e-02,1.283969e-01,5.589539e-01,1.340129e-01,9.258389e-03,3.785320e-03
4.686825e-02,9.021470e-03,4.628575e-03,2.143820e-02,1.356399e-02,8.485228e-03,6.567260e-04,3.798496e-03,3.656925e-02,6.137601e-02,1.270244e-01,5.460883e-01,1.009782e-01,1.370719e-02,5.795758e-03
1.458535e-01,1.801058e-02,4.915462e-03,1.995587e-02,1.434947e-02,7.744328e-03,5.663315e-04,3.254572e-03,3.407427e-02,6.166189e-02,1.102991e-01,4.794100e-01,7.431326e-02,1.535885e-02,1.023258e-02
1.620533e-01,2.075781e-02,5.843048e-03,1.509538e-02,1.661642e-02,6.350728e-03,4.693802e-04,3.074868e-03,3.033107e-02,6.040759e-02,2.196056e-01,3.749587e-01,5.305950e-02,1.828563e-02,1.309110e-02
1.846518e-01,2.253423e-02,1.972455e-02,1.254479e-02,1.609228e-02,1.094658e-02,8.566413e-04,6.451265e-03,2.740038e-02,7.435410e-02,2.282023e-01,3.275310e-01,4.000835e-02,1.620052e-02,1.250134e-02
1.516211e-01,2.659792e-02,4.439889e-02,1.242223e-02,2.447853e-02,1.351865e-02,1.671966e-03,1.364405e-02,3.486359e-02,6.238165e-02,2.428091e-01,3.160720e-01,2.897864e-02,1.383139e-02,1.271033e-02
1.724084e-01,2.727981e-02,3.805959e-02,1.456968e-02,2.227662e-02,1.987383e-02,1.484431e-03,1.319756e-02,3.660050e-02,4.908073e-02,2.582386e-01,2.881164e-01,2.259031e-02,2.003077e-02,1.619279e-02
2.150854e-01,2.555878e-02,3.324981e-02,1.716331e-02,1.902043e-02,2.448726e-02,2.051079e-03,2.124440e-02,3.794740e-02,3.579353e-02,2.494697e-01,2.665691e-01,1.796572e-02,1.910341e-02,1.529068e-02
2.218716e-01,2.475680e-02,4.134076e-02,2.271976e-02,1.924162e-02,2.166026e-02,1.968411e-03,3.515672e-02,3.988340e-02,2.921040e-02,2.831332e-01,2.101514e-01,1.461497e-02,2.080273e-02,1.348795e-02
2.032488e-01,2.325001e-02,3.527531e-02,2.102939e-02,1.646419e-02,1.843203e-02,1.809986e-03,3.275160e-02,4.846435e-02,2.182243e-02,3.677036e-01,1.644899e-01,1.095927e-02,2.254996e-02,1.174913e-02
1.923370e-01,2.076167e-02,3.617673e-02,1.987288e-02,1.478104e-02,1.647041e-02,2.095705e-03,4.293628e-02,4.897198e-02,1.650282e-02,4.151941e-01,1.317535e-01,8.183640e-03,2.315712e-02,1.080510e-02
1.574945e-01,2.397470e-02,4.907092e-02,3.303776e-02,1.692350e-02,1.844672e-02,2.179310e-03,5.680224e-02,7.324475e-02,1.439802e-02,3.893019e-01,1.079521e-01,6.897418e-03,2.251212e-02,2.776410e-02
1.407894e-01,5.278616e-02,3.936993e-02,3.068810e-02,1.610019e-02,2.042780e-02,1.628824e-03,5.165423e-02,1.658633e-01,1.417440e-02,3.211352e-01,8.062986e-02,5.653233e-03,2.446038e-02,3.463901e-02
1.222209e-01,5.139754e-02,3.155485e-02,2.524506e-02,1.685101e-02,3.337447e-02,1.197013e-03,3.975222e-02,2.462152e-01,1.334277e-02,2.933651e-01,5.780248e-02,4.256972e-03,3.280379e-02,3.062064e-02
1.032198e-01,4.244515e-02,2.546922e-02,3.071886e-02,2.304607e-02,6.341139e-02,9.316291e-04,3.614137e-02,3.118705e-01,1.193264e-02,2.453361e-01,4.124561e-02,3.216845e-03,2.907889e-02,3.193582e-02
8.586226e-02,3.378189e-02,2.290286e-02,5.393128e-02,4.507657e-02,8.193907e-02,8.687592e-04,5.744313e-02,3.352341e-01,1.079875e-02,1.821149e-01,2.905047e-02,2.480783e-03,2.164247e-02,3.687272e-02
6.913354e-02,2.916335e-02,1.674454e-02,4.279400e-02,9.311172e-02,1.301441e-01,8.994762e-04,5.941956e-02,3.557185e-01,7.804430e-03,1.289219e-01,2.046281e-02,1.884834e-03,1.563662e-02,2.816059e-02
6.348079e-02,2.358662e-02,1.240569e-02,3.348108e-02,1.346384e-01,1.918184e-01,1.266180e-03,5.507623e-02,3.387453e-01,5.663920e-03,9.125878e-02,1.445488e-02,1.479566e-03,1.160175e-02,2.104240e-02
5.821479e-02,2.376307e-02,1.103239e-02,3.173000e-02,1.184304e-01,2.879473e-01,1.611027e-03,8.635420e-02,2.728547e-01,4.602429e-03,6.451393e-02,1.035744e-02,1.399178e-03,8.329906e-03,1.885934e-02
5.157628e-02,2.261024e-02,2.716089e-02,6.238170e-02,9.457386e-02,2.596595e-01,1.420179e-03,1.663918e-01,2.070028e-01,6.419857e-03,4.547876e-02,7.459490e-03,1.157948e-03,5.923635e-03,4.078307e-02
5.470657e-02,2.434441e-02,2.511614e-02,5.551113e-02,8.196393e-02,3.334901e-01,1.636641e-03,1.507904e-01,1.888944e-01,5.162721e-03,3.235351e-02,5.465877e-03,1.097149e-03,4.335599e-03,3.513145e-02
7.750027e-02,2.069052e-02,1.875014e-02,5.105721e-02,9.758598e-02,3.843751e-01,1.729201e-03,1.156502e-01,1.671719e-01,3.862430e-03,2.669575e-02,4.310404e-03,1.177806e-03,3.528830e-03,2.591421e-02
