1.000000e+00,0.000000e+00,0.000000e+00,0.000000e+00,0.000000e+00,0.000000e+00,0.000000e+00,0.000000e+00,0.000000e+00,0.000000e+00,0.000000e+00,0.000000e+00,0.000000e+00,0.000000e+00,0.000000e+00
1.000000e+00,0.000000e+00,0.000000e+00,0.000000e+00,0.000000e+00,0.000000e+00,0.000000e+00,0.000000e+00,0.000000e+00,0.000000e+00,0.000000e+00,0.000000e+00,0.000000e+00,0.000000e+00,0.000000e+00
1.000000e+00,0.000000e+00,0.000000e+00,0.000000e+00,0.000000e+00,0.000000e+00,0.000000e+00,0.000000e+00,0.000000e+00,0.000000e+00,0.000000e+00,0.000000e+00,0.000000e+00,0.000000e+00,0.000000e+00
1.000000e+00,0.000000e+00,0.000000e+00,0.000000e+00,0.000000e+00,0.000000e+00,0.000000e+00,0.000000e+00,0.000000e+00,0.000000e+00,0.000000e+00,0.000000e+00,0.000000e+00,0.000000e+00,0.000000e+00
1.000000e+00,0.000000e+00,0.000000e+00,0.000000e+00,0.000000e+00,0.000000e+00,0.000000e+00,0.000000e+00,0.000000e+00,0.000000e+00,0.000000e+00,0.000000e+00,0.000000e+00,0.000000e+00,0.000000e+00
1.000000e+00,0.000000e+00,0.000000e+00,0.000000e+00,0.000000e+00,0.000000e+00,0.000000e+00,0.000000e+00,0.000000e+00,0.000000e+00,0.000000e+00,0.000000e+00,0.000000e+00,0.000000e+00,0.000000e+00
1.000000e+00,0.000000e+00,0.000000e+00,0.000000e+00,0.000000e+00,0.000000e+00,0.000000e+00,0.000000e+00,0.000000e+00,0.000000e+00,0.000000e+00,0.000000e+00,0.000000e+00,0.000000e+00,0.000000e+00
1.000000e+00,0.000000e+00,0.000000e+00,0.000000e+00,0.000000e+00,0.000000e+00,0.000000e+00,0.000000e+00,0.000000e+00,0.000000e+00,0.000000e+00,0.000000e+00,0.000000e+00,0.000000e+00,0.000000e+00
1.000000e+00,0.000000e+00,0.000000e+00,0.000000e+00,0.000000e+00,0.000000e+00,0.000000e+00,0.000000e+00,0.000000e+00,0.000000e+00,0.000000e+00,0.000000e+00,0.000000e+00,0.000000e+00,0.000000e+00
1.000000e+00,0.000000e+00,0.000000e+00,0.000000e+00,0.000000e+00,0.000000e+00,0.000000e+00,0.000000e+00,0.000000e+00,0.000000e+00,0.000000e+00,0.000000e+00,0.000000e+00,0.000000e+00,0.000000e+00
1.000000e+00,0.000000e+00,0.000000e+00,0.000000e+00,0.000000e+00,0.000000e+00,0.000000e+00,0.000000e+00,0.000000e+00,0.000000e+00,0.000000e+00,0.000000e+00,0.000000e+00,0.000000e+00,0.000000e+00
1.000000e+00,0.000000e+00,0.000000e+00,0.000000e+00,0.000000e+00,0.000000e+00,0.000000e+00,0.000000e+00,0.000000e+00,0.000000e+00,0.000000e+00,0.000000e+00,0.000000e+00,0.000000e+00,0.000000e+00
1.000000e+00,0.000000e+00,0.000000e+00,0.000000e+00,0.000000e+00,0.000000e+00,0.000000e+00,0.000000e+00,0.000000e+00,0.000000e+00,0.000000e+00,0.000000e+00,0.000000e+00,0.000000e+00,0.000000e+00
1.000000e+00,0.000000e+00,0.000000e+00,0.000000e+00,0.000000e+00,0.000000e+00,0.000000e+00,0.000000e+00,0.000000e+00,0.000000e+00,0.000000e+00,0.000000e+00,0.000000e+00,0.000000e+00,0.000000e+00
1.000000e+00,0.000000e+00,0.000000e+00,0.000000e+00,0.000000e+00,0.000000e+00,0.000000e+00,0.000000e+00,0.000000e+00,0.000000e+00,0.000000e+00,0.000000e+00,0.000000e+00,0.000000e+00,0.000000e+00
1.000000e+00,0.000000e+00,0.000000e+00,0.000000e+00,0.000000e+00,0.000000e+00,0.000000e+00,0.000000e+00,0.000000e+00,0.000000e+00,0.000000e+00,0.000000e+00,0.000000e+00,0.000000e+00,0.000000e+00
1.000000e+00,0.000000e+00,0.000000e+00,0.000000e+00,0.000000e+00,0.000000e+00,0.000000e+00,0.000000e+00,0.000000e+00,0.000000e+00,0.000000e+00,0.000000e+00,0.000000e+00,0.000000e+00,0.000000e+00
1.000000e+00,0.000000e+00,0.000000e+00,0.000000e+00,0.000000e+00,0.000000e+00,0.000000e+00,0.000000e+00,0.000000e+00,0.000000e+00,0.000000e+00,0.000000e+00,0.000000e+00,0.000000e+00,0.000000e+00
1.000000e+00,0.000000e+00,0.000000e+00,0.000000e+00,0.000000e+00,0.000000e+00,0.000000e+00,0.000000e+00,0.000000e+00,0.000000e+00,0.000000e+00,0.000000e+00,0.000000e+00,0.000000e+00,0.000000e+00
1.000000e+00,0.000000e+00,0.000000e+00,0.000000e+00,0.000000e+00,0.000000e+00,0.000000e+00,0.000000e+00,0.000000e+00,0.000000e+00,0.000000e+00,0.000000e+00,0.000000e+00,0.000000e+00,0.000000e+00
1.000000e+00,0.000000e+00,0.000000e+00,0.000000e+00,0.000000e+00,0.000000e+00,0.000000e+00,0.000000e+00,0.000000e+00,0.000000e+00,0.000000e+00,0.000000e+00,0.000000e+00,0.000000e+00,0.000000e+00
1.000000e+00,0.000000e+00,0.000000e+00,0.000000e+00,0.000000e+00,0.000000e+00,0.000000e+00,0.000000e+00,0.000000e+00,0.000000e+00,0.000000e+00,0.000000e+00,0.000000e+00,0.000000e+00,0.000000e+00
1.000000e+00,0.000000e+00,0.000000e+00,0.000000e+00,0.000000e+00,0.000000e+00,0.000000e+00,0.000000e+00,0.000000e+00,0.000000e+00,0.000000e+00,0.000000e+00,0.000000e+00,0.000000e+00,0.000000e+00
1.000000e+00,0.000000e+00,0.000000e+00,0.000000e+00,0.000000e+00,0.000000e+00,0.000000e+00,0.000000e+00,0.000000e+00,0.000000e+00,0.000000e+00,0.000000e+00,0.000000e+00,0.000000e+00,0.000000e+00
1.000000e+00,0.000000e+00,0.000000e+00,0.000000e+00,0.000000e+00,0.000000e+00,0.000000e+00,0.000000e+00,0.000000e+00,0.000000e+00,0.000000e+00,0.000000e+00,0.000000e+00,0.000000e+00,0.000000e+00
1.000000e+00,0.000000e+00,0.000000e+00,0.000000e+00,0.000000e+00,0.000000e+00,0.000000e+00,0.000000e+00,0.000000e+00,0.000000e+00,0.000000e+00,0.000000e+00,0.000000e+00,0.000000e+00,0.000000e+00
1.000000e+00,0.000000e+00,0.000000e+00,0.000000e+00,0.000000e+00,0.000000e+00,0.000000e+00,0.000000e+00,0.000000e+00,0.000000e+00,0.000000e+00,0.000000e+00,0.000000e+00,0.000000e+00,0.000000e+00
1.000000e+00,0.000000e+00,0.000000e+00,0.000000e+00,0.000000e+00,0.000000e+00,0.000000e+00,0.000000e+00,0.000000e+00,0.000000e+00,0.000000e+00,0.000000e+00,0.000000e+00,0.000000e+00,0.000000e+00
1.000000e+00,0.000000e+00,0.000000e+00,0.000000e+00,0.000000e+00,0.000000e+00,0.000000e+00,0.000000e+00,0.000000e+00,0.000000e+00,0.000000e+00,0.000000e+00,0.000000e+00,0.000000e+00,0.000000e+00
1.000000e+00,0.000000e+00,0.000000e+00,0.000000e+00,0.000000e+00,0.000000e+00,0.000000e+00,0.000000e+00,0.000000e+00,0.000000e+00,0.000000e+00,0.000000e+00,0.000000e+00,0.000000e+00,0.000000e+00
1.000000e+00,0.000000e+00,0.000000e+00,0.000000e+00,0.000000e+00,0.000000e+00,0.000000e+00,0.000000e+00,0.000000e+00,0.000000e+00,0.000000e+00,0.000000e+00,0.000000e+00,0.000000e+00,0.000000e+00
1.000000e+00,0.000000e+00,0.000000e+00,0.000000e+00,0.000000e+00,0.000000e+00,0.000000e+00,0.000000e+00,0.000000e+00,0.000000e+00,0.000000e+00,0.000000e+00,0.000000e+00,0.000000e+00,0.000000e+00
1.000000e+00,0.000000e+00,0.000000e+00,0.000000e+00,0.000000e+00,0.000000e+00,0.000000e+00,0.000000e+00,0.000000e+00,0.000000e+00,0.000000e+00,0.000000e+00,0.000000e+00,0.000000e+00,0.000000e+00
1.000000e+00,0.000000e+00,0.000000e+00,0.000000e+00,0.000000e+00,0.000000e+00,0.000000e+00,0.000000e+00,0.000000e+00,0.000000e+00,0.000000e+00,0.000000e+00,0.000000e+00,0.000000e+00,0.000000e+00
1.000000e+00,0.000000e+00,0.000000e+00,0.000000e+00,0.000000e+00,0.000000e+00,0.000000e+00,0.000000e+00,0.000000e+00,0.000000e+00,0.000000e+00,0.000000e+00,0.000000e+00,0.000000e+00,0.000000e+00
1.000000e+00,0.000000e+00,0.000000e+00,0.000000e+00,0.000000e+00,0.000000e+00,0.000000e+00,0.000000e+00,0.000000e+00,0.000000e+00,0.000000e+00,0.000000e+00,0.000000e+00,0.000000e+00,0.000000e+00
1.000000e+00,0.000000e+00,0.000000e+00,0.000000e+00,0.000000e+00,0.000000e+00,0.000000e+00,0.000000e+00,0.000000e+00,0.000000e+00,0.000000e+00,0.000000e+00,0.000000e+00,0.000000e+00,0.000000e+00
1.000000e+00,0.000000e+00,0.000000e+00,0.000000e+00,0.000000e+00,0.000000e+00,0.000000e+00,0.000000e+00,0.000000e+00,0.000000e+00,0.000000e+00,0.000000e+00,0.000000e+00,0.000000e+00,0.000000e+00
1.000000e+00,0.000000e+00,0.000000e+00,0.000000e+00,0.000000e+00,0.000000e+00,0.000000e+00,0.000000e+00,0.000000e+00,0.000000e+00,0.000000e+00,0.000000e+00,0.000000e+00,0.000000e+00,0.000000e+00
4.483160e-01,2.029080e-02,2.071230e-01,1.627984e-01,5.615565e-03,1.778702e-02,3.470216e-03,2.020943e-02,1.213227e-02,1.451717e-03,2.608187e-02,3.676688e-02,1.387424e-02,4.197097e-03,1.988548e-02
4.283830e-01,1.815410e-02,2.460467e-01,1.549689e-01,5.904964e-03,1.756103e-02,3.576116e-03,2.074834e-02,1.176738e-02,1.419242e-03,2.498126e-02,3.122678e-02,1.241984e-02,4.283989e-03,1.855838e-02
1.000000e+00,0.000000e+00,0.000000e+00,0.000000e+00,0.000000e+00,0.000000e+00,0.000000e+00,0.000000e+00,0.000000e+00,0.000000e+00,0.000000e+00,0.000000e+00,0.000000e+00,0.000000e+00,0.000000e+00
4.926333e-01,1.949168e-02,1.666141e-01,1.990812e-01,8.184926e-03,1.575356e-02,2.856962e-03,1.762206e-02,8.981971e-03,1.070633e-03,1.687338e-02,2.144974e-02,1.224812e-02,3.161489e-03,1.397678e-02
4.515744e-01,1.692584e-02,2.071613e-01,2.214591e-01,8.616029e-03,1.379625e-02,2.245697e-03,1.593671e-02,6.800201e-03,9.506544e-04,1.374359e-02,1.728018e-02,9.939510e-03,2.444094e-03,1.112630e-02
3.592357e-01,1.547763e-02,2.914003e-01,2.439381e-01,7.379956e-03,1.162298e-02,1.860551e-03,1.602907e-02,5.177994e-03,9.563835e-04,1.147114e-02,1.489286e-02,8.167367e-03,2.050634e-03,1.033926e-02
4.775151e-01,1.545694e-02,2.160278e-01,1.892688e-01,7.520620e-03,1.425194e-02,2.142645e-03,1.412778e-02,6.000242e-03,1.034046e-03,1.091931e-02,1.691536e-02,1.208012e-02,2.334344e-03,1.440503e-02
4.737254e-01,1.683212e-02,1.958078e-01,1.959093e-01,9.780529e-03,1.609135e-02,2.635964e-03,1.699274e-02,7.255748e-03,1.191427e-03,1.100622e-02,1.947071e-02,1.400674e-02,2.560527e-03,1.673337e-02
3.980504e-01,1.877622e-02,2.347700e-01,2.537230e-01,8.783361e-03,1.240001e-02,2.061636e-03,1.349002e-02,6.557081e-03,1.034033e-03,8.930694e-03,1.507302e-02,1.112488e-02,1.978637e-03,1.324709e-02
3.690287e-01,1.717946e-02,3.034971e-01,2.273878e-01,7.145692e-03,1.060969e-02,1.741408e-03,1.107125e-02,5.651521e-03,1.187559e-03,8.305586e-03,1.260153e-02,9.652551e-03,1.691089e-03,1.324906e-02
4.091614e-01,1.667108e-02,3.023947e-01,1.853699e-01,5.447914e-03,1.131511e-02,1.676171e-03,1.019286e-02,5.239812e-03,1.600664e-03,8.499952e-03,1.246597e-02,9.273265e-03,1.967612e-03,1.872361e-02
1.000000e+00,0.000000e+00,0.000000e+00,0.000000e+00,0.000000e+00,0.000000e+00,0.000000e+00,0.000000e+00,0.000000e+00,0.000000e+00,0.000000e+00,0.000000e+00,0.000000e+00,0.000000e+00,0.000000e+00
1.000000e+00,0.000000e+00,0.000000e+00,0.000000e+00,0.000000e+00,0.000000e+00,0.000000e+00,0.000000e+00,0.000000e+00,0.000000e+00,0.000000e+00,0.000000e+00,0.000000e+00,0.000000e+00,0.000000e+00
1.000000e+00,0.000000e+00,0.000000e+00,0.000000e+00,0.000000e+00,0.000000e+00,0.000000e+00,0.000000e+00,0.000000e+00,0.000000e+00,0.000000e+00,0.000000e+00,0.000000e+00,0.000000e+00,0.000000e+00
1.000000e+00,0.000000e+00,0.000000e+00,0.000000e+00,0.000000e+00,0.000000e+00,0.000000e+00,0.000000e+00,0.000000e+00,0.000000e+00,0.000000e+00,0.000000e+00,0.000000e+00,0.000000e+00,0.000000e+00
1.000000e+00,0.000000e+00,0.000000e+00,0.000000e+00,0.000000e+00,0.000000e+00,0.000000e+00,0.000000e+00,0.000000e+00,0.000000e+00,0.000000e+00,0.000000e+00,0.000000e+00,0.000000e+00,0.000000e+00
1.000000e+00,0.000000e+00,0.000000e+00,0.000000e+00,0.000000e+00,0.000000e+00,0.000000e+00,0.000000e+00,0.000000e+00,0.000000e+00,0.000000e+00,0.000000e+00,0.000000e+00,0.000000e+00,0.000000e+00
1.000000e+00,0.000000e+00,0.000000e+00,0.000000e+00,0.000000e+00,0.000000e+00,0.000000e+00,0.000000e+00,0.000000e+00,0.000000e+00,0.000000e+00,0.000000e+00,0.000000e+00,0.000000e+00,0.000000e+00
1.000000e+00,0.000000e+00,0.000000e+00,0.000000e+00,0.000000e+00,0.000000e+00,0.000000e+00,0.000000e+00,0.000000e+00,0.000000e+00,0.000000e+00,0.000000e+00,0.000000e+00,0.000000e+00,0.000000e+00
1.000000e+00,0.000000e+00,0.000000e+00,0.000000e+00,0.000000e+00,0.000000e+00,0.000000e+00,0.000000e+00,0.000000e+00,0.000000e+00,0.000000e+00,0.000000e+00,0.000000e+00,0.000000e+00,0.000000e+00
1.000000e+00,0.000000e+00,0.000000e+00,0.000000e+00,0.000000e+00,0.000000e+00,0.000000e+00,0.000000e+00,0.000000e+00,0.000000e+00,0.000000e+00,0.000000e+00,0.000000e+00,0.000000e+00,0.000000e+00
1.000000e+00,0.000000e+00,0.000000e+00,0.000000e+00,0.000000e+00,0.000000e+00,0.000000e+00,0.000000e+00,0.000000e+00,0.000000e+00,0.000000e+00,0.000000e+00,0.000000e+00,0.000000e+00,0.000000e+00
1.000000e+00,0.000000e+00,0.000000e+00,0.000000e+00,0.000000e+00,0.000000e+00,0.000000e+00,0.000000e+00,0.000000e+00,0.000000e+00,0.000000e+00,0.000000e+00,0.000000e+00,0.000000e+00,0.000000e+00
1.000000e+00,0.000000e+00,0.000000e+00,0.000000e+00,0.000000e+00,0.000000e+00,0.000000e+00,0.000000e+00,0.000000e+00,0.000000e+00,0.000000e+00,0.000000e+00,0.000000e+00,0.000000e+00,0.000000e+00
1.000000e+00,0.000000e+00,0.000000e+00,0.000000e+00,0.000000e+00,0.000000e+00,0.000000e+00,0.000000e+00,0.000000e+00,0.000000e+00,0.000000e+00,0.000000e+00,0.000000e+00,0.000000e+00,0.000000e+00
1.000000e+00,0.000000e+00,0.000000e+00,0.000000e+00,0.000000e+00,0.000000e+00,0.000000e+00,0.000000e+00,0.000000e+00,0.000000e+00,0.000000e+00,0.000000e+00,0.000000e+00,0.000000e+00,0.000000e+00
1.000000e+00,0.000000e+00,0.000000e+00,0.000000e+00,0.000000e+00,0.000000e+00,0.000000e+00,0.000000e+00,0.000000e+00,0.000000e+00,0.000000e+00,0.000000e+00,0.000000e+00,0.000000e+00,0.000000e+00
1.000000e+00,0.000000e+00,0.000000e+00,0.000000e+00,0.000000e+00,0.000000e+00,0.000000e+00,0.000000e+00,0.000000e+00,0.000000e+00,0.000000e+00,0.000000e+00,0.000000e+00,0.000000e+00,0.000000e+00
1.000000e+00,0.000000e+00,0.000000e+00,0.000000e+00,0.000000e+00,0.000000e+00,0.000000e+00,0.000000e+00,0.000000e+00,0.000000e+00,0.000000e+00,0.000000e+00,0.000000e+00,0.000000e+00,0.000000e+00
4.367808e-01,8.043637e-03,4.554379e-02,2.343693e-02,5.373359e-02,2.928791e-02,2.701137e-02,5.523282e-02,2.534986e-03,2.742350e-01,1.217934e-02,1.092594e-02,7.837331e-03,1.927305e-03,1.128920e-02
3.061344e-01,9.243319e-03,3.381909e-02,2.721627e-02,3.943557e-02,3.646842e-02,6.269001e-02,4.277042e-02,9.639478e-03,2.772438e-01,2.101584e-02,1.331370e-02,2.490672e-02,2.011593e-02,7.598703e-02
2.144205e-01,7.028664e-03,2.400231e-02,1.966831e-02,2.774833e-02,2.927849e-02,4.397824e-02,3.005706e-02,9.091835e-03,3.368654e-01,2.227117e-02,1.075974e-02,2.742676e-02,2.225167e-02,1.751515e-01
1.501594e-01,5.102899e-03,1.688058e-02,1.433382e-02,1.949066e-02,2.133677e-02,3.080094e-02,2.107648e-02,7.428822e-03,2.496056e-01,2.127747e-02,7.803773e-03,2.231821e-02,2.331529e-02,3.890693e-01
1.071153e-01,4.033057e-03,1.202132e-02,1.086546e-02,1.389908e-02,3.382334e-02,2.158436e-02,1.493797e-02,1.187862e-02,1.819771e-01,2.434560e-02,6.737259e-03,2.103426e-02,2.434433e-02,5.114030e-01
7.554930e-02,3.462749e-03,8.611213e-03,7.893979e-03,9.829785e-03,3.082170e-02,1.512390e-02,1.048435e-02,1.130055e-02,1.301482e-01,3.208720e-02,5.249636e-03,1.641279e-02,2.209016e-02,6.209345e-01
5.328428e-02,7.540712e-03,6.402276e-03,5.673882e-03,6.929681e-03,2.354692e-02,1.059225e-02,7.357876e-03,1.021380e-02,9.276892e-02,2.737573e-02,3.845652e-03,1.233184e-02,1.854588e-02,7.135904e-01
3.785355e-02,8.662002e-02,5.527913e-03,4.185876e-03,4.960249e-03,1.779999e-02,7.422665e-03,5.203171e-03,3.009411e-02,6.697918e-02,2.239770e-02,2.805268e-03,9.916267e-03,1.467324e-02,6.835608e-01
2.732911e-02,1.860061e-01,4.166181e-03,3.208033e-03,3.592280e-03,1.305486e-02,5.198454e-03,3.671082e-03,4.693252e-02,4.859306e-02,1.784450e-02,2.024264e-03,7.924657e-03,1.108651e-02,6.193684e-01
1.946663e-02,3.114886e-01,3.208512e-03,2.606964e-03,2.584741e-03,1.110623e-02,3.650354e-03,2.612849e-03,5.850232e-02,3.446938e-02,1.289011e-02,1.590334e-03,6.491205e-03,8.841342e-03,5.204904e-01
1.426915e-02,2.731943e-01,2.442126e-03,2.130876e-03,2.027559e-03,8.850256e-03,2.563067e-03,1.880565e-03,8.124004e-02,2.518121e-02,9.685878e-03,1.166663e-03,5.634123e-03,8.952702e-03,5.607815e-01
1.061520e-02,2.990322e-01,2.115119e-03,1.686244e-03,1.550397e-03,7.420995e-03,1.803096e-03,1.413283e-03,7.460371e-02,1.823972e-02,7.925267e-03,1.148606e-03,1.258910e-02,1.405785e-02,5.457993e-01
8.895953e-03,2.654609e-01,2.607822e-03,1.881469e-03,2.238744e-03,5.803640e-03,1.304282e-03,1.530318e-03,1.518710e-01,1.369610e-02,6.533574e-03,1.176658e-03,1.039897e-02,1.776592e-02,5.088347e-01
7.417674e-03,2.201298e-01,2.845605e-03,2.127682e-03,3.147677e-03,4.755483e-03,9.820613e-04,1.601731e-03,2.859682e-01,1.091674e-02,5.823378e-03,1.253213e-03,8.805438e-03,2.923407e-02,4.149913e-01
8.179801e-03,2.219774e-01,6.489402e-03,2.164858e-03,3.677123e-03,4.176687e-03,7.997144e-04,1.516816e-03,2.808276e-01,1.125181e-02,6.067232e-03,1.517341e-03,7.409310e-03,5.597336e-02,3.879716e-01
7.847626e-03,2.456277e-01,6.367680e-03,2.027810e-03,4.239229e-03,3.859512e-03,6.065631e-04,1.292041e-03,3.137739e-01,1.137540e-02,4.757013e-03,1.317013e-03,5.989199e-03,5.357804e-02,3.373412e-01
7.144422e-03,2.305054e-01,5.840096e-03,2.137986e-03,4.187301e-03,3.519237e-03,4.454571e-04,1.156450e-03,3.480552e-01,2.020295e-02,4.160525e-03,1.112581e-03,4.741649e-03,5.816092e-02,3.086299e-01
9.307412e-03,2.337933e-01,7.238834e-03,4.488622e-03,8.647687e-03,4.168687e-03,3.718082e-04,2.052997e-03,3.701408e-01,3.075920e-02,4.193561e-03,1.275562e-03,4.745040e-03,4.815761e-02,2.706589e-01
1.007796e-02,1.973878e-01,6.636051e-03,5.330543e-03,1.231283e-02,3.594921e-03,2.845547e-04,2.104408e-03,3.499103e-01,3.033815e-02,3.370503e-03,1.008159e-03,3.853234e-03,3.978804e-02,3.340026e-01
2.505936e-02,1.982804e-01,8.098147e-03,8.730642e-03,3.094915e-02,6.979126e-03,4.623787e-04,2.902851e-03,3.155537e-01,2.459200e-02,5.076332e-03,1.328313e-03,5.005346e-03,2.908585e-02,3.378964e-01
2.320139e-02,1.974808e-01,6.929627e-03,9.132934e-03,3.028914e-02,8.844366e-03,4.560697e-04,2.916496e-03,3.544637e-01,1.975265e-02,4.592827e-03,1.283310e-03,4.569953e-03,2.126698e-02,3.148198e-01
2.729370e-02,1.690402e-01,6.535836e-03,1.414293e-02,4.570547e-02,1.042789e-02,9.161251e-04,5.703750e-03,3.910767e-01,1.487768e-02,4.057023e-03,1.651165e-03,4.580342e-03,1.664437e-02,2.873469e-01
3.616410e-02,1.539104e-01,5.022865e-03,1.193817e-02,5.118745e-02,4.493826e-02,9.648274e-04,6.661896e-03,4.242514e-01,1.174146e-02,3.097146e-03,1.481756e-03,5.151508e-03,1.250829e-02,2.309805e-01
4.213348e-02,1.346045e-01,3.883744e-03,9.842269e-03,8.844841e-02,1.044541e-01,1.111869e-03,1.167675e-02,4.054764e-01,8.733781e-03,2.339446e-03,1.171769e-03,4.208637e-03,9.550882e-03,1.723640e-01
5.648423e-02,1.352533e-01,4.592187e-03,3.713353e-02,9.023757e-02,9.318113e-02,1.147425e-03,2.627810e-02,3.323049e-01,8.284417e-03,2.413768e-03,1.204227e-03,3.785950e-03,7.503188e-03,2.001962e-01
6.627667e-02,1.123293e-01,1.193346e-02,1.013641e-01,1.074180e-01,7.195705e-02,1.309981e-03,6.582116e-02,2.852378e-01,7.312016e-03,3.007568e-03,1.240457e-03,3.092445e-03,6.468126e-03,1.552320e-01
7.131401e-02,8.641618e-02,1.475813e-02,7.403792e-02,8.097903e-02,5.181405e-02,1.012566e-03,4.783976e-02,2.089854e-01,7.263822e-03,6.019586e-03,1.477307e-03,2.940443e-03,6.389887e-02,2.812430e-01
5.565031e-02,6.187214e-02,1.419358e-02,5.239303e-02,6.151446e-02,3.687677e-02,8.183956e-04,3.662662e-02,1.575286e-01,5.684207e-03,1.080591e-02,1.463282e-03,3.723982e-03,1.144060e-01,3.864427e-01
4.033132e-02,4.397017e-02,1.134716e-02,3.711189e-02,4.525100e-02,2.606423e-02,6.542412e-04,2.642402e-02,1.211147e-01,5.887583e-03,1.093226e-02,1.423037e-03,3.371415e-03,1.481515e-01,4.779655e-01
3.012425e-02,3.680469e-02,9.520943e-03,3.028115e-02,3.373304e-02,1.858883e-02,5.536895e-04,1.863134e-02,1.602605e-01,6.903334e-03,1.130969e-02,1.608090e-03,2.612593e-03,2.228648e-01,4.162031e-01
2.285306e-02,2.785991e-02,7.101694e-03,2.140724e-02,2.423646e-02,1.356960e-02,4.314017e-04,1.307464e-02,1.173898e-01,5.588811e-03,9.456662e-03,1.335510e-03,2.149491e-03,4.105488e-01,3.229969e-01
1.708126e-02,1.991728e-02,5.066503e-03,1.503026e-02,1.703660e-02,9.689943e-03,3.228973e-04,9.164179e-03,9.310966e-02,5.402491e-03,1.427874e-02,1.462360e-03,2.041370e-03,5.039228e-01,2.864736e-01
1.200508e-02,1.401852e-02,3.678498e-03,1.053749e-02,1.203442e-02,6.832075e-03,2.345008e-04,6.422131e-03,9.224466e-02,2.034485e-02,1.677221e-02,1.151740e-03,1.863070e-03,5.285082e-01,2.733526e-01
8.418791e-03,9.820786e-03,2.595620e-03,7.383069e-03,8.450520e-03,4.794582e-03,1.775132e-04,4.497223e-03,7.477428e-02,3.082559e-02,1.384256e-02,8.564341e-04,1.419097e-03,6.101919e-01,2.219521e-01
5.918193e-03,6.881383e-03,1.847199e-03,5.175363e-03,5.929952e-03,3.371393e-03,1.368973e-04,3.152626e-03,5.694077e-02,5.481643e-02,1.061233e-02,6.913552e-04,1.092119e-03,6.732284e-01,1.702057e-01
4.146060e-03,4.817758e-03,1.295922e-03,3.627894e-03,4.167521e-03,2.369626e-03,1.011968e-04,2.208826e-03,4.055385e-02,5.125029e-02,7.862459e-03,5.918308e-04,8.706141e-04,7.489466e-01,1.271896e-01
2.936461e-03,3.378872e-03,9.181386e-04,2.628767e-03,3.425524e-03,1.691410e-03,1.435102e-04,1.591222e-03,2.940304e-02,9.813397e-02,7.409879e-03,1.121548e-03,1.279205e-03,6.711372e-01,1.748013e-01
2.118541e-03,2.409391e-03,7.262564e-04,5.094424e-03,3.129306e-03,1.273812e-03,2.211643e-04,1.230503e-03,2.261475e-02,1.540184e-01,7.737215e-03,3.105763e-03,4.142622e-03,5.954572e-01,1.967207e-01
1.561849e-03,1.731748e-03,6.359129e-04,9.133399e-03,3.368286e-03,1.072250e-03,2.498328e-04,1.158280e-03,1.709300e-02,1.492859e-01,1.070748e-02,7.021612e-03,9.776154e-03,5.214832e-01,2.657211e-01
1.184613e-03,1.239774e-03,6.268366e-04,7.285392e-03,4.053602e-03,3.052470e-03,1.186200e-03,1.348077e-03,1.310415e-02,1.183073e-01,1.445800e-02,8.226775e-03,1.225944e-02,4.405948e-01,3.730726e-01
9.565469e-04,9.470679e-04,1.417713e-03,5.932117e-03,1.104169e-02,4.515468e-03,3.534981e-03,1.801535e-03,1.196443e-02,9.445939e-02,2.714101e-02,8.770937e-03,1.491470e-02,4.214128e-01,3.911897e-01
2.123972e-03,8.372778e-04,7.272478e-03,1.143398e-02,1.479388e-01,5.654903e-03,1.817867e-02,3.389686e-02,1.031375e-02,8.540906e-02,4.372158e-02,9.683372e-03,2.135209e-02,3.255710e-01,2.766122e-01
1.171754e-02,8.021812e-04,6.982153e-03,1.861095e-02,2.994621e-01,2.290251e-02,2.474426e-02,2.463905e-02,7.866451e-03,6.751616e-02,4.716029e-02,8.509696e-03,2.233118e-02,2.426668e-01,1.940888e-01
2.451783e-02,9.352792e-04,6.080579e-03,2.003443e-02,3.809161e-01,5.593938e-02,3.334426e-02,1.762985e-02,6.136768e-03,5.137803e-02,6.165924e-02,7.168301e-03,2.108913e-02,1.769728e-01,1.361981e-01
2.453536e-02,1.216653e-03,5.229102e-03,4.875861e-02,4.811216e-01,5.802496e-02,3.024531e-02,2.353132e-02,5.147984e-03,3.652576e-02,4.599896e-02,5.165108e-03,1.504498e-02,1.240076e-01,9.544674e-02
3.391623e-02,2.031535e-03,5.535647e-03,6.815874e-02,4.431539e-01,9.588054e-02,2.264367e-02,3.108075e-02,4.821446e-02,2.713598e-02,4.271249e-02,4.239303e-03,1.345360e-02,8.705182e-02,7.479134e-02
2.831534e-02,6.045908e-03,4.668396e-03,5.363277e-02,3.173379e-01,8.009164e-02,1.738550e-02,2.377924e-02,2.559510e-01,2.239385e-02,5.074278e-02,3.937647e-03,1.258993e-02,6.106730e-02,6.206081e-02
2.490744e-02,1.011550e-02,5.346831e-03,5.542741e-02,2.302062e-01,5.980377e-02,1.302021e-02,1.759445e-02,3.715325e-01,1.716600e-02,8.371225e-02,5.097898e-03,1.732776e-02,4.281963e-02,4.592218e-02
3.947762e-02,9.387214e-03,8.095392e-03,9.863909e-02,1.914323e-01,4.440671e-02,1.058540e-02,3.749761e-02,3.450139e-01,1.410400e-02,9.302564e-02,6.213407e-03,3.785264e-02,3.018622e-02,3.408296e-02
3.920239e-02,7.878108e-03,7.606197e-03,8.722015e-02,1.867636e-01,3.265240e-02,1.128714e-02,1.779731e-01,2.721072e-01,1.019578e-02,7.926607e-02,4.967040e-03,3.668651e-02,2.116715e-02,2.502726e-02
3.148433e-02,6.166262e-03,6.163492e-03,6.758637e-02,1.557220e-01,2.388479e-02,8.990761e-03,3.719902e-01,1.935330e-01,7.344737e-03,6.196923e-02,3.707788e-03,2.848161e-02,1.487219e-02,1.810323e-02
2.679537e-02,8.817788e-03,5.747809e-03,6.176933e-02,1.178265e-01,2.160376e-02,6.494617e-03,4.953777e-01,1.390897e-01,6.008839e-03,5.135684e-02,5.208088e-03,2.598213e-02,1.139191e-02,1.652966e-02
2.757819e-02,2.204523e-02,7.176782e-03,5.001837e-02,8.897991e-02,6.186741e-02,5.141036e-03,4.139384e-01,1.139017e-01,5.185019e-03,5.156840e-02,3.911170e-02,7.687987e-02,8.560766e-03,2.804725e-02
2.660389e-02,1.131667e-01,8.875097e-03,4.288360e-02,6.496885e-02,6.649643e-02,3.913892e-03,3.242940e-01,1.319511e-01,6.781917e-03,4.404274e-02,3.360481e-02,7.833629e-02,6.469547e-03,4.761106e-02
2.248259e-02,1.019133e-01,1.257879e-02,4.150811e-02,4.663361e-02,6.769702e-02,3.142197e-03,2.408737e-01,1.135364e-01,6.947541e-03,3.422646e-02,3.540000e-02,2.187773e-01,5.857357e-03,4.842565e-02
1.749264e-02,1.015302e-01,1.092163e-02,3.475851e-02,3.335198e-02,5.448548e-02,2.542895e-03,1.713237e-01,9.976146e-02,6.411429e-03,2.909334e-02,3.488314e-02,3.537216e-01,5.793205e-03,4.392882e-02
1.416546e-02,9.657468e-02,9.721952e-03,2.872577e-02,2.416994e-02,4.062608e-02,2.008295e-03,1.235684e-01,1.546409e-01,5.066715e-03,3.332243e-02,2.969765e-02,3.924018e-01,5.438785e-03,3.987119e-02
1.106447e-02,7.834096e-02,1.069611e-02,3.200892e-02,1.968331e-02,3.205647e-02,2.177691e-03,9.159526e-02,2.383656e-01,5.328419e-03,3.753405e-02,3.056592e-02,3.632022e-01,5.082363e-03,4.229838e-02
1.108489e-02,6.775174e-02,1.636536e-02,3.685824e-02,1.512744e-02,2.549941e-02,3.180057e-03,6.738193e-02,2.648995e-01,6.476735e-03,4.001116e-02,5.054568e-02,3.322394e-01,6.564163e-03,5.601428e-02
1.039352e-02,5.588546e-02,1.461781e-02,6.025978e-02,1.192916e-02,2.087858e-02,2.995177e-03,5.395476e-02,3.561760e-01,5.498840e-03,3.622998e-02,4.583710e-02,2.680533e-01,6.938425e-03,5.035211e-02
1.010384e-02,5.285629e-02,1.180810e-02,6.174040e-02,9.381891e-03,1.694406e-02,2.673339e-03,4.467804e-02,4.432907e-01,4.842706e-03,3.079436e-02,3.677470e-02,2.143648e-01,6.876663e-03,5.287012e-02
1.005491e-02,6.585200e-02,1.653402e-02,1.010024e-01,8.678399e-03,1.484031e-02,2.151015e-03,3.267212e-02,4.399147e-01,9.188494e-03,2.628098e-02,3.359997e-02,1.703360e-01,8.706242e-03,6.018851e-02
1.009210e-02,7.422554e-02,1.757793e-02,7.764598e-02,1.185311e-02,1.410640e-02,2.698314e-03,2.555486e-02,4.512737e-01,8.394161e-03,2.050789e-02,3.126804e-02,1.459171e-01,8.388527e-03,1.004963e-01
1.252356e-02,8.448328e-02,1.490885e-02,5.933851e-02,9.614229e-03,1.450767e-02,2.416192e-03,1.877804e-02,4.040670e-01,1.045198e-02,1.795151e-02,4.479040e-02,1.287683e-01,1.479687e-02,1.626036e-01
1.590893e-02,8.999038e-02,1.242732e-02,4.538318e-02,8.688906e-03,1.751151e-02,2.117862e-03,1.370998e-02,4.114493e-01,1.457415e-02,1.591050e-02,5.595794e-02,1.033817e-01,2.317257e-02,1.698158e-01
1.525792e-02,1.025764e-01,1.060255e-02,3.311630e-02,8.511230e-03,2.100651e-02,1.772593e-03,1.005196e-02,4.150568e-01,1.514508e-02,1.263868e-02,5.008575e-02,8.070438e-02,3.625928e-02,1.872146e-01
2.379121e-02,1.242479e-01,1.336522e-02,2.509927e-02,7.104103e-03,3.135552e-02,1.380991e-03,7.510239e-03,3.527772e-01,2.921750e-02,1.112039e-02,4.612394e-02,6.388168e-02,1.023780e-01,1.606468e-01
2.479828e-02,1.644408e-01,1.314685e-02,1.812053e-02,6.979687e-03,4.663642e-02,1.136795e-03,6.862082e-03,3.360102e-01,2.416163e-02,9.474902e-03,4.157129e-02,4.895710e-02,1.301734e-01,1.275302e-01
2.595310e-02,1.476085e-01,1.096753e-02,1.364965e-02,6.408928e-03,4.930834e-02,9.639221e-04,5.517110e-03,3.199699e-01,2.106861e-02,8.278885e-03,4.214728e-02,3.648014e-02,1.905343e-01,1.211439e-01
3.390020e-02,1.394288e-01,1.055174e-02,1.045831e-02,6.070889e-03,4.904516e-02,9.732693e-04,4.734477e-03,3.152097e-01,2.002100e-02,7.799408e-03,4.512349e-02,2.857443e-02,2.119379e-01,1.161712e-01
3.447412e-02,1.464785e-01,1.297295e-02,8.366118e-03,1.044153e-02,5.024613e-02,9.855567e-04,8.781419e-03,3.456167e-01,1.987387e-02,6.550021e-03,3.650002e-02,2.167908e-02,1.902042e-01,1.068298e-01
6.513425e-02,1.491858e-01,1.443729e-02,7.020937e-03,1.689734e-02,7.009789e-02,1.406370e-03,1.635911e-02,3.420252e-01,1.750237e-02,5.826990e-03,2.790699e-02,2.044909e-02,1.456656e-01,1.000849e-01
8.227549e-02,1.545510e-01,1.606595e-02,8.114367e-03,3.812832e-02,6.422886e-02,2.211636e-03,3.741882e-02,3.601660e-01,1.332216e-02,4.844530e-03,2.060858e-02,1.766798e-02,1.052645e-01,7.513187e-02
9.927530e-02,1.702572e-01,2.265420e-02,9.572583e-03,4.955617e-02,5.483499e-02,2.386069e-03,8.036160e-02,3.258044e-01,1.109653e-02,4.285095e-03,1.540068e-02,1.486044e-02,7.816926e-02,6.148559e-02
8.348677e-02,2.416889e-01,1.783797e-02,1.212119e-02,4.680013e-02,4.076634e-02,2.039324e-03,5.700617e-02,3.207795e-01,1.124573e-02,4.671201e-03,1.244270e-02,2.385135e-02,5.538834e-02,6.987436e-02
7.038839e-02,2.869181e-01,1.382204e-02,1.253655e-02,4.358520e-02,3.198523e-02,2.269416e-03,4.050087e-02,3.328856e-01,1.011054e-02,6.422618e-03,1.136548e-02,4.146473e-02,3.926226e-02,5.648301e-02
5.009321e-02,4.299557e-01,1.064063e-02,1.110599e-02,3.064034e-02,2.254759e-02,1.606814e-03,2.840399e-02,2.679177e-01,1.007186e-02,6.673528e-03,9.485867e-03,3.243015e-02,2.824106e-02,6.018567e-02
3.999208e-02,4.416637e-01,7.762076e-03,9.172982e-03,2.156835e-02,1.837901e-02,1.189719e-03,2.031409e-02,2.280934e-01,8.587219e-03,2.935182e-02,3.020706e-02,4.458272e-02,3.887217e-02,6.026360e-02
3.468534e-02,4.182447e-01,6.181580e-03,8.433333e-03,1.524946e-02,1.476267e-02,1.029637e-03,1.482661e-02,1.803228e-01,9.219876e-03,4.009824e-02,7.761189e-02,4.558169e-02,6.928286e-02,6.446941e-02
3.211977e-02,3.596357e-01,6.936638e-03,1.880824e-02,1.167779e-02,1.216553e-02,9.246535e-04,1.105837e-02,1.651611e-01,1.778483e-02,4.152153e-02,7.515442e-02,4.556198e-02,1.130498e-01,8.843966e-02
4.452156e-02,2.912230e-01,8.941920e-03,2.339771e-02,1.642653e-02,1.138484e-02,1.141060e-03,1.203607e-02,2.222188e-01,2.087931e-02,5.294994e-02,6.278446e-02,6.793106e-02,8.929057e-02,7.487327e-02
6.713577e-02,2.135264e-01,8.743422e-03,2.037873e-02,1.967697e-02,1.532381e-02,2.504619e-03,1.158222e-02,1.809480e-01,1.557763e-02,4.241103e-02,6.549064e-02,2.083664e-01,6.717117e-02,6.116315e-02
6.588519e-02,1.569978e-01,7.051301e-03,1.952432e-02,4.203216e-02,1.563855e-02,2.475834e-03,9.269806e-03,1.391575e-01,1.215695e-02,3.809387e-02,5.474701e-02,3.351849e-01,5.418282e-02,4.760196e-02
7.156010e-02,1.138507e-01,5.371153e-03,1.463543e-02,4.215076e-02,1.366302e-02,2.266242e-03,6.747181e-03,1.012534e-01,1.168322e-02,4.498362e-02,5.199602e-02,4.403446e-01,4.314457e-02,3.634994e-02
1.053760e-01,9.297409e-02,4.672456e-03,1.344296e-02,3.884771e-02,1.245016e-02,1.845919e-03,5.109665e-03,7.431474e-02,1.306117e-02,4.916380e-02,5.320267e-02,4.575244e-01,3.882645e-02,3.918785e-02
8.104026e-02,7.012291e-02,4.188843e-03,1.193909e-02,3.337416e-02,9.512135e-03,1.441729e-03,3.764790e-03,5.736676e-02,1.496632e-02,1.119912e-01,5.261490e-02,4.580722e-01,4.703347e-02,4.257124e-02
8.150153e-02,6.059588e-02,8.660869e-03,1.147966e-02,3.231139e-02,8.956526e-03,1.283631e-03,3.595700e-03,6.951467e-02,3.927411e-02,1.358273e-01,4.566267e-02,3.691398e-01,8.416668e-02,4.802959e-02
1.505307e-01,5.240300e-02,2.229935e-02,1.805748e-02,4.805008e-02,2.544384e-02,2.565903e-03,7.674617e-03,6.717168e-02,5.124648e-02,1.126550e-01,3.583682e-02,2.649998e-01,7.580332e-02,6.526186e-02
1.801395e-01,4.942819e-02,6.822038e-02,3.151414e-02,4.268908e-02,2.372581e-02,3.938294e-03,1.249173e-02,6.561739e-02,6.828540e-02,9.287462e-02,3.423595e-02,1.944284e-01,6.825233e-02,6.415887e-02
1.495256e-01,6.512826e-02,5.893740e-02,3.753852e-02,3.226657e-02,2.006060e-02,3.287238e-03,1.169459e-02,8.037921e-02,1.107281e-01,7.115868e-02,2.994139e-02,1.406870e-01,6.974420e-02,1.189226e-01
1.425356e-01,6.057571e-02,6.131600e-02,3.708906e-02,2.517700e-02,2.286848e-02,3.236024e-03,9.831542e-03,8.727042e-02,1.105807e-01,6.768752e-02,2.839438e-02,1.026507e-01,9.974529e-02,1.410415e-01
1.104166e-01,4.960245e-02,4.916312e-02,3.283563e-02,1.859526e-02,1.857979e-02,2.530665e-03,7.730392e-03,2.482483e-01,8.489616e-02,7.225577e-02,2.213227e-02,7.599165e-02,8.992921e-02,1.170928e-01
7.942782e-02,4.228318e-02,4.268083e-02,2.827990e-02,1.425292e-02,1.475420e-02,1.886599e-03,5.763983e-03,2.125587e-01,6.207189e-02,1.728708e-01,1.869216e-02,6.508204e-02,1.464871e-01,9.290802e-02
5.964755e-02,3.653230e-02,4.215201e-02,2.297152e-02,1.233619e-02,1.329796e-02,1.569413e-03,4.492807e-03,2.275734e-01,4.639900e-02,2.193841e-01,1.593878e-02,5.244631e-02,1.683300e-01,7.692875e-02
5.735258e-02,3.056249e-02,3.546720e-02,1.957338e-02,1.080551e-02,1.802618e-02,1.761034e-03,4.574408e-03,2.239437e-01,3.383143e-02,2.243979e-01,1.563498e-02,4.447512e-02,2.177196e-01,6.187454e-02
4.142596e-02,2.245076e-02,3.120933e-02,1.584731e-02,8.041084e-03,1.493114e-02,1.353990e-03,3.480277e-03,2.423659e-01,2.494416e-02,3.219373e-01,1.435228e-02,3.458723e-02,1.768259e-01,4.624732e-02
3.876578e-02,1.643199e-02,2.310446e-02,1.437704e-02,6.729720e-03,2.033798e-02,1.489483e-03,3.062800e-03,1.820656e-01,2.044820e-02,3.928044e-01,1.786099e-02,2.893987e-02,1.978700e-01,3.571176e-02
2.943394e-02,1.192686e-02,1.723877e-02,1.143374e-02,5.956272e-03,1.583732e-02,1.335857e-03,2.311674e-03,1.296457e-01,1.558579e-02,5.144143e-01,2.134153e-02,2.297129e-02,1.743054e-01,2.626156e-02
2.388239e-02,8.760756e-03,1.346119e-02,8.416567e-03,5.242251e-03,1.421165e-02,1.174631e-03,1.884654e-03,9.390204e-02,1.181764e-02,5.284275e-01,3.155914e-02,1.801759e-02,2.200054e-01,1.923666e-02
1.804673e-02,8.062516e-03,1.146137e-02,5.991213e-03,5.222578e-03,4.434953e-02,8.646722e-04,1.602040e-03,7.006857e-02,8.576694e-03,5.733634e-01,3.811265e-02,1.298050e-02,1.862088e-01,1.508878e-02
1.335146e-02,6.435118e-03,9.263103e-03,4.346319e-03,4.688246e-03,3.900647e-02,6.435550e-04,1.431652e-03,5.360755e-02,6.257433e-03,5.658262e-01,4.435489e-02,9.446238e-03,2.303374e-01,1.100441e-02
1.061544e-02,5.750273e-03,4.024799e-02,5.233403e-03,8.312860e-03,3.413945e-02,1.161532e-03,4.785522e-02,4.218144e-02,5.079906e-03,5.105641e-01,3.793179e-02,7.150161e-03,2.358512e-01,7.925211e-03
9.690757e-03,4.916415e-03,3.617003e-02,4.073804e-03,5.995818e-03,3.771262e-02,8.506058e-04,3.562129e-02,3.100073e-02,4.001522e-03,5.156182e-01,2.848212e-02,5.246121e-03,2.748811e-01,5.738886e-03
1.208921e-02,5.749315e-03,3.002578e-02,3.722884e-03,5.358823e-03,3.297811e-02,8.453924e-04,2.700281e-02,2.517126e-02,4.309149e-03,5.167009e-01,2.765523e-02,4.311230e-03,2.998821e-01,4.197822e-03
9.419939e-03,4.283413e-03,2.129571e-02,2.654844e-03,4.412697e-03,2.393913e-02,6.143910e-04,1.897943e-02,1.926679e-02,4.594060e-03,6.006888e-01,2.320418e-02,3.353986e-03,2.602568e-01,3.035870e-03
7.849777e-03,3.383106e-03,1.532694e-02,1.922207e-03,4.307249e-03,1.779327e-02,4.677677e-04,1.342395e-02,1.650849e-02,5.722137e-03,6.282731e-01,2.253661e-02,2.643752e-03,2.576151e-01,2.226534e-03
6.221303e-03,2.932232e-03,1.167563e-02,1.734261e-03,1.088723e-02,1.356724e-02,5.035650e-04,1.024326e-02,1.870783e-02,8.667661e-03,5.995349e-01,2.317475e-02,2.600899e-03,2.878101e-01,1.739096e-03
4.841562e-03,2.367724e-03,8.485548e-03,1.346048e-03,8.964903e-03,1.021903e-02,3.796090e-04,7.294533e-03,2.227872e-02,8.677595e-03,6.286104e-01,2.295821e-02,2.611790e-03,2.696326e-01,1.331771e-03
3.802095e-03,3.422256e-03,6.841057e-03,1.947171e-03,1.097364e-02,8.359094e-03,3.713047e-04,5.350358e-03,5.200326e-02,1.252251e-02,6.027045e-01,2.159461e-02,2.151417e-03,2.665824e-01,1.374461e-03
4.436100e-03,9.019337e-03,1.012199e-02,2.571073e-03,1.262917e-02,7.350512e-03,3.132268e-04,5.607853e-03,1.071226e-01,1.527799e-02,5.469015e-01,1.746961e-02,1.711745e-03,2.583315e-01,1.135823e-03
7.026705e-03,7.721571e-03,8.736803e-03,2.055149e-03,9.756212e-03,6.426476e-03,2.349200e-04,4.681730e-03,1.215015e-01,1.446968e-02,5.203985e-01,1.408467e-02,1.793541e-03,2.801660e-01,9.465787e-04
6.690349e-03,6.129152e-03,6.655925e-03,1.543328e-03,7.266713e-03,4.917199e-03,1.690536e-04,3.399417e-03,9.936789e-02,1.202404e-02,5.257217e-01,1.048977e-02,1.528950e-03,3.132588e-01,8.377377e-04
9.215628e-03,6.999558e-03,1.441000e-02,2.518126e-03,7.896326e-03,8.065730e-03,1.918286e-04,4.192179e-03,8.211496e-02,1.277773e-02,5.741792e-01,8.074406e-03,1.296568e-03,2.670237e-01,1.044137e-03
9.394435e-03,5.898355e-03,1.204671e-02,2.480209e-03,7.013174e-03,7.201179e-03,1.757300e-04,3.513690e-03,6.434973e-02,1.016302e-02,6.346163e-01,6.445203e-03,1.047184e-03,2.345970e-01,1.058232e-03
1.021650e-02,7.719392e-03,9.640758e-03,2.105274e-03,7.810473e-03,1.815058e-02,1.698198e-04,2.970313e-03,9.516137e-02,8.102752e-03,6.162968e-01,5.713732e-03,9.538709e-04,2.136634e-01,1.325033e-03
1.453538e-02,1.007175e-02,7.863523e-03,2.780954e-03,1.146873e-02,2.132761e-02,1.814624e-04,3.717476e-03,1.238352e-01,6.981859e-03,5.943369e-01,5.566270e-03,8.513020e-04,1.949718e-01,1.509837e-03
1.539383e-02,2.765651e-02,1.352974e-02,4.103510e-03,1.619579e-02,7.005122e-02,1.946027e-04,4.804200e-03,2.336070e-01,9.432731e-03,4.496060e-01,4.705976e-03,7.651310e-04,1.477879e-01,2.165831e-03
2.189220e-02,3.652440e-02,2.520978e-02,6.353346e-03,1.965266e-02,1.138120e-01,3.173641e-04,1.241885e-02,2.504554e-01,1.617992e-02,3.506864e-01,4.313966e-03,1.379110e-03,1.361764e-01,4.628245e-03
2.726566e-02,3.272726e-02,2.400004e-02,6.698115e-03,1.857518e-02,1.843063e-01,3.522945e-04,1.269857e-02,2.448342e-01,1.878795e-02,2.799917e-01,3.888085e-03,1.726119e-03,1.379156e-01,6.232886e-03
2.201353e-02,2.898268e-02,1.944871e-02,4.989685e-03,1.336139e-02,3.798658e-01,3.044353e-04,1.189366e-02,1.870149e-01,1.473440e-02,2.019284e-01,2.855049e-03,1.430980e-03,1.056523e-01,5.524131e-03
2.948819e-02,6.940465e-02,2.279208e-02,4.084933e-03,1.237920e-02,3.840881e-01,5.975465e-04,9.274110e-03,1.554659e-01,1.935738e-02,1.668206e-01,2.144294e-03,1.317005e-03,1.108723e-01,1.191376e-02
4.088728e-02,6.439616e-02,2.397058e-02,3.863464e-03,1.062225e-02,3.622307e-01,6.184870e-04,1.344160e-02,1.571146e-01,1.533986e-02,1.381092e-01,1.607187e-03,1.239306e-03,1.226893e-01,4.386992e-02
4.965378e-02,5.979078e-02,3.184105e-02,1.278683e-02,1.702637e-02,3.010796e-01,5.982014e-04,1.932248e-02,2.403393e-01,1.126510e-02,1.063715e-01,1.439065e-03,1.122805e-03,9.210692e-02,5.525626e-02
5.593728e-02,7.551214e-02,3.315808e-02,2.577775e-02,1.930797e-02,2.435494e-01,5.667566e-04,1.779016e-02,2.374046e-01,9.498474e-03,8.040937e-02,1.358898e-03,1.086963e-03,7.319790e-02,1.254443e-01
6.997982e-02,6.065003e-02,3.160150e-02,2.431844e-02,1.780127e-02,2.908565e-01,6.458362e-04,1.564001e-02,2.455372e-01,7.244462e-03,7.188314e-02,1.326415e-03,1.382897e-03,6.551432e-02,9.561822e-02
1.151469e-01,4.961856e-02,4.177496e-02,2.296471e-02,1.856683e-02,2.593394e-01,5.719517e-04,1.204813e-02,2.578422e-01,5.698764e-03,6.494450e-02,1.661703e-03,1.745710e-03,7.194897e-02,7.612679e-02
1.470734e-01,4.090720e-02,7.238309e-02,7.178332e-02,2.411856e-02,1.915366e-01,1.048852e-03,1.296498e-02,2.544854e-01,4.730917e-03,4.869672e-02,2.305739e-03,1.823699e-03,5.743840e-02,6.870306e-02
1.852758e-01,3.681373e-02,7.129409e-02,5.527718e-02,4.210374e-02,1.436732e-01,8.568523e-04,1.188244e-02,2.948168e-01,8.162796e-03,3.706805e-02,2.162054e-03,2.084702e-03,5.468326e-02,5.384540e-02
2.675698e-01,3.155486e-02,5.326634e-02,4.544387e-02,5.973479e-02,1.061530e-01,1.136893e-03,1.253832e-02,2.825520e-01,9.809797e-03,2.837441e-02,3.442600e-03,2.760951e-03,5.154824e-02,4.411409e-02
3.589329e-01,3.329908e-02,4.074399e-02,3.891501e-02,5.788562e-02,7.940416e-02,1.185032e-03,9.895547e-03,2.568413e-01,1.030093e-02,2.289067e-02,5.201403e-03,3.077755e-03,4.357721e-02,3.784931e-02
4.055079e-01,2.962662e-02,3.833026e-02,3.001510e-02,4.812713e-02,5.792178e-02,9.464577e-04,7.343868e-03,2.802850e-01,8.225469e-03,1.852863e-02,4.744625e-03,2.764412e-03,3.647473e-02,3.115803e-02
4.451271e-01,4.108796e-02,3.500905e-02,5.235519e-02,5.110458e-02,4.380566e-02,1.307124e-03,8.761724e-03,2.291849e-01,6.813048e-03,1.683974e-02,8.166188e-03,4.137403e-03,3.035315e-02,2.594727e-02
1.000000e+00,0.000000e+00,0.000000e+00,0.000000e+00,0.000000e+00,0.000000e+00,0.000000e+00,0.000000e+00,0.000000e+00,0.000000e+00,0.000000e+00,0.000000e+00,0.000000e+00,0.000000e+00,0.000000e+00
1.000000e+00,0.000000e+00,0.000000e+00,0.000000e+00,0.000000e+00,0.000000e+00,0.000000e+00,0.000000e+00,0.000000e+00,0.000000e+00,0.000000e+00,0.000000e+00,0.000000e+00,0.000000e+00,0.000000e+00
1.000000e+00,0.000000e+00,0.000000e+00,0.000000e+00,0.000000e+00,0.000000e+00,0.000000e+00,0.000000e+00,0.000000e+00,0.000000e+00,0.000000e+00,0.000000e+00,0.000000e+00,0.000000e+00,0.000000e+00
1.000000e+00,0.000000e+00,0.000000e+00,0.000000e+00,0.000000e+00,0.000000e+00,0.000000e+00,0.000000e+00,0.000000e+00,0.000000e+00,0.000000e+00,0.000000e+00,0.000000e+00,0.000000e+00,0.000000e+00
