1.000000e+00,0.000000e+00,0.000000e+00,0.000000e+00,0.000000e+00,0.000000e+00,0.000000e+00,0.000000e+00,0.000000e+00,0.000000e+00,0.000000e+00,0.000000e+00,0.000000e+00,0.000000e+00,0.000000e+00
1.000000e+00,0.000000e+00,0.000000e+00,0.000000e+00,0.000000e+00,0.000000e+00,0.000000e+00,0.000000e+00,0.000000e+00,0.000000e+00,0.000000e+00,0.000000e+00,0.000000e+00,0.000000e+00,0.000000e+00
1.000000e+00,0.000000e+00,0.000000e+00,0.000000e+00,0.000000e+00,0.000000e+00,0.000000e+00,0.000000e+00,0.000000e+00,0.000000e+00,0.000000e+00,0.000000e+00,0.000000e+00,0.000000e+00,0.000000e+00
1.000000e+00,0.000000e+00,0.000000e+00,0.000000e+00,0.000000e+00,0.000000e+00,0.000000e+00,0.000000e+00,0.000000e+00,0.000000e+00,0.000000e+00,0.000000e+00,0.000000e+00,0.000000e+00,0.000000e+00
1.000000e+00,0.000000e+00,0.000000e+00,0.000000e+00,0.000000e+00,0.000000e+00,0.000000e+00,0.000000e+00,0.000000e+00,0.000000e+00,0.000000e+00,0.000000e+00,0.000000e+00,0.000000e+00,0.000000e+00
1.000000e+00,0.000000e+00,0.000000e+00,0.000000e+00,0.000000e+00,0.000000e+00,0.000000e+00,0.000000e+00,0.000000e+00,0.000000e+00,0.000000e+00,0.000000e+00,0.000000e+00,0.000000e+00,0.000000e+00
1.000000e+00,0.000000e+00,0.000000e+00,0.000000e+00,0.000000e+00,0.000000e+00,0.000000e+00,0.000000e+00,0.000000e+00,0.000000e+00,0.000000e+00,0.000000e+00,0.000000e+00,0.000000e+00,0.000000e+00
1.000000e+00,0.000000e+00,0.000000e+00,0.000000e+00,0.000000e+00,0.000000e+00,0.000000e+00,0.000000e+00,0.000000e+00,0.000000e+00,0.000000e+00,0.000000e+00,0.000000e+00,0.000000e+00,0.000000e+00
1.000000e+00,0.000000e+00,0.000000e+00,0.000000e+00,0.000000e+00,0.000000e+00,0.000000e+00,0.000000e+00,0.000000e+00,0.000000e+00,0.000000e+00,0.000000e+00,0.000000e+00,0.000000e+00,0.000000e+00
1.000000e+00,0.000000e+00,0.000000e+00,0.000000e+00,0.000000e+00,0.000000e+00,0.000000e+00,0.000000e+00,0.000000e+00,0.000000e+00,0.000000e+00,0.000000e+00,0.000000e+00,0.000000e+00,0.000000e+00
1.000000e+00,0.000000e+00,0.000000e+00,0.000000e+00,0.000000e+00,0.000000e+00,0.000000e+00,0.000000e+00,0.000000e+00,0.000000e+00,0.000000e+00,0.000000e+00,0.000000e+00,0.000000e+00,0.000000e+00
1.000000e+00,0.000000e+00,0.000000e+00,0.000000e+00,0.000000e+00,0.000000e+00,0.000000e+00,0.000000e+00,0.000000e+00,0.000000e+00,0.000000e+00,0.000000e+00,0.000000e+00,0.000000e+00,0.000000e+00
1.000000e+00,0.000000e+00,0.000000e+00,0.000000e+00,0.000000e+00,0.000000e+00,0.000000e+00,0.000000e+00,0.000000e+00,0.000000e+00,0.000000e+00,0.000000e+00,0.000000e+00,0.000000e+00,0.000000e+00
1.000000e+00,0.000000e+00,0.000000e+00,0.000000e+00,0.000000e+00,0.000000e+00,0.000000e+00,0.000000e+00,0.000000e+00,0.000000e+00,0.000000e+00,0.000000e+00,0.000000e+00,0.000000e+00,0.000000e+00
1.000000e+00,0.000000e+00,0.000000e+00,0.000000e+00,0.000000e+00,0.000000e+00,0.000000e+00,0.000000e+00,0.000000e+00,0.000000e+00,0.000000e+00,0.000000e+00,0.000000e+00,0.000000e+00,0.000000e+00
1.000000e+00,0.000000e+00,0.000000e+00,0.000000e+00,0.000000e+00,0.000000e+00,0.000000e+00,0.000000e+00,0.000000e+00,0.000000e+00,0.000000e+00,0.000000e+00,0.000000e+00,0.000000e+00,0.000000e+00
1.000000e+00,0.000000e+00,0.000000e+00,0.000000e+00,0.000000e+00,0.000000e+00,0.000000e+00,0.000000e+00,0.000000e+00,0.000000e+00,0.000000e+00,0.000000e+00,0.000000e+00,0.000000e+00,0.000000e+00
1.000000e+00,0.000000e+00,0.000000e+00,0.000000e+00,0.000000e+00,0.000000e+00,0.000000e+00,0.000000e+00,0.000000e+00,0.000000e+00,0.000000e+00,0.000000e+00,0.000000e+00,0.000000e+00,0.000000e+00
1.000000e+00,0.000000e+00,0.000000e+00,0.000000e+00,0.000000e+00,0.000000e+00,0.000000e+00,0.000000e+00,0.000000e+00,0.000000e+00,0.000000e+00,0.000000e+00,0.000000e+00,0.000000e+00,0.000000e+00
1.000000e+00,0.000000e+00,0.000000e+00,0.000000e+00,0.000000e+00,0.000000e+00,0.000000e+00,0.000000e+00,0.000000e+00,0.000000e+00,0.000000e+00,0.000000e+00,0.000000e+00,0.000000e+00,0.000000e+00
1.000000e+00,0.000000e+00,0.000000e+00,0.000000e+00,0.000000e+00,0.000000e+00,0.000000e+00,0.000000e+00,0.000000e+00,0.000000e+00,0.000000e+00,0.000000e+00,0.000000e+00,0.000000e+00,0.000000e+00
1.000000e+00,0.000000e+00,0.000000e+00,0.000000e+00,0.000000e+00,0.000000e+00,0.000000e+00,0.000000e+00,0.000000e+00,0.000000e+00,0.000000e+00,0.000000e+00,0.000000e+00,0.000000e+00,0.000000e+00
1.000000e+00,0.000000e+00,0.000000e+00,0.000000e+00,0.000000e+00,0.000000e+00,0.000000e+00,0.000000e+00,0.000000e+00,0.000000e+00,0.000000e+00,0.000000e+00,0.000000e+00,0.000000e+00,0.000000e+00
1.000000e+00,0.000000e+00,0.000000e+00,0.000000e+00,0.000000e+00,0.000000e+00,0.000000e+00,0.000000e+00,0.000000e+00,0.000000e+00,0.000000e+00,0.000000e+00,0.000000e+00,0.000000e+00,0.000000e+00
1.000000e+00,0.000000e+00,0.000000e+00,0.000000e+00,0.000000e+00,0.000000e+00,0.000000e+00,0.000000e+00,0.000000e+00,0.000000e+00,0.000000e+00,0.000000e+00,0.000000e+00,0.000000e+00,0.000000e+00
1.000000e+00,0.000000e+00,0.000000e+00,0.000000e+00,0.000000e+00,0.000000e+00,0.000000e+00,0.000000e+00,0.000000e+00,0.000000e+00,0.000000e+00,0.000000e+00,0.000000e+00,0.000000e+00,0.000000e+00
1.000000e+00,0.000000e+00,0.000000e+00,0.000000e+00,0.000000e+00,0.000000e+00,0.000000e+00,0.000000e+00,0.000000e+00,0.000000e+00,0.000000e+00,0.000000e+00,0.000000e+00,0.000000e+00,0.000000e+00
1.000000e+00,0.000000e+00,0.000000e+00,0.000000e+00,0.000000e+00,0.000000e+00,0.000000e+00,0.000000e+00,0.000000e+00,0.000000e+00,0.000000e+00,0.000000e+00,0.000000e+00,0.000000e+00,0.000000e+00
1.000000e+00,0.000000e+00,0.000000e+00,0.000000e+00,0.000000e+00,0.000000e+00,0.000000e+00,0.000000e+00,0.000000e+00,0.000000e+00,0.000000e+00,0.000000e+00,0.000000e+00,0.000000e+00,0.000000e+00
1.000000e+00,0.000000e+00,0.000000e+00,0.000000e+00,0.000000e+00,0.000000e+00,0.000000e+00,0.000000e+00,0.000000e+00,0.000000e+00,0.000000e+00,0.000000e+00,0.000000e+00,0.000000e+00,0.000000e+00
1.000000e+00,0.000000e+00,0.000000e+00,0.000000e+00,0.000000e+00,0.000000e+00,0.000000e+00,0.000000e+00,0.000000e+00,0.000000e+00,0.000000e+00,0.000000e+00,0.000000e+00,0.000000e+00,0.000000e+00
1.000000e+00,0.000000e+00,0.000000e+00,0.000000e+00,0.000000e+00,0.000000e+00,0.000000e+00,0.000000e+00,0.000000e+00,0.000000e+00,0.000000e+00,0.000000e+00,0.000000e+00,0.000000e+00,0.000000e+00
1.000000e+00,0.000000e+00,0.000000e+00,0.000000e+00,0.000000e+00,0.000000e+00,0.000000e+00,0.000000e+00,0.000000e+00,0.000000e+00,0.000000e+00,0.000000e+00,0.000000e+00,0.000000e+00,0.000000e+00
1.000000e+00,0.000000e+00,0.000000e+00,0.000000e+00,0.000000e+00,0.000000e+00,0.000000e+00,0.000000e+00,0.000000e+00,0.000000e+00,0.000000e+00,0.000000e+00,0.000000e+00,0.000000e+00,0.000000e+00
1.000000e+00,0.000000e+00,0.000000e+00,0.000000e+00,0.000000e+00,0.000000e+00,0.000000e+00,0.000000e+00,0.000000e+00,0.000000e+00,0.000000e+00,0.000000e+00,0.000000e+00,0.000000e+00,0.000000e+00
1.000000e+00,0.000000e+00,0.000000e+00,0.000000e+00,0.000000e+00,0.000000e+00,0.000000e+00,0.000000e+00,0.000000e+00,0.000000e+00,0.000000e+00,0.000000e+00,0.000000e+00,0.000000e+00,0.000000e+00
1.000000e+00,0.000000e+00,0.000000e+00,0.000000e+00,0.000000e+00,0.000000e+00,0.000000e+00,0.000000e+00,0.000000e+00,0.000000e+00,0.000000e+00,0.000000e+00,0.000000e+00,0.000000e+00,0.000000e+00
1.000000e+00,0.000000e+00,0.000000e+00,0.000000e+00,0.000000e+00,0.000000e+00,0.000000e+00,0.000000e+00,0.000000e+00,0.000000e+00,0.000000e+00,0.000000e+00,0.000000e+00,0.000000e+00,0.000000e+00
1.000000e+00,0.000000e+00,0.000000e+00,0.000000e+00,0.000000e+00,0.000000e+00,0.000000e+00,0.000000e+00,0.000000e+00,0.000000e+00,0.000000e+00,0.000000e+00,0.000000e+00,0.000000e+00,0.000000e+00
1.000000e+00,0.000000e+00,0.000000e+00,0.000000e+00,0.000000e+00,0.000000e+00,0.000000e+00,0.000000e+00,0.000000e+00,0.000000e+00,0.000000e+00,0.000000e+00,0.000000e+00,0.000000e+00,0.000000e+00
1.000000e+00,0.000000e+00,0.000000e+00,0.000000e+00,0.000000e+00,0.000000e+00,0.000000e+00,0.000000e+00,0.000000e+00,0.000000e+00,0.000000e+00,0.000000e+00,0.000000e+00,0.000000e+00,0.000000e+00
1.000000e+00,0.000000e+00,0.000000e+00,0.000000e+00,0.000000e+00,0.000000e+00,0.000000e+00,0.000000e+00,0.000000e+00,0.000000e+00,0.000000e+00,0.000000e+00,0.000000e+00,0.000000e+00,0.000000e+00
1.000000e+00,0.000000e+00,0.000000e+00,0.000000e+00,0.000000e+00,0.000000e+00,0.000000e+00,0.000000e+00,0.000000e+00,0.000000e+00,0.000000e+00,0.000000e+00,0.000000e+00,0.000000e+00,0.000000e+00
1.000000e+00,0.000000e+00,0.000000e+00,0.000000e+00,0.000000e+00,0.000000e+00,0.000000e+00,0.000000e+00,0.000000e+00,0.000000e+00,0.000000e+00,0.000000e+00,0.000000e+00,0.000000e+00,0.000000e+00
1.000000e+00,0.000000e+00,0.000000e+00,0.000000e+00,0.000000e+00,0.000000e+00,0.000000e+00,0.000000e+00,0.000000e+00,0.000000e+00,0.000000e+00,0.000000e+00,0.000000e+00,0.000000e+00,0.000000e+00
1.000000e+00,0.000000e+00,0.000000e+00,0.000000e+00,0.000000e+00,0.000000e+00,0.000000e+00,0.000000e+00,0.000000e+00,0.000000e+00,0.000000e+00,0.000000e+00,0.000000e+00,0.000000e+00,0.000000e+00
1.000000e+00,0.000000e+00,0.000000e+00,0.000000e+00,0.000000e+00,0.000000e+00,0.000000e+00,0.000000e+00,0.000000e+00,0.000000e+00,0.000000e+00,0.000000e+00,0.000000e+00,0.000000e+00,0.000000e+00
1.000000e+00,0.000000e+00,0.000000e+00,0.000000e+00,0.000000e+00,0.000000e+00,0.000000e+00,0.000000e+00,0.000000e+00,0.000000e+00,0.000000e+00,0.000000e+00,0.000000e+00,0.000000e+00,0.000000e+00
1.000000e+00,0.000000e+00,0.000000e+00,0.000000e+00,0.000000e+00,0.000000e+00,0.000000e+00,0.000000e+00,0.000000e+00,0.000000e+00,0.000000e+00,0.000000e+00,0.000000e+00,0.000000e+00,0.000000e+00
1.000000e+00,0.000000e+00,0.000000e+00,0.000000e+00,0.000000e+00,0.000000e+00,0.000000e+00,0.000000e+00,0.000000e+00,0.000000e+00,0.000000e+00,0.000000e+00,0.000000e+00,0.000000e+00,0.000000e+00
1.000000e+00,0.000000e+00,0.000000e+00,0.000000e+00,0.000000e+00,0.000000e+00,0.000000e+00,0.000000e+00,0.000000e+00,0.000000e+00,0.000000e+00,0.000000e+00,0.000000e+00,0.000000e+00,0.000000e+00
1.000000e+00,0.000000e+00,0.000000e+00,0.000000e+00,0.000000e+00,0.000000e+00,0.000000e+00,0.000000e+00,0.000000e+00,0.000000e+00,0.000000e+00,0.000000e+00,0.000000e+00,0.000000e+00,0.000000e+00
1.000000e+00,0.000000e+00,0.000000e+00,0.000000e+00,0.000000e+00,0.000000e+00,0.000000e+00,0.000000e+00,0.000000e+00,0.000000e+00,0.000000e+00,0.000000e+00,0.000000e+00,0.000000e+00,0.000000e+00
1.000000e+00,0.000000e+00,0.000000e+00,0.000000e+00,0.000000e+00,0.000000e+00,0.000000e+00,0.000000e+00,0.000000e+00,0.000000e+00,0.000000e+00,0.000000e+00,0.000000e+00,0.000000e+00,0.000000e+00
1.000000e+00,0.000000e+00,0.000000e+00,0.000000e+00,0.000000e+00,0.000000e+00,0.000000e+00,0.000000e+00,0.000000e+00,0.000000e+00,0.000000e+00,0.000000e+00,0.000000e+00,0.000000e+00,0.000000e+00
4.054912e-01,8.613061e-03,1.233114e-02,2.716294e-02,2.378056e-03,1.738301e-02,2.672925e-03,5.298743e-03,5.693246e-03,7.598837e-04,3.593266e-03,1.444304e-02,4.845069e-01,9.859123e-04,8.686705e-03
2.843749e-01,6.123978e-03,8.662370e-03,2.046872e-02,2.301102e-03,2.065098e-02,2.698197e-03,3.859164e-03,6.685519e-03,7.773518e-04,3.256834e-03,1.627952e-02,6.137859e-01,7.664099e-04,9.309120e-03
2.031383e-01,5.253168e-03,6.102068e-03,1.506086e-02,5.918084e-03,2.092196e-02,2.180643e-03,2.988048e-03,3.900133e-02,6.270654e-04,3.181335e-03,3.166762e-02,6.542501e-01,5.724663e-04,9.136990e-03
1.499175e-01,4.338223e-03,4.899124e-03,1.174316e-02,1.939895e-02,2.475286e-02,2.529415e-03,3.988086e-03,1.048649e-01,5.067085e-04,3.945354e-03,2.834305e-02,6.333255e-01,4.280879e-04,7.019135e-03
1.083068e-01,4.310178e-03,3.577567e-03,1.038088e-02,2.247027e-02,1.142850e-01,2.306971e-03,5.284134e-03,1.144613e-01,4.798363e-04,3.505443e-03,2.211185e-02,5.818862e-01,3.313666e-04,6.302344e-03
8.526935e-02,5.820851e-03,2.750047e-03,8.893629e-03,1.936147e-02,1.147797e-01,2.034676e-03,4.272308e-03,1.480813e-01,3.752295e-04,3.180020e-03,2.123904e-02,5.754364e-01,5.301763e-04,7.975946e-03
6.487969e-02,2.054390e-02,4.168435e-03,2.403322e-02,1.803708e-02,9.287485e-02,2.362699e-03,4.232624e-03,2.131096e-01,6.829549e-04,3.534384e-03,2.193853e-02,5.180904e-01,8.466467e-04,1.066515e-02
5.383229e-02,7.503723e-02,8.084492e-03,1.332107e-01,1.327949e-02,6.720374e-02,1.874868e-03,3.753645e-03,2.350714e-01,1.416238e-03,6.725719e-03,1.827909e-02,3.684474e-01,1.396380e-03,1.238735e-02
4.923721e-02,8.786084e-02,8.063843e-03,1.185244e-01,1.062906e-02,6.356537e-02,1.881469e-03,3.308124e-03,2.273540e-01,1.477137e-03,1.033536e-02,1.512623e-02,3.747379e-01,1.420475e-03,2.647858e-02
6.534502e-02,1.019176e-01,1.012927e-02,1.157024e-01,8.543709e-03,5.469126e-02,2.282521e-03,4.686822e-03,2.355768e-01,2.917157e-03,1.578692e-02,1.757565e-02,3.343637e-01,2.769877e-03,2.771126e-02
1.029970e-01,1.103357e-01,1.169545e-02,8.512612e-02,6.299802e-03,6.337609e-02,2.170168e-03,4.663723e-03,1.972425e-01,5.916369e-03,3.045209e-02,3.291518e-02,2.872187e-01,1.207738e-02,4.751364e-02
2.016977e-01,1.007369e-01,1.129120e-02,6.363142e-02,5.246775e-03,5.544185e-02,2.313962e-03,5.797161e-03,1.540295e-01,8.717967e-03,4.975952e-02,3.573724e-02,2.178767e-01,3.192594e-02,5.579619e-02
3.622372e-01,7.990083e-02,9.910284e-03,4.971866e-02,5.237390e-03,4.809256e-02,2.368145e-03,7.833741e-03,1.173930e-01,6.956776e-03,3.848150e-02,2.944672e-02,1.600700e-01,2.945963e-02,5.289350e-02
4.472313e-01,6.186399e-02,9.326176e-03,3.962957e-02,5.871864e-03,6.273323e-02,4.594807e-03,1.016852e-02,9.238404e-02,5.436388e-03,3.030930e-02,2.392286e-02,1.359317e-01,2.477253e-02,4.582369e-02
3.820043e-01,8.249255e-02,1.163430e-02,7.982264e-02,5.974842e-03,6.131872e-02,4.154690e-03,9.292442e-03,8.936302e-02,7.763032e-03,2.721905e-02,2.766374e-02,1.032541e-01,2.007100e-02,8.797160e-02
2.999197e-01,9.056693e-02,1.205450e-02,7.234352e-02,4.751072e-03,5.871797e-02,3.414300e-03,7.570739e-03,9.520623e-02,1.274872e-02,3.070571e-02,3.918586e-02,7.952605e-02,5.002753e-02,1.432612e-01
2.477017e-01,7.857773e-02,1.002331e-02,5.608232e-02,3.810547e-03,4.782934e-02,2.854723e-03,6.570025e-03,9.332319e-02,1.635068e-02,7.148221e-02,6.869327e-02,8.141086e-02,9.899783e-02,1.162922e-01
2.058711e-01,6.780594e-02,1.132601e-02,4.409704e-02,4.936640e-03,4.246311e-02,3.026354e-03,2.187939e-02,9.967718e-02,1.805041e-02,1.070101e-01,7.665332e-02,1.070911e-01,8.583678e-02,1.042754e-01
1.599500e-01,5.601143e-02,1.911042e-02,4.250049e-02,1.735466e-02,3.479781e-02,3.760505e-03,7.060257e-02,1.173510e-01,1.586706e-02,1.271572e-01,7.233541e-02,1.112288e-01,6.928302e-02,8.268967e-02
1.332240e-01,4.816736e-02,2.879710e-02,4.562427e-02,2.207437e-02,3.022989e-02,3.960054e-03,1.262379e-01,1.472052e-01,1.448911e-02,1.227085e-01,5.992213e-02,9.234965e-02,5.138123e-02,7.362933e-02
9.564842e-02,3.432778e-02,2.228145e-02,3.486857e-02,1.695005e-02,2.313709e-02,2.871906e-03,3.639959e-01,1.049238e-01,1.047056e-02,8.953293e-02,4.295950e-02,6.738647e-02,3.620283e-02,5.444279e-02
6.880305e-02,2.426849e-02,1.720144e-02,2.629380e-02,1.351814e-02,1.871546e-02,2.194509e-03,5.398438e-01,7.403272e-02,7.466767e-03,6.390392e-02,3.050350e-02,4.859835e-02,2.560548e-02,3.905053e-02
5.139562e-02,1.731949e-02,1.256606e-02,1.919910e-02,1.203755e-02,1.589084e-02,1.664525e-03,6.631018e-01,5.238144e-02,5.342926e-03,4.696092e-02,2.169515e-02,3.472768e-02,1.806488e-02,2.765194e-02
4.423543e-02,1.331897e-02,9.839829e-03,1.468964e-02,2.858534e-02,1.273622e-02,1.694548e-03,7.161820e-01,3.901796e-02,4.513040e-03,4.086133e-02,1.556870e-02,2.579269e-02,1.287557e-02,2.008873e-02
4.025174e-02,1.322757e-02,8.195825e-03,1.300751e-02,3.107758e-02,1.036154e-02,1.360666e-03,7.507188e-01,3.824380e-02,3.608859e-03,3.428067e-02,1.125614e-02,2.006465e-02,9.277921e-03,1.506664e-02
3.464324e-02,1.046543e-02,6.214425e-03,1.091126e-02,2.379436e-02,8.077617e-03,1.035109e-03,8.048455e-01,3.035197e-02,2.677053e-03,2.621559e-02,8.262970e-03,1.479454e-02,6.758126e-03,1.095275e-02
3.230027e-02,8.511771e-03,4.821011e-03,8.801490e-03,1.915016e-02,6.269577e-03,7.949459e-04,8.407129e-01,2.545734e-02,2.001943e-03,2.092435e-02,6.301397e-03,1.112156e-02,4.916550e-03,7.914632e-03
3.964379e-02,9.360554e-03,5.885746e-03,2.078972e-02,1.573988e-02,6.442785e-03,6.985522e-04,8.037024e-01,2.266407e-02,2.783652e-03,3.168745e-02,1.123818e-02,1.646033e-02,5.246112e-03,7.656789e-03
5.204817e-02,1.091095e-02,6.223216e-03,2.183893e-02,1.500441e-02,1.520352e-02,7.906762e-04,6.874468e-01,2.206521e-02,3.510544e-03,6.345680e-02,2.448979e-02,6.184460e-02,5.114347e-03,1.005190e-02
3.854159e-02,9.069176e-03,7.812748e-03,2.553179e-02,1.147586e-02,1.297364e-02,8.031481e-04,5.185405e-01,2.581387e-02,3.922263e-03,5.604101e-02,2.984417e-02,2.212333e-01,5.187204e-03,3.320966e-02
2.768837e-02,6.572811e-03,5.745474e-03,1.843378e-02,9.148233e-03,1.003327e-02,8.271703e-04,3.751866e-01,2.353299e-02,2.981266e-03,4.587907e-02,2.548437e-02,4.199108e-01,3.892602e-03,2.468315e-02
1.965291e-02,4.699270e-03,4.209814e-03,1.354911e-02,7.477483e-03,8.159278e-03,8.609386e-04,2.668823e-01,1.838799e-02,2.158764e-03,3.472134e-02,2.021983e-02,5.782250e-01,2.829133e-03,1.796669e-02
1.505150e-02,4.196404e-03,5.259694e-03,1.405681e-02,1.253478e-02,9.671424e-03,2.532921e-03,1.954113e-01,4.671054e-02,2.496250e-03,2.858571e-02,1.736866e-02,6.240672e-01,4.056905e-03,1.799989e-02
1.071612e-02,3.677138e-03,5.425221e-03,1.204207e-02,1.521131e-02,9.816485e-03,4.366876e-03,1.383960e-01,3.765867e-02,2.033758e-03,2.295349e-02,2.313527e-02,6.956050e-01,2.932147e-03,1.603041e-02
7.783640e-03,3.119950e-03,4.511401e-03,8.757686e-03,1.350816e-02,8.591988e-03,3.873108e-03,9.709061e-02,2.815158e-02,2.154518e-03,2.071717e-02,2.655990e-02,7.567632e-01,2.103949e-03,1.631316e-02
6.183914e-03,2.532105e-03,3.357154e-03,6.349493e-03,1.040496e-02,8.874628e-03,3.862061e-03,6.804629e-02,2.031480e-02,4.603578e-03,2.662581e-02,5.962051e-02,7.627143e-01,1.581830e-03,1.492863e-02
4.814461e-03,2.059366e-03,2.464154e-03,4.668809e-03,7.906968e-03,8.478677e-03,3.519072e-03,4.773575e-02,1.459647e-02,1.153449e-02,2.878816e-02,8.690869e-02,7.608966e-01,1.221894e-03,1.440650e-02
3.486166e-03,1.684741e-03,2.004065e-03,3.486448e-03,6.605014e-03,6.695583e-03,2.635659e-03,3.346686e-02,1.038221e-02,2.633478e-02,3.828569e-02,1.053790e-01,7.437654e-01,9.913244e-04,1.479709e-02
2.489255e-03,1.336207e-03,1.521524e-03,2.515709e-03,1.091248e-02,4.816330e-03,2.169599e-03,2.363199e-02,8.999603e-03,4.648916e-02,4.502030e-02,1.135173e-01,7.244942e-01,7.336555e-04,1.135272e-02
1.927002e-03,1.557683e-03,2.734124e-03,2.014657e-03,2.307250e-02,3.544699e-03,2.626992e-03,1.885197e-02,1.153396e-02,1.361467e-01,4.527085e-02,1.102289e-01,6.302597e-01,7.826124e-04,9.447703e-03
2.341052e-03,1.494684e-03,6.583713e-03,2.411342e-03,4.081319e-02,3.618787e-03,4.844056e-03,3.295853e-02,1.307667e-02,1.629963e-01,4.714106e-02,1.114195e-01,5.604610e-01,1.018741e-03,8.821383e-03
2.064458e-03,1.365953e-03,5.439272e-03,2.315469e-03,3.549940e-02,3.390294e-03,3.924930e-03,2.677205e-02,1.146306e-02,2.205781e-01,5.347504e-02,1.359638e-01,4.892915e-01,1.207472e-03,7.249156e-03
1.611702e-03,9.974382e-04,3.906621e-03,1.709398e-03,2.625644e-02,2.511254e-03,2.818985e-03,1.945339e-02,9.682133e-03,2.190584e-01,6.987362e-02,2.091672e-01,4.260566e-01,1.050902e-03,5.845914e-03
1.333140e-03,7.491971e-04,2.937376e-03,1.460706e-03,2.277777e-02,1.871087e-03,2.057716e-03,1.785523e-02,9.194408e-03,2.388511e-01,7.071908e-02,2.503205e-01,3.744953e-01,9.076566e-04,4.469768e-03
2.017569e-03,6.414447e-04,2.568863e-03,1.204057e-03,2.121310e-02,3.282402e-03,1.518681e-03,1.532554e-02,9.689466e-03,2.587904e-01,6.626241e-02,3.247949e-01,2.880265e-01,1.228450e-03,3.436279e-03
2.936287e-03,7.394009e-04,2.578769e-03,1.361590e-03,4.252069e-02,4.134710e-03,1.299986e-03,2.017718e-02,1.969181e-02,2.295214e-01,5.931844e-02,3.886351e-01,2.231560e-01,1.431388e-03,2.497211e-03
2.972124e-03,9.150215e-04,1.969861e-03,1.196459e-03,5.086397e-02,3.062739e-03,9.908829e-04,1.862244e-02,6.096018e-02,2.341831e-01,4.829769e-02,4.036957e-01,1.691639e-01,1.287738e-03,1.818191e-03
3.113730e-03,3.095880e-03,1.583597e-03,8.910132e-04,3.764833e-02,2.416904e-03,7.098481e-04,1.417130e-02,1.473756e-01,1.906097e-01,4.282345e-02,4.198782e-01,1.331217e-01,1.209700e-03,1.351082e-03
3.733372e-03,3.474699e-03,1.318541e-03,6.845961e-04,2.940090e-02,1.940787e-03,5.196164e-04,1.053867e-02,1.711810e-01,1.612775e-01,4.061451e-02,4.677215e-01,1.053253e-01,1.241081e-03,1.028024e-03
4.834968e-03,2.956520e-03,1.223698e-03,5.793334e-04,2.314438e-02,1.633114e-03,4.128535e-04,9.211806e-03,1.393321e-01,2.060685e-01,4.062703e-02,4.848648e-01,8.233000e-02,1.992908e-03,7.879814e-04
1.012262e-02,5.795898e-03,1.667669e-03,7.041563e-04,1.839529e-02,1.758014e-03,3.459338e-04,9.093222e-03,1.618516e-01,2.319006e-01,4.147242e-02,4.459202e-01,6.720035e-02,3.052386e-03,7.196491e-04
8.560084e-03,6.854448e-03,2.380687e-03,9.006073e-04,1.681016e-02,1.547046e-03,3.336371e-04,8.249796e-03,2.420199e-01,1.973252e-01,3.532676e-02,4.253905e-01,5.123485e-02,2.454184e-03,6.122040e-04
7.042178e-03,9.365680e-03,3.369008e-03,1.345620e-03,1.440640e-02,1.404718e-03,3.207078e-04,9.843647e-03,2.944456e-01,1.524166e-01,2.995750e-02,4.326897e-01,4.083784e-02,1.940219e-03,6.146634e-04
9.002558e-03,2.424257e-02,5.338232e-03,1.645765e-03,1.335379e-02,1.523973e-03,2.919696e-04,1.115258e-02,3.243308e-01,1.231135e-01,3.074466e-02,4.186370e-01,3.390175e-02,1.850984e-03,8.698965e-04
1.008349e-02,2.089124e-02,5.572964e-03,3.125431e-03,1.897072e-02,1.852264e-03,3.363103e-04,2.134113e-02,4.072715e-01,9.118932e-02,2.629210e-02,3.644429e-01,2.623067e-02,1.608118e-03,7.918065e-04
3.908404e-02,2.042340e-02,5.792665e-03,7.539323e-03,2.227429e-02,5.039214e-03,8.261477e-04,3.894701e-02,3.978387e-01,6.602957e-02,2.559855e-02,3.448732e-01,2.212641e-02,2.293709e-03,1.313680e-03
6.198192e-02,2.133955e-02,6.616881e-03,1.146561e-02,3.327899e-02,7.568439e-03,1.096911e-03,3.857293e-02,4.036278e-01,4.867180e-02,2.649434e-02,3.159248e-01,1.861348e-02,2.750726e-03,1.995861e-03
6.833836e-02,2.440209e-02,6.040243e-03,1.102404e-02,5.012365e-02,6.916915e-03,1.042560e-03,3.341555e-02,4.132691e-01,3.754742e-02,3.321650e-02,2.895621e-01,1.803944e-02,4.824977e-03,2.237135e-03
8.623189e-02,3.750899e-02,5.814189e-03,1.366592e-02,4.860735e-02,6.629951e-03,1.088259e-03,3.316833e-02,4.224985e-01,2.944432e-02,3.166849e-02,2.595583e-01,1.675304e-02,4.903059e-03,2.459386e-03
1.692467e-01,4.261563e-02,5.761947e-03,1.343327e-02,4.599192e-02,8.625363e-03,1.793662e-03,3.343733e-02,3.748544e-01,2.395884e-02,3.533401e-02,2.190822e-01,1.374385e-02,7.909294e-03,4.211468e-03
2.096295e-01,6.404960e-02,7.556541e-03,1.192575e-02,4.486155e-02,1.127341e-02,2.235083e-03,4.405854e-02,3.247196e-01,4.042195e-02,3.668341e-02,1.718495e-01,1.266626e-02,1.286155e-02,5.207757e-03
1.869175e-01,6.336858e-02,6.436803e-03,9.244720e-03,5.262065e-02,9.182977e-03,2.149011e-03,3.917122e-02,3.826799e-01,4.283388e-02,3.993943e-02,1.322180e-01,1.124402e-02,1.736857e-02,4.624551e-03
1.973184e-01,6.417342e-02,7.256726e-03,8.016876e-03,5.004421e-02,9.845410e-03,4.478608e-03,5.765000e-02,3.593379e-01,5.451670e-02,5.049161e-02,1.059873e-01,9.885624e-03,1.680421e-02,4.192822e-03
2.302926e-01,5.766423e-02,6.817084e-03,7.207142e-03,4.787629e-02,1.160635e-02,6.403821e-03,5.764764e-02,3.250612e-01,5.824388e-02,5.716475e-02,1.017099e-01,1.020272e-02,1.656595e-02,5.536408e-03
2.533548e-01,4.673364e-02,6.992834e-03,8.458078e-03,5.292667e-02,1.194797e-02,5.352410e-03,7.684323e-02,3.111600e-01,5.835825e-02,5.639511e-02,8.083971e-02,1.093061e-02,1.430280e-02,5.403933e-03
2.407471e-01,3.760425e-02,6.046199e-03,1.084500e-02,9.888314e-02,1.228000e-02,4.808089e-03,6.916264e-02,3.180201e-01,6.530721e-02,4.430956e-02,6.368431e-02,1.056967e-02,1.249193e-02,5.240765e-03
2.206761e-01,2.831781e-02,8.168969e-03,1.692093e-02,1.670880e-01,1.115274e-02,4.482469e-03,8.329669e-02,3.015732e-01,5.367951e-02,3.361532e-02,4.797949e-02,9.066848e-03,9.647695e-03,4.334321e-03
2.359784e-01,2.482077e-02,7.218281e-03,1.767075e-02,1.769072e-01,1.380565e-02,3.843791e-03,6.680082e-02,3.073592e-01,4.601083e-02,3.424561e-02,3.806337e-02,8.323669e-03,1.220128e-02,6.750316e-03
2.550040e-01,2.372436e-02,6.041672e-03,1.787183e-02,1.731277e-01,1.559380e-02,3.326760e-03,5.615099e-02,2.964803e-01,5.114043e-02,3.655215e-02,3.443591e-02,8.350257e-03,1.391256e-02,8.287212e-03
2.148657e-01,1.811686e-02,5.179580e-03,2.026127e-02,1.718358e-01,1.405917e-02,3.324431e-03,1.255438e-01,3.095058e-01,3.743607e-02,3.012052e-02,2.598193e-02,7.068804e-03,1.040538e-02,6.294862e-03
2.255956e-01,1.872268e-02,6.422323e-03,1.712901e-02,1.398055e-01,2.921368e-02,7.656951e-03,1.128841e-01,3.256735e-01,3.992442e-02,3.022822e-02,2.164426e-02,6.850370e-03,1.213224e-02,6.117193e-03
2.751923e-01,2.485368e-02,7.068585e-03,1.648626e-02,1.116267e-01,3.430536e-02,6.322297e-03,8.927359e-02,3.143226e-01,3.851937e-02,2.869303e-02,1.966378e-02,6.304193e-03,1.749347e-02,9.874902e-03
3.393452e-01,2.774072e-02,1.092650e-02,2.047849e-02,9.140370e-02,2.990464e-02,9.198729e-03,9.902129e-02,2.618794e-01,3.533570e-02,2.260416e-02,2.075331e-02,6.614858e-03,1.412273e-02,1.067055e-02
2.856250e-01,2.376632e-02,1.290339e-02,1.774811e-02,7.821199e-02,2.331036e-02,1.130234e-01,1.415090e-01,2.114451e-01,2.763737e-02,1.690312e-02,1.843820e-02,1.016503e-02,1.030408e-02,9.009592e-03
2.826051e-01,2.314628e-02,1.544525e-02,1.476483e-02,6.799570e-02,1.999159e-02,1.099316e-01,1.465215e-01,2.411791e-01,2.228482e-02,1.390741e-02,1.655470e-02,9.479589e-03,8.275758e-03,7.916814e-03
3.282627e-01,1.979337e-02,2.149816e-02,1.227826e-02,5.681030e-02,1.670202e-02,1.195941e-01,1.243279e-01,2.224808e-01,2.025680e-02,1.419721e-02,1.608113e-02,1.030079e-02,8.131879e-03,9.284691e-03
3.922185e-01,1.824415e-02,2.745949e-02,1.334744e-02,4.927811e-02,1.548418e-02,9.572295e-02,1.167596e-01,1.902270e-01,1.825827e-02,1.445696e-02,1.659846e-02,1.272098e-02,7.759114e-03,1.146479e-02
3.687348e-01,1.454015e-02,2.550010e-02,1.295997e-02,4.495863e-02,1.527051e-02,7.679933e-02,2.198700e-01,1.519419e-01,1.386948e-02,1.130928e-02,1.550440e-02,1.251997e-02,6.097426e-03,1.012397e-02
3.738317e-01,1.314335e-02,2.602344e-02,1.255459e-02,4.250797e-02,1.426695e-02,6.715028e-02,2.723301e-01,1.174861e-01,1.170244e-02,8.694290e-03,1.507713e-02,1.051843e-02,5.031879e-03,9.681287e-03
3.525014e-01,1.142043e-02,2.423823e-02,1.210550e-02,3.815737e-02,1.303644e-02,5.542507e-02,3.360243e-01,9.316844e-02,1.619018e-02,6.986243e-03,1.267022e-02,9.695156e-03,7.653665e-03,1.072743e-02
3.573056e-01,1.197747e-02,1.965898e-02,1.019668e-02,3.230911e-02,1.217093e-02,4.325063e-02,3.723245e-01,7.768707e-02,1.546869e-02,5.918771e-03,1.079357e-02,8.756777e-03,1.071798e-02,1.146339e-02
3.744197e-01,1.241249e-02,1.738445e-02,9.829850e-03,2.682788e-02,1.289550e-02,3.418300e-02,3.874320e-01,6.284060e-02,1.432346e-02,5.111620e-03,1.049168e-02,8.023053e-03,1.105049e-02,1.277424e-02
4.463583e-01,1.150407e-02,1.571963e-02,9.563784e-03,2.164339e-02,1.237496e-02,2.573519e-02,3.486177e-01,4.841475e-02,1.420736e-02,4.596911e-03,1.075829e-02,7.568145e-03,8.947450e-03,1.399013e-02
4.926754e-01,1.045685e-02,1.395894e-02,8.828976e-03,1.704915e-02,1.100466e-02,1.962380e-02,3.317578e-01,3.689037e-02,1.307547e-02,4.386881e-03,1.049165e-02,6.615855e-03,7.185153e-03,1.599912e-02
1.000000e+00,0.000000e+00,0.000000e+00,0.000000e+00,0.000000e+00,0.000000e+00,0.000000e+00,0.000000e+00,0.000000e+00,0.000000e+00,0.000000e+00,0.000000e+00,0.000000e+00,0.000000e+00,0.000000e+00
1.000000e+00,0.000000e+00,0.000000e+00,0.000000e+00,0.000000e+00,0.000000e+00,0.000000e+00,0.000000e+00,0.000000e+00,0.000000e+00,0.000000e+00,0.000000e+00,0.000000e+00,0.000000e+00,0.000000e+00
3.935772e-01,1.583394e-02,1.199059e-02,1.638746e-02,9.643426e-03,1.364056e-02,8.030101e-03,1.569379e-01,8.995153e-02,2.520118e-02,9.892305e-03,1.857078e-02,9.103644e-03,3.245175e-02,1.887877e-01
2.768602e-01,1.173414e-02,8.524994e-03,1.160660e-02,7.148235e-03,9.976951e-03,5.653927e-03,1.100279e-01,2.812715e-01,2.384957e-02,7.669997e-03,1.309477e-02,7.142866e-03,3.086786e-02,1.945705e-01
1.944556e-01,9.110486e-03,6.219337e-03,8.523858e-03,5.049117e-03,7.094860e-03,3.975717e-03,7.712726e-02,4.223003e-01,2.282360e-02,5.657865e-03,9.277762e-03,5.432255e-03,2.367283e-02,1.992791e-01
1.382413e-01,7.826905e-03,5.489382e-03,6.881359e-03,3.617588e-03,5.145242e-03,3.007834e-03,5.433197e-02,4.287700e-01,2.803758e-02,4.482395e-03,6.848768e-03,4.332313e-03,4.604326e-02,2.569441e-01
9.923542e-02,6.495405e-03,4.013104e-03,4.914104e-03,2.572915e-03,4.156923e-03,2.191629e-03,3.812439e-02,4.125342e-01,2.639011e-02,4.051892e-03,5.088300e-03,3.684824e-03,6.238832e-02,3.241585e-01
7.056598e-02,6.701335e-03,2.913265e-03,3.720059e-03,1.844567e-03,3.368385e-03,1.580836e-03,2.672384e-02,4.988853e-01,2.538462e-02,3.468247e-03,3.706389e-03,3.143362e-03,5.923162e-02,2.887623e-01
5.104844e-02,1.187724e-02,2.479210e-03,4.057155e-03,1.359678e-03,2.755689e-03,1.188173e-03,1.875978e-02,5.639097e-01,2.161846e-02,3.533026e-03,2.821349e-03,2.966872e-03,5.719344e-02,2.544318e-01
4.126777e-02,1.449791e-02,1.881857e-03,3.340582e-03,1.019418e-03,2.679093e-03,9.872172e-04,1.320265e-02,4.369120e-01,1.724950e-02,3.546205e-03,2.181913e-03,3.587896e-03,7.939635e-02,3.782497e-01
3.239106e-02,1.281438e-02,1.816608e-03,2.448437e-03,7.507079e-04,2.003462e-03,7.136227e-04,9.259396e-03,3.295312e-01,1.291895e-02,3.528898e-03,1.567651e-03,2.781597e-03,2.009245e-01,3.865496e-01
2.353709e-02,1.373740e-02,1.381517e-03,1.772991e-03,6.746497e-04,1.629767e-03,5.142621e-04,6.493430e-03,3.085787e-01,1.173684e-02,3.644303e-03,1.198511e-03,2.891157e-03,2.313266e-01,3.908828e-01
1.693751e-02,1.870177e-02,1.024334e-03,1.364537e-03,8.361825e-04,1.449123e-03,3.720309e-04,4.552396e-03,3.504745e-01,1.360080e-02,3.899890e-03,1.092604e-03,3.212087e-03,2.134005e-01,3.690818e-01
1.326206e-02,3.868321e-02,1.293847e-03,2.085630e-03,1.340998e-03,1.617792e-03,2.872620e-04,3.297739e-03,3.918825e-01,1.506665e-02,4.129090e-03,9.092938e-04,3.218704e-03,1.655236e-01,3.574016e-01
1.713522e-02,7.750461e-02,3.818904e-03,3.073725e-03,1.182421e-02,4.989390e-03,3.149348e-04,2.467830e-03,3.786164e-01,1.502843e-02,4.753484e-03,8.097246e-04,3.346920e-03,1.628416e-01,3.134747e-01
2.227775e-02,7.711482e-02,8.958288e-02,3.513548e-02,5.217393e-02,2.005103e-02,1.689145e-03,3.664632e-03,2.824111e-01,1.078738e-02,4.629256e-03,8.356490e-04,4.183329e-03,1.161190e-01,2.793446e-01
2.449411e-02,1.153459e-01,7.972877e-02,4.577905e-02,8.040087e-02,1.118960e-01,4.412850e-03,3.640530e-03,2.015106e-01,7.658596e-03,3.709602e-03,7.815850e-04,4.830366e-03,8.227087e-02,2.335403e-01
2.022135e-02,1.881962e-01,1.480535e-01,7.033083e-02,8.046392e-02,1.057576e-01,4.548884e-03,3.454237e-03,1.426419e-01,5.568955e-03,2.958577e-03,7.606072e-04,3.641389e-03,5.774591e-02,1.656561e-01
3.009088e-02,2.124470e-01,1.699618e-01,7.442318e-02,7.258883e-02,1.203919e-01,3.712604e-03,3.436861e-03,1.070593e-01,5.079208e-03,4.890766e-03,1.302220e-03,4.089138e-03,4.262070e-02,1.479055e-01
4.354333e-02,2.164039e-01,1.857583e-01,7.512925e-02,6.486136e-02,1.062658e-01,3.078240e-03,3.363677e-03,9.743851e-02,8.718775e-03,6.350302e-03,2.091048e-03,4.367061e-03,3.079206e-02,1.518384e-01
3.627013e-02,1.588333e-01,2.933552e-01,1.338848e-01,4.634876e-02,7.512157e-02,2.263191e-03,2.505657e-03,7.805894e-02,8.779277e-03,9.335537e-03,1.855183e-03,4.918373e-03,2.188379e-02,1.265864e-01
3.535077e-02,1.324823e-01,3.729405e-01,1.086238e-01,3.477195e-02,5.427224e-02,1.637484e-03,2.238610e-03,6.100516e-02,9.852444e-03,9.202338e-03,1.816367e-03,4.327420e-03,2.947197e-02,1.420066e-01
7.279322e-02,1.218816e-01,3.147147e-01,1.801790e-01,3.255447e-02,4.206719e-02,1.528231e-03,4.328542e-03,5.092384e-02,9.680515e-03,1.090654e-02,3.617809e-03,5.383383e-03,2.769237e-02,1.217486e-01
7.039966e-02,9.996857e-02,3.132384e-01,2.653129e-01,2.412423e-02,2.997128e-02,1.117519e-03,3.439147e-03,3.902945e-02,8.727771e-03,1.005709e-02,3.459570e-03,4.701030e-03,2.106074e-02,1.053926e-01
7.665625e-02,7.292414e-02,2.870339e-01,3.541602e-01,1.863407e-02,2.166112e-02,8.394759e-04,3.233335e-03,3.171862e-02,9.455620e-03,9.375406e-03,3.327198e-03,4.407678e-03,1.704619e-02,8.952692e-02
7.565309e-02,5.785400e-02,3.095016e-01,3.578520e-01,1.421040e-02,1.600198e-02,6.815129e-04,3.187850e-03,2.512296e-02,2.562454e-02,7.372367e-03,2.654532e-03,3.321292e-03,1.517977e-02,8.578213e-02
5.314246e-02,4.231234e-02,2.481044e-01,3.194628e-01,1.037456e-02,1.148215e-02,5.057934e-04,2.488857e-03,2.314432e-02,2.224477e-02,5.572463e-02,7.156495e-03,1.273942e-01,1.095850e-02,6.550370e-02
3.732889e-02,3.210997e-02,2.271167e-01,3.310655e-01,7.813875e-03,8.207707e-03,3.718650e-04,1.907307e-03,2.561926e-02,1.976804e-02,7.406001e-02,1.828032e-02,1.549797e-01,7.796384e-03,5.357458e-02
2.624645e-02,2.284654e-02,1.729597e-01,2.445666e-01,5.656745e-03,5.954120e-03,2.710161e-04,1.375975e-03,2.126197e-02,1.845210e-02,1.554334e-01,6.566665e-02,2.131838e-01,5.724932e-03,4.040002e-02
1.842809e-02,1.613143e-02,1.287247e-01,1.805475e-01,6.444030e-03,4.308690e-03,2.814283e-04,9.826617e-04,2.172632e-02,1.705541e-02,2.216167e-01,1.546259e-01,1.894006e-01,4.560981e-03,3.516557e-02
1.291236e-02,1.131650e-02,9.090554e-02,1.269668e-01,5.415388e-03,3.142616e-03,4.198088e-04,7.168127e-04,1.713967e-02,1.290071e-02,1.582835e-01,3.462380e-01,1.848170e-01,3.370414e-03,2.545483e-02
9.055730e-03,7.936055e-03,6.372007e-02,8.898876e-02,4.172698e-03,2.534912e-03,3.255907e-04,5.333503e-04,1.296454e-02,9.281559e-03,1.117036e-01,5.228882e-01,1.454642e-01,2.510859e-03,1.791986e-02
6.354049e-03,5.567125e-03,4.466177e-02,6.235002e-02,3.402259e-03,2.762957e-03,2.599263e-04,4.213752e-04,9.279363e-03,6.579230e-03,7.885759e-02,6.512411e-01,1.138377e-01,1.812720e-03,1.261295e-02
4.508156e-03,3.918697e-03,3.129807e-02,4.369469e-02,2.650937e-03,4.088309e-03,3.396660e-04,3.824105e-04,6.832335e-03,4.815527e-03,5.709234e-02,7.300648e-01,9.941785e-02,1.466985e-03,9.429268e-03
3.253712e-03,2.765191e-03,2.195276e-02,3.066673e-02,2.103350e-03,8.081703e-03,5.230299e-04,3.746819e-04,5.167967e-03,3.614041e-03,4.220392e-02,7.628534e-01,1.082612e-01,1.325274e-03,6.853077e-03
2.804216e-03,1.957667e-03,1.540050e-02,2.149572e-02,1.828350e-03,1.261397e-02,9.528589e-04,6.978060e-04,4.011983e-03,2.757530e-03,3.197430e-02,7.034933e-01,1.939807e-01,1.101828e-03,4.929298e-03
2.622092e-03,1.431589e-03,1.088439e-02,1.509838e-02,1.651150e-03,1.253666e-02,1.186749e-03,6.480910e-04,3.410077e-03,2.178475e-03,2.386371e-02,6.983041e-01,2.218442e-01,8.316917e-04,3.508675e-03
3.108287e-03,1.068336e-03,7.720322e-03,1.060475e-02,1.463628e-03,3.843981e-02,2.918960e-03,1.250594e-03,2.773250e-03,1.632399e-03,1.753465e-02,6.460210e-01,2.623446e-01,6.053408e-04,2.514108e-03
3.244860e-03,7.622194e-04,5.431289e-03,7.430651e-03,1.103149e-03,3.834686e-02,7.749028e-03,1.226029e-03,2.087425e-03,1.202764e-03,1.257796e-02,5.832576e-01,3.333632e-01,4.322992e-04,1.784759e-03
3.912157e-03,5.646371e-04,3.867260e-03,5.208323e-03,9.297717e-04,3.587149e-02,7.600556e-03,1.044288e-03,1.748004e-03,9.145320e-04,8.959719e-03,5.235633e-01,4.042458e-01,3.107049e-04,1.259504e-03
7.069110e-03,4.808065e-04,3.133273e-03,3.689773e-03,2.753006e-03,7.158038e-02,1.053157e-02,1.413414e-03,4.037798e-03,8.630849e-04,6.784989e-03,5.814873e-01,3.050073e-01,2.292031e-04,9.390305e-04
1.113657e-02,7.650320e-04,3.793975e-03,2.677184e-03,4.028787e-03,6.369515e-02,1.644962e-02,1.204990e-02,2.433530e-02,1.010287e-03,5.518295e-03,6.180784e-01,2.352010e-01,4.329493e-04,8.275628e-04
1.543702e-02,6.428431e-04,3.493194e-03,1.949214e-03,4.633329e-03,6.407528e-02,2.133561e-02,2.806635e-02,2.082484e-02,8.905441e-04,4.195758e-03,6.459106e-01,1.870954e-01,7.933840e-04,6.566012e-04
2.634972e-02,7.751234e-04,3.848438e-03,1.565658e-03,5.941377e-03,5.495011e-02,2.393635e-02,3.446703e-02,1.815741e-02,8.559298e-04,3.269555e-03,6.711206e-01,1.529828e-01,1.161999e-03,6.179333e-04
2.632981e-02,7.227978e-04,3.141375e-03,1.237683e-03,5.487042e-03,4.343576e-02,2.042351e-02,3.370095e-02,1.490777e-02,7.594714e-04,2.699027e-03,7.292888e-01,1.159815e-01,1.362853e-03,5.216663e-04
3.564416e-02,8.097746e-04,3.879191e-03,1.104767e-03,1.003641e-02,3.441960e-02,3.726861e-02,2.790427e-02,1.455640e-02,7.130982e-04,2.182263e-03,7.309186e-01,9.875835e-02,1.217257e-03,5.871697e-04
4.751434e-02,9.135642e-03,3.482724e-02,7.705301e-03,1.121940e-02,3.315173e-02,3.632923e-02,3.059221e-02,4.692989e-02,2.251784e-03,2.328794e-03,6.573763e-01,7.711645e-02,1.153171e-03,2.368414e-03
6.250051e-02,8.796427e-03,3.154842e-02,6.678975e-03,1.604247e-02,2.797317e-02,6.526966e-02,3.024347e-02,5.077628e-02,1.790310e-03,2.151963e-03,6.301857e-01,6.319769e-02,9.637871e-04,1.881138e-03
8.020204e-02,1.196338e-02,3.753662e-02,7.695477e-03,1.521203e-02,2.694937e-02,6.378899e-02,3.053591e-02,4.860707e-02,2.192111e-03,1.856473e-03,6.081889e-01,6.252693e-02,9.375308e-04,1.807219e-03
1.002175e-01,1.182458e-02,4.643184e-02,6.828783e-03,1.738932e-02,2.718384e-02,7.161646e-02,5.704132e-02,5.103216e-02,1.793634e-03,1.651334e-03,5.547038e-01,4.993971e-02,7.977064e-04,1.547978e-03
1.195637e-01,2.638589e-02,5.052004e-02,6.633259e-03,2.309142e-02,3.037018e-02,6.490456e-02,5.880015e-02,7.143603e-02,2.164041e-03,2.473550e-03,4.883304e-01,5.168182e-02,8.698982e-04,2.775099e-03
1.280327e-01,5.145993e-02,4.542253e-02,1.860340e-02,2.657062e-02,4.233962e-02,6.025916e-02,7.782905e-02,1.172016e-01,5.155833e-03,2.009223e-03,3.590104e-01,5.576335e-02,1.058432e-03,9.284171e-03
1.121658e-01,4.541896e-02,3.637742e-02,1.509916e-02,4.081148e-02,3.624505e-02,5.829003e-02,2.273796e-01,1.115339e-01,3.819226e-03,1.503214e-03,2.596801e-01,4.362043e-02,8.369850e-04,7.218696e-03
9.330797e-02,4.512461e-02,2.984970e-02,1.160278e-02,3.661437e-02,3.692672e-02,5.327602e-02,3.539501e-01,1.044790e-01,3.184620e-03,1.147115e-03,1.873950e-01,3.586105e-02,6.873012e-04,6.593662e-03
7.129481e-02,3.640685e-02,2.351132e-02,9.048746e-03,2.937658e-02,3.154078e-02,5.321254e-02,4.942713e-01,8.309358e-02,2.439760e-03,8.355961e-04,1.330018e-01,2.608525e-02,5.017568e-04,5.379349e-03
5.462517e-02,2.741221e-02,1.939984e-02,6.911887e-03,2.236901e-02,2.409717e-02,4.072513e-02,6.202686e-01,6.256312e-02,1.915150e-03,6.958417e-04,9.349631e-02,2.032494e-02,3.850158e-04,4.810535e-03
4.071304e-02,1.964167e-02,1.815622e-02,1.105605e-02,1.756280e-02,2.204406e-02,3.140849e-02,6.381863e-01,4.526895e-02,2.435594e-03,1.017970e-02,9.636361e-02,4.246484e-02,4.521280e-04,4.066586e-03
2.934310e-02,1.457003e-02,1.440437e-02,1.120520e-02,1.318313e-02,2.205819e-02,2.242796e-02,4.707456e-01,3.539469e-02,2.488959e-03,1.682048e-02,1.804294e-01,1.626079e-01,4.281999e-04,3.892775e-03
2.081979e-02,1.038907e-02,1.060684e-02,1.426193e-02,9.354321e-03,2.586901e-02,1.606636e-02,3.342774e-01,2.732910e-02,3.244512e-03,1.846382e-02,1.755557e-01,3.277342e-01,4.105406e-04,5.617461e-03
1.480555e-02,7.392968e-03,8.124552e-03,1.378188e-02,6.855703e-03,2.716436e-02,1.187910e-02,2.351621e-01,2.142424e-02,4.433236e-03,1.727418e-02,1.375897e-01,4.826787e-01,6.296646e-04,1.080412e-02
1.056079e-02,5.238225e-03,6.018080e-03,1.026119e-02,5.372538e-03,2.150946e-02,8.455877e-03,1.651041e-01,1.575591e-02,3.763375e-03,1.552977e-02,9.998959e-02,6.233369e-01,4.825783e-04,8.621606e-03
7.686995e-03,3.817064e-03,4.856421e-03,7.679622e-03,4.917037e-03,1.665157e-02,7.106564e-03,1.163695e-01,1.359879e-02,5.454150e-03,1.606703e-02,9.290396e-02,6.915284e-01,1.016756e-03,1.034610e-02
7.223354e-03,3.390253e-03,4.745572e-03,7.594932e-03,5.117828e-03,1.710264e-02,6.728547e-03,8.209042e-02,2.739964e-02,3.090632e-02,2.692088e-02,1.794182e-01,5.863823e-01,4.248181e-03,1.073093e-02
7.469894e-03,3.380109e-02,1.114734e-02,9.992857e-03,1.797161e-02,1.258043e-02,5.284884e-03,5.898688e-02,1.245344e-01,5.473842e-02,3.204919e-02,1.341646e-01,4.837611e-01,3.367988e-03,1.014934e-02
1.384066e-02,3.524733e-02,1.157716e-02,1.021174e-02,1.667013e-02,1.052000e-02,3.924155e-03,4.234208e-02,2.160231e-01,1.132724e-01,3.870185e-02,9.936885e-02,3.655520e-01,3.910358e-03,1.883822e-02
