1.000000e+00,0.000000e+00,0.000000e+00,0.000000e+00,0.000000e+00,0.000000e+00,0.000000e+00,0.000000e+00,0.000000e+00,0.000000e+00,0.000000e+00,0.000000e+00,0.000000e+00,0.000000e+00,0.000000e+00
1.000000e+00,0.000000e+00,0.000000e+00,0.000000e+00,0.000000e+00,0.000000e+00,0.000000e+00,0.000000e+00,0.000000e+00,0.000000e+00,0.000000e+00,0.000000e+00,0.000000e+00,0.000000e+00,0.000000e+00
1.000000e+00,0.000000e+00,0.000000e+00,0.000000e+00,0.000000e+00,0.000000e+00,0.000000e+00,0.000000e+00,0.000000e+00,0.000000e+00,0.000000e+00,0.000000e+00,0.000000e+00,0.000000e+00,0.000000e+00
1.000000e+00,0.000000e+00,0.000000e+00,0.000000e+00,0.000000e+00,0.000000e+00,0.000000e+00,0.000000e+00,0.000000e+00,0.000000e+00,0.000000e+00,0.000000e+00,0.000000e+00,0.000000e+00,0.000000e+00
1.000000e+00,0.000000e+00,0.000000e+00,0.000000e+00,0.000000e+00,0.000000e+00,0.000000e+00,0.000000e+00,0.000000e+00,0.000000e+00,0.000000e+00,0.000000e+00,0.000000e+00,0.000000e+00,0.000000e+00
1.000000e+00,0.000000e+00,0.000000e+00,0.000000e+00,0.000000e+00,0.000000e+00,0.000000e+00,0.000000e+00,0.000000e+00,0.000000e+00,0.000000e+00,0.000000e+00,0.000000e+00,0.000000e+00,0.000000e+00
1.000000e+00,0.000000e+00,0.000000e+00,0.000000e+00,0.000000e+00,0.000000e+00,0.000000e+00,0.000000e+00,0.000000e+00,0.000000e+00,0.000000e+00,0.000000e+00,0.000000e+00,0.000000e+00,0.000000e+00
1.000000e+00,0.000000e+00,0.000000e+00,0.000000e+00,0.000000e+00,0.000000e+00,0.000000e+00,0.000000e+00,0.000000e+00,0.000000e+00,0.000000e+00,0.000000e+00,0.000000e+00,0.000000e+00,0.000000e+00
1.000000e+00,0.000000e+00,0.000000e+00,0.000000e+00,0.000000e+00,0.000000e+00,0.000000e+00,0.000000e+00,0.000000e+00,0.000000e+00,0.000000e+00,0.000000e+00,0.000000e+00,0.000000e+00,0.000000e+00
1.000000e+00,0.000000e+00,0.000000e+00,0.000000e+00,0.000000e+00,0.000000e+00,0.000000e+00,0.000000e+00,0.000000e+00,0.000000e+00,0.000000e+00,0.000000e+00,0.000000e+00,0.000000e+00,0.000000e+00
1.000000e+00,0.000000e+00,0.000000e+00,0.000000e+00,0.000000e+00,0.000000e+00,0.000000e+00,0.000000e+00,0.000000e+00,0.000000e+00,0.000000e+00,0.000000e+00,0.000000e+00,0.000000e+00,0.000000e+00
1.000000e+00,0.000000e+00,0.000000e+00,0.000000e+00,0.000000e+00,0.000000e+00,0.000000e+00,0.000000e+00,0.000000e+00,0.000000e+00,0.000000e+00,0.000000e+00,0.000000e+00,0.000000e+00,0.000000e+00
1.000000e+00,0.000000e+00,0.000000e+00,0.000000e+00,0.000000e+00,0.000000e+00,0.000000e+00,0.000000e+00,0.000000e+00,0.000000e+00,0.000000e+00,0.000000e+00,0.000000e+00,0.000000e+00,0.000000e+00
1.000000e+00,0.000000e+00,0.000000e+00,0.000000e+00,0.000000e+00,0.000000e+00,0.000000e+00,0.000000e+00,0.000000e+00,0.000000e+00,0.000000e+00,0.000000e+00,0.000000e+00,0.000000e+00,0.000000e+00
1.000000e+00,0.000000e+00,0.000000e+00,0.000000e+00,0.000000e+00,0.000000e+00,0.000000e+00,0.000000e+00,0.000000e+00,0.000000e+00,0.000000e+00,0.000000e+00,0.000000e+00,0.000000e+00,0.000000e+00
1.000000e+00,0.000000e+00,0.000000e+00,0.000000e+00,0.000000e+00,0.000000e+00,0.000000e+00,0.000000e+00,0.000000e+00,0.000000e+00,0.000000e+00,0.000000e+00,0.000000e+00,0.000000e+00,0.000000e+00
1.000000e+00,0.000000e+00,0.000000e+00,0.000000e+00,0.000000e+00,0.000000e+00,0.000000e+00,0.000000e+00,0.000000e+00,0.000000e+00,0.000000e+00,0.000000e+00,0.000000e+00,0.000000e+00,0.000000e+00
1.000000e+00,0.000000e+00,0.000000e+00,0.000000e+00,0.000000e+00,0.000000e+00,0.000000e+00,0.000000e+00,0.000000e+00,0.000000e+00,0.000000e+00,0.000000e+00,0.000000e+00,0.000000e+00,0.000000e+00
1.000000e+00,0.000000e+00,0.000000e+00,0.000000e+00,0.000000e+00,0.000000e+00,0.000000e+00,0.000000e+00,0.000000e+00,0.000000e+00,0.000000e+00,0.000000e+00,0.000000e+00,0.000000e+00,0.000000e+00
1.000000e+00,0.000000e+00,0.000000e+00,0.000000e+00,0.000000e+00,0.000000e+00,0.000000e+00,0.000000e+00,0.000000e+00,0.000000e+00,0.000000e+00,0.000000e+00,0.000000e+00,0.000000e+00,0.000000e+00
1.000000e+00,0.000000e+00,0.000000e+00,0.000000e+00,0.000000e+00,0.000000e+00,0.000000e+00,0.000000e+00,0.000000e+00,0.000000e+00,0.000000e+00,0.000000e+00,0.000000e+00,0.000000e+00,0.000000e+00
1.000000e+00,0.000000e+00,0.000000e+00,0.000000e+00,0.000000e+00,0.000000e+00,0.000000e+00,0.000000e+00,0.000000e+00,0.000000e+00,0.000000e+00,0.000000e+00,0.000000e+00,0.000000e+00,0.000000e+00
1.000000e+00,0.000000e+00,0.000000e+00,0.000000e+00,0.000000e+00,0.000000e+00,0.000000e+00,0.000000e+00,0.000000e+00,0.000000e+00,0.000000e+00,0.000000e+00,0.000000e+00,0.000000e+00,0.000000e+00
1.000000e+00,0.000000e+00,0.000000e+00,0.000000e+00,0.000000e+00,0.000000e+00,0.000000e+00,0.000000e+00,0.000000e+00,0.000000e+00,0.000000e+00,0.000000e+00,0.000000e+00,0.000000e+00,0.000000e+00
1.000000e+00,0.000000e+00,0.000000e+00,0.000000e+00,0.000000e+00,0.000000e+00,0.000000e+00,0.000000e+00,0.000000e+00,0.000000e+00,0.000000e+00,0.000000e+00,0.000000e+00,0.000000e+00,0.000000e+00
1.000000e+00,0.000000e+00,0.000000e+00,0.000000e+00,0.000000e+00,0.000000e+00,0.000000e+00,0.000000e+00,0.000000e+00,0.000000e+00,0.000000e+00,0.000000e+00,0.000000e+00,0.000000e+00,0.000000e+00
1.000000e+00,0.000000e+00,0.000000e+00,0.000000e+00,0.000000e+00,0.000000e+00,0.000000e+00,0.000000e+00,0.000000e+00,0.000000e+00,0.000000e+00,0.000000e+00,0.000000e+00,0.000000e+00,0.000000e+00
1.000000e+00,0.000000e+00,0.000000e+00,0.000000e+00,0.000000e+00,0.000000e+00,0.000000e+00,0.000000e+00,0.000000e+00,0.000000e+00,0.000000e+00,0.000000e+00,0.000000e+00,0.000000e+00,0.000000e+00
1.000000e+00,0.000000e+00,0.000000e+00,0.000000e+00,0.000000e+00,0.000000e+00,0.000000e+00,0.000000e+00,0.000000e+00,0.000000e+00,0.000000e+00,0.000000e+00,0.000000e+00,0.000000e+00,0.000000e+00
1.000000e+00,0.000000e+00,0.000000e+00,0.000000e+00,0.000000e+00,0.000000e+00,0.000000e+00,0.000000e+00,0.000000e+00,0.000000e+00,0.000000e+00,0.000000e+00,0.000000e+00,0.000000e+00,0.000000e+00
1.000000e+00,0.000000e+00,0.000000e+00,0.000000e+00,0.000000e+00,0.000000e+00,0.000000e+00,0.000000e+00,0.000000e+00,0.000000e+00,0.000000e+00,0.000000e+00,0.000000e+00,0.000000e+00,0.000000e+00
1.000000e+00,0.000000e+00,0.000000e+00,0.000000e+00,0.000000e+00,0.000000e+00,0.000000e+00,0.000000e+00,0.000000e+00,0.000000e+00,0.000000e+00,0.000000e+00,0.000000e+00,0.000000e+00,0.000000e+00
1.000000e+00,0.000000e+00,0.000000e+00,0.000000e+00,0.000000e+00,0.000000e+00,0.000000e+00,0.000000e+00,0.000000e+00,0.000000e+00,0.000000e+00,0.000000e+00,0.000000e+00,0.000000e+00,0.000000e+00
1.000000e+00,0.000000e+00,0.000000e+00,0.000000e+00,0.000000e+00,0.000000e+00,0.000000e+00,0.000000e+00,0.000000e+00,0.000000e+00,0.000000e+00,0.000000e+00,0.000000e+00,0.000000e+00,0.000000e+00
1.000000e+00,0.000000e+00,0.000000e+00,0.000000e+00,0.000000e+00,0.000000e+00,0.000000e+00,0.000000e+00,0.000000e+00,0.000000e+00,0.000000e+00,0.000000e+00,0.000000e+00,0.000000e+00,0.000000e+00
1.000000e+00,0.000000e+00,0.000000e+00,0.000000e+00,0.000000e+00,0.000000e+00,0.000000e+00,0.000000e+00,0.000000e+00,0.000000e+00,0.000000e+00,0.000000e+00,0.000000e+00,0.000000e+00,0.000000e+00
1.000000e+00,0.000000e+00,0.000000e+00,0.000000e+00,0.000000e+00,0.000000e+00,0.000000e+00,0.000000e+00,0.000000e+00,0.000000e+00,0.000000e+00,0.000000e+00,0.000000e+00,0.000000e+00,0.000000e+00
1.000000e+00,0.000000e+00,0.000000e+00,0.000000e+00,0.000000e+00,0.000000e+00,0.000000e+00,0.000000e+00,0.000000e+00,0.000000e+00,0.000000e+00,0.000000e+00,0.000000e+00,0.000000e+00,0.000000e+00
1.000000e+00,0.000000e+00,0.000000e+00,0.000000e+00,0.000000e+00,0.000000e+00,0.000000e+00,0.000000e+00,0.000000e+00,0.000000e+00,0.000000e+00,0.000000e+00,0.000000e+00,0.000000e+00,0.000000e+00
1.000000e+00,0.000000e+00,0.000000e+00,0.000000e+00,0.000000e+00,0.000000e+00,0.000000e+00,0.000000e+00,0.000000e+00,0.000000e+00,0.000000e+00,0.000000e+00,0.000000e+00,0.000000e+00,0.000000e+00
1.000000e+00,0.000000e+00,0.000000e+00,0.000000e+00,0.000000e+00,0.000000e+00,0.000000e+00,0.000000e+00,0.000000e+00,0.000000e+00,0.000000e+00,0.000000e+00,0.000000e+00,0.000000e+00,0.000000e+00
1.000000e+00,0.000000e+00,0.000000e+00,0.000000e+00,0.000000e+00,0.000000e+00,0.000000e+00,0.000000e+00,0.000000e+00,0.000000e+00,0.000000e+00,0.000000e+00,0.000000e+00,0.000000e+00,0.000000e+00
1.000000e+00,0.000000e+00,0.000000e+00,0.000000e+00,0.000000e+00,0.000000e+00,0.000000e+00,0.000000e+00,0.000000e+00,0.000000e+00,0.000000e+00,0.000000e+00,0.000000e+00,0.000000e+00,0.000000e+00
1.000000e+00,0.000000e+00,0.000000e+00,0.000000e+00,0.000000e+00,0.000000e+00,0.000000e+00,0.000000e+00,0.000000e+00,0.000000e+00,0.000000e+00,0.000000e+00,0.000000e+00,0.000000e+00,0.000000e+00
1.000000e+00,0.000000e+00,0.000000e+00,0.000000e+00,0.000000e+00,0.000000e+00,0.000000e+00,0.000000e+00,0.000000e+00,0.000000e+00,0.000000e+00,0.000000e+00,0.000000e+00,0.000000e+00,0.000000e+00
1.000000e+00,0.000000e+00,0.000000e+00,0.000000e+00,0.000000e+00,0.000000e+00,0.000000e+00,0.000000e+00,0.000000e+00,0.000000e+00,0.000000e+00,0.000000e+00,0.000000e+00,0.000000e+00,0.000000e+00
1.000000e+00,0.000000e+00,0.000000e+00,0.000000e+00,0.000000e+00,0.000000e+00,0.000000e+00,0.000000e+00,0.000000e+00,0.000000e+00,0.000000e+00,0.000000e+00,0.000000e+00,0.000000e+00,0.000000e+00
1.000000e+00,0.000000e+00,0.000000e+00,0.000000e+00,0.000000e+00,0.000000e+00,0.000000e+00,0.000000e+00,0.000000e+00,0.000000e+00,0.000000e+00,0.000000e+00,0.000000e+00,0.000000e+00,0.000000e+00
1.000000e+00,0.000000e+00,0.000000e+00,0.000000e+00,0.000000e+00,0.000000e+00,0.000000e+00,0.000000e+00,0.000000e+00,0.000000e+00,0.000000e+00,0.000000e+00,0.000000e+00,0.000000e+00,0.000000e+00
1.000000e+00,0.000000e+00,0.000000e+00,0.000000e+00,0.000000e+00,0.000000e+00,0.000000e+00,0.000000e+00,0.000000e+00,0.000000e+00,0.000000e+00,0.000000e+00,0.000000e+00,0.000000e+00,0.000000e+00
1.000000e+00,0.000000e+00,0.000000e+00,0.000000e+00,0.000000e+00,0.000000e+00,0.000000e+00,0.000000e+00,0.000000e+00,0.000000e+00,0.000000e+00,0.000000e+00,0.000000e+00,0.000000e+00,0.000000e+00
1.000000e+00,0.000000e+00,0.000000e+00,0.000000e+00,0.000000e+00,0.000000e+00,0.000000e+00,0.000000e+00,0.000000e+00,0.000000e+00,0.000000e+00,0.000000e+00,0.000000e+00,0.000000e+00,0.000000e+00
1.000000e+00,0.000000e+00,0.000000e+00,0.000000e+00,0.000000e+00,0.000000e+00,0.000000e+00,0.000000e+00,0.000000e+00,0.000000e+00,0.000000e+00,0.000000e+00,0.000000e+00,0.000000e+00,0.000000e+00
1.000000e+00,0.000000e+00,0.000000e+00,0.000000e+00,0.000000e+00,0.000000e+00,0.000000e+00,0.000000e+00,0.000000e+00,0.000000e+00,0.000000e+00,0.000000e+00,0.000000e+00,0.000000e+00,0.000000e+00
1.000000e+00,0.000000e+00,0.000000e+00,0.000000e+00,0.000000e+00,0.000000e+00,0.000000e+00,0.000000e+00,0.000000e+00,0.000000e+00,0.000000e+00,0.000000e+00,0.000000e+00,0.000000e+00,0.000000e+00
1.000000e+00,0.000000e+00,0.000000e+00,0.000000e+00,0.000000e+00,0.000000e+00,0.000000e+00,0.000000e+00,0.000000e+00,0.000000e+00,0.000000e+00,0.000000e+00,0.000000e+00,0.000000e+00,0.000000e+00
1.000000e+00,0.000000e+00,0.000000e+00,0.000000e+00,0.000000e+00,0.000000e+00,0.000000e+00,0.000000e+00,0.000000e+00,0.000000e+00,0.000000e+00,0.000000e+00,0.000000e+00,0.000000e+00,0.000000e+00
1.000000e+00,0.000000e+00,0.000000e+00,0.000000e+00,0.000000e+00,0.000000e+00,0.000000e+00,0.000000e+00,0.000000e+00,0.000000e+00,0.000000e+00,0.000000e+00,0.000000e+00,0.000000e+00,0.000000e+00
1.000000e+00,0.000000e+00,0.000000e+00,0.000000e+00,0.000000e+00,0.000000e+00,0.000000e+00,0.000000e+00,0.000000e+00,0.000000e+00,0.000000e+00,0.000000e+00,0.000000e+00,0.000000e+00,0.000000e+00
1.000000e+00,0.000000e+00,0.000000e+00,0.000000e+00,0.000000e+00,0.000000e+00,0.000000e+00,0.000000e+00,0.000000e+00,0.000000e+00,0.000000e+00,0.000000e+00,0.000000e+00,0.000000e+00,0.000000e+00
1.000000e+00,0.000000e+00,0.000000e+00,0.000000e+00,0.000000e+00,0.000000e+00,0.000000e+00,0.000000e+00,0.000000e+00,0.000000e+00,0.000000e+00,0.000000e+00,0.000000e+00,0.000000e+00,0.000000e+00
4.654736e-01,1.009919e-02,3.858931e-02,1.747096e-02,5.200852e-03,3.156072e-02,3.538701e-01,3.232604e-02,2.493907e-03,7.864571e-04,4.708061e-03,1.693025e-02,1.279225e-02,9.708724e-04,6.727441e-03
3.289314e-01,7.515066e-03,2.980494e-02,1.249243e-02,3.846379e-03,2.561822e-02,5.320889e-01,2.605039e-02,1.795922e-03,6.074880e-04,3.417534e-03,1.249145e-02,9.633433e-03,7.038384e-04,5.002599e-03
2.465747e-01,5.613486e-03,2.269885e-02,9.072809e-03,3.006044e-03,2.162344e-02,6.404860e-01,2.521544e-02,1.339499e-03,4.547842e-04,2.486681e-03,9.629222e-03,7.372761e-03,5.274191e-04,3.898780e-03
1.822285e-01,4.013055e-03,1.631725e-02,6.415748e-03,2.218215e-03,1.668969e-02,7.314727e-01,2.204764e-02,9.684536e-04,3.219584e-04,1.775158e-03,6.878250e-03,5.438551e-03,3.834041e-04,2.831313e-03
1.303279e-01,2.882591e-03,1.165186e-02,4.569283e-03,1.626185e-03,1.352736e-02,8.015236e-01,2.013582e-02,7.342756e-04,2.287485e-04,1.285094e-03,4.914195e-03,4.241236e-03,2.837680e-04,2.068056e-03
9.286964e-02,2.052969e-03,8.279121e-03,3.258469e-03,1.173655e-03,1.105840e-02,8.530887e-01,1.795563e-02,5.408276e-04,1.625639e-04,9.153945e-04,3.531476e-03,3.394589e-03,2.060060e-04,1.512476e-03
6.815475e-02,1.480885e-03,5.902556e-03,2.414647e-03,8.598206e-04,1.041453e-02,8.859615e-01,1.663622e-02,4.089183e-04,1.165310e-04,6.535979e-04,2.681686e-03,2.957221e-03,1.505607e-04,1.206489e-03
5.342159e-02,1.090328e-03,4.295233e-03,1.864073e-03,6.830939e-04,9.361729e-03,9.057602e-01,1.643416e-02,3.474590e-04,8.766680e-05,4.833111e-04,2.174153e-03,2.810527e-03,1.205023e-04,1.065933e-03
5.627297e-02,9.204402e-04,3.613000e-03,1.744042e-03,7.670860e-04,9.676252e-03,9.007296e-01,1.860196e-02,3.809326e-04,8.524644e-05,4.181860e-04,2.246489e-03,3.081575e-03,1.166087e-04,1.345593e-03
1.002187e-01,1.084669e-03,4.077638e-03,2.597899e-03,1.347802e-03,1.661825e-02,8.297723e-01,3.022259e-02,5.833751e-04,1.575369e-04,5.220057e-04,3.796709e-03,5.608025e-03,1.880789e-04,3.204413e-03
9.434528e-02,1.085339e-03,4.388621e-03,2.970440e-03,2.125059e-03,2.338367e-02,8.086244e-01,4.588750e-02,5.806131e-04,1.986702e-04,6.333726e-04,5.637681e-03,5.824693e-03,2.101702e-04,4.104466e-03
7.143489e-02,1.447350e-03,5.218267e-03,3.183200e-03,5.016394e-03,2.305957e-02,7.812521e-01,6.790498e-02,7.408264e-04,1.153461e-03,4.960573e-03,9.659529e-03,1.276906e-02,1.652153e-03,1.054764e-02
5.055073e-02,1.527160e-03,4.854570e-03,3.086704e-03,5.135203e-03,1.752680e-02,7.016522e-01,7.017194e-02,1.093143e-03,5.166410e-03,1.334853e-02,1.055406e-02,5.636356e-02,4.129256e-03,5.483974e-02
3.553455e-02,1.129277e-03,3.470095e-03,2.254842e-03,3.762436e-03,1.301278e-02,5.310633e-01,5.523004e-02,9.019607e-04,1.303263e-02,1.160832e-02,1.322829e-02,8.822401e-02,4.799915e-03,2.227476e-01
2.502806e-02,8.054974e-04,2.443115e-03,1.906886e-03,2.875482e-03,1.076736e-02,4.033681e-01,3.895083e-02,7.168471e-04,1.274289e-02,1.043343e-02,2.832860e-02,1.545935e-01,8.455098e-03,2.985843e-01
1.759378e-02,5.881945e-04,1.759287e-03,2.227336e-03,2.810121e-03,8.962932e-03,2.884308e-01,2.743115e-02,7.418118e-04,1.500881e-02,1.195713e-02,3.994325e-02,2.648463e-01,8.546967e-03,3.091522e-01
1.236610e-02,4.272373e-04,1.459046e-03,2.004601e-03,4.403474e-03,9.276411e-03,2.031803e-01,1.923652e-02,1.091327e-03,3.712329e-02,1.319967e-02,9.161540e-02,3.014289e-01,7.638230e-03,2.955495e-01
8.706303e-03,3.284906e-04,1.245216e-03,2.272011e-03,4.859396e-03,9.300640e-03,1.428546e-01,1.349331e-02,1.546290e-03,5.101679e-02,1.210753e-02,2.703186e-01,2.452516e-01,7.632781e-03,2.290665e-01
6.411068e-03,1.359779e-03,1.796028e-03,3.200792e-03,5.424924e-03,1.590214e-02,1.001355e-01,9.602752e-03,1.867476e-02,5.648737e-02,1.202653e-02,3.362408e-01,2.133240e-01,7.327004e-03,2.120865e-01
4.955427e-03,6.609904e-03,5.303346e-03,2.478536e-03,8.622691e-03,1.248922e-02,7.049695e-02,6.974423e-03,4.729226e-02,5.039738e-02,9.622656e-03,2.685222e-01,1.840347e-01,5.919966e-03,3.162803e-01
3.997778e-03,1.060772e-02,6.439897e-03,2.095701e-03,1.366334e-02,1.241868e-02,4.977837e-02,5.491424e-03,6.699551e-02,5.306423e-02,8.509790e-03,2.341936e-01,1.528946e-01,4.748121e-03,3.751012e-01
3.473606e-03,3.463871e-02,1.800594e-02,2.620036e-03,1.770158e-02,1.562634e-02,3.653777e-02,9.626473e-03,7.934557e-02,5.036999e-02,7.933386e-03,2.170790e-01,1.265223e-01,4.472660e-03,3.760466e-01
2.953255e-03,3.951124e-02,1.959889e-02,2.526738e-03,1.809582e-02,2.140779e-02,3.227637e-02,2.086239e-02,1.048725e-01,5.429420e-02,7.991407e-03,2.374241e-01,1.005566e-01,4.897278e-03,3.327314e-01
2.690559e-03,3.766536e-02,1.897191e-02,1.477327e-02,1.648742e-02,1.912613e-02,2.847992e-02,4.253823e-02,1.185037e-01,4.531468e-02,1.296589e-02,1.768310e-01,9.013732e-02,5.129526e-03,3.703851e-01
2.590521e-03,3.372158e-02,1.560225e-02,1.486907e-02,1.655336e-02,2.745777e-02,2.355781e-02,5.368455e-02,2.306307e-01,3.400157e-02,1.737207e-02,1.290796e-01,8.040696e-02,4.528333e-03,3.159439e-01
2.241703e-03,3.286580e-02,1.316581e-02,3.244719e-02,2.450873e-02,3.983272e-02,2.019949e-02,4.476755e-02,3.559325e-01,2.667883e-02,1.538214e-02,9.243061e-02,6.567638e-02,3.302906e-03,2.305677e-01
2.673282e-03,3.120475e-02,1.012726e-02,3.264128e-02,2.967696e-02,6.996255e-02,2.070917e-02,3.877900e-02,4.498351e-01,1.991974e-02,1.256841e-02,6.573153e-02,5.141018e-02,2.349633e-03,1.624112e-01
3.514016e-03,3.519261e-02,7.885071e-03,4.417806e-02,3.462858e-02,1.055692e-01,1.714378e-02,3.183922e-02,4.768994e-01,1.687000e-02,1.083394e-02,4.671670e-02,4.484090e-02,1.709524e-03,1.221789e-01
5.807359e-03,3.824783e-02,6.612645e-03,4.166295e-02,6.213385e-02,1.571175e-01,1.812028e-02,3.119399e-02,4.601588e-01,1.303403e-02,9.203800e-03,3.374964e-02,3.361291e-02,1.285453e-03,8.805898e-02
6.074206e-03,3.788172e-02,4.958784e-03,3.215381e-02,6.034513e-02,1.619462e-01,1.483275e-02,2.275966e-02,5.177830e-01,1.008319e-02,1.009755e-02,2.510914e-02,2.596570e-02,9.899553e-04,6.901924e-02
2.187286e-02,3.581303e-02,3.828930e-03,2.931617e-02,8.257940e-02,1.844894e-01,1.346890e-02,2.069071e-02,4.919414e-01,8.201406e-03,9.218387e-03,1.883294e-02,2.037756e-02,9.658384e-04,5.840311e-02
2.021270e-02,5.392476e-02,4.527690e-03,1.777484e-01,6.427388e-02,1.396445e-01,9.797701e-03,2.373639e-02,4.024488e-01,8.118812e-03,9.891706e-03,1.408892e-02,1.589463e-02,8.376274e-04,5.485354e-02
3.684457e-02,6.126970e-02,7.176727e-03,1.591917e-01,6.318487e-02,1.183590e-01,8.657306e-03,4.616272e-02,3.935206e-01,9.902319e-03,8.807892e-03,1.057955e-02,1.378263e-02,1.227968e-03,6.133259e-02
6.079304e-02,5.796540e-02,1.796920e-02,1.869407e-01,6.399639e-02,8.809302e-02,7.030381e-03,4.088229e-02,3.314471e-01,2.219706e-02,9.674776e-03,1.118796e-02,1.279087e-02,2.342096e-03,8.668976e-02
1.006730e-01,5.438923e-02,1.928217e-02,1.581819e-01,6.246561e-02,6.784881e-02,6.962712e-03,4.654691e-02,3.502995e-01,2.108469e-02,1.095547e-02,1.223983e-02,1.204774e-02,3.407104e-03,7.361530e-02
1.447473e-01,5.181194e-02,1.783352e-02,1.337781e-01,7.423580e-02,5.663119e-02,9.521704e-03,5.160494e-02,3.352141e-01,1.672161e-02,1.304203e-02,1.301030e-02,1.483847e-02,3.811674e-03,6.319727e-02
1.447942e-01,4.935440e-02,2.388983e-02,9.804345e-02,8.669012e-02,4.800706e-02,6.491533e-02,7.521756e-02,2.960994e-01,1.336554e-02,1.402837e-02,1.025877e-02,1.812560e-02,3.833025e-03,5.337730e-02
1.555192e-01,4.178968e-02,2.383893e-02,7.213228e-02,9.127143e-02,4.619241e-02,1.052759e-01,1.053412e-01,2.498761e-01,1.324031e-02,1.209343e-02,8.534819e-03,2.098236e-02,4.372397e-03,4.953948e-02
1.115235e-01,5.989124e-02,3.803542e-02,1.512417e-01,8.027141e-02,3.775328e-02,8.069321e-02,7.579694e-02,2.045170e-01,2.158038e-02,2.399451e-02,1.685959e-02,3.300581e-02,3.921481e-03,6.091446e-02
7.903995e-02,4.416868e-02,2.869488e-02,1.308099e-01,5.752384e-02,2.757691e-02,5.710593e-02,5.356980e-02,1.494339e-01,1.574382e-02,2.928707e-02,2.262916e-02,2.550456e-01,3.631363e-03,4.573920e-02
5.576542e-02,3.245884e-02,2.133036e-02,1.004783e-01,4.086848e-02,2.003379e-02,4.038019e-02,3.769496e-02,1.099420e-01,1.180974e-02,2.426693e-02,2.351193e-02,4.366527e-01,5.227501e-03,3.957875e-02
3.923329e-02,2.283134e-02,1.511382e-02,7.124761e-02,2.907136e-02,1.460464e-02,2.834850e-02,2.648549e-02,7.967137e-02,8.482393e-03,1.853224e-02,2.842052e-02,5.800381e-01,9.075632e-03,2.884373e-02
2.759748e-02,1.620158e-02,1.070124e-02,5.026635e-02,2.324112e-02,1.049070e-02,1.997960e-02,1.859616e-02,6.828915e-02,6.243356e-03,1.481899e-02,3.121914e-02,6.719935e-01,8.451290e-03,2.191037e-02
2.005033e-02,1.158825e-02,8.169372e-03,3.558240e-02,1.886607e-02,9.138389e-03,1.475901e-02,1.370664e-02,5.290266e-02,5.291814e-03,1.341873e-02,4.638345e-02,7.264317e-01,7.272683e-03,1.643852e-02
1.461014e-02,8.291119e-03,5.972652e-03,2.521504e-02,1.483964e-02,7.358434e-03,1.060155e-02,1.083956e-02,4.731302e-02,7.768598e-03,1.453292e-02,6.263049e-02,7.528250e-01,5.360262e-03,1.184162e-02
1.106566e-02,5.976280e-03,4.380892e-03,1.806667e-02,1.114139e-02,6.351985e-03,7.831314e-03,9.400835e-03,3.897927e-02,1.233348e-02,1.597117e-02,8.705576e-02,7.585840e-01,4.015885e-03,8.845489e-03
8.061701e-03,4.280600e-03,3.202669e-03,1.293814e-02,1.057102e-02,4.826879e-03,5.752933e-03,8.396151e-03,4.661688e-02,1.302037e-02,1.860340e-02,1.544846e-01,6.997796e-01,2.871203e-03,6.593879e-03
5.778710e-03,3.375978e-03,2.374218e-03,9.168705e-03,1.033680e-02,3.475169e-03,4.240062e-03,7.546316e-03,9.146076e-02,1.292889e-02,2.092760e-02,1.750934e-01,6.461176e-01,2.036422e-03,5.139441e-03
4.577615e-03,2.542073e-03,2.234418e-03,6.816903e-03,1.999857e-02,2.600382e-03,3.217286e-03,5.868852e-02,8.179675e-02,1.852664e-02,2.054100e-02,1.502877e-01,6.226829e-01,1.470950e-03,4.018304e-03
5.806360e-03,3.446406e-03,2.419007e-03,5.769598e-03,2.510147e-02,2.185313e-03,2.459715e-03,8.255138e-02,1.367540e-01,2.470695e-02,2.110270e-02,1.218857e-01,5.605320e-01,1.149502e-03,4.129948e-03
5.363264e-03,4.238087e-03,2.530439e-03,4.708104e-03,3.785992e-02,1.648531e-03,1.777601e-03,1.037283e-01,1.953554e-01,2.366739e-02,2.071834e-02,1.046131e-01,4.890476e-01,8.889463e-04,3.854962e-03
5.057223e-03,3.834399e-03,2.780726e-03,4.508451e-03,3.897757e-02,1.293130e-03,1.280429e-03,1.339805e-01,3.044852e-01,1.822654e-02,1.845016e-02,8.478821e-02,3.787254e-01,6.491485e-04,2.962894e-03
4.364124e-03,3.680389e-03,4.680267e-03,4.927665e-03,3.501529e-02,9.710977e-04,9.205957e-04,1.467597e-01,4.244016e-01,1.693641e-02,1.408342e-02,6.331535e-02,2.771226e-01,4.734081e-04,2.348097e-03
4.970150e-03,3.105598e-03,8.384941e-03,8.816408e-03,2.752021e-02,9.869743e-04,6.690350e-04,2.195311e-01,4.407906e-01,1.468466e-02,1.197524e-02,5.020228e-02,2.062685e-01,3.769679e-04,1.717379e-03
4.918422e-03,3.016260e-03,1.177509e-02,1.122417e-02,2.376578e-02,7.796446e-04,4.888045e-04,2.870422e-01,4.431732e-01,1.284650e-02,1.201182e-02,3.769827e-02,1.495475e-01,3.496619e-04,1.362717e-03
7.517282e-03,3.077848e-03,1.214087e-02,1.832633e-02,2.788949e-02,6.896715e-04,3.924493e-04,2.636875e-01,5.053835e-01,1.356097e-02,1.109883e-02,2.757182e-02,1.071738e-01,3.041241e-04,1.185543e-03
9.582484e-03,3.189708e-03,1.464496e-02,3.739959e-02,4.489933e-02,7.763383e-04,3.035697e-04,2.483498e-01,5.239311e-01,1.010996e-02,9.690879e-03,2.004740e-02,7.587425e-02,2.791322e-04,9.215205e-04
1.433257e-02,6.973169e-03,1.236252e-02,3.634916e-02,4.997068e-02,8.123315e-04,2.461056e-04,2.088126e-01,5.796948e-01,9.694246e-03,8.872999e-03,1.669268e-02,5.382225e-02,2.681699e-04,1.095719e-03
2.236716e-02,1.142699e-02,1.134543e-02,3.662796e-02,5.557851e-02,1.178874e-03,2.469053e-04,1.630091e-01,6.240849e-01,1.181819e-02,8.403170e-03,1.298423e-02,3.838992e-02,2.904772e-04,2.248206e-03
2.702182e-02,1.396727e-02,1.037799e-02,5.107448e-02,6.125880e-02,1.421559e-03,3.023122e-04,1.717045e-01,5.945002e-01,1.573268e-02,8.188285e-03,1.071377e-02,2.729237e-02,5.351162e-04,5.908790e-03
2.443734e-02,1.351321e-02,1.086313e-02,2.367671e-01,6.901518e-02,1.679140e-03,2.839663e-04,1.411724e-01,4.473756e-01,1.186722e-02,7.358980e-03,9.757960e-03,1.996451e-02,4.886151e-04,5.455647e-03
5.106902e-02,1.646289e-02,1.044304e-02,1.893217e-01,1.439255e-01,2.259735e-03,4.745934e-04,1.287082e-01,4.071130e-01,1.123037e-02,9.353986e-03,8.236547e-03,1.444182e-02,8.263710e-04,6.133213e-03
8.795187e-02,2.408703e-02,1.307172e-02,1.465834e-01,1.960889e-01,5.869916e-03,7.342491e-04,1.051236e-01,3.543398e-01,2.042381e-02,1.641219e-02,7.293520e-03,1.140302e-02,2.342593e-03,8.274332e-03
1.518787e-01,3.753763e-02,1.485177e-02,1.276337e-01,1.879958e-01,7.754068e-03,1.370597e-03,8.341326e-02,3.139622e-01,2.341902e-02,2.072644e-02,7.919858e-03,9.261896e-03,2.723331e-03,9.551750e-03
1.647036e-01,3.195053e-02,1.144390e-02,9.636877e-02,1.546375e-01,1.484035e-01,1.370079e-03,6.140086e-02,2.433741e-01,1.940603e-02,3.440960e-02,1.050484e-02,8.144881e-03,3.757845e-03,1.012395e-02
1.259699e-01,9.629400e-02,8.848114e-03,1.207207e-01,1.319375e-01,1.398653e-01,1.899897e-03,4.361441e-02,1.749562e-01,1.554171e-02,8.227783e-02,3.529372e-02,9.166864e-03,4.696961e-03,8.916815e-03
9.317920e-02,7.745652e-02,6.425665e-03,9.087043e-02,9.663742e-02,9.954870e-02,1.657299e-03,3.070469e-02,1.240063e-01,1.143939e-02,2.599783e-01,8.717176e-02,7.946395e-03,5.726281e-03,7.251678e-03
6.823125e-02,5.571261e-02,4.758222e-03,6.596057e-02,6.879840e-02,7.097734e-02,1.264197e-03,2.163741e-02,8.827262e-02,8.498401e-03,3.771906e-01,1.486614e-01,6.487933e-03,8.040693e-03,5.508371e-03
6.959324e-02,4.115059e-02,4.490768e-03,5.065784e-02,4.998733e-02,6.968503e-02,1.137141e-03,1.555857e-02,6.389947e-02,6.486384e-03,3.989437e-01,2.065131e-01,5.988298e-03,1.120972e-02,4.698751e-03
6.170957e-02,3.203065e-02,4.399035e-03,3.667662e-02,4.223063e-02,4.988727e-02,9.139461e-04,1.104587e-02,4.620886e-02,5.293183e-03,4.848843e-01,2.025165e-01,4.703680e-03,1.312287e-02,4.376982e-03
5.953003e-02,3.019067e-02,4.255089e-03,2.708216e-02,3.637588e-02,3.784589e-02,8.199844e-04,8.017181e-03,3.444547e-02,5.636492e-03,5.185052e-01,2.139422e-01,4.051559e-03,1.499518e-02,4.307101e-03
1.151125e-01,3.148516e-02,1.151768e-02,2.488868e-02,9.000747e-02,4.280593e-02,1.772407e-03,1.137226e-02,3.232815e-02,6.056461e-03,4.203086e-01,1.841275e-01,4.468030e-03,1.586531e-02,7.883756e-03
1.419224e-01,2.976694e-02,1.559338e-02,2.080270e-02,1.455789e-01,5.236395e-02,2.303166e-03,1.814470e-02,2.698077e-02,5.204592e-03,3.590907e-01,1.524033e-01,4.300458e-03,1.647211e-02,9.071932e-03
1.959333e-01,3.713024e-02,2.063005e-02,1.866351e-02,1.722527e-01,4.301002e-02,2.349489e-03,1.896830e-02,2.199389e-02,4.609952e-03,2.997077e-01,1.370989e-01,3.705068e-03,1.503348e-02,8.913445e-03
2.013313e-01,2.989320e-02,2.648431e-02,2.188989e-02,2.077143e-01,4.576587e-02,4.189325e-03,5.979664e-02,1.876070e-02,4.527830e-03,2.224383e-01,1.350961e-01,3.285719e-03,1.159843e-02,7.228034e-03
1.698240e-01,2.493689e-02,2.914281e-02,2.747299e-02,2.448066e-01,5.648839e-02,5.944410e-03,8.976933e-02,1.594010e-02,3.918418e-03,1.843777e-01,1.292514e-01,3.021570e-03,9.482726e-03,5.622538e-03
2.041596e-01,2.127333e-02,2.710059e-02,2.201742e-02,2.036492e-01,5.790434e-02,5.193667e-03,6.965376e-02,1.341679e-02,4.967322e-03,2.077883e-01,1.426470e-01,2.842923e-03,1.040014e-02,6.985502e-03
1.974307e-01,2.692557e-02,3.472361e-02,1.865325e-02,1.837825e-01,4.902087e-02,4.226726e-03,5.632837e-02,1.360249e-02,6.425971e-03,2.325040e-01,1.534432e-01,2.713799e-03,1.265715e-02,7.561725e-03
2.180669e-01,2.874650e-02,3.461520e-02,1.541874e-02,1.356568e-01,4.757401e-02,3.405439e-03,5.467176e-02,1.466258e-02,1.116952e-02,2.747233e-01,1.345163e-01,2.539097e-03,1.602087e-02,8.213029e-03
2.230931e-01,5.807134e-02,6.353693e-02,1.768637e-02,1.040658e-01,4.877675e-02,3.695906e-03,4.314236e-02,1.358679e-02,1.056127e-02,2.642094e-01,1.181375e-01,2.146289e-03,1.583261e-02,1.345754e-02
1.693671e-01,4.410556e-02,2.600737e-01,2.242398e-02,8.864150e-02,3.579505e-02,3.982891e-03,4.545646e-02,1.225060e-02,9.418813e-03,1.949940e-01,9.006853e-02,1.818588e-03,1.188933e-02,9.713767e-03
1.322264e-01,4.085904e-02,3.032762e-01,2.708083e-02,9.758019e-02,2.777889e-02,3.486963e-03,4.244313e-02,2.025897e-02,9.633495e-03,2.015316e-01,7.410938e-02,1.561401e-03,1.007347e-02,8.099965e-03
1.100734e-01,5.139992e-02,2.586311e-01,2.820430e-02,1.458517e-01,3.101636e-02,4.195254e-03,4.958450e-02,2.199237e-02,1.310475e-02,2.094193e-01,5.880832e-02,1.500814e-03,9.369343e-03,6.848588e-03
9.149146e-02,6.184344e-02,3.104160e-01,3.614223e-02,1.488207e-01,2.395526e-02,3.534073e-03,3.811597e-02,3.479457e-02,1.565684e-02,1.709968e-01,4.440208e-02,1.363012e-03,7.616047e-03,1.085148e-02
9.653844e-02,5.695305e-02,2.889267e-01,3.356420e-02,1.688087e-01,1.935232e-02,3.005289e-03,3.271974e-02,5.823169e-02,1.472679e-02,1.719735e-01,3.338582e-02,1.337553e-03,1.047250e-02,1.000362e-02
8.451238e-02,8.642611e-02,2.560728e-01,5.758251e-02,2.148475e-01,1.591160e-02,2.549073e-03,3.922892e-02,5.640766e-02,1.129352e-02,1.326132e-01,2.483955e-02,1.160080e-03,8.172127e-03,8.382943e-03
9.423400e-02,8.368731e-02,2.538801e-01,6.025870e-02,2.324805e-01,1.624069e-02,2.120252e-03,3.198565e-02,6.138606e-02,1.003920e-02,1.124097e-01,1.977589e-02,1.321336e-03,8.805143e-03,1.137545e-02
1.053306e-01,8.034460e-02,2.657636e-01,6.613264e-02,2.357351e-01,1.738244e-02,1.731228e-03,2.558608e-02,6.252082e-02,8.863259e-03,9.040073e-02,1.597545e-02,1.488886e-03,9.844255e-03,1.290025e-02
1.045557e-01,7.858083e-02,3.599423e-01,7.235680e-02,1.807542e-01,1.903078e-02,1.461628e-03,2.273075e-02,4.793212e-02,7.724726e-03,6.666601e-02,1.451513e-02,1.635177e-03,7.897647e-03,1.421625e-02
1.473973e-01,7.985501e-02,3.508900e-01,6.085560e-02,1.708791e-01,2.252600e-02,1.838937e-03,2.177051e-02,4.492501e-02,8.166877e-03,5.185931e-02,1.473683e-02,2.549751e-03,9.136545e-03,1.261330e-02
2.171847e-01,1.051877e-01,3.007988e-01,4.901804e-02,1.429895e-01,2.103721e-02,2.242859e-03,2.422237e-02,5.331751e-02,8.111905e-03,3.795212e-02,1.406255e-02,3.225651e-03,9.404875e-03,1.124430e-02
3.139317e-01,8.904954e-02,2.388020e-01,3.806598e-02,1.252487e-01,3.099349e-02,2.831614e-03,2.046324e-02,6.608099e-02,8.684258e-03,2.918596e-02,1.270072e-02,3.768995e-03,9.405003e-03,1.078783e-02
4.220482e-01,8.003997e-02,1.740188e-01,3.030418e-02,9.613214e-02,3.631607e-02,2.868612e-03,1.571471e-02,6.779852e-02,8.602941e-03,2.335481e-02,1.278872e-02,4.450918e-03,1.113279e-02,1.442864e-02
3.076397e-01,2.288328e-01,1.292065e-01,9.568287e-02,7.506038e-02,2.737785e-02,2.343692e-03,1.143764e-02,4.837778e-02,8.428907e-03,2.142650e-02,1.408048e-02,5.306526e-03,8.577618e-03,1.622080e-02
2.155797e-01,3.611809e-01,9.216208e-02,6.750493e-02,5.289139e-02,1.973716e-02,1.695682e-03,8.016515e-03,5.280355e-02,1.068335e-02,1.859317e-02,1.015097e-02,5.520347e-03,2.396957e-02,5.951072e-02
1.512111e-01,3.804608e-01,6.558161e-02,4.759492e-02,3.730458e-02,1.427182e-02,1.241589e-03,5.617079e-03,7.952940e-02,1.326906e-02,1.851989e-02,7.472394e-03,6.725854e-03,8.897189e-02,8.222809e-02
1.059464e-01,2.694033e-01,4.665554e-02,3.428611e-02,2.632606e-02,1.012335e-02,9.100976e-04,3.949140e-03,2.770060e-01,1.138828e-02,1.470876e-02,5.458125e-03,4.864836e-03,6.848368e-02,1.204904e-01
7.468237e-02,2.018192e-01,3.372347e-02,2.433559e-02,1.885219e-02,7.497031e-03,7.408679e-04,2.797876e-03,2.157620e-01,1.618998e-02,1.333704e-02,4.014438e-03,4.324844e-03,2.691478e-01,1.127753e-01
5.231222e-02,1.429979e-01,2.377992e-02,1.706103e-02,1.326933e-02,5.315696e-03,5.343455e-04,1.962929e-03,1.601178e-01,1.283233e-02,1.191053e-02,2.964377e-03,3.164578e-03,4.573947e-01,9.438245e-02
3.664673e-02,1.003042e-01,1.667912e-02,1.196257e-02,9.346486e-03,3.779699e-03,3.789410e-04,1.377597e-03,1.344869e-01,1.112260e-02,9.687601e-03,2.107145e-03,2.285295e-03,5.613008e-01,9.853436e-02
2.574791e-02,7.049250e-02,1.181455e-02,8.507557e-03,6.611823e-03,2.720730e-03,2.881158e-04,9.707299e-04,1.727628e-01,9.418693e-03,9.038048e-03,1.540099e-03,1.651377e-03,5.690980e-01,1.093371e-01
1.812716e-02,4.938458e-02,8.293854e-03,5.995602e-03,4.723997e-03,1.980793e-03,2.241769e-04,6.870182e-04,1.414459e-01,1.454609e-02,8.546441e-03,1.261112e-03,1.469752e-03,6.541746e-01,8.913897e-02
1.274910e-02,3.560057e-02,6.055200e-03,4.239374e-03,4.049495e-03,1.489156e-03,1.926698e-04,5.034300e-04,1.468530e-01,1.780850e-02,1.681613e-02,9.997644e-04,1.500291e-03,5.833973e-01,1.677459e-01
9.054930e-03,2.520343e-02,6.036896e-03,3.090885e-03,3.545647e-03,1.168044e-03,2.045764e-04,4.602894e-04,1.882066e-01,3.586520e-02,1.960111e-02,1.015607e-03,1.318983e-03,5.320702e-01,1.731576e-01
6.899246e-03,1.806321e-02,5.777861e-03,3.994161e-03,4.526209e-03,1.275075e-03,4.980220e-04,5.391360e-04,1.883911e-01,6.084854e-02,2.875662e-02,2.652225e-03,4.955693e-03,5.419213e-01,1.309017e-01
5.682889e-03,1.358189e-02,4.589772e-03,3.941918e-03,6.692198e-03,7.618054e-03,9.845911e-04,9.587300e-04,1.682940e-01,1.321129e-01,3.854878e-02,4.240408e-03,8.413453e-03,4.997469e-01,1.045936e-01
4.161770e-03,1.010863e-02,5.383989e-03,1.072053e-02,7.139297e-03,5.856168e-03,1.145890e-03,2.389312e-03,1.390291e-01,1.770237e-01,4.946265e-02,7.273906e-03,1.781773e-02,4.790701e-01,8.341717e-02
3.084169e-03,7.423871e-03,4.239482e-03,1.147338e-02,4.945963e-02,4.780673e-03,4.097546e-03,2.428823e-03,1.264871e-01,1.672163e-01,5.955640e-02,9.585869e-03,2.259685e-02,4.558459e-01,7.172401e-02
2.872709e-03,6.710228e-03,6.145391e-03,1.917205e-02,4.506886e-02,9.683505e-03,3.998778e-03,2.617262e-03,1.093054e-01,1.249264e-01,6.092893e-02,2.404975e-02,1.287835e-01,3.980746e-01,5.766269e-02
3.658115e-03,7.039535e-03,5.623663e-03,1.780164e-02,4.735841e-02,1.249092e-02,7.611009e-03,5.559652e-03,8.371577e-02,9.762552e-02,5.861355e-02,2.526947e-02,1.244280e-01,4.605162e-01,4.268860e-02
3.453229e-03,7.388787e-03,7.303864e-03,1.562322e-02,4.114768e-02,1.344527e-02,6.480058e-03,1.609289e-02,7.164024e-02,7.371011e-02,5.714635e-02,2.471106e-02,1.259428e-01,5.042598e-01,3.165463e-02
7.099102e-03,7.754241e-03,7.557075e-03,1.332612e-02,6.744492e-02,1.737878e-02,5.245303e-03,1.276138e-02,6.415628e-02,5.695418e-02,5.409818e-02,2.603208e-02,1.178088e-01,5.174595e-01,2.492393e-02
1.393635e-02,8.296479e-03,1.008009e-02,1.795371e-02,1.734124e-01,2.918531e-02,5.259380e-03,1.539421e-02,6.554681e-02,4.506189e-02,4.764351e-02,2.484015e-02,1.022162e-01,4.185844e-01,2.258903e-02
1.640900e-02,1.138637e-02,1.000213e-02,2.070157e-02,2.078124e-01,3.633583e-02,7.687456e-03,1.252725e-02,9.322501e-02,3.734953e-02,4.564553e-02,3.636595e-02,1.441399e-01,3.007450e-01,1.966714e-02
1.549762e-02,8.593747e-03,7.316228e-03,1.631881e-02,1.503611e-01,3.252704e-02,6.978973e-03,9.939954e-03,6.869694e-02,2.845357e-02,4.361375e-02,9.757569e-02,2.862224e-01,2.120040e-01,1.590010e-02
1.726152e-02,6.681277e-03,5.434493e-03,1.297420e-02,1.099006e-01,3.527307e-02,6.561151e-03,8.676867e-03,5.113873e-02,2.233765e-02,3.960742e-02,1.773151e-01,3.443487e-01,1.490312e-01,1.345804e-02
1.549929e-02,4.908131e-03,3.988118e-03,9.269507e-03,7.851136e-02,3.117732e-02,5.584979e-03,6.617482e-03,3.664961e-02,1.577225e-02,2.862743e-02,1.614093e-01,4.875412e-01,1.044412e-01,1.000292e-02
1.280712e-02,3.612951e-03,2.904296e-03,6.644771e-03,5.572081e-02,2.428428e-02,4.837384e-03,4.977040e-03,2.631983e-02,1.128106e-02,2.074558e-02,2.032645e-01,5.418916e-01,7.317742e-02,7.531344e-03
1.125371e-02,3.693942e-03,2.203779e-03,4.808160e-03,4.020490e-02,1.920182e-02,3.719912e-03,3.879993e-03,2.110029e-02,8.310574e-03,1.569632e-02,2.612625e-01,5.469775e-01,5.152871e-02,6.157968e-03
2.679861e-02,3.681087e-03,2.492386e-03,4.014723e-03,4.236161e-02,2.659748e-02,5.513683e-03,8.922328e-03,1.786639e-02,6.329534e-03,1.273405e-02,2.901919e-01,5.098562e-01,3.697549e-02,5.664499e-03
2.541113e-02,3.272942e-03,2.109907e-03,3.833520e-03,3.475305e-02,3.037072e-02,4.601994e-03,7.016336e-03,1.447486e-02,4.878601e-03,1.301891e-02,2.696111e-01,5.551595e-01,2.632144e-02,5.166049e-03
3.355256e-02,3.634536e-03,5.765760e-03,4.755688e-03,3.515148e-02,2.622892e-02,8.047751e-03,1.050210e-02,1.351223e-02,5.645660e-03,1.429001e-02,2.803705e-01,5.314138e-01,1.889305e-02,8.236036e-03
8.340579e-02,3.811934e-03,6.443979e-03,6.344220e-03,3.172965e-02,2.443885e-02,7.429563e-03,1.046219e-02,1.198205e-02,5.569112e-03,1.747991e-02,2.756477e-01,4.914956e-01,1.414129e-02,9.618185e-03
1.295326e-01,3.534327e-03,7.519173e-03,5.408756e-03,2.688488e-02,1.998083e-02,7.750782e-03,1.085834e-02,1.080048e-02,5.569062e-03,1.864438e-02,2.263394e-01,5.069351e-01,1.112523e-02,9.116711e-03
1.486273e-01,4.023430e-03,7.592877e-03,5.328975e-03,2.233209e-02,1.622592e-02,6.597113e-03,9.572612e-03,1.246798e-02,7.402054e-03,3.103134e-02,1.810349e-01,5.263717e-01,9.487159e-03,1.190469e-02
1.775160e-01,4.940120e-03,7.207525e-03,4.643647e-03,1.725665e-02,1.375576e-02,5.026724e-03,7.374708e-03,1.299880e-02,9.338459e-03,3.404219e-02,2.045816e-01,4.801197e-01,9.192016e-03,1.200608e-02
1.755014e-01,4.789517e-03,1.233097e-02,3.949028e-03,1.376793e-02,3.196162e-02,4.675194e-03,9.465828e-03,1.236921e-02,8.589540e-03,3.016533e-02,2.052148e-01,4.662769e-01,7.681828e-03,1.326094e-02
1.473054e-01,4.665488e-03,1.445993e-02,3.251409e-03,1.257700e-02,2.640997e-02,5.992791e-03,1.148499e-02,1.829125e-02,1.041134e-02,3.055002e-02,2.649407e-01,4.303236e-01,6.622398e-03,1.271367e-02
1.064375e-01,3.977973e-03,1.260436e-02,3.145661e-03,2.930877e-02,3.144016e-02,1.223434e-02,2.733772e-02,8.021403e-02,1.411257e-02,4.704009e-02,2.255412e-01,3.885677e-01,4.875258e-03,1.316273e-02
9.125517e-02,4.006399e-03,1.231613e-02,4.159496e-03,3.680056e-02,2.714270e-02,1.470481e-02,7.517681e-02,7.404843e-02,1.599760e-02,4.554523e-02,2.604055e-01,3.191785e-01,4.559776e-03,1.470289e-02
7.290010e-02,3.498786e-03,1.139878e-02,3.727508e-03,4.130389e-02,2.347442e-02,2.275115e-02,1.065387e-01,6.060268e-02,1.727063e-02,4.222945e-02,3.166405e-01,2.578407e-01,4.247976e-03,1.557474e-02
5.688832e-02,3.959012e-03,9.875767e-03,3.214833e-03,3.436608e-02,2.649786e-02,1.997253e-02,1.139860e-01,5.045481e-02,1.404227e-02,3.471020e-02,2.998219e-01,3.107342e-01,4.410862e-03,1.706550e-02
4.450955e-02,4.100558e-03,8.217973e-03,2.600457e-03,3.680254e-02,2.590748e-02,2.396549e-02,1.164482e-01,4.726822e-02,1.240874e-02,2.701796e-02,3.438635e-01,2.850425e-01,4.367530e-03,1.747933e-02
3.808458e-02,3.352227e-03,6.854598e-03,2.119877e-03,3.305315e-02,4.129013e-02,1.817248e-02,1.390130e-01,3.886819e-02,9.251622e-03,2.050514e-02,3.209312e-01,3.073875e-01,5.166873e-03,1.594947e-02
4.991699e-02,5.287652e-03,6.274175e-03,3.133841e-03,4.002834e-02,1.397238e-01,1.627123e-02,1.291693e-01,4.544430e-02,8.818837e-03,1.576180e-02,2.642581e-01,2.551568e-01,6.376521e-03,1.437838e-02
5.688096e-02,7.235941e-03,1.544110e-02,5.403588e-03,3.990906e-02,1.312737e-01,1.947313e-02,2.325622e-01,4.594220e-02,8.237964e-03,1.227431e-02,2.086915e-01,1.997933e-01,4.866048e-03,1.201506e-02
7.562166e-02,1.592178e-02,2.272487e-02,1.132165e-02,3.951094e-02,1.039197e-01,1.927566e-02,2.649645e-01,9.466884e-02,7.235578e-03,1.152066e-02,1.637126e-01,1.510631e-01,4.021875e-03,1.451671e-02
6.769180e-02,1.628732e-02,2.527701e-02,1.206779e-02,3.554908e-02,7.464119e-02,1.740262e-02,4.053826e-01,9.049323e-02,5.592837e-03,9.210171e-03,1.179765e-01,1.079874e-01,2.919629e-03,1.152084e-02
7.328147e-02,2.802242e-02,5.241206e-02,3.164312e-02,3.582036e-02,6.244589e-02,1.887078e-02,4.087818e-01,9.348064e-02,6.046845e-03,8.234756e-03,8.633470e-02,8.028623e-02,2.244488e-03,1.209445e-02
7.785481e-02,3.438865e-02,4.160149e-02,2.431779e-02,4.882530e-02,6.038718e-02,2.456508e-02,4.022266e-01,1.371610e-01,4.617901e-03,6.897059e-03,6.243027e-02,6.173631e-02,1.874137e-03,1.111639e-02
7.742786e-02,3.121513e-02,3.518061e-02,2.030522e-02,5.870502e-02,4.867636e-02,4.086925e-02,4.424700e-01,1.294244e-01,3.971672e-03,5.653723e-03,4.577119e-02,4.915424e-02,1.796936e-03,9.378326e-03
7.692524e-02,2.463752e-02,2.675788e-02,1.555337e-02,5.544454e-02,3.933880e-02,3.350293e-02,5.210074e-01,1.209336e-01,3.242266e-03,4.221167e-03,3.305339e-02,3.680417e-02,1.438725e-03,7.139057e-03
9.046054e-02,2.151113e-02,1.979225e-02,1.255188e-02,6.380494e-02,3.438929e-02,3.045127e-02,5.404256e-01,1.169064e-01,2.894672e-03,3.487380e-03,2.607756e-02,3.025672e-02,1.110805e-03,5.879551e-03
