1.000000e+00,0.000000e+00,0.000000e+00,0.000000e+00,0.000000e+00,0.000000e+00,0.000000e+00,0.000000e+00,0.000000e+00,0.000000e+00,0.000000e+00,0.000000e+00,0.000000e+00,0.000000e+00,0.000000e+00
1.000000e+00,0.000000e+00,0.000000e+00,0.000000e+00,0.000000e+00,0.000000e+00,0.000000e+00,0.000000e+00,0.000000e+00,0.000000e+00,0.000000e+00,0.000000e+00,0.000000e+00,0.000000e+00,0.000000e+00
1.000000e+00,0.000000e+00,0.000000e+00,0.000000e+00,0.000000e+00,0.000000e+00,0.000000e+00,0.000000e+00,0.000000e+00,0.000000e+00,0.000000e+00,0.000000e+00,0.000000e+00,0.000000e+00,0.000000e+00
1.000000e+00,0.000000e+00,0.000000e+00,0.000000e+00,0.000000e+00,0.000000e+00,0.000000e+00,0.000000e+00,0.000000e+00,0.000000e+00,0.000000e+00,0.000000e+00,0.000000e+00,0.000000e+00,0.000000e+00
1.000000e+00,0.000000e+00,0.000000e+00,0.000000e+00,0.000000e+00,0.000000e+00,0.000000e+00,0.000000e+00,0.000000e+00,0.000000e+00,0.000000e+00,0.000000e+00,0.000000e+00,0.000000e+00,0.000000e+00
1.000000e+00,0.000000e+00,0.000000e+00,0.000000e+00,0.000000e+00,0.000000e+00,0.000000e+00,0.000000e+00,0.000000e+00,0.000000e+00,0.000000e+00,0.000000e+00,0.000000e+00,0.000000e+00,0.000000e+00
1.000000e+00,0.000000e+00,0.000000e+00,0.000000e+00,0.000000e+00,0.000000e+00,0.000000e+00,0.000000e+00,0.000000e+00,0.000000e+00,0.000000e+00,0.000000e+00,0.000000e+00,0.000000e+00,0.000000e+00
1.000000e+00,0.000000e+00,0.000000e+00,0.000000e+00,0.000000e+00,0.000000e+00,0.000000e+00,0.000000e+00,0.000000e+00,0.000000e+00,0.000000e+00,0.000000e+00,0.000000e+00,0.000000e+00,0.000000e+00
1.000000e+00,0.000000e+00,0.000000e+00,0.000000e+00,0.000000e+00,0.000000e+00,0.000000e+00,0.000000e+00,0.000000e+00,0.000000e+00,0.000000e+00,0.000000e+00,0.000000e+00,0.000000e+00,0.000000e+00
1.000000e+00,0.000000e+00,0.000000e+00,0.000000e+00,0.000000e+00,0.000000e+00,0.000000e+00,0.000000e+00,0.000000e+00,0.000000e+00,0.000000e+00,0.000000e+00,0.000000e+00,0.000000e+00,0.000000e+00
1.000000e+00,0.000000e+00,0.000000e+00,0.000000e+00,0.000000e+00,0.000000e+00,0.000000e+00,0.000000e+00,0.000000e+00,0.000000e+00,0.000000e+00,0.000000e+00,0.000000e+00,0.000000e+00,0.000000e+00
1.000000e+00,0.000000e+00,0.000000e+00,0.000000e+00,0.000000e+00,0.000000e+00,0.000000e+00,0.000000e+00,0.000000e+00,0.000000e+00,0.000000e+00,0.000000e+00,0.000000e+00,0.000000e+00,0.000000e+00
1.000000e+00,0.000000e+00,0.000000e+00,0.000000e+00,0.000000e+00,0.000000e+00,0.000000e+00,0.000000e+00,0.000000e+00,0.000000e+00,0.000000e+00,0.000000e+00,0.000000e+00,0.000000e+00,0.000000e+00
1.000000e+00,0.000000e+00,0.000000e+00,0.000000e+00,0.000000e+00,0.000000e+00,0.000000e+00,0.000000e+00,0.000000e+00,0.000000e+00,0.000000e+00,0.000000e+00,0.000000e+00,0.000000e+00,0.000000e+00
1.000000e+00,0.000000e+00,0.000000e+00,0.000000e+00,0.000000e+00,0.000000e+00,0.000000e+00,0.000000e+00,0.000000e+00,0.000000e+00,0.000000e+00,0.000000e+00,0.000000e+00,0.000000e+00,0.000000e+00
1.000000e+00,0.000000e+00,0.000000e+00,0.000000e+00,0.000000e+00,0.000000e+00,0.000000e+00,0.000000e+00,0.000000e+00,0.000000e+00,0.000000e+00,0.000000e+00,0.000000e+00,0.000000e+00,0.000000e+00
1.000000e+00,0.000000e+00,0.000000e+00,0.000000e+00,0.000000e+00,0.000000e+00,0.000000e+00,0.000000e+00,0.000000e+00,0.000000e+00,0.000000e+00,0.000000e+00,0.000000e+00,0.000000e+00,0.000000e+00
1.000000e+00,0.000000e+00,0.000000e+00,0.000000e+00,0.000000e+00,0.000000e+00,0.000000e+00,0.000000e+00,0.000000e+00,0.000000e+00,0.000000e+00,0.000000e+00,0.000000e+00,0.000000e+00,0.000000e+00
1.000000e+00,0.000000e+00,0.000000e+00,0.000000e+00,0.000000e+00,0.000000e+00,0.000000e+00,0.000000e+00,0.000000e+00,0.000000e+00,0.000000e+00,0.000000e+00,0.000000e+00,0.000000e+00,0.000000e+00
1.000000e+00,0.000000e+00,0.000000e+00,0.000000e+00,0.000000e+00,0.000000e+00,0.000000e+00,0.000000e+00,0.000000e+00,0.000000e+00,0.000000e+00,0.000000e+00,0.000000e+00,0.000000e+00,0.000000e+00
1.000000e+00,0.000000e+00,0.000000e+00,0.000000e+00,0.000000e+00,0.000000e+00,0.000000e+00,0.000000e+00,0.000000e+00,0.000000e+00,0.000000e+00,0.000000e+00,0.000000e+00,0.000000e+00,0.000000e+00
1.000000e+00,0.000000e+00,0.000000e+00,0.000000e+00,0.000000e+00,0.000000e+00,0.000000e+00,0.000000e+00,0.000000e+00,0.000000e+00,0.000000e+00,0.000000e+00,0.000000e+00,0.000000e+00,0.000000e+00
1.000000e+00,0.000000e+00,0.000000e+00,0.000000e+00,0.000000e+00,0.000000e+00,0.000000e+00,0.000000e+00,0.000000e+00,0.000000e+00,0.000000e+00,0.000000e+00,0.000000e+00,0.000000e+00,0.000000e+00
1.000000e+00,0.000000e+00,0.000000e+00,0.000000e+00,0.000000e+00,0.000000e+00,0.000000e+00,0.000000e+00,0.000000e+00,0.000000e+00,0.000000e+00,0.000000e+00,0.000000e+00,0.000000e+00,0.000000e+00
1.000000e+00,0.000000e+00,0.000000e+00,0.000000e+00,0.000000e+00,0.000000e+00,0.000000e+00,0.000000e+00,0.000000e+00,0.000000e+00,0.000000e+00,0.000000e+00,0.000000e+00,0.000000e+00,0.000000e+00
1.000000e+00,0.000000e+00,0.000000e+00,0.000000e+00,0.000000e+00,0.000000e+00,0.000000e+00,0.000000e+00,0.000000e+00,0.000000e+00,0.000000e+00,0.000000e+00,0.000000e+00,0.000000e+00,0.000000e+00
1.000000e+00,0.000000e+00,0.000000e+00,0.000000e+00,0.000000e+00,0.000000e+00,0.000000e+00,0.000000e+00,0.000000e+00,0.000000e+00,0.000000e+00,0.000000e+00,0.000000e+00,0.000000e+00,0.000000e+00
1.000000e+00,0.000000e+00,0.000000e+00,0.000000e+00,0.000000e+00,0.000000e+00,0.000000e+00,0.000000e+00,0.000000e+00,0.000000e+00,0.000000e+00,0.000000e+00,0.000000e+00,0.000000e+00,0.000000e+00
1.000000e+00,0.000000e+00,0.000000e+00,0.000000e+00,0.000000e+00,0.000000e+00,0.000000e+00,0.000000e+00,0.000000e+00,0.000000e+00,0.000000e+00,0.000000e+00,0.000000e+00,0.000000e+00,0.000000e+00
1.000000e+00,0.000000e+00,0.000000e+00,0.000000e+00,0.000000e+00,0.000000e+00,0.000000e+00,0.000000e+00,0.000000e+00,0.000000e+00,0.000000e+00,0.000000e+00,0.000000e+00,0.000000e+00,0.000000e+00
1.000000e+00,0.000000e+00,0.000000e+00,0.000000e+00,0.000000e+00,0.000000e+00,0.000000e+00,0.000000e+00,0.000000e+00,0.000000e+00,0.000000e+00,0.000000e+00,0.000000e+00,0.000000e+00,0.000000e+00
1.000000e+00,0.000000e+00,0.000000e+00,0.000000e+00,0.000000e+00,0.000000e+00,0.000000e+00,0.000000e+00,0.000000e+00,0.000000e+00,0.000000e+00,0.000000e+00,0.000000e+00,0.000000e+00,0.000000e+00
1.000000e+00,0.000000e+00,0.000000e+00,0.000000e+00,0.000000e+00,0.000000e+00,0.000000e+00,0.000000e+00,0.000000e+00,0.000000e+00,0.000000e+00,0.000000e+00,0.000000e+00,0.000000e+00,0.000000e+00
1.000000e+00,0.000000e+00,0.000000e+00,0.000000e+00,0.000000e+00,0.000000e+00,0.000000e+00,0.000000e+00,0.000000e+00,0.000000e+00,0.000000e+00,0.000000e+00,0.000000e+00,0.000000e+00,0.000000e+00
1.000000e+00,0.000000e+00,0.000000e+00,0.000000e+00,0.000000e+00,0.000000e+00,0.000000e+00,0.000000e+00,0.000000e+00,0.000000e+00,0.000000e+00,0.000000e+00,0.000000e+00,0.000000e+00,0.000000e+00
1.000000e+00,0.000000e+00,0.000000e+00,0.000000e+00,0.000000e+00,0.000000e+00,0.000000e+00,0.000000e+00,0.000000e+00,0.000000e+00,0.000000e+00,0.000000e+00,0.000000e+00,0.000000e+00,0.000000e+00
1.000000e+00,0.000000e+00,0.000000e+00,0.000000e+00,0.000000e+00,0.000000e+00,0.000000e+00,0.000000e+00,0.000000e+00,0.000000e+00,0.000000e+00,0.000000e+00,0.000000e+00,0.000000e+00,0.000000e+00
1.000000e+00,0.000000e+00,0.000000e+00,0.000000e+00,0.000000e+00,0.000000e+00,0.000000e+00,0.000000e+00,0.000000e+00,0.000000e+00,0.000000e+00,0.000000e+00,0.000000e+00,0.000000e+00,0.000000e+00
1.000000e+00,0.000000e+00,0.000000e+00,0.000000e+00,0.000000e+00,0.000000e+00,0.000000e+00,0.000000e+00,0.000000e+00,0.000000e+00,0.000000e+00,0.000000e+00,0.000000e+00,0.000000e+00,0.000000e+00
4.980340e-01,1.913241e-02,7.046688e-03,4.800041e-02,1.712992e-02,1.322564e-01,3.489762e-02,1.903459e-02,1.514106e-02,2.201283e-03,5.243093e-03,7.939696e-02,1.065903e-01,1.483063e-03,1.441213e-02
3.875360e-01,3.583505e-02,8.472855e-03,7.238194e-02,2.411963e-02,1.394449e-01,3.933561e-02,2.096734e-02,2.063152e-02,2.485961e-03,5.571081e-03,9.182249e-02,1.331647e-01,1.494787e-03,1.673610e-02
2.962043e-01,4.471673e-02,1.251342e-02,1.014329e-01,3.439172e-02,1.342918e-01,4.076682e-02,2.595907e-02,2.652338e-02,2.332475e-03,6.285437e-03,1.128188e-01,1.428833e-01,1.470516e-03,1.740933e-02
2.391104e-01,5.483741e-02,1.593594e-02,1.300590e-01,5.167604e-02,1.155167e-01,3.752749e-02,2.466356e-02,3.547974e-02,2.527000e-03,6.805701e-03,1.255359e-01,1.395657e-01,1.502233e-03,1.925714e-02
2.099978e-01,6.479924e-02,1.456995e-02,1.494738e-01,6.646454e-02,9.755905e-02,3.566367e-02,2.177230e-02,4.131379e-02,2.762319e-03,7.177294e-03,1.280685e-01,1.369120e-01,1.604252e-03,2.186152e-02
2.397316e-01,7.050811e-02,1.281217e-02,1.531878e-01,6.909411e-02,7.927557e-02,3.112513e-02,1.892478e-02,4.049917e-02,3.112820e-03,7.856756e-03,1.179014e-01,1.292708e-01,1.851841e-03,2.484799e-02
2.727270e-01,7.741614e-02,1.212515e-02,1.485525e-01,6.124036e-02,7.322066e-02,2.485289e-02,1.697057e-02,3.786206e-02,3.878079e-03,8.874717e-03,1.062495e-01,1.212716e-01,2.370703e-03,3.238814e-02
2.480644e-01,8.206771e-02,2.208916e-02,1.763129e-01,5.666886e-02,6.365450e-02,2.142479e-02,2.183236e-02,3.310628e-02,4.086316e-03,1.222529e-02,1.086736e-01,1.125697e-01,2.776478e-03,3.444771e-02
2.454098e-01,8.159565e-02,4.129597e-02,2.043102e-01,4.773351e-02,5.058131e-02,1.753740e-02,2.589001e-02,2.858093e-02,4.163682e-03,1.600710e-02,9.866101e-02,9.562477e-02,3.476633e-03,3.913199e-02
3.408466e-01,7.140978e-02,4.019663e-02,1.741014e-01,3.904297e-02,4.140535e-02,1.430989e-02,2.204212e-02,2.468995e-02,4.551654e-03,1.900491e-02,8.240842e-02,7.792091e-02,4.416498e-03,4.365296e-02
4.657624e-01,5.836355e-02,3.154617e-02,1.351399e-01,3.048796e-02,3.312410e-02,1.127601e-02,1.808247e-02,2.003798e-02,4.397946e-03,1.722348e-02,6.554827e-02,6.160265e-02,4.951495e-03,4.245558e-02
4.915937e-01,5.687787e-02,3.557514e-02,1.260195e-01,2.545598e-02,2.954375e-02,9.702568e-03,1.897299e-02,1.811713e-02,4.179375e-03,1.968900e-02,6.069400e-02,5.364480e-02,5.384379e-03,4.454986e-02
1.000000e+00,0.000000e+00,0.000000e+00,0.000000e+00,0.000000e+00,0.000000e+00,0.000000e+00,0.000000e+00,0.000000e+00,0.000000e+00,0.000000e+00,0.000000e+00,0.000000e+00,0.000000e+00,0.000000e+00
1.000000e+00,0.000000e+00,0.000000e+00,0.000000e+00,0.000000e+00,0.000000e+00,0.000000e+00,0.000000e+00,0.000000e+00,0.000000e+00,0.000000e+00,0.000000e+00,0.000000e+00,0.000000e+00,0.000000e+00
1.000000e+00,0.000000e+00,0.000000e+00,0.000000e+00,0.000000e+00,0.000000e+00,0.000000e+00,0.000000e+00,0.000000e+00,0.000000e+00,0.000000e+00,0.000000e+00,0.000000e+00,0.000000e+00,0.000000e+00
1.000000e+00,0.000000e+00,0.000000e+00,0.000000e+00,0.000000e+00,0.000000e+00,0.000000e+00,0.000000e+00,0.000000e+00,0.000000e+00,0.000000e+00,0.000000e+00,0.000000e+00,0.000000e+00,0.000000e+00
1.000000e+00,0.000000e+00,0.000000e+00,0.000000e+00,0.000000e+00,0.000000e+00,0.000000e+00,0.000000e+00,0.000000e+00,0.000000e+00,0.000000e+00,0.000000e+00,0.000000e+00,0.000000e+00,0.000000e+00
1.000000e+00,0.000000e+00,0.000000e+00,0.000000e+00,0.000000e+00,0.000000e+00,0.000000e+00,0.000000e+00,0.000000e+00,0.000000e+00,0.000000e+00,0.000000e+00,0.000000e+00,0.000000e+00,0.000000e+00
1.000000e+00,0.000000e+00,0.000000e+00,0.000000e+00,0.000000e+00,0.000000e+00,0.000000e+00,0.000000e+00,0.000000e+00,0.000000e+00,0.000000e+00,0.000000e+00,0.000000e+00,0.000000e+00,0.000000e+00
1.000000e+00,0.000000e+00,0.000000e+00,0.000000e+00,0.000000e+00,0.000000e+00,0.000000e+00,0.000000e+00,0.000000e+00,0.000000e+00,0.000000e+00,0.000000e+00,0.000000e+00,0.000000e+00,0.000000e+00
1.000000e+00,0.000000e+00,0.000000e+00,0.000000e+00,0.000000e+00,0.000000e+00,0.000000e+00,0.000000e+00,0.000000e+00,0.000000e+00,0.000000e+00,0.000000e+00,0.000000e+00,0.000000e+00,0.000000e+00
4.792171e-01,1.369549e-02,2.089085e-02,3.208514e-02,1.712438e-01,1.292908e-01,5.467215e-02,8.526189e-03,5.108996e-03,1.101078e-02,8.313143e-03,2.797132e-02,2.078423e-02,2.473241e-03,1.471664e-02
3.694015e-01,1.082593e-02,1.512741e-02,2.356461e-02,2.856600e-01,9.686033e-02,5.862407e-02,6.624390e-03,4.345257e-03,4.939409e-02,8.330926e-03,2.044079e-02,1.680917e-02,2.715502e-03,3.127605e-02
2.730475e-01,8.388067e-03,1.249266e-02,1.758530e-02,3.123481e-01,7.528438e-02,4.988228e-02,5.004829e-03,3.695960e-03,1.611766e-01,6.893198e-03,1.498269e-02,1.473682e-02,2.628352e-03,4.185325e-02
2.145325e-01,6.865885e-03,9.359848e-03,1.274340e-02,3.268687e-01,5.946342e-02,3.742151e-02,3.655832e-03,3.285872e-03,2.502792e-01,5.619138e-03,1.093592e-02,1.176666e-02,2.420287e-03,4.478178e-02
2.384591e-01,6.516473e-03,7.825815e-03,1.011115e-02,2.984543e-01,5.712142e-02,2.740672e-02,3.206638e-03,4.145280e-03,2.704696e-01,8.243242e-03,8.694345e-03,1.005185e-02,5.149528e-03,4.414453e-02
2.584785e-01,6.836670e-03,7.163121e-03,8.895064e-03,2.845925e-01,5.290613e-02,2.062034e-02,3.249549e-03,4.193926e-03,2.692996e-01,1.048627e-02,7.732156e-03,8.785922e-03,9.649485e-03,4.711071e-02
1.834498e-01,5.874266e-03,5.462877e-03,6.300721e-03,2.063230e-01,4.552171e-02,1.461259e-02,2.427791e-03,4.424917e-03,2.297256e-01,8.266489e-03,5.675477e-03,1.104232e-02,1.231785e-02,2.585745e-01
1.293840e-01,1.192064e-02,5.808285e-03,7.659460e-03,1.476300e-01,3.228186e-02,1.035256e-02,1.752281e-03,6.817169e-02,2.739615e-01,6.853748e-03,4.629177e-03,2.929348e-02,8.982799e-03,2.613186e-01
9.117090e-02,8.960718e-03,4.385212e-03,6.151357e-03,1.039740e-01,2.291655e-02,7.372294e-03,1.270553e-03,6.580224e-02,2.881545e-01,6.194997e-03,3.547288e-03,2.809706e-02,6.499252e-03,3.555031e-01
6.396325e-02,1.459844e-02,3.453735e-03,5.115912e-03,7.290967e-02,1.653126e-02,5.177659e-03,9.349496e-04,6.826425e-02,2.421035e-01,5.199717e-03,2.979465e-03,2.661909e-02,5.160230e-03,4.669888e-01
4.492709e-02,1.120201e-01,3.378474e-03,1.526382e-02,5.114200e-02,1.263825e-02,3.658208e-03,8.253672e-04,1.664931e-01,1.893538e-01,5.554660e-03,3.291263e-03,2.415577e-02,3.890474e-03,3.634077e-01
3.191683e-02,1.032955e-01,2.542827e-03,1.170452e-02,3.603075e-02,1.036736e-02,2.604335e-03,6.163808e-04,1.973468e-01,1.971035e-01,1.202538e-02,4.512026e-03,3.368936e-02,2.933422e-03,3.533109e-01
2.370800e-02,1.116442e-01,3.602100e-03,2.101196e-02,2.839766e-02,1.056940e-02,2.102721e-03,5.951452e-04,2.434575e-01,2.022226e-01,1.904977e-02,6.956321e-03,6.403936e-02,2.821295e-03,2.598219e-01
1.696985e-02,9.608269e-02,2.939698e-03,1.704995e-02,2.073462e-02,9.006182e-03,1.724420e-03,6.485115e-04,1.999061e-01,1.930129e-01,1.994360e-02,7.390104e-03,2.086110e-01,2.149681e-03,2.038306e-01
1.248001e-02,1.844405e-01,3.788809e-03,4.694583e-02,1.630987e-02,6.793183e-03,1.420628e-03,7.252629e-04,2.566048e-01,1.367387e-01,1.729445e-02,6.857594e-03,1.614154e-01,1.764349e-03,1.464206e-01
9.712254e-03,1.352822e-01,4.280549e-03,7.811512e-02,1.209718e-02,6.336567e-03,1.160879e-03,6.322950e-04,2.043093e-01,9.636828e-02,2.108287e-02,5.017224e-02,2.648835e-01,2.070965e-03,1.134958e-01
7.412008e-03,9.703266e-02,5.596084e-03,6.454712e-02,1.099958e-02,5.578804e-03,1.318715e-03,6.012750e-04,1.499689e-01,6.836125e-02,5.008880e-02,7.865737e-02,3.563826e-01,1.969646e-03,1.014852e-01
8.366948e-03,8.693318e-02,1.321758e-02,5.185244e-02,1.135102e-02,9.975662e-03,3.998722e-03,2.140888e-03,1.241079e-01,4.972633e-02,4.645829e-02,9.510683e-02,4.019632e-01,4.652979e-03,9.014803e-02
8.377203e-03,6.289108e-02,1.029125e-02,3.818024e-02,1.253621e-02,8.374128e-03,3.232872e-03,1.939500e-03,9.766079e-02,3.552388e-02,3.493870e-02,1.029095e-01,5.068594e-01,3.546327e-03,7.273895e-02
1.316675e-02,5.560073e-02,1.405051e-02,3.205004e-02,1.285170e-02,1.117742e-02,3.725922e-03,2.904519e-03,7.775505e-02,2.662881e-02,2.815023e-02,1.087272e-01,5.502049e-01,6.063279e-03,5.694303e-02
5.483750e-02,4.164787e-02,1.435531e-02,2.669357e-02,1.087012e-02,2.559863e-02,4.593043e-03,7.800780e-03,6.131488e-02,1.989861e-02,3.047265e-02,9.955612e-02,5.504051e-01,8.402865e-03,4.355298e-02
5.999204e-02,3.517282e-02,1.214070e-02,2.239390e-02,9.677241e-03,3.235351e-02,3.989143e-03,7.028347e-03,5.886662e-02,1.682342e-02,3.962019e-02,1.474115e-01,5.073459e-01,1.145054e-02,3.573415e-02
1.212076e-01,3.307607e-02,1.282619e-02,2.783041e-02,1.079928e-02,3.433405e-02,4.241833e-03,7.964259e-03,5.480249e-02,1.587131e-02,3.546895e-02,1.269858e-01,4.715779e-01,1.222130e-02,3.079262e-02
1.176007e-01,3.543032e-02,1.267125e-02,2.493099e-02,1.481688e-02,2.943669e-02,6.759281e-03,1.009324e-02,6.477919e-02,1.425527e-02,3.443899e-02,1.404039e-01,4.616485e-01,9.652938e-03,2.308184e-02
1.700796e-01,2.878591e-02,1.077230e-02,2.296307e-02,1.808275e-02,3.664138e-02,6.891659e-03,1.003553e-02,5.599293e-02,1.107542e-02,2.659137e-02,1.276631e-01,4.489363e-01,7.561739e-03,1.792686e-02
2.418245e-01,2.303880e-02,8.846434e-03,2.078741e-02,1.480083e-02,3.779957e-02,6.769552e-03,1.023612e-02,4.821522e-02,8.151085e-03,1.961181e-02,9.774677e-02,4.423583e-01,5.732443e-03,1.408128e-02
2.562729e-01,2.296666e-02,1.423863e-02,9.766254e-02,1.850607e-02,4.776744e-02,6.788169e-03,8.663809e-03,7.591946e-02,6.583957e-03,1.825451e-02,8.155483e-02,3.261884e-01,4.382576e-03,1.424999e-02
2.068869e-01,2.114059e-02,1.261530e-02,1.096154e-01,1.464586e-02,4.395001e-02,5.442976e-03,7.087440e-03,1.001876e-01,5.683622e-03,3.805831e-02,9.271594e-02,3.231027e-01,3.913435e-03,1.495396e-02
1.615048e-01,1.756726e-02,9.528892e-03,9.132504e-02,1.526242e-02,3.462660e-02,6.143145e-03,5.871857e-03,1.707470e-01,4.498647e-03,5.695628e-02,1.089337e-01,3.023741e-01,2.944319e-03,1.171596e-02
1.305801e-01,2.314572e-02,7.397227e-03,7.056270e-02,1.564599e-02,2.669919e-02,6.025056e-03,4.737162e-03,3.237871e-01,3.628044e-03,4.616634e-02,8.079053e-02,2.473195e-01,2.235287e-03,1.128003e-02
1.119392e-01,2.500698e-02,9.948855e-03,1.024773e-01,1.557357e-02,2.198021e-02,5.554276e-03,8.045605e-03,3.820832e-01,3.255046e-03,3.608974e-02,6.134760e-02,2.027023e-01,2.076484e-03,1.191961e-02
9.040758e-02,1.956415e-02,9.018486e-03,2.891319e-01,1.327214e-02,1.715626e-02,4.096463e-03,6.476027e-03,2.929744e-01,3.457934e-03,3.780314e-02,4.529287e-02,1.504133e-01,2.671934e-03,1.826348e-02
1.617893e-01,2.148307e-02,7.657044e-03,2.211819e-01,3.001344e-02,1.684097e-02,5.067991e-03,6.727622e-03,2.474389e-01,3.722541e-03,5.619228e-02,4.866777e-02,1.263536e-01,5.569855e-03,4.129373e-02
1.835203e-01,2.453089e-02,8.869708e-03,2.021131e-01,4.702704e-02,1.688224e-02,7.153144e-03,1.142875e-02,2.108463e-01,4.723072e-03,6.356041e-02,5.051994e-02,1.077227e-01,7.444602e-03,5.365774e-02
1.834899e-01,3.389966e-02,7.390735e-02,1.784187e-01,4.857591e-02,1.592979e-02,6.206697e-03,1.275831e-02,1.603674e-01,8.543274e-03,7.060242e-02,3.936556e-02,8.439589e-02,1.862399e-02,6.491508e-02
2.727045e-01,3.786122e-02,6.079280e-02,1.317708e-01,6.530458e-02,2.404103e-02,7.297235e-03,1.583488e-02,1.242696e-01,7.350644e-03,5.715223e-02,3.386161e-02,7.549186e-02,1.977670e-02,6.649026e-02
2.774936e-01,3.873212e-02,4.970910e-02,9.669506e-02,7.115132e-02,3.253593e-02,6.844236e-03,1.399432e-02,9.680569e-02,6.728680e-03,4.525713e-02,3.238313e-02,1.048992e-01,2.539229e-02,1.013781e-01
3.397775e-01,3.428085e-02,3.999402e-02,7.808982e-02,6.245109e-02,2.863119e-02,6.226849e-03,1.648978e-02,7.630859e-02,6.923508e-03,3.680000e-02,4.201213e-02,1.023355e-01,2.347667e-02,1.062025e-01
3.450525e-01,4.019718e-02,4.441854e-02,8.063031e-02,6.106458e-02,2.647828e-02,6.367526e-03,2.342889e-02,6.416374e-02,7.889359e-03,3.136508e-02,5.478458e-02,8.941280e-02,2.156579e-02,1.031807e-01
3.142546e-01,5.153467e-02,7.840961e-02,7.848856e-02,7.127590e-02,2.639462e-02,7.777622e-03,5.947414e-02,5.895795e-02,7.839747e-03,2.476926e-02,4.342148e-02,6.956766e-02,2.104406e-02,8.679010e-02
3.385565e-01,5.089222e-02,8.017200e-02,6.663267e-02,7.674330e-02,2.617806e-02,8.713759e-03,6.310905e-02,5.353587e-02,7.301299e-03,1.908577e-02,3.384678e-02,8.171356e-02,1.885217e-02,7.466696e-02
3.307780e-01,4.487346e-02,1.000826e-01,5.950534e-02,8.557498e-02,2.366898e-02,1.039012e-02,8.949722e-02,4.345499e-02,7.643258e-03,1.459736e-02,3.111377e-02,7.922879e-02,1.949793e-02,6.009322e-02
3.640496e-01,3.650139e-02,1.175215e-01,7.471231e-02,6.747759e-02,2.222570e-02,8.974697e-03,1.031216e-01,3.446487e-02,7.672941e-03,1.183776e-02,2.757443e-02,6.171932e-02,1.592107e-02,4.622519e-02
4.111418e-01,3.506928e-02,9.868099e-02,6.927708e-02,7.429472e-02,1.954003e-02,8.378386e-03,1.117806e-01,2.982051e-02,7.266708e-03,1.062652e-02,2.365490e-02,4.845051e-02,1.388813e-02,3.812988e-02
4.752884e-01,3.608333e-02,7.706611e-02,5.580887e-02,6.292650e-02,2.310546e-02,8.128103e-03,9.775486e-02,3.040344e-02,9.678395e-03,1.125450e-02,2.456881e-02,3.940443e-02,1.394273e-02,3.458609e-02
4.966971e-01,3.138242e-02,6.098123e-02,4.656833e-02,5.896356e-02,3.421978e-02,7.685481e-03,9.061705e-02,4.051378e-02,1.125818e-02,1.311538e-02,2.732671e-02,3.311015e-02,1.288148e-02,3.467942e-02
4.914946e-01,2.616830e-02,4.967701e-02,4.141571e-02,5.317439e-02,3.924176e-02,7.539133e-03,1.122647e-01,4.226447e-02,1.054682e-02,1.271840e-02,2.772872e-02,3.589416e-02,1.195212e-02,3.791979e-02
4.889352e-01,2.312307e-02,4.152863e-02,3.530454e-02,4.368918e-02,3.553692e-02,7.474600e-03,1.406758e-01,4.220573e-02,1.189951e-02,1.133846e-02,2.365213e-02,4.618198e-02,1.083264e-02,3.762158e-02
1.000000e+00,0.000000e+00,0.000000e+00,0.000000e+00,0.000000e+00,0.000000e+00,0.000000e+00,0.000000e+00,0.000000e+00,0.000000e+00,0.000000e+00,0.000000e+00,0.000000e+00,0.000000e+00,0.000000e+00
1.000000e+00,0.000000e+00,0.000000e+00,0.000000e+00,0.000000e+00,0.000000e+00,0.000000e+00,0.000000e+00,0.000000e+00,0.000000e+00,0.000000e+00,0.000000e+00,0.000000e+00,0.000000e+00,0.000000e+00
1.000000e+00,0.000000e+00,0.000000e+00,0.000000e+00,0.000000e+00,0.000000e+00,0.000000e+00,0.000000e+00,0.000000e+00,0.000000e+00,0.000000e+00,0.000000e+00,0.000000e+00,0.000000e+00,0.000000e+00
4.058973e-01,3.301280e-02,2.545089e-02,5.141452e-02,2.094264e-02,2.999365e-02,6.661652e-03,1.166426e-01,3.749104e-02,3.209037e-02,2.062366e-02,4.486056e-02,3.097553e-02,1.240565e-02,1.315372e-01
2.849045e-01,4.307174e-02,2.264556e-02,5.843069e-02,1.496416e-02,2.153050e-02,4.694500e-03,8.171056e-02,6.973124e-02,4.596250e-02,1.608052e-02,3.192762e-02,2.318286e-02,8.875950e-03,2.722872e-01
2.012645e-01,3.195114e-02,1.850350e-02,4.313713e-02,1.079575e-02,1.561498e-02,3.340756e-03,5.729071e-02,1.008211e-01,1.024196e-01,1.302321e-02,2.264120e-02,1.827354e-02,7.942863e-03,3.529801e-01
1.496728e-01,2.998297e-02,1.596452e-02,3.322565e-02,8.356732e-03,1.214011e-02,2.495082e-03,4.032616e-02,1.190167e-01,1.427573e-01,1.086539e-02,1.626227e-02,1.621775e-02,8.507592e-03,3.942091e-01
1.057340e-01,5.828610e-02,2.250972e-02,3.363477e-02,5.905295e-03,8.713889e-03,1.774984e-03,2.829617e-02,1.303859e-01,1.348732e-01,8.030684e-03,1.185000e-02,1.220347e-02,6.930218e-03,4.308716e-01
7.880373e-02,4.452462e-02,1.953739e-02,2.480014e-02,4.207606e-03,6.579341e-03,1.281813e-03,1.989890e-02,1.085764e-01,1.180359e-01,6.079462e-03,8.413022e-03,9.145531e-03,1.336860e-02,5.367476e-01
6.798622e-02,3.952922e-02,2.863545e-02,2.982459e-02,3.146525e-03,5.070372e-03,9.411701e-04,1.408813e-02,1.499084e-01,1.386338e-01,5.801017e-03,6.203664e-03,7.416681e-03,2.116183e-02,4.816530e-01
5.208009e-02,3.117623e-02,2.653243e-02,2.759230e-02,2.338125e-03,4.491805e-03,7.020058e-04,9.916557e-03,1.325750e-01,1.176348e-01,6.834405e-03,5.194894e-03,7.597570e-03,4.414170e-02,5.311920e-01
3.903484e-02,2.461940e-02,1.955043e-02,2.005764e-02,1.903081e-03,3.458533e-03,5.067667e-04,6.959505e-03,1.082398e-01,9.955453e-02,9.115016e-03,5.471643e-03,1.062023e-02,1.200648e-01,5.308439e-01
2.891005e-02,2.342029e-02,1.406056e-02,1.501591e-02,1.406498e-03,2.606267e-03,3.742791e-04,4.888056e-03,1.105064e-01,7.930963e-02,7.594971e-03,4.527690e-03,8.076927e-03,1.341096e-01,5.651929e-01
2.364070e-02,2.084071e-02,1.011561e-02,1.108361e-02,1.263723e-03,2.167981e-03,2.818909e-04,3.445034e-03,9.018490e-02,6.001739e-02,8.623615e-03,4.414609e-03,1.195530e-02,1.918557e-01,5.601093e-01
2.305013e-02,3.458746e-02,8.307415e-03,9.201407e-03,1.319421e-03,2.715473e-03,2.259947e-04,3.674063e-03,1.865106e-01,4.795525e-02,8.745500e-03,4.429121e-03,1.559122e-02,1.588811e-01,4.948058e-01
1.738067e-02,5.468095e-02,8.262817e-03,1.020296e-02,9.820315e-04,2.052159e-03,1.751036e-04,2.627758e-03,2.251010e-01,4.196923e-02,7.163642e-03,3.747079e-03,1.142136e-02,1.332876e-01,4.809456e-01
3.001196e-02,4.341019e-02,6.680370e-03,7.297827e-03,8.945493e-04,1.693706e-03,1.409596e-04,2.014132e-03,1.600895e-01,3.077060e-02,6.814613e-03,3.091273e-03,9.317648e-03,2.527082e-01,4.450645e-01
3.559341e-02,3.507446e-02,5.491945e-03,5.392113e-03,9.539536e-04,1.695665e-03,1.508503e-04,1.655968e-03,1.152120e-01,2.295935e-02,5.937806e-03,2.591585e-03,7.509753e-03,2.933820e-01,4.663992e-01
3.531005e-02,2.568498e-02,4.245934e-03,3.827815e-03,7.675540e-04,1.377680e-03,1.279947e-04,1.253707e-03,8.208286e-02,1.747061e-02,4.906097e-03,2.063040e-03,5.677619e-03,3.928326e-01,4.223714e-01
6.170819e-02,2.084955e-02,4.253018e-03,3.018372e-03,1.015883e-03,1.642078e-03,1.730169e-04,1.358923e-03,6.438395e-02,1.516490e-02,4.757363e-03,2.961639e-03,5.596159e-03,4.036888e-01,4.094281e-01
7.097761e-02,1.894642e-02,4.677394e-03,2.349523e-03,1.189676e-03,1.549612e-03,1.737001e-04,1.486558e-03,5.745956e-02,2.348566e-02,4.517065e-03,3.000831e-03,6.997129e-03,4.123141e-01,3.908752e-01
8.200254e-02,2.417033e-02,4.382243e-03,2.393120e-03,1.128441e-03,2.350152e-03,2.490350e-04,1.377656e-03,6.692161e-02,2.420615e-02,3.863501e-03,2.938763e-03,7.159491e-03,3.415501e-01,4.353068e-01
1.235383e-01,3.496678e-02,4.806451e-03,5.782213e-03,3.572657e-03,3.056495e-03,4.725765e-04,2.621847e-03,1.306344e-01,2.805982e-02,4.601587e-03,3.323801e-03,1.059675e-02,2.605651e-01,3.834011e-01
9.510357e-02,3.163850e-02,4.151278e-03,4.573780e-03,2.557313e-03,2.476007e-03,3.683215e-04,1.925924e-03,1.289180e-01,2.585322e-02,3.773701e-03,2.630646e-03,7.760939e-03,3.490542e-01,3.392146e-01
8.331174e-02,2.586342e-02,5.372692e-03,4.352811e-03,2.271053e-03,1.954216e-03,3.141422e-04,1.656695e-03,1.057321e-01,2.189038e-02,4.289733e-03,2.338549e-03,6.392176e-03,4.428508e-01,2.914094e-01
7.628411e-02,3.319020e-02,5.667883e-03,3.822079e-03,2.745392e-03,1.658045e-03,2.753046e-04,1.698048e-03,9.177394e-02,1.769307e-02,4.543600e-03,2.089334e-03,5.981075e-03,4.971240e-01,2.554539e-01
1.085481e-01,4.605024e-02,4.659514e-02,6.759367e-02,2.081064e-02,7.891412e-03,6.598007e-04,9.837115e-03,9.250171e-02,1.343370e-02,7.315716e-03,2.605341e-03,6.830322e-03,3.624795e-01,2.068476e-01
1.882459e-01,3.857261e-02,8.803502e-02,8.957817e-02,2.519090e-02,7.949759e-03,7.793739e-04,1.209401e-02,9.329977e-02,1.086305e-02,8.730602e-03,4.921628e-03,7.196147e-03,2.635426e-01,1.610005e-01
1.945001e-01,3.552852e-02,1.144540e-01,9.818079e-02,2.791613e-02,6.946655e-03,7.977611e-04,2.840722e-02,1.223961e-01,9.975439e-03,1.232882e-02,4.941404e-03,6.973217e-03,2.079279e-01,1.287259e-01
1.840524e-01,3.716575e-02,1.402747e-01,9.086886e-02,3.882672e-02,9.684771e-03,1.076010e-03,5.068645e-02,1.273940e-01,9.613305e-03,1.377659e-02,4.468269e-03,7.100115e-03,1.619028e-01,1.231093e-01
1.774473e-01,4.089614e-02,1.699484e-01,9.305981e-02,4.026081e-02,1.054627e-02,1.188113e-03,4.474817e-02,1.417563e-01,1.117682e-02,1.375313e-02,4.227480e-03,6.153180e-03,1.308098e-01,1.140282e-01
2.030875e-01,4.440854e-02,1.608854e-01,9.083040e-02,4.226392e-02,1.183112e-02,1.622471e-03,4.307639e-02,1.743202e-01,1.335620e-02,1.536907e-02,3.893831e-03,7.707633e-03,9.704260e-02,9.030465e-02
3.060740e-01,4.168555e-02,1.196616e-01,7.043470e-02,3.669179e-02,1.103025e-02,1.824065e-03,4.476775e-02,1.673559e-01,1.101088e-02,1.430873e-02,5.041350e-03,1.445392e-02,7.800533e-02,7.765416e-02
3.358020e-01,4.148880e-02,8.973050e-02,5.404984e-02,3.153605e-02,1.200167e-02,2.196206e-03,4.376168e-02,2.036632e-01,1.084169e-02,1.319045e-02,4.857258e-03,2.195835e-02,6.733690e-02,6.758545e-02
3.694756e-01,4.766935e-02,6.731170e-02,4.571977e-02,2.747355e-02,1.471316e-02,2.373678e-03,6.892350e-02,1.995279e-01,1.108280e-02,1.214705e-02,5.378437e-03,1.987724e-02,5.174019e-02,5.658599e-02
4.462050e-01,5.635236e-02,5.090572e-02,3.514137e-02,2.452968e-02,1.932531e-02,2.614009e-03,6.530957e-02,1.676936e-01,8.846429e-03,1.161388e-02,5.692078e-03,1.830853e-02,4.123084e-02,4.623160e-02
4.426004e-01,9.288236e-02,4.037966e-02,2.652581e-02,2.673632e-02,3.113889e-02,2.562267e-03,5.271607e-02,1.650317e-01,7.275871e-03,9.850509e-03,5.607893e-03,1.611096e-02,3.549426e-02,4.508693e-02
1.000000e+00,0.000000e+00,0.000000e+00,0.000000e+00,0.000000e+00,0.000000e+00,0.000000e+00,0.000000e+00,0.000000e+00,0.000000e+00,0.000000e+00,0.000000e+00,0.000000e+00,0.000000e+00,0.000000e+00
1.000000e+00,0.000000e+00,0.000000e+00,0.000000e+00,0.000000e+00,0.000000e+00,0.000000e+00,0.000000e+00,0.000000e+00,0.000000e+00,0.000000e+00,0.000000e+00,0.000000e+00,0.000000e+00,0.000000e+00
1.000000e+00,0.000000e+00,0.000000e+00,0.000000e+00,0.000000e+00,0.000000e+00,0.000000e+00,0.000000e+00,0.000000e+00,0.000000e+00,0.000000e+00,0.000000e+00,0.000000e+00,0.000000e+00,0.000000e+00
1.000000e+00,0.000000e+00,0.000000e+00,0.000000e+00,0.000000e+00,0.000000e+00,0.000000e+00,0.000000e+00,0.000000e+00,0.000000e+00,0.000000e+00,0.000000e+00,0.000000e+00,0.000000e+00,0.000000e+00
1.000000e+00,0.000000e+00,0.000000e+00,0.000000e+00,0.000000e+00,0.000000e+00,0.000000e+00,0.000000e+00,0.000000e+00,0.000000e+00,0.000000e+00,0.000000e+00,0.000000e+00,0.000000e+00,0.000000e+00
4.495553e-01,4.860203e-02,1.454886e-02,1.917101e-02,1.348868e-02,1.749784e-02,1.686588e-03,1.615298e-02,7.980192e-02,4.754350e-02,2.093706e-02,2.611937e-02,1.863547e-02,1.225863e-01,1.036730e-01
3.332777e-01,3.682614e-02,1.124035e-02,1.394023e-02,9.968761e-03,1.329811e-02,1.260526e-03,1.146251e-02,7.096644e-02,6.653319e-02,3.893903e-02,2.035309e-02,1.678303e-02,2.493446e-01,1.058064e-01
2.356102e-01,2.768629e-02,8.660374e-03,1.011928e-02,7.352284e-03,1.024321e-02,9.758090e-04,8.240635e-03,5.639073e-02,9.425697e-02,6.033705e-02,1.738144e-02,1.425016e-02,3.660090e-01,8.248654e-02
1.675025e-01,2.030132e-02,6.430344e-03,7.326997e-03,5.435336e-03,7.687599e-03,8.095360e-04,5.971464e-03,4.665301e-02,1.356178e-01,1.105614e-01,1.328754e-02,1.093702e-02,3.882472e-01,7.323093e-02
1.305534e-01,1.726991e-02,5.049425e-03,8.384667e-03,1.007285e-02,9.912459e-03,9.001311e-04,4.883957e-03,3.814935e-02,1.608161e-01,1.494243e-01,1.109316e-02,9.251479e-03,3.780591e-01,6.617972e-02
9.753525e-02,1.493390e-02,4.664300e-03,7.630624e-03,1.614168e-02,1.667769e-02,1.129632e-03,4.196465e-03,2.937761e-02,1.992082e-01,1.810481e-01,1.005263e-02,7.581262e-03,3.522093e-01,5.761350e-02
7.479424e-02,1.219923e-02,4.144846e-03,6.480317e-03,1.984154e-02,1.646272e-02,1.537765e-03,3.621925e-03,2.321220e-02,2.327597e-01,1.892091e-01,9.309811e-03,6.254704e-03,3.506114e-01,4.956048e-02
6.641586e-02,9.492737e-03,3.360268e-03,5.728494e-03,1.590508e-02,1.301887e-02,1.386288e-03,3.338807e-03,2.951518e-02,2.238311e-01,2.239543e-01,8.659471e-03,4.923139e-03,3.532716e-01,3.719884e-02
4.914064e-02,1.453872e-02,2.721197e-03,5.805248e-03,1.852717e-02,2.401460e-02,1.396985e-03,2.961361e-03,3.939053e-02,2.086687e-01,2.202862e-01,7.854734e-03,4.325921e-03,3.696651e-01,3.070281e-02
3.505237e-02,1.050179e-01,2.520106e-03,4.991803e-03,1.740464e-02,1.234290e-01,1.145734e-03,2.314747e-03,4.975839e-02,1.562570e-01,1.783727e-01,6.591974e-03,3.632956e-03,2.890119e-01,2.449876e-02
2.582859e-02,2.119760e-01,3.609179e-03,4.595087e-03,1.655005e-02,1.163026e-01,9.198860e-04,1.934865e-03,6.852731e-02,1.130396e-01,1.662885e-01,7.639324e-03,3.278499e-03,2.402942e-01,1.921635e-02
2.112721e-02,2.554364e-01,5.159779e-03,1.925246e-02,1.617347e-02,1.001106e-01,7.320083e-04,2.095646e-03,9.961106e-02,8.128440e-02,1.588822e-01,7.579148e-03,5.876968e-03,2.073185e-01,1.936024e-02
1.622621e-02,2.176140e-01,4.463532e-03,1.582078e-02,1.226149e-02,8.017192e-02,5.929478e-04,2.522452e-03,8.259814e-02,5.887535e-02,2.634994e-01,8.217170e-03,1.822731e-02,2.008600e-01,1.804930e-02
1.222692e-02,1.671064e-01,4.298498e-03,1.241945e-02,1.017663e-02,7.633321e-02,4.601438e-04,2.096368e-03,7.906033e-02,4.345028e-02,3.515992e-01,1.053675e-02,2.045679e-02,1.960410e-01,1.373794e-02
1.432298e-02,1.329856e-01,1.021041e-02,1.420322e-02,9.704150e-03,8.496689e-02,9.878378e-04,6.584526e-03,1.049241e-01,3.878208e-02,3.070154e-01,1.018084e-02,1.806960e-02,2.366711e-01,1.039119e-02
1.761744e-02,1.035378e-01,1.213982e-02,1.342522e-02,1.084314e-02,6.780583e-02,1.403874e-03,9.091303e-03,1.386063e-01,6.657535e-02,2.959999e-01,1.048205e-02,1.560855e-02,2.289052e-01,7.958265e-03
2.117151e-02,7.566091e-02,1.194271e-02,1.339403e-02,1.442421e-02,5.627929e-02,6.651117e-03,2.695782e-02,1.343729e-01,1.209121e-01,2.594048e-01,1.128888e-02,2.364139e-02,2.168518e-01,7.046483e-03
1.631492e-02,5.747133e-02,9.518819e-03,1.094081e-02,1.670834e-02,4.341305e-02,7.506983e-03,2.033726e-02,1.080034e-01,1.716072e-01,3.252300e-01,1.163797e-02,2.625125e-02,1.684871e-01,6.571531e-03
1.394908e-02,5.363934e-02,9.290151e-03,9.312026e-03,2.321729e-02,4.147371e-02,7.528982e-03,1.489537e-02,1.112227e-01,2.691731e-01,2.800256e-01,1.008899e-02,2.572253e-02,1.242515e-01,6.209675e-03
1.331084e-02,6.329459e-02,9.277681e-03,7.515078e-03,1.967442e-02,4.092896e-02,6.302019e-03,1.138839e-02,1.370015e-01,2.612313e-01,2.667570e-01,2.275650e-02,3.515352e-02,9.799802e-02,7.410194e-03
1.342632e-02,7.088920e-02,1.064729e-02,8.601160e-03,1.571852e-02,7.067866e-02,4.926847e-03,1.394206e-02,1.524350e-01,2.503370e-01,2.237015e-01,4.591426e-02,4.029372e-02,7.099687e-02,7.491608e-03
1.425972e-02,6.594960e-02,1.034433e-02,7.307128e-03,1.266634e-02,6.647398e-02,4.084251e-03,1.169535e-02,1.596315e-01,2.330317e-01,2.217706e-01,7.454485e-02,5.924311e-02,5.267044e-02,6.327061e-03
1.797286e-02,5.585162e-02,2.561830e-02,5.460091e-03,4.679269e-02,6.429716e-02,8.840874e-03,1.033174e-02,2.067509e-01,1.747688e-01,2.126517e-01,6.088750e-02,5.704221e-02,4.731515e-02,5.418416e-03
2.282101e-02,5.816219e-02,4.216651e-02,4.240633e-03,3.922205e-02,5.327912e-02,7.024600e-03,8.679274e-03,1.597109e-01,2.415483e-01,1.941757e-01,6.592054e-02,6.108103e-02,3.658225e-02,5.385928e-03
2.539408e-02,5.871671e-02,6.450388e-02,3.006684e-02,8.803606e-02,5.316175e-02,8.736923e-03,1.120013e-02,1.424430e-01,2.107938e-01,1.454450e-01,6.130973e-02,6.569486e-02,2.707934e-02,7.418011e-03
1.880997e-02,4.151158e-02,4.557073e-02,2.347754e-02,6.599325e-02,4.266930e-02,6.785592e-03,8.049721e-03,1.040237e-01,1.867859e-01,1.174821e-01,2.041140e-01,1.080889e-01,2.008334e-02,6.554237e-03
1.379125e-02,2.966112e-02,3.240179e-02,1.773055e-02,4.918563e-02,3.115267e-02,5.039138e-03,5.753251e-03,9.021388e-02,1.768450e-01,9.951407e-02,2.891924e-01,1.387701e-01,1.489548e-02,5.853832e-03
1.027200e-02,2.262500e-02,2.413750e-02,1.359964e-02,3.766637e-02,2.407458e-02,4.284978e-03,4.299119e-03,8.005860e-02,2.628598e-01,8.878322e-02,2.607120e-01,1.420337e-01,1.295944e-02,1.163417e-02
8.163248e-03,1.680875e-02,1.753034e-02,1.059634e-02,3.135543e-02,1.910308e-02,4.283260e-03,4.937287e-03,9.375058e-02,3.631756e-01,7.500737e-02,2.091495e-01,1.214100e-01,1.116263e-02,1.356657e-02
1.141406e-02,1.267068e-02,1.319578e-02,9.956148e-03,4.720093e-02,1.602751e-02,5.779380e-03,1.639277e-02,1.158886e-01,3.478958e-01,6.067127e-02,1.820964e-01,1.100105e-01,1.044155e-02,4.035859e-02
1.046697e-02,1.293294e-02,1.245184e-02,8.081769e-03,3.972172e-02,1.282568e-02,4.923118e-03,1.243095e-02,1.080647e-01,3.900682e-01,4.684924e-02,1.552823e-01,1.058574e-01,9.291676e-03,7.075147e-02
1.716146e-02,1.089333e-02,1.227092e-02,1.004676e-02,5.138210e-02,1.851210e-02,1.126955e-02,2.061534e-02,9.615792e-02,4.049886e-01,3.709419e-02,1.333189e-01,1.034975e-01,7.178961e-03,6.561241e-02
4.390499e-02,1.001824e-02,1.482601e-02,1.689410e-02,7.374780e-02,2.251376e-02,1.095157e-02,1.938533e-02,8.668055e-02,3.831047e-01,3.499229e-02,1.343699e-01,9.486774e-02,5.836009e-03,4.790700e-02
3.710023e-02,8.062202e-03,1.196876e-02,1.281485e-02,9.638514e-02,1.772342e-02,8.879380e-03,1.492336e-02,6.549018e-02,3.585280e-01,4.691149e-02,1.685014e-01,1.066516e-01,6.450644e-03,3.960927e-02
2.741580e-02,6.174299e-03,8.839346e-03,9.707537e-03,7.131185e-02,1.470704e-02,6.591427e-03,1.103861e-02,4.980415e-02,3.321354e-01,7.681088e-02,2.443975e-01,1.054569e-01,5.115874e-03,3.049333e-02
1.973751e-02,4.500655e-03,6.295776e-03,6.957461e-03,5.050854e-02,1.187074e-02,4.743099e-03,7.771562e-03,3.761584e-02,3.669445e-01,7.629441e-02,2.996610e-01,8.124352e-02,4.020442e-03,2.183498e-02
1.446503e-02,3.361503e-03,4.500933e-03,5.057596e-03,3.589734e-02,1.000754e-02,3.426281e-03,5.467170e-03,2.966047e-02,4.028278e-01,7.275475e-02,3.266233e-01,6.688078e-02,3.242132e-03,1.582744e-02
1.253711e-02,2.644245e-03,3.217478e-03,3.930061e-03,2.567758e-02,2.271187e-02,2.446249e-03,3.991735e-03,2.559026e-02,3.579432e-01,7.010841e-02,4.044263e-01,5.077301e-02,2.507569e-03,1.149493e-02
1.014452e-02,1.986524e-03,2.284014e-03,3.014684e-03,1.832077e-02,2.051537e-02,1.745033e-03,2.861782e-03,2.365669e-02,3.162473e-01,6.264967e-02,4.857968e-01,4.067235e-02,1.894621e-03,8.209818e-03
1.058402e-02,1.586340e-03,1.625997e-03,2.572419e-03,1.367875e-02,1.692049e-02,1.364517e-03,2.130427e-03,3.914826e-02,2.648426e-01,5.580646e-02,5.485551e-01,3.388756e-02,1.386316e-03,5.910726e-03
2.715672e-02,1.709399e-03,1.752169e-03,2.155909e-03,1.370918e-02,1.426561e-02,1.281189e-03,2.012208e-03,4.662628e-02,3.140016e-01,4.698418e-02,4.943202e-01,2.857480e-02,1.035950e-03,4.414702e-03
3.052617e-02,1.390727e-03,1.351992e-03,1.710411e-03,1.184155e-02,1.146246e-02,1.019631e-03,1.561724e-03,4.073904e-02,4.024977e-01,3.815337e-02,4.302568e-01,2.339056e-02,8.138209e-04,3.284039e-03
3.302144e-02,1.118313e-03,1.017904e-03,1.301304e-03,8.935829e-03,1.048080e-02,7.928160e-04,1.194815e-03,3.355438e-02,4.572131e-01,3.253523e-02,3.971581e-01,1.850566e-02,7.319853e-04,2.438366e-03
2.549734e-02,9.973149e-04,7.638843e-04,9.932026e-04,6.916317e-03,7.724433e-03,6.118694e-04,8.877227e-04,2.716685e-02,5.564805e-01,2.559513e-02,3.298490e-01,1.406086e-02,6.168884e-04,1.838627e-03
1.898942e-02,1.999356e-03,6.872257e-04,8.478616e-04,6.501566e-03,5.504671e-03,5.375179e-04,6.791690e-04,4.095893e-02,6.206883e-01,2.150825e-02,2.679915e-01,1.106191e-02,5.476152e-04,1.496692e-03
1.412149e-02,2.207006e-03,5.925465e-04,7.549074e-04,5.108168e-03,4.461403e-03,4.282967e-04,5.198081e-04,5.000114e-02,5.903645e-01,2.500372e-02,2.939293e-01,1.069334e-02,4.851721e-04,1.329136e-03
1.278538e-02,1.905705e-03,6.252149e-04,1.549381e-03,4.936008e-03,1.523936e-02,4.877964e-04,1.715572e-03,6.122879e-02,5.138004e-01,3.457458e-02,3.358057e-01,1.355865e-02,5.058076e-04,1.281677e-03
9.966666e-03,3.748209e-03,1.576011e-03,1.451361e-03,4.563022e-03,1.473388e-02,4.032515e-04,1.296827e-03,8.766454e-02,4.024664e-01,3.365438e-02,4.220572e-01,1.388973e-02,4.913287e-04,2.037172e-03
7.580054e-03,3.681655e-03,2.464283e-03,1.204349e-03,4.494754e-03,1.732327e-02,5.710439e-04,1.305956e-03,1.725278e-01,3.417159e-01,4.210118e-02,3.883719e-01,1.466180e-02,4.008569e-04,1.595196e-03
5.948856e-03,3.390933e-03,1.984075e-03,9.494579e-04,3.723720e-03,7.188252e-02,5.062325e-04,1.220998e-03,2.877630e-01,2.782546e-01,3.605809e-02,2.888218e-01,1.798428e-02,3.236205e-04,1.187816e-03
8.226661e-03,3.153702e-03,1.868527e-03,1.084289e-03,5.005199e-03,7.584552e-02,6.668500e-04,4.032345e-03,2.803555e-01,3.483526e-01,2.932803e-02,2.225180e-01,1.803089e-02,4.287831e-04,1.103110e-03
1.436055e-02,4.628010e-03,3.087633e-03,2.086783e-03,1.015527e-02,1.039945e-01,7.204233e-04,3.512210e-03,2.795475e-01,3.583479e-01,2.563372e-02,1.650382e-01,2.558127e-02,1.180847e-03,2.125240e-03
2.337790e-02,5.355182e-03,1.082626e-02,4.137051e-03,2.285713e-02,1.406830e-01,2.512726e-03,1.058180e-02,2.556839e-01,3.432018e-01,2.552468e-02,1.232161e-01,2.637819e-02,2.864832e-03,2.799508e-03
2.902558e-02,7.913077e-03,8.858963e-03,4.613355e-03,3.667846e-02,1.323314e-01,3.926300e-03,9.645327e-03,3.262308e-01,2.965794e-01,2.223237e-02,9.165402e-02,2.311852e-02,3.503698e-03,3.688712e-03
