1.000000e+00,0.000000e+00,0.000000e+00,0.000000e+00,0.000000e+00,0.000000e+00,0.000000e+00,0.000000e+00,0.000000e+00,0.000000e+00,0.000000e+00,0.000000e+00,0.000000e+00,0.000000e+00,0.000000e+00
1.000000e+00,0.000000e+00,0.000000e+00,0.000000e+00,0.000000e+00,0.000000e+00,0.000000e+00,0.000000e+00,0.000000e+00,0.000000e+00,0.000000e+00,0.000000e+00,0.000000e+00,0.000000e+00,0.000000e+00
1.000000e+00,0.000000e+00,0.000000e+00,0.000000e+00,0.000000e+00,0.000000e+00,0.000000e+00,0.000000e+00,0.000000e+00,0.000000e+00,0.000000e+00,0.000000e+00,0.000000e+00,0.000000e+00,0.000000e+00
1.000000e+00,0.000000e+00,0.000000e+00,0.000000e+00,0.000000e+00,0.000000e+00,0.000000e+00,0.000000e+00,0.000000e+00,0.000000e+00,0.000000e+00,0.000000e+00,0.000000e+00,0.000000e+00,0.000000e+00
1.000000e+00,0.000000e+00,0.000000e+00,0.000000e+00,0.000000e+00,0.000000e+00,0.000000e+00,0.000000e+00,0.000000e+00,0.000000e+00,0.000000e+00,0.000000e+00,0.000000e+00,0.000000e+00,0.000000e+00
1.000000e+00,0.000000e+00,0.000000e+00,0.000000e+00,0.000000e+00,0.000000e+00,0.000000e+00,0.000000e+00,0.000000e+00,0.000000e+00,0.000000e+00,0.000000e+00,0.000000e+00,0.000000e+00,0.000000e+00
1.000000e+00,0.000000e+00,0.000000e+00,0.000000e+00,0.000000e+00,0.000000e+00,0.000000e+00,0.000000e+00,0.000000e+00,0.000000e+00,0.000000e+00,0.000000e+00,0.000000e+00,0.000000e+00,0.000000e+00
1.000000e+00,0.000000e+00,0.000000e+00,0.000000e+00,0.000000e+00,0.000000e+00,0.000000e+00,0.000000e+00,0.000000e+00,0.000000e+00,0.000000e+00,0.000000e+00,0.000000e+00,0.000000e+00,0.000000e+00
1.000000e+00,0.000000e+00,0.000000e+00,0.000000e+00,0.000000e+00,0.000000e+00,0.000000e+00,0.000000e+00,0.000000e+00,0.000000e+00,0.000000e+00,0.000000e+00,0.000000e+00,0.000000e+00,0.000000e+00
1.000000e+00,0.000000e+00,0.000000e+00,0.000000e+00,0.000000e+00,0.000000e+00,0.000000e+00,0.000000e+00,0.000000e+00,0.000000e+00,0.000000e+00,0.000000e+00,0.000000e+00,0.000000e+00,0.000000e+00
1.000000e+00,0.000000e+00,0.000000e+00,0.000000e+00,0.000000e+00,0.000000e+00,0.000000e+00,0.000000e+00,0.000000e+00,0.000000e+00,0.000000e+00,0.000000e+00,0.000000e+00,0.000000e+00,0.000000e+00
1.000000e+00,0.000000e+00,0.000000e+00,0.000000e+00,0.000000e+00,0.000000e+00,0.000000e+00,0.000000e+00,0.000000e+00,0.000000e+00,0.000000e+00,0.000000e+00,0.000000e+00,0.000000e+00,0.000000e+00
1.000000e+00,0.000000e+00,0.000000e+00,0.000000e+00,0.000000e+00,0.000000e+00,0.000000e+00,0.000000e+00,0.000000e+00,0.000000e+00,0.000000e+00,0.000000e+00,0.000000e+00,0.000000e+00,0.000000e+00
1.000000e+00,0.000000e+00,0.000000e+00,0.000000e+00,0.000000e+00,0.000000e+00,0.000000e+00,0.000000e+00,0.000000e+00,0.000000e+00,0.000000e+00,0.000000e+00,0.000000e+00,0.000000e+00,0.000000e+00
1.000000e+00,0.000000e+00,0.000000e+00,0.000000e+00,0.000000e+00,0.000000e+00,0.000000e+00,0.000000e+00,0.000000e+00,0.000000e+00,0.000000e+00,0.000000e+00,0.000000e+00,0.000000e+00,0.000000e+00
1.000000e+00,0.000000e+00,0.000000e+00,0.000000e+00,0.000000e+00,0.000000e+00,0.000000e+00,0.000000e+00,0.000000e+00,0.000000e+00,0.000000e+00,0.000000e+00,0.000000e+00,0.000000e+00,0.000000e+00
1.000000e+00,0.000000e+00,0.000000e+00,0.000000e+00,0.000000e+00,0.000000e+00,0.000000e+00,0.000000e+00,0.000000e+00,0.000000e+00,0.000000e+00,0.000000e+00,0.000000e+00,0.000000e+00,0.000000e+00
1.000000e+00,0.000000e+00,0.000000e+00,0.000000e+00,0.000000e+00,0.000000e+00,0.000000e+00,0.000000e+00,0.000000e+00,0.000000e+00,0.000000e+00,0.000000e+00,0.000000e+00,0.000000e+00,0.000000e+00
1.000000e+00,0.000000e+00,0.000000e+00,0.000000e+00,0.000000e+00,0.000000e+00,0.000000e+00,0.000000e+00,0.000000e+00,0.000000e+00,0.000000e+00,0.000000e+00,0.000000e+00,0.000000e+00,0.000000e+00
1.000000e+00,0.000000e+00,0.000000e+00,0.000000e+00,0.000000e+00,0.000000e+00,0.000000e+00,0.000000e+00,0.000000e+00,0.000000e+00,0.000000e+00,0.000000e+00,0.000000e+00,0.000000e+00,0.000000e+00
1.000000e+00,0.000000e+00,0.000000e+00,0.000000e+00,0.000000e+00,0.000000e+00,0.000000e+00,0.000000e+00,0.000000e+00,0.000000e+00,0.000000e+00,0.000000e+00,0.000000e+00,0.000000e+00,0.000000e+00
1.000000e+00,0.000000e+00,0.000000e+00,0.000000e+00,0.000000e+00,0.000000e+00,0.000000e+00,0.000000e+00,0.000000e+00,0.000000e+00,0.000000e+00,0.000000e+00,0.000000e+00,0.000000e+00,0.000000e+00
1.000000e+00,0.000000e+00,0.000000e+00,0.000000e+00,0.000000e+00,0.000000e+00,0.000000e+00,0.000000e+00,0.000000e+00,0.000000e+00,0.000000e+00,0.000000e+00,0.000000e+00,0.000000e+00,0.000000e+00
1.000000e+00,0.000000e+00,0.000000e+00,0.000000e+00,0.000000e+00,0.000000e+00,0.000000e+00,0.000000e+00,0.000000e+00,0.000000e+00,0.000000e+00,0.000000e+00,0.000000e+00,0.000000e+00,0.000000e+00
1.000000e+00,0.000000e+00,0.000000e+00,0.000000e+00,0.000000e+00,0.000000e+00,0.000000e+00,0.000000e+00,0.000000e+00,0.000000e+00,0.000000e+00,0.000000e+00,0.000000e+00,0.000000e+00,0.000000e+00
1.000000e+00,0.000000e+00,0.000000e+00,0.000000e+00,0.000000e+00,0.000000e+00,0.000000e+00,0.000000e+00,0.000000e+00,0.000000e+00,0.000000e+00,0.000000e+00,0.000000e+00,0.000000e+00,0.000000e+00
1.000000e+00,0.000000e+00,0.000000e+00,0.000000e+00,0.000000e+00,0.000000e+00,0.000000e+00,0.000000e+00,0.000000e+00,0.000000e+00,0.000000e+00,0.000000e+00,0.000000e+00,0.000000e+00,0.000000e+00
1.000000e+00,0.000000e+00,0.000000e+00,0.000000e+00,0.000000e+00,0.000000e+00,0.000000e+00,0.000000e+00,0.000000e+00,0.000000e+00,0.000000e+00,0.000000e+00,0.000000e+00,0.000000e+00,0.000000e+00
1.000000e+00,0.000000e+00,0.000000e+00,0.000000e+00,0.000000e+00,0.000000e+00,0.000000e+00,0.000000e+00,0.000000e+00,0.000000e+00,0.000000e+00,0.000000e+00,0.000000e+00,0.000000e+00,0.000000e+00
1.000000e+00,0.000000e+00,0.000000e+00,0.000000e+00,0.000000e+00,0.000000e+00,0.000000e+00,0.000000e+00,0.000000e+00,0.000000e+00,0.000000e+00,0.000000e+00,0.000000e+00,0.000000e+00,0.000000e+00
1.000000e+00,0.000000e+00,0.000000e+00,0.000000e+00,0.000000e+00,0.000000e+00,0.000000e+00,0.000000e+00,0.000000e+00,0.000000e+00,0.000000e+00,0.000000e+00,0.000000e+00,0.000000e+00,0.000000e+00
1.000000e+00,0.000000e+00,0.000000e+00,0.000000e+00,0.000000e+00,0.000000e+00,0.000000e+00,0.000000e+00,0.000000e+00,0.000000e+00,0.000000e+00,0.000000e+00,0.000000e+00,0.000000e+00,0.000000e+00
1.000000e+00,0.000000e+00,0.000000e+00,0.000000e+00,0.000000e+00,0.000000e+00,0.000000e+00,0.000000e+00,0.000000e+00,0.000000e+00,0.000000e+00,0.000000e+00,0.000000e+00,0.000000e+00,0.000000e+00
1.000000e+00,0.000000e+00,0.000000e+00,0.000000e+00,0.000000e+00,0.000000e+00,0.000000e+00,0.000000e+00,0.000000e+00,0.000000e+00,0.000000e+00,0.000000e+00,0.000000e+00,0.000000e+00,0.000000e+00
1.000000e+00,0.000000e+00,0.000000e+00,0.000000e+00,0.000000e+00,0.000000e+00,0.000000e+00,0.000000e+00,0.000000e+00,0.000000e+00,0.000000e+00,0.000000e+00,0.000000e+00,0.000000e+00,0.000000e+00
1.000000e+00,0.000000e+00,0.000000e+00,0.000000e+00,0.000000e+00,0.000000e+00,0.000000e+00,0.000000e+00,0.000000e+00,0.000000e+00,0.000000e+00,0.000000e+00,0.000000e+00,0.000000e+00,0.000000e+00
1.000000e+00,0.000000e+00,0.000000e+00,0.000000e+00,0.000000e+00,0.000000e+00,0.000000e+00,0.000000e+00,0.000000e+00,0.000000e+00,0.000000e+00,0.000000e+00,0.000000e+00,0.000000e+00,0.000000e+00
1.000000e+00,0.000000e+00,0.000000e+00,0.000000e+00,0.000000e+00,0.000000e+00,0.000000e+00,0.000000e+00,0.000000e+00,0.000000e+00,0.000000e+00,0.000000e+00,0.000000e+00,0.000000e+00,0.000000e+00
1.000000e+00,0.000000e+00,0.000000e+00,0.000000e+00,0.000000e+00,0.000000e+00,0.000000e+00,0.000000e+00,0.000000e+00,0.000000e+00,0.000000e+00,0.000000e+00,0.000000e+00,0.000000e+00,0.000000e+00
1.000000e+00,0.000000e+00,0.000000e+00,0.000000e+00,0.000000e+00,0.000000e+00,0.000000e+00,0.000000e+00,0.000000e+00,0.000000e+00,0.000000e+00,0.000000e+00,0.000000e+00,0.000000e+00,0.000000e+00
1.000000e+00,0.000000e+00,0.000000e+00,0.000000e+00,0.000000e+00,0.000000e+00,0.000000e+00,0.000000e+00,0.000000e+00,0.000000e+00,0.000000e+00,0.000000e+00,0.000000e+00,0.000000e+00,0.000000e+00
1.000000e+00,0.000000e+00,0.000000e+00,0.000000e+00,0.000000e+00,0.000000e+00,0.000000e+00,0.000000e+00,0.000000e+00,0.000000e+00,0.000000e+00,0.000000e+00,0.000000e+00,0.000000e+00,0.000000e+00
1.000000e+00,0.000000e+00,0.000000e+00,0.000000e+00,0.000000e+00,0.000000e+00,0.000000e+00,0.000000e+00,0.000000e+00,0.000000e+00,0.000000e+00,0.000000e+00,0.000000e+00,0.000000e+00,0.000000e+00
1.000000e+00,0.000000e+00,0.000000e+00,0.000000e+00,0.000000e+00,0.000000e+00,0.000000e+00,0.000000e+00,0.000000e+00,0.000000e+00,0.000000e+00,0.000000e+00,0.000000e+00,0.000000e+00,0.000000e+00
1.000000e+00,0.000000e+00,0.000000e+00,0.000000e+00,0.000000e+00,0.000000e+00,0.000000e+00,0.000000e+00,0.000000e+00,0.000000e+00,0.000000e+00,0.000000e+00,0.000000e+00,0.000000e+00,0.000000e+00
1.000000e+00,0.000000e+00,0.000000e+00,0.000000e+00,0.000000e+00,0.000000e+00,0.000000e+00,0.000000e+00,0.000000e+00,0.000000e+00,0.000000e+00,0.000000e+00,0.000000e+00,0.000000e+00,0.000000e+00
1.000000e+00,0.000000e+00,0.000000e+00,0.000000e+00,0.000000e+00,0.000000e+00,0.000000e+00,0.000000e+00,0.000000e+00,0.000000e+00,0.000000e+00,0.000000e+00,0.000000e+00,0.000000e+00,0.000000e+00
1.000000e+00,0.000000e+00,0.000000e+00,0.000000e+00,0.000000e+00,0.000000e+00,0.000000e+00,0.000000e+00,0.000000e+00,0.000000e+00,0.000000e+00,0.000000e+00,0.000000e+00,0.000000e+00,0.000000e+00
1.000000e+00,0.000000e+00,0.000000e+00,0.000000e+00,0.000000e+00,0.000000e+00,0.000000e+00,0.000000e+00,0.000000e+00,0.000000e+00,0.000000e+00,0.000000e+00,0.000000e+00,0.000000e+00,0.000000e+00
1.000000e+00,0.000000e+00,0.000000e+00,0.000000e+00,0.000000e+00,0.000000e+00,0.000000e+00,0.000000e+00,0.000000e+00,0.000000e+00,0.000000e+00,0.000000e+00,0.000000e+00,0.000000e+00,0.000000e+00
1.000000e+00,0.000000e+00,0.000000e+00,0.000000e+00,0.000000e+00,0.000000e+00,0.000000e+00,0.000000e+00,0.000000e+00,0.000000e+00,0.000000e+00,0.000000e+00,0.000000e+00,0.000000e+00,0.000000e+00
1.000000e+00,0.000000e+00,0.000000e+00,0.000000e+00,0.000000e+00,0.000000e+00,0.000000e+00,0.000000e+00,0.000000e+00,0.000000e+00,0.000000e+00,0.000000e+00,0.000000e+00,0.000000e+00,0.000000e+00
1.000000e+00,0.000000e+00,0.000000e+00,0.000000e+00,0.000000e+00,0.000000e+00,0.000000e+00,0.000000e+00,0.000000e+00,0.000000e+00,0.000000e+00,0.000000e+00,0.000000e+00,0.000000e+00,0.000000e+00
1.000000e+00,0.000000e+00,0.000000e+00,0.000000e+00,0.000000e+00,0.000000e+00,0.000000e+00,0.000000e+00,0.000000e+00,0.000000e+00,0.000000e+00,0.000000e+00,0.000000e+00,0.000000e+00,0.000000e+00
1.000000e+00,0.000000e+00,0.000000e+00,0.000000e+00,0.000000e+00,0.000000e+00,0.000000e+00,0.000000e+00,0.000000e+00,0.000000e+00,0.000000e+00,0.000000e+00,0.000000e+00,0.000000e+00,0.000000e+00
1.000000e+00,0.000000e+00,0.000000e+00,0.000000e+00,0.000000e+00,0.000000e+00,0.000000e+00,0.000000e+00,0.000000e+00,0.000000e+00,0.000000e+00,0.000000e+00,0.000000e+00,0.000000e+00,0.000000e+00
1.000000e+00,0.000000e+00,0.000000e+00,0.000000e+00,0.000000e+00,0.000000e+00,0.000000e+00,0.000000e+00,0.000000e+00,0.000000e+00,0.000000e+00,0.000000e+00,0.000000e+00,0.000000e+00,0.000000e+00
1.000000e+00,0.000000e+00,0.000000e+00,0.000000e+00,0.000000e+00,0.000000e+00,0.000000e+00,0.000000e+00,0.000000e+00,0.000000e+00,0.000000e+00,0.000000e+00,0.000000e+00,0.000000e+00,0.000000e+00
1.000000e+00,0.000000e+00,0.000000e+00,0.000000e+00,0.000000e+00,0.000000e+00,0.000000e+00,0.000000e+00,0.000000e+00,0.000000e+00,0.000000e+00,0.000000e+00,0.000000e+00,0.000000e+00,0.000000e+00
1.000000e+00,0.000000e+00,0.000000e+00,0.000000e+00,0.000000e+00,0.000000e+00,0.000000e+00,0.000000e+00,0.000000e+00,0.000000e+00,0.000000e+00,0.000000e+00,0.000000e+00,0.000000e+00,0.000000e+00
4.484470e-01,1.485659e-02,1.354187e-01,6.619604e-02,6.697562e-03,6.717780e-02,2.480073e-02,5.149119e-02,4.470821e-03,1.084376e-03,9.499134e-03,7.401865e-02,8.242026e-02,1.640824e-03,1.178033e-02
3.551860e-01,1.101659e-02,1.548130e-01,5.689009e-02,5.457754e-03,1.127293e-01,6.291255e-02,7.431622e-02,3.721972e-03,8.383963e-04,7.517601e-03,6.348783e-02,8.005553e-02,1.302055e-03,9.755135e-03
2.586925e-01,7.885232e-03,2.249711e-01,5.862137e-02,4.227632e-03,9.122442e-02,5.633242e-02,1.740919e-01,2.708516e-03,6.912251e-04,5.485828e-03,4.659137e-02,6.024451e-02,1.048243e-03,7.183730e-03
1.919308e-01,5.685758e-03,2.357621e-01,4.790360e-02,3.444122e-03,8.076728e-02,1.069845e-01,2.362145e-01,1.966504e-03,6.162610e-04,3.958665e-03,3.371597e-02,4.498351e-02,8.312337e-04,5.235088e-03
1.382142e-01,4.216088e-03,2.069109e-01,3.479654e-02,2.791572e-03,6.777962e-02,2.418667e-01,2.368866e-01,1.436110e-03,7.061608e-04,2.831062e-03,2.420697e-02,3.279424e-02,6.872978e-04,3.875917e-03
1.114874e-01,3.686224e-03,1.709050e-01,2.549185e-02,3.427630e-03,7.012537e-02,3.173942e-01,2.429345e-01,1.206238e-03,1.867348e-03,2.200033e-03,1.898600e-02,2.527439e-02,8.163555e-04,4.197440e-03
1.031837e-01,3.855477e-03,1.301642e-01,1.965654e-02,7.516732e-03,7.084012e-02,3.589458e-01,2.503822e-01,1.244090e-03,5.981333e-03,1.988661e-03,1.606537e-02,2.195410e-02,1.112600e-03,7.109007e-03
1.584281e-01,5.048665e-03,9.865094e-02,1.608944e-02,1.618967e-02,6.236215e-02,2.941128e-01,2.875516e-01,1.379904e-03,9.426657e-03,2.200765e-03,1.605227e-02,1.887880e-02,1.493514e-03,1.213472e-02
1.940208e-01,7.626600e-03,7.386812e-02,1.508654e-02,3.324027e-02,5.359198e-02,2.403685e-01,2.904424e-01,1.588624e-03,2.741439e-02,2.849201e-03,1.515051e-02,1.737326e-02,2.350158e-03,2.502857e-02
1.433372e-01,6.650870e-03,5.534494e-02,1.249493e-02,3.918096e-02,4.176081e-02,1.769299e-01,2.588621e-01,5.165954e-03,1.706364e-01,7.444540e-03,1.285778e-02,2.965649e-02,8.539848e-03,3.113728e-02
2.041653e-01,8.563239e-03,4.189718e-02,1.190115e-02,3.382536e-02,4.401954e-02,1.300136e-01,1.877314e-01,1.079714e-02,1.471804e-01,8.664238e-03,2.504873e-02,8.552620e-02,7.238090e-03,5.342830e-02
1.599973e-01,1.050485e-02,3.154997e-02,1.261795e-02,2.715900e-02,4.260723e-02,9.455386e-02,1.323930e-01,1.644234e-02,2.854239e-01,8.041817e-03,2.729236e-02,7.630396e-02,5.964948e-03,6.914748e-02
1.164014e-01,1.066266e-02,2.376292e-02,1.079950e-02,1.953558e-02,3.431829e-02,6.691043e-02,9.307200e-02,1.835812e-02,2.577646e-01,7.030259e-03,1.985675e-02,1.059496e-01,4.674330e-03,2.109035e-01
9.031191e-02,2.168415e-02,1.716696e-02,8.868000e-03,1.420381e-02,2.775420e-02,4.772814e-02,6.542595e-02,2.985704e-02,2.254966e-01,6.590833e-03,1.480569e-02,8.961334e-02,3.654640e-03,3.368388e-01
6.597648e-02,2.071936e-02,1.242986e-02,6.711063e-03,1.016176e-02,2.064928e-02,3.384568e-02,4.597118e-02,2.985383e-02,1.609803e-01,5.298267e-03,1.058863e-02,6.725548e-02,2.712996e-03,5.068458e-01
4.735588e-02,2.892992e-02,1.161051e-02,1.424400e-02,7.376966e-03,2.314575e-02,2.390553e-02,3.271182e-02,4.434356e-02,1.219331e-01,5.789406e-03,9.111529e-03,5.159306e-02,2.126432e-03,5.758226e-01
4.028875e-02,3.086541e-02,1.057014e-02,1.695483e-02,6.331473e-03,6.530865e-02,1.758374e-02,2.422815e-02,5.163827e-02,8.853118e-02,8.796092e-03,9.648444e-03,4.182827e-02,1.754738e-03,5.856719e-01
2.879846e-02,2.263772e-02,7.797023e-03,1.272372e-02,4.944791e-03,3.167074e-01,1.241398e-02,1.700613e-02,4.319120e-02,6.576692e-02,1.404167e-02,7.593006e-03,3.053574e-02,1.841302e-03,4.140010e-01
2.167260e-02,1.815814e-02,6.160317e-03,9.890558e-03,4.015958e-03,4.644183e-01,8.812092e-03,1.225107e-02,3.934185e-02,6.050635e-02,2.831316e-02,7.796586e-03,2.331564e-02,2.148535e-03,2.931989e-01
1.698660e-02,2.066009e-02,5.542497e-03,9.334031e-03,3.863012e-03,4.933801e-01,6.508443e-03,9.221769e-03,7.500538e-02,5.346051e-02,4.551294e-02,2.578269e-02,2.215632e-02,2.808189e-03,2.097774e-01
1.380604e-02,1.651167e-02,4.142254e-03,7.928347e-03,2.841905e-03,5.473434e-01,4.590778e-03,6.603346e-03,5.932356e-02,5.360505e-02,7.111363e-02,3.326147e-02,2.314813e-02,5.897564e-03,1.498829e-01
1.231616e-02,1.359758e-02,3.261684e-03,6.794642e-03,2.375277e-03,5.301840e-01,3.280358e-03,4.795840e-03,5.127123e-02,8.212785e-02,9.127778e-02,5.962326e-02,2.254991e-02,9.120286e-03,1.074242e-01
1.182824e-02,1.476869e-02,2.527626e-03,5.550497e-03,1.862738e-03,3.862456e-01,2.350941e-03,3.493961e-03,4.043831e-02,8.800927e-02,2.134992e-01,7.816371e-02,2.467949e-02,3.926145e-02,8.732028e-02
9.861028e-03,9.389805e-02,2.876182e-03,4.428167e-03,3.386398e-03,2.742912e-01,1.692682e-03,2.644138e-03,4.817624e-02,1.086717e-01,1.822559e-01,7.161754e-02,2.881672e-02,5.475475e-02,1.126293e-01
8.330720e-03,9.670618e-02,2.405017e-03,3.469126e-03,1.591714e-02,1.945407e-01,1.300856e-03,2.523272e-03,7.251914e-02,1.067144e-01,1.543987e-01,6.087079e-02,3.131293e-02,8.033571e-02,1.686552e-01
6.886461e-03,2.075168e-01,2.397117e-03,2.737991e-03,1.434378e-02,1.494692e-01,9.445093e-04,2.448256e-03,1.404130e-01,7.745705e-02,1.129877e-01,4.455338e-02,2.606183e-02,6.100757e-02,1.507752e-01
5.788235e-03,3.271783e-01,1.023306e-02,2.279594e-02,4.929917e-02,1.097452e-01,7.889012e-04,2.731162e-03,1.329016e-01,5.487327e-02,8.069256e-02,3.211240e-02,1.919010e-02,4.298401e-02,1.086860e-01
5.007827e-03,3.589581e-01,1.683666e-02,3.444247e-02,3.983982e-02,9.126642e-02,6.700013e-04,3.331643e-03,2.041571e-01,3.865672e-02,5.981818e-02,2.341202e-02,1.554524e-02,3.034364e-02,7.771422e-02
4.236463e-03,3.541774e-01,1.351963e-02,2.934970e-02,3.391887e-02,8.881795e-02,5.593910e-04,3.044043e-03,2.963696e-01,2.723995e-02,4.395050e-02,1.679112e-02,1.134044e-02,2.149825e-02,5.518674e-02
3.529402e-03,2.822201e-01,1.161483e-02,2.353762e-01,2.484591e-02,6.320441e-02,4.045107e-04,2.852600e-03,2.368628e-01,2.084093e-02,3.361867e-02,1.232241e-02,8.601404e-03,1.528331e-02,4.842264e-02
4.235482e-03,2.338247e-01,1.616587e-02,2.951286e-01,1.967620e-02,4.577195e-02,3.214068e-04,3.548161e-03,2.083989e-01,2.408285e-02,3.761978e-02,9.822628e-03,8.506277e-03,1.125337e-02,8.164397e-02
4.621099e-03,2.068142e-01,1.971003e-02,2.183997e-01,1.517716e-02,3.388292e-02,2.655147e-04,3.265105e-03,2.288481e-01,2.428267e-02,5.199559e-02,8.437506e-03,8.946265e-03,1.390470e-02,1.614495e-01
5.048953e-03,1.696645e-01,2.303387e-02,1.540271e-01,1.212654e-02,2.636311e-02,2.427662e-04,2.521854e-03,2.790978e-01,3.609582e-02,4.824410e-02,6.447665e-03,7.236962e-03,1.833071e-02,2.115183e-01
1.111825e-02,1.464680e-01,2.914133e-02,1.163208e-01,1.901410e-02,2.342592e-02,4.445827e-04,6.099497e-03,3.046445e-01,4.538288e-02,5.733549e-02,5.144228e-03,6.259804e-03,1.722614e-02,2.119746e-01
7.996990e-03,1.255386e-01,3.962580e-02,1.151977e-01,1.371157e-02,1.654861e-02,3.428317e-04,4.363233e-03,3.563736e-01,4.881431e-02,4.085358e-02,3.851675e-03,4.532549e-03,1.292939e-02,2.093197e-01
6.690803e-03,9.886064e-02,4.320065e-02,8.925346e-02,9.735814e-03,1.179387e-02,2.739040e-04,3.091181e-03,3.132525e-01,5.958350e-02,2.958547e-02,3.391400e-03,3.487205e-03,2.572529e-02,3.020743e-01
7.841012e-03,7.786965e-02,3.689807e-02,6.503709e-02,7.087769e-03,8.893413e-03,3.008784e-04,2.236237e-03,2.529581e-01,5.757020e-02,2.259911e-02,4.535600e-03,3.103050e-03,1.446945e-01,3.083754e-01
2.752412e-02,5.648439e-02,3.171027e-02,4.652223e-02,5.389150e-03,7.594803e-03,3.399488e-04,1.692235e-03,1.874710e-01,4.861936e-02,1.916888e-02,6.142440e-03,4.253644e-03,2.849464e-01,2.721411e-01
2.323740e-02,4.002135e-02,2.644868e-02,3.294000e-02,4.063566e-03,5.735246e-03,3.178497e-04,1.251832e-03,1.347633e-01,5.245737e-02,1.474937e-02,4.877635e-03,3.503799e-03,4.208201e-01,2.348125e-01
2.075224e-02,3.213082e-02,2.898509e-02,2.336174e-02,3.187332e-03,4.695095e-03,2.801190e-04,9.271438e-04,1.015366e-01,4.125877e-02,1.151415e-02,4.137205e-03,3.079491e-03,4.244395e-01,2.997146e-01
2.196647e-02,2.325690e-02,2.108231e-02,1.656393e-02,2.543918e-03,3.827653e-03,2.371588e-04,7.447670e-04,7.991438e-02,3.110792e-02,8.683918e-03,3.180158e-03,2.545700e-03,5.145083e-01,2.698365e-01
3.733577e-02,1.827583e-02,1.588682e-02,1.196096e-02,3.056142e-03,4.000184e-03,2.726039e-04,7.321249e-04,6.282699e-02,2.455286e-02,7.018433e-03,2.422171e-03,2.316248e-03,5.511141e-01,2.582287e-01
3.821753e-02,1.498897e-02,1.173702e-02,8.533265e-03,3.859932e-03,4.012401e-03,3.157818e-04,6.355636e-04,5.847517e-02,1.789788e-02,6.620488e-03,2.036397e-03,2.824831e-03,6.036438e-01,2.262010e-01
3.484029e-02,1.912554e-02,1.586418e-02,7.828280e-03,4.911227e-03,4.693554e-03,7.874888e-04,1.041255e-03,5.414560e-02,1.428464e-02,6.951823e-03,1.964823e-03,3.072782e-03,6.256956e-01,2.047929e-01
3.581333e-02,1.605012e-02,1.267522e-02,5.730441e-03,4.301307e-03,4.356949e-03,6.161276e-04,9.034214e-04,4.150274e-02,1.050868e-02,6.057980e-03,1.579981e-03,3.074646e-03,6.993749e-01,1.574541e-01
1.674632e-01,1.499188e-02,1.140175e-02,5.393156e-03,8.122005e-03,5.326898e-03,8.889999e-04,1.746431e-03,3.569551e-02,1.025388e-02,6.107958e-03,2.233610e-03,4.523792e-03,5.940309e-01,1.318201e-01
1.712046e-01,1.838886e-02,1.239025e-02,5.623102e-03,7.262239e-03,5.781378e-03,8.983037e-04,1.851823e-03,3.616521e-02,8.813132e-03,6.397376e-03,2.627707e-03,5.357008e-03,5.874318e-01,1.298073e-01
1.861888e-01,1.439077e-02,1.245411e-02,4.680962e-03,7.205243e-03,5.723588e-03,1.008106e-03,2.619376e-03,3.475359e-02,1.240464e-02,8.159073e-03,2.912123e-03,5.741423e-03,5.903657e-01,1.113925e-01
2.613111e-01,1.138356e-02,1.073506e-02,4.025187e-03,8.215067e-03,7.235080e-03,7.888327e-04,2.230027e-03,3.355822e-02,1.285866e-02,8.777656e-03,2.467498e-03,5.079219e-03,5.391098e-01,9.222502e-02
2.710926e-01,8.674073e-03,8.731433e-03,3.017534e-03,6.237972e-03,6.608155e-03,6.719038e-04,1.697369e-03,2.769074e-02,1.719693e-02,7.983062e-03,2.336858e-03,4.228124e-03,5.545619e-01,7.927139e-02
2.402577e-01,6.523372e-03,7.497847e-03,2.315069e-03,4.995196e-03,5.662495e-03,5.942987e-04,1.359023e-03,2.390794e-02,9.674063e-02,8.734999e-03,3.070890e-03,3.859377e-03,5.316123e-01,6.286895e-02
1.877470e-01,4.814464e-03,5.630158e-03,1.689364e-03,3.881822e-03,4.205383e-03,4.574651e-04,1.034366e-03,1.978335e-02,1.453608e-01,9.486996e-03,2.497863e-03,3.015666e-03,5.637196e-01,4.667567e-02
1.841483e-01,4.199672e-03,4.912004e-03,1.431841e-03,3.499951e-03,3.966058e-03,5.917005e-04,1.020545e-03,2.319569e-02,1.713472e-01,2.095583e-02,4.188993e-03,4.201688e-03,5.246131e-01,4.772742e-02
1.480715e-01,3.175740e-03,3.746052e-03,1.082700e-03,2.826397e-03,2.973515e-03,5.525693e-04,9.045545e-04,1.896433e-02,2.144067e-01,2.190197e-02,4.280798e-03,4.112134e-03,5.337360e-01,3.926499e-02
1.321682e-01,2.503851e-03,2.889498e-03,9.772063e-04,2.621018e-03,2.438605e-03,4.986256e-04,7.839792e-04,1.591726e-02,3.676606e-01,2.113706e-02,4.246317e-03,3.760285e-03,4.120171e-01,3.038028e-02
9.540517e-02,2.013447e-03,2.131657e-03,9.311904e-04,2.264213e-03,1.899108e-03,3.836708e-04,6.223188e-04,1.383630e-02,4.894301e-01,2.361350e-02,4.079880e-03,4.117554e-03,3.309460e-01,2.832582e-02
6.895195e-02,1.731096e-03,1.540557e-03,7.729332e-04,1.997916e-03,1.484330e-03,3.090874e-04,4.790000e-04,1.163175e-02,5.863863e-01,2.627434e-02,3.647903e-03,3.884648e-03,2.608302e-01,3.007799e-02
6.014924e-02,8.313810e-03,1.639160e-03,1.944100e-03,4.573491e-03,1.827108e-03,6.314087e-04,1.252070e-03,2.240422e-02,6.292391e-01,3.051077e-02,4.523746e-03,6.699265e-03,2.010869e-01,2.520556e-02
4.399697e-02,8.295028e-03,1.302844e-03,2.152432e-03,1.397397e-02,1.672172e-03,7.909372e-04,1.676170e-03,5.579680e-02,6.437604e-01,3.692969e-02,4.640755e-03,8.928593e-03,1.494915e-01,2.659176e-02
3.866088e-02,9.047327e-03,1.994264e-03,6.829371e-03,1.135558e-02,2.198388e-03,9.896774e-04,3.769984e-03,5.783947e-02,5.646342e-01,1.278102e-01,2.391714e-02,1.763269e-02,1.126529e-01,2.066805e-02
2.899110e-02,1.078151e-02,3.551861e-03,1.438713e-02,1.079661e-02,2.063734e-03,7.971100e-04,1.234359e-02,1.452652e-01,4.386857e-01,1.634447e-01,4.979495e-02,2.213785e-02,8.196796e-02,1.499102e-02
2.427050e-02,1.083538e-02,9.060177e-03,2.825749e-02,9.964256e-03,1.948835e-03,7.649795e-04,5.474234e-02,2.012747e-01,3.348309e-01,1.791785e-01,4.696588e-02,2.430605e-02,6.254287e-02,1.105710e-02
2.352140e-02,9.611701e-03,1.189947e-02,2.528396e-02,8.972643e-03,2.581691e-03,8.443112e-04,9.499404e-02,3.038744e-01,2.443961e-01,1.554599e-01,4.341493e-02,2.196207e-02,4.498523e-02,8.198223e-03
2.004440e-02,8.230047e-03,1.093112e-02,2.032274e-02,7.471469e-03,2.044173e-03,6.938512e-04,1.953887e-01,3.502752e-01,1.772478e-01,1.190486e-01,3.347497e-02,1.704575e-02,3.197947e-02,5.801852e-03
2.294265e-02,1.315728e-02,1.369412e-02,2.220152e-02,9.321189e-03,2.665457e-03,6.160146e-04,2.369556e-01,3.792874e-01,1.424843e-01,9.219002e-02,2.363545e-02,1.246520e-02,2.390570e-02,4.478171e-03
2.530057e-02,2.152074e-02,1.332843e-02,2.385766e-02,1.170465e-02,2.792838e-03,5.893811e-04,3.573696e-01,3.184354e-01,1.034842e-01,6.958310e-02,1.672339e-02,8.990517e-03,2.165800e-02,4.661425e-03
3.029169e-02,3.406741e-02,1.261172e-02,2.458747e-02,1.166996e-02,2.809165e-03,6.567041e-04,4.444875e-01,2.588958e-01,7.983601e-02,5.350984e-02,1.200495e-02,6.666767e-03,2.326849e-02,4.636544e-03
4.951011e-02,4.969234e-02,1.022106e-02,2.744923e-02,1.157379e-02,3.681879e-03,6.022351e-04,4.856004e-01,1.970904e-01,7.463984e-02,4.267967e-02,9.541502e-03,5.416783e-03,2.565724e-02,6.643549e-03
7.010326e-02,5.768565e-02,8.365239e-03,3.673592e-02,1.411347e-02,4.992410e-03,6.421637e-04,4.885091e-01,1.512576e-01,7.831493e-02,3.630131e-02,7.706887e-03,4.831740e-03,3.291890e-02,7.521461e-03
8.095653e-02,4.820409e-02,7.619292e-03,4.204057e-02,1.352441e-02,4.564482e-03,8.970535e-04,5.450619e-01,1.117973e-01,6.430277e-02,2.773926e-02,5.859715e-03,3.838676e-03,3.692550e-02,6.668514e-03
8.789778e-02,3.673244e-02,6.856922e-03,3.394373e-02,1.232916e-02,4.009260e-03,1.821416e-03,6.180025e-01,8.239135e-02,4.669829e-02,2.024049e-02,4.576053e-03,3.064054e-03,3.626732e-02,5.169265e-03
9.280322e-02,2.803162e-02,1.090677e-02,3.098603e-02,1.423197e-02,4.962022e-03,2.804298e-03,6.584221e-01,6.139761e-02,3.358993e-02,1.544852e-02,4.721183e-03,2.749238e-03,3.452180e-02,4.423736e-03
8.513185e-02,2.021990e-02,1.044970e-02,2.695439e-02,1.392084e-02,4.382606e-03,2.365306e-03,7.198757e-01,4.540637e-02,2.401190e-02,1.182194e-02,4.477563e-03,2.334297e-03,2.516223e-02,3.485379e-03
8.187878e-02,1.482065e-02,9.952318e-03,3.452550e-02,1.082729e-02,4.405202e-03,1.872116e-03,5.889737e-01,4.229104e-02,2.955511e-02,1.140800e-01,2.025776e-02,1.230740e-02,3.007925e-02,4.173856e-03
5.965213e-02,1.078347e-02,7.689777e-03,6.001112e-02,7.863279e-03,3.466770e-03,1.338877e-03,4.324317e-01,3.998075e-02,4.009584e-02,1.806586e-01,7.643019e-02,2.348021e-02,5.178973e-02,4.327582e-03
4.281573e-02,7.747398e-03,5.638283e-03,5.059430e-02,5.675014e-03,2.699673e-03,9.654896e-04,3.059398e-01,3.033520e-02,5.208679e-02,1.930536e-01,2.005185e-01,3.935496e-02,5.912353e-02,3.451737e-03
3.081221e-02,5.824496e-03,4.344208e-03,4.284469e-02,4.371218e-03,2.198780e-03,7.264655e-04,2.155435e-01,2.479172e-02,7.935274e-02,1.840981e-01,3.175682e-01,3.579320e-02,4.895503e-02,2.775366e-03
2.204560e-02,9.216398e-03,4.746071e-03,3.056476e-02,7.876258e-03,1.653695e-03,5.305969e-04,1.513464e-01,5.943895e-02,7.112958e-02,1.716021e-01,3.620216e-01,6.288343e-02,4.168285e-02,3.261661e-03
1.583052e-02,7.214155e-03,3.557882e-03,2.270615e-02,8.044404e-03,1.417492e-03,4.321613e-04,1.063523e-01,4.828146e-02,1.660159e-01,1.497986e-01,3.726276e-01,5.427027e-02,3.972400e-02,3.727035e-03
1.174978e-02,5.374012e-03,2.703216e-03,1.744637e-02,7.601720e-03,1.705372e-03,3.736310e-04,7.473679e-02,3.664780e-02,1.778917e-01,1.409617e-01,4.370629e-01,4.241429e-02,4.034203e-02,2.988696e-03
1.001671e-02,6.546458e-03,2.749161e-03,1.239942e-02,1.610959e-02,1.499684e-03,2.846892e-04,5.254686e-02,2.700827e-02,1.469010e-01,1.885953e-01,4.124645e-01,3.508219e-02,8.512536e-02,2.670874e-03
1.018540e-02,5.974131e-03,4.044136e-03,1.043136e-02,4.616430e-02,1.849250e-03,2.945833e-04,3.788056e-02,2.291144e-02,1.272448e-01,2.181945e-01,3.823594e-01,3.196332e-02,9.797020e-02,2.532633e-03
1.051236e-02,5.933571e-03,1.056054e-02,8.594051e-03,4.533790e-02,2.966147e-03,4.357967e-04,3.092343e-02,2.100317e-02,9.790219e-02,1.996728e-01,4.577355e-01,3.034176e-02,7.565554e-02,2.425310e-03
1.265770e-02,7.139985e-03,1.571985e-02,7.829513e-03,5.195010e-02,7.727320e-03,1.123498e-03,3.283895e-02,3.177791e-02,7.694345e-02,1.628588e-01,5.048270e-01,2.832375e-02,5.606018e-02,2.221952e-03
1.170232e-02,1.092950e-02,5.992336e-02,1.409762e-02,6.416470e-02,1.198656e-02,6.544233e-03,8.249251e-02,3.124221e-02,5.774780e-02,1.217783e-01,4.622138e-01,2.128705e-02,4.205395e-02,1.836068e-03
1.067901e-02,1.286097e-02,5.376530e-02,1.767328e-02,7.034636e-02,1.812940e-02,6.223280e-03,1.363075e-01,4.166467e-02,4.522172e-02,9.977284e-02,4.357597e-01,1.619240e-02,3.389740e-02,1.506181e-03
1.123731e-02,1.654182e-02,4.131455e-02,1.597488e-02,8.570126e-02,3.264377e-02,7.193442e-03,1.195420e-01,7.370895e-02,4.983480e-02,1.057683e-01,3.961790e-01,1.331810e-02,2.966967e-02,1.372212e-03
1.052558e-02,3.733336e-02,4.054331e-02,1.686648e-02,7.889180e-02,3.597452e-02,8.089049e-03,1.299028e-01,1.630657e-01,3.890211e-02,8.979639e-02,3.153628e-01,1.062119e-02,2.301685e-02,1.108166e-03
8.635926e-03,4.635158e-02,3.129131e-02,1.572780e-02,6.313595e-02,6.494685e-02,6.204726e-03,9.892033e-02,3.026509e-01,3.001634e-02,7.084295e-02,2.342862e-01,8.480596e-03,1.749382e-02,1.014765e-03
1.043309e-02,5.466274e-02,2.734908e-02,1.656366e-02,5.838474e-02,5.688965e-02,5.806304e-03,1.078822e-01,3.854013e-01,2.779882e-02,5.890175e-02,1.667434e-01,6.547563e-03,1.572409e-02,9.114961e-04
1.978082e-02,5.621592e-02,2.133850e-02,1.871605e-02,5.535743e-02,5.428268e-02,4.817403e-03,1.003160e-01,4.448022e-01,2.794208e-02,5.199219e-02,1.186530e-01,5.719610e-03,1.854915e-02,1.516982e-03
3.535232e-02,5.256831e-02,3.999540e-02,3.598452e-02,8.233834e-02,5.139422e-02,4.466041e-03,1.000489e-01,4.084064e-01,3.279629e-02,4.985757e-02,8.380347e-02,4.948065e-03,1.661179e-02,1.428355e-03
5.879851e-02,6.596700e-02,5.680951e-02,6.376760e-02,7.524633e-02,7.979635e-02,3.916389e-03,8.157576e-02,3.177649e-01,4.586037e-02,5.401682e-02,6.043278e-02,4.117382e-03,2.986653e-02,2.063825e-03
8.438395e-02,6.469184e-02,5.834754e-02,6.301489e-02,8.366340e-02,9.209435e-02,3.338305e-03,7.049518e-02,2.856044e-01,5.825229e-02,4.810061e-02,4.645263e-02,4.044331e-03,3.237902e-02,5.137215e-03
7.788488e-02,6.151265e-02,1.102919e-01,1.438621e-01,7.983081e-02,8.657583e-02,2.578632e-03,6.108648e-02,2.175985e-01,4.511090e-02,3.996322e-02,3.680331e-02,4.000365e-03,2.347288e-02,9.427562e-03
6.502561e-02,1.012775e-01,1.339509e-01,1.097223e-01,5.827266e-02,6.236076e-02,2.009237e-03,4.437051e-02,1.598010e-01,1.167206e-01,5.271634e-02,3.135062e-02,2.035948e-02,2.050036e-02,2.156218e-02
9.086688e-02,1.130316e-01,1.682442e-01,9.644102e-02,4.452630e-02,4.696312e-02,2.096404e-03,3.430223e-02,1.223010e-01,1.111346e-01,5.878191e-02,4.206463e-02,2.470064e-02,2.326948e-02,2.127609e-02
9.170426e-02,8.365098e-02,1.281761e-01,7.212869e-02,3.166823e-02,3.404900e-02,1.601956e-03,2.430449e-02,8.860629e-02,8.960198e-02,1.282681e-01,1.681181e-01,2.236981e-02,1.934537e-02,1.640662e-02
7.106716e-02,6.167058e-02,9.041906e-02,5.255719e-02,2.243236e-02,2.475431e-02,1.167268e-03,1.713141e-02,6.447256e-02,7.239031e-02,1.247469e-01,3.476948e-01,2.102006e-02,1.614882e-02,1.232720e-02
6.313293e-02,4.512317e-02,6.364233e-02,3.875609e-02,1.705667e-02,2.018024e-02,8.738932e-04,1.232536e-02,5.010173e-02,5.808692e-02,1.226149e-01,4.639637e-01,1.978895e-02,1.436407e-02,9.988951e-03
4.926404e-02,4.164377e-02,4.617848e-02,2.814422e-02,1.492274e-02,1.601695e-02,7.711719e-04,8.812752e-03,3.679464e-02,1.326228e-01,1.389977e-01,4.376445e-01,1.751217e-02,1.909447e-02,1.157962e-02
3.876927e-02,3.204910e-02,3.328795e-02,2.033340e-02,1.461053e-02,2.802927e-02,1.276816e-03,7.355841e-03,3.192339e-02,2.003644e-01,1.258793e-01,4.245358e-01,1.594865e-02,1.617651e-02,9.459773e-03
3.088375e-02,3.262886e-02,2.438284e-02,1.501423e-02,1.318109e-02,2.915813e-02,1.602458e-03,6.459333e-03,2.700068e-02,2.667242e-01,1.114498e-01,3.992740e-01,1.399821e-02,1.772435e-02,1.051803e-02
2.837088e-02,2.406225e-02,1.721101e-02,1.105855e-02,1.081282e-02,2.510581e-02,1.284462e-03,4.993534e-03,2.187096e-02,3.482580e-01,8.787094e-02,3.823569e-01,1.289257e-02,1.544516e-02,8.406203e-03
2.753095e-02,1.776012e-02,1.211921e-02,8.083567e-03,9.530793e-03,1.857565e-02,1.110333e-03,6.043679e-03,2.621760e-02,4.041616e-01,7.120189e-02,3.612269e-01,1.566590e-02,1.400328e-02,6.768525e-03
2.027890e-02,1.273346e-02,8.520897e-03,5.689488e-03,9.916818e-03,1.395791e-02,1.118596e-03,4.353983e-03,2.278285e-02,4.462758e-01,6.608759e-02,3.593585e-01,1.309909e-02,1.094385e-02,4.882255e-03
1.478167e-02,1.042086e-02,6.037029e-03,4.036910e-03,8.780611e-03,1.170630e-02,1.202605e-03,3.151797e-03,2.375999e-02,4.739089e-01,6.327386e-02,3.548430e-01,1.218698e-02,8.329894e-03,3.579572e-03
1.087309e-02,9.755672e-03,4.628398e-03,2.869443e-03,8.655735e-03,1.141184e-02,1.202985e-03,2.449502e-03,2.864378e-02,5.582787e-01,6.138066e-02,2.789403e-01,1.218188e-02,6.075074e-03,2.652823e-03
7.885045e-03,8.327398e-03,3.718527e-03,2.074380e-03,9.431096e-03,9.876953e-03,2.455723e-03,1.847770e-03,2.610208e-02,5.900735e-01,5.247542e-02,2.651637e-01,1.379751e-02,4.485863e-03,2.284985e-03
5.844926e-03,8.067561e-03,4.483730e-03,1.489592e-03,1.410566e-02,7.557114e-03,2.083943e-03,1.870378e-03,2.241817e-02,6.776944e-01,4.014022e-02,1.969854e-01,1.179274e-02,3.438119e-03,2.028015e-03
5.541268e-03,5.817728e-03,2.275272e-02,2.521830e-03,1.214706e-02,6.030839e-03,2.578631e-03,7.636314e-02,1.747477e-02,6.610059e-01,3.297806e-02,1.390184e-01,1.159980e-02,2.556543e-03,1.613355e-03
6.156038e-03,4.523969e-03,1.842118e-02,3.245456e-03,2.978060e-02,1.925167e-02,2.486140e-03,6.471039e-02,1.614527e-02,6.956720e-01,2.762304e-02,9.794433e-02,1.053898e-02,2.197113e-03,1.303796e-03
1.273343e-02,3.583870e-03,2.647373e-02,9.060075e-03,5.705567e-02,2.004619e-02,2.979691e-03,6.737230e-02,1.730332e-02,6.803735e-01,2.111831e-02,7.021280e-02,8.735332e-03,1.797873e-03,1.153937e-03
1.231579e-02,2.730862e-03,2.017418e-02,6.743042e-03,6.422663e-02,1.492547e-02,4.011677e-03,5.678544e-02,1.448517e-02,7.300832e-01,1.517559e-02,4.942587e-02,6.482889e-03,1.570121e-03,8.641176e-04
2.445962e-02,3.305320e-03,1.854257e-02,7.014680e-03,9.418054e-02,1.305282e-02,5.783815e-03,6.633719e-02,1.879841e-02,6.942666e-01,1.143890e-02,3.548521e-02,4.978534e-03,1.279065e-03,1.076796e-03
4.405854e-02,2.790930e-02,1.528763e-02,1.113812e-02,7.006279e-02,1.634464e-02,4.210175e-03,4.894238e-02,4.122826e-02,6.538701e-01,1.081619e-02,2.779957e-02,5.328578e-03,1.973527e-03,2.103027e-02
4.231486e-02,3.410470e-02,1.642617e-02,2.518225e-02,5.076941e-02,2.341206e-02,3.042543e-03,3.490041e-02,6.253110e-02,5.668090e-01,1.148494e-02,2.156885e-02,8.186136e-03,2.273369e-03,9.699422e-02
3.927555e-02,3.312490e-02,1.299985e-02,2.010233e-02,3.902762e-02,1.898824e-02,2.220657e-03,2.506867e-02,9.301458e-02,5.104136e-01,2.434814e-02,1.634570e-02,1.526926e-02,2.122671e-02,1.285743e-01
3.599590e-02,2.686009e-02,1.064657e-02,1.501455e-02,2.901507e-02,1.699570e-02,1.636386e-03,1.789178e-02,7.782805e-02,4.587051e-01,4.736210e-02,1.322197e-02,2.011213e-02,4.913058e-02,1.795840e-01
2.530975e-02,1.892270e-02,7.585231e-03,1.051792e-02,2.078784e-02,1.211746e-02,1.151029e-03,1.253162e-02,5.501049e-02,3.273833e-01,3.633673e-02,9.345769e-03,1.513033e-02,5.041294e-02,3.974569e-01
1.790527e-02,1.338202e-02,5.427633e-03,7.376825e-03,1.465466e-02,1.001673e-02,8.168319e-04,8.780349e-03,3.882920e-02,2.334264e-01,2.934041e-02,6.862150e-03,1.247279e-02,4.021496e-02,5.604938e-01
1.295105e-02,9.661490e-03,3.969586e-03,5.215134e-03,1.044803e-02,1.352034e-02,5.888926e-04,6.157201e-03,2.746479e-02,1.706545e-01,2.913100e-02,5.823569e-03,1.222725e-02,3.178804e-02,6.603992e-01
9.439101e-03,7.172263e-03,5.319261e-03,3.832275e-03,8.274016e-03,1.505204e-02,4.435720e-04,4.439464e-03,2.070251e-02,1.222786e-01,1.150560e-01,9.884667e-03,3.491756e-02,3.245588e-02,6.107329e-01
8.190333e-03,5.908933e-03,7.186536e-03,3.006066e-03,6.828232e-03,2.308300e-02,3.633593e-04,3.184881e-03,1.755645e-02,9.639347e-02,1.292235e-01,3.129667e-02,5.426447e-02,2.607441e-02,5.874397e-01
7.906527e-03,5.472318e-03,1.051627e-02,2.847575e-03,6.406121e-03,1.028461e-01,3.486795e-04,2.313653e-03,1.506151e-02,9.163734e-02,1.151699e-01,4.591969e-02,6.300846e-02,2.328653e-02,5.072593e-01
9.557348e-03,5.701206e-03,9.879405e-03,2.850034e-03,6.128977e-03,1.255582e-01,3.979410e-04,1.657950e-03,1.499441e-02,8.582596e-02,1.638653e-01,5.019208e-02,6.126364e-02,4.099363e-02,4.211338e-01
7.888533e-03,4.917943e-03,8.156072e-03,2.195837e-03,4.688943e-03,1.182954e-01,3.358237e-04,1.168503e-03,1.268499e-02,1.228085e-01,2.344076e-01,4.107684e-02,4.776020e-02,6.507176e-02,3.285430e-01
6.520636e-03,4.452395e-03,7.042299e-03,1.738756e-03,3.766239e-03,9.001990e-02,3.130863e-04,8.316113e-04,1.123409e-02,2.040233e-01,2.701792e-01,3.193574e-02,3.676298e-02,7.067035e-02,2.605094e-01
7.236968e-03,3.835717e-03,5.658687e-03,1.493233e-03,3.230877e-03,6.857823e-02,3.422793e-04,5.981799e-04,1.018617e-02,2.287905e-01,3.445702e-01,3.031453e-02,3.034758e-02,6.547099e-02,1.993459e-01
1.389951e-02,3.044987e-03,6.696861e-03,1.442034e-03,2.715371e-03,1.019815e-01,1.819225e-03,1.450385e-03,8.405948e-03,2.628906e-01,3.247707e-01,2.871216e-02,2.599596e-02,5.768815e-02,1.584866e-01
1.411257e-02,2.511718e-03,6.839550e-03,1.124786e-03,3.676984e-03,7.253829e-02,1.759467e-03,1.417007e-03,6.648438e-03,4.073659e-01,2.683536e-01,2.376481e-02,2.050034e-02,5.456603e-02,1.148205e-01
1.180905e-02,2.042171e-03,4.963176e-03,8.840035e-04,1.906535e-02,5.160555e-02,1.499418e-03,1.144889e-03,1.066766e-02,5.123080e-01,2.207408e-01,1.953795e-02,1.658905e-02,4.523923e-02,8.190376e-02
9.507607e-03,2.315375e-03,4.112604e-03,7.568658e-04,1.896681e-02,4.103974e-02,1.308787e-03,8.986510e-04,1.362326e-02,5.477182e-01,2.375852e-01,1.593783e-02,1.404535e-02,3.293417e-02,5.924952e-02
7.814720e-03,5.779942e-03,4.304291e-03,6.626340e-04,1.535592e-02,3.362860e-02,1.085865e-03,7.295771e-04,1.487294e-02,5.428867e-01,2.743336e-01,1.509476e-02,1.200214e-02,2.437433e-02,4.707395e-02
6.310629e-03,5.898489e-03,3.412257e-03,6.623920e-04,1.180734e-02,2.790832e-02,8.131178e-04,6.120642e-04,1.613321e-02,5.211685e-01,3.155788e-01,2.352343e-02,1.188855e-02,1.957133e-02,3.471160e-02
5.530940e-03,5.271430e-03,2.511419e-03,7.131647e-04,9.280739e-03,2.205590e-02,6.488732e-04,5.793949e-04,3.848581e-02,4.976992e-01,3.324468e-01,3.295564e-02,1.235747e-02,1.475300e-02,2.471026e-02
9.230804e-03,1.070047e-02,2.581921e-03,2.149606e-03,8.862037e-03,3.508277e-02,8.593400e-04,7.794325e-03,6.981865e-02,4.919426e-01,2.600608e-01,5.339070e-02,1.647251e-02,1.253136e-02,1.852216e-02
1.853481e-02,2.687922e-02,2.844848e-03,1.948302e-03,8.460994e-03,3.561570e-02,1.258784e-03,6.998496e-03,7.362662e-02,5.419172e-01,2.038660e-01,3.933894e-02,1.338557e-02,1.093813e-02,1.438640e-02
2.659863e-02,2.832109e-02,2.503274e-03,3.648729e-03,2.457449e-02,5.797141e-02,1.429230e-03,7.908447e-03,2.236869e-01,4.126731e-01,1.500372e-01,3.042694e-02,1.043005e-02,8.614236e-03,1.117633e-02
3.460269e-02,3.016192e-02,2.462519e-03,4.807469e-03,5.225584e-02,4.595843e-02,1.229338e-03,6.727264e-03,3.710275e-01,2.964574e-01,1.078733e-01,2.167530e-02,7.580411e-03,7.290550e-03,9.890201e-03
5.433472e-02,3.990066e-02,3.746063e-03,1.503725e-02,1.049631e-01,4.030875e-02,1.574263e-03,1.184168e-02,3.883077e-01,2.169748e-01,7.864574e-02,1.708771e-02,6.333804e-03,7.192009e-03,1.375183e-02
8.876438e-02,4.954784e-02,3.988931e-03,2.159221e-02,1.336112e-01,3.032994e-02,1.426344e-03,1.600625e-02,3.819635e-01,1.656446e-01,6.183057e-02,1.403164e-02,4.998117e-03,9.086862e-03,1.717776e-02
1.071063e-01,8.930220e-02,1.630398e-02,6.803058e-02,1.211237e-01,2.444317e-02,2.802971e-03,2.582851e-02,2.985826e-01,1.362668e-01,4.993404e-02,1.610647e-02,5.074131e-03,9.673081e-03,2.942148e-02
1.298793e-01,1.132463e-01,1.397284e-02,5.841320e-02,9.858650e-02,1.885639e-02,3.381011e-03,3.260357e-02,2.691665e-01,1.407792e-01,5.052818e-02,2.315754e-02,5.241195e-03,1.249053e-02,2.969770e-02
