1.000000e+00,0.000000e+00,0.000000e+00,0.000000e+00,0.000000e+00,0.000000e+00,0.000000e+00,0.000000e+00,0.000000e+00,0.000000e+00,0.000000e+00,0.000000e+00,0.000000e+00,0.000000e+00,0.000000e+00
1.000000e+00,0.000000e+00,0.000000e+00,0.000000e+00,0.000000e+00,0.000000e+00,0.000000e+00,0.000000e+00,0.000000e+00,0.000000e+00,0.000000e+00,0.000000e+00,0.000000e+00,0.000000e+00,0.000000e+00
1.000000e+00,0.000000e+00,0.000000e+00,0.000000e+00,0.000000e+00,0.000000e+00,0.000000e+00,0.000000e+00,0.000000e+00,0.000000e+00,0.000000e+00,0.000000e+00,0.000000e+00,0.000000e+00,0.000000e+00
1.000000e+00,0.000000e+00,0.000000e+00,0.000000e+00,0.000000e+00,0.000000e+00,0.000000e+00,0.000000e+00,0.000000e+00,0.000000e+00,0.000000e+00,0.000000e+00,0.000000e+00,0.000000e+00,0.000000e+00
1.000000e+00,0.000000e+00,0.000000e+00,0.000000e+00,0.000000e+00,0.000000e+00,0.000000e+00,0.000000e+00,0.000000e+00,0.000000e+00,0.000000e+00,0.000000e+00,0.000000e+00,0.000000e+00,0.000000e+00
1.000000e+00,0.000000e+00,0.000000e+00,0.000000e+00,0.000000e+00,0.000000e+00,0.000000e+00,0.000000e+00,0.000000e+00,0.000000e+00,0.000000e+00,0.000000e+00,0.000000e+00,0.000000e+00,0.000000e+00
1.000000e+00,0.000000e+00,0.000000e+00,0.000000e+00,0.000000e+00,0.000000e+00,0.000000e+00,0.000000e+00,0.000000e+00,0.000000e+00,0.000000e+00,0.000000e+00,0.000000e+00,0.000000e+00,0.000000e+00
1.000000e+00,0.000000e+00,0.000000e+00,0.000000e+00,0.000000e+00,0.000000e+00,0.000000e+00,0.000000e+00,0.000000e+00,0.000000e+00,0.000000e+00,0.000000e+00,0.000000e+00,0.000000e+00,0.000000e+00
1.000000e+00,0.000000e+00,0.000000e+00,0.000000e+00,0.000000e+00,0.000000e+00,0.000000e+00,0.000000e+00,0.000000e+00,0.000000e+00,0.000000e+00,0.000000e+00,0.000000e+00,0.000000e+00,0.000000e+00
1.000000e+00,0.000000e+00,0.000000e+00,0.000000e+00,0.000000e+00,0.000000e+00,0.000000e+00,0.000000e+00,0.000000e+00,0.000000e+00,0.000000e+00,0.000000e+00,0.000000e+00,0.000000e+00,0.000000e+00
1.000000e+00,0.000000e+00,0.000000e+00,0.000000e+00,0.000000e+00,0.000000e+00,0.000000e+00,0.000000e+00,0.000000e+00,0.000000e+00,0.000000e+00,0.000000e+00,0.000000e+00,0.000000e+00,0.000000e+00
1.000000e+00,0.000000e+00,0.000000e+00,0.000000e+00,0.000000e+00,0.000000e+00,0.000000e+00,0.000000e+00,0.000000e+00,0.000000e+00,0.000000e+00,0.000000e+00,0.000000e+00,0.000000e+00,0.000000e+00
1.000000e+00,0.000000e+00,0.000000e+00,0.000000e+00,0.000000e+00,0.000000e+00,0.000000e+00,0.000000e+00,0.000000e+00,0.000000e+00,0.000000e+00,0.000000e+00,0.000000e+00,0.000000e+00,0.000000e+00
1.000000e+00,0.000000e+00,0.000000e+00,0.000000e+00,0.000000e+00,0.000000e+00,0.000000e+00,0.000000e+00,0.000000e+00,0.000000e+00,0.000000e+00,0.000000e+00,0.000000e+00,0.000000e+00,0.000000e+00
1.000000e+00,0.000000e+00,0.000000e+00,0.000000e+00,0.000000e+00,0.000000e+00,0.000000e+00,0.000000e+00,0.000000e+00,0.000000e+00,0.000000e+00,0.000000e+00,0.000000e+00,0.000000e+00,0.000000e+00
1.000000e+00,0.000000e+00,0.000000e+00,0.000000e+00,0.000000e+00,0.000000e+00,0.000000e+00,0.000000e+00,0.000000e+00,0.000000e+00,0.000000e+00,0.000000e+00,0.000000e+00,0.000000e+00,0.000000e+00
1.000000e+00,0.000000e+00,0.000000e+00,0.000000e+00,0.000000e+00,0.000000e+00,0.000000e+00,0.000000e+00,0.000000e+00,0.000000e+00,0.000000e+00,0.000000e+00,0.000000e+00,0.000000e+00,0.000000e+00
1.000000e+00,0.000000e+00,0.000000e+00,0.000000e+00,0.000000e+00,0.000000e+00,0.000000e+00,0.000000e+00,0.000000e+00,0.000000e+00,0.000000e+00,0.000000e+00,0.000000e+00,0.000000e+00,0.000000e+00
1.000000e+00,0.000000e+00,0.000000e+00,0.000000e+00,0.000000e+00,0.000000e+00,0.000000e+00,0.000000e+00,0.000000e+00,0.000000e+00,0.000000e+00,0.000000e+00,0.000000e+00,0.000000e+00,0.000000e+00
1.000000e+00,0.000000e+00,0.000000e+00,0.000000e+00,0.000000e+00,0.000000e+00,0.000000e+00,0.000000e+00,0.000000e+00,0.000000e+00,0.000000e+00,0.000000e+00,0.000000e+00,0.000000e+00,0.000000e+00
1.000000e+00,0.000000e+00,0.000000e+00,0.000000e+00,0.000000e+00,0.000000e+00,0.000000e+00,0.000000e+00,0.000000e+00,0.000000e+00,0.000000e+00,0.000000e+00,0.000000e+00,0.000000e+00,0.000000e+00
1.000000e+00,0.000000e+00,0.000000e+00,0.000000e+00,0.000000e+00,0.000000e+00,0.000000e+00,0.000000e+00,0.000000e+00,0.000000e+00,0.000000e+00,0.000000e+00,0.000000e+00,0.000000e+00,0.000000e+00
1.000000e+00,0.000000e+00,0.000000e+00,0.000000e+00,0.000000e+00,0.000000e+00,0.000000e+00,0.000000e+00,0.000000e+00,0.000000e+00,0.000000e+00,0.000000e+00,0.000000e+00,0.000000e+00,0.000000e+00
1.000000e+00,0.000000e+00,0.000000e+00,0.000000e+00,0.000000e+00,0.000000e+00,0.000000e+00,0.000000e+00,0.000000e+00,0.000000e+00,0.000000e+00,0.000000e+00,0.000000e+00,0.000000e+00,0.000000e+00
1.000000e+00,0.000000e+00,0.000000e+00,0.000000e+00,0.000000e+00,0.000000e+00,0.000000e+00,0.000000e+00,0.000000e+00,0.000000e+00,0.000000e+00,0.000000e+00,0.000000e+00,0.000000e+00,0.000000e+00
1.000000e+00,0.000000e+00,0.000000e+00,0.000000e+00,0.000000e+00,0.000000e+00,0.000000e+00,0.000000e+00,0.000000e+00,0.000000e+00,0.000000e+00,0.000000e+00,0.000000e+00,0.000000e+00,0.000000e+00
1.000000e+00,0.000000e+00,0.000000e+00,0.000000e+00,0.000000e+00,0.000000e+00,0.000000e+00,0.000000e+00,0.000000e+00,0.000000e+00,0.000000e+00,0.000000e+00,0.000000e+00,0.000000e+00,0.000000e+00
1.000000e+00,0.000000e+00,0.000000e+00,0.000000e+00,0.000000e+00,0.000000e+00,0.000000e+00,0.000000e+00,0.000000e+00,0.000000e+00,0.000000e+00,0.000000e+00,0.000000e+00,0.000000e+00,0.000000e+00
1.000000e+00,0.000000e+00,0.000000e+00,0.000000e+00,0.000000e+00,0.000000e+00,0.000000e+00,0.000000e+00,0.000000e+00,0.000000e+00,0.000000e+00,0.000000e+00,0.000000e+00,0.000000e+00,0.000000e+00
1.000000e+00,0.000000e+00,0.000000e+00,0.000000e+00,0.000000e+00,0.000000e+00,0.000000e+00,0.000000e+00,0.000000e+00,0.000000e+00,0.000000e+00,0.000000e+00,0.000000e+00,0.000000e+00,0.000000e+00
1.000000e+00,0.000000e+00,0.000000e+00,0.000000e+00,0.000000e+00,0.000000e+00,0.000000e+00,0.000000e+00,0.000000e+00,0.000000e+00,0.000000e+00,0.000000e+00,0.000000e+00,0.000000e+00,0.000000e+00
1.000000e+00,0.000000e+00,0.000000e+00,0.000000e+00,0.000000e+00,0.000000e+00,0.000000e+00,0.000000e+00,0.000000e+00,0.000000e+00,0.000000e+00,0.000000e+00,0.000000e+00,0.000000e+00,0.000000e+00
1.000000e+00,0.000000e+00,0.000000e+00,0.000000e+00,0.000000e+00,0.000000e+00,0.000000e+00,0.000000e+00,0.000000e+00,0.000000e+00,0.000000e+00,0.000000e+00,0.000000e+00,0.000000e+00,0.000000e+00
1.000000e+00,0.000000e+00,0.000000e+00,0.000000e+00,0.000000e+00,0.000000e+00,0.000000e+00,0.000000e+00,0.000000e+00,0.000000e+00,0.000000e+00,0.000000e+00,0.000000e+00,0.000000e+00,0.000000e+00
1.000000e+00,0.000000e+00,0.000000e+00,0.000000e+00,0.000000e+00,0.000000e+00,0.000000e+00,0.000000e+00,0.000000e+00,0.000000e+00,0.000000e+00,0.000000e+00,0.000000e+00,0.000000e+00,0.000000e+00
1.000000e+00,0.000000e+00,0.000000e+00,0.000000e+00,0.000000e+00,0.000000e+00,0.000000e+00,0.000000e+00,0.000000e+00,0.000000e+00,0.000000e+00,0.000000e+00,0.000000e+00,0.000000e+00,0.000000e+00
1.000000e+00,0.000000e+00,0.000000e+00,0.000000e+00,0.000000e+00,0.000000e+00,0.000000e+00,0.000000e+00,0.000000e+00,0.000000e+00,0.000000e+00,0.000000e+00,0.000000e+00,0.000000e+00,0.000000e+00
1.000000e+00,0.000000e+00,0.000000e+00,0.000000e+00,0.000000e+00,0.000000e+00,0.000000e+00,0.000000e+00,0.000000e+00,0.000000e+00,0.000000e+00,0.000000e+00,0.000000e+00,0.000000e+00,0.000000e+00
1.000000e+00,0.000000e+00,0.000000e+00,0.000000e+00,0.000000e+00,0.000000e+00,0.000000e+00,0.000000e+00,0.000000e+00,0.000000e+00,0.000000e+00,0.000000e+00,0.000000e+00,0.000000e+00,0.000000e+00
1.000000e+00,0.000000e+00,0.000000e+00,0.000000e+00,0.000000e+00,0.000000e+00,0.000000e+00,0.000000e+00,0.000000e+00,0.000000e+00,0.000000e+00,0.000000e+00,0.000000e+00,0.000000e+00,0.000000e+00
1.000000e+00,0.000000e+00,0.000000e+00,0.000000e+00,0.000000e+00,0.000000e+00,0.000000e+00,0.000000e+00,0.000000e+00,0.000000e+00,0.000000e+00,0.000000e+00,0.000000e+00,0.000000e+00,0.000000e+00
1.000000e+00,0.000000e+00,0.000000e+00,0.000000e+00,0.000000e+00,0.000000e+00,0.000000e+00,0.000000e+00,0.000000e+00,0.000000e+00,0.000000e+00,0.000000e+00,0.000000e+00,0.000000e+00,0.000000e+00
1.000000e+00,0.000000e+00,0.000000e+00,0.000000e+00,0.000000e+00,0.000000e+00,0.000000e+00,0.000000e+00,0.000000e+00,0.000000e+00,0.000000e+00,0.000000e+00,0.000000e+00,0.000000e+00,0.000000e+00
1.000000e+00,0.000000e+00,0.000000e+00,0.000000e+00,0.000000e+00,0.000000e+00,0.000000e+00,0.000000e+00,0.000000e+00,0.000000e+00,0.000000e+00,0.000000e+00,0.000000e+00,0.000000e+00,0.000000e+00
1.000000e+00,0.000000e+00,0.000000e+00,0.000000e+00,0.000000e+00,0.000000e+00,0.000000e+00,0.000000e+00,0.000000e+00,0.000000e+00,0.000000e+00,0.000000e+00,0.000000e+00,0.000000e+00,0.000000e+00
1.000000e+00,0.000000e+00,0.000000e+00,0.000000e+00,0.000000e+00,0.000000e+00,0.000000e+00,0.000000e+00,0.000000e+00,0.000000e+00,0.000000e+00,0.000000e+00,0.000000e+00,0.000000e+00,0.000000e+00
1.000000e+00,0.000000e+00,0.000000e+00,0.000000e+00,0.000000e+00,0.000000e+00,0.000000e+00,0.000000e+00,0.000000e+00,0.000000e+00,0.000000e+00,0.000000e+00,0.000000e+00,0.000000e+00,0.000000e+00
1.000000e+00,0.000000e+00,0.000000e+00,0.000000e+00,0.000000e+00,0.000000e+00,0.000000e+00,0.000000e+00,0.000000e+00,0.000000e+00,0.000000e+00,0.000000e+00,0.000000e+00,0.000000e+00,0.000000e+00
1.000000e+00,0.000000e+00,0.000000e+00,0.000000e+00,0.000000e+00,0.000000e+00,0.000000e+00,0.000000e+00,0.000000e+00,0.000000e+00,0.000000e+00,0.000000e+00,0.000000e+00,0.000000e+00,0.000000e+00
1.000000e+00,0.000000e+00,0.000000e+00,0.000000e+00,0.000000e+00,0.000000e+00,0.000000e+00,0.000000e+00,0.000000e+00,0.000000e+00,0.000000e+00,0.000000e+00,0.000000e+00,0.000000e+00,0.000000e+00
1.000000e+00,0.000000e+00,0.000000e+00,0.000000e+00,0.000000e+00,0.000000e+00,0.000000e+00,0.000000e+00,0.000000e+00,0.000000e+00,0.000000e+00,0.000000e+00,0.000000e+00,0.000000e+00,0.000000e+00
1.000000e+00,0.000000e+00,0.000000e+00,0.000000e+00,0.000000e+00,0.000000e+00,0.000000e+00,0.000000e+00,0.000000e+00,0.000000e+00,0.000000e+00,0.000000e+00,0.000000e+00,0.000000e+00,0.000000e+00
1.000000e+00,0.000000e+00,0.000000e+00,0.000000e+00,0.000000e+00,0.000000e+00,0.000000e+00,0.000000e+00,0.000000e+00,0.000000e+00,0.000000e+00,0.000000e+00,0.000000e+00,0.000000e+00,0.000000e+00
1.000000e+00,0.000000e+00,0.000000e+00,0.000000e+00,0.000000e+00,0.000000e+00,0.000000e+00,0.000000e+00,0.000000e+00,0.000000e+00,0.000000e+00,0.000000e+00,0.000000e+00,0.000000e+00,0.000000e+00
1.000000e+00,0.000000e+00,0.000000e+00,0.000000e+00,0.000000e+00,0.000000e+00,0.000000e+00,0.000000e+00,0.000000e+00,0.000000e+00,0.000000e+00,0.000000e+00,0.000000e+00,0.000000e+00,0.000000e+00
4.964559e-01,3.752353e-02,1.618816e-01,1.193363e-01,1.971671e-02,2.241058e-02,5.415649e-03,2.738032e-02,1.413686e-02,4.183013e-03,1.586190e-02,2.301218e-02,1.956204e-02,5.015412e-03,2.810800e-02
3.706144e-01,2.886892e-02,1.327324e-01,9.041318e-02,7.094985e-02,9.814781e-02,8.595376e-02,2.846915e-02,1.278735e-02,3.224815e-03,1.290398e-02,1.853682e-02,2.135481e-02,4.156642e-03,2.088607e-02
2.619324e-01,2.147228e-02,9.852370e-02,6.489430e-02,5.857962e-02,2.177462e-01,1.195711e-01,4.333135e-02,9.129941e-03,2.359083e-03,9.284727e-03,1.326547e-02,6.203089e-02,2.985160e-03,1.489375e-02
1.865533e-01,1.587863e-02,7.428973e-02,4.716742e-02,5.470511e-02,2.572229e-01,1.416057e-01,5.396994e-02,6.585437e-03,1.895255e-03,6.658915e-03,9.723504e-03,1.309626e-01,2.146249e-03,1.063521e-02
1.314690e-01,1.146467e-02,5.286110e-02,3.372084e-02,4.387128e-02,2.070032e-01,2.782364e-01,6.345876e-02,4.695188e-03,1.440016e-03,4.727952e-03,6.950730e-03,1.509468e-01,1.515693e-03,7.638508e-03
9.626152e-02,9.209001e-03,3.929659e-02,2.806808e-02,6.209613e-02,2.066648e-01,2.820969e-01,6.713916e-02,3.533724e-03,2.638215e-03,3.576650e-03,5.375327e-03,1.859618e-01,1.131878e-03,6.950243e-03
6.822118e-02,7.076433e-03,2.810651e-02,2.104515e-02,8.934420e-02,1.790215e-01,3.170096e-01,5.424918e-02,2.644526e-03,6.029473e-03,2.744140e-03,3.948010e-03,2.114365e-01,8.743291e-04,8.249317e-03
4.938998e-02,6.514942e-03,2.037421e-02,1.562964e-02,1.226949e-01,1.527405e-01,3.137252e-01,4.822260e-02,2.248518e-03,2.615013e-02,2.725369e-03,3.583040e-03,2.180761e-01,1.369425e-03,1.655541e-02
3.745704e-02,5.969362e-03,1.515096e-02,1.307484e-02,1.847712e-01,1.329610e-01,2.823906e-01,3.938548e-02,1.979730e-03,7.985756e-02,2.711427e-03,3.416875e-03,1.780611e-01,2.285909e-03,2.052683e-02
3.140119e-02,5.769941e-03,1.174983e-02,9.603471e-03,1.655800e-01,1.079245e-01,2.613232e-01,3.567420e-02,1.764352e-03,1.654398e-01,3.827081e-03,4.278179e-03,1.377201e-01,6.989244e-03,5.095491e-02
2.725127e-02,4.594512e-03,1.008938e-02,6.910071e-03,1.266115e-01,7.869053e-02,2.253242e-01,2.998454e-02,2.028418e-03,1.837581e-01,6.480297e-03,6.038903e-03,1.505057e-01,8.230119e-03,1.335024e-01
2.380417e-02,3.650874e-03,8.662381e-03,5.138861e-03,9.354310e-02,5.719722e-02,1.981998e-01,2.374724e-02,2.449417e-03,2.259874e-01,1.850995e-02,3.078126e-02,1.466055e-01,1.213226e-02,1.495904e-01
1.765897e-02,2.694837e-03,6.411605e-03,3.839242e-03,6.851728e-02,4.181800e-02,1.488069e-01,1.686300e-02,3.466682e-03,2.080587e-01,1.778958e-02,9.280089e-02,1.719081e-01,1.176348e-02,1.876027e-01
1.242485e-02,1.964581e-03,4.499176e-03,3.043564e-03,5.260518e-02,2.939454e-02,1.051216e-01,1.181551e-02,2.820000e-03,2.118796e-01,1.321026e-02,8.985969e-02,2.103374e-01,8.864166e-03,2.421598e-01
8.848403e-03,2.079170e-03,3.533504e-03,2.563758e-03,3.961867e-02,2.151672e-02,7.480419e-02,8.283293e-03,7.473105e-03,2.942414e-01,1.067308e-02,1.208569e-01,2.044632e-01,6.960313e-03,1.940843e-01
6.230921e-03,1.589880e-03,2.552218e-03,1.846549e-03,2.851525e-02,1.563329e-02,5.251621e-02,5.801771e-03,8.073612e-03,4.709883e-01,7.916741e-03,1.055841e-01,1.465086e-01,5.072029e-03,1.411705e-01
4.681513e-03,1.799452e-03,1.939202e-03,1.711823e-03,2.154944e-02,1.725772e-02,3.692864e-02,4.082990e-03,5.673562e-02,5.248537e-01,6.864454e-03,1.102385e-01,1.045769e-01,4.451686e-03,1.023283e-01
3.684432e-03,1.667167e-03,1.385255e-03,1.453661e-03,1.528895e-02,1.484957e-02,2.590319e-02,2.876543e-03,5.437362e-02,6.274114e-01,8.846270e-03,8.805828e-02,7.669396e-02,3.937435e-03,7.357024e-02
2.838740e-03,1.406547e-03,1.110935e-03,1.207560e-03,1.095175e-02,1.095267e-02,1.815191e-02,2.088416e-03,4.627075e-02,7.042277e-01,1.455500e-02,6.760127e-02,6.254427e-02,3.272528e-03,5.281999e-02
2.286712e-03,5.779819e-03,1.498163e-03,1.197036e-03,8.158136e-03,7.853300e-03,1.271339e-02,1.519832e-03,5.259008e-02,7.041171e-01,3.890697e-02,5.359440e-02,5.690230e-02,4.733918e-03,4.814895e-02
2.870912e-03,1.075996e-02,1.660670e-03,2.355017e-03,6.070137e-03,6.756668e-03,8.933699e-03,1.145594e-03,5.364263e-02,6.973722e-01,6.740861e-02,4.570280e-02,5.376653e-02,5.409701e-03,3.614487e-02
2.338366e-03,9.091590e-03,1.399680e-03,1.762817e-03,4.416573e-03,5.340707e-03,6.264943e-03,8.327225e-04,4.375225e-02,7.372922e-01,7.191660e-02,3.478972e-02,4.795045e-02,5.125266e-03,2.772618e-02
3.640384e-03,1.168676e-02,1.571624e-03,2.057392e-03,3.586889e-03,8.328126e-03,4.461824e-03,8.726271e-04,3.817956e-02,6.816695e-01,1.309275e-01,3.284504e-02,5.258510e-02,6.420287e-03,2.116742e-02
4.143370e-03,1.923550e-02,1.775018e-03,2.017436e-03,3.215574e-03,8.491536e-03,3.152956e-03,7.169192e-04,3.452707e-02,5.674649e-01,2.407489e-01,2.876779e-02,5.938728e-02,9.112114e-03,1.724365e-02
9.788245e-03,3.721495e-02,4.973065e-03,3.874819e-03,5.264135e-03,1.193299e-02,2.323024e-03,1.474058e-03,6.947261e-02,4.983947e-01,2.298060e-01,3.009207e-02,5.569081e-02,2.243628e-02,1.726216e-02
1.120764e-02,5.236178e-02,4.317311e-03,3.757101e-03,5.484993e-03,1.021126e-02,1.659542e-03,1.400793e-03,9.503040e-02,4.346911e-01,2.550635e-01,2.448150e-02,4.514825e-02,3.970376e-02,1.548103e-02
3.565686e-02,6.868950e-02,4.539839e-03,3.556141e-03,9.734986e-03,9.164941e-03,1.470172e-03,3.127683e-03,1.062874e-01,4.143819e-01,2.154781e-01,2.142937e-02,3.745335e-02,5.433222e-02,1.469748e-02
5.206241e-02,7.969526e-02,5.533179e-03,3.461454e-03,2.985615e-02,1.189223e-02,2.193501e-03,5.231428e-03,1.224614e-01,3.662976e-01,1.916719e-01,1.992503e-02,2.976238e-02,6.405808e-02,1.589796e-02
5.986231e-02,9.179643e-02,1.728826e-02,5.003846e-03,3.734269e-02,4.834114e-02,2.147811e-03,8.259142e-03,1.057180e-01,3.336626e-01,1.652882e-01,2.090135e-02,2.376033e-02,6.084660e-02,1.978128e-02
5.460813e-02,9.776884e-02,1.688695e-02,6.301663e-03,6.531906e-02,4.758456e-02,2.687370e-03,6.814739e-03,1.531195e-01,2.598424e-01,1.253663e-01,2.343879e-02,1.869813e-02,4.885221e-02,7.271130e-02
4.547621e-02,9.662811e-02,1.888996e-02,3.961449e-02,5.351467e-02,3.837282e-02,2.249509e-03,6.081883e-03,2.770995e-01,1.961964e-01,9.089434e-02,1.971187e-02,1.550718e-02,3.545463e-02,6.430844e-02
4.256042e-02,8.987647e-02,4.119602e-02,5.689688e-02,4.426851e-02,3.170357e-02,1.784305e-03,5.558587e-03,2.925756e-01,1.770909e-01,6.754743e-02,1.631217e-02,1.308038e-02,3.150326e-02,8.804554e-02
3.830775e-02,8.825886e-02,6.332670e-02,6.693446e-02,4.148047e-02,3.104746e-02,1.419091e-03,5.817910e-03,2.612447e-01,1.539429e-01,4.896272e-02,1.217668e-02,1.002161e-02,2.521666e-02,1.518421e-01
4.840615e-02,1.048177e-01,6.571732e-02,5.939228e-02,6.208145e-02,3.350881e-02,1.225105e-03,7.525945e-03,2.778652e-01,1.205182e-01,3.769526e-02,9.261098e-03,7.683832e-03,2.277764e-02,1.415240e-01
4.704500e-02,1.142634e-01,5.251048e-02,1.991118e-01,6.245127e-02,2.815057e-02,1.396410e-03,1.811011e-02,2.268915e-01,8.512700e-02,2.841404e-02,7.157438e-03,5.787206e-03,1.637547e-02,1.072084e-01
7.463889e-02,1.259349e-01,1.251458e-01,2.027878e-01,5.135090e-02,2.522953e-02,1.493490e-03,2.194685e-02,1.761274e-01,6.071519e-02,2.654386e-02,6.710411e-03,4.779181e-03,1.395415e-02,8.264155e-02
1.045927e-01,1.356031e-01,1.216686e-01,1.788856e-01,3.906200e-02,2.062598e-02,1.324139e-03,1.847569e-02,1.725518e-01,4.595109e-02,2.791870e-02,9.501221e-03,4.715041e-03,1.760650e-02,1.015178e-01
1.122811e-01,1.509126e-01,1.320532e-01,1.731433e-01,3.733767e-02,2.139333e-02,1.112189e-03,1.858646e-02,1.505762e-01,4.218818e-02,4.219654e-02,9.965116e-03,5.610678e-03,1.790904e-02,8.473428e-02
1.200894e-01,1.801906e-01,1.180768e-01,1.593032e-01,3.410139e-02,1.779535e-02,1.020688e-03,1.651241e-02,1.320075e-01,4.218886e-02,4.666744e-02,1.202092e-02,6.165412e-03,1.965006e-02,9.421004e-02
1.163007e-01,1.374396e-01,1.491649e-01,2.069993e-01,2.929704e-02,1.540330e-02,1.696688e-03,1.928130e-02,1.195366e-01,3.474250e-02,3.697577e-02,1.040449e-02,6.565890e-03,1.710381e-02,9.908811e-02
2.105746e-01,1.041922e-01,1.685531e-01,1.927157e-01,2.325809e-02,1.233358e-02,1.965705e-03,1.858504e-02,9.785604e-02,2.600900e-02,3.017925e-02,1.159925e-02,6.120319e-03,1.464932e-02,8.140879e-02
3.045723e-01,8.130494e-02,1.659018e-01,1.689285e-01,1.838809e-02,1.100062e-02,1.886691e-03,1.535529e-02,7.571287e-02,2.246067e-02,2.852981e-02,1.170340e-02,6.368649e-03,1.693258e-02,7.095368e-02
2.891532e-01,5.914021e-02,2.686506e-01,1.344901e-01,1.362470e-02,9.328628e-03,1.703643e-03,1.222638e-02,6.019713e-02,1.957760e-02,2.261494e-02,1.002110e-02,5.834537e-03,2.756773e-02,6.586955e-02
2.346923e-01,4.643199e-02,2.492515e-01,1.022215e-01,9.899135e-03,8.147401e-03,1.299382e-03,9.109945e-03,7.384391e-02,1.694601e-02,2.377148e-02,7.851532e-03,5.469990e-03,9.557554e-02,1.154885e-01
2.563728e-01,4.193434e-02,1.828529e-01,7.690141e-02,7.632399e-03,9.032473e-03,1.188086e-03,7.354600e-03,9.912566e-02,1.496003e-02,2.425076e-02,9.477039e-03,7.662856e-03,1.332568e-01,1.279978e-01
2.493318e-01,3.252925e-02,1.310197e-01,5.486352e-02,6.200406e-03,8.225396e-03,9.542205e-04,5.525114e-03,1.104952e-01,1.234764e-02,2.562364e-02,7.746381e-03,7.638257e-03,2.192508e-01,1.282487e-01
1.917414e-01,2.373794e-02,9.204520e-02,3.854769e-02,4.608640e-03,6.330794e-03,6.925116e-04,3.928906e-03,1.019306e-01,1.123381e-02,2.022230e-02,5.785638e-03,5.964755e-03,3.737350e-01,1.194949e-01
1.364101e-01,1.984879e-02,6.843884e-02,2.901723e-02,3.575276e-03,4.663221e-03,5.076067e-04,2.779857e-03,2.408015e-01,1.094013e-02,1.624406e-02,4.472729e-03,4.625999e-03,3.245069e-01,1.331677e-01
9.562412e-02,1.439680e-02,4.865549e-02,2.040327e-02,2.589033e-03,3.348163e-03,3.681356e-04,1.949329e-03,1.918606e-01,9.561367e-03,1.201073e-02,3.247558e-03,3.349946e-03,4.858877e-01,1.067478e-01
6.786265e-02,1.033194e-02,3.444837e-02,1.434684e-02,2.006923e-03,2.447545e-03,3.140929e-04,1.380875e-03,1.457610e-01,1.105682e-02,1.018609e-02,2.603325e-03,2.547141e-03,5.940634e-01,1.006431e-01
4.801291e-02,7.266895e-03,2.418125e-02,1.004890e-02,1.468039e-03,1.785911e-03,2.436126e-04,9.734299e-04,1.049505e-01,1.523037e-02,8.101688e-03,1.930691e-03,1.817237e-03,6.963100e-01,7.767866e-02
3.416689e-02,5.117702e-03,1.705576e-02,7.046309e-03,1.122224e-03,1.346600e-03,1.840397e-04,6.863633e-04,7.785802e-02,3.676629e-02,6.453064e-03,1.533747e-03,1.447329e-03,7.512771e-01,5.793861e-02
2.487116e-02,3.774101e-03,2.707494e-02,6.005039e-03,1.408666e-03,1.242671e-03,1.678652e-04,5.427886e-04,7.457693e-02,9.856944e-02,1.180329e-02,2.458347e-03,1.852938e-03,6.965068e-01,4.914505e-02
1.821218e-02,2.761459e-03,2.275232e-02,4.285156e-03,1.297240e-03,1.163780e-03,1.879086e-04,4.460590e-04,5.688795e-02,1.797707e-01,1.065593e-02,2.406874e-03,1.561145e-03,6.566612e-01,4.095016e-02
1.291344e-02,2.164395e-03,1.821393e-02,3.009274e-03,9.926033e-04,8.968962e-04,1.370575e-04,3.329725e-04,4.076461e-02,3.180590e-01,8.163649e-03,1.805277e-03,1.155356e-03,5.606717e-01,3.071988e-02
9.434044e-03,1.825887e-03,1.422558e-02,2.310018e-03,1.240482e-03,7.994716e-04,1.219743e-04,4.485522e-04,3.139209e-02,4.331660e-01,1.105592e-02,1.828815e-03,1.710341e-03,4.590395e-01,3.140135e-02
7.176447e-03,1.651354e-03,1.028324e-02,2.018668e-03,1.246052e-03,8.816351e-04,9.857479e-05,6.236166e-04,2.431085e-02,5.377293e-01,1.667938e-02,2.527802e-03,2.281708e-03,3.662926e-01,2.619893e-02
5.291568e-03,2.225913e-03,7.335877e-03,1.621581e-03,1.024610e-03,8.912794e-04,9.604017e-05,4.510133e-04,1.983874e-02,5.613414e-01,1.475609e-02,3.901606e-03,4.440287e-03,3.436860e-01,3.309813e-02
4.174994e-03,4.166891e-03,5.262677e-03,1.616806e-03,1.100055e-03,1.056187e-03,1.162424e-04,3.959108e-04,2.178269e-02,5.870464e-01,1.512256e-02,4.843614e-03,8.080654e-03,2.842492e-01,6.098519e-02
6.128559e-03,1.018290e-02,5.853993e-03,7.156244e-03,2.622878e-03,1.395213e-03,2.305314e-04,2.061125e-03,4.954041e-02,5.633444e-01,4.680135e-02,9.184402e-03,2.561427e-02,2.161194e-01,5.376436e-02
2.759399e-02,2.356123e-02,1.958566e-02,1.973552e-02,5.518704e-03,2.413568e-03,8.215987e-04,7.433908e-03,9.724741e-02,4.970214e-01,4.569217e-02,7.842086e-03,2.396674e-02,1.634779e-01,5.808824e-02
2.610353e-02,2.877062e-02,3.958366e-02,2.797450e-02,9.252690e-03,3.916892e-03,1.236692e-03,4.236704e-02,1.358046e-01,4.242946e-01,4.359092e-02,6.939048e-03,2.613729e-02,1.244125e-01,5.961541e-02
5.356120e-02,2.693406e-02,1.175393e-01,4.188735e-02,1.786221e-02,6.633669e-03,1.618783e-03,3.410523e-02,1.637587e-01,3.213525e-01,3.879071e-02,6.590747e-03,2.515339e-02,9.267995e-02,5.153228e-02
6.045588e-02,2.579878e-02,9.701911e-02,3.314394e-02,2.908755e-02,1.394394e-02,1.699062e-03,1.328222e-01,1.742464e-01,2.406168e-01,3.324721e-02,5.819460e-03,2.237421e-02,7.024878e-02,5.947674e-02
4.968898e-02,2.078623e-02,7.784652e-02,2.687340e-02,2.329991e-02,1.302826e-02,1.450771e-03,3.446035e-01,1.310958e-01,1.704541e-01,2.499794e-02,4.401973e-03,1.678142e-02,5.032114e-02,4.437012e-02
4.041473e-02,1.796979e-02,6.864537e-02,2.269180e-02,2.041906e-02,1.236296e-02,1.516582e-03,4.926891e-01,9.899922e-02,1.201955e-01,1.848810e-02,3.190635e-03,1.285002e-02,3.620751e-02,3.335962e-02
3.155322e-02,1.347897e-02,4.971032e-02,1.728210e-02,1.722352e-02,9.306379e-03,1.210041e-03,6.315724e-01,7.073651e-02,8.418619e-02,1.318966e-02,2.265293e-03,9.142291e-03,2.548168e-02,2.366150e-02
3.162881e-02,1.022258e-02,3.646637e-02,1.342008e-02,1.462461e-02,7.171670e-03,1.139281e-03,7.228546e-01,5.039446e-02,5.902641e-02,9.528195e-03,1.792037e-03,6.586548e-03,1.838653e-02,1.675790e-02
3.733777e-02,8.199404e-03,2.666404e-02,1.028603e-02,1.661928e-02,5.760853e-03,9.889257e-04,7.767316e-01,3.679860e-02,4.144477e-02,7.067447e-03,1.430955e-03,4.808648e-03,1.377640e-02,1.208535e-02
4.463487e-02,7.512284e-03,1.974827e-02,8.149656e-03,1.488375e-02,4.771314e-03,8.898580e-04,8.114036e-01,2.825358e-02,2.926173e-02,5.711710e-03,1.544525e-03,3.584185e-03,1.054732e-02,9.103435e-03
4.563715e-02,6.312579e-03,1.533488e-02,7.618087e-03,1.447219e-02,4.264006e-03,8.576930e-04,8.380305e-01,2.384233e-02,2.055342e-02,4.248391e-03,1.346691e-03,2.622304e-03,8.295916e-03,6.563919e-03
4.034495e-02,5.798664e-03,1.234002e-02,6.736780e-03,1.677632e-02,3.293321e-03,7.878738e-04,8.636855e-01,1.792203e-02,1.443572e-02,3.114295e-03,1.097935e-03,1.921384e-03,7.033329e-03,4.711922e-03
3.560960e-02,4.695748e-03,9.983755e-03,5.362733e-03,1.462380e-02,2.532020e-03,8.949119e-04,8.889267e-01,1.329845e-02,1.018594e-02,2.295539e-03,9.307736e-04,1.410746e-03,5.868756e-03,3.380523e-03
3.149976e-02,3.532892e-03,7.795438e-03,4.411568e-03,1.256073e-02,1.923497e-03,8.899646e-04,9.091727e-01,9.992367e-03,7.214624e-03,1.719814e-03,7.907056e-04,1.040011e-03,5.017736e-03,2.438281e-03
4.180721e-02,2.604211e-03,5.947808e-03,3.886633e-03,9.315741e-03,3.080285e-03,7.361373e-04,9.091151e-01,8.280874e-03,5.084891e-03,1.609236e-03,1.781874e-03,1.019916e-03,3.895395e-03,1.834690e-03
1.382565e-01,2.136388e-03,4.625411e-03,6.228526e-03,6.919723e-03,3.777409e-03,6.248580e-04,7.031437e-01,8.515473e-03,5.188344e-03,4.837745e-02,3.976331e-02,1.570680e-02,1.425473e-02,2.481325e-03
1.117108e-01,1.802278e-03,3.609066e-03,2.753478e-02,5.132928e-03,3.725376e-03,4.781578e-04,5.287154e-01,9.011160e-03,1.536157e-02,7.268840e-02,1.675922e-01,2.328299e-02,2.694549e-02,2.409316e-03
8.439096e-02,1.611433e-03,2.845128e-03,2.908690e-02,3.789407e-03,2.841086e-03,3.644621e-04,3.744279e-01,9.454559e-03,3.853149e-02,1.244371e-01,2.185085e-01,5.469425e-02,5.159168e-02,3.425124e-03
6.660765e-02,1.638325e-03,2.303438e-03,2.421436e-02,2.814783e-03,2.167289e-03,2.725458e-04,2.651355e-01,8.782795e-03,1.215122e-01,1.378990e-01,2.339709e-01,7.448186e-02,5.511630e-02,3.083012e-03
4.997354e-02,1.489404e-03,1.851105e-03,1.828967e-02,2.295309e-03,2.043197e-03,2.268563e-04,1.862873e-01,8.470347e-03,1.956517e-01,1.117816e-01,3.141063e-01,6.192489e-02,4.319388e-02,2.414763e-03
3.602215e-02,1.299034e-03,1.434137e-03,1.304305e-02,1.851045e-03,1.559542e-03,1.823963e-04,1.307895e-01,6.569648e-03,3.513754e-01,8.992859e-02,2.678734e-01,4.828001e-02,4.771981e-02,2.072157e-03
2.661654e-02,1.001975e-03,1.064699e-03,9.462742e-03,1.649044e-03,1.185331e-03,1.405908e-04,9.179229e-02,5.140852e-03,4.766316e-01,7.743194e-02,2.212458e-01,3.608404e-02,4.890536e-02,1.647112e-03
1.941557e-02,8.046287e-04,8.566236e-04,6.691630e-03,1.381244e-03,8.840651e-04,1.057591e-04,6.431550e-02,4.080329e-03,5.988480e-01,6.037438e-02,1.704461e-01,2.701230e-02,4.343209e-02,1.351796e-03
1.378565e-02,6.617690e-04,8.202680e-04,4.712970e-03,1.450660e-03,6.562746e-04,7.936644e-05,4.504737e-02,3.326721e-03,6.992005e-01,4.492741e-02,1.264591e-01,2.024459e-02,3.757238e-02,1.054959e-03
1.006959e-02,6.234259e-04,8.327896e-04,3.356489e-03,2.137512e-03,5.407607e-04,7.101760e-05,3.162553e-02,4.116380e-03,7.497667e-01,4.319057e-02,9.985527e-02,1.650104e-02,3.625841e-02,1.054550e-03
7.550379e-03,8.055416e-04,1.554319e-03,2.372832e-03,2.082657e-03,4.755211e-04,6.259218e-05,2.222286e-02,4.453040e-03,7.868530e-01,3.965043e-02,7.964616e-02,1.537419e-02,3.574901e-02,1.147530e-03
7.175068e-03,1.022223e-02,1.043267e-02,1.729974e-03,7.155344e-03,1.201861e-03,9.454810e-05,1.641484e-02,1.340507e-02,7.568607e-01,4.250776e-02,6.601813e-02,1.894670e-02,4.540174e-02,2.433400e-03
1.093131e-02,1.205914e-02,9.130896e-02,3.592923e-03,2.956693e-02,5.639712e-03,3.015769e-03,2.424771e-02,1.625481e-02,6.380337e-01,4.714336e-02,5.825415e-02,1.716205e-02,3.990343e-02,2.885947e-03
2.085152e-02,1.986293e-02,1.206027e-01,5.017029e-03,4.011104e-02,1.012436e-02,2.863769e-03,2.606761e-02,3.409299e-02,5.351918e-01,7.579534e-02,5.268693e-02,1.650479e-02,3.745512e-02,2.772061e-03
3.618545e-02,3.069761e-02,1.203414e-01,6.780470e-03,3.750429e-02,1.559836e-02,3.025583e-03,3.186891e-02,3.645557e-02,4.437704e-01,1.301086e-01,4.572801e-02,1.415866e-02,4.464512e-02,3.131556e-03
3.406980e-02,8.019506e-02,9.882951e-02,7.063154e-03,3.475296e-02,1.439463e-02,2.508513e-03,2.907091e-02,1.311740e-01,3.277021e-01,1.347015e-01,3.518968e-02,1.253042e-02,5.276215e-02,5.055660e-03
3.200594e-02,7.991805e-02,1.035362e-01,1.583647e-02,4.649730e-02,1.296585e-02,2.506533e-03,3.561585e-02,2.392174e-01,2.341188e-01,1.136879e-01,2.661334e-02,1.087149e-02,4.214521e-02,4.463661e-03
2.843997e-02,7.402334e-02,1.233659e-01,2.178073e-02,4.403520e-02,1.251910e-02,2.302303e-03,3.065567e-02,3.447450e-01,1.667527e-01,8.834381e-02,1.916332e-02,8.555735e-03,3.148213e-02,3.835228e-03
4.099117e-02,8.606647e-02,1.633956e-01,3.176983e-02,4.304174e-02,1.917068e-02,2.447938e-03,2.579128e-02,3.165768e-01,1.298760e-01,8.209503e-02,1.530611e-02,8.334938e-03,3.113881e-02,3.997783e-03
5.939738e-02,8.741416e-02,1.541335e-01,3.252495e-02,1.067243e-01,4.591088e-02,3.021467e-03,2.123190e-02,2.578985e-01,1.082028e-01,6.642936e-02,1.192409e-02,9.287941e-03,3.095715e-02,4.941626e-03
6.388757e-02,9.208408e-02,2.020147e-01,4.158697e-02,1.210397e-01,5.361756e-02,3.549281e-03,2.508586e-02,1.911124e-01,8.822040e-02,5.549407e-02,9.695462e-03,7.753916e-03,4.035775e-02,4.500471e-03
5.290897e-02,8.176652e-02,1.717352e-01,1.678888e-01,1.515932e-01,6.093387e-02,4.490272e-03,2.310396e-02,1.367940e-01,6.272696e-02,4.011609e-02,7.954458e-03,6.018979e-03,2.847988e-02,3.488995e-03
4.098248e-02,7.642838e-02,2.155815e-01,2.271649e-01,1.221231e-01,4.560335e-02,3.229127e-03,1.687276e-02,9.728371e-02,4.696077e-02,6.257949e-02,1.302855e-02,8.961509e-03,2.011370e-02,3.086770e-03
3.170883e-02,8.969462e-02,2.317851e-01,2.671878e-01,9.191010e-02,3.394263e-02,2.357055e-03,1.201384e-02,6.939883e-02,3.914675e-02,7.452881e-02,2.980930e-02,9.368456e-03,1.438941e-02,2.758529e-03
3.218205e-02,8.357757e-02,1.928102e-01,2.297559e-01,6.560843e-02,2.737962e-02,1.967965e-03,8.477613e-03,4.941114e-02,3.284543e-02,9.965113e-02,1.466025e-01,1.673795e-02,1.056024e-02,2.432348e-03
2.511227e-02,6.034650e-02,1.367586e-01,1.700886e-01,4.635623e-02,2.578503e-02,1.471296e-03,5.976968e-03,3.586431e-02,2.443433e-02,1.074470e-01,3.349719e-01,1.524906e-02,7.718766e-03,2.419051e-03
1.814909e-02,4.299399e-02,9.601945e-02,1.199085e-01,3.899642e-02,2.242247e-02,1.138302e-03,4.234066e-03,3.464552e-02,2.083995e-02,1.132160e-01,4.655712e-01,1.447502e-02,5.525665e-03,1.864310e-03
1.276504e-02,3.119927e-02,6.751037e-02,8.403691e-02,2.777804e-02,1.657861e-02,8.923456e-04,2.968019e-03,2.523487e-02,3.226494e-02,8.197718e-02,5.975961e-01,1.373181e-02,3.902062e-03,1.564427e-03
9.183985e-03,2.261048e-02,4.739255e-02,5.888205e-02,2.008963e-02,1.197859e-02,6.522826e-04,2.121060e-03,2.064819e-02,3.650933e-02,7.389346e-02,6.803267e-01,1.157642e-02,2.869806e-03,1.265498e-03
6.714818e-03,1.636317e-02,3.325130e-02,4.130805e-02,1.504608e-02,8.872145e-03,4.717202e-04,1.867911e-03,2.242743e-02,3.958790e-02,6.368972e-02,7.376976e-01,9.689504e-03,2.070690e-03,9.419982e-04
6.552270e-03,1.326334e-02,2.335660e-02,2.903457e-02,1.227606e-02,1.209400e-02,4.743433e-04,2.424475e-03,4.004617e-02,5.294981e-02,4.800774e-02,7.471837e-01,9.998262e-03,1.550897e-03,7.876977e-04
5.567799e-03,1.015056e-02,1.646930e-02,2.041182e-02,1.052863e-02,1.388080e-02,4.663781e-04,3.599848e-03,3.771023e-02,5.569337e-02,3.794365e-02,7.763641e-01,9.407071e-03,1.208186e-03,5.982088e-04
5.209697e-03,8.506476e-03,1.169305e-02,1.443260e-02,2.834672e-02,2.932644e-02,1.335302e-03,6.889753e-03,5.523293e-02,4.920969e-02,3.021901e-02,7.470287e-01,1.110546e-02,9.986840e-04,4.655125e-04
1.234738e-02,6.855313e-03,8.525608e-03,1.031478e-02,5.726198e-02,1.225214e-01,2.344831e-03,1.058959e-02,5.695380e-02,4.941215e-02,2.472871e-02,6.237730e-01,1.311863e-02,8.727917e-04,3.801003e-04
1.393403e-02,5.108085e-03,6.177636e-03,7.289974e-03,4.799075e-02,1.554497e-01,2.068502e-03,8.332973e-03,4.313647e-02,9.121031e-02,2.088814e-02,5.805506e-01,1.666775e-02,8.134206e-04,3.817302e-04
1.878858e-02,4.709642e-03,4.707967e-03,5.493130e-03,3.873707e-02,1.681269e-01,2.625579e-03,9.235350e-03,3.570403e-02,1.751892e-01,2.466873e-02,4.871436e-01,2.328046e-02,1.145451e-03,4.442568e-04
1.489370e-02,5.810558e-03,9.729385e-03,4.122674e-03,3.410705e-02,1.591913e-01,2.406052e-03,6.747866e-03,2.891640e-02,1.951522e-01,3.872779e-02,4.463341e-01,5.090528e-02,1.482249e-03,1.473476e-03
1.299948e-02,5.108122e-03,1.243646e-02,3.387027e-03,3.254012e-02,2.227562e-01,2.897258e-03,5.027061e-03,3.091517e-02,2.471924e-01,4.400638e-02,3.305011e-01,4.752808e-02,1.322190e-03,1.382950e-03
1.841906e-02,4.992022e-03,1.316734e-02,2.875928e-03,4.893902e-02,2.335564e-01,4.504195e-03,4.841793e-03,3.285639e-02,3.205254e-01,3.702746e-02,2.363779e-01,3.864023e-02,1.691804e-03,1.585109e-03
1.909423e-02,6.848614e-03,1.495142e-02,3.192861e-03,8.416227e-02,2.199275e-01,8.633732e-03,6.516602e-03,4.368228e-02,3.669052e-01,2.754065e-02,1.667901e-01,2.839389e-02,1.654960e-03,1.705684e-03
1.994256e-02,7.812936e-03,1.677122e-02,4.291295e-03,1.039972e-01,2.389028e-01,1.310809e-02,3.478632e-02,4.981342e-02,3.454940e-01,2.018961e-02,1.180634e-01,2.289756e-02,1.814923e-03,2.114678e-03
2.977714e-02,9.587798e-03,1.742665e-02,4.828040e-03,1.161071e-01,2.351519e-01,1.735017e-02,4.341494e-02,5.469331e-02,3.439643e-01,1.527057e-02,8.447354e-02,2.210879e-02,1.573842e-03,4.271891e-03
3.570050e-02,1.083073e-02,1.478577e-02,4.063927e-03,1.062677e-01,1.843338e-01,1.661110e-02,4.263159e-02,8.103439e-02,4.017211e-01,1.230579e-02,6.292958e-02,1.875568e-02,1.517740e-03,6.510586e-03
3.299758e-02,9.172010e-03,1.514167e-02,4.854966e-03,1.062331e-01,1.867706e-01,1.749150e-02,8.544020e-02,6.531218e-02,3.933870e-01,1.067928e-02,5.146002e-02,1.421526e-02,1.391036e-03,5.453497e-03
2.516806e-02,8.811407e-03,3.145803e-02,1.428693e-02,8.138731e-02,1.752228e-01,1.322399e-02,6.204088e-02,5.119546e-02,4.568881e-01,1.164064e-02,3.712397e-02,1.489339e-02,1.172091e-03,1.548688e-02
1.974620e-02,7.556403e-03,4.234296e-02,2.031652e-02,6.294738e-02,1.655442e-01,9.935311e-03,4.694098e-02,4.550170e-02,3.606762e-01,4.786854e-02,3.293778e-02,7.524110e-02,8.963799e-03,5.348096e-02
1.566374e-02,8.452996e-03,3.634291e-02,1.787932e-02,4.771997e-02,1.435377e-01,7.370269e-03,3.391424e-02,5.666706e-02,3.045987e-01,4.590105e-02,2.611249e-02,8.971536e-02,2.121463e-02,1.449096e-01
1.119214e-02,6.440258e-03,2.619375e-02,1.284786e-02,3.464614e-02,1.029413e-01,5.317879e-03,2.388559e-02,5.109234e-02,2.482858e-01,4.621333e-02,2.093996e-02,1.210246e-01,3.608432e-02,2.528947e-01
8.080004e-03,5.268039e-03,1.929494e-02,1.005385e-02,2.658680e-02,7.606026e-02,3.860203e-03,1.680916e-02,4.174841e-02,1.907691e-01,5.466003e-02,1.619094e-02,1.264390e-01,4.830635e-02,3.558729e-01
5.817946e-03,4.333557e-03,1.408640e-02,7.340638e-03,1.883943e-02,5.574373e-02,2.739799e-03,1.177800e-02,3.143854e-02,1.472237e-01,5.272135e-02,1.215140e-02,9.362336e-02,5.304725e-02,4.891150e-01
4.503748e-03,3.605419e-03,1.033223e-02,5.570702e-03,1.365036e-02,4.952538e-02,1.957628e-03,8.265533e-03,2.411836e-02,1.134448e-01,5.741175e-02,1.034324e-02,7.083966e-02,4.688377e-02,5.795473e-01
3.537356e-03,3.254256e-03,1.076484e-02,5.052342e-03,1.075389e-02,4.498791e-02,1.481600e-03,5.918089e-03,2.108075e-02,8.539368e-02,9.750790e-02,1.143641e-02,6.132365e-02,3.683282e-02,6.006745e-01
3.203504e-03,2.614083e-03,9.702200e-03,4.430019e-03,9.274243e-03,8.865520e-02,1.110628e-03,4.259368e-03,1.842995e-02,7.359755e-02,9.044799e-02,3.985224e-02,6.166175e-02,3.105772e-02,5.617036e-01
2.688051e-03,2.053503e-03,8.774191e-03,3.611614e-03,8.127254e-03,1.187375e-01,8.359631e-04,3.118192e-03,1.726517e-02,6.064466e-02,9.552159e-02,8.083311e-02,7.810269e-02,2.778652e-02,4.919000e-01
4.062756e-03,2.247290e-03,1.007005e-02,3.660434e-03,1.145847e-02,1.554939e-01,7.722070e-04,3.436873e-03,3.293432e-02,5.037684e-02,1.436758e-01,7.039609e-02,6.457034e-02,6.427214e-02,3.825724e-01
4.858753e-03,2.391397e-03,2.062588e-02,3.524286e-03,1.046536e-02,1.614698e-01,1.273187e-03,3.198256e-03,3.718845e-02,8.112319e-02,1.557634e-01,5.377806e-02,4.971486e-02,8.670771e-02,3.279174e-01
6.921086e-03,2.019032e-03,2.042220e-02,3.026207e-03,8.809197e-03,1.772877e-01,1.428976e-03,2.642407e-03,3.979469e-02,9.359370e-02,1.968309e-01,4.165460e-02,3.817354e-02,1.067479e-01,2.606479e-01
8.999715e-03,3.827056e-03,2.865687e-02,2.263987e-03,9.695064e-03,1.303411e-01,1.519285e-03,2.063443e-03,3.876212e-02,1.550083e-01,2.405686e-01,3.313944e-02,2.956120e-02,1.090439e-01,2.065500e-01
1.265703e-02,4.650730e-03,4.074215e-02,1.785656e-03,1.034974e-02,9.511504e-02,1.645097e-03,1.761937e-03,3.436314e-02,2.085136e-01,2.615870e-01,3.577114e-02,2.413912e-02,1.070878e-01,1.598309e-01
1.356190e-02,5.638131e-03,3.489259e-02,1.519300e-03,1.411408e-02,6.993438e-02,1.688850e-03,1.531861e-03,2.945710e-02,2.686141e-01,2.893137e-01,3.827596e-02,2.467402e-02,8.364722e-02,1.231368e-01
1.068518e-02,5.737748e-03,2.582894e-02,1.182387e-03,1.344787e-02,4.957195e-02,1.314370e-03,1.311879e-03,2.531574e-02,2.799129e-01,3.657411e-01,4.457420e-02,2.078510e-02,6.718040e-02,8.741032e-02
8.569749e-03,5.926408e-03,2.005648e-02,1.176992e-03,1.936221e-02,3.651553e-02,1.477669e-03,1.504252e-03,3.209130e-02,2.957815e-01,3.916090e-01,4.678001e-02,1.802522e-02,5.789601e-02,6.322776e-02
6.973105e-03,5.676849e-03,1.477355e-02,1.074885e-03,1.651450e-02,2.805196e-02,1.390939e-03,1.186437e-03,3.086989e-02,3.314411e-01,4.162358e-01,4.209101e-02,1.556740e-02,4.223269e-02,4.591991e-02
6.447688e-03,5.152694e-03,1.103324e-02,1.075534e-03,1.320510e-02,2.410205e-02,1.256861e-03,1.053245e-03,2.697515e-02,3.687624e-01,4.287286e-01,3.427781e-02,1.383379e-02,3.060151e-02,3.349436e-02
5.760579e-03,8.750033e-03,9.257830e-03,8.331868e-04,9.819569e-03,2.401612e-02,1.008100e-03,8.402608e-04,2.136885e-02,4.183474e-01,4.005223e-01,2.796330e-02,1.157367e-02,2.379088e-02,3.614791e-02
8.389913e-03,6.293874e-03,3.731701e-02,2.969964e-03,8.362960e-03,3.570150e-02,3.246238e-03,1.422048e-02,1.605665e-02,5.124136e-01,2.838790e-01,1.998802e-02,8.437277e-03,1.730222e-02,2.542131e-02
1.261445e-02,5.587552e-03,2.730490e-02,2.560014e-03,1.084568e-02,5.031728e-02,2.435670e-03,1.054554e-02,1.438973e-02,6.096613e-01,2.026187e-01,1.426904e-02,6.089769e-03,1.266552e-02,1.809483e-02
2.671622e-02,7.959154e-03,3.055545e-02,3.659885e-03,8.329310e-02,5.341791e-02,3.632700e-03,9.380636e-03,3.695769e-02,5.614419e-01,1.443955e-01,1.077452e-02,4.632876e-03,9.760250e-03,1.342220e-02
4.064222e-02,2.563263e-02,2.432733e-02,3.580706e-03,8.253544e-02,4.060417e-02,3.037805e-03,7.275118e-03,9.294812e-02,5.449491e-01,1.039524e-01,8.184031e-03,3.455700e-03,8.556371e-03,1.031885e-02
6.126724e-02,5.603211e-02,1.954130e-02,2.645461e-03,6.616153e-02,2.870993e-02,2.166834e-03,5.360169e-03,9.671316e-02,5.493013e-01,7.763968e-02,6.210036e-03,2.573931e-03,1.273197e-02,1.294535e-02
6.624169e-02,6.905885e-02,2.902629e-02,4.879263e-03,7.572375e-02,2.177760e-02,1.903602e-03,1.528675e-02,1.100476e-01,5.139235e-01,5.864663e-02,6.349332e-03,2.382661e-03,1.216307e-02,1.258946e-02
7.871713e-02,7.848241e-02,3.492078e-02,5.523591e-03,7.337901e-02,1.701500e-02,1.550676e-03,2.095328e-02,1.126652e-01,4.934426e-01,5.009949e-02,6.013453e-03,1.898158e-03,1.223890e-02,1.310031e-02
8.474842e-02,8.486842e-02,9.609438e-02,6.466431e-03,7.491153e-02,1.599597e-02,7.810555e-03,3.606613e-02,1.057776e-01,4.059979e-01,4.232727e-02,1.120747e-02,5.681838e-03,1.050465e-02,1.154132e-02
8.671799e-02,6.547660e-02,8.047350e-02,6.352100e-03,6.486628e-02,1.303390e-02,1.794067e-01,5.618264e-02,8.024314e-02,2.985765e-01,3.389607e-02,1.084497e-02,6.636738e-03,8.459300e-03,8.833514e-03
