1.000000e+00,0.000000e+00,0.000000e+00,0.000000e+00,0.000000e+00,0.000000e+00,0.000000e+00,0.000000e+00,0.000000e+00,0.000000e+00,0.000000e+00,0.000000e+00,0.000000e+00,0.000000e+00,0.000000e+00
1.000000e+00,0.000000e+00,0.000000e+00,0.000000e+00,0.000000e+00,0.000000e+00,0.000000e+00,0.000000e+00,0.000000e+00,0.000000e+00,0.000000e+00,0.000000e+00,0.000000e+00,0.000000e+00,0.000000e+00
1.000000e+00,0.000000e+00,0.000000e+00,0.000000e+00,0.000000e+00,0.000000e+00,0.000000e+00,0.000000e+00,0.000000e+00,0.000000e+00,0.000000e+00,0.000000e+00,0.000000e+00,0.000000e+00,0.000000e+00
1.000000e+00,0.000000e+00,0.000000e+00,0.000000e+00,0.000000e+00,0.000000e+00,0.000000e+00,0.000000e+00,0.000000e+00,0.000000e+00,0.000000e+00,0.000000e+00,0.000000e+00,0.000000e+00,0.000000e+00
1.000000e+00,0.000000e+00,0.000000e+00,0.000000e+00,0.000000e+00,0.000000e+00,0.000000e+00,0.000000e+00,0.000000e+00,0.000000e+00,0.000000e+00,0.000000e+00,0.000000e+00,0.000000e+00,0.000000e+00
1.000000e+00,0.000000e+00,0.000000e+00,0.000000e+00,0.000000e+00,0.000000e+00,0.000000e+00,0.000000e+00,0.000000e+00,0.000000e+00,0.000000e+00,0.000000e+00,0.000000e+00,0.000000e+00,0.000000e+00
1.000000e+00,0.000000e+00,0.000000e+00,0.000000e+00,0.000000e+00,0.000000e+00,0.000000e+00,0.000000e+00,0.000000e+00,0.000000e+00,0.000000e+00,0.000000e+00,0.000000e+00,0.000000e+00,0.000000e+00
1.000000e+00,0.000000e+00,0.000000e+00,0.000000e+00,0.000000e+00,0.000000e+00,0.000000e+00,0.000000e+00,0.000000e+00,0.000000e+00,0.000000e+00,0.000000e+00,0.000000e+00,0.000000e+00,0.000000e+00
1.000000e+00,0.000000e+00,0.000000e+00,0.000000e+00,0.000000e+00,0.000000e+00,0.000000e+00,0.000000e+00,0.000000e+00,0.000000e+00,0.000000e+00,0.000000e+00,0.000000e+00,0.000000e+00,0.000000e+00
1.000000e+00,0.000000e+00,0.000000e+00,0.000000e+00,0.000000e+00,0.000000e+00,0.000000e+00,0.000000e+00,0.000000e+00,0.000000e+00,0.000000e+00,0.000000e+00,0.000000e+00,0.000000e+00,0.000000e+00
1.000000e+00,0.000000e+00,0.000000e+00,0.000000e+00,0.000000e+00,0.000000e+00,0.000000e+00,0.000000e+00,0.000000e+00,0.000000e+00,0.000000e+00,0.000000e+00,0.000000e+00,0.000000e+00,0.000000e+00
1.000000e+00,0.000000e+00,0.000000e+00,0.000000e+00,0.000000e+00,0.000000e+00,0.000000e+00,0.000000e+00,0.000000e+00,0.000000e+00,0.000000e+00,0.000000e+00,0.000000e+00,0.000000e+00,0.000000e+00
1.000000e+00,0.000000e+00,0.000000e+00,0.000000e+00,0.000000e+00,0.000000e+00,0.000000e+00,0.000000e+00,0.000000e+00,0.000000e+00,0.000000e+00,0.000000e+00,0.000000e+00,0.000000e+00,0.000000e+00
1.000000e+00,0.000000e+00,0.000000e+00,0.000000e+00,0.000000e+00,0.000000e+00,0.000000e+00,0.000000e+00,0.000000e+00,0.000000e+00,0.000000e+00,0.000000e+00,0.000000e+00,0.000000e+00,0.000000e+00
1.000000e+00,0.000000e+00,0.000000e+00,0.000000e+00,0.000000e+00,0.000000e+00,0.000000e+00,0.000000e+00,0.000000e+00,0.000000e+00,0.000000e+00,0.000000e+00,0.000000e+00,0.000000e+00,0.000000e+00
1.000000e+00,0.000000e+00,0.000000e+00,0.000000e+00,0.000000e+00,0.000000e+00,0.000000e+00,0.000000e+00,0.000000e+00,0.000000e+00,0.000000e+00,0.000000e+00,0.000000e+00,0.000000e+00,0.000000e+00
1.000000e+00,0.000000e+00,0.000000e+00,0.000000e+00,0.000000e+00,0.000000e+00,0.000000e+00,0.000000e+00,0.000000e+00,0.000000e+00,0.000000e+00,0.000000e+00,0.000000e+00,0.000000e+00,0.000000e+00
1.000000e+00,0.000000e+00,0.000000e+00,0.000000e+00,0.000000e+00,0.000000e+00,0.000000e+00,0.000000e+00,0.000000e+00,0.000000e+00,0.000000e+00,0.000000e+00,0.000000e+00,0.000000e+00,0.000000e+00
1.000000e+00,0.000000e+00,0.000000e+00,0.000000e+00,0.000000e+00,0.000000e+00,0.000000e+00,0.000000e+00,0.000000e+00,0.000000e+00,0.000000e+00,0.000000e+00,0.000000e+00,0.000000e+00,0.000000e+00
1.000000e+00,0.000000e+00,0.000000e+00,0.000000e+00,0.000000e+00,0.000000e+00,0.000000e+00,0.000000e+00,0.000000e+00,0.000000e+00,0.000000e+00,0.000000e+00,0.000000e+00,0.000000e+00,0.000000e+00
1.000000e+00,0.000000e+00,0.000000e+00,0.000000e+00,0.000000e+00,0.000000e+00,0.000000e+00,0.000000e+00,0.000000e+00,0.000000e+00,0.000000e+00,0.000000e+00,0.000000e+00,0.000000e+00,0.000000e+00
1.000000e+00,0.000000e+00,0.000000e+00,0.000000e+00,0.000000e+00,0.000000e+00,0.000000e+00,0.000000e+00,0.000000e+00,0.000000e+00,0.000000e+00,0.000000e+00,0.000000e+00,0.000000e+00,0.000000e+00
1.000000e+00,0.000000e+00,0.000000e+00,0.000000e+00,0.000000e+00,0.000000e+00,0.000000e+00,0.000000e+00,0.000000e+00,0.000000e+00,0.000000e+00,0.000000e+00,0.000000e+00,0.000000e+00,0.000000e+00
1.000000e+00,0.000000e+00,0.000000e+00,0.000000e+00,0.000000e+00,0.000000e+00,0.000000e+00,0.000000e+00,0.000000e+00,0.000000e+00,0.000000e+00,0.000000e+00,0.000000e+00,0.000000e+00,0.000000e+00
1.000000e+00,0.000000e+00,0.000000e+00,0.000000e+00,0.000000e+00,0.000000e+00,0.000000e+00,0.000000e+00,0.000000e+00,0.000000e+00,0.000000e+00,0.000000e+00,0.000000e+00,0.000000e+00,0.000000e+00
1.000000e+00,0.000000e+00,0.000000e+00,0.000000e+00,0.000000e+00,0.000000e+00,0.000000e+00,0.000000e+00,0.000000e+00,0.000000e+00,0.000000e+00,0.000000e+00,0.000000e+00,0.000000e+00,0.000000e+00
1.000000e+00,0.000000e+00,0.000000e+00,0.000000e+00,0.000000e+00,0.000000e+00,0.000000e+00,0.000000e+00,0.000000e+00,0.000000e+00,0.000000e+00,0.000000e+00,0.000000e+00,0.000000e+00,0.000000e+00
1.000000e+00,0.000000e+00,0.000000e+00,0.000000e+00,0.000000e+00,0.000000e+00,0.000000e+00,0.000000e+00,0.000000e+00,0.000000e+00,0.000000e+00,0.000000e+00,0.000000e+00,0.000000e+00,0.000000e+00
1.000000e+00,0.000000e+00,0.000000e+00,0.000000e+00,0.000000e+00,0.000000e+00,0.000000e+00,0.000000e+00,0.000000e+00,0.000000e+00,0.000000e+00,0.000000e+00,0.000000e+00,0.000000e+00,0.000000e+00
1.000000e+00,0.000000e+00,0.000000e+00,0.000000e+00,0.000000e+00,0.000000e+00,0.000000e+00,0.000000e+00,0.000000e+00,0.000000e+00,0.000000e+00,0.000000e+00,0.000000e+00,0.000000e+00,0.000000e+00
1.000000e+00,0.000000e+00,0.000000e+00,0.000000e+00,0.000000e+00,0.000000e+00,0.000000e+00,0.000000e+00,0.000000e+00,0.000000e+00,0.000000e+00,0.000000e+00,0.000000e+00,0.000000e+00,0.000000e+00
1.000000e+00,0.000000e+00,0.000000e+00,0.000000e+00,0.000000e+00,0.000000e+00,0.000000e+00,0.000000e+00,0.000000e+00,0.000000e+00,0.000000e+00,0.000000e+00,0.000000e+00,0.000000e+00,0.000000e+00
1.000000e+00,0.000000e+00,0.000000e+00,0.000000e+00,0.000000e+00,0.000000e+00,0.000000e+00,0.000000e+00,0.000000e+00,0.000000e+00,0.000000e+00,0.000000e+00,0.000000e+00,0.000000e+00,0.000000e+00
1.000000e+00,0.000000e+00,0.000000e+00,0.000000e+00,0.000000e+00,0.000000e+00,0.000000e+00,0.000000e+00,0.000000e+00,0.000000e+00,0.000000e+00,0.000000e+00,0.000000e+00,0.000000e+00,0.000000e+00
1.000000e+00,0.000000e+00,0.000000e+00,0.000000e+00,0.000000e+00,0.000000e+00,0.000000e+00,0.000000e+00,0.000000e+00,0.000000e+00,0.000000e+00,0.000000e+00,0.000000e+00,0.000000e+00,0.000000e+00
1.000000e+00,0.000000e+00,0.000000e+00,0.000000e+00,0.000000e+00,0.000000e+00,0.000000e+00,0.000000e+00,0.000000e+00,0.000000e+00,0.000000e+00,0.000000e+00,0.000000e+00,0.000000e+00,0.000000e+00
1.000000e+00,0.000000e+00,0.000000e+00,0.000000e+00,0.000000e+00,0.000000e+00,0.000000e+00,0.000000e+00,0.000000e+00,0.000000e+00,0.000000e+00,0.000000e+00,0.000000e+00,0.000000e+00,0.000000e+00
1.000000e+00,0.000000e+00,0.000000e+00,0.000000e+00,0.000000e+00,0.000000e+00,0.000000e+00,0.000000e+00,0.000000e+00,0.000000e+00,0.000000e+00,0.000000e+00,0.000000e+00,0.000000e+00,0.000000e+00
1.000000e+00,0.000000e+00,0.000000e+00,0.000000e+00,0.000000e+00,0.000000e+00,0.000000e+00,0.000000e+00,0.000000e+00,0.000000e+00,0.000000e+00,0.000000e+00,0.000000e+00,0.000000e+00,0.000000e+00
1.000000e+00,0.000000e+00,0.000000e+00,0.000000e+00,0.000000e+00,0.000000e+00,0.000000e+00,0.000000e+00,0.000000e+00,0.000000e+00,0.000000e+00,0.000000e+00,0.000000e+00,0.000000e+00,0.000000e+00
1.000000e+00,0.000000e+00,0.000000e+00,0.000000e+00,0.000000e+00,0.000000e+00,0.000000e+00,0.000000e+00,0.000000e+00,0.000000e+00,0.000000e+00,0.000000e+00,0.000000e+00,0.000000e+00,0.000000e+00
1.000000e+00,0.000000e+00,0.000000e+00,0.000000e+00,0.000000e+00,0.000000e+00,0.000000e+00,0.000000e+00,0.000000e+00,0.000000e+00,0.000000e+00,0.000000e+00,0.000000e+00,0.000000e+00,0.000000e+00
1.000000e+00,0.000000e+00,0.000000e+00,0.000000e+00,0.000000e+00,0.000000e+00,0.000000e+00,0.000000e+00,0.000000e+00,0.000000e+00,0.000000e+00,0.000000e+00,0.000000e+00,0.000000e+00,0.000000e+00
1.000000e+00,0.000000e+00,0.000000e+00,0.000000e+00,0.000000e+00,0.000000e+00,0.000000e+00,0.000000e+00,0.000000e+00,0.000000e+00,0.000000e+00,0.000000e+00,0.000000e+00,0.000000e+00,0.000000e+00
1.000000e+00,0.000000e+00,0.000000e+00,0.000000e+00,0.000000e+00,0.000000e+00,0.000000e+00,0.000000e+00,0.000000e+00,0.000000e+00,0.000000e+00,0.000000e+00,0.000000e+00,0.000000e+00,0.000000e+00
1.000000e+00,0.000000e+00,0.000000e+00,0.000000e+00,0.000000e+00,0.000000e+00,0.000000e+00,0.000000e+00,0.000000e+00,0.000000e+00,0.000000e+00,0.000000e+00,0.000000e+00,0.000000e+00,0.000000e+00
1.000000e+00,0.000000e+00,0.000000e+00,0.000000e+00,0.000000e+00,0.000000e+00,0.000000e+00,0.000000e+00,0.000000e+00,0.000000e+00,0.000000e+00,0.000000e+00,0.000000e+00,0.000000e+00,0.000000e+00
1.000000e+00,0.000000e+00,0.000000e+00,0.000000e+00,0.000000e+00,0.000000e+00,0.000000e+00,0.000000e+00,0.000000e+00,0.000000e+00,0.000000e+00,0.000000e+00,0.000000e+00,0.000000e+00,0.000000e+00
1.000000e+00,0.000000e+00,0.000000e+00,0.000000e+00,0.000000e+00,0.000000e+00,0.000000e+00,0.000000e+00,0.000000e+00,0.000000e+00,0.000000e+00,0.000000e+00,0.000000e+00,0.000000e+00,0.000000e+00
1.000000e+00,0.000000e+00,0.000000e+00,0.000000e+00,0.000000e+00,0.000000e+00,0.000000e+00,0.000000e+00,0.000000e+00,0.000000e+00,0.000000e+00,0.000000e+00,0.000000e+00,0.000000e+00,0.000000e+00
1.000000e+00,0.000000e+00,0.000000e+00,0.000000e+00,0.000000e+00,0.000000e+00,0.000000e+00,0.000000e+00,0.000000e+00,0.000000e+00,0.000000e+00,0.000000e+00,0.000000e+00,0.000000e+00,0.000000e+00
1.000000e+00,0.000000e+00,0.000000e+00,0.000000e+00,0.000000e+00,0.000000e+00,0.000000e+00,0.000000e+00,0.000000e+00,0.000000e+00,0.000000e+00,0.000000e+00,0.000000e+00,0.000000e+00,0.000000e+00
1.000000e+00,0.000000e+00,0.000000e+00,0.000000e+00,0.000000e+00,0.000000e+00,0.000000e+00,0.000000e+00,0.000000e+00,0.000000e+00,0.000000e+00,0.000000e+00,0.000000e+00,0.000000e+00,0.000000e+00
1.000000e+00,0.000000e+00,0.000000e+00,0.000000e+00,0.000000e+00,0.000000e+00,0.000000e+00,0.000000e+00,0.000000e+00,0.000000e+00,0.000000e+00,0.000000e+00,0.000000e+00,0.000000e+00,0.000000e+00
4.848459e-01,3.679979e-02,1.296644e-01,1.369399e-01,1.633374e-02,2.528774e-02,7.877091e-03,6.046289e-02,6.907111e-03,1.928313e-03,1.388641e-02,3.348078e-02,2.711116e-02,3.267451e-03,1.520729e-02
3.833721e-01,2.714456e-02,1.548036e-01,1.258709e-01,1.625618e-02,2.074590e-02,1.112265e-02,1.806383e-01,5.328601e-03,1.627712e-03,1.157127e-02,2.591334e-02,2.167924e-02,2.603554e-03,1.132216e-02
2.905565e-01,1.948294e-02,1.812183e-01,1.012434e-01,1.383927e-02,1.806185e-02,4.787416e-02,2.670236e-01,3.916844e-03,1.270676e-03,8.406693e-03,1.889384e-02,1.797122e-02,1.946094e-03,8.294705e-03
2.082983e-01,1.379799e-02,2.466849e-01,8.493087e-02,1.009106e-02,1.386243e-02,3.590865e-02,3.428428e-01,2.784271e-03,1.013932e-03,5.965494e-03,1.350752e-02,1.288812e-02,1.412324e-03,6.011363e-03
1.677123e-01,1.017691e-02,2.372400e-01,7.438862e-02,8.028494e-03,1.858575e-02,4.140788e-02,4.075973e-01,2.057100e-03,9.645687e-04,4.434526e-03,1.034352e-02,1.118016e-02,1.124747e-03,4.758221e-03
1.354164e-01,7.999019e-03,1.941484e-01,8.080746e-02,1.267475e-02,2.001970e-02,5.730579e-02,4.566703e-01,1.721947e-03,4.305799e-03,3.399373e-03,7.706824e-03,1.197498e-02,1.098561e-03,4.750702e-03
1.542947e-01,8.769629e-03,1.838981e-01,6.516731e-02,2.382277e-02,2.572753e-02,7.920957e-02,4.177220e-01,1.985013e-03,8.993481e-03,2.917633e-03,6.784587e-03,1.178783e-02,1.284491e-03,7.635359e-03
2.073489e-01,1.111725e-02,1.632650e-01,5.221600e-02,3.119089e-02,3.294252e-02,8.483300e-02,3.560617e-01,2.330882e-03,1.671082e-02,3.056034e-03,8.379902e-03,1.459651e-02,1.612178e-03,1.433831e-02
2.810163e-01,1.254467e-02,1.227905e-01,4.309572e-02,3.499654e-02,4.073102e-02,6.647991e-02,2.948185e-01,2.801183e-03,2.444300e-02,5.974233e-03,2.025259e-02,2.325491e-02,2.230844e-03,2.457014e-02
2.014402e-01,1.008317e-02,9.174842e-02,3.239146e-02,3.411071e-02,3.296388e-02,6.162591e-02,2.738971e-01,3.727634e-03,1.257586e-01,8.788200e-03,2.753516e-02,6.445317e-02,4.897380e-03,2.657905e-02
1.431748e-01,7.531247e-03,6.510372e-02,2.336382e-02,2.521241e-02,2.954489e-02,5.391314e-02,1.985516e-01,4.183596e-03,1.115032e-01,1.057085e-02,2.634098e-02,2.219516e-01,5.801838e-03,7.325238e-02
1.015466e-01,5.484687e-03,4.580663e-02,1.747261e-02,1.969558e-02,3.283931e-02,4.672159e-02,1.393550e-01,5.588184e-03,1.107114e-01,1.213943e-02,3.984104e-02,2.533618e-01,9.923336e-03,1.595127e-01
7.218169e-02,4.049430e-03,3.213373e-02,1.342825e-02,1.525910e-02,5.313636e-02,4.477243e-02,9.767686e-02,5.571251e-03,9.937327e-02,1.251846e-02,9.261515e-02,2.978896e-01,9.469885e-03,1.499246e-01
5.100204e-02,3.068678e-03,2.303577e-02,1.108563e-02,1.523305e-02,4.332934e-02,3.344796e-02,6.845944e-02,1.177014e-02,2.604687e-01,1.052266e-02,1.285635e-01,2.232135e-01,8.401356e-03,1.083983e-01
3.618819e-02,3.202552e-03,1.667880e-02,8.624481e-03,1.204793e-02,3.127036e-02,2.520069e-02,4.795120e-02,1.480169e-02,3.767108e-01,1.004390e-02,1.469650e-01,1.697345e-01,6.984861e-03,9.359510e-02
2.550952e-02,2.926701e-03,1.175541e-02,6.270214e-03,8.983047e-03,2.209565e-02,1.806304e-02,3.356747e-02,1.315819e-02,5.147371e-01,8.023405e-03,1.226061e-01,1.225917e-01,5.153264e-03,8.455913e-02
1.795610e-02,2.700975e-03,8.253354e-03,4.437362e-03,6.440764e-03,1.566417e-02,1.271361e-02,2.349848e-02,1.135853e-02,6.311492e-01,7.097804e-03,1.028240e-01,8.917813e-02,3.991265e-03,6.273624e-02
1.279874e-02,1.993397e-03,5.782702e-03,3.154712e-03,4.547956e-03,1.124822e-02,8.939847e-03,1.645077e-02,8.707247e-03,7.161000e-01,7.065479e-03,8.893926e-02,6.572356e-02,3.146168e-03,4.540204e-02
1.177612e-02,1.519099e-03,4.251702e-03,2.420715e-03,3.435039e-03,3.408980e-02,6.372387e-03,1.165504e-02,8.715498e-03,7.130648e-01,4.193122e-02,6.945275e-02,5.316315e-02,5.881972e-03,3.227081e-02
1.165696e-02,1.416723e-03,3.815369e-03,1.990732e-03,3.128293e-03,4.009219e-02,4.585921e-03,8.275229e-03,8.458367e-03,6.961543e-01,7.087006e-02,6.780964e-02,5.161892e-02,7.022384e-03,2.310494e-02
1.039710e-02,1.813010e-03,3.175748e-03,1.856636e-03,3.333875e-03,3.295521e-02,3.260412e-03,5.863581e-03,1.101175e-02,6.178945e-01,1.622620e-01,5.654027e-02,5.754372e-02,1.490702e-02,1.718514e-02
9.111134e-03,5.062677e-03,3.067771e-03,1.600542e-03,2.973827e-03,2.881250e-02,2.359918e-03,4.241420e-03,2.005594e-02,5.030988e-01,2.683382e-01,5.457221e-02,5.351126e-02,2.983152e-02,1.336234e-02
1.193541e-02,7.204841e-03,3.450410e-03,1.729313e-03,3.728257e-03,2.392011e-02,2.150765e-03,3.663666e-03,3.692929e-02,4.538782e-01,2.914526e-01,6.312931e-02,4.569990e-02,3.999214e-02,1.113589e-02
1.606155e-02,2.394435e-02,3.091791e-02,3.367262e-03,7.416580e-03,6.318066e-02,2.244008e-03,5.106574e-03,4.938949e-02,3.453140e-01,2.780446e-01,5.282060e-02,3.574972e-02,7.181436e-02,1.462841e-02
1.532356e-02,3.892601e-02,6.236216e-02,5.129754e-03,9.759733e-03,8.836548e-02,2.064710e-03,5.533126e-03,6.530430e-02,2.723769e-01,2.618932e-01,5.089854e-02,3.107992e-02,7.511503e-02,1.586766e-02
1.585154e-02,7.614596e-02,5.763460e-02,6.884496e-03,1.064278e-02,6.704959e-02,1.824789e-03,6.667838e-03,1.486383e-01,2.131170e-01,2.156645e-01,4.746165e-02,2.872566e-02,8.424868e-02,1.944264e-02
1.541518e-02,1.206336e-01,4.729448e-02,3.480575e-02,9.518901e-03,5.086710e-02,1.507924e-03,7.023232e-03,2.621363e-01,1.550631e-01,1.582626e-01,3.409183e-02,2.133704e-02,6.755518e-02,1.448779e-02
1.974208e-02,1.997257e-01,3.819904e-02,4.359541e-02,1.151367e-02,3.823443e-02,1.231935e-03,6.452200e-03,3.011665e-01,1.147868e-01,1.231259e-01,2.435925e-02,1.604500e-02,5.072434e-02,1.109785e-02
1.573696e-02,2.002920e-01,2.831844e-02,1.951455e-01,1.090542e-02,2.882273e-02,8.865746e-04,5.987810e-03,2.611143e-01,8.223314e-02,8.867300e-02,1.723506e-02,1.173285e-02,3.591315e-02,1.700310e-02
1.627771e-02,2.140014e-01,2.208961e-02,1.629574e-01,1.301819e-02,2.363290e-02,6.968817e-04,5.186298e-03,2.409187e-01,6.671611e-02,6.719767e-02,1.249711e-02,9.167305e-03,2.790268e-02,1.177401e-01
1.266045e-02,1.995952e-01,1.803421e-02,1.227526e-01,9.780739e-03,1.889882e-02,5.033408e-04,4.038318e-03,2.184169e-01,5.690845e-02,5.258336e-02,9.451620e-03,7.727202e-03,2.390699e-02,2.447418e-01
1.070572e-02,1.569472e-01,3.464958e-02,9.287260e-02,7.853678e-03,1.597687e-02,4.049543e-04,3.388610e-03,2.626233e-01,5.507613e-02,4.347619e-02,7.616937e-03,7.000509e-03,2.732887e-02,2.740788e-01
1.430578e-02,1.202752e-01,5.172801e-02,6.818876e-02,6.879264e-03,1.427605e-02,3.945958e-04,3.305602e-03,2.538014e-01,6.104536e-02,4.770389e-02,6.399354e-03,6.648066e-03,5.072071e-02,2.943279e-01
3.921520e-02,1.423086e-01,7.750587e-02,5.639022e-02,1.446094e-02,1.329999e-02,6.235632e-04,4.385991e-03,2.167821e-01,4.924067e-02,4.304830e-02,5.409512e-03,6.387249e-03,7.205465e-02,2.588871e-01
4.878736e-02,1.255796e-01,7.985519e-02,9.355915e-02,1.809528e-02,1.443664e-02,1.452308e-03,1.344272e-02,2.094416e-01,4.032712e-02,3.606803e-02,4.017822e-03,5.643343e-03,6.647653e-02,2.428173e-01
4.023878e-02,9.801798e-02,1.292110e-01,1.477230e-01,1.330704e-02,1.104786e-02,1.058307e-03,9.532134e-03,1.686698e-01,3.435095e-02,2.663141e-02,2.887532e-03,4.076316e-03,4.723718e-02,2.660106e-01
4.535781e-02,8.460037e-02,1.484445e-01,1.826103e-01,1.084943e-02,9.061021e-03,8.626028e-04,7.695402e-03,1.417946e-01,3.327016e-02,2.119359e-02,2.451911e-03,3.789488e-03,3.562915e-02,2.723896e-01
4.844936e-02,7.153414e-02,1.213337e-01,1.472529e-01,8.508610e-03,8.163880e-03,6.695199e-04,5.655338e-03,1.137517e-01,3.941913e-02,1.732105e-02,1.997254e-03,3.175456e-03,3.750872e-02,3.752592e-01
4.297112e-02,5.451410e-02,9.862615e-02,1.053334e-01,7.384486e-03,6.992309e-03,5.345760e-04,4.161460e-03,9.317438e-02,3.553166e-02,1.471149e-02,1.632049e-03,2.700270e-03,4.497927e-02,4.867533e-01
3.628389e-02,4.093354e-02,7.507025e-02,7.490307e-02,5.925087e-03,5.523692e-03,4.338789e-04,3.117283e-03,8.217829e-02,3.014145e-02,1.135936e-02,1.289599e-03,2.276873e-03,4.305251e-02,5.875112e-01
3.406120e-02,3.234779e-02,6.652898e-02,5.435752e-02,4.644778e-03,4.705314e-03,4.546823e-04,2.459445e-03,7.539865e-02,2.333960e-02,8.976598e-03,1.445780e-03,2.117528e-03,1.003195e-01,5.888426e-01
2.133952e-01,2.545032e-02,5.146612e-02,3.912495e-02,5.928226e-03,5.320167e-03,8.307923e-04,3.450808e-03,5.540393e-02,1.683640e-02,8.488828e-03,2.473702e-03,5.224853e-03,1.018321e-01,4.647735e-01
2.242692e-01,1.959949e-02,3.803396e-02,2.766232e-02,6.027767e-03,5.755896e-03,7.388674e-04,2.633568e-03,4.303537e-02,1.246720e-02,7.529787e-03,2.000458e-03,4.149003e-03,2.290402e-01,3.770569e-01
1.808148e-01,1.468264e-02,2.735505e-02,1.960561e-02,4.999277e-03,4.743389e-03,7.063257e-04,1.981058e-03,4.033797e-02,1.157286e-02,6.105029e-03,2.092050e-03,3.499554e-03,3.008395e-01,3.806649e-01
1.489613e-01,1.074827e-02,1.940406e-02,1.386305e-02,4.481247e-03,4.377572e-03,5.676474e-04,1.480549e-03,3.354488e-02,9.681707e-03,5.507801e-03,1.723896e-03,3.137900e-03,3.926739e-01,3.498463e-01
1.165750e-01,7.928002e-03,1.365104e-02,9.736273e-03,3.360614e-03,3.404440e-03,4.203892e-04,1.054428e-03,2.660836e-02,1.056433e-02,4.265828e-03,1.694241e-03,2.636444e-03,5.040625e-01,2.940380e-01
8.205064e-02,5.578074e-03,9.608488e-03,6.816993e-03,2.373181e-03,2.413068e-03,3.034984e-04,7.392088e-04,1.908927e-02,7.839196e-02,3.356972e-03,1.365779e-03,2.004455e-03,5.615671e-01,2.243413e-01
5.790981e-02,3.934984e-03,6.776965e-03,4.789529e-03,1.689879e-03,1.709137e-03,2.404831e-04,5.222160e-04,1.577246e-02,1.117829e-01,3.339613e-03,1.163985e-03,1.716297e-03,6.193198e-01,1.693319e-01
4.357089e-02,2.823929e-03,4.806874e-03,3.382133e-03,1.230492e-03,1.248618e-03,1.943977e-04,3.754100e-04,2.776048e-02,9.255305e-02,7.400543e-03,1.308435e-03,1.405618e-03,6.480410e-01,1.638981e-01
3.263093e-02,2.010852e-03,3.429851e-03,2.387200e-03,9.151362e-04,8.959608e-04,1.464126e-04,2.703439e-04,2.793740e-02,1.034085e-01,8.968746e-03,1.144908e-03,1.187718e-03,6.834506e-01,1.312155e-01
2.470571e-02,1.439804e-03,2.639120e-03,1.721431e-03,8.125041e-04,8.809741e-04,1.621676e-04,2.510891e-04,2.395479e-02,1.761777e-01,1.336981e-02,1.138814e-03,1.053624e-03,6.474134e-01,1.042790e-01
1.872715e-02,1.094716e-03,2.063860e-03,1.234575e-03,5.935204e-04,6.975929e-04,1.432942e-04,1.840700e-04,3.077046e-02,1.906981e-01,2.011013e-02,1.212947e-03,9.367125e-04,6.487867e-01,8.274616e-02
1.376353e-02,8.543419e-04,1.489885e-03,8.804757e-04,4.508366e-04,1.066727e-03,1.208904e-04,1.440922e-04,2.401129e-02,3.269247e-01,2.190722e-02,1.293247e-03,8.312690e-04,5.456668e-01,6.059464e-02
1.013146e-02,6.789919e-04,1.084491e-03,6.516241e-04,3.888297e-04,1.088300e-03,1.397516e-04,1.270466e-04,1.857041e-02,4.758807e-01,2.916142e-02,1.752611e-03,8.746298e-04,4.148883e-01,4.458149e-02
7.224713e-03,6.021275e-04,7.889774e-04,4.841351e-04,3.827504e-04,1.355796e-03,1.252784e-04,9.525451e-05,1.666979e-02,5.831943e-01,3.771055e-02,2.486425e-03,1.128167e-03,3.146116e-01,3.314019e-02
6.618071e-03,1.675126e-03,6.834692e-04,5.604612e-04,9.400274e-04,1.644599e-03,1.738642e-04,2.702115e-04,2.303878e-02,6.305135e-01,4.952108e-02,6.466152e-03,6.008853e-03,2.457500e-01,2.613566e-02
7.711907e-03,3.157510e-03,8.871866e-04,2.149357e-03,1.126041e-03,1.741797e-03,2.055648e-04,1.428161e-03,3.432088e-02,6.158136e-01,9.395201e-02,1.272202e-02,1.308575e-02,1.873734e-01,2.432470e-02
7.897140e-03,4.327965e-03,1.220645e-03,2.785151e-03,1.301063e-03,1.872440e-03,2.969910e-04,1.860043e-03,7.026824e-02,5.759661e-01,1.142625e-01,1.990315e-02,1.535413e-02,1.617480e-01,2.093642e-02
7.176111e-03,3.599997e-03,5.821228e-03,1.411907e-02,5.182733e-03,2.141693e-03,7.431449e-04,1.672954e-02,8.218589e-02,5.087439e-01,1.615720e-01,2.332928e-02,2.082813e-02,1.302407e-01,1.758657e-02
8.200279e-03,3.264821e-03,9.853838e-03,1.990819e-02,5.229034e-03,3.785808e-03,7.070117e-04,3.236335e-02,8.764724e-02,4.544859e-01,1.930234e-01,2.076249e-02,2.646018e-02,1.198953e-01,1.441314e-02
1.829409e-02,3.819805e-03,1.854500e-02,3.647841e-02,1.992074e-02,5.763948e-03,2.048503e-03,4.201614e-02,9.179729e-02,3.975807e-01,1.998577e-01,1.862075e-02,2.945076e-02,1.021167e-01,1.368937e-02
1.540153e-02,3.079887e-03,2.561263e-02,8.735687e-02,2.067422e-02,4.308921e-03,1.620075e-03,2.088575e-01,7.634547e-02,2.868757e-01,1.494569e-01,1.425749e-02,2.406678e-02,7.239906e-02,9.686938e-03
1.215776e-02,2.250564e-03,2.293319e-02,8.329991e-02,1.626547e-02,3.094081e-03,1.175794e-03,4.039332e-01,5.670897e-02,2.018879e-01,1.089427e-01,1.050377e-02,1.824114e-02,5.171507e-02,6.890472e-03
9.592533e-03,1.625031e-03,1.782693e-02,8.073860e-02,1.251405e-02,2.855873e-03,8.788955e-04,5.514407e-01,4.039003e-02,1.414365e-01,7.885803e-02,7.552083e-03,1.318894e-02,3.625614e-02,4.845549e-03
8.461187e-03,1.234956e-03,1.366748e-02,7.538915e-02,1.047035e-02,2.496943e-03,6.968901e-04,6.591934e-01,2.909108e-02,9.914049e-02,5.636155e-02,5.348491e-03,9.568717e-03,2.546846e-02,3.410790e-03
9.923058e-03,1.189935e-03,1.009407e-02,6.674323e-02,1.054629e-02,2.253779e-03,5.998411e-04,7.362819e-01,2.127947e-02,6.966394e-02,4.035363e-02,3.787902e-03,6.896884e-03,1.797069e-02,2.415360e-03
1.573253e-02,1.114300e-03,7.670263e-03,5.460851e-02,1.104790e-02,2.662335e-03,5.010066e-04,7.905158e-01,1.583210e-02,4.882418e-02,2.899631e-02,2.813375e-03,5.070544e-03,1.284742e-02,1.763462e-03
2.031955e-02,1.253103e-03,5.882629e-03,4.114612e-02,1.155920e-02,2.461079e-03,4.073344e-04,8.320649e-01,1.241436e-02,3.427236e-02,2.147734e-02,2.229228e-03,3.888060e-03,9.302408e-03,1.322322e-03
2.066223e-02,1.091735e-03,4.600124e-03,3.032576e-02,1.073272e-02,2.004963e-03,4.030438e-04,8.695608e-01,8.955020e-03,2.401401e-02,1.548829e-02,1.681986e-03,2.825028e-03,6.691616e-03,9.626297e-04
2.095602e-02,9.517035e-04,3.483689e-03,2.190455e-02,1.095178e-02,1.693510e-03,3.566332e-04,8.962078e-01,6.517356e-03,1.683931e-02,1.123305e-02,1.295981e-03,2.075135e-03,4.803080e-03,7.304140e-04
2.834454e-02,1.030882e-03,5.506551e-03,2.006318e-02,2.268323e-02,2.167822e-03,4.805962e-04,8.868998e-01,4.990979e-03,1.189735e-02,8.477414e-03,1.298522e-03,1.863821e-03,3.657955e-03,6.372707e-04
2.597508e-02,8.535717e-04,4.392677e-03,1.477026e-02,1.729243e-02,1.813574e-03,4.094196e-04,9.106139e-01,3.732305e-03,8.357447e-03,6.131866e-03,1.115530e-03,1.406234e-03,2.633292e-03,5.024033e-04
4.077922e-02,7.857304e-04,3.570736e-03,1.131575e-02,1.361297e-02,3.472845e-03,3.967099e-04,9.050456e-01,2.928283e-03,5.900290e-03,5.520549e-03,2.410295e-03,1.820434e-03,1.976513e-03,4.640846e-04
3.618988e-02,8.341498e-04,2.858022e-03,8.640070e-03,1.064043e-02,3.321120e-03,3.728753e-04,7.654423e-01,4.091991e-03,5.200685e-03,1.331410e-01,9.056542e-03,5.225619e-03,1.439983e-02,5.855197e-04
2.828892e-02,8.708208e-04,2.213007e-03,7.876165e-03,7.778317e-03,2.782701e-03,2.767057e-04,5.587229e-01,4.313827e-03,2.588945e-02,2.792007e-01,4.204328e-02,1.256568e-02,2.632803e-02,8.494478e-04
2.122879e-02,1.024919e-03,1.848782e-03,8.521875e-03,5.784127e-03,2.148743e-03,2.230455e-04,3.961644e-01,5.252064e-03,4.445541e-02,3.580892e-01,9.528923e-02,2.267968e-02,3.620435e-02,1.085325e-03
1.856147e-02,1.779669e-03,1.888870e-03,7.731458e-03,4.535510e-03,1.853015e-03,1.999814e-04,2.805161e-01,7.518884e-03,8.481059e-02,3.601291e-01,1.422614e-01,3.075205e-02,5.610497e-02,1.357023e-03
1.363525e-02,2.476050e-03,1.859682e-03,6.792693e-03,3.412897e-03,1.492048e-03,1.538342e-04,1.969602e-01,9.523580e-03,2.373090e-01,3.225353e-01,1.268552e-01,2.543174e-02,5.005919e-02,1.503294e-03
1.081492e-02,3.285264e-03,1.856614e-03,5.814177e-03,3.052203e-03,1.422637e-03,1.726996e-04,1.385624e-01,1.000170e-02,3.556527e-01,2.738755e-01,1.274269e-01,2.216841e-02,4.406773e-02,1.826130e-03
9.138081e-03,2.892399e-03,1.543929e-03,4.988567e-03,2.937259e-03,1.226534e-03,1.397971e-04,9.743650e-02,8.678730e-03,5.042274e-01,2.057297e-01,1.008947e-01,1.851002e-02,3.971168e-02,1.944650e-03
8.528834e-03,2.710131e-03,1.291590e-03,4.140358e-03,2.938495e-03,1.033955e-03,1.237639e-04,6.863976e-02,1.034646e-02,5.596600e-01,1.781538e-01,9.105948e-02,1.828835e-02,5.085065e-02,2.234493e-03
1.038942e-02,7.062240e-03,3.518603e-03,4.941132e-03,7.934431e-03,1.360607e-03,2.955885e-04,5.425498e-02,3.162312e-02,5.086941e-01,1.650452e-01,7.829836e-02,2.099822e-02,9.699702e-02,8.587013e-03
1.155976e-02,1.645748e-02,8.767103e-03,5.020294e-03,9.220568e-03,2.413362e-03,3.398727e-04,4.322791e-02,7.195879e-02,4.317641e-01,1.683499e-01,6.297150e-02,2.135418e-02,1.367014e-01,9.893842e-03
1.022141e-02,5.738594e-02,1.367046e-02,4.100467e-03,1.140226e-02,5.932718e-03,3.438033e-04,3.157906e-02,1.554583e-01,3.689561e-01,1.283946e-01,4.483016e-02,1.715050e-02,1.384831e-01,1.209115e-02
9.451578e-03,8.594183e-02,1.492877e-02,4.671785e-03,1.398239e-02,9.889523e-03,4.720593e-04,2.609214e-02,2.504051e-01,2.828344e-01,9.674244e-02,3.194891e-02,1.385507e-02,1.419440e-01,1.684009e-02
9.068488e-03,1.189098e-01,7.653345e-02,8.478775e-03,1.319759e-02,1.446855e-02,4.843649e-04,2.029821e-02,2.751596e-01,2.119768e-01,8.457637e-02,2.275231e-02,1.142820e-02,1.173158e-01,1.535180e-02
1.239302e-02,1.754329e-01,7.828802e-02,1.201511e-02,1.445033e-02,1.496123e-02,6.652564e-04,1.930139e-02,2.867265e-01,1.619990e-01,6.835492e-02,1.632727e-02,9.169449e-03,1.172852e-01,1.263047e-02
1.285669e-02,2.249402e-01,7.614297e-02,1.355397e-02,1.433166e-02,1.566356e-02,9.132421e-04,1.741475e-02,2.856623e-01,1.290054e-01,5.953623e-02,1.217814e-02,9.291704e-03,1.160192e-01,1.249002e-02
1.649938e-02,2.626928e-01,7.842333e-02,3.846645e-02,1.387548e-02,1.408785e-02,9.127951e-04,3.504957e-02,2.762921e-01,9.273604e-02,4.821458e-02,8.811326e-03,8.633657e-03,9.550337e-02,9.801277e-03
2.514418e-02,2.915726e-01,6.392433e-02,4.162322e-02,1.553723e-02,1.660817e-02,9.595206e-04,4.851753e-02,2.813517e-01,6.741948e-02,3.994805e-02,6.599234e-03,7.092420e-03,8.501635e-02,8.685990e-03
4.759073e-02,2.849886e-01,5.542710e-02,4.573013e-02,2.367485e-02,1.663665e-02,8.285597e-04,5.619834e-02,2.836598e-01,5.124259e-02,4.304451e-02,7.255238e-03,8.193710e-03,6.772761e-02,7.801499e-03
5.072477e-02,2.645304e-01,8.844808e-02,4.523113e-02,3.608322e-02,1.479329e-02,1.219578e-03,7.685474e-02,2.698416e-01,4.064591e-02,3.604611e-02,6.746474e-03,7.857617e-03,5.322416e-02,7.752899e-03
5.287871e-02,2.083610e-01,1.192764e-01,8.040646e-02,9.497750e-02,1.314163e-02,1.079601e-03,5.828433e-02,2.438014e-01,3.234190e-02,3.415797e-02,7.122437e-03,7.286042e-03,3.863137e-02,8.253122e-03
4.442057e-02,1.566989e-01,1.033603e-01,2.200029e-01,7.299233e-02,1.140079e-02,8.497906e-04,4.114169e-02,1.769082e-01,2.454999e-02,8.296430e-02,2.371166e-02,6.570840e-03,2.727798e-02,7.149672e-03
4.400106e-02,1.221421e-01,8.134726e-02,2.634753e-01,5.193114e-02,1.073149e-02,7.786546e-04,2.903003e-02,1.267029e-01,2.243234e-02,1.458138e-01,6.878003e-02,6.950461e-03,1.947659e-02,6.406837e-03
3.632597e-02,8.772967e-02,5.720535e-02,1.972362e-01,4.027585e-02,1.065718e-02,5.881313e-04,2.036918e-02,9.264151e-02,2.971796e-02,3.000944e-01,1.004146e-01,6.949905e-03,1.414172e-02,5.652290e-03
3.356529e-02,6.322808e-02,4.017100e-02,1.438825e-01,3.051949e-02,1.009620e-02,4.723578e-04,1.431652e-02,6.869885e-02,2.622290e-02,2.685456e-01,2.769659e-01,6.909984e-03,1.052674e-02,5.878509e-03
2.897075e-02,4.545559e-02,2.831021e-02,1.051359e-01,2.568845e-02,1.010658e-02,3.813404e-04,1.008507e-02,4.992405e-02,2.165342e-02,2.332455e-01,4.210922e-01,6.225352e-03,7.824357e-03,5.901248e-03
2.729252e-02,3.257895e-02,1.995431e-02,7.533113e-02,2.576372e-02,9.495551e-03,3.306170e-04,7.124796e-03,3.657491e-02,4.665595e-02,1.958370e-01,5.044079e-01,7.110754e-03,5.754003e-03,5.787811e-03
2.312784e-02,2.321438e-02,1.407200e-02,5.369605e-02,2.512291e-02,1.024278e-02,2.699933e-04,5.144670e-03,2.863236e-02,4.443601e-02,1.630787e-01,5.919158e-01,7.912390e-03,4.371480e-03,4.762508e-03
1.973284e-02,1.739892e-02,1.034054e-02,3.831647e-02,6.043138e-02,9.146762e-02,4.252401e-03,6.484388e-03,3.985360e-02,3.626083e-02,1.246849e-01,5.372574e-01,6.647212e-03,3.174247e-03,3.697145e-03
1.959981e-02,1.316894e-02,8.767554e-03,2.695661e-02,5.097588e-02,1.062249e-01,7.483852e-03,1.307238e-02,3.511373e-02,4.350279e-02,9.100936e-02,5.733368e-01,5.671424e-03,2.395785e-03,2.720120e-03
2.637058e-02,9.650178e-03,6.506817e-03,1.904431e-02,4.558336e-02,1.466378e-01,7.897731e-03,1.452217e-02,3.204954e-02,4.983685e-02,6.861502e-02,5.643269e-01,5.054276e-03,1.842845e-03,2.061665e-03
2.082206e-02,7.047823e-03,4.694514e-03,1.345208e-02,3.768010e-02,2.688565e-01,7.413159e-03,1.279492e-02,2.595190e-02,4.399633e-02,5.088364e-02,4.983806e-01,5.213253e-03,1.337072e-03,1.476039e-03
1.899372e-02,6.019508e-03,4.140254e-03,9.582547e-03,3.966473e-02,3.706878e-01,1.035176e-02,1.387266e-02,2.063759e-02,5.109762e-02,3.826064e-02,4.067988e-01,7.737458e-03,1.015952e-03,1.138934e-03
1.405683e-02,5.799655e-03,4.430726e-03,6.825219e-03,2.909270e-02,2.667052e-01,9.755715e-03,9.910089e-03,1.531388e-02,2.552240e-01,2.862075e-02,3.445164e-01,7.602176e-03,1.060681e-03,1.085918e-03
1.262958e-02,4.186642e-03,4.718922e-03,5.013783e-03,2.343976e-02,1.944735e-01,1.407908e-02,2.103617e-02,1.242663e-02,4.258106e-01,2.187865e-02,2.518735e-01,6.376777e-03,9.246593e-04,1.131864e-03
1.292079e-02,3.236659e-03,4.226560e-03,4.278057e-03,1.869282e-02,1.531150e-01,1.287174e-02,2.483581e-02,9.700887e-03,5.401767e-01,1.707547e-02,1.903613e-01,6.184962e-03,1.007958e-03,1.315264e-03
1.102680e-02,2.298503e-03,2.994567e-03,3.064750e-03,1.371171e-02,1.090765e-01,9.414655e-03,1.801943e-02,6.938893e-03,6.651869e-01,1.206113e-02,1.396197e-01,4.775659e-03,7.950887e-04,1.015833e-03
1.320495e-02,1.657452e-03,2.187533e-03,2.218631e-03,1.117720e-02,7.890274e-02,6.842565e-03,1.430984e-02,5.173557e-03,7.395749e-01,8.764611e-03,1.101714e-01,4.148042e-03,8.310270e-04,8.356150e-04
3.137735e-02,1.688393e-03,2.607426e-03,4.491985e-03,1.607563e-02,9.802724e-02,5.135506e-03,6.397206e-02,8.082654e-03,6.558864e-01,6.990207e-03,9.659812e-02,6.031334e-03,9.516369e-04,2.084005e-03
5.052213e-02,2.727827e-03,2.541035e-03,4.420467e-03,1.619205e-02,7.174863e-02,4.160179e-03,5.962531e-02,1.113180e-02,6.865615e-01,6.934761e-03,7.226752e-02,6.279731e-03,1.996637e-03,2.890410e-03
7.964414e-02,2.774945e-03,5.820826e-03,7.235901e-03,1.946466e-02,5.289570e-02,3.984303e-03,7.137553e-02,1.673283e-02,6.656485e-01,7.749049e-03,5.484919e-02,6.101168e-03,2.012036e-03,3.711180e-03
7.303090e-02,3.780014e-03,6.651204e-03,1.151999e-02,1.428414e-02,4.425422e-02,3.001003e-03,5.124397e-02,1.408490e-02,7.169001e-01,5.998587e-03,4.082442e-02,5.498610e-03,1.616521e-03,7.311354e-03
9.085665e-02,5.387273e-03,4.122519e-02,6.587350e-02,1.448761e-02,4.716925e-02,3.323368e-03,4.066727e-02,1.716303e-02,5.805063e-01,9.361217e-03,4.264280e-02,2.056524e-02,2.077297e-03,1.869386e-02
6.801917e-02,8.625772e-03,3.405516e-02,1.117420e-01,1.054770e-02,3.728327e-02,2.769212e-03,3.010571e-02,2.706210e-02,4.778836e-01,5.574445e-02,3.911002e-02,4.665608e-02,5.130089e-03,4.526565e-02
4.944341e-02,8.526566e-03,2.779807e-02,8.630561e-02,8.187777e-03,3.089995e-02,2.047501e-03,2.120109e-02,3.493259e-02,3.634864e-01,7.115401e-02,2.980844e-02,5.275555e-02,1.904451e-02,1.944085e-01
3.563662e-02,7.000169e-03,2.171304e-02,6.740186e-02,7.901403e-03,2.540834e-02,1.512979e-03,1.507839e-02,5.827527e-02,2.694759e-01,9.179462e-02,2.239158e-02,8.541085e-02,3.547944e-02,2.555195e-01
2.573838e-02,5.300095e-03,1.624535e-02,4.790295e-02,7.316533e-03,2.029362e-02,1.145791e-03,1.069606e-02,4.765606e-02,1.959056e-01,8.083169e-02,1.653356e-02,6.781378e-02,4.394092e-02,4.126796e-01
1.838988e-02,4.113309e-03,1.219481e-02,3.391467e-02,6.121960e-03,1.677228e-02,8.675051e-04,7.517319e-03,3.593897e-02,1.419503e-01,6.772121e-02,1.199818e-02,5.196657e-02,5.094578e-02,5.395871e-01
1.359189e-02,4.374432e-03,1.004312e-02,2.524949e-02,5.079496e-03,1.929485e-02,7.372276e-04,5.321862e-03,3.073760e-02,1.233301e-01,7.339957e-02,9.414554e-03,4.048622e-02,4.795639e-02,5.909832e-01
1.041544e-02,3.778817e-03,9.811506e-03,1.998745e-02,5.505625e-03,3.341740e-02,6.497233e-04,3.954075e-03,3.639840e-02,1.014062e-01,9.210792e-02,1.016910e-02,3.854708e-02,5.620994e-02,5.776412e-01
7.705514e-03,2.918696e-03,8.097934e-03,1.529889e-02,4.743361e-03,3.289317e-02,5.005368e-04,2.825435e-03,3.138717e-02,7.632527e-02,8.895719e-02,9.307951e-03,3.516287e-02,5.603030e-02,6.278457e-01
6.064582e-03,2.550550e-03,6.555313e-03,1.277272e-02,1.706799e-02,2.628753e-02,5.241026e-04,2.626220e-03,5.084469e-02,6.380351e-02,7.205503e-02,9.524342e-03,2.893470e-02,5.009852e-02,6.502902e-01
4.618074e-03,2.168196e-03,4.781821e-03,9.560884e-03,1.759180e-02,2.056928e-02,4.425941e-04,1.920771e-03,4.844704e-02,6.178575e-02,5.775233e-02,8.314863e-03,2.297902e-02,4.658789e-02,6.924797e-01
5.499772e-03,2.365015e-03,5.886811e-03,9.063222e-03,1.702572e-02,2.038891e-02,5.147235e-04,1.932248e-03,9.174757e-02,7.019035e-02,7.454354e-02,1.743018e-02,2.345045e-02,7.910386e-02,5.808576e-01
5.409133e-03,2.295290e-03,6.298687e-03,6.579284e-03,1.499421e-02,1.465931e-02,4.568531e-04,1.488579e-03,1.158521e-01,8.061832e-02,1.179077e-01,1.770024e-02,2.314956e-02,9.573443e-02,4.968563e-01
7.011630e-03,2.333576e-03,6.206019e-03,4.838023e-03,1.349920e-02,1.074748e-02,3.715019e-04,1.250143e-03,1.219410e-01,7.848544e-02,1.905831e-01,2.019204e-02,1.987893e-02,1.286354e-01,3.940265e-01
1.958593e-02,3.540115e-03,8.196811e-02,9.316387e-03,2.716718e-02,1.779976e-02,9.510163e-04,3.744157e-03,1.116038e-01,8.878201e-02,2.085644e-01,2.025718e-02,1.804312e-02,1.069259e-01,2.817508e-01
2.234957e-02,5.038030e-03,9.070721e-02,7.939300e-03,2.456762e-02,4.179595e-02,2.039695e-03,7.783721e-03,8.875462e-02,1.357751e-01,2.349955e-01,2.196737e-02,1.540571e-02,9.890647e-02,2.019742e-01
1.848580e-02,6.946296e-03,7.944969e-02,6.041784e-03,2.857109e-02,3.196278e-02,1.849237e-03,5.834528e-03,7.582936e-02,3.056905e-01,1.862810e-01,1.759246e-02,1.305700e-02,7.566249e-02,1.467460e-01
1.911597e-02,8.276040e-03,6.825248e-02,5.061109e-03,2.379607e-02,2.697015e-02,2.250414e-03,5.082660e-03,6.619238e-02,3.850401e-01,1.955840e-01,1.900660e-02,1.289570e-02,5.768638e-02,1.047900e-01
1.737806e-02,8.057410e-03,5.945619e-02,4.432432e-03,2.623898e-02,2.336537e-02,3.348309e-03,4.372323e-03,6.291491e-02,4.791594e-01,1.644940e-01,1.649647e-02,1.176456e-02,4.332519e-02,7.519640e-02
1.554376e-02,6.722718e-03,4.430590e-02,4.265494e-03,3.240575e-02,1.963383e-02,3.024001e-03,5.762031e-03,5.652944e-02,5.653431e-01,1.339912e-01,1.546969e-02,1.114975e-02,3.228962e-02,5.356371e-02
1.268233e-02,5.712165e-03,3.150022e-02,3.321954e-03,7.310420e-02,1.501416e-02,3.326485e-03,5.475218e-03,5.581143e-02,6.083430e-01,1.003388e-01,1.339169e-02,9.878730e-03,2.418997e-02,3.790965e-02
1.378505e-02,4.880615e-03,2.263623e-02,3.222499e-03,1.866005e-01,1.285244e-02,6.441388e-03,5.218380e-03,4.940721e-02,5.594913e-01,7.321002e-02,1.000628e-02,7.678004e-03,1.782370e-02,2.674635e-02
1.671554e-02,4.717575e-03,2.347640e-02,6.966437e-03,3.343441e-01,1.284645e-02,1.672411e-02,1.275937e-02,4.698174e-02,4.258511e-01,5.256420e-02,7.637178e-03,6.091278e-03,1.262054e-02,1.970393e-02
3.005522e-02,6.394931e-03,2.255908e-02,8.355765e-03,4.015478e-01,1.236374e-02,2.570546e-02,1.427262e-02,7.457861e-02,3.306946e-01,3.794185e-02,5.940907e-03,5.056749e-03,9.084504e-03,1.544817e-02
4.047724e-02,8.907852e-03,1.843569e-02,7.817055e-03,4.668287e-01,1.231624e-02,3.114029e-02,1.407170e-02,6.619144e-02,2.759974e-01,2.764826e-02,4.745007e-03,4.594762e-03,7.018357e-03,1.381005e-02
5.304401e-02,1.190933e-02,1.599243e-02,6.835475e-03,5.119437e-01,1.311418e-02,2.588639e-02,1.384950e-02,5.871542e-02,2.419535e-01,2.055752e-02,3.851359e-03,3.866779e-03,6.261505e-03,1.221887e-02
4.845096e-02,1.818287e-02,1.806280e-02,7.215580e-03,5.404865e-01,1.502720e-02,5.460921e-02,1.456670e-02,5.397700e-02,1.911751e-01,1.519628e-02,3.608584e-03,3.253543e-03,5.289528e-03,1.089812e-02
4.158432e-02,1.504821e-02,1.403248e-02,5.667620e-03,4.219411e-01,1.383461e-02,2.633888e-01,1.695428e-02,4.302577e-02,1.357424e-01,1.094318e-02,2.599916e-03,2.919715e-03,3.962582e-03,8.355059e-03
3.497715e-02,1.125920e-02,1.048582e-02,4.477006e-03,3.195567e-01,1.324316e-02,4.354767e-01,1.758132e-02,3.334988e-02,9.731057e-02,8.220917e-03,1.936323e-03,2.743163e-03,2.992226e-03,6.389989e-03
3.065427e-02,8.559486e-03,8.034802e-03,3.556275e-03,2.362010e-01,1.060782e-02,5.494186e-01,1.413301e-02,2.609226e-02,8.732872e-02,9.669419e-03,2.114568e-03,4.624463e-03,2.424531e-03,6.580702e-03
4.539612e-02,8.502152e-03,1.016852e-02,4.396106e-03,1.912574e-01,9.749344e-03,5.849450e-01,1.452376e-02,2.294625e-02,7.568712e-02,1.089752e-02,3.432343e-03,5.266001e-03,2.008321e-03,1.082405e-02
4.909824e-02,7.813207e-03,8.932287e-03,5.805571e-03,1.936102e-01,9.701466e-03,5.944856e-01,1.254946e-02,2.318142e-02,6.084815e-02,1.005975e-02,4.102660e-03,5.044361e-03,1.737171e-03,1.303038e-02
7.105990e-02,6.866944e-03,7.698166e-03,6.328978e-03,1.758637e-01,1.017490e-02,6.020475e-01,1.147813e-02,2.015006e-02,5.164926e-02,8.288069e-03,3.963252e-03,4.248058e-03,1.994926e-03,1.818818e-02
1.471867e-01,7.933496e-03,1.279912e-02,9.986800e-03,1.720787e-01,1.245685e-02,5.120890e-01,9.707688e-03,2.100300e-02,4.814279e-02,7.992402e-03,5.726137e-03,4.279286e-03,3.150385e-03,2.546772e-02
2.669963e-01,9.598698e-03,1.430165e-02,1.169356e-02,1.341054e-01,2.855266e-02,4.004750e-01,9.644956e-03,1.676741e-02,4.079683e-02,9.088038e-03,7.500762e-03,4.877394e-03,8.883437e-03,3.671790e-02
3.160325e-01,1.371461e-02,2.237043e-02,1.629345e-02,1.034995e-01,7.066929e-02,2.864484e-01,7.764616e-03,1.567082e-02,4.767607e-02,1.321806e-02,1.149015e-02,5.837387e-03,1.670150e-02,5.261318e-02
