1.000000e+00,0.000000e+00,0.000000e+00,0.000000e+00,0.000000e+00,0.000000e+00,0.000000e+00,0.000000e+00,0.000000e+00,0.000000e+00,0.000000e+00,0.000000e+00,0.000000e+00,0.000000e+00,0.000000e+00
1.000000e+00,0.000000e+00,0.000000e+00,0.000000e+00,0.000000e+00,0.000000e+00,0.000000e+00,0.000000e+00,0.000000e+00,0.000000e+00,0.000000e+00,0.000000e+00,0.000000e+00,0.000000e+00,0.000000e+00
1.000000e+00,0.000000e+00,0.000000e+00,0.000000e+00,0.000000e+00,0.000000e+00,0.000000e+00,0.000000e+00,0.000000e+00,0.000000e+00,0.000000e+00,0.000000e+00,0.000000e+00,0.000000e+00,0.000000e+00
1.000000e+00,0.000000e+00,0.000000e+00,0.000000e+00,0.000000e+00,0.000000e+00,0.000000e+00,0.000000e+00,0.000000e+00,0.000000e+00,0.000000e+00,0.000000e+00,0.000000e+00,0.000000e+00,0.000000e+00
1.000000e+00,0.000000e+00,0.000000e+00,0.000000e+00,0.000000e+00,0.000000e+00,0.000000e+00,0.000000e+00,0.000000e+00,0.000000e+00,0.000000e+00,0.000000e+00,0.000000e+00,0.000000e+00,0.000000e+00
1.000000e+00,0.000000e+00,0.000000e+00,0.000000e+00,0.000000e+00,0.000000e+00,0.000000e+00,0.000000e+00,0.000000e+00,0.000000e+00,0.000000e+00,0.000000e+00,0.000000e+00,0.000000e+00,0.000000e+00
1.000000e+00,0.000000e+00,0.000000e+00,0.000000e+00,0.000000e+00,0.000000e+00,0.000000e+00,0.000000e+00,0.000000e+00,0.000000e+00,0.000000e+00,0.000000e+00,0.000000e+00,0.000000e+00,0.000000e+00
1.000000e+00,0.000000e+00,0.000000e+00,0.000000e+00,0.000000e+00,0.000000e+00,0.000000e+00,0.000000e+00,0.000000e+00,0.000000e+00,0.000000e+00,0.000000e+00,0.000000e+00,0.000000e+00,0.000000e+00
1.000000e+00,0.000000e+00,0.000000e+00,0.000000e+00,0.000000e+00,0.000000e+00,0.000000e+00,0.000000e+00,0.000000e+00,0.000000e+00,0.000000e+00,0.000000e+00,0.000000e+00,0.000000e+00,0.000000e+00
1.000000e+00,0.000000e+00,0.000000e+00,0.000000e+00,0.000000e+00,0.000000e+00,0.000000e+00,0.000000e+00,0.000000e+00,0.000000e+00,0.000000e+00,0.000000e+00,0.000000e+00,0.000000e+00,0.000000e+00
1.000000e+00,0.000000e+00,0.000000e+00,0.000000e+00,0.000000e+00,0.000000e+00,0.000000e+00,0.000000e+00,0.000000e+00,0.000000e+00,0.000000e+00,0.000000e+00,0.000000e+00,0.000000e+00,0.000000e+00
1.000000e+00,0.000000e+00,0.000000e+00,0.000000e+00,0.000000e+00,0.000000e+00,0.000000e+00,0.000000e+00,0.000000e+00,0.000000e+00,0.000000e+00,0.000000e+00,0.000000e+00,0.000000e+00,0.000000e+00
1.000000e+00,0.000000e+00,0.000000e+00,0.000000e+00,0.000000e+00,0.000000e+00,0.000000e+00,0.000000e+00,0.000000e+00,0.000000e+00,0.000000e+00,0.000000e+00,0.000000e+00,0.000000e+00,0.000000e+00
1.000000e+00,0.000000e+00,0.000000e+00,0.000000e+00,0.000000e+00,0.000000e+00,0.000000e+00,0.000000e+00,0.000000e+00,0.000000e+00,0.000000e+00,0.000000e+00,0.000000e+00,0.000000e+00,0.000000e+00
1.000000e+00,0.000000e+00,0.000000e+00,0.000000e+00,0.000000e+00,0.000000e+00,0.000000e+00,0.000000e+00,0.000000e+00,0.000000e+00,0.000000e+00,0.000000e+00,0.000000e+00,0.000000e+00,0.000000e+00
1.000000e+00,0.000000e+00,0.000000e+00,0.000000e+00,0.000000e+00,0.000000e+00,0.000000e+00,0.000000e+00,0.000000e+00,0.000000e+00,0.000000e+00,0.000000e+00,0.000000e+00,0.000000e+00,0.000000e+00
1.000000e+00,0.000000e+00,0.000000e+00,0.000000e+00,0.000000e+00,0.000000e+00,0.000000e+00,0.000000e+00,0.000000e+00,0.000000e+00,0.000000e+00,0.000000e+00,0.000000e+00,0.000000e+00,0.000000e+00
1.000000e+00,0.000000e+00,0.000000e+00,0.000000e+00,0.000000e+00,0.000000e+00,0.000000e+00,0.000000e+00,0.000000e+00,0.000000e+00,0.000000e+00,0.000000e+00,0.000000e+00,0.000000e+00,0.000000e+00
1.000000e+00,0.000000e+00,0.000000e+00,0.000000e+00,0.000000e+00,0.000000e+00,0.000000e+00,0.000000e+00,0.000000e+00,0.000000e+00,0.000000e+00,0.000000e+00,0.000000e+00,0.000000e+00,0.000000e+00
1.000000e+00,0.000000e+00,0.000000e+00,0.000000e+00,0.000000e+00,0.000000e+00,0.000000e+00,0.000000e+00,0.000000e+00,0.000000e+00,0.000000e+00,0.000000e+00,0.000000e+00,0.000000e+00,0.000000e+00
1.000000e+00,0.000000e+00,0.000000e+00,0.000000e+00,0.000000e+00,0.000000e+00,0.000000e+00,0.000000e+00,0.000000e+00,0.000000e+00,0.000000e+00,0.000000e+00,0.000000e+00,0.000000e+00,0.000000e+00
1.000000e+00,0.000000e+00,0.000000e+00,0.000000e+00,0.000000e+00,0.000000e+00,0.000000e+00,0.000000e+00,0.000000e+00,0.000000e+00,0.000000e+00,0.000000e+00,0.000000e+00,0.000000e+00,0.000000e+00
3.901499e-01,1.913493e-02,2.589618e-02,4.057610e-02,8.013359e-03,1.911361e-02,2.481874e-03,1.004794e-02,1.061589e-02,3.097433e-03,4.053501e-01,1.824265e-02,1.187806e-02,1.752981e-02,1.787218e-02
3.377757e-01,1.746519e-02,2.844033e-02,3.152335e-02,7.421727e-03,3.507215e-02,2.344528e-03,8.234997e-03,8.934312e-03,5.967794e-03,4.574477e-01,1.571178e-02,9.129317e-03,1.578524e-02,1.874585e-02
2.942373e-01,1.691164e-02,8.902967e-02,2.736039e-02,7.179467e-03,3.687017e-02,2.439235e-03,7.244422e-03,8.931364e-03,1.180981e-01,3.381079e-01,1.288374e-02,7.218814e-03,1.418254e-02,1.930521e-02
3.015915e-01,1.309711e-02,6.578828e-02,2.448417e-02,6.218455e-03,3.365055e-02,2.210402e-03,6.173171e-03,1.002824e-02,1.039484e-01,3.727302e-01,1.557766e-02,5.950113e-03,1.708455e-02,2.146721e-02
2.680393e-01,1.030842e-02,4.845951e-02,2.198609e-02,5.611904e-03,3.494935e-02,2.027191e-03,5.067633e-03,9.313030e-03,8.896738e-02,4.392770e-01,2.101454e-02,5.071815e-03,1.970114e-02,2.020567e-02
2.602372e-01,1.461016e-02,3.722284e-02,2.424378e-02,9.944621e-03,2.818985e-02,2.904737e-03,7.017682e-03,2.869647e-02,7.030189e-02,4.370003e-01,2.665094e-02,4.847951e-03,2.882444e-02,1.930716e-02
2.046251e-01,1.228471e-02,2.712711e-02,1.857763e-02,8.427068e-03,2.340943e-02,2.462809e-03,5.756421e-03,2.298347e-02,5.399255e-02,5.393832e-01,3.241848e-02,3.953191e-03,2.947918e-02,1.511972e-02
1.982037e-01,1.235789e-02,2.107657e-02,1.605976e-02,8.553306e-03,2.604733e-02,2.274801e-03,5.071553e-03,1.878748e-02,4.144670e-02,5.627338e-01,3.969314e-02,3.685922e-03,2.621827e-02,1.778973e-02
1.718280e-01,1.383588e-02,8.047248e-02,6.893052e-02,1.147205e-02,2.929454e-02,3.634916e-03,2.479694e-02,2.718159e-02,3.403012e-02,4.604368e-01,3.358627e-02,3.579279e-03,2.126826e-02,1.565232e-02
1.701316e-01,1.334903e-02,1.139897e-01,7.819152e-02,1.149341e-02,3.170874e-02,3.806824e-03,2.104579e-02,2.460925e-02,5.213875e-02,4.092631e-01,3.168859e-02,3.113294e-03,1.848010e-02,1.699033e-02
1.293546e-01,1.599743e-02,9.418344e-02,5.949670e-02,9.834456e-03,3.733246e-02,2.942027e-03,1.563168e-02,2.266806e-02,7.244036e-02,4.707943e-01,2.998345e-02,3.042318e-03,2.122255e-02,1.507610e-02
1.290430e-01,2.106396e-02,7.472668e-02,4.525787e-02,8.940050e-03,4.831107e-02,2.440716e-03,1.196805e-02,1.928103e-02,9.567428e-02,4.766993e-01,2.555393e-02,3.695391e-03,2.051469e-02,1.683004e-02
1.433780e-01,2.017074e-02,5.761617e-02,3.998269e-02,8.330416e-03,4.732464e-02,2.072258e-03,9.576375e-03,1.822138e-02,8.387443e-02,5.033768e-01,2.530805e-02,4.424332e-03,1.809271e-02,1.825107e-02
1.584954e-01,2.371445e-02,4.478299e-02,3.865705e-02,8.014374e-03,4.591837e-02,1.764847e-03,1.157529e-02,2.199232e-02,8.663324e-02,4.847280e-01,2.717566e-02,6.363672e-03,2.181070e-02,1.837368e-02
1.817824e-01,2.734267e-02,3.470230e-02,3.969740e-02,9.533159e-03,4.681066e-02,1.850737e-03,1.133209e-02,2.669094e-02,9.887079e-02,4.402596e-01,2.925581e-02,8.450150e-03,2.259366e-02,2.082773e-02
2.146080e-01,3.348804e-02,2.868541e-02,3.333650e-02,1.193216e-02,3.742483e-02,1.905647e-03,1.022534e-02,3.377303e-02,1.055154e-01,3.987112e-01,3.139272e-02,9.358522e-03,2.889674e-02,2.074656e-02
2.467612e-01,3.921704e-02,2.225711e-02,3.074498e-02,1.357540e-02,3.115322e-02,2.005400e-03,9.747292e-03,3.865337e-02,9.605545e-02,3.838801e-01,3.034772e-02,9.205861e-03,2.643663e-02,1.995933e-02
2.415254e-01,4.719927e-02,1.908861e-02,8.389453e-02,1.464734e-02,3.085059e-02,1.983161e-03,9.166428e-03,3.645629e-02,7.497772e-02,3.412563e-01,4.389683e-02,9.440512e-03,2.045695e-02,2.516006e-02
2.459710e-01,5.911683e-02,1.660689e-02,9.484994e-02,1.327228e-02,3.136327e-02,2.027272e-03,9.482404e-03,5.268231e-02,6.214223e-02,3.043635e-01,5.720594e-02,1.163177e-02,1.645202e-02,2.283234e-02
2.574509e-01,5.676643e-02,1.625516e-02,8.183616e-02,1.319216e-02,2.621831e-02,2.293836e-03,1.242662e-02,5.677793e-02,5.354804e-02,3.200192e-01,5.776209e-02,1.203320e-02,1.394940e-02,1.947049e-02
3.190835e-01,4.494258e-02,2.574385e-02,7.107998e-02,1.614050e-02,2.332199e-02,3.414195e-03,1.448112e-02,4.724012e-02,4.132901e-02,2.858347e-01,6.889121e-02,1.077466e-02,1.170889e-02,1.601371e-02
3.771265e-01,4.019049e-02,2.314446e-02,5.972413e-02,1.336459e-02,2.187078e-02,3.305970e-03,1.388912e-02,4.580681e-02,3.277297e-02,2.561489e-01,7.261728e-02,1.258034e-02,1.152624e-02,1.593149e-02
4.672219e-01,5.332552e-02,2.009599e-02,4.630824e-02,1.266031e-02,1.964410e-02,2.931859e-03,1.309254e-02,5.041763e-02,2.519006e-02,1.905793e-01,6.158999e-02,1.127846e-02,1.064408e-02,1.502007e-02
4.688161e-01,7.068022e-02,1.758109e-02,3.522324e-02,1.636004e-02,1.653626e-02,3.144810e-03,3.773324e-02,8.189078e-02,2.167282e-02,1.461782e-01,4.842442e-02,1.045665e-02,1.097471e-02,1.432754e-02
3.939874e-01,6.030090e-02,1.526666e-02,3.319516e-02,2.721098e-02,1.360631e-02,3.913502e-03,1.691309e-01,8.509242e-02,2.213142e-02,1.105724e-01,3.560747e-02,9.490697e-03,9.484602e-03,1.100924e-02
3.771434e-01,7.197705e-02,1.618966e-02,3.075386e-02,4.660549e-02,1.856848e-02,4.443861e-03,1.537688e-01,8.717464e-02,3.933609e-02,8.912614e-02,3.124190e-02,9.333204e-03,1.248801e-02,1.184937e-02
3.502577e-01,8.364576e-02,1.776194e-02,3.225122e-02,6.956874e-02,2.194273e-02,5.093324e-03,1.431258e-01,7.875348e-02,6.013343e-02,7.377324e-02,2.736055e-02,1.054532e-02,1.301315e-02,1.277366e-02
3.230821e-01,9.252070e-02,1.535776e-02,3.000118e-02,6.868625e-02,2.163463e-02,4.843045e-03,1.277598e-01,8.222485e-02,1.125803e-01,6.616941e-02,2.209833e-02,9.256395e-03,1.228385e-02,1.150143e-02
3.749160e-01,7.142981e-02,1.356770e-02,3.255001e-02,6.468129e-02,1.951767e-02,4.840997e-03,1.122402e-01,7.494762e-02,1.167098e-01,6.020162e-02,2.185744e-02,9.020424e-03,1.228980e-02,1.122969e-02
4.375350e-01,5.490954e-02,1.159937e-02,3.833134e-02,5.150580e-02,1.607138e-02,4.446729e-03,1.070106e-01,7.301499e-02,9.643243e-02,5.204003e-02,2.568874e-02,9.041639e-03,1.076532e-02,1.160711e-02
4.711249e-01,4.268640e-02,1.037067e-02,5.834603e-02,4.666679e-02,1.467285e-02,3.658554e-03,1.076060e-01,6.583747e-02,8.435022e-02,4.322312e-02,2.472619e-02,9.162871e-03,8.064547e-03,9.503445e-03
4.798377e-01,3.124045e-02,8.708999e-03,7.956447e-02,4.223781e-02,1.209050e-02,2.912392e-03,1.428876e-01,5.357426e-02,6.871799e-02,3.495046e-02,2.115455e-02,8.878933e-03,5.940618e-03,7.303203e-03
4.656106e-01,2.270617e-02,1.136768e-02,8.509920e-02,3.408846e-02,1.100342e-02,2.972540e-03,1.997750e-01,3.977228e-02,5.517506e-02,2.917337e-02,2.262337e-02,9.385623e-03,4.571941e-03,6.675193e-03
4.208974e-01,1.709643e-02,1.511257e-02,8.821398e-02,2.928623e-02,9.293310e-03,2.908857e-03,2.901884e-01,2.921518e-02,3.974314e-02,2.195534e-02,1.830056e-02,7.693229e-03,3.564117e-03,6.531205e-03
3.937566e-01,1.290453e-02,1.338655e-02,7.914498e-02,2.659611e-02,8.004902e-03,2.747332e-03,3.671421e-01,2.143269e-02,2.819039e-02,1.699986e-02,1.464126e-02,6.707128e-03,2.722119e-03,5.623538e-03
4.298580e-01,1.071216e-02,1.896157e-02,8.935156e-02,2.105847e-02,1.069667e-02,2.999489e-03,3.266138e-01,1.603121e-02,2.104154e-02,1.496779e-02,1.921827e-02,8.104937e-03,3.308770e-03,7.075807e-03
4.353106e-01,8.701940e-03,1.769768e-02,8.523367e-02,1.588999e-02,1.086438e-02,2.748897e-03,3.238449e-01,1.267307e-02,1.767986e-02,1.953227e-02,2.646785e-02,1.204755e-02,3.614509e-03,7.692808e-03
3.208366e-01,4.073656e-02,2.906908e-02,2.052248e-01,1.287555e-02,8.470798e-03,2.156143e-03,2.395754e-01,1.371612e-02,1.673529e-02,3.270650e-02,4.596003e-02,1.777863e-02,3.358994e-03,1.079950e-02
2.530430e-01,3.868432e-02,6.776985e-02,2.320558e-01,1.015495e-02,9.158142e-03,1.853706e-03,1.717424e-01,2.767971e-02,1.688442e-02,5.612875e-02,5.753780e-02,1.927700e-02,1.609416e-02,2.193598e-02
2.356530e-01,3.049353e-02,5.952806e-02,2.154841e-01,8.038161e-03,9.369717e-03,1.791310e-03,1.259577e-01,2.575997e-02,1.419759e-02,1.377552e-01,6.704983e-02,2.649162e-02,2.020732e-02,2.222296e-02
2.389760e-01,2.624198e-02,4.713815e-02,2.002230e-01,7.928982e-03,9.384332e-03,1.882317e-03,9.079184e-02,4.234523e-02,1.308835e-02,1.441270e-01,8.094114e-02,2.981718e-02,3.543715e-02,3.167735e-02
3.854698e-01,2.028577e-02,3.524003e-02,1.569265e-01,8.613045e-03,1.023510e-02,1.902465e-03,6.652052e-02,3.643757e-02,1.072223e-02,1.123875e-01,7.377782e-02,2.306088e-02,2.974806e-02,2.867263e-02
4.603778e-01,1.621887e-02,2.589504e-02,1.214074e-01,1.019854e-02,1.168260e-02,2.481958e-03,5.007080e-02,2.985259e-02,1.197055e-02,9.293052e-02,9.800446e-02,1.795452e-02,2.410216e-02,2.685213e-02
1.000000e+00,0.000000e+00,0.000000e+00,0.000000e+00,0.000000e+00,0.000000e+00,0.000000e+00,0.000000e+00,0.000000e+00,0.000000e+00,0.000000e+00,0.000000e+00,0.000000e+00,0.000000e+00,0.000000e+00
1.000000e+00,0.000000e+00,0.000000e+00,0.000000e+00,0.000000e+00,0.000000e+00,0.000000e+00,0.000000e+00,0.000000e+00,0.000000e+00,0.000000e+00,0.000000e+00,0.000000e+00,0.000000e+00,0.000000e+00
1.000000e+00,0.000000e+00,0.000000e+00,0.000000e+00,0.000000e+00,0.000000e+00,0.000000e+00,0.000000e+00,0.000000e+00,0.000000e+00,0.000000e+00,0.000000e+00,0.000000e+00,0.000000e+00,0.000000e+00
1.000000e+00,0.000000e+00,0.000000e+00,0.000000e+00,0.000000e+00,0.000000e+00,0.000000e+00,0.000000e+00,0.000000e+00,0.000000e+00,0.000000e+00,0.000000e+00,0.000000e+00,0.000000e+00,0.000000e+00
1.000000e+00,0.000000e+00,0.000000e+00,0.000000e+00,0.000000e+00,0.000000e+00,0.000000e+00,0.000000e+00,0.000000e+00,0.000000e+00,0.000000e+00,0.000000e+00,0.000000e+00,0.000000e+00,0.000000e+00
1.000000e+00,0.000000e+00,0.000000e+00,0.000000e+00,0.000000e+00,0.000000e+00,0.000000e+00,0.000000e+00,0.000000e+00,0.000000e+00,0.000000e+00,0.000000e+00,0.000000e+00,0.000000e+00,0.000000e+00
1.000000e+00,0.000000e+00,0.000000e+00,0.000000e+00,0.000000e+00,0.000000e+00,0.000000e+00,0.000000e+00,0.000000e+00,0.000000e+00,0.000000e+00,0.000000e+00,0.000000e+00,0.000000e+00,0.000000e+00
1.000000e+00,0.000000e+00,0.000000e+00,0.000000e+00,0.000000e+00,0.000000e+00,0.000000e+00,0.000000e+00,0.000000e+00,0.000000e+00,0.000000e+00,0.000000e+00,0.000000e+00,0.000000e+00,0.000000e+00
1.000000e+00,0.000000e+00,0.000000e+00,0.000000e+00,0.000000e+00,0.000000e+00,0.000000e+00,0.000000e+00,0.000000e+00,0.000000e+00,0.000000e+00,0.000000e+00,0.000000e+00,0.000000e+00,0.000000e+00
1.000000e+00,0.000000e+00,0.000000e+00,0.000000e+00,0.000000e+00,0.000000e+00,0.000000e+00,0.000000e+00,0.000000e+00,0.000000e+00,0.000000e+00,0.000000e+00,0.000000e+00,0.000000e+00,0.000000e+00
1.000000e+00,0.000000e+00,0.000000e+00,0.000000e+00,0.000000e+00,0.000000e+00,0.000000e+00,0.000000e+00,0.000000e+00,0.000000e+00,0.000000e+00,0.000000e+00,0.000000e+00,0.000000e+00,0.000000e+00
1.000000e+00,0.000000e+00,0.000000e+00,0.000000e+00,0.000000e+00,0.000000e+00,0.000000e+00,0.000000e+00,0.000000e+00,0.000000e+00,0.000000e+00,0.000000e+00,0.000000e+00,0.000000e+00,0.000000e+00
1.000000e+00,0.000000e+00,0.000000e+00,0.000000e+00,0.000000e+00,0.000000e+00,0.000000e+00,0.000000e+00,0.000000e+00,0.000000e+00,0.000000e+00,0.000000e+00,0.000000e+00,0.000000e+00,0.000000e+00
1.000000e+00,0.000000e+00,0.000000e+00,0.000000e+00,0.000000e+00,0.000000e+00,0.000000e+00,0.000000e+00,0.000000e+00,0.000000e+00,0.000000e+00,0.000000e+00,0.000000e+00,0.000000e+00,0.000000e+00
1.000000e+00,0.000000e+00,0.000000e+00,0.000000e+00,0.000000e+00,0.000000e+00,0.000000e+00,0.000000e+00,0.000000e+00,0.000000e+00,0.000000e+00,0.000000e+00,0.000000e+00,0.000000e+00,0.000000e+00
4.978743e-01,2.098814e-02,1.385853e-02,4.508860e-02,2.351401e-02,1.697482e-02,2.653531e-03,1.912499e-02,6.217632e-02,1.562769e-02,6.946342e-02,6.895562e-02,1.285231e-02,9.871792e-02,3.212985e-02
4.616989e-01,1.846617e-02,1.408451e-02,3.800525e-02,2.099462e-02,1.709302e-02,2.393802e-03,1.656869e-02,9.636616e-02,1.717241e-02,6.958769e-02,5.537072e-02,1.451223e-02,1.201995e-01,3.748628e-02
4.506614e-01,1.619047e-02,1.803183e-02,2.744157e-02,1.805231e-02,1.430166e-02,1.810519e-03,1.217302e-02,9.679028e-02,1.952112e-02,6.970274e-02,3.977854e-02,1.105448e-02,1.598682e-01,4.462192e-02
4.292915e-01,1.477559e-02,1.790765e-02,2.005300e-02,1.726558e-02,1.364378e-02,1.419043e-03,9.265241e-03,8.823200e-02,2.238701e-02,5.360680e-02,2.841551e-02,8.436587e-03,2.151271e-01,6.017357e-02
3.235068e-01,1.208815e-02,1.472898e-02,1.472641e-02,1.700991e-02,1.042334e-02,1.057920e-03,8.396232e-03,8.169660e-02,2.400690e-02,4.132926e-02,2.019637e-02,6.210738e-03,3.786756e-01,4.594676e-02
2.916471e-01,1.582997e-02,2.865490e-02,2.566868e-02,4.458630e-02,9.779580e-03,1.323588e-03,5.143868e-02,1.018651e-01,2.210938e-02,3.389332e-02,1.479822e-02,4.541865e-03,3.131604e-01,4.070293e-02
2.624235e-01,1.635277e-02,2.606724e-02,3.008859e-02,8.841547e-02,1.035675e-02,1.032638e-03,4.119025e-02,1.272887e-01,1.790349e-02,3.009412e-02,1.208840e-02,3.566147e-03,2.809746e-01,5.215734e-02
2.496696e-01,1.490600e-02,2.071949e-02,2.742380e-02,1.053271e-01,1.075952e-02,8.232513e-04,3.128368e-02,1.194347e-01,2.095178e-02,2.866635e-02,1.012909e-02,3.014937e-03,3.100075e-01,4.688315e-02
2.022385e-01,1.461301e-02,1.811464e-02,2.209975e-02,9.134468e-02,1.115121e-02,6.220193e-04,2.242518e-02,1.127513e-01,1.971220e-02,2.290528e-02,7.607783e-03,2.482675e-03,4.101790e-01,4.175279e-02
1.559217e-01,1.290180e-02,1.405750e-02,1.748193e-02,7.808342e-02,9.184116e-03,4.712729e-04,1.594758e-02,1.401772e-01,1.461757e-02,1.773856e-02,5.568698e-03,1.908293e-03,4.814460e-01,3.449432e-02
1.456598e-01,1.137670e-02,1.526855e-02,1.725118e-02,9.418133e-02,7.941958e-03,4.444459e-04,1.175722e-02,1.531663e-01,1.080559e-02,1.460022e-02,5.096395e-03,1.587739e-03,4.801335e-01,3.072901e-02
1.953902e-01,1.211498e-02,2.951638e-02,2.343394e-02,1.075128e-01,8.608134e-03,8.800993e-04,9.575557e-03,1.533321e-01,9.827858e-03,1.239640e-02,6.514193e-03,1.605977e-03,3.981998e-01,3.109160e-02
2.235731e-01,1.239990e-02,3.111551e-02,2.136490e-02,8.410987e-02,7.809394e-03,1.013833e-03,7.262277e-03,2.023759e-01,8.049631e-03,1.272430e-02,6.026109e-03,1.467868e-03,3.537149e-01,2.699254e-02
3.094264e-01,1.048456e-02,4.330784e-02,2.714635e-02,6.876355e-02,9.556886e-03,1.144170e-03,6.706135e-03,1.967598e-01,6.465430e-03,1.236634e-02,8.977896e-03,1.938921e-03,2.726511e-01,2.430465e-02
3.477315e-01,9.434300e-03,1.260588e-01,3.288166e-02,5.512765e-02,9.913150e-03,1.325546e-03,6.494377e-03,1.640038e-01,6.154150e-03,1.022577e-02,9.826169e-03,2.654093e-03,1.937762e-01,2.439285e-02
4.071192e-01,1.222463e-02,1.722403e-01,3.902554e-02,4.332615e-02,1.117332e-02,1.448297e-03,6.537357e-03,1.200261e-01,5.438727e-03,8.473346e-03,9.527017e-03,3.803748e-03,1.380945e-01,2.154187e-02
4.991510e-01,1.287672e-02,1.395579e-01,3.276244e-02,3.331476e-02,1.292819e-02,1.473164e-03,6.955280e-03,8.658159e-02,5.132562e-03,9.694402e-03,1.417495e-02,8.634879e-03,1.029742e-01,3.378799e-02
4.062351e-01,2.795957e-02,1.099169e-01,2.021559e-01,2.747611e-02,1.030821e-02,1.892820e-03,9.704163e-03,6.298573e-02,4.112249e-03,9.322375e-03,1.247393e-02,8.264001e-03,7.324044e-02,3.395244e-02
3.246109e-01,2.655051e-02,1.650571e-01,2.737788e-01,2.129189e-02,8.609306e-03,1.726752e-03,9.293202e-03,4.595468e-02,3.957679e-03,8.858435e-03,9.917011e-03,7.370430e-03,5.242957e-02,4.059365e-02
2.308169e-01,1.906005e-02,3.942848e-01,2.023079e-01,1.521766e-02,6.267336e-03,1.273837e-03,8.127835e-03,3.231519e-02,3.104611e-03,6.547336e-03,7.152544e-03,5.385417e-03,3.697129e-02,3.116734e-02
1.688328e-01,1.395789e-02,5.383077e-01,1.628434e-01,1.105026e-02,4.623271e-03,9.561388e-04,6.339707e-03,2.345576e-02,2.781887e-03,6.506121e-03,5.438762e-03,4.731793e-03,2.626972e-02,2.390467e-02
1.234523e-01,1.046201e-02,6.571296e-01,1.203251e-01,8.044168e-03,3.526629e-03,7.356617e-04,4.891702e-03,1.722764e-02,2.759650e-03,5.045398e-03,4.003127e-03,3.643933e-03,1.896195e-02,1.979105e-02
9.559304e-02,8.160157e-03,7.144819e-01,1.068610e-01,6.211751e-03,2.710323e-03,5.499918e-04,3.996500e-03,1.420455e-02,5.823779e-03,5.242102e-03,3.443910e-03,3.598349e-03,1.386658e-02,1.525601e-02
8.628033e-02,6.518152e-03,7.410936e-01,8.486810e-02,4.923294e-03,2.259283e-03,4.570819e-04,3.567127e-03,1.669111e-02,8.437700e-03,6.159856e-03,2.991846e-03,3.712188e-03,1.744724e-02,1.459301e-02
1.398163e-01,5.362731e-03,6.632475e-01,7.123127e-02,3.934307e-03,1.892804e-03,4.271361e-04,3.640458e-03,3.845358e-02,1.607500e-02,9.611927e-03,3.508643e-03,4.558591e-03,1.840425e-02,1.983545e-02
1.889810e-01,6.911438e-03,5.312824e-01,6.044189e-02,3.514158e-03,1.997968e-03,6.763153e-04,3.717329e-03,1.060738e-01,2.603305e-02,1.304495e-02,3.959371e-03,6.500768e-03,2.196288e-02,2.490259e-02
1.943608e-01,8.082239e-03,4.357618e-01,7.201931e-02,3.057519e-03,2.312700e-03,1.050349e-03,3.955984e-03,1.571088e-01,3.629884e-02,1.412918e-02,3.951661e-03,6.068155e-03,1.928043e-02,4.256221e-02
2.042629e-01,1.699218e-02,3.494468e-01,7.402669e-02,2.848393e-03,2.708474e-03,1.160518e-03,3.768778e-03,1.924016e-01,4.681965e-02,1.170487e-02,4.421319e-03,6.839311e-03,2.047017e-02,6.212834e-02
1.877754e-01,1.632608e-02,2.504773e-01,5.565497e-02,2.531142e-03,2.434254e-03,1.099265e-03,3.097977e-03,2.455291e-01,4.778033e-02,1.027176e-02,3.545368e-03,6.528399e-03,2.373831e-02,1.432103e-01
1.950506e-01,1.968979e-02,1.785815e-01,4.357531e-02,2.421131e-03,2.731285e-03,1.092713e-03,2.669301e-03,2.763662e-01,4.284129e-02,8.231154e-03,3.188809e-03,6.743868e-03,2.151081e-02,1.953062e-01
1.777339e-01,3.175241e-02,1.265951e-01,3.695996e-02,1.938818e-03,2.679354e-03,9.471675e-04,2.303160e-03,3.688571e-01,3.878942e-02,6.835876e-03,2.635628e-03,6.373678e-03,1.717893e-02,1.784194e-01
1.602454e-01,3.030964e-02,9.014065e-02,2.831217e-02,1.522806e-03,2.744529e-03,8.224547e-04,2.012301e-03,4.418504e-01,3.960560e-02,6.129958e-03,2.180085e-03,6.831799e-03,1.302717e-02,1.742650e-01
1.428068e-01,5.410019e-02,7.121601e-02,3.202745e-02,1.504049e-03,2.578598e-03,7.148462e-04,2.154632e-03,4.889555e-01,3.303286e-02,6.579740e-03,1.946659e-03,6.238793e-03,1.102122e-02,1.451226e-01
1.477671e-01,6.373626e-02,5.309489e-02,2.735902e-02,1.402677e-03,2.358361e-03,6.508358e-04,2.233194e-03,5.136476e-01,3.178447e-02,8.504504e-03,2.054264e-03,8.509710e-03,1.044628e-02,1.264509e-01
2.697924e-01,6.024694e-02,5.450577e-02,2.580302e-02,6.112508e-03,4.935448e-03,9.528928e-04,3.407696e-03,3.844560e-01,4.266902e-02,1.174395e-02,3.837016e-03,1.084275e-02,1.025704e-02,1.104375e-01
3.486198e-01,5.069920e-02,4.545286e-02,2.851495e-02,6.565245e-03,8.888342e-03,1.815427e-03,8.660543e-03,3.047583e-01,3.880592e-02,1.762316e-02,8.828065e-03,2.873558e-02,8.944545e-03,9.308808e-02
3.894537e-01,4.512840e-02,5.214003e-02,3.484844e-02,8.874740e-03,1.106896e-02,2.419944e-03,1.946477e-02,2.311329e-01,3.152800e-02,2.689959e-02,1.379783e-02,4.998743e-02,7.351464e-03,7.590375e-02
3.965642e-01,4.027548e-02,6.395494e-02,4.632015e-02,1.151537e-02,1.207062e-02,3.348386e-03,6.234007e-02,1.897070e-01,2.311322e-02,3.042930e-02,1.509983e-02,4.362768e-02,6.811941e-03,5.482176e-02
3.561863e-01,3.703310e-02,1.025806e-01,6.415905e-02,1.287447e-02,1.250354e-02,3.500444e-03,1.051332e-01,1.481818e-01,1.733171e-02,3.448238e-02,1.396632e-02,4.290251e-02,6.954392e-03,4.221010e-02
3.825966e-01,3.553918e-02,1.150919e-01,7.926726e-02,1.586877e-02,1.270479e-02,3.158437e-03,1.180315e-01,1.129903e-01,1.305727e-02,2.806173e-02,1.187872e-02,3.210368e-02,6.006727e-03,3.364310e-02
2.945999e-01,3.283791e-02,2.542197e-01,9.652369e-02,1.730351e-02,1.604134e-02,3.212269e-03,1.026403e-01,8.486053e-02,9.811442e-03,2.058571e-02,9.710239e-03,2.459521e-02,4.354558e-03,2.870367e-02
2.356229e-01,3.015589e-02,3.403189e-01,1.205314e-01,1.786154e-02,1.568777e-02,2.823269e-03,9.767713e-02,6.288147e-02,7.294117e-03,1.559761e-02,7.881301e-03,1.816632e-02,3.193189e-03,2.430731e-02
2.237868e-01,2.306983e-02,2.761427e-01,1.300471e-01,2.931596e-02,1.181106e-02,2.884985e-03,1.999468e-01,4.523792e-02,5.328535e-03,1.289387e-02,5.706892e-03,1.345874e-02,2.266686e-03,1.810218e-02
1.912222e-01,1.807304e-02,2.488202e-01,1.192743e-01,2.803221e-02,9.230445e-03,2.483048e-03,3.066936e-01,3.214120e-02,3.951645e-03,1.002498e-02,4.248566e-03,1.042381e-02,1.644719e-03,1.373616e-02
1.526412e-01,1.313404e-02,2.000908e-01,1.427736e-01,2.123569e-02,7.819435e-03,2.328211e-03,4.048312e-01,2.267749e-02,3.015746e-03,7.395292e-03,3.056951e-03,7.555054e-03,1.194973e-03,1.025025e-02
1.173833e-01,1.008085e-02,1.890811e-01,1.533664e-01,1.724055e-02,5.954755e-03,2.412442e-03,4.641586e-01,1.626457e-02,2.238628e-03,5.508274e-03,2.246834e-03,5.651131e-03,8.685545e-04,7.543979e-03
9.145481e-02,7.330507e-03,1.585202e-01,1.516973e-01,1.404303e-02,5.057534e-03,2.228127e-03,5.395328e-01,1.187044e-02,1.676195e-03,4.119483e-03,1.779378e-03,4.604235e-03,6.337550e-04,5.452246e-03
8.523981e-02,5.364948e-03,1.218871e-01,1.341065e-01,1.480781e-02,4.508360e-03,2.129902e-03,6.090546e-01,8.641766e-03,1.261723e-03,3.107890e-03,1.619598e-03,3.859805e-03,4.787336e-04,3.931419e-03
7.715567e-02,3.951074e-03,9.277624e-02,1.288419e-01,1.174732e-02,3.959985e-03,2.029368e-03,6.617994e-01,6.369043e-03,9.422799e-04,2.307790e-03,1.532906e-03,3.352315e-03,3.525482e-04,2.882250e-03
7.662399e-02,2.974095e-03,7.162663e-02,1.039573e-01,1.126239e-02,4.319803e-03,2.015233e-03,7.109094e-01,4.993158e-03,7.485294e-04,2.242000e-03,2.367020e-03,3.281175e-03,3.323608e-04,2.347056e-03
1.059184e-01,2.348211e-03,6.117143e-02,7.962205e-02,1.092777e-02,5.559651e-03,2.886664e-03,7.141855e-01,4.110282e-03,6.361555e-04,2.536240e-03,3.866847e-03,3.541860e-03,4.108964e-04,2.278101e-03
1.229926e-01,1.855533e-03,4.969955e-02,6.003266e-02,1.010626e-02,5.901627e-03,3.605102e-03,7.292628e-01,3.330662e-03,5.811687e-04,2.228899e-03,4.421292e-03,3.465317e-03,4.006335e-04,2.115978e-03
1.575232e-01,1.752221e-03,3.740354e-02,4.357344e-02,9.343386e-03,7.549113e-03,3.940632e-03,7.178116e-01,3.357329e-03,5.917203e-04,2.308986e-03,7.926968e-03,4.138215e-03,5.027346e-04,2.276997e-03
1.798931e-01,1.639949e-03,2.824711e-02,3.199357e-02,8.086475e-03,8.393735e-03,4.173389e-03,7.098810e-01,3.189694e-03,6.009340e-04,2.900728e-03,1.240928e-02,5.565767e-03,5.977459e-04,2.427605e-03
2.521242e-01,1.618200e-03,2.296584e-02,2.436957e-02,8.052021e-03,8.607687e-03,3.656949e-03,6.485910e-01,2.933820e-03,5.688386e-04,2.968847e-03,1.312527e-02,6.456690e-03,8.082077e-04,3.152955e-03
3.380416e-01,1.974866e-03,1.906499e-02,1.954740e-02,9.047901e-03,8.915609e-03,3.220250e-03,5.650886e-01,2.810138e-03,5.610886e-04,3.120730e-03,1.540735e-02,7.741608e-03,1.017937e-03,4.439965e-03
3.883637e-01,2.332870e-03,1.553146e-02,1.681191e-02,1.004142e-02,9.578393e-03,3.623734e-03,5.140669e-01,2.648936e-03,5.586124e-04,3.282876e-03,1.786975e-02,8.469126e-03,1.110408e-03,5.709876e-03
3.932563e-01,2.579337e-03,1.357048e-02,1.497572e-02,1.039558e-02,9.660203e-03,4.122729e-03,5.099249e-01,2.668021e-03,5.765104e-04,3.393047e-03,1.843380e-02,8.973696e-03,1.105597e-03,6.364077e-03
3.525676e-01,3.209926e-03,1.306442e-02,1.519050e-02,1.076880e-02,1.108019e-02,5.218356e-03,5.445934e-01,2.591828e-03,5.903150e-04,3.562133e-03,1.930388e-02,9.849956e-03,1.137245e-03,7.271479e-03
3.742094e-01,3.707890e-03,1.303248e-02,2.228694e-02,1.383523e-02,1.896383e-02,6.260559e-03,4.600933e-01,3.075100e-03,7.747838e-04,6.308528e-03,4.745266e-02,1.876909e-02,1.801189e-03,9.429093e-03
3.546350e-01,3.222783e-03,1.099680e-02,2.779399e-02,1.192981e-02,3.016508e-02,5.439445e-03,3.591606e-01,3.590882e-03,7.436415e-04,7.668091e-03,1.373343e-01,3.701423e-02,1.843840e-03,8.461650e-03
2.974614e-01,3.047032e-03,9.253861e-03,3.833587e-02,1.117327e-02,2.898758e-02,4.156325e-03,2.751049e-01,5.916816e-03,1.416905e-03,1.310486e-02,2.076239e-01,8.444997e-02,2.642877e-03,1.732454e-02
2.154666e-01,2.659878e-03,6.960258e-03,6.081134e-02,9.237319e-03,2.332264e-02,2.989280e-03,1.959755e-01,1.153367e-02,1.858091e-03,2.806604e-02,3.186176e-01,1.047251e-01,2.461538e-03,1.531527e-02
1.596821e-01,2.118443e-03,5.326629e-03,5.845270e-02,8.049965e-03,1.784151e-02,2.156872e-03,1.397597e-01,1.654168e-02,1.664853e-03,3.433172e-02,3.987924e-01,1.415876e-01,1.969964e-03,1.172397e-02
1.174622e-01,2.522227e-03,4.665194e-03,5.147779e-02,7.173845e-03,1.493272e-02,1.565794e-03,9.869270e-02,4.687894e-02,1.712269e-03,4.007521e-02,4.650771e-01,1.367037e-01,1.720453e-03,9.340000e-03
9.768935e-02,4.778145e-03,4.181575e-03,3.854572e-02,7.103228e-03,1.147622e-02,1.344220e-03,7.145742e-02,1.902926e-01,3.906158e-03,3.631293e-02,3.999239e-01,1.229171e-01,1.831671e-03,8.239917e-03
1.119803e-01,1.132570e-02,4.445951e-03,3.192382e-02,7.141985e-03,9.419909e-03,1.298467e-03,5.440064e-02,2.816902e-01,6.622097e-03,3.418816e-02,3.129084e-01,1.180782e-01,2.669954e-03,1.190614e-02
1.175333e-01,1.949015e-02,1.023756e-02,4.578344e-02,1.163730e-02,9.302318e-03,1.450664e-03,4.516459e-02,3.454508e-01,9.425219e-03,3.062655e-02,2.244330e-01,1.079823e-01,4.020400e-03,1.746240e-02
1.319354e-01,2.488566e-02,1.122414e-02,4.151799e-02,1.154247e-02,9.038115e-03,1.727137e-03,3.940791e-02,3.614451e-01,9.461430e-03,4.195869e-02,1.725076e-01,1.183953e-01,7.101526e-03,1.785151e-02
1.951205e-01,3.105585e-02,1.303159e-02,4.047627e-02,1.441553e-02,8.598489e-03,1.794344e-03,3.508345e-02,3.267801e-01,8.431496e-03,6.162509e-02,1.311599e-01,1.069101e-01,9.986250e-03,1.553091e-02
2.114256e-01,3.148376e-02,1.619682e-02,5.551692e-02,1.579610e-02,8.149131e-03,1.925052e-03,3.583077e-02,3.138227e-01,8.030340e-03,8.023556e-02,1.047365e-01,9.269935e-02,1.102584e-02,1.312554e-02
2.461721e-01,2.878923e-02,1.446766e-02,4.303158e-02,1.912598e-02,8.611760e-03,2.196058e-03,3.092727e-02,3.125877e-01,6.997860e-03,8.813025e-02,8.324374e-02,7.397268e-02,1.911644e-02,2.262970e-02
3.466679e-01,2.359915e-02,1.587560e-02,4.001567e-02,2.145722e-02,1.146770e-02,8.512716e-03,3.836364e-02,2.414006e-01,6.224341e-03,7.966793e-02,7.384050e-02,5.868119e-02,1.569587e-02,1.853000e-02
4.161431e-01,2.145698e-02,1.530045e-02,3.996538e-02,2.067153e-02,1.162161e-02,7.274070e-03,3.381725e-02,2.013739e-01,5.676123e-03,6.980412e-02,7.154127e-02,5.470683e-02,1.472063e-02,1.592673e-02
3.817930e-01,4.517563e-02,1.641181e-02,3.314861e-02,2.442200e-02,9.961777e-03,5.687340e-03,2.840907e-02,2.488003e-01,4.579023e-03,6.167667e-02,6.601073e-02,4.901802e-02,1.215032e-02,1.275579e-02
3.389521e-01,5.084264e-02,2.194358e-02,2.725598e-02,6.563983e-02,1.073847e-02,6.120089e-03,5.231452e-02,2.462994e-01,6.750551e-03,6.487563e-02,5.060817e-02,3.655973e-02,1.058488e-02,1.051440e-02
2.934311e-01,6.313320e-02,1.986280e-02,2.360949e-02,9.611622e-02,1.118044e-02,6.127836e-03,7.604985e-02,2.441051e-01,8.520881e-03,7.071833e-02,4.051322e-02,2.762131e-02,1.035665e-02,8.653586e-03
2.552099e-01,9.138279e-02,1.652082e-02,2.286995e-02,1.001967e-01,1.329551e-02,7.177735e-03,6.994674e-02,2.157203e-01,2.817791e-02,9.699356e-02,4.041068e-02,2.417812e-02,1.009873e-02,7.820515e-03
2.316158e-01,8.617211e-02,1.278383e-02,1.972318e-02,1.103780e-01,1.473243e-02,7.405832e-03,5.909446e-02,2.035681e-01,4.167380e-02,1.366320e-01,3.760640e-02,2.278012e-02,8.819346e-03,7.014567e-03
2.818266e-01,6.789170e-02,1.022720e-02,2.562252e-02,1.116695e-01,1.471326e-02,7.631428e-03,4.923961e-02,1.927022e-01,3.675023e-02,1.273896e-01,3.809058e-02,2.219695e-02,7.023920e-03,7.024813e-03
3.876882e-01,4.998368e-02,8.433328e-03,6.171446e-02,9.231341e-02,1.410797e-02,6.648610e-03,4.070939e-02,1.424119e-01,2.902256e-02,9.734464e-02,3.728344e-02,1.991206e-02,5.515215e-03,6.911311e-03
4.571540e-01,3.749755e-02,7.908066e-03,9.362952e-02,7.469534e-02,1.403832e-02,5.914093e-03,3.733413e-02,1.083774e-01,2.123968e-02,7.308485e-02,4.022681e-02,1.841359e-02,4.343912e-03,6.142901e-03
1.000000e+00,0.000000e+00,0.000000e+00,0.000000e+00,0.000000e+00,0.000000e+00,0.000000e+00,0.000000e+00,0.000000e+00,0.000000e+00,0.000000e+00,0.000000e+00,0.000000e+00,0.000000e+00,0.000000e+00
1.000000e+00,0.000000e+00,0.000000e+00,0.000000e+00,0.000000e+00,0.000000e+00,0.000000e+00,0.000000e+00,0.000000e+00,0.000000e+00,0.000000e+00,0.000000e+00,0.000000e+00,0.000000e+00,0.000000e+00
1.000000e+00,0.000000e+00,0.000000e+00,0.000000e+00,0.000000e+00,0.000000e+00,0.000000e+00,0.000000e+00,0.000000e+00,0.000000e+00,0.000000e+00,0.000000e+00,0.000000e+00,0.000000e+00,0.000000e+00
1.000000e+00,0.000000e+00,0.000000e+00,0.000000e+00,0.000000e+00,0.000000e+00,0.000000e+00,0.000000e+00,0.000000e+00,0.000000e+00,0.000000e+00,0.000000e+00,0.000000e+00,0.000000e+00,0.000000e+00
1.000000e+00,0.000000e+00,0.000000e+00,0.000000e+00,0.000000e+00,0.000000e+00,0.000000e+00,0.000000e+00,0.000000e+00,0.000000e+00,0.000000e+00,0.000000e+00,0.000000e+00,0.000000e+00,0.000000e+00
1.000000e+00,0.000000e+00,0.000000e+00,0.000000e+00,0.000000e+00,0.000000e+00,0.000000e+00,0.000000e+00,0.000000e+00,0.000000e+00,0.000000e+00,0.000000e+00,0.000000e+00,0.000000e+00,0.000000e+00
1.000000e+00,0.000000e+00,0.000000e+00,0.000000e+00,0.000000e+00,0.000000e+00,0.000000e+00,0.000000e+00,0.000000e+00,0.000000e+00,0.000000e+00,0.000000e+00,0.000000e+00,0.000000e+00,0.000000e+00
1.000000e+00,0.000000e+00,0.000000e+00,0.000000e+00,0.000000e+00,0.000000e+00,0.000000e+00,0.000000e+00,0.000000e+00,0.000000e+00,0.000000e+00,0.000000e+00,0.000000e+00,0.000000e+00,0.000000e+00
1.000000e+00,0.000000e+00,0.000000e+00,0.000000e+00,0.000000e+00,0.000000e+00,0.000000e+00,0.000000e+00,0.000000e+00,0.000000e+00,0.000000e+00,0.000000e+00,0.000000e+00,0.000000e+00,0.000000e+00
4.691667e-01,6.113329e-02,9.040822e-03,1.094497e-01,1.174535e-02,1.500968e-02,3.460018e-03,1.227950e-02,1.610447e-02,5.049724e-03,1.812406e-01,6.316604e-02,1.639582e-02,1.732397e-02,9.434336e-03
4.215966e-01,4.640993e-02,8.483081e-03,1.102045e-01,1.021121e-02,1.261470e-02,2.819754e-03,1.185125e-02,1.296927e-02,6.734324e-03,2.110452e-01,9.756655e-02,1.260690e-02,2.638794e-02,8.498802e-03
3.803371e-01,3.402103e-02,7.035542e-03,9.011789e-02,1.232777e-02,1.072502e-02,2.334963e-03,9.320600e-03,1.029491e-02,7.545866e-03,2.723693e-01,1.198048e-01,9.311809e-03,2.675438e-02,7.698959e-03
2.924004e-01,2.441219e-02,5.171082e-03,7.231503e-02,1.801338e-02,1.093997e-02,1.902288e-03,7.449687e-03,8.557964e-03,6.865030e-03,2.707766e-01,2.431254e-01,7.419029e-03,2.415287e-02,6.499050e-03
2.216918e-01,1.777175e-02,3.826965e-03,5.429906e-02,2.175483e-02,1.032373e-02,1.375050e-03,5.272994e-03,6.850630e-03,5.473990e-03,2.129517e-01,4.076391e-01,5.911390e-03,1.871578e-02,6.141300e-03
1.654487e-01,1.307507e-02,2.889347e-03,4.390027e-02,2.671560e-02,1.027120e-02,1.007844e-03,3.824396e-03,5.320655e-03,4.361438e-03,1.688821e-01,5.292162e-01,4.494452e-03,1.481623e-02,5.776454e-03
1.208453e-01,1.007645e-02,2.256721e-03,3.468860e-02,4.515429e-02,8.839114e-03,7.561498e-04,2.841443e-03,4.966885e-03,4.234085e-03,1.468499e-01,5.938062e-01,3.487268e-03,1.532560e-02,5.872000e-03
1.039422e-01,8.024548e-03,1.838851e-03,3.524540e-02,5.585533e-02,1.046230e-02,6.225310e-04,2.602541e-03,5.281932e-03,4.351847e-03,1.316799e-01,6.115432e-01,3.028788e-03,1.689266e-02,8.627958e-03
9.303310e-02,7.169039e-03,1.672988e-03,4.751772e-02,8.542804e-02,1.098513e-02,5.728356e-04,2.483057e-03,5.366815e-03,4.188188e-03,1.085394e-01,6.071376e-01,2.482669e-03,1.427723e-02,9.146278e-03
7.913928e-02,6.333282e-03,1.465614e-03,4.004898e-02,1.485647e-01,8.972161e-03,6.269802e-04,2.903266e-03,5.760586e-03,6.427048e-03,9.069090e-02,5.859776e-01,2.078703e-03,1.248779e-02,8.523159e-03
7.924292e-02,1.738428e-02,2.372177e-03,3.380133e-02,2.123695e-01,7.262658e-03,5.458961e-04,5.014255e-03,8.002909e-03,1.105861e-02,8.941101e-02,5.101815e-01,1.742880e-03,1.010496e-02,1.150516e-02
6.122427e-02,1.460958e-02,3.434723e-03,2.993056e-02,1.950573e-01,9.704418e-03,1.029729e-03,6.212825e-03,6.834271e-03,9.046342e-03,8.028439e-02,5.625720e-01,1.536326e-03,7.825229e-03,1.069807e-02
6.311747e-02,1.072803e-02,4.506039e-03,2.254576e-02,1.477225e-01,1.046542e-02,1.127559e-03,8.075339e-03,5.562803e-03,7.512779e-03,8.636662e-02,6.158026e-01,1.605880e-03,6.901973e-03,7.959222e-03
7.724997e-02,1.213108e-02,9.284187e-03,1.879401e-02,1.150346e-01,1.583632e-02,1.380028e-03,8.746346e-03,5.821976e-03,7.556478e-03,1.213669e-01,5.892707e-01,1.878881e-03,6.992843e-03,8.655739e-03
2.022283e-01,1.348536e-02,1.533858e-02,2.283291e-02,8.909617e-02,2.018652e-02,1.654696e-03,1.241243e-02,9.410370e-03,8.440886e-03,1.150557e-01,4.691482e-01,3.446245e-03,8.039538e-03,9.224197e-03
3.150191e-01,1.519422e-02,1.816294e-02,2.806833e-02,6.847280e-02,3.027875e-02,2.476634e-03,1.355758e-02,1.045084e-02,7.656178e-03,9.647615e-02,3.702734e-01,4.995254e-03,8.279458e-03,1.063846e-02
4.486977e-01,1.571469e-02,1.653874e-02,2.644399e-02,5.284769e-02,2.818240e-02,2.599939e-03,1.438413e-02,9.513919e-03,9.104662e-03,7.515956e-02,2.771227e-01,5.224921e-03,7.871702e-03,1.059327e-02
1.000000e+00,0.000000e+00,0.000000e+00,0.000000e+00,0.000000e+00,0.000000e+00,0.000000e+00,0.000000e+00,0.000000e+00,0.000000e+00,0.000000e+00,0.000000e+00,0.000000e+00,0.000000e+00,0.000000e+00
1.000000e+00,0.000000e+00,0.000000e+00,0.000000e+00,0.000000e+00,0.000000e+00,0.000000e+00,0.000000e+00,0.000000e+00,0.000000e+00,0.000000e+00,0.000000e+00,0.000000e+00,0.000000e+00,0.000000e+00
1.000000e+00,0.000000e+00,0.000000e+00,0.000000e+00,0.000000e+00,0.000000e+00,0.000000e+00,0.000000e+00,0.000000e+00,0.000000e+00,0.000000e+00,0.000000e+00,0.000000e+00,0.000000e+00,0.000000e+00
1.000000e+00,0.000000e+00,0.000000e+00,0.000000e+00,0.000000e+00,0.000000e+00,0.000000e+00,0.000000e+00,0.000000e+00,0.000000e+00,0.000000e+00,0.000000e+00,0.000000e+00,0.000000e+00,0.000000e+00
1.000000e+00,0.000000e+00,0.000000e+00,0.000000e+00,0.000000e+00,0.000000e+00,0.000000e+00,0.000000e+00,0.000000e+00,0.000000e+00,0.000000e+00,0.000000e+00,0.000000e+00,0.000000e+00,0.000000e+00
1.000000e+00,0.000000e+00,0.000000e+00,0.000000e+00,0.000000e+00,0.000000e+00,0.000000e+00,0.000000e+00,0.000000e+00,0.000000e+00,0.000000e+00,0.000000e+00,0.000000e+00,0.000000e+00,0.000000e+00
1.000000e+00,0.000000e+00,0.000000e+00,0.000000e+00,0.000000e+00,0.000000e+00,0.000000e+00,0.000000e+00,0.000000e+00,0.000000e+00,0.000000e+00,0.000000e+00,0.000000e+00,0.000000e+00,0.000000e+00
1.000000e+00,0.000000e+00,0.000000e+00,0.000000e+00,0.000000e+00,0.000000e+00,0.000000e+00,0.000000e+00,0.000000e+00,0.000000e+00,0.000000e+00,0.000000e+00,0.000000e+00,0.000000e+00,0.000000e+00
1.000000e+00,0.000000e+00,0.000000e+00,0.000000e+00,0.000000e+00,0.000000e+00,0.000000e+00,0.000000e+00,0.000000e+00,0.000000e+00,0.000000e+00,0.000000e+00,0.000000e+00,0.000000e+00,0.000000e+00
1.000000e+00,0.000000e+00,0.000000e+00,0.000000e+00,0.000000e+00,0.000000e+00,0.000000e+00,0.000000e+00,0.000000e+00,0.000000e+00,0.000000e+00,0.000000e+00,0.000000e+00,0.000000e+00,0.000000e+00
1.000000e+00,0.000000e+00,0.000000e+00,0.000000e+00,0.000000e+00,0.000000e+00,0.000000e+00,0.000000e+00,0.000000e+00,0.000000e+00,0.000000e+00,0.000000e+00,0.000000e+00,0.000000e+00,0.000000e+00
1.000000e+00,0.000000e+00,0.000000e+00,0.000000e+00,0.000000e+00,0.000000e+00,0.000000e+00,0.000000e+00,0.000000e+00,0.000000e+00,0.000000e+00,0.000000e+00,0.000000e+00,0.000000e+00,0.000000e+00
1.000000e+00,0.000000e+00,0.000000e+00,0.000000e+00,0.000000e+00,0.000000e+00,0.000000e+00,0.000000e+00,0.000000e+00,0.000000e+00,0.000000e+00,0.000000e+00,0.000000e+00,0.000000e+00,0.000000e+00
4.526362e-01,2.444404e-02,8.170526e-02,2.326948e-01,5.038866e-02,1.767059e-02,2.205949e-03,3.663905e-02,1.517286e-02,9.128310e-03,2.164507e-02,2.790965e-02,5.561495e-03,9.363521e-03,1.283456e-02
3.724225e-01,1.896352e-02,7.772695e-02,3.531699e-01,4.252169e-02,1.385711e-02,1.755264e-03,3.598073e-02,1.444327e-02,7.961912e-03,1.717477e-02,2.155869e-02,4.411861e-03,7.895123e-03,1.015661e-02
3.138637e-01,1.692682e-02,8.901149e-02,4.269771e-01,3.525052e-02,1.148543e-02,1.537198e-03,3.644868e-02,1.167541e-02,6.278024e-03,1.399105e-02,1.708339e-02,4.067815e-03,6.936681e-03,8.466688e-03
