1.000000e+00,0.000000e+00,0.000000e+00,0.000000e+00,0.000000e+00,0.000000e+00,0.000000e+00,0.000000e+00,0.000000e+00,0.000000e+00,0.000000e+00,0.000000e+00,0.000000e+00,0.000000e+00,0.000000e+00
1.000000e+00,0.000000e+00,0.000000e+00,0.000000e+00,0.000000e+00,0.000000e+00,0.000000e+00,0.000000e+00,0.000000e+00,0.000000e+00,0.000000e+00,0.000000e+00,0.000000e+00,0.000000e+00,0.000000e+00
1.000000e+00,0.000000e+00,0.000000e+00,0.000000e+00,0.000000e+00,0.000000e+00,0.000000e+00,0.000000e+00,0.000000e+00,0.000000e+00,0.000000e+00,0.000000e+00,0.000000e+00,0.000000e+00,0.000000e+00
1.000000e+00,0.000000e+00,0.000000e+00,0.000000e+00,0.000000e+00,0.000000e+00,0.000000e+00,0.000000e+00,0.000000e+00,0.000000e+00,0.000000e+00,0.000000e+00,0.000000e+00,0.000000e+00,0.000000e+00
1.000000e+00,0.000000e+00,0.000000e+00,0.000000e+00,0.000000e+00,0.000000e+00,0.000000e+00,0.000000e+00,0.000000e+00,0.000000e+00,0.000000e+00,0.000000e+00,0.000000e+00,0.000000e+00,0.000000e+00
1.000000e+00,0.000000e+00,0.000000e+00,0.000000e+00,0.000000e+00,0.000000e+00,0.000000e+00,0.000000e+00,0.000000e+00,0.000000e+00,0.000000e+00,0.000000e+00,0.000000e+00,0.000000e+00,0.000000e+00
1.000000e+00,0.000000e+00,0.000000e+00,0.000000e+00,0.000000e+00,0.000000e+00,0.000000e+00,0.000000e+00,0.000000e+00,0.000000e+00,0.000000e+00,0.000000e+00,0.000000e+00,0.000000e+00,0.000000e+00
1.000000e+00,0.000000e+00,0.000000e+00,0.000000e+00,0.000000e+00,0.000000e+00,0.000000e+00,0.000000e+00,0.000000e+00,0.000000e+00,0.000000e+00,0.000000e+00,0.000000e+00,0.000000e+00,0.000000e+00
1.000000e+00,0.000000e+00,0.000000e+00,0.000000e+00,0.000000e+00,0.000000e+00,0.000000e+00,0.000000e+00,0.000000e+00,0.000000e+00,0.000000e+00,0.000000e+00,0.000000e+00,0.000000e+00,0.000000e+00
1.000000e+00,0.000000e+00,0.000000e+00,0.000000e+00,0.000000e+00,0.000000e+00,0.000000e+00,0.000000e+00,0.000000e+00,0.000000e+00,0.000000e+00,0.000000e+00,0.000000e+00,0.000000e+00,0.000000e+00
1.000000e+00,0.000000e+00,0.000000e+00,0.000000e+00,0.000000e+00,0.000000e+00,0.000000e+00,0.000000e+00,0.000000e+00,0.000000e+00,0.000000e+00,0.000000e+00,0.000000e+00,0.000000e+00,0.000000e+00
1.000000e+00,0.000000e+00,0.000000e+00,0.000000e+00,0.000000e+00,0.000000e+00,0.000000e+00,0.000000e+00,0.000000e+00,0.000000e+00,0.000000e+00,0.000000e+00,0.000000e+00,0.000000e+00,0.000000e+00
1.000000e+00,0.000000e+00,0.000000e+00,0.000000e+00,0.000000e+00,0.000000e+00,0.000000e+00,0.000000e+00,0.000000e+00,0.000000e+00,0.000000e+00,0.000000e+00,0.000000e+00,0.000000e+00,0.000000e+00
1.000000e+00,0.000000e+00,0.000000e+00,0.000000e+00,0.000000e+00,0.000000e+00,0.000000e+00,0.000000e+00,0.000000e+00,0.000000e+00,0.000000e+00,0.000000e+00,0.000000e+00,0.000000e+00,0.000000e+00
1.000000e+00,0.000000e+00,0.000000e+00,0.000000e+00,0.000000e+00,0.000000e+00,0.000000e+00,0.000000e+00,0.000000e+00,0.000000e+00,0.000000e+00,0.000000e+00,0.000000e+00,0.000000e+00,0.000000e+00
1.000000e+00,0.000000e+00,0.000000e+00,0.000000e+00,0.000000e+00,0.000000e+00,0.000000e+00,0.000000e+00,0.000000e+00,0.000000e+00,0.000000e+00,0.000000e+00,0.000000e+00,0.000000e+00,0.000000e+00
1.000000e+00,0.000000e+00,0.000000e+00,0.000000e+00,0.000000e+00,0.000000e+00,0.000000e+00,0.000000e+00,0.000000e+00,0.000000e+00,0.000000e+00,0.000000e+00,0.000000e+00,0.000000e+00,0.000000e+00
1.000000e+00,0.000000e+00,0.000000e+00,0.000000e+00,0.000000e+00,0.000000e+00,0.000000e+00,0.000000e+00,0.000000e+00,0.000000e+00,0.000000e+00,0.000000e+00,0.000000e+00,0.000000e+00,0.000000e+00
1.000000e+00,0.000000e+00,0.000000e+00,0.000000e+00,0.000000e+00,0.000000e+00,0.000000e+00,0.000000e+00,0.000000e+00,0.000000e+00,0.000000e+00,0.000000e+00,0.000000e+00,0.000000e+00,0.000000e+00
1.000000e+00,0.000000e+00,0.000000e+00,0.000000e+00,0.000000e+00,0.000000e+00,0.000000e+00,0.000000e+00,0.000000e+00,0.000000e+00,0.000000e+00,0.000000e+00,0.000000e+00,0.000000e+00,0.000000e+00
1.000000e+00,0.000000e+00,0.000000e+00,0.000000e+00,0.000000e+00,0.000000e+00,0.000000e+00,0.000000e+00,0.000000e+00,0.000000e+00,0.000000e+00,0.000000e+00,0.000000e+00,0.000000e+00,0.000000e+00
4.465026e-01,1.450730e-02,7.268672e-02,5.540758e-02,9.304517e-03,3.114221e-02,5.706934e-02,2.413301e-01,4.073115e-03,1.372712e-03,1.066431e-02,1.752552e-02,2.255850e-02,3.139663e-03,1.271578e-02
3.270524e-01,1.085278e-02,6.428328e-02,4.188268e-02,7.169134e-03,3.433989e-02,5.253943e-02,4.048479e-01,3.232036e-03,1.056719e-03,8.144494e-03,1.396196e-02,1.814423e-02,2.571578e-03,9.921452e-03
2.404374e-01,8.012798e-03,5.251032e-02,3.042486e-02,5.455521e-03,3.221171e-02,5.621360e-02,5.319581e-01,2.384491e-03,7.905986e-04,5.878962e-03,1.027368e-02,1.406232e-02,1.967444e-03,7.418178e-03
2.136346e-01,6.914624e-03,4.822687e-02,2.448432e-02,5.350089e-03,7.598624e-02,8.003679e-02,5.003463e-01,2.164154e-03,8.900333e-04,5.143226e-03,1.089474e-02,1.663507e-02,1.996746e-03,7.296078e-03
2.326129e-01,9.853441e-03,3.901748e-02,2.039091e-02,9.235118e-03,9.111524e-02,7.021940e-02,4.762912e-01,2.662395e-03,1.622944e-03,4.688108e-03,1.192939e-02,1.757775e-02,2.425915e-03,1.035772e-02
2.407060e-01,1.427466e-02,3.134936e-02,1.713375e-02,2.072363e-02,8.224866e-02,6.617543e-02,4.597795e-01,4.190601e-03,3.810673e-03,4.888213e-03,1.439580e-02,1.779103e-02,3.471280e-03,1.906135e-02
3.312173e-01,1.354150e-02,2.430641e-02,1.473151e-02,3.238365e-02,6.620948e-02,4.919558e-02,4.016912e-01,4.234302e-03,4.365491e-03,5.024926e-03,1.462754e-02,1.593608e-02,3.525820e-03,1.900916e-02
3.626088e-01,1.500726e-02,2.089936e-02,1.703448e-02,4.383573e-02,8.456990e-02,4.029105e-02,3.326462e-01,5.603136e-03,5.157083e-03,7.804493e-03,2.081703e-02,1.821494e-02,3.682872e-03,2.182760e-02
3.760649e-01,1.265321e-02,1.772486e-02,1.537778e-02,4.007552e-02,1.561890e-01,3.393964e-02,2.501503e-01,4.945254e-03,5.298241e-03,1.021161e-02,3.287631e-02,1.807822e-02,3.775806e-03,2.263926e-02
3.739238e-01,1.021059e-02,1.386713e-02,1.260624e-02,3.050084e-02,2.290038e-01,2.527711e-02,1.778362e-01,4.143117e-03,5.640951e-03,1.334471e-02,6.434559e-02,1.525714e-02,3.748917e-03,2.029385e-02
3.751004e-01,1.356546e-02,1.601419e-02,2.330111e-02,2.732316e-02,1.980833e-01,1.984085e-02,1.290176e-01,9.007330e-03,1.138768e-02,1.631022e-02,1.131585e-01,1.907885e-02,4.570891e-03,2.424055e-02
2.773682e-01,9.905133e-03,1.156956e-02,1.798281e-02,1.939029e-02,2.029987e-01,1.416027e-02,9.058379e-02,9.422202e-03,8.366548e-03,1.316326e-02,2.837198e-01,1.859931e-02,3.741406e-03,1.902880e-02
2.127326e-01,7.538247e-03,8.714850e-03,1.462201e-02,1.425041e-02,1.806639e-01,1.021040e-02,6.360418e-02,1.602250e-02,7.536097e-03,1.160100e-02,4.140688e-01,2.046657e-02,3.015965e-03,1.495251e-02
1.846871e-01,6.985934e-03,6.790771e-03,1.175633e-02,1.053853e-02,1.335441e-01,7.583560e-03,4.459784e-02,1.603393e-02,1.613994e-02,1.168739e-02,5.018301e-01,3.184196e-02,3.113478e-03,1.286905e-02
1.488682e-01,6.747454e-03,7.677986e-03,1.314097e-02,8.364156e-03,1.070020e-01,5.642232e-03,3.142960e-02,2.956757e-02,1.759257e-02,1.083823e-02,5.711840e-01,2.655849e-02,2.664421e-03,1.272214e-02
1.395287e-01,5.755102e-03,6.870670e-03,1.206307e-02,6.464963e-03,8.490999e-02,4.149722e-03,2.211245e-02,3.464249e-02,1.536538e-02,9.550689e-03,6.250210e-01,2.041524e-02,2.287667e-03,1.086285e-02
1.312760e-01,5.369844e-03,6.178237e-03,1.070430e-02,5.868749e-03,6.615215e-02,3.233867e-03,1.582710e-02,4.423298e-02,1.355678e-02,8.527784e-03,6.613615e-01,1.601664e-02,2.415721e-03,9.278465e-03
1.388685e-01,7.912426e-03,8.071698e-03,1.235138e-02,5.989342e-03,5.495705e-02,2.738649e-03,1.164884e-02,5.944390e-02,1.326990e-02,9.074732e-03,6.498740e-01,1.250511e-02,2.896250e-03,1.039820e-02
1.326397e-01,2.556046e-02,6.820508e-03,9.871115e-03,5.602865e-03,4.095719e-02,2.112227e-03,8.709362e-03,8.860190e-02,1.332907e-02,3.090985e-02,6.093163e-01,1.199616e-02,3.358264e-03,1.021493e-02
1.088127e-01,2.926716e-02,5.450216e-03,7.853505e-03,4.595242e-03,3.082211e-02,1.639202e-03,7.759301e-03,7.949656e-02,1.247682e-02,1.414712e-01,5.434200e-01,1.288356e-02,5.970270e-03,8.082154e-03
8.638782e-02,3.088754e-02,4.367047e-03,6.700946e-03,4.210872e-03,2.231129e-02,1.241492e-03,6.881942e-03,1.031621e-01,1.078825e-02,1.914276e-01,5.078056e-01,1.184302e-02,5.885269e-03,6.099240e-03
7.584363e-02,3.381682e-02,5.172798e-03,5.662867e-03,5.941187e-03,1.647840e-02,9.909945e-04,9.035192e-03,1.688624e-01,1.139514e-02,2.292636e-01,4.147921e-01,9.608349e-03,7.956973e-03,5.179461e-03
6.330118e-02,6.053874e-02,4.791916e-03,4.588925e-03,6.315402e-03,1.205806e-02,7.389380e-04,7.830686e-03,2.598470e-01,8.902693e-03,2.472751e-01,3.029376e-01,7.237809e-03,9.371967e-03,4.263932e-03
5.195862e-02,5.046618e-02,6.825950e-03,5.555200e-03,1.095013e-02,9.017546e-03,6.083341e-04,1.239123e-02,4.130485e-01,7.275150e-03,2.000594e-01,2.150788e-01,5.561942e-03,7.654625e-03,3.548399e-03
6.260558e-02,4.560166e-02,8.751355e-03,7.749652e-03,1.162127e-02,7.189323e-03,5.173469e-04,1.473865e-02,4.581293e-01,5.530331e-03,2.032790e-01,1.556607e-01,5.167231e-03,1.018514e-02,3.273552e-03
5.893113e-02,4.087555e-02,5.028105e-02,4.461345e-02,3.906669e-02,6.038133e-03,4.885516e-04,3.494239e-02,4.345235e-01,4.333861e-03,1.604601e-01,1.101842e-01,4.160065e-03,8.493054e-03,2.608240e-03
6.014596e-02,5.825940e-02,5.309408e-02,5.815566e-02,3.947523e-02,5.605473e-03,4.989355e-04,3.037074e-02,4.376672e-01,3.714532e-03,1.509001e-01,7.841375e-02,3.516378e-03,1.645472e-02,3.727834e-03
5.653944e-02,6.262039e-02,6.611346e-02,5.086647e-02,4.364078e-02,5.257623e-03,4.583490e-04,2.735351e-02,4.541517e-01,6.948494e-03,1.192995e-01,5.620513e-02,4.446492e-03,2.301040e-02,2.308826e-02
5.518176e-02,4.912502e-02,5.947442e-02,7.257798e-02,5.767596e-02,4.939081e-03,6.389422e-04,3.164226e-02,4.881322e-01,6.741982e-03,8.640381e-02,4.021738e-02,4.865721e-03,1.772786e-02,2.465562e-02
6.312778e-02,3.657229e-02,1.492789e-01,1.417509e-01,4.403589e-02,4.091835e-03,5.161861e-04,2.375456e-02,3.943388e-01,6.013661e-03,6.375427e-02,2.858852e-02,4.007135e-03,1.502359e-02,2.514562e-02
7.591529e-02,2.920535e-02,2.336293e-01,1.420028e-01,3.940304e-02,4.239731e-03,4.190356e-04,2.282281e-02,3.343779e-01,7.859847e-03,4.623780e-02,2.063497e-02,3.365472e-03,1.385325e-02,2.603337e-02
1.285935e-01,2.601039e-02,2.421867e-01,1.648794e-01,3.815511e-02,7.226082e-03,5.776559e-04,2.270013e-02,2.601148e-01,8.597191e-03,3.693773e-02,1.567675e-02,4.269776e-03,1.878264e-02,2.529206e-02
2.283111e-01,2.366261e-02,2.057799e-01,1.823755e-01,3.196659e-02,8.991117e-03,6.709060e-04,1.980661e-02,1.955882e-01,6.787442e-03,2.939883e-02,1.352029e-02,7.177701e-03,1.897230e-02,2.699090e-02
2.796846e-01,1.832933e-02,1.670211e-01,2.163989e-01,2.828259e-02,8.295039e-03,8.926125e-04,4.167173e-02,1.579784e-01,5.220347e-03,2.181965e-02,1.017542e-02,5.440619e-03,1.806117e-02,2.072844e-02
3.578714e-01,1.564882e-02,1.396719e-01,2.147864e-01,2.613254e-02,9.377915e-03,1.713515e-03,3.831311e-02,1.303218e-01,3.937588e-03,1.714128e-02,8.357984e-03,4.477461e-03,1.597363e-02,1.627468e-02
4.268181e-01,1.573556e-02,1.178404e-01,1.917045e-01,3.802893e-02,1.410150e-02,1.730638e-03,2.899268e-02,1.093639e-01,2.966517e-03,1.372351e-02,7.320990e-03,4.097246e-03,1.371957e-02,1.385602e-02
4.871522e-01,1.994662e-02,8.942064e-02,1.502090e-01,5.401398e-02,2.129401e-02,1.992153e-03,2.381417e-02,9.784655e-02,2.492343e-03,1.395940e-02,6.995659e-03,4.126581e-03,1.327215e-02,1.346457e-02
1.000000e+00,0.000000e+00,0.000000e+00,0.000000e+00,0.000000e+00,0.000000e+00,0.000000e+00,0.000000e+00,0.000000e+00,0.000000e+00,0.000000e+00,0.000000e+00,0.000000e+00,0.000000e+00,0.000000e+00
4.952849e-01,5.089851e-02,6.305860e-02,1.567978e-01,6.360005e-02,1.917901e-02,3.755564e-03,1.752513e-02,6.339314e-02,3.149240e-03,1.242882e-02,9.045490e-03,5.150031e-03,8.303701e-03,2.843010e-02
1.000000e+00,0.000000e+00,0.000000e+00,0.000000e+00,0.000000e+00,0.000000e+00,0.000000e+00,0.000000e+00,0.000000e+00,0.000000e+00,0.000000e+00,0.000000e+00,0.000000e+00,0.000000e+00,0.000000e+00
1.000000e+00,0.000000e+00,0.000000e+00,0.000000e+00,0.000000e+00,0.000000e+00,0.000000e+00,0.000000e+00,0.000000e+00,0.000000e+00,0.000000e+00,0.000000e+00,0.000000e+00,0.000000e+00,0.000000e+00
1.000000e+00,0.000000e+00,0.000000e+00,0.000000e+00,0.000000e+00,0.000000e+00,0.000000e+00,0.000000e+00,0.000000e+00,0.000000e+00,0.000000e+00,0.000000e+00,0.000000e+00,0.000000e+00,0.000000e+00
1.000000e+00,0.000000e+00,0.000000e+00,0.000000e+00,0.000000e+00,0.000000e+00,0.000000e+00,0.000000e+00,0.000000e+00,0.000000e+00,0.000000e+00,0.000000e+00,0.000000e+00,0.000000e+00,0.000000e+00
1.000000e+00,0.000000e+00,0.000000e+00,0.000000e+00,0.000000e+00,0.000000e+00,0.000000e+00,0.000000e+00,0.000000e+00,0.000000e+00,0.000000e+00,0.000000e+00,0.000000e+00,0.000000e+00,0.000000e+00
1.000000e+00,0.000000e+00,0.000000e+00,0.000000e+00,0.000000e+00,0.000000e+00,0.000000e+00,0.000000e+00,0.000000e+00,0.000000e+00,0.000000e+00,0.000000e+00,0.000000e+00,0.000000e+00,0.000000e+00
1.000000e+00,0.000000e+00,0.000000e+00,0.000000e+00,0.000000e+00,0.000000e+00,0.000000e+00,0.000000e+00,0.000000e+00,0.000000e+00,0.000000e+00,0.000000e+00,0.000000e+00,0.000000e+00,0.000000e+00
1.000000e+00,0.000000e+00,0.000000e+00,0.000000e+00,0.000000e+00,0.000000e+00,0.000000e+00,0.000000e+00,0.000000e+00,0.000000e+00,0.000000e+00,0.000000e+00,0.000000e+00,0.000000e+00,0.000000e+00
1.000000e+00,0.000000e+00,0.000000e+00,0.000000e+00,0.000000e+00,0.000000e+00,0.000000e+00,0.000000e+00,0.000000e+00,0.000000e+00,0.000000e+00,0.000000e+00,0.000000e+00,0.000000e+00,0.000000e+00
4.540075e-01,3.258412e-02,5.233206e-02,6.028618e-02,1.073768e-02,8.377452e-03,1.379611e-03,4.786106e-03,2.614892e-02,5.255260e-03,7.021992e-03,6.926290e-03,5.654356e-03,1.291123e-01,1.953902e-01
3.399152e-01,2.455584e-02,4.375209e-02,4.249036e-02,7.723908e-03,6.333487e-03,1.019744e-03,3.542458e-03,3.298174e-02,1.919002e-02,8.444678e-03,5.404091e-03,4.236761e-03,2.859998e-01,1.744099e-01
2.848959e-01,1.846573e-02,3.996591e-02,3.016721e-02,5.610031e-03,5.475334e-03,7.414578e-04,2.740417e-03,3.117358e-02,7.390972e-02,1.152018e-02,4.396970e-03,3.411398e-03,3.460177e-01,1.415085e-01
2.512843e-01,1.522297e-02,3.698827e-02,3.193615e-02,5.189095e-03,5.987919e-03,8.211471e-04,2.610723e-03,5.613208e-02,1.083308e-01,1.426348e-02,3.905646e-03,3.168947e-03,3.359551e-01,1.282035e-01
1.967849e-01,1.194606e-02,3.150052e-02,2.536901e-02,4.220151e-03,5.178113e-03,9.064282e-04,2.134966e-03,7.394720e-02,1.455790e-01,1.856599e-02,3.869541e-03,2.692934e-03,3.662983e-01,1.110069e-01
1.401941e-01,8.549924e-03,2.249331e-02,1.781005e-02,3.122595e-03,3.753114e-03,6.631652e-04,1.536833e-03,5.387177e-02,2.917682e-01,1.569492e-02,2.887492e-03,1.937817e-03,3.543326e-01,8.138413e-02
9.921461e-02,6.029186e-03,1.594678e-02,1.247840e-02,2.282545e-03,2.700871e-03,4.861785e-04,1.099362e-03,3.870745e-02,4.675657e-01,1.354504e-02,2.233829e-03,1.390647e-03,2.780982e-01,5.822124e-02
7.180572e-02,4.406434e-03,1.136480e-02,8.820213e-03,2.100552e-03,2.140116e-03,4.202888e-04,8.594646e-04,2.975410e-02,5.064786e-01,1.705308e-02,2.191581e-03,1.156416e-03,2.942626e-01,4.718600e-02
7.089830e-02,5.668349e-03,8.156468e-03,7.456098e-03,2.722726e-03,2.587446e-03,4.491730e-04,7.586512e-04,3.279400e-02,5.681198e-01,2.022701e-02,4.492731e-03,3.013052e-03,2.308801e-01,4.177608e-02
5.414245e-02,5.490142e-03,5.938379e-03,5.672906e-03,2.706321e-03,2.682681e-03,4.259686e-04,6.071978e-04,4.014882e-02,5.437839e-01,2.689129e-02,4.343950e-03,2.733650e-03,2.570855e-01,4.734688e-02
5.824013e-02,7.559062e-03,5.756339e-03,6.219640e-03,3.505593e-03,3.760443e-03,6.390594e-04,1.299261e-03,5.266598e-02,4.603848e-01,4.857390e-02,5.289002e-03,4.019319e-03,2.917495e-01,5.033794e-02
1.449475e-01,9.882227e-03,6.680154e-03,8.504222e-03,4.854407e-03,8.351505e-03,1.097410e-03,2.621749e-03,5.443314e-02,3.578545e-01,6.768109e-02,6.362129e-03,6.881542e-03,2.682791e-01,5.156949e-02
2.502529e-01,1.314017e-02,5.679505e-03,1.139510e-02,4.763363e-03,1.063734e-02,1.155508e-03,2.829346e-03,4.883777e-02,2.949310e-01,6.361251e-02,9.314582e-03,9.400354e-03,2.236459e-01,5.040466e-02
2.003499e-01,1.192038e-02,4.550036e-03,9.429277e-03,6.090499e-03,1.142496e-02,8.938598e-04,2.290401e-03,3.967458e-02,4.373949e-01,4.888373e-02,7.650960e-03,8.925453e-03,1.654215e-01,4.509960e-02
1.467095e-01,1.086832e-02,3.548375e-03,7.139895e-03,5.709997e-03,9.487661e-03,6.640466e-04,1.803579e-03,3.105659e-02,5.717525e-01,3.858633e-02,5.753866e-03,7.159485e-03,1.248452e-01,3.491453e-02
1.266456e-01,1.307759e-02,4.061194e-03,6.301694e-03,9.274492e-03,8.330910e-03,5.529269e-04,2.352713e-03,3.190559e-02,6.275114e-01,3.610479e-02,5.463744e-03,6.887682e-03,9.142268e-02,3.010695e-02
1.312242e-01,1.495891e-02,4.894385e-03,1.177981e-02,1.457748e-02,9.997812e-03,5.849209e-04,4.335344e-03,4.034822e-02,5.944513e-01,4.486476e-02,2.117076e-02,1.303674e-02,6.772830e-02,2.604709e-02
1.466464e-01,1.728595e-02,5.849212e-03,1.391700e-02,1.709384e-02,1.511540e-02,6.307155e-04,6.801010e-03,4.181743e-02,5.391415e-01,5.491062e-02,4.538264e-02,2.028755e-02,5.192603e-02,2.319475e-02
1.919200e-01,2.230124e-02,1.678664e-02,3.244484e-02,1.820961e-02,1.869318e-02,2.224197e-03,8.539436e-03,3.782971e-02,4.464551e-01,5.036502e-02,6.970752e-02,2.425054e-02,4.000552e-02,2.026746e-02
1.854932e-01,3.281187e-02,1.630924e-02,2.829722e-02,3.042269e-02,1.460919e-02,2.346145e-03,1.980346e-02,4.527202e-02,4.509766e-01,3.942630e-02,5.738293e-02,2.050563e-02,3.509901e-02,2.124440e-02
1.961340e-01,3.052261e-02,1.688744e-02,2.158228e-02,7.441255e-02,1.489850e-02,2.749979e-03,4.544131e-02,5.351675e-02,3.624353e-01,3.226013e-02,4.255793e-02,1.726533e-02,7.193930e-02,1.739656e-02
1.811021e-01,2.711808e-02,2.261457e-02,1.797700e-02,7.338655e-02,1.376586e-02,1.143635e-02,1.694476e-01,5.006979e-02,2.790852e-01,2.603606e-02,3.154346e-02,1.358316e-02,6.933586e-02,1.349832e-02
1.866975e-01,2.946295e-02,2.404440e-02,1.534539e-02,9.925891e-02,1.670065e-02,1.323292e-02,1.759941e-01,5.836117e-02,2.264090e-01,2.172465e-02,2.380011e-02,1.400138e-02,8.290543e-02,1.206127e-02
1.674509e-01,3.395194e-02,2.438281e-02,1.335050e-02,1.446369e-01,2.155070e-02,1.421191e-02,1.531554e-01,9.167878e-02,1.792988e-01,1.957377e-02,1.810989e-02,1.537722e-02,9.316289e-02,1.010756e-02
1.545380e-01,3.703143e-02,2.303685e-02,1.351363e-02,1.693729e-01,2.757458e-02,1.774048e-02,1.337841e-01,9.363630e-02,1.755891e-01,1.729412e-02,1.395260e-02,1.566224e-02,9.652610e-02,1.074754e-02
1.522474e-01,4.620545e-02,2.786549e-02,1.879643e-02,1.860816e-01,4.218398e-02,1.835716e-02,1.098140e-01,1.048744e-01,1.553482e-01,1.869649e-02,1.053416e-02,1.417529e-02,8.431901e-02,1.050093e-02
2.410560e-01,5.366127e-02,2.511179e-02,2.557661e-02,1.582575e-01,3.680085e-02,1.443980e-02,8.390829e-02,1.067921e-01,1.276015e-01,2.166329e-02,1.059123e-02,1.695099e-02,6.628547e-02,1.130317e-02
3.157933e-01,6.071595e-02,2.227449e-02,2.805082e-02,1.417466e-01,3.040550e-02,1.197952e-02,6.368992e-02,1.017807e-01,1.075808e-01,2.137272e-02,1.223692e-02,1.912567e-02,4.974661e-02,1.350058e-02
3.991260e-01,4.916120e-02,2.152086e-02,2.715532e-02,1.279911e-01,2.570988e-02,9.899120e-03,5.005347e-02,9.952110e-02,7.968260e-02,2.681606e-02,1.628776e-02,1.919392e-02,3.770791e-02,1.017369e-02
4.565319e-01,4.129400e-02,2.154173e-02,3.546320e-02,1.191016e-01,2.109267e-02,8.490851e-03,4.154322e-02,1.027815e-01,5.887446e-02,2.413453e-02,1.674661e-02,1.674484e-02,2.741920e-02,8.239676e-03
4.914503e-01,3.181711e-02,3.954035e-02,4.100028e-02,1.239633e-01,1.603932e-02,7.746349e-03,4.556153e-02,8.860781e-02,4.190123e-02,1.895831e-02,1.396923e-02,1.342429e-02,1.960764e-02,6.412961e-03
1.000000e+00,0.000000e+00,0.000000e+00,0.000000e+00,0.000000e+00,0.000000e+00,0.000000e+00,0.000000e+00,0.000000e+00,0.000000e+00,0.000000e+00,0.000000e+00,0.000000e+00,0.000000e+00,0.000000e+00
1.000000e+00,0.000000e+00,0.000000e+00,0.000000e+00,0.000000e+00,0.000000e+00,0.000000e+00,0.000000e+00,0.000000e+00,0.000000e+00,0.000000e+00,0.000000e+00,0.000000e+00,0.000000e+00,0.000000e+00
1.000000e+00,0.000000e+00,0.000000e+00,0.000000e+00,0.000000e+00,0.000000e+00,0.000000e+00,0.000000e+00,0.000000e+00,0.000000e+00,0.000000e+00,0.000000e+00,0.000000e+00,0.000000e+00,0.000000e+00
1.000000e+00,0.000000e+00,0.000000e+00,0.000000e+00,0.000000e+00,0.000000e+00,0.000000e+00,0.000000e+00,0.000000e+00,0.000000e+00,0.000000e+00,0.000000e+00,0.000000e+00,0.000000e+00,0.000000e+00
4.217946e-01,1.874539e-02,2.839749e-02,1.535780e-01,7.853944e-02,1.073061e-02,4.459318e-03,2.454077e-02,1.313721e-01,1.119994e-02,2.306213e-02,2.578817e-02,3.521999e-02,7.573975e-03,2.499804e-02
3.006189e-01,1.730083e-02,3.834175e-02,2.321385e-01,5.526281e-02,7.965228e-03,3.173791e-03,1.741257e-02,2.210565e-01,1.012304e-02,1.878808e-02,1.937554e-02,2.606698e-02,5.514577e-03,2.686096e-02
2.347396e-01,1.441158e-02,3.038375e-02,1.823843e-01,3.928785e-02,6.490842e-03,2.407246e-03,1.256040e-02,3.690157e-01,8.345155e-03,1.942317e-02,1.407966e-02,2.444069e-02,4.409160e-03,3.762098e-02
3.225101e-01,1.322873e-02,2.466934e-02,1.354331e-01,2.884989e-02,7.420485e-03,2.060618e-03,9.990256e-03,3.306456e-01,6.315107e-03,2.125390e-02,1.169543e-02,3.666988e-02,1.177512e-02,3.748251e-02
3.630624e-01,1.463419e-02,1.806605e-02,9.819337e-02,2.134983e-02,1.458625e-02,1.844622e-03,7.591519e-03,2.669350e-01,4.838962e-03,1.717398e-02,9.840475e-03,1.022179e-01,1.577055e-02,4.389491e-02
2.710112e-01,1.875593e-02,1.351141e-02,7.373805e-02,1.527813e-02,1.081780e-02,1.350908e-03,5.543240e-03,4.306477e-01,4.660239e-03,1.308085e-02,7.460745e-03,7.572252e-02,1.340981e-02,4.501146e-02
2.006939e-01,1.786682e-02,3.315000e-02,6.787509e-02,1.085630e-02,7.969144e-03,9.849976e-04,4.038597e-03,5.319247e-01,4.368896e-03,1.012678e-02,5.829614e-03,5.448965e-02,1.139309e-02,3.843245e-02
1.486917e-01,1.563935e-02,2.447332e-02,5.055641e-02,7.931053e-03,6.461451e-03,8.103089e-04,3.166765e-03,5.823018e-01,3.971980e-03,1.119774e-02,5.012115e-03,5.200611e-02,1.159306e-02,7.618690e-02
1.358679e-01,1.699122e-02,3.556740e-02,4.247342e-02,7.527449e-03,6.081541e-03,1.086726e-03,3.560501e-03,5.651188e-01,4.405309e-03,1.145820e-02,6.835658e-03,5.088606e-02,2.767090e-02,8.446889e-02
1.441211e-01,1.729432e-02,3.020782e-02,3.141999e-02,6.622460e-03,6.543501e-03,1.264727e-03,3.934656e-03,4.748987e-01,8.195622e-03,1.342207e-02,7.105131e-03,6.165072e-02,8.034887e-02,1.129703e-01
2.542416e-01,2.959458e-02,2.641294e-02,3.285318e-02,2.097726e-02,1.345649e-02,4.131102e-03,7.343207e-03,3.419980e-01,6.556349e-03,1.367528e-02,1.271484e-02,6.841201e-02,6.569564e-02,1.019374e-01
3.918520e-01,2.924349e-02,2.207499e-02,3.717986e-02,2.081333e-02,1.640079e-02,4.529645e-03,9.589117e-03,2.424403e-01,5.461365e-03,1.473263e-02,2.232798e-02,5.523103e-02,4.896789e-02,7.915558e-02
4.793571e-01,3.157969e-02,2.216564e-02,4.242213e-02,2.237132e-02,1.979604e-02,4.705838e-03,1.134241e-02,1.732826e-01,4.910452e-03,1.293362e-02,2.829012e-02,4.491303e-02,3.679698e-02,6.513306e-02
1.000000e+00,0.000000e+00,0.000000e+00,0.000000e+00,0.000000e+00,0.000000e+00,0.000000e+00,0.000000e+00,0.000000e+00,0.000000e+00,0.000000e+00,0.000000e+00,0.000000e+00,0.000000e+00,0.000000e+00
1.000000e+00,0.000000e+00,0.000000e+00,0.000000e+00,0.000000e+00,0.000000e+00,0.000000e+00,0.000000e+00,0.000000e+00,0.000000e+00,0.000000e+00,0.000000e+00,0.000000e+00,0.000000e+00,0.000000e+00
1.000000e+00,0.000000e+00,0.000000e+00,0.000000e+00,0.000000e+00,0.000000e+00,0.000000e+00,0.000000e+00,0.000000e+00,0.000000e+00,0.000000e+00,0.000000e+00,0.000000e+00,0.000000e+00,0.000000e+00
1.000000e+00,0.000000e+00,0.000000e+00,0.000000e+00,0.000000e+00,0.000000e+00,0.000000e+00,0.000000e+00,0.000000e+00,0.000000e+00,0.000000e+00,0.000000e+00,0.000000e+00,0.000000e+00,0.000000e+00
4.504187e-01,5.647466e-02,4.270375e-02,1.839096e-01,2.346446e-02,2.293351e-02,4.119026e-03,1.226806e-02,4.230395e-02,5.917265e-03,1.457132e-02,4.643995e-02,2.664684e-02,1.128952e-02,5.653937e-02
4.080819e-01,4.873181e-02,1.528547e-01,1.741882e-01,2.171209e-02,2.019865e-02,3.878160e-03,1.136494e-02,3.102317e-02,4.696608e-03,1.134474e-02,3.841626e-02,2.061384e-02,8.197374e-03,4.469762e-02
4.716767e-01,4.556876e-02,1.355111e-01,1.579286e-01,2.652007e-02,1.762104e-02,4.066172e-03,9.678763e-03,2.575066e-02,4.035926e-03,9.772514e-03,3.297921e-02,1.689997e-02,6.126113e-03,3.586438e-02
1.000000e+00,0.000000e+00,0.000000e+00,0.000000e+00,0.000000e+00,0.000000e+00,0.000000e+00,0.000000e+00,0.000000e+00,0.000000e+00,0.000000e+00,0.000000e+00,0.000000e+00,0.000000e+00,0.000000e+00
1.000000e+00,0.000000e+00,0.000000e+00,0.000000e+00,0.000000e+00,0.000000e+00,0.000000e+00,0.000000e+00,0.000000e+00,0.000000e+00,0.000000e+00,0.000000e+00,0.000000e+00,0.000000e+00,0.000000e+00
4.954295e-01,2.712646e-02,1.995698e-01,1.612455e-01,1.776130e-02,1.319384e-02,2.526849e-03,9.123437e-03,1.215382e-02,2.986373e-03,6.896414e-03,2.104978e-02,8.829742e-03,3.464919e-03,1.864238e-02
3.772149e-01,2.211524e-02,3.684604e-01,1.156031e-01,1.274631e-02,1.221307e-02,1.889939e-03,6.936230e-03,1.182691e-02,1.246329e-02,7.453201e-03,1.606308e-02,6.525160e-03,1.056399e-02,1.792519e-02
3.732453e-01,2.114344e-02,3.055496e-01,1.575828e-01,1.087123e-02,1.229495e-02,1.645136e-03,1.015884e-02,1.900790e-02,1.573515e-02,2.217381e-02,1.517414e-02,6.988700e-03,9.295466e-03,1.913355e-02
2.780505e-01,1.604814e-02,2.534009e-01,1.349454e-01,8.124529e-03,9.318185e-03,1.266515e-03,7.956342e-03,1.652719e-02,2.060210e-01,2.144085e-02,1.284564e-02,7.206744e-03,1.222340e-02,1.462477e-02
2.001982e-01,1.266773e-02,1.844952e-01,9.662560e-02,6.248403e-03,7.628701e-03,1.305181e-03,6.050570e-03,1.350676e-02,2.701045e-01,1.209640e-01,4.894106e-02,8.578867e-03,1.142020e-02,1.126510e-02
1.492141e-01,1.088005e-02,1.401885e-01,7.170408e-02,4.836477e-03,7.571350e-03,1.749348e-03,4.961573e-03,1.337824e-02,2.550994e-01,1.278120e-01,1.836732e-01,8.344055e-03,1.132765e-02,9.259976e-03
2.096115e-01,9.358063e-03,1.035360e-01,5.589996e-02,3.998328e-03,1.404710e-02,1.733200e-03,6.564756e-03,1.121710e-02,1.811121e-01,1.409290e-01,2.354552e-01,7.282585e-03,1.112511e-02,8.129974e-03
2.401136e-01,7.497162e-03,7.316470e-02,4.461745e-02,5.496278e-03,1.227272e-02,1.427660e-03,5.746684e-03,1.232951e-02,1.297617e-01,1.903847e-01,2.502646e-01,6.184558e-03,1.384870e-02,6.890030e-03
2.239418e-01,6.778638e-03,5.188038e-02,3.348183e-02,1.112707e-02,1.344225e-02,1.337300e-03,4.688541e-03,1.246060e-02,1.043437e-01,1.895017e-01,3.178040e-01,5.867257e-03,1.725117e-02,6.093834e-03
1.708831e-01,8.877672e-03,4.001291e-02,2.397909e-02,1.176441e-02,1.373771e-02,1.044934e-03,5.629512e-03,1.144439e-02,9.629121e-02,2.019933e-01,3.835067e-01,4.919106e-03,2.095127e-02,4.964636e-03
1.241210e-01,7.618623e-03,2.881158e-02,1.716240e-02,1.029367e-02,1.481390e-02,8.741833e-04,4.784816e-03,9.033062e-03,1.016899e-01,1.538000e-01,5.031146e-01,3.793898e-03,1.628169e-02,3.806674e-03
8.971389e-02,6.245746e-03,2.111967e-02,1.233458e-02,1.355415e-02,1.505832e-02,1.118128e-03,8.431201e-03,7.283140e-03,9.162413e-02,1.181122e-01,5.969554e-01,3.055044e-03,1.256035e-02,2.834029e-03
6.712343e-02,6.308931e-03,1.528619e-02,9.011270e-03,1.967078e-02,2.315739e-02,1.428012e-03,8.295067e-03,7.377770e-03,1.357275e-01,8.937138e-02,6.017614e-01,2.530277e-03,1.055783e-02,2.392845e-03
5.123505e-02,1.526204e-02,1.150005e-02,6.779883e-03,3.413830e-02,2.738032e-02,2.103981e-03,1.012737e-02,4.844094e-02,1.925751e-01,7.137893e-02,5.117300e-01,4.215811e-03,1.100829e-02,2.123931e-03
3.889664e-02,1.235698e-02,9.437790e-03,5.087106e-03,3.097526e-02,2.065401e-02,2.016427e-03,1.167080e-02,4.230646e-02,2.687837e-01,5.871361e-02,4.826377e-01,5.561205e-03,9.150994e-03,1.751351e-03
3.209730e-02,1.059173e-02,7.108070e-03,4.006478e-03,3.251643e-02,1.627170e-02,1.626478e-03,1.029249e-02,4.220834e-02,3.112936e-01,5.192471e-02,4.631863e-01,6.919970e-03,8.472036e-03,1.484358e-03
4.377233e-02,8.678453e-03,5.604234e-03,3.256678e-03,3.108880e-02,1.347571e-02,1.370907e-03,8.526720e-03,3.729862e-02,3.767228e-01,4.701545e-02,4.051957e-01,8.954311e-03,7.576339e-03,1.462927e-03
4.060500e-02,1.053357e-02,8.166553e-03,3.583543e-03,4.235075e-02,1.192948e-02,1.592494e-03,1.299767e-02,5.031772e-02,3.713368e-01,4.045862e-02,3.859716e-01,1.160086e-02,7.051002e-03,1.504229e-03
5.145441e-02,1.599343e-02,9.968583e-03,4.996359e-03,8.395597e-02,1.343468e-02,2.047552e-03,1.828052e-02,7.857293e-02,3.253866e-01,3.759313e-02,3.310305e-01,1.390129e-02,1.095464e-02,2.429469e-03
6.250578e-02,1.916978e-02,3.495012e-02,8.361476e-03,1.484725e-01,1.570984e-02,3.748532e-03,4.201914e-02,7.750954e-02,2.617321e-01,3.212987e-02,2.622992e-01,1.327580e-02,1.409830e-02,4.018029e-03
5.729042e-02,1.843893e-02,3.813829e-02,7.852728e-03,2.170086e-01,2.296467e-02,7.480029e-03,4.868912e-02,8.734043e-02,2.467269e-01,2.654141e-02,1.895564e-01,1.266054e-02,1.548118e-02,3.830393e-03
4.932275e-02,1.755648e-02,3.499173e-02,6.951198e-03,3.086812e-01,4.743841e-02,2.233591e-02,4.722533e-02,7.238540e-02,2.123456e-01,2.096432e-02,1.335980e-01,1.036856e-02,1.257712e-02,3.257938e-03
4.354229e-02,1.700700e-02,3.177539e-02,6.701869e-03,3.694649e-01,5.974734e-02,4.373766e-02,6.321806e-02,6.032694e-02,1.728542e-01,1.627093e-02,9.416404e-02,8.133151e-03,1.015381e-02,2.902463e-03
7.200823e-02,1.866204e-02,2.699243e-02,6.570289e-03,3.514435e-01,1.159117e-01,6.590502e-02,5.316556e-02,5.194806e-02,1.382371e-01,1.284296e-02,6.696537e-02,8.523516e-03,7.831778e-03,2.992382e-03
8.080624e-02,1.753023e-02,3.930968e-02,6.268342e-03,3.937160e-01,1.122414e-01,5.060568e-02,3.864872e-02,4.565918e-02,1.370486e-01,1.140591e-02,4.758904e-02,7.008329e-03,9.634145e-03,2.528482e-03
1.034320e-01,1.631610e-02,3.717727e-02,6.070545e-03,3.994298e-01,9.966461e-02,3.809143e-02,2.922056e-02,4.626231e-02,1.594043e-01,1.050677e-02,3.413944e-02,5.870423e-03,1.214518e-02,2.269245e-03
1.780283e-01,1.571825e-02,3.485206e-02,7.067308e-03,3.700457e-01,7.940229e-02,2.755667e-02,2.167192e-02,4.282200e-02,1.389875e-01,2.057551e-02,3.258484e-02,6.657974e-03,2.065410e-02,3.375574e-03
2.761193e-01,1.749772e-02,3.048517e-02,9.199454e-03,3.197816e-01,6.398796e-02,2.026964e-02,1.670909e-02,3.748382e-02,1.140177e-01,2.640270e-02,2.896803e-02,6.956030e-03,2.708782e-02,5.034032e-03
3.697736e-01,1.717381e-02,2.574886e-02,1.409382e-02,2.754793e-01,5.063367e-02,1.576904e-02,1.667369e-02,3.209823e-02,8.752187e-02,2.760135e-02,2.897900e-02,7.864820e-03,2.240005e-02,8.188965e-03
4.308559e-01,1.494150e-02,2.312858e-02,1.538737e-02,2.242333e-01,3.747976e-02,1.172296e-02,1.360600e-02,2.863119e-02,7.276256e-02,4.761178e-02,4.693661e-02,7.790798e-03,1.690564e-02,8.006046e-03
4.607517e-01,1.445353e-02,1.932104e-02,3.036308e-02,2.034272e-01,4.578722e-02,9.270585e-03,1.875342e-02,2.657899e-02,5.159004e-02,4.920050e-02,4.351134e-02,6.905956e-03,1.252540e-02,7.560093e-03
4.322088e-01,1.389042e-02,1.620388e-02,2.512696e-02,1.468623e-01,1.676494e-01,6.945038e-03,2.074874e-02,1.981548e-02,4.664581e-02,4.069176e-02,3.354806e-02,6.823666e-03,1.092379e-02,1.191594e-02
3.076981e-01,1.002561e-02,1.171255e-02,1.933078e-02,1.032049e-01,3.516562e-01,4.905730e-03,1.516538e-02,1.854066e-02,7.566862e-02,3.293498e-02,2.365488e-02,5.140559e-03,8.558395e-03,1.180261e-02
2.232691e-01,7.708204e-03,8.826936e-03,2.582508e-02,7.250228e-02,3.526069e-01,3.510404e-03,1.121478e-02,2.467301e-02,1.186660e-01,2.930739e-02,1.673231e-02,3.966249e-03,7.734096e-03,9.345731e-02
1.576175e-01,5.607711e-03,6.312486e-03,1.996587e-02,5.088672e-02,3.144094e-01,2.479714e-03,8.041224e-03,3.019091e-02,2.084414e-01,2.654145e-02,1.177968e-02,2.968619e-03,6.874216e-03,1.478831e-01
1.120563e-01,4.241592e-03,4.481988e-03,1.478372e-02,3.585457e-02,2.560304e-01,1.813875e-03,5.744418e-03,3.449333e-02,2.715198e-01,2.235457e-02,8.364195e-03,2.256756e-03,9.043578e-03,2.169610e-01
7.883171e-02,3.087886e-03,3.218408e-03,1.057077e-02,2.555155e-02,1.817112e-01,1.307032e-03,4.155539e-03,3.199834e-02,2.359254e-01,1.806085e-02,6.050242e-03,1.963218e-03,1.698634e-02,3.805816e-01
5.583208e-02,2.309385e-03,2.307397e-03,7.494904e-03,1.839753e-02,1.333984e-01,1.013893e-03,2.995281e-03,2.804054e-02,2.324640e-01,2.345764e-02,4.456033e-03,1.779485e-03,6.534805e-02,4.207053e-01
3.919956e-02,1.785751e-03,1.644512e-03,5.255154e-03,1.315583e-02,9.767026e-02,7.383822e-04,2.124466e-03,2.674150e-02,2.003066e-01,4.100791e-02,4.265602e-03,2.935942e-03,2.504407e-01,3.127278e-01
2.753452e-02,1.306289e-03,1.224612e-03,3.708266e-03,9.535228e-03,6.950029e-02,5.853953e-04,1.544213e-03,3.426270e-02,1.881474e-01,8.789133e-02,4.355050e-03,2.478388e-03,3.279223e-01,2.400039e-01
1.966146e-02,9.810543e-04,8.820494e-04,2.649561e-03,6.869634e-03,4.902274e-02,4.567831e-04,1.125712e-03,3.290334e-02,1.595962e-01,9.634433e-02,3.979969e-03,2.159849e-03,4.190995e-01,2.042678e-01
1.382765e-02,7.737646e-04,6.846194e-04,1.921226e-03,5.071547e-03,3.438509e-02,3.256832e-04,8.143029e-04,2.533667e-02,1.185939e-01,7.536470e-02,2.982435e-03,1.912853e-03,3.217859e-01,3.962197e-01
9.686863e-03,5.508681e-04,4.876200e-04,1.364727e-03,3.775430e-03,2.410582e-02,2.314438e-04,5.809890e-04,1.813885e-02,9.113262e-02,5.714083e-02,2.128373e-03,1.415279e-03,2.318282e-01,5.574322e-01
6.802753e-03,3.932369e-04,3.599282e-04,9.900889e-04,7.522409e-03,1.691589e-02,2.115286e-04,4.346347e-04,1.290922e-02,7.397085e-02,4.331240e-02,1.641775e-03,1.248871e-03,1.671283e-01,6.661582e-01
4.806639e-03,2.911382e-04,2.709463e-04,7.142166e-04,7.598729e-03,1.195399e-02,1.626569e-04,3.645660e-04,9.305448e-03,6.451979e-02,3.242917e-02,1.238235e-03,9.645300e-04,1.203392e-01,7.450408e-01
3.491640e-03,3.474868e-04,4.851218e-04,9.222007e-04,2.129162e-02,9.004198e-03,2.218684e-04,1.032769e-03,7.607399e-03,7.538568e-02,3.875589e-02,1.403745e-03,1.298543e-03,1.039516e-01,7.348002e-01
2.562579e-03,5.635849e-04,5.979413e-04,9.433824e-04,1.175115e-01,6.757968e-03,5.934966e-04,1.259535e-03,7.282084e-03,1.082531e-01,3.533306e-02,1.330676e-03,1.518930e-03,1.035147e-01,6.119775e-01
2.597377e-03,1.660491e-03,1.064496e-03,1.169882e-03,1.869347e-01,5.805251e-03,1.329612e-03,2.346531e-03,9.541493e-03,2.040057e-01,4.106355e-02,1.428674e-03,2.239640e-03,8.593621e-02,4.528764e-01
6.485052e-03,7.914965e-03,2.409416e-03,1.107191e-03,1.772180e-01,6.445421e-03,1.569371e-03,2.741539e-03,9.825027e-03,3.567411e-01,3.872348e-02,2.048501e-03,2.737142e-03,6.615786e-02,3.178759e-01
1.596951e-02,2.557402e-02,4.118133e-02,3.688944e-03,1.757619e-01,7.749329e-03,1.683504e-02,1.888834e-02,1.225721e-02,3.677530e-01,3.378600e-02,4.078626e-03,3.171116e-03,4.961584e-02,2.236898e-01
2.430189e-02,4.028159e-02,4.426791e-02,3.749390e-03,2.562667e-01,1.203370e-02,1.447565e-02,4.127360e-02,1.675051e-02,3.190173e-01,2.583041e-02,3.866183e-03,3.716697e-03,3.664068e-02,1.575279e-01
3.621162e-02,4.169441e-02,3.621200e-02,3.971616e-03,3.883995e-01,1.956673e-02,1.293839e-02,3.250455e-02,2.069779e-02,2.417268e-01,1.904534e-02,3.550940e-03,3.325866e-03,2.798629e-02,1.121683e-01
5.448321e-02,3.829380e-02,3.309274e-02,4.447188e-03,3.589170e-01,3.582449e-02,1.145774e-02,2.712000e-02,1.851002e-02,2.929159e-01,1.492450e-02,3.711578e-03,3.721096e-03,2.196334e-02,8.061742e-02
8.895241e-02,3.450215e-02,2.792896e-02,6.775342e-03,2.983506e-01,4.233359e-02,1.469533e-02,2.398919e-02,1.643758e-02,3.476329e-01,1.229911e-02,5.834858e-03,4.157635e-03,1.783754e-02,5.827285e-02
8.589952e-02,2.578827e-02,2.196145e-02,5.290156e-03,2.118816e-01,3.169519e-02,1.084341e-02,1.766272e-02,1.410106e-02,5.027089e-01,9.472257e-03,4.570828e-03,3.483992e-03,1.362889e-02,4.101190e-02
1.412682e-01,2.437820e-02,1.852129e-02,6.836178e-03,1.565554e-01,3.039734e-02,9.696168e-03,1.552045e-02,1.544144e-02,5.208857e-01,9.578820e-03,5.919991e-03,3.847199e-03,1.105892e-02,3.009473e-02
2.606960e-01,2.056986e-02,1.475000e-02,6.740529e-03,1.159486e-01,2.773691e-02,8.393764e-03,1.187372e-02,1.467660e-02,4.636252e-01,1.030456e-02,8.050811e-03,5.092297e-03,9.188790e-03,2.235248e-02
3.756932e-01,1.660837e-02,1.222705e-02,7.211238e-03,8.660845e-02,2.401328e-02,7.029159e-03,9.177879e-03,1.377058e-02,3.988715e-01,9.369367e-03,8.941786e-03,5.128812e-03,8.169102e-03,1.718029e-02
1.000000e+00,0.000000e+00,0.000000e+00,0.000000e+00,0.000000e+00,0.000000e+00,0.000000e+00,0.000000e+00,0.000000e+00,0.000000e+00,0.000000e+00,0.000000e+00,0.000000e+00,0.000000e+00,0.000000e+00
1.000000e+00,0.000000e+00,0.000000e+00,0.000000e+00,0.000000e+00,0.000000e+00,0.000000e+00,0.000000e+00,0.000000e+00,0.000000e+00,0.000000e+00,0.000000e+00,0.000000e+00,0.000000e+00,0.000000e+00
3.752046e-01,8.170058e-03,8.254155e-03,1.572588e-02,9.552773e-02,1.323940e-02,6.804948e-03,2.930346e-01,8.143590e-03,1.494826e-01,5.146403e-03,5.990717e-03,4.091850e-03,3.855527e-03,7.327957e-03
3.537818e-01,6.450715e-03,7.565681e-03,1.281156e-02,2.350331e-01,1.224727e-02,6.690177e-03,2.171771e-01,6.013288e-03,1.060038e-01,1.502883e-02,5.386092e-03,4.888112e-03,3.858183e-03,7.064229e-03
3.125595e-01,4.979127e-03,5.844786e-03,1.039341e-02,3.576521e-01,1.050046e-02,5.772995e-03,1.550420e-01,4.957492e-03,7.734472e-02,2.833587e-02,5.170969e-03,5.168849e-03,3.586976e-03,1.269069e-02
4.233264e-01,4.019490e-03,4.322247e-03,9.235015e-03,3.186562e-01,8.793318e-03,4.488361e-03,1.096828e-01,4.233901e-03,5.571704e-02,2.755371e-02,7.170726e-03,6.499480e-03,3.267586e-03,1.303373e-02
1.000000e+00,0.000000e+00,0.000000e+00,0.000000e+00,0.000000e+00,0.000000e+00,0.000000e+00,0.000000e+00,0.000000e+00,0.000000e+00,0.000000e+00,0.000000e+00,0.000000e+00,0.000000e+00,0.000000e+00
1.000000e+00,0.000000e+00,0.000000e+00,0.000000e+00,0.000000e+00,0.000000e+00,0.000000e+00,0.000000e+00,0.000000e+00,0.000000e+00,0.000000e+00,0.000000e+00,0.000000e+00,0.000000e+00,0.000000e+00
1.000000e+00,0.000000e+00,0.000000e+00,0.000000e+00,0.000000e+00,0.000000e+00,0.000000e+00,0.000000e+00,0.000000e+00,0.000000e+00,0.000000e+00,0.000000e+00,0.000000e+00,0.000000e+00,0.000000e+00
1.000000e+00,0.000000e+00,0.000000e+00,0.000000e+00,0.000000e+00,0.000000e+00,0.000000e+00,0.000000e+00,0.000000e+00,0.000000e+00,0.000000e+00,0.000000e+00,0.000000e+00,0.000000e+00,0.000000e+00
1.000000e+00,0.000000e+00,0.000000e+00,0.000000e+00,0.000000e+00,0.000000e+00,0.000000e+00,0.000000e+00,0.000000e+00,0.000000e+00,0.000000e+00,0.000000e+00,0.000000e+00,0.000000e+00,0.000000e+00
1.000000e+00,0.000000e+00,0.000000e+00,0.000000e+00,0.000000e+00,0.000000e+00,0.000000e+00,0.000000e+00,0.000000e+00,0.000000e+00,0.000000e+00,0.000000e+00,0.000000e+00,0.000000e+00,0.000000e+00
4.642449e-01,9.229388e-03,7.358399e-03,1.282362e-02,9.659126e-02,1.856201e-01,3.533768e-03,1.444289e-02,5.902388e-03,1.567896e-02,8.150783e-02,1.142438e-02,6.688887e-03,3.054878e-02,5.440441e-02
3.291010e-01,9.091902e-02,2.268523e-02,1.235939e-01,6.962267e-02,1.338194e-01,2.618280e-03,1.024600e-02,1.197535e-02,1.481581e-02,7.411420e-02,9.851335e-03,6.198671e-03,2.364059e-02,7.679854e-02
2.324404e-01,7.849262e-02,2.571177e-02,9.877107e-02,4.916597e-02,2.063942e-01,1.917867e-03,7.213419e-03,1.441156e-02,7.545917e-02,7.929713e-02,9.932044e-03,5.293517e-03,2.002204e-02,9.547713e-02
1.637023e-01,6.243182e-02,2.204888e-02,7.400633e-02,3.454062e-02,1.594554e-01,1.380005e-03,5.171978e-03,3.196192e-02,2.307782e-01,1.026767e-01,1.225884e-02,5.461253e-03,1.969767e-02,7.442801e-02
1.160205e-01,5.767209e-02,7.824530e-02,6.422526e-02,2.502566e-02,1.169980e-01,1.041845e-03,3.934601e-03,5.912691e-02,2.491763e-01,1.056039e-01,1.127304e-02,5.347493e-03,2.362713e-02,8.268189e-02
8.311386e-02,4.338543e-02,9.002601e-02,4.742291e-02,1.810928e-02,8.385652e-02,7.861546e-04,2.968537e-03,4.684583e-02,3.900517e-01,7.801475e-02,8.291164e-03,4.782329e-03,1.803040e-02,8.431508e-02
6.224499e-02,3.435295e-02,1.796885e-01,3.471597e-02,1.343462e-02,6.014290e-02,6.761965e-04,2.996068e-03,4.186836e-02,4.002678e-01,5.595950e-02,6.136743e-03,4.864583e-03,1.365934e-02,8.899143e-02
5.100483e-02,2.607399e-02,1.366213e-01,2.448527e-02,1.010759e-02,4.404874e-02,6.185387e-04,2.464655e-03,3.667362e-02,4.777346e-01,3.996642e-02,4.454654e-03,4.962496e-03,1.192370e-02,1.288595e-01
