1.000000e+00,0.000000e+00,0.000000e+00,0.000000e+00,0.000000e+00,0.000000e+00,0.000000e+00,0.000000e+00,0.000000e+00,0.000000e+00,0.000000e+00,0.000000e+00,0.000000e+00,0.000000e+00,0.000000e+00
1.000000e+00,0.000000e+00,0.000000e+00,0.000000e+00,0.000000e+00,0.000000e+00,0.000000e+00,0.000000e+00,0.000000e+00,0.000000e+00,0.000000e+00,0.000000e+00,0.000000e+00,0.000000e+00,0.000000e+00
1.000000e+00,0.000000e+00,0.000000e+00,0.000000e+00,0.000000e+00,0.000000e+00,0.000000e+00,0.000000e+00,0.000000e+00,0.000000e+00,0.000000e+00,0.000000e+00,0.000000e+00,0.000000e+00,0.000000e+00
1.000000e+00,0.000000e+00,0.000000e+00,0.000000e+00,0.000000e+00,0.000000e+00,0.000000e+00,0.000000e+00,0.000000e+00,0.000000e+00,0.000000e+00,0.000000e+00,0.000000e+00,0.000000e+00,0.000000e+00
1.000000e+00,0.000000e+00,0.000000e+00,0.000000e+00,0.000000e+00,0.000000e+00,0.000000e+00,0.000000e+00,0.000000e+00,0.000000e+00,0.000000e+00,0.000000e+00,0.000000e+00,0.000000e+00,0.000000e+00
1.000000e+00,0.000000e+00,0.000000e+00,0.000000e+00,0.000000e+00,0.000000e+00,0.000000e+00,0.000000e+00,0.000000e+00,0.000000e+00,0.000000e+00,0.000000e+00,0.000000e+00,0.000000e+00,0.000000e+00
1.000000e+00,0.000000e+00,0.000000e+00,0.000000e+00,0.000000e+00,0.000000e+00,0.000000e+00,0.000000e+00,0.000000e+00,0.000000e+00,0.000000e+00,0.000000e+00,0.000000e+00,0.000000e+00,0.000000e+00
1.000000e+00,0.000000e+00,0.000000e+00,0.000000e+00,0.000000e+00,0.000000e+00,0.000000e+00,0.000000e+00,0.000000e+00,0.000000e+00,0.000000e+00,0.000000e+00,0.000000e+00,0.000000e+00,0.000000e+00
1.000000e+00,0.000000e+00,0.000000e+00,0.000000e+00,0.000000e+00,0.000000e+00,0.000000e+00,0.000000e+00,0.000000e+00,0.000000e+00,0.000000e+00,0.000000e+00,0.000000e+00,0.000000e+00,0.000000e+00
1.000000e+00,0.000000e+00,0.000000e+00,0.000000e+00,0.000000e+00,0.000000e+00,0.000000e+00,0.000000e+00,0.000000e+00,0.000000e+00,0.000000e+00,0.000000e+00,0.000000e+00,0.000000e+00,0.000000e+00
1.000000e+00,0.000000e+00,0.000000e+00,0.000000e+00,0.000000e+00,0.000000e+00,0.000000e+00,0.000000e+00,0.000000e+00,0.000000e+00,0.000000e+00,0.000000e+00,0.000000e+00,0.000000e+00,0.000000e+00
1.000000e+00,0.000000e+00,0.000000e+00,0.000000e+00,0.000000e+00,0.000000e+00,0.000000e+00,0.000000e+00,0.000000e+00,0.000000e+00,0.000000e+00,0.000000e+00,0.000000e+00,0.000000e+00,0.000000e+00
1.000000e+00,0.000000e+00,0.000000e+00,0.000000e+00,0.000000e+00,0.000000e+00,0.000000e+00,0.000000e+00,0.000000e+00,0.000000e+00,0.000000e+00,0.000000e+00,0.000000e+00,0.000000e+00,0.000000e+00
1.000000e+00,0.000000e+00,0.000000e+00,0.000000e+00,0.000000e+00,0.000000e+00,0.000000e+00,0.000000e+00,0.000000e+00,0.000000e+00,0.000000e+00,0.000000e+00,0.000000e+00,0.000000e+00,0.000000e+00
4.242230e-01,1.974347e-02,2.366203e-02,5.799741e-02,1.919645e-02,2.750438e-01,3.510061e-03,5.718854e-02,5.968607e-03,2.229623e-03,5.235243e-02,2.753993e-02,1.305856e-02,7.477008e-03,1.080896e-02
3.570972e-01,1.484940e-02,1.986630e-02,4.560035e-02,1.756349e-02,3.356334e-01,2.893647e-03,4.336917e-02,1.359897e-02,3.881409e-02,4.832802e-02,2.019244e-02,1.009967e-02,9.895360e-03,2.219837e-02
2.843140e-01,1.550753e-02,1.618431e-02,4.487840e-02,1.438866e-02,3.090469e-01,3.531248e-03,3.269017e-02,1.038922e-01,4.743511e-02,5.028234e-02,1.632891e-02,1.138057e-02,1.398086e-02,3.615871e-02
2.035245e-01,1.247783e-02,1.151614e-02,3.926968e-02,1.164344e-02,2.479402e-01,2.663386e-03,2.356038e-02,2.729647e-01,3.767920e-02,4.963843e-02,1.198916e-02,1.106427e-02,1.788853e-02,4.618011e-02
2.627403e-01,9.781288e-03,8.343311e-03,2.968075e-02,1.562892e-02,2.010718e-01,2.443625e-03,1.747476e-02,2.763933e-01,2.983519e-02,5.142465e-02,9.416488e-03,1.586674e-02,2.305764e-02,4.684123e-02
3.503177e-01,9.274583e-03,6.751289e-03,2.894520e-02,1.693345e-02,1.561360e-01,3.048168e-03,1.911298e-02,2.457103e-01,2.289192e-02,4.358976e-02,1.038032e-02,2.081569e-02,2.751677e-02,3.857576e-02
3.737587e-01,7.773493e-03,5.635011e-03,2.261191e-02,1.376882e-02,1.142794e-01,3.041914e-03,1.613964e-02,2.890722e-01,1.952061e-02,3.253935e-02,1.068226e-02,1.946163e-02,3.662627e-02,3.508876e-02
4.550804e-01,6.919438e-03,4.567566e-03,1.770563e-02,1.019452e-02,8.360188e-02,3.255369e-03,1.283310e-02,2.525178e-01,1.717870e-02,2.458414e-02,1.084731e-02,1.745006e-02,4.305295e-02,4.021110e-02
1.000000e+00,0.000000e+00,0.000000e+00,0.000000e+00,0.000000e+00,0.000000e+00,0.000000e+00,0.000000e+00,0.000000e+00,0.000000e+00,0.000000e+00,0.000000e+00,0.000000e+00,0.000000e+00,0.000000e+00
1.000000e+00,0.000000e+00,0.000000e+00,0.000000e+00,0.000000e+00,0.000000e+00,0.000000e+00,0.000000e+00,0.000000e+00,0.000000e+00,0.000000e+00,0.000000e+00,0.000000e+00,0.000000e+00,0.000000e+00
1.000000e+00,0.000000e+00,0.000000e+00,0.000000e+00,0.000000e+00,0.000000e+00,0.000000e+00,0.000000e+00,0.000000e+00,0.000000e+00,0.000000e+00,0.000000e+00,0.000000e+00,0.000000e+00,0.000000e+00
4.354009e-01,6.351091e-03,5.299059e-03,1.545817e-02,4.847649e-03,5.178867e-02,4.679996e-03,6.045084e-03,1.772738e-01,2.150402e-02,3.218167e-02,1.872085e-02,1.302314e-02,1.541209e-01,5.330492e-02
3.693038e-01,9.140613e-03,7.039077e-03,1.252310e-02,6.343381e-03,4.317576e-02,3.618711e-03,4.850595e-03,1.902080e-01,3.886007e-02,2.815346e-02,1.482127e-02,1.151250e-02,1.845841e-01,7.586557e-02
3.528233e-01,2.373490e-02,3.250562e-02,1.216098e-02,7.848290e-03,4.240027e-02,3.247376e-03,4.666707e-03,1.668472e-01,4.050717e-02,2.545712e-02,1.424892e-02,1.073682e-02,1.797327e-01,8.308266e-02
2.870341e-01,3.096372e-02,2.498595e-02,1.068616e-02,1.737534e-02,3.346892e-02,2.631100e-03,3.959708e-03,2.225041e-01,3.619549e-02,2.030657e-02,1.152948e-02,1.056058e-02,1.783623e-01,1.094365e-01
2.111117e-01,5.363163e-02,1.807248e-02,9.556768e-03,1.497711e-02,2.757713e-02,1.900456e-03,2.918789e-03,3.246378e-01,3.225084e-02,1.521603e-02,8.360472e-03,9.264814e-03,1.297832e-01,1.407407e-01
1.490824e-01,4.354021e-02,1.375448e-02,1.253960e-02,1.247206e-02,1.990256e-02,1.345780e-03,2.134797e-03,4.298002e-01,3.267280e-02,1.155571e-02,5.928735e-03,6.822476e-03,9.279763e-02,1.656506e-01
1.100243e-01,3.607928e-02,1.084390e-02,1.285849e-02,1.064022e-02,1.458076e-02,9.601259e-04,1.593321e-03,4.396320e-01,3.929713e-02,9.275742e-03,4.272121e-03,5.361131e-03,6.843559e-02,2.361459e-01
8.702498e-02,3.224496e-02,9.768907e-03,1.198770e-02,1.715426e-02,1.203031e-02,7.469320e-04,1.605140e-03,3.971605e-01,3.877163e-02,9.007622e-03,3.330777e-03,4.558771e-03,5.975620e-02,3.148513e-01
6.335675e-02,2.588538e-02,7.586140e-03,1.918847e-02,1.530408e-02,8.831998e-03,5.688453e-04,1.806166e-03,4.956829e-01,3.160953e-02,7.998028e-03,2.487942e-03,3.514652e-03,4.302346e-02,2.731557e-01
5.008166e-02,2.259801e-02,3.902498e-02,7.868490e-02,1.486025e-02,7.205337e-03,4.836989e-04,3.116955e-03,4.528983e-01,2.814015e-02,1.231198e-02,1.914161e-03,3.130597e-03,3.308744e-02,2.524616e-01
5.129030e-02,1.966419e-02,4.406271e-02,9.209114e-02,1.371391e-02,8.027904e-03,4.205616e-04,2.918473e-03,4.398433e-01,3.011817e-02,1.506357e-02,2.029497e-03,3.956203e-03,2.462458e-02,2.521755e-01
6.322511e-02,2.250994e-02,4.074864e-02,7.952206e-02,1.888705e-02,7.181768e-03,4.088465e-04,3.901525e-03,4.137424e-01,2.470833e-02,2.152607e-02,2.034798e-03,4.709591e-03,2.054895e-02,2.763450e-01
7.025210e-02,2.486491e-02,4.886940e-02,1.053579e-01,1.934843e-02,6.691011e-03,8.110080e-04,6.222143e-03,3.489764e-01,2.139818e-02,1.916750e-02,2.941336e-03,5.662212e-03,1.851897e-02,3.009186e-01
1.054944e-01,3.206387e-02,5.575627e-02,1.074498e-01,2.066153e-02,2.874104e-02,1.123110e-03,8.644379e-03,2.916616e-01,2.061556e-02,1.574962e-02,3.383278e-03,5.165114e-03,1.881927e-02,2.846712e-01
1.198892e-01,3.664795e-02,6.287303e-02,1.776927e-01,3.511470e-02,3.095515e-02,1.747829e-03,1.756203e-02,2.468579e-01,1.812542e-02,1.285304e-02,3.364347e-03,4.341075e-03,1.412637e-02,2.178493e-01
1.696375e-01,4.735218e-02,6.596980e-02,2.168976e-01,4.385863e-02,4.701298e-02,2.157293e-03,1.691780e-02,1.892636e-01,1.445393e-02,1.183181e-02,2.737285e-03,3.536372e-03,1.120997e-02,1.571633e-01
2.824848e-01,4.876957e-02,5.304261e-02,1.910610e-01,5.224430e-02,4.509713e-02,2.602498e-03,1.858391e-02,1.484407e-01,1.095114e-02,1.163384e-02,3.827324e-03,3.739463e-03,1.030355e-02,1.172182e-01
3.781231e-01,4.140205e-02,5.640610e-02,1.897838e-01,4.747555e-02,3.535036e-02,2.772524e-03,1.519545e-02,1.082019e-01,8.549724e-03,1.053855e-02,6.580424e-03,5.278891e-03,9.044914e-03,8.529668e-02
3.848999e-01,4.813458e-02,4.809311e-02,1.518306e-01,6.683695e-02,9.123787e-02,3.120324e-03,1.381169e-02,8.411473e-02,6.899602e-03,1.171200e-02,7.158233e-03,5.087501e-03,9.866774e-03,6.719619e-02
3.919270e-01,4.107071e-02,3.775181e-02,1.137294e-01,8.618356e-02,1.589482e-01,3.390836e-03,1.699395e-02,6.243629e-02,5.562617e-03,9.442416e-03,5.483703e-03,5.757208e-03,1.160149e-02,4.972077e-02
3.413034e-01,3.466849e-02,3.310436e-02,8.706424e-02,8.295216e-02,2.516732e-01,4.234825e-03,1.317984e-02,4.488463e-02,1.155561e-02,7.313058e-03,4.224890e-03,4.710316e-03,1.196400e-02,6.716697e-02
2.463962e-01,2.810185e-02,2.482587e-02,6.279660e-02,6.018661e-02,2.633548e-01,3.175593e-03,9.370504e-03,3.620806e-02,1.001490e-01,6.002678e-03,3.065220e-03,3.586669e-03,2.087558e-02,1.319048e-01
1.747840e-01,2.147458e-02,1.771328e-02,4.419147e-02,4.375211e-02,2.136534e-01,2.483237e-03,6.603003e-03,4.274363e-02,1.309902e-01,5.275947e-03,2.657374e-03,3.373459e-03,4.407717e-02,2.462271e-01
1.326843e-01,1.565602e-02,1.251560e-02,3.112947e-02,3.217411e-02,1.576565e-01,1.960475e-03,4.750720e-03,4.408532e-02,1.389333e-01,5.390977e-03,2.867099e-03,4.117846e-03,9.746043e-02,3.186179e-01
9.534305e-02,1.105003e-02,8.813090e-03,2.182135e-02,2.500891e-02,1.107991e-01,1.447572e-03,3.405128e-03,5.417460e-02,1.401171e-01,7.887363e-03,2.226079e-03,5.040528e-03,2.514751e-01,2.613911e-01
7.015775e-02,7.879562e-03,6.230497e-03,1.535580e-02,1.767043e-02,7.791952e-02,1.040524e-03,2.397511e-03,2.329179e-01,1.072633e-01,6.317725e-03,1.749505e-03,3.691351e-03,1.998492e-01,2.495594e-01
5.717975e-02,5.947231e-03,4.502590e-03,1.100285e-02,1.265084e-02,5.572436e-02,8.456107e-04,1.738462e-03,3.650227e-01,9.034906e-02,6.042300e-03,1.623574e-03,3.205393e-03,1.691079e-01,2.150574e-01
4.336616e-02,4.435326e-03,3.185760e-03,7.873234e-03,9.691009e-03,3.954948e-02,7.285241e-04,1.305079e-03,4.158628e-01,7.201892e-02,1.631393e-02,2.341231e-03,5.093649e-03,1.980024e-01,1.802326e-01
3.483193e-02,3.180895e-03,2.257704e-03,5.644666e-03,7.256666e-03,2.886291e-02,6.210714e-04,9.842471e-04,3.463159e-01,9.632328e-02,2.106526e-02,2.995397e-03,5.400034e-03,3.054095e-01,1.388506e-01
3.306200e-02,2.425511e-03,1.903004e-03,4.100814e-03,5.729239e-03,2.236637e-02,8.314554e-04,8.264474e-04,2.564271e-01,2.096474e-01,2.813340e-02,3.709340e-03,6.347556e-03,2.910896e-01,1.334009e-01
2.458552e-02,2.361122e-03,1.604165e-03,2.978071e-03,4.886997e-03,1.627905e-02,6.988994e-04,6.779601e-04,1.905246e-01,3.453627e-01,4.037341e-02,3.241598e-03,7.765885e-03,2.226960e-01,1.359641e-01
1.794661e-02,2.307362e-03,1.387574e-03,2.617287e-03,4.590945e-03,1.191291e-02,7.090881e-04,1.356717e-03,1.600844e-01,3.829672e-01,4.063568e-02,3.590198e-03,8.785831e-03,1.961388e-01,1.649694e-01
1.336642e-02,8.851755e-03,7.266148e-03,2.984738e-03,5.604356e-03,9.076723e-03,5.583663e-04,1.794195e-03,1.513506e-01,2.997451e-01,1.136805e-01,4.187209e-03,1.143426e-02,1.991760e-01,1.709237e-01
1.061052e-02,1.038384e-02,7.904672e-03,8.088824e-03,7.474603e-03,8.386959e-03,4.179573e-04,8.067076e-03,2.800265e-01,2.252641e-01,1.125915e-01,3.954449e-03,1.240767e-02,1.610506e-01,1.433707e-01
9.668832e-03,1.977375e-02,1.777639e-02,1.382045e-02,1.931255e-02,8.681803e-03,3.753469e-04,1.720498e-02,3.166331e-01,1.793678e-01,1.308240e-01,6.306046e-03,1.548467e-02,1.277918e-01,1.169785e-01
1.743896e-02,3.237005e-02,2.532004e-02,1.306151e-02,2.812034e-02,9.649259e-03,3.503251e-04,1.609370e-02,3.312425e-01,1.459716e-01,1.115650e-01,6.499276e-03,1.559585e-02,1.161013e-01,1.306203e-01
1.649123e-02,3.204511e-02,2.327115e-02,1.049608e-02,2.763268e-02,1.142046e-02,3.139435e-04,1.395322e-02,3.641458e-01,1.185084e-01,9.042308e-02,5.494857e-03,1.402048e-02,1.501871e-01,1.215964e-01
4.091785e-02,3.473813e-02,4.534408e-02,2.722215e-02,3.138917e-02,1.018312e-02,1.306932e-03,2.791811e-02,3.217644e-01,9.371375e-02,8.003332e-02,6.957048e-03,1.611772e-02,1.688060e-01,9.358826e-02
1.091513e-01,3.247488e-02,3.801868e-02,2.234633e-02,2.619858e-02,9.302928e-03,1.809448e-03,2.889873e-02,2.962533e-01,7.333245e-02,6.394038e-02,6.124991e-03,1.500426e-02,2.035691e-01,7.357458e-02
1.142795e-01,2.864071e-02,7.842482e-02,2.147488e-02,5.685832e-02,9.045653e-03,4.616362e-03,5.606031e-02,2.325202e-01,5.477491e-02,4.975807e-02,4.698040e-03,1.257425e-02,2.216483e-01,5.462578e-02
9.634887e-02,2.936351e-02,2.157072e-01,4.193185e-02,9.012175e-02,7.215394e-03,4.387388e-03,5.580944e-02,1.705362e-01,3.886283e-02,3.563122e-02,3.407513e-03,9.258522e-03,1.619892e-01,3.942913e-02
8.248629e-02,4.933242e-02,2.831852e-01,4.206722e-02,1.443693e-01,5.952793e-03,4.806347e-03,5.361037e-02,1.268185e-01,2.778292e-02,2.527268e-02,2.439273e-03,6.642307e-03,1.154543e-01,2.978001e-02
1.070442e-01,6.909765e-02,2.204085e-01,5.315830e-02,2.314515e-01,8.603441e-03,6.723433e-03,5.031655e-02,1.015627e-01,2.119222e-02,1.814100e-02,1.817256e-03,4.915188e-03,8.214834e-02,2.341964e-02
1.165581e-01,6.582625e-02,1.793815e-01,1.660853e-01,2.043704e-01,7.157190e-03,5.456301e-03,4.223132e-02,9.172248e-02,2.165816e-02,1.347894e-02,1.434797e-03,3.682847e-03,5.783765e-02,2.311860e-02
1.799252e-01,5.788983e-02,1.409062e-01,1.534120e-01,2.291314e-01,6.894046e-03,4.830942e-03,5.294313e-02,7.923653e-02,1.892715e-02,1.049142e-02,1.548216e-03,3.235962e-03,4.122126e-02,1.940658e-02
2.191350e-01,5.233087e-02,1.223768e-01,1.378528e-01,2.536522e-01,1.579523e-02,5.044690e-03,5.796943e-02,5.976498e-02,1.472212e-02,8.401735e-03,2.519549e-03,3.242912e-03,2.994380e-02,1.724793e-02
2.434555e-01,4.734986e-02,1.447441e-01,1.076514e-01,2.780446e-01,1.762827e-02,4.117786e-03,5.129012e-02,4.556774e-02,1.131768e-02,6.400862e-03,2.204299e-03,2.787637e-03,2.232023e-02,1.511998e-02
2.799638e-01,4.624074e-02,1.206689e-01,1.454743e-01,2.387650e-01,1.701656e-02,4.268741e-03,5.082482e-02,3.752038e-02,9.212624e-03,6.227899e-03,5.599832e-03,2.776247e-03,1.665288e-02,1.878728e-02
3.211167e-01,4.509890e-02,1.044988e-01,1.369474e-01,2.257029e-01,1.631306e-02,4.784461e-03,6.522258e-02,3.178213e-02,7.060706e-03,5.100349e-03,5.465291e-03,2.530979e-03,1.232385e-02,1.605199e-02
3.920719e-01,4.440765e-02,8.706000e-02,1.079225e-01,2.148386e-01,1.771509e-02,7.939540e-03,5.741978e-02,2.427674e-02,5.608292e-03,4.385637e-03,7.368403e-03,3.107517e-03,9.383141e-03,1.649518e-02
4.529397e-01,3.978159e-02,8.695266e-02,1.142211e-01,1.713254e-01,1.480107e-02,6.763335e-03,5.017724e-02,1.837839e-02,4.553901e-03,3.911760e-03,7.460028e-03,3.047607e-03,7.135109e-03,1.855119e-02
4.895187e-01,3.061570e-02,7.295829e-02,1.021435e-01,1.410059e-01,1.311630e-02,6.387834e-03,9.183295e-02,1.374744e-02,3.524485e-03,4.151206e-03,7.684258e-03,3.272431e-03,5.399460e-03,1.464163e-02
3.507436e-01,2.223202e-02,5.206038e-02,7.446455e-02,1.057500e-01,1.015415e-02,4.660291e-03,3.417014e-01,9.951868e-03,2.482579e-03,3.492816e-03,5.585859e-03,2.596361e-03,3.809590e-03,1.031450e-02
2.515780e-01,1.597845e-02,3.696598e-02,5.395253e-02,7.737182e-02,7.380521e-03,3.325000e-03,5.258344e-01,7.043005e-03,1.751716e-03,2.852905e-03,3.989546e-03,2.022364e-03,2.690199e-03,7.263563e-03
1.963337e-01,1.153519e-02,2.615775e-02,3.842747e-02,6.236284e-02,5.600320e-03,2.504268e-03,6.367548e-01,5.076801e-03,1.259391e-03,2.396009e-03,2.941078e-03,1.558892e-03,1.918883e-03,5.172628e-03
1.595733e-01,8.149300e-03,1.844371e-02,2.732719e-02,5.037490e-02,4.490741e-03,1.927375e-03,7.139938e-01,3.882659e-03,9.130954e-04,2.139530e-03,2.417066e-03,1.349914e-03,1.363388e-03,3.653965e-03
1.662144e-01,5.759328e-03,1.299690e-02,2.057008e-02,3.635910e-02,4.166671e-03,1.427216e-03,7.303937e-01,2.945032e-03,7.873563e-04,5.208117e-03,5.994004e-03,3.518771e-03,1.045408e-03,2.613928e-03
1.922718e-01,5.197216e-03,1.016750e-02,6.096754e-02,2.942714e-02,4.293437e-03,1.058965e-03,6.238169e-01,3.198332e-03,1.556372e-03,2.316559e-02,2.470397e-02,1.684504e-02,1.094689e-03,2.235508e-03
2.196262e-01,5.797273e-03,8.767495e-03,8.379994e-02,2.430991e-02,4.822144e-03,9.195600e-04,4.773420e-01,1.575836e-02,5.060968e-03,6.912315e-02,3.438187e-02,4.197726e-02,2.264892e-03,6.048932e-03
2.898477e-01,4.966429e-03,7.348108e-03,7.122734e-02,2.141263e-02,4.606698e-03,9.892581e-04,4.143327e-01,1.960547e-02,4.180639e-03,7.456163e-02,3.317175e-02,4.521314e-02,2.288470e-03,6.248077e-03
3.235702e-01,5.814591e-03,1.368898e-02,1.244212e-01,1.981357e-02,8.285526e-03,1.138970e-03,3.223864e-01,3.442180e-02,4.408414e-03,6.496529e-02,3.014725e-02,3.758666e-02,2.265055e-03,7.086171e-03
4.212265e-01,6.080155e-03,1.181119e-02,1.020138e-01,1.628167e-02,8.758990e-03,1.017636e-03,2.579916e-01,4.072709e-02,3.944817e-03,5.528640e-02,3.036222e-02,3.231180e-02,2.600429e-03,9.585800e-03
4.689246e-01,7.352091e-03,1.064210e-02,9.263106e-02,1.751119e-02,1.122772e-02,1.641981e-03,2.195661e-01,4.468716e-02,3.505656e-03,4.622325e-02,3.233409e-02,3.121187e-02,2.445003e-03,1.009618e-02
1.000000e+00,0.000000e+00,0.000000e+00,0.000000e+00,0.000000e+00,0.000000e+00,0.000000e+00,0.000000e+00,0.000000e+00,0.000000e+00,0.000000e+00,0.000000e+00,0.000000e+00,0.000000e+00,0.000000e+00
1.000000e+00,0.000000e+00,0.000000e+00,0.000000e+00,0.000000e+00,0.000000e+00,0.000000e+00,0.000000e+00,0.000000e+00,0.000000e+00,0.000000e+00,0.000000e+00,0.000000e+00,0.000000e+00,0.000000e+00
1.000000e+00,0.000000e+00,0.000000e+00,0.000000e+00,0.000000e+00,0.000000e+00,0.000000e+00,0.000000e+00,0.000000e+00,0.000000e+00,0.000000e+00,0.000000e+00,0.000000e+00,0.000000e+00,0.000000e+00
1.000000e+00,0.000000e+00,0.000000e+00,0.000000e+00,0.000000e+00,0.000000e+00,0.000000e+00,0.000000e+00,0.000000e+00,0.000000e+00,0.000000e+00,0.000000e+00,0.000000e+00,0.000000e+00,0.000000e+00
1.000000e+00,0.000000e+00,0.000000e+00,0.000000e+00,0.000000e+00,0.000000e+00,0.000000e+00,0.000000e+00,0.000000e+00,0.000000e+00,0.000000e+00,0.000000e+00,0.000000e+00,0.000000e+00,0.000000e+00
1.000000e+00,0.000000e+00,0.000000e+00,0.000000e+00,0.000000e+00,0.000000e+00,0.000000e+00,0.000000e+00,0.000000e+00,0.000000e+00,0.000000e+00,0.000000e+00,0.000000e+00,0.000000e+00,0.000000e+00
1.000000e+00,0.000000e+00,0.000000e+00,0.000000e+00,0.000000e+00,0.000000e+00,0.000000e+00,0.000000e+00,0.000000e+00,0.000000e+00,0.000000e+00,0.000000e+00,0.000000e+00,0.000000e+00,0.000000e+00
1.000000e+00,0.000000e+00,0.000000e+00,0.000000e+00,0.000000e+00,0.000000e+00,0.000000e+00,0.000000e+00,0.000000e+00,0.000000e+00,0.000000e+00,0.000000e+00,0.000000e+00,0.000000e+00,0.000000e+00
1.000000e+00,0.000000e+00,0.000000e+00,0.000000e+00,0.000000e+00,0.000000e+00,0.000000e+00,0.000000e+00,0.000000e+00,0.000000e+00,0.000000e+00,0.000000e+00,0.000000e+00,0.000000e+00,0.000000e+00
1.000000e+00,0.000000e+00,0.000000e+00,0.000000e+00,0.000000e+00,0.000000e+00,0.000000e+00,0.000000e+00,0.000000e+00,0.000000e+00,0.000000e+00,0.000000e+00,0.000000e+00,0.000000e+00,0.000000e+00
1.000000e+00,0.000000e+00,0.000000e+00,0.000000e+00,0.000000e+00,0.000000e+00,0.000000e+00,0.000000e+00,0.000000e+00,0.000000e+00,0.000000e+00,0.000000e+00,0.000000e+00,0.000000e+00,0.000000e+00
4.386096e-01,1.090812e-02,1.015190e-02,3.136156e-02,2.064795e-02,8.311325e-03,2.718220e-03,3.439732e-01,6.971622e-02,3.935044e-03,1.602544e-02,1.987675e-02,1.149325e-02,2.170969e-03,1.010049e-02
3.987895e-01,8.695396e-03,7.612088e-03,2.350510e-02,1.716336e-02,7.685962e-03,2.233357e-03,4.379919e-01,4.920353e-02,2.878447e-03,1.179622e-02,1.479568e-02,8.473709e-03,1.609197e-03,7.566567e-03
3.002189e-01,6.274100e-03,5.466199e-03,1.714981e-02,1.346042e-02,6.136628e-03,1.656553e-03,5.809172e-01,3.453312e-02,2.060230e-03,8.492684e-03,1.090114e-02,6.209968e-03,1.147393e-03,5.375666e-03
2.319206e-01,4.500720e-03,3.892276e-03,1.212918e-02,1.062346e-02,5.125450e-03,1.254825e-03,6.817789e-01,2.425552e-02,1.461795e-03,5.996314e-03,7.933575e-03,4.496070e-03,8.184961e-04,3.812821e-03
1.714307e-01,3.184383e-03,2.772893e-03,8.526877e-03,8.586285e-03,3.775654e-03,9.152998e-04,7.664139e-01,1.701009e-02,1.031621e-03,4.222880e-03,5.643576e-03,3.220410e-03,5.810414e-04,2.684417e-03
1.229552e-01,2.260137e-03,2.083298e-03,6.097611e-03,9.826235e-03,2.699610e-03,6.735367e-04,8.292068e-01,1.193415e-02,7.308493e-04,2.978461e-03,3.979706e-03,2.278299e-03,4.113450e-04,1.884744e-03
8.859912e-02,1.599091e-03,1.579149e-03,4.416498e-03,7.822379e-03,2.005562e-03,5.178413e-04,8.763948e-01,8.371608e-03,5.162245e-04,2.112432e-03,2.816616e-03,1.630310e-03,2.912249e-04,1.327149e-03
6.426110e-02,1.129938e-03,1.178232e-03,3.243059e-03,6.130786e-03,1.448989e-03,3.868842e-04,9.101865e-01,5.872468e-03,3.631049e-04,1.496103e-03,1.993929e-03,1.169069e-03,2.062316e-04,9.335864e-04
4.774532e-02,7.968828e-04,9.335964e-04,2.401726e-03,4.412490e-03,1.067217e-03,3.178236e-04,9.337869e-01,4.118394e-03,2.553824e-04,1.068009e-03,1.434879e-03,8.556556e-04,1.470812e-04,6.586390e-04
3.858314e-02,5.705526e-04,7.131512e-04,1.840461e-03,3.402984e-03,8.974302e-04,3.306517e-04,9.474656e-01,2.899018e-03,1.820455e-04,7.822863e-04,1.079836e-03,6.774500e-04,1.070142e-04,4.683841e-04
3.585208e-02,4.269314e-04,6.441895e-04,1.461944e-03,3.171270e-03,8.727324e-04,8.425264e-04,9.519767e-01,2.056175e-03,1.355530e-04,6.027978e-04,9.010521e-04,6.270781e-04,8.176841e-05,3.472533e-04
3.202701e-02,3.193126e-04,6.292633e-04,1.188241e-03,2.845277e-03,7.138117e-04,1.280936e-03,9.574077e-01,1.455266e-03,1.057405e-04,4.524705e-04,7.279057e-04,5.210401e-04,6.266281e-05,2.633090e-04
2.603982e-02,2.332300e-04,5.407938e-04,9.591311e-04,2.245198e-03,5.289624e-04,1.131883e-03,9.656921e-01,1.027315e-03,8.046020e-05,3.315498e-04,5.540448e-04,3.961063e-04,4.637599e-05,1.929349e-04
2.320408e-02,1.814430e-04,5.122352e-04,8.808222e-04,1.804516e-03,4.375255e-04,9.888608e-04,9.697987e-01,7.602347e-04,8.532551e-05,2.715589e-04,5.332495e-04,3.433640e-04,4.012474e-05,1.578835e-04
2.624417e-02,1.657842e-04,4.693525e-04,9.908704e-04,2.288972e-03,4.769372e-04,8.567548e-04,9.661732e-01,6.828477e-04,1.134130e-04,3.161077e-04,6.077692e-04,3.644486e-04,5.398718e-05,1.952753e-04
4.704939e-02,4.044120e-04,7.218041e-04,1.810804e-03,6.843165e-03,7.144141e-04,8.964713e-04,9.378241e-01,9.521587e-04,1.717691e-04,4.988494e-04,9.371145e-04,6.610106e-04,7.791558e-05,4.365429e-04
9.697358e-02,6.659420e-04,7.418893e-04,2.485609e-03,7.767380e-03,8.216588e-04,8.468473e-04,8.806140e-01,1.890123e-03,5.426257e-04,1.196897e-03,2.435190e-03,1.917167e-03,1.820097e-04,9.190685e-04
1.126894e-01,2.600304e-03,7.354834e-04,9.992857e-03,1.221107e-02,9.666393e-04,6.619334e-04,8.244624e-01,1.633861e-02,1.512766e-03,4.071191e-03,6.059533e-03,4.710555e-03,6.785970e-04,2.308585e-03
1.080574e-01,3.791212e-03,8.943941e-04,7.626487e-03,9.832682e-03,1.104160e-03,5.159098e-04,6.078800e-01,1.711636e-01,3.090650e-02,6.130359e-03,6.493911e-03,7.615493e-03,5.857524e-03,3.213040e-02
9.939481e-02,3.971046e-03,1.159949e-03,1.080977e-02,8.601529e-03,1.326436e-03,5.187771e-04,4.600072e-01,3.062563e-01,2.978647e-02,1.164286e-02,1.038196e-02,1.369989e-02,5.264863e-03,3.717819e-02
1.721334e-01,4.825129e-03,2.950895e-03,1.244725e-02,7.275570e-03,3.110824e-03,7.763974e-04,3.753779e-01,2.782152e-01,3.393579e-02,1.401978e-02,1.702208e-02,1.787671e-02,7.238444e-03,5.279469e-02
2.453458e-01,5.221886e-03,4.858911e-03,1.169058e-02,5.860088e-03,5.008650e-03,9.494785e-04,2.981176e-01,2.742878e-01,3.138115e-02,1.520157e-02,1.450794e-02,1.647679e-02,9.403359e-03,6.168823e-02
2.499619e-01,6.613392e-03,5.528010e-03,1.804646e-02,4.825577e-03,6.936358e-03,1.047135e-03,2.275108e-01,3.429425e-01,2.656762e-02,1.584413e-02,1.364575e-02,1.571268e-02,8.564585e-03,5.625312e-02
3.290678e-01,6.807469e-03,8.952573e-03,2.038060e-02,3.962178e-03,7.654409e-03,1.072064e-03,1.640365e-01,3.315832e-01,2.115841e-02,1.611250e-02,1.660296e-02,1.496805e-02,9.284154e-03,4.835713e-02
4.537372e-01,8.148459e-03,1.233474e-02,1.949657e-02,4.204023e-03,9.971818e-03,1.329987e-03,1.255741e-01,2.472337e-01,1.588882e-02,1.684245e-02,1.567400e-02,1.478424e-02,1.015834e-02,4.462160e-02
4.438916e-01,2.971383e-02,1.045041e-02,4.755710e-02,7.087122e-03,1.431377e-02,2.063014e-03,9.022371e-02,1.964599e-01,1.199175e-02,2.703045e-02,3.847506e-02,2.104724e-02,1.132564e-02,4.836943e-02
4.674512e-01,2.739489e-02,1.024962e-02,3.802088e-02,6.550430e-03,1.712070e-02,1.976795e-03,6.453910e-02,1.678596e-01,9.695140e-03,5.168287e-02,3.272514e-02,2.604973e-02,2.243479e-02,5.624914e-02
4.593237e-01,2.739225e-02,9.525457e-03,3.885747e-02,5.877189e-03,1.998324e-02,2.326185e-03,4.713746e-02,1.707052e-01,8.410429e-03,5.109904e-02,4.228465e-02,3.239995e-02,2.570239e-02,5.897550e-02
4.126260e-01,2.406655e-02,9.003146e-03,2.954239e-02,8.519240e-03,1.677593e-02,1.923259e-03,3.372391e-02,1.581218e-01,3.602853e-02,4.775019e-02,3.230885e-02,3.173821e-02,3.206482e-02,1.258072e-01
3.627551e-01,2.528524e-02,8.950872e-03,2.281286e-02,9.876627e-03,1.495654e-02,1.953521e-03,2.547534e-02,1.465392e-01,4.469398e-02,6.279816e-02,2.639559e-02,3.472821e-02,4.195594e-02,1.708229e-01
3.685851e-01,2.661313e-02,9.754336e-03,2.344603e-02,8.937763e-03,1.509800e-02,2.308732e-03,1.890970e-02,2.038831e-01,3.669292e-02,5.236308e-02,2.222925e-02,2.923811e-02,4.155940e-02,1.403813e-01
3.166961e-01,2.711258e-02,1.796615e-02,2.419467e-02,9.032292e-03,1.449493e-02,2.018727e-03,1.382884e-02,2.943355e-01,3.173231e-02,4.850473e-02,1.708430e-02,2.845115e-02,4.028412e-02,1.142636e-01
3.451114e-01,2.278685e-02,5.242881e-02,3.308623e-02,1.193615e-02,1.516240e-02,4.318769e-03,1.256786e-02,2.730620e-01,2.603029e-02,4.121685e-02,1.547947e-02,2.708403e-02,3.410383e-02,8.562509e-02
3.576506e-01,2.364562e-02,5.727037e-02,2.835454e-02,2.361969e-02,1.438375e-02,4.685947e-03,1.340764e-02,2.319770e-01,3.142954e-02,3.811601e-02,1.366653e-02,2.449621e-02,4.738392e-02,8.991273e-02
4.466735e-01,2.001692e-02,4.840761e-02,2.390384e-02,2.701174e-02,1.471583e-02,3.952385e-03,1.219017e-02,1.750622e-01,2.567519e-02,3.050320e-02,1.094819e-02,1.968150e-02,6.139033e-02,7.986747e-02
4.751440e-01,2.517600e-02,4.643057e-02,4.512440e-02,2.679047e-02,1.662762e-02,3.842221e-03,1.641977e-02,1.462482e-01,1.956831e-02,2.412662e-02,9.811390e-03,1.611370e-02,6.671122e-02,6.186562e-02
4.173023e-01,3.866076e-02,4.229359e-02,5.419243e-02,2.858559e-02,1.378589e-02,3.087298e-03,4.723690e-02,1.820419e-01,1.683834e-02,2.055692e-02,7.861348e-03,1.462847e-02,5.281100e-02,6.011732e-02
3.854607e-01,4.738567e-02,8.375211e-02,6.325034e-02,2.570066e-02,1.216047e-02,2.455808e-03,6.552260e-02,1.781301e-01,1.357375e-02,1.579186e-02,6.000917e-03,1.167791e-02,3.902508e-02,5.011206e-02
3.761903e-01,4.040407e-02,9.367762e-02,8.679942e-02,2.181110e-02,1.231589e-02,2.011184e-03,5.198570e-02,1.989298e-01,1.339043e-02,1.448162e-02,4.976072e-03,9.242365e-03,2.930683e-02,4.447763e-02
3.962562e-01,4.668278e-02,8.683009e-02,7.592320e-02,2.486943e-02,1.071776e-02,2.018791e-03,5.463255e-02,1.987697e-01,1.143577e-02,1.259708e-02,4.201414e-03,7.502228e-03,2.700741e-02,4.055563e-02
3.339994e-01,3.735306e-02,2.042344e-01,7.520767e-02,2.131215e-02,8.550718e-03,1.694412e-03,4.846629e-02,1.764787e-01,1.459866e-02,1.018534e-02,3.694341e-03,6.381223e-03,2.008722e-02,3.775652e-02
2.540752e-01,2.827628e-02,3.369701e-01,7.777339e-02,2.363342e-02,6.727874e-03,1.603741e-03,4.681688e-02,1.532978e-01,1.222955e-02,7.716546e-03,2.702900e-03,5.181981e-03,1.439642e-02,2.859795e-02
1.846727e-01,2.093051e-02,4.786495e-01,6.844482e-02,1.921024e-02,5.056267e-03,1.223429e-03,3.826362e-02,1.271897e-01,1.139469e-02,5.923308e-03,1.961025e-03,3.918397e-03,1.024851e-02,2.291336e-02
1.476948e-01,2.054896e-02,5.695281e-01,6.687805e-02,1.654758e-02,5.087239e-03,1.039643e-03,2.973171e-02,9.689904e-02,9.758666e-03,4.900496e-03,1.568341e-03,3.398048e-03,7.372770e-03,1.904660e-02
1.422653e-01,2.747358e-02,5.613009e-01,5.490695e-02,1.708775e-02,5.882151e-03,9.424530e-04,2.519259e-02,1.111827e-01,1.245732e-02,4.654218e-03,1.298641e-03,3.306501e-03,5.624426e-03,2.642462e-02
1.667479e-01,4.312617e-02,4.682725e-01,5.337664e-02,1.456311e-02,4.861613e-03,9.535657e-04,2.075022e-02,1.341210e-01,2.948886e-02,5.669177e-03,2.182778e-03,4.120793e-03,4.332628e-03,4.743310e-02
1.317709e-01,4.459613e-02,4.271700e-01,7.869345e-02,1.054057e-02,3.717441e-03,7.318585e-04,1.494049e-02,1.951271e-01,2.985855e-02,4.767417e-03,1.703075e-03,4.174991e-03,3.194006e-03,4.901402e-02
1.053632e-01,3.849681e-02,4.452774e-01,7.241654e-02,7.527701e-03,3.002173e-03,5.675565e-04,1.098014e-02,1.954733e-01,3.050644e-02,4.895642e-03,1.636747e-03,6.869243e-03,2.825627e-03,7.416136e-02
2.287257e-01,3.128191e-02,3.804923e-01,6.305703e-02,6.368824e-03,3.437088e-03,7.470121e-04,1.186930e-02,1.566967e-01,2.600008e-02,7.583725e-03,3.721396e-03,1.502376e-02,3.751384e-03,6.124379e-02
2.810832e-01,3.959779e-02,3.001936e-01,5.170127e-02,6.108803e-03,5.078037e-03,7.926270e-04,1.191385e-02,1.270482e-01,2.020181e-02,1.462165e-02,6.339125e-03,3.545582e-02,1.728286e-02,8.258140e-02
3.339390e-01,3.357736e-02,2.157951e-01,3.866021e-02,6.230459e-03,6.476820e-03,1.114778e-03,1.134833e-02,9.203392e-02,1.669639e-02,1.889169e-02,1.872117e-02,3.765243e-02,9.734919e-02,7.151311e-02
3.593611e-01,2.611617e-02,1.663584e-01,3.426723e-02,6.078913e-03,8.847704e-03,2.001219e-03,9.825372e-03,7.029948e-02,1.411104e-02,2.435701e-02,5.508350e-02,6.681024e-02,9.503074e-02,6.145183e-02
2.988521e-01,1.972376e-02,1.175499e-01,2.663720e-02,5.492282e-03,8.254790e-03,1.858316e-03,7.402661e-03,6.127141e-02,1.176825e-02,3.345239e-02,1.068317e-01,1.548382e-01,9.240453e-02,5.366254e-02
2.323059e-01,1.603553e-02,8.338830e-02,1.912138e-02,6.450454e-03,6.897278e-03,2.165371e-03,6.596424e-03,6.092807e-02,9.459361e-03,3.162789e-02,1.965777e-01,2.090727e-01,7.147432e-02,4.789923e-02
1.678824e-01,1.690648e-02,6.027236e-02,1.353587e-02,7.031777e-03,5.943031e-03,2.069766e-03,5.087414e-03,6.630749e-02,9.954153e-03,3.232043e-02,2.351475e-01,2.578062e-01,6.146872e-02,5.826643e-02
1.189979e-01,1.715816e-02,4.292270e-02,9.710028e-03,6.227290e-03,5.809803e-03,2.039049e-03,4.289079e-03,1.102111e-01,1.407792e-02,3.199445e-02,3.085090e-01,2.170674e-01,4.435989e-02,6.662627e-02
8.771984e-02,2.086569e-02,3.095015e-02,6.889081e-03,1.416372e-02,2.784813e-02,2.816723e-03,3.801800e-03,1.869085e-01,1.929548e-02,2.808505e-02,3.200314e-01,1.691241e-01,3.193279e-02,4.956760e-02
6.686477e-02,2.406095e-02,2.497574e-02,5.282368e-03,2.170706e-02,2.768608e-02,2.732045e-03,4.723572e-03,2.905738e-01,2.905974e-02,2.462629e-02,2.889585e-01,1.278988e-01,2.406667e-02,3.678366e-02
5.557909e-02,3.181352e-02,1.923850e-02,3.850333e-03,1.944319e-02,8.082692e-02,2.252662e-03,5.327418e-03,3.480632e-01,2.449334e-02,2.471847e-02,2.445990e-01,9.537899e-02,1.751151e-02,2.690385e-02
4.541975e-02,3.129254e-02,1.396121e-02,2.840877e-03,1.808652e-02,1.255917e-01,2.211449e-03,5.141976e-03,4.003417e-01,1.851608e-02,1.891181e-02,2.146323e-01,7.110184e-02,1.257281e-02,1.937757e-02
4.511823e-02,3.218985e-02,1.005704e-02,2.228937e-03,1.410868e-02,1.387201e-01,1.785568e-03,4.061074e-03,3.786051e-01,1.549614e-02,1.553537e-02,2.583210e-01,5.915086e-02,1.008396e-02,1.453807e-02
4.424355e-02,3.330276e-02,1.458185e-02,5.690213e-03,1.583774e-02,1.758802e-01,1.878093e-03,7.340237e-03,3.670897e-01,1.679491e-02,1.403918e-02,2.358178e-01,4.809729e-02,7.828132e-03,1.157826e-02
5.798972e-02,3.317121e-02,1.354359e-02,5.031259e-03,1.430734e-02,2.173662e-01,1.873812e-03,1.065009e-02,3.656592e-01,1.858146e-02,1.125932e-02,1.983026e-01,3.654592e-02,6.320278e-03,9.398108e-03
6.813808e-02,3.994659e-02,1.082288e-02,4.158324e-03,1.818822e-02,2.447698e-01,1.878418e-03,9.218612e-03,3.876581e-01,1.723364e-02,8.937689e-03,1.480843e-01,2.726369e-02,4.911732e-03,8.789900e-03
7.051611e-02,4.917383e-02,9.467351e-03,3.976828e-03,2.327712e-02,2.460568e-01,2.393042e-03,7.683863e-03,4.200501e-01,1.493850e-02,7.205170e-03,1.084360e-01,2.172590e-02,3.873684e-03,1.122559e-02
8.123809e-02,9.776481e-02,1.081918e-02,4.937625e-02,2.389278e-02,1.784863e-01,2.408026e-03,8.235274e-03,4.135609e-01,1.397189e-02,6.591483e-03,7.758199e-02,1.666832e-02,2.855877e-03,1.654890e-02
1.455845e-01,7.648107e-02,1.509260e-02,7.150429e-02,3.455730e-02,1.421292e-01,6.124876e-03,1.356096e-02,3.853394e-01,1.106939e-02,6.115930e-03,6.150068e-02,1.470856e-02,2.316544e-03,1.391465e-02
1.991056e-01,5.985058e-02,1.440860e-02,6.099034e-02,4.857127e-02,1.238748e-01,9.125664e-03,2.561972e-02,3.565271e-01,1.113148e-02,5.724579e-03,4.878386e-02,1.433897e-02,2.206923e-03,1.974055e-02
2.678028e-01,5.625103e-02,1.140990e-02,4.598975e-02,5.802641e-02,9.927358e-02,7.539915e-03,2.730444e-02,3.187538e-01,1.236854e-02,6.000875e-03,3.680040e-02,1.324592e-02,3.640387e-03,3.559222e-02
3.388613e-01,4.633645e-02,8.429816e-03,3.549882e-02,7.529594e-02,8.379441e-02,7.058057e-03,2.582051e-02,2.840377e-01,1.049562e-02,5.958213e-03,2.783177e-02,1.223618e-02,4.208413e-03,3.413685e-02
3.635235e-01,6.007444e-02,8.128446e-03,2.975462e-02,8.033286e-02,6.436617e-02,7.299518e-03,3.028156e-02,2.543265e-01,1.048332e-02,5.763375e-03,2.234970e-02,1.227901e-02,4.638264e-03,4.639874e-02
4.200490e-01,6.322391e-02,1.017700e-02,4.191159e-02,7.887807e-02,5.340157e-02,9.529518e-03,3.235338e-02,1.904196e-01,1.359310e-02,5.562147e-03,1.796907e-02,9.977660e-03,4.060766e-03,4.889357e-02
4.810268e-01,5.740843e-02,1.490483e-02,4.898458e-02,6.498179e-02,4.087888e-02,1.126973e-02,2.801271e-02,1.398701e-01,2.554272e-02,4.680662e-03,1.450745e-02,8.374520e-03,3.571327e-03,5.598545e-02
4.787210e-01,6.153756e-02,3.774727e-02,8.884332e-02,4.955903e-02,3.025049e-02,9.188533e-03,2.129699e-02,1.036371e-01,2.538539e-02,5.081085e-03,1.323716e-02,6.986221e-03,3.277275e-03,6.525154e-02
4.222694e-01,5.772321e-02,6.472141e-02,1.266724e-01,3.956296e-02,2.299591e-02,7.264165e-03,1.837634e-02,8.807663e-02,2.776441e-02,4.672698e-03,1.054343e-02,5.700849e-03,3.889232e-03,9.976701e-02
3.290067e-01,4.111769e-02,6.525283e-02,1.081352e-01,3.780551e-02,1.719532e-02,6.067580e-03,2.230935e-01,6.306167e-02,1.948629e-02,4.964275e-03,7.566357e-03,4.206907e-03,2.806497e-03,7.023369e-02
2.436588e-01,2.927615e-02,4.680983e-02,7.757350e-02,3.121515e-02,1.265766e-02,4.544185e-03,4.321247e-01,4.442067e-02,1.369616e-02,4.071430e-03,5.449186e-03,3.133611e-03,2.002764e-03,4.936617e-02
1.887825e-01,2.112629e-02,3.468307e-02,5.565314e-02,3.626363e-02,1.171467e-02,3.655702e-03,5.534585e-01,3.266020e-02,9.928136e-03,6.990941e-03,4.818637e-03,3.301250e-03,1.579484e-03,3.538387e-02
1.528402e-01,1.500406e-02,2.521546e-02,3.995814e-02,3.512185e-02,1.484169e-02,2.727799e-03,6.375366e-01,2.413883e-02,7.195038e-03,9.241773e-03,5.809461e-03,3.745256e-03,1.318641e-03,2.530527e-02
1.233302e-01,1.091859e-02,1.881766e-02,3.080585e-02,2.640224e-02,1.916233e-02,2.124114e-03,5.522169e-01,1.952548e-02,5.931975e-03,4.720889e-02,5.011575e-02,7.307214e-02,1.554033e-03,1.881379e-02
8.792891e-02,7.847199e-03,1.463017e-02,2.522554e-02,1.909485e-02,1.978686e-02,1.616243e-03,4.170744e-01,1.466910e-02,7.519422e-03,6.362425e-02,9.930357e-02,2.052539e-01,1.874449e-03,1.455107e-02
7.007690e-02,5.809992e-03,1.660045e-02,2.202752e-02,1.418108e-02,1.626494e-02,1.312233e-03,2.984585e-01,1.264095e-02,9.152279e-03,8.237527e-02,1.028647e-01,3.297391e-01,2.049560e-03,1.644656e-02
8.680499e-02,1.219752e-02,6.302878e-02,8.902291e-02,1.702723e-02,1.500504e-02,1.497341e-03,2.147397e-01,2.419207e-02,8.502776e-03,7.889604e-02,7.722119e-02,2.893406e-01,2.979187e-03,1.954466e-02
6.816375e-02,1.087124e-02,5.112558e-02,6.655481e-02,1.715118e-02,1.293156e-02,1.146389e-03,1.577223e-01,4.073432e-02,1.211576e-02,1.046507e-01,7.410017e-02,3.311875e-01,9.049209e-03,4.249560e-02
6.250752e-02,1.280517e-02,4.383641e-02,6.542253e-02,1.614013e-02,1.240440e-02,9.428287e-04,1.213687e-01,5.042922e-02,1.496282e-02,1.088019e-01,6.391286e-02,3.247165e-01,2.107908e-02,8.066995e-02
8.388437e-02,1.051120e-02,3.427779e-02,5.311831e-02,1.251327e-02,1.266890e-02,8.546588e-04,8.619741e-02,4.339175e-02,1.628773e-02,1.194315e-01,4.966069e-02,2.570014e-01,5.661287e-02,1.635881e-01
6.330243e-02,1.083283e-02,5.219099e-02,4.221674e-02,1.084556e-02,1.168257e-02,8.064504e-04,6.151961e-02,4.830301e-02,1.290707e-02,1.056779e-01,3.595655e-02,1.890683e-01,6.302260e-02,2.916674e-01
5.789751e-02,1.271950e-02,3.929963e-02,3.511708e-02,9.581953e-03,1.008062e-02,6.497338e-04,4.338528e-02,7.279378e-02,9.988123e-03,9.896524e-02,2.621071e-02,1.376873e-01,1.116547e-01,3.339688e-01
4.202175e-02,1.331116e-02,4.570272e-02,2.594905e-02,7.627108e-03,8.717014e-03,6.018350e-04,3.082977e-02,9.763742e-02,7.589550e-03,7.359693e-02,1.893800e-02,9.915908e-02,1.102892e-01,4.180294e-01
3.064057e-02,1.340584e-02,3.519333e-02,1.885052e-02,5.924053e-03,6.749616e-03,4.558448e-04,2.193201e-02,1.185037e-01,5.860939e-03,5.479616e-02,1.358360e-02,7.054162e-02,1.246406e-01,4.789217e-01
2.475852e-02,1.954783e-02,8.781765e-02,1.425288e-02,5.652213e-03,5.474427e-03,4.854738e-04,1.656510e-02,1.420916e-01,4.803144e-03,4.023569e-02,9.789562e-03,5.237091e-02,1.270347e-01,4.491203e-01
2.395833e-02,1.827941e-02,7.342105e-02,1.124204e-02,6.404524e-03,4.659158e-03,5.281243e-04,2.043103e-02,2.213566e-01,4.281287e-03,3.045181e-02,7.111088e-03,3.932430e-02,1.295215e-01,4.090298e-01
2.573168e-02,1.971347e-02,5.569472e-02,1.023297e-02,8.037351e-03,3.630059e-03,5.310797e-04,6.175725e-02,2.063947e-01,3.554926e-03,2.343605e-02,5.286324e-03,2.909192e-02,1.948519e-01,3.520556e-01
4.799561e-02,4.668887e-02,6.363288e-02,8.772654e-03,2.504365e-02,5.170151e-03,8.044315e-04,6.759636e-02,1.845418e-01,2.977582e-03,1.836122e-02,3.891750e-03,2.155100e-02,1.846243e-01,3.183478e-01
3.576116e-02,9.146495e-02,4.608706e-02,9.285448e-03,1.945267e-02,3.958144e-03,6.349551e-04,5.431348e-02,3.242375e-01,2.256478e-03,1.329755e-02,2.776362e-03,1.595331e-02,1.382056e-01,2.423154e-01
2.550424e-02,7.911773e-02,4.295207e-02,2.691227e-02,1.478778e-02,2.906405e-03,4.525752e-04,3.873339e-02,4.707919e-01,2.070799e-03,9.684569e-03,1.971883e-03,1.162449e-02,9.758967e-02,1.749002e-01
2.508920e-02,1.166182e-01,3.665961e-02,2.238338e-02,2.219555e-02,3.042007e-03,5.250433e-04,3.075527e-02,5.008081e-01,1.781657e-03,7.598043e-03,1.492536e-03,1.140346e-02,7.183904e-02,1.478088e-01
2.477880e-02,1.317357e-01,3.137394e-02,2.394781e-02,3.714473e-02,3.039598e-03,9.244705e-04,3.821854e-02,5.097762e-01,1.760099e-03,6.889458e-03,1.228560e-03,1.094307e-02,5.416388e-02,1.240752e-01
4.006468e-02,1.702050e-01,2.312657e-02,2.272092e-02,4.673507e-02,5.537204e-03,1.016414e-03,3.875840e-02,4.548120e-01,1.781845e-03,5.787930e-03,1.464883e-03,4.832115e-02,3.898222e-02,1.006858e-01
3.764483e-02,1.585729e-01,1.805712e-02,3.070001e-02,6.810962e-02,6.075440e-03,1.262198e-03,8.004621e-02,4.346859e-01,2.578234e-03,4.715293e-03,1.454475e-03,4.150587e-02,2.784669e-02,8.674528e-02
3.793025e-02,1.274675e-01,1.524168e-01,4.451254e-02,6.298880e-02,5.611219e-03,1.026548e-03,1.120761e-01,3.290365e-01,2.836613e-03,3.860988e-03,1.297583e-03,3.057581e-02,1.983494e-02,6.852783e-02
4.777595e-02,1.158880e-01,1.809978e-01,5.019195e-02,7.439434e-02,1.402643e-02,1.070184e-03,1.032401e-01,2.966009e-01,5.225087e-03,4.048451e-03,1.560184e-03,2.354717e-02,1.490489e-02,6.652870e-02
6.124248e-02,9.716980e-02,1.477878e-01,5.380727e-02,1.079764e-01,2.833854e-02,1.393428e-03,9.437935e-02,2.829878e-01,7.337003e-03,4.025363e-03,1.822338e-03,1.790488e-02,1.138256e-02,8.244501e-02
9.314612e-02,9.626514e-02,1.122562e-01,5.391322e-02,9.683912e-02,5.810097e-02,2.112966e-03,8.483399e-02,2.624514e-01,7.473654e-03,3.663010e-03,1.998069e-03,1.611004e-02,9.387735e-03,1.014484e-01
8.294177e-02,8.331371e-02,1.211799e-01,1.109513e-01,8.369556e-02,4.724847e-02,2.059981e-03,9.047876e-02,2.141987e-01,9.243550e-03,3.972047e-03,2.741094e-03,1.299772e-02,7.057674e-03,1.279196e-01
