1.000000e+00,0.000000e+00,0.000000e+00,0.000000e+00,0.000000e+00,0.000000e+00,0.000000e+00,0.000000e+00,0.000000e+00,0.000000e+00,0.000000e+00,0.000000e+00,0.000000e+00,0.000000e+00,0.000000e+00
1.000000e+00,0.000000e+00,0.000000e+00,0.000000e+00,0.000000e+00,0.000000e+00,0.000000e+00,0.000000e+00,0.000000e+00,0.000000e+00,0.000000e+00,0.000000e+00,0.000000e+00,0.000000e+00,0.000000e+00
1.000000e+00,0.000000e+00,0.000000e+00,0.000000e+00,0.000000e+00,0.000000e+00,0.000000e+00,0.000000e+00,0.000000e+00,0.000000e+00,0.000000e+00,0.000000e+00,0.000000e+00,0.000000e+00,0.000000e+00
1.000000e+00,0.000000e+00,0.000000e+00,0.000000e+00,0.000000e+00,0.000000e+00,0.000000e+00,0.000000e+00,0.000000e+00,0.000000e+00,0.000000e+00,0.000000e+00,0.000000e+00,0.000000e+00,0.000000e+00
1.000000e+00,0.000000e+00,0.000000e+00,0.000000e+00,0.000000e+00,0.000000e+00,0.000000e+00,0.000000e+00,0.000000e+00,0.000000e+00,0.000000e+00,0.000000e+00,0.000000e+00,0.000000e+00,0.000000e+00
1.000000e+00,0.000000e+00,0.000000e+00,0.000000e+00,0.000000e+00,0.000000e+00,0.000000e+00,0.000000e+00,0.000000e+00,0.000000e+00,0.000000e+00,0.000000e+00,0.000000e+00,0.000000e+00,0.000000e+00
1.000000e+00,0.000000e+00,0.000000e+00,0.000000e+00,0.000000e+00,0.000000e+00,0.000000e+00,0.000000e+00,0.000000e+00,0.000000e+00,0.000000e+00,0.000000e+00,0.000000e+00,0.000000e+00,0.000000e+00
1.000000e+00,0.000000e+00,0.000000e+00,0.000000e+00,0.000000e+00,0.000000e+00,0.000000e+00,0.000000e+00,0.000000e+00,0.000000e+00,0.000000e+00,0.000000e+00,0.000000e+00,0.000000e+00,0.000000e+00
1.000000e+00,0.000000e+00,0.000000e+00,0.000000e+00,0.000000e+00,0.000000e+00,0.000000e+00,0.000000e+00,0.000000e+00,0.000000e+00,0.000000e+00,0.000000e+00,0.000000e+00,0.000000e+00,0.000000e+00
1.000000e+00,0.000000e+00,0.000000e+00,0.000000e+00,0.000000e+00,0.000000e+00,0.000000e+00,0.000000e+00,0.000000e+00,0.000000e+00,0.000000e+00,0.000000e+00,0.000000e+00,0.000000e+00,0.000000e+00
1.000000e+00,0.000000e+00,0.000000e+00,0.000000e+00,0.000000e+00,0.000000e+00,0.000000e+00,0.000000e+00,0.000000e+00,0.000000e+00,0.000000e+00,0.000000e+00,0.000000e+00,0.000000e+00,0.000000e+00
4.955103e-01,2.774290e-02,8.025666e-02,1.929466e-01,1.250880e-02,1.521258e-02,3.497650e-03,2.743249e-02,2.282591e-02,3.949868e-03,2.858083e-02,4.160717e-02,1.370924e-02,7.997683e-03,2.622136e-02
1.000000e+00,0.000000e+00,0.000000e+00,0.000000e+00,0.000000e+00,0.000000e+00,0.000000e+00,0.000000e+00,0.000000e+00,0.000000e+00,0.000000e+00,0.000000e+00,0.000000e+00,0.000000e+00,0.000000e+00
1.000000e+00,0.000000e+00,0.000000e+00,0.000000e+00,0.000000e+00,0.000000e+00,0.000000e+00,0.000000e+00,0.000000e+00,0.000000e+00,0.000000e+00,0.000000e+00,0.000000e+00,0.000000e+00,0.000000e+00
1.000000e+00,0.000000e+00,0.000000e+00,0.000000e+00,0.000000e+00,0.000000e+00,0.000000e+00,0.000000e+00,0.000000e+00,0.000000e+00,0.000000e+00,0.000000e+00,0.000000e+00,0.000000e+00,0.000000e+00
4.921566e-01,4.448470e-02,6.593867e-02,1.731160e-01,1.306365e-02,1.634244e-02,4.139635e-03,1.809103e-02,2.303775e-02,3.725547e-03,3.593278e-02,3.992454e-02,1.548117e-02,1.501257e-02,3.955299e-02
4.520652e-01,5.081660e-02,7.511402e-02,1.992999e-01,1.169248e-02,1.721857e-02,4.001600e-03,1.607377e-02,2.145616e-02,3.840563e-03,3.280711e-02,3.866085e-02,1.537841e-02,1.438347e-02,4.719134e-02
1.000000e+00,0.000000e+00,0.000000e+00,0.000000e+00,0.000000e+00,0.000000e+00,0.000000e+00,0.000000e+00,0.000000e+00,0.000000e+00,0.000000e+00,0.000000e+00,0.000000e+00,0.000000e+00,0.000000e+00
1.000000e+00,0.000000e+00,0.000000e+00,0.000000e+00,0.000000e+00,0.000000e+00,0.000000e+00,0.000000e+00,0.000000e+00,0.000000e+00,0.000000e+00,0.000000e+00,0.000000e+00,0.000000e+00,0.000000e+00
1.000000e+00,0.000000e+00,0.000000e+00,0.000000e+00,0.000000e+00,0.000000e+00,0.000000e+00,0.000000e+00,0.000000e+00,0.000000e+00,0.000000e+00,0.000000e+00,0.000000e+00,0.000000e+00,0.000000e+00
1.000000e+00,0.000000e+00,0.000000e+00,0.000000e+00,0.000000e+00,0.000000e+00,0.000000e+00,0.000000e+00,0.000000e+00,0.000000e+00,0.000000e+00,0.000000e+00,0.000000e+00,0.000000e+00,0.000000e+00
1.000000e+00,0.000000e+00,0.000000e+00,0.000000e+00,0.000000e+00,0.000000e+00,0.000000e+00,0.000000e+00,0.000000e+00,0.000000e+00,0.000000e+00,0.000000e+00,0.000000e+00,0.000000e+00,0.000000e+00
1.000000e+00,0.000000e+00,0.000000e+00,0.000000e+00,0.000000e+00,0.000000e+00,0.000000e+00,0.000000e+00,0.000000e+00,0.000000e+00,0.000000e+00,0.000000e+00,0.000000e+00,0.000000e+00,0.000000e+00
1.000000e+00,0.000000e+00,0.000000e+00,0.000000e+00,0.000000e+00,0.000000e+00,0.000000e+00,0.000000e+00,0.000000e+00,0.000000e+00,0.000000e+00,0.000000e+00,0.000000e+00,0.000000e+00,0.000000e+00
1.000000e+00,0.000000e+00,0.000000e+00,0.000000e+00,0.000000e+00,0.000000e+00,0.000000e+00,0.000000e+00,0.000000e+00,0.000000e+00,0.000000e+00,0.000000e+00,0.000000e+00,0.000000e+00,0.000000e+00
1.000000e+00,0.000000e+00,0.000000e+00,0.000000e+00,0.000000e+00,0.000000e+00,0.000000e+00,0.000000e+00,0.000000e+00,0.000000e+00,0.000000e+00,0.000000e+00,0.000000e+00,0.000000e+00,0.000000e+00
1.000000e+00,0.000000e+00,0.000000e+00,0.000000e+00,0.000000e+00,0.000000e+00,0.000000e+00,0.000000e+00,0.000000e+00,0.000000e+00,0.000000e+00,0.000000e+00,0.000000e+00,0.000000e+00,0.000000e+00
1.000000e+00,0.000000e+00,0.000000e+00,0.000000e+00,0.000000e+00,0.000000e+00,0.000000e+00,0.000000e+00,0.000000e+00,0.000000e+00,0.000000e+00,0.000000e+00,0.000000e+00,0.000000e+00,0.000000e+00
1.000000e+00,0.000000e+00,0.000000e+00,0.000000e+00,0.000000e+00,0.000000e+00,0.000000e+00,0.000000e+00,0.000000e+00,0.000000e+00,0.000000e+00,0.000000e+00,0.000000e+00,0.000000e+00,0.000000e+00
1.000000e+00,0.000000e+00,0.000000e+00,0.000000e+00,0.000000e+00,0.000000e+00,0.000000e+00,0.000000e+00,0.000000e+00,0.000000e+00,0.000000e+00,0.000000e+00,0.000000e+00,0.000000e+00,0.000000e+00
1.000000e+00,0.000000e+00,0.000000e+00,0.000000e+00,0.000000e+00,0.000000e+00,0.000000e+00,0.000000e+00,0.000000e+00,0.000000e+00,0.000000e+00,0.000000e+00,0.000000e+00,0.000000e+00,0.000000e+00
4.527138e-01,1.116655e-02,2.685951e-02,2.788598e-02,2.868760e-03,1.693665e-02,2.192366e-03,6.593881e-03,2.624689e-02,5.979932e-03,2.487948e-02,1.993695e-02,1.165640e-02,2.392528e-02,3.401577e-01
3.286887e-01,8.374993e-03,1.963928e-02,1.993745e-02,2.326665e-03,1.394231e-02,1.557705e-03,4.912271e-03,2.693422e-02,7.098172e-02,7.400699e-02,1.714244e-02,1.200451e-02,8.688203e-02,3.126687e-01
2.502022e-01,6.192510e-03,1.453269e-02,1.487622e-02,3.073801e-03,1.752595e-02,1.438958e-03,6.707714e-03,3.031893e-02,1.606554e-01,8.851619e-02,2.350658e-02,3.702425e-02,9.675575e-02,2.486729e-01
1.817690e-01,4.708827e-03,1.024168e-02,1.166861e-02,3.741136e-02,1.774944e-02,1.197769e-03,6.665230e-03,2.885493e-02,1.292022e-01,1.767659e-01,4.293980e-02,3.809522e-02,7.774448e-02,2.349857e-01
1.285068e-01,3.423540e-03,7.202960e-03,9.565355e-03,5.144630e-02,1.555419e-02,1.120364e-03,5.658475e-03,2.525536e-02,1.267078e-01,1.878700e-01,4.980034e-02,5.829306e-02,7.457654e-02,2.550190e-01
9.048300e-02,2.479879e-03,5.079170e-03,6.977405e-03,6.681370e-02,1.150152e-02,8.893782e-04,4.587183e-03,2.015199e-02,1.153155e-01,1.818853e-01,4.737688e-02,6.299861e-02,5.722488e-02,3.262357e-01
6.662951e-02,1.985356e-03,3.753756e-03,5.503628e-03,6.101296e-02,1.045472e-02,1.096392e-03,5.201231e-03,1.872341e-02,1.081495e-01,1.571911e-01,4.163924e-02,9.338941e-02,4.927876e-02,3.759910e-01
4.888133e-02,1.622851e-03,2.886317e-03,4.903894e-03,6.303722e-02,1.049956e-02,1.411233e-03,1.173167e-02,1.794552e-02,8.400659e-02,1.415509e-01,4.115069e-02,9.784856e-02,4.333089e-02,4.291928e-01
3.583162e-02,1.284905e-03,2.336517e-03,4.088738e-03,6.258878e-02,8.872230e-03,1.993129e-03,1.280487e-02,1.939900e-02,8.483458e-02,1.162212e-01,4.901370e-02,1.108966e-01,3.453298e-02,4.553012e-01
2.627813e-02,1.045062e-03,2.012270e-03,3.124258e-03,1.386708e-01,6.527748e-03,1.987572e-03,1.210667e-02,2.235064e-02,1.104878e-01,8.557282e-02,5.696183e-02,9.091421e-02,2.711513e-02,4.148452e-01
2.061593e-02,9.565532e-04,1.884878e-03,2.720819e-03,1.471205e-01,5.043465e-03,2.665312e-03,1.284989e-02,4.656618e-02,1.280760e-01,6.148963e-02,1.404186e-01,9.043507e-02,2.275771e-02,3.163996e-01
2.116415e-02,1.631927e-03,3.404073e-03,3.959648e-03,2.321414e-01,4.168652e-03,2.960066e-03,4.175587e-02,6.789379e-02,1.026893e-01,4.586647e-02,1.239544e-01,1.044221e-01,1.824169e-02,2.257466e-01
1.892739e-02,1.881499e-03,4.461501e-03,4.301264e-03,2.327042e-01,3.652611e-03,4.569960e-03,1.202327e-01,7.309547e-02,7.566407e-02,3.650995e-02,1.081606e-01,1.413587e-01,1.396606e-02,1.605140e-01
1.577521e-02,3.845712e-03,4.817700e-03,3.524038e-03,1.794573e-01,3.555590e-03,4.385094e-03,1.007523e-01,1.064468e-01,6.531797e-02,3.688561e-02,1.580214e-01,1.916421e-01,1.112579e-02,1.144474e-01
1.283630e-02,4.351742e-03,4.028597e-03,2.967248e-03,1.378556e-01,3.195408e-03,3.974134e-03,7.712501e-02,2.368790e-01,4.855273e-02,3.932280e-02,1.530166e-01,1.872427e-01,8.093152e-03,8.055910e-02
9.762120e-03,4.061026e-03,3.157316e-03,2.371099e-03,1.021178e-01,2.832364e-03,3.078330e-03,5.656121e-02,2.921474e-01,3.547533e-02,4.116482e-02,1.990820e-01,1.853979e-01,5.838158e-03,5.695313e-02
7.360427e-03,3.110304e-03,2.376208e-03,1.914102e-03,7.849471e-02,2.420825e-03,2.398849e-03,4.277475e-02,4.334644e-01,2.503847e-02,3.509149e-02,1.643703e-01,1.571193e-01,4.124903e-03,3.994105e-02
6.444888e-03,2.422188e-03,4.272253e-03,2.293363e-03,5.899936e-02,1.859193e-03,1.861158e-03,1.926079e-01,3.686257e-01,1.764241e-02,2.781172e-02,1.268834e-01,1.573852e-01,2.897086e-03,2.799428e-02
9.629449e-03,2.835228e-03,6.187237e-03,2.729696e-03,8.295266e-02,1.921773e-03,2.993201e-03,2.061546e-01,4.252563e-01,1.258130e-02,2.046984e-02,9.152931e-02,1.129700e-01,2.058882e-03,1.973046e-02
9.153713e-03,3.326986e-03,4.686293e-03,4.832034e-03,6.525416e-02,2.128914e-03,2.426211e-03,1.733088e-01,5.471702e-01,8.923596e-03,1.487792e-02,6.650919e-02,8.203918e-02,1.460206e-03,1.390263e-02
9.851312e-03,1.435356e-02,3.682809e-03,1.024904e-02,5.485566e-02,2.340137e-03,1.941978e-03,1.366141e-01,6.271858e-01,6.681848e-03,1.147054e-02,4.902836e-02,6.033728e-02,1.046550e-03,1.036097e-02
9.037985e-03,1.572003e-02,2.736761e-03,1.313464e-02,5.378093e-02,2.233473e-03,1.556603e-03,9.779646e-02,7.003435e-01,4.930641e-03,9.342833e-03,3.628360e-02,4.474966e-02,7.575262e-04,7.595344e-03
9.408636e-03,1.628682e-02,2.401988e-03,9.691692e-02,4.284308e-02,3.708791e-03,1.216344e-03,7.444976e-02,6.676249e-01,4.321238e-03,9.282851e-03,2.790697e-02,3.387586e-02,5.995426e-04,9.156336e-03
2.014565e-02,1.907200e-02,3.632484e-03,1.043485e-01,6.710289e-02,5.171143e-03,1.421282e-03,5.743214e-02,5.979961e-01,8.702450e-03,1.537097e-02,2.246173e-02,2.698389e-02,6.675315e-04,4.949132e-02
1.853330e-02,1.618604e-02,7.593006e-03,1.525933e-01,5.849918e-02,4.102655e-03,1.207297e-03,1.478070e-01,4.815649e-01,8.596413e-03,2.614282e-02,1.705709e-02,2.222649e-02,7.538600e-04,3.713661e-02
1.417906e-02,1.488429e-02,9.393208e-03,2.524193e-01,4.324105e-02,3.247602e-03,9.904448e-04,1.129563e-01,3.691012e-01,1.117450e-02,9.334760e-02,1.560797e-02,2.330848e-02,1.040973e-03,3.510804e-02
1.036858e-02,1.132703e-02,9.321948e-03,3.042631e-01,3.349976e-02,2.681318e-03,9.056723e-04,7.989877e-02,3.200410e-01,1.383474e-02,1.202014e-01,2.602031e-02,1.686912e-02,1.347897e-02,3.728831e-02
7.439853e-03,8.425660e-03,7.555522e-03,3.062095e-01,2.415503e-02,2.642071e-03,7.597646e-04,5.616975e-02,2.396366e-01,1.239053e-02,1.795800e-01,1.000856e-01,1.392772e-02,1.159638e-02,2.942608e-02
8.322921e-03,6.291532e-03,6.248015e-03,2.292583e-01,2.086982e-02,3.560331e-02,9.497749e-04,3.969001e-02,1.760245e-01,1.192475e-02,2.992195e-01,1.052246e-01,2.132050e-02,1.684418e-02,2.220828e-02
9.010537e-03,5.289652e-03,5.643387e-03,1.627279e-01,3.169658e-02,3.353049e-02,8.471974e-04,2.831307e-02,1.303722e-01,1.341585e-02,3.280814e-01,1.858374e-01,2.949344e-02,1.826929e-02,1.747163e-02
1.022223e-02,4.177795e-03,5.255143e-03,1.170375e-01,3.505168e-02,4.471421e-02,8.820913e-04,2.288000e-02,9.594772e-02,1.201222e-02,2.747430e-01,3.117788e-01,3.181987e-02,2.036856e-02,1.310923e-02
1.320999e-02,8.125234e-03,6.978774e-03,8.637266e-02,9.421681e-02,4.203388e-02,8.555022e-04,1.964506e-02,8.409086e-02,1.215505e-02,2.455061e-01,2.956151e-01,2.887414e-02,5.001931e-02,1.230164e-02
1.770805e-02,2.168960e-02,1.071583e-02,6.264831e-02,9.757319e-02,6.895716e-02,1.001093e-03,1.755736e-02,8.276406e-02,1.283796e-02,2.081842e-01,2.707261e-01,2.651119e-02,8.920211e-02,1.192387e-02
1.465683e-02,3.011458e-02,1.045377e-02,4.439987e-02,7.831006e-02,5.184061e-02,8.134943e-04,1.317161e-02,1.221281e-01,1.731751e-02,2.052630e-01,2.236764e-01,2.066742e-02,1.571996e-01,9.987193e-03
1.236922e-02,2.653452e-02,8.053620e-03,3.133935e-02,5.702334e-02,4.087737e-02,6.290993e-04,9.550593e-03,1.482678e-01,1.758707e-02,2.103426e-01,1.724413e-01,1.546133e-02,2.415189e-01,8.003815e-03
1.265452e-02,2.344606e-02,7.696690e-03,2.288454e-02,5.545785e-02,3.836608e-02,7.645739e-04,8.130429e-03,1.772075e-01,1.741921e-02,2.174092e-01,1.411183e-01,1.183677e-02,2.592237e-01,6.384543e-03
1.893061e-02,2.349466e-02,7.408400e-03,1.643070e-02,4.788584e-02,3.283029e-02,8.532177e-04,7.145519e-03,1.757271e-01,1.801314e-02,2.047040e-01,1.176420e-01,9.347306e-03,3.142390e-01,5.348336e-03
2.430156e-02,1.918045e-02,6.515204e-03,1.231196e-02,5.491556e-02,3.015412e-02,1.741409e-03,6.782403e-03,1.699979e-01,2.008319e-02,2.030546e-01,1.050792e-01,1.056359e-02,3.305248e-01,4.794056e-03
5.773401e-02,2.301604e-02,1.472172e-02,1.226495e-02,6.906512e-02,3.413649e-02,2.149020e-03,1.797741e-02,1.561756e-01,2.188027e-02,1.659195e-01,8.872505e-02,9.901511e-03,3.192261e-01,7.107241e-03
9.890087e-02,2.209377e-02,2.261983e-02,1.224088e-02,6.537038e-02,3.045302e-02,2.351561e-03,2.702587e-02,1.656185e-01,2.052090e-02,1.719695e-01,7.284110e-02,9.087477e-03,2.717235e-01,7.182844e-03
1.055523e-01,2.245023e-02,2.094299e-02,1.265372e-02,9.683388e-02,3.060596e-02,3.718904e-03,2.641188e-02,1.553083e-01,1.981047e-02,2.173035e-01,6.223881e-02,8.606289e-03,2.073207e-01,1.024204e-02
1.063893e-01,2.379845e-02,2.079728e-02,1.129907e-02,1.001335e-01,3.057389e-02,4.762880e-03,4.053707e-02,1.637842e-01,1.859042e-02,2.527950e-01,5.028631e-02,8.244410e-03,1.565214e-01,1.148685e-02
1.188652e-01,2.129250e-02,1.796029e-02,1.009034e-02,9.680773e-02,2.669251e-02,4.028484e-03,6.762496e-02,1.642636e-01,1.604434e-02,2.768307e-01,4.244063e-02,7.538893e-03,1.176308e-01,1.188899e-02
1.447351e-01,1.813889e-02,1.694680e-02,9.416405e-03,1.057714e-01,2.218164e-02,3.663687e-03,7.123333e-02,1.797108e-01,1.408411e-02,2.637405e-01,3.951307e-02,6.696156e-03,9.188014e-02,1.228796e-02
1.860238e-01,1.850622e-02,1.993158e-02,9.138889e-03,9.348853e-02,2.127519e-02,3.378516e-03,8.096299e-02,1.855545e-01,1.640533e-02,2.345442e-01,3.567122e-02,6.082473e-03,7.388307e-02,1.515355e-02
2.084402e-01,1.794846e-02,1.970519e-02,1.001265e-02,8.943427e-02,2.241742e-02,3.559686e-03,1.357284e-01,1.569102e-01,1.962553e-02,2.018434e-01,3.577721e-02,6.122050e-03,5.713745e-02,1.533794e-02
1.812358e-01,1.520395e-02,3.626852e-02,9.448991e-03,9.433876e-02,2.160250e-02,5.621753e-03,2.209412e-01,1.578988e-01,1.756028e-02,1.505286e-01,2.774064e-02,5.214082e-03,4.462713e-02,1.176907e-02
1.400194e-01,1.182712e-02,3.877879e-02,7.914806e-03,7.620172e-02,1.621605e-02,6.440784e-03,4.014997e-01,1.170327e-01,1.254473e-02,1.069347e-01,2.010561e-02,4.130833e-03,3.195081e-02,8.402234e-03
1.193832e-01,9.123859e-03,3.041342e-02,6.037814e-03,6.718691e-02,1.430216e-02,6.213014e-03,5.293114e-01,8.366160e-02,9.089811e-03,7.723603e-02,1.493607e-02,3.762637e-03,2.332284e-02,6.019190e-03
9.261874e-02,6.903036e-03,2.352999e-02,4.904203e-03,6.034686e-02,1.115032e-02,6.140931e-03,6.358996e-01,6.004087e-02,6.811864e-03,5.572437e-02,1.141089e-02,2.899994e-03,1.731547e-02,4.302865e-03
7.804859e-02,5.399198e-03,1.803841e-02,4.137844e-03,5.806082e-02,9.317896e-03,5.849452e-03,7.038924e-01,4.383863e-02,5.015612e-03,4.081409e-02,8.890721e-03,2.296715e-03,1.326455e-02,3.135086e-03
7.243322e-02,4.196848e-03,1.368571e-02,3.355104e-03,4.969701e-02,1.011985e-02,6.510779e-03,7.536701e-01,3.129230e-02,3.585737e-03,2.916579e-02,7.225965e-03,2.104247e-03,1.060578e-02,2.351512e-03
8.490919e-02,3.561895e-03,1.034310e-02,3.352365e-03,4.295123e-02,1.211870e-02,8.205573e-03,7.692965e-01,2.261489e-02,2.588126e-03,2.079813e-02,6.725898e-03,2.681584e-03,7.914196e-03,1.938557e-03
1.751217e-01,4.143461e-03,8.401485e-03,6.991841e-03,3.505785e-02,2.025040e-02,1.087173e-02,6.753793e-01,1.803171e-02,2.093191e-03,1.569404e-02,1.291422e-02,5.933465e-03,5.878806e-03,3.236783e-03
2.065921e-01,4.792818e-03,7.129465e-03,7.459101e-03,2.852755e-02,1.896436e-02,1.007141e-02,6.637905e-01,1.517742e-02,1.609945e-03,1.138764e-02,1.185649e-02,5.295990e-03,4.380266e-03,2.964925e-03
2.563648e-01,4.494006e-03,6.180441e-03,6.904633e-03,2.505216e-02,1.602499e-02,1.031136e-02,6.313665e-01,1.236622e-02,1.258140e-03,8.372693e-03,1.089986e-02,4.642508e-03,3.186441e-03,2.575337e-03
2.724409e-01,3.869879e-03,6.100692e-03,6.267787e-03,2.042815e-02,1.264785e-02,7.922575e-03,6.350248e-01,9.488213e-03,1.047296e-03,6.397798e-03,9.799651e-03,3.862958e-03,2.391312e-03,2.310092e-03
2.898116e-01,3.329741e-03,5.843664e-03,5.632024e-03,1.654779e-02,1.048121e-02,6.407995e-03,6.323640e-01,7.325476e-03,8.527354e-04,5.070584e-03,8.915064e-03,3.378127e-03,1.825159e-03,2.214844e-03
3.594095e-01,2.859011e-03,6.574621e-03,5.280526e-03,1.325610e-02,9.410435e-03,5.627509e-03,5.700595e-01,5.764968e-03,7.741326e-04,4.488679e-03,9.032613e-03,3.412765e-03,1.581085e-03,2.468624e-03
4.290466e-01,2.594709e-03,5.813923e-03,5.707618e-03,1.117473e-02,1.115431e-02,5.022402e-03,4.993280e-01,5.052756e-03,7.540158e-04,3.988324e-03,1.138152e-02,4.444319e-03,1.453563e-03,3.083254e-03
4.768087e-01,2.111944e-03,4.995747e-03,5.290695e-03,9.228677e-03,1.622595e-02,6.155582e-03,4.462428e-01,4.341736e-03,6.082724e-04,3.483993e-03,1.312301e-02,7.479955e-03,1.238407e-03,2.664564e-03
1.000000e+00,0.000000e+00,0.000000e+00,0.000000e+00,0.000000e+00,0.000000e+00,0.000000e+00,0.000000e+00,0.000000e+00,0.000000e+00,0.000000e+00,0.000000e+00,0.000000e+00,0.000000e+00,0.000000e+00
1.000000e+00,0.000000e+00,0.000000e+00,0.000000e+00,0.000000e+00,0.000000e+00,0.000000e+00,0.000000e+00,0.000000e+00,0.000000e+00,0.000000e+00,0.000000e+00,0.000000e+00,0.000000e+00,0.000000e+00
1.000000e+00,0.000000e+00,0.000000e+00,0.000000e+00,0.000000e+00,0.000000e+00,0.000000e+00,0.000000e+00,0.000000e+00,0.000000e+00,0.000000e+00,0.000000e+00,0.000000e+00,0.000000e+00,0.000000e+00
1.000000e+00,0.000000e+00,0.000000e+00,0.000000e+00,0.000000e+00,0.000000e+00,0.000000e+00,0.000000e+00,0.000000e+00,0.000000e+00,0.000000e+00,0.000000e+00,0.000000e+00,0.000000e+00,0.000000e+00
1.000000e+00,0.000000e+00,0.000000e+00,0.000000e+00,0.000000e+00,0.000000e+00,0.000000e+00,0.000000e+00,0.000000e+00,0.000000e+00,0.000000e+00,0.000000e+00,0.000000e+00,0.000000e+00,0.000000e+00
1.000000e+00,0.000000e+00,0.000000e+00,0.000000e+00,0.000000e+00,0.000000e+00,0.000000e+00,0.000000e+00,0.000000e+00,0.000000e+00,0.000000e+00,0.000000e+00,0.000000e+00,0.000000e+00,0.000000e+00
4.954159e-01,5.167504e-03,4.296101e-03,7.596136e-03,2.522461e-02,1.141390e-02,1.409196e-02,7.099140e-02,8.213700e-02,4.937228e-03,9.822949e-03,4.771567e-02,2.106526e-01,2.240880e-03,8.296126e-03
4.233520e-01,7.910792e-03,1.711771e-02,9.006033e-03,4.130262e-02,1.070304e-02,1.951725e-02,1.119636e-01,8.488556e-02,6.749587e-03,1.321796e-02,4.002770e-02,2.032238e-01,2.125774e-03,8.896529e-03
4.660664e-01,1.250047e-02,1.938884e-02,1.611233e-02,3.466751e-02,1.497104e-02,1.490479e-02,8.825403e-02,8.482160e-02,9.433095e-03,1.977677e-02,3.933335e-02,1.630022e-01,2.537995e-03,1.422956e-02
4.623662e-01,1.081004e-02,1.889551e-02,1.692990e-02,3.310195e-02,2.056794e-02,1.388265e-02,1.116164e-01,7.442117e-02,1.130822e-02,2.793311e-02,4.210165e-02,1.393484e-01,2.696315e-03,1.402057e-02
1.000000e+00,0.000000e+00,0.000000e+00,0.000000e+00,0.000000e+00,0.000000e+00,0.000000e+00,0.000000e+00,0.000000e+00,0.000000e+00,0.000000e+00,0.000000e+00,0.000000e+00,0.000000e+00,0.000000e+00
1.000000e+00,0.000000e+00,0.000000e+00,0.000000e+00,0.000000e+00,0.000000e+00,0.000000e+00,0.000000e+00,0.000000e+00,0.000000e+00,0.000000e+00,0.000000e+00,0.000000e+00,0.000000e+00,0.000000e+00
1.000000e+00,0.000000e+00,0.000000e+00,0.000000e+00,0.000000e+00,0.000000e+00,0.000000e+00,0.000000e+00,0.000000e+00,0.000000e+00,0.000000e+00,0.000000e+00,0.000000e+00,0.000000e+00,0.000000e+00
1.000000e+00,0.000000e+00,0.000000e+00,0.000000e+00,0.000000e+00,0.000000e+00,0.000000e+00,0.000000e+00,0.000000e+00,0.000000e+00,0.000000e+00,0.000000e+00,0.000000e+00,0.000000e+00,0.000000e+00
4.948359e-01,1.139162e-02,1.562233e-02,3.142638e-02,3.220834e-02,1.390737e-02,8.423320e-03,2.880037e-01,2.608848e-02,3.213537e-03,1.070032e-02,1.888826e-02,3.221998e-02,1.494250e-03,1.157621e-02
4.934157e-01,2.075298e-02,1.944313e-02,3.448104e-02,4.369385e-02,1.296232e-02,1.119223e-02,2.566322e-01,2.266471e-02,3.400955e-03,1.167108e-02,2.065627e-02,2.558937e-02,1.903277e-03,2.154100e-02
1.000000e+00,0.000000e+00,0.000000e+00,0.000000e+00,0.000000e+00,0.000000e+00,0.000000e+00,0.000000e+00,0.000000e+00,0.000000e+00,0.000000e+00,0.000000e+00,0.000000e+00,0.000000e+00,0.000000e+00
1.000000e+00,0.000000e+00,0.000000e+00,0.000000e+00,0.000000e+00,0.000000e+00,0.000000e+00,0.000000e+00,0.000000e+00,0.000000e+00,0.000000e+00,0.000000e+00,0.000000e+00,0.000000e+00,0.000000e+00
4.212189e-01,4.784944e-02,2.857262e-02,6.653744e-02,1.238225e-01,1.661533e-02,3.237825e-02,1.898140e-01,1.745345e-02,2.531771e-03,7.756921e-03,1.534500e-02,1.346110e-02,1.800430e-03,1.484294e-02
3.883689e-01,5.465800e-02,2.590905e-02,6.925934e-02,1.449769e-01,1.919466e-02,3.784502e-02,1.846002e-01,2.074602e-02,2.240864e-03,7.206160e-03,1.426688e-02,1.540492e-02,2.152554e-03,1.317058e-02
4.387851e-01,4.640916e-02,2.281398e-02,6.031010e-02,1.286807e-01,1.651116e-02,3.258043e-02,1.545568e-01,2.182401e-02,2.011135e-03,7.908816e-03,1.554791e-02,3.802349e-02,2.196210e-03,1.184096e-02
3.589149e-01,5.678274e-02,1.747169e-02,1.098135e-01,1.329541e-01,1.553981e-02,2.708195e-02,2.054315e-01,1.657630e-02,1.634870e-03,6.424086e-03,1.286231e-02,2.752017e-02,1.684609e-03,9.307545e-03
2.814526e-01,4.034838e-02,1.273123e-02,8.161247e-02,1.256246e-01,1.274756e-02,3.744771e-02,3.530421e-01,1.193681e-02,1.168765e-03,4.928737e-03,9.449618e-03,1.973181e-02,1.192791e-03,6.584822e-03
2.115943e-01,2.872781e-02,9.647328e-03,5.787794e-02,1.015772e-01,9.149904e-03,2.869604e-02,5.130932e-01,8.553923e-03,8.475151e-04,3.916132e-03,6.703972e-03,1.410164e-02,8.487276e-04,4.664494e-03
1.821736e-01,2.036950e-02,8.334521e-03,4.280813e-02,1.283290e-01,6.922032e-03,2.345548e-02,5.534499e-01,6.146143e-03,6.799054e-04,7.420973e-03,5.219053e-03,1.049174e-02,6.743002e-04,3.525817e-03
2.067281e-01,1.441926e-02,6.163746e-03,3.198443e-02,2.463068e-01,7.051378e-03,1.756656e-02,4.267974e-01,5.378640e-03,1.095882e-03,1.720308e-02,5.971799e-03,8.605694e-03,6.047459e-04,4.122500e-03
1.653671e-01,1.017356e-02,4.374185e-03,2.303926e-02,4.235199e-01,6.863465e-03,1.303090e-02,3.155684e-01,4.389091e-03,9.391323e-04,1.595006e-02,5.088845e-03,6.763700e-03,5.123260e-04,4.420015e-03
1.878866e-01,7.238193e-03,3.241194e-03,1.759476e-02,4.829566e-01,1.680766e-02,1.287700e-02,2.364765e-01,3.441339e-03,7.768010e-04,1.441193e-02,6.375198e-03,5.926686e-03,5.656719e-04,3.423778e-03
2.019641e-01,5.168749e-03,2.405771e-03,1.352067e-02,5.298539e-01,3.423483e-02,1.060938e-02,1.741788e-01,2.754511e-03,5.802062e-04,1.095686e-02,6.260908e-03,4.439981e-03,5.048965e-04,2.566308e-03
1.865245e-01,4.200412e-03,2.116477e-03,1.347357e-02,5.144291e-01,1.032187e-01,9.536149e-03,1.285364e-01,2.960613e-03,8.055770e-04,1.567309e-02,1.115204e-02,3.838090e-03,1.237602e-03,2.297516e-03
2.643236e-01,5.515714e-03,2.487257e-03,1.909043e-02,4.103809e-01,1.277071e-01,8.159491e-03,9.992664e-02,3.974178e-03,9.440320e-04,1.665966e-02,3.234414e-02,3.831198e-03,1.385162e-03,3.270342e-03
2.858312e-01,7.199435e-03,3.003185e-03,2.038537e-02,3.344094e-01,1.729660e-01,7.229995e-03,7.306585e-02,4.384993e-03,1.783623e-03,3.214239e-02,4.770347e-02,3.625742e-03,1.654383e-03,4.614885e-03
2.853129e-01,8.484807e-03,5.453453e-03,1.919503e-02,2.411108e-01,2.082514e-01,6.981422e-03,5.597357e-02,4.269483e-03,2.226346e-03,5.409697e-02,9.408762e-02,6.660829e-03,1.736988e-03,6.158226e-03
2.732051e-01,8.541177e-03,1.352843e-02,1.849435e-02,1.721932e-01,1.933593e-01,5.900656e-03,4.244523e-02,5.031525e-03,2.906726e-03,6.096990e-02,1.862180e-01,7.407936e-03,2.147988e-03,7.650476e-03
2.719593e-01,1.208135e-02,2.644062e-02,1.915749e-02,1.234010e-01,1.641327e-01,4.761762e-03,3.206918e-02,7.328343e-03,2.974477e-03,7.475515e-02,2.418342e-01,7.171072e-03,3.047830e-03,8.885597e-03
2.560704e-01,1.460375e-02,6.091100e-02,3.545603e-02,9.247437e-02,1.275602e-01,4.933989e-03,2.979461e-02,1.421401e-02,3.047499e-03,8.302573e-02,2.539092e-01,5.672798e-03,3.908254e-03,1.441816e-02
2.016410e-01,1.539845e-02,1.787459e-01,7.959174e-02,6.792257e-02,9.880563e-02,4.232755e-03,2.350081e-02,1.375404e-02,2.733876e-03,6.513305e-02,2.265678e-01,4.413878e-03,2.989659e-03,1.456878e-02
1.649225e-01,1.368421e-02,2.750472e-01,7.091272e-02,4.861001e-02,8.108739e-02,3.139981e-03,1.815376e-02,1.118112e-02,3.741401e-03,6.378873e-02,2.267134e-01,3.952297e-03,2.514319e-03,1.255091e-02
2.291317e-01,1.530223e-02,2.865480e-01,6.047080e-02,3.882574e-02,6.619141e-02,3.093062e-03,1.658514e-02,1.133569e-02,1.299647e-02,5.720822e-02,1.793694e-01,4.336343e-03,4.285634e-03,1.432009e-02
2.422850e-01,1.375061e-02,2.831423e-01,4.768524e-02,2.931707e-02,5.435027e-02,2.543729e-03,1.559524e-02,1.272181e-02,3.315490e-02,6.993576e-02,1.630463e-01,5.534093e-03,9.303488e-03,1.763413e-02
2.534648e-01,1.715314e-02,2.637949e-01,3.942436e-02,2.313921e-02,4.639581e-02,2.126664e-03,1.552024e-02,1.298678e-02,6.652923e-02,8.065747e-02,1.326862e-01,7.949741e-03,1.945635e-02,1.871501e-02
2.286810e-01,2.342999e-02,2.575148e-01,3.257532e-02,1.970257e-02,4.054035e-02,1.816122e-03,1.698742e-02,1.552506e-02,1.048697e-01,8.633168e-02,1.111570e-01,8.149954e-03,3.392435e-02,1.879468e-02
1.743303e-01,4.382268e-02,2.133857e-01,2.053106e-01,2.158330e-02,3.029171e-02,1.545119e-03,1.544107e-02,2.068573e-02,7.737721e-02,6.542281e-02,8.010456e-02,6.709702e-03,2.595224e-02,1.803719e-02
1.689921e-01,3.610598e-02,1.803903e-01,2.955428e-01,1.687729e-02,2.409570e-02,2.008893e-03,1.462505e-02,2.118420e-02,5.731937e-02,6.424104e-02,6.586641e-02,6.490117e-03,2.449592e-02,2.176487e-02
1.672034e-01,3.659552e-02,1.372398e-01,2.946953e-01,1.413067e-02,2.044961e-02,2.220031e-03,1.392031e-02,4.528518e-02,4.910626e-02,6.234836e-02,6.435910e-02,8.914934e-03,3.752058e-02,4.601107e-02
1.252672e-01,3.222510e-02,1.138716e-01,4.470700e-01,1.272209e-02,1.591490e-02,1.679134e-03,1.108236e-02,3.764990e-02,3.519082e-02,4.880681e-02,4.684518e-02,6.918671e-03,2.669723e-02,3.805906e-02
1.503524e-01,2.858269e-02,1.028320e-01,4.573422e-01,1.181965e-02,1.433523e-02,1.612727e-03,8.912243e-03,3.837295e-02,2.821407e-02,5.105843e-02,3.564032e-02,7.031997e-03,2.008442e-02,4.380868e-02
1.682148e-01,2.466570e-02,1.398767e-01,3.467626e-01,9.810385e-03,1.692268e-02,1.230705e-03,6.752856e-03,3.471419e-02,8.755055e-02,5.853005e-02,2.786065e-02,8.488690e-03,1.610614e-02,5.251333e-02
2.399696e-01,3.148748e-02,1.389152e-01,2.736459e-01,1.542784e-02,1.989824e-02,1.517826e-03,9.599061e-03,3.847233e-02,7.687198e-02,5.202498e-02,2.309311e-02,9.539844e-03,1.392555e-02,5.561113e-02
2.021978e-01,3.158984e-02,1.488455e-01,3.345249e-01,1.432916e-02,1.548622e-02,1.341318e-03,9.433115e-03,4.381256e-02,5.986232e-02,4.309699e-02,1.835874e-02,8.370706e-03,1.054048e-02,5.821033e-02
3.427861e-01,2.710309e-02,1.445965e-01,2.519832e-01,1.533956e-02,1.570472e-02,1.586007e-03,7.339378e-03,3.438639e-02,4.390872e-02,3.457506e-02,1.810584e-02,7.765072e-03,9.220034e-03,4.560028e-02
4.180807e-01,3.182520e-02,1.119615e-01,2.340430e-01,1.555313e-02,1.573135e-02,2.584499e-03,6.458702e-03,3.039974e-02,3.191164e-02,2.959613e-02,1.961873e-02,8.152360e-03,7.193984e-03,3.688943e-02
4.727383e-01,4.277027e-02,8.431844e-02,1.934261e-01,2.672287e-02,1.720172e-02,3.275466e-03,6.407679e-03,2.764461e-02,2.502081e-02,2.377063e-02,2.110558e-02,7.845740e-03,6.070636e-03,4.168116e-02
4.884548e-01,5.793894e-02,6.762912e-02,1.880964e-01,2.948118e-02,1.633992e-02,3.846032e-03,6.398039e-03,2.708532e-02,2.020409e-02,1.901390e-02,2.111454e-02,7.544586e-03,5.094334e-03,4.175888e-02
1.000000e+00,0.000000e+00,0.000000e+00,0.000000e+00,0.000000e+00,0.000000e+00,0.000000e+00,0.000000e+00,0.000000e+00,0.000000e+00,0.000000e+00,0.000000e+00,0.000000e+00,0.000000e+00,0.000000e+00
1.000000e+00,0.000000e+00,0.000000e+00,0.000000e+00,0.000000e+00,0.000000e+00,0.000000e+00,0.000000e+00,0.000000e+00,0.000000e+00,0.000000e+00,0.000000e+00,0.000000e+00,0.000000e+00,0.000000e+00
1.000000e+00,0.000000e+00,0.000000e+00,0.000000e+00,0.000000e+00,0.000000e+00,0.000000e+00,0.000000e+00,0.000000e+00,0.000000e+00,0.000000e+00,0.000000e+00,0.000000e+00,0.000000e+00,0.000000e+00
1.000000e+00,0.000000e+00,0.000000e+00,0.000000e+00,0.000000e+00,0.000000e+00,0.000000e+00,0.000000e+00,0.000000e+00,0.000000e+00,0.000000e+00,0.000000e+00,0.000000e+00,0.000000e+00,0.000000e+00
1.000000e+00,0.000000e+00,0.000000e+00,0.000000e+00,0.000000e+00,0.000000e+00,0.000000e+00,0.000000e+00,0.000000e+00,0.000000e+00,0.000000e+00,0.000000e+00,0.000000e+00,0.000000e+00,0.000000e+00
1.000000e+00,0.000000e+00,0.000000e+00,0.000000e+00,0.000000e+00,0.000000e+00,0.000000e+00,0.000000e+00,0.000000e+00,0.000000e+00,0.000000e+00,0.000000e+00,0.000000e+00,0.000000e+00,0.000000e+00
1.000000e+00,0.000000e+00,0.000000e+00,0.000000e+00,0.000000e+00,0.000000e+00,0.000000e+00,0.000000e+00,0.000000e+00,0.000000e+00,0.000000e+00,0.000000e+00,0.000000e+00,0.000000e+00,0.000000e+00
1.000000e+00,0.000000e+00,0.000000e+00,0.000000e+00,0.000000e+00,0.000000e+00,0.000000e+00,0.000000e+00,0.000000e+00,0.000000e+00,0.000000e+00,0.000000e+00,0.000000e+00,0.000000e+00,0.000000e+00
1.000000e+00,0.000000e+00,0.000000e+00,0.000000e+00,0.000000e+00,0.000000e+00,0.000000e+00,0.000000e+00,0.000000e+00,0.000000e+00,0.000000e+00,0.000000e+00,0.000000e+00,0.000000e+00,0.000000e+00
4.325870e-01,6.093231e-02,8.811074e-03,5.476179e-02,5.825932e-02,1.902128e-02,3.338214e-03,2.760302e-01,4.729835e-02,2.108541e-03,7.186736e-03,1.145107e-02,5.121480e-03,1.496765e-03,1.159590e-02
3.080559e-01,4.282031e-02,7.071403e-03,3.969822e-02,4.430481e-02,1.387038e-02,2.725668e-03,4.793597e-01,3.326114e-02,1.493994e-03,5.847661e-03,8.149150e-03,4.057229e-03,1.086956e-03,8.197429e-03
2.264395e-01,3.005936e-02,5.263733e-03,2.834579e-02,2.393233e-01,1.238090e-02,2.419005e-03,3.569480e-01,2.331108e-02,1.257829e-03,5.254849e-02,6.666092e-03,4.515418e-03,8.465478e-04,9.674964e-03
1.664245e-01,2.107752e-02,3.742265e-03,2.000843e-02,4.230123e-01,9.412754e-03,1.789965e-03,2.531914e-01,1.634305e-02,1.010426e-03,6.416338e-02,5.110133e-03,3.864141e-03,6.773447e-04,1.017248e-02
1.353063e-01,1.484806e-02,2.652083e-03,1.419070e-02,5.559322e-01,7.014456e-03,1.343881e-03,1.782101e-01,1.163374e-02,9.241083e-04,5.800067e-02,4.301098e-03,3.567102e-03,7.701399e-04,1.130542e-02
1.312296e-01,1.056292e-02,2.146635e-03,1.219589e-02,6.325033e-01,5.480594e-03,1.214033e-03,1.253937e-01,8.488378e-03,7.938116e-04,5.168723e-02,3.526242e-03,3.034280e-03,1.029175e-03,1.071414e-02
1.325815e-01,7.672418e-03,1.821274e-03,1.030954e-02,6.914985e-01,4.721533e-03,1.025871e-03,8.853178e-02,6.216391e-03,6.599517e-04,4.035374e-02,3.145596e-03,2.589722e-03,1.017864e-03,7.854211e-03
1.602341e-01,6.193177e-03,1.925833e-03,9.243094e-03,6.944023e-01,1.248721e-02,1.238958e-03,6.328407e-02,4.766401e-03,5.790006e-04,3.072769e-02,4.779124e-03,2.823944e-03,1.042707e-03,6.272286e-03
2.105771e-01,5.085504e-03,2.003344e-03,9.002946e-03,6.622722e-01,1.993515e-02,1.087291e-03,4.571726e-02,3.778221e-03,6.056197e-04,2.336691e-02,6.392201e-03,3.050661e-03,1.155973e-03,5.969599e-03
2.237220e-01,5.365547e-03,2.999438e-03,1.273455e-02,5.645023e-01,9.409755e-02,1.168932e-03,3.409144e-02,4.017880e-03,1.093661e-03,2.398978e-02,1.701545e-02,5.568614e-03,1.825026e-03,7.807887e-03
1.837355e-01,8.530354e-03,4.104896e-03,1.514146e-02,4.169046e-01,2.243653e-01,1.229598e-03,2.541811e-02,6.712532e-03,6.277804e-03,3.422455e-02,3.515572e-02,1.246599e-02,7.676686e-03,1.805697e-02
1.390380e-01,1.542827e-02,1.126541e-02,7.171116e-02,2.956387e-01,1.931847e-01,1.030816e-03,1.835352e-02,2.491948e-02,2.807857e-02,3.729777e-02,3.704617e-02,2.062342e-02,6.464025e-03,9.992005e-02
9.922511e-02,4.306489e-02,1.224419e-02,7.072365e-02,2.099976e-01,1.408636e-01,8.621277e-04,1.295523e-02,8.969155e-02,5.051949e-02,5.000869e-02,3.826509e-02,2.385174e-02,6.550494e-03,1.511765e-01
7.014874e-02,4.464012e-02,1.295493e-02,1.181581e-01,1.477115e-01,1.021001e-01,6.425644e-04,9.148946e-03,1.616977e-01,5.473717e-02,4.834083e-02,3.069912e-02,2.348691e-02,6.138291e-03,1.693950e-01
4.949567e-02,6.013841e-02,1.340440e-02,9.335194e-02,1.035067e-01,7.364953e-02,4.776785e-04,6.417634e-03,1.304371e-01,8.006695e-02,3.595260e-02,2.219403e-02,1.674512e-02,1.153717e-02,3.026251e-01
3.932701e-02,4.657913e-02,1.096809e-02,6.931864e-02,7.294687e-02,5.714133e-02,5.041529e-04,4.622841e-03,1.058581e-01,8.826537e-02,4.084049e-02,1.718854e-02,1.653892e-02,4.035392e-02,3.895466e-01
3.049594e-02,4.212592e-02,8.537818e-03,5.033763e-02,5.126553e-02,4.206394e-02,3.961083e-04,3.284142e-03,8.155008e-02,7.126924e-02,3.775409e-02,1.350892e-02,1.469326e-02,3.315917e-02,5.195582e-01
2.386785e-02,7.113592e-02,7.143913e-02,9.169218e-02,3.815201e-02,3.268340e-02,4.116606e-04,2.841968e-03,9.773855e-02,6.152115e-02,2.939569e-02,1.027931e-02,1.199807e-02,2.602991e-02,4.308133e-01
2.392533e-02,1.657336e-01,8.588847e-02,7.215596e-02,2.805869e-02,2.505629e-02,4.156972e-04,2.177642e-03,1.128586e-01,4.634896e-02,2.267169e-02,8.312838e-03,9.937670e-03,2.368200e-02,3.727766e-01
3.220734e-02,2.507358e-01,7.816528e-02,5.311262e-02,2.121206e-02,1.868041e-02,3.674646e-04,1.978451e-03,1.082168e-01,4.262679e-02,1.797374e-02,6.085411e-03,7.923158e-03,4.937260e-02,3.113421e-01
2.562390e-02,2.663481e-01,1.606044e-01,4.235632e-02,1.713662e-02,1.378533e-02,2.943848e-04,2.522364e-03,1.102989e-01,4.483226e-02,1.362741e-02,4.948084e-03,6.533855e-03,3.702972e-02,2.540584e-01
2.024227e-02,2.276904e-01,2.806938e-01,3.307236e-02,1.435530e-02,1.014918e-02,2.431333e-04,2.856992e-03,9.643729e-02,4.966053e-02,1.059789e-02,3.735550e-03,5.713137e-03,2.763085e-02,2.169214e-01
1.981006e-02,2.516360e-01,3.184029e-01,2.963779e-02,1.267116e-02,7.853836e-03,2.407248e-04,4.436141e-03,1.022356e-01,4.610287e-02,8.462705e-03,2.794100e-03,4.587464e-03,2.045541e-02,1.706733e-01
1.463363e-02,1.923663e-01,3.840122e-01,3.319876e-02,9.553623e-03,5.624083e-03,1.791564e-04,3.448037e-03,1.539868e-01,4.202718e-02,6.694232e-03,2.133872e-03,3.441324e-03,1.470771e-02,1.339932e-01
1.060261e-02,1.375827e-01,4.792713e-01,2.539724e-02,6.795060e-03,4.044734e-03,1.361245e-04,3.071086e-03,1.267774e-01,5.865450e-02,6.172406e-03,1.699135e-03,2.962962e-03,1.274796e-02,1.240849e-01
8.160370e-03,1.047461e-01,5.196950e-01,2.137245e-02,5.064291e-03,3.045411e-03,1.239938e-04,2.515087e-03,1.228800e-01,6.560092e-02,9.942364e-03,2.034741e-03,3.494556e-03,1.537559e-02,1.159491e-01
6.517448e-03,8.058341e-02,5.058346e-01,2.058683e-02,3.951113e-03,2.305536e-03,1.073371e-04,2.807690e-03,1.371261e-01,9.378421e-02,1.005069e-02,1.968360e-03,3.584854e-03,1.503318e-02,1.157588e-01
1.572857e-02,7.322544e-02,4.587429e-01,3.020970e-02,4.009321e-03,2.583000e-03,1.807944e-04,4.992860e-03,1.720012e-01,1.065795e-01,9.479676e-03,1.787103e-03,3.758730e-03,1.275453e-02,1.039667e-01
2.660027e-02,6.626502e-02,3.760570e-01,2.574706e-02,5.420636e-03,3.000722e-03,2.552246e-04,8.361349e-03,1.957810e-01,1.305620e-01,9.165292e-03,1.469398e-03,3.609727e-03,1.416639e-02,1.335390e-01
1.051906e-01,6.919103e-02,2.934938e-01,2.540662e-02,1.184737e-02,6.391670e-03,1.332641e-03,3.967928e-02,1.647375e-01,1.034821e-01,8.310162e-03,1.547753e-03,4.573127e-03,1.992892e-02,1.448876e-01
1.683559e-01,7.290777e-02,2.479664e-01,3.242484e-02,2.120959e-02,1.777254e-02,2.977094e-03,4.143487e-02,1.262356e-01,7.619467e-02,8.370982e-03,2.311457e-03,5.822514e-03,2.003775e-02,1.559781e-01
2.197757e-01,7.950418e-02,1.927544e-01,2.937794e-02,2.933627e-02,2.179625e-02,3.595278e-03,5.185100e-02,1.005991e-01,5.733266e-02,7.606301e-03,2.510967e-03,7.330181e-03,2.569465e-02,1.709352e-01
3.276835e-01,7.247204e-02,1.376527e-01,2.744764e-02,2.492995e-02,1.805069e-02,3.213140e-03,4.216048e-02,8.042239e-02,4.257571e-02,9.949695e-03,9.671886e-03,1.091458e-02,2.657367e-02,1.662820e-01
3.120153e-01,7.985758e-02,1.156198e-01,3.860009e-02,3.403026e-02,2.762334e-02,4.236413e-03,5.262792e-02,8.315517e-02,3.300477e-02,1.243429e-02,1.099303e-02,1.429803e-02,2.705278e-02,1.544513e-01
3.358742e-01,7.735740e-02,1.058683e-01,4.973628e-02,3.394570e-02,2.561046e-02,3.829362e-03,9.303110e-02,7.033122e-02,2.426903e-02,1.282246e-02,1.053674e-02,1.402659e-02,2.679312e-02,1.159682e-01
2.631815e-01,5.655164e-02,7.575068e-02,3.835113e-02,2.985562e-02,1.826275e-02,3.047255e-03,3.194249e-01,5.045418e-02,1.704208e-02,9.721525e-03,7.575576e-03,1.025802e-02,1.903948e-02,8.148368e-02
2.485617e-01,4.146600e-02,5.702369e-02,3.422191e-02,2.706379e-02,1.398427e-02,2.549288e-03,4.317029e-01,3.686074e-02,1.203382e-02,8.160548e-03,5.669005e-03,7.712656e-03,1.469002e-02,5.829980e-02
4.073772e-01,3.042400e-02,4.248157e-02,2.572195e-02,2.111420e-02,2.027839e-02,2.568320e-03,3.395959e-01,2.711383e-02,8.824463e-03,7.479517e-03,7.055988e-03,6.743602e-03,1.085419e-02,4.236691e-02
4.901462e-01,2.218252e-02,3.226949e-02,1.909511e-02,1.785586e-02,2.527671e-02,2.249488e-03,2.992253e-01,2.002239e-02,6.610367e-03,1.046592e-02,8.281494e-03,6.328866e-03,8.627072e-03,3.136322e-02
1.000000e+00,0.000000e+00,0.000000e+00,0.000000e+00,0.000000e+00,0.000000e+00,0.000000e+00,0.000000e+00,0.000000e+00,0.000000e+00,0.000000e+00,0.000000e+00,0.000000e+00,0.000000e+00,0.000000e+00
1.000000e+00,0.000000e+00,0.000000e+00,0.000000e+00,0.000000e+00,0.000000e+00,0.000000e+00,0.000000e+00,0.000000e+00,0.000000e+00,0.000000e+00,0.000000e+00,0.000000e+00,0.000000e+00,0.000000e+00
1.000000e+00,0.000000e+00,0.000000e+00,0.000000e+00,0.000000e+00,0.000000e+00,0.000000e+00,0.000000e+00,0.000000e+00,0.000000e+00,0.000000e+00,0.000000e+00,0.000000e+00,0.000000e+00,0.000000e+00
1.000000e+00,0.000000e+00,0.000000e+00,0.000000e+00,0.000000e+00,0.000000e+00,0.000000e+00,0.000000e+00,0.000000e+00,0.000000e+00,0.000000e+00,0.000000e+00,0.000000e+00,0.000000e+00,0.000000e+00
1.000000e+00,0.000000e+00,0.000000e+00,0.000000e+00,0.000000e+00,0.000000e+00,0.000000e+00,0.000000e+00,0.000000e+00,0.000000e+00,0.000000e+00,0.000000e+00,0.000000e+00,0.000000e+00,0.000000e+00
1.000000e+00,0.000000e+00,0.000000e+00,0.000000e+00,0.000000e+00,0.000000e+00,0.000000e+00,0.000000e+00,0.000000e+00,0.000000e+00,0.000000e+00,0.000000e+00,0.000000e+00,0.000000e+00,0.000000e+00
1.000000e+00,0.000000e+00,0.000000e+00,0.000000e+00,0.000000e+00,0.000000e+00,0.000000e+00,0.000000e+00,0.000000e+00,0.000000e+00,0.000000e+00,0.000000e+00,0.000000e+00,0.000000e+00,0.000000e+00
1.000000e+00,0.000000e+00,0.000000e+00,0.000000e+00,0.000000e+00,0.000000e+00,0.000000e+00,0.000000e+00,0.000000e+00,0.000000e+00,0.000000e+00,0.000000e+00,0.000000e+00,0.000000e+00,0.000000e+00
1.000000e+00,0.000000e+00,0.000000e+00,0.000000e+00,0.000000e+00,0.000000e+00,0.000000e+00,0.000000e+00,0.000000e+00,0.000000e+00,0.000000e+00,0.000000e+00,0.000000e+00,0.000000e+00,0.000000e+00
1.000000e+00,0.000000e+00,0.000000e+00,0.000000e+00,0.000000e+00,0.000000e+00,0.000000e+00,0.000000e+00,0.000000e+00,0.000000e+00,0.000000e+00,0.000000e+00,0.000000e+00,0.000000e+00,0.000000e+00
