1.000000e+00,0.000000e+00,0.000000e+00,0.000000e+00,0.000000e+00,0.000000e+00,0.000000e+00,0.000000e+00,0.000000e+00,0.000000e+00,0.000000e+00,0.000000e+00,0.000000e+00,0.000000e+00,0.000000e+00
1.000000e+00,0.000000e+00,0.000000e+00,0.000000e+00,0.000000e+00,0.000000e+00,0.000000e+00,0.000000e+00,0.000000e+00,0.000000e+00,0.000000e+00,0.000000e+00,0.000000e+00,0.000000e+00,0.000000e+00
1.000000e+00,0.000000e+00,0.000000e+00,0.000000e+00,0.000000e+00,0.000000e+00,0.000000e+00,0.000000e+00,0.000000e+00,0.000000e+00,0.000000e+00,0.000000e+00,0.000000e+00,0.000000e+00,0.000000e+00
1.000000e+00,0.000000e+00,0.000000e+00,0.000000e+00,0.000000e+00,0.000000e+00,0.000000e+00,0.000000e+00,0.000000e+00,0.000000e+00,0.000000e+00,0.000000e+00,0.000000e+00,0.000000e+00,0.000000e+00
1.000000e+00,0.000000e+00,0.000000e+00,0.000000e+00,0.000000e+00,0.000000e+00,0.000000e+00,0.000000e+00,0.000000e+00,0.000000e+00,0.000000e+00,0.000000e+00,0.000000e+00,0.000000e+00,0.000000e+00
1.000000e+00,0.000000e+00,0.000000e+00,0.000000e+00,0.000000e+00,0.000000e+00,0.000000e+00,0.000000e+00,0.000000e+00,0.000000e+00,0.000000e+00,0.000000e+00,0.000000e+00,0.000000e+00,0.000000e+00
1.000000e+00,0.000000e+00,0.000000e+00,0.000000e+00,0.000000e+00,0.000000e+00,0.000000e+00,0.000000e+00,0.000000e+00,0.000000e+00,0.000000e+00,0.000000e+00,0.000000e+00,0.000000e+00,0.000000e+00
1.000000e+00,0.000000e+00,0.000000e+00,0.000000e+00,0.000000e+00,0.000000e+00,0.000000e+00,0.000000e+00,0.000000e+00,0.000000e+00,0.000000e+00,0.000000e+00,0.000000e+00,0.000000e+00,0.000000e+00
1.000000e+00,0.000000e+00,0.000000e+00,0.000000e+00,0.000000e+00,0.000000e+00,0.000000e+00,0.000000e+00,0.000000e+00,0.000000e+00,0.000000e+00,0.000000e+00,0.000000e+00,0.000000e+00,0.000000e+00
1.000000e+00,0.000000e+00,0.000000e+00,0.000000e+00,0.000000e+00,0.000000e+00,0.000000e+00,0.000000e+00,0.000000e+00,0.000000e+00,0.000000e+00,0.000000e+00,0.000000e+00,0.000000e+00,0.000000e+00
1.000000e+00,0.000000e+00,0.000000e+00,0.000000e+00,0.000000e+00,0.000000e+00,0.000000e+00,0.000000e+00,0.000000e+00,0.000000e+00,0.000000e+00,0.000000e+00,0.000000e+00,0.000000e+00,0.000000e+00
1.000000e+00,0.000000e+00,0.000000e+00,0.000000e+00,0.000000e+00,0.000000e+00,0.000000e+00,0.000000e+00,0.000000e+00,0.000000e+00,0.000000e+00,0.000000e+00,0.000000e+00,0.000000e+00,0.000000e+00
1.000000e+00,0.000000e+00,0.000000e+00,0.000000e+00,0.000000e+00,0.000000e+00,0.000000e+00,0.000000e+00,0.000000e+00,0.000000e+00,0.000000e+00,0.000000e+00,0.000000e+00,0.000000e+00,0.000000e+00
1.000000e+00,0.000000e+00,0.000000e+00,0.000000e+00,0.000000e+00,0.000000e+00,0.000000e+00,0.000000e+00,0.000000e+00,0.000000e+00,0.000000e+00,0.000000e+00,0.000000e+00,0.000000e+00,0.000000e+00
1.000000e+00,0.000000e+00,0.000000e+00,0.000000e+00,0.000000e+00,0.000000e+00,0.000000e+00,0.000000e+00,0.000000e+00,0.000000e+00,0.000000e+00,0.000000e+00,0.000000e+00,0.000000e+00,0.000000e+00
1.000000e+00,0.000000e+00,0.000000e+00,0.000000e+00,0.000000e+00,0.000000e+00,0.000000e+00,0.000000e+00,0.000000e+00,0.000000e+00,0.000000e+00,0.000000e+00,0.000000e+00,0.000000e+00,0.000000e+00
1.000000e+00,0.000000e+00,0.000000e+00,0.000000e+00,0.000000e+00,0.000000e+00,0.000000e+00,0.000000e+00,0.000000e+00,0.000000e+00,0.000000e+00,0.000000e+00,0.000000e+00,0.000000e+00,0.000000e+00
1.000000e+00,0.000000e+00,0.000000e+00,0.000000e+00,0.000000e+00,0.000000e+00,0.000000e+00,0.000000e+00,0.000000e+00,0.000000e+00,0.000000e+00,0.000000e+00,0.000000e+00,0.000000e+00,0.000000e+00
4.424752e-01,3.896005e-02,5.395764e-02,1.811474e-01,1.383754e-02,2.061896e-02,4.657711e-03,2.171304e-02,1.318848e-02,3.269832e-02,4.539473e-02,4.233136e-02,2.329062e-02,5.928758e-03,5.980016e-02
3.238770e-01,5.552241e-02,4.199360e-02,1.882076e-01,1.130593e-02,1.707121e-02,3.467216e-03,1.638383e-02,1.215557e-02,2.467864e-02,1.071970e-01,1.185148e-01,1.983202e-02,9.410642e-03,5.038261e-02
2.520428e-01,8.570148e-02,3.180833e-02,1.524757e-01,8.379215e-03,1.485206e-02,2.519268e-03,1.180189e-02,1.069583e-02,2.155691e-02,1.662924e-01,1.590202e-01,1.585739e-02,1.402078e-02,5.297578e-02
2.347164e-01,7.906178e-02,2.334324e-02,1.225401e-01,7.733521e-03,1.695516e-02,1.926272e-03,8.634535e-03,9.088597e-03,1.894926e-02,1.957005e-01,1.906052e-01,1.247015e-02,2.004667e-02,5.822869e-02
1.904575e-01,6.077588e-02,1.748245e-02,9.284589e-02,1.206132e-02,1.654869e-02,1.550485e-03,6.310106e-03,9.350533e-03,1.569136e-02,2.324071e-01,2.269599e-01,9.610814e-03,4.501799e-02,6.292984e-02
1.861118e-01,4.564742e-02,1.357756e-02,6.911179e-02,1.339734e-02,2.273105e-02,1.485974e-03,5.288467e-03,9.613108e-03,1.338661e-02,2.389449e-01,2.360028e-01,7.702027e-03,8.483846e-02,5.216070e-02
1.331421e-01,3.267116e-02,1.012076e-02,4.949488e-02,1.199063e-02,1.771547e-02,1.278056e-03,4.211680e-03,1.050506e-02,1.240488e-02,2.952303e-01,2.626882e-01,5.883882e-03,1.138804e-01,3.878253e-02
9.443801e-02,2.344218e-02,7.723251e-03,3.544452e-02,1.279732e-02,1.310316e-02,1.079397e-03,3.355204e-03,1.224906e-02,1.435026e-02,3.810502e-01,2.379112e-01,4.370734e-03,1.305337e-01,2.815177e-02
6.848478e-02,1.696005e-02,5.671016e-03,2.513895e-02,3.033971e-02,9.779650e-03,9.132397e-04,2.630143e-03,1.540244e-02,1.168945e-02,4.724802e-01,1.938048e-01,3.209480e-03,1.230409e-01,2.045513e-02
4.957478e-02,1.454729e-02,4.266442e-03,1.789469e-02,8.774399e-02,8.710668e-03,8.964109e-04,2.205756e-03,4.961846e-02,1.089040e-02,4.501186e-01,1.463970e-01,2.418102e-03,1.383988e-01,1.631851e-02
3.544182e-02,1.125691e-02,3.291343e-03,1.274274e-02,7.351440e-02,6.781025e-03,7.676081e-04,1.882012e-03,6.366257e-02,1.573258e-02,4.233475e-01,1.085585e-01,1.807874e-03,2.281871e-01,1.302595e-02
2.541819e-02,1.387331e-02,4.167439e-03,9.621973e-03,5.940719e-02,6.678035e-03,7.042085e-04,2.100290e-03,9.739077e-02,2.456912e-02,3.858427e-01,8.243283e-02,2.002191e-03,2.679833e-01,1.780841e-02
1.816904e-02,1.193536e-02,3.146060e-03,6.784441e-03,4.279618e-02,5.672138e-03,5.154653e-04,1.545536e-03,8.144826e-02,2.410245e-02,4.225492e-01,6.302994e-02,1.908896e-03,3.033887e-01,1.300829e-02
1.347191e-02,2.634955e-02,3.471139e-03,4.845155e-03,3.253932e-02,6.129216e-03,4.176873e-04,1.191126e-03,1.030533e-01,2.938756e-02,3.930739e-01,4.615948e-02,1.572715e-03,3.277235e-01,1.061439e-02
1.045862e-02,5.127725e-02,6.905987e-03,4.383069e-03,2.762978e-02,1.402678e-02,6.113537e-04,1.956585e-03,1.957428e-01,4.734202e-02,3.059317e-01,3.568742e-02,1.448919e-03,2.869503e-01,9.647286e-03
8.435432e-03,4.930926e-02,9.858772e-03,5.277093e-03,2.214324e-02,3.847856e-02,1.210647e-03,6.234894e-03,2.508507e-01,5.270455e-02,2.506846e-01,2.919164e-02,1.393810e-03,2.671438e-01,7.082982e-03
6.844480e-03,6.983328e-02,1.636721e-02,5.967292e-03,2.175495e-02,6.352368e-02,1.293394e-03,4.456882e-02,2.987298e-01,4.555335e-02,1.866419e-01,2.319931e-02,1.202536e-03,2.092073e-01,5.312582e-03
5.998929e-03,7.835920e-02,1.190569e-02,4.662033e-03,2.035209e-02,1.486299e-01,1.094309e-03,3.307917e-02,2.861280e-01,3.940209e-02,1.919595e-01,1.890782e-02,2.428214e-03,1.513872e-01,5.705846e-03
7.008284e-03,6.632552e-02,9.433396e-03,3.743376e-03,5.589544e-02,1.575876e-01,1.540496e-03,2.670831e-02,2.907845e-01,4.022442e-02,2.061087e-01,1.415010e-02,3.783713e-03,1.106637e-01,6.042417e-03
1.261524e-02,5.643140e-02,2.176899e-02,4.291863e-03,1.177423e-01,1.254730e-01,1.710235e-03,5.317988e-02,2.766285e-01,3.414529e-02,1.919129e-01,1.090978e-02,3.569289e-03,8.152028e-02,8.101060e-03
1.777779e-02,4.256789e-02,1.959609e-02,4.217491e-03,1.338591e-01,1.053356e-01,1.681349e-03,6.050809e-02,2.531760e-01,2.699449e-02,2.510036e-01,9.603510e-03,3.602454e-03,5.997239e-02,1.010415e-02
2.298713e-02,3.072344e-02,1.837316e-02,4.651033e-03,2.874950e-01,8.593172e-02,4.843417e-03,6.916608e-02,1.969797e-01,1.951032e-02,1.983113e-01,7.426289e-03,2.815626e-03,4.318867e-02,7.597191e-03
2.723144e-02,2.289426e-02,2.180776e-02,8.921031e-03,4.115764e-01,7.153340e-02,1.158561e-02,5.812038e-02,1.580636e-01,1.427015e-02,1.488334e-01,5.477439e-03,2.435420e-03,3.097871e-02,6.270996e-03
4.535905e-02,1.884677e-02,2.625393e-02,1.115310e-02,4.516076e-01,6.654395e-02,1.239416e-02,4.368122e-02,1.278447e-01,1.064711e-02,1.494570e-01,4.190254e-03,2.489756e-03,2.270133e-02,6.830015e-03
7.482367e-02,1.792702e-02,5.125538e-02,1.241453e-02,4.265471e-01,5.402987e-02,1.116506e-02,3.371034e-02,1.220524e-01,7.900285e-03,1.495542e-01,9.181421e-03,2.472888e-03,2.067643e-02,6.289445e-03
9.472601e-02,2.021843e-02,5.079699e-02,2.294088e-02,4.196954e-01,4.657670e-02,1.392887e-02,3.201478e-02,1.056736e-01,5.841601e-03,1.479023e-01,1.472339e-02,2.913018e-03,1.592186e-02,6.126166e-03
1.350963e-01,1.808736e-02,4.382010e-02,2.565081e-02,3.367319e-01,3.632681e-02,1.276620e-02,2.683442e-02,8.593552e-02,4.521042e-03,1.758450e-01,7.647862e-02,3.873246e-03,1.267176e-02,5.361012e-03
1.635261e-01,1.669602e-02,3.647958e-02,2.928642e-02,2.839012e-01,3.337245e-02,1.204337e-02,2.086578e-02,6.302874e-02,3.374081e-03,1.702031e-01,1.487081e-01,4.724966e-03,9.426388e-03,4.363736e-03
2.057646e-01,1.396579e-02,2.898375e-02,2.532119e-02,2.701129e-01,3.182177e-02,1.425862e-02,3.057921e-02,4.507425e-02,2.468621e-03,1.450865e-01,1.698359e-01,6.400054e-03,7.039945e-03,3.286989e-03
1.863344e-01,1.044583e-02,2.256230e-02,1.999047e-02,2.378931e-01,2.754624e-02,1.494957e-02,2.059869e-01,3.205014e-02,1.760546e-03,1.042589e-01,1.231733e-01,5.693483e-03,5.006908e-03,2.347938e-03
2.455459e-01,7.880649e-03,1.707592e-02,1.747459e-02,2.498288e-01,2.745390e-02,1.338083e-02,2.206782e-01,2.313235e-02,1.318192e-03,7.569248e-02,8.881173e-02,6.176375e-03,3.710776e-03,1.839332e-03
3.539097e-01,5.906199e-03,1.247653e-02,1.386277e-02,2.613225e-01,2.490629e-02,1.109595e-02,1.655933e-01,1.711951e-02,1.247226e-03,5.525532e-02,6.479853e-02,7.529739e-03,2.918917e-03,2.057535e-03
4.367119e-01,4.406894e-03,9.428613e-03,1.303470e-02,2.597304e-01,2.296591e-02,9.078775e-03,1.199352e-01,1.313378e-02,1.102663e-03,4.167907e-02,5.086472e-02,1.307408e-02,2.420972e-03,2.432335e-03
4.854988e-01,3.383445e-03,6.961781e-03,1.152838e-02,2.669792e-01,2.202334e-02,6.965448e-03,8.980987e-02,1.052198e-02,9.128955e-04,3.142582e-02,4.360743e-02,1.505031e-02,2.258012e-03,3.073249e-03
4.310175e-01,2.773129e-03,5.156806e-03,1.082041e-02,3.715079e-01,1.892554e-02,6.212993e-03,6.778550e-02,8.487080e-03,7.780929e-04,2.350513e-02,3.493523e-02,1.238736e-02,1.915424e-03,3.791826e-03
4.309933e-01,2.689417e-03,3.952631e-03,1.082294e-02,4.004703e-01,1.846092e-02,6.274996e-03,5.128952e-02,6.936028e-03,7.303321e-04,1.913125e-02,2.784967e-02,1.106521e-02,2.264528e-03,7.068860e-03
4.436303e-01,6.979752e-03,4.567412e-03,1.428342e-02,3.175416e-01,4.534684e-02,6.019404e-03,3.964202e-02,6.286316e-03,1.771558e-03,3.086099e-02,3.467264e-02,2.227240e-02,1.173514e-02,1.439013e-02
4.136316e-01,1.059915e-02,5.734197e-03,1.420926e-02,2.391511e-01,6.291485e-02,4.905400e-03,2.907806e-02,6.778033e-03,3.265068e-03,1.135436e-01,3.917953e-02,2.087971e-02,2.137874e-02,1.475169e-02
3.176731e-01,1.805714e-02,7.081051e-03,3.911127e-02,1.738549e-01,1.494481e-01,3.833496e-03,2.243617e-02,1.328234e-02,5.488917e-03,1.111118e-01,6.663506e-02,2.148204e-02,3.209033e-02,1.841429e-02
2.248056e-01,3.568743e-02,8.466124e-03,1.358611e-01,1.238196e-01,1.155989e-01,2.838498e-03,1.621669e-02,5.631491e-02,6.596694e-03,1.339025e-01,5.498269e-02,1.836107e-02,2.608815e-02,4.046004e-02
1.671153e-01,3.605228e-02,9.143423e-03,1.237006e-01,8.823986e-02,8.825342e-02,2.196235e-03,1.163415e-02,7.431301e-02,1.219220e-02,2.366466e-01,6.006745e-02,2.087617e-02,2.458869e-02,4.498059e-02
1.186307e-01,3.559098e-02,1.280344e-02,2.311051e-01,6.519403e-02,6.285968e-02,1.601555e-03,8.624231e-03,1.380151e-01,1.225031e-02,1.796529e-01,4.578376e-02,1.774116e-02,1.886726e-02,5.127978e-02
8.785994e-02,4.268798e-02,4.148740e-02,2.844341e-01,4.821090e-02,4.574111e-02,1.176736e-03,6.281407e-03,1.113352e-01,1.599647e-02,1.443941e-01,3.334321e-02,1.297525e-02,1.948482e-02,1.045914e-01
7.345839e-02,4.109458e-02,4.083673e-02,2.328997e-01,3.440787e-02,3.357878e-02,8.869368e-04,4.574526e-03,8.773343e-02,2.056294e-02,1.126014e-01,2.425663e-02,1.001386e-02,5.687572e-02,2.262185e-01
5.896296e-02,3.561337e-02,3.029687e-02,1.649267e-01,2.454649e-02,2.642899e-02,6.680818e-04,3.362724e-03,6.748414e-02,1.876634e-02,8.276794e-02,1.737699e-02,7.392321e-03,1.107509e-01,3.506552e-01
4.329585e-02,3.049044e-02,2.362731e-02,1.157760e-01,1.757334e-02,2.061347e-02,5.273474e-04,2.492704e-03,6.276312e-02,5.126253e-02,5.992868e-02,1.260480e-02,6.282388e-03,2.216491e-01,3.311130e-01
3.062304e-02,2.390171e-02,1.740546e-02,8.109844e-02,1.240317e-02,1.493360e-02,3.759830e-04,1.761251e-03,5.945089e-02,5.825046e-02,4.275475e-02,8.900852e-03,4.556435e-03,2.570373e-01,3.865467e-01
2.194064e-02,2.139766e-02,1.304900e-02,5.803973e-02,8.866943e-03,1.091387e-02,3.028021e-04,1.284276e-03,8.348998e-02,1.113684e-01,3.076704e-02,6.346449e-03,3.299596e-03,2.257690e-01,4.031646e-01
1.719925e-02,2.003053e-02,1.239677e-02,4.172822e-02,6.543133e-03,8.494307e-03,3.227651e-04,1.012925e-03,7.890639e-02,1.719632e-01,2.237311e-02,4.725348e-03,2.571426e-03,2.443094e-01,3.674232e-01
1.319665e-02,1.719780e-02,1.135095e-02,2.949680e-02,4.726536e-03,6.247632e-03,2.680641e-04,7.458625e-04,6.957794e-02,1.590111e-01,1.624217e-02,3.412492e-03,1.964488e-03,3.617756e-01,3.047858e-01
1.492465e-02,2.489914e-02,1.260826e-02,2.245991e-02,4.197544e-03,6.444160e-03,2.622895e-04,6.384276e-04,8.564153e-02,1.550268e-01,1.251830e-02,2.594453e-03,1.988529e-03,3.621222e-01,2.936738e-01
1.544884e-02,2.088744e-02,1.511418e-02,2.415335e-02,3.434425e-03,5.046133e-03,2.797740e-04,6.348397e-04,1.520965e-01,1.355795e-01,9.304990e-03,1.973387e-03,1.682401e-03,2.644930e-01,3.498712e-01
7.697461e-02,4.862051e-02,4.780536e-02,3.757521e-02,5.567964e-03,6.275480e-03,8.229726e-04,6.910732e-03,1.635227e-01,1.060105e-01,7.596968e-03,2.923091e-03,1.880020e-03,1.981847e-01,2.893291e-01
1.754802e-01,4.825887e-02,6.651782e-02,4.877312e-02,7.973569e-03,7.901909e-03,1.947753e-03,1.595737e-02,1.391978e-01,8.012337e-02,6.712331e-03,3.102373e-03,1.966279e-03,1.525920e-01,2.434951e-01
3.075567e-01,4.332044e-02,5.856129e-02,5.010483e-02,1.498715e-02,1.795310e-02,3.541633e-03,1.730585e-02,1.178946e-01,5.799463e-02,6.720618e-03,6.520960e-03,3.198030e-03,1.127955e-01,1.815447e-01
4.024563e-01,4.127978e-02,4.805563e-02,4.571806e-02,2.477858e-02,2.443640e-02,3.980112e-03,1.480417e-02,9.625767e-02,4.236006e-02,5.803426e-03,6.796629e-03,3.612668e-03,8.637162e-02,1.532889e-01
4.873089e-01,3.780930e-02,5.737464e-02,4.609325e-02,2.870931e-02,2.034091e-02,4.280289e-03,1.857400e-02,7.693128e-02,3.092183e-02,5.349835e-03,9.180130e-03,4.245775e-03,6.175809e-02,1.111223e-01
1.000000e+00,0.000000e+00,0.000000e+00,0.000000e+00,0.000000e+00,0.000000e+00,0.000000e+00,0.000000e+00,0.000000e+00,0.000000e+00,0.000000e+00,0.000000e+00,0.000000e+00,0.000000e+00,0.000000e+00
1.000000e+00,0.000000e+00,0.000000e+00,0.000000e+00,0.000000e+00,0.000000e+00,0.000000e+00,0.000000e+00,0.000000e+00,0.000000e+00,0.000000e+00,0.000000e+00,0.000000e+00,0.000000e+00,0.000000e+00
1.000000e+00,0.000000e+00,0.000000e+00,0.000000e+00,0.000000e+00,0.000000e+00,0.000000e+00,0.000000e+00,0.000000e+00,0.000000e+00,0.000000e+00,0.000000e+00,0.000000e+00,0.000000e+00,0.000000e+00
1.000000e+00,0.000000e+00,0.000000e+00,0.000000e+00,0.000000e+00,0.000000e+00,0.000000e+00,0.000000e+00,0.000000e+00,0.000000e+00,0.000000e+00,0.000000e+00,0.000000e+00,0.000000e+00,0.000000e+00
1.000000e+00,0.000000e+00,0.000000e+00,0.000000e+00,0.000000e+00,0.000000e+00,0.000000e+00,0.000000e+00,0.000000e+00,0.000000e+00,0.000000e+00,0.000000e+00,0.000000e+00,0.000000e+00,0.000000e+00
1.000000e+00,0.000000e+00,0.000000e+00,0.000000e+00,0.000000e+00,0.000000e+00,0.000000e+00,0.000000e+00,0.000000e+00,0.000000e+00,0.000000e+00,0.000000e+00,0.000000e+00,0.000000e+00,0.000000e+00
1.000000e+00,0.000000e+00,0.000000e+00,0.000000e+00,0.000000e+00,0.000000e+00,0.000000e+00,0.000000e+00,0.000000e+00,0.000000e+00,0.000000e+00,0.000000e+00,0.000000e+00,0.000000e+00,0.000000e+00
1.000000e+00,0.000000e+00,0.000000e+00,0.000000e+00,0.000000e+00,0.000000e+00,0.000000e+00,0.000000e+00,0.000000e+00,0.000000e+00,0.000000e+00,0.000000e+00,0.000000e+00,0.000000e+00,0.000000e+00
1.000000e+00,0.000000e+00,0.000000e+00,0.000000e+00,0.000000e+00,0.000000e+00,0.000000e+00,0.000000e+00,0.000000e+00,0.000000e+00,0.000000e+00,0.000000e+00,0.000000e+00,0.000000e+00,0.000000e+00
1.000000e+00,0.000000e+00,0.000000e+00,0.000000e+00,0.000000e+00,0.000000e+00,0.000000e+00,0.000000e+00,0.000000e+00,0.000000e+00,0.000000e+00,0.000000e+00,0.000000e+00,0.000000e+00,0.000000e+00
1.000000e+00,0.000000e+00,0.000000e+00,0.000000e+00,0.000000e+00,0.000000e+00,0.000000e+00,0.000000e+00,0.000000e+00,0.000000e+00,0.000000e+00,0.000000e+00,0.000000e+00,0.000000e+00,0.000000e+00
1.000000e+00,0.000000e+00,0.000000e+00,0.000000e+00,0.000000e+00,0.000000e+00,0.000000e+00,0.000000e+00,0.000000e+00,0.000000e+00,0.000000e+00,0.000000e+00,0.000000e+00,0.000000e+00,0.000000e+00
4.610754e-01,7.543423e-03,4.387944e-02,1.374867e-02,8.174403e-03,4.603982e-02,4.363978e-03,3.986463e-02,9.730971e-03,3.332084e-03,2.262849e-02,3.104762e-01,8.714739e-03,6.022665e-03,1.440511e-02
3.717056e-01,8.132552e-03,4.013186e-02,1.042023e-02,7.425091e-03,4.891898e-02,3.421302e-03,2.909348e-02,8.045654e-03,1.020146e-02,4.098600e-02,3.965063e-01,6.550072e-03,5.686827e-03,1.277461e-02
3.110557e-01,6.175596e-03,2.842941e-02,7.660384e-03,5.575920e-03,3.841824e-02,2.582529e-03,2.056567e-02,6.127262e-03,1.560360e-02,5.509341e-02,4.826822e-01,4.780016e-03,5.176266e-03,1.007391e-02
2.388417e-01,5.676459e-03,2.026146e-02,5.537738e-03,5.267353e-03,2.931023e-02,1.996734e-03,1.463478e-02,5.181424e-03,3.201664e-02,7.439642e-02,5.510448e-01,3.671909e-03,4.631420e-03,7.531027e-03
1.868652e-01,4.243105e-03,1.422794e-02,4.394506e-03,4.919184e-03,2.224563e-02,1.529939e-03,1.035447e-02,5.229931e-03,3.461803e-02,6.584438e-02,6.327167e-01,2.808817e-03,4.200721e-03,5.801418e-03
1.342476e-01,3.440049e-03,1.031289e-02,3.869218e-03,9.392154e-03,1.769525e-02,1.733253e-03,8.095852e-03,4.963182e-03,3.068180e-02,5.789102e-02,7.068692e-01,2.612623e-03,4.032920e-03,4.162974e-03
9.449803e-02,2.605948e-03,7.254625e-03,2.861831e-03,8.895519e-03,1.316498e-02,1.250083e-03,5.742727e-03,4.023081e-03,2.700569e-02,5.684684e-02,7.673566e-01,2.106799e-03,3.443213e-03,2.943990e-03
6.628417e-02,1.919199e-03,5.102017e-03,2.069200e-03,7.325070e-03,9.746275e-03,8.913032e-04,4.109733e-03,3.233438e-03,2.001126e-02,5.366068e-02,8.192729e-01,1.562537e-03,2.727675e-03,2.084489e-03
4.714612e-02,2.555486e-03,3.757028e-03,1.676407e-03,1.229541e-02,8.338301e-03,7.980210e-04,4.244400e-03,3.749214e-03,1.484871e-02,6.922635e-02,8.261835e-01,1.155105e-03,2.471818e-03,1.554017e-03
3.410199e-02,2.978903e-03,2.832328e-03,1.370370e-03,1.418404e-02,7.847346e-03,7.790491e-04,4.742749e-03,3.837933e-03,1.109585e-02,6.366716e-02,8.483763e-01,9.016241e-04,2.140624e-03,1.143632e-03
2.464301e-02,8.833079e-03,3.609727e-03,1.378458e-03,1.473599e-02,9.428518e-03,8.486393e-04,8.750743e-03,6.207114e-03,8.598238e-03,8.711156e-02,8.221140e-01,8.896393e-04,1.968663e-03,8.825899e-04
1.829751e-02,9.583464e-03,3.383861e-03,1.389924e-03,1.941442e-02,1.248509e-02,8.354970e-04,1.164318e-02,1.152767e-02,7.409968e-03,8.782372e-02,8.127677e-01,8.307522e-04,1.717120e-03,8.900958e-04
1.507523e-02,4.069075e-02,1.258632e-02,1.632790e-03,4.394961e-02,1.758014e-02,1.569519e-03,2.080065e-02,3.490433e-02,7.994542e-03,8.265638e-02,7.160848e-01,1.809487e-03,1.825583e-03,8.397952e-04
1.208288e-02,2.982524e-02,7.442803e-02,6.385788e-03,3.976992e-02,1.391601e-02,3.173466e-03,2.054300e-01,2.848323e-02,7.558313e-03,5.880694e-02,5.164891e-01,1.675017e-03,1.338191e-03,6.378220e-04
1.121044e-02,2.777168e-02,2.473213e-01,1.265747e-02,7.479621e-02,1.547689e-02,4.355017e-03,1.546203e-01,2.681968e-02,6.314088e-03,4.246466e-02,3.731268e-01,1.515421e-03,1.004477e-03,5.455127e-04
9.983032e-03,2.266431e-02,4.009647e-01,1.169422e-02,1.021047e-01,1.367046e-02,6.806422e-03,1.122197e-01,2.034310e-02,4.728165e-03,3.003321e-02,2.624837e-01,1.150523e-03,7.494200e-04,4.044650e-04
1.243044e-02,2.115478e-02,4.661528e-01,1.101867e-02,1.430043e-01,1.849986e-02,1.973942e-02,7.949327e-02,1.638352e-02,3.890200e-03,2.138441e-02,1.849070e-01,9.062716e-04,7.047126e-04,3.301880e-04
2.609689e-02,2.741854e-02,3.857834e-01,2.891093e-02,2.527540e-01,2.203451e-02,2.764292e-02,6.437638e-02,1.360694e-02,3.436971e-03,1.613703e-02,1.298893e-01,8.534739e-04,7.215621e-04,3.372021e-04
5.326317e-02,3.502599e-02,2.916223e-01,6.002644e-02,3.285220e-01,3.299638e-02,2.564272e-02,5.100448e-02,1.053466e-02,4.555116e-03,1.322682e-02,9.126054e-02,9.575400e-04,8.641798e-04,4.976623e-04
1.044946e-01,3.479934e-02,2.326375e-01,1.132889e-01,3.015117e-01,3.923295e-02,1.942714e-02,3.657095e-02,9.316936e-03,2.250965e-02,1.749492e-02,6.456619e-02,1.179388e-03,2.089412e-03,8.804615e-04
9.490785e-02,6.847148e-02,1.679479e-01,1.648083e-01,3.199426e-01,3.838992e-02,1.466208e-02,3.255694e-02,7.690345e-03,2.205699e-02,1.692344e-02,4.711813e-02,1.626529e-03,1.739024e-03,1.158511e-03
1.175826e-01,5.781604e-02,1.266642e-01,2.098867e-01,2.752514e-01,3.706327e-02,1.110745e-02,2.540199e-02,8.004121e-03,6.665913e-02,2.070312e-02,3.749122e-02,2.555768e-03,2.002091e-03,1.810985e-03
1.643837e-01,4.642634e-02,1.040546e-01,2.344932e-01,2.514670e-01,3.137911e-02,8.533469e-03,2.154949e-02,9.211210e-03,6.870182e-02,2.064187e-02,3.072942e-02,3.711090e-03,2.226560e-03,2.491187e-03
1.954984e-01,3.775052e-02,8.347873e-02,2.297291e-01,2.122718e-01,7.170307e-02,6.633139e-03,3.423214e-02,7.890612e-03,5.060093e-02,2.622722e-02,3.044164e-02,5.719346e-03,4.186453e-03,3.636898e-03
1.925846e-01,2.821038e-02,6.079587e-02,1.761377e-01,1.542899e-01,2.164739e-01,4.903310e-03,2.614054e-02,7.670446e-03,3.781367e-02,5.100149e-02,2.453911e-02,5.452625e-03,8.949549e-03,5.036893e-03
1.771681e-01,2.251193e-02,4.673335e-02,1.427570e-01,1.115878e-01,2.993155e-01,3.661508e-03,2.316445e-02,3.437062e-02,4.118854e-02,4.380417e-02,1.826363e-02,6.051783e-03,1.779089e-02,1.163073e-02
1.874023e-01,1.896320e-02,3.757392e-02,1.078229e-01,7.987558e-02,3.105195e-01,2.905283e-03,1.953637e-02,4.407733e-02,7.532710e-02,4.205833e-02,1.456026e-02,7.955333e-03,2.977476e-02,2.164792e-02
1.395188e-01,1.653820e-02,2.709826e-02,8.958957e-02,5.646625e-02,2.808598e-01,2.216692e-03,1.416561e-02,1.381764e-01,8.149662e-02,6.087676e-02,1.212335e-02,9.506816e-03,2.969233e-02,4.167451e-02
1.014704e-01,1.379325e-02,2.053913e-02,6.896260e-02,3.996342e-02,2.178066e-01,1.669092e-03,1.042031e-02,2.222901e-01,6.719310e-02,7.472654e-02,9.684265e-03,1.211881e-02,6.613353e-02,7.322883e-02
8.277030e-02,1.113947e-02,1.530827e-02,5.017188e-02,2.847767e-02,1.671410e-01,1.573396e-03,7.676877e-03,2.612357e-01,8.306804e-02,6.132134e-02,7.480423e-03,1.075605e-02,7.968047e-02,1.321991e-01
5.958630e-02,8.213661e-03,1.115552e-02,3.546795e-02,2.088351e-02,1.204238e-01,1.310410e-03,5.528697e-03,2.108355e-01,9.081917e-02,6.296917e-02,6.041234e-03,1.386490e-02,1.166952e-01,2.362050e-01
4.764267e-02,6.736764e-03,8.159382e-03,2.516840e-02,1.549204e-02,8.751917e-02,1.067671e-03,3.931695e-03,1.758258e-01,1.004594e-01,5.425337e-02,4.995942e-03,1.311616e-02,1.365413e-01,3.190902e-01
4.183072e-02,5.538240e-03,6.020943e-03,1.770238e-02,1.161836e-02,6.414272e-02,8.395826e-04,2.799835e-03,1.320015e-01,1.505048e-01,4.958477e-02,4.461116e-03,1.280415e-02,1.583975e-01,3.417534e-01
4.164935e-02,4.396487e-03,5.043420e-03,1.290159e-02,9.515068e-03,4.903942e-02,6.453886e-04,2.084753e-03,1.038915e-01,2.041166e-01,4.841784e-02,4.838792e-03,1.148648e-02,1.320969e-01,3.698764e-01
7.261265e-02,3.456030e-03,3.938592e-03,9.509861e-03,7.810673e-03,4.027600e-02,5.199820e-04,1.549991e-03,8.107664e-02,2.918862e-01,4.909050e-02,6.331732e-03,1.256233e-02,1.114398e-01,3.079390e-01
5.363514e-02,2.546781e-03,3.078765e-03,6.765286e-03,6.122581e-03,2.983677e-02,3.794309e-04,1.184317e-03,6.216234e-02,3.847076e-01,4.482890e-02,5.006035e-03,1.177455e-02,8.611653e-02,3.018549e-01
4.086480e-02,1.854814e-03,2.323327e-03,4.866906e-03,5.945952e-03,2.183565e-02,2.945705e-04,9.069437e-04,4.531316e-02,3.292238e-01,3.457698e-02,3.745842e-03,9.030611e-03,6.379934e-02,4.354173e-01
3.130227e-02,1.565577e-03,2.094876e-03,3.570830e-03,1.290304e-02,1.563987e-02,2.199996e-04,1.076507e-03,3.949094e-02,3.192158e-01,2.907406e-02,3.035899e-03,7.724743e-03,5.113086e-02,4.819548e-01
2.489049e-02,3.006447e-03,1.114144e-02,3.047278e-03,1.416419e-02,1.176489e-02,1.741627e-04,4.002114e-03,5.297959e-02,4.296891e-01,2.793347e-02,3.102222e-03,7.025228e-03,5.558840e-02,3.514910e-01
2.408954e-02,5.596557e-03,3.498886e-02,3.883669e-03,2.073937e-02,9.851923e-03,2.381934e-04,7.554810e-03,7.272545e-02,4.830476e-01,2.662208e-02,3.335734e-03,6.632856e-03,4.632700e-02,2.543664e-01
1.897473e-02,5.410952e-03,3.739281e-02,4.030412e-03,2.993183e-02,7.723496e-03,2.982639e-04,2.401333e-02,7.167593e-02,5.276319e-01,3.257233e-02,7.880043e-03,1.010803e-02,4.149612e-02,1.808598e-01
1.606210e-02,6.880431e-03,3.532590e-02,4.129973e-03,4.825531e-02,6.701132e-03,3.120396e-04,3.056575e-02,5.751599e-02,5.854404e-01,2.984020e-02,7.123066e-03,8.618305e-03,3.539527e-02,1.278342e-01
1.657538e-02,6.935209e-03,5.012313e-02,1.006019e-02,6.237939e-02,6.680573e-03,1.069949e-03,1.298625e-01,4.398008e-02,5.178352e-01,2.294071e-02,5.760645e-03,7.800347e-03,2.810194e-02,8.989476e-02
1.904868e-02,1.217890e-02,5.515954e-02,2.324562e-02,2.116819e-01,5.970871e-03,3.739046e-03,1.207416e-01,5.880444e-02,3.793590e-01,1.663207e-02,4.250016e-03,5.714708e-03,2.011407e-02,6.335962e-02
2.324400e-02,1.214244e-02,4.643400e-02,2.308776e-02,3.360945e-01,8.300283e-03,1.025533e-02,1.021904e-01,7.512252e-02,2.848580e-01,1.191680e-02,3.068772e-03,4.152178e-03,1.433205e-02,4.480101e-02
3.142060e-02,1.322127e-02,4.502472e-02,3.363266e-02,4.144736e-01,1.006554e-02,1.558306e-02,8.175111e-02,6.365712e-02,2.351359e-01,8.616920e-03,2.304765e-03,3.069138e-03,1.028313e-02,3.176049e-02
4.667714e-02,1.877630e-02,3.891257e-02,5.387100e-02,4.294510e-01,1.320555e-02,1.857681e-02,7.032135e-02,5.520580e-02,2.133875e-01,6.764741e-03,1.917211e-03,2.527552e-03,7.692343e-03,2.271311e-02
1.005807e-01,3.716141e-02,2.964691e-02,8.185203e-02,3.908165e-01,1.778834e-02,1.961729e-02,5.922067e-02,5.886841e-02,1.679832e-01,8.201878e-03,2.295591e-03,2.778298e-03,6.215526e-03,1.697327e-02
1.490427e-01,4.643834e-02,2.267590e-02,9.729068e-02,3.587083e-01,1.955059e-02,1.809508e-02,4.388587e-02,7.699981e-02,1.315250e-01,1.058580e-02,3.386841e-03,3.641449e-03,5.284570e-03,1.288915e-02
1.989586e-01,4.785075e-02,1.764377e-02,1.190865e-01,2.996879e-01,1.697866e-02,1.619510e-02,3.387151e-02,8.225600e-02,1.215526e-01,1.440815e-02,1.047211e-02,5.195115e-03,4.561043e-03,1.128226e-02
2.401580e-01,3.971035e-02,1.417570e-02,1.351660e-01,2.506379e-01,1.374039e-02,1.536435e-02,2.700504e-02,9.711340e-02,1.160741e-01,1.573830e-02,1.490687e-02,7.968909e-03,3.557143e-03,8.683628e-03
3.121231e-01,3.403029e-02,1.084275e-02,1.073554e-01,2.296179e-01,1.163871e-02,1.177474e-02,2.093418e-02,1.225180e-01,9.658466e-02,1.310538e-02,1.319699e-02,6.781579e-03,2.707577e-03,6.788728e-03
4.429275e-01,2.747306e-02,8.313380e-03,8.523035e-02,1.853917e-01,1.016541e-02,8.843843e-03,1.539764e-02,1.050962e-01,6.968895e-02,1.103943e-02,1.446752e-02,7.931256e-03,2.096811e-03,5.936930e-03
1.000000e+00,0.000000e+00,0.000000e+00,0.000000e+00,0.000000e+00,0.000000e+00,0.000000e+00,0.000000e+00,0.000000e+00,0.000000e+00,0.000000e+00,0.000000e+00,0.000000e+00,0.000000e+00,0.000000e+00
1.000000e+00,0.000000e+00,0.000000e+00,0.000000e+00,0.000000e+00,0.000000e+00,0.000000e+00,0.000000e+00,0.000000e+00,0.000000e+00,0.000000e+00,0.000000e+00,0.000000e+00,0.000000e+00,0.000000e+00
1.000000e+00,0.000000e+00,0.000000e+00,0.000000e+00,0.000000e+00,0.000000e+00,0.000000e+00,0.000000e+00,0.000000e+00,0.000000e+00,0.000000e+00,0.000000e+00,0.000000e+00,0.000000e+00,0.000000e+00
1.000000e+00,0.000000e+00,0.000000e+00,0.000000e+00,0.000000e+00,0.000000e+00,0.000000e+00,0.000000e+00,0.000000e+00,0.000000e+00,0.000000e+00,0.000000e+00,0.000000e+00,0.000000e+00,0.000000e+00
3.869755e-01,1.338246e-02,7.697216e-03,2.863555e-02,4.684162e-02,1.921797e-02,1.253686e-02,4.174635e-01,2.167098e-02,1.298265e-02,5.648829e-03,1.376134e-02,7.097613e-03,1.493258e-03,4.594545e-03
3.616531e-01,1.159775e-02,8.598149e-03,2.248655e-02,3.757158e-02,1.627858e-02,1.528310e-02,4.737869e-01,1.573697e-02,9.733470e-03,4.559439e-03,1.112606e-02,5.923700e-03,1.155126e-03,4.509483e-03
3.867210e-01,1.077754e-02,8.747993e-03,1.987614e-02,3.253314e-02,1.523280e-02,1.573022e-02,4.633448e-01,1.184740e-02,7.576394e-03,4.255917e-03,1.117397e-02,6.243612e-03,9.905136e-04,4.948511e-03
4.114157e-01,1.088131e-02,8.973743e-03,1.880325e-02,2.784089e-02,1.809281e-02,1.611143e-02,4.403852e-01,8.818408e-03,5.966408e-03,3.902880e-03,1.381082e-02,6.720620e-03,1.251433e-03,7.025127e-03
4.305979e-01,1.087743e-02,8.673538e-03,2.074625e-02,2.245577e-02,2.084708e-02,1.264821e-02,4.169984e-01,7.000299e-03,4.885318e-03,4.447147e-03,2.185786e-02,7.478222e-03,1.848908e-03,8.637675e-03
4.614181e-01,9.549300e-03,7.646273e-03,2.047795e-02,1.901108e-02,2.014032e-02,9.633719e-03,3.727192e-01,6.243287e-03,4.538698e-03,7.373353e-03,3.364236e-02,1.314528e-02,2.889453e-03,1.157165e-02
4.622283e-01,1.248878e-02,7.120841e-03,2.485743e-02,1.607102e-02,1.978365e-02,7.293503e-03,2.966486e-01,2.027800e-02,1.075020e-02,1.358390e-02,5.123592e-02,2.159707e-02,4.538177e-03,3.152466e-02
4.496415e-01,1.652180e-02,1.125703e-02,4.484385e-02,1.350243e-02,2.379641e-02,5.631434e-03,2.347649e-01,2.479876e-02,1.512727e-02,1.707423e-02,6.413092e-02,2.380477e-02,5.157123e-03,4.994760e-02
3.667312e-01,3.034258e-02,1.457221e-02,1.408198e-01,1.260810e-02,2.321510e-02,4.330509e-03,1.737884e-01,3.440184e-02,1.619383e-02,1.614178e-02,8.333043e-02,2.641008e-02,4.284974e-03,5.282924e-02
4.499767e-01,2.398399e-02,1.251180e-02,1.085553e-01,1.007697e-02,2.405035e-02,3.602598e-03,1.534110e-01,3.056415e-02,1.403303e-02,1.684798e-02,7.161091e-02,2.582349e-02,4.359570e-03,5.059217e-02
1.000000e+00,0.000000e+00,0.000000e+00,0.000000e+00,0.000000e+00,0.000000e+00,0.000000e+00,0.000000e+00,0.000000e+00,0.000000e+00,0.000000e+00,0.000000e+00,0.000000e+00,0.000000e+00,0.000000e+00
1.000000e+00,0.000000e+00,0.000000e+00,0.000000e+00,0.000000e+00,0.000000e+00,0.000000e+00,0.000000e+00,0.000000e+00,0.000000e+00,0.000000e+00,0.000000e+00,0.000000e+00,0.000000e+00,0.000000e+00
1.000000e+00,0.000000e+00,0.000000e+00,0.000000e+00,0.000000e+00,0.000000e+00,0.000000e+00,0.000000e+00,0.000000e+00,0.000000e+00,0.000000e+00,0.000000e+00,0.000000e+00,0.000000e+00,0.000000e+00
1.000000e+00,0.000000e+00,0.000000e+00,0.000000e+00,0.000000e+00,0.000000e+00,0.000000e+00,0.000000e+00,0.000000e+00,0.000000e+00,0.000000e+00,0.000000e+00,0.000000e+00,0.000000e+00,0.000000e+00
1.000000e+00,0.000000e+00,0.000000e+00,0.000000e+00,0.000000e+00,0.000000e+00,0.000000e+00,0.000000e+00,0.000000e+00,0.000000e+00,0.000000e+00,0.000000e+00,0.000000e+00,0.000000e+00,0.000000e+00
1.000000e+00,0.000000e+00,0.000000e+00,0.000000e+00,0.000000e+00,0.000000e+00,0.000000e+00,0.000000e+00,0.000000e+00,0.000000e+00,0.000000e+00,0.000000e+00,0.000000e+00,0.000000e+00,0.000000e+00
1.000000e+00,0.000000e+00,0.000000e+00,0.000000e+00,0.000000e+00,0.000000e+00,0.000000e+00,0.000000e+00,0.000000e+00,0.000000e+00,0.000000e+00,0.000000e+00,0.000000e+00,0.000000e+00,0.000000e+00
1.000000e+00,0.000000e+00,0.000000e+00,0.000000e+00,0.000000e+00,0.000000e+00,0.000000e+00,0.000000e+00,0.000000e+00,0.000000e+00,0.000000e+00,0.000000e+00,0.000000e+00,0.000000e+00,0.000000e+00
1.000000e+00,0.000000e+00,0.000000e+00,0.000000e+00,0.000000e+00,0.000000e+00,0.000000e+00,0.000000e+00,0.000000e+00,0.000000e+00,0.000000e+00,0.000000e+00,0.000000e+00,0.000000e+00,0.000000e+00
1.000000e+00,0.000000e+00,0.000000e+00,0.000000e+00,0.000000e+00,0.000000e+00,0.000000e+00,0.000000e+00,0.000000e+00,0.000000e+00,0.000000e+00,0.000000e+00,0.000000e+00,0.000000e+00,0.000000e+00
4.415508e-01,4.433761e-02,1.935039e-02,8.563948e-02,1.852540e-02,1.628770e-02,2.132611e-03,1.877920e-01,7.422236e-02,5.642725e-03,2.557976e-02,3.475767e-02,1.296598e-02,4.455674e-03,2.675990e-02
4.608069e-01,4.261997e-02,1.744053e-02,6.368006e-02,1.619918e-02,1.507442e-02,2.050165e-03,2.240704e-01,6.456120e-02,8.512042e-03,1.997218e-02,2.610582e-02,1.224872e-02,4.644942e-03,2.201338e-02
4.586405e-01,7.153740e-02,1.547818e-02,4.833803e-02,1.787664e-02,2.177152e-02,2.037427e-03,1.857788e-01,8.956753e-02,1.175001e-02,1.613847e-02,1.992139e-02,1.460672e-02,5.643346e-03,2.091402e-02
1.000000e+00,0.000000e+00,0.000000e+00,0.000000e+00,0.000000e+00,0.000000e+00,0.000000e+00,0.000000e+00,0.000000e+00,0.000000e+00,0.000000e+00,0.000000e+00,0.000000e+00,0.000000e+00,0.000000e+00
1.000000e+00,0.000000e+00,0.000000e+00,0.000000e+00,0.000000e+00,0.000000e+00,0.000000e+00,0.000000e+00,0.000000e+00,0.000000e+00,0.000000e+00,0.000000e+00,0.000000e+00,0.000000e+00,0.000000e+00
1.000000e+00,0.000000e+00,0.000000e+00,0.000000e+00,0.000000e+00,0.000000e+00,0.000000e+00,0.000000e+00,0.000000e+00,0.000000e+00,0.000000e+00,0.000000e+00,0.000000e+00,0.000000e+00,0.000000e+00
1.000000e+00,0.000000e+00,0.000000e+00,0.000000e+00,0.000000e+00,0.000000e+00,0.000000e+00,0.000000e+00,0.000000e+00,0.000000e+00,0.000000e+00,0.000000e+00,0.000000e+00,0.000000e+00,0.000000e+00
1.000000e+00,0.000000e+00,0.000000e+00,0.000000e+00,0.000000e+00,0.000000e+00,0.000000e+00,0.000000e+00,0.000000e+00,0.000000e+00,0.000000e+00,0.000000e+00,0.000000e+00,0.000000e+00,0.000000e+00
1.000000e+00,0.000000e+00,0.000000e+00,0.000000e+00,0.000000e+00,0.000000e+00,0.000000e+00,0.000000e+00,0.000000e+00,0.000000e+00,0.000000e+00,0.000000e+00,0.000000e+00,0.000000e+00,0.000000e+00
1.000000e+00,0.000000e+00,0.000000e+00,0.000000e+00,0.000000e+00,0.000000e+00,0.000000e+00,0.000000e+00,0.000000e+00,0.000000e+00,0.000000e+00,0.000000e+00,0.000000e+00,0.000000e+00,0.000000e+00
1.000000e+00,0.000000e+00,0.000000e+00,0.000000e+00,0.000000e+00,0.000000e+00,0.000000e+00,0.000000e+00,0.000000e+00,0.000000e+00,0.000000e+00,0.000000e+00,0.000000e+00,0.000000e+00,0.000000e+00
1.000000e+00,0.000000e+00,0.000000e+00,0.000000e+00,0.000000e+00,0.000000e+00,0.000000e+00,0.000000e+00,0.000000e+00,0.000000e+00,0.000000e+00,0.000000e+00,0.000000e+00,0.000000e+00,0.000000e+00
1.000000e+00,0.000000e+00,0.000000e+00,0.000000e+00,0.000000e+00,0.000000e+00,0.000000e+00,0.000000e+00,0.000000e+00,0.000000e+00,0.000000e+00,0.000000e+00,0.000000e+00,0.000000e+00,0.000000e+00
1.000000e+00,0.000000e+00,0.000000e+00,0.000000e+00,0.000000e+00,0.000000e+00,0.000000e+00,0.000000e+00,0.000000e+00,0.000000e+00,0.000000e+00,0.000000e+00,0.000000e+00,0.000000e+00,0.000000e+00
4.847455e-01,6.820749e-03,7.933300e-03,8.336223e-03,5.795043e-03,1.116629e-02,4.200213e-03,4.395963e-01,7.162288e-03,2.241899e-03,2.253185e-03,8.707211e-03,3.295595e-03,1.297577e-03,6.448607e-03
3.854556e-01,4.913263e-03,5.959684e-03,7.397836e-03,4.922953e-03,8.390886e-03,3.047642e-03,5.556961e-01,5.418077e-03,1.750231e-03,1.747123e-03,6.984916e-03,2.541225e-03,9.672522e-04,4.807278e-03
4.109322e-01,3.790668e-03,5.049289e-03,8.180010e-03,4.693067e-03,7.972595e-03,2.368133e-03,5.328791e-01,5.112944e-03,1.511308e-03,1.891145e-03,7.578844e-03,2.541698e-03,9.093827e-04,4.589718e-03
3.916049e-01,2.997400e-03,4.660277e-03,8.534908e-03,4.693493e-03,6.657870e-03,1.912831e-03,5.554839e-01,5.301829e-03,1.340419e-03,2.096165e-03,7.079559e-03,2.283795e-03,8.992244e-04,4.453531e-03
4.036736e-01,4.291540e-03,6.085137e-03,2.017955e-02,6.413495e-03,8.420059e-03,1.796716e-03,4.850301e-01,2.919790e-02,3.656161e-03,4.737168e-03,8.731798e-03,3.502099e-03,1.444588e-03,1.284016e-02
3.920818e-01,4.144149e-03,5.670708e-03,1.877999e-02,6.944416e-03,7.628577e-03,1.427140e-03,4.877586e-01,3.580227e-02,3.312755e-03,5.275244e-03,8.443335e-03,3.612661e-03,1.807023e-03,1.731139e-02
3.571604e-01,3.535427e-03,4.608806e-03,1.578263e-02,5.647512e-03,8.486965e-03,1.140047e-03,4.689420e-01,9.651961e-02,2.721490e-03,5.615329e-03,7.411029e-03,3.689977e-03,2.349317e-03,1.638949e-02
3.233569e-01,4.106547e-03,4.170015e-03,1.594094e-02,4.728021e-03,1.089739e-02,9.439769e-04,3.596214e-01,2.241008e-01,3.382130e-03,9.620985e-03,8.280311e-03,4.246390e-03,5.566759e-03,2.103744e-02
2.684486e-01,4.400586e-03,4.479613e-03,1.814337e-02,3.913007e-03,9.631540e-03,7.249737e-04,2.589070e-01,3.708001e-01,3.905821e-03,1.018541e-02,7.975284e-03,4.719837e-03,7.155627e-03,2.660916e-02
2.563960e-01,6.490250e-03,4.176610e-03,1.387240e-02,2.942331e-03,9.416698e-03,6.164057e-04,1.827291e-01,4.073406e-01,1.888648e-02,1.056427e-02,7.854834e-03,7.312024e-03,2.372046e-02,4.768153e-02
3.420946e-01,6.772579e-03,3.915277e-03,1.168879e-02,2.442712e-03,9.365560e-03,6.770822e-04,1.291128e-01,3.572768e-01,1.896423e-02,1.389654e-02,8.167737e-03,1.082673e-02,2.887259e-02,5.592592e-02
3.904581e-01,8.803917e-03,1.572134e-02,1.589797e-02,2.539514e-03,1.215319e-02,8.041071e-04,9.092154e-02,2.930366e-01,1.931916e-02,1.229155e-02,1.193574e-02,1.219785e-02,4.604135e-02,6.787807e-02
3.585129e-01,1.091238e-02,1.642401e-02,1.185761e-02,2.176152e-03,1.314075e-02,7.654852e-04,6.402761e-02,2.380374e-01,8.825535e-02,1.218071e-02,1.011536e-02,1.252514e-02,8.637071e-02,7.469846e-02
4.007603e-01,1.333920e-02,1.380678e-02,1.980251e-02,2.578840e-03,1.941948e-02,1.091521e-03,4.581492e-02,2.215186e-01,6.537922e-02,1.834552e-02,1.623626e-02,1.353106e-02,7.071872e-02,7.765707e-02
4.825211e-01,1.588308e-02,1.315801e-02,2.048878e-02,2.334739e-03,2.516397e-02,1.078706e-03,3.275161e-02,1.676736e-01,4.858914e-02,1.914314e-02,1.881696e-02,1.280786e-02,6.831973e-02,7.126956e-02
1.000000e+00,0.000000e+00,0.000000e+00,0.000000e+00,0.000000e+00,0.000000e+00,0.000000e+00,0.000000e+00,0.000000e+00,0.000000e+00,0.000000e+00,0.000000e+00,0.000000e+00,0.000000e+00,0.000000e+00
4.983550e-01,1.203973e-02,9.474859e-03,1.276555e-02,2.163306e-03,1.851207e-02,1.142672e-03,1.670151e-02,9.651224e-02,5.031732e-02,2.427621e-02,1.330900e-02,1.009653e-02,1.439882e-01,9.034579e-02
3.796378e-01,9.756246e-03,9.306485e-03,9.161263e-03,2.331733e-03,1.374674e-02,9.023111e-04,1.185031e-02,7.385568e-02,1.842424e-01,2.030031e-02,9.827997e-03,8.788761e-03,1.552540e-01,1.110379e-01
3.158943e-01,1.074171e-02,1.318151e-02,7.241840e-03,3.046977e-03,1.120382e-02,8.641247e-04,8.510686e-03,6.953011e-02,2.335441e-01,2.171472e-02,8.266424e-03,1.341743e-02,1.565507e-01,1.262916e-01
2.317344e-01,8.624769e-03,1.301148e-02,5.311524e-03,3.827090e-03,8.820754e-03,7.567086e-04,6.302930e-03,5.659061e-02,3.503933e-01,1.939149e-02,6.199863e-03,1.157625e-02,1.478438e-01,1.296151e-01
1.835571e-01,7.969608e-03,1.521944e-02,6.980068e-03,5.691059e-03,7.934695e-03,9.496771e-04,1.034623e-02,5.128511e-02,4.195713e-01,2.274024e-02,5.893252e-03,1.440921e-02,1.104495e-01,1.370035e-01
1.569850e-01,2.985775e-02,2.314763e-02,9.684440e-03,9.485473e-03,7.644608e-03,1.021162e-03,1.616606e-02,8.740443e-02,3.403453e-01,2.725924e-02,6.089177e-03,1.750633e-02,8.422603e-02,1.831773e-01
1.131888e-01,6.884141e-02,5.274384e-02,3.479499e-02,1.309048e-02,8.116161e-03,9.056237e-04,2.130597e-02,2.022842e-01,2.400680e-01,1.998680e-02,4.629933e-03,1.364911e-02,5.961049e-02,1.467842e-01
9.350796e-02,9.650756e-02,3.990833e-02,2.892630e-02,1.962080e-02,7.440834e-03,1.284804e-03,2.401193e-02,3.268790e-01,1.694676e-01,1.445961e-02,3.729900e-03,1.066986e-02,4.242408e-02,1.211614e-01
8.118953e-02,1.106800e-01,2.906171e-02,2.353057e-02,6.150603e-02,9.258529e-03,3.123338e-03,2.929876e-02,3.633484e-01,1.254925e-01,1.096631e-02,3.178699e-03,1.193120e-02,3.142291e-02,1.060115e-01
8.209112e-02,1.178368e-01,2.217884e-02,3.919717e-02,6.438929e-02,8.757843e-03,5.178746e-03,6.942240e-02,3.672153e-01,9.403215e-02,9.168598e-03,3.392405e-03,1.120026e-02,2.316280e-02,8.277622e-02
