1.000000e+00,0.000000e+00,0.000000e+00,0.000000e+00,0.000000e+00,0.000000e+00,0.000000e+00,0.000000e+00,0.000000e+00,0.000000e+00,0.000000e+00,0.000000e+00,0.000000e+00,0.000000e+00,0.000000e+00
1.000000e+00,0.000000e+00,0.000000e+00,0.000000e+00,0.000000e+00,0.000000e+00,0.000000e+00,0.000000e+00,0.000000e+00,0.000000e+00,0.000000e+00,0.000000e+00,0.000000e+00,0.000000e+00,0.000000e+00
1.000000e+00,0.000000e+00,0.000000e+00,0.000000e+00,0.000000e+00,0.000000e+00,0.000000e+00,0.000000e+00,0.000000e+00,0.000000e+00,0.000000e+00,0.000000e+00,0.000000e+00,0.000000e+00,0.000000e+00
1.000000e+00,0.000000e+00,0.000000e+00,0.000000e+00,0.000000e+00,0.000000e+00,0.000000e+00,0.000000e+00,0.000000e+00,0.000000e+00,0.000000e+00,0.000000e+00,0.000000e+00,0.000000e+00,0.000000e+00
1.000000e+00,0.000000e+00,0.000000e+00,0.000000e+00,0.000000e+00,0.000000e+00,0.000000e+00,0.000000e+00,0.000000e+00,0.000000e+00,0.000000e+00,0.000000e+00,0.000000e+00,0.000000e+00,0.000000e+00
1.000000e+00,0.000000e+00,0.000000e+00,0.000000e+00,0.000000e+00,0.000000e+00,0.000000e+00,0.000000e+00,0.000000e+00,0.000000e+00,0.000000e+00,0.000000e+00,0.000000e+00,0.000000e+00,0.000000e+00
1.000000e+00,0.000000e+00,0.000000e+00,0.000000e+00,0.000000e+00,0.000000e+00,0.000000e+00,0.000000e+00,0.000000e+00,0.000000e+00,0.000000e+00,0.000000e+00,0.000000e+00,0.000000e+00,0.000000e+00
1.000000e+00,0.000000e+00,0.000000e+00,0.000000e+00,0.000000e+00,0.000000e+00,0.000000e+00,0.000000e+00,0.000000e+00,0.000000e+00,0.000000e+00,0.000000e+00,0.000000e+00,0.000000e+00,0.000000e+00
1.000000e+00,0.000000e+00,0.000000e+00,0.000000e+00,0.000000e+00,0.000000e+00,0.000000e+00,0.000000e+00,0.000000e+00,0.000000e+00,0.000000e+00,0.000000e+00,0.000000e+00,0.000000e+00,0.000000e+00
1.000000e+00,0.000000e+00,0.000000e+00,0.000000e+00,0.000000e+00,0.000000e+00,0.000000e+00,0.000000e+00,0.000000e+00,0.000000e+00,0.000000e+00,0.000000e+00,0.000000e+00,0.000000e+00,0.000000e+00
1.000000e+00,0.000000e+00,0.000000e+00,0.000000e+00,0.000000e+00,0.000000e+00,0.000000e+00,0.000000e+00,0.000000e+00,0.000000e+00,0.000000e+00,0.000000e+00,0.000000e+00,0.000000e+00,0.000000e+00
1.000000e+00,0.000000e+00,0.000000e+00,0.000000e+00,0.000000e+00,0.000000e+00,0.000000e+00,0.000000e+00,0.000000e+00,0.000000e+00,0.000000e+00,0.000000e+00,0.000000e+00,0.000000e+00,0.000000e+00
1.000000e+00,0.000000e+00,0.000000e+00,0.000000e+00,0.000000e+00,0.000000e+00,0.000000e+00,0.000000e+00,0.000000e+00,0.000000e+00,0.000000e+00,0.000000e+00,0.000000e+00,0.000000e+00,0.000000e+00
1.000000e+00,0.000000e+00,0.000000e+00,0.000000e+00,0.000000e+00,0.000000e+00,0.000000e+00,0.000000e+00,0.000000e+00,0.000000e+00,0.000000e+00,0.000000e+00,0.000000e+00,0.000000e+00,0.000000e+00
1.000000e+00,0.000000e+00,0.000000e+00,0.000000e+00,0.000000e+00,0.000000e+00,0.000000e+00,0.000000e+00,0.000000e+00,0.000000e+00,0.000000e+00,0.000000e+00,0.000000e+00,0.000000e+00,0.000000e+00
1.000000e+00,0.000000e+00,0.000000e+00,0.000000e+00,0.000000e+00,0.000000e+00,0.000000e+00,0.000000e+00,0.000000e+00,0.000000e+00,0.000000e+00,0.000000e+00,0.000000e+00,0.000000e+00,0.000000e+00
1.000000e+00,0.000000e+00,0.000000e+00,0.000000e+00,0.000000e+00,0.000000e+00,0.000000e+00,0.000000e+00,0.000000e+00,0.000000e+00,0.000000e+00,0.000000e+00,0.000000e+00,0.000000e+00,0.000000e+00
1.000000e+00,0.000000e+00,0.000000e+00,0.000000e+00,0.000000e+00,0.000000e+00,0.000000e+00,0.000000e+00,0.000000e+00,0.000000e+00,0.000000e+00,0.000000e+00,0.000000e+00,0.000000e+00,0.000000e+00
1.000000e+00,0.000000e+00,0.000000e+00,0.000000e+00,0.000000e+00,0.000000e+00,0.000000e+00,0.000000e+00,0.000000e+00,0.000000e+00,0.000000e+00,0.000000e+00,0.000000e+00,0.000000e+00,0.000000e+00
1.000000e+00,0.000000e+00,0.000000e+00,0.000000e+00,0.000000e+00,0.000000e+00,0.000000e+00,0.000000e+00,0.000000e+00,0.000000e+00,0.000000e+00,0.000000e+00,0.000000e+00,0.000000e+00,0.000000e+00
1.000000e+00,0.000000e+00,0.000000e+00,0.000000e+00,0.000000e+00,0.000000e+00,0.000000e+00,0.000000e+00,0.000000e+00,0.000000e+00,0.000000e+00,0.000000e+00,0.000000e+00,0.000000e+00,0.000000e+00
1.000000e+00,0.000000e+00,0.000000e+00,0.000000e+00,0.000000e+00,0.000000e+00,0.000000e+00,0.000000e+00,0.000000e+00,0.000000e+00,0.000000e+00,0.000000e+00,0.000000e+00,0.000000e+00,0.000000e+00
1.000000e+00,0.000000e+00,0.000000e+00,0.000000e+00,0.000000e+00,0.000000e+00,0.000000e+00,0.000000e+00,0.000000e+00,0.000000e+00,0.000000e+00,0.000000e+00,0.000000e+00,0.000000e+00,0.000000e+00
1.000000e+00,0.000000e+00,0.000000e+00,0.000000e+00,0.000000e+00,0.000000e+00,0.000000e+00,0.000000e+00,0.000000e+00,0.000000e+00,0.000000e+00,0.000000e+00,0.000000e+00,0.000000e+00,0.000000e+00
1.000000e+00,0.000000e+00,0.000000e+00,0.000000e+00,0.000000e+00,0.000000e+00,0.000000e+00,0.000000e+00,0.000000e+00,0.000000e+00,0.000000e+00,0.000000e+00,0.000000e+00,0.000000e+00,0.000000e+00
1.000000e+00,0.000000e+00,0.000000e+00,0.000000e+00,0.000000e+00,0.000000e+00,0.000000e+00,0.000000e+00,0.000000e+00,0.000000e+00,0.000000e+00,0.000000e+00,0.000000e+00,0.000000e+00,0.000000e+00
1.000000e+00,0.000000e+00,0.000000e+00,0.000000e+00,0.000000e+00,0.000000e+00,0.000000e+00,0.000000e+00,0.000000e+00,0.000000e+00,0.000000e+00,0.000000e+00,0.000000e+00,0.000000e+00,0.000000e+00
1.000000e+00,0.000000e+00,0.000000e+00,0.000000e+00,0.000000e+00,0.000000e+00,0.000000e+00,0.000000e+00,0.000000e+00,0.000000e+00,0.000000e+00,0.000000e+00,0.000000e+00,0.000000e+00,0.000000e+00
4.386346e-01,2.367854e-02,9.570742e-02,1.300259e-01,7.594349e-03,1.827288e-02,3.964078e-03,1.186475e-02,1.836186e-02,2.962516e-03,1.384942e-02,1.736467e-02,2.180781e-02,2.575157e-02,1.701596e-01
3.169647e-01,3.491886e-02,7.722810e-02,2.780746e-01,6.273257e-03,1.335039e-02,3.030794e-03,9.823499e-03,2.729810e-02,2.641232e-03,1.530593e-02,1.334339e-02,1.732445e-02,1.952498e-02,1.648977e-01
2.294395e-01,3.119156e-02,5.564329e-02,2.669887e-01,4.923454e-03,1.008982e-02,2.297387e-03,7.065080e-03,7.240080e-02,6.095032e-03,1.922026e-02,1.019077e-02,1.605788e-02,1.892795e-02,2.494685e-01
1.937409e-01,3.114746e-02,4.401641e-02,2.483394e-01,4.113495e-03,8.746501e-03,1.832972e-03,6.442876e-03,1.104062e-01,7.580835e-03,1.982999e-02,8.728416e-03,1.557641e-02,2.249686e-02,2.770013e-01
1.488748e-01,3.832589e-02,3.936590e-02,2.850401e-01,3.683808e-03,8.185051e-03,1.416051e-03,4.997668e-03,1.822973e-01,7.642048e-03,1.622640e-02,6.453392e-03,1.168120e-02,1.982721e-02,2.259832e-01
1.190234e-01,3.448656e-02,3.017982e-02,2.066934e-01,3.238581e-03,6.986477e-03,1.063070e-03,3.649508e-03,1.597061e-01,7.698461e-03,1.215379e-02,4.694159e-03,9.192951e-03,3.960520e-02,3.616285e-01
9.825254e-02,3.181807e-02,3.738145e-02,1.460880e-01,3.287226e-03,5.260150e-03,7.996729e-04,2.659153e-03,1.317324e-01,6.792923e-03,9.039925e-03,3.458782e-03,6.726481e-03,9.354856e-02,4.231547e-01
9.063046e-02,3.471241e-02,3.000773e-02,1.229245e-01,2.578592e-03,4.177014e-03,6.621230e-04,1.997224e-03,1.301462e-01,6.538786e-03,7.083035e-03,2.756472e-03,5.064285e-03,6.923737e-02,4.914837e-01
1.030777e-01,2.721179e-02,2.147318e-02,9.184393e-02,2.095715e-03,3.450679e-03,5.235829e-04,1.526783e-03,1.151496e-01,6.801689e-03,5.832258e-03,2.221701e-03,4.553828e-03,7.525432e-02,5.389832e-01
1.503635e-01,2.274012e-02,1.748788e-02,7.835647e-02,1.895054e-03,3.439719e-03,5.388926e-04,1.612415e-03,1.196802e-01,7.340786e-03,6.652334e-03,2.027687e-03,4.345593e-03,8.862338e-02,4.948960e-01
1.161023e-01,1.761958e-02,1.606050e-02,7.207151e-02,1.633173e-03,2.895128e-03,4.504133e-04,1.258367e-03,1.112354e-01,8.600093e-03,5.460747e-03,1.655686e-03,3.560744e-03,9.650654e-02,5.448899e-01
1.329426e-01,1.914250e-02,1.568660e-02,5.811159e-02,2.467654e-03,4.141924e-03,5.744919e-04,1.599256e-03,9.249114e-02,1.376538e-02,5.203417e-03,2.120070e-03,4.650972e-03,9.451265e-02,5.525898e-01
1.348917e-01,1.874122e-02,1.641309e-02,4.262468e-02,2.449352e-03,5.570637e-03,5.021525e-04,1.714148e-03,7.531592e-02,2.267663e-02,4.202508e-03,1.908958e-03,4.177526e-03,8.967226e-02,5.791392e-01
1.469267e-01,2.995452e-02,1.594429e-02,4.152402e-02,2.541948e-03,6.635122e-03,7.422894e-04,2.604636e-03,6.980190e-02,2.055454e-02,6.469286e-03,2.619521e-03,3.969084e-03,8.485779e-02,5.648543e-01
2.443529e-01,2.588979e-02,1.224122e-02,3.574010e-02,2.933337e-03,6.184018e-03,6.049097e-04,3.067996e-03,7.796930e-02,4.466735e-02,7.374275e-03,2.615858e-03,4.380999e-03,6.927840e-02,4.626995e-01
1.829801e-01,3.550954e-02,1.482368e-02,4.661512e-02,2.322073e-03,5.236485e-03,4.607477e-04,2.421523e-03,1.501057e-01,6.276883e-02,5.896715e-03,2.076220e-03,3.573340e-03,4.947653e-02,4.357333e-01
1.537182e-01,2.848975e-02,2.485281e-02,4.444018e-02,1.878493e-03,4.930459e-03,5.161215e-04,2.196755e-03,1.420587e-01,9.601390e-02,8.955935e-03,2.255793e-03,5.166882e-03,4.413511e-02,4.403909e-01
1.289243e-01,2.385705e-02,2.081996e-02,3.750632e-02,2.566467e-03,5.269691e-03,5.024247e-04,2.214651e-03,1.220991e-01,1.659851e-01,1.333123e-02,2.100484e-03,1.066901e-02,3.410158e-02,4.300526e-01
1.223975e-01,2.119664e-02,2.634176e-02,6.560360e-02,1.009893e-02,7.145301e-03,1.023268e-03,1.790708e-02,1.157148e-01,1.464845e-01,3.184348e-02,4.756560e-03,5.032644e-02,2.844903e-02,3.507110e-01
9.392719e-02,1.524600e-02,2.147993e-02,1.120579e-01,1.086176e-02,7.705149e-03,2.519438e-03,1.497678e-01,8.791560e-02,1.057106e-01,3.665576e-02,3.702332e-03,7.415339e-02,2.149016e-02,2.568069e-01
6.853413e-02,1.084732e-02,1.650985e-02,8.688151e-02,9.482240e-03,6.568315e-03,2.342744e-03,3.700142e-01,6.297926e-02,7.493532e-02,3.197968e-02,2.786318e-03,5.873452e-02,1.557107e-02,1.818335e-01
4.895138e-02,7.662323e-03,1.281005e-02,6.196746e-02,7.342262e-03,5.777045e-03,1.778638e-03,5.514144e-01,4.426828e-02,5.267508e-02,2.280544e-02,2.144836e-03,4.169344e-02,1.116624e-02,1.275431e-01
3.739500e-02,5.433834e-03,9.772406e-03,4.387116e-02,6.268646e-03,5.278236e-03,1.467185e-03,6.772557e-01,3.111150e-02,3.716481e-02,1.632897e-02,1.709315e-03,2.960223e-02,7.942514e-03,8.939837e-02
2.984325e-02,3.881248e-03,7.246425e-03,3.088374e-02,5.524844e-03,4.487757e-03,1.183235e-03,7.666529e-01,2.187729e-02,2.615980e-02,1.172710e-02,1.301372e-03,2.098041e-02,5.630246e-03,6.262030e-02
2.314011e-02,2.754582e-03,5.184631e-03,2.174455e-02,5.095520e-03,3.360856e-03,9.310868e-04,8.318088e-01,1.534702e-02,1.833656e-02,8.387059e-03,1.082378e-03,1.500090e-02,3.974754e-03,4.385115e-02
1.714851e-02,1.939959e-03,3.668122e-03,1.527889e-02,4.486713e-03,2.540776e-03,7.575954e-04,8.794160e-01,1.075440e-02,1.284279e-02,5.970997e-03,8.671827e-04,1.082957e-02,2.792914e-03,3.070558e-02
1.293246e-02,1.375389e-03,2.594583e-03,1.075636e-02,3.693095e-03,2.217160e-03,6.859738e-04,9.119437e-01,7.552325e-03,8.993224e-03,4.316137e-03,7.818578e-04,8.683632e-03,1.961487e-03,2.151258e-02
1.013157e-02,9.785937e-04,1.865049e-03,7.597435e-03,3.029925e-03,1.811801e-03,7.074819e-04,9.351245e-01,5.329574e-03,6.298400e-03,3.120357e-03,6.312137e-04,6.922266e-03,1.377116e-03,1.507463e-02
7.635615e-03,6.939148e-04,1.411279e-03,5.381695e-03,2.724593e-03,1.467489e-03,9.112255e-04,9.508001e-01,3.756348e-03,4.414037e-03,2.338685e-03,5.796780e-04,6.324835e-03,9.732922e-04,1.058721e-02
6.909279e-03,5.006049e-04,1.086504e-03,3.864587e-03,2.377314e-03,1.444182e-03,1.097168e-03,9.615439e-01,2.660386e-03,3.098253e-03,1.714750e-03,5.292419e-04,5.059589e-03,6.863094e-04,7.427847e-03
7.557049e-03,4.114370e-04,8.770025e-04,2.909489e-03,2.882525e-03,1.529800e-03,1.202861e-03,9.659947e-01,1.960893e-03,2.185222e-03,1.328152e-03,5.656279e-04,4.886022e-03,4.864883e-04,5.222631e-03
7.686831e-03,3.276438e-04,7.279129e-04,2.186087e-03,2.835549e-03,2.054484e-03,2.664766e-03,9.683409e-01,1.550637e-03,1.540238e-03,9.954585e-04,6.995656e-04,4.364752e-03,3.459750e-04,3.679080e-03
1.003169e-02,3.067747e-04,6.399811e-04,1.746117e-03,3.963821e-03,2.468376e-03,3.245453e-03,9.672943e-01,1.199874e-03,1.089830e-03,7.692914e-04,8.605644e-04,3.508226e-03,2.517523e-04,2.623920e-03
1.486423e-02,3.321625e-04,6.547291e-04,1.473346e-03,5.515097e-03,3.138911e-03,4.160029e-03,9.603060e-01,1.001822e-03,7.943949e-04,6.620164e-04,1.252368e-03,3.690618e-03,1.980730e-04,1.956165e-03
3.045537e-02,5.764501e-04,7.104285e-04,1.477878e-03,9.377861e-03,3.339134e-03,3.440286e-03,9.411163e-01,1.045190e-03,6.041060e-04,6.607132e-04,1.784091e-03,3.481220e-03,1.843141e-04,1.746660e-03
5.836480e-02,6.577919e-04,6.537468e-04,1.263812e-03,9.797049e-03,3.888783e-03,3.227976e-03,9.110638e-01,1.059450e-03,4.981317e-04,7.911160e-04,2.466222e-03,4.338745e-03,2.008073e-04,1.727829e-03
8.035171e-02,6.048023e-04,5.650736e-04,1.187743e-03,8.335083e-03,3.293517e-03,2.360690e-03,8.936074e-01,7.894535e-04,3.618074e-04,6.707339e-04,2.625619e-03,3.732231e-03,1.668722e-04,1.347373e-03
1.630107e-01,1.186013e-03,8.609913e-04,1.740861e-03,8.440955e-03,3.425667e-03,1.973303e-03,7.962490e-01,9.230236e-04,4.065289e-04,1.766978e-03,9.194138e-03,8.313693e-03,3.693641e-04,2.138824e-03
2.232219e-01,3.452455e-03,1.354726e-03,3.664819e-03,9.682873e-03,4.221799e-03,1.906768e-03,6.801260e-01,3.290355e-03,3.182789e-03,5.482531e-03,2.453238e-02,2.443573e-02,1.072552e-03,1.037235e-02
2.689755e-01,7.686567e-03,2.661056e-03,2.078674e-02,1.454161e-02,6.363410e-03,1.868257e-03,5.260274e-01,1.648360e-02,9.414474e-03,1.417569e-02,3.941231e-02,4.324787e-02,2.062238e-03,2.629326e-02
3.301320e-01,7.807009e-03,3.177026e-03,2.968796e-02,1.270065e-02,1.228565e-02,1.930521e-03,3.922138e-01,2.168112e-02,1.153963e-02,2.266857e-02,5.678346e-02,5.661453e-02,3.468717e-03,3.730930e-02
3.980004e-01,8.382464e-03,2.998656e-03,3.181897e-02,1.000818e-02,1.259539e-02,1.869395e-03,2.784509e-01,3.226092e-02,1.478359e-02,2.558425e-02,5.615693e-02,5.803909e-02,8.246335e-03,6.080456e-02
4.298974e-01,1.475637e-02,1.323194e-02,6.843252e-02,1.346311e-02,1.146086e-02,2.283246e-03,1.986166e-01,3.969915e-02,1.243614e-02,2.454395e-02,4.695497e-02,4.938299e-02,9.320254e-03,6.552054e-02
1.000000e+00,0.000000e+00,0.000000e+00,0.000000e+00,0.000000e+00,0.000000e+00,0.000000e+00,0.000000e+00,0.000000e+00,0.000000e+00,0.000000e+00,0.000000e+00,0.000000e+00,0.000000e+00,0.000000e+00
1.000000e+00,0.000000e+00,0.000000e+00,0.000000e+00,0.000000e+00,0.000000e+00,0.000000e+00,0.000000e+00,0.000000e+00,0.000000e+00,0.000000e+00,0.000000e+00,0.000000e+00,0.000000e+00,0.000000e+00
1.000000e+00,0.000000e+00,0.000000e+00,0.000000e+00,0.000000e+00,0.000000e+00,0.000000e+00,0.000000e+00,0.000000e+00,0.000000e+00,0.000000e+00,0.000000e+00,0.000000e+00,0.000000e+00,0.000000e+00
1.000000e+00,0.000000e+00,0.000000e+00,0.000000e+00,0.000000e+00,0.000000e+00,0.000000e+00,0.000000e+00,0.000000e+00,0.000000e+00,0.000000e+00,0.000000e+00,0.000000e+00,0.000000e+00,0.000000e+00
1.000000e+00,0.000000e+00,0.000000e+00,0.000000e+00,0.000000e+00,0.000000e+00,0.000000e+00,0.000000e+00,0.000000e+00,0.000000e+00,0.000000e+00,0.000000e+00,0.000000e+00,0.000000e+00,0.000000e+00
1.000000e+00,0.000000e+00,0.000000e+00,0.000000e+00,0.000000e+00,0.000000e+00,0.000000e+00,0.000000e+00,0.000000e+00,0.000000e+00,0.000000e+00,0.000000e+00,0.000000e+00,0.000000e+00,0.000000e+00
4.874671e-01,9.971983e-03,1.440622e-02,3.996370e-02,1.121046e-02,1.497354e-02,3.566948e-03,7.242377e-02,1.215115e-01,9.076416e-03,2.232043e-02,3.188581e-02,4.255944e-02,6.781014e-03,1.118817e-01
4.638101e-01,1.018679e-02,1.178345e-02,3.885046e-02,1.160797e-02,1.484749e-02,3.797287e-03,6.548449e-02,1.593440e-01,9.362923e-03,2.404567e-02,3.467121e-02,4.620565e-02,6.385380e-03,9.961725e-02
4.322061e-01,8.539381e-03,1.108441e-02,3.111560e-02,1.238386e-02,1.645804e-02,4.691048e-03,1.804796e-01,1.251588e-01,8.018393e-03,2.194984e-02,3.079734e-02,3.854231e-02,5.221916e-03,7.335345e-02
4.366936e-01,8.948113e-03,1.235269e-02,3.024430e-02,1.694443e-02,1.423365e-02,4.577708e-03,2.165893e-01,1.171687e-01,7.019240e-03,1.879768e-02,2.455951e-02,3.095220e-02,4.463864e-03,5.645506e-02
3.394260e-01,8.279568e-03,1.460729e-02,2.665690e-02,2.219600e-02,1.205227e-02,4.428007e-03,3.620728e-01,1.011801e-01,5.398364e-03,1.454626e-02,1.894713e-02,2.544876e-02,3.477955e-03,4.128268e-02
2.797132e-01,7.354908e-03,1.789229e-02,2.716593e-02,2.891608e-02,1.030652e-02,4.422161e-03,4.639029e-01,7.653736e-02,4.259944e-03,1.109310e-02,1.541704e-02,1.993849e-02,2.709991e-03,3.037015e-02
2.133644e-01,5.914081e-03,1.404826e-02,2.112245e-02,2.603141e-02,7.992046e-03,3.415974e-03,5.916828e-01,5.562938e-02,3.070803e-03,8.163360e-03,1.126631e-02,1.473044e-02,1.968059e-03,2.160021e-02
1.676211e-01,4.631250e-03,1.108473e-02,1.665687e-02,2.073986e-02,6.437724e-03,2.582255e-03,6.869397e-01,3.948160e-02,2.211825e-03,6.016807e-03,8.249692e-03,1.057149e-02,1.496950e-03,1.527813e-02
1.231101e-01,3.305133e-03,8.517080e-03,1.399470e-02,1.611455e-02,4.959275e-03,1.842063e-03,7.691706e-01,2.786770e-02,1.566036e-03,4.334454e-03,5.916974e-03,7.504317e-03,1.070764e-03,1.072620e-02
1.058125e-01,2.729733e-03,6.564626e-03,1.330968e-02,2.458526e-02,4.522277e-03,1.492659e-03,7.979691e-01,2.045641e-02,1.123029e-03,3.308007e-03,4.407364e-03,5.354334e-03,7.846791e-04,7.580329e-03
1.039617e-01,2.693815e-03,5.078027e-03,1.558334e-02,3.220103e-02,4.679362e-03,1.249930e-03,8.026962e-01,1.498768e-02,8.229568e-04,2.638286e-03,3.456397e-03,3.892426e-03,6.350956e-04,5.423803e-03
1.017635e-01,3.425394e-03,4.019091e-03,2.048320e-02,3.430312e-02,4.474914e-03,1.019203e-03,8.065711e-01,1.103713e-02,5.944234e-04,2.089216e-03,2.934543e-03,2.881428e-03,5.087135e-04,3.895076e-03
1.171426e-01,4.162005e-03,3.246470e-03,2.273682e-02,3.400162e-02,3.947848e-03,1.069333e-03,7.934096e-01,8.647114e-03,4.500715e-04,1.964994e-03,3.406671e-03,2.478346e-03,4.391412e-04,2.897346e-03
1.951636e-01,4.072578e-03,3.033486e-03,1.798624e-02,2.914366e-02,3.136953e-03,1.015612e-03,7.268064e-01,7.963521e-03,3.838573e-04,2.026283e-03,4.068792e-03,2.424315e-03,5.043155e-04,2.270470e-03
2.276072e-01,4.140477e-03,3.132778e-03,1.557132e-02,2.875429e-02,2.944503e-03,1.159805e-03,6.981088e-01,6.611914e-03,3.626810e-04,2.067241e-03,4.543931e-03,2.515071e-03,5.275499e-04,1.952534e-03
3.715367e-01,4.798601e-03,4.150568e-03,1.446041e-02,3.399777e-02,3.379078e-03,1.329015e-03,5.453185e-01,6.671823e-03,5.792412e-04,2.053041e-03,5.427619e-03,3.226130e-03,6.996221e-04,2.371960e-03
4.801738e-01,7.227545e-03,5.120413e-03,1.345754e-02,4.238559e-02,3.940442e-03,1.510293e-03,4.177965e-01,5.992331e-03,8.563800e-04,3.099575e-03,8.518970e-03,4.838121e-03,1.438883e-03,3.643696e-03
1.000000e+00,0.000000e+00,0.000000e+00,0.000000e+00,0.000000e+00,0.000000e+00,0.000000e+00,0.000000e+00,0.000000e+00,0.000000e+00,0.000000e+00,0.000000e+00,0.000000e+00,0.000000e+00,0.000000e+00
1.000000e+00,0.000000e+00,0.000000e+00,0.000000e+00,0.000000e+00,0.000000e+00,0.000000e+00,0.000000e+00,0.000000e+00,0.000000e+00,0.000000e+00,0.000000e+00,0.000000e+00,0.000000e+00,0.000000e+00
4.605284e-01,4.456927e-02,1.800687e-02,5.294564e-02,2.109497e-02,1.101883e-02,2.076408e-03,1.514467e-01,2.954322e-02,1.100434e-02,7.459203e-02,3.873927e-02,1.311961e-02,3.073472e-02,4.057971e-02
4.952374e-01,3.991312e-02,2.152859e-02,4.928711e-02,1.740575e-02,1.369803e-02,2.750439e-03,1.086587e-01,2.639109e-02,1.068244e-02,8.631057e-02,4.152480e-02,1.229729e-02,4.071951e-02,3.359509e-02
1.000000e+00,0.000000e+00,0.000000e+00,0.000000e+00,0.000000e+00,0.000000e+00,0.000000e+00,0.000000e+00,0.000000e+00,0.000000e+00,0.000000e+00,0.000000e+00,0.000000e+00,0.000000e+00,0.000000e+00
1.000000e+00,0.000000e+00,0.000000e+00,0.000000e+00,0.000000e+00,0.000000e+00,0.000000e+00,0.000000e+00,0.000000e+00,0.000000e+00,0.000000e+00,0.000000e+00,0.000000e+00,0.000000e+00,0.000000e+00
4.131173e-01,1.972203e-02,1.386337e-02,2.975932e-02,1.009332e-02,1.690119e-02,3.134383e-03,4.084815e-02,1.507997e-02,8.234801e-03,2.859410e-01,7.031429e-02,9.003153e-03,4.456616e-02,1.942153e-02
3.720464e-01,1.577334e-02,1.382276e-02,2.986534e-02,1.216353e-02,2.114265e-02,4.331125e-03,3.498769e-02,1.421317e-02,7.861073e-03,3.203232e-01,8.012217e-02,7.492310e-03,4.920594e-02,1.664927e-02
3.140030e-01,1.343728e-02,1.257471e-02,2.354724e-02,1.119699e-02,1.958335e-02,4.062657e-03,2.932574e-02,1.713431e-02,1.196357e-02,3.740841e-01,8.771455e-02,6.656359e-03,6.060734e-02,1.410883e-02
2.453112e-01,1.662324e-02,1.487741e-02,1.888429e-02,1.194156e-02,2.501813e-02,4.752086e-03,2.678856e-02,2.950926e-02,1.837929e-02,3.599932e-01,9.549412e-02,6.076407e-03,1.128050e-01,1.354633e-02
1.796215e-01,1.711775e-02,2.417881e-02,1.690908e-02,1.398372e-02,2.901478e-02,5.977659e-03,4.310394e-02,4.979839e-02,2.863263e-02,3.333014e-01,7.890596e-02,4.866787e-03,1.611090e-01,1.347865e-02
1.301233e-01,1.384923e-02,1.836215e-02,1.239745e-02,1.153650e-02,2.438909e-02,4.706386e-03,3.230868e-02,6.022952e-02,2.491087e-02,3.351445e-01,7.692477e-02,4.423246e-03,2.401881e-01,1.050625e-02
9.688275e-02,2.760769e-02,1.468149e-02,9.231645e-03,1.015817e-02,2.541912e-02,3.641134e-03,2.523704e-02,7.083149e-02,2.354845e-02,3.649180e-01,6.439807e-02,3.953417e-03,2.514537e-01,8.037850e-03
7.277659e-02,3.922339e-02,2.551940e-02,1.140705e-02,2.593987e-02,2.263738e-02,3.801259e-03,1.087581e-01,8.779053e-02,2.139925e-02,2.901076e-01,5.126786e-02,4.425180e-03,2.286168e-01,6.329772e-03
6.455832e-02,4.175481e-02,2.732909e-02,1.252931e-02,2.455553e-02,6.002670e-02,3.063765e-03,9.520277e-02,1.329919e-01,2.211038e-02,2.177916e-01,3.918139e-02,3.971686e-03,2.488511e-01,6.081607e-03
5.955063e-02,6.145803e-02,2.822875e-02,1.663296e-02,3.531139e-02,8.969003e-02,2.742391e-03,7.196110e-02,1.825088e-01,2.008463e-02,1.670891e-01,2.896011e-02,3.957280e-03,2.229017e-01,8.923199e-03
5.615998e-02,6.867031e-02,4.645514e-02,3.183431e-02,5.097641e-02,7.955652e-02,2.398195e-03,7.340620e-02,2.408338e-01,1.858729e-02,1.235635e-01,2.169794e-02,3.976121e-03,1.704100e-01,1.147427e-02
6.785240e-02,8.300450e-02,6.058861e-02,4.270511e-02,7.275127e-02,6.974176e-02,2.156524e-03,8.512624e-02,2.472478e-01,1.601482e-02,9.029034e-02,1.622816e-02,3.919690e-03,1.282742e-01,1.409857e-02
1.081470e-01,8.203384e-02,5.009750e-02,3.506427e-02,6.542638e-02,9.425216e-02,1.722109e-03,7.318632e-02,2.340986e-01,2.161542e-02,6.922569e-02,1.280694e-02,4.363797e-03,1.059850e-01,4.197513e-02
1.491452e-01,7.393483e-02,4.460922e-02,3.101198e-02,6.148394e-02,1.481716e-01,1.483781e-03,5.933119e-02,1.990133e-01,1.728493e-02,6.647550e-02,1.187859e-02,5.833603e-03,8.509356e-02,4.524886e-02
1.812609e-01,7.458024e-02,3.474706e-02,4.606770e-02,6.406038e-02,1.643655e-01,2.214747e-03,5.646406e-02,1.749144e-01,1.333525e-02,5.260539e-02,1.144890e-02,9.393957e-03,6.631076e-02,4.823076e-02
2.171662e-01,5.884021e-02,2.763138e-02,5.455507e-02,5.909175e-02,1.896080e-01,2.187732e-03,7.303701e-02,1.468653e-01,1.101521e-02,4.146712e-02,9.963254e-03,8.685937e-03,5.038717e-02,4.949865e-02
2.628018e-01,4.761601e-02,2.208817e-02,4.968873e-02,5.543220e-02,2.119813e-01,2.394962e-03,7.160193e-02,1.298828e-01,9.341762e-03,3.644701e-02,8.835242e-03,7.509167e-03,3.789768e-02,4.648132e-02
3.487478e-01,4.245469e-02,1.778567e-02,5.379918e-02,4.973606e-02,1.793132e-01,2.417312e-03,5.864704e-02,1.041164e-01,8.825121e-03,3.074553e-02,9.818832e-03,7.346418e-03,2.959424e-02,5.665256e-02
3.926334e-01,3.734070e-02,1.593355e-02,8.945750e-02,4.286248e-02,1.314094e-01,3.276536e-03,5.693854e-02,9.813561e-02,7.956516e-03,2.476975e-02,1.002572e-02,8.447131e-03,2.183437e-02,5.897881e-02
3.490667e-01,3.212144e-02,5.258548e-02,1.096662e-01,5.371254e-02,9.845898e-02,3.308705e-03,1.042258e-01,9.311438e-02,7.179016e-03,1.871569e-02,7.898735e-03,7.122670e-03,1.600071e-02,4.682301e-02
3.619644e-01,3.946829e-02,5.262283e-02,1.155905e-01,7.485163e-02,8.007345e-02,4.329334e-03,9.098913e-02,9.477381e-02,6.572354e-03,1.427475e-02,6.901884e-03,6.722854e-03,1.205680e-02,3.880813e-02
3.464235e-01,4.967614e-02,6.341108e-02,1.073544e-01,8.222207e-02,8.639275e-02,4.143225e-03,7.107556e-02,1.007664e-01,5.832103e-03,1.126223e-02,5.804812e-03,6.106036e-03,9.154714e-03,5.037498e-02
3.447292e-01,8.577399e-02,5.495418e-02,1.105236e-01,9.080331e-02,7.832401e-02,6.909528e-03,5.876590e-02,8.760766e-02,4.830375e-03,9.725567e-03,5.885524e-03,6.224669e-03,7.712071e-03,4.723038e-02
2.662763e-01,7.874941e-02,4.191294e-02,1.110788e-01,7.698426e-02,2.346452e-01,6.428884e-03,5.134782e-02,6.442846e-02,3.618263e-03,8.766949e-03,5.124802e-03,5.152009e-03,5.913331e-03,3.957257e-02
1.946885e-01,5.686781e-02,3.184887e-02,8.045267e-02,5.571493e-02,4.354564e-01,4.942406e-03,3.839539e-02,4.639062e-02,7.865537e-03,6.889767e-03,3.672298e-03,3.762969e-03,4.299726e-03,2.875212e-02
1.471242e-01,4.329253e-02,2.283721e-02,6.202788e-02,4.082548e-02,4.956118e-01,3.888433e-03,2.740323e-02,4.084606e-02,4.479910e-02,1.833660e-02,3.241360e-03,3.728083e-03,4.950188e-03,4.108784e-02
1.032749e-01,3.187142e-02,1.609358e-02,4.386871e-02,2.915335e-02,5.511979e-01,2.925519e-03,1.952254e-02,6.315658e-02,5.812225e-02,2.542242e-02,2.513742e-03,3.354592e-03,1.139808e-02,3.812442e-02
7.270584e-02,2.272218e-02,1.136018e-02,3.092183e-02,2.109929e-02,4.479696e-01,2.087594e-03,1.428220e-02,1.152455e-01,5.317218e-02,4.743584e-02,2.138536e-03,3.789382e-03,8.393306e-02,7.113677e-02
5.163567e-02,1.666438e-02,8.318827e-03,2.210072e-02,1.551666e-02,3.511190e-01,1.570440e-03,1.073850e-02,2.658129e-01,5.558918e-02,4.223399e-02,1.936297e-03,3.487241e-03,8.219141e-02,7.108484e-02
4.671349e-02,1.194764e-02,6.269532e-03,1.571967e-02,1.226858e-02,2.574077e-01,1.361004e-03,8.171727e-03,2.742387e-01,7.443056e-02,4.300443e-02,1.842869e-03,3.326092e-03,1.254468e-01,1.178512e-01
3.343745e-02,8.720537e-03,5.948415e-03,1.163791e-02,9.618322e-03,1.855705e-01,1.337102e-03,6.774904e-03,3.123633e-01,9.350892e-02,7.306504e-02,2.827570e-03,3.718307e-03,1.308025e-01,1.206692e-01
2.361720e-02,6.309058e-03,4.768069e-03,8.300259e-03,7.740282e-03,1.320023e-01,9.947985e-04,5.251105e-03,2.340361e-01,1.498177e-01,6.764764e-02,2.966565e-03,5.048993e-03,1.473005e-01,2.041994e-01
1.695818e-02,4.672207e-03,3.605270e-03,6.379870e-03,6.379253e-03,9.268766e-02,8.143517e-04,3.939017e-03,1.848440e-01,1.507485e-01,6.540819e-02,5.004311e-03,6.745635e-03,1.398940e-01,3.119196e-01
1.210980e-02,3.382041e-03,2.713871e-03,4.698922e-03,4.855806e-03,6.506212e-02,6.050284e-04,2.826842e-03,1.392895e-01,1.610339e-01,7.564300e-02,6.134710e-03,7.110645e-03,1.306379e-01,3.838959e-01
8.875439e-03,3.380030e-03,4.946775e-03,3.516836e-03,4.582880e-03,4.593299e-02,5.129521e-04,2.371021e-03,1.145451e-01,1.294464e-01,1.390180e-01,6.963571e-03,1.067714e-02,2.009276e-01,3.243033e-01
8.639387e-03,2.675078e-03,4.733507e-03,2.931323e-03,3.916479e-03,3.351385e-02,4.827014e-04,1.995634e-03,8.399182e-02,1.101357e-01,2.030779e-01,5.689444e-03,9.117829e-03,2.008513e-01,3.282481e-01
6.589417e-03,2.040794e-03,6.878806e-03,2.249342e-03,3.148252e-03,2.374229e-02,4.252477e-04,1.639025e-03,6.075751e-02,9.178406e-02,2.189642e-01,4.349708e-03,7.325935e-03,1.735949e-01,3.965106e-01
5.507157e-03,1.719452e-03,6.585184e-03,1.608050e-03,3.053542e-03,1.798039e-02,3.320515e-04,1.319549e-03,4.455480e-02,7.046817e-02,1.656332e-01,3.103666e-03,5.333174e-03,1.324990e-01,5.403026e-01
5.853457e-03,2.273741e-03,7.211167e-03,1.175970e-03,5.192210e-03,1.916935e-02,2.978388e-04,1.289428e-03,3.344950e-02,6.014501e-02,1.321561e-01,2.242872e-03,3.935094e-03,1.079580e-01,6.176503e-01
1.690262e-02,2.561823e-03,7.409030e-02,1.912843e-03,9.335637e-03,2.319788e-02,4.389838e-04,5.221348e-03,4.229970e-02,6.516174e-02,1.204787e-01,2.045707e-03,3.303712e-03,1.344383e-01,4.986107e-01
4.139870e-02,4.338433e-03,7.191198e-02,2.401649e-03,1.259951e-02,3.458658e-02,1.228018e-03,1.239428e-02,4.354081e-02,6.527157e-02,1.361622e-01,2.667354e-03,3.472785e-03,1.457587e-01,4.222674e-01
6.895394e-02,8.205473e-03,6.226628e-02,3.247395e-03,1.377674e-02,5.006281e-02,1.087989e-03,1.088032e-02,5.048744e-02,5.742773e-02,1.568903e-01,3.423498e-03,3.750747e-03,1.970996e-01,3.124398e-01
7.460963e-02,1.887023e-02,9.037819e-02,1.123428e-02,1.806215e-02,1.055811e-01,1.037087e-03,1.397815e-02,5.147310e-02,4.371256e-02,1.616482e-01,3.888072e-03,3.825412e-03,1.788287e-01,2.228731e-01
7.542785e-02,2.119125e-02,2.063489e-01,2.664433e-02,1.866394e-02,1.153552e-01,1.014949e-03,1.249730e-02,4.871195e-02,3.412102e-02,1.337599e-01,3.932591e-03,3.522816e-03,1.366503e-01,1.621576e-01
7.033829e-02,1.797073e-02,3.514490e-01,2.176945e-02,1.775745e-02,9.297707e-02,8.683499e-04,1.012702e-02,4.277626e-02,2.825995e-02,1.049640e-01,3.335493e-03,3.088092e-03,1.126347e-01,1.216842e-01
7.341833e-02,1.570927e-02,4.522040e-01,1.939324e-02,2.097582e-02,7.766211e-02,7.322325e-04,7.522513e-03,3.275410e-02,4.697948e-02,7.538088e-02,2.841501e-03,2.492935e-03,8.280478e-02,8.912882e-02
8.869279e-02,2.071456e-02,4.680810e-01,2.021507e-02,4.247500e-02,7.954788e-02,7.544826e-04,8.166535e-03,2.763148e-02,4.523776e-02,5.704317e-02,3.011029e-03,2.901242e-03,6.696624e-02,6.856172e-02
8.667563e-02,2.289101e-02,5.441610e-01,2.400075e-02,4.661947e-02,6.711119e-02,6.902867e-04,6.376510e-03,2.110215e-02,3.322681e-02,4.071549e-02,2.432598e-03,2.670379e-03,5.213416e-02,4.919258e-02
8.110276e-02,3.550863e-02,5.810956e-01,2.910681e-02,5.251232e-02,6.072683e-02,8.844419e-04,5.871284e-03,1.679773e-02,2.541240e-02,2.973668e-02,2.735917e-03,2.922352e-03,3.900823e-02,3.657803e-02
9.267798e-02,2.934521e-02,5.747550e-01,6.340461e-02,4.749913e-02,5.365488e-02,8.571388e-04,7.891741e-03,1.687719e-02,2.851498e-02,2.292015e-02,2.926863e-03,2.554249e-03,2.925605e-02,2.686484e-02
1.093851e-01,2.247844e-02,5.802059e-01,9.497896e-02,3.679537e-02,4.325727e-02,8.220479e-04,5.897280e-03,1.323958e-02,2.855368e-02,1.786173e-02,3.085939e-03,2.208013e-03,2.159967e-02,1.963103e-02
1.176688e-01,1.950662e-02,5.904013e-01,9.795570e-02,3.099687e-02,3.403495e-02,8.285348e-04,4.651581e-03,1.370495e-02,3.698969e-02,1.390643e-02,3.015628e-03,1.886037e-03,1.980032e-02,1.465271e-02
2.434403e-01,2.721646e-02,4.871835e-01,7.743914e-02,2.923973e-02,3.119353e-02,1.701344e-03,4.331803e-03,1.476383e-02,2.905989e-02,1.206785e-02,7.091611e-03,3.019169e-03,1.724754e-02,1.500440e-02
3.800107e-01,2.920977e-02,3.774509e-01,6.024557e-02,2.718983e-02,2.545702e-02,1.927680e-03,4.038031e-03,1.862640e-02,2.265267e-02,1.019400e-02,8.886829e-03,3.624182e-03,1.687326e-02,1.361330e-02
1.000000e+00,0.000000e+00,0.000000e+00,0.000000e+00,0.000000e+00,0.000000e+00,0.000000e+00,0.000000e+00,0.000000e+00,0.000000e+00,0.000000e+00,0.000000e+00,0.000000e+00,0.000000e+00,0.000000e+00
1.000000e+00,0.000000e+00,0.000000e+00,0.000000e+00,0.000000e+00,0.000000e+00,0.000000e+00,0.000000e+00,0.000000e+00,0.000000e+00,0.000000e+00,0.000000e+00,0.000000e+00,0.000000e+00,0.000000e+00
1.000000e+00,0.000000e+00,0.000000e+00,0.000000e+00,0.000000e+00,0.000000e+00,0.000000e+00,0.000000e+00,0.000000e+00,0.000000e+00,0.000000e+00,0.000000e+00,0.000000e+00,0.000000e+00,0.000000e+00
4.747423e-01,2.883512e-02,1.026982e-01,3.234247e-02,5.421294e-02,2.093673e-02,2.302238e-03,2.265520e-01,9.014834e-03,6.835624e-03,8.737080e-03,1.098620e-02,4.637797e-03,7.362236e-03,9.804265e-03
4.035761e-01,2.593977e-02,8.269437e-02,2.621486e-02,1.148939e-01,1.858779e-02,2.652393e-03,2.730747e-01,7.021785e-03,5.972861e-03,1.093179e-02,9.320216e-03,5.197599e-03,6.107969e-03,7.813898e-03
3.816991e-01,1.979150e-02,6.159008e-02,2.018154e-02,2.185923e-01,1.640433e-02,2.575414e-03,2.138947e-01,6.745710e-03,9.305170e-03,2.078985e-02,9.078071e-03,5.153930e-03,5.862371e-03,8.335943e-03
4.195501e-01,1.430354e-02,4.328864e-02,1.540148e-02,2.787741e-01,1.313024e-02,2.004416e-03,1.584187e-01,5.400924e-03,6.911524e-03,1.780980e-02,8.328618e-03,4.774672e-03,5.148615e-03,6.754720e-03
4.184816e-01,1.039521e-02,3.057052e-02,1.244338e-02,3.432416e-01,1.133478e-02,1.571478e-03,1.220773e-01,4.910604e-03,5.134722e-03,1.504426e-02,9.138425e-03,4.876227e-03,5.078083e-03,5.701828e-03
4.423080e-01,7.745724e-03,2.168391e-02,1.063901e-02,3.726948e-01,9.239605e-03,1.340253e-03,9.083553e-02,4.021475e-03,3.760179e-03,1.271086e-02,9.376368e-03,4.777781e-03,4.175743e-03,4.690701e-03
4.942371e-01,6.150536e-03,1.552718e-02,9.876443e-03,3.544522e-01,8.622342e-03,1.212220e-03,6.869058e-02,3.437231e-03,2.873018e-03,1.134780e-02,1.016525e-02,5.328721e-03,3.635712e-03,4.443647e-03
1.000000e+00,0.000000e+00,0.000000e+00,0.000000e+00,0.000000e+00,0.000000e+00,0.000000e+00,0.000000e+00,0.000000e+00,0.000000e+00,0.000000e+00,0.000000e+00,0.000000e+00,0.000000e+00,0.000000e+00
1.000000e+00,0.000000e+00,0.000000e+00,0.000000e+00,0.000000e+00,0.000000e+00,0.000000e+00,0.000000e+00,0.000000e+00,0.000000e+00,0.000000e+00,0.000000e+00,0.000000e+00,0.000000e+00,0.000000e+00
1.000000e+00,0.000000e+00,0.000000e+00,0.000000e+00,0.000000e+00,0.000000e+00,0.000000e+00,0.000000e+00,0.000000e+00,0.000000e+00,0.000000e+00,0.000000e+00,0.000000e+00,0.000000e+00,0.000000e+00
4.400064e-01,1.765815e-02,8.550861e-03,5.105435e-02,1.412092e-01,8.407967e-02,2.504101e-03,2.323395e-02,6.780101e-03,7.055072e-03,1.247904e-01,3.907232e-02,1.268158e-02,1.455958e-02,2.676431e-02
3.230191e-01,2.681173e-02,1.342115e-02,1.725847e-01,1.032552e-01,7.709850e-02,2.390915e-03,1.715692e-02,1.660291e-02,1.252699e-02,1.181906e-01,3.942330e-02,1.804174e-02,1.236196e-02,4.711432e-02
2.303369e-01,3.540514e-02,1.699676e-02,1.394693e-01,7.359083e-02,8.298238e-02,1.940548e-03,1.216452e-02,2.116346e-02,2.294395e-02,1.067399e-01,3.147471e-02,2.447037e-02,1.105005e-02,1.892712e-01
2.299602e-01,5.643026e-02,2.081653e-02,1.105514e-01,5.357669e-02,6.873413e-02,1.795868e-03,9.131249e-03,2.713243e-02,2.430364e-02,8.629990e-02,2.653548e-02,2.352750e-02,1.885407e-02,2.423507e-01
2.146624e-01,7.370813e-02,2.474553e-02,8.430499e-02,4.300651e-02,5.710150e-02,1.719192e-03,7.110781e-03,3.807198e-02,2.182088e-02,7.442318e-02,2.093497e-02,2.183421e-02,2.985349e-02,2.867023e-01
1.558058e-01,8.065190e-02,3.194993e-02,7.141927e-02,3.129257e-02,4.258157e-02,1.296254e-03,5.150408e-03,4.006583e-02,2.371725e-02,5.309192e-02,1.538794e-02,1.653977e-02,2.749804e-02,4.035516e-01
1.201976e-01,7.357594e-02,9.959944e-02,6.789027e-02,2.385659e-02,3.346358e-02,1.181150e-03,4.001694e-03,4.788238e-02,3.984879e-02,3.844165e-02,1.212124e-02,1.301633e-02,2.691060e-02,3.980128e-01
1.121999e-01,6.966433e-02,1.800813e-01,5.354303e-02,1.916871e-02,2.749111e-02,1.037746e-03,3.558648e-03,4.122737e-02,5.415297e-02,2.802161e-02,9.558681e-03,1.021792e-02,3.117821e-02,3.588985e-01
1.167402e-01,5.971875e-02,2.172270e-01,3.972431e-02,1.512338e-02,2.270052e-02,8.913330e-04,3.459963e-03,3.760129e-02,5.126664e-02,2.289321e-02,8.904669e-03,8.859562e-03,8.028005e-02,3.146091e-01
1.305031e-01,6.622268e-02,1.886957e-01,3.632928e-02,1.468057e-02,1.840359e-02,9.683259e-04,4.398817e-03,4.442690e-02,4.366574e-02,2.116878e-02,9.564131e-03,9.161444e-03,8.297759e-02,3.288334e-01
1.151340e-01,6.323788e-02,1.627646e-01,1.190904e-01,1.755360e-02,1.490609e-02,1.171527e-03,5.091507e-03,4.691380e-02,3.570793e-02,1.727356e-02,7.929781e-03,7.278987e-03,6.339689e-02,3.225495e-01
1.654660e-01,5.277005e-02,1.218721e-01,1.179250e-01,1.632408e-02,1.458073e-02,1.428575e-03,5.150429e-03,5.921407e-02,3.064938e-02,1.578118e-02,8.672640e-03,1.013161e-02,4.859804e-02,3.314361e-01
2.730063e-01,4.693820e-02,8.956680e-02,1.042849e-01,1.756451e-02,1.727869e-02,2.218148e-03,6.048300e-03,6.261618e-02,2.468791e-02,2.249040e-02,1.482253e-02,1.425126e-02,3.953415e-02,2.646917e-01
3.392529e-01,4.212023e-02,7.641122e-02,1.187557e-01,1.601013e-02,2.454186e-02,5.044334e-03,1.542855e-02,5.337849e-02,1.849051e-02,2.197046e-02,2.257344e-02,1.637248e-02,3.000316e-02,1.996466e-01
4.231670e-01,3.940075e-02,6.370813e-02,1.112148e-01,1.560814e-02,2.532336e-02,5.635192e-03,1.760367e-02,4.226248e-02,1.376617e-02,2.268652e-02,2.643689e-02,1.754495e-02,2.364984e-02,1.519922e-01
4.978651e-01,3.558957e-02,5.063459e-02,9.457707e-02,1.430000e-02,2.604065e-02,5.740731e-03,2.357956e-02,3.230772e-02,1.069517e-02,2.255773e-02,2.799847e-02,1.956698e-02,1.944731e-02,1.190993e-01
1.000000e+00,0.000000e+00,0.000000e+00,0.000000e+00,0.000000e+00,0.000000e+00,0.000000e+00,0.000000e+00,0.000000e+00,0.000000e+00,0.000000e+00,0.000000e+00,0.000000e+00,0.000000e+00,0.000000e+00
3.948143e-01,2.217867e-02,3.483461e-02,6.385192e-02,9.689302e-03,2.342078e-02,1.263222e-02,2.815050e-01,1.804926e-02,6.008911e-03,1.406625e-02,2.351302e-02,1.822473e-02,1.107509e-02,6.613589e-02
2.894434e-01,1.562661e-02,2.550824e-02,4.550077e-02,7.382697e-03,1.783241e-02,1.166379e-02,4.760009e-01,1.275432e-02,4.277239e-03,9.993918e-03,1.669027e-02,1.311158e-02,7.799861e-03,4.641395e-02
2.253895e-01,1.108591e-02,1.919600e-02,3.308411e-02,7.469661e-03,1.339325e-02,9.342767e-03,6.023704e-01,9.162802e-03,3.069634e-03,7.248686e-03,1.178915e-02,9.343237e-03,5.508897e-03,3.254589e-02
2.009938e-01,8.250920e-03,1.415596e-02,2.378256e-02,7.243335e-03,1.179658e-02,7.664687e-03,6.686481e-01,6.645986e-03,2.236856e-03,5.420480e-03,8.863823e-03,7.284769e-03,3.957797e-03,2.305443e-02
1.866504e-01,6.315304e-03,1.063969e-02,1.732925e-02,8.631103e-03,1.061046e-02,7.118217e-03,7.094895e-01,5.156271e-03,1.645441e-03,4.051856e-03,7.158041e-03,5.923152e-03,2.862028e-03,1.641923e-02
1.583490e-01,4.781345e-03,8.447187e-03,1.277598e-02,8.407363e-03,8.450363e-03,6.742940e-03,7.599332e-01,4.148792e-03,1.196290e-03,3.015928e-03,5.531139e-03,4.510619e-03,2.052398e-03,1.165740e-02
1.226041e-01,3.449977e-03,6.541354e-03,9.708432e-03,8.972288e-03,7.093733e-03,6.642802e-03,8.111063e-01,3.125863e-03,8.593559e-04,2.189690e-03,4.245203e-03,3.782229e-03,1.455470e-03,8.223156e-03
9.698287e-02,2.472230e-03,4.769213e-03,7.219343e-03,9.296549e-03,5.585258e-03,5.702583e-03,8.505076e-01,2.312071e-03,6.084488e-04,1.572097e-03,3.178486e-03,2.987455e-03,1.025394e-03,5.780390e-03
9.109876e-02,1.785365e-03,3.629105e-03,5.449981e-03,8.922206e-03,5.167365e-03,6.997966e-03,8.635293e-01,1.705464e-03,4.433342e-04,1.170795e-03,2.680858e-03,2.596151e-03,7.294215e-04,4.093982e-03
9.512731e-02,1.332512e-03,2.822010e-03,4.326157e-03,1.160051e-02,4.840170e-03,7.793019e-03,8.614804e-01,1.329787e-03,3.351476e-04,9.027097e-04,2.384933e-03,2.286697e-03,5.236869e-04,2.914957e-03
9.245852e-02,1.006910e-03,2.606290e-03,3.824271e-03,1.036502e-02,4.121060e-03,6.238785e-03,8.704779e-01,9.991947e-04,2.767530e-04,7.439073e-04,2.369615e-03,2.007698e-03,3.864087e-04,2.117600e-03
7.872935e-02,8.450858e-04,2.000506e-03,3.355586e-03,2.071053e-02,3.552383e-03,5.342148e-03,8.770607e-01,1.086202e-03,2.394292e-04,7.504445e-04,2.249836e-03,2.170663e-03,2.872491e-04,1.619915e-03
8.019791e-02,8.269025e-04,1.628412e-03,3.646776e-03,2.597317e-02,3.142932e-03,4.383593e-03,8.710810e-01,1.419134e-03,2.272811e-04,9.142268e-04,2.794278e-03,2.267075e-03,2.208539e-04,1.276493e-03
1.169702e-01,1.716419e-03,1.835471e-03,1.474865e-02,3.221123e-02,7.156783e-03,4.054273e-03,8.035940e-01,3.447226e-03,3.155147e-04,1.555175e-03,7.195446e-03,3.570156e-03,2.636823e-04,1.365796e-03
1.405146e-01,2.593695e-03,2.012539e-03,4.507120e-02,3.011026e-02,7.615644e-03,3.123201e-03,7.289796e-01,7.573490e-03,9.646636e-04,3.213465e-03,1.785197e-02,8.042229e-03,4.276138e-04,1.905853e-03
1.800621e-01,3.326899e-03,2.599294e-03,4.147543e-02,2.643449e-02,6.748139e-03,2.455238e-03,6.936430e-01,7.190304e-03,1.914386e-03,4.422395e-03,1.889189e-02,8.199448e-03,5.042191e-04,2.132810e-03
2.246494e-01,3.439570e-03,2.878616e-03,4.236811e-02,2.238956e-02,7.923178e-03,2.397995e-03,6.274428e-01,1.017039e-02,3.819783e-03,7.610691e-03,2.654937e-02,1.260471e-02,7.908449e-04,4.964923e-03
2.528091e-01,4.359044e-03,4.128205e-03,5.552275e-02,1.849976e-02,1.467029e-02,2.296667e-03,5.461956e-01,1.542836e-02,5.117758e-03,1.181436e-02,3.998093e-02,1.725428e-02,1.874613e-03,1.004822e-02
3.322449e-01,4.674085e-03,4.457874e-03,4.843186e-02,1.483862e-02,1.426732e-02,2.143135e-03,4.735746e-01,1.322507e-02,4.489539e-03,1.384772e-02,4.233639e-02,1.719694e-02,2.875584e-03,1.139640e-02
3.582239e-01,7.741610e-03,5.435210e-03,8.205394e-02,1.228057e-02,1.664166e-02,2.059264e-03,3.810433e-01,1.940033e-02,4.276987e-03,1.710833e-02,5.250426e-02,2.156306e-02,3.617789e-03,1.604974e-02
