1.000000e+00,0.000000e+00,0.000000e+00,0.000000e+00,0.000000e+00,0.000000e+00,0.000000e+00,0.000000e+00,0.000000e+00,0.000000e+00,0.000000e+00,0.000000e+00,0.000000e+00,0.000000e+00,0.000000e+00
1.000000e+00,0.000000e+00,0.000000e+00,0.000000e+00,0.000000e+00,0.000000e+00,0.000000e+00,0.000000e+00,0.000000e+00,0.000000e+00,0.000000e+00,0.000000e+00,0.000000e+00,0.000000e+00,0.000000e+00
1.000000e+00,0.000000e+00,0.000000e+00,0.000000e+00,0.000000e+00,0.000000e+00,0.000000e+00,0.000000e+00,0.000000e+00,0.000000e+00,0.000000e+00,0.000000e+00,0.000000e+00,0.000000e+00,0.000000e+00
1.000000e+00,0.000000e+00,0.000000e+00,0.000000e+00,0.000000e+00,0.000000e+00,0.000000e+00,0.000000e+00,0.000000e+00,0.000000e+00,0.000000e+00,0.000000e+00,0.000000e+00,0.000000e+00,0.000000e+00
1.000000e+00,0.000000e+00,0.000000e+00,0.000000e+00,0.000000e+00,0.000000e+00,0.000000e+00,0.000000e+00,0.000000e+00,0.000000e+00,0.000000e+00,0.000000e+00,0.000000e+00,0.000000e+00,0.000000e+00
1.000000e+00,0.000000e+00,0.000000e+00,0.000000e+00,0.000000e+00,0.000000e+00,0.000000e+00,0.000000e+00,0.000000e+00,0.000000e+00,0.000000e+00,0.000000e+00,0.000000e+00,0.000000e+00,0.000000e+00
1.000000e+00,0.000000e+00,0.000000e+00,0.000000e+00,0.000000e+00,0.000000e+00,0.000000e+00,0.000000e+00,0.000000e+00,0.000000e+00,0.000000e+00,0.000000e+00,0.000000e+00,0.000000e+00,0.000000e+00
1.000000e+00,0.000000e+00,0.000000e+00,0.000000e+00,0.000000e+00,0.000000e+00,0.000000e+00,0.000000e+00,0.000000e+00,0.000000e+00,0.000000e+00,0.000000e+00,0.000000e+00,0.000000e+00,0.000000e+00
1.000000e+00,0.000000e+00,0.000000e+00,0.000000e+00,0.000000e+00,0.000000e+00,0.000000e+00,0.000000e+00,0.000000e+00,0.000000e+00,0.000000e+00,0.000000e+00,0.000000e+00,0.000000e+00,0.000000e+00
1.000000e+00,0.000000e+00,0.000000e+00,0.000000e+00,0.000000e+00,0.000000e+00,0.000000e+00,0.000000e+00,0.000000e+00,0.000000e+00,0.000000e+00,0.000000e+00,0.000000e+00,0.000000e+00,0.000000e+00
1.000000e+00,0.000000e+00,0.000000e+00,0.000000e+00,0.000000e+00,0.000000e+00,0.000000e+00,0.000000e+00,0.000000e+00,0.000000e+00,0.000000e+00,0.000000e+00,0.000000e+00,0.000000e+00,0.000000e+00
1.000000e+00,0.000000e+00,0.000000e+00,0.000000e+00,0.000000e+00,0.000000e+00,0.000000e+00,0.000000e+00,0.000000e+00,0.000000e+00,0.000000e+00,0.000000e+00,0.000000e+00,0.000000e+00,0.000000e+00
1.000000e+00,0.000000e+00,0.000000e+00,0.000000e+00,0.000000e+00,0.000000e+00,0.000000e+00,0.000000e+00,0.000000e+00,0.000000e+00,0.000000e+00,0.000000e+00,0.000000e+00,0.000000e+00,0.000000e+00
1.000000e+00,0.000000e+00,0.000000e+00,0.000000e+00,0.000000e+00,0.000000e+00,0.000000e+00,0.000000e+00,0.000000e+00,0.000000e+00,0.000000e+00,0.000000e+00,0.000000e+00,0.000000e+00,0.000000e+00
1.000000e+00,0.000000e+00,0.000000e+00,0.000000e+00,0.000000e+00,0.000000e+00,0.000000e+00,0.000000e+00,0.000000e+00,0.000000e+00,0.000000e+00,0.000000e+00,0.000000e+00,0.000000e+00,0.000000e+00
1.000000e+00,0.000000e+00,0.000000e+00,0.000000e+00,0.000000e+00,0.000000e+00,0.000000e+00,0.000000e+00,0.000000e+00,0.000000e+00,0.000000e+00,0.000000e+00,0.000000e+00,0.000000e+00,0.000000e+00
3.891706e-01,1.379948e-02,1.628038e-02,6.314272e-02,1.073832e-02,2.112377e-02,6.496872e-03,3.879904e-01,6.212116e-03,1.949823e-03,1.213841e-02,3.282515e-02,2.248550e-02,3.196994e-03,1.244950e-02
2.766609e-01,9.796498e-03,1.226190e-02,4.464280e-02,7.941603e-03,1.561914e-02,5.227739e-03,5.631676e-01,4.376301e-03,1.388865e-03,8.625828e-03,2.315342e-02,1.593341e-02,2.352368e-03,8.851643e-03
1.959472e-01,6.933282e-03,9.206028e-03,3.147673e-02,5.793163e-03,1.162431e-02,4.383381e-03,6.889082e-01,3.073790e-03,9.839677e-04,6.106873e-03,1.630271e-02,1.126083e-02,1.717935e-03,6.281648e-03
1.388506e-01,4.895588e-03,6.686985e-03,2.230033e-02,4.272351e-03,8.348211e-03,3.371985e-03,7.790538e-01,2.157513e-03,6.935371e-04,4.320374e-03,1.144916e-02,7.935264e-03,1.250892e-03,4.413447e-03
9.785636e-02,3.503304e-03,5.009287e-03,1.585923e-02,3.258317e-03,6.129249e-03,2.728657e-03,8.424706e-01,1.544086e-03,4.999793e-04,3.163057e-03,8.130208e-03,5.749477e-03,9.610360e-04,3.137150e-03
7.070707e-02,2.631556e-03,4.256214e-03,1.166336e-02,3.181233e-03,4.680232e-03,3.091926e-03,8.819600e-01,1.258195e-03,4.610226e-04,2.406576e-03,5.956012e-03,4.535807e-03,9.067964e-04,2.304048e-03
5.513704e-02,2.019976e-03,3.351353e-03,8.506352e-03,3.910684e-03,3.911046e-03,2.966769e-03,9.062790e-01,1.035555e-03,4.430597e-04,1.861413e-03,4.319900e-03,3.689123e-03,7.570862e-04,1.811674e-03
5.407154e-02,1.827625e-03,2.995910e-03,6.579538e-03,6.053064e-03,3.613948e-03,2.810003e-03,9.091303e-01,1.112881e-03,8.342357e-04,1.603683e-03,3.444257e-03,3.532992e-03,6.367710e-04,1.753238e-03
6.225223e-02,2.338813e-03,3.213420e-03,5.275659e-03,8.523651e-03,3.580793e-03,2.491093e-03,8.958690e-01,1.744010e-03,1.133290e-03,2.200716e-03,3.743263e-03,4.744983e-03,7.146010e-04,2.174457e-03
1.237835e-01,3.801091e-03,3.389865e-03,5.177376e-03,1.437272e-02,4.394561e-03,2.383674e-03,8.127031e-01,3.661052e-03,1.933377e-03,3.719961e-03,5.523459e-03,8.818087e-03,1.235987e-03,5.102125e-03
1.800424e-01,9.127302e-03,4.783168e-03,1.241030e-02,1.478206e-02,1.218697e-02,3.032333e-03,6.516041e-01,1.308775e-02,6.364692e-03,8.540640e-03,1.893917e-02,3.295910e-02,4.282081e-03,2.785783e-02
1.379647e-01,1.522220e-02,3.752160e-03,1.446714e-02,1.098542e-02,1.307359e-02,2.375706e-03,4.637568e-01,3.925721e-02,1.498649e-02,1.027232e-02,2.374681e-02,8.757042e-02,8.259415e-03,1.543096e-01
1.015824e-01,2.217969e-02,2.953552e-03,2.017109e-02,8.690476e-03,1.725565e-02,2.070844e-03,3.267104e-01,7.661604e-02,1.898747e-02,9.227600e-03,2.053423e-02,1.796993e-01,6.722728e-03,1.865984e-01
9.523931e-02,4.083201e-02,2.670431e-03,2.198960e-02,1.142414e-02,1.873183e-02,2.011464e-03,2.307090e-01,1.528340e-01,1.538272e-02,8.717731e-03,1.706550e-02,2.361936e-01,5.018337e-03,1.411802e-01
7.026743e-02,7.427716e-02,2.307191e-02,1.272009e-01,8.649006e-03,1.369974e-02,1.676394e-03,1.618500e-01,2.094244e-01,1.125697e-02,6.564632e-03,1.289198e-02,1.699703e-01,3.771082e-03,1.054281e-01
6.185352e-02,9.978972e-02,2.708508e-02,1.150995e-01,2.152145e-02,1.999447e-02,1.869257e-03,1.148808e-01,2.078906e-01,8.844737e-03,1.428306e-02,1.144844e-02,1.888527e-01,5.243933e-03,1.013427e-01
6.206788e-02,7.887263e-02,5.302837e-02,1.018722e-01,1.944390e-02,1.820660e-02,2.975789e-03,8.347439e-02,1.890568e-01,8.112740e-03,1.420975e-02,1.535321e-02,2.527329e-01,6.513821e-03,9.407905e-02
8.541857e-02,5.837401e-02,3.930510e-02,7.560452e-02,1.540480e-02,1.725477e-02,2.473200e-03,5.963939e-02,1.493036e-01,5.962743e-03,1.167611e-02,1.463515e-02,3.872733e-01,5.111212e-03,7.256356e-02
1.991246e-01,4.233041e-02,2.881506e-02,5.638533e-02,1.458772e-02,2.127069e-02,1.269966e-02,4.574207e-02,1.147801e-01,4.848721e-03,1.160414e-02,2.770973e-02,3.481571e-01,5.337615e-03,6.660710e-02
3.242707e-01,3.232520e-02,2.867999e-02,4.742661e-02,1.171769e-02,2.283105e-02,1.082703e-02,3.855623e-02,8.253933e-02,3.867708e-03,1.209020e-02,2.675480e-02,3.045844e-01,4.830110e-03,4.869903e-02
3.159198e-01,2.854512e-02,2.459231e-02,3.896736e-02,1.856700e-02,2.536361e-02,8.962572e-03,2.933269e-02,6.148093e-02,3.414431e-03,1.174656e-02,2.521575e-02,3.632347e-01,6.287321e-03,3.836991e-02
2.554990e-01,3.360590e-02,3.535480e-02,3.403929e-02,4.022814e-02,2.686023e-02,1.037723e-02,2.335353e-02,4.711943e-02,2.796437e-03,1.019996e-02,2.291314e-02,4.222950e-01,5.033763e-03,3.032427e-02
2.155660e-01,5.009721e-02,4.392951e-02,3.479418e-02,5.272882e-02,4.090144e-02,1.228919e-02,2.030201e-02,4.030122e-02,3.689406e-03,1.158399e-02,2.462336e-02,4.139738e-01,5.106458e-03,3.011342e-02
1.777243e-01,4.681017e-02,3.864096e-02,2.901642e-02,6.236263e-02,1.139449e-01,1.371848e-02,1.589880e-02,3.834591e-02,3.148515e-03,1.149868e-02,2.423054e-02,3.959357e-01,4.118302e-03,2.460565e-02
1.631663e-01,4.752773e-02,4.096053e-02,3.460683e-02,6.534947e-02,2.226670e-01,1.694841e-02,1.242437e-02,3.079688e-02,2.973110e-03,9.659886e-03,1.898238e-02,3.081999e-01,3.252984e-03,2.248421e-02
1.788352e-01,5.447248e-02,8.584215e-02,6.276111e-02,5.598848e-02,1.833368e-01,1.553101e-02,1.053243e-02,2.788901e-02,6.583483e-03,8.772272e-03,1.698625e-02,2.495918e-01,2.954379e-03,3.992319e-02
1.541049e-01,4.501956e-02,2.258816e-01,9.778556e-02,4.526802e-02,1.348442e-01,1.217405e-02,8.301595e-03,2.795888e-02,1.038123e-02,7.051939e-03,1.274315e-02,1.782399e-01,2.232878e-03,3.801250e-02
1.359421e-01,3.569237e-02,3.382669e-01,8.618453e-02,4.424537e-02,1.079847e-01,1.249474e-02,1.576668e-02,2.737757e-02,1.078684e-02,6.847235e-03,9.808709e-03,1.362673e-01,1.811731e-03,3.052318e-02
1.109996e-01,2.583338e-02,2.477584e-01,6.363246e-02,5.674740e-02,1.008428e-01,1.579230e-02,2.100190e-01,2.282843e-02,7.837034e-03,5.663524e-03,7.144160e-03,1.018688e-01,1.358252e-03,2.167450e-02
8.346993e-02,1.824620e-02,1.742337e-01,4.497916e-02,4.631341e-02,7.450762e-02,1.334934e-02,4.262159e-01,1.611163e-02,5.547966e-03,4.195721e-03,5.072387e-03,7.155442e-02,9.720344e-04,1.523056e-02
6.323302e-02,1.306079e-02,1.242755e-01,3.237688e-02,3.971576e-02,5.487341e-02,1.362908e-02,5.731525e-01,1.143949e-02,5.103086e-03,3.242860e-03,3.815217e-03,5.049701e-02,7.230046e-04,1.086241e-02
4.750391e-02,9.518860e-03,8.901004e-02,3.190785e-02,2.845133e-02,3.950365e-02,9.787982e-03,6.441036e-01,8.972578e-03,6.917599e-03,1.178351e-02,1.904247e-02,4.449265e-02,8.753387e-04,8.128675e-03
3.661919e-02,6.894286e-03,6.342653e-02,2.726936e-02,2.029055e-02,2.817997e-02,7.239123e-03,6.817053e-01,6.945529e-03,1.669911e-02,2.910776e-02,2.695635e-02,3.737534e-02,4.073533e-03,7.218105e-03
2.908964e-02,5.949612e-03,4.583517e-02,6.311353e-02,1.633970e-02,2.040257e-02,5.212528e-03,5.456103e-01,1.182813e-02,2.145904e-02,9.849794e-02,5.131003e-02,6.941119e-02,7.675442e-03,8.265188e-03
4.915784e-02,5.688475e-03,3.407934e-02,7.207626e-02,1.340864e-02,1.634777e-02,4.178219e-03,4.129613e-01,3.116524e-02,7.086903e-02,1.311687e-01,4.443138e-02,7.297077e-02,2.658080e-02,1.491631e-02
6.454527e-02,6.268354e-03,2.481356e-02,7.480210e-02,1.298315e-02,1.313869e-02,3.127846e-03,3.130465e-01,5.156970e-02,6.646043e-02,1.870472e-01,3.815240e-02,7.837500e-02,4.878723e-02,1.688259e-02
6.544099e-02,6.807299e-03,2.206217e-02,5.601395e-02,1.107734e-02,1.450303e-02,2.530722e-03,2.232631e-01,1.367651e-01,4.848243e-02,1.818183e-01,2.835797e-02,5.589263e-02,1.278958e-01,1.908919e-02
6.148499e-02,7.212272e-03,1.753024e-02,4.266841e-02,8.131669e-03,2.167558e-02,1.922868e-03,1.606350e-01,1.178610e-01,3.517241e-02,1.956134e-01,2.239374e-02,4.030586e-02,2.486610e-01,1.873167e-02
2.134223e-01,6.909930e-03,1.437964e-02,3.373464e-02,6.803510e-03,4.464171e-02,1.821682e-03,1.143288e-01,8.773582e-02,2.524406e-02,1.711243e-01,1.828774e-02,3.131105e-02,2.130943e-01,1.716047e-02
2.614042e-01,5.874427e-03,1.144243e-02,2.578735e-02,5.601475e-03,4.157234e-02,1.523366e-03,8.095106e-02,8.225511e-02,1.861274e-02,1.699488e-01,1.624061e-02,2.716485e-02,2.372727e-01,1.434854e-02
2.345121e-01,5.700691e-03,1.012388e-02,1.936058e-02,5.836802e-03,3.815268e-02,1.510781e-03,5.747192e-02,1.030178e-01,1.443967e-02,1.633989e-01,1.355171e-02,2.095240e-02,3.000196e-01,1.195048e-02
2.158177e-01,5.866718e-03,1.100290e-02,1.485307e-02,5.553072e-03,3.213372e-02,1.637239e-03,4.102057e-02,1.451864e-01,1.441351e-02,1.580231e-01,1.372271e-02,1.532263e-02,3.157292e-01,9.717444e-03
1.841165e-01,4.986001e-03,1.025665e-02,1.132277e-02,5.411405e-03,2.605522e-02,1.421421e-03,2.909041e-02,1.703444e-01,1.654745e-02,1.368831e-01,1.203940e-02,1.125194e-02,3.717903e-01,8.483055e-03
1.421420e-01,5.857927e-03,7.886522e-03,8.512726e-03,7.571344e-03,2.232992e-02,1.117366e-03,2.061073e-02,2.683146e-01,1.951113e-02,1.100636e-01,9.817110e-03,8.230121e-03,3.606829e-01,7.352051e-03
1.014127e-01,4.968438e-03,5.867386e-03,6.402249e-03,5.914923e-03,1.621537e-02,7.953915e-04,1.463312e-02,3.437956e-01,2.111176e-02,9.055503e-02,7.702252e-03,6.017391e-03,3.683420e-01,6.266468e-03
8.202566e-02,5.548873e-03,8.925688e-03,1.147135e-02,1.143418e-02,1.943536e-02,6.473794e-04,1.285545e-02,3.913494e-01,2.637177e-02,7.802137e-02,7.155670e-03,6.972468e-03,3.300202e-01,7.765178e-03
7.476778e-02,7.579421e-03,6.577066e-02,6.554157e-02,1.957301e-02,2.200944e-02,8.279553e-04,1.508427e-02,3.510917e-01,3.389191e-02,6.896119e-02,8.587762e-03,9.401208e-03,2.440696e-01,1.284262e-02
7.242717e-02,1.121786e-02,7.488739e-02,7.983844e-02,2.757780e-02,2.708637e-02,6.921043e-04,1.282852e-02,3.505787e-01,3.653686e-02,6.180961e-02,7.919209e-03,9.124557e-03,1.944327e-01,3.304273e-02
8.905630e-02,1.635871e-02,1.126003e-01,7.111125e-02,3.025282e-02,3.477158e-02,9.050712e-04,1.609087e-02,3.163486e-01,3.527943e-02,4.945777e-02,8.599617e-03,9.756284e-03,1.750272e-01,3.438421e-02
1.098323e-01,1.409879e-02,1.336605e-01,7.888085e-02,3.077545e-02,3.972326e-02,8.397838e-04,1.615415e-02,3.083207e-01,3.114418e-02,3.928085e-02,7.376255e-03,8.331884e-03,1.484360e-01,3.314522e-02
1.215041e-01,1.345671e-02,1.138178e-01,6.230896e-02,3.085257e-02,1.363003e-01,7.824487e-04,1.616593e-02,2.816612e-01,2.409248e-02,3.166725e-02,6.981495e-03,7.609145e-03,1.222336e-01,3.056610e-02
1.936455e-01,1.740367e-02,9.656021e-02,1.122741e-01,4.093187e-02,1.134378e-01,1.071803e-03,1.333942e-02,2.277297e-01,1.823723e-02,2.920491e-02,1.168300e-02,6.682617e-03,8.934205e-02,2.845608e-02
2.898592e-01,1.505053e-02,8.029464e-02,1.083092e-01,3.134420e-02,8.806971e-02,1.126304e-03,1.036793e-02,1.979995e-01,1.593664e-02,3.478082e-02,1.262196e-02,6.772290e-03,6.848882e-02,3.897823e-02
3.397373e-01,1.342284e-02,9.870731e-02,1.038597e-01,2.621862e-02,6.664270e-02,1.308617e-03,9.463364e-03,1.757691e-01,1.265005e-02,2.916662e-02,1.490380e-02,7.378241e-03,5.587813e-02,4.489354e-02
4.178515e-01,1.373105e-02,7.584511e-02,8.470175e-02,2.687332e-02,5.386972e-02,2.447484e-03,9.023950e-03,1.779839e-01,9.708867e-03,2.425365e-02,1.616064e-02,8.443236e-03,4.296677e-02,3.613900e-02
1.000000e+00,0.000000e+00,0.000000e+00,0.000000e+00,0.000000e+00,0.000000e+00,0.000000e+00,0.000000e+00,0.000000e+00,0.000000e+00,0.000000e+00,0.000000e+00,0.000000e+00,0.000000e+00,0.000000e+00
1.000000e+00,0.000000e+00,0.000000e+00,0.000000e+00,0.000000e+00,0.000000e+00,0.000000e+00,0.000000e+00,0.000000e+00,0.000000e+00,0.000000e+00,0.000000e+00,0.000000e+00,0.000000e+00,0.000000e+00
1.000000e+00,0.000000e+00,0.000000e+00,0.000000e+00,0.000000e+00,0.000000e+00,0.000000e+00,0.000000e+00,0.000000e+00,0.000000e+00,0.000000e+00,0.000000e+00,0.000000e+00,0.000000e+00,0.000000e+00
1.000000e+00,0.000000e+00,0.000000e+00,0.000000e+00,0.000000e+00,0.000000e+00,0.000000e+00,0.000000e+00,0.000000e+00,0.000000e+00,0.000000e+00,0.000000e+00,0.000000e+00,0.000000e+00,0.000000e+00
1.000000e+00,0.000000e+00,0.000000e+00,0.000000e+00,0.000000e+00,0.000000e+00,0.000000e+00,0.000000e+00,0.000000e+00,0.000000e+00,0.000000e+00,0.000000e+00,0.000000e+00,0.000000e+00,0.000000e+00
1.000000e+00,0.000000e+00,0.000000e+00,0.000000e+00,0.000000e+00,0.000000e+00,0.000000e+00,0.000000e+00,0.000000e+00,0.000000e+00,0.000000e+00,0.000000e+00,0.000000e+00,0.000000e+00,0.000000e+00
1.000000e+00,0.000000e+00,0.000000e+00,0.000000e+00,0.000000e+00,0.000000e+00,0.000000e+00,0.000000e+00,0.000000e+00,0.000000e+00,0.000000e+00,0.000000e+00,0.000000e+00,0.000000e+00,0.000000e+00
1.000000e+00,0.000000e+00,0.000000e+00,0.000000e+00,0.000000e+00,0.000000e+00,0.000000e+00,0.000000e+00,0.000000e+00,0.000000e+00,0.000000e+00,0.000000e+00,0.000000e+00,0.000000e+00,0.000000e+00
1.000000e+00,0.000000e+00,0.000000e+00,0.000000e+00,0.000000e+00,0.000000e+00,0.000000e+00,0.000000e+00,0.000000e+00,0.000000e+00,0.000000e+00,0.000000e+00,0.000000e+00,0.000000e+00,0.000000e+00
1.000000e+00,0.000000e+00,0.000000e+00,0.000000e+00,0.000000e+00,0.000000e+00,0.000000e+00,0.000000e+00,0.000000e+00,0.000000e+00,0.000000e+00,0.000000e+00,0.000000e+00,0.000000e+00,0.000000e+00
4.448947e-01,1.045660e-02,1.923561e-02,4.206510e-02,6.395205e-02,2.376502e-02,2.963510e-02,8.238574e-02,1.725043e-02,1.259231e-02,2.803175e-02,1.894027e-01,1.411460e-02,7.369030e-03,1.484930e-02
3.260240e-01,8.039788e-03,1.421706e-02,3.423901e-02,4.884715e-02,2.103533e-02,2.705717e-02,6.059837e-02,1.248506e-02,1.116777e-02,4.099054e-02,3.663365e-01,1.093747e-02,6.997551e-03,1.102721e-02
2.478383e-01,6.883897e-03,1.106869e-02,2.733177e-02,3.779347e-02,2.063415e-02,2.146282e-02,4.591729e-02,1.036286e-02,8.498251e-03,8.584944e-02,4.508066e-01,9.206053e-03,7.888412e-03,8.458094e-03
1.933077e-01,6.614828e-03,8.832914e-03,2.091753e-02,3.169766e-02,1.676630e-02,1.608189e-02,3.466041e-02,1.003643e-02,6.349977e-03,1.741525e-01,4.471223e-01,9.172987e-03,1.799429e-02,6.292319e-03
1.430993e-01,4.927904e-03,6.899391e-03,1.510765e-02,2.376246e-02,2.521158e-02,1.144743e-02,2.551030e-02,9.262183e-03,4.724639e-03,2.690132e-01,3.979106e-01,7.311948e-03,5.116122e-02,4.650231e-03
1.092145e-01,5.347854e-03,5.880695e-03,1.127767e-02,2.524921e-02,2.135588e-02,8.287315e-03,1.830056e-02,1.834547e-02,3.667593e-03,3.251824e-01,3.485467e-01,5.963074e-03,8.964112e-02,3.739915e-03
7.714675e-02,4.680556e-03,4.234949e-03,8.207981e-03,2.064499e-02,1.593023e-02,5.849672e-03,1.288400e-02,1.591883e-02,2.858770e-03,4.639091e-01,2.659048e-01,4.706813e-03,9.427501e-02,2.847565e-03
5.562753e-02,4.197882e-03,3.352169e-03,6.707417e-03,1.864929e-02,1.297698e-02,4.227984e-03,9.291762e-03,1.830761e-02,2.663038e-03,5.261117e-01,2.348850e-01,4.454670e-03,9.629526e-02,2.251699e-03
4.669971e-02,4.334011e-03,5.271047e-03,6.476009e-03,1.919630e-02,1.436258e-02,3.517741e-03,1.188275e-02,2.144038e-02,3.288803e-03,5.257837e-01,2.124284e-01,4.565522e-03,1.189031e-01,1.849999e-03
3.342663e-02,1.480761e-02,5.196642e-03,4.692972e-03,2.201328e-02,1.280112e-02,2.581291e-03,8.756244e-03,4.043424e-02,3.833965e-03,5.462946e-01,1.818426e-01,3.940104e-03,1.174721e-01,1.906647e-03
2.440492e-02,3.479493e-02,1.230555e-02,4.284134e-03,3.053683e-02,1.348655e-02,2.074779e-03,8.941915e-03,6.235322e-02,4.956215e-03,5.431026e-01,1.480514e-01,3.147573e-03,1.051092e-01,2.450179e-03
1.790208e-02,3.034659e-02,1.085655e-02,3.287878e-03,2.563644e-02,1.476382e-02,1.542809e-03,6.745792e-03,5.851509e-02,6.449851e-03,6.111794e-01,1.190985e-01,2.879980e-03,8.780598e-02,2.989264e-03
1.427540e-02,5.939097e-02,3.374820e-02,3.543166e-03,4.929537e-02,1.827610e-02,1.254418e-03,5.538860e-03,1.507145e-01,9.231856e-03,4.818320e-01,8.937678e-02,3.266939e-03,7.609296e-02,4.162521e-03
1.951959e-02,6.640851e-02,6.985749e-02,1.082852e-02,8.071209e-02,2.146512e-02,1.928922e-03,9.184136e-03,1.821248e-01,1.238473e-02,3.778218e-01,7.165211e-02,3.218831e-03,6.422395e-02,8.669406e-03
1.826696e-02,5.235182e-02,5.049823e-02,8.984443e-03,9.039505e-02,1.746313e-02,1.503265e-03,7.085097e-03,1.962416e-01,1.229726e-02,4.090377e-01,6.005003e-02,2.850881e-03,6.275524e-02,1.021922e-02
2.299292e-02,4.721239e-02,4.816914e-02,1.679730e-02,1.376352e-01,1.882127e-02,1.360943e-03,1.149345e-02,2.086631e-01,1.180233e-02,3.677359e-01,4.374756e-02,2.398803e-03,4.895551e-02,1.221417e-02
2.984661e-02,4.104506e-02,7.019056e-02,2.825913e-02,1.414279e-01,1.899792e-02,1.174576e-03,1.210265e-02,1.996033e-01,1.091547e-02,3.567606e-01,3.195390e-02,1.946383e-03,3.863063e-02,1.714526e-02
3.991670e-02,4.328509e-02,5.466279e-02,2.290902e-02,1.157439e-01,1.907673e-02,9.098398e-04,1.084935e-02,2.587642e-01,8.941914e-03,3.346479e-01,2.348834e-02,1.928350e-03,4.465082e-02,2.022500e-02
5.561031e-02,3.724350e-02,3.970622e-02,2.124196e-02,9.022852e-02,2.402020e-02,7.767690e-04,1.457468e-02,2.419291e-01,7.363169e-03,3.893325e-01,1.709368e-02,1.962699e-03,4.139403e-02,1.752267e-02
7.024971e-02,2.798787e-02,5.924656e-02,7.668900e-02,8.912385e-02,1.879908e-02,8.278994e-04,3.758176e-02,2.529339e-01,7.268058e-03,2.979980e-01,1.223284e-02,1.708148e-03,3.263449e-02,1.471876e-02
9.777196e-02,3.160127e-02,4.717683e-02,5.889896e-02,8.366678e-02,1.795170e-02,8.403467e-04,4.253165e-02,2.808688e-01,5.728010e-03,2.526141e-01,8.986389e-03,1.840540e-03,4.828006e-02,2.124259e-02
9.023660e-02,2.665319e-02,4.807120e-02,7.158274e-02,1.721322e-01,1.415036e-02,1.435784e-03,6.966945e-02,2.563697e-01,4.504675e-03,1.804961e-01,7.154594e-03,1.793789e-03,3.801392e-02,1.773578e-02
8.862370e-02,2.000140e-02,5.597933e-02,1.331184e-01,1.814454e-01,1.132741e-02,1.293503e-03,1.048659e-01,2.174720e-01,3.794008e-03,1.294959e-01,5.332014e-03,1.471828e-03,3.205826e-02,1.372097e-02
8.337447e-02,1.538263e-02,5.208215e-02,1.553198e-01,1.719172e-01,8.599859e-03,1.212038e-03,1.887418e-01,1.760565e-01,3.309645e-03,9.866633e-02,3.994162e-03,1.137922e-03,2.990923e-02,1.029625e-02
7.869669e-02,1.210742e-02,9.129221e-02,2.356130e-01,1.310358e-01,6.421019e-03,1.125176e-03,1.898040e-01,1.350726e-01,2.770801e-03,7.021233e-02,2.867944e-03,8.732741e-04,3.454324e-02,7.564558e-03
1.047741e-01,1.079826e-02,1.055546e-01,2.748926e-01,1.098716e-01,5.677705e-03,1.287509e-03,1.692924e-01,1.059565e-01,3.063254e-03,5.037228e-02,2.176845e-03,7.623833e-04,4.908773e-02,6.432325e-03
1.381712e-01,9.898635e-03,1.394126e-01,2.641193e-01,8.897627e-02,5.203408e-03,1.931418e-03,1.732061e-01,8.143298e-02,2.517430e-03,3.641761e-02,1.722268e-03,7.732311e-04,5.096225e-02,5.255357e-03
1.613148e-01,9.825332e-03,1.726435e-01,2.507716e-01,6.743874e-02,5.021337e-03,3.029404e-03,1.795532e-01,6.383752e-02,2.351519e-03,2.682755e-02,1.613200e-03,8.879069e-04,4.963392e-02,5.250692e-03
2.188616e-01,8.677696e-03,1.768235e-01,2.088897e-01,5.184929e-02,5.001734e-03,3.300505e-03,2.095303e-01,4.914793e-02,1.909052e-03,1.965930e-02,1.763497e-03,1.065854e-03,3.850357e-02,5.016500e-03
3.044741e-01,8.565214e-03,1.703973e-01,1.958197e-01,3.973457e-02,5.123646e-03,3.398991e-03,1.753360e-01,4.018410e-02,2.410376e-03,1.515320e-02,2.888620e-03,1.348896e-03,2.909091e-02,6.074381e-03
4.060460e-01,9.392280e-03,1.497523e-01,1.703617e-01,3.037222e-02,5.680211e-03,3.448044e-03,1.378529e-01,3.287797e-02,2.723984e-03,1.319866e-02,4.149491e-03,1.713267e-03,2.339588e-02,9.035053e-03
1.000000e+00,0.000000e+00,0.000000e+00,0.000000e+00,0.000000e+00,0.000000e+00,0.000000e+00,0.000000e+00,0.000000e+00,0.000000e+00,0.000000e+00,0.000000e+00,0.000000e+00,0.000000e+00,0.000000e+00
1.000000e+00,0.000000e+00,0.000000e+00,0.000000e+00,0.000000e+00,0.000000e+00,0.000000e+00,0.000000e+00,0.000000e+00,0.000000e+00,0.000000e+00,0.000000e+00,0.000000e+00,0.000000e+00,0.000000e+00
1.000000e+00,0.000000e+00,0.000000e+00,0.000000e+00,0.000000e+00,0.000000e+00,0.000000e+00,0.000000e+00,0.000000e+00,0.000000e+00,0.000000e+00,0.000000e+00,0.000000e+00,0.000000e+00,0.000000e+00
1.000000e+00,0.000000e+00,0.000000e+00,0.000000e+00,0.000000e+00,0.000000e+00,0.000000e+00,0.000000e+00,0.000000e+00,0.000000e+00,0.000000e+00,0.000000e+00,0.000000e+00,0.000000e+00,0.000000e+00
1.000000e+00,0.000000e+00,0.000000e+00,0.000000e+00,0.000000e+00,0.000000e+00,0.000000e+00,0.000000e+00,0.000000e+00,0.000000e+00,0.000000e+00,0.000000e+00,0.000000e+00,0.000000e+00,0.000000e+00
1.000000e+00,0.000000e+00,0.000000e+00,0.000000e+00,0.000000e+00,0.000000e+00,0.000000e+00,0.000000e+00,0.000000e+00,0.000000e+00,0.000000e+00,0.000000e+00,0.000000e+00,0.000000e+00,0.000000e+00
4.862815e-01,2.829468e-02,1.058791e-01,1.365313e-01,8.227947e-03,1.264870e-02,1.555256e-03,2.312889e-02,4.168942e-02,1.462802e-02,1.190965e-02,1.128226e-02,7.763089e-03,1.852786e-02,9.165233e-02
4.128941e-01,3.033206e-02,9.578784e-02,1.688851e-01,6.461957e-03,1.141251e-02,1.429514e-03,2.041490e-02,8.004046e-02,2.134873e-02,1.212457e-02,1.084616e-02,7.463214e-03,1.704351e-02,1.035154e-01
4.428123e-01,2.842031e-02,7.618230e-02,1.430799e-01,6.400608e-03,1.390801e-02,2.153962e-03,1.978233e-02,9.773948e-02,2.088220e-02,1.229733e-02,1.161356e-02,9.289907e-03,2.331389e-02,9.212401e-02
4.664611e-01,2.743458e-02,6.658556e-02,1.063476e-01,5.460857e-03,1.370640e-02,2.351451e-03,1.619683e-02,1.177986e-01,2.231627e-02,1.111298e-02,9.941708e-03,9.541630e-03,3.256011e-02,9.218429e-02
4.940212e-01,2.240383e-02,5.296106e-02,7.985142e-02,5.700523e-03,1.097496e-02,2.284563e-03,1.300358e-02,1.086563e-01,2.612766e-02,1.038026e-02,8.522165e-03,8.903156e-03,6.887463e-02,8.733465e-02
1.000000e+00,0.000000e+00,0.000000e+00,0.000000e+00,0.000000e+00,0.000000e+00,0.000000e+00,0.000000e+00,0.000000e+00,0.000000e+00,0.000000e+00,0.000000e+00,0.000000e+00,0.000000e+00,0.000000e+00
4.284296e-01,1.442126e-02,2.907447e-02,4.158698e-02,4.045479e-03,6.898556e-03,1.417610e-03,7.055712e-03,2.463788e-01,3.026708e-02,8.670121e-03,5.686915e-03,8.265655e-03,6.319600e-02,1.046057e-01
3.571250e-01,1.143862e-02,2.123839e-02,3.022241e-02,3.200863e-03,5.735256e-03,1.157394e-03,5.177971e-03,3.266680e-01,6.214220e-02,1.327742e-02,4.640996e-03,1.009773e-02,6.346348e-02,8.441430e-02
3.395690e-01,9.838905e-03,1.648077e-02,2.580935e-02,2.855814e-03,5.766043e-03,1.234353e-03,4.939747e-03,3.628018e-01,5.526905e-02,2.543845e-02,5.029016e-03,1.454198e-02,6.201065e-02,6.841508e-02
3.138987e-01,1.347834e-02,4.762920e-02,2.905992e-02,4.051765e-03,7.028104e-03,2.286656e-03,8.123431e-03,3.183967e-01,4.953734e-02,2.507524e-02,5.565540e-03,1.698408e-02,5.364836e-02,1.052366e-01
2.645475e-01,1.901709e-02,4.052785e-02,2.506259e-02,4.571833e-03,6.931688e-03,2.108331e-03,8.813932e-03,2.687074e-01,4.178979e-02,2.406769e-02,5.512364e-03,1.922913e-02,4.765975e-02,2.214531e-01
2.432846e-01,2.589976e-02,3.361562e-02,2.393910e-02,1.568027e-02,7.195460e-03,2.344027e-03,1.341206e-02,2.669123e-01,3.379635e-02,2.208055e-02,7.688671e-03,1.848800e-02,3.865322e-02,2.470099e-01
2.286415e-01,3.311926e-02,4.887132e-02,6.564185e-02,1.991833e-02,1.018672e-02,3.892735e-03,4.736312e-02,2.301008e-01,2.687420e-02,1.980382e-02,1.048110e-02,2.092246e-02,2.878374e-02,2.053991e-01
2.060183e-01,7.007378e-02,5.835261e-02,6.125170e-02,2.982787e-02,1.178011e-02,4.018662e-03,6.218486e-02,2.191475e-01,1.999386e-02,1.467466e-02,9.098141e-03,1.826052e-02,2.129088e-02,1.940266e-01
2.439249e-01,7.520811e-02,4.663264e-02,5.353326e-02,5.282003e-02,1.457612e-02,4.881852e-03,6.989418e-02,2.002609e-01,1.471519e-02,1.076525e-02,8.239966e-03,1.550495e-02,1.555513e-02,1.734875e-01
2.317255e-01,8.772771e-02,3.646994e-02,4.577900e-02,9.412016e-02,2.078979e-02,4.183261e-03,6.538146e-02,1.890394e-01,1.072593e-02,7.849427e-03,6.627700e-03,1.318030e-02,1.111417e-02,1.752862e-01
1.858473e-01,9.648293e-02,3.042742e-02,5.722187e-02,1.548738e-01,2.035249e-02,9.051138e-03,1.054221e-01,1.730312e-01,7.829973e-03,5.997082e-03,5.406652e-03,1.027599e-02,7.968932e-03,1.298112e-01
1.405849e-01,8.653749e-02,2.578262e-02,7.981703e-02,1.486110e-01,1.607178e-02,7.688091e-03,2.122810e-01,1.639958e-01,5.652442e-03,4.332122e-03,4.006988e-03,7.388085e-03,5.611765e-03,9.163885e-02
1.208920e-01,8.420685e-02,2.147744e-02,6.512593e-02,1.535831e-01,1.327628e-02,6.936950e-03,2.692958e-01,1.796932e-01,4.155945e-03,3.264339e-03,2.987856e-03,5.375749e-03,4.033091e-03,6.569558e-02
1.663471e-01,7.430124e-02,1.849544e-02,5.331267e-02,1.317981e-01,1.463639e-02,5.621744e-03,2.396696e-01,2.253399e-01,3.800550e-03,3.391241e-03,4.315453e-03,5.099986e-03,3.180975e-03,5.068963e-02
2.309397e-01,6.672078e-02,1.989463e-02,4.648662e-02,1.068148e-01,1.330299e-02,5.287079e-03,2.176726e-01,2.325220e-01,3.693262e-03,3.447599e-03,5.381046e-03,5.102889e-03,2.805456e-03,3.992855e-02
2.490878e-01,4.818149e-02,2.363697e-02,3.582279e-02,8.306357e-02,1.030499e-02,4.674561e-03,3.244320e-01,1.747644e-01,2.775963e-03,3.173584e-03,4.970914e-03,4.126047e-03,2.145485e-03,2.883960e-02
2.167587e-01,3.418459e-02,3.685669e-02,3.194003e-02,6.261730e-02,8.615484e-03,4.030471e-03,4.476971e-01,1.231029e-01,2.215191e-03,2.419319e-03,3.846009e-03,3.246352e-03,1.699263e-03,2.077062e-02
2.486024e-01,2.508377e-02,5.737334e-02,3.439402e-02,4.667769e-02,7.815883e-03,3.758546e-03,4.584729e-01,8.710112e-02,3.224988e-03,2.922295e-03,3.319816e-03,2.690018e-03,1.991928e-03,1.657124e-02
3.873246e-01,1.770574e-02,4.080707e-02,2.627638e-02,3.322029e-02,7.020000e-03,2.895633e-03,3.701477e-01,6.129078e-02,3.765198e-03,1.782143e-02,8.019583e-03,9.737007e-03,1.998922e-03,1.196958e-02
3.083937e-01,1.251230e-02,2.972901e-02,2.398466e-02,2.348767e-02,5.923154e-03,2.248870e-03,3.007698e-01,4.318453e-02,3.874765e-03,2.064792e-02,2.009940e-01,1.119902e-02,4.381645e-03,8.668932e-03
2.163719e-01,8.817117e-03,2.135154e-02,1.824621e-02,1.655776e-02,4.683473e-03,1.618562e-03,2.133578e-01,3.050727e-02,3.111380e-03,1.850901e-02,4.249174e-01,1.163284e-02,4.093650e-03,6.224125e-03
1.516920e-01,6.179563e-03,1.496660e-02,1.285457e-02,1.172486e-02,3.382120e-03,1.153586e-03,1.497409e-01,2.208502e-02,2.460509e-03,1.479018e-02,5.889369e-01,1.252632e-02,3.137876e-03,4.368883e-03
1.068571e-01,4.348588e-03,1.058003e-02,9.123220e-03,8.824774e-03,2.897030e-03,8.470816e-04,1.053675e-01,1.871059e-02,1.881223e-03,1.440278e-02,6.957332e-01,1.496155e-02,2.383405e-03,3.081881e-03
7.673297e-02,3.136114e-03,7.490712e-03,6.473180e-03,7.482491e-03,3.557082e-03,7.515637e-04,7.436255e-02,1.813889e-02,1.705971e-03,1.619510e-02,7.673207e-01,1.261816e-02,1.851636e-03,2.182840e-03
5.541882e-02,2.611321e-03,5.682169e-03,4.573929e-03,8.209726e-03,4.194223e-03,7.418088e-04,5.283634e-02,1.712306e-02,3.360238e-03,2.586547e-02,8.064150e-01,9.858239e-03,1.545276e-03,1.564309e-03
3.970701e-02,1.892110e-03,4.043514e-03,3.220580e-03,6.697927e-03,3.982355e-03,6.664392e-04,3.713753e-02,1.272202e-02,3.332790e-03,2.952044e-02,8.470114e-01,7.591212e-03,1.364144e-03,1.110408e-03
2.883048e-02,1.440490e-03,2.895878e-03,2.333055e-03,2.467784e-02,7.253143e-03,7.589782e-04,2.691284e-02,1.012151e-02,2.905477e-03,2.696827e-02,8.562143e-01,6.646235e-03,1.260786e-03,7.807433e-04
2.060489e-02,1.155655e-03,2.078884e-03,1.698892e-03,4.171975e-02,1.034874e-02,6.751300e-04,1.930042e-02,8.541111e-03,2.593354e-03,2.725213e-02,8.563066e-01,6.028505e-03,1.146673e-03,5.493202e-04
1.507376e-02,8.608758e-04,1.478501e-03,1.195428e-03,3.130822e-02,3.138432e-02,5.457907e-04,1.360365e-02,6.569608e-03,2.054394e-03,2.405994e-02,8.647231e-01,5.832165e-03,9.231154e-04,3.871731e-04
1.159615e-02,7.578080e-04,1.104532e-03,8.515529e-04,2.498071e-02,2.794627e-02,4.669676e-04,9.760446e-03,5.503329e-03,1.925254e-03,2.562704e-02,8.833990e-01,4.966700e-03,8.377044e-04,2.765768e-04
8.884593e-03,6.838139e-04,8.542942e-04,6.441253e-04,2.998597e-02,3.307588e-02,1.275866e-03,7.791878e-03,6.346490e-03,2.165612e-03,2.574508e-02,8.772761e-01,4.286725e-03,7.729871e-04,2.106790e-04
8.134075e-03,8.319761e-04,7.686844e-04,5.480577e-04,2.968981e-02,4.330935e-02,3.140734e-03,8.544674e-03,9.360377e-03,3.314446e-03,3.311269e-02,8.528510e-01,5.317773e-03,8.990317e-04,1.773852e-04
8.478450e-03,1.408775e-03,7.114726e-04,4.390290e-04,3.610849e-02,5.264453e-02,3.290288e-03,8.118141e-03,2.251881e-02,5.237662e-03,3.903149e-02,8.156127e-01,5.273028e-03,9.737537e-04,1.534697e-04
1.171021e-02,1.759370e-03,7.075598e-04,3.794655e-04,2.968863e-02,4.988749e-02,3.122048e-03,7.605796e-03,2.105734e-02,5.198653e-03,4.985842e-02,8.123763e-01,3.987748e-03,2.462378e-03,1.986118e-04
3.115105e-02,1.898296e-03,7.543081e-04,4.084650e-04,3.288340e-02,5.108147e-02,2.535169e-03,7.028242e-03,2.680353e-02,7.042202e-03,5.720465e-02,7.738892e-01,3.250109e-03,3.729317e-03,3.406468e-04
6.132077e-02,5.229852e-03,2.163897e-03,6.820180e-03,9.650482e-02,4.993849e-02,3.880107e-03,2.260925e-02,2.913193e-02,6.884362e-03,4.775379e-02,6.601580e-01,3.629899e-03,3.572103e-03,4.024880e-04
6.082377e-02,6.243394e-03,2.925215e-03,6.152107e-03,1.856582e-01,3.797791e-02,4.129989e-03,2.517038e-02,5.484754e-02,8.692934e-03,3.657747e-02,5.636736e-01,3.421531e-03,3.160650e-03,5.452097e-04
6.272607e-02,7.122139e-03,4.103054e-03,5.979944e-03,2.957355e-01,3.250886e-02,6.477234e-03,3.660630e-02,6.461563e-02,8.523710e-03,2.785403e-02,4.409272e-01,3.338459e-03,2.768850e-03,7.129456e-04
8.763002e-02,9.729836e-03,7.430640e-03,6.348113e-03,3.823118e-01,5.323494e-02,7.451179e-03,3.698654e-02,4.996135e-02,7.980308e-03,2.693161e-02,3.171653e-01,3.158575e-03,2.632913e-03,1.046804e-03
1.095846e-01,1.379493e-02,9.298803e-03,6.876349e-03,4.378514e-01,6.917971e-02,1.000520e-02,3.605896e-02,3.813431e-02,9.130517e-03,2.427837e-02,2.290206e-01,3.180550e-03,2.311493e-03,1.294203e-03
1.591141e-01,1.452529e-02,8.562438e-03,8.671038e-03,4.064043e-01,7.003544e-02,1.058082e-02,3.345630e-02,3.301521e-02,9.112256e-03,3.481537e-02,2.012900e-01,5.557949e-03,2.714024e-03,2.145535e-03
1.546335e-01,1.363634e-02,7.325959e-03,1.039564e-02,4.356932e-01,7.711945e-02,1.156436e-02,4.696422e-02,2.691737e-02,7.000632e-03,3.466133e-02,1.635510e-01,6.272363e-03,2.423372e-03,1.841282e-03
1.684953e-01,1.173950e-02,6.775782e-03,1.038201e-02,4.662543e-01,6.704849e-02,1.180014e-02,3.798372e-02,3.211555e-02,6.392851e-03,3.671679e-02,1.306577e-01,8.361198e-03,3.101473e-03,2.175240e-03
1.410109e-01,1.136226e-02,5.373256e-03,2.481164e-02,5.149093e-01,6.773740e-02,1.031958e-02,5.882564e-02,2.419904e-02,4.623596e-03,2.829616e-02,9.714339e-02,7.011300e-03,2.436043e-03,1.940461e-03
1.344632e-01,9.812917e-03,4.525305e-03,2.810149e-02,5.464604e-01,7.967483e-02,9.738768e-03,5.268104e-02,1.967243e-02,3.610763e-03,2.371500e-02,7.706471e-02,6.560149e-03,1.985057e-03,1.933998e-03
1.689361e-01,8.774158e-03,5.981506e-03,4.803675e-02,4.928609e-01,1.013435e-01,7.851114e-03,4.078981e-02,2.185853e-02,3.205335e-03,2.711513e-02,6.329856e-02,5.845034e-03,2.102062e-03,2.001524e-03
2.271876e-01,9.288670e-03,1.075549e-02,6.913272e-02,4.021663e-01,1.071829e-01,6.531261e-03,3.245105e-02,2.346143e-02,5.508230e-03,3.110042e-02,6.087844e-02,7.376655e-03,3.567002e-03,3.411902e-03
2.843663e-01,9.501318e-03,1.345933e-02,9.331898e-02,3.218077e-01,1.041226e-01,5.369205e-03,2.586639e-02,2.327400e-02,7.425351e-03,2.743543e-02,6.170221e-02,9.290647e-03,6.842642e-03,6.217937e-03
3.583193e-01,1.163508e-02,1.434035e-02,1.105654e-01,2.459518e-01,7.923540e-02,4.812456e-03,2.559497e-02,1.915056e-02,6.599766e-03,2.789741e-02,6.559856e-02,1.426899e-02,8.614919e-03,7.414998e-03
4.404625e-01,1.197012e-02,1.517537e-02,1.105418e-01,1.801426e-01,6.275332e-02,4.550198e-03,2.815063e-02,1.650893e-02,6.281224e-03,2.826380e-02,6.091904e-02,1.575271e-02,9.949168e-03,8.578651e-03
1.000000e+00,0.000000e+00,0.000000e+00,0.000000e+00,0.000000e+00,0.000000e+00,0.000000e+00,0.000000e+00,0.000000e+00,0.000000e+00,0.000000e+00,0.000000e+00,0.000000e+00,0.000000e+00,0.000000e+00
3.950441e-01,1.057450e-02,1.260647e-02,7.910115e-02,9.268560e-02,3.923824e-02,3.211632e-03,1.776931e-02,1.046440e-02,6.571876e-03,8.255994e-02,2.168072e-01,1.267931e-02,1.115597e-02,9.530369e-03
2.800243e-01,7.969641e-03,9.070778e-03,5.840760e-02,6.505020e-02,2.853148e-02,2.283385e-03,1.268404e-02,8.376274e-03,4.967981e-03,1.232759e-01,3.715900e-01,1.092133e-02,9.497945e-03,7.349247e-03
2.372964e-01,7.661140e-03,7.611400e-03,5.028219e-02,4.598983e-02,3.456873e-02,1.781152e-03,9.580586e-03,8.436326e-03,3.751674e-03,1.251775e-01,4.460864e-01,8.215280e-03,7.237761e-03,6.323638e-03
2.147172e-01,7.672840e-03,6.102273e-03,4.105923e-02,3.255058e-02,3.165264e-02,1.381704e-03,7.163571e-03,7.494691e-03,2.964486e-03,1.318733e-01,4.978671e-01,6.164495e-03,5.508266e-03,5.827603e-03
1.983990e-01,6.915566e-03,4.634173e-03,3.607419e-02,2.572606e-02,3.782137e-02,1.849260e-03,5.750958e-03,6.870084e-03,2.397931e-03,1.519003e-01,5.060477e-01,4.630373e-03,4.450100e-03,6.532925e-03
1.440756e-01,5.215561e-03,3.383197e-03,2.578979e-02,2.000329e-02,2.865178e-02,1.388251e-03,4.219322e-03,6.405318e-03,1.836568e-03,1.225006e-01,6.243821e-01,3.501306e-03,3.497681e-03,5.149615e-03
1.034566e-01,3.770844e-03,2.441505e-03,1.872520e-02,1.696228e-02,2.156538e-02,1.004142e-03,3.168612e-03,5.704874e-03,1.482282e-03,9.971272e-02,7.125655e-01,2.703547e-03,2.775122e-03,3.961344e-03
7.356174e-02,3.587055e-03,2.010646e-03,1.331437e-02,2.437420e-02,1.653391e-02,7.260727e-04,2.465480e-03,5.486977e-03,1.364407e-03,8.871216e-02,7.604975e-01,2.067890e-03,2.194584e-03,3.103077e-03
5.208130e-02,3.156612e-03,1.839491e-03,9.565806e-03,3.981064e-02,1.506083e-02,5.492419e-04,2.308987e-03,7.165456e-03,1.621541e-03,7.190694e-02,7.892000e-01,1.641665e-03,1.703793e-03,2.387712e-03
3.660772e-02,2.553651e-03,1.494485e-03,6.738873e-03,3.843888e-02,1.145130e-02,4.936438e-04,2.344146e-03,2.327954e-02,1.559997e-03,5.362277e-02,8.170495e-01,1.325508e-03,1.334065e-03,1.705953e-03
2.580692e-02,1.901221e-03,1.074219e-03,4.720798e-03,2.724697e-02,8.182726e-03,3.529022e-04,1.809951e-03,1.748970e-02,1.295159e-03,4.048076e-02,8.664510e-01,9.697034e-04,1.010918e-03,1.207071e-03
1.816447e-02,1.396340e-03,7.789289e-04,3.308682e-03,1.950595e-02,5.940569e-03,2.565323e-04,1.467725e-03,1.327042e-02,1.147556e-03,2.986478e-02,9.025669e-01,7.149554e-04,7.601720e-04,8.560583e-04
1.281105e-02,1.135224e-03,5.950417e-04,2.324871e-03,1.644693e-02,4.614051e-03,2.449266e-04,1.821605e-03,1.320952e-02,1.073271e-03,2.262905e-02,9.213884e-01,5.235465e-04,5.782048e-04,6.043318e-04
9.199922e-03,1.040942e-03,5.381763e-04,1.640916e-03,4.513229e-02,9.696573e-03,4.010436e-04,3.567620e-03,2.396035e-02,9.435678e-04,1.719613e-02,8.853543e-01,4.440383e-04,4.551071e-04,4.290553e-04
7.077827e-03,1.119401e-03,1.690298e-03,1.406881e-03,4.776834e-02,8.859949e-03,1.530478e-03,2.345024e-02,3.256373e-02,9.766079e-04,1.340718e-02,8.590875e-01,3.821298e-04,3.754063e-04,3.039993e-04
5.680981e-03,1.007557e-03,1.733794e-03,1.134446e-03,6.013411e-02,7.132556e-03,1.698001e-03,2.550980e-02,4.097985e-02,1.250983e-03,1.147469e-02,8.412744e-01,4.532816e-04,3.187415e-04,2.167823e-04
4.793135e-03,8.332664e-04,4.922725e-03,3.322152e-03,5.423297e-02,5.599577e-03,3.234854e-03,1.190619e-01,3.505788e-02,1.373522e-03,9.308586e-03,7.573291e-01,5.178835e-04,2.588536e-04,1.536695e-04
7.661144e-03,1.360329e-03,1.060088e-02,5.894424e-03,1.048416e-01,1.820320e-02,1.193733e-02,1.514782e-01,3.913125e-02,4.333965e-03,9.725067e-03,6.333242e-01,9.076613e-04,4.708505e-04,1.298687e-04
1.010847e-02,1.454707e-03,1.397525e-02,9.571762e-03,1.965469e-01,4.214546e-02,1.650663e-02,1.736311e-01,3.992541e-02,5.343279e-03,8.977864e-03,4.798743e-01,9.615320e-04,8.574710e-04,1.198449e-04
1.436157e-02,1.987027e-03,1.780722e-02,1.465787e-02,3.071961e-01,4.474816e-02,1.590642e-02,1.532125e-01,3.923244e-02,2.459630e-02,1.800881e-02,3.446011e-01,1.392778e-03,2.145024e-03,1.467012e-04
2.097530e-02,3.546274e-03,6.594953e-02,4.142543e-02,3.222904e-01,3.544477e-02,1.291893e-02,1.868999e-01,2.886059e-02,1.992436e-02,1.401701e-02,2.443124e-01,1.468656e-03,1.692982e-03,2.735656e-04
2.748768e-02,3.817355e-03,2.097844e-01,3.970463e-02,3.064423e-01,2.848151e-02,9.970542e-03,1.438134e-01,2.325767e-02,1.865559e-02,1.196327e-02,1.730077e-01,1.275747e-03,2.030707e-03,3.075318e-04
4.971562e-02,5.426933e-03,2.611730e-01,4.333048e-02,3.014321e-01,2.211221e-02,7.204794e-03,1.128572e-01,2.891967e-02,2.004008e-02,1.626002e-02,1.233768e-01,1.257756e-03,6.233878e-03,6.593080e-04
1.052307e-01,7.369203e-03,2.565944e-01,4.763643e-02,2.844173e-01,1.722061e-02,5.451726e-03,8.495427e-02,3.109664e-02,1.834932e-02,4.019068e-02,8.979920e-02,1.504259e-03,8.754805e-03,1.430552e-03
2.103293e-01,8.027856e-03,2.401640e-01,5.632667e-02,2.269496e-01,1.391886e-02,4.289674e-03,6.380580e-02,3.102699e-02,1.604684e-02,4.873931e-02,6.651164e-02,2.271557e-03,9.244722e-03,2.347059e-03
3.439093e-01,7.594716e-03,1.859823e-01,7.890603e-02,1.664720e-01,1.229372e-02,4.163980e-03,5.450279e-02,2.699857e-02,1.365002e-02,3.835493e-02,5.105242e-02,3.204498e-03,9.730644e-03,3.184038e-03
4.807429e-01,7.410602e-03,1.347401e-01,6.235613e-02,1.244156e-01,1.225197e-02,4.097852e-03,4.338026e-02,2.460363e-02,1.160442e-02,3.214847e-02,4.183202e-02,3.989380e-03,1.195027e-02,4.476506e-03
1.000000e+00,0.000000e+00,0.000000e+00,0.000000e+00,0.000000e+00,0.000000e+00,0.000000e+00,0.000000e+00,0.000000e+00,0.000000e+00,0.000000e+00,0.000000e+00,0.000000e+00,0.000000e+00,0.000000e+00
1.000000e+00,0.000000e+00,0.000000e+00,0.000000e+00,0.000000e+00,0.000000e+00,0.000000e+00,0.000000e+00,0.000000e+00,0.000000e+00,0.000000e+00,0.000000e+00,0.000000e+00,0.000000e+00,0.000000e+00
