1.000000e+00,0.000000e+00,0.000000e+00,0.000000e+00,0.000000e+00,0.000000e+00,0.000000e+00,0.000000e+00,0.000000e+00,0.000000e+00,0.000000e+00,0.000000e+00,0.000000e+00,0.000000e+00,0.000000e+00
1.000000e+00,0.000000e+00,0.000000e+00,0.000000e+00,0.000000e+00,0.000000e+00,0.000000e+00,0.000000e+00,0.000000e+00,0.000000e+00,0.000000e+00,0.000000e+00,0.000000e+00,0.000000e+00,0.000000e+00
1.000000e+00,0.000000e+00,0.000000e+00,0.000000e+00,0.000000e+00,0.000000e+00,0.000000e+00,0.000000e+00,0.000000e+00,0.000000e+00,0.000000e+00,0.000000e+00,0.000000e+00,0.000000e+00,0.000000e+00
1.000000e+00,0.000000e+00,0.000000e+00,0.000000e+00,0.000000e+00,0.000000e+00,0.000000e+00,0.000000e+00,0.000000e+00,0.000000e+00,0.000000e+00,0.000000e+00,0.000000e+00,0.000000e+00,0.000000e+00
1.000000e+00,0.000000e+00,0.000000e+00,0.000000e+00,0.000000e+00,0.000000e+00,0.000000e+00,0.000000e+00,0.000000e+00,0.000000e+00,0.000000e+00,0.000000e+00,0.000000e+00,0.000000e+00,0.000000e+00
1.000000e+00,0.000000e+00,0.000000e+00,0.000000e+00,0.000000e+00,0.000000e+00,0.000000e+00,0.000000e+00,0.000000e+00,0.000000e+00,0.000000e+00,0.000000e+00,0.000000e+00,0.000000e+00,0.000000e+00
1.000000e+00,0.000000e+00,0.000000e+00,0.000000e+00,0.000000e+00,0.000000e+00,0.000000e+00,0.000000e+00,0.000000e+00,0.000000e+00,0.000000e+00,0.000000e+00,0.000000e+00,0.000000e+00,0.000000e+00
1.000000e+00,0.000000e+00,0.000000e+00,0.000000e+00,0.000000e+00,0.000000e+00,0.000000e+00,0.000000e+00,0.000000e+00,0.000000e+00,0.000000e+00,0.000000e+00,0.000000e+00,0.000000e+00,0.000000e+00
1.000000e+00,0.000000e+00,0.000000e+00,0.000000e+00,0.000000e+00,0.000000e+00,0.000000e+00,0.000000e+00,0.000000e+00,0.000000e+00,0.000000e+00,0.000000e+00,0.000000e+00,0.000000e+00,0.000000e+00
1.000000e+00,0.000000e+00,0.000000e+00,0.000000e+00,0.000000e+00,0.000000e+00,0.000000e+00,0.000000e+00,0.000000e+00,0.000000e+00,0.000000e+00,0.000000e+00,0.000000e+00,0.000000e+00,0.000000e+00
1.000000e+00,0.000000e+00,0.000000e+00,0.000000e+00,0.000000e+00,0.000000e+00,0.000000e+00,0.000000e+00,0.000000e+00,0.000000e+00,0.000000e+00,0.000000e+00,0.000000e+00,0.000000e+00,0.000000e+00
1.000000e+00,0.000000e+00,0.000000e+00,0.000000e+00,0.000000e+00,0.000000e+00,0.000000e+00,0.000000e+00,0.000000e+00,0.000000e+00,0.000000e+00,0.000000e+00,0.000000e+00,0.000000e+00,0.000000e+00
1.000000e+00,0.000000e+00,0.000000e+00,0.000000e+00,0.000000e+00,0.000000e+00,0.000000e+00,0.000000e+00,0.000000e+00,0.000000e+00,0.000000e+00,0.000000e+00,0.000000e+00,0.000000e+00,0.000000e+00
1.000000e+00,0.000000e+00,0.000000e+00,0.000000e+00,0.000000e+00,0.000000e+00,0.000000e+00,0.000000e+00,0.000000e+00,0.000000e+00,0.000000e+00,0.000000e+00,0.000000e+00,0.000000e+00,0.000000e+00
1.000000e+00,0.000000e+00,0.000000e+00,0.000000e+00,0.000000e+00,0.000000e+00,0.000000e+00,0.000000e+00,0.000000e+00,0.000000e+00,0.000000e+00,0.000000e+00,0.000000e+00,0.000000e+00,0.000000e+00
1.000000e+00,0.000000e+00,0.000000e+00,0.000000e+00,0.000000e+00,0.000000e+00,0.000000e+00,0.000000e+00,0.000000e+00,0.000000e+00,0.000000e+00,0.000000e+00,0.000000e+00,0.000000e+00,0.000000e+00
1.000000e+00,0.000000e+00,0.000000e+00,0.000000e+00,0.000000e+00,0.000000e+00,0.000000e+00,0.000000e+00,0.000000e+00,0.000000e+00,0.000000e+00,0.000000e+00,0.000000e+00,0.000000e+00,0.000000e+00
1.000000e+00,0.000000e+00,0.000000e+00,0.000000e+00,0.000000e+00,0.000000e+00,0.000000e+00,0.000000e+00,0.000000e+00,0.000000e+00,0.000000e+00,0.000000e+00,0.000000e+00,0.000000e+00,0.000000e+00
1.000000e+00,0.000000e+00,0.000000e+00,0.000000e+00,0.000000e+00,0.000000e+00,0.000000e+00,0.000000e+00,0.000000e+00,0.000000e+00,0.000000e+00,0.000000e+00,0.000000e+00,0.000000e+00,0.000000e+00
1.000000e+00,0.000000e+00,0.000000e+00,0.000000e+00,0.000000e+00,0.000000e+00,0.000000e+00,0.000000e+00,0.000000e+00,0.000000e+00,0.000000e+00,0.000000e+00,0.000000e+00,0.000000e+00,0.000000e+00
1.000000e+00,0.000000e+00,0.000000e+00,0.000000e+00,0.000000e+00,0.000000e+00,0.000000e+00,0.000000e+00,0.000000e+00,0.000000e+00,0.000000e+00,0.000000e+00,0.000000e+00,0.000000e+00,0.000000e+00
1.000000e+00,0.000000e+00,0.000000e+00,0.000000e+00,0.000000e+00,0.000000e+00,0.000000e+00,0.000000e+00,0.000000e+00,0.000000e+00,0.000000e+00,0.000000e+00,0.000000e+00,0.000000e+00,0.000000e+00
1.000000e+00,0.000000e+00,0.000000e+00,0.000000e+00,0.000000e+00,0.000000e+00,0.000000e+00,0.000000e+00,0.000000e+00,0.000000e+00,0.000000e+00,0.000000e+00,0.000000e+00,0.000000e+00,0.000000e+00
1.000000e+00,0.000000e+00,0.000000e+00,0.000000e+00,0.000000e+00,0.000000e+00,0.000000e+00,0.000000e+00,0.000000e+00,0.000000e+00,0.000000e+00,0.000000e+00,0.000000e+00,0.000000e+00,0.000000e+00
1.000000e+00,0.000000e+00,0.000000e+00,0.000000e+00,0.000000e+00,0.000000e+00,0.000000e+00,0.000000e+00,0.000000e+00,0.000000e+00,0.000000e+00,0.000000e+00,0.000000e+00,0.000000e+00,0.000000e+00
1.000000e+00,0.000000e+00,0.000000e+00,0.000000e+00,0.000000e+00,0.000000e+00,0.000000e+00,0.000000e+00,0.000000e+00,0.000000e+00,0.000000e+00,0.000000e+00,0.000000e+00,0.000000e+00,0.000000e+00
1.000000e+00,0.000000e+00,0.000000e+00,0.000000e+00,0.000000e+00,0.000000e+00,0.000000e+00,0.000000e+00,0.000000e+00,0.000000e+00,0.000000e+00,0.000000e+00,0.000000e+00,0.000000e+00,0.000000e+00
1.000000e+00,0.000000e+00,0.000000e+00,0.000000e+00,0.000000e+00,0.000000e+00,0.000000e+00,0.000000e+00,0.000000e+00,0.000000e+00,0.000000e+00,0.000000e+00,0.000000e+00,0.000000e+00,0.000000e+00
1.000000e+00,0.000000e+00,0.000000e+00,0.000000e+00,0.000000e+00,0.000000e+00,0.000000e+00,0.000000e+00,0.000000e+00,0.000000e+00,0.000000e+00,0.000000e+00,0.000000e+00,0.000000e+00,0.000000e+00
1.000000e+00,0.000000e+00,0.000000e+00,0.000000e+00,0.000000e+00,0.000000e+00,0.000000e+00,0.000000e+00,0.000000e+00,0.000000e+00,0.000000e+00,0.000000e+00,0.000000e+00,0.000000e+00,0.000000e+00
1.000000e+00,0.000000e+00,0.000000e+00,0.000000e+00,0.000000e+00,0.000000e+00,0.000000e+00,0.000000e+00,0.000000e+00,0.000000e+00,0.000000e+00,0.000000e+00,0.000000e+00,0.000000e+00,0.000000e+00
1.000000e+00,0.000000e+00,0.000000e+00,0.000000e+00,0.000000e+00,0.000000e+00,0.000000e+00,0.000000e+00,0.000000e+00,0.000000e+00,0.000000e+00,0.000000e+00,0.000000e+00,0.000000e+00,0.000000e+00
4.014747e-01,3.886805e-02,1.661643e-02,1.767180e-01,4.333349e-03,2.844532e-02,5.420888e-03,4.926549e-02,3.154880e-02,1.762421e-02,8.450173e-03,1.655735e-02,1.910789e-02,5.752287e-03,1.798171e-01
2.823824e-01,4.638499e-02,1.394152e-02,2.693893e-01,4.173379e-03,2.519390e-02,4.272494e-03,3.466140e-02,3.789430e-02,1.465920e-02,2.199155e-02,1.284523e-02,4.143711e-02,5.383476e-03,1.853897e-01
2.310184e-01,3.858062e-02,1.087028e-02,2.453573e-01,6.341373e-03,2.230015e-02,3.649766e-03,2.565327e-02,3.431106e-02,1.190550e-02,3.838577e-02,1.613620e-02,1.584896e-01,6.116353e-03,1.508844e-01
1.956394e-01,2.843476e-02,9.181922e-03,1.742777e-01,6.493215e-03,1.833402e-02,2.897481e-03,1.895835e-02,2.721973e-02,8.681187e-03,2.792436e-02,1.590832e-02,3.509364e-01,4.782931e-03,1.103302e-01
2.284673e-01,2.341419e-02,7.082148e-03,1.246547e-01,7.833079e-03,1.594975e-02,2.467720e-03,1.489543e-02,2.385495e-02,6.634708e-03,2.119311e-02,1.552659e-02,4.096549e-01,4.412739e-03,9.395867e-02
2.201425e-01,1.739737e-02,8.498555e-03,9.063476e-02,8.977393e-03,1.956856e-02,3.963455e-03,3.497806e-02,1.918521e-02,5.235351e-03,1.937778e-02,2.196509e-02,4.373761e-01,4.608432e-03,8.809134e-02
3.086764e-01,1.452306e-02,1.027141e-02,6.741483e-02,1.281609e-02,3.069815e-02,4.073813e-03,2.909471e-02,1.589357e-02,4.149088e-03,1.569769e-02,1.970376e-02,3.955050e-01,4.255508e-03,6.722695e-02
2.659225e-01,5.341918e-02,3.505182e-02,1.722811e-01,2.210053e-02,2.775344e-02,3.332895e-03,2.242130e-02,2.587162e-02,3.795477e-03,1.170217e-02,1.551935e-02,2.833553e-01,3.161264e-03,5.431202e-02
3.764070e-01,4.383475e-02,3.783425e-02,1.499012e-01,2.099013e-02,2.836252e-02,3.075790e-03,1.710355e-02,2.533914e-02,3.417829e-03,1.071083e-02,1.832580e-02,2.162377e-01,2.510918e-03,4.594862e-02
4.587511e-01,3.797790e-02,3.028955e-02,1.132417e-01,2.087523e-02,3.860516e-02,3.201318e-03,1.297626e-02,2.120802e-02,3.047999e-03,9.474310e-03,1.872569e-02,1.907354e-01,2.277834e-03,3.861257e-02
1.000000e+00,0.000000e+00,0.000000e+00,0.000000e+00,0.000000e+00,0.000000e+00,0.000000e+00,0.000000e+00,0.000000e+00,0.000000e+00,0.000000e+00,0.000000e+00,0.000000e+00,0.000000e+00,0.000000e+00
1.000000e+00,0.000000e+00,0.000000e+00,0.000000e+00,0.000000e+00,0.000000e+00,0.000000e+00,0.000000e+00,0.000000e+00,0.000000e+00,0.000000e+00,0.000000e+00,0.000000e+00,0.000000e+00,0.000000e+00
1.000000e+00,0.000000e+00,0.000000e+00,0.000000e+00,0.000000e+00,0.000000e+00,0.000000e+00,0.000000e+00,0.000000e+00,0.000000e+00,0.000000e+00,0.000000e+00,0.000000e+00,0.000000e+00,0.000000e+00
1.000000e+00,0.000000e+00,0.000000e+00,0.000000e+00,0.000000e+00,0.000000e+00,0.000000e+00,0.000000e+00,0.000000e+00,0.000000e+00,0.000000e+00,0.000000e+00,0.000000e+00,0.000000e+00,0.000000e+00
1.000000e+00,0.000000e+00,0.000000e+00,0.000000e+00,0.000000e+00,0.000000e+00,0.000000e+00,0.000000e+00,0.000000e+00,0.000000e+00,0.000000e+00,0.000000e+00,0.000000e+00,0.000000e+00,0.000000e+00
3.985926e-01,2.705450e-02,2.951647e-02,6.493413e-02,4.300686e-02,4.438242e-02,1.169644e-02,2.144499e-01,9.572056e-03,1.632301e-03,5.650483e-03,8.957069e-03,1.251114e-01,2.074247e-03,1.336923e-02
2.999708e-01,2.377282e-02,3.878162e-02,8.334817e-02,6.973449e-02,4.344129e-02,1.700441e-02,2.527179e-01,9.983597e-03,1.184440e-02,2.047109e-02,1.077229e-02,1.013485e-01,2.177741e-03,1.463086e-02
2.238928e-01,1.824346e-02,3.329134e-02,7.317628e-02,7.801110e-02,3.222291e-02,2.534395e-02,2.804955e-01,1.036717e-02,4.235904e-02,5.223174e-02,2.653320e-02,8.170219e-02,6.182350e-03,1.594707e-02
1.658421e-01,1.456640e-02,3.076430e-02,1.352224e-01,6.577931e-02,2.525287e-02,2.655946e-02,2.027305e-01,1.504360e-02,9.532516e-02,9.363978e-02,2.645394e-02,6.987638e-02,8.623896e-03,2.431985e-02
1.378994e-01,1.276007e-02,2.957875e-02,1.239386e-01,5.617294e-02,2.317147e-02,2.368351e-02,1.481397e-01,1.705969e-02,1.066434e-01,1.473342e-01,2.561476e-02,8.233451e-02,1.913602e-02,4.653300e-02
1.640511e-01,1.201274e-02,2.886553e-02,1.064626e-01,4.397584e-02,1.995354e-02,1.836878e-02,1.058728e-01,2.248075e-02,9.221097e-02,1.507840e-01,1.896556e-02,7.217202e-02,5.837393e-02,8.544970e-02
1.811363e-01,1.221333e-02,2.473378e-02,8.452742e-02,3.580976e-02,2.190796e-02,1.395375e-02,7.449215e-02,2.373913e-02,8.839043e-02,1.191888e-01,1.429749e-02,6.275392e-02,9.353140e-02,1.493244e-01
1.799258e-01,1.241492e-02,3.742149e-02,6.357563e-02,2.932412e-02,3.249334e-02,1.240787e-02,5.475717e-02,2.063623e-02,7.878772e-02,1.048916e-01,1.182910e-02,5.368593e-02,1.311662e-01,1.766828e-01
1.875018e-01,9.471439e-03,5.957276e-02,4.565343e-02,2.130135e-02,2.748893e-02,8.894613e-03,4.019632e-02,2.085094e-02,7.588120e-02,8.613998e-02,8.722352e-03,3.853550e-02,2.316428e-01,1.381466e-01
1.511648e-01,7.938004e-03,4.881384e-02,3.254946e-02,1.548596e-02,2.137919e-02,6.484997e-03,2.873112e-02,2.374181e-02,8.055395e-02,7.664491e-02,6.788701e-03,2.799390e-02,3.453638e-01,1.263656e-01
1.102218e-01,1.146501e-02,3.566032e-02,2.301135e-02,1.219157e-02,1.731054e-02,4.673854e-03,2.020757e-02,6.668572e-02,7.328757e-02,8.463696e-02,5.025310e-03,2.016018e-02,3.922480e-01,1.232143e-01
8.204655e-02,1.465897e-02,3.148720e-02,1.747952e-02,9.888891e-03,1.424517e-02,3.378440e-03,1.450417e-02,1.658617e-01,6.147813e-02,8.033475e-02,3.879892e-03,1.474229e-02,3.845691e-01,1.014452e-01
7.154632e-02,1.175206e-02,2.961557e-02,1.275596e-02,1.307708e-02,1.110154e-02,2.428924e-03,1.081770e-02,3.286482e-01,4.550516e-02,5.934018e-02,3.202233e-03,1.056026e-02,3.153211e-01,7.432768e-02
8.615251e-02,1.412001e-02,9.847197e-02,2.301142e-02,1.419411e-02,1.078384e-02,2.107405e-03,8.515123e-03,3.404496e-01,3.498317e-02,4.439432e-02,4.439934e-03,8.419857e-03,2.415357e-01,6.842093e-02
1.073680e-01,2.010124e-02,1.708140e-01,1.964428e-02,2.329224e-02,1.117013e-02,2.241295e-03,8.215194e-03,3.334709e-01,2.592452e-02,3.228553e-02,4.378075e-03,6.329431e-03,1.820383e-01,5.272676e-02
1.104168e-01,1.899618e-02,1.957646e-01,1.598744e-02,2.608710e-02,1.312931e-02,1.674281e-03,8.643072e-03,2.923600e-01,3.887411e-02,2.436333e-02,4.115788e-03,4.909349e-03,1.450333e-01,9.964529e-02
1.136218e-01,2.610125e-02,2.178255e-01,6.240813e-02,2.751070e-02,1.117108e-02,1.573636e-03,9.485187e-03,2.453621e-01,3.372778e-02,1.945042e-02,4.566152e-03,4.101974e-03,1.040804e-01,1.190140e-01
1.202641e-01,4.174716e-02,2.115716e-01,7.260841e-02,2.835819e-02,9.589937e-03,1.272203e-03,8.802500e-03,2.074707e-01,5.158698e-02,1.846762e-02,4.446949e-03,4.087071e-03,7.677915e-02,1.429474e-01
1.059974e-01,6.527490e-02,1.624517e-01,1.053645e-01,2.697463e-02,8.791692e-03,1.239491e-03,7.260481e-03,2.101413e-01,6.611001e-02,2.168343e-02,4.060290e-03,6.526981e-03,5.433862e-02,1.537845e-01
7.868181e-02,5.487435e-02,1.351366e-01,1.769739e-01,2.020809e-02,6.548931e-03,9.275555e-04,5.257940e-03,1.894135e-01,9.657829e-02,2.015435e-02,3.335962e-03,6.540257e-03,3.819566e-02,1.671729e-01
6.036498e-02,5.032049e-02,1.104528e-01,1.902713e-01,1.518920e-02,5.845134e-03,7.390765e-04,3.866462e-03,1.825079e-01,9.528418e-02,2.221227e-02,4.029748e-03,1.262799e-02,2.793874e-02,2.183497e-01
4.654554e-02,4.430517e-02,8.222350e-02,1.453278e-01,1.212163e-02,4.710841e-03,5.494322e-04,2.837849e-03,2.484006e-01,8.269190e-02,2.206338e-02,3.152507e-03,1.076087e-02,2.119192e-02,2.731170e-01
8.318965e-02,4.622786e-02,5.939631e-02,1.067829e-01,1.815124e-02,1.110452e-02,4.778390e-04,3.009223e-03,2.400461e-01,6.234194e-02,1.710623e-02,2.987382e-03,1.123892e-02,2.085028e-02,3.170897e-01
1.145899e-01,4.669642e-02,4.690913e-02,1.114740e-01,2.448917e-02,3.826313e-02,1.208794e-03,5.236669e-03,1.937702e-01,5.074906e-02,1.500435e-02,3.374605e-03,1.331325e-02,1.693062e-02,3.179907e-01
1.636969e-01,5.564354e-02,5.396318e-02,1.050246e-01,2.634268e-02,3.770259e-02,1.749297e-03,1.238079e-02,1.602704e-01,4.541826e-02,1.235757e-02,3.254362e-03,1.152403e-02,1.355240e-02,2.971194e-01
1.503960e-01,5.418883e-02,7.648797e-02,1.937861e-01,2.202996e-02,3.210097e-02,1.601167e-03,1.161671e-02,1.400673e-01,3.878814e-02,9.558180e-03,2.799729e-03,8.502786e-03,9.807559e-03,2.482685e-01
1.988797e-01,6.272683e-02,8.504412e-02,1.608619e-01,2.465750e-02,2.784026e-02,2.082359e-03,9.573365e-03,1.207689e-01,3.254536e-02,8.796486e-03,4.301199e-03,7.849514e-03,8.341594e-03,2.457310e-01
1.669198e-01,6.840935e-02,1.346378e-01,2.197880e-01,2.150469e-02,2.177765e-02,2.099209e-03,7.410989e-03,9.516320e-02,2.624652e-02,7.252701e-03,3.899923e-03,6.249353e-03,6.352350e-03,2.122885e-01
2.525006e-01,5.665129e-02,1.504291e-01,2.298561e-01,1.749102e-02,1.894196e-02,2.102083e-03,8.449566e-03,6.930115e-02,1.877996e-02,6.593774e-03,5.458485e-03,5.617924e-03,4.907573e-03,1.529193e-01
3.182872e-01,6.111706e-02,1.478292e-01,2.082831e-01,2.838535e-02,1.910619e-02,3.159550e-03,1.017427e-02,5.308641e-02,1.384042e-02,6.780927e-03,7.361103e-03,5.752610e-03,4.075595e-03,1.127610e-01
3.511310e-01,6.243276e-02,1.349108e-01,2.239138e-01,3.893049e-02,1.941391e-02,3.802232e-03,1.018561e-02,4.035651e-02,1.013191e-02,6.218903e-03,7.713319e-03,4.939769e-03,3.449170e-03,8.246984e-02
4.674670e-01,5.938227e-02,1.024447e-01,1.752875e-01,3.739448e-02,1.862838e-02,3.496567e-03,8.190515e-03,3.125867e-02,7.523598e-03,5.412831e-03,7.885788e-03,5.243359e-03,3.304742e-03,6.707956e-02
4.901413e-01,5.841492e-02,7.988819e-02,1.576142e-01,5.184716e-02,2.151271e-02,6.457497e-03,7.817047e-03,2.590569e-02,6.173335e-03,6.782359e-03,1.843115e-02,9.356635e-03,4.004906e-03,5.565280e-02
4.956924e-01,4.671589e-02,5.907081e-02,1.478974e-01,6.403898e-02,4.066849e-02,7.180057e-03,8.152099e-03,1.960175e-02,4.784923e-03,6.937896e-03,3.751574e-02,1.723527e-02,3.255123e-03,4.125311e-02
4.511158e-01,3.749624e-02,4.481414e-02,1.396347e-01,6.909173e-02,6.719896e-02,7.026235e-03,1.248872e-02,1.494141e-02,3.659110e-03,7.187317e-03,7.358827e-02,3.832162e-02,2.817293e-03,3.061840e-02
1.000000e+00,0.000000e+00,0.000000e+00,0.000000e+00,0.000000e+00,0.000000e+00,0.000000e+00,0.000000e+00,0.000000e+00,0.000000e+00,0.000000e+00,0.000000e+00,0.000000e+00,0.000000e+00,0.000000e+00
1.000000e+00,0.000000e+00,0.000000e+00,0.000000e+00,0.000000e+00,0.000000e+00,0.000000e+00,0.000000e+00,0.000000e+00,0.000000e+00,0.000000e+00,0.000000e+00,0.000000e+00,0.000000e+00,0.000000e+00
1.000000e+00,0.000000e+00,0.000000e+00,0.000000e+00,0.000000e+00,0.000000e+00,0.000000e+00,0.000000e+00,0.000000e+00,0.000000e+00,0.000000e+00,0.000000e+00,0.000000e+00,0.000000e+00,0.000000e+00
1.000000e+00,0.000000e+00,0.000000e+00,0.000000e+00,0.000000e+00,0.000000e+00,0.000000e+00,0.000000e+00,0.000000e+00,0.000000e+00,0.000000e+00,0.000000e+00,0.000000e+00,0.000000e+00,0.000000e+00
1.000000e+00,0.000000e+00,0.000000e+00,0.000000e+00,0.000000e+00,0.000000e+00,0.000000e+00,0.000000e+00,0.000000e+00,0.000000e+00,0.000000e+00,0.000000e+00,0.000000e+00,0.000000e+00,0.000000e+00
1.000000e+00,0.000000e+00,0.000000e+00,0.000000e+00,0.000000e+00,0.000000e+00,0.000000e+00,0.000000e+00,0.000000e+00,0.000000e+00,0.000000e+00,0.000000e+00,0.000000e+00,0.000000e+00,0.000000e+00
1.000000e+00,0.000000e+00,0.000000e+00,0.000000e+00,0.000000e+00,0.000000e+00,0.000000e+00,0.000000e+00,0.000000e+00,0.000000e+00,0.000000e+00,0.000000e+00,0.000000e+00,0.000000e+00,0.000000e+00
1.000000e+00,0.000000e+00,0.000000e+00,0.000000e+00,0.000000e+00,0.000000e+00,0.000000e+00,0.000000e+00,0.000000e+00,0.000000e+00,0.000000e+00,0.000000e+00,0.000000e+00,0.000000e+00,0.000000e+00
4.599954e-01,5.217099e-03,4.092257e-03,1.269722e-02,8.418115e-03,3.256989e-02,3.115958e-03,4.964090e-03,1.249950e-02,7.572163e-03,1.426288e-02,1.268429e-01,2.990122e-01,5.459228e-03,3.281044e-03
3.408431e-01,4.709249e-03,3.059122e-03,9.516210e-03,6.860264e-03,3.158097e-02,2.583160e-03,3.609508e-03,1.214027e-02,9.734225e-03,1.720749e-02,1.938864e-01,3.565889e-01,4.748395e-03,2.932754e-03
2.427063e-01,5.321705e-03,3.723879e-03,6.981354e-03,1.078406e-02,4.172362e-02,2.564595e-03,2.635275e-03,1.244252e-02,1.008192e-02,6.103270e-02,2.148316e-01,3.781289e-01,3.619161e-03,3.422358e-03
1.779137e-01,1.065336e-02,8.771973e-03,5.454171e-03,1.738580e-02,4.178348e-02,2.503880e-03,1.959681e-03,1.068566e-02,1.898154e-02,6.924593e-02,2.440022e-01,3.829354e-01,2.868456e-03,4.854748e-03
1.583108e-01,8.967430e-03,7.487477e-03,4.353362e-03,1.522316e-02,3.344671e-02,2.276074e-03,1.510379e-03,1.050145e-02,2.781195e-02,6.190014e-02,2.821946e-01,3.744554e-01,3.941282e-03,7.619757e-03
1.132473e-01,6.509543e-03,5.331731e-03,3.137626e-03,1.142386e-02,2.398258e-02,1.819364e-03,1.090394e-03,9.143697e-03,7.800550e-02,6.119151e-02,3.067655e-01,3.602997e-01,5.870208e-03,1.218149e-02
8.297105e-02,4.902293e-03,5.324388e-03,2.374246e-03,1.022548e-02,1.748169e-02,1.495378e-03,8.206108e-04,1.077093e-02,1.502813e-01,5.771459e-02,3.197025e-01,3.127879e-01,1.120636e-02,1.194130e-02
5.856496e-02,3.683287e-03,4.093351e-03,1.857606e-03,8.666161e-03,1.245317e-02,1.163485e-03,1.298633e-03,1.831614e-02,1.725250e-01,5.023511e-02,3.391076e-01,3.101529e-01,8.175551e-03,9.707061e-03
4.136167e-02,3.507625e-03,5.218703e-03,1.511893e-03,1.990342e-02,8.856830e-03,1.302443e-03,2.191887e-03,7.611785e-02,1.820248e-01,4.188748e-02,3.119376e-01,2.875143e-01,5.971684e-03,1.069181e-02
2.911966e-02,7.821146e-03,6.562118e-03,1.107004e-03,1.838383e-02,6.288790e-03,9.501574e-04,2.223835e-03,2.759321e-01,1.380798e-01,3.146081e-02,2.445150e-01,2.252000e-01,4.205805e-03,8.150019e-03
2.169178e-02,9.588219e-03,2.668470e-02,2.546221e-03,1.618735e-02,4.586813e-03,8.498066e-04,3.718482e-02,3.911384e-01,1.127215e-01,2.510096e-02,1.767169e-01,1.659483e-01,2.988943e-03,6.065262e-03
1.700914e-02,1.583833e-02,6.146520e-02,3.037347e-03,1.753400e-02,3.455694e-03,8.114942e-04,4.948261e-02,4.717495e-01,8.991817e-02,1.886524e-02,1.264106e-01,1.175578e-01,2.196558e-03,4.668322e-03
1.756076e-02,1.626838e-02,2.172554e-01,4.665491e-03,2.311588e-02,2.701394e-03,9.016856e-04,7.112360e-02,3.845846e-01,6.897024e-02,1.538621e-02,8.896427e-02,8.285462e-02,1.678719e-03,3.968781e-03
1.830084e-02,1.906206e-02,3.702500e-01,4.367069e-03,2.097182e-02,2.102828e-03,8.011110e-04,8.660075e-02,2.892814e-01,5.134254e-02,1.133032e-02,6.244389e-02,5.828343e-02,1.357631e-03,3.504259e-03
2.789389e-02,1.876969e-02,4.836491e-01,6.821405e-03,1.918308e-02,2.533427e-03,9.861956e-04,8.726075e-02,2.184753e-01,3.760652e-02,8.170865e-03,4.381578e-02,4.092959e-02,1.056932e-03,2.847513e-03
8.207493e-02,4.359610e-02,4.553247e-01,1.745650e-02,2.506027e-02,4.480905e-03,1.152549e-03,8.516745e-02,1.785482e-01,3.122697e-02,7.626946e-03,3.112037e-02,2.929226e-02,2.486015e-03,5.385763e-03
1.378009e-01,6.694172e-02,3.851190e-01,2.767533e-02,3.456882e-02,6.147534e-03,1.280434e-03,1.024497e-01,1.390325e-01,3.073259e-02,9.869309e-03,2.266827e-02,2.131822e-02,4.689004e-03,9.706747e-03
2.402088e-01,6.019280e-02,2.896527e-01,4.129985e-02,3.880394e-02,6.599572e-03,1.785156e-03,1.126864e-01,1.109483e-01,3.049107e-02,1.179846e-02,1.782010e-02,1.553831e-02,6.088801e-03,1.608571e-02
2.999858e-01,6.704579e-02,2.195314e-01,5.187240e-02,4.202874e-02,7.154739e-03,2.079551e-03,1.233502e-01,8.856437e-02,3.560315e-02,1.121473e-02,1.438305e-02,1.142165e-02,6.900293e-03,1.886407e-02
3.486321e-01,5.367447e-02,1.666623e-01,8.512741e-02,4.012103e-02,6.744978e-03,2.333496e-03,1.372878e-01,6.631375e-02,3.906113e-02,9.407504e-03,1.276016e-02,8.721618e-03,5.781494e-03,1.737083e-02
4.449992e-01,4.037953e-02,1.279597e-01,8.397637e-02,3.331678e-02,6.200657e-03,4.154708e-03,1.278642e-01,4.934538e-02,3.327616e-02,8.571049e-03,1.304198e-02,7.235010e-03,4.721349e-03,1.495798e-02
1.000000e+00,0.000000e+00,0.000000e+00,0.000000e+00,0.000000e+00,0.000000e+00,0.000000e+00,0.000000e+00,0.000000e+00,0.000000e+00,0.000000e+00,0.000000e+00,0.000000e+00,0.000000e+00,0.000000e+00
1.000000e+00,0.000000e+00,0.000000e+00,0.000000e+00,0.000000e+00,0.000000e+00,0.000000e+00,0.000000e+00,0.000000e+00,0.000000e+00,0.000000e+00,0.000000e+00,0.000000e+00,0.000000e+00,0.000000e+00
1.000000e+00,0.000000e+00,0.000000e+00,0.000000e+00,0.000000e+00,0.000000e+00,0.000000e+00,0.000000e+00,0.000000e+00,0.000000e+00,0.000000e+00,0.000000e+00,0.000000e+00,0.000000e+00,0.000000e+00
1.000000e+00,0.000000e+00,0.000000e+00,0.000000e+00,0.000000e+00,0.000000e+00,0.000000e+00,0.000000e+00,0.000000e+00,0.000000e+00,0.000000e+00,0.000000e+00,0.000000e+00,0.000000e+00,0.000000e+00
1.000000e+00,0.000000e+00,0.000000e+00,0.000000e+00,0.000000e+00,0.000000e+00,0.000000e+00,0.000000e+00,0.000000e+00,0.000000e+00,0.000000e+00,0.000000e+00,0.000000e+00,0.000000e+00,0.000000e+00
1.000000e+00,0.000000e+00,0.000000e+00,0.000000e+00,0.000000e+00,0.000000e+00,0.000000e+00,0.000000e+00,0.000000e+00,0.000000e+00,0.000000e+00,0.000000e+00,0.000000e+00,0.000000e+00,0.000000e+00
1.000000e+00,0.000000e+00,0.000000e+00,0.000000e+00,0.000000e+00,0.000000e+00,0.000000e+00,0.000000e+00,0.000000e+00,0.000000e+00,0.000000e+00,0.000000e+00,0.000000e+00,0.000000e+00,0.000000e+00
4.882275e-01,1.907698e-02,2.596919e-02,4.500162e-02,7.739784e-03,8.683760e-03,1.888613e-03,2.650902e-02,1.500159e-01,5.019891e-02,1.292386e-02,1.080435e-02,8.827640e-03,1.814630e-02,1.259866e-01
3.767868e-01,1.495929e-02,2.028076e-02,3.312400e-02,5.640397e-03,6.698319e-03,1.383199e-03,1.894043e-02,1.699047e-01,1.942844e-01,1.123300e-02,7.940519e-03,8.212222e-03,1.378870e-02,1.168233e-01
3.244112e-01,1.763815e-02,4.411184e-02,8.599153e-02,4.886410e-03,6.792196e-03,1.375305e-03,1.576469e-02,1.699992e-01,1.833933e-01,9.857960e-03,7.720830e-03,8.418294e-03,1.055243e-02,1.090867e-01
3.161839e-01,2.001337e-02,5.153257e-02,8.446725e-02,4.052370e-03,7.985888e-03,1.544545e-03,1.356842e-02,1.537959e-01,1.969606e-01,1.017885e-02,7.940092e-03,1.067378e-02,9.445086e-03,1.116574e-01
2.961692e-01,1.654225e-02,6.040117e-02,6.306767e-02,4.007884e-03,1.086180e-02,1.769264e-03,1.095222e-02,1.297868e-01,2.602810e-01,1.063689e-02,6.606191e-03,1.642160e-02,1.509911e-02,9.739684e-02
2.726001e-01,4.559900e-02,4.828432e-02,7.659322e-02,4.297930e-03,1.033318e-02,1.956995e-03,1.003287e-02,1.703125e-01,1.932727e-01,1.379396e-02,6.476449e-03,2.138512e-02,1.462153e-02,1.104403e-01
2.859453e-01,3.987286e-02,9.504685e-02,9.659424e-02,4.571522e-03,1.165641e-02,1.936893e-03,1.064496e-02,1.562582e-01,1.469919e-01,1.565040e-02,8.414215e-03,2.514695e-02,1.271140e-02,8.855787e-02
3.941740e-01,3.227298e-02,7.129078e-02,7.987404e-02,4.489205e-03,1.181354e-02,2.134201e-03,9.245548e-03,1.474385e-01,1.085657e-01,1.853829e-02,1.135668e-02,2.585471e-02,1.193280e-02,7.101905e-02
4.343233e-01,2.883111e-02,5.422783e-02,7.697931e-02,4.413218e-03,1.168304e-02,2.181549e-03,8.197635e-03,1.710547e-01,8.289769e-02,1.980199e-02,1.241605e-02,2.412240e-02,1.142485e-02,5.744542e-02
4.900230e-01,2.752922e-02,4.343356e-02,8.200064e-02,4.506233e-03,1.189315e-02,2.802959e-03,7.980909e-03,1.581891e-01,6.050372e-02,1.769325e-02,1.165088e-02,1.953759e-02,1.010054e-02,5.215523e-02
1.000000e+00,0.000000e+00,0.000000e+00,0.000000e+00,0.000000e+00,0.000000e+00,0.000000e+00,0.000000e+00,0.000000e+00,0.000000e+00,0.000000e+00,0.000000e+00,0.000000e+00,0.000000e+00,0.000000e+00
1.000000e+00,0.000000e+00,0.000000e+00,0.000000e+00,0.000000e+00,0.000000e+00,0.000000e+00,0.000000e+00,0.000000e+00,0.000000e+00,0.000000e+00,0.000000e+00,0.000000e+00,0.000000e+00,0.000000e+00
1.000000e+00,0.000000e+00,0.000000e+00,0.000000e+00,0.000000e+00,0.000000e+00,0.000000e+00,0.000000e+00,0.000000e+00,0.000000e+00,0.000000e+00,0.000000e+00,0.000000e+00,0.000000e+00,0.000000e+00
4.429742e-01,9.088452e-02,2.921849e-02,7.807013e-02,3.423388e-02,1.439763e-02,3.432602e-03,7.811257e-03,1.393163e-01,2.152804e-02,8.868976e-03,5.674593e-03,1.038052e-02,6.963522e-03,1.062454e-01
3.695344e-01,9.711962e-02,8.686253e-02,1.230201e-01,3.787288e-02,1.342671e-02,4.303680e-03,8.489119e-03,1.119697e-01,1.787322e-02,7.065258e-03,5.451347e-03,8.433009e-03,5.771997e-03,1.028065e-01
3.760790e-01,1.046892e-01,8.741735e-02,1.309009e-01,5.689190e-02,1.757925e-02,5.718994e-03,9.556509e-03,8.665095e-02,1.335966e-02,5.833353e-03,5.033392e-03,7.667682e-03,4.786568e-03,8.783528e-02
3.655777e-01,1.017398e-01,1.031732e-01,1.705537e-01,5.284590e-02,1.733173e-02,6.430703e-03,9.147182e-03,6.805626e-02,1.052690e-02,4.998733e-03,5.427380e-03,6.430970e-03,3.896548e-03,7.386330e-02
3.147599e-01,7.397076e-02,7.789351e-02,1.237767e-01,5.495815e-02,1.397898e-02,6.258295e-03,2.095439e-01,4.928103e-02,7.414865e-03,3.962099e-03,4.281878e-03,4.853640e-03,2.812651e-03,5.225367e-02
2.447050e-01,5.255080e-02,5.666947e-02,8.895568e-02,4.283527e-02,1.042937e-02,4.987912e-03,4.098968e-01,3.514006e-02,5.242508e-03,3.057717e-03,3.139212e-03,3.575222e-03,2.010945e-03,3.680413e-02
2.467233e-01,3.733000e-02,4.086166e-02,6.346813e-02,4.156703e-02,8.535015e-03,4.166258e-03,4.924765e-01,2.512492e-02,3.800550e-03,2.521525e-03,2.914219e-03,2.888637e-03,1.477154e-03,2.614512e-02
2.482132e-01,2.688306e-02,2.986454e-02,4.554609e-02,4.024687e-02,6.644958e-03,3.472999e-03,5.492228e-01,1.886902e-02,2.738675e-03,2.367455e-03,3.400414e-03,2.660134e-03,1.115498e-03,1.875420e-02
3.236350e-01,2.228790e-02,2.167480e-02,5.862000e-02,3.372625e-02,6.144090e-03,2.642511e-03,4.681881e-01,1.414252e-02,2.064583e-03,9.691453e-03,1.729636e-02,3.766061e-03,1.441482e-03,1.467885e-02
3.288554e-01,1.760814e-02,1.800416e-02,9.668515e-02,2.622488e-02,1.449301e-02,2.422083e-03,3.357724e-01,1.182830e-02,1.619264e-03,1.371451e-02,1.066920e-01,1.361632e-02,1.246431e-03,1.121797e-02
2.518188e-01,1.483660e-02,1.672689e-02,1.049158e-01,1.909520e-02,1.326704e-02,2.180499e-03,2.403939e-01,1.050752e-02,1.837810e-03,5.569280e-02,2.362148e-01,2.219041e-02,1.475260e-03,8.846642e-03
2.762261e-01,1.271746e-02,1.387032e-02,8.530579e-02,1.410287e-02,1.470407e-02,2.514374e-03,1.712359e-01,1.215230e-02,1.694470e-03,5.580345e-02,3.076130e-01,2.307780e-02,1.741401e-03,7.240782e-03
2.707092e-01,1.131526e-02,1.181369e-02,6.466405e-02,1.183911e-02,1.634142e-02,2.236859e-03,1.220090e-01,1.705207e-02,1.828985e-03,5.182333e-02,3.864179e-01,2.287244e-02,2.374330e-03,6.702391e-03
1.968309e-01,8.305554e-03,8.602752e-03,4.552417e-02,1.089999e-02,1.526416e-02,1.722451e-03,8.600774e-02,1.611807e-02,1.638268e-03,4.449736e-02,5.388788e-01,1.897844e-02,1.917620e-03,4.813751e-03
1.409809e-01,5.960877e-03,6.136035e-03,3.190848e-02,8.606768e-03,1.112762e-02,1.267468e-03,6.037923e-02,1.326638e-02,1.746270e-03,4.680371e-02,6.527546e-01,1.399963e-02,1.654980e-03,3.407083e-03
1.225087e-01,4.770746e-03,4.617524e-03,2.256014e-02,9.953970e-03,1.227484e-02,1.236951e-03,4.383357e-02,1.333322e-02,3.497140e-03,4.870585e-02,6.962789e-01,1.123574e-02,2.539715e-03,2.653100e-03
1.349832e-01,4.132629e-03,3.394959e-03,1.603473e-02,1.042021e-02,1.494789e-02,1.031964e-03,3.111964e-02,1.180200e-02,5.614347e-03,5.582427e-02,6.960930e-01,8.868990e-03,3.538705e-03,2.193589e-03
1.309552e-01,4.008274e-03,2.623503e-03,1.144030e-02,2.263197e-02,3.944584e-02,1.025763e-03,2.292329e-02,1.474372e-02,8.990906e-03,5.622559e-02,6.710736e-01,7.980187e-03,4.116308e-03,1.815669e-03
9.254766e-02,3.965442e-03,2.084732e-03,8.043109e-03,2.190172e-02,3.975953e-02,8.412313e-04,1.689120e-02,1.438294e-02,9.268092e-03,9.581827e-02,6.823373e-01,6.991454e-03,3.824516e-03,1.342836e-03
6.639822e-02,2.940409e-03,1.566909e-03,5.671404e-03,2.001769e-02,2.967023e-02,8.235361e-04,1.236963e-02,1.418322e-02,7.276563e-03,7.867436e-02,7.504266e-01,5.770992e-03,3.248805e-03,9.614978e-04
4.810926e-02,2.136006e-03,1.163857e-03,4.041788e-03,1.877816e-02,2.139071e-02,6.568459e-04,8.992487e-03,1.821605e-02,6.148273e-03,6.475709e-02,7.969003e-01,5.451521e-03,2.562426e-03,6.952984e-04
3.406264e-02,1.578602e-03,8.885689e-04,2.917747e-03,1.622112e-02,1.526478e-02,4.793084e-04,6.480314e-03,1.549822e-02,5.453826e-03,5.967219e-02,8.347161e-01,4.103492e-03,2.144622e-03,5.184464e-04
2.481791e-02,1.200379e-03,8.666448e-04,2.088339e-03,2.558753e-02,1.473949e-02,5.073213e-04,5.153490e-03,1.561711e-02,4.846537e-03,4.990914e-02,8.486550e-01,3.268820e-03,2.344372e-03,3.979537e-04
1.939675e-02,1.802195e-03,2.697381e-03,1.791494e-03,1.328573e-01,3.036045e-02,1.883317e-03,7.631933e-03,3.877492e-02,5.194921e-03,4.517546e-02,7.060765e-01,3.286598e-03,2.675578e-03,3.952021e-04
2.926771e-02,2.380641e-03,2.340635e-02,3.342116e-03,1.652768e-01,3.068342e-02,3.341025e-03,1.223464e-01,3.666938e-02,6.487233e-03,4.214153e-02,5.268320e-01,4.424405e-03,2.992254e-03,4.087978e-04
3.435092e-02,5.728350e-03,2.036421e-02,3.317274e-03,3.278689e-01,4.982310e-02,6.850016e-03,9.214065e-02,3.331763e-02,4.914927e-03,3.776491e-02,3.760527e-01,3.786693e-03,3.266718e-03,4.529481e-04
3.257771e-02,9.893555e-03,3.171507e-02,1.132096e-02,4.121976e-01,6.349131e-02,1.307556e-02,8.518805e-02,3.100267e-02,3.849981e-03,3.088745e-02,2.687186e-01,2.930675e-03,2.510397e-03,6.403395e-04
4.520947e-02,1.283674e-02,6.120019e-02,3.069177e-02,4.017973e-01,6.527930e-02,1.436261e-02,7.738917e-02,4.343452e-02,3.914102e-03,3.360445e-02,2.030526e-01,2.671383e-03,2.144700e-03,2.411676e-03
4.217425e-02,1.449706e-02,1.303295e-01,7.409358e-02,3.658295e-01,5.043643e-02,1.289425e-02,9.463157e-02,3.522160e-02,2.966842e-03,2.546680e-02,1.456977e-01,1.993346e-03,1.760932e-03,2.006568e-03
5.652986e-02,1.164086e-02,2.405332e-01,6.982241e-02,3.449323e-01,4.409227e-02,9.835017e-03,6.808455e-02,2.636259e-02,2.254903e-03,1.854307e-02,1.027027e-01,1.573710e-03,1.633911e-03,1.458607e-03
5.783311e-02,9.267518e-03,3.544576e-01,6.081443e-02,3.132071e-01,3.646843e-02,7.263526e-03,4.844305e-02,2.037239e-02,1.730720e-03,1.353954e-02,7.265706e-02,1.242744e-03,1.652166e-03,1.050546e-03
5.793363e-02,1.904557e-02,3.594504e-01,7.775242e-02,3.122491e-01,3.669326e-02,5.449750e-03,3.916083e-02,2.315349e-02,1.444324e-03,1.093482e-02,5.163343e-02,1.182104e-03,3.007968e-03,9.088891e-04
5.409979e-02,2.303822e-02,3.741716e-01,1.064481e-01,2.797636e-01,5.022136e-02,4.359941e-03,3.122524e-02,2.306192e-02,1.392854e-03,9.334041e-03,3.795277e-02,1.116478e-03,2.994267e-03,8.198143e-04
6.646112e-02,2.310607e-02,4.182565e-01,1.092035e-01,2.530159e-01,4.291482e-02,3.596826e-03,2.348812e-02,1.750626e-02,1.123579e-03,7.388344e-03,2.897181e-02,1.216295e-03,2.624684e-03,1.126227e-03
9.775372e-02,1.795216e-02,5.031098e-01,9.562986e-02,1.888847e-01,3.176918e-02,2.674856e-03,1.664400e-02,1.335709e-02,9.542461e-04,5.526495e-03,2.105563e-02,1.219898e-03,2.274618e-03,1.193741e-03
1.634311e-01,1.755923e-02,4.737582e-01,1.029858e-01,1.579790e-01,2.782324e-02,2.585346e-03,1.206133e-02,1.290548e-02,9.723041e-04,4.728855e-03,1.743829e-02,1.628127e-03,2.253353e-03,1.890397e-03
3.261595e-01,2.263417e-02,3.533308e-01,8.545273e-02,1.326495e-01,2.419036e-02,2.813533e-03,9.435006e-03,1.126856e-02,1.034796e-03,4.201870e-03,1.763293e-02,3.011738e-03,2.891492e-03,3.293012e-03
4.634032e-01,2.503950e-02,2.567370e-01,6.824736e-02,1.027618e-01,2.084534e-02,2.541194e-03,7.253465e-03,1.304355e-02,1.339989e-03,3.967142e-03,1.954224e-02,3.819040e-03,4.663921e-03,6.795262e-03
4.350811e-01,3.568509e-02,1.826546e-01,1.767583e-01,7.993698e-02,1.646717e-02,3.083249e-03,8.765730e-03,1.088169e-02,1.274131e-03,7.088920e-03,2.237662e-02,5.082898e-03,5.082446e-03,9.781038e-03
1.000000e+00,0.000000e+00,0.000000e+00,0.000000e+00,0.000000e+00,0.000000e+00,0.000000e+00,0.000000e+00,0.000000e+00,0.000000e+00,0.000000e+00,0.000000e+00,0.000000e+00,0.000000e+00,0.000000e+00
1.000000e+00,0.000000e+00,0.000000e+00,0.000000e+00,0.000000e+00,0.000000e+00,0.000000e+00,0.000000e+00,0.000000e+00,0.000000e+00,0.000000e+00,0.000000e+00,0.000000e+00,0.000000e+00,0.000000e+00
4.957375e-01,3.124589e-02,7.202297e-02,8.993997e-02,3.064172e-02,1.469486e-02,2.188231e-03,5.654919e-03,7.295077e-03,6.443039e-03,2.619804e-02,1.960807e-01,6.561025e-03,5.316140e-03,9.979837e-03
3.842317e-01,2.363352e-02,5.125219e-02,6.376439e-02,2.191969e-02,1.130807e-02,1.619391e-03,4.216230e-03,6.069223e-03,5.678069e-03,3.709894e-02,3.714351e-01,6.337505e-03,4.135109e-03,7.300852e-03
2.849528e-01,1.827671e-02,3.603231e-02,4.487748e-02,1.619774e-02,8.350410e-03,1.151577e-03,3.023261e-03,5.477991e-03,5.385016e-03,3.916454e-02,5.231894e-01,5.415889e-03,3.177251e-03,5.327689e-03
2.030271e-01,1.327059e-02,2.526356e-02,3.146384e-02,1.220902e-02,6.501409e-03,8.300522e-04,2.202803e-03,8.666946e-03,5.799762e-03,4.769942e-02,6.324129e-01,4.524837e-03,2.348656e-03,3.779174e-03
1.477242e-01,1.038390e-02,1.794354e-02,2.211861e-02,9.649958e-03,5.991864e-03,6.304535e-04,2.037932e-03,8.619118e-03,8.236097e-03,5.609211e-02,7.024987e-01,3.570146e-03,1.814938e-03,2.688461e-03
1.042088e-01,7.725992e-03,1.268514e-02,1.561367e-02,1.772227e-02,6.644696e-03,5.808328e-04,3.433202e-03,1.330731e-02,7.454634e-03,4.278839e-02,7.617092e-01,2.866025e-03,1.352446e-03,1.907511e-03
7.483157e-02,5.957366e-03,8.949771e-03,1.108774e-02,1.366574e-02,4.845805e-03,4.229576e-04,3.029787e-03,1.592842e-02,7.132865e-03,4.975758e-02,7.996398e-01,2.363864e-03,1.017835e-03,1.368957e-03
5.292560e-02,4.465349e-03,6.287477e-03,7.871495e-03,1.026913e-02,3.496386e-03,3.232108e-04,2.407147e-03,1.963818e-02,6.450774e-03,4.368161e-02,8.386404e-01,1.805975e-03,7.447426e-04,9.926073e-04
3.743133e-02,4.344721e-03,4.457487e-03,5.572531e-03,9.582583e-03,2.571807e-03,3.154440e-04,1.888807e-03,7.258970e-02,5.419190e-03,3.782174e-02,8.152843e-01,1.441066e-03,5.576789e-04,7.216741e-04
2.644740e-02,5.647760e-03,3.530122e-03,3.971762e-03,1.121254e-02,1.984420e-03,4.216676e-04,2.089238e-03,8.462581e-02,4.786205e-03,3.688885e-02,8.162902e-01,1.129368e-03,4.314363e-04,5.433045e-04
1.870123e-02,4.907887e-03,2.870815e-03,2.854371e-03,2.681929e-02,1.918792e-03,1.563577e-03,4.007437e-03,1.300256e-01,3.810938e-03,2.690978e-02,7.739302e-01,9.675799e-04,3.206919e-04,3.919185e-04
1.455429e-02,1.107654e-02,4.340432e-03,2.127305e-03,3.744403e-02,2.359238e-03,2.443993e-03,5.260565e-03,1.881728e-01,4.123373e-03,2.183733e-02,7.047694e-01,8.716923e-04,2.562341e-04,3.628509e-04
1.600241e-02,9.656815e-03,2.829207e-02,7.564559e-03,7.007087e-02,4.498116e-03,3.347748e-03,1.012835e-01,1.705351e-01,5.520361e-03,1.750130e-02,5.638914e-01,1.310916e-03,2.408770e-04,2.839968e-04
1.882652e-02,9.330092e-03,6.878091e-02,1.093294e-02,1.149222e-01,7.005964e-03,4.683408e-03,1.780736e-01,1.451571e-01,5.302721e-03,1.427636e-02,4.207444e-01,1.351336e-03,3.693811e-04,2.430103e-04
2.224108e-02,9.572765e-03,1.358924e-01,1.282708e-02,1.346551e-01,9.127416e-03,6.544012e-03,2.077791e-01,1.198914e-01,5.359619e-03,1.275357e-02,3.209780e-01,1.427168e-03,6.747629e-04,2.764553e-04
2.347787e-02,1.212235e-02,1.908231e-01,1.677640e-02,1.356159e-01,1.319143e-02,1.015544e-02,2.382729e-01,9.972755e-02,5.679695e-03,1.184104e-02,2.389538e-01,1.420647e-03,1.626171e-03,3.156791e-04
2.361011e-02,1.258651e-02,2.142353e-01,2.088634e-02,1.286769e-01,1.705604e-02,1.160237e-02,2.720215e-01,9.407955e-02,5.843807e-03,1.308334e-02,1.816596e-01,1.860043e-03,2.463335e-03,3.351765e-04
3.827087e-02,1.638512e-02,2.059896e-01,2.745223e-02,1.476953e-01,1.979856e-02,9.951167e-03,2.447398e-01,1.036274e-01,1.294999e-02,2.002279e-02,1.299635e-01,2.458088e-03,2.000226e-02,6.934613e-04
7.071332e-02,2.473580e-02,1.616146e-01,3.598680e-02,1.395932e-01,2.200691e-02,8.792383e-03,2.031420e-01,1.194120e-01,3.139754e-02,3.931533e-02,9.784823e-02,3.802702e-03,3.965021e-02,1.989121e-03
9.997500e-02,3.185316e-02,1.323138e-01,4.151460e-02,1.392636e-01,2.247797e-02,8.073610e-03,1.873403e-01,1.156344e-01,4.722781e-02,4.220279e-02,7.163132e-02,3.761356e-03,5.329496e-02,3.435352e-03
1.302340e-01,3.799728e-02,1.030551e-01,3.293831e-02,1.206437e-01,1.884194e-02,6.590968e-03,1.649076e-01,1.048459e-01,4.055671e-02,4.565899e-02,5.192855e-02,3.168967e-03,1.340893e-01,4.542681e-03
1.704722e-01,5.115245e-02,7.559571e-02,2.536942e-02,9.808198e-02,1.534422e-02,5.166325e-03,1.342956e-01,1.037000e-01,3.419417e-02,4.949982e-02,3.771291e-02,2.624315e-03,1.913815e-01,5.409416e-03
2.497678e-01,5.504220e-02,5.595040e-02,1.866543e-02,7.464109e-02,1.252125e-02,4.035171e-03,1.078522e-01,9.960797e-02,3.555052e-02,4.727613e-02,3.174964e-02,3.101407e-03,1.919147e-01,1.232411e-02
3.725973e-01,4.899687e-02,4.243752e-02,1.466121e-02,5.430658e-02,1.098016e-02,3.368280e-03,8.042675e-02,7.882442e-02,3.715160e-02,3.620974e-02,2.609184e-02,3.999934e-03,1.601885e-01,2.975927e-02
3.617438e-01,4.290769e-02,3.353343e-02,3.019116e-02,3.870044e-02,9.563287e-03,2.509943e-03,5.791091e-02,6.072832e-02,3.825029e-02,3.973237e-02,7.765392e-02,1.218193e-02,1.180623e-01,7.633025e-02
2.833195e-01,3.344283e-02,2.842038e-02,2.850803e-02,2.735182e-02,7.986574e-03,1.830666e-03,4.084064e-02,4.409213e-02,3.423857e-02,4.552477e-02,2.541314e-01,2.401008e-02,8.486203e-02,6.144061e-02
3.069722e-01,2.595400e-02,2.362766e-02,2.501625e-02,1.962162e-02,7.930492e-03,1.431414e-03,2.894575e-02,3.273862e-02,3.192789e-02,6.297555e-02,2.819614e-01,4.140668e-02,6.171097e-02,4.777948e-02
2.871286e-01,1.927514e-02,1.757202e-02,2.034552e-02,1.463113e-02,8.965733e-03,1.259950e-03,2.065011e-02,2.705252e-02,3.535944e-02,7.091448e-02,3.261833e-01,6.944738e-02,4.516142e-02,3.605324e-02
2.256981e-01,1.569236e-02,1.267836e-02,1.540054e-02,1.259274e-02,8.604588e-03,1.211564e-03,1.529934e-02,6.822889e-02,2.886854e-02,8.019800e-02,3.557282e-01,1.008155e-01,3.301617e-02,2.596709e-02
1.676399e-01,1.262148e-02,9.098656e-03,1.198461e-02,1.156208e-02,7.257574e-03,1.401362e-03,1.166049e-02,1.237033e-01,2.322758e-02,8.253241e-02,3.744899e-01,1.196297e-01,2.389293e-02,1.929799e-02
1.266210e-01,1.097957e-02,8.126956e-03,1.203269e-02,1.333789e-02,6.338841e-03,1.663500e-03,2.574854e-02,2.247978e-01,1.947382e-02,7.998102e-02,3.047909e-01,1.335772e-01,1.816758e-02,1.436261e-02
1.116314e-01,1.176749e-02,6.188420e-03,1.334346e-02,1.259369e-02,7.151425e-03,1.479502e-03,2.129268e-02,3.235831e-01,1.575035e-02,7.442349e-02,2.525073e-01,1.236988e-01,1.369709e-02,1.089185e-02
