1.000000e+00,0.000000e+00,0.000000e+00,0.000000e+00,0.000000e+00,0.000000e+00,0.000000e+00,0.000000e+00,0.000000e+00,0.000000e+00,0.000000e+00,0.000000e+00,0.000000e+00,0.000000e+00,0.000000e+00
1.000000e+00,0.000000e+00,0.000000e+00,0.000000e+00,0.000000e+00,0.000000e+00,0.000000e+00,0.000000e+00,0.000000e+00,0.000000e+00,0.000000e+00,0.000000e+00,0.000000e+00,0.000000e+00,0.000000e+00
1.000000e+00,0.000000e+00,0.000000e+00,0.000000e+00,0.000000e+00,0.000000e+00,0.000000e+00,0.000000e+00,0.000000e+00,0.000000e+00,0.000000e+00,0.000000e+00,0.000000e+00,0.000000e+00,0.000000e+00
1.000000e+00,0.000000e+00,0.000000e+00,0.000000e+00,0.000000e+00,0.000000e+00,0.000000e+00,0.000000e+00,0.000000e+00,0.000000e+00,0.000000e+00,0.000000e+00,0.000000e+00,0.000000e+00,0.000000e+00
1.000000e+00,0.000000e+00,0.000000e+00,0.000000e+00,0.000000e+00,0.000000e+00,0.000000e+00,0.000000e+00,0.000000e+00,0.000000e+00,0.000000e+00,0.000000e+00,0.000000e+00,0.000000e+00,0.000000e+00
1.000000e+00,0.000000e+00,0.000000e+00,0.000000e+00,0.000000e+00,0.000000e+00,0.000000e+00,0.000000e+00,0.000000e+00,0.000000e+00,0.000000e+00,0.000000e+00,0.000000e+00,0.000000e+00,0.000000e+00
1.000000e+00,0.000000e+00,0.000000e+00,0.000000e+00,0.000000e+00,0.000000e+00,0.000000e+00,0.000000e+00,0.000000e+00,0.000000e+00,0.000000e+00,0.000000e+00,0.000000e+00,0.000000e+00,0.000000e+00
1.000000e+00,0.000000e+00,0.000000e+00,0.000000e+00,0.000000e+00,0.000000e+00,0.000000e+00,0.000000e+00,0.000000e+00,0.000000e+00,0.000000e+00,0.000000e+00,0.000000e+00,0.000000e+00,0.000000e+00
1.000000e+00,0.000000e+00,0.000000e+00,0.000000e+00,0.000000e+00,0.000000e+00,0.000000e+00,0.000000e+00,0.000000e+00,0.000000e+00,0.000000e+00,0.000000e+00,0.000000e+00,0.000000e+00,0.000000e+00
1.000000e+00,0.000000e+00,0.000000e+00,0.000000e+00,0.000000e+00,0.000000e+00,0.000000e+00,0.000000e+00,0.000000e+00,0.000000e+00,0.000000e+00,0.000000e+00,0.000000e+00,0.000000e+00,0.000000e+00
1.000000e+00,0.000000e+00,0.000000e+00,0.000000e+00,0.000000e+00,0.000000e+00,0.000000e+00,0.000000e+00,0.000000e+00,0.000000e+00,0.000000e+00,0.000000e+00,0.000000e+00,0.000000e+00,0.000000e+00
1.000000e+00,0.000000e+00,0.000000e+00,0.000000e+00,0.000000e+00,0.000000e+00,0.000000e+00,0.000000e+00,0.000000e+00,0.000000e+00,0.000000e+00,0.000000e+00,0.000000e+00,0.000000e+00,0.000000e+00
1.000000e+00,0.000000e+00,0.000000e+00,0.000000e+00,0.000000e+00,0.000000e+00,0.000000e+00,0.000000e+00,0.000000e+00,0.000000e+00,0.000000e+00,0.000000e+00,0.000000e+00,0.000000e+00,0.000000e+00
1.000000e+00,0.000000e+00,0.000000e+00,0.000000e+00,0.000000e+00,0.000000e+00,0.000000e+00,0.000000e+00,0.000000e+00,0.000000e+00,0.000000e+00,0.000000e+00,0.000000e+00,0.000000e+00,0.000000e+00
1.000000e+00,0.000000e+00,0.000000e+00,0.000000e+00,0.000000e+00,0.000000e+00,0.000000e+00,0.000000e+00,0.000000e+00,0.000000e+00,0.000000e+00,0.000000e+00,0.000000e+00,0.000000e+00,0.000000e+00
1.000000e+00,0.000000e+00,0.000000e+00,0.000000e+00,0.000000e+00,0.000000e+00,0.000000e+00,0.000000e+00,0.000000e+00,0.000000e+00,0.000000e+00,0.000000e+00,0.000000e+00,0.000000e+00,0.000000e+00
1.000000e+00,0.000000e+00,0.000000e+00,0.000000e+00,0.000000e+00,0.000000e+00,0.000000e+00,0.000000e+00,0.000000e+00,0.000000e+00,0.000000e+00,0.000000e+00,0.000000e+00,0.000000e+00,0.000000e+00
1.000000e+00,0.000000e+00,0.000000e+00,0.000000e+00,0.000000e+00,0.000000e+00,0.000000e+00,0.000000e+00,0.000000e+00,0.000000e+00,0.000000e+00,0.000000e+00,0.000000e+00,0.000000e+00,0.000000e+00
1.000000e+00,0.000000e+00,0.000000e+00,0.000000e+00,0.000000e+00,0.000000e+00,0.000000e+00,0.000000e+00,0.000000e+00,0.000000e+00,0.000000e+00,0.000000e+00,0.000000e+00,0.000000e+00,0.000000e+00
1.000000e+00,0.000000e+00,0.000000e+00,0.000000e+00,0.000000e+00,0.000000e+00,0.000000e+00,0.000000e+00,0.000000e+00,0.000000e+00,0.000000e+00,0.000000e+00,0.000000e+00,0.000000e+00,0.000000e+00
1.000000e+00,0.000000e+00,0.000000e+00,0.000000e+00,0.000000e+00,0.000000e+00,0.000000e+00,0.000000e+00,0.000000e+00,0.000000e+00,0.000000e+00,0.000000e+00,0.000000e+00,0.000000e+00,0.000000e+00
4.328593e-01,7.660570e-03,4.336758e-02,1.394890e-02,4.357553e-03,2.690344e-02,3.758597e-02,3.951752e-01,1.589204e-03,9.289880e-04,3.055547e-03,1.091877e-02,1.222255e-02,2.005821e-03,7.420642e-03
4.290879e-01,1.115335e-02,3.472633e-02,1.266601e-02,8.083187e-03,2.958040e-02,4.194628e-02,3.829705e-01,2.470979e-03,1.104179e-03,3.915360e-03,1.447242e-02,1.553412e-02,3.650259e-03,8.638747e-03
3.214907e-01,9.593475e-03,2.590005e-02,9.786480e-03,1.073194e-02,2.275887e-02,5.399487e-02,4.602991e-01,3.738734e-03,2.065063e-03,8.733904e-03,2.014057e-02,3.355483e-02,9.545555e-03,7.665832e-03
2.274574e-01,8.024618e-03,1.943598e-02,1.470088e-02,1.013941e-02,1.899707e-02,1.261996e-01,3.506578e-01,3.640231e-03,5.499982e-03,1.803738e-02,4.523160e-02,5.413759e-02,1.470128e-02,8.313912e-02
1.655152e-01,6.150112e-03,1.371362e-02,1.354514e-02,1.191253e-02,1.445717e-02,1.522375e-01,2.495570e-01,5.596441e-03,4.256203e-03,2.424159e-02,1.699047e-01,8.447072e-02,2.398952e-02,6.045242e-02
1.461361e-01,5.117163e-03,9.899271e-03,1.703861e-02,1.728856e-02,1.327345e-02,1.414936e-01,1.768102e-01,1.366993e-02,4.831093e-03,3.273719e-02,2.246168e-01,1.118138e-01,4.105387e-02,4.422028e-02
1.963297e-01,5.031188e-03,7.257101e-03,1.734662e-02,3.862999e-02,1.761951e-02,1.147878e-01,1.255775e-01,1.934576e-02,5.115957e-03,3.755908e-02,2.173622e-01,1.258047e-01,3.763054e-02,3.460221e-02
1.881201e-01,4.768509e-03,5.361395e-03,1.542899e-02,8.826546e-02,1.715767e-02,8.524974e-02,8.888000e-02,2.176209e-02,5.576289e-03,4.642161e-02,2.215361e-01,1.400776e-01,3.056718e-02,4.082722e-02
1.451706e-01,4.057894e-03,4.148217e-03,1.314278e-02,1.744913e-01,1.644366e-02,6.004580e-02,6.345353e-02,2.656246e-02,5.825330e-03,5.528115e-02,1.841933e-01,1.626748e-01,2.541206e-02,5.909705e-02
1.325379e-01,5.803440e-03,5.574611e-03,1.355173e-02,2.116883e-01,1.714514e-02,4.243089e-02,5.832634e-02,5.456919e-02,6.718719e-03,6.580525e-02,1.590236e-01,1.640674e-01,2.059526e-02,4.216215e-02
1.402437e-01,7.440711e-03,7.587719e-03,1.282605e-02,2.293917e-01,1.572866e-02,3.037530e-02,5.534069e-02,7.584549e-02,7.414178e-03,6.796078e-02,1.358066e-01,1.681049e-01,1.581868e-02,3.011476e-02
1.028544e-01,5.567618e-03,6.922995e-03,9.713356e-03,2.708304e-01,1.188567e-02,2.153036e-02,7.322460e-02,9.469336e-02,6.181994e-03,6.674571e-02,1.268227e-01,1.704617e-01,1.134330e-02,2.122187e-02
7.363598e-02,4.303888e-03,5.711753e-03,6.989205e-03,2.810171e-01,1.016718e-02,1.531700e-02,6.164771e-02,2.429607e-01,4.377231e-03,5.196447e-02,9.220451e-02,1.268509e-01,7.968393e-03,1.488402e-02
5.609243e-02,3.537479e-03,6.472156e-03,6.506474e-03,2.403800e-01,7.941974e-03,1.115842e-02,9.264050e-02,3.507174e-01,3.313285e-03,4.080789e-02,7.175577e-02,9.238256e-02,5.670806e-03,1.062287e-02
4.665445e-02,3.070430e-03,7.944657e-03,2.069285e-02,2.106435e-01,1.482662e-02,7.987539e-03,8.846357e-02,4.353864e-01,2.585368e-03,3.148085e-02,5.150136e-02,6.705026e-02,4.067854e-03,7.644336e-03
5.337612e-02,4.188369e-03,8.667343e-03,2.317437e-02,1.829021e-01,1.328531e-02,5.911080e-03,7.526045e-02,5.118496e-01,2.161071e-03,2.458422e-02,3.736431e-02,4.852634e-02,3.038903e-03,5.710348e-03
7.411291e-02,5.396523e-03,1.146195e-02,3.506761e-02,1.624799e-01,1.077120e-02,4.675655e-03,6.628248e-02,5.342735e-01,2.318133e-03,2.165905e-02,2.802917e-02,3.593154e-02,2.796082e-03,4.744310e-03
1.593317e-01,7.617337e-03,1.090858e-02,3.081538e-02,1.399492e-01,1.028604e-02,3.972294e-03,5.471843e-02,5.013921e-01,2.356475e-03,1.950875e-02,2.389988e-02,2.696316e-02,3.039930e-03,5.240700e-03
1.944348e-01,1.070986e-02,1.067619e-02,2.629367e-02,1.250923e-01,1.316810e-02,3.816694e-03,6.057718e-02,4.873215e-01,3.514695e-03,1.595303e-02,1.898061e-02,2.009275e-02,2.870130e-03,6.498555e-03
3.078825e-01,1.454326e-02,1.007449e-02,2.208408e-02,1.031422e-01,1.276253e-02,3.609592e-03,5.394013e-02,4.113092e-01,3.452137e-03,1.352403e-02,1.546087e-02,1.592641e-02,4.589661e-03,7.698867e-03
3.874658e-01,1.448469e-02,9.269293e-03,1.996243e-02,9.186035e-02,1.321560e-02,4.066403e-03,5.853221e-02,3.470522e-01,2.906476e-03,1.197494e-02,1.359735e-02,1.356785e-02,4.788741e-03,7.255618e-03
4.252297e-01,2.164371e-02,8.861829e-03,2.285670e-02,8.193150e-02,1.583056e-02,4.519443e-03,4.483343e-02,3.013893e-01,4.775656e-03,1.056771e-02,1.766884e-02,1.296934e-02,5.101416e-03,2.182092e-02
3.931653e-01,5.745156e-02,1.105405e-02,9.203758e-02,7.337074e-02,1.522760e-02,8.549086e-03,3.476606e-02,2.266365e-01,4.896051e-03,1.004854e-02,2.192606e-02,1.387599e-02,4.029554e-03,3.296537e-02
4.670964e-01,5.850412e-02,1.266277e-02,7.805708e-02,7.061411e-02,1.499399e-02,8.726051e-03,2.637394e-02,1.751286e-01,4.925344e-03,8.439436e-03,2.122614e-02,1.240936e-02,3.952380e-03,3.689038e-02
4.044230e-01,7.721098e-02,4.637547e-02,1.314420e-01,5.779567e-02,1.311891e-02,7.734345e-03,2.052112e-02,1.283949e-01,9.872341e-03,7.345578e-03,1.757227e-02,1.050814e-02,3.282282e-03,6.440295e-02
4.748001e-01,7.358101e-02,6.388769e-02,1.101387e-01,4.733001e-02,1.238503e-02,7.511721e-03,1.643274e-02,9.480286e-02,9.350944e-03,6.814214e-03,1.544909e-02,8.982047e-03,3.148138e-03,5.538583e-02
4.481220e-01,6.157268e-02,6.660819e-02,1.359766e-01,5.314194e-02,1.403993e-02,6.505041e-03,3.979550e-02,7.561555e-02,1.102681e-02,9.376993e-03,1.715267e-02,1.023240e-02,3.320327e-03,4.751339e-02
3.647864e-01,4.809998e-02,5.623686e-02,1.074131e-01,1.232812e-01,2.870206e-02,3.704964e-02,1.042203e-01,5.721206e-02,8.219562e-03,7.518447e-03,1.232210e-02,8.129035e-03,2.509444e-03,3.429979e-02
2.902737e-01,3.428031e-02,4.241461e-02,7.698607e-02,1.524553e-01,2.687236e-02,1.673517e-01,1.087898e-01,4.107987e-02,7.508037e-03,6.773436e-03,9.129793e-03,9.521336e-03,1.880151e-03,2.468346e-02
2.188396e-01,2.432592e-02,3.074806e-02,5.527018e-02,1.624738e-01,2.106975e-02,2.723171e-01,8.439933e-02,2.993119e-02,3.540014e-02,1.748752e-02,8.552759e-03,1.113055e-02,1.988434e-03,2.606560e-02
1.603891e-01,1.742762e-02,2.206776e-02,4.115778e-02,1.198857e-01,1.559695e-02,4.435748e-01,6.281400e-02,2.135490e-02,3.009644e-02,1.832820e-02,1.282933e-02,1.389351e-02,1.604680e-03,1.897921e-02
1.181299e-01,1.330397e-02,1.620353e-02,3.114250e-02,8.833772e-02,1.249409e-02,4.877110e-01,4.553845e-02,1.548264e-02,2.625725e-02,4.112641e-02,3.681466e-02,5.080294e-02,2.345055e-03,1.430989e-02
9.383568e-02,1.040294e-02,1.179441e-02,2.732473e-02,6.517981e-02,1.102521e-02,4.359831e-01,3.237947e-02,1.151784e-02,2.836557e-02,6.693654e-02,5.204687e-02,1.287306e-01,3.691003e-03,2.078623e-02
1.465621e-01,8.872407e-03,8.676064e-03,2.286781e-02,5.318090e-02,1.065728e-02,3.226453e-01,2.335429e-02,1.361876e-02,2.275397e-02,7.783779e-02,6.043846e-02,2.028519e-01,6.091883e-03,1.959104e-02
1.213585e-01,6.715995e-03,7.074034e-03,2.039501e-02,4.067253e-02,8.555848e-03,2.461920e-01,1.160279e-01,1.700165e-02,1.965542e-02,8.920665e-02,5.532958e-02,2.294540e-01,5.305008e-03,1.705595e-02
1.474516e-01,5.462725e-03,6.216851e-03,2.655873e-02,3.410684e-02,9.514045e-03,1.958678e-01,1.156068e-01,3.586194e-02,2.096397e-02,9.817764e-02,5.766275e-02,2.265525e-01,5.409276e-03,1.458642e-02
2.254073e-01,4.571420e-03,6.244436e-03,2.364112e-02,3.038071e-02,1.136285e-02,1.387250e-01,1.041585e-01,4.162231e-02,1.662872e-02,1.042072e-01,4.688365e-02,2.200326e-01,7.239932e-03,1.889424e-02
2.959532e-01,4.450693e-03,4.975723e-03,2.035589e-02,3.378406e-02,1.613555e-02,9.844306e-02,7.790605e-02,5.077503e-02,1.265134e-02,1.150809e-01,4.788380e-02,2.004666e-01,5.874785e-03,1.526329e-02
2.205837e-01,3.417879e-03,5.661222e-03,1.592931e-02,1.747441e-01,1.168034e-02,7.025282e-02,6.507610e-02,7.400522e-02,9.350426e-03,1.104557e-01,4.189767e-02,1.808757e-01,4.224551e-03,1.184535e-02
2.207553e-01,4.574106e-03,1.032368e-02,2.020626e-02,1.502922e-01,1.524474e-02,4.977040e-02,8.327689e-02,1.115516e-01,8.559644e-03,9.219539e-02,6.801972e-02,1.511902e-01,3.236042e-03,1.080386e-02
1.699216e-01,1.226251e-02,1.327369e-02,1.829673e-02,1.327215e-01,1.529049e-02,3.513022e-02,8.972967e-02,2.295195e-01,7.379009e-03,7.556054e-02,6.273158e-02,1.273263e-01,2.557141e-03,8.299629e-03
1.286352e-01,2.900598e-02,1.401628e-02,2.720507e-02,1.018343e-01,1.427761e-02,2.474287e-02,7.407019e-02,3.375152e-01,7.495990e-03,6.358877e-02,6.030224e-02,1.081786e-01,2.055354e-03,7.076415e-03
9.586484e-02,6.500223e-02,1.757146e-02,4.916184e-02,7.653274e-02,1.268959e-02,1.747913e-02,5.372028e-02,4.016761e-01,9.838378e-03,5.346966e-02,4.568275e-02,9.021755e-02,1.837064e-03,9.256490e-03
7.418837e-02,5.427216e-02,1.470309e-02,3.736115e-02,6.390418e-02,9.569281e-03,1.263243e-02,3.974513e-02,5.153891e-01,7.991293e-03,4.422785e-02,3.952519e-02,7.676439e-02,1.380184e-03,8.346228e-03
6.811231e-02,4.903232e-02,1.473141e-02,3.450858e-02,5.164830e-02,7.859272e-03,9.428924e-03,3.461063e-02,5.920144e-01,6.721703e-03,3.419834e-02,2.988200e-02,5.866199e-02,1.140794e-03,7.449014e-03
7.995775e-02,4.590128e-02,1.420741e-02,3.491317e-02,4.213681e-02,8.753679e-03,7.258987e-03,3.000329e-02,6.119161e-01,7.916022e-03,2.861137e-02,2.481597e-02,5.083375e-02,1.669707e-03,1.110474e-02
7.369091e-02,3.400994e-02,1.025163e-02,2.647074e-02,4.450900e-02,7.195657e-03,6.127514e-03,2.196703e-02,6.569517e-01,6.050787e-03,2.472639e-02,2.477896e-02,5.290689e-02,1.424086e-03,8.938807e-03
6.655094e-02,2.559360e-02,8.113073e-03,2.163999e-02,5.453020e-02,6.188291e-03,6.304843e-03,3.839900e-02,6.778044e-01,4.626726e-03,2.007836e-02,1.910865e-02,4.288451e-02,1.252792e-03,6.924655e-03
7.675003e-02,2.052333e-02,6.561088e-03,1.877600e-02,5.662581e-02,6.404840e-03,5.864521e-03,5.960740e-02,6.761600e-01,3.618486e-03,1.529608e-02,1.432277e-02,3.287573e-02,1.109072e-03,5.504897e-03
9.287933e-02,2.354068e-02,6.937685e-03,1.431885e-02,5.591132e-02,6.264849e-03,6.316269e-03,1.607783e-01,5.775944e-01,2.793496e-03,1.138900e-02,1.134843e-02,2.445452e-02,8.803125e-04,4.592577e-03
9.808093e-02,2.359767e-02,7.487085e-03,1.113323e-02,6.235146e-02,6.088158e-03,7.600285e-03,2.837204e-01,4.577031e-01,2.104257e-03,8.294154e-03,9.297888e-03,1.814372e-02,6.915026e-04,3.706115e-03
1.231702e-01,2.356844e-02,7.529133e-03,1.138918e-02,5.351380e-02,1.112843e-02,6.707636e-03,3.859604e-01,3.397142e-01,1.697158e-03,6.864253e-03,9.421696e-03,1.433757e-02,6.858705e-04,4.311944e-03
1.086298e-01,2.186527e-02,7.191063e-03,9.454593e-03,4.526511e-02,1.145115e-02,5.963793e-03,5.058662e-01,2.536891e-01,1.305922e-03,5.789448e-03,7.525294e-03,1.174851e-02,5.951773e-04,3.659575e-03
9.613527e-02,1.673165e-02,5.945015e-03,8.421598e-03,3.995892e-02,1.555695e-02,5.962944e-03,5.970010e-01,1.887646e-01,1.005781e-03,4.477004e-03,6.022393e-03,1.051712e-02,4.984379e-04,3.001292e-03
1.089087e-01,1.224571e-02,4.424542e-03,6.558229e-03,3.328619e-02,1.673177e-02,5.063376e-03,6.588049e-01,1.334542e-01,8.255466e-04,3.396186e-03,4.888539e-03,8.579392e-03,4.610727e-04,2.371568e-03
1.277337e-01,9.261822e-03,3.576958e-03,5.290510e-03,2.828061e-02,1.772980e-02,4.987694e-03,6.891165e-01,9.676766e-02,6.812876e-04,2.682728e-03,4.312435e-03,7.269419e-03,4.143580e-04,1.894446e-03
1.276174e-01,6.967580e-03,4.385376e-03,5.193302e-03,2.280331e-02,2.156594e-02,5.963810e-03,7.206718e-01,6.899256e-02,5.534393e-04,2.167605e-03,4.764511e-03,6.297708e-03,4.322180e-04,1.623322e-03
1.489434e-01,5.594917e-03,4.359117e-03,4.923593e-03,1.878241e-02,2.597308e-02,6.909054e-03,7.182345e-01,5.056667e-02,4.779235e-04,1.891949e-03,5.685872e-03,5.609846e-03,5.001874e-04,1.547465e-03
1.969053e-01,4.447775e-03,4.052205e-03,4.118775e-03,1.492428e-02,2.950665e-02,6.499320e-03,6.864338e-01,3.681765e-02,4.731931e-04,1.704865e-03,6.993798e-03,4.907543e-03,5.447754e-04,1.670073e-03
2.616338e-01,3.267971e-03,3.253523e-03,3.665074e-03,1.240850e-02,3.092612e-02,5.459448e-03,6.318639e-01,2.674473e-02,4.570193e-04,2.293921e-03,8.480422e-03,7.823885e-03,4.497630e-04,1.272008e-03
2.301773e-01,2.332652e-03,2.457217e-03,3.197997e-03,9.400458e-03,2.541397e-02,4.084839e-03,6.858436e-01,1.909000e-02,3.454682e-04,2.128380e-03,7.741361e-03,6.514406e-03,3.321644e-04,9.402302e-04
2.812904e-01,1.733516e-03,1.977101e-03,4.277956e-03,6.911110e-03,3.272147e-02,3.717660e-03,5.243258e-01,1.384707e-02,5.814095e-04,1.344920e-02,1.008738e-01,1.201981e-02,1.369882e-03,9.038454e-04
3.852825e-01,1.403547e-03,1.900843e-03,4.752933e-03,5.177510e-03,3.179703e-02,3.038379e-03,4.000011e-01,1.059577e-02,6.028876e-04,1.770226e-02,1.229697e-01,1.132012e-02,2.038711e-03,1.416693e-03
4.165231e-01,1.548978e-03,2.774659e-03,5.274553e-03,4.253075e-03,4.172304e-02,2.751612e-03,2.933040e-01,1.006793e-02,6.805647e-04,2.998428e-02,1.687306e-01,1.282525e-02,7.412188e-03,2.146095e-03
3.951993e-01,2.288473e-03,2.924248e-03,6.194546e-03,3.267533e-03,4.131258e-02,2.297618e-03,2.148683e-01,1.114881e-02,9.224407e-04,4.424564e-02,2.426716e-01,1.603987e-02,1.408401e-02,2.534998e-03
4.448680e-01,2.399671e-03,2.598461e-03,5.801112e-03,2.494285e-03,3.740494e-02,2.010159e-03,1.530011e-01,1.129592e-02,1.296363e-03,6.409737e-02,2.414542e-01,1.394808e-02,1.444047e-02,2.889931e-03
3.985632e-01,2.932921e-03,2.616784e-03,4.848091e-03,2.116019e-03,3.151520e-02,2.515100e-03,1.125058e-01,2.465619e-02,1.573912e-03,9.954665e-02,2.752870e-01,1.093973e-02,2.798880e-02,2.394551e-03
4.117794e-01,3.185675e-03,2.463885e-03,4.336456e-03,1.785787e-03,2.667013e-02,2.846227e-03,8.151664e-02,2.752364e-02,1.818131e-03,1.249986e-01,2.599361e-01,8.971246e-03,3.983452e-02,2.333547e-03
4.567258e-01,4.310796e-03,2.625234e-03,4.032992e-03,1.515448e-03,2.213687e-02,2.511746e-03,5.882501e-02,3.512791e-02,1.699921e-03,1.274392e-01,2.198634e-01,8.340119e-03,5.252729e-02,2.318287e-03
3.581735e-01,4.293470e-03,2.240160e-03,3.613479e-03,1.636835e-03,1.907124e-02,1.817496e-03,4.170968e-02,4.065448e-02,1.949258e-03,2.171249e-01,1.828305e-01,8.629874e-03,1.141774e-01,2.077679e-03
2.952436e-01,6.670207e-03,2.782959e-03,4.552929e-03,2.141341e-03,1.675358e-02,1.361740e-03,2.973615e-02,5.066519e-02,2.298459e-03,2.463095e-01,1.662158e-01,8.121104e-03,1.640641e-01,3.083332e-03
2.286816e-01,1.904735e-02,9.615552e-03,8.145367e-03,8.130441e-03,1.484560e-02,1.055882e-03,2.149536e-02,4.240378e-02,3.239410e-03,2.827319e-01,1.232309e-01,6.983272e-03,2.250280e-01,5.365528e-03
1.734603e-01,2.395005e-02,8.481657e-03,1.383763e-02,4.005962e-02,1.619924e-02,1.933717e-03,1.579452e-02,1.040053e-01,5.090704e-03,2.533107e-01,9.476952e-02,7.355606e-03,2.356186e-01,6.132782e-03
1.339960e-01,2.508498e-02,9.625530e-03,5.187326e-02,5.622274e-02,1.760277e-02,2.384140e-03,1.702015e-02,1.998072e-01,5.414261e-03,2.085894e-01,6.958553e-02,1.018101e-02,1.867215e-01,5.891537e-03
1.025831e-01,3.166501e-02,1.217024e-02,9.733832e-02,6.159367e-02,3.317011e-02,2.077901e-03,1.558362e-02,2.696995e-01,7.829808e-03,1.608140e-01,4.990512e-02,1.075247e-02,1.350847e-01,9.732490e-03
1.026559e-01,3.359032e-02,1.188107e-02,8.611938e-02,6.052967e-02,3.915218e-02,1.905548e-03,1.460664e-02,3.576143e-01,8.349937e-03,1.262380e-01,3.719135e-02,8.771582e-03,9.646494e-02,1.492913e-02
1.253918e-01,3.390178e-02,1.594817e-02,1.380656e-01,8.324198e-02,3.434525e-02,2.765518e-03,1.400683e-02,3.256347e-01,8.279265e-03,9.290931e-02,2.769892e-02,8.077092e-03,6.849875e-02,2.123518e-02
1.937034e-01,3.327962e-02,1.586381e-02,1.305380e-01,9.555881e-02,3.380234e-02,3.347632e-03,1.331749e-02,2.735099e-01,9.659827e-03,7.445981e-02,2.207256e-02,8.823724e-03,4.957847e-02,4.248469e-02
2.248500e-01,3.504842e-02,7.194003e-02,1.190483e-01,1.079292e-01,3.414508e-02,3.816959e-03,2.188550e-02,2.133537e-01,1.015812e-02,5.524350e-02,1.707017e-02,7.349923e-03,3.565931e-02,4.250178e-02
2.178462e-01,4.436897e-02,1.138711e-01,1.126742e-01,1.365873e-01,3.223224e-02,4.944873e-03,3.380199e-02,1.716904e-01,8.278259e-03,4.136378e-02,1.358512e-02,6.219453e-03,2.691845e-02,3.561766e-02
2.670016e-01,4.762046e-02,9.437787e-02,9.074295e-02,1.474119e-01,3.263508e-02,5.559039e-03,3.182469e-02,1.650124e-01,6.643430e-03,3.567104e-02,1.466658e-02,7.205383e-03,2.195453e-02,3.167301e-02
2.868500e-01,5.350582e-02,7.592069e-02,7.074980e-02,1.617483e-01,3.381802e-02,6.080422e-03,2.622072e-02,1.747279e-01,6.759490e-03,2.817700e-02,1.508851e-02,7.822712e-03,1.914853e-02,3.338208e-02
3.059326e-01,5.523433e-02,5.715995e-02,5.409106e-02,2.022690e-01,3.221168e-02,5.200263e-03,2.115210e-02,1.749190e-01,5.787626e-03,2.118650e-02,1.244664e-02,7.402821e-03,1.602867e-02,2.897765e-02
3.189656e-01,5.293541e-02,4.355427e-02,4.598650e-02,2.132677e-01,9.084042e-02,4.882473e-03,2.026724e-02,1.301332e-01,6.465964e-03,1.686618e-02,1.023424e-02,6.059684e-03,1.271298e-02,2.682820e-02
3.067708e-01,3.805578e-02,3.464257e-02,3.536975e-02,2.712783e-01,1.059440e-01,4.737384e-03,4.936456e-02,9.291050e-02,7.849757e-03,1.215784e-02,7.438897e-03,4.867452e-03,9.126741e-03,1.948572e-02
3.296469e-01,3.110284e-02,4.160581e-02,2.680218e-02,3.153743e-01,8.504976e-02,4.008725e-03,4.823515e-02,6.904773e-02,8.075092e-03,9.534253e-03,6.079796e-03,3.994611e-03,6.830531e-03,1.461229e-02
3.879235e-01,4.080383e-02,4.569969e-02,4.512561e-02,2.485522e-01,6.666852e-02,3.896505e-03,3.824879e-02,5.075017e-02,1.622926e-02,1.170605e-02,1.190783e-02,5.765385e-03,5.849247e-03,2.087337e-02
4.125811e-01,3.952604e-02,3.894883e-02,5.898235e-02,2.253929e-01,5.973132e-02,3.508754e-03,3.054405e-02,3.863769e-02,1.928363e-02,1.596680e-02,2.371602e-02,6.608246e-03,5.257773e-03,2.131443e-02
4.545193e-01,3.526526e-02,3.446598e-02,5.562861e-02,1.901678e-01,4.966228e-02,3.399879e-03,2.603849e-02,2.982920e-02,2.129380e-02,2.314905e-02,4.083351e-02,8.822087e-03,6.034669e-03,2.089013e-02
4.106491e-01,3.052850e-02,2.753285e-02,4.878224e-02,2.621668e-01,4.427491e-02,3.122316e-03,2.899245e-02,2.248367e-02,2.113461e-02,2.444382e-02,3.745291e-02,9.042004e-03,7.901471e-03,2.149239e-02
4.731025e-01,2.512048e-02,2.261280e-02,4.189497e-02,2.249903e-01,4.152606e-02,3.252418e-03,2.664789e-02,1.739492e-02,1.981907e-02,2.470117e-02,3.506432e-02,9.676510e-03,1.090380e-02,2.329281e-02
1.000000e+00,0.000000e+00,0.000000e+00,0.000000e+00,0.000000e+00,0.000000e+00,0.000000e+00,0.000000e+00,0.000000e+00,0.000000e+00,0.000000e+00,0.000000e+00,0.000000e+00,0.000000e+00,0.000000e+00
1.000000e+00,0.000000e+00,0.000000e+00,0.000000e+00,0.000000e+00,0.000000e+00,0.000000e+00,0.000000e+00,0.000000e+00,0.000000e+00,0.000000e+00,0.000000e+00,0.000000e+00,0.000000e+00,0.000000e+00
1.000000e+00,0.000000e+00,0.000000e+00,0.000000e+00,0.000000e+00,0.000000e+00,0.000000e+00,0.000000e+00,0.000000e+00,0.000000e+00,0.000000e+00,0.000000e+00,0.000000e+00,0.000000e+00,0.000000e+00
1.000000e+00,0.000000e+00,0.000000e+00,0.000000e+00,0.000000e+00,0.000000e+00,0.000000e+00,0.000000e+00,0.000000e+00,0.000000e+00,0.000000e+00,0.000000e+00,0.000000e+00,0.000000e+00,0.000000e+00
1.000000e+00,0.000000e+00,0.000000e+00,0.000000e+00,0.000000e+00,0.000000e+00,0.000000e+00,0.000000e+00,0.000000e+00,0.000000e+00,0.000000e+00,0.000000e+00,0.000000e+00,0.000000e+00,0.000000e+00
1.000000e+00,0.000000e+00,0.000000e+00,0.000000e+00,0.000000e+00,0.000000e+00,0.000000e+00,0.000000e+00,0.000000e+00,0.000000e+00,0.000000e+00,0.000000e+00,0.000000e+00,0.000000e+00,0.000000e+00
1.000000e+00,0.000000e+00,0.000000e+00,0.000000e+00,0.000000e+00,0.000000e+00,0.000000e+00,0.000000e+00,0.000000e+00,0.000000e+00,0.000000e+00,0.000000e+00,0.000000e+00,0.000000e+00,0.000000e+00
1.000000e+00,0.000000e+00,0.000000e+00,0.000000e+00,0.000000e+00,0.000000e+00,0.000000e+00,0.000000e+00,0.000000e+00,0.000000e+00,0.000000e+00,0.000000e+00,0.000000e+00,0.000000e+00,0.000000e+00
1.000000e+00,0.000000e+00,0.000000e+00,0.000000e+00,0.000000e+00,0.000000e+00,0.000000e+00,0.000000e+00,0.000000e+00,0.000000e+00,0.000000e+00,0.000000e+00,0.000000e+00,0.000000e+00,0.000000e+00
4.603441e-01,3.724515e-02,4.339002e-02,2.995384e-02,2.632419e-02,1.778816e-02,3.298325e-03,1.411941e-02,1.705679e-02,6.907267e-03,2.035529e-01,3.895146e-02,6.759627e-03,6.778842e-02,2.652029e-02
3.941862e-01,4.370768e-02,4.055100e-02,2.740575e-02,2.225620e-02,1.547428e-02,3.419734e-03,1.464068e-02,4.813408e-02,7.140525e-03,2.008773e-01,4.427202e-02,5.552631e-03,1.067064e-01,2.567550e-02
3.699807e-01,4.925675e-02,4.410302e-02,3.236965e-02,1.892940e-02,1.695897e-02,3.991617e-03,1.826643e-02,6.734040e-02,7.840462e-03,1.865788e-01,4.152495e-02,5.544347e-03,1.070797e-01,3.023481e-02
3.405811e-01,3.922889e-02,1.454438e-01,5.358145e-02,1.701759e-02,1.629575e-02,3.050598e-03,1.409023e-02,7.253744e-02,1.194746e-02,1.371091e-01,2.993037e-02,4.742919e-03,7.900520e-02,3.543805e-02
2.710905e-01,3.152152e-02,1.696103e-01,4.802217e-02,5.199404e-02,2.129132e-02,2.739476e-03,1.302512e-02,1.214810e-01,2.297843e-02,1.130959e-01,2.221989e-02,4.935442e-03,6.566954e-02,4.032529e-02
2.263484e-01,3.212829e-02,1.910994e-01,4.100185e-02,1.079893e-01,5.041112e-02,2.795956e-03,1.190361e-02,1.196408e-01,1.947802e-02,8.839080e-02,1.612565e-02,4.418211e-03,5.234795e-02,3.592062e-02
1.859821e-01,4.241180e-02,1.451395e-01,4.579356e-02,2.234600e-01,6.623413e-02,9.913085e-03,1.213675e-02,1.010601e-01,1.444024e-02,7.014866e-02,1.182811e-02,4.236552e-03,3.967483e-02,2.754058e-02
1.788834e-01,3.984357e-02,1.170723e-01,3.655897e-02,2.919663e-01,7.259087e-02,8.272260e-03,1.187289e-02,1.095631e-01,1.075860e-02,5.325388e-02,8.724646e-03,3.899320e-03,3.613726e-02,2.060266e-02
1.936364e-01,4.792860e-02,9.896670e-02,6.675560e-02,2.673991e-01,7.730008e-02,7.240799e-03,1.395001e-02,1.146180e-01,8.268858e-03,4.137013e-02,8.107327e-03,4.091588e-03,3.149724e-02,1.886972e-02
2.517464e-01,4.071090e-02,1.137680e-01,7.101828e-02,2.232394e-01,6.435713e-02,5.937634e-03,1.712540e-02,1.171812e-01,6.178579e-03,3.295770e-02,7.478737e-03,3.760278e-03,2.887226e-02,1.566798e-02
2.692596e-01,3.745500e-02,1.740668e-01,6.806255e-02,1.780816e-01,5.564471e-02,4.648562e-03,1.381525e-02,1.163723e-01,4.746950e-03,2.727336e-02,6.160147e-03,3.213511e-03,2.775780e-02,1.344179e-02
3.347592e-01,3.668872e-02,1.631462e-01,9.687778e-02,1.516014e-01,4.480488e-02,4.917195e-03,1.236644e-02,8.806076e-02,3.937803e-03,2.037974e-02,6.411054e-03,3.746491e-03,2.075354e-02,1.154868e-02
4.419224e-01,3.537611e-02,1.361254e-01,9.065968e-02,1.209254e-01,3.470926e-02,3.848583e-03,9.639807e-03,6.931796e-02,3.240730e-03,1.618860e-02,7.249009e-03,3.876985e-03,1.550614e-02,1.141399e-02
1.000000e+00,0.000000e+00,0.000000e+00,0.000000e+00,0.000000e+00,0.000000e+00,0.000000e+00,0.000000e+00,0.000000e+00,0.000000e+00,0.000000e+00,0.000000e+00,0.000000e+00,0.000000e+00,0.000000e+00
1.000000e+00,0.000000e+00,0.000000e+00,0.000000e+00,0.000000e+00,0.000000e+00,0.000000e+00,0.000000e+00,0.000000e+00,0.000000e+00,0.000000e+00,0.000000e+00,0.000000e+00,0.000000e+00,0.000000e+00
1.000000e+00,0.000000e+00,0.000000e+00,0.000000e+00,0.000000e+00,0.000000e+00,0.000000e+00,0.000000e+00,0.000000e+00,0.000000e+00,0.000000e+00,0.000000e+00,0.000000e+00,0.000000e+00,0.000000e+00
1.000000e+00,0.000000e+00,0.000000e+00,0.000000e+00,0.000000e+00,0.000000e+00,0.000000e+00,0.000000e+00,0.000000e+00,0.000000e+00,0.000000e+00,0.000000e+00,0.000000e+00,0.000000e+00,0.000000e+00
1.000000e+00,0.000000e+00,0.000000e+00,0.000000e+00,0.000000e+00,0.000000e+00,0.000000e+00,0.000000e+00,0.000000e+00,0.000000e+00,0.000000e+00,0.000000e+00,0.000000e+00,0.000000e+00,0.000000e+00
1.000000e+00,0.000000e+00,0.000000e+00,0.000000e+00,0.000000e+00,0.000000e+00,0.000000e+00,0.000000e+00,0.000000e+00,0.000000e+00,0.000000e+00,0.000000e+00,0.000000e+00,0.000000e+00,0.000000e+00
1.000000e+00,0.000000e+00,0.000000e+00,0.000000e+00,0.000000e+00,0.000000e+00,0.000000e+00,0.000000e+00,0.000000e+00,0.000000e+00,0.000000e+00,0.000000e+00,0.000000e+00,0.000000e+00,0.000000e+00
1.000000e+00,0.000000e+00,0.000000e+00,0.000000e+00,0.000000e+00,0.000000e+00,0.000000e+00,0.000000e+00,0.000000e+00,0.000000e+00,0.000000e+00,0.000000e+00,0.000000e+00,0.000000e+00,0.000000e+00
1.000000e+00,0.000000e+00,0.000000e+00,0.000000e+00,0.000000e+00,0.000000e+00,0.000000e+00,0.000000e+00,0.000000e+00,0.000000e+00,0.000000e+00,0.000000e+00,0.000000e+00,0.000000e+00,0.000000e+00
1.000000e+00,0.000000e+00,0.000000e+00,0.000000e+00,0.000000e+00,0.000000e+00,0.000000e+00,0.000000e+00,0.000000e+00,0.000000e+00,0.000000e+00,0.000000e+00,0.000000e+00,0.000000e+00,0.000000e+00
1.000000e+00,0.000000e+00,0.000000e+00,0.000000e+00,0.000000e+00,0.000000e+00,0.000000e+00,0.000000e+00,0.000000e+00,0.000000e+00,0.000000e+00,0.000000e+00,0.000000e+00,0.000000e+00,0.000000e+00
1.000000e+00,0.000000e+00,0.000000e+00,0.000000e+00,0.000000e+00,0.000000e+00,0.000000e+00,0.000000e+00,0.000000e+00,0.000000e+00,0.000000e+00,0.000000e+00,0.000000e+00,0.000000e+00,0.000000e+00
1.000000e+00,0.000000e+00,0.000000e+00,0.000000e+00,0.000000e+00,0.000000e+00,0.000000e+00,0.000000e+00,0.000000e+00,0.000000e+00,0.000000e+00,0.000000e+00,0.000000e+00,0.000000e+00,0.000000e+00
1.000000e+00,0.000000e+00,0.000000e+00,0.000000e+00,0.000000e+00,0.000000e+00,0.000000e+00,0.000000e+00,0.000000e+00,0.000000e+00,0.000000e+00,0.000000e+00,0.000000e+00,0.000000e+00,0.000000e+00
1.000000e+00,0.000000e+00,0.000000e+00,0.000000e+00,0.000000e+00,0.000000e+00,0.000000e+00,0.000000e+00,0.000000e+00,0.000000e+00,0.000000e+00,0.000000e+00,0.000000e+00,0.000000e+00,0.000000e+00
4.290517e-01,3.528781e-02,6.262440e-03,1.635389e-02,1.221330e-02,8.412180e-03,6.198773e-04,8.381876e-03,8.572748e-02,4.216607e-02,9.763218e-02,2.423034e-01,4.869258e-03,4.766461e-03,5.952073e-03
3.511972e-01,3.860506e-02,7.826148e-03,2.377050e-02,1.310667e-02,7.758434e-03,6.971546e-04,1.741414e-02,1.214178e-01,3.794330e-02,1.241714e-01,2.396571e-01,4.889471e-03,4.864998e-03,6.680607e-03
3.500120e-01,4.562818e-02,1.773058e-02,2.844745e-02,1.823251e-02,8.404838e-03,1.575028e-03,3.064230e-02,1.377295e-01,3.158281e-02,1.099809e-01,2.044294e-01,4.569646e-03,4.609573e-03,6.425193e-03
4.012445e-01,4.692781e-02,1.634947e-02,2.321938e-02,2.403324e-02,1.227292e-02,2.441099e-03,2.947288e-02,1.466827e-01,3.266555e-02,8.684340e-02,1.602080e-01,4.773420e-03,6.205104e-03,6.660498e-03
4.067915e-01,4.673061e-02,1.449135e-02,1.970981e-02,4.204554e-02,1.739374e-02,4.353377e-03,3.109980e-02,1.582599e-01,4.314212e-02,6.894907e-02,1.272667e-01,4.779575e-03,7.590028e-03,7.396773e-03
3.657167e-01,5.050451e-02,2.348648e-02,2.281436e-02,5.431573e-02,1.974309e-02,6.354893e-03,7.891262e-02,1.527722e-01,4.993150e-02,5.371200e-02,9.850958e-02,5.100892e-03,1.079956e-02,7.325811e-03
3.616064e-01,7.064472e-02,2.136256e-02,1.952390e-02,4.776860e-02,1.724912e-02,5.458765e-03,6.845111e-02,1.506669e-01,8.063978e-02,4.607411e-02,7.385147e-02,5.111751e-03,2.250449e-02,9.086311e-03
3.642958e-01,1.014498e-01,2.064825e-02,1.687228e-02,3.966790e-02,1.507898e-02,4.807811e-03,5.696174e-02,1.373922e-01,1.015803e-01,3.938018e-02,5.625119e-02,4.677874e-03,2.856293e-02,1.237281e-02
4.343440e-01,8.371496e-02,1.620036e-02,1.354574e-02,3.036293e-02,1.313262e-02,4.039220e-03,4.367755e-02,1.052995e-01,1.366370e-01,3.179587e-02,4.452194e-02,4.287493e-03,2.461803e-02,1.382275e-02
4.868961e-01,6.456801e-02,1.366639e-02,1.182850e-02,2.438444e-02,1.167046e-02,3.848501e-03,3.382805e-02,7.829906e-02,1.716498e-01,2.500491e-02,3.473826e-02,3.974045e-03,2.171000e-02,1.393342e-02
1.000000e+00,0.000000e+00,0.000000e+00,0.000000e+00,0.000000e+00,0.000000e+00,0.000000e+00,0.000000e+00,0.000000e+00,0.000000e+00,0.000000e+00,0.000000e+00,0.000000e+00,0.000000e+00,0.000000e+00
1.000000e+00,0.000000e+00,0.000000e+00,0.000000e+00,0.000000e+00,0.000000e+00,0.000000e+00,0.000000e+00,0.000000e+00,0.000000e+00,0.000000e+00,0.000000e+00,0.000000e+00,0.000000e+00,0.000000e+00
1.000000e+00,0.000000e+00,0.000000e+00,0.000000e+00,0.000000e+00,0.000000e+00,0.000000e+00,0.000000e+00,0.000000e+00,0.000000e+00,0.000000e+00,0.000000e+00,0.000000e+00,0.000000e+00,0.000000e+00
1.000000e+00,0.000000e+00,0.000000e+00,0.000000e+00,0.000000e+00,0.000000e+00,0.000000e+00,0.000000e+00,0.000000e+00,0.000000e+00,0.000000e+00,0.000000e+00,0.000000e+00,0.000000e+00,0.000000e+00
1.000000e+00,0.000000e+00,0.000000e+00,0.000000e+00,0.000000e+00,0.000000e+00,0.000000e+00,0.000000e+00,0.000000e+00,0.000000e+00,0.000000e+00,0.000000e+00,0.000000e+00,0.000000e+00,0.000000e+00
1.000000e+00,0.000000e+00,0.000000e+00,0.000000e+00,0.000000e+00,0.000000e+00,0.000000e+00,0.000000e+00,0.000000e+00,0.000000e+00,0.000000e+00,0.000000e+00,0.000000e+00,0.000000e+00,0.000000e+00
1.000000e+00,0.000000e+00,0.000000e+00,0.000000e+00,0.000000e+00,0.000000e+00,0.000000e+00,0.000000e+00,0.000000e+00,0.000000e+00,0.000000e+00,0.000000e+00,0.000000e+00,0.000000e+00,0.000000e+00
1.000000e+00,0.000000e+00,0.000000e+00,0.000000e+00,0.000000e+00,0.000000e+00,0.000000e+00,0.000000e+00,0.000000e+00,0.000000e+00,0.000000e+00,0.000000e+00,0.000000e+00,0.000000e+00,0.000000e+00
1.000000e+00,0.000000e+00,0.000000e+00,0.000000e+00,0.000000e+00,0.000000e+00,0.000000e+00,0.000000e+00,0.000000e+00,0.000000e+00,0.000000e+00,0.000000e+00,0.000000e+00,0.000000e+00,0.000000e+00
4.277463e-01,1.778919e-02,4.380521e-03,4.390714e-02,6.220473e-03,9.077454e-03,1.561293e-03,4.993187e-03,4.247180e-02,4.187578e-02,3.594864e-02,3.111740e-01,2.496986e-02,7.563486e-03,2.032087e-02
3.825719e-01,1.464159e-02,3.372622e-03,3.787936e-02,6.106689e-03,8.673379e-03,1.610518e-03,4.802453e-03,1.396545e-01,3.204071e-02,3.709163e-02,2.821351e-01,2.460406e-02,6.094253e-03,1.872124e-02
3.147883e-01,1.584037e-02,2.935318e-03,3.348282e-02,7.039485e-03,7.201879e-03,1.278796e-03,3.816277e-03,3.086110e-01,2.686524e-02,2.908247e-02,2.041509e-01,2.033962e-02,4.811578e-03,1.975590e-02
2.529242e-01,1.880544e-02,2.525091e-03,2.612215e-02,8.375954e-03,6.313616e-03,1.023687e-03,2.857276e-03,4.459555e-01,2.498182e-02,2.251991e-02,1.463023e-01,1.679597e-02,3.701398e-03,2.079570e-02
1.932283e-01,2.360166e-02,2.510723e-03,2.586854e-02,1.270695e-02,5.656576e-03,8.456066e-04,2.399754e-03,5.630614e-01,1.860717e-02,1.654751e-02,1.034473e-01,1.272285e-02,2.689967e-03,1.610569e-02
1.467236e-01,3.800392e-02,2.143566e-03,2.914656e-02,1.468467e-02,4.794290e-03,6.744206e-04,1.784611e-03,6.314850e-01,1.550888e-02,1.246079e-02,7.338054e-02,9.884152e-03,1.999738e-03,1.732528e-02
1.143835e-01,4.096366e-02,2.681464e-03,5.400542e-02,2.464061e-02,6.091780e-03,8.680059e-04,1.929157e-03,6.300724e-01,1.870353e-02,9.765132e-03,5.220285e-02,8.536939e-03,1.974111e-03,3.318152e-02
9.575737e-02,4.796442e-02,2.548078e-03,8.306146e-02,2.773955e-02,6.466529e-03,8.730212e-04,1.835760e-03,6.100797e-01,1.778879e-02,8.271691e-03,3.759946e-02,9.598281e-03,1.856323e-03,4.855955e-02
8.756517e-02,5.214623e-02,2.390931e-03,8.327061e-02,2.505895e-02,5.943788e-03,8.539206e-04,1.592446e-03,6.196680e-01,1.708041e-02,7.310358e-03,2.718687e-02,1.075855e-02,1.778102e-03,5.739563e-02
7.507589e-02,4.191307e-02,2.451049e-03,7.876185e-02,2.067687e-02,5.254760e-03,1.123373e-03,1.975101e-03,6.448815e-01,1.729382e-02,6.650160e-03,1.977560e-02,1.012834e-02,1.782119e-03,7.225648e-02
8.344311e-02,3.271995e-02,2.090757e-03,6.280263e-02,1.804500e-02,5.811510e-03,1.589776e-03,1.874950e-03,6.494464e-01,1.526150e-02,7.566030e-03,1.517164e-02,1.097285e-02,1.874242e-03,9.132969e-02
8.395199e-02,3.083340e-02,7.258126e-03,9.685495e-02,1.763214e-02,7.497979e-03,2.965929e-03,4.182491e-03,6.064126e-01,1.373592e-02,7.622931e-03,1.186780e-02,1.016985e-02,1.904148e-03,9.710982e-02
1.044677e-01,2.817115e-02,1.544797e-02,1.364997e-01,1.645614e-02,1.230029e-02,3.685751e-03,5.088636e-03,5.465000e-01,1.291559e-02,6.896137e-03,9.299573e-03,1.005050e-02,1.562073e-03,9.065890e-02
2.089146e-01,2.990565e-02,1.373393e-02,1.135102e-01,1.611805e-02,1.466124e-02,4.584831e-03,4.695867e-03,4.380565e-01,1.203853e-02,6.940935e-03,8.835844e-03,1.391944e-02,2.035058e-03,1.120494e-01
2.534763e-01,4.945655e-02,1.706186e-02,1.461815e-01,2.608522e-02,2.639909e-02,1.404455e-02,7.049127e-03,3.275550e-01,9.390978e-03,7.948902e-03,1.028639e-02,1.451516e-02,2.281841e-03,8.826758e-02
2.968346e-01,7.495336e-02,2.006352e-02,1.695748e-01,3.008459e-02,2.834445e-02,1.404754e-02,7.573713e-03,2.383386e-01,8.563802e-03,8.649766e-03,1.035432e-02,1.278161e-02,2.320623e-03,7.751469e-02
2.981099e-01,9.784824e-02,2.089684e-02,1.696684e-01,4.273581e-02,3.864038e-02,1.395897e-02,9.115414e-03,1.793123e-01,7.897083e-03,8.743372e-03,9.309536e-03,1.131895e-02,2.918384e-03,8.952649e-02
2.346382e-01,1.014295e-01,6.525552e-02,2.697104e-01,3.549921e-02,2.951586e-02,1.045117e-02,8.674471e-03,1.350049e-01,7.000341e-03,6.996041e-03,7.023799e-03,8.434397e-03,2.292084e-03,7.807419e-02
2.941961e-01,8.537602e-02,1.001091e-01,2.344955e-01,3.042125e-02,2.257976e-02,7.958780e-03,9.973385e-03,1.086855e-01,6.586223e-03,7.390263e-03,7.479013e-03,7.716636e-03,2.763237e-03,7.426916e-02
3.349301e-01,7.803680e-02,1.147059e-01,1.844747e-01,4.260669e-02,2.064741e-02,6.940764e-03,4.930120e-02,8.243321e-02,7.378923e-03,6.451521e-03,6.480406e-03,7.414998e-03,2.598753e-03,5.559859e-02
3.231721e-01,6.477302e-02,8.921483e-02,1.396020e-01,1.542266e-01,2.355072e-02,9.614406e-03,6.690815e-02,5.944278e-02,9.124121e-03,5.816017e-03,4.974488e-03,6.854034e-03,2.498585e-03,4.022821e-02
2.461315e-01,4.686309e-02,6.345386e-02,1.016292e-01,1.363638e-01,1.824836e-02,9.278171e-03,2.853007e-01,4.212031e-02,6.483502e-03,4.899881e-03,3.659576e-03,5.371236e-03,1.835287e-03,2.836156e-02
1.767072e-01,3.297473e-02,4.527733e-02,7.210431e-02,1.063121e-01,1.308362e-02,7.616881e-03,4.803264e-01,2.954078e-02,4.622218e-03,3.638643e-03,2.625334e-03,3.936674e-03,1.301530e-03,1.993221e-02
1.400938e-01,2.330851e-02,3.213483e-02,5.132052e-02,1.377065e-01,1.122358e-02,6.566664e-03,5.455261e-01,2.082630e-02,3.812756e-03,6.108630e-03,2.474450e-03,3.495383e-03,9.359880e-04,1.446588e-02
1.118106e-01,1.639365e-02,2.268040e-02,3.647796e-02,1.764484e-01,9.711349e-03,5.149101e-03,5.759932e-01,1.503473e-02,3.013291e-03,8.999796e-03,2.920623e-03,3.782909e-03,6.949513e-04,1.088890e-02
1.406333e-01,1.179873e-02,1.633536e-02,2.788434e-02,1.616332e-01,1.185653e-02,4.342330e-03,5.457444e-01,1.088269e-02,3.316693e-03,3.124509e-02,7.812875e-03,1.399727e-02,6.051810e-04,1.191195e-02
1.701064e-01,9.731767e-03,1.319087e-02,2.321884e-02,1.320536e-01,9.063683e-03,4.638327e-03,4.612952e-01,1.918422e-02,3.714497e-03,7.770120e-02,2.126686e-02,4.170804e-02,1.040697e-03,1.208584e-02
1.768853e-01,8.833528e-03,1.110003e-02,3.385514e-02,1.076153e-01,7.280284e-03,4.639096e-03,3.886231e-01,8.236255e-02,3.304866e-03,9.066668e-02,2.468703e-02,4.736478e-02,1.266098e-03,1.151627e-02
1.817753e-01,8.074265e-03,8.844313e-03,5.681254e-02,9.309532e-02,6.521349e-03,4.783604e-03,3.211860e-01,1.414140e-01,3.514383e-03,9.053770e-02,2.365927e-02,4.718132e-02,1.647396e-03,1.095320e-02
1.917726e-01,7.994066e-03,7.255704e-03,7.937684e-02,7.784850e-02,6.382615e-03,3.797579e-03,3.474657e-01,1.280754e-01,3.234344e-03,7.588574e-02,2.040080e-02,3.942783e-02,1.541056e-03,9.541150e-03
2.350293e-01,8.976882e-03,6.260596e-03,8.389756e-02,6.262365e-02,8.710046e-03,3.036839e-03,3.543280e-01,1.150867e-01,2.896488e-03,5.903696e-02,1.934994e-02,3.019017e-02,1.780568e-03,8.796226e-03
2.563305e-01,1.077386e-02,7.058920e-03,1.143140e-01,5.086147e-02,1.348282e-02,2.869306e-03,2.972723e-01,1.320832e-01,2.836962e-03,5.331798e-02,2.295212e-02,2.539249e-02,2.132871e-03,8.321244e-03
2.945560e-01,1.275966e-02,6.504595e-03,1.449718e-01,3.731898e-02,1.802386e-02,2.507949e-03,2.158054e-01,1.342448e-01,3.290165e-03,5.863507e-02,3.157472e-02,2.491537e-02,3.495727e-03,1.139597e-02
3.963728e-01,1.308237e-02,5.695744e-03,1.200295e-01,2.769689e-02,2.006859e-02,2.157136e-03,1.540199e-01,1.146295e-01,2.988328e-03,5.755840e-02,4.275998e-02,2.313287e-02,4.405986e-03,1.540196e-02
4.264325e-01,1.419794e-02,7.313537e-03,1.338819e-01,2.271250e-02,2.118916e-02,2.560378e-03,1.202045e-01,1.053047e-01,2.801212e-03,5.197059e-02,4.871851e-02,2.224092e-02,4.783753e-03,1.568791e-02
4.782707e-01,1.493385e-02,6.484072e-03,1.080003e-01,1.841574e-02,2.187210e-02,2.547392e-03,8.742666e-02,1.102385e-01,2.793700e-03,4.914077e-02,5.444771e-02,2.045184e-02,5.684259e-03,1.929235e-02
