1.000000e+00,0.000000e+00,0.000000e+00,0.000000e+00,0.000000e+00,0.000000e+00,0.000000e+00,0.000000e+00,0.000000e+00,0.000000e+00,0.000000e+00,0.000000e+00,0.000000e+00,0.000000e+00,0.000000e+00
1.000000e+00,0.000000e+00,0.000000e+00,0.000000e+00,0.000000e+00,0.000000e+00,0.000000e+00,0.000000e+00,0.000000e+00,0.000000e+00,0.000000e+00,0.000000e+00,0.000000e+00,0.000000e+00,0.000000e+00
1.000000e+00,0.000000e+00,0.000000e+00,0.000000e+00,0.000000e+00,0.000000e+00,0.000000e+00,0.000000e+00,0.000000e+00,0.000000e+00,0.000000e+00,0.000000e+00,0.000000e+00,0.000000e+00,0.000000e+00
1.000000e+00,0.000000e+00,0.000000e+00,0.000000e+00,0.000000e+00,0.000000e+00,0.000000e+00,0.000000e+00,0.000000e+00,0.000000e+00,0.000000e+00,0.000000e+00,0.000000e+00,0.000000e+00,0.000000e+00
1.000000e+00,0.000000e+00,0.000000e+00,0.000000e+00,0.000000e+00,0.000000e+00,0.000000e+00,0.000000e+00,0.000000e+00,0.000000e+00,0.000000e+00,0.000000e+00,0.000000e+00,0.000000e+00,0.000000e+00
1.000000e+00,0.000000e+00,0.000000e+00,0.000000e+00,0.000000e+00,0.000000e+00,0.000000e+00,0.000000e+00,0.000000e+00,0.000000e+00,0.000000e+00,0.000000e+00,0.000000e+00,0.000000e+00,0.000000e+00
1.000000e+00,0.000000e+00,0.000000e+00,0.000000e+00,0.000000e+00,0.000000e+00,0.000000e+00,0.000000e+00,0.000000e+00,0.000000e+00,0.000000e+00,0.000000e+00,0.000000e+00,0.000000e+00,0.000000e+00
1.000000e+00,0.000000e+00,0.000000e+00,0.000000e+00,0.000000e+00,0.000000e+00,0.000000e+00,0.000000e+00,0.000000e+00,0.000000e+00,0.000000e+00,0.000000e+00,0.000000e+00,0.000000e+00,0.000000e+00
1.000000e+00,0.000000e+00,0.000000e+00,0.000000e+00,0.000000e+00,0.000000e+00,0.000000e+00,0.000000e+00,0.000000e+00,0.000000e+00,0.000000e+00,0.000000e+00,0.000000e+00,0.000000e+00,0.000000e+00
1.000000e+00,0.000000e+00,0.000000e+00,0.000000e+00,0.000000e+00,0.000000e+00,0.000000e+00,0.000000e+00,0.000000e+00,0.000000e+00,0.000000e+00,0.000000e+00,0.000000e+00,0.000000e+00,0.000000e+00
1.000000e+00,0.000000e+00,0.000000e+00,0.000000e+00,0.000000e+00,0.000000e+00,0.000000e+00,0.000000e+00,0.000000e+00,0.000000e+00,0.000000e+00,0.000000e+00,0.000000e+00,0.000000e+00,0.000000e+00
1.000000e+00,0.000000e+00,0.000000e+00,0.000000e+00,0.000000e+00,0.000000e+00,0.000000e+00,0.000000e+00,0.000000e+00,0.000000e+00,0.000000e+00,0.000000e+00,0.000000e+00,0.000000e+00,0.000000e+00
1.000000e+00,0.000000e+00,0.000000e+00,0.000000e+00,0.000000e+00,0.000000e+00,0.000000e+00,0.000000e+00,0.000000e+00,0.000000e+00,0.000000e+00,0.000000e+00,0.000000e+00,0.000000e+00,0.000000e+00
1.000000e+00,0.000000e+00,0.000000e+00,0.000000e+00,0.000000e+00,0.000000e+00,0.000000e+00,0.000000e+00,0.000000e+00,0.000000e+00,0.000000e+00,0.000000e+00,0.000000e+00,0.000000e+00,0.000000e+00
1.000000e+00,0.000000e+00,0.000000e+00,0.000000e+00,0.000000e+00,0.000000e+00,0.000000e+00,0.000000e+00,0.000000e+00,0.000000e+00,0.000000e+00,0.000000e+00,0.000000e+00,0.000000e+00,0.000000e+00
1.000000e+00,0.000000e+00,0.000000e+00,0.000000e+00,0.000000e+00,0.000000e+00,0.000000e+00,0.000000e+00,0.000000e+00,0.000000e+00,0.000000e+00,0.000000e+00,0.000000e+00,0.000000e+00,0.000000e+00
1.000000e+00,0.000000e+00,0.000000e+00,0.000000e+00,0.000000e+00,0.000000e+00,0.000000e+00,0.000000e+00,0.000000e+00,0.000000e+00,0.000000e+00,0.000000e+00,0.000000e+00,0.000000e+00,0.000000e+00
1.000000e+00,0.000000e+00,0.000000e+00,0.000000e+00,0.000000e+00,0.000000e+00,0.000000e+00,0.000000e+00,0.000000e+00,0.000000e+00,0.000000e+00,0.000000e+00,0.000000e+00,0.000000e+00,0.000000e+00
1.000000e+00,0.000000e+00,0.000000e+00,0.000000e+00,0.000000e+00,0.000000e+00,0.000000e+00,0.000000e+00,0.000000e+00,0.000000e+00,0.000000e+00,0.000000e+00,0.000000e+00,0.000000e+00,0.000000e+00
4.543706e-01,3.896073e-02,1.646671e-02,1.062558e-01,6.654509e-02,3.590434e-02,9.439681e-03,1.635279e-02,7.478201e-02,4.418533e-02,3.799221e-02,2.911011e-02,3.474547e-02,3.579385e-03,3.130978e-02
3.504818e-01,2.987090e-02,1.192630e-02,8.774190e-02,4.878202e-02,2.789642e-02,7.491161e-03,1.242759e-02,1.710757e-01,8.105569e-02,5.541481e-02,2.170175e-02,4.017213e-02,4.783995e-03,4.917780e-02
3.302426e-01,2.762982e-02,9.502982e-03,7.533018e-02,3.561847e-02,2.195663e-02,5.733998e-03,1.120428e-02,2.476714e-01,6.574377e-02,4.898441e-02,1.728150e-02,3.635957e-02,6.354189e-03,6.038622e-02
3.871597e-01,2.050229e-02,7.189873e-03,5.701157e-02,2.633184e-02,1.769918e-02,4.341282e-03,9.170678e-03,2.180312e-01,5.500169e-02,6.319421e-02,1.522430e-02,4.024320e-02,1.784405e-02,6.105499e-02
4.865981e-01,1.598210e-02,6.364584e-03,4.468999e-02,2.006444e-02,1.736168e-02,3.469457e-03,8.408779e-03,1.758673e-01,3.990080e-02,5.089680e-02,1.322663e-02,3.526849e-02,2.404693e-02,5.785393e-02
3.601958e-01,1.250001e-02,4.913553e-03,3.315689e-02,1.464687e-02,1.350571e-02,2.593171e-03,6.490345e-03,3.432833e-01,3.248235e-02,3.892023e-02,9.798042e-03,2.747893e-02,2.668338e-02,7.335143e-02
3.658034e-01,1.168739e-02,4.278382e-03,2.413367e-02,1.467510e-02,1.459824e-02,2.187565e-03,5.270903e-03,2.760797e-01,2.407532e-02,3.269511e-02,7.713554e-03,2.503339e-02,6.291887e-02,1.288495e-01
4.294638e-01,1.294413e-02,6.227036e-03,1.924784e-02,1.247650e-02,2.131667e-02,2.293239e-03,4.277195e-03,2.171830e-01,1.892575e-02,2.736796e-02,1.023941e-02,2.595333e-02,7.598533e-02,1.160989e-01
4.911911e-01,1.140691e-02,9.512005e-03,1.475046e-02,9.847057e-03,2.278088e-02,2.603478e-03,3.546521e-03,1.730871e-01,1.728471e-02,2.569803e-02,1.197052e-02,2.430665e-02,8.987807e-02,9.213657e-02
1.000000e+00,0.000000e+00,0.000000e+00,0.000000e+00,0.000000e+00,0.000000e+00,0.000000e+00,0.000000e+00,0.000000e+00,0.000000e+00,0.000000e+00,0.000000e+00,0.000000e+00,0.000000e+00,0.000000e+00
4.067572e-01,8.017050e-03,9.580437e-03,8.256985e-03,6.184018e-03,1.629687e-02,1.895312e-03,2.146762e-03,1.675850e-01,6.735381e-02,3.348270e-02,9.732244e-03,3.018021e-02,1.605442e-01,7.198710e-02
2.874165e-01,6.668909e-03,1.422380e-02,6.087562e-03,5.635485e-03,1.215154e-02,1.434010e-03,2.365736e-03,1.939378e-01,8.634581e-02,4.457867e-02,7.936213e-03,2.703072e-02,2.122280e-01,9.195925e-02
2.081332e-01,5.231089e-03,1.337880e-02,4.741309e-03,9.047654e-03,9.406310e-03,1.203762e-03,2.745365e-03,2.085440e-01,1.885545e-01,4.396034e-02,7.072052e-03,2.342087e-02,2.021469e-01,7.241398e-02
1.491439e-01,5.374393e-03,1.407341e-02,4.025067e-03,1.773126e-02,7.250145e-03,1.304332e-03,6.037858e-03,2.773159e-01,2.192554e-01,3.664972e-02,5.748986e-03,2.065211e-02,1.774496e-01,5.798795e-02
1.113024e-01,4.748429e-03,1.205871e-02,4.152306e-03,4.743282e-02,1.022751e-02,1.286712e-03,1.006000e-02,2.570752e-01,3.055260e-01,2.849116e-02,4.277468e-03,1.627719e-02,1.451421e-01,4.194197e-02
8.345805e-02,4.910672e-03,1.602850e-02,1.236055e-02,2.207199e-01,1.134752e-02,5.855673e-03,4.858577e-02,1.974113e-01,2.283344e-01,2.045554e-02,3.076706e-03,1.209167e-02,1.052394e-01,3.012436e-02
6.553923e-02,5.421932e-03,1.305180e-02,1.026693e-02,3.921933e-01,1.759012e-02,1.615909e-02,3.501641e-02,1.429395e-01,1.781972e-01,1.462342e-02,2.169950e-03,8.803950e-03,7.499410e-02,2.303310e-02
5.418338e-02,5.167211e-03,9.654685e-03,1.357212e-02,5.268791e-01,1.618442e-02,2.796829e-02,2.640818e-02,1.016183e-01,1.306013e-01,1.051367e-02,1.540329e-03,6.351288e-03,5.272375e-02,1.663409e-02
7.212830e-02,1.584241e-02,1.050079e-02,7.936370e-02,4.966612e-01,1.433636e-02,3.174689e-02,2.413534e-02,8.080449e-02,1.032906e-01,8.342370e-03,1.309330e-03,7.657253e-03,3.701106e-02,1.686996e-02
8.710740e-02,1.539985e-02,7.815615e-03,7.354190e-02,5.410649e-01,1.319276e-02,3.841927e-02,2.913556e-02,6.298191e-02,7.857692e-02,6.815418e-03,1.201400e-03,6.186295e-03,2.606581e-02,1.249508e-02
7.203190e-02,1.579943e-02,6.168841e-03,2.217993e-01,4.662192e-01,1.178685e-02,3.231658e-02,3.356573e-02,4.570111e-02,5.547505e-02,5.349202e-03,1.503219e-03,4.765002e-03,1.831354e-02,9.205174e-03
1.208303e-01,1.850731e-02,5.521618e-03,2.236710e-01,4.074129e-01,1.268780e-02,3.497060e-02,4.738882e-02,5.017129e-02,4.316839e-02,5.478172e-03,3.586391e-03,6.453665e-03,1.297508e-02,7.176699e-03
1.819358e-01,2.672899e-02,5.460130e-03,2.246042e-01,3.524479e-01,1.434158e-02,3.308481e-02,4.318824e-02,4.877821e-02,3.179023e-02,6.203253e-03,6.985167e-03,8.638263e-03,9.285892e-03,6.527353e-03
1.705408e-01,2.215305e-02,7.362197e-03,2.174557e-01,3.464136e-01,1.412158e-02,2.739345e-02,1.009487e-01,3.631575e-02,2.283713e-02,7.560437e-03,5.941489e-03,8.950924e-03,6.723248e-03,5.281962e-03
1.558479e-01,1.652477e-02,6.675717e-03,1.605529e-01,3.493617e-01,1.292059e-02,2.123787e-02,2.067085e-01,2.636935e-02,1.610130e-02,6.482113e-03,4.776971e-03,7.857211e-03,4.759992e-03,3.823111e-03
1.683585e-01,1.269241e-02,5.218554e-03,1.178370e-01,4.262341e-01,1.001830e-02,1.606823e-02,1.838134e-01,1.980055e-02,1.139291e-02,8.522806e-03,6.589347e-03,6.828683e-03,3.468241e-03,3.156972e-03
2.506354e-01,1.001077e-02,4.137170e-03,9.577964e-02,3.566962e-01,1.261279e-02,1.317969e-02,1.307205e-01,1.699314e-02,9.717016e-03,3.180904e-02,2.680864e-02,3.527400e-02,2.804576e-03,2.821372e-03
2.087704e-01,9.534399e-03,4.910106e-03,8.797765e-02,3.940985e-01,1.404525e-02,1.255963e-02,9.481114e-02,1.780492e-02,9.471694e-03,4.227117e-02,5.795291e-02,3.968193e-02,2.532069e-03,3.578207e-03
2.077966e-01,1.050994e-02,4.916426e-03,8.823898e-02,3.185275e-01,2.343131e-02,1.024452e-02,6.881770e-02,2.088279e-02,7.716173e-03,5.749875e-02,1.002499e-01,7.356635e-02,2.913518e-03,4.689483e-03
2.471866e-01,2.046795e-02,8.650098e-03,7.807359e-02,2.619312e-01,2.480526e-02,1.074074e-02,5.147677e-02,2.479856e-02,9.333819e-03,7.353675e-02,1.047949e-01,6.693462e-02,6.095123e-03,1.117405e-02
3.325615e-01,2.281462e-02,9.738251e-03,7.267192e-02,1.933079e-01,2.672259e-02,8.950206e-03,4.043940e-02,2.589035e-02,7.475425e-03,6.411139e-02,1.167111e-01,5.862244e-02,7.086570e-03,1.289634e-02
4.058925e-01,1.879433e-02,9.824338e-03,5.406400e-02,1.375787e-01,2.512828e-02,9.750279e-03,3.088450e-02,2.140956e-02,6.446808e-03,5.000450e-02,1.583100e-01,5.038578e-02,1.027369e-02,1.125276e-02
4.400171e-01,1.734195e-02,8.598148e-03,4.252703e-02,1.004485e-01,2.680604e-02,9.206047e-03,2.389212e-02,2.000744e-02,6.562167e-03,4.329204e-02,1.921156e-01,4.802998e-02,1.082886e-02,1.032696e-02
4.603485e-01,1.483211e-02,1.068486e-02,3.314567e-02,8.215291e-02,2.955177e-02,9.864413e-03,2.318648e-02,2.081945e-02,8.193476e-03,3.604358e-02,2.066738e-01,4.529477e-02,1.077686e-02,8.431306e-03
4.216668e-01,1.406182e-02,1.030385e-02,2.592202e-02,6.619165e-02,3.070094e-02,7.569869e-03,1.821941e-02,3.339808e-02,2.020843e-02,3.404744e-02,2.587570e-01,4.101872e-02,1.053417e-02,7.399836e-03
3.637373e-01,1.818225e-02,8.351456e-03,1.850669e-02,6.273793e-02,4.605746e-02,6.027153e-03,1.431528e-02,4.084279e-02,6.600812e-02,4.221279e-02,2.570500e-01,3.633575e-02,1.328131e-02,6.353744e-03
2.927150e-01,1.912504e-02,7.524353e-03,1.389700e-02,5.743547e-02,6.549034e-02,4.800642e-03,1.221240e-02,3.979599e-02,9.342167e-02,3.912716e-02,2.973354e-01,3.524687e-02,1.569200e-02,6.180706e-03
2.641740e-01,1.633406e-02,6.588290e-03,1.029869e-02,4.780383e-02,6.744452e-02,3.913462e-03,1.059212e-02,3.497749e-02,1.040772e-01,4.550240e-02,3.326667e-01,3.269129e-02,1.706237e-02,5.873594e-03
2.805596e-01,1.539791e-02,7.243675e-03,9.018256e-03,4.340025e-02,5.930439e-02,4.336511e-03,1.385467e-02,3.513356e-02,1.043121e-01,5.545431e-02,3.165719e-01,2.939500e-02,1.946457e-02,6.553310e-03
2.711637e-01,1.647972e-02,5.685669e-03,7.990814e-03,3.994809e-02,4.772205e-02,3.733253e-03,1.213698e-02,4.103063e-02,9.995842e-02,7.531029e-02,3.276048e-01,2.534340e-02,1.886366e-02,7.028466e-03
2.659929e-01,2.849865e-02,7.492666e-03,2.594909e-02,5.230767e-02,4.450220e-02,3.441588e-03,1.255048e-02,4.990786e-02,8.608421e-02,6.937940e-02,2.907500e-01,2.478044e-02,1.863011e-02,1.973267e-02
2.533066e-01,2.245707e-02,6.292693e-03,2.067721e-02,6.884331e-02,4.640570e-02,3.959779e-03,1.191749e-02,6.229062e-02,9.517378e-02,7.461663e-02,2.660393e-01,2.268622e-02,2.843261e-02,1.690095e-02
1.951906e-01,1.665375e-02,4.724365e-03,1.543592e-02,2.645360e-01,3.652487e-02,5.352528e-03,1.073003e-02,6.221155e-02,7.302280e-02,6.083243e-02,1.996778e-01,2.087825e-02,2.162088e-02,1.260819e-02
1.571196e-01,1.271925e-02,4.092135e-03,1.244707e-02,3.978598e-01,3.138778e-02,1.036392e-02,1.040070e-02,6.482139e-02,5.639220e-02,4.879913e-02,1.450655e-01,1.829121e-02,1.794165e-02,1.229852e-02
1.182241e-01,9.163998e-03,5.056194e-03,1.017149e-02,3.920821e-01,2.457323e-02,1.430782e-02,1.196200e-01,5.942664e-02,4.226522e-02,4.206026e-02,1.139655e-01,2.526602e-02,1.406133e-02,9.756074e-03
9.116954e-02,7.226868e-03,1.498664e-02,1.928865e-02,4.345929e-01,2.387742e-02,1.360841e-02,1.674621e-01,4.744479e-02,3.045111e-02,3.140437e-02,8.108264e-02,1.942372e-02,1.004066e-02,7.940242e-03
7.565065e-02,6.325984e-03,5.102847e-02,5.148787e-02,4.622853e-01,1.856775e-02,1.600437e-02,1.547773e-01,3.490566e-02,2.150435e-02,2.281716e-02,5.721185e-02,1.402618e-02,7.110687e-03,6.296369e-03
9.661075e-02,6.144307e-03,8.421355e-02,4.687800e-02,4.909481e-01,1.729254e-02,1.484068e-02,1.210918e-01,2.659539e-02,1.533373e-02,1.666899e-02,4.046045e-02,1.019295e-02,5.391882e-03,7.336819e-03
1.380208e-01,8.969860e-03,1.773686e-01,4.107475e-02,4.085341e-01,1.931141e-02,1.264861e-02,9.176859e-02,2.160570e-02,1.121917e-02,1.313953e-02,2.927037e-02,8.240016e-03,5.182392e-03,1.364602e-02
1.586545e-01,1.157420e-02,1.690845e-01,8.521034e-02,3.764740e-01,1.958591e-02,1.473651e-02,8.135016e-02,1.808828e-02,8.065465e-03,1.092419e-02,2.242221e-02,7.364271e-03,4.618316e-03,1.184715e-02
1.621826e-01,2.319981e-02,1.936923e-01,9.692302e-02,3.494189e-01,2.369531e-02,1.713734e-02,6.574608e-02,1.481957e-02,6.053081e-03,8.904853e-03,1.657161e-02,5.703392e-03,4.386472e-03,1.156565e-02
1.922313e-01,3.080728e-02,1.560185e-01,9.125046e-02,3.843853e-01,2.263212e-02,1.459653e-02,5.230363e-02,1.166042e-02,4.440532e-03,7.404308e-03,1.294427e-02,5.667490e-03,4.324367e-03,9.333473e-03
2.112459e-01,2.737401e-02,1.254158e-01,8.189341e-02,3.517839e-01,2.227652e-02,1.167865e-02,1.180533e-01,9.458578e-03,3.379303e-03,7.143539e-03,1.138021e-02,6.762808e-03,4.065862e-03,8.088168e-03
1.599948e-01,1.945553e-02,8.991094e-02,5.954691e-02,2.528299e-01,1.638843e-02,8.748600e-03,3.562697e-01,6.802313e-03,2.389588e-03,5.490886e-03,8.168627e-03,5.362315e-03,2.881670e-03,5.759882e-03
1.237427e-01,1.391741e-02,6.423230e-02,4.428395e-02,1.828437e-01,1.272470e-02,6.312659e-03,5.247210e-01,4.873834e-03,1.717294e-03,4.188249e-03,5.877097e-03,4.267976e-03,2.124007e-03,4.173090e-03
1.349800e-01,1.043569e-02,4.664395e-02,3.651897e-02,1.353522e-01,1.168690e-02,4.575073e-03,5.460373e-01,4.913075e-03,2.331667e-03,3.013856e-02,1.097159e-02,1.958224e-02,2.438189e-03,3.394691e-03
1.000554e-01,7.343048e-03,3.268770e-02,2.870092e-02,9.520835e-02,1.020156e-02,3.316139e-03,3.956073e-01,3.925349e-03,2.844531e-03,4.762535e-02,1.672695e-01,1.006743e-01,2.069287e-03,2.471331e-03
7.516074e-02,5.190807e-03,2.292293e-02,2.258307e-02,6.693685e-02,9.811359e-03,2.568764e-03,2.921142e-01,3.556854e-03,2.727851e-03,5.041049e-02,2.669437e-01,1.745768e-01,2.501054e-03,1.994603e-03
5.995315e-02,3.674915e-03,1.607091e-02,1.613792e-02,4.703521e-02,8.286502e-03,1.938826e-03,2.096263e-01,4.102700e-03,2.198181e-03,4.558723e-02,3.712550e-01,2.106792e-01,2.011740e-03,1.442321e-03
4.897640e-02,2.618419e-03,1.137709e-02,1.193179e-02,3.365191e-02,9.997282e-03,1.593497e-03,1.504275e-01,5.877765e-03,1.868595e-03,4.630220e-02,4.991218e-01,1.735302e-01,1.669193e-03,1.056477e-03
5.401156e-02,2.017014e-03,8.375105e-03,8.823220e-03,2.538048e-02,1.533857e-02,1.424828e-03,1.075203e-01,1.004441e-02,2.009464e-03,4.428423e-02,5.907521e-01,1.275160e-01,1.623250e-03,8.795478e-04
5.585618e-02,1.857395e-03,6.371014e-03,6.736424e-03,2.132386e-02,1.692556e-02,1.114003e-03,7.609422e-02,9.794293e-03,4.102022e-03,5.650575e-02,6.484354e-01,9.217226e-02,1.821528e-03,8.901539e-04
4.858381e-02,2.223907e-03,4.838305e-03,5.099293e-03,2.072975e-02,1.505972e-02,8.525364e-04,5.352801e-02,1.179461e-02,1.530624e-02,8.464848e-02,6.679157e-01,6.600125e-02,2.345458e-03,1.072990e-03
3.531674e-02,2.262340e-03,4.072662e-03,4.092995e-03,1.851107e-02,1.177680e-02,6.397075e-04,3.752222e-02,9.689459e-03,9.182537e-02,9.910407e-02,6.332554e-01,4.768239e-02,2.570506e-03,1.678245e-03
2.594204e-02,2.023133e-03,3.141361e-03,3.497424e-03,2.005275e-02,8.829356e-03,4.624856e-04,2.629306e-02,8.041569e-03,1.728428e-01,1.214970e-01,5.678258e-01,3.462129e-02,2.789141e-03,2.140793e-03
2.136252e-02,2.905395e-03,2.543587e-03,2.701171e-03,3.715259e-02,7.292324e-03,3.570866e-04,1.855732e-02,8.832498e-03,2.608365e-01,1.273299e-01,4.767316e-01,2.825595e-02,3.335086e-03,1.806335e-03
1.603045e-02,2.769675e-03,1.858365e-03,2.188121e-03,3.045893e-02,5.478898e-03,2.713618e-04,1.311285e-02,1.190179e-02,2.468587e-01,1.223898e-01,5.180452e-01,2.284169e-02,4.341980e-03,1.452198e-03
1.213026e-02,2.826143e-03,1.438725e-03,1.891411e-03,2.971432e-02,4.214399e-03,2.162522e-04,9.304720e-03,1.335172e-02,2.519841e-01,1.365508e-01,5.067680e-01,2.308393e-02,5.332257e-03,1.192921e-03
9.230718e-03,3.666715e-03,1.636474e-03,1.476516e-03,3.000486e-02,3.983223e-03,1.644487e-04,6.879694e-03,1.525802e-02,2.670307e-01,1.523558e-01,4.780619e-01,2.136366e-02,7.816954e-03,1.070301e-03
6.962048e-03,4.533500e-03,1.434112e-03,1.141697e-03,2.928981e-02,4.191140e-03,1.306064e-04,5.060190e-03,1.800949e-02,2.970383e-01,1.651433e-01,4.366236e-01,2.070700e-02,8.706495e-03,1.028614e-03
5.368712e-03,4.122165e-03,1.100090e-03,8.921408e-04,2.140824e-02,3.817738e-03,1.071795e-04,3.871359e-03,1.904091e-02,3.597398e-01,1.328382e-01,4.220986e-01,1.675336e-02,7.908011e-03,9.333695e-04
4.210213e-03,1.045968e-02,3.420535e-03,7.895307e-04,1.660259e-02,2.934282e-03,1.464438e-04,4.162913e-03,3.980816e-02,3.480752e-01,1.127625e-01,4.340948e-01,1.308954e-02,8.602857e-03,8.407487e-04
4.530605e-03,4.924845e-02,1.532714e-02,1.871209e-03,2.045362e-02,2.684759e-03,2.319733e-04,3.473351e-03,1.019393e-01,2.990619e-01,1.071936e-01,3.746815e-01,1.036356e-02,7.349052e-03,1.589989e-03
4.124817e-03,4.696306e-02,2.047362e-01,7.642153e-03,3.141249e-02,3.335456e-03,3.271777e-04,9.506566e-03,1.026436e-01,2.319576e-01,7.681463e-02,2.661620e-01,7.630927e-03,5.386519e-03,1.356830e-03
5.913079e-03,9.291314e-02,1.743098e-01,1.294608e-02,1.357490e-01,2.022095e-02,3.133550e-03,7.301375e-03,1.168089e-01,1.735115e-01,5.702242e-02,1.890983e-01,5.772920e-03,4.040939e-03,1.258074e-03
5.947509e-03,1.124480e-01,2.135848e-01,1.740358e-02,2.173768e-01,2.736751e-02,1.141397e-02,5.993010e-03,8.400885e-02,1.231375e-01,4.044766e-02,1.325451e-01,4.358600e-03,2.922989e-03,1.044061e-03
1.172882e-02,1.221105e-01,2.443188e-01,1.435389e-02,2.813930e-01,2.529111e-02,1.796311e-02,4.989014e-03,6.043001e-02,8.891572e-02,2.883244e-02,9.285610e-02,3.353685e-03,2.445789e-03,1.017994e-03
2.621015e-02,1.139103e-01,2.236856e-01,2.487551e-02,3.597909e-01,2.250504e-02,2.032563e-02,9.930355e-03,4.389494e-02,6.291767e-02,2.075735e-02,6.526703e-02,2.792041e-03,1.963568e-03,1.173967e-03
2.567562e-02,1.199919e-01,1.748510e-01,4.891928e-02,3.842127e-01,2.004810e-02,2.088953e-02,6.430733e-02,3.159168e-02,4.416819e-02,1.484459e-02,4.585021e-02,2.105294e-03,1.513005e-03,1.031621e-03
3.078719e-02,1.168679e-01,1.421451e-01,6.089950e-02,4.123187e-01,1.625363e-02,2.168108e-02,9.691218e-02,2.341238e-02,3.136360e-02,1.090698e-02,3.241473e-02,1.689991e-03,1.221145e-03,1.125796e-03
5.328644e-02,1.315559e-01,1.485327e-01,6.032187e-02,4.132308e-01,1.297709e-02,1.601336e-02,8.423428e-02,1.858403e-02,2.424715e-02,8.453125e-03,2.347710e-02,1.753368e-03,1.088022e-03,2.244697e-03
8.904008e-02,1.018187e-01,1.803874e-01,7.432520e-02,3.966091e-01,1.178383e-02,1.215029e-02,6.478325e-02,1.466895e-02,2.458645e-02,6.864950e-03,1.779244e-02,2.152662e-03,1.152942e-03,1.883738e-03
1.293835e-01,8.158886e-02,1.437809e-01,9.169309e-02,4.088928e-01,1.433079e-02,1.024536e-02,5.996461e-02,1.199568e-02,1.842770e-02,6.534628e-03,1.630729e-02,3.846798e-03,1.015440e-03,1.992642e-03
1.917008e-01,6.826583e-02,1.061358e-01,1.035124e-01,4.017092e-01,1.698882e-02,9.620216e-03,4.615824e-02,1.141503e-02,1.337786e-02,5.991376e-03,1.709881e-02,4.898498e-03,1.019265e-03,2.107877e-03
1.621353e-01,5.821897e-02,7.664860e-02,1.367041e-01,3.954837e-01,7.283626e-02,1.007464e-02,4.142858e-02,8.823456e-03,9.517346e-03,6.677283e-03,1.384439e-02,4.060091e-03,1.410879e-03,2.136437e-03
1.158914e-01,6.650818e-02,5.487140e-02,9.615643e-02,2.865019e-01,2.887245e-01,7.091987e-03,2.925736e-02,6.254542e-03,2.765423e-02,4.762307e-03,9.710397e-03,2.892961e-03,1.117442e-03,2.604881e-03
8.142968e-02,5.127924e-02,3.872593e-02,6.752889e-02,2.015420e-01,3.539861e-01,5.047822e-03,2.048817e-02,1.688166e-02,1.367965e-01,5.279479e-03,6.827227e-03,2.163989e-03,6.369448e-03,5.653867e-03
5.850743e-02,4.234969e-02,2.782691e-02,5.980784e-02,1.441940e-01,3.916582e-01,3.662299e-03,1.446352e-02,4.845534e-02,1.407118e-01,2.675718e-02,5.203967e-03,5.032879e-03,7.497407e-03,2.387160e-02
4.131176e-02,3.172267e-02,2.059255e-02,4.415722e-02,1.034892e-01,3.808019e-01,2.728267e-03,1.043912e-02,7.478906e-02,1.555431e-01,3.625829e-02,4.145864e-03,5.013659e-03,2.897398e-02,6.003340e-02
2.906549e-02,2.325530e-02,1.490086e-02,3.116273e-02,7.357641e-02,3.213177e-01,2.110397e-03,7.530745e-03,6.427515e-02,1.363959e-01,4.382458e-02,4.000402e-03,6.434602e-03,1.576455e-01,8.450425e-02
2.052685e-02,1.709692e-02,1.073271e-02,2.190174e-02,5.231212e-02,2.325136e-01,1.648084e-03,5.515005e-03,6.332366e-02,1.359891e-01,3.820625e-02,3.423519e-03,6.098300e-03,1.630932e-01,2.276189e-01
1.506913e-02,1.224334e-02,7.891215e-03,1.548792e-02,3.702962e-02,1.641794e-01,1.211635e-03,4.147831e-03,8.609686e-02,1.396741e-01,4.576378e-02,2.700100e-03,5.049317e-03,2.696018e-01,1.938540e-01
1.188892e-02,9.181185e-03,5.968928e-03,1.094976e-02,2.649771e-02,1.174652e-01,8.779510e-04,2.981788e-03,8.655682e-02,1.109397e-01,4.296481e-02,2.224606e-03,4.494714e-03,3.670036e-01,2.000043e-01
1.161764e-02,6.953829e-03,4.574772e-03,7.743154e-03,1.905715e-02,8.386191e-02,6.424902e-04,2.528552e-03,1.036886e-01,1.017161e-01,7.290484e-02,2.017377e-03,3.993575e-03,4.218081e-01,1.568920e-01
1.423439e-02,5.404520e-03,3.452712e-03,5.499043e-03,1.376786e-02,5.982196e-02,4.943813e-04,1.999975e-03,8.870493e-02,1.263940e-01,1.096229e-01,2.405318e-03,3.700615e-03,4.284111e-01,1.360863e-01
1.561981e-02,4.463922e-03,3.770464e-03,4.079750e-03,1.079736e-02,4.282429e-02,3.936763e-04,1.924925e-03,8.269944e-02,1.319868e-01,1.127346e-01,2.941651e-03,4.408189e-03,4.200093e-01,1.613458e-01
1.296816e-02,4.145044e-03,4.349457e-03,3.148389e-03,1.032293e-02,3.078020e-02,3.167407e-04,2.091638e-03,9.834316e-02,1.046224e-01,1.350662e-01,2.296120e-03,4.446552e-03,3.255939e-01,2.615091e-01
1.163122e-02,7.227499e-03,1.165405e-02,3.987418e-03,1.405596e-02,2.237139e-02,3.186235e-04,4.862024e-03,1.302386e-01,9.843221e-02,1.582928e-01,2.537191e-03,5.783082e-03,3.013043e-01,2.273037e-01
1.576225e-02,9.163389e-03,1.474663e-02,4.407588e-03,2.976169e-02,1.892017e-02,5.586608e-04,5.918324e-03,1.379014e-01,1.748610e-01,1.429508e-01,2.566549e-03,6.407920e-03,2.587013e-01,1.773723e-01
1.764265e-02,8.126209e-03,1.324779e-02,6.019153e-03,4.174614e-02,1.715912e-02,9.126343e-04,8.093728e-03,1.232665e-01,2.374512e-01,1.235950e-01,2.694377e-03,7.037711e-03,2.391292e-01,1.538786e-01
2.164631e-02,7.836610e-03,1.394954e-02,9.004973e-03,5.183111e-02,1.549453e-02,8.391513e-04,2.550570e-02,1.404828e-01,2.652291e-01,1.126296e-01,3.044664e-03,7.307981e-03,2.049650e-01,1.202329e-01
5.730863e-02,9.284791e-03,5.478694e-02,2.144224e-02,4.769311e-02,1.398794e-02,7.524731e-04,2.739952e-02,1.539979e-01,2.336792e-01,1.148230e-01,2.925182e-03,7.159361e-03,1.679305e-01,8.682925e-02
9.158802e-02,1.180163e-02,6.923844e-02,1.857335e-02,4.499988e-02,1.388492e-02,8.292782e-04,2.648430e-02,1.488044e-01,2.212904e-01,1.164881e-01,3.144911e-03,7.124968e-03,1.583634e-01,6.738412e-02
1.094254e-01,1.587065e-02,8.370897e-02,1.704364e-02,5.933908e-02,1.420391e-02,2.070730e-03,2.404669e-02,1.900968e-01,1.668364e-01,1.142546e-01,3.639879e-03,6.417510e-03,1.411657e-01,5.188008e-02
8.761106e-02,1.409678e-02,1.531750e-01,1.912126e-02,7.931525e-02,1.331991e-02,4.414239e-03,7.172151e-02,1.875675e-01,1.210546e-01,9.325735e-02,3.240272e-03,5.757339e-03,1.088719e-01,3.747607e-02
6.792379e-02,1.129733e-02,3.526627e-01,2.851323e-02,6.274592e-02,9.874018e-03,3.410824e-03,5.985250e-02,1.409165e-01,8.535875e-02,6.779522e-02,2.391496e-03,4.205039e-03,7.642585e-02,2.662682e-02
5.612991e-02,1.598364e-02,4.772669e-01,3.007143e-02,7.247835e-02,1.161093e-02,7.346331e-03,4.346242e-02,1.004208e-01,5.986740e-02,4.773055e-02,1.700453e-03,3.023271e-03,5.404303e-02,1.886456e-02
5.356726e-02,2.131222e-02,5.061124e-01,2.669052e-02,1.300243e-01,1.921199e-02,7.860105e-03,3.137017e-02,7.213978e-02,4.233044e-02,3.373434e-02,1.238432e-03,2.172584e-03,3.879856e-02,1.343684e-02
7.679971e-02,5.084248e-02,4.235976e-01,3.356268e-02,2.051947e-01,2.451257e-02,8.800274e-03,2.397945e-02,5.523710e-02,3.095954e-02,2.472392e-02,1.002713e-03,1.747967e-03,2.933371e-02,9.705600e-03
8.251764e-02,7.557496e-02,3.620661e-01,5.667460e-02,2.356285e-01,3.127094e-02,1.034196e-02,2.835536e-02,4.459802e-02,2.217969e-02,1.870626e-02,1.178900e-03,1.615791e-03,2.165884e-02,7.632508e-03
7.991025e-02,8.021381e-02,3.938285e-01,9.917651e-02,1.976685e-01,2.407625e-02,7.857568e-03,2.535370e-02,3.364976e-02,1.626570e-02,1.502408e-02,1.777032e-03,1.672426e-03,1.543246e-02,8.093581e-03
8.955660e-02,7.094839e-02,3.395748e-01,2.229904e-01,1.577077e-01,1.850734e-02,6.046153e-03,1.978307e-02,2.466669e-02,1.323054e-02,1.400788e-02,2.293665e-03,1.928879e-03,1.101636e-02,7.741584e-03
1.569904e-01,6.479189e-02,3.385569e-01,1.721219e-01,1.362430e-01,1.518042e-02,4.619375e-03,1.730564e-02,2.050365e-02,3.360982e-02,1.397301e-02,3.347228e-03,2.226421e-03,8.334764e-03,1.219565e-02
1.467109e-01,7.707019e-02,2.647150e-01,1.877918e-01,1.568458e-01,4.290290e-02,2.364625e-02,1.961490e-02,1.609774e-02,2.517357e-02,1.550505e-02,2.982016e-03,2.036044e-03,7.352417e-03,1.155548e-02
1.681224e-01,9.752460e-02,2.078857e-01,1.753425e-01,1.750586e-01,6.215066e-02,1.792788e-02,2.406770e-02,1.280443e-02,1.872438e-02,1.495590e-02,3.146570e-03,2.520455e-03,7.541514e-03,1.222678e-02
1.788732e-01,1.145813e-01,1.490002e-01,1.281830e-01,1.548135e-01,1.669692e-01,1.406938e-02,1.867858e-02,1.976232e-02,1.541123e-02,1.506757e-02,2.719005e-03,2.570978e-03,7.933442e-03,1.136720e-02
1.395680e-01,1.074696e-01,1.057754e-01,9.156409e-02,1.173878e-01,3.200771e-01,1.025710e-02,1.338193e-02,2.887907e-02,1.739949e-02,1.597218e-02,2.224898e-03,2.399971e-03,1.440449e-02,1.323902e-02
1.101876e-01,8.860289e-02,7.474266e-02,6.461984e-02,8.864463e-02,4.576573e-01,7.516584e-03,9.553826e-03,2.636792e-02,1.594827e-02,1.869991e-02,1.733004e-03,1.987549e-03,1.990192e-02,1.383615e-02
8.183571e-02,6.617309e-02,5.260321e-02,4.565316e-02,6.479003e-02,5.856272e-01,5.624897e-03,6.955871e-03,2.002478e-02,1.243714e-02,2.095421e-02,1.369797e-03,1.659518e-03,2.175510e-02,1.253633e-02
6.374083e-02,5.071670e-02,3.702513e-02,3.227685e-02,4.655391e-02,6.735232e-01,4.126741e-03,4.981000e-03,1.496793e-02,9.527499e-03,2.414143e-02,1.196730e-03,1.481442e-03,2.462085e-02,1.111979e-02
6.522167e-02,5.956569e-02,2.635204e-02,2.284472e-02,3.391946e-02,6.932096e-01,3.139333e-03,3.665102e-03,1.212321e-02,7.404905e-03,2.909994e-02,1.302084e-03,1.629096e-03,2.736732e-02,1.315585e-02
1.059466e-01,7.125676e-02,1.927329e-02,1.652756e-02,2.611100e-02,6.397142e-01,2.433456e-03,3.004237e-03,1.040640e-02,6.986252e-03,3.609002e-02,1.262537e-03,1.783014e-03,3.500672e-02,2.419800e-02
1.768881e-01,7.462995e-02,1.464154e-02,1.250692e-02,2.196537e-02,5.379306e-01,1.978959e-03,2.707300e-03,1.010508e-02,6.596955e-03,4.451871e-02,1.248948e-03,1.901813e-03,5.582341e-02,3.655639e-02
1.782588e-01,5.806134e-02,1.179304e-02,9.632086e-03,1.591549e-02,4.300761e-01,1.473890e-03,2.494562e-03,1.160123e-02,7.060072e-03,5.125739e-02,1.627077e-03,2.440156e-03,1.427847e-01,7.552406e-02
1.587988e-01,4.211362e-02,9.373804e-03,6.904663e-03,1.133656e-02,3.256797e-01,1.067186e-03,1.984626e-03,1.101176e-02,1.308153e-02,4.952858e-02,1.393202e-03,2.056388e-03,2.556452e-01,1.100242e-01
1.389798e-01,3.141003e-02,1.117307e-02,5.580609e-03,8.196404e-03,2.432176e-01,8.893551e-04,2.164256e-03,1.919318e-02,1.426866e-02,5.732711e-02,1.512968e-03,1.904490e-03,3.026750e-01,1.615075e-01
1.050916e-01,2.391268e-02,9.548469e-03,4.064027e-03,5.862770e-03,1.803940e-01,1.035425e-03,1.827344e-03,2.131121e-02,1.579291e-02,8.625251e-02,2.690873e-03,1.905661e-03,3.828230e-01,1.574875e-01
7.747146e-02,2.001422e-02,7.890150e-03,3.036159e-03,4.442888e-03,1.325902e-01,8.317242e-04,1.425995e-03,2.217176e-02,1.909621e-02,9.999043e-02,3.792827e-03,2.164503e-03,4.814237e-01,1.236576e-01
6.537248e-02,2.103690e-02,1.360033e-02,1.232645e-02,7.291043e-03,1.001821e-01,8.833502e-04,1.915936e-03,1.268467e-01,2.875790e-02,7.810481e-02,4.492705e-03,2.530071e-03,4.280854e-01,1.085738e-01
5.134437e-02,1.909335e-02,1.055160e-02,9.715654e-03,7.588577e-03,7.285287e-02,8.542829e-04,1.569070e-03,1.814556e-01,3.940357e-02,6.423210e-02,6.483729e-03,2.588036e-03,4.434800e-01,8.878709e-02
4.784753e-02,2.246397e-02,9.304344e-03,8.852027e-03,8.741298e-03,5.627235e-02,1.016712e-03,2.141534e-03,2.617353e-01,3.130577e-02,4.835494e-02,5.305333e-03,3.498581e-03,4.229503e-01,7.020988e-02
3.885275e-02,2.878324e-02,8.472227e-03,1.253101e-02,9.622941e-03,4.080620e-02,9.238129e-04,2.078639e-03,4.134000e-01,2.405575e-02,3.556772e-02,3.989944e-03,3.086046e-03,3.261596e-01,5.167015e-02
3.097814e-02,2.789515e-02,6.533979e-03,1.044721e-02,1.117023e-02,2.927369e-02,7.070542e-04,1.538695e-03,5.391578e-01,2.395733e-02,2.683496e-02,3.040078e-03,3.063334e-03,2.406267e-01,4.477554e-02
3.252546e-02,2.475978e-02,5.335476e-03,1.456295e-02,2.428983e-02,2.360489e-02,2.475682e-03,4.760335e-03,6.064920e-01,1.803093e-02,2.052262e-02,2.509007e-03,3.272895e-03,1.832580e-01,3.360007e-02
2.992224e-02,1.986359e-02,4.224098e-03,2.114287e-02,2.803791e-02,1.827511e-02,2.117269e-03,5.052082e-03,6.591450e-01,1.530668e-02,1.654181e-02,2.375286e-03,4.359623e-03,1.480879e-01,2.554849e-02
2.461090e-02,1.593620e-02,5.950696e-03,3.013124e-02,2.303526e-02,1.357056e-02,1.668557e-03,8.331274e-03,7.145905e-01,1.278550e-02,1.351372e-02,1.905717e-03,3.821366e-03,1.095864e-01,2.056216e-02
2.569313e-02,1.709585e-02,6.722716e-03,3.096219e-02,2.141433e-02,1.013078e-02,1.298127e-03,9.964217e-03,7.501118e-01,1.139717e-02,1.116963e-02,1.736575e-03,3.617727e-03,8.270056e-02,1.598518e-02
4.933793e-02,2.809529e-02,8.922473e-03,3.406822e-02,2.996335e-02,8.464197e-03,1.117094e-03,1.559121e-02,7.056425e-01,1.403070e-02,1.072526e-02,2.492823e-03,4.165436e-03,6.687704e-02,2.050641e-02
7.362790e-02,2.745648e-02,1.215447e-02,4.475796e-02,3.170867e-02,7.441447e-03,1.046924e-03,1.328021e-02,6.854279e-01,1.388337e-02,1.061220e-02,2.836944e-03,4.392753e-03,5.124170e-02,2.013108e-02
9.418267e-02,2.674022e-02,3.036853e-02,4.735121e-02,3.417005e-02,6.268837e-03,9.609562e-04,1.876996e-02,6.392604e-01,2.265175e-02,1.079147e-02,2.530346e-03,4.807693e-03,4.188978e-02,1.925606e-02
1.456796e-01,2.543374e-02,7.382955e-02,4.979164e-02,4.088229e-02,7.824739e-03,8.841774e-04,1.595621e-02,4.968243e-01,2.319064e-02,1.434681e-02,4.997171e-03,6.015345e-03,4.019200e-02,5.415170e-02
1.961621e-01,4.434179e-02,6.703244e-02,7.039215e-02,6.447902e-02,1.873083e-02,2.750232e-03,1.784746e-02,3.710494e-01,1.866849e-02,1.556633e-02,1.121803e-02,1.061243e-02,3.339122e-02,5.775798e-02
2.831389e-01,5.279722e-02,5.698711e-02,6.314258e-02,6.750537e-02,2.274923e-02,3.074467e-03,1.549372e-02,2.740359e-01,1.428949e-02,1.887424e-02,1.845477e-02,1.426644e-02,3.753500e-02,5.765551e-02
2.629760e-01,5.226722e-02,5.102846e-02,8.625109e-02,1.195843e-01,3.720014e-02,4.346808e-03,1.921453e-02,2.112757e-01,1.073929e-02,1.737307e-02,3.052592e-02,2.126894e-02,2.951697e-02,4.643153e-02
2.604017e-01,7.716143e-02,4.967985e-02,6.990544e-02,1.108627e-01,6.527095e-02,3.534760e-03,1.890481e-02,1.971419e-01,8.869475e-03,1.701128e-02,2.892562e-02,1.968716e-02,3.000501e-02,4.263791e-02
2.627540e-01,7.421464e-02,4.671033e-02,1.063698e-01,1.270699e-01,5.395768e-02,3.307855e-03,2.305318e-02,1.559459e-01,6.825851e-03,1.903962e-02,3.902243e-02,2.111482e-02,2.333116e-02,3.728285e-02
3.786844e-01,6.208604e-02,3.778163e-02,1.019231e-01,1.096775e-01,4.195533e-02,3.010785e-03,1.700770e-02,1.213268e-01,5.353254e-03,1.704710e-02,3.632543e-02,2.014723e-02,1.759448e-02,3.007923e-02
4.115052e-01,5.088218e-02,3.205648e-02,1.277935e-01,1.052218e-01,3.406446e-02,3.181083e-03,1.589946e-02,9.733833e-02,4.156844e-03,1.939411e-02,4.076212e-02,1.928653e-02,1.441731e-02,2.404065e-02
4.479434e-01,3.862994e-02,4.128787e-02,1.645592e-01,8.532842e-02,2.574814e-02,2.881064e-03,1.511334e-02,7.705362e-02,3.289642e-03,1.715378e-02,3.509225e-02,1.576070e-02,1.173724e-02,1.842150e-02
1.000000e+00,0.000000e+00,0.000000e+00,0.000000e+00,0.000000e+00,0.000000e+00,0.000000e+00,0.000000e+00,0.000000e+00,0.000000e+00,0.000000e+00,0.000000e+00,0.000000e+00,0.000000e+00,0.000000e+00
1.000000e+00,0.000000e+00,0.000000e+00,0.000000e+00,0.000000e+00,0.000000e+00,0.000000e+00,0.000000e+00,0.000000e+00,0.000000e+00,0.000000e+00,0.000000e+00,0.000000e+00,0.000000e+00,0.000000e+00
1.000000e+00,0.000000e+00,0.000000e+00,0.000000e+00,0.000000e+00,0.000000e+00,0.000000e+00,0.000000e+00,0.000000e+00,0.000000e+00,0.000000e+00,0.000000e+00,0.000000e+00,0.000000e+00,0.000000e+00
1.000000e+00,0.000000e+00,0.000000e+00,0.000000e+00,0.000000e+00,0.000000e+00,0.000000e+00,0.000000e+00,0.000000e+00,0.000000e+00,0.000000e+00,0.000000e+00,0.000000e+00,0.000000e+00,0.000000e+00
1.000000e+00,0.000000e+00,0.000000e+00,0.000000e+00,0.000000e+00,0.000000e+00,0.000000e+00,0.000000e+00,0.000000e+00,0.000000e+00,0.000000e+00,0.000000e+00,0.000000e+00,0.000000e+00,0.000000e+00
1.000000e+00,0.000000e+00,0.000000e+00,0.000000e+00,0.000000e+00,0.000000e+00,0.000000e+00,0.000000e+00,0.000000e+00,0.000000e+00,0.000000e+00,0.000000e+00,0.000000e+00,0.000000e+00,0.000000e+00
1.000000e+00,0.000000e+00,0.000000e+00,0.000000e+00,0.000000e+00,0.000000e+00,0.000000e+00,0.000000e+00,0.000000e+00,0.000000e+00,0.000000e+00,0.000000e+00,0.000000e+00,0.000000e+00,0.000000e+00
1.000000e+00,0.000000e+00,0.000000e+00,0.000000e+00,0.000000e+00,0.000000e+00,0.000000e+00,0.000000e+00,0.000000e+00,0.000000e+00,0.000000e+00,0.000000e+00,0.000000e+00,0.000000e+00,0.000000e+00
1.000000e+00,0.000000e+00,0.000000e+00,0.000000e+00,0.000000e+00,0.000000e+00,0.000000e+00,0.000000e+00,0.000000e+00,0.000000e+00,0.000000e+00,0.000000e+00,0.000000e+00,0.000000e+00,0.000000e+00
4.482623e-01,9.982879e-03,1.279417e-02,2.528875e-02,5.344777e-03,1.089349e-02,2.145733e-03,4.281742e-03,4.221643e-01,4.693857e-03,4.929168e-03,7.241249e-03,1.531270e-02,3.048743e-03,2.361600e-02
4.313131e-01,1.339960e-02,9.752818e-03,2.195113e-02,4.387795e-03,9.840475e-03,2.078729e-03,3.604631e-03,4.365914e-01,5.407482e-03,4.898077e-03,7.386759e-03,1.896479e-02,4.835427e-03,2.558772e-02
4.183534e-01,2.848972e-02,8.067221e-03,1.834404e-02,3.565962e-03,1.121990e-02,1.664711e-03,3.300635e-03,3.874325e-01,8.095666e-03,5.268820e-03,7.295387e-03,2.536610e-02,2.500738e-02,4.852851e-02
3.818401e-01,2.993593e-02,3.018900e-02,3.826335e-02,3.690870e-03,9.875834e-03,1.313570e-03,2.716236e-03,3.859171e-01,8.496982e-03,6.934832e-03,7.139483e-03,2.220585e-02,1.931943e-02,5.216143e-02
4.702348e-01,2.640614e-02,5.328029e-02,3.708030e-02,4.416062e-03,1.034648e-02,1.119487e-03,2.313542e-03,2.831265e-01,7.658089e-03,9.086317e-03,9.385295e-03,2.280270e-02,1.685811e-02,4.588591e-02
4.846518e-01,2.344653e-02,9.891295e-02,3.685371e-02,4.939308e-03,1.101944e-02,1.061334e-03,2.516303e-03,2.193718e-01,1.089217e-02,9.179677e-03,9.041085e-03,2.203106e-02,1.598090e-02,5.010194e-02
1.000000e+00,0.000000e+00,0.000000e+00,0.000000e+00,0.000000e+00,0.000000e+00,0.000000e+00,0.000000e+00,0.000000e+00,0.000000e+00,0.000000e+00,0.000000e+00,0.000000e+00,0.000000e+00,0.000000e+00
1.000000e+00,0.000000e+00,0.000000e+00,0.000000e+00,0.000000e+00,0.000000e+00,0.000000e+00,0.000000e+00,0.000000e+00,0.000000e+00,0.000000e+00,0.000000e+00,0.000000e+00,0.000000e+00,0.000000e+00
1.000000e+00,0.000000e+00,0.000000e+00,0.000000e+00,0.000000e+00,0.000000e+00,0.000000e+00,0.000000e+00,0.000000e+00,0.000000e+00,0.000000e+00,0.000000e+00,0.000000e+00,0.000000e+00,0.000000e+00
1.000000e+00,0.000000e+00,0.000000e+00,0.000000e+00,0.000000e+00,0.000000e+00,0.000000e+00,0.000000e+00,0.000000e+00,0.000000e+00,0.000000e+00,0.000000e+00,0.000000e+00,0.000000e+00,0.000000e+00
1.000000e+00,0.000000e+00,0.000000e+00,0.000000e+00,0.000000e+00,0.000000e+00,0.000000e+00,0.000000e+00,0.000000e+00,0.000000e+00,0.000000e+00,0.000000e+00,0.000000e+00,0.000000e+00,0.000000e+00
1.000000e+00,0.000000e+00,0.000000e+00,0.000000e+00,0.000000e+00,0.000000e+00,0.000000e+00,0.000000e+00,0.000000e+00,0.000000e+00,0.000000e+00,0.000000e+00,0.000000e+00,0.000000e+00,0.000000e+00
1.000000e+00,0.000000e+00,0.000000e+00,0.000000e+00,0.000000e+00,0.000000e+00,0.000000e+00,0.000000e+00,0.000000e+00,0.000000e+00,0.000000e+00,0.000000e+00,0.000000e+00,0.000000e+00,0.000000e+00
1.000000e+00,0.000000e+00,0.000000e+00,0.000000e+00,0.000000e+00,0.000000e+00,0.000000e+00,0.000000e+00,0.000000e+00,0.000000e+00,0.000000e+00,0.000000e+00,0.000000e+00,0.000000e+00,0.000000e+00
1.000000e+00,0.000000e+00,0.000000e+00,0.000000e+00,0.000000e+00,0.000000e+00,0.000000e+00,0.000000e+00,0.000000e+00,0.000000e+00,0.000000e+00,0.000000e+00,0.000000e+00,0.000000e+00,0.000000e+00
1.000000e+00,0.000000e+00,0.000000e+00,0.000000e+00,0.000000e+00,0.000000e+00,0.000000e+00,0.000000e+00,0.000000e+00,0.000000e+00,0.000000e+00,0.000000e+00,0.000000e+00,0.000000e+00,0.000000e+00
1.000000e+00,0.000000e+00,0.000000e+00,0.000000e+00,0.000000e+00,0.000000e+00,0.000000e+00,0.000000e+00,0.000000e+00,0.000000e+00,0.000000e+00,0.000000e+00,0.000000e+00,0.000000e+00,0.000000e+00
1.000000e+00,0.000000e+00,0.000000e+00,0.000000e+00,0.000000e+00,0.000000e+00,0.000000e+00,0.000000e+00,0.000000e+00,0.000000e+00,0.000000e+00,0.000000e+00,0.000000e+00,0.000000e+00,0.000000e+00
1.000000e+00,0.000000e+00,0.000000e+00,0.000000e+00,0.000000e+00,0.000000e+00,0.000000e+00,0.000000e+00,0.000000e+00,0.000000e+00,0.000000e+00,0.000000e+00,0.000000e+00,0.000000e+00,0.000000e+00
1.000000e+00,0.000000e+00,0.000000e+00,0.000000e+00,0.000000e+00,0.000000e+00,0.000000e+00,0.000000e+00,0.000000e+00,0.000000e+00,0.000000e+00,0.000000e+00,0.000000e+00,0.000000e+00,0.000000e+00
1.000000e+00,0.000000e+00,0.000000e+00,0.000000e+00,0.000000e+00,0.000000e+00,0.000000e+00,0.000000e+00,0.000000e+00,0.000000e+00,0.000000e+00,0.000000e+00,0.000000e+00,0.000000e+00,0.000000e+00
1.000000e+00,0.000000e+00,0.000000e+00,0.000000e+00,0.000000e+00,0.000000e+00,0.000000e+00,0.000000e+00,0.000000e+00,0.000000e+00,0.000000e+00,0.000000e+00,0.000000e+00,0.000000e+00,0.000000e+00
1.000000e+00,0.000000e+00,0.000000e+00,0.000000e+00,0.000000e+00,0.000000e+00,0.000000e+00,0.000000e+00,0.000000e+00,0.000000e+00,0.000000e+00,0.000000e+00,0.000000e+00,0.000000e+00,0.000000e+00
1.000000e+00,0.000000e+00,0.000000e+00,0.000000e+00,0.000000e+00,0.000000e+00,0.000000e+00,0.000000e+00,0.000000e+00,0.000000e+00,0.000000e+00,0.000000e+00,0.000000e+00,0.000000e+00,0.000000e+00
1.000000e+00,0.000000e+00,0.000000e+00,0.000000e+00,0.000000e+00,0.000000e+00,0.000000e+00,0.000000e+00,0.000000e+00,0.000000e+00,0.000000e+00,0.000000e+00,0.000000e+00,0.000000e+00,0.000000e+00
1.000000e+00,0.000000e+00,0.000000e+00,0.000000e+00,0.000000e+00,0.000000e+00,0.000000e+00,0.000000e+00,0.000000e+00,0.000000e+00,0.000000e+00,0.000000e+00,0.000000e+00,0.000000e+00,0.000000e+00
1.000000e+00,0.000000e+00,0.000000e+00,0.000000e+00,0.000000e+00,0.000000e+00,0.000000e+00,0.000000e+00,0.000000e+00,0.000000e+00,0.000000e+00,0.000000e+00,0.000000e+00,0.000000e+00,0.000000e+00
