1.000000e+00,0.000000e+00,0.000000e+00,0.000000e+00,0.000000e+00,0.000000e+00,0.000000e+00,0.000000e+00,0.000000e+00,0.000000e+00,0.000000e+00,0.000000e+00,0.000000e+00,0.000000e+00,0.000000e+00
1.000000e+00,0.000000e+00,0.000000e+00,0.000000e+00,0.000000e+00,0.000000e+00,0.000000e+00,0.000000e+00,0.000000e+00,0.000000e+00,0.000000e+00,0.000000e+00,0.000000e+00,0.000000e+00,0.000000e+00
1.000000e+00,0.000000e+00,0.000000e+00,0.000000e+00,0.000000e+00,0.000000e+00,0.000000e+00,0.000000e+00,0.000000e+00,0.000000e+00,0.000000e+00,0.000000e+00,0.000000e+00,0.000000e+00,0.000000e+00
1.000000e+00,0.000000e+00,0.000000e+00,0.000000e+00,0.000000e+00,0.000000e+00,0.000000e+00,0.000000e+00,0.000000e+00,0.000000e+00,0.000000e+00,0.000000e+00,0.000000e+00,0.000000e+00,0.000000e+00
1.000000e+00,0.000000e+00,0.000000e+00,0.000000e+00,0.000000e+00,0.000000e+00,0.000000e+00,0.000000e+00,0.000000e+00,0.000000e+00,0.000000e+00,0.000000e+00,0.000000e+00,0.000000e+00,0.000000e+00
1.000000e+00,0.000000e+00,0.000000e+00,0.000000e+00,0.000000e+00,0.000000e+00,0.000000e+00,0.000000e+00,0.000000e+00,0.000000e+00,0.000000e+00,0.000000e+00,0.000000e+00,0.000000e+00,0.000000e+00
1.000000e+00,0.000000e+00,0.000000e+00,0.000000e+00,0.000000e+00,0.000000e+00,0.000000e+00,0.000000e+00,0.000000e+00,0.000000e+00,0.000000e+00,0.000000e+00,0.000000e+00,0.000000e+00,0.000000e+00
1.000000e+00,0.000000e+00,0.000000e+00,0.000000e+00,0.000000e+00,0.000000e+00,0.000000e+00,0.000000e+00,0.000000e+00,0.000000e+00,0.000000e+00,0.000000e+00,0.000000e+00,0.000000e+00,0.000000e+00
1.000000e+00,0.000000e+00,0.000000e+00,0.000000e+00,0.000000e+00,0.000000e+00,0.000000e+00,0.000000e+00,0.000000e+00,0.000000e+00,0.000000e+00,0.000000e+00,0.000000e+00,0.000000e+00,0.000000e+00
1.000000e+00,0.000000e+00,0.000000e+00,0.000000e+00,0.000000e+00,0.000000e+00,0.000000e+00,0.000000e+00,0.000000e+00,0.000000e+00,0.000000e+00,0.000000e+00,0.000000e+00,0.000000e+00,0.000000e+00
1.000000e+00,0.000000e+00,0.000000e+00,0.000000e+00,0.000000e+00,0.000000e+00,0.000000e+00,0.000000e+00,0.000000e+00,0.000000e+00,0.000000e+00,0.000000e+00,0.000000e+00,0.000000e+00,0.000000e+00
1.000000e+00,0.000000e+00,0.000000e+00,0.000000e+00,0.000000e+00,0.000000e+00,0.000000e+00,0.000000e+00,0.000000e+00,0.000000e+00,0.000000e+00,0.000000e+00,0.000000e+00,0.000000e+00,0.000000e+00
1.000000e+00,0.000000e+00,0.000000e+00,0.000000e+00,0.000000e+00,0.000000e+00,0.000000e+00,0.000000e+00,0.000000e+00,0.000000e+00,0.000000e+00,0.000000e+00,0.000000e+00,0.000000e+00,0.000000e+00
1.000000e+00,0.000000e+00,0.000000e+00,0.000000e+00,0.000000e+00,0.000000e+00,0.000000e+00,0.000000e+00,0.000000e+00,0.000000e+00,0.000000e+00,0.000000e+00,0.000000e+00,0.000000e+00,0.000000e+00
1.000000e+00,0.000000e+00,0.000000e+00,0.000000e+00,0.000000e+00,0.000000e+00,0.000000e+00,0.000000e+00,0.000000e+00,0.000000e+00,0.000000e+00,0.000000e+00,0.000000e+00,0.000000e+00,0.000000e+00
1.000000e+00,0.000000e+00,0.000000e+00,0.000000e+00,0.000000e+00,0.000000e+00,0.000000e+00,0.000000e+00,0.000000e+00,0.000000e+00,0.000000e+00,0.000000e+00,0.000000e+00,0.000000e+00,0.000000e+00
1.000000e+00,0.000000e+00,0.000000e+00,0.000000e+00,0.000000e+00,0.000000e+00,0.000000e+00,0.000000e+00,0.000000e+00,0.000000e+00,0.000000e+00,0.000000e+00,0.000000e+00,0.000000e+00,0.000000e+00
3.721259e-01,7.277354e-03,5.818401e-03,3.078368e-02,8.940746e-03,2.224062e-02,2.993628e-02,4.827643e-01,2.566350e-03,9.462587e-04,3.679023e-03,1.471458e-02,1.154497e-02,1.078239e-03,5.583246e-03
2.615807e-01,5.428648e-03,5.400635e-03,2.213376e-02,8.584827e-03,1.620444e-02,2.651232e-02,6.250454e-01,1.842545e-03,6.930568e-04,2.794853e-03,1.047144e-02,8.396645e-03,8.590446e-04,4.051632e-03
1.849541e-01,4.885525e-03,1.032939e-02,1.642906e-02,7.006859e-03,1.364333e-02,2.170847e-02,7.185840e-01,1.716868e-03,9.017847e-04,2.320552e-03,7.480660e-03,6.176008e-03,8.002091e-04,3.063239e-03
1.319671e-01,4.011367e-03,9.651694e-03,1.264188e-02,9.301558e-03,1.098224e-02,1.740864e-02,7.851094e-01,1.698674e-03,1.199503e-03,2.311461e-03,5.548561e-03,4.743334e-03,6.819924e-04,2.742570e-03
9.306220e-02,3.032875e-03,1.273742e-02,1.113485e-02,1.209751e-02,7.957865e-03,1.267877e-02,8.318065e-01,2.153952e-03,1.172442e-03,1.941157e-03,3.962207e-03,3.546215e-03,5.701102e-04,2.145922e-03
6.547572e-02,2.148643e-03,1.707572e-02,8.752571e-03,9.950859e-03,5.666574e-03,9.286799e-03,8.698771e-01,1.573796e-03,1.052699e-03,1.482514e-03,2.821012e-03,2.814118e-03,4.227966e-04,1.599124e-03
4.640534e-02,1.534505e-03,1.621238e-02,7.592156e-03,8.800801e-03,4.104743e-03,7.393051e-03,8.986628e-01,1.178950e-03,9.507615e-04,1.165679e-03,2.037161e-03,2.423114e-03,3.278261e-04,1.210757e-03
3.386265e-02,1.127087e-03,1.342052e-02,6.998902e-03,8.905544e-03,3.290425e-03,5.930103e-03,9.151481e-01,1.341250e-03,1.790651e-03,1.310671e-03,1.791093e-03,3.844094e-03,2.710603e-04,9.678554e-04
2.771425e-02,9.057996e-04,9.916961e-03,5.435758e-03,2.209280e-02,3.220318e-03,4.401677e-03,9.041013e-01,1.494079e-03,1.369804e-03,2.759470e-03,3.814067e-03,1.169843e-02,3.074183e-04,7.678902e-04
2.933613e-02,1.100327e-03,7.738181e-03,5.507316e-03,4.984135e-02,4.831419e-03,3.326969e-03,8.435253e-01,2.308794e-03,1.195709e-03,4.899870e-03,2.661817e-02,1.858731e-02,5.265818e-04,6.565448e-04
3.106918e-02,1.068156e-03,5.681933e-03,1.201395e-02,3.927153e-02,5.634980e-03,2.535475e-03,6.447637e-01,6.484699e-03,1.154992e-03,1.692637e-02,1.891234e-01,4.085337e-02,2.682515e-03,7.356961e-04
2.597836e-02,1.471684e-03,4.503580e-03,1.430661e-02,2.896380e-02,5.196865e-03,1.922291e-03,4.756536e-01,6.870184e-03,1.938495e-03,2.900080e-02,3.561212e-01,3.525458e-02,1.207511e-02,7.427836e-04
3.365684e-02,1.349735e-03,3.475142e-03,1.151221e-02,2.101795e-02,4.353745e-03,1.602387e-03,3.417745e-01,7.649810e-03,1.507296e-03,2.674377e-02,4.846317e-01,4.492411e-02,1.491996e-02,8.808668e-04
9.240025e-02,1.974870e-03,3.269648e-03,2.408329e-02,1.998993e-02,4.428789e-03,1.252217e-03,2.495944e-01,1.225247e-02,1.863912e-03,9.284987e-02,4.353373e-01,4.052822e-02,1.702756e-02,3.147241e-03
1.985911e-01,3.015023e-03,3.286681e-03,2.561003e-02,1.813415e-02,4.418850e-03,1.131805e-03,1.823392e-01,1.427397e-02,2.556963e-03,1.024565e-01,3.879710e-01,3.454357e-02,1.845253e-02,3.218543e-03
2.463631e-01,3.276381e-03,3.215042e-03,2.182068e-02,1.390642e-02,4.558030e-03,1.285432e-03,1.349792e-01,1.600345e-02,3.997680e-03,1.059156e-01,3.874606e-01,3.143792e-02,2.237161e-02,3.408787e-03
3.027329e-01,4.324438e-03,5.093151e-03,2.678532e-02,1.317410e-02,5.513943e-03,1.327662e-03,1.003016e-01,2.815549e-02,5.005343e-03,9.325457e-02,3.513651e-01,3.017500e-02,2.773765e-02,5.053721e-03
3.788657e-01,1.027893e-02,1.169649e-02,2.437403e-02,2.662545e-02,1.137249e-02,1.566957e-03,9.434168e-02,2.725665e-02,5.273545e-03,8.194368e-02,2.672963e-01,2.656843e-02,2.770813e-02,4.831519e-03
4.722390e-01,1.026807e-02,1.481007e-02,1.922027e-02,2.692641e-02,2.215311e-02,1.615100e-03,7.278118e-02,2.140855e-02,8.380636e-03,7.516810e-02,2.009823e-01,2.057014e-02,2.812435e-02,5.352717e-03
1.000000e+00,0.000000e+00,0.000000e+00,0.000000e+00,0.000000e+00,0.000000e+00,0.000000e+00,0.000000e+00,0.000000e+00,0.000000e+00,0.000000e+00,0.000000e+00,0.000000e+00,0.000000e+00,0.000000e+00
4.761492e-01,1.479367e-02,1.584255e-02,5.321646e-02,3.445062e-02,4.787790e-02,1.788813e-03,4.339233e-02,1.489532e-02,7.309401e-03,6.230333e-02,1.814274e-01,1.781921e-02,2.139841e-02,7.335419e-03
4.833385e-01,1.391029e-02,1.508350e-02,6.339523e-02,3.177033e-02,5.073212e-02,2.058511e-03,3.399105e-02,1.237752e-02,6.710747e-03,5.195111e-02,1.944019e-01,1.588564e-02,1.645790e-02,7.935587e-03
1.000000e+00,0.000000e+00,0.000000e+00,0.000000e+00,0.000000e+00,0.000000e+00,0.000000e+00,0.000000e+00,0.000000e+00,0.000000e+00,0.000000e+00,0.000000e+00,0.000000e+00,0.000000e+00,0.000000e+00
4.695440e-01,2.343797e-02,1.715260e-02,5.180981e-02,6.843788e-02,6.199116e-02,3.332321e-03,2.428299e-02,5.268114e-02,1.399643e-02,5.449839e-02,1.190105e-01,1.369805e-02,1.447141e-02,1.165527e-02
4.019748e-01,3.702074e-02,1.423066e-02,3.921903e-02,6.991428e-02,5.673727e-02,4.181921e-03,2.206318e-02,1.550417e-01,1.511234e-02,5.734871e-02,8.988832e-02,1.293623e-02,1.271936e-02,1.161138e-02
3.057989e-01,3.708453e-02,1.062095e-02,2.923662e-02,6.930913e-02,4.942866e-02,3.931578e-03,1.587296e-02,3.283148e-01,1.193544e-02,4.403020e-02,6.461524e-02,1.049324e-02,9.147423e-03,1.018029e-02
2.453176e-01,5.116193e-02,8.012161e-03,2.541033e-02,6.674570e-02,4.290336e-02,3.822959e-03,1.156119e-02,4.282817e-01,9.847970e-03,3.303345e-02,4.690447e-02,8.703238e-03,6.797336e-03,1.149664e-02
1.841934e-01,4.801567e-02,7.816486e-03,4.054929e-02,7.562741e-02,3.721907e-02,3.664714e-03,1.333851e-02,5.042897e-01,7.442083e-03,2.406907e-02,3.334105e-02,6.807650e-03,4.871226e-03,8.754650e-03
1.582321e-01,5.132211e-02,9.673998e-03,6.011107e-02,1.244821e-01,4.871546e-02,9.230484e-03,1.924276e-02,4.524683e-01,6.200316e-03,1.869120e-02,2.393533e-02,6.172779e-03,3.568216e-03,7.953777e-03
1.591239e-01,4.139304e-02,7.714633e-03,4.890215e-02,1.719712e-01,5.025737e-02,9.509570e-03,1.633324e-02,4.417686e-01,5.959532e-03,1.562335e-02,1.745377e-02,5.229598e-03,2.596947e-03,6.163093e-03
1.461534e-01,4.627580e-02,8.979637e-03,1.100079e-01,1.855140e-01,8.239447e-02,1.676922e-02,2.124740e-02,3.327441e-01,5.109678e-03,1.531708e-02,1.653300e-02,4.892905e-03,2.412281e-03,5.649120e-03
1.736713e-01,5.057490e-02,1.153797e-02,1.370150e-01,1.566785e-01,7.574280e-02,1.630917e-02,2.714239e-02,2.805902e-01,5.831000e-03,1.814978e-02,3.014933e-02,7.045926e-03,2.520348e-03,7.041465e-03
1.278562e-01,3.599111e-02,9.277672e-03,1.124934e-01,2.173900e-01,5.503109e-02,1.261784e-02,1.681066e-01,2.093499e-01,4.137323e-03,1.402659e-02,2.134888e-02,5.567779e-03,1.824211e-03,4.981346e-03
1.297628e-01,2.596921e-02,7.802128e-03,8.284321e-02,3.718765e-01,4.098071e-02,9.493393e-03,1.349619e-01,1.476756e-01,3.262484e-03,1.793547e-02,1.615658e-02,5.521389e-03,1.679730e-03,4.078899e-03
1.414133e-01,1.923457e-02,7.876882e-03,6.909872e-02,4.176030e-01,3.137933e-02,7.272238e-03,1.204889e-01,1.045818e-01,3.892165e-03,4.590288e-02,1.570464e-02,8.672602e-03,2.531721e-03,4.347127e-03
1.491400e-01,1.731910e-02,6.404178e-03,1.145026e-01,3.254311e-01,2.546262e-02,7.817764e-03,9.240966e-02,7.847318e-02,5.566044e-03,8.766705e-02,4.465640e-02,3.623896e-02,3.651178e-03,5.260120e-03
1.774403e-01,1.382878e-02,5.110705e-03,1.001948e-01,2.380100e-01,2.326189e-02,6.038512e-03,6.648321e-02,5.919629e-02,8.010904e-03,1.617436e-01,6.974575e-02,6.174351e-02,3.956965e-03,5.234729e-03
2.087723e-01,1.133913e-02,4.531782e-03,7.903191e-02,1.802068e-01,2.449190e-02,6.523803e-03,4.945044e-02,4.835017e-02,1.404116e-02,1.513651e-01,1.307434e-01,6.945389e-02,1.649978e-02,5.198480e-03
1.861345e-01,8.897222e-03,3.622988e-03,5.905671e-02,1.302685e-01,3.631896e-02,5.075871e-03,3.530150e-02,4.108078e-02,4.587421e-02,1.936159e-01,1.612380e-01,6.258832e-02,2.543707e-02,5.489434e-03
1.746983e-01,8.606326e-03,1.040530e-02,4.643827e-02,9.412024e-02,5.722045e-02,3.978569e-03,2.955240e-02,3.866209e-02,5.165434e-02,2.293750e-01,1.694748e-01,5.377183e-02,2.718655e-02,4.855595e-03
1.504101e-01,1.072596e-02,8.191349e-03,3.494494e-02,7.478969e-02,5.087353e-02,2.980545e-03,2.176253e-02,5.096018e-02,6.679805e-02,2.520157e-01,1.748417e-01,4.860906e-02,4.638015e-02,5.716491e-03
1.584565e-01,1.129933e-02,7.346789e-03,2.705000e-02,5.679892e-02,4.452071e-02,2.846672e-03,1.870411e-02,4.642974e-02,6.351437e-02,2.340290e-01,2.224118e-01,4.870783e-02,5.107379e-02,6.810452e-03
2.276055e-01,1.759397e-02,8.014554e-03,2.219605e-02,4.662862e-02,4.000343e-02,2.754096e-03,1.687248e-02,4.357928e-02,6.226940e-02,1.793382e-01,2.039320e-01,4.942750e-02,6.964865e-02,1.013625e-02
1.858987e-01,2.104538e-02,8.460872e-03,1.641420e-02,4.040562e-02,3.482807e-02,2.166570e-03,1.420563e-02,5.518867e-02,1.315285e-01,1.383176e-01,1.682043e-01,4.172192e-02,1.242121e-01,1.740198e-02
1.776241e-01,2.174660e-02,8.531479e-03,1.303792e-02,3.669943e-02,3.401094e-02,1.705238e-03,1.291817e-02,8.226438e-02,1.402614e-01,1.114241e-01,1.344163e-01,3.896707e-02,1.665824e-01,1.981043e-02
1.584420e-01,3.049953e-02,9.778944e-03,1.170355e-02,3.520041e-02,2.923967e-02,1.344564e-03,1.274355e-02,1.120162e-01,1.407468e-01,9.657925e-02,1.207092e-01,3.214559e-02,1.913233e-01,1.752743e-02
1.241325e-01,4.165893e-02,8.454465e-03,8.930291e-03,3.614396e-02,2.393364e-02,1.073056e-03,1.065984e-02,1.387366e-01,2.138458e-01,8.077999e-02,9.045110e-02,2.543239e-02,1.815476e-01,1.421981e-02
1.079977e-01,5.920263e-02,1.216931e-02,1.406267e-02,6.049433e-02,1.910422e-02,1.320962e-03,1.477048e-02,1.727109e-01,2.218759e-01,6.766099e-02,6.791186e-02,2.005174e-02,1.478225e-01,1.284392e-02
8.390690e-02,6.515116e-02,9.386025e-03,1.227295e-02,4.885490e-02,1.523494e-02,1.092505e-03,1.228206e-02,2.540488e-01,2.484362e-01,5.533516e-02,5.885752e-02,1.760239e-02,1.069930e-01,1.054556e-02
6.691021e-02,6.953783e-02,6.950180e-03,9.755558e-03,3.851392e-02,1.295466e-02,9.011102e-04,1.091537e-02,3.355834e-01,2.487784e-01,4.790576e-02,4.960245e-02,1.602811e-02,7.721688e-02,8.446176e-03
4.871877e-02,6.179849e-02,5.134942e-03,7.108824e-03,4.052661e-02,9.879814e-03,1.213622e-03,1.642785e-02,4.747373e-01,1.920628e-01,3.426271e-02,3.540509e-02,1.207554e-02,5.455415e-02,6.093621e-03
3.482465e-02,5.178667e-02,3.790654e-03,5.551852e-03,4.478946e-02,7.990845e-03,1.195681e-03,2.198225e-02,5.880746e-01,1.391172e-01,2.443697e-02,2.505181e-02,8.715645e-03,3.830142e-02,4.390364e-03
2.518407e-02,4.491226e-02,2.794331e-03,4.234139e-03,4.221328e-02,7.446637e-03,1.309370e-03,2.131188e-02,6.812190e-01,9.838302e-02,1.719837e-02,1.757076e-02,6.233783e-03,2.686930e-02,3.119830e-03
1.992600e-02,3.959391e-02,2.309365e-03,4.307024e-03,6.009505e-02,6.461976e-03,1.321899e-03,3.532688e-02,7.106198e-01,6.982101e-02,1.219545e-02,1.236702e-02,4.439605e-03,1.894921e-02,2.265799e-03
1.884549e-02,3.972965e-02,2.654838e-03,5.843793e-03,1.199331e-01,5.176486e-03,2.234669e-03,7.411569e-02,6.441115e-01,5.118051e-02,8.671902e-03,8.777102e-03,3.241568e-03,1.370634e-02,1.777466e-03
4.344209e-02,4.472740e-02,5.155989e-03,6.710303e-03,1.469003e-01,6.442868e-03,1.819201e-03,6.514050e-02,6.107330e-01,4.156107e-02,6.244247e-03,6.933436e-03,2.606991e-03,9.926609e-03,1.656003e-03
6.141569e-02,4.525563e-02,4.517810e-03,1.135493e-02,1.509768e-01,6.462785e-03,1.894419e-03,6.369907e-02,5.981323e-01,3.330543e-02,4.793295e-03,6.459058e-03,2.552025e-03,7.512938e-03,1.667938e-03
6.687523e-02,3.848189e-02,5.072823e-03,1.026769e-01,1.906942e-01,5.264577e-03,1.853004e-03,1.035863e-01,4.384516e-01,2.655116e-02,4.098007e-03,6.983999e-03,2.221328e-03,5.324104e-03,1.864837e-03
5.274315e-02,2.710770e-02,3.711021e-03,7.340942e-02,2.902211e-01,3.835899e-03,1.413196e-03,2.070254e-01,3.073108e-01,1.860244e-02,3.019848e-03,4.927107e-03,1.628029e-03,3.730984e-03,1.313879e-03
4.787644e-02,1.918391e-02,3.039979e-03,5.192057e-02,3.493801e-01,2.834889e-03,1.071163e-03,2.852423e-01,2.155014e-01,1.306189e-02,2.565991e-03,3.509816e-03,1.258456e-03,2.621289e-03,9.319254e-04
6.954254e-02,1.364808e-02,2.459214e-03,3.827266e-02,4.214932e-01,2.894017e-03,1.189300e-03,2.730438e-01,1.510256e-01,9.313514e-03,9.492361e-03,3.259622e-03,1.312972e-03,1.895484e-03,1.157647e-03
7.607380e-02,9.648402e-03,2.010726e-03,2.949590e-02,4.538271e-01,2.556461e-03,1.207374e-03,2.894484e-01,1.062093e-01,6.735161e-03,1.566205e-02,2.880099e-03,1.227897e-03,1.357560e-03,1.659859e-03
7.694536e-02,6.811447e-03,1.493908e-03,3.291241e-02,5.043669e-01,1.982246e-03,1.218969e-03,2.719349e-01,7.528052e-02,4.785324e-03,1.550707e-02,2.841568e-03,1.286114e-03,9.850513e-04,1.648306e-03
8.279023e-02,4.926702e-03,1.196153e-03,4.793934e-02,5.622752e-01,1.785111e-03,1.459766e-03,2.212037e-01,5.353021e-02,3.429221e-03,1.333783e-02,2.670686e-03,1.310893e-03,7.577164e-04,1.387271e-03
9.888777e-02,3.851288e-03,9.911687e-04,7.626382e-02,5.656749e-01,2.043153e-03,2.192327e-03,1.897807e-01,3.854118e-02,2.527829e-03,1.243353e-02,3.386921e-03,1.572673e-03,6.066256e-04,1.246143e-03
1.075357e-01,8.311597e-03,1.248890e-03,1.790353e-01,4.882694e-01,4.181949e-03,3.028664e-03,1.403479e-01,3.098892e-02,2.499131e-03,2.160545e-02,7.361886e-03,3.234907e-03,6.139975e-04,1.736315e-03
7.686283e-02,1.380068e-02,1.144441e-03,4.003480e-01,3.455018e-01,3.075775e-03,2.170999e-03,9.864057e-02,2.211058e-02,1.916599e-03,2.464226e-02,5.455469e-03,2.529621e-03,4.601384e-04,1.340297e-03
5.804293e-02,1.147642e-02,3.141849e-03,4.842549e-01,2.443937e-01,2.500743e-03,1.627970e-03,7.012489e-02,1.636055e-02,2.728208e-03,9.503618e-02,4.917947e-03,2.621175e-03,4.918566e-04,2.280730e-03
5.441405e-02,1.712137e-02,1.342129e-02,3.547226e-01,1.729372e-01,4.440638e-03,1.420715e-03,5.040534e-02,3.723507e-02,6.030375e-03,2.126777e-01,6.432073e-03,7.154655e-03,3.848662e-02,2.310020e-02
6.329603e-02,1.682617e-02,1.415281e-02,2.703128e-01,1.225060e-01,1.035731e-02,1.375199e-03,3.730002e-02,5.981694e-02,8.241436e-03,2.860599e-01,1.184344e-02,1.790627e-02,4.398250e-02,3.602328e-02
6.776254e-02,2.097967e-02,1.804466e-02,2.112493e-01,8.697237e-02,1.129010e-02,1.243091e-03,2.718796e-02,1.816370e-01,9.733113e-03,2.314777e-01,1.493894e-02,2.261564e-02,4.720196e-02,4.766590e-02
1.091131e-01,2.032332e-02,1.495237e-02,1.501411e-01,6.296689e-02,1.421644e-02,1.030689e-03,1.955344e-02,1.585237e-01,9.314079e-03,1.804458e-01,1.339917e-02,1.945432e-02,1.520317e-01,7.453389e-02
1.518266e-01,1.718978e-02,2.138148e-02,1.145473e-01,4.867493e-02,1.386460e-02,1.118502e-03,1.499131e-02,1.867145e-01,1.107362e-02,1.334988e-01,1.348490e-02,1.648862e-02,1.909896e-01,6.415560e-02
1.282788e-01,2.622953e-02,3.659014e-02,8.808931e-02,4.237337e-02,1.116534e-02,1.639186e-03,1.235474e-02,2.654203e-01,1.750513e-02,9.879278e-02,1.107075e-02,1.472034e-02,1.630921e-01,8.267821e-02
1.071905e-01,2.440756e-02,2.947397e-02,6.291937e-02,3.225878e-02,8.731052e-03,1.368212e-03,9.114758e-03,2.823402e-01,1.962056e-02,7.184241e-02,8.643893e-03,1.220275e-02,1.611784e-01,1.687076e-01
9.009226e-02,2.058635e-02,3.065917e-02,4.582534e-02,2.384584e-02,7.383565e-03,1.093403e-03,6.626902e-03,2.477272e-01,7.283022e-02,5.234420e-02,6.937473e-03,1.032327e-02,1.503774e-01,2.333474e-01
1.295206e-01,2.124603e-02,2.434718e-02,3.783556e-02,2.011671e-02,7.482162e-03,1.668504e-03,6.107614e-03,2.262966e-01,6.892572e-02,4.654742e-02,7.213155e-03,1.705455e-02,1.359194e-01,2.497188e-01
1.672099e-01,4.844622e-02,1.967116e-02,3.351643e-02,1.682751e-02,7.407196e-03,1.565650e-03,6.396613e-03,1.999051e-01,6.642531e-02,3.960274e-02,7.672035e-03,1.441562e-02,1.306531e-01,2.402855e-01
1.321826e-01,8.573751e-02,1.754012e-02,9.292585e-02,1.281439e-02,6.512391e-03,1.234240e-03,5.629045e-03,2.307727e-01,5.180953e-02,3.089208e-02,6.135070e-03,1.130957e-02,9.419567e-02,2.203092e-01
1.431339e-01,9.308386e-02,1.450497e-02,8.694101e-02,1.143970e-02,7.072679e-03,1.102313e-03,5.004898e-03,2.460662e-01,4.037214e-02,2.965058e-02,6.904634e-03,1.088552e-02,7.316580e-02,2.306718e-01
1.472466e-01,7.905275e-02,1.332650e-02,1.291083e-01,1.569678e-02,7.886981e-03,1.434876e-03,3.674435e-02,2.612148e-01,3.099057e-02,2.819425e-02,7.145324e-03,1.038659e-02,5.384164e-02,1.777298e-01
1.446130e-01,6.528386e-02,1.137050e-02,9.826227e-02,2.116491e-02,1.199696e-02,1.319024e-03,1.467108e-01,2.725108e-01,2.245018e-02,2.207626e-02,6.032754e-03,9.221027e-03,3.872884e-02,1.282589e-01
1.273447e-01,5.083166e-02,9.020142e-03,7.106734e-02,2.156665e-02,1.046867e-02,1.201584e-03,3.224265e-01,2.218263e-01,1.599266e-02,1.636046e-02,5.270949e-03,7.977361e-03,2.763789e-02,9.100717e-02
1.037140e-01,4.012144e-02,6.817499e-03,5.042067e-02,2.000823e-02,8.126114e-03,1.036807e-03,4.857714e-01,1.662844e-01,1.133351e-02,1.175392e-02,4.020955e-03,5.975735e-03,2.001873e-02,6.459662e-02
7.764049e-02,2.974619e-02,5.654659e-03,3.595090e-02,2.232789e-02,6.674620e-03,1.007005e-03,6.181962e-01,1.191684e-01,8.097116e-03,8.428942e-03,3.110439e-03,4.491932e-03,1.409867e-02,4.540661e-02
5.740566e-02,2.147458e-02,4.553430e-03,2.542390e-02,1.963114e-02,5.663312e-03,8.128061e-04,7.203318e-01,8.572346e-02,5.720783e-03,5.971297e-03,2.262905e-03,3.265184e-03,9.922507e-03,3.183724e-02
4.206828e-02,1.558517e-02,3.433504e-03,1.789119e-02,1.622713e-02,4.275151e-03,7.450785e-04,7.960082e-01,6.223113e-02,4.038397e-03,4.213525e-03,1.617713e-03,2.348003e-03,7.009120e-03,2.230836e-02
4.167530e-02,1.453055e-02,2.890365e-03,1.285321e-02,1.413728e-02,3.294420e-03,8.681752e-04,8.265742e-01,5.342235e-02,2.900468e-03,3.035001e-03,1.284663e-03,1.717730e-03,4.995268e-03,1.582097e-02
6.425311e-02,1.448499e-02,2.624450e-03,9.788159e-03,1.702173e-02,3.167760e-03,1.183511e-03,8.134997e-01,5.133851e-02,2.184645e-03,2.276499e-03,1.400460e-03,1.467527e-03,3.652560e-03,1.165633e-02
8.516406e-02,1.131382e-02,2.881490e-03,7.923455e-03,2.018974e-02,3.365897e-03,1.469958e-03,8.038893e-01,4.572342e-02,1.662055e-03,1.825556e-03,1.788495e-03,1.352559e-03,2.658405e-03,8.791815e-03
1.129051e-01,9.458706e-03,2.949787e-03,6.222866e-03,1.974483e-02,3.476724e-03,1.763976e-03,7.885312e-01,4.002862e-02,1.345170e-03,1.429036e-03,1.998021e-03,1.366032e-03,1.961180e-03,6.818823e-03
1.369742e-01,8.375348e-03,2.999333e-03,5.250256e-03,2.179065e-02,3.413993e-03,2.147802e-03,7.720720e-01,3.328078e-02,1.303416e-03,1.226011e-03,2.423446e-03,1.546976e-03,1.484812e-03,5.710907e-03
2.370417e-01,7.879896e-03,4.094733e-03,7.294191e-03,2.187206e-02,6.177900e-03,2.199165e-03,6.637355e-01,2.751346e-02,1.707167e-03,2.172625e-03,6.513862e-03,2.694183e-03,1.745441e-03,7.358065e-03
3.380340e-01,7.662355e-03,4.171921e-03,1.022749e-02,1.820441e-02,8.945158e-03,2.095728e-03,5.572034e-01,2.189908e-02,1.897767e-03,3.501842e-03,1.131631e-02,4.030623e-03,1.990823e-03,8.819133e-03
3.937683e-01,7.748635e-03,4.998663e-03,1.120267e-02,1.454302e-02,8.924214e-03,2.384400e-03,5.042834e-01,1.618687e-02,2.867259e-03,4.448135e-03,1.323090e-02,4.148113e-03,2.111556e-03,9.153841e-03
4.561845e-01,6.997996e-03,6.489952e-03,1.132137e-02,1.254181e-02,7.786061e-03,2.333022e-03,4.495170e-01,1.245680e-02,3.275158e-03,4.361131e-03,1.206645e-02,4.325969e-03,2.194447e-03,8.148352e-03
3.732242e-01,5.679321e-02,1.287791e-02,1.092575e-01,3.685535e-02,1.201444e-02,2.591213e-03,3.287960e-01,1.120156e-02,9.763424e-03,9.485273e-03,1.657711e-02,8.891176e-03,2.144431e-03,9.527241e-03
3.667171e-01,5.118218e-02,3.759457e-02,1.317411e-01,3.546380e-02,1.394038e-02,3.394328e-03,2.704749e-01,9.514024e-03,1.235775e-02,1.418145e-02,2.705754e-02,1.368012e-02,2.138910e-03,1.056182e-02
3.809588e-01,4.914374e-02,4.604409e-02,1.245150e-01,3.090437e-02,1.682029e-02,3.819238e-03,2.171220e-01,1.127381e-02,1.697272e-02,1.736079e-02,4.523206e-02,2.134355e-02,2.707247e-03,1.578232e-02
4.368516e-01,3.964796e-02,4.187127e-02,1.030544e-01,2.692373e-02,1.651365e-02,3.475511e-03,1.752190e-01,1.363605e-02,2.019693e-02,1.816638e-02,5.340758e-02,2.744517e-02,3.124055e-03,2.046672e-02
4.681160e-01,3.488768e-02,4.170066e-02,1.098102e-01,2.434039e-02,2.243302e-02,4.542768e-03,1.367409e-01,1.389037e-02,1.593612e-02,1.818104e-02,6.021713e-02,2.742510e-02,2.908570e-03,1.887005e-02
1.000000e+00,0.000000e+00,0.000000e+00,0.000000e+00,0.000000e+00,0.000000e+00,0.000000e+00,0.000000e+00,0.000000e+00,0.000000e+00,0.000000e+00,0.000000e+00,0.000000e+00,0.000000e+00,0.000000e+00
1.000000e+00,0.000000e+00,0.000000e+00,0.000000e+00,0.000000e+00,0.000000e+00,0.000000e+00,0.000000e+00,0.000000e+00,0.000000e+00,0.000000e+00,0.000000e+00,0.000000e+00,0.000000e+00,0.000000e+00
1.000000e+00,0.000000e+00,0.000000e+00,0.000000e+00,0.000000e+00,0.000000e+00,0.000000e+00,0.000000e+00,0.000000e+00,0.000000e+00,0.000000e+00,0.000000e+00,0.000000e+00,0.000000e+00,0.000000e+00
1.000000e+00,0.000000e+00,0.000000e+00,0.000000e+00,0.000000e+00,0.000000e+00,0.000000e+00,0.000000e+00,0.000000e+00,0.000000e+00,0.000000e+00,0.000000e+00,0.000000e+00,0.000000e+00,0.000000e+00
1.000000e+00,0.000000e+00,0.000000e+00,0.000000e+00,0.000000e+00,0.000000e+00,0.000000e+00,0.000000e+00,0.000000e+00,0.000000e+00,0.000000e+00,0.000000e+00,0.000000e+00,0.000000e+00,0.000000e+00
1.000000e+00,0.000000e+00,0.000000e+00,0.000000e+00,0.000000e+00,0.000000e+00,0.000000e+00,0.000000e+00,0.000000e+00,0.000000e+00,0.000000e+00,0.000000e+00,0.000000e+00,0.000000e+00,0.000000e+00
1.000000e+00,0.000000e+00,0.000000e+00,0.000000e+00,0.000000e+00,0.000000e+00,0.000000e+00,0.000000e+00,0.000000e+00,0.000000e+00,0.000000e+00,0.000000e+00,0.000000e+00,0.000000e+00,0.000000e+00
1.000000e+00,0.000000e+00,0.000000e+00,0.000000e+00,0.000000e+00,0.000000e+00,0.000000e+00,0.000000e+00,0.000000e+00,0.000000e+00,0.000000e+00,0.000000e+00,0.000000e+00,0.000000e+00,0.000000e+00
1.000000e+00,0.000000e+00,0.000000e+00,0.000000e+00,0.000000e+00,0.000000e+00,0.000000e+00,0.000000e+00,0.000000e+00,0.000000e+00,0.000000e+00,0.000000e+00,0.000000e+00,0.000000e+00,0.000000e+00
4.505185e-01,9.892981e-02,8.593290e-02,8.090872e-02,7.139246e-02,3.567774e-02,1.142923e-02,1.498985e-02,2.926606e-02,9.374986e-03,1.723798e-02,2.346290e-02,1.778194e-02,8.415106e-03,4.468178e-02
3.954982e-01,1.299862e-01,9.225356e-02,7.001468e-02,7.826280e-02,3.280310e-02,1.098785e-02,1.339615e-02,4.430643e-02,1.258576e-02,1.362051e-02,1.952616e-02,1.531622e-02,7.725088e-03,6.371714e-02
3.305748e-01,1.519181e-01,7.909188e-02,1.180326e-01,6.270622e-02,2.781689e-02,1.009600e-02,1.170786e-02,3.596276e-02,1.625018e-02,1.156050e-02,1.853411e-02,1.373748e-02,7.087205e-03,1.049233e-01
4.143488e-01,1.252407e-01,5.993309e-02,1.134835e-01,5.974040e-02,2.564777e-02,1.060484e-02,9.925823e-03,3.256680e-02,1.232687e-02,1.054667e-02,1.908033e-02,1.581013e-02,6.098051e-03,8.464622e-02
4.116910e-01,1.046781e-01,4.476753e-02,1.581415e-01,7.722765e-02,2.824942e-02,1.658455e-02,1.036701e-02,2.583867e-02,9.001606e-03,1.013525e-02,2.001255e-02,1.573849e-02,5.114640e-03,6.245203e-02
4.966545e-01,8.963773e-02,3.712822e-02,1.355812e-01,6.698949e-02,2.351709e-02,1.269399e-02,8.722014e-03,2.188062e-02,6.621015e-03,9.688042e-03,1.976997e-02,1.628174e-02,4.972151e-03,4.986223e-02
1.000000e+00,0.000000e+00,0.000000e+00,0.000000e+00,0.000000e+00,0.000000e+00,0.000000e+00,0.000000e+00,0.000000e+00,0.000000e+00,0.000000e+00,0.000000e+00,0.000000e+00,0.000000e+00,0.000000e+00
1.000000e+00,0.000000e+00,0.000000e+00,0.000000e+00,0.000000e+00,0.000000e+00,0.000000e+00,0.000000e+00,0.000000e+00,0.000000e+00,0.000000e+00,0.000000e+00,0.000000e+00,0.000000e+00,0.000000e+00
4.797780e-01,5.985323e-02,2.220732e-02,1.134654e-01,4.759744e-02,9.656677e-02,6.223698e-03,5.235316e-02,1.802649e-02,6.458905e-03,1.560437e-02,2.159942e-02,1.405636e-02,1.064664e-02,3.556271e-02
3.624010e-01,4.357266e-02,1.897900e-02,9.692666e-02,3.581800e-02,2.099444e-01,4.752813e-03,5.042127e-02,6.025200e-02,2.071443e-02,2.541469e-02,1.670572e-02,1.464652e-02,9.683629e-03,2.976715e-02
2.626402e-01,3.125680e-02,1.392958e-02,8.458102e-02,2.567522e-02,1.761467e-01,3.697581e-03,4.535533e-02,1.822865e-01,4.473934e-02,5.740178e-02,1.283138e-02,1.786928e-02,1.327249e-02,2.831684e-02
2.104779e-01,2.402618e-02,1.139176e-02,8.354187e-02,1.947738e-02,1.464465e-01,2.886222e-03,4.017432e-02,2.532747e-01,4.604528e-02,8.183981e-02,1.150851e-02,2.128073e-02,1.825563e-02,2.937318e-02
2.144422e-01,2.091728e-02,3.649669e-02,7.870346e-02,1.785884e-02,1.345347e-01,5.756479e-03,6.829169e-02,1.968561e-01,6.545610e-02,8.137152e-02,1.312650e-02,2.045272e-02,1.849363e-02,2.724212e-02
1.624525e-01,1.797568e-02,3.345276e-02,5.733921e-02,1.518728e-02,1.015006e-01,4.506218e-03,5.004642e-02,1.446708e-01,1.945962e-01,9.971876e-02,1.138177e-02,2.355876e-02,4.104463e-02,4.256851e-02
1.674083e-01,1.614409e-02,2.559610e-02,4.469675e-02,1.401354e-02,7.381718e-02,3.713405e-03,3.895427e-02,1.081846e-01,1.552797e-01,1.420251e-01,9.564267e-03,2.227095e-02,1.251037e-01,5.322803e-02
1.774375e-01,1.249474e-02,1.930539e-02,3.495066e-02,1.088583e-02,5.388001e-02,2.852738e-03,2.885663e-02,8.459044e-02,1.137939e-01,1.595989e-01,8.352621e-03,1.732586e-02,2.238959e-01,5.177883e-02
1.558656e-01,9.860225e-03,1.492817e-02,3.125703e-02,8.348431e-03,4.140964e-02,2.197395e-03,2.121560e-02,7.561807e-02,9.085404e-02,1.720189e-01,8.021513e-03,1.479479e-02,2.989576e-01,5.465310e-02
1.134997e-01,7.633309e-03,1.320611e-02,2.426668e-02,6.371951e-03,3.183476e-02,1.781642e-03,1.527547e-02,1.255770e-01,1.151967e-01,1.414475e-01,1.644960e-02,1.447233e-02,3.161066e-01,5.688060e-02
9.315123e-02,7.355907e-03,1.420840e-02,2.058023e-02,5.769467e-03,2.687244e-02,1.794196e-03,1.148868e-02,1.052641e-01,9.565160e-02,1.410957e-01,1.706409e-02,1.858991e-02,3.246678e-01,1.164463e-01
7.813224e-02,6.265936e-03,1.108851e-02,1.630289e-02,5.309393e-03,2.124718e-02,1.577483e-03,8.497043e-03,9.001367e-02,9.181593e-02,1.421824e-01,1.864340e-02,2.310545e-02,3.330764e-01,1.527421e-01
5.713952e-02,1.041694e-02,1.025536e-02,1.183771e-02,8.841407e-03,2.000828e-02,1.498562e-03,6.659217e-03,8.732329e-02,8.421433e-02,1.146722e-01,1.452575e-02,1.993371e-02,3.345234e-01,2.181503e-01
4.629233e-02,1.043927e-02,1.127566e-02,1.066454e-02,1.872132e-02,1.697373e-02,2.017770e-03,9.233875e-03,9.222204e-02,7.319535e-02,1.108922e-01,1.120447e-02,1.750482e-02,3.593131e-01,2.100495e-01
7.811389e-02,1.020173e-02,1.457015e-02,9.826382e-03,2.031863e-02,1.599667e-02,3.497077e-03,1.010159e-02,8.197752e-02,9.494840e-02,9.912731e-02,1.003426e-02,1.805260e-02,3.307500e-01,2.024837e-01
7.232887e-02,1.123560e-02,3.241231e-02,1.007281e-02,2.163861e-02,1.212084e-02,2.798837e-03,9.187118e-03,8.712916e-02,1.854169e-01,8.052418e-02,8.841394e-03,1.577195e-02,2.972571e-01,1.532642e-01
7.115264e-02,1.593029e-02,7.045663e-02,1.319220e-02,2.696594e-02,1.070479e-02,2.760048e-03,1.472791e-02,9.234692e-02,1.895237e-01,7.391711e-02,8.044718e-03,1.389818e-02,2.841750e-01,1.122039e-01
6.374039e-02,4.911944e-02,1.042585e-01,1.306546e-02,4.317721e-02,1.401799e-02,2.565284e-03,1.918932e-02,1.157985e-01,1.625162e-01,6.631176e-02,6.137539e-03,1.199598e-02,2.456576e-01,8.244886e-02
5.640402e-02,5.037592e-02,1.566133e-01,1.598534e-02,3.724360e-02,1.286844e-02,2.426721e-03,2.657241e-02,1.712591e-01,1.376249e-01,5.061097e-02,4.414771e-03,9.274599e-03,2.018767e-01,6.644914e-02
4.368734e-02,3.812157e-02,2.916895e-01,3.445042e-02,2.992258e-02,9.381219e-03,1.895927e-03,2.686850e-02,1.742429e-01,1.118563e-01,3.582352e-02,3.130678e-03,6.647363e-03,1.430573e-01,4.922492e-02
3.500255e-02,3.202864e-02,2.309763e-01,2.605750e-02,3.274516e-02,6.948191e-03,1.460354e-03,2.608930e-01,1.261578e-01,7.893977e-02,2.524123e-02,2.212883e-03,4.772412e-03,1.019290e-01,3.463517e-02
2.717058e-02,2.468354e-02,1.728380e-01,1.886788e-02,3.192803e-02,5.231984e-03,1.158542e-03,4.550548e-01,8.899362e-02,5.533700e-02,1.775290e-02,1.562459e-03,3.390158e-03,7.172528e-02,2.430514e-02
2.246214e-02,1.808471e-02,1.245676e-01,1.397835e-02,4.312782e-02,4.734312e-03,1.242796e-03,5.864397e-01,6.277175e-02,3.881610e-02,1.251438e-02,1.109103e-03,2.519963e-03,5.056322e-02,1.706812e-02
1.693435e-02,1.298821e-02,8.867020e-02,9.995005e-03,3.976891e-02,3.685468e-03,1.021493e-03,6.966762e-01,4.417021e-02,2.718537e-02,8.776807e-03,7.798317e-04,1.791908e-03,3.559862e-02,1.195743e-02
1.282705e-02,9.337301e-03,6.272557e-02,7.179968e-03,3.384466e-02,2.750414e-03,8.176496e-04,7.789962e-01,3.102559e-02,1.904076e-02,6.162079e-03,5.534994e-04,1.302897e-03,2.504414e-02,8.392195e-03
1.041135e-02,6.689536e-03,4.483459e-02,5.244134e-03,2.518003e-02,2.278316e-03,6.416987e-04,8.402097e-01,2.180042e-02,1.333780e-02,4.370857e-03,4.304390e-04,1.014726e-03,1.763063e-02,5.925687e-03
8.755410e-03,4.781223e-03,3.192896e-02,3.855677e-03,1.863864e-02,1.824725e-03,5.039540e-04,8.843734e-01,1.531866e-02,9.340021e-03,3.079162e-03,3.211282e-04,7.455039e-04,1.236949e-02,4.164035e-03
7.535901e-03,3.435813e-03,2.297284e-02,2.781633e-03,1.413825e-02,1.404101e-03,4.071580e-04,9.153634e-01,1.079073e-02,6.552307e-03,2.185002e-03,2.459093e-04,5.563114e-04,8.699073e-03,2.931598e-03
7.494060e-03,2.454834e-03,1.663542e-02,2.028842e-03,1.054355e-02,1.159203e-03,3.205271e-04,9.367127e-01,7.615707e-03,4.598408e-03,1.565526e-03,2.057049e-04,4.203616e-04,6.165208e-03,2.080014e-03
8.821521e-03,1.768747e-03,1.184019e-02,1.475779e-03,8.052208e-03,1.056779e-03,2.922250e-04,9.504312e-01,5.440393e-03,3.230265e-03,1.143424e-03,2.248370e-04,3.422428e-04,4.379459e-03,1.500802e-03
2.376544e-02,1.435640e-03,8.452731e-03,1.407156e-03,7.327031e-03,1.219526e-03,2.538931e-04,9.431374e-01,4.284821e-03,2.275041e-03,1.012990e-03,7.789333e-04,3.483833e-04,3.090903e-03,1.210235e-03
3.092008e-02,1.075316e-03,6.024426e-03,1.668945e-03,5.740689e-03,1.210348e-03,2.032968e-04,9.428476e-01,3.181866e-03,1.605004e-03,9.921452e-04,1.052889e-03,3.499745e-04,2.181150e-03,9.463130e-04
5.580411e-02,1.405102e-03,4.957664e-03,6.261700e-03,1.153210e-02,7.043291e-03,2.504034e-04,9.012625e-01,3.514720e-03,1.187653e-03,1.395901e-03,2.321791e-03,4.712998e-04,1.607756e-03,9.839993e-04
7.625237e-02,2.646009e-03,5.015113e-03,3.642940e-02,1.391224e-02,9.384226e-03,2.813677e-04,8.127653e-01,2.858470e-02,1.722568e-03,3.352299e-03,4.475547e-03,1.297558e-03,1.303775e-03,2.577492e-03
7.578253e-02,2.526951e-02,6.263719e-03,1.354145e-01,2.102556e-02,1.125586e-02,2.764480e-04,6.218461e-01,8.192732e-02,2.034923e-03,8.462551e-03,4.269337e-03,1.936781e-03,1.215673e-03,3.019157e-03
9.112543e-02,4.143610e-02,1.103239e-02,2.287835e-01,1.974405e-02,1.139461e-02,2.803200e-04,4.601347e-01,8.218251e-02,4.090239e-03,3.421953e-02,4.981108e-03,4.280572e-03,1.729747e-03,4.585216e-03
1.171268e-01,3.947665e-02,1.485128e-02,1.913716e-01,1.496173e-02,1.020596e-02,2.502018e-04,3.409118e-01,1.410128e-01,6.684675e-03,8.832493e-02,6.433493e-03,7.909372e-03,9.718547e-03,1.076015e-02
1.093852e-01,3.073672e-02,1.166858e-02,1.388225e-01,1.207333e-02,7.610253e-03,2.318828e-04,2.440460e-01,3.270580e-01,8.181712e-03,7.157440e-02,5.357887e-03,1.051818e-02,1.083585e-02,1.189937e-02
1.367282e-01,2.248238e-02,9.252542e-03,9.948001e-02,9.730387e-03,8.390369e-03,3.574648e-04,1.766292e-01,3.581083e-01,7.086967e-03,1.122449e-01,5.253535e-03,1.540126e-02,1.923518e-02,1.961926e-02
1.002832e-01,1.616862e-02,7.087718e-03,7.350151e-02,7.528499e-03,6.313259e-03,3.148537e-04,1.244787e-01,5.233877e-01,5.987103e-03,8.199804e-02,4.230701e-03,1.483073e-02,1.725321e-02,1.663624e-02
1.085790e-01,1.434557e-02,6.103748e-03,5.370473e-02,6.981150e-03,7.620972e-03,6.447604e-04,8.894017e-02,5.697200e-01,1.316579e-02,6.159820e-02,3.290885e-03,1.221017e-02,2.778505e-02,2.530976e-02
1.153244e-01,1.334049e-02,5.666989e-03,4.585896e-02,7.251473e-03,8.670326e-03,1.747885e-03,6.740538e-02,6.023717e-01,1.297880e-02,4.710368e-02,3.013213e-03,9.917545e-03,3.377676e-02,2.557231e-02
1.061643e-01,1.429909e-02,8.075736e-03,3.610653e-02,5.756512e-03,7.106935e-03,1.554218e-03,4.883985e-02,6.417621e-01,1.210428e-02,3.494086e-02,2.365526e-03,8.229872e-03,2.898104e-02,4.371312e-02
1.244958e-01,1.404416e-02,9.944609e-03,2.656771e-02,5.228564e-03,7.253961e-03,1.986892e-03,3.543357e-02,5.481907e-01,1.557745e-02,2.951127e-02,2.176739e-03,7.697689e-03,4.307048e-02,1.288204e-01
1.250607e-01,6.029481e-02,1.577894e-02,4.694002e-02,8.356091e-03,8.177733e-03,2.508985e-03,2.624133e-02,5.233451e-01,1.257472e-02,2.539206e-02,3.675994e-03,7.221494e-03,3.423361e-02,1.001984e-01
1.245255e-01,4.949763e-02,1.592178e-02,3.456273e-02,6.840891e-03,9.026485e-03,1.945645e-03,1.878421e-02,4.981560e-01,2.390864e-02,2.656987e-02,3.250548e-03,8.906840e-03,3.821205e-02,1.398912e-01
1.108937e-01,4.287651e-02,1.491656e-02,2.662396e-02,5.482960e-03,8.821915e-03,1.513682e-03,1.377569e-02,5.463731e-01,2.579784e-02,2.470765e-02,3.113855e-03,1.001248e-02,3.048331e-02,1.346068e-01
1.326624e-01,4.201908e-02,1.969390e-02,2.998734e-02,5.361791e-03,1.334495e-02,1.363968e-03,1.073767e-02,5.260431e-01,2.289822e-02,2.607191e-02,4.923820e-03,1.299684e-02,2.672703e-02,1.251680e-01
1.616441e-01,4.572602e-02,1.578551e-02,2.877936e-02,7.159400e-03,1.494622e-02,1.193512e-03,8.508421e-03,4.397975e-01,2.266720e-02,2.471474e-02,6.265046e-03,1.493886e-02,2.864217e-02,1.792318e-01
1.473303e-01,4.207728e-02,5.341519e-02,4.247562e-02,1.020572e-02,1.309530e-02,1.254987e-03,7.702879e-03,3.762192e-01,1.830445e-02,2.143538e-02,5.401775e-03,1.318323e-02,2.406587e-02,2.238328e-01
1.481846e-01,3.656704e-02,1.789491e-01,4.528099e-02,1.139547e-02,1.098828e-02,1.139531e-03,6.118658e-03,3.059815e-01,2.171148e-02,1.677336e-02,4.927103e-03,1.164856e-02,2.001848e-02,1.803158e-01
1.979069e-01,3.430740e-02,1.608189e-01,5.223763e-02,1.973011e-02,9.924877e-03,1.081656e-03,5.805820e-03,2.737876e-01,2.227290e-02,1.557854e-02,5.979943e-03,1.365289e-02,1.800844e-02,1.689063e-01
2.824914e-01,3.171822e-02,1.536594e-01,4.684579e-02,2.568523e-02,1.188746e-02,1.652825e-03,1.086666e-02,2.087369e-01,2.124743e-02,1.482423e-02,6.091015e-03,1.278965e-02,2.088271e-02,1.506210e-01
3.618793e-01,3.334981e-02,1.337111e-01,4.086199e-02,3.578804e-02,1.435610e-02,2.833549e-03,1.558189e-02,1.543652e-01,1.791215e-02,1.272031e-02,5.927802e-03,1.174491e-02,2.332317e-02,1.356445e-01
3.020352e-01,6.589035e-02,1.839934e-01,8.770378e-02,4.208957e-02,1.444826e-02,3.439755e-03,2.080251e-02,1.149637e-01,1.353238e-02,9.952331e-03,5.483946e-03,9.308708e-03,1.693323e-02,1.094228e-01
2.525617e-01,6.332496e-02,2.636796e-01,1.317686e-01,4.145275e-02,1.388218e-02,3.709340e-03,1.934534e-02,8.696093e-02,1.096036e-02,7.536408e-03,4.163653e-03,6.857324e-03,1.219043e-02,8.160643e-02
2.928049e-01,5.896955e-02,2.221376e-01,1.225032e-01,7.356058e-02,2.942483e-02,6.134764e-03,2.017982e-02,6.800482e-02,8.774572e-03,6.388876e-03,3.541646e-03,7.081335e-03,9.910432e-03,7.058321e-02
2.345996e-01,5.460277e-02,1.897376e-01,2.815951e-01,6.278924e-02,2.188023e-02,4.827411e-03,1.595763e-02,5.344248e-02,6.802270e-03,6.082873e-03,3.371072e-03,5.459222e-03,7.141316e-03,5.171121e-02
2.092082e-01,4.648576e-02,1.797097e-01,3.560048e-01,4.861455e-02,1.721930e-02,3.604434e-03,1.263976e-02,5.289706e-02,7.900266e-03,8.650695e-03,3.422350e-03,4.576524e-03,5.460131e-03,4.360654e-02
2.815397e-01,4.398389e-02,1.622322e-01,3.015179e-01,6.061917e-02,1.493089e-02,3.329661e-03,2.131965e-02,4.091953e-02,6.346321e-03,8.395711e-03,4.730364e-03,6.945040e-03,5.325489e-03,3.786449e-02
3.655709e-01,4.394411e-02,1.273892e-01,2.430354e-01,6.341755e-02,2.501293e-02,4.364911e-03,2.805905e-02,3.069598e-02,5.123817e-03,7.830609e-03,1.245025e-02,8.226127e-03,4.405695e-03,3.047359e-02
4.748284e-01,3.669981e-02,9.574576e-02,1.890802e-01,5.572623e-02,2.373582e-02,4.591169e-03,3.259925e-02,2.339257e-02,3.935178e-03,7.413517e-03,1.593802e-02,8.604951e-03,3.708735e-03,2.400045e-02
3.904802e-01,3.147269e-02,7.104001e-02,1.408987e-01,5.458493e-02,1.921623e-02,8.128366e-03,2.166324e-01,1.706967e-02,2.926905e-03,6.159382e-03,1.262451e-02,8.111943e-03,2.815791e-03,1.783841e-02
2.979337e-01,2.338842e-02,5.144532e-02,1.025206e-01,4.288907e-02,1.425356e-02,7.643462e-03,4.094732e-01,1.210738e-02,2.101589e-03,4.957306e-03,9.491839e-03,6.980930e-03,2.046518e-03,1.276720e-02
2.309012e-01,1.719623e-02,3.767563e-02,7.441548e-02,3.206165e-02,1.233527e-02,7.294381e-03,5.498090e-01,8.546922e-03,1.524840e-03,3.693623e-03,7.281489e-03,6.393664e-03,1.544654e-03,9.325963e-03
2.301422e-01,1.266836e-02,2.806945e-02,5.512822e-02,2.377914e-02,1.287334e-02,5.585419e-03,5.506148e-01,6.532313e-03,4.683968e-03,1.765355e-02,2.525713e-02,1.629298e-02,3.078479e-03,7.640712e-03
2.050871e-01,1.021496e-02,2.115109e-02,5.280450e-02,1.809307e-02,1.231924e-02,4.549591e-03,4.531793e-01,6.030505e-03,7.204619e-03,2.693475e-02,1.138481e-01,5.559879e-02,4.674331e-03,8.310058e-03
2.198947e-01,7.694635e-03,1.856954e-02,4.028400e-02,1.370743e-02,9.765860e-03,4.082030e-03,3.351184e-01,5.886973e-03,9.528654e-03,5.194717e-02,1.374801e-01,1.258391e-01,1.107582e-02,9.125636e-03
2.663977e-01,8.294517e-03,3.737574e-02,4.052946e-02,1.177016e-02,1.040574e-02,3.979642e-03,2.462139e-01,8.454643e-03,8.384082e-03,4.760787e-02,1.414952e-01,1.411014e-01,1.487484e-02,1.311518e-02
