1.000000e+00,0.000000e+00,0.000000e+00,0.000000e+00,0.000000e+00,0.000000e+00,0.000000e+00,0.000000e+00,0.000000e+00,0.000000e+00,0.000000e+00,0.000000e+00,0.000000e+00,0.000000e+00,0.000000e+00
1.000000e+00,0.000000e+00,0.000000e+00,0.000000e+00,0.000000e+00,0.000000e+00,0.000000e+00,0.000000e+00,0.000000e+00,0.000000e+00,0.000000e+00,0.000000e+00,0.000000e+00,0.000000e+00,0.000000e+00
1.000000e+00,0.000000e+00,0.000000e+00,0.000000e+00,0.000000e+00,0.000000e+00,0.000000e+00,0.000000e+00,0.000000e+00,0.000000e+00,0.000000e+00,0.000000e+00,0.000000e+00,0.000000e+00,0.000000e+00
1.000000e+00,0.000000e+00,0.000000e+00,0.000000e+00,0.000000e+00,0.000000e+00,0.000000e+00,0.000000e+00,0.000000e+00,0.000000e+00,0.000000e+00,0.000000e+00,0.000000e+00,0.000000e+00,0.000000e+00
1.000000e+00,0.000000e+00,0.000000e+00,0.000000e+00,0.000000e+00,0.000000e+00,0.000000e+00,0.000000e+00,0.000000e+00,0.000000e+00,0.000000e+00,0.000000e+00,0.000000e+00,0.000000e+00,0.000000e+00
1.000000e+00,0.000000e+00,0.000000e+00,0.000000e+00,0.000000e+00,0.000000e+00,0.000000e+00,0.000000e+00,0.000000e+00,0.000000e+00,0.000000e+00,0.000000e+00,0.000000e+00,0.000000e+00,0.000000e+00
1.000000e+00,0.000000e+00,0.000000e+00,0.000000e+00,0.000000e+00,0.000000e+00,0.000000e+00,0.000000e+00,0.000000e+00,0.000000e+00,0.000000e+00,0.000000e+00,0.000000e+00,0.000000e+00,0.000000e+00
1.000000e+00,0.000000e+00,0.000000e+00,0.000000e+00,0.000000e+00,0.000000e+00,0.000000e+00,0.000000e+00,0.000000e+00,0.000000e+00,0.000000e+00,0.000000e+00,0.000000e+00,0.000000e+00,0.000000e+00
1.000000e+00,0.000000e+00,0.000000e+00,0.000000e+00,0.000000e+00,0.000000e+00,0.000000e+00,0.000000e+00,0.000000e+00,0.000000e+00,0.000000e+00,0.000000e+00,0.000000e+00,0.000000e+00,0.000000e+00
1.000000e+00,0.000000e+00,0.000000e+00,0.000000e+00,0.000000e+00,0.000000e+00,0.000000e+00,0.000000e+00,0.000000e+00,0.000000e+00,0.000000e+00,0.000000e+00,0.000000e+00,0.000000e+00,0.000000e+00
1.000000e+00,0.000000e+00,0.000000e+00,0.000000e+00,0.000000e+00,0.000000e+00,0.000000e+00,0.000000e+00,0.000000e+00,0.000000e+00,0.000000e+00,0.000000e+00,0.000000e+00,0.000000e+00,0.000000e+00
1.000000e+00,0.000000e+00,0.000000e+00,0.000000e+00,0.000000e+00,0.000000e+00,0.000000e+00,0.000000e+00,0.000000e+00,0.000000e+00,0.000000e+00,0.000000e+00,0.000000e+00,0.000000e+00,0.000000e+00
1.000000e+00,0.000000e+00,0.000000e+00,0.000000e+00,0.000000e+00,0.000000e+00,0.000000e+00,0.000000e+00,0.000000e+00,0.000000e+00,0.000000e+00,0.000000e+00,0.000000e+00,0.000000e+00,0.000000e+00
1.000000e+00,0.000000e+00,0.000000e+00,0.000000e+00,0.000000e+00,0.000000e+00,0.000000e+00,0.000000e+00,0.000000e+00,0.000000e+00,0.000000e+00,0.000000e+00,0.000000e+00,0.000000e+00,0.000000e+00
1.000000e+00,0.000000e+00,0.000000e+00,0.000000e+00,0.000000e+00,0.000000e+00,0.000000e+00,0.000000e+00,0.000000e+00,0.000000e+00,0.000000e+00,0.000000e+00,0.000000e+00,0.000000e+00,0.000000e+00
1.000000e+00,0.000000e+00,0.000000e+00,0.000000e+00,0.000000e+00,0.000000e+00,0.000000e+00,0.000000e+00,0.000000e+00,0.000000e+00,0.000000e+00,0.000000e+00,0.000000e+00,0.000000e+00,0.000000e+00
1.000000e+00,0.000000e+00,0.000000e+00,0.000000e+00,0.000000e+00,0.000000e+00,0.000000e+00,0.000000e+00,0.000000e+00,0.000000e+00,0.000000e+00,0.000000e+00,0.000000e+00,0.000000e+00,0.000000e+00
1.000000e+00,0.000000e+00,0.000000e+00,0.000000e+00,0.000000e+00,0.000000e+00,0.000000e+00,0.000000e+00,0.000000e+00,0.000000e+00,0.000000e+00,0.000000e+00,0.000000e+00,0.000000e+00,0.000000e+00
1.000000e+00,0.000000e+00,0.000000e+00,0.000000e+00,0.000000e+00,0.000000e+00,0.000000e+00,0.000000e+00,0.000000e+00,0.000000e+00,0.000000e+00,0.000000e+00,0.000000e+00,0.000000e+00,0.000000e+00
1.000000e+00,0.000000e+00,0.000000e+00,0.000000e+00,0.000000e+00,0.000000e+00,0.000000e+00,0.000000e+00,0.000000e+00,0.000000e+00,0.000000e+00,0.000000e+00,0.000000e+00,0.000000e+00,0.000000e+00
1.000000e+00,0.000000e+00,0.000000e+00,0.000000e+00,0.000000e+00,0.000000e+00,0.000000e+00,0.000000e+00,0.000000e+00,0.000000e+00,0.000000e+00,0.000000e+00,0.000000e+00,0.000000e+00,0.000000e+00
1.000000e+00,0.000000e+00,0.000000e+00,0.000000e+00,0.000000e+00,0.000000e+00,0.000000e+00,0.000000e+00,0.000000e+00,0.000000e+00,0.000000e+00,0.000000e+00,0.000000e+00,0.000000e+00,0.000000e+00
1.000000e+00,0.000000e+00,0.000000e+00,0.000000e+00,0.000000e+00,0.000000e+00,0.000000e+00,0.000000e+00,0.000000e+00,0.000000e+00,0.000000e+00,0.000000e+00,0.000000e+00,0.000000e+00,0.000000e+00
1.000000e+00,0.000000e+00,0.000000e+00,0.000000e+00,0.000000e+00,0.000000e+00,0.000000e+00,0.000000e+00,0.000000e+00,0.000000e+00,0.000000e+00,0.000000e+00,0.000000e+00,0.000000e+00,0.000000e+00
1.000000e+00,0.000000e+00,0.000000e+00,0.000000e+00,0.000000e+00,0.000000e+00,0.000000e+00,0.000000e+00,0.000000e+00,0.000000e+00,0.000000e+00,0.000000e+00,0.000000e+00,0.000000e+00,0.000000e+00
1.000000e+00,0.000000e+00,0.000000e+00,0.000000e+00,0.000000e+00,0.000000e+00,0.000000e+00,0.000000e+00,0.000000e+00,0.000000e+00,0.000000e+00,0.000000e+00,0.000000e+00,0.000000e+00,0.000000e+00
1.000000e+00,0.000000e+00,0.000000e+00,0.000000e+00,0.000000e+00,0.000000e+00,0.000000e+00,0.000000e+00,0.000000e+00,0.000000e+00,0.000000e+00,0.000000e+00,0.000000e+00,0.000000e+00,0.000000e+00
1.000000e+00,0.000000e+00,0.000000e+00,0.000000e+00,0.000000e+00,0.000000e+00,0.000000e+00,0.000000e+00,0.000000e+00,0.000000e+00,0.000000e+00,0.000000e+00,0.000000e+00,0.000000e+00,0.000000e+00
1.000000e+00,0.000000e+00,0.000000e+00,0.000000e+00,0.000000e+00,0.000000e+00,0.000000e+00,0.000000e+00,0.000000e+00,0.000000e+00,0.000000e+00,0.000000e+00,0.000000e+00,0.000000e+00,0.000000e+00
1.000000e+00,0.000000e+00,0.000000e+00,0.000000e+00,0.000000e+00,0.000000e+00,0.000000e+00,0.000000e+00,0.000000e+00,0.000000e+00,0.000000e+00,0.000000e+00,0.000000e+00,0.000000e+00,0.000000e+00
1.000000e+00,0.000000e+00,0.000000e+00,0.000000e+00,0.000000e+00,0.000000e+00,0.000000e+00,0.000000e+00,0.000000e+00,0.000000e+00,0.000000e+00,0.000000e+00,0.000000e+00,0.000000e+00,0.000000e+00
4.970674e-01,3.481973e-02,7.600291e-03,5.105848e-02,2.676396e-02,3.633599e-02,4.128980e-03,1.027308e-02,1.239854e-02,1.893462e-01,2.368754e-02,2.219211e-02,3.705372e-02,3.700463e-03,4.357347e-02
3.842620e-01,2.685938e-02,5.948257e-03,4.268378e-02,2.302450e-02,2.749097e-02,4.185854e-03,7.551244e-03,1.310249e-02,2.906136e-01,2.992890e-02,2.694317e-02,5.847000e-02,5.646530e-03,5.328932e-02
3.113638e-01,3.080060e-02,6.348883e-03,5.647817e-02,1.861968e-02,2.109127e-02,4.245644e-03,8.979518e-03,5.113190e-02,2.467145e-01,3.181063e-02,2.727670e-02,6.901252e-02,6.152953e-03,1.099732e-01
2.441670e-01,2.918737e-02,6.808954e-03,5.965894e-02,1.417362e-02,1.756128e-02,3.339898e-03,7.996750e-03,6.633605e-02,2.205740e-01,3.344715e-02,3.539559e-02,7.578289e-02,1.299175e-02,1.725788e-01
1.818796e-01,2.417527e-02,7.636222e-03,4.375695e-02,1.191924e-02,1.387436e-02,2.525421e-03,7.943973e-03,1.856363e-01,2.070192e-01,4.180827e-02,2.840702e-02,7.405663e-02,3.069099e-02,1.386706e-01
1.813883e-01,2.622945e-02,7.532504e-03,3.989625e-02,2.598047e-02,1.201312e-02,2.268944e-03,1.558002e-02,1.974028e-01,1.745551e-01,4.453116e-02,2.340148e-02,7.120893e-02,5.933360e-02,1.186779e-01
2.744246e-01,2.614220e-02,8.000510e-03,3.542760e-02,3.211123e-02,1.310390e-02,2.496876e-03,1.540479e-02,1.781961e-01,1.439832e-01,3.680646e-02,1.946928e-02,5.918201e-02,5.487933e-02,1.003718e-01
2.659244e-01,2.614978e-02,8.324726e-03,2.634097e-02,3.501093e-02,1.402918e-02,2.379656e-03,1.247159e-02,1.523276e-01,1.289540e-01,3.109201e-02,1.690591e-02,4.629158e-02,6.528591e-02,1.685118e-01
2.173309e-01,2.216043e-02,9.768884e-03,2.025030e-02,2.695315e-02,1.457851e-02,2.738050e-03,1.010336e-02,2.153479e-01,1.129299e-01,4.090764e-02,1.599348e-02,4.737736e-02,7.605065e-02,1.675095e-01
1.757639e-01,1.828980e-02,1.735491e-02,1.573714e-02,2.228115e-02,1.265786e-02,2.341700e-03,8.498520e-03,2.493890e-01,1.041134e-01,5.467190e-02,1.501605e-02,5.398387e-02,8.421207e-02,1.656887e-01
1.604195e-01,1.455941e-02,1.870136e-02,1.186066e-02,1.881670e-02,1.167208e-02,2.043083e-03,7.660106e-03,2.330398e-01,1.570545e-01,5.779698e-02,1.294553e-02,5.935933e-02,7.927176e-02,1.547992e-01
1.660175e-01,1.550591e-02,2.655608e-02,1.102654e-02,1.801540e-02,9.337436e-03,1.653884e-03,7.743169e-03,2.619381e-01,1.335165e-01,5.119272e-02,1.063513e-02,5.540706e-02,1.029155e-01,1.285391e-01
1.445910e-01,1.873089e-02,3.413739e-02,9.231848e-03,2.001678e-02,8.109324e-03,1.587870e-03,9.552684e-03,2.238640e-01,1.094516e-01,5.075577e-02,8.985660e-03,5.084999e-02,1.403708e-01,1.697643e-01
1.408751e-01,2.318995e-02,6.117508e-02,7.907880e-03,2.477551e-02,8.017375e-03,1.727235e-03,1.488531e-02,2.095736e-01,1.023157e-01,4.728834e-02,7.391431e-03,4.175843e-02,1.515726e-01,1.575465e-01
1.312484e-01,3.171985e-02,1.011771e-01,1.033625e-02,7.915641e-02,2.401051e-02,2.042755e-03,1.935406e-02,1.729193e-01,1.006295e-01,4.016207e-02,5.548795e-03,3.095294e-02,1.286630e-01,1.220790e-01
1.564295e-01,5.898819e-02,1.002792e-01,1.499676e-02,1.272448e-01,5.405956e-02,3.267175e-03,1.698991e-02,1.324381e-01,8.442804e-02,3.178222e-02,4.281081e-03,2.263324e-02,9.833118e-02,9.385105e-02
1.560189e-01,7.604265e-02,9.048024e-02,3.994143e-02,1.527427e-01,1.036158e-01,6.031242e-03,1.820668e-02,9.951501e-02,6.487058e-02,2.330885e-02,3.150542e-03,1.738350e-02,7.143410e-02,7.725775e-02
1.350124e-01,8.819582e-02,7.303701e-02,4.501396e-02,2.111276e-01,1.542624e-01,9.982350e-03,1.594400e-02,7.444029e-02,4.803719e-02,1.694096e-02,2.258606e-03,1.258628e-02,5.141305e-02,6.174815e-02
1.008616e-01,1.514293e-01,6.129200e-02,1.629705e-01,1.520322e-01,1.086570e-01,7.110135e-03,1.140444e-02,5.583801e-02,3.552634e-02,1.218511e-02,1.937017e-03,9.032911e-03,3.608681e-02,9.363665e-02
9.512217e-02,1.290181e-01,1.026139e-01,2.637238e-01,1.269955e-01,8.081540e-02,6.413961e-03,1.115391e-02,4.377172e-02,2.637452e-02,9.316188e-03,1.825589e-03,6.780793e-03,2.541598e-02,7.065850e-02
1.170576e-01,1.510752e-01,9.030917e-02,2.277443e-01,1.578703e-01,7.560554e-02,1.226784e-02,1.674899e-02,4.216159e-02,2.002669e-02,7.362981e-03,2.048555e-03,5.633972e-03,1.823935e-02,5.584795e-02
1.185258e-01,1.098490e-01,7.432523e-02,1.727345e-01,2.109420e-01,6.086018e-02,3.259403e-02,1.066077e-01,3.135169e-02,1.423625e-02,6.557319e-03,1.951452e-03,6.558781e-03,1.288236e-02,4.002371e-02
1.208258e-01,7.950715e-02,5.625536e-02,1.253697e-01,3.280317e-01,5.284363e-02,4.090728e-02,8.762143e-02,2.315696e-02,1.252207e-02,1.462584e-02,2.107269e-03,1.064346e-02,1.120924e-02,3.437310e-02
1.299620e-01,5.665660e-02,4.120333e-02,9.108146e-02,3.557275e-01,4.183852e-02,5.096370e-02,6.760316e-02,1.783975e-02,1.814246e-02,5.411090e-02,1.069000e-02,1.378819e-02,1.838260e-02,3.200977e-02
1.302734e-01,4.111275e-02,3.306573e-02,7.383471e-02,3.145747e-01,3.612132e-02,8.176288e-02,4.839477e-02,1.712586e-02,2.124859e-02,6.710123e-02,4.332529e-02,5.155200e-02,1.387673e-02,2.663007e-02
1.174723e-01,3.024219e-02,2.444191e-02,6.537060e-02,2.575342e-01,3.872048e-02,1.055175e-01,3.446182e-02,1.554702e-02,2.187724e-02,8.420387e-02,9.207365e-02,7.793327e-02,1.093753e-02,2.366646e-02
1.165013e-01,2.163091e-02,1.745753e-02,4.902738e-02,1.908575e-01,6.500030e-02,8.239514e-02,2.427869e-02,1.393948e-02,1.760724e-02,1.041244e-01,1.583895e-01,1.078458e-01,8.457080e-03,2.248762e-02
1.270613e-01,1.579190e-02,1.257704e-02,3.562412e-02,1.454293e-01,1.135770e-01,6.378975e-02,1.711114e-02,1.491622e-02,1.315465e-02,1.013623e-01,2.098081e-01,1.009115e-01,6.666520e-03,2.221911e-02
2.028646e-01,1.275735e-02,8.987308e-03,2.562785e-02,1.112583e-01,9.794514e-02,5.563010e-02,1.214777e-02,2.132994e-02,1.239327e-02,9.497917e-02,2.407944e-01,7.704065e-02,5.943042e-03,2.030110e-02
1.847580e-01,1.210936e-02,6.740191e-03,1.852898e-02,8.289193e-02,7.696988e-02,4.183007e-02,8.856204e-03,2.911559e-02,1.248985e-02,1.103668e-01,3.389932e-01,5.674547e-02,4.620116e-03,1.498437e-02
1.858949e-01,9.923167e-03,5.115229e-03,1.333316e-02,6.048258e-02,5.889623e-02,2.995388e-02,6.326193e-03,2.517113e-02,1.022211e-02,1.320907e-01,4.067083e-01,4.164119e-02,3.553442e-03,1.068780e-02
1.549037e-01,1.018124e-02,3.958853e-03,9.499361e-03,4.705571e-02,4.357824e-02,2.158482e-02,4.577411e-03,2.770134e-02,1.007761e-02,1.357873e-01,4.886189e-01,3.196220e-02,2.917060e-03,7.596186e-03
1.190730e-01,1.481732e-02,3.642690e-03,6.776801e-03,3.641807e-02,3.268059e-02,1.529588e-02,3.385241e-03,2.874602e-02,1.156503e-02,1.394730e-01,5.558458e-01,2.440961e-02,2.417362e-03,5.453656e-03
1.298326e-01,1.762089e-02,3.417025e-03,7.247268e-03,4.101641e-02,2.807356e-02,1.414115e-02,2.988060e-03,3.452297e-02,1.933538e-02,1.037082e-01,5.728889e-01,1.778062e-02,1.955210e-03,5.471779e-03
1.118219e-01,1.649986e-02,3.150892e-03,6.180900e-03,3.583665e-02,4.136492e-02,1.054853e-02,3.867004e-03,3.771579e-02,2.439779e-02,8.039995e-02,6.087741e-01,1.338283e-02,1.659332e-03,4.399625e-03
9.645040e-02,1.346714e-02,2.907715e-03,8.705508e-03,3.222622e-02,4.160418e-02,8.702451e-03,3.779450e-03,3.008159e-02,2.062126e-02,6.397001e-02,6.621512e-01,1.059181e-02,1.250613e-03,3.490389e-03
7.936093e-02,1.121078e-02,2.191046e-03,7.936061e-03,2.687267e-02,3.453036e-02,8.353947e-03,3.271770e-03,2.604173e-02,1.614132e-02,9.749545e-02,6.703914e-01,1.242079e-02,1.065886e-03,2.715861e-03
6.386225e-02,9.535055e-03,1.793588e-03,7.944332e-03,5.540342e-02,4.132299e-02,1.229418e-02,3.693782e-03,3.500503e-02,1.219435e-02,1.867411e-01,5.509055e-01,1.621079e-02,8.417615e-04,2.251901e-03
6.476068e-02,1.298010e-02,6.814878e-03,1.194420e-02,7.100549e-02,3.965955e-02,1.091166e-02,1.086946e-02,3.861146e-02,1.038516e-02,2.481323e-01,4.528031e-01,1.724579e-02,1.291014e-03,2.585118e-03
5.481619e-02,1.487261e-02,7.058023e-03,9.457709e-03,1.058714e-01,4.343759e-02,1.418682e-02,3.282967e-02,9.095770e-02,7.941676e-03,2.199714e-01,3.733264e-01,2.141693e-02,1.779794e-03,2.076124e-03
4.444361e-02,2.354226e-02,9.127557e-03,7.197104e-03,8.828194e-02,1.045897e-01,1.210412e-02,3.146029e-02,1.545783e-01,6.618298e-03,1.801832e-01,3.112944e-01,2.317495e-02,1.606611e-03,1.797657e-03
3.561218e-02,2.047166e-02,9.318252e-03,5.530973e-03,9.554438e-02,1.126707e-01,1.262936e-02,5.260593e-02,2.479884e-01,6.106852e-03,1.441567e-01,2.343566e-01,2.007615e-02,1.529453e-03,1.402367e-03
2.886391e-02,1.642528e-02,8.647438e-03,4.499227e-03,9.705931e-02,1.200209e-01,1.239095e-02,7.592799e-02,3.215090e-01,4.645780e-03,1.159065e-01,1.751265e-01,1.660846e-02,1.302452e-03,1.066298e-03
2.739265e-02,1.423263e-02,9.951526e-03,5.311208e-03,1.110648e-01,9.528223e-02,1.389935e-02,2.036759e-01,2.900185e-01,3.318921e-03,8.637177e-02,1.254111e-01,1.228548e-02,9.729150e-04,8.111675e-04
3.353502e-02,1.726893e-02,9.500584e-03,6.617106e-03,1.568388e-01,8.999617e-02,1.925345e-02,1.781042e-01,3.145949e-01,2.388772e-03,6.749067e-02,9.298399e-02,9.836153e-03,9.184272e-04,6.728721e-04
4.320565e-02,2.395955e-02,1.144768e-02,7.252274e-03,2.175547e-01,8.790594e-02,2.048177e-02,1.347640e-01,3.185768e-01,1.715659e-03,5.732276e-02,6.693045e-02,7.465151e-03,8.820156e-04,5.355941e-04
4.369288e-02,1.975763e-02,1.181302e-02,2.154026e-02,2.820292e-01,6.529978e-02,2.230919e-02,1.759332e-01,2.601722e-01,1.237521e-03,4.167408e-02,4.775630e-02,5.613777e-03,6.717209e-04,4.992520e-04
5.576733e-02,2.269144e-02,1.216956e-02,4.377101e-02,3.332210e-01,5.038979e-02,1.845062e-02,1.516154e-01,2.349353e-01,1.005208e-03,3.543850e-02,3.454584e-02,4.586084e-03,5.987369e-04,8.140728e-04
1.113284e-01,2.061176e-02,1.502574e-02,4.515709e-02,3.542728e-01,4.017527e-02,1.481629e-02,1.227084e-01,1.940471e-01,8.825200e-04,4.163319e-02,3.277369e-02,5.005268e-03,5.850081e-04,9.774658e-04
1.733728e-01,1.651471e-02,1.328694e-02,4.107598e-02,4.029315e-01,3.096398e-02,1.233368e-02,9.674098e-02,1.454737e-01,8.040019e-04,3.297802e-02,2.674069e-02,4.916337e-03,6.235949e-04,1.243130e-03
2.675063e-01,1.515182e-02,1.191499e-02,6.107628e-02,3.315535e-01,2.675267e-02,1.216898e-02,9.883816e-02,1.073270e-01,8.300837e-04,2.632388e-02,2.659534e-02,1.102510e-02,8.177959e-04,2.118093e-03
1.979792e-01,1.090691e-02,8.830085e-03,4.658202e-02,2.365101e-01,1.929432e-02,8.873525e-03,3.471753e-01,7.539020e-02,5.870491e-04,1.860596e-02,1.882317e-02,8.333228e-03,5.828159e-04,1.526164e-03
1.629488e-01,7.947744e-03,6.683178e-03,3.650339e-02,1.702954e-01,1.575818e-02,6.399747e-03,5.020632e-01,5.303070e-02,4.518702e-04,1.376401e-02,1.431129e-02,8.117626e-03,4.656377e-04,1.259319e-03
1.667190e-01,6.020769e-03,6.082674e-03,3.062832e-02,1.220277e-01,1.530715e-02,4.747330e-03,5.704534e-01,3.799446e-02,8.255074e-04,1.481365e-02,1.390416e-02,8.023338e-03,7.838011e-04,1.668706e-03
1.468874e-01,4.687210e-03,4.528659e-03,3.611419e-02,8.768074e-02,2.038385e-02,4.418573e-03,4.244947e-01,2.925269e-02,9.979040e-04,2.043263e-02,9.514481e-02,1.208272e-01,2.158745e-03,1.990712e-03
1.444965e-01,4.541216e-03,4.282506e-03,4.749302e-02,6.790090e-02,2.770815e-02,5.976440e-03,3.200203e-01,2.449444e-02,1.517933e-03,2.955391e-02,1.902343e-01,1.243564e-01,4.685923e-03,2.738090e-03
1.435373e-01,3.863170e-03,4.455787e-03,3.729180e-02,5.724381e-02,2.363387e-02,8.456102e-03,2.455981e-01,2.160032e-02,2.720764e-03,3.602375e-02,2.761943e-01,1.156837e-01,2.057927e-02,3.117931e-03
1.213175e-01,3.176046e-03,4.289964e-03,2.732198e-02,4.636799e-02,1.885368e-02,7.863134e-03,1.767211e-01,1.667388e-02,4.338105e-03,4.032378e-02,4.112869e-01,8.714610e-02,3.056092e-02,3.758947e-03
1.284184e-01,3.252133e-03,6.361012e-03,2.042247e-02,3.585603e-02,3.276759e-02,6.134976e-03,1.255177e-01,1.425621e-02,4.181458e-03,4.303731e-02,4.860286e-01,6.307161e-02,2.440516e-02,6.289376e-03
9.970415e-02,2.899023e-03,5.824542e-03,1.542235e-02,2.798752e-02,3.409802e-02,4.524257e-03,8.824436e-02,1.144051e-02,3.700299e-03,6.023604e-02,5.770429e-01,4.555868e-02,1.799579e-02,5.321540e-03
7.945219e-02,2.402486e-03,4.747855e-03,1.114032e-02,2.097448e-02,3.418599e-02,3.340297e-03,6.204872e-02,9.562667e-03,3.325576e-03,8.031867e-02,6.381946e-01,3.280592e-02,1.339868e-02,4.101629e-03
5.816106e-02,2.308110e-03,3.437831e-03,8.101034e-03,1.801799e-02,2.921787e-02,2.383672e-03,4.348758e-02,7.939056e-03,3.011686e-03,6.765749e-02,7.197134e-01,2.349755e-02,9.881495e-03,3.184138e-03
4.415702e-02,2.041753e-03,2.478460e-03,5.887827e-03,1.623561e-02,2.367458e-02,1.690683e-03,3.050383e-02,6.408543e-03,2.597075e-03,7.432099e-02,7.635136e-01,1.680702e-02,7.264892e-03,2.418120e-03
3.435131e-02,1.898866e-03,1.801635e-03,4.321858e-03,1.403723e-02,1.764153e-02,1.199421e-03,2.143540e-02,4.874892e-03,2.339246e-03,1.097007e-01,7.669289e-01,1.197436e-02,5.646931e-03,1.847697e-03
2.466388e-02,2.438518e-03,1.407806e-03,3.175110e-03,1.287569e-02,1.249158e-02,8.634652e-04,1.508373e-02,4.098265e-03,1.932507e-03,9.988350e-02,8.070593e-01,8.448138e-03,4.249422e-03,1.329080e-03
1.939089e-02,2.716513e-03,1.070869e-03,2.447287e-03,1.302209e-02,8.936160e-03,6.785315e-04,1.061164e-02,3.730414e-03,1.914391e-03,8.905953e-02,8.358737e-01,5.999399e-03,3.461851e-03,1.086633e-03
1.452322e-02,6.508434e-03,4.690128e-03,2.615011e-03,1.570703e-02,1.427396e-02,1.321661e-03,1.491149e-02,3.393292e-03,2.214285e-03,6.601272e-02,8.462105e-01,4.271341e-03,2.561276e-03,7.855946e-04
1.055027e-02,5.528031e-03,3.668691e-03,1.974835e-03,1.873672e-02,1.845336e-02,1.239893e-03,1.249630e-02,4.003867e-03,2.545872e-03,4.948055e-02,8.657036e-01,3.079336e-03,1.962915e-03,5.757554e-04
8.839667e-03,5.280632e-03,8.406778e-03,1.660813e-03,2.011868e-02,1.670133e-02,3.516159e-03,1.901326e-02,5.951914e-03,2.041857e-02,4.433977e-02,8.411515e-01,2.357111e-03,1.657995e-03,5.858446e-04
8.615522e-03,9.925152e-03,1.328003e-02,2.027879e-03,2.879676e-02,2.460545e-02,3.745415e-03,4.630041e-02,2.273501e-02,3.446036e-02,6.236170e-02,7.368017e-01,2.270468e-03,3.260602e-03,8.135757e-04
9.464753e-03,3.270022e-02,1.480082e-02,1.863355e-03,7.292458e-02,3.449556e-02,4.396627e-03,5.015094e-02,1.394687e-01,3.370589e-02,5.515642e-02,5.445923e-01,2.111118e-03,3.233881e-03,9.349214e-04
1.148326e-02,5.387580e-02,1.772117e-02,3.092780e-03,1.574139e-01,3.808290e-02,5.036334e-03,3.823473e-02,2.077991e-01,3.458572e-02,4.246523e-02,3.836724e-01,1.708773e-03,2.610214e-03,2.217703e-03
1.317083e-02,5.071726e-02,2.535496e-02,7.105921e-03,2.815492e-01,3.131466e-02,4.716742e-03,3.563327e-02,2.105075e-01,2.853274e-02,3.117193e-02,2.691021e-01,1.504656e-03,2.033739e-03,7.584558e-03
2.386515e-02,4.024734e-02,6.793758e-02,1.717556e-02,3.361989e-01,4.042070e-02,5.558890e-03,4.105873e-02,1.789588e-01,2.605455e-02,2.343892e-02,1.889841e-01,1.286129e-03,1.653214e-03,7.161399e-03
3.030539e-02,3.001261e-02,1.795155e-01,1.657786e-02,3.556223e-01,4.748644e-02,4.611876e-03,2.944850e-02,1.291371e-01,1.996368e-02,1.677148e-02,1.329908e-01,1.024571e-03,1.376916e-03,5.155100e-03
4.353838e-02,2.538235e-02,1.951565e-01,1.489237e-02,4.090328e-01,4.708574e-02,3.787146e-03,2.124945e-02,1.022838e-01,2.404962e-02,1.276289e-02,9.379962e-02,9.377940e-04,1.984470e-03,4.057028e-03
3.473184e-02,3.853897e-02,2.799440e-01,1.222075e-02,3.812209e-01,6.083561e-02,3.110851e-03,1.738469e-02,7.337739e-02,1.773295e-02,9.281733e-03,6.586691e-02,7.316045e-04,1.859288e-03,3.162455e-03
3.165072e-02,4.230628e-02,3.788027e-01,1.176964e-02,3.328341e-01,6.126684e-02,2.515088e-03,1.316844e-02,5.369820e-02,1.317409e-02,6.799978e-03,4.636629e-02,6.291876e-04,2.547006e-03,2.471315e-03
3.880903e-02,4.585330e-02,4.682581e-01,1.607737e-02,2.723428e-01,4.675518e-02,1.852226e-03,9.393184e-03,4.015883e-02,1.468617e-02,5.496004e-03,3.274800e-02,5.765084e-04,4.973072e-03,2.020113e-03
6.103843e-02,6.650226e-02,4.581093e-01,2.272971e-02,2.616967e-01,3.883526e-02,1.697405e-03,7.090804e-03,2.987816e-02,1.271457e-02,5.899412e-03,2.555820e-02,1.262123e-03,4.244345e-03,2.743303e-03
1.231964e-01,5.488844e-02,4.519764e-01,3.149898e-02,2.243415e-01,3.120868e-02,1.473509e-03,5.190389e-03,2.674999e-02,1.278829e-02,6.861364e-03,2.002775e-02,1.547467e-03,4.656706e-03,3.594122e-03
2.757868e-01,4.845133e-02,3.205152e-01,2.293469e-02,1.684700e-01,9.026058e-02,1.849154e-03,5.136193e-03,2.293777e-02,9.547731e-03,7.086830e-03,1.526835e-02,2.976047e-03,4.241942e-03,4.537434e-03
4.224088e-01,4.365534e-02,2.269293e-01,1.711875e-02,1.225864e-01,9.039059e-02,1.929913e-03,5.023324e-03,1.826904e-02,8.259032e-03,1.425616e-02,1.339511e-02,4.187642e-03,4.529011e-03,7.061565e-03
1.000000e+00,0.000000e+00,0.000000e+00,0.000000e+00,0.000000e+00,0.000000e+00,0.000000e+00,0.000000e+00,0.000000e+00,0.000000e+00,0.000000e+00,0.000000e+00,0.000000e+00,0.000000e+00,0.000000e+00
1.000000e+00,0.000000e+00,0.000000e+00,0.000000e+00,0.000000e+00,0.000000e+00,0.000000e+00,0.000000e+00,0.000000e+00,0.000000e+00,0.000000e+00,0.000000e+00,0.000000e+00,0.000000e+00,0.000000e+00
1.000000e+00,0.000000e+00,0.000000e+00,0.000000e+00,0.000000e+00,0.000000e+00,0.000000e+00,0.000000e+00,0.000000e+00,0.000000e+00,0.000000e+00,0.000000e+00,0.000000e+00,0.000000e+00,0.000000e+00
4.822384e-01,2.811717e-02,6.751574e-02,1.056216e-01,3.508225e-02,3.764809e-02,1.760330e-03,5.182819e-03,5.150482e-02,1.050957e-02,3.750442e-02,1.948217e-02,2.896660e-02,1.614123e-02,7.272489e-02
3.787143e-01,2.414487e-02,5.411615e-02,1.187142e-01,2.649402e-02,3.161550e-02,1.450622e-03,4.087569e-03,5.388271e-02,1.021189e-02,1.285733e-01,1.913436e-02,3.713894e-02,2.917180e-02,8.254979e-02
2.786374e-01,1.854828e-02,4.673063e-02,1.042450e-01,2.231312e-02,2.534271e-02,1.402960e-03,4.134338e-03,4.418806e-02,1.547716e-02,1.669612e-01,1.988349e-02,3.388048e-02,1.073074e-01,1.109478e-01
2.071451e-01,1.528877e-02,7.106385e-02,1.539670e-01,2.063137e-02,2.448195e-02,1.309138e-03,3.385092e-03,7.995188e-02,2.423174e-02,1.409377e-01,1.722891e-02,2.692004e-02,9.940908e-02,1.140484e-01
1.565684e-01,1.441472e-02,6.245947e-02,1.167852e-01,1.757910e-02,2.110300e-02,1.065647e-03,2.957511e-03,7.186827e-02,3.831198e-02,1.442935e-01,1.786708e-02,2.569173e-02,1.811439e-01,1.278906e-01
1.118772e-01,1.367580e-02,6.009416e-02,8.939601e-02,1.717625e-02,1.800881e-02,1.036436e-03,5.355087e-03,5.923957e-02,3.555285e-02,1.141033e-01,1.502081e-02,1.999283e-02,2.567034e-01,1.827675e-01
8.056345e-02,1.913921e-02,6.830059e-02,6.916234e-02,1.718477e-02,1.567001e-02,9.608843e-04,4.371870e-03,6.665978e-02,3.423223e-02,8.891622e-02,1.412757e-02,1.767009e-02,2.421085e-01,2.609325e-01
5.757347e-02,1.718419e-02,6.614596e-02,5.183730e-02,1.537464e-02,1.273227e-02,8.616635e-04,5.540765e-03,6.840803e-02,3.797983e-02,8.258878e-02,1.219636e-02,1.734732e-02,2.272809e-01,3.269485e-01
4.307445e-02,1.475692e-02,6.979208e-02,3.880221e-02,1.280595e-02,1.051518e-02,8.937377e-04,8.566340e-03,7.026702e-02,3.874267e-02,6.886744e-02,1.050788e-02,1.749879e-02,2.427055e-01,3.522038e-01
3.187811e-02,1.432778e-02,5.766463e-02,2.774964e-02,9.915582e-03,8.287779e-03,7.994225e-04,8.567587e-03,6.478675e-02,4.829120e-02,5.282625e-02,7.760040e-03,1.469287e-02,2.575457e-01,3.949067e-01
2.437620e-02,2.048406e-02,5.905993e-02,1.978664e-02,7.826240e-03,6.393226e-03,6.614127e-04,9.817176e-03,5.788725e-02,8.253831e-02,4.066445e-02,5.705394e-03,1.167818e-02,2.308384e-01,4.222831e-01
2.160956e-02,3.221349e-02,6.223414e-02,1.414876e-02,6.627306e-03,5.075572e-03,5.798107e-04,1.149903e-02,5.701573e-02,1.530592e-01,3.062634e-02,4.260409e-03,9.503172e-03,2.003416e-01,3.912059e-01
2.001945e-02,6.666332e-02,7.290089e-02,1.198079e-02,9.463714e-03,4.910363e-03,1.058951e-03,2.046712e-02,7.244194e-02,1.675394e-01,2.469270e-02,4.125791e-03,8.723302e-03,1.624255e-01,3.525867e-01
2.657026e-02,8.085221e-02,1.657428e-01,1.159987e-02,1.457373e-02,6.380339e-03,1.675431e-03,3.130117e-02,7.867624e-02,1.327219e-01,2.419283e-02,5.468396e-03,1.445455e-02,1.258461e-01,2.799442e-01
3.532151e-02,7.412555e-02,1.792473e-01,1.642118e-02,2.442541e-02,5.557572e-03,1.545807e-03,6.256910e-02,1.108796e-01,1.057213e-01,2.169335e-02,6.514263e-03,1.675677e-02,1.096138e-01,2.296075e-01
4.103990e-02,6.878129e-02,2.325911e-01,1.933701e-02,3.309804e-02,6.249993e-03,1.721366e-03,8.791219e-02,1.072337e-01,8.473320e-02,1.723487e-02,5.224503e-03,1.519417e-02,8.614703e-02,1.935017e-01
5.812576e-02,7.451174e-02,2.480944e-01,1.808830e-02,5.197228e-02,7.207202e-03,2.222002e-03,8.867228e-02,1.213862e-01,7.696369e-02,1.496090e-02,4.682245e-03,1.336621e-02,6.890834e-02,1.508385e-01
7.483357e-02,8.446680e-02,2.176892e-01,1.762100e-02,9.108096e-02,1.013634e-02,5.503953e-03,9.589183e-02,1.496546e-01,6.032745e-02,1.216792e-02,3.977910e-03,1.108870e-02,5.295854e-02,1.126013e-01
1.080546e-01,8.023530e-02,1.774057e-01,2.862880e-02,1.586728e-01,1.585825e-02,8.870354e-03,7.820025e-02,1.271295e-01,5.570157e-02,1.204645e-02,4.041623e-03,1.047780e-02,4.068017e-02,9.399679e-02
1.104213e-01,8.500662e-02,1.430801e-01,5.923825e-02,1.844996e-01,2.024522e-02,9.894241e-03,7.900547e-02,1.083132e-01,4.441141e-02,1.384109e-02,6.810555e-03,1.252356e-02,2.990213e-02,9.280723e-02
2.380887e-01,7.037411e-02,1.085734e-01,6.382409e-02,1.561479e-01,1.919121e-02,8.431360e-03,6.059097e-02,8.921936e-02,4.039393e-02,1.926930e-02,1.103554e-02,1.193088e-02,2.705848e-02,7.587068e-02
3.263524e-01,6.462812e-02,8.126578e-02,9.015405e-02,1.233004e-01,2.053964e-02,8.295879e-03,4.904288e-02,7.397661e-02,3.267728e-02,2.025841e-02,1.406411e-02,1.128521e-02,2.268018e-02,6.147898e-02
3.380491e-01,5.986379e-02,7.021961e-02,1.740519e-01,9.863558e-02,1.678658e-02,7.775613e-03,3.763149e-02,6.072677e-02,2.537164e-02,1.627854e-02,1.391248e-02,9.421279e-03,1.679234e-02,5.448328e-02
4.101830e-01,4.829878e-02,6.344439e-02,1.744822e-01,8.489674e-02,1.785581e-02,7.727720e-03,3.066858e-02,4.600268e-02,2.154668e-02,1.399744e-02,1.696035e-02,9.408372e-03,1.242441e-02,4.210282e-02
3.406590e-01,3.732032e-02,4.852336e-02,3.091734e-01,8.768472e-02,1.603282e-02,6.042915e-03,2.792419e-02,3.385118e-02,1.601350e-02,1.260259e-02,1.453296e-02,8.591353e-03,9.505364e-03,3.154228e-02
4.430596e-01,2.971188e-02,3.924812e-02,2.611167e-01,7.397076e-02,1.788253e-02,4.492255e-03,2.180688e-02,2.440195e-02,1.346553e-02,1.375701e-02,1.427396e-02,9.090938e-03,9.657435e-03,2.406440e-02
1.000000e+00,0.000000e+00,0.000000e+00,0.000000e+00,0.000000e+00,0.000000e+00,0.000000e+00,0.000000e+00,0.000000e+00,0.000000e+00,0.000000e+00,0.000000e+00,0.000000e+00,0.000000e+00,0.000000e+00
1.000000e+00,0.000000e+00,0.000000e+00,0.000000e+00,0.000000e+00,0.000000e+00,0.000000e+00,0.000000e+00,0.000000e+00,0.000000e+00,0.000000e+00,0.000000e+00,0.000000e+00,0.000000e+00,0.000000e+00
1.000000e+00,0.000000e+00,0.000000e+00,0.000000e+00,0.000000e+00,0.000000e+00,0.000000e+00,0.000000e+00,0.000000e+00,0.000000e+00,0.000000e+00,0.000000e+00,0.000000e+00,0.000000e+00,0.000000e+00
1.000000e+00,0.000000e+00,0.000000e+00,0.000000e+00,0.000000e+00,0.000000e+00,0.000000e+00,0.000000e+00,0.000000e+00,0.000000e+00,0.000000e+00,0.000000e+00,0.000000e+00,0.000000e+00,0.000000e+00
1.000000e+00,0.000000e+00,0.000000e+00,0.000000e+00,0.000000e+00,0.000000e+00,0.000000e+00,0.000000e+00,0.000000e+00,0.000000e+00,0.000000e+00,0.000000e+00,0.000000e+00,0.000000e+00,0.000000e+00
1.000000e+00,0.000000e+00,0.000000e+00,0.000000e+00,0.000000e+00,0.000000e+00,0.000000e+00,0.000000e+00,0.000000e+00,0.000000e+00,0.000000e+00,0.000000e+00,0.000000e+00,0.000000e+00,0.000000e+00
1.000000e+00,0.000000e+00,0.000000e+00,0.000000e+00,0.000000e+00,0.000000e+00,0.000000e+00,0.000000e+00,0.000000e+00,0.000000e+00,0.000000e+00,0.000000e+00,0.000000e+00,0.000000e+00,0.000000e+00
4.338606e-01,5.255429e-02,7.989504e-02,1.350509e-01,4.097427e-02,2.970997e-02,2.378491e-03,7.310428e-03,2.755274e-02,2.626004e-02,8.065175e-02,8.732384e-03,8.687865e-03,2.207334e-02,4.430795e-02
3.135760e-01,4.929712e-02,1.719625e-01,2.021691e-01,2.987279e-02,2.398281e-02,1.713349e-03,5.687884e-03,2.241815e-02,2.843441e-02,6.166913e-02,7.119580e-03,6.387536e-03,1.774157e-02,5.796804e-02
2.331552e-01,5.024763e-02,1.740263e-01,1.512251e-01,2.161218e-02,2.275565e-02,1.402427e-03,4.215783e-03,2.227763e-02,9.010785e-02,8.732273e-02,6.921917e-03,5.300568e-03,2.297061e-02,1.064584e-01
1.681454e-01,4.249234e-02,1.762194e-01,1.065725e-01,1.534392e-02,1.849838e-02,1.109259e-03,3.017875e-03,1.791595e-02,2.027307e-01,7.089992e-02,7.488644e-03,7.351507e-03,4.125863e-02,1.209556e-01
2.212695e-01,5.057817e-02,1.476963e-01,1.027227e-01,1.187257e-02,2.322022e-02,1.034083e-03,3.579401e-03,2.572427e-02,1.488045e-01,6.059951e-02,8.346337e-03,9.319516e-03,4.106490e-02,1.441680e-01
2.349046e-01,4.125945e-02,1.066433e-01,7.445539e-02,8.975885e-03,1.961996e-02,8.397360e-04,3.206961e-03,4.452006e-02,1.588144e-01,6.247906e-02,7.345357e-03,9.561914e-03,1.151866e-01,1.121874e-01
2.486981e-01,3.998921e-02,7.837463e-02,6.832421e-02,7.267633e-03,2.361322e-02,7.070614e-04,2.861516e-03,1.316079e-01,1.305882e-01,5.331917e-02,5.849420e-03,8.438683e-03,1.073187e-01,9.304235e-02
2.470374e-01,3.612241e-02,5.848639e-02,4.990541e-02,7.527437e-03,2.663274e-02,1.427229e-03,3.011032e-03,1.434989e-01,1.039332e-01,6.050118e-02,5.689617e-03,9.106491e-03,1.738073e-01,7.331330e-02
1.976882e-01,4.899850e-02,4.315074e-02,3.664158e-02,7.358243e-03,2.348215e-02,1.321491e-03,2.442921e-03,1.536882e-01,9.414258e-02,5.785462e-02,4.703626e-03,1.035886e-02,2.496839e-01,6.848440e-02
1.586424e-01,7.344310e-02,3.360920e-02,3.768728e-02,9.493127e-03,1.987889e-02,1.538052e-03,3.284980e-03,2.555479e-01,7.465108e-02,4.543942e-02,4.008955e-03,1.040843e-02,2.136188e-01,5.874838e-02
1.170181e-01,6.713707e-02,5.423883e-02,5.522428e-02,1.154027e-02,1.511598e-02,1.370367e-03,3.436651e-03,3.549656e-01,6.860408e-02,3.336302e-02,2.942907e-03,7.696438e-03,1.545155e-01,5.283089e-02
8.998423e-02,5.683927e-02,4.373077e-02,4.401020e-02,1.003675e-02,1.246810e-02,1.096339e-03,2.612128e-03,3.956124e-01,5.652336e-02,2.457848e-02,2.310263e-03,5.993012e-03,1.166324e-01,1.375724e-01
1.188303e-01,6.104217e-02,4.613734e-02,3.636989e-02,1.675693e-02,1.489806e-02,1.161284e-03,3.210776e-03,3.524423e-01,4.744518e-02,2.441365e-02,3.313163e-03,7.037213e-03,1.122067e-01,1.547351e-01
1.168158e-01,5.883116e-02,4.359402e-02,5.340149e-02,3.238976e-02,1.659823e-02,1.690278e-03,1.216384e-02,3.547422e-01,3.668077e-02,2.328833e-02,4.242661e-03,7.969794e-03,9.254076e-02,1.450510e-01
1.345843e-01,5.458175e-02,9.112716e-02,7.366990e-02,2.946043e-02,1.422729e-02,1.606262e-03,9.652665e-03,2.687837e-01,3.125130e-02,1.887031e-02,5.661036e-03,8.257530e-03,7.081726e-02,1.874492e-01
1.132773e-01,4.097418e-02,1.352922e-01,7.052507e-02,2.263505e-02,1.101975e-02,1.239505e-03,7.192518e-03,2.451610e-01,2.743101e-02,1.576206e-02,5.391232e-03,6.943792e-03,5.417135e-02,2.429839e-01
1.211178e-01,3.439827e-02,1.510014e-01,5.811329e-02,1.888813e-02,9.932036e-03,9.598455e-04,5.253793e-03,2.044601e-01,2.209512e-02,1.381715e-02,4.700627e-03,5.881056e-03,4.762858e-02,3.017528e-01
1.801266e-01,4.043645e-02,1.250073e-01,8.505523e-02,2.157326e-02,1.377465e-02,1.170384e-03,5.202288e-03,1.653479e-01,1.700953e-02,1.385715e-02,7.801679e-03,7.070082e-03,4.019855e-02,2.763690e-01
2.262173e-01,4.349320e-02,1.084101e-01,7.944996e-02,2.128908e-02,1.450263e-02,1.227168e-03,4.685739e-03,1.314023e-01,1.396349e-02,1.130816e-02,8.126770e-03,7.207059e-03,3.475173e-02,2.939654e-01
3.474648e-01,4.795250e-02,8.871622e-02,6.485694e-02,2.533748e-02,1.380761e-02,1.280384e-03,4.344961e-03,1.135236e-01,1.130939e-02,9.290415e-03,7.091529e-03,5.960994e-03,3.377712e-02,2.252861e-01
4.031519e-01,4.419589e-02,1.142632e-01,6.159102e-02,2.564710e-02,1.332693e-02,1.234832e-03,3.562407e-03,9.812598e-02,9.511880e-03,8.124322e-03,5.715487e-03,4.682491e-03,3.148968e-02,1.753768e-01
4.546363e-01,5.404391e-02,8.772278e-02,6.549384e-02,2.844602e-02,1.304720e-02,1.457371e-03,3.470646e-03,8.010805e-02,7.925169e-03,8.536689e-03,6.468834e-03,4.487638e-03,2.710032e-02,1.570552e-01
1.000000e+00,0.000000e+00,0.000000e+00,0.000000e+00,0.000000e+00,0.000000e+00,0.000000e+00,0.000000e+00,0.000000e+00,0.000000e+00,0.000000e+00,0.000000e+00,0.000000e+00,0.000000e+00,0.000000e+00
1.000000e+00,0.000000e+00,0.000000e+00,0.000000e+00,0.000000e+00,0.000000e+00,0.000000e+00,0.000000e+00,0.000000e+00,0.000000e+00,0.000000e+00,0.000000e+00,0.000000e+00,0.000000e+00,0.000000e+00
1.000000e+00,0.000000e+00,0.000000e+00,0.000000e+00,0.000000e+00,0.000000e+00,0.000000e+00,0.000000e+00,0.000000e+00,0.000000e+00,0.000000e+00,0.000000e+00,0.000000e+00,0.000000e+00,0.000000e+00
1.000000e+00,0.000000e+00,0.000000e+00,0.000000e+00,0.000000e+00,0.000000e+00,0.000000e+00,0.000000e+00,0.000000e+00,0.000000e+00,0.000000e+00,0.000000e+00,0.000000e+00,0.000000e+00,0.000000e+00
1.000000e+00,0.000000e+00,0.000000e+00,0.000000e+00,0.000000e+00,0.000000e+00,0.000000e+00,0.000000e+00,0.000000e+00,0.000000e+00,0.000000e+00,0.000000e+00,0.000000e+00,0.000000e+00,0.000000e+00
1.000000e+00,0.000000e+00,0.000000e+00,0.000000e+00,0.000000e+00,0.000000e+00,0.000000e+00,0.000000e+00,0.000000e+00,0.000000e+00,0.000000e+00,0.000000e+00,0.000000e+00,0.000000e+00,0.000000e+00
4.904182e-01,5.638005e-02,8.895837e-02,1.841227e-01,1.305083e-02,1.201422e-02,1.784107e-03,3.598011e-03,4.043953e-02,3.782365e-03,1.263805e-02,8.595741e-03,2.488712e-02,7.954720e-03,5.137606e-02
4.057305e-01,5.862123e-02,1.481708e-01,2.212017e-01,1.149408e-02,9.335074e-03,1.494307e-03,3.828412e-03,4.270089e-02,3.464023e-03,1.162796e-02,7.023604e-03,2.045505e-02,6.407247e-03,4.844513e-02
4.583257e-01,4.705413e-02,1.100543e-01,1.736473e-01,9.059416e-03,1.152281e-02,1.321668e-03,3.551435e-03,4.189355e-02,3.393597e-03,1.538752e-02,8.025075e-03,3.505244e-02,1.590437e-02,6.580652e-02
4.961453e-01,3.520115e-02,1.170946e-01,1.563105e-01,7.092229e-03,9.496392e-03,1.070454e-03,3.866956e-03,4.373065e-02,3.396561e-03,2.048699e-02,7.804115e-03,3.290743e-02,1.250849e-02,5.288808e-02
4.132925e-01,2.752330e-02,1.725314e-01,1.864036e-01,5.317326e-03,7.949748e-03,8.085764e-04,2.904898e-03,6.802197e-02,5.107278e-03,1.980609e-02,7.206752e-03,2.600629e-02,1.110019e-02,4.602015e-02
4.446591e-01,2.570643e-02,1.366497e-01,1.588455e-01,5.455316e-03,7.143894e-03,7.634197e-04,2.631133e-03,8.260402e-02,9.052757e-03,2.696978e-02,6.685236e-03,2.530175e-02,1.367421e-02,5.385782e-02
1.000000e+00,0.000000e+00,0.000000e+00,0.000000e+00,0.000000e+00,0.000000e+00,0.000000e+00,0.000000e+00,0.000000e+00,0.000000e+00,0.000000e+00,0.000000e+00,0.000000e+00,0.000000e+00,0.000000e+00
1.000000e+00,0.000000e+00,0.000000e+00,0.000000e+00,0.000000e+00,0.000000e+00,0.000000e+00,0.000000e+00,0.000000e+00,0.000000e+00,0.000000e+00,0.000000e+00,0.000000e+00,0.000000e+00,0.000000e+00
1.000000e+00,0.000000e+00,0.000000e+00,0.000000e+00,0.000000e+00,0.000000e+00,0.000000e+00,0.000000e+00,0.000000e+00,0.000000e+00,0.000000e+00,0.000000e+00,0.000000e+00,0.000000e+00,0.000000e+00
4.707863e-01,2.089608e-02,1.300009e-01,5.912434e-02,1.063266e-02,2.207329e-02,1.705047e-03,1.452521e-02,6.557241e-02,1.270768e-02,1.364992e-02,4.351385e-02,8.452447e-02,1.725808e-02,3.302979e-02
1.000000e+00,0.000000e+00,0.000000e+00,0.000000e+00,0.000000e+00,0.000000e+00,0.000000e+00,0.000000e+00,0.000000e+00,0.000000e+00,0.000000e+00,0.000000e+00,0.000000e+00,0.000000e+00,0.000000e+00
1.000000e+00,0.000000e+00,0.000000e+00,0.000000e+00,0.000000e+00,0.000000e+00,0.000000e+00,0.000000e+00,0.000000e+00,0.000000e+00,0.000000e+00,0.000000e+00,0.000000e+00,0.000000e+00,0.000000e+00
1.000000e+00,0.000000e+00,0.000000e+00,0.000000e+00,0.000000e+00,0.000000e+00,0.000000e+00,0.000000e+00,0.000000e+00,0.000000e+00,0.000000e+00,0.000000e+00,0.000000e+00,0.000000e+00,0.000000e+00
1.000000e+00,0.000000e+00,0.000000e+00,0.000000e+00,0.000000e+00,0.000000e+00,0.000000e+00,0.000000e+00,0.000000e+00,0.000000e+00,0.000000e+00,0.000000e+00,0.000000e+00,0.000000e+00,0.000000e+00
1.000000e+00,0.000000e+00,0.000000e+00,0.000000e+00,0.000000e+00,0.000000e+00,0.000000e+00,0.000000e+00,0.000000e+00,0.000000e+00,0.000000e+00,0.000000e+00,0.000000e+00,0.000000e+00,0.000000e+00
1.000000e+00,0.000000e+00,0.000000e+00,0.000000e+00,0.000000e+00,0.000000e+00,0.000000e+00,0.000000e+00,0.000000e+00,0.000000e+00,0.000000e+00,0.000000e+00,0.000000e+00,0.000000e+00,0.000000e+00
1.000000e+00,0.000000e+00,0.000000e+00,0.000000e+00,0.000000e+00,0.000000e+00,0.000000e+00,0.000000e+00,0.000000e+00,0.000000e+00,0.000000e+00,0.000000e+00,0.000000e+00,0.000000e+00,0.000000e+00
1.000000e+00,0.000000e+00,0.000000e+00,0.000000e+00,0.000000e+00,0.000000e+00,0.000000e+00,0.000000e+00,0.000000e+00,0.000000e+00,0.000000e+00,0.000000e+00,0.000000e+00,0.000000e+00,0.000000e+00
1.000000e+00,0.000000e+00,0.000000e+00,0.000000e+00,0.000000e+00,0.000000e+00,0.000000e+00,0.000000e+00,0.000000e+00,0.000000e+00,0.000000e+00,0.000000e+00,0.000000e+00,0.000000e+00,0.000000e+00
4.304536e-01,1.490339e-02,7.984363e-02,1.518959e-02,5.899231e-02,1.978454e-02,7.349302e-03,2.372320e-02,4.085291e-02,7.662623e-03,1.148709e-02,2.590077e-02,2.097324e-01,6.869740e-03,4.725488e-02
3.643678e-01,1.876786e-02,9.176614e-02,1.874470e-02,6.338343e-02,2.239573e-02,1.077038e-02,2.157829e-02,4.839154e-02,9.842128e-03,1.223278e-02,2.248774e-02,2.059217e-01,6.070489e-03,8.327929e-02
3.486661e-01,3.311935e-02,9.741452e-02,1.815732e-02,5.512498e-02,2.077419e-02,8.893993e-03,1.614686e-02,5.200314e-02,1.728277e-02,9.991615e-03,1.818114e-02,1.668358e-01,6.868461e-03,1.305396e-01
3.288136e-01,3.422493e-02,1.033903e-01,1.494509e-02,5.431049e-02,1.615194e-02,6.984069e-03,1.207931e-02,5.323488e-02,2.694605e-02,8.013392e-03,1.515940e-02,1.231089e-01,6.989239e-03,1.956484e-01
3.312796e-01,4.743859e-02,1.033529e-01,1.466732e-02,5.701494e-02,1.381242e-02,5.819228e-03,9.398242e-03,6.702483e-02,2.719565e-02,7.194131e-03,1.462337e-02,9.027968e-02,7.538217e-03,2.033609e-01
3.957781e-01,4.577120e-02,7.743019e-02,1.443420e-02,5.122744e-02,1.839751e-02,5.292428e-03,1.048508e-02,8.141840e-02,3.921238e-02,9.111893e-03,1.599980e-02,7.469155e-02,7.154561e-03,1.535952e-01
4.898558e-01,3.836600e-02,6.458749e-02,2.289774e-02,4.753859e-02,1.619196e-02,5.870147e-03,1.217549e-02,6.614929e-02,3.161049e-02,9.828159e-03,2.027704e-02,5.548291e-02,6.281431e-03,1.128875e-01
