1.000000e+00,0.000000e+00,0.000000e+00,0.000000e+00,0.000000e+00,0.000000e+00,0.000000e+00,0.000000e+00,0.000000e+00,0.000000e+00,0.000000e+00,0.000000e+00,0.000000e+00,0.000000e+00,0.000000e+00
1.000000e+00,0.000000e+00,0.000000e+00,0.000000e+00,0.000000e+00,0.000000e+00,0.000000e+00,0.000000e+00,0.000000e+00,0.000000e+00,0.000000e+00,0.000000e+00,0.000000e+00,0.000000e+00,0.000000e+00
1.000000e+00,0.000000e+00,0.000000e+00,0.000000e+00,0.000000e+00,0.000000e+00,0.000000e+00,0.000000e+00,0.000000e+00,0.000000e+00,0.000000e+00,0.000000e+00,0.000000e+00,0.000000e+00,0.000000e+00
1.000000e+00,0.000000e+00,0.000000e+00,0.000000e+00,0.000000e+00,0.000000e+00,0.000000e+00,0.000000e+00,0.000000e+00,0.000000e+00,0.000000e+00,0.000000e+00,0.000000e+00,0.000000e+00,0.000000e+00
1.000000e+00,0.000000e+00,0.000000e+00,0.000000e+00,0.000000e+00,0.000000e+00,0.000000e+00,0.000000e+00,0.000000e+00,0.000000e+00,0.000000e+00,0.000000e+00,0.000000e+00,0.000000e+00,0.000000e+00
1.000000e+00,0.000000e+00,0.000000e+00,0.000000e+00,0.000000e+00,0.000000e+00,0.000000e+00,0.000000e+00,0.000000e+00,0.000000e+00,0.000000e+00,0.000000e+00,0.000000e+00,0.000000e+00,0.000000e+00
1.000000e+00,0.000000e+00,0.000000e+00,0.000000e+00,0.000000e+00,0.000000e+00,0.000000e+00,0.000000e+00,0.000000e+00,0.000000e+00,0.000000e+00,0.000000e+00,0.000000e+00,0.000000e+00,0.000000e+00
1.000000e+00,0.000000e+00,0.000000e+00,0.000000e+00,0.000000e+00,0.000000e+00,0.000000e+00,0.000000e+00,0.000000e+00,0.000000e+00,0.000000e+00,0.000000e+00,0.000000e+00,0.000000e+00,0.000000e+00
1.000000e+00,0.000000e+00,0.000000e+00,0.000000e+00,0.000000e+00,0.000000e+00,0.000000e+00,0.000000e+00,0.000000e+00,0.000000e+00,0.000000e+00,0.000000e+00,0.000000e+00,0.000000e+00,0.000000e+00
1.000000e+00,0.000000e+00,0.000000e+00,0.000000e+00,0.000000e+00,0.000000e+00,0.000000e+00,0.000000e+00,0.000000e+00,0.000000e+00,0.000000e+00,0.000000e+00,0.000000e+00,0.000000e+00,0.000000e+00
1.000000e+00,0.000000e+00,0.000000e+00,0.000000e+00,0.000000e+00,0.000000e+00,0.000000e+00,0.000000e+00,0.000000e+00,0.000000e+00,0.000000e+00,0.000000e+00,0.000000e+00,0.000000e+00,0.000000e+00
1.000000e+00,0.000000e+00,0.000000e+00,0.000000e+00,0.000000e+00,0.000000e+00,0.000000e+00,0.000000e+00,0.000000e+00,0.000000e+00,0.000000e+00,0.000000e+00,0.000000e+00,0.000000e+00,0.000000e+00
1.000000e+00,0.000000e+00,0.000000e+00,0.000000e+00,0.000000e+00,0.000000e+00,0.000000e+00,0.000000e+00,0.000000e+00,0.000000e+00,0.000000e+00,0.000000e+00,0.000000e+00,0.000000e+00,0.000000e+00
1.000000e+00,0.000000e+00,0.000000e+00,0.000000e+00,0.000000e+00,0.000000e+00,0.000000e+00,0.000000e+00,0.000000e+00,0.000000e+00,0.000000e+00,0.000000e+00,0.000000e+00,0.000000e+00,0.000000e+00
4.107907e-01,1.167048e-02,6.819391e-03,1.243262e-02,5.202824e-03,2.216366e-02,3.645127e-03,7.300701e-03,2.026273e-03,1.844533e-03,4.700811e-01,2.199953e-02,6.342562e-03,1.031084e-02,7.369627e-03
3.011250e-01,9.499692e-03,5.524609e-03,9.401436e-03,3.870886e-03,1.928425e-02,2.863929e-03,5.889749e-03,2.546420e-03,2.347180e-03,5.747396e-01,1.908237e-02,4.733583e-03,2.574746e-02,1.334387e-02
2.190608e-01,8.021343e-03,4.445433e-03,7.840496e-03,3.095853e-03,1.739071e-02,2.415959e-03,4.828251e-03,3.163018e-03,2.799270e-03,6.502951e-01,1.878725e-02,3.659187e-03,3.779800e-02,1.639929e-02
1.543922e-01,6.713531e-03,3.444279e-03,5.993595e-03,2.792955e-03,1.596121e-02,1.860341e-03,3.623724e-03,3.480548e-03,2.685752e-03,7.103125e-01,2.512979e-02,2.871200e-03,4.547583e-02,1.526248e-02
1.105923e-01,8.075045e-03,3.529124e-03,4.955492e-03,5.089464e-03,1.520931e-02,1.635282e-03,2.907487e-03,5.223277e-03,4.343612e-03,6.974747e-01,4.466039e-02,2.344516e-03,7.578791e-02,1.817205e-02
8.130585e-02,7.548920e-03,3.070612e-03,3.721428e-03,4.431209e-03,1.233557e-02,1.430878e-03,2.578101e-03,6.257360e-03,1.180437e-02,7.246604e-01,4.170719e-02,1.831533e-03,7.773864e-02,1.957793e-02
6.108586e-02,5.675872e-03,2.342455e-03,2.769614e-03,3.349334e-03,9.573083e-03,1.085078e-03,1.991430e-03,7.278754e-03,3.419400e-02,7.386734e-01,3.666721e-02,1.383719e-03,7.655766e-02,1.737254e-02
4.812960e-02,4.683469e-03,2.382960e-03,2.375695e-03,2.972097e-03,7.760190e-03,9.653888e-04,1.935964e-03,1.305970e-02,6.803794e-02,7.070648e-01,3.989322e-02,1.108650e-03,8.106873e-02,1.856163e-02
3.604645e-02,4.450005e-03,2.345623e-03,1.957835e-03,2.518404e-03,6.812076e-03,8.476558e-04,1.855904e-03,1.687248e-02,1.387583e-01,6.534787e-01,3.888751e-02,8.720547e-04,7.609713e-02,1.819988e-02
2.573603e-02,3.616576e-03,1.780906e-03,1.431316e-03,1.873822e-03,5.454278e-03,6.248549e-04,1.353866e-03,1.578640e-02,2.153558e-01,6.159841e-01,3.248083e-02,6.729917e-04,6.254725e-02,1.530102e-02
1.807663e-02,2.587317e-03,1.267839e-03,1.006444e-03,1.318970e-03,4.244880e-03,4.388987e-04,9.497778e-04,1.136162e-02,3.057355e-01,5.714696e-01,2.346129e-02,5.021748e-04,4.639496e-02,1.118409e-02
1.279486e-02,1.863805e-03,8.971788e-04,7.136897e-04,9.296171e-04,3.879725e-03,3.080173e-04,6.671207e-04,8.390069e-03,4.364421e-01,4.720008e-01,1.693058e-02,5.174808e-04,3.507485e-02,8.590124e-03
9.101215e-03,2.136859e-03,7.194136e-04,5.410867e-04,6.860665e-04,3.117510e-03,2.207968e-04,5.100980e-04,1.614455e-02,5.507187e-01,3.548602e-01,1.348241e-02,1.395627e-03,3.922139e-02,7.144026e-03
6.590680e-03,7.497494e-03,7.056915e-04,5.960420e-04,6.131775e-04,5.964228e-03,1.816656e-04,3.990582e-04,1.537729e-02,6.458997e-01,2.669147e-01,1.182611e-02,1.386372e-03,2.997057e-02,6.077207e-03
4.840650e-03,7.253242e-03,6.227876e-04,5.750706e-04,7.046040e-04,4.972159e-03,1.360550e-04,2.917390e-04,1.430111e-02,7.211362e-01,2.060033e-01,9.754413e-03,1.358688e-03,2.300503e-02,5.044881e-03
3.570787e-03,6.091447e-03,5.394145e-04,4.876074e-04,6.587656e-04,4.982247e-03,1.034968e-04,2.189432e-04,1.141661e-02,7.865269e-01,1.558556e-01,7.437269e-03,1.193175e-03,1.665187e-02,4.265822e-03
2.892038e-03,5.103952e-03,9.725277e-04,4.235792e-04,1.427089e-03,6.871321e-03,1.029496e-04,2.346690e-04,9.096065e-03,8.376957e-01,1.126305e-01,5.698975e-03,1.123404e-03,1.239166e-02,3.335575e-03
3.460530e-03,5.629785e-03,1.519525e-03,7.230691e-04,3.332241e-03,7.839807e-03,1.517137e-04,1.177035e-03,1.521395e-02,8.467089e-01,8.927623e-02,6.907093e-03,3.212035e-03,1.127238e-02,3.575737e-03
9.934545e-03,6.177573e-03,2.606132e-03,2.053871e-03,5.513115e-03,1.041646e-02,1.830295e-04,2.601311e-03,2.945894e-02,8.130591e-01,8.557208e-02,1.021896e-02,5.846996e-03,1.151946e-02,4.838409e-03
1.364275e-02,5.439215e-03,2.897525e-03,2.230349e-03,9.455243e-03,1.072564e-02,2.144540e-04,3.666483e-03,2.897017e-02,7.906367e-01,9.041317e-02,1.336875e-02,7.572388e-03,1.648913e-02,4.278095e-03
1.385460e-02,4.929735e-03,2.373557e-03,2.346584e-03,8.327010e-03,8.459892e-03,1.637165e-04,3.513667e-03,2.393293e-02,6.165709e-01,1.793785e-01,9.293175e-02,1.876527e-02,2.073793e-02,3.714015e-03
4.404580e-02,1.470270e-02,6.046878e-03,4.381472e-03,9.535416e-03,8.121700e-03,2.412837e-04,7.480236e-03,3.685360e-02,5.565215e-01,1.789847e-01,7.983536e-02,2.110039e-02,2.764196e-02,4.507017e-03
4.961647e-02,2.144805e-02,1.460795e-02,8.568999e-03,1.146741e-02,8.067822e-03,7.248475e-04,4.486719e-02,4.533988e-02,4.879734e-01,1.859140e-01,6.297566e-02,1.952070e-02,3.490104e-02,4.006660e-03
8.153766e-02,5.709989e-02,1.877561e-02,2.131377e-02,1.334061e-02,1.099178e-02,1.175052e-03,5.568984e-02,6.415616e-02,4.160664e-01,1.472492e-01,5.046947e-02,1.484858e-02,4.212512e-02,5.160873e-03
1.169703e-01,7.849829e-02,1.581565e-02,1.837966e-02,1.427873e-02,9.110769e-03,1.131481e-03,5.009177e-02,6.932092e-02,4.191442e-01,1.118897e-01,3.918156e-02,1.133687e-02,3.852478e-02,6.325386e-03
1.217078e-01,6.219145e-02,1.192294e-02,2.075015e-02,1.654760e-02,7.156288e-03,1.103898e-03,5.040203e-02,6.273603e-02,4.674693e-01,9.409583e-02,2.874378e-02,8.809734e-03,4.053627e-02,5.826910e-03
1.628939e-01,4.833599e-02,9.727324e-03,2.414861e-02,2.310181e-02,5.919103e-03,1.578137e-03,1.016006e-01,5.425446e-02,3.972716e-01,9.850203e-02,2.296041e-02,7.544217e-03,3.621001e-02,5.951827e-03
2.230973e-01,3.623847e-02,8.134600e-03,2.703058e-02,2.385134e-02,5.392423e-03,2.128922e-03,1.366831e-01,4.324479e-02,3.266682e-01,1.005543e-01,1.981840e-02,6.444080e-03,3.377309e-02,6.940510e-03
2.979688e-01,3.101063e-02,8.052376e-03,3.516947e-02,2.715278e-02,7.300069e-03,2.860039e-03,1.154015e-01,3.897970e-02,2.788330e-01,8.821884e-02,1.835856e-02,6.149100e-03,3.270572e-02,1.183949e-02
3.482349e-01,2.646841e-02,7.183868e-03,3.293220e-02,2.575299e-02,7.770076e-03,2.591230e-03,9.192752e-02,3.109525e-02,2.727738e-01,8.982176e-02,1.738849e-02,6.250161e-03,2.623712e-02,1.357225e-02
4.140977e-01,2.132220e-02,6.781434e-03,2.855816e-02,2.686255e-02,8.369619e-03,2.461878e-03,7.107485e-02,2.847553e-02,2.449906e-01,8.530474e-02,1.812899e-02,7.397495e-03,2.055931e-02,1.561502e-02
4.786205e-01,1.649899e-02,5.459867e-03,2.207848e-02,2.319513e-02,7.176808e-03,1.976149e-03,5.137437e-02,2.270007e-02,2.459615e-01,7.385196e-02,1.553117e-02,6.874526e-03,1.541685e-02,1.328359e-02
1.000000e+00,0.000000e+00,0.000000e+00,0.000000e+00,0.000000e+00,0.000000e+00,0.000000e+00,0.000000e+00,0.000000e+00,0.000000e+00,0.000000e+00,0.000000e+00,0.000000e+00,0.000000e+00,0.000000e+00
1.000000e+00,0.000000e+00,0.000000e+00,0.000000e+00,0.000000e+00,0.000000e+00,0.000000e+00,0.000000e+00,0.000000e+00,0.000000e+00,0.000000e+00,0.000000e+00,0.000000e+00,0.000000e+00,0.000000e+00
1.000000e+00,0.000000e+00,0.000000e+00,0.000000e+00,0.000000e+00,0.000000e+00,0.000000e+00,0.000000e+00,0.000000e+00,0.000000e+00,0.000000e+00,0.000000e+00,0.000000e+00,0.000000e+00,0.000000e+00
1.000000e+00,0.000000e+00,0.000000e+00,0.000000e+00,0.000000e+00,0.000000e+00,0.000000e+00,0.000000e+00,0.000000e+00,0.000000e+00,0.000000e+00,0.000000e+00,0.000000e+00,0.000000e+00,0.000000e+00
1.000000e+00,0.000000e+00,0.000000e+00,0.000000e+00,0.000000e+00,0.000000e+00,0.000000e+00,0.000000e+00,0.000000e+00,0.000000e+00,0.000000e+00,0.000000e+00,0.000000e+00,0.000000e+00,0.000000e+00
1.000000e+00,0.000000e+00,0.000000e+00,0.000000e+00,0.000000e+00,0.000000e+00,0.000000e+00,0.000000e+00,0.000000e+00,0.000000e+00,0.000000e+00,0.000000e+00,0.000000e+00,0.000000e+00,0.000000e+00
1.000000e+00,0.000000e+00,0.000000e+00,0.000000e+00,0.000000e+00,0.000000e+00,0.000000e+00,0.000000e+00,0.000000e+00,0.000000e+00,0.000000e+00,0.000000e+00,0.000000e+00,0.000000e+00,0.000000e+00
1.000000e+00,0.000000e+00,0.000000e+00,0.000000e+00,0.000000e+00,0.000000e+00,0.000000e+00,0.000000e+00,0.000000e+00,0.000000e+00,0.000000e+00,0.000000e+00,0.000000e+00,0.000000e+00,0.000000e+00
1.000000e+00,0.000000e+00,0.000000e+00,0.000000e+00,0.000000e+00,0.000000e+00,0.000000e+00,0.000000e+00,0.000000e+00,0.000000e+00,0.000000e+00,0.000000e+00,0.000000e+00,0.000000e+00,0.000000e+00
1.000000e+00,0.000000e+00,0.000000e+00,0.000000e+00,0.000000e+00,0.000000e+00,0.000000e+00,0.000000e+00,0.000000e+00,0.000000e+00,0.000000e+00,0.000000e+00,0.000000e+00,0.000000e+00,0.000000e+00
1.000000e+00,0.000000e+00,0.000000e+00,0.000000e+00,0.000000e+00,0.000000e+00,0.000000e+00,0.000000e+00,0.000000e+00,0.000000e+00,0.000000e+00,0.000000e+00,0.000000e+00,0.000000e+00,0.000000e+00
1.000000e+00,0.000000e+00,0.000000e+00,0.000000e+00,0.000000e+00,0.000000e+00,0.000000e+00,0.000000e+00,0.000000e+00,0.000000e+00,0.000000e+00,0.000000e+00,0.000000e+00,0.000000e+00,0.000000e+00
1.000000e+00,0.000000e+00,0.000000e+00,0.000000e+00,0.000000e+00,0.000000e+00,0.000000e+00,0.000000e+00,0.000000e+00,0.000000e+00,0.000000e+00,0.000000e+00,0.000000e+00,0.000000e+00,0.000000e+00
1.000000e+00,0.000000e+00,0.000000e+00,0.000000e+00,0.000000e+00,0.000000e+00,0.000000e+00,0.000000e+00,0.000000e+00,0.000000e+00,0.000000e+00,0.000000e+00,0.000000e+00,0.000000e+00,0.000000e+00
1.000000e+00,0.000000e+00,0.000000e+00,0.000000e+00,0.000000e+00,0.000000e+00,0.000000e+00,0.000000e+00,0.000000e+00,0.000000e+00,0.000000e+00,0.000000e+00,0.000000e+00,0.000000e+00,0.000000e+00
4.586480e-01,7.156711e-03,1.423795e-02,3.664748e-02,1.910751e-02,7.657454e-03,2.672666e-03,5.204605e-02,2.464153e-02,2.299540e-02,4.214728e-02,2.102317e-02,1.571520e-01,2.468261e-02,1.091842e-01
3.819931e-01,7.477322e-03,1.231926e-02,3.131774e-02,1.799608e-02,7.504041e-03,2.850127e-03,4.217913e-02,2.783675e-02,2.265394e-02,3.582603e-02,2.254643e-02,1.499833e-01,4.107644e-02,1.964403e-01
3.052007e-01,6.042555e-03,1.032561e-02,2.357431e-02,3.247335e-02,7.692758e-03,5.238985e-03,3.163480e-02,3.375059e-02,2.766296e-02,4.178436e-02,2.464426e-02,1.667524e-01,3.456662e-02,2.486558e-01
2.301929e-01,5.177479e-03,8.127308e-03,1.750649e-02,3.431550e-02,6.582360e-03,4.652257e-03,2.314867e-02,3.052088e-02,3.921844e-02,3.304650e-02,3.433409e-02,1.406253e-01,3.764717e-02,3.549047e-01
2.778103e-01,6.497119e-03,7.398696e-03,2.503225e-02,2.831644e-02,1.824806e-02,5.324593e-03,1.844333e-02,3.575226e-02,3.080240e-02,2.974080e-02,4.027506e-02,1.500054e-01,3.504107e-02,2.913122e-01
2.283996e-01,6.364394e-03,8.325783e-03,2.030503e-02,2.665628e-02,1.542965e-02,4.582563e-03,1.365120e-02,3.211155e-02,2.652720e-02,2.813155e-02,8.006041e-02,1.488353e-01,4.048187e-02,3.201376e-01
2.054986e-01,5.367106e-03,7.628057e-03,1.494332e-02,2.114739e-02,1.379834e-02,6.212926e-03,1.139813e-02,2.824211e-02,2.369902e-02,2.425352e-02,1.494659e-01,1.262055e-01,6.128315e-02,3.008570e-01
1.980222e-01,4.362696e-03,8.800094e-03,1.123029e-02,1.674401e-02,1.745841e-02,1.009663e-02,1.115896e-02,2.459396e-02,2.139959e-02,2.676066e-02,2.010619e-01,1.170951e-01,8.286899e-02,2.483466e-01
1.574352e-01,3.609637e-03,7.047846e-03,8.720513e-03,1.316720e-02,1.472613e-02,9.087246e-03,9.427082e-03,1.914679e-02,1.665392e-02,2.062970e-02,3.106971e-01,1.631971e-01,6.576724e-02,1.806874e-01
1.492990e-01,3.772280e-03,5.595041e-03,6.787626e-03,1.065407e-02,1.486317e-02,9.039516e-03,8.864252e-03,1.650008e-02,1.292123e-02,1.683355e-02,4.068231e-01,1.558523e-01,5.033053e-02,1.318643e-01
1.619683e-01,3.717156e-03,4.730145e-03,5.149544e-03,1.053805e-02,1.472117e-02,8.580630e-03,7.848626e-03,1.336267e-02,9.474882e-03,1.322445e-02,4.668050e-01,1.445202e-01,3.909821e-02,9.626092e-02
1.465210e-01,3.193987e-03,5.063398e-03,3.903762e-03,9.989429e-03,1.705395e-02,1.652718e-02,1.444792e-02,1.000181e-02,6.983297e-03,1.091204e-02,5.077748e-01,1.490175e-01,2.956431e-02,6.904563e-02
1.719532e-01,3.497916e-03,4.808262e-03,3.843952e-03,1.460607e-02,1.681197e-02,1.522706e-02,1.259283e-02,7.962415e-03,5.040999e-03,9.542219e-03,4.916641e-01,1.710053e-01,2.174884e-02,4.969479e-02
2.702656e-01,4.084233e-03,4.234325e-03,7.111626e-03,2.055429e-02,3.159199e-02,1.271583e-02,9.705341e-03,7.131085e-03,3.783920e-03,1.374551e-02,3.929228e-01,1.663141e-01,1.728023e-02,3.855910e-02
3.049781e-01,5.468950e-03,4.355030e-03,1.436314e-02,3.085438e-02,5.777916e-02,1.265424e-02,9.193705e-03,1.057852e-02,6.057261e-03,2.206853e-02,3.299336e-01,1.457965e-01,1.448564e-02,3.143324e-02
2.978751e-01,4.878024e-03,3.618863e-03,1.368744e-02,4.733025e-02,1.112955e-01,1.152013e-02,7.760770e-03,1.078684e-02,9.843916e-03,2.902098e-02,2.976893e-01,1.168059e-01,1.385211e-02,2.403498e-02
2.678500e-01,3.944142e-03,2.761658e-03,1.348223e-02,4.999620e-02,1.543954e-01,1.067240e-02,9.246713e-03,9.838589e-03,9.987760e-03,2.955073e-02,3.087327e-01,9.841084e-02,1.310122e-02,1.802945e-02
2.458334e-01,3.386288e-03,2.063334e-03,1.166003e-02,4.285432e-02,1.625019e-01,9.327666e-03,8.834464e-03,1.056531e-02,8.323089e-03,3.222863e-02,3.534763e-01,8.446250e-02,1.062020e-02,1.386255e-02
2.452164e-01,3.777587e-03,1.736685e-03,1.286753e-02,3.634803e-02,1.724784e-01,8.731967e-03,7.941566e-03,1.157731e-02,7.937111e-03,3.055107e-02,3.281562e-01,1.083333e-01,1.080760e-02,1.353930e-02
1.851837e-01,3.145189e-03,1.518551e-03,1.420485e-02,1.503667e-01,1.385848e-01,8.656447e-03,1.315790e-01,1.145966e-02,5.645535e-03,2.202985e-02,2.309769e-01,7.941644e-02,7.667127e-03,9.565192e-03
1.522143e-01,2.790505e-03,1.465824e-03,1.266290e-02,2.976660e-01,1.042540e-01,8.908008e-03,1.492638e-01,1.016066e-02,4.113110e-03,1.782273e-02,1.634049e-01,6.287516e-02,5.553401e-03,6.844683e-03
1.165683e-01,3.422187e-03,3.436075e-03,2.279653e-02,2.950394e-01,7.837336e-02,2.821016e-02,1.133464e-01,1.090068e-02,1.360742e-02,5.332618e-02,1.232868e-01,1.217555e-01,4.797896e-03,1.113309e-02
8.438701e-02,2.809058e-03,3.527480e-03,2.272966e-02,2.757863e-01,5.673711e-02,2.790104e-02,8.580914e-02,1.269542e-02,1.850614e-02,1.078609e-01,1.255056e-01,1.610739e-01,4.515698e-03,1.015559e-02
6.549168e-02,2.494057e-03,2.894823e-03,2.027519e-02,2.378137e-01,4.088785e-02,2.438417e-02,6.101911e-02,1.608621e-02,2.858501e-02,1.169905e-01,1.367839e-01,2.295740e-01,6.877835e-03,9.841910e-03
6.907742e-02,7.878858e-03,4.001746e-03,2.246147e-02,2.197585e-01,3.409388e-02,1.882250e-02,5.171212e-02,6.216327e-02,2.410429e-02,1.027508e-01,1.204048e-01,2.392748e-01,1.324512e-02,1.025047e-02
6.090542e-02,1.698739e-02,5.760488e-03,2.907672e-02,2.061467e-01,3.316239e-02,1.570152e-02,4.343824e-02,8.131513e-02,2.689100e-02,9.607299e-02,1.093320e-01,2.443604e-01,1.670662e-02,1.414294e-02
5.116384e-02,1.430322e-02,5.371666e-03,2.400483e-02,1.704483e-01,2.501851e-02,1.226397e-02,3.644803e-02,1.085786e-01,2.820565e-02,1.332997e-01,1.163700e-01,2.022118e-01,5.880900e-02,1.350290e-02
5.295235e-02,1.149188e-02,5.414835e-03,2.021709e-02,1.354031e-01,1.949407e-02,9.133178e-03,2.921211e-02,9.840645e-02,2.889392e-02,2.002169e-01,1.268542e-01,1.531239e-01,9.782501e-02,1.136101e-02
9.840749e-02,9.551322e-03,4.619407e-03,1.810412e-02,1.038114e-01,1.729727e-02,7.128389e-03,2.262487e-02,7.450601e-02,2.992172e-02,2.398407e-01,1.623262e-01,1.116039e-01,9.118092e-02,9.076208e-03
1.078935e-01,7.634060e-03,4.088854e-03,1.396428e-02,7.763055e-02,1.352625e-02,5.435711e-03,1.705106e-02,5.482573e-02,2.347801e-02,2.969890e-01,1.926500e-01,7.936684e-02,9.850523e-02,6.960961e-03
1.202245e-01,1.142342e-02,1.325493e-02,1.690682e-02,7.704659e-02,1.193154e-02,4.848590e-03,2.029386e-02,4.839554e-02,1.751206e-02,2.525764e-01,2.590794e-01,5.745212e-02,8.350719e-02,5.547084e-03
1.600244e-01,8.955060e-03,1.069800e-02,1.243529e-02,5.575728e-02,1.033163e-02,4.048802e-03,1.584327e-02,3.726386e-02,1.310742e-02,3.112739e-01,2.179842e-01,4.098789e-02,9.710756e-02,4.181498e-03
1.535639e-01,7.138987e-03,8.455597e-03,9.123633e-03,4.035648e-02,8.466676e-03,3.013236e-03,1.177338e-02,2.817550e-02,1.022236e-02,3.600336e-01,1.767619e-01,2.931508e-02,1.504082e-01,3.191520e-03
1.212882e-01,6.305581e-03,1.003255e-02,7.100271e-03,2.909263e-02,6.445921e-03,2.165358e-03,9.077056e-03,2.492944e-02,7.597615e-03,4.799706e-01,1.432022e-01,2.106265e-02,1.292386e-01,2.491147e-03
8.697405e-02,4.532347e-03,7.251022e-03,5.182179e-03,2.084739e-02,4.857719e-03,1.534845e-03,6.492552e-03,2.214281e-02,5.828861e-03,5.706669e-01,1.388049e-01,1.507977e-02,1.079792e-01,1.825320e-03
6.376965e-02,3.462324e-03,6.630118e-03,4.220049e-03,1.528844e-02,4.582505e-03,1.107961e-03,5.096969e-03,1.987234e-02,4.760992e-03,6.078415e-01,1.540477e-01,1.100024e-02,9.690944e-02,1.409704e-03
4.568205e-02,2.684538e-03,5.347265e-03,3.535660e-03,2.965006e-02,3.375355e-03,1.158699e-03,3.771687e-03,1.982863e-02,4.396557e-03,6.350518e-01,1.512173e-01,9.347919e-03,8.326709e-02,1.685295e-03
3.313276e-02,2.270439e-03,5.820639e-03,2.999600e-03,4.913564e-02,2.500548e-03,1.286788e-03,2.916589e-03,1.934708e-02,3.854878e-03,6.302781e-01,1.591183e-01,8.130589e-03,7.719930e-02,2.008718e-03
2.689866e-02,7.464366e-03,1.348554e-02,3.464739e-03,5.547368e-02,3.618619e-03,1.160096e-03,5.385702e-03,2.375443e-02,4.159311e-03,6.144235e-01,1.585458e-01,6.451869e-03,7.357427e-02,2.139392e-03
2.780053e-02,7.571349e-03,1.229925e-02,2.741881e-03,4.340347e-02,3.559540e-03,1.088772e-03,4.763387e-03,2.104225e-02,5.743950e-03,6.390511e-01,1.344662e-01,5.689111e-03,8.872212e-02,2.057041e-03
2.875972e-02,3.458792e-02,2.217254e-02,2.155950e-03,3.602807e-02,3.587308e-03,1.075085e-03,4.817731e-03,1.970416e-02,9.153026e-03,6.447567e-01,1.053482e-01,4.460610e-03,8.104335e-02,2.349675e-03
3.945539e-02,3.684518e-02,4.059013e-02,2.179141e-03,3.637279e-02,7.818821e-03,1.799820e-03,1.398189e-02,3.150984e-02,1.767332e-02,6.111948e-01,8.331774e-02,3.653009e-03,7.088755e-02,2.720572e-03
5.131087e-02,3.654136e-02,4.359091e-02,2.078168e-03,3.629651e-02,8.406481e-03,1.919102e-03,1.480670e-02,4.825879e-02,2.022783e-02,5.993060e-01,7.113343e-02,3.312488e-03,5.992250e-02,2.888911e-03
5.396691e-02,2.760658e-02,3.526390e-02,2.007071e-03,2.960538e-02,9.615422e-03,1.867501e-03,1.229222e-02,3.565195e-02,1.563406e-02,6.720239e-01,5.395439e-02,3.055329e-03,4.464998e-02,2.805397e-03
5.893540e-02,2.489457e-02,3.053251e-02,2.464506e-03,5.686219e-02,1.106330e-02,3.551003e-03,1.462935e-02,2.901893e-02,1.245928e-02,6.566416e-01,5.054845e-02,4.770073e-03,3.936432e-02,4.264583e-03
6.517087e-02,2.997718e-02,3.853867e-02,2.606359e-03,8.178610e-02,1.192794e-02,4.709600e-03,3.437610e-02,3.512164e-02,1.144901e-02,5.778813e-01,5.675234e-02,8.408044e-03,3.687990e-02,4.414989e-03
6.828465e-02,2.987816e-02,6.361666e-02,2.556859e-03,1.140116e-01,1.313081e-02,5.225118e-03,6.913232e-02,3.151048e-02,1.176380e-02,5.015025e-01,4.628303e-02,7.594270e-03,3.021105e-02,5.298770e-03
5.835341e-02,2.437458e-02,6.264606e-02,2.093107e-03,2.765379e-01,1.326377e-02,1.047785e-02,6.736884e-02,4.185435e-02,8.696123e-03,3.655518e-01,3.474668e-02,6.469221e-03,2.345807e-02,4.108285e-03
4.527208e-02,1.944209e-02,1.067941e-01,1.619537e-03,3.291206e-01,1.489621e-02,1.283011e-02,1.044546e-01,3.451880e-02,6.352091e-03,2.733814e-01,2.475582e-02,6.229816e-03,1.722412e-02,3.108601e-03
5.039720e-02,1.952975e-02,1.147991e-01,1.688736e-03,3.791058e-01,1.728046e-02,1.382198e-02,1.060137e-01,4.641049e-02,4.676380e-03,2.076925e-01,1.792345e-02,5.286715e-03,1.282245e-02,2.551210e-03
5.310526e-02,2.091439e-02,1.266139e-01,1.686299e-03,4.080207e-01,1.769888e-02,1.250612e-02,1.047338e-01,4.876386e-02,3.703606e-03,1.732825e-01,1.303225e-02,4.255203e-03,9.667265e-03,2.015914e-03
7.090424e-02,2.720410e-02,1.660618e-01,2.020798e-03,3.533857e-01,1.468945e-02,9.664186e-03,9.995136e-02,5.230627e-02,3.602686e-03,1.757411e-01,9.990084e-03,3.549133e-03,9.308240e-03,1.620795e-03
8.053384e-02,2.429838e-02,1.436915e-01,2.967250e-03,3.312907e-01,1.149846e-02,8.459650e-03,1.610170e-01,6.217038e-02,2.918587e-03,1.509665e-01,7.881716e-03,2.973527e-03,8.029856e-03,1.302628e-03
1.244617e-01,2.323456e-02,1.361133e-01,3.564940e-03,3.367628e-01,9.097674e-03,7.129581e-03,1.378716e-01,6.336854e-02,2.672043e-03,1.361289e-01,6.873142e-03,2.632251e-03,8.765975e-03,1.322987e-03
2.680338e-01,1.949300e-02,9.977844e-02,6.191496e-03,2.888357e-01,8.030394e-03,5.363999e-03,1.053642e-01,6.400843e-02,2.866497e-03,1.092037e-01,8.431558e-03,2.969223e-03,9.787060e-03,1.642593e-03
3.497592e-01,1.556242e-02,7.340784e-02,1.127459e-02,2.738305e-01,7.961058e-03,4.224088e-03,7.962562e-02,5.646970e-02,3.577795e-03,9.434219e-02,1.246927e-02,3.751320e-03,1.113791e-02,2.606580e-03
4.276977e-01,1.263261e-02,5.390249e-02,1.635303e-02,2.463910e-01,7.099617e-03,3.529744e-03,5.879007e-02,4.984532e-02,9.463058e-03,8.273031e-02,1.421626e-02,4.221766e-03,9.751622e-03,3.375449e-03
4.998074e-01,1.133208e-02,3.953500e-02,2.072479e-02,2.118640e-01,8.102758e-03,3.177386e-03,4.446885e-02,4.377453e-02,1.090912e-02,6.930894e-02,1.838139e-02,5.037108e-03,8.180337e-03,5.396401e-03
4.432096e-01,1.398553e-02,3.055984e-02,7.263599e-02,1.563311e-01,1.302963e-02,4.873203e-03,8.153389e-02,4.090036e-02,1.159368e-02,6.817195e-02,3.618150e-02,8.310772e-03,7.733146e-03,1.094977e-02
3.926404e-01,1.470272e-02,2.591670e-02,1.074857e-01,1.128128e-01,1.457722e-02,5.366832e-03,1.452504e-01,3.409678e-02,1.500214e-02,5.802420e-02,4.245110e-02,8.471766e-03,8.003537e-03,1.519760e-02
3.461689e-01,1.272460e-02,2.126723e-02,1.079786e-01,8.191178e-02,1.286405e-02,4.665245e-03,2.638948e-01,2.598644e-02,1.391392e-02,4.518168e-02,3.513986e-02,7.612710e-03,6.512686e-03,1.417750e-02
4.092274e-01,2.030166e-02,1.945288e-02,1.053993e-01,6.130708e-02,1.411906e-02,4.660509e-03,2.218882e-01,2.187214e-02,1.210355e-02,3.983333e-02,3.252336e-02,8.913810e-03,7.862620e-03,2.053507e-02
4.491592e-01,2.873968e-02,1.807963e-02,1.023749e-01,4.571813e-02,1.588292e-02,4.806133e-03,1.808705e-01,1.881370e-02,1.019704e-02,4.128791e-02,3.267472e-02,1.094832e-02,1.198788e-02,2.845931e-02
4.613581e-01,3.398204e-02,1.852843e-02,9.507471e-02,3.492754e-02,1.889767e-02,5.430016e-03,1.708854e-01,1.586372e-02,8.455739e-03,4.357167e-02,3.433625e-02,1.272311e-02,1.540584e-02,3.055988e-02
4.411287e-01,3.212313e-02,2.198351e-02,8.535211e-02,2.603911e-02,1.966075e-02,6.826423e-03,2.184456e-01,1.303264e-02,6.667573e-03,3.782307e-02,3.360054e-02,1.362479e-02,1.497421e-02,2.871779e-02
3.121037e-01,2.272251e-02,1.841437e-02,6.191238e-02,1.849307e-02,1.429558e-02,5.438749e-03,4.412933e-01,9.194538e-03,4.691601e-03,2.677286e-02,2.395330e-02,9.843554e-03,1.058701e-02,2.028351e-02
2.200895e-01,1.600407e-02,1.360232e-02,4.377407e-02,1.320183e-02,1.033118e-02,4.404457e-03,6.040051e-01,6.474803e-03,3.299570e-03,1.893850e-02,1.688559e-02,7.041587e-03,7.635382e-03,1.431205e-02
1.559741e-01,1.140165e-02,1.059655e-02,3.103382e-02,9.522090e-03,7.695958e-03,4.354461e-03,7.163086e-01,4.572917e-03,2.331820e-03,1.339897e-02,1.193087e-02,5.073926e-03,5.613869e-03,1.019047e-02
1.116094e-01,8.094865e-03,8.201016e-03,2.193706e-02,6.879159e-03,5.669781e-03,4.724295e-03,7.951747e-01,3.216442e-03,1.653383e-03,9.419683e-03,8.447675e-03,3.717816e-03,4.006627e-03,7.248267e-03
8.609670e-02,5.907323e-03,6.309458e-03,1.574717e-02,5.999194e-03,4.640489e-03,5.345602e-03,8.414205e-01,2.320377e-03,1.258721e-03,6.755674e-03,6.419139e-03,3.450749e-03,2.951121e-03,5.377814e-03
7.841364e-02,4.478582e-03,5.577466e-03,1.165219e-02,6.864151e-03,4.198108e-03,5.519727e-03,8.571914e-01,1.852255e-03,1.150898e-03,5.326527e-03,6.102055e-03,4.707557e-03,2.364243e-03,4.601185e-03
1.478018e-01,4.198152e-03,5.373328e-03,9.530067e-03,9.793881e-03,4.600587e-03,5.446882e-03,7.697129e-01,2.839941e-03,1.830861e-03,5.260244e-03,1.013869e-02,1.597613e-02,2.351415e-03,5.145061e-03
2.141842e-01,5.186274e-03,4.800653e-03,9.543918e-03,1.562451e-02,5.153041e-03,4.761403e-03,6.883088e-01,3.594564e-03,2.141732e-03,5.198152e-03,1.544981e-02,1.778712e-02,2.198331e-03,6.067423e-03
2.263396e-01,6.530279e-03,5.103518e-03,1.082831e-02,1.972052e-02,8.104778e-03,4.786824e-03,6.564114e-01,3.987663e-03,2.158373e-03,4.860804e-03,2.148238e-02,2.112493e-02,1.876754e-03,6.683887e-03
2.776181e-01,8.019424e-03,8.077545e-03,1.119700e-02,2.303781e-02,1.969591e-02,5.736162e-03,5.869709e-01,4.437404e-03,1.912474e-03,4.430359e-03,2.073224e-02,1.994804e-02,1.564610e-03,6.622012e-03
3.061683e-01,9.189639e-03,2.253020e-02,1.221566e-02,2.339253e-02,3.616830e-02,6.381136e-03,5.292563e-01,3.713761e-03,2.036904e-03,3.803673e-03,2.047044e-02,1.670216e-02,1.309366e-03,6.661525e-03
4.355775e-01,7.000674e-03,2.381202e-02,1.048869e-02,1.830441e-02,3.982418e-02,6.999772e-03,4.091857e-01,3.077281e-03,1.806127e-03,3.471659e-03,1.990712e-02,1.363178e-02,1.164909e-03,5.748198e-03
1.000000e+00,0.000000e+00,0.000000e+00,0.000000e+00,0.000000e+00,0.000000e+00,0.000000e+00,0.000000e+00,0.000000e+00,0.000000e+00,0.000000e+00,0.000000e+00,0.000000e+00,0.000000e+00,0.000000e+00
1.000000e+00,0.000000e+00,0.000000e+00,0.000000e+00,0.000000e+00,0.000000e+00,0.000000e+00,0.000000e+00,0.000000e+00,0.000000e+00,0.000000e+00,0.000000e+00,0.000000e+00,0.000000e+00,0.000000e+00
1.000000e+00,0.000000e+00,0.000000e+00,0.000000e+00,0.000000e+00,0.000000e+00,0.000000e+00,0.000000e+00,0.000000e+00,0.000000e+00,0.000000e+00,0.000000e+00,0.000000e+00,0.000000e+00,0.000000e+00
1.000000e+00,0.000000e+00,0.000000e+00,0.000000e+00,0.000000e+00,0.000000e+00,0.000000e+00,0.000000e+00,0.000000e+00,0.000000e+00,0.000000e+00,0.000000e+00,0.000000e+00,0.000000e+00,0.000000e+00
1.000000e+00,0.000000e+00,0.000000e+00,0.000000e+00,0.000000e+00,0.000000e+00,0.000000e+00,0.000000e+00,0.000000e+00,0.000000e+00,0.000000e+00,0.000000e+00,0.000000e+00,0.000000e+00,0.000000e+00
1.000000e+00,0.000000e+00,0.000000e+00,0.000000e+00,0.000000e+00,0.000000e+00,0.000000e+00,0.000000e+00,0.000000e+00,0.000000e+00,0.000000e+00,0.000000e+00,0.000000e+00,0.000000e+00,0.000000e+00
1.000000e+00,0.000000e+00,0.000000e+00,0.000000e+00,0.000000e+00,0.000000e+00,0.000000e+00,0.000000e+00,0.000000e+00,0.000000e+00,0.000000e+00,0.000000e+00,0.000000e+00,0.000000e+00,0.000000e+00
4.538353e-01,1.311427e-02,6.810366e-03,3.566659e-02,7.884988e-03,6.693488e-02,1.008338e-02,4.088537e-02,8.449333e-03,2.219733e-03,1.028381e-02,2.474624e-01,8.028536e-02,1.530726e-03,1.455362e-02
3.999341e-01,1.285052e-02,7.092651e-03,3.975175e-02,9.161087e-03,7.735256e-02,1.210290e-02,3.376782e-02,9.224813e-03,2.131243e-03,1.111656e-02,2.829174e-01,8.658343e-02,1.691275e-03,1.432184e-02
3.089627e-01,1.564857e-02,8.425528e-03,6.274045e-02,1.557498e-02,8.424220e-02,1.237031e-02,3.011135e-02,1.253590e-02,2.179674e-03,1.103159e-02,3.075278e-01,1.095487e-01,1.883668e-03,1.721650e-02
2.615510e-01,1.623224e-02,9.180298e-03,7.531310e-02,1.941203e-02,8.549555e-02,1.242157e-02,2.830117e-02,1.378852e-02,2.259681e-03,1.186044e-02,3.195546e-01,1.243625e-01,2.305626e-03,1.796163e-02
2.962024e-01,1.716323e-02,1.076227e-02,8.059679e-02,2.075119e-02,8.229847e-02,1.251493e-02,2.654731e-02,1.418614e-02,2.576236e-03,1.282758e-02,2.837226e-01,1.186385e-01,3.030035e-03,1.818231e-02
3.226518e-01,1.704374e-02,1.534662e-02,8.227398e-02,2.248484e-02,7.657015e-02,1.126607e-02,2.600037e-02,1.319732e-02,3.182562e-03,1.776457e-02,2.582085e-01,1.113379e-01,4.185135e-03,1.848630e-02
2.282649e-01,1.330051e-02,1.105012e-02,5.854563e-02,1.598019e-02,5.648088e-02,7.941413e-03,1.843728e-02,9.594701e-03,2.540021e-03,2.257994e-01,2.513529e-01,7.917050e-02,8.267701e-03,1.327375e-02
1.664536e-01,1.018819e-02,8.472913e-03,4.184955e-02,1.168455e-02,4.276733e-02,5.732865e-03,1.331876e-02,7.144616e-03,1.945387e-03,3.831890e-01,2.344772e-01,5.613656e-02,6.934528e-03,9.704923e-03
1.705696e-01,1.019446e-02,9.336273e-03,3.311985e-02,9.506692e-03,5.956762e-02,4.603597e-03,1.025509e-02,6.356257e-03,1.930146e-03,3.749841e-01,2.526347e-01,4.213400e-02,5.786270e-03,9.021219e-03
1.404583e-01,9.293434e-03,6.884919e-03,2.707617e-02,7.296716e-03,5.079969e-02,3.407336e-03,7.565448e-03,5.186920e-03,1.706047e-03,4.483998e-01,2.470878e-01,3.077578e-02,5.173645e-03,8.887941e-03
1.196078e-01,8.284361e-03,5.364764e-03,2.678090e-02,6.362347e-03,6.147873e-02,2.650633e-03,5.570025e-03,4.687742e-03,1.390386e-03,4.633610e-01,2.575887e-01,2.223196e-02,4.521603e-03,1.011910e-02
1.356950e-01,1.137721e-02,4.684830e-03,2.922830e-02,6.378947e-03,6.214130e-02,2.265592e-03,4.297472e-03,4.445083e-03,1.390402e-03,4.560732e-01,2.471199e-01,1.663226e-02,4.327385e-03,1.394305e-02
1.688669e-01,1.385366e-02,4.367033e-03,3.572636e-02,8.180241e-03,5.076468e-02,1.951643e-03,3.741374e-03,4.820399e-03,1.448044e-03,4.003655e-01,2.731723e-01,1.224202e-02,5.100066e-03,1.539973e-02
2.137111e-01,1.604266e-02,3.885820e-03,4.427431e-02,9.042222e-03,4.298832e-02,1.668918e-03,3.027443e-03,4.568481e-03,1.468770e-03,3.583071e-01,2.683664e-01,9.335502e-03,5.796573e-03,1.751644e-02
2.193168e-01,1.516466e-02,3.550236e-03,5.508493e-02,1.773334e-02,3.736798e-02,1.544880e-03,3.423820e-03,4.471942e-03,1.308554e-03,3.017815e-01,3.096471e-01,6.977797e-03,7.204388e-03,1.542201e-02
2.629843e-01,1.486924e-02,3.180054e-03,5.379599e-02,2.654220e-02,3.337757e-02,1.309148e-03,3.116994e-03,4.237986e-03,1.166007e-03,2.431720e-01,3.246687e-01,5.530521e-03,7.993813e-03,1.405541e-02
3.036252e-01,1.870254e-02,3.147989e-03,5.209813e-02,2.794057e-02,3.199244e-02,1.504153e-03,2.875113e-03,4.801352e-03,1.137872e-03,2.170502e-01,3.083332e-01,5.094450e-03,7.476362e-03,1.422060e-02
2.872588e-01,2.269453e-02,4.843411e-03,4.899288e-02,4.533719e-02,3.365723e-02,3.809451e-03,6.271834e-03,5.499834e-03,1.135191e-03,1.783455e-01,3.371665e-01,5.720517e-03,6.410335e-03,1.285676e-02
2.334117e-01,1.960746e-02,4.471336e-03,3.801597e-02,4.628186e-02,3.072120e-02,3.851869e-03,5.152381e-03,5.312279e-03,1.034798e-03,1.529129e-01,4.386440e-01,4.755555e-03,5.667166e-03,1.015958e-02
2.327505e-01,2.287846e-02,4.956204e-03,3.357968e-02,4.169037e-02,3.544100e-02,4.025201e-03,4.837488e-03,6.116217e-03,1.494744e-03,1.531158e-01,4.358458e-01,4.875649e-03,6.296692e-03,1.209616e-02
2.731279e-01,2.082360e-02,4.876578e-03,3.165922e-02,3.745044e-02,4.070184e-02,4.165746e-03,5.580270e-03,6.161563e-03,1.459498e-03,1.342676e-01,4.164016e-01,4.804259e-03,6.768746e-03,1.175123e-02
3.153297e-01,1.845635e-02,4.570414e-03,2.889765e-02,3.658711e-02,3.513509e-02,4.469572e-03,6.696734e-03,8.467589e-03,1.430956e-03,1.125026e-01,4.051968e-01,5.118995e-03,7.108971e-03,1.003141e-02
3.343973e-01,2.102479e-02,7.069436e-03,3.346584e-02,3.508441e-02,3.399406e-02,7.264520e-03,1.750939e-02,1.013191e-02,1.406969e-03,9.542371e-02,3.791184e-01,6.586619e-03,7.391836e-03,1.013079e-02
3.844742e-01,2.247785e-02,8.663839e-03,3.734436e-02,3.224184e-02,3.304820e-02,7.972388e-03,1.911505e-02,1.098759e-02,1.433075e-03,8.039257e-02,3.367067e-01,6.570329e-03,8.230393e-03,1.034158e-02
4.523301e-01,2.132934e-02,7.912476e-03,3.611530e-02,2.850753e-02,3.425457e-02,8.236283e-03,1.829421e-02,1.096363e-02,1.565492e-03,7.787438e-02,2.751522e-01,7.560197e-03,8.459419e-03,1.144491e-02
1.000000e+00,0.000000e+00,0.000000e+00,0.000000e+00,0.000000e+00,0.000000e+00,0.000000e+00,0.000000e+00,0.000000e+00,0.000000e+00,0.000000e+00,0.000000e+00,0.000000e+00,0.000000e+00,0.000000e+00
1.000000e+00,0.000000e+00,0.000000e+00,0.000000e+00,0.000000e+00,0.000000e+00,0.000000e+00,0.000000e+00,0.000000e+00,0.000000e+00,0.000000e+00,0.000000e+00,0.000000e+00,0.000000e+00,0.000000e+00
1.000000e+00,0.000000e+00,0.000000e+00,0.000000e+00,0.000000e+00,0.000000e+00,0.000000e+00,0.000000e+00,0.000000e+00,0.000000e+00,0.000000e+00,0.000000e+00,0.000000e+00,0.000000e+00,0.000000e+00
1.000000e+00,0.000000e+00,0.000000e+00,0.000000e+00,0.000000e+00,0.000000e+00,0.000000e+00,0.000000e+00,0.000000e+00,0.000000e+00,0.000000e+00,0.000000e+00,0.000000e+00,0.000000e+00,0.000000e+00
1.000000e+00,0.000000e+00,0.000000e+00,0.000000e+00,0.000000e+00,0.000000e+00,0.000000e+00,0.000000e+00,0.000000e+00,0.000000e+00,0.000000e+00,0.000000e+00,0.000000e+00,0.000000e+00,0.000000e+00
1.000000e+00,0.000000e+00,0.000000e+00,0.000000e+00,0.000000e+00,0.000000e+00,0.000000e+00,0.000000e+00,0.000000e+00,0.000000e+00,0.000000e+00,0.000000e+00,0.000000e+00,0.000000e+00,0.000000e+00
4.990646e-01,1.784053e-02,1.598121e-02,1.940802e-02,4.769573e-02,1.042074e-01,2.667735e-02,1.769085e-02,2.751262e-02,5.812144e-03,4.507693e-02,6.476090e-02,8.947679e-02,5.388201e-03,1.340668e-02
4.391907e-01,2.760537e-02,1.598504e-02,1.752193e-02,5.568681e-02,9.577831e-02,2.028080e-02,1.751789e-02,5.994487e-02,5.833203e-03,4.852023e-02,5.944637e-02,1.090863e-01,5.711914e-03,2.189016e-02
3.389766e-01,2.772695e-02,1.660840e-02,1.539995e-02,5.778245e-02,7.821436e-02,1.527686e-02,1.912457e-02,8.235987e-02,5.593289e-03,5.747567e-02,6.755897e-02,1.915256e-01,5.145810e-03,2.123061e-02
2.705014e-01,2.707196e-02,1.444239e-02,1.569574e-02,6.414109e-02,6.822126e-02,1.168287e-02,1.620721e-02,1.043035e-01,5.291364e-03,8.174190e-02,8.111523e-02,2.095712e-01,7.947470e-03,2.206541e-02
2.145255e-01,2.921466e-02,2.381962e-02,4.088733e-02,5.583750e-02,6.239559e-02,9.744260e-03,2.211944e-02,1.168526e-01,7.676085e-03,6.852662e-02,7.760102e-02,2.337147e-01,1.013678e-02,2.694827e-02
1.728319e-01,2.976798e-02,2.352708e-02,3.318432e-02,4.797458e-02,5.780903e-02,8.662618e-03,3.603420e-02,1.082428e-01,6.410166e-03,1.126505e-01,8.832899e-02,2.203377e-01,3.206468e-02,2.217342e-02
1.568892e-01,2.496595e-02,2.210908e-02,2.803872e-02,4.259915e-02,6.570086e-02,8.230964e-03,3.882977e-02,9.532340e-02,7.711374e-03,8.936044e-02,9.024657e-02,2.782722e-01,2.822954e-02,2.349282e-02
1.174220e-01,1.850688e-02,1.618320e-02,2.119132e-02,3.246379e-02,6.342757e-02,6.106469e-03,2.879222e-02,7.061720e-02,5.850534e-03,6.640745e-02,6.705390e-02,4.396338e-01,2.065982e-02,2.568381e-02
9.668100e-02,2.217841e-02,1.374812e-02,1.610351e-02,2.477880e-02,5.085478e-02,5.618374e-03,2.438736e-02,6.775231e-02,4.427965e-03,4.850619e-02,4.974115e-02,5.255086e-01,1.480669e-02,3.490674e-02
8.850606e-02,1.688182e-02,1.169243e-02,1.200975e-02,1.961680e-02,4.516588e-02,6.373979e-03,1.802014e-02,4.988531e-02,3.431275e-03,3.467980e-02,3.579295e-02,6.074275e-01,1.050821e-02,4.000810e-02
6.972955e-02,1.222808e-02,8.504918e-03,8.652429e-03,1.480912e-02,4.672121e-02,5.565597e-03,1.303705e-02,3.552417e-02,2.637899e-03,2.607902e-02,2.676906e-02,6.750119e-01,7.628921e-03,4.710105e-02
6.132766e-02,9.447589e-03,6.390916e-03,7.723644e-03,1.120586e-02,5.907639e-02,4.668521e-03,9.402639e-03,2.750685e-02,4.116703e-03,3.325865e-02,4.346126e-02,6.614110e-01,6.229542e-03,5.477282e-02
5.225367e-02,6.943997e-03,4.692969e-03,6.326749e-03,8.531445e-03,4.880217e-02,4.259095e-03,6.725967e-03,2.078301e-02,5.905136e-03,6.241661e-02,5.308213e-02,6.023734e-01,5.028273e-03,1.118754e-01
4.838707e-02,5.185152e-03,3.318769e-03,5.414220e-03,6.290722e-03,5.667269e-02,3.270238e-03,4.855635e-03,1.643087e-02,8.783527e-03,9.088409e-02,7.362144e-02,5.854312e-01,4.628797e-03,8.682564e-02
3.644758e-02,3.705579e-03,2.366690e-03,4.702256e-03,4.721721e-03,4.272754e-02,2.529446e-03,3.552425e-03,1.493364e-02,2.942908e-02,1.163733e-01,6.886069e-02,5.712228e-01,3.911406e-03,9.451593e-02
2.758081e-02,3.402016e-03,3.174063e-03,6.784287e-03,1.345752e-02,3.030373e-02,2.026086e-03,3.124376e-03,4.602369e-02,3.909654e-02,1.397764e-01,6.419425e-02,5.269623e-01,2.899007e-03,9.119493e-02
5.153206e-02,3.078068e-03,5.858937e-03,1.281525e-02,1.435967e-02,2.843878e-02,2.260201e-03,4.167630e-03,5.096229e-02,6.559011e-02,1.603214e-01,5.597682e-02,4.361148e-01,2.342744e-03,1.061813e-01
4.919371e-02,3.077161e-03,5.809022e-03,1.065060e-02,1.188002e-02,2.166878e-02,1.934864e-03,4.878538e-03,4.447005e-02,8.645773e-02,1.767851e-01,5.011302e-02,3.849228e-01,2.458483e-03,1.457001e-01
7.585481e-02,3.099351e-03,6.043241e-03,8.984017e-03,8.954280e-03,1.665035e-02,1.576254e-03,4.033189e-03,3.705011e-02,9.661872e-02,1.646779e-01,4.489596e-02,3.149626e-01,3.143685e-03,2.134556e-01
6.613259e-02,3.288261e-03,9.189659e-03,7.220197e-03,6.605319e-03,1.241496e-02,1.143017e-03,3.688866e-03,2.926330e-02,8.148292e-02,1.486265e-01,3.831283e-02,2.656438e-01,4.250314e-03,3.227374e-01
6.793501e-02,2.989015e-03,1.193972e-02,5.832124e-03,4.960602e-03,9.417179e-03,8.660787e-04,3.485495e-03,2.368414e-02,6.997116e-02,1.297461e-01,3.484721e-02,2.179549e-01,7.075069e-03,4.092962e-01
5.296643e-02,3.049475e-03,1.241174e-02,5.404433e-03,5.805549e-03,7.355625e-03,6.579023e-04,4.424370e-03,2.200092e-02,6.868251e-02,1.222375e-01,3.084092e-02,1.902278e-01,9.389826e-03,4.645450e-01
3.989037e-02,3.296207e-03,1.901409e-02,6.343685e-03,1.176513e-02,6.883491e-03,5.513674e-04,6.693628e-03,3.921930e-02,8.373368e-02,1.130558e-01,3.375597e-02,1.608752e-01,1.167186e-02,4.632502e-01
4.826227e-02,7.111214e-03,2.776238e-02,6.336668e-03,1.666235e-02,7.052440e-03,8.038406e-04,1.030150e-02,1.120845e-01,9.232632e-02,1.037144e-01,3.953344e-02,1.244516e-01,1.295576e-02,3.906413e-01
4.996822e-02,7.366091e-03,1.079287e-01,6.580069e-03,1.334281e-02,5.322717e-03,7.282846e-04,1.159683e-01,9.836982e-02,7.262157e-02,8.273127e-02,4.028489e-02,9.062566e-02,1.641154e-02,2.917501e-01
6.581642e-02,7.830958e-03,1.960463e-01,3.630812e-02,4.795218e-02,7.527776e-03,8.043934e-04,1.000227e-01,9.214978e-02,5.517767e-02,6.792858e-02,3.418732e-02,6.593353e-02,1.331095e-02,2.090034e-01
5.382397e-02,5.853552e-03,3.638506e-01,7.708522e-02,3.706467e-02,5.786493e-03,6.047098e-04,7.326266e-02,6.670970e-02,3.895231e-02,5.032771e-02,2.443742e-02,4.639802e-02,9.407829e-03,1.464352e-01
4.465863e-02,4.748416e-03,4.334269e-01,1.587778e-01,2.814587e-02,6.624656e-03,4.405786e-04,5.179929e-02,4.773368e-02,2.761109e-02,3.641303e-02,1.757654e-02,3.263687e-02,6.645546e-03,1.027611e-01
