1.000000e+00,0.000000e+00,0.000000e+00,0.000000e+00,0.000000e+00,0.000000e+00,0.000000e+00,0.000000e+00,0.000000e+00,0.000000e+00,0.000000e+00,0.000000e+00,0.000000e+00,0.000000e+00,0.000000e+00
1.000000e+00,0.000000e+00,0.000000e+00,0.000000e+00,0.000000e+00,0.000000e+00,0.000000e+00,0.000000e+00,0.000000e+00,0.000000e+00,0.000000e+00,0.000000e+00,0.000000e+00,0.000000e+00,0.000000e+00
1.000000e+00,0.000000e+00,0.000000e+00,0.000000e+00,0.000000e+00,0.000000e+00,0.000000e+00,0.000000e+00,0.000000e+00,0.000000e+00,0.000000e+00,0.000000e+00,0.000000e+00,0.000000e+00,0.000000e+00
1.000000e+00,0.000000e+00,0.000000e+00,0.000000e+00,0.000000e+00,0.000000e+00,0.000000e+00,0.000000e+00,0.000000e+00,0.000000e+00,0.000000e+00,0.000000e+00,0.000000e+00,0.000000e+00,0.000000e+00
1.000000e+00,0.000000e+00,0.000000e+00,0.000000e+00,0.000000e+00,0.000000e+00,0.000000e+00,0.000000e+00,0.000000e+00,0.000000e+00,0.000000e+00,0.000000e+00,0.000000e+00,0.000000e+00,0.000000e+00
1.000000e+00,0.000000e+00,0.000000e+00,0.000000e+00,0.000000e+00,0.000000e+00,0.000000e+00,0.000000e+00,0.000000e+00,0.000000e+00,0.000000e+00,0.000000e+00,0.000000e+00,0.000000e+00,0.000000e+00
1.000000e+00,0.000000e+00,0.000000e+00,0.000000e+00,0.000000e+00,0.000000e+00,0.000000e+00,0.000000e+00,0.000000e+00,0.000000e+00,0.000000e+00,0.000000e+00,0.000000e+00,0.000000e+00,0.000000e+00
1.000000e+00,0.000000e+00,0.000000e+00,0.000000e+00,0.000000e+00,0.000000e+00,0.000000e+00,0.000000e+00,0.000000e+00,0.000000e+00,0.000000e+00,0.000000e+00,0.000000e+00,0.000000e+00,0.000000e+00
1.000000e+00,0.000000e+00,0.000000e+00,0.000000e+00,0.000000e+00,0.000000e+00,0.000000e+00,0.000000e+00,0.000000e+00,0.000000e+00,0.000000e+00,0.000000e+00,0.000000e+00,0.000000e+00,0.000000e+00
1.000000e+00,0.000000e+00,0.000000e+00,0.000000e+00,0.000000e+00,0.000000e+00,0.000000e+00,0.000000e+00,0.000000e+00,0.000000e+00,0.000000e+00,0.000000e+00,0.000000e+00,0.000000e+00,0.000000e+00
1.000000e+00,0.000000e+00,0.000000e+00,0.000000e+00,0.000000e+00,0.000000e+00,0.000000e+00,0.000000e+00,0.000000e+00,0.000000e+00,0.000000e+00,0.000000e+00,0.000000e+00,0.000000e+00,0.000000e+00
1.000000e+00,0.000000e+00,0.000000e+00,0.000000e+00,0.000000e+00,0.000000e+00,0.000000e+00,0.000000e+00,0.000000e+00,0.000000e+00,0.000000e+00,0.000000e+00,0.000000e+00,0.000000e+00,0.000000e+00
1.000000e+00,0.000000e+00,0.000000e+00,0.000000e+00,0.000000e+00,0.000000e+00,0.000000e+00,0.000000e+00,0.000000e+00,0.000000e+00,0.000000e+00,0.000000e+00,0.000000e+00,0.000000e+00,0.000000e+00
1.000000e+00,0.000000e+00,0.000000e+00,0.000000e+00,0.000000e+00,0.000000e+00,0.000000e+00,0.000000e+00,0.000000e+00,0.000000e+00,0.000000e+00,0.000000e+00,0.000000e+00,0.000000e+00,0.000000e+00
1.000000e+00,0.000000e+00,0.000000e+00,0.000000e+00,0.000000e+00,0.000000e+00,0.000000e+00,0.000000e+00,0.000000e+00,0.000000e+00,0.000000e+00,0.000000e+00,0.000000e+00,0.000000e+00,0.000000e+00
1.000000e+00,0.000000e+00,0.000000e+00,0.000000e+00,0.000000e+00,0.000000e+00,0.000000e+00,0.000000e+00,0.000000e+00,0.000000e+00,0.000000e+00,0.000000e+00,0.000000e+00,0.000000e+00,0.000000e+00
1.000000e+00,0.000000e+00,0.000000e+00,0.000000e+00,0.000000e+00,0.000000e+00,0.000000e+00,0.000000e+00,0.000000e+00,0.000000e+00,0.000000e+00,0.000000e+00,0.000000e+00,0.000000e+00,0.000000e+00
4.643700e-01,1.246876e-02,3.185562e-02,4.698628e-02,5.812434e-03,1.441379e-02,3.788379e-03,3.638927e-01,3.704805e-03,1.594137e-03,7.826501e-03,1.767424e-02,1.245450e-02,2.571190e-03,1.058667e-02
3.294944e-01,8.878062e-03,2.372634e-02,3.369654e-02,4.431436e-03,1.059907e-02,3.079136e-03,5.455996e-01,2.648939e-03,1.133673e-03,5.759703e-03,1.256856e-02,8.941872e-03,1.898024e-03,7.544662e-03
2.316586e-01,6.298061e-03,1.752939e-02,2.396379e-02,3.225325e-03,7.905132e-03,2.454932e-03,6.782258e-01,1.865088e-03,8.030884e-04,4.099713e-03,8.883375e-03,6.342927e-03,1.409186e-03,5.335622e-03
1.631050e-01,4.514037e-03,1.273617e-02,1.698584e-02,2.486075e-03,5.803186e-03,1.997748e-03,7.708490e-01,1.334403e-03,5.886123e-04,3.312203e-03,6.387227e-03,4.806402e-03,1.300672e-03,3.793507e-03
1.152278e-01,3.421062e-03,9.272774e-03,1.223358e-02,2.811699e-03,4.789374e-03,2.675671e-03,7.624658e-01,1.129866e-03,3.067115e-03,6.639420e-03,2.672863e-02,3.966205e-02,6.679492e-03,3.195813e-03
8.144877e-02,3.249602e-03,6.727709e-03,9.566412e-03,6.948787e-03,4.092107e-03,3.316894e-03,6.074735e-01,1.499060e-03,3.120203e-03,1.744146e-02,6.877574e-02,1.653068e-01,1.422345e-02,6.809584e-03
5.802000e-02,2.343783e-03,4.784943e-03,7.142027e-03,7.883271e-03,3.120690e-03,3.367083e-03,4.387880e-01,2.401777e-03,2.894157e-03,2.634545e-02,1.579299e-01,2.606329e-01,1.527929e-02,9.066788e-03
4.162618e-02,2.212496e-03,3.570512e-03,5.745027e-03,1.468766e-02,9.681845e-03,4.902629e-03,3.090222e-01,1.129280e-02,2.260770e-03,2.064880e-02,3.628414e-01,1.925426e-01,1.243095e-02,6.534114e-03
2.936720e-02,1.680061e-03,2.677358e-03,4.158165e-03,1.368770e-02,1.440245e-02,4.554520e-03,2.171558e-01,1.143419e-02,1.715083e-03,2.473683e-02,5.223386e-01,1.383490e-01,9.097453e-03,4.645488e-03
2.084778e-02,1.286237e-03,2.037430e-03,3.140853e-03,1.046083e-02,1.888790e-02,3.273881e-03,1.520825e-01,1.180103e-02,1.639517e-03,2.732839e-02,6.369943e-01,9.968289e-02,6.842053e-03,3.694364e-03
1.853832e-02,1.012205e-03,1.603487e-03,2.437173e-03,7.791955e-03,2.259715e-02,3.041948e-03,1.066326e-01,9.218018e-03,1.322284e-03,2.729686e-02,7.190598e-01,7.050093e-02,5.914654e-03,3.032524e-03
1.690890e-02,9.038716e-04,1.343805e-03,1.824240e-03,6.621188e-03,2.537402e-02,2.612678e-03,7.485113e-02,7.148979e-03,1.088156e-03,2.642273e-02,7.770102e-01,4.999698e-02,5.495154e-03,2.397969e-03
1.844587e-02,8.509194e-04,1.090847e-03,1.669871e-03,6.567163e-03,4.052525e-02,2.149405e-03,5.271765e-02,5.939331e-03,1.040169e-03,2.370694e-02,8.024698e-01,3.545941e-02,5.236259e-03,2.131066e-03
1.357497e-02,7.452162e-04,8.831351e-04,1.368908e-03,8.274313e-03,5.326685e-02,1.569549e-03,3.703139e-02,4.774227e-03,9.681584e-04,2.106645e-02,8.256984e-01,2.517025e-02,3.957161e-03,1.651015e-03
1.042335e-02,6.661679e-04,6.915279e-04,1.085890e-03,1.017962e-02,5.016736e-02,1.163888e-03,2.601068e-02,3.628260e-03,8.541074e-04,1.954603e-02,8.533474e-01,1.791545e-02,2.971681e-03,1.348638e-03
9.626840e-03,7.384719e-04,5.471824e-04,8.011353e-04,9.971808e-03,3.692585e-02,8.542302e-04,1.829663e-02,2.791857e-03,8.060632e-04,1.944793e-02,8.832757e-01,1.266358e-02,2.250853e-03,1.001853e-03
1.534785e-02,8.026021e-04,6.909400e-04,7.063928e-04,1.044226e-02,2.795648e-02,6.852022e-04,1.340269e-02,2.099140e-03,1.005084e-03,2.310680e-02,8.923306e-01,8.962028e-03,1.717522e-03,7.443185e-04
2.406428e-02,6.931138e-04,8.013408e-04,9.096761e-04,1.006237e-02,2.261217e-02,5.960586e-04,1.026105e-02,1.618844e-03,1.246761e-03,2.083384e-02,8.979548e-01,6.393929e-03,1.363199e-03,5.884992e-04
2.346526e-02,7.062799e-04,8.550015e-04,1.004918e-03,1.014367e-02,1.872422e-02,4.533160e-04,7.505906e-03,1.330880e-03,1.009611e-03,2.503631e-02,9.036905e-01,4.536598e-03,1.076432e-03,4.610194e-04
2.358619e-02,9.490902e-04,8.220175e-04,1.102829e-03,1.068197e-02,1.562883e-02,3.562031e-04,5.498471e-03,1.113914e-03,8.127908e-04,2.999290e-02,9.048797e-01,3.221957e-03,9.468428e-04,4.062805e-04
2.378385e-02,2.631973e-03,1.090877e-03,1.613871e-03,2.248790e-02,1.281330e-02,3.889079e-04,4.879655e-03,1.109780e-03,8.251260e-04,2.373199e-02,9.010973e-01,2.325871e-03,8.362326e-04,3.833591e-04
2.416125e-02,4.732748e-03,1.890322e-03,1.972184e-03,2.442738e-02,1.076257e-02,4.308054e-04,4.427496e-03,1.277564e-03,9.201565e-04,2.492310e-02,8.970974e-01,1.683933e-03,8.579735e-04,4.351487e-04
2.323583e-02,5.076510e-03,4.115215e-03,1.892822e-03,2.177241e-02,9.522540e-03,4.488474e-04,4.416395e-03,1.133118e-03,8.142376e-04,3.723735e-02,8.876882e-01,1.257433e-03,9.098687e-04,4.793530e-04
1.755986e-02,5.390215e-03,9.773202e-03,1.860505e-03,2.389355e-02,7.500256e-03,4.921322e-04,7.701547e-03,1.142068e-03,8.025807e-04,4.819391e-02,8.735437e-01,9.509721e-04,7.908233e-04,4.047626e-04
1.249332e-02,5.627622e-03,1.852984e-02,1.439515e-03,2.985175e-02,5.823585e-03,4.623613e-04,6.657442e-03,1.040074e-03,8.211087e-04,5.107250e-02,8.644652e-01,6.996892e-04,6.558052e-04,3.602318e-04
9.050260e-03,4.874338e-03,3.889207e-02,1.528185e-03,5.068484e-02,4.416594e-03,4.710620e-04,9.888331e-03,1.242581e-03,8.893858e-04,4.940262e-02,8.269482e-01,6.158975e-04,7.987154e-04,2.969657e-04
6.456851e-03,4.316628e-03,9.219016e-02,1.297910e-03,6.633575e-02,3.311578e-03,4.110429e-04,1.185037e-02,1.672676e-03,7.424854e-04,7.446416e-02,7.350909e-01,5.411099e-04,1.047331e-03,2.710850e-04
4.682653e-03,3.542041e-03,1.038727e-01,1.055262e-03,8.370945e-02,2.585210e-03,4.903762e-04,1.110955e-02,4.659601e-03,8.770922e-04,1.114662e-01,6.674736e-01,7.963810e-04,3.369620e-03,3.102810e-04
3.807689e-03,2.971747e-03,1.540468e-01,1.788964e-03,6.696849e-02,2.147120e-03,5.217295e-04,4.889557e-02,5.255438e-03,7.999522e-04,1.363155e-01,5.706459e-01,1.098937e-03,4.445054e-03,2.910612e-04
3.693607e-03,4.422885e-03,3.208884e-01,1.796735e-03,6.558592e-02,2.075032e-03,5.182147e-04,3.936731e-02,4.596892e-03,9.382245e-04,1.371606e-01,4.088556e-01,9.529313e-04,8.674122e-03,4.734492e-04
1.066466e-02,4.332302e-03,3.547668e-01,2.684142e-03,6.257290e-02,8.028168e-03,1.014369e-03,4.750421e-02,7.193967e-03,2.353857e-03,1.447458e-01,3.023138e-01,1.134899e-03,4.995475e-02,7.353311e-04
1.762054e-02,5.033712e-03,4.023447e-01,4.061268e-03,6.363428e-02,1.357548e-02,1.423123e-03,5.225192e-02,1.117495e-02,3.579933e-03,1.287010e-01,2.135337e-01,1.028910e-03,8.112203e-02,9.144774e-04
3.017963e-02,5.851078e-03,4.224489e-01,4.244614e-03,6.196844e-02,2.194658e-02,1.601685e-03,4.888951e-02,1.392695e-02,3.304644e-03,1.023570e-01,1.498046e-01,9.193015e-04,1.305099e-01,2.047151e-03
6.389821e-02,7.387421e-03,4.350947e-01,4.961065e-03,6.927470e-02,4.827107e-02,1.626506e-03,4.881961e-02,1.442169e-02,3.802131e-03,8.001368e-02,1.066543e-01,1.165031e-03,1.124759e-01,2.133937e-03
8.237745e-02,9.114744e-03,4.758731e-01,4.806394e-03,6.027734e-02,5.483485e-02,1.601212e-03,5.411953e-02,1.365924e-02,4.479859e-03,5.966584e-02,7.602231e-02,1.574707e-03,9.800717e-02,3.586273e-03
8.044284e-02,1.587557e-02,4.105622e-01,4.902065e-02,9.812807e-02,5.377322e-02,2.303939e-03,8.881379e-02,1.312075e-02,5.392290e-03,4.666190e-02,5.415824e-02,1.569013e-03,7.706120e-02,3.116359e-03
1.203498e-01,1.823661e-02,3.338999e-01,4.842005e-02,1.102730e-01,6.102829e-02,2.739831e-03,7.802640e-02,1.909574e-02,1.253007e-02,4.296913e-02,3.893409e-02,1.983803e-03,1.077485e-01,3.764824e-03
1.376331e-01,2.792543e-02,2.743994e-01,4.748164e-02,1.493947e-01,8.290317e-02,3.290575e-03,6.615843e-02,1.804905e-02,9.689908e-03,3.572490e-02,2.786332e-02,2.718857e-03,1.131063e-01,3.661182e-03
1.636640e-01,3.205878e-02,2.430760e-01,5.720048e-02,1.602606e-01,8.893444e-02,3.094808e-03,5.231540e-02,1.881629e-02,7.901190e-03,3.608289e-02,2.197870e-02,4.029599e-03,1.063942e-01,4.192562e-03
1.754442e-01,3.307868e-02,2.094554e-01,5.260270e-02,1.396143e-01,1.023309e-01,2.484025e-03,3.866462e-02,2.727084e-02,7.258286e-03,4.715285e-02,1.776639e-02,4.400774e-03,1.366529e-01,5.823134e-03
1.481912e-01,2.714600e-02,1.486080e-01,4.563594e-02,1.054231e-01,2.169437e-01,2.236092e-03,3.851475e-02,3.005455e-02,9.900935e-03,6.269830e-02,2.816459e-02,1.202233e-02,1.142090e-01,1.025154e-02
1.182939e-01,2.024491e-02,1.054068e-01,4.330026e-02,7.496526e-02,2.983522e-01,1.966285e-03,4.210801e-02,5.510402e-02,9.166004e-03,8.038492e-02,2.583853e-02,1.619510e-02,9.578975e-02,1.288397e-02
1.042017e-01,1.486639e-02,9.393690e-02,4.043932e-02,5.384363e-02,3.402359e-01,1.797451e-03,4.198669e-02,1.063774e-01,1.523200e-02,6.277180e-02,1.972028e-02,1.409808e-02,7.357118e-02,1.692126e-02
7.607853e-02,1.127557e-02,6.645938e-02,3.948415e-02,3.866986e-02,3.106688e-01,1.366491e-03,3.128144e-02,2.110807e-01,2.335413e-02,6.213929e-02,1.463175e-02,1.185053e-02,6.192414e-02,3.973532e-02
5.662968e-02,9.291759e-03,4.689490e-02,3.043252e-02,2.830673e-02,2.515320e-01,1.232658e-03,2.315036e-02,2.392409e-01,2.776642e-02,6.857423e-02,1.136180e-02,1.256550e-02,1.311603e-01,6.186026e-02
6.287642e-02,8.912765e-03,3.412524e-02,2.721618e-02,2.548274e-02,1.881153e-01,1.918482e-03,1.968356e-02,3.469953e-01,2.208126e-02,5.543777e-02,8.578045e-03,1.579916e-02,1.021435e-01,8.063425e-02
8.355577e-02,7.784024e-03,2.480478e-02,2.111950e-02,2.184376e-02,1.374387e-01,3.433673e-03,1.666703e-02,3.758850e-01,1.829636e-02,4.520236e-02,6.903980e-03,1.970656e-02,1.086149e-01,1.087436e-01
1.054166e-01,6.716263e-03,1.808100e-02,1.644357e-02,1.880161e-02,1.034674e-01,4.629588e-03,1.326055e-02,3.902736e-01,1.516782e-02,3.894892e-02,5.638600e-03,1.811513e-02,1.173771e-01,1.276623e-01
1.271145e-01,5.981595e-03,1.416707e-02,1.370652e-02,1.790998e-02,7.650750e-02,4.446305e-03,1.004507e-02,4.529035e-01,1.215631e-02,3.186621e-02,4.874658e-03,1.795763e-02,9.441492e-02,1.159481e-01
1.493049e-01,8.412210e-03,1.245286e-02,1.274162e-02,2.909463e-02,5.817926e-02,4.100326e-03,8.488183e-03,4.096229e-01,1.023830e-02,2.879551e-02,4.798931e-03,2.012703e-02,9.746138e-02,1.461820e-01
2.535315e-01,8.498683e-03,1.113624e-02,1.191544e-02,2.458141e-02,5.093962e-02,5.209692e-03,7.392960e-03,3.588530e-01,8.545721e-03,2.961981e-02,8.064456e-03,2.603934e-02,8.122224e-02,1.144500e-01
3.161362e-01,1.061657e-02,9.491292e-03,1.181536e-02,2.102969e-02,4.367675e-02,5.476604e-03,6.050981e-03,2.939272e-01,7.415984e-03,3.992030e-02,9.734724e-03,3.290983e-02,9.046018e-02,1.013383e-01
3.477818e-01,1.374644e-02,1.183151e-02,1.981316e-02,2.035906e-02,4.267096e-02,5.847587e-03,7.810070e-03,2.490693e-01,6.867388e-03,5.071705e-02,1.880423e-02,3.120958e-02,9.528770e-02,7.818417e-02
3.337393e-01,1.358943e-02,9.497846e-03,1.620910e-02,1.637805e-02,3.577494e-02,4.567476e-03,6.127406e-03,2.393644e-01,5.595506e-03,7.053813e-02,1.525804e-02,3.743084e-02,1.284091e-01,6.752050e-02
3.067598e-01,1.288769e-02,1.232805e-02,1.579845e-02,1.436177e-02,3.228264e-02,4.014306e-03,5.626292e-03,2.246955e-01,4.992872e-03,8.348584e-02,1.437911e-02,3.528155e-02,1.690315e-01,6.407461e-02
3.868648e-01,1.183488e-02,9.632440e-03,1.582047e-02,1.116727e-02,2.678131e-02,3.305220e-03,4.966731e-03,2.056196e-01,4.285205e-03,7.529598e-02,1.363303e-02,3.175730e-02,1.507831e-01,4.825266e-02
3.601592e-01,1.577006e-02,8.165326e-03,1.311589e-02,1.223651e-02,2.192933e-02,2.568216e-03,4.138869e-03,2.292840e-01,4.309265e-03,8.560847e-02,1.114817e-02,3.096667e-02,1.607045e-01,3.989553e-02
3.429243e-01,1.305335e-02,6.398185e-03,1.214949e-02,1.004955e-02,1.806374e-02,2.016490e-03,4.108659e-03,2.526006e-01,4.263174e-03,1.135812e-01,1.106596e-02,3.737365e-02,1.403567e-01,3.199495e-02
2.835102e-01,1.133366e-02,6.632044e-03,1.167329e-02,8.430324e-03,1.344088e-02,1.555826e-03,3.323437e-03,2.619560e-01,6.247551e-03,1.394902e-01,1.236168e-02,5.346980e-02,1.434734e-01,4.310178e-02
2.034359e-01,1.126863e-02,1.267658e-02,8.696812e-03,9.339450e-03,9.593918e-03,1.144902e-03,2.441083e-03,1.921576e-01,6.189675e-03,2.348489e-01,1.136167e-02,5.454993e-02,1.996454e-01,4.264951e-02
1.435294e-01,8.165671e-03,9.474350e-03,6.419914e-03,8.937405e-03,7.014149e-03,8.477818e-04,1.935600e-03,1.577810e-01,1.170499e-02,1.870199e-01,9.286183e-03,4.822319e-02,2.512616e-01,1.483990e-01
1.010151e-01,6.306595e-03,1.975303e-02,5.124337e-03,5.165581e-02,5.414178e-03,8.846495e-04,5.945424e-03,1.281879e-01,2.016986e-02,1.713473e-01,7.651726e-03,4.707905e-02,2.664512e-01,1.630139e-01
7.345508e-02,5.308010e-03,3.182635e-02,4.526231e-03,4.334860e-02,4.586645e-03,7.245053e-04,5.454396e-03,1.291722e-01,2.228105e-02,1.518764e-01,6.210702e-03,3.686820e-02,2.961171e-01,1.882446e-01
5.153736e-02,3.877087e-03,2.653613e-02,3.703176e-03,3.077602e-02,3.597448e-03,5.242519e-04,4.808705e-03,1.052017e-01,1.674753e-02,1.154301e-01,4.564136e-03,2.716333e-02,4.388588e-01,1.666742e-01
3.626623e-02,2.866060e-03,3.080075e-02,1.114488e-02,2.313252e-02,3.134517e-03,3.988763e-04,2.343541e-02,1.090582e-01,1.666022e-02,8.711297e-02,3.710072e-03,1.996627e-02,5.017276e-01,1.305855e-01
2.686649e-02,3.543492e-03,5.063774e-02,1.168048e-02,1.855475e-02,1.065399e-02,4.571412e-04,8.485509e-02,1.438455e-01,1.245764e-02,6.956988e-02,2.851832e-03,1.480994e-02,4.492332e-01,9.998289e-02
2.179698e-02,4.317829e-03,1.002892e-01,1.380407e-02,1.704933e-02,1.823083e-02,5.886121e-04,7.919185e-02,2.183486e-01,9.041839e-03,5.059344e-02,2.035275e-03,1.055950e-02,3.825652e-01,7.158738e-02
1.678918e-02,3.745475e-03,1.219856e-01,1.303557e-02,1.689988e-02,1.416912e-02,5.890502e-04,2.232162e-01,1.941210e-01,6.474941e-03,3.605240e-02,1.464491e-03,7.468591e-03,2.933719e-01,5.061663e-02
1.187551e-02,2.705585e-03,9.033588e-02,9.403005e-03,1.241909e-02,1.000746e-02,4.376019e-04,4.484821e-01,1.367666e-01,4.540806e-03,2.531186e-02,1.044843e-03,5.244703e-03,2.059802e-01,3.544478e-02
8.458718e-03,1.940596e-03,6.617842e-02,6.746245e-03,9.103329e-03,7.069727e-03,3.288874e-04,6.093426e-01,9.624057e-02,3.182335e-03,1.776102e-02,7.393994e-04,3.682250e-03,1.444102e-01,2.481574e-02
6.282517e-03,1.418768e-03,4.730986e-02,4.838094e-03,7.922869e-03,5.087101e-03,2.712012e-04,7.229452e-01,6.747797e-02,2.232467e-03,1.246813e-02,5.218717e-04,2.600277e-03,1.012479e-01,1.737577e-02
4.957363e-03,1.067532e-03,3.436682e-02,3.559019e-03,7.525566e-03,3.834751e-03,2.491571e-04,8.013742e-01,4.732760e-02,1.568795e-03,8.749551e-03,3.684590e-04,1.846868e-03,7.103550e-02,1.216886e-02
4.335660e-03,8.014966e-04,2.455825e-02,2.746039e-03,6.200400e-03,2.978702e-03,2.070949e-04,8.576405e-01,3.322298e-02,1.102094e-03,6.146637e-03,2.627184e-04,1.315610e-03,4.995864e-02,8.523154e-03
5.107656e-03,7.445352e-04,1.797806e-02,2.662448e-03,5.711446e-03,2.296941e-03,2.004267e-04,8.945010e-01,2.339246e-02,7.828721e-04,4.360569e-03,2.047173e-04,9.734814e-04,3.510440e-02,5.978996e-03
5.696438e-03,6.014433e-04,1.297108e-02,2.057713e-03,4.823954e-03,1.713698e-03,1.710501e-04,9.219849e-01,1.655801e-02,5.569132e-04,3.117177e-03,1.793827e-04,7.107306e-04,2.465657e-02,4.200944e-03
7.635248e-03,7.127575e-04,9.406832e-03,1.720806e-03,4.708028e-03,1.351519e-03,1.898404e-04,9.381895e-01,1.213823e-02,4.051746e-04,2.265390e-03,1.734386e-04,5.424738e-04,1.756572e-02,2.995108e-03
1.315433e-02,9.857931e-04,6.910287e-03,1.579953e-03,4.728561e-03,1.237978e-03,2.500106e-04,9.438244e-01,9.372418e-03,3.262534e-04,1.869296e-03,2.935654e-04,5.043721e-04,1.265814e-02,2.304644e-03
2.703258e-02,1.696608e-03,6.085979e-03,1.754316e-03,6.449363e-03,1.390567e-03,5.553318e-04,9.328635e-01,7.657323e-03,3.001048e-04,1.650620e-03,7.746340e-04,5.644782e-04,9.234921e-03,1.989645e-03
6.091971e-02,1.920617e-03,5.322321e-03,2.124582e-03,8.325178e-03,1.961890e-03,1.081857e-03,8.973435e-01,6.175752e-03,3.809640e-04,2.258775e-03,2.171367e-03,1.067892e-03,6.743645e-03,2.201930e-03
8.503836e-02,1.697660e-03,4.249939e-03,2.064038e-03,7.178064e-03,2.107551e-03,1.274078e-03,8.783520e-01,4.781112e-03,3.497673e-04,2.263556e-03,2.597360e-03,1.158022e-03,4.910404e-03,1.978050e-03
1.239683e-01,2.009087e-03,3.395795e-03,1.870332e-03,6.877562e-03,2.270153e-03,1.238808e-03,8.365065e-01,4.829782e-03,4.631785e-04,3.452476e-03,4.538508e-03,2.022910e-03,3.951446e-03,2.605121e-03
2.313219e-01,2.540376e-03,3.186211e-03,5.470200e-03,6.826544e-03,3.424590e-03,1.048075e-03,7.035913e-01,7.689190e-03,1.269410e-03,8.698476e-03,9.952762e-03,7.216669e-03,3.717028e-03,4.047247e-03
3.035014e-01,3.148524e-03,2.708954e-03,8.400980e-03,7.076216e-03,3.906393e-03,9.446200e-04,5.448579e-01,8.716196e-03,2.310094e-03,4.414227e-02,2.916584e-02,2.643730e-02,9.850670e-03,4.832739e-03
3.713664e-01,5.909964e-03,4.971494e-03,1.742831e-02,1.531426e-02,7.583274e-03,1.001882e-03,4.121381e-01,1.000851e-02,3.805379e-03,4.739485e-02,4.615941e-02,3.949007e-02,1.065451e-02,6.773640e-03
3.241283e-01,1.188175e-02,8.025477e-03,3.716714e-02,1.839240e-02,1.332294e-02,1.089835e-03,3.026570e-01,1.362356e-02,5.472925e-03,5.973331e-02,1.139259e-01,6.520952e-02,1.045977e-02,1.491023e-02
3.203614e-01,1.842544e-02,1.107751e-02,7.766337e-02,1.622448e-02,1.240551e-02,9.517891e-04,2.209856e-01,2.288323e-02,5.829954e-03,7.470911e-02,1.118397e-01,7.524384e-02,1.207228e-02,1.932674e-02
3.864605e-01,1.661173e-02,1.044343e-02,8.197321e-02,1.422625e-02,1.320370e-02,1.133507e-03,1.619982e-01,2.503795e-02,5.929350e-03,8.597523e-02,9.357340e-02,7.113710e-02,1.265206e-02,1.964437e-02
3.882690e-01,1.488082e-02,9.227313e-03,6.685954e-02,1.506967e-02,1.249695e-02,1.496251e-03,1.154702e-01,2.918823e-02,6.271159e-03,9.246628e-02,1.091649e-01,9.628988e-02,2.245550e-02,2.039430e-02
3.096625e-01,1.301809e-02,1.035519e-02,5.103556e-02,2.275207e-02,1.121515e-02,2.587443e-03,8.152727e-02,2.589892e-02,1.103251e-02,1.058714e-01,1.799871e-01,1.129257e-01,2.738796e-02,3.474315e-02
2.444101e-01,9.790340e-03,8.903478e-03,3.846084e-02,2.656283e-02,9.392869e-03,3.178177e-03,5.757980e-02,2.213671e-02,1.441864e-02,1.091100e-01,2.782834e-01,1.099782e-01,2.482328e-02,4.297130e-02
1.813506e-01,7.396280e-03,8.140946e-03,2.793108e-02,2.460072e-02,7.684924e-03,2.878019e-03,4.122024e-02,2.622618e-02,1.657043e-02,8.934124e-02,3.386477e-01,1.244391e-01,3.561021e-02,6.796235e-02
1.309535e-01,6.110733e-03,6.257653e-03,1.989535e-02,2.007647e-02,1.330996e-02,2.413119e-03,2.956230e-02,2.333999e-02,1.337212e-02,6.768366e-02,4.467968e-01,1.389170e-01,2.769692e-02,5.361436e-02
9.205643e-02,4.872533e-03,4.450453e-03,1.400856e-02,1.502851e-02,1.280324e-02,1.814453e-03,2.085742e-02,1.818513e-02,9.767110e-03,4.904016e-02,5.814440e-01,1.159588e-01,2.094253e-02,3.877058e-02
6.606577e-02,7.883655e-03,3.479548e-03,1.034374e-02,1.442986e-02,2.485942e-02,2.057843e-03,1.553948e-02,1.879754e-02,7.718738e-03,3.831371e-02,6.481282e-01,9.371259e-02,2.074745e-02,2.792245e-02
4.916327e-02,7.541819e-03,3.610825e-03,7.480164e-03,1.571197e-02,3.575072e-02,1.136020e-02,1.412558e-02,1.642007e-02,6.451051e-03,2.889760e-02,6.860014e-01,7.843781e-02,1.807216e-02,2.097545e-02
3.887911e-02,7.372440e-03,3.576683e-03,5.837163e-03,1.665872e-02,6.969744e-02,1.161129e-02,1.287132e-02,1.582148e-02,6.066905e-03,2.432367e-02,6.823238e-01,7.195717e-02,1.736816e-02,1.563474e-02
3.143222e-02,1.072813e-02,3.169561e-03,4.664443e-03,1.887845e-02,6.218969e-02,9.507744e-03,1.224191e-02,2.679059e-02,6.608211e-03,2.423156e-02,6.817566e-01,7.034799e-02,2.604747e-02,1.140548e-02
3.760795e-02,3.122187e-02,9.448248e-03,5.146462e-03,2.341194e-02,5.284008e-02,7.174331e-03,1.098872e-02,4.903844e-02,1.241338e-02,3.475229e-02,5.996188e-01,7.543136e-02,4.093049e-02,9.975663e-03
4.559636e-02,3.979397e-02,9.510363e-03,5.529082e-03,2.041287e-02,6.200591e-02,5.788698e-03,1.177511e-02,6.704320e-02,2.336739e-02,3.266779e-02,5.454687e-01,6.620075e-02,5.459867e-02,1.024110e-02
6.372151e-02,3.513420e-02,7.507742e-03,4.410989e-03,1.651151e-02,6.341735e-02,4.553523e-03,1.018701e-02,5.932503e-02,2.346901e-02,2.797325e-02,5.632024e-01,5.946177e-02,5.284057e-02,8.284200e-03
1.427118e-01,3.097216e-02,6.107607e-03,4.159895e-03,1.468679e-02,5.818953e-02,4.034539e-03,1.049067e-02,5.258910e-02,2.164443e-02,3.013528e-02,5.070460e-01,5.109208e-02,5.901540e-02,7.124691e-03
2.536877e-01,2.846247e-02,5.304198e-03,4.109381e-03,1.419881e-02,4.800723e-02,3.723032e-03,1.052100e-02,4.359784e-02,1.697981e-02,2.886159e-02,4.420264e-01,4.810710e-02,4.595280e-02,6.460645e-03
3.282201e-01,2.569664e-02,9.394820e-03,3.892936e-03,1.739720e-02,3.841769e-02,5.888856e-03,2.116838e-02,3.763723e-02,1.356993e-02,2.349572e-02,3.904587e-01,4.265551e-02,3.626351e-02,5.842764e-03
4.217019e-01,2.596756e-02,8.103037e-03,4.033476e-03,1.657920e-02,3.281278e-02,6.847290e-03,2.161155e-02,3.236077e-02,1.032770e-02,1.985729e-02,3.250242e-01,4.273573e-02,2.656979e-02,5.467688e-03
4.686879e-01,2.318467e-02,6.801959e-03,3.980636e-03,1.720403e-02,2.823470e-02,8.993274e-03,1.727312e-02,2.811682e-02,8.507924e-03,1.724664e-02,2.941286e-01,5.327947e-02,1.959242e-02,4.767832e-03
1.000000e+00,0.000000e+00,0.000000e+00,0.000000e+00,0.000000e+00,0.000000e+00,0.000000e+00,0.000000e+00,0.000000e+00,0.000000e+00,0.000000e+00,0.000000e+00,0.000000e+00,0.000000e+00,0.000000e+00
1.000000e+00,0.000000e+00,0.000000e+00,0.000000e+00,0.000000e+00,0.000000e+00,0.000000e+00,0.000000e+00,0.000000e+00,0.000000e+00,0.000000e+00,0.000000e+00,0.000000e+00,0.000000e+00,0.000000e+00
1.000000e+00,0.000000e+00,0.000000e+00,0.000000e+00,0.000000e+00,0.000000e+00,0.000000e+00,0.000000e+00,0.000000e+00,0.000000e+00,0.000000e+00,0.000000e+00,0.000000e+00,0.000000e+00,0.000000e+00
4.850650e-01,2.907816e-02,6.224408e-03,1.253421e-02,2.615256e-02,3.193514e-02,1.239901e-02,2.112926e-02,4.365964e-02,4.990303e-03,1.435157e-02,1.561528e-01,1.380142e-01,9.196489e-03,9.117222e-03
4.575773e-01,2.824250e-02,5.326752e-03,1.240469e-02,2.561483e-02,3.016269e-02,1.189935e-02,1.653990e-02,4.450920e-02,3.883898e-03,1.722127e-02,1.652808e-01,1.651846e-01,8.109962e-03,8.042141e-03
4.114349e-01,2.616520e-02,5.218382e-03,1.167994e-02,2.660539e-02,2.691266e-02,9.811470e-03,1.224962e-02,4.218677e-02,3.300280e-03,2.020377e-02,2.213334e-01,1.675395e-01,7.432592e-03,7.926091e-03
3.856311e-01,2.367240e-02,4.735460e-03,1.333699e-02,2.964303e-02,2.765818e-02,8.390002e-03,9.651748e-03,4.515679e-02,2.879697e-03,2.187974e-02,2.165547e-01,1.949192e-01,7.253293e-03,8.637754e-03
3.988108e-01,2.097291e-02,4.402014e-03,1.784065e-02,3.592990e-02,3.110580e-02,7.148739e-03,1.010370e-02,5.219612e-02,3.125427e-03,2.141280e-02,1.683727e-01,2.121546e-01,6.752375e-03,9.671450e-03
4.499490e-01,1.730539e-02,4.446611e-03,2.369171e-02,2.942358e-02,2.804007e-02,7.292032e-03,1.019880e-02,4.540151e-02,2.664503e-03,1.995531e-02,1.413708e-01,2.041576e-01,6.323799e-03,9.779270e-03
4.812318e-01,1.523716e-02,5.808064e-03,3.669527e-02,2.436113e-02,2.788866e-02,8.722737e-03,1.313772e-02,3.901442e-02,2.236522e-03,1.908558e-02,1.384200e-01,1.718747e-01,5.419571e-03,1.086668e-02
4.179459e-01,1.691192e-02,9.371779e-03,1.209530e-01,4.910405e-02,2.352627e-02,9.575688e-03,5.518176e-02,3.077164e-02,1.784214e-03,1.650430e-02,1.125138e-01,1.229614e-01,4.173818e-03,8.720546e-03
1.000000e+00,0.000000e+00,0.000000e+00,0.000000e+00,0.000000e+00,0.000000e+00,0.000000e+00,0.000000e+00,0.000000e+00,0.000000e+00,0.000000e+00,0.000000e+00,0.000000e+00,0.000000e+00,0.000000e+00
4.348302e-01,1.558369e-02,6.334949e-03,1.220766e-01,2.999510e-02,2.051634e-02,6.202760e-03,2.981870e-02,3.352200e-02,5.296696e-03,5.095141e-02,1.106796e-01,9.208989e-02,7.615807e-03,3.448636e-02
4.775752e-01,1.633263e-02,6.366984e-03,1.110276e-01,2.469092e-02,2.163629e-02,5.938462e-03,2.825738e-02,2.920108e-02,5.072539e-03,5.221148e-02,1.023920e-01,8.211362e-02,7.659138e-03,2.952480e-02
1.000000e+00,0.000000e+00,0.000000e+00,0.000000e+00,0.000000e+00,0.000000e+00,0.000000e+00,0.000000e+00,0.000000e+00,0.000000e+00,0.000000e+00,0.000000e+00,0.000000e+00,0.000000e+00,0.000000e+00
1.000000e+00,0.000000e+00,0.000000e+00,0.000000e+00,0.000000e+00,0.000000e+00,0.000000e+00,0.000000e+00,0.000000e+00,0.000000e+00,0.000000e+00,0.000000e+00,0.000000e+00,0.000000e+00,0.000000e+00
1.000000e+00,0.000000e+00,0.000000e+00,0.000000e+00,0.000000e+00,0.000000e+00,0.000000e+00,0.000000e+00,0.000000e+00,0.000000e+00,0.000000e+00,0.000000e+00,0.000000e+00,0.000000e+00,0.000000e+00
1.000000e+00,0.000000e+00,0.000000e+00,0.000000e+00,0.000000e+00,0.000000e+00,0.000000e+00,0.000000e+00,0.000000e+00,0.000000e+00,0.000000e+00,0.000000e+00,0.000000e+00,0.000000e+00,0.000000e+00
1.000000e+00,0.000000e+00,0.000000e+00,0.000000e+00,0.000000e+00,0.000000e+00,0.000000e+00,0.000000e+00,0.000000e+00,0.000000e+00,0.000000e+00,0.000000e+00,0.000000e+00,0.000000e+00,0.000000e+00
1.000000e+00,0.000000e+00,0.000000e+00,0.000000e+00,0.000000e+00,0.000000e+00,0.000000e+00,0.000000e+00,0.000000e+00,0.000000e+00,0.000000e+00,0.000000e+00,0.000000e+00,0.000000e+00,0.000000e+00
1.000000e+00,0.000000e+00,0.000000e+00,0.000000e+00,0.000000e+00,0.000000e+00,0.000000e+00,0.000000e+00,0.000000e+00,0.000000e+00,0.000000e+00,0.000000e+00,0.000000e+00,0.000000e+00,0.000000e+00
1.000000e+00,0.000000e+00,0.000000e+00,0.000000e+00,0.000000e+00,0.000000e+00,0.000000e+00,0.000000e+00,0.000000e+00,0.000000e+00,0.000000e+00,0.000000e+00,0.000000e+00,0.000000e+00,0.000000e+00
1.000000e+00,0.000000e+00,0.000000e+00,0.000000e+00,0.000000e+00,0.000000e+00,0.000000e+00,0.000000e+00,0.000000e+00,0.000000e+00,0.000000e+00,0.000000e+00,0.000000e+00,0.000000e+00,0.000000e+00
1.000000e+00,0.000000e+00,0.000000e+00,0.000000e+00,0.000000e+00,0.000000e+00,0.000000e+00,0.000000e+00,0.000000e+00,0.000000e+00,0.000000e+00,0.000000e+00,0.000000e+00,0.000000e+00,0.000000e+00
1.000000e+00,0.000000e+00,0.000000e+00,0.000000e+00,0.000000e+00,0.000000e+00,0.000000e+00,0.000000e+00,0.000000e+00,0.000000e+00,0.000000e+00,0.000000e+00,0.000000e+00,0.000000e+00,0.000000e+00
1.000000e+00,0.000000e+00,0.000000e+00,0.000000e+00,0.000000e+00,0.000000e+00,0.000000e+00,0.000000e+00,0.000000e+00,0.000000e+00,0.000000e+00,0.000000e+00,0.000000e+00,0.000000e+00,0.000000e+00
1.000000e+00,0.000000e+00,0.000000e+00,0.000000e+00,0.000000e+00,0.000000e+00,0.000000e+00,0.000000e+00,0.000000e+00,0.000000e+00,0.000000e+00,0.000000e+00,0.000000e+00,0.000000e+00,0.000000e+00
1.000000e+00,0.000000e+00,0.000000e+00,0.000000e+00,0.000000e+00,0.000000e+00,0.000000e+00,0.000000e+00,0.000000e+00,0.000000e+00,0.000000e+00,0.000000e+00,0.000000e+00,0.000000e+00,0.000000e+00
1.000000e+00,0.000000e+00,0.000000e+00,0.000000e+00,0.000000e+00,0.000000e+00,0.000000e+00,0.000000e+00,0.000000e+00,0.000000e+00,0.000000e+00,0.000000e+00,0.000000e+00,0.000000e+00,0.000000e+00
1.000000e+00,0.000000e+00,0.000000e+00,0.000000e+00,0.000000e+00,0.000000e+00,0.000000e+00,0.000000e+00,0.000000e+00,0.000000e+00,0.000000e+00,0.000000e+00,0.000000e+00,0.000000e+00,0.000000e+00
1.000000e+00,0.000000e+00,0.000000e+00,0.000000e+00,0.000000e+00,0.000000e+00,0.000000e+00,0.000000e+00,0.000000e+00,0.000000e+00,0.000000e+00,0.000000e+00,0.000000e+00,0.000000e+00,0.000000e+00
1.000000e+00,0.000000e+00,0.000000e+00,0.000000e+00,0.000000e+00,0.000000e+00,0.000000e+00,0.000000e+00,0.000000e+00,0.000000e+00,0.000000e+00,0.000000e+00,0.000000e+00,0.000000e+00,0.000000e+00
1.000000e+00,0.000000e+00,0.000000e+00,0.000000e+00,0.000000e+00,0.000000e+00,0.000000e+00,0.000000e+00,0.000000e+00,0.000000e+00,0.000000e+00,0.000000e+00,0.000000e+00,0.000000e+00,0.000000e+00
1.000000e+00,0.000000e+00,0.000000e+00,0.000000e+00,0.000000e+00,0.000000e+00,0.000000e+00,0.000000e+00,0.000000e+00,0.000000e+00,0.000000e+00,0.000000e+00,0.000000e+00,0.000000e+00,0.000000e+00
1.000000e+00,0.000000e+00,0.000000e+00,0.000000e+00,0.000000e+00,0.000000e+00,0.000000e+00,0.000000e+00,0.000000e+00,0.000000e+00,0.000000e+00,0.000000e+00,0.000000e+00,0.000000e+00,0.000000e+00
4.842992e-01,9.442478e-02,1.455829e-02,2.354328e-02,1.630744e-02,5.079192e-02,3.577039e-03,2.238011e-02,8.790123e-02,7.506338e-03,3.581806e-02,1.892724e-02,1.367029e-02,8.813173e-02,3.816304e-02
3.857504e-01,1.217085e-01,1.638024e-02,3.330866e-02,2.513908e-02,6.159069e-02,4.144792e-03,2.398735e-02,1.355520e-01,8.195346e-03,3.326218e-02,2.705334e-02,1.721300e-02,7.137917e-02,3.533528e-02
3.272624e-01,1.073520e-01,1.438768e-02,7.381738e-02,2.264125e-02,5.454613e-02,4.265707e-03,2.629264e-02,1.682685e-01,8.971103e-03,3.042689e-02,4.350864e-02,2.294852e-02,5.144464e-02,4.386656e-02
2.680220e-01,9.116236e-02,1.237901e-02,1.045457e-01,2.808270e-02,4.469360e-02,4.098793e-03,2.331038e-02,2.450824e-01,8.815656e-03,2.506267e-02,3.896203e-02,2.217192e-02,3.686487e-02,4.674597e-02
2.303127e-01,7.897565e-02,9.882879e-03,1.056756e-01,4.674421e-02,3.596322e-02,4.104632e-03,1.837545e-02,3.292034e-01,7.781961e-03,1.872013e-02,3.022677e-02,1.844843e-02,2.612777e-02,3.945721e-02
1.793328e-01,6.212790e-02,8.263887e-03,3.005548e-01,3.518500e-02,2.630919e-02,2.990890e-03,1.489377e-02,2.580231e-01,6.731124e-03,1.439955e-02,2.261748e-02,1.397515e-02,1.836084e-02,3.623462e-02
2.500895e-01,5.168240e-02,6.985769e-03,2.635499e-01,4.114506e-02,2.114853e-02,2.882757e-03,1.862187e-02,2.459314e-01,5.407220e-03,1.350909e-02,2.095028e-02,1.343236e-02,1.326741e-02,3.139658e-02
3.741604e-01,4.141417e-02,6.476567e-03,2.107420e-01,4.230451e-02,1.777723e-02,2.761765e-03,2.211232e-02,1.980574e-01,4.094335e-03,1.309579e-02,1.976267e-02,1.180448e-02,9.880127e-03,2.555624e-02
4.351665e-01,3.833855e-02,6.869520e-03,1.775997e-01,4.469473e-02,1.856739e-02,2.853916e-03,2.957970e-02,1.699318e-01,3.254359e-03,1.281014e-02,1.935234e-02,1.075133e-02,7.861343e-03,2.236878e-02
4.610019e-01,3.915169e-02,7.440501e-03,1.418921e-01,5.054121e-02,2.560275e-02,2.938281e-03,3.516722e-02,1.681562e-01,2.615727e-03,1.272534e-02,1.646137e-02,9.939833e-03,6.732930e-03,1.963298e-02
4.569122e-01,9.063292e-02,7.105977e-03,1.072609e-01,4.500780e-02,3.930593e-02,2.479266e-03,2.674787e-02,1.648110e-01,2.017037e-03,1.159074e-02,1.367420e-02,9.005609e-03,5.571648e-03,1.787709e-02
4.883051e-01,8.186216e-02,6.397075e-03,8.443651e-02,4.248767e-02,4.071294e-02,2.522376e-03,2.198499e-02,1.683110e-01,2.200359e-03,1.104744e-02,1.492275e-02,1.054664e-02,5.253728e-03,1.900933e-02
1.000000e+00,0.000000e+00,0.000000e+00,0.000000e+00,0.000000e+00,0.000000e+00,0.000000e+00,0.000000e+00,0.000000e+00,0.000000e+00,0.000000e+00,0.000000e+00,0.000000e+00,0.000000e+00,0.000000e+00
1.000000e+00,0.000000e+00,0.000000e+00,0.000000e+00,0.000000e+00,0.000000e+00,0.000000e+00,0.000000e+00,0.000000e+00,0.000000e+00,0.000000e+00,0.000000e+00,0.000000e+00,0.000000e+00,0.000000e+00
1.000000e+00,0.000000e+00,0.000000e+00,0.000000e+00,0.000000e+00,0.000000e+00,0.000000e+00,0.000000e+00,0.000000e+00,0.000000e+00,0.000000e+00,0.000000e+00,0.000000e+00,0.000000e+00,0.000000e+00
1.000000e+00,0.000000e+00,0.000000e+00,0.000000e+00,0.000000e+00,0.000000e+00,0.000000e+00,0.000000e+00,0.000000e+00,0.000000e+00,0.000000e+00,0.000000e+00,0.000000e+00,0.000000e+00,0.000000e+00
4.938750e-01,2.871857e-02,1.224360e-02,2.605824e-02,1.677209e-02,3.296206e-02,6.605965e-03,2.683101e-01,6.068362e-02,1.751195e-03,7.104761e-03,2.318820e-02,8.180035e-03,3.129642e-03,1.041685e-02
4.455533e-01,2.222497e-02,7.658977e-02,2.173690e-02,2.257648e-02,3.009136e-02,9.198824e-03,2.793364e-01,4.335862e-02,5.565793e-03,6.152486e-03,1.855912e-02,7.275702e-03,2.717820e-03,9.062335e-03
3.974308e-01,1.715323e-02,1.813615e-01,1.866427e-02,2.656283e-02,2.432363e-02,9.131063e-03,2.498310e-01,3.127709e-02,7.499488e-03,4.866068e-03,1.337121e-02,5.704700e-03,2.530377e-03,1.029280e-02
4.145904e-01,1.596656e-02,2.058050e-01,1.563043e-02,2.717786e-02,2.394923e-02,7.332794e-03,1.921574e-01,2.340703e-02,2.476469e-02,4.565972e-03,1.013289e-02,4.961124e-03,3.806809e-03,2.575179e-02
3.986828e-01,1.395003e-02,1.868536e-01,1.368524e-02,2.792681e-02,2.074641e-02,6.193385e-03,1.491892e-01,1.903316e-02,1.059797e-01,4.753897e-03,8.710852e-03,4.255795e-03,4.262911e-03,3.577624e-02
3.736352e-01,1.235593e-02,1.554004e-01,1.227387e-02,3.381671e-02,1.802590e-02,5.814237e-03,1.250648e-01,1.655692e-02,1.769532e-01,5.341606e-03,7.863789e-03,3.816511e-03,6.616488e-03,4.646438e-02
3.513498e-01,1.200125e-02,1.217116e-01,1.243239e-02,3.968238e-02,1.822501e-02,5.210492e-03,1.041123e-01,1.655024e-02,1.559534e-01,7.804254e-03,7.021032e-03,3.993155e-03,2.334251e-02,1.206102e-01
4.068923e-01,1.229930e-02,9.891430e-02,1.226276e-02,4.937457e-02,1.706065e-02,5.330095e-03,1.145187e-01,1.385725e-02,1.189178e-01,8.070833e-03,6.951914e-03,4.216819e-03,1.963689e-02,1.116958e-01
4.682587e-01,1.259360e-02,7.746430e-02,1.274624e-02,4.969810e-02,1.757106e-02,5.073235e-03,1.036748e-01,1.264028e-02,9.226169e-02,8.610594e-03,7.647408e-03,4.640373e-03,1.809590e-02,1.090238e-01
1.000000e+00,0.000000e+00,0.000000e+00,0.000000e+00,0.000000e+00,0.000000e+00,0.000000e+00,0.000000e+00,0.000000e+00,0.000000e+00,0.000000e+00,0.000000e+00,0.000000e+00,0.000000e+00,0.000000e+00
1.000000e+00,0.000000e+00,0.000000e+00,0.000000e+00,0.000000e+00,0.000000e+00,0.000000e+00,0.000000e+00,0.000000e+00,0.000000e+00,0.000000e+00,0.000000e+00,0.000000e+00,0.000000e+00,0.000000e+00
4.563319e-01,5.098134e-02,1.404991e-01,4.245294e-02,2.746436e-02,1.105645e-02,3.191672e-03,4.927560e-02,1.345498e-02,3.966041e-02,6.949830e-03,5.926257e-03,3.735566e-03,1.715618e-02,1.318634e-01
3.908910e-01,3.950655e-02,1.061597e-01,3.036542e-02,1.950000e-02,9.812577e-03,2.304854e-03,3.516946e-02,1.557236e-02,2.951736e-02,6.205745e-03,4.678497e-03,4.479590e-03,6.851054e-02,2.373264e-01
3.429648e-01,2.988015e-02,8.475479e-02,2.295919e-02,1.400097e-02,8.510294e-03,1.779692e-03,2.546185e-02,2.035141e-02,2.177919e-02,6.125889e-03,4.355913e-03,5.325816e-03,1.040129e-01,3.077371e-01
3.050961e-01,2.200184e-02,6.539405e-02,1.684032e-02,1.013168e-02,7.850035e-03,1.559146e-03,1.895499e-02,2.455721e-02,1.660579e-02,8.007277e-03,4.035192e-03,6.413296e-03,2.178366e-01,2.747165e-01
2.741276e-01,1.710204e-02,1.206246e-01,1.795618e-02,7.549124e-03,8.154890e-03,1.648550e-03,1.441660e-02,4.696697e-02,1.283769e-02,1.148803e-02,4.104666e-03,6.037238e-03,2.239216e-01,2.330643e-01
2.256672e-01,1.368283e-02,2.552599e-01,2.463314e-02,6.097180e-03,7.381165e-03,1.420004e-03,1.127059e-02,4.702421e-02,1.146802e-02,9.325012e-03,3.593943e-03,4.941963e-03,1.899987e-01,1.882362e-01
1.831466e-01,1.166869e-02,3.223714e-01,3.277396e-02,5.331230e-03,6.179426e-03,1.173200e-03,8.425491e-03,5.670143e-02,1.198437e-02,7.715255e-03,2.960862e-03,3.781669e-03,1.616436e-01,1.841428e-01
1.486772e-01,1.115847e-02,3.304415e-01,2.625358e-02,4.511020e-03,8.014260e-03,9.240021e-04,6.115332e-03,5.112108e-02,1.152830e-02,6.112950e-03,2.275860e-03,3.155323e-03,1.933652e-01,1.963460e-01
1.342945e-01,1.113624e-02,3.593399e-01,3.306133e-02,4.907189e-03,7.033581e-03,8.750835e-04,5.008192e-03,7.835703e-02,1.358804e-02,6.302418e-03,2.109129e-03,2.648747e-03,1.713201e-01,1.700186e-01
1.086448e-01,8.242823e-03,3.029151e-01,2.480442e-02,3.652419e-03,5.811827e-03,6.851884e-04,3.616553e-03,6.293451e-02,1.156260e-02,5.037071e-03,1.794635e-03,2.138857e-03,3.079944e-01,1.501648e-01
1.403152e-01,7.882373e-03,2.184542e-01,1.994422e-02,3.252815e-03,8.723045e-03,8.335209e-04,3.254121e-03,1.909247e-01,1.704045e-02,6.999849e-03,1.943943e-03,4.774997e-03,2.478348e-01,1.278217e-01
1.410912e-01,1.256217e-02,1.879236e-01,5.577527e-02,3.570456e-03,8.461625e-03,9.982954e-04,3.043518e-03,2.607418e-01,2.588410e-02,6.324242e-03,1.634951e-03,5.210021e-03,1.802403e-01,1.065385e-01
1.785202e-01,1.611148e-02,1.617384e-01,5.216542e-02,4.110418e-03,1.050702e-02,1.771603e-03,3.231211e-03,2.570660e-01,4.211387e-02,5.590291e-03,1.546796e-03,6.606569e-03,1.492048e-01,1.097159e-01
2.271264e-01,2.218671e-02,1.576366e-01,8.637277e-02,6.743032e-03,1.076417e-02,3.358741e-03,6.014382e-03,2.361592e-01,3.275366e-02,5.921106e-03,1.977064e-03,6.159846e-03,1.094105e-01,8.741575e-02
4.021771e-01,2.184672e-02,1.158553e-01,6.772631e-02,7.510311e-03,1.156491e-02,3.808789e-03,6.046441e-03,1.716392e-01,2.426627e-02,6.386318e-03,3.195244e-03,6.342891e-03,8.265023e-02,6.898408e-02
1.000000e+00,0.000000e+00,0.000000e+00,0.000000e+00,0.000000e+00,0.000000e+00,0.000000e+00,0.000000e+00,0.000000e+00,0.000000e+00,0.000000e+00,0.000000e+00,0.000000e+00,0.000000e+00,0.000000e+00
1.000000e+00,0.000000e+00,0.000000e+00,0.000000e+00,0.000000e+00,0.000000e+00,0.000000e+00,0.000000e+00,0.000000e+00,0.000000e+00,0.000000e+00,0.000000e+00,0.000000e+00,0.000000e+00,0.000000e+00
1.000000e+00,0.000000e+00,0.000000e+00,0.000000e+00,0.000000e+00,0.000000e+00,0.000000e+00,0.000000e+00,0.000000e+00,0.000000e+00,0.000000e+00,0.000000e+00,0.000000e+00,0.000000e+00,0.000000e+00
1.000000e+00,0.000000e+00,0.000000e+00,0.000000e+00,0.000000e+00,0.000000e+00,0.000000e+00,0.000000e+00,0.000000e+00,0.000000e+00,0.000000e+00,0.000000e+00,0.000000e+00,0.000000e+00,0.000000e+00
1.000000e+00,0.000000e+00,0.000000e+00,0.000000e+00,0.000000e+00,0.000000e+00,0.000000e+00,0.000000e+00,0.000000e+00,0.000000e+00,0.000000e+00,0.000000e+00,0.000000e+00,0.000000e+00,0.000000e+00
