1.000000e+00,0.000000e+00,0.000000e+00,0.000000e+00,0.000000e+00,0.000000e+00,0.000000e+00,0.000000e+00,0.000000e+00,0.000000e+00,0.000000e+00,0.000000e+00,0.000000e+00,0.000000e+00,0.000000e+00
1.000000e+00,0.000000e+00,0.000000e+00,0.000000e+00,0.000000e+00,0.000000e+00,0.000000e+00,0.000000e+00,0.000000e+00,0.000000e+00,0.000000e+00,0.000000e+00,0.000000e+00,0.000000e+00,0.000000e+00
1.000000e+00,0.000000e+00,0.000000e+00,0.000000e+00,0.000000e+00,0.000000e+00,0.000000e+00,0.000000e+00,0.000000e+00,0.000000e+00,0.000000e+00,0.000000e+00,0.000000e+00,0.000000e+00,0.000000e+00
1.000000e+00,0.000000e+00,0.000000e+00,0.000000e+00,0.000000e+00,0.000000e+00,0.000000e+00,0.000000e+00,0.000000e+00,0.000000e+00,0.000000e+00,0.000000e+00,0.000000e+00,0.000000e+00,0.000000e+00
1.000000e+00,0.000000e+00,0.000000e+00,0.000000e+00,0.000000e+00,0.000000e+00,0.000000e+00,0.000000e+00,0.000000e+00,0.000000e+00,0.000000e+00,0.000000e+00,0.000000e+00,0.000000e+00,0.000000e+00
1.000000e+00,0.000000e+00,0.000000e+00,0.000000e+00,0.000000e+00,0.000000e+00,0.000000e+00,0.000000e+00,0.000000e+00,0.000000e+00,0.000000e+00,0.000000e+00,0.000000e+00,0.000000e+00,0.000000e+00
1.000000e+00,0.000000e+00,0.000000e+00,0.000000e+00,0.000000e+00,0.000000e+00,0.000000e+00,0.000000e+00,0.000000e+00,0.000000e+00,0.000000e+00,0.000000e+00,0.000000e+00,0.000000e+00,0.000000e+00
1.000000e+00,0.000000e+00,0.000000e+00,0.000000e+00,0.000000e+00,0.000000e+00,0.000000e+00,0.000000e+00,0.000000e+00,0.000000e+00,0.000000e+00,0.000000e+00,0.000000e+00,0.000000e+00,0.000000e+00
1.000000e+00,0.000000e+00,0.000000e+00,0.000000e+00,0.000000e+00,0.000000e+00,0.000000e+00,0.000000e+00,0.000000e+00,0.000000e+00,0.000000e+00,0.000000e+00,0.000000e+00,0.000000e+00,0.000000e+00
1.000000e+00,0.000000e+00,0.000000e+00,0.000000e+00,0.000000e+00,0.000000e+00,0.000000e+00,0.000000e+00,0.000000e+00,0.000000e+00,0.000000e+00,0.000000e+00,0.000000e+00,0.000000e+00,0.000000e+00
1.000000e+00,0.000000e+00,0.000000e+00,0.000000e+00,0.000000e+00,0.000000e+00,0.000000e+00,0.000000e+00,0.000000e+00,0.000000e+00,0.000000e+00,0.000000e+00,0.000000e+00,0.000000e+00,0.000000e+00
1.000000e+00,0.000000e+00,0.000000e+00,0.000000e+00,0.000000e+00,0.000000e+00,0.000000e+00,0.000000e+00,0.000000e+00,0.000000e+00,0.000000e+00,0.000000e+00,0.000000e+00,0.000000e+00,0.000000e+00
1.000000e+00,0.000000e+00,0.000000e+00,0.000000e+00,0.000000e+00,0.000000e+00,0.000000e+00,0.000000e+00,0.000000e+00,0.000000e+00,0.000000e+00,0.000000e+00,0.000000e+00,0.000000e+00,0.000000e+00
1.000000e+00,0.000000e+00,0.000000e+00,0.000000e+00,0.000000e+00,0.000000e+00,0.000000e+00,0.000000e+00,0.000000e+00,0.000000e+00,0.000000e+00,0.000000e+00,0.000000e+00,0.000000e+00,0.000000e+00
1.000000e+00,0.000000e+00,0.000000e+00,0.000000e+00,0.000000e+00,0.000000e+00,0.000000e+00,0.000000e+00,0.000000e+00,0.000000e+00,0.000000e+00,0.000000e+00,0.000000e+00,0.000000e+00,0.000000e+00
1.000000e+00,0.000000e+00,0.000000e+00,0.000000e+00,0.000000e+00,0.000000e+00,0.000000e+00,0.000000e+00,0.000000e+00,0.000000e+00,0.000000e+00,0.000000e+00,0.000000e+00,0.000000e+00,0.000000e+00
4.890258e-01,1.320873e-02,3.049466e-02,2.251673e-02,5.357944e-02,3.756322e-02,5.627694e-02,1.959775e-01,5.187429e-03,2.631301e-03,2.829657e-02,1.891749e-02,1.354576e-02,1.901210e-02,1.376621e-02
4.657038e-01,1.304664e-02,2.230639e-02,2.407711e-02,1.023428e-01,4.168472e-02,4.999202e-02,1.430774e-01,6.853668e-03,3.182570e-03,3.788198e-02,2.275806e-02,1.475065e-02,3.810406e-02,1.423807e-02
4.694285e-01,1.160094e-02,1.752832e-02,2.683510e-02,1.015533e-01,7.442190e-02,5.157176e-02,1.023306e-01,6.646483e-03,3.227120e-03,4.417127e-02,2.514573e-02,1.474051e-02,3.542101e-02,1.537752e-02
1.000000e+00,0.000000e+00,0.000000e+00,0.000000e+00,0.000000e+00,0.000000e+00,0.000000e+00,0.000000e+00,0.000000e+00,0.000000e+00,0.000000e+00,0.000000e+00,0.000000e+00,0.000000e+00,0.000000e+00
1.000000e+00,0.000000e+00,0.000000e+00,0.000000e+00,0.000000e+00,0.000000e+00,0.000000e+00,0.000000e+00,0.000000e+00,0.000000e+00,0.000000e+00,0.000000e+00,0.000000e+00,0.000000e+00,0.000000e+00
1.000000e+00,0.000000e+00,0.000000e+00,0.000000e+00,0.000000e+00,0.000000e+00,0.000000e+00,0.000000e+00,0.000000e+00,0.000000e+00,0.000000e+00,0.000000e+00,0.000000e+00,0.000000e+00,0.000000e+00
1.000000e+00,0.000000e+00,0.000000e+00,0.000000e+00,0.000000e+00,0.000000e+00,0.000000e+00,0.000000e+00,0.000000e+00,0.000000e+00,0.000000e+00,0.000000e+00,0.000000e+00,0.000000e+00,0.000000e+00
1.000000e+00,0.000000e+00,0.000000e+00,0.000000e+00,0.000000e+00,0.000000e+00,0.000000e+00,0.000000e+00,0.000000e+00,0.000000e+00,0.000000e+00,0.000000e+00,0.000000e+00,0.000000e+00,0.000000e+00
1.000000e+00,0.000000e+00,0.000000e+00,0.000000e+00,0.000000e+00,0.000000e+00,0.000000e+00,0.000000e+00,0.000000e+00,0.000000e+00,0.000000e+00,0.000000e+00,0.000000e+00,0.000000e+00,0.000000e+00
1.000000e+00,0.000000e+00,0.000000e+00,0.000000e+00,0.000000e+00,0.000000e+00,0.000000e+00,0.000000e+00,0.000000e+00,0.000000e+00,0.000000e+00,0.000000e+00,0.000000e+00,0.000000e+00,0.000000e+00
1.000000e+00,0.000000e+00,0.000000e+00,0.000000e+00,0.000000e+00,0.000000e+00,0.000000e+00,0.000000e+00,0.000000e+00,0.000000e+00,0.000000e+00,0.000000e+00,0.000000e+00,0.000000e+00,0.000000e+00
3.836342e-01,5.287706e-03,5.217527e-03,6.982310e-03,7.878400e-03,1.484649e-01,4.501861e-03,6.649705e-03,4.286943e-03,5.117702e-02,2.865178e-01,2.074104e-02,3.677155e-03,5.307162e-02,1.191183e-02
2.778409e-01,4.264173e-03,3.795505e-03,4.946697e-03,5.592760e-03,1.194380e-01,3.285681e-03,4.796323e-03,4.390160e-03,6.239012e-02,3.656233e-01,1.929103e-02,2.897781e-03,1.126751e-01,8.772447e-03
1.951055e-01,3.828211e-03,2.686434e-03,3.483213e-03,3.943235e-03,8.460281e-02,2.318341e-03,3.371569e-03,5.243456e-03,5.556227e-02,4.596658e-01,1.710989e-02,2.139052e-03,1.542631e-01,6.677229e-03
1.368562e-01,4.897238e-03,1.901903e-03,2.451747e-03,2.786676e-03,5.995224e-02,1.635617e-03,2.369090e-03,1.038222e-02,4.444916e-02,4.885071e-01,2.060306e-02,1.653853e-03,2.161582e-01,5.395771e-03
9.646249e-02,7.084155e-03,1.366430e-03,1.728618e-03,1.984223e-03,4.321248e-02,1.163756e-03,1.686566e-03,1.743773e-02,3.473042e-02,4.876212e-01,2.154460e-02,1.297158e-03,2.780002e-01,4.679946e-03
6.825069e-02,1.609850e-02,9.927193e-04,1.218367e-03,1.430664e-03,3.193735e-02,8.513971e-04,1.232883e-03,2.555018e-02,2.519548e-02,4.081900e-01,1.950286e-02,1.003246e-03,3.946080e-01,3.937708e-03
4.862509e-02,2.011835e-02,7.097981e-04,8.582541e-04,1.032476e-03,2.335388e-02,6.266591e-04,9.081465e-04,2.901796e-02,1.927795e-02,3.738802e-01,1.946381e-02,8.011782e-04,4.581482e-01,3.178000e-03
3.537313e-02,2.485715e-02,5.262931e-04,6.413118e-04,1.625892e-03,1.984829e-02,5.966824e-04,1.186682e-03,1.356583e-01,1.566238e-02,3.347181e-01,2.141227e-02,9.322482e-04,4.044612e-01,2.500072e-03
2.636428e-02,2.816085e-02,4.293301e-04,5.290182e-04,1.601110e-03,2.269814e-02,5.002652e-04,1.266625e-03,1.275136e-01,1.396416e-02,3.378015e-01,3.540954e-02,1.381874e-03,3.999188e-01,2.460941e-03
1.989983e-02,3.264920e-02,4.049173e-04,4.876202e-04,1.662101e-03,2.205132e-02,3.942968e-04,1.088346e-03,1.337670e-01,1.696899e-02,3.775666e-01,5.526268e-02,1.735148e-03,3.332305e-01,2.831473e-03
1.468660e-02,3.919072e-02,3.365341e-04,4.546433e-04,2.698886e-03,2.023212e-02,3.060048e-04,1.035901e-03,1.982969e-01,3.311191e-02,3.687179e-01,6.732758e-02,2.393343e-03,2.485234e-01,2.687525e-03
1.136894e-02,5.920947e-02,7.182800e-04,6.823370e-04,6.335123e-03,1.816510e-02,6.467194e-04,1.705436e-02,3.336024e-01,2.594915e-02,2.772673e-01,6.074516e-02,8.528634e-03,1.773139e-01,2.413099e-03
8.160984e-03,9.714910e-02,7.380276e-04,1.004052e-03,7.106505e-03,1.793054e-02,4.974531e-04,1.250151e-02,4.556897e-01,2.035510e-02,2.003924e-01,4.359607e-02,6.711642e-03,1.252023e-01,2.964722e-03
6.342506e-03,1.156749e-01,9.329034e-04,9.924429e-03,1.136547e-02,1.611668e-02,4.311458e-04,1.112317e-02,5.423673e-01,1.506872e-02,1.425406e-01,3.137689e-02,5.217003e-03,8.803248e-02,3.485838e-03
5.661801e-03,1.144216e-01,9.466215e-04,1.518958e-02,3.598398e-02,1.469038e-02,5.921739e-04,8.924054e-03,5.958911e-01,1.216294e-02,1.015813e-01,2.268367e-02,4.454081e-03,6.230786e-02,4.508817e-03
4.861373e-03,9.737913e-02,1.022790e-03,5.582796e-02,4.886869e-02,1.556976e-02,6.558678e-04,8.750460e-03,6.112754e-01,1.002669e-02,7.407082e-02,1.657569e-02,4.551568e-03,4.438712e-02,6.176601e-03
5.382519e-03,9.662174e-02,1.315719e-03,5.521647e-02,6.235463e-02,1.538270e-02,7.411751e-04,7.227148e-03,6.348432e-01,8.849650e-03,5.286000e-02,1.188893e-02,3.734244e-03,3.160667e-02,1.197527e-02
8.657860e-03,7.852985e-02,2.136722e-03,8.020216e-02,7.630528e-02,1.743938e-02,1.112321e-03,8.110569e-03,6.338498e-01,7.945742e-03,3.808354e-02,8.576609e-03,3.324008e-03,2.224514e-02,1.348105e-02
9.754372e-03,6.965380e-02,2.908129e-03,2.432889e-01,5.695894e-02,1.318011e-02,8.348955e-04,7.038542e-03,5.050094e-01,8.291090e-03,2.972223e-02,6.387382e-03,3.303918e-03,1.568072e-02,2.798765e-02
2.334833e-02,5.936848e-02,9.084565e-03,3.261334e-01,4.489338e-02,1.313349e-02,7.608221e-04,9.444519e-03,4.076899e-01,1.377714e-02,2.518735e-02,5.097994e-03,3.357584e-03,1.130972e-02,4.741337e-02
3.013656e-02,5.284069e-02,1.086333e-02,3.563989e-01,3.472507e-02,1.061021e-02,6.658911e-04,1.175859e-02,3.834456e-01,1.273765e-02,2.205698e-02,4.125756e-03,3.339877e-03,8.140681e-03,5.815426e-02
6.441367e-02,5.791336e-02,1.379964e-02,3.053304e-01,5.338854e-02,1.743914e-02,1.110114e-03,1.839009e-02,3.677037e-01,1.022970e-02,2.424245e-02,3.505927e-03,3.652352e-03,6.175077e-03,5.270592e-02
1.126934e-01,5.108687e-02,1.219549e-02,2.580909e-01,7.795876e-02,2.363816e-02,2.850949e-03,3.611257e-02,3.437954e-01,7.850571e-03,2.036921e-02,3.200648e-03,3.265383e-03,4.914448e-03,4.197732e-02
1.579874e-01,6.349181e-02,1.174537e-02,2.003783e-01,1.026104e-01,2.702987e-02,5.219395e-03,3.484786e-02,3.288014e-01,5.761836e-03,1.720235e-02,3.687561e-03,4.104940e-03,4.104467e-03,3.302700e-02
1.796155e-01,5.715995e-02,1.002863e-02,1.713145e-01,1.299326e-01,3.741754e-02,1.036383e-02,5.405027e-02,2.927631e-01,4.314953e-03,1.432249e-02,4.638030e-03,4.832997e-03,3.258616e-03,2.598706e-02
1.620859e-01,4.168343e-02,8.176471e-03,1.295155e-01,1.059414e-01,2.824018e-02,8.027378e-03,2.503472e-01,2.192824e-01,3.073013e-03,1.204108e-02,5.036181e-03,4.301701e-03,2.633584e-03,1.961463e-02
1.414850e-01,3.028516e-02,6.326389e-03,9.315553e-02,8.315079e-02,2.110695e-02,6.528468e-03,4.145580e-01,1.664900e-01,2.170002e-03,9.935591e-03,4.652863e-03,3.677406e-03,2.057238e-03,1.442064e-02
1.060889e-01,2.158412e-02,4.611419e-03,6.565247e-02,6.064623e-02,1.532697e-02,4.913480e-03,5.773193e-01,1.175079e-01,1.533364e-03,7.139193e-03,3.353352e-03,2.671900e-03,1.461896e-03,1.018965e-02
1.010617e-01,1.563371e-02,4.092300e-03,4.748290e-02,4.567833e-02,3.111625e-02,4.110127e-03,6.105279e-01,8.288068e-02,1.759305e-03,1.667832e-02,9.505118e-03,2.025262e-02,1.690571e-03,7.530286e-03
1.514096e-01,1.182456e-02,4.042026e-03,3.676417e-02,3.507906e-02,6.348723e-02,3.825248e-03,5.333311e-01,5.950993e-02,1.989164e-03,2.186670e-02,2.347527e-02,4.533346e-02,1.973745e-03,6.088819e-03
1.795115e-01,9.301567e-03,9.409568e-03,2.757926e-02,3.223072e-02,1.332335e-01,9.619850e-03,4.385256e-01,4.368860e-02,2.506497e-03,2.420998e-02,2.554917e-02,5.744799e-02,1.822488e-03,5.363688e-03
2.894088e-01,7.250041e-03,1.332644e-02,2.052959e-02,2.618835e-02,1.456800e-01,1.131329e-02,3.398097e-01,3.195068e-02,2.491210e-03,2.120722e-02,3.116572e-02,5.350147e-02,1.728100e-03,4.449368e-03
2.744684e-01,8.793588e-03,1.280574e-02,2.043882e-02,2.206399e-02,1.519469e-01,9.513183e-03,2.521503e-01,2.628703e-02,3.372707e-03,3.870058e-02,9.680963e-02,7.303092e-02,3.893320e-03,5.724953e-03
3.172791e-01,1.174409e-02,2.441938e-02,3.006090e-02,2.063554e-02,1.187546e-01,8.166906e-03,1.934066e-01,2.662878e-02,4.340936e-03,5.555400e-02,9.879440e-02,7.418613e-02,8.345599e-03,7.683038e-03
4.414499e-01,1.247340e-02,2.200539e-02,2.627802e-02,1.829793e-02,9.076988e-02,6.796607e-03,1.395824e-01,2.368162e-02,4.834875e-03,5.134808e-02,8.478706e-02,5.718282e-02,1.067230e-02,9.839702e-03
1.000000e+00,0.000000e+00,0.000000e+00,0.000000e+00,0.000000e+00,0.000000e+00,0.000000e+00,0.000000e+00,0.000000e+00,0.000000e+00,0.000000e+00,0.000000e+00,0.000000e+00,0.000000e+00,0.000000e+00
1.000000e+00,0.000000e+00,0.000000e+00,0.000000e+00,0.000000e+00,0.000000e+00,0.000000e+00,0.000000e+00,0.000000e+00,0.000000e+00,0.000000e+00,0.000000e+00,0.000000e+00,0.000000e+00,0.000000e+00
1.000000e+00,0.000000e+00,0.000000e+00,0.000000e+00,0.000000e+00,0.000000e+00,0.000000e+00,0.000000e+00,0.000000e+00,0.000000e+00,0.000000e+00,0.000000e+00,0.000000e+00,0.000000e+00,0.000000e+00
1.000000e+00,0.000000e+00,0.000000e+00,0.000000e+00,0.000000e+00,0.000000e+00,0.000000e+00,0.000000e+00,0.000000e+00,0.000000e+00,0.000000e+00,0.000000e+00,0.000000e+00,0.000000e+00,0.000000e+00
1.000000e+00,0.000000e+00,0.000000e+00,0.000000e+00,0.000000e+00,0.000000e+00,0.000000e+00,0.000000e+00,0.000000e+00,0.000000e+00,0.000000e+00,0.000000e+00,0.000000e+00,0.000000e+00,0.000000e+00
1.000000e+00,0.000000e+00,0.000000e+00,0.000000e+00,0.000000e+00,0.000000e+00,0.000000e+00,0.000000e+00,0.000000e+00,0.000000e+00,0.000000e+00,0.000000e+00,0.000000e+00,0.000000e+00,0.000000e+00
1.000000e+00,0.000000e+00,0.000000e+00,0.000000e+00,0.000000e+00,0.000000e+00,0.000000e+00,0.000000e+00,0.000000e+00,0.000000e+00,0.000000e+00,0.000000e+00,0.000000e+00,0.000000e+00,0.000000e+00
1.000000e+00,0.000000e+00,0.000000e+00,0.000000e+00,0.000000e+00,0.000000e+00,0.000000e+00,0.000000e+00,0.000000e+00,0.000000e+00,0.000000e+00,0.000000e+00,0.000000e+00,0.000000e+00,0.000000e+00
1.000000e+00,0.000000e+00,0.000000e+00,0.000000e+00,0.000000e+00,0.000000e+00,0.000000e+00,0.000000e+00,0.000000e+00,0.000000e+00,0.000000e+00,0.000000e+00,0.000000e+00,0.000000e+00,0.000000e+00
1.000000e+00,0.000000e+00,0.000000e+00,0.000000e+00,0.000000e+00,0.000000e+00,0.000000e+00,0.000000e+00,0.000000e+00,0.000000e+00,0.000000e+00,0.000000e+00,0.000000e+00,0.000000e+00,0.000000e+00
1.000000e+00,0.000000e+00,0.000000e+00,0.000000e+00,0.000000e+00,0.000000e+00,0.000000e+00,0.000000e+00,0.000000e+00,0.000000e+00,0.000000e+00,0.000000e+00,0.000000e+00,0.000000e+00,0.000000e+00
1.000000e+00,0.000000e+00,0.000000e+00,0.000000e+00,0.000000e+00,0.000000e+00,0.000000e+00,0.000000e+00,0.000000e+00,0.000000e+00,0.000000e+00,0.000000e+00,0.000000e+00,0.000000e+00,0.000000e+00
1.000000e+00,0.000000e+00,0.000000e+00,0.000000e+00,0.000000e+00,0.000000e+00,0.000000e+00,0.000000e+00,0.000000e+00,0.000000e+00,0.000000e+00,0.000000e+00,0.000000e+00,0.000000e+00,0.000000e+00
1.000000e+00,0.000000e+00,0.000000e+00,0.000000e+00,0.000000e+00,0.000000e+00,0.000000e+00,0.000000e+00,0.000000e+00,0.000000e+00,0.000000e+00,0.000000e+00,0.000000e+00,0.000000e+00,0.000000e+00
1.000000e+00,0.000000e+00,0.000000e+00,0.000000e+00,0.000000e+00,0.000000e+00,0.000000e+00,0.000000e+00,0.000000e+00,0.000000e+00,0.000000e+00,0.000000e+00,0.000000e+00,0.000000e+00,0.000000e+00
4.837586e-01,2.351771e-02,7.267649e-02,5.063760e-02,1.384570e-02,4.882430e-02,3.852339e-03,1.048700e-02,2.955958e-02,8.694062e-03,7.398222e-02,3.344632e-02,1.260293e-02,1.011905e-01,3.292457e-02
4.711535e-01,2.409958e-02,9.251072e-02,4.789630e-02,1.210477e-02,5.653243e-02,3.880445e-03,9.910526e-03,3.060913e-02,9.785240e-03,6.293013e-02,2.672457e-02,1.120636e-02,9.947287e-02,4.118340e-02
4.556617e-01,2.777401e-02,1.184598e-01,5.163439e-02,9.946123e-03,5.478094e-02,3.352161e-03,9.672906e-03,3.079670e-02,1.253827e-02,5.720464e-02,2.242588e-02,1.009270e-02,7.994173e-02,5.571803e-02
4.032328e-01,2.638792e-02,1.635874e-01,4.896333e-02,8.190854e-03,5.430741e-02,3.239334e-03,1.081418e-02,3.075087e-02,1.264394e-02,6.889323e-02,2.201008e-02,1.060551e-02,7.737990e-02,5.899319e-02
4.287534e-01,2.509914e-02,1.372798e-01,5.149078e-02,7.780747e-03,5.386063e-02,3.159204e-03,1.166787e-02,3.351330e-02,1.138840e-02,7.876626e-02,2.288409e-02,1.104079e-02,6.909333e-02,5.422227e-02
4.439973e-01,2.087489e-02,1.127503e-01,8.531947e-02,1.379521e-02,4.943129e-02,4.753444e-03,3.485643e-02,3.244299e-02,1.050244e-02,6.297517e-02,2.188474e-02,1.270681e-02,5.185308e-02,4.185643e-02
4.994370e-01,1.781780e-02,9.828610e-02,9.194873e-02,1.491875e-02,4.610485e-02,4.874540e-03,2.977748e-02,3.034531e-02,8.509697e-03,5.102039e-02,2.029011e-02,1.149808e-02,4.177837e-02,3.339282e-02
4.383515e-01,1.913093e-02,1.590940e-01,7.957809e-02,1.877869e-02,3.508583e-02,3.628587e-03,2.488011e-02,5.014170e-02,8.554680e-03,4.662424e-02,1.689461e-02,9.138600e-03,6.455803e-02,2.556038e-02
3.417519e-01,1.717164e-02,2.762212e-01,8.894630e-02,1.756027e-02,2.758206e-02,2.625727e-03,1.881752e-02,5.676688e-02,7.159318e-03,4.438389e-02,1.318548e-02,7.046085e-03,6.199915e-02,1.878262e-02
2.749939e-01,1.426556e-02,3.397149e-01,1.166342e-01,2.123275e-02,2.502312e-02,1.887706e-03,1.389059e-02,6.562812e-02,5.995481e-03,4.027899e-02,1.031356e-02,5.245879e-03,5.129738e-02,1.359796e-02
2.182087e-01,1.359130e-02,3.637358e-01,1.096272e-01,2.362763e-02,2.220973e-02,1.377668e-03,1.052924e-02,7.303032e-02,8.950377e-03,4.694789e-02,9.618870e-03,4.520504e-03,8.414712e-02,9.877577e-03
1.885990e-01,2.327008e-02,3.381106e-01,9.820300e-02,3.257672e-02,3.151877e-02,1.235196e-03,1.007384e-02,8.199406e-02,9.739231e-03,6.252304e-02,1.327147e-02,4.707439e-03,9.546296e-02,8.714579e-03
1.814066e-01,3.415459e-02,3.736781e-01,7.772164e-02,3.749907e-02,2.921769e-02,1.376515e-03,8.367363e-03,7.733077e-02,7.798503e-03,5.834521e-02,1.668461e-02,5.453455e-03,8.245540e-02,8.510428e-03
2.026711e-01,2.662253e-02,3.870663e-01,6.289598e-02,4.331563e-02,2.236489e-02,1.287853e-03,7.234377e-03,8.702296e-02,5.984021e-03,5.911000e-02,1.904820e-02,4.820248e-03,6.379500e-02,6.760895e-03
2.559223e-01,2.069024e-02,3.570430e-01,5.533292e-02,4.305354e-02,1.772136e-02,1.233545e-03,6.056659e-03,9.866397e-02,4.653994e-03,5.289342e-02,2.394458e-02,4.515084e-03,5.242478e-02,5.850547e-03
3.192824e-01,1.674140e-02,3.035061e-01,5.382004e-02,4.002028e-02,1.473829e-02,1.114530e-03,4.812679e-03,1.309669e-01,3.955992e-03,4.015511e-02,2.015287e-02,3.963963e-03,4.113727e-02,5.632180e-03
4.443872e-01,1.463611e-02,2.231096e-01,4.907986e-02,3.500872e-02,1.305739e-02,1.366136e-03,5.451101e-03,1.114008e-01,3.365263e-03,3.102798e-02,2.321750e-02,5.275168e-03,3.381869e-02,5.798413e-03
1.000000e+00,0.000000e+00,0.000000e+00,0.000000e+00,0.000000e+00,0.000000e+00,0.000000e+00,0.000000e+00,0.000000e+00,0.000000e+00,0.000000e+00,0.000000e+00,0.000000e+00,0.000000e+00,0.000000e+00
1.000000e+00,0.000000e+00,0.000000e+00,0.000000e+00,0.000000e+00,0.000000e+00,0.000000e+00,0.000000e+00,0.000000e+00,0.000000e+00,0.000000e+00,0.000000e+00,0.000000e+00,0.000000e+00,0.000000e+00
1.000000e+00,0.000000e+00,0.000000e+00,0.000000e+00,0.000000e+00,0.000000e+00,0.000000e+00,0.000000e+00,0.000000e+00,0.000000e+00,0.000000e+00,0.000000e+00,0.000000e+00,0.000000e+00,0.000000e+00
1.000000e+00,0.000000e+00,0.000000e+00,0.000000e+00,0.000000e+00,0.000000e+00,0.000000e+00,0.000000e+00,0.000000e+00,0.000000e+00,0.000000e+00,0.000000e+00,0.000000e+00,0.000000e+00,0.000000e+00
1.000000e+00,0.000000e+00,0.000000e+00,0.000000e+00,0.000000e+00,0.000000e+00,0.000000e+00,0.000000e+00,0.000000e+00,0.000000e+00,0.000000e+00,0.000000e+00,0.000000e+00,0.000000e+00,0.000000e+00
1.000000e+00,0.000000e+00,0.000000e+00,0.000000e+00,0.000000e+00,0.000000e+00,0.000000e+00,0.000000e+00,0.000000e+00,0.000000e+00,0.000000e+00,0.000000e+00,0.000000e+00,0.000000e+00,0.000000e+00
1.000000e+00,0.000000e+00,0.000000e+00,0.000000e+00,0.000000e+00,0.000000e+00,0.000000e+00,0.000000e+00,0.000000e+00,0.000000e+00,0.000000e+00,0.000000e+00,0.000000e+00,0.000000e+00,0.000000e+00
1.000000e+00,0.000000e+00,0.000000e+00,0.000000e+00,0.000000e+00,0.000000e+00,0.000000e+00,0.000000e+00,0.000000e+00,0.000000e+00,0.000000e+00,0.000000e+00,0.000000e+00,0.000000e+00,0.000000e+00
4.484941e-01,8.054388e-03,1.881164e-02,2.767128e-02,1.062860e-02,1.049466e-02,2.278934e-03,4.117453e-01,1.149267e-02,1.819619e-03,8.932994e-03,1.653556e-02,7.360720e-03,5.534620e-03,1.014497e-02
3.162590e-01,5.697783e-03,1.340696e-02,1.969390e-02,8.051899e-03,7.611719e-03,1.898571e-03,5.835295e-01,8.123576e-03,1.279450e-03,6.423132e-03,1.166675e-02,5.232903e-03,3.925252e-03,7.199549e-03
2.518723e-01,5.239040e-03,9.945819e-03,1.718600e-02,7.150808e-03,7.271316e-03,1.733734e-03,6.010619e-01,7.345947e-03,1.478690e-03,3.041211e-02,1.456282e-02,3.306149e-02,5.685125e-03,5.992870e-03
1.917280e-01,5.144903e-03,7.465916e-03,1.393597e-02,7.461141e-03,6.957384e-03,2.103067e-03,4.635986e-01,9.874051e-03,3.033554e-03,4.027855e-02,4.471383e-02,1.917368e-01,5.900551e-03,6.067648e-03
1.658593e-01,4.455701e-03,6.333108e-03,1.216660e-02,1.228007e-02,6.536762e-03,4.443622e-03,3.864660e-01,1.315969e-02,4.964261e-03,4.715294e-02,5.928564e-02,2.603137e-01,1.014747e-02,6.435075e-03
1.432561e-01,5.841373e-03,8.648637e-03,1.084678e-02,1.414940e-02,9.225254e-03,1.125794e-02,2.963011e-01,2.855293e-02,7.408749e-03,4.521169e-02,1.034588e-01,2.906995e-01,1.590252e-02,9.239230e-03
1.195277e-01,2.756671e-02,9.212401e-03,1.372098e-02,2.504910e-02,1.099825e-02,1.063978e-02,2.127713e-01,3.047142e-02,9.360364e-03,5.622824e-02,1.238881e-01,3.036067e-01,3.539759e-02,1.156146e-02
8.455091e-02,3.641100e-02,1.481415e-02,2.813566e-02,4.265969e-02,8.896980e-03,8.054340e-03,1.493403e-01,3.825478e-02,9.196713e-03,9.237295e-02,1.285983e-01,2.594714e-01,5.637005e-02,4.287291e-02
5.943755e-02,2.806680e-02,1.400834e-02,3.162493e-02,3.475507e-02,7.152123e-03,5.731957e-03,1.048940e-01,3.720229e-02,9.310469e-03,1.418128e-01,1.332884e-01,2.032084e-01,1.530969e-01,3.641002e-02
4.227740e-02,2.091546e-02,1.551530e-02,2.820868e-02,2.992181e-02,6.670518e-03,4.078758e-03,7.367708e-02,3.927948e-02,1.294278e-02,1.695291e-01,1.268727e-01,1.488730e-01,2.517909e-01,2.944707e-02
3.275606e-02,1.588440e-02,1.602020e-02,2.497656e-02,2.527030e-02,8.303710e-03,3.017057e-03,5.186082e-02,3.223018e-02,1.407060e-02,2.382111e-01,9.669767e-02,1.063762e-01,3.099423e-01,2.438285e-02
2.667536e-02,1.229392e-02,1.619118e-02,2.498592e-02,2.296369e-02,1.048932e-02,2.253989e-03,3.654538e-02,2.585952e-02,1.234337e-02,2.348170e-01,7.696119e-02,7.628706e-02,4.026409e-01,1.869222e-02
2.084479e-02,9.414775e-03,1.204548e-02,1.933188e-02,1.736065e-02,1.088519e-02,1.668835e-03,2.575549e-02,1.877484e-02,1.023277e-02,1.949322e-01,5.993157e-02,5.439798e-02,5.301585e-01,1.426510e-02
2.249104e-02,6.858902e-03,8.626890e-03,1.389790e-02,1.239364e-02,9.469235e-03,1.266554e-03,1.812530e-02,1.348891e-02,8.383706e-03,1.633586e-01,4.451134e-02,3.844815e-02,6.275986e-01,1.108121e-02
2.301708e-02,5.065579e-03,6.223658e-03,9.984067e-03,8.821593e-03,7.660708e-03,9.846778e-04,1.274537e-02,9.904322e-03,6.772553e-03,1.238812e-01,3.360053e-02,2.719648e-02,7.156422e-01,8.499953e-03
2.374298e-02,3.832147e-03,4.469809e-03,7.137250e-03,6.262378e-03,6.906595e-03,7.573291e-04,8.984658e-03,7.656140e-03,5.356644e-03,1.052157e-01,2.549807e-02,1.918297e-02,7.684715e-01,6.525907e-03
3.391865e-02,2.913104e-03,3.257284e-03,5.084072e-03,4.425138e-03,6.128762e-03,5.875131e-04,6.337837e-03,6.041596e-03,4.149766e-03,8.710982e-02,2.011413e-02,1.354834e-02,8.013059e-01,5.078063e-03
4.859810e-02,2.354466e-03,2.572509e-03,3.776875e-03,3.269019e-03,1.264380e-02,4.577988e-04,4.641350e-03,5.496681e-03,3.460402e-03,1.143563e-01,1.991388e-02,1.001195e-02,7.641470e-01,4.299893e-03
4.132526e-02,1.857080e-03,1.936626e-03,2.759987e-03,3.951205e-03,1.089181e-02,3.453771e-04,3.336199e-03,5.143502e-03,3.072971e-03,2.479425e-01,2.138727e-02,7.683258e-03,6.445218e-01,3.845182e-03
4.973093e-02,2.095503e-03,1.744565e-03,2.106188e-03,5.429085e-03,1.025390e-02,2.761749e-04,2.454623e-03,9.918347e-03,3.088976e-03,2.904472e-01,2.291848e-02,5.985071e-03,5.895638e-01,3.987149e-03
4.032829e-02,2.818120e-03,2.632741e-03,1.541586e-03,6.285366e-03,8.755323e-03,2.703828e-04,1.948489e-03,3.790509e-02,3.690067e-03,2.792954e-01,2.447389e-02,4.447992e-03,5.820314e-01,3.575951e-03
3.726473e-02,2.847479e-03,2.629852e-03,1.176332e-03,5.903200e-03,8.356174e-03,3.283215e-04,1.650711e-03,4.405542e-02,3.921651e-03,3.268355e-01,2.192966e-02,3.403304e-03,5.364769e-01,3.220857e-03
3.360759e-02,2.805647e-03,2.346989e-03,9.820382e-04,4.406391e-03,8.270318e-03,2.708211e-04,1.226026e-03,3.570785e-02,3.407998e-03,3.990328e-01,1.774278e-02,2.627374e-03,4.847765e-01,2.788902e-03
3.091585e-02,2.293007e-03,2.066634e-03,7.690357e-04,3.262521e-03,6.986699e-03,2.297466e-04,9.542591e-04,3.038805e-02,3.055418e-03,3.983701e-01,1.387112e-02,2.107680e-03,5.024722e-01,2.257753e-03
2.446382e-02,1.930058e-03,6.085783e-03,8.296273e-04,3.119566e-03,7.264526e-03,3.350712e-04,1.395325e-03,3.975915e-02,5.268769e-03,4.009306e-01,1.070223e-02,1.923735e-03,4.937925e-01,2.199214e-03
1.803835e-02,1.861317e-03,6.031717e-03,8.548966e-04,2.832806e-03,6.288437e-03,3.241664e-04,1.520131e-03,3.703396e-02,9.944501e-03,4.145056e-01,8.397131e-03,1.752303e-03,4.885530e-01,2.061690e-03
1.403951e-02,1.772056e-03,5.311764e-03,7.302407e-04,2.397693e-03,5.891761e-03,2.555104e-04,1.276978e-03,3.223786e-02,8.516387e-03,4.428285e-01,6.310293e-03,1.754348e-03,4.749569e-01,1.720098e-03
1.948012e-02,1.976232e-03,4.460421e-03,7.556350e-04,2.063359e-03,8.513787e-03,2.254540e-04,1.021316e-03,3.173757e-02,9.078377e-03,4.500648e-01,5.032497e-03,1.674678e-03,4.614778e-01,2.437951e-03
1.653238e-02,2.812997e-03,1.103799e-01,2.262671e-03,4.330759e-03,9.369763e-03,2.333998e-04,1.033641e-03,5.037192e-02,1.193122e-02,3.756779e-01,3.778751e-03,1.558257e-03,4.064540e-01,3.272423e-03
1.903833e-02,2.803210e-03,1.295112e-01,2.917994e-03,5.060660e-03,9.780356e-03,2.308303e-04,1.478026e-03,6.640361e-02,1.052725e-02,3.466240e-01,2.839681e-03,1.380547e-03,3.978583e-01,3.546061e-03
2.109903e-02,3.102043e-03,1.051235e-01,3.864963e-03,5.314330e-03,1.170589e-02,2.197243e-04,1.689611e-03,6.680693e-02,8.975575e-03,3.156071e-01,2.154346e-03,1.168904e-03,4.500358e-01,3.132263e-03
4.042546e-02,3.989778e-03,1.041505e-01,7.096385e-03,6.403273e-03,1.349296e-02,2.773567e-04,1.989270e-03,8.447591e-02,9.748130e-03,2.908379e-01,1.780779e-03,1.217993e-03,4.296759e-01,4.438442e-03
5.659304e-02,5.561788e-03,1.056618e-01,1.021183e-02,1.321886e-02,2.568483e-02,3.009529e-04,1.882594e-03,1.060317e-01,1.467882e-02,2.914572e-01,1.988332e-03,1.501233e-03,3.604079e-01,4.818978e-03
6.213092e-02,1.467669e-02,1.024297e-01,2.278584e-02,4.036181e-02,2.755485e-02,6.003784e-04,4.609537e-03,1.286827e-01,1.467333e-02,2.935557e-01,2.709614e-03,1.507473e-03,2.785438e-01,5.177596e-03
7.010090e-02,2.572213e-02,1.664272e-01,5.635465e-02,5.744301e-02,2.438600e-02,7.136935e-04,8.652633e-03,1.203030e-01,1.273752e-02,2.308328e-01,2.903239e-03,1.452361e-03,2.169085e-01,5.062297e-03
1.127097e-01,2.428161e-02,2.209910e-01,5.580798e-02,6.938791e-02,2.449654e-02,6.412762e-04,6.575324e-03,1.097236e-01,1.078112e-02,1.923947e-01,3.478754e-03,1.494488e-03,1.624110e-01,4.824809e-03
1.387255e-01,2.379464e-02,2.248358e-01,5.639382e-02,9.656787e-02,2.884250e-02,6.843169e-04,4.973632e-03,1.028508e-01,1.136479e-02,1.789576e-01,3.993672e-03,1.683468e-03,1.220222e-01,4.309408e-03
1.453239e-01,3.215844e-02,2.236616e-01,4.414964e-02,1.119189e-01,2.877893e-02,6.610968e-04,3.761865e-03,1.258597e-01,9.370325e-03,1.590320e-01,6.616450e-03,2.026430e-03,1.025299e-01,4.150871e-03
1.655026e-01,3.088847e-02,2.163378e-01,3.610110e-02,9.088910e-02,3.053397e-02,5.813567e-04,2.891846e-03,1.509260e-01,8.512430e-03,1.635762e-01,1.036517e-02,2.427757e-03,8.648048e-02,3.985666e-03
1.819047e-01,3.712224e-02,1.636946e-01,3.408294e-02,9.886547e-02,5.477887e-02,7.379513e-04,2.901367e-03,1.534054e-01,8.220456e-03,1.289112e-01,2.617066e-02,5.757880e-03,9.721929e-02,6.226981e-03
2.265944e-01,3.654749e-02,1.305228e-01,3.511812e-02,9.158847e-02,5.383937e-02,1.201884e-03,3.209613e-03,1.587176e-01,7.559818e-03,1.053649e-01,4.782679e-02,8.060055e-03,8.529643e-02,8.552239e-03
2.659392e-01,4.229031e-02,1.190202e-01,4.226407e-02,9.523490e-02,4.922093e-02,1.610129e-03,3.841755e-03,1.324136e-01,6.921826e-03,9.069085e-02,5.911250e-02,1.085285e-02,7.008049e-02,1.050642e-02
3.313740e-01,4.850053e-02,1.086666e-01,4.971130e-02,8.350913e-02,4.366236e-02,2.345121e-03,7.515736e-03,1.005919e-01,5.815389e-03,7.158598e-02,6.212621e-02,1.576817e-02,5.633067e-02,1.249687e-02
3.861720e-01,4.204509e-02,1.243203e-01,6.655758e-02,6.930771e-02,3.500840e-02,2.672718e-03,1.129520e-02,7.826965e-02,5.230522e-03,5.495802e-02,5.297095e-02,1.552349e-02,4.284606e-02,1.282240e-02
4.472462e-01,3.379941e-02,1.264834e-01,7.022267e-02,5.916715e-02,3.040214e-02,2.411718e-03,9.585726e-03,7.025515e-02,5.063652e-03,4.162733e-02,4.358656e-02,1.369818e-02,3.382449e-02,1.262628e-02
4.801912e-01,3.069337e-02,1.061736e-01,6.877629e-02,5.269594e-02,3.400457e-02,3.349134e-03,1.081251e-02,5.610117e-02,4.799672e-03,3.793522e-02,5.207767e-02,1.635043e-02,2.950027e-02,1.653906e-02
1.000000e+00,0.000000e+00,0.000000e+00,0.000000e+00,0.000000e+00,0.000000e+00,0.000000e+00,0.000000e+00,0.000000e+00,0.000000e+00,0.000000e+00,0.000000e+00,0.000000e+00,0.000000e+00,0.000000e+00
1.000000e+00,0.000000e+00,0.000000e+00,0.000000e+00,0.000000e+00,0.000000e+00,0.000000e+00,0.000000e+00,0.000000e+00,0.000000e+00,0.000000e+00,0.000000e+00,0.000000e+00,0.000000e+00,0.000000e+00
3.911688e-01,1.763853e-02,4.485019e-02,4.225856e-02,2.286448e-02,9.680034e-02,2.366850e-03,7.999057e-03,2.392106e-02,3.428501e-03,2.452424e-01,5.183650e-02,1.374875e-02,2.045425e-02,1.542169e-02
2.752993e-01,1.248549e-02,3.151788e-02,2.963499e-02,1.610779e-02,8.440129e-02,1.676647e-03,5.778815e-03,1.676511e-02,2.427737e-03,4.486173e-01,3.802832e-02,9.718651e-03,1.667313e-02,1.086767e-02
1.929096e-01,8.786308e-03,2.217276e-02,2.075741e-02,1.132097e-02,5.974153e-02,1.181244e-03,4.066396e-03,1.175260e-02,1.781116e-03,6.111264e-01,2.694285e-02,6.837687e-03,1.286944e-02,7.753693e-03
1.351779e-01,6.205169e-03,1.560597e-02,1.454128e-02,7.968992e-03,4.299448e-02,8.367263e-04,2.874638e-03,8.287950e-03,1.827238e-03,7.182136e-01,1.997554e-02,4.821115e-03,1.479382e-02,5.875649e-03
9.480856e-02,4.440520e-03,1.103491e-02,1.020886e-02,5.692699e-03,3.097751e-02,5.957242e-04,2.037880e-03,6.214221e-03,7.979011e-03,7.821442e-01,1.546324e-02,3.407534e-03,1.869566e-02,6.299439e-03
6.652581e-02,3.593371e-03,8.038138e-03,7.258171e-03,4.599918e-03,2.268916e-02,4.972178e-04,1.500775e-03,6.105661e-03,6.632767e-02,7.597132e-01,1.401006e-02,2.460784e-03,2.466299e-02,1.201713e-02
4.671639e-02,2.862224e-03,5.878291e-03,5.317286e-03,3.649253e-03,1.685278e-02,4.392484e-04,1.114435e-03,5.773433e-03,6.571171e-02,7.781963e-01,1.536810e-02,1.775401e-03,3.302194e-02,1.732321e-02
3.300444e-02,2.342943e-03,4.537807e-03,4.170940e-03,3.098646e-03,1.299625e-02,5.317008e-04,1.089283e-03,6.294900e-03,7.764332e-02,7.806516e-01,1.674567e-02,1.338508e-03,3.576698e-02,1.978703e-02
2.340000e-02,1.812304e-03,3.471197e-03,3.057362e-03,2.758568e-03,1.005931e-02,6.154132e-04,1.080795e-03,6.086581e-03,9.487425e-02,7.697116e-01,2.156219e-02,1.061084e-03,4.354433e-02,1.690504e-02
1.660115e-02,1.661965e-03,2.498331e-03,2.201116e-03,2.246330e-03,8.452221e-03,4.981431e-04,8.027038e-04,5.126458e-03,2.069733e-01,6.856742e-01,1.882911e-02,8.067495e-04,3.377342e-02,1.385478e-02
1.196881e-02,1.455502e-03,1.765662e-03,1.580529e-03,1.731205e-03,7.451674e-03,3.926834e-04,5.874581e-04,3.964442e-03,3.677431e-01,5.517744e-01,1.408978e-02,6.203120e-04,2.422015e-02,1.065430e-02
9.001121e-03,1.869109e-03,1.285456e-03,1.226849e-03,1.935777e-03,6.603759e-03,4.519271e-04,4.912444e-04,4.128462e-03,4.786317e-01,4.563089e-01,1.140595e-02,5.317711e-04,1.758132e-02,8.546752e-03
7.254953e-03,2.247937e-03,1.065575e-03,1.091328e-03,3.455947e-03,7.364322e-03,1.253737e-03,1.314525e-03,5.740427e-03,5.557569e-01,3.811880e-01,1.109310e-02,9.223435e-04,1.367896e-02,6.571913e-03
5.481564e-03,3.083297e-03,8.791756e-04,9.057605e-04,7.228321e-03,6.209158e-03,1.180841e-03,1.048308e-03,7.640780e-03,6.286198e-01,3.112020e-01,9.924528e-03,1.076309e-03,1.046317e-02,5.056955e-03
5.266712e-03,5.620390e-03,1.064302e-03,1.177672e-03,1.633662e-02,1.014917e-02,2.433313e-03,1.672664e-03,1.551786e-02,6.903790e-01,2.255643e-01,1.075628e-02,2.042441e-03,8.116934e-03,3.902328e-03
8.042209e-03,6.372002e-03,1.170500e-03,1.122707e-03,3.664192e-02,3.537299e-02,2.483452e-03,1.488975e-03,2.685555e-02,6.346734e-01,2.068175e-01,2.423230e-02,3.486960e-03,7.435957e-03,3.803622e-03
6.683974e-03,7.052380e-03,1.154213e-03,9.918003e-04,3.109722e-02,3.677239e-02,2.013738e-03,1.147747e-03,3.113211e-02,5.812886e-01,2.432874e-01,3.885803e-02,5.708450e-03,8.930948e-03,3.881029e-03
5.441301e-03,7.919643e-03,1.628846e-03,1.662678e-03,2.698310e-02,2.878036e-02,1.513297e-03,9.124071e-04,4.385361e-02,6.095459e-01,2.031572e-01,4.271338e-02,1.037729e-02,8.789653e-03,6.721202e-03
4.707831e-03,8.111364e-03,1.385351e-03,1.455482e-03,2.265483e-02,2.384841e-02,1.154953e-03,8.512824e-04,4.424009e-02,6.200427e-01,1.930918e-01,4.553925e-02,1.673098e-02,9.914750e-03,6.270907e-03
4.036547e-03,6.507878e-03,1.269366e-03,1.695151e-03,2.508952e-02,2.078004e-02,9.790640e-04,3.753450e-03,3.721412e-02,6.583632e-01,1.556508e-01,4.411766e-02,2.581659e-02,9.678910e-03,5.047610e-03
4.143988e-03,5.495604e-03,1.325691e-03,3.410488e-03,3.232892e-02,1.777686e-02,9.496448e-04,2.773855e-02,3.325905e-02,6.409288e-01,1.285964e-01,4.958758e-02,3.999064e-02,1.018714e-02,4.280651e-03
5.237161e-03,4.309834e-03,1.904026e-03,8.602686e-03,4.943080e-02,1.497784e-02,1.181992e-03,1.462425e-01,2.625861e-02,5.543985e-01,9.660077e-02,4.085303e-02,3.847539e-02,8.159424e-03,3.367399e-03
1.297169e-02,4.182809e-03,7.181202e-03,1.268017e-02,6.663320e-02,1.444733e-02,1.699822e-03,1.424350e-01,2.501100e-02,5.558147e-01,7.807346e-02,3.337811e-02,3.526080e-02,7.409890e-03,2.820852e-03
2.360164e-02,3.393454e-03,2.518761e-02,2.397816e-02,7.164530e-02,1.251293e-02,2.018797e-03,2.148732e-01,2.047207e-02,4.778512e-01,6.061110e-02,2.701944e-02,2.870488e-02,5.945961e-03,2.184269e-03
4.840925e-02,5.117407e-03,1.014815e-01,4.006747e-02,1.031884e-01,2.360179e-02,7.201736e-03,1.629193e-01,2.081657e-02,3.815133e-01,4.992976e-02,2.509206e-02,2.207119e-02,5.278391e-03,3.311788e-03
7.435530e-02,1.152892e-02,1.105795e-01,3.350420e-02,1.779176e-01,2.509484e-02,1.459133e-02,1.169156e-01,2.725582e-02,3.226535e-01,3.787322e-02,2.063876e-02,1.728861e-02,6.487060e-03,3.315727e-03
9.433895e-02,2.970315e-02,9.971484e-02,3.032862e-02,2.186057e-01,2.744287e-02,1.317081e-02,8.453105e-02,4.693654e-02,2.734681e-01,3.287246e-02,1.739243e-02,1.634485e-02,8.428968e-03,6.720731e-03
8.116982e-02,2.376964e-02,1.030453e-01,5.576269e-02,1.909029e-01,2.613021e-02,1.415869e-02,6.668921e-02,4.365401e-02,3.256065e-01,2.618806e-02,1.517216e-02,1.513621e-02,6.751599e-03,5.862959e-03
7.658944e-02,1.967079e-02,1.021005e-01,5.815048e-02,1.568501e-01,2.312543e-02,1.130512e-02,5.121906e-02,4.670279e-02,3.911133e-01,2.163550e-02,1.455441e-02,1.471865e-02,6.352317e-03,5.912068e-03
9.024608e-02,1.663078e-02,8.328995e-02,5.753692e-02,1.358581e-01,1.900801e-02,8.456707e-03,3.681752e-02,3.778388e-02,4.521834e-01,2.173148e-02,1.321281e-02,1.342607e-02,8.193443e-03,5.624874e-03
1.505744e-01,1.645496e-02,6.970600e-02,7.261522e-02,1.210215e-01,1.692192e-02,6.680344e-03,2.850327e-02,3.900062e-02,4.064604e-01,2.408697e-02,1.637462e-02,1.193297e-02,1.038732e-02,9.279491e-03
2.131230e-01,1.526046e-02,6.215164e-02,9.901742e-02,9.922160e-02,1.544448e-02,5.217916e-03,2.161685e-02,4.394183e-02,3.430502e-01,2.819536e-02,2.166302e-02,1.072112e-02,1.029574e-02,1.107933e-02
2.944416e-01,1.385245e-02,5.124245e-02,9.702406e-02,7.716144e-02,1.604674e-02,4.200684e-03,1.622754e-02,5.867158e-02,2.743623e-01,2.459490e-02,2.855857e-02,1.061376e-02,1.185386e-02,2.114801e-02
3.396955e-01,1.352713e-02,4.017778e-02,1.125431e-01,5.894013e-02,1.642354e-02,3.940054e-03,1.750310e-02,5.891999e-02,1.989822e-01,2.538550e-02,5.676351e-02,1.472243e-02,1.645194e-02,2.602413e-02
2.860822e-01,1.128945e-02,3.012048e-02,9.345753e-02,5.074735e-02,1.359092e-02,4.052298e-03,2.110020e-01,4.709861e-02,1.419443e-01,2.120358e-02,4.450215e-02,1.200628e-02,1.268086e-02,2.022195e-02
3.450758e-01,1.429007e-02,2.665760e-02,7.461212e-02,4.214785e-02,1.504812e-02,5.016750e-03,2.380732e-01,3.596273e-02,1.034470e-01,1.786460e-02,3.732969e-02,1.092223e-02,1.203636e-02,2.151592e-02
4.117350e-01,1.595625e-02,2.374682e-02,6.252830e-02,3.482991e-02,1.649000e-02,6.245033e-03,2.298052e-01,2.721684e-02,7.391439e-02,1.641661e-02,3.430790e-02,1.112293e-02,1.190512e-02,2.377963e-02
4.206906e-01,1.598196e-02,2.239764e-02,5.284834e-02,2.888265e-02,1.861205e-02,8.476306e-03,2.646749e-01,2.070973e-02,5.285728e-02,1.409486e-02,3.462312e-02,1.267949e-02,1.022594e-02,2.224510e-02
4.362311e-01,2.171755e-02,2.174404e-02,5.350504e-02,2.463150e-02,2.155331e-02,8.823343e-03,2.327975e-01,1.835820e-02,3.889146e-02,1.583779e-02,4.727346e-02,2.132957e-02,1.114926e-02,2.615683e-02
3.744228e-01,1.730273e-02,1.865466e-02,4.574778e-02,2.007383e-02,3.870991e-02,3.011128e-02,2.385105e-01,1.571585e-02,2.760781e-02,1.363065e-02,4.609892e-02,8.346929e-02,8.556925e-03,2.138710e-02
3.833350e-01,1.664314e-02,2.438947e-02,4.320509e-02,1.672645e-02,8.307355e-02,4.884675e-02,1.954311e-01,1.376546e-02,1.965675e-02,1.080360e-02,4.368720e-02,7.354356e-02,6.313105e-03,2.057977e-02
3.662242e-01,1.592959e-02,3.722498e-02,4.085409e-02,1.644949e-02,1.079543e-01,7.891726e-02,1.663113e-01,1.278173e-02,1.414821e-02,8.732380e-03,4.293476e-02,6.762715e-02,4.737474e-03,1.917315e-02
3.876308e-01,1.475496e-02,5.213664e-02,3.762785e-02,2.204343e-02,9.700000e-02,9.646734e-02,1.292781e-01,1.330467e-02,1.107216e-02,8.685487e-03,4.474828e-02,6.328037e-02,4.052737e-03,1.791715e-02
4.668108e-01,1.253739e-02,4.340404e-02,3.159794e-02,1.839743e-02,9.204043e-02,8.607069e-02,9.667650e-02,1.144915e-02,8.539809e-03,8.175432e-03,4.261984e-02,6.024408e-02,3.255747e-03,1.818072e-02
4.916910e-01,1.063581e-02,4.378311e-02,2.626930e-02,1.583722e-02,8.748893e-02,6.991436e-02,7.179575e-02,1.133392e-02,7.806564e-03,1.078654e-02,5.838955e-02,7.392686e-02,2.865856e-03,1.747522e-02
1.000000e+00,0.000000e+00,0.000000e+00,0.000000e+00,0.000000e+00,0.000000e+00,0.000000e+00,0.000000e+00,0.000000e+00,0.000000e+00,0.000000e+00,0.000000e+00,0.000000e+00,0.000000e+00,0.000000e+00
1.000000e+00,0.000000e+00,0.000000e+00,0.000000e+00,0.000000e+00,0.000000e+00,0.000000e+00,0.000000e+00,0.000000e+00,0.000000e+00,0.000000e+00,0.000000e+00,0.000000e+00,0.000000e+00,0.000000e+00
1.000000e+00,0.000000e+00,0.000000e+00,0.000000e+00,0.000000e+00,0.000000e+00,0.000000e+00,0.000000e+00,0.000000e+00,0.000000e+00,0.000000e+00,0.000000e+00,0.000000e+00,0.000000e+00,0.000000e+00
1.000000e+00,0.000000e+00,0.000000e+00,0.000000e+00,0.000000e+00,0.000000e+00,0.000000e+00,0.000000e+00,0.000000e+00,0.000000e+00,0.000000e+00,0.000000e+00,0.000000e+00,0.000000e+00,0.000000e+00
1.000000e+00,0.000000e+00,0.000000e+00,0.000000e+00,0.000000e+00,0.000000e+00,0.000000e+00,0.000000e+00,0.000000e+00,0.000000e+00,0.000000e+00,0.000000e+00,0.000000e+00,0.000000e+00,0.000000e+00
1.000000e+00,0.000000e+00,0.000000e+00,0.000000e+00,0.000000e+00,0.000000e+00,0.000000e+00,0.000000e+00,0.000000e+00,0.000000e+00,0.000000e+00,0.000000e+00,0.000000e+00,0.000000e+00,0.000000e+00
1.000000e+00,0.000000e+00,0.000000e+00,0.000000e+00,0.000000e+00,0.000000e+00,0.000000e+00,0.000000e+00,0.000000e+00,0.000000e+00,0.000000e+00,0.000000e+00,0.000000e+00,0.000000e+00,0.000000e+00
1.000000e+00,0.000000e+00,0.000000e+00,0.000000e+00,0.000000e+00,0.000000e+00,0.000000e+00,0.000000e+00,0.000000e+00,0.000000e+00,0.000000e+00,0.000000e+00,0.000000e+00,0.000000e+00,0.000000e+00
1.000000e+00,0.000000e+00,0.000000e+00,0.000000e+00,0.000000e+00,0.000000e+00,0.000000e+00,0.000000e+00,0.000000e+00,0.000000e+00,0.000000e+00,0.000000e+00,0.000000e+00,0.000000e+00,0.000000e+00
