1.000000e+00,0.000000e+00,0.000000e+00,0.000000e+00,0.000000e+00,0.000000e+00,0.000000e+00,0.000000e+00,0.000000e+00,0.000000e+00,0.000000e+00,0.000000e+00,0.000000e+00,0.000000e+00,0.000000e+00
1.000000e+00,0.000000e+00,0.000000e+00,0.000000e+00,0.000000e+00,0.000000e+00,0.000000e+00,0.000000e+00,0.000000e+00,0.000000e+00,0.000000e+00,0.000000e+00,0.000000e+00,0.000000e+00,0.000000e+00
1.000000e+00,0.000000e+00,0.000000e+00,0.000000e+00,0.000000e+00,0.000000e+00,0.000000e+00,0.000000e+00,0.000000e+00,0.000000e+00,0.000000e+00,0.000000e+00,0.000000e+00,0.000000e+00,0.000000e+00
1.000000e+00,0.000000e+00,0.000000e+00,0.000000e+00,0.000000e+00,0.000000e+00,0.000000e+00,0.000000e+00,0.000000e+00,0.000000e+00,0.000000e+00,0.000000e+00,0.000000e+00,0.000000e+00,0.000000e+00
1.000000e+00,0.000000e+00,0.000000e+00,0.000000e+00,0.000000e+00,0.000000e+00,0.000000e+00,0.000000e+00,0.000000e+00,0.000000e+00,0.000000e+00,0.000000e+00,0.000000e+00,0.000000e+00,0.000000e+00
1.000000e+00,0.000000e+00,0.000000e+00,0.000000e+00,0.000000e+00,0.000000e+00,0.000000e+00,0.000000e+00,0.000000e+00,0.000000e+00,0.000000e+00,0.000000e+00,0.000000e+00,0.000000e+00,0.000000e+00
1.000000e+00,0.000000e+00,0.000000e+00,0.000000e+00,0.000000e+00,0.000000e+00,0.000000e+00,0.000000e+00,0.000000e+00,0.000000e+00,0.000000e+00,0.000000e+00,0.000000e+00,0.000000e+00,0.000000e+00
1.000000e+00,0.000000e+00,0.000000e+00,0.000000e+00,0.000000e+00,0.000000e+00,0.000000e+00,0.000000e+00,0.000000e+00,0.000000e+00,0.000000e+00,0.000000e+00,0.000000e+00,0.000000e+00,0.000000e+00
1.000000e+00,0.000000e+00,0.000000e+00,0.000000e+00,0.000000e+00,0.000000e+00,0.000000e+00,0.000000e+00,0.000000e+00,0.000000e+00,0.000000e+00,0.000000e+00,0.000000e+00,0.000000e+00,0.000000e+00
1.000000e+00,0.000000e+00,0.000000e+00,0.000000e+00,0.000000e+00,0.000000e+00,0.000000e+00,0.000000e+00,0.000000e+00,0.000000e+00,0.000000e+00,0.000000e+00,0.000000e+00,0.000000e+00,0.000000e+00
1.000000e+00,0.000000e+00,0.000000e+00,0.000000e+00,0.000000e+00,0.000000e+00,0.000000e+00,0.000000e+00,0.000000e+00,0.000000e+00,0.000000e+00,0.000000e+00,0.000000e+00,0.000000e+00,0.000000e+00
1.000000e+00,0.000000e+00,0.000000e+00,0.000000e+00,0.000000e+00,0.000000e+00,0.000000e+00,0.000000e+00,0.000000e+00,0.000000e+00,0.000000e+00,0.000000e+00,0.000000e+00,0.000000e+00,0.000000e+00
1.000000e+00,0.000000e+00,0.000000e+00,0.000000e+00,0.000000e+00,0.000000e+00,0.000000e+00,0.000000e+00,0.000000e+00,0.000000e+00,0.000000e+00,0.000000e+00,0.000000e+00,0.000000e+00,0.000000e+00
1.000000e+00,0.000000e+00,0.000000e+00,0.000000e+00,0.000000e+00,0.000000e+00,0.000000e+00,0.000000e+00,0.000000e+00,0.000000e+00,0.000000e+00,0.000000e+00,0.000000e+00,0.000000e+00,0.000000e+00
1.000000e+00,0.000000e+00,0.000000e+00,0.000000e+00,0.000000e+00,0.000000e+00,0.000000e+00,0.000000e+00,0.000000e+00,0.000000e+00,0.000000e+00,0.000000e+00,0.000000e+00,0.000000e+00,0.000000e+00
1.000000e+00,0.000000e+00,0.000000e+00,0.000000e+00,0.000000e+00,0.000000e+00,0.000000e+00,0.000000e+00,0.000000e+00,0.000000e+00,0.000000e+00,0.000000e+00,0.000000e+00,0.000000e+00,0.000000e+00
1.000000e+00,0.000000e+00,0.000000e+00,0.000000e+00,0.000000e+00,0.000000e+00,0.000000e+00,0.000000e+00,0.000000e+00,0.000000e+00,0.000000e+00,0.000000e+00,0.000000e+00,0.000000e+00,0.000000e+00
1.000000e+00,0.000000e+00,0.000000e+00,0.000000e+00,0.000000e+00,0.000000e+00,0.000000e+00,0.000000e+00,0.000000e+00,0.000000e+00,0.000000e+00,0.000000e+00,0.000000e+00,0.000000e+00,0.000000e+00
1.000000e+00,0.000000e+00,0.000000e+00,0.000000e+00,0.000000e+00,0.000000e+00,0.000000e+00,0.000000e+00,0.000000e+00,0.000000e+00,0.000000e+00,0.000000e+00,0.000000e+00,0.000000e+00,0.000000e+00
1.000000e+00,0.000000e+00,0.000000e+00,0.000000e+00,0.000000e+00,0.000000e+00,0.000000e+00,0.000000e+00,0.000000e+00,0.000000e+00,0.000000e+00,0.000000e+00,0.000000e+00,0.000000e+00,0.000000e+00
1.000000e+00,0.000000e+00,0.000000e+00,0.000000e+00,0.000000e+00,0.000000e+00,0.000000e+00,0.000000e+00,0.000000e+00,0.000000e+00,0.000000e+00,0.000000e+00,0.000000e+00,0.000000e+00,0.000000e+00
1.000000e+00,0.000000e+00,0.000000e+00,0.000000e+00,0.000000e+00,0.000000e+00,0.000000e+00,0.000000e+00,0.000000e+00,0.000000e+00,0.000000e+00,0.000000e+00,0.000000e+00,0.000000e+00,0.000000e+00
1.000000e+00,0.000000e+00,0.000000e+00,0.000000e+00,0.000000e+00,0.000000e+00,0.000000e+00,0.000000e+00,0.000000e+00,0.000000e+00,0.000000e+00,0.000000e+00,0.000000e+00,0.000000e+00,0.000000e+00
1.000000e+00,0.000000e+00,0.000000e+00,0.000000e+00,0.000000e+00,0.000000e+00,0.000000e+00,0.000000e+00,0.000000e+00,0.000000e+00,0.000000e+00,0.000000e+00,0.000000e+00,0.000000e+00,0.000000e+00
4.321297e-01,1.154905e-01,5.193218e-02,1.265884e-01,9.407559e-03,5.142087e-02,3.646221e-03,1.838998e-02,1.250349e-02,3.393359e-03,2.962687e-02,1.253429e-02,1.282810e-02,2.764055e-02,9.246808e-02
3.212089e-01,1.507202e-01,4.600779e-02,1.013293e-01,8.104341e-03,5.973131e-02,2.878681e-03,1.609227e-02,1.234768e-02,3.750422e-03,6.904183e-02,1.009365e-02,1.183118e-02,1.011610e-01,8.570158e-02
2.490025e-01,1.489288e-01,3.394411e-02,8.005215e-02,7.262450e-03,4.606138e-02,2.268816e-03,1.295463e-02,1.539147e-02,3.648453e-03,1.539757e-01,9.721810e-03,1.173831e-02,1.582261e-01,6.682336e-02
1.959457e-01,1.213360e-01,2.532393e-02,6.884696e-02,8.717446e-03,3.670632e-02,1.905177e-03,1.097245e-02,2.683786e-02,7.276294e-03,2.766066e-01,1.029260e-02,1.071305e-02,1.472429e-01,5.127675e-02
1.525625e-01,8.613882e-02,1.851355e-02,5.470039e-02,1.398559e-02,4.239279e-02,1.845263e-03,9.291818e-03,2.937979e-02,8.764783e-03,4.083902e-01,1.385949e-02,1.034250e-02,1.102740e-01,3.955853e-02
1.496583e-01,6.132074e-02,1.444321e-02,4.395993e-02,1.669219e-02,4.477426e-02,2.160925e-03,7.914673e-03,2.281255e-02,7.466728e-03,4.654602e-01,3.897064e-02,8.726833e-03,8.351534e-02,3.212351e-02
1.516143e-01,4.388422e-02,1.055422e-02,3.791691e-02,2.153597e-02,4.884025e-02,2.186849e-03,7.378054e-03,2.145914e-02,7.318141e-03,4.688838e-01,5.370237e-02,1.004167e-02,8.665226e-02,2.803183e-02
1.268555e-01,3.134624e-02,7.755410e-03,3.367637e-02,2.225735e-02,4.598635e-02,2.126216e-03,6.748761e-03,1.847111e-02,6.575719e-03,4.930767e-01,7.753648e-02,8.954795e-03,9.531470e-02,2.331833e-02
9.498703e-02,2.257632e-02,5.606642e-03,2.606295e-02,1.977120e-02,4.225267e-02,1.748224e-03,5.032824e-03,1.359358e-02,5.058911e-03,5.687234e-01,8.284283e-02,8.783145e-03,8.256742e-02,2.039284e-02
8.004475e-02,1.665658e-02,4.253726e-03,2.165175e-02,1.849126e-02,3.866453e-02,1.397556e-03,3.943849e-03,1.040073e-02,3.871353e-03,5.911053e-01,1.136492e-01,7.556756e-03,7.047851e-02,1.783420e-02
9.065111e-02,1.318423e-02,3.228240e-03,1.966392e-02,1.834629e-02,3.679233e-02,1.137568e-03,3.234285e-03,8.421735e-03,3.018296e-03,6.037660e-01,1.162411e-01,7.004746e-03,5.702359e-02,1.828662e-02
2.014932e-01,1.581291e-02,2.951684e-03,2.118327e-02,1.833972e-02,3.104533e-02,9.546817e-04,3.603738e-03,9.351728e-03,2.792739e-03,4.737038e-01,1.049400e-01,5.927337e-03,5.420202e-02,5.369788e-02
2.988136e-01,2.072446e-02,3.169547e-03,2.518362e-02,1.605130e-02,2.558349e-02,9.248917e-04,4.140426e-03,1.039390e-02,2.571974e-03,3.737013e-01,9.617550e-02,5.175476e-03,5.010871e-02,6.728192e-02
3.666375e-01,2.767317e-02,5.724906e-03,3.109403e-02,1.496563e-02,2.336726e-02,1.323604e-03,1.003479e-02,9.668674e-03,2.521435e-03,3.026773e-01,9.558283e-02,4.885522e-03,4.397782e-02,5.986571e-02
4.236007e-01,3.430329e-02,7.508389e-03,3.464864e-02,1.523564e-02,2.456583e-02,2.156080e-03,1.305611e-02,8.975618e-03,2.379554e-03,2.474236e-01,9.108654e-02,5.881409e-03,3.922649e-02,4.995225e-02
4.502082e-01,3.344940e-02,8.419730e-03,3.177791e-02,2.242612e-02,2.114324e-02,5.250722e-03,2.913944e-02,1.122619e-02,1.909238e-03,2.088106e-01,1.006847e-01,5.498817e-03,3.217929e-02,3.787652e-02
4.575291e-01,3.207344e-02,7.421524e-03,2.705737e-02,3.030594e-02,2.024676e-02,5.657631e-03,3.445398e-02,1.553836e-02,1.889688e-03,1.900310e-01,1.162569e-01,4.868603e-03,2.652165e-02,3.014815e-02
3.973986e-01,2.637565e-02,6.467250e-03,2.263164e-02,3.435439e-02,1.841923e-02,5.271923e-03,6.753425e-02,2.180081e-02,2.039868e-03,1.611537e-01,1.851856e-01,4.204975e-03,2.340030e-02,2.376184e-02
2.964067e-01,2.049268e-02,6.583523e-03,1.731389e-02,2.975935e-02,1.403846e-02,4.542811e-03,9.922616e-02,2.427319e-02,2.055385e-03,1.590038e-01,2.831768e-01,3.514203e-03,2.239711e-02,1.721590e-02
2.230509e-01,1.787328e-02,8.512452e-03,1.386960e-02,4.723355e-02,1.156491e-02,4.180436e-03,9.305841e-02,4.348963e-02,2.655436e-03,1.760605e-01,3.241279e-01,3.170178e-03,1.834153e-02,1.281127e-02
1.841010e-01,2.033035e-02,1.072456e-02,1.125417e-02,6.364149e-02,1.125893e-02,3.685675e-03,7.166909e-02,7.025926e-02,6.683927e-03,2.424233e-01,2.591411e-01,4.019009e-03,1.609274e-02,2.471536e-02
1.396046e-01,1.949475e-02,8.723924e-03,9.702114e-03,5.785341e-02,3.034109e-02,2.711740e-03,5.639060e-02,1.488227e-01,7.486536e-03,2.773935e-01,2.020538e-01,4.363966e-03,1.395764e-02,2.109961e-02
1.063450e-01,2.279653e-02,7.460508e-03,8.182624e-03,5.378672e-02,3.397108e-02,1.972513e-03,4.698376e-02,2.167303e-01,9.268853e-03,3.119878e-01,1.485063e-01,3.644472e-03,1.111302e-02,1.725052e-02
8.296974e-02,2.254636e-02,8.336877e-03,7.542021e-03,5.965272e-02,3.265145e-02,1.502891e-03,8.700815e-02,2.863730e-01,8.619692e-03,2.708234e-01,1.070783e-01,2.941617e-03,8.404358e-03,1.354953e-02
6.912234e-02,3.086300e-02,1.033593e-02,6.480970e-03,5.044793e-02,4.172185e-02,1.110271e-03,7.407904e-02,3.336422e-01,8.553684e-03,2.752674e-01,7.697774e-02,2.268495e-03,7.291390e-03,1.183777e-02
6.374389e-02,3.670892e-02,1.122938e-02,5.719083e-03,4.800049e-02,4.444664e-02,8.687840e-04,6.221496e-02,3.978632e-01,1.066325e-02,2.394409e-01,5.584888e-02,2.094212e-03,7.125614e-03,1.403175e-02
5.563194e-02,3.999141e-02,1.827780e-02,5.001879e-03,4.226551e-02,4.375116e-02,7.408886e-04,5.770012e-02,4.360448e-01,1.021770e-02,2.257448e-01,4.046556e-02,1.889866e-03,8.833829e-03,1.344286e-02
5.233162e-02,3.620462e-02,2.235363e-02,6.007658e-03,4.935482e-02,3.556092e-02,8.133984e-04,7.879442e-02,4.654720e-01,1.001086e-02,1.927174e-01,2.941756e-02,1.661760e-03,8.287366e-03,1.101200e-02
4.979593e-02,3.779349e-02,2.103674e-02,7.680896e-03,8.382965e-02,3.047840e-02,9.079273e-04,8.725016e-02,4.927723e-01,8.204811e-03,1.416633e-01,2.128550e-02,1.313397e-03,7.656219e-03,8.331291e-03
5.743340e-02,5.135123e-02,1.745922e-02,1.202644e-02,9.466413e-02,2.658948e-02,9.224446e-04,8.848884e-02,5.033379e-01,8.231336e-03,1.059611e-01,1.692506e-02,1.192212e-03,7.216701e-03,8.200580e-03
1.015235e-01,7.192776e-02,1.871140e-02,2.880776e-02,8.334799e-02,2.421926e-02,1.567213e-03,7.222017e-02,4.324267e-01,1.293109e-02,8.994899e-02,2.809610e-02,2.515617e-03,1.158217e-02,2.017425e-02
2.297080e-01,7.134537e-02,1.766355e-02,3.010867e-02,6.576286e-02,2.271586e-02,2.387738e-03,5.564914e-02,3.293360e-01,1.753855e-02,7.929374e-02,3.217267e-02,3.971181e-03,1.506095e-02,2.728567e-02
3.041250e-01,7.302369e-02,1.700080e-02,3.163363e-02,5.383508e-02,3.743665e-02,2.170198e-03,4.229321e-02,2.499485e-01,2.466788e-02,7.937647e-02,3.423104e-02,5.458361e-03,1.403772e-02,3.076181e-02
2.331952e-01,5.210445e-02,1.842708e-02,2.482858e-02,3.917934e-02,2.601056e-01,1.862045e-03,3.158097e-02,1.759604e-01,2.374133e-02,7.053833e-02,2.839469e-02,4.292953e-03,1.115382e-02,2.463525e-02
2.257199e-01,3.976323e-02,2.149628e-02,2.665554e-02,3.027546e-02,3.144183e-01,1.743990e-03,2.545113e-02,1.249160e-01,4.183521e-02,7.629769e-02,2.980374e-02,4.394491e-03,1.181764e-02,2.541139e-02
2.548866e-01,2.956927e-02,4.042359e-02,4.346795e-02,2.413073e-02,3.077736e-01,1.835740e-03,3.243850e-02,9.230370e-02,3.960634e-02,6.252985e-02,2.467174e-02,5.389134e-03,1.369212e-02,2.728108e-02
3.145772e-01,2.316988e-02,4.231014e-02,5.005137e-02,1.919276e-02,2.844479e-01,2.221995e-03,2.981167e-02,6.989924e-02,4.374339e-02,4.921555e-02,1.992526e-02,5.026048e-03,1.321334e-02,3.319417e-02
3.991271e-01,1.858196e-02,3.603015e-02,5.024581e-02,1.519567e-02,2.474791e-01,2.566403e-03,2.666910e-02,5.556026e-02,3.987123e-02,3.844323e-02,1.613464e-02,4.875829e-03,1.206249e-02,3.715705e-02
3.792769e-01,1.385496e-02,2.902673e-02,5.224160e-02,1.140140e-02,2.341298e-01,2.233560e-03,2.065574e-02,6.446780e-02,7.731589e-02,4.016361e-02,1.369706e-02,5.738840e-03,1.530535e-02,4.049082e-02
2.998371e-01,1.064233e-02,2.102642e-02,4.930852e-02,8.215810e-03,2.085474e-01,1.718805e-03,1.507778e-02,1.703641e-01,7.660604e-02,5.811206e-02,1.076651e-02,7.775079e-03,1.438990e-02,4.761211e-02
2.178852e-01,7.898738e-03,1.498695e-02,3.908731e-02,5.858876e-03,1.637482e-01,1.299406e-03,1.099977e-02,3.672563e-01,5.666355e-02,4.543708e-02,8.373731e-03,6.780240e-03,1.462412e-02,3.910061e-02
1.628689e-01,5.894274e-03,1.074185e-02,2.897075e-02,4.236596e-03,1.194888e-01,1.691268e-03,8.578480e-03,5.067183e-01,4.256979e-02,3.851774e-02,7.242246e-03,1.044024e-02,1.626275e-02,3.577798e-02
1.212462e-01,4.836431e-03,7.700978e-03,2.244447e-02,3.199088e-03,8.678540e-02,1.773147e-03,6.656303e-03,5.098387e-01,3.523799e-02,4.155579e-02,6.624627e-03,3.162561e-02,2.065970e-02,9.981547e-02
1.090731e-01,5.208983e-03,6.037812e-03,2.096285e-02,3.618289e-03,7.325833e-02,1.803173e-03,7.225993e-03,4.364279e-01,1.079071e-01,4.019389e-02,1.439186e-02,3.961836e-02,2.643050e-02,1.078418e-01
9.582873e-02,4.366544e-03,4.555284e-03,1.698737e-02,3.024934e-03,5.329568e-02,1.418491e-03,5.874997e-03,3.297890e-01,2.340833e-01,4.919492e-02,2.430893e-02,3.930838e-02,3.755061e-02,1.004128e-01
7.946235e-02,4.259198e-03,3.682400e-03,1.428379e-02,3.461243e-03,3.961670e-02,1.267187e-03,5.002351e-03,2.511723e-01,2.159172e-01,8.543977e-02,3.593273e-02,6.138261e-02,1.043768e-01,9.474337e-02
7.801670e-02,5.518247e-03,3.594983e-03,1.956185e-02,9.302659e-03,3.008085e-02,1.200387e-03,4.241341e-03,2.815148e-01,1.577176e-01,7.365286e-02,3.428540e-02,7.702772e-02,9.940740e-02,1.248773e-01
7.522248e-02,5.779224e-03,5.698712e-03,2.077264e-02,1.145726e-02,2.285592e-02,1.145087e-03,4.291789e-03,2.469903e-01,1.217822e-01,7.315039e-02,3.113670e-02,7.536963e-02,1.358086e-01,1.685392e-01
1.004140e-01,7.088020e-03,5.470906e-03,1.724491e-02,1.010392e-02,1.723899e-02,1.072799e-03,4.397759e-03,2.336913e-01,1.226647e-01,6.551120e-02,2.857862e-02,6.780927e-02,1.683706e-01,1.503430e-01
1.090568e-01,8.060622e-03,9.037849e-03,1.460363e-02,1.148291e-02,1.302275e-02,1.002358e-03,4.102330e-03,2.509146e-01,1.124041e-01,6.597199e-02,2.338523e-02,5.381898e-02,2.025282e-01,1.206077e-01
1.794519e-01,8.234529e-03,1.051084e-02,1.674636e-02,1.166800e-02,1.343936e-02,1.752098e-03,4.203347e-03,2.362362e-01,8.628535e-02,5.671071e-02,2.001087e-02,4.615846e-02,2.121334e-01,9.645861e-02
3.044793e-01,9.804601e-03,1.132834e-02,1.456077e-02,1.068158e-02,1.470126e-02,2.453472e-03,4.032085e-03,1.879707e-01,6.999602e-02,5.227453e-02,1.676295e-02,4.162779e-02,1.809540e-01,7.837263e-02
3.131706e-01,1.651857e-02,2.361514e-02,2.494021e-02,2.000542e-02,1.899553e-02,4.310384e-03,7.918250e-03,1.549604e-01,5.974757e-02,5.314995e-02,1.797462e-02,4.332881e-02,1.571916e-01,8.417302e-02
4.082634e-01,1.560084e-02,1.951807e-02,2.310586e-02,1.739176e-02,1.963107e-02,3.943977e-03,8.540704e-03,1.183898e-01,5.971795e-02,5.394197e-02,1.781167e-02,3.865285e-02,1.300785e-01,6.541169e-02
1.000000e+00,0.000000e+00,0.000000e+00,0.000000e+00,0.000000e+00,0.000000e+00,0.000000e+00,0.000000e+00,0.000000e+00,0.000000e+00,0.000000e+00,0.000000e+00,0.000000e+00,0.000000e+00,0.000000e+00
1.000000e+00,0.000000e+00,0.000000e+00,0.000000e+00,0.000000e+00,0.000000e+00,0.000000e+00,0.000000e+00,0.000000e+00,0.000000e+00,0.000000e+00,0.000000e+00,0.000000e+00,0.000000e+00,0.000000e+00
1.000000e+00,0.000000e+00,0.000000e+00,0.000000e+00,0.000000e+00,0.000000e+00,0.000000e+00,0.000000e+00,0.000000e+00,0.000000e+00,0.000000e+00,0.000000e+00,0.000000e+00,0.000000e+00,0.000000e+00
1.000000e+00,0.000000e+00,0.000000e+00,0.000000e+00,0.000000e+00,0.000000e+00,0.000000e+00,0.000000e+00,0.000000e+00,0.000000e+00,0.000000e+00,0.000000e+00,0.000000e+00,0.000000e+00,0.000000e+00
1.000000e+00,0.000000e+00,0.000000e+00,0.000000e+00,0.000000e+00,0.000000e+00,0.000000e+00,0.000000e+00,0.000000e+00,0.000000e+00,0.000000e+00,0.000000e+00,0.000000e+00,0.000000e+00,0.000000e+00
1.000000e+00,0.000000e+00,0.000000e+00,0.000000e+00,0.000000e+00,0.000000e+00,0.000000e+00,0.000000e+00,0.000000e+00,0.000000e+00,0.000000e+00,0.000000e+00,0.000000e+00,0.000000e+00,0.000000e+00
1.000000e+00,0.000000e+00,0.000000e+00,0.000000e+00,0.000000e+00,0.000000e+00,0.000000e+00,0.000000e+00,0.000000e+00,0.000000e+00,0.000000e+00,0.000000e+00,0.000000e+00,0.000000e+00,0.000000e+00
1.000000e+00,0.000000e+00,0.000000e+00,0.000000e+00,0.000000e+00,0.000000e+00,0.000000e+00,0.000000e+00,0.000000e+00,0.000000e+00,0.000000e+00,0.000000e+00,0.000000e+00,0.000000e+00,0.000000e+00
1.000000e+00,0.000000e+00,0.000000e+00,0.000000e+00,0.000000e+00,0.000000e+00,0.000000e+00,0.000000e+00,0.000000e+00,0.000000e+00,0.000000e+00,0.000000e+00,0.000000e+00,0.000000e+00,0.000000e+00
1.000000e+00,0.000000e+00,0.000000e+00,0.000000e+00,0.000000e+00,0.000000e+00,0.000000e+00,0.000000e+00,0.000000e+00,0.000000e+00,0.000000e+00,0.000000e+00,0.000000e+00,0.000000e+00,0.000000e+00
1.000000e+00,0.000000e+00,0.000000e+00,0.000000e+00,0.000000e+00,0.000000e+00,0.000000e+00,0.000000e+00,0.000000e+00,0.000000e+00,0.000000e+00,0.000000e+00,0.000000e+00,0.000000e+00,0.000000e+00
1.000000e+00,0.000000e+00,0.000000e+00,0.000000e+00,0.000000e+00,0.000000e+00,0.000000e+00,0.000000e+00,0.000000e+00,0.000000e+00,0.000000e+00,0.000000e+00,0.000000e+00,0.000000e+00,0.000000e+00
1.000000e+00,0.000000e+00,0.000000e+00,0.000000e+00,0.000000e+00,0.000000e+00,0.000000e+00,0.000000e+00,0.000000e+00,0.000000e+00,0.000000e+00,0.000000e+00,0.000000e+00,0.000000e+00,0.000000e+00
4.621441e-01,2.736443e-02,1.317790e-02,1.862754e-02,4.710299e-02,1.124786e-02,2.511170e-03,2.060732e-02,7.145686e-02,1.082723e-01,5.670021e-02,2.035657e-02,9.689743e-03,1.128340e-01,1.790710e-02
4.243491e-01,2.612449e-02,1.111462e-02,2.037712e-02,4.872582e-02,1.209448e-02,2.616897e-03,1.995903e-02,8.357304e-02,1.203528e-01,6.833010e-02,3.324793e-02,1.203480e-02,1.023523e-01,1.474742e-02
3.676230e-01,2.366623e-02,9.365330e-03,2.130048e-02,6.595197e-02,1.419018e-02,2.483170e-03,1.546288e-02,1.106860e-01,1.338977e-01,7.442494e-02,4.057982e-02,1.636762e-02,8.922106e-02,1.477962e-02
3.303194e-01,1.838369e-02,7.140714e-03,1.997806e-02,5.701005e-02,1.214529e-02,2.180183e-03,1.238329e-02,1.275501e-01,1.413328e-01,9.272070e-02,6.573230e-02,2.011278e-02,8.046178e-02,1.254892e-02
3.628453e-01,1.455229e-02,6.053364e-03,2.332367e-02,5.798608e-02,9.961474e-03,2.103643e-03,1.127745e-02,1.546338e-01,1.178049e-01,8.376361e-02,5.595005e-02,1.918517e-02,7.011313e-02,1.044620e-02
3.820143e-01,1.222759e-02,5.687650e-03,2.183309e-02,6.669052e-02,8.052679e-03,1.848237e-03,9.394123e-03,2.012301e-01,9.497422e-02,6.669706e-02,4.462470e-02,1.538188e-02,6.030183e-02,9.042006e-03
4.677285e-01,9.891266e-03,4.961769e-03,2.490795e-02,5.447320e-02,7.520078e-03,1.779468e-03,8.323618e-03,1.736666e-01,8.186242e-02,5.898064e-02,3.586617e-02,1.294394e-02,4.772680e-02,9.367692e-03
1.000000e+00,0.000000e+00,0.000000e+00,0.000000e+00,0.000000e+00,0.000000e+00,0.000000e+00,0.000000e+00,0.000000e+00,0.000000e+00,0.000000e+00,0.000000e+00,0.000000e+00,0.000000e+00,0.000000e+00
1.000000e+00,0.000000e+00,0.000000e+00,0.000000e+00,0.000000e+00,0.000000e+00,0.000000e+00,0.000000e+00,0.000000e+00,0.000000e+00,0.000000e+00,0.000000e+00,0.000000e+00,0.000000e+00,0.000000e+00
1.000000e+00,0.000000e+00,0.000000e+00,0.000000e+00,0.000000e+00,0.000000e+00,0.000000e+00,0.000000e+00,0.000000e+00,0.000000e+00,0.000000e+00,0.000000e+00,0.000000e+00,0.000000e+00,0.000000e+00
4.043624e-01,4.820737e-03,4.959774e-03,4.511670e-02,2.151448e-02,8.646952e-03,2.760143e-03,3.371441e-01,5.515756e-02,2.627250e-02,3.048487e-02,2.598969e-02,9.798520e-03,1.478211e-02,8.189383e-03
2.842296e-01,3.415035e-03,3.814074e-03,3.235495e-02,1.553464e-02,6.159291e-03,2.015259e-03,5.317879e-01,3.870349e-02,1.839590e-02,2.185951e-02,1.852041e-02,7.036536e-03,1.038789e-02,5.785444e-03
1.997408e-01,2.425083e-03,2.872211e-03,2.286424e-02,1.109149e-02,4.433336e-03,1.507432e-03,6.702300e-01,2.711403e-02,1.288121e-02,1.541477e-02,1.304726e-02,4.990063e-03,7.303738e-03,4.084429e-03
1.407356e-01,1.754171e-03,2.123745e-03,1.606152e-02,7.927372e-03,3.201181e-03,1.195533e-03,7.674609e-01,1.898624e-02,9.020502e-03,1.083136e-02,9.163162e-03,3.513318e-03,5.143071e-03,2.882417e-03
1.011504e-01,1.349219e-03,1.661030e-03,1.145386e-02,6.401935e-03,2.497999e-03,1.119378e-03,8.322022e-01,1.332931e-02,6.328115e-03,7.672494e-03,6.523536e-03,2.579288e-03,3.666327e-03,2.064944e-03
7.283975e-02,1.007837e-03,1.302134e-03,8.214662e-03,5.231952e-03,1.930559e-03,1.022008e-03,8.785968e-01,9.346733e-03,4.438567e-03,5.432999e-03,4.642094e-03,1.897843e-03,2.629176e-03,1.466925e-03
5.381597e-02,7.695410e-04,1.017252e-03,5.996358e-03,5.048397e-03,1.542453e-03,1.106729e-03,9.093379e-01,6.560556e-03,3.123719e-03,3.868359e-03,3.334221e-03,1.500997e-03,1.910157e-03,1.067351e-03
4.054280e-02,5.774467e-04,8.072091e-04,4.356115e-03,4.608717e-03,1.244934e-03,1.408908e-03,9.310846e-01,4.605442e-03,2.199754e-03,2.761751e-03,2.410800e-03,1.231183e-03,1.380135e-03,7.801655e-04
3.007479e-02,4.391703e-04,7.009401e-04,3.135499e-03,4.335659e-03,9.784617e-04,1.991247e-03,9.471969e-01,3.235796e-03,1.558325e-03,1.985263e-03,1.745818e-03,1.043476e-03,9.851123e-04,5.935279e-04
2.524584e-02,3.433861e-04,7.720173e-04,2.303110e-03,4.163185e-03,8.358873e-04,2.321549e-03,9.557356e-01,2.280250e-03,1.123799e-03,1.433345e-03,1.334684e-03,9.124156e-04,7.102161e-04,4.847869e-04
2.212362e-02,2.764942e-04,7.753799e-04,1.716240e-03,4.706603e-03,6.904344e-04,2.391190e-03,9.610722e-01,1.611585e-03,8.204307e-04,1.047202e-03,1.031053e-03,8.383507e-04,5.125287e-04,3.866947e-04
1.686625e-02,2.134210e-04,1.009198e-03,1.380126e-03,4.394858e-03,5.917189e-04,2.194230e-03,9.684516e-01,1.137944e-03,5.917067e-04,7.877501e-04,8.409162e-04,8.641679e-04,3.713658e-04,3.047952e-04
1.654635e-02,1.728847e-04,9.255071e-04,1.157140e-03,5.500593e-03,4.910901e-04,1.850231e-03,9.694442e-01,8.484394e-04,4.536101e-04,5.949690e-04,6.778085e-04,8.180004e-04,2.725236e-04,2.467295e-04
2.103392e-02,2.144725e-04,7.579273e-04,1.054387e-03,8.103954e-03,5.316037e-04,1.486973e-03,9.618733e-01,1.043843e-03,4.338225e-04,6.747127e-04,8.454066e-04,1.477039e-03,2.200641e-04,2.486176e-04
5.863915e-02,1.129528e-03,9.177866e-04,2.095819e-03,1.884206e-02,1.978392e-03,1.183517e-03,9.020685e-01,3.009202e-03,5.387847e-04,1.879223e-03,2.575201e-03,4.200442e-03,2.948561e-04,6.475766e-04
8.490556e-02,3.790965e-03,1.226603e-03,2.523816e-03,3.216087e-02,4.168004e-03,1.163243e-03,8.482580e-01,3.906141e-03,6.336239e-04,2.814117e-03,4.872480e-03,8.084100e-03,4.066170e-04,1.085886e-03
1.227574e-01,8.004849e-03,2.732788e-03,3.827905e-03,3.711159e-02,5.585732e-03,2.133223e-03,7.821743e-01,4.745997e-03,9.718422e-04,4.554844e-03,8.413674e-03,1.412131e-02,5.173046e-04,2.347232e-03
1.626460e-01,1.356997e-02,6.957839e-03,6.094234e-03,7.706685e-02,9.763381e-03,2.451272e-02,6.520544e-01,6.695515e-03,1.501703e-03,5.668045e-03,1.066761e-02,1.929185e-02,5.481234e-04,2.961690e-03
2.737049e-01,1.167587e-02,8.266827e-03,7.340367e-03,6.279059e-02,2.834739e-02,2.904660e-02,5.241531e-01,6.446904e-03,1.614291e-03,5.789563e-03,1.651185e-02,2.038365e-02,5.595770e-04,3.368363e-03
4.405828e-01,9.159521e-03,8.394890e-03,8.225482e-03,4.903541e-02,2.880924e-02,2.195240e-02,3.839737e-01,5.861280e-03,1.487905e-03,4.856575e-03,1.569278e-02,1.791144e-02,5.745147e-04,3.482004e-03
1.000000e+00,0.000000e+00,0.000000e+00,0.000000e+00,0.000000e+00,0.000000e+00,0.000000e+00,0.000000e+00,0.000000e+00,0.000000e+00,0.000000e+00,0.000000e+00,0.000000e+00,0.000000e+00,0.000000e+00
1.000000e+00,0.000000e+00,0.000000e+00,0.000000e+00,0.000000e+00,0.000000e+00,0.000000e+00,0.000000e+00,0.000000e+00,0.000000e+00,0.000000e+00,0.000000e+00,0.000000e+00,0.000000e+00,0.000000e+00
1.000000e+00,0.000000e+00,0.000000e+00,0.000000e+00,0.000000e+00,0.000000e+00,0.000000e+00,0.000000e+00,0.000000e+00,0.000000e+00,0.000000e+00,0.000000e+00,0.000000e+00,0.000000e+00,0.000000e+00
1.000000e+00,0.000000e+00,0.000000e+00,0.000000e+00,0.000000e+00,0.000000e+00,0.000000e+00,0.000000e+00,0.000000e+00,0.000000e+00,0.000000e+00,0.000000e+00,0.000000e+00,0.000000e+00,0.000000e+00
1.000000e+00,0.000000e+00,0.000000e+00,0.000000e+00,0.000000e+00,0.000000e+00,0.000000e+00,0.000000e+00,0.000000e+00,0.000000e+00,0.000000e+00,0.000000e+00,0.000000e+00,0.000000e+00,0.000000e+00
1.000000e+00,0.000000e+00,0.000000e+00,0.000000e+00,0.000000e+00,0.000000e+00,0.000000e+00,0.000000e+00,0.000000e+00,0.000000e+00,0.000000e+00,0.000000e+00,0.000000e+00,0.000000e+00,0.000000e+00
1.000000e+00,0.000000e+00,0.000000e+00,0.000000e+00,0.000000e+00,0.000000e+00,0.000000e+00,0.000000e+00,0.000000e+00,0.000000e+00,0.000000e+00,0.000000e+00,0.000000e+00,0.000000e+00,0.000000e+00
1.000000e+00,0.000000e+00,0.000000e+00,0.000000e+00,0.000000e+00,0.000000e+00,0.000000e+00,0.000000e+00,0.000000e+00,0.000000e+00,0.000000e+00,0.000000e+00,0.000000e+00,0.000000e+00,0.000000e+00
1.000000e+00,0.000000e+00,0.000000e+00,0.000000e+00,0.000000e+00,0.000000e+00,0.000000e+00,0.000000e+00,0.000000e+00,0.000000e+00,0.000000e+00,0.000000e+00,0.000000e+00,0.000000e+00,0.000000e+00
1.000000e+00,0.000000e+00,0.000000e+00,0.000000e+00,0.000000e+00,0.000000e+00,0.000000e+00,0.000000e+00,0.000000e+00,0.000000e+00,0.000000e+00,0.000000e+00,0.000000e+00,0.000000e+00,0.000000e+00
1.000000e+00,0.000000e+00,0.000000e+00,0.000000e+00,0.000000e+00,0.000000e+00,0.000000e+00,0.000000e+00,0.000000e+00,0.000000e+00,0.000000e+00,0.000000e+00,0.000000e+00,0.000000e+00,0.000000e+00
1.000000e+00,0.000000e+00,0.000000e+00,0.000000e+00,0.000000e+00,0.000000e+00,0.000000e+00,0.000000e+00,0.000000e+00,0.000000e+00,0.000000e+00,0.000000e+00,0.000000e+00,0.000000e+00,0.000000e+00
1.000000e+00,0.000000e+00,0.000000e+00,0.000000e+00,0.000000e+00,0.000000e+00,0.000000e+00,0.000000e+00,0.000000e+00,0.000000e+00,0.000000e+00,0.000000e+00,0.000000e+00,0.000000e+00,0.000000e+00
1.000000e+00,0.000000e+00,0.000000e+00,0.000000e+00,0.000000e+00,0.000000e+00,0.000000e+00,0.000000e+00,0.000000e+00,0.000000e+00,0.000000e+00,0.000000e+00,0.000000e+00,0.000000e+00,0.000000e+00
1.000000e+00,0.000000e+00,0.000000e+00,0.000000e+00,0.000000e+00,0.000000e+00,0.000000e+00,0.000000e+00,0.000000e+00,0.000000e+00,0.000000e+00,0.000000e+00,0.000000e+00,0.000000e+00,0.000000e+00
1.000000e+00,0.000000e+00,0.000000e+00,0.000000e+00,0.000000e+00,0.000000e+00,0.000000e+00,0.000000e+00,0.000000e+00,0.000000e+00,0.000000e+00,0.000000e+00,0.000000e+00,0.000000e+00,0.000000e+00
1.000000e+00,0.000000e+00,0.000000e+00,0.000000e+00,0.000000e+00,0.000000e+00,0.000000e+00,0.000000e+00,0.000000e+00,0.000000e+00,0.000000e+00,0.000000e+00,0.000000e+00,0.000000e+00,0.000000e+00
1.000000e+00,0.000000e+00,0.000000e+00,0.000000e+00,0.000000e+00,0.000000e+00,0.000000e+00,0.000000e+00,0.000000e+00,0.000000e+00,0.000000e+00,0.000000e+00,0.000000e+00,0.000000e+00,0.000000e+00
1.000000e+00,0.000000e+00,0.000000e+00,0.000000e+00,0.000000e+00,0.000000e+00,0.000000e+00,0.000000e+00,0.000000e+00,0.000000e+00,0.000000e+00,0.000000e+00,0.000000e+00,0.000000e+00,0.000000e+00
1.000000e+00,0.000000e+00,0.000000e+00,0.000000e+00,0.000000e+00,0.000000e+00,0.000000e+00,0.000000e+00,0.000000e+00,0.000000e+00,0.000000e+00,0.000000e+00,0.000000e+00,0.000000e+00,0.000000e+00
1.000000e+00,0.000000e+00,0.000000e+00,0.000000e+00,0.000000e+00,0.000000e+00,0.000000e+00,0.000000e+00,0.000000e+00,0.000000e+00,0.000000e+00,0.000000e+00,0.000000e+00,0.000000e+00,0.000000e+00
4.982240e-01,1.546547e-02,1.238057e-02,2.788788e-02,6.291025e-03,2.936335e-02,4.964413e-03,1.007390e-02,1.807430e-02,1.100815e-02,2.056998e-02,5.466013e-02,4.057382e-02,9.145454e-02,1.590086e-01
3.556304e-01,1.187864e-02,9.207170e-03,2.103936e-02,4.921137e-03,2.221713e-02,3.553649e-03,7.182968e-03,1.976973e-02,1.037711e-02,3.693391e-02,6.483800e-02,5.151371e-02,2.401558e-01,1.407814e-01
2.509141e-01,8.613562e-03,6.607629e-03,1.789410e-02,4.379583e-03,1.705410e-02,2.674354e-03,5.228924e-03,2.466383e-02,8.673622e-03,4.609890e-02,1.580342e-01,1.425152e-01,2.053839e-01,1.012641e-01
1.803133e-01,6.429290e-03,5.312389e-03,1.498738e-02,1.433699e-02,1.691442e-02,2.918418e-03,4.390505e-03,4.980279e-02,9.526059e-03,4.697714e-02,1.835259e-01,2.259496e-01,1.646648e-01,7.395105e-02
1.311410e-01,6.186085e-03,4.695389e-03,1.203835e-02,1.423953e-02,1.635294e-02,2.617515e-03,3.376410e-03,6.270482e-02,1.481764e-02,5.023786e-02,2.211350e-01,2.072275e-01,1.908694e-01,6.236055e-02
9.589236e-02,6.603768e-03,5.570782e-03,1.012614e-02,1.298263e-02,1.378404e-02,1.979128e-03,2.587294e-03,7.120098e-02,2.221758e-02,4.724161e-02,2.822691e-01,1.963938e-01,1.672118e-01,6.393906e-02
7.194480e-02,6.789169e-03,4.314776e-03,8.272860e-03,1.081764e-02,1.170081e-02,1.475811e-03,1.897975e-03,7.778285e-02,3.238782e-02,4.375741e-02,3.483186e-01,1.678067e-01,1.551792e-01,5.755357e-02
9.943458e-02,9.759584e-03,3.425742e-03,7.206065e-03,1.082213e-02,1.338433e-02,1.289693e-03,1.608496e-03,1.038738e-01,5.517295e-02,6.221128e-02,2.998978e-01,1.411684e-01,1.400247e-01,5.072052e-02
1.446191e-01,1.019363e-02,4.602995e-03,6.433163e-03,1.252576e-02,1.638850e-02,1.143777e-03,1.541094e-03,1.063223e-01,6.731765e-02,8.292735e-02,2.427657e-01,1.214267e-01,1.284632e-01,5.332904e-02
1.224540e-01,8.400515e-03,4.805177e-03,6.426495e-03,2.340852e-02,1.415994e-02,1.334199e-03,1.603562e-03,8.999846e-02,5.658512e-02,9.499130e-02,2.572846e-01,1.388675e-01,1.315351e-01,4.814554e-02
9.696221e-02,6.614475e-03,3.992678e-03,5.597099e-03,2.217647e-02,1.101233e-02,1.143308e-03,1.527286e-03,7.104135e-02,4.463985e-02,8.731251e-02,3.815770e-01,1.329625e-01,9.858114e-02,3.485989e-02
8.746856e-02,5.297087e-03,3.732024e-03,5.024544e-03,2.654301e-02,8.743581e-03,1.094770e-03,2.014259e-03,7.023217e-02,4.118975e-02,8.348429e-02,4.441343e-01,1.252835e-01,7.072096e-02,2.503723e-02
1.335705e-01,4.845676e-03,3.958958e-03,5.595126e-03,2.646022e-02,1.019655e-02,1.347590e-03,8.589125e-03,6.954686e-02,3.474859e-02,6.373294e-02,4.709296e-01,9.697055e-02,5.092296e-02,1.858466e-02
1.192182e-01,4.213377e-03,4.646230e-03,4.940446e-03,6.814630e-02,8.489532e-03,1.697344e-03,2.526453e-02,1.205077e-01,2.770597e-02,4.930769e-02,4.337828e-01,8.249894e-02,3.628821e-02,1.329263e-02
9.736580e-02,3.195867e-03,3.626145e-03,3.910333e-03,1.156878e-01,6.389288e-03,2.755845e-03,2.207571e-02,2.036405e-01,2.075233e-02,3.699723e-02,3.800190e-01,6.855182e-02,2.565216e-02,9.380228e-03
8.384256e-02,2.536618e-03,3.220703e-03,3.663620e-03,1.283390e-01,4.878082e-03,2.515565e-03,2.176805e-02,2.924537e-01,1.615193e-02,2.854625e-02,3.292553e-01,5.815439e-02,1.804646e-02,6.627867e-03
9.479034e-02,2.276958e-03,3.002896e-03,3.631425e-03,1.330420e-01,5.390253e-03,2.209399e-03,2.264949e-02,3.276896e-01,1.307490e-02,2.228745e-02,3.019277e-01,5.046738e-02,1.274220e-02,4.817971e-03
1.398739e-01,2.610041e-03,3.980793e-03,5.265741e-03,1.698448e-01,5.880021e-03,2.357890e-03,2.500543e-02,3.064156e-01,1.408666e-02,2.310393e-02,2.355331e-01,5.234576e-02,9.729161e-03,3.967292e-03
1.085186e-01,2.214406e-03,6.082162e-03,4.471838e-03,2.521448e-01,4.925917e-03,2.520553e-03,5.553982e-02,2.856745e-01,1.179350e-02,2.240053e-02,1.770811e-01,5.657264e-02,7.124799e-03,2.934875e-03
9.110483e-02,2.022956e-03,8.313980e-03,4.081634e-03,3.014787e-01,4.383101e-03,2.360763e-03,1.027454e-01,2.605661e-01,1.038718e-02,2.168942e-02,1.326979e-01,5.067336e-02,5.293032e-03,2.201626e-03
9.044857e-02,1.909501e-03,1.280001e-02,3.695661e-03,3.445871e-01,5.942717e-03,4.701334e-03,1.645981e-01,2.073210e-01,7.916808e-03,1.739477e-02,9.545995e-02,3.760611e-02,3.944797e-03,1.673549e-03
8.982845e-02,1.890235e-03,1.296809e-02,3.219269e-03,3.610724e-01,5.895842e-03,6.825147e-03,2.310100e-01,1.653806e-01,6.011204e-03,1.409139e-02,6.923929e-02,2.819306e-02,3.041301e-03,1.333719e-03
7.541767e-02,1.618064e-03,1.062613e-02,2.736447e-03,2.852573e-01,4.435168e-03,5.325397e-03,4.076906e-01,1.182936e-01,4.261863e-03,1.062219e-02,4.960082e-02,2.092632e-02,2.177247e-03,1.011161e-03
5.471943e-02,1.152702e-03,7.740662e-03,1.975802e-03,2.036329e-01,3.221432e-03,3.954470e-03,5.784303e-01,8.300283e-02,2.987514e-03,7.464019e-03,3.478363e-02,1.469536e-02,1.528507e-03,7.104714e-04
4.001673e-02,8.217908e-04,5.530517e-03,1.416120e-03,1.453834e-01,2.394435e-03,3.049775e-03,6.996051e-01,5.817692e-02,2.092834e-03,5.234027e-03,2.436990e-02,1.033750e-02,1.072660e-03,4.983065e-04
3.560061e-02,6.350183e-04,3.928852e-03,1.179886e-03,1.064835e-01,2.345285e-03,2.230881e-03,7.757874e-01,4.083310e-02,1.477009e-03,3.744747e-03,1.729075e-02,7.348103e-03,7.597128e-04,3.551508e-04
4.021361e-02,5.535644e-04,2.801666e-03,1.219271e-03,8.053325e-02,3.318328e-03,1.703712e-03,8.175397e-01,2.876991e-02,1.053502e-03,2.787107e-03,1.319143e-02,5.488623e-03,5.528936e-04,2.734403e-04
4.076068e-02,4.835227e-04,2.009420e-03,1.409209e-03,5.939459e-02,3.846311e-03,1.305192e-03,8.524108e-01,2.032352e-02,7.578327e-04,2.041827e-03,1.040650e-02,4.218556e-03,4.009780e-04,2.310912e-04
3.701952e-02,4.337455e-04,1.461568e-03,1.255124e-03,4.474815e-02,3.798699e-03,1.121228e-03,8.821697e-01,1.437740e-02,5.456661e-04,1.504239e-03,7.822284e-03,3.242289e-03,2.969000e-04,2.035316e-04
3.382511e-02,5.217608e-04,1.382571e-03,1.516019e-03,3.585500e-02,4.059534e-03,1.742715e-03,8.993425e-01,1.025202e-02,4.064110e-04,1.176141e-03,6.451237e-03,2.998647e-03,2.481162e-04,2.222004e-04
4.586953e-02,7.503052e-04,1.491427e-03,1.730786e-03,2.952084e-02,4.275893e-03,1.874133e-03,8.946673e-01,7.631066e-03,3.943443e-04,1.223568e-03,6.512307e-03,3.292028e-03,2.671701e-04,4.992710e-04
6.958596e-02,1.360412e-03,1.917951e-03,2.421193e-03,2.506994e-02,4.829702e-03,2.216051e-03,8.730006e-01,6.044733e-03,4.699094e-04,1.335790e-03,6.946311e-03,3.438228e-03,3.515974e-04,1.011597e-03
9.722078e-02,1.664098e-03,2.177439e-03,2.763064e-03,2.009701e-02,5.686537e-03,2.346266e-03,8.482445e-01,4.644488e-03,5.479124e-04,1.402924e-03,7.645637e-03,3.682195e-03,4.930286e-04,1.384072e-03
2.762505e-01,2.661902e-03,2.829643e-03,8.561123e-03,1.626569e-02,6.643266e-03,2.090016e-03,6.404887e-01,5.226750e-03,1.304909e-03,5.121657e-03,1.876993e-02,9.593332e-03,1.079822e-03,3.112829e-03
2.836497e-01,4.359940e-03,3.341765e-03,3.106311e-02,1.394498e-02,7.045828e-03,1.876911e-03,5.356759e-01,6.736648e-03,2.758950e-03,2.545044e-02,5.130017e-02,1.763806e-02,9.937217e-03,5.220482e-03
2.526445e-01,4.454382e-03,3.373866e-03,4.037543e-02,1.158054e-02,7.042293e-03,2.026559e-03,4.186181e-01,9.913186e-03,3.471096e-03,5.128586e-02,7.326247e-02,2.733240e-02,8.977643e-02,4.842902e-03
3.472162e-01,3.471931e-03,2.938138e-03,3.026269e-02,9.766477e-03,7.299120e-03,2.709376e-03,3.108189e-01,8.640053e-03,2.949498e-03,5.007413e-02,8.817823e-02,2.295734e-02,1.084700e-01,4.247965e-03
3.183118e-01,4.905671e-03,4.838749e-03,5.068254e-02,2.369975e-02,8.718444e-03,2.894198e-03,2.245849e-01,9.458296e-03,5.369251e-03,1.545803e-01,8.094046e-02,1.716691e-02,8.872815e-02,5.120639e-03
2.279394e-01,4.805629e-03,4.214646e-03,3.658953e-02,2.194848e-02,7.405766e-03,2.398512e-03,1.587344e-01,7.777474e-03,6.717938e-03,3.021317e-01,7.492352e-02,1.267157e-02,1.278589e-01,3.882592e-03
1.715168e-01,3.867875e-03,3.300092e-03,2.656592e-02,2.110049e-02,6.424062e-03,2.077549e-03,1.126535e-01,6.602604e-03,5.404996e-03,3.826241e-01,6.650756e-02,9.359987e-03,1.788801e-01,3.114307e-03
1.817659e-01,3.969249e-03,2.671356e-03,1.951929e-02,1.679582e-02,6.104116e-03,1.664669e-03,8.080080e-02,6.904332e-03,4.534835e-03,4.167151e-01,6.126386e-02,7.743669e-03,1.870125e-01,2.534580e-03
1.870816e-01,4.239450e-03,4.160095e-03,1.715556e-02,1.919477e-02,1.364266e-02,1.503484e-03,5.992961e-02,7.205188e-03,3.618698e-03,4.494008e-01,5.694126e-02,7.614445e-03,1.660072e-01,2.305198e-03
1.518949e-01,1.501006e-02,3.291545e-02,2.727686e-02,4.085960e-02,6.481721e-02,2.060138e-03,4.377953e-02,7.383925e-03,4.945103e-03,4.055540e-01,5.907346e-02,9.928383e-03,1.295681e-01,4.933312e-03
1.364764e-01,1.383871e-02,2.898996e-02,2.884596e-02,3.747382e-02,7.474174e-02,1.634194e-03,3.097551e-02,6.721288e-03,4.517624e-03,4.117197e-01,5.521422e-02,9.433366e-03,1.543010e-01,5.116469e-03
1.341370e-01,1.201668e-02,4.650507e-02,6.181844e-02,5.062116e-02,9.263961e-02,1.459768e-03,2.271635e-02,6.283962e-03,5.114327e-03,3.442320e-01,6.177321e-02,1.133512e-02,1.429251e-01,6.422264e-03
1.051410e-01,9.595738e-03,4.994393e-02,4.787441e-02,5.274994e-02,1.230596e-01,1.257117e-03,1.630593e-02,5.826066e-03,6.347364e-03,3.143393e-01,4.887653e-02,1.022895e-02,2.023111e-01,6.143042e-03
9.762228e-02,8.105020e-03,8.155176e-02,3.471141e-02,5.967849e-02,1.091668e-01,1.114603e-03,1.191789e-02,6.132122e-03,7.055727e-03,2.770801e-01,3.785400e-02,9.542378e-03,2.531566e-01,5.310830e-03
1.556259e-01,8.330249e-03,7.122531e-02,2.664624e-02,5.763646e-02,8.847521e-02,1.377147e-03,9.056922e-03,8.360067e-03,7.879805e-03,2.540576e-01,3.649975e-02,8.455803e-03,2.611314e-01,5.242077e-03
1.438708e-01,7.800310e-03,6.785942e-02,1.987557e-02,4.386858e-02,6.606303e-02,1.181824e-03,6.767139e-03,1.366291e-02,1.682811e-02,2.550053e-01,3.197076e-02,6.737374e-03,3.133805e-01,5.128394e-03
2.029138e-01,2.298855e-02,5.978544e-02,3.093560e-02,3.619863e-02,5.214375e-02,2.318050e-03,8.033980e-03,1.827048e-02,1.727631e-02,2.297766e-01,4.568260e-02,7.737122e-03,2.570190e-01,8.920068e-03
1.622876e-01,2.812796e-02,4.393547e-02,4.097954e-02,3.047172e-02,6.435917e-02,1.914562e-03,7.031340e-03,1.940349e-02,9.660619e-02,2.119745e-01,4.210410e-02,8.468688e-03,2.262469e-01,1.608873e-02
1.673726e-01,2.792191e-02,4.003592e-02,3.695242e-02,2.573637e-02,1.307404e-01,1.898928e-03,8.536137e-03,1.973242e-02,1.021665e-01,1.825207e-01,3.454354e-02,8.457582e-03,1.947678e-01,1.861683e-02
1.535323e-01,2.358665e-02,3.133760e-02,3.525250e-02,2.203384e-02,1.539351e-01,1.658087e-03,6.993468e-03,1.912025e-02,1.136941e-01,2.230813e-01,2.744578e-02,7.356003e-03,1.597446e-01,2.122850e-02
1.479276e-01,2.170107e-02,3.160067e-02,2.982497e-02,2.409262e-02,1.772273e-01,1.618544e-03,5.673559e-03,2.331481e-02,1.032282e-01,2.301744e-01,2.577780e-02,6.908134e-03,1.491207e-01,2.180972e-02
1.518054e-01,2.608942e-02,4.300871e-02,5.497203e-02,3.766304e-02,1.806580e-01,3.063427e-03,6.424060e-03,3.419774e-02,9.453702e-02,1.843970e-01,2.516099e-02,7.216119e-03,1.206768e-01,3.013027e-02
1.696251e-01,2.758471e-02,5.336474e-02,7.650970e-02,5.071819e-02,1.961763e-01,3.287896e-03,7.815944e-03,4.442401e-02,7.413192e-02,1.469870e-01,2.196072e-02,7.234987e-03,9.129947e-02,2.887940e-02
1.944976e-01,2.678661e-02,5.539054e-02,8.132571e-02,4.466176e-02,1.714866e-01,3.111303e-03,7.936749e-03,5.895048e-02,5.889384e-02,1.367586e-01,3.325919e-02,8.432146e-03,8.899892e-02,2.950998e-02
2.643108e-01,2.336181e-02,6.251658e-02,8.433270e-02,4.129232e-02,1.348948e-01,2.730663e-03,2.124417e-02,5.804406e-02,4.528155e-02,1.152472e-01,3.619716e-02,7.798650e-03,7.634155e-02,2.640599e-02
2.706621e-01,1.846613e-02,1.288250e-01,1.269458e-01,3.573623e-02,1.044987e-01,2.421789e-03,2.512158e-02,4.942951e-02,3.520110e-02,8.511412e-02,2.824626e-02,6.067265e-03,6.130181e-02,2.196270e-02
2.977565e-01,1.943933e-02,1.870338e-01,1.162129e-01,3.159406e-02,8.053704e-02,2.751180e-03,3.378340e-02,4.327988e-02,2.817731e-02,6.372996e-02,2.259724e-02,5.091244e-03,4.876698e-02,1.924917e-02
3.624451e-01,3.411822e-02,1.691074e-01,9.393597e-02,3.269287e-02,6.648196e-02,2.743596e-03,3.633974e-02,5.317247e-02,2.183258e-02,4.824441e-02,1.844088e-02,4.596659e-03,3.909790e-02,1.675021e-02
4.245962e-01,3.824954e-02,1.559295e-01,8.078922e-02,3.011063e-02,5.165428e-02,3.206480e-03,4.087351e-02,5.026621e-02,1.753762e-02,3.681777e-02,1.573912e-02,4.681303e-03,3.350253e-02,1.604608e-02
