1.000000e+00,0.000000e+00,0.000000e+00,0.000000e+00,0.000000e+00,0.000000e+00,0.000000e+00,0.000000e+00,0.000000e+00,0.000000e+00,0.000000e+00,0.000000e+00,0.000000e+00,0.000000e+00,0.000000e+00
1.000000e+00,0.000000e+00,0.000000e+00,0.000000e+00,0.000000e+00,0.000000e+00,0.000000e+00,0.000000e+00,0.000000e+00,0.000000e+00,0.000000e+00,0.000000e+00,0.000000e+00,0.000000e+00,0.000000e+00
1.000000e+00,0.000000e+00,0.000000e+00,0.000000e+00,0.000000e+00,0.000000e+00,0.000000e+00,0.000000e+00,0.000000e+00,0.000000e+00,0.000000e+00,0.000000e+00,0.000000e+00,0.000000e+00,0.000000e+00
1.000000e+00,0.000000e+00,0.000000e+00,0.000000e+00,0.000000e+00,0.000000e+00,0.000000e+00,0.000000e+00,0.000000e+00,0.000000e+00,0.000000e+00,0.000000e+00,0.000000e+00,0.000000e+00,0.000000e+00
1.000000e+00,0.000000e+00,0.000000e+00,0.000000e+00,0.000000e+00,0.000000e+00,0.000000e+00,0.000000e+00,0.000000e+00,0.000000e+00,0.000000e+00,0.000000e+00,0.000000e+00,0.000000e+00,0.000000e+00
1.000000e+00,0.000000e+00,0.000000e+00,0.000000e+00,0.000000e+00,0.000000e+00,0.000000e+00,0.000000e+00,0.000000e+00,0.000000e+00,0.000000e+00,0.000000e+00,0.000000e+00,0.000000e+00,0.000000e+00
1.000000e+00,0.000000e+00,0.000000e+00,0.000000e+00,0.000000e+00,0.000000e+00,0.000000e+00,0.000000e+00,0.000000e+00,0.000000e+00,0.000000e+00,0.000000e+00,0.000000e+00,0.000000e+00,0.000000e+00
1.000000e+00,0.000000e+00,0.000000e+00,0.000000e+00,0.000000e+00,0.000000e+00,0.000000e+00,0.000000e+00,0.000000e+00,0.000000e+00,0.000000e+00,0.000000e+00,0.000000e+00,0.000000e+00,0.000000e+00
1.000000e+00,0.000000e+00,0.000000e+00,0.000000e+00,0.000000e+00,0.000000e+00,0.000000e+00,0.000000e+00,0.000000e+00,0.000000e+00,0.000000e+00,0.000000e+00,0.000000e+00,0.000000e+00,0.000000e+00
1.000000e+00,0.000000e+00,0.000000e+00,0.000000e+00,0.000000e+00,0.000000e+00,0.000000e+00,0.000000e+00,0.000000e+00,0.000000e+00,0.000000e+00,0.000000e+00,0.000000e+00,0.000000e+00,0.000000e+00
1.000000e+00,0.000000e+00,0.000000e+00,0.000000e+00,0.000000e+00,0.000000e+00,0.000000e+00,0.000000e+00,0.000000e+00,0.000000e+00,0.000000e+00,0.000000e+00,0.000000e+00,0.000000e+00,0.000000e+00
1.000000e+00,0.000000e+00,0.000000e+00,0.000000e+00,0.000000e+00,0.000000e+00,0.000000e+00,0.000000e+00,0.000000e+00,0.000000e+00,0.000000e+00,0.000000e+00,0.000000e+00,0.000000e+00,0.000000e+00
1.000000e+00,0.000000e+00,0.000000e+00,0.000000e+00,0.000000e+00,0.000000e+00,0.000000e+00,0.000000e+00,0.000000e+00,0.000000e+00,0.000000e+00,0.000000e+00,0.000000e+00,0.000000e+00,0.000000e+00
1.000000e+00,0.000000e+00,0.000000e+00,0.000000e+00,0.000000e+00,0.000000e+00,0.000000e+00,0.000000e+00,0.000000e+00,0.000000e+00,0.000000e+00,0.000000e+00,0.000000e+00,0.000000e+00,0.000000e+00
1.000000e+00,0.000000e+00,0.000000e+00,0.000000e+00,0.000000e+00,0.000000e+00,0.000000e+00,0.000000e+00,0.000000e+00,0.000000e+00,0.000000e+00,0.000000e+00,0.000000e+00,0.000000e+00,0.000000e+00
1.000000e+00,0.000000e+00,0.000000e+00,0.000000e+00,0.000000e+00,0.000000e+00,0.000000e+00,0.000000e+00,0.000000e+00,0.000000e+00,0.000000e+00,0.000000e+00,0.000000e+00,0.000000e+00,0.000000e+00
4.968711e-01,2.243202e-02,1.482684e-02,3.938253e-02,1.006315e-02,4.363573e-02,5.783606e-03,1.919586e-02,4.207744e-02,3.558341e-03,1.896753e-02,2.287391e-02,3.053898e-02,2.030331e-02,2.094897e-01
3.763080e-01,3.682794e-02,1.005964e-01,9.988666e-02,1.152644e-02,3.974866e-02,4.567314e-03,1.731777e-02,5.014762e-02,2.836942e-03,1.712872e-02,1.746316e-02,2.315254e-02,1.902102e-02,1.834708e-01
2.734219e-01,5.206019e-02,1.355056e-01,1.169605e-01,8.655958e-03,3.194170e-02,3.367706e-03,1.359440e-02,6.504208e-02,4.231835e-03,4.970278e-02,1.349663e-02,1.964696e-02,3.237090e-02,1.800008e-01
2.025694e-01,8.995172e-02,1.170585e-01,1.429096e-01,9.737837e-03,2.545813e-02,2.911811e-03,1.080399e-02,5.855586e-02,5.235763e-03,7.621939e-02,1.281527e-02,1.756118e-02,7.496202e-02,1.532494e-01
1.480115e-01,7.391937e-02,8.471679e-02,1.116380e-01,1.257143e-02,2.139203e-02,2.350187e-03,8.681739e-03,4.606974e-02,6.481734e-03,1.062013e-01,1.119262e-02,1.708279e-02,2.355958e-01,1.140950e-01
1.109593e-01,5.631309e-02,6.057657e-02,8.600032e-02,2.009873e-02,2.097130e-02,2.055576e-03,7.329789e-03,4.046996e-02,7.261477e-03,1.158774e-01,9.940119e-03,1.470041e-02,3.645031e-01,8.294290e-02
8.297785e-02,4.254049e-02,4.326017e-02,6.457914e-02,1.930156e-02,1.849790e-02,1.770669e-03,5.482518e-03,3.617848e-02,1.087098e-02,1.450732e-01,1.022097e-02,1.197080e-02,4.405217e-01,6.675358e-02
7.687962e-02,3.327961e-02,3.143592e-02,5.953649e-02,1.788183e-02,2.055196e-02,1.671052e-03,4.253167e-03,3.460629e-02,1.299836e-02,2.045375e-01,1.166719e-02,1.141563e-02,4.185896e-01,6.069580e-02
7.063317e-02,2.452626e-02,2.246717e-02,5.148195e-02,1.505890e-02,3.704410e-02,1.433808e-03,3.301398e-03,2.803471e-02,1.334996e-02,3.105561e-01,1.206689e-02,1.378207e-02,3.451445e-01,5.111910e-02
5.130762e-02,1.776270e-02,1.596644e-02,3.684359e-02,1.162833e-02,2.779244e-02,1.071632e-03,2.415219e-03,2.034405e-02,1.176539e-02,3.344965e-01,1.232277e-02,1.124650e-02,4.071091e-01,3.792776e-02
3.782307e-02,1.296654e-02,1.145737e-02,2.690610e-02,1.020387e-02,2.120540e-02,8.503813e-04,2.097869e-03,1.550134e-02,1.002204e-02,3.039743e-01,1.299097e-02,9.091222e-03,4.966022e-01,2.830730e-02
3.629538e-02,9.939264e-03,8.655276e-03,2.003254e-02,9.803470e-03,3.314497e-02,1.216797e-03,2.213177e-03,1.247068e-02,8.983943e-03,3.925307e-01,1.694173e-02,8.300157e-03,4.169353e-01,2.253667e-02
5.438309e-02,8.366330e-03,7.477313e-03,1.574739e-02,8.811439e-03,3.305158e-02,1.716083e-03,2.085399e-03,1.006046e-02,8.752685e-03,4.621519e-01,2.054762e-02,7.121815e-03,3.413705e-01,1.835640e-02
1.339288e-01,1.347939e-02,7.709232e-03,1.582595e-02,9.680525e-03,3.145319e-02,1.458490e-03,2.113041e-03,1.013382e-02,7.817183e-03,4.328143e-01,2.936948e-02,6.395705e-03,2.676010e-01,3.022004e-02
2.295662e-01,1.563678e-02,7.944676e-03,1.387634e-02,8.586404e-03,2.557814e-02,1.258152e-03,3.121461e-03,1.067297e-02,6.642657e-03,3.982272e-01,3.087454e-02,5.037750e-03,2.082413e-01,3.473558e-02
2.981793e-01,2.055240e-02,9.981032e-03,1.609200e-02,9.556569e-03,2.259422e-02,1.572351e-03,8.673146e-03,1.175625e-02,6.115232e-03,3.551610e-01,3.444474e-02,4.468080e-03,1.666856e-01,3.416815e-02
3.162316e-01,2.206870e-02,2.215706e-02,1.717767e-02,8.915475e-03,2.235900e-02,1.767761e-03,1.482514e-02,1.264629e-02,8.684680e-03,3.451931e-01,3.169695e-02,4.500641e-03,1.394443e-01,3.233172e-02
3.470498e-01,2.183256e-02,2.273651e-02,1.626098e-02,9.373670e-03,2.014338e-02,1.825088e-03,1.562469e-02,1.302396e-02,8.229116e-03,3.372133e-01,3.778241e-02,3.986371e-03,1.168122e-01,2.810605e-02
2.767657e-01,3.406271e-02,2.290539e-02,1.340184e-02,3.259622e-02,3.227042e-02,4.125660e-03,2.050555e-02,1.729986e-02,9.959405e-03,3.594606e-01,5.197865e-02,3.198164e-03,9.743261e-02,2.403722e-02
2.559983e-01,3.001391e-02,2.115817e-02,1.396442e-02,3.343595e-02,3.433663e-02,5.321314e-03,3.920973e-02,3.253187e-02,1.884132e-02,3.435259e-01,5.200583e-02,3.115704e-03,9.408961e-02,2.245147e-02
2.302859e-01,3.015492e-02,2.727845e-02,1.436699e-02,4.514557e-02,5.413958e-02,4.352871e-03,4.602943e-02,4.653674e-02,1.665821e-02,3.282048e-01,4.692285e-02,2.910940e-03,8.769171e-02,1.932108e-02
1.822220e-01,3.733888e-02,4.205514e-02,1.459936e-02,4.987086e-02,5.757165e-02,3.360588e-03,1.076294e-01,1.043964e-01,1.704474e-02,2.527342e-01,3.722733e-02,3.063200e-03,7.492908e-02,1.595719e-02
1.502839e-01,3.672159e-02,3.776447e-02,1.477792e-02,4.438566e-02,7.265970e-02,2.608833e-03,9.941681e-02,1.886051e-01,2.710206e-02,2.119591e-01,2.745106e-02,3.370364e-03,6.197695e-02,2.091644e-02
1.452135e-01,5.485184e-02,3.832835e-02,1.503280e-02,5.279229e-02,9.295222e-02,2.058754e-03,8.354917e-02,1.913308e-01,3.038813e-02,1.751492e-01,2.025456e-02,2.945095e-03,5.867686e-02,3.647633e-02
1.198976e-01,5.582812e-02,5.052486e-02,1.863057e-02,4.862326e-02,7.788900e-02,1.558704e-03,1.324850e-01,2.506654e-01,2.339415e-02,1.326692e-01,1.560678e-02,2.541227e-03,4.289884e-02,2.678723e-02
1.011069e-01,6.515418e-02,5.128407e-02,2.055037e-02,3.945444e-02,7.676025e-02,1.124317e-03,1.211606e-01,3.325203e-01,2.064230e-02,1.032275e-01,1.199169e-02,2.059192e-03,3.105844e-02,2.190555e-02
9.592903e-02,1.014823e-01,6.173618e-02,2.018244e-02,4.615980e-02,9.584316e-02,9.217567e-04,9.117570e-02,3.389078e-01,1.591064e-02,7.779139e-02,9.693798e-03,1.695772e-03,2.370479e-02,1.886543e-02
1.250888e-01,1.186341e-01,5.591637e-02,3.261585e-02,5.335035e-02,8.191377e-02,9.876119e-04,7.711510e-02,3.306017e-01,1.242069e-02,6.656674e-02,8.640463e-03,1.577180e-03,1.874365e-02,1.582759e-02
1.300162e-01,9.670327e-02,5.208381e-02,6.281728e-02,9.093199e-02,6.097724e-02,1.199693e-03,1.055800e-01,3.082395e-01,9.283382e-03,4.758789e-02,7.072855e-03,1.472646e-03,1.357923e-02,1.245502e-02
1.520462e-01,1.150153e-01,6.044036e-02,6.067673e-02,9.561951e-02,6.086390e-02,1.410055e-03,9.387766e-02,2.873362e-01,7.064593e-03,3.484132e-02,6.279226e-03,1.718626e-03,1.110008e-02,1.171030e-02
1.792502e-01,1.648806e-01,5.200692e-02,5.401915e-02,9.424345e-02,4.879003e-02,1.217580e-03,7.925388e-02,2.671226e-01,5.591313e-03,2.569345e-02,5.503848e-03,1.862177e-03,9.691601e-03,1.087315e-02
2.052528e-01,1.617279e-01,1.132742e-01,4.723377e-02,8.472725e-02,3.969534e-02,1.594934e-03,6.282025e-02,2.282569e-01,4.801083e-03,2.052054e-02,6.372120e-03,2.060954e-03,8.689867e-03,1.297202e-02
2.159877e-01,2.367125e-01,8.336266e-02,5.017384e-02,6.613062e-02,6.206181e-02,1.679027e-03,4.672034e-02,1.769268e-01,3.649721e-03,2.437514e-02,9.421915e-03,3.038186e-03,6.419929e-03,1.333973e-02
2.587587e-01,1.995445e-01,6.686974e-02,4.188601e-02,6.651990e-02,1.006024e-01,1.834191e-03,3.462723e-02,1.629323e-01,3.640820e-03,2.473885e-02,1.280400e-02,4.037030e-03,5.340654e-03,1.586364e-02
3.384356e-01,1.457150e-01,6.047864e-02,4.425473e-02,7.177660e-02,9.466212e-02,2.113940e-03,3.619979e-02,1.410789e-01,4.475649e-03,2.059739e-02,1.258217e-02,5.180289e-03,4.980995e-03,1.746815e-02
4.537862e-01,1.117677e-01,4.828687e-02,3.993978e-02,5.720643e-02,7.365481e-02,1.931743e-03,2.777019e-02,1.173697e-01,5.314334e-03,1.695581e-02,1.297795e-02,6.346170e-03,5.204986e-03,2.148725e-02
1.000000e+00,0.000000e+00,0.000000e+00,0.000000e+00,0.000000e+00,0.000000e+00,0.000000e+00,0.000000e+00,0.000000e+00,0.000000e+00,0.000000e+00,0.000000e+00,0.000000e+00,0.000000e+00,0.000000e+00
1.000000e+00,0.000000e+00,0.000000e+00,0.000000e+00,0.000000e+00,0.000000e+00,0.000000e+00,0.000000e+00,0.000000e+00,0.000000e+00,0.000000e+00,0.000000e+00,0.000000e+00,0.000000e+00,0.000000e+00
1.000000e+00,0.000000e+00,0.000000e+00,0.000000e+00,0.000000e+00,0.000000e+00,0.000000e+00,0.000000e+00,0.000000e+00,0.000000e+00,0.000000e+00,0.000000e+00,0.000000e+00,0.000000e+00,0.000000e+00
4.314069e-01,3.408343e-02,1.811557e-02,5.568206e-02,1.643415e-02,6.888684e-02,1.600773e-03,1.148961e-02,1.978075e-01,1.537886e-02,8.754946e-02,9.891083e-03,1.123304e-02,8.534749e-03,3.190594e-02
3.073571e-01,2.561919e-02,1.466584e-02,6.789289e-02,1.200092e-02,5.761484e-02,1.327788e-03,9.412264e-03,3.607608e-01,1.575512e-02,7.511554e-02,8.690486e-03,1.009921e-02,6.682980e-03,2.700501e-02
2.201255e-01,1.964914e-02,1.595182e-02,6.950492e-02,8.749939e-03,4.356454e-02,9.839393e-04,7.320775e-03,4.919925e-01,1.834548e-02,5.534293e-02,6.595878e-03,7.576559e-03,5.518637e-03,2.877732e-02
1.845852e-01,1.532352e-02,1.798634e-02,6.629883e-02,6.600344e-03,3.621130e-02,1.017856e-03,7.021150e-03,5.462907e-01,1.574398e-02,5.612668e-02,5.873705e-03,9.081162e-03,5.568207e-03,2.627099e-02
1.412365e-01,1.229635e-02,1.878823e-02,5.938209e-02,5.395330e-03,2.656867e-02,1.019872e-03,5.876561e-03,6.264279e-01,1.522414e-02,4.270188e-02,4.742027e-03,7.438309e-03,5.589309e-03,2.731276e-02
1.203469e-01,1.592878e-02,1.863432e-02,4.625487e-02,4.428301e-03,2.092374e-02,9.289740e-04,4.692696e-03,5.727195e-01,1.304096e-02,3.833133e-02,4.240936e-03,7.751426e-03,8.572613e-02,4.605111e-02
1.075154e-01,1.358097e-02,1.564998e-02,3.603015e-02,3.396199e-03,1.578636e-02,8.062326e-04,3.720889e-03,5.698540e-01,1.269196e-02,3.607038e-02,4.044982e-03,8.730126e-03,1.184918e-01,5.363061e-02
8.980000e-02,1.057131e-02,1.294830e-02,2.947215e-02,2.820319e-03,1.147154e-02,7.893018e-04,3.302316e-03,5.602905e-01,1.714148e-02,3.777479e-02,8.046381e-03,9.070720e-03,1.557502e-01,5.075081e-02
6.884152e-02,7.693527e-03,9.619845e-03,2.161979e-02,2.449913e-03,8.353215e-03,8.231909e-04,2.991185e-03,4.663936e-01,2.598844e-02,5.050883e-02,8.206205e-03,1.599195e-02,1.593818e-01,1.511370e-01
4.925725e-02,5.569865e-03,6.948928e-03,1.538033e-02,2.166006e-03,6.041320e-03,6.962133e-04,2.393967e-03,3.557362e-01,3.067266e-02,5.543961e-02,8.888282e-03,3.081989e-02,1.443159e-01,2.856735e-01
5.043906e-02,4.474221e-03,5.245082e-03,1.169851e-02,4.860942e-03,5.570850e-03,1.653111e-03,3.336486e-03,2.773803e-01,3.984100e-02,6.566933e-02,1.280720e-02,3.432118e-02,1.847259e-01,2.979768e-01
4.421759e-02,3.685482e-03,4.402770e-03,8.581558e-03,4.198198e-03,4.618448e-03,1.450690e-03,2.992519e-03,2.091241e-01,4.516743e-02,6.333239e-02,1.394323e-02,4.112064e-02,2.133527e-01,3.398122e-01
6.587201e-02,4.727237e-03,4.925411e-03,7.451445e-03,4.080722e-03,4.555544e-03,1.800512e-03,4.026716e-03,1.719056e-01,5.085286e-02,7.302433e-02,1.256282e-02,3.871054e-02,2.225066e-01,3.329976e-01
6.666738e-02,5.042983e-03,1.437311e-02,7.942171e-03,5.491325e-03,6.037209e-03,2.510997e-03,4.945232e-03,1.407011e-01,5.474228e-02,7.661460e-02,1.289382e-02,4.080508e-02,2.455740e-01,3.156586e-01
9.928001e-02,8.128550e-03,4.609966e-02,1.104455e-02,1.735163e-02,2.231651e-02,6.570403e-03,5.224718e-03,1.170662e-01,5.039171e-02,7.338218e-02,1.419535e-02,4.769839e-02,1.912151e-01,2.900350e-01
7.733393e-02,7.050878e-03,3.615849e-02,8.325910e-03,1.947711e-02,1.727865e-02,5.219544e-03,4.348652e-03,9.056392e-02,5.831926e-02,6.942921e-02,1.105637e-02,3.910367e-02,1.526179e-01,4.037166e-01
6.864654e-02,9.098077e-03,3.356250e-02,8.692553e-03,2.601563e-02,1.533594e-02,5.643016e-03,4.215968e-03,7.983875e-02,7.318306e-02,8.334020e-02,1.146680e-02,3.769936e-02,1.274226e-01,4.158390e-01
9.515634e-02,9.867983e-03,2.986024e-02,1.099669e-02,4.682125e-02,1.758953e-02,6.845946e-03,4.202686e-03,6.979927e-02,7.618777e-02,1.418859e-01,1.146782e-02,4.057612e-02,9.670188e-02,3.420405e-01
8.606920e-02,1.463307e-02,2.947675e-02,9.615404e-03,7.717815e-02,1.468761e-02,5.310507e-03,4.365696e-03,6.856153e-02,8.611138e-02,1.319533e-01,1.201559e-02,4.360176e-02,8.051748e-02,3.359026e-01
1.048706e-01,1.685658e-02,2.350411e-02,1.249285e-02,9.059478e-02,1.581701e-02,4.487063e-03,5.885702e-03,6.427485e-02,9.947374e-02,1.654211e-01,4.206335e-02,4.160012e-02,7.038574e-02,2.422724e-01
1.398677e-01,2.206044e-02,1.926340e-02,1.607534e-02,7.212842e-02,1.884356e-02,3.704689e-03,6.017559e-03,6.568630e-02,9.123835e-02,1.559535e-01,9.840932e-02,3.754154e-02,7.441907e-02,1.787909e-01
1.689203e-01,2.913069e-02,1.691646e-02,1.761934e-02,5.874128e-02,1.674462e-02,3.168357e-03,5.707677e-03,9.183870e-02,7.905459e-02,1.473615e-01,1.068365e-01,3.181890e-02,8.764146e-02,1.384996e-01
1.456641e-01,3.252462e-02,1.634713e-02,1.515510e-02,4.845284e-02,1.493364e-02,2.688676e-03,6.574561e-03,1.932614e-01,6.367952e-02,1.395683e-01,9.081128e-02,2.505966e-02,9.300968e-02,1.122695e-01
1.265016e-01,3.321660e-02,3.692694e-02,1.449754e-02,4.927615e-02,1.585233e-02,3.143165e-03,2.698171e-02,2.353917e-01,4.937158e-02,1.281710e-01,9.172192e-02,2.257661e-02,8.254845e-02,8.382266e-02
1.363983e-01,3.436559e-02,7.477748e-02,1.343771e-02,5.720539e-02,1.814057e-02,3.472877e-03,3.985038e-02,2.318799e-01,4.155482e-02,1.071532e-01,7.507034e-02,1.839701e-02,8.266073e-02,6.563570e-02
1.202730e-01,6.157921e-02,8.476512e-02,1.237119e-02,8.591399e-02,1.582645e-02,3.113712e-03,3.467781e-02,2.332820e-01,3.870386e-02,9.493954e-02,5.588196e-02,1.389212e-02,9.545092e-02,4.932917e-02
1.030336e-01,6.721337e-02,8.876166e-02,1.235035e-02,1.021091e-01,1.576208e-02,2.875585e-03,5.821881e-02,2.467562e-01,3.166392e-02,8.313906e-02,4.092011e-02,1.066478e-02,9.901331e-02,3.751809e-02
8.476099e-02,5.424727e-02,1.190181e-01,1.381553e-02,1.027260e-01,1.263149e-02,2.684321e-03,1.884421e-01,1.922286e-01,2.294531e-02,6.119590e-02,2.901509e-02,8.084686e-03,8.130638e-02,2.689820e-02
6.314446e-02,3.981090e-02,9.758364e-02,1.032433e-02,8.495335e-02,9.126371e-03,2.124604e-03,3.879749e-01,1.405239e-01,1.620956e-02,4.313016e-02,2.039313e-02,5.745707e-03,6.006435e-02,1.889069e-02
5.567512e-02,2.989091e-02,7.554545e-02,8.732565e-03,8.176334e-02,7.472607e-03,2.134238e-03,4.774293e-01,1.182129e-01,1.190106e-02,3.160388e-02,1.448536e-02,4.214450e-03,6.753546e-02,1.340341e-02
6.766030e-02,2.384438e-02,5.912198e-02,8.500584e-03,8.685767e-02,6.845693e-03,2.507656e-03,4.515767e-01,1.203802e-01,9.422306e-03,3.046688e-02,1.060900e-02,3.422864e-03,1.089180e-01,9.865788e-03
6.385273e-02,1.919148e-02,5.228496e-02,7.508067e-03,7.904977e-02,5.714186e-03,2.540854e-03,4.935414e-01,1.072986e-01,7.047778e-03,2.980541e-02,7.629288e-03,2.769949e-03,1.146675e-01,7.098073e-03
8.367099e-02,1.583176e-02,4.168240e-02,6.349999e-03,7.522080e-02,5.324326e-03,3.558337e-03,5.074167e-01,8.843751e-02,5.387968e-03,2.768853e-02,5.893985e-03,2.476401e-03,1.256784e-01,5.381835e-03
1.212107e-01,1.942371e-02,3.467854e-02,4.968796e-03,6.605207e-02,6.119159e-03,5.341248e-03,4.910217e-01,7.548317e-02,4.106502e-03,2.338551e-02,4.657435e-03,2.307436e-03,1.367466e-01,4.497461e-03
1.942177e-01,2.363873e-02,2.865178e-02,5.232134e-03,5.893417e-02,8.490119e-03,7.218207e-03,4.198783e-01,7.475120e-02,4.255621e-03,1.823055e-02,5.381818e-03,2.911489e-03,1.422655e-01,5.942669e-03
2.740190e-01,3.446372e-02,2.511911e-02,5.805839e-03,5.093427e-02,9.152733e-03,9.768769e-03,3.515557e-01,8.383388e-02,5.264465e-03,1.421382e-02,6.806326e-03,3.586140e-03,1.160749e-01,9.401321e-03
3.299426e-01,3.641676e-02,2.079795e-02,5.617238e-03,4.406828e-02,1.104936e-02,2.193377e-02,3.315507e-01,7.511726e-02,5.307575e-03,1.086348e-02,6.994877e-03,5.103641e-03,8.517899e-02,1.005759e-02
3.420228e-01,2.938800e-02,1.748964e-02,5.244219e-03,3.461142e-02,1.289563e-02,2.058303e-02,3.793460e-01,6.101466e-02,4.965861e-03,8.782326e-03,8.227005e-03,5.900716e-03,6.066198e-02,8.866591e-03
3.805698e-01,2.360567e-02,1.661148e-02,5.299189e-03,2.791435e-02,1.311680e-02,2.003597e-02,3.869447e-01,4.900542e-02,4.136645e-03,7.149132e-03,8.340426e-03,5.533347e-03,4.322682e-02,8.510260e-03
4.032257e-01,1.796439e-02,1.573671e-02,6.132908e-03,2.199712e-02,1.299353e-02,2.014407e-02,4.056908e-01,3.607993e-02,3.333757e-03,5.665427e-03,7.422594e-03,5.616945e-03,3.090242e-02,7.093703e-03
4.049581e-01,1.354341e-02,1.658987e-02,7.852717e-03,1.915956e-02,1.300789e-02,1.925846e-02,4.300777e-01,2.689373e-02,3.027349e-03,4.400352e-03,7.742903e-03,5.382119e-03,2.199342e-02,6.112445e-03
3.925776e-01,1.048865e-02,1.472627e-02,7.856379e-03,1.666658e-02,1.207289e-02,1.764732e-02,4.678271e-01,2.060460e-02,2.486043e-03,3.607174e-03,7.821668e-03,4.740847e-03,1.565477e-02,5.221974e-03
3.515646e-01,7.700556e-03,1.149049e-02,7.659108e-03,1.391018e-02,1.090490e-02,1.413375e-02,5.353112e-01,1.500150e-02,1.875572e-03,2.960041e-03,7.433990e-03,4.651022e-03,1.110370e-02,4.299283e-03
2.748505e-01,5.526943e-03,8.984731e-03,7.163675e-03,1.141478e-02,9.047409e-03,1.127695e-02,6.364265e-01,1.074665e-02,1.344858e-03,2.231534e-03,5.794412e-03,4.102875e-03,7.852511e-03,3.235593e-03
2.537142e-01,4.226317e-03,7.209459e-03,7.263435e-03,1.188633e-02,9.898119e-03,8.652262e-03,6.603653e-01,8.086711e-03,1.089607e-03,2.283876e-03,7.434749e-03,8.604575e-03,5.680862e-03,3.604113e-03
2.470841e-01,3.357457e-03,6.505783e-03,6.872844e-03,1.126434e-02,8.410779e-03,6.550932e-03,6.770616e-01,5.962857e-03,9.090235e-04,2.044968e-03,8.205288e-03,8.258455e-03,4.183062e-03,3.328509e-03
2.538196e-01,2.803315e-03,6.004842e-03,6.009283e-03,9.890920e-03,7.880268e-03,5.035620e-03,6.778687e-01,4.487914e-03,7.333949e-04,1.964956e-03,9.045329e-03,8.318339e-03,3.143139e-03,2.994407e-03
2.725435e-01,2.334840e-03,5.560983e-03,5.570759e-03,8.616077e-03,7.304265e-03,4.016969e-03,6.622998e-01,3.501947e-03,6.168106e-04,2.242063e-03,9.960567e-03,1.037500e-02,2.427738e-03,2.628741e-03
3.698309e-01,2.468986e-03,5.829036e-03,8.452252e-03,7.820734e-03,9.159997e-03,4.353076e-03,5.528475e-01,3.399459e-03,6.991326e-04,2.680370e-03,1.486206e-02,1.266440e-02,2.119449e-03,2.812699e-03
4.285752e-01,3.021928e-03,5.645179e-03,1.367404e-02,8.406924e-03,1.788861e-02,5.609579e-03,4.282908e-01,5.627267e-03,9.474983e-04,4.760344e-03,4.365334e-02,2.738841e-02,1.958879e-03,4.552027e-03
1.000000e+00,0.000000e+00,0.000000e+00,0.000000e+00,0.000000e+00,0.000000e+00,0.000000e+00,0.000000e+00,0.000000e+00,0.000000e+00,0.000000e+00,0.000000e+00,0.000000e+00,0.000000e+00,0.000000e+00
1.000000e+00,0.000000e+00,0.000000e+00,0.000000e+00,0.000000e+00,0.000000e+00,0.000000e+00,0.000000e+00,0.000000e+00,0.000000e+00,0.000000e+00,0.000000e+00,0.000000e+00,0.000000e+00,0.000000e+00
1.000000e+00,0.000000e+00,0.000000e+00,0.000000e+00,0.000000e+00,0.000000e+00,0.000000e+00,0.000000e+00,0.000000e+00,0.000000e+00,0.000000e+00,0.000000e+00,0.000000e+00,0.000000e+00,0.000000e+00
1.000000e+00,0.000000e+00,0.000000e+00,0.000000e+00,0.000000e+00,0.000000e+00,0.000000e+00,0.000000e+00,0.000000e+00,0.000000e+00,0.000000e+00,0.000000e+00,0.000000e+00,0.000000e+00,0.000000e+00
1.000000e+00,0.000000e+00,0.000000e+00,0.000000e+00,0.000000e+00,0.000000e+00,0.000000e+00,0.000000e+00,0.000000e+00,0.000000e+00,0.000000e+00,0.000000e+00,0.000000e+00,0.000000e+00,0.000000e+00
1.000000e+00,0.000000e+00,0.000000e+00,0.000000e+00,0.000000e+00,0.000000e+00,0.000000e+00,0.000000e+00,0.000000e+00,0.000000e+00,0.000000e+00,0.000000e+00,0.000000e+00,0.000000e+00,0.000000e+00
1.000000e+00,0.000000e+00,0.000000e+00,0.000000e+00,0.000000e+00,0.000000e+00,0.000000e+00,0.000000e+00,0.000000e+00,0.000000e+00,0.000000e+00,0.000000e+00,0.000000e+00,0.000000e+00,0.000000e+00
1.000000e+00,0.000000e+00,0.000000e+00,0.000000e+00,0.000000e+00,0.000000e+00,0.000000e+00,0.000000e+00,0.000000e+00,0.000000e+00,0.000000e+00,0.000000e+00,0.000000e+00,0.000000e+00,0.000000e+00
1.000000e+00,0.000000e+00,0.000000e+00,0.000000e+00,0.000000e+00,0.000000e+00,0.000000e+00,0.000000e+00,0.000000e+00,0.000000e+00,0.000000e+00,0.000000e+00,0.000000e+00,0.000000e+00,0.000000e+00
1.000000e+00,0.000000e+00,0.000000e+00,0.000000e+00,0.000000e+00,0.000000e+00,0.000000e+00,0.000000e+00,0.000000e+00,0.000000e+00,0.000000e+00,0.000000e+00,0.000000e+00,0.000000e+00,0.000000e+00
4.328984e-01,1.773575e-02,4.465061e-03,6.864369e-02,1.436016e-02,2.606389e-02,4.255090e-03,2.353321e-01,1.915909e-02,9.224542e-04,1.990360e-02,1.098786e-01,3.115120e-02,1.375094e-03,1.385582e-02
3.439998e-01,1.493070e-02,4.386732e-03,5.772188e-02,1.287924e-02,2.703876e-02,3.578070e-03,3.520349e-01,1.530502e-02,7.826276e-04,1.704179e-02,1.070964e-01,2.869757e-02,1.280097e-03,1.322635e-02
3.036060e-01,1.196987e-02,4.742479e-03,4.518050e-02,1.229308e-02,4.051737e-02,4.009369e-03,4.216618e-01,1.163028e-02,6.163453e-04,1.401534e-02,8.894845e-02,2.884398e-02,1.187115e-03,1.077798e-02
2.652413e-01,9.656333e-03,4.366512e-03,3.486761e-02,1.408974e-02,3.797246e-02,3.373915e-03,5.068592e-01,8.991634e-03,4.505253e-04,1.099181e-02,6.883538e-02,2.522608e-02,1.008592e-03,8.068884e-03
2.604087e-01,7.938404e-03,3.600611e-03,3.129482e-02,1.416278e-02,3.916935e-02,2.982135e-03,5.368610e-01,7.260616e-03,3.470907e-04,9.216422e-03,5.528572e-02,2.437877e-02,9.436279e-04,6.149912e-03
2.162952e-01,5.864074e-03,2.689843e-03,2.649350e-02,1.293372e-02,3.192336e-02,2.230641e-03,6.257986e-01,5.350669e-03,2.661689e-04,6.885834e-03,4.010976e-02,1.800940e-02,7.221887e-04,4.427033e-03
1.754538e-01,4.423131e-03,2.081074e-03,2.271552e-02,1.299993e-02,2.468921e-02,1.711129e-03,7.005403e-01,4.103996e-03,2.223450e-04,5.205088e-03,2.882298e-02,1.327078e-02,5.553923e-04,3.205335e-03
1.377045e-01,3.369752e-03,1.801369e-03,1.815909e-02,1.100898e-02,1.883601e-02,1.381164e-03,7.654626e-01,3.300522e-03,2.277242e-04,4.209488e-03,2.142344e-02,1.020673e-02,4.465537e-04,2.462089e-03
1.121764e-01,2.628322e-03,1.658258e-03,1.491681e-02,9.455128e-03,1.463025e-02,1.105422e-03,8.096135e-01,2.741965e-03,2.712223e-04,3.525015e-03,1.666634e-02,8.167922e-03,4.136960e-04,2.029803e-03
1.139490e-01,2.796251e-03,1.859495e-03,3.274842e-02,7.765559e-03,1.544146e-02,1.088324e-03,7.343224e-01,2.713473e-03,5.360493e-04,6.822271e-03,4.355317e-02,3.267480e-02,9.891216e-04,2.740094e-03
2.283146e-01,2.356139e-03,1.913938e-03,2.815845e-02,6.241100e-03,3.987995e-02,1.619670e-03,6.050361e-01,2.811934e-03,5.145519e-04,5.921184e-03,4.048914e-02,3.348837e-02,9.257334e-04,2.329088e-03
2.127631e-01,2.069901e-03,1.953525e-03,2.245952e-02,5.095206e-03,1.707745e-01,2.109624e-03,4.831246e-01,3.192597e-03,4.312844e-04,5.481564e-03,4.706011e-02,4.041427e-02,8.873871e-04,2.182748e-03
1.628244e-01,2.678492e-03,3.393706e-03,2.851704e-02,6.426196e-03,1.479268e-01,2.491047e-03,3.543615e-01,1.268533e-02,6.920230e-04,1.800971e-02,1.035719e-01,1.518728e-01,1.346392e-03,3.202693e-03
1.253811e-01,4.641596e-03,6.373432e-03,4.239290e-02,2.262734e-02,1.211514e-01,4.433182e-03,2.774200e-01,2.622410e-02,1.183203e-03,3.116414e-02,8.448014e-02,2.475676e-01,1.526436e-03,3.433383e-03
9.117266e-02,5.322559e-03,6.383876e-03,3.778257e-02,3.013564e-02,8.925957e-02,4.998631e-03,2.003112e-01,4.476228e-02,1.908655e-03,3.023858e-02,1.201679e-01,3.316817e-01,2.285600e-03,3.588620e-03
6.681942e-02,4.064963e-03,4.707517e-03,2.692568e-02,3.420722e-02,6.486503e-02,4.617993e-03,1.418612e-01,4.152302e-02,2.298940e-03,3.060464e-02,2.414043e-01,3.307078e-01,2.387929e-03,3.004355e-03
5.337102e-02,3.204921e-03,3.599275e-03,1.904922e-02,3.798313e-02,4.722395e-02,3.907259e-03,1.013260e-01,3.459000e-02,2.834753e-03,2.679056e-02,3.322355e-01,3.287058e-01,2.571299e-03,2.607335e-03
4.081659e-02,2.908431e-03,2.911397e-03,1.342797e-02,3.299561e-02,3.386784e-02,2.878326e-03,7.103781e-02,2.969958e-02,4.757463e-03,2.148786e-02,4.651113e-01,2.731539e-01,2.867059e-03,2.078858e-03
3.116974e-02,2.315353e-03,2.268574e-03,9.508062e-03,2.717441e-02,2.428340e-02,2.087258e-03,4.979888e-02,2.526254e-02,6.173448e-03,1.767302e-02,5.729252e-01,2.251866e-01,2.613519e-03,1.560034e-03
2.396180e-02,2.460514e-03,1.997066e-03,6.741310e-03,2.118045e-02,1.850778e-02,1.737496e-03,3.499443e-02,2.624032e-02,8.960668e-03,1.779012e-02,6.461533e-01,1.857221e-01,2.379855e-03,1.172831e-03
2.051873e-02,2.191022e-03,1.452559e-03,4.742010e-03,1.495851e-02,1.385644e-02,1.235356e-03,2.452817e-02,2.052921e-02,9.219549e-03,2.907399e-02,7.161173e-01,1.387752e-01,1.957668e-03,8.442837e-04
1.616476e-02,3.645803e-03,1.193064e-03,3.374926e-03,1.103964e-02,1.014021e-02,8.783793e-04,1.722314e-02,2.161204e-02,1.099277e-02,4.366215e-02,7.519215e-01,1.057381e-01,1.781917e-03,6.316942e-04
1.290545e-02,3.686414e-03,1.012686e-03,2.401706e-03,7.875232e-03,7.312766e-03,6.309907e-04,1.209402e-02,1.731814e-02,1.138441e-02,4.014886e-02,8.035454e-01,7.747293e-02,1.575394e-03,6.356435e-04
1.937992e-02,3.621314e-03,9.283017e-04,1.774381e-03,5.644568e-03,5.843076e-03,4.863105e-04,8.532698e-03,1.438752e-02,1.096709e-02,4.217363e-02,8.272457e-01,5.595818e-02,1.916004e-03,1.141368e-03
2.397936e-02,5.845615e-03,1.177051e-03,1.311925e-03,4.150826e-03,4.672213e-03,3.714731e-04,6.197975e-03,1.135081e-02,9.932359e-03,1.080858e-01,7.790846e-01,3.992203e-02,2.230735e-03,1.687265e-03
2.713358e-02,5.034815e-03,1.254571e-03,1.105028e-03,3.880227e-03,3.948292e-03,3.002636e-04,4.916811e-03,1.153035e-02,9.186258e-03,1.133914e-01,7.857604e-01,2.863352e-02,2.302334e-03,1.622162e-03
3.640192e-02,5.134336e-03,2.308338e-03,1.195072e-03,3.543753e-03,4.567591e-03,3.161755e-04,5.055148e-03,1.104111e-02,8.329336e-03,9.752357e-02,7.985920e-01,2.042028e-02,2.484507e-03,3.086857e-03
3.449075e-02,4.346407e-03,2.946519e-03,1.142134e-03,3.015638e-03,4.161001e-03,3.087290e-04,4.464584e-03,9.599326e-03,6.890541e-03,8.273570e-02,8.268725e-01,1.438175e-02,2.123901e-03,2.520586e-03
3.955180e-02,5.009118e-03,4.586323e-03,1.651593e-03,7.050569e-03,4.844652e-03,4.896597e-04,4.478506e-03,1.451370e-02,5.974171e-03,6.595904e-02,8.310196e-01,1.027990e-02,1.900921e-03,2.690427e-03
4.504284e-02,5.756350e-03,7.456456e-03,3.118167e-03,1.185342e-02,7.197546e-03,2.333660e-03,6.796272e-03,1.584964e-02,5.371499e-03,5.444298e-02,8.219754e-01,7.720931e-03,1.973624e-03,3.111289e-03
5.706534e-02,5.413593e-03,1.625051e-02,3.767361e-03,3.871351e-02,1.174325e-02,4.056095e-02,3.700040e-02,2.496446e-02,5.314628e-03,4.056059e-02,7.084420e-01,6.001397e-03,1.680062e-03,2.522011e-03
7.005145e-02,6.743115e-03,1.382895e-02,3.113935e-03,9.633875e-02,2.190311e-02,4.664483e-02,4.083938e-02,8.909635e-02,6.236230e-03,3.119002e-02,5.656200e-01,4.690438e-03,1.519615e-03,2.183835e-03
8.739933e-02,8.869939e-03,1.635364e-02,3.063672e-03,1.258106e-01,2.918840e-02,4.030653e-02,4.917213e-02,1.449191e-01,7.100945e-03,2.701769e-02,4.524987e-01,4.069088e-03,1.804768e-03,2.425403e-03
1.533582e-01,1.305643e-02,1.656508e-02,4.307510e-03,1.277795e-01,3.206948e-02,3.039968e-02,4.059852e-02,1.507824e-01,8.596995e-03,3.118216e-02,3.773494e-01,5.001599e-03,3.242727e-03,5.710226e-03
2.131825e-01,1.761156e-02,1.559840e-02,9.569768e-03,1.228977e-01,3.464323e-02,2.397643e-02,3.919022e-02,1.666522e-01,2.011164e-02,3.128383e-02,2.811683e-01,7.602776e-03,4.715916e-03,1.179554e-02
2.460702e-01,1.618868e-02,1.417052e-02,1.058841e-02,1.313437e-01,3.359429e-02,2.272156e-02,4.188663e-02,2.120047e-01,1.763030e-02,2.829936e-02,2.046680e-01,6.557425e-03,4.268041e-03,1.000819e-02
3.255463e-01,2.598278e-02,1.095166e-02,1.293906e-02,1.092436e-01,3.158467e-02,1.662710e-02,3.165753e-02,2.087189e-01,1.921352e-02,3.211078e-02,1.510790e-01,6.032692e-03,5.328332e-03,1.298416e-02
4.162428e-01,2.921869e-02,9.134474e-03,1.957397e-02,8.411609e-02,2.836791e-02,1.297131e-02,2.611960e-02,1.688090e-01,1.657418e-02,3.518609e-02,1.226027e-01,7.121440e-03,5.222265e-03,1.873948e-02
4.370975e-01,3.977967e-02,7.959941e-03,2.936780e-02,7.069960e-02,2.636624e-02,9.897283e-03,2.019718e-02,1.549802e-01,1.416245e-02,4.499891e-02,1.061574e-01,8.304833e-03,5.189086e-03,2.484182e-02
4.466258e-01,4.654777e-02,6.904085e-03,4.196573e-02,7.027085e-02,2.279096e-02,8.362647e-03,2.440326e-02,1.292865e-01,1.412904e-02,5.816454e-02,9.285979e-02,8.906542e-03,5.913736e-03,2.286873e-02
4.410972e-01,7.968200e-02,6.667517e-03,4.295052e-02,6.065869e-02,1.895408e-02,6.732223e-03,2.652850e-02,1.247379e-01,1.512923e-02,5.954318e-02,8.015339e-02,8.928572e-03,6.589936e-03,2.164710e-02
4.494989e-01,8.446572e-02,5.944689e-03,4.528673e-02,4.916604e-02,1.964491e-02,5.349574e-03,2.208608e-02,1.122105e-01,1.679906e-02,6.398216e-02,8.095425e-02,1.095153e-02,9.337511e-03,2.432235e-02
4.598401e-01,1.033766e-01,6.346470e-03,4.670410e-02,3.738670e-02,1.932785e-02,4.312006e-03,1.762234e-02,8.889546e-02,1.839349e-02,6.721662e-02,7.613220e-02,1.288416e-02,1.241476e-02,2.914714e-02
4.474437e-01,1.159401e-01,6.281932e-03,5.203993e-02,2.962602e-02,2.002714e-02,3.574724e-03,1.426820e-02,7.290076e-02,1.555831e-02,7.748002e-02,7.651976e-02,1.493449e-02,1.799820e-02,3.540677e-02
4.313134e-01,1.003411e-01,8.005193e-03,6.575346e-02,2.497579e-02,2.373486e-02,4.295570e-03,1.648349e-02,6.110848e-02,1.372282e-02,8.557642e-02,8.585425e-02,1.705560e-02,2.113943e-02,4.064015e-02
3.893560e-01,8.850883e-02,9.506850e-03,7.635184e-02,2.370287e-02,2.945434e-02,5.007496e-03,1.966149e-02,5.928341e-02,1.270829e-02,8.303675e-02,1.227883e-01,2.151523e-02,1.879450e-02,4.032383e-02
3.619604e-01,7.727671e-02,8.966145e-03,7.738040e-02,2.165349e-02,3.227027e-02,5.274951e-03,2.084347e-02,5.973265e-02,1.070523e-02,7.976741e-02,1.632717e-01,2.431748e-02,1.751824e-02,3.906137e-02
3.550783e-01,6.627323e-02,8.336783e-03,8.503913e-02,1.940988e-02,3.021852e-02,4.962348e-03,1.873099e-02,5.377504e-02,1.369135e-02,8.526726e-02,1.796958e-01,2.321636e-02,1.729458e-02,3.901039e-02
3.182549e-01,5.227694e-02,1.098688e-02,1.226902e-01,1.898998e-02,2.934787e-02,5.344961e-03,2.443247e-02,5.514386e-02,1.255324e-02,8.676906e-02,1.883065e-01,2.059762e-02,1.937519e-02,3.493025e-02
2.652746e-01,4.153327e-02,3.074383e-02,1.824170e-01,1.764725e-02,2.679099e-02,5.039672e-03,2.919590e-02,4.768175e-02,1.146860e-02,8.177486e-02,1.939062e-01,1.935342e-02,1.660205e-02,3.057057e-02
3.207595e-01,3.765284e-02,2.804792e-02,1.710172e-01,1.871602e-02,2.331750e-02,4.798573e-03,2.549586e-02,4.458822e-02,1.087367e-02,7.499777e-02,1.735242e-01,2.004965e-02,1.611090e-02,3.005015e-02
2.829840e-01,3.843610e-02,3.926178e-02,1.828591e-01,2.193225e-02,2.372810e-02,6.733827e-03,3.148337e-02,4.942007e-02,9.556829e-03,8.377463e-02,1.572904e-01,2.014212e-02,1.864579e-02,3.375168e-02
2.810426e-01,3.830292e-02,3.839211e-02,1.905807e-01,2.146162e-02,2.440367e-02,7.917341e-03,3.126663e-02,4.779352e-02,8.154789e-03,8.201928e-02,1.469803e-01,2.218232e-02,2.075979e-02,3.874239e-02
3.104042e-01,3.906771e-02,3.428132e-02,1.765362e-01,2.128265e-02,2.481185e-02,7.631200e-03,2.635590e-02,4.446213e-02,7.073375e-03,9.059372e-02,1.320915e-01,2.286392e-02,2.062679e-02,4.191759e-02
3.599703e-01,3.632900e-02,2.944998e-02,1.604635e-01,2.448398e-02,2.941665e-02,1.021018e-02,2.591228e-02,4.079526e-02,6.071265e-03,7.894138e-02,1.166867e-01,2.393457e-02,1.795640e-02,3.937857e-02
4.536459e-01,3.146590e-02,2.331194e-02,1.385509e-01,2.234791e-02,2.949827e-02,9.197044e-03,2.287925e-02,3.386475e-02,5.246052e-03,6.128342e-02,9.618746e-02,2.286272e-02,1.432695e-02,3.533154e-02
4.656475e-01,2.747765e-02,1.960148e-02,1.335655e-01,1.893456e-02,2.896489e-02,8.063077e-03,2.796553e-02,3.679777e-02,4.475592e-03,7.190174e-02,8.632835e-02,2.244166e-02,1.607289e-02,3.176180e-02
1.000000e+00,0.000000e+00,0.000000e+00,0.000000e+00,0.000000e+00,0.000000e+00,0.000000e+00,0.000000e+00,0.000000e+00,0.000000e+00,0.000000e+00,0.000000e+00,0.000000e+00,0.000000e+00,0.000000e+00
1.000000e+00,0.000000e+00,0.000000e+00,0.000000e+00,0.000000e+00,0.000000e+00,0.000000e+00,0.000000e+00,0.000000e+00,0.000000e+00,0.000000e+00,0.000000e+00,0.000000e+00,0.000000e+00,0.000000e+00
1.000000e+00,0.000000e+00,0.000000e+00,0.000000e+00,0.000000e+00,0.000000e+00,0.000000e+00,0.000000e+00,0.000000e+00,0.000000e+00,0.000000e+00,0.000000e+00,0.000000e+00,0.000000e+00,0.000000e+00
1.000000e+00,0.000000e+00,0.000000e+00,0.000000e+00,0.000000e+00,0.000000e+00,0.000000e+00,0.000000e+00,0.000000e+00,0.000000e+00,0.000000e+00,0.000000e+00,0.000000e+00,0.000000e+00,0.000000e+00
1.000000e+00,0.000000e+00,0.000000e+00,0.000000e+00,0.000000e+00,0.000000e+00,0.000000e+00,0.000000e+00,0.000000e+00,0.000000e+00,0.000000e+00,0.000000e+00,0.000000e+00,0.000000e+00,0.000000e+00
1.000000e+00,0.000000e+00,0.000000e+00,0.000000e+00,0.000000e+00,0.000000e+00,0.000000e+00,0.000000e+00,0.000000e+00,0.000000e+00,0.000000e+00,0.000000e+00,0.000000e+00,0.000000e+00,0.000000e+00
1.000000e+00,0.000000e+00,0.000000e+00,0.000000e+00,0.000000e+00,0.000000e+00,0.000000e+00,0.000000e+00,0.000000e+00,0.000000e+00,0.000000e+00,0.000000e+00,0.000000e+00,0.000000e+00,0.000000e+00
1.000000e+00,0.000000e+00,0.000000e+00,0.000000e+00,0.000000e+00,0.000000e+00,0.000000e+00,0.000000e+00,0.000000e+00,0.000000e+00,0.000000e+00,0.000000e+00,0.000000e+00,0.000000e+00,0.000000e+00
1.000000e+00,0.000000e+00,0.000000e+00,0.000000e+00,0.000000e+00,0.000000e+00,0.000000e+00,0.000000e+00,0.000000e+00,0.000000e+00,0.000000e+00,0.000000e+00,0.000000e+00,0.000000e+00,0.000000e+00
1.000000e+00,0.000000e+00,0.000000e+00,0.000000e+00,0.000000e+00,0.000000e+00,0.000000e+00,0.000000e+00,0.000000e+00,0.000000e+00,0.000000e+00,0.000000e+00,0.000000e+00,0.000000e+00,0.000000e+00
1.000000e+00,0.000000e+00,0.000000e+00,0.000000e+00,0.000000e+00,0.000000e+00,0.000000e+00,0.000000e+00,0.000000e+00,0.000000e+00,0.000000e+00,0.000000e+00,0.000000e+00,0.000000e+00,0.000000e+00
1.000000e+00,0.000000e+00,0.000000e+00,0.000000e+00,0.000000e+00,0.000000e+00,0.000000e+00,0.000000e+00,0.000000e+00,0.000000e+00,0.000000e+00,0.000000e+00,0.000000e+00,0.000000e+00,0.000000e+00
1.000000e+00,0.000000e+00,0.000000e+00,0.000000e+00,0.000000e+00,0.000000e+00,0.000000e+00,0.000000e+00,0.000000e+00,0.000000e+00,0.000000e+00,0.000000e+00,0.000000e+00,0.000000e+00,0.000000e+00
1.000000e+00,0.000000e+00,0.000000e+00,0.000000e+00,0.000000e+00,0.000000e+00,0.000000e+00,0.000000e+00,0.000000e+00,0.000000e+00,0.000000e+00,0.000000e+00,0.000000e+00,0.000000e+00,0.000000e+00
1.000000e+00,0.000000e+00,0.000000e+00,0.000000e+00,0.000000e+00,0.000000e+00,0.000000e+00,0.000000e+00,0.000000e+00,0.000000e+00,0.000000e+00,0.000000e+00,0.000000e+00,0.000000e+00,0.000000e+00
1.000000e+00,0.000000e+00,0.000000e+00,0.000000e+00,0.000000e+00,0.000000e+00,0.000000e+00,0.000000e+00,0.000000e+00,0.000000e+00,0.000000e+00,0.000000e+00,0.000000e+00,0.000000e+00,0.000000e+00
1.000000e+00,0.000000e+00,0.000000e+00,0.000000e+00,0.000000e+00,0.000000e+00,0.000000e+00,0.000000e+00,0.000000e+00,0.000000e+00,0.000000e+00,0.000000e+00,0.000000e+00,0.000000e+00,0.000000e+00
1.000000e+00,0.000000e+00,0.000000e+00,0.000000e+00,0.000000e+00,0.000000e+00,0.000000e+00,0.000000e+00,0.000000e+00,0.000000e+00,0.000000e+00,0.000000e+00,0.000000e+00,0.000000e+00,0.000000e+00
1.000000e+00,0.000000e+00,0.000000e+00,0.000000e+00,0.000000e+00,0.000000e+00,0.000000e+00,0.000000e+00,0.000000e+00,0.000000e+00,0.000000e+00,0.000000e+00,0.000000e+00,0.000000e+00,0.000000e+00
1.000000e+00,0.000000e+00,0.000000e+00,0.000000e+00,0.000000e+00,0.000000e+00,0.000000e+00,0.000000e+00,0.000000e+00,0.000000e+00,0.000000e+00,0.000000e+00,0.000000e+00,0.000000e+00,0.000000e+00
1.000000e+00,0.000000e+00,0.000000e+00,0.000000e+00,0.000000e+00,0.000000e+00,0.000000e+00,0.000000e+00,0.000000e+00,0.000000e+00,0.000000e+00,0.000000e+00,0.000000e+00,0.000000e+00,0.000000e+00
1.000000e+00,0.000000e+00,0.000000e+00,0.000000e+00,0.000000e+00,0.000000e+00,0.000000e+00,0.000000e+00,0.000000e+00,0.000000e+00,0.000000e+00,0.000000e+00,0.000000e+00,0.000000e+00,0.000000e+00
1.000000e+00,0.000000e+00,0.000000e+00,0.000000e+00,0.000000e+00,0.000000e+00,0.000000e+00,0.000000e+00,0.000000e+00,0.000000e+00,0.000000e+00,0.000000e+00,0.000000e+00,0.000000e+00,0.000000e+00
1.000000e+00,0.000000e+00,0.000000e+00,0.000000e+00,0.000000e+00,0.000000e+00,0.000000e+00,0.000000e+00,0.000000e+00,0.000000e+00,0.000000e+00,0.000000e+00,0.000000e+00,0.000000e+00,0.000000e+00
1.000000e+00,0.000000e+00,0.000000e+00,0.000000e+00,0.000000e+00,0.000000e+00,0.000000e+00,0.000000e+00,0.000000e+00,0.000000e+00,0.000000e+00,0.000000e+00,0.000000e+00,0.000000e+00,0.000000e+00
4.389630e-01,9.395148e-03,8.991531e-03,2.864171e-02,4.770820e-03,1.090994e-02,3.868415e-03,4.435620e-01,3.383135e-03,1.114427e-03,7.016173e-03,1.549303e-02,1.165486e-02,2.471204e-03,9.764579e-03
3.147759e-01,6.744216e-03,7.289758e-03,2.059694e-02,3.730599e-03,8.473642e-03,4.009074e-03,5.978215e-01,2.396134e-03,7.997931e-04,5.020774e-03,1.110820e-02,8.436967e-03,1.812603e-03,6.983860e-03
2.217080e-01,4.795676e-03,5.619536e-03,1.499046e-02,3.141602e-03,6.138938e-03,3.113515e-03,7.145106e-01,1.687885e-03,5.625618e-04,3.599088e-03,7.837085e-03,6.030824e-03,1.342555e-03,4.921697e-03
1.561631e-01,3.430954e-03,4.081470e-03,1.066357e-02,3.139844e-03,4.761473e-03,3.352034e-03,7.934301e-01,1.200991e-03,4.041007e-04,2.916988e-03,5.757153e-03,6.101437e-03,1.090002e-03,3.506694e-03
1.098155e-01,2.460779e-03,2.996298e-03,7.548304e-03,3.532415e-03,3.825574e-03,3.101880e-03,8.399854e-01,8.971204e-04,3.241582e-04,4.012261e-03,5.917341e-03,1.139379e-02,1.579089e-03,2.610053e-03
7.906083e-02,1.821347e-03,2.388910e-03,5.504106e-03,3.338318e-03,2.806428e-03,2.355575e-03,6.681268e-01,7.273389e-04,1.174448e-02,6.988815e-02,2.961250e-02,5.763064e-02,6.211622e-02,2.878302e-03
6.030858e-02,1.363139e-03,1.864618e-03,4.159501e-03,2.702091e-03,2.121162e-03,1.945254e-03,5.093240e-01,6.273087e-04,2.978111e-02,6.128369e-02,7.755394e-02,5.613767e-02,1.881543e-01,2.673693e-03
