1.000000e+00,0.000000e+00,0.000000e+00,0.000000e+00,0.000000e+00,0.000000e+00,0.000000e+00,0.000000e+00,0.000000e+00,0.000000e+00,0.000000e+00,0.000000e+00,0.000000e+00,0.000000e+00,0.000000e+00
1.000000e+00,0.000000e+00,0.000000e+00,0.000000e+00,0.000000e+00,0.000000e+00,0.000000e+00,0.000000e+00,0.000000e+00,0.000000e+00,0.000000e+00,0.000000e+00,0.000000e+00,0.000000e+00,0.000000e+00
1.000000e+00,0.000000e+00,0.000000e+00,0.000000e+00,0.000000e+00,0.000000e+00,0.000000e+00,0.000000e+00,0.000000e+00,0.000000e+00,0.000000e+00,0.000000e+00,0.000000e+00,0.000000e+00,0.000000e+00
1.000000e+00,0.000000e+00,0.000000e+00,0.000000e+00,0.000000e+00,0.000000e+00,0.000000e+00,0.000000e+00,0.000000e+00,0.000000e+00,0.000000e+00,0.000000e+00,0.000000e+00,0.000000e+00,0.000000e+00
1.000000e+00,0.000000e+00,0.000000e+00,0.000000e+00,0.000000e+00,0.000000e+00,0.000000e+00,0.000000e+00,0.000000e+00,0.000000e+00,0.000000e+00,0.000000e+00,0.000000e+00,0.000000e+00,0.000000e+00
1.000000e+00,0.000000e+00,0.000000e+00,0.000000e+00,0.000000e+00,0.000000e+00,0.000000e+00,0.000000e+00,0.000000e+00,0.000000e+00,0.000000e+00,0.000000e+00,0.000000e+00,0.000000e+00,0.000000e+00
1.000000e+00,0.000000e+00,0.000000e+00,0.000000e+00,0.000000e+00,0.000000e+00,0.000000e+00,0.000000e+00,0.000000e+00,0.000000e+00,0.000000e+00,0.000000e+00,0.000000e+00,0.000000e+00,0.000000e+00
1.000000e+00,0.000000e+00,0.000000e+00,0.000000e+00,0.000000e+00,0.000000e+00,0.000000e+00,0.000000e+00,0.000000e+00,0.000000e+00,0.000000e+00,0.000000e+00,0.000000e+00,0.000000e+00,0.000000e+00
1.000000e+00,0.000000e+00,0.000000e+00,0.000000e+00,0.000000e+00,0.000000e+00,0.000000e+00,0.000000e+00,0.000000e+00,0.000000e+00,0.000000e+00,0.000000e+00,0.000000e+00,0.000000e+00,0.000000e+00
1.000000e+00,0.000000e+00,0.000000e+00,0.000000e+00,0.000000e+00,0.000000e+00,0.000000e+00,0.000000e+00,0.000000e+00,0.000000e+00,0.000000e+00,0.000000e+00,0.000000e+00,0.000000e+00,0.000000e+00
1.000000e+00,0.000000e+00,0.000000e+00,0.000000e+00,0.000000e+00,0.000000e+00,0.000000e+00,0.000000e+00,0.000000e+00,0.000000e+00,0.000000e+00,0.000000e+00,0.000000e+00,0.000000e+00,0.000000e+00
3.907140e-01,7.636889e-03,1.435963e-02,2.650310e-02,6.714505e-03,1.453082e-02,3.436007e-03,4.861210e-01,2.387129e-03,1.234342e-03,8.106276e-03,1.705893e-02,1.239418e-02,2.274845e-03,6.528327e-03
3.551798e-01,6.936973e-03,1.273223e-02,2.285655e-02,8.976754e-03,1.392651e-02,3.318426e-03,5.289798e-01,2.468917e-03,1.413277e-03,7.352789e-03,1.574430e-02,1.167974e-02,2.218977e-03,6.214817e-03
3.914399e-01,6.624009e-03,1.086450e-02,2.119873e-02,8.353170e-03,1.422321e-02,3.495575e-03,4.987036e-01,2.204256e-03,1.404958e-03,6.525477e-03,1.535789e-02,1.136650e-02,1.961444e-03,6.276740e-03
4.328119e-01,6.622707e-03,9.002251e-03,1.907896e-02,7.911859e-03,1.355026e-02,4.080152e-03,4.644123e-01,1.979162e-03,1.286115e-03,5.969741e-03,1.438566e-02,1.071933e-02,1.723871e-03,6.465667e-03
4.091397e-01,5.767033e-03,7.470075e-03,1.618491e-02,8.328380e-03,1.242559e-02,3.996845e-03,4.987658e-01,1.634235e-03,1.237497e-03,5.328204e-03,1.281006e-02,9.815427e-03,1.409800e-03,5.686438e-03
3.093768e-01,4.370212e-03,7.606753e-03,1.258442e-02,7.396913e-03,1.020077e-02,4.280433e-03,6.146079e-01,1.219377e-03,9.122688e-04,4.144251e-03,1.011723e-02,7.766757e-03,1.145900e-03,4.270037e-03
2.395693e-01,3.196130e-03,6.418228e-03,9.254656e-03,6.635351e-03,8.385764e-03,4.777896e-03,6.989797e-01,9.005324e-04,6.778181e-04,3.155518e-03,7.923116e-03,6.078809e-03,8.712338e-04,3.175864e-03
1.886283e-01,2.372226e-03,4.987272e-03,6.743858e-03,7.206338e-03,6.808822e-03,4.923696e-03,7.606040e-01,7.065662e-04,5.245897e-04,2.371447e-03,6.219907e-03,4.854893e-03,6.623509e-04,2.385634e-03
1.463984e-01,1.883514e-03,3.810141e-03,4.946531e-03,8.389590e-03,5.185607e-03,3.796129e-03,8.107405e-01,5.943548e-04,4.340232e-04,2.089134e-03,4.843693e-03,4.367316e-03,5.560443e-04,1.964929e-03
1.645843e-01,2.146864e-03,3.507214e-03,4.137073e-03,1.406896e-02,4.697967e-03,2.953953e-03,7.776456e-01,1.443977e-03,1.290769e-03,4.116040e-03,7.139570e-03,8.798759e-03,1.138321e-03,2.330549e-03
1.342945e-01,2.824827e-03,3.833499e-03,4.167987e-03,1.510603e-02,4.146911e-03,2.588761e-03,7.425788e-01,1.647193e-03,1.153348e-02,6.393784e-03,3.227565e-02,2.662479e-02,9.457605e-03,2.526167e-03
9.491830e-02,2.380734e-03,2.861777e-03,3.846857e-03,1.149828e-02,3.035170e-03,2.243903e-03,5.340305e-01,2.577146e-03,1.217517e-02,2.874417e-02,1.719770e-01,3.251829e-02,9.519226e-02,2.000458e-03
6.927437e-02,1.766294e-03,2.058165e-03,2.899383e-03,8.296161e-03,2.284412e-03,1.829971e-03,3.787334e-01,5.022299e-03,8.902314e-03,2.350612e-02,1.668749e-01,7.510240e-02,2.519794e-01,1.470412e-03
4.975602e-02,1.367213e-03,1.476455e-03,2.416687e-03,6.358735e-03,1.666502e-03,1.371453e-03,2.669590e-01,6.003588e-03,6.715672e-03,1.880962e-02,3.273913e-01,6.649936e-02,2.421281e-01,1.080305e-03
8.499594e-02,1.519419e-03,1.326606e-03,4.800123e-03,5.911306e-03,4.355708e-03,2.052521e-03,1.911482e-01,2.452043e-02,8.682696e-03,2.738835e-02,3.665094e-01,5.432654e-02,2.208282e-01,1.634562e-03
1.532192e-01,2.454516e-03,1.725757e-03,5.209825e-03,4.790907e-03,6.927072e-03,2.521920e-03,1.366456e-01,3.635520e-02,8.603927e-03,2.349934e-02,3.494205e-01,4.626957e-02,2.199989e-01,2.357731e-03
2.429310e-01,3.281606e-03,3.776542e-03,6.233768e-03,3.694556e-03,1.165194e-02,2.605300e-03,9.681720e-02,7.125464e-02,7.031201e-03,2.301205e-02,2.970107e-01,3.988990e-02,1.879765e-01,2.833096e-03
2.113590e-01,4.440228e-03,5.074451e-03,6.756941e-03,2.988061e-03,1.381064e-02,2.228678e-03,6.827632e-02,1.739184e-01,5.560288e-03,2.761211e-02,2.517291e-01,3.316745e-02,1.903485e-01,2.729881e-03
1.893738e-01,1.161149e-02,4.563837e-03,7.097994e-03,2.380403e-03,1.792384e-02,1.682903e-03,4.842704e-02,1.739891e-01,4.544756e-03,5.923985e-02,1.877032e-01,2.421974e-02,2.644095e-01,2.832498e-03
1.704996e-01,1.160793e-02,6.789740e-03,1.505769e-02,3.138897e-03,2.223804e-02,1.297825e-03,3.447394e-02,1.487640e-01,3.931241e-03,8.287528e-02,1.343679e-01,1.804878e-02,3.434118e-01,3.497259e-03
1.354380e-01,1.072657e-02,6.091152e-03,1.562118e-02,3.875337e-03,2.138948e-02,1.113056e-03,2.455873e-02,1.234990e-01,3.894620e-03,1.005171e-01,9.682493e-02,1.383621e-02,4.394020e-01,3.212741e-03
1.153621e-01,8.853309e-03,7.204994e-03,1.562233e-02,4.094920e-03,1.975727e-02,1.439343e-03,1.766615e-02,1.029287e-01,3.680239e-03,8.922095e-02,6.901175e-02,1.128231e-02,5.307370e-01,3.138690e-03
9.273721e-02,7.329279e-03,9.119298e-03,1.474028e-02,4.354719e-03,1.931803e-02,1.759465e-03,1.262872e-02,8.267284e-02,3.517105e-03,8.102196e-02,4.915538e-02,9.403277e-03,6.091511e-01,3.091246e-03
6.940752e-02,6.650240e-03,9.265944e-03,1.301964e-02,5.471690e-03,1.875455e-02,1.616458e-03,8.944396e-03,6.419986e-02,4.225213e-03,1.020869e-01,3.639632e-02,8.331512e-03,6.480185e-01,3.611188e-03
6.060206e-02,9.533934e-03,1.116003e-02,1.259917e-02,6.542671e-03,3.104977e-02,1.526418e-03,6.837889e-03,7.057355e-02,5.323231e-03,9.746807e-02,2.652455e-02,6.713974e-03,6.486413e-01,4.903363e-03
5.848305e-02,1.356285e-02,1.129889e-02,1.573837e-02,9.854907e-03,5.745575e-02,2.063768e-03,5.528252e-03,9.022446e-02,7.361481e-03,9.561733e-02,1.946720e-02,5.488442e-03,6.022102e-01,5.645058e-03
8.358254e-02,1.737009e-02,3.925948e-02,3.346263e-02,1.367712e-02,5.341863e-02,2.026070e-03,6.907606e-03,9.533940e-02,1.168107e-02,1.013423e-01,1.503503e-02,4.830241e-03,5.117568e-01,1.031102e-02
1.124674e-01,1.988299e-02,4.189593e-02,3.145522e-02,1.435481e-02,7.192124e-02,2.005757e-03,7.073552e-03,9.178824e-02,1.609573e-02,9.707776e-02,1.135543e-02,3.978308e-03,4.676247e-01,1.102295e-02
2.420311e-01,2.267659e-02,4.087102e-02,3.064017e-02,1.298536e-02,7.263726e-02,2.102926e-03,6.841025e-03,7.280596e-02,1.514262e-02,8.228799e-02,1.079706e-02,4.567669e-03,3.664177e-01,1.719545e-02
3.513885e-01,2.437528e-02,3.684460e-02,2.694613e-02,1.130288e-02,6.164375e-02,1.874969e-03,5.839360e-03,6.080284e-02,1.625672e-02,7.317274e-02,1.142383e-02,4.672143e-03,2.889442e-01,2.451199e-02
4.149628e-01,2.864318e-02,3.530602e-02,2.290661e-02,1.118428e-02,6.870328e-02,1.813193e-03,5.831114e-03,5.263316e-02,1.517243e-02,6.442939e-02,1.100055e-02,4.789233e-03,2.329857e-01,2.963905e-02
4.015206e-01,2.390883e-02,7.447993e-02,2.308580e-02,1.265823e-02,7.309024e-02,4.602105e-03,3.762287e-02,5.564002e-02,1.155898e-02,5.946624e-02,1.145079e-02,5.253522e-03,1.827957e-01,2.286620e-02
3.382494e-01,1.827912e-02,1.772156e-01,2.880649e-02,1.454343e-02,6.106613e-02,5.267367e-03,8.940351e-02,4.764244e-02,8.429516e-03,4.799329e-02,9.087729e-03,5.090652e-03,1.322665e-01,1.665888e-02
2.568517e-01,1.367109e-02,2.725710e-01,4.792554e-02,1.327816e-02,4.474368e-02,5.179682e-03,1.493011e-01,3.897268e-02,6.043544e-03,3.530608e-02,6.906341e-03,3.800631e-03,9.352772e-02,1.192098e-02
1.999489e-01,1.117280e-02,3.219595e-01,5.442806e-02,1.974455e-02,3.342127e-02,5.749412e-03,2.015303e-01,3.575319e-02,4.956013e-03,2.718827e-02,5.502482e-03,3.090732e-03,6.677271e-02,8.781809e-03
1.544845e-01,9.276221e-03,3.653526e-01,4.632619e-02,2.537638e-02,2.487775e-02,7.249193e-03,2.500865e-01,3.097873e-02,4.104068e-03,2.073768e-02,4.360833e-03,2.619507e-03,4.761713e-02,6.552654e-03
1.202872e-01,7.941443e-03,3.695950e-01,3.883230e-02,2.487802e-02,1.820681e-02,7.661833e-03,3.225028e-01,2.730111e-02,3.062326e-03,1.526160e-02,3.310986e-03,2.148018e-03,3.416707e-02,4.843504e-03
9.804472e-02,6.152751e-03,3.380455e-01,3.577237e-02,2.389174e-02,1.324415e-02,7.906893e-03,4.104744e-01,2.076178e-02,2.288775e-03,1.100985e-02,2.438611e-03,1.740689e-03,2.473812e-02,3.489753e-03
8.405810e-02,4.795214e-03,3.393916e-01,3.475694e-02,2.375055e-02,1.049298e-02,1.207174e-02,4.388672e-01,1.632903e-02,2.121760e-03,8.208462e-03,2.151222e-03,1.652788e-03,1.867662e-02,2.675916e-03
7.229912e-02,3.748584e-03,3.173880e-01,2.942010e-02,2.066890e-02,8.779879e-03,1.725610e-02,4.874853e-01,1.257453e-02,1.706867e-03,7.354609e-03,1.982832e-03,1.534741e-03,1.553285e-02,2.267578e-03
6.584097e-02,3.067823e-03,2.912204e-01,3.057199e-02,1.727211e-02,6.936703e-03,1.660158e-02,5.291592e-01,1.024981e-02,1.749008e-03,6.920327e-03,2.561773e-03,2.197173e-03,1.337210e-02,2.279105e-03
1.007478e-01,4.628734e-03,2.140718e-01,2.452199e-02,1.356535e-02,9.933375e-03,1.255826e-02,4.255229e-01,1.046540e-02,2.232584e-02,6.938453e-02,4.325942e-02,1.855472e-02,2.322527e-02,7.234645e-03
1.089285e-01,5.800969e-03,1.586229e-01,2.114011e-02,1.010948e-02,1.364173e-02,9.313662e-03,3.103159e-01,1.044514e-02,7.533783e-02,1.144305e-01,8.769397e-02,3.006694e-02,3.395029e-02,1.020202e-02
8.601548e-02,9.599341e-03,1.164332e-01,2.183764e-02,7.697183e-03,1.404354e-02,6.665104e-03,2.181641e-01,1.508529e-02,6.652614e-02,2.329218e-01,9.750217e-02,3.238640e-02,6.166855e-02,1.345402e-02
8.897924e-02,9.877484e-03,8.255269e-02,2.026043e-02,5.774384e-03,1.115470e-02,4.968975e-03,1.547601e-01,1.898940e-02,5.229124e-02,2.640266e-01,1.050411e-01,2.645279e-02,1.428066e-01,1.206418e-02
6.738797e-02,9.412131e-03,5.867117e-02,1.702133e-02,4.271295e-03,9.058749e-03,3.745353e-03,1.088155e-01,2.290517e-02,3.841493e-02,2.752158e-01,8.416808e-02,1.906215e-02,2.719862e-01,9.864194e-03
5.019260e-02,1.097041e-02,4.259791e-02,1.957294e-02,6.997504e-03,8.622695e-03,2.829351e-03,7.841428e-02,2.238696e-02,2.863471e-02,2.856588e-01,8.262797e-02,1.511156e-02,3.344173e-01,1.096502e-02
3.640883e-02,9.071196e-03,3.011524e-02,1.877553e-02,8.507617e-03,6.449257e-03,2.050831e-03,5.607183e-02,2.803610e-02,2.129789e-02,2.312360e-01,7.546737e-02,1.128794e-02,4.545022e-01,1.072206e-02
3.752035e-02,8.326568e-03,2.189419e-02,1.776223e-02,1.039263e-02,6.257180e-03,1.782391e-03,4.085951e-02,4.698617e-02,1.676738e-02,1.904831e-01,6.106827e-02,8.910791e-03,5.206395e-01,1.034972e-02
7.937990e-02,8.015162e-03,1.619759e-02,1.591836e-02,1.120800e-02,1.060118e-02,2.018549e-03,2.926377e-02,5.606985e-02,1.383080e-02,1.617149e-01,4.698463e-02,7.490906e-03,5.320183e-01,9.288037e-03
9.253572e-02,1.254159e-02,1.450734e-02,1.296245e-02,9.368214e-03,1.629275e-02,1.604638e-03,2.098674e-02,6.311699e-02,1.101339e-02,1.323805e-01,3.402909e-02,6.207207e-03,5.634817e-01,8.971670e-03
1.658866e-01,1.268889e-02,1.178597e-02,1.033911e-02,7.257509e-03,1.994502e-02,1.457274e-03,1.498816e-02,5.848844e-02,8.206174e-03,1.007519e-01,2.546146e-02,5.083844e-03,5.496476e-01,8.012039e-03
1.927877e-01,1.180732e-02,9.706839e-03,8.611980e-03,5.628572e-03,2.243928e-02,1.355312e-03,1.064326e-02,5.845995e-02,6.589097e-03,7.802591e-02,1.954978e-02,4.253878e-03,5.626904e-01,7.450680e-03
2.869361e-01,1.210777e-02,7.456398e-03,7.478420e-03,4.377960e-03,2.314289e-02,1.481189e-03,7.651900e-03,4.919913e-02,5.814198e-03,6.677825e-02,1.623755e-02,4.246215e-03,4.994884e-01,7.603669e-03
2.888287e-01,1.981771e-02,1.427481e-02,1.035292e-02,4.407455e-03,2.741295e-02,2.056410e-03,6.357579e-03,5.375070e-02,6.428755e-03,6.304054e-02,1.316662e-02,4.084651e-03,4.717767e-01,1.424360e-02
2.342305e-01,2.348315e-02,2.152219e-02,9.375921e-03,4.374797e-03,3.419551e-02,1.724705e-03,5.216133e-03,5.915966e-02,5.944797e-03,6.355534e-02,9.830522e-03,3.334130e-03,5.108691e-01,1.318352e-02
2.206034e-01,1.925311e-02,1.751607e-02,9.439958e-03,3.276031e-03,3.575103e-02,1.552944e-03,3.875607e-03,5.156080e-02,5.045749e-03,5.051301e-02,7.461782e-03,3.789653e-03,5.555481e-01,1.481282e-02
1.705338e-01,1.462995e-02,1.517271e-02,8.079153e-03,2.500905e-03,2.840238e-02,1.172515e-03,2.839180e-03,5.004155e-02,4.982801e-03,4.208246e-02,5.460001e-03,3.338110e-03,6.375850e-01,1.317957e-02
1.814634e-01,1.284338e-02,1.480607e-02,1.102838e-02,2.268358e-03,2.690519e-02,1.090870e-03,2.286170e-03,4.914317e-02,6.045452e-03,4.259864e-02,4.571026e-03,4.769532e-03,6.225080e-01,1.767232e-02
1.607920e-01,1.042363e-02,3.573252e-02,9.101750e-03,2.074957e-03,2.319375e-02,9.480665e-04,2.892290e-03,4.426236e-02,6.769550e-03,5.304879e-02,3.761475e-03,4.217840e-03,6.274495e-01,1.533158e-02
1.295987e-01,1.178238e-02,1.406318e-01,7.063682e-03,2.404291e-03,2.050221e-02,9.314133e-04,3.251296e-03,3.720759e-02,5.910288e-03,6.856407e-02,2.898665e-03,3.772049e-03,5.540310e-01,1.145061e-02
1.156822e-01,1.070083e-02,1.968256e-01,6.025055e-03,2.956916e-03,1.780473e-02,1.049666e-03,9.234880e-03,3.221201e-02,4.524388e-03,5.191171e-02,2.076918e-03,2.854203e-03,5.373024e-01,8.838537e-03
8.719923e-02,8.002643e-03,4.204928e-01,6.799539e-03,2.345176e-03,1.331430e-02,7.874799e-04,7.400233e-03,2.336756e-02,3.247841e-03,3.680002e-02,1.473652e-03,2.074942e-03,3.803873e-01,6.307239e-03
7.160149e-02,6.618972e-03,5.657719e-01,8.113566e-03,2.957079e-03,1.010357e-02,6.979590e-04,8.462535e-03,1.697783e-02,2.409032e-03,2.652640e-02,1.087603e-03,1.682326e-03,2.724960e-01,4.493712e-03
5.974488e-02,5.567633e-03,6.238905e-01,1.116835e-02,9.034923e-03,7.731268e-03,7.391723e-04,5.052089e-02,1.210130e-02,1.737222e-03,1.881197e-02,8.085796e-04,1.362979e-03,1.935562e-01,3.224003e-03
5.077040e-02,5.130539e-03,6.322524e-01,1.513886e-02,1.648392e-02,5.925426e-03,9.514322e-04,1.089602e-01,8.848047e-03,1.275116e-03,1.341186e-02,6.200114e-04,1.187839e-03,1.367085e-01,2.335403e-03
5.360935e-02,6.688620e-03,6.669477e-01,1.478526e-02,1.787518e-02,5.090667e-03,2.524570e-03,1.122909e-01,7.499690e-03,1.015465e-03,9.586703e-03,5.313590e-04,1.070798e-03,9.857117e-02,1.912570e-03
6.760614e-02,7.215503e-03,6.913291e-01,1.510571e-02,1.848280e-02,5.360179e-03,4.037140e-03,9.606421e-02,6.613176e-03,1.079430e-03,7.188569e-03,7.174984e-04,1.314842e-03,7.611233e-02,1.773331e-03
6.341522e-02,6.494188e-03,7.020721e-01,1.573585e-02,1.468118e-02,4.941019e-03,6.128229e-03,9.916813e-02,5.763952e-03,1.357855e-03,5.510051e-03,9.772234e-04,1.476894e-03,7.070806e-02,1.569973e-03
1.087258e-01,1.301661e-02,5.929973e-01,1.955467e-02,1.405615e-02,7.870813e-03,8.228706e-03,1.380967e-01,8.266152e-03,1.658828e-03,5.410746e-03,3.387502e-03,3.436443e-03,7.166185e-02,3.631668e-03
1.599304e-01,2.112176e-02,4.851902e-01,1.758793e-02,1.534799e-02,1.074795e-02,1.125659e-02,1.727690e-01,9.284314e-03,2.077139e-03,6.200388e-03,4.954756e-03,4.416184e-03,7.176507e-02,7.350314e-03
2.486330e-01,2.075475e-02,3.603053e-01,1.486769e-02,1.269117e-02,1.227090e-02,9.410677e-03,2.263983e-01,9.159108e-03,2.380420e-03,4.998093e-03,5.042261e-03,3.936295e-03,6.073337e-02,8.418713e-03
2.600983e-01,1.820448e-02,2.774411e-01,1.472699e-02,1.083624e-02,1.300851e-02,7.882511e-03,3.095923e-01,1.004243e-02,4.426123e-03,5.368751e-03,6.765507e-03,3.698295e-03,4.608228e-02,1.182604e-02
3.520443e-01,1.608551e-02,1.974130e-01,2.787897e-02,8.552177e-03,3.174423e-02,6.105990e-03,2.296035e-01,9.246795e-03,4.204148e-03,1.736694e-02,2.753257e-02,1.536901e-02,3.711756e-02,1.973532e-02
4.826640e-01,1.542445e-02,1.412383e-01,3.141285e-02,7.100850e-03,2.826649e-02,4.949703e-03,1.671730e-01,8.411668e-03,3.798528e-03,1.732094e-02,2.689607e-02,1.597121e-02,2.854311e-02,2.082894e-02
1.000000e+00,0.000000e+00,0.000000e+00,0.000000e+00,0.000000e+00,0.000000e+00,0.000000e+00,0.000000e+00,0.000000e+00,0.000000e+00,0.000000e+00,0.000000e+00,0.000000e+00,0.000000e+00,0.000000e+00
4.563882e-01,1.880141e-02,7.492181e-02,4.757819e-02,5.749693e-03,2.729892e-02,3.690227e-03,9.676997e-02,1.432045e-02,4.080615e-03,7.641385e-02,4.269083e-02,2.491853e-02,5.349264e-02,5.288470e-02
1.000000e+00,0.000000e+00,0.000000e+00,0.000000e+00,0.000000e+00,0.000000e+00,0.000000e+00,0.000000e+00,0.000000e+00,0.000000e+00,0.000000e+00,0.000000e+00,0.000000e+00,0.000000e+00,0.000000e+00
1.000000e+00,0.000000e+00,0.000000e+00,0.000000e+00,0.000000e+00,0.000000e+00,0.000000e+00,0.000000e+00,0.000000e+00,0.000000e+00,0.000000e+00,0.000000e+00,0.000000e+00,0.000000e+00,0.000000e+00
1.000000e+00,0.000000e+00,0.000000e+00,0.000000e+00,0.000000e+00,0.000000e+00,0.000000e+00,0.000000e+00,0.000000e+00,0.000000e+00,0.000000e+00,0.000000e+00,0.000000e+00,0.000000e+00,0.000000e+00
1.000000e+00,0.000000e+00,0.000000e+00,0.000000e+00,0.000000e+00,0.000000e+00,0.000000e+00,0.000000e+00,0.000000e+00,0.000000e+00,0.000000e+00,0.000000e+00,0.000000e+00,0.000000e+00,0.000000e+00
1.000000e+00,0.000000e+00,0.000000e+00,0.000000e+00,0.000000e+00,0.000000e+00,0.000000e+00,0.000000e+00,0.000000e+00,0.000000e+00,0.000000e+00,0.000000e+00,0.000000e+00,0.000000e+00,0.000000e+00
4.905093e-01,8.822291e-03,1.232903e-02,2.259471e-02,3.687777e-03,2.769791e-02,2.598207e-03,1.622237e-02,4.279425e-02,6.577568e-03,6.145667e-02,1.975736e-02,2.276092e-02,2.420822e-01,2.010939e-02
1.000000e+00,0.000000e+00,0.000000e+00,0.000000e+00,0.000000e+00,0.000000e+00,0.000000e+00,0.000000e+00,0.000000e+00,0.000000e+00,0.000000e+00,0.000000e+00,0.000000e+00,0.000000e+00,0.000000e+00
1.000000e+00,0.000000e+00,0.000000e+00,0.000000e+00,0.000000e+00,0.000000e+00,0.000000e+00,0.000000e+00,0.000000e+00,0.000000e+00,0.000000e+00,0.000000e+00,0.000000e+00,0.000000e+00,0.000000e+00
4.631208e-01,1.017385e-02,5.009377e-02,1.377112e-02,7.632843e-03,2.828412e-02,3.179919e-03,8.068917e-03,6.157326e-02,2.586303e-02,7.588109e-02,1.144249e-02,1.599020e-02,2.070245e-01,1.790013e-02
3.697966e-01,8.634592e-03,8.956577e-02,2.751529e-02,1.001277e-02,3.670478e-02,4.676660e-03,2.168123e-02,1.105367e-01,2.840072e-02,6.416111e-02,8.453342e-03,1.213443e-02,1.896482e-01,1.807780e-02
2.996041e-01,8.024163e-03,7.387644e-02,2.125727e-02,1.013142e-02,4.048725e-02,3.646365e-03,1.744246e-02,1.078816e-01,2.876439e-02,6.393331e-02,6.420331e-03,9.299428e-03,2.754426e-01,3.378890e-02
2.327767e-01,9.683732e-03,5.921107e-02,1.673662e-02,1.027647e-02,3.662146e-02,2.913133e-03,1.386497e-02,1.216942e-01,2.702947e-02,5.868017e-02,4.895472e-03,7.229423e-03,3.574985e-01,4.088865e-02
2.122156e-01,2.638095e-02,1.228124e-01,2.158246e-02,1.718805e-02,4.507102e-02,4.596035e-03,1.336583e-02,1.021654e-01,2.278877e-02,5.073136e-02,4.188647e-03,6.778436e-03,3.157444e-01,3.439062e-02
2.060738e-01,3.317435e-02,1.348842e-01,1.923451e-02,1.895780e-02,5.730065e-02,4.525017e-03,1.113017e-02,1.139938e-01,2.311615e-02,4.222712e-02,3.779312e-03,9.964868e-03,2.873468e-01,3.429147e-02
2.058714e-01,3.658172e-02,2.203772e-01,2.549240e-02,1.818624e-02,4.551235e-02,4.870860e-03,1.156788e-02,9.049553e-02,1.866175e-02,3.559902e-02,4.423004e-03,9.456135e-03,2.392007e-01,3.370383e-02
2.712828e-01,3.285503e-02,1.962845e-01,3.014558e-02,3.358353e-02,4.342857e-02,4.758859e-03,1.110503e-02,8.607744e-02,2.351505e-02,2.708855e-02,4.986212e-03,9.187425e-03,1.933466e-01,3.235469e-02
3.274192e-01,2.887098e-02,1.705751e-01,3.220859e-02,4.885184e-02,4.327914e-02,4.903343e-03,1.404714e-02,7.581056e-02,2.199966e-02,2.323470e-02,6.903050e-03,9.391344e-03,1.655399e-01,2.696543e-02
3.456364e-01,2.549452e-02,2.000417e-01,7.050455e-02,5.041901e-02,3.355771e-02,3.881338e-03,1.264635e-02,6.522050e-02,2.061651e-02,1.713232e-02,7.112204e-03,7.526778e-03,1.187568e-01,2.145334e-02
4.177094e-01,2.354558e-02,1.955308e-01,6.143818e-02,4.728416e-02,2.663384e-02,3.152485e-03,1.057125e-02,5.338880e-02,2.365147e-02,1.366032e-02,7.853458e-03,6.794776e-03,8.667739e-02,2.210814e-02
4.895176e-01,2.252121e-02,1.720210e-01,6.335460e-02,4.403095e-02,2.320158e-02,2.968642e-03,8.898490e-03,4.331221e-02,2.251774e-02,1.055858e-02,7.702440e-03,6.463418e-03,6.342383e-02,1.950772e-02
1.000000e+00,0.000000e+00,0.000000e+00,0.000000e+00,0.000000e+00,0.000000e+00,0.000000e+00,0.000000e+00,0.000000e+00,0.000000e+00,0.000000e+00,0.000000e+00,0.000000e+00,0.000000e+00,0.000000e+00
1.000000e+00,0.000000e+00,0.000000e+00,0.000000e+00,0.000000e+00,0.000000e+00,0.000000e+00,0.000000e+00,0.000000e+00,0.000000e+00,0.000000e+00,0.000000e+00,0.000000e+00,0.000000e+00,0.000000e+00
1.000000e+00,0.000000e+00,0.000000e+00,0.000000e+00,0.000000e+00,0.000000e+00,0.000000e+00,0.000000e+00,0.000000e+00,0.000000e+00,0.000000e+00,0.000000e+00,0.000000e+00,0.000000e+00,0.000000e+00
1.000000e+00,0.000000e+00,0.000000e+00,0.000000e+00,0.000000e+00,0.000000e+00,0.000000e+00,0.000000e+00,0.000000e+00,0.000000e+00,0.000000e+00,0.000000e+00,0.000000e+00,0.000000e+00,0.000000e+00
1.000000e+00,0.000000e+00,0.000000e+00,0.000000e+00,0.000000e+00,0.000000e+00,0.000000e+00,0.000000e+00,0.000000e+00,0.000000e+00,0.000000e+00,0.000000e+00,0.000000e+00,0.000000e+00,0.000000e+00
1.000000e+00,0.000000e+00,0.000000e+00,0.000000e+00,0.000000e+00,0.000000e+00,0.000000e+00,0.000000e+00,0.000000e+00,0.000000e+00,0.000000e+00,0.000000e+00,0.000000e+00,0.000000e+00,0.000000e+00
1.000000e+00,0.000000e+00,0.000000e+00,0.000000e+00,0.000000e+00,0.000000e+00,0.000000e+00,0.000000e+00,0.000000e+00,0.000000e+00,0.000000e+00,0.000000e+00,0.000000e+00,0.000000e+00,0.000000e+00
1.000000e+00,0.000000e+00,0.000000e+00,0.000000e+00,0.000000e+00,0.000000e+00,0.000000e+00,0.000000e+00,0.000000e+00,0.000000e+00,0.000000e+00,0.000000e+00,0.000000e+00,0.000000e+00,0.000000e+00
1.000000e+00,0.000000e+00,0.000000e+00,0.000000e+00,0.000000e+00,0.000000e+00,0.000000e+00,0.000000e+00,0.000000e+00,0.000000e+00,0.000000e+00,0.000000e+00,0.000000e+00,0.000000e+00,0.000000e+00
1.000000e+00,0.000000e+00,0.000000e+00,0.000000e+00,0.000000e+00,0.000000e+00,0.000000e+00,0.000000e+00,0.000000e+00,0.000000e+00,0.000000e+00,0.000000e+00,0.000000e+00,0.000000e+00,0.000000e+00
1.000000e+00,0.000000e+00,0.000000e+00,0.000000e+00,0.000000e+00,0.000000e+00,0.000000e+00,0.000000e+00,0.000000e+00,0.000000e+00,0.000000e+00,0.000000e+00,0.000000e+00,0.000000e+00,0.000000e+00
1.000000e+00,0.000000e+00,0.000000e+00,0.000000e+00,0.000000e+00,0.000000e+00,0.000000e+00,0.000000e+00,0.000000e+00,0.000000e+00,0.000000e+00,0.000000e+00,0.000000e+00,0.000000e+00,0.000000e+00
4.609317e-01,1.030043e-02,1.256998e-02,7.232175e-03,6.723775e-03,2.393911e-02,3.474278e-03,3.307930e-03,1.236315e-01,1.298753e-02,1.779652e-02,8.689520e-03,2.288632e-02,2.309308e-01,5.459841e-02
3.638984e-01,9.767532e-03,9.204399e-03,5.488043e-03,6.409806e-03,1.935373e-02,3.273810e-03,2.775112e-03,1.445986e-01,1.321302e-02,1.631302e-02,6.816383e-03,1.749986e-02,3.049390e-01,7.644922e-02
2.858759e-01,7.992114e-03,6.592532e-03,3.964355e-03,5.234220e-03,1.405568e-02,2.356533e-03,2.017095e-03,1.539033e-01,1.341772e-02,1.534631e-02,6.088772e-03,1.588406e-02,4.040638e-01,6.320758e-02
2.288366e-01,9.119721e-03,5.047640e-03,2.967537e-03,7.628546e-03,1.055787e-02,1.714096e-03,1.534218e-03,2.537123e-01,1.128344e-02,1.536346e-02,4.746310e-03,1.293269e-02,3.792294e-01,5.532616e-02
1.726083e-01,6.764214e-03,9.222383e-03,2.841139e-03,1.320916e-02,7.991120e-03,1.340089e-03,9.827071e-03,4.238324e-01,1.194394e-02,1.275394e-02,3.563426e-03,9.594485e-03,2.743053e-01,4.020303e-02
1.290540e-01,5.787469e-03,1.570025e-02,4.707619e-03,1.955546e-02,5.852908e-03,1.064491e-03,1.089253e-02,5.324550e-01,1.591332e-02,1.153140e-02,2.773383e-03,7.395288e-03,2.068836e-01,3.043333e-02
1.006129e-01,4.388475e-03,1.170475e-02,3.375670e-03,1.809860e-02,4.379290e-03,8.146170e-04,8.207339e-03,6.280429e-01,1.572198e-02,9.560199e-03,2.140817e-03,5.634503e-03,1.636554e-01,2.366256e-02
8.782712e-02,3.439717e-03,1.048396e-02,2.649365e-03,1.844556e-02,3.519286e-03,7.110877e-04,8.369192e-03,6.574711e-01,1.397048e-02,8.835602e-03,2.105228e-03,4.613742e-03,1.577793e-01,1.977934e-02
8.487330e-02,3.390220e-03,9.089172e-03,2.334313e-03,2.088253e-02,4.110426e-03,6.037359e-04,9.788297e-03,6.458762e-01,1.257005e-02,9.740898e-03,2.663449e-03,4.082024e-03,1.699552e-01,2.004021e-02
9.835131e-02,3.820941e-03,7.775555e-03,2.754556e-03,1.988314e-02,8.284183e-03,6.116843e-04,9.769118e-03,5.836268e-01,1.169510e-02,2.658194e-02,5.428350e-03,5.682160e-03,1.982295e-01,1.750559e-02
9.003630e-02,3.718628e-03,6.947123e-03,2.352101e-03,2.215084e-02,9.111200e-03,4.993235e-04,9.353735e-03,5.996360e-01,9.859298e-03,2.438988e-02,5.254661e-03,4.633721e-03,1.936169e-01,1.844022e-02
1.061801e-01,4.094723e-03,6.610249e-03,3.257903e-03,2.177783e-02,1.975619e-02,6.009859e-04,9.226841e-03,5.756580e-01,8.578895e-03,2.205734e-02,6.432397e-03,4.777906e-03,1.913900e-01,1.960061e-02
1.005007e-01,3.557505e-03,5.532725e-03,2.814877e-03,2.241171e-02,1.504762e-02,4.903310e-04,1.003014e-02,6.389543e-01,8.468149e-03,1.650521e-02,4.940613e-03,3.550471e-03,1.518679e-01,1.532777e-02
1.246397e-01,3.524974e-03,4.534202e-03,3.540557e-03,2.947459e-02,1.180608e-02,4.720063e-04,1.122913e-02,6.579177e-01,8.312071e-03,1.253786e-02,4.151818e-03,2.918519e-03,1.135530e-01,1.138770e-02
1.424641e-01,3.831487e-03,4.357107e-03,3.544208e-03,3.486419e-02,1.299999e-02,6.517555e-04,1.708152e-02,6.530411e-01,7.795097e-03,1.154208e-02,4.446340e-03,3.271218e-03,9.033167e-02,9.778184e-03
1.403544e-01,3.825025e-03,4.481423e-03,3.090736e-03,3.009943e-02,1.385546e-02,6.098973e-04,1.362146e-02,6.833896e-01,8.083816e-03,1.030750e-02,3.942457e-03,2.969243e-03,7.294263e-02,8.426959e-03
1.538319e-01,4.137391e-03,4.496537e-03,3.983197e-03,2.887235e-02,1.463302e-02,7.365730e-04,1.467717e-02,6.704293e-01,8.559061e-03,9.463800e-03,4.176566e-03,3.455999e-03,6.916918e-02,9.378014e-03
1.630285e-01,4.502174e-03,5.066700e-03,5.354107e-03,3.820752e-02,1.302605e-02,8.504390e-04,1.508448e-02,6.573487e-01,8.467222e-03,8.510476e-03,5.162759e-03,3.894481e-03,6.260130e-02,8.895161e-03
2.410249e-01,5.868849e-03,5.371953e-03,1.021375e-02,4.395168e-02,1.490383e-02,1.152682e-03,1.386651e-02,5.676002e-01,8.767236e-03,9.541114e-03,8.699676e-03,5.908184e-03,5.305773e-02,1.007180e-02
3.236789e-01,7.041183e-03,5.537724e-03,1.093663e-02,3.705800e-02,1.527171e-02,1.355707e-03,1.317168e-02,4.983694e-01,7.838936e-03,9.322926e-03,1.124752e-02,6.058514e-03,4.229821e-02,1.081296e-02
3.891378e-01,8.308955e-03,5.402109e-03,9.858809e-03,2.876618e-02,2.563604e-02,1.352326e-03,1.121153e-02,4.304739e-01,7.834819e-03,9.796054e-03,1.117095e-02,6.278209e-03,4.137037e-02,1.340200e-02
4.404436e-01,1.086291e-02,5.069190e-03,1.030474e-02,2.259628e-02,4.298661e-02,1.586709e-03,1.043296e-02,3.502475e-01,1.191522e-02,1.229482e-02,1.087756e-02,6.099874e-03,4.839348e-02,1.588859e-02
1.000000e+00,0.000000e+00,0.000000e+00,0.000000e+00,0.000000e+00,0.000000e+00,0.000000e+00,0.000000e+00,0.000000e+00,0.000000e+00,0.000000e+00,0.000000e+00,0.000000e+00,0.000000e+00,0.000000e+00
1.000000e+00,0.000000e+00,0.000000e+00,0.000000e+00,0.000000e+00,0.000000e+00,0.000000e+00,0.000000e+00,0.000000e+00,0.000000e+00,0.000000e+00,0.000000e+00,0.000000e+00,0.000000e+00,0.000000e+00
1.000000e+00,0.000000e+00,0.000000e+00,0.000000e+00,0.000000e+00,0.000000e+00,0.000000e+00,0.000000e+00,0.000000e+00,0.000000e+00,0.000000e+00,0.000000e+00,0.000000e+00,0.000000e+00,0.000000e+00
1.000000e+00,0.000000e+00,0.000000e+00,0.000000e+00,0.000000e+00,0.000000e+00,0.000000e+00,0.000000e+00,0.000000e+00,0.000000e+00,0.000000e+00,0.000000e+00,0.000000e+00,0.000000e+00,0.000000e+00
1.000000e+00,0.000000e+00,0.000000e+00,0.000000e+00,0.000000e+00,0.000000e+00,0.000000e+00,0.000000e+00,0.000000e+00,0.000000e+00,0.000000e+00,0.000000e+00,0.000000e+00,0.000000e+00,0.000000e+00
1.000000e+00,0.000000e+00,0.000000e+00,0.000000e+00,0.000000e+00,0.000000e+00,0.000000e+00,0.000000e+00,0.000000e+00,0.000000e+00,0.000000e+00,0.000000e+00,0.000000e+00,0.000000e+00,0.000000e+00
1.000000e+00,0.000000e+00,0.000000e+00,0.000000e+00,0.000000e+00,0.000000e+00,0.000000e+00,0.000000e+00,0.000000e+00,0.000000e+00,0.000000e+00,0.000000e+00,0.000000e+00,0.000000e+00,0.000000e+00
4.770644e-01,2.086166e-02,7.032663e-03,1.234157e-02,6.934540e-03,5.244956e-02,1.942633e-03,6.330202e-03,6.772015e-02,1.102950e-02,8.588637e-02,2.202407e-02,2.148795e-02,1.556522e-01,5.124262e-02
3.489216e-01,2.363079e-02,5.683283e-03,1.423333e-02,6.090732e-03,4.452863e-02,1.887869e-03,7.306037e-03,6.137402e-02,1.146177e-02,9.482886e-02,1.816899e-02,2.112730e-02,2.942275e-01,4.652928e-02
2.635537e-01,2.599952e-02,4.484700e-03,1.452646e-02,5.831083e-03,3.835607e-02,2.049299e-03,6.884589e-03,6.017312e-02,1.284675e-02,9.499912e-02,1.526301e-02,1.957455e-02,3.849157e-01,5.054227e-02
2.802054e-01,2.144546e-02,3.480036e-03,1.192422e-02,7.515887e-03,3.303094e-02,2.423162e-03,5.720172e-03,7.345545e-02,2.498347e-02,1.390826e-01,1.364034e-02,1.688785e-02,3.092251e-01,5.697991e-02
2.834560e-01,1.858487e-02,3.341500e-03,1.233557e-02,9.305749e-03,3.805545e-02,3.908560e-03,5.329872e-03,1.045645e-01,2.981564e-02,1.604370e-01,1.317784e-02,1.424437e-02,2.467994e-01,5.664377e-02
2.832199e-01,2.045506e-02,2.467003e-02,3.541131e-02,2.293078e-02,4.005677e-02,4.600373e-03,6.100126e-03,1.035371e-01,2.495412e-02,1.528918e-01,2.778271e-02,1.431260e-02,1.895198e-01,4.955753e-02
2.156205e-01,1.611252e-02,1.812365e-02,2.991230e-02,1.770054e-02,3.020640e-02,3.373335e-03,4.578048e-03,1.397666e-01,2.191438e-02,2.534632e-01,2.484579e-02,1.314265e-02,1.658301e-01,4.540992e-02
1.685616e-01,1.267733e-02,1.360049e-02,2.406615e-02,1.394047e-02,2.341231e-02,2.577594e-03,3.481635e-03,1.280385e-01,3.026489e-02,3.441636e-01,2.283875e-02,1.170631e-02,1.599816e-01,4.068881e-02
1.709144e-01,1.049043e-02,1.046170e-02,2.255825e-02,1.211512e-02,2.075372e-02,2.240366e-03,3.503386e-03,9.868225e-02,2.658741e-02,3.738871e-01,1.895387e-02,1.115297e-02,1.855701e-01,3.212889e-02
1.679433e-01,8.390719e-03,8.128108e-03,1.970169e-02,9.741099e-03,1.700285e-02,1.860939e-03,3.429746e-03,7.165797e-02,2.275413e-02,4.035128e-01,1.596620e-02,9.298780e-03,2.163692e-01,2.424243e-02
1.414921e-01,9.319011e-03,7.232201e-03,1.703984e-02,9.251131e-03,1.496098e-02,1.665479e-03,3.873734e-03,5.727537e-02,2.130328e-02,4.392142e-01,1.652541e-02,8.736505e-03,2.328661e-01,1.924464e-02
1.084876e-01,9.369796e-03,7.350732e-03,1.541419e-02,9.857421e-03,1.645254e-02,1.837354e-03,4.290619e-03,6.444696e-02,2.298861e-02,4.177151e-01,1.846092e-02,9.837052e-03,2.745928e-01,1.889822e-02
1.162229e-01,1.104925e-02,6.759953e-03,1.841558e-02,9.850670e-03,1.467151e-02,1.823849e-03,4.273938e-03,5.646161e-02,2.133583e-02,4.168341e-01,1.943743e-02,1.080597e-02,2.756891e-01,1.636834e-02
1.018152e-01,9.789508e-03,6.533217e-03,2.024111e-02,1.032750e-02,1.339001e-02,1.881322e-03,5.692392e-03,4.930993e-02,2.269584e-02,4.521893e-01,2.243759e-02,1.270150e-02,2.568289e-01,1.416668e-02
8.411773e-02,1.093075e-02,6.071250e-03,1.918837e-02,1.319951e-02,1.283510e-02,2.072158e-03,6.853304e-03,7.277083e-02,2.398202e-02,4.077674e-01,2.797856e-02,1.366207e-02,2.864646e-01,1.210636e-02
8.715370e-02,1.797955e-02,6.517051e-03,1.634512e-02,2.845367e-02,1.024785e-02,2.533071e-03,6.159997e-03,1.721748e-01,2.319891e-02,3.468344e-01,3.232642e-02,1.309506e-02,2.262264e-01,1.075395e-02
1.590881e-01,2.155908e-02,5.501410e-03,2.204175e-02,2.739893e-02,1.529832e-02,3.837182e-03,6.087502e-03,1.405181e-01,2.041385e-02,3.485234e-01,3.791061e-02,1.241665e-02,1.687058e-01,1.069923e-02
2.360902e-01,2.035882e-02,4.677180e-03,3.113407e-02,2.675796e-02,2.771664e-02,3.852574e-03,5.257028e-03,1.127887e-01,1.747630e-02,3.263884e-01,4.023194e-02,1.368403e-02,1.218933e-01,1.169289e-02
2.454588e-01,1.765203e-02,4.546836e-03,2.679170e-02,2.347305e-02,2.775472e-02,3.994842e-03,6.458423e-03,8.480759e-02,1.404207e-02,3.832644e-01,4.669589e-02,1.287676e-02,9.107153e-02,1.111137e-02
2.210212e-01,1.736585e-02,4.714609e-03,2.442079e-02,2.184331e-02,2.514000e-02,3.738826e-03,6.345582e-03,7.109221e-02,1.393052e-02,4.401028e-01,5.589297e-02,1.300665e-02,6.861205e-02,1.277264e-02
2.564955e-01,3.918279e-02,8.255010e-03,1.956372e-02,1.747195e-02,2.883143e-02,3.480352e-03,1.236927e-02,6.576820e-02,1.503366e-02,3.902702e-01,6.192239e-02,1.204914e-02,5.220687e-02,1.709950e-02
3.141289e-01,4.107587e-02,1.156310e-02,1.558582e-02,1.654227e-02,2.996550e-02,3.533744e-03,2.006016e-02,5.084442e-02,1.364562e-02,3.569101e-01,6.009798e-02,1.038401e-02,4.049578e-02,1.516677e-02
2.685656e-01,3.477837e-02,1.975810e-02,1.239857e-02,2.158816e-02,2.606924e-02,8.082592e-03,6.890006e-02,4.099312e-02,1.936148e-02,3.687018e-01,5.166528e-02,9.378174e-03,3.815395e-02,1.160553e-02
2.444903e-01,4.086775e-02,3.696296e-02,1.010022e-02,3.256629e-02,2.356070e-02,8.039226e-03,8.018351e-02,3.530736e-02,2.855324e-02,3.402702e-01,4.123262e-02,8.206762e-03,5.880887e-02,1.085007e-02
2.153563e-01,3.383735e-02,4.928858e-02,9.898750e-03,4.012208e-02,2.235337e-02,7.734696e-03,1.678076e-01,3.112732e-02,3.213051e-02,2.838927e-01,3.614048e-02,7.642078e-03,5.367024e-02,8.997998e-03
1.602335e-01,2.444999e-02,4.128894e-02,7.830589e-03,3.052621e-02,1.606143e-02,5.867485e-03,3.889807e-01,2.253724e-02,2.358088e-02,2.024365e-01,2.598974e-02,5.828281e-03,3.802803e-02,6.360409e-03
1.151874e-01,1.720736e-02,3.053526e-02,6.235889e-03,2.224727e-02,1.138266e-02,4.352361e-03,5.640504e-01,1.594092e-02,1.673348e-02,1.425386e-01,1.823463e-02,4.127412e-03,2.676815e-02,4.458181e-03
8.398946e-02,1.219399e-02,2.366657e-02,6.593256e-03,1.709271e-02,8.494066e-03,3.373661e-03,6.827629e-01,1.134191e-02,1.206046e-02,1.005623e-01,1.282591e-02,2.980538e-03,1.892913e-02,3.133155e-03
6.914284e-02,9.587544e-03,1.834299e-02,6.553603e-03,2.391357e-02,7.025786e-03,2.752475e-03,7.453272e-01,8.801444e-03,8.780390e-03,7.138696e-02,9.535855e-03,2.680471e-03,1.381540e-02,2.353507e-03
6.051751e-02,7.907706e-03,1.409761e-02,6.902667e-03,3.221527e-02,5.836015e-03,2.257767e-03,7.840977e-01,6.865249e-03,6.405012e-03,5.076037e-02,7.498097e-03,2.511494e-03,1.013157e-02,1.995937e-03
8.421968e-02,8.149963e-03,1.300560e-02,8.612832e-03,3.376715e-02,8.223817e-03,2.368425e-03,7.714991e-01,6.680589e-03,4.743819e-03,3.681288e-02,7.833823e-03,3.436937e-03,7.744492e-03,2.900898e-03
1.224892e-01,9.320755e-03,1.254675e-02,9.472369e-03,3.807338e-02,7.834992e-03,2.940916e-03,7.360369e-01,6.602264e-03,4.149335e-03,2.726827e-02,8.449528e-03,3.779389e-03,6.447498e-03,4.588469e-03
1.467919e-01,9.204201e-03,1.279205e-02,9.253962e-03,3.884385e-02,8.287091e-03,3.737506e-03,7.156901e-01,5.893567e-03,3.333776e-03,2.116160e-02,9.319810e-03,4.458866e-03,5.361965e-03,5.869865e-03
2.108635e-01,9.919241e-03,1.455708e-02,1.023410e-02,3.367068e-02,9.784894e-03,4.610938e-03,6.488882e-01,5.831362e-03,3.370477e-03,1.667609e-02,1.210452e-02,4.899107e-03,5.718781e-03,8.871092e-03
2.528821e-01,1.045593e-02,1.512207e-02,1.125888e-02,3.056948e-02,9.647158e-03,5.257221e-03,6.093587e-01,5.904669e-03,3.225145e-03,1.310518e-02,1.296947e-02,5.116365e-03,5.709834e-03,9.417862e-03
2.701270e-01,8.618235e-03,1.528618e-02,1.121770e-02,2.477547e-02,1.209545e-02,7.987525e-03,5.995306e-01,5.364182e-03,2.482713e-03,1.010256e-02,1.307615e-02,6.693739e-03,4.622189e-03,8.020341e-03
2.994273e-01,6.716477e-03,1.359033e-02,1.001930e-02,1.988071e-02,1.470408e-02,7.811068e-03,5.765539e-01,4.175609e-03,1.920565e-03,8.981787e-03,1.671360e-02,8.769315e-03,3.676929e-03,7.059011e-03
2.642373e-01,5.148559e-03,1.073760e-02,7.936260e-03,1.599919e-02,1.115685e-02,5.820797e-03,5.979077e-01,3.586134e-03,2.042765e-03,1.791763e-02,2.453285e-02,1.926306e-02,6.790623e-03,6.922765e-03
2.008923e-01,4.193216e-03,7.993289e-03,1.398686e-02,1.278724e-02,8.909372e-03,4.287323e-03,4.586846e-01,5.751476e-03,6.029114e-03,7.622743e-02,7.489617e-02,5.051506e-02,6.934341e-02,5.503200e-03
1.505687e-01,3.175920e-03,5.862558e-03,1.148134e-02,1.042664e-02,7.385654e-03,3.472371e-03,3.381599e-01,5.705177e-03,7.212322e-03,8.268192e-02,1.218520e-01,4.517196e-02,2.023213e-01,4.522321e-03
1.215401e-01,2.376860e-03,4.344319e-03,9.109881e-03,7.992075e-03,5.506692e-03,2.958639e-03,2.493224e-01,5.654602e-03,9.476233e-03,9.856276e-02,2.023229e-01,3.553281e-02,2.419358e-01,3.364069e-03
9.220010e-02,2.081508e-03,4.110117e-03,9.979637e-03,1.024994e-02,4.433861e-03,2.636541e-03,1.767990e-01,5.534858e-03,1.212096e-02,1.965254e-01,2.322623e-01,2.748484e-02,2.202223e-01,3.358585e-03
1.606799e-01,2.135775e-03,7.276267e-03,1.070214e-02,8.905987e-03,6.484966e-03,3.036403e-03,1.262748e-01,5.392484e-03,1.187045e-02,1.908322e-01,2.487561e-01,2.038125e-02,1.925122e-01,4.759106e-03
1.511380e-01,3.616560e-03,8.577548e-03,9.782821e-03,1.071879e-02,9.421160e-03,2.757591e-03,9.022103e-02,5.705211e-03,1.327757e-02,2.250378e-01,2.618385e-01,1.491687e-02,1.891007e-01,3.889799e-03
1.165481e-01,6.801090e-03,1.139605e-02,9.154813e-03,1.024542e-02,8.654432e-03,2.307664e-03,6.406528e-02,1.282549e-02,1.249704e-02,2.452846e-01,3.029541e-01,1.116308e-02,1.829168e-01,3.186037e-03
9.827991e-02,6.843950e-03,1.856130e-02,1.088582e-02,1.208450e-02,1.112312e-02,2.434488e-03,4.657613e-02,5.021884e-02,1.090024e-02,2.231396e-01,3.008310e-01,9.546334e-03,1.952992e-01,3.275565e-03
1.020791e-01,7.413054e-03,2.594815e-02,1.277606e-02,1.456586e-02,1.829229e-02,2.363709e-03,3.368051e-02,9.988250e-02,1.047526e-02,1.791837e-01,2.342661e-01,1.232903e-02,2.417002e-01,5.044574e-03
1.235380e-01,7.177317e-03,2.711711e-02,1.351066e-02,1.432568e-02,2.619560e-02,1.873198e-03,2.473235e-02,1.239809e-01,1.053856e-02,1.584333e-01,1.845872e-01,1.316198e-02,2.650115e-01,5.816741e-03
1.481627e-01,7.001048e-03,2.537265e-02,1.266050e-02,1.217759e-02,3.983693e-02,1.379520e-03,1.778995e-02,1.241198e-01,8.041987e-03,1.262549e-01,1.348122e-01,1.127837e-02,3.259144e-01,5.197410e-03
1.697563e-01,8.774448e-03,3.805880e-02,2.481394e-02,1.312308e-02,4.602188e-02,1.139719e-03,1.428896e-02,1.228125e-01,7.306157e-03,1.051518e-01,1.008335e-01,1.105054e-02,3.303270e-01,6.541471e-03
1.648410e-01,8.462318e-03,4.649542e-02,4.038408e-02,1.346636e-02,5.371352e-02,9.145514e-04,1.062999e-02,1.164853e-01,9.076249e-03,1.435521e-01,7.779735e-02,1.123128e-02,2.946043e-01,8.346247e-03
1.988727e-01,1.002363e-02,6.097420e-02,3.217286e-02,1.446230e-02,4.574645e-02,9.702754e-04,8.369134e-03,1.052935e-01,8.390515e-03,1.357690e-01,5.753256e-02,9.623691e-03,3.001075e-01,1.169164e-02
2.996769e-01,1.597127e-02,5.655771e-02,2.630031e-02,1.502275e-02,3.856225e-02,1.057562e-03,7.120272e-03,8.908240e-02,7.656589e-03,1.180530e-01,4.300342e-02,8.765215e-03,2.585335e-01,1.463681e-02
3.628028e-01,1.917027e-02,7.915960e-02,2.795161e-02,1.528750e-02,4.320914e-02,1.783737e-03,8.644098e-03,7.045317e-02,6.487566e-03,1.002723e-01,3.318498e-02,1.010525e-02,2.076803e-01,1.380766e-02
4.261868e-01,2.032372e-02,9.489209e-02,3.021679e-02,1.539345e-02,3.878068e-02,3.619599e-03,1.328521e-02,5.622509e-02,6.736367e-03,7.930032e-02,2.761611e-02,1.162773e-02,1.620358e-01,1.376027e-02
