1.000000e+00,0.000000e+00,0.000000e+00,0.000000e+00,0.000000e+00,0.000000e+00,0.000000e+00,0.000000e+00,0.000000e+00,0.000000e+00,0.000000e+00,0.000000e+00,0.000000e+00,0.000000e+00,0.000000e+00
1.000000e+00,0.000000e+00,0.000000e+00,0.000000e+00,0.000000e+00,0.000000e+00,0.000000e+00,0.000000e+00,0.000000e+00,0.000000e+00,0.000000e+00,0.000000e+00,0.000000e+00,0.000000e+00,0.000000e+00
1.000000e+00,0.000000e+00,0.000000e+00,0.000000e+00,0.000000e+00,0.000000e+00,0.000000e+00,0.000000e+00,0.000000e+00,0.000000e+00,0.000000e+00,0.000000e+00,0.000000e+00,0.000000e+00,0.000000e+00
1.000000e+00,0.000000e+00,0.000000e+00,0.000000e+00,0.000000e+00,0.000000e+00,0.000000e+00,0.000000e+00,0.000000e+00,0.000000e+00,0.000000e+00,0.000000e+00,0.000000e+00,0.000000e+00,0.000000e+00
1.000000e+00,0.000000e+00,0.000000e+00,0.000000e+00,0.000000e+00,0.000000e+00,0.000000e+00,0.000000e+00,0.000000e+00,0.000000e+00,0.000000e+00,0.000000e+00,0.000000e+00,0.000000e+00,0.000000e+00
1.000000e+00,0.000000e+00,0.000000e+00,0.000000e+00,0.000000e+00,0.000000e+00,0.000000e+00,0.000000e+00,0.000000e+00,0.000000e+00,0.000000e+00,0.000000e+00,0.000000e+00,0.000000e+00,0.000000e+00
1.000000e+00,0.000000e+00,0.000000e+00,0.000000e+00,0.000000e+00,0.000000e+00,0.000000e+00,0.000000e+00,0.000000e+00,0.000000e+00,0.000000e+00,0.000000e+00,0.000000e+00,0.000000e+00,0.000000e+00
1.000000e+00,0.000000e+00,0.000000e+00,0.000000e+00,0.000000e+00,0.000000e+00,0.000000e+00,0.000000e+00,0.000000e+00,0.000000e+00,0.000000e+00,0.000000e+00,0.000000e+00,0.000000e+00,0.000000e+00
1.000000e+00,0.000000e+00,0.000000e+00,0.000000e+00,0.000000e+00,0.000000e+00,0.000000e+00,0.000000e+00,0.000000e+00,0.000000e+00,0.000000e+00,0.000000e+00,0.000000e+00,0.000000e+00,0.000000e+00
1.000000e+00,0.000000e+00,0.000000e+00,0.000000e+00,0.000000e+00,0.000000e+00,0.000000e+00,0.000000e+00,0.000000e+00,0.000000e+00,0.000000e+00,0.000000e+00,0.000000e+00,0.000000e+00,0.000000e+00
1.000000e+00,0.000000e+00,0.000000e+00,0.000000e+00,0.000000e+00,0.000000e+00,0.000000e+00,0.000000e+00,0.000000e+00,0.000000e+00,0.000000e+00,0.000000e+00,0.000000e+00,0.000000e+00,0.000000e+00
1.000000e+00,0.000000e+00,0.000000e+00,0.000000e+00,0.000000e+00,0.000000e+00,0.000000e+00,0.000000e+00,0.000000e+00,0.000000e+00,0.000000e+00,0.000000e+00,0.000000e+00,0.000000e+00,0.000000e+00
1.000000e+00,0.000000e+00,0.000000e+00,0.000000e+00,0.000000e+00,0.000000e+00,0.000000e+00,0.000000e+00,0.000000e+00,0.000000e+00,0.000000e+00,0.000000e+00,0.000000e+00,0.000000e+00,0.000000e+00
1.000000e+00,0.000000e+00,0.000000e+00,0.000000e+00,0.000000e+00,0.000000e+00,0.000000e+00,0.000000e+00,0.000000e+00,0.000000e+00,0.000000e+00,0.000000e+00,0.000000e+00,0.000000e+00,0.000000e+00
1.000000e+00,0.000000e+00,0.000000e+00,0.000000e+00,0.000000e+00,0.000000e+00,0.000000e+00,0.000000e+00,0.000000e+00,0.000000e+00,0.000000e+00,0.000000e+00,0.000000e+00,0.000000e+00,0.000000e+00
1.000000e+00,0.000000e+00,0.000000e+00,0.000000e+00,0.000000e+00,0.000000e+00,0.000000e+00,0.000000e+00,0.000000e+00,0.000000e+00,0.000000e+00,0.000000e+00,0.000000e+00,0.000000e+00,0.000000e+00
1.000000e+00,0.000000e+00,0.000000e+00,0.000000e+00,0.000000e+00,0.000000e+00,0.000000e+00,0.000000e+00,0.000000e+00,0.000000e+00,0.000000e+00,0.000000e+00,0.000000e+00,0.000000e+00,0.000000e+00
1.000000e+00,0.000000e+00,0.000000e+00,0.000000e+00,0.000000e+00,0.000000e+00,0.000000e+00,0.000000e+00,0.000000e+00,0.000000e+00,0.000000e+00,0.000000e+00,0.000000e+00,0.000000e+00,0.000000e+00
1.000000e+00,0.000000e+00,0.000000e+00,0.000000e+00,0.000000e+00,0.000000e+00,0.000000e+00,0.000000e+00,0.000000e+00,0.000000e+00,0.000000e+00,0.000000e+00,0.000000e+00,0.000000e+00,0.000000e+00
1.000000e+00,0.000000e+00,0.000000e+00,0.000000e+00,0.000000e+00,0.000000e+00,0.000000e+00,0.000000e+00,0.000000e+00,0.000000e+00,0.000000e+00,0.000000e+00,0.000000e+00,0.000000e+00,0.000000e+00
1.000000e+00,0.000000e+00,0.000000e+00,0.000000e+00,0.000000e+00,0.000000e+00,0.000000e+00,0.000000e+00,0.000000e+00,0.000000e+00,0.000000e+00,0.000000e+00,0.000000e+00,0.000000e+00,0.000000e+00
1.000000e+00,0.000000e+00,0.000000e+00,0.000000e+00,0.000000e+00,0.000000e+00,0.000000e+00,0.000000e+00,0.000000e+00,0.000000e+00,0.000000e+00,0.000000e+00,0.000000e+00,0.000000e+00,0.000000e+00
1.000000e+00,0.000000e+00,0.000000e+00,0.000000e+00,0.000000e+00,0.000000e+00,0.000000e+00,0.000000e+00,0.000000e+00,0.000000e+00,0.000000e+00,0.000000e+00,0.000000e+00,0.000000e+00,0.000000e+00
1.000000e+00,0.000000e+00,0.000000e+00,0.000000e+00,0.000000e+00,0.000000e+00,0.000000e+00,0.000000e+00,0.000000e+00,0.000000e+00,0.000000e+00,0.000000e+00,0.000000e+00,0.000000e+00,0.000000e+00
1.000000e+00,0.000000e+00,0.000000e+00,0.000000e+00,0.000000e+00,0.000000e+00,0.000000e+00,0.000000e+00,0.000000e+00,0.000000e+00,0.000000e+00,0.000000e+00,0.000000e+00,0.000000e+00,0.000000e+00
1.000000e+00,0.000000e+00,0.000000e+00,0.000000e+00,0.000000e+00,0.000000e+00,0.000000e+00,0.000000e+00,0.000000e+00,0.000000e+00,0.000000e+00,0.000000e+00,0.000000e+00,0.000000e+00,0.000000e+00
3.824834e-01,7.544475e-03,1.031251e-02,2.361021e-02,3.875700e-03,9.628827e-03,3.957086e-03,5.071782e-01,2.622387e-03,1.161121e-03,7.848655e-03,1.427534e-02,1.364482e-02,3.198551e-03,8.658711e-03
3.342250e-01,6.480335e-03,9.010021e-03,1.867569e-02,4.681696e-03,8.424617e-03,4.344590e-03,5.716851e-01,2.501515e-03,1.053387e-03,6.243098e-03,1.139448e-02,1.138312e-02,2.909146e-03,6.988265e-03
2.948421e-01,5.700503e-03,7.908313e-03,1.463121e-02,5.788936e-03,7.444015e-03,4.571567e-03,6.236358e-01,2.236760e-03,9.472031e-04,5.102045e-03,9.281427e-03,9.471710e-03,2.834124e-03,5.604253e-03
2.160074e-01,4.181373e-03,6.460576e-03,1.103228e-02,5.040723e-03,6.171692e-03,4.799800e-03,7.195479e-01,1.627120e-03,7.548740e-04,3.725177e-03,6.976730e-03,7.372858e-03,2.167938e-03,4.133609e-03
1.802208e-01,3.193412e-03,5.055265e-03,8.384647e-03,6.793130e-03,4.970413e-03,4.208194e-03,7.658515e-01,1.278401e-03,7.779847e-04,2.834073e-03,5.582784e-03,6.110862e-03,1.646608e-03,3.091966e-03
2.097698e-01,2.781341e-03,4.355787e-03,6.709467e-03,8.818999e-03,5.021411e-03,4.500618e-03,7.363988e-01,1.214678e-03,1.063871e-03,2.461802e-03,6.280113e-03,6.470676e-03,1.319908e-03,2.832750e-03
2.359424e-01,2.440382e-03,4.389238e-03,5.766310e-03,8.204938e-03,6.606011e-03,4.834887e-03,7.088311e-01,1.162451e-03,1.041154e-03,2.335423e-03,7.540745e-03,6.911598e-03,1.127883e-03,2.865482e-03
2.403711e-01,2.154203e-03,4.196456e-03,4.891699e-03,7.325380e-03,6.801083e-03,5.065116e-03,7.064283e-01,1.053239e-03,1.046272e-03,2.112653e-03,7.779841e-03,7.046904e-03,9.318962e-04,2.795959e-03
1.959216e-01,1.772085e-03,3.199625e-03,3.712008e-03,7.856691e-03,5.254086e-03,4.184376e-03,7.583344e-01,8.820654e-04,1.098623e-03,1.679563e-03,6.673279e-03,6.304277e-03,7.796116e-04,2.347792e-03
2.894394e-01,1.606874e-03,3.092005e-03,3.292626e-03,7.480013e-03,6.326304e-03,3.671231e-03,6.609510e-01,8.483892e-04,1.277900e-03,1.738588e-03,1.023003e-02,6.477560e-03,7.694726e-04,2.798765e-03
3.458701e-01,1.283733e-03,2.436837e-03,2.688942e-03,7.668267e-03,5.605589e-03,2.942851e-03,6.088966e-01,7.887559e-04,1.100350e-03,1.511294e-03,9.815605e-03,6.553892e-03,6.099514e-04,2.227199e-03
3.917134e-01,2.104676e-03,2.664154e-03,2.573292e-03,1.008532e-02,4.682482e-03,2.245088e-03,5.378646e-01,1.313842e-03,9.414832e-04,3.626535e-03,9.639416e-03,2.762965e-02,8.305125e-04,2.085521e-03
3.006269e-01,3.967868e-03,2.390549e-03,1.383555e-02,1.242889e-02,5.156443e-03,2.075434e-03,4.433525e-01,1.218200e-02,2.899487e-03,1.409068e-02,9.034393e-02,7.499068e-02,1.903894e-02,2.620171e-03
2.162801e-01,3.487321e-03,1.919860e-03,1.347241e-02,1.126767e-02,4.035926e-03,2.556460e-03,3.271526e-01,4.286272e-02,4.525426e-03,3.491736e-02,1.320102e-01,7.436925e-02,1.288252e-01,2.317512e-03
1.646343e-01,2.720987e-03,1.714705e-03,1.378682e-02,1.038538e-02,3.154944e-03,1.915230e-03,2.306591e-01,3.805208e-02,6.044518e-03,5.746061e-02,1.170700e-01,8.190311e-02,2.677146e-01,2.783703e-03
1.329429e-01,2.346616e-03,2.035419e-03,1.170524e-02,1.612417e-02,2.559140e-03,1.833139e-03,1.656560e-01,3.116664e-02,6.903373e-03,7.377493e-02,1.882317e-01,1.107562e-01,2.504958e-01,3.468793e-03
2.722901e-01,4.723635e-03,3.511203e-03,1.881462e-02,2.363435e-02,7.634969e-03,2.354554e-03,1.173610e-01,3.675963e-02,7.042733e-03,7.024875e-02,1.375178e-01,8.385706e-02,2.080655e-01,6.184123e-03
3.212693e-01,6.020203e-03,4.079042e-03,2.148093e-02,2.430432e-02,8.373950e-03,2.312859e-03,8.389851e-02,2.918736e-02,7.104504e-03,9.413712e-02,1.039885e-01,6.577327e-02,2.226317e-01,5.438405e-03
2.756720e-01,6.757901e-03,3.715110e-03,1.762338e-02,2.168584e-02,6.660436e-03,2.173131e-03,5.981547e-02,2.350345e-02,1.094860e-02,1.236179e-01,1.026157e-01,5.013454e-02,2.907451e-01,4.331463e-03
1.968890e-01,5.301928e-03,2.863884e-03,1.276860e-02,1.605172e-02,5.637689e-03,1.630404e-03,4.205171e-02,3.013079e-02,1.298720e-02,1.298401e-01,2.044040e-01,3.866526e-02,2.974172e-01,3.360532e-03
1.384022e-01,4.526695e-03,2.801494e-03,9.472658e-03,1.221182e-02,4.379580e-03,1.185194e-03,2.950688e-02,4.551939e-02,1.222274e-02,1.341890e-01,2.777250e-01,2.889094e-02,2.963204e-01,2.645985e-03
1.001044e-01,4.487408e-03,2.639122e-03,7.166219e-03,9.246359e-03,4.730707e-03,9.559434e-04,2.079087e-02,1.092399e-01,1.045220e-02,1.089135e-01,2.302440e-01,2.207123e-02,3.658415e-01,3.116559e-03
7.064348e-02,4.089444e-03,3.007378e-03,5.141933e-03,6.921014e-03,4.572618e-03,7.149615e-04,1.461349e-02,1.781629e-01,7.978693e-03,8.631067e-02,1.775380e-01,1.666491e-02,4.203954e-01,3.245070e-03
5.074488e-02,4.221208e-03,3.734055e-03,3.879229e-03,5.200841e-03,4.626114e-03,5.218833e-04,1.029046e-02,2.345613e-01,6.497124e-03,8.895972e-02,1.296500e-01,1.245069e-02,4.418505e-01,2.812030e-03
3.614119e-02,3.346689e-03,3.769556e-03,2.943528e-03,3.988315e-03,3.759656e-03,3.749516e-04,7.248751e-03,2.888766e-01,5.027669e-03,8.949698e-02,9.429644e-02,9.057458e-03,4.495448e-01,2.127516e-03
2.568703e-02,2.832035e-03,3.284225e-03,2.214831e-03,3.155175e-03,2.969371e-03,2.670141e-04,5.098411e-03,3.513683e-01,3.837964e-03,8.677770e-02,6.995726e-02,6.531390e-03,4.343513e-01,1.668042e-03
1.856698e-02,3.005337e-03,5.073472e-03,1.947928e-03,2.973066e-03,2.596952e-03,2.018429e-04,3.650557e-03,4.390223e-01,3.184055e-03,7.388412e-02,5.019989e-02,4.871008e-03,3.890227e-01,1.799751e-03
1.398222e-02,3.481067e-03,3.141236e-02,2.375935e-03,5.567614e-03,2.733689e-03,1.951706e-04,2.679532e-03,4.874249e-01,3.765759e-03,6.201686e-02,3.585628e-02,3.652188e-03,3.418762e-01,2.980124e-03
1.160952e-02,4.065204e-03,3.253067e-02,3.225084e-03,5.610085e-03,3.350389e-03,2.288688e-04,2.179712e-03,5.077281e-01,5.786336e-03,5.805424e-02,2.594623e-02,2.942549e-03,3.324352e-01,4.307813e-03
1.155750e-02,4.982035e-03,2.910392e-02,3.844937e-03,5.444207e-03,8.152159e-03,6.090834e-04,2.296723e-03,5.111317e-01,9.318304e-03,6.237791e-02,1.924959e-02,2.576264e-03,3.217119e-01,7.643755e-03
2.426311e-02,9.542309e-03,2.535727e-02,7.158794e-03,1.459097e-02,2.043851e-02,2.475114e-03,4.977355e-03,5.035568e-01,1.987708e-02,6.043474e-02,1.484430e-02,2.876727e-03,2.742280e-01,1.537893e-02
3.200014e-02,9.939350e-03,1.993076e-02,7.005190e-03,1.509387e-02,2.105250e-02,2.702740e-03,8.140950e-03,5.240902e-01,2.565669e-02,5.432626e-02,1.284784e-02,3.804878e-03,2.443849e-01,1.902384e-02
4.226415e-02,1.109905e-02,2.165985e-02,6.493146e-03,2.780179e-02,2.191063e-02,2.986829e-03,2.092859e-02,5.356255e-01,2.760621e-02,4.263225e-02,1.039474e-02,3.576931e-03,2.050950e-01,1.992541e-02
4.356997e-02,1.053956e-02,4.094408e-02,9.504465e-03,2.785276e-02,1.869486e-02,2.333872e-03,1.324326e-01,4.730554e-01,2.272823e-02,3.319690e-02,9.010958e-03,2.942008e-03,1.574103e-01,1.578422e-02
5.233112e-02,8.971862e-03,7.739050e-02,1.058919e-02,2.405063e-02,1.617892e-02,3.843545e-03,1.607198e-01,4.242664e-01,1.993370e-02,3.204544e-02,6.914371e-03,2.634581e-03,1.481076e-01,1.202236e-02
7.343332e-02,8.964051e-03,8.844636e-02,8.863309e-03,2.445902e-02,1.563799e-02,7.841543e-03,1.303500e-01,3.908070e-01,1.729929e-02,3.492423e-02,6.123479e-03,2.690880e-03,1.800254e-01,1.013412e-02
8.136661e-02,1.186850e-02,8.808208e-02,7.480857e-03,2.269031e-02,1.527431e-02,8.252896e-03,9.771769e-02,3.222752e-01,2.349321e-02,3.373014e-02,5.512397e-03,3.638173e-03,2.695768e-01,9.040930e-03
9.256428e-02,1.495991e-02,8.686467e-02,6.741283e-03,2.244380e-02,1.348653e-02,1.008354e-02,7.687154e-02,2.712554e-01,3.150824e-02,3.234901e-02,4.895803e-03,4.125425e-03,3.237594e-01,8.091153e-03
9.756233e-02,1.644863e-02,7.740693e-02,5.365045e-03,2.163255e-02,1.099559e-02,1.529043e-02,5.953415e-02,2.087655e-01,2.525021e-02,3.057919e-02,4.703402e-03,3.342308e-03,4.166769e-01,6.446910e-03
1.144271e-01,1.880462e-02,5.647175e-02,4.183171e-03,1.944850e-02,8.569481e-03,1.599729e-02,4.327190e-02,1.611706e-01,2.108738e-02,2.583012e-02,4.588624e-03,2.692986e-03,4.962563e-01,7.200211e-03
1.811278e-01,2.486770e-02,4.159346e-02,3.915625e-03,2.062970e-02,7.721330e-03,2.078643e-02,3.261062e-02,1.300084e-01,1.605876e-02,2.260878e-02,7.065483e-03,3.047487e-03,4.791120e-01,8.846349e-03
2.505186e-01,2.127871e-02,3.401828e-02,3.979872e-03,1.760472e-02,7.214305e-03,5.433971e-02,2.561581e-02,1.104617e-01,1.352654e-02,2.191525e-02,7.967738e-03,3.536559e-03,4.188188e-01,9.203344e-03
3.197830e-01,2.033893e-02,3.021733e-02,4.941757e-03,1.478086e-02,8.051517e-03,1.037866e-01,2.636680e-02,8.889142e-02,1.356581e-02,1.887955e-02,1.082019e-02,4.441919e-03,3.209585e-01,1.417580e-02
3.188948e-01,1.798995e-02,3.638344e-02,6.581145e-03,1.267377e-02,1.293693e-02,1.734823e-01,3.771597e-02,6.773440e-02,1.518551e-02,2.090278e-02,1.211321e-02,5.219624e-03,2.298842e-01,3.230200e-02
2.966998e-01,1.886227e-02,3.081117e-02,8.468222e-03,1.387638e-02,1.999845e-02,1.890744e-01,4.876285e-02,5.974427e-02,2.720987e-02,4.026949e-02,1.426729e-02,9.909947e-03,1.689601e-01,5.308542e-02
2.578990e-01,2.887134e-02,2.723742e-02,1.354524e-02,1.705626e-02,2.529197e-02,1.722558e-01,3.920049e-02,6.292471e-02,2.706776e-02,1.081544e-01,2.164354e-02,1.436147e-02,1.252497e-01,5.924083e-02
2.631883e-01,2.475069e-02,2.558845e-02,2.465292e-02,1.727606e-02,2.446246e-02,1.539558e-01,3.102252e-02,7.551453e-02,2.489916e-02,1.328404e-01,2.899045e-02,2.645036e-02,9.832261e-02,4.808526e-02
2.458434e-01,2.058443e-02,2.454987e-02,3.782636e-02,1.720189e-02,2.149954e-02,1.576258e-01,2.852744e-02,9.223546e-02,1.997590e-02,1.384475e-01,2.994550e-02,3.095764e-02,9.453550e-02,4.024374e-02
1.744672e-01,1.559846e-02,1.810357e-02,3.020466e-02,1.382547e-02,3.503881e-02,1.127095e-01,2.090671e-02,8.101144e-02,1.492900e-02,2.498899e-01,3.086973e-02,3.235980e-02,1.331724e-01,3.691336e-02
1.236692e-01,1.202545e-02,1.313745e-02,2.251034e-02,1.322438e-02,2.615641e-02,7.964438e-02,1.565092e-02,1.375282e-01,1.113223e-02,2.423991e-01,3.175176e-02,3.236361e-02,2.101433e-01,2.866332e-02
8.683947e-02,8.854598e-03,9.442816e-03,1.591945e-02,1.185355e-02,1.885662e-02,5.585096e-02,1.117816e-02,1.776105e-01,8.410866e-03,2.003010e-01,2.940479e-02,2.835396e-02,3.156729e-01,2.145034e-02
6.232506e-02,6.770373e-03,6.942599e-03,1.130833e-02,1.823286e-02,1.415017e-02,3.936011e-02,8.164128e-03,2.213458e-01,7.244168e-03,1.467443e-01,2.171915e-02,2.126116e-02,3.969721e-01,1.745964e-02
4.530427e-02,5.244344e-03,5.096012e-03,8.279833e-03,2.540552e-02,1.076332e-02,2.795113e-02,5.964034e-03,2.032054e-01,6.123013e-03,1.078110e-01,1.600517e-02,1.603771e-02,5.001441e-01,1.666516e-02
3.263934e-02,4.590848e-03,3.648638e-03,5.927181e-03,2.014082e-02,8.370321e-03,2.035964e-02,4.322992e-03,2.412028e-01,5.127016e-03,7.840969e-02,1.197955e-02,1.198088e-02,5.350956e-01,1.620470e-02
2.349244e-02,3.378081e-03,2.627891e-03,4.186923e-03,1.418044e-02,6.146727e-03,1.426632e-02,3.044305e-03,2.534856e-01,3.651913e-03,5.871006e-02,8.610455e-03,8.700828e-03,5.834823e-01,1.203578e-02
1.669393e-02,2.571700e-03,2.201347e-03,2.971702e-03,1.014960e-02,5.492500e-03,9.994430e-03,2.143556e-03,2.701629e-01,2.633016e-03,4.384524e-02,6.492818e-03,6.457851e-03,6.088128e-01,9.376679e-03
1.255386e-02,2.032248e-03,2.318983e-03,2.249513e-03,7.685767e-03,7.154989e-03,7.024306e-03,1.517609e-03,3.467580e-01,2.049075e-03,3.430559e-02,4.825256e-03,5.047635e-03,5.565577e-01,7.919442e-03
9.913899e-03,1.963964e-03,3.283909e-03,1.988403e-03,7.122376e-03,8.580784e-03,4.945810e-03,1.222925e-03,4.884704e-01,2.299316e-03,3.147109e-02,3.790928e-03,4.418544e-03,4.235744e-01,6.953212e-03
9.479199e-03,3.798362e-03,5.354581e-03,3.344830e-03,2.429526e-02,7.651530e-03,3.491415e-03,1.255613e-03,5.852515e-01,3.022196e-03,2.578442e-02,2.887171e-03,3.473215e-03,3.139285e-01,6.982236e-03
7.899417e-03,2.926507e-03,4.649073e-03,2.491469e-03,1.925703e-02,6.276565e-03,2.463500e-03,1.058393e-03,6.389928e-01,2.670052e-03,2.251514e-02,2.162264e-03,3.482535e-03,2.745451e-01,8.610118e-03
9.609004e-03,2.221004e-03,4.274976e-03,3.263588e-03,1.593368e-02,5.435336e-03,1.821942e-03,2.185171e-03,6.137445e-01,4.525688e-03,1.958130e-02,2.554159e-03,9.710973e-03,2.940186e-01,1.112015e-02
1.033063e-02,1.789697e-03,4.310862e-03,3.414828e-03,1.398114e-02,4.682490e-03,1.307489e-03,4.169885e-03,5.238339e-01,5.916410e-03,5.154811e-02,4.403872e-03,2.334887e-02,3.338249e-01,1.313692e-02
1.331066e-02,1.632601e-03,5.633983e-03,3.062036e-03,1.138318e-02,3.770930e-03,9.240189e-04,5.792773e-03,4.552719e-01,5.526457e-03,1.049211e-01,4.534691e-03,2.311372e-02,3.475915e-01,1.353047e-02
1.124313e-02,1.387915e-03,8.564861e-03,5.028661e-03,1.009784e-02,3.117610e-03,6.606755e-04,1.071833e-02,4.454264e-01,5.058823e-03,1.005989e-01,3.998850e-03,2.298862e-02,3.588165e-01,1.229284e-02
1.043644e-02,1.304321e-03,1.981878e-02,6.082278e-03,9.559359e-03,2.766668e-03,4.979676e-04,1.350919e-02,3.750695e-01,7.824566e-03,9.208622e-02,4.160939e-03,2.327466e-02,4.127458e-01,2.086338e-02
1.133518e-02,1.234685e-03,2.422569e-02,6.362933e-03,7.762588e-03,2.557756e-03,3.886039e-04,1.833453e-02,2.775288e-01,8.187920e-03,8.832484e-02,4.105912e-03,2.020374e-02,5.035259e-01,2.592094e-02
1.450246e-02,1.542394e-03,4.747255e-02,7.105271e-03,1.141549e-02,2.211972e-03,6.071667e-04,6.678187e-02,2.109374e-01,1.026820e-02,7.266423e-02,3.233142e-03,1.568724e-02,4.949806e-01,4.058999e-02
1.454321e-02,2.086830e-03,5.692122e-02,8.660975e-03,2.251886e-02,1.707201e-03,6.494964e-04,8.089295e-02,1.721866e-01,1.140634e-02,5.573929e-02,2.350771e-03,1.163979e-02,5.039417e-01,5.475494e-02
1.504221e-02,2.879692e-03,7.610154e-02,1.069206e-02,2.415670e-02,1.455323e-03,1.690801e-03,1.808799e-01,1.395588e-01,1.087364e-02,4.221669e-02,1.678683e-03,8.647266e-03,4.303262e-01,5.380056e-02
1.444905e-02,2.363208e-03,1.363285e-01,1.049693e-02,2.026326e-02,1.113939e-03,2.786512e-03,3.039821e-01,1.002104e-01,7.984223e-03,2.998020e-02,1.211226e-03,6.161328e-03,3.183339e-01,4.433535e-02
1.520948e-02,2.184919e-03,2.617033e-01,1.257869e-02,1.840624e-02,1.186086e-03,5.673170e-03,3.012707e-01,7.116172e-02,6.389226e-03,2.145605e-02,8.844009e-04,4.491237e-03,2.370794e-01,4.032540e-02
2.124086e-02,2.252069e-03,3.747005e-01,1.828825e-02,1.918154e-02,1.810117e-03,1.211872e-02,2.713454e-01,5.092585e-02,5.760281e-03,1.550221e-02,7.521747e-04,3.455364e-03,1.701676e-01,3.249914e-02
2.618681e-02,3.325480e-03,4.386896e-01,1.859757e-02,2.003362e-02,2.330744e-03,2.748544e-02,2.507115e-01,3.664029e-02,7.165396e-03,1.122288e-02,6.395981e-04,2.871020e-03,1.255528e-01,2.854735e-02
3.396210e-02,3.663994e-03,3.447380e-01,2.336329e-02,1.942854e-02,2.594127e-03,1.250485e-01,2.747349e-01,2.758472e-02,1.064091e-02,7.962200e-03,5.475646e-04,2.630660e-03,9.235565e-02,3.074495e-02
3.789275e-02,3.762323e-03,2.705441e-01,1.935410e-02,2.082974e-02,2.556397e-03,1.456625e-01,3.243161e-01,2.339702e-02,1.076115e-02,5.774532e-03,7.566033e-04,2.885964e-03,6.773128e-02,6.377549e-02
6.652293e-02,5.249098e-03,2.056776e-01,1.597627e-02,2.121489e-02,4.305664e-03,1.989117e-01,2.986568e-01,2.526153e-02,9.653009e-03,4.579433e-03,2.900520e-03,4.206853e-03,5.391926e-02,8.296450e-02
1.501852e-01,6.147519e-03,1.596125e-01,1.385889e-02,1.725956e-02,8.621379e-03,2.170053e-01,2.520516e-01,2.891920e-02,8.571190e-03,4.043291e-03,1.099296e-02,5.895263e-03,4.500988e-02,7.182631e-02
2.770914e-01,5.997071e-03,1.175615e-01,1.091297e-02,1.354122e-02,1.016903e-02,1.970554e-01,2.070678e-01,2.905497e-02,7.146617e-03,3.753472e-03,1.550042e-02,6.732242e-03,3.703587e-02,6.138000e-02
3.866212e-01,6.037299e-03,8.898985e-02,8.466342e-03,1.086983e-02,9.317026e-03,1.876519e-01,1.607399e-01,2.695562e-02,6.303585e-03,3.191188e-03,1.319204e-02,5.896618e-03,3.765668e-02,4.811104e-02
4.968393e-01,5.578728e-03,6.741230e-02,6.574031e-03,8.634911e-03,1.150693e-02,1.566645e-01,1.241381e-01,2.531659e-02,5.948214e-03,3.051834e-03,1.130183e-02,5.109095e-03,3.029971e-02,4.162394e-02
1.000000e+00,0.000000e+00,0.000000e+00,0.000000e+00,0.000000e+00,0.000000e+00,0.000000e+00,0.000000e+00,0.000000e+00,0.000000e+00,0.000000e+00,0.000000e+00,0.000000e+00,0.000000e+00,0.000000e+00
4.429267e-01,2.535768e-02,6.448765e-02,1.395295e-02,7.987732e-03,1.581195e-02,1.747519e-01,7.644912e-02,1.717661e-02,2.402880e-02,1.627192e-02,1.844492e-02,4.956418e-03,2.256267e-02,7.483298e-02
4.102705e-01,3.449155e-02,5.747024e-02,1.541203e-02,8.857735e-03,2.254055e-02,1.625049e-01,6.557833e-02,1.498827e-02,3.112600e-02,3.338051e-02,1.866332e-02,5.644868e-03,2.576748e-02,9.330378e-02
3.972908e-01,2.900637e-02,4.700673e-02,1.431328e-02,1.127640e-02,2.279434e-02,1.393565e-01,5.584846e-02,2.159165e-02,2.681390e-02,4.152967e-02,1.901220e-02,7.140483e-03,5.568559e-02,1.113338e-01
3.469363e-01,2.334514e-02,3.926796e-02,1.370879e-02,2.053137e-02,2.254339e-02,1.197006e-01,5.154680e-02,5.783968e-02,2.028590e-02,5.790821e-02,1.814638e-02,1.038648e-02,9.864081e-02,9.921223e-02
3.442568e-01,1.866018e-02,3.280537e-02,1.366724e-02,2.469721e-02,2.305967e-02,9.432913e-02,4.542977e-02,8.640005e-02,1.732950e-02,5.413042e-02,1.752193e-02,1.300151e-02,1.233855e-01,9.132569e-02
3.735704e-01,1.440704e-02,2.623807e-02,1.100294e-02,2.259748e-02,2.283955e-02,7.377250e-02,3.965023e-02,9.489675e-02,1.432397e-02,4.785808e-02,1.530304e-02,1.627377e-02,1.396860e-01,8.758028e-02
3.707112e-01,1.333348e-02,1.925805e-02,9.381201e-03,2.659037e-02,2.215358e-02,5.756170e-02,3.487049e-02,1.262728e-01,1.194218e-02,4.473310e-02,1.599583e-02,2.301060e-02,1.476223e-01,7.656309e-02
3.780660e-01,1.045376e-02,1.418001e-02,7.532579e-03,2.119252e-02,2.249881e-02,4.247628e-02,2.607752e-02,1.373248e-01,1.048068e-02,4.212284e-02,1.630379e-02,3.156791e-02,1.701950e-01,6.952750e-02
4.018373e-01,8.172829e-03,1.098953e-02,6.416963e-03,1.737528e-02,2.350983e-02,3.081695e-02,1.895162e-02,1.150874e-01,8.702725e-03,3.980855e-02,1.815279e-02,3.970684e-02,1.940239e-01,6.644743e-02
3.324614e-01,7.888710e-03,9.797023e-03,5.682701e-03,1.561145e-02,4.212243e-02,2.620533e-02,1.459687e-02,1.489842e-01,8.256305e-03,4.870644e-02,2.151641e-02,4.339326e-02,2.065721e-01,6.820532e-02
2.707745e-01,7.071523e-03,1.107764e-02,6.227152e-03,1.268539e-02,4.622363e-02,2.035391e-02,1.116406e-02,2.452362e-01,7.985311e-03,4.713188e-02,3.282845e-02,4.770262e-02,1.794868e-01,5.405097e-02
2.351076e-01,7.007026e-03,1.121184e-02,6.496465e-03,1.166463e-02,4.769865e-02,1.539598e-02,9.339210e-03,2.503150e-01,9.572301e-03,5.932851e-02,3.313466e-02,4.175593e-02,2.172665e-01,4.470580e-02
1.905238e-01,7.008360e-03,8.484108e-03,7.052134e-03,8.932781e-03,3.745351e-02,1.096883e-02,6.945414e-03,3.189645e-01,1.418562e-02,6.791295e-02,2.876234e-02,4.500270e-02,2.030680e-01,4.473497e-02
2.046286e-01,6.625125e-03,1.134401e-02,3.294661e-02,8.137655e-03,2.986952e-02,8.009111e-03,5.874716e-03,3.678085e-01,1.268848e-02,5.981156e-02,2.467385e-02,3.607585e-02,1.559990e-01,3.550731e-02
2.081824e-01,7.672180e-03,1.121429e-02,3.408759e-02,1.156422e-02,2.543047e-02,6.259712e-03,6.121539e-03,3.813380e-01,1.332874e-02,7.282192e-02,2.265377e-02,3.293766e-02,1.371361e-01,2.925147e-02
1.795757e-01,8.019228e-03,1.096578e-02,2.880967e-02,9.750315e-03,2.093783e-02,4.665624e-03,4.723373e-03,4.584850e-01,1.383174e-02,6.443398e-02,1.688196e-02,2.531634e-02,1.224522e-01,3.115117e-02
1.402162e-01,7.443157e-03,9.424152e-03,2.218377e-02,7.722103e-03,1.562018e-02,3.389169e-03,3.535525e-03,5.603038e-01,1.356159e-02,5.059252e-02,1.219628e-02,1.912170e-02,1.041359e-01,3.055391e-02
1.117463e-01,7.816778e-03,3.259932e-02,1.832365e-02,1.087999e-02,1.200004e-02,2.429908e-03,2.732842e-03,5.691917e-01,1.354314e-02,5.903522e-02,9.096650e-03,1.516644e-02,1.042719e-01,3.116609e-02
8.040162e-02,7.938541e-03,3.735549e-02,1.740346e-02,9.764124e-03,8.831957e-03,1.752205e-03,1.993818e-03,6.508960e-01,1.018276e-02,4.534904e-02,6.641913e-03,1.116481e-02,8.088356e-02,2.944069e-02
5.673691e-02,8.043230e-03,3.955198e-02,1.417070e-02,8.243836e-03,6.636444e-03,1.260542e-03,1.442109e-03,6.621575e-01,1.217337e-02,3.799763e-02,4.956399e-03,8.716255e-03,9.629848e-02,4.161462e-02
4.240147e-02,7.522350e-03,4.134507e-02,1.036755e-02,6.364034e-03,4.755721e-03,9.206700e-04,1.056841e-03,5.998909e-01,3.843199e-02,3.124208e-02,4.222712e-03,7.250030e-03,1.571966e-01,4.703194e-02
4.463816e-02,7.830003e-03,4.365685e-02,7.501692e-03,5.936594e-03,3.768303e-03,7.702322e-04,1.030418e-03,4.691334e-01,5.144330e-02,2.665683e-02,3.161364e-03,5.590976e-03,2.781319e-01,5.074995e-02
4.611835e-02,1.339149e-02,8.881603e-02,7.522588e-03,1.330006e-02,3.711041e-03,6.368762e-04,1.727595e-03,3.579964e-01,4.616217e-02,2.988782e-02,2.462965e-03,4.552699e-03,3.336878e-01,5.002616e-02
6.319060e-02,1.710964e-02,1.214115e-01,1.195912e-02,3.335941e-02,4.912165e-03,1.956907e-03,6.924549e-03,3.451728e-01,5.224089e-02,2.464890e-02,2.787471e-03,4.236498e-03,2.618685e-01,4.822116e-02
7.305992e-02,1.423813e-02,1.146511e-01,8.936331e-03,6.623712e-02,6.213017e-03,1.696673e-03,1.013647e-02,3.410687e-01,4.582844e-02,1.822662e-02,2.108355e-03,3.306726e-03,2.505319e-01,4.376052e-02
7.890925e-02,1.414746e-02,1.069013e-01,7.371707e-03,8.790673e-02,8.237337e-03,1.367804e-03,1.864680e-02,3.322555e-01,3.776250e-02,1.355052e-02,1.640995e-03,2.731845e-03,2.528854e-01,3.568484e-02
8.565053e-02,1.377754e-02,9.866909e-02,5.844032e-03,9.499075e-02,1.023577e-02,1.124253e-03,1.548439e-02,3.218943e-01,2.815634e-02,1.021908e-02,1.251431e-03,2.216742e-03,2.707442e-01,3.974147e-02
1.123197e-01,2.500484e-02,1.166987e-01,2.291037e-02,9.971164e-02,1.383493e-02,1.516588e-03,2.217267e-02,2.986391e-01,2.124071e-02,8.268363e-03,1.471365e-03,1.962910e-03,2.122002e-01,4.204796e-02
1.242994e-01,2.072018e-02,8.953565e-02,1.710118e-02,9.705253e-02,1.384938e-02,1.774926e-03,1.876740e-02,2.879753e-01,2.636516e-02,6.827737e-03,1.572089e-03,1.690280e-03,1.891569e-01,1.033120e-01
1.300363e-01,1.725043e-02,6.771412e-02,1.254019e-02,1.013906e-01,1.118289e-02,1.610079e-03,1.632353e-02,2.999011e-01,2.671733e-02,5.390511e-03,1.415216e-03,1.423088e-03,1.674722e-01,1.396324e-01
1.573145e-01,1.395948e-02,5.044645e-02,1.028243e-02,8.010485e-02,1.023530e-02,1.415589e-03,1.425957e-02,3.525931e-01,2.596136e-02,7.010513e-03,1.470266e-03,1.388222e-03,1.616673e-01,1.118910e-01
1.945898e-01,1.208142e-02,3.811348e-02,8.264877e-03,6.438893e-02,9.118930e-03,1.185049e-03,1.100317e-02,3.418652e-01,2.270130e-02,1.087557e-02,1.630346e-03,1.259189e-03,1.964573e-01,8.646542e-02
2.435675e-01,1.124187e-02,2.901333e-02,8.853115e-03,5.814580e-02,1.107746e-02,1.318078e-03,8.611823e-03,3.528098e-01,1.894680e-02,9.304517e-03,3.275016e-03,1.646748e-03,1.613979e-01,8.079028e-02
3.497257e-01,1.138978e-02,3.539817e-02,1.404922e-02,4.456780e-02,1.163169e-02,1.770483e-03,7.030079e-03,2.693494e-01,1.589681e-02,9.211704e-03,4.914340e-03,2.352283e-03,1.237977e-01,9.891483e-02
4.349899e-01,1.114712e-02,2.856486e-02,1.238557e-02,3.588356e-02,1.145429e-02,1.599680e-03,5.739209e-03,2.217836e-01,1.489851e-02,9.634518e-03,5.363378e-03,2.809135e-03,1.137071e-01,9.003960e-02
4.926232e-01,1.024592e-02,2.381853e-02,1.037324e-02,2.683212e-02,1.160253e-02,1.445708e-03,4.459711e-03,1.832791e-01,1.282214e-02,9.379236e-03,7.210913e-03,4.661181e-03,1.036822e-01,9.756422e-02
4.736141e-01,9.165592e-03,2.222146e-02,1.285324e-02,1.938368e-02,1.027024e-02,1.434866e-03,5.216978e-03,1.758853e-01,1.218335e-02,1.079873e-02,9.808812e-03,7.616780e-03,9.162519e-02,1.379217e-01
1.000000e+00,0.000000e+00,0.000000e+00,0.000000e+00,0.000000e+00,0.000000e+00,0.000000e+00,0.000000e+00,0.000000e+00,0.000000e+00,0.000000e+00,0.000000e+00,0.000000e+00,0.000000e+00,0.000000e+00
1.000000e+00,0.000000e+00,0.000000e+00,0.000000e+00,0.000000e+00,0.000000e+00,0.000000e+00,0.000000e+00,0.000000e+00,0.000000e+00,0.000000e+00,0.000000e+00,0.000000e+00,0.000000e+00,0.000000e+00
1.000000e+00,0.000000e+00,0.000000e+00,0.000000e+00,0.000000e+00,0.000000e+00,0.000000e+00,0.000000e+00,0.000000e+00,0.000000e+00,0.000000e+00,0.000000e+00,0.000000e+00,0.000000e+00,0.000000e+00
1.000000e+00,0.000000e+00,0.000000e+00,0.000000e+00,0.000000e+00,0.000000e+00,0.000000e+00,0.000000e+00,0.000000e+00,0.000000e+00,0.000000e+00,0.000000e+00,0.000000e+00,0.000000e+00,0.000000e+00
4.656351e-01,7.412580e-03,2.618056e-02,1.210435e-02,6.717618e-03,1.275650e-02,1.601908e-03,7.610837e-03,3.124212e-01,5.220714e-03,1.523304e-02,6.575446e-03,1.676619e-02,4.992809e-02,5.383591e-02
3.277171e-01,5.538826e-03,1.845871e-02,1.292766e-02,4.783568e-03,9.227605e-03,1.141373e-03,5.524508e-03,5.014634e-01,4.217310e-03,1.207533e-02,4.974476e-03,1.490335e-02,3.511441e-02,4.193242e-02
2.311511e-01,4.033658e-03,1.300698e-02,1.041770e-02,3.433655e-03,6.974052e-03,8.331373e-04,4.011177e-03,6.140600e-01,3.478738e-03,1.128211e-02,4.301600e-03,2.279464e-02,3.153013e-02,3.869127e-02
1.666189e-01,3.130288e-03,9.209809e-03,8.629610e-03,2.730846e-03,6.151164e-03,6.334075e-04,3.028591e-03,6.220317e-01,2.915009e-03,2.021484e-02,4.436707e-03,5.732774e-02,4.693388e-02,4.600748e-02
1.320873e-01,2.877802e-03,8.704503e-03,1.338115e-02,3.597913e-03,4.780077e-03,5.680716e-04,2.739909e-03,6.912117e-01,2.208082e-03,1.688747e-02,4.636765e-03,4.842266e-02,3.348649e-02,3.441013e-02
1.335935e-01,3.429327e-03,7.288244e-03,2.015735e-02,3.913135e-03,5.510945e-03,6.351903e-04,2.299141e-03,6.538817e-01,2.510918e-03,1.549079e-02,4.590211e-03,4.394899e-02,3.252621e-02,7.022434e-02
1.406079e-01,3.771268e-03,1.039589e-02,1.737210e-02,3.040463e-03,5.289783e-03,5.235377e-04,2.028967e-03,5.955180e-01,4.284155e-03,1.239553e-02,4.180221e-03,3.554123e-02,6.137725e-02,1.036738e-01
1.080763e-01,4.767145e-03,9.043316e-02,1.693346e-02,2.497697e-03,3.989971e-03,4.026005e-04,1.575861e-03,5.937529e-01,3.996406e-03,1.019145e-02,3.936667e-03,2.867188e-02,4.683512e-02,8.393944e-02
1.139201e-01,8.027155e-03,1.298285e-01,1.518706e-02,2.460711e-03,3.964172e-03,4.168756e-04,1.642911e-03,5.406415e-01,5.435179e-03,1.099422e-02,4.163629e-03,2.880333e-02,5.194688e-02,8.256774e-02
1.202661e-01,8.793154e-03,2.099014e-01,1.347892e-02,3.733881e-03,4.324130e-03,6.078279e-04,1.531121e-03,4.137127e-01,1.174959e-02,1.591829e-02,5.215807e-03,2.546943e-02,6.036250e-02,1.049351e-01
2.129336e-01,1.760457e-02,1.591012e-01,2.259364e-02,5.937532e-03,6.080385e-03,1.024140e-03,3.233589e-03,3.600219e-01,9.363711e-03,1.559800e-02,5.765050e-03,1.967284e-02,4.580627e-02,1.152635e-01
2.591674e-01,3.186903e-02,1.123024e-01,2.715670e-02,8.178178e-03,6.314774e-03,9.337775e-04,3.103880e-03,3.546457e-01,8.251110e-03,1.762625e-02,5.718854e-03,1.741012e-02,3.644428e-02,1.108776e-01
2.714066e-01,3.112531e-02,8.165474e-02,3.360751e-02,8.182830e-03,6.568777e-03,1.257101e-03,3.442177e-03,3.831878e-01,8.370420e-03,1.457758e-02,7.188866e-03,1.633503e-02,2.957759e-02,1.035176e-01
2.807395e-01,2.447739e-02,5.816847e-02,2.732441e-02,8.053659e-03,5.583044e-03,1.191544e-03,3.005445e-03,4.171508e-01,7.217353e-03,2.022437e-02,6.942957e-03,1.708266e-02,2.629339e-02,9.654498e-02
3.667391e-01,2.142997e-02,4.288691e-02,2.464600e-02,1.322834e-02,7.815539e-03,1.685286e-03,4.416409e-03,3.521070e-01,6.620157e-03,2.164541e-02,9.604877e-03,1.919573e-02,2.137546e-02,8.660376e-02
3.657863e-01,1.855475e-02,3.074120e-02,2.024346e-02,2.071844e-02,9.345821e-03,1.752150e-03,4.316130e-03,3.818776e-01,5.404230e-03,1.774052e-02,8.859806e-03,2.532051e-02,1.664461e-02,7.269447e-02
2.898797e-01,2.024926e-02,3.314947e-02,2.748141e-02,1.865341e-02,7.455403e-03,1.967912e-03,4.349337e-03,4.761217e-01,5.135263e-03,1.397589e-02,7.870679e-03,2.261252e-02,1.197527e-02,5.912275e-02
3.150298e-01,1.862893e-02,2.747438e-02,2.112149e-02,2.030944e-02,7.112574e-03,2.252887e-03,5.943630e-03,4.720328e-01,5.012461e-03,1.747236e-02,6.685000e-03,2.107435e-02,1.372606e-02,4.612388e-02
3.227744e-01,1.711505e-02,2.726463e-02,2.049171e-02,2.262243e-02,8.317407e-03,3.302861e-03,1.226321e-02,4.660215e-01,4.929938e-03,1.719549e-02,6.341044e-03,2.065572e-02,1.405581e-02,3.664877e-02
3.537650e-01,1.698451e-02,2.655669e-02,1.748933e-02,2.695429e-02,8.255975e-03,2.655552e-03,1.067547e-02,3.958550e-01,4.327463e-03,3.384942e-02,5.582320e-03,2.060686e-02,3.297821e-02,4.346391e-02
3.745165e-01,1.557759e-02,2.299319e-02,1.339952e-02,3.416809e-02,1.407404e-02,2.747049e-03,1.127421e-02,3.340550e-01,4.233710e-03,3.878240e-02,6.141739e-03,2.035444e-02,5.427128e-02,5.341121e-02
4.043826e-01,1.229761e-02,5.723763e-02,1.915601e-02,4.706960e-02,2.426992e-02,3.099691e-03,1.645057e-02,2.766124e-01,4.366137e-03,2.855254e-02,4.916421e-03,1.484712e-02,4.565509e-02,4.108667e-02
4.283565e-01,1.439776e-02,5.341745e-02,1.646983e-02,5.070032e-02,2.377462e-02,2.542519e-03,1.391916e-02,2.656686e-01,6.919847e-03,2.371024e-02,4.279777e-03,1.093953e-02,4.825120e-02,3.665265e-02
3.645845e-01,1.683691e-02,8.702507e-02,1.616337e-02,5.094799e-02,2.668864e-02,1.954308e-03,1.331884e-02,2.828461e-01,7.481897e-03,1.964658e-02,3.538946e-03,8.063870e-03,6.584004e-02,3.506300e-02
3.132690e-01,2.392074e-02,7.904909e-02,1.795938e-02,5.726393e-02,4.277182e-02,1.766664e-03,1.770313e-02,3.035542e-01,7.584386e-03,1.874986e-02,3.336451e-03,6.451906e-03,7.427164e-02,3.234780e-02
2.776462e-01,3.327865e-02,8.503740e-02,1.830100e-02,8.192665e-02,6.282102e-02,1.995783e-03,2.348427e-02,2.758858e-01,7.754752e-03,1.684812e-02,3.413832e-03,5.250408e-03,7.020555e-02,3.615054e-02
2.605792e-01,3.670409e-02,7.344662e-02,1.594186e-02,9.861619e-02,5.340881e-02,1.748894e-03,2.148434e-02,2.940616e-01,9.600000e-03,1.570095e-02,3.395385e-03,4.299048e-03,7.090442e-02,4.010865e-02
2.763207e-01,3.206448e-02,5.496418e-02,1.541973e-02,8.958456e-02,4.035629e-02,1.378426e-03,1.856361e-02,3.398284e-01,9.624350e-03,1.421772e-02,3.786288e-03,3.636972e-03,5.977901e-02,4.047535e-02
3.069298e-01,2.542024e-02,5.644051e-02,1.263331e-02,7.364868e-02,3.100790e-02,1.194663e-03,1.622904e-02,3.615365e-01,8.358762e-03,1.218089e-02,3.801788e-03,3.195874e-03,5.316459e-02,3.425739e-02
3.456075e-01,2.078733e-02,4.719550e-02,1.556077e-02,7.912986e-02,2.486175e-02,1.322113e-03,1.743515e-02,3.563465e-01,6.704116e-03,1.016740e-02,6.030135e-03,3.322262e-03,3.927154e-02,2.625796e-02
4.210085e-01,1.676184e-02,3.651271e-02,1.468419e-02,7.735222e-02,2.192424e-02,1.335043e-03,1.371270e-02,3.201216e-01,5.404328e-03,8.533793e-03,7.718071e-03,3.427275e-03,3.048855e-02,2.101497e-02
4.471015e-01,1.433212e-02,3.814343e-02,1.291746e-02,6.357143e-02,1.960096e-02,1.317416e-03,1.300149e-02,3.211433e-01,4.655311e-03,8.454773e-03,8.539713e-03,3.336178e-03,2.551147e-02,1.837351e-02
1.000000e+00,0.000000e+00,0.000000e+00,0.000000e+00,0.000000e+00,0.000000e+00,0.000000e+00,0.000000e+00,0.000000e+00,0.000000e+00,0.000000e+00,0.000000e+00,0.000000e+00,0.000000e+00,0.000000e+00
1.000000e+00,0.000000e+00,0.000000e+00,0.000000e+00,0.000000e+00,0.000000e+00,0.000000e+00,0.000000e+00,0.000000e+00,0.000000e+00,0.000000e+00,0.000000e+00,0.000000e+00,0.000000e+00,0.000000e+00
1.000000e+00,0.000000e+00,0.000000e+00,0.000000e+00,0.000000e+00,0.000000e+00,0.000000e+00,0.000000e+00,0.000000e+00,0.000000e+00,0.000000e+00,0.000000e+00,0.000000e+00,0.000000e+00,0.000000e+00
1.000000e+00,0.000000e+00,0.000000e+00,0.000000e+00,0.000000e+00,0.000000e+00,0.000000e+00,0.000000e+00,0.000000e+00,0.000000e+00,0.000000e+00,0.000000e+00,0.000000e+00,0.000000e+00,0.000000e+00
1.000000e+00,0.000000e+00,0.000000e+00,0.000000e+00,0.000000e+00,0.000000e+00,0.000000e+00,0.000000e+00,0.000000e+00,0.000000e+00,0.000000e+00,0.000000e+00,0.000000e+00,0.000000e+00,0.000000e+00
1.000000e+00,0.000000e+00,0.000000e+00,0.000000e+00,0.000000e+00,0.000000e+00,0.000000e+00,0.000000e+00,0.000000e+00,0.000000e+00,0.000000e+00,0.000000e+00,0.000000e+00,0.000000e+00,0.000000e+00
1.000000e+00,0.000000e+00,0.000000e+00,0.000000e+00,0.000000e+00,0.000000e+00,0.000000e+00,0.000000e+00,0.000000e+00,0.000000e+00,0.000000e+00,0.000000e+00,0.000000e+00,0.000000e+00,0.000000e+00
1.000000e+00,0.000000e+00,0.000000e+00,0.000000e+00,0.000000e+00,0.000000e+00,0.000000e+00,0.000000e+00,0.000000e+00,0.000000e+00,0.000000e+00,0.000000e+00,0.000000e+00,0.000000e+00,0.000000e+00
1.000000e+00,0.000000e+00,0.000000e+00,0.000000e+00,0.000000e+00,0.000000e+00,0.000000e+00,0.000000e+00,0.000000e+00,0.000000e+00,0.000000e+00,0.000000e+00,0.000000e+00,0.000000e+00,0.000000e+00
1.000000e+00,0.000000e+00,0.000000e+00,0.000000e+00,0.000000e+00,0.000000e+00,0.000000e+00,0.000000e+00,0.000000e+00,0.000000e+00,0.000000e+00,0.000000e+00,0.000000e+00,0.000000e+00,0.000000e+00
1.000000e+00,0.000000e+00,0.000000e+00,0.000000e+00,0.000000e+00,0.000000e+00,0.000000e+00,0.000000e+00,0.000000e+00,0.000000e+00,0.000000e+00,0.000000e+00,0.000000e+00,0.000000e+00,0.000000e+00
1.000000e+00,0.000000e+00,0.000000e+00,0.000000e+00,0.000000e+00,0.000000e+00,0.000000e+00,0.000000e+00,0.000000e+00,0.000000e+00,0.000000e+00,0.000000e+00,0.000000e+00,0.000000e+00,0.000000e+00
1.000000e+00,0.000000e+00,0.000000e+00,0.000000e+00,0.000000e+00,0.000000e+00,0.000000e+00,0.000000e+00,0.000000e+00,0.000000e+00,0.000000e+00,0.000000e+00,0.000000e+00,0.000000e+00,0.000000e+00
1.000000e+00,0.000000e+00,0.000000e+00,0.000000e+00,0.000000e+00,0.000000e+00,0.000000e+00,0.000000e+00,0.000000e+00,0.000000e+00,0.000000e+00,0.000000e+00,0.000000e+00,0.000000e+00,0.000000e+00
4.734682e-01,1.181189e-02,2.011809e-02,1.308054e-02,8.578384e-03,1.304942e-02,2.579384e-03,7.536764e-03,1.282864e-01,3.822110e-03,6.037807e-02,8.957661e-03,2.501558e-02,2.039750e-01,1.934257e-02
1.000000e+00,0.000000e+00,0.000000e+00,0.000000e+00,0.000000e+00,0.000000e+00,0.000000e+00,0.000000e+00,0.000000e+00,0.000000e+00,0.000000e+00,0.000000e+00,0.000000e+00,0.000000e+00,0.000000e+00
4.723488e-01,1.374445e-02,1.322998e-02,1.941164e-02,6.814702e-03,1.977406e-02,4.266297e-03,8.124816e-03,1.400889e-01,4.122349e-03,6.687316e-02,1.043468e-02,2.627276e-02,1.686868e-01,2.580658e-02
4.345303e-01,1.243862e-02,1.116563e-02,1.641151e-02,5.695208e-03,1.833219e-02,3.986082e-03,7.167454e-03,1.198870e-01,6.474888e-03,7.183270e-02,9.759460e-03,2.270291e-02,2.354288e-01,2.418726e-02
3.837375e-01,1.082625e-02,1.023708e-02,1.365507e-02,4.783174e-03,1.632796e-02,3.325092e-03,6.270260e-03,1.160561e-01,7.248376e-03,7.361117e-02,8.615278e-03,1.929705e-02,3.060455e-01,1.996410e-02
3.954577e-01,1.221630e-02,1.008904e-02,1.808570e-02,4.181088e-03,1.548574e-02,3.115054e-03,6.049585e-03,1.102141e-01,6.466865e-03,8.072000e-02,8.009401e-03,1.703885e-02,2.946001e-01,1.827057e-02
3.439440e-01,1.058607e-02,8.245727e-03,1.568436e-02,3.539699e-03,1.394190e-02,2.684602e-03,5.530472e-03,1.034113e-01,5.933091e-03,1.158070e-01,1.083080e-02,1.669709e-02,3.269159e-01,1.624800e-02
2.873361e-01,8.803909e-03,6.807702e-03,1.309680e-02,2.930342e-03,1.131128e-02,2.332166e-03,4.662999e-03,1.041012e-01,5.275063e-03,1.333860e-01,1.163970e-02,1.529332e-02,3.803616e-01,1.266184e-02
2.235102e-01,1.071406e-02,8.428588e-03,1.097235e-02,3.256120e-03,1.006478e-02,2.006818e-03,3.594035e-03,9.535444e-02,4.254221e-03,1.607798e-01,1.020056e-02,1.196383e-02,4.351707e-01,9.729553e-03
1.620546e-01,8.092143e-03,6.989979e-03,8.614028e-03,2.958918e-03,9.365959e-03,1.521909e-03,2.668533e-03,8.174106e-02,4.304565e-03,1.919438e-01,8.833452e-03,9.375012e-03,4.934697e-01,8.066438e-03
