1.000000e+00,0.000000e+00,0.000000e+00,0.000000e+00,0.000000e+00,0.000000e+00,0.000000e+00,0.000000e+00,0.000000e+00,0.000000e+00,0.000000e+00,0.000000e+00,0.000000e+00,0.000000e+00,0.000000e+00
1.000000e+00,0.000000e+00,0.000000e+00,0.000000e+00,0.000000e+00,0.000000e+00,0.000000e+00,0.000000e+00,0.000000e+00,0.000000e+00,0.000000e+00,0.000000e+00,0.000000e+00,0.000000e+00,0.000000e+00
1.000000e+00,0.000000e+00,0.000000e+00,0.000000e+00,0.000000e+00,0.000000e+00,0.000000e+00,0.000000e+00,0.000000e+00,0.000000e+00,0.000000e+00,0.000000e+00,0.000000e+00,0.000000e+00,0.000000e+00
1.000000e+00,0.000000e+00,0.000000e+00,0.000000e+00,0.000000e+00,0.000000e+00,0.000000e+00,0.000000e+00,0.000000e+00,0.000000e+00,0.000000e+00,0.000000e+00,0.000000e+00,0.000000e+00,0.000000e+00
1.000000e+00,0.000000e+00,0.000000e+00,0.000000e+00,0.000000e+00,0.000000e+00,0.000000e+00,0.000000e+00,0.000000e+00,0.000000e+00,0.000000e+00,0.000000e+00,0.000000e+00,0.000000e+00,0.000000e+00
1.000000e+00,0.000000e+00,0.000000e+00,0.000000e+00,0.000000e+00,0.000000e+00,0.000000e+00,0.000000e+00,0.000000e+00,0.000000e+00,0.000000e+00,0.000000e+00,0.000000e+00,0.000000e+00,0.000000e+00
1.000000e+00,0.000000e+00,0.000000e+00,0.000000e+00,0.000000e+00,0.000000e+00,0.000000e+00,0.000000e+00,0.000000e+00,0.000000e+00,0.000000e+00,0.000000e+00,0.000000e+00,0.000000e+00,0.000000e+00
1.000000e+00,0.000000e+00,0.000000e+00,0.000000e+00,0.000000e+00,0.000000e+00,0.000000e+00,0.000000e+00,0.000000e+00,0.000000e+00,0.000000e+00,0.000000e+00,0.000000e+00,0.000000e+00,0.000000e+00
1.000000e+00,0.000000e+00,0.000000e+00,0.000000e+00,0.000000e+00,0.000000e+00,0.000000e+00,0.000000e+00,0.000000e+00,0.000000e+00,0.000000e+00,0.000000e+00,0.000000e+00,0.000000e+00,0.000000e+00
1.000000e+00,0.000000e+00,0.000000e+00,0.000000e+00,0.000000e+00,0.000000e+00,0.000000e+00,0.000000e+00,0.000000e+00,0.000000e+00,0.000000e+00,0.000000e+00,0.000000e+00,0.000000e+00,0.000000e+00
1.000000e+00,0.000000e+00,0.000000e+00,0.000000e+00,0.000000e+00,0.000000e+00,0.000000e+00,0.000000e+00,0.000000e+00,0.000000e+00,0.000000e+00,0.000000e+00,0.000000e+00,0.000000e+00,0.000000e+00
1.000000e+00,0.000000e+00,0.000000e+00,0.000000e+00,0.000000e+00,0.000000e+00,0.000000e+00,0.000000e+00,0.000000e+00,0.000000e+00,0.000000e+00,0.000000e+00,0.000000e+00,0.000000e+00,0.000000e+00
1.000000e+00,0.000000e+00,0.000000e+00,0.000000e+00,0.000000e+00,0.000000e+00,0.000000e+00,0.000000e+00,0.000000e+00,0.000000e+00,0.000000e+00,0.000000e+00,0.000000e+00,0.000000e+00,0.000000e+00
1.000000e+00,0.000000e+00,0.000000e+00,0.000000e+00,0.000000e+00,0.000000e+00,0.000000e+00,0.000000e+00,0.000000e+00,0.000000e+00,0.000000e+00,0.000000e+00,0.000000e+00,0.000000e+00,0.000000e+00
1.000000e+00,0.000000e+00,0.000000e+00,0.000000e+00,0.000000e+00,0.000000e+00,0.000000e+00,0.000000e+00,0.000000e+00,0.000000e+00,0.000000e+00,0.000000e+00,0.000000e+00,0.000000e+00,0.000000e+00
1.000000e+00,0.000000e+00,0.000000e+00,0.000000e+00,0.000000e+00,0.000000e+00,0.000000e+00,0.000000e+00,0.000000e+00,0.000000e+00,0.000000e+00,0.000000e+00,0.000000e+00,0.000000e+00,0.000000e+00
1.000000e+00,0.000000e+00,0.000000e+00,0.000000e+00,0.000000e+00,0.000000e+00,0.000000e+00,0.000000e+00,0.000000e+00,0.000000e+00,0.000000e+00,0.000000e+00,0.000000e+00,0.000000e+00,0.000000e+00
1.000000e+00,0.000000e+00,0.000000e+00,0.000000e+00,0.000000e+00,0.000000e+00,0.000000e+00,0.000000e+00,0.000000e+00,0.000000e+00,0.000000e+00,0.000000e+00,0.000000e+00,0.000000e+00,0.000000e+00
1.000000e+00,0.000000e+00,0.000000e+00,0.000000e+00,0.000000e+00,0.000000e+00,0.000000e+00,0.000000e+00,0.000000e+00,0.000000e+00,0.000000e+00,0.000000e+00,0.000000e+00,0.000000e+00,0.000000e+00
1.000000e+00,0.000000e+00,0.000000e+00,0.000000e+00,0.000000e+00,0.000000e+00,0.000000e+00,0.000000e+00,0.000000e+00,0.000000e+00,0.000000e+00,0.000000e+00,0.000000e+00,0.000000e+00,0.000000e+00
1.000000e+00,0.000000e+00,0.000000e+00,0.000000e+00,0.000000e+00,0.000000e+00,0.000000e+00,0.000000e+00,0.000000e+00,0.000000e+00,0.000000e+00,0.000000e+00,0.000000e+00,0.000000e+00,0.000000e+00
1.000000e+00,0.000000e+00,0.000000e+00,0.000000e+00,0.000000e+00,0.000000e+00,0.000000e+00,0.000000e+00,0.000000e+00,0.000000e+00,0.000000e+00,0.000000e+00,0.000000e+00,0.000000e+00,0.000000e+00
1.000000e+00,0.000000e+00,0.000000e+00,0.000000e+00,0.000000e+00,0.000000e+00,0.000000e+00,0.000000e+00,0.000000e+00,0.000000e+00,0.000000e+00,0.000000e+00,0.000000e+00,0.000000e+00,0.000000e+00
1.000000e+00,0.000000e+00,0.000000e+00,0.000000e+00,0.000000e+00,0.000000e+00,0.000000e+00,0.000000e+00,0.000000e+00,0.000000e+00,0.000000e+00,0.000000e+00,0.000000e+00,0.000000e+00,0.000000e+00
1.000000e+00,0.000000e+00,0.000000e+00,0.000000e+00,0.000000e+00,0.000000e+00,0.000000e+00,0.000000e+00,0.000000e+00,0.000000e+00,0.000000e+00,0.000000e+00,0.000000e+00,0.000000e+00,0.000000e+00
1.000000e+00,0.000000e+00,0.000000e+00,0.000000e+00,0.000000e+00,0.000000e+00,0.000000e+00,0.000000e+00,0.000000e+00,0.000000e+00,0.000000e+00,0.000000e+00,0.000000e+00,0.000000e+00,0.000000e+00
1.000000e+00,0.000000e+00,0.000000e+00,0.000000e+00,0.000000e+00,0.000000e+00,0.000000e+00,0.000000e+00,0.000000e+00,0.000000e+00,0.000000e+00,0.000000e+00,0.000000e+00,0.000000e+00,0.000000e+00
1.000000e+00,0.000000e+00,0.000000e+00,0.000000e+00,0.000000e+00,0.000000e+00,0.000000e+00,0.000000e+00,0.000000e+00,0.000000e+00,0.000000e+00,0.000000e+00,0.000000e+00,0.000000e+00,0.000000e+00
1.000000e+00,0.000000e+00,0.000000e+00,0.000000e+00,0.000000e+00,0.000000e+00,0.000000e+00,0.000000e+00,0.000000e+00,0.000000e+00,0.000000e+00,0.000000e+00,0.000000e+00,0.000000e+00,0.000000e+00
1.000000e+00,0.000000e+00,0.000000e+00,0.000000e+00,0.000000e+00,0.000000e+00,0.000000e+00,0.000000e+00,0.000000e+00,0.000000e+00,0.000000e+00,0.000000e+00,0.000000e+00,0.000000e+00,0.000000e+00
1.000000e+00,0.000000e+00,0.000000e+00,0.000000e+00,0.000000e+00,0.000000e+00,0.000000e+00,0.000000e+00,0.000000e+00,0.000000e+00,0.000000e+00,0.000000e+00,0.000000e+00,0.000000e+00,0.000000e+00
1.000000e+00,0.000000e+00,0.000000e+00,0.000000e+00,0.000000e+00,0.000000e+00,0.000000e+00,0.000000e+00,0.000000e+00,0.000000e+00,0.000000e+00,0.000000e+00,0.000000e+00,0.000000e+00,0.000000e+00
1.000000e+00,0.000000e+00,0.000000e+00,0.000000e+00,0.000000e+00,0.000000e+00,0.000000e+00,0.000000e+00,0.000000e+00,0.000000e+00,0.000000e+00,0.000000e+00,0.000000e+00,0.000000e+00,0.000000e+00
1.000000e+00,0.000000e+00,0.000000e+00,0.000000e+00,0.000000e+00,0.000000e+00,0.000000e+00,0.000000e+00,0.000000e+00,0.000000e+00,0.000000e+00,0.000000e+00,0.000000e+00,0.000000e+00,0.000000e+00
1.000000e+00,0.000000e+00,0.000000e+00,0.000000e+00,0.000000e+00,0.000000e+00,0.000000e+00,0.000000e+00,0.000000e+00,0.000000e+00,0.000000e+00,0.000000e+00,0.000000e+00,0.000000e+00,0.000000e+00
1.000000e+00,0.000000e+00,0.000000e+00,0.000000e+00,0.000000e+00,0.000000e+00,0.000000e+00,0.000000e+00,0.000000e+00,0.000000e+00,0.000000e+00,0.000000e+00,0.000000e+00,0.000000e+00,0.000000e+00
1.000000e+00,0.000000e+00,0.000000e+00,0.000000e+00,0.000000e+00,0.000000e+00,0.000000e+00,0.000000e+00,0.000000e+00,0.000000e+00,0.000000e+00,0.000000e+00,0.000000e+00,0.000000e+00,0.000000e+00
1.000000e+00,0.000000e+00,0.000000e+00,0.000000e+00,0.000000e+00,0.000000e+00,0.000000e+00,0.000000e+00,0.000000e+00,0.000000e+00,0.000000e+00,0.000000e+00,0.000000e+00,0.000000e+00,0.000000e+00
1.000000e+00,0.000000e+00,0.000000e+00,0.000000e+00,0.000000e+00,0.000000e+00,0.000000e+00,0.000000e+00,0.000000e+00,0.000000e+00,0.000000e+00,0.000000e+00,0.000000e+00,0.000000e+00,0.000000e+00
1.000000e+00,0.000000e+00,0.000000e+00,0.000000e+00,0.000000e+00,0.000000e+00,0.000000e+00,0.000000e+00,0.000000e+00,0.000000e+00,0.000000e+00,0.000000e+00,0.000000e+00,0.000000e+00,0.000000e+00
4.482499e-01,1.324386e-02,3.560098e-01,8.031163e-02,5.831223e-03,1.202372e-02,3.467540e-03,2.341660e-02,5.973440e-03,2.298586e-03,7.599678e-03,1.249022e-02,1.312206e-02,1.800895e-03,1.416088e-02
3.908435e-01,1.072159e-02,4.166005e-01,7.715429e-02,5.266521e-03,1.120806e-02,3.199347e-03,3.747442e-02,4.731062e-03,1.933939e-03,6.992944e-03,1.047383e-02,1.018935e-02,1.791517e-03,1.141917e-02
3.537402e-01,8.343598e-03,4.674743e-01,7.158161e-02,4.625981e-03,1.052656e-02,3.386444e-03,4.212042e-02,3.655413e-03,1.634815e-03,5.891376e-03,8.587049e-03,7.959869e-03,1.578781e-03,8.893624e-03
3.500130e-01,6.818377e-03,4.909264e-01,6.201795e-02,3.957813e-03,9.844518e-03,3.265209e-03,4.023285e-02,2.869890e-03,1.491737e-03,5.368710e-03,7.487488e-03,6.782829e-03,1.383716e-03,7.539460e-03
2.963831e-01,5.273800e-03,5.617074e-01,5.793168e-02,3.135304e-03,8.081160e-03,2.912371e-03,3.837678e-02,2.243483e-03,1.279946e-03,4.322713e-03,5.940408e-03,5.316716e-03,1.092199e-03,6.003014e-03
2.535293e-01,3.919153e-03,6.147608e-01,5.180368e-02,2.517669e-03,6.451558e-03,2.869875e-03,4.347460e-02,1.811115e-03,1.324120e-03,3.258751e-03,4.524821e-03,4.250491e-03,8.648702e-04,4.639196e-03
2.524377e-01,3.045369e-03,6.080471e-01,4.887139e-02,2.181286e-03,5.601688e-03,3.010320e-03,5.901773e-02,1.552057e-03,1.543336e-03,2.632736e-03,3.684461e-03,3.752625e-03,7.888518e-04,3.833367e-03
2.667912e-01,3.388191e-03,6.000669e-01,4.193342e-02,2.414286e-03,4.980433e-03,3.246898e-03,5.808669e-02,1.657811e-03,3.097602e-03,2.644944e-03,3.454616e-03,3.500725e-03,1.023573e-03,3.712712e-03
3.097704e-01,4.098236e-03,5.457410e-01,3.703370e-02,3.214630e-03,4.850052e-03,3.672316e-03,7.105903e-02,1.739150e-03,4.173804e-03,2.487072e-03,3.594548e-03,3.645940e-03,1.192302e-03,3.727805e-03
3.672017e-01,5.034192e-03,4.625804e-01,3.681412e-02,4.260360e-03,5.191762e-03,4.574965e-03,8.909450e-02,2.170974e-03,5.833401e-03,2.522622e-03,4.677217e-03,4.156417e-03,1.553624e-03,4.333683e-03
4.134030e-01,7.852577e-03,3.920308e-01,3.522651e-02,6.369898e-03,6.167812e-03,5.175044e-03,1.037294e-01,2.682410e-03,7.241881e-03,2.873205e-03,4.867498e-03,4.153830e-03,2.097856e-03,6.128368e-03
4.923951e-01,9.048833e-03,3.122984e-01,3.070334e-02,6.588985e-03,7.838366e-03,5.740478e-03,1.003453e-01,2.823501e-03,7.931820e-03,3.354818e-03,5.767184e-03,4.363295e-03,2.408412e-03,8.392301e-03
1.000000e+00,0.000000e+00,0.000000e+00,0.000000e+00,0.000000e+00,0.000000e+00,0.000000e+00,0.000000e+00,0.000000e+00,0.000000e+00,0.000000e+00,0.000000e+00,0.000000e+00,0.000000e+00,0.000000e+00
1.000000e+00,0.000000e+00,0.000000e+00,0.000000e+00,0.000000e+00,0.000000e+00,0.000000e+00,0.000000e+00,0.000000e+00,0.000000e+00,0.000000e+00,0.000000e+00,0.000000e+00,0.000000e+00,0.000000e+00
1.000000e+00,0.000000e+00,0.000000e+00,0.000000e+00,0.000000e+00,0.000000e+00,0.000000e+00,0.000000e+00,0.000000e+00,0.000000e+00,0.000000e+00,0.000000e+00,0.000000e+00,0.000000e+00,0.000000e+00
1.000000e+00,0.000000e+00,0.000000e+00,0.000000e+00,0.000000e+00,0.000000e+00,0.000000e+00,0.000000e+00,0.000000e+00,0.000000e+00,0.000000e+00,0.000000e+00,0.000000e+00,0.000000e+00,0.000000e+00
1.000000e+00,0.000000e+00,0.000000e+00,0.000000e+00,0.000000e+00,0.000000e+00,0.000000e+00,0.000000e+00,0.000000e+00,0.000000e+00,0.000000e+00,0.000000e+00,0.000000e+00,0.000000e+00,0.000000e+00
4.669209e-01,1.513405e-02,5.023488e-02,2.355456e-02,4.084062e-03,1.522512e-02,3.489247e-03,1.988463e-02,1.012903e-01,6.159764e-02,8.862602e-03,1.448703e-02,1.556901e-02,1.801483e-02,1.816512e-01
3.519552e-01,1.458859e-02,3.593430e-02,2.068276e-02,3.489205e-03,1.315512e-02,2.593733e-03,1.502529e-02,2.185148e-01,6.825419e-02,8.921960e-03,1.208830e-02,1.520360e-02,1.912031e-02,2.004727e-01
2.472737e-01,1.151579e-02,2.588912e-02,3.762994e-02,2.690475e-03,9.574148e-03,1.845032e-03,1.081706e-02,4.137587e-01,4.968232e-02,6.602673e-03,8.591811e-03,1.096787e-02,1.367229e-02,1.494891e-01
1.902639e-01,1.338572e-02,2.449369e-02,7.082488e-02,2.637848e-03,9.264045e-03,1.612670e-03,9.369317e-03,4.407670e-01,4.860997e-02,7.299696e-03,6.989067e-03,1.445579e-02,1.149537e-02,1.485311e-01
2.335392e-01,1.733933e-02,2.347170e-02,1.038727e-01,3.802668e-03,2.664725e-02,2.488483e-03,9.653213e-03,3.316658e-01,4.097832e-02,1.464209e-02,1.873055e-02,2.564959e-02,1.381944e-02,1.336997e-01
2.090631e-01,2.493953e-02,1.891950e-02,8.425756e-02,4.246545e-03,2.665656e-02,3.272150e-03,8.271827e-03,2.807676e-01,5.463279e-02,2.005149e-02,1.810777e-02,3.101689e-02,6.808525e-02,1.477114e-01
2.439441e-01,2.539528e-02,1.603229e-02,7.315592e-02,7.606792e-03,2.994847e-02,3.501966e-03,7.860877e-03,2.146272e-01,4.378024e-02,2.233442e-02,2.149428e-02,3.060365e-02,6.925404e-02,1.904604e-01
2.182679e-01,2.661188e-02,2.480772e-02,1.042936e-01,1.373743e-02,3.273892e-02,3.233548e-03,9.082558e-03,2.231520e-01,3.743541e-02,3.068183e-02,2.212590e-02,2.665749e-02,6.260329e-02,1.645705e-01
2.562404e-01,2.637857e-02,2.225319e-02,8.070783e-02,1.759364e-02,3.259257e-02,3.500519e-03,8.505413e-03,2.062791e-01,2.802188e-02,3.700814e-02,2.756719e-02,3.042454e-02,7.541427e-02,1.475128e-01
2.902959e-01,2.290326e-02,1.939107e-02,6.787397e-02,1.848576e-02,3.618653e-02,3.928925e-03,8.957689e-03,2.035443e-01,2.180142e-02,4.100008e-02,3.301114e-02,3.349904e-02,7.471363e-02,1.244072e-01
2.303222e-01,1.768615e-02,1.661385e-02,5.018131e-02,1.330548e-02,2.743666e-02,2.900394e-03,6.520671e-03,3.121096e-01,1.810753e-02,3.926155e-02,2.713336e-02,2.814722e-02,1.011519e-01,1.091222e-01
1.845190e-01,1.362463e-02,1.217946e-02,3.638801e-02,1.013679e-02,2.396420e-02,2.141530e-03,4.764380e-03,4.222361e-01,1.402654e-02,3.821155e-02,2.021047e-02,2.565237e-02,9.676989e-02,9.517510e-02
1.624710e-01,9.950548e-03,9.562395e-03,2.636427e-02,8.368388e-03,1.792862e-02,1.650497e-03,4.282921e-03,5.155625e-01,1.071969e-02,3.415187e-02,1.536857e-02,3.127284e-02,8.049060e-02,7.185539e-02
1.180297e-01,7.117014e-03,6.748608e-03,1.916247e-02,7.698339e-03,1.303551e-02,1.316915e-03,3.537898e-03,4.007419e-01,9.400245e-03,5.596528e-02,1.486345e-02,1.318081e-01,7.343227e-02,1.371423e-01
8.368895e-02,5.092281e-03,4.887285e-03,1.348701e-02,1.814611e-02,9.303381e-03,1.153645e-03,4.626244e-03,3.114524e-01,9.044251e-03,5.849591e-02,1.442117e-02,2.260695e-01,5.920740e-02,1.809245e-01
5.890746e-02,3.787404e-03,3.821462e-03,9.470906e-03,1.944028e-02,6.693705e-03,1.121765e-03,3.620452e-03,2.360713e-01,9.924375e-03,5.148219e-02,1.530922e-02,2.745505e-01,5.040881e-02,2.553901e-01
4.185773e-02,4.212112e-03,6.461473e-03,6.726903e-03,9.023577e-02,5.337692e-03,2.953660e-03,3.031284e-03,1.803005e-01,1.223641e-02,5.017270e-02,1.263246e-02,2.575527e-01,6.022929e-02,2.660592e-01
2.979615e-02,5.869473e-03,8.027514e-03,4.762000e-03,1.101713e-01,6.663965e-03,7.114073e-03,5.852683e-03,1.433213e-01,1.832759e-02,4.458187e-02,1.164806e-02,2.499042e-01,5.471765e-02,2.992422e-01
2.152390e-02,4.638304e-03,6.253373e-03,3.490822e-03,1.651971e-01,6.140057e-03,7.354226e-03,5.227095e-03,1.225019e-01,2.810878e-02,4.969015e-02,1.094451e-02,2.596592e-01,4.427334e-02,2.649972e-01
1.631084e-02,3.863657e-03,7.948723e-03,2.743351e-03,2.027380e-01,5.917626e-03,1.883864e-02,1.931280e-02,1.180469e-01,3.720167e-02,5.087870e-02,9.486072e-03,2.289420e-01,3.393382e-02,2.438372e-01
1.340664e-02,4.467280e-03,7.223320e-03,2.769473e-03,1.564933e-01,8.277630e-03,1.375382e-02,1.666542e-02,1.089907e-01,2.857427e-02,4.161376e-02,9.938330e-03,3.769054e-01,2.443084e-02,1.864899e-01
1.665566e-02,6.333619e-03,8.846946e-03,3.103046e-03,1.667565e-01,9.495174e-03,1.075781e-02,1.426374e-02,1.000091e-01,2.166168e-02,3.448660e-02,9.963615e-03,4.361012e-01,1.824884e-02,1.433165e-01
5.350927e-02,7.884043e-03,7.216638e-03,1.392852e-02,1.426406e-01,1.755131e-02,8.455033e-03,1.238395e-02,1.328772e-01,1.848836e-02,2.924820e-02,1.568775e-02,4.216775e-01,1.383856e-02,1.046130e-01
5.446535e-02,1.217423e-02,9.732577e-03,1.487325e-02,1.156821e-01,2.352760e-02,7.994706e-03,1.456139e-02,1.994632e-01,1.457583e-02,2.702679e-02,1.607735e-02,3.955888e-01,1.091013e-02,8.334673e-02
9.900264e-02,1.373348e-02,1.056695e-02,2.286440e-02,1.001144e-01,2.953745e-02,6.852380e-03,1.251539e-02,2.161990e-01,1.152154e-02,2.485926e-02,3.191406e-02,3.487898e-01,8.746385e-03,6.278290e-02
1.533265e-01,1.607975e-02,1.155961e-02,3.279626e-02,8.750589e-02,2.978402e-02,6.810476e-03,1.537947e-02,1.825630e-01,9.218422e-03,2.524279e-02,4.591389e-02,3.281938e-01,7.064359e-03,4.856184e-02
2.203866e-01,1.930307e-02,1.200290e-02,4.117198e-02,7.326549e-02,3.381820e-02,5.794880e-03,1.490328e-02,1.508301e-01,7.537884e-03,2.398228e-02,4.819925e-02,3.050421e-01,5.887366e-03,3.787463e-02
2.344644e-01,2.011931e-02,8.936175e-03,3.295796e-02,5.834490e-02,3.051450e-02,4.569767e-03,1.247092e-02,1.209690e-01,6.176227e-03,1.891434e-02,4.381027e-02,3.738083e-01,4.520913e-03,2.942303e-02
1.958391e-01,1.538770e-02,6.514044e-03,2.493755e-02,4.277512e-02,2.334239e-02,3.401504e-03,9.327303e-03,8.761535e-02,4.678580e-03,1.429385e-02,3.684891e-02,5.093836e-01,3.384129e-03,2.227102e-02
1.580790e-01,1.199278e-02,4.784306e-03,1.946389e-02,3.149516e-02,1.795746e-02,2.533230e-03,7.008609e-03,6.385385e-02,3.510157e-03,1.115510e-02,3.159087e-02,6.170663e-01,2.528663e-03,1.698067e-02
1.196057e-01,9.071769e-03,4.047720e-03,1.414954e-02,2.431615e-02,1.409409e-02,2.561712e-03,5.889075e-03,4.686055e-02,2.601044e-03,8.248663e-03,2.664331e-02,7.070668e-01,1.910519e-03,1.293330e-02
9.712025e-02,8.744003e-03,3.136776e-03,1.129825e-02,1.862249e-02,1.132155e-02,1.994884e-03,4.530217e-03,3.690803e-02,2.075168e-03,6.691271e-03,2.689746e-02,7.594472e-01,1.508110e-03,9.704377e-03
6.875518e-02,7.020215e-03,2.875870e-03,8.586313e-03,1.450481e-02,8.756954e-03,1.675351e-03,3.620952e-03,2.803240e-02,1.537643e-03,5.251940e-03,2.426510e-02,8.164258e-01,1.172981e-03,7.518449e-03
4.861385e-02,6.020239e-03,2.509220e-03,6.283497e-03,1.145436e-02,6.582961e-03,1.227005e-03,2.676779e-03,2.189943e-02,1.110304e-03,4.005989e-03,2.193440e-02,8.591385e-01,9.250568e-04,5.618329e-03
3.451187e-02,4.478349e-03,2.416198e-03,4.606073e-03,1.056391e-02,5.348610e-03,9.930171e-04,2.784655e-03,1.664854e-02,7.953231e-04,3.111803e-03,1.799226e-02,8.907309e-01,7.559488e-04,4.262572e-03
2.698218e-02,3.352888e-03,2.311864e-03,3.605753e-03,1.046153e-02,4.460341e-03,7.482877e-04,2.219294e-03,1.243174e-02,5.776619e-04,2.683010e-03,1.429733e-02,9.118162e-01,7.514308e-04,3.300531e-03
2.028375e-02,2.587611e-03,2.157849e-03,2.743422e-03,1.021707e-02,3.447277e-03,5.598227e-04,2.010739e-03,9.466656e-03,4.167820e-04,2.143661e-03,1.241084e-02,9.284626e-01,6.529067e-04,2.439023e-03
1.615540e-02,2.222289e-03,3.306666e-03,2.616187e-03,1.107292e-02,4.531773e-03,5.223759e-04,2.835739e-03,7.814698e-03,3.574893e-04,1.948299e-03,1.038309e-02,9.337273e-01,5.601465e-04,1.945660e-03
1.480285e-02,2.036926e-03,2.919062e-03,2.137817e-03,2.086194e-02,6.308430e-03,7.240803e-04,3.041992e-03,6.204817e-03,3.996051e-04,2.151589e-03,1.239137e-02,9.238245e-01,4.761897e-04,1.718824e-03
1.381564e-02,1.867665e-03,2.253837e-03,1.700844e-03,2.367148e-02,5.275923e-03,6.859126e-04,2.462144e-03,6.132882e-03,4.053596e-04,2.215079e-03,1.621180e-02,9.213421e-01,3.820307e-04,1.577313e-03
1.212778e-02,1.582957e-03,1.788412e-03,1.431215e-03,3.503358e-02,8.489477e-03,8.939658e-04,3.778063e-03,8.178968e-03,5.474429e-04,3.118795e-03,1.801617e-02,9.031153e-01,3.715123e-04,1.526457e-03
1.147309e-02,1.220716e-03,1.450476e-03,1.143420e-03,3.071613e-02,8.708155e-03,9.145039e-04,4.951800e-03,6.502903e-03,4.911131e-04,3.057284e-03,2.276469e-02,9.043984e-01,3.275166e-04,1.879792e-03
9.836946e-03,1.044081e-03,1.106231e-03,8.621676e-04,2.805186e-02,8.046204e-03,7.124901e-04,3.790606e-03,5.905997e-03,3.763311e-04,2.461426e-03,2.484061e-02,9.108834e-01,3.468409e-04,1.734828e-03
1.931784e-02,1.278413e-03,6.022567e-03,4.184898e-03,3.918635e-02,1.634819e-02,9.125135e-04,6.414738e-03,7.045089e-03,5.537670e-04,2.474415e-03,2.302050e-02,8.712791e-01,3.608368e-04,1.600807e-03
2.827505e-02,1.781664e-03,7.661441e-03,3.889863e-03,4.061893e-02,1.984406e-02,7.700654e-04,6.614722e-03,7.574873e-03,5.148540e-04,2.417031e-03,2.309093e-02,8.553431e-01,3.053233e-04,1.298123e-03
3.435384e-02,1.563545e-03,6.956059e-03,2.849503e-03,5.348287e-02,1.871015e-02,1.853535e-03,5.904281e-03,5.966703e-03,4.271975e-04,2.052588e-03,2.242566e-02,8.419487e-01,2.752977e-04,1.230099e-03
3.283959e-02,1.549557e-03,5.432005e-03,2.135015e-03,5.620994e-02,1.447449e-02,1.728986e-03,4.835157e-03,4.525674e-03,3.208866e-04,1.587817e-03,2.187653e-02,8.512975e-01,2.007438e-04,9.861364e-04
3.210335e-02,2.618993e-03,4.928271e-03,1.709655e-03,4.632413e-02,1.160755e-02,1.451773e-03,4.174154e-03,4.270946e-03,3.157159e-04,1.296200e-03,2.157594e-02,8.664746e-01,2.038564e-04,9.448192e-04
3.221786e-02,3.033421e-03,4.540185e-03,1.464882e-03,3.677049e-02,1.130732e-02,1.846575e-03,5.948229e-03,4.068695e-03,2.895054e-04,1.163291e-03,2.484244e-02,8.709659e-01,2.286477e-04,1.312519e-03
3.389879e-02,4.466730e-03,7.112718e-03,1.315751e-03,4.350817e-02,9.126427e-03,3.682846e-03,8.263384e-03,4.665220e-03,2.565385e-04,1.007847e-03,3.904162e-02,8.421297e-01,2.834607e-04,1.240769e-03
3.044952e-02,3.735573e-03,5.737034e-03,1.083197e-03,4.408040e-02,7.308819e-03,3.968000e-03,7.797350e-03,3.755959e-03,2.321752e-04,8.979965e-04,3.764232e-02,8.518925e-01,2.776464e-04,1.141493e-03
2.973698e-02,3.263458e-03,4.926056e-03,9.661491e-04,5.526965e-02,7.793383e-03,4.649832e-03,8.212611e-03,3.247363e-03,1.951833e-04,8.480747e-04,3.545017e-02,8.441777e-01,2.732479e-04,9.900994e-04
5.272210e-02,5.605082e-03,9.713945e-03,1.034056e-03,6.017121e-02,9.439955e-03,7.084745e-03,1.271816e-02,4.705610e-03,2.387609e-04,9.490796e-04,3.566156e-02,7.978548e-01,1.088705e-03,1.012204e-03
5.546160e-02,4.215936e-03,7.352281e-03,8.803236e-04,4.847394e-02,7.782373e-03,6.500985e-03,1.442560e-02,3.595158e-03,2.386444e-04,8.706532e-04,2.973282e-02,8.187646e-01,8.479323e-04,8.571361e-04
5.017119e-02,3.353040e-03,5.490546e-03,7.314184e-04,3.711644e-02,6.805776e-03,5.456272e-03,1.238423e-02,2.878462e-03,2.127904e-04,7.226065e-04,2.486163e-02,8.485208e-01,6.555981e-04,6.392360e-04
4.151945e-02,2.717130e-03,4.023041e-03,5.745818e-04,2.975127e-02,5.354322e-03,4.942436e-03,9.952374e-03,2.472312e-03,1.767060e-04,5.823712e-04,2.636311e-02,8.704832e-01,5.660298e-04,5.217423e-04
3.641493e-02,2.086057e-03,3.014608e-03,4.787435e-04,2.288881e-02,4.218428e-03,4.265868e-03,1.012310e-02,1.981658e-03,1.428579e-04,5.812695e-04,2.705217e-02,8.857208e-01,5.710127e-04,4.597680e-04
3.362370e-02,1.921853e-03,2.415833e-03,5.997492e-04,1.806319e-02,4.020333e-03,3.135105e-03,8.944106e-03,1.877278e-03,1.248111e-04,5.263106e-04,2.092006e-02,9.027517e-01,4.756727e-04,6.003754e-04
3.138151e-02,1.492900e-03,2.171307e-03,5.570119e-04,1.501818e-02,4.580086e-03,2.625399e-03,1.072781e-02,1.513513e-03,1.087589e-04,4.851623e-04,1.612258e-02,9.121935e-01,4.323483e-04,5.899334e-04
3.186109e-02,1.201085e-03,1.766889e-03,5.470501e-04,1.125983e-02,1.174060e-02,2.217798e-03,1.132994e-02,1.208180e-03,1.010204e-04,4.783843e-04,1.203233e-02,9.133015e-01,3.343343e-04,6.199891e-04
3.513807e-02,1.138565e-03,1.455083e-03,5.727402e-04,1.072626e-02,1.175484e-02,2.027045e-03,8.537497e-03,1.288676e-03,9.858878e-05,4.850056e-04,9.756067e-03,9.162071e-01,2.685818e-04,5.458511e-04
3.372809e-02,9.420668e-04,1.113624e-03,5.239865e-04,1.001917e-02,9.902104e-03,1.799080e-03,6.328003e-03,1.226689e-03,7.914672e-05,4.432393e-04,8.213113e-03,9.250063e-01,2.226538e-04,4.527672e-04
6.254525e-02,1.530571e-03,1.020888e-03,7.406260e-04,1.631553e-02,1.038875e-02,2.821701e-03,7.187699e-03,2.023695e-03,9.006668e-05,5.626970e-04,1.392411e-02,8.800252e-01,3.162698e-04,5.069334e-04
1.157565e-01,1.476580e-03,2.746969e-03,1.259250e-03,1.525688e-02,1.236287e-02,2.724610e-03,1.808713e-02,1.858722e-03,1.142955e-04,7.723704e-04,1.342642e-02,8.131536e-01,3.521359e-04,6.517437e-04
1.808556e-01,1.566708e-03,2.309057e-03,1.580788e-03,1.600579e-02,1.112110e-02,2.761633e-03,1.614535e-02,1.851111e-03,1.459103e-04,9.311361e-04,1.324583e-02,7.502725e-01,3.150511e-04,8.924396e-04
2.735890e-01,3.113013e-03,3.695218e-03,4.517947e-03,2.418811e-02,2.174637e-02,3.103771e-03,1.602872e-02,2.454295e-03,2.268172e-04,1.438560e-03,1.401649e-02,6.300788e-01,4.123404e-04,1.390609e-03
3.048062e-01,3.100850e-03,4.519599e-03,4.961597e-03,2.839237e-02,3.082097e-02,3.733636e-03,1.683631e-02,2.501711e-03,2.259977e-04,1.542174e-03,1.662510e-02,5.794491e-01,4.398034e-04,2.044536e-03
2.902008e-01,3.953079e-03,1.197504e-02,7.824525e-03,2.998053e-02,8.233272e-02,4.290701e-03,1.957224e-02,4.957572e-03,5.466271e-04,2.363566e-03,2.164301e-02,5.169449e-01,7.021251e-04,2.712543e-03
3.310015e-01,3.577588e-03,2.095086e-02,7.674597e-03,2.245174e-02,9.945431e-02,4.720972e-03,2.109074e-02,5.422113e-03,7.174757e-04,2.685500e-03,2.143380e-02,4.547457e-01,6.901188e-04,3.383057e-03
3.706686e-01,4.039104e-03,1.840176e-02,6.578182e-03,1.759150e-02,8.508056e-02,4.360303e-03,1.981028e-02,5.785232e-03,1.056843e-03,3.307210e-03,2.243323e-02,4.347778e-01,7.550801e-04,5.354315e-03
4.079593e-01,7.291367e-03,3.145608e-02,1.834595e-02,1.724349e-02,7.917523e-02,7.100743e-03,2.093711e-02,3.989570e-02,2.113821e-03,3.807061e-03,2.019445e-02,3.357111e-01,9.893939e-04,7.779139e-03
4.051938e-01,1.020895e-02,3.352372e-02,2.022421e-02,1.316112e-02,7.649767e-02,6.446942e-03,1.860588e-02,8.742819e-02,2.477490e-03,4.078107e-03,1.782310e-02,2.915225e-01,9.615184e-04,1.184681e-02
4.540704e-01,1.192334e-02,3.034622e-02,1.836925e-02,1.121194e-02,6.954145e-02,5.352726e-03,1.573480e-02,6.843474e-02,2.310069e-03,3.848634e-03,2.069575e-02,2.762882e-01,1.026495e-03,1.084591e-02
4.349220e-01,2.143987e-02,2.869617e-02,3.438151e-02,9.331029e-03,5.777454e-02,4.584149e-03,1.227344e-02,1.144840e-01,3.354967e-03,5.248196e-03,1.892355e-02,2.366417e-01,1.961524e-03,1.598337e-02
4.640548e-01,3.381023e-02,2.482059e-02,3.086416e-02,8.200104e-03,4.626663e-02,4.351096e-03,9.862340e-03,1.006271e-01,3.428403e-03,6.181015e-03,1.742728e-02,2.297168e-01,2.533962e-03,1.785550e-02
3.945768e-01,2.937455e-02,1.845163e-02,2.702390e-02,8.146061e-03,4.160548e-02,3.832407e-03,8.784316e-03,7.670545e-02,2.556677e-03,6.942056e-03,1.952171e-02,3.444999e-01,2.415502e-03,1.556358e-02
3.676670e-01,3.051986e-02,1.350051e-02,2.256332e-02,7.146075e-03,3.377886e-02,3.112765e-03,7.389428e-03,6.565394e-02,1.997777e-03,7.015183e-03,2.032853e-02,4.031322e-01,2.793343e-03,1.340121e-02
3.527446e-01,2.817618e-02,1.033338e-02,1.850305e-02,6.718680e-03,3.230919e-02,2.714694e-03,6.069312e-03,5.059380e-02,1.485376e-03,5.957971e-03,2.025524e-02,4.499609e-01,2.542417e-03,1.163524e-02
3.028911e-01,2.217903e-02,7.973620e-03,1.495225e-02,1.428289e-02,2.880727e-02,3.022398e-03,5.540599e-03,3.683904e-02,1.067631e-03,5.070685e-03,1.601567e-02,5.293674e-01,2.249637e-03,9.740750e-03
3.136801e-01,2.417450e-02,7.647600e-03,1.501513e-02,2.080071e-02,2.511004e-02,3.227165e-03,5.538789e-03,3.477674e-02,8.821372e-04,4.883059e-03,1.400422e-02,5.185149e-01,2.571370e-03,9.173489e-03
2.822506e-01,2.658681e-02,3.601557e-02,3.117546e-02,3.479292e-02,3.121163e-02,5.982223e-03,6.993582e-03,3.693502e-02,9.280957e-04,5.806282e-03,1.116960e-02,4.751075e-01,2.154678e-03,1.289004e-02
2.697604e-01,3.513334e-02,3.361449e-02,2.576068e-02,4.899909e-02,4.176950e-02,8.773123e-03,9.686477e-03,4.733336e-02,8.595585e-04,4.500733e-03,8.951701e-03,4.390202e-01,1.778180e-03,2.405928e-02
2.343815e-01,4.531654e-02,3.839248e-02,7.438566e-02,8.593379e-02,4.893688e-02,1.388320e-02,1.531130e-02,3.915595e-02,8.834588e-04,4.066517e-03,8.233596e-03,3.662830e-01,1.480530e-03,2.335569e-02
2.382443e-01,4.149690e-02,3.512077e-02,7.559015e-02,1.100863e-01,5.329733e-02,1.797813e-02,1.670006e-02,3.370960e-02,7.914246e-04,3.333117e-03,6.777012e-03,3.477265e-01,1.143968e-03,1.800450e-02
2.460506e-01,3.841247e-02,2.738291e-02,5.978326e-02,1.162756e-01,5.301120e-02,1.887679e-02,1.530934e-02,4.015509e-02,6.244115e-04,2.566800e-03,5.258010e-03,3.611369e-01,9.474806e-04,1.420929e-02
2.856065e-01,4.253762e-02,2.733638e-02,8.845852e-02,9.953514e-02,4.305486e-02,1.512762e-02,1.650830e-02,3.145814e-02,7.658596e-04,2.865631e-03,5.511904e-03,3.248494e-01,1.056501e-03,1.532774e-02
3.419423e-01,4.174774e-02,2.736204e-02,8.256855e-02,7.887669e-02,3.607904e-02,1.270122e-02,1.482694e-02,2.551150e-02,7.800049e-04,2.751288e-03,6.965169e-03,3.099290e-01,1.198354e-03,1.676031e-02
4.111848e-01,3.154048e-02,2.136291e-02,6.149727e-02,6.039788e-02,2.780901e-02,9.949419e-03,1.392849e-02,1.914044e-02,6.319471e-04,2.550128e-03,6.797277e-03,3.191152e-01,1.262254e-03,1.283264e-02
1.000000e+00,0.000000e+00,0.000000e+00,0.000000e+00,0.000000e+00,0.000000e+00,0.000000e+00,0.000000e+00,0.000000e+00,0.000000e+00,0.000000e+00,0.000000e+00,0.000000e+00,0.000000e+00,0.000000e+00
1.000000e+00,0.000000e+00,0.000000e+00,0.000000e+00,0.000000e+00,0.000000e+00,0.000000e+00,0.000000e+00,0.000000e+00,0.000000e+00,0.000000e+00,0.000000e+00,0.000000e+00,0.000000e+00,0.000000e+00
4.315866e-01,1.744584e-02,2.608728e-02,4.300214e-02,2.672753e-02,1.618209e-02,5.344408e-03,2.619042e-01,8.914841e-03,1.099763e-03,4.040069e-03,9.395638e-03,1.375295e-01,1.460421e-03,9.279605e-03
3.724656e-01,1.309937e-02,2.031693e-02,3.187016e-02,2.019081e-02,1.315351e-02,4.374758e-03,3.992739e-01,6.820816e-03,9.161343e-04,3.774985e-03,7.817444e-03,9.724452e-02,1.321209e-03,7.359856e-03
4.170927e-01,1.074626e-02,1.532159e-02,2.414838e-02,1.702482e-02,1.075766e-02,3.849010e-03,4.074141e-01,5.982373e-03,9.641388e-04,3.586526e-03,6.677187e-03,6.882614e-02,1.214048e-03,6.395011e-03
4.434075e-01,9.170973e-03,1.196504e-02,1.883319e-02,1.553288e-02,9.491797e-03,3.681718e-03,4.161454e-01,5.253096e-03,1.095310e-03,3.095786e-03,6.376618e-03,4.928226e-02,1.191686e-03,5.476812e-03
4.635954e-01,7.369702e-03,1.007733e-02,1.540984e-02,1.236002e-02,9.070558e-03,3.862889e-03,4.221586e-01,4.563135e-03,1.071366e-03,2.755599e-03,6.308106e-03,3.554584e-02,1.174874e-03,4.676818e-03
4.185422e-01,5.553269e-03,7.885031e-03,1.168977e-02,1.002964e-02,9.547632e-03,3.575161e-03,4.884565e-01,3.459442e-03,1.043050e-03,2.340065e-03,6.964506e-03,2.595756e-02,1.084048e-03,3.872166e-03
3.906232e-01,4.122869e-03,6.045674e-03,9.358221e-03,7.680695e-03,8.795916e-03,3.095900e-03,5.334125e-01,2.637508e-03,9.992202e-04,2.088934e-03,8.053858e-03,1.915318e-02,9.416408e-04,2.990761e-03
3.271201e-01,3.377290e-03,4.749203e-03,7.294125e-03,7.459183e-03,1.093058e-02,3.802645e-03,5.559106e-01,2.536161e-03,8.107955e-04,3.004155e-03,1.504099e-02,5.431129e-02,1.061424e-03,2.591418e-03
3.952453e-01,3.145626e-03,4.227832e-03,5.697859e-03,7.825294e-03,2.326287e-02,4.279816e-03,4.657660e-01,3.505484e-03,6.721774e-04,3.957637e-03,2.159854e-02,5.760089e-02,9.704982e-04,2.244147e-03
3.740162e-01,2.747880e-03,3.850161e-03,4.422087e-03,8.159727e-03,2.421638e-02,5.182718e-03,3.681448e-01,6.533167e-03,8.923133e-04,1.363052e-02,3.503448e-02,1.495001e-01,1.122526e-03,2.546912e-03
3.596049e-01,7.249150e-03,5.240605e-03,6.353774e-03,4.146221e-02,2.299862e-02,8.568125e-03,2.771262e-01,2.043420e-02,9.836495e-04,1.869916e-02,3.693789e-02,1.903018e-01,1.657664e-03,2.382070e-03
3.191786e-01,9.258950e-03,7.854545e-03,1.137730e-02,4.704370e-02,2.121055e-02,1.003042e-02,2.070824e-01,6.733835e-02,1.391215e-03,2.135984e-02,6.187267e-02,2.084095e-01,3.000818e-03,3.591112e-03
2.716302e-01,8.553847e-03,6.657897e-03,1.303802e-02,3.818130e-02,2.823067e-02,8.599391e-03,1.468604e-01,1.060544e-01,2.044945e-03,2.562189e-02,1.672195e-01,1.694826e-01,4.138001e-03,3.686944e-03
3.742620e-01,7.647199e-03,6.771307e-03,1.457641e-02,3.457384e-02,2.471106e-02,8.068155e-03,1.042199e-01,9.614087e-02,3.235617e-03,2.291607e-02,1.671288e-01,1.245140e-01,7.117389e-03,4.117332e-03
3.279530e-01,9.272130e-03,7.679172e-03,1.338506e-02,4.614670e-02,2.002054e-02,8.791768e-03,7.394955e-02,8.532697e-02,1.574733e-02,2.650739e-02,2.525930e-01,1.006461e-01,8.132031e-03,3.849336e-03
3.384134e-01,1.265087e-02,6.986507e-03,1.083545e-02,4.126824e-02,1.764885e-02,7.638163e-03,5.214623e-02,6.575178e-02,2.762495e-02,3.635790e-02,2.855667e-01,7.534347e-02,1.801091e-02,3.756578e-03
4.119010e-01,1.041749e-02,6.231191e-03,8.345353e-03,3.180995e-02,1.536799e-02,6.343605e-03,3.678993e-02,4.846535e-02,2.716225e-02,4.194093e-02,2.806165e-01,5.415169e-02,1.688387e-02,3.572894e-03
4.472554e-01,9.421943e-03,5.567519e-03,6.436950e-03,2.599088e-02,1.488271e-02,4.601835e-03,2.598146e-02,3.514683e-02,2.575720e-02,5.957299e-02,2.796468e-01,4.002826e-02,1.627030e-02,3.438910e-03
4.865187e-01,7.812550e-03,7.914245e-03,6.352624e-03,2.065352e-02,1.614019e-02,3.448960e-03,1.979792e-02,2.635099e-02,2.247892e-02,4.768908e-02,2.887258e-01,2.983425e-02,1.286723e-02,3.415100e-03
4.655550e-01,8.437885e-03,7.241153e-03,5.821597e-03,2.025104e-02,1.420783e-02,2.517642e-03,1.477077e-02,2.110726e-02,2.293398e-02,4.871044e-02,3.292900e-01,2.407451e-02,1.168833e-02,3.392503e-03
3.718313e-01,7.429446e-03,5.929809e-03,6.762966e-03,1.715771e-02,1.314075e-02,1.909843e-03,1.164082e-02,2.153637e-02,2.084081e-02,4.238992e-02,4.467920e-01,1.895467e-02,9.963250e-03,3.720326e-03
3.078778e-01,6.095747e-03,5.110826e-03,9.016206e-03,1.352479e-02,1.495520e-02,1.517383e-03,9.770911e-03,1.963441e-02,2.078834e-02,3.960693e-02,5.235025e-01,1.550881e-02,8.869504e-03,4.220593e-03
2.831148e-01,7.833310e-03,4.160678e-03,8.945419e-03,1.863854e-02,1.349426e-02,1.167737e-03,7.493129e-03,4.579688e-02,2.175917e-02,4.067134e-02,5.197009e-01,1.373823e-02,8.571543e-03,4.914080e-03
2.507134e-01,6.497879e-03,3.205479e-03,7.756003e-03,1.429098e-02,1.336535e-02,8.915514e-04,5.657974e-03,3.523965e-02,1.690137e-02,4.579658e-02,5.760269e-01,1.092753e-02,8.417666e-03,4.311697e-03
2.095548e-01,6.200715e-03,2.499563e-03,7.398582e-03,1.115053e-02,1.382326e-02,6.682932e-04,4.251698e-03,2.807183e-02,1.260934e-02,5.268144e-02,6.305023e-01,8.314191e-03,8.142597e-03,4.130936e-03
1.935886e-01,7.071227e-03,2.669334e-03,8.185199e-03,1.132485e-02,1.725452e-02,7.347795e-04,4.361875e-03,2.416108e-02,9.526351e-03,4.863691e-02,6.545581e-01,6.332056e-03,7.567767e-03,4.027399e-03
2.098726e-01,7.114761e-03,2.719171e-03,7.586847e-03,9.728701e-03,2.438771e-02,8.701319e-04,3.990698e-03,1.851998e-02,7.152214e-03,6.030582e-02,6.291978e-01,5.085681e-03,8.635445e-03,4.832442e-03
2.294480e-01,8.314467e-03,3.517587e-03,7.383880e-03,8.822086e-03,3.264300e-02,1.077786e-03,3.642546e-03,1.466300e-02,5.617131e-03,6.471463e-02,6.007498e-01,4.361338e-03,9.526126e-03,5.518700e-03
2.215442e-01,9.759611e-03,4.149850e-03,7.060688e-03,9.205611e-03,2.904244e-02,1.093476e-03,3.535800e-03,1.161082e-02,4.501862e-03,8.109955e-02,6.000180e-01,3.818961e-03,8.231534e-03,5.327502e-03
2.150842e-01,1.139506e-02,4.711510e-03,7.913438e-03,1.157213e-02,2.442612e-02,1.223691e-03,4.136609e-03,9.859570e-03,3.647789e-03,1.056338e-01,5.840409e-01,3.457939e-03,7.565578e-03,5.331717e-03
2.281132e-01,1.781093e-02,6.805708e-03,1.063429e-02,2.563979e-02,2.211746e-02,1.189208e-03,6.978399e-03,9.417148e-03,3.233131e-03,1.138430e-01,5.381519e-01,2.758817e-03,7.077496e-03,6.229619e-03
2.211439e-01,1.658226e-02,6.080749e-03,9.625085e-03,2.452883e-02,1.877752e-02,9.780262e-04,5.913870e-03,9.115038e-03,2.906340e-03,1.279821e-01,5.411146e-01,2.269268e-03,7.121545e-03,5.860895e-03
1.949387e-01,3.237901e-02,9.799918e-03,7.966645e-03,4.717562e-02,1.404912e-02,9.986752e-04,7.225653e-03,1.244741e-02,3.078815e-03,1.066580e-01,5.503421e-01,1.839983e-03,6.341636e-03,4.758671e-03
1.440947e-01,2.570120e-02,1.634411e-02,6.962528e-03,3.857070e-02,1.059037e-02,8.347402e-04,1.213638e-02,1.245928e-02,2.897202e-03,1.919991e-01,5.268003e-01,1.411531e-03,5.650867e-03,3.546988e-03
1.050626e-01,2.172695e-02,1.387151e-01,1.729267e-02,3.208035e-02,8.201767e-03,9.294595e-04,4.861748e-02,1.304238e-02,2.839728e-03,1.718934e-01,4.315808e-01,1.084177e-03,4.367870e-03,2.565290e-03
7.905107e-02,1.782041e-02,2.396817e-01,2.473921e-02,2.743835e-02,6.896074e-03,1.332713e-03,5.177527e-02,1.491928e-02,3.202577e-03,1.546908e-01,3.722046e-01,8.479785e-04,3.489299e-03,1.910750e-03
6.251882e-02,1.629915e-02,2.735604e-01,3.001607e-02,2.479107e-02,6.233784e-03,1.267136e-03,4.641199e-02,2.218927e-02,3.360409e-03,1.827569e-01,3.246469e-01,6.778501e-04,3.644528e-03,1.625762e-03
4.707183e-02,1.183432e-02,4.407142e-01,3.288973e-02,2.018556e-02,4.818278e-03,1.003621e-03,4.274112e-02,1.918823e-02,2.962560e-03,1.344908e-01,2.375890e-01,5.466234e-04,2.786474e-03,1.177738e-03
5.903026e-02,1.397168e-02,4.106452e-01,4.453038e-02,3.895397e-02,9.514544e-03,1.046271e-03,3.754525e-02,3.593796e-02,4.529233e-03,1.565385e-01,1.803386e-01,6.613849e-04,5.408993e-03,1.347799e-03
8.626761e-02,1.557657e-02,3.678773e-01,5.729655e-02,5.622459e-02,1.521268e-02,1.061385e-03,3.423025e-02,4.786155e-02,5.667809e-03,1.623551e-01,1.396783e-01,8.509062e-04,7.967483e-03,1.872000e-03
1.238953e-01,2.447247e-02,2.885149e-01,5.891475e-02,8.910939e-02,3.060576e-02,1.121397e-03,2.946256e-02,5.670314e-02,6.312856e-03,1.602062e-01,1.122560e-01,1.374236e-03,1.279388e-02,4.257118e-03
1.538731e-01,2.719410e-02,2.249633e-01,5.599438e-02,1.014811e-01,2.907069e-02,1.241939e-03,3.256239e-02,5.700993e-02,7.148209e-03,1.820781e-01,9.685351e-02,2.148947e-03,1.934921e-02,9.031092e-03
1.921159e-01,2.583919e-02,1.693646e-01,5.663252e-02,8.748575e-02,2.555872e-02,1.213648e-03,2.902170e-02,7.086025e-02,8.551295e-03,2.178473e-01,8.256037e-02,3.859142e-03,1.902252e-02,1.006705e-02
2.315194e-01,2.463184e-02,1.274686e-01,5.842158e-02,8.132724e-02,2.278798e-02,1.454322e-03,2.496961e-02,8.018064e-02,9.025167e-03,2.363291e-01,6.797533e-02,5.246262e-03,1.652805e-02,1.213482e-02
3.120570e-01,2.496284e-02,9.935153e-02,5.990246e-02,7.502232e-02,2.115491e-02,1.783054e-03,2.132385e-02,7.950135e-02,8.893310e-03,2.037210e-01,5.634067e-02,5.872106e-03,1.633949e-02,1.377417e-02
4.256254e-01,2.323398e-02,7.646635e-02,4.972028e-02,5.763607e-02,2.018081e-02,2.220884e-03,1.818579e-02,7.600927e-02,7.924520e-03,1.509485e-01,4.950505e-02,7.567776e-03,1.789832e-02,1.687697e-02
1.000000e+00,0.000000e+00,0.000000e+00,0.000000e+00,0.000000e+00,0.000000e+00,0.000000e+00,0.000000e+00,0.000000e+00,0.000000e+00,0.000000e+00,0.000000e+00,0.000000e+00,0.000000e+00,0.000000e+00
1.000000e+00,0.000000e+00,0.000000e+00,0.000000e+00,0.000000e+00,0.000000e+00,0.000000e+00,0.000000e+00,0.000000e+00,0.000000e+00,0.000000e+00,0.000000e+00,0.000000e+00,0.000000e+00,0.000000e+00
1.000000e+00,0.000000e+00,0.000000e+00,0.000000e+00,0.000000e+00,0.000000e+00,0.000000e+00,0.000000e+00,0.000000e+00,0.000000e+00,0.000000e+00,0.000000e+00,0.000000e+00,0.000000e+00,0.000000e+00
1.000000e+00,0.000000e+00,0.000000e+00,0.000000e+00,0.000000e+00,0.000000e+00,0.000000e+00,0.000000e+00,0.000000e+00,0.000000e+00,0.000000e+00,0.000000e+00,0.000000e+00,0.000000e+00,0.000000e+00
1.000000e+00,0.000000e+00,0.000000e+00,0.000000e+00,0.000000e+00,0.000000e+00,0.000000e+00,0.000000e+00,0.000000e+00,0.000000e+00,0.000000e+00,0.000000e+00,0.000000e+00,0.000000e+00,0.000000e+00
1.000000e+00,0.000000e+00,0.000000e+00,0.000000e+00,0.000000e+00,0.000000e+00,0.000000e+00,0.000000e+00,0.000000e+00,0.000000e+00,0.000000e+00,0.000000e+00,0.000000e+00,0.000000e+00,0.000000e+00
4.492281e-01,8.174558e-02,2.501730e-02,1.041532e-01,1.452155e-02,2.317052e-02,4.355518e-03,1.488345e-02,3.511415e-02,6.649650e-03,3.262294e-02,3.598862e-02,1.572601e-02,2.723277e-02,1.295905e-01
3.397010e-01,1.002191e-01,9.035157e-02,9.946114e-02,1.098058e-02,2.417587e-02,3.919252e-03,1.660079e-02,2.996345e-02,6.732977e-03,2.904952e-02,2.659422e-02,1.266393e-02,3.329307e-02,1.762936e-01
3.284798e-01,9.276996e-02,1.052272e-01,9.160511e-02,1.078977e-02,2.812802e-02,3.531122e-03,1.439316e-02,3.280648e-02,5.697772e-03,3.523980e-02,2.298435e-02,1.612821e-02,5.817474e-02,1.540444e-01
2.666558e-01,8.328660e-02,8.215115e-02,8.436607e-02,1.699870e-02,2.414567e-02,2.800050e-03,1.514716e-02,4.431210e-02,7.637365e-03,1.205757e-01,1.840219e-02,2.074533e-02,9.143092e-02,1.213451e-01
2.525638e-01,7.222807e-02,6.777052e-02,7.566200e-02,1.669534e-02,2.564155e-02,2.611696e-03,1.227961e-02,4.947838e-02,7.543724e-03,1.615231e-01,1.809596e-02,1.878430e-02,1.261777e-01,9.294432e-02
