1.000000e+00,0.000000e+00,0.000000e+00,0.000000e+00,0.000000e+00,0.000000e+00,0.000000e+00,0.000000e+00,0.000000e+00,0.000000e+00,0.000000e+00,0.000000e+00,0.000000e+00,0.000000e+00,0.000000e+00
1.000000e+00,0.000000e+00,0.000000e+00,0.000000e+00,0.000000e+00,0.000000e+00,0.000000e+00,0.000000e+00,0.000000e+00,0.000000e+00,0.000000e+00,0.000000e+00,0.000000e+00,0.000000e+00,0.000000e+00
1.000000e+00,0.000000e+00,0.000000e+00,0.000000e+00,0.000000e+00,0.000000e+00,0.000000e+00,0.000000e+00,0.000000e+00,0.000000e+00,0.000000e+00,0.000000e+00,0.000000e+00,0.000000e+00,0.000000e+00
1.000000e+00,0.000000e+00,0.000000e+00,0.000000e+00,0.000000e+00,0.000000e+00,0.000000e+00,0.000000e+00,0.000000e+00,0.000000e+00,0.000000e+00,0.000000e+00,0.000000e+00,0.000000e+00,0.000000e+00
1.000000e+00,0.000000e+00,0.000000e+00,0.000000e+00,0.000000e+00,0.000000e+00,0.000000e+00,0.000000e+00,0.000000e+00,0.000000e+00,0.000000e+00,0.000000e+00,0.000000e+00,0.000000e+00,0.000000e+00
1.000000e+00,0.000000e+00,0.000000e+00,0.000000e+00,0.000000e+00,0.000000e+00,0.000000e+00,0.000000e+00,0.000000e+00,0.000000e+00,0.000000e+00,0.000000e+00,0.000000e+00,0.000000e+00,0.000000e+00
1.000000e+00,0.000000e+00,0.000000e+00,0.000000e+00,0.000000e+00,0.000000e+00,0.000000e+00,0.000000e+00,0.000000e+00,0.000000e+00,0.000000e+00,0.000000e+00,0.000000e+00,0.000000e+00,0.000000e+00
1.000000e+00,0.000000e+00,0.000000e+00,0.000000e+00,0.000000e+00,0.000000e+00,0.000000e+00,0.000000e+00,0.000000e+00,0.000000e+00,0.000000e+00,0.000000e+00,0.000000e+00,0.000000e+00,0.000000e+00
1.000000e+00,0.000000e+00,0.000000e+00,0.000000e+00,0.000000e+00,0.000000e+00,0.000000e+00,0.000000e+00,0.000000e+00,0.000000e+00,0.000000e+00,0.000000e+00,0.000000e+00,0.000000e+00,0.000000e+00
1.000000e+00,0.000000e+00,0.000000e+00,0.000000e+00,0.000000e+00,0.000000e+00,0.000000e+00,0.000000e+00,0.000000e+00,0.000000e+00,0.000000e+00,0.000000e+00,0.000000e+00,0.000000e+00,0.000000e+00
1.000000e+00,0.000000e+00,0.000000e+00,0.000000e+00,0.000000e+00,0.000000e+00,0.000000e+00,0.000000e+00,0.000000e+00,0.000000e+00,0.000000e+00,0.000000e+00,0.000000e+00,0.000000e+00,0.000000e+00
1.000000e+00,0.000000e+00,0.000000e+00,0.000000e+00,0.000000e+00,0.000000e+00,0.000000e+00,0.000000e+00,0.000000e+00,0.000000e+00,0.000000e+00,0.000000e+00,0.000000e+00,0.000000e+00,0.000000e+00
1.000000e+00,0.000000e+00,0.000000e+00,0.000000e+00,0.000000e+00,0.000000e+00,0.000000e+00,0.000000e+00,0.000000e+00,0.000000e+00,0.000000e+00,0.000000e+00,0.000000e+00,0.000000e+00,0.000000e+00
1.000000e+00,0.000000e+00,0.000000e+00,0.000000e+00,0.000000e+00,0.000000e+00,0.000000e+00,0.000000e+00,0.000000e+00,0.000000e+00,0.000000e+00,0.000000e+00,0.000000e+00,0.000000e+00,0.000000e+00
1.000000e+00,0.000000e+00,0.000000e+00,0.000000e+00,0.000000e+00,0.000000e+00,0.000000e+00,0.000000e+00,0.000000e+00,0.000000e+00,0.000000e+00,0.000000e+00,0.000000e+00,0.000000e+00,0.000000e+00
1.000000e+00,0.000000e+00,0.000000e+00,0.000000e+00,0.000000e+00,0.000000e+00,0.000000e+00,0.000000e+00,0.000000e+00,0.000000e+00,0.000000e+00,0.000000e+00,0.000000e+00,0.000000e+00,0.000000e+00
1.000000e+00,0.000000e+00,0.000000e+00,0.000000e+00,0.000000e+00,0.000000e+00,0.000000e+00,0.000000e+00,0.000000e+00,0.000000e+00,0.000000e+00,0.000000e+00,0.000000e+00,0.000000e+00,0.000000e+00
1.000000e+00,0.000000e+00,0.000000e+00,0.000000e+00,0.000000e+00,0.000000e+00,0.000000e+00,0.000000e+00,0.000000e+00,0.000000e+00,0.000000e+00,0.000000e+00,0.000000e+00,0.000000e+00,0.000000e+00
1.000000e+00,0.000000e+00,0.000000e+00,0.000000e+00,0.000000e+00,0.000000e+00,0.000000e+00,0.000000e+00,0.000000e+00,0.000000e+00,0.000000e+00,0.000000e+00,0.000000e+00,0.000000e+00,0.000000e+00
1.000000e+00,0.000000e+00,0.000000e+00,0.000000e+00,0.000000e+00,0.000000e+00,0.000000e+00,0.000000e+00,0.000000e+00,0.000000e+00,0.000000e+00,0.000000e+00,0.000000e+00,0.000000e+00,0.000000e+00
1.000000e+00,0.000000e+00,0.000000e+00,0.000000e+00,0.000000e+00,0.000000e+00,0.000000e+00,0.000000e+00,0.000000e+00,0.000000e+00,0.000000e+00,0.000000e+00,0.000000e+00,0.000000e+00,0.000000e+00
1.000000e+00,0.000000e+00,0.000000e+00,0.000000e+00,0.000000e+00,0.000000e+00,0.000000e+00,0.000000e+00,0.000000e+00,0.000000e+00,0.000000e+00,0.000000e+00,0.000000e+00,0.000000e+00,0.000000e+00
1.000000e+00,0.000000e+00,0.000000e+00,0.000000e+00,0.000000e+00,0.000000e+00,0.000000e+00,0.000000e+00,0.000000e+00,0.000000e+00,0.000000e+00,0.000000e+00,0.000000e+00,0.000000e+00,0.000000e+00
1.000000e+00,0.000000e+00,0.000000e+00,0.000000e+00,0.000000e+00,0.000000e+00,0.000000e+00,0.000000e+00,0.000000e+00,0.000000e+00,0.000000e+00,0.000000e+00,0.000000e+00,0.000000e+00,0.000000e+00
1.000000e+00,0.000000e+00,0.000000e+00,0.000000e+00,0.000000e+00,0.000000e+00,0.000000e+00,0.000000e+00,0.000000e+00,0.000000e+00,0.000000e+00,0.000000e+00,0.000000e+00,0.000000e+00,0.000000e+00
1.000000e+00,0.000000e+00,0.000000e+00,0.000000e+00,0.000000e+00,0.000000e+00,0.000000e+00,0.000000e+00,0.000000e+00,0.000000e+00,0.000000e+00,0.000000e+00,0.000000e+00,0.000000e+00,0.000000e+00
1.000000e+00,0.000000e+00,0.000000e+00,0.000000e+00,0.000000e+00,0.000000e+00,0.000000e+00,0.000000e+00,0.000000e+00,0.000000e+00,0.000000e+00,0.000000e+00,0.000000e+00,0.000000e+00,0.000000e+00
1.000000e+00,0.000000e+00,0.000000e+00,0.000000e+00,0.000000e+00,0.000000e+00,0.000000e+00,0.000000e+00,0.000000e+00,0.000000e+00,0.000000e+00,0.000000e+00,0.000000e+00,0.000000e+00,0.000000e+00
1.000000e+00,0.000000e+00,0.000000e+00,0.000000e+00,0.000000e+00,0.000000e+00,0.000000e+00,0.000000e+00,0.000000e+00,0.000000e+00,0.000000e+00,0.000000e+00,0.000000e+00,0.000000e+00,0.000000e+00
1.000000e+00,0.000000e+00,0.000000e+00,0.000000e+00,0.000000e+00,0.000000e+00,0.000000e+00,0.000000e+00,0.000000e+00,0.000000e+00,0.000000e+00,0.000000e+00,0.000000e+00,0.000000e+00,0.000000e+00
1.000000e+00,0.000000e+00,0.000000e+00,0.000000e+00,0.000000e+00,0.000000e+00,0.000000e+00,0.000000e+00,0.000000e+00,0.000000e+00,0.000000e+00,0.000000e+00,0.000000e+00,0.000000e+00,0.000000e+00
1.000000e+00,0.000000e+00,0.000000e+00,0.000000e+00,0.000000e+00,0.000000e+00,0.000000e+00,0.000000e+00,0.000000e+00,0.000000e+00,0.000000e+00,0.000000e+00,0.000000e+00,0.000000e+00,0.000000e+00
1.000000e+00,0.000000e+00,0.000000e+00,0.000000e+00,0.000000e+00,0.000000e+00,0.000000e+00,0.000000e+00,0.000000e+00,0.000000e+00,0.000000e+00,0.000000e+00,0.000000e+00,0.000000e+00,0.000000e+00
1.000000e+00,0.000000e+00,0.000000e+00,0.000000e+00,0.000000e+00,0.000000e+00,0.000000e+00,0.000000e+00,0.000000e+00,0.000000e+00,0.000000e+00,0.000000e+00,0.000000e+00,0.000000e+00,0.000000e+00
4.585752e-01,1.774547e-02,4.907501e-02,2.399871e-01,3.735263e-03,2.787791e-02,5.101569e-03,3.205200e-02,5.015155e-02,4.537632e-03,3.371139e-02,1.969008e-02,2.846692e-02,3.540050e-03,2.575290e-02
3.302623e-01,1.433682e-02,3.695948e-02,2.548835e-01,6.726486e-03,2.167817e-02,4.004539e-03,2.469400e-02,6.612585e-02,4.721527e-03,1.186372e-01,2.088997e-02,6.789494e-02,4.578512e-03,2.360671e-02
2.477297e-01,1.111355e-02,2.859304e-02,2.205808e-01,1.364862e-02,1.688925e-02,3.197753e-03,1.846194e-02,5.514033e-02,5.137978e-03,2.302421e-01,3.396347e-02,8.498889e-02,1.161955e-02,1.869307e-02
1.955962e-01,1.042039e-02,2.079988e-02,1.850588e-01,1.817889e-02,1.509554e-02,2.911902e-03,1.582718e-02,6.356055e-02,4.902816e-03,2.170984e-01,8.218628e-02,1.370728e-01,1.446413e-02,1.682616e-02
1.821977e-01,9.273652e-03,1.478298e-02,1.457655e-01,1.948872e-02,1.726382e-02,2.683735e-03,1.257745e-02,9.766273e-02,5.966030e-03,2.059183e-01,1.066699e-01,1.476930e-01,1.912640e-02,1.293003e-02
1.604002e-01,1.161788e-02,1.153585e-02,1.067281e-01,3.073565e-02,1.301520e-02,2.688100e-03,1.061065e-02,1.696091e-01,7.379017e-03,1.842134e-01,9.411076e-02,1.603805e-01,2.300359e-02,1.397211e-02
1.834486e-01,2.205465e-02,8.612809e-03,8.310258e-02,2.815584e-02,1.243516e-02,2.207726e-03,9.491217e-03,2.533391e-01,7.949648e-03,1.512434e-01,7.365839e-02,1.299842e-01,2.218903e-02,1.212755e-02
1.979565e-01,2.994438e-02,8.310998e-03,8.454788e-02,3.023686e-02,1.482255e-02,2.347139e-03,1.345322e-02,2.906349e-01,1.052771e-02,1.231713e-01,6.344019e-02,9.970652e-02,1.960938e-02,1.129042e-02
3.387679e-01,2.567695e-02,1.027122e-02,8.422220e-02,2.378378e-02,2.618191e-02,4.035715e-03,1.262187e-02,2.178808e-01,8.916873e-03,9.104778e-02,5.401824e-02,7.311379e-02,1.513705e-02,1.432385e-02
4.456040e-01,2.535730e-02,1.003942e-02,7.604281e-02,1.823870e-02,2.898297e-02,6.353329e-03,1.198335e-02,1.602153e-01,7.288544e-03,6.807598e-02,4.797969e-02,5.808664e-02,1.257849e-02,2.317343e-02
4.391266e-01,2.628632e-02,7.988019e-03,7.052153e-02,1.388513e-02,3.706858e-02,6.652992e-03,1.013285e-02,1.446397e-01,8.014306e-03,5.955133e-02,6.194586e-02,6.787229e-02,1.100645e-02,3.530802e-02
4.671374e-01,2.552413e-02,7.217797e-03,6.728335e-02,1.428492e-02,3.669131e-02,6.993361e-03,9.755737e-03,1.164179e-01,6.819836e-03,5.044285e-02,6.589352e-02,7.764204e-02,9.447791e-03,3.844811e-02
4.868394e-01,2.704524e-02,6.796721e-03,7.394268e-02,1.471147e-02,3.555625e-02,8.067217e-03,1.240509e-02,9.834431e-02,5.780270e-03,5.051729e-02,6.255551e-02,6.713884e-02,8.166239e-03,4.213349e-02
1.000000e+00,0.000000e+00,0.000000e+00,0.000000e+00,0.000000e+00,0.000000e+00,0.000000e+00,0.000000e+00,0.000000e+00,0.000000e+00,0.000000e+00,0.000000e+00,0.000000e+00,0.000000e+00,0.000000e+00
1.000000e+00,0.000000e+00,0.000000e+00,0.000000e+00,0.000000e+00,0.000000e+00,0.000000e+00,0.000000e+00,0.000000e+00,0.000000e+00,0.000000e+00,0.000000e+00,0.000000e+00,0.000000e+00,0.000000e+00
1.000000e+00,0.000000e+00,0.000000e+00,0.000000e+00,0.000000e+00,0.000000e+00,0.000000e+00,0.000000e+00,0.000000e+00,0.000000e+00,0.000000e+00,0.000000e+00,0.000000e+00,0.000000e+00,0.000000e+00
1.000000e+00,0.000000e+00,0.000000e+00,0.000000e+00,0.000000e+00,0.000000e+00,0.000000e+00,0.000000e+00,0.000000e+00,0.000000e+00,0.000000e+00,0.000000e+00,0.000000e+00,0.000000e+00,0.000000e+00
1.000000e+00,0.000000e+00,0.000000e+00,0.000000e+00,0.000000e+00,0.000000e+00,0.000000e+00,0.000000e+00,0.000000e+00,0.000000e+00,0.000000e+00,0.000000e+00,0.000000e+00,0.000000e+00,0.000000e+00
1.000000e+00,0.000000e+00,0.000000e+00,0.000000e+00,0.000000e+00,0.000000e+00,0.000000e+00,0.000000e+00,0.000000e+00,0.000000e+00,0.000000e+00,0.000000e+00,0.000000e+00,0.000000e+00,0.000000e+00
1.000000e+00,0.000000e+00,0.000000e+00,0.000000e+00,0.000000e+00,0.000000e+00,0.000000e+00,0.000000e+00,0.000000e+00,0.000000e+00,0.000000e+00,0.000000e+00,0.000000e+00,0.000000e+00,0.000000e+00
1.000000e+00,0.000000e+00,0.000000e+00,0.000000e+00,0.000000e+00,0.000000e+00,0.000000e+00,0.000000e+00,0.000000e+00,0.000000e+00,0.000000e+00,0.000000e+00,0.000000e+00,0.000000e+00,0.000000e+00
4.753992e-01,3.699086e-02,3.690045e-02,6.402168e-02,2.078548e-02,2.170188e-02,5.141607e-03,3.909586e-02,1.691492e-01,4.264140e-03,2.179111e-02,4.762800e-02,2.198115e-02,5.741399e-03,2.940801e-02
4.097601e-01,3.730880e-02,3.188826e-02,6.081765e-02,2.994168e-02,2.015707e-02,6.431670e-03,3.476277e-02,2.560192e-01,3.866249e-03,2.222444e-02,4.016622e-02,1.850906e-02,4.826184e-03,2.332064e-02
3.606263e-01,4.039477e-02,5.722144e-02,5.943485e-02,5.129306e-02,2.300151e-02,6.802775e-03,2.762735e-02,2.581928e-01,3.163799e-03,1.906695e-02,3.038827e-02,2.793036e-02,4.174114e-03,3.068168e-02
3.326704e-01,4.359071e-02,5.863222e-02,7.019197e-02,7.167195e-02,2.008503e-02,1.086011e-02,2.452162e-02,2.596963e-01,2.647213e-03,1.891975e-02,2.754238e-02,2.758505e-02,4.170261e-03,2.721507e-02
3.443811e-01,4.131646e-02,6.231388e-02,6.312505e-02,9.316961e-02,1.775455e-02,9.447629e-03,2.010315e-02,2.488970e-01,2.628152e-03,1.688388e-02,2.535108e-02,2.512475e-02,4.515387e-03,2.498834e-02
2.806866e-01,6.884360e-02,5.611056e-02,1.787112e-01,8.256715e-02,1.495458e-02,7.408043e-03,2.221678e-02,1.899498e-01,2.508649e-03,1.980876e-02,3.089455e-02,2.046108e-02,3.970356e-03,2.090832e-02
3.262478e-01,5.454794e-02,4.739707e-02,1.858429e-01,1.038298e-01,1.267743e-02,6.246529e-03,2.066448e-02,1.607205e-01,3.128423e-03,1.598127e-02,2.565594e-02,1.597225e-02,3.264774e-03,1.782296e-02
4.409451e-01,4.250397e-02,4.356873e-02,1.566528e-01,8.364592e-02,1.094125e-02,4.909227e-03,1.827974e-02,1.231775e-01,2.630929e-03,1.540974e-02,2.569726e-02,1.392342e-02,3.047076e-03,1.466743e-02
1.000000e+00,0.000000e+00,0.000000e+00,0.000000e+00,0.000000e+00,0.000000e+00,0.000000e+00,0.000000e+00,0.000000e+00,0.000000e+00,0.000000e+00,0.000000e+00,0.000000e+00,0.000000e+00,0.000000e+00
4.601793e-01,2.430853e-02,4.730289e-02,1.008291e-01,5.791174e-02,4.978383e-02,7.519184e-03,1.874233e-02,7.115594e-02,2.169486e-03,1.175841e-02,2.937177e-02,1.076857e-01,2.457004e-03,8.824870e-03
4.174689e-01,1.777109e-02,3.381609e-02,7.832713e-02,4.153678e-02,4.402766e-02,6.083366e-03,1.385868e-02,5.302224e-02,1.679941e-03,1.011460e-02,3.711998e-02,2.364190e-01,1.973246e-03,6.781379e-03
3.331270e-01,1.269533e-02,2.381301e-02,5.723528e-02,2.964554e-02,3.537795e-02,4.690138e-03,1.010493e-02,3.840538e-02,1.249152e-03,8.007736e-03,4.343498e-02,3.956394e-01,1.436783e-03,5.137476e-03
2.659606e-01,9.234833e-03,1.681159e-02,4.049502e-02,2.150794e-02,2.985135e-02,3.494777e-03,7.368883e-03,2.743825e-02,9.103514e-04,7.262822e-03,5.420747e-02,5.099244e-01,1.129372e-03,4.402380e-03
1.995349e-01,6.764329e-03,1.193228e-02,2.865986e-02,1.694269e-02,2.458911e-02,2.844118e-03,5.489915e-03,2.051272e-02,7.109452e-04,6.535102e-03,5.272882e-02,6.173224e-01,1.267880e-03,4.164909e-03
1.435848e-01,5.886711e-03,8.611982e-03,2.218887e-02,1.446613e-02,2.553450e-02,3.310255e-03,4.139062e-03,2.127445e-02,1.357517e-03,8.711674e-03,7.631077e-02,6.592922e-01,1.474020e-03,3.857096e-03
1.061861e-01,4.602335e-03,6.102681e-03,1.682910e-02,1.203502e-02,2.829763e-02,3.009081e-03,3.529132e-03,1.691514e-02,1.842294e-03,1.397343e-02,7.227689e-02,7.089914e-01,1.766931e-03,3.642882e-03
7.749526e-02,3.386714e-03,4.301831e-03,1.310290e-02,9.257919e-03,2.944614e-02,2.356330e-03,2.847998e-03,1.446458e-02,3.321668e-03,2.458461e-02,8.217030e-02,7.281556e-01,2.308013e-03,2.800170e-03
5.622973e-02,2.423841e-03,3.030839e-03,1.018673e-02,7.172768e-03,2.381866e-02,1.755931e-03,2.953121e-03,1.655832e-02,5.511389e-03,4.571817e-02,8.747996e-02,7.328851e-01,2.056607e-03,2.218952e-03
4.357141e-02,1.824072e-03,2.299776e-03,7.851990e-03,6.922735e-03,1.823311e-02,1.409019e-03,2.634712e-03,1.770614e-02,8.355741e-03,9.117005e-02,1.154075e-01,6.788312e-01,1.821586e-03,1.961063e-03
3.272844e-02,1.337998e-03,1.854691e-03,5.846485e-03,8.466175e-03,1.420727e-02,1.344975e-03,2.978091e-03,1.474805e-02,7.894617e-03,1.120758e-01,1.669225e-01,6.255941e-01,1.868567e-03,2.132304e-03
2.314367e-02,1.000233e-03,2.673769e-03,4.154351e-03,1.473723e-02,1.038708e-02,3.812516e-03,8.593454e-03,1.242222e-02,6.348791e-03,9.394478e-02,2.163937e-01,5.972362e-01,1.648490e-03,3.503673e-03
1.668017e-02,8.667873e-04,5.720307e-03,2.948578e-03,2.068586e-02,7.726246e-03,3.991942e-03,8.287279e-03,1.158386e-02,5.129084e-03,7.255669e-02,2.815626e-01,5.558349e-01,1.272542e-03,5.153289e-03
1.221080e-02,8.119505e-04,8.107087e-03,2.098312e-03,2.380456e-02,5.910790e-03,1.169138e-02,1.019889e-02,1.278717e-02,6.028582e-03,5.561528e-02,3.425514e-01,4.997226e-01,1.070285e-03,7.391067e-03
9.744228e-03,1.827082e-03,3.633081e-02,1.504828e-03,4.437293e-02,4.884336e-03,5.079385e-02,1.289866e-02,1.762421e-02,5.365857e-03,4.304340e-02,3.861781e-01,3.750633e-01,8.755109e-04,9.492888e-03
8.535278e-03,1.662815e-03,1.376785e-01,1.119777e-03,6.116732e-02,3.601888e-03,5.757625e-02,3.443298e-02,1.379699e-02,4.437785e-03,3.288710e-02,3.386640e-01,2.888919e-01,7.700054e-04,1.477749e-02
9.100170e-03,3.383485e-03,1.859100e-01,9.826395e-04,9.509818e-02,3.016147e-03,6.278934e-02,3.832091e-02,1.480479e-02,5.244904e-03,2.665148e-02,3.030342e-01,2.327733e-01,6.743308e-04,1.821623e-02
1.015993e-02,4.578736e-03,2.348738e-01,8.737838e-04,9.878697e-02,3.030805e-03,7.916351e-02,4.365863e-02,1.542284e-02,5.664307e-03,2.272061e-02,2.750711e-01,1.894715e-01,5.576611e-04,1.596589e-02
1.097045e-02,3.840282e-03,1.764976e-01,8.901092e-04,1.631270e-01,2.359137e-03,7.842936e-02,1.250193e-01,1.409625e-02,6.807615e-03,2.012595e-02,2.145342e-01,1.665000e-01,7.795340e-04,1.602332e-02
1.687467e-02,4.678433e-03,1.306544e-01,1.518532e-03,2.371995e-01,2.529909e-03,7.580005e-02,1.120139e-01,1.870221e-02,1.169937e-02,2.061472e-02,1.869798e-01,1.637578e-01,1.845905e-03,1.513086e-02
3.364745e-02,3.984927e-03,9.585078e-02,2.676300e-03,2.182163e-01,7.008977e-03,6.072751e-02,1.060645e-01,1.722116e-02,1.159835e-02,2.126982e-02,2.087334e-01,1.988052e-01,2.177805e-03,1.201743e-02
5.060897e-02,5.689983e-03,7.727294e-02,3.002691e-03,1.872445e-01,7.898678e-03,4.615205e-02,9.562631e-02,1.967035e-02,8.992614e-03,2.436097e-02,2.573143e-01,2.038391e-01,2.164739e-03,1.016184e-02
6.430925e-02,6.271117e-03,5.679239e-02,3.516243e-03,1.538025e-01,1.033535e-02,3.375465e-02,8.270853e-02,2.280586e-02,7.538750e-03,2.580023e-02,2.876623e-01,2.327800e-01,2.877588e-03,9.045305e-03
5.348696e-02,4.874897e-03,4.130021e-02,3.556970e-03,1.126348e-01,9.085165e-03,2.427407e-02,7.321756e-02,2.055542e-02,6.396818e-03,2.905983e-02,2.476543e-01,3.646719e-01,2.363536e-03,6.867538e-03
5.360139e-02,6.038630e-03,3.069062e-02,3.361094e-03,1.111936e-01,1.169268e-02,1.878373e-02,6.282836e-02,7.229656e-02,5.820931e-03,4.487987e-02,2.203572e-01,3.501600e-01,2.166708e-03,6.128619e-03
6.014584e-02,6.548456e-03,2.611799e-02,2.886579e-03,1.249878e-01,2.309545e-02,2.047248e-02,5.453705e-02,1.384170e-01,7.214385e-03,3.709136e-02,2.172728e-01,2.710191e-01,2.324845e-03,7.868972e-03
8.250502e-02,6.915179e-03,2.245134e-02,4.149172e-03,1.087061e-01,2.768688e-02,2.851172e-02,7.433458e-02,2.077380e-01,2.482441e-02,2.792457e-02,1.786105e-01,1.965287e-01,2.210175e-03,6.903611e-03
1.152952e-01,8.467374e-03,1.884015e-02,6.454533e-03,1.031757e-01,3.468011e-02,3.232464e-02,9.026021e-02,2.471324e-01,2.495200e-02,2.076050e-02,1.462533e-01,1.437373e-01,1.897961e-03,5.768677e-03
1.308551e-01,8.542569e-03,2.793575e-02,6.647401e-03,9.341612e-02,3.901717e-02,2.676673e-02,1.557617e-01,2.486958e-01,2.413952e-02,1.533910e-02,1.066013e-01,1.079496e-01,1.814203e-03,6.517833e-03
1.381340e-01,8.814093e-03,4.297241e-02,7.497890e-03,7.663537e-02,3.837923e-02,2.729720e-02,1.900957e-01,2.566922e-01,2.823738e-02,1.137528e-02,7.680825e-02,8.156582e-02,1.783006e-03,1.371223e-02
1.950336e-01,7.667656e-03,8.945876e-02,8.992275e-03,6.199015e-02,3.711716e-02,2.621027e-02,1.972744e-01,2.071975e-01,2.488186e-02,8.846570e-03,5.687276e-02,6.227362e-02,2.277189e-03,1.390626e-02
2.074507e-01,8.255491e-03,1.297848e-01,8.970487e-03,5.425165e-02,3.030434e-02,2.767866e-02,2.203359e-01,1.721330e-01,2.045882e-02,6.764790e-03,4.125424e-02,4.508734e-02,2.289693e-03,2.498014e-02
2.381171e-01,9.519622e-03,1.193907e-01,1.043667e-02,4.551949e-02,2.864708e-02,2.905897e-02,2.447890e-01,1.579296e-01,1.699683e-02,5.523178e-03,3.228176e-02,3.472102e-02,2.794285e-03,2.427480e-02
2.003741e-01,1.359298e-02,8.594385e-02,8.814263e-03,3.651178e-02,3.482525e-02,2.765184e-02,2.750091e-01,2.241446e-01,1.353473e-02,4.583277e-03,2.588251e-02,2.731672e-02,2.856385e-03,1.895859e-02
2.281315e-01,2.176699e-02,6.418125e-02,9.636108e-03,2.942991e-02,3.671426e-02,2.386883e-02,2.268424e-01,2.713651e-01,1.195217e-02,4.168309e-03,2.431151e-02,2.471689e-02,3.488156e-03,1.942660e-02
3.389952e-01,2.018696e-02,5.757339e-02,9.344865e-03,2.298571e-02,3.214133e-02,2.190899e-02,1.924856e-01,2.094532e-01,9.270920e-03,4.841689e-03,2.217998e-02,2.420906e-02,4.054679e-03,3.036848e-02
3.818291e-01,1.732663e-02,5.973697e-02,8.307555e-03,1.896442e-02,2.968900e-02,4.095812e-02,1.884578e-01,1.640698e-01,8.630772e-03,4.768727e-03,2.117385e-02,1.965763e-02,3.995472e-03,3.243402e-02
3.588386e-01,1.743152e-02,5.097019e-02,7.284619e-03,1.544964e-02,3.075662e-02,9.518379e-02,1.786278e-01,1.271926e-01,1.826582e-02,6.147301e-03,3.161756e-02,1.945556e-02,3.843735e-03,3.893465e-02
4.396031e-01,2.275773e-02,3.852379e-02,1.277342e-02,1.462836e-02,3.315361e-02,7.632725e-02,1.293878e-01,9.429376e-02,1.967443e-02,1.049888e-02,3.369498e-02,2.564698e-02,4.388446e-03,4.464757e-02
4.978511e-01,2.288950e-02,2.894924e-02,1.793466e-02,1.286437e-02,3.265069e-02,5.824327e-02,9.349357e-02,7.372169e-02,1.945345e-02,1.427078e-02,4.956473e-02,2.857380e-02,4.027245e-03,4.551191e-02
1.000000e+00,0.000000e+00,0.000000e+00,0.000000e+00,0.000000e+00,0.000000e+00,0.000000e+00,0.000000e+00,0.000000e+00,0.000000e+00,0.000000e+00,0.000000e+00,0.000000e+00,0.000000e+00,0.000000e+00
4.730821e-01,2.192462e-02,1.927649e-02,3.491923e-02,1.331456e-02,2.876761e-02,3.485313e-02,5.157781e-02,9.633289e-02,1.366023e-02,6.047684e-02,6.852295e-02,2.831665e-02,1.275721e-02,4.221776e-02
4.649431e-01,1.908679e-02,1.535205e-02,2.957744e-02,1.204194e-02,2.535721e-02,2.680232e-02,3.799313e-02,8.914087e-02,1.064997e-02,1.211331e-01,6.721780e-02,2.476945e-02,2.104257e-02,3.489238e-02
3.713394e-01,1.632527e-02,1.377386e-02,2.991205e-02,1.598715e-02,2.516038e-02,2.014994e-02,2.849709e-02,6.986366e-02,9.429750e-03,2.434179e-01,8.365001e-02,2.056902e-02,2.376385e-02,2.816072e-02
3.565890e-01,1.735420e-02,1.816307e-02,3.393711e-02,1.480830e-02,3.447844e-02,1.648451e-02,2.487428e-02,5.651107e-02,8.360480e-03,2.345700e-01,1.087981e-01,2.273858e-02,2.459328e-02,2.773967e-02
3.882445e-01,1.743927e-02,1.822590e-02,2.996412e-02,1.348871e-02,3.791597e-02,1.334109e-02,2.217970e-02,5.149031e-02,7.954793e-03,2.101005e-01,1.092120e-01,2.257964e-02,3.129638e-02,2.656716e-02
3.246891e-01,1.537986e-02,1.407813e-02,2.451742e-02,1.535733e-02,3.005863e-02,1.065730e-02,1.857703e-02,4.173219e-02,7.867532e-03,3.094861e-01,1.105111e-01,1.760327e-02,3.852203e-02,2.096301e-02
2.788486e-01,1.764249e-02,1.251265e-02,1.939862e-02,1.797611e-02,2.360950e-02,8.806285e-03,1.584506e-02,3.778902e-02,7.481794e-03,3.735555e-01,1.133066e-01,1.395096e-02,4.193596e-02,1.734088e-02
2.348492e-01,1.671189e-02,1.117634e-02,1.621711e-02,3.101076e-02,2.249221e-02,7.710345e-03,1.316850e-02,3.565044e-02,8.363712e-03,4.021243e-01,1.268026e-01,1.097843e-02,4.724965e-02,1.549452e-02
1.957265e-01,1.378255e-02,9.824293e-03,1.347188e-02,3.740763e-02,2.038988e-02,6.036517e-03,1.024097e-02,3.188488e-02,7.543482e-03,4.562684e-01,1.316662e-01,8.962344e-03,4.405069e-02,1.274372e-02
1.784815e-01,1.280815e-02,8.077942e-03,1.261730e-02,1.102158e-01,2.165446e-02,5.765778e-03,8.436301e-03,2.547021e-02,5.692297e-03,4.223424e-01,1.360117e-01,8.012038e-03,3.432351e-02,1.009057e-02
1.377589e-01,1.035809e-02,7.774374e-03,9.577849e-03,1.050509e-01,1.840909e-02,4.674917e-03,7.005978e-03,2.275388e-02,5.041275e-03,5.064445e-01,1.232587e-01,6.750312e-03,2.727685e-02,7.864431e-03
1.101622e-01,1.283545e-02,7.665814e-03,9.169506e-03,8.101448e-02,1.668067e-02,3.483764e-03,5.003585e-03,1.981002e-02,5.815319e-03,5.618309e-01,1.298451e-01,5.855595e-03,2.141656e-02,9.411044e-03
1.012888e-01,1.218413e-02,6.131846e-03,7.290733e-03,6.038401e-02,1.861648e-02,3.369819e-03,3.786356e-03,2.864963e-02,2.495449e-02,5.883933e-01,1.063468e-01,6.209285e-03,1.654778e-02,1.584661e-02
9.564115e-02,1.366151e-02,5.730348e-03,5.753483e-03,5.059036e-02,2.340092e-02,4.721213e-03,4.348195e-03,7.350908e-02,9.333085e-02,5.073010e-01,8.571625e-02,8.395291e-03,1.246285e-02,1.543754e-02
7.821654e-02,2.227426e-02,6.570872e-03,6.362027e-03,4.106822e-02,3.193882e-02,5.272449e-03,1.052625e-02,7.990485e-02,1.131329e-01,5.017240e-01,6.799707e-02,1.159280e-02,9.691343e-03,1.372759e-02
6.070176e-02,2.756435e-02,7.890325e-03,9.418923e-03,3.479112e-02,2.466260e-02,4.392508e-03,4.537484e-02,1.488418e-01,1.338381e-01,4.177642e-01,5.288779e-02,1.332758e-02,8.007738e-03,1.053637e-02
5.085770e-02,2.828347e-02,5.796556e-03,1.115136e-02,2.920921e-02,2.011496e-02,3.686712e-03,3.657287e-02,2.777159e-01,1.335233e-01,3.333529e-01,4.357957e-02,1.126480e-02,6.754727e-03,8.135999e-03
4.303236e-02,2.777380e-02,5.309849e-03,1.187077e-02,3.065095e-02,2.555593e-02,2.909037e-03,3.292466e-02,3.784560e-01,1.068227e-01,2.792950e-01,3.439413e-02,9.092863e-03,5.709413e-03,6.202719e-03
3.767616e-02,2.332647e-02,7.358530e-03,1.545100e-02,3.990189e-02,4.023164e-02,2.463500e-03,7.415260e-02,4.127217e-01,9.420379e-02,2.091095e-01,2.551505e-02,7.645408e-03,5.600452e-03,4.642352e-03
4.087709e-02,2.581978e-02,7.798175e-03,1.319024e-02,6.149136e-02,3.794797e-02,2.577067e-03,9.272957e-02,4.418881e-01,8.902574e-02,1.500743e-01,1.888197e-02,6.364920e-03,7.507884e-03,3.825930e-03
4.285130e-02,3.533406e-02,1.037275e-02,1.206418e-02,6.506280e-02,3.720625e-02,2.710463e-03,8.394893e-02,4.979993e-01,7.316924e-02,1.084483e-01,1.416024e-02,5.122920e-03,7.947023e-03,3.602319e-03
4.162360e-02,3.860099e-02,1.067990e-02,1.215510e-02,6.351156e-02,3.281087e-02,3.385136e-03,1.088285e-01,5.180324e-01,6.730109e-02,7.778856e-02,1.076900e-02,4.422022e-03,6.930698e-03,3.160639e-03
4.071666e-02,4.044248e-02,1.047543e-02,1.010694e-02,5.788558e-02,2.784820e-02,2.912576e-03,1.414455e-01,5.353147e-01,5.445344e-02,5.705162e-02,7.973550e-03,4.149369e-03,6.461348e-03,2.762580e-03
4.314459e-02,5.681593e-02,9.340758e-03,8.033126e-03,4.854332e-02,2.170945e-02,2.635474e-03,1.796511e-01,5.293156e-01,4.192534e-02,4.100085e-02,5.842209e-03,3.203936e-03,6.369928e-03,2.468391e-03
6.221602e-02,5.341493e-02,8.001775e-03,6.358095e-03,4.003036e-02,1.838951e-02,2.463419e-03,1.481219e-01,5.811116e-01,3.386681e-02,2.995028e-02,4.709085e-03,2.826160e-03,5.629742e-03,2.910286e-03
1.445353e-01,4.895182e-02,1.120602e-02,5.947947e-03,3.190875e-02,1.920994e-02,5.183793e-03,1.100222e-01,5.499558e-01,2.714021e-02,2.410530e-02,7.441918e-03,3.583694e-03,5.260791e-03,5.546445e-03
2.237574e-01,4.585021e-02,1.550276e-02,6.771854e-03,2.659944e-02,1.955161e-02,1.014149e-02,8.452649e-02,4.889767e-01,2.341718e-02,1.943486e-02,1.319925e-02,4.984100e-03,5.031995e-03,1.225461e-02
3.039299e-01,4.442247e-02,1.925272e-02,8.912838e-03,2.455653e-02,2.306456e-02,1.425207e-02,8.031267e-02,3.860791e-01,1.911795e-02,1.658085e-02,2.517935e-02,7.704169e-03,4.841643e-03,2.179316e-02
3.912689e-01,3.714203e-02,1.781087e-02,1.031559e-02,2.030467e-02,2.351458e-02,1.361310e-02,8.094104e-02,2.949109e-01,2.191897e-02,1.449016e-02,3.391352e-02,1.033208e-02,4.248204e-03,2.527538e-02
3.836211e-01,3.123396e-02,1.444169e-02,3.506614e-02,1.834905e-02,2.435501e-02,1.032146e-02,6.007562e-02,2.880788e-01,1.808542e-02,3.253542e-02,3.415737e-02,1.231532e-02,1.069162e-02,2.667200e-02
4.622877e-01,2.345890e-02,1.337466e-02,3.310850e-02,1.546996e-02,2.261904e-02,7.988688e-03,4.498850e-02,2.175297e-01,1.740972e-02,4.169960e-02,3.208623e-02,2.138751e-02,2.389772e-02,2.269353e-02
4.708517e-01,1.791305e-02,1.173987e-02,3.464018e-02,2.133073e-02,2.035352e-02,6.480260e-03,3.867842e-02,1.746523e-01,1.425043e-02,6.617743e-02,3.524614e-02,3.406839e-02,3.438829e-02,1.922931e-02
4.797201e-01,1.343905e-02,1.048841e-02,2.928936e-02,2.394474e-02,1.646032e-02,5.209926e-03,2.969766e-02,1.486507e-01,1.256439e-02,9.834515e-02,4.242825e-02,3.280445e-02,4.061941e-02,1.633808e-02
1.000000e+00,0.000000e+00,0.000000e+00,0.000000e+00,0.000000e+00,0.000000e+00,0.000000e+00,0.000000e+00,0.000000e+00,0.000000e+00,0.000000e+00,0.000000e+00,0.000000e+00,0.000000e+00,0.000000e+00
1.000000e+00,0.000000e+00,0.000000e+00,0.000000e+00,0.000000e+00,0.000000e+00,0.000000e+00,0.000000e+00,0.000000e+00,0.000000e+00,0.000000e+00,0.000000e+00,0.000000e+00,0.000000e+00,0.000000e+00
1.000000e+00,0.000000e+00,0.000000e+00,0.000000e+00,0.000000e+00,0.000000e+00,0.000000e+00,0.000000e+00,0.000000e+00,0.000000e+00,0.000000e+00,0.000000e+00,0.000000e+00,0.000000e+00,0.000000e+00
1.000000e+00,0.000000e+00,0.000000e+00,0.000000e+00,0.000000e+00,0.000000e+00,0.000000e+00,0.000000e+00,0.000000e+00,0.000000e+00,0.000000e+00,0.000000e+00,0.000000e+00,0.000000e+00,0.000000e+00
1.000000e+00,0.000000e+00,0.000000e+00,0.000000e+00,0.000000e+00,0.000000e+00,0.000000e+00,0.000000e+00,0.000000e+00,0.000000e+00,0.000000e+00,0.000000e+00,0.000000e+00,0.000000e+00,0.000000e+00
1.000000e+00,0.000000e+00,0.000000e+00,0.000000e+00,0.000000e+00,0.000000e+00,0.000000e+00,0.000000e+00,0.000000e+00,0.000000e+00,0.000000e+00,0.000000e+00,0.000000e+00,0.000000e+00,0.000000e+00
1.000000e+00,0.000000e+00,0.000000e+00,0.000000e+00,0.000000e+00,0.000000e+00,0.000000e+00,0.000000e+00,0.000000e+00,0.000000e+00,0.000000e+00,0.000000e+00,0.000000e+00,0.000000e+00,0.000000e+00
4.147806e-01,1.205426e-02,5.004945e-03,1.620855e-02,1.255042e-02,2.416793e-02,2.764349e-03,7.798872e-03,2.033760e-01,8.678943e-03,1.006181e-01,7.913953e-02,2.074369e-02,7.424735e-02,1.786638e-02
3.563755e-01,1.314007e-02,4.105390e-03,1.544750e-02,1.331612e-02,2.182163e-02,2.363741e-03,5.993437e-03,2.611299e-01,9.269759e-03,1.033667e-01,8.059070e-02,2.040844e-02,7.453346e-02,1.813770e-02
2.617253e-01,1.580304e-02,3.084253e-03,1.159778e-02,1.174255e-02,1.747300e-02,1.946872e-03,4.560360e-03,2.900400e-01,1.848833e-02,1.192116e-01,6.804033e-02,1.638780e-02,1.422978e-01,1.760097e-02
1.903154e-01,1.370387e-02,2.249504e-03,9.042023e-03,9.831500e-03,1.475212e-02,2.009054e-03,3.947345e-03,4.248477e-01,1.578572e-02,1.013668e-01,5.816419e-02,1.610010e-02,1.224419e-01,1.544281e-02
1.359011e-01,1.897994e-02,1.818478e-03,7.463746e-03,7.850585e-03,1.196928e-02,1.651700e-03,3.242918e-03,4.522846e-01,1.425296e-02,8.489978e-02,4.889982e-02,1.694412e-02,1.793103e-01,1.453063e-02
9.613732e-02,1.543870e-02,1.544287e-03,6.955246e-03,6.275004e-03,1.018865e-02,1.272653e-03,4.209469e-03,5.535215e-01,1.245721e-02,6.688553e-02,4.037988e-02,1.942630e-02,1.517434e-01,1.356480e-02
7.698905e-02,1.256825e-02,1.245148e-03,6.458211e-03,1.032815e-02,1.044556e-02,1.475658e-03,5.053448e-03,5.396292e-01,1.246049e-02,7.124993e-02,7.119529e-02,3.419515e-02,1.339461e-01,1.276040e-02
6.045623e-02,1.006201e-02,9.724824e-04,6.611947e-03,8.627981e-03,9.185366e-03,1.513197e-03,4.350952e-03,5.683718e-01,1.068846e-02,7.240391e-02,6.919771e-02,5.644976e-02,1.089492e-01,1.215892e-02
4.851968e-02,7.867661e-03,8.937010e-04,6.435091e-03,7.244862e-03,8.480320e-03,1.616248e-03,5.003495e-03,6.236955e-01,8.428570e-03,6.794660e-02,6.104715e-02,6.208020e-02,8.014575e-02,1.059510e-02
3.851696e-02,6.147512e-03,7.120904e-04,5.456381e-03,7.998968e-03,9.251614e-03,1.389042e-03,3.779045e-03,5.409899e-01,7.643730e-03,1.067711e-01,6.991520e-02,1.322025e-01,6.014936e-02,9.076504e-03
3.293240e-02,4.817276e-03,6.799590e-04,4.839380e-03,1.867511e-02,7.618158e-03,1.255321e-03,3.360420e-03,4.721764e-01,8.374007e-03,1.412489e-01,5.437599e-02,1.881718e-01,4.879663e-02,1.267816e-02
2.708544e-02,3.702926e-03,6.768265e-04,4.112217e-03,2.821923e-02,6.166249e-03,1.156341e-03,2.791294e-03,3.623582e-01,1.088137e-02,2.122681e-01,4.538389e-02,2.412522e-01,3.821050e-02,1.573505e-02
1.978158e-02,2.793207e-03,6.786619e-04,3.133966e-03,3.902727e-02,4.519894e-03,8.969791e-04,2.535864e-03,2.916266e-01,1.494687e-02,2.364436e-01,3.787032e-02,2.912399e-01,3.059671e-02,2.390848e-02
1.450962e-02,2.130314e-03,7.830707e-04,2.736527e-03,4.247158e-02,3.454903e-03,7.347406e-04,2.354454e-03,3.544114e-01,1.527114e-02,1.985196e-01,2.946127e-02,2.565056e-01,2.493515e-02,5.172059e-02
1.179909e-02,1.983335e-03,7.973445e-03,3.501621e-03,9.091240e-02,3.709636e-03,8.787392e-04,8.087552e-03,3.396797e-01,1.345956e-02,1.861237e-01,2.370910e-02,2.152868e-01,1.867139e-02,7.422395e-02
1.112580e-02,3.678128e-03,1.071575e-02,3.764098e-03,7.641202e-02,4.408468e-03,9.947647e-04,6.467914e-03,3.482574e-01,1.625480e-02,1.751998e-01,2.237766e-02,2.205520e-01,1.933991e-02,8.045147e-02
1.068430e-02,5.195495e-03,1.086558e-02,4.883957e-03,6.279693e-02,4.196464e-03,8.695055e-04,5.004752e-03,4.130871e-01,1.457235e-02,1.597734e-01,1.961866e-02,2.028830e-01,2.114262e-02,6.442586e-02
8.077092e-03,5.836378e-03,9.808063e-03,9.369698e-03,4.848313e-02,4.117887e-03,6.725836e-04,3.755325e-03,4.849522e-01,1.438676e-02,1.436806e-01,1.838207e-02,1.654534e-01,2.139488e-02,6.162991e-02
6.349356e-03,5.760407e-03,8.032308e-03,1.238401e-02,3.529288e-02,4.096076e-03,5.722237e-04,2.905843e-03,5.285646e-01,1.427713e-02,1.438201e-01,2.376675e-02,1.346639e-01,2.711986e-02,5.239443e-02
5.040350e-03,4.656331e-03,6.003538e-03,1.213906e-02,2.783144e-02,4.240605e-03,5.652779e-04,2.322572e-03,4.354865e-01,1.076449e-02,2.190383e-01,3.443495e-02,1.422372e-01,5.344813e-02,4.179122e-02
5.854419e-03,4.703550e-03,8.763745e-03,1.371154e-02,2.428556e-02,8.972527e-03,7.702674e-04,5.100487e-03,3.517013e-01,1.234363e-02,2.799926e-01,4.036026e-02,1.047452e-01,1.053369e-01,3.335792e-02
5.308225e-03,3.618792e-03,7.375096e-03,1.207829e-02,2.298301e-02,6.905990e-03,7.784676e-04,4.474523e-03,2.530345e-01,1.037420e-02,4.266057e-01,5.565567e-02,7.645193e-02,8.867678e-02,2.567875e-02
2.302415e-02,3.370740e-03,9.866226e-03,1.113264e-02,2.286537e-02,1.227851e-02,9.859167e-04,6.249986e-03,1.806938e-01,1.146560e-02,5.001786e-01,5.447054e-02,5.569868e-02,8.820523e-02,1.951399e-02
2.326837e-02,6.162712e-03,1.316740e-02,8.981505e-03,3.437296e-02,1.047004e-02,8.407334e-04,4.978727e-03,1.363452e-01,1.023077e-02,5.403671e-01,4.779756e-02,4.045011e-02,1.068935e-01,1.567331e-02
3.442661e-02,6.396056e-03,1.059825e-02,6.691761e-03,2.644659e-02,7.929806e-03,6.378327e-04,3.654994e-03,9.799213e-02,1.074137e-02,5.958602e-01,3.691598e-02,2.884212e-02,1.209075e-01,1.195880e-02
4.653270e-02,5.736439e-03,8.214871e-03,5.166942e-03,1.934884e-02,6.410569e-03,4.885176e-04,2.897623e-03,6.999009e-02,1.260900e-02,5.599483e-01,3.347892e-02,2.102540e-02,1.994067e-01,8.745096e-03
5.153438e-02,6.060301e-03,6.801909e-03,3.914639e-03,1.414851e-02,9.006407e-03,4.263412e-04,2.404600e-03,4.987332e-02,1.261006e-02,5.102841e-01,3.077310e-02,1.562290e-02,2.801006e-01,6.438774e-03
4.295520e-02,6.014553e-03,6.605426e-03,2.854084e-03,1.038538e-02,7.541722e-03,3.565213e-04,1.911401e-03,3.566324e-02,9.473401e-03,4.690337e-01,2.631120e-02,1.144924e-02,3.648011e-01,4.643864e-03
3.207782e-02,4.873955e-03,5.867635e-03,2.084388e-03,7.834005e-03,6.417017e-03,3.490752e-04,1.605609e-03,2.573252e-02,7.899784e-03,4.098243e-01,2.176934e-02,8.587036e-03,4.617400e-01,3.337624e-03
2.782815e-02,3.948081e-03,1.157870e-02,1.669011e-03,5.999349e-03,8.000142e-03,6.270648e-04,1.402345e-03,1.946797e-02,9.387001e-03,4.224565e-01,1.913983e-02,7.263977e-03,4.587141e-01,2.517783e-03
2.061871e-02,3.470308e-03,9.352364e-03,1.186082e-03,4.442564e-03,8.333122e-03,5.139561e-04,1.094789e-03,1.402369e-02,7.902192e-03,4.775175e-01,1.655225e-02,5.516587e-03,4.275759e-01,1.899932e-03
1.783394e-02,4.971546e-03,9.041840e-03,9.520786e-04,3.977198e-03,1.078401e-02,5.690185e-04,1.169255e-03,1.163507e-02,8.243956e-03,4.922528e-01,1.405702e-02,4.375247e-03,4.180971e-01,2.039926e-03
2.005010e-02,5.672315e-03,1.187483e-02,8.989844e-04,5.042811e-03,1.216528e-02,8.872813e-04,1.738039e-03,1.156576e-02,9.111091e-03,4.884532e-01,1.175890e-02,4.130908e-03,4.141854e-01,2.465128e-03
2.210578e-02,8.157775e-03,1.110806e-02,8.405314e-04,4.873312e-03,1.335691e-02,7.626071e-04,1.989420e-03,1.152996e-02,8.869779e-03,4.908617e-01,9.751939e-03,3.451054e-03,4.098409e-01,2.500251e-03
3.825988e-02,1.258293e-02,1.480557e-02,2.486086e-03,6.406944e-03,1.415199e-02,7.255593e-04,3.373929e-03,1.993700e-02,8.500997e-03,4.807995e-01,1.016359e-02,3.693745e-03,3.803807e-01,3.731561e-03
5.062117e-02,1.117068e-02,2.157452e-02,5.100034e-03,8.344352e-03,1.368029e-02,7.140518e-04,4.490238e-03,2.462810e-02,7.616159e-03,5.085542e-01,1.131734e-02,3.693601e-03,3.240196e-01,4.475609e-03
1.063959e-01,1.165873e-02,3.495978e-02,8.318599e-03,1.046914e-02,1.462354e-02,9.942679e-04,5.911888e-03,2.807400e-02,6.947358e-03,4.775330e-01,1.333406e-02,3.652098e-03,2.705941e-01,6.533596e-03
1.433870e-01,1.261761e-02,3.192989e-02,6.948477e-03,1.097631e-02,1.461973e-02,9.730387e-04,5.748442e-03,2.692127e-02,6.584272e-03,4.845119e-01,1.354382e-02,3.383992e-03,2.311928e-01,6.661498e-03
2.040761e-01,1.316249e-02,3.634401e-02,6.222951e-03,1.088007e-02,1.922897e-02,8.505196e-04,5.438211e-03,3.663430e-02,6.296882e-03,4.137119e-01,1.262605e-02,3.133882e-03,2.213502e-01,1.004351e-02
2.732616e-01,1.213939e-02,4.675668e-02,7.374221e-03,1.265756e-02,1.840910e-02,1.246623e-03,8.428512e-03,5.122852e-02,6.267657e-03,3.522011e-01,1.334106e-02,3.840475e-03,1.809462e-01,1.190132e-02
3.038842e-01,1.273464e-02,4.286848e-02,6.595572e-03,1.934547e-02,1.789811e-02,1.159479e-03,9.772626e-03,7.429137e-02,5.211575e-03,2.991285e-01,1.398153e-02,4.878757e-03,1.777547e-01,1.049498e-02
3.554960e-01,1.299113e-02,3.923485e-02,1.025949e-02,1.915995e-02,2.347432e-02,1.460990e-03,1.051223e-02,7.950764e-02,4.651720e-03,2.513388e-01,2.206269e-02,6.740618e-03,1.503160e-01,1.279364e-02
3.639241e-01,1.299098e-02,5.096328e-02,1.494917e-02,1.921052e-02,2.602013e-02,2.151541e-03,1.623511e-02,8.111400e-02,5.127358e-03,2.276299e-01,2.399606e-02,6.422252e-03,1.350249e-01,1.424071e-02
3.465731e-01,1.445348e-02,4.149011e-02,1.555389e-02,1.869001e-02,2.791199e-02,2.242883e-03,1.550282e-02,8.876535e-02,4.722456e-03,2.217245e-01,2.722735e-02,7.197439e-03,1.543130e-01,1.363154e-02
3.656405e-01,1.983359e-02,3.384757e-02,1.736761e-02,1.854430e-02,3.089487e-02,2.229149e-03,1.419785e-02,9.704331e-02,4.097147e-03,1.917154e-01,2.683918e-02,8.656025e-03,1.545529e-01,1.454064e-02
3.809295e-01,1.870619e-02,2.915714e-02,1.597561e-02,1.756346e-02,3.214153e-02,1.902544e-03,1.270907e-02,1.346674e-01,3.599699e-03,1.532596e-01,2.187376e-02,7.873633e-03,1.515781e-01,1.806283e-02
3.461512e-01,1.963138e-02,2.215241e-02,1.692221e-02,2.335928e-02,3.052348e-02,1.597923e-03,1.405072e-02,1.984815e-01,3.644708e-03,1.334326e-01,1.933724e-02,7.641979e-03,1.390674e-01,2.400604e-02
3.114678e-01,1.854793e-02,1.936945e-02,1.808547e-02,2.559033e-02,4.186592e-02,2.456909e-03,1.626289e-02,2.359464e-01,3.191546e-03,1.128918e-01,2.092164e-02,9.203974e-03,1.349127e-01,2.928519e-02
2.763922e-01,1.665131e-02,1.500476e-02,1.517544e-02,2.072863e-02,5.191370e-02,2.315893e-03,1.366731e-02,2.237516e-01,2.494775e-03,1.388516e-01,2.017870e-02,1.087222e-02,1.629107e-01,2.909118e-02
2.383709e-01,1.479441e-02,1.259622e-02,1.289705e-02,1.813109e-02,4.837569e-02,1.838368e-03,1.087176e-02,2.068839e-01,2.106099e-03,1.530463e-01,1.889025e-02,1.140630e-02,2.227976e-01,2.699409e-02
2.149595e-01,1.248901e-02,1.143624e-02,1.144170e-02,1.490243e-02,4.707786e-02,1.628905e-03,9.238385e-03,1.958577e-01,1.837706e-03,1.365056e-01,1.935949e-02,1.154417e-02,2.878436e-01,2.387771e-02
1.671726e-01,9.843688e-03,1.492204e-02,1.049574e-02,1.231247e-02,5.587388e-02,1.477255e-03,1.018791e-02,2.090420e-01,1.520447e-03,1.256750e-01,1.573042e-02,9.717598e-03,3.369462e-01,1.908282e-02
1.569665e-01,8.549091e-03,1.560467e-02,1.089724e-02,1.281061e-02,5.298221e-02,1.551298e-03,1.231256e-02,2.640623e-01,1.721152e-03,1.172628e-01,1.688807e-02,9.274509e-03,3.018633e-01,1.725373e-02
1.647927e-01,8.191371e-03,1.456648e-02,9.905387e-03,1.143433e-02,5.188913e-02,1.821420e-03,1.087795e-02,2.811495e-01,2.102816e-03,1.119318e-01,1.709424e-02,9.229065e-03,2.891544e-01,1.585943e-02
1.801213e-01,9.059068e-03,1.399148e-02,8.882311e-03,1.113009e-02,5.029776e-02,1.811424e-03,1.057464e-02,2.997906e-01,2.965597e-03,1.060895e-01,1.546912e-02,7.841385e-03,2.654992e-01,1.647657e-02
2.242870e-01,1.039707e-02,1.269256e-02,1.023453e-02,1.211857e-02,4.333875e-02,1.913120e-03,1.097396e-02,2.896931e-01,3.973641e-03,1.150609e-01,1.658094e-02,7.750739e-03,2.211724e-01,1.981274e-02
2.591042e-01,1.124170e-02,1.289983e-02,1.245563e-02,1.402244e-02,3.947216e-02,2.433633e-03,1.325828e-02,2.988523e-01,4.794537e-03,9.636149e-02,1.871037e-02,8.195914e-03,1.840189e-01,2.417864e-02
3.467728e-01,1.188612e-02,1.337654e-02,1.277967e-02,1.318184e-02,3.378356e-02,2.288117e-03,1.184231e-02,2.693319e-01,4.658904e-03,7.356108e-02,1.739949e-02,8.373440e-03,1.567417e-01,2.402263e-02
3.884076e-01,1.277044e-02,1.459942e-02,1.220853e-02,1.135494e-02,2.911788e-02,2.204214e-03,1.060992e-02,2.720075e-01,4.141644e-03,5.682265e-02,1.514527e-02,8.511957e-03,1.391327e-01,2.296534e-02
