1.000000e+00,0.000000e+00,0.000000e+00,0.000000e+00,0.000000e+00,0.000000e+00,0.000000e+00,0.000000e+00,0.000000e+00,0.000000e+00,0.000000e+00,0.000000e+00,0.000000e+00,0.000000e+00,0.000000e+00
1.000000e+00,0.000000e+00,0.000000e+00,0.000000e+00,0.000000e+00,0.000000e+00,0.000000e+00,0.000000e+00,0.000000e+00,0.000000e+00,0.000000e+00,0.000000e+00,0.000000e+00,0.000000e+00,0.000000e+00
1.000000e+00,0.000000e+00,0.000000e+00,0.000000e+00,0.000000e+00,0.000000e+00,0.000000e+00,0.000000e+00,0.000000e+00,0.000000e+00,0.000000e+00,0.000000e+00,0.000000e+00,0.000000e+00,0.000000e+00
1.000000e+00,0.000000e+00,0.000000e+00,0.000000e+00,0.000000e+00,0.000000e+00,0.000000e+00,0.000000e+00,0.000000e+00,0.000000e+00,0.000000e+00,0.000000e+00,0.000000e+00,0.000000e+00,0.000000e+00
1.000000e+00,0.000000e+00,0.000000e+00,0.000000e+00,0.000000e+00,0.000000e+00,0.000000e+00,0.000000e+00,0.000000e+00,0.000000e+00,0.000000e+00,0.000000e+00,0.000000e+00,0.000000e+00,0.000000e+00
1.000000e+00,0.000000e+00,0.000000e+00,0.000000e+00,0.000000e+00,0.000000e+00,0.000000e+00,0.000000e+00,0.000000e+00,0.000000e+00,0.000000e+00,0.000000e+00,0.000000e+00,0.000000e+00,0.000000e+00
1.000000e+00,0.000000e+00,0.000000e+00,0.000000e+00,0.000000e+00,0.000000e+00,0.000000e+00,0.000000e+00,0.000000e+00,0.000000e+00,0.000000e+00,0.000000e+00,0.000000e+00,0.000000e+00,0.000000e+00
1.000000e+00,0.000000e+00,0.000000e+00,0.000000e+00,0.000000e+00,0.000000e+00,0.000000e+00,0.000000e+00,0.000000e+00,0.000000e+00,0.000000e+00,0.000000e+00,0.000000e+00,0.000000e+00,0.000000e+00
1.000000e+00,0.000000e+00,0.000000e+00,0.000000e+00,0.000000e+00,0.000000e+00,0.000000e+00,0.000000e+00,0.000000e+00,0.000000e+00,0.000000e+00,0.000000e+00,0.000000e+00,0.000000e+00,0.000000e+00
1.000000e+00,0.000000e+00,0.000000e+00,0.000000e+00,0.000000e+00,0.000000e+00,0.000000e+00,0.000000e+00,0.000000e+00,0.000000e+00,0.000000e+00,0.000000e+00,0.000000e+00,0.000000e+00,0.000000e+00
1.000000e+00,0.000000e+00,0.000000e+00,0.000000e+00,0.000000e+00,0.000000e+00,0.000000e+00,0.000000e+00,0.000000e+00,0.000000e+00,0.000000e+00,0.000000e+00,0.000000e+00,0.000000e+00,0.000000e+00
1.000000e+00,0.000000e+00,0.000000e+00,0.000000e+00,0.000000e+00,0.000000e+00,0.000000e+00,0.000000e+00,0.000000e+00,0.000000e+00,0.000000e+00,0.000000e+00,0.000000e+00,0.000000e+00,0.000000e+00
1.000000e+00,0.000000e+00,0.000000e+00,0.000000e+00,0.000000e+00,0.000000e+00,0.000000e+00,0.000000e+00,0.000000e+00,0.000000e+00,0.000000e+00,0.000000e+00,0.000000e+00,0.000000e+00,0.000000e+00
1.000000e+00,0.000000e+00,0.000000e+00,0.000000e+00,0.000000e+00,0.000000e+00,0.000000e+00,0.000000e+00,0.000000e+00,0.000000e+00,0.000000e+00,0.000000e+00,0.000000e+00,0.000000e+00,0.000000e+00
1.000000e+00,0.000000e+00,0.000000e+00,0.000000e+00,0.000000e+00,0.000000e+00,0.000000e+00,0.000000e+00,0.000000e+00,0.000000e+00,0.000000e+00,0.000000e+00,0.000000e+00,0.000000e+00,0.000000e+00
1.000000e+00,0.000000e+00,0.000000e+00,0.000000e+00,0.000000e+00,0.000000e+00,0.000000e+00,0.000000e+00,0.000000e+00,0.000000e+00,0.000000e+00,0.000000e+00,0.000000e+00,0.000000e+00,0.000000e+00
1.000000e+00,0.000000e+00,0.000000e+00,0.000000e+00,0.000000e+00,0.000000e+00,0.000000e+00,0.000000e+00,0.000000e+00,0.000000e+00,0.000000e+00,0.000000e+00,0.000000e+00,0.000000e+00,0.000000e+00
1.000000e+00,0.000000e+00,0.000000e+00,0.000000e+00,0.000000e+00,0.000000e+00,0.000000e+00,0.000000e+00,0.000000e+00,0.000000e+00,0.000000e+00,0.000000e+00,0.000000e+00,0.000000e+00,0.000000e+00
1.000000e+00,0.000000e+00,0.000000e+00,0.000000e+00,0.000000e+00,0.000000e+00,0.000000e+00,0.000000e+00,0.000000e+00,0.000000e+00,0.000000e+00,0.000000e+00,0.000000e+00,0.000000e+00,0.000000e+00
1.000000e+00,0.000000e+00,0.000000e+00,0.000000e+00,0.000000e+00,0.000000e+00,0.000000e+00,0.000000e+00,0.000000e+00,0.000000e+00,0.000000e+00,0.000000e+00,0.000000e+00,0.000000e+00,0.000000e+00
1.000000e+00,0.000000e+00,0.000000e+00,0.000000e+00,0.000000e+00,0.000000e+00,0.000000e+00,0.000000e+00,0.000000e+00,0.000000e+00,0.000000e+00,0.000000e+00,0.000000e+00,0.000000e+00,0.000000e+00
1.000000e+00,0.000000e+00,0.000000e+00,0.000000e+00,0.000000e+00,0.000000e+00,0.000000e+00,0.000000e+00,0.000000e+00,0.000000e+00,0.000000e+00,0.000000e+00,0.000000e+00,0.000000e+00,0.000000e+00
1.000000e+00,0.000000e+00,0.000000e+00,0.000000e+00,0.000000e+00,0.000000e+00,0.000000e+00,0.000000e+00,0.000000e+00,0.000000e+00,0.000000e+00,0.000000e+00,0.000000e+00,0.000000e+00,0.000000e+00
1.000000e+00,0.000000e+00,0.000000e+00,0.000000e+00,0.000000e+00,0.000000e+00,0.000000e+00,0.000000e+00,0.000000e+00,0.000000e+00,0.000000e+00,0.000000e+00,0.000000e+00,0.000000e+00,0.000000e+00
1.000000e+00,0.000000e+00,0.000000e+00,0.000000e+00,0.000000e+00,0.000000e+00,0.000000e+00,0.000000e+00,0.000000e+00,0.000000e+00,0.000000e+00,0.000000e+00,0.000000e+00,0.000000e+00,0.000000e+00
1.000000e+00,0.000000e+00,0.000000e+00,0.000000e+00,0.000000e+00,0.000000e+00,0.000000e+00,0.000000e+00,0.000000e+00,0.000000e+00,0.000000e+00,0.000000e+00,0.000000e+00,0.000000e+00,0.000000e+00
1.000000e+00,0.000000e+00,0.000000e+00,0.000000e+00,0.000000e+00,0.000000e+00,0.000000e+00,0.000000e+00,0.000000e+00,0.000000e+00,0.000000e+00,0.000000e+00,0.000000e+00,0.000000e+00,0.000000e+00
1.000000e+00,0.000000e+00,0.000000e+00,0.000000e+00,0.000000e+00,0.000000e+00,0.000000e+00,0.000000e+00,0.000000e+00,0.000000e+00,0.000000e+00,0.000000e+00,0.000000e+00,0.000000e+00,0.000000e+00
1.000000e+00,0.000000e+00,0.000000e+00,0.000000e+00,0.000000e+00,0.000000e+00,0.000000e+00,0.000000e+00,0.000000e+00,0.000000e+00,0.000000e+00,0.000000e+00,0.000000e+00,0.000000e+00,0.000000e+00
1.000000e+00,0.000000e+00,0.000000e+00,0.000000e+00,0.000000e+00,0.000000e+00,0.000000e+00,0.000000e+00,0.000000e+00,0.000000e+00,0.000000e+00,0.000000e+00,0.000000e+00,0.000000e+00,0.000000e+00
1.000000e+00,0.000000e+00,0.000000e+00,0.000000e+00,0.000000e+00,0.000000e+00,0.000000e+00,0.000000e+00,0.000000e+00,0.000000e+00,0.000000e+00,0.000000e+00,0.000000e+00,0.000000e+00,0.000000e+00
1.000000e+00,0.000000e+00,0.000000e+00,0.000000e+00,0.000000e+00,0.000000e+00,0.000000e+00,0.000000e+00,0.000000e+00,0.000000e+00,0.000000e+00,0.000000e+00,0.000000e+00,0.000000e+00,0.000000e+00
4.449528e-01,1.075294e-02,3.778561e-01,5.852423e-02,5.150660e-03,1.321465e-02,7.557027e-03,3.765726e-02,3.082908e-03,1.597440e-03,7.106589e-03,1.118869e-02,1.005463e-02,1.936400e-03,9.367629e-03
3.584482e-01,8.155002e-03,4.622059e-01,6.788007e-02,3.887648e-03,1.190835e-02,5.780828e-03,3.744958e-02,2.854853e-03,6.339818e-03,6.811473e-03,9.026454e-03,9.250966e-03,1.877394e-03,8.123400e-03
3.114357e-01,7.556773e-03,4.793705e-01,6.310667e-02,3.218934e-03,1.200032e-02,4.248219e-03,3.000237e-02,1.009202e-02,6.525922e-03,2.082060e-02,9.071162e-03,1.648687e-02,1.217648e-02,1.388747e-02
2.729838e-01,7.294499e-03,3.924603e-01,5.992512e-02,2.732177e-03,1.042528e-02,3.153729e-03,2.275598e-02,1.945234e-02,7.660503e-03,4.148729e-02,9.251527e-03,1.563605e-02,1.162658e-01,1.851563e-02
2.260840e-01,7.224313e-03,3.123366e-01,5.046340e-02,2.497904e-03,8.890856e-03,2.392819e-03,1.712845e-02,2.929264e-02,8.017914e-03,5.444372e-02,1.097627e-02,1.470278e-02,2.251563e-01,3.039205e-02
1.594034e-01,5.383567e-03,2.199573e-01,3.704283e-02,3.023715e-03,7.924218e-03,1.836054e-03,1.235414e-02,9.476700e-02,9.277323e-03,1.318045e-01,1.301490e-02,1.447314e-02,2.561634e-01,3.357447e-02
1.123926e-01,3.986895e-03,1.544957e-01,2.719454e-02,3.975694e-03,6.981112e-03,1.425177e-03,8.901137e-03,9.680625e-02,1.100671e-02,2.344399e-01,1.157962e-02,1.321138e-02,2.817322e-01,3.187102e-02
7.969375e-02,3.342582e-03,1.082408e-01,2.008034e-02,7.690650e-03,8.245461e-03,1.079450e-03,6.347950e-03,7.518292e-02,1.033330e-02,3.219115e-01,1.088710e-02,1.369393e-02,2.993624e-01,3.390779e-02
5.601897e-02,4.368734e-03,7.591404e-02,1.411762e-02,8.572030e-03,7.268445e-03,8.140004e-04,4.496034e-03,5.595553e-02,9.525009e-03,3.289256e-01,9.297499e-03,1.070476e-02,3.848978e-01,2.912389e-02
3.958525e-02,9.950472e-03,5.332952e-02,1.007791e-02,1.214152e-02,6.785496e-03,6.331434e-04,3.275383e-03,5.031076e-02,7.700680e-03,3.839413e-01,9.267339e-03,8.758532e-03,3.780502e-01,2.619247e-02
2.829604e-02,1.110608e-02,3.737684e-02,7.262927e-03,9.357053e-03,1.574234e-02,4.878944e-04,2.386797e-03,4.087030e-02,7.052124e-03,4.594197e-01,1.137294e-02,7.481525e-03,3.415797e-01,2.020767e-02
2.044723e-02,2.308041e-02,2.623917e-02,5.326090e-03,9.761986e-03,5.420277e-02,4.221267e-04,1.838431e-03,9.174253e-02,6.161799e-03,4.124626e-01,1.582298e-02,7.846848e-03,3.088369e-01,1.580810e-02
1.714730e-02,4.008325e-02,1.858368e-02,4.028910e-03,7.632203e-03,5.452136e-02,3.441515e-04,1.397098e-03,7.648876e-02,6.055086e-03,4.082972e-01,1.668726e-02,7.037981e-03,3.293943e-01,1.230139e-02
1.435390e-02,4.013863e-02,1.328926e-02,3.665994e-03,6.723280e-03,4.253008e-02,3.097017e-04,1.187789e-03,6.961196e-02,6.739252e-03,4.244087e-01,1.542371e-02,7.023873e-03,3.447576e-01,9.836209e-03
1.385270e-02,4.677262e-02,1.130449e-02,6.924770e-03,1.724292e-02,3.525284e-02,3.853395e-04,2.006555e-03,7.541163e-02,1.037391e-02,3.943580e-01,1.696707e-02,8.482014e-03,3.502364e-01,1.042870e-02
1.668426e-02,3.724872e-02,8.842194e-03,8.260351e-03,1.563084e-02,2.713316e-02,4.324084e-04,1.804431e-03,7.462194e-02,1.338725e-02,4.262484e-01,2.138120e-02,1.108606e-02,3.279365e-01,9.302228e-03
1.946807e-02,3.278485e-02,6.600903e-03,6.829253e-03,1.327807e-02,2.243149e-02,3.652656e-04,1.481336e-03,9.298302e-02,1.353167e-02,4.340212e-01,2.391600e-02,1.114612e-02,3.132542e-01,7.908471e-03
3.482082e-02,3.340013e-02,5.522060e-03,5.645452e-03,1.176282e-02,1.873966e-02,3.460414e-04,1.512610e-03,9.689885e-02,1.337821e-02,4.597093e-01,2.726273e-02,1.196170e-02,2.713631e-01,7.676501e-03
5.027990e-02,2.884013e-02,6.435739e-03,5.091725e-03,1.110624e-02,1.697152e-02,6.248584e-04,2.768618e-03,8.038138e-02,1.150639e-02,5.174211e-01,4.064217e-02,1.180936e-02,2.084457e-01,7.675030e-03
5.844140e-02,3.011650e-02,6.008700e-03,5.562808e-03,5.667465e-02,1.325123e-02,7.393061e-04,3.187622e-03,1.158690e-01,1.029858e-02,4.375419e-01,6.429695e-02,1.326987e-02,1.761654e-01,8.575968e-03
1.324505e-01,2.888933e-02,7.746942e-03,2.442906e-02,5.343651e-02,1.431421e-02,1.656501e-03,2.164683e-02,1.179913e-01,9.019194e-03,3.564705e-01,8.032639e-02,1.215654e-02,1.278034e-01,1.166270e-02
1.887443e-01,2.564158e-02,8.138850e-03,2.570651e-02,4.432046e-02,3.152250e-02,3.178637e-03,2.504525e-02,1.002361e-01,7.076990e-03,3.082538e-01,1.152177e-01,1.155304e-02,9.253256e-02,1.283174e-02
2.586406e-01,2.547219e-02,7.662882e-03,3.297429e-02,4.287517e-02,2.913485e-02,3.575277e-03,2.103254e-02,9.816068e-02,5.717890e-03,2.665009e-01,1.117460e-01,1.218250e-02,6.850103e-02,1.582316e-02
2.688342e-01,2.352466e-02,7.993650e-03,3.602750e-02,6.103918e-02,2.860034e-02,4.532812e-03,7.488888e-02,1.039635e-01,5.041491e-03,2.105243e-01,9.682506e-02,1.320185e-02,5.048236e-02,1.452015e-02
2.870610e-01,1.956039e-02,1.793869e-02,4.905093e-02,6.868844e-02,2.809064e-02,6.639934e-03,1.145839e-01,9.103072e-02,4.409675e-03,1.669900e-01,8.404164e-02,1.274403e-02,3.641576e-02,1.275426e-02
3.275759e-01,2.405841e-02,1.642673e-02,6.444369e-02,6.787291e-02,2.823332e-02,6.119106e-03,9.011380e-02,9.070729e-02,4.843021e-03,1.428991e-01,7.672191e-02,1.385382e-02,2.859142e-02,1.753959e-02
3.369516e-01,2.297115e-02,1.709298e-02,6.732145e-02,7.152944e-02,3.245257e-02,6.119588e-03,9.805338e-02,8.109531e-02,4.478196e-03,1.417055e-01,6.569903e-02,1.391847e-02,2.313988e-02,1.747156e-02
3.768855e-01,2.959893e-02,1.513227e-02,7.397508e-02,6.714494e-02,2.854078e-02,5.286672e-03,9.159106e-02,7.584357e-02,4.691801e-03,1.153990e-01,5.750977e-02,1.424890e-02,2.200183e-02,2.214988e-02
3.366309e-01,2.633556e-02,1.312252e-02,6.079974e-02,5.953945e-02,2.363816e-02,5.089797e-03,2.151373e-01,7.802943e-02,3.698177e-03,8.480145e-02,4.566672e-02,1.174377e-02,1.744511e-02,1.832189e-02
3.109070e-01,2.273783e-02,1.126964e-02,4.768069e-02,5.223615e-02,2.003122e-02,5.259001e-03,3.096605e-01,8.072273e-02,3.520052e-03,6.201217e-02,3.553419e-02,9.171666e-03,1.461051e-02,1.464667e-02
3.115941e-01,1.992079e-02,1.026493e-02,3.701530e-02,4.253686e-02,1.951479e-02,6.016204e-03,3.709417e-01,6.926280e-02,2.960004e-03,4.531837e-02,2.963577e-02,8.515384e-03,1.259082e-02,1.391224e-02
3.294013e-01,2.121468e-02,9.656929e-03,2.793817e-02,3.526230e-02,1.785100e-02,5.939829e-03,3.873629e-01,7.063054e-02,3.339847e-03,3.369232e-02,2.421579e-02,7.377866e-03,1.232857e-02,1.378803e-02
3.764774e-01,1.821176e-02,8.748516e-03,2.251361e-02,2.940644e-02,1.670618e-02,6.842891e-03,3.787650e-01,6.393896e-02,3.543499e-03,2.488265e-02,2.082998e-02,7.583380e-03,9.887463e-03,1.166231e-02
4.054077e-01,1.542920e-02,8.535453e-03,1.783834e-02,3.159098e-02,1.513011e-02,6.081047e-03,3.714171e-01,6.344979e-02,3.681737e-03,1.877142e-02,1.768825e-02,6.879667e-03,8.057723e-03,1.004152e-02
4.313028e-01,1.490034e-02,8.409092e-03,1.458869e-02,3.334792e-02,1.349592e-02,5.706433e-03,3.588313e-01,6.333788e-02,4.186437e-03,1.431869e-02,1.488917e-02,6.228865e-03,7.211326e-03,9.245029e-03
4.841291e-01,1.378637e-02,8.408639e-03,1.346422e-02,2.845891e-02,1.468217e-02,6.274693e-03,3.229121e-01,5.236391e-02,4.479252e-03,1.200155e-02,1.486127e-02,6.773446e-03,6.366909e-03,1.103738e-02
1.000000e+00,0.000000e+00,0.000000e+00,0.000000e+00,0.000000e+00,0.000000e+00,0.000000e+00,0.000000e+00,0.000000e+00,0.000000e+00,0.000000e+00,0.000000e+00,0.000000e+00,0.000000e+00,0.000000e+00
1.000000e+00,0.000000e+00,0.000000e+00,0.000000e+00,0.000000e+00,0.000000e+00,0.000000e+00,0.000000e+00,0.000000e+00,0.000000e+00,0.000000e+00,0.000000e+00,0.000000e+00,0.000000e+00,0.000000e+00
4.818552e-01,9.604682e-03,8.941358e-03,1.111684e-02,1.809519e-02,1.203493e-02,6.677727e-03,3.787491e-01,2.838995e-02,3.162594e-03,7.203440e-03,1.472554e-02,6.328289e-03,3.751584e-03,9.363554e-03
4.452981e-01,7.201436e-03,7.905671e-03,1.016928e-02,1.479137e-02,9.661986e-03,5.916803e-03,4.429470e-01,2.075981e-02,2.623604e-03,5.513863e-03,1.208991e-02,4.982725e-03,2.829697e-03,7.308729e-03
3.895082e-01,5.445477e-03,6.707162e-03,9.179337e-03,1.270928e-02,7.815421e-03,4.943468e-03,5.202249e-01,1.481654e-02,2.124177e-03,4.511734e-03,9.819117e-03,4.106725e-03,2.202948e-03,5.885505e-03
3.447992e-01,4.115466e-03,5.562393e-03,7.339617e-03,1.116914e-02,7.673231e-03,4.563300e-03,5.796501e-01,1.060222e-02,1.605799e-03,3.840541e-03,8.529780e-03,3.727538e-03,1.759200e-03,5.062493e-03
2.932164e-01,3.007564e-03,4.603615e-03,5.665594e-03,9.284737e-03,6.289818e-03,4.359549e-03,6.468340e-01,7.552555e-03,1.196065e-03,2.915142e-03,6.889218e-03,3.023706e-03,1.299707e-03,3.862355e-03
2.488824e-01,2.192008e-03,3.510179e-03,4.385408e-03,7.834425e-03,4.923956e-03,3.635141e-03,7.043819e-01,5.340939e-03,8.755838e-04,2.167599e-03,5.464575e-03,2.504055e-03,9.706281e-04,2.931183e-03
2.220896e-01,1.623339e-03,2.758469e-03,3.540904e-03,6.445487e-03,3.972107e-03,3.156882e-03,7.405617e-01,3.795591e-03,6.544123e-04,1.659816e-03,4.458184e-03,2.134239e-03,7.696141e-04,2.379712e-03
2.286466e-01,1.227477e-03,2.221873e-03,3.063914e-03,5.150397e-03,3.455683e-03,2.838400e-03,7.404312e-01,2.717023e-03,5.048960e-04,1.325314e-03,3.817378e-03,1.935170e-03,6.466621e-04,2.018038e-03
2.213582e-01,9.623358e-04,1.857630e-03,2.734382e-03,4.391482e-03,3.102662e-03,2.930244e-03,7.519734e-01,1.969231e-03,3.950101e-04,1.078848e-03,3.233611e-03,1.778429e-03,5.352056e-04,1.699311e-03
1.969997e-01,8.255746e-04,1.654341e-03,2.567092e-03,4.535007e-03,3.090121e-03,3.118246e-03,7.775845e-01,1.467261e-03,3.196256e-04,1.036257e-03,2.983049e-03,1.794184e-03,4.663521e-04,1.558759e-03
1.941135e-01,1.369348e-03,1.987362e-03,3.783666e-03,5.802981e-03,6.623457e-03,3.009559e-03,7.653224e-01,1.597066e-03,4.176559e-04,1.875524e-03,4.989269e-03,3.993033e-03,6.209086e-04,4.494247e-03
1.811049e-01,1.585095e-03,2.140231e-03,3.490603e-03,6.296283e-03,9.375771e-03,2.833094e-03,7.729395e-01,1.414836e-03,3.703078e-04,1.894150e-03,5.622346e-03,5.852435e-03,5.963939e-04,4.484120e-03
1.741751e-01,1.468551e-03,1.787569e-03,2.788345e-03,6.707395e-03,9.709321e-03,2.276109e-03,7.840170e-01,1.102404e-03,2.815406e-04,1.493612e-03,4.772199e-03,5.584862e-03,4.672895e-04,3.368787e-03
1.865273e-01,1.656221e-03,1.590762e-03,2.484009e-03,8.365704e-03,1.497431e-02,2.394961e-03,7.598054e-01,1.055966e-03,2.570576e-04,1.528492e-03,5.038676e-03,1.094154e-02,4.145599e-04,2.964992e-03
1.850341e-01,7.350607e-03,2.163673e-03,4.514757e-03,2.423775e-02,1.784829e-02,5.549948e-03,6.134576e-01,6.343746e-03,2.414178e-03,5.090498e-03,4.668462e-02,6.831201e-02,1.049491e-03,9.948704e-03
2.184667e-01,7.805427e-03,2.069563e-03,4.079725e-03,3.388195e-02,1.639815e-02,4.757978e-03,4.383529e-01,5.701439e-03,2.156633e-03,4.902059e-03,4.133702e-02,2.111319e-01,9.160969e-04,8.042373e-03
2.182150e-01,7.736224e-03,3.065596e-03,3.526957e-03,4.152052e-02,1.785958e-02,5.207017e-03,3.157784e-01,5.409566e-03,2.169950e-03,7.104749e-03,4.431851e-02,3.201333e-01,8.906811e-04,7.063977e-03
2.014910e-01,6.774776e-03,3.380336e-03,2.864233e-03,4.377769e-02,1.603170e-02,5.090652e-03,2.262392e-01,5.836176e-03,2.369985e-03,7.903724e-03,4.183024e-02,4.282499e-01,1.291982e-03,6.868410e-03
1.755458e-01,6.047322e-03,3.034512e-03,2.293381e-03,4.177820e-02,1.350090e-02,3.965394e-03,1.599696e-01,7.485709e-03,2.050058e-03,6.505866e-03,4.079901e-02,5.295250e-01,1.157646e-03,6.341581e-03
1.854392e-01,5.818252e-03,3.244186e-03,2.025308e-03,4.603021e-02,1.230770e-02,4.872870e-03,1.143885e-01,1.138708e-02,2.293216e-03,6.235321e-03,3.734211e-02,5.609873e-01,1.736597e-03,5.892047e-03
1.642968e-01,4.709648e-03,2.496046e-03,1.574700e-03,3.384247e-02,1.190560e-02,5.590094e-03,8.231567e-02,8.968776e-03,1.754732e-03,4.840919e-03,3.415848e-02,6.376603e-01,1.384692e-03,4.501001e-03
1.646993e-01,4.442486e-03,2.162143e-03,1.484986e-03,2.599051e-02,1.168511e-02,4.905724e-03,6.067009e-02,8.443838e-03,1.471728e-03,3.917762e-03,3.117825e-02,6.744273e-01,1.081642e-03,3.439112e-03
1.551096e-01,3.831466e-03,2.114854e-03,1.206048e-03,2.272634e-02,1.026494e-02,4.377726e-03,4.530810e-02,7.485585e-03,1.181704e-03,3.018149e-03,4.684519e-02,6.929883e-01,8.446644e-04,2.697330e-03
1.228163e-01,3.384401e-03,1.766981e-03,9.560591e-04,1.964153e-02,7.953594e-03,3.634224e-03,3.264018e-02,6.150212e-03,8.633347e-04,2.250646e-03,5.604947e-02,7.391256e-01,6.600139e-04,2.107424e-03
1.301176e-01,4.445217e-03,9.485561e-03,4.945881e-03,2.023577e-02,1.146510e-02,3.279116e-03,2.495551e-02,7.152329e-03,7.510674e-04,2.214855e-03,4.968723e-02,7.281613e-01,9.536681e-04,2.149778e-03
1.292932e-01,3.687089e-03,8.946139e-03,4.421881e-03,2.308443e-02,1.093681e-02,3.212802e-03,2.013647e-02,5.986011e-03,5.711201e-04,1.830963e-03,3.939366e-02,7.459723e-01,8.350519e-04,1.692081e-03
1.172681e-01,3.409935e-03,7.219076e-03,3.821034e-03,3.426433e-02,1.330883e-02,4.558587e-03,1.561431e-02,5.349041e-03,4.235748e-04,1.691765e-03,3.095244e-02,7.599968e-01,6.795993e-04,1.442682e-03
9.448408e-02,3.792467e-03,1.682191e-02,6.149154e-03,4.282404e-02,1.803212e-02,5.058728e-03,1.500638e-02,4.857949e-03,4.115140e-04,1.390302e-03,2.271686e-02,7.659728e-01,6.417687e-04,1.839988e-03
9.164784e-02,4.784465e-03,1.469911e-02,5.128113e-03,3.707189e-02,1.524731e-02,5.023963e-03,1.371392e-02,5.357800e-03,3.865649e-04,1.199990e-03,1.645138e-02,7.853730e-01,6.475477e-04,3.267229e-03
1.344501e-01,4.551989e-03,1.137638e-02,5.647299e-03,3.040422e-02,1.328582e-02,4.163381e-03,1.500399e-02,5.137309e-03,3.438380e-04,1.244518e-03,1.282640e-02,7.572398e-01,7.483518e-04,3.576653e-03
1.239854e-01,3.815820e-03,8.213816e-03,4.497484e-03,2.334539e-02,1.147710e-02,3.391083e-03,1.309744e-02,4.353276e-03,2.795210e-04,1.134199e-03,1.153254e-02,7.872986e-01,6.940317e-04,2.884335e-03
1.148992e-01,3.562042e-03,5.852876e-03,4.098329e-03,1.769693e-02,1.092001e-02,2.820260e-03,1.026019e-02,4.199830e-03,2.622848e-04,1.196151e-03,1.170113e-02,8.088613e-01,7.556665e-04,2.913830e-03
1.507146e-01,3.229728e-03,4.398403e-03,4.858692e-03,1.383928e-02,9.998629e-03,2.684760e-03,8.014210e-03,3.923492e-03,2.977519e-04,1.902170e-03,1.652814e-02,7.734655e-01,2.081945e-03,4.062778e-03
1.708567e-01,2.721131e-03,3.244147e-03,4.778787e-03,1.086468e-02,1.079777e-02,2.516737e-03,6.205778e-03,3.615242e-03,2.750116e-04,1.877085e-03,1.655832e-02,7.598118e-01,2.053324e-03,3.823464e-03
2.026575e-01,2.154005e-03,2.386353e-03,4.331545e-03,8.569405e-03,9.568536e-03,2.254740e-03,4.815248e-03,3.234004e-03,2.291158e-04,1.727345e-03,1.557472e-02,7.373569e-01,1.967921e-03,3.172684e-03
2.140466e-01,1.801347e-03,1.768607e-03,3.709117e-03,6.639125e-03,8.020345e-03,1.707881e-03,3.582420e-03,3.134013e-03,2.255196e-04,1.675381e-03,1.243061e-02,7.362113e-01,1.675685e-03,3.372078e-03
2.726075e-01,3.071664e-03,2.260478e-03,1.003523e-02,7.815005e-03,8.110084e-03,1.837635e-03,4.250416e-03,3.479406e-03,2.945218e-04,3.371494e-03,2.254343e-02,6.528182e-01,2.682859e-03,4.822096e-03
3.218000e-01,3.366956e-03,2.243487e-03,9.169438e-03,8.081073e-03,8.690354e-03,1.808213e-03,4.276708e-03,5.744126e-03,3.732307e-04,3.481785e-03,1.844459e-02,6.037953e-01,2.489534e-03,6.235295e-03
3.838802e-01,3.630134e-03,2.727483e-03,9.352660e-03,8.380371e-03,9.576592e-03,1.721834e-03,8.672070e-03,6.301687e-03,4.249924e-04,3.758041e-03,1.669344e-02,5.364637e-01,2.625535e-03,5.791279e-03
4.615452e-01,3.962621e-03,4.034933e-03,1.025221e-02,8.551782e-03,9.113683e-03,2.236372e-03,3.583821e-02,5.960560e-03,4.394684e-04,4.101040e-03,1.646842e-02,4.295011e-01,2.489191e-03,5.505236e-03
1.000000e+00,0.000000e+00,0.000000e+00,0.000000e+00,0.000000e+00,0.000000e+00,0.000000e+00,0.000000e+00,0.000000e+00,0.000000e+00,0.000000e+00,0.000000e+00,0.000000e+00,0.000000e+00,0.000000e+00
1.000000e+00,0.000000e+00,0.000000e+00,0.000000e+00,0.000000e+00,0.000000e+00,0.000000e+00,0.000000e+00,0.000000e+00,0.000000e+00,0.000000e+00,0.000000e+00,0.000000e+00,0.000000e+00,0.000000e+00
1.000000e+00,0.000000e+00,0.000000e+00,0.000000e+00,0.000000e+00,0.000000e+00,0.000000e+00,0.000000e+00,0.000000e+00,0.000000e+00,0.000000e+00,0.000000e+00,0.000000e+00,0.000000e+00,0.000000e+00
1.000000e+00,0.000000e+00,0.000000e+00,0.000000e+00,0.000000e+00,0.000000e+00,0.000000e+00,0.000000e+00,0.000000e+00,0.000000e+00,0.000000e+00,0.000000e+00,0.000000e+00,0.000000e+00,0.000000e+00
1.000000e+00,0.000000e+00,0.000000e+00,0.000000e+00,0.000000e+00,0.000000e+00,0.000000e+00,0.000000e+00,0.000000e+00,0.000000e+00,0.000000e+00,0.000000e+00,0.000000e+00,0.000000e+00,0.000000e+00
1.000000e+00,0.000000e+00,0.000000e+00,0.000000e+00,0.000000e+00,0.000000e+00,0.000000e+00,0.000000e+00,0.000000e+00,0.000000e+00,0.000000e+00,0.000000e+00,0.000000e+00,0.000000e+00,0.000000e+00
1.000000e+00,0.000000e+00,0.000000e+00,0.000000e+00,0.000000e+00,0.000000e+00,0.000000e+00,0.000000e+00,0.000000e+00,0.000000e+00,0.000000e+00,0.000000e+00,0.000000e+00,0.000000e+00,0.000000e+00
1.000000e+00,0.000000e+00,0.000000e+00,0.000000e+00,0.000000e+00,0.000000e+00,0.000000e+00,0.000000e+00,0.000000e+00,0.000000e+00,0.000000e+00,0.000000e+00,0.000000e+00,0.000000e+00,0.000000e+00
1.000000e+00,0.000000e+00,0.000000e+00,0.000000e+00,0.000000e+00,0.000000e+00,0.000000e+00,0.000000e+00,0.000000e+00,0.000000e+00,0.000000e+00,0.000000e+00,0.000000e+00,0.000000e+00,0.000000e+00
1.000000e+00,0.000000e+00,0.000000e+00,0.000000e+00,0.000000e+00,0.000000e+00,0.000000e+00,0.000000e+00,0.000000e+00,0.000000e+00,0.000000e+00,0.000000e+00,0.000000e+00,0.000000e+00,0.000000e+00
1.000000e+00,0.000000e+00,0.000000e+00,0.000000e+00,0.000000e+00,0.000000e+00,0.000000e+00,0.000000e+00,0.000000e+00,0.000000e+00,0.000000e+00,0.000000e+00,0.000000e+00,0.000000e+00,0.000000e+00
1.000000e+00,0.000000e+00,0.000000e+00,0.000000e+00,0.000000e+00,0.000000e+00,0.000000e+00,0.000000e+00,0.000000e+00,0.000000e+00,0.000000e+00,0.000000e+00,0.000000e+00,0.000000e+00,0.000000e+00
1.000000e+00,0.000000e+00,0.000000e+00,0.000000e+00,0.000000e+00,0.000000e+00,0.000000e+00,0.000000e+00,0.000000e+00,0.000000e+00,0.000000e+00,0.000000e+00,0.000000e+00,0.000000e+00,0.000000e+00
1.000000e+00,0.000000e+00,0.000000e+00,0.000000e+00,0.000000e+00,0.000000e+00,0.000000e+00,0.000000e+00,0.000000e+00,0.000000e+00,0.000000e+00,0.000000e+00,0.000000e+00,0.000000e+00,0.000000e+00
1.000000e+00,0.000000e+00,0.000000e+00,0.000000e+00,0.000000e+00,0.000000e+00,0.000000e+00,0.000000e+00,0.000000e+00,0.000000e+00,0.000000e+00,0.000000e+00,0.000000e+00,0.000000e+00,0.000000e+00
1.000000e+00,0.000000e+00,0.000000e+00,0.000000e+00,0.000000e+00,0.000000e+00,0.000000e+00,0.000000e+00,0.000000e+00,0.000000e+00,0.000000e+00,0.000000e+00,0.000000e+00,0.000000e+00,0.000000e+00
1.000000e+00,0.000000e+00,0.000000e+00,0.000000e+00,0.000000e+00,0.000000e+00,0.000000e+00,0.000000e+00,0.000000e+00,0.000000e+00,0.000000e+00,0.000000e+00,0.000000e+00,0.000000e+00,0.000000e+00
4.841090e-01,3.931457e-03,6.467209e-03,1.338128e-02,8.395150e-03,3.013836e-02,7.225166e-03,3.717632e-01,6.276572e-03,3.062986e-03,5.069830e-03,2.518049e-02,2.046320e-02,2.485591e-03,1.205049e-02
4.499899e-01,3.868234e-03,5.668077e-03,1.267160e-02,1.165169e-02,2.622939e-02,6.014558e-03,4.183087e-01,6.435589e-03,2.528651e-03,4.610363e-03,2.137099e-02,1.742247e-02,2.253267e-03,1.097654e-02
4.182429e-01,4.023829e-03,5.325837e-03,1.058215e-02,1.324443e-02,2.232689e-02,4.991624e-03,4.687162e-01,5.185853e-03,1.984323e-03,3.805246e-03,1.643789e-02,1.444321e-02,1.765133e-03,8.924436e-03
4.275920e-01,4.312544e-03,4.913609e-03,1.022382e-02,1.418341e-02,2.019503e-02,4.433679e-03,4.708239e-01,4.104343e-03,1.515345e-03,3.209160e-03,1.313952e-02,1.237655e-02,1.410024e-03,7.567042e-03
4.449476e-01,4.050898e-03,4.482834e-03,9.279226e-03,1.420770e-02,1.960271e-02,4.284427e-03,4.625254e-01,3.194807e-03,1.149554e-03,2.636807e-03,1.079343e-02,1.171156e-02,1.073887e-03,6.059248e-03
4.961067e-01,3.664346e-03,3.825189e-03,9.078084e-03,1.676162e-02,1.761454e-02,4.097992e-03,4.108973e-01,2.968265e-03,9.818447e-04,2.682139e-03,1.094651e-02,1.415252e-02,8.925970e-04,5.330340e-03
1.000000e+00,0.000000e+00,0.000000e+00,0.000000e+00,0.000000e+00,0.000000e+00,0.000000e+00,0.000000e+00,0.000000e+00,0.000000e+00,0.000000e+00,0.000000e+00,0.000000e+00,0.000000e+00,0.000000e+00
1.000000e+00,0.000000e+00,0.000000e+00,0.000000e+00,0.000000e+00,0.000000e+00,0.000000e+00,0.000000e+00,0.000000e+00,0.000000e+00,0.000000e+00,0.000000e+00,0.000000e+00,0.000000e+00,0.000000e+00
4.822822e-01,5.689883e-03,2.387381e-03,9.205475e-03,2.061249e-02,1.375593e-02,3.623822e-03,1.921689e-01,1.271726e-02,1.370565e-03,9.053516e-03,1.485105e-02,2.253731e-01,7.655395e-04,6.142857e-03
3.989841e-01,6.602873e-03,2.440907e-03,7.624030e-03,1.795939e-02,1.280577e-02,4.539768e-03,1.371502e-01,1.815789e-02,1.673643e-03,9.582854e-03,1.239257e-02,3.576818e-01,7.918857e-04,1.161234e-02
3.067637e-01,6.042205e-03,1.910575e-03,5.622680e-03,1.373321e-02,9.946936e-03,3.453005e-03,9.634994e-02,1.461380e-02,1.433217e-03,8.642200e-03,1.221202e-02,5.087308e-01,6.819709e-04,9.863744e-03
2.405249e-01,5.502330e-03,1.509251e-03,4.149196e-03,1.030786e-02,7.702905e-03,2.592162e-03,6.766210e-02,1.210115e-02,1.136458e-03,7.687517e-03,1.255296e-02,6.179135e-01,6.507514e-04,8.006969e-03
1.778504e-01,4.744048e-03,1.249138e-03,3.090214e-03,8.178658e-03,6.218622e-03,1.999541e-03,4.751554e-02,1.262615e-02,9.119972e-04,6.813627e-03,1.291569e-02,7.091085e-01,6.304928e-04,6.147417e-03
1.279275e-01,3.804152e-03,1.053715e-03,2.218181e-03,6.252755e-03,4.855246e-03,1.520960e-03,3.337215e-02,1.018761e-02,7.008211e-04,5.325560e-03,1.053676e-02,7.871839e-01,5.277884e-04,4.532886e-03
9.385717e-02,3.568766e-03,1.068026e-03,1.607402e-03,5.312268e-03,4.176654e-03,1.132737e-03,2.346366e-02,8.901658e-03,5.293004e-04,4.454854e-03,9.840834e-03,8.381959e-01,4.768440e-04,3.413927e-03
6.762077e-02,2.650501e-03,1.262548e-03,1.152552e-03,5.578677e-03,3.967803e-03,1.482711e-03,1.738766e-02,7.057591e-03,4.013624e-04,3.410389e-03,8.298536e-03,8.766673e-01,4.020127e-04,2.659604e-03
5.116421e-02,2.196729e-03,1.064471e-03,8.400966e-04,6.011740e-03,3.326377e-03,1.194653e-03,1.254285e-02,5.909422e-03,2.932859e-04,2.543915e-03,7.597951e-03,9.029609e-01,3.347451e-04,2.018651e-03
3.758869e-02,1.855511e-03,1.560965e-03,6.795289e-04,1.315637e-02,2.862983e-03,1.739615e-03,1.042224e-02,5.537980e-03,2.270585e-04,1.915261e-03,7.964508e-03,9.125336e-01,3.016094e-04,1.654045e-03
2.995409e-02,3.399946e-03,3.143784e-03,5.647670e-04,1.512234e-02,3.596325e-03,1.465358e-03,7.809971e-03,6.487682e-03,1.677406e-04,1.431007e-03,8.293273e-03,9.170561e-01,2.751062e-04,1.232519e-03
2.465242e-02,3.254360e-03,3.065131e-03,4.454275e-04,1.667822e-02,4.324721e-03,1.208179e-03,5.961516e-03,5.763110e-03,1.237274e-04,1.054969e-03,1.393962e-02,9.184210e-01,2.092510e-04,8.982377e-04
2.256369e-02,2.655387e-03,3.631808e-03,4.045879e-04,2.518996e-02,3.617399e-03,1.324851e-03,4.648461e-03,4.841585e-03,9.679883e-05,8.188603e-04,1.534569e-02,9.140105e-01,1.647384e-04,6.856378e-04
1.947574e-02,2.172982e-03,3.051701e-03,3.177922e-04,2.962130e-02,2.776330e-03,1.245438e-03,3.635809e-03,4.178937e-03,7.393998e-05,6.061706e-04,1.606142e-02,9.161515e-01,1.251009e-04,5.058334e-04
2.027866e-02,1.891278e-03,5.682831e-03,2.724904e-04,5.927043e-02,2.751917e-03,8.022067e-03,6.864413e-03,4.804522e-03,1.046346e-04,4.853916e-04,2.029824e-02,8.686029e-01,1.195875e-04,5.505906e-04
2.622632e-02,2.518231e-03,5.063104e-03,3.145538e-04,5.342755e-02,4.053951e-03,5.893819e-03,5.702666e-03,5.409988e-03,9.440904e-05,4.864736e-04,1.806189e-02,8.721940e-01,1.323807e-04,4.206654e-04
3.990605e-02,2.235726e-03,3.931014e-03,2.981844e-04,4.198250e-02,4.425255e-03,4.517089e-03,4.464568e-03,5.920574e-03,8.433439e-05,4.837973e-04,1.926379e-02,8.720311e-01,1.460680e-04,3.099575e-04
5.024280e-02,1.839958e-03,6.722885e-03,3.055598e-04,6.882552e-02,5.616332e-03,2.500803e-02,1.646186e-02,7.472776e-03,3.053534e-04,1.514057e-03,1.957522e-02,7.951293e-01,1.689455e-04,8.113951e-04
5.641235e-02,1.552906e-03,3.248315e-02,3.276712e-04,6.586856e-02,5.222665e-03,5.108153e-02,6.192423e-02,7.278933e-03,5.070880e-04,1.697971e-03,2.257040e-02,6.917990e-01,1.713867e-04,1.102100e-03
9.055343e-02,1.829758e-03,3.284926e-02,7.334802e-04,9.988192e-02,8.204788e-03,6.522021e-02,4.979276e-02,1.037003e-02,8.785126e-04,3.379318e-03,3.153778e-02,6.032383e-01,3.378536e-04,1.192595e-03
1.303346e-01,1.921338e-03,5.236841e-02,2.307902e-03,9.723822e-02,1.331441e-02,5.397857e-02,6.833778e-02,1.252038e-02,1.477103e-03,5.097087e-03,3.008068e-02,5.291883e-01,4.010095e-04,1.434212e-03
1.797448e-01,1.917347e-03,5.321829e-02,4.871756e-03,1.208589e-01,1.897779e-02,4.696665e-02,5.808032e-02,1.539727e-02,1.856763e-03,9.412534e-03,4.385863e-02,4.421447e-01,6.070297e-04,2.087278e-03
1.819728e-01,1.696761e-03,4.236562e-02,6.408297e-03,1.087477e-01,1.709010e-02,3.752974e-02,5.935516e-02,1.674589e-02,2.864035e-03,2.086432e-02,7.303198e-02,4.259080e-01,8.980571e-04,4.521527e-03
1.517335e-01,1.420666e-03,3.925934e-02,1.188852e-02,9.205233e-02,1.772906e-02,2.794580e-02,7.387327e-02,2.141309e-02,3.122544e-03,2.805165e-02,8.750403e-02,4.381680e-01,1.230644e-03,4.607662e-03
1.106770e-01,1.131469e-03,3.382591e-02,1.131909e-02,7.080065e-02,1.541987e-02,1.971680e-02,5.935108e-02,1.983847e-02,2.949258e-03,3.569188e-02,1.283325e-01,4.852727e-01,1.634962e-03,4.038327e-03
7.803024e-02,8.230306e-04,2.382514e-02,9.074068e-03,5.078713e-02,1.241708e-02,1.386957e-02,4.436595e-02,1.544741e-02,2.321205e-03,2.947351e-02,1.174504e-01,5.976992e-01,1.328200e-03,3.087816e-03
5.727196e-02,8.768244e-04,1.692668e-02,1.046597e-02,4.396731e-02,1.311612e-02,9.997139e-03,3.342528e-02,1.306219e-02,2.116554e-03,2.560780e-02,9.905205e-02,6.700844e-01,1.370340e-03,2.659457e-03
4.103473e-02,6.764025e-04,1.209555e-02,9.746177e-03,4.584840e-02,1.022702e-02,7.214062e-03,2.588931e-02,1.103339e-02,3.121183e-03,5.002777e-02,8.259565e-02,6.952679e-01,1.107145e-03,4.115409e-03
3.424087e-02,5.308160e-04,8.559218e-03,8.255888e-03,4.658395e-02,1.107504e-02,5.226900e-03,1.938895e-02,1.200669e-02,2.804757e-03,6.395634e-02,7.986760e-02,7.021987e-01,9.975199e-04,4.306766e-03
3.093801e-02,4.737053e-04,6.349872e-03,6.273373e-03,5.386782e-02,9.578940e-03,3.910372e-03,1.579692e-02,1.119574e-02,2.279097e-03,6.219332e-02,6.096454e-02,7.310252e-01,7.627981e-04,4.390366e-03
3.155101e-02,5.178897e-04,5.934251e-03,4.786800e-03,6.978381e-02,9.088085e-03,4.230686e-03,1.907878e-02,1.278280e-02,2.533202e-03,4.701253e-02,4.763202e-02,7.386829e-01,7.251574e-04,5.660162e-03
2.528367e-02,4.511903e-04,4.455965e-03,3.483779e-03,1.683034e-01,6.679398e-03,4.213610e-03,1.470419e-02,1.371360e-02,2.138696e-03,5.325674e-02,3.648854e-02,6.615124e-01,5.363932e-04,4.778432e-03
1.894823e-02,3.919342e-04,4.436134e-03,2.532045e-03,2.468449e-01,5.133353e-03,5.264828e-03,3.682407e-02,1.278231e-02,2.002949e-03,4.485904e-02,3.219063e-02,5.826923e-01,4.911735e-04,4.606064e-03
1.435967e-02,3.179995e-04,4.331741e-03,2.026102e-03,2.719515e-01,4.135909e-03,4.684177e-03,6.382665e-02,1.080922e-02,2.099601e-03,3.823229e-02,2.967694e-02,5.487295e-01,4.438946e-04,4.374736e-03
1.271678e-02,2.911164e-04,6.563470e-03,1.875692e-03,2.361261e-01,3.503388e-03,4.780363e-03,1.305334e-01,9.678625e-03,2.247419e-03,3.388673e-02,3.003151e-02,5.239515e-01,4.128798e-04,3.400912e-03
1.488444e-02,7.673861e-04,6.803817e-03,2.280291e-03,2.591030e-01,2.945486e-03,4.541699e-03,1.317998e-01,3.032165e-02,3.353114e-03,3.288934e-02,2.840895e-02,4.776441e-01,6.637527e-04,3.593198e-03
2.186106e-02,9.747581e-04,6.225559e-03,2.790548e-03,2.778758e-01,2.972661e-03,4.125371e-03,1.422778e-01,4.125744e-02,3.478121e-03,3.545739e-02,2.855294e-02,4.282942e-01,8.471861e-04,3.009149e-03
4.020844e-02,2.185924e-03,7.425187e-03,7.551134e-03,2.639340e-01,5.096426e-03,6.639268e-03,1.868076e-01,4.031742e-02,2.848418e-03,3.042812e-02,2.831650e-02,3.743778e-01,8.754765e-04,2.988338e-03
5.264066e-02,2.427978e-03,6.272496e-03,7.856444e-03,2.300897e-01,5.309340e-03,5.667030e-03,2.536306e-01,4.843034e-02,2.305122e-03,2.769742e-02,2.894495e-02,3.253425e-01,8.280108e-04,2.557351e-03
1.120638e-01,2.926803e-03,7.987531e-03,1.093421e-02,1.917468e-01,6.882232e-03,5.166910e-03,2.339083e-01,6.822913e-02,2.186138e-03,2.661596e-02,3.183760e-02,2.959511e-01,9.466550e-04,2.616937e-03
1.031605e-01,2.838416e-03,6.506917e-03,1.036672e-02,1.499794e-01,9.518066e-03,4.397463e-03,1.886989e-01,8.808274e-02,2.529944e-03,2.899176e-02,3.623559e-02,3.624120e-01,1.940424e-03,4.341189e-03
9.820142e-02,2.560877e-03,5.087759e-03,9.413627e-03,1.748677e-01,8.840562e-03,5.581931e-03,1.464356e-01,9.969287e-02,2.097578e-03,3.891902e-02,4.181439e-02,3.604203e-01,1.880317e-03,4.185991e-03
8.914855e-02,2.192787e-03,4.655087e-03,9.238777e-03,1.503699e-01,7.621919e-03,5.972456e-03,1.903082e-01,9.091722e-02,1.828023e-03,3.756729e-02,5.173673e-02,3.532347e-01,1.637228e-03,3.571148e-03
6.971898e-02,1.682857e-03,4.193746e-03,6.878478e-03,1.152886e-01,5.581798e-03,4.304969e-03,3.319691e-01,6.869477e-02,1.329744e-03,3.292553e-02,4.130136e-02,3.123639e-01,1.188454e-03,2.577716e-03
5.273154e-02,1.200929e-03,3.394127e-03,4.923216e-03,8.283143e-02,3.984656e-03,3.094508e-03,5.228828e-01,4.837886e-02,9.381024e-04,2.333746e-02,2.941601e-02,2.202403e-01,8.342243e-04,1.811826e-03
4.204236e-02,8.596060e-04,2.496908e-03,3.574768e-03,5.974189e-02,3.278621e-03,2.238268e-03,6.572341e-01,3.391967e-02,6.612622e-04,1.666314e-02,2.072557e-02,1.547024e-01,5.869096e-04,1.274522e-03
3.159489e-02,6.192680e-04,1.828227e-03,2.645419e-03,4.458209e-02,2.770036e-03,1.691188e-03,7.538912e-01,2.381379e-02,4.657186e-04,1.178728e-02,1.453730e-02,1.084631e-01,4.154678e-04,8.948617e-04
2.646672e-02,4.663394e-04,1.362682e-03,2.026760e-03,3.424224e-02,2.397177e-03,1.301823e-03,8.189074e-01,1.684222e-02,3.291910e-04,8.324859e-03,1.024649e-02,7.616165e-02,2.965028e-04,6.279029e-04
2.620350e-02,4.334787e-04,1.030427e-03,1.902040e-03,3.363735e-02,2.150157e-03,1.113234e-03,8.540021e-01,1.205523e-02,2.327333e-04,5.899976e-03,7.235532e-03,5.344909e-02,2.135375e-04,4.415250e-04
3.978977e-02,5.278492e-04,7.751912e-04,3.692463e-03,2.732012e-02,2.393921e-03,8.637654e-04,8.659528e-01,9.615440e-03,1.734863e-04,4.424459e-03,5.951277e-03,3.802884e-02,1.659386e-04,3.245013e-04
3.740542e-02,4.558932e-04,5.879620e-04,4.035984e-03,2.084421e-02,1.923505e-03,6.431800e-04,8.920472e-01,7.075885e-03,1.237660e-04,3.206168e-03,4.498757e-03,2.678705e-02,1.253098e-04,2.395935e-04
3.530416e-02,3.820937e-04,4.726331e-04,3.756742e-03,1.662059e-02,1.637835e-03,4.878080e-04,9.108841e-01,5.207219e-03,8.939430e-05,2.374772e-03,3.555495e-03,1.894350e-02,1.023396e-04,1.811176e-04
3.431260e-02,3.911454e-04,4.586840e-04,3.298113e-03,1.374756e-02,1.454374e-03,4.321061e-04,9.232206e-01,4.080292e-03,7.128067e-05,1.794130e-03,2.953345e-03,1.352448e-02,9.439760e-05,1.667424e-04
4.052310e-02,6.804005e-04,5.354579e-04,3.297869e-03,1.305351e-02,1.836544e-03,5.744383e-04,9.195341e-01,4.627562e-03,7.486804e-05,1.513979e-03,3.205056e-03,1.019249e-02,1.153523e-04,2.351985e-04
5.696763e-02,7.407827e-04,1.149022e-03,4.393036e-03,1.173160e-02,4.367888e-03,1.264572e-03,8.989778e-01,4.409809e-03,9.378759e-05,1.600750e-03,4.901033e-03,8.800694e-03,1.934922e-04,4.080935e-04
8.097240e-02,1.393392e-03,1.561719e-03,4.815596e-03,1.390325e-02,4.231511e-03,1.423755e-03,8.737701e-01,4.844159e-03,1.343324e-04,1.400440e-03,4.203171e-03,6.625017e-03,2.484665e-04,4.726481e-04
1.437417e-01,2.074140e-03,1.869939e-03,4.818734e-03,1.290074e-02,5.189637e-03,1.809950e-03,8.084620e-01,5.563405e-03,2.396442e-04,1.373878e-03,5.278849e-03,5.411450e-03,4.392761e-04,8.266449e-04
2.206583e-01,2.324478e-03,3.221212e-03,5.654136e-03,1.326631e-02,1.708890e-02,5.822829e-03,7.051843e-01,5.253521e-03,4.274641e-04,1.701721e-03,9.544156e-03,7.196789e-03,7.159029e-04,1.939906e-03
2.722087e-01,2.118102e-03,3.597252e-03,5.228776e-03,1.189409e-02,2.044398e-02,7.113042e-03,6.480606e-01,4.438824e-03,4.921304e-04,1.719612e-03,1.110643e-02,8.563787e-03,7.374706e-04,2.277215e-03
3.375686e-01,2.102633e-03,4.117497e-03,4.823034e-03,1.116308e-02,2.150405e-02,7.554170e-03,5.819136e-01,3.727700e-03,5.154759e-04,1.791237e-03,1.142645e-02,8.243260e-03,8.374981e-04,2.711712e-03
4.120165e-01,1.778532e-03,3.621078e-03,4.793288e-03,9.221217e-03,1.941177e-02,5.879342e-03,5.071450e-01,3.253018e-03,4.065442e-04,1.780712e-03,1.688628e-02,1.073003e-02,7.724864e-04,2.304252e-03
4.296457e-01,2.741977e-03,3.136498e-03,6.760254e-03,8.050589e-03,2.242225e-02,4.528207e-03,3.989794e-01,4.944410e-03,4.377006e-04,4.367475e-03,4.939943e-02,5.929529e-02,1.646318e-03,3.644513e-03
4.445045e-01,3.537644e-03,3.683911e-03,6.787140e-03,7.412496e-03,1.781913e-02,4.196377e-03,3.113045e-01,5.856597e-03,6.590290e-04,8.003722e-03,4.326575e-02,1.364343e-01,3.112940e-03,3.422018e-03
4.663988e-01,4.310749e-03,4.352785e-03,6.265161e-03,8.152877e-03,1.362753e-02,3.416324e-03,2.319328e-01,5.863201e-03,9.675742e-04,1.434549e-02,4.000009e-02,1.928473e-01,4.351410e-03,3.167947e-03
1.000000e+00,0.000000e+00,0.000000e+00,0.000000e+00,0.000000e+00,0.000000e+00,0.000000e+00,0.000000e+00,0.000000e+00,0.000000e+00,0.000000e+00,0.000000e+00,0.000000e+00,0.000000e+00,0.000000e+00
1.000000e+00,0.000000e+00,0.000000e+00,0.000000e+00,0.000000e+00,0.000000e+00,0.000000e+00,0.000000e+00,0.000000e+00,0.000000e+00,0.000000e+00,0.000000e+00,0.000000e+00,0.000000e+00,0.000000e+00
1.000000e+00,0.000000e+00,0.000000e+00,0.000000e+00,0.000000e+00,0.000000e+00,0.000000e+00,0.000000e+00,0.000000e+00,0.000000e+00,0.000000e+00,0.000000e+00,0.000000e+00,0.000000e+00,0.000000e+00
4.014633e-01,7.091126e-03,7.658613e-03,3.673888e-03,1.961229e-02,7.864279e-03,3.048490e-03,6.059641e-02,3.558218e-02,8.767521e-03,4.770029e-02,1.284152e-01,1.481496e-01,1.133733e-01,7.003420e-03
2.816607e-01,5.091852e-03,5.537031e-03,2.630474e-03,1.455510e-02,5.613130e-03,2.229035e-03,4.258848e-02,6.603274e-02,7.384902e-03,4.191479e-02,2.797990e-01,1.174802e-01,1.220569e-01,5.425591e-03
