1.000000e+00,0.000000e+00,0.000000e+00,0.000000e+00,0.000000e+00,0.000000e+00,0.000000e+00,0.000000e+00,0.000000e+00,0.000000e+00,0.000000e+00,0.000000e+00,0.000000e+00,0.000000e+00,0.000000e+00
1.000000e+00,0.000000e+00,0.000000e+00,0.000000e+00,0.000000e+00,0.000000e+00,0.000000e+00,0.000000e+00,0.000000e+00,0.000000e+00,0.000000e+00,0.000000e+00,0.000000e+00,0.000000e+00,0.000000e+00
1.000000e+00,0.000000e+00,0.000000e+00,0.000000e+00,0.000000e+00,0.000000e+00,0.000000e+00,0.000000e+00,0.000000e+00,0.000000e+00,0.000000e+00,0.000000e+00,0.000000e+00,0.000000e+00,0.000000e+00
1.000000e+00,0.000000e+00,0.000000e+00,0.000000e+00,0.000000e+00,0.000000e+00,0.000000e+00,0.000000e+00,0.000000e+00,0.000000e+00,0.000000e+00,0.000000e+00,0.000000e+00,0.000000e+00,0.000000e+00
1.000000e+00,0.000000e+00,0.000000e+00,0.000000e+00,0.000000e+00,0.000000e+00,0.000000e+00,0.000000e+00,0.000000e+00,0.000000e+00,0.000000e+00,0.000000e+00,0.000000e+00,0.000000e+00,0.000000e+00
1.000000e+00,0.000000e+00,0.000000e+00,0.000000e+00,0.000000e+00,0.000000e+00,0.000000e+00,0.000000e+00,0.000000e+00,0.000000e+00,0.000000e+00,0.000000e+00,0.000000e+00,0.000000e+00,0.000000e+00
1.000000e+00,0.000000e+00,0.000000e+00,0.000000e+00,0.000000e+00,0.000000e+00,0.000000e+00,0.000000e+00,0.000000e+00,0.000000e+00,0.000000e+00,0.000000e+00,0.000000e+00,0.000000e+00,0.000000e+00
1.000000e+00,0.000000e+00,0.000000e+00,0.000000e+00,0.000000e+00,0.000000e+00,0.000000e+00,0.000000e+00,0.000000e+00,0.000000e+00,0.000000e+00,0.000000e+00,0.000000e+00,0.000000e+00,0.000000e+00
1.000000e+00,0.000000e+00,0.000000e+00,0.000000e+00,0.000000e+00,0.000000e+00,0.000000e+00,0.000000e+00,0.000000e+00,0.000000e+00,0.000000e+00,0.000000e+00,0.000000e+00,0.000000e+00,0.000000e+00
1.000000e+00,0.000000e+00,0.000000e+00,0.000000e+00,0.000000e+00,0.000000e+00,0.000000e+00,0.000000e+00,0.000000e+00,0.000000e+00,0.000000e+00,0.000000e+00,0.000000e+00,0.000000e+00,0.000000e+00
1.000000e+00,0.000000e+00,0.000000e+00,0.000000e+00,0.000000e+00,0.000000e+00,0.000000e+00,0.000000e+00,0.000000e+00,0.000000e+00,0.000000e+00,0.000000e+00,0.000000e+00,0.000000e+00,0.000000e+00
1.000000e+00,0.000000e+00,0.000000e+00,0.000000e+00,0.000000e+00,0.000000e+00,0.000000e+00,0.000000e+00,0.000000e+00,0.000000e+00,0.000000e+00,0.000000e+00,0.000000e+00,0.000000e+00,0.000000e+00
1.000000e+00,0.000000e+00,0.000000e+00,0.000000e+00,0.000000e+00,0.000000e+00,0.000000e+00,0.000000e+00,0.000000e+00,0.000000e+00,0.000000e+00,0.000000e+00,0.000000e+00,0.000000e+00,0.000000e+00
1.000000e+00,0.000000e+00,0.000000e+00,0.000000e+00,0.000000e+00,0.000000e+00,0.000000e+00,0.000000e+00,0.000000e+00,0.000000e+00,0.000000e+00,0.000000e+00,0.000000e+00,0.000000e+00,0.000000e+00
1.000000e+00,0.000000e+00,0.000000e+00,0.000000e+00,0.000000e+00,0.000000e+00,0.000000e+00,0.000000e+00,0.000000e+00,0.000000e+00,0.000000e+00,0.000000e+00,0.000000e+00,0.000000e+00,0.000000e+00
1.000000e+00,0.000000e+00,0.000000e+00,0.000000e+00,0.000000e+00,0.000000e+00,0.000000e+00,0.000000e+00,0.000000e+00,0.000000e+00,0.000000e+00,0.000000e+00,0.000000e+00,0.000000e+00,0.000000e+00
1.000000e+00,0.000000e+00,0.000000e+00,0.000000e+00,0.000000e+00,0.000000e+00,0.000000e+00,0.000000e+00,0.000000e+00,0.000000e+00,0.000000e+00,0.000000e+00,0.000000e+00,0.000000e+00,0.000000e+00
1.000000e+00,0.000000e+00,0.000000e+00,0.000000e+00,0.000000e+00,0.000000e+00,0.000000e+00,0.000000e+00,0.000000e+00,0.000000e+00,0.000000e+00,0.000000e+00,0.000000e+00,0.000000e+00,0.000000e+00
4.845041e-01,1.345075e-02,2.256449e-02,4.097497e-02,9.393268e-03,1.326376e-02,4.387090e-03,3.530374e-01,3.680369e-03,1.253809e-03,5.827944e-03,1.689402e-02,1.719284e-02,2.564557e-03,1.101060e-02
3.416286e-01,9.498551e-03,1.753722e-02,2.913985e-02,6.713701e-03,9.738940e-03,3.332417e-03,5.408548e-01,2.589278e-03,8.876761e-04,4.248744e-03,1.194858e-02,1.217647e-02,1.896982e-03,7.808238e-03
2.410958e-01,6.753809e-03,1.280918e-02,2.066171e-02,5.326993e-03,7.020824e-03,2.653818e-03,6.740628e-01,1.835526e-03,6.338784e-04,3.111111e-03,8.412184e-03,8.637665e-03,1.485946e-03,5.498757e-03
1.791472e-01,4.951085e-03,9.509451e-03,1.480019e-02,4.262433e-03,5.447456e-03,2.630904e-03,7.573512e-01,1.361794e-03,4.785847e-04,2.392862e-03,6.100780e-03,6.328224e-03,1.206266e-03,4.031634e-03
1.275238e-01,3.529813e-03,6.926066e-03,1.052738e-02,3.331857e-03,3.989312e-03,2.245079e-03,8.262280e-01,9.678773e-04,3.452412e-04,1.705410e-03,4.365462e-03,4.567649e-03,8.906181e-04,2.856396e-03
9.013102e-02,2.550028e-03,5.090978e-03,7.587639e-03,2.916141e-03,3.043802e-03,1.738132e-03,8.754618e-01,7.056390e-04,2.671946e-04,1.241688e-03,3.150176e-03,3.409286e-03,6.757649e-04,2.030698e-03
6.415967e-02,1.829317e-03,3.731952e-03,5.408582e-03,3.097156e-03,2.278031e-03,1.397621e-03,9.094832e-01,5.782918e-04,2.332873e-04,9.214375e-04,2.272499e-03,2.646212e-03,4.992580e-04,1.463475e-03
5.166895e-02,1.529492e-03,2.830949e-03,3.988073e-03,3.764856e-03,1.982221e-03,1.154299e-03,9.235387e-01,7.037802e-04,4.389853e-04,8.805509e-04,2.124273e-03,3.689271e-03,4.620476e-04,1.243539e-03
4.469870e-02,1.426567e-03,2.124151e-03,2.954346e-03,5.358088e-03,1.911154e-03,1.561159e-03,9.280344e-01,8.668415e-04,4.957339e-04,8.509897e-04,2.040311e-03,5.974396e-03,4.313199e-04,1.271742e-03
4.611417e-02,1.413082e-03,1.650491e-03,2.198313e-03,9.020768e-03,2.051850e-03,1.559381e-03,9.060087e-01,1.291192e-03,4.848606e-04,1.094959e-03,2.049075e-03,2.355179e-02,3.715187e-04,1.139837e-03
4.931907e-02,1.419055e-03,1.393845e-03,1.795831e-03,1.216704e-02,2.181369e-03,1.522342e-03,8.899732e-01,1.437686e-03,4.536686e-04,1.099198e-03,2.058153e-03,3.370514e-02,3.059341e-04,1.168438e-03
6.433962e-02,1.545000e-03,1.235364e-03,1.580232e-03,1.312904e-02,5.370250e-03,1.768061e-03,8.558439e-01,1.401099e-03,4.153136e-04,1.352047e-03,3.139195e-03,4.744095e-02,2.554521e-04,1.184411e-03
1.916502e-01,2.000832e-03,1.556818e-03,4.165976e-03,1.332618e-02,2.015391e-02,2.501928e-03,7.078044e-01,1.827883e-03,3.254143e-04,1.895586e-03,5.194028e-03,4.604886e-02,2.424512e-04,1.305371e-03
3.228810e-01,2.025941e-03,1.594022e-03,4.835531e-03,1.230563e-02,2.141925e-02,2.406826e-03,5.692222e-01,1.575217e-03,2.426235e-04,2.296338e-03,6.469864e-03,5.129293e-02,2.417173e-04,1.190794e-03
3.834435e-01,2.353618e-03,1.478696e-03,4.481785e-03,1.231304e-02,1.788560e-02,2.102236e-03,4.808618e-01,1.604685e-03,1.902057e-04,2.608797e-03,7.972543e-03,8.108772e-02,2.901098e-04,1.325582e-03
4.547828e-01,3.253953e-03,1.909095e-03,5.763863e-03,1.405767e-02,2.167982e-02,2.901162e-03,3.817129e-01,2.083617e-03,1.852329e-04,3.501668e-03,1.197379e-02,9.388679e-02,3.532856e-04,1.954380e-03
1.000000e+00,0.000000e+00,0.000000e+00,0.000000e+00,0.000000e+00,0.000000e+00,0.000000e+00,0.000000e+00,0.000000e+00,0.000000e+00,0.000000e+00,0.000000e+00,0.000000e+00,0.000000e+00,0.000000e+00
1.000000e+00,0.000000e+00,0.000000e+00,0.000000e+00,0.000000e+00,0.000000e+00,0.000000e+00,0.000000e+00,0.000000e+00,0.000000e+00,0.000000e+00,0.000000e+00,0.000000e+00,0.000000e+00,0.000000e+00
1.000000e+00,0.000000e+00,0.000000e+00,0.000000e+00,0.000000e+00,0.000000e+00,0.000000e+00,0.000000e+00,0.000000e+00,0.000000e+00,0.000000e+00,0.000000e+00,0.000000e+00,0.000000e+00,0.000000e+00
1.000000e+00,0.000000e+00,0.000000e+00,0.000000e+00,0.000000e+00,0.000000e+00,0.000000e+00,0.000000e+00,0.000000e+00,0.000000e+00,0.000000e+00,0.000000e+00,0.000000e+00,0.000000e+00,0.000000e+00
1.000000e+00,0.000000e+00,0.000000e+00,0.000000e+00,0.000000e+00,0.000000e+00,0.000000e+00,0.000000e+00,0.000000e+00,0.000000e+00,0.000000e+00,0.000000e+00,0.000000e+00,0.000000e+00,0.000000e+00
1.000000e+00,0.000000e+00,0.000000e+00,0.000000e+00,0.000000e+00,0.000000e+00,0.000000e+00,0.000000e+00,0.000000e+00,0.000000e+00,0.000000e+00,0.000000e+00,0.000000e+00,0.000000e+00,0.000000e+00
1.000000e+00,0.000000e+00,0.000000e+00,0.000000e+00,0.000000e+00,0.000000e+00,0.000000e+00,0.000000e+00,0.000000e+00,0.000000e+00,0.000000e+00,0.000000e+00,0.000000e+00,0.000000e+00,0.000000e+00
4.596948e-01,5.917482e-03,2.003619e-03,3.907140e-03,6.802380e-03,1.925718e-02,2.212752e-03,2.989917e-02,7.258106e-03,4.262594e-04,3.213525e-03,2.134974e-02,4.334753e-01,5.677296e-04,4.014799e-03
3.267981e-01,4.406011e-03,2.479085e-03,2.874453e-03,6.322800e-03,1.638753e-02,3.576492e-03,2.217766e-02,5.585751e-03,3.737437e-04,2.554704e-03,2.082589e-02,5.797025e-01,4.852700e-04,5.450026e-03
2.348599e-01,3.529093e-03,1.533057e-02,2.205843e-03,7.338395e-03,1.927173e-02,4.807279e-03,1.667033e-02,4.514578e-03,3.479994e-04,2.032715e-03,1.944667e-02,6.645246e-01,4.575322e-04,4.662784e-03
1.823018e-01,2.972199e-03,2.529212e-02,2.281961e-03,1.497853e-02,1.294786e-01,4.350932e-03,1.202857e-02,4.113525e-03,3.042422e-04,1.784607e-03,1.550349e-02,5.974991e-01,4.810778e-04,6.629247e-03
1.764441e-01,3.810480e-03,4.643913e-02,4.006611e-03,2.560360e-02,2.271701e-01,1.000309e-02,1.043300e-02,9.682565e-03,7.340108e-04,1.789467e-03,1.145787e-02,4.626927e-01,5.965799e-04,9.136742e-03
1.310904e-01,3.367953e-03,2.290677e-01,6.350086e-03,2.693985e-02,2.178259e-01,1.166399e-02,9.522025e-03,1.226473e-02,1.689727e-03,1.574637e-03,8.136656e-03,3.319959e-01,4.753467e-04,8.035209e-03
1.084208e-01,3.542435e-03,2.325422e-01,7.587771e-03,4.038389e-02,2.773414e-01,2.540776e-02,1.424670e-02,2.548955e-02,1.675080e-03,1.520785e-03,6.320661e-03,2.458958e-01,4.884795e-04,9.136666e-03
1.133893e-01,3.635197e-03,1.836302e-01,8.777495e-03,5.025102e-02,3.171265e-01,4.378104e-02,1.195253e-02,4.043144e-02,1.358111e-03,1.441952e-03,5.447351e-03,2.000405e-01,8.476947e-04,1.788978e-02
9.525821e-02,7.690720e-03,1.350993e-01,1.830503e-02,1.017521e-01,3.309179e-01,5.346572e-02,9.852103e-03,7.528932e-02,1.704280e-03,1.918883e-03,4.452562e-03,1.465521e-01,8.313513e-04,1.691040e-02
8.864114e-02,1.182377e-02,9.618699e-02,2.786103e-02,1.221209e-01,3.344251e-01,6.506386e-02,8.598465e-03,9.939142e-02,2.032491e-03,3.168804e-03,5.235306e-03,1.156101e-01,8.926338e-04,1.894804e-02
8.004823e-02,1.989374e-02,7.350428e-02,1.025895e-01,1.529035e-01,2.810242e-01,6.730513e-02,8.699945e-03,8.742683e-02,2.904531e-03,4.534771e-03,6.524651e-03,8.687262e-02,1.243804e-03,2.452441e-02
7.336650e-02,2.061556e-02,6.303130e-02,1.079687e-01,1.329743e-01,3.700915e-01,5.577813e-02,1.225624e-02,6.539688e-02,2.541129e-03,4.977288e-03,6.289798e-03,6.472145e-02,1.118207e-03,1.887302e-02
6.506581e-02,2.008349e-02,6.411611e-02,9.622494e-02,1.045367e-01,4.703872e-01,4.223577e-02,1.357685e-02,4.726355e-02,3.875477e-03,4.489650e-03,5.100822e-03,4.678373e-02,9.638986e-04,1.529603e-02
6.216121e-02,1.760942e-02,4.862291e-02,7.846044e-02,7.917928e-02,5.139927e-01,3.097833e-02,1.018835e-02,6.620770e-02,1.245572e-02,1.034543e-02,6.353888e-03,3.962696e-02,1.468771e-03,2.234890e-02
6.726718e-02,1.804551e-02,3.525326e-02,5.875729e-02,5.731145e-02,5.130045e-01,2.224639e-02,7.569299e-03,5.059906e-02,1.406708e-02,2.713534e-02,9.317073e-03,8.577422e-02,1.457453e-03,3.219485e-02
5.224983e-02,1.640441e-02,2.604969e-02,6.437748e-02,4.607727e-02,3.861498e-01,1.613803e-02,6.213459e-03,4.035569e-02,2.073810e-02,5.628701e-02,1.392327e-02,1.908430e-01,1.366839e-03,6.282607e-02
6.364225e-02,1.917121e-02,2.118318e-02,7.015663e-02,4.440998e-02,2.811906e-01,1.278066e-02,7.445912e-03,5.962972e-02,2.569404e-02,4.358690e-02,1.210532e-02,2.814283e-01,1.213186e-03,5.636202e-02
7.737425e-02,1.598668e-02,1.763816e-02,6.207447e-02,4.332124e-02,2.113004e-01,9.274171e-03,6.571961e-03,5.140604e-02,2.045338e-02,3.472111e-02,1.198137e-02,3.951833e-01,9.366081e-04,4.177679e-02
6.221721e-02,1.183810e-02,1.273831e-02,4.495778e-02,3.500842e-02,1.512683e-01,6.577894e-03,5.359310e-03,3.793325e-02,1.458283e-02,2.507190e-02,1.228702e-02,5.485424e-01,8.092808e-04,3.080790e-02
5.092072e-02,8.664865e-03,9.101754e-03,3.166407e-02,2.645588e-02,1.106211e-01,4.759167e-03,4.620427e-03,2.774346e-02,1.042425e-02,1.889834e-02,1.303311e-02,6.597704e-01,8.479797e-04,2.247453e-02
3.984100e-02,6.182593e-03,6.467457e-03,2.227962e-02,1.940987e-02,7.884319e-02,3.512156e-03,4.006400e-03,1.972589e-02,7.372624e-03,1.371688e-02,1.417600e-02,7.474749e-01,7.201190e-04,1.627129e-02
2.891967e-02,4.374677e-03,4.575258e-03,1.565586e-02,1.418546e-02,5.587802e-02,2.681271e-03,3.069637e-03,1.392092e-02,5.194912e-03,9.898005e-03,1.207481e-02,8.174852e-01,5.716224e-04,1.151471e-02
2.090667e-02,3.080878e-03,3.232990e-03,1.097733e-02,1.056605e-02,4.089849e-02,2.146523e-03,2.293542e-03,9.818501e-03,3.715137e-03,7.367095e-03,1.471431e-02,8.614662e-01,5.652226e-04,8.251061e-03
1.695895e-02,2.211906e-03,2.362198e-03,7.725017e-03,1.166854e-02,5.742525e-02,4.403891e-03,2.113619e-03,7.187544e-03,2.698765e-03,5.391062e-03,1.622607e-02,8.572747e-01,4.525171e-04,5.899990e-03
1.751511e-02,1.843327e-03,2.313613e-03,5.661353e-03,1.227830e-02,6.559569e-02,7.412106e-03,2.283523e-03,5.590760e-03,2.113659e-03,4.361373e-03,1.775742e-02,8.506666e-01,3.810856e-04,4.226123e-03
1.697244e-02,1.548888e-03,1.914613e-03,4.424311e-03,1.053377e-02,1.392671e-01,6.142956e-03,2.203314e-03,4.802821e-03,1.878596e-03,8.412667e-03,2.496374e-02,7.732047e-01,5.451029e-04,3.184914e-03
1.223975e-02,1.102093e-03,1.354069e-03,3.166395e-03,7.533452e-03,1.439546e-01,4.369617e-03,1.567112e-03,3.610747e-03,1.448556e-03,9.667756e-03,7.670061e-02,7.305521e-01,4.537151e-04,2.279440e-03
9.085584e-03,7.832742e-04,9.766308e-04,2.285347e-03,6.521201e-03,1.052736e-01,3.149278e-03,1.174222e-03,3.528184e-03,1.276448e-03,1.922010e-02,9.850582e-02,7.461038e-01,4.099920e-04,1.706503e-03
6.638780e-03,5.548312e-04,7.171678e-04,1.693936e-03,5.175252e-03,8.204154e-02,2.337908e-03,8.820993e-04,3.041716e-03,1.186819e-03,2.161498e-02,1.275877e-01,7.447661e-01,3.951305e-04,1.366113e-03
5.061139e-03,4.047149e-04,8.071145e-04,1.300549e-03,5.086038e-03,6.822792e-02,2.158569e-03,7.272949e-04,3.586038e-03,2.409061e-03,2.107591e-02,1.896165e-01,6.970371e-01,7.994786e-04,1.702574e-03
3.897798e-03,3.004108e-04,6.988834e-04,9.902800e-04,7.861014e-03,5.078204e-02,1.836684e-03,7.057727e-04,4.436410e-03,3.418276e-03,2.196022e-02,2.457563e-01,6.537377e-01,1.119475e-03,2.498787e-03
2.877120e-03,2.514740e-04,7.140780e-04,7.329209e-04,1.008708e-02,3.770279e-02,1.841351e-03,7.336569e-04,7.080025e-03,9.887465e-03,1.690217e-02,3.506547e-01,5.570045e-01,1.461423e-03,2.069293e-03
2.152550e-03,2.672606e-04,6.816196e-04,5.338281e-04,1.028105e-02,2.723003e-02,1.602723e-03,8.758012e-04,1.067578e-02,1.282313e-02,1.377604e-02,4.749757e-01,4.411304e-01,1.384034e-03,1.610088e-03
1.941701e-03,2.846295e-03,6.009033e-03,4.225742e-04,2.355148e-02,1.972033e-02,3.298363e-03,1.576917e-03,6.889640e-02,2.734760e-02,1.175106e-02,4.544805e-01,3.746983e-01,1.360412e-03,2.099117e-03
1.943296e-03,2.701618e-03,4.521907e-03,5.094072e-04,4.207864e-02,1.435503e-02,2.778600e-03,4.474939e-03,2.057426e-01,3.531793e-02,1.009062e-02,3.827395e-01,2.900454e-01,1.066673e-03,1.633856e-03
1.659686e-03,2.523716e-03,3.527940e-03,3.984862e-04,5.370098e-02,1.034133e-02,2.448398e-03,5.153304e-03,3.037889e-01,4.253650e-02,8.466268e-03,3.403605e-01,2.230115e-01,8.346562e-04,1.247826e-03
4.148074e-03,3.119207e-03,3.513720e-03,4.640467e-04,6.529108e-02,8.030127e-03,1.975387e-03,9.412253e-03,3.732073e-01,6.058287e-02,8.866316e-03,2.751331e-01,1.845450e-01,7.386665e-04,9.729405e-04
7.949159e-03,4.427736e-03,2.869260e-03,4.674717e-04,5.233021e-02,6.408679e-03,1.458338e-03,8.781487e-03,4.633773e-01,5.086439e-02,9.730223e-03,2.367750e-01,1.529435e-01,6.258221e-04,9.913789e-04
8.546127e-03,4.025960e-03,2.932060e-03,4.321961e-04,5.958405e-02,5.156371e-03,1.115388e-03,8.976666e-03,5.387464e-01,5.590998e-02,9.653701e-03,1.842420e-01,1.192651e-01,5.327864e-04,8.812478e-04
1.252115e-02,3.318749e-03,4.162499e-03,7.166175e-04,5.672143e-02,4.808152e-03,1.143267e-03,2.878622e-02,5.585953e-01,5.466940e-02,1.146254e-02,1.584863e-01,1.027160e-01,6.310116e-04,1.261403e-03
2.437809e-02,3.354636e-03,6.828506e-03,2.102950e-03,6.332856e-02,4.873556e-03,1.295625e-03,7.107424e-02,5.320857e-01,5.140273e-02,1.279474e-02,1.380054e-01,8.646379e-02,7.160222e-04,1.295468e-03
3.626490e-02,4.408990e-03,5.494665e-03,1.991961e-03,6.639384e-02,5.106757e-03,2.345403e-03,6.244484e-02,5.967008e-01,3.871781e-02,9.651831e-03,1.063096e-01,6.236257e-02,6.478134e-04,1.158183e-03
3.668291e-02,5.716115e-03,4.513187e-03,1.796290e-03,6.032990e-02,5.750917e-03,2.839132e-03,5.581370e-02,6.674789e-01,2.854820e-02,7.013942e-03,7.741828e-02,4.447688e-02,5.886138e-04,1.033010e-03
6.280746e-02,6.073135e-03,5.458764e-03,2.832774e-02,7.370150e-02,5.907102e-03,2.990860e-03,5.566292e-02,6.261609e-01,2.393058e-02,6.627539e-03,6.050315e-02,3.555864e-02,5.896349e-04,5.700015e-03
1.395931e-01,6.548114e-03,5.226308e-03,2.489061e-02,8.743262e-02,6.655659e-03,3.460119e-03,5.157956e-02,5.453654e-01,2.069971e-02,8.408691e-03,5.132801e-02,3.192736e-02,1.984263e-03,1.490046e-02
1.738101e-01,9.046573e-03,4.412662e-03,2.224348e-02,9.781055e-02,6.592739e-03,3.902666e-03,4.350583e-02,5.202460e-01,1.572892e-02,1.029567e-02,4.912637e-02,2.625978e-02,2.335237e-03,1.468340e-02
1.909536e-01,1.035773e-02,3.815454e-03,2.004503e-02,9.818241e-02,6.301770e-03,3.334396e-03,3.797423e-02,5.355341e-01,1.343759e-02,8.966980e-03,3.860404e-02,1.934707e-02,2.075269e-03,1.107023e-02
1.893313e-01,1.333387e-02,4.096694e-03,1.970815e-02,9.147494e-02,7.025328e-03,3.512837e-03,4.176232e-02,5.575573e-01,1.027686e-02,7.440548e-03,2.986988e-02,1.432667e-02,1.677345e-03,8.605971e-03
3.150330e-01,1.354084e-02,1.196858e-02,3.026753e-02,7.807072e-02,1.733991e-02,5.553155e-03,4.325657e-02,4.130279e-01,8.089790e-03,8.718234e-03,3.161488e-02,1.322807e-02,1.734899e-03,8.555958e-03
3.786846e-01,1.244410e-02,5.510772e-02,3.088025e-02,6.878150e-02,2.154578e-02,1.018902e-02,6.250906e-02,2.976008e-01,7.020608e-03,8.642031e-03,2.585040e-02,1.102875e-02,1.575718e-03,8.139646e-03
4.268175e-01,1.366279e-02,7.036441e-02,2.893451e-02,5.785930e-02,2.531272e-02,1.620729e-02,7.603367e-02,2.268614e-01,6.421274e-03,7.973325e-03,2.248915e-02,9.549852e-03,1.704204e-03,9.808658e-03
3.823515e-01,1.271216e-02,1.206174e-01,2.867264e-02,5.331444e-02,2.401508e-02,5.899169e-02,9.267419e-02,1.769089e-01,5.914411e-03,7.040753e-03,1.744626e-02,7.935295e-03,1.935531e-03,9.469796e-03
3.340626e-01,1.188045e-02,1.501936e-01,3.426206e-02,4.827388e-02,2.278218e-02,7.142390e-02,1.495745e-01,1.351142e-01,4.830569e-03,5.953227e-03,1.348783e-02,6.145120e-03,1.654822e-03,1.036116e-02
3.121629e-01,1.123985e-02,1.414018e-01,3.129589e-02,4.231301e-02,2.456074e-02,7.729937e-02,2.177739e-01,9.960224e-02,3.692169e-03,5.167091e-03,1.340661e-02,5.262652e-03,1.506670e-03,1.331511e-02
3.006997e-01,1.118100e-02,1.233224e-01,2.689469e-02,3.261117e-02,3.243043e-02,1.100992e-01,2.330261e-01,7.350648e-02,2.872317e-03,4.941941e-03,1.812196e-02,8.729982e-03,1.555268e-03,2.000740e-02
2.722740e-01,9.816894e-03,1.063271e-01,2.155122e-02,2.418821e-02,5.076412e-02,1.701784e-01,2.160693e-01,5.398260e-02,2.495325e-03,4.900754e-03,2.360794e-02,2.122894e-02,1.322072e-03,2.129317e-02
2.373260e-01,7.863143e-03,1.106583e-01,1.768586e-02,1.767023e-02,4.044934e-02,1.812124e-01,2.830276e-01,3.941381e-02,1.956123e-03,5.040829e-03,2.091870e-02,1.817601e-02,1.172754e-03,1.742900e-02
2.126490e-01,6.272975e-03,1.037607e-01,1.463879e-02,1.314277e-02,3.315340e-02,1.848793e-01,3.479345e-01,2.865777e-02,1.520533e-03,4.641642e-03,1.702787e-02,1.734486e-02,9.876847e-04,1.338813e-02
2.003305e-01,5.202520e-03,8.592121e-02,1.187594e-02,1.044847e-02,3.275358e-02,1.936440e-01,3.850263e-01,2.095234e-02,1.376443e-03,4.493361e-03,1.647712e-02,1.902994e-02,9.437809e-04,1.152453e-02
1.603968e-01,4.084812e-03,7.429294e-02,9.606650e-03,8.515187e-03,2.584640e-02,2.028367e-01,4.558962e-01,1.511733e-02,1.088023e-03,3.656830e-03,1.361504e-02,1.529900e-02,7.966608e-04,8.951451e-03
1.263793e-01,3.058322e-03,6.773662e-02,8.220664e-03,6.937503e-03,2.003546e-02,1.933722e-01,5.294801e-01,1.086637e-02,8.490480e-04,3.113868e-03,1.088908e-02,1.157223e-02,6.746831e-04,6.814514e-03
1.005937e-01,2.533302e-03,6.922750e-02,6.990212e-03,7.107052e-03,1.672393e-02,1.694094e-01,5.906655e-01,8.076845e-03,8.359374e-04,2.865957e-03,9.162163e-03,9.763740e-03,5.771207e-04,5.467602e-03
8.584546e-02,2.239579e-03,5.719336e-02,5.721048e-03,8.527552e-03,1.573696e-02,1.547665e-01,6.332492e-01,6.177568e-03,8.776543e-04,3.085980e-03,9.462805e-03,1.158672e-02,5.158272e-04,5.013805e-03
9.050484e-02,2.382281e-03,4.720369e-02,5.214735e-03,1.256490e-02,1.739196e-02,1.435992e-01,6.391777e-01,5.160918e-03,1.122093e-03,3.428553e-03,1.025416e-02,1.521761e-02,6.177237e-04,6.159571e-03
1.058209e-01,3.015163e-03,3.840931e-02,6.057069e-03,1.917472e-02,1.918487e-02,1.209442e-01,6.362813e-01,4.614101e-03,1.853406e-03,4.111207e-03,1.447156e-02,1.487310e-02,9.306436e-04,1.025842e-02
1.211526e-01,3.249021e-03,3.059839e-02,8.804584e-03,3.000748e-02,1.994756e-02,9.938431e-02,6.310974e-01,4.339981e-03,2.010738e-03,4.987783e-03,1.698547e-02,1.467571e-02,9.928853e-04,1.176601e-02
1.851844e-01,4.980106e-03,2.566914e-02,2.239498e-02,3.332513e-02,2.377509e-02,7.659276e-02,5.496907e-01,5.983294e-03,2.727064e-03,7.658156e-03,2.583663e-02,1.830453e-02,1.613201e-03,1.626477e-02
1.797743e-01,7.932963e-03,2.083306e-02,7.700244e-02,3.316350e-02,2.501122e-02,5.988903e-02,4.587238e-01,1.742660e-02,4.876725e-03,1.793989e-02,3.630127e-02,3.807098e-02,1.887650e-03,2.116656e-02
2.293867e-01,1.663134e-02,1.817222e-02,8.675245e-02,3.198051e-02,2.486874e-02,4.690726e-02,3.568887e-01,2.528900e-02,5.976438e-03,2.033492e-02,5.133067e-02,4.562677e-02,2.894800e-03,3.695943e-02
3.034319e-01,2.143116e-02,1.712802e-02,9.333724e-02,2.830044e-02,2.567296e-02,3.818889e-02,2.817839e-01,2.850635e-02,5.711251e-03,1.970024e-02,5.570170e-02,4.053738e-02,3.558371e-03,3.701016e-02
3.079835e-01,2.456346e-02,1.718673e-02,1.146723e-01,2.504079e-02,3.001747e-02,2.980638e-02,2.115556e-01,4.297020e-02,7.773865e-03,2.203221e-02,8.073279e-02,3.646688e-02,4.212397e-03,4.498535e-02
4.255529e-01,2.098874e-02,1.363830e-02,9.042344e-02,2.397220e-02,2.581078e-02,2.358866e-02,1.744489e-01,3.703169e-02,6.227584e-03,1.881728e-02,6.928229e-02,3.154480e-02,3.702278e-03,3.497010e-02
1.000000e+00,0.000000e+00,0.000000e+00,0.000000e+00,0.000000e+00,0.000000e+00,0.000000e+00,0.000000e+00,0.000000e+00,0.000000e+00,0.000000e+00,0.000000e+00,0.000000e+00,0.000000e+00,0.000000e+00
1.000000e+00,0.000000e+00,0.000000e+00,0.000000e+00,0.000000e+00,0.000000e+00,0.000000e+00,0.000000e+00,0.000000e+00,0.000000e+00,0.000000e+00,0.000000e+00,0.000000e+00,0.000000e+00,0.000000e+00
1.000000e+00,0.000000e+00,0.000000e+00,0.000000e+00,0.000000e+00,0.000000e+00,0.000000e+00,0.000000e+00,0.000000e+00,0.000000e+00,0.000000e+00,0.000000e+00,0.000000e+00,0.000000e+00,0.000000e+00
1.000000e+00,0.000000e+00,0.000000e+00,0.000000e+00,0.000000e+00,0.000000e+00,0.000000e+00,0.000000e+00,0.000000e+00,0.000000e+00,0.000000e+00,0.000000e+00,0.000000e+00,0.000000e+00,0.000000e+00
1.000000e+00,0.000000e+00,0.000000e+00,0.000000e+00,0.000000e+00,0.000000e+00,0.000000e+00,0.000000e+00,0.000000e+00,0.000000e+00,0.000000e+00,0.000000e+00,0.000000e+00,0.000000e+00,0.000000e+00
1.000000e+00,0.000000e+00,0.000000e+00,0.000000e+00,0.000000e+00,0.000000e+00,0.000000e+00,0.000000e+00,0.000000e+00,0.000000e+00,0.000000e+00,0.000000e+00,0.000000e+00,0.000000e+00,0.000000e+00
4.911084e-01,1.535040e-02,7.400176e-03,6.327277e-02,1.232546e-02,3.364345e-02,7.130131e-03,3.167812e-02,2.186902e-02,5.157681e-03,3.307260e-02,1.575398e-01,7.014931e-02,8.937269e-03,4.136541e-02
3.524497e-01,1.414517e-02,6.478987e-03,9.814607e-02,1.120452e-02,2.984308e-02,5.241789e-03,2.250160e-02,2.238224e-02,5.093763e-03,8.104945e-02,1.764053e-01,1.245819e-01,9.861446e-03,4.061499e-02
2.853906e-01,1.331910e-02,6.414786e-03,1.141860e-01,1.317550e-02,2.847890e-02,4.226462e-03,1.688636e-02,2.577598e-02,5.854253e-03,9.476431e-02,1.924921e-01,1.458481e-01,1.179286e-02,4.139474e-02
2.959558e-01,1.088548e-02,6.222405e-03,9.360209e-02,1.460292e-02,2.665846e-02,4.005491e-03,1.398501e-02,2.802283e-02,7.622002e-03,9.321218e-02,1.602999e-01,1.499307e-01,1.495428e-02,8.004038e-02
2.950819e-01,9.637023e-03,7.205991e-03,7.168949e-02,4.486095e-02,2.122629e-02,4.773661e-03,1.157398e-02,2.680106e-02,5.896967e-03,9.479827e-02,1.344744e-01,1.605788e-01,1.267656e-02,9.872469e-02
2.278998e-01,7.405980e-03,9.181832e-03,5.550752e-02,9.082501e-02,1.797644e-02,4.580342e-03,4.108553e-02,2.587206e-02,5.601999e-03,9.999681e-02,1.011824e-01,1.594971e-01,1.050064e-02,1.428865e-01
1.622815e-01,5.293955e-03,8.639759e-03,3.950211e-02,1.684667e-01,1.278433e-02,5.569296e-03,7.009435e-02,2.150034e-02,4.347953e-03,7.615649e-02,7.158066e-02,1.342817e-01,1.039298e-02,2.091078e-01
1.171106e-01,4.170693e-03,1.161121e-02,2.845322e-02,2.293991e-01,9.224904e-03,7.275590e-03,9.896909e-02,2.009493e-02,3.494047e-03,5.766320e-02,5.074269e-02,1.202003e-01,9.359840e-03,2.322306e-01
8.557161e-02,3.398045e-03,1.961583e-02,2.132234e-02,2.667949e-01,6.797550e-03,7.968521e-03,1.764338e-01,1.713034e-02,3.034486e-03,4.278195e-02,3.587969e-02,9.814151e-02,7.179002e-03,2.079504e-01
6.491329e-02,6.779522e-03,1.948100e-02,1.564830e-02,2.965503e-01,5.115402e-03,9.522673e-03,2.328133e-01,4.122211e-02,2.555853e-03,3.329159e-02,2.621169e-02,7.790517e-02,5.645406e-03,1.623444e-01
5.506205e-02,6.676143e-03,4.649942e-02,1.230974e-02,3.929099e-01,4.793700e-03,1.579586e-02,1.926501e-01,4.645525e-02,2.766369e-03,2.540199e-02,1.875267e-02,5.737475e-02,4.354227e-03,1.181979e-01
4.437140e-02,5.997719e-03,9.796450e-02,2.755563e-02,3.409036e-01,3.964191e-03,1.943026e-02,2.531621e-01,4.197240e-02,2.529973e-03,1.917772e-02,1.340177e-02,4.211707e-02,3.138561e-03,8.431311e-02
5.676141e-02,9.716148e-03,1.159121e-01,3.197012e-02,3.532321e-01,4.211836e-03,1.954764e-02,2.165747e-01,6.809839e-02,2.702002e-03,1.466848e-02,1.028704e-02,3.317119e-02,2.438095e-03,6.070875e-02
6.499802e-02,1.231446e-02,9.918211e-02,2.761014e-02,4.209809e-01,4.644582e-03,1.702578e-02,1.680318e-01,8.368500e-02,4.249762e-03,1.120431e-02,8.225779e-03,2.555132e-02,2.902244e-03,4.939384e-02
7.244620e-02,1.440237e-02,8.291626e-02,3.542493e-02,4.173022e-01,6.031289e-03,1.529249e-02,1.779339e-01,9.794290e-02,3.854939e-03,9.508363e-03,8.416057e-03,1.989026e-02,2.484551e-03,3.615335e-02
8.721252e-02,1.874400e-02,8.511819e-02,3.643192e-02,3.654409e-01,6.546742e-03,1.483774e-02,2.099194e-01,1.052236e-01,4.227575e-03,7.889041e-03,8.811397e-03,1.980006e-02,2.201013e-03,2.759598e-02
1.350012e-01,2.599398e-02,6.992118e-02,3.736703e-02,3.417075e-01,9.650903e-03,1.206862e-02,1.618966e-01,1.329475e-01,6.245072e-03,8.066788e-03,1.471655e-02,2.028365e-02,2.878343e-03,2.125528e-02
1.746127e-01,2.260749e-02,1.016645e-01,5.831644e-02,2.861429e-01,1.583923e-02,1.141046e-02,1.520318e-01,1.091404e-01,6.713726e-03,7.259024e-03,1.591909e-02,1.943858e-02,2.779200e-03,1.612464e-02
2.252647e-01,1.726107e-02,1.249316e-01,7.037388e-02,2.314677e-01,1.716418e-02,9.486874e-03,1.419819e-01,9.819050e-02,6.020528e-03,7.467901e-03,1.839530e-02,1.712576e-02,2.640118e-03,1.222807e-02
2.728822e-01,1.480727e-02,1.340697e-01,8.349194e-02,1.853071e-01,2.784053e-02,7.805810e-03,1.135928e-01,8.855488e-02,6.173677e-03,8.495193e-03,2.732554e-02,1.604745e-02,2.884147e-03,1.072188e-02
3.762467e-01,1.209042e-02,1.204073e-01,6.757284e-02,1.669601e-01,2.381948e-02,6.066726e-03,8.214010e-02,7.530835e-02,6.042356e-03,8.655189e-03,2.803626e-02,1.403760e-02,3.188137e-03,9.428480e-03
4.798248e-01,1.014548e-02,1.127192e-01,6.241383e-02,1.217621e-01,2.402074e-02,6.067344e-03,6.289808e-02,5.807120e-02,5.416006e-03,7.421336e-03,2.643023e-02,1.210201e-02,2.876114e-03,7.831551e-03
1.000000e+00,0.000000e+00,0.000000e+00,0.000000e+00,0.000000e+00,0.000000e+00,0.000000e+00,0.000000e+00,0.000000e+00,0.000000e+00,0.000000e+00,0.000000e+00,0.000000e+00,0.000000e+00,0.000000e+00
1.000000e+00,0.000000e+00,0.000000e+00,0.000000e+00,0.000000e+00,0.000000e+00,0.000000e+00,0.000000e+00,0.000000e+00,0.000000e+00,0.000000e+00,0.000000e+00,0.000000e+00,0.000000e+00,0.000000e+00
1.000000e+00,0.000000e+00,0.000000e+00,0.000000e+00,0.000000e+00,0.000000e+00,0.000000e+00,0.000000e+00,0.000000e+00,0.000000e+00,0.000000e+00,0.000000e+00,0.000000e+00,0.000000e+00,0.000000e+00
1.000000e+00,0.000000e+00,0.000000e+00,0.000000e+00,0.000000e+00,0.000000e+00,0.000000e+00,0.000000e+00,0.000000e+00,0.000000e+00,0.000000e+00,0.000000e+00,0.000000e+00,0.000000e+00,0.000000e+00
1.000000e+00,0.000000e+00,0.000000e+00,0.000000e+00,0.000000e+00,0.000000e+00,0.000000e+00,0.000000e+00,0.000000e+00,0.000000e+00,0.000000e+00,0.000000e+00,0.000000e+00,0.000000e+00,0.000000e+00
1.000000e+00,0.000000e+00,0.000000e+00,0.000000e+00,0.000000e+00,0.000000e+00,0.000000e+00,0.000000e+00,0.000000e+00,0.000000e+00,0.000000e+00,0.000000e+00,0.000000e+00,0.000000e+00,0.000000e+00
4.252761e-01,1.593832e-02,2.343090e-02,5.164061e-02,2.682610e-02,2.185973e-02,4.126348e-03,2.507208e-02,1.457435e-01,3.898245e-03,1.084013e-01,2.046348e-02,3.979737e-02,5.256585e-02,3.496009e-02
3.831589e-01,1.569246e-02,1.758338e-02,4.173210e-02,2.414393e-02,3.421440e-02,3.829248e-03,1.874239e-02,1.740890e-01,3.538610e-03,1.112915e-01,1.824743e-02,3.640082e-02,7.352249e-02,4.381334e-02
3.202186e-01,1.792353e-02,1.341384e-02,3.005349e-02,1.783866e-02,3.291082e-02,3.247283e-03,1.344214e-02,1.991952e-01,4.779208e-03,1.272475e-01,1.315396e-02,2.933929e-02,1.163780e-01,6.085842e-02
2.434574e-01,1.434886e-02,4.028482e-02,2.200780e-02,1.334547e-02,4.435888e-02,2.818924e-03,9.834303e-03,2.157554e-01,5.241670e-03,9.518916e-02,9.509466e-03,2.404854e-02,1.678433e-01,9.195585e-02
1.859086e-01,1.124983e-02,2.997287e-02,1.573063e-02,1.027929e-02,3.647245e-02,2.084999e-03,6.961137e-03,1.723837e-01,4.053433e-03,6.989705e-02,6.813321e-03,1.844715e-02,3.434298e-01,8.631575e-02
1.420545e-01,1.042521e-02,7.175779e-02,1.572623e-02,8.826660e-03,3.161584e-02,1.928001e-03,6.306681e-03,2.111397e-01,3.141261e-03,5.264750e-02,5.059618e-03,1.490328e-02,3.520470e-01,7.242071e-02
1.068732e-01,7.941931e-03,5.126772e-02,1.137586e-02,6.504296e-03,2.472441e-02,1.393355e-03,4.568180e-03,1.839949e-01,2.263967e-03,3.938039e-02,3.642893e-03,1.216413e-02,4.831046e-01,6.080012e-02
8.715116e-02,6.179914e-03,5.176987e-02,1.118393e-02,5.656660e-03,1.998449e-02,1.146640e-03,4.363419e-03,2.380355e-01,1.865420e-03,3.216765e-02,2.759345e-03,1.150609e-02,4.780072e-01,4.822278e-02
7.285120e-02,6.129480e-03,4.191061e-02,8.086120e-03,4.274128e-03,1.837217e-02,8.519042e-04,3.646167e-03,2.366660e-01,2.344166e-03,2.670237e-02,2.116157e-03,9.854899e-03,4.954161e-01,7.077861e-02
6.452325e-02,4.981379e-03,3.336533e-02,6.278265e-03,3.311829e-03,1.428697e-02,6.328322e-04,3.698181e-03,3.302513e-01,3.649571e-03,2.376260e-02,1.576076e-03,8.697825e-03,4.313392e-01,6.964545e-02
6.192844e-02,3.936953e-03,9.039038e-02,6.020221e-03,2.858454e-03,1.051640e-02,4.568927e-04,5.817619e-03,3.476979e-01,6.127846e-03,2.258625e-02,2.062903e-03,1.046530e-02,3.404932e-01,8.864129e-02
4.912333e-02,3.010388e-03,7.974597e-02,4.781631e-03,2.303802e-03,7.711397e-03,3.374703e-04,5.328530e-03,3.831140e-01,1.325445e-02,2.779856e-02,1.576517e-03,9.034623e-03,3.211364e-01,9.174295e-02
3.865566e-02,2.698986e-03,1.652451e-01,3.968941e-03,2.066119e-03,6.171641e-03,2.591792e-04,4.351421e-03,2.953900e-01,2.250978e-02,5.815550e-02,1.965388e-03,1.566831e-02,2.822543e-01,1.006397e-01
3.053851e-02,2.484379e-03,2.254394e-01,3.519313e-03,2.499293e-03,5.024346e-03,2.545464e-04,3.476375e-03,2.147259e-01,4.333566e-02,7.631008e-02,2.114907e-03,1.929918e-02,2.404520e-01,1.305261e-01
2.599536e-02,2.554523e-03,2.148720e-01,3.452293e-03,2.691032e-03,4.507180e-03,2.264698e-04,3.779394e-03,1.624030e-01,5.746543e-02,8.932820e-02,2.542680e-03,1.868859e-02,2.483518e-01,1.631420e-01
2.170202e-02,8.384426e-03,2.678024e-01,7.497394e-03,3.300342e-03,4.505910e-03,2.946371e-04,3.334865e-03,1.509570e-01,6.202482e-02,7.795992e-02,2.780871e-03,1.722839e-02,2.130904e-01,1.591366e-01
3.016905e-02,1.238303e-02,2.544523e-01,6.678162e-03,6.475792e-03,5.844393e-03,1.375812e-03,4.811293e-03,1.176551e-01,7.962726e-02,8.225281e-02,2.993123e-03,1.521779e-02,1.861361e-01,1.939279e-01
3.771021e-02,2.117605e-02,2.564588e-01,1.781777e-02,2.682128e-02,8.048546e-03,2.062102e-03,1.467531e-02,1.248820e-01,9.428242e-02,6.643350e-02,3.066786e-03,1.364239e-02,1.454139e-01,1.675089e-01
4.666834e-02,1.970150e-02,2.757216e-01,5.350887e-02,4.086742e-02,2.002998e-02,2.376551e-03,3.616504e-02,9.851931e-02,8.985965e-02,5.360013e-02,3.537507e-03,1.194972e-02,1.099477e-01,1.375467e-01
5.155424e-02,1.700273e-02,2.733666e-01,5.763166e-02,4.177212e-02,1.899410e-02,5.672375e-03,1.159990e-01,7.863422e-02,7.331959e-02,4.058589e-02,2.972725e-03,9.033212e-03,7.988670e-02,1.335748e-01
5.401614e-02,1.387888e-02,2.183973e-01,1.144722e-01,4.563445e-02,3.082055e-02,3.499252e-02,1.616391e-01,5.735493e-02,6.104220e-02,2.946959e-02,2.549578e-03,9.264435e-03,5.629405e-02,1.101741e-01
5.459604e-02,1.078579e-02,1.652957e-01,1.692591e-01,4.434237e-02,3.033444e-02,4.100232e-02,2.308625e-01,4.207369e-02,4.889808e-02,2.105278e-02,2.014417e-03,7.295584e-03,3.969304e-02,9.249422e-02
6.635817e-02,8.147433e-03,1.219995e-01,1.294335e-01,3.652770e-02,2.456636e-02,1.094341e-01,3.067177e-01,3.120049e-02,3.742285e-02,1.495803e-02,1.572245e-03,5.528152e-03,2.828463e-02,7.784918e-02
6.262547e-02,6.086405e-03,9.006003e-02,9.212725e-02,2.800718e-02,1.889689e-02,2.283010e-01,3.302208e-01,2.319964e-02,2.663584e-02,1.061126e-02,1.226083e-03,4.592393e-03,1.989713e-02,5.751259e-02
5.990458e-02,4.603530e-03,6.567590e-02,6.628121e-02,2.269839e-02,1.418785e-02,3.177796e-01,3.423438e-01,1.754331e-02,1.878909e-02,7.690144e-03,1.014863e-03,3.800231e-03,1.407253e-02,4.361492e-02
6.851020e-02,3.514877e-03,4.843657e-02,4.745258e-02,1.839563e-02,1.212609e-02,3.656180e-01,3.545204e-01,1.458755e-02,1.337444e-02,5.946118e-03,1.305712e-03,4.640477e-03,1.029029e-02,3.128109e-02
1.126748e-01,3.012795e-03,3.724479e-02,3.433660e-02,1.376249e-02,1.500768e-02,3.318996e-01,3.823511e-01,1.476098e-02,9.644356e-03,4.650131e-03,3.556648e-03,6.229943e-03,7.738758e-03,2.312944e-02
1.276780e-01,2.827376e-03,2.848412e-02,2.501414e-02,1.075450e-02,1.435948e-02,3.577881e-01,3.735032e-01,1.481319e-02,7.123318e-03,3.878435e-03,3.707237e-03,6.688493e-03,5.949301e-03,1.743116e-02
1.646966e-01,3.001092e-03,2.635480e-02,2.010050e-02,1.091737e-02,1.485423e-02,3.082808e-01,3.929901e-01,1.637829e-02,5.638339e-03,4.921540e-03,5.932389e-03,6.279960e-03,4.642566e-03,1.501147e-02
2.550975e-01,2.829872e-03,2.423211e-02,1.570345e-02,9.422261e-03,1.689999e-02,2.732448e-01,3.461566e-01,1.687207e-02,4.547635e-03,4.526110e-03,7.500865e-03,5.941974e-03,3.800565e-03,1.322424e-02
2.992728e-01,2.877898e-03,2.701220e-02,1.260176e-02,1.034025e-02,1.767126e-02,2.559939e-01,3.159926e-01,1.623989e-02,4.144455e-03,5.142432e-03,9.647144e-03,6.524581e-03,3.325028e-03,1.321384e-02
3.683164e-01,2.675411e-03,2.609258e-02,1.025665e-02,1.040558e-02,1.672424e-02,2.178574e-01,2.900414e-01,1.405382e-02,3.654792e-03,5.336542e-03,1.144043e-02,6.658148e-03,3.005836e-03,1.348077e-02
4.246886e-01,3.024822e-03,2.685292e-02,8.341701e-03,9.595649e-03,1.691930e-02,1.922389e-01,2.537826e-01,1.146323e-02,4.875584e-03,5.651675e-03,1.185846e-02,7.684241e-03,4.108694e-03,1.891363e-02
4.534412e-01,3.328676e-03,3.104090e-02,8.696787e-03,9.010738e-03,1.656315e-02,1.584592e-01,2.573403e-01,8.856132e-03,5.194041e-03,5.289491e-03,1.211932e-02,7.780570e-03,3.934116e-03,1.894537e-02
4.654295e-01,3.752997e-03,3.029868e-02,8.018417e-03,8.760266e-03,1.803349e-02,1.502311e-01,2.540191e-01,6.872578e-03,5.114028e-03,4.630387e-03,1.376685e-02,8.334082e-03,3.610119e-03,1.912851e-02
1.000000e+00,0.000000e+00,0.000000e+00,0.000000e+00,0.000000e+00,0.000000e+00,0.000000e+00,0.000000e+00,0.000000e+00,0.000000e+00,0.000000e+00,0.000000e+00,0.000000e+00,0.000000e+00,0.000000e+00
1.000000e+00,0.000000e+00,0.000000e+00,0.000000e+00,0.000000e+00,0.000000e+00,0.000000e+00,0.000000e+00,0.000000e+00,0.000000e+00,0.000000e+00,0.000000e+00,0.000000e+00,0.000000e+00,0.000000e+00
1.000000e+00,0.000000e+00,0.000000e+00,0.000000e+00,0.000000e+00,0.000000e+00,0.000000e+00,0.000000e+00,0.000000e+00,0.000000e+00,0.000000e+00,0.000000e+00,0.000000e+00,0.000000e+00,0.000000e+00
1.000000e+00,0.000000e+00,0.000000e+00,0.000000e+00,0.000000e+00,0.000000e+00,0.000000e+00,0.000000e+00,0.000000e+00,0.000000e+00,0.000000e+00,0.000000e+00,0.000000e+00,0.000000e+00,0.000000e+00
1.000000e+00,0.000000e+00,0.000000e+00,0.000000e+00,0.000000e+00,0.000000e+00,0.000000e+00,0.000000e+00,0.000000e+00,0.000000e+00,0.000000e+00,0.000000e+00,0.000000e+00,0.000000e+00,0.000000e+00
1.000000e+00,0.000000e+00,0.000000e+00,0.000000e+00,0.000000e+00,0.000000e+00,0.000000e+00,0.000000e+00,0.000000e+00,0.000000e+00,0.000000e+00,0.000000e+00,0.000000e+00,0.000000e+00,0.000000e+00
1.000000e+00,0.000000e+00,0.000000e+00,0.000000e+00,0.000000e+00,0.000000e+00,0.000000e+00,0.000000e+00,0.000000e+00,0.000000e+00,0.000000e+00,0.000000e+00,0.000000e+00,0.000000e+00,0.000000e+00
1.000000e+00,0.000000e+00,0.000000e+00,0.000000e+00,0.000000e+00,0.000000e+00,0.000000e+00,0.000000e+00,0.000000e+00,0.000000e+00,0.000000e+00,0.000000e+00,0.000000e+00,0.000000e+00,0.000000e+00
1.000000e+00,0.000000e+00,0.000000e+00,0.000000e+00,0.000000e+00,0.000000e+00,0.000000e+00,0.000000e+00,0.000000e+00,0.000000e+00,0.000000e+00,0.000000e+00,0.000000e+00,0.000000e+00,0.000000e+00
1.000000e+00,0.000000e+00,0.000000e+00,0.000000e+00,0.000000e+00,0.000000e+00,0.000000e+00,0.000000e+00,0.000000e+00,0.000000e+00,0.000000e+00,0.000000e+00,0.000000e+00,0.000000e+00,0.000000e+00
4.682677e-01,2.846982e-02,7.905472e-03,8.100589e-02,1.811132e-02,4.185877e-02,1.877805e-02,2.724556e-02,1.487317e-02,3.011488e-03,2.601936e-02,1.869743e-01,4.402353e-02,4.342064e-03,2.911345e-02
4.557968e-01,2.591429e-02,7.221031e-03,7.522132e-02,1.660169e-02,4.185119e-02,1.624759e-02,2.273357e-02,1.331737e-02,2.727275e-03,3.035491e-02,2.080143e-01,5.234310e-02,4.564582e-03,2.709091e-02
3.935914e-01,4.491599e-02,1.174046e-02,1.205012e-01,1.699306e-02,3.734973e-02,1.332486e-02,1.953082e-02,1.509036e-02,3.003679e-03,3.228699e-02,2.132637e-01,4.806491e-02,4.204871e-03,2.613796e-02
4.204426e-01,4.152283e-02,1.353052e-02,1.096508e-01,1.474020e-02,4.450446e-02,1.189917e-02,1.686168e-02,1.471401e-02,3.777714e-03,3.305562e-02,1.902351e-01,4.996082e-02,5.218997e-03,2.988548e-02
4.187894e-01,3.883709e-02,1.180527e-02,1.110352e-01,1.415168e-02,4.172831e-02,9.269181e-03,1.368370e-02,2.347754e-02,6.741282e-03,3.619604e-02,1.667407e-01,5.564655e-02,6.622195e-03,4.527580e-02
4.640721e-01,3.289492e-02,1.214561e-02,8.959554e-02,1.557968e-02,3.636238e-02,1.174199e-02,1.712387e-02,3.722741e-02,7.585757e-03,3.896639e-02,1.364351e-01,4.884041e-02,8.022161e-03,4.340656e-02
1.000000e+00,0.000000e+00,0.000000e+00,0.000000e+00,0.000000e+00,0.000000e+00,0.000000e+00,0.000000e+00,0.000000e+00,0.000000e+00,0.000000e+00,0.000000e+00,0.000000e+00,0.000000e+00,0.000000e+00
1.000000e+00,0.000000e+00,0.000000e+00,0.000000e+00,0.000000e+00,0.000000e+00,0.000000e+00,0.000000e+00,0.000000e+00,0.000000e+00,0.000000e+00,0.000000e+00,0.000000e+00,0.000000e+00,0.000000e+00
1.000000e+00,0.000000e+00,0.000000e+00,0.000000e+00,0.000000e+00,0.000000e+00,0.000000e+00,0.000000e+00,0.000000e+00,0.000000e+00,0.000000e+00,0.000000e+00,0.000000e+00,0.000000e+00,0.000000e+00
1.000000e+00,0.000000e+00,0.000000e+00,0.000000e+00,0.000000e+00,0.000000e+00,0.000000e+00,0.000000e+00,0.000000e+00,0.000000e+00,0.000000e+00,0.000000e+00,0.000000e+00,0.000000e+00,0.000000e+00
1.000000e+00,0.000000e+00,0.000000e+00,0.000000e+00,0.000000e+00,0.000000e+00,0.000000e+00,0.000000e+00,0.000000e+00,0.000000e+00,0.000000e+00,0.000000e+00,0.000000e+00,0.000000e+00,0.000000e+00
1.000000e+00,0.000000e+00,0.000000e+00,0.000000e+00,0.000000e+00,0.000000e+00,0.000000e+00,0.000000e+00,0.000000e+00,0.000000e+00,0.000000e+00,0.000000e+00,0.000000e+00,0.000000e+00,0.000000e+00
