1.000000e+00,0.000000e+00,0.000000e+00,0.000000e+00,0.000000e+00,0.000000e+00,0.000000e+00,0.000000e+00,0.000000e+00,0.000000e+00,0.000000e+00,0.000000e+00,0.000000e+00,0.000000e+00,0.000000e+00
1.000000e+00,0.000000e+00,0.000000e+00,0.000000e+00,0.000000e+00,0.000000e+00,0.000000e+00,0.000000e+00,0.000000e+00,0.000000e+00,0.000000e+00,0.000000e+00,0.000000e+00,0.000000e+00,0.000000e+00
1.000000e+00,0.000000e+00,0.000000e+00,0.000000e+00,0.000000e+00,0.000000e+00,0.000000e+00,0.000000e+00,0.000000e+00,0.000000e+00,0.000000e+00,0.000000e+00,0.000000e+00,0.000000e+00,0.000000e+00
1.000000e+00,0.000000e+00,0.000000e+00,0.000000e+00,0.000000e+00,0.000000e+00,0.000000e+00,0.000000e+00,0.000000e+00,0.000000e+00,0.000000e+00,0.000000e+00,0.000000e+00,0.000000e+00,0.000000e+00
1.000000e+00,0.000000e+00,0.000000e+00,0.000000e+00,0.000000e+00,0.000000e+00,0.000000e+00,0.000000e+00,0.000000e+00,0.000000e+00,0.000000e+00,0.000000e+00,0.000000e+00,0.000000e+00,0.000000e+00
1.000000e+00,0.000000e+00,0.000000e+00,0.000000e+00,0.000000e+00,0.000000e+00,0.000000e+00,0.000000e+00,0.000000e+00,0.000000e+00,0.000000e+00,0.000000e+00,0.000000e+00,0.000000e+00,0.000000e+00
1.000000e+00,0.000000e+00,0.000000e+00,0.000000e+00,0.000000e+00,0.000000e+00,0.000000e+00,0.000000e+00,0.000000e+00,0.000000e+00,0.000000e+00,0.000000e+00,0.000000e+00,0.000000e+00,0.000000e+00
1.000000e+00,0.000000e+00,0.000000e+00,0.000000e+00,0.000000e+00,0.000000e+00,0.000000e+00,0.000000e+00,0.000000e+00,0.000000e+00,0.000000e+00,0.000000e+00,0.000000e+00,0.000000e+00,0.000000e+00
1.000000e+00,0.000000e+00,0.000000e+00,0.000000e+00,0.000000e+00,0.000000e+00,0.000000e+00,0.000000e+00,0.000000e+00,0.000000e+00,0.000000e+00,0.000000e+00,0.000000e+00,0.000000e+00,0.000000e+00
1.000000e+00,0.000000e+00,0.000000e+00,0.000000e+00,0.000000e+00,0.000000e+00,0.000000e+00,0.000000e+00,0.000000e+00,0.000000e+00,0.000000e+00,0.000000e+00,0.000000e+00,0.000000e+00,0.000000e+00
1.000000e+00,0.000000e+00,0.000000e+00,0.000000e+00,0.000000e+00,0.000000e+00,0.000000e+00,0.000000e+00,0.000000e+00,0.000000e+00,0.000000e+00,0.000000e+00,0.000000e+00,0.000000e+00,0.000000e+00
1.000000e+00,0.000000e+00,0.000000e+00,0.000000e+00,0.000000e+00,0.000000e+00,0.000000e+00,0.000000e+00,0.000000e+00,0.000000e+00,0.000000e+00,0.000000e+00,0.000000e+00,0.000000e+00,0.000000e+00
1.000000e+00,0.000000e+00,0.000000e+00,0.000000e+00,0.000000e+00,0.000000e+00,0.000000e+00,0.000000e+00,0.000000e+00,0.000000e+00,0.000000e+00,0.000000e+00,0.000000e+00,0.000000e+00,0.000000e+00
1.000000e+00,0.000000e+00,0.000000e+00,0.000000e+00,0.000000e+00,0.000000e+00,0.000000e+00,0.000000e+00,0.000000e+00,0.000000e+00,0.000000e+00,0.000000e+00,0.000000e+00,0.000000e+00,0.000000e+00
1.000000e+00,0.000000e+00,0.000000e+00,0.000000e+00,0.000000e+00,0.000000e+00,0.000000e+00,0.000000e+00,0.000000e+00,0.000000e+00,0.000000e+00,0.000000e+00,0.000000e+00,0.000000e+00,0.000000e+00
1.000000e+00,0.000000e+00,0.000000e+00,0.000000e+00,0.000000e+00,0.000000e+00,0.000000e+00,0.000000e+00,0.000000e+00,0.000000e+00,0.000000e+00,0.000000e+00,0.000000e+00,0.000000e+00,0.000000e+00
1.000000e+00,0.000000e+00,0.000000e+00,0.000000e+00,0.000000e+00,0.000000e+00,0.000000e+00,0.000000e+00,0.000000e+00,0.000000e+00,0.000000e+00,0.000000e+00,0.000000e+00,0.000000e+00,0.000000e+00
1.000000e+00,0.000000e+00,0.000000e+00,0.000000e+00,0.000000e+00,0.000000e+00,0.000000e+00,0.000000e+00,0.000000e+00,0.000000e+00,0.000000e+00,0.000000e+00,0.000000e+00,0.000000e+00,0.000000e+00
1.000000e+00,0.000000e+00,0.000000e+00,0.000000e+00,0.000000e+00,0.000000e+00,0.000000e+00,0.000000e+00,0.000000e+00,0.000000e+00,0.000000e+00,0.000000e+00,0.000000e+00,0.000000e+00,0.000000e+00
1.000000e+00,0.000000e+00,0.000000e+00,0.000000e+00,0.000000e+00,0.000000e+00,0.000000e+00,0.000000e+00,0.000000e+00,0.000000e+00,0.000000e+00,0.000000e+00,0.000000e+00,0.000000e+00,0.000000e+00
1.000000e+00,0.000000e+00,0.000000e+00,0.000000e+00,0.000000e+00,0.000000e+00,0.000000e+00,0.000000e+00,0.000000e+00,0.000000e+00,0.000000e+00,0.000000e+00,0.000000e+00,0.000000e+00,0.000000e+00
1.000000e+00,0.000000e+00,0.000000e+00,0.000000e+00,0.000000e+00,0.000000e+00,0.000000e+00,0.000000e+00,0.000000e+00,0.000000e+00,0.000000e+00,0.000000e+00,0.000000e+00,0.000000e+00,0.000000e+00
1.000000e+00,0.000000e+00,0.000000e+00,0.000000e+00,0.000000e+00,0.000000e+00,0.000000e+00,0.000000e+00,0.000000e+00,0.000000e+00,0.000000e+00,0.000000e+00,0.000000e+00,0.000000e+00,0.000000e+00
1.000000e+00,0.000000e+00,0.000000e+00,0.000000e+00,0.000000e+00,0.000000e+00,0.000000e+00,0.000000e+00,0.000000e+00,0.000000e+00,0.000000e+00,0.000000e+00,0.000000e+00,0.000000e+00,0.000000e+00
1.000000e+00,0.000000e+00,0.000000e+00,0.000000e+00,0.000000e+00,0.000000e+00,0.000000e+00,0.000000e+00,0.000000e+00,0.000000e+00,0.000000e+00,0.000000e+00,0.000000e+00,0.000000e+00,0.000000e+00
4.821710e-01,1.234971e-02,1.323138e-02,4.201083e-02,5.732835e-03,1.243045e-02,3.968840e-03,3.665687e-01,5.009308e-03,1.960920e-03,9.208797e-03,1.378027e-02,1.268657e-02,3.167765e-03,1.572264e-02
3.434423e-01,8.865227e-03,1.020267e-02,2.988102e-02,4.445442e-03,9.291877e-03,3.379712e-03,5.461605e-01,3.576318e-03,1.398921e-03,6.675825e-03,9.873521e-03,9.154703e-03,2.368028e-03,1.128406e-02
2.417429e-01,6.256538e-03,7.475840e-03,2.111981e-02,3.186865e-03,6.879696e-03,2.743320e-03,6.792064e-01,2.514452e-03,9.850266e-04,4.730613e-03,6.962689e-03,6.474509e-03,1.770977e-03,7.950432e-03
1.699217e-01,4.418080e-03,5.578707e-03,1.497939e-02,2.290098e-03,5.091972e-03,2.163855e-03,7.732382e-01,1.768547e-03,6.929316e-04,3.382578e-03,4.903276e-03,4.578008e-03,1.395614e-03,5.597055e-03
1.195834e-01,3.118160e-03,3.972536e-03,1.061158e-02,1.730782e-03,3.650688e-03,1.747676e-03,8.397560e-01,1.245965e-03,4.872517e-04,2.405853e-03,3.453933e-03,3.267807e-03,1.039250e-03,3.929146e-03
8.396761e-02,2.200245e-03,2.923656e-03,7.538239e-03,1.426554e-03,2.623694e-03,1.565786e-03,8.862480e-01,9.019344e-04,3.454611e-04,1.743751e-03,2.448727e-03,2.478410e-03,8.162560e-04,2.771709e-03
5.940927e-02,1.559219e-03,2.110897e-03,5.401439e-03,1.910449e-03,1.930441e-03,1.247038e-03,9.177798e-01,8.883495e-04,2.494302e-04,1.287966e-03,1.733416e-03,1.923643e-03,6.065917e-04,1.962081e-03
4.205782e-02,1.105137e-03,1.520977e-03,3.831783e-03,2.417993e-03,1.430072e-03,9.995850e-04,9.402831e-01,6.768355e-04,1.852768e-04,9.320022e-04,1.234925e-03,1.499312e-03,4.362406e-04,1.388992e-03
2.981367e-02,7.804299e-04,1.124293e-03,2.720002e-03,2.499300e-03,1.043587e-03,8.830173e-04,9.565295e-01,4.852178e-04,1.357254e-04,6.677189e-04,8.808287e-04,1.144714e-03,3.113345e-04,9.806516e-04
2.280796e-02,5.714314e-04,8.672076e-04,1.944171e-03,2.563831e-03,8.256664e-04,8.835545e-04,9.657066e-01,3.633972e-04,1.308860e-04,5.008596e-04,7.949980e-04,1.085801e-03,2.296532e-04,7.239410e-04
2.120225e-02,4.276300e-04,7.001965e-04,1.429270e-03,4.039804e-03,6.853012e-04,8.470358e-04,9.675660e-01,2.810689e-04,1.362291e-04,3.782615e-04,6.628518e-04,9.274177e-04,1.723429e-04,5.441683e-04
2.100211e-02,3.347074e-04,5.765177e-04,1.056059e-03,5.067761e-03,5.837155e-04,9.303530e-04,9.678046e-01,2.148426e-04,1.348695e-04,2.892185e-04,5.930003e-04,8.649262e-04,1.289727e-04,4.183284e-04
2.287827e-02,2.513629e-04,4.574019e-04,7.669876e-04,4.642122e-03,5.153899e-04,1.309019e-03,9.669174e-01,1.577632e-04,1.110782e-04,2.210152e-04,5.464104e-04,7.998042e-04,9.664191e-05,3.292820e-04
2.366809e-02,1.969258e-04,3.545792e-04,5.719750e-04,3.945763e-03,5.201017e-04,1.300644e-03,9.673904e-01,1.189096e-04,1.035381e-04,1.757377e-04,5.082609e-04,7.934591e-04,7.557365e-05,2.759540e-04
3.874065e-02,1.810480e-04,3.947827e-04,4.881906e-04,3.821040e-03,8.094065e-04,1.866239e-03,9.510424e-01,1.025598e-04,1.156054e-04,1.725873e-04,8.211009e-04,1.039550e-03,7.544352e-05,3.292879e-04
6.167082e-02,1.694346e-04,3.621852e-04,4.366101e-04,4.174728e-03,8.327640e-04,1.628620e-03,9.279461e-01,9.955773e-05,1.635117e-04,1.617669e-04,8.755309e-04,1.066970e-03,6.759190e-05,3.438169e-04
8.863258e-02,1.809180e-04,3.330677e-04,4.683358e-04,4.896556e-03,8.616314e-04,1.327416e-03,9.001477e-01,1.367127e-04,2.135316e-04,1.736286e-04,1.037237e-03,1.189118e-03,6.431814e-05,3.372460e-04
2.188745e-01,6.909209e-04,4.752480e-04,2.326675e-03,4.802792e-03,1.390789e-03,1.091632e-03,7.367917e-01,1.868581e-03,1.912221e-03,1.989571e-03,9.075872e-03,1.674556e-02,5.374911e-04,1.426528e-03
2.911665e-01,1.611247e-03,6.174840e-04,4.770718e-03,5.709154e-03,2.251186e-03,9.761351e-04,6.139477e-01,2.796875e-02,2.819945e-03,5.132054e-03,9.998396e-03,2.933025e-02,9.491138e-04,2.751423e-03
3.391751e-01,2.649526e-03,8.213556e-04,7.890146e-03,9.225022e-03,2.831244e-03,2.296960e-03,4.658648e-01,6.066776e-02,3.094150e-03,2.045624e-02,1.323308e-02,6.480519e-02,2.224500e-03,4.764955e-03
3.380500e-01,8.687261e-03,1.568341e-03,1.088144e-02,1.042563e-02,9.852132e-03,2.799078e-03,3.531184e-01,7.478626e-02,2.621597e-03,2.048011e-02,1.103791e-02,1.474208e-01,2.604413e-03,5.666604e-03
2.895738e-01,8.374637e-03,1.929663e-03,1.699873e-02,1.752363e-02,1.974745e-02,3.343772e-03,2.524940e-01,6.896452e-02,2.105481e-03,1.687026e-02,9.227219e-03,2.860509e-01,1.966101e-03,4.829980e-03
2.380872e-01,6.880208e-03,1.802960e-03,1.960801e-02,1.423788e-02,1.769853e-02,2.626408e-03,1.781672e-01,5.567193e-02,1.574014e-03,1.456404e-02,9.190820e-03,4.346375e-01,1.451961e-03,3.801316e-03
2.037026e-01,5.272214e-03,1.523372e-03,1.564541e-02,1.164394e-02,1.502979e-02,2.038905e-03,1.252457e-01,4.031098e-02,1.163706e-03,1.148574e-02,1.036709e-02,5.524168e-01,1.042073e-03,3.111709e-03
1.723467e-01,3.800804e-03,1.121794e-03,1.141575e-02,9.211392e-03,1.107175e-02,1.487097e-03,8.779260e-02,2.897443e-02,8.334581e-04,8.487285e-03,1.457371e-02,6.457146e-01,7.596663e-04,2.408937e-03
1.544637e-01,2.886787e-03,9.374064e-04,8.202093e-03,8.316800e-03,8.313821e-03,1.214604e-03,6.157145e-02,2.067661e-02,6.106488e-04,6.267629e-03,1.374102e-02,7.104378e-01,5.928450e-04,1.766877e-03
1.277764e-01,2.233747e-03,8.742941e-04,5.794615e-03,7.819957e-03,6.161486e-03,1.050583e-03,4.321098e-02,1.470212e-02,4.616131e-04,4.688490e-03,1.600375e-02,7.674345e-01,4.565803e-04,1.331007e-03
9.608931e-02,1.734111e-03,9.279457e-04,4.075525e-03,8.895764e-03,4.681222e-03,1.031452e-03,3.036658e-02,1.060600e-02,3.638156e-04,3.530349e-03,1.568385e-02,8.205969e-01,4.056833e-04,1.011555e-03
7.400054e-02,1.380390e-03,8.661991e-04,2.860590e-03,9.802910e-03,3.640502e-03,8.752432e-04,2.141150e-02,7.679794e-03,2.795928e-04,2.613425e-03,1.587675e-02,8.576470e-01,3.176037e-04,7.479957e-04
5.899477e-02,1.379375e-03,1.307360e-03,2.023330e-03,1.730387e-02,2.820446e-03,7.909120e-04,1.517328e-02,6.024992e-03,2.256229e-04,1.972720e-03,1.488768e-02,8.762047e-01,3.233797e-04,5.676053e-04
5.267430e-02,1.228161e-03,1.167090e-03,1.431379e-03,2.529150e-02,2.338004e-03,7.120958e-04,1.073158e-02,4.629719e-03,1.839186e-04,1.477655e-03,2.082624e-02,8.766483e-01,2.455791e-04,4.144296e-04
5.134660e-02,1.349613e-03,1.169338e-03,1.026461e-03,2.926559e-02,1.912405e-03,6.258160e-04,7.626537e-03,3.855801e-03,1.750723e-04,1.182259e-03,2.811077e-02,8.718399e-01,1.999997e-04,3.138185e-04
5.012719e-02,1.335829e-03,1.188169e-03,7.443047e-04,3.725272e-02,1.710879e-03,6.623479e-04,5.510849e-03,3.388560e-03,1.711348e-04,9.028714e-04,2.662078e-02,8.699991e-01,1.547769e-04,2.304914e-04
5.046114e-02,1.394607e-03,1.644546e-03,5.666997e-04,3.517396e-02,2.245304e-03,6.154839e-04,4.371624e-03,2.986903e-03,1.493461e-04,7.014956e-04,2.617842e-02,8.732138e-01,1.214097e-04,1.751905e-04
4.548944e-02,1.238327e-03,1.672590e-03,4.514820e-04,3.354855e-02,1.919060e-03,6.536728e-04,3.304251e-03,2.731617e-03,1.458607e-04,5.331649e-04,2.104594e-02,8.870416e-01,9.426633e-05,1.301309e-04
3.907496e-02,1.229704e-03,1.798661e-03,3.505681e-04,3.491668e-02,1.610469e-03,9.806211e-04,2.903024e-03,2.623171e-03,1.386691e-04,4.009092e-04,1.677326e-02,8.970231e-01,7.529627e-05,1.008924e-04
3.554550e-02,1.146753e-03,1.461013e-03,2.689900e-04,2.781180e-02,1.469809e-03,8.072383e-04,2.310992e-03,2.534306e-03,1.181696e-04,3.048702e-04,1.355513e-02,9.125155e-01,7.339015e-05,7.654991e-05
3.177229e-02,1.043047e-03,1.131553e-03,2.155405e-04,2.466654e-02,1.374711e-03,1.040473e-03,2.119634e-03,2.724264e-03,1.031729e-04,2.330114e-04,1.258116e-02,9.208212e-01,1.093021e-04,6.413894e-05
2.773708e-02,1.024660e-03,8.642388e-04,1.664125e-04,1.900876e-02,1.403736e-03,9.514909e-04,1.828887e-03,3.185997e-03,7.909131e-05,1.833397e-04,1.761983e-02,9.257822e-01,1.118884e-04,5.245914e-05
3.196280e-02,2.405463e-03,1.387536e-03,1.613640e-04,2.354423e-02,1.762558e-03,1.401703e-03,2.317044e-03,1.037168e-02,7.621786e-05,1.936555e-04,3.445640e-02,8.897856e-01,1.186956e-04,5.514418e-05
3.339048e-02,2.793904e-03,1.801864e-03,1.507393e-04,3.060426e-02,2.400120e-03,2.689695e-03,2.324160e-03,1.489195e-02,6.702827e-05,1.697532e-04,2.947582e-02,8.790876e-01,9.710975e-05,5.556484e-05
4.136595e-02,4.906899e-03,7.159074e-03,3.212084e-04,3.907984e-02,2.713305e-03,4.387509e-03,8.716955e-03,2.700898e-02,7.331614e-05,1.738602e-04,3.495694e-02,8.289855e-01,8.609980e-05,6.458224e-05
6.317302e-02,1.293981e-02,1.244186e-02,5.078958e-04,3.443610e-02,6.228705e-03,6.463504e-03,1.362326e-02,6.240732e-02,1.406676e-04,1.474154e-04,3.038782e-02,7.568868e-01,7.789077e-05,1.378591e-04
7.776789e-02,1.227777e-02,2.058847e-02,7.314954e-04,3.195287e-02,9.880237e-03,1.385136e-02,2.887328e-02,8.986958e-02,1.729447e-04,1.129800e-04,2.664577e-02,6.870444e-01,6.017102e-05,1.707638e-04
8.555982e-02,1.257036e-02,3.297778e-02,1.281293e-03,3.097450e-02,1.339826e-02,1.726617e-02,4.775916e-02,1.503863e-01,2.862011e-04,1.124034e-04,1.935681e-02,5.875124e-01,4.823110e-05,5.103757e-04
8.794889e-02,1.405031e-02,3.377945e-02,1.827172e-03,3.210769e-02,2.764800e-02,1.599357e-02,5.156132e-02,1.707489e-01,2.931995e-04,1.263263e-04,1.424249e-02,5.464310e-01,1.017923e-04,3.139908e-03
7.473638e-02,1.609476e-02,3.172778e-02,2.223236e-03,3.339554e-02,3.229249e-02,1.742256e-02,1.049872e-01,2.353588e-01,2.735869e-04,1.429216e-04,1.020182e-02,4.256121e-01,1.495475e-04,1.538124e-02
6.297768e-02,1.701836e-02,2.502977e-02,2.847591e-03,2.857196e-02,3.052962e-02,1.493466e-02,2.036898e-01,2.805505e-01,2.361527e-04,1.372431e-04,7.309505e-03,3.099075e-01,1.635178e-04,1.609616e-02
5.218765e-02,1.639465e-02,2.208452e-02,2.488789e-03,2.650924e-02,2.722792e-02,1.486649e-02,2.677502e-01,3.070098e-01,1.891759e-04,1.363359e-04,5.220510e-03,2.228823e-01,1.861228e-04,3.486627e-02
6.261514e-02,1.824381e-02,2.363886e-02,3.740361e-03,2.386490e-02,3.513522e-02,1.366141e-02,2.576345e-01,3.436686e-01,3.342568e-04,1.758319e-04,4.220579e-03,1.627994e-01,1.914492e-04,5.007559e-02
7.421707e-02,1.751876e-02,3.198137e-02,4.285519e-03,2.427164e-02,4.226977e-02,1.582323e-02,2.411351e-01,3.266318e-01,4.260066e-04,2.899368e-04,3.695719e-03,1.169202e-01,1.943610e-04,1.003395e-01
9.656020e-02,2.477528e-02,3.521006e-02,6.293640e-03,2.164160e-02,4.168547e-02,1.342294e-02,1.888875e-01,3.538534e-01,8.898105e-04,8.416060e-04,1.052904e-02,9.148615e-02,4.174637e-04,1.135059e-01
1.465392e-01,2.514362e-02,3.670351e-02,8.411102e-03,1.947053e-02,4.000392e-02,1.226370e-02,1.472139e-01,3.061261e-01,3.492972e-03,2.375265e-03,1.527141e-02,8.116996e-02,2.485305e-03,1.533294e-01
1.602753e-01,2.150591e-02,3.913251e-02,1.443665e-02,1.713554e-02,4.542111e-02,1.155170e-02,1.201094e-01,2.778413e-01,4.103994e-03,5.356910e-03,3.625707e-02,1.159847e-01,2.522335e-03,1.283655e-01
1.840503e-01,1.630193e-02,2.788150e-02,2.108044e-02,1.220634e-02,4.079280e-02,8.662457e-03,8.439372e-02,2.096134e-01,4.314872e-03,1.665935e-02,6.543214e-02,1.827270e-01,8.564883e-03,1.173189e-01
1.664331e-01,1.371745e-02,2.413134e-02,3.147316e-02,1.184260e-02,4.191973e-02,6.795334e-03,5.962100e-02,1.532022e-01,4.257636e-03,4.576920e-02,1.091863e-01,2.354699e-01,8.721169e-03,8.745982e-02
1.226433e-01,1.080470e-02,2.189450e-02,3.261502e-02,1.033832e-02,4.234558e-02,4.971001e-03,4.188254e-02,1.097854e-01,3.711143e-03,5.241041e-02,1.686315e-01,3.025658e-01,8.859689e-03,6.654104e-02
8.722965e-02,7.609459e-03,1.544864e-02,2.347891e-02,1.094541e-02,3.193864e-02,3.704615e-03,2.949538e-02,7.783256e-02,3.437440e-03,4.951819e-02,2.066766e-01,3.969775e-01,6.947664e-03,4.875926e-02
6.619430e-02,5.395796e-03,1.092752e-02,1.729316e-02,9.973427e-03,2.781237e-02,2.862434e-03,2.105503e-02,5.623031e-02,3.152815e-03,4.503779e-02,2.484288e-01,4.441715e-01,5.330966e-03,3.613385e-02
4.815850e-02,3.892217e-03,7.816668e-03,1.223552e-02,1.145095e-02,2.031855e-02,2.752883e-03,1.499319e-02,4.157693e-02,4.708401e-03,3.737608e-02,3.530781e-01,4.100532e-01,4.219686e-03,2.736918e-02
3.434725e-02,2.886775e-03,6.337809e-03,8.599608e-03,1.597496e-02,1.477014e-02,3.789664e-03,1.156059e-02,3.162331e-02,6.278440e-03,2.882032e-02,3.903978e-01,4.192808e-01,3.456712e-03,2.187578e-02
2.451352e-02,2.078919e-03,5.402746e-03,6.044177e-03,1.560700e-02,1.065148e-02,4.685722e-03,9.146743e-03,2.295918e-02,7.178560e-03,2.387736e-02,4.333901e-01,4.108076e-01,2.826715e-03,2.083022e-02
1.744801e-02,1.575668e-03,5.880209e-03,4.253202e-03,1.456416e-02,7.920905e-03,1.268524e-02,8.316148e-03,1.707740e-02,8.343224e-03,1.995712e-02,4.803252e-01,3.701135e-01,2.671780e-03,2.886832e-02
1.265811e-02,1.327228e-03,6.749058e-03,3.028724e-03,1.338398e-02,6.242006e-03,1.144430e-02,8.850568e-03,1.328541e-02,6.985935e-03,1.697759e-02,5.222038e-01,3.400047e-01,2.210648e-03,3.464793e-02
9.405144e-03,1.680390e-03,1.723905e-02,2.170899e-03,1.092805e-02,4.574164e-03,9.139448e-03,9.647457e-03,9.927766e-03,6.241648e-03,1.530041e-02,6.029795e-01,2.635721e-01,2.372256e-03,3.482175e-02
9.716831e-03,1.509835e-03,3.164231e-02,1.602953e-03,1.135852e-02,4.735728e-03,8.273884e-03,1.427463e-02,7.448817e-03,5.728450e-03,1.184924e-02,6.394438e-01,2.178646e-01,2.140065e-03,3.241029e-02
1.137545e-02,1.331491e-03,6.876174e-02,1.303055e-03,1.090458e-02,3.921713e-03,8.341460e-03,2.861129e-02,5.834069e-03,6.035138e-03,1.040602e-02,5.911226e-01,2.205652e-01,2.261207e-03,2.922504e-02
2.507466e-02,1.880246e-03,6.955683e-02,1.877992e-03,4.707790e-02,9.270319e-03,1.238127e-02,4.480396e-02,1.111325e-02,1.403943e-02,1.132699e-02,5.110151e-01,2.034584e-01,4.596630e-03,3.252711e-02
3.511359e-02,3.374647e-03,6.950803e-02,1.777110e-03,6.531124e-02,2.418984e-02,1.635562e-02,5.455882e-02,2.012702e-02,1.581538e-02,1.269040e-02,4.738136e-01,1.743779e-01,4.748127e-03,2.823867e-02
4.814230e-02,2.891809e-03,5.189811e-02,1.559975e-03,5.126690e-02,2.274717e-02,1.246506e-02,5.445585e-02,1.565297e-02,1.502518e-02,9.411653e-03,5.597028e-01,1.295254e-01,4.688817e-03,2.056599e-02
4.040601e-02,2.193198e-03,5.223510e-02,2.457412e-03,3.902594e-02,1.662355e-02,1.055177e-02,2.014990e-01,1.137463e-02,1.268169e-02,7.537608e-03,4.847582e-01,9.882001e-02,4.812726e-03,1.502321e-02
4.115994e-02,2.100689e-03,4.178915e-02,2.287311e-03,5.919859e-02,1.345094e-02,9.417761e-03,1.609605e-01,9.867091e-03,1.198891e-02,6.412961e-03,5.394688e-01,7.826374e-02,1.127679e-02,1.235685e-02
6.778742e-02,2.369544e-03,4.464877e-02,2.772586e-03,7.527457e-02,1.182215e-02,1.085566e-02,1.676279e-01,8.537178e-03,1.016838e-02,5.506577e-03,5.037050e-01,6.800409e-02,1.179422e-02,9.125837e-03
9.097070e-02,3.339613e-03,4.182036e-02,2.907292e-03,1.128808e-01,1.117415e-02,8.620399e-03,1.478803e-01,7.766780e-03,8.165568e-03,5.109693e-03,4.847815e-01,5.616131e-02,1.119464e-02,7.226931e-03
1.462702e-01,4.932962e-03,3.985724e-02,3.476953e-03,9.857568e-02,1.429450e-02,8.696132e-03,1.229370e-01,7.133674e-03,6.932528e-03,5.055047e-03,4.794581e-01,4.438359e-02,1.066629e-02,7.330107e-03
1.623601e-01,6.312976e-03,3.595151e-02,2.949517e-03,8.375496e-02,2.488335e-02,7.149849e-03,9.294848e-02,6.598100e-03,5.691591e-03,4.741209e-03,5.160398e-01,3.528867e-02,9.127720e-03,6.202080e-03
1.546988e-01,5.910937e-03,3.331676e-02,2.648941e-03,6.679966e-02,2.040115e-02,8.448790e-03,1.193927e-01,5.723894e-03,5.092517e-03,3.877654e-03,5.321662e-01,2.941249e-02,7.313140e-03,4.796418e-03
2.298521e-01,5.012588e-03,1.019253e-01,5.108914e-03,4.970427e-02,1.930360e-02,1.329655e-02,1.159456e-01,4.894947e-03,4.287964e-03,3.816110e-03,4.101912e-01,2.475566e-02,6.901060e-03,5.004060e-03
2.346403e-01,4.179128e-03,1.914800e-01,7.778971e-03,4.080545e-02,1.881918e-02,4.640891e-02,1.165969e-01,4.503828e-03,4.061771e-03,3.446508e-03,2.976957e-01,1.967751e-02,5.654675e-03,4.251211e-03
2.518028e-01,3.617594e-03,2.561542e-01,1.302106e-02,3.177254e-02,2.407276e-02,6.472428e-02,1.070201e-01,4.377767e-03,3.147388e-03,2.896313e-03,2.118287e-01,1.690720e-02,4.509464e-03,4.147959e-03
1.962950e-01,2.916246e-03,2.380777e-01,1.218491e-02,2.387315e-02,2.144837e-02,2.397564e-01,8.650957e-02,3.642040e-03,2.312446e-03,2.218105e-03,1.484795e-01,1.513054e-02,3.230479e-03,3.925561e-03
1.735639e-01,3.238508e-03,2.220589e-01,1.374861e-02,1.964628e-02,2.361615e-02,3.353651e-01,7.256654e-02,5.834655e-03,1.784465e-03,1.819658e-03,1.047974e-01,1.584959e-02,2.360327e-03,3.749956e-03
1.429105e-01,3.681689e-03,1.720755e-01,1.225162e-02,1.811365e-02,2.221677e-02,4.422757e-01,6.997819e-02,1.517158e-02,1.605159e-03,1.497823e-03,7.407738e-02,1.672772e-02,1.718507e-03,5.698332e-03
1.110771e-01,2.886950e-03,1.379788e-01,9.395180e-03,1.472477e-02,1.822740e-02,5.557758e-01,5.875096e-02,1.573617e-02,1.283000e-03,1.126594e-03,5.216299e-02,1.463311e-02,1.227007e-03,5.014281e-03
9.100013e-02,2.253115e-03,1.233975e-01,7.137367e-03,1.181010e-02,1.378827e-02,6.325766e-01,4.788150e-02,1.418868e-02,1.036444e-03,8.935464e-04,3.687270e-02,1.240224e-02,8.998903e-04,3.861998e-03
9.164228e-02,1.769502e-03,9.077808e-02,5.515834e-03,8.785677e-03,1.083075e-02,6.962751e-01,3.917728e-02,1.032106e-02,1.055209e-03,9.279782e-04,2.749849e-02,1.156705e-02,7.640871e-04,3.091655e-03
1.110734e-01,1.483056e-03,6.883025e-02,4.450052e-03,6.674740e-03,8.778799e-03,7.182429e-01,3.533646e-02,7.565690e-03,1.064878e-03,9.938668e-04,2.115836e-02,1.085989e-02,7.821197e-04,2.705536e-03
2.012837e-01,2.151536e-03,6.440673e-02,4.206033e-03,5.429992e-03,9.537933e-03,6.416901e-01,2.890427e-02,6.223809e-03,1.954984e-03,1.311660e-03,1.778092e-02,1.030964e-02,1.087195e-03,3.721512e-03
2.728343e-01,2.337497e-03,5.100559e-02,3.568997e-03,4.392837e-03,1.021836e-02,5.908819e-01,2.502470e-02,5.795973e-03,2.003779e-03,1.391100e-03,1.507272e-02,1.054906e-02,1.045611e-03,3.877652e-03
3.830289e-01,3.755544e-03,4.042819e-02,3.809634e-03,3.801368e-03,1.343114e-02,4.846725e-01,2.460031e-02,4.891660e-03,2.126186e-03,1.780566e-03,1.334464e-02,1.149741e-02,1.240071e-03,7.591859e-03
4.988118e-01,4.034718e-03,3.045732e-02,3.965238e-03,3.471168e-03,1.629407e-02,3.762906e-01,2.147308e-02,4.456314e-03,2.260711e-03,1.913011e-03,1.332792e-02,1.213655e-02,1.248978e-03,9.858439e-03
1.000000e+00,0.000000e+00,0.000000e+00,0.000000e+00,0.000000e+00,0.000000e+00,0.000000e+00,0.000000e+00,0.000000e+00,0.000000e+00,0.000000e+00,0.000000e+00,0.000000e+00,0.000000e+00,0.000000e+00
1.000000e+00,0.000000e+00,0.000000e+00,0.000000e+00,0.000000e+00,0.000000e+00,0.000000e+00,0.000000e+00,0.000000e+00,0.000000e+00,0.000000e+00,0.000000e+00,0.000000e+00,0.000000e+00,0.000000e+00
1.000000e+00,0.000000e+00,0.000000e+00,0.000000e+00,0.000000e+00,0.000000e+00,0.000000e+00,0.000000e+00,0.000000e+00,0.000000e+00,0.000000e+00,0.000000e+00,0.000000e+00,0.000000e+00,0.000000e+00
1.000000e+00,0.000000e+00,0.000000e+00,0.000000e+00,0.000000e+00,0.000000e+00,0.000000e+00,0.000000e+00,0.000000e+00,0.000000e+00,0.000000e+00,0.000000e+00,0.000000e+00,0.000000e+00,0.000000e+00
1.000000e+00,0.000000e+00,0.000000e+00,0.000000e+00,0.000000e+00,0.000000e+00,0.000000e+00,0.000000e+00,0.000000e+00,0.000000e+00,0.000000e+00,0.000000e+00,0.000000e+00,0.000000e+00,0.000000e+00
1.000000e+00,0.000000e+00,0.000000e+00,0.000000e+00,0.000000e+00,0.000000e+00,0.000000e+00,0.000000e+00,0.000000e+00,0.000000e+00,0.000000e+00,0.000000e+00,0.000000e+00,0.000000e+00,0.000000e+00
4.750735e-01,1.276652e-02,6.953551e-03,1.706314e-02,7.336304e-03,7.206222e-02,1.795958e-01,1.942984e-02,4.930164e-03,4.117282e-03,7.518664e-03,8.831383e-02,8.257174e-02,1.837721e-03,2.042991e-02
4.295635e-01,1.129264e-02,5.500775e-03,1.552495e-02,6.627834e-03,7.497522e-02,1.642120e-01,1.673387e-02,4.352303e-03,3.484139e-03,7.974543e-03,1.256178e-01,1.156741e-01,1.455696e-03,1.701066e-02
3.719979e-01,9.687085e-03,4.626547e-03,1.550748e-02,6.283783e-03,8.037975e-02,1.782564e-01,1.472980e-02,5.616635e-03,3.488973e-03,8.574395e-03,1.419318e-01,1.415080e-01,1.259709e-03,1.615185e-02
2.937927e-01,7.294617e-03,3.394181e-03,1.318824e-02,5.402792e-03,7.357228e-02,1.415437e-01,1.091098e-02,7.798706e-03,2.842469e-03,1.006823e-02,1.629540e-01,2.505612e-01,1.278714e-03,1.539723e-02
3.064435e-01,6.302516e-03,2.679846e-03,1.508514e-02,6.538828e-03,7.380015e-02,1.322396e-01,9.644959e-03,1.237202e-02,2.499526e-03,1.291720e-02,1.615789e-01,2.379860e-01,1.879061e-03,1.803293e-02
2.657023e-01,7.707003e-03,2.396116e-03,2.373444e-02,9.165497e-03,8.287863e-02,1.085036e-01,8.278850e-03,2.754782e-02,2.499046e-03,1.445949e-02,1.525656e-01,2.720208e-01,1.987613e-03,2.055317e-02
2.685979e-01,1.071054e-02,2.405465e-03,3.220537e-02,1.214112e-02,8.810955e-02,1.149428e-01,8.370583e-03,3.772963e-02,3.009874e-03,1.719384e-02,1.421889e-01,2.380588e-01,2.159277e-03,2.217626e-02
3.043150e-01,1.151811e-02,2.279784e-03,3.247186e-02,1.236596e-02,7.496971e-02,9.356364e-02,7.601987e-03,3.653159e-02,3.341949e-03,1.690650e-02,1.482380e-01,2.237240e-01,2.916749e-03,2.925515e-02
3.141093e-01,1.436075e-02,3.155556e-03,3.448294e-02,2.188448e-02,6.184039e-02,7.260158e-02,1.409025e-02,3.684583e-02,4.320860e-03,2.081788e-02,1.620380e-01,2.064245e-01,3.310809e-03,2.971686e-02
3.090627e-01,2.153628e-02,2.913485e-02,4.394959e-02,3.064989e-02,5.888156e-02,5.552053e-02,3.199326e-02,3.563919e-02,4.269912e-03,1.995357e-02,1.604550e-01,1.689016e-01,3.321258e-03,2.673079e-02
3.953141e-01,2.005596e-02,2.691073e-02,4.435762e-02,2.861551e-02,5.094666e-02,4.142255e-02,3.359134e-02,3.065804e-02,4.440144e-03,1.656185e-02,1.421589e-01,1.370190e-01,3.783759e-03,2.416382e-02
4.532503e-01,1.861976e-02,2.588569e-02,4.270683e-02,2.785921e-02,4.213133e-02,3.177070e-02,4.578125e-02,2.890741e-02,4.756736e-03,1.398890e-02,1.268118e-01,1.104520e-01,4.430185e-03,2.264780e-02
4.461280e-01,1.749376e-02,2.561700e-02,4.739628e-02,2.577624e-02,3.602007e-02,2.472690e-02,7.523630e-02,3.798173e-02,6.456769e-03,1.347492e-02,1.225211e-01,9.193484e-02,5.494691e-03,2.374148e-02
4.231607e-01,1.644804e-02,2.204893e-02,4.231297e-02,2.695104e-02,2.990204e-02,1.795308e-02,1.445664e-01,4.712217e-02,6.186400e-03,1.247925e-02,9.789257e-02,8.323362e-02,7.888456e-03,2.185430e-02
3.993089e-01,1.333486e-02,1.764785e-02,3.520253e-02,2.207429e-02,2.489757e-02,1.317349e-02,2.447421e-01,3.613053e-02,4.793829e-03,9.844537e-03,7.463918e-02,7.890903e-02,7.419663e-03,1.788167e-02
3.385745e-01,1.473623e-02,1.404475e-02,3.067534e-02,2.010916e-02,2.333699e-02,9.637713e-03,3.020279e-01,3.036722e-02,4.004290e-03,1.115896e-02,6.781989e-02,1.083183e-01,9.083314e-03,1.610542e-02
3.539918e-01,1.470718e-02,1.159650e-02,3.062053e-02,1.817678e-02,1.970731e-02,7.017036e-03,3.039743e-01,2.683658e-02,3.366705e-03,1.010444e-02,6.195220e-02,1.129350e-01,9.574262e-03,1.543935e-02
2.961097e-01,1.100898e-02,1.136683e-02,4.631226e-02,1.464930e-02,1.588217e-02,5.128993e-03,4.005768e-01,2.126418e-02,2.592151e-03,8.286959e-03,5.087823e-02,9.661434e-02,7.202884e-03,1.212622e-02
3.027111e-01,8.742102e-03,9.798681e-03,3.961132e-02,1.394857e-02,1.300166e-02,3.880950e-03,4.357023e-01,1.795709e-02,2.112499e-03,7.201422e-03,3.954323e-02,8.963393e-02,5.608656e-03,1.054651e-02
3.333308e-01,7.043107e-03,8.264534e-03,3.752426e-02,1.199978e-02,1.052908e-02,3.026925e-03,4.486991e-01,1.424051e-02,1.666620e-03,6.574119e-03,3.111988e-02,7.250271e-02,4.405277e-03,9.073375e-03
3.533379e-01,5.829801e-03,7.184037e-03,3.510265e-02,1.024936e-02,8.349920e-03,2.353983e-03,4.668936e-01,1.075240e-02,1.312383e-03,5.370039e-03,2.406926e-02,5.796542e-02,3.391000e-03,7.838165e-03
3.785039e-01,5.106051e-03,6.794150e-03,3.113752e-02,9.842126e-03,6.716304e-03,1.988621e-03,4.744996e-01,8.372738e-03,1.094476e-03,4.472667e-03,1.846571e-02,4.382215e-02,2.661304e-03,6.522637e-03
4.401664e-01,4.781711e-03,7.195340e-03,3.160669e-02,9.792618e-03,5.752753e-03,1.821350e-03,4.309085e-01,7.368525e-03,1.015436e-03,4.324109e-03,1.548234e-02,3.198186e-02,2.304622e-03,5.497826e-03
1.000000e+00,0.000000e+00,0.000000e+00,0.000000e+00,0.000000e+00,0.000000e+00,0.000000e+00,0.000000e+00,0.000000e+00,0.000000e+00,0.000000e+00,0.000000e+00,0.000000e+00,0.000000e+00,0.000000e+00
1.000000e+00,0.000000e+00,0.000000e+00,0.000000e+00,0.000000e+00,0.000000e+00,0.000000e+00,0.000000e+00,0.000000e+00,0.000000e+00,0.000000e+00,0.000000e+00,0.000000e+00,0.000000e+00,0.000000e+00
1.000000e+00,0.000000e+00,0.000000e+00,0.000000e+00,0.000000e+00,0.000000e+00,0.000000e+00,0.000000e+00,0.000000e+00,0.000000e+00,0.000000e+00,0.000000e+00,0.000000e+00,0.000000e+00,0.000000e+00
1.000000e+00,0.000000e+00,0.000000e+00,0.000000e+00,0.000000e+00,0.000000e+00,0.000000e+00,0.000000e+00,0.000000e+00,0.000000e+00,0.000000e+00,0.000000e+00,0.000000e+00,0.000000e+00,0.000000e+00
1.000000e+00,0.000000e+00,0.000000e+00,0.000000e+00,0.000000e+00,0.000000e+00,0.000000e+00,0.000000e+00,0.000000e+00,0.000000e+00,0.000000e+00,0.000000e+00,0.000000e+00,0.000000e+00,0.000000e+00
1.000000e+00,0.000000e+00,0.000000e+00,0.000000e+00,0.000000e+00,0.000000e+00,0.000000e+00,0.000000e+00,0.000000e+00,0.000000e+00,0.000000e+00,0.000000e+00,0.000000e+00,0.000000e+00,0.000000e+00
1.000000e+00,0.000000e+00,0.000000e+00,0.000000e+00,0.000000e+00,0.000000e+00,0.000000e+00,0.000000e+00,0.000000e+00,0.000000e+00,0.000000e+00,0.000000e+00,0.000000e+00,0.000000e+00,0.000000e+00
1.000000e+00,0.000000e+00,0.000000e+00,0.000000e+00,0.000000e+00,0.000000e+00,0.000000e+00,0.000000e+00,0.000000e+00,0.000000e+00,0.000000e+00,0.000000e+00,0.000000e+00,0.000000e+00,0.000000e+00
4.492348e-01,7.236199e-03,8.300911e-03,9.490957e-03,7.256575e-03,1.806341e-01,1.383286e-02,1.168456e-01,7.269539e-03,1.599154e-03,2.778844e-03,8.708918e-03,1.777454e-01,1.370735e-03,7.695415e-03
3.823862e-01,5.754340e-03,6.979822e-03,7.204037e-03,7.392720e-03,1.457027e-01,2.244677e-02,8.945217e-02,5.461363e-03,1.300659e-03,2.352935e-03,7.581315e-03,3.084686e-01,1.000583e-03,6.515800e-03
3.256429e-01,4.819800e-03,5.475822e-03,5.538016e-03,8.661270e-03,1.071877e-01,2.641297e-02,7.605419e-02,4.743414e-03,1.439032e-03,2.985708e-03,1.141691e-02,4.131736e-01,8.895752e-04,5.559095e-03
2.966212e-01,4.246335e-03,4.296146e-03,4.506277e-03,1.273603e-02,8.570088e-02,2.995371e-02,6.123177e-02,4.741187e-03,1.881506e-03,4.671494e-03,2.547809e-02,4.580229e-01,8.122926e-04,5.100228e-03
3.195896e-01,4.070370e-03,3.492597e-03,4.683253e-03,1.581223e-02,7.266324e-02,2.597405e-02,5.227610e-02,4.131398e-03,1.484743e-03,5.819417e-03,3.254732e-02,4.521702e-01,7.814842e-04,4.504086e-03
3.287989e-01,3.663930e-03,2.669625e-03,4.124141e-03,1.624287e-02,5.645602e-02,1.921606e-02,3.845806e-02,3.477032e-03,1.095192e-03,5.669928e-03,2.683056e-02,4.890289e-01,6.518850e-04,3.616925e-03
2.584482e-01,3.063322e-03,2.637280e-03,3.011422e-03,1.326111e-02,4.064617e-02,1.364504e-02,2.715726e-02,2.760767e-03,8.200870e-04,5.297589e-03,2.328635e-02,6.017938e-01,7.003185e-04,3.471480e-03
2.080556e-01,2.907282e-03,3.377852e-03,2.265968e-03,1.025972e-02,2.941310e-02,1.014494e-02,1.937057e-02,2.562279e-03,7.094209e-04,4.821368e-03,1.919053e-02,6.827835e-01,9.314667e-04,3.206508e-03
1.595323e-01,2.309205e-03,2.743961e-03,1.732776e-03,8.402978e-03,2.135452e-02,7.323930e-03,1.376388e-02,2.105477e-03,6.054903e-04,3.855950e-03,1.795382e-02,7.541106e-01,7.709511e-04,3.434228e-03
1.379054e-01,1.806094e-03,2.239902e-03,1.395369e-03,7.931704e-03,1.696795e-02,6.327780e-03,1.010180e-02,1.922714e-03,4.911428e-04,3.079847e-03,1.794153e-02,7.880936e-01,9.311327e-04,2.864187e-03
1.046254e-01,1.447588e-03,1.705422e-03,1.127405e-03,8.555079e-03,1.320671e-02,4.649859e-03,7.419058e-03,1.727537e-03,3.774696e-04,2.619881e-03,2.186200e-02,8.274729e-01,9.520031e-04,2.251665e-03
9.353581e-02,1.881659e-03,5.416602e-03,3.141072e-03,1.945484e-02,1.842668e-02,3.991394e-03,7.687641e-03,5.024061e-03,7.344976e-04,3.883454e-03,2.303287e-02,8.097432e-01,1.553511e-03,2.492699e-03
8.088151e-02,1.647993e-03,4.120100e-03,2.891792e-03,2.187059e-02,1.654522e-02,3.028782e-03,7.394781e-03,4.492752e-03,6.771088e-04,4.375461e-03,3.532300e-02,8.134736e-01,1.285924e-03,1.991381e-03
7.770348e-02,1.907163e-03,4.063535e-03,2.671232e-03,2.053420e-02,1.739093e-02,2.338635e-03,8.386017e-03,4.939681e-03,6.294772e-04,5.308347e-03,3.852739e-02,8.125740e-01,1.353345e-03,1.672475e-03
7.908766e-02,1.890183e-03,1.356038e-02,4.826666e-03,2.083507e-02,1.936007e-02,1.929417e-03,1.608025e-02,1.190390e-02,8.193245e-04,6.677533e-03,3.006531e-02,7.894650e-01,1.448507e-03,2.050758e-03
8.767601e-02,2.278472e-03,1.099839e-02,4.573138e-03,2.120106e-02,1.567104e-02,1.911193e-03,1.588579e-02,1.544329e-02,8.795494e-04,5.857163e-03,2.406822e-02,7.860841e-01,2.249620e-03,5.222934e-03
9.691088e-02,3.230049e-03,1.461508e-02,1.871420e-02,2.554625e-02,1.961906e-02,2.251246e-03,2.533611e-02,4.990021e-02,9.549722e-04,8.012850e-03,1.981567e-02,7.036451e-01,2.876414e-03,8.571949e-03
1.168971e-01,1.745463e-02,5.210102e-02,3.080851e-02,2.757825e-02,3.905748e-02,2.604607e-03,2.635000e-02,9.748094e-02,1.659948e-03,7.216844e-03,1.548898e-02,5.515930e-01,2.617839e-03,1.109087e-02
1.451174e-01,5.005091e-02,5.668414e-02,3.106704e-02,3.488709e-02,5.234594e-02,3.440927e-03,2.094359e-02,1.402510e-01,2.412849e-03,6.518238e-03,1.204715e-02,4.199515e-01,2.941750e-03,2.134054e-02
1.540861e-01,4.178692e-02,5.104116e-02,6.245525e-02,4.440124e-02,5.874635e-02,7.023276e-03,2.648335e-02,1.844788e-01,3.371031e-03,8.756610e-03,1.144424e-02,3.218168e-01,3.241114e-03,2.086767e-02
2.211170e-01,3.898723e-02,4.270004e-02,6.594824e-02,6.521577e-02,5.352338e-02,1.639876e-02,3.018486e-02,1.441312e-01,2.866779e-03,1.003353e-02,1.206139e-02,2.659156e-01,3.914711e-03,2.700152e-02
2.167824e-01,3.836075e-02,3.662007e-02,1.045664e-01,7.322355e-02,6.525427e-02,2.174492e-02,2.688012e-02,1.132905e-01,2.732429e-03,1.108182e-02,1.535358e-02,2.408320e-01,5.485552e-03,2.779157e-02
2.237952e-01,3.778086e-02,2.961339e-02,9.595837e-02,9.593982e-02,7.587242e-02,3.719455e-02,2.747267e-02,8.328748e-02,2.213176e-03,9.768046e-03,1.464353e-02,2.334080e-01,5.294109e-03,2.775843e-02
2.743882e-01,3.522480e-02,2.362687e-02,8.227922e-02,9.345386e-02,7.228905e-02,4.003245e-02,2.960840e-02,6.663910e-02,1.816719e-03,8.848052e-03,1.435670e-02,2.217985e-01,5.314620e-03,3.032346e-02
3.202361e-01,2.904152e-02,1.880949e-02,6.575674e-02,1.001578e-01,6.205768e-02,4.332122e-02,8.691822e-02,5.422039e-02,1.393928e-03,7.181296e-03,1.269659e-02,1.714035e-01,4.230292e-03,2.257522e-02
3.310232e-01,2.336882e-02,2.171519e-02,6.256429e-02,8.711549e-02,4.872941e-02,3.439119e-02,1.871125e-01,3.965589e-02,1.179798e-03,6.258718e-03,1.237444e-02,1.239543e-01,3.541599e-03,1.701525e-02
3.982347e-01,1.924920e-02,3.533785e-02,4.824388e-02,6.765373e-02,4.412004e-02,3.192056e-02,1.856413e-01,3.196011e-02,1.581422e-03,6.036851e-03,1.441815e-02,9.858768e-02,3.061019e-03,1.395353e-02
4.568528e-01,1.633373e-02,4.675329e-02,3.784212e-02,5.882037e-02,4.833872e-02,2.793396e-02,1.646248e-01,2.699326e-02,1.620072e-03,6.695107e-03,1.595459e-02,7.614809e-02,2.644717e-03,1.244445e-02
1.000000e+00,0.000000e+00,0.000000e+00,0.000000e+00,0.000000e+00,0.000000e+00,0.000000e+00,0.000000e+00,0.000000e+00,0.000000e+00,0.000000e+00,0.000000e+00,0.000000e+00,0.000000e+00,0.000000e+00
4.378960e-01,1.418155e-02,8.493590e-02,2.888158e-02,5.385032e-02,3.866054e-02,1.875934e-02,1.564681e-01,1.925589e-02,4.991883e-02,6.383857e-03,1.287523e-02,5.102758e-02,3.532055e-03,2.337329e-02
3.525684e-01,1.263183e-02,1.171562e-01,2.521663e-02,4.242903e-02,3.540616e-02,2.493542e-02,1.912639e-01,1.863482e-02,9.117822e-02,6.859756e-03,1.205657e-02,4.057541e-02,3.303261e-03,2.578437e-02
3.969978e-01,1.051197e-02,8.570620e-02,1.941568e-02,4.354449e-02,3.141139e-02,6.627184e-02,1.916835e-01,1.535962e-02,6.616738e-02,5.581396e-03,1.013479e-02,3.255361e-02,2.894587e-03,2.176566e-02
4.864193e-01,8.563531e-03,6.218698e-02,1.501889e-02,3.863725e-02,2.884330e-02,7.753394e-02,1.631297e-01,1.119382e-02,4.676912e-02,4.545703e-03,7.771388e-03,2.619813e-02,2.968078e-03,2.022086e-02
1.000000e+00,0.000000e+00,0.000000e+00,0.000000e+00,0.000000e+00,0.000000e+00,0.000000e+00,0.000000e+00,0.000000e+00,0.000000e+00,0.000000e+00,0.000000e+00,0.000000e+00,0.000000e+00,0.000000e+00
1.000000e+00,0.000000e+00,0.000000e+00,0.000000e+00,0.000000e+00,0.000000e+00,0.000000e+00,0.000000e+00,0.000000e+00,0.000000e+00,0.000000e+00,0.000000e+00,0.000000e+00,0.000000e+00,0.000000e+00
1.000000e+00,0.000000e+00,0.000000e+00,0.000000e+00,0.000000e+00,0.000000e+00,0.000000e+00,0.000000e+00,0.000000e+00,0.000000e+00,0.000000e+00,0.000000e+00,0.000000e+00,0.000000e+00,0.000000e+00
4.315571e-01,1.819291e-02,2.562591e-02,2.351212e-02,3.183139e-02,1.233339e-01,3.870625e-02,4.576728e-02,1.297339e-02,1.984597e-02,4.303832e-02,1.189188e-02,1.318222e-02,4.030284e-02,1.202384e-01
3.923912e-01,1.718578e-02,2.358786e-02,2.014942e-02,2.445174e-02,1.501722e-01,2.772006e-02,3.340893e-02,1.346536e-02,2.134009e-02,6.357008e-02,1.153379e-02,1.107563e-02,6.081936e-02,1.291284e-01
3.308653e-01,1.418725e-02,2.128695e-02,1.565686e-02,1.784914e-02,2.278907e-01,1.996656e-02,2.445750e-02,1.409225e-02,3.635545e-02,7.302692e-02,1.004974e-02,9.868864e-03,6.272844e-02,1.217180e-01
2.571333e-01,1.871018e-02,5.246689e-02,4.797280e-02,1.853395e-02,2.081793e-01,1.445262e-02,2.022099e-02,5.382493e-02,5.285286e-02,7.146844e-02,1.061805e-02,8.639330e-03,5.185767e-02,1.130686e-01
2.280384e-01,2.021476e-02,1.041324e-01,4.850180e-02,1.663488e-02,2.020793e-01,1.062036e-02,1.515755e-02,5.801705e-02,6.006021e-02,6.016345e-02,9.442586e-03,7.617071e-03,4.256226e-02,1.167580e-01
1.658949e-01,1.569648e-02,2.927253e-01,3.999508e-02,1.245729e-02,1.491070e-01,7.540813e-03,1.078783e-02,5.478574e-02,7.070763e-02,4.358554e-02,9.007264e-03,5.973179e-03,3.220696e-02,8.952891e-02
1.314149e-01,1.618392e-02,3.153401e-01,4.359948e-02,1.001350e-02,1.129742e-01,5.509087e-03,8.245582e-03,8.725739e-02,8.313654e-02,4.178387e-02,8.863728e-03,1.425769e-02,2.387729e-02,9.754273e-02
1.218700e-01,1.611425e-02,2.570266e-01,3.614999e-02,1.086083e-02,9.168129e-02,4.310051e-03,7.152391e-03,8.106256e-02,8.815543e-02,7.071339e-02,1.397553e-02,3.681007e-02,2.110637e-02,1.430112e-01
1.187610e-01,1.697085e-02,2.807306e-01,8.465996e-02,1.312510e-02,6.597508e-02,3.297823e-03,7.286365e-03,1.058033e-01,7.401246e-02,5.545983e-02,1.246222e-02,3.488655e-02,1.627175e-02,1.102971e-01
1.487246e-01,1.713314e-02,3.137505e-01,9.139787e-02,1.464209e-02,4.982929e-02,2.782959e-03,7.729265e-03,8.526964e-02,6.083837e-02,4.704621e-02,1.409427e-02,4.020568e-02,1.503377e-02,9.152234e-02
2.438948e-01,1.687506e-02,2.791921e-01,7.795814e-02,1.437405e-02,3.905861e-02,3.177879e-03,1.032221e-02,7.507360e-02,5.103687e-02,3.870012e-02,1.657313e-02,3.527262e-02,1.537168e-02,8.311914e-02
3.537199e-01,1.990810e-02,2.035124e-01,6.604899e-02,1.562254e-02,3.389195e-02,4.199242e-03,1.591087e-02,6.588446e-02,4.240016e-02,3.867102e-02,1.742366e-02,3.865041e-02,1.645353e-02,6.770267e-02
4.046890e-01,2.375074e-02,1.675071e-01,6.810583e-02,2.193013e-02,2.952228e-02,4.727506e-03,2.775703e-02,6.472540e-02,3.417324e-02,3.361028e-02,1.680429e-02,3.403700e-02,1.483321e-02,5.382690e-02
1.000000e+00,0.000000e+00,0.000000e+00,0.000000e+00,0.000000e+00,0.000000e+00,0.000000e+00,0.000000e+00,0.000000e+00,0.000000e+00,0.000000e+00,0.000000e+00,0.000000e+00,0.000000e+00,0.000000e+00
1.000000e+00,0.000000e+00,0.000000e+00,0.000000e+00,0.000000e+00,0.000000e+00,0.000000e+00,0.000000e+00,0.000000e+00,0.000000e+00,0.000000e+00,0.000000e+00,0.000000e+00,0.000000e+00,0.000000e+00
