1.000000e+00,0.000000e+00,0.000000e+00,0.000000e+00,0.000000e+00,0.000000e+00,0.000000e+00,0.000000e+00,0.000000e+00,0.000000e+00,0.000000e+00,0.000000e+00,0.000000e+00,0.000000e+00,0.000000e+00
1.000000e+00,0.000000e+00,0.000000e+00,0.000000e+00,0.000000e+00,0.000000e+00,0.000000e+00,0.000000e+00,0.000000e+00,0.000000e+00,0.000000e+00,0.000000e+00,0.000000e+00,0.000000e+00,0.000000e+00
1.000000e+00,0.000000e+00,0.000000e+00,0.000000e+00,0.000000e+00,0.000000e+00,0.000000e+00,0.000000e+00,0.000000e+00,0.000000e+00,0.000000e+00,0.000000e+00,0.000000e+00,0.000000e+00,0.000000e+00
1.000000e+00,0.000000e+00,0.000000e+00,0.000000e+00,0.000000e+00,0.000000e+00,0.000000e+00,0.000000e+00,0.000000e+00,0.000000e+00,0.000000e+00,0.000000e+00,0.000000e+00,0.000000e+00,0.000000e+00
1.000000e+00,0.000000e+00,0.000000e+00,0.000000e+00,0.000000e+00,0.000000e+00,0.000000e+00,0.000000e+00,0.000000e+00,0.000000e+00,0.000000e+00,0.000000e+00,0.000000e+00,0.000000e+00,0.000000e+00
1.000000e+00,0.000000e+00,0.000000e+00,0.000000e+00,0.000000e+00,0.000000e+00,0.000000e+00,0.000000e+00,0.000000e+00,0.000000e+00,0.000000e+00,0.000000e+00,0.000000e+00,0.000000e+00,0.000000e+00
1.000000e+00,0.000000e+00,0.000000e+00,0.000000e+00,0.000000e+00,0.000000e+00,0.000000e+00,0.000000e+00,0.000000e+00,0.000000e+00,0.000000e+00,0.000000e+00,0.000000e+00,0.000000e+00,0.000000e+00
1.000000e+00,0.000000e+00,0.000000e+00,0.000000e+00,0.000000e+00,0.000000e+00,0.000000e+00,0.000000e+00,0.000000e+00,0.000000e+00,0.000000e+00,0.000000e+00,0.000000e+00,0.000000e+00,0.000000e+00
1.000000e+00,0.000000e+00,0.000000e+00,0.000000e+00,0.000000e+00,0.000000e+00,0.000000e+00,0.000000e+00,0.000000e+00,0.000000e+00,0.000000e+00,0.000000e+00,0.000000e+00,0.000000e+00,0.000000e+00
1.000000e+00,0.000000e+00,0.000000e+00,0.000000e+00,0.000000e+00,0.000000e+00,0.000000e+00,0.000000e+00,0.000000e+00,0.000000e+00,0.000000e+00,0.000000e+00,0.000000e+00,0.000000e+00,0.000000e+00
1.000000e+00,0.000000e+00,0.000000e+00,0.000000e+00,0.000000e+00,0.000000e+00,0.000000e+00,0.000000e+00,0.000000e+00,0.000000e+00,0.000000e+00,0.000000e+00,0.000000e+00,0.000000e+00,0.000000e+00
1.000000e+00,0.000000e+00,0.000000e+00,0.000000e+00,0.000000e+00,0.000000e+00,0.000000e+00,0.000000e+00,0.000000e+00,0.000000e+00,0.000000e+00,0.000000e+00,0.000000e+00,0.000000e+00,0.000000e+00
1.000000e+00,0.000000e+00,0.000000e+00,0.000000e+00,0.000000e+00,0.000000e+00,0.000000e+00,0.000000e+00,0.000000e+00,0.000000e+00,0.000000e+00,0.000000e+00,0.000000e+00,0.000000e+00,0.000000e+00
1.000000e+00,0.000000e+00,0.000000e+00,0.000000e+00,0.000000e+00,0.000000e+00,0.000000e+00,0.000000e+00,0.000000e+00,0.000000e+00,0.000000e+00,0.000000e+00,0.000000e+00,0.000000e+00,0.000000e+00
1.000000e+00,0.000000e+00,0.000000e+00,0.000000e+00,0.000000e+00,0.000000e+00,0.000000e+00,0.000000e+00,0.000000e+00,0.000000e+00,0.000000e+00,0.000000e+00,0.000000e+00,0.000000e+00,0.000000e+00
1.000000e+00,0.000000e+00,0.000000e+00,0.000000e+00,0.000000e+00,0.000000e+00,0.000000e+00,0.000000e+00,0.000000e+00,0.000000e+00,0.000000e+00,0.000000e+00,0.000000e+00,0.000000e+00,0.000000e+00
1.000000e+00,0.000000e+00,0.000000e+00,0.000000e+00,0.000000e+00,0.000000e+00,0.000000e+00,0.000000e+00,0.000000e+00,0.000000e+00,0.000000e+00,0.000000e+00,0.000000e+00,0.000000e+00,0.000000e+00
1.000000e+00,0.000000e+00,0.000000e+00,0.000000e+00,0.000000e+00,0.000000e+00,0.000000e+00,0.000000e+00,0.000000e+00,0.000000e+00,0.000000e+00,0.000000e+00,0.000000e+00,0.000000e+00,0.000000e+00
1.000000e+00,0.000000e+00,0.000000e+00,0.000000e+00,0.000000e+00,0.000000e+00,0.000000e+00,0.000000e+00,0.000000e+00,0.000000e+00,0.000000e+00,0.000000e+00,0.000000e+00,0.000000e+00,0.000000e+00
1.000000e+00,0.000000e+00,0.000000e+00,0.000000e+00,0.000000e+00,0.000000e+00,0.000000e+00,0.000000e+00,0.000000e+00,0.000000e+00,0.000000e+00,0.000000e+00,0.000000e+00,0.000000e+00,0.000000e+00
1.000000e+00,0.000000e+00,0.000000e+00,0.000000e+00,0.000000e+00,0.000000e+00,0.000000e+00,0.000000e+00,0.000000e+00,0.000000e+00,0.000000e+00,0.000000e+00,0.000000e+00,0.000000e+00,0.000000e+00
1.000000e+00,0.000000e+00,0.000000e+00,0.000000e+00,0.000000e+00,0.000000e+00,0.000000e+00,0.000000e+00,0.000000e+00,0.000000e+00,0.000000e+00,0.000000e+00,0.000000e+00,0.000000e+00,0.000000e+00
1.000000e+00,0.000000e+00,0.000000e+00,0.000000e+00,0.000000e+00,0.000000e+00,0.000000e+00,0.000000e+00,0.000000e+00,0.000000e+00,0.000000e+00,0.000000e+00,0.000000e+00,0.000000e+00,0.000000e+00
1.000000e+00,0.000000e+00,0.000000e+00,0.000000e+00,0.000000e+00,0.000000e+00,0.000000e+00,0.000000e+00,0.000000e+00,0.000000e+00,0.000000e+00,0.000000e+00,0.000000e+00,0.000000e+00,0.000000e+00
1.000000e+00,0.000000e+00,0.000000e+00,0.000000e+00,0.000000e+00,0.000000e+00,0.000000e+00,0.000000e+00,0.000000e+00,0.000000e+00,0.000000e+00,0.000000e+00,0.000000e+00,0.000000e+00,0.000000e+00
1.000000e+00,0.000000e+00,0.000000e+00,0.000000e+00,0.000000e+00,0.000000e+00,0.000000e+00,0.000000e+00,0.000000e+00,0.000000e+00,0.000000e+00,0.000000e+00,0.000000e+00,0.000000e+00,0.000000e+00
1.000000e+00,0.000000e+00,0.000000e+00,0.000000e+00,0.000000e+00,0.000000e+00,0.000000e+00,0.000000e+00,0.000000e+00,0.000000e+00,0.000000e+00,0.000000e+00,0.000000e+00,0.000000e+00,0.000000e+00
1.000000e+00,0.000000e+00,0.000000e+00,0.000000e+00,0.000000e+00,0.000000e+00,0.000000e+00,0.000000e+00,0.000000e+00,0.000000e+00,0.000000e+00,0.000000e+00,0.000000e+00,0.000000e+00,0.000000e+00
1.000000e+00,0.000000e+00,0.000000e+00,0.000000e+00,0.000000e+00,0.000000e+00,0.000000e+00,0.000000e+00,0.000000e+00,0.000000e+00,0.000000e+00,0.000000e+00,0.000000e+00,0.000000e+00,0.000000e+00
1.000000e+00,0.000000e+00,0.000000e+00,0.000000e+00,0.000000e+00,0.000000e+00,0.000000e+00,0.000000e+00,0.000000e+00,0.000000e+00,0.000000e+00,0.000000e+00,0.000000e+00,0.000000e+00,0.000000e+00
1.000000e+00,0.000000e+00,0.000000e+00,0.000000e+00,0.000000e+00,0.000000e+00,0.000000e+00,0.000000e+00,0.000000e+00,0.000000e+00,0.000000e+00,0.000000e+00,0.000000e+00,0.000000e+00,0.000000e+00
1.000000e+00,0.000000e+00,0.000000e+00,0.000000e+00,0.000000e+00,0.000000e+00,0.000000e+00,0.000000e+00,0.000000e+00,0.000000e+00,0.000000e+00,0.000000e+00,0.000000e+00,0.000000e+00,0.000000e+00
3.836145e-01,3.461619e-02,7.445393e-03,2.185291e-01,6.799974e-03,2.422085e-02,4.596947e-03,1.001051e-02,1.394965e-02,3.484650e-03,1.422450e-01,5.433664e-02,6.776936e-02,3.076785e-03,2.530442e-02
2.713948e-01,2.433541e-02,5.285924e-03,1.695148e-01,6.710731e-03,1.748052e-02,3.270469e-03,7.327172e-03,1.103956e-02,6.167864e-03,2.167100e-01,6.579894e-02,1.701128e-01,6.414155e-03,1.843667e-02
2.992299e-01,1.790611e-02,3.864985e-03,1.457656e-01,1.522443e-02,2.905851e-02,3.783549e-03,6.088477e-03,2.668425e-02,5.696856e-03,1.635268e-01,1.148603e-01,1.417059e-01,1.171846e-02,1.488583e-02
2.652269e-01,1.307030e-02,3.001472e-03,1.147871e-01,1.967826e-02,3.656173e-02,4.946177e-03,6.207607e-03,2.548890e-02,6.109455e-03,1.387109e-01,2.277053e-01,1.098226e-01,1.711492e-02,1.156832e-02
2.041850e-01,9.758254e-03,2.214897e-03,8.426718e-02,1.672232e-02,3.178242e-02,3.731604e-03,4.630510e-03,2.855948e-02,9.062044e-03,1.273525e-01,3.389145e-01,9.180706e-02,3.721845e-02,9.793770e-03
1.462686e-01,7.668713e-03,1.899369e-03,6.132814e-02,1.377459e-02,2.596907e-02,2.752401e-03,3.374850e-03,2.808015e-02,1.388650e-02,2.235919e-01,3.571067e-01,7.208175e-02,3.281322e-02,9.403968e-03
1.060232e-01,6.236748e-03,2.079914e-03,4.727449e-02,2.043279e-02,2.554004e-02,2.206493e-03,3.283230e-03,2.880197e-02,1.541665e-02,2.566716e-01,3.872635e-01,5.736862e-02,3.276567e-02,8.634998e-03
7.835343e-02,4.711935e-03,1.762647e-03,4.478163e-02,2.454809e-02,2.665964e-02,1.671610e-03,2.768535e-03,2.367557e-02,1.386658e-02,2.361322e-01,4.651085e-01,4.244693e-02,2.597539e-02,7.537247e-03
5.556695e-02,3.600609e-03,1.445234e-03,3.545358e-02,2.575742e-02,2.105502e-02,1.220576e-03,2.152901e-03,1.864143e-02,1.383505e-02,1.818719e-01,5.834520e-01,3.082254e-02,1.923686e-02,5.887994e-03
3.933300e-02,2.746335e-03,1.119293e-03,2.700896e-02,2.596518e-02,1.665662e-02,8.868998e-04,1.830030e-03,1.523278e-02,1.088527e-02,1.513523e-01,6.664886e-01,2.214210e-02,1.403321e-02,4.319523e-03
2.806209e-02,2.102570e-03,9.358414e-04,1.983635e-02,2.472172e-02,1.275010e-02,6.507345e-04,1.444196e-03,1.141012e-02,8.075466e-03,1.220975e-01,7.382277e-01,1.568560e-02,1.082846e-02,3.171638e-03
2.162302e-02,2.478316e-03,9.987503e-04,1.489645e-02,3.034195e-02,9.605945e-03,5.138075e-04,1.404697e-03,1.060372e-02,6.334745e-03,9.368190e-02,7.850943e-01,1.120409e-02,8.751455e-03,2.466908e-03
1.652756e-02,3.473623e-03,1.734144e-03,1.063025e-02,2.759302e-02,6.947284e-03,4.347485e-04,1.631239e-03,9.969304e-03,5.208113e-03,7.431240e-02,8.249673e-01,8.045004e-03,6.660163e-03,1.865898e-03
1.388542e-02,3.130733e-03,2.376576e-03,8.009509e-03,2.148755e-02,5.645955e-03,5.723960e-04,3.191676e-03,8.957380e-03,5.089475e-03,5.993867e-02,8.553867e-01,5.747630e-03,5.131101e-03,1.449220e-03
1.247868e-02,2.926892e-03,2.788039e-03,5.843931e-03,1.587851e-02,4.531190e-03,5.146068e-04,3.636306e-03,8.017041e-03,4.512239e-03,5.683539e-02,8.722378e-01,4.168147e-03,4.442249e-03,1.188946e-03
1.105367e-02,6.852042e-03,7.300343e-03,4.409052e-03,2.890858e-02,4.398643e-03,6.407436e-04,9.018475e-03,2.026291e-02,4.746216e-03,5.233535e-02,8.417252e-01,3.393993e-03,3.747814e-03,1.206907e-03
9.236875e-03,5.652278e-03,5.822837e-03,3.338541e-03,2.462531e-02,4.570811e-03,7.097987e-04,1.256582e-02,2.338430e-02,4.567093e-03,4.180966e-02,8.568194e-01,2.757853e-03,3.096346e-03,1.043027e-03
1.093944e-02,6.271203e-03,4.779957e-03,2.462747e-03,3.054763e-02,4.669858e-03,1.310653e-03,1.346051e-02,1.061586e-01,5.079069e-03,3.530858e-02,7.728836e-01,2.607619e-03,2.569520e-03,9.509980e-04
8.379732e-03,1.151903e-02,4.067854e-03,1.784064e-03,2.493470e-02,3.889041e-03,1.151621e-03,1.176461e-02,2.204028e-01,6.822595e-03,4.030056e-02,6.578113e-01,3.823693e-03,2.306986e-03,1.041414e-03
6.802292e-03,1.203076e-02,3.076165e-03,1.280919e-03,4.989654e-02,4.402633e-03,1.225471e-03,1.019743e-02,3.778567e-01,6.784024e-03,3.749480e-02,4.805757e-01,5.688884e-03,1.893352e-03,7.942726e-04
7.591202e-03,1.069601e-02,3.154214e-03,1.089789e-03,8.402927e-02,4.733145e-03,1.517290e-03,2.544580e-02,4.390180e-01,7.879116e-03,3.606760e-02,3.675936e-01,8.597398e-03,1.895043e-03,6.925280e-04
7.155188e-03,9.359418e-03,2.980116e-03,1.086000e-03,8.953112e-02,7.081975e-03,1.510428e-03,5.232636e-02,5.095260e-01,6.403025e-03,2.934673e-02,2.716376e-01,9.721081e-03,1.669684e-03,6.651997e-04
1.155870e-02,7.572091e-03,7.392532e-03,3.528902e-03,9.722356e-02,6.548875e-03,1.489308e-03,1.644176e-01,4.704457e-01,5.395595e-03,2.287776e-02,1.912716e-01,8.209149e-03,1.463665e-03,6.049101e-04
1.422268e-02,1.082578e-02,8.135680e-03,4.587406e-03,1.149714e-01,7.634602e-03,1.406310e-03,1.296217e-01,5.405189e-01,5.050851e-03,1.893047e-02,1.351619e-01,6.167694e-03,2.094305e-03,6.702171e-04
1.502967e-02,1.180915e-02,7.048532e-03,4.042926e-03,1.207279e-01,7.381190e-03,1.408812e-03,1.058253e-01,6.053777e-01,4.106401e-03,1.490690e-02,9.530202e-02,4.583515e-03,1.844455e-03,6.054534e-04
1.977121e-02,2.088597e-02,6.474194e-03,5.466082e-03,1.530964e-01,1.146705e-02,1.662173e-03,8.768647e-02,6.023847e-01,4.390367e-03,1.191298e-02,6.733897e-02,3.611711e-03,1.869144e-03,1.982458e-03
2.352662e-02,4.612495e-02,5.952179e-03,8.079508e-03,1.582779e-01,1.548061e-02,1.646909e-03,6.881085e-02,6.011328e-01,4.483270e-03,1.000673e-02,4.826157e-02,3.188160e-03,1.909154e-03,3.118809e-03
2.935076e-02,4.257795e-02,5.624801e-03,3.935838e-02,1.954253e-01,1.278807e-02,2.268320e-03,7.725486e-02,5.409002e-01,3.669731e-03,8.673241e-03,3.479237e-02,2.798160e-03,1.488442e-03,3.029361e-03
4.966567e-02,3.856439e-02,5.432249e-03,4.466815e-02,1.949368e-01,1.099542e-02,2.026533e-03,9.892286e-02,5.071798e-01,4.045778e-03,8.259758e-03,2.686901e-02,2.965221e-03,1.345582e-03,4.122726e-03
7.474911e-02,3.541760e-02,5.666683e-03,5.400885e-02,1.828177e-01,9.385329e-03,2.072871e-03,9.394466e-02,4.951509e-01,3.672499e-03,9.463250e-03,2.391498e-02,3.943005e-03,1.231452e-03,4.561068e-03
1.615418e-01,4.020121e-02,5.726294e-03,7.373871e-02,1.445040e-01,1.064982e-02,2.389363e-03,8.110243e-02,4.088444e-01,3.482123e-03,1.444200e-02,3.541759e-02,8.412947e-03,2.091448e-03,7.455782e-03
2.004845e-01,4.231255e-02,5.735897e-03,7.531567e-02,1.202130e-01,1.072583e-02,2.543109e-03,6.364008e-02,3.935995e-01,3.370656e-03,1.871045e-02,3.914689e-02,1.121363e-02,2.843291e-03,1.014493e-02
2.212597e-01,3.886957e-02,5.804065e-03,1.178858e-01,1.206746e-01,1.175500e-02,4.512599e-03,5.125065e-02,3.269186e-01,3.345146e-03,1.972071e-02,4.527504e-02,1.702055e-02,2.814928e-03,1.289301e-02
2.546595e-01,3.398805e-02,5.008022e-03,1.309751e-01,1.018527e-01,1.258927e-02,5.697872e-03,4.261837e-02,2.925103e-01,2.844640e-03,2.395722e-02,5.802472e-02,1.889048e-02,3.610894e-03,1.277289e-02
2.950839e-01,3.079332e-02,4.952261e-03,1.270423e-01,8.687879e-02,1.260358e-02,5.881606e-03,3.327644e-02,2.727011e-01,2.689063e-03,2.843144e-02,6.254503e-02,1.864808e-02,4.736653e-03,1.373644e-02
3.411214e-01,2.983763e-02,6.151557e-03,1.342783e-01,7.030395e-02,1.715517e-02,7.586130e-03,2.932572e-02,2.021204e-01,2.597241e-03,3.397440e-02,7.844722e-02,2.280827e-02,7.004541e-03,1.728802e-02
3.700161e-01,3.079847e-02,7.179659e-03,1.357269e-01,5.699983e-02,2.055076e-02,7.464313e-03,2.665084e-02,1.588280e-01,2.761198e-03,3.956886e-02,8.687189e-02,2.383945e-02,9.938732e-03,2.280491e-02
3.795563e-01,3.306341e-02,8.323260e-03,1.422680e-01,5.166966e-02,2.125163e-02,6.717405e-03,2.273687e-02,1.289040e-01,2.843522e-03,4.199231e-02,1.008347e-01,2.612112e-02,9.383434e-03,2.433428e-02
3.364361e-01,3.071767e-02,1.852026e-02,2.013521e-01,4.381746e-02,2.444249e-02,7.587133e-03,3.879675e-02,1.000186e-01,2.779764e-03,3.881158e-02,1.003058e-01,2.552417e-02,9.177016e-03,2.171306e-02
3.661619e-01,3.224235e-02,2.180834e-02,1.957518e-01,3.666152e-02,2.634731e-02,8.060241e-03,3.956275e-02,7.626735e-02,2.890795e-03,3.487794e-02,1.013556e-01,2.702897e-02,9.187743e-03,2.179537e-02
4.175084e-01,3.358494e-02,2.100866e-02,1.671531e-01,3.166840e-02,2.765249e-02,8.024557e-03,3.250329e-02,5.936465e-02,3.540379e-03,3.658669e-02,9.805331e-02,2.590814e-02,1.143480e-02,2.600826e-02
4.579298e-01,3.513654e-02,1.862921e-02,1.445906e-01,2.669627e-02,2.779496e-02,8.084580e-03,2.725677e-02,4.952781e-02,3.646394e-03,3.695134e-02,9.853300e-02,2.512049e-02,1.139605e-02,2.870610e-02
1.000000e+00,0.000000e+00,0.000000e+00,0.000000e+00,0.000000e+00,0.000000e+00,0.000000e+00,0.000000e+00,0.000000e+00,0.000000e+00,0.000000e+00,0.000000e+00,0.000000e+00,0.000000e+00,0.000000e+00
4.976891e-01,4.247280e-02,1.586331e-02,1.246401e-01,2.291088e-02,6.358841e-02,7.062151e-03,3.346024e-02,2.949163e-02,2.828602e-03,3.311745e-02,7.166055e-02,2.321283e-02,8.417869e-03,2.358413e-02
4.667053e-01,4.512068e-02,1.635872e-02,1.077758e-01,2.013402e-02,1.175356e-01,7.146060e-03,2.781696e-02,2.368714e-02,4.630952e-03,3.612408e-02,6.874771e-02,2.361588e-02,7.698882e-03,2.690225e-02
1.000000e+00,0.000000e+00,0.000000e+00,0.000000e+00,0.000000e+00,0.000000e+00,0.000000e+00,0.000000e+00,0.000000e+00,0.000000e+00,0.000000e+00,0.000000e+00,0.000000e+00,0.000000e+00,0.000000e+00
4.341297e-01,5.500351e-02,1.594976e-02,1.087119e-01,1.437906e-02,1.597599e-01,4.708262e-03,1.574668e-02,2.399537e-02,1.140669e-02,3.217350e-02,5.594383e-02,2.640926e-02,7.954307e-03,3.372815e-02
4.304814e-01,4.811949e-02,1.594279e-02,9.030350e-02,1.235915e-02,1.640385e-01,4.085455e-03,1.343212e-02,4.235315e-02,8.636354e-03,3.817599e-02,4.440811e-02,2.694293e-02,2.834990e-02,3.237112e-02
1.000000e+00,0.000000e+00,0.000000e+00,0.000000e+00,0.000000e+00,0.000000e+00,0.000000e+00,0.000000e+00,0.000000e+00,0.000000e+00,0.000000e+00,0.000000e+00,0.000000e+00,0.000000e+00,0.000000e+00
1.000000e+00,0.000000e+00,0.000000e+00,0.000000e+00,0.000000e+00,0.000000e+00,0.000000e+00,0.000000e+00,0.000000e+00,0.000000e+00,0.000000e+00,0.000000e+00,0.000000e+00,0.000000e+00,0.000000e+00
1.000000e+00,0.000000e+00,0.000000e+00,0.000000e+00,0.000000e+00,0.000000e+00,0.000000e+00,0.000000e+00,0.000000e+00,0.000000e+00,0.000000e+00,0.000000e+00,0.000000e+00,0.000000e+00,0.000000e+00
1.000000e+00,0.000000e+00,0.000000e+00,0.000000e+00,0.000000e+00,0.000000e+00,0.000000e+00,0.000000e+00,0.000000e+00,0.000000e+00,0.000000e+00,0.000000e+00,0.000000e+00,0.000000e+00,0.000000e+00
1.000000e+00,0.000000e+00,0.000000e+00,0.000000e+00,0.000000e+00,0.000000e+00,0.000000e+00,0.000000e+00,0.000000e+00,0.000000e+00,0.000000e+00,0.000000e+00,0.000000e+00,0.000000e+00,0.000000e+00
1.000000e+00,0.000000e+00,0.000000e+00,0.000000e+00,0.000000e+00,0.000000e+00,0.000000e+00,0.000000e+00,0.000000e+00,0.000000e+00,0.000000e+00,0.000000e+00,0.000000e+00,0.000000e+00,0.000000e+00
1.000000e+00,0.000000e+00,0.000000e+00,0.000000e+00,0.000000e+00,0.000000e+00,0.000000e+00,0.000000e+00,0.000000e+00,0.000000e+00,0.000000e+00,0.000000e+00,0.000000e+00,0.000000e+00,0.000000e+00
4.402408e-01,1.432528e-02,5.682128e-03,1.206414e-02,4.405102e-03,2.687522e-02,3.248264e-03,3.874016e-03,6.424431e-02,4.083541e-02,1.144559e-01,1.002071e-02,1.240141e-02,2.303608e-01,1.696642e-02
4.049365e-01,1.652859e-02,6.468442e-03,1.013537e-02,4.415339e-03,2.328959e-02,2.708802e-03,3.556113e-03,7.973474e-02,4.479843e-02,1.356771e-01,7.849325e-03,9.597602e-03,2.335147e-01,1.678941e-02
3.688765e-01,1.581427e-02,7.208109e-03,8.140424e-03,5.327894e-03,2.135638e-02,2.188019e-03,3.259146e-03,1.007893e-01,4.887148e-02,1.431046e-01,6.314257e-03,7.659816e-03,2.444165e-01,1.667331e-02
2.874973e-01,1.393317e-02,5.637521e-03,6.078912e-03,5.120882e-03,1.590152e-02,1.633528e-03,2.480371e-03,1.433609e-01,4.636049e-02,1.241686e-01,5.202434e-03,5.887046e-03,3.215361e-01,1.520124e-02
2.226510e-01,1.297105e-02,5.542373e-03,4.610186e-03,5.591094e-03,1.226038e-02,1.250303e-03,2.021959e-03,1.791020e-01,3.870478e-02,1.061869e-01,4.767250e-03,5.126149e-03,3.860517e-01,1.316298e-02
2.362636e-01,1.168665e-02,5.165295e-03,3.680637e-03,5.293887e-03,1.283021e-02,1.230220e-03,1.768995e-03,1.648656e-01,3.052807e-02,8.739667e-02,5.178042e-03,4.887115e-03,4.178817e-01,1.134326e-02
2.613460e-01,1.258673e-02,5.344155e-03,3.236129e-03,4.775556e-03,1.398055e-02,1.226965e-03,1.524945e-03,1.518157e-01,2.307544e-02,6.991458e-02,5.374117e-03,4.880784e-03,4.302599e-01,1.065837e-02
2.023770e-01,1.094960e-02,4.951049e-03,2.593041e-03,4.729857e-03,1.142182e-02,9.257068e-04,1.186160e-03,2.240247e-01,1.702051e-02,6.021309e-02,4.251521e-03,4.061515e-03,4.421447e-01,9.149718e-03
1.522095e-01,8.167593e-03,3.660819e-03,1.934859e-03,3.641809e-03,1.011333e-02,6.712161e-04,8.640686e-04,2.456917e-01,1.234169e-02,4.732385e-02,4.074431e-03,3.579941e-03,4.972362e-01,8.488992e-03
1.094393e-01,6.651710e-03,3.451282e-03,1.542902e-03,3.028063e-03,8.761114e-03,4.973491e-04,6.512293e-04,2.817217e-01,9.117833e-03,3.662084e-02,3.258163e-03,2.870396e-03,5.250976e-01,7.290510e-03
7.950512e-02,5.839234e-03,5.354744e-03,1.759721e-03,3.121535e-03,1.129317e-02,3.786453e-04,5.874131e-04,3.560973e-01,7.312804e-03,3.138055e-02,2.655016e-03,2.608548e-03,4.839687e-01,8.137506e-03
6.319192e-02,4.609825e-03,4.463698e-03,1.981614e-03,2.774561e-03,1.079701e-02,2.878683e-04,4.630094e-04,3.693788e-01,6.567288e-03,2.610448e-02,2.270533e-03,2.334927e-03,4.950263e-01,9.748095e-03
4.549843e-02,3.598573e-03,3.404264e-03,1.721766e-03,2.234190e-03,8.147910e-03,2.074323e-04,3.484167e-04,4.104151e-01,5.363915e-03,2.917020e-02,1.817547e-03,2.204163e-03,4.767704e-01,9.097608e-03
3.220021e-02,2.684563e-03,2.445079e-03,1.342879e-03,1.680084e-03,5.930646e-03,1.473625e-04,2.517738e-04,4.666008e-01,4.196370e-03,2.606103e-02,1.371398e-03,1.776076e-03,4.458604e-01,7.451358e-03
2.349314e-02,3.489035e-03,3.068250e-03,3.128772e-03,3.680583e-03,5.730032e-03,1.298681e-04,5.884105e-04,5.764077e-01,3.216647e-03,2.299303e-02,1.097416e-03,1.674570e-03,3.450233e-01,6.279240e-03
1.948642e-02,4.778547e-03,5.048361e-03,2.686441e-03,4.744883e-03,1.269962e-02,1.110619e-04,7.805027e-04,5.908235e-01,3.300634e-03,1.990095e-02,9.285879e-04,1.590123e-03,3.230857e-01,1.003467e-02
1.954612e-02,3.965308e-03,4.842968e-03,2.228155e-03,6.824763e-03,1.645853e-02,9.707230e-05,8.541596e-04,5.900837e-01,3.656934e-03,1.535365e-02,7.170030e-04,1.298013e-03,3.138282e-01,2.024537e-02
1.831147e-02,6.259942e-03,4.582398e-02,2.569079e-02,1.231401e-02,1.455465e-02,9.651625e-05,1.812540e-03,5.472699e-01,5.243521e-03,1.221272e-02,7.725778e-04,1.411501e-03,2.440445e-01,6.418136e-02
3.114481e-02,6.618658e-03,6.325094e-02,2.136682e-02,2.117771e-02,1.272632e-02,1.658369e-04,1.840060e-03,5.233092e-01,5.123637e-03,1.229981e-02,8.355411e-04,1.877032e-03,2.234042e-01,7.485943e-02
4.131147e-02,8.459639e-03,6.439012e-02,3.541228e-02,4.403994e-02,1.169247e-02,3.543648e-04,6.185092e-03,4.948017e-01,4.914551e-03,1.311854e-02,1.195314e-03,2.663672e-03,2.084210e-01,6.303984e-02
4.907276e-02,7.460974e-03,6.737314e-02,3.387418e-02,3.372312e-02,1.089708e-02,2.793819e-04,4.667597e-03,4.707963e-01,9.124823e-03,1.634836e-02,1.544082e-03,3.359976e-03,1.661681e-01,1.253102e-01
4.705037e-02,6.675833e-03,5.904385e-02,2.817567e-02,2.452115e-02,9.101128e-03,2.188822e-04,3.834716e-03,4.749689e-01,1.436872e-02,1.445151e-02,1.613852e-03,4.155853e-03,1.276440e-01,1.841756e-01
4.833873e-02,5.057624e-03,1.204015e-01,2.685162e-02,1.808234e-02,7.053324e-03,1.756409e-04,3.170808e-03,4.903499e-01,1.953657e-02,1.317376e-02,1.423297e-03,3.791179e-03,9.335548e-02,1.492382e-01
3.569939e-02,4.222265e-03,1.243533e-01,2.279794e-02,1.291775e-02,5.212832e-03,1.460043e-04,2.329020e-03,4.568977e-01,1.759979e-02,6.083446e-02,2.832985e-03,1.892281e-02,8.694573e-02,1.482881e-01
2.623793e-02,3.663546e-03,9.360869e-02,2.261461e-02,9.952186e-03,4.294477e-03,2.240190e-04,1.789708e-03,4.292770e-01,1.657985e-02,8.645155e-02,5.740668e-03,9.458073e-02,6.930782e-02,1.356773e-01
1.849129e-02,2.640488e-03,6.614183e-02,2.028991e-02,7.434109e-03,3.172680e-03,2.867291e-04,1.388610e-03,3.925290e-01,1.453034e-02,8.350541e-02,1.208165e-02,2.123747e-01,5.028754e-02,1.148457e-01
1.311992e-02,1.906558e-03,4.660673e-02,1.571494e-02,5.840324e-03,2.404843e-03,2.945479e-04,1.254279e-03,3.123530e-01,1.231961e-02,9.586143e-02,1.399881e-02,3.193974e-01,3.726400e-02,1.216636e-01
9.462965e-03,1.386175e-03,3.291835e-02,1.140173e-02,5.663554e-03,1.738112e-03,4.519334e-04,1.028722e-03,2.507606e-01,1.155100e-02,1.081363e-01,1.628817e-02,3.402617e-01,2.908077e-02,1.798700e-01
6.644136e-03,1.110944e-03,2.386951e-02,8.011773e-03,6.385993e-02,1.240486e-03,1.325249e-03,9.186685e-04,1.776660e-01,8.605957e-03,8.128928e-02,1.180561e-02,3.909637e-01,2.075649e-02,2.019323e-01
4.693004e-03,8.004744e-04,1.701064e-02,5.630025e-03,1.107653e-01,9.946073e-04,1.533725e-03,2.882687e-03,1.258727e-01,6.261414e-03,6.326417e-02,8.924080e-03,4.092851e-01,1.546807e-02,2.266139e-01
3.464743e-03,7.188980e-04,1.221040e-02,4.131114e-03,1.158516e-01,2.428749e-03,2.040796e-03,2.323554e-03,9.255406e-02,5.042481e-03,4.810592e-02,1.013585e-02,4.353959e-01,1.512940e-02,2.504665e-01
2.536576e-03,5.421590e-04,8.831670e-03,2.986363e-03,9.131790e-02,2.769036e-03,2.164094e-03,2.045935e-03,6.685244e-02,3.837550e-03,3.891292e-02,1.077406e-02,4.687847e-01,1.295273e-02,2.846919e-01
1.869032e-03,5.046430e-04,7.118410e-03,2.181397e-03,8.605161e-02,2.770564e-03,2.890652e-03,1.769683e-03,4.781075e-02,2.996923e-03,3.493751e-02,1.286639e-02,5.396455e-01,1.002495e-02,2.465620e-01
1.446925e-03,3.922217e-04,5.772752e-03,1.612198e-03,6.972335e-02,2.282673e-03,6.848163e-03,1.820264e-03,3.494648e-02,3.137300e-03,3.592086e-02,2.405236e-02,5.581253e-01,9.323809e-03,2.445954e-01
1.242843e-03,3.383084e-04,4.602475e-03,1.306225e-03,6.317377e-02,1.936468e-03,6.175513e-03,2.929918e-03,2.552991e-02,3.035329e-03,3.403648e-02,3.212200e-02,5.637245e-01,8.303843e-03,2.515424e-01
1.183497e-03,4.977597e-04,8.377057e-03,9.785597e-04,8.421470e-02,1.783650e-03,1.128472e-02,3.399219e-03,1.865009e-02,2.662275e-03,4.735728e-02,1.093277e-01,5.058295e-01,6.877635e-03,1.975764e-01
1.400109e-03,4.860123e-04,1.245041e-02,7.361111e-04,7.911114e-02,1.767827e-03,1.412497e-02,3.651764e-03,1.342877e-02,2.228131e-03,5.602162e-02,2.042756e-01,4.286645e-01,6.479087e-03,1.751739e-01
2.365062e-03,4.064539e-04,6.104707e-02,5.664720e-04,6.601433e-02,1.434922e-03,1.694897e-02,3.085539e-02,9.619526e-03,1.733666e-03,4.722272e-02,3.023193e-01,3.310722e-01,5.073917e-03,1.233199e-01
6.283594e-03,4.580361e-04,6.092693e-02,4.338019e-04,5.895672e-02,2.427089e-03,1.386372e-02,2.743170e-02,6.821125e-03,1.274327e-03,3.410909e-02,4.572938e-01,2.393141e-01,3.886841e-03,8.651911e-02
8.084130e-03,1.905199e-03,1.928766e-01,3.376532e-04,5.574091e-02,2.094525e-03,1.303394e-02,2.180548e-02,5.012766e-03,9.964746e-04,2.430759e-02,4.411881e-01,1.690852e-01,2.858152e-03,6.067327e-02
1.153554e-02,2.037355e-03,3.554742e-01,3.230970e-04,4.186743e-02,3.583280e-03,1.381297e-02,2.790757e-02,3.636919e-03,8.008946e-04,1.723657e-02,3.571117e-01,1.194576e-01,2.303062e-03,4.291173e-02
1.742797e-02,1.710248e-03,3.904245e-01,4.420553e-04,3.279359e-02,8.615145e-03,1.410488e-02,6.266463e-02,2.820152e-03,6.961289e-04,1.231990e-02,3.351849e-01,8.555751e-02,2.667497e-03,3.257082e-02
1.973045e-02,1.425488e-03,3.617735e-01,8.333600e-04,2.739638e-02,7.405360e-03,1.214682e-02,1.623514e-01,2.644948e-03,5.437225e-04,8.969861e-03,2.942357e-01,7.149590e-02,3.322626e-03,2.572446e-02
3.386406e-02,3.026363e-03,3.727647e-01,1.464672e-03,2.447591e-02,6.556957e-03,1.180758e-02,1.211599e-01,3.800932e-03,5.174332e-04,6.544275e-03,2.670471e-01,5.490445e-02,2.573525e-02,6.633039e-02
5.944121e-02,2.633482e-03,3.899052e-01,3.120698e-03,2.081615e-02,5.031373e-03,9.431867e-03,1.082350e-01,6.137804e-03,5.165903e-04,5.017839e-03,2.168442e-01,3.984083e-02,5.074077e-02,8.228701e-02
8.322652e-02,2.997363e-03,3.836212e-01,1.789250e-02,2.126222e-02,4.987004e-03,7.382697e-03,1.205538e-01,1.348827e-02,7.280518e-04,4.064663e-03,1.703574e-01,2.880420e-02,5.763506e-02,8.299897e-02
9.900153e-02,3.461153e-03,3.156642e-01,1.585368e-02,2.113319e-02,6.075540e-03,6.196477e-03,1.184512e-01,2.219616e-02,1.583051e-03,3.589369e-03,1.462031e-01,2.123648e-02,1.173698e-01,1.019850e-01
9.601438e-02,4.971040e-03,3.623105e-01,1.314195e-02,2.983740e-02,5.575270e-03,4.550624e-03,8.729332e-02,4.984899e-02,1.841814e-03,3.513890e-03,1.034270e-01,1.567971e-02,1.070016e-01,1.149926e-01
1.165807e-01,6.107020e-03,3.077829e-01,1.503763e-02,3.514359e-02,9.029103e-03,3.625721e-03,6.919608e-02,6.236392e-02,2.310391e-03,3.806274e-03,7.331632e-02,1.230921e-02,8.984202e-02,1.935491e-01
1.347123e-01,7.030253e-03,2.681153e-01,1.278873e-02,4.550169e-02,1.082720e-02,2.797924e-03,5.412387e-02,7.538086e-02,3.187314e-03,3.628271e-03,5.192423e-02,9.164442e-03,7.866117e-02,2.421564e-01
1.339695e-01,9.708483e-03,2.161609e-01,1.033055e-02,4.074968e-02,1.142443e-02,2.176015e-03,3.924035e-02,8.533221e-02,8.345926e-03,3.532495e-03,3.655704e-02,6.906364e-03,8.059169e-02,3.149744e-01
1.238938e-01,1.547180e-02,2.299853e-01,1.385004e-02,3.656152e-02,1.086317e-02,1.811108e-03,3.172885e-02,9.214680e-02,1.314369e-02,3.261585e-03,2.602222e-02,5.571298e-03,7.129347e-02,3.243954e-01
1.265901e-01,2.169810e-02,2.186712e-01,2.189774e-02,2.853727e-02,1.013685e-02,1.480313e-03,2.354405e-02,9.412102e-02,1.290894e-02,3.152962e-03,1.832345e-02,4.424963e-03,6.556593e-02,3.489472e-01
1.510992e-01,2.721275e-02,1.784790e-01,1.865699e-02,2.650419e-02,1.383816e-02,1.355770e-03,1.930773e-02,1.009722e-01,1.106192e-02,2.937890e-03,1.298591e-02,3.479955e-03,7.700556e-02,3.551028e-01
1.244143e-01,3.624315e-02,1.637257e-01,2.039883e-02,2.268474e-02,1.204499e-02,1.044921e-03,1.413791e-02,9.464625e-02,1.429760e-02,2.516564e-03,9.187504e-03,2.569394e-03,6.365900e-02,4.184291e-01
1.159799e-01,3.127015e-02,2.022204e-01,1.936647e-02,1.795325e-02,1.103631e-02,8.203252e-04,1.039059e-02,9.989086e-02,1.680980e-02,2.628910e-03,6.638679e-03,1.959223e-03,6.876933e-02,3.942658e-01
1.230117e-01,3.300154e-02,2.422214e-01,1.798300e-02,1.571052e-02,1.064054e-02,7.430561e-04,8.222186e-03,9.389517e-02,1.915217e-02,2.506912e-03,4.979340e-03,1.554506e-03,7.482637e-02,3.515516e-01
1.569896e-01,2.958525e-02,2.245089e-01,1.643026e-02,2.700080e-02,1.005680e-02,6.191432e-04,9.733109e-03,1.237174e-01,1.865252e-02,3.291008e-03,3.847033e-03,1.253515e-03,7.388666e-02,3.004280e-01
2.202528e-01,2.681185e-02,1.856601e-01,1.567470e-02,2.137718e-02,9.708432e-03,8.710616e-04,7.797292e-03,1.308928e-01,2.225700e-02,4.013496e-03,4.045366e-03,1.388026e-03,8.553125e-02,2.637186e-01
2.939988e-01,2.582317e-02,1.552242e-01,1.738506e-02,1.865406e-02,1.010662e-02,1.239931e-03,7.282165e-03,1.586386e-01,2.051864e-02,4.615145e-03,4.350743e-03,1.438038e-03,7.195344e-02,2.087713e-01
4.074175e-01,2.669000e-02,1.126452e-01,1.730923e-02,1.477321e-02,1.170612e-02,1.340019e-03,6.766403e-03,1.464282e-01,1.643110e-02,5.485737e-03,5.558174e-03,1.886734e-03,5.865197e-02,1.669104e-01
1.000000e+00,0.000000e+00,0.000000e+00,0.000000e+00,0.000000e+00,0.000000e+00,0.000000e+00,0.000000e+00,0.000000e+00,0.000000e+00,0.000000e+00,0.000000e+00,0.000000e+00,0.000000e+00,0.000000e+00
1.000000e+00,0.000000e+00,0.000000e+00,0.000000e+00,0.000000e+00,0.000000e+00,0.000000e+00,0.000000e+00,0.000000e+00,0.000000e+00,0.000000e+00,0.000000e+00,0.000000e+00,0.000000e+00,0.000000e+00
1.000000e+00,0.000000e+00,0.000000e+00,0.000000e+00,0.000000e+00,0.000000e+00,0.000000e+00,0.000000e+00,0.000000e+00,0.000000e+00,0.000000e+00,0.000000e+00,0.000000e+00,0.000000e+00,0.000000e+00
1.000000e+00,0.000000e+00,0.000000e+00,0.000000e+00,0.000000e+00,0.000000e+00,0.000000e+00,0.000000e+00,0.000000e+00,0.000000e+00,0.000000e+00,0.000000e+00,0.000000e+00,0.000000e+00,0.000000e+00
1.000000e+00,0.000000e+00,0.000000e+00,0.000000e+00,0.000000e+00,0.000000e+00,0.000000e+00,0.000000e+00,0.000000e+00,0.000000e+00,0.000000e+00,0.000000e+00,0.000000e+00,0.000000e+00,0.000000e+00
1.000000e+00,0.000000e+00,0.000000e+00,0.000000e+00,0.000000e+00,0.000000e+00,0.000000e+00,0.000000e+00,0.000000e+00,0.000000e+00,0.000000e+00,0.000000e+00,0.000000e+00,0.000000e+00,0.000000e+00
4.712660e-01,2.455498e-02,1.378666e-01,1.244567e-01,5.168749e-03,8.718515e-03,1.435833e-03,8.460457e-03,4.004525e-02,1.144656e-02,6.776297e-03,1.065760e-02,9.913936e-03,1.324813e-02,1.259844e-01
3.654304e-01,2.397134e-02,1.751960e-01,1.002602e-01,4.305936e-03,8.075086e-03,1.109587e-03,9.215269e-03,4.320836e-02,2.013419e-02,9.852717e-03,8.543518e-03,1.749319e-02,1.101025e-02,2.021940e-01
3.318425e-01,2.219120e-02,1.285744e-01,8.594270e-02,3.599075e-03,1.107458e-02,8.885573e-04,7.827357e-03,8.060881e-02,2.324460e-02,3.342148e-02,8.819385e-03,4.003590e-02,1.008243e-02,2.118470e-01
2.847840e-01,2.701158e-02,9.439698e-02,7.564364e-02,2.969434e-02,1.156291e-02,1.278592e-03,1.716515e-02,1.304345e-01,1.813220e-02,4.651925e-02,8.399429e-03,4.904897e-02,1.231256e-02,1.936159e-01
3.248475e-01,2.167052e-02,6.675641e-02,5.902435e-02,3.027996e-02,1.570318e-02,1.885471e-03,2.323902e-02,1.349381e-01,1.324321e-02,5.973267e-02,9.339368e-03,5.921876e-02,1.813633e-02,1.619853e-01
3.139127e-01,1.890326e-02,4.940780e-02,5.049526e-02,5.570362e-02,1.548887e-02,3.089739e-03,2.749917e-02,1.741017e-01,1.033371e-02,4.887832e-02,1.105773e-02,6.721728e-02,1.729941e-02,1.366115e-01
2.689204e-01,1.462837e-02,3.972147e-02,3.756028e-02,4.447096e-02,1.702061e-02,5.574570e-03,2.603098e-02,1.884119e-01,7.530739e-03,4.112740e-02,1.070080e-02,9.436558e-02,1.602814e-02,1.879079e-01
2.509088e-01,1.234208e-02,3.301899e-02,2.981790e-02,3.373515e-02,1.788373e-02,5.506121e-03,1.966884e-02,1.744884e-01,5.772134e-03,3.324917e-02,1.113501e-02,1.522590e-01,1.346217e-02,2.067526e-01
1.785382e-01,8.752405e-03,2.451868e-02,2.141966e-02,2.659312e-02,1.434986e-02,5.368626e-03,1.493461e-02,1.259972e-01,4.421972e-03,3.421018e-02,1.156737e-02,2.277355e-01,1.102022e-02,2.905724e-01
1.592358e-01,7.545948e-03,2.638159e-02,1.617718e-02,2.309602e-02,1.630514e-02,5.957592e-03,1.164780e-02,9.113608e-02,3.844461e-03,3.404649e-02,1.558408e-02,2.009410e-01,9.196578e-03,3.789042e-01
1.684536e-01,8.227312e-03,2.817303e-02,1.506156e-02,3.451303e-02,2.527862e-02,6.150669e-03,1.174270e-02,6.674230e-02,3.709107e-03,2.917029e-02,1.749844e-02,1.769466e-01,7.778222e-03,4.005545e-01
2.163230e-01,8.044971e-03,2.641539e-02,1.863092e-02,3.746512e-02,2.653344e-02,4.952798e-03,9.522782e-03,5.075873e-02,3.905740e-03,2.749410e-02,2.140287e-02,1.470236e-01,6.384118e-03,3.951425e-01
2.523324e-01,7.487192e-03,2.698120e-02,1.926072e-02,4.149890e-02,2.565113e-02,3.933910e-03,7.921559e-03,3.769178e-02,3.718894e-03,2.668500e-02,2.976479e-02,1.338614e-01,5.087395e-03,3.781238e-01
2.354690e-01,8.272250e-03,5.222795e-02,3.157457e-02,5.326141e-02,2.269865e-02,3.737899e-03,1.782816e-02,3.951813e-02,4.236859e-03,2.708767e-02,3.157880e-02,1.249264e-01,4.688287e-03,3.428940e-01
3.045586e-01,9.264344e-03,4.804506e-02,2.599857e-02,5.952977e-02,1.990996e-02,4.335805e-03,2.217354e-02,3.999737e-02,4.372453e-03,2.859697e-02,3.669769e-02,1.077259e-01,4.135066e-03,2.846590e-01
2.341324e-01,7.165288e-03,4.396462e-02,1.918453e-02,9.652554e-02,1.478713e-02,1.558204e-02,8.268203e-02,3.409359e-02,3.688879e-03,2.822000e-02,2.959667e-02,9.729949e-02,3.343563e-03,2.897343e-01
1.943832e-01,5.871158e-03,3.832092e-02,1.424831e-02,1.672719e-01,1.202149e-02,2.945223e-02,6.558464e-02,4.718745e-02,3.244217e-03,2.510659e-02,2.677703e-02,8.362517e-02,2.774907e-03,2.841308e-01
1.648308e-01,5.461842e-03,3.308521e-02,1.382297e-02,2.004834e-01,1.016721e-02,3.663222e-02,1.073954e-01,5.180382e-02,3.283561e-03,2.522435e-02,2.299638e-02,7.572026e-02,3.489911e-03,2.456026e-01
2.762123e-01,6.659138e-03,2.772605e-02,1.428688e-02,1.863435e-01,2.024753e-02,3.066047e-02,8.852942e-02,4.454330e-02,4.144047e-03,2.502977e-02,2.654694e-02,6.880896e-02,3.367722e-03,1.768939e-01
3.874577e-01,8.593171e-03,2.039959e-02,1.582316e-02,1.416982e-01,2.729559e-02,2.286388e-02,6.593139e-02,3.550576e-02,5.006748e-03,2.970953e-02,4.011446e-02,5.955592e-02,3.987744e-03,1.360572e-01
3.603227e-01,1.708413e-02,2.225207e-02,4.928027e-02,1.094410e-01,2.381988e-02,1.659366e-02,5.017138e-02,3.969365e-02,5.030585e-03,5.678881e-02,8.329183e-02,6.054867e-02,4.185513e-03,1.014959e-01
4.539596e-01,1.888948e-02,1.951184e-02,4.278434e-02,8.307662e-02,2.330433e-02,1.218952e-02,3.686829e-02,3.402406e-02,4.919217e-03,5.799904e-02,7.713328e-02,5.110008e-02,4.865421e-03,7.937489e-02
1.000000e+00,0.000000e+00,0.000000e+00,0.000000e+00,0.000000e+00,0.000000e+00,0.000000e+00,0.000000e+00,0.000000e+00,0.000000e+00,0.000000e+00,0.000000e+00,0.000000e+00,0.000000e+00,0.000000e+00
1.000000e+00,0.000000e+00,0.000000e+00,0.000000e+00,0.000000e+00,0.000000e+00,0.000000e+00,0.000000e+00,0.000000e+00,0.000000e+00,0.000000e+00,0.000000e+00,0.000000e+00,0.000000e+00,0.000000e+00
1.000000e+00,0.000000e+00,0.000000e+00,0.000000e+00,0.000000e+00,0.000000e+00,0.000000e+00,0.000000e+00,0.000000e+00,0.000000e+00,0.000000e+00,0.000000e+00,0.000000e+00,0.000000e+00,0.000000e+00
1.000000e+00,0.000000e+00,0.000000e+00,0.000000e+00,0.000000e+00,0.000000e+00,0.000000e+00,0.000000e+00,0.000000e+00,0.000000e+00,0.000000e+00,0.000000e+00,0.000000e+00,0.000000e+00,0.000000e+00
3.815787e-01,2.128064e-02,3.496835e-02,1.893338e-01,2.669830e-02,1.570999e-02,3.728393e-03,2.192194e-02,1.416045e-01,4.291902e-03,5.199773e-02,2.799698e-02,1.825480e-02,2.207559e-02,3.855835e-02
3.069052e-01,1.879637e-02,3.852469e-02,1.537059e-01,2.934710e-02,1.403852e-02,2.858771e-03,1.862238e-02,1.339334e-01,3.844181e-03,9.719133e-02,2.017528e-02,1.607745e-02,3.219010e-02,1.137894e-01
2.585694e-01,1.855111e-02,4.327246e-02,1.400248e-01,3.471234e-02,1.715796e-02,2.515081e-03,2.567607e-02,1.480237e-01,3.073026e-03,8.745272e-02,1.499315e-02,1.371668e-02,3.096186e-02,1.612996e-01
2.882212e-01,1.783188e-02,3.558630e-02,1.035637e-01,4.128909e-02,2.181642e-02,2.358406e-03,1.995708e-02,1.482251e-01,3.064863e-03,8.218723e-02,1.274032e-02,1.431231e-02,4.178616e-02,1.670600e-01
2.340986e-01,1.568602e-02,2.728696e-02,7.853982e-02,2.953919e-02,2.108018e-02,1.835411e-03,1.474326e-02,2.540417e-01,4.536603e-03,6.117227e-02,9.788822e-03,1.315922e-02,3.679268e-02,1.976993e-01
3.398385e-01,1.597147e-02,2.575405e-02,5.561705e-02,2.435698e-02,2.376741e-02,1.458696e-03,1.065356e-02,2.076692e-01,3.603137e-03,6.818787e-02,7.720647e-03,1.915244e-02,4.250650e-02,1.537424e-01
2.954208e-01,1.286446e-02,1.980633e-02,3.942648e-02,1.799658e-02,2.056234e-02,1.082432e-03,7.563379e-03,2.679281e-01,2.981881e-03,5.433382e-02,5.900035e-03,1.565980e-02,4.006238e-02,1.984111e-01
2.415874e-01,9.519584e-03,1.704171e-02,2.874794e-02,1.284599e-02,1.809840e-02,8.899512e-04,5.832691e-03,4.246061e-01,2.608500e-03,4.170227e-02,5.167342e-03,1.475793e-02,3.196429e-02,1.446297e-01
2.483124e-01,7.794291e-03,2.010115e-02,2.256782e-02,9.494475e-03,2.168758e-02,1.009671e-03,6.127073e-03,4.136482e-01,5.523071e-03,3.802796e-02,4.970486e-03,2.174973e-02,5.820916e-02,1.207768e-01
1.802948e-01,8.235983e-03,3.650577e-02,1.649988e-02,6.918758e-03,1.718898e-02,7.622509e-04,4.371071e-03,3.112141e-01,1.327536e-02,3.223195e-02,3.640845e-03,1.580858e-02,2.441529e-01,1.088987e-01
1.293907e-01,7.033704e-03,2.658977e-02,1.174486e-02,5.350472e-03,1.280010e-02,6.139053e-04,3.110101e-03,2.373665e-01,1.338706e-02,3.071171e-02,2.785940e-03,1.281981e-02,3.835823e-01,1.227130e-01
9.270420e-02,5.104417e-03,1.875598e-02,8.309614e-03,3.893216e-03,9.685067e-03,4.586825e-04,2.196932e-03,1.830975e-01,1.425872e-02,3.088478e-02,2.117070e-03,1.034370e-02,4.960071e-01,1.221831e-01
7.051005e-02,4.541085e-03,1.358586e-02,6.056611e-03,3.308340e-03,7.597207e-03,4.334380e-04,1.605819e-03,1.836648e-01,2.218265e-02,3.515441e-02,1.771096e-03,8.944139e-03,4.902536e-01,1.503909e-01
5.038863e-02,3.390773e-03,9.697361e-03,4.384435e-03,2.610788e-03,5.846330e-03,3.614089e-04,1.165908e-03,1.535210e-01,2.383381e-02,3.042752e-02,1.487487e-03,7.146081e-03,5.504503e-01,1.552881e-01
4.180686e-02,2.704483e-03,7.464691e-03,4.383815e-03,4.947980e-03,1.351799e-02,1.246525e-03,1.047358e-03,1.787010e-01,2.685188e-02,3.823820e-02,9.411496e-03,2.120840e-02,4.883794e-01,1.600899e-01
3.579493e-02,2.387707e-03,6.483590e-03,5.376002e-03,5.049461e-03,2.125180e-02,1.220013e-03,8.309021e-04,1.861478e-01,3.597298e-02,4.498190e-02,1.807437e-02,4.983682e-02,4.278531e-01,1.587386e-01
2.618642e-02,1.921564e-03,5.066020e-03,6.641201e-03,5.615009e-03,1.717531e-02,1.029805e-03,7.794383e-04,1.491157e-01,4.134169e-02,6.243999e-02,2.279533e-02,6.179363e-02,3.912237e-01,2.068752e-01
1.959218e-02,2.564823e-03,5.966908e-03,6.812186e-03,1.005391e-02,1.253687e-02,8.874306e-04,1.870766e-03,1.242232e-01,3.102588e-02,1.584219e-01,5.390444e-02,1.066933e-01,2.794510e-01,1.859951e-01
2.210572e-02,2.079604e-03,7.534590e-03,7.038123e-03,9.508929e-03,9.201052e-03,8.569610e-04,3.951640e-03,1.099123e-01,2.316187e-02,2.126501e-01,9.531624e-02,1.021244e-01,2.013717e-01,1.931867e-01
2.471377e-02,1.739101e-03,1.538523e-02,6.555358e-03,1.369884e-02,9.010642e-03,2.395197e-03,1.337197e-02,1.777972e-01,2.070431e-02,2.226807e-01,9.372083e-02,8.746687e-02,1.562278e-01,1.545322e-01
2.260636e-02,1.415080e-03,2.178695e-02,5.378526e-03,2.601091e-02,6.855993e-03,4.580926e-03,1.505540e-01,1.376042e-01,2.023074e-02,1.940708e-01,8.128233e-02,7.381842e-02,1.425993e-01,1.112054e-01
2.114707e-02,1.301064e-03,2.146992e-02,4.897126e-03,2.532590e-01,5.298797e-03,8.268069e-03,1.065152e-01,1.002301e-01,1.949835e-02,1.534225e-01,5.905128e-02,5.610719e-02,1.088025e-01,8.073178e-02
2.480256e-02,1.129787e-03,1.912310e-02,1.006243e-02,4.278303e-01,4.756628e-03,1.795392e-02,7.623815e-02,7.413522e-02,1.558924e-02,1.121271e-01,4.170319e-02,4.038512e-02,7.694263e-02,5.722067e-02
3.238094e-02,1.314515e-03,1.631873e-02,2.626123e-02,5.184769e-01,5.067277e-03,3.558710e-02,5.569391e-02,5.949065e-02,1.191423e-02,8.429386e-02,2.948111e-02,2.912014e-02,5.402438e-02,4.057506e-02
