1.000000e+00,0.000000e+00,0.000000e+00,0.000000e+00,0.000000e+00,0.000000e+00,0.000000e+00,0.000000e+00,0.000000e+00,0.000000e+00,0.000000e+00,0.000000e+00,0.000000e+00,0.000000e+00,0.000000e+00
1.000000e+00,0.000000e+00,0.000000e+00,0.000000e+00,0.000000e+00,0.000000e+00,0.000000e+00,0.000000e+00,0.000000e+00,0.000000e+00,0.000000e+00,0.000000e+00,0.000000e+00,0.000000e+00,0.000000e+00
1.000000e+00,0.000000e+00,0.000000e+00,0.000000e+00,0.000000e+00,0.000000e+00,0.000000e+00,0.000000e+00,0.000000e+00,0.000000e+00,0.000000e+00,0.000000e+00,0.000000e+00,0.000000e+00,0.000000e+00
1.000000e+00,0.000000e+00,0.000000e+00,0.000000e+00,0.000000e+00,0.000000e+00,0.000000e+00,0.000000e+00,0.000000e+00,0.000000e+00,0.000000e+00,0.000000e+00,0.000000e+00,0.000000e+00,0.000000e+00
1.000000e+00,0.000000e+00,0.000000e+00,0.000000e+00,0.000000e+00,0.000000e+00,0.000000e+00,0.000000e+00,0.000000e+00,0.000000e+00,0.000000e+00,0.000000e+00,0.000000e+00,0.000000e+00,0.000000e+00
1.000000e+00,0.000000e+00,0.000000e+00,0.000000e+00,0.000000e+00,0.000000e+00,0.000000e+00,0.000000e+00,0.000000e+00,0.000000e+00,0.000000e+00,0.000000e+00,0.000000e+00,0.000000e+00,0.000000e+00
1.000000e+00,0.000000e+00,0.000000e+00,0.000000e+00,0.000000e+00,0.000000e+00,0.000000e+00,0.000000e+00,0.000000e+00,0.000000e+00,0.000000e+00,0.000000e+00,0.000000e+00,0.000000e+00,0.000000e+00
1.000000e+00,0.000000e+00,0.000000e+00,0.000000e+00,0.000000e+00,0.000000e+00,0.000000e+00,0.000000e+00,0.000000e+00,0.000000e+00,0.000000e+00,0.000000e+00,0.000000e+00,0.000000e+00,0.000000e+00
1.000000e+00,0.000000e+00,0.000000e+00,0.000000e+00,0.000000e+00,0.000000e+00,0.000000e+00,0.000000e+00,0.000000e+00,0.000000e+00,0.000000e+00,0.000000e+00,0.000000e+00,0.000000e+00,0.000000e+00
1.000000e+00,0.000000e+00,0.000000e+00,0.000000e+00,0.000000e+00,0.000000e+00,0.000000e+00,0.000000e+00,0.000000e+00,0.000000e+00,0.000000e+00,0.000000e+00,0.000000e+00,0.000000e+00,0.000000e+00
1.000000e+00,0.000000e+00,0.000000e+00,0.000000e+00,0.000000e+00,0.000000e+00,0.000000e+00,0.000000e+00,0.000000e+00,0.000000e+00,0.000000e+00,0.000000e+00,0.000000e+00,0.000000e+00,0.000000e+00
1.000000e+00,0.000000e+00,0.000000e+00,0.000000e+00,0.000000e+00,0.000000e+00,0.000000e+00,0.000000e+00,0.000000e+00,0.000000e+00,0.000000e+00,0.000000e+00,0.000000e+00,0.000000e+00,0.000000e+00
1.000000e+00,0.000000e+00,0.000000e+00,0.000000e+00,0.000000e+00,0.000000e+00,0.000000e+00,0.000000e+00,0.000000e+00,0.000000e+00,0.000000e+00,0.000000e+00,0.000000e+00,0.000000e+00,0.000000e+00
1.000000e+00,0.000000e+00,0.000000e+00,0.000000e+00,0.000000e+00,0.000000e+00,0.000000e+00,0.000000e+00,0.000000e+00,0.000000e+00,0.000000e+00,0.000000e+00,0.000000e+00,0.000000e+00,0.000000e+00
1.000000e+00,0.000000e+00,0.000000e+00,0.000000e+00,0.000000e+00,0.000000e+00,0.000000e+00,0.000000e+00,0.000000e+00,0.000000e+00,0.000000e+00,0.000000e+00,0.000000e+00,0.000000e+00,0.000000e+00
1.000000e+00,0.000000e+00,0.000000e+00,0.000000e+00,0.000000e+00,0.000000e+00,0.000000e+00,0.000000e+00,0.000000e+00,0.000000e+00,0.000000e+00,0.000000e+00,0.000000e+00,0.000000e+00,0.000000e+00
1.000000e+00,0.000000e+00,0.000000e+00,0.000000e+00,0.000000e+00,0.000000e+00,0.000000e+00,0.000000e+00,0.000000e+00,0.000000e+00,0.000000e+00,0.000000e+00,0.000000e+00,0.000000e+00,0.000000e+00
1.000000e+00,0.000000e+00,0.000000e+00,0.000000e+00,0.000000e+00,0.000000e+00,0.000000e+00,0.000000e+00,0.000000e+00,0.000000e+00,0.000000e+00,0.000000e+00,0.000000e+00,0.000000e+00,0.000000e+00
1.000000e+00,0.000000e+00,0.000000e+00,0.000000e+00,0.000000e+00,0.000000e+00,0.000000e+00,0.000000e+00,0.000000e+00,0.000000e+00,0.000000e+00,0.000000e+00,0.000000e+00,0.000000e+00,0.000000e+00
1.000000e+00,0.000000e+00,0.000000e+00,0.000000e+00,0.000000e+00,0.000000e+00,0.000000e+00,0.000000e+00,0.000000e+00,0.000000e+00,0.000000e+00,0.000000e+00,0.000000e+00,0.000000e+00,0.000000e+00
1.000000e+00,0.000000e+00,0.000000e+00,0.000000e+00,0.000000e+00,0.000000e+00,0.000000e+00,0.000000e+00,0.000000e+00,0.000000e+00,0.000000e+00,0.000000e+00,0.000000e+00,0.000000e+00,0.000000e+00
1.000000e+00,0.000000e+00,0.000000e+00,0.000000e+00,0.000000e+00,0.000000e+00,0.000000e+00,0.000000e+00,0.000000e+00,0.000000e+00,0.000000e+00,0.000000e+00,0.000000e+00,0.000000e+00,0.000000e+00
1.000000e+00,0.000000e+00,0.000000e+00,0.000000e+00,0.000000e+00,0.000000e+00,0.000000e+00,0.000000e+00,0.000000e+00,0.000000e+00,0.000000e+00,0.000000e+00,0.000000e+00,0.000000e+00,0.000000e+00
1.000000e+00,0.000000e+00,0.000000e+00,0.000000e+00,0.000000e+00,0.000000e+00,0.000000e+00,0.000000e+00,0.000000e+00,0.000000e+00,0.000000e+00,0.000000e+00,0.000000e+00,0.000000e+00,0.000000e+00
1.000000e+00,0.000000e+00,0.000000e+00,0.000000e+00,0.000000e+00,0.000000e+00,0.000000e+00,0.000000e+00,0.000000e+00,0.000000e+00,0.000000e+00,0.000000e+00,0.000000e+00,0.000000e+00,0.000000e+00
1.000000e+00,0.000000e+00,0.000000e+00,0.000000e+00,0.000000e+00,0.000000e+00,0.000000e+00,0.000000e+00,0.000000e+00,0.000000e+00,0.000000e+00,0.000000e+00,0.000000e+00,0.000000e+00,0.000000e+00
1.000000e+00,0.000000e+00,0.000000e+00,0.000000e+00,0.000000e+00,0.000000e+00,0.000000e+00,0.000000e+00,0.000000e+00,0.000000e+00,0.000000e+00,0.000000e+00,0.000000e+00,0.000000e+00,0.000000e+00
1.000000e+00,0.000000e+00,0.000000e+00,0.000000e+00,0.000000e+00,0.000000e+00,0.000000e+00,0.000000e+00,0.000000e+00,0.000000e+00,0.000000e+00,0.000000e+00,0.000000e+00,0.000000e+00,0.000000e+00
1.000000e+00,0.000000e+00,0.000000e+00,0.000000e+00,0.000000e+00,0.000000e+00,0.000000e+00,0.000000e+00,0.000000e+00,0.000000e+00,0.000000e+00,0.000000e+00,0.000000e+00,0.000000e+00,0.000000e+00
1.000000e+00,0.000000e+00,0.000000e+00,0.000000e+00,0.000000e+00,0.000000e+00,0.000000e+00,0.000000e+00,0.000000e+00,0.000000e+00,0.000000e+00,0.000000e+00,0.000000e+00,0.000000e+00,0.000000e+00
1.000000e+00,0.000000e+00,0.000000e+00,0.000000e+00,0.000000e+00,0.000000e+00,0.000000e+00,0.000000e+00,0.000000e+00,0.000000e+00,0.000000e+00,0.000000e+00,0.000000e+00,0.000000e+00,0.000000e+00
4.492511e-01,2.550850e-02,1.576098e-02,7.397053e-02,7.546495e-03,4.222594e-02,5.146363e-03,1.027405e-02,5.099030e-02,2.412496e-02,1.410723e-01,3.208360e-02,4.778793e-02,1.097976e-02,6.327717e-02
4.773041e-01,2.758094e-02,1.170035e-02,8.197933e-02,7.336707e-03,3.537857e-02,4.239539e-03,8.115894e-03,7.172078e-02,1.982701e-02,1.039458e-01,2.731164e-02,3.884362e-02,1.248007e-02,7.223563e-02
1.000000e+00,0.000000e+00,0.000000e+00,0.000000e+00,0.000000e+00,0.000000e+00,0.000000e+00,0.000000e+00,0.000000e+00,0.000000e+00,0.000000e+00,0.000000e+00,0.000000e+00,0.000000e+00,0.000000e+00
1.000000e+00,0.000000e+00,0.000000e+00,0.000000e+00,0.000000e+00,0.000000e+00,0.000000e+00,0.000000e+00,0.000000e+00,0.000000e+00,0.000000e+00,0.000000e+00,0.000000e+00,0.000000e+00,0.000000e+00
1.000000e+00,0.000000e+00,0.000000e+00,0.000000e+00,0.000000e+00,0.000000e+00,0.000000e+00,0.000000e+00,0.000000e+00,0.000000e+00,0.000000e+00,0.000000e+00,0.000000e+00,0.000000e+00,0.000000e+00
1.000000e+00,0.000000e+00,0.000000e+00,0.000000e+00,0.000000e+00,0.000000e+00,0.000000e+00,0.000000e+00,0.000000e+00,0.000000e+00,0.000000e+00,0.000000e+00,0.000000e+00,0.000000e+00,0.000000e+00
1.000000e+00,0.000000e+00,0.000000e+00,0.000000e+00,0.000000e+00,0.000000e+00,0.000000e+00,0.000000e+00,0.000000e+00,0.000000e+00,0.000000e+00,0.000000e+00,0.000000e+00,0.000000e+00,0.000000e+00
1.000000e+00,0.000000e+00,0.000000e+00,0.000000e+00,0.000000e+00,0.000000e+00,0.000000e+00,0.000000e+00,0.000000e+00,0.000000e+00,0.000000e+00,0.000000e+00,0.000000e+00,0.000000e+00,0.000000e+00
1.000000e+00,0.000000e+00,0.000000e+00,0.000000e+00,0.000000e+00,0.000000e+00,0.000000e+00,0.000000e+00,0.000000e+00,0.000000e+00,0.000000e+00,0.000000e+00,0.000000e+00,0.000000e+00,0.000000e+00
1.000000e+00,0.000000e+00,0.000000e+00,0.000000e+00,0.000000e+00,0.000000e+00,0.000000e+00,0.000000e+00,0.000000e+00,0.000000e+00,0.000000e+00,0.000000e+00,0.000000e+00,0.000000e+00,0.000000e+00
1.000000e+00,0.000000e+00,0.000000e+00,0.000000e+00,0.000000e+00,0.000000e+00,0.000000e+00,0.000000e+00,0.000000e+00,0.000000e+00,0.000000e+00,0.000000e+00,0.000000e+00,0.000000e+00,0.000000e+00
1.000000e+00,0.000000e+00,0.000000e+00,0.000000e+00,0.000000e+00,0.000000e+00,0.000000e+00,0.000000e+00,0.000000e+00,0.000000e+00,0.000000e+00,0.000000e+00,0.000000e+00,0.000000e+00,0.000000e+00
1.000000e+00,0.000000e+00,0.000000e+00,0.000000e+00,0.000000e+00,0.000000e+00,0.000000e+00,0.000000e+00,0.000000e+00,0.000000e+00,0.000000e+00,0.000000e+00,0.000000e+00,0.000000e+00,0.000000e+00
1.000000e+00,0.000000e+00,0.000000e+00,0.000000e+00,0.000000e+00,0.000000e+00,0.000000e+00,0.000000e+00,0.000000e+00,0.000000e+00,0.000000e+00,0.000000e+00,0.000000e+00,0.000000e+00,0.000000e+00
1.000000e+00,0.000000e+00,0.000000e+00,0.000000e+00,0.000000e+00,0.000000e+00,0.000000e+00,0.000000e+00,0.000000e+00,0.000000e+00,0.000000e+00,0.000000e+00,0.000000e+00,0.000000e+00,0.000000e+00
1.000000e+00,0.000000e+00,0.000000e+00,0.000000e+00,0.000000e+00,0.000000e+00,0.000000e+00,0.000000e+00,0.000000e+00,0.000000e+00,0.000000e+00,0.000000e+00,0.000000e+00,0.000000e+00,0.000000e+00
1.000000e+00,0.000000e+00,0.000000e+00,0.000000e+00,0.000000e+00,0.000000e+00,0.000000e+00,0.000000e+00,0.000000e+00,0.000000e+00,0.000000e+00,0.000000e+00,0.000000e+00,0.000000e+00,0.000000e+00
1.000000e+00,0.000000e+00,0.000000e+00,0.000000e+00,0.000000e+00,0.000000e+00,0.000000e+00,0.000000e+00,0.000000e+00,0.000000e+00,0.000000e+00,0.000000e+00,0.000000e+00,0.000000e+00,0.000000e+00
1.000000e+00,0.000000e+00,0.000000e+00,0.000000e+00,0.000000e+00,0.000000e+00,0.000000e+00,0.000000e+00,0.000000e+00,0.000000e+00,0.000000e+00,0.000000e+00,0.000000e+00,0.000000e+00,0.000000e+00
1.000000e+00,0.000000e+00,0.000000e+00,0.000000e+00,0.000000e+00,0.000000e+00,0.000000e+00,0.000000e+00,0.000000e+00,0.000000e+00,0.000000e+00,0.000000e+00,0.000000e+00,0.000000e+00,0.000000e+00
1.000000e+00,0.000000e+00,0.000000e+00,0.000000e+00,0.000000e+00,0.000000e+00,0.000000e+00,0.000000e+00,0.000000e+00,0.000000e+00,0.000000e+00,0.000000e+00,0.000000e+00,0.000000e+00,0.000000e+00
1.000000e+00,0.000000e+00,0.000000e+00,0.000000e+00,0.000000e+00,0.000000e+00,0.000000e+00,0.000000e+00,0.000000e+00,0.000000e+00,0.000000e+00,0.000000e+00,0.000000e+00,0.000000e+00,0.000000e+00
1.000000e+00,0.000000e+00,0.000000e+00,0.000000e+00,0.000000e+00,0.000000e+00,0.000000e+00,0.000000e+00,0.000000e+00,0.000000e+00,0.000000e+00,0.000000e+00,0.000000e+00,0.000000e+00,0.000000e+00
4.708942e-01,1.718082e-02,1.580732e-02,8.475822e-02,2.166688e-02,4.673342e-02,4.520407e-03,1.693312e-02,9.508186e-02,8.906670e-03,3.222852e-02,7.356306e-02,3.342518e-02,1.192423e-02,6.637615e-02
4.553941e-01,1.599217e-02,1.678420e-02,9.106898e-02,1.944306e-02,4.128499e-02,4.051875e-03,1.853016e-02,9.829601e-02,8.514457e-03,3.869214e-02,6.436323e-02,2.859921e-02,1.413188e-02,8.485357e-02
4.604555e-01,1.817948e-02,1.623265e-02,8.955684e-02,2.075735e-02,3.481651e-02,3.471514e-03,1.592078e-02,9.686573e-02,8.813743e-03,4.074370e-02,5.512399e-02,2.548869e-02,1.459120e-02,9.898236e-02
4.321165e-01,2.286226e-02,1.460175e-02,8.829236e-02,3.386771e-02,3.245788e-02,3.935457e-03,1.392391e-02,1.248794e-01,1.153041e-02,3.800108e-02,4.239869e-02,2.178558e-02,1.557258e-02,1.037745e-01
4.138035e-01,3.074057e-02,1.361542e-02,9.588556e-02,4.501640e-02,3.182782e-02,5.059431e-03,1.180290e-02,1.232431e-01,1.213898e-02,3.902268e-02,3.349544e-02,2.093754e-02,1.552615e-02,1.078844e-01
3.064537e-01,5.726580e-02,1.637496e-02,1.828771e-01,3.502900e-02,2.346883e-02,3.942908e-03,1.073710e-02,1.479907e-01,1.168247e-02,2.819786e-02,2.422855e-02,1.551506e-02,1.105627e-02,1.251798e-01
2.650019e-01,8.697826e-02,1.422166e-02,1.609763e-01,2.727431e-02,2.329258e-02,4.633371e-03,1.050114e-02,1.539374e-01,9.934812e-03,2.195885e-02,1.999409e-02,8.479200e-02,8.513449e-03,1.079899e-01
1.880434e-01,9.072622e-02,1.110465e-02,1.185157e-01,1.940618e-02,1.662270e-02,3.294077e-03,7.564839e-03,3.083142e-01,1.175553e-02,1.665864e-02,1.472262e-02,6.443533e-02,6.280768e-03,1.225552e-01
1.701308e-01,7.220025e-02,1.076061e-02,8.701764e-02,2.034802e-02,1.489448e-02,2.806268e-03,6.166284e-03,3.403288e-01,9.695490e-03,4.152993e-02,1.199499e-02,6.573764e-02,2.478813e-02,1.216007e-01
1.415868e-01,6.214953e-02,8.740463e-03,6.542662e-02,1.613265e-02,1.149904e-02,2.301606e-03,4.951236e-03,4.393578e-01,9.264786e-03,3.392909e-02,9.950364e-03,6.444842e-02,2.115391e-02,1.091076e-01
1.181338e-01,4.514880e-02,6.339727e-03,4.636823e-02,1.254655e-02,9.123963e-03,1.774242e-03,3.662481e-03,5.145272e-01,7.597244e-03,2.641147e-02,9.537857e-03,6.573608e-02,3.472176e-02,9.837057e-02
1.299502e-01,3.380591e-02,4.658226e-03,3.263981e-02,9.503942e-03,7.352005e-03,1.325775e-03,2.737857e-03,4.599860e-01,6.444281e-03,2.101341e-02,9.918940e-03,5.584554e-02,1.079793e-01,1.168388e-01
1.032275e-01,2.433920e-02,3.470204e-03,2.299722e-02,7.013141e-03,5.551831e-03,1.032486e-03,2.273496e-03,4.787724e-01,5.461702e-03,1.683416e-02,8.532152e-03,4.437501e-02,1.620604e-01,1.140590e-01
1.935401e-01,1.998998e-02,3.096097e-03,1.642197e-02,6.615106e-03,6.644868e-03,1.410081e-03,2.471835e-03,3.715515e-01,4.778759e-03,1.848656e-02,7.915322e-03,3.983482e-02,1.942495e-01,1.129936e-01
2.737931e-01,1.619827e-02,2.901100e-03,1.195455e-02,5.395846e-03,8.441262e-03,1.870172e-03,2.397338e-03,2.829165e-01,4.219722e-03,1.632190e-02,6.833787e-03,3.361541e-02,2.177308e-01,1.154102e-01
2.805670e-01,1.233889e-02,3.610578e-03,9.078938e-03,4.029847e-03,1.049567e-02,1.773459e-03,1.957770e-03,2.184972e-01,6.052816e-03,1.598097e-02,5.926091e-03,2.714266e-02,3.029005e-01,9.964757e-02
3.508944e-01,1.029914e-02,4.365829e-03,7.031027e-03,3.157868e-03,1.613148e-02,1.541217e-03,1.632145e-03,1.609686e-01,6.801836e-03,1.649417e-02,5.664180e-03,2.175324e-02,3.118123e-01,8.145258e-02
3.061469e-01,7.972129e-03,4.347462e-03,5.134306e-03,2.402412e-03,1.305096e-02,1.181472e-03,1.265445e-03,1.224324e-01,9.027021e-03,1.940915e-02,4.491562e-03,1.618933e-02,4.106568e-01,7.629262e-02
2.665805e-01,6.334505e-03,3.690275e-03,4.495142e-03,1.830204e-03,1.274407e-02,9.370043e-04,9.759334e-04,1.137615e-01,1.360875e-02,2.205422e-02,3.848849e-03,1.288038e-02,4.579263e-01,7.833237e-02
2.162396e-01,4.745388e-03,2.849816e-03,3.535806e-03,1.390093e-03,9.734321e-03,7.138870e-04,7.153008e-04,9.162331e-02,1.822544e-02,2.499870e-02,3.028495e-03,1.014665e-02,5.412775e-01,7.077574e-02
1.830328e-01,3.784281e-03,2.399048e-03,2.755441e-03,1.137029e-03,7.286694e-03,5.472570e-04,5.475483e-04,8.328387e-02,2.210899e-02,3.396317e-02,2.484177e-03,8.141627e-03,5.773034e-01,7.122461e-02
1.560531e-01,2.995862e-03,1.826482e-03,2.250571e-03,1.134863e-03,5.464830e-03,4.365691e-04,4.308538e-04,9.360349e-02,4.854187e-02,4.657346e-02,2.768947e-03,7.571294e-03,5.719808e-01,5.836697e-02
1.249035e-01,2.367661e-03,1.414789e-03,1.755766e-03,1.027757e-03,4.192532e-03,3.345615e-04,3.315416e-04,8.991805e-02,7.742338e-02,4.138318e-02,2.532543e-03,6.056555e-03,5.986763e-01,4.768194e-02
1.022025e-01,2.095687e-03,1.719604e-03,1.333945e-03,1.017823e-03,3.351105e-03,2.814092e-04,2.758986e-04,7.371110e-02,1.189779e-01,4.026559e-02,2.810981e-03,5.311407e-03,6.053514e-01,4.129354e-02
8.408794e-02,1.729996e-03,1.440162e-03,1.121248e-03,9.923994e-04,3.011371e-03,2.474631e-04,2.170786e-04,7.088859e-02,1.497994e-01,4.128362e-02,3.348259e-03,5.449811e-03,5.984246e-01,3.795802e-02
6.048330e-02,1.830132e-03,1.435966e-03,9.466085e-04,3.131885e-03,2.675073e-03,5.221730e-04,2.029907e-04,7.875900e-02,1.710082e-01,4.068181e-02,3.756798e-03,5.968394e-03,5.940425e-01,3.455513e-02
4.417346e-02,2.088372e-03,1.156171e-03,2.175697e-03,4.112076e-03,3.076752e-03,6.607084e-04,2.032801e-04,1.195597e-01,1.929065e-01,6.804851e-02,4.982044e-03,1.325952e-02,4.984753e-01,4.512192e-02
3.234230e-02,2.222970e-03,9.504511e-04,4.581948e-03,3.973835e-03,3.275723e-03,5.711798e-04,2.040618e-04,1.504211e-01,2.427282e-01,8.861808e-02,6.501699e-03,1.509653e-02,4.039996e-01,4.451232e-02
2.515647e-02,2.965158e-03,1.211039e-03,5.333747e-03,5.962010e-03,2.848918e-03,4.748559e-04,2.452348e-04,1.339418e-01,2.166945e-01,1.432901e-01,1.075137e-02,2.398930e-02,3.870308e-01,4.010465e-02
1.858275e-02,2.496670e-03,1.265735e-03,7.079822e-03,6.380343e-03,2.321808e-03,3.816692e-04,6.846911e-04,1.359501e-01,1.954740e-01,1.938190e-01,1.348689e-02,2.696116e-02,3.564751e-01,3.864032e-02
1.331705e-02,2.090541e-03,1.934213e-03,6.239614e-03,5.846217e-03,1.787725e-03,2.832142e-04,1.279114e-03,1.259674e-01,1.492502e-01,3.440597e-01,1.234508e-02,2.546009e-02,2.734010e-01,3.673887e-02
1.125094e-02,1.761507e-03,3.760622e-03,4.975214e-03,1.205599e-02,2.016290e-03,4.023304e-04,2.908812e-03,1.286143e-01,1.536307e-01,3.243857e-01,1.322407e-02,2.483377e-02,2.562275e-01,5.995221e-02
9.495988e-03,1.875291e-03,7.309632e-03,4.962531e-03,1.479373e-01,2.752615e-03,1.847460e-03,1.154455e-02,1.166506e-01,1.202553e-01,2.872775e-01,1.306114e-02,1.918755e-02,2.031469e-01,5.269571e-02
1.056702e-02,3.680438e-03,1.499716e-02,8.561857e-03,3.059841e-01,8.754411e-03,4.656967e-03,1.578625e-02,9.703040e-02,8.529959e-02,2.346728e-01,9.841874e-03,1.421824e-02,1.460538e-01,3.989513e-02
1.312566e-02,4.814499e-03,1.800849e-02,1.320190e-02,4.351008e-01,9.312387e-03,4.149479e-03,1.352864e-02,9.463584e-02,6.160643e-02,1.803094e-01,7.161009e-03,1.044311e-02,1.047640e-01,2.983834e-02
1.289939e-02,4.857803e-03,2.313978e-02,4.309095e-02,4.493676e-01,8.677074e-03,6.514395e-03,3.493829e-02,1.298057e-01,4.402558e-02,1.330616e-01,5.790291e-03,7.858072e-03,7.377046e-02,2.220313e-02
1.720045e-02,8.664757e-03,1.757201e-02,4.800618e-02,4.566390e-01,1.283850e-02,5.775510e-03,2.745912e-02,1.719530e-01,3.363007e-02,1.024466e-01,8.464161e-03,9.646798e-03,5.224105e-02,2.746286e-02
1.595763e-02,1.451920e-02,1.323501e-02,5.576465e-02,3.816027e-01,1.316349e-02,4.785989e-03,2.393627e-02,2.636110e-01,2.574483e-02,9.323687e-02,1.347639e-02,1.341528e-02,3.689177e-02,3.065890e-02
1.340284e-02,1.334370e-02,1.000836e-02,6.930437e-02,3.096710e-01,1.091169e-02,4.669385e-03,2.456257e-02,3.546926e-01,1.976834e-02,8.433276e-02,1.248537e-02,2.177414e-02,2.648927e-02,2.458369e-02
1.248414e-02,1.444280e-02,7.350855e-03,6.017940e-02,2.624823e-01,1.387225e-02,4.441525e-03,2.017394e-02,4.192044e-01,1.762070e-02,8.643275e-02,1.102950e-02,3.242031e-02,1.897060e-02,1.889456e-02
1.839396e-02,1.232649e-02,5.880668e-03,7.677998e-02,2.609482e-01,1.523908e-02,4.323100e-03,4.198799e-02,4.020802e-01,1.389492e-02,7.545446e-02,9.874901e-03,3.224699e-02,1.380211e-02,1.676695e-02
1.398348e-02,9.988239e-03,4.380924e-03,9.354068e-02,1.929599e-01,1.169956e-02,3.121933e-03,2.997554e-02,3.708941e-01,1.454706e-02,1.813208e-01,9.979449e-03,3.788982e-02,1.092807e-02,1.479042e-02
1.094126e-02,7.913846e-03,3.520044e-03,8.067225e-02,1.549727e-01,9.617656e-03,2.334284e-03,2.126326e-02,3.042240e-01,1.162427e-02,3.061308e-01,9.471251e-03,3.703050e-02,2.592381e-02,1.436012e-02
8.230708e-03,6.027028e-03,2.723843e-03,6.136884e-02,1.126847e-01,7.838229e-03,1.672815e-03,1.503104e-02,2.807046e-01,9.551362e-03,3.675875e-01,7.870663e-03,4.090761e-02,6.260966e-02,1.519134e-02
6.270866e-03,4.552787e-03,2.418037e-03,4.554756e-02,8.387674e-02,6.670807e-03,1.224456e-03,1.070585e-02,2.945276e-01,8.410865e-03,3.657793e-01,7.003566e-03,4.463333e-02,1.026494e-01,1.572886e-02
4.654288e-03,3.277369e-03,2.321322e-03,3.353880e-02,5.937648e-02,5.133698e-03,8.901046e-04,8.380095e-03,4.106960e-01,7.038534e-03,3.028227e-01,6.647260e-03,3.471654e-02,1.076253e-01,1.288151e-02
4.841370e-03,2.767770e-03,1.793138e-02,3.106464e-02,4.204873e-02,4.636654e-03,7.317629e-04,7.835478e-03,5.210689e-01,6.427152e-03,2.235263e-01,5.220367e-03,2.808901e-02,9.291263e-02,1.089784e-02
1.071752e-02,2.946068e-03,1.594131e-02,2.359252e-02,3.013734e-02,4.668449e-03,6.511983e-04,6.207165e-03,4.856078e-01,6.553746e-03,1.670421e-01,4.024942e-03,2.197016e-02,2.039718e-01,1.596792e-02
1.355272e-02,3.610710e-03,1.277238e-02,1.811437e-02,2.185056e-02,6.000971e-03,6.078071e-04,4.621675e-03,4.533367e-01,5.114985e-03,1.260638e-01,3.061946e-03,1.763520e-02,2.875456e-01,2.611062e-02
2.477078e-02,4.329981e-03,1.080428e-02,1.319478e-02,1.650889e-02,7.319747e-03,5.235783e-04,3.447108e-03,3.366278e-01,3.877641e-03,9.538371e-02,2.359201e-03,1.366688e-02,4.268386e-01,4.034708e-02
2.709398e-02,4.781441e-03,1.421680e-02,9.376538e-03,1.247689e-02,7.046487e-03,4.462216e-04,2.567835e-03,2.500810e-01,2.930823e-03,7.065909e-02,1.742373e-03,9.896292e-03,5.333935e-01,5.329077e-02
2.308404e-02,4.512364e-03,1.138370e-02,6.837562e-03,9.664476e-03,7.388205e-03,3.582904e-04,1.875834e-03,2.392516e-01,2.290652e-03,5.399273e-02,1.316380e-03,7.641246e-03,5.614267e-01,6.897622e-02
1.982843e-02,4.762924e-03,1.075942e-02,5.653044e-03,8.129108e-03,6.388204e-03,3.620755e-04,2.106850e-03,2.196531e-01,1.905937e-03,4.038476e-02,1.025639e-03,6.055841e-03,6.089445e-01,6.404016e-02
3.105728e-02,4.931612e-03,9.459496e-02,5.811231e-03,8.779190e-03,6.211855e-03,6.509191e-04,3.180044e-03,1.913639e-01,1.991456e-03,3.615024e-02,1.052045e-03,6.644622e-03,5.043222e-01,1.032584e-01
3.181846e-02,5.964871e-03,1.164915e-01,4.932576e-03,8.132167e-03,5.662968e-03,6.497131e-04,5.397293e-03,1.706859e-01,1.881889e-03,2.928783e-02,1.017750e-03,6.130499e-03,4.147025e-01,1.972441e-01
3.144149e-02,4.896418e-03,1.451624e-01,3.964988e-03,7.921215e-03,4.344604e-03,5.214384e-04,1.067028e-02,1.711524e-01,2.796901e-03,2.289019e-02,9.328024e-04,5.024944e-03,3.305501e-01,2.577298e-01
3.428753e-02,4.471220e-03,2.495187e-01,3.088875e-03,6.206345e-03,3.879724e-03,3.917000e-04,7.604005e-03,1.486883e-01,3.226881e-03,2.963539e-02,6.924066e-04,4.442806e-03,2.790605e-01,2.248055e-01
3.921028e-02,3.931067e-03,1.988530e-01,2.291002e-03,5.663835e-03,4.154511e-03,2.945496e-04,5.868375e-03,1.271904e-01,2.895009e-03,2.511040e-02,5.927910e-04,4.014188e-03,3.501012e-01,2.298293e-01
3.391575e-02,4.707225e-03,2.069412e-01,2.663664e-03,5.334518e-03,6.031395e-03,2.316329e-04,4.392694e-03,1.284681e-01,4.989563e-03,2.433706e-02,6.877893e-04,3.652353e-03,3.817955e-01,1.918515e-01
3.199188e-02,4.425460e-03,1.536447e-01,1.984225e-03,6.772847e-03,5.240462e-03,1.767302e-04,3.372174e-03,1.531964e-01,4.315835e-03,2.056106e-02,6.027973e-04,2.796293e-03,4.399093e-01,1.710098e-01
2.712547e-02,3.358599e-03,1.113552e-01,1.539966e-03,1.121321e-02,3.800499e-03,1.570983e-04,4.624665e-03,2.827528e-01,4.704297e-03,1.586490e-02,5.175657e-04,2.302037e-03,4.024857e-01,1.281980e-01
6.021061e-02,3.180876e-03,1.204321e-01,5.932165e-03,3.486549e-02,4.018456e-03,2.658332e-04,2.343824e-02,3.270861e-01,5.162743e-03,1.446774e-02,8.015950e-04,2.446422e-03,3.054795e-01,9.221223e-02
1.073098e-01,3.528422e-03,9.065562e-02,4.776385e-03,5.240014e-02,5.402053e-03,3.961261e-04,2.168936e-02,3.183857e-01,6.405347e-03,1.270473e-02,3.976110e-03,9.151737e-03,2.915481e-01,7.167038e-02
1.309696e-01,3.646621e-03,7.025667e-02,3.736675e-03,7.746623e-02,1.099279e-02,3.848815e-04,1.895289e-02,3.131925e-01,8.340643e-03,1.173833e-02,3.766379e-03,7.800436e-03,2.840919e-01,5.466353e-02
1.470929e-01,4.838880e-03,5.241414e-02,2.919925e-03,1.251974e-01,2.631989e-02,3.715563e-04,1.540142e-02,2.855522e-01,8.340240e-03,9.802143e-03,3.557270e-03,7.993710e-03,2.669636e-01,4.323473e-02
1.761179e-01,5.677698e-03,3.921983e-02,8.179801e-03,1.069624e-01,5.181082e-02,4.539651e-04,1.371277e-02,2.550611e-01,1.041965e-02,1.251875e-02,9.903056e-03,8.853295e-03,2.654101e-01,3.569888e-02
1.789646e-01,7.782316e-03,1.007972e-01,5.184878e-02,1.085807e-01,5.721600e-02,6.997092e-04,1.601232e-02,2.079453e-01,8.189539e-03,1.103635e-02,1.030137e-02,7.646288e-03,2.032815e-01,2.969808e-02
1.943342e-01,7.497143e-03,1.120034e-01,7.792401e-02,9.330653e-02,5.257675e-02,6.786273e-04,1.721703e-02,1.959464e-01,7.614802e-03,1.055010e-02,1.138982e-02,6.964770e-03,1.747412e-01,3.725531e-02
1.764674e-01,6.888567e-03,1.568078e-01,9.360234e-02,6.936513e-02,4.034432e-02,6.347621e-04,1.403945e-02,2.021295e-01,6.202049e-03,8.420755e-03,8.914344e-03,5.162077e-03,1.613617e-01,4.965984e-02
1.471138e-01,5.512882e-03,2.327677e-01,1.492406e-01,5.293554e-02,2.949362e-02,5.634275e-04,1.146030e-02,1.905659e-01,6.174625e-03,7.218041e-03,7.487559e-03,4.097489e-03,1.179218e-01,3.744679e-02
1.386245e-01,4.666025e-03,2.774034e-01,2.034517e-01,4.255009e-02,2.635633e-02,1.094041e-03,1.262556e-02,1.540068e-01,5.842729e-03,6.540196e-03,9.045327e-03,4.293911e-03,8.533325e-02,2.816634e-02
1.202356e-01,4.461555e-03,2.866174e-01,1.677402e-01,3.358545e-02,1.394935e-01,1.629068e-03,1.044417e-02,1.245233e-01,4.608851e-03,6.403527e-03,1.282449e-02,3.813129e-03,6.172078e-02,2.189901e-02
1.178892e-01,4.692518e-03,2.478656e-01,1.330615e-01,2.646244e-02,2.688733e-01,1.780853e-03,1.002302e-02,9.898632e-02,3.771924e-03,6.111306e-03,1.381515e-02,3.731852e-03,4.509895e-02,1.783599e-02
1.512837e-01,5.735980e-03,2.467644e-01,1.142083e-01,2.540336e-02,2.792817e-01,2.536617e-03,1.201063e-02,8.141556e-02,4.191130e-03,6.754268e-03,1.396752e-02,3.749212e-03,3.505353e-02,1.764411e-02
1.417259e-01,5.329011e-03,1.892761e-01,8.285233e-02,1.843897e-02,4.202076e-01,2.222740e-03,9.000568e-03,5.830819e-02,4.410411e-03,7.074936e-03,1.533913e-02,4.168154e-03,2.686785e-02,1.477809e-02
2.203133e-01,6.291861e-03,1.385326e-01,6.324711e-02,1.419026e-02,4.048646e-01,2.339691e-03,7.154980e-03,4.360280e-02,5.819723e-03,1.429424e-02,2.660716e-02,6.107640e-03,2.488016e-02,2.175383e-02
1.687904e-01,5.466314e-03,9.777128e-02,4.521460e-02,1.036922e-02,5.249593e-01,1.906972e-03,5.259658e-03,3.155883e-02,4.809042e-03,2.650858e-02,3.353085e-02,5.014997e-03,2.128052e-02,1.755944e-02
1.516017e-01,4.924467e-03,6.937307e-02,3.308809e-02,7.578498e-03,5.731218e-01,1.663149e-03,4.040780e-03,2.323102e-02,5.015824e-03,3.880553e-02,4.923203e-02,4.831644e-03,1.773013e-02,1.576225e-02
1.978834e-01,5.744324e-03,5.097869e-02,2.590953e-02,6.001131e-03,4.999374e-01,1.732296e-03,3.933229e-03,1.835842e-02,5.072518e-03,7.191397e-02,7.478580e-02,4.785659e-03,1.535789e-02,1.760574e-02
2.559385e-01,6.869962e-03,3.753629e-02,2.195712e-02,4.760075e-03,4.154519e-01,2.020643e-03,3.321614e-03,1.450090e-02,5.425036e-03,8.350696e-02,1.127684e-01,5.210071e-03,1.252025e-02,1.821220e-02
2.752838e-01,7.456452e-03,2.757850e-02,1.971196e-02,4.689001e-03,3.317727e-01,2.387415e-03,3.295008e-03,1.259309e-02,4.365861e-03,1.221843e-01,1.580979e-01,4.358868e-03,1.070105e-02,1.552411e-02
3.293966e-01,1.165294e-02,2.042294e-02,1.875441e-02,5.654731e-03,2.450167e-01,2.405168e-03,3.121141e-03,1.271351e-02,3.341827e-03,1.559308e-01,1.642065e-01,5.077389e-03,8.978689e-03,1.332663e-02
3.781896e-01,1.641189e-02,1.543002e-02,1.806766e-02,6.460219e-03,1.842915e-01,2.210005e-03,3.018783e-03,1.251805e-02,2.744579e-03,1.766805e-01,1.587597e-01,4.991674e-03,8.056944e-03,1.216893e-02
4.579806e-01,1.659842e-02,1.217205e-02,1.613105e-02,7.318154e-03,1.396291e-01,2.089392e-03,3.479204e-03,1.400890e-02,2.564517e-03,1.602246e-01,1.430000e-01,4.560011e-03,8.571285e-03,1.167265e-02
4.855198e-01,1.636572e-02,1.002184e-02,1.427379e-02,7.542394e-03,1.117138e-01,1.890988e-03,3.284939e-03,1.398710e-02,3.407580e-03,1.576818e-01,1.492622e-01,4.053099e-03,9.034920e-03,1.196002e-02
4.652295e-01,1.519126e-02,7.881465e-03,1.380720e-02,9.925989e-03,8.888203e-02,1.862634e-03,3.318265e-03,1.651894e-02,3.070925e-03,1.660356e-01,1.839458e-01,3.693525e-03,8.713936e-03,1.192288e-02
4.468908e-01,1.829661e-02,6.788656e-03,1.264414e-02,1.043066e-02,6.989871e-02,1.716263e-03,3.407690e-03,2.531438e-02,3.496508e-03,1.547668e-01,2.208682e-01,4.148070e-03,8.351988e-03,1.298058e-02
4.287520e-01,2.135680e-02,7.518630e-03,1.081845e-02,1.524811e-02,5.841102e-02,1.980014e-03,4.439754e-03,3.451416e-02,3.980984e-03,1.293911e-01,2.579681e-01,4.437329e-03,8.759682e-03,1.242380e-02
4.258265e-01,1.920771e-02,7.435828e-03,1.339155e-02,2.177222e-02,4.691672e-02,1.925102e-03,5.433368e-03,3.600174e-02,3.609932e-03,9.869448e-02,2.951392e-01,4.287195e-03,7.170219e-03,1.318827e-02
4.285597e-01,1.765486e-02,8.092523e-03,1.175500e-02,4.156106e-02,3.762216e-02,3.255407e-03,6.519258e-03,6.004890e-02,3.212238e-03,7.399844e-02,2.855862e-01,3.929882e-03,5.619500e-03,1.258481e-02
4.025570e-01,1.525311e-02,1.040951e-02,1.188163e-02,7.862535e-02,3.699844e-02,3.933268e-03,1.889354e-02,6.844091e-02,3.420995e-03,5.625806e-02,2.732862e-01,4.805471e-03,4.601503e-03,1.063505e-02
3.518034e-01,1.483832e-02,1.573829e-02,1.456630e-02,1.006336e-01,3.277698e-02,3.234088e-03,2.489050e-02,9.472381e-02,4.402543e-03,4.674028e-02,2.752075e-01,5.398224e-03,5.153429e-03,9.892764e-03
3.363199e-01,1.701371e-02,1.818168e-02,1.475920e-02,1.132750e-01,2.812638e-02,3.282357e-03,2.126500e-02,1.211656e-01,7.126757e-03,3.789524e-02,2.533198e-01,9.168696e-03,5.529037e-03,1.357156e-02
2.511180e-01,2.961323e-02,1.618272e-02,1.154268e-02,1.259477e-01,2.580796e-02,2.960856e-03,2.371079e-02,2.617370e-01,7.318433e-03,2.837804e-02,1.893045e-01,8.613487e-03,6.255542e-03,1.150907e-02
2.295578e-01,3.258492e-02,1.776438e-02,1.115183e-02,1.501858e-01,2.319519e-02,2.974214e-03,2.915115e-02,3.007810e-01,9.874912e-03,2.190169e-02,1.445518e-01,8.794565e-03,5.898066e-03,1.163271e-02
2.371064e-01,4.574511e-02,2.242122e-02,1.516523e-02,1.666958e-01,2.134948e-02,2.952302e-03,4.001018e-02,2.695444e-01,1.343246e-02,1.885227e-02,1.106765e-01,8.512224e-03,6.734043e-03,2.080230e-02
1.970604e-01,7.770795e-02,2.402568e-02,1.397014e-02,1.680620e-01,2.250024e-02,2.512173e-03,4.085664e-02,2.958228e-01,1.772592e-02,1.519191e-02,8.056730e-02,8.472971e-03,6.014720e-03,2.950915e-02
1.588569e-01,1.010835e-01,2.131736e-02,1.160971e-02,1.615459e-01,2.276987e-02,2.258678e-03,3.879764e-02,3.522922e-01,1.598585e-02,1.284167e-02,5.914348e-02,7.069953e-03,6.092056e-03,2.833524e-02
1.433429e-01,1.349861e-01,1.785769e-02,1.348338e-02,1.596656e-01,2.193633e-02,2.126812e-03,4.418275e-02,3.456917e-01,1.279050e-02,1.289526e-02,4.628202e-02,6.558869e-03,5.685973e-03,3.251408e-02
1.420561e-01,1.377669e-01,1.577594e-02,1.835891e-02,1.487417e-01,2.075862e-02,2.739260e-03,7.920600e-02,3.291615e-01,1.061805e-02,1.190748e-02,3.744644e-02,5.851681e-03,4.911632e-03,3.469972e-02
1.758806e-01,1.593082e-01,1.396014e-02,2.132658e-02,1.752196e-01,1.918284e-02,2.457512e-03,7.316543e-02,2.691702e-01,9.295559e-03,1.060333e-02,2.902091e-02,5.426146e-03,5.298594e-03,3.068442e-02
2.097582e-01,1.449152e-01,1.940642e-02,2.878846e-02,1.956280e-01,1.845988e-02,3.474119e-03,7.115884e-02,2.243825e-01,1.116461e-02,1.036602e-02,2.470933e-02,6.073639e-03,6.043068e-03,2.567157e-02
2.104217e-01,1.681926e-01,1.725240e-02,2.917813e-02,1.905033e-01,1.884236e-02,3.380701e-03,5.424829e-02,2.245969e-01,1.128938e-02,1.447173e-02,2.073574e-02,5.710018e-03,9.517957e-03,2.165879e-02
1.942375e-01,2.086608e-01,1.354705e-02,2.556978e-02,1.661838e-01,2.127435e-02,3.084531e-03,3.999858e-02,2.514373e-01,9.070648e-03,1.756482e-02,1.817264e-02,4.860933e-03,8.296366e-03,1.804099e-02
1.849217e-01,2.691047e-01,1.069429e-02,2.285911e-02,1.377067e-01,2.084772e-02,2.715008e-03,2.974269e-02,2.561553e-01,7.327024e-03,1.473621e-02,1.574579e-02,4.420213e-03,7.936889e-03,1.508664e-02
2.242849e-01,2.485564e-01,8.631421e-03,2.066667e-02,1.201106e-01,2.805769e-02,2.489567e-03,2.187973e-02,2.655804e-01,6.166012e-03,1.236961e-02,1.566179e-02,5.031056e-03,6.980504e-03,1.353366e-02
2.947950e-01,2.030372e-01,7.714339e-03,4.071571e-02,1.039888e-01,2.528742e-02,3.109731e-03,1.960602e-02,2.369744e-01,5.395455e-03,1.135398e-02,2.062678e-02,9.597126e-03,5.639761e-03,1.215829e-02
3.645134e-01,1.661601e-01,9.708593e-03,6.226920e-02,8.612806e-02,2.079770e-02,4.158343e-03,1.656219e-02,1.984980e-01,8.104429e-03,9.725705e-03,2.438812e-02,1.115047e-02,4.612392e-03,1.322330e-02
4.951265e-01,1.214326e-01,8.813029e-03,5.294941e-02,6.581382e-02,2.023303e-02,4.342293e-03,1.388163e-02,1.445542e-01,7.080605e-03,9.096085e-03,2.620506e-02,1.279742e-02,4.554783e-03,1.311963e-02
1.000000e+00,0.000000e+00,0.000000e+00,0.000000e+00,0.000000e+00,0.000000e+00,0.000000e+00,0.000000e+00,0.000000e+00,0.000000e+00,0.000000e+00,0.000000e+00,0.000000e+00,0.000000e+00,0.000000e+00
1.000000e+00,0.000000e+00,0.000000e+00,0.000000e+00,0.000000e+00,0.000000e+00,0.000000e+00,0.000000e+00,0.000000e+00,0.000000e+00,0.000000e+00,0.000000e+00,0.000000e+00,0.000000e+00,0.000000e+00
1.000000e+00,0.000000e+00,0.000000e+00,0.000000e+00,0.000000e+00,0.000000e+00,0.000000e+00,0.000000e+00,0.000000e+00,0.000000e+00,0.000000e+00,0.000000e+00,0.000000e+00,0.000000e+00,0.000000e+00
1.000000e+00,0.000000e+00,0.000000e+00,0.000000e+00,0.000000e+00,0.000000e+00,0.000000e+00,0.000000e+00,0.000000e+00,0.000000e+00,0.000000e+00,0.000000e+00,0.000000e+00,0.000000e+00,0.000000e+00
1.000000e+00,0.000000e+00,0.000000e+00,0.000000e+00,0.000000e+00,0.000000e+00,0.000000e+00,0.000000e+00,0.000000e+00,0.000000e+00,0.000000e+00,0.000000e+00,0.000000e+00,0.000000e+00,0.000000e+00
1.000000e+00,0.000000e+00,0.000000e+00,0.000000e+00,0.000000e+00,0.000000e+00,0.000000e+00,0.000000e+00,0.000000e+00,0.000000e+00,0.000000e+00,0.000000e+00,0.000000e+00,0.000000e+00,0.000000e+00
1.000000e+00,0.000000e+00,0.000000e+00,0.000000e+00,0.000000e+00,0.000000e+00,0.000000e+00,0.000000e+00,0.000000e+00,0.000000e+00,0.000000e+00,0.000000e+00,0.000000e+00,0.000000e+00,0.000000e+00
4.553125e-01,4.414602e-02,3.664955e-02,1.898789e-01,1.551040e-02,1.333695e-02,3.782128e-03,3.553902e-02,3.759903e-02,6.218161e-03,7.355346e-02,1.906600e-02,2.217169e-02,2.849943e-02,1.873677e-02
4.971921e-01,3.559783e-02,5.166578e-02,1.433574e-01,1.776263e-02,1.388874e-02,4.475160e-03,3.698736e-02,3.015805e-02,6.123720e-03,6.656681e-02,1.591025e-02,2.267111e-02,4.203840e-02,1.560470e-02
1.000000e+00,0.000000e+00,0.000000e+00,0.000000e+00,0.000000e+00,0.000000e+00,0.000000e+00,0.000000e+00,0.000000e+00,0.000000e+00,0.000000e+00,0.000000e+00,0.000000e+00,0.000000e+00,0.000000e+00
4.362747e-01,2.423754e-02,3.918582e-02,9.061132e-02,4.769644e-02,2.058723e-02,5.860558e-03,3.268080e-02,3.745782e-02,1.154727e-02,8.897496e-02,1.116422e-02,3.917155e-02,8.923239e-02,2.531735e-02
4.183817e-01,2.250804e-02,3.853638e-02,7.728274e-02,4.263850e-02,2.533933e-02,5.891714e-03,3.189512e-02,5.713911e-02,1.834263e-02,7.587098e-02,8.967775e-03,3.322441e-02,1.112849e-01,3.269664e-02
3.311503e-01,4.673281e-02,4.292880e-02,6.173698e-02,3.383256e-02,2.331701e-02,5.720983e-03,2.713176e-02,1.485607e-01,2.653768e-02,5.669948e-02,7.558420e-03,2.682463e-02,1.173932e-01,4.387467e-02
2.681631e-01,4.312803e-02,3.747341e-02,4.817746e-02,2.580302e-02,1.966804e-02,6.202369e-03,2.271991e-02,1.505768e-01,2.251640e-02,4.936825e-02,6.725555e-03,2.312836e-02,2.001030e-01,7.624628e-02
2.180508e-01,3.714565e-02,3.434119e-02,4.178229e-02,2.388465e-02,1.773500e-02,1.258392e-02,6.300481e-02,1.288066e-01,2.009237e-02,4.128437e-02,6.541716e-03,2.598201e-02,2.080079e-01,1.207566e-01
2.341206e-01,3.615199e-02,3.665102e-02,4.007060e-02,2.378883e-02,1.713980e-02,1.198356e-02,5.107756e-02,1.009872e-01,1.599136e-02,3.417422e-02,8.330514e-03,3.047843e-02,1.857754e-01,1.732787e-01
2.913849e-01,3.527507e-02,3.331576e-02,3.703713e-02,3.415955e-02,1.920089e-02,9.687677e-03,4.073144e-02,8.310007e-02,1.257353e-02,3.814926e-02,1.168099e-02,3.741650e-02,1.546986e-01,1.615886e-01
2.603773e-01,4.141589e-02,4.805817e-02,4.569699e-02,5.635976e-02,1.929932e-02,8.637020e-03,6.381927e-02,1.097226e-01,1.142140e-02,3.167688e-02,1.167447e-02,4.013444e-02,1.170260e-01,1.346805e-01
2.504206e-01,4.601149e-02,4.957823e-02,4.197165e-02,8.517898e-02,2.068632e-02,7.560578e-03,8.369699e-02,1.259978e-01,9.441506e-03,2.680580e-02,1.129375e-02,4.209943e-02,9.335626e-02,1.059006e-01
2.849641e-01,6.643295e-02,4.511707e-02,3.937148e-02,7.467360e-02,1.844096e-02,5.928500e-03,6.526337e-02,1.544450e-01,8.572099e-03,2.557683e-02,1.369376e-02,3.469205e-02,8.076250e-02,8.206580e-02
3.222577e-01,8.833437e-02,3.588579e-02,3.538958e-02,7.140047e-02,1.571580e-02,4.492969e-03,4.953894e-02,1.722145e-01,7.839726e-03,2.398693e-02,1.456379e-02,2.974452e-02,6.662197e-02,6.201290e-02
3.753305e-01,8.423346e-02,3.142908e-02,3.749784e-02,6.404787e-02,1.469350e-02,4.066979e-03,5.421534e-02,1.499859e-01,7.030611e-03,2.689943e-02,2.477550e-02,2.792295e-02,5.009866e-02,4.777234e-02
4.485196e-01,6.590891e-02,2.504335e-02,4.376818e-02,5.224964e-02,1.601545e-02,4.205195e-03,5.101883e-02,1.209590e-01,6.294927e-03,2.878048e-02,3.383357e-02,2.662526e-02,3.788990e-02,3.888777e-02
4.086834e-01,5.578908e-02,2.290597e-02,8.764987e-02,4.770758e-02,2.284707e-02,4.739445e-03,4.644524e-02,1.105786e-01,5.464389e-03,3.669842e-02,5.095894e-02,2.659793e-02,3.118573e-02,4.174832e-02
3.247363e-01,4.846002e-02,2.262562e-02,1.264367e-01,4.091397e-02,2.414177e-02,4.377639e-03,4.527365e-02,1.108610e-01,4.877560e-03,7.365862e-02,7.400163e-02,2.523809e-02,3.253580e-02,4.186167e-02
2.521965e-01,4.307773e-02,2.147726e-02,1.422414e-01,3.495485e-02,2.516096e-02,3.693955e-03,3.655545e-02,1.280725e-01,4.032438e-03,1.229716e-01,7.579091e-02,2.251725e-02,3.834690e-02,4.891032e-02
2.125722e-01,4.137198e-02,1.994159e-02,1.698642e-01,3.636710e-02,2.527271e-02,3.317659e-03,3.002118e-02,1.311748e-01,4.014955e-03,1.302841e-01,7.226613e-02,1.816249e-02,4.382513e-02,6.154379e-02
1.894934e-01,3.932494e-02,2.078978e-02,1.924435e-01,3.356113e-02,2.542769e-02,3.096871e-03,2.651625e-02,1.326058e-01,4.662341e-03,1.250373e-01,7.850923e-02,1.594361e-02,4.288249e-02,6.970570e-02
1.553330e-01,4.414140e-02,1.890839e-02,1.925943e-01,2.812961e-02,2.166820e-02,2.636378e-03,2.120070e-02,1.576617e-01,5.597037e-03,1.328342e-01,7.321896e-02,1.469031e-02,4.570778e-02,8.567819e-02
1.207528e-01,3.740269e-02,2.448126e-02,2.570765e-01,2.691458e-02,1.806642e-02,2.563041e-03,2.340709e-02,1.906818e-01,5.068387e-03,1.014921e-01,5.670629e-02,1.222108e-02,3.840311e-02,8.476302e-02
1.413360e-01,3.815683e-02,2.100931e-02,2.359575e-01,2.585810e-02,1.713205e-02,3.217923e-03,1.923457e-02,1.968547e-01,5.220509e-03,9.616450e-02,5.335234e-02,1.125022e-02,4.424307e-02,9.101246e-02
1.269107e-01,3.566454e-02,2.132853e-02,2.777975e-01,3.666761e-02,1.726430e-02,4.777275e-03,2.125170e-02,1.867547e-01,5.034436e-03,8.954412e-02,4.908684e-02,1.076162e-02,4.073786e-02,7.641832e-02
1.648191e-01,3.525944e-02,1.847262e-02,2.446560e-01,3.508690e-02,1.783717e-02,5.547940e-03,1.924562e-02,1.887904e-01,5.120531e-03,9.170280e-02,4.639347e-02,1.201216e-02,4.269362e-02,7.236219e-02
1.657440e-01,3.359921e-02,2.031365e-02,2.422776e-01,3.393859e-02,1.809084e-02,5.806925e-03,2.403333e-02,1.734301e-01,4.996910e-03,1.003738e-01,5.189527e-02,1.544439e-02,4.426710e-02,6.578825e-02
1.707582e-01,3.365569e-02,2.259322e-02,2.231615e-01,2.784252e-02,2.088450e-02,6.016161e-03,2.425452e-02,1.798798e-01,5.298723e-03,1.111458e-01,5.413147e-02,1.857170e-02,3.772660e-02,6.407966e-02
1.441382e-01,2.876801e-02,2.601428e-02,2.186298e-01,2.105282e-02,2.124770e-02,4.494064e-03,1.929045e-02,1.592544e-01,4.208845e-03,1.875012e-01,7.034589e-02,1.546119e-02,3.052849e-02,4.906460e-02
1.032267e-01,2.090056e-02,1.876711e-02,2.712468e-01,1.502758e-02,1.671179e-02,3.191911e-03,1.361155e-02,1.139226e-01,3.164364e-03,1.995402e-01,1.493949e-01,1.498199e-02,2.158416e-02,3.472779e-02
7.243458e-02,1.470041e-02,1.338178e-02,2.169134e-01,1.064988e-02,1.185267e-02,2.254625e-03,9.539722e-03,8.029503e-02,2.865094e-03,1.528062e-01,3.393036e-01,3.344469e-02,1.515099e-02,2.440741e-02
5.100287e-02,1.032003e-02,9.410617e-03,1.641987e-01,8.057529e-03,9.156835e-03,1.631095e-03,6.696128e-03,5.717744e-02,3.038974e-03,1.219253e-01,4.867522e-01,4.262240e-02,1.079054e-02,1.721937e-02
3.865743e-02,7.346369e-03,6.645975e-03,1.199113e-01,1.365712e-02,1.164585e-02,1.561369e-03,4.952559e-03,4.805745e-02,2.382367e-03,8.899578e-02,5.783904e-01,5.775929e-02,7.784511e-03,1.225220e-02
2.887908e-02,5.279556e-03,4.715157e-03,8.689899e-02,2.260759e-02,1.584054e-02,1.492616e-03,3.893380e-03,4.643442e-02,1.812385e-03,6.970533e-02,6.414589e-01,5.642939e-02,5.804627e-03,8.748114e-03
