1.000000e+00,0.000000e+00,0.000000e+00,0.000000e+00,0.000000e+00,0.000000e+00,0.000000e+00,0.000000e+00,0.000000e+00,0.000000e+00,0.000000e+00,0.000000e+00,0.000000e+00,0.000000e+00,0.000000e+00
1.000000e+00,0.000000e+00,0.000000e+00,0.000000e+00,0.000000e+00,0.000000e+00,0.000000e+00,0.000000e+00,0.000000e+00,0.000000e+00,0.000000e+00,0.000000e+00,0.000000e+00,0.000000e+00,0.000000e+00
1.000000e+00,0.000000e+00,0.000000e+00,0.000000e+00,0.000000e+00,0.000000e+00,0.000000e+00,0.000000e+00,0.000000e+00,0.000000e+00,0.000000e+00,0.000000e+00,0.000000e+00,0.000000e+00,0.000000e+00
1.000000e+00,0.000000e+00,0.000000e+00,0.000000e+00,0.000000e+00,0.000000e+00,0.000000e+00,0.000000e+00,0.000000e+00,0.000000e+00,0.000000e+00,0.000000e+00,0.000000e+00,0.000000e+00,0.000000e+00
1.000000e+00,0.000000e+00,0.000000e+00,0.000000e+00,0.000000e+00,0.000000e+00,0.000000e+00,0.000000e+00,0.000000e+00,0.000000e+00,0.000000e+00,0.000000e+00,0.000000e+00,0.000000e+00,0.000000e+00
1.000000e+00,0.000000e+00,0.000000e+00,0.000000e+00,0.000000e+00,0.000000e+00,0.000000e+00,0.000000e+00,0.000000e+00,0.000000e+00,0.000000e+00,0.000000e+00,0.000000e+00,0.000000e+00,0.000000e+00
1.000000e+00,0.000000e+00,0.000000e+00,0.000000e+00,0.000000e+00,0.000000e+00,0.000000e+00,0.000000e+00,0.000000e+00,0.000000e+00,0.000000e+00,0.000000e+00,0.000000e+00,0.000000e+00,0.000000e+00
1.000000e+00,0.000000e+00,0.000000e+00,0.000000e+00,0.000000e+00,0.000000e+00,0.000000e+00,0.000000e+00,0.000000e+00,0.000000e+00,0.000000e+00,0.000000e+00,0.000000e+00,0.000000e+00,0.000000e+00
1.000000e+00,0.000000e+00,0.000000e+00,0.000000e+00,0.000000e+00,0.000000e+00,0.000000e+00,0.000000e+00,0.000000e+00,0.000000e+00,0.000000e+00,0.000000e+00,0.000000e+00,0.000000e+00,0.000000e+00
1.000000e+00,0.000000e+00,0.000000e+00,0.000000e+00,0.000000e+00,0.000000e+00,0.000000e+00,0.000000e+00,0.000000e+00,0.000000e+00,0.000000e+00,0.000000e+00,0.000000e+00,0.000000e+00,0.000000e+00
1.000000e+00,0.000000e+00,0.000000e+00,0.000000e+00,0.000000e+00,0.000000e+00,0.000000e+00,0.000000e+00,0.000000e+00,0.000000e+00,0.000000e+00,0.000000e+00,0.000000e+00,0.000000e+00,0.000000e+00
1.000000e+00,0.000000e+00,0.000000e+00,0.000000e+00,0.000000e+00,0.000000e+00,0.000000e+00,0.000000e+00,0.000000e+00,0.000000e+00,0.000000e+00,0.000000e+00,0.000000e+00,0.000000e+00,0.000000e+00
1.000000e+00,0.000000e+00,0.000000e+00,0.000000e+00,0.000000e+00,0.000000e+00,0.000000e+00,0.000000e+00,0.000000e+00,0.000000e+00,0.000000e+00,0.000000e+00,0.000000e+00,0.000000e+00,0.000000e+00
1.000000e+00,0.000000e+00,0.000000e+00,0.000000e+00,0.000000e+00,0.000000e+00,0.000000e+00,0.000000e+00,0.000000e+00,0.000000e+00,0.000000e+00,0.000000e+00,0.000000e+00,0.000000e+00,0.000000e+00
1.000000e+00,0.000000e+00,0.000000e+00,0.000000e+00,0.000000e+00,0.000000e+00,0.000000e+00,0.000000e+00,0.000000e+00,0.000000e+00,0.000000e+00,0.000000e+00,0.000000e+00,0.000000e+00,0.000000e+00
1.000000e+00,0.000000e+00,0.000000e+00,0.000000e+00,0.000000e+00,0.000000e+00,0.000000e+00,0.000000e+00,0.000000e+00,0.000000e+00,0.000000e+00,0.000000e+00,0.000000e+00,0.000000e+00,0.000000e+00
1.000000e+00,0.000000e+00,0.000000e+00,0.000000e+00,0.000000e+00,0.000000e+00,0.000000e+00,0.000000e+00,0.000000e+00,0.000000e+00,0.000000e+00,0.000000e+00,0.000000e+00,0.000000e+00,0.000000e+00
1.000000e+00,0.000000e+00,0.000000e+00,0.000000e+00,0.000000e+00,0.000000e+00,0.000000e+00,0.000000e+00,0.000000e+00,0.000000e+00,0.000000e+00,0.000000e+00,0.000000e+00,0.000000e+00,0.000000e+00
1.000000e+00,0.000000e+00,0.000000e+00,0.000000e+00,0.000000e+00,0.000000e+00,0.000000e+00,0.000000e+00,0.000000e+00,0.000000e+00,0.000000e+00,0.000000e+00,0.000000e+00,0.000000e+00,0.000000e+00
1.000000e+00,0.000000e+00,0.000000e+00,0.000000e+00,0.000000e+00,0.000000e+00,0.000000e+00,0.000000e+00,0.000000e+00,0.000000e+00,0.000000e+00,0.000000e+00,0.000000e+00,0.000000e+00,0.000000e+00
1.000000e+00,0.000000e+00,0.000000e+00,0.000000e+00,0.000000e+00,0.000000e+00,0.000000e+00,0.000000e+00,0.000000e+00,0.000000e+00,0.000000e+00,0.000000e+00,0.000000e+00,0.000000e+00,0.000000e+00
4.360811e-01,8.533565e-02,3.911613e-02,2.164895e-01,1.034452e-02,2.130839e-02,2.838279e-03,9.095025e-03,2.002511e-02,6.766329e-03,3.732476e-02,2.480255e-02,1.667061e-02,1.950083e-02,5.430116e-02
3.313509e-01,1.136470e-01,4.067195e-02,1.744913e-01,7.883188e-03,1.744432e-02,2.058784e-03,7.333151e-03,2.427603e-02,2.272174e-02,3.408309e-02,1.808650e-02,1.353339e-02,1.805441e-02,1.743644e-01
2.797551e-01,9.176853e-02,3.177111e-02,1.231998e-01,6.331950e-03,1.526217e-02,1.580574e-03,5.997652e-03,1.921896e-02,2.381403e-02,2.943823e-02,2.100384e-02,1.720851e-02,1.551948e-02,3.181301e-01
2.489683e-01,8.003497e-02,4.574454e-02,9.132883e-02,1.055954e-02,1.494702e-02,1.538303e-03,9.180017e-03,2.078145e-02,8.604631e-02,4.386966e-02,2.633085e-02,4.181377e-02,1.457927e-02,2.642772e-01
2.074073e-01,6.192575e-02,3.688213e-02,7.738847e-02,1.361131e-02,1.582808e-02,1.710896e-03,1.291825e-02,3.356504e-02,7.919537e-02,9.656814e-02,2.648620e-02,8.776467e-02,1.580805e-02,2.329404e-01
1.603380e-01,4.625480e-02,2.648600e-02,6.253585e-02,1.595023e-02,1.378280e-02,1.451926e-03,9.844090e-03,3.704996e-02,6.858540e-02,1.778325e-01,3.209783e-02,7.928306e-02,1.643284e-02,2.520747e-01
1.168932e-01,3.361463e-02,1.877568e-02,5.030756e-02,4.710623e-02,1.730714e-02,1.174287e-03,7.569992e-03,3.074070e-02,5.090757e-02,2.323605e-01,5.292125e-02,8.051014e-02,1.501214e-02,2.447990e-01
8.809081e-02,2.403698e-02,1.358921e-02,3.911459e-02,4.465090e-02,1.401629e-02,1.197640e-03,6.189618e-03,2.628328e-02,3.936979e-02,1.973416e-01,5.440278e-02,7.665990e-02,1.480138e-02,3.602552e-01
1.129448e-01,1.794389e-02,1.051910e-02,2.952364e-02,4.604899e-02,1.750871e-02,1.147132e-03,4.772261e-03,2.358257e-02,3.260022e-02,1.566994e-01,5.756750e-02,1.405173e-01,2.802298e-02,3.206016e-01
1.540131e-01,1.396794e-02,1.102584e-02,2.417766e-02,3.906973e-02,3.203053e-02,1.498995e-03,3.845198e-03,2.563443e-02,2.707528e-02,1.201261e-01,5.188589e-02,1.406049e-01,2.806929e-02,3.269751e-01
1.290815e-01,1.040244e-02,1.115232e-02,2.228548e-02,4.517608e-02,3.589395e-02,2.924884e-03,6.901213e-03,2.108021e-02,2.285485e-02,9.777733e-02,5.107213e-02,1.638206e-01,3.683566e-02,3.427413e-01
1.200015e-01,7.926581e-03,1.140487e-02,1.804307e-02,4.513012e-02,3.669974e-02,3.039999e-03,8.181457e-03,1.683995e-02,1.872947e-02,7.778154e-02,6.605796e-02,2.248340e-01,2.852473e-02,3.168051e-01
9.571467e-02,6.247808e-03,1.143082e-02,1.529412e-02,6.360462e-02,3.191020e-02,3.041676e-03,1.026369e-02,1.625419e-02,1.650185e-02,6.200401e-02,7.455169e-02,2.912348e-01,2.243807e-02,2.795078e-01
7.169791e-02,4.836899e-03,1.485577e-02,1.349333e-02,1.601696e-01,2.325978e-02,4.195088e-03,9.808290e-03,1.561336e-02,1.599788e-02,6.309178e-02,6.075893e-02,2.994419e-01,1.716341e-02,2.256161e-01
9.775075e-02,5.433594e-03,2.134347e-02,1.322102e-02,1.969019e-01,2.021162e-02,6.762601e-03,2.313794e-02,2.956712e-02,4.050297e-02,6.952760e-02,5.098515e-02,2.362431e-01,1.552122e-02,1.728899e-01
1.621078e-01,5.239269e-03,3.186714e-02,1.473858e-02,2.119844e-01,1.962097e-02,1.133524e-02,3.226826e-02,2.827169e-02,3.602508e-02,6.442929e-02,5.363888e-02,1.880063e-01,1.250662e-02,1.279605e-01
3.020031e-01,4.792748e-03,2.414075e-02,1.251400e-02,1.766364e-01,2.107201e-02,9.249393e-03,2.569879e-02,2.491918e-02,3.411517e-02,5.017043e-02,5.582885e-02,1.569590e-01,1.011037e-02,9.178976e-02
4.265631e-01,4.990751e-03,1.961502e-02,1.247067e-02,1.353429e-01,2.319646e-02,7.928351e-03,2.068392e-02,2.170574e-02,2.839122e-02,3.863828e-02,5.690421e-02,1.270532e-01,8.263474e-03,6.825282e-02
4.812429e-01,5.091281e-03,1.767782e-02,1.177005e-02,1.123429e-01,2.617844e-02,8.404783e-03,2.522454e-02,1.841260e-02,2.376891e-02,3.021555e-02,7.079971e-02,1.097430e-01,8.020968e-03,5.110649e-02
1.000000e+00,0.000000e+00,0.000000e+00,0.000000e+00,0.000000e+00,0.000000e+00,0.000000e+00,0.000000e+00,0.000000e+00,0.000000e+00,0.000000e+00,0.000000e+00,0.000000e+00,0.000000e+00,0.000000e+00
1.000000e+00,0.000000e+00,0.000000e+00,0.000000e+00,0.000000e+00,0.000000e+00,0.000000e+00,0.000000e+00,0.000000e+00,0.000000e+00,0.000000e+00,0.000000e+00,0.000000e+00,0.000000e+00,0.000000e+00
1.000000e+00,0.000000e+00,0.000000e+00,0.000000e+00,0.000000e+00,0.000000e+00,0.000000e+00,0.000000e+00,0.000000e+00,0.000000e+00,0.000000e+00,0.000000e+00,0.000000e+00,0.000000e+00,0.000000e+00
1.000000e+00,0.000000e+00,0.000000e+00,0.000000e+00,0.000000e+00,0.000000e+00,0.000000e+00,0.000000e+00,0.000000e+00,0.000000e+00,0.000000e+00,0.000000e+00,0.000000e+00,0.000000e+00,0.000000e+00
1.000000e+00,0.000000e+00,0.000000e+00,0.000000e+00,0.000000e+00,0.000000e+00,0.000000e+00,0.000000e+00,0.000000e+00,0.000000e+00,0.000000e+00,0.000000e+00,0.000000e+00,0.000000e+00,0.000000e+00
1.000000e+00,0.000000e+00,0.000000e+00,0.000000e+00,0.000000e+00,0.000000e+00,0.000000e+00,0.000000e+00,0.000000e+00,0.000000e+00,0.000000e+00,0.000000e+00,0.000000e+00,0.000000e+00,0.000000e+00
1.000000e+00,0.000000e+00,0.000000e+00,0.000000e+00,0.000000e+00,0.000000e+00,0.000000e+00,0.000000e+00,0.000000e+00,0.000000e+00,0.000000e+00,0.000000e+00,0.000000e+00,0.000000e+00,0.000000e+00
1.000000e+00,0.000000e+00,0.000000e+00,0.000000e+00,0.000000e+00,0.000000e+00,0.000000e+00,0.000000e+00,0.000000e+00,0.000000e+00,0.000000e+00,0.000000e+00,0.000000e+00,0.000000e+00,0.000000e+00
1.000000e+00,0.000000e+00,0.000000e+00,0.000000e+00,0.000000e+00,0.000000e+00,0.000000e+00,0.000000e+00,0.000000e+00,0.000000e+00,0.000000e+00,0.000000e+00,0.000000e+00,0.000000e+00,0.000000e+00
1.000000e+00,0.000000e+00,0.000000e+00,0.000000e+00,0.000000e+00,0.000000e+00,0.000000e+00,0.000000e+00,0.000000e+00,0.000000e+00,0.000000e+00,0.000000e+00,0.000000e+00,0.000000e+00,0.000000e+00
1.000000e+00,0.000000e+00,0.000000e+00,0.000000e+00,0.000000e+00,0.000000e+00,0.000000e+00,0.000000e+00,0.000000e+00,0.000000e+00,0.000000e+00,0.000000e+00,0.000000e+00,0.000000e+00,0.000000e+00
1.000000e+00,0.000000e+00,0.000000e+00,0.000000e+00,0.000000e+00,0.000000e+00,0.000000e+00,0.000000e+00,0.000000e+00,0.000000e+00,0.000000e+00,0.000000e+00,0.000000e+00,0.000000e+00,0.000000e+00
1.000000e+00,0.000000e+00,0.000000e+00,0.000000e+00,0.000000e+00,0.000000e+00,0.000000e+00,0.000000e+00,0.000000e+00,0.000000e+00,0.000000e+00,0.000000e+00,0.000000e+00,0.000000e+00,0.000000e+00
1.000000e+00,0.000000e+00,0.000000e+00,0.000000e+00,0.000000e+00,0.000000e+00,0.000000e+00,0.000000e+00,0.000000e+00,0.000000e+00,0.000000e+00,0.000000e+00,0.000000e+00,0.000000e+00,0.000000e+00
1.000000e+00,0.000000e+00,0.000000e+00,0.000000e+00,0.000000e+00,0.000000e+00,0.000000e+00,0.000000e+00,0.000000e+00,0.000000e+00,0.000000e+00,0.000000e+00,0.000000e+00,0.000000e+00,0.000000e+00
1.000000e+00,0.000000e+00,0.000000e+00,0.000000e+00,0.000000e+00,0.000000e+00,0.000000e+00,0.000000e+00,0.000000e+00,0.000000e+00,0.000000e+00,0.000000e+00,0.000000e+00,0.000000e+00,0.000000e+00
1.000000e+00,0.000000e+00,0.000000e+00,0.000000e+00,0.000000e+00,0.000000e+00,0.000000e+00,0.000000e+00,0.000000e+00,0.000000e+00,0.000000e+00,0.000000e+00,0.000000e+00,0.000000e+00,0.000000e+00
4.921483e-01,6.408728e-02,4.041713e-02,5.059852e-02,1.231072e-02,5.554521e-02,2.220207e-02,5.057243e-02,1.244118e-02,8.520447e-03,3.089995e-02,4.347867e-02,1.152900e-02,1.477093e-02,9.047820e-02
4.545116e-01,7.085935e-02,3.791098e-02,5.601838e-02,1.173965e-02,5.578622e-02,1.941027e-02,4.554345e-02,1.482113e-02,9.775714e-03,3.359236e-02,6.015271e-02,1.323459e-02,1.578870e-02,1.008549e-01
3.526925e-01,6.718756e-02,3.157966e-02,5.971989e-02,1.131485e-02,5.145224e-02,1.446346e-02,4.031533e-02,2.477328e-02,1.399548e-02,4.494894e-02,8.889691e-02,1.744099e-02,2.050121e-02,1.607177e-01
3.645434e-01,5.719785e-02,2.961257e-02,5.597606e-02,1.238531e-02,5.381375e-02,1.237551e-02,5.152248e-02,2.448157e-02,1.312942e-02,4.747877e-02,8.305220e-02,1.971960e-02,1.990468e-02,1.548068e-01
3.632318e-01,4.982904e-02,2.477155e-02,5.248815e-02,1.275395e-02,4.813603e-02,9.970141e-03,4.594809e-02,2.528655e-02,1.153707e-02,4.657502e-02,1.189544e-01,4.017111e-02,1.732612e-02,1.330210e-01
2.741009e-01,7.998630e-02,2.515183e-02,1.776021e-01,1.773855e-02,3.591592e-02,7.711621e-03,3.698973e-02,2.430343e-02,9.069528e-03,5.433613e-02,1.102124e-01,3.378310e-02,1.390664e-02,9.919183e-02
2.487174e-01,6.793071e-02,2.146638e-02,1.849545e-01,2.470758e-02,3.154201e-02,6.773463e-03,3.334254e-02,2.903813e-02,7.509208e-03,8.144644e-02,1.232494e-01,4.699828e-02,1.267266e-02,7.965136e-02
2.176225e-01,5.059563e-02,1.678148e-02,1.800255e-01,2.028506e-02,2.428209e-02,5.646038e-03,3.299284e-02,3.977168e-02,6.822701e-03,9.565321e-02,1.655188e-01,6.468944e-02,1.243838e-02,6.687460e-02
2.149066e-01,3.701657e-02,1.331323e-02,1.599743e-01,2.207887e-02,2.058209e-02,5.002244e-03,3.913520e-02,5.056313e-02,5.674120e-03,1.097412e-01,1.520959e-01,1.072344e-01,1.070336e-02,5.197880e-02
2.472103e-01,2.719635e-02,1.058471e-02,1.257790e-01,2.570172e-02,1.852853e-02,4.953624e-03,4.139892e-02,5.576545e-02,4.864123e-03,1.114780e-01,1.462241e-01,1.320375e-01,9.219506e-03,3.905815e-02
3.761032e-01,2.164019e-02,8.925782e-03,1.058613e-01,2.503787e-02,1.821025e-02,5.161752e-03,3.892798e-02,4.865041e-02,4.221083e-03,9.079935e-02,1.108702e-01,1.080938e-01,7.638225e-03,2.985868e-02
4.684396e-01,1.940760e-02,7.072213e-03,8.294092e-02,3.003759e-02,1.586827e-02,5.248367e-03,3.439720e-02,5.194267e-02,3.256223e-03,8.129764e-02,8.799813e-02,8.255567e-02,6.069024e-03,2.346889e-02
1.000000e+00,0.000000e+00,0.000000e+00,0.000000e+00,0.000000e+00,0.000000e+00,0.000000e+00,0.000000e+00,0.000000e+00,0.000000e+00,0.000000e+00,0.000000e+00,0.000000e+00,0.000000e+00,0.000000e+00
1.000000e+00,0.000000e+00,0.000000e+00,0.000000e+00,0.000000e+00,0.000000e+00,0.000000e+00,0.000000e+00,0.000000e+00,0.000000e+00,0.000000e+00,0.000000e+00,0.000000e+00,0.000000e+00,0.000000e+00
1.000000e+00,0.000000e+00,0.000000e+00,0.000000e+00,0.000000e+00,0.000000e+00,0.000000e+00,0.000000e+00,0.000000e+00,0.000000e+00,0.000000e+00,0.000000e+00,0.000000e+00,0.000000e+00,0.000000e+00
1.000000e+00,0.000000e+00,0.000000e+00,0.000000e+00,0.000000e+00,0.000000e+00,0.000000e+00,0.000000e+00,0.000000e+00,0.000000e+00,0.000000e+00,0.000000e+00,0.000000e+00,0.000000e+00,0.000000e+00
1.000000e+00,0.000000e+00,0.000000e+00,0.000000e+00,0.000000e+00,0.000000e+00,0.000000e+00,0.000000e+00,0.000000e+00,0.000000e+00,0.000000e+00,0.000000e+00,0.000000e+00,0.000000e+00,0.000000e+00
1.000000e+00,0.000000e+00,0.000000e+00,0.000000e+00,0.000000e+00,0.000000e+00,0.000000e+00,0.000000e+00,0.000000e+00,0.000000e+00,0.000000e+00,0.000000e+00,0.000000e+00,0.000000e+00,0.000000e+00
1.000000e+00,0.000000e+00,0.000000e+00,0.000000e+00,0.000000e+00,0.000000e+00,0.000000e+00,0.000000e+00,0.000000e+00,0.000000e+00,0.000000e+00,0.000000e+00,0.000000e+00,0.000000e+00,0.000000e+00
1.000000e+00,0.000000e+00,0.000000e+00,0.000000e+00,0.000000e+00,0.000000e+00,0.000000e+00,0.000000e+00,0.000000e+00,0.000000e+00,0.000000e+00,0.000000e+00,0.000000e+00,0.000000e+00,0.000000e+00
1.000000e+00,0.000000e+00,0.000000e+00,0.000000e+00,0.000000e+00,0.000000e+00,0.000000e+00,0.000000e+00,0.000000e+00,0.000000e+00,0.000000e+00,0.000000e+00,0.000000e+00,0.000000e+00,0.000000e+00
1.000000e+00,0.000000e+00,0.000000e+00,0.000000e+00,0.000000e+00,0.000000e+00,0.000000e+00,0.000000e+00,0.000000e+00,0.000000e+00,0.000000e+00,0.000000e+00,0.000000e+00,0.000000e+00,0.000000e+00
4.942873e-01,2.835160e-02,1.024251e-02,1.439442e-01,8.733536e-02,3.823357e-02,9.823970e-03,1.812981e-02,4.527252e-02,2.045636e-03,1.561536e-02,5.290495e-02,3.205862e-02,3.568232e-03,1.818638e-02
3.833158e-01,3.032022e-02,1.109699e-02,2.340863e-01,8.045135e-02,3.921266e-02,1.139143e-02,3.666047e-02,4.660438e-02,1.953880e-03,1.801345e-02,5.897766e-02,2.839766e-02,3.350672e-03,1.616703e-02
3.336366e-01,3.031861e-02,1.072652e-02,2.714795e-01,7.591707e-02,3.384634e-02,1.498453e-02,4.452355e-02,5.941510e-02,1.660969e-03,1.986379e-02,6.092008e-02,2.669241e-02,2.986563e-03,1.302831e-02
2.564895e-01,2.622435e-02,9.960523e-03,3.753908e-01,8.243671e-02,2.734927e-02,1.682847e-02,4.893804e-02,4.873681e-02,1.412062e-03,1.787623e-02,5.414516e-02,2.185830e-02,2.375563e-03,9.978211e-03
2.289348e-01,2.565298e-02,9.028886e-03,4.159150e-01,8.144524e-02,2.247450e-02,1.784790e-02,4.672195e-02,4.509520e-02,1.371597e-03,1.835289e-02,5.555570e-02,2.074501e-02,2.152685e-03,8.705622e-03
2.022793e-01,2.022012e-02,8.195756e-03,4.191859e-01,6.360200e-02,2.714007e-02,1.375042e-02,4.463907e-02,3.906818e-02,1.433222e-03,3.562993e-02,9.626263e-02,1.949625e-02,2.058023e-03,7.039109e-03
1.586366e-01,1.573850e-02,9.972174e-03,3.088289e-01,4.910668e-02,2.384268e-02,1.066320e-02,2.550585e-01,2.902573e-02,1.137753e-03,3.106326e-02,8.398323e-02,1.543156e-02,2.096651e-03,5.414586e-03
1.200591e-01,1.149283e-02,1.071486e-02,2.204375e-01,3.947863e-02,1.866475e-02,1.175047e-02,4.398953e-01,2.138834e-02,8.662223e-04,2.527569e-02,6.275072e-02,1.148154e-02,1.734416e-03,4.009530e-03
1.999055e-01,1.064228e-02,2.112032e-02,1.606535e-01,5.062257e-02,4.815687e-02,2.315816e-02,3.631131e-01,1.792553e-02,1.656807e-03,2.860843e-02,5.270284e-02,1.399331e-02,2.113404e-03,5.627398e-03
1.848157e-01,1.168568e-02,3.994000e-02,1.327163e-01,4.923704e-02,4.630983e-02,3.362286e-02,2.940190e-01,1.650851e-02,2.702068e-02,4.056585e-02,7.629441e-02,2.991042e-02,4.124577e-03,1.322919e-02
2.364620e-01,9.028029e-03,2.911601e-02,1.048626e-01,3.525302e-02,4.280950e-02,2.442272e-02,2.209291e-01,1.447784e-02,2.037346e-02,8.466162e-02,9.106728e-02,5.322141e-02,2.196106e-02,1.135432e-02
2.593429e-01,6.833062e-03,2.106486e-02,7.805435e-02,2.568015e-02,3.422980e-02,1.915814e-02,1.585338e-01,1.145886e-02,1.519059e-02,9.785426e-02,7.714072e-02,1.497052e-01,3.357419e-02,1.217909e-02
2.397267e-01,6.057033e-03,1.515214e-02,5.813004e-02,1.926023e-02,2.736956e-02,1.972121e-02,1.123965e-01,1.084415e-02,1.143190e-02,9.559997e-02,8.279604e-02,2.451050e-01,4.661050e-02,9.799083e-03
3.412926e-01,1.432468e-02,1.410874e-02,5.444862e-02,2.259321e-02,2.107751e-02,1.434949e-02,8.256207e-02,1.814833e-02,9.241057e-03,9.217554e-02,6.639475e-02,1.954670e-01,4.357946e-02,1.023696e-02
4.045314e-01,2.201646e-02,1.159524e-02,5.876529e-02,2.433903e-02,1.738779e-02,1.056618e-02,6.022031e-02,2.303281e-02,7.375698e-03,9.094760e-02,5.531388e-02,1.483511e-01,5.223265e-02,1.332466e-02
4.376928e-01,2.584937e-02,1.239722e-02,4.430003e-02,3.078620e-02,1.371458e-02,8.211371e-03,4.396440e-02,1.924277e-02,6.010524e-03,1.000058e-01,4.369591e-02,1.090151e-01,8.882950e-02,1.628439e-02
4.908868e-01,2.036659e-02,1.069240e-02,3.462997e-02,2.484519e-02,1.482803e-02,6.559572e-03,3.249568e-02,2.109373e-02,5.426689e-03,9.444755e-02,3.330526e-02,7.872793e-02,1.181636e-01,1.353106e-02
1.000000e+00,0.000000e+00,0.000000e+00,0.000000e+00,0.000000e+00,0.000000e+00,0.000000e+00,0.000000e+00,0.000000e+00,0.000000e+00,0.000000e+00,0.000000e+00,0.000000e+00,0.000000e+00,0.000000e+00
1.000000e+00,0.000000e+00,0.000000e+00,0.000000e+00,0.000000e+00,0.000000e+00,0.000000e+00,0.000000e+00,0.000000e+00,0.000000e+00,0.000000e+00,0.000000e+00,0.000000e+00,0.000000e+00,0.000000e+00
1.000000e+00,0.000000e+00,0.000000e+00,0.000000e+00,0.000000e+00,0.000000e+00,0.000000e+00,0.000000e+00,0.000000e+00,0.000000e+00,0.000000e+00,0.000000e+00,0.000000e+00,0.000000e+00,0.000000e+00
4.663702e-01,2.060605e-02,3.616468e-02,2.099223e-02,1.065958e-02,3.632032e-02,3.823274e-03,1.779822e-02,6.465298e-02,2.961289e-03,5.281161e-02,1.349487e-02,2.685558e-02,2.152663e-01,1.122295e-02
3.347074e-01,8.836279e-02,3.288639e-02,1.646585e-02,9.851174e-03,3.360605e-02,2.747049e-03,1.628209e-02,2.090137e-01,2.519915e-03,4.213084e-02,1.010052e-02,2.057454e-02,1.693600e-01,1.139179e-02
2.393976e-01,1.175569e-01,3.209801e-02,1.411340e-02,1.291491e-02,3.797581e-02,2.009862e-03,2.362081e-02,3.154832e-01,2.292703e-03,3.264464e-02,7.727404e-03,1.632712e-02,1.369018e-01,8.935861e-03
1.797328e-01,1.129781e-01,3.160677e-02,1.965619e-02,1.333583e-02,5.195953e-02,1.559978e-03,2.707398e-02,3.759258e-01,2.142890e-03,2.499699e-02,5.641548e-03,1.219918e-02,1.326986e-01,8.491792e-03
1.444377e-01,9.506518e-02,2.570557e-02,1.924392e-02,1.402123e-02,6.307089e-02,1.300764e-03,2.544476e-02,4.060211e-01,1.904649e-03,2.143591e-02,4.622453e-03,9.939076e-03,1.594872e-01,8.299572e-03
1.301045e-01,1.343946e-01,2.433337e-02,1.865187e-02,1.726709e-02,7.128129e-02,1.217774e-03,2.582465e-02,3.558615e-01,1.393928e-03,1.681542e-02,3.758559e-03,7.921766e-03,1.834374e-01,7.736207e-03
1.277270e-01,1.255239e-01,1.918826e-02,1.643742e-02,1.993213e-02,6.636992e-02,1.287103e-03,2.396998e-02,3.441417e-01,1.074620e-03,1.484966e-02,4.678547e-03,8.292856e-03,2.182808e-01,8.246077e-03
1.292360e-01,1.394080e-01,1.507544e-02,1.653597e-02,2.595289e-02,5.753409e-02,1.387920e-03,2.091757e-02,3.201491e-01,9.890336e-04,1.458130e-02,5.802481e-03,9.463465e-03,2.317429e-01,1.122370e-02
1.146078e-01,1.392061e-01,1.497589e-02,4.595903e-02,4.642637e-02,5.746067e-02,1.998830e-03,1.919592e-02,3.114458e-01,9.712701e-04,1.993247e-02,1.648640e-02,2.046961e-02,1.715663e-01,1.929745e-02
1.042387e-01,1.159070e-01,1.534969e-02,8.213218e-02,5.356134e-02,8.125271e-02,5.639649e-03,3.212050e-02,2.521884e-01,1.171156e-03,1.869960e-02,4.757702e-02,4.230351e-02,1.221647e-01,2.569384e-02
1.081254e-01,1.025901e-01,2.067177e-02,9.132475e-02,5.148648e-02,9.517224e-02,8.109568e-03,3.154284e-02,2.060229e-01,1.732560e-03,1.621791e-02,8.565933e-02,6.040057e-02,8.741136e-02,3.353216e-02
9.870874e-02,1.000427e-01,1.938736e-02,1.482944e-01,6.012017e-02,7.861140e-02,7.272624e-03,2.449365e-02,1.809292e-01,2.988541e-03,1.728662e-02,9.672391e-02,6.345117e-02,6.237925e-02,3.931016e-02
8.985459e-02,9.453916e-02,1.769209e-02,2.034533e-01,6.737050e-02,6.593543e-02,6.206984e-03,1.833835e-02,1.455884e-01,4.537240e-03,1.946186e-02,1.035770e-01,6.260911e-02,4.552890e-02,5.530699e-02
6.904887e-02,9.016786e-02,1.827784e-02,2.804558e-01,7.211293e-02,5.332233e-02,5.255044e-03,1.488696e-02,1.177315e-01,5.505707e-03,1.665646e-02,8.814781e-02,5.112507e-02,3.293071e-02,8.437514e-02
7.099535e-02,8.844601e-02,1.706774e-02,2.710903e-01,6.757839e-02,4.576992e-02,6.055336e-03,1.305638e-02,1.048696e-01,6.626816e-03,2.463310e-02,9.259030e-02,5.190865e-02,2.877001e-02,1.105421e-01
7.645412e-02,7.579998e-02,4.021621e-02,2.985250e-01,7.172466e-02,4.083439e-02,6.985239e-03,2.540932e-02,8.305138e-02,5.983116e-03,2.509425e-02,8.688894e-02,4.640780e-02,2.212510e-02,9.450054e-02
1.611122e-01,6.634384e-02,3.480466e-02,2.532131e-01,6.194974e-02,3.603131e-02,6.746152e-03,2.327568e-02,6.905286e-02,5.140346e-03,4.741115e-02,8.815372e-02,4.493600e-02,2.346524e-02,7.836401e-02
1.903403e-01,5.887173e-02,3.042838e-02,2.293205e-01,5.242940e-02,3.238392e-02,6.236441e-03,2.249385e-02,6.164877e-02,4.895931e-03,6.962286e-02,9.996773e-02,4.565124e-02,2.784068e-02,6.786825e-02
1.877270e-01,4.497301e-02,2.559857e-02,1.710058e-01,4.303624e-02,1.031873e-01,5.689097e-03,2.716795e-02,4.779429e-02,4.546273e-03,1.382979e-01,8.796168e-02,3.624090e-02,2.484920e-02,5.192476e-02
2.278448e-01,3.352180e-02,2.082705e-02,1.243594e-01,3.275785e-02,2.027944e-01,4.899438e-03,2.457747e-02,3.732023e-02,8.324016e-03,1.226780e-01,6.638502e-02,2.857005e-02,2.242552e-02,4.271487e-02
2.561032e-01,2.534186e-02,1.591050e-02,9.120461e-02,2.436496e-02,2.857580e-01,4.744674e-03,2.018565e-02,3.516909e-02,1.080819e-02,9.715078e-02,5.030093e-02,2.376232e-02,2.152813e-02,3.766707e-02
3.765126e-01,1.923923e-02,1.327445e-02,7.522874e-02,1.892329e-02,2.372502e-01,3.911895e-03,1.995223e-02,3.878940e-02,9.121886e-03,7.579708e-02,3.966654e-02,2.151186e-02,1.889542e-02,3.192515e-02
3.105028e-01,2.290962e-02,1.495069e-02,1.956157e-01,1.548445e-02,1.779973e-01,2.975505e-03,1.594347e-02,8.375698e-02,7.383798e-03,6.752715e-02,2.877939e-02,1.772053e-02,1.402558e-02,2.442697e-02
2.397267e-01,1.998248e-02,1.670071e-02,2.337691e-01,1.326512e-02,1.277382e-01,2.234556e-03,1.200524e-02,1.525884e-01,5.864264e-03,1.004176e-01,2.075280e-02,1.915237e-02,1.119711e-02,2.460536e-02
1.804982e-01,1.546564e-02,1.331263e-02,1.892395e-01,1.125308e-02,9.768519e-02,1.762596e-03,9.816326e-03,1.286234e-01,4.594443e-03,2.540218e-01,1.522301e-02,3.261388e-02,9.879291e-03,3.601093e-02
1.497180e-01,1.114270e-02,9.496378e-03,1.350154e-01,8.857748e-03,7.218795e-02,1.427798e-03,7.853296e-03,2.021519e-01,4.568255e-03,1.908519e-01,1.143563e-02,5.218347e-02,1.346969e-02,1.296398e-01
1.152518e-01,7.940494e-03,8.420116e-03,9.564686e-02,7.476271e-03,5.143343e-02,1.193693e-03,9.214424e-03,3.579243e-01,4.600724e-03,1.367633e-01,8.365164e-03,6.446844e-02,1.301600e-02,1.182849e-01
9.604376e-02,5.999910e-03,7.261614e-03,6.811351e-02,7.051565e-03,3.734627e-02,1.309135e-03,7.688665e-03,4.661811e-01,1.149954e-02,9.825905e-02,7.044535e-03,6.240107e-02,1.565475e-02,1.081455e-01
7.660055e-02,4.503869e-03,5.818405e-03,4.789037e-02,9.449258e-03,2.676260e-02,1.630510e-03,7.205549e-03,3.700005e-01,1.085746e-02,7.381903e-02,6.984422e-03,1.103801e-01,3.916691e-02,2.089305e-01
5.596827e-02,3.311365e-03,4.285777e-03,3.360455e-02,7.862354e-03,1.889581e-02,1.317526e-03,5.413587e-03,2.767549e-01,1.038061e-02,5.636130e-02,5.609706e-03,9.839136e-02,6.116697e-02,3.606759e-01
4.165533e-02,2.468668e-03,3.469193e-03,2.393463e-02,6.137344e-03,1.342863e-02,9.930175e-04,4.171384e-03,3.055063e-01,1.291764e-02,5.591498e-02,7.110514e-03,8.402524e-02,6.389701e-02,3.743701e-01
2.958900e-02,2.100010e-03,3.746563e-03,1.682927e-02,4.820163e-03,9.664233e-03,7.574299e-04,3.139873e-03,2.175746e-01,1.189999e-02,5.030720e-02,5.337858e-03,6.212915e-02,8.757851e-02,4.945261e-01
2.099472e-02,1.671531e-03,3.051420e-03,1.187821e-02,3.618986e-03,6.898335e-03,5.745571e-04,2.458770e-03,1.547574e-01,1.204255e-02,4.970279e-02,4.056682e-03,4.617264e-02,8.739695e-02,5.947244e-01
1.505333e-02,1.332262e-03,3.202797e-03,8.406799e-03,3.321791e-03,5.250998e-03,4.392350e-04,2.401154e-03,1.100034e-01,2.043639e-02,5.727641e-02,3.358267e-03,3.366193e-02,8.457366e-02,6.512816e-01
1.070096e-02,1.120633e-03,3.446592e-03,6.014667e-03,6.136192e-03,4.872586e-03,3.751731e-04,3.296722e-03,7.808859e-02,2.542073e-02,5.884653e-02,2.845068e-03,2.509181e-02,7.431561e-02,6.994282e-01
1.296765e-02,1.392820e-03,1.369536e-02,6.854705e-03,1.154571e-02,1.046752e-02,4.480671e-04,7.383885e-03,5.832867e-02,5.989578e-02,7.013589e-02,4.768342e-03,1.973642e-02,7.247730e-02,6.499019e-01
1.013592e-02,2.026352e-03,2.634631e-02,5.227850e-03,1.071951e-02,1.341059e-02,3.814455e-04,6.580395e-03,4.406885e-02,5.910879e-02,9.250594e-02,4.239498e-03,1.529292e-02,9.831317e-02,6.116425e-01
1.746417e-02,4.587639e-03,4.523420e-02,4.410787e-03,1.330213e-02,2.083851e-02,3.923704e-04,6.074633e-03,4.132024e-02,5.498879e-02,1.034424e-01,4.122567e-03,1.224826e-02,1.744876e-01,4.970858e-01
3.325618e-02,9.197716e-03,6.273599e-02,4.640203e-03,1.633317e-02,2.391943e-02,3.892273e-04,6.123120e-03,3.758020e-02,4.731704e-02,1.211316e-01,4.216101e-03,9.631105e-03,2.570128e-01,3.665161e-01
3.251168e-02,9.698722e-03,7.248419e-02,4.558407e-03,1.838843e-02,2.255361e-02,3.434178e-04,6.090140e-03,4.121833e-02,3.935335e-02,1.369659e-01,4.082755e-03,7.362074e-03,3.408886e-01,2.635004e-01
2.801770e-02,1.385912e-02,1.237394e-01,3.900138e-03,1.369744e-02,1.797057e-02,3.668305e-04,5.484691e-03,4.128664e-02,2.880809e-02,1.770804e-01,3.675199e-03,6.117594e-03,3.479514e-01,1.880448e-01
4.111111e-02,3.924576e-02,1.337815e-01,1.005206e-02,1.868912e-02,1.938918e-02,3.533250e-04,4.586237e-03,4.192254e-02,2.079932e-02,1.446333e-01,2.826579e-03,4.970380e-03,3.832348e-01,1.344048e-01
6.074089e-02,8.699670e-02,1.587729e-01,1.621096e-02,2.339249e-02,1.823922e-02,3.278364e-04,4.628113e-03,5.066999e-02,1.490146e-02,1.112142e-01,2.272898e-03,4.174662e-03,3.449698e-01,1.024879e-01
8.669388e-02,1.068721e-01,1.521674e-01,4.383186e-02,2.775849e-02,1.623875e-02,4.907232e-04,8.548667e-03,6.115392e-02,1.245151e-02,9.273171e-02,2.244176e-03,3.528599e-03,3.071154e-01,7.817291e-02
8.235228e-02,1.199883e-01,1.911173e-01,7.279141e-02,3.207983e-02,1.749239e-02,5.593160e-04,1.191304e-02,5.984763e-02,9.569002e-03,7.532848e-02,1.965838e-03,2.970727e-03,2.645687e-01,5.745582e-02
9.104578e-02,1.153238e-01,1.930033e-01,9.986083e-02,3.872702e-02,3.191684e-02,7.506748e-04,1.100336e-02,5.883219e-02,6.936424e-03,6.020645e-02,1.674067e-03,2.617850e-03,2.443739e-01,4.372756e-02
1.120419e-01,9.811634e-02,2.061178e-01,1.457278e-01,3.922245e-02,5.194046e-02,9.082037e-04,8.372936e-03,4.711298e-02,4.988990e-03,4.631353e-02,1.700955e-03,2.963204e-03,2.004086e-01,3.406386e-02
1.262789e-01,7.954867e-02,3.221390e-01,1.114015e-01,3.999437e-02,4.920064e-02,9.114865e-04,6.146950e-03,3.800236e-02,3.696715e-03,3.628752e-02,1.626659e-03,2.571810e-03,1.574698e-01,2.472361e-02
1.484220e-01,6.453631e-02,2.896387e-01,1.585198e-01,4.089460e-02,7.156472e-02,1.224676e-03,5.790547e-03,3.176743e-02,2.827287e-03,2.853344e-02,3.425446e-03,3.332836e-03,1.287988e-01,2.072350e-02
2.217113e-01,5.655269e-02,2.724191e-01,1.309784e-01,4.828162e-02,7.585251e-02,1.505286e-03,5.475946e-03,3.607699e-02,2.303239e-03,2.396204e-02,5.497632e-03,3.971084e-03,9.897290e-02,1.643936e-02
2.510973e-01,5.313217e-02,2.046085e-01,1.485046e-01,7.874256e-02,8.163977e-02,4.367539e-03,7.814448e-03,3.790053e-02,2.248682e-03,2.049333e-02,1.393757e-02,8.579746e-03,7.201292e-02,1.492036e-02
3.198712e-01,4.334976e-02,1.579902e-01,1.579012e-01,6.550485e-02,6.519185e-02,4.161534e-03,1.408818e-02,3.962711e-02,2.296807e-03,2.200436e-02,3.019311e-02,1.036240e-02,5.520537e-02,1.225204e-02
4.052604e-01,3.420554e-02,1.247388e-01,1.478762e-01,5.128729e-02,5.030265e-02,3.595925e-03,1.490605e-02,3.896473e-02,2.320232e-03,2.281066e-02,3.902014e-02,1.167567e-02,4.230892e-02,1.072689e-02
4.726533e-01,2.972282e-02,9.211319e-02,1.187723e-01,4.125586e-02,4.044211e-02,3.192699e-03,1.286976e-02,3.990739e-02,2.531888e-03,3.026826e-02,5.400547e-02,1.377568e-02,3.668173e-02,1.180766e-02
4.012483e-01,3.605233e-02,6.869194e-02,1.450643e-01,3.172318e-02,3.202957e-02,2.551887e-03,1.233301e-02,6.916286e-02,5.177342e-03,3.633555e-02,6.341700e-02,1.653136e-02,3.224647e-02,4.743497e-02
2.924395e-01,2.645356e-02,4.840206e-02,1.023012e-01,2.230844e-02,2.741572e-02,1.809588e-03,8.729871e-03,4.923183e-02,3.663168e-03,2.801498e-01,6.715180e-02,1.178075e-02,2.441686e-02,3.374591e-02
2.121428e-01,2.272220e-02,3.412194e-02,7.267252e-02,1.569369e-02,2.076244e-02,1.281065e-03,6.242024e-03,3.632970e-02,2.658750e-03,4.629892e-01,6.048250e-02,8.679519e-03,1.870746e-02,2.451420e-02
1.559238e-01,1.698442e-02,2.406887e-02,5.142660e-02,1.112297e-02,1.696710e-02,9.567899e-04,4.491439e-03,2.593388e-02,1.977788e-03,5.952373e-01,5.543132e-02,6.366591e-03,1.493658e-02,1.817466e-02
1.503897e-01,1.336799e-02,1.807848e-02,3.759266e-02,1.217748e-02,4.065653e-02,1.682098e-03,3.733645e-03,1.871337e-02,1.858199e-03,5.703009e-01,9.567708e-02,5.302390e-03,1.492868e-02,1.554095e-02
1.326698e-01,1.061596e-02,1.334946e-02,2.728970e-02,1.183469e-02,6.084351e-02,1.871709e-03,2.862674e-03,1.356638e-02,1.747476e-03,5.919366e-01,9.955183e-02,4.606918e-03,1.399914e-02,1.325427e-02
1.653143e-01,1.069379e-02,9.964319e-03,2.078342e-02,1.315790e-02,5.261889e-02,1.630084e-03,2.338488e-03,1.056854e-02,1.754119e-03,5.892236e-01,9.011699e-02,4.253755e-03,1.442714e-02,1.315463e-02
1.941560e-01,1.030221e-02,7.351440e-03,1.831418e-02,1.226936e-02,4.742192e-02,1.500380e-03,2.079826e-03,9.844406e-03,1.718353e-03,5.765982e-01,8.348159e-02,4.135096e-03,1.640218e-02,1.442496e-02
2.335608e-01,1.265247e-02,5.725961e-03,1.817783e-02,1.393682e-02,4.359162e-02,1.340342e-03,1.812152e-03,9.357599e-03,1.791121e-03,5.294907e-01,8.499470e-02,4.072253e-03,2.075057e-02,1.874517e-02
2.419086e-01,2.111388e-02,4.726416e-03,2.141923e-02,1.545102e-02,3.675143e-02,1.138385e-03,1.567500e-03,8.181062e-03,1.959599e-03,5.167419e-01,8.507162e-02,3.953214e-03,2.012186e-02,1.989442e-02
2.448423e-01,2.971070e-02,4.275212e-03,2.552781e-02,2.061911e-02,3.183266e-02,9.436808e-04,1.420012e-03,7.046502e-03,1.963797e-03,4.994811e-01,8.505699e-02,3.703038e-03,2.228449e-02,2.129266e-02
2.649472e-01,3.083033e-02,3.387900e-03,2.119998e-02,2.028847e-02,2.742980e-02,1.002283e-03,1.403157e-03,5.823064e-03,1.729133e-03,4.922070e-01,9.079243e-02,4.060586e-03,1.752393e-02,1.737485e-02
2.878410e-01,2.652058e-02,2.661577e-03,1.607660e-02,2.611581e-02,2.582370e-02,1.165565e-03,1.440437e-03,4.693501e-03,1.827049e-03,4.658593e-01,1.090613e-01,3.713565e-03,1.360054e-02,1.359942e-02
3.056133e-01,2.469901e-02,2.142084e-03,1.252695e-02,2.282008e-02,2.407674e-02,1.259359e-03,1.340034e-03,3.999298e-03,1.499432e-03,4.649342e-01,1.093131e-01,3.779570e-03,1.037279e-02,1.162411e-02
3.297980e-01,2.603849e-02,2.181298e-03,1.158928e-02,2.322786e-02,2.170724e-02,1.778966e-03,2.153278e-03,4.099748e-03,1.491611e-03,4.547979e-01,9.367175e-02,4.384027e-03,9.027921e-03,1.405265e-02
3.652546e-01,2.908319e-02,2.548644e-03,1.353793e-02,2.507419e-02,1.846671e-02,2.642685e-03,5.603451e-03,4.056709e-03,1.461569e-03,4.063079e-01,9.644169e-02,4.369285e-03,8.139763e-03,1.701174e-02
3.308031e-01,2.422006e-02,3.268909e-03,1.266847e-02,2.564960e-02,1.981729e-02,5.308303e-03,7.636521e-03,4.308574e-03,1.591961e-03,4.523464e-01,7.740448e-02,5.993878e-03,6.642744e-03,2.233973e-02
2.490416e-01,1.819387e-02,3.743211e-03,9.806721e-03,2.301135e-02,2.559762e-02,4.228324e-03,6.077864e-03,3.602416e-03,1.221295e-03,5.650651e-01,6.097514e-02,5.987254e-03,4.884799e-03,1.856342e-02
1.831276e-01,1.398158e-02,3.960851e-03,7.551530e-03,2.000483e-02,3.294180e-02,3.375455e-03,4.832826e-03,2.988778e-03,9.459123e-04,6.514158e-01,5.076261e-02,5.893934e-03,3.644225e-03,1.457218e-02
1.297818e-01,1.093905e-02,7.054401e-03,6.070933e-03,2.956847e-02,4.101518e-02,3.645963e-03,4.940579e-03,2.593060e-03,9.674658e-04,7.048911e-01,3.878711e-02,5.693089e-03,2.717633e-03,1.133420e-02
9.219847e-02,1.363988e-02,2.432082e-02,5.703351e-03,3.328150e-02,3.250727e-02,2.712931e-03,4.536825e-03,2.679987e-03,1.496833e-03,7.339604e-01,3.293500e-02,5.626469e-03,2.217667e-03,1.218256e-02
6.541510e-02,1.146592e-02,4.017778e-02,6.296809e-03,5.273110e-02,2.572804e-02,2.284143e-03,1.199368e-02,3.326138e-03,1.587647e-03,7.287672e-01,2.973142e-02,8.198295e-03,1.716189e-03,1.058060e-02
4.733882e-02,1.094305e-02,7.437097e-02,4.910631e-03,5.920130e-02,1.888343e-02,2.054431e-03,1.207773e-02,2.660945e-03,1.704655e-03,7.250942e-01,2.217495e-02,7.365318e-03,1.302012e-03,9.917581e-03
3.565740e-02,9.124124e-03,1.547850e-01,3.685995e-03,5.593737e-02,1.652821e-02,4.312703e-03,2.339109e-02,2.198615e-03,2.192193e-03,6.590761e-01,1.703229e-02,6.172759e-03,1.154509e-03,8.751635e-03
3.339761e-02,7.259568e-03,1.492572e-01,2.903222e-03,7.159789e-02,1.983805e-02,3.890837e-03,2.028483e-02,2.428449e-03,2.628882e-03,6.426358e-01,2.825833e-02,6.764486e-03,2.091797e-03,6.763048e-03
2.698436e-02,5.827174e-03,1.426630e-01,2.222324e-03,7.454361e-02,1.497211e-02,3.481398e-03,1.833770e-02,2.094327e-03,2.694833e-03,6.676669e-01,2.403738e-02,7.426360e-03,1.844017e-03,5.204557e-03
2.263130e-02,4.511827e-03,1.193659e-01,1.739649e-03,6.862898e-02,1.105892e-02,3.505816e-03,1.903689e-02,1.601733e-03,1.940504e-03,7.154813e-01,1.888298e-02,6.125139e-03,1.665673e-03,3.823394e-03
2.957818e-02,3.862248e-03,1.186846e-01,1.612373e-03,6.119930e-02,8.592453e-03,2.602793e-03,1.820748e-02,1.638218e-03,1.595227e-03,7.254720e-01,1.621746e-02,5.051570e-03,2.213305e-03,3.472889e-03
3.255755e-02,3.623565e-03,1.037301e-01,1.850153e-03,5.148000e-02,7.345078e-03,2.055501e-03,3.022222e-02,2.140786e-03,1.585420e-03,7.377430e-01,1.506852e-02,4.957898e-03,2.352167e-03,3.287971e-03
7.049902e-02,3.507182e-03,7.568823e-02,2.403905e-03,4.417797e-02,8.399432e-03,1.601727e-03,2.489357e-02,3.653317e-03,1.262962e-03,7.295461e-01,2.201567e-02,4.643355e-03,3.630308e-03,4.077243e-03
9.705280e-02,3.634236e-03,5.739649e-02,3.656102e-03,4.025185e-02,1.581472e-02,1.504055e-03,2.406395e-02,6.598902e-03,1.338555e-03,6.910213e-01,4.318801e-02,5.376271e-03,4.045136e-03,5.057625e-03
1.699476e-01,3.693982e-03,4.174835e-02,4.129098e-03,3.282313e-02,1.687367e-02,1.590460e-03,1.966618e-02,8.409831e-03,2.247458e-03,5.768729e-01,9.357151e-02,1.483486e-02,6.913505e-03,6.677427e-03
2.468361e-01,4.595963e-03,3.229946e-02,1.016243e-02,2.592035e-02,2.880617e-02,5.207971e-03,1.925984e-02,1.224200e-02,4.736439e-03,4.153154e-01,1.266613e-01,4.106408e-02,1.538472e-02,1.150773e-02
1.903161e-01,4.589959e-03,2.323602e-02,3.098014e-02,1.970814e-02,7.409300e-02,4.941823e-03,1.492627e-02,3.147126e-02,4.297566e-03,2.980978e-01,1.162024e-01,1.551464e-01,1.449364e-02,1.749938e-02
1.449422e-01,3.866874e-03,1.668874e-02,3.185670e-02,1.464467e-02,9.517193e-02,4.256669e-03,1.074051e-02,2.709761e-02,3.521179e-03,2.154943e-01,1.060076e-01,2.934270e-01,1.307176e-02,1.921219e-02
1.183930e-01,3.257011e-03,1.205328e-02,2.560254e-02,1.192240e-02,9.906617e-02,3.481020e-03,7.932467e-03,2.348563e-02,3.628831e-03,1.690628e-01,1.296403e-01,3.551476e-01,1.408576e-02,2.324116e-02
9.805869e-02,2.734379e-03,8.654265e-03,2.199414e-02,1.007796e-02,8.939691e-02,3.256574e-03,6.321067e-03,2.469946e-02,3.245930e-03,1.329024e-01,1.497382e-01,4.101243e-01,1.852004e-02,2.027563e-02
8.381513e-02,2.176461e-03,6.193743e-03,1.730458e-02,1.555980e-02,7.796033e-02,2.837973e-03,4.920630e-03,2.152154e-02,2.893300e-03,1.117015e-01,1.878489e-01,4.309450e-01,1.496987e-02,1.935129e-02
6.193356e-02,1.603195e-03,4.511344e-03,1.343193e-02,1.984124e-02,5.969143e-02,2.244555e-03,4.061041e-03,1.691808e-02,2.917831e-03,1.074954e-01,2.251524e-01,4.488062e-01,1.158168e-02,1.981008e-02
4.573305e-02,1.188127e-03,3.589483e-03,9.545311e-03,1.940945e-02,4.341630e-02,2.631821e-03,4.031958e-03,1.298239e-02,2.930961e-03,1.067964e-01,2.778719e-01,4.451454e-01,8.416022e-03,1.631151e-02
3.277436e-02,8.760443e-04,2.807339e-03,6.743919e-03,1.833333e-02,3.191232e-02,4.391692e-03,4.065368e-03,9.446098e-03,2.396229e-03,9.137583e-02,3.196472e-01,4.550167e-01,6.188262e-03,1.402532e-02
2.404499e-02,8.213854e-04,3.962021e-03,4.807377e-03,1.783323e-02,2.487508e-02,4.069148e-03,3.430359e-03,7.239670e-03,2.524871e-03,7.064186e-02,4.023360e-01,4.145643e-01,4.945864e-03,1.390383e-02
1.933485e-02,8.267213e-04,4.993728e-03,3.405988e-03,3.964499e-02,2.380093e-02,5.189795e-03,3.640429e-03,6.390519e-03,2.418533e-03,6.244843e-02,4.863142e-01,3.273250e-01,3.696962e-03,1.056885e-02
1.488042e-02,7.850719e-04,9.786685e-03,2.416026e-03,4.224373e-02,2.050712e-02,1.509136e-02,7.625991e-03,5.222330e-03,2.165994e-03,4.785337e-02,5.753044e-01,2.451206e-01,2.775955e-03,8.220935e-03
1.653672e-02,1.082222e-03,1.579526e-02,1.754676e-03,6.470804e-02,1.870116e-02,2.939722e-02,1.042761e-02,4.757032e-03,2.316886e-03,3.406521e-02,6.159124e-01,1.760425e-01,2.000266e-03,6.502782e-03
1.533088e-02,1.961236e-03,1.887713e-02,1.303254e-03,5.503276e-02,1.419629e-02,2.612533e-02,2.543264e-02,4.124527e-03,2.421207e-03,2.425725e-02,6.747440e-01,1.292699e-01,1.507512e-03,5.416012e-03
1.281378e-02,1.955539e-03,1.844317e-02,1.000719e-03,5.927502e-02,1.052357e-02,2.889324e-02,5.205850e-02,3.683538e-03,2.564688e-03,1.754737e-02,6.928072e-01,9.293872e-02,1.271634e-03,4.223308e-03
1.088707e-02,1.612879e-03,1.706524e-02,7.405591e-04,4.666227e-02,8.684123e-03,2.449725e-02,4.687092e-02,2.703727e-03,2.144226e-03,1.238889e-02,7.535919e-01,6.799568e-02,9.940955e-04,3.161154e-03
1.002793e-02,1.470085e-03,1.511801e-02,5.522716e-04,4.236196e-02,7.932433e-03,1.982260e-02,3.593836e-02,2.084657e-03,1.708366e-03,8.745612e-03,7.949930e-01,5.592521e-02,8.290410e-04,2.490517e-03
1.665356e-02,2.579620e-03,3.227216e-02,4.710612e-04,3.709031e-02,6.389179e-03,1.814553e-02,4.762998e-02,1.791759e-03,1.272209e-03,6.233816e-03,7.807931e-01,4.555538e-02,9.844475e-04,2.137961e-03
3.763808e-02,3.849127e-03,2.979266e-02,5.921399e-04,3.762437e-02,5.540792e-03,1.561274e-02,4.426329e-02,2.075401e-03,1.015479e-03,4.588965e-03,7.602414e-01,5.334090e-02,1.434474e-03,2.390219e-03
