1.000000e+00,0.000000e+00,0.000000e+00,0.000000e+00,0.000000e+00,0.000000e+00,0.000000e+00,0.000000e+00,0.000000e+00,0.000000e+00,0.000000e+00,0.000000e+00,0.000000e+00,0.000000e+00,0.000000e+00
1.000000e+00,0.000000e+00,0.000000e+00,0.000000e+00,0.000000e+00,0.000000e+00,0.000000e+00,0.000000e+00,0.000000e+00,0.000000e+00,0.000000e+00,0.000000e+00,0.000000e+00,0.000000e+00,0.000000e+00
1.000000e+00,0.000000e+00,0.000000e+00,0.000000e+00,0.000000e+00,0.000000e+00,0.000000e+00,0.000000e+00,0.000000e+00,0.000000e+00,0.000000e+00,0.000000e+00,0.000000e+00,0.000000e+00,0.000000e+00
1.000000e+00,0.000000e+00,0.000000e+00,0.000000e+00,0.000000e+00,0.000000e+00,0.000000e+00,0.000000e+00,0.000000e+00,0.000000e+00,0.000000e+00,0.000000e+00,0.000000e+00,0.000000e+00,0.000000e+00
1.000000e+00,0.000000e+00,0.000000e+00,0.000000e+00,0.000000e+00,0.000000e+00,0.000000e+00,0.000000e+00,0.000000e+00,0.000000e+00,0.000000e+00,0.000000e+00,0.000000e+00,0.000000e+00,0.000000e+00
1.000000e+00,0.000000e+00,0.000000e+00,0.000000e+00,0.000000e+00,0.000000e+00,0.000000e+00,0.000000e+00,0.000000e+00,0.000000e+00,0.000000e+00,0.000000e+00,0.000000e+00,0.000000e+00,0.000000e+00
1.000000e+00,0.000000e+00,0.000000e+00,0.000000e+00,0.000000e+00,0.000000e+00,0.000000e+00,0.000000e+00,0.000000e+00,0.000000e+00,0.000000e+00,0.000000e+00,0.000000e+00,0.000000e+00,0.000000e+00
1.000000e+00,0.000000e+00,0.000000e+00,0.000000e+00,0.000000e+00,0.000000e+00,0.000000e+00,0.000000e+00,0.000000e+00,0.000000e+00,0.000000e+00,0.000000e+00,0.000000e+00,0.000000e+00,0.000000e+00
1.000000e+00,0.000000e+00,0.000000e+00,0.000000e+00,0.000000e+00,0.000000e+00,0.000000e+00,0.000000e+00,0.000000e+00,0.000000e+00,0.000000e+00,0.000000e+00,0.000000e+00,0.000000e+00,0.000000e+00
1.000000e+00,0.000000e+00,0.000000e+00,0.000000e+00,0.000000e+00,0.000000e+00,0.000000e+00,0.000000e+00,0.000000e+00,0.000000e+00,0.000000e+00,0.000000e+00,0.000000e+00,0.000000e+00,0.000000e+00
1.000000e+00,0.000000e+00,0.000000e+00,0.000000e+00,0.000000e+00,0.000000e+00,0.000000e+00,0.000000e+00,0.000000e+00,0.000000e+00,0.000000e+00,0.000000e+00,0.000000e+00,0.000000e+00,0.000000e+00
1.000000e+00,0.000000e+00,0.000000e+00,0.000000e+00,0.000000e+00,0.000000e+00,0.000000e+00,0.000000e+00,0.000000e+00,0.000000e+00,0.000000e+00,0.000000e+00,0.000000e+00,0.000000e+00,0.000000e+00
1.000000e+00,0.000000e+00,0.000000e+00,0.000000e+00,0.000000e+00,0.000000e+00,0.000000e+00,0.000000e+00,0.000000e+00,0.000000e+00,0.000000e+00,0.000000e+00,0.000000e+00,0.000000e+00,0.000000e+00
1.000000e+00,0.000000e+00,0.000000e+00,0.000000e+00,0.000000e+00,0.000000e+00,0.000000e+00,0.000000e+00,0.000000e+00,0.000000e+00,0.000000e+00,0.000000e+00,0.000000e+00,0.000000e+00,0.000000e+00
1.000000e+00,0.000000e+00,0.000000e+00,0.000000e+00,0.000000e+00,0.000000e+00,0.000000e+00,0.000000e+00,0.000000e+00,0.000000e+00,0.000000e+00,0.000000e+00,0.000000e+00,0.000000e+00,0.000000e+00
1.000000e+00,0.000000e+00,0.000000e+00,0.000000e+00,0.000000e+00,0.000000e+00,0.000000e+00,0.000000e+00,0.000000e+00,0.000000e+00,0.000000e+00,0.000000e+00,0.000000e+00,0.000000e+00,0.000000e+00
1.000000e+00,0.000000e+00,0.000000e+00,0.000000e+00,0.000000e+00,0.000000e+00,0.000000e+00,0.000000e+00,0.000000e+00,0.000000e+00,0.000000e+00,0.000000e+00,0.000000e+00,0.000000e+00,0.000000e+00
1.000000e+00,0.000000e+00,0.000000e+00,0.000000e+00,0.000000e+00,0.000000e+00,0.000000e+00,0.000000e+00,0.000000e+00,0.000000e+00,0.000000e+00,0.000000e+00,0.000000e+00,0.000000e+00,0.000000e+00
1.000000e+00,0.000000e+00,0.000000e+00,0.000000e+00,0.000000e+00,0.000000e+00,0.000000e+00,0.000000e+00,0.000000e+00,0.000000e+00,0.000000e+00,0.000000e+00,0.000000e+00,0.000000e+00,0.000000e+00
1.000000e+00,0.000000e+00,0.000000e+00,0.000000e+00,0.000000e+00,0.000000e+00,0.000000e+00,0.000000e+00,0.000000e+00,0.000000e+00,0.000000e+00,0.000000e+00,0.000000e+00,0.000000e+00,0.000000e+00
1.000000e+00,0.000000e+00,0.000000e+00,0.000000e+00,0.000000e+00,0.000000e+00,0.000000e+00,0.000000e+00,0.000000e+00,0.000000e+00,0.000000e+00,0.000000e+00,0.000000e+00,0.000000e+00,0.000000e+00
1.000000e+00,0.000000e+00,0.000000e+00,0.000000e+00,0.000000e+00,0.000000e+00,0.000000e+00,0.000000e+00,0.000000e+00,0.000000e+00,0.000000e+00,0.000000e+00,0.000000e+00,0.000000e+00,0.000000e+00
1.000000e+00,0.000000e+00,0.000000e+00,0.000000e+00,0.000000e+00,0.000000e+00,0.000000e+00,0.000000e+00,0.000000e+00,0.000000e+00,0.000000e+00,0.000000e+00,0.000000e+00,0.000000e+00,0.000000e+00
1.000000e+00,0.000000e+00,0.000000e+00,0.000000e+00,0.000000e+00,0.000000e+00,0.000000e+00,0.000000e+00,0.000000e+00,0.000000e+00,0.000000e+00,0.000000e+00,0.000000e+00,0.000000e+00,0.000000e+00
1.000000e+00,0.000000e+00,0.000000e+00,0.000000e+00,0.000000e+00,0.000000e+00,0.000000e+00,0.000000e+00,0.000000e+00,0.000000e+00,0.000000e+00,0.000000e+00,0.000000e+00,0.000000e+00,0.000000e+00
1.000000e+00,0.000000e+00,0.000000e+00,0.000000e+00,0.000000e+00,0.000000e+00,0.000000e+00,0.000000e+00,0.000000e+00,0.000000e+00,0.000000e+00,0.000000e+00,0.000000e+00,0.000000e+00,0.000000e+00
1.000000e+00,0.000000e+00,0.000000e+00,0.000000e+00,0.000000e+00,0.000000e+00,0.000000e+00,0.000000e+00,0.000000e+00,0.000000e+00,0.000000e+00,0.000000e+00,0.000000e+00,0.000000e+00,0.000000e+00
1.000000e+00,0.000000e+00,0.000000e+00,0.000000e+00,0.000000e+00,0.000000e+00,0.000000e+00,0.000000e+00,0.000000e+00,0.000000e+00,0.000000e+00,0.000000e+00,0.000000e+00,0.000000e+00,0.000000e+00
1.000000e+00,0.000000e+00,0.000000e+00,0.000000e+00,0.000000e+00,0.000000e+00,0.000000e+00,0.000000e+00,0.000000e+00,0.000000e+00,0.000000e+00,0.000000e+00,0.000000e+00,0.000000e+00,0.000000e+00
1.000000e+00,0.000000e+00,0.000000e+00,0.000000e+00,0.000000e+00,0.000000e+00,0.000000e+00,0.000000e+00,0.000000e+00,0.000000e+00,0.000000e+00,0.000000e+00,0.000000e+00,0.000000e+00,0.000000e+00
1.000000e+00,0.000000e+00,0.000000e+00,0.000000e+00,0.000000e+00,0.000000e+00,0.000000e+00,0.000000e+00,0.000000e+00,0.000000e+00,0.000000e+00,0.000000e+00,0.000000e+00,0.000000e+00,0.000000e+00
4.801961e-01,2.029279e-02,1.035090e-02,5.923938e-02,5.218905e-03,2.057443e-02,3.731258e-03,9.927043e-03,9.804993e-02,3.821507e-03,8.894785e-03,1.836419e-02,2.837107e-02,2.192207e-02,2.110456e-01
3.524218e-01,2.833641e-02,1.257032e-02,1.739313e-01,4.461213e-03,1.568200e-02,2.935580e-03,8.850412e-03,1.515770e-01,3.843070e-03,7.922960e-03,1.419107e-02,2.380799e-02,1.653565e-02,1.829332e-01
2.676542e-01,2.276850e-02,3.848984e-02,2.604316e-01,3.532933e-03,1.204405e-02,2.179898e-03,7.138710e-03,1.782307e-01,5.480400e-03,9.147470e-03,1.068414e-02,1.858458e-02,1.465559e-02,1.489773e-01
1.934320e-01,1.784638e-02,2.429259e-01,2.223477e-01,2.845092e-03,9.124304e-03,1.658580e-03,5.948608e-03,1.340197e-01,5.176386e-03,6.880064e-03,7.736082e-03,1.354340e-02,1.372165e-02,1.227941e-01
1.625190e-01,1.550309e-02,3.017346e-01,2.219666e-01,2.734486e-03,8.040709e-03,1.353310e-03,5.269771e-03,1.222102e-01,5.852819e-03,8.229147e-03,6.073614e-03,1.023685e-02,1.843266e-02,1.098431e-01
1.546062e-01,1.562550e-02,3.662666e-01,1.731972e-01,2.471703e-03,8.459467e-03,1.341999e-03,5.084218e-03,1.094202e-01,6.421889e-03,7.461649e-03,4.737428e-03,7.590974e-03,2.847271e-02,1.088422e-01
1.448443e-01,1.316839e-02,3.674974e-01,1.609486e-01,2.453356e-03,7.029633e-03,1.009043e-03,4.009802e-03,1.673572e-01,6.676593e-03,7.240516e-03,4.065949e-03,5.994847e-03,2.266556e-02,8.503889e-02
1.362805e-01,1.022840e-02,3.250293e-01,1.295808e-01,2.159438e-03,5.453119e-03,7.641658e-04,3.088432e-03,2.724913e-01,9.114802e-03,9.170837e-03,3.354355e-03,5.258804e-03,1.916002e-02,6.886575e-02
1.320181e-01,8.273176e-03,2.944899e-01,9.575566e-02,1.947096e-03,4.562999e-03,7.052767e-04,2.708366e-03,2.902771e-01,2.319798e-02,7.892055e-03,2.859998e-03,4.549241e-03,5.654989e-02,7.421315e-02
1.038995e-01,6.592649e-03,2.634222e-01,6.909508e-02,1.547604e-03,3.468655e-03,6.237070e-04,2.125368e-03,3.466934e-01,2.928487e-02,7.744893e-03,2.705989e-03,5.134488e-03,8.991770e-02,6.774390e-02
8.006978e-02,5.793449e-03,1.985600e-01,4.999488e-02,1.277790e-03,2.658978e-03,5.424810e-04,1.693981e-03,4.676166e-01,3.746378e-02,6.755242e-03,2.276367e-03,4.670866e-03,7.175304e-02,6.887285e-02
8.732527e-02,9.330111e-03,1.491964e-01,5.413546e-02,1.637713e-03,2.370089e-03,5.403574e-04,1.660472e-03,5.343506e-01,3.708861e-02,5.796759e-03,2.204905e-03,4.850009e-03,5.238147e-02,5.713176e-02
1.227294e-01,9.656724e-03,1.136391e-01,4.193386e-02,2.244707e-03,2.509961e-03,1.048664e-03,2.094205e-03,5.682234e-01,2.883516e-02,6.278549e-03,2.803535e-03,6.636706e-03,4.334673e-02,4.801926e-02
2.299614e-01,9.106639e-03,8.278953e-02,3.495549e-02,4.363805e-03,4.255332e-03,2.493524e-03,5.273748e-03,5.104741e-01,2.206796e-02,7.899600e-03,3.959797e-03,9.170750e-03,3.228265e-02,4.094566e-02
3.170763e-01,8.465583e-03,6.794394e-02,3.007132e-02,8.928617e-03,1.027553e-02,6.911674e-03,1.761619e-02,4.234920e-01,1.665790e-02,1.148484e-02,8.239385e-03,1.362267e-02,2.555702e-02,3.365711e-02
3.673701e-01,9.594915e-03,5.435866e-02,2.435333e-02,1.395093e-02,1.209331e-02,7.287467e-03,1.821445e-02,3.964252e-01,1.536407e-02,1.137231e-02,8.120671e-03,1.200603e-02,2.101558e-02,2.847292e-02
3.524281e-01,9.752787e-03,4.638856e-02,2.095266e-02,2.021526e-02,1.562726e-02,7.867394e-03,1.953661e-02,3.161287e-01,1.130324e-01,9.203036e-03,7.134888e-03,1.349719e-02,1.981923e-02,2.841598e-02
3.022999e-01,1.004603e-02,4.620341e-02,1.969440e-02,1.933027e-02,1.380726e-02,6.606728e-03,1.755304e-02,2.551780e-01,2.169128e-01,9.004761e-03,6.484935e-03,1.667823e-02,1.583300e-02,4.436715e-02
2.883601e-01,1.019487e-02,4.734407e-02,1.585134e-02,2.060290e-02,1.421775e-02,5.230729e-03,1.367358e-02,2.036108e-01,2.990730e-01,8.282787e-03,5.346788e-03,1.446930e-02,1.333024e-02,4.041175e-02
2.430773e-01,2.158688e-02,3.563322e-02,1.552086e-02,2.038159e-02,1.260341e-02,4.228947e-03,1.563952e-02,2.013291e-01,3.474013e-01,9.781435e-03,6.108295e-03,1.637690e-02,1.043157e-02,3.989969e-02
2.237202e-01,3.216381e-02,2.647726e-02,1.550906e-02,4.848566e-02,1.336116e-02,3.949995e-03,2.159263e-02,1.778847e-01,3.437475e-01,1.312102e-02,7.920688e-03,2.558296e-02,8.249669e-03,3.823372e-02
1.692241e-01,2.715202e-02,2.147411e-02,2.341782e-01,4.063465e-02,1.202073e-02,3.540755e-03,1.958322e-02,1.469769e-01,2.468191e-01,1.232276e-02,1.045513e-02,2.099892e-02,5.913119e-03,2.870623e-02
1.486442e-01,2.087133e-02,1.796019e-02,3.586733e-01,3.599098e-02,1.137626e-02,3.137022e-03,1.484096e-02,1.112558e-01,1.779393e-01,3.883267e-02,1.459557e-02,1.965230e-02,4.357968e-03,2.187209e-02
2.051878e-01,1.977740e-02,2.001369e-02,2.839045e-01,3.663981e-02,1.798195e-02,1.370726e-02,1.624873e-02,1.056568e-01,1.324976e-01,5.417784e-02,4.535849e-02,2.510539e-02,4.638729e-03,1.910390e-02
3.027351e-01,2.334291e-02,1.911181e-02,2.078468e-01,3.293853e-02,1.817749e-02,2.581312e-02,1.989298e-02,9.506717e-02,1.003534e-01,5.448653e-02,4.535092e-02,2.607141e-02,9.391299e-03,1.942043e-02
3.161719e-01,2.669910e-02,1.556413e-02,1.591619e-01,2.665200e-02,1.575830e-02,2.057118e-02,1.552555e-02,1.045863e-01,7.927539e-02,9.355633e-02,4.655676e-02,2.953082e-02,1.696657e-02,3.342368e-02
3.693354e-01,3.048292e-02,1.310668e-02,1.176484e-01,2.171079e-02,1.422473e-02,1.530803e-02,1.416485e-02,9.831256e-02,6.380771e-02,9.347792e-02,4.464004e-02,3.717608e-02,3.230937e-02,3.429451e-02
3.796837e-01,2.889745e-02,1.086427e-02,8.938356e-02,1.767062e-02,1.279775e-02,1.157915e-02,1.354343e-02,1.241886e-01,4.939957e-02,9.521241e-02,3.941561e-02,5.004096e-02,4.341070e-02,3.391212e-02
3.693993e-01,2.485752e-02,9.401491e-03,7.263795e-02,1.373944e-02,1.298687e-02,8.624887e-03,1.050110e-02,1.902159e-01,3.611468e-02,1.039854e-01,3.461616e-02,4.674403e-02,3.709896e-02,2.907632e-02
3.482997e-01,2.063825e-02,1.018339e-02,6.245685e-02,1.234590e-02,1.064684e-02,6.525935e-03,9.151696e-03,2.461919e-01,2.810058e-02,1.062247e-01,3.291541e-02,4.788989e-02,3.467697e-02,2.375192e-02
3.919290e-01,1.783799e-02,1.247395e-02,5.105916e-02,1.132151e-02,1.029021e-02,5.613168e-03,9.312425e-03,2.031842e-01,2.129363e-02,1.011628e-01,4.231536e-02,6.574977e-02,3.519255e-02,2.126432e-02
3.691004e-01,1.779809e-02,1.163887e-02,4.370575e-02,1.458271e-02,1.229301e-02,5.126789e-03,8.812221e-03,1.966332e-01,1.798500e-02,1.408251e-01,4.464559e-02,5.447225e-02,4.285916e-02,1.952189e-02
4.095212e-01,1.559523e-02,9.549724e-03,3.793401e-02,1.265563e-02,1.443881e-02,4.300239e-03,7.438536e-03,1.488987e-01,1.368789e-02,1.524251e-01,6.830950e-02,4.808979e-02,3.864866e-02,1.850693e-02
4.616122e-01,1.853625e-02,9.940351e-03,3.638763e-02,1.165796e-02,1.873942e-02,4.027647e-03,7.419620e-03,1.059892e-01,1.017695e-02,1.373056e-01,8.765160e-02,3.843755e-02,2.954458e-02,2.257334e-02
1.000000e+00,0.000000e+00,0.000000e+00,0.000000e+00,0.000000e+00,0.000000e+00,0.000000e+00,0.000000e+00,0.000000e+00,0.000000e+00,0.000000e+00,0.000000e+00,0.000000e+00,0.000000e+00,0.000000e+00
1.000000e+00,0.000000e+00,0.000000e+00,0.000000e+00,0.000000e+00,0.000000e+00,0.000000e+00,0.000000e+00,0.000000e+00,0.000000e+00,0.000000e+00,0.000000e+00,0.000000e+00,0.000000e+00,0.000000e+00
1.000000e+00,0.000000e+00,0.000000e+00,0.000000e+00,0.000000e+00,0.000000e+00,0.000000e+00,0.000000e+00,0.000000e+00,0.000000e+00,0.000000e+00,0.000000e+00,0.000000e+00,0.000000e+00,0.000000e+00
4.986891e-01,2.022666e-02,1.373314e-02,3.826138e-02,1.714742e-02,2.511431e-02,3.924973e-03,7.673107e-03,4.566852e-02,9.884004e-03,1.385006e-01,1.035123e-01,2.371914e-02,1.362438e-02,4.032094e-02
4.747793e-01,2.754747e-02,2.057038e-02,3.482397e-02,1.624200e-02,2.684685e-02,3.989299e-03,1.234142e-02,4.792214e-02,1.248644e-02,1.420257e-01,9.632380e-02,2.644330e-02,1.776044e-02,3.989737e-02
3.941317e-01,2.304295e-02,1.766973e-02,2.968938e-02,1.928837e-02,3.624789e-02,4.997646e-03,1.200675e-02,6.926037e-02,2.282782e-02,1.323420e-01,9.498344e-02,8.855200e-02,2.080672e-02,3.415319e-02
3.648333e-01,1.968181e-02,1.551357e-02,3.378911e-02,2.289686e-02,4.077034e-02,5.104527e-03,1.588102e-02,7.134750e-02,2.811631e-02,1.116566e-01,1.224052e-01,9.474342e-02,2.087430e-02,3.238603e-02
2.737486e-01,2.151707e-02,1.597726e-02,4.078541e-02,3.655422e-02,3.133651e-02,5.273343e-03,2.240069e-02,1.762434e-01,2.651485e-02,9.534809e-02,1.097032e-01,8.294640e-02,2.689724e-02,3.475371e-02
2.193866e-01,2.138777e-02,1.302286e-02,3.828194e-02,3.747262e-02,2.664807e-02,5.036209e-03,2.671907e-02,2.792245e-01,2.597714e-02,7.877618e-02,9.575199e-02,7.024732e-02,3.449757e-02,2.757016e-02
1.911813e-01,4.202121e-02,1.554879e-02,3.347506e-02,7.660021e-02,2.420192e-02,4.341657e-03,2.320967e-02,2.998990e-01,3.857869e-02,6.245166e-02,7.133836e-02,6.083801e-02,3.295260e-02,2.336194e-02
1.615140e-01,3.516833e-02,1.705647e-02,4.600859e-02,9.472409e-02,1.974173e-02,4.150575e-03,1.061546e-01,2.876929e-01,3.998327e-02,4.634441e-02,5.206613e-02,4.481892e-02,2.701247e-02,1.756357e-02
1.335602e-01,6.584577e-02,1.838484e-02,6.735449e-02,8.228464e-02,1.758704e-02,3.287378e-03,1.307338e-01,2.979632e-01,3.403804e-02,3.747838e-02,4.006955e-02,3.365811e-02,2.183927e-02,1.591532e-02
1.060653e-01,6.920703e-02,2.375782e-02,5.025547e-02,8.250236e-02,1.544377e-02,4.025795e-03,1.862887e-01,3.216107e-01,2.666735e-02,3.001769e-02,2.932733e-02,2.561620e-02,1.740845e-02,1.180605e-02
8.659690e-02,6.975184e-02,2.662794e-02,3.674039e-02,8.325891e-02,1.244608e-02,3.253890e-03,2.794011e-01,2.935669e-01,2.331046e-02,2.239750e-02,2.134862e-02,1.918807e-02,1.347749e-02,8.633913e-03
6.712743e-02,4.956265e-02,3.105306e-02,2.803572e-02,6.350324e-02,9.527827e-03,2.600876e-03,4.522927e-01,2.166061e-01,1.856264e-02,1.614198e-02,1.544895e-02,1.368987e-02,9.600773e-03,6.246096e-03
5.347526e-02,3.782017e-02,5.014172e-02,2.073093e-02,4.873418e-02,8.399269e-03,3.113869e-03,5.584465e-01,1.608236e-01,1.419910e-02,1.142961e-02,1.094450e-02,9.923993e-03,6.965282e-03,4.852016e-03
4.981929e-02,3.176811e-02,5.463631e-02,1.597174e-02,4.208649e-02,8.027561e-03,3.734521e-03,6.136886e-01,1.305895e-01,1.480282e-02,8.253724e-03,7.881888e-03,8.238511e-03,6.094437e-03,4.406543e-03
9.120659e-02,2.935915e-02,6.793424e-02,1.188653e-02,3.723390e-02,6.963554e-03,1.509020e-02,5.343982e-01,1.395774e-01,3.086053e-02,6.119885e-03,6.088386e-03,6.765219e-03,7.256610e-03,9.259563e-03
1.366910e-01,2.974780e-02,6.032703e-02,9.222459e-03,3.229703e-02,6.348739e-03,3.238985e-02,4.668977e-01,1.413719e-01,4.448139e-02,4.610627e-03,4.911547e-03,5.409168e-03,6.623743e-03,1.866990e-02
2.386132e-01,3.092189e-02,4.947981e-02,1.010467e-02,2.616120e-02,1.214237e-02,3.743808e-02,3.631618e-01,1.241985e-01,5.219989e-02,4.089555e-03,7.879578e-03,8.306324e-03,6.441401e-03,2.886165e-02
2.873683e-01,2.875512e-02,4.864617e-02,1.028921e-02,2.027605e-02,1.759863e-02,8.066333e-02,2.906811e-01,9.953749e-02,4.520511e-02,4.163671e-03,1.256924e-02,1.104517e-02,5.777530e-03,3.742387e-02
3.791529e-01,2.593981e-02,4.300253e-02,9.951884e-03,1.608651e-02,2.156745e-02,8.078854e-02,2.192501e-01,8.485404e-02,3.431989e-02,4.545497e-03,1.884023e-02,1.007781e-02,5.112763e-03,4.650996e-02
4.917436e-01,2.293305e-02,3.578521e-02,8.810904e-03,1.279355e-02,2.318444e-02,6.659302e-02,1.587287e-01,6.253529e-02,2.619908e-02,5.867161e-03,2.084742e-02,8.930128e-03,5.277796e-03,4.977062e-02
1.000000e+00,0.000000e+00,0.000000e+00,0.000000e+00,0.000000e+00,0.000000e+00,0.000000e+00,0.000000e+00,0.000000e+00,0.000000e+00,0.000000e+00,0.000000e+00,0.000000e+00,0.000000e+00,0.000000e+00
1.000000e+00,0.000000e+00,0.000000e+00,0.000000e+00,0.000000e+00,0.000000e+00,0.000000e+00,0.000000e+00,0.000000e+00,0.000000e+00,0.000000e+00,0.000000e+00,0.000000e+00,0.000000e+00,0.000000e+00
1.000000e+00,0.000000e+00,0.000000e+00,0.000000e+00,0.000000e+00,0.000000e+00,0.000000e+00,0.000000e+00,0.000000e+00,0.000000e+00,0.000000e+00,0.000000e+00,0.000000e+00,0.000000e+00,0.000000e+00
1.000000e+00,0.000000e+00,0.000000e+00,0.000000e+00,0.000000e+00,0.000000e+00,0.000000e+00,0.000000e+00,0.000000e+00,0.000000e+00,0.000000e+00,0.000000e+00,0.000000e+00,0.000000e+00,0.000000e+00
1.000000e+00,0.000000e+00,0.000000e+00,0.000000e+00,0.000000e+00,0.000000e+00,0.000000e+00,0.000000e+00,0.000000e+00,0.000000e+00,0.000000e+00,0.000000e+00,0.000000e+00,0.000000e+00,0.000000e+00
4.121889e-01,5.113897e-02,2.527320e-02,6.637800e-02,1.630831e-02,5.598126e-02,2.627372e-02,8.982199e-02,2.644989e-02,1.002135e-02,1.901628e-02,1.016739e-01,2.294904e-02,7.379351e-03,6.914575e-02
4.085864e-01,4.495457e-02,2.090215e-02,6.037542e-02,1.483826e-02,5.922038e-02,2.055429e-02,7.227941e-02,2.729076e-02,9.155875e-03,2.789757e-02,1.375113e-01,2.460789e-02,8.892294e-03,6.293349e-02
4.181271e-01,3.587724e-02,1.724341e-02,5.192761e-02,1.321986e-02,6.134976e-02,1.758650e-02,5.985971e-02,2.526702e-02,7.365696e-03,3.124061e-02,1.722043e-01,2.811846e-02,8.300230e-03,5.231258e-02
4.392356e-01,3.176843e-02,1.478419e-02,5.021073e-02,1.232012e-02,5.554895e-02,1.472954e-02,4.826988e-02,2.460108e-02,6.479181e-03,3.279084e-02,1.824603e-01,3.273797e-02,8.364941e-03,4.569836e-02
4.521038e-01,2.874800e-02,1.223233e-02,5.212574e-02,1.431138e-02,4.888317e-02,1.230257e-02,3.904867e-02,2.479409e-02,5.703978e-03,3.089353e-02,1.862927e-01,4.396547e-02,7.760602e-03,4.083408e-02
4.493464e-01,2.712473e-02,1.077113e-02,5.820583e-02,1.911764e-02,4.728100e-02,1.216583e-02,3.352049e-02,2.674780e-02,4.860939e-03,3.373903e-02,1.856055e-01,4.868823e-02,7.074475e-03,3.575102e-02
4.156643e-01,2.594020e-02,1.238645e-02,8.041669e-02,2.134814e-02,4.721802e-02,1.511138e-02,4.091106e-02,2.948383e-02,4.326582e-03,3.580097e-02,1.872622e-01,4.703989e-02,5.994748e-03,3.109558e-02
4.670030e-01,2.231466e-02,1.013421e-02,6.839146e-02,1.875516e-02,4.295238e-02,1.287415e-02,3.343970e-02,2.650083e-02,4.439527e-03,3.538540e-02,1.730955e-01,4.830097e-02,6.751565e-03,2.966145e-02
4.346952e-01,2.076244e-02,8.768138e-03,6.716755e-02,1.981702e-02,4.505674e-02,1.364478e-02,2.934306e-02,2.816942e-02,4.406807e-03,4.139338e-02,1.929227e-01,5.678011e-02,7.006008e-03,3.006657e-02
4.671603e-01,1.847113e-02,7.153153e-03,5.975711e-02,1.739805e-02,4.012495e-02,1.229480e-02,2.387282e-02,3.319033e-02,4.009262e-03,3.848819e-02,1.857931e-01,5.592040e-02,7.407506e-03,2.895888e-02
4.978788e-01,1.665632e-02,5.640916e-03,5.126108e-02,1.466323e-02,3.571457e-02,1.122706e-02,1.842443e-02,2.959546e-02,3.572173e-03,3.819462e-02,1.838854e-01,5.683079e-02,8.027565e-03,2.842759e-02
4.464802e-01,1.361980e-02,4.717847e-03,4.215958e-02,1.321905e-02,2.961408e-02,9.627821e-03,1.609999e-02,1.030973e-01,3.127788e-03,4.092133e-02,1.744501e-01,6.262486e-02,1.416113e-02,2.607925e-02
3.299971e-01,1.017230e-02,3.672999e-03,3.294828e-02,9.824890e-03,2.193140e-02,7.070958e-03,1.300315e-02,1.017563e-01,3.271515e-03,6.993593e-02,1.954803e-01,1.539505e-01,2.484977e-02,2.213462e-02
2.458219e-01,7.536286e-03,3.354557e-03,2.482454e-02,1.086638e-02,1.571660e-02,5.157445e-03,9.865706e-03,7.665239e-02,2.705380e-03,1.028895e-01,2.229095e-01,2.339736e-01,1.983711e-02,1.788919e-02
2.093248e-01,5.943529e-03,3.697622e-03,1.973083e-02,1.729958e-02,1.341387e-02,5.057639e-03,9.577729e-03,8.922382e-02,2.914738e-03,9.526055e-02,1.888137e-01,2.974633e-01,2.177205e-02,2.050616e-02
2.436111e-01,5.221874e-03,5.156798e-03,1.849166e-02,2.164848e-02,1.259596e-02,5.374659e-03,1.554888e-02,8.438415e-02,3.054426e-03,8.343909e-02,1.459434e-01,3.136442e-01,2.279803e-02,1.908730e-02
3.042099e-01,7.193106e-03,7.416753e-03,2.079728e-02,2.013090e-02,1.184508e-02,4.627104e-03,1.416914e-02,9.298222e-02,3.527125e-03,7.274023e-02,1.053095e-01,2.923709e-01,2.284637e-02,1.983434e-02
2.755554e-01,8.166853e-03,1.212926e-02,2.037982e-02,4.187845e-02,9.995103e-03,5.131077e-03,2.333211e-02,9.680310e-02,3.742480e-03,6.209169e-02,7.858741e-02,3.097683e-01,1.881289e-02,3.362603e-02
2.095079e-01,8.821708e-03,2.041661e-02,1.693446e-02,7.278303e-02,8.416860e-03,6.176624e-03,2.391880e-02,8.864450e-02,3.419441e-03,5.740394e-02,5.773339e-02,3.687323e-01,1.683900e-02,4.025139e-02
1.926495e-01,8.328798e-03,4.938519e-02,1.594612e-02,7.214925e-02,6.971000e-03,7.946165e-03,5.931002e-02,1.230799e-01,3.474198e-03,5.452662e-02,4.263108e-02,2.956934e-01,2.018625e-02,4.772254e-02
2.240211e-01,1.025768e-02,6.638683e-02,1.669316e-02,7.483186e-02,6.728882e-03,7.807043e-03,6.265494e-02,1.318707e-01,3.605766e-03,4.500137e-02,3.399778e-02,2.254369e-01,3.228395e-02,5.842212e-02
2.304284e-01,1.531604e-02,8.807784e-02,1.629438e-02,8.370329e-02,5.703664e-03,6.802396e-03,1.336148e-01,1.073180e-01,3.165289e-03,3.372982e-02,2.663106e-02,1.655392e-01,3.455107e-02,4.912484e-02
1.965927e-01,1.397817e-02,8.442421e-02,1.956808e-02,6.989022e-02,4.706481e-03,5.667808e-03,2.360949e-01,9.195068e-02,2.704035e-03,3.075309e-02,2.018914e-02,1.238889e-01,3.305898e-02,6.653264e-02
1.475913e-01,1.055052e-02,7.456698e-02,1.866848e-02,5.199483e-02,3.424210e-03,4.456098e-03,4.092977e-01,6.755780e-02,2.059457e-03,2.332111e-02,1.435573e-02,8.797099e-02,2.475298e-02,5.943181e-02
1.571357e-01,9.177842e-03,7.439852e-02,1.827559e-02,5.149984e-02,2.780183e-03,3.679817e-03,4.674003e-01,5.181119e-02,1.770300e-03,1.695789e-02,1.047983e-02,6.348345e-02,1.876720e-02,5.238236e-02
1.851275e-01,1.094566e-02,5.953798e-02,1.753276e-02,4.966297e-02,2.537592e-03,3.248660e-03,4.967916e-01,4.155930e-02,1.808445e-03,1.272662e-02,8.567200e-03,4.858955e-02,1.584633e-02,4.551791e-02
2.227132e-01,1.425684e-02,4.602762e-02,1.662916e-02,4.632827e-02,3.176566e-03,2.647297e-03,4.690439e-01,3.770472e-02,2.143865e-03,1.005070e-02,8.662121e-03,6.683140e-02,1.468080e-02,3.910355e-02
2.163040e-01,1.331618e-02,3.548351e-02,1.383565e-02,4.258826e-02,3.330908e-03,2.326526e-03,4.462764e-01,3.029220e-02,1.930141e-03,7.797397e-03,8.532616e-03,1.288927e-01,1.309774e-02,3.599579e-02
2.082375e-01,1.485023e-02,2.894186e-02,1.103097e-02,3.561961e-02,3.233760e-03,2.148826e-03,4.867615e-01,2.558235e-02,1.744593e-03,6.082137e-03,7.168741e-03,1.219862e-01,1.283369e-02,3.377810e-02
2.459273e-01,2.230125e-02,2.314237e-02,1.016375e-02,3.023112e-02,4.830129e-03,2.336808e-03,4.062520e-01,2.920385e-02,2.107836e-03,5.440476e-03,8.082995e-03,1.448918e-01,1.111741e-02,5.397098e-02
2.971630e-01,3.197843e-02,1.931758e-02,8.898455e-03,2.467326e-02,6.606462e-03,2.315132e-03,3.207140e-01,3.731965e-02,3.076214e-03,4.936755e-03,9.180343e-03,1.433465e-01,1.237313e-02,7.810120e-02
3.615170e-01,4.469445e-02,1.610455e-02,8.692288e-03,2.366194e-02,9.716932e-03,2.684149e-03,2.608688e-01,6.109183e-02,3.527119e-03,5.401678e-03,9.934241e-03,1.172646e-01,1.266686e-02,6.217371e-02
4.252563e-01,3.981764e-02,1.772837e-02,1.004701e-02,2.173472e-02,1.199835e-02,3.378148e-03,2.159236e-01,5.927666e-02,4.206207e-03,8.110161e-03,1.404042e-02,1.011000e-01,1.580018e-02,5.158236e-02
4.792018e-01,3.268804e-02,1.895936e-02,9.726043e-03,2.059427e-02,1.333794e-02,4.494363e-03,2.089928e-01,5.206433e-02,3.773583e-03,7.490888e-03,1.391850e-02,8.011821e-02,1.446143e-02,4.017844e-02
1.000000e+00,0.000000e+00,0.000000e+00,0.000000e+00,0.000000e+00,0.000000e+00,0.000000e+00,0.000000e+00,0.000000e+00,0.000000e+00,0.000000e+00,0.000000e+00,0.000000e+00,0.000000e+00,0.000000e+00
1.000000e+00,0.000000e+00,0.000000e+00,0.000000e+00,0.000000e+00,0.000000e+00,0.000000e+00,0.000000e+00,0.000000e+00,0.000000e+00,0.000000e+00,0.000000e+00,0.000000e+00,0.000000e+00,0.000000e+00
1.000000e+00,0.000000e+00,0.000000e+00,0.000000e+00,0.000000e+00,0.000000e+00,0.000000e+00,0.000000e+00,0.000000e+00,0.000000e+00,0.000000e+00,0.000000e+00,0.000000e+00,0.000000e+00,0.000000e+00
1.000000e+00,0.000000e+00,0.000000e+00,0.000000e+00,0.000000e+00,0.000000e+00,0.000000e+00,0.000000e+00,0.000000e+00,0.000000e+00,0.000000e+00,0.000000e+00,0.000000e+00,0.000000e+00,0.000000e+00
1.000000e+00,0.000000e+00,0.000000e+00,0.000000e+00,0.000000e+00,0.000000e+00,0.000000e+00,0.000000e+00,0.000000e+00,0.000000e+00,0.000000e+00,0.000000e+00,0.000000e+00,0.000000e+00,0.000000e+00
4.606019e-01,7.522569e-03,7.014774e-03,2.438331e-02,6.713370e-03,1.668882e-02,2.807193e-03,2.647847e-01,1.045655e-02,2.211820e-03,2.343739e-02,7.609045e-02,7.606601e-02,9.835472e-03,1.138561e-02
4.231393e-01,6.248390e-03,5.894747e-03,2.819056e-02,5.129158e-03,1.392026e-02,2.216531e-03,2.265409e-01,8.789265e-03,4.358899e-03,5.243430e-02,7.600635e-02,9.255834e-02,4.369546e-02,1.087746e-02
3.268321e-01,4.714361e-03,4.643247e-03,2.848360e-02,4.161478e-03,1.020942e-02,1.755304e-03,1.948836e-01,7.961632e-03,6.060948e-03,6.315953e-02,9.128254e-02,1.303808e-01,1.169313e-01,8.540189e-03
2.411543e-01,3.385067e-03,3.467089e-03,2.188443e-02,3.626135e-03,7.345552e-03,1.291431e-03,1.391735e-01,6.307027e-03,8.839357e-03,6.959695e-02,7.958128e-02,1.453487e-01,2.587664e-01,1.023272e-02
1.758521e-01,2.501555e-03,2.543918e-03,1.586467e-02,3.131171e-03,5.202154e-03,9.660816e-04,9.901139e-02,5.751530e-03,1.175820e-02,5.733736e-02,1.325831e-01,1.682990e-01,3.102738e-01,8.924089e-03
1.324467e-01,1.935637e-03,1.899276e-03,1.130085e-02,2.717406e-03,3.762332e-03,7.338303e-04,6.969582e-02,7.433001e-03,2.553053e-02,5.267838e-02,1.306610e-01,1.509470e-01,3.976154e-01,1.064291e-02
9.571466e-02,1.844290e-03,1.458777e-03,7.976914e-03,2.235549e-03,2.705884e-03,5.512022e-04,4.903127e-02,1.094574e-02,3.383629e-02,4.183765e-02,1.509190e-01,1.395704e-01,4.514451e-01,9.927263e-03
7.026815e-02,1.555103e-03,1.258798e-03,5.633268e-03,1.944764e-03,2.005261e-03,4.126958e-04,3.442458e-02,2.322042e-02,6.761958e-02,3.404806e-02,1.639835e-01,1.153052e-01,4.681946e-01,1.012600e-02
5.187623e-02,1.313641e-03,9.616144e-04,3.996572e-03,1.636223e-03,1.564230e-03,3.044812e-04,2.412360e-02,4.366576e-02,6.946380e-02,3.283473e-02,1.600248e-01,8.712623e-02,5.117325e-01,9.375601e-03
4.159680e-02,1.747704e-03,1.129083e-03,2.952499e-03,2.221571e-03,1.408546e-03,2.316862e-04,1.692756e-02,9.937993e-02,5.316554e-02,2.773792e-02,1.284525e-01,6.555983e-02,5.493577e-01,8.131176e-03
3.349638e-02,1.955904e-03,1.108646e-03,2.171085e-03,1.805645e-03,1.666498e-03,1.726438e-04,1.186651e-02,1.017110e-01,3.746065e-02,2.209755e-02,9.222919e-02,4.658251e-02,6.387202e-01,6.955656e-03
2.413511e-02,1.822452e-03,1.872077e-03,1.636200e-03,1.449935e-03,1.438633e-03,1.287300e-04,8.322523e-03,1.002881e-01,2.633677e-02,1.731360e-02,6.517787e-02,3.283022e-02,7.116709e-01,5.576978e-03
1.765585e-02,1.493294e-03,6.411208e-03,1.992192e-03,1.652165e-03,2.768953e-03,1.671513e-04,5.982033e-03,9.755331e-02,1.904174e-02,1.664698e-02,4.594700e-02,2.343713e-02,7.544180e-01,4.832965e-03
1.448158e-02,1.343917e-03,5.800248e-03,2.406157e-03,1.856496e-03,4.159651e-03,2.079767e-04,4.467858e-03,8.543357e-02,1.544539e-02,2.976082e-02,3.631145e-02,2.033753e-02,7.721277e-01,5.859646e-03
1.241352e-02,1.341314e-03,4.941328e-03,2.251257e-03,1.545452e-03,4.923353e-03,2.330181e-04,3.272139e-03,7.498293e-02,1.342756e-02,6.262100e-02,3.138115e-02,1.803872e-02,7.612156e-01,7.411644e-03
1.069827e-02,2.238737e-03,1.012511e-02,1.077172e-02,2.181494e-03,7.992887e-03,2.664017e-04,3.326091e-03,8.665174e-02,1.366475e-02,7.089096e-02,2.692670e-02,1.768552e-02,7.245623e-01,1.201734e-02
1.034994e-02,2.707795e-03,8.304585e-03,9.348113e-03,2.241610e-03,9.196140e-03,2.318553e-04,2.887694e-03,9.015216e-02,1.218443e-02,9.327392e-02,2.173385e-02,1.947130e-02,7.045061e-01,1.341050e-02
7.878920e-03,3.747920e-03,7.519897e-03,7.601841e-03,1.879415e-03,7.342946e-03,1.693023e-04,2.155888e-03,1.232994e-01,1.437473e-02,1.905105e-01,1.844492e-02,2.276914e-02,5.804973e-01,1.180791e-02
6.552590e-03,6.892965e-03,7.247410e-03,7.444472e-03,2.367340e-03,8.049531e-03,1.596496e-04,1.640904e-03,1.812745e-01,3.484913e-02,1.971166e-01,1.635848e-02,1.950319e-02,4.974249e-01,1.311824e-02
5.485645e-03,1.065262e-02,5.942263e-03,6.218743e-03,4.023517e-03,1.224039e-02,2.703682e-04,1.410281e-03,3.702216e-01,3.437104e-02,1.523580e-01,1.220928e-02,1.525761e-02,3.588384e-01,1.050021e-02
5.447636e-03,1.337379e-02,5.535492e-03,1.272348e-02,7.254455e-03,1.396686e-02,4.123729e-04,7.866298e-03,4.938313e-01,3.331626e-02,1.154287e-01,1.022131e-02,1.296759e-02,2.587309e-01,8.923567e-03
5.670483e-03,1.706211e-02,4.198750e-03,1.452543e-02,7.697197e-03,3.102965e-02,3.981122e-04,6.946989e-03,5.844086e-01,2.967647e-02,8.781667e-02,8.060464e-03,1.037908e-02,1.836106e-01,8.519405e-03
1.890824e-02,1.618831e-02,7.542835e-03,3.281010e-02,1.454807e-02,6.103444e-02,5.189405e-03,5.532535e-02,5.044815e-01,2.874392e-02,9.032613e-02,1.005773e-02,1.606163e-02,1.315935e-01,7.188816e-03
4.487918e-02,1.309537e-02,2.784245e-02,5.815183e-02,1.765858e-02,6.775982e-02,6.970976e-03,1.543927e-01,3.802043e-01,2.572014e-02,7.339352e-02,1.332537e-02,1.546837e-02,9.342461e-02,7.712830e-03
8.209476e-02,1.089707e-02,3.834630e-02,6.002168e-02,1.897125e-02,1.223195e-01,1.202566e-02,1.852005e-01,2.764373e-01,2.463628e-02,6.149232e-02,1.781227e-02,1.424443e-02,6.640460e-02,9.096008e-03
2.267531e-01,1.288503e-02,4.968687e-02,5.611233e-02,1.589983e-02,1.108845e-01,1.414111e-02,1.523024e-01,1.965832e-01,1.874860e-02,4.787603e-02,2.253343e-02,1.554002e-02,4.761844e-02,1.243503e-02
3.008674e-01,1.317459e-02,5.259285e-02,5.186957e-02,1.471335e-02,1.165379e-01,1.610136e-02,1.551224e-01,1.407852e-01,1.439522e-02,3.663314e-02,2.390009e-02,1.487949e-02,3.416133e-02,1.426607e-02
3.494009e-01,1.250623e-02,6.036798e-02,4.289340e-02,1.385841e-02,1.065593e-01,1.719875e-02,1.737222e-01,1.016437e-01,1.146543e-02,2.865597e-02,2.660832e-02,1.377539e-02,2.517723e-02,1.616690e-02
3.816144e-01,1.131498e-02,6.645022e-02,3.581305e-02,1.471544e-02,8.915535e-02,2.031009e-02,1.936328e-01,7.428011e-02,9.170029e-03,2.298475e-02,2.503036e-02,1.138263e-02,1.888509e-02,2.526062e-02
3.903384e-01,1.148035e-02,6.434251e-02,3.048081e-02,1.618698e-02,7.418188e-02,2.630370e-02,2.245702e-01,5.525552e-02,7.441943e-03,1.838347e-02,2.436671e-02,9.830527e-03,1.460162e-02,3.223535e-02
4.234023e-01,1.269115e-02,6.327275e-02,2.940672e-02,1.673780e-02,6.231179e-02,2.393065e-02,2.135476e-01,4.278749e-02,6.590909e-03,1.526747e-02,2.738384e-02,8.664735e-03,1.248531e-02,4.151943e-02
3.817550e-01,2.043716e-02,7.169604e-02,3.191211e-02,1.910706e-02,6.156597e-02,2.708036e-02,2.107986e-01,3.563341e-02,7.722811e-03,1.497817e-02,3.333374e-02,8.395000e-03,1.475099e-02,6.083354e-02
3.541928e-01,1.996296e-02,5.654430e-02,2.694037e-02,1.788118e-02,4.830991e-02,3.041839e-02,1.976488e-01,3.106215e-02,1.133576e-02,2.223475e-02,3.423699e-02,2.075121e-02,1.502185e-02,1.134585e-01
2.940173e-01,1.931420e-02,4.175475e-02,2.100333e-02,1.370878e-02,3.900352e-02,2.672809e-02,1.468033e-01,5.111628e-02,4.009187e-02,3.818370e-02,3.001160e-02,2.453887e-02,3.526325e-02,1.784613e-01
2.410291e-01,1.810130e-02,4.138561e-02,2.996767e-02,1.315518e-02,3.074707e-02,2.166324e-02,1.125659e-01,1.775999e-01,3.785237e-02,3.511810e-02,2.538263e-02,2.311221e-02,3.665448e-02,1.556652e-01
2.175356e-01,1.642913e-02,4.400261e-02,3.707378e-02,1.161291e-02,2.503280e-02,1.668622e-02,9.537113e-02,2.285878e-01,3.181385e-02,4.489087e-02,2.326050e-02,2.675142e-02,4.019429e-02,1.407571e-01
2.139308e-01,1.324677e-02,3.532909e-02,3.232615e-02,1.580122e-02,2.073742e-02,1.326644e-02,8.198861e-02,2.189599e-01,2.457583e-02,1.191822e-01,1.941353e-02,2.874809e-02,5.818909e-02,1.043049e-01
1.642995e-01,1.009602e-02,2.547931e-02,2.421709e-02,2.213047e-02,1.632147e-02,9.500522e-03,6.060165e-02,2.047632e-01,1.887766e-02,1.931505e-01,1.464959e-02,2.714856e-02,1.196262e-01,8.913835e-02
2.156145e-01,8.613978e-03,2.180559e-02,1.786420e-02,2.969766e-02,1.626361e-02,8.213597e-03,5.273168e-02,2.012566e-01,1.463748e-02,1.477047e-01,1.398786e-02,2.850335e-02,1.367701e-01,8.633506e-02
3.038191e-01,8.536617e-03,1.931114e-02,1.381459e-02,3.523448e-02,2.359541e-02,7.689366e-03,4.425718e-02,1.703225e-01,1.130579e-02,1.131540e-01,1.482811e-02,3.329675e-02,1.295656e-01,7.126941e-02
3.434305e-01,9.185502e-03,1.439911e-02,1.434763e-02,3.144186e-02,2.008009e-02,6.604363e-03,3.281964e-02,1.644785e-01,9.380990e-03,9.685923e-02,4.383262e-02,4.461554e-02,1.101354e-01,5.838894e-02
4.211833e-01,9.624556e-03,1.262970e-02,1.534698e-02,3.085465e-02,2.765356e-02,7.554417e-03,2.645137e-02,1.292132e-01,8.199048e-03,7.714222e-02,4.635606e-02,4.562452e-02,9.138743e-02,5.077899e-02
3.714865e-01,1.036271e-02,1.107824e-02,1.211069e-02,3.484799e-02,2.942086e-02,6.388963e-03,2.141612e-02,1.822432e-01,8.511405e-03,6.537544e-02,3.455019e-02,3.961885e-02,1.191307e-01,5.345810e-02
4.090377e-01,9.207171e-03,9.722830e-03,1.421343e-02,2.771181e-02,4.007043e-02,7.252404e-03,1.637064e-02,2.043029e-01,8.000256e-03,4.982270e-02,2.953204e-02,3.495830e-02,9.418085e-02,4.561654e-02
1.000000e+00,0.000000e+00,0.000000e+00,0.000000e+00,0.000000e+00,0.000000e+00,0.000000e+00,0.000000e+00,0.000000e+00,0.000000e+00,0.000000e+00,0.000000e+00,0.000000e+00,0.000000e+00,0.000000e+00
1.000000e+00,0.000000e+00,0.000000e+00,0.000000e+00,0.000000e+00,0.000000e+00,0.000000e+00,0.000000e+00,0.000000e+00,0.000000e+00,0.000000e+00,0.000000e+00,0.000000e+00,0.000000e+00,0.000000e+00
4.556763e-01,6.360564e-03,1.030704e-02,9.213142e-03,1.474862e-02,3.325879e-02,5.225293e-03,7.434335e-03,1.679961e-01,9.284235e-03,2.682984e-02,1.386262e-02,2.366751e-02,1.758431e-01,4.029268e-02
3.673917e-01,6.378509e-03,9.986158e-03,7.479343e-03,1.668040e-02,2.476013e-02,3.812483e-03,6.514850e-03,2.008671e-01,7.680261e-03,2.499929e-02,1.032233e-02,1.956539e-02,2.082533e-01,8.530872e-02
2.692825e-01,5.774871e-03,1.754344e-02,1.186282e-02,1.652495e-02,1.845308e-02,3.168097e-03,2.813363e-02,3.479677e-01,7.078101e-03,2.280685e-02,7.703437e-03,1.636846e-02,1.615742e-01,6.575788e-02
1.997574e-01,6.490565e-03,1.393027e-02,1.112814e-02,1.946799e-02,1.595711e-02,2.770337e-03,4.288489e-02,4.052329e-01,6.083337e-03,2.350718e-02,6.031830e-03,1.727618e-02,1.495884e-01,7.989355e-02
1.453608e-01,5.047906e-03,1.151808e-02,8.374805e-03,2.249825e-02,1.220057e-02,3.131871e-03,1.959763e-01,3.264935e-01,5.402512e-03,3.033954e-02,5.181769e-03,1.872920e-02,1.140352e-01,9.570984e-02
1.188786e-01,4.501824e-03,1.111230e-02,7.408915e-03,3.658097e-02,1.037125e-02,2.903413e-03,1.510981e-01,3.145782e-01,4.761021e-03,2.583938e-02,4.034178e-03,3.088369e-02,8.496802e-02,1.920802e-01
1.096539e-01,4.295640e-03,2.324122e-02,2.822831e-02,3.911072e-02,1.014466e-02,3.063437e-03,1.146913e-01,2.483696e-01,3.654885e-03,1.971753e-02,3.168941e-03,2.702216e-02,6.109850e-02,3.045391e-01
1.412692e-01,6.275249e-03,2.276576e-02,2.487125e-02,7.172565e-02,1.175883e-02,3.183319e-03,9.036314e-02,1.797370e-01,2.993902e-03,1.431723e-02,2.997686e-03,2.364082e-02,4.432031e-02,3.597806e-01
1.798957e-01,9.406669e-03,2.133731e-02,2.130094e-02,7.462990e-02,1.596057e-02,2.984613e-03,7.095091e-02,1.346253e-01,2.667094e-03,1.103880e-02,3.493709e-03,2.412428e-02,3.332974e-02,3.942544e-01
2.060904e-01,2.194527e-02,1.851408e-02,4.890607e-02,8.471922e-02,2.586321e-02,3.696795e-03,5.679564e-02,1.179435e-01,2.850270e-03,1.081488e-02,9.786793e-03,2.745526e-02,2.530502e-02,3.393136e-01
2.499637e-01,2.192735e-02,1.457302e-02,4.540894e-02,8.088791e-02,3.247724e-02,3.678287e-03,4.419985e-02,9.186829e-02,2.562149e-03,1.028413e-02,9.559615e-03,2.771937e-02,2.009818e-02,3.447919e-01
2.565485e-01,2.416869e-02,1.577288e-02,5.206225e-02,8.134028e-02,3.753316e-02,4.223035e-03,3.392896e-02,8.016893e-02,2.760120e-03,8.724012e-03,1.141003e-02,3.146596e-02,1.603111e-02,3.438621e-01
3.508983e-01,2.477163e-02,1.434203e-02,4.580061e-02,7.027999e-02,3.458790e-02,3.481746e-03,2.540053e-02,8.979958e-02,4.104457e-03,1.219510e-02,1.412858e-02,3.898647e-02,1.786597e-02,2.533571e-01
3.604674e-01,3.710262e-02,1.598698e-02,9.801312e-02,5.974506e-02,2.930796e-02,3.456717e-03,2.121222e-02,9.097566e-02,4.448642e-03,1.514181e-02,2.296295e-02,3.261742e-02,1.652962e-02,1.920318e-01
4.574474e-01,3.063074e-02,1.334931e-02,8.709307e-02,4.911477e-02,2.412402e-02,3.391810e-03,1.787083e-02,7.383468e-02,3.594861e-03,1.932332e-02,3.064473e-02,3.088530e-02,1.609344e-02,1.426017e-01
1.000000e+00,0.000000e+00,0.000000e+00,0.000000e+00,0.000000e+00,0.000000e+00,0.000000e+00,0.000000e+00,0.000000e+00,0.000000e+00,0.000000e+00,0.000000e+00,0.000000e+00,0.000000e+00,0.000000e+00
1.000000e+00,0.000000e+00,0.000000e+00,0.000000e+00,0.000000e+00,0.000000e+00,0.000000e+00,0.000000e+00,0.000000e+00,0.000000e+00,0.000000e+00,0.000000e+00,0.000000e+00,0.000000e+00,0.000000e+00
1.000000e+00,0.000000e+00,0.000000e+00,0.000000e+00,0.000000e+00,0.000000e+00,0.000000e+00,0.000000e+00,0.000000e+00,0.000000e+00,0.000000e+00,0.000000e+00,0.000000e+00,0.000000e+00,0.000000e+00
1.000000e+00,0.000000e+00,0.000000e+00,0.000000e+00,0.000000e+00,0.000000e+00,0.000000e+00,0.000000e+00,0.000000e+00,0.000000e+00,0.000000e+00,0.000000e+00,0.000000e+00,0.000000e+00,0.000000e+00
1.000000e+00,0.000000e+00,0.000000e+00,0.000000e+00,0.000000e+00,0.000000e+00,0.000000e+00,0.000000e+00,0.000000e+00,0.000000e+00,0.000000e+00,0.000000e+00,0.000000e+00,0.000000e+00,0.000000e+00
1.000000e+00,0.000000e+00,0.000000e+00,0.000000e+00,0.000000e+00,0.000000e+00,0.000000e+00,0.000000e+00,0.000000e+00,0.000000e+00,0.000000e+00,0.000000e+00,0.000000e+00,0.000000e+00,0.000000e+00
1.000000e+00,0.000000e+00,0.000000e+00,0.000000e+00,0.000000e+00,0.000000e+00,0.000000e+00,0.000000e+00,0.000000e+00,0.000000e+00,0.000000e+00,0.000000e+00,0.000000e+00,0.000000e+00,0.000000e+00
1.000000e+00,0.000000e+00,0.000000e+00,0.000000e+00,0.000000e+00,0.000000e+00,0.000000e+00,0.000000e+00,0.000000e+00,0.000000e+00,0.000000e+00,0.000000e+00,0.000000e+00,0.000000e+00,0.000000e+00
1.000000e+00,0.000000e+00,0.000000e+00,0.000000e+00,0.000000e+00,0.000000e+00,0.000000e+00,0.000000e+00,0.000000e+00,0.000000e+00,0.000000e+00,0.000000e+00,0.000000e+00,0.000000e+00,0.000000e+00
1.000000e+00,0.000000e+00,0.000000e+00,0.000000e+00,0.000000e+00,0.000000e+00,0.000000e+00,0.000000e+00,0.000000e+00,0.000000e+00,0.000000e+00,0.000000e+00,0.000000e+00,0.000000e+00,0.000000e+00
1.000000e+00,0.000000e+00,0.000000e+00,0.000000e+00,0.000000e+00,0.000000e+00,0.000000e+00,0.000000e+00,0.000000e+00,0.000000e+00,0.000000e+00,0.000000e+00,0.000000e+00,0.000000e+00,0.000000e+00
