1.000000e+00,0.000000e+00,0.000000e+00,0.000000e+00,0.000000e+00,0.000000e+00,0.000000e+00,0.000000e+00,0.000000e+00,0.000000e+00,0.000000e+00,0.000000e+00,0.000000e+00,0.000000e+00,0.000000e+00
1.000000e+00,0.000000e+00,0.000000e+00,0.000000e+00,0.000000e+00,0.000000e+00,0.000000e+00,0.000000e+00,0.000000e+00,0.000000e+00,0.000000e+00,0.000000e+00,0.000000e+00,0.000000e+00,0.000000e+00
1.000000e+00,0.000000e+00,0.000000e+00,0.000000e+00,0.000000e+00,0.000000e+00,0.000000e+00,0.000000e+00,0.000000e+00,0.000000e+00,0.000000e+00,0.000000e+00,0.000000e+00,0.000000e+00,0.000000e+00
1.000000e+00,0.000000e+00,0.000000e+00,0.000000e+00,0.000000e+00,0.000000e+00,0.000000e+00,0.000000e+00,0.000000e+00,0.000000e+00,0.000000e+00,0.000000e+00,0.000000e+00,0.000000e+00,0.000000e+00
1.000000e+00,0.000000e+00,0.000000e+00,0.000000e+00,0.000000e+00,0.000000e+00,0.000000e+00,0.000000e+00,0.000000e+00,0.000000e+00,0.000000e+00,0.000000e+00,0.000000e+00,0.000000e+00,0.000000e+00
1.000000e+00,0.000000e+00,0.000000e+00,0.000000e+00,0.000000e+00,0.000000e+00,0.000000e+00,0.000000e+00,0.000000e+00,0.000000e+00,0.000000e+00,0.000000e+00,0.000000e+00,0.000000e+00,0.000000e+00
1.000000e+00,0.000000e+00,0.000000e+00,0.000000e+00,0.000000e+00,0.000000e+00,0.000000e+00,0.000000e+00,0.000000e+00,0.000000e+00,0.000000e+00,0.000000e+00,0.000000e+00,0.000000e+00,0.000000e+00
1.000000e+00,0.000000e+00,0.000000e+00,0.000000e+00,0.000000e+00,0.000000e+00,0.000000e+00,0.000000e+00,0.000000e+00,0.000000e+00,0.000000e+00,0.000000e+00,0.000000e+00,0.000000e+00,0.000000e+00
1.000000e+00,0.000000e+00,0.000000e+00,0.000000e+00,0.000000e+00,0.000000e+00,0.000000e+00,0.000000e+00,0.000000e+00,0.000000e+00,0.000000e+00,0.000000e+00,0.000000e+00,0.000000e+00,0.000000e+00
1.000000e+00,0.000000e+00,0.000000e+00,0.000000e+00,0.000000e+00,0.000000e+00,0.000000e+00,0.000000e+00,0.000000e+00,0.000000e+00,0.000000e+00,0.000000e+00,0.000000e+00,0.000000e+00,0.000000e+00
1.000000e+00,0.000000e+00,0.000000e+00,0.000000e+00,0.000000e+00,0.000000e+00,0.000000e+00,0.000000e+00,0.000000e+00,0.000000e+00,0.000000e+00,0.000000e+00,0.000000e+00,0.000000e+00,0.000000e+00
1.000000e+00,0.000000e+00,0.000000e+00,0.000000e+00,0.000000e+00,0.000000e+00,0.000000e+00,0.000000e+00,0.000000e+00,0.000000e+00,0.000000e+00,0.000000e+00,0.000000e+00,0.000000e+00,0.000000e+00
1.000000e+00,0.000000e+00,0.000000e+00,0.000000e+00,0.000000e+00,0.000000e+00,0.000000e+00,0.000000e+00,0.000000e+00,0.000000e+00,0.000000e+00,0.000000e+00,0.000000e+00,0.000000e+00,0.000000e+00
1.000000e+00,0.000000e+00,0.000000e+00,0.000000e+00,0.000000e+00,0.000000e+00,0.000000e+00,0.000000e+00,0.000000e+00,0.000000e+00,0.000000e+00,0.000000e+00,0.000000e+00,0.000000e+00,0.000000e+00
1.000000e+00,0.000000e+00,0.000000e+00,0.000000e+00,0.000000e+00,0.000000e+00,0.000000e+00,0.000000e+00,0.000000e+00,0.000000e+00,0.000000e+00,0.000000e+00,0.000000e+00,0.000000e+00,0.000000e+00
1.000000e+00,0.000000e+00,0.000000e+00,0.000000e+00,0.000000e+00,0.000000e+00,0.000000e+00,0.000000e+00,0.000000e+00,0.000000e+00,0.000000e+00,0.000000e+00,0.000000e+00,0.000000e+00,0.000000e+00
1.000000e+00,0.000000e+00,0.000000e+00,0.000000e+00,0.000000e+00,0.000000e+00,0.000000e+00,0.000000e+00,0.000000e+00,0.000000e+00,0.000000e+00,0.000000e+00,0.000000e+00,0.000000e+00,0.000000e+00
1.000000e+00,0.000000e+00,0.000000e+00,0.000000e+00,0.000000e+00,0.000000e+00,0.000000e+00,0.000000e+00,0.000000e+00,0.000000e+00,0.000000e+00,0.000000e+00,0.000000e+00,0.000000e+00,0.000000e+00
1.000000e+00,0.000000e+00,0.000000e+00,0.000000e+00,0.000000e+00,0.000000e+00,0.000000e+00,0.000000e+00,0.000000e+00,0.000000e+00,0.000000e+00,0.000000e+00,0.000000e+00,0.000000e+00,0.000000e+00
1.000000e+00,0.000000e+00,0.000000e+00,0.000000e+00,0.000000e+00,0.000000e+00,0.000000e+00,0.000000e+00,0.000000e+00,0.000000e+00,0.000000e+00,0.000000e+00,0.000000e+00,0.000000e+00,0.000000e+00
1.000000e+00,0.000000e+00,0.000000e+00,0.000000e+00,0.000000e+00,0.000000e+00,0.000000e+00,0.000000e+00,0.000000e+00,0.000000e+00,0.000000e+00,0.000000e+00,0.000000e+00,0.000000e+00,0.000000e+00
1.000000e+00,0.000000e+00,0.000000e+00,0.000000e+00,0.000000e+00,0.000000e+00,0.000000e+00,0.000000e+00,0.000000e+00,0.000000e+00,0.000000e+00,0.000000e+00,0.000000e+00,0.000000e+00,0.000000e+00
1.000000e+00,0.000000e+00,0.000000e+00,0.000000e+00,0.000000e+00,0.000000e+00,0.000000e+00,0.000000e+00,0.000000e+00,0.000000e+00,0.000000e+00,0.000000e+00,0.000000e+00,0.000000e+00,0.000000e+00
1.000000e+00,0.000000e+00,0.000000e+00,0.000000e+00,0.000000e+00,0.000000e+00,0.000000e+00,0.000000e+00,0.000000e+00,0.000000e+00,0.000000e+00,0.000000e+00,0.000000e+00,0.000000e+00,0.000000e+00
1.000000e+00,0.000000e+00,0.000000e+00,0.000000e+00,0.000000e+00,0.000000e+00,0.000000e+00,0.000000e+00,0.000000e+00,0.000000e+00,0.000000e+00,0.000000e+00,0.000000e+00,0.000000e+00,0.000000e+00
1.000000e+00,0.000000e+00,0.000000e+00,0.000000e+00,0.000000e+00,0.000000e+00,0.000000e+00,0.000000e+00,0.000000e+00,0.000000e+00,0.000000e+00,0.000000e+00,0.000000e+00,0.000000e+00,0.000000e+00
1.000000e+00,0.000000e+00,0.000000e+00,0.000000e+00,0.000000e+00,0.000000e+00,0.000000e+00,0.000000e+00,0.000000e+00,0.000000e+00,0.000000e+00,0.000000e+00,0.000000e+00,0.000000e+00,0.000000e+00
1.000000e+00,0.000000e+00,0.000000e+00,0.000000e+00,0.000000e+00,0.000000e+00,0.000000e+00,0.000000e+00,0.000000e+00,0.000000e+00,0.000000e+00,0.000000e+00,0.000000e+00,0.000000e+00,0.000000e+00
1.000000e+00,0.000000e+00,0.000000e+00,0.000000e+00,0.000000e+00,0.000000e+00,0.000000e+00,0.000000e+00,0.000000e+00,0.000000e+00,0.000000e+00,0.000000e+00,0.000000e+00,0.000000e+00,0.000000e+00
1.000000e+00,0.000000e+00,0.000000e+00,0.000000e+00,0.000000e+00,0.000000e+00,0.000000e+00,0.000000e+00,0.000000e+00,0.000000e+00,0.000000e+00,0.000000e+00,0.000000e+00,0.000000e+00,0.000000e+00
1.000000e+00,0.000000e+00,0.000000e+00,0.000000e+00,0.000000e+00,0.000000e+00,0.000000e+00,0.000000e+00,0.000000e+00,0.000000e+00,0.000000e+00,0.000000e+00,0.000000e+00,0.000000e+00,0.000000e+00
1.000000e+00,0.000000e+00,0.000000e+00,0.000000e+00,0.000000e+00,0.000000e+00,0.000000e+00,0.000000e+00,0.000000e+00,0.000000e+00,0.000000e+00,0.000000e+00,0.000000e+00,0.000000e+00,0.000000e+00
1.000000e+00,0.000000e+00,0.000000e+00,0.000000e+00,0.000000e+00,0.000000e+00,0.000000e+00,0.000000e+00,0.000000e+00,0.000000e+00,0.000000e+00,0.000000e+00,0.000000e+00,0.000000e+00,0.000000e+00
1.000000e+00,0.000000e+00,0.000000e+00,0.000000e+00,0.000000e+00,0.000000e+00,0.000000e+00,0.000000e+00,0.000000e+00,0.000000e+00,0.000000e+00,0.000000e+00,0.000000e+00,0.000000e+00,0.000000e+00
1.000000e+00,0.000000e+00,0.000000e+00,0.000000e+00,0.000000e+00,0.000000e+00,0.000000e+00,0.000000e+00,0.000000e+00,0.000000e+00,0.000000e+00,0.000000e+00,0.000000e+00,0.000000e+00,0.000000e+00
1.000000e+00,0.000000e+00,0.000000e+00,0.000000e+00,0.000000e+00,0.000000e+00,0.000000e+00,0.000000e+00,0.000000e+00,0.000000e+00,0.000000e+00,0.000000e+00,0.000000e+00,0.000000e+00,0.000000e+00
1.000000e+00,0.000000e+00,0.000000e+00,0.000000e+00,0.000000e+00,0.000000e+00,0.000000e+00,0.000000e+00,0.000000e+00,0.000000e+00,0.000000e+00,0.000000e+00,0.000000e+00,0.000000e+00,0.000000e+00
1.000000e+00,0.000000e+00,0.000000e+00,0.000000e+00,0.000000e+00,0.000000e+00,0.000000e+00,0.000000e+00,0.000000e+00,0.000000e+00,0.000000e+00,0.000000e+00,0.000000e+00,0.000000e+00,0.000000e+00
1.000000e+00,0.000000e+00,0.000000e+00,0.000000e+00,0.000000e+00,0.000000e+00,0.000000e+00,0.000000e+00,0.000000e+00,0.000000e+00,0.000000e+00,0.000000e+00,0.000000e+00,0.000000e+00,0.000000e+00
1.000000e+00,0.000000e+00,0.000000e+00,0.000000e+00,0.000000e+00,0.000000e+00,0.000000e+00,0.000000e+00,0.000000e+00,0.000000e+00,0.000000e+00,0.000000e+00,0.000000e+00,0.000000e+00,0.000000e+00
1.000000e+00,0.000000e+00,0.000000e+00,0.000000e+00,0.000000e+00,0.000000e+00,0.000000e+00,0.000000e+00,0.000000e+00,0.000000e+00,0.000000e+00,0.000000e+00,0.000000e+00,0.000000e+00,0.000000e+00
1.000000e+00,0.000000e+00,0.000000e+00,0.000000e+00,0.000000e+00,0.000000e+00,0.000000e+00,0.000000e+00,0.000000e+00,0.000000e+00,0.000000e+00,0.000000e+00,0.000000e+00,0.000000e+00,0.000000e+00
1.000000e+00,0.000000e+00,0.000000e+00,0.000000e+00,0.000000e+00,0.000000e+00,0.000000e+00,0.000000e+00,0.000000e+00,0.000000e+00,0.000000e+00,0.000000e+00,0.000000e+00,0.000000e+00,0.000000e+00
1.000000e+00,0.000000e+00,0.000000e+00,0.000000e+00,0.000000e+00,0.000000e+00,0.000000e+00,0.000000e+00,0.000000e+00,0.000000e+00,0.000000e+00,0.000000e+00,0.000000e+00,0.000000e+00,0.000000e+00
1.000000e+00,0.000000e+00,0.000000e+00,0.000000e+00,0.000000e+00,0.000000e+00,0.000000e+00,0.000000e+00,0.000000e+00,0.000000e+00,0.000000e+00,0.000000e+00,0.000000e+00,0.000000e+00,0.000000e+00
1.000000e+00,0.000000e+00,0.000000e+00,0.000000e+00,0.000000e+00,0.000000e+00,0.000000e+00,0.000000e+00,0.000000e+00,0.000000e+00,0.000000e+00,0.000000e+00,0.000000e+00,0.000000e+00,0.000000e+00
4.932165e-01,5.583673e-03,3.955298e-02,1.924455e-02,2.749929e-03,1.019856e-02,9.229031e-03,3.809593e-01,1.825877e-03,1.386897e-03,6.156749e-03,1.069157e-02,8.158205e-03,3.443823e-03,7.602450e-03
3.920008e-01,4.231598e-03,3.290548e-02,1.529183e-02,2.529796e-03,9.040616e-03,1.144619e-02,5.008312e-01,1.364658e-03,1.144916e-03,4.553526e-03,9.078480e-03,7.131596e-03,2.744507e-03,5.704795e-03
3.145140e-01,3.206792e-03,2.463409e-02,1.195767e-02,2.725567e-03,7.432958e-03,1.056096e-02,5.993292e-01,1.058757e-03,1.019672e-03,3.533740e-03,7.247112e-03,6.413823e-03,2.137593e-03,4.228114e-03
3.208976e-01,2.641954e-03,1.890125e-02,9.547078e-03,3.868015e-03,6.737187e-03,1.030533e-02,6.010037e-01,1.084717e-03,1.375973e-03,3.240649e-03,7.504751e-03,7.101584e-03,1.852983e-03,3.937246e-03
4.096801e-01,2.528841e-03,1.456019e-02,8.206165e-03,4.694303e-03,6.468242e-03,8.105168e-03,5.121757e-01,1.636963e-03,1.807588e-03,3.619860e-03,1.132537e-02,8.495119e-03,1.995619e-03,4.700653e-03
4.403828e-01,2.792453e-03,1.109281e-02,7.490821e-03,6.524066e-03,6.664529e-03,6.445274e-03,4.750648e-01,2.388665e-03,1.985991e-03,4.834690e-03,1.593403e-02,1.063951e-02,2.691856e-03,5.067623e-03
4.275891e-01,8.746605e-03,1.147213e-02,5.623084e-02,5.616438e-02,7.524009e-03,6.176987e-03,3.518347e-01,8.142049e-03,3.907748e-03,6.538829e-03,3.142606e-02,1.583156e-02,2.667308e-03,5.747695e-03
3.962214e-01,7.152741e-03,8.598741e-03,1.416498e-01,6.467173e-02,7.452675e-03,4.893555e-03,2.575549e-01,1.566650e-02,3.406245e-03,2.082943e-02,2.984387e-02,3.429841e-02,2.372477e-03,5.387572e-03
2.824546e-01,6.166418e-03,6.284733e-03,2.343682e-01,4.712370e-02,5.896140e-03,3.682921e-03,1.808455e-01,4.886135e-02,2.661569e-03,2.614608e-02,1.071510e-01,4.097807e-02,2.317532e-03,5.062237e-03
2.028488e-01,7.120267e-03,5.006904e-03,2.938006e-01,3.345124e-02,4.908388e-03,2.780841e-03,1.277611e-01,9.864845e-02,2.754044e-03,4.123804e-02,1.145173e-01,5.714349e-02,2.339430e-03,5.681143e-03
1.497186e-01,5.401934e-03,3.702443e-03,2.441596e-01,2.504740e-02,4.089019e-03,2.309516e-03,9.006547e-02,1.059980e-01,2.103824e-03,9.574607e-02,1.990901e-01,6.479505e-02,2.805974e-03,4.966930e-03
1.144343e-01,5.665912e-03,2.814333e-03,1.959434e-01,1.926153e-02,3.568337e-03,1.883319e-03,6.629968e-02,1.691181e-01,2.097895e-03,1.143617e-01,1.802573e-01,1.103141e-01,7.410367e-03,6.569732e-03
1.017057e-01,9.041032e-03,2.331002e-03,1.571107e-01,1.553833e-02,4.540392e-03,2.201674e-03,4.862345e-02,2.144099e-01,2.060631e-03,1.411581e-01,1.435338e-01,1.325525e-01,1.278816e-02,1.240464e-02
9.333847e-02,1.380095e-02,3.205162e-03,1.694195e-01,1.332324e-02,6.158810e-03,2.278347e-03,3.583821e-02,2.668943e-01,2.047622e-03,1.252459e-01,1.123829e-01,1.245463e-01,1.361153e-02,1.790883e-02
6.905798e-02,1.096906e-02,3.284531e-03,1.790817e-01,9.774201e-03,5.825922e-03,1.830210e-03,2.538810e-02,2.515424e-01,1.946124e-03,1.287006e-01,9.536181e-02,1.875821e-01,1.301284e-02,1.664243e-02
4.951017e-02,7.938728e-03,3.463801e-03,1.419381e-01,1.481995e-02,5.044245e-03,1.710063e-03,1.847826e-02,1.867740e-01,1.665132e-03,1.726826e-01,8.661382e-02,2.779886e-01,1.096381e-02,2.040878e-02
3.594217e-02,5.630500e-03,3.040970e-03,1.002879e-01,7.280022e-02,3.824446e-03,1.389467e-03,1.964767e-02,1.561660e-01,1.232305e-03,1.456776e-01,6.994375e-02,3.602013e-01,8.240658e-03,1.597512e-02
2.630853e-02,4.028907e-03,2.485115e-03,7.059792e-02,1.385228e-01,3.049952e-03,1.189835e-03,4.058549e-02,1.438362e-01,8.925254e-04,1.213720e-01,5.567570e-02,3.738297e-01,5.946703e-03,1.167860e-02
2.472061e-02,3.013266e-03,2.477714e-03,5.086604e-02,1.448285e-01,2.770924e-03,1.219478e-03,1.405578e-01,1.356428e-01,6.917525e-04,1.018082e-01,4.768662e-02,3.309909e-01,4.292900e-03,8.432390e-03
4.967939e-02,3.496510e-03,5.721669e-03,4.830056e-02,1.401680e-01,1.988790e-02,1.531834e-03,1.239950e-01,2.040655e-01,8.027555e-04,8.532790e-02,4.230113e-02,2.647271e-01,3.312751e-03,6.681983e-03
6.975783e-02,4.615076e-03,3.987555e-02,4.486296e-02,1.234367e-01,2.636790e-02,2.018360e-03,9.928782e-02,2.241143e-01,1.202963e-03,8.973512e-02,4.001798e-02,2.258381e-01,2.652571e-03,6.216723e-03
8.835992e-02,7.302589e-03,5.547151e-02,3.790158e-02,1.104756e-01,2.003239e-02,1.989783e-03,7.299022e-02,2.788263e-01,1.752809e-03,8.671576e-02,4.273980e-02,1.840272e-01,2.224527e-03,9.189952e-03
1.202845e-01,7.988626e-03,4.809148e-02,3.401108e-02,1.084288e-01,1.561570e-02,2.141339e-03,6.139045e-02,3.349312e-01,1.495057e-03,7.377614e-02,3.768262e-02,1.449695e-01,1.723352e-03,7.470088e-03
1.505249e-01,1.593518e-02,5.007806e-02,2.842009e-02,1.041609e-01,1.199184e-02,1.907589e-03,7.146831e-02,3.686148e-01,1.266082e-03,5.585334e-02,2.793796e-02,1.041576e-01,1.296784e-03,6.386566e-03
1.697053e-01,1.607259e-02,4.084810e-02,2.263355e-02,1.311035e-01,9.730603e-03,2.273113e-03,1.464178e-01,3.189016e-01,1.053476e-03,4.042197e-02,2.084142e-02,7.390632e-02,1.069447e-03,5.021044e-03
1.557346e-01,1.745005e-02,4.409552e-02,2.507163e-02,1.488408e-01,8.328537e-03,2.272368e-03,2.184551e-01,2.734018e-01,1.155862e-03,2.967875e-02,1.620239e-02,5.378825e-02,9.111812e-04,4.613134e-03
1.294120e-01,1.451206e-02,3.326206e-02,1.966132e-02,1.192568e-01,7.455145e-03,2.121022e-03,3.928304e-01,2.027119e-01,9.445418e-04,2.161773e-02,1.258491e-02,3.938977e-02,7.214167e-04,3.518894e-03
1.416041e-01,1.175659e-02,2.417610e-02,1.543662e-02,1.061421e-01,8.115381e-03,2.484726e-03,4.791648e-01,1.524048e-01,7.846848e-04,1.588129e-02,9.802448e-03,2.885490e-02,5.919106e-04,2.799626e-03
2.298057e-01,1.061495e-02,1.805647e-02,1.256858e-02,8.653201e-02,1.846161e-02,4.578488e-03,4.558320e-01,1.144523e-01,7.110470e-04,1.264059e-02,8.105827e-03,2.437690e-02,7.019253e-04,2.561687e-03
3.177546e-01,1.232324e-02,1.358398e-02,1.552800e-02,6.366689e-02,5.827310e-02,5.060978e-03,3.429730e-01,8.799071e-02,9.117606e-04,1.364912e-02,1.453652e-02,4.716113e-02,1.173461e-03,5.413534e-03
3.089861e-01,1.475726e-02,1.056548e-02,2.516899e-02,4.644337e-02,9.178951e-02,6.695537e-03,2.520223e-01,7.839824e-02,1.446882e-03,1.635691e-02,2.035994e-02,1.165679e-01,1.209212e-03,9.232409e-03
2.516932e-01,1.411547e-02,8.003191e-03,2.741159e-02,3.444663e-02,1.671346e-01,7.489260e-03,1.807703e-01,7.784630e-02,1.549726e-03,1.509735e-02,1.890717e-02,1.857779e-01,9.820934e-04,8.775223e-03
2.304397e-01,1.197373e-02,7.297502e-03,2.669480e-02,2.558728e-02,2.698611e-01,9.311995e-03,1.310625e-01,6.566522e-02,1.474972e-03,1.393188e-02,1.923657e-02,1.786345e-01,7.919013e-04,8.036224e-03
2.325763e-01,1.181876e-02,8.018131e-03,2.254136e-02,1.910126e-02,2.880619e-01,8.186870e-03,9.489635e-02,6.167012e-02,2.675608e-03,1.783483e-02,4.324158e-02,1.797143e-01,9.939871e-04,8.668736e-03
1.926077e-01,1.073290e-02,6.176663e-03,1.643675e-02,1.464361e-02,2.269591e-01,7.162083e-03,6.777205e-02,4.798526e-02,1.995544e-03,1.310771e-02,3.402246e-02,3.527063e-01,7.638236e-04,6.928092e-03
1.515213e-01,8.248437e-03,4.769288e-03,1.189366e-02,1.134321e-02,1.656850e-01,6.123153e-03,4.848633e-02,3.573849e-02,1.540252e-03,9.865995e-03,2.672570e-02,5.121452e-01,5.965167e-04,5.317423e-03
1.712742e-01,1.423784e-02,8.739691e-03,1.459967e-02,1.057448e-02,1.335251e-01,6.864664e-03,3.674156e-02,4.353514e-02,2.412262e-03,1.023631e-02,3.689362e-02,5.020550e-01,8.558047e-04,7.454634e-03
2.817131e-01,1.295893e-02,7.257451e-03,1.209924e-02,1.228142e-02,1.034903e-01,5.474678e-03,2.877303e-02,3.869110e-02,2.189167e-03,9.607278e-03,3.067907e-02,4.453031e-01,1.294338e-03,8.187844e-03
3.933643e-01,1.048214e-02,6.452379e-03,1.034466e-02,1.275962e-02,9.250011e-02,4.575559e-03,2.182066e-02,3.024183e-02,1.754649e-03,8.435207e-03,3.387398e-02,3.645874e-01,1.307725e-03,7.499708e-03
3.654496e-01,1.029299e-02,5.103962e-03,8.132149e-03,1.419627e-02,7.124279e-02,4.105627e-03,1.742920e-02,2.690141e-02,1.518003e-03,7.231819e-03,2.947713e-02,4.308393e-01,1.264064e-03,6.815664e-03
3.227990e-01,1.194220e-02,6.779288e-03,9.886092e-03,3.065996e-02,5.669852e-02,7.426193e-03,1.726554e-02,3.020351e-02,1.835072e-03,6.833397e-03,2.599158e-02,4.636951e-01,1.318084e-03,6.666446e-03
3.093795e-01,2.480011e-02,2.282058e-02,1.397446e-01,2.420915e-02,4.498925e-02,5.425296e-03,1.286478e-02,2.703116e-02,3.977485e-03,6.902925e-03,2.726925e-02,3.314747e-01,1.201556e-03,1.790955e-02
4.524973e-01,2.174539e-02,2.117251e-02,1.076265e-01,1.950239e-02,3.932880e-02,4.447868e-03,1.019800e-02,2.273627e-02,3.348419e-03,6.360127e-03,3.111322e-02,2.414875e-01,1.333252e-03,1.710246e-02
4.932008e-01,2.201623e-02,3.728360e-02,9.339200e-02,1.621136e-02,3.531706e-02,4.207908e-03,8.436061e-03,2.601104e-02,5.975970e-03,7.211472e-03,4.378585e-02,1.837193e-01,2.032657e-03,2.119865e-02
4.932053e-01,3.149606e-02,5.357194e-02,8.642063e-02,1.399825e-02,2.839728e-02,4.190122e-03,7.892617e-03,3.841135e-02,8.818183e-03,8.723676e-03,3.712089e-02,1.410337e-01,2.686182e-03,4.403378e-02
1.000000e+00,0.000000e+00,0.000000e+00,0.000000e+00,0.000000e+00,0.000000e+00,0.000000e+00,0.000000e+00,0.000000e+00,0.000000e+00,0.000000e+00,0.000000e+00,0.000000e+00,0.000000e+00,0.000000e+00
1.000000e+00,0.000000e+00,0.000000e+00,0.000000e+00,0.000000e+00,0.000000e+00,0.000000e+00,0.000000e+00,0.000000e+00,0.000000e+00,0.000000e+00,0.000000e+00,0.000000e+00,0.000000e+00,0.000000e+00
1.000000e+00,0.000000e+00,0.000000e+00,0.000000e+00,0.000000e+00,0.000000e+00,0.000000e+00,0.000000e+00,0.000000e+00,0.000000e+00,0.000000e+00,0.000000e+00,0.000000e+00,0.000000e+00,0.000000e+00
1.000000e+00,0.000000e+00,0.000000e+00,0.000000e+00,0.000000e+00,0.000000e+00,0.000000e+00,0.000000e+00,0.000000e+00,0.000000e+00,0.000000e+00,0.000000e+00,0.000000e+00,0.000000e+00,0.000000e+00
1.000000e+00,0.000000e+00,0.000000e+00,0.000000e+00,0.000000e+00,0.000000e+00,0.000000e+00,0.000000e+00,0.000000e+00,0.000000e+00,0.000000e+00,0.000000e+00,0.000000e+00,0.000000e+00,0.000000e+00
4.200170e-01,7.733066e-02,1.663794e-02,3.158239e-02,2.387583e-02,1.766606e-01,4.721440e-03,2.402272e-02,1.131160e-01,2.777828e-03,9.450851e-03,2.179806e-02,5.112700e-02,4.489365e-03,2.239236e-02
3.212516e-01,6.457690e-02,1.833573e-02,1.878553e-01,2.692030e-02,1.526632e-01,3.934993e-03,2.881835e-02,1.028865e-01,2.487078e-03,9.364981e-03,1.978044e-02,3.787692e-02,3.639827e-03,1.960778e-02
2.778805e-01,5.659817e-02,1.674125e-02,2.016588e-01,3.100565e-02,1.834817e-01,3.781078e-03,3.552821e-02,1.012174e-01,2.124588e-03,1.215616e-02,2.975969e-02,2.881842e-02,2.828986e-03,1.641930e-02
2.825002e-01,5.524602e-02,2.643323e-02,1.681990e-01,3.815706e-02,1.443149e-01,3.935860e-03,6.551919e-02,9.534905e-02,2.757736e-03,3.460952e-02,4.133211e-02,2.390558e-02,3.109245e-03,1.463126e-02
3.638674e-01,4.832637e-02,2.730690e-02,1.247107e-01,4.236815e-02,1.357944e-01,4.391866e-03,5.798383e-02,7.382128e-02,1.143682e-02,3.280798e-02,3.552042e-02,2.342223e-02,2.977301e-03,1.526435e-02
2.807110e-01,3.685601e-02,2.522424e-02,9.993522e-02,3.868982e-02,1.064899e-01,4.686934e-03,4.280884e-02,7.285874e-02,1.676351e-01,5.308612e-02,2.743358e-02,2.005950e-02,4.541173e-03,1.898383e-02
2.530637e-01,2.869399e-02,1.911623e-02,8.128207e-02,3.392424e-02,8.556952e-02,3.948373e-03,3.077506e-02,5.825669e-02,2.913827e-01,4.500712e-02,2.039719e-02,1.888839e-02,5.695387e-03,2.399934e-02
2.276603e-01,2.202142e-02,1.498196e-02,6.313089e-02,2.861530e-02,7.272509e-02,3.318547e-03,2.317962e-02,5.139277e-02,3.579581e-01,4.717232e-02,1.580051e-02,2.939695e-02,1.020948e-02,3.243672e-02
1.948481e-01,1.741387e-02,1.091048e-02,4.482973e-02,2.298346e-02,5.201248e-02,2.618118e-03,1.699441e-02,6.192405e-02,3.348172e-01,5.064984e-02,1.196614e-02,3.663744e-02,4.568841e-02,9.570622e-02
1.546512e-01,1.276506e-02,7.711706e-03,3.147151e-02,1.677913e-02,3.675731e-02,1.934835e-03,1.198777e-02,5.313556e-02,2.735002e-01,3.830698e-02,8.695759e-03,2.764549e-02,1.797513e-01,1.449061e-01
1.320306e-01,9.768796e-03,5.552916e-03,2.242031e-02,1.284659e-02,2.681037e-02,1.614947e-03,8.701502e-03,9.571880e-02,2.222102e-01,2.925867e-02,6.519443e-03,2.106608e-02,2.241292e-01,1.813514e-01
1.277452e-01,8.857996e-03,4.568590e-03,1.650439e-02,9.805162e-03,2.188046e-02,1.338838e-03,6.254469e-03,7.555329e-02,1.586159e-01,3.525180e-02,5.389594e-03,1.553749e-02,3.487286e-01,1.639683e-01
1.721637e-01,7.949966e-03,3.763861e-03,1.260943e-02,1.115345e-02,2.561966e-02,1.154966e-03,4.897296e-03,5.772797e-02,1.129139e-01,7.880406e-02,4.751856e-03,1.175862e-02,3.597210e-01,1.350103e-01
1.621394e-01,7.722305e-03,3.153115e-03,1.207749e-02,1.205932e-02,2.080930e-02,2.101311e-03,4.751108e-03,5.302810e-02,8.141609e-02,1.264280e-01,5.971241e-03,9.996270e-03,3.988411e-01,9.950592e-02
1.438923e-01,6.281354e-03,2.534253e-03,9.589424e-03,1.037225e-02,1.714455e-02,1.891337e-03,3.950336e-03,4.397248e-02,5.829697e-02,1.377458e-01,1.025959e-02,1.105138e-02,4.718391e-01,7.117891e-02
1.062614e-01,4.936999e-03,1.918912e-03,6.942498e-03,7.996603e-03,1.397823e-02,1.356489e-03,2.930748e-03,3.522373e-02,4.129134e-02,1.668318e-01,9.421290e-03,8.691826e-03,5.417632e-01,5.045498e-02
7.467373e-02,3.768612e-03,1.434651e-03,4.976376e-03,5.888755e-03,1.252664e-02,9.578351e-04,2.072877e-03,2.912025e-02,2.919766e-02,1.566491e-01,7.131915e-03,6.223358e-03,6.296364e-01,3.574181e-02
5.242673e-02,2.937897e-03,1.084846e-03,3.556121e-03,4.472198e-03,1.009390e-02,6.851401e-04,1.476814e-03,2.460085e-02,2.090607e-02,1.722316e-01,6.271535e-03,4.488545e-03,6.696217e-01,2.514596e-02
3.798356e-02,4.760317e-03,1.830347e-03,3.089181e-03,3.800218e-03,1.268441e-02,8.063286e-04,1.600291e-03,7.199576e-02,1.787387e-02,1.683799e-01,7.766527e-03,3.522996e-03,6.459166e-01,1.798963e-02
3.146083e-02,5.620795e-03,2.941849e-03,2.579039e-03,3.355225e-03,1.626997e-02,7.755507e-04,1.898919e-03,9.134501e-02,1.536396e-02,1.794490e-01,8.686246e-03,2.909885e-03,6.240373e-01,1.330646e-02
2.889705e-02,9.868138e-03,4.389488e-03,3.914897e-03,4.490866e-03,2.705240e-02,1.072602e-03,5.022367e-03,1.390599e-01,1.520053e-02,1.801198e-01,8.464692e-03,2.673229e-03,5.595459e-01,1.022809e-02
2.242361e-02,9.855531e-03,1.010225e-02,5.508297e-03,9.659434e-03,3.287496e-02,5.585684e-03,2.304661e-02,1.747416e-01,1.999866e-02,1.850295e-01,1.110973e-02,4.506819e-03,4.772905e-01,8.266781e-03
1.671880e-02,1.201116e-02,7.254017e-03,4.638317e-03,9.644168e-03,3.836350e-02,4.111003e-03,1.653488e-02,3.657743e-01,1.507073e-02,1.402896e-01,1.051955e-02,4.278927e-03,3.484389e-01,6.352140e-03
1.284053e-02,1.146013e-02,5.138265e-03,3.653471e-03,8.172424e-03,9.523626e-02,3.013734e-03,1.216381e-02,4.637273e-01,1.098783e-02,1.036721e-01,1.072962e-02,5.528327e-03,2.486036e-01,5.072611e-03
1.020386e-02,1.010162e-02,3.661027e-03,7.757176e-03,1.105583e-02,1.096356e-01,2.261138e-03,9.195684e-03,5.575332e-01,8.863308e-03,7.415579e-02,8.134092e-03,6.246227e-03,1.750605e-01,6.134861e-03
7.887520e-03,9.574698e-03,2.647469e-03,2.061143e-02,1.055551e-02,1.261662e-01,1.680345e-03,7.136070e-03,6.056288e-01,7.578554e-03,5.319123e-02,6.320659e-03,9.956632e-03,1.237737e-01,7.291091e-03
6.828409e-03,9.825031e-03,2.080075e-03,4.724268e-02,1.284463e-02,1.101969e-01,1.278284e-03,5.860732e-03,6.499835e-01,7.298616e-03,3.768846e-02,4.568186e-03,8.039743e-03,8.711943e-02,9.145346e-03
1.020493e-02,8.106316e-03,1.653700e-03,5.316559e-02,3.701592e-02,1.235848e-01,1.272017e-03,5.906574e-03,6.443323e-01,5.830551e-03,2.684613e-02,3.308619e-03,6.327042e-03,6.113433e-02,1.131115e-02
2.721074e-02,8.590628e-03,1.429650e-03,5.028443e-02,8.727951e-02,2.026927e-01,2.671461e-03,1.462499e-02,5.214744e-01,4.254241e-03,1.911557e-02,2.434827e-03,4.976966e-03,4.292005e-02,1.003987e-02
2.571213e-02,2.855555e-02,1.202816e-02,1.711192e-01,6.852937e-02,1.496800e-01,1.980287e-03,1.208754e-02,3.875910e-01,6.163426e-03,1.451902e-02,2.335355e-03,4.021358e-03,3.016439e-02,8.551325e-02
2.894175e-02,2.621593e-02,1.808948e-02,1.965932e-01,5.461638e-02,1.385631e-01,1.594914e-03,1.530053e-02,2.927648e-01,1.254690e-02,1.585142e-02,5.430686e-03,5.421990e-03,2.161672e-02,1.664523e-01
4.100379e-02,2.323424e-02,1.549835e-02,1.427032e-01,6.344841e-02,1.749951e-01,7.283603e-03,1.378271e-01,2.293369e-01,9.128828e-03,1.225220e-02,4.062062e-03,4.644309e-03,1.530727e-02,1.192746e-01
5.071948e-02,2.082684e-02,1.633476e-02,1.051486e-01,7.191636e-02,1.647924e-01,2.565274e-02,2.402161e-01,1.823457e-01,7.094446e-03,9.691866e-03,3.403259e-03,4.489735e-03,1.091653e-02,8.645108e-02
8.768331e-02,2.026817e-02,1.410368e-02,7.762548e-02,6.106025e-02,2.299737e-01,2.756981e-02,2.225883e-01,1.613264e-01,6.254438e-03,8.183490e-03,4.058646e-03,4.340075e-03,7.938374e-03,6.702590e-02
1.343800e-01,4.249590e-02,1.249294e-02,5.851162e-02,4.860606e-02,2.159758e-01,2.321357e-02,2.172647e-01,1.564803e-01,4.827626e-03,7.186426e-03,4.641761e-03,1.305760e-02,6.118207e-03,5.474758e-02
1.709493e-01,4.330355e-02,2.209587e-02,4.754277e-02,4.020246e-02,1.621754e-01,4.070806e-02,2.257666e-01,1.383971e-01,5.258239e-03,1.429998e-02,9.283783e-03,2.319696e-02,5.835015e-03,5.098494e-02
2.404186e-01,4.161437e-02,1.912726e-02,5.289861e-02,3.458317e-02,1.241228e-01,3.245341e-02,1.707330e-01,1.326347e-01,9.320513e-03,3.125478e-02,3.045895e-02,2.688005e-02,6.851586e-03,4.664829e-02
2.737133e-01,3.561286e-02,1.532677e-02,4.402910e-02,2.857111e-02,9.041338e-02,2.518690e-02,1.219811e-01,1.280549e-01,1.341860e-02,7.785061e-02,5.049092e-02,3.971447e-02,9.155183e-03,4.648091e-02
3.362398e-01,3.000323e-02,1.202249e-02,3.402799e-02,2.271245e-02,6.712244e-02,2.055364e-02,8.784994e-02,1.256111e-01,3.382821e-02,8.019096e-02,5.443992e-02,4.619709e-02,9.482945e-03,3.971783e-02
3.855843e-01,2.718504e-02,9.127193e-03,2.863747e-02,1.735592e-02,5.227387e-02,1.650943e-02,6.239584e-02,1.303250e-01,5.295822e-02,7.257238e-02,6.257629e-02,3.789222e-02,8.934663e-03,3.567217e-02
3.514338e-01,3.101024e-02,9.234681e-03,5.525507e-02,1.582493e-02,4.379882e-02,1.312832e-02,4.713857e-02,1.622285e-01,5.028602e-02,6.876238e-02,7.026336e-02,3.392049e-02,8.179985e-03,3.953484e-02
2.841403e-01,2.618918e-02,1.066426e-02,8.560750e-02,1.274783e-02,3.531442e-02,9.812054e-03,4.362724e-02,1.457587e-01,3.775328e-02,9.841212e-02,1.331643e-01,3.658019e-02,7.183973e-03,3.304469e-02
2.181118e-01,2.997926e-02,1.168207e-02,9.440595e-02,9.532288e-03,2.741549e-02,7.045819e-03,3.278541e-02,1.582153e-01,2.943476e-02,1.255094e-01,1.817065e-01,4.005647e-02,6.961051e-03,2.715844e-02
1.701849e-01,2.452026e-02,1.277014e-02,8.048740e-02,8.891741e-03,1.988043e-02,5.102465e-03,3.222747e-02,2.159982e-01,2.142342e-02,1.733037e-01,1.651856e-01,4.447372e-02,5.870541e-03,1.967995e-02
1.196042e-01,1.865708e-02,9.058435e-03,5.688447e-02,7.600173e-03,1.396569e-02,3.607542e-03,2.265839e-02,4.332325e-01,1.502364e-02,1.340018e-01,1.163300e-01,3.144312e-02,4.122118e-03,1.381094e-02
8.432230e-02,1.470812e-02,6.623305e-03,4.131337e-02,9.194415e-03,9.846308e-03,2.601796e-03,1.597660e-02,5.885869e-01,1.052737e-02,1.000186e-01,8.154429e-02,2.215301e-02,2.893714e-03,9.689964e-03
6.054787e-02,1.174469e-02,5.239244e-03,4.905064e-02,2.302223e-02,1.209105e-02,2.013635e-03,1.203729e-02,6.643623e-01,7.675824e-03,7.054103e-02,5.713066e-02,1.562285e-02,2.034603e-03,6.886099e-03
5.193570e-02,9.033456e-03,3.986433e-03,4.997056e-02,5.590959e-02,9.159721e-03,1.822375e-03,1.103500e-02,6.926847e-01,5.451165e-03,5.152695e-02,4.005411e-02,1.114568e-02,1.430029e-03,4.854553e-03
4.745764e-02,8.559939e-03,4.230708e-03,7.902298e-02,1.114423e-01,7.969446e-03,6.625327e-03,2.095192e-02,6.312388e-01,3.856043e-03,3.801201e-02,2.814328e-02,8.031626e-03,1.010504e-03,3.447531e-03
4.979004e-02,7.798074e-03,3.600927e-03,1.051200e-01,1.163120e-01,6.641061e-03,4.890967e-03,7.385483e-02,5.574579e-01,3.232939e-03,3.929070e-02,2.159976e-02,7.003247e-03,8.093485e-04,2.598321e-03
7.091282e-02,9.141294e-03,7.377423e-03,1.277853e-01,1.126870e-01,5.601614e-03,3.813512e-03,7.316913e-02,4.552243e-01,5.030675e-03,8.861847e-02,2.530025e-02,1.160899e-02,1.166313e-03,2.562922e-03
4.998407e-02,6.785606e-03,6.173541e-03,1.500015e-01,8.291924e-02,4.048423e-03,2.690377e-03,5.538293e-02,3.205822e-01,3.938708e-03,2.769300e-01,2.595177e-02,9.989262e-03,2.705670e-03,1.916642e-03
3.513530e-02,4.981960e-03,4.831649e-03,1.298120e-01,6.161693e-02,2.888470e-03,1.893625e-03,4.203134e-02,2.254141e-01,3.069313e-03,4.470403e-01,2.570514e-02,8.170831e-03,5.987272e-03,1.421777e-03
2.481498e-02,3.580462e-03,4.087475e-03,9.425541e-02,4.734078e-02,5.433187e-03,1.368730e-03,3.002463e-02,1.588285e-01,3.855642e-03,5.846705e-01,2.540291e-02,6.345137e-03,8.923530e-03,1.068061e-03
1.764620e-02,2.532142e-03,3.042307e-03,6.724586e-02,3.426497e-02,4.003734e-03,9.702392e-04,2.108079e-02,1.113710e-01,2.937650e-03,6.931016e-01,2.416036e-02,4.730558e-03,1.212919e-02,7.833252e-04
1.302928e-02,1.806574e-03,2.362328e-03,4.876649e-02,2.648242e-02,3.410141e-03,7.041504e-04,1.490132e-02,7.810526e-02,2.534228e-03,7.614378e-01,2.699963e-02,3.778757e-03,1.508751e-02,5.941202e-04
9.924239e-03,1.316016e-03,2.059813e-03,3.548668e-02,1.968307e-02,2.694752e-03,5.039625e-04,1.055758e-02,5.504057e-02,2.068548e-03,8.207502e-01,2.055359e-02,2.946547e-03,1.592885e-02,4.856493e-04
7.727403e-03,9.869722e-04,2.010102e-03,2.564670e-02,1.444424e-02,2.597748e-03,3.625702e-04,7.497785e-03,3.871812e-02,2.090518e-03,8.559620e-01,1.804951e-02,2.313297e-03,2.120202e-02,3.910263e-04
1.378654e-02,8.836256e-04,2.098860e-03,2.364919e-02,1.354847e-02,5.669684e-03,3.654021e-04,6.262971e-03,2.799513e-02,2.067957e-03,8.659790e-01,1.548898e-02,2.108098e-03,1.965820e-02,4.379508e-04
2.248769e-02,1.002039e-03,2.397812e-03,2.284350e-02,1.137465e-02,9.091510e-03,6.021092e-04,6.099089e-03,2.083630e-02,2.005224e-03,8.660716e-01,1.356901e-02,2.057589e-03,1.883366e-02,7.281930e-04
3.895833e-02,3.147027e-03,4.475581e-03,2.466457e-02,1.416249e-02,1.014709e-02,6.528734e-04,5.682148e-03,2.101927e-02,4.102043e-03,8.168101e-01,1.597462e-02,2.619408e-03,3.641643e-02,1.167964e-03
4.792535e-02,3.959170e-03,4.658514e-03,2.152800e-02,1.053821e-02,9.804426e-03,1.045260e-03,5.384952e-03,2.212815e-02,4.860086e-03,8.104990e-01,1.613174e-02,4.158481e-03,3.586916e-02,1.509570e-03
7.781309e-02,5.486573e-03,5.101259e-03,1.931736e-02,8.237846e-03,9.069046e-03,1.709881e-03,4.972323e-03,2.544751e-02,7.486261e-03,7.626088e-01,2.758852e-02,5.660840e-03,3.724483e-02,2.255814e-03
2.198080e-01,7.302233e-03,5.997892e-03,2.247206e-02,6.962923e-03,1.347424e-02,1.993621e-03,6.256350e-03,2.235791e-02,6.984319e-03,6.135532e-01,3.114880e-02,6.110639e-03,3.130914e-02,4.268691e-03
3.018174e-01,7.507244e-03,5.310909e-03,2.055270e-02,7.776631e-03,1.514945e-02,2.162661e-03,5.748546e-03,1.935659e-02,5.961773e-03,5.365276e-01,3.581088e-02,5.866995e-03,2.516413e-02,5.286504e-03
4.203993e-01,1.009183e-02,5.548097e-03,2.748058e-02,1.010531e-02,1.389398e-02,2.668272e-03,7.991534e-03,2.615062e-02,4.916584e-03,3.957239e-01,4.099353e-02,5.427538e-03,2.006476e-02,8.544141e-03
4.809946e-01,2.318794e-02,6.843216e-03,2.805080e-02,9.851478e-03,1.364860e-02,2.783735e-03,9.482816e-03,3.094506e-02,5.396539e-03,3.079563e-01,3.821285e-02,4.581015e-03,1.585154e-02,2.221349e-02
1.000000e+00,0.000000e+00,0.000000e+00,0.000000e+00,0.000000e+00,0.000000e+00,0.000000e+00,0.000000e+00,0.000000e+00,0.000000e+00,0.000000e+00,0.000000e+00,0.000000e+00,0.000000e+00,0.000000e+00
1.000000e+00,0.000000e+00,0.000000e+00,0.000000e+00,0.000000e+00,0.000000e+00,0.000000e+00,0.000000e+00,0.000000e+00,0.000000e+00,0.000000e+00,0.000000e+00,0.000000e+00,0.000000e+00,0.000000e+00
4.353418e-01,3.022075e-02,5.560033e-02,2.008548e-02,5.347488e-02,2.395503e-02,3.374987e-03,1.358875e-02,2.831660e-02,1.082720e-02,2.425788e-01,3.611496e-02,1.104276e-02,1.498319e-02,2.049440e-02
3.712522e-01,3.154529e-02,5.691790e-02,1.658652e-02,5.939117e-02,2.433112e-02,3.710208e-03,2.489853e-02,3.687979e-02,2.524964e-02,2.413341e-01,4.478090e-02,2.244540e-02,2.159946e-02,1.907770e-02
2.719869e-01,3.937136e-02,6.563615e-02,1.232632e-02,9.618925e-02,2.457769e-02,5.014461e-03,2.606525e-02,7.121589e-02,9.571794e-02,1.940814e-01,3.314777e-02,1.878928e-02,3.074115e-02,1.513905e-02
1.989655e-01,4.040633e-02,7.765777e-02,9.006034e-03,8.852482e-02,1.944092e-02,7.204226e-03,6.861584e-02,8.616716e-02,1.630115e-01,1.553180e-01,2.455715e-02,1.520008e-02,3.410126e-02,1.182341e-02
1.428621e-01,3.945497e-02,7.414003e-02,6.638079e-03,7.083995e-02,1.450143e-02,6.311429e-03,1.262756e-01,7.501693e-02,2.647364e-01,1.123747e-01,1.740896e-02,1.111794e-02,2.946499e-02,8.856476e-03
1.030707e-01,3.094695e-02,5.596752e-02,5.020574e-03,1.749319e-01,1.298496e-02,6.781293e-03,1.250676e-01,7.999711e-02,2.757874e-01,7.916319e-02,1.235184e-02,8.164649e-03,2.349096e-02,6.273453e-03
7.465007e-02,3.220133e-02,4.309904e-02,4.210212e-03,1.902390e-01,1.157185e-02,6.815742e-03,1.398886e-01,1.128490e-01,2.913973e-01,5.586055e-02,8.824036e-03,6.019593e-03,1.777057e-02,4.603124e-03
5.945657e-02,3.094899e-02,3.178978e-02,3.494957e-03,2.451498e-01,1.415471e-02,6.522742e-03,1.461837e-01,1.121017e-01,2.821443e-01,3.949912e-02,6.443634e-03,4.704831e-03,1.384935e-02,3.555807e-03
4.577458e-02,2.416328e-02,2.296482e-02,1.519508e-02,3.086225e-01,1.398660e-02,7.488312e-03,2.096283e-01,8.941609e-02,2.142922e-01,2.781289e-02,4.809600e-03,3.428065e-03,9.845141e-03,2.572457e-03
5.360897e-02,2.240142e-02,2.736096e-02,1.305389e-02,2.789890e-01,1.553686e-02,6.737568e-03,1.820078e-01,8.441707e-02,2.785047e-01,2.053036e-02,4.019088e-03,2.653459e-03,8.134427e-03,2.044377e-03
6.736678e-02,1.823246e-02,2.746461e-02,1.340201e-02,2.944237e-01,1.664298e-02,6.032166e-03,1.391734e-01,6.285885e-02,3.249508e-01,1.473929e-02,4.523504e-03,2.260048e-03,6.027217e-03,1.902094e-03
8.766388e-02,1.793490e-02,2.761695e-02,1.066865e-02,3.128393e-01,1.316467e-02,4.479649e-03,1.004155e-01,5.422451e-02,3.412457e-01,1.276389e-02,7.005724e-03,2.147938e-03,6.011459e-03,1.817182e-03
1.509958e-01,1.479840e-02,2.152047e-02,1.170186e-02,3.035597e-01,1.727264e-02,4.233031e-03,7.577316e-02,4.643794e-02,3.074574e-01,1.152917e-02,1.783554e-02,8.261757e-03,5.272535e-03,3.350559e-03
2.146799e-01,1.259920e-02,1.846427e-02,1.156205e-02,2.494327e-01,1.657263e-02,3.733238e-03,5.532475e-02,4.505249e-02,3.256174e-01,9.698685e-03,1.723332e-02,8.797410e-03,6.226044e-03,5.005785e-03
2.744760e-01,9.947216e-03,1.384515e-02,1.017352e-02,1.893824e-01,1.322039e-02,2.811610e-03,3.958356e-02,3.877315e-02,3.648599e-01,8.329073e-03,1.595085e-02,7.999238e-03,5.344178e-03,5.303724e-03
3.634191e-01,1.005783e-02,1.153372e-02,1.090751e-02,1.444523e-01,1.171179e-02,2.503386e-03,2.947935e-02,3.802826e-02,3.353435e-01,7.721219e-03,1.571195e-02,8.637328e-03,4.332489e-03,6.160259e-03
4.352390e-01,9.284966e-03,9.781283e-03,1.249997e-02,1.087844e-01,1.373511e-02,2.639892e-03,2.262371e-02,3.528365e-02,2.967006e-01,8.405937e-03,2.156380e-02,1.087873e-02,4.141794e-03,8.437139e-03
1.000000e+00,0.000000e+00,0.000000e+00,0.000000e+00,0.000000e+00,0.000000e+00,0.000000e+00,0.000000e+00,0.000000e+00,0.000000e+00,0.000000e+00,0.000000e+00,0.000000e+00,0.000000e+00,0.000000e+00
1.000000e+00,0.000000e+00,0.000000e+00,0.000000e+00,0.000000e+00,0.000000e+00,0.000000e+00,0.000000e+00,0.000000e+00,0.000000e+00,0.000000e+00,0.000000e+00,0.000000e+00,0.000000e+00,0.000000e+00
1.000000e+00,0.000000e+00,0.000000e+00,0.000000e+00,0.000000e+00,0.000000e+00,0.000000e+00,0.000000e+00,0.000000e+00,0.000000e+00,0.000000e+00,0.000000e+00,0.000000e+00,0.000000e+00,0.000000e+00
1.000000e+00,0.000000e+00,0.000000e+00,0.000000e+00,0.000000e+00,0.000000e+00,0.000000e+00,0.000000e+00,0.000000e+00,0.000000e+00,0.000000e+00,0.000000e+00,0.000000e+00,0.000000e+00,0.000000e+00
1.000000e+00,0.000000e+00,0.000000e+00,0.000000e+00,0.000000e+00,0.000000e+00,0.000000e+00,0.000000e+00,0.000000e+00,0.000000e+00,0.000000e+00,0.000000e+00,0.000000e+00,0.000000e+00,0.000000e+00
1.000000e+00,0.000000e+00,0.000000e+00,0.000000e+00,0.000000e+00,0.000000e+00,0.000000e+00,0.000000e+00,0.000000e+00,0.000000e+00,0.000000e+00,0.000000e+00,0.000000e+00,0.000000e+00,0.000000e+00
1.000000e+00,0.000000e+00,0.000000e+00,0.000000e+00,0.000000e+00,0.000000e+00,0.000000e+00,0.000000e+00,0.000000e+00,0.000000e+00,0.000000e+00,0.000000e+00,0.000000e+00,0.000000e+00,0.000000e+00
1.000000e+00,0.000000e+00,0.000000e+00,0.000000e+00,0.000000e+00,0.000000e+00,0.000000e+00,0.000000e+00,0.000000e+00,0.000000e+00,0.000000e+00,0.000000e+00,0.000000e+00,0.000000e+00,0.000000e+00
4.856185e-01,5.224957e-03,5.395444e-03,1.113781e-02,1.270678e-02,1.100140e-01,4.317626e-03,7.248584e-03,1.115019e-02,1.557284e-02,6.260135e-03,6.192382e-02,2.432120e-01,3.128837e-03,1.708850e-02
3.872875e-01,3.879104e-03,4.858070e-03,1.097151e-02,1.348111e-02,9.539701e-02,4.016918e-03,1.502741e-02,1.549301e-02,1.206190e-02,1.075355e-02,8.441541e-02,3.251542e-01,2.888886e-03,1.431445e-02
2.843540e-01,2.860345e-03,4.418463e-03,8.410266e-03,2.037859e-02,6.880592e-02,3.470909e-03,7.376114e-02,1.448702e-02,8.921148e-03,1.830559e-02,6.976876e-02,4.069020e-01,2.165664e-03,1.299026e-02
2.059485e-01,2.162311e-03,4.094436e-03,6.544794e-03,4.115780e-02,4.960885e-02,3.164896e-03,1.329967e-01,1.732952e-02,6.422153e-03,2.373621e-02,5.530935e-02,4.387202e-01,1.612779e-03,1.119156e-02
1.448697e-01,1.590867e-03,3.222159e-03,6.065689e-03,4.104825e-02,3.487639e-02,2.353909e-03,3.196226e-01,1.425006e-02,4.550786e-03,2.141307e-02,4.008692e-02,3.559832e-01,1.150197e-03,8.916224e-03
1.022668e-01,1.154067e-03,2.473947e-03,4.950709e-03,3.168482e-02,2.454785e-02,1.784950e-03,5.127531e-01,1.103581e-02,3.205794e-03,1.630324e-02,2.829797e-02,2.523078e-01,8.111403e-04,6.421923e-03
7.248443e-02,8.558509e-04,1.919575e-03,5.120571e-03,2.574934e-02,1.725434e-02,1.308666e-03,6.481528e-01,8.751567e-03,2.251384e-03,1.223148e-02,1.987728e-02,1.785615e-01,5.708052e-04,4.910373e-03
5.264492e-02,6.922380e-04,1.437205e-03,4.622421e-03,2.290162e-02,1.240816e-02,1.058100e-03,7.444760e-01,6.427430e-03,1.581698e-03,8.739106e-03,1.393193e-02,1.251755e-01,4.015047e-04,3.502277e-03
4.107197e-02,6.119009e-04,1.136785e-03,4.297248e-03,2.683080e-02,9.544759e-03,8.690043e-04,8.028728e-01,5.023002e-03,1.119411e-03,6.299463e-03,9.785810e-03,8.777089e-02,2.922561e-04,2.473884e-03
7.469684e-02,6.941814e-04,9.999573e-04,4.391382e-03,2.629431e-02,8.614054e-03,6.971846e-04,8.009622e-01,4.392250e-03,8.113444e-04,4.989590e-03,7.964640e-03,6.237528e-02,3.481953e-04,1.768596e-03
8.060385e-02,8.562685e-04,7.850023e-04,1.059290e-02,2.878728e-02,6.604193e-03,5.632325e-04,8.075259e-01,4.334173e-03,5.829908e-04,4.454840e-03,8.085331e-03,4.465625e-02,2.907001e-04,1.277099e-03
7.522935e-02,9.491151e-04,6.648890e-04,1.531823e-02,3.198576e-02,5.259745e-03,5.020958e-04,8.220164e-01,4.005196e-03,4.168390e-04,3.510436e-03,7.167165e-03,3.181073e-02,2.330284e-04,9.310642e-04
6.067479e-02,8.158485e-04,5.202101e-04,1.324102e-02,2.618194e-02,3.862403e-03,4.212271e-04,8.597813e-01,3.001061e-03,2.982409e-04,2.632616e-03,5.328965e-03,2.240542e-02,1.714465e-04,6.634891e-04
5.534817e-02,7.279896e-04,4.659963e-04,1.063249e-02,2.343140e-02,2.891514e-03,4.035736e-04,8.810250e-01,2.288363e-03,2.161707e-04,2.053021e-03,4.023720e-03,1.588477e-02,1.279397e-04,4.799514e-04
