1.000000e+00,0.000000e+00,0.000000e+00,0.000000e+00,0.000000e+00,0.000000e+00,0.000000e+00,0.000000e+00,0.000000e+00,0.000000e+00,0.000000e+00,0.000000e+00,0.000000e+00,0.000000e+00,0.000000e+00
1.000000e+00,0.000000e+00,0.000000e+00,0.000000e+00,0.000000e+00,0.000000e+00,0.000000e+00,0.000000e+00,0.000000e+00,0.000000e+00,0.000000e+00,0.000000e+00,0.000000e+00,0.000000e+00,0.000000e+00
1.000000e+00,0.000000e+00,0.000000e+00,0.000000e+00,0.000000e+00,0.000000e+00,0.000000e+00,0.000000e+00,0.000000e+00,0.000000e+00,0.000000e+00,0.000000e+00,0.000000e+00,0.000000e+00,0.000000e+00
1.000000e+00,0.000000e+00,0.000000e+00,0.000000e+00,0.000000e+00,0.000000e+00,0.000000e+00,0.000000e+00,0.000000e+00,0.000000e+00,0.000000e+00,0.000000e+00,0.000000e+00,0.000000e+00,0.000000e+00
1.000000e+00,0.000000e+00,0.000000e+00,0.000000e+00,0.000000e+00,0.000000e+00,0.000000e+00,0.000000e+00,0.000000e+00,0.000000e+00,0.000000e+00,0.000000e+00,0.000000e+00,0.000000e+00,0.000000e+00
1.000000e+00,0.000000e+00,0.000000e+00,0.000000e+00,0.000000e+00,0.000000e+00,0.000000e+00,0.000000e+00,0.000000e+00,0.000000e+00,0.000000e+00,0.000000e+00,0.000000e+00,0.000000e+00,0.000000e+00
1.000000e+00,0.000000e+00,0.000000e+00,0.000000e+00,0.000000e+00,0.000000e+00,0.000000e+00,0.000000e+00,0.000000e+00,0.000000e+00,0.000000e+00,0.000000e+00,0.000000e+00,0.000000e+00,0.000000e+00
1.000000e+00,0.000000e+00,0.000000e+00,0.000000e+00,0.000000e+00,0.000000e+00,0.000000e+00,0.000000e+00,0.000000e+00,0.000000e+00,0.000000e+00,0.000000e+00,0.000000e+00,0.000000e+00,0.000000e+00
1.000000e+00,0.000000e+00,0.000000e+00,0.000000e+00,0.000000e+00,0.000000e+00,0.000000e+00,0.000000e+00,0.000000e+00,0.000000e+00,0.000000e+00,0.000000e+00,0.000000e+00,0.000000e+00,0.000000e+00
1.000000e+00,0.000000e+00,0.000000e+00,0.000000e+00,0.000000e+00,0.000000e+00,0.000000e+00,0.000000e+00,0.000000e+00,0.000000e+00,0.000000e+00,0.000000e+00,0.000000e+00,0.000000e+00,0.000000e+00
1.000000e+00,0.000000e+00,0.000000e+00,0.000000e+00,0.000000e+00,0.000000e+00,0.000000e+00,0.000000e+00,0.000000e+00,0.000000e+00,0.000000e+00,0.000000e+00,0.000000e+00,0.000000e+00,0.000000e+00
1.000000e+00,0.000000e+00,0.000000e+00,0.000000e+00,0.000000e+00,0.000000e+00,0.000000e+00,0.000000e+00,0.000000e+00,0.000000e+00,0.000000e+00,0.000000e+00,0.000000e+00,0.000000e+00,0.000000e+00
1.000000e+00,0.000000e+00,0.000000e+00,0.000000e+00,0.000000e+00,0.000000e+00,0.000000e+00,0.000000e+00,0.000000e+00,0.000000e+00,0.000000e+00,0.000000e+00,0.000000e+00,0.000000e+00,0.000000e+00
1.000000e+00,0.000000e+00,0.000000e+00,0.000000e+00,0.000000e+00,0.000000e+00,0.000000e+00,0.000000e+00,0.000000e+00,0.000000e+00,0.000000e+00,0.000000e+00,0.000000e+00,0.000000e+00,0.000000e+00
1.000000e+00,0.000000e+00,0.000000e+00,0.000000e+00,0.000000e+00,0.000000e+00,0.000000e+00,0.000000e+00,0.000000e+00,0.000000e+00,0.000000e+00,0.000000e+00,0.000000e+00,0.000000e+00,0.000000e+00
1.000000e+00,0.000000e+00,0.000000e+00,0.000000e+00,0.000000e+00,0.000000e+00,0.000000e+00,0.000000e+00,0.000000e+00,0.000000e+00,0.000000e+00,0.000000e+00,0.000000e+00,0.000000e+00,0.000000e+00
1.000000e+00,0.000000e+00,0.000000e+00,0.000000e+00,0.000000e+00,0.000000e+00,0.000000e+00,0.000000e+00,0.000000e+00,0.000000e+00,0.000000e+00,0.000000e+00,0.000000e+00,0.000000e+00,0.000000e+00
1.000000e+00,0.000000e+00,0.000000e+00,0.000000e+00,0.000000e+00,0.000000e+00,0.000000e+00,0.000000e+00,0.000000e+00,0.000000e+00,0.000000e+00,0.000000e+00,0.000000e+00,0.000000e+00,0.000000e+00
1.000000e+00,0.000000e+00,0.000000e+00,0.000000e+00,0.000000e+00,0.000000e+00,0.000000e+00,0.000000e+00,0.000000e+00,0.000000e+00,0.000000e+00,0.000000e+00,0.000000e+00,0.000000e+00,0.000000e+00
1.000000e+00,0.000000e+00,0.000000e+00,0.000000e+00,0.000000e+00,0.000000e+00,0.000000e+00,0.000000e+00,0.000000e+00,0.000000e+00,0.000000e+00,0.000000e+00,0.000000e+00,0.000000e+00,0.000000e+00
1.000000e+00,0.000000e+00,0.000000e+00,0.000000e+00,0.000000e+00,0.000000e+00,0.000000e+00,0.000000e+00,0.000000e+00,0.000000e+00,0.000000e+00,0.000000e+00,0.000000e+00,0.000000e+00,0.000000e+00
1.000000e+00,0.000000e+00,0.000000e+00,0.000000e+00,0.000000e+00,0.000000e+00,0.000000e+00,0.000000e+00,0.000000e+00,0.000000e+00,0.000000e+00,0.000000e+00,0.000000e+00,0.000000e+00,0.000000e+00
1.000000e+00,0.000000e+00,0.000000e+00,0.000000e+00,0.000000e+00,0.000000e+00,0.000000e+00,0.000000e+00,0.000000e+00,0.000000e+00,0.000000e+00,0.000000e+00,0.000000e+00,0.000000e+00,0.000000e+00
1.000000e+00,0.000000e+00,0.000000e+00,0.000000e+00,0.000000e+00,0.000000e+00,0.000000e+00,0.000000e+00,0.000000e+00,0.000000e+00,0.000000e+00,0.000000e+00,0.000000e+00,0.000000e+00,0.000000e+00
1.000000e+00,0.000000e+00,0.000000e+00,0.000000e+00,0.000000e+00,0.000000e+00,0.000000e+00,0.000000e+00,0.000000e+00,0.000000e+00,0.000000e+00,0.000000e+00,0.000000e+00,0.000000e+00,0.000000e+00
1.000000e+00,0.000000e+00,0.000000e+00,0.000000e+00,0.000000e+00,0.000000e+00,0.000000e+00,0.000000e+00,0.000000e+00,0.000000e+00,0.000000e+00,0.000000e+00,0.000000e+00,0.000000e+00,0.000000e+00
1.000000e+00,0.000000e+00,0.000000e+00,0.000000e+00,0.000000e+00,0.000000e+00,0.000000e+00,0.000000e+00,0.000000e+00,0.000000e+00,0.000000e+00,0.000000e+00,0.000000e+00,0.000000e+00,0.000000e+00
1.000000e+00,0.000000e+00,0.000000e+00,0.000000e+00,0.000000e+00,0.000000e+00,0.000000e+00,0.000000e+00,0.000000e+00,0.000000e+00,0.000000e+00,0.000000e+00,0.000000e+00,0.000000e+00,0.000000e+00
1.000000e+00,0.000000e+00,0.000000e+00,0.000000e+00,0.000000e+00,0.000000e+00,0.000000e+00,0.000000e+00,0.000000e+00,0.000000e+00,0.000000e+00,0.000000e+00,0.000000e+00,0.000000e+00,0.000000e+00
1.000000e+00,0.000000e+00,0.000000e+00,0.000000e+00,0.000000e+00,0.000000e+00,0.000000e+00,0.000000e+00,0.000000e+00,0.000000e+00,0.000000e+00,0.000000e+00,0.000000e+00,0.000000e+00,0.000000e+00
1.000000e+00,0.000000e+00,0.000000e+00,0.000000e+00,0.000000e+00,0.000000e+00,0.000000e+00,0.000000e+00,0.000000e+00,0.000000e+00,0.000000e+00,0.000000e+00,0.000000e+00,0.000000e+00,0.000000e+00
1.000000e+00,0.000000e+00,0.000000e+00,0.000000e+00,0.000000e+00,0.000000e+00,0.000000e+00,0.000000e+00,0.000000e+00,0.000000e+00,0.000000e+00,0.000000e+00,0.000000e+00,0.000000e+00,0.000000e+00
1.000000e+00,0.000000e+00,0.000000e+00,0.000000e+00,0.000000e+00,0.000000e+00,0.000000e+00,0.000000e+00,0.000000e+00,0.000000e+00,0.000000e+00,0.000000e+00,0.000000e+00,0.000000e+00,0.000000e+00
1.000000e+00,0.000000e+00,0.000000e+00,0.000000e+00,0.000000e+00,0.000000e+00,0.000000e+00,0.000000e+00,0.000000e+00,0.000000e+00,0.000000e+00,0.000000e+00,0.000000e+00,0.000000e+00,0.000000e+00
1.000000e+00,0.000000e+00,0.000000e+00,0.000000e+00,0.000000e+00,0.000000e+00,0.000000e+00,0.000000e+00,0.000000e+00,0.000000e+00,0.000000e+00,0.000000e+00,0.000000e+00,0.000000e+00,0.000000e+00
1.000000e+00,0.000000e+00,0.000000e+00,0.000000e+00,0.000000e+00,0.000000e+00,0.000000e+00,0.000000e+00,0.000000e+00,0.000000e+00,0.000000e+00,0.000000e+00,0.000000e+00,0.000000e+00,0.000000e+00
1.000000e+00,0.000000e+00,0.000000e+00,0.000000e+00,0.000000e+00,0.000000e+00,0.000000e+00,0.000000e+00,0.000000e+00,0.000000e+00,0.000000e+00,0.000000e+00,0.000000e+00,0.000000e+00,0.000000e+00
1.000000e+00,0.000000e+00,0.000000e+00,0.000000e+00,0.000000e+00,0.000000e+00,0.000000e+00,0.000000e+00,0.000000e+00,0.000000e+00,0.000000e+00,0.000000e+00,0.000000e+00,0.000000e+00,0.000000e+00
1.000000e+00,0.000000e+00,0.000000e+00,0.000000e+00,0.000000e+00,0.000000e+00,0.000000e+00,0.000000e+00,0.000000e+00,0.000000e+00,0.000000e+00,0.000000e+00,0.000000e+00,0.000000e+00,0.000000e+00
1.000000e+00,0.000000e+00,0.000000e+00,0.000000e+00,0.000000e+00,0.000000e+00,0.000000e+00,0.000000e+00,0.000000e+00,0.000000e+00,0.000000e+00,0.000000e+00,0.000000e+00,0.000000e+00,0.000000e+00
1.000000e+00,0.000000e+00,0.000000e+00,0.000000e+00,0.000000e+00,0.000000e+00,0.000000e+00,0.000000e+00,0.000000e+00,0.000000e+00,0.000000e+00,0.000000e+00,0.000000e+00,0.000000e+00,0.000000e+00
1.000000e+00,0.000000e+00,0.000000e+00,0.000000e+00,0.000000e+00,0.000000e+00,0.000000e+00,0.000000e+00,0.000000e+00,0.000000e+00,0.000000e+00,0.000000e+00,0.000000e+00,0.000000e+00,0.000000e+00
4.885705e-01,1.453584e-02,4.374413e-02,4.686160e-02,4.658052e-03,1.571287e-02,5.692313e-03,3.224104e-01,3.565144e-03,1.452555e-03,8.198479e-03,1.475535e-02,1.110760e-02,3.217776e-03,1.551740e-02
4.011337e-01,1.163666e-02,3.838771e-02,3.600937e-02,3.926218e-03,1.560742e-02,6.336952e-03,4.386382e-01,2.655138e-03,1.245892e-03,6.731113e-03,1.288674e-02,9.378004e-03,2.675912e-03,1.275090e-02
3.030075e-01,8.386408e-03,2.822589e-02,2.591514e-02,3.184401e-03,1.195323e-02,5.232787e-03,5.784822e-01,1.904994e-03,9.619482e-04,4.995331e-03,9.570108e-03,7.012895e-03,2.009213e-03,9.158039e-03
2.532843e-01,6.255203e-03,2.101570e-02,1.872216e-02,3.271997e-03,9.157233e-03,4.817697e-03,6.560193e-01,1.416930e-03,8.116574e-04,3.854386e-03,7.500515e-03,5.568056e-03,1.561977e-03,6.742903e-03
2.270964e-01,4.802003e-03,1.622188e-02,1.405673e-02,3.542991e-03,7.253013e-03,4.263912e-03,6.995146e-01,1.386079e-03,7.865012e-04,3.293155e-03,6.400594e-03,4.841927e-03,1.272737e-03,5.267549e-03
2.284904e-01,3.772887e-03,1.265746e-02,1.076216e-02,3.607093e-03,5.744330e-03,3.667391e-03,7.079300e-01,1.410247e-03,9.781186e-04,3.107843e-03,7.158719e-03,5.003043e-03,1.374750e-03,4.335552e-03
2.465168e-01,3.329146e-03,9.730386e-03,8.334549e-03,4.069284e-03,4.980535e-03,3.390978e-03,6.931685e-01,1.553369e-03,1.661662e-03,3.376579e-03,8.360359e-03,6.207570e-03,1.442209e-03,3.878047e-03
3.279685e-01,2.807998e-03,7.265783e-03,6.328554e-03,4.574972e-03,4.433122e-03,2.830360e-03,6.138836e-01,1.609818e-03,1.479492e-03,4.265746e-03,1.006607e-02,7.171042e-03,1.795263e-03,3.519607e-03
4.940504e-01,2.294718e-03,5.548682e-03,5.698832e-03,3.803804e-03,4.849531e-03,2.222276e-03,4.488384e-01,1.927709e-03,1.272404e-03,4.300175e-03,1.313240e-02,7.142981e-03,1.586110e-03,3.331561e-03
1.000000e+00,0.000000e+00,0.000000e+00,0.000000e+00,0.000000e+00,0.000000e+00,0.000000e+00,0.000000e+00,0.000000e+00,0.000000e+00,0.000000e+00,0.000000e+00,0.000000e+00,0.000000e+00,0.000000e+00
4.107065e-01,4.663919e-03,5.430057e-03,1.000783e-01,1.289953e-02,6.106988e-03,1.935008e-03,2.303044e-01,2.662065e-02,1.866197e-03,1.428797e-02,1.524985e-01,2.537589e-02,2.697120e-03,4.528936e-03
3.059230e-01,4.048084e-03,4.151586e-03,1.847539e-01,1.005056e-02,5.177311e-03,1.546999e-03,1.624684e-01,3.035153e-02,1.566953e-03,6.564649e-02,1.566502e-01,6.101910e-02,2.719576e-03,3.926390e-03
2.326495e-01,3.516572e-03,3.078065e-03,1.611714e-01,8.535843e-03,4.151099e-03,1.417495e-03,1.147527e-01,5.192021e-02,1.494145e-03,1.242714e-01,1.635731e-01,1.202473e-01,4.897288e-03,4.323889e-03
1.849794e-01,3.077241e-03,2.679931e-03,1.489005e-01,9.648209e-03,5.349560e-03,1.372415e-03,8.343679e-02,4.747155e-02,1.419436e-03,1.862181e-01,1.245176e-01,1.865082e-01,5.633237e-03,8.787894e-03
1.324227e-01,2.310094e-03,2.329190e-03,1.130398e-01,8.863147e-03,1.171216e-02,1.268137e-03,6.122888e-02,3.838322e-02,1.515670e-03,2.262374e-01,9.605180e-02,2.872607e-01,5.242847e-03,1.213426e-02
9.421669e-02,1.768062e-03,2.099151e-03,1.337872e-01,1.659015e-02,3.539136e-02,1.234399e-03,4.323386e-02,3.567574e-02,2.043961e-03,2.243190e-01,8.291717e-02,3.131776e-01,4.149701e-03,9.395886e-03
6.664722e-02,1.260580e-03,1.609978e-03,9.704357e-02,2.345327e-02,2.847123e-02,1.000703e-03,3.152408e-02,2.813003e-02,1.524569e-03,1.950139e-01,6.946838e-02,4.450344e-01,3.013846e-03,6.804234e-03
4.778206e-02,9.969730e-04,1.981067e-03,7.015875e-02,5.530712e-02,2.283716e-02,8.608066e-04,2.848126e-02,3.508967e-02,1.101908e-03,1.621517e-01,5.806258e-02,5.080001e-01,2.194901e-03,4.993914e-03
3.549077e-02,1.068873e-03,2.067742e-03,5.090642e-02,1.016528e-01,1.648236e-02,7.920405e-04,5.484410e-02,1.373842e-01,7.843048e-04,1.221630e-01,4.298560e-02,4.281507e-01,1.558974e-03,3.668096e-03
2.851790e-02,1.437383e-03,2.388647e-03,3.780938e-02,1.344095e-01,1.217340e-02,9.030008e-04,1.064049e-01,2.019218e-01,5.792520e-04,9.143464e-02,3.161003e-02,3.463565e-01,1.148918e-03,2.904725e-03
2.695740e-02,2.346419e-03,2.250644e-03,2.903648e-02,1.056220e-01,9.729638e-03,1.188574e-03,9.321678e-02,3.820702e-01,4.749138e-04,6.759420e-02,2.397869e-02,2.520610e-01,8.713924e-04,2.601680e-03
2.350713e-02,2.417176e-03,2.384257e-03,2.852358e-02,1.265556e-01,7.737959e-03,1.314240e-03,1.510168e-01,3.952839e-01,3.920913e-04,5.141282e-02,1.762028e-02,1.889338e-01,6.508705e-04,2.249438e-03
2.575391e-02,1.936412e-03,2.216122e-03,2.048385e-02,1.008978e-01,5.852031e-03,1.151831e-03,3.652420e-01,2.856477e-01,3.299227e-04,3.807513e-02,1.270594e-02,1.373639e-01,5.099581e-04,1.833523e-03
2.397762e-02,1.530141e-03,1.771684e-03,1.488547e-02,7.856420e-02,5.523122e-03,1.007407e-03,5.366020e-01,2.010938e-01,2.617171e-04,2.712618e-02,9.032177e-03,9.692157e-02,3.710801e-04,1.331825e-03
2.470713e-02,1.263738e-03,1.523650e-03,1.137369e-02,5.821518e-02,7.167547e-03,9.388162e-04,6.580887e-01,1.412392e-01,2.022817e-04,1.928837e-02,6.436191e-03,6.828284e-02,2.875318e-04,9.851899e-04
3.023118e-02,1.212590e-03,1.773990e-03,1.660493e-02,4.371878e-02,1.305959e-02,9.424451e-04,7.224535e-01,1.001002e-01,2.213026e-04,1.403864e-02,5.321107e-03,4.906716e-02,3.572476e-04,8.973705e-04
5.388785e-02,1.588638e-03,2.402306e-03,2.672417e-02,3.522592e-02,2.607409e-02,1.063109e-03,7.184317e-01,7.414154e-02,2.626079e-04,1.319087e-02,5.433826e-03,4.030662e-02,4.319235e-04,8.348287e-04
6.886429e-02,3.558986e-03,2.074357e-03,2.424888e-02,3.095369e-02,3.357638e-02,1.197358e-03,7.224187e-01,5.679787e-02,2.609532e-04,1.329003e-02,4.906701e-03,3.658925e-02,3.345993e-04,9.280085e-04
7.752747e-02,3.413477e-03,1.911757e-03,1.936335e-02,2.412316e-02,1.869822e-01,2.097802e-03,5.591287e-01,4.159265e-02,2.186046e-04,1.063811e-02,3.997187e-03,6.771574e-02,2.613075e-04,1.028518e-03
6.810372e-02,4.437918e-03,2.945512e-03,2.473566e-02,3.331267e-02,3.200546e-01,4.377626e-03,4.238351e-01,3.082494e-02,2.705489e-04,8.949534e-03,7.228009e-03,6.867434e-02,2.978824e-04,1.951974e-03
5.575424e-02,3.750465e-03,3.705122e-03,2.116762e-02,2.847063e-02,4.747646e-01,5.423959e-03,3.025980e-01,2.293948e-02,2.462037e-04,7.118233e-03,6.948595e-03,6.497105e-02,2.334335e-04,1.908391e-03
5.029137e-02,3.241226e-03,3.282844e-03,1.816737e-02,2.238019e-02,5.511351e-01,4.703125e-03,2.161932e-01,1.770359e-02,2.343699e-04,6.445037e-03,8.628218e-03,9.490444e-02,2.169041e-04,2.473084e-03
6.391824e-02,2.607078e-03,2.966640e-03,1.344497e-02,2.104008e-02,6.057383e-01,5.938105e-03,1.542892e-01,1.404711e-02,2.561154e-04,5.433972e-03,1.103856e-02,9.694439e-02,1.747986e-04,2.162570e-03
7.610190e-02,2.454453e-03,2.807120e-03,1.011927e-02,1.604511e-02,5.844959e-01,5.459610e-03,1.088761e-01,1.169107e-02,4.792517e-04,7.971242e-03,3.608320e-02,1.346812e-01,2.786467e-04,2.456060e-03
1.110167e-01,3.455220e-03,2.260074e-03,8.510992e-03,1.313381e-02,4.380620e-01,4.667287e-03,7.703878e-02,1.703032e-02,6.420520e-04,7.475699e-03,3.727646e-02,2.764471e-01,3.447412e-04,2.638815e-03
1.134139e-01,7.624027e-03,1.924199e-03,6.620157e-03,1.160884e-02,3.145398e-01,4.398951e-03,5.502410e-02,2.410128e-02,7.917203e-04,6.640756e-03,3.641833e-02,4.139584e-01,5.025774e-04,2.432925e-03
1.311236e-01,7.544571e-03,1.615147e-03,4.931496e-03,1.009736e-02,2.297501e-01,3.829067e-03,3.956814e-02,2.294099e-02,6.181547e-04,5.120737e-03,4.691568e-02,4.934936e-01,5.514523e-04,1.899886e-03
1.776150e-01,7.855446e-03,1.535411e-03,4.349804e-03,1.408097e-02,1.694478e-01,3.631603e-03,3.056820e-02,2.452170e-02,5.500321e-04,4.118083e-03,4.922025e-02,5.100933e-01,6.703132e-04,1.742104e-03
1.474069e-01,6.662350e-03,1.314098e-03,3.560935e-03,1.225512e-02,1.210543e-01,3.338851e-03,2.345198e-02,1.996116e-02,4.921822e-04,3.087866e-03,5.381840e-02,6.014171e-01,6.523215e-04,1.526396e-03
1.437203e-01,1.100017e-02,1.434222e-03,3.103745e-03,1.217307e-02,8.923256e-02,3.568407e-03,1.805665e-02,2.220396e-02,5.550269e-04,2.514555e-03,6.271898e-02,6.273105e-01,8.710258e-04,1.536836e-03
1.501857e-01,5.448278e-02,1.690490e-02,2.950758e-02,1.296671e-02,7.477541e-02,3.046063e-03,1.447882e-02,3.289039e-02,2.819376e-03,2.476495e-03,4.958135e-02,5.297945e-01,9.059443e-04,2.518392e-02
2.220766e-01,5.426888e-02,2.053917e-02,2.694758e-02,1.253630e-02,7.012821e-02,3.506643e-03,1.347064e-02,3.403354e-02,2.895531e-03,2.056819e-03,4.045956e-02,4.706879e-01,1.144614e-03,2.524807e-02
2.266669e-01,9.003671e-02,2.105276e-02,2.017166e-02,1.045940e-02,7.644439e-02,3.761366e-03,1.385711e-02,4.201127e-02,3.709720e-03,2.140415e-03,3.054268e-02,4.231988e-01,1.419684e-03,3.452712e-02
2.296759e-01,9.221746e-02,4.222790e-02,2.032712e-02,1.169410e-02,7.059018e-02,4.187898e-03,1.672188e-02,6.778598e-02,4.439961e-03,2.697057e-03,2.343703e-02,3.804663e-01,1.290728e-03,3.224050e-02
2.623791e-01,9.771931e-02,3.683656e-02,2.000839e-02,1.659204e-02,6.658526e-02,5.548064e-03,2.228950e-02,8.942100e-02,5.186144e-03,2.519625e-03,1.731631e-02,3.049572e-01,1.206823e-03,5.143472e-02
3.057945e-01,8.461820e-02,2.797580e-02,1.673105e-02,1.858386e-02,1.089470e-01,5.582245e-03,2.076580e-02,8.873754e-02,4.213773e-03,2.673943e-03,1.310342e-02,2.579691e-01,1.569029e-03,4.273464e-02
3.034700e-01,7.431313e-02,2.117293e-02,1.456822e-02,2.139881e-02,1.777301e-01,7.297738e-03,2.211094e-02,9.849125e-02,3.569855e-03,2.486618e-03,9.755671e-03,2.047794e-01,1.634064e-03,3.722120e-02
2.803767e-01,7.478516e-02,1.745824e-02,4.105846e-02,1.954175e-02,1.879313e-01,6.448026e-03,2.737948e-02,9.607247e-02,6.565071e-03,2.795856e-03,7.935164e-03,1.485698e-01,1.569840e-03,8.151278e-02
2.437796e-01,5.941889e-02,2.147572e-02,1.092637e-01,1.568070e-02,1.570536e-01,4.791121e-03,2.334350e-02,8.811387e-02,1.430547e-02,5.405423e-03,7.517673e-03,1.076222e-01,1.640919e-03,1.405875e-01
2.024751e-01,4.445618e-02,4.559024e-02,1.638820e-01,1.337626e-02,1.267982e-01,3.662918e-03,2.910164e-02,8.266149e-02,1.813652e-02,8.939333e-03,6.424817e-03,7.812195e-02,1.826157e-03,1.745473e-01
1.731021e-01,3.548924e-02,1.348000e-01,1.931415e-01,1.193894e-02,9.106706e-02,3.026258e-03,2.127291e-02,7.474653e-02,1.701494e-02,1.671579e-02,5.772567e-03,5.612052e-02,7.604549e-03,1.581871e-01
1.938705e-01,2.998662e-02,1.305859e-01,1.852199e-01,1.907227e-02,7.020860e-02,2.449641e-03,1.933346e-02,5.617846e-02,1.503246e-02,6.018707e-02,7.697022e-03,4.567524e-02,2.365442e-02,1.408484e-01
1.564758e-01,2.501249e-02,9.857222e-02,1.401440e-01,2.377545e-02,5.014167e-02,1.900382e-03,1.451606e-02,4.406973e-02,1.477072e-02,1.103996e-01,8.742444e-03,3.802813e-02,1.488263e-01,1.246250e-01
1.179411e-01,1.966120e-02,7.339209e-02,1.153161e-01,2.008587e-02,3.887134e-02,2.271375e-03,1.081570e-02,3.526185e-02,1.750377e-02,9.946404e-02,9.912729e-02,1.237029e-01,1.304325e-01,9.615293e-02
8.368064e-02,1.462631e-02,5.228965e-02,8.281066e-02,1.487524e-02,2.802363e-02,1.758147e-03,7.726248e-03,2.764679e-02,1.654113e-02,9.005008e-02,2.231316e-01,1.671950e-01,1.203439e-01,6.930102e-02
6.033482e-02,1.056525e-02,3.819764e-02,5.914859e-02,1.077189e-02,2.046922e-02,1.352624e-03,5.889346e-03,2.130559e-02,1.418782e-02,7.511497e-02,3.702790e-01,1.672472e-01,9.544386e-02,4.969219e-02
4.292555e-02,7.894391e-03,2.789360e-02,4.175365e-02,8.184141e-03,1.498698e-02,1.063403e-03,4.464719e-03,1.878273e-02,1.282285e-02,6.238219e-02,4.864449e-01,1.648747e-01,7.028817e-02,3.523809e-02
3.036814e-02,5.901650e-03,1.991193e-02,2.939104e-02,6.609271e-03,1.087730e-02,8.665822e-04,3.535211e-03,2.019943e-02,1.304536e-02,4.869969e-02,5.772619e-01,1.565366e-01,5.159803e-02,2.519786e-02
2.139595e-02,4.193136e-03,1.403202e-02,2.062192e-02,8.744629e-03,7.756114e-03,8.536173e-04,2.892595e-03,2.663099e-02,1.018064e-02,3.670625e-02,6.553268e-01,1.363922e-01,3.644279e-02,1.783039e-02
1.518574e-02,3.150684e-03,1.002988e-02,1.449289e-02,1.571691e-02,5.569727e-03,1.068715e-03,2.380463e-03,6.553397e-02,9.686349e-03,2.875196e-02,6.772168e-01,1.129547e-01,2.571577e-02,1.254552e-02
1.086996e-02,2.358323e-03,7.536943e-03,1.028837e-02,1.170167e-01,4.394879e-03,4.344544e-03,3.866369e-03,1.037896e-01,7.184873e-03,2.367090e-02,5.910604e-01,8.673938e-02,1.806887e-02,8.809946e-03
8.268112e-03,1.907731e-03,6.351482e-03,7.655635e-03,1.968978e-01,3.590502e-03,6.517673e-03,1.222343e-02,1.477819e-01,5.463112e-03,2.139637e-02,4.936128e-01,6.939319e-02,1.275180e-02,6.188509e-03
6.381150e-03,2.100479e-03,5.092133e-03,5.608315e-03,3.240437e-01,2.824986e-03,8.504672e-03,1.235735e-02,1.944326e-01,3.863793e-03,1.643909e-02,3.541739e-01,5.087594e-02,8.960013e-03,4.341859e-03
5.075994e-03,1.891090e-03,4.696211e-03,5.608588e-03,4.160456e-01,2.143821e-03,8.392931e-03,1.293723e-02,2.348557e-01,2.742935e-03,1.177101e-02,2.484115e-01,3.610704e-02,6.275582e-03,3.044751e-03
4.870616e-03,1.728770e-03,3.920765e-03,5.517584e-03,4.437847e-01,1.652461e-03,7.100144e-03,1.065101e-02,3.036665e-01,2.005382e-03,8.492287e-03,1.743365e-01,2.572836e-02,4.399498e-03,2.145453e-03
1.101312e-02,1.661914e-03,3.215660e-03,7.176406e-03,4.578978e-01,2.079674e-03,5.701690e-03,3.159878e-02,3.245182e-01,1.462573e-03,6.668041e-03,1.231133e-01,1.920236e-02,3.104414e-03,1.586067e-03
1.814158e-02,1.617512e-03,3.000184e-03,1.015237e-02,4.866973e-01,2.588340e-03,5.325041e-03,6.699701e-02,2.939944e-01,1.076391e-03,5.112230e-03,8.708928e-02,1.478596e-02,2.202112e-03,1.220341e-03
2.248115e-02,1.436842e-03,5.840129e-03,2.392000e-02,4.397514e-01,2.143869e-03,4.544363e-03,2.046276e-01,2.162917e-01,7.663333e-04,3.764812e-03,6.113277e-02,1.086747e-02,1.551422e-03,8.801569e-04
2.212138e-02,1.216013e-03,6.757326e-03,2.723721e-02,3.416963e-01,1.888624e-03,3.377005e-03,3.876921e-01,1.523580e-01,5.486779e-04,2.714471e-03,4.289665e-02,7.756192e-03,1.097716e-03,6.423585e-04
2.239502e-02,9.301046e-04,5.748773e-03,2.502178e-02,2.600245e-01,1.580554e-03,2.498974e-03,5.356621e-01,1.069750e-01,3.989544e-04,1.949767e-03,3.007188e-02,5.496646e-03,7.849267e-04,4.609306e-04
2.008459e-02,7.137653e-04,5.902566e-03,2.390784e-02,1.882300e-01,1.304015e-03,1.808824e-03,6.552732e-01,7.497618e-02,3.206343e-04,1.512060e-03,2.112303e-02,3.949219e-03,5.612199e-04,3.328364e-04
2.257184e-02,6.026198e-04,7.295850e-03,2.022430e-02,1.392267e-01,1.249801e-03,1.351557e-03,7.348059e-01,5.261238e-02,3.175795e-04,1.238564e-03,1.491270e-02,2.919363e-03,4.112638e-04,2.595455e-04
2.634165e-02,4.934523e-04,7.318996e-03,2.062576e-02,1.000423e-01,1.350452e-03,1.109375e-03,7.911348e-01,3.687236e-02,2.929818e-04,1.014375e-03,1.059488e-02,2.283075e-03,3.166062e-04,2.089480e-04
4.238698e-02,4.216273e-04,8.566606e-03,2.271198e-02,7.185271e-02,1.538324e-03,1.061235e-03,8.146985e-01,2.588457e-02,2.402729e-04,8.212203e-04,7.563046e-03,1.811797e-03,2.589962e-04,1.821837e-04
6.536675e-02,3.928083e-04,8.057166e-03,2.030093e-02,5.230128e-02,2.077575e-03,1.032456e-03,8.232527e-01,1.823664e-02,2.166879e-04,8.610069e-04,5.730536e-03,1.678338e-03,2.566357e-04,2.384677e-04
8.059348e-02,4.214352e-04,8.481279e-03,1.569414e-02,4.019538e-02,2.950388e-03,1.322190e-03,8.287671e-01,1.300120e-02,2.086605e-04,1.054792e-03,4.603026e-03,2.091913e-03,2.673038e-04,3.476479e-04
8.292798e-02,7.931277e-04,1.088618e-02,1.232081e-02,3.516608e-02,4.671203e-03,1.340435e-03,8.305266e-01,9.576091e-03,2.879488e-04,2.228417e-03,4.190588e-03,3.113560e-03,6.872220e-04,1.283717e-03
9.192099e-02,1.246188e-03,1.416036e-02,1.211509e-02,3.676619e-02,1.555654e-02,1.384244e-03,8.058234e-01,7.043574e-03,3.516285e-04,2.736796e-03,4.289366e-03,3.247786e-03,8.047227e-04,2.553063e-03
1.036517e-01,2.281916e-03,1.751157e-02,1.124178e-02,4.404096e-02,4.068497e-02,1.428981e-03,7.573947e-01,5.164258e-03,5.573592e-04,3.287890e-03,4.410038e-03,3.296158e-03,9.632196e-04,4.084479e-03
1.332110e-01,4.152709e-03,2.543101e-02,1.050675e-02,4.602846e-02,5.709392e-02,2.441576e-03,6.967398e-01,4.049252e-03,9.040415e-04,4.035394e-03,4.530604e-03,3.202274e-03,1.297491e-03,6.375803e-03
1.674418e-01,4.625105e-03,2.084308e-02,8.640478e-03,3.945812e-02,5.062161e-02,2.265729e-03,6.832055e-01,3.196251e-03,8.307456e-04,3.842355e-03,4.363874e-03,2.852204e-03,1.210479e-03,6.602702e-03
2.308303e-01,4.888881e-03,2.113082e-02,8.661939e-03,3.554325e-02,6.220232e-02,2.309531e-03,6.033885e-01,3.174683e-03,1.083331e-03,5.599782e-03,5.417846e-03,2.926896e-03,2.040717e-03,1.080119e-02
2.501106e-01,4.817598e-03,1.663275e-02,8.082028e-03,2.608255e-02,1.836851e-01,2.065741e-03,4.258893e-01,4.050607e-03,1.714990e-03,4.225323e-02,9.676249e-03,3.909429e-03,5.195074e-03,1.583474e-02
1.941974e-01,1.034457e-02,2.116011e-02,3.052226e-02,2.097665e-02,2.207214e-01,1.984069e-03,2.988818e-01,2.875201e-02,7.931881e-03,7.319918e-02,1.951388e-02,8.353015e-03,9.814003e-03,5.364775e-02
1.408210e-01,1.325401e-02,1.683384e-02,2.595117e-02,1.519135e-02,2.500074e-01,1.543965e-03,2.095564e-01,5.089691e-02,1.282696e-02,1.023972e-01,2.161292e-02,1.075716e-02,2.065994e-02,1.076898e-01
1.014470e-01,2.808806e-02,1.669922e-02,3.150490e-02,1.114022e-02,1.923012e-01,1.254173e-03,1.469029e-01,9.373508e-02,1.462098e-02,1.490063e-01,3.368307e-02,1.232102e-02,3.306245e-02,1.342334e-01
7.187542e-02,3.200617e-02,4.406671e-02,8.503571e-02,8.291008e-03,1.454281e-01,9.825572e-04,1.029503e-01,1.224968e-01,2.041423e-02,1.335374e-01,3.730787e-02,1.094005e-02,3.970591e-02,1.449617e-01
5.270288e-02,9.011923e-02,4.727796e-02,7.349484e-02,6.406190e-03,1.097723e-01,9.210872e-04,7.232033e-02,1.404750e-01,1.936763e-02,9.994125e-02,4.576519e-02,1.437656e-02,3.353697e-02,1.935226e-01
3.920574e-02,1.724839e-01,3.503083e-02,7.052382e-02,7.587572e-03,8.364472e-02,8.924488e-04,5.218983e-02,1.639201e-01,1.528384e-02,7.319742e-02,3.456874e-02,1.810040e-02,2.564669e-02,2.077240e-01
2.919899e-02,2.245716e-01,2.812477e-02,9.219429e-02,7.875696e-03,6.956734e-02,9.189564e-04,3.746122e-02,2.178024e-01,1.314738e-02,5.847313e-02,2.706726e-02,2.071214e-02,1.887049e-02,1.540144e-01
2.218195e-02,2.838123e-01,2.093777e-02,9.197756e-02,7.274399e-03,5.967543e-02,7.058025e-04,2.745703e-02,2.461259e-01,9.969448e-03,5.341700e-02,2.207521e-02,1.969035e-02,1.946027e-02,1.152396e-01
1.799810e-02,3.186863e-01,1.575982e-02,7.295917e-02,1.315309e-02,5.684907e-02,6.657336e-04,2.119299e-02,2.640909e-01,8.123040e-03,5.062178e-02,1.745027e-02,2.454073e-02,2.111308e-02,9.679590e-02
1.446550e-02,4.145144e-01,1.182806e-02,5.454638e-02,1.251672e-02,4.240632e-02,5.818891e-04,1.594734e-02,2.312828e-01,8.427601e-03,4.855290e-02,1.721650e-02,2.767097e-02,2.038538e-02,7.965729e-02
1.333722e-02,4.084172e-01,2.410031e-02,7.204053e-02,1.206747e-02,3.817049e-02,4.476314e-04,1.454646e-02,2.290138e-01,8.637922e-03,3.566208e-02,1.305776e-02,2.056380e-02,1.804853e-02,9.188884e-02
1.767320e-02,3.723023e-01,7.859768e-02,5.885050e-02,1.569617e-02,3.958506e-02,4.859828e-04,2.913640e-02,2.170733e-01,1.218754e-02,2.683098e-02,9.977013e-03,1.663578e-02,1.660343e-02,8.836465e-02
2.211544e-02,4.019409e-01,8.383883e-02,5.259979e-02,1.518832e-02,3.337872e-02,4.635912e-04,2.388567e-02,1.983403e-01,1.453958e-02,2.066912e-02,8.671586e-03,1.308518e-02,1.536927e-02,9.591377e-02
2.537736e-02,4.235171e-01,7.913244e-02,4.042851e-02,1.784670e-02,2.973682e-02,5.526626e-04,3.037574e-02,2.034916e-01,1.478130e-02,1.748981e-02,7.987997e-03,1.160017e-02,1.476105e-02,8.292069e-02
2.448314e-02,3.169169e-01,6.707013e-02,3.476540e-02,1.805548e-02,2.391334e-02,9.247853e-04,1.623431e-01,2.272788e-01,1.467652e-02,1.387007e-02,6.139454e-03,9.498710e-03,1.129046e-02,6.877363e-02
2.442560e-02,2.585183e-01,5.369911e-02,2.881208e-02,1.861955e-02,2.813114e-02,1.273530e-03,2.646279e-01,2.219093e-01,1.456059e-02,1.026416e-02,4.492403e-03,8.702746e-03,9.308398e-03,5.265506e-02
2.050550e-02,1.880539e-01,3.860334e-02,2.167467e-02,1.999513e-02,2.330401e-02,1.329523e-03,4.154504e-01,1.995475e-01,1.035476e-02,7.469462e-03,3.222735e-03,6.468500e-03,6.956442e-03,3.706411e-02
2.767374e-02,1.368646e-01,2.759919e-02,1.601715e-02,1.699272e-02,1.780303e-02,1.263045e-03,5.397606e-01,1.634766e-01,7.385226e-03,5.435942e-03,2.515601e-03,4.866615e-03,6.064668e-03,2.628122e-02
2.871479e-02,9.781741e-02,2.018925e-02,1.187801e-02,1.537963e-02,1.356666e-02,1.165516e-03,6.465726e-01,1.257556e-01,5.230686e-03,3.997817e-03,1.980090e-03,3.647723e-03,5.497631e-03,1.860650e-02
2.947287e-02,6.928469e-02,1.442304e-02,8.593747e-03,1.340642e-02,9.871185e-03,9.465447e-04,7.298623e-01,9.543724e-02,3.668967e-03,3.258273e-03,1.590384e-03,2.679248e-03,4.392650e-03,1.311244e-02
2.891899e-02,5.220449e-02,1.077660e-02,6.266098e-03,1.256916e-02,7.200596e-03,8.672423e-04,7.804902e-01,7.881807e-02,2.585506e-03,3.160271e-03,1.383810e-03,1.984879e-03,3.451484e-03,9.322557e-03
3.334524e-02,4.111693e-02,8.089921e-03,4.595759e-03,1.166632e-02,5.462057e-03,8.555375e-04,7.953246e-01,8.270493e-02,1.822363e-03,2.602187e-03,1.240097e-03,1.502761e-03,2.982619e-03,6.688690e-03
6.106873e-02,3.430753e-02,7.077142e-03,3.588070e-03,1.002064e-02,4.738675e-03,1.374756e-03,7.919236e-01,7.194357e-02,1.303142e-03,2.127583e-03,1.630113e-03,1.436317e-03,2.328554e-03,5.131538e-03
8.050701e-02,2.598022e-02,5.759781e-03,2.757001e-03,8.972386e-03,3.650618e-03,1.670343e-03,7.987428e-01,6.135218e-02,9.331910e-04,1.572246e-03,1.447998e-03,1.178540e-03,1.734265e-03,3.741399e-03
9.812368e-02,2.042911e-02,4.909669e-03,2.441414e-03,7.352465e-03,2.774010e-03,1.694008e-03,8.057858e-01,4.844613e-02,7.143145e-04,1.168861e-03,1.210788e-03,9.157999e-04,1.260222e-03,2.773743e-03
1.651310e-01,1.524883e-02,4.255371e-03,2.749698e-03,6.677271e-03,3.760205e-03,2.340431e-03,7.528589e-01,3.839961e-02,6.118041e-04,1.267297e-03,2.019532e-03,1.050852e-03,1.124069e-03,2.505110e-03
1.964122e-01,1.142477e-02,3.716735e-03,2.737331e-03,5.951194e-03,4.084211e-03,3.201408e-03,7.337170e-01,3.055721e-02,5.439230e-04,1.226912e-03,2.339639e-03,1.061622e-03,9.595184e-04,2.066213e-03
2.116019e-01,8.386658e-03,3.084430e-03,2.730846e-03,6.177690e-03,3.728337e-03,2.909953e-03,7.299982e-01,2.314743e-02,4.960074e-04,1.208585e-03,2.789117e-03,1.175088e-03,7.636076e-04,1.802130e-03
2.205776e-01,6.038361e-03,2.774179e-03,2.754910e-03,5.828404e-03,3.944717e-03,2.746471e-03,7.303444e-01,1.678645e-02,4.294532e-04,1.082640e-03,3.247856e-03,1.276587e-03,6.506862e-04,1.517303e-03
2.644178e-01,4.380697e-03,2.458685e-03,2.413012e-03,5.477060e-03,4.145545e-03,2.656383e-03,6.930379e-01,1.203571e-02,5.450535e-04,9.494997e-04,3.841163e-03,1.709701e-03,5.697349e-04,1.362019e-03
3.575868e-01,3.200752e-03,2.136255e-03,2.050067e-03,4.904871e-03,5.440245e-03,2.627010e-03,5.984278e-01,8.686130e-03,4.527010e-04,1.264534e-03,6.346513e-03,4.896737e-03,6.586184e-04,1.320905e-03
4.651845e-01,2.618675e-03,1.914230e-03,1.791468e-03,4.983820e-03,6.800772e-03,2.590758e-03,4.776627e-01,6.391450e-03,4.320354e-04,1.540574e-03,8.189441e-03,1.797692e-02,5.549059e-04,1.367611e-03
1.000000e+00,0.000000e+00,0.000000e+00,0.000000e+00,0.000000e+00,0.000000e+00,0.000000e+00,0.000000e+00,0.000000e+00,0.000000e+00,0.000000e+00,0.000000e+00,0.000000e+00,0.000000e+00,0.000000e+00
4.244157e-01,3.270885e-03,1.707485e-03,3.266478e-03,5.739147e-03,9.158866e-03,5.385730e-03,2.629605e-01,7.767008e-03,3.269142e-04,3.561186e-03,6.482375e-02,2.044240e-01,1.061276e-03,2.130969e-03
3.131803e-01,3.272864e-03,1.941511e-03,2.712523e-03,1.118892e-02,8.500310e-03,5.350932e-03,1.918324e-01,1.048429e-02,4.512350e-04,4.959967e-03,1.381595e-01,3.050819e-01,1.129273e-03,1.754017e-03
2.217278e-01,2.354082e-03,1.416784e-03,1.946003e-03,9.257305e-03,6.088914e-03,3.927278e-03,1.348858e-01,7.993475e-03,4.277347e-04,5.186739e-03,3.252804e-01,2.771896e-01,1.052924e-03,1.265122e-03
1.561186e-01,2.268718e-03,1.090239e-03,1.384845e-03,1.221750e-02,4.516421e-03,2.843280e-03,9.474595e-02,6.035728e-03,5.089757e-04,5.007147e-03,4.142522e-01,2.970527e-01,1.051408e-03,9.063501e-04
1.170832e-01,2.074285e-03,9.560203e-04,1.189048e-03,1.533339e-02,4.660623e-03,2.065184e-03,6.655722e-02,8.229908e-03,8.544286e-03,1.993865e-02,5.247797e-01,2.257400e-01,2.157606e-03,6.908107e-04
8.304664e-02,1.597514e-03,7.411070e-04,9.461809e-04,1.413616e-02,4.615425e-03,1.485079e-03,4.696364e-02,1.047054e-02,1.393131e-02,8.287758e-02,5.711372e-01,1.650724e-01,2.456182e-03,5.230467e-04
5.986444e-02,1.346051e-03,5.747587e-04,7.490664e-04,1.076118e-02,4.338984e-03,1.090176e-03,3.339067e-02,9.508800e-03,2.546057e-02,1.191209e-01,6.133276e-01,1.172017e-01,2.878736e-03,3.862968e-04
4.336079e-02,1.079852e-03,4.811947e-04,5.824761e-04,7.706233e-03,3.332192e-03,7.827095e-04,2.352426e-02,1.156170e-02,2.206495e-02,2.608619e-01,5.383254e-01,8.257644e-02,3.475092e-03,2.848065e-04
3.257983e-02,1.174668e-03,4.664130e-04,5.507396e-04,5.795432e-03,2.716356e-03,5.650108e-04,1.667252e-02,1.539177e-02,2.480680e-02,3.188392e-01,5.173160e-01,5.833777e-02,4.555507e-03,2.320783e-04
3.177479e-02,2.744331e-03,1.919298e-03,1.162789e-03,5.115885e-03,2.600926e-03,4.247817e-04,1.212069e-02,1.651556e-02,1.842940e-02,3.999370e-01,4.606453e-01,4.099561e-02,5.306026e-03,3.075710e-04
2.461082e-02,2.720796e-03,1.787071e-03,1.125515e-03,3.993650e-03,2.385192e-03,3.136129e-04,8.581277e-03,1.644861e-02,1.340418e-02,4.686658e-01,4.197424e-01,2.883322e-02,7.046259e-03,3.416060e-04
1.868435e-02,3.417630e-03,2.218171e-03,8.826321e-04,3.051222e-03,2.212201e-03,2.437432e-04,6.065416e-03,1.343720e-02,9.801259e-03,4.914727e-01,4.201935e-01,2.027444e-02,7.762284e-03,2.833056e-04
2.061719e-02,4.917370e-03,4.191358e-03,1.110124e-03,3.693114e-03,2.777522e-03,3.024086e-04,4.901513e-03,1.371182e-02,8.123579e-03,5.120001e-01,3.977137e-01,1.438266e-02,1.114528e-02,4.122859e-04
2.011618e-02,5.843017e-03,4.553392e-03,1.048211e-03,5.601155e-03,2.798516e-03,3.852781e-04,3.812263e-03,1.620632e-02,7.796946e-03,5.651069e-01,3.416743e-01,1.031080e-02,1.409185e-02,6.548993e-04
1.523038e-02,5.535576e-03,4.501630e-02,2.438864e-03,2.440951e-02,2.556161e-03,8.480424e-04,7.379145e-03,1.976910e-02,8.276461e-03,5.744953e-01,2.751884e-01,7.471786e-03,1.067779e-02,7.071755e-04
1.173805e-02,6.215693e-03,4.467864e-02,3.904992e-03,2.953303e-02,2.891453e-03,9.281855e-04,9.352276e-03,2.941792e-02,7.316983e-03,6.128135e-01,2.266485e-01,5.523199e-03,8.376068e-03,6.614607e-04
1.072429e-02,7.652605e-03,3.575533e-02,4.211731e-03,3.509287e-02,3.067054e-03,9.019852e-04,9.541279e-03,9.019937e-02,6.799386e-03,6.082831e-01,1.760549e-01,4.084838e-03,6.538981e-03,1.092342e-03
1.299942e-02,7.643285e-03,2.976036e-02,5.252393e-03,3.158212e-02,3.412013e-03,8.616267e-04,1.483667e-02,1.026471e-01,6.832621e-03,6.398818e-01,1.322143e-01,3.458896e-03,6.966372e-03,1.651009e-03
2.051970e-02,6.849702e-03,5.934801e-02,2.652783e-02,3.357078e-02,8.090019e-03,7.819029e-04,2.426012e-02,1.132382e-01,1.115911e-02,5.857294e-01,9.810348e-02,3.149366e-03,5.466846e-03,3.205611e-03
4.350865e-02,7.786075e-03,1.271673e-01,3.275241e-02,3.839246e-02,9.298515e-03,8.267490e-04,3.268594e-02,1.309648e-01,2.156275e-02,4.683339e-01,7.215369e-02,2.769721e-03,4.560382e-03,7.236585e-03
5.004247e-02,1.383251e-02,1.427544e-01,3.728093e-02,4.074117e-02,9.785649e-03,8.503594e-04,2.564566e-02,1.746880e-01,4.935021e-02,3.708954e-01,5.880948e-02,2.614414e-03,8.668445e-03,1.404087e-02
8.070561e-02,1.875912e-02,1.118248e-01,4.474591e-02,7.987268e-02,1.798620e-02,1.942030e-03,4.242853e-02,2.030395e-01,4.482287e-02,2.816707e-01,4.679956e-02,2.985457e-03,8.361975e-03,1.405510e-02
9.059659e-02,2.565590e-02,1.189346e-01,5.709827e-02,9.328197e-02,2.235746e-02,2.045040e-03,9.579489e-02,1.746744e-01,3.453318e-02,2.230347e-01,3.583336e-02,4.165934e-03,9.328176e-03,1.266560e-02
1.024484e-01,2.421575e-02,9.753952e-02,7.684952e-02,9.458534e-02,1.829103e-02,1.998611e-03,1.747432e-01,1.610417e-01,2.635660e-02,1.709977e-01,2.802814e-02,3.775832e-03,8.732597e-03,1.039603e-02
1.358791e-01,2.718396e-02,7.613125e-02,7.776637e-02,9.348574e-02,1.441563e-02,1.786151e-03,1.973263e-01,1.589477e-01,1.939195e-02,1.512317e-01,2.155476e-02,3.162080e-03,1.187393e-02,9.863373e-03
1.793242e-01,3.037612e-02,6.163902e-02,7.340826e-02,9.575985e-02,1.294919e-02,1.533282e-03,1.716453e-01,1.961078e-01,1.529737e-02,1.149929e-01,1.894813e-02,3.249877e-03,1.501975e-02,9.748911e-03
2.015416e-01,4.490549e-02,5.570482e-02,7.962216e-02,9.689756e-02,1.473420e-02,1.381014e-03,1.541348e-01,1.912107e-01,1.385572e-02,9.975208e-02,1.433290e-02,2.898830e-03,2.133174e-02,7.696399e-03
1.989290e-01,5.369341e-02,5.054412e-02,7.182702e-02,1.107566e-01,2.130980e-02,1.124450e-03,1.193966e-01,2.225269e-01,1.214548e-02,8.889604e-02,1.144902e-02,2.542962e-03,2.888638e-02,5.972159e-03
1.985223e-01,8.666064e-02,4.265141e-02,5.643445e-02,1.181057e-01,2.787136e-02,9.462393e-04,9.376208e-02,2.315934e-01,9.955535e-03,8.177491e-02,9.184517e-03,2.182236e-03,3.513820e-02,5.217036e-03
2.204976e-01,8.194400e-02,3.398758e-02,4.968389e-02,9.846313e-02,4.319211e-02,9.580534e-04,7.508476e-02,2.693641e-01,7.880444e-03,7.130592e-02,7.546968e-03,2.220317e-03,3.360201e-02,4.269203e-03
2.686934e-01,6.599142e-02,2.843866e-02,4.446805e-02,8.808567e-02,5.900203e-02,1.315580e-03,6.756242e-02,2.731931e-01,5.834805e-03,5.584923e-02,6.619299e-03,2.663545e-03,2.864844e-02,3.634275e-03
2.511827e-01,5.369262e-02,3.575943e-02,6.334999e-02,6.873006e-02,6.424689e-02,1.733338e-03,1.493874e-01,2.268546e-01,4.423673e-03,4.541772e-02,5.324895e-03,2.541936e-03,2.446285e-02,2.891872e-03
3.076430e-01,4.473270e-02,5.695516e-02,7.051012e-02,5.198258e-02,5.095144e-02,2.559410e-03,1.454535e-01,1.886267e-01,3.793165e-03,3.892981e-02,5.274620e-03,2.910905e-03,2.630442e-02,3.372522e-03
3.586432e-01,4.729747e-02,8.816278e-02,6.603234e-02,4.013651e-02,3.797184e-02,3.188242e-03,1.396914e-01,1.477239e-01,2.974593e-03,3.130812e-02,5.438988e-03,3.295156e-03,2.370334e-02,4.432155e-03
4.314004e-01,3.877692e-02,9.865708e-02,6.154418e-02,3.281382e-02,3.088731e-02,3.970386e-03,1.233621e-01,1.091977e-01,2.718308e-03,2.587277e-02,7.112389e-03,4.299699e-03,2.301173e-02,6.375212e-03
4.748494e-01,3.289026e-02,1.068891e-01,5.695163e-02,2.944033e-02,2.789511e-02,4.797445e-03,1.159595e-01,8.095836e-02,2.611842e-03,2.116479e-02,9.343991e-03,5.917248e-03,2.159140e-02,8.739516e-03
1.000000e+00,0.000000e+00,0.000000e+00,0.000000e+00,0.000000e+00,0.000000e+00,0.000000e+00,0.000000e+00,0.000000e+00,0.000000e+00,0.000000e+00,0.000000e+00,0.000000e+00,0.000000e+00,0.000000e+00
1.000000e+00,0.000000e+00,0.000000e+00,0.000000e+00,0.000000e+00,0.000000e+00,0.000000e+00,0.000000e+00,0.000000e+00,0.000000e+00,0.000000e+00,0.000000e+00,0.000000e+00,0.000000e+00,0.000000e+00
4.448294e-01,2.470437e-02,7.592864e-02,4.106533e-02,2.027315e-02,2.277471e-02,4.032224e-03,1.668003e-01,4.976796e-02,5.417244e-03,7.893294e-02,1.267932e-02,7.193510e-03,2.579671e-02,1.980421e-02
1.000000e+00,0.000000e+00,0.000000e+00,0.000000e+00,0.000000e+00,0.000000e+00,0.000000e+00,0.000000e+00,0.000000e+00,0.000000e+00,0.000000e+00,0.000000e+00,0.000000e+00,0.000000e+00,0.000000e+00
1.000000e+00,0.000000e+00,0.000000e+00,0.000000e+00,0.000000e+00,0.000000e+00,0.000000e+00,0.000000e+00,0.000000e+00,0.000000e+00,0.000000e+00,0.000000e+00,0.000000e+00,0.000000e+00,0.000000e+00
3.845825e-01,1.337593e-02,3.062767e-02,2.310158e-02,1.013113e-02,1.218771e-02,1.866087e-03,7.132972e-02,6.617635e-02,5.381201e-03,3.020768e-01,3.736470e-02,6.963159e-03,2.134233e-02,1.349311e-02
2.957722e-01,1.024682e-02,2.209334e-02,1.891905e-02,1.071986e-02,9.166546e-03,1.488244e-03,5.407131e-02,5.922539e-02,4.635363e-03,3.649649e-01,1.092050e-01,5.631307e-03,2.403817e-02,9.822449e-03
2.120374e-01,1.924867e-02,1.875497e-02,1.602872e-02,1.337904e-02,7.224350e-03,1.335541e-03,4.355667e-02,1.126278e-01,4.952257e-03,3.764664e-01,1.190784e-01,4.717205e-03,4.288127e-02,7.711230e-03
1.532800e-01,1.720654e-02,2.762096e-02,2.481409e-02,1.653057e-02,7.055111e-03,1.495999e-03,3.817564e-02,1.276659e-01,4.482515e-03,4.045644e-01,1.035824e-01,3.708751e-03,6.378248e-02,6.034664e-03
1.081318e-01,1.322055e-02,2.910111e-02,6.254508e-02,3.580530e-02,6.617167e-03,2.238762e-03,3.817435e-02,1.739778e-01,3.304366e-03,3.938630e-01,7.514557e-02,2.770964e-03,5.062599e-02,4.478232e-03
