1.000000e+00,0.000000e+00,0.000000e+00,0.000000e+00,0.000000e+00,0.000000e+00,0.000000e+00,0.000000e+00,0.000000e+00,0.000000e+00,0.000000e+00,0.000000e+00,0.000000e+00,0.000000e+00,0.000000e+00
1.000000e+00,0.000000e+00,0.000000e+00,0.000000e+00,0.000000e+00,0.000000e+00,0.000000e+00,0.000000e+00,0.000000e+00,0.000000e+00,0.000000e+00,0.000000e+00,0.000000e+00,0.000000e+00,0.000000e+00
1.000000e+00,0.000000e+00,0.000000e+00,0.000000e+00,0.000000e+00,0.000000e+00,0.000000e+00,0.000000e+00,0.000000e+00,0.000000e+00,0.000000e+00,0.000000e+00,0.000000e+00,0.000000e+00,0.000000e+00
1.000000e+00,0.000000e+00,0.000000e+00,0.000000e+00,0.000000e+00,0.000000e+00,0.000000e+00,0.000000e+00,0.000000e+00,0.000000e+00,0.000000e+00,0.000000e+00,0.000000e+00,0.000000e+00,0.000000e+00
1.000000e+00,0.000000e+00,0.000000e+00,0.000000e+00,0.000000e+00,0.000000e+00,0.000000e+00,0.000000e+00,0.000000e+00,0.000000e+00,0.000000e+00,0.000000e+00,0.000000e+00,0.000000e+00,0.000000e+00
1.000000e+00,0.000000e+00,0.000000e+00,0.000000e+00,0.000000e+00,0.000000e+00,0.000000e+00,0.000000e+00,0.000000e+00,0.000000e+00,0.000000e+00,0.000000e+00,0.000000e+00,0.000000e+00,0.000000e+00
1.000000e+00,0.000000e+00,0.000000e+00,0.000000e+00,0.000000e+00,0.000000e+00,0.000000e+00,0.000000e+00,0.000000e+00,0.000000e+00,0.000000e+00,0.000000e+00,0.000000e+00,0.000000e+00,0.000000e+00
1.000000e+00,0.000000e+00,0.000000e+00,0.000000e+00,0.000000e+00,0.000000e+00,0.000000e+00,0.000000e+00,0.000000e+00,0.000000e+00,0.000000e+00,0.000000e+00,0.000000e+00,0.000000e+00,0.000000e+00
1.000000e+00,0.000000e+00,0.000000e+00,0.000000e+00,0.000000e+00,0.000000e+00,0.000000e+00,0.000000e+00,0.000000e+00,0.000000e+00,0.000000e+00,0.000000e+00,0.000000e+00,0.000000e+00,0.000000e+00
1.000000e+00,0.000000e+00,0.000000e+00,0.000000e+00,0.000000e+00,0.000000e+00,0.000000e+00,0.000000e+00,0.000000e+00,0.000000e+00,0.000000e+00,0.000000e+00,0.000000e+00,0.000000e+00,0.000000e+00
1.000000e+00,0.000000e+00,0.000000e+00,0.000000e+00,0.000000e+00,0.000000e+00,0.000000e+00,0.000000e+00,0.000000e+00,0.000000e+00,0.000000e+00,0.000000e+00,0.000000e+00,0.000000e+00,0.000000e+00
1.000000e+00,0.000000e+00,0.000000e+00,0.000000e+00,0.000000e+00,0.000000e+00,0.000000e+00,0.000000e+00,0.000000e+00,0.000000e+00,0.000000e+00,0.000000e+00,0.000000e+00,0.000000e+00,0.000000e+00
1.000000e+00,0.000000e+00,0.000000e+00,0.000000e+00,0.000000e+00,0.000000e+00,0.000000e+00,0.000000e+00,0.000000e+00,0.000000e+00,0.000000e+00,0.000000e+00,0.000000e+00,0.000000e+00,0.000000e+00
1.000000e+00,0.000000e+00,0.000000e+00,0.000000e+00,0.000000e+00,0.000000e+00,0.000000e+00,0.000000e+00,0.000000e+00,0.000000e+00,0.000000e+00,0.000000e+00,0.000000e+00,0.000000e+00,0.000000e+00
1.000000e+00,0.000000e+00,0.000000e+00,0.000000e+00,0.000000e+00,0.000000e+00,0.000000e+00,0.000000e+00,0.000000e+00,0.000000e+00,0.000000e+00,0.000000e+00,0.000000e+00,0.000000e+00,0.000000e+00
1.000000e+00,0.000000e+00,0.000000e+00,0.000000e+00,0.000000e+00,0.000000e+00,0.000000e+00,0.000000e+00,0.000000e+00,0.000000e+00,0.000000e+00,0.000000e+00,0.000000e+00,0.000000e+00,0.000000e+00
1.000000e+00,0.000000e+00,0.000000e+00,0.000000e+00,0.000000e+00,0.000000e+00,0.000000e+00,0.000000e+00,0.000000e+00,0.000000e+00,0.000000e+00,0.000000e+00,0.000000e+00,0.000000e+00,0.000000e+00
1.000000e+00,0.000000e+00,0.000000e+00,0.000000e+00,0.000000e+00,0.000000e+00,0.000000e+00,0.000000e+00,0.000000e+00,0.000000e+00,0.000000e+00,0.000000e+00,0.000000e+00,0.000000e+00,0.000000e+00
1.000000e+00,0.000000e+00,0.000000e+00,0.000000e+00,0.000000e+00,0.000000e+00,0.000000e+00,0.000000e+00,0.000000e+00,0.000000e+00,0.000000e+00,0.000000e+00,0.000000e+00,0.000000e+00,0.000000e+00
1.000000e+00,0.000000e+00,0.000000e+00,0.000000e+00,0.000000e+00,0.000000e+00,0.000000e+00,0.000000e+00,0.000000e+00,0.000000e+00,0.000000e+00,0.000000e+00,0.000000e+00,0.000000e+00,0.000000e+00
1.000000e+00,0.000000e+00,0.000000e+00,0.000000e+00,0.000000e+00,0.000000e+00,0.000000e+00,0.000000e+00,0.000000e+00,0.000000e+00,0.000000e+00,0.000000e+00,0.000000e+00,0.000000e+00,0.000000e+00
1.000000e+00,0.000000e+00,0.000000e+00,0.000000e+00,0.000000e+00,0.000000e+00,0.000000e+00,0.000000e+00,0.000000e+00,0.000000e+00,0.000000e+00,0.000000e+00,0.000000e+00,0.000000e+00,0.000000e+00
1.000000e+00,0.000000e+00,0.000000e+00,0.000000e+00,0.000000e+00,0.000000e+00,0.000000e+00,0.000000e+00,0.000000e+00,0.000000e+00,0.000000e+00,0.000000e+00,0.000000e+00,0.000000e+00,0.000000e+00
1.000000e+00,0.000000e+00,0.000000e+00,0.000000e+00,0.000000e+00,0.000000e+00,0.000000e+00,0.000000e+00,0.000000e+00,0.000000e+00,0.000000e+00,0.000000e+00,0.000000e+00,0.000000e+00,0.000000e+00
1.000000e+00,0.000000e+00,0.000000e+00,0.000000e+00,0.000000e+00,0.000000e+00,0.000000e+00,0.000000e+00,0.000000e+00,0.000000e+00,0.000000e+00,0.000000e+00,0.000000e+00,0.000000e+00,0.000000e+00
1.000000e+00,0.000000e+00,0.000000e+00,0.000000e+00,0.000000e+00,0.000000e+00,0.000000e+00,0.000000e+00,0.000000e+00,0.000000e+00,0.000000e+00,0.000000e+00,0.000000e+00,0.000000e+00,0.000000e+00
1.000000e+00,0.000000e+00,0.000000e+00,0.000000e+00,0.000000e+00,0.000000e+00,0.000000e+00,0.000000e+00,0.000000e+00,0.000000e+00,0.000000e+00,0.000000e+00,0.000000e+00,0.000000e+00,0.000000e+00
1.000000e+00,0.000000e+00,0.000000e+00,0.000000e+00,0.000000e+00,0.000000e+00,0.000000e+00,0.000000e+00,0.000000e+00,0.000000e+00,0.000000e+00,0.000000e+00,0.000000e+00,0.000000e+00,0.000000e+00
1.000000e+00,0.000000e+00,0.000000e+00,0.000000e+00,0.000000e+00,0.000000e+00,0.000000e+00,0.000000e+00,0.000000e+00,0.000000e+00,0.000000e+00,0.000000e+00,0.000000e+00,0.000000e+00,0.000000e+00
1.000000e+00,0.000000e+00,0.000000e+00,0.000000e+00,0.000000e+00,0.000000e+00,0.000000e+00,0.000000e+00,0.000000e+00,0.000000e+00,0.000000e+00,0.000000e+00,0.000000e+00,0.000000e+00,0.000000e+00
1.000000e+00,0.000000e+00,0.000000e+00,0.000000e+00,0.000000e+00,0.000000e+00,0.000000e+00,0.000000e+00,0.000000e+00,0.000000e+00,0.000000e+00,0.000000e+00,0.000000e+00,0.000000e+00,0.000000e+00
1.000000e+00,0.000000e+00,0.000000e+00,0.000000e+00,0.000000e+00,0.000000e+00,0.000000e+00,0.000000e+00,0.000000e+00,0.000000e+00,0.000000e+00,0.000000e+00,0.000000e+00,0.000000e+00,0.000000e+00
1.000000e+00,0.000000e+00,0.000000e+00,0.000000e+00,0.000000e+00,0.000000e+00,0.000000e+00,0.000000e+00,0.000000e+00,0.000000e+00,0.000000e+00,0.000000e+00,0.000000e+00,0.000000e+00,0.000000e+00
1.000000e+00,0.000000e+00,0.000000e+00,0.000000e+00,0.000000e+00,0.000000e+00,0.000000e+00,0.000000e+00,0.000000e+00,0.000000e+00,0.000000e+00,0.000000e+00,0.000000e+00,0.000000e+00,0.000000e+00
1.000000e+00,0.000000e+00,0.000000e+00,0.000000e+00,0.000000e+00,0.000000e+00,0.000000e+00,0.000000e+00,0.000000e+00,0.000000e+00,0.000000e+00,0.000000e+00,0.000000e+00,0.000000e+00,0.000000e+00
1.000000e+00,0.000000e+00,0.000000e+00,0.000000e+00,0.000000e+00,0.000000e+00,0.000000e+00,0.000000e+00,0.000000e+00,0.000000e+00,0.000000e+00,0.000000e+00,0.000000e+00,0.000000e+00,0.000000e+00
1.000000e+00,0.000000e+00,0.000000e+00,0.000000e+00,0.000000e+00,0.000000e+00,0.000000e+00,0.000000e+00,0.000000e+00,0.000000e+00,0.000000e+00,0.000000e+00,0.000000e+00,0.000000e+00,0.000000e+00
1.000000e+00,0.000000e+00,0.000000e+00,0.000000e+00,0.000000e+00,0.000000e+00,0.000000e+00,0.000000e+00,0.000000e+00,0.000000e+00,0.000000e+00,0.000000e+00,0.000000e+00,0.000000e+00,0.000000e+00
1.000000e+00,0.000000e+00,0.000000e+00,0.000000e+00,0.000000e+00,0.000000e+00,0.000000e+00,0.000000e+00,0.000000e+00,0.000000e+00,0.000000e+00,0.000000e+00,0.000000e+00,0.000000e+00,0.000000e+00
1.000000e+00,0.000000e+00,0.000000e+00,0.000000e+00,0.000000e+00,0.000000e+00,0.000000e+00,0.000000e+00,0.000000e+00,0.000000e+00,0.000000e+00,0.000000e+00,0.000000e+00,0.000000e+00,0.000000e+00
1.000000e+00,0.000000e+00,0.000000e+00,0.000000e+00,0.000000e+00,0.000000e+00,0.000000e+00,0.000000e+00,0.000000e+00,0.000000e+00,0.000000e+00,0.000000e+00,0.000000e+00,0.000000e+00,0.000000e+00
1.000000e+00,0.000000e+00,0.000000e+00,0.000000e+00,0.000000e+00,0.000000e+00,0.000000e+00,0.000000e+00,0.000000e+00,0.000000e+00,0.000000e+00,0.000000e+00,0.000000e+00,0.000000e+00,0.000000e+00
1.000000e+00,0.000000e+00,0.000000e+00,0.000000e+00,0.000000e+00,0.000000e+00,0.000000e+00,0.000000e+00,0.000000e+00,0.000000e+00,0.000000e+00,0.000000e+00,0.000000e+00,0.000000e+00,0.000000e+00
1.000000e+00,0.000000e+00,0.000000e+00,0.000000e+00,0.000000e+00,0.000000e+00,0.000000e+00,0.000000e+00,0.000000e+00,0.000000e+00,0.000000e+00,0.000000e+00,0.000000e+00,0.000000e+00,0.000000e+00
1.000000e+00,0.000000e+00,0.000000e+00,0.000000e+00,0.000000e+00,0.000000e+00,0.000000e+00,0.000000e+00,0.000000e+00,0.000000e+00,0.000000e+00,0.000000e+00,0.000000e+00,0.000000e+00,0.000000e+00
4.944185e-01,2.457590e-02,3.031771e-02,6.749964e-02,3.544406e-03,1.995696e-02,2.171590e-03,9.334737e-03,3.720547e-03,1.732272e-03,1.759110e-01,1.360015e-01,1.014675e-02,8.142147e-03,1.252636e-02
3.470356e-01,2.452058e-02,2.773174e-02,7.421410e-02,2.819831e-03,1.543656e-02,1.567793e-03,6.933952e-03,3.099120e-03,1.831773e-03,2.141548e-01,2.557142e-01,7.662054e-03,7.792477e-03,9.485423e-03
2.433503e-01,1.786969e-02,1.984758e-02,5.370763e-02,2.376758e-03,1.202549e-02,1.120142e-03,4.955139e-03,2.596882e-03,2.060309e-03,3.010030e-01,3.172135e-01,5.732404e-03,9.025966e-03,7.115205e-03
1.710427e-01,1.301179e-02,1.413193e-02,3.806705e-02,2.726012e-03,1.075049e-02,8.744089e-04,3.573013e-03,2.026469e-03,1.982775e-03,4.228099e-01,3.017765e-01,4.421990e-03,7.483183e-03,5.321747e-03
1.201173e-01,9.658014e-03,1.025920e-02,2.824552e-02,2.418059e-02,1.121237e-02,9.689134e-04,2.672784e-03,2.262693e-03,1.899321e-03,4.231838e-01,3.487417e-01,4.141161e-03,8.044438e-03,4.412103e-03
8.433284e-02,8.661060e-03,7.438963e-03,2.001946e-02,3.872574e-02,1.093857e-02,8.126431e-04,1.897012e-03,2.312336e-03,3.141296e-03,4.606268e-01,3.427139e-01,3.752590e-03,7.697332e-03,6.929451e-03
5.977806e-02,6.861528e-03,5.297322e-03,1.464359e-02,3.007575e-02,9.960880e-03,6.003365e-04,1.352732e-03,2.205523e-03,3.159009e-03,4.895820e-01,3.587702e-01,3.083938e-03,7.110605e-03,7.518515e-03
4.261404e-02,5.474342e-03,3.765400e-03,1.083673e-02,2.886449e-02,9.322347e-03,4.514994e-04,9.762036e-04,2.176591e-03,3.177516e-03,5.695587e-01,3.051488e-01,2.748939e-03,7.312353e-03,7.572012e-03
3.181346e-02,5.519846e-03,2.778278e-03,8.639762e-03,6.092301e-02,9.052419e-03,4.142834e-04,7.912018e-04,2.337268e-03,3.874598e-03,5.671983e-01,2.853673e-01,2.509807e-03,8.352432e-03,1.042815e-02
2.586552e-02,4.192164e-03,2.005687e-03,6.765644e-03,6.378859e-02,9.908441e-03,4.661510e-04,7.101194e-04,2.283031e-03,3.604259e-03,5.727304e-01,2.884011e-01,2.430310e-03,8.445933e-03,8.402708e-03
2.346813e-02,3.199247e-03,1.562608e-03,5.123514e-03,1.446586e-01,1.139410e-02,6.103499e-04,1.053291e-03,2.990097e-03,4.096378e-03,4.621952e-01,3.188912e-01,2.951414e-03,1.052423e-02,7.281749e-03
2.698005e-02,2.451055e-03,1.214586e-03,4.368330e-03,1.845981e-01,1.163151e-02,6.279972e-04,1.391798e-03,3.301944e-03,3.846609e-03,3.857728e-01,3.543846e-01,3.259239e-03,1.028287e-02,5.888496e-03
3.120492e-02,2.384508e-03,1.256214e-03,3.427645e-03,1.473284e-01,2.279357e-02,1.310503e-03,2.143320e-03,3.293553e-03,4.147248e-03,3.412789e-01,4.205521e-01,2.842106e-03,1.055256e-02,5.484431e-03
2.365591e-02,1.969736e-03,1.383555e-03,2.599607e-03,1.087048e-01,1.205024e-01,2.787979e-03,2.117130e-03,3.007673e-03,3.241014e-03,2.900484e-01,4.241610e-01,2.344257e-03,8.934761e-03,4.541912e-03
1.878770e-02,1.562670e-03,1.907834e-03,2.179332e-03,8.273124e-02,1.164769e-01,6.545459e-03,3.796557e-03,4.594823e-03,2.793321e-03,2.255598e-01,5.202216e-01,2.090213e-03,7.254475e-03,3.498141e-03
1.531171e-02,1.720347e-03,2.610423e-03,2.753840e-03,6.479052e-02,1.570732e-01,1.199650e-02,6.520001e-03,7.278237e-03,2.350170e-03,2.939993e-01,4.215095e-01,3.263809e-03,5.664348e-03,3.158103e-03
1.544164e-02,1.737696e-03,3.186854e-03,3.206904e-03,5.290548e-02,1.891714e-01,1.402788e-02,8.726763e-03,7.792120e-03,1.892679e-03,3.504282e-01,3.375035e-01,6.391814e-03,4.676131e-03,2.910994e-03
2.496720e-02,2.606358e-03,3.001358e-03,2.929596e-03,4.238465e-02,1.846725e-01,1.237814e-02,8.969259e-03,9.561149e-03,1.661749e-03,3.934196e-01,2.973235e-01,8.426653e-03,4.746409e-03,2.951971e-03
5.805025e-02,4.295370e-03,3.214935e-03,4.235829e-03,3.662641e-02,1.951796e-01,1.129738e-02,1.051604e-02,1.228445e-02,1.523464e-03,4.136838e-01,2.314233e-01,9.346620e-03,4.280768e-03,4.041848e-03
8.734857e-02,5.091378e-03,3.652511e-03,4.837229e-03,3.218839e-02,1.943101e-01,1.049501e-02,1.587692e-02,1.457481e-02,1.424792e-03,4.200640e-01,1.873354e-01,1.262364e-02,5.592301e-03,4.584972e-03
8.824065e-02,7.100996e-03,7.192422e-03,6.014290e-03,2.657687e-02,2.415073e-01,9.564254e-03,2.628795e-02,1.821664e-02,1.565948e-03,3.879141e-01,1.538146e-01,1.523812e-02,5.364974e-03,5.401007e-03
1.085441e-01,9.680549e-03,7.376194e-03,5.329682e-03,2.293436e-02,2.462399e-01,7.865278e-03,2.451337e-02,2.386984e-02,1.483837e-03,3.922203e-01,1.204123e-01,1.640959e-02,5.849007e-03,7.271876e-03
1.257161e-01,3.264613e-02,6.680924e-03,4.577073e-03,2.328613e-02,2.096612e-01,5.822300e-03,2.504459e-02,4.760503e-02,1.507687e-03,3.906967e-01,9.743690e-02,1.460479e-02,7.127891e-03,7.586577e-03
1.369110e-01,5.840182e-02,7.184083e-03,4.538429e-03,3.175870e-02,1.830792e-01,4.456270e-03,2.812511e-02,6.675942e-02,1.484733e-03,3.690746e-01,7.933480e-02,1.288144e-02,7.831490e-03,8.178955e-03
1.442577e-01,1.056505e-01,8.402605e-03,5.853119e-03,2.985594e-02,1.529399e-01,3.304931e-03,2.763097e-02,7.518904e-02,6.474463e-03,2.661421e-01,7.532910e-02,1.356864e-02,1.047402e-02,7.492688e-02
1.464352e-01,1.670485e-01,8.137768e-03,5.135830e-03,3.401882e-02,1.381038e-01,2.631473e-03,3.626504e-02,9.267354e-02,5.603805e-03,1.983731e-01,6.478358e-02,1.286955e-02,1.340128e-02,7.451883e-02
1.666015e-01,2.168426e-01,6.612958e-03,4.710209e-03,3.389138e-02,1.273522e-01,2.084029e-03,3.107487e-02,9.329143e-02,4.681147e-03,1.477828e-01,5.775219e-02,1.244928e-02,1.800802e-02,7.686529e-02
1.678042e-01,2.710294e-01,5.216142e-03,6.007978e-03,3.578693e-02,9.988976e-02,1.666269e-03,2.567441e-02,9.576789e-02,5.453715e-03,1.089798e-01,5.159361e-02,1.450921e-02,1.958911e-02,9.103152e-02
1.729191e-01,3.129108e-01,4.601501e-03,8.402072e-03,3.887697e-02,7.945426e-02,1.425462e-03,2.208853e-02,1.018684e-01,5.433290e-03,7.985334e-02,4.186629e-02,1.579466e-02,2.027963e-02,9.422563e-02
1.718979e-01,3.543065e-01,6.048695e-03,1.391701e-02,3.033525e-02,7.047002e-02,1.326617e-03,2.083361e-02,9.030889e-02,5.357979e-03,6.184087e-02,4.657606e-02,1.588301e-02,2.412722e-02,8.677040e-02
1.704239e-01,4.294600e-01,5.004654e-03,1.177570e-02,2.177717e-02,6.161215e-02,1.114564e-03,1.685993e-02,7.278299e-02,4.259649e-03,4.730768e-02,4.185372e-02,1.693211e-02,1.987522e-02,7.896054e-02
1.911753e-01,4.503652e-01,4.060029e-03,9.686301e-03,1.549141e-02,5.343125e-02,9.773339e-04,1.269858e-02,6.203974e-02,3.886605e-03,3.958070e-02,4.685619e-02,1.632138e-02,2.028892e-02,7.314112e-02
1.638258e-01,4.028272e-01,3.819080e-03,1.047623e-02,1.120025e-02,9.118919e-02,1.010399e-03,9.246090e-03,6.174849e-02,4.239996e-03,3.471517e-02,1.049605e-01,1.617938e-02,1.960915e-02,6.495308e-02
1.877956e-01,3.690980e-01,3.290569e-03,9.052978e-03,8.271506e-03,8.429815e-02,1.093903e-03,7.115099e-03,6.453089e-02,4.759468e-03,3.507343e-02,1.297712e-01,1.559350e-02,2.201454e-02,5.824117e-02
1.423049e-01,2.647631e-01,3.368017e-03,7.903174e-03,6.828808e-03,1.092870e-01,9.770615e-04,5.144638e-03,7.760319e-02,4.072372e-03,3.063286e-02,2.619629e-01,2.468115e-02,1.654698e-02,4.392377e-02
1.071295e-01,1.877715e-01,2.889319e-03,5.882464e-03,5.028441e-03,8.690579e-02,7.820957e-04,3.665217e-03,5.940444e-02,3.619023e-03,2.472181e-02,4.342093e-01,3.358705e-02,1.292762e-02,3.147637e-02
8.061205e-02,1.347630e-01,3.096811e-03,4.367398e-03,4.504234e-03,6.239543e-02,7.224960e-04,2.661441e-03,5.924682e-02,3.737589e-03,2.101414e-02,5.417039e-01,4.806649e-02,9.700125e-03,2.340807e-02
6.422117e-02,9.572965e-02,2.757512e-03,4.153594e-03,4.443754e-03,4.781449e-02,6.811419e-04,2.059714e-03,5.333427e-02,6.753249e-03,1.806883e-02,6.347869e-01,3.958198e-02,8.404643e-03,1.720913e-02
6.006966e-02,6.830445e-02,2.613308e-03,3.530149e-03,4.597610e-03,3.583591e-02,7.005371e-04,1.768406e-03,4.702134e-02,1.548721e-02,1.867002e-02,6.822518e-01,3.861327e-02,7.295271e-03,1.324108e-02
4.461778e-02,4.823938e-02,2.138318e-03,2.657873e-03,4.217897e-03,2.574719e-02,5.889829e-04,1.627515e-03,4.307896e-02,1.920940e-02,1.765117e-02,7.311361e-01,4.418967e-02,5.298919e-03,9.600873e-03
3.175509e-02,3.610330e-02,2.108140e-03,1.935363e-03,3.575301e-03,1.814096e-02,4.226629e-04,1.280939e-03,8.595455e-02,1.778806e-02,1.478365e-02,7.346333e-01,4.081565e-02,3.808169e-03,6.894798e-03
2.257294e-02,3.347144e-02,4.255215e-03,1.432702e-03,4.184739e-03,1.283792e-02,3.094629e-04,1.098239e-03,2.204761e-01,1.588083e-02,1.168422e-02,6.289054e-01,3.519007e-02,2.696738e-03,5.003864e-03
1.665991e-02,3.704104e-02,1.091558e-02,1.281469e-03,5.359021e-03,9.224962e-03,2.567027e-04,1.449784e-03,4.174602e-01,1.241015e-02,8.487347e-03,4.484885e-01,2.547225e-02,1.904370e-03,3.588737e-03
1.260129e-02,4.913818e-02,2.074830e-02,1.219827e-03,9.357210e-03,6.664983e-03,2.494832e-04,1.835871e-03,5.425326e-01,9.667785e-03,6.105143e-03,3.176329e-01,1.834881e-02,1.338376e-03,2.559288e-03
1.242485e-02,8.348654e-02,6.666815e-02,2.082674e-03,3.041335e-02,5.128117e-03,4.647298e-04,3.284976e-03,5.439804e-01,8.677813e-03,4.326931e-03,2.227736e-01,1.311959e-02,9.459852e-04,2.222411e-03
2.030350e-02,8.631131e-02,1.131526e-01,9.832016e-03,6.939260e-02,6.164440e-03,1.777833e-03,4.454975e-03,5.061222e-01,8.368558e-03,3.254721e-03,1.564099e-01,9.498849e-03,7.103503e-04,4.246254e-03
4.169427e-02,8.491771e-02,1.075730e-01,1.232262e-02,1.336563e-01,1.108469e-02,6.845781e-03,5.159358e-03,4.636315e-01,8.549444e-03,2.546361e-03,1.096949e-01,6.918934e-03,5.541394e-04,4.851012e-03
7.962559e-02,7.211640e-02,8.922444e-02,1.351951e-02,2.575890e-01,1.794231e-02,1.908663e-02,7.395972e-03,3.460191e-01,7.498391e-03,2.097906e-03,7.705287e-02,5.318463e-03,5.653900e-04,4.948100e-03
9.407055e-02,6.148102e-02,7.043606e-02,1.329124e-02,3.832197e-01,1.778762e-02,2.126153e-02,7.346119e-03,2.585765e-01,6.664013e-03,1.848348e-03,5.412228e-02,4.216564e-03,5.761279e-04,5.102363e-03
1.006590e-01,6.696364e-02,5.281266e-02,2.917094e-02,4.441813e-01,2.039357e-02,1.713262e-02,2.504639e-02,1.867661e-01,5.267916e-03,2.044138e-03,3.851602e-02,4.390108e-03,7.624663e-04,5.893128e-03
1.031829e-01,8.609481e-02,4.444122e-02,2.522706e-02,4.550819e-01,2.678476e-02,1.449288e-02,3.326944e-02,1.593484e-01,6.097779e-03,2.565688e-03,2.864593e-02,4.068986e-03,1.636210e-03,9.062124e-03
1.127117e-01,7.945518e-02,4.785500e-02,2.136352e-02,4.726227e-01,3.551950e-02,1.240513e-02,2.902650e-02,1.351482e-01,7.016252e-03,6.060900e-03,2.279593e-02,3.858408e-03,2.234773e-03,1.192641e-02
1.745763e-01,7.590413e-02,4.185529e-02,2.840613e-02,3.730958e-01,8.243966e-02,9.227140e-03,2.196446e-02,9.995960e-02,9.972866e-03,1.580546e-02,2.594454e-02,4.418322e-03,3.774683e-03,3.265576e-02
2.053600e-01,9.406827e-02,3.272718e-02,2.860974e-02,2.717801e-01,1.518540e-01,7.078577e-03,1.738701e-02,7.304361e-02,9.376986e-03,3.725981e-02,3.049861e-02,4.428727e-03,3.918038e-03,3.260931e-02
3.195137e-01,9.891313e-02,2.785827e-02,2.646197e-02,2.094894e-01,1.257938e-01,5.687455e-03,1.513192e-02,6.190456e-02,8.906193e-03,3.662721e-02,2.614266e-02,5.206088e-03,5.629126e-03,2.673439e-02
4.584104e-01,7.260747e-02,2.191202e-02,2.427478e-02,1.588765e-01,9.356076e-02,4.994920e-03,1.592872e-02,5.247884e-02,7.116710e-03,3.079152e-02,2.613891e-02,6.349367e-03,5.641740e-03,2.091720e-02
1.000000e+00,0.000000e+00,0.000000e+00,0.000000e+00,0.000000e+00,0.000000e+00,0.000000e+00,0.000000e+00,0.000000e+00,0.000000e+00,0.000000e+00,0.000000e+00,0.000000e+00,0.000000e+00,0.000000e+00
1.000000e+00,0.000000e+00,0.000000e+00,0.000000e+00,0.000000e+00,0.000000e+00,0.000000e+00,0.000000e+00,0.000000e+00,0.000000e+00,0.000000e+00,0.000000e+00,0.000000e+00,0.000000e+00,0.000000e+00
1.000000e+00,0.000000e+00,0.000000e+00,0.000000e+00,0.000000e+00,0.000000e+00,0.000000e+00,0.000000e+00,0.000000e+00,0.000000e+00,0.000000e+00,0.000000e+00,0.000000e+00,0.000000e+00,0.000000e+00
1.000000e+00,0.000000e+00,0.000000e+00,0.000000e+00,0.000000e+00,0.000000e+00,0.000000e+00,0.000000e+00,0.000000e+00,0.000000e+00,0.000000e+00,0.000000e+00,0.000000e+00,0.000000e+00,0.000000e+00
1.000000e+00,0.000000e+00,0.000000e+00,0.000000e+00,0.000000e+00,0.000000e+00,0.000000e+00,0.000000e+00,0.000000e+00,0.000000e+00,0.000000e+00,0.000000e+00,0.000000e+00,0.000000e+00,0.000000e+00
1.000000e+00,0.000000e+00,0.000000e+00,0.000000e+00,0.000000e+00,0.000000e+00,0.000000e+00,0.000000e+00,0.000000e+00,0.000000e+00,0.000000e+00,0.000000e+00,0.000000e+00,0.000000e+00,0.000000e+00
1.000000e+00,0.000000e+00,0.000000e+00,0.000000e+00,0.000000e+00,0.000000e+00,0.000000e+00,0.000000e+00,0.000000e+00,0.000000e+00,0.000000e+00,0.000000e+00,0.000000e+00,0.000000e+00,0.000000e+00
1.000000e+00,0.000000e+00,0.000000e+00,0.000000e+00,0.000000e+00,0.000000e+00,0.000000e+00,0.000000e+00,0.000000e+00,0.000000e+00,0.000000e+00,0.000000e+00,0.000000e+00,0.000000e+00,0.000000e+00
4.585411e-01,1.568105e-02,8.136363e-03,2.489487e-02,1.451844e-02,1.548787e-01,3.303851e-03,7.384505e-03,7.817766e-03,3.144117e-03,1.911446e-01,7.593003e-02,8.857141e-03,6.077131e-03,1.969036e-02
3.911742e-01,1.325428e-02,7.749504e-03,1.976320e-02,1.194555e-02,1.451757e-01,2.863062e-03,5.560190e-03,6.899881e-03,4.088043e-03,2.414413e-01,1.156228e-01,6.501212e-03,6.336437e-03,2.162458e-02
3.264864e-01,1.149701e-02,6.467584e-03,1.531689e-02,8.989973e-03,1.342461e-01,2.988778e-03,4.249680e-03,5.503084e-03,3.590015e-03,2.938556e-01,1.568388e-01,4.851475e-03,5.551186e-03,1.956754e-02
2.717378e-01,1.347708e-02,5.964456e-03,1.337679e-02,8.011308e-03,1.140291e-01,2.946042e-03,3.475094e-03,4.703491e-03,3.056702e-03,3.792827e-01,1.524841e-01,4.046299e-03,4.786646e-03,1.862227e-02
2.144614e-01,1.651969e-02,5.996429e-03,1.167043e-02,8.115117e-03,9.446624e-02,2.938597e-03,2.831127e-03,4.875180e-03,2.806055e-03,3.763525e-01,2.308772e-01,3.231598e-03,4.328910e-03,2.052947e-02
1.589382e-01,1.919744e-02,9.134840e-03,9.192305e-03,9.053882e-03,7.442614e-02,3.056195e-03,2.706699e-03,4.643945e-03,3.457262e-03,3.408954e-01,3.358414e-01,2.580533e-03,4.198810e-03,2.267692e-02
1.303253e-01,2.666595e-02,1.542792e-02,8.647935e-03,2.030369e-02,7.443733e-02,5.825789e-03,6.629317e-03,6.122372e-03,3.111615e-03,2.995318e-01,3.769100e-01,2.779096e-03,3.741103e-03,1.954090e-02
1.103918e-01,2.875538e-02,2.024081e-02,7.229640e-03,2.449484e-02,7.363808e-02,8.347442e-03,1.142282e-02,6.117048e-03,3.543945e-03,2.470569e-01,4.343811e-01,2.192797e-03,3.661107e-03,1.852620e-02
8.449253e-02,3.758417e-02,6.084195e-02,5.222106e-03,2.660349e-02,5.398037e-02,7.820654e-03,1.100094e-02,1.247710e-02,1.818304e-02,2.334209e-01,4.221244e-01,1.582537e-03,3.452772e-03,2.121311e-02
6.302808e-02,3.372245e-02,7.803315e-02,4.011264e-03,2.359283e-02,4.608076e-02,6.658181e-03,1.352930e-02,1.427822e-02,3.136886e-02,2.842317e-01,3.751019e-01,1.154098e-03,3.467520e-03,2.174169e-02
4.714528e-02,2.896859e-02,6.616162e-02,3.372959e-03,1.962429e-02,3.466900e-02,5.384684e-03,2.445620e-02,2.487975e-02,3.944002e-02,4.031389e-01,2.793490e-01,9.675290e-04,4.009081e-03,1.843306e-02
3.807237e-02,2.477678e-02,6.961286e-02,3.657083e-03,2.870842e-02,2.904118e-02,5.930045e-03,1.364197e-01,3.066979e-02,4.381731e-02,3.646884e-01,2.047390e-01,1.538487e-03,3.679698e-03,1.464896e-02
3.526399e-02,1.916922e-02,9.230997e-02,5.536196e-03,4.404222e-02,2.699233e-02,4.929846e-03,2.239706e-01,3.521030e-02,4.633151e-02,2.992033e-01,1.496698e-01,1.941289e-03,3.272912e-03,1.215657e-02
3.972598e-02,1.948375e-02,1.143489e-01,2.341530e-02,9.900191e-02,2.899027e-02,3.981906e-03,2.228072e-01,3.466015e-02,4.533876e-02,2.438469e-01,1.076749e-01,2.096642e-03,3.961168e-03,1.066627e-02
4.471825e-02,1.777273e-02,1.234650e-01,4.404331e-02,1.216334e-01,3.104479e-02,3.144446e-03,2.475312e-01,3.019259e-02,4.493664e-02,1.981483e-01,7.697600e-02,2.027575e-03,3.827200e-03,1.053869e-02
6.071446e-02,1.795680e-02,1.093422e-01,8.589473e-02,1.068165e-01,4.066845e-02,2.509026e-03,2.216898e-01,3.478887e-02,4.568498e-02,1.959345e-01,5.718360e-02,2.610015e-03,5.167290e-03,1.303882e-02
1.178826e-01,1.682643e-02,9.114910e-02,1.095855e-01,9.159493e-02,3.433850e-02,2.374737e-03,2.221519e-01,3.234257e-02,3.550365e-02,1.828232e-01,4.352095e-02,2.606094e-03,6.293293e-03,1.100654e-02
1.366396e-01,1.418782e-02,7.117562e-02,1.152074e-01,7.980393e-02,2.866609e-02,2.111485e-03,2.807236e-01,3.157648e-02,2.759894e-02,1.615502e-01,3.228063e-02,2.306169e-03,7.439637e-03,8.732457e-03
1.288292e-01,1.124831e-02,5.499220e-02,9.373818e-02,7.656318e-02,2.156886e-02,2.291533e-03,4.027155e-01,2.657282e-02,1.993891e-02,1.223927e-01,2.321000e-02,2.075041e-03,7.004268e-03,6.859434e-03
1.207951e-01,8.457260e-03,4.212124e-02,7.365572e-02,6.326119e-02,1.659613e-02,2.809869e-03,5.184391e-01,2.107497e-02,1.413783e-02,8.895253e-02,1.678135e-02,1.967430e-03,5.780528e-03,5.169812e-03
1.151179e-01,6.286388e-03,3.155749e-02,5.457051e-02,4.821751e-02,1.419557e-02,3.069493e-03,6.150163e-01,1.603044e-02,9.960352e-03,6.292482e-02,1.210906e-02,1.808945e-03,5.164050e-03,3.971104e-03
1.031935e-01,5.130528e-03,2.395178e-02,3.954547e-02,3.993176e-02,1.266634e-02,2.897846e-03,6.902683e-01,1.238587e-02,7.008186e-03,4.462833e-02,8.972749e-03,1.985653e-03,4.162421e-03,3.271279e-03
9.285689e-02,4.302112e-03,1.806656e-02,2.917978e-02,3.172115e-02,1.112404e-02,2.905544e-03,7.490522e-01,9.485031e-03,4.939091e-03,3.160376e-02,6.596145e-03,1.920832e-03,3.475921e-03,2.770922e-03
7.881404e-02,3.635930e-03,1.412825e-02,2.221923e-02,3.449049e-02,9.456356e-03,3.049357e-03,7.890522e-01,7.322950e-03,3.512164e-03,2.237534e-02,5.076079e-03,2.030216e-03,2.592074e-03,2.245330e-03
7.361171e-02,3.037566e-03,1.124917e-02,1.752967e-02,3.430544e-02,9.283292e-03,3.298972e-03,8.135058e-01,5.664565e-03,2.538303e-03,1.590632e-02,4.041354e-03,2.122728e-03,2.002850e-03,1.902409e-03
7.483466e-02,2.521433e-03,9.524558e-03,1.517125e-02,3.572448e-02,7.870749e-03,3.339142e-03,8.249463e-01,4.372631e-03,1.882022e-03,1.134051e-02,3.317987e-03,2.018411e-03,1.541365e-03,1.594575e-03
6.224869e-02,1.823005e-03,6.989179e-03,1.126589e-02,2.802936e-02,6.864477e-03,2.873476e-03,8.611633e-01,3.137752e-03,1.330633e-03,7.998679e-03,2.395575e-03,1.546267e-03,1.115268e-03,1.218535e-03
4.926896e-02,1.311204e-03,5.052075e-03,8.306663e-03,2.197896e-02,5.576978e-03,2.249519e-03,8.929058e-01,2.222500e-03,9.390326e-04,5.625916e-03,1.704183e-03,1.150969e-03,7.958890e-04,9.113815e-04
5.778063e-02,1.084400e-03,3.741093e-03,6.333528e-03,1.915796e-02,5.924486e-03,1.769486e-03,8.916730e-01,2.283777e-03,7.267519e-04,4.353895e-03,1.582097e-03,1.547125e-03,6.614148e-04,1.380385e-03
8.794945e-02,1.854550e-03,3.225916e-03,1.108617e-02,1.820918e-02,5.727763e-03,1.430958e-03,8.473023e-01,7.976923e-03,1.074396e-03,4.469628e-03,3.958294e-03,2.932652e-03,8.315438e-04,1.970433e-03
1.118742e-01,2.192123e-03,5.345196e-03,1.360392e-02,1.704967e-02,6.208552e-03,1.404490e-03,8.030511e-01,9.746319e-03,2.040207e-03,5.493096e-03,9.222894e-03,6.625930e-03,1.205338e-03,4.936974e-03
1.611320e-01,3.066872e-03,4.317994e-03,1.291414e-02,1.419380e-02,1.626534e-02,1.889977e-03,6.067231e-01,1.399757e-02,1.753368e-03,7.704490e-03,2.843488e-02,1.127215e-01,2.429954e-03,1.245504e-02
1.531817e-01,3.077931e-03,4.108360e-03,1.461541e-02,1.218626e-02,2.466637e-02,2.504364e-03,4.513329e-01,1.387987e-02,1.395655e-03,1.095027e-02,6.298838e-02,2.288614e-01,2.139521e-03,1.411174e-02
2.107780e-01,3.604102e-03,3.546308e-03,1.602016e-02,1.286098e-02,2.201583e-02,2.344888e-03,3.210628e-01,2.211970e-02,1.667017e-03,1.707009e-02,8.617482e-02,2.641067e-01,3.750436e-03,1.287818e-02
2.514265e-01,3.300013e-03,2.779393e-03,1.726388e-02,1.019849e-02,2.032278e-02,1.920596e-03,2.262543e-01,3.232034e-02,2.365387e-03,1.993068e-02,1.307824e-01,2.667207e-01,3.349518e-03,1.106496e-02
2.146904e-01,4.957720e-03,2.216492e-03,1.386113e-02,1.120579e-02,1.474591e-02,1.599951e-03,1.591881e-01,9.467839e-02,2.743838e-03,1.702126e-02,1.160779e-01,3.334402e-01,2.623742e-03,1.094911e-02
1.667536e-01,6.178025e-03,6.360146e-03,1.348897e-02,1.400621e-02,1.105387e-02,1.544541e-03,1.244897e-01,1.032114e-01,7.070946e-03,1.633140e-02,1.006499e-01,4.167386e-01,2.395521e-03,9.727029e-03
1.587880e-01,9.118719e-03,9.412755e-03,1.542407e-02,1.370414e-02,9.727145e-03,1.473902e-03,9.588324e-02,1.184998e-01,1.619913e-02,1.566418e-02,1.017909e-01,4.240300e-01,2.600340e-03,7.683540e-03
1.253214e-01,9.089170e-03,9.552769e-03,1.810103e-02,1.305161e-02,1.412381e-02,1.534901e-03,6.920863e-02,1.176947e-01,2.550917e-02,3.796847e-02,1.279352e-01,4.204645e-01,3.466277e-03,6.978314e-03
1.458891e-01,9.435473e-03,1.093234e-02,1.713290e-02,1.166160e-02,2.600174e-02,2.629013e-03,5.403757e-02,1.053139e-01,2.918277e-02,5.400233e-02,1.706409e-01,3.513674e-01,5.331719e-03,6.441355e-03
1.522845e-01,2.941091e-02,2.851640e-02,3.924892e-02,1.225523e-02,3.447674e-02,2.339156e-03,4.074159e-02,1.317495e-01,2.259948e-02,5.790549e-02,1.824524e-01,2.508050e-01,7.119901e-03,8.094836e-03
1.362326e-01,2.162935e-02,2.408698e-02,3.572845e-02,9.844387e-03,3.962593e-02,1.955536e-03,3.000567e-02,1.004400e-01,1.715970e-02,7.820123e-02,3.090148e-01,1.812593e-01,8.116402e-03,6.699714e-03
1.937568e-01,1.641469e-02,2.155559e-02,3.376342e-02,9.056797e-03,4.425393e-02,2.198289e-03,2.293621e-02,7.346786e-02,1.266177e-02,7.906977e-02,3.478284e-01,1.291979e-01,8.063685e-03,5.774911e-03
2.003817e-01,1.213583e-02,1.602072e-02,2.775583e-02,9.866051e-03,3.784987e-02,1.948383e-03,1.814050e-02,6.254998e-02,9.756424e-03,6.922998e-02,4.291563e-01,9.323560e-02,7.538733e-03,4.434121e-03
2.187623e-01,9.410310e-03,1.168149e-02,2.277182e-02,1.054182e-02,3.026899e-02,1.657142e-03,1.345836e-02,5.399136e-02,9.468239e-03,6.522033e-02,4.759875e-01,6.683634e-02,5.969180e-03,3.974841e-03
2.155623e-01,7.436488e-03,8.408363e-03,1.648340e-02,1.145067e-02,2.403568e-02,1.555684e-03,1.104217e-02,4.358898e-02,8.534434e-03,6.718390e-02,5.265214e-01,4.950019e-02,5.529590e-03,3.166734e-03
1.700057e-01,5.709220e-03,6.061319e-03,1.179942e-02,9.623850e-03,1.819989e-02,1.190649e-03,8.241838e-03,3.357495e-02,7.802724e-03,8.792804e-02,5.972633e-01,3.546529e-02,4.658405e-03,2.475375e-03
1.401027e-01,4.713040e-03,4.408062e-03,8.680169e-03,1.011344e-02,1.445379e-02,1.043936e-03,6.312358e-03,2.917143e-02,8.022520e-03,9.993692e-02,6.414172e-01,2.597716e-02,3.701574e-03,1.945697e-03
1.169183e-01,4.635351e-03,3.378248e-03,6.356953e-03,9.022151e-03,1.297729e-02,8.672710e-04,4.560465e-03,2.500581e-02,1.420453e-02,1.069449e-01,6.705670e-01,1.896384e-02,3.339594e-03,2.258274e-03
9.808540e-02,4.400673e-03,2.675287e-03,4.905314e-03,8.326760e-03,2.105422e-02,7.759706e-04,3.544611e-03,2.274936e-02,2.418445e-02,1.089015e-01,6.802186e-01,1.421577e-02,3.243041e-03,2.719022e-03
8.492018e-02,3.831762e-03,2.205187e-03,3.896931e-03,8.117124e-03,1.859165e-02,6.755818e-04,3.244318e-03,2.248629e-02,2.625009e-02,9.554998e-02,7.143244e-01,1.076117e-02,2.717366e-03,2.428019e-03
7.274294e-02,3.358092e-03,1.793873e-03,3.501421e-03,1.254573e-02,1.384779e-02,5.527489e-04,2.827221e-03,5.359233e-02,3.137712e-02,7.303257e-02,7.182997e-01,8.183881e-03,2.233102e-03,2.111498e-03
6.671947e-02,2.774775e-03,1.545164e-03,3.551930e-03,2.550606e-02,1.200090e-02,8.406171e-04,2.851845e-03,7.668274e-02,2.712746e-02,5.332940e-02,7.168593e-01,6.503134e-03,1.771172e-03,1.936052e-03
6.230281e-02,2.275089e-03,1.488914e-03,3.884350e-03,4.964902e-02,9.575492e-03,1.569226e-03,3.127074e-03,8.509367e-02,2.918743e-02,4.024283e-02,7.026485e-01,5.933482e-03,1.441319e-03,1.580794e-03
7.287782e-02,2.164572e-03,2.136575e-03,6.679595e-03,8.109209e-02,9.506082e-03,2.689843e-03,5.414771e-03,9.404080e-02,4.676234e-02,3.175047e-02,6.359637e-01,6.089344e-03,1.361009e-03,1.471006e-03
1.012100e-01,2.671094e-03,7.275593e-03,1.067856e-02,1.485363e-01,1.048215e-02,5.313736e-03,2.900628e-02,8.908251e-02,7.125206e-02,2.369236e-02,4.922583e-01,5.748791e-03,1.347087e-03,1.445196e-03
8.111849e-02,2.373580e-03,5.892295e-03,9.185715e-03,2.289943e-01,8.063583e-03,5.258499e-03,4.196620e-02,8.321994e-02,6.351002e-02,1.992282e-02,4.424653e-01,5.700142e-03,1.168899e-03,1.160253e-03
7.876143e-02,3.250089e-03,5.613964e-03,9.305676e-03,2.919305e-01,7.176972e-03,6.544995e-03,4.819502e-02,8.671934e-02,5.243980e-02,1.754608e-02,3.841192e-01,6.173496e-03,1.020805e-03,1.202655e-03
9.800466e-02,8.001245e-03,1.129693e-02,8.109369e-03,3.058608e-01,6.925574e-03,5.202216e-03,6.428636e-02,8.294538e-02,5.707871e-02,2.250674e-02,3.211727e-01,5.764695e-03,1.584574e-03,1.260043e-03
8.939646e-02,7.519340e-03,2.413210e-02,7.021359e-03,2.801622e-01,6.461253e-03,3.882506e-03,1.461129e-01,7.446247e-02,4.702114e-02,1.936114e-02,2.857972e-01,5.832591e-03,1.703316e-03,1.134002e-03
8.283574e-02,9.081839e-03,3.594580e-02,6.571671e-03,3.005090e-01,5.436760e-03,2.937000e-03,1.425438e-01,9.703436e-02,3.807889e-02,2.182554e-02,2.472994e-01,6.071478e-03,2.600435e-03,1.228302e-03
7.198396e-02,1.611531e-02,3.204861e-02,5.474652e-03,2.721515e-01,5.992779e-03,2.311432e-03,1.322786e-01,1.991962e-01,3.129322e-02,3.475424e-02,1.836195e-01,5.037682e-03,6.535367e-03,1.207084e-03
7.025449e-02,1.996138e-02,5.757153e-02,7.661889e-03,2.349281e-01,6.572819e-03,1.867080e-03,1.747639e-01,2.065006e-01,2.532389e-02,3.417062e-02,1.474238e-01,4.328612e-03,7.145316e-03,1.526008e-03
5.413445e-02,1.629928e-02,5.602603e-02,1.301898e-02,2.449114e-01,6.627614e-03,1.628305e-03,1.777670e-01,2.558998e-01,1.843665e-02,3.107184e-02,1.142151e-01,3.257984e-03,5.533864e-03,1.171680e-03
4.476029e-02,2.071375e-02,5.577987e-02,1.540000e-02,2.418436e-01,7.670720e-03,1.600882e-03,1.467325e-01,3.134512e-01,1.432537e-02,4.413942e-02,8.145402e-02,2.400351e-03,8.035691e-03,1.692428e-03
3.956161e-02,1.911477e-02,9.340875e-02,1.606831e-02,2.527016e-01,6.121125e-03,2.035089e-03,1.408793e-01,3.115569e-01,1.249719e-02,3.699899e-02,5.738411e-02,1.784365e-03,8.280620e-03,1.607292e-03
4.188084e-02,2.930475e-02,1.917782e-01,2.485899e-02,2.031515e-01,5.006736e-03,2.214052e-03,1.183432e-01,2.901148e-01,1.214437e-02,2.729500e-02,4.103885e-02,1.847327e-03,7.109792e-03,3.911617e-03
4.606734e-02,3.591088e-02,3.092762e-01,2.165871e-02,1.691561e-01,5.277548e-03,2.350697e-03,1.118992e-01,2.261040e-01,9.827788e-03,2.021786e-02,2.896394e-02,1.605319e-03,7.775381e-03,3.909125e-03
5.221536e-02,3.285412e-02,4.453017e-01,2.036676e-02,1.287502e-01,5.180040e-03,1.811425e-03,8.555057e-02,1.676261e-01,1.227011e-02,1.502751e-02,2.075208e-02,1.625390e-03,6.126876e-03,4.541755e-03
7.067478e-02,8.788395e-02,4.136257e-01,2.094208e-02,1.110083e-01,7.961032e-03,1.758305e-03,8.588330e-02,1.450353e-01,1.232769e-02,1.256955e-02,1.558346e-02,2.891101e-03,5.713764e-03,6.141754e-03
7.947386e-02,1.123049e-01,3.967857e-01,4.346808e-02,9.055316e-02,8.566262e-03,1.700744e-03,7.011150e-02,1.203052e-01,1.480447e-02,1.520997e-02,1.367858e-02,2.896185e-03,5.340703e-03,2.480071e-02
6.647687e-02,8.128754e-02,4.216571e-01,1.514618e-01,6.886251e-02,6.939195e-03,1.727827e-03,5.818861e-02,8.555908e-02,1.075296e-02,1.156152e-02,9.902272e-03,2.265672e-03,3.790078e-03,1.956698e-02
7.031082e-02,6.924717e-02,4.864445e-01,1.415133e-01,5.035807e-02,6.317978e-03,1.420018e-03,4.134526e-02,6.525535e-02,1.060712e-02,1.750996e-02,1.079192e-02,1.911726e-03,4.642733e-03,2.232413e-02
5.642907e-02,5.692604e-02,3.778812e-01,1.636697e-01,3.662870e-02,5.853528e-03,1.249003e-03,2.967448e-02,5.089279e-02,8.405857e-03,1.413825e-01,3.158275e-02,5.554256e-03,1.094961e-02,2.292046e-02
5.477013e-02,5.006194e-02,2.841122e-01,1.574371e-01,2.730979e-02,7.542981e-03,1.145964e-03,2.165330e-02,4.240089e-02,7.697113e-03,2.353180e-01,5.858154e-02,9.042691e-03,2.221885e-02,2.070757e-02
6.797526e-02,3.652261e-02,2.029520e-01,1.226612e-01,1.997975e-02,9.658325e-03,1.075943e-03,1.576677e-02,3.251430e-02,9.274207e-03,3.472845e-01,8.048926e-02,8.108094e-03,2.985627e-02,1.588145e-02
8.532326e-02,2.767740e-02,1.501904e-01,8.747543e-02,1.453633e-02,1.020030e-02,9.616978e-04,1.378967e-02,2.525924e-02,8.032479e-03,4.323234e-01,9.330953e-02,7.289725e-03,3.210341e-02,1.152768e-02
7.302738e-02,2.060817e-02,1.064180e-01,6.232185e-02,1.055865e-02,9.048522e-03,7.929803e-04,9.987906e-03,1.997947e-02,6.794653e-03,5.112907e-01,1.233120e-01,6.085918e-03,3.120741e-02,8.566343e-03
7.020015e-02,1.561591e-02,7.667361e-02,4.531507e-02,7.905796e-03,8.852564e-03,7.714287e-04,8.788113e-03,1.588504e-02,6.817733e-03,5.573803e-01,1.449579e-01,5.461960e-03,2.896610e-02,6.408277e-03
6.209692e-02,1.168806e-02,5.397247e-02,3.308320e-02,6.021461e-03,8.126796e-03,8.688917e-04,6.868605e-03,1.479826e-02,6.969702e-03,6.239219e-01,1.368754e-01,4.324665e-03,2.560917e-02,4.774436e-03
6.469268e-02,1.388618e-02,3.832141e-02,2.432053e-02,6.264672e-03,6.753275e-03,1.239907e-03,5.865738e-03,2.597552e-02,6.333065e-03,6.624291e-01,1.150682e-01,3.685963e-03,2.097834e-02,4.185397e-03
5.700858e-02,1.327735e-02,2.736993e-02,1.750143e-02,5.181830e-03,6.593526e-03,1.415299e-03,6.255211e-03,2.491484e-02,5.284193e-03,7.205232e-01,8.972539e-02,3.111086e-03,1.846852e-02,3.369545e-03
6.010160e-02,1.126881e-02,1.966834e-02,1.280938e-02,4.365815e-03,6.867158e-03,1.453132e-03,6.359174e-03,2.207498e-02,4.720326e-03,7.450542e-01,8.175296e-02,2.705610e-03,1.816233e-02,2.636194e-03
6.637505e-02,1.645425e-02,1.568614e-02,1.227483e-02,5.316787e-03,7.158834e-03,1.730686e-03,1.208982e-02,2.655434e-02,5.402671e-03,7.067596e-01,8.410149e-02,2.383563e-03,3.391863e-02,3.793245e-03
9.522375e-02,2.295754e-02,1.745323e-02,1.278815e-02,8.970489e-03,1.136859e-02,2.588289e-03,1.603157e-02,3.416085e-02,8.821717e-03,6.161583e-01,8.407410e-02,2.364089e-03,6.154728e-02,5.491955e-03
1.368317e-01,1.935701e-02,1.440129e-02,1.095860e-02,1.713198e-02,1.351561e-02,2.560946e-03,1.565527e-02,4.415723e-02,7.696298e-03,5.739914e-01,7.097451e-02,2.621217e-03,6.529926e-02,4.847525e-03
1.584532e-01,1.701700e-02,1.222092e-02,9.238508e-03,1.801278e-02,1.155159e-02,2.139199e-03,1.815359e-02,3.850608e-02,6.353316e-03,5.781072e-01,6.904390e-02,2.903897e-03,5.432355e-02,3.975199e-03
1.477335e-01,1.475794e-02,3.816764e-02,1.208598e-02,2.027737e-02,9.999443e-03,2.181296e-03,3.180739e-02,3.986690e-02,6.346848e-03,5.600289e-01,6.876767e-02,3.013148e-03,4.143031e-02,3.535599e-03
1.523189e-01,1.742964e-02,3.686997e-02,1.182489e-02,3.158070e-02,1.057518e-02,2.981773e-03,3.182212e-02,3.876786e-02,5.495676e-03,5.655748e-01,5.627928e-02,3.724565e-03,3.071421e-02,4.040526e-03
1.310545e-01,1.599837e-02,3.119540e-02,9.697436e-03,1.392386e-01,1.370532e-02,1.081180e-02,3.051704e-02,9.581587e-02,4.623126e-03,4.444789e-01,4.229832e-02,3.195860e-03,2.412761e-02,3.241860e-03
1.064277e-01,1.301824e-02,3.218490e-02,1.086766e-02,1.986828e-01,1.361826e-02,1.407851e-02,6.079623e-02,1.487111e-01,3.934810e-03,3.429456e-01,3.144538e-02,2.715089e-03,1.785808e-02,2.715666e-03
9.119428e-02,1.616215e-02,2.751444e-02,1.018392e-02,1.928361e-01,1.244142e-02,1.080453e-02,1.539393e-01,1.504335e-01,3.121027e-03,2.887847e-01,2.328158e-02,2.849293e-03,1.373366e-02,2.720124e-03
9.942526e-02,1.626192e-02,2.368128e-02,1.222270e-02,1.872304e-01,1.487868e-02,8.997045e-03,1.626486e-01,2.052586e-01,2.523548e-03,2.274022e-01,1.896751e-02,4.004429e-03,1.306956e-02,3.428418e-03
9.365699e-02,1.523057e-02,1.882923e-02,1.145451e-02,2.302665e-01,2.420043e-02,7.744803e-03,1.268257e-01,2.487525e-01,2.779300e-03,1.802744e-01,1.812284e-02,8.252194e-03,1.061407e-02,2.996010e-03
9.560540e-02,1.429634e-02,1.456643e-02,1.030724e-02,2.101889e-01,2.680085e-02,2.611129e-02,1.251891e-01,2.483750e-01,3.419344e-03,1.514520e-01,2.660007e-02,3.513470e-02,8.945159e-03,3.008164e-03
