1.000000e+00,0.000000e+00,0.000000e+00,0.000000e+00,0.000000e+00,0.000000e+00,0.000000e+00,0.000000e+00,0.000000e+00,0.000000e+00,0.000000e+00,0.000000e+00,0.000000e+00,0.000000e+00,0.000000e+00
1.000000e+00,0.000000e+00,0.000000e+00,0.000000e+00,0.000000e+00,0.000000e+00,0.000000e+00,0.000000e+00,0.000000e+00,0.000000e+00,0.000000e+00,0.000000e+00,0.000000e+00,0.000000e+00,0.000000e+00
1.000000e+00,0.000000e+00,0.000000e+00,0.000000e+00,0.000000e+00,0.000000e+00,0.000000e+00,0.000000e+00,0.000000e+00,0.000000e+00,0.000000e+00,0.000000e+00,0.000000e+00,0.000000e+00,0.000000e+00
1.000000e+00,0.000000e+00,0.000000e+00,0.000000e+00,0.000000e+00,0.000000e+00,0.000000e+00,0.000000e+00,0.000000e+00,0.000000e+00,0.000000e+00,0.000000e+00,0.000000e+00,0.000000e+00,0.000000e+00
1.000000e+00,0.000000e+00,0.000000e+00,0.000000e+00,0.000000e+00,0.000000e+00,0.000000e+00,0.000000e+00,0.000000e+00,0.000000e+00,0.000000e+00,0.000000e+00,0.000000e+00,0.000000e+00,0.000000e+00
1.000000e+00,0.000000e+00,0.000000e+00,0.000000e+00,0.000000e+00,0.000000e+00,0.000000e+00,0.000000e+00,0.000000e+00,0.000000e+00,0.000000e+00,0.000000e+00,0.000000e+00,0.000000e+00,0.000000e+00
1.000000e+00,0.000000e+00,0.000000e+00,0.000000e+00,0.000000e+00,0.000000e+00,0.000000e+00,0.000000e+00,0.000000e+00,0.000000e+00,0.000000e+00,0.000000e+00,0.000000e+00,0.000000e+00,0.000000e+00
1.000000e+00,0.000000e+00,0.000000e+00,0.000000e+00,0.000000e+00,0.000000e+00,0.000000e+00,0.000000e+00,0.000000e+00,0.000000e+00,0.000000e+00,0.000000e+00,0.000000e+00,0.000000e+00,0.000000e+00
1.000000e+00,0.000000e+00,0.000000e+00,0.000000e+00,0.000000e+00,0.000000e+00,0.000000e+00,0.000000e+00,0.000000e+00,0.000000e+00,0.000000e+00,0.000000e+00,0.000000e+00,0.000000e+00,0.000000e+00
1.000000e+00,0.000000e+00,0.000000e+00,0.000000e+00,0.000000e+00,0.000000e+00,0.000000e+00,0.000000e+00,0.000000e+00,0.000000e+00,0.000000e+00,0.000000e+00,0.000000e+00,0.000000e+00,0.000000e+00
1.000000e+00,0.000000e+00,0.000000e+00,0.000000e+00,0.000000e+00,0.000000e+00,0.000000e+00,0.000000e+00,0.000000e+00,0.000000e+00,0.000000e+00,0.000000e+00,0.000000e+00,0.000000e+00,0.000000e+00
1.000000e+00,0.000000e+00,0.000000e+00,0.000000e+00,0.000000e+00,0.000000e+00,0.000000e+00,0.000000e+00,0.000000e+00,0.000000e+00,0.000000e+00,0.000000e+00,0.000000e+00,0.000000e+00,0.000000e+00
1.000000e+00,0.000000e+00,0.000000e+00,0.000000e+00,0.000000e+00,0.000000e+00,0.000000e+00,0.000000e+00,0.000000e+00,0.000000e+00,0.000000e+00,0.000000e+00,0.000000e+00,0.000000e+00,0.000000e+00
1.000000e+00,0.000000e+00,0.000000e+00,0.000000e+00,0.000000e+00,0.000000e+00,0.000000e+00,0.000000e+00,0.000000e+00,0.000000e+00,0.000000e+00,0.000000e+00,0.000000e+00,0.000000e+00,0.000000e+00
1.000000e+00,0.000000e+00,0.000000e+00,0.000000e+00,0.000000e+00,0.000000e+00,0.000000e+00,0.000000e+00,0.000000e+00,0.000000e+00,0.000000e+00,0.000000e+00,0.000000e+00,0.000000e+00,0.000000e+00
1.000000e+00,0.000000e+00,0.000000e+00,0.000000e+00,0.000000e+00,0.000000e+00,0.000000e+00,0.000000e+00,0.000000e+00,0.000000e+00,0.000000e+00,0.000000e+00,0.000000e+00,0.000000e+00,0.000000e+00
1.000000e+00,0.000000e+00,0.000000e+00,0.000000e+00,0.000000e+00,0.000000e+00,0.000000e+00,0.000000e+00,0.000000e+00,0.000000e+00,0.000000e+00,0.000000e+00,0.000000e+00,0.000000e+00,0.000000e+00
1.000000e+00,0.000000e+00,0.000000e+00,0.000000e+00,0.000000e+00,0.000000e+00,0.000000e+00,0.000000e+00,0.000000e+00,0.000000e+00,0.000000e+00,0.000000e+00,0.000000e+00,0.000000e+00,0.000000e+00
1.000000e+00,0.000000e+00,0.000000e+00,0.000000e+00,0.000000e+00,0.000000e+00,0.000000e+00,0.000000e+00,0.000000e+00,0.000000e+00,0.000000e+00,0.000000e+00,0.000000e+00,0.000000e+00,0.000000e+00
4.970891e-01,6.795909e-02,3.075227e-02,9.489416e-02,1.650608e-02,2.281459e-02,6.006637e-03,1.456700e-02,2.169929e-02,7.443254e-03,2.115505e-02,4.163865e-02,3.227867e-02,1.560147e-02,1.095947e-01
1.000000e+00,0.000000e+00,0.000000e+00,0.000000e+00,0.000000e+00,0.000000e+00,0.000000e+00,0.000000e+00,0.000000e+00,0.000000e+00,0.000000e+00,0.000000e+00,0.000000e+00,0.000000e+00,0.000000e+00
1.000000e+00,0.000000e+00,0.000000e+00,0.000000e+00,0.000000e+00,0.000000e+00,0.000000e+00,0.000000e+00,0.000000e+00,0.000000e+00,0.000000e+00,0.000000e+00,0.000000e+00,0.000000e+00,0.000000e+00
1.000000e+00,0.000000e+00,0.000000e+00,0.000000e+00,0.000000e+00,0.000000e+00,0.000000e+00,0.000000e+00,0.000000e+00,0.000000e+00,0.000000e+00,0.000000e+00,0.000000e+00,0.000000e+00,0.000000e+00
1.000000e+00,0.000000e+00,0.000000e+00,0.000000e+00,0.000000e+00,0.000000e+00,0.000000e+00,0.000000e+00,0.000000e+00,0.000000e+00,0.000000e+00,0.000000e+00,0.000000e+00,0.000000e+00,0.000000e+00
1.000000e+00,0.000000e+00,0.000000e+00,0.000000e+00,0.000000e+00,0.000000e+00,0.000000e+00,0.000000e+00,0.000000e+00,0.000000e+00,0.000000e+00,0.000000e+00,0.000000e+00,0.000000e+00,0.000000e+00
1.000000e+00,0.000000e+00,0.000000e+00,0.000000e+00,0.000000e+00,0.000000e+00,0.000000e+00,0.000000e+00,0.000000e+00,0.000000e+00,0.000000e+00,0.000000e+00,0.000000e+00,0.000000e+00,0.000000e+00
1.000000e+00,0.000000e+00,0.000000e+00,0.000000e+00,0.000000e+00,0.000000e+00,0.000000e+00,0.000000e+00,0.000000e+00,0.000000e+00,0.000000e+00,0.000000e+00,0.000000e+00,0.000000e+00,0.000000e+00
1.000000e+00,0.000000e+00,0.000000e+00,0.000000e+00,0.000000e+00,0.000000e+00,0.000000e+00,0.000000e+00,0.000000e+00,0.000000e+00,0.000000e+00,0.000000e+00,0.000000e+00,0.000000e+00,0.000000e+00
1.000000e+00,0.000000e+00,0.000000e+00,0.000000e+00,0.000000e+00,0.000000e+00,0.000000e+00,0.000000e+00,0.000000e+00,0.000000e+00,0.000000e+00,0.000000e+00,0.000000e+00,0.000000e+00,0.000000e+00
1.000000e+00,0.000000e+00,0.000000e+00,0.000000e+00,0.000000e+00,0.000000e+00,0.000000e+00,0.000000e+00,0.000000e+00,0.000000e+00,0.000000e+00,0.000000e+00,0.000000e+00,0.000000e+00,0.000000e+00
1.000000e+00,0.000000e+00,0.000000e+00,0.000000e+00,0.000000e+00,0.000000e+00,0.000000e+00,0.000000e+00,0.000000e+00,0.000000e+00,0.000000e+00,0.000000e+00,0.000000e+00,0.000000e+00,0.000000e+00
1.000000e+00,0.000000e+00,0.000000e+00,0.000000e+00,0.000000e+00,0.000000e+00,0.000000e+00,0.000000e+00,0.000000e+00,0.000000e+00,0.000000e+00,0.000000e+00,0.000000e+00,0.000000e+00,0.000000e+00
1.000000e+00,0.000000e+00,0.000000e+00,0.000000e+00,0.000000e+00,0.000000e+00,0.000000e+00,0.000000e+00,0.000000e+00,0.000000e+00,0.000000e+00,0.000000e+00,0.000000e+00,0.000000e+00,0.000000e+00
1.000000e+00,0.000000e+00,0.000000e+00,0.000000e+00,0.000000e+00,0.000000e+00,0.000000e+00,0.000000e+00,0.000000e+00,0.000000e+00,0.000000e+00,0.000000e+00,0.000000e+00,0.000000e+00,0.000000e+00
1.000000e+00,0.000000e+00,0.000000e+00,0.000000e+00,0.000000e+00,0.000000e+00,0.000000e+00,0.000000e+00,0.000000e+00,0.000000e+00,0.000000e+00,0.000000e+00,0.000000e+00,0.000000e+00,0.000000e+00
1.000000e+00,0.000000e+00,0.000000e+00,0.000000e+00,0.000000e+00,0.000000e+00,0.000000e+00,0.000000e+00,0.000000e+00,0.000000e+00,0.000000e+00,0.000000e+00,0.000000e+00,0.000000e+00,0.000000e+00
1.000000e+00,0.000000e+00,0.000000e+00,0.000000e+00,0.000000e+00,0.000000e+00,0.000000e+00,0.000000e+00,0.000000e+00,0.000000e+00,0.000000e+00,0.000000e+00,0.000000e+00,0.000000e+00,0.000000e+00
1.000000e+00,0.000000e+00,0.000000e+00,0.000000e+00,0.000000e+00,0.000000e+00,0.000000e+00,0.000000e+00,0.000000e+00,0.000000e+00,0.000000e+00,0.000000e+00,0.000000e+00,0.000000e+00,0.000000e+00
1.000000e+00,0.000000e+00,0.000000e+00,0.000000e+00,0.000000e+00,0.000000e+00,0.000000e+00,0.000000e+00,0.000000e+00,0.000000e+00,0.000000e+00,0.000000e+00,0.000000e+00,0.000000e+00,0.000000e+00
1.000000e+00,0.000000e+00,0.000000e+00,0.000000e+00,0.000000e+00,0.000000e+00,0.000000e+00,0.000000e+00,0.000000e+00,0.000000e+00,0.000000e+00,0.000000e+00,0.000000e+00,0.000000e+00,0.000000e+00
1.000000e+00,0.000000e+00,0.000000e+00,0.000000e+00,0.000000e+00,0.000000e+00,0.000000e+00,0.000000e+00,0.000000e+00,0.000000e+00,0.000000e+00,0.000000e+00,0.000000e+00,0.000000e+00,0.000000e+00
1.000000e+00,0.000000e+00,0.000000e+00,0.000000e+00,0.000000e+00,0.000000e+00,0.000000e+00,0.000000e+00,0.000000e+00,0.000000e+00,0.000000e+00,0.000000e+00,0.000000e+00,0.000000e+00,0.000000e+00
1.000000e+00,0.000000e+00,0.000000e+00,0.000000e+00,0.000000e+00,0.000000e+00,0.000000e+00,0.000000e+00,0.000000e+00,0.000000e+00,0.000000e+00,0.000000e+00,0.000000e+00,0.000000e+00,0.000000e+00
3.809639e-01,3.487875e-02,6.345274e-03,6.270353e-02,8.666914e-03,3.229653e-02,9.523774e-03,8.042128e-02,1.007391e-01,1.310817e-02,6.898178e-03,2.737810e-02,5.238870e-02,2.841337e-03,1.808465e-01
3.246414e-01,6.196944e-02,4.888881e-03,5.969967e-02,6.897667e-03,3.945343e-02,8.277036e-03,5.658862e-02,1.699884e-01,1.201866e-02,5.516031e-03,2.039717e-02,8.385192e-02,2.168330e-03,1.436433e-01
3.050407e-01,1.006636e-01,4.236799e-03,6.957442e-02,6.202646e-03,3.693317e-02,6.751784e-03,4.009918e-02,2.124432e-01,1.147024e-02,5.355027e-03,1.784416e-02,6.648432e-02,1.932115e-03,1.149687e-01
2.365250e-01,1.727631e-01,3.966459e-03,8.292854e-02,4.765903e-03,2.994312e-02,5.083630e-03,2.838012e-02,2.456430e-01,1.386650e-02,5.707020e-03,1.720053e-02,5.211353e-02,2.036077e-03,9.907756e-02
2.963973e-01,1.533993e-01,4.280675e-03,7.996206e-02,6.530711e-03,2.649146e-02,5.214910e-03,2.065322e-02,2.235075e-01,1.096382e-02,6.358604e-03,1.478301e-02,4.672137e-02,3.033569e-03,1.017025e-01
3.532431e-01,1.217696e-01,4.296107e-03,8.848879e-02,8.382158e-03,2.362168e-02,5.597358e-03,1.748010e-02,2.098593e-01,9.001691e-03,9.736724e-03,1.611199e-02,3.995482e-02,4.403173e-03,8.805347e-02
4.268337e-01,9.859917e-02,5.722267e-03,8.313144e-02,6.566069e-03,2.105774e-02,4.236651e-03,1.273043e-02,1.571104e-01,9.928296e-03,1.231566e-02,2.647744e-02,3.283671e-02,5.996503e-03,9.645750e-02
4.889743e-01,7.418869e-02,5.137718e-03,7.136796e-02,7.651480e-03,2.523152e-02,3.548154e-03,1.088606e-02,1.221230e-01,7.424046e-03,1.503653e-02,2.130659e-02,6.585304e-02,5.661510e-03,7.560939e-02
1.000000e+00,0.000000e+00,0.000000e+00,0.000000e+00,0.000000e+00,0.000000e+00,0.000000e+00,0.000000e+00,0.000000e+00,0.000000e+00,0.000000e+00,0.000000e+00,0.000000e+00,0.000000e+00,0.000000e+00
4.726217e-01,4.611700e-02,9.560529e-03,6.200388e-02,9.103712e-03,3.944633e-02,3.489780e-03,1.151764e-02,7.837810e-02,5.357140e-03,2.086587e-02,2.629549e-02,1.167158e-01,1.126945e-02,8.725760e-02
4.020039e-01,3.633569e-02,7.455747e-03,4.893120e-02,1.063463e-02,3.200236e-02,2.964462e-03,9.941380e-03,6.309404e-02,4.120543e-03,1.833807e-02,2.323121e-02,2.496292e-01,1.103863e-02,8.027885e-02
3.736064e-01,3.333327e-02,7.615448e-03,5.294324e-02,1.669515e-02,3.000350e-02,4.185505e-03,1.219362e-02,8.055598e-02,3.560789e-03,2.300019e-02,2.519312e-02,2.496448e-01,1.205424e-02,7.541478e-02
2.894290e-01,2.847781e-02,9.860199e-03,6.452410e-02,1.558940e-02,2.697208e-02,3.549585e-03,1.261659e-02,7.562043e-02,4.015087e-03,2.945003e-02,3.630746e-02,2.728978e-01,1.836937e-02,1.123211e-01
2.224111e-01,2.578035e-02,7.924846e-03,5.088693e-02,1.754988e-02,2.125855e-02,3.191147e-03,1.114355e-02,7.249688e-02,3.139020e-03,2.525801e-02,2.942939e-02,3.926223e-01,1.656275e-02,1.003454e-01
2.262536e-01,2.463504e-02,2.673308e-02,5.243338e-02,1.650104e-02,2.630280e-02,3.523196e-03,1.481466e-02,5.998955e-02,3.359918e-03,2.248753e-02,2.962607e-02,3.877839e-01,1.651738e-02,8.903888e-02
2.329248e-01,2.628939e-02,3.168566e-02,4.457760e-02,1.476695e-02,2.597273e-02,4.597202e-03,2.641487e-02,5.381551e-02,3.516243e-03,2.184077e-02,2.946219e-02,3.740886e-01,2.004375e-02,9.000374e-02
3.267844e-01,2.567979e-02,2.610544e-02,3.934906e-02,2.081325e-02,2.367930e-02,4.975284e-03,2.109684e-02,4.916964e-02,3.459918e-03,1.948907e-02,2.965464e-02,2.874206e-01,1.960766e-02,1.027151e-01
4.121872e-01,2.020998e-02,1.931286e-02,2.990445e-02,2.182756e-02,1.965255e-02,4.919019e-03,6.344447e-02,4.165419e-02,2.747689e-03,1.628398e-02,2.470027e-02,2.284934e-01,1.479474e-02,7.986758e-02
4.586254e-01,1.738805e-02,1.573481e-02,2.374724e-02,2.036148e-02,1.835251e-02,4.933084e-03,8.989272e-02,3.718141e-02,2.628110e-03,1.437144e-02,2.338964e-02,1.874682e-01,1.272675e-02,7.319906e-02
4.922370e-01,1.775044e-02,1.420500e-02,2.251923e-02,2.304176e-02,2.128270e-02,6.291236e-03,8.610728e-02,4.257233e-02,3.488507e-03,1.312648e-02,2.501296e-02,1.441020e-01,1.256273e-02,7.570025e-02
4.486529e-01,1.862807e-02,1.680247e-02,1.943596e-02,4.030237e-02,2.484808e-02,1.182824e-02,1.454863e-01,4.435821e-02,3.005156e-03,1.083431e-02,2.139466e-02,1.232364e-01,1.029373e-02,6.089314e-02
3.976739e-01,1.975714e-02,1.412286e-02,1.570175e-02,8.331463e-02,2.438249e-02,1.213059e-02,1.744777e-01,5.830128e-02,2.635287e-03,8.979598e-03,1.788917e-02,1.182355e-01,7.897647e-03,4.450043e-02
2.934416e-01,1.511084e-02,1.102508e-02,1.126088e-02,7.898252e-02,1.979879e-02,9.720455e-03,3.619054e-01,5.001191e-02,1.988043e-03,6.412521e-03,1.298737e-02,9.044579e-02,5.587532e-03,3.132127e-02
2.683699e-01,1.287056e-02,8.922610e-03,8.470124e-03,7.842420e-02,1.692171e-02,8.385075e-03,4.275211e-01,4.982815e-02,1.799294e-03,4.847950e-03,1.016893e-02,7.666645e-02,4.089633e-03,2.271420e-02
2.170943e-01,1.298117e-02,7.762448e-03,6.460144e-03,8.039082e-02,1.292748e-02,7.009667e-03,5.115975e-01,5.399885e-02,1.700360e-03,3.518966e-03,7.756093e-03,5.749740e-02,2.971551e-03,1.633317e-02
1.818568e-01,1.338818e-02,6.598678e-03,5.122238e-03,6.908164e-02,1.014202e-02,5.833461e-03,5.855216e-01,5.419310e-02,1.392756e-03,2.580156e-03,6.153070e-03,4.402267e-02,2.174484e-03,1.193909e-02
1.618838e-01,1.049311e-02,5.153692e-03,4.225072e-03,5.363143e-02,9.051381e-03,5.437749e-03,6.543118e-01,4.277996e-02,1.055172e-03,1.995170e-03,5.290336e-03,3.413368e-02,1.598150e-03,8.959553e-03
1.425395e-01,8.535386e-03,4.683340e-03,3.981011e-03,4.204989e-02,7.380999e-03,5.271128e-03,7.127728e-01,3.232829e-02,8.121582e-04,1.547783e-03,4.325684e-03,2.562521e-02,1.195881e-03,6.950951e-03
1.307942e-01,7.524375e-03,4.062633e-03,3.360427e-03,3.234963e-02,6.113836e-03,4.569823e-03,7.560109e-01,2.460460e-02,6.379146e-04,1.287382e-03,3.579421e-03,1.864633e-02,9.242640e-04,5.534260e-03
1.320799e-01,6.402211e-03,3.628782e-03,3.141112e-03,2.445763e-02,5.812388e-03,4.302619e-03,7.766449e-01,1.874560e-02,5.137547e-04,1.321485e-03,3.424788e-03,1.417251e-02,7.401785e-04,4.612261e-03
1.413656e-01,5.513241e-03,3.470649e-03,3.107483e-03,1.834648e-02,7.190092e-03,4.278281e-03,7.799574e-01,1.452571e-02,4.936275e-04,1.501149e-03,4.449617e-03,1.073899e-02,7.025740e-04,4.359141e-03
1.235156e-01,4.043151e-03,3.049924e-03,2.910575e-03,1.322246e-02,5.917535e-03,3.587529e-03,8.163130e-01,1.047619e-02,3.814291e-04,1.235876e-03,3.706490e-03,7.835421e-03,5.310012e-04,3.273839e-03
1.399741e-01,3.259065e-03,3.202445e-03,3.804496e-03,1.023307e-02,5.438573e-03,3.457807e-03,8.077137e-01,7.761624e-03,4.009189e-04,1.247028e-03,4.020080e-03,6.083218e-03,5.127129e-04,2.891263e-03
1.662076e-01,2.710952e-03,4.143577e-03,4.501326e-03,8.490997e-03,5.183477e-03,4.166805e-03,7.845296e-01,5.840862e-03,4.293127e-04,1.215574e-03,4.415499e-03,4.958762e-03,5.091878e-04,2.696542e-03
1.927149e-01,2.251735e-03,4.680682e-03,4.844707e-03,7.290788e-03,5.435114e-03,4.357805e-03,7.586646e-01,4.388374e-03,7.635353e-04,1.500159e-03,5.197246e-03,4.495565e-03,6.110003e-04,2.803808e-03
2.153350e-01,1.894184e-03,4.637936e-03,4.280993e-03,6.677963e-03,5.935526e-03,4.760705e-03,7.362746e-01,3.343209e-03,8.396611e-04,1.659838e-03,6.467844e-03,4.368998e-03,6.507867e-04,2.872725e-03
1.983392e-01,1.465796e-03,4.005806e-03,3.591720e-03,6.394989e-03,4.953597e-03,4.287160e-03,7.601190e-01,2.457789e-03,6.846567e-04,1.359907e-03,5.842708e-03,3.665493e-03,5.179955e-04,2.314173e-03
2.177079e-01,1.289034e-03,3.392938e-03,3.091312e-03,6.626219e-03,5.092978e-03,3.826181e-03,7.415394e-01,2.028140e-03,6.093666e-04,1.295056e-03,6.877827e-03,3.854672e-03,4.859702e-04,2.282999e-03
2.037963e-01,1.051073e-03,2.790182e-03,2.616801e-03,6.645781e-03,4.416405e-03,3.235925e-03,7.602150e-01,1.564958e-03,5.027141e-04,1.123426e-03,6.161542e-03,3.477817e-03,4.242826e-04,1.977806e-03
2.154409e-01,9.232244e-04,2.833191e-03,2.526716e-03,6.588042e-03,4.262638e-03,3.057281e-03,7.492220e-01,1.245798e-03,4.300152e-04,1.111420e-03,6.472187e-03,3.510632e-03,4.267839e-04,1.949165e-03
2.491568e-01,9.335755e-04,3.511584e-03,2.695680e-03,6.591000e-03,4.729755e-03,3.328356e-03,7.121294e-01,1.119405e-03,4.472244e-04,1.215877e-03,7.581339e-03,3.762599e-03,5.002961e-04,2.297163e-03
2.748896e-01,9.610133e-04,3.690437e-03,2.885865e-03,6.362729e-03,5.007377e-03,3.304431e-03,6.853980e-01,1.088060e-03,4.286266e-04,1.286768e-03,8.039957e-03,3.554435e-03,5.420768e-04,2.560574e-03
3.077585e-01,1.360258e-03,5.857183e-03,4.439945e-03,6.073064e-03,7.989330e-03,3.657727e-03,6.410363e-01,1.251494e-03,4.860106e-04,1.671372e-03,1.063852e-02,3.822541e-03,6.270490e-04,3.330739e-03
2.918324e-01,1.226970e-03,6.629170e-03,4.521379e-03,5.557085e-03,1.056699e-02,3.730640e-03,6.543683e-01,1.070247e-03,5.154038e-04,1.557834e-03,1.071031e-02,3.777845e-03,5.600697e-04,3.375275e-03
3.017340e-01,1.111605e-03,6.522768e-03,4.028523e-03,5.374139e-03,1.184344e-02,4.041996e-03,6.431123e-01,9.616427e-04,1.207446e-03,1.435966e-03,1.065754e-02,3.958174e-03,5.253018e-04,3.485070e-03
2.385092e-01,9.285291e-04,5.712317e-03,3.277985e-03,4.231653e-03,9.748762e-03,5.902349e-03,6.174347e-01,9.465113e-04,1.053088e-02,5.021473e-03,5.132134e-02,4.073872e-02,2.585843e-03,3.109601e-03
1.707702e-01,8.378172e-04,4.235758e-03,3.313913e-03,3.271268e-03,7.347960e-03,4.846174e-03,4.661780e-01,1.186893e-03,1.226830e-02,2.151995e-02,2.358620e-01,4.084655e-02,2.489739e-02,2.617810e-03
1.305219e-01,7.948896e-04,3.274632e-03,3.766922e-03,2.753738e-03,5.833044e-03,4.644821e-03,3.360564e-01,2.355440e-03,1.728784e-02,3.429037e-02,3.026417e-01,5.610104e-02,9.678954e-02,2.887736e-03
1.038211e-01,1.769831e-03,2.616978e-03,4.982695e-03,4.434287e-03,4.760271e-03,3.400563e-03,2.380733e-01,5.211337e-03,1.804680e-02,4.757742e-02,2.817837e-01,9.583942e-02,1.841810e-01,3.501149e-03
7.291621e-02,1.503254e-03,1.870989e-03,3.621694e-03,3.241440e-03,3.406140e-03,2.395647e-03,1.669653e-01,7.115977e-03,1.446834e-02,3.574489e-02,1.998895e-01,7.509872e-02,4.062337e-01,5.528165e-03
5.119681e-02,3.251730e-03,1.424916e-03,2.745949e-03,2.459018e-03,2.559161e-03,1.719237e-03,1.170589e-01,1.870506e-02,1.238374e-02,2.686697e-02,1.419526e-01,5.647857e-02,5.533718e-01,7.825512e-03
3.598057e-02,3.589806e-03,1.027562e-03,2.012506e-03,1.788211e-03,2.265393e-03,1.224499e-03,8.198594e-02,2.260349e-02,9.230952e-03,1.960925e-02,9.983637e-02,4.019664e-02,6.626439e-01,1.600491e-02
2.547282e-02,9.645337e-03,1.161395e-03,1.688493e-03,1.475815e-03,2.806093e-03,9.126525e-04,5.744811e-02,3.543068e-02,6.986527e-03,1.477555e-02,7.103728e-02,3.009481e-02,7.194519e-01,2.161255e-02
1.864543e-02,2.120491e-02,1.813197e-03,1.369828e-03,1.517443e-03,3.797956e-03,6.962804e-04,4.027067e-02,4.273117e-02,5.510419e-03,1.223479e-02,5.023325e-02,2.257788e-02,7.507432e-01,2.665356e-02
1.369383e-02,1.914059e-02,2.332541e-03,1.898790e-03,1.304251e-03,4.208799e-03,5.791362e-04,2.827326e-02,8.271419e-02,6.766272e-03,1.323050e-02,3.598613e-02,1.672150e-02,7.482983e-01,2.485191e-02
1.036431e-02,1.964357e-02,2.228213e-03,1.722775e-03,1.092132e-03,4.584190e-03,4.367065e-04,1.982999e-02,7.630932e-02,5.668159e-03,1.915738e-02,2.551559e-02,1.238382e-02,7.808548e-01,2.020900e-02
8.550374e-03,3.046328e-02,3.458457e-03,1.931512e-03,1.163071e-03,4.560232e-03,3.418376e-04,1.393640e-02,7.559058e-02,6.210663e-03,4.685612e-02,1.846374e-02,9.933126e-03,7.608262e-01,1.771438e-02
7.805972e-03,2.597592e-02,3.409276e-03,1.603751e-03,9.604597e-04,6.494661e-03,2.584177e-04,9.809431e-03,7.456730e-02,8.800542e-03,3.726258e-02,1.309933e-02,7.521317e-03,7.553543e-01,4.707674e-02
6.289145e-03,3.401734e-02,9.560565e-03,1.685801e-02,1.245762e-03,6.130074e-03,2.045986e-04,6.976319e-03,2.319564e-01,1.007638e-02,3.070210e-02,9.399774e-03,6.210231e-03,5.578684e-01,7.250482e-02
6.800343e-03,2.952678e-02,1.072539e-02,1.216100e-02,1.202443e-03,6.473341e-03,1.835191e-04,5.062886e-03,2.032309e-01,9.623792e-03,3.010758e-02,6.964457e-03,6.407141e-03,6.004945e-01,7.103590e-02
1.067823e-02,2.289009e-02,1.175310e-02,8.805541e-03,1.290841e-03,1.016940e-02,1.853921e-04,3.889389e-03,1.755923e-01,9.182281e-03,2.538427e-02,5.236732e-03,5.390231e-03,6.353799e-01,7.417226e-02
1.044479e-02,1.629043e-02,9.662887e-03,6.244828e-03,1.121487e-03,8.632918e-03,1.381330e-04,2.787976e-03,1.543661e-01,9.483665e-03,2.277481e-02,3.972746e-03,4.406901e-03,6.810076e-01,6.866465e-02
9.385850e-03,1.189515e-02,8.922561e-03,4.458510e-03,8.533183e-04,6.565338e-03,1.093103e-04,1.988105e-03,1.354910e-01,1.066538e-02,1.799446e-02,3.128098e-03,3.397047e-03,7.061613e-01,7.898465e-02
9.685566e-03,1.034345e-02,1.185260e-02,3.186794e-03,7.471591e-04,5.193072e-03,1.141793e-04,1.527640e-03,1.189318e-01,1.953836e-02,1.464064e-02,2.369730e-03,2.583657e-03,7.146143e-01,8.467115e-02
1.699556e-02,1.456578e-02,1.188188e-01,3.967198e-03,1.923262e-03,5.688769e-03,6.511300e-04,3.939931e-03,1.146256e-01,2.289625e-02,1.189184e-02,1.790362e-03,2.364986e-03,6.139332e-01,6.594729e-02
2.679061e-02,1.127387e-02,1.360843e-01,4.319937e-03,5.787838e-03,5.525619e-03,1.237195e-03,6.272957e-03,1.250421e-01,2.250570e-02,8.811515e-03,1.280536e-03,1.746112e-03,5.950910e-01,4.823073e-02
3.510360e-02,8.545591e-03,2.555036e-01,5.817434e-03,9.121824e-03,4.761932e-03,9.972019e-04,1.278913e-02,1.526662e-01,2.241965e-02,6.423400e-03,9.313175e-04,1.264649e-03,4.441355e-01,3.951890e-02
5.268513e-02,9.728236e-03,2.646330e-01,5.699038e-03,1.988343e-02,4.657038e-03,9.894751e-04,1.797015e-02,2.217178e-01,2.009032e-02,4.890072e-03,6.963427e-04,9.618903e-04,3.440427e-01,3.135537e-02
8.494431e-02,1.008538e-02,2.192545e-01,5.707618e-03,4.133003e-02,9.573930e-03,1.008259e-03,1.840180e-02,2.789959e-01,2.101538e-02,3.757678e-03,5.763787e-04,8.408991e-04,2.777086e-01,2.679937e-02
9.951822e-02,8.676530e-03,1.725489e-01,5.134998e-03,3.779414e-02,8.515400e-03,7.751569e-04,1.447466e-02,3.850026e-01,2.328302e-02,3.003157e-03,5.208427e-04,7.041252e-04,2.159903e-01,2.405788e-02
1.236023e-01,8.845967e-03,1.320052e-01,6.103491e-03,3.556312e-02,1.068177e-02,7.162231e-04,1.227072e-02,4.307270e-01,2.748497e-02,2.549615e-03,6.509776e-04,9.442701e-04,1.799315e-01,2.792282e-02
1.613427e-01,1.457365e-02,9.940553e-02,7.674832e-03,3.289646e-02,1.484247e-02,9.867523e-04,1.024533e-02,4.164709e-01,2.649294e-02,2.820658e-03,1.011709e-03,1.069359e-03,1.754514e-01,3.471521e-02
2.117531e-01,1.242942e-02,7.282917e-02,6.519387e-03,2.453087e-02,1.385173e-02,1.169755e-03,7.839385e-03,4.440434e-01,2.224984e-02,2.667657e-03,1.436747e-03,1.110569e-03,1.465730e-01,3.099591e-02
2.804306e-01,1.130661e-02,5.281905e-02,9.682951e-03,1.892121e-02,1.399500e-02,1.569522e-03,7.476136e-03,4.368433e-01,1.824947e-02,2.589898e-03,3.807704e-03,1.735839e-03,1.134670e-01,2.710577e-02
3.595895e-01,1.057788e-02,3.958230e-02,9.820756e-03,1.442147e-02,1.372746e-02,1.523097e-03,6.279634e-03,4.062300e-01,1.568964e-02,2.457847e-03,4.882481e-03,2.093921e-03,8.804597e-02,2.507801e-02
4.398739e-01,1.077944e-02,3.036615e-02,9.872526e-03,1.132025e-02,1.325957e-02,1.394636e-03,5.341973e-03,3.603997e-01,1.340660e-02,2.625125e-03,5.349339e-03,2.298577e-03,6.914246e-02,2.456977e-02
1.000000e+00,0.000000e+00,0.000000e+00,0.000000e+00,0.000000e+00,0.000000e+00,0.000000e+00,0.000000e+00,0.000000e+00,0.000000e+00,0.000000e+00,0.000000e+00,0.000000e+00,0.000000e+00,0.000000e+00
1.000000e+00,0.000000e+00,0.000000e+00,0.000000e+00,0.000000e+00,0.000000e+00,0.000000e+00,0.000000e+00,0.000000e+00,0.000000e+00,0.000000e+00,0.000000e+00,0.000000e+00,0.000000e+00,0.000000e+00
4.831028e-01,1.313524e-02,3.187393e-02,1.664833e-02,6.491458e-03,1.493945e-02,1.490589e-03,4.015389e-03,1.427571e-01,1.505516e-02,5.357451e-03,1.169858e-02,5.011640e-03,6.934293e-02,1.790800e-01
3.566773e-01,9.429459e-03,2.268300e-02,1.187105e-02,4.658884e-03,1.071407e-02,1.097741e-03,2.987128e-03,1.125319e-01,2.750653e-02,4.367825e-03,8.489033e-03,4.273240e-03,6.675646e-02,3.559565e-01
2.625476e-01,7.305312e-03,2.060153e-02,1.461398e-02,3.505931e-03,7.979173e-03,8.132217e-04,2.357584e-03,1.192428e-01,3.187469e-02,4.953743e-03,6.548447e-03,4.507327e-03,5.704234e-02,4.561064e-01
1.975802e-01,5.911940e-03,7.200187e-02,1.989292e-02,2.631516e-03,6.453900e-03,6.724128e-04,1.989199e-03,9.703883e-02,4.191894e-02,4.433484e-03,5.323093e-03,3.580391e-03,4.776955e-02,4.928018e-01
1.405808e-01,4.367519e-03,7.543948e-02,1.416684e-02,1.884617e-03,4.814855e-03,4.868796e-04,1.423238e-03,7.980798e-02,3.682233e-02,5.066216e-03,4.327819e-03,2.705503e-03,1.379073e-01,4.901987e-01
1.029124e-01,4.351378e-03,7.774099e-02,1.122048e-02,1.449931e-03,4.097683e-03,3.718545e-04,1.091647e-03,1.110042e-01,3.738551e-02,8.092644e-03,4.482506e-03,2.196589e-03,1.513544e-01,4.822477e-01
7.224903e-02,3.120739e-03,5.631490e-02,7.919866e-03,1.026994e-03,2.954754e-03,2.645636e-04,7.708303e-04,8.212405e-02,4.914348e-02,9.068027e-03,4.142602e-03,1.876280e-03,3.516240e-01,3.573999e-01
5.281810e-02,2.577713e-03,4.679944e-02,5.702300e-03,7.631761e-04,2.227732e-03,2.163713e-04,5.614250e-04,7.561632e-02,5.619647e-02,2.706807e-02,4.766554e-03,1.843022e-03,4.440256e-01,2.788177e-01
3.829554e-02,2.057374e-03,3.304060e-02,4.080234e-03,6.554899e-04,1.662069e-03,2.173735e-04,4.247358e-04,6.706475e-02,7.503922e-02,7.504468e-02,8.295578e-03,1.930626e-03,4.857944e-01,2.063973e-01
2.686156e-02,1.515468e-03,2.313524e-02,2.962566e-03,6.245361e-04,1.394076e-03,1.775509e-04,3.235308e-04,5.559602e-02,6.385688e-02,2.098881e-01,1.192571e-02,3.868712e-03,4.492193e-01,1.486507e-01
1.903836e-02,1.194293e-03,1.620598e-02,2.222592e-03,6.551254e-04,1.082930e-03,2.352180e-04,2.557140e-04,5.011931e-02,6.426941e-02,3.157993e-01,3.165368e-02,4.980347e-03,3.852565e-01,1.070313e-01
1.474545e-02,1.907738e-03,1.145558e-02,1.752421e-03,4.588424e-03,1.285593e-03,1.192342e-03,3.847712e-04,7.205440e-02,5.973674e-02,3.861190e-01,3.463858e-02,7.026272e-03,2.936025e-01,1.095102e-01
1.074441e-02,2.672631e-03,8.114264e-03,1.589047e-03,6.090749e-03,1.101189e-03,1.179909e-03,5.835025e-04,1.063170e-01,6.645265e-02,4.067908e-01,5.162394e-02,1.026913e-02,2.214866e-01,1.049842e-01
9.230584e-03,4.725557e-03,6.129930e-03,3.314899e-03,1.053437e-02,2.880800e-03,1.437617e-03,2.216406e-03,1.577728e-01,5.996694e-02,3.915087e-01,6.429040e-02,2.051374e-02,1.659630e-01,9.951422e-02
7.040082e-03,4.997699e-03,4.819672e-03,6.314995e-03,1.513996e-02,3.679737e-03,1.575473e-03,4.929252e-03,1.779405e-01,4.844603e-02,3.921499e-01,5.725743e-02,2.126114e-02,1.471077e-01,1.073404e-01
5.415004e-03,5.185873e-03,3.948520e-03,6.261341e-03,2.277360e-02,2.902358e-03,1.282722e-03,1.512881e-02,3.042369e-01,3.604813e-02,3.485713e-01,4.785486e-02,1.755261e-02,1.038172e-01,7.902074e-02
5.266646e-03,6.328627e-03,5.105204e-03,6.594344e-03,2.850415e-02,2.234360e-03,1.349570e-03,4.387902e-02,4.309955e-01,2.709009e-02,2.629603e-01,3.542332e-02,1.434887e-02,7.393501e-02,5.598491e-02
5.926277e-03,8.431150e-03,5.842884e-03,5.555682e-03,6.416383e-02,2.793609e-03,3.798544e-03,3.593294e-02,5.285099e-01,1.951649e-02,1.896623e-01,2.540713e-02,1.140434e-02,5.334677e-02,3.970816e-02
8.595802e-03,9.732145e-03,7.273914e-03,5.432615e-03,1.174470e-01,2.709034e-03,4.117090e-03,3.921107e-02,5.652032e-01,1.399869e-02,1.337303e-01,1.818502e-02,8.326738e-03,3.786722e-02,2.817005e-02
1.523832e-02,1.236573e-02,6.078436e-03,9.744550e-03,2.094764e-01,2.816702e-03,7.927336e-03,3.745024e-02,5.270385e-01,1.005288e-02,9.431167e-02,1.284374e-02,5.973586e-03,2.884665e-02,1.983528e-02
2.373107e-02,1.043865e-02,5.549491e-03,1.417385e-02,2.716222e-01,2.761921e-03,1.055780e-02,4.923896e-02,4.879439e-01,7.241159e-03,6.728636e-02,9.421711e-03,4.765186e-03,2.125668e-02,1.401112e-02
2.875661e-02,8.916192e-03,8.170037e-03,7.329249e-02,2.942275e-01,3.303236e-03,1.147872e-02,1.134238e-01,3.695991e-01,5.279529e-03,4.766164e-02,7.073617e-03,3.673488e-03,1.526456e-02,9.879504e-03
6.528263e-02,1.699788e-02,9.200713e-03,8.536474e-02,3.228932e-01,4.268454e-03,1.019901e-02,1.168253e-01,2.972233e-01,4.474666e-03,3.783138e-02,6.089095e-03,3.183036e-03,1.308954e-02,7.077072e-03
9.380980e-02,1.560991e-02,1.088388e-02,1.018496e-01,3.372925e-01,6.261081e-03,9.327366e-03,1.175309e-01,2.388555e-01,5.034077e-03,3.757682e-02,5.768087e-03,3.022571e-03,1.198781e-02,5.190148e-03
1.676780e-01,1.413053e-02,1.288892e-02,1.068960e-01,3.374485e-01,8.271778e-03,7.803738e-03,9.055392e-02,1.839938e-01,5.982901e-03,3.994297e-02,6.929591e-03,3.845049e-03,9.454745e-03,4.179555e-03
1.967007e-01,1.552590e-02,1.004204e-02,1.015065e-01,3.378375e-01,1.274004e-02,6.001329e-03,1.079531e-01,1.412061e-01,5.144596e-03,3.628741e-02,1.434338e-02,4.420090e-03,7.033595e-03,3.257717e-03
2.295786e-01,1.619881e-02,9.383206e-03,1.631129e-01,2.683105e-01,1.386106e-02,4.485570e-03,8.441450e-02,1.004605e-01,4.406421e-03,4.046029e-02,5.022622e-02,6.157807e-03,5.885744e-03,3.058006e-03
1.619488e-01,1.583680e-02,7.383648e-03,2.771360e-01,1.914084e-01,1.012630e-02,3.155948e-03,5.923079e-02,7.186682e-02,3.283905e-03,6.733795e-02,1.196891e-01,5.144442e-03,4.226048e-03,2.224953e-03
1.137454e-01,1.394925e-02,5.562662e-03,3.334691e-01,1.344563e-01,7.447057e-03,2.217392e-03,4.153453e-02,5.066917e-02,2.424047e-03,6.871751e-02,2.160673e-01,5.121278e-03,2.984280e-03,1.634838e-03
8.011346e-02,9.814524e-03,3.913670e-03,2.352880e-01,1.354952e-01,5.504886e-03,1.558267e-03,2.909620e-02,3.592087e-02,1.733224e-03,1.778722e-01,2.757205e-01,4.678841e-03,2.133057e-03,1.157006e-03
5.646523e-02,6.913297e-03,2.755596e-03,1.662060e-01,1.274448e-01,4.841455e-03,1.106629e-03,2.038033e-02,2.600844e-02,1.316159e-03,1.608977e-01,4.181779e-01,5.138174e-03,1.520005e-03,8.281912e-04
4.235447e-02,4.956210e-03,1.944475e-03,1.171928e-01,1.283035e-01,5.050694e-03,7.948912e-04,1.431413e-02,2.343394e-02,1.691109e-03,1.377749e-01,5.155119e-01,4.849162e-03,1.179971e-03,6.478374e-04
3.890061e-02,3.750041e-03,1.410677e-03,8.248714e-02,1.225407e-01,5.569109e-03,5.824408e-04,1.016038e-02,1.859760e-02,1.753179e-03,1.224442e-01,5.854517e-01,4.578405e-03,1.182136e-03,5.915178e-04
3.595322e-02,3.088353e-03,1.075601e-03,5.859810e-02,1.490689e-01,7.240470e-03,4.378925e-04,7.276125e-03,1.617721e-02,2.866928e-03,9.958035e-02,6.118464e-01,4.765992e-03,1.160375e-03,8.640335e-04
4.519052e-02,2.739298e-03,1.495955e-03,4.250149e-02,1.261744e-01,1.469995e-02,4.256587e-04,6.057844e-03,1.313904e-02,5.269109e-03,9.886042e-02,6.351413e-01,4.755428e-03,1.751795e-03,1.797733e-03
5.157187e-02,2.229959e-03,1.796925e-03,3.073119e-02,9.804065e-02,2.534264e-02,4.101990e-04,4.857678e-03,1.033187e-02,6.513976e-03,7.782970e-02,6.820330e-01,4.319875e-03,2.026866e-03,1.963565e-03
4.386625e-02,1.671857e-03,1.475048e-03,2.206111e-02,7.291766e-02,2.108033e-02,4.449879e-04,3.838517e-03,7.959939e-03,6.107352e-03,6.150343e-02,7.497596e-01,3.584657e-03,1.971614e-03,1.757669e-03
4.675359e-02,1.312261e-03,1.132610e-03,1.622135e-02,5.891861e-02,1.860044e-02,4.107672e-04,2.995309e-03,7.084685e-03,6.171259e-03,4.741293e-02,7.866217e-01,3.035173e-03,1.767906e-03,1.561347e-03
4.777108e-02,1.048038e-03,9.085812e-04,1.149237e-02,4.277513e-02,1.529664e-02,3.503622e-04,2.328790e-03,5.645393e-03,5.826032e-03,4.121186e-02,8.203599e-01,2.273252e-03,1.478293e-03,1.234111e-03
5.263910e-02,9.494523e-04,9.356759e-04,8.274285e-03,3.097608e-02,1.239449e-02,4.018431e-04,2.508615e-03,6.511633e-03,4.909942e-03,3.769983e-02,8.374619e-01,1.775057e-03,1.465652e-03,1.096346e-03
6.824611e-02,2.340240e-03,1.325115e-03,6.332335e-03,3.664903e-02,2.454054e-02,7.872393e-04,5.633853e-03,1.273257e-02,4.506617e-03,3.165461e-02,8.008614e-01,1.661846e-03,1.684578e-03,1.043938e-03
8.166716e-02,2.530140e-03,2.010046e-03,5.215075e-03,3.827826e-02,2.116374e-02,2.245104e-03,1.708449e-02,2.167985e-02,4.239223e-03,2.665350e-02,7.727339e-01,1.927855e-03,1.592346e-03,9.793113e-04
8.262408e-02,2.341519e-03,1.970444e-03,4.246474e-03,4.347456e-02,1.792841e-02,2.775217e-03,2.155232e-02,3.506595e-02,3.765847e-03,2.221276e-02,7.574704e-01,2.412661e-03,1.359744e-03,7.995901e-04
6.466247e-02,1.988865e-03,1.780193e-03,3.599866e-03,6.515914e-02,1.415925e-02,4.278221e-03,2.922231e-02,7.127842e-02,2.835875e-03,1.673390e-02,7.191732e-01,3.498497e-03,1.014141e-03,6.155961e-04
4.793734e-02,1.835814e-03,4.437101e-03,4.513240e-03,1.573150e-01,1.150594e-02,3.582032e-03,4.012001e-02,9.629083e-02,2.173584e-03,1.258246e-02,6.131614e-01,3.337683e-03,7.452015e-04,4.623465e-04
4.313396e-02,1.672684e-03,5.190956e-03,3.941548e-03,2.104728e-01,9.941791e-03,3.791278e-03,4.791974e-02,1.074299e-01,1.813623e-03,9.974678e-03,5.503007e-01,3.404989e-03,6.497635e-04,3.617033e-04
3.227852e-02,1.738961e-03,4.220014e-03,2.896157e-03,2.386638e-01,7.779843e-03,4.741261e-03,4.280016e-02,2.271243e-01,1.374769e-03,7.960210e-03,4.243096e-01,3.310823e-03,5.067738e-04,2.948158e-04
2.376850e-02,1.755249e-03,3.290267e-03,2.212531e-03,2.310862e-01,5.960851e-03,4.333725e-03,4.314140e-02,3.478263e-01,1.112528e-03,6.456729e-03,3.249454e-01,3.437609e-03,4.238080e-04,2.488025e-04
1.817071e-02,1.770517e-03,2.628899e-03,1.852029e-03,2.179765e-01,5.023466e-03,3.698284e-03,3.951387e-02,4.647264e-01,9.195556e-04,5.297166e-03,2.347927e-01,3.047320e-03,3.464682e-04,2.360781e-04
2.393149e-02,1.678712e-03,2.266064e-03,3.683563e-03,2.308605e-01,1.147145e-02,2.865171e-03,4.136016e-02,4.780604e-01,9.225807e-04,1.003109e-02,1.859757e-01,6.192229e-03,3.410960e-04,3.598186e-04
2.262729e-02,1.638868e-03,1.743617e-03,6.613891e-03,1.881727e-01,2.734736e-02,2.113860e-03,3.198037e-02,4.074925e-01,8.816029e-04,7.008124e-02,2.321064e-01,6.167125e-03,6.241068e-04,4.090206e-04
1.974287e-02,1.504270e-03,1.457821e-03,6.430875e-03,1.399782e-01,2.810984e-02,1.558239e-03,2.263980e-02,2.914060e-01,6.905210e-04,6.907978e-02,4.103694e-01,6.128042e-03,4.824410e-04,4.218745e-04
2.416661e-02,1.629302e-03,1.380759e-03,8.082055e-03,1.134745e-01,5.210207e-02,1.350446e-03,1.628357e-02,2.078680e-01,5.684841e-04,6.154425e-02,5.034324e-01,7.262548e-03,3.823208e-04,4.727334e-04
2.264714e-02,1.626977e-03,1.358341e-03,6.347591e-03,8.306916e-02,4.734855e-02,1.284951e-03,1.202029e-02,1.495034e-01,1.420788e-03,6.760037e-02,5.929897e-01,1.174225e-02,4.529380e-04,5.874846e-04
1.979448e-02,1.574276e-03,1.103898e-03,5.017960e-03,6.008784e-02,4.177877e-02,1.008942e-03,8.816231e-03,1.077197e-01,2.529220e-03,8.374079e-02,6.544315e-01,1.107900e-02,5.993579e-04,7.179676e-04
1.778382e-02,2.684598e-03,1.067924e-03,4.395303e-03,4.611149e-02,4.097219e-02,8.807178e-04,6.741686e-03,8.273073e-02,4.984660e-03,9.084944e-02,6.860034e-01,1.266034e-02,9.287046e-04,1.204874e-03
2.161348e-02,5.218611e-03,1.522954e-03,4.672946e-03,4.409048e-02,4.022754e-02,1.202129e-03,6.421809e-03,6.462938e-02,1.792210e-02,1.299166e-01,6.452371e-01,1.342762e-02,1.691392e-03,2.205804e-03
2.392871e-02,6.811969e-03,1.784731e-03,4.227390e-03,5.740763e-02,3.264267e-02,2.490177e-03,7.546781e-03,7.674789e-02,1.607939e-02,1.467646e-01,6.018391e-01,1.611740e-02,3.219898e-03,2.391680e-03
5.351065e-02,8.322103e-03,2.727541e-03,3.993573e-03,6.924814e-02,2.959974e-02,2.679906e-03,1.064274e-02,7.596077e-02,1.852226e-02,1.394249e-01,5.617626e-01,1.667394e-02,3.645733e-03,3.285360e-03
1.010664e-01,7.778955e-03,3.205722e-03,4.839267e-03,6.148578e-02,3.472406e-02,2.717167e-03,1.279893e-02,6.634124e-02,1.617933e-02,1.246859e-01,5.387292e-01,1.640560e-02,4.842539e-03,4.199957e-03
1.257910e-01,7.723529e-03,3.110258e-03,4.893587e-03,6.384270e-02,2.958473e-02,2.542043e-03,1.540664e-02,6.965052e-02,1.474034e-02,1.034193e-01,5.324680e-01,1.789673e-02,4.681673e-03,4.249018e-03
1.134550e-01,6.841665e-03,2.813362e-03,4.420792e-03,7.214440e-02,2.238353e-02,2.537940e-03,1.925807e-02,9.446596e-02,1.428162e-02,8.148977e-02,5.362037e-01,2.207320e-02,4.325948e-03,3.305033e-03
9.393671e-02,5.996136e-03,2.389920e-03,4.638318e-03,1.659559e-01,1.759082e-02,3.835368e-03,1.557591e-02,1.549017e-01,1.077092e-02,6.448605e-02,4.264469e-01,2.760016e-02,3.408287e-03,2.466945e-03
7.225753e-02,4.888981e-03,2.612181e-03,4.643558e-03,2.351510e-01,1.596143e-02,8.620020e-03,3.666419e-02,1.698421e-01,7.842950e-03,5.056793e-02,3.603769e-01,2.633539e-02,2.448095e-03,1.787805e-03
7.233040e-02,5.190690e-03,4.695686e-03,1.691728e-02,2.922790e-01,1.504820e-02,8.471139e-03,1.082695e-01,1.353782e-01,5.878543e-03,3.750444e-02,2.748017e-01,1.994359e-02,1.749483e-03,1.542086e-03
1.561717e-01,7.087328e-03,5.406830e-03,3.461434e-02,2.925526e-01,1.985086e-02,9.836666e-03,1.072307e-01,1.098216e-01,4.695583e-03,2.804127e-02,2.049844e-01,1.570660e-02,1.264065e-03,2.735545e-03
1.642098e-01,9.983143e-03,8.017937e-03,3.583647e-02,3.436769e-01,1.727663e-02,1.267736e-02,1.166609e-01,9.834199e-02,3.781204e-03,2.193112e-02,1.483085e-01,1.251123e-02,1.017054e-03,5.769776e-03
1.523148e-01,9.230400e-03,1.245841e-02,4.243002e-02,3.647900e-01,1.587753e-02,1.206389e-02,1.724700e-01,7.708222e-02,2.862031e-03,1.685574e-02,1.061616e-01,9.766100e-03,7.894134e-04,4.847751e-03
1.438757e-01,1.101249e-02,1.715051e-02,4.255101e-02,4.228149e-01,1.371088e-02,1.258933e-02,1.636449e-01,6.917790e-02,2.426947e-03,1.296807e-02,7.552908e-02,7.284467e-03,7.619689e-04,4.501796e-03
1.069216e-01,1.012950e-02,1.658153e-02,1.371806e-01,3.556761e-01,1.241726e-02,8.946130e-03,1.180876e-01,8.097060e-02,6.088538e-03,4.349951e-02,8.567361e-02,1.326591e-02,7.096041e-04,3.851932e-03
7.795373e-02,8.342549e-03,1.419173e-02,1.764545e-01,3.039601e-01,1.055625e-02,6.347354e-03,8.513658e-02,6.545147e-02,1.553540e-02,9.305134e-02,1.211920e-01,1.745893e-02,1.217593e-03,3.150526e-03
5.781689e-02,7.000071e-03,1.012039e-02,1.280338e-01,2.421551e-01,7.834621e-03,4.453886e-03,6.031776e-02,7.645560e-02,1.868967e-02,2.499316e-01,1.062987e-01,2.540119e-02,3.209623e-03,2.281089e-03
5.126807e-02,6.384059e-03,7.232693e-03,9.323170e-02,1.873320e-01,6.398446e-03,3.146243e-03,4.462332e-02,7.516257e-02,3.319727e-02,3.497499e-01,1.081597e-01,2.349166e-02,8.950950e-03,1.671422e-03
7.504778e-02,8.673684e-03,5.783112e-03,7.535177e-02,1.492969e-01,7.852336e-03,2.267758e-03,3.470218e-02,8.708197e-02,4.751569e-02,3.467894e-01,1.265011e-01,2.083886e-02,1.043537e-02,1.862088e-03
1.259605e-01,1.837528e-02,4.628654e-03,5.812818e-02,1.157119e-01,1.126771e-02,1.702019e-03,2.702517e-02,9.890184e-02,5.832946e-02,3.247722e-01,1.188398e-01,1.892174e-02,1.353427e-02,3.901334e-03
1.628060e-01,2.031286e-02,4.883387e-03,4.814381e-02,1.002388e-01,1.463925e-02,1.560038e-03,2.318276e-02,1.013619e-01,6.001216e-02,3.180500e-01,1.065571e-01,1.859509e-02,1.488573e-02,4.771112e-03
2.444795e-01,2.896651e-02,5.914827e-03,4.104509e-02,9.225171e-02,1.636516e-02,1.787701e-03,2.355394e-02,8.932978e-02,6.129678e-02,2.665662e-01,9.290595e-02,1.707496e-02,1.317587e-02,5.286003e-03
3.275513e-01,3.284338e-02,5.577651e-03,3.295477e-02,8.077106e-02,1.629267e-02,1.666587e-03,2.000227e-02,7.685391e-02,6.304158e-02,2.306107e-01,7.864892e-02,1.657595e-02,1.125593e-02,5.353312e-03
3.998065e-01,3.070779e-02,4.424209e-03,2.783605e-02,6.502761e-02,1.364056e-02,1.329940e-03,1.515800e-02,1.090003e-01,4.899703e-02,1.909541e-01,6.391361e-02,1.380333e-02,9.203831e-03,6.197093e-03
1.000000e+00,0.000000e+00,0.000000e+00,0.000000e+00,0.000000e+00,0.000000e+00,0.000000e+00,0.000000e+00,0.000000e+00,0.000000e+00,0.000000e+00,0.000000e+00,0.000000e+00,0.000000e+00,0.000000e+00
1.000000e+00,0.000000e+00,0.000000e+00,0.000000e+00,0.000000e+00,0.000000e+00,0.000000e+00,0.000000e+00,0.000000e+00,0.000000e+00,0.000000e+00,0.000000e+00,0.000000e+00,0.000000e+00,0.000000e+00
1.000000e+00,0.000000e+00,0.000000e+00,0.000000e+00,0.000000e+00,0.000000e+00,0.000000e+00,0.000000e+00,0.000000e+00,0.000000e+00,0.000000e+00,0.000000e+00,0.000000e+00,0.000000e+00,0.000000e+00
1.000000e+00,0.000000e+00,0.000000e+00,0.000000e+00,0.000000e+00,0.000000e+00,0.000000e+00,0.000000e+00,0.000000e+00,0.000000e+00,0.000000e+00,0.000000e+00,0.000000e+00,0.000000e+00,0.000000e+00
