1.000000e+00,0.000000e+00,0.000000e+00,0.000000e+00,0.000000e+00,0.000000e+00,0.000000e+00,0.000000e+00,0.000000e+00,0.000000e+00,0.000000e+00,0.000000e+00,0.000000e+00,0.000000e+00,0.000000e+00
1.000000e+00,0.000000e+00,0.000000e+00,0.000000e+00,0.000000e+00,0.000000e+00,0.000000e+00,0.000000e+00,0.000000e+00,0.000000e+00,0.000000e+00,0.000000e+00,0.000000e+00,0.000000e+00,0.000000e+00
1.000000e+00,0.000000e+00,0.000000e+00,0.000000e+00,0.000000e+00,0.000000e+00,0.000000e+00,0.000000e+00,0.000000e+00,0.000000e+00,0.000000e+00,0.000000e+00,0.000000e+00,0.000000e+00,0.000000e+00
1.000000e+00,0.000000e+00,0.000000e+00,0.000000e+00,0.000000e+00,0.000000e+00,0.000000e+00,0.000000e+00,0.000000e+00,0.000000e+00,0.000000e+00,0.000000e+00,0.000000e+00,0.000000e+00,0.000000e+00
1.000000e+00,0.000000e+00,0.000000e+00,0.000000e+00,0.000000e+00,0.000000e+00,0.000000e+00,0.000000e+00,0.000000e+00,0.000000e+00,0.000000e+00,0.000000e+00,0.000000e+00,0.000000e+00,0.000000e+00
1.000000e+00,0.000000e+00,0.000000e+00,0.000000e+00,0.000000e+00,0.000000e+00,0.000000e+00,0.000000e+00,0.000000e+00,0.000000e+00,0.000000e+00,0.000000e+00,0.000000e+00,0.000000e+00,0.000000e+00
1.000000e+00,0.000000e+00,0.000000e+00,0.000000e+00,0.000000e+00,0.000000e+00,0.000000e+00,0.000000e+00,0.000000e+00,0.000000e+00,0.000000e+00,0.000000e+00,0.000000e+00,0.000000e+00,0.000000e+00
1.000000e+00,0.000000e+00,0.000000e+00,0.000000e+00,0.000000e+00,0.000000e+00,0.000000e+00,0.000000e+00,0.000000e+00,0.000000e+00,0.000000e+00,0.000000e+00,0.000000e+00,0.000000e+00,0.000000e+00
1.000000e+00,0.000000e+00,0.000000e+00,0.000000e+00,0.000000e+00,0.000000e+00,0.000000e+00,0.000000e+00,0.000000e+00,0.000000e+00,0.000000e+00,0.000000e+00,0.000000e+00,0.000000e+00,0.000000e+00
1.000000e+00,0.000000e+00,0.000000e+00,0.000000e+00,0.000000e+00,0.000000e+00,0.000000e+00,0.000000e+00,0.000000e+00,0.000000e+00,0.000000e+00,0.000000e+00,0.000000e+00,0.000000e+00,0.000000e+00
1.000000e+00,0.000000e+00,0.000000e+00,0.000000e+00,0.000000e+00,0.000000e+00,0.000000e+00,0.000000e+00,0.000000e+00,0.000000e+00,0.000000e+00,0.000000e+00,0.000000e+00,0.000000e+00,0.000000e+00
1.000000e+00,0.000000e+00,0.000000e+00,0.000000e+00,0.000000e+00,0.000000e+00,0.000000e+00,0.000000e+00,0.000000e+00,0.000000e+00,0.000000e+00,0.000000e+00,0.000000e+00,0.000000e+00,0.000000e+00
1.000000e+00,0.000000e+00,0.000000e+00,0.000000e+00,0.000000e+00,0.000000e+00,0.000000e+00,0.000000e+00,0.000000e+00,0.000000e+00,0.000000e+00,0.000000e+00,0.000000e+00,0.000000e+00,0.000000e+00
1.000000e+00,0.000000e+00,0.000000e+00,0.000000e+00,0.000000e+00,0.000000e+00,0.000000e+00,0.000000e+00,0.000000e+00,0.000000e+00,0.000000e+00,0.000000e+00,0.000000e+00,0.000000e+00,0.000000e+00
1.000000e+00,0.000000e+00,0.000000e+00,0.000000e+00,0.000000e+00,0.000000e+00,0.000000e+00,0.000000e+00,0.000000e+00,0.000000e+00,0.000000e+00,0.000000e+00,0.000000e+00,0.000000e+00,0.000000e+00
1.000000e+00,0.000000e+00,0.000000e+00,0.000000e+00,0.000000e+00,0.000000e+00,0.000000e+00,0.000000e+00,0.000000e+00,0.000000e+00,0.000000e+00,0.000000e+00,0.000000e+00,0.000000e+00,0.000000e+00
1.000000e+00,0.000000e+00,0.000000e+00,0.000000e+00,0.000000e+00,0.000000e+00,0.000000e+00,0.000000e+00,0.000000e+00,0.000000e+00,0.000000e+00,0.000000e+00,0.000000e+00,0.000000e+00,0.000000e+00
1.000000e+00,0.000000e+00,0.000000e+00,0.000000e+00,0.000000e+00,0.000000e+00,0.000000e+00,0.000000e+00,0.000000e+00,0.000000e+00,0.000000e+00,0.000000e+00,0.000000e+00,0.000000e+00,0.000000e+00
1.000000e+00,0.000000e+00,0.000000e+00,0.000000e+00,0.000000e+00,0.000000e+00,0.000000e+00,0.000000e+00,0.000000e+00,0.000000e+00,0.000000e+00,0.000000e+00,0.000000e+00,0.000000e+00,0.000000e+00
1.000000e+00,0.000000e+00,0.000000e+00,0.000000e+00,0.000000e+00,0.000000e+00,0.000000e+00,0.000000e+00,0.000000e+00,0.000000e+00,0.000000e+00,0.000000e+00,0.000000e+00,0.000000e+00,0.000000e+00
1.000000e+00,0.000000e+00,0.000000e+00,0.000000e+00,0.000000e+00,0.000000e+00,0.000000e+00,0.000000e+00,0.000000e+00,0.000000e+00,0.000000e+00,0.000000e+00,0.000000e+00,0.000000e+00,0.000000e+00
1.000000e+00,0.000000e+00,0.000000e+00,0.000000e+00,0.000000e+00,0.000000e+00,0.000000e+00,0.000000e+00,0.000000e+00,0.000000e+00,0.000000e+00,0.000000e+00,0.000000e+00,0.000000e+00,0.000000e+00
1.000000e+00,0.000000e+00,0.000000e+00,0.000000e+00,0.000000e+00,0.000000e+00,0.000000e+00,0.000000e+00,0.000000e+00,0.000000e+00,0.000000e+00,0.000000e+00,0.000000e+00,0.000000e+00,0.000000e+00
1.000000e+00,0.000000e+00,0.000000e+00,0.000000e+00,0.000000e+00,0.000000e+00,0.000000e+00,0.000000e+00,0.000000e+00,0.000000e+00,0.000000e+00,0.000000e+00,0.000000e+00,0.000000e+00,0.000000e+00
1.000000e+00,0.000000e+00,0.000000e+00,0.000000e+00,0.000000e+00,0.000000e+00,0.000000e+00,0.000000e+00,0.000000e+00,0.000000e+00,0.000000e+00,0.000000e+00,0.000000e+00,0.000000e+00,0.000000e+00
1.000000e+00,0.000000e+00,0.000000e+00,0.000000e+00,0.000000e+00,0.000000e+00,0.000000e+00,0.000000e+00,0.000000e+00,0.000000e+00,0.000000e+00,0.000000e+00,0.000000e+00,0.000000e+00,0.000000e+00
1.000000e+00,0.000000e+00,0.000000e+00,0.000000e+00,0.000000e+00,0.000000e+00,0.000000e+00,0.000000e+00,0.000000e+00,0.000000e+00,0.000000e+00,0.000000e+00,0.000000e+00,0.000000e+00,0.000000e+00
1.000000e+00,0.000000e+00,0.000000e+00,0.000000e+00,0.000000e+00,0.000000e+00,0.000000e+00,0.000000e+00,0.000000e+00,0.000000e+00,0.000000e+00,0.000000e+00,0.000000e+00,0.000000e+00,0.000000e+00
1.000000e+00,0.000000e+00,0.000000e+00,0.000000e+00,0.000000e+00,0.000000e+00,0.000000e+00,0.000000e+00,0.000000e+00,0.000000e+00,0.000000e+00,0.000000e+00,0.000000e+00,0.000000e+00,0.000000e+00
1.000000e+00,0.000000e+00,0.000000e+00,0.000000e+00,0.000000e+00,0.000000e+00,0.000000e+00,0.000000e+00,0.000000e+00,0.000000e+00,0.000000e+00,0.000000e+00,0.000000e+00,0.000000e+00,0.000000e+00
1.000000e+00,0.000000e+00,0.000000e+00,0.000000e+00,0.000000e+00,0.000000e+00,0.000000e+00,0.000000e+00,0.000000e+00,0.000000e+00,0.000000e+00,0.000000e+00,0.000000e+00,0.000000e+00,0.000000e+00
1.000000e+00,0.000000e+00,0.000000e+00,0.000000e+00,0.000000e+00,0.000000e+00,0.000000e+00,0.000000e+00,0.000000e+00,0.000000e+00,0.000000e+00,0.000000e+00,0.000000e+00,0.000000e+00,0.000000e+00
1.000000e+00,0.000000e+00,0.000000e+00,0.000000e+00,0.000000e+00,0.000000e+00,0.000000e+00,0.000000e+00,0.000000e+00,0.000000e+00,0.000000e+00,0.000000e+00,0.000000e+00,0.000000e+00,0.000000e+00
1.000000e+00,0.000000e+00,0.000000e+00,0.000000e+00,0.000000e+00,0.000000e+00,0.000000e+00,0.000000e+00,0.000000e+00,0.000000e+00,0.000000e+00,0.000000e+00,0.000000e+00,0.000000e+00,0.000000e+00
1.000000e+00,0.000000e+00,0.000000e+00,0.000000e+00,0.000000e+00,0.000000e+00,0.000000e+00,0.000000e+00,0.000000e+00,0.000000e+00,0.000000e+00,0.000000e+00,0.000000e+00,0.000000e+00,0.000000e+00
1.000000e+00,0.000000e+00,0.000000e+00,0.000000e+00,0.000000e+00,0.000000e+00,0.000000e+00,0.000000e+00,0.000000e+00,0.000000e+00,0.000000e+00,0.000000e+00,0.000000e+00,0.000000e+00,0.000000e+00
1.000000e+00,0.000000e+00,0.000000e+00,0.000000e+00,0.000000e+00,0.000000e+00,0.000000e+00,0.000000e+00,0.000000e+00,0.000000e+00,0.000000e+00,0.000000e+00,0.000000e+00,0.000000e+00,0.000000e+00
1.000000e+00,0.000000e+00,0.000000e+00,0.000000e+00,0.000000e+00,0.000000e+00,0.000000e+00,0.000000e+00,0.000000e+00,0.000000e+00,0.000000e+00,0.000000e+00,0.000000e+00,0.000000e+00,0.000000e+00
1.000000e+00,0.000000e+00,0.000000e+00,0.000000e+00,0.000000e+00,0.000000e+00,0.000000e+00,0.000000e+00,0.000000e+00,0.000000e+00,0.000000e+00,0.000000e+00,0.000000e+00,0.000000e+00,0.000000e+00
1.000000e+00,0.000000e+00,0.000000e+00,0.000000e+00,0.000000e+00,0.000000e+00,0.000000e+00,0.000000e+00,0.000000e+00,0.000000e+00,0.000000e+00,0.000000e+00,0.000000e+00,0.000000e+00,0.000000e+00
1.000000e+00,0.000000e+00,0.000000e+00,0.000000e+00,0.000000e+00,0.000000e+00,0.000000e+00,0.000000e+00,0.000000e+00,0.000000e+00,0.000000e+00,0.000000e+00,0.000000e+00,0.000000e+00,0.000000e+00
1.000000e+00,0.000000e+00,0.000000e+00,0.000000e+00,0.000000e+00,0.000000e+00,0.000000e+00,0.000000e+00,0.000000e+00,0.000000e+00,0.000000e+00,0.000000e+00,0.000000e+00,0.000000e+00,0.000000e+00
1.000000e+00,0.000000e+00,0.000000e+00,0.000000e+00,0.000000e+00,0.000000e+00,0.000000e+00,0.000000e+00,0.000000e+00,0.000000e+00,0.000000e+00,0.000000e+00,0.000000e+00,0.000000e+00,0.000000e+00
1.000000e+00,0.000000e+00,0.000000e+00,0.000000e+00,0.000000e+00,0.000000e+00,0.000000e+00,0.000000e+00,0.000000e+00,0.000000e+00,0.000000e+00,0.000000e+00,0.000000e+00,0.000000e+00,0.000000e+00
1.000000e+00,0.000000e+00,0.000000e+00,0.000000e+00,0.000000e+00,0.000000e+00,0.000000e+00,0.000000e+00,0.000000e+00,0.000000e+00,0.000000e+00,0.000000e+00,0.000000e+00,0.000000e+00,0.000000e+00
1.000000e+00,0.000000e+00,0.000000e+00,0.000000e+00,0.000000e+00,0.000000e+00,0.000000e+00,0.000000e+00,0.000000e+00,0.000000e+00,0.000000e+00,0.000000e+00,0.000000e+00,0.000000e+00,0.000000e+00
1.000000e+00,0.000000e+00,0.000000e+00,0.000000e+00,0.000000e+00,0.000000e+00,0.000000e+00,0.000000e+00,0.000000e+00,0.000000e+00,0.000000e+00,0.000000e+00,0.000000e+00,0.000000e+00,0.000000e+00
1.000000e+00,0.000000e+00,0.000000e+00,0.000000e+00,0.000000e+00,0.000000e+00,0.000000e+00,0.000000e+00,0.000000e+00,0.000000e+00,0.000000e+00,0.000000e+00,0.000000e+00,0.000000e+00,0.000000e+00
1.000000e+00,0.000000e+00,0.000000e+00,0.000000e+00,0.000000e+00,0.000000e+00,0.000000e+00,0.000000e+00,0.000000e+00,0.000000e+00,0.000000e+00,0.000000e+00,0.000000e+00,0.000000e+00,0.000000e+00
1.000000e+00,0.000000e+00,0.000000e+00,0.000000e+00,0.000000e+00,0.000000e+00,0.000000e+00,0.000000e+00,0.000000e+00,0.000000e+00,0.000000e+00,0.000000e+00,0.000000e+00,0.000000e+00,0.000000e+00
1.000000e+00,0.000000e+00,0.000000e+00,0.000000e+00,0.000000e+00,0.000000e+00,0.000000e+00,0.000000e+00,0.000000e+00,0.000000e+00,0.000000e+00,0.000000e+00,0.000000e+00,0.000000e+00,0.000000e+00
4.349222e-01,1.114042e-02,7.480875e-02,2.899121e-02,4.624007e-03,4.911656e-02,1.360484e-03,7.043263e-03,4.581658e-02,5.283259e-02,1.941006e-02,1.160590e-02,5.628357e-03,9.130595e-02,1.613936e-01
3.360313e-01,1.101307e-02,5.616578e-02,2.303885e-02,4.270746e-03,3.644885e-02,1.144151e-03,5.383661e-03,4.746718e-02,4.401790e-02,2.433766e-02,9.892439e-03,5.689857e-03,1.839176e-01,2.111809e-01
2.529977e-01,1.154818e-02,4.022545e-02,1.725514e-02,3.096844e-03,2.583453e-02,8.505657e-04,3.907714e-03,1.552502e-01,3.411593e-02,2.502530e-02,7.588640e-03,4.398092e-03,1.459743e-01,2.719314e-01
1.795533e-01,8.677142e-03,2.842953e-02,1.253091e-02,2.298540e-03,1.815160e-02,6.492395e-04,2.806755e-03,2.455286e-01,3.014333e-02,4.265158e-02,1.272524e-02,3.586465e-03,1.263490e-01,2.859187e-01
1.262319e-01,6.239420e-03,1.996342e-02,9.701718e-03,2.277999e-03,1.294819e-02,5.015729e-04,2.085745e-03,2.085037e-01,2.266160e-02,1.699816e-01,9.483432e-02,5.091402e-03,1.010451e-01,2.179322e-01
8.897711e-02,4.489460e-03,1.405339e-02,7.049534e-03,2.748937e-03,9.299114e-03,4.603521e-04,1.624149e-03,1.838025e-01,1.679620e-02,2.309719e-01,1.956349e-01,6.685365e-03,7.788076e-02,1.595263e-01
6.260955e-02,3.207147e-03,9.854068e-03,5.071601e-03,2.444671e-03,6.664549e-03,3.914931e-04,1.281056e-03,1.546210e-01,1.197703e-02,3.539227e-01,2.102602e-01,6.290745e-03,5.866603e-02,1.127381e-01
4.435163e-02,2.294138e-03,6.916038e-03,3.705553e-03,2.058114e-03,5.058127e-03,3.165056e-04,9.497225e-04,1.169666e-01,8.804801e-03,4.592891e-01,2.166304e-01,5.556113e-03,4.681853e-02,8.028458e-02
3.125772e-02,1.634616e-03,4.875055e-03,2.853014e-03,1.790991e-03,3.866407e-03,2.761916e-04,7.382796e-04,8.415847e-02,6.843532e-03,5.754731e-01,1.848561e-01,5.389711e-03,3.921087e-02,5.677601e-02
2.342704e-02,1.219361e-03,3.449275e-03,2.239236e-03,1.411138e-03,2.996291e-03,2.093060e-04,5.626535e-04,6.036078e-02,5.809809e-03,5.828622e-01,2.266133e-01,4.599446e-03,4.423015e-02,4.001000e-02
1.829159e-02,1.041363e-03,2.488086e-03,2.061034e-03,1.366724e-03,3.005150e-03,2.255903e-04,4.691632e-04,4.362257e-02,4.963041e-03,5.582347e-01,2.831623e-01,3.934377e-03,4.882378e-02,2.831060e-02
1.437698e-02,2.441579e-03,2.202027e-03,4.142113e-03,1.039997e-02,3.193793e-03,9.627696e-04,7.085946e-04,3.543803e-02,4.869197e-03,5.368998e-01,3.054017e-01,3.658189e-03,5.222224e-02,2.308304e-02
1.101330e-02,2.195892e-03,1.671488e-03,3.143854e-03,8.125966e-03,2.911059e-03,8.844365e-04,5.272796e-04,2.540951e-02,3.909557e-03,6.510766e-01,2.306843e-01,2.898186e-03,3.825330e-02,1.729524e-02
2.802188e-02,2.254951e-03,1.602898e-03,2.879676e-03,1.011383e-02,6.402806e-03,1.091225e-03,5.697727e-04,1.912206e-02,4.244404e-03,6.590008e-01,2.076859e-01,3.879950e-03,3.705058e-02,1.607924e-02
5.697545e-02,1.480876e-02,3.767730e-03,5.511358e-03,1.012934e-02,1.046990e-02,1.366163e-03,6.879336e-04,1.671109e-02,7.327666e-03,6.064238e-01,1.701615e-01,4.359132e-03,2.797060e-02,6.332968e-02
5.042710e-02,1.406564e-02,4.234224e-03,4.911616e-03,9.527603e-03,1.360736e-02,2.396596e-03,7.704070e-04,1.377629e-02,6.806637e-03,6.618024e-01,1.333942e-01,4.374512e-03,2.012617e-02,5.977932e-02
4.437787e-02,1.164342e-02,5.629906e-03,4.424456e-03,1.126872e-02,2.231401e-02,2.700435e-03,9.522643e-04,1.262029e-02,6.389357e-03,6.705726e-01,1.390087e-01,7.394819e-03,1.605919e-02,4.464392e-02
4.937612e-02,1.330222e-02,9.169476e-03,4.755410e-03,1.371362e-02,3.629535e-02,4.752963e-03,1.997019e-03,1.502848e-02,6.176568e-03,6.226611e-01,1.639724e-01,9.679312e-03,1.340296e-02,3.571693e-02
4.793043e-02,4.860103e-02,3.391255e-02,5.013413e-03,5.499098e-02,3.032163e-02,7.895427e-03,4.997508e-03,6.492002e-02,5.781464e-03,4.919477e-01,1.547453e-01,8.383071e-03,1.010495e-02,3.045455e-02
5.237816e-02,7.963277e-02,2.850617e-02,7.489705e-03,6.258103e-02,2.878705e-02,7.518361e-03,6.422292e-03,1.716471e-01,5.192830e-03,3.912893e-01,1.166259e-01,6.694365e-03,7.552934e-03,2.768208e-02
4.461468e-02,7.776588e-02,2.326444e-02,7.278261e-03,6.821451e-02,3.740434e-02,5.979080e-03,5.189701e-03,2.869901e-01,4.270248e-03,3.150650e-01,8.840793e-02,5.750934e-03,5.610288e-03,2.419466e-02
3.256357e-02,6.770659e-02,1.872132e-02,8.320269e-03,6.705436e-02,4.007477e-02,4.372778e-03,4.312945e-03,4.040249e-01,4.714030e-03,2.452405e-01,6.773138e-02,9.715207e-03,4.208846e-03,2.123854e-02
2.876644e-02,5.881795e-02,2.629492e-02,7.771794e-03,1.768101e-01,5.118597e-02,3.224081e-03,3.838661e-03,3.682238e-01,4.129028e-03,1.866863e-01,5.440528e-02,1.058783e-02,3.169897e-03,1.608800e-02
3.958371e-02,4.426207e-02,2.613569e-02,1.109004e-02,3.365392e-01,3.963885e-02,2.692506e-03,4.415094e-03,2.939376e-01,3.138309e-03,1.332985e-01,4.128448e-02,9.443711e-03,2.481842e-03,1.205843e-02
4.175289e-02,3.333250e-02,2.015381e-02,1.249328e-02,4.271955e-01,3.316293e-02,1.958115e-03,3.652454e-03,2.203033e-01,2.627835e-03,9.994309e-02,4.784489e-02,4.445452e-02,2.122631e-03,9.002272e-03
3.303586e-02,2.642290e-02,1.473481e-02,1.765028e-02,3.597137e-01,3.366888e-02,1.497146e-03,4.418244e-03,1.634371e-01,3.007185e-03,7.903887e-02,5.886921e-02,1.877885e-01,2.400223e-03,1.431712e-02
2.734627e-02,2.232985e-02,1.084037e-02,2.336274e-02,2.843412e-01,5.578753e-02,1.238535e-03,5.080701e-03,1.463993e-01,2.750159e-03,6.543843e-02,6.775681e-02,2.652391e-01,2.076098e-03,2.001287e-02
2.165946e-02,1.756763e-02,8.101339e-03,2.265027e-02,2.249379e-01,5.801648e-02,9.741595e-04,4.050976e-03,1.296068e-01,2.290358e-03,4.986371e-02,5.414033e-02,3.845628e-01,1.770302e-03,1.980750e-02
1.707303e-02,1.882807e-02,6.127971e-03,1.867973e-02,1.613534e-01,6.747793e-02,8.858099e-04,3.906087e-03,1.280902e-01,2.020552e-03,3.646015e-02,4.122238e-02,4.793271e-01,1.320435e-03,1.722717e-02
1.886433e-02,3.054721e-02,5.573403e-03,1.743089e-02,1.189123e-01,1.143140e-01,1.316330e-03,6.705178e-03,1.562290e-01,3.023494e-03,2.694242e-02,3.405737e-02,4.264883e-01,1.196946e-03,3.839886e-02
1.505284e-02,8.557546e-02,7.302316e-03,4.771505e-02,8.452279e-02,9.524224e-02,1.168665e-03,5.205851e-03,2.090322e-01,5.160119e-03,1.995407e-02,2.473002e-02,3.168613e-01,9.943682e-04,8.148271e-02
1.150258e-02,1.495760e-01,1.709517e-02,8.764838e-02,5.999807e-02,7.435386e-02,9.255752e-04,4.219880e-03,2.209736e-01,8.837942e-03,1.538322e-02,1.757715e-02,2.251985e-01,7.974966e-04,1.059127e-01
1.600911e-02,1.293037e-01,2.018581e-02,7.113498e-02,5.329622e-02,1.542007e-01,4.101081e-03,9.434326e-03,2.261833e-01,8.124841e-03,1.957386e-02,1.349180e-02,1.900636e-01,6.905461e-04,8.420613e-02
2.139205e-02,1.105606e-01,1.786757e-02,5.987430e-02,5.279121e-02,1.655933e-01,5.771544e-03,1.405039e-02,2.186409e-01,6.369342e-03,1.579178e-02,1.117311e-02,2.300402e-01,7.211567e-04,6.936263e-02
3.545967e-02,1.207354e-01,1.515774e-02,4.853472e-02,4.374882e-02,1.948915e-01,5.810065e-03,1.629368e-02,2.087544e-01,6.073604e-03,1.165494e-02,8.574978e-03,2.209190e-01,6.665400e-04,6.272499e-02
3.989285e-02,1.456574e-01,1.160567e-02,4.052857e-02,3.707674e-02,1.973674e-01,5.459174e-03,1.530587e-02,2.259131e-01,5.353348e-03,8.580122e-03,6.405612e-03,2.032215e-01,5.925653e-04,5.704002e-02
3.418491e-02,1.704504e-01,1.549900e-02,1.523644e-01,3.014444e-02,1.523560e-01,4.067584e-03,1.657264e-02,1.912503e-01,5.343785e-03,7.631944e-03,4.892419e-03,1.463643e-01,5.655236e-04,6.831243e-02
6.750017e-02,1.286056e-01,2.297085e-02,1.603646e-01,5.198329e-02,1.809423e-01,4.462998e-03,2.117435e-02,1.656223e-01,5.823116e-03,9.876003e-03,4.331287e-03,1.156665e-01,7.442611e-04,5.993233e-02
7.860602e-02,1.000585e-01,7.527024e-02,1.958491e-01,6.507990e-02,1.434377e-01,6.476045e-03,3.479167e-02,1.293448e-01,1.491571e-02,9.135044e-03,4.078626e-03,9.102359e-02,7.857804e-04,5.114729e-02
7.897849e-02,9.360401e-02,1.681846e-01,1.997989e-01,5.229807e-02,1.048404e-01,5.290573e-03,2.710386e-02,1.117011e-01,2.849782e-02,7.696924e-03,3.470226e-03,6.456998e-02,7.696669e-04,5.319547e-02
1.503420e-01,9.332828e-02,1.419610e-01,1.736828e-01,4.935361e-02,8.433679e-02,5.869628e-03,2.245570e-02,9.868991e-02,3.853789e-02,7.533039e-03,3.582494e-03,4.784935e-02,9.329822e-04,8.154455e-02
2.044990e-01,9.558500e-02,1.053127e-01,1.352626e-01,9.055454e-02,1.029719e-01,9.778746e-03,2.589902e-02,9.276577e-02,2.737326e-02,7.233230e-03,3.251290e-03,3.667812e-02,1.269918e-03,6.156491e-02
1.959959e-01,1.131730e-01,9.248292e-02,1.665325e-01,1.021100e-01,1.031217e-01,1.101128e-02,2.754542e-02,7.244115e-02,2.170262e-02,6.660603e-03,3.442957e-03,2.644032e-02,1.146489e-03,5.619327e-02
2.580512e-01,1.047616e-01,7.253587e-02,1.569613e-01,9.268339e-02,8.989577e-02,9.977474e-03,2.386398e-02,8.190799e-02,1.705437e-02,7.130885e-03,6.140919e-03,2.057781e-02,1.877390e-03,5.658009e-02
3.248985e-01,9.047775e-02,5.615628e-02,1.226004e-01,8.165268e-02,8.075460e-02,8.390714e-03,2.171535e-02,1.232198e-01,1.254499e-02,6.981760e-03,7.102151e-03,1.651737e-02,2.510833e-03,4.447683e-02
4.045548e-01,7.585034e-02,4.525095e-02,9.834595e-02,6.830335e-02,7.019991e-02,7.262791e-03,2.136511e-02,1.263436e-01,9.601304e-03,6.617038e-03,8.722382e-03,1.454387e-02,3.674633e-03,3.936387e-02
3.496854e-01,6.173225e-02,1.161680e-01,1.507767e-01,5.933559e-02,5.245402e-02,5.427422e-03,3.653665e-02,9.993204e-02,7.593314e-03,5.833190e-03,7.766084e-03,1.085961e-02,3.034558e-03,3.286511e-02
3.684002e-01,5.104845e-02,9.706878e-02,1.457146e-01,5.050718e-02,4.121855e-02,4.012293e-03,8.056475e-02,9.723163e-02,6.889652e-03,6.965546e-03,7.641491e-03,8.685363e-03,3.064381e-03,3.098709e-02
4.668128e-01,3.920752e-02,7.338380e-02,1.117877e-01,3.815667e-02,3.196012e-02,3.091821e-03,1.076351e-01,7.713729e-02,5.039749e-03,5.881837e-03,6.690940e-03,7.126768e-03,2.563501e-03,2.352429e-02
1.000000e+00,0.000000e+00,0.000000e+00,0.000000e+00,0.000000e+00,0.000000e+00,0.000000e+00,0.000000e+00,0.000000e+00,0.000000e+00,0.000000e+00,0.000000e+00,0.000000e+00,0.000000e+00,0.000000e+00
1.000000e+00,0.000000e+00,0.000000e+00,0.000000e+00,0.000000e+00,0.000000e+00,0.000000e+00,0.000000e+00,0.000000e+00,0.000000e+00,0.000000e+00,0.000000e+00,0.000000e+00,0.000000e+00,0.000000e+00
1.000000e+00,0.000000e+00,0.000000e+00,0.000000e+00,0.000000e+00,0.000000e+00,0.000000e+00,0.000000e+00,0.000000e+00,0.000000e+00,0.000000e+00,0.000000e+00,0.000000e+00,0.000000e+00,0.000000e+00
1.000000e+00,0.000000e+00,0.000000e+00,0.000000e+00,0.000000e+00,0.000000e+00,0.000000e+00,0.000000e+00,0.000000e+00,0.000000e+00,0.000000e+00,0.000000e+00,0.000000e+00,0.000000e+00,0.000000e+00
1.000000e+00,0.000000e+00,0.000000e+00,0.000000e+00,0.000000e+00,0.000000e+00,0.000000e+00,0.000000e+00,0.000000e+00,0.000000e+00,0.000000e+00,0.000000e+00,0.000000e+00,0.000000e+00,0.000000e+00
4.958356e-01,2.145973e-01,2.469899e-02,1.112893e-01,1.798144e-02,7.817770e-03,1.742778e-03,4.094909e-02,1.696687e-02,2.136585e-03,3.517318e-02,8.104638e-03,5.937140e-03,7.689366e-03,9.079969e-03
4.128816e-01,2.413517e-01,2.687875e-02,1.011638e-01,1.441801e-02,6.259205e-03,1.477994e-03,3.163466e-02,1.460098e-02,2.248118e-03,8.696654e-02,1.067295e-02,6.059626e-03,3.540700e-02,7.979063e-03
4.689070e-01,1.714083e-01,2.184042e-02,7.508915e-02,1.286194e-02,6.404922e-03,1.816700e-03,2.745386e-02,1.114697e-02,2.014560e-03,1.219083e-01,1.608261e-02,6.543378e-03,5.062649e-02,5.895392e-03
3.822807e-01,1.238644e-01,1.931597e-02,5.794238e-02,1.729817e-02,2.224782e-02,3.031053e-03,3.039974e-02,1.079250e-02,2.557102e-03,2.417357e-01,2.296303e-02,6.207549e-03,5.410855e-02,5.255235e-03
3.226871e-01,8.788881e-02,1.467729e-02,4.172004e-02,1.546085e-02,2.408084e-02,2.929512e-03,2.382458e-02,8.266209e-03,2.191102e-03,3.759743e-01,2.226732e-02,4.956088e-03,4.887265e-02,4.203391e-03
2.874369e-01,6.224170e-02,1.149888e-02,3.139547e-02,1.521430e-02,4.391842e-02,2.242540e-03,1.711283e-02,6.486489e-03,1.960383e-03,4.292150e-01,3.276213e-02,4.103607e-03,5.082873e-02,3.582548e-03
2.353906e-01,4.442502e-02,8.612741e-03,2.314872e-02,1.255532e-02,5.356791e-02,1.643731e-03,1.215301e-02,5.216250e-03,1.762079e-03,5.052075e-01,3.652762e-02,3.406466e-03,5.334010e-02,3.042971e-03
1.882701e-01,3.358496e-02,6.852951e-03,1.764196e-02,1.229042e-02,4.984662e-02,1.392554e-03,8.748568e-03,5.558060e-03,2.216814e-03,5.864092e-01,3.459375e-02,3.088879e-03,4.606466e-02,3.440604e-03
1.448900e-01,2.423260e-02,5.129003e-03,1.321266e-02,9.719987e-03,4.204384e-02,1.043655e-03,6.326573e-03,5.056694e-03,2.167433e-03,6.717451e-01,2.810187e-02,2.659281e-03,4.065782e-02,3.013588e-03
1.032322e-01,1.774899e-02,3.775947e-03,9.361370e-03,7.437113e-03,3.141792e-02,7.666196e-04,4.480831e-03,4.703091e-03,2.075096e-03,7.399080e-01,2.699950e-02,2.115498e-03,4.347143e-02,2.506450e-03
8.361591e-02,1.432198e-02,3.206124e-03,7.406248e-03,5.850430e-03,2.322629e-02,6.176991e-04,3.355405e-03,5.414827e-03,1.869948e-03,7.761078e-01,2.629254e-02,1.880308e-03,4.344557e-02,3.388900e-03
6.286533e-02,1.631209e-02,3.459211e-03,5.586911e-03,1.073283e-02,1.749703e-02,5.200640e-04,2.596234e-03,1.213962e-02,2.730706e-03,7.375592e-01,4.637445e-02,1.681334e-03,7.554137e-02,4.403635e-03
6.712787e-02,1.700559e-02,1.127521e-02,6.907984e-03,1.182157e-02,1.405846e-02,7.367727e-04,1.156880e-02,4.274637e-02,4.325955e-03,6.613028e-01,5.177557e-02,1.475893e-03,8.949517e-02,8.375973e-03
6.489145e-02,1.596406e-02,1.225031e-02,6.558628e-03,1.036436e-02,1.089205e-02,8.634302e-04,1.321752e-02,6.214880e-02,5.216820e-03,6.231885e-01,5.047507e-02,1.449393e-03,1.142137e-01,8.305962e-03
9.251640e-02,2.055825e-02,1.839519e-02,1.092524e-02,1.644583e-02,1.104149e-02,1.832353e-03,1.996757e-02,7.628471e-02,5.874183e-03,5.377033e-01,5.965282e-02,1.865774e-03,1.164981e-01,1.043890e-02
1.166085e-01,1.931339e-02,1.806479e-02,1.100799e-02,2.083490e-02,1.105536e-02,2.013463e-03,2.962729e-02,1.170625e-01,8.276925e-03,4.732988e-01,6.244761e-02,2.388586e-03,9.698481e-02,1.101508e-02
9.984718e-02,2.277428e-02,1.363046e-02,8.805721e-03,2.192459e-02,1.042670e-02,1.536016e-03,2.934231e-02,2.168910e-01,7.487610e-03,4.318742e-01,5.171241e-02,2.087406e-03,7.239839e-02,9.261754e-03
8.215158e-02,2.303310e-02,1.020670e-02,6.627493e-03,2.674608e-02,1.081570e-02,1.131433e-03,2.605981e-02,2.465606e-01,6.434945e-03,4.544579e-01,3.885046e-02,1.899307e-03,5.665598e-02,8.368907e-03
6.750719e-02,2.337652e-02,8.089310e-03,6.047891e-03,3.689694e-02,1.048656e-02,9.114437e-04,2.505467e-02,3.125171e-01,6.269318e-03,4.221850e-01,2.885717e-02,2.143278e-03,4.207583e-02,7.581706e-03
5.614107e-02,2.262829e-02,5.954619e-03,5.381496e-03,4.152076e-02,2.411527e-02,6.778575e-04,1.959038e-02,3.779581e-01,6.187280e-03,3.733849e-01,2.107627e-02,1.965563e-03,3.391872e-02,9.499311e-03
4.860154e-02,2.878194e-02,4.353197e-03,4.883705e-03,4.221237e-02,5.580079e-02,5.017310e-04,1.630050e-02,4.182867e-01,5.064678e-03,3.218478e-01,1.501315e-02,1.615609e-03,2.756445e-02,9.171775e-03
4.814247e-02,4.061704e-02,3.873872e-03,8.420629e-03,5.243627e-02,7.370398e-02,4.057861e-04,1.889395e-02,4.414060e-01,6.152788e-03,2.491284e-01,1.075829e-02,1.702118e-03,2.234893e-02,2.200944e-02
4.841340e-02,4.344612e-02,4.145885e-03,1.573868e-02,4.488861e-02,1.804830e-01,3.497033e-04,2.524811e-02,3.619167e-01,8.682832e-03,1.830330e-01,7.855105e-03,2.057908e-03,1.771789e-02,5.602305e-02
4.473630e-02,3.805159e-02,3.670290e-03,1.364814e-02,3.695217e-02,3.389822e-01,3.367607e-04,2.260510e-02,2.897368e-01,7.263600e-03,1.355572e-01,5.746523e-03,1.801781e-03,1.454117e-02,4.637035e-02
3.739910e-02,4.829372e-02,7.273439e-03,1.930227e-01,4.871879e-02,2.491968e-01,4.784217e-04,3.910752e-02,2.167573e-01,6.171930e-03,9.557699e-02,4.178599e-03,1.339372e-03,1.075241e-02,4.173291e-02
4.863129e-02,7.127765e-02,9.998057e-03,1.495314e-01,5.013115e-02,3.023780e-01,6.509702e-04,6.270132e-02,1.790306e-01,4.668312e-03,6.948315e-02,3.201989e-03,1.316296e-03,1.393116e-02,3.306864e-02
4.952955e-02,8.500886e-02,1.024534e-02,1.102444e-01,5.701075e-02,3.757942e-01,5.842565e-04,6.357481e-02,1.482005e-01,3.392230e-03,5.229475e-02,2.628580e-03,1.611480e-03,1.598112e-02,2.389914e-02
7.194617e-02,8.314580e-02,1.819780e-02,9.291773e-02,6.484658e-02,3.152579e-01,8.370156e-04,1.217728e-01,1.302945e-01,2.910116e-03,4.477588e-02,1.023220e-02,7.360422e-03,1.591049e-02,1.959456e-02
7.609213e-02,6.721646e-02,1.530497e-02,7.373483e-02,5.867281e-02,3.573548e-01,9.759564e-04,1.276481e-01,1.229259e-01,2.482589e-03,4.049856e-02,1.880303e-02,9.447996e-03,1.381136e-02,1.503047e-02
8.362591e-02,6.899729e-02,1.273203e-02,5.682450e-02,5.565456e-02,3.921646e-01,1.178661e-03,1.083570e-01,1.354766e-01,2.098295e-03,3.257398e-02,1.688911e-02,9.478310e-03,1.203477e-02,1.191439e-02
1.035096e-01,6.144223e-02,1.128412e-02,4.335941e-02,4.232847e-02,4.622372e-01,1.517371e-03,9.097398e-02,1.169759e-01,1.727438e-03,2.512714e-02,1.332736e-02,7.385567e-03,9.438604e-03,9.365608e-03
1.386508e-01,5.464497e-02,9.243439e-03,3.270207e-02,3.250982e-02,4.987282e-01,1.465077e-03,6.731279e-02,1.071548e-01,1.449257e-03,2.130238e-02,1.148313e-02,6.275458e-03,9.036567e-03,8.041269e-03
1.959341e-01,5.245331e-02,8.634657e-03,2.566731e-02,2.639030e-02,4.595444e-01,1.690501e-03,5.853824e-02,1.105378e-01,2.141104e-03,2.225955e-02,1.057671e-02,5.839565e-03,1.142483e-02,8.367598e-03
2.587941e-01,4.265828e-02,8.012259e-03,2.108195e-02,2.495388e-02,3.848211e-01,2.064710e-03,5.317679e-02,1.315398e-01,3.340954e-03,2.543012e-02,1.670707e-02,5.247650e-03,1.341642e-02,8.755002e-03
3.418469e-01,3.761094e-02,7.050155e-03,1.952621e-02,2.720434e-02,2.916816e-01,2.460595e-03,4.153525e-02,1.312146e-01,3.555983e-03,4.261185e-02,2.431234e-02,5.363803e-03,1.460655e-02,9.418795e-03
4.713237e-01,3.219705e-02,5.582476e-03,1.809111e-02,3.065199e-02,2.095587e-01,2.233604e-03,3.141789e-02,1.077666e-01,4.328486e-03,3.653950e-02,2.213522e-02,5.035818e-03,1.290091e-02,1.023692e-02
1.000000e+00,0.000000e+00,0.000000e+00,0.000000e+00,0.000000e+00,0.000000e+00,0.000000e+00,0.000000e+00,0.000000e+00,0.000000e+00,0.000000e+00,0.000000e+00,0.000000e+00,0.000000e+00,0.000000e+00
1.000000e+00,0.000000e+00,0.000000e+00,0.000000e+00,0.000000e+00,0.000000e+00,0.000000e+00,0.000000e+00,0.000000e+00,0.000000e+00,0.000000e+00,0.000000e+00,0.000000e+00,0.000000e+00,0.000000e+00
1.000000e+00,0.000000e+00,0.000000e+00,0.000000e+00,0.000000e+00,0.000000e+00,0.000000e+00,0.000000e+00,0.000000e+00,0.000000e+00,0.000000e+00,0.000000e+00,0.000000e+00,0.000000e+00,0.000000e+00
4.632465e-01,1.697439e-02,7.444183e-03,2.069046e-02,1.559500e-02,1.107774e-01,2.496664e-03,1.229125e-02,3.582330e-02,9.595553e-03,1.224563e-01,1.577834e-01,4.553986e-03,7.155512e-03,1.311607e-02
3.278067e-01,1.208233e-02,5.381661e-03,1.498158e-02,1.106359e-02,8.783729e-02,1.808875e-03,8.692118e-03,2.547609e-02,7.284160e-03,1.442329e-01,3.348206e-01,3.345898e-03,5.509537e-03,9.676610e-03
2.325814e-01,9.374824e-03,4.215397e-03,1.155188e-02,8.297971e-03,6.464121e-02,1.348780e-03,6.189225e-03,1.866341e-02,6.407141e-03,1.629862e-01,4.574053e-01,2.453254e-03,4.482158e-03,9.401859e-03
1.647294e-01,7.940944e-03,3.738116e-03,8.446500e-03,9.448381e-03,4.691695e-02,1.234271e-03,4.732582e-03,1.370411e-02,4.913284e-03,1.436273e-01,5.771971e-01,1.851795e-03,3.706366e-03,7.812939e-03
1.162124e-01,6.026913e-03,2.907516e-03,6.179353e-03,9.029784e-03,3.405112e-02,1.241111e-03,3.801044e-03,1.037675e-02,3.668400e-03,1.136875e-01,6.827359e-01,1.399079e-03,2.880872e-03,5.802186e-03
8.274024e-02,6.002095e-03,3.475256e-03,4.455251e-03,2.731728e-02,2.460638e-02,2.197637e-03,4.447201e-03,1.105658e-02,3.016775e-03,8.539455e-02,7.372687e-01,1.076634e-03,2.316121e-03,4.629277e-03
6.103198e-02,4.811564e-03,3.192207e-03,3.461235e-03,3.269736e-02,1.937291e-02,6.413218e-03,1.254784e-02,9.418986e-03,2.555285e-03,7.840282e-02,7.595876e-01,9.483891e-04,2.117672e-03,3.440883e-03
5.015612e-02,3.873240e-03,2.851621e-03,2.663353e-03,4.618511e-02,1.616524e-02,9.988609e-03,1.430429e-02,1.110197e-02,2.604791e-03,7.471672e-02,7.596701e-01,9.232616e-04,2.082787e-03,2.712774e-03
3.790752e-02,1.454964e-02,1.204720e-02,2.228635e-03,8.345558e-02,1.273556e-02,7.888827e-03,1.696149e-02,3.489236e-02,2.978640e-03,8.616294e-02,6.774656e-01,1.042316e-03,2.152961e-03,7.530776e-03
2.747458e-02,1.601941e-02,2.505019e-02,2.497958e-03,7.027072e-02,1.015678e-02,5.630782e-03,3.013227e-02,4.711816e-02,3.525267e-03,1.716965e-01,5.764251e-01,1.334809e-03,2.651136e-03,1.001634e-02
1.951795e-02,1.253647e-02,1.966895e-02,2.207302e-03,5.589329e-02,8.081252e-03,3.965516e-03,2.332464e-02,7.911489e-02,3.995412e-03,2.914883e-01,4.665009e-01,1.978820e-03,3.957860e-03,7.768393e-03
1.475378e-02,1.545447e-02,3.523657e-02,2.377184e-03,5.002934e-02,6.729292e-03,2.973862e-03,3.038851e-02,9.958073e-02,9.888068e-03,3.231913e-01,3.883297e-01,4.175755e-03,9.764747e-03,7.126691e-03
1.140801e-02,1.651111e-02,3.315007e-02,3.815914e-03,4.362848e-02,6.405860e-03,2.279820e-03,2.732551e-02,1.507713e-01,1.626242e-02,2.964956e-01,3.588803e-01,6.086564e-03,2.069309e-02,6.285963e-03
9.445458e-03,2.351274e-02,2.558270e-02,3.362165e-03,4.716258e-02,6.371955e-03,1.720186e-03,2.235899e-02,2.908246e-01,3.013857e-02,2.412957e-01,2.667716e-01,8.935880e-03,1.758051e-02,4.936454e-03
8.067599e-03,2.435623e-02,2.024636e-02,2.972017e-03,5.086568e-02,6.838591e-03,1.354803e-03,2.419383e-02,3.690456e-01,3.455952e-02,2.152190e-01,2.054753e-01,1.723879e-02,1.582291e-02,3.743846e-03
9.510061e-03,2.717673e-02,4.786607e-02,7.234137e-03,8.183018e-02,1.015256e-02,2.159719e-03,8.102824e-02,3.593967e-01,3.391080e-02,1.558843e-01,1.521626e-01,1.543591e-02,1.316801e-02,3.084081e-03
1.349590e-02,4.021931e-02,4.010761e-02,8.612571e-03,9.138817e-02,1.524288e-02,2.008408e-03,9.986115e-02,3.939267e-01,2.988115e-02,1.182921e-01,1.185158e-01,1.291563e-02,1.280420e-02,2.728431e-03
1.701214e-02,4.590574e-02,3.132002e-02,8.527325e-03,1.122316e-01,2.105106e-02,2.114784e-03,9.754132e-02,4.323608e-01,2.818105e-02,8.975871e-02,9.013179e-02,1.041578e-02,1.100446e-02,2.443430e-03
3.433518e-02,4.993637e-02,3.050297e-02,1.474197e-02,1.243542e-01,2.672897e-02,3.252387e-03,1.120057e-01,3.652073e-01,6.045438e-02,7.883689e-02,7.424237e-02,1.193789e-02,1.096616e-02,2.497260e-03
7.755723e-02,6.843121e-02,2.711716e-02,1.784522e-02,1.358649e-01,2.788193e-02,3.862897e-03,1.138186e-01,3.046948e-01,5.617128e-02,7.455756e-02,6.457443e-02,1.210441e-02,1.233096e-02,3.187424e-03
1.013656e-01,6.290916e-02,2.311414e-02,3.257828e-02,1.932611e-01,2.474570e-02,4.232784e-03,1.073831e-01,2.622174e-01,4.432011e-02,5.776607e-02,6.023980e-02,1.094794e-02,9.621484e-03,5.297420e-03
1.693990e-01,6.753014e-02,1.971950e-02,3.519963e-02,1.892199e-01,2.423385e-02,4.648940e-03,8.541879e-02,2.105529e-01,3.476892e-02,7.806812e-02,5.297447e-02,1.114241e-02,1.133142e-02,5.792065e-03
2.723100e-01,5.590234e-02,1.619669e-02,4.067763e-02,1.465835e-01,2.137376e-02,4.173458e-03,6.139507e-02,1.586190e-01,2.697938e-02,9.991984e-02,6.563381e-02,1.415110e-02,9.565951e-03,6.518498e-03
2.950980e-01,4.465190e-02,1.295051e-02,4.703561e-02,1.079337e-01,2.028999e-02,4.385674e-03,4.408379e-02,1.185934e-01,2.262840e-02,8.379042e-02,1.565654e-01,2.649427e-02,8.099756e-03,7.399181e-03
3.380109e-01,3.414523e-02,9.913472e-03,3.712117e-02,7.852596e-02,2.134372e-02,3.850497e-03,3.136327e-02,8.768042e-02,1.892868e-02,6.520586e-02,2.323495e-01,2.806689e-02,6.885440e-03,6.609000e-03
4.105358e-01,2.492564e-02,7.288001e-03,2.985771e-02,5.553206e-02,2.510713e-02,3.613951e-03,2.277640e-02,6.648368e-02,1.492485e-02,5.355226e-02,2.478922e-01,2.472383e-02,6.519846e-03,6.266636e-03
2.968894e-01,1.992972e-02,5.300607e-03,2.149925e-02,3.977628e-02,4.095787e-02,3.287706e-03,1.630341e-02,5.305606e-02,1.131567e-02,4.253463e-02,4.152967e-01,2.385653e-02,5.376783e-03,4.619411e-03
2.140000e-01,1.427482e-02,3.894159e-03,1.530635e-02,2.945738e-02,4.572594e-02,3.049614e-03,1.188388e-02,4.076553e-02,8.216688e-03,3.266244e-02,5.517949e-01,2.173903e-02,3.928069e-03,3.301153e-03
1.518843e-01,1.009126e-02,2.846518e-03,1.076963e-02,2.279575e-02,3.400159e-02,2.746366e-03,9.054579e-03,2.931853e-02,5.843736e-03,2.456348e-02,6.732661e-01,1.749129e-02,2.980118e-03,2.346705e-03
1.108748e-01,7.159787e-03,2.150738e-03,7.625188e-03,1.706664e-02,2.677210e-02,2.170591e-03,7.319459e-03,2.094645e-02,4.227080e-03,1.894263e-02,7.570298e-01,1.373674e-02,2.307650e-03,1.670306e-03
7.893202e-02,5.042988e-03,1.609633e-03,5.376116e-03,1.256727e-02,2.008690e-02,1.611151e-03,5.331347e-03,1.495376e-02,3.068975e-03,1.434920e-02,8.233204e-01,1.073242e-02,1.832790e-03,1.185008e-03
5.556871e-02,3.548194e-03,1.281387e-03,3.770487e-03,9.175133e-03,1.455015e-02,1.181410e-03,3.947597e-03,1.069810e-02,2.194492e-03,1.090937e-02,8.724746e-01,8.405646e-03,1.452899e-03,8.418910e-04
3.941667e-02,2.523911e-03,1.458375e-03,2.669997e-03,7.243802e-03,1.087626e-02,1.024610e-03,6.500905e-03,7.873107e-03,1.579946e-03,9.595207e-03,8.975953e-01,9.777095e-03,1.256130e-03,6.087611e-04
2.866079e-02,1.871760e-03,2.078670e-03,1.981598e-03,5.777834e-03,1.099524e-02,9.097728e-04,5.565847e-03,6.335595e-03,1.138804e-03,8.029102e-03,9.115472e-01,1.367739e-02,9.740894e-04,4.563822e-04
2.325581e-02,2.073399e-03,7.381893e-03,1.531781e-03,5.424639e-03,1.017676e-02,9.296440e-04,4.648049e-03,6.176232e-03,8.998803e-04,6.869764e-03,9.118215e-01,1.761590e-02,7.693871e-04,4.254224e-04
2.824245e-02,7.287922e-03,5.606178e-02,2.088568e-03,1.365988e-02,9.962320e-03,2.863771e-03,8.159677e-03,3.051613e-02,1.012881e-03,9.885736e-03,7.998210e-01,2.838649e-02,1.490550e-03,5.608699e-04
4.546369e-02,6.076263e-03,8.353169e-02,6.053207e-03,2.838369e-02,1.510302e-02,3.984290e-03,7.664153e-02,2.749037e-02,1.020898e-03,9.564806e-03,6.569103e-01,3.762834e-02,1.647086e-03,5.008313e-04
6.970631e-02,5.394128e-03,7.320993e-02,1.085287e-02,6.216084e-02,1.813924e-02,5.961985e-03,6.769470e-02,3.414107e-02,1.200563e-03,1.136123e-02,5.532855e-01,8.430077e-02,1.964686e-03,6.261413e-04
5.985413e-02,8.834694e-03,5.243662e-02,9.401125e-03,5.606570e-02,1.760237e-02,8.071435e-03,5.170267e-02,2.307294e-01,1.313088e-03,1.014375e-02,4.209645e-01,7.070136e-02,1.456918e-03,7.221971e-04
4.304752e-02,1.008860e-02,3.685633e-02,7.281982e-03,4.123552e-02,1.434856e-02,5.921741e-03,3.639899e-02,4.386911e-01,9.647933e-04,8.220309e-03,3.023798e-01,5.291051e-02,1.031627e-03,6.226178e-04
3.090191e-02,1.137562e-02,2.588379e-02,5.957786e-03,3.095262e-02,1.093857e-02,4.440324e-03,2.552142e-02,5.936486e-01,1.012695e-03,6.122789e-03,2.123852e-01,3.949676e-02,7.253744e-04,6.366251e-04
2.526984e-02,1.043574e-02,3.280897e-02,8.616094e-03,4.150595e-02,1.452855e-02,9.203964e-03,2.069311e-02,6.485210e-01,1.952779e-03,4.486941e-03,1.490403e-01,3.109630e-02,5.163655e-04,1.324179e-03
2.399003e-02,1.539521e-02,4.189150e-02,9.759594e-03,5.193497e-02,1.216944e-02,1.013344e-02,1.490271e-02,6.747221e-01,4.669862e-03,3.219410e-03,1.044772e-01,2.669697e-02,3.711050e-04,5.666584e-03
2.299811e-02,2.109376e-02,1.114806e-01,4.239587e-02,5.864256e-02,9.922315e-03,8.782053e-03,1.225009e-02,5.809336e-01,1.234372e-02,3.162185e-03,7.420745e-02,2.099974e-02,2.918371e-04,2.049617e-02
2.431097e-02,3.366248e-02,1.342888e-01,4.586398e-02,5.771892e-02,9.790866e-03,7.760026e-03,1.009072e-02,5.025240e-01,3.449569e-02,3.999501e-03,5.340597e-02,1.831783e-02,2.946699e-04,6.347563e-02
1.761458e-02,3.467150e-02,3.001376e-01,5.021150e-02,4.141076e-02,7.094881e-03,5.556015e-03,7.387303e-03,3.643947e-01,5.139778e-02,4.655723e-03,3.809790e-02,1.613177e-02,2.632678e-04,6.097471e-02
1.429770e-02,5.268540e-02,3.510140e-01,8.145969e-02,3.181711e-02,5.956569e-03,4.143501e-03,5.397426e-03,2.909818e-01,4.744058e-02,9.680564e-03,2.737681e-02,1.475913e-02,3.770058e-04,6.261268e-02
2.035444e-02,7.587886e-02,2.711997e-01,6.465509e-02,4.873002e-02,7.437179e-03,5.462930e-03,4.617028e-03,3.554583e-01,3.439775e-02,2.582486e-02,2.020105e-02,1.701906e-02,4.540606e-04,4.830972e-02
1.913431e-02,6.879904e-02,1.983108e-01,9.595292e-02,6.721062e-02,1.130224e-02,6.643590e-03,4.990845e-03,4.086948e-01,2.455088e-02,3.203987e-02,1.435656e-02,1.265659e-02,4.800155e-04,3.487692e-02
1.613177e-02,7.601573e-02,1.605826e-01,1.716971e-01,5.325994e-02,8.995082e-03,5.346754e-03,4.662789e-03,4.044696e-01,2.095404e-02,2.548721e-02,1.035083e-02,1.024917e-02,4.977843e-04,3.129970e-02
1.557501e-02,6.338003e-02,1.406429e-01,2.843537e-01,4.314472e-02,7.594562e-03,4.115061e-03,5.093413e-03,3.279409e-01,2.446934e-02,2.101233e-02,7.600318e-03,8.398073e-03,7.682820e-04,4.591146e-02
1.650826e-02,5.981357e-02,1.347854e-01,3.111874e-01,3.277345e-02,5.919539e-03,3.084079e-03,4.590087e-03,3.051322e-01,2.973122e-02,2.106674e-02,5.863797e-03,7.655796e-03,1.490165e-03,6.039833e-02
2.814499e-02,5.113679e-02,1.099641e-01,2.555806e-01,3.088426e-02,5.924372e-03,2.666675e-03,4.950763e-03,3.104113e-01,4.162075e-02,3.410473e-02,4.971049e-03,8.385309e-03,2.035878e-03,1.092184e-01
6.512832e-02,4.077566e-02,8.027716e-02,3.352154e-01,2.570878e-02,5.266429e-03,2.000125e-03,3.916745e-03,2.391551e-01,3.086761e-02,7.492135e-02,5.620804e-03,8.760033e-03,1.825952e-03,8.056056e-02
7.296783e-02,3.112456e-02,5.776330e-02,3.379118e-01,1.978175e-02,4.147955e-03,1.538535e-03,3.032788e-03,2.527761e-01,2.322651e-02,1.095731e-01,1.250018e-02,8.595027e-03,2.165192e-03,6.289537e-02
8.100680e-02,2.229514e-02,4.110096e-02,2.718427e-01,1.481877e-02,7.899477e-03,1.642331e-03,2.508113e-03,2.232255e-01,2.025522e-02,1.755195e-01,6.065034e-02,2.744841e-02,2.897441e-03,4.688922e-02
7.856311e-02,1.677619e-02,3.517447e-02,2.259599e-01,1.392917e-02,1.798899e-02,2.163939e-03,2.377199e-03,1.691326e-01,1.780361e-02,1.893551e-01,1.399249e-01,4.587227e-02,4.204862e-03,4.077373e-02
7.851664e-02,1.260717e-02,2.794808e-02,1.851745e-01,1.197917e-02,2.451832e-02,2.314771e-03,2.061548e-03,1.239377e-01,1.600337e-02,2.046924e-01,2.154888e-01,5.213105e-02,7.783991e-03,3.484242e-02
5.644844e-02,9.926548e-03,2.025562e-02,1.380651e-01,9.665411e-03,2.526938e-02,1.810530e-03,1.831166e-03,9.031158e-02,1.423204e-02,2.074048e-01,3.419030e-01,4.934730e-02,7.452840e-03,2.607612e-02
4.064924e-02,8.009306e-03,1.460273e-02,9.962273e-02,7.999795e-03,2.286065e-02,1.425667e-03,1.614469e-03,6.736242e-02,1.369670e-02,1.691919e-01,4.736056e-01,4.810062e-02,1.139711e-02,1.986098e-02
