1.000000e+00,0.000000e+00,0.000000e+00,0.000000e+00,0.000000e+00,0.000000e+00,0.000000e+00,0.000000e+00,0.000000e+00,0.000000e+00,0.000000e+00,0.000000e+00,0.000000e+00,0.000000e+00,0.000000e+00
1.000000e+00,0.000000e+00,0.000000e+00,0.000000e+00,0.000000e+00,0.000000e+00,0.000000e+00,0.000000e+00,0.000000e+00,0.000000e+00,0.000000e+00,0.000000e+00,0.000000e+00,0.000000e+00,0.000000e+00
1.000000e+00,0.000000e+00,0.000000e+00,0.000000e+00,0.000000e+00,0.000000e+00,0.000000e+00,0.000000e+00,0.000000e+00,0.000000e+00,0.000000e+00,0.000000e+00,0.000000e+00,0.000000e+00,0.000000e+00
1.000000e+00,0.000000e+00,0.000000e+00,0.000000e+00,0.000000e+00,0.000000e+00,0.000000e+00,0.000000e+00,0.000000e+00,0.000000e+00,0.000000e+00,0.000000e+00,0.000000e+00,0.000000e+00,0.000000e+00
1.000000e+00,0.000000e+00,0.000000e+00,0.000000e+00,0.000000e+00,0.000000e+00,0.000000e+00,0.000000e+00,0.000000e+00,0.000000e+00,0.000000e+00,0.000000e+00,0.000000e+00,0.000000e+00,0.000000e+00
1.000000e+00,0.000000e+00,0.000000e+00,0.000000e+00,0.000000e+00,0.000000e+00,0.000000e+00,0.000000e+00,0.000000e+00,0.000000e+00,0.000000e+00,0.000000e+00,0.000000e+00,0.000000e+00,0.000000e+00
1.000000e+00,0.000000e+00,0.000000e+00,0.000000e+00,0.000000e+00,0.000000e+00,0.000000e+00,0.000000e+00,0.000000e+00,0.000000e+00,0.000000e+00,0.000000e+00,0.000000e+00,0.000000e+00,0.000000e+00
1.000000e+00,0.000000e+00,0.000000e+00,0.000000e+00,0.000000e+00,0.000000e+00,0.000000e+00,0.000000e+00,0.000000e+00,0.000000e+00,0.000000e+00,0.000000e+00,0.000000e+00,0.000000e+00,0.000000e+00
1.000000e+00,0.000000e+00,0.000000e+00,0.000000e+00,0.000000e+00,0.000000e+00,0.000000e+00,0.000000e+00,0.000000e+00,0.000000e+00,0.000000e+00,0.000000e+00,0.000000e+00,0.000000e+00,0.000000e+00
1.000000e+00,0.000000e+00,0.000000e+00,0.000000e+00,0.000000e+00,0.000000e+00,0.000000e+00,0.000000e+00,0.000000e+00,0.000000e+00,0.000000e+00,0.000000e+00,0.000000e+00,0.000000e+00,0.000000e+00
1.000000e+00,0.000000e+00,0.000000e+00,0.000000e+00,0.000000e+00,0.000000e+00,0.000000e+00,0.000000e+00,0.000000e+00,0.000000e+00,0.000000e+00,0.000000e+00,0.000000e+00,0.000000e+00,0.000000e+00
1.000000e+00,0.000000e+00,0.000000e+00,0.000000e+00,0.000000e+00,0.000000e+00,0.000000e+00,0.000000e+00,0.000000e+00,0.000000e+00,0.000000e+00,0.000000e+00,0.000000e+00,0.000000e+00,0.000000e+00
1.000000e+00,0.000000e+00,0.000000e+00,0.000000e+00,0.000000e+00,0.000000e+00,0.000000e+00,0.000000e+00,0.000000e+00,0.000000e+00,0.000000e+00,0.000000e+00,0.000000e+00,0.000000e+00,0.000000e+00
1.000000e+00,0.000000e+00,0.000000e+00,0.000000e+00,0.000000e+00,0.000000e+00,0.000000e+00,0.000000e+00,0.000000e+00,0.000000e+00,0.000000e+00,0.000000e+00,0.000000e+00,0.000000e+00,0.000000e+00
1.000000e+00,0.000000e+00,0.000000e+00,0.000000e+00,0.000000e+00,0.000000e+00,0.000000e+00,0.000000e+00,0.000000e+00,0.000000e+00,0.000000e+00,0.000000e+00,0.000000e+00,0.000000e+00,0.000000e+00
1.000000e+00,0.000000e+00,0.000000e+00,0.000000e+00,0.000000e+00,0.000000e+00,0.000000e+00,0.000000e+00,0.000000e+00,0.000000e+00,0.000000e+00,0.000000e+00,0.000000e+00,0.000000e+00,0.000000e+00
1.000000e+00,0.000000e+00,0.000000e+00,0.000000e+00,0.000000e+00,0.000000e+00,0.000000e+00,0.000000e+00,0.000000e+00,0.000000e+00,0.000000e+00,0.000000e+00,0.000000e+00,0.000000e+00,0.000000e+00
1.000000e+00,0.000000e+00,0.000000e+00,0.000000e+00,0.000000e+00,0.000000e+00,0.000000e+00,0.000000e+00,0.000000e+00,0.000000e+00,0.000000e+00,0.000000e+00,0.000000e+00,0.000000e+00,0.000000e+00
1.000000e+00,0.000000e+00,0.000000e+00,0.000000e+00,0.000000e+00,0.000000e+00,0.000000e+00,0.000000e+00,0.000000e+00,0.000000e+00,0.000000e+00,0.000000e+00,0.000000e+00,0.000000e+00,0.000000e+00
1.000000e+00,0.000000e+00,0.000000e+00,0.000000e+00,0.000000e+00,0.000000e+00,0.000000e+00,0.000000e+00,0.000000e+00,0.000000e+00,0.000000e+00,0.000000e+00,0.000000e+00,0.000000e+00,0.000000e+00
1.000000e+00,0.000000e+00,0.000000e+00,0.000000e+00,0.000000e+00,0.000000e+00,0.000000e+00,0.000000e+00,0.000000e+00,0.000000e+00,0.000000e+00,0.000000e+00,0.000000e+00,0.000000e+00,0.000000e+00
1.000000e+00,0.000000e+00,0.000000e+00,0.000000e+00,0.000000e+00,0.000000e+00,0.000000e+00,0.000000e+00,0.000000e+00,0.000000e+00,0.000000e+00,0.000000e+00,0.000000e+00,0.000000e+00,0.000000e+00
1.000000e+00,0.000000e+00,0.000000e+00,0.000000e+00,0.000000e+00,0.000000e+00,0.000000e+00,0.000000e+00,0.000000e+00,0.000000e+00,0.000000e+00,0.000000e+00,0.000000e+00,0.000000e+00,0.000000e+00
1.000000e+00,0.000000e+00,0.000000e+00,0.000000e+00,0.000000e+00,0.000000e+00,0.000000e+00,0.000000e+00,0.000000e+00,0.000000e+00,0.000000e+00,0.000000e+00,0.000000e+00,0.000000e+00,0.000000e+00
1.000000e+00,0.000000e+00,0.000000e+00,0.000000e+00,0.000000e+00,0.000000e+00,0.000000e+00,0.000000e+00,0.000000e+00,0.000000e+00,0.000000e+00,0.000000e+00,0.000000e+00,0.000000e+00,0.000000e+00
1.000000e+00,0.000000e+00,0.000000e+00,0.000000e+00,0.000000e+00,0.000000e+00,0.000000e+00,0.000000e+00,0.000000e+00,0.000000e+00,0.000000e+00,0.000000e+00,0.000000e+00,0.000000e+00,0.000000e+00
1.000000e+00,0.000000e+00,0.000000e+00,0.000000e+00,0.000000e+00,0.000000e+00,0.000000e+00,0.000000e+00,0.000000e+00,0.000000e+00,0.000000e+00,0.000000e+00,0.000000e+00,0.000000e+00,0.000000e+00
1.000000e+00,0.000000e+00,0.000000e+00,0.000000e+00,0.000000e+00,0.000000e+00,0.000000e+00,0.000000e+00,0.000000e+00,0.000000e+00,0.000000e+00,0.000000e+00,0.000000e+00,0.000000e+00,0.000000e+00
1.000000e+00,0.000000e+00,0.000000e+00,0.000000e+00,0.000000e+00,0.000000e+00,0.000000e+00,0.000000e+00,0.000000e+00,0.000000e+00,0.000000e+00,0.000000e+00,0.000000e+00,0.000000e+00,0.000000e+00
1.000000e+00,0.000000e+00,0.000000e+00,0.000000e+00,0.000000e+00,0.000000e+00,0.000000e+00,0.000000e+00,0.000000e+00,0.000000e+00,0.000000e+00,0.000000e+00,0.000000e+00,0.000000e+00,0.000000e+00
1.000000e+00,0.000000e+00,0.000000e+00,0.000000e+00,0.000000e+00,0.000000e+00,0.000000e+00,0.000000e+00,0.000000e+00,0.000000e+00,0.000000e+00,0.000000e+00,0.000000e+00,0.000000e+00,0.000000e+00
1.000000e+00,0.000000e+00,0.000000e+00,0.000000e+00,0.000000e+00,0.000000e+00,0.000000e+00,0.000000e+00,0.000000e+00,0.000000e+00,0.000000e+00,0.000000e+00,0.000000e+00,0.000000e+00,0.000000e+00
1.000000e+00,0.000000e+00,0.000000e+00,0.000000e+00,0.000000e+00,0.000000e+00,0.000000e+00,0.000000e+00,0.000000e+00,0.000000e+00,0.000000e+00,0.000000e+00,0.000000e+00,0.000000e+00,0.000000e+00
1.000000e+00,0.000000e+00,0.000000e+00,0.000000e+00,0.000000e+00,0.000000e+00,0.000000e+00,0.000000e+00,0.000000e+00,0.000000e+00,0.000000e+00,0.000000e+00,0.000000e+00,0.000000e+00,0.000000e+00
1.000000e+00,0.000000e+00,0.000000e+00,0.000000e+00,0.000000e+00,0.000000e+00,0.000000e+00,0.000000e+00,0.000000e+00,0.000000e+00,0.000000e+00,0.000000e+00,0.000000e+00,0.000000e+00,0.000000e+00
1.000000e+00,0.000000e+00,0.000000e+00,0.000000e+00,0.000000e+00,0.000000e+00,0.000000e+00,0.000000e+00,0.000000e+00,0.000000e+00,0.000000e+00,0.000000e+00,0.000000e+00,0.000000e+00,0.000000e+00
1.000000e+00,0.000000e+00,0.000000e+00,0.000000e+00,0.000000e+00,0.000000e+00,0.000000e+00,0.000000e+00,0.000000e+00,0.000000e+00,0.000000e+00,0.000000e+00,0.000000e+00,0.000000e+00,0.000000e+00
1.000000e+00,0.000000e+00,0.000000e+00,0.000000e+00,0.000000e+00,0.000000e+00,0.000000e+00,0.000000e+00,0.000000e+00,0.000000e+00,0.000000e+00,0.000000e+00,0.000000e+00,0.000000e+00,0.000000e+00
1.000000e+00,0.000000e+00,0.000000e+00,0.000000e+00,0.000000e+00,0.000000e+00,0.000000e+00,0.000000e+00,0.000000e+00,0.000000e+00,0.000000e+00,0.000000e+00,0.000000e+00,0.000000e+00,0.000000e+00
1.000000e+00,0.000000e+00,0.000000e+00,0.000000e+00,0.000000e+00,0.000000e+00,0.000000e+00,0.000000e+00,0.000000e+00,0.000000e+00,0.000000e+00,0.000000e+00,0.000000e+00,0.000000e+00,0.000000e+00
1.000000e+00,0.000000e+00,0.000000e+00,0.000000e+00,0.000000e+00,0.000000e+00,0.000000e+00,0.000000e+00,0.000000e+00,0.000000e+00,0.000000e+00,0.000000e+00,0.000000e+00,0.000000e+00,0.000000e+00
1.000000e+00,0.000000e+00,0.000000e+00,0.000000e+00,0.000000e+00,0.000000e+00,0.000000e+00,0.000000e+00,0.000000e+00,0.000000e+00,0.000000e+00,0.000000e+00,0.000000e+00,0.000000e+00,0.000000e+00
1.000000e+00,0.000000e+00,0.000000e+00,0.000000e+00,0.000000e+00,0.000000e+00,0.000000e+00,0.000000e+00,0.000000e+00,0.000000e+00,0.000000e+00,0.000000e+00,0.000000e+00,0.000000e+00,0.000000e+00
1.000000e+00,0.000000e+00,0.000000e+00,0.000000e+00,0.000000e+00,0.000000e+00,0.000000e+00,0.000000e+00,0.000000e+00,0.000000e+00,0.000000e+00,0.000000e+00,0.000000e+00,0.000000e+00,0.000000e+00
1.000000e+00,0.000000e+00,0.000000e+00,0.000000e+00,0.000000e+00,0.000000e+00,0.000000e+00,0.000000e+00,0.000000e+00,0.000000e+00,0.000000e+00,0.000000e+00,0.000000e+00,0.000000e+00,0.000000e+00
1.000000e+00,0.000000e+00,0.000000e+00,0.000000e+00,0.000000e+00,0.000000e+00,0.000000e+00,0.000000e+00,0.000000e+00,0.000000e+00,0.000000e+00,0.000000e+00,0.000000e+00,0.000000e+00,0.000000e+00
1.000000e+00,0.000000e+00,0.000000e+00,0.000000e+00,0.000000e+00,0.000000e+00,0.000000e+00,0.000000e+00,0.000000e+00,0.000000e+00,0.000000e+00,0.000000e+00,0.000000e+00,0.000000e+00,0.000000e+00
1.000000e+00,0.000000e+00,0.000000e+00,0.000000e+00,0.000000e+00,0.000000e+00,0.000000e+00,0.000000e+00,0.000000e+00,0.000000e+00,0.000000e+00,0.000000e+00,0.000000e+00,0.000000e+00,0.000000e+00
1.000000e+00,0.000000e+00,0.000000e+00,0.000000e+00,0.000000e+00,0.000000e+00,0.000000e+00,0.000000e+00,0.000000e+00,0.000000e+00,0.000000e+00,0.000000e+00,0.000000e+00,0.000000e+00,0.000000e+00
1.000000e+00,0.000000e+00,0.000000e+00,0.000000e+00,0.000000e+00,0.000000e+00,0.000000e+00,0.000000e+00,0.000000e+00,0.000000e+00,0.000000e+00,0.000000e+00,0.000000e+00,0.000000e+00,0.000000e+00
1.000000e+00,0.000000e+00,0.000000e+00,0.000000e+00,0.000000e+00,0.000000e+00,0.000000e+00,0.000000e+00,0.000000e+00,0.000000e+00,0.000000e+00,0.000000e+00,0.000000e+00,0.000000e+00,0.000000e+00
1.000000e+00,0.000000e+00,0.000000e+00,0.000000e+00,0.000000e+00,0.000000e+00,0.000000e+00,0.000000e+00,0.000000e+00,0.000000e+00,0.000000e+00,0.000000e+00,0.000000e+00,0.000000e+00,0.000000e+00
1.000000e+00,0.000000e+00,0.000000e+00,0.000000e+00,0.000000e+00,0.000000e+00,0.000000e+00,0.000000e+00,0.000000e+00,0.000000e+00,0.000000e+00,0.000000e+00,0.000000e+00,0.000000e+00,0.000000e+00
1.000000e+00,0.000000e+00,0.000000e+00,0.000000e+00,0.000000e+00,0.000000e+00,0.000000e+00,0.000000e+00,0.000000e+00,0.000000e+00,0.000000e+00,0.000000e+00,0.000000e+00,0.000000e+00,0.000000e+00
1.000000e+00,0.000000e+00,0.000000e+00,0.000000e+00,0.000000e+00,0.000000e+00,0.000000e+00,0.000000e+00,0.000000e+00,0.000000e+00,0.000000e+00,0.000000e+00,0.000000e+00,0.000000e+00,0.000000e+00
1.000000e+00,0.000000e+00,0.000000e+00,0.000000e+00,0.000000e+00,0.000000e+00,0.000000e+00,0.000000e+00,0.000000e+00,0.000000e+00,0.000000e+00,0.000000e+00,0.000000e+00,0.000000e+00,0.000000e+00
1.000000e+00,0.000000e+00,0.000000e+00,0.000000e+00,0.000000e+00,0.000000e+00,0.000000e+00,0.000000e+00,0.000000e+00,0.000000e+00,0.000000e+00,0.000000e+00,0.000000e+00,0.000000e+00,0.000000e+00
1.000000e+00,0.000000e+00,0.000000e+00,0.000000e+00,0.000000e+00,0.000000e+00,0.000000e+00,0.000000e+00,0.000000e+00,0.000000e+00,0.000000e+00,0.000000e+00,0.000000e+00,0.000000e+00,0.000000e+00
1.000000e+00,0.000000e+00,0.000000e+00,0.000000e+00,0.000000e+00,0.000000e+00,0.000000e+00,0.000000e+00,0.000000e+00,0.000000e+00,0.000000e+00,0.000000e+00,0.000000e+00,0.000000e+00,0.000000e+00
1.000000e+00,0.000000e+00,0.000000e+00,0.000000e+00,0.000000e+00,0.000000e+00,0.000000e+00,0.000000e+00,0.000000e+00,0.000000e+00,0.000000e+00,0.000000e+00,0.000000e+00,0.000000e+00,0.000000e+00
4.040194e-01,1.728785e-02,3.557456e-02,1.575464e-01,9.414408e-03,1.454221e-02,3.279733e-03,2.885565e-01,7.739448e-03,1.025686e-03,1.604200e-02,1.807801e-02,1.283925e-02,2.238194e-03,1.181637e-02
2.850381e-01,1.222247e-02,2.535705e-02,1.112190e-01,7.661302e-03,1.029748e-02,2.362045e-03,4.955438e-01,5.545771e-03,7.284714e-04,1.217602e-02,1.270245e-02,9.170946e-03,1.599817e-03,8.375419e-03
2.003503e-01,8.610858e-03,1.784636e-02,7.802938e-02,5.528395e-03,7.279224e-03,1.716721e-03,6.451761e-01,3.896751e-03,5.134354e-04,8.628051e-03,8.918138e-03,6.469561e-03,1.145645e-03,5.891135e-03
1.405936e-01,6.059870e-03,1.252668e-02,5.470950e-02,3.980144e-03,5.133986e-03,1.244757e-03,7.508579e-01,2.732869e-03,3.604039e-04,6.063900e-03,6.251169e-03,4.541194e-03,8.115047e-04,4.132465e-03
9.877842e-02,4.279248e-03,8.796995e-03,3.836713e-02,3.087547e-03,3.692990e-03,9.242687e-04,8.233820e-01,2.020241e-03,2.644885e-04,4.676226e-03,4.518725e-03,3.604714e-03,6.744086e-04,2.932605e-03
6.951709e-02,3.059517e-03,6.172361e-03,2.692668e-02,2.997009e-03,2.695216e-03,6.877015e-04,8.571576e-01,1.697705e-03,2.444203e-04,8.290675e-03,5.298753e-03,1.172767e-02,1.394818e-03,2.132774e-03
4.895690e-02,2.233833e-03,4.331740e-03,1.890975e-02,3.214751e-03,2.057795e-03,7.383600e-04,8.241366e-01,1.611477e-03,2.705819e-04,9.723738e-03,1.419717e-02,6.578135e-02,1.949426e-03,1.886508e-03
3.449384e-02,1.639056e-03,3.093422e-03,1.331536e-02,1.026064e-02,4.051831e-03,1.909175e-03,7.195734e-01,1.480663e-03,2.256074e-04,9.036952e-03,1.412051e-02,1.825254e-01,1.493421e-03,2.780646e-03
2.483380e-02,1.207820e-03,2.396510e-03,9.468837e-03,1.952755e-02,6.017966e-03,5.333631e-03,6.084461e-01,1.685479e-03,1.854136e-04,9.010123e-03,1.469049e-02,2.926798e-01,1.110284e-03,3.406125e-03
1.853649e-02,8.868930e-04,2.061153e-03,6.739879e-03,2.073295e-02,1.180770e-02,1.875290e-02,4.837396e-01,3.122435e-03,1.693807e-04,1.573515e-02,2.691117e-02,3.870120e-01,8.401437e-04,2.952072e-03
1.560269e-02,6.640016e-04,1.909697e-03,4.798216e-03,2.057334e-02,9.880424e-03,1.723032e-02,3.685122e-01,3.979678e-03,1.627184e-04,3.302032e-02,2.867389e-02,4.912753e-01,6.075267e-04,3.109637e-03
1.592444e-02,4.991964e-04,1.438567e-03,3.435847e-03,1.674505e-02,7.805729e-03,1.378486e-02,2.653533e-01,5.201688e-03,1.923831e-04,4.922681e-02,7.069513e-02,5.465772e-01,5.287569e-04,2.591027e-03
1.901052e-02,4.609906e-04,1.490726e-03,2.484316e-03,1.293481e-02,2.087174e-02,1.113665e-02,1.885783e-01,5.300162e-03,2.646596e-04,4.341169e-02,2.320373e-01,4.594587e-01,6.585275e-04,1.900928e-03
1.435125e-02,4.895204e-04,1.528247e-03,1.839055e-03,9.874814e-03,7.777716e-02,8.405680e-03,1.331593e-01,4.633718e-03,3.870536e-04,3.436105e-02,3.756772e-01,3.354614e-01,6.120675e-04,1.442485e-03
1.035928e-02,5.108808e-04,1.214541e-03,1.355962e-03,8.225125e-03,6.766268e-02,6.556617e-03,9.371794e-02,3.709443e-03,9.618237e-04,3.016220e-02,5.359265e-01,2.379074e-01,6.162002e-04,1.113397e-03
7.295815e-03,3.716395e-04,8.796648e-04,9.554035e-04,6.131615e-03,4.790023e-02,4.663990e-03,6.564275e-02,2.750223e-03,1.125165e-03,2.240336e-02,6.695451e-01,1.690056e-01,5.331748e-04,7.963972e-04
5.162796e-03,2.872771e-04,6.616465e-04,6.745134e-04,4.689593e-03,3.383647e-02,3.321504e-03,4.598155e-02,2.074690e-03,2.863126e-03,1.815024e-02,7.606438e-01,1.206228e-01,4.577501e-04,5.722377e-04
4.673672e-03,2.366639e-04,5.196080e-04,5.017530e-04,3.769115e-03,2.436746e-02,2.444743e-03,3.243684e-02,1.939478e-03,6.454178e-03,1.652423e-02,8.184182e-01,8.671568e-02,5.748060e-04,4.235836e-04
4.340494e-03,2.480277e-04,4.275755e-04,4.178742e-04,3.221561e-03,1.758535e-02,1.835072e-03,2.291011e-02,1.985824e-03,1.203298e-02,2.112192e-02,8.500967e-01,6.277889e-02,6.797848e-04,3.178479e-04
9.342389e-03,4.400515e-04,3.624164e-04,3.421726e-04,2.772824e-03,1.297537e-02,1.405837e-03,1.625553e-02,2.843565e-03,1.482720e-02,4.102474e-02,8.517318e-01,4.472961e-02,6.729140e-04,2.735855e-04
1.592333e-02,8.439847e-04,4.954565e-04,3.558368e-04,2.770531e-03,9.971276e-03,1.214407e-03,1.217739e-02,2.882181e-03,1.839399e-02,9.122577e-02,8.108357e-01,3.179657e-02,7.859747e-04,3.275224e-04
1.422812e-02,8.857789e-04,5.066336e-04,4.016563e-04,3.310653e-03,7.165308e-03,8.832161e-04,8.829167e-03,3.748998e-03,2.003382e-02,8.509598e-02,8.312442e-01,2.263281e-02,7.177926e-04,3.157275e-04
1.876604e-02,1.285872e-03,7.100885e-04,7.319935e-04,1.311802e-02,5.939150e-03,6.838579e-04,6.873896e-03,6.695086e-03,2.533397e-02,7.182114e-02,8.307247e-01,1.626546e-02,6.740609e-04,3.766430e-04
1.887339e-02,1.183307e-03,7.442138e-04,7.105292e-04,1.203942e-02,4.582983e-03,5.198257e-04,5.185721e-03,6.327785e-03,2.302366e-02,5.923481e-02,8.550187e-01,1.167954e-02,5.566878e-04,3.194160e-04
1.753646e-02,9.425912e-04,5.734798e-04,6.148732e-04,8.843427e-03,3.667395e-03,3.853719e-04,3.905189e-03,5.234876e-03,2.170485e-02,4.620375e-02,8.811699e-01,8.430490e-03,5.216915e-04,2.656736e-04
1.522690e-02,8.575479e-04,5.148688e-04,5.035903e-04,6.456504e-03,2.947260e-03,2.831614e-04,2.978176e-03,4.649640e-03,1.720010e-02,4.227797e-02,8.993276e-01,5.986561e-03,5.592254e-04,2.309087e-04
1.558818e-02,1.239427e-03,7.056914e-04,4.720749e-04,5.253409e-03,2.484943e-03,2.257068e-04,2.406788e-03,4.184106e-03,1.430923e-02,6.459922e-02,8.832494e-01,4.312397e-03,7.450141e-04,2.244517e-04
1.732191e-02,1.431345e-03,1.095579e-03,4.828097e-04,4.458302e-03,2.228103e-03,1.932622e-04,2.303022e-03,3.395265e-03,1.104887e-02,7.245225e-02,8.790076e-01,3.217729e-03,1.134936e-03,2.290884e-04
1.430389e-02,1.588968e-03,1.697688e-03,5.101874e-04,4.576400e-03,2.457624e-03,2.149844e-04,2.689035e-03,3.109056e-03,8.834921e-03,6.780358e-02,8.882467e-01,2.554916e-03,1.161195e-03,2.509315e-04
1.385805e-02,1.539483e-03,1.714310e-03,4.627686e-04,4.001912e-03,2.372299e-03,2.952283e-04,2.610012e-03,2.481760e-03,6.682350e-03,6.616517e-02,8.939067e-01,2.054596e-03,1.554138e-03,3.012072e-04
1.152242e-02,1.679023e-03,1.647501e-03,4.719311e-04,8.780178e-03,2.579086e-03,5.392514e-04,3.740270e-03,2.134645e-03,5.661306e-03,6.719374e-02,8.899704e-01,1.915152e-03,1.882369e-03,2.826671e-04
1.190586e-02,1.592494e-03,1.369162e-03,4.013722e-04,7.553402e-03,2.203674e-03,4.900154e-04,3.455334e-03,1.834190e-03,4.494454e-03,6.665222e-02,8.940380e-01,1.743460e-03,1.988672e-03,2.777396e-04
1.468543e-02,2.280207e-03,2.015783e-03,5.444452e-04,7.045660e-03,2.289989e-03,5.684203e-04,4.515769e-03,1.640811e-03,3.341767e-03,6.426934e-02,8.930942e-01,1.412744e-03,1.986712e-03,3.087459e-04
2.243539e-02,3.560254e-03,3.303754e-03,1.074833e-03,1.104335e-02,2.919950e-03,9.564102e-04,8.642672e-03,1.720305e-03,2.597674e-03,6.747587e-02,8.705695e-01,1.267810e-03,2.093135e-03,3.391520e-04
2.128632e-02,3.235003e-03,3.681626e-03,1.094979e-03,1.553561e-02,3.048522e-03,1.271125e-03,1.140589e-02,1.830157e-03,2.019018e-03,6.409741e-02,8.681132e-01,1.162356e-03,1.899299e-03,3.195351e-04
1.680622e-02,1.070327e-02,8.790461e-03,9.410242e-04,4.750607e-02,2.686999e-03,1.066516e-03,1.105073e-02,2.585470e-03,1.601895e-03,5.634030e-02,8.367698e-01,9.248608e-04,1.871218e-03,3.551585e-04
1.220207e-02,9.276104e-03,9.349905e-03,8.412889e-04,8.915758e-02,2.685503e-03,1.401380e-03,1.181847e-02,2.883753e-03,1.244950e-03,4.294215e-02,8.136100e-01,7.065223e-04,1.592860e-03,2.875221e-04
9.158032e-03,1.098735e-02,1.575231e-02,1.625120e-03,2.064985e-01,3.600057e-03,1.596613e-03,2.649960e-02,6.009455e-03,9.227737e-04,3.400384e-02,6.812308e-01,5.371709e-04,1.352755e-03,2.255795e-04
6.679475e-03,7.736137e-03,1.316478e-02,2.561798e-03,1.459108e-01,2.557025e-03,1.192624e-03,2.339825e-01,4.495718e-03,6.716039e-04,2.543953e-02,5.539266e-01,4.694991e-04,1.049782e-03,1.621237e-04
6.032536e-03,6.374284e-03,8.551641e-02,9.270382e-03,1.231652e-01,2.951833e-03,1.961677e-03,3.257520e-01,6.499953e-03,5.752440e-04,1.905926e-02,4.114817e-01,4.268825e-04,7.917029e-04,1.410262e-04
9.815639e-03,1.459757e-02,1.524570e-01,1.059202e-02,2.125566e-01,3.063950e-02,1.218720e-02,2.374212e-01,1.341374e-02,6.115532e-04,1.456273e-02,2.899574e-01,4.138369e-04,6.302450e-04,1.438302e-04
1.196564e-02,1.561259e-02,2.117710e-01,1.402306e-02,2.593653e-01,3.885602e-02,1.460802e-02,2.030610e-01,1.429381e-02,5.843133e-04,1.087345e-02,2.039152e-01,4.534974e-04,4.859038e-04,1.311916e-04
1.869569e-02,1.575679e-02,2.072951e-01,5.727633e-02,3.254260e-01,3.955103e-02,1.305697e-02,1.581403e-01,1.164982e-02,6.828371e-04,8.211873e-03,1.431483e-01,5.231350e-04,4.359209e-04,1.498467e-04
3.038898e-02,1.741861e-02,2.928588e-01,5.658722e-02,3.136653e-01,4.478330e-02,1.014485e-02,1.125749e-01,1.044308e-02,1.168921e-03,6.919880e-03,1.003847e-01,5.930413e-04,1.671663e-03,3.967003e-04
4.255226e-02,2.439766e-02,3.453891e-01,9.819656e-02,2.600593e-01,4.615160e-02,7.530840e-03,8.076191e-02,1.177723e-02,2.091836e-03,6.405844e-03,7.071562e-02,6.095256e-04,2.688219e-03,6.725742e-04
7.437454e-02,2.769214e-02,3.350221e-01,1.241857e-01,2.165300e-01,6.914982e-02,5.595624e-03,5.709900e-02,1.713147e-02,3.292474e-03,8.977526e-03,5.008074e-02,8.273241e-04,9.053004e-03,9.885248e-04
5.900618e-02,1.963663e-02,2.347155e-01,8.748750e-02,1.594972e-01,3.312151e-01,4.078992e-03,4.010360e-02,1.224258e-02,2.361845e-03,6.658851e-03,3.509622e-02,6.582579e-04,6.465622e-03,7.759039e-04
5.335803e-02,1.402424e-02,1.645202e-01,6.260927e-02,1.132788e-01,4.738768e-01,3.065454e-03,2.884079e-02,1.482216e-02,2.292834e-02,1.186025e-02,2.482929e-02,1.296302e-03,7.288950e-03,3.401144e-03
3.829819e-02,9.985338e-03,1.151907e-01,4.405518e-02,7.941014e-02,5.483322e-01,2.173999e-03,2.041316e-02,4.093395e-02,2.245493e-02,4.192977e-02,1.758930e-02,3.147722e-03,8.317050e-03,7.768333e-03
2.723117e-02,7.184439e-03,8.064786e-02,3.127870e-02,5.570316e-02,5.382239e-01,1.558514e-03,1.448096e-02,9.016992e-02,3.346619e-02,7.983955e-02,1.261217e-02,2.940004e-03,1.007188e-02,1.459160e-02
1.911077e-02,5.327428e-03,5.647921e-02,2.202645e-02,3.910994e-02,4.542853e-01,1.100192e-03,1.038162e-02,2.113940e-01,2.534835e-02,9.677191e-02,9.002916e-03,3.011639e-03,3.136265e-02,1.528767e-02
1.343089e-02,3.967340e-03,3.956294e-02,1.548162e-02,2.766518e-02,3.642161e-01,8.071963e-04,8.123442e-03,3.326468e-01,2.139416e-02,9.712437e-02,6.612224e-03,3.620248e-03,5.120631e-02,1.414116e-02
9.571832e-03,3.237539e-03,2.777764e-02,1.091354e-02,1.992244e-02,2.681009e-01,6.128321e-04,6.553530e-03,3.174298e-01,2.177220e-02,1.136851e-01,5.728132e-03,4.790204e-03,1.753401e-01,1.456410e-02
6.891638e-03,2.551058e-03,1.949822e-02,7.755965e-03,1.425414e-02,1.901775e-01,4.547706e-04,4.921747e-03,4.066019e-01,1.659401e-02,9.387701e-02,4.210001e-03,4.549785e-03,2.119249e-01,1.573734e-02
6.820316e-03,2.761946e-03,1.393264e-02,6.234297e-03,1.080456e-02,1.349147e-01,4.552669e-04,4.272610e-03,4.156702e-01,1.714174e-02,9.172672e-02,3.884797e-03,8.834910e-03,2.303595e-01,5.218583e-02
8.484866e-03,2.312256e-03,9.869162e-03,4.633070e-03,8.162367e-03,9.546468e-02,5.281025e-04,3.974101e-03,3.359548e-01,1.933000e-02,1.311754e-01,5.666404e-03,1.363591e-02,2.919730e-01,6.883587e-02
6.961876e-03,1.919565e-03,7.012589e-03,3.593534e-03,6.531603e-03,6.747643e-02,4.256303e-04,3.273038e-03,2.759712e-01,2.078378e-02,1.502780e-01,5.218210e-03,1.240999e-02,3.695047e-01,6.863979e-02
5.233256e-03,2.173315e-03,5.341996e-03,2.730044e-03,6.855692e-03,4.754477e-02,3.321064e-04,2.597664e-03,2.122942e-01,2.378795e-02,1.980139e-01,5.169918e-03,1.156698e-02,4.170220e-01,5.933617e-02
4.080652e-03,2.179247e-03,4.106867e-03,2.253063e-03,6.943534e-03,3.365115e-02,2.625953e-04,2.323068e-03,1.777591e-01,2.945432e-02,2.326214e-01,5.476119e-03,1.063197e-02,4.414029e-01,4.685401e-02
9.954697e-03,5.021138e-03,3.896062e-03,2.382274e-03,7.521870e-03,2.405625e-02,2.573539e-04,2.028102e-03,1.593524e-01,3.333886e-02,2.255070e-01,7.139997e-03,1.741063e-02,4.618194e-01,4.031398e-02
1.287472e-02,5.709981e-03,3.591737e-03,2.508453e-03,8.662028e-03,1.717277e-02,2.571467e-04,1.763690e-03,1.554409e-01,3.503421e-02,2.550206e-01,7.197849e-03,1.759711e-02,4.287490e-01,4.841983e-02
2.727187e-02,6.508617e-03,3.008368e-03,3.360312e-03,8.547367e-03,1.261882e-02,2.491685e-04,1.576034e-03,1.343555e-01,3.364599e-02,3.261534e-01,7.532904e-03,1.712742e-02,3.720010e-01,4.604318e-02
5.599359e-02,7.122355e-03,2.597441e-03,3.256029e-03,7.936781e-03,9.280404e-03,2.367843e-04,1.430670e-03,1.147068e-01,2.971964e-02,3.983171e-01,8.318057e-03,1.738777e-02,3.076038e-01,3.609279e-02
1.162959e-01,7.677052e-03,2.196558e-03,5.993914e-03,7.988756e-03,8.144556e-03,2.503335e-04,1.582481e-03,9.796879e-02,2.708710e-02,4.218575e-01,1.167953e-02,1.643584e-02,2.445772e-01,3.026449e-02
1.538516e-01,6.469615e-03,2.538136e-03,1.110769e-02,7.436843e-03,1.077500e-02,4.645767e-04,2.341706e-03,1.018691e-01,2.645016e-02,4.331257e-01,2.222656e-02,1.522308e-02,1.837413e-01,2.237898e-02
1.187755e-01,4.974163e-03,2.250249e-03,1.300883e-02,9.809869e-03,8.815212e-03,4.419874e-04,1.730647e-03,9.254619e-02,2.639914e-02,4.615789e-01,8.162755e-02,2.235408e-02,1.374163e-01,1.827144e-02
1.028696e-01,3.985249e-03,2.123427e-03,1.326555e-02,8.183787e-03,8.398553e-03,4.544425e-04,1.331342e-03,7.997812e-02,2.310050e-02,4.966908e-01,1.213315e-01,2.394821e-02,1.004797e-01,1.385924e-02
9.449868e-02,3.119442e-03,1.846229e-03,1.142084e-02,1.243051e-02,7.516241e-03,5.520877e-04,1.361743e-03,5.963645e-02,2.108836e-02,5.010484e-01,1.679482e-01,2.565091e-02,7.825394e-02,1.362791e-02
8.282238e-02,2.598976e-03,1.793421e-03,1.101524e-02,1.558434e-02,7.221587e-03,6.213987e-04,1.260129e-03,4.642834e-02,2.019332e-02,4.898098e-01,2.124537e-01,2.843205e-02,6.322247e-02,1.654279e-02
6.473543e-02,2.784911e-03,2.944603e-03,9.519968e-03,7.243776e-02,6.358770e-03,1.659939e-03,2.150833e-03,4.637858e-02,1.980115e-02,4.889686e-01,1.952404e-01,2.458594e-02,4.663477e-02,1.579828e-02
5.324557e-02,3.938884e-03,6.443898e-03,8.170145e-03,9.466671e-02,8.186892e-03,3.243596e-03,3.733785e-02,5.554253e-02,1.831624e-02,4.476124e-01,1.808533e-01,3.332502e-02,3.559930e-02,1.351759e-02
4.160489e-02,3.167884e-03,9.346393e-03,8.672261e-03,1.884635e-01,6.734611e-03,3.406153e-03,7.336332e-02,7.526454e-02,2.013764e-02,3.428612e-01,1.502437e-01,4.081381e-02,2.581500e-02,1.010508e-02
3.813593e-02,2.731961e-03,1.204665e-02,8.681292e-03,2.192759e-01,5.703745e-03,3.718608e-03,1.500157e-01,8.097097e-02,1.776832e-02,2.756099e-01,1.172032e-01,4.149337e-02,1.935030e-02,7.294154e-03
2.838213e-02,1.961713e-03,9.296695e-03,6.419858e-03,1.669930e-01,4.081806e-03,2.735655e-03,3.735465e-01,5.878673e-02,1.259273e-02,1.998935e-01,8.372488e-02,3.278638e-02,1.367749e-02,5.120981e-03
2.071693e-02,1.378573e-03,6.688732e-03,4.717928e-03,1.223315e-01,2.896429e-03,1.976631e-03,5.529282e-01,4.141431e-02,8.846569e-03,1.410023e-01,5.871737e-02,2.320962e-02,9.586754e-03,3.588178e-03
1.593020e-02,9.709937e-04,4.737468e-03,3.703946e-03,9.056878e-02,2.408439e-03,1.529428e-03,6.793240e-01,2.906840e-02,6.200387e-03,9.889846e-02,4.110601e-02,1.632070e-02,6.720198e-03,2.512645e-03
1.384944e-02,6.962572e-04,3.372688e-03,2.799948e-03,6.927393e-02,3.087901e-03,1.162591e-03,7.648137e-01,2.036922e-02,4.355498e-03,6.942002e-02,2.878562e-02,1.153176e-02,4.720911e-03,1.760608e-03
1.855006e-02,5.168027e-04,2.419035e-03,2.395097e-03,6.059353e-02,3.959717e-03,9.471292e-04,8.115506e-01,1.428871e-02,3.071232e-03,4.871712e-02,2.018395e-02,8.243002e-03,3.328909e-03,1.235079e-03
2.149772e-02,3.973638e-04,1.739718e-03,2.049442e-03,5.854031e-02,3.407534e-03,8.390115e-04,8.418506e-01,1.002385e-02,2.160388e-03,3.421263e-02,1.416039e-02,5.910563e-03,2.343870e-03,8.666341e-04
2.657121e-02,3.187828e-04,1.305419e-03,1.812471e-03,6.621499e-02,3.710981e-03,8.112170e-04,8.497837e-01,7.055773e-03,1.518658e-03,2.409807e-02,1.006883e-02,4.443114e-03,1.669649e-03,6.172287e-04
2.427522e-02,2.430219e-04,9.628710e-04,1.529971e-03,6.207655e-02,2.911502e-03,6.848809e-04,8.724447e-01,4.956007e-03,1.067305e-03,1.692052e-02,7.112940e-03,3.205135e-03,1.175030e-03,4.343751e-04
2.122408e-02,1.927624e-04,7.154014e-04,1.373554e-03,6.614288e-02,2.132084e-03,5.599477e-04,8.831147e-01,3.486446e-03,7.499753e-04,1.187791e-02,5.005572e-03,2.290507e-03,8.286102e-04,3.056152e-04
1.888427e-02,1.634952e-04,5.565410e-04,1.141955e-03,5.433774e-02,1.758798e-03,5.266169e-04,9.052461e-01,2.471406e-03,5.276305e-04,8.362848e-03,3.542666e-03,1.670458e-03,5.901995e-04,2.192863e-04
1.774852e-02,1.429419e-04,4.325956e-04,1.015087e-03,4.315996e-02,1.358229e-03,4.175687e-04,9.233128e-01,1.753063e-03,3.730458e-04,5.912428e-03,2.548967e-03,1.240729e-03,4.224255e-04,1.617105e-04
2.128122e-02,1.371438e-04,3.707864e-04,1.004492e-03,3.305744e-02,1.191001e-03,4.193003e-04,9.333879e-01,1.272896e-03,2.671540e-04,4.223916e-03,1.933471e-03,1.020766e-03,3.094275e-04,1.230654e-04
2.051941e-02,1.083950e-04,2.758405e-04,7.976840e-04,2.684232e-02,8.889060e-04,3.220892e-04,9.436536e-01,9.042454e-04,1.892860e-04,3.005692e-03,1.394249e-03,7.887080e-04,2.191528e-04,9.042693e-05
1.899721e-02,8.912322e-05,2.081084e-04,6.479400e-04,2.149592e-02,6.532121e-04,2.489616e-04,9.529216e-01,6.457089e-04,1.347611e-04,2.132582e-03,1.007106e-03,5.955513e-04,1.549847e-04,6.728038e-05
2.021134e-02,8.196477e-05,1.820963e-04,5.867717e-04,1.607484e-02,5.602073e-04,2.345800e-04,9.582108e-01,5.049593e-04,9.974619e-05,1.600500e-03,8.862553e-04,5.702393e-04,1.162473e-04,7.943435e-05
2.452144e-02,7.985438e-05,1.672659e-04,5.821260e-04,1.201578e-02,5.009228e-04,2.004996e-04,9.582062e-01,5.442518e-04,8.273400e-05,1.318850e-03,9.492384e-04,6.332331e-04,9.433487e-05,1.032941e-04
5.544801e-02,7.666557e-04,1.926597e-04,1.504015e-03,1.012154e-02,6.383384e-04,1.917128e-04,8.654213e-01,1.469788e-03,3.981645e-04,5.353260e-03,1.169341e-02,4.556995e-02,5.402780e-04,6.909592e-04
4.287789e-02,7.286827e-04,1.544436e-04,1.329587e-03,7.574522e-03,9.109888e-04,2.743799e-04,6.346262e-01,2.398874e-03,3.718415e-04,5.929344e-03,2.508327e-02,2.759058e-01,5.202950e-04,1.313840e-03
3.358233e-02,9.952742e-04,1.617828e-04,1.535919e-03,6.626992e-03,3.537257e-03,1.539256e-03,4.699188e-01,9.300390e-03,4.254651e-04,5.828734e-03,1.025038e-01,3.616934e-01,8.010471e-04,1.549514e-03
2.534806e-02,1.260445e-03,1.919316e-04,1.363581e-03,5.766757e-03,4.429896e-03,3.075340e-03,3.331190e-01,1.532590e-02,4.790920e-04,5.329351e-03,2.248152e-01,3.772864e-01,9.431486e-04,1.265853e-03
2.322090e-02,1.339706e-03,2.127277e-04,1.042188e-03,4.943915e-03,4.992270e-03,5.963878e-03,2.366725e-01,1.619672e-02,4.553398e-04,9.093687e-03,3.949714e-01,2.988646e-01,1.057284e-03,9.728448e-04
1.692447e-02,1.096122e-03,2.311143e-04,7.594647e-04,4.448876e-03,6.040370e-03,4.781292e-03,1.659994e-01,1.292775e-02,6.925499e-04,8.333953e-03,5.568241e-01,2.192982e-01,9.249533e-04,7.173449e-04
1.214698e-02,1.123141e-03,2.618350e-04,5.520232e-04,4.240719e-03,6.757907e-03,4.283356e-03,1.163017e-01,9.679597e-03,1.302420e-03,1.065875e-02,6.769956e-01,1.543737e-01,7.890202e-04,5.333114e-04
8.867015e-03,1.036221e-03,2.511278e-04,4.017526e-04,3.395650e-03,5.482349e-03,3.313894e-03,8.145620e-02,7.168792e-03,1.681429e-03,1.470336e-02,7.625875e-01,1.085789e-01,6.776354e-04,3.981407e-04
6.271633e-03,1.142114e-03,2.043889e-04,2.878008e-04,2.905144e-03,3.939215e-03,2.325886e-03,5.704516e-02,5.801235e-03,2.073987e-03,1.777537e-02,8.231117e-01,7.626967e-02,5.628687e-04,2.838530e-04
4.423499e-03,1.104603e-03,1.686922e-04,2.043465e-04,2.338459e-03,2.782138e-03,1.629742e-03,3.994386e-02,4.867120e-03,2.042972e-03,2.323121e-02,8.631145e-01,5.349167e-02,4.555737e-04,2.017064e-04
3.110747e-03,8.470023e-04,1.412171e-04,1.502892e-04,2.365024e-03,2.014425e-03,1.143727e-03,2.796757e-02,4.063314e-03,2.125745e-03,1.774853e-02,9.002464e-01,3.758918e-02,3.429421e-04,1.439784e-04
2.206849e-03,7.322452e-04,1.288181e-04,1.170487e-04,5.581220e-03,1.494796e-03,8.020378e-04,1.960739e-02,3.384178e-03,2.351993e-03,1.810584e-02,9.184237e-01,2.666476e-02,2.954009e-04,1.037451e-04
1.602614e-03,5.665020e-04,1.160027e-04,9.050399e-05,4.384500e-03,1.109363e-03,5.627614e-04,1.374454e-02,2.664218e-03,2.697167e-03,1.878915e-02,9.345130e-01,1.880814e-02,2.740469e-04,7.747636e-05
1.281989e-03,4.469480e-04,9.814150e-05,8.576660e-05,3.237990e-03,8.779101e-04,3.954024e-04,9.648921e-03,2.078612e-03,3.090945e-03,2.731259e-02,9.377818e-01,1.329591e-02,2.950365e-04,7.211644e-05
1.106168e-03,3.932283e-04,9.094301e-05,8.225200e-05,2.412759e-03,7.119203e-04,2.779138e-04,6.779619e-03,1.776972e-03,3.090011e-03,3.527278e-02,9.381666e-01,9.433420e-03,3.291788e-04,7.625679e-05
1.318629e-03,3.714097e-04,1.193530e-04,1.031213e-04,2.127181e-03,6.653917e-04,1.994883e-04,4.833695e-03,1.325215e-03,2.328396e-03,7.012821e-02,9.093645e-01,6.642216e-03,3.936719e-04,7.961085e-05
1.212705e-03,3.335731e-04,1.077471e-04,1.459933e-04,3.085020e-03,5.998939e-04,1.489436e-04,3.442255e-03,1.074505e-03,1.766382e-03,6.201902e-02,9.209082e-01,4.713402e-03,3.624909e-04,7.992170e-05
1.324402e-03,2.961123e-04,1.023142e-04,4.143451e-04,2.275231e-02,6.154152e-04,1.912153e-04,2.767995e-03,1.264466e-03,1.458066e-03,5.417198e-02,9.108318e-01,3.390807e-03,3.474413e-04,7.139580e-05
1.421338e-03,3.971673e-04,1.794446e-04,4.680599e-04,4.549542e-02,1.414572e-03,2.549533e-04,2.769491e-03,1.123533e-03,1.287013e-03,4.419617e-02,8.980023e-01,2.548227e-03,3.752916e-04,6.709551e-05
1.282181e-03,3.618210e-04,1.825287e-04,4.093375e-04,4.389574e-02,1.458210e-03,2.350252e-04,2.460726e-03,9.344919e-04,1.084665e-03,3.409784e-02,9.111536e-01,1.957805e-03,4.298161e-04,5.630199e-05
1.044565e-03,3.463878e-04,1.929145e-04,3.306367e-04,3.518860e-02,1.535649e-03,3.853892e-04,2.542359e-03,8.804429e-04,8.856055e-04,2.595119e-02,9.287354e-01,1.530973e-03,4.031459e-04,4.681096e-05
1.102943e-03,3.681572e-04,2.284834e-04,2.698567e-04,3.462144e-02,1.452219e-03,6.871246e-04,2.946895e-03,1.048500e-03,8.354128e-04,2.158768e-02,9.331728e-01,1.212336e-03,4.171942e-04,4.895039e-05
1.278986e-03,5.713261e-04,2.724667e-04,2.175893e-04,3.589568e-02,1.832045e-03,9.767318e-04,3.561280e-03,1.249235e-03,7.805031e-04,4.418108e-02,9.075401e-01,1.105575e-03,4.733540e-04,6.399339e-05
2.357430e-03,9.337288e-04,4.684840e-04,2.101261e-04,4.989607e-02,2.080373e-03,1.518522e-03,4.981048e-03,2.298924e-03,9.684553e-04,6.953140e-02,8.628740e-01,1.138812e-03,6.453950e-04,9.728260e-05
3.680006e-03,1.299070e-03,7.692608e-04,2.417105e-04,7.034458e-02,3.889718e-03,2.731242e-03,6.083056e-03,4.253169e-03,1.044629e-03,9.010816e-02,8.135617e-01,1.102880e-03,6.840383e-04,2.067719e-04
5.382369e-03,1.873311e-03,1.732687e-03,3.567123e-04,2.034549e-01,4.120480e-03,1.039858e-02,5.880692e-03,1.692487e-02,1.074833e-03,1.034167e-01,6.425935e-01,1.136427e-03,9.840099e-04,6.700106e-04
6.779346e-03,1.483766e-03,5.414646e-03,1.137780e-03,2.041669e-01,3.912066e-03,8.675042e-03,1.262018e-01,2.788757e-02,1.219591e-03,1.029827e-01,5.057467e-01,1.854477e-03,1.910586e-03,6.271225e-04
6.675974e-03,1.198337e-03,8.491127e-03,1.232565e-03,2.244704e-01,3.588561e-03,8.793962e-03,2.630209e-01,2.191652e-02,1.197931e-03,8.490434e-02,3.701302e-01,1.858068e-03,1.963488e-03,5.577157e-04
8.978977e-03,1.614927e-03,9.264108e-03,2.579394e-03,3.796037e-01,3.708929e-03,8.840005e-03,2.015584e-01,4.703942e-02,8.837956e-04,7.225115e-02,2.603520e-01,1.418978e-03,1.447292e-03,4.589396e-04
1.131095e-02,2.240013e-03,1.081288e-02,6.551067e-03,5.280169e-01,5.408190e-03,9.965107e-03,1.429742e-01,3.864396e-02,6.499018e-04,5.829756e-02,1.825646e-01,1.115090e-03,1.070275e-03,3.794753e-04
1.199055e-02,2.740560e-03,1.246928e-02,2.724941e-02,5.852081e-01,5.973797e-03,9.147309e-03,1.416679e-01,3.079538e-02,4.759437e-04,4.226998e-02,1.280270e-01,9.115137e-04,7.764937e-04,2.968308e-04
9.957588e-03,2.030512e-03,9.669622e-03,1.989052e-02,5.056105e-01,4.440755e-03,6.538081e-03,2.986879e-01,2.205933e-02,3.340914e-04,2.970687e-02,8.965531e-02,6.627656e-04,5.455288e-04,2.106919e-04
7.937301e-03,1.482423e-03,6.978090e-03,1.429981e-02,4.099861e-01,3.281927e-03,4.715521e-03,4.507445e-01,1.574345e-02,2.341500e-04,2.081566e-02,6.277035e-02,4.792545e-04,3.827024e-04,1.487196e-04
6.565341e-03,1.052538e-03,4.918355e-03,1.012917e-02,2.972047e-01,2.518891e-03,3.319874e-03,6.038408e-01,1.103857e-02,1.641419e-04,1.457614e-02,4.394807e-02,3.501404e-04,2.683564e-04,1.048878e-04
6.041294e-03,7.512717e-04,3.492825e-03,7.349741e-03,2.136812e-01,3.070693e-03,2.366074e-03,7.137375e-01,7.742804e-03,1.171201e-04,1.024168e-02,3.081058e-02,3.268361e-04,1.898317e-04,8.049300e-05
1.388887e-02,5.924421e-04,2.585269e-03,5.817981e-03,1.577918e-01,3.476886e-03,1.827407e-03,7.787279e-01,5.516117e-03,9.079807e-05,7.271413e-03,2.177563e-02,4.132293e-04,1.426737e-04,8.160644e-05
2.818082e-02,8.500640e-04,1.957363e-03,9.172724e-03,1.128651e-01,1.608476e-02,1.945443e-03,6.812328e-01,6.078903e-03,1.952170e-04,2.669813e-02,3.247119e-02,8.153047e-02,2.960891e-04,4.409392e-04
2.180120e-02,6.740115e-04,1.433059e-03,1.179567e-02,8.069632e-02,1.353104e-02,1.814239e-03,5.075362e-01,6.848520e-03,4.607890e-04,3.205386e-02,3.045417e-02,2.898498e-01,2.992036e-04,7.519770e-04
1.691187e-02,5.720583e-04,1.063387e-03,1.005923e-02,5.781878e-02,1.216089e-02,1.746724e-03,3.658510e-01,6.435155e-03,5.866154e-04,3.026889e-02,4.084082e-02,4.530278e-01,1.048057e-03,1.608692e-03
1.237786e-02,5.925843e-04,9.693492e-04,1.085613e-02,4.450262e-02,1.244249e-02,3.071931e-03,2.683887e-01,6.835981e-03,6.628027e-04,3.254104e-02,9.527102e-02,5.081953e-01,1.476677e-03,1.815453e-03
1.162359e-02,5.843348e-04,1.163425e-03,8.233305e-03,3.645145e-02,2.599969e-02,9.233322e-03,1.944556e-01,9.941121e-03,6.213698e-04,3.364846e-02,2.839812e-01,3.801947e-01,1.805027e-03,2.063409e-03
9.479302e-03,5.340977e-04,8.708163e-04,5.854741e-03,2.628897e-02,3.152337e-02,7.274071e-03,1.365691e-01,7.736196e-03,6.156897e-04,2.719941e-02,4.483581e-01,2.945873e-01,1.574224e-03,1.534562e-03
6.681381e-03,4.438359e-04,6.509730e-04,4.121476e-03,2.025615e-02,2.258713e-02,5.148383e-03,9.567019e-02,5.840645e-03,6.931217e-04,2.107447e-02,5.959001e-01,2.184647e-01,1.366478e-03,1.100945e-03
5.016903e-03,3.488793e-04,4.741257e-04,2.936126e-03,1.439636e-02,1.800821e-02,3.912234e-03,6.718041e-02,4.527205e-03,1.297363e-03,1.850696e-02,7.040598e-01,1.569992e-01,1.544102e-03,7.921542e-04
3.674050e-03,4.107095e-04,3.837867e-04,2.105622e-03,1.103394e-02,1.378406e-02,2.989785e-03,4.726814e-02,3.699324e-03,2.831135e-03,5.110387e-02,7.434973e-01,1.149930e-01,1.623408e-03,6.018914e-04
2.726624e-03,7.813055e-04,5.214022e-04,1.541564e-03,8.895024e-03,9.832804e-03,2.120191e-03,3.347668e-02,3.317882e-03,7.983203e-03,5.380718e-02,7.906610e-01,8.221709e-02,1.683599e-03,4.345015e-04
2.038906e-03,1.014743e-03,1.592039e-03,1.205648e-03,6.613503e-03,6.928202e-03,1.502414e-03,2.442244e-02,6.656896e-03,7.814548e-03,8.496586e-02,7.925718e-01,6.036848e-02,1.989741e-03,3.147785e-04
1.547346e-03,1.241226e-03,1.348964e-03,8.703134e-04,5.218948e-03,4.866407e-03,1.055021e-03,1.739638e-02,1.598708e-02,7.860722e-03,8.457734e-02,8.124101e-01,4.350256e-02,1.887714e-03,2.299264e-04
1.159469e-03,1.084449e-03,9.611534e-04,6.194809e-04,3.694240e-03,3.447365e-03,7.439273e-04,1.222706e-02,3.056443e-02,5.894653e-03,1.124306e-01,7.938927e-01,3.113122e-02,1.971522e-03,1.777578e-04
9.076336e-04,1.816187e-03,7.088579e-04,4.591140e-04,2.652731e-03,2.489522e-03,5.241803e-04,8.617221e-03,7.651804e-02,4.458519e-03,1.390585e-01,7.368392e-01,2.249824e-02,2.293687e-03,1.584264e-04
7.825101e-04,1.924094e-02,9.274625e-04,4.333809e-04,3.403258e-03,1.817026e-03,3.691466e-04,6.092375e-03,1.919238e-01,3.695332e-03,2.143633e-01,5.380930e-01,1.610466e-02,2.428231e-03,3.255905e-04
3.450887e-03,1.561779e-02,1.408514e-02,1.388593e-02,5.360405e-03,8.147561e-03,5.238007e-04,2.758792e-02,3.017509e-01,3.686739e-03,2.104252e-01,3.813842e-01,1.151085e-02,2.137674e-03,4.451001e-04
7.723290e-03,1.311461e-02,1.339697e-02,1.421565e-02,2.137204e-02,6.663098e-03,4.889300e-04,2.282582e-02,4.045703e-01,3.089655e-03,2.114331e-01,2.695085e-01,8.488286e-03,2.214924e-03,8.948627e-04
1.082826e-02,1.103806e-02,1.299419e-02,2.258489e-02,4.612717e-02,7.454014e-03,4.550159e-04,2.157339e-02,4.511070e-01,4.494270e-03,2.037554e-01,1.897798e-01,6.398845e-03,2.648392e-03,8.761227e-03
2.830173e-02,1.109806e-02,1.867810e-02,4.545208e-02,9.154890e-02,9.225613e-03,4.925905e-04,2.443207e-02,4.204665e-01,5.125483e-03,1.913647e-01,1.337003e-01,4.897267e-03,2.917350e-03,1.229926e-02
