1.000000e+00,0.000000e+00,0.000000e+00,0.000000e+00,0.000000e+00,0.000000e+00,0.000000e+00,0.000000e+00,0.000000e+00,0.000000e+00,0.000000e+00,0.000000e+00,0.000000e+00,0.000000e+00,0.000000e+00
1.000000e+00,0.000000e+00,0.000000e+00,0.000000e+00,0.000000e+00,0.000000e+00,0.000000e+00,0.000000e+00,0.000000e+00,0.000000e+00,0.000000e+00,0.000000e+00,0.000000e+00,0.000000e+00,0.000000e+00
1.000000e+00,0.000000e+00,0.000000e+00,0.000000e+00,0.000000e+00,0.000000e+00,0.000000e+00,0.000000e+00,0.000000e+00,0.000000e+00,0.000000e+00,0.000000e+00,0.000000e+00,0.000000e+00,0.000000e+00
1.000000e+00,0.000000e+00,0.000000e+00,0.000000e+00,0.000000e+00,0.000000e+00,0.000000e+00,0.000000e+00,0.000000e+00,0.000000e+00,0.000000e+00,0.000000e+00,0.000000e+00,0.000000e+00,0.000000e+00
1.000000e+00,0.000000e+00,0.000000e+00,0.000000e+00,0.000000e+00,0.000000e+00,0.000000e+00,0.000000e+00,0.000000e+00,0.000000e+00,0.000000e+00,0.000000e+00,0.000000e+00,0.000000e+00,0.000000e+00
1.000000e+00,0.000000e+00,0.000000e+00,0.000000e+00,0.000000e+00,0.000000e+00,0.000000e+00,0.000000e+00,0.000000e+00,0.000000e+00,0.000000e+00,0.000000e+00,0.000000e+00,0.000000e+00,0.000000e+00
1.000000e+00,0.000000e+00,0.000000e+00,0.000000e+00,0.000000e+00,0.000000e+00,0.000000e+00,0.000000e+00,0.000000e+00,0.000000e+00,0.000000e+00,0.000000e+00,0.000000e+00,0.000000e+00,0.000000e+00
1.000000e+00,0.000000e+00,0.000000e+00,0.000000e+00,0.000000e+00,0.000000e+00,0.000000e+00,0.000000e+00,0.000000e+00,0.000000e+00,0.000000e+00,0.000000e+00,0.000000e+00,0.000000e+00,0.000000e+00
1.000000e+00,0.000000e+00,0.000000e+00,0.000000e+00,0.000000e+00,0.000000e+00,0.000000e+00,0.000000e+00,0.000000e+00,0.000000e+00,0.000000e+00,0.000000e+00,0.000000e+00,0.000000e+00,0.000000e+00
1.000000e+00,0.000000e+00,0.000000e+00,0.000000e+00,0.000000e+00,0.000000e+00,0.000000e+00,0.000000e+00,0.000000e+00,0.000000e+00,0.000000e+00,0.000000e+00,0.000000e+00,0.000000e+00,0.000000e+00
1.000000e+00,0.000000e+00,0.000000e+00,0.000000e+00,0.000000e+00,0.000000e+00,0.000000e+00,0.000000e+00,0.000000e+00,0.000000e+00,0.000000e+00,0.000000e+00,0.000000e+00,0.000000e+00,0.000000e+00
1.000000e+00,0.000000e+00,0.000000e+00,0.000000e+00,0.000000e+00,0.000000e+00,0.000000e+00,0.000000e+00,0.000000e+00,0.000000e+00,0.000000e+00,0.000000e+00,0.000000e+00,0.000000e+00,0.000000e+00
1.000000e+00,0.000000e+00,0.000000e+00,0.000000e+00,0.000000e+00,0.000000e+00,0.000000e+00,0.000000e+00,0.000000e+00,0.000000e+00,0.000000e+00,0.000000e+00,0.000000e+00,0.000000e+00,0.000000e+00
1.000000e+00,0.000000e+00,0.000000e+00,0.000000e+00,0.000000e+00,0.000000e+00,0.000000e+00,0.000000e+00,0.000000e+00,0.000000e+00,0.000000e+00,0.000000e+00,0.000000e+00,0.000000e+00,0.000000e+00
1.000000e+00,0.000000e+00,0.000000e+00,0.000000e+00,0.000000e+00,0.000000e+00,0.000000e+00,0.000000e+00,0.000000e+00,0.000000e+00,0.000000e+00,0.000000e+00,0.000000e+00,0.000000e+00,0.000000e+00
1.000000e+00,0.000000e+00,0.000000e+00,0.000000e+00,0.000000e+00,0.000000e+00,0.000000e+00,0.000000e+00,0.000000e+00,0.000000e+00,0.000000e+00,0.000000e+00,0.000000e+00,0.000000e+00,0.000000e+00
1.000000e+00,0.000000e+00,0.000000e+00,0.000000e+00,0.000000e+00,0.000000e+00,0.000000e+00,0.000000e+00,0.000000e+00,0.000000e+00,0.000000e+00,0.000000e+00,0.000000e+00,0.000000e+00,0.000000e+00
1.000000e+00,0.000000e+00,0.000000e+00,0.000000e+00,0.000000e+00,0.000000e+00,0.000000e+00,0.000000e+00,0.000000e+00,0.000000e+00,0.000000e+00,0.000000e+00,0.000000e+00,0.000000e+00,0.000000e+00
1.000000e+00,0.000000e+00,0.000000e+00,0.000000e+00,0.000000e+00,0.000000e+00,0.000000e+00,0.000000e+00,0.000000e+00,0.000000e+00,0.000000e+00,0.000000e+00,0.000000e+00,0.000000e+00,0.000000e+00
1.000000e+00,0.000000e+00,0.000000e+00,0.000000e+00,0.000000e+00,0.000000e+00,0.000000e+00,0.000000e+00,0.000000e+00,0.000000e+00,0.000000e+00,0.000000e+00,0.000000e+00,0.000000e+00,0.000000e+00
1.000000e+00,0.000000e+00,0.000000e+00,0.000000e+00,0.000000e+00,0.000000e+00,0.000000e+00,0.000000e+00,0.000000e+00,0.000000e+00,0.000000e+00,0.000000e+00,0.000000e+00,0.000000e+00,0.000000e+00
1.000000e+00,0.000000e+00,0.000000e+00,0.000000e+00,0.000000e+00,0.000000e+00,0.000000e+00,0.000000e+00,0.000000e+00,0.000000e+00,0.000000e+00,0.000000e+00,0.000000e+00,0.000000e+00,0.000000e+00
1.000000e+00,0.000000e+00,0.000000e+00,0.000000e+00,0.000000e+00,0.000000e+00,0.000000e+00,0.000000e+00,0.000000e+00,0.000000e+00,0.000000e+00,0.000000e+00,0.000000e+00,0.000000e+00,0.000000e+00
1.000000e+00,0.000000e+00,0.000000e+00,0.000000e+00,0.000000e+00,0.000000e+00,0.000000e+00,0.000000e+00,0.000000e+00,0.000000e+00,0.000000e+00,0.000000e+00,0.000000e+00,0.000000e+00,0.000000e+00
1.000000e+00,0.000000e+00,0.000000e+00,0.000000e+00,0.000000e+00,0.000000e+00,0.000000e+00,0.000000e+00,0.000000e+00,0.000000e+00,0.000000e+00,0.000000e+00,0.000000e+00,0.000000e+00,0.000000e+00
1.000000e+00,0.000000e+00,0.000000e+00,0.000000e+00,0.000000e+00,0.000000e+00,0.000000e+00,0.000000e+00,0.000000e+00,0.000000e+00,0.000000e+00,0.000000e+00,0.000000e+00,0.000000e+00,0.000000e+00
1.000000e+00,0.000000e+00,0.000000e+00,0.000000e+00,0.000000e+00,0.000000e+00,0.000000e+00,0.000000e+00,0.000000e+00,0.000000e+00,0.000000e+00,0.000000e+00,0.000000e+00,0.000000e+00,0.000000e+00
1.000000e+00,0.000000e+00,0.000000e+00,0.000000e+00,0.000000e+00,0.000000e+00,0.000000e+00,0.000000e+00,0.000000e+00,0.000000e+00,0.000000e+00,0.000000e+00,0.000000e+00,0.000000e+00,0.000000e+00
1.000000e+00,0.000000e+00,0.000000e+00,0.000000e+00,0.000000e+00,0.000000e+00,0.000000e+00,0.000000e+00,0.000000e+00,0.000000e+00,0.000000e+00,0.000000e+00,0.000000e+00,0.000000e+00,0.000000e+00
1.000000e+00,0.000000e+00,0.000000e+00,0.000000e+00,0.000000e+00,0.000000e+00,0.000000e+00,0.000000e+00,0.000000e+00,0.000000e+00,0.000000e+00,0.000000e+00,0.000000e+00,0.000000e+00,0.000000e+00
1.000000e+00,0.000000e+00,0.000000e+00,0.000000e+00,0.000000e+00,0.000000e+00,0.000000e+00,0.000000e+00,0.000000e+00,0.000000e+00,0.000000e+00,0.000000e+00,0.000000e+00,0.000000e+00,0.000000e+00
1.000000e+00,0.000000e+00,0.000000e+00,0.000000e+00,0.000000e+00,0.000000e+00,0.000000e+00,0.000000e+00,0.000000e+00,0.000000e+00,0.000000e+00,0.000000e+00,0.000000e+00,0.000000e+00,0.000000e+00
1.000000e+00,0.000000e+00,0.000000e+00,0.000000e+00,0.000000e+00,0.000000e+00,0.000000e+00,0.000000e+00,0.000000e+00,0.000000e+00,0.000000e+00,0.000000e+00,0.000000e+00,0.000000e+00,0.000000e+00
1.000000e+00,0.000000e+00,0.000000e+00,0.000000e+00,0.000000e+00,0.000000e+00,0.000000e+00,0.000000e+00,0.000000e+00,0.000000e+00,0.000000e+00,0.000000e+00,0.000000e+00,0.000000e+00,0.000000e+00
1.000000e+00,0.000000e+00,0.000000e+00,0.000000e+00,0.000000e+00,0.000000e+00,0.000000e+00,0.000000e+00,0.000000e+00,0.000000e+00,0.000000e+00,0.000000e+00,0.000000e+00,0.000000e+00,0.000000e+00
1.000000e+00,0.000000e+00,0.000000e+00,0.000000e+00,0.000000e+00,0.000000e+00,0.000000e+00,0.000000e+00,0.000000e+00,0.000000e+00,0.000000e+00,0.000000e+00,0.000000e+00,0.000000e+00,0.000000e+00
1.000000e+00,0.000000e+00,0.000000e+00,0.000000e+00,0.000000e+00,0.000000e+00,0.000000e+00,0.000000e+00,0.000000e+00,0.000000e+00,0.000000e+00,0.000000e+00,0.000000e+00,0.000000e+00,0.000000e+00
1.000000e+00,0.000000e+00,0.000000e+00,0.000000e+00,0.000000e+00,0.000000e+00,0.000000e+00,0.000000e+00,0.000000e+00,0.000000e+00,0.000000e+00,0.000000e+00,0.000000e+00,0.000000e+00,0.000000e+00
4.858649e-01,4.929984e-02,2.126089e-02,1.406939e-01,8.701362e-03,2.185649e-02,5.049719e-03,1.824128e-02,2.072474e-02,4.461325e-03,3.692028e-02,8.361729e-02,3.275868e-02,1.188012e-02,5.866907e-02
4.305314e-01,6.567491e-02,2.531898e-02,1.606828e-01,1.190826e-02,2.060053e-02,5.256869e-03,1.805433e-02,2.404907e-02,5.107042e-03,3.691186e-02,7.675286e-02,3.465538e-02,1.506549e-02,6.943032e-02
3.405337e-01,6.298248e-02,5.449745e-02,2.311181e-01,1.512025e-02,1.974227e-02,5.171978e-03,2.463207e-02,2.429304e-02,4.402380e-03,3.592247e-02,7.646106e-02,3.189084e-02,1.280102e-02,6.043093e-02
2.531820e-01,5.481603e-02,1.209809e-01,2.996456e-01,1.471218e-02,1.588069e-02,4.360292e-03,2.401830e-02,2.155056e-02,4.046306e-03,3.017637e-02,6.548490e-02,2.604504e-02,1.005471e-02,5.504615e-02
3.732700e-01,4.803049e-02,1.057287e-01,2.254419e-01,2.205709e-02,2.548741e-02,4.067339e-03,1.945487e-02,1.797625e-02,3.469727e-03,2.647351e-02,5.048414e-02,2.178479e-02,9.617114e-03,4.665665e-02
4.634761e-01,4.318104e-02,8.844275e-02,1.765205e-01,2.428444e-02,2.742161e-02,3.821025e-03,1.613011e-02,1.620232e-02,3.253875e-03,2.309045e-02,4.230010e-02,1.983880e-02,9.128351e-03,4.290849e-02
3.792620e-01,6.744755e-02,7.279432e-02,2.997359e-01,2.125230e-02,2.066243e-02,2.947197e-03,1.424030e-02,1.266679e-02,2.511859e-03,1.798245e-02,3.154394e-02,1.502930e-02,6.861106e-03,3.506260e-02
3.485524e-01,6.291494e-02,1.120049e-01,3.220757e-01,1.932716e-02,1.736552e-02,2.603791e-03,1.422091e-02,1.034866e-02,2.300200e-03,1.656849e-02,2.482091e-02,1.274063e-02,5.273445e-03,2.888228e-02
4.518965e-01,5.166323e-02,8.651059e-02,2.545357e-01,1.814967e-02,1.757073e-02,3.013842e-03,1.355420e-02,1.061276e-02,2.173566e-03,1.599439e-02,2.582894e-02,1.642743e-02,4.677784e-03,2.739060e-02
4.426594e-01,5.528927e-02,9.602276e-02,2.611095e-01,1.573096e-02,1.633845e-02,3.209795e-03,1.343615e-02,1.026038e-02,1.896105e-03,1.450176e-02,2.508246e-02,1.441383e-02,4.005393e-03,2.604379e-02
4.729782e-01,4.456432e-02,1.150269e-01,2.253893e-01,1.353185e-02,1.680579e-02,3.010872e-03,1.195313e-02,9.298317e-03,1.829233e-03,1.435052e-02,2.656927e-02,1.426427e-02,3.410118e-03,2.701794e-02
1.000000e+00,0.000000e+00,0.000000e+00,0.000000e+00,0.000000e+00,0.000000e+00,0.000000e+00,0.000000e+00,0.000000e+00,0.000000e+00,0.000000e+00,0.000000e+00,0.000000e+00,0.000000e+00,0.000000e+00
1.000000e+00,0.000000e+00,0.000000e+00,0.000000e+00,0.000000e+00,0.000000e+00,0.000000e+00,0.000000e+00,0.000000e+00,0.000000e+00,0.000000e+00,0.000000e+00,0.000000e+00,0.000000e+00,0.000000e+00
1.000000e+00,0.000000e+00,0.000000e+00,0.000000e+00,0.000000e+00,0.000000e+00,0.000000e+00,0.000000e+00,0.000000e+00,0.000000e+00,0.000000e+00,0.000000e+00,0.000000e+00,0.000000e+00,0.000000e+00
1.000000e+00,0.000000e+00,0.000000e+00,0.000000e+00,0.000000e+00,0.000000e+00,0.000000e+00,0.000000e+00,0.000000e+00,0.000000e+00,0.000000e+00,0.000000e+00,0.000000e+00,0.000000e+00,0.000000e+00
1.000000e+00,0.000000e+00,0.000000e+00,0.000000e+00,0.000000e+00,0.000000e+00,0.000000e+00,0.000000e+00,0.000000e+00,0.000000e+00,0.000000e+00,0.000000e+00,0.000000e+00,0.000000e+00,0.000000e+00
1.000000e+00,0.000000e+00,0.000000e+00,0.000000e+00,0.000000e+00,0.000000e+00,0.000000e+00,0.000000e+00,0.000000e+00,0.000000e+00,0.000000e+00,0.000000e+00,0.000000e+00,0.000000e+00,0.000000e+00
1.000000e+00,0.000000e+00,0.000000e+00,0.000000e+00,0.000000e+00,0.000000e+00,0.000000e+00,0.000000e+00,0.000000e+00,0.000000e+00,0.000000e+00,0.000000e+00,0.000000e+00,0.000000e+00,0.000000e+00
1.000000e+00,0.000000e+00,0.000000e+00,0.000000e+00,0.000000e+00,0.000000e+00,0.000000e+00,0.000000e+00,0.000000e+00,0.000000e+00,0.000000e+00,0.000000e+00,0.000000e+00,0.000000e+00,0.000000e+00
1.000000e+00,0.000000e+00,0.000000e+00,0.000000e+00,0.000000e+00,0.000000e+00,0.000000e+00,0.000000e+00,0.000000e+00,0.000000e+00,0.000000e+00,0.000000e+00,0.000000e+00,0.000000e+00,0.000000e+00
1.000000e+00,0.000000e+00,0.000000e+00,0.000000e+00,0.000000e+00,0.000000e+00,0.000000e+00,0.000000e+00,0.000000e+00,0.000000e+00,0.000000e+00,0.000000e+00,0.000000e+00,0.000000e+00,0.000000e+00
1.000000e+00,0.000000e+00,0.000000e+00,0.000000e+00,0.000000e+00,0.000000e+00,0.000000e+00,0.000000e+00,0.000000e+00,0.000000e+00,0.000000e+00,0.000000e+00,0.000000e+00,0.000000e+00,0.000000e+00
1.000000e+00,0.000000e+00,0.000000e+00,0.000000e+00,0.000000e+00,0.000000e+00,0.000000e+00,0.000000e+00,0.000000e+00,0.000000e+00,0.000000e+00,0.000000e+00,0.000000e+00,0.000000e+00,0.000000e+00
1.000000e+00,0.000000e+00,0.000000e+00,0.000000e+00,0.000000e+00,0.000000e+00,0.000000e+00,0.000000e+00,0.000000e+00,0.000000e+00,0.000000e+00,0.000000e+00,0.000000e+00,0.000000e+00,0.000000e+00
1.000000e+00,0.000000e+00,0.000000e+00,0.000000e+00,0.000000e+00,0.000000e+00,0.000000e+00,0.000000e+00,0.000000e+00,0.000000e+00,0.000000e+00,0.000000e+00,0.000000e+00,0.000000e+00,0.000000e+00
1.000000e+00,0.000000e+00,0.000000e+00,0.000000e+00,0.000000e+00,0.000000e+00,0.000000e+00,0.000000e+00,0.000000e+00,0.000000e+00,0.000000e+00,0.000000e+00,0.000000e+00,0.000000e+00,0.000000e+00
4.785348e-01,8.220816e-03,4.047029e-02,8.401387e-02,2.329517e-02,8.952472e-03,1.818565e-03,3.221721e-01,1.702249e-03,5.818589e-04,7.068447e-03,1.049683e-02,6.914588e-03,9.151293e-04,4.842835e-03
3.379253e-01,6.060668e-03,2.884877e-02,5.935942e-02,1.715066e-02,6.424446e-03,1.550075e-03,5.192227e-01,1.217607e-03,4.258952e-04,5.231327e-03,7.438481e-03,5.053397e-03,6.699568e-04,3.421284e-03
2.388281e-01,4.351682e-03,2.043457e-02,4.179479e-02,1.237746e-02,4.620699e-03,1.286391e-03,6.595670e-01,8.588618e-04,3.060497e-04,3.807846e-03,5.263678e-03,3.613930e-03,4.824114e-04,2.406565e-03
1.676721e-01,3.066516e-03,1.432058e-02,2.934623e-02,9.148348e-03,3.343774e-03,9.451456e-04,7.601796e-01,6.071109e-04,2.173981e-04,2.777066e-03,3.711123e-03,2.634642e-03,3.412098e-04,1.689098e-03
1.185005e-01,2.169760e-03,1.005241e-02,2.058960e-02,7.199984e-03,2.472596e-03,7.660127e-04,8.069247e-01,5.808364e-04,2.117017e-04,1.076992e-02,5.483770e-03,1.251310e-02,5.490080e-04,1.216068e-03
8.358255e-02,1.541120e-03,7.038082e-03,1.458645e-02,5.369055e-03,1.761919e-03,5.866810e-04,6.117316e-01,8.772009e-04,4.435714e-04,6.754667e-02,6.629822e-02,1.324605e-01,5.162470e-03,1.013906e-03
5.909345e-02,1.131395e-03,4.936320e-03,1.082693e-02,4.024085e-03,1.290097e-03,4.359250e-04,4.366368e-01,1.850492e-03,4.599225e-04,7.291314e-02,6.610788e-02,3.296431e-01,9.126121e-03,1.524383e-03
4.212002e-02,8.772713e-04,3.470254e-03,8.513614e-03,3.526710e-03,1.035388e-03,3.814651e-04,3.106932e-01,7.422386e-03,6.471149e-04,7.766236e-02,1.079871e-01,4.241994e-01,1.001124e-02,1.452476e-03
2.972324e-02,8.632583e-04,3.341087e-03,9.720638e-03,9.150611e-03,8.735947e-04,5.045807e-04,2.191399e-01,3.017711e-02,1.097514e-03,9.810401e-02,9.683101e-02,4.901053e-01,7.474222e-03,2.893927e-03
2.179056e-02,7.847364e-04,3.586334e-03,1.160411e-02,1.523692e-02,1.030162e-03,8.265849e-04,1.549912e-01,4.939384e-02,1.378376e-03,1.270275e-01,8.130791e-02,5.216258e-01,5.463596e-03,3.952420e-03
1.610670e-02,7.847684e-04,3.601098e-03,9.178060e-03,1.450001e-02,1.021947e-03,1.061828e-03,1.107634e-01,4.896419e-02,2.379748e-03,1.151889e-01,8.435869e-02,5.801579e-01,3.983471e-03,7.949297e-03
1.395227e-02,1.034477e-03,3.919288e-03,6.903953e-03,1.749323e-02,9.805965e-04,1.435781e-03,8.041178e-02,5.604299e-02,3.587599e-03,9.964536e-02,9.110215e-02,6.101929e-01,2.997207e-03,1.030037e-02
1.157519e-02,1.008153e-03,3.846275e-03,5.068556e-03,4.067638e-02,1.229791e-03,1.495686e-03,5.920146e-02,5.591831e-02,3.230062e-03,9.396367e-02,8.487590e-02,6.273163e-01,2.234756e-03,8.359473e-03
9.144691e-03,1.220146e-03,3.831330e-03,3.832664e-03,3.792749e-02,1.511402e-03,1.815592e-03,4.581462e-02,4.253590e-02,2.988181e-03,9.047928e-02,1.692654e-01,5.816418e-01,1.950085e-03,6.041416e-03
7.485107e-03,1.210008e-03,3.504176e-03,3.178240e-03,4.736245e-02,3.028303e-03,2.253568e-03,3.851211e-02,3.670778e-02,2.451324e-03,9.068162e-02,1.938865e-01,5.637438e-01,1.639789e-03,4.355105e-03
5.564544e-03,1.087453e-03,2.869475e-03,2.377776e-03,5.025037e-02,8.978127e-03,2.312158e-03,3.118019e-02,3.915976e-02,1.939366e-03,7.624632e-02,3.299522e-01,4.433932e-01,1.394023e-03,3.295054e-03
3.972206e-03,8.309541e-04,2.093035e-03,1.727308e-03,3.830704e-02,8.033325e-03,2.076568e-03,2.250090e-02,2.869672e-02,1.431003e-03,5.477379e-02,5.084120e-01,3.232413e-01,1.110848e-03,2.793018e-03
2.837452e-03,6.124422e-04,1.523755e-03,1.248413e-03,2.871048e-02,6.641900e-03,1.739905e-03,1.646901e-02,2.087711e-02,1.052758e-03,3.924093e-02,6.438594e-01,2.322215e-01,8.318942e-04,2.133002e-03
2.093885e-03,4.490553e-04,1.105145e-03,8.843153e-04,2.113439e-02,5.339800e-03,1.645690e-03,1.221825e-02,1.494421e-02,7.722666e-04,2.792366e-02,7.424459e-01,1.668332e-01,6.238135e-04,1.586330e-03
2.214540e-03,4.117264e-04,8.600483e-04,6.727254e-04,1.685118e-02,6.997020e-03,1.842024e-03,1.049189e-02,1.099436e-02,6.109585e-04,1.998102e-02,7.940733e-01,1.320667e-01,5.027136e-04,1.429730e-03
3.092245e-03,5.981210e-04,8.226750e-04,9.902323e-04,1.526517e-02,3.130195e-02,2.009687e-03,8.429067e-03,8.968012e-03,6.013566e-04,1.763016e-02,7.686938e-01,1.377654e-01,8.152161e-04,3.016913e-03
2.807384e-03,6.736543e-04,7.674046e-04,8.227888e-04,1.124013e-02,2.467547e-02,1.663529e-03,6.697444e-03,8.454536e-03,5.851632e-04,1.361118e-02,8.026887e-01,1.220406e-01,6.789740e-04,2.593071e-03
2.571810e-03,7.179157e-04,6.533198e-04,7.137415e-04,8.278843e-03,1.907846e-02,1.345822e-03,5.293950e-03,8.071505e-03,4.918213e-04,1.025558e-02,8.185527e-01,1.212839e-01,5.504860e-04,2.140013e-03
2.550139e-03,8.073817e-04,1.000105e-03,5.624773e-04,6.758101e-03,1.556664e-02,1.248839e-03,4.737403e-03,9.846001e-03,4.277213e-04,7.931038e-03,7.872639e-01,1.591029e-01,5.032030e-04,1.694072e-03
2.985470e-03,8.830891e-04,1.188086e-03,4.945367e-04,6.674758e-03,1.399851e-02,1.210843e-03,5.130679e-03,1.265296e-02,3.778189e-04,6.479576e-03,7.541620e-01,1.917990e-01,4.770304e-04,1.485594e-03
2.923922e-03,8.876276e-04,1.184119e-03,4.502611e-04,6.513796e-03,1.088554e-02,9.829203e-04,4.261362e-03,1.207783e-02,3.211719e-04,5.287142e-03,6.904688e-01,2.620269e-01,5.137367e-04,1.214799e-03
3.052811e-03,1.473657e-03,2.851209e-03,3.983716e-04,6.915469e-03,8.137677e-03,8.436588e-04,3.605457e-03,1.155195e-02,2.872110e-04,4.210239e-03,7.084399e-01,2.466816e-01,4.948393e-04,1.055839e-03
7.801057e-03,2.626331e-03,1.249039e-02,4.085066e-04,1.587541e-02,6.471957e-03,1.104769e-03,4.119807e-03,1.091972e-02,2.756930e-04,3.425472e-03,6.929973e-01,2.400537e-01,4.886708e-04,9.410963e-04
1.138731e-02,2.801975e-03,1.171399e-02,3.595711e-04,2.330009e-02,5.262678e-03,1.152502e-03,3.608455e-03,9.407953e-03,2.215354e-04,2.631202e-03,6.107239e-01,3.162391e-01,4.474995e-04,7.423132e-04
1.382229e-02,3.585033e-03,9.972167e-03,3.176222e-04,2.724751e-02,4.247888e-03,1.059604e-03,3.171081e-03,9.770572e-03,1.872736e-04,2.258620e-03,5.181273e-01,4.051880e-01,4.546756e-04,5.903565e-04
2.019102e-02,5.203236e-03,1.585218e-02,3.958569e-04,3.283061e-02,4.539514e-03,1.560775e-03,5.244411e-03,1.112513e-02,2.763948e-04,2.904044e-03,4.391501e-01,4.595075e-01,5.156274e-04,7.035570e-04
3.279559e-02,5.477612e-03,3.377445e-02,7.035757e-04,4.229017e-02,1.023986e-02,2.510831e-03,1.648539e-02,1.085625e-02,3.364139e-04,3.483019e-03,3.521723e-01,4.876475e-01,5.480825e-04,6.789176e-04
4.870191e-02,1.938581e-02,1.239843e-01,1.563189e-03,5.335350e-02,9.838603e-03,2.576989e-03,4.310102e-02,2.140359e-02,4.245408e-04,3.630177e-03,2.666356e-01,4.037336e-01,9.007786e-04,7.664571e-04
5.619372e-02,1.666833e-02,1.205312e-01,1.832827e-03,4.454752e-02,1.476818e-02,2.750261e-03,5.405848e-02,1.926437e-02,6.498131e-04,3.742227e-03,1.912940e-01,4.717886e-01,9.143912e-04,9.960604e-04
5.866090e-02,1.251639e-02,9.166126e-02,2.835331e-03,3.766837e-02,1.631001e-02,3.646174e-03,4.191741e-02,1.578072e-02,1.027158e-03,4.070224e-03,1.376464e-01,5.741388e-01,8.291205e-04,1.291736e-03
6.360976e-02,1.045333e-02,6.853525e-02,5.948705e-03,3.276521e-02,3.353918e-02,5.099522e-03,3.491007e-02,1.781353e-02,2.835873e-03,3.867235e-03,9.885994e-02,6.174574e-01,1.096478e-03,3.208494e-03
6.231586e-02,8.124601e-03,4.982085e-02,1.254862e-02,2.962941e-02,3.416257e-02,1.167286e-02,3.517972e-02,1.809572e-02,4.010838e-03,4.776069e-03,7.752846e-02,6.441321e-01,1.494376e-03,6.507983e-03
6.981119e-02,8.023280e-03,3.641019e-02,2.609544e-02,2.974250e-02,4.546662e-02,1.521355e-02,4.578377e-02,2.751376e-02,7.792456e-03,4.877291e-03,6.008293e-02,6.078004e-01,1.511713e-03,1.387494e-02
1.150772e-01,7.163817e-03,2.649237e-02,7.452931e-02,2.888235e-02,4.060616e-02,1.330661e-02,3.966112e-02,2.497585e-02,9.115789e-03,5.695701e-03,4.426773e-02,5.493172e-01,1.499730e-03,1.940900e-02
1.596953e-01,5.936545e-03,1.902523e-02,6.483130e-02,2.470009e-02,3.428768e-02,1.053988e-02,2.931305e-02,2.186436e-02,7.602718e-03,7.144475e-03,3.217451e-02,5.599332e-01,1.411944e-03,2.153970e-02
1.137663e-01,5.706193e-03,1.394376e-02,4.572737e-02,1.872934e-02,3.163707e-01,7.429104e-03,2.080982e-02,1.535552e-02,5.592858e-03,5.233157e-03,2.260514e-02,3.923427e-01,1.042924e-03,1.534501e-02
1.314419e-01,2.338623e-02,1.168908e-02,3.293950e-02,1.537541e-02,4.286974e-01,5.521968e-03,1.540746e-02,1.120748e-02,6.507365e-03,7.500344e-03,1.844421e-02,2.778176e-01,1.887445e-03,1.217660e-02
1.129555e-01,2.109247e-02,1.145350e-02,2.726129e-02,1.183838e-02,4.991717e-01,4.093594e-03,1.155915e-02,1.024186e-02,2.315363e-02,3.171792e-02,2.021016e-02,1.974508e-01,5.561009e-03,1.223897e-02
8.204608e-02,2.017605e-02,9.071169e-03,2.237628e-02,8.566742e-03,4.136501e-01,2.925568e-03,8.358675e-03,8.105980e-02,2.885586e-02,9.858941e-02,1.600152e-02,1.408249e-01,1.500184e-02,5.249605e-02
6.118603e-02,2.066610e-02,7.742469e-03,1.916928e-02,6.875501e-03,3.327032e-01,2.212629e-03,6.324598e-03,1.116370e-01,2.897054e-02,1.887761e-01,1.741397e-02,1.019416e-01,4.191872e-02,5.246228e-02
4.289744e-02,1.548774e-02,5.483829e-03,1.347192e-02,5.199740e-03,2.579775e-01,1.643791e-03,4.743661e-03,1.003172e-01,2.235874e-02,3.129478e-01,1.791091e-02,7.347366e-02,8.796936e-02,3.811674e-02
3.012855e-02,1.125167e-02,3.868510e-03,9.534949e-03,4.092699e-03,1.917162e-01,1.204837e-03,3.723356e-03,1.026055e-01,1.839499e-02,3.789660e-01,1.832846e-02,5.383243e-02,1.436978e-01,2.865404e-02
2.118016e-02,8.176896e-03,2.725633e-03,6.812369e-03,3.431741e-03,1.416211e-01,9.075013e-04,3.148593e-03,1.043344e-01,1.590685e-02,4.290458e-01,1.573125e-02,4.008440e-02,1.837994e-01,2.309384e-02
1.487263e-02,5.931590e-03,1.927156e-03,4.790764e-03,2.477832e-03,1.003329e-01,6.510656e-04,2.294296e-03,8.222868e-02,1.334860e-02,4.782082e-01,1.324079e-02,2.873500e-02,2.337032e-01,1.725733e-02
1.049915e-02,4.262203e-03,1.378942e-03,3.386836e-03,1.819805e-03,7.072758e-02,4.839970e-04,1.659352e-03,6.074735e-02,1.062775e-02,5.112395e-01,1.197463e-02,2.059955e-02,2.781528e-01,1.244048e-02
7.655316e-03,3.110718e-03,9.948246e-04,2.413900e-03,1.368542e-03,4.986526e-02,3.899023e-04,1.186422e-03,4.399535e-02,9.539509e-03,5.275522e-01,1.019767e-02,1.504826e-02,3.176594e-01,9.022676e-03
6.461981e-03,2.598996e-03,8.567726e-04,1.837877e-03,1.634684e-03,3.563649e-02,3.672876e-04,9.011223e-04,3.796517e-02,8.609573e-03,5.190244e-01,9.083628e-03,1.081989e-02,3.575200e-01,6.682232e-03
5.087622e-03,2.419905e-03,1.151742e-03,1.688629e-03,2.809756e-03,2.576998e-02,3.464099e-04,6.935360e-04,3.604751e-02,9.510050e-03,5.082079e-01,8.176114e-03,9.080891e-03,3.836224e-01,5.387586e-03
3.737564e-03,4.254906e-03,9.094431e-03,1.430881e-03,1.347740e-02,1.906278e-02,2.817746e-04,5.791105e-04,1.133242e-01,8.797203e-03,4.374279e-01,7.284144e-03,7.511291e-03,3.689921e-01,4.744295e-03
2.831002e-03,3.548784e-03,7.533487e-03,1.181903e-03,1.352848e-02,1.574883e-02,2.298453e-04,4.863571e-04,2.067702e-01,7.201829e-03,3.386571e-01,6.685761e-03,5.817036e-03,3.858104e-01,3.968931e-03
2.132448e-03,3.238642e-03,6.333614e-03,1.031158e-03,9.811975e-03,1.630939e-02,1.749516e-04,3.595217e-04,2.415097e-01,6.385337e-03,2.686645e-01,5.747846e-03,4.539304e-03,4.302457e-01,3.515941e-03
1.939425e-03,2.616717e-03,5.700988e-03,1.255463e-03,6.988632e-03,1.716984e-02,1.364659e-04,2.732737e-04,2.505630e-01,6.489875e-03,2.059383e-01,4.843484e-03,4.126914e-03,4.861578e-01,5.799817e-03
2.448010e-03,2.700929e-03,8.488984e-03,3.897475e-03,5.126247e-03,2.627031e-02,1.329774e-04,2.460897e-04,2.867699e-01,7.329526e-03,1.613440e-01,6.420990e-03,6.718604e-03,4.657688e-01,1.633708e-02
2.453180e-03,3.459468e-03,7.878926e-03,4.310320e-03,3.879301e-03,2.569984e-02,1.216849e-04,2.519925e-04,2.970142e-01,8.737706e-03,1.365446e-01,6.907987e-03,5.761967e-03,4.784867e-01,1.849209e-02
2.282706e-03,3.249562e-03,5.870637e-03,3.410468e-03,2.856151e-03,1.938991e-02,1.026577e-04,2.052453e-04,3.785112e-01,9.011040e-03,1.016270e-01,5.290212e-03,4.186358e-03,4.490425e-01,1.496444e-02
1.995200e-03,3.054913e-03,4.836888e-03,3.023205e-03,2.120495e-03,1.778197e-02,8.258130e-05,1.621914e-04,3.873081e-01,1.028475e-02,8.096894e-02,4.156215e-03,3.261975e-03,4.677178e-01,1.324482e-02
2.277181e-03,2.948877e-03,5.254016e-03,7.289179e-03,1.860315e-03,1.594138e-02,8.114498e-05,1.646628e-04,4.306966e-01,1.203605e-02,7.317416e-02,3.370473e-03,2.703312e-03,4.295287e-01,1.267392e-02
2.922098e-03,4.674445e-03,6.862543e-03,7.174431e-03,1.772702e-03,1.512261e-02,9.579604e-05,2.212490e-04,4.753565e-01,1.142303e-02,5.743121e-02,2.584248e-03,2.377817e-03,4.009500e-01,1.103133e-02
3.946630e-03,3.869388e-03,6.790921e-03,7.403677e-03,1.529771e-03,1.180928e-02,8.821071e-05,2.295949e-04,5.300655e-01,1.269713e-02,5.122036e-02,2.155496e-03,2.235309e-03,3.471671e-01,1.879167e-02
4.442829e-03,2.951139e-03,5.470782e-03,6.797694e-03,1.401408e-03,1.046417e-02,1.027165e-04,2.122617e-04,5.975312e-01,1.601318e-02,4.405221e-02,3.192515e-03,4.758390e-03,2.688387e-01,3.377086e-02
4.741415e-03,2.353478e-03,5.959655e-03,7.312804e-03,2.876931e-03,1.352811e-02,8.254478e-04,1.275718e-03,4.967825e-01,2.254406e-02,1.084678e-01,1.433441e-02,1.860736e-02,2.602050e-01,4.018538e-02
4.489047e-03,1.902556e-03,5.548460e-03,6.218636e-02,3.140578e-03,1.830390e-02,8.723331e-04,2.769400e-03,4.327429e-01,2.609887e-02,1.257606e-01,1.762115e-02,3.216833e-02,2.269653e-01,3.943028e-02
5.246731e-03,2.031488e-03,4.568845e-03,4.741258e-02,1.384522e-01,2.384962e-02,6.094149e-03,2.598805e-03,3.596117e-01,4.897399e-02,1.026902e-01,1.397009e-02,2.450038e-02,1.895743e-01,3.042492e-02
1.016493e-02,2.547463e-03,7.313450e-03,3.620343e-02,1.227025e-01,3.959248e-02,1.574497e-02,6.718110e-02,3.196660e-01,7.982016e-02,7.780649e-02,1.197710e-02,3.991443e-02,1.425470e-01,2.681854e-02
3.441808e-02,3.889616e-03,1.939303e-02,3.585914e-02,1.517595e-01,4.986152e-02,2.257288e-02,5.643811e-02,2.865734e-01,9.158885e-02,5.729922e-02,9.376255e-03,4.583874e-02,1.049914e-01,3.014034e-02
3.436164e-02,7.017414e-03,1.706787e-02,8.685932e-02,1.179513e-01,4.145410e-02,1.682249e-02,4.765689e-02,3.442321e-01,9.144641e-02,4.090016e-02,7.081687e-03,3.308764e-02,7.378868e-02,4.027241e-02
3.701912e-02,6.434618e-03,2.258366e-02,1.402582e-01,1.125525e-01,5.254617e-02,1.480535e-02,6.440520e-02,3.386641e-01,6.946105e-02,2.914836e-02,5.376488e-03,2.388456e-02,5.197830e-02,3.088241e-02
6.797888e-02,6.678849e-03,1.836319e-02,1.122887e-01,1.838581e-01,9.170215e-02,2.251722e-02,4.666943e-02,2.858107e-01,5.577045e-02,2.335788e-02,4.161996e-03,1.824662e-02,3.805926e-02,2.453656e-02
6.451598e-02,6.672325e-03,1.455124e-02,1.767715e-01,2.146579e-01,1.132768e-01,3.086903e-02,3.957937e-02,2.183409e-01,4.039639e-02,1.729083e-02,3.342317e-03,1.359257e-02,2.749204e-02,1.865080e-02
5.641354e-02,7.880993e-03,1.659957e-02,3.096704e-01,1.857378e-01,1.064668e-01,3.619829e-02,2.931270e-02,1.589521e-01,3.145008e-02,1.427092e-02,2.591834e-03,1.057958e-02,1.933855e-02,1.453694e-02
4.272689e-02,6.059603e-03,1.618556e-02,2.367043e-01,2.145667e-01,8.283742e-02,1.980781e-01,2.394193e-02,1.119495e-01,2.282430e-02,1.035563e-02,1.843169e-03,7.867633e-03,1.355581e-02,1.050359e-02
3.068259e-02,4.405635e-03,1.245657e-02,1.661704e-01,3.341154e-01,5.883691e-02,2.218949e-01,1.853991e-02,7.857554e-02,4.260380e-02,7.414545e-03,1.303411e-03,5.911909e-03,9.512874e-03,7.575591e-03
2.149739e-02,3.121030e-03,8.793267e-03,1.164934e-01,2.375253e-01,4.149676e-02,2.440404e-01,1.307937e-02,5.507202e-02,2.349555e-01,5.996525e-03,9.692429e-04,4.355690e-03,6.666584e-03,5.937546e-03
1.504890e-02,2.185626e-03,6.156317e-03,8.155368e-02,1.663561e-01,2.905055e-02,1.874221e-01,9.163527e-03,3.855247e-02,4.277612e-01,6.924990e-03,1.782152e-02,3.122885e-03,4.697361e-03,4.182904e-03
1.053509e-02,1.530506e-03,4.309935e-03,5.709833e-02,1.165034e-01,2.034323e-02,1.372797e-01,6.415739e-03,2.698905e-02,4.858959e-01,3.186617e-02,9.253367e-02,2.409138e-03,3.345303e-03,2.944967e-03
7.378257e-03,1.091971e-03,3.025068e-03,3.998122e-02,8.169919e-02,1.439567e-02,1.090711e-01,4.493701e-03,1.891675e-02,4.190553e-01,1.534866e-01,1.399611e-01,2.066928e-03,3.253977e-03,2.123258e-03
5.182154e-03,8.346681e-04,2.149988e-03,2.805708e-02,5.752071e-02,1.028715e-02,8.281504e-02,3.239847e-03,1.342161e-02,3.092498e-01,3.451658e-01,1.274467e-01,1.676885e-03,1.128885e-02,1.663760e-03
3.670939e-03,6.801801e-04,1.586745e-03,1.976715e-02,4.071191e-02,7.617431e-03,6.090007e-02,2.935439e-03,1.011809e-02,2.190687e-01,4.691263e-01,1.353011e-01,1.452948e-03,2.560689e-02,1.456140e-03
2.626640e-03,6.115106e-04,1.194511e-03,1.393422e-02,3.218979e-02,5.820581e-03,4.285286e-02,2.341355e-03,8.777603e-03,1.539928e-01,5.858518e-01,1.196630e-01,2.136143e-03,2.652712e-02,1.480080e-03
2.008801e-03,5.818970e-04,1.021292e-03,9.801609e-03,2.460388e-02,4.982537e-03,3.005407e-02,2.003446e-03,6.634100e-03,1.086608e-01,6.392285e-01,1.185213e-01,3.995469e-03,4.660072e-02,1.301531e-03
1.571623e-03,9.019148e-04,1.056240e-03,6.944624e-03,1.812669e-02,3.791066e-03,2.105630e-02,1.594290e-03,5.624577e-03,7.755771e-02,6.330627e-01,1.021266e-01,3.737535e-03,1.217347e-01,1.113364e-03
1.461414e-03,2.866572e-03,2.392048e-03,5.502764e-03,1.589436e-02,4.674939e-03,1.484630e-02,2.516236e-03,4.306401e-03,5.629300e-02,6.320899e-01,8.036030e-02,3.049639e-03,1.728256e-01,9.205814e-04
2.827630e-03,1.847090e-02,1.248250e-02,5.540586e-03,1.656454e-02,1.492875e-02,1.051525e-02,4.998049e-03,3.863278e-03,4.194512e-02,5.850189e-01,6.220105e-02,3.103893e-03,2.167274e-01,8.121921e-04
2.138701e-03,1.419719e-02,9.055799e-03,3.916945e-03,1.502074e-02,1.151161e-02,7.416281e-03,3.544911e-03,3.506062e-03,3.246631e-02,6.118735e-01,4.763516e-02,2.836630e-03,2.342817e-01,5.984224e-04
1.700683e-03,1.430651e-02,7.720689e-03,2.884546e-03,1.594999e-02,9.971198e-03,5.293731e-03,2.646021e-03,6.398912e-03,2.527119e-02,5.696098e-01,3.813298e-02,2.329483e-03,2.972979e-01,4.864229e-04
1.528047e-03,1.086966e-02,5.906640e-03,2.097413e-03,1.166346e-02,8.931409e-03,3.728981e-03,1.936199e-03,1.646139e-02,2.001309e-02,5.474045e-01,2.970306e-02,1.942255e-03,3.373922e-01,4.217594e-04
1.392035e-03,8.854608e-03,6.819970e-03,1.633174e-03,8.584563e-03,9.473187e-03,2.632564e-03,1.719693e-03,6.826827e-02,1.624194e-02,5.056189e-01,2.256935e-02,1.765749e-03,3.439777e-01,4.482532e-04
1.398041e-03,1.497095e-02,6.606520e-03,1.288332e-03,7.472848e-03,1.023561e-02,1.874011e-03,1.318226e-03,1.037973e-01,1.539641e-02,4.506916e-01,1.818480e-02,1.602288e-03,3.646700e-01,4.930800e-04
1.334479e-03,1.288162e-02,5.894605e-03,1.144712e-03,5.593141e-03,1.138971e-02,1.317192e-03,1.117552e-03,2.472802e-01,1.203759e-02,3.498278e-01,1.347436e-02,1.362606e-03,3.345085e-01,8.358650e-04
1.376901e-03,1.548991e-02,4.838510e-03,9.481155e-04,4.423445e-03,2.520271e-02,9.261530e-04,9.406673e-04,3.956012e-01,1.045184e-02,2.617918e-01,1.002161e-02,1.068307e-03,2.647371e-01,2.181639e-03
2.381372e-03,1.399847e-02,1.208453e-02,1.606402e-03,3.686760e-03,2.433874e-02,6.586419e-04,1.250588e-03,5.039041e-01,9.488394e-03,1.988485e-01,7.190721e-03,7.939113e-04,2.160153e-01,3.753424e-03
4.852579e-03,1.141897e-02,9.949469e-03,1.460440e-03,3.653945e-03,2.343835e-02,4.666692e-04,1.154273e-03,5.728909e-01,7.280275e-03,1.609070e-01,5.180584e-03,6.135638e-04,1.922823e-01,4.450599e-03
8.362990e-03,1.277283e-02,8.869285e-03,1.475603e-03,4.280725e-03,1.987164e-02,3.378500e-04,1.173978e-03,5.789127e-01,6.540569e-03,1.871326e-01,3.854078e-03,4.769806e-04,1.572709e-01,8.667189e-03
9.192871e-03,1.169823e-02,6.838437e-03,2.670945e-03,7.546910e-03,1.663366e-02,2.479456e-04,2.088229e-03,6.506197e-01,5.441057e-03,1.518388e-01,2.830092e-03,4.675986e-04,1.188908e-01,1.299466e-02
1.700236e-02,1.327151e-02,1.119727e-02,4.500291e-03,9.962854e-03,1.576009e-02,1.992855e-04,4.886139e-03,6.393952e-01,6.237433e-03,1.543817e-01,2.162497e-03,5.608064e-04,9.396131e-02,2.652116e-02
3.364269e-02,1.649866e-02,1.404294e-02,4.716703e-03,1.290691e-02,1.834141e-02,1.918398e-04,1.049394e-02,5.400453e-01,5.051325e-03,2.316066e-01,1.696905e-03,7.288839e-04,8.015405e-02,2.988186e-02
3.592688e-02,2.830803e-02,2.423933e-02,4.029993e-03,1.184761e-02,1.647620e-02,1.672613e-04,1.880308e-02,4.734265e-01,7.131942e-03,2.130044e-01,1.335481e-03,7.442615e-04,9.994408e-02,6.461497e-02
4.548089e-02,5.431423e-02,3.107311e-02,4.210695e-03,1.523173e-02,1.588522e-02,1.617231e-04,2.220742e-02,3.901619e-01,8.199507e-03,2.309339e-01,1.076678e-03,7.896136e-04,1.120586e-01,6.821475e-02
4.388482e-02,4.866999e-02,3.712481e-02,3.445473e-02,1.461722e-02,1.296109e-02,1.940089e-04,2.559427e-02,2.937223e-01,1.027120e-02,1.644874e-01,9.933818e-04,1.121648e-03,8.344734e-02,2.284558e-01
5.319667e-02,3.971735e-02,5.468550e-02,8.607706e-02,1.748779e-02,1.060269e-02,3.910583e-04,1.206843e-01,2.301922e-01,8.928837e-03,1.225132e-01,8.666904e-04,1.175173e-03,6.982564e-02,1.836558e-01
5.240620e-02,3.102890e-02,1.635754e-01,1.427130e-01,1.708782e-02,7.864004e-03,3.909122e-04,1.175577e-01,1.683563e-01,7.822975e-03,8.943187e-02,7.041123e-04,9.305958e-04,6.237049e-02,1.377597e-01
5.208025e-02,2.495303e-02,3.159209e-01,1.249520e-01,1.557067e-02,7.376446e-03,3.968199e-04,1.022216e-01,1.235905e-01,5.972970e-03,7.005180e-02,6.874466e-04,7.967674e-04,5.687834e-02,9.855055e-02
6.180196e-02,2.587220e-02,3.286253e-01,1.251719e-01,2.191553e-02,7.643811e-03,5.604152e-04,1.492000e-01,9.258348e-02,5.120513e-03,5.231068e-02,7.171574e-04,8.377294e-04,5.737498e-02,7.026441e-02
5.330757e-02,1.898406e-02,3.143909e-01,1.085092e-01,1.981670e-02,5.642205e-03,5.899360e-04,2.811271e-01,6.598645e-02,3.673031e-03,3.678567e-02,5.635930e-04,6.644402e-04,4.063578e-02,4.932348e-02
4.471837e-02,1.367091e-02,2.982828e-01,8.722265e-02,1.933144e-02,4.135079e-03,5.125405e-04,3.918629e-01,4.727813e-02,2.663267e-03,2.585643e-02,4.372353e-04,5.087713e-04,2.889166e-02,3.462792e-02
3.392299e-02,9.922544e-03,2.462485e-01,6.564674e-02,1.497390e-02,2.992057e-03,4.164119e-04,5.262508e-01,3.397982e-02,1.898054e-03,1.815480e-02,3.196300e-04,3.705501e-04,2.063319e-02,2.426999e-02
2.616288e-02,7.083504e-03,1.882536e-01,4.944336e-02,1.121301e-02,2.210363e-03,3.553745e-04,6.449283e-01,2.401659e-02,1.380562e-03,1.276515e-02,2.480990e-04,2.785994e-04,1.461840e-02,1.704214e-02
2.071694e-02,5.001215e-03,1.381606e-01,3.706478e-02,8.552739e-03,1.756566e-03,3.671107e-04,7.386366e-01,1.700238e-02,1.023213e-03,8.994089e-03,2.129867e-04,2.259105e-04,1.030496e-02,1.197987e-02
1.955686e-02,3.547227e-03,1.069061e-01,3.196900e-02,6.124732e-03,1.658353e-03,4.773113e-04,7.942359e-01,1.203514e-02,8.601073e-04,6.377531e-03,2.914923e-04,2.185769e-04,7.256337e-03,8.485290e-03
2.165754e-02,2.558702e-03,8.430437e-02,2.593786e-02,4.510840e-03,2.202785e-03,7.672610e-04,8.316282e-01,8.755745e-03,8.959385e-04,4.580358e-03,6.074727e-04,2.810752e-04,5.169297e-03,6.142578e-03
5.789199e-02,2.197018e-03,7.526644e-02,2.185287e-02,4.577931e-03,3.893731e-03,1.825986e-03,8.094327e-01,7.082505e-03,1.284359e-03,3.605491e-03,1.333688e-03,4.938249e-04,3.886213e-03,5.375209e-03
7.381722e-02,2.065021e-03,6.569386e-02,1.800993e-02,6.716768e-03,4.004695e-03,2.350324e-03,8.068464e-01,6.088585e-03,1.364999e-03,3.010952e-03,1.851976e-03,7.292114e-04,2.891906e-03,4.558105e-03
9.843379e-02,2.207333e-03,6.027000e-02,1.435176e-02,9.710740e-03,4.103473e-03,2.537697e-03,7.876840e-01,5.616259e-03,1.691469e-03,2.744357e-03,2.420929e-03,9.898625e-04,2.352615e-03,4.885796e-03
1.168503e-01,2.789720e-03,9.578313e-02,1.549119e-02,1.101560e-02,4.815361e-03,2.384085e-03,7.240015e-01,6.299176e-03,3.788914e-03,2.817084e-03,3.033925e-03,1.197641e-03,2.548627e-03,7.183807e-03
1.282538e-01,3.211145e-03,9.407374e-02,1.795894e-02,1.177956e-02,4.779530e-03,2.055918e-03,7.038329e-01,7.021737e-03,4.198556e-03,2.991920e-03,3.379731e-03,1.553540e-03,3.595534e-03,1.131355e-02
1.877177e-01,5.052320e-03,7.159985e-02,3.117665e-02,1.225358e-02,5.852405e-03,1.961349e-03,6.297447e-01,7.136138e-03,3.716037e-03,5.103688e-03,1.484454e-02,3.355060e-03,4.186442e-03,1.629960e-02
2.547744e-01,6.091173e-03,5.219486e-02,3.349207e-02,9.887751e-03,7.764808e-03,1.829388e-03,4.687917e-01,2.307618e-02,5.345836e-03,1.138102e-02,2.506353e-02,6.098414e-03,8.526154e-03,8.568282e-02
2.485370e-01,6.795747e-03,3.815563e-02,3.532083e-02,7.558191e-03,9.219485e-03,1.583469e-03,3.374596e-01,6.006079e-02,7.538028e-03,1.549469e-02,2.726392e-02,7.122843e-03,1.924036e-02,1.786494e-01
2.188950e-01,9.321154e-03,2.830739e-02,7.077464e-02,5.679981e-03,8.797798e-03,1.209472e-03,2.373352e-01,9.915603e-02,8.559179e-03,1.482652e-02,3.426143e-02,9.262551e-03,2.038217e-02,2.332315e-01
2.601714e-01,1.127970e-02,2.192856e-02,7.831275e-02,4.602306e-03,8.616032e-03,1.198220e-03,1.695389e-01,1.006390e-01,7.817759e-03,1.493512e-02,3.113713e-02,1.192351e-02,2.162667e-02,2.562730e-01
2.153157e-01,9.657270e-03,1.952084e-02,5.874355e-02,3.541435e-03,7.092074e-03,9.443302e-04,1.191713e-01,9.175532e-02,1.155677e-02,1.185278e-02,2.276992e-02,9.332360e-03,3.056932e-02,3.881771e-01
1.944460e-01,8.113695e-03,1.827140e-02,4.906471e-02,2.965636e-03,5.927596e-03,8.957151e-04,8.397361e-02,9.302823e-02,9.077746e-03,1.095941e-02,1.719750e-02,8.453213e-03,6.993613e-02,4.276894e-01
1.576693e-01,6.418726e-03,1.533697e-02,3.708243e-02,2.319992e-03,4.732119e-03,8.502387e-04,5.896047e-02,7.085560e-02,7.201305e-03,9.591986e-03,1.277065e-02,6.493980e-03,1.948284e-01,4.148879e-01
1.298790e-01,5.042809e-03,1.243727e-02,2.630519e-02,1.751837e-03,3.510939e-03,7.243070e-04,4.139803e-02,5.295161e-02,7.374292e-03,9.623937e-03,9.498047e-03,5.030931e-03,3.270358e-01,3.674361e-01
1.291079e-01,4.058931e-03,9.884547e-03,1.910244e-02,1.706400e-03,2.944743e-03,7.211638e-04,2.925143e-02,4.122650e-02,6.350968e-03,8.485214e-03,7.497985e-03,4.297102e-03,4.156868e-01,3.196778e-01
9.668925e-02,3.083518e-03,8.529965e-03,1.381300e-02,1.349038e-03,2.176689e-03,5.819969e-04,2.052573e-02,3.458995e-02,7.969437e-03,7.701116e-03,5.981230e-03,3.153668e-03,5.367260e-01,2.571294e-01
8.829708e-02,2.531292e-03,6.634169e-03,1.011713e-02,1.456899e-03,1.700625e-03,6.367347e-04,1.464034e-02,2.809806e-02,7.482051e-03,7.471468e-03,6.217270e-03,3.279736e-03,6.341518e-01,1.872853e-01
6.976202e-02,2.017756e-03,5.399205e-03,7.308108e-03,1.380241e-03,1.463876e-03,5.564166e-04,1.040011e-02,2.256148e-02,9.358130e-03,6.218353e-03,4.888623e-03,2.584116e-03,7.207346e-01,1.353669e-01
6.131168e-02,2.191802e-03,4.854965e-03,5.312252e-03,2.906691e-03,5.175554e-03,5.566980e-04,7.639467e-03,2.023187e-02,8.880355e-03,5.121375e-03,3.552225e-03,2.146289e-03,7.701172e-01,1.000016e-01
5.662408e-02,4.327795e-03,5.916410e-03,4.235699e-03,5.734116e-03,1.138548e-02,1.009243e-03,7.025904e-03,2.391941e-02,1.064536e-02,4.698370e-03,2.802343e-03,2.212443e-03,7.807492e-01,7.871412e-02
4.737385e-02,8.924447e-03,5.123334e-03,3.292793e-03,4.937943e-03,8.760273e-03,1.012395e-03,5.267200e-03,5.232574e-02,2.295626e-02,4.151376e-03,2.232319e-03,2.052980e-03,7.325917e-01,9.899729e-02
5.490222e-02,1.297741e-02,6.255014e-03,3.742259e-03,5.574714e-03,9.041054e-03,1.146751e-03,4.350787e-03,6.063844e-02,2.352653e-02,3.776970e-03,1.849889e-03,2.551013e-03,6.651772e-01,1.444897e-01
9.535079e-02,1.777799e-02,8.151890e-03,5.285623e-03,7.052467e-03,1.348773e-02,1.883286e-03,5.224029e-03,7.073591e-02,2.964365e-02,4.315002e-03,2.529432e-03,3.706897e-03,5.547576e-01,1.800977e-01
1.547912e-01,1.945646e-02,2.310106e-02,1.813464e-02,1.324892e-02,2.715353e-02,3.941651e-03,1.490764e-02,1.182203e-01,2.903083e-02,7.108570e-03,2.452608e-03,3.380542e-03,4.210054e-01,1.440666e-01
2.416744e-01,2.508111e-02,3.135685e-02,2.231502e-02,1.783169e-02,2.932148e-02,3.789933e-03,1.506277e-02,1.438755e-01,2.559185e-02,6.646745e-03,2.543645e-03,3.287753e-03,3.104717e-01,1.211495e-01
