1.000000e+00,0.000000e+00,0.000000e+00,0.000000e+00,0.000000e+00,0.000000e+00,0.000000e+00,0.000000e+00,0.000000e+00,0.000000e+00,0.000000e+00,0.000000e+00,0.000000e+00,0.000000e+00,0.000000e+00
1.000000e+00,0.000000e+00,0.000000e+00,0.000000e+00,0.000000e+00,0.000000e+00,0.000000e+00,0.000000e+00,0.000000e+00,0.000000e+00,0.000000e+00,0.000000e+00,0.000000e+00,0.000000e+00,0.000000e+00
1.000000e+00,0.000000e+00,0.000000e+00,0.000000e+00,0.000000e+00,0.000000e+00,0.000000e+00,0.000000e+00,0.000000e+00,0.000000e+00,0.000000e+00,0.000000e+00,0.000000e+00,0.000000e+00,0.000000e+00
1.000000e+00,0.000000e+00,0.000000e+00,0.000000e+00,0.000000e+00,0.000000e+00,0.000000e+00,0.000000e+00,0.000000e+00,0.000000e+00,0.000000e+00,0.000000e+00,0.000000e+00,0.000000e+00,0.000000e+00
1.000000e+00,0.000000e+00,0.000000e+00,0.000000e+00,0.000000e+00,0.000000e+00,0.000000e+00,0.000000e+00,0.000000e+00,0.000000e+00,0.000000e+00,0.000000e+00,0.000000e+00,0.000000e+00,0.000000e+00
1.000000e+00,0.000000e+00,0.000000e+00,0.000000e+00,0.000000e+00,0.000000e+00,0.000000e+00,0.000000e+00,0.000000e+00,0.000000e+00,0.000000e+00,0.000000e+00,0.000000e+00,0.000000e+00,0.000000e+00
1.000000e+00,0.000000e+00,0.000000e+00,0.000000e+00,0.000000e+00,0.000000e+00,0.000000e+00,0.000000e+00,0.000000e+00,0.000000e+00,0.000000e+00,0.000000e+00,0.000000e+00,0.000000e+00,0.000000e+00
1.000000e+00,0.000000e+00,0.000000e+00,0.000000e+00,0.000000e+00,0.000000e+00,0.000000e+00,0.000000e+00,0.000000e+00,0.000000e+00,0.000000e+00,0.000000e+00,0.000000e+00,0.000000e+00,0.000000e+00
1.000000e+00,0.000000e+00,0.000000e+00,0.000000e+00,0.000000e+00,0.000000e+00,0.000000e+00,0.000000e+00,0.000000e+00,0.000000e+00,0.000000e+00,0.000000e+00,0.000000e+00,0.000000e+00,0.000000e+00
1.000000e+00,0.000000e+00,0.000000e+00,0.000000e+00,0.000000e+00,0.000000e+00,0.000000e+00,0.000000e+00,0.000000e+00,0.000000e+00,0.000000e+00,0.000000e+00,0.000000e+00,0.000000e+00,0.000000e+00
1.000000e+00,0.000000e+00,0.000000e+00,0.000000e+00,0.000000e+00,0.000000e+00,0.000000e+00,0.000000e+00,0.000000e+00,0.000000e+00,0.000000e+00,0.000000e+00,0.000000e+00,0.000000e+00,0.000000e+00
1.000000e+00,0.000000e+00,0.000000e+00,0.000000e+00,0.000000e+00,0.000000e+00,0.000000e+00,0.000000e+00,0.000000e+00,0.000000e+00,0.000000e+00,0.000000e+00,0.000000e+00,0.000000e+00,0.000000e+00
1.000000e+00,0.000000e+00,0.000000e+00,0.000000e+00,0.000000e+00,0.000000e+00,0.000000e+00,0.000000e+00,0.000000e+00,0.000000e+00,0.000000e+00,0.000000e+00,0.000000e+00,0.000000e+00,0.000000e+00
1.000000e+00,0.000000e+00,0.000000e+00,0.000000e+00,0.000000e+00,0.000000e+00,0.000000e+00,0.000000e+00,0.000000e+00,0.000000e+00,0.000000e+00,0.000000e+00,0.000000e+00,0.000000e+00,0.000000e+00
1.000000e+00,0.000000e+00,0.000000e+00,0.000000e+00,0.000000e+00,0.000000e+00,0.000000e+00,0.000000e+00,0.000000e+00,0.000000e+00,0.000000e+00,0.000000e+00,0.000000e+00,0.000000e+00,0.000000e+00
1.000000e+00,0.000000e+00,0.000000e+00,0.000000e+00,0.000000e+00,0.000000e+00,0.000000e+00,0.000000e+00,0.000000e+00,0.000000e+00,0.000000e+00,0.000000e+00,0.000000e+00,0.000000e+00,0.000000e+00
1.000000e+00,0.000000e+00,0.000000e+00,0.000000e+00,0.000000e+00,0.000000e+00,0.000000e+00,0.000000e+00,0.000000e+00,0.000000e+00,0.000000e+00,0.000000e+00,0.000000e+00,0.000000e+00,0.000000e+00
1.000000e+00,0.000000e+00,0.000000e+00,0.000000e+00,0.000000e+00,0.000000e+00,0.000000e+00,0.000000e+00,0.000000e+00,0.000000e+00,0.000000e+00,0.000000e+00,0.000000e+00,0.000000e+00,0.000000e+00
1.000000e+00,0.000000e+00,0.000000e+00,0.000000e+00,0.000000e+00,0.000000e+00,0.000000e+00,0.000000e+00,0.000000e+00,0.000000e+00,0.000000e+00,0.000000e+00,0.000000e+00,0.000000e+00,0.000000e+00
1.000000e+00,0.000000e+00,0.000000e+00,0.000000e+00,0.000000e+00,0.000000e+00,0.000000e+00,0.000000e+00,0.000000e+00,0.000000e+00,0.000000e+00,0.000000e+00,0.000000e+00,0.000000e+00,0.000000e+00
1.000000e+00,0.000000e+00,0.000000e+00,0.000000e+00,0.000000e+00,0.000000e+00,0.000000e+00,0.000000e+00,0.000000e+00,0.000000e+00,0.000000e+00,0.000000e+00,0.000000e+00,0.000000e+00,0.000000e+00
1.000000e+00,0.000000e+00,0.000000e+00,0.000000e+00,0.000000e+00,0.000000e+00,0.000000e+00,0.000000e+00,0.000000e+00,0.000000e+00,0.000000e+00,0.000000e+00,0.000000e+00,0.000000e+00,0.000000e+00
1.000000e+00,0.000000e+00,0.000000e+00,0.000000e+00,0.000000e+00,0.000000e+00,0.000000e+00,0.000000e+00,0.000000e+00,0.000000e+00,0.000000e+00,0.000000e+00,0.000000e+00,0.000000e+00,0.000000e+00
1.000000e+00,0.000000e+00,0.000000e+00,0.000000e+00,0.000000e+00,0.000000e+00,0.000000e+00,0.000000e+00,0.000000e+00,0.000000e+00,0.000000e+00,0.000000e+00,0.000000e+00,0.000000e+00,0.000000e+00
1.000000e+00,0.000000e+00,0.000000e+00,0.000000e+00,0.000000e+00,0.000000e+00,0.000000e+00,0.000000e+00,0.000000e+00,0.000000e+00,0.000000e+00,0.000000e+00,0.000000e+00,0.000000e+00,0.000000e+00
1.000000e+00,0.000000e+00,0.000000e+00,0.000000e+00,0.000000e+00,0.000000e+00,0.000000e+00,0.000000e+00,0.000000e+00,0.000000e+00,0.000000e+00,0.000000e+00,0.000000e+00,0.000000e+00,0.000000e+00
1.000000e+00,0.000000e+00,0.000000e+00,0.000000e+00,0.000000e+00,0.000000e+00,0.000000e+00,0.000000e+00,0.000000e+00,0.000000e+00,0.000000e+00,0.000000e+00,0.000000e+00,0.000000e+00,0.000000e+00
1.000000e+00,0.000000e+00,0.000000e+00,0.000000e+00,0.000000e+00,0.000000e+00,0.000000e+00,0.000000e+00,0.000000e+00,0.000000e+00,0.000000e+00,0.000000e+00,0.000000e+00,0.000000e+00,0.000000e+00
1.000000e+00,0.000000e+00,0.000000e+00,0.000000e+00,0.000000e+00,0.000000e+00,0.000000e+00,0.000000e+00,0.000000e+00,0.000000e+00,0.000000e+00,0.000000e+00,0.000000e+00,0.000000e+00,0.000000e+00
1.000000e+00,0.000000e+00,0.000000e+00,0.000000e+00,0.000000e+00,0.000000e+00,0.000000e+00,0.000000e+00,0.000000e+00,0.000000e+00,0.000000e+00,0.000000e+00,0.000000e+00,0.000000e+00,0.000000e+00
1.000000e+00,0.000000e+00,0.000000e+00,0.000000e+00,0.000000e+00,0.000000e+00,0.000000e+00,0.000000e+00,0.000000e+00,0.000000e+00,0.000000e+00,0.000000e+00,0.000000e+00,0.000000e+00,0.000000e+00
1.000000e+00,0.000000e+00,0.000000e+00,0.000000e+00,0.000000e+00,0.000000e+00,0.000000e+00,0.000000e+00,0.000000e+00,0.000000e+00,0.000000e+00,0.000000e+00,0.000000e+00,0.000000e+00,0.000000e+00
1.000000e+00,0.000000e+00,0.000000e+00,0.000000e+00,0.000000e+00,0.000000e+00,0.000000e+00,0.000000e+00,0.000000e+00,0.000000e+00,0.000000e+00,0.000000e+00,0.000000e+00,0.000000e+00,0.000000e+00
1.000000e+00,0.000000e+00,0.000000e+00,0.000000e+00,0.000000e+00,0.000000e+00,0.000000e+00,0.000000e+00,0.000000e+00,0.000000e+00,0.000000e+00,0.000000e+00,0.000000e+00,0.000000e+00,0.000000e+00
1.000000e+00,0.000000e+00,0.000000e+00,0.000000e+00,0.000000e+00,0.000000e+00,0.000000e+00,0.000000e+00,0.000000e+00,0.000000e+00,0.000000e+00,0.000000e+00,0.000000e+00,0.000000e+00,0.000000e+00
1.000000e+00,0.000000e+00,0.000000e+00,0.000000e+00,0.000000e+00,0.000000e+00,0.000000e+00,0.000000e+00,0.000000e+00,0.000000e+00,0.000000e+00,0.000000e+00,0.000000e+00,0.000000e+00,0.000000e+00
1.000000e+00,0.000000e+00,0.000000e+00,0.000000e+00,0.000000e+00,0.000000e+00,0.000000e+00,0.000000e+00,0.000000e+00,0.000000e+00,0.000000e+00,0.000000e+00,0.000000e+00,0.000000e+00,0.000000e+00
1.000000e+00,0.000000e+00,0.000000e+00,0.000000e+00,0.000000e+00,0.000000e+00,0.000000e+00,0.000000e+00,0.000000e+00,0.000000e+00,0.000000e+00,0.000000e+00,0.000000e+00,0.000000e+00,0.000000e+00
1.000000e+00,0.000000e+00,0.000000e+00,0.000000e+00,0.000000e+00,0.000000e+00,0.000000e+00,0.000000e+00,0.000000e+00,0.000000e+00,0.000000e+00,0.000000e+00,0.000000e+00,0.000000e+00,0.000000e+00
1.000000e+00,0.000000e+00,0.000000e+00,0.000000e+00,0.000000e+00,0.000000e+00,0.000000e+00,0.000000e+00,0.000000e+00,0.000000e+00,0.000000e+00,0.000000e+00,0.000000e+00,0.000000e+00,0.000000e+00
1.000000e+00,0.000000e+00,0.000000e+00,0.000000e+00,0.000000e+00,0.000000e+00,0.000000e+00,0.000000e+00,0.000000e+00,0.000000e+00,0.000000e+00,0.000000e+00,0.000000e+00,0.000000e+00,0.000000e+00
1.000000e+00,0.000000e+00,0.000000e+00,0.000000e+00,0.000000e+00,0.000000e+00,0.000000e+00,0.000000e+00,0.000000e+00,0.000000e+00,0.000000e+00,0.000000e+00,0.000000e+00,0.000000e+00,0.000000e+00
1.000000e+00,0.000000e+00,0.000000e+00,0.000000e+00,0.000000e+00,0.000000e+00,0.000000e+00,0.000000e+00,0.000000e+00,0.000000e+00,0.000000e+00,0.000000e+00,0.000000e+00,0.000000e+00,0.000000e+00
1.000000e+00,0.000000e+00,0.000000e+00,0.000000e+00,0.000000e+00,0.000000e+00,0.000000e+00,0.000000e+00,0.000000e+00,0.000000e+00,0.000000e+00,0.000000e+00,0.000000e+00,0.000000e+00,0.000000e+00
1.000000e+00,0.000000e+00,0.000000e+00,0.000000e+00,0.000000e+00,0.000000e+00,0.000000e+00,0.000000e+00,0.000000e+00,0.000000e+00,0.000000e+00,0.000000e+00,0.000000e+00,0.000000e+00,0.000000e+00
1.000000e+00,0.000000e+00,0.000000e+00,0.000000e+00,0.000000e+00,0.000000e+00,0.000000e+00,0.000000e+00,0.000000e+00,0.000000e+00,0.000000e+00,0.000000e+00,0.000000e+00,0.000000e+00,0.000000e+00
1.000000e+00,0.000000e+00,0.000000e+00,0.000000e+00,0.000000e+00,0.000000e+00,0.000000e+00,0.000000e+00,0.000000e+00,0.000000e+00,0.000000e+00,0.000000e+00,0.000000e+00,0.000000e+00,0.000000e+00
1.000000e+00,0.000000e+00,0.000000e+00,0.000000e+00,0.000000e+00,0.000000e+00,0.000000e+00,0.000000e+00,0.000000e+00,0.000000e+00,0.000000e+00,0.000000e+00,0.000000e+00,0.000000e+00,0.000000e+00
1.000000e+00,0.000000e+00,0.000000e+00,0.000000e+00,0.000000e+00,0.000000e+00,0.000000e+00,0.000000e+00,0.000000e+00,0.000000e+00,0.000000e+00,0.000000e+00,0.000000e+00,0.000000e+00,0.000000e+00
1.000000e+00,0.000000e+00,0.000000e+00,0.000000e+00,0.000000e+00,0.000000e+00,0.000000e+00,0.000000e+00,0.000000e+00,0.000000e+00,0.000000e+00,0.000000e+00,0.000000e+00,0.000000e+00,0.000000e+00
1.000000e+00,0.000000e+00,0.000000e+00,0.000000e+00,0.000000e+00,0.000000e+00,0.000000e+00,0.000000e+00,0.000000e+00,0.000000e+00,0.000000e+00,0.000000e+00,0.000000e+00,0.000000e+00,0.000000e+00
1.000000e+00,0.000000e+00,0.000000e+00,0.000000e+00,0.000000e+00,0.000000e+00,0.000000e+00,0.000000e+00,0.000000e+00,0.000000e+00,0.000000e+00,0.000000e+00,0.000000e+00,0.000000e+00,0.000000e+00
1.000000e+00,0.000000e+00,0.000000e+00,0.000000e+00,0.000000e+00,0.000000e+00,0.000000e+00,0.000000e+00,0.000000e+00,0.000000e+00,0.000000e+00,0.000000e+00,0.000000e+00,0.000000e+00,0.000000e+00
1.000000e+00,0.000000e+00,0.000000e+00,0.000000e+00,0.000000e+00,0.000000e+00,0.000000e+00,0.000000e+00,0.000000e+00,0.000000e+00,0.000000e+00,0.000000e+00,0.000000e+00,0.000000e+00,0.000000e+00
1.000000e+00,0.000000e+00,0.000000e+00,0.000000e+00,0.000000e+00,0.000000e+00,0.000000e+00,0.000000e+00,0.000000e+00,0.000000e+00,0.000000e+00,0.000000e+00,0.000000e+00,0.000000e+00,0.000000e+00
1.000000e+00,0.000000e+00,0.000000e+00,0.000000e+00,0.000000e+00,0.000000e+00,0.000000e+00,0.000000e+00,0.000000e+00,0.000000e+00,0.000000e+00,0.000000e+00,0.000000e+00,0.000000e+00,0.000000e+00
1.000000e+00,0.000000e+00,0.000000e+00,0.000000e+00,0.000000e+00,0.000000e+00,0.000000e+00,0.000000e+00,0.000000e+00,0.000000e+00,0.000000e+00,0.000000e+00,0.000000e+00,0.000000e+00,0.000000e+00
1.000000e+00,0.000000e+00,0.000000e+00,0.000000e+00,0.000000e+00,0.000000e+00,0.000000e+00,0.000000e+00,0.000000e+00,0.000000e+00,0.000000e+00,0.000000e+00,0.000000e+00,0.000000e+00,0.000000e+00
1.000000e+00,0.000000e+00,0.000000e+00,0.000000e+00,0.000000e+00,0.000000e+00,0.000000e+00,0.000000e+00,0.000000e+00,0.000000e+00,0.000000e+00,0.000000e+00,0.000000e+00,0.000000e+00,0.000000e+00
1.000000e+00,0.000000e+00,0.000000e+00,0.000000e+00,0.000000e+00,0.000000e+00,0.000000e+00,0.000000e+00,0.000000e+00,0.000000e+00,0.000000e+00,0.000000e+00,0.000000e+00,0.000000e+00,0.000000e+00
1.000000e+00,0.000000e+00,0.000000e+00,0.000000e+00,0.000000e+00,0.000000e+00,0.000000e+00,0.000000e+00,0.000000e+00,0.000000e+00,0.000000e+00,0.000000e+00,0.000000e+00,0.000000e+00,0.000000e+00
3.726899e-01,7.395810e-03,1.934275e-02,4.104929e-02,7.953738e-03,1.067630e-02,2.797860e-03,5.030406e-01,2.192389e-03,6.139487e-04,4.688523e-03,1.400221e-02,7.382298e-03,1.108089e-03,5.066345e-03
2.621229e-01,5.275508e-03,1.377739e-02,2.890873e-02,5.709733e-03,7.564363e-03,2.519482e-03,6.494539e-01,1.544029e-03,4.341256e-04,3.321908e-03,9.816709e-03,5.188735e-03,8.031685e-04,3.559413e-03
1.844699e-01,3.749666e-03,9.871453e-03,2.039320e-02,4.082500e-03,5.378849e-03,2.111401e-03,7.525403e-01,1.094983e-03,3.081979e-04,2.370950e-03,6.886816e-03,3.651234e-03,5.891616e-04,2.501383e-03
1.295462e-01,2.658898e-03,6.964970e-03,1.432775e-02,3.198783e-03,3.899092e-03,1.598225e-03,8.229350e-01,8.694442e-04,2.365810e-04,2.742577e-03,5.101300e-03,3.367241e-03,7.861342e-04,1.767823e-03
9.236821e-02,2.091176e-03,4.928194e-03,1.022950e-02,3.394998e-03,3.116834e-03,1.474585e-03,7.807468e-01,1.169339e-03,8.732030e-04,1.688827e-02,2.156361e-02,3.435504e-02,2.503434e-02,1.765803e-03
6.533673e-02,1.722231e-03,3.478780e-03,7.684954e-03,3.045935e-03,2.293283e-03,1.166317e-03,6.057922e-01,1.905831e-03,2.137052e-03,7.211876e-02,6.293401e-02,1.163260e-01,4.989277e-02,4.165123e-03
4.754112e-02,1.300442e-03,2.450420e-03,9.032825e-03,2.755005e-03,1.915299e-03,9.295879e-04,4.432642e-01,3.569323e-03,1.715630e-03,7.240842e-02,1.111744e-01,2.497059e-01,4.868184e-02,3.555616e-03
3.672898e-02,1.202077e-03,1.815567e-03,2.514378e-02,3.289538e-03,2.878576e-03,1.090006e-03,3.397383e-01,5.977021e-03,1.815819e-03,9.716830e-02,1.013316e-01,3.026270e-01,7.228484e-02,6.908481e-03
2.745851e-02,1.633767e-03,1.780961e-03,2.784378e-02,4.241363e-03,2.616334e-03,1.221776e-03,2.416375e-01,1.980345e-02,7.504548e-03,1.148848e-01,7.411432e-02,3.235998e-01,6.816356e-02,8.349553e-02
2.125945e-02,2.189561e-03,1.969821e-03,3.209003e-02,4.730134e-03,4.714875e-03,1.209133e-03,1.706106e-01,2.905683e-02,6.187892e-03,1.173820e-01,5.811529e-02,3.757203e-01,4.852512e-02,1.262390e-01
1.548367e-02,1.847601e-03,1.596085e-03,2.463299e-02,4.618830e-03,5.074649e-03,1.173440e-03,1.197270e-01,3.386739e-02,4.980549e-03,1.093547e-01,4.776509e-02,3.984288e-01,3.421368e-02,1.972355e-01
1.092859e-02,1.384118e-03,1.274932e-03,1.794423e-02,7.939626e-02,3.658856e-03,2.957632e-03,8.654007e-02,3.908718e-02,5.777088e-03,1.241172e-01,3.905719e-02,3.377684e-01,2.432131e-02,2.257869e-01
8.491396e-03,1.544938e-03,1.598089e-03,1.454923e-02,7.401288e-02,3.357456e-03,3.013575e-03,6.658032e-02,5.036015e-02,5.112471e-03,1.092783e-01,3.893422e-02,3.889048e-01,1.724186e-02,2.170203e-01
6.442212e-03,1.566975e-03,1.824612e-03,1.126790e-02,5.836917e-02,5.073037e-03,4.404636e-03,4.958478e-02,4.559464e-02,4.085210e-03,8.776459e-02,3.640841e-02,4.726261e-01,1.220834e-02,2.027794e-01
4.796240e-03,2.056355e-03,1.687619e-03,8.365043e-03,4.210074e-02,5.277745e-02,3.607623e-03,3.518799e-02,3.664317e-02,3.018006e-03,6.756639e-02,4.804673e-02,5.342484e-01,8.880523e-03,1.510178e-01
3.565602e-03,2.198476e-03,1.356250e-03,5.947239e-03,3.038934e-02,5.520716e-02,3.614136e-03,2.533921e-02,2.916153e-02,2.203189e-03,5.046402e-02,6.072382e-02,6.116402e-01,6.292450e-03,1.118974e-01
2.871198e-03,2.163636e-03,1.078766e-03,4.212200e-03,2.229242e-02,4.929518e-02,2.879318e-03,1.820489e-02,2.163789e-02,1.584872e-03,3.610460e-02,9.442433e-02,6.598183e-01,4.592100e-03,7.884035e-02
2.329453e-03,1.719454e-03,7.963186e-04,2.974058e-03,1.812242e-02,3.717882e-02,2.151071e-03,1.311265e-02,1.580325e-02,1.131983e-03,2.556621e-02,1.195605e-01,7.004682e-01,3.542014e-03,5.554358e-02
2.452264e-03,1.494325e-03,5.964070e-04,2.114066e-03,1.397890e-02,3.140342e-02,1.598996e-03,9.601368e-03,1.173859e-02,8.456580e-04,1.826917e-02,2.316162e-01,6.324614e-01,2.714495e-03,3.911467e-02
3.394370e-03,1.500570e-03,5.273896e-04,1.539069e-03,1.033426e-02,2.528491e-02,1.276868e-03,7.237075e-03,9.402367e-03,6.427018e-04,1.319684e-02,4.203614e-01,4.758501e-01,1.996503e-03,2.745558e-02
5.886860e-03,1.322055e-03,5.795286e-04,1.139425e-03,7.642310e-03,2.147870e-02,1.202260e-03,5.720356e-03,7.516191e-03,4.982111e-04,9.641318e-03,5.570539e-01,3.595041e-01,1.507225e-03,1.930754e-02
1.306715e-02,1.275475e-03,7.131092e-04,9.002088e-04,6.500853e-03,1.914500e-02,1.317528e-03,4.904242e-03,6.519306e-03,4.241614e-04,7.678206e-03,6.435773e-01,2.788659e-01,1.461080e-03,1.365046e-02
2.218699e-02,1.134727e-03,9.765323e-04,8.476365e-04,5.661484e-03,6.260250e-02,3.071579e-03,4.992939e-03,5.883489e-03,3.657909e-04,6.433443e-03,6.417409e-01,2.327371e-01,1.457522e-03,9.907325e-03
2.359801e-02,9.357297e-04,1.100463e-03,7.805561e-04,5.875441e-03,8.753271e-02,3.002345e-03,6.686939e-03,5.835013e-03,3.201965e-04,5.585828e-03,6.363397e-01,2.140315e-01,1.182480e-03,7.193114e-03
3.012697e-02,1.078891e-03,1.886211e-03,9.431555e-04,6.953655e-03,1.302123e-01,2.797036e-03,8.147951e-03,5.925098e-03,3.485728e-04,5.396408e-03,6.278929e-01,1.718647e-01,1.049980e-03,5.376089e-03
3.835004e-02,9.973421e-04,1.739401e-03,8.323794e-04,8.839748e-03,1.076505e-01,3.319635e-03,8.412714e-03,5.397434e-03,2.812704e-04,5.437857e-03,6.610174e-01,1.527119e-01,1.041097e-03,3.971334e-03
5.423329e-02,9.598136e-04,2.018570e-03,7.366295e-04,9.994010e-03,7.788571e-02,3.151143e-03,9.001679e-03,4.461831e-03,2.133091e-04,4.643435e-03,6.159265e-01,2.127002e-01,1.186341e-03,2.887528e-03
7.586161e-02,1.069790e-03,2.350812e-03,6.645054e-04,1.603155e-02,5.714038e-02,3.959951e-03,9.921785e-03,5.006569e-03,1.809088e-04,3.880921e-03,5.726644e-01,2.478660e-01,1.202083e-03,2.198727e-03
1.043142e-01,1.259427e-03,5.700882e-03,8.438535e-04,2.870762e-02,4.386493e-02,7.720227e-03,2.521993e-02,5.862160e-03,1.818382e-04,3.160882e-03,5.717039e-01,1.986910e-01,1.035180e-03,1.733996e-03
1.147739e-01,1.820400e-03,1.479288e-02,1.321458e-03,4.046354e-02,3.315193e-02,1.032557e-02,3.138479e-02,1.050565e-02,2.098061e-04,2.881299e-03,4.754084e-01,2.603310e-01,1.070850e-03,1.558417e-03
1.154810e-01,6.709555e-03,1.494561e-02,2.632033e-03,3.787732e-02,4.166580e-02,1.039993e-02,2.408019e-02,2.569059e-02,3.674661e-04,3.525947e-03,3.649118e-01,3.474910e-01,1.393300e-03,2.828420e-03
8.939465e-02,1.003284e-02,1.156871e-01,8.958121e-02,8.033868e-02,3.091787e-02,9.245318e-03,2.127248e-02,3.231525e-02,6.351447e-04,3.538745e-03,2.571554e-01,2.540932e-01,1.022921e-03,4.769100e-03
7.321455e-02,1.639282e-02,1.530476e-01,8.538742e-02,1.003589e-01,3.378798e-02,1.146501e-02,2.404022e-02,6.022669e-02,1.380631e-03,3.279767e-03,1.811350e-01,2.417639e-01,8.138638e-04,1.370563e-02
6.546515e-02,1.961375e-02,1.365693e-01,7.446047e-02,1.168194e-01,5.569948e-02,1.571619e-02,2.246356e-02,1.053887e-01,1.315866e-03,3.019100e-03,1.278600e-01,2.397782e-01,6.708874e-04,1.515996e-02
1.230962e-01,1.839617e-02,1.075742e-01,5.686659e-02,1.182698e-01,5.870174e-02,1.777148e-02,1.695004e-02,8.595817e-02,9.970942e-04,2.732547e-03,9.101215e-02,2.894801e-01,5.771181e-04,1.161665e-02
1.977053e-01,2.597427e-02,8.288705e-02,5.462411e-02,1.068979e-01,6.907891e-02,1.854390e-02,1.674733e-02,7.960071e-02,1.054367e-03,2.711332e-03,6.572732e-02,2.665880e-01,6.201002e-04,1.123941e-02
2.325438e-01,2.945651e-02,5.949289e-02,4.267813e-02,9.192415e-02,7.729643e-02,2.153322e-02,1.609421e-02,8.040167e-02,8.702016e-04,2.749282e-03,4.807551e-02,2.857278e-01,7.364447e-04,1.041974e-02
2.201690e-01,2.516374e-02,4.231542e-02,3.183304e-02,7.618087e-02,9.855165e-02,3.628519e-02,1.614577e-02,7.186307e-02,7.741797e-04,2.532406e-03,3.790226e-02,3.305151e-01,6.822107e-04,9.086085e-03
2.448330e-01,3.803859e-02,3.045149e-02,5.532224e-02,7.863306e-02,1.110295e-01,4.486813e-02,2.599963e-02,7.437056e-02,9.248457e-04,3.313285e-03,2.930396e-02,2.536977e-01,7.904262e-04,8.423571e-03
2.858661e-01,3.137885e-02,2.360029e-02,6.161846e-02,5.879281e-02,9.887537e-02,3.217487e-02,6.843137e-02,5.755984e-02,1.509045e-03,1.506252e-02,2.702275e-02,2.236324e-01,1.445162e-03,1.303017e-02
3.272258e-01,2.935870e-02,1.944435e-02,6.695315e-02,4.842396e-02,1.348586e-01,2.333094e-02,6.101869e-02,4.624230e-02,4.301214e-03,2.274404e-02,2.426246e-02,1.708609e-01,4.109982e-03,1.686483e-02
3.153372e-01,2.411170e-02,1.485938e-02,6.688741e-02,3.614665e-02,1.036399e-01,1.680698e-02,4.519116e-02,3.357302e-02,3.615903e-03,1.677135e-02,1.740496e-02,2.901059e-01,2.899001e-03,1.264938e-02
3.612563e-01,1.873576e-02,1.254272e-02,5.558793e-02,2.745369e-02,8.375461e-02,1.222914e-02,3.291047e-02,2.378710e-02,2.617122e-03,1.224701e-02,1.244390e-02,3.332494e-01,2.037342e-03,9.147466e-03
2.723069e-01,1.340847e-02,8.893801e-03,4.015133e-02,2.130519e-02,6.127128e-02,8.919233e-03,2.330830e-02,1.675459e-02,1.843447e-03,8.658647e-03,8.944452e-03,5.060690e-01,1.427541e-03,6.737830e-03
1.930557e-01,9.393726e-03,6.231139e-03,2.813485e-02,1.505745e-02,4.332020e-02,6.381107e-03,1.639443e-02,1.173894e-02,1.291368e-03,6.093363e-03,6.522953e-03,6.505428e-01,9.994718e-04,4.842438e-03
1.357011e-01,6.579047e-03,4.363230e-03,1.970182e-02,1.068730e-02,3.046063e-02,4.515599e-03,1.153191e-02,8.224201e-03,9.047758e-04,4.284303e-03,4.722983e-03,7.541022e-01,6.997858e-04,3.521113e-03
9.511724e-02,4.616631e-03,3.056849e-03,1.379357e-02,7.630094e-03,2.143094e-02,3.184626e-03,8.096878e-03,5.774905e-03,6.345171e-04,3.016658e-03,3.396696e-03,8.271246e-01,4.905928e-04,2.635224e-03
6.673084e-02,3.246339e-03,2.146440e-03,9.657260e-03,5.540351e-03,1.509941e-02,2.262134e-03,5.693617e-03,4.060484e-03,4.459418e-04,2.129692e-03,2.514106e-03,8.781390e-01,3.444118e-04,1.989886e-03
4.683986e-02,2.283641e-03,1.512501e-03,6.761719e-03,3.980265e-03,1.070893e-02,1.610188e-03,4.014602e-03,2.858893e-03,3.134724e-04,1.512059e-03,1.893338e-03,9.139453e-01,2.416858e-04,1.523501e-03
3.296611e-02,1.640182e-03,1.120659e-03,4.736213e-03,3.161557e-03,7.695612e-03,1.179887e-03,2.953423e-03,2.073837e-03,2.213331e-04,1.092333e-03,1.432944e-03,9.381202e-01,1.723638e-04,1.433282e-03
2.329497e-02,1.192637e-03,8.349123e-04,3.320654e-03,2.592118e-03,5.702836e-03,8.699777e-04,2.229684e-03,1.546731e-03,1.569561e-04,8.077701e-04,1.172315e-03,9.546824e-01,1.230144e-04,1.473089e-03
1.660334e-02,9.054104e-04,6.636432e-04,2.343776e-03,2.352242e-03,4.594871e-03,6.711127e-04,1.827089e-03,1.346161e-03,1.150312e-04,6.421403e-04,1.156077e-03,9.649081e-01,8.996620e-05,1.781017e-03
1.190903e-02,7.489700e-04,5.826905e-04,1.655628e-03,1.967426e-03,3.779070e-03,5.129587e-04,1.386151e-03,1.199768e-03,8.522008e-05,4.975898e-04,1.022330e-03,9.726685e-01,6.823118e-05,1.916376e-03
8.662290e-03,6.508636e-04,7.236325e-04,1.170422e-03,1.784317e-03,2.941552e-03,4.118454e-04,1.041294e-03,9.916967e-04,6.826043e-05,4.114905e-04,9.478526e-04,9.777108e-01,6.034973e-05,2.423241e-03
6.856431e-03,5.918717e-04,6.193129e-04,8.316708e-04,1.654771e-03,2.298138e-03,3.270964e-04,7.609387e-04,8.227240e-04,6.468128e-05,3.512394e-04,9.674472e-04,9.812219e-01,5.230526e-05,2.579424e-03
5.886300e-03,5.216026e-04,5.204440e-04,6.039271e-04,1.849957e-03,2.073152e-03,3.560031e-04,5.940773e-04,8.372851e-04,6.958863e-05,3.189844e-04,1.124409e-03,9.811859e-01,4.251032e-05,4.015785e-03
5.711393e-03,5.356886e-04,9.503387e-04,4.443988e-04,7.451246e-03,4.289195e-03,6.596345e-03,1.500691e-03,1.152190e-03,9.447797e-05,3.504068e-04,1.220794e-03,9.630060e-01,4.984532e-05,6.646927e-03
6.429828e-03,5.384204e-04,1.025930e-03,3.788357e-04,7.837025e-03,1.023780e-02,5.487103e-03,1.189276e-03,1.114039e-03,1.137299e-04,4.393560e-04,1.356592e-03,9.565380e-01,5.456346e-05,7.259453e-03
7.831329e-03,5.168666e-04,1.807079e-03,3.533170e-04,8.499606e-02,2.969284e-02,6.776790e-03,1.811628e-03,2.891179e-03,1.314393e-04,5.102702e-04,1.849905e-03,8.514437e-01,5.255645e-05,9.334994e-03
8.673069e-03,6.000181e-04,4.056635e-03,3.281220e-04,6.725988e-02,3.828354e-02,5.879525e-03,1.747012e-03,2.399871e-03,2.125464e-04,5.431338e-04,1.820996e-03,8.611861e-01,6.655728e-05,6.942896e-03
7.612588e-03,6.418423e-04,1.248814e-02,4.506399e-04,5.588760e-02,3.349802e-02,4.312454e-03,4.296891e-03,2.162670e-03,3.822680e-04,7.276959e-04,1.644970e-03,8.704302e-01,9.262102e-05,5.371294e-03
1.261066e-02,6.761468e-04,1.561439e-02,1.536191e-03,4.152843e-02,5.565692e-02,3.188184e-03,1.387235e-02,2.837897e-03,1.182766e-03,4.520964e-03,5.369036e-03,8.349474e-01,6.906068e-04,5.768010e-03
2.044032e-02,1.111911e-03,1.338184e-02,2.425642e-03,3.555578e-02,5.740093e-02,2.669107e-03,1.603348e-02,1.634720e-02,5.271135e-03,1.052099e-02,1.598908e-02,7.762934e-01,1.382495e-03,2.517666e-02
1.583858e-02,3.398472e-03,1.443519e-02,8.811653e-03,2.604937e-02,4.701894e-02,1.950470e-03,2.252656e-02,1.483659e-01,8.891676e-03,2.295227e-02,2.504175e-02,5.845296e-01,1.543332e-03,6.864617e-02
1.213343e-02,4.711334e-03,1.197029e-02,8.984802e-03,1.868463e-02,3.488459e-02,1.391227e-03,1.785624e-02,1.852975e-01,1.597884e-02,1.900671e-02,1.808841e-02,4.137219e-01,1.927604e-03,2.353625e-01
1.144093e-02,5.514536e-03,1.575559e-02,1.046382e-02,1.616745e-02,3.254975e-02,1.110802e-03,1.625195e-02,1.764568e-01,1.464820e-02,1.382666e-02,1.276010e-02,2.920223e-01,1.577817e-03,3.794532e-01
1.075128e-02,1.882429e-02,1.376807e-02,1.179894e-02,1.284038e-02,2.607723e-02,1.084406e-03,1.246549e-02,2.858208e-01,1.736471e-02,1.069726e-02,9.069899e-03,2.072389e-01,1.295100e-03,3.609031e-01
1.515438e-02,5.212862e-02,1.409762e-02,1.024636e-02,1.449614e-02,2.280025e-02,1.189760e-03,1.187176e-02,3.236456e-01,2.295135e-02,8.364625e-03,6.542912e-03,1.467073e-01,1.181682e-03,3.486216e-01
2.934237e-02,6.954785e-02,1.404896e-02,9.453691e-03,1.190681e-02,1.831931e-02,1.141550e-03,9.120342e-03,3.254930e-01,3.950633e-02,7.410589e-03,4.916780e-03,1.039783e-01,1.356045e-03,3.544579e-01
5.963250e-02,7.928269e-02,1.400392e-02,1.216648e-02,1.323903e-02,1.828835e-02,1.813081e-03,1.095726e-02,3.157084e-01,3.493357e-02,7.568991e-03,4.946356e-03,7.788968e-02,2.400175e-03,3.471694e-01
4.409329e-02,6.725139e-02,1.700721e-02,3.191566e-02,1.082685e-02,1.355122e-02,1.355670e-03,8.407392e-03,3.472710e-01,4.268206e-02,1.085191e-02,4.485636e-03,6.187458e-02,1.989506e-03,3.364366e-01
3.162877e-02,5.427713e-02,2.037814e-02,1.009242e-01,9.716431e-03,1.017948e-02,1.081612e-03,6.240399e-03,2.688086e-01,4.968718e-02,4.267927e-02,9.417607e-03,7.645738e-02,1.987040e-03,3.165368e-01
2.333512e-02,4.573955e-02,1.912030e-02,1.247894e-01,9.553589e-03,7.796535e-03,8.751156e-04,4.644012e-03,2.031298e-01,4.433002e-02,1.337489e-01,2.009318e-02,1.199109e-01,2.919605e-03,2.400139e-01
1.679094e-02,3.281030e-02,1.568500e-02,9.427156e-02,9.191515e-03,6.527429e-03,7.286959e-04,3.479011e-03,1.448637e-01,3.548994e-02,2.051454e-01,4.313409e-02,1.829902e-01,3.820841e-03,2.050713e-01
1.208996e-02,2.362170e-02,1.446477e-02,6.895740e-02,1.232003e-02,6.040901e-03,7.627202e-04,2.658882e-03,1.057986e-01,3.282266e-02,2.076110e-01,5.038143e-02,2.324533e-01,8.867371e-03,2.211493e-01
8.767694e-03,1.702323e-02,1.239040e-02,5.160232e-02,1.198610e-02,6.869688e-03,7.750255e-04,2.050753e-03,8.107673e-02,3.227209e-02,2.027493e-01,8.624172e-02,2.592322e-01,1.730748e-02,2.096552e-01
6.304128e-03,1.216299e-02,8.932302e-03,3.650124e-02,8.806111e-03,6.758782e-03,6.625106e-04,1.585844e-03,6.799226e-02,2.368632e-02,1.585703e-01,1.392797e-01,3.671128e-01,1.349500e-02,1.481497e-01
4.489285e-03,9.268632e-03,6.554386e-03,2.558601e-02,6.471037e-03,5.659675e-03,4.993391e-04,1.194211e-03,6.180721e-02,1.686043e-02,1.225795e-01,1.746437e-01,4.500375e-01,9.726413e-03,1.046225e-01
3.307543e-03,7.519978e-03,4.914017e-03,1.805432e-02,5.106036e-03,5.144698e-03,4.762848e-04,1.028634e-03,5.251979e-02,1.318774e-02,8.847129e-02,2.312998e-01,4.848564e-01,9.106283e-03,7.500713e-02
2.517426e-03,5.653035e-03,3.833194e-03,1.284686e-02,5.645526e-03,8.650643e-03,7.281705e-04,1.535453e-03,5.051782e-02,1.092475e-02,6.423225e-02,2.242962e-01,5.467463e-01,8.027383e-03,5.384502e-02
2.416216e-03,4.332028e-03,3.547586e-03,9.557677e-03,8.954114e-03,1.328711e-02,2.600898e-03,9.699420e-03,6.435330e-02,1.963081e-02,4.883554e-02,2.098625e-01,5.556357e-01,8.532708e-03,3.875438e-02
2.286804e-03,3.646726e-03,2.695001e-03,6.845837e-03,9.272018e-03,4.264978e-02,2.393595e-03,1.022278e-02,9.767910e-02,1.715273e-02,3.580918e-02,2.076529e-01,5.278791e-01,6.414965e-03,2.739963e-02
2.412354e-03,3.550407e-03,2.147839e-03,5.025326e-03,9.989021e-03,1.302225e-01,2.513527e-03,1.444809e-02,9.336111e-02,1.323129e-02,2.562029e-02,2.085532e-01,4.649358e-01,4.753966e-03,1.923529e-02
2.377888e-03,4.104117e-03,1.613908e-03,3.537020e-03,7.921495e-03,2.471087e-01,1.926132e-03,1.104087e-02,8.320884e-02,9.624608e-03,1.820674e-02,2.588585e-01,3.335462e-01,3.442498e-03,1.348248e-02
3.919140e-03,6.667565e-03,2.131720e-03,2.500899e-03,6.473147e-03,2.100057e-01,3.418036e-03,1.125236e-02,6.916095e-02,8.134110e-03,1.309883e-02,4.136234e-01,2.374178e-01,2.646509e-03,9.549857e-03
5.152807e-03,1.090757e-02,1.741079e-03,1.772058e-03,5.052439e-03,1.779042e-01,2.679965e-03,9.104210e-03,5.894943e-02,6.710156e-03,9.438119e-03,5.314053e-01,1.702161e-01,2.190598e-03,6.775955e-03
9.334175e-03,2.180258e-02,1.640342e-03,1.494533e-03,5.751584e-03,1.510252e-01,2.837496e-03,8.697375e-03,8.362803e-02,6.832385e-03,7.417568e-03,5.672124e-01,1.249768e-01,2.235834e-03,5.113766e-03
1.470626e-02,2.126583e-02,1.481391e-03,1.268718e-03,4.876690e-03,1.489644e-01,2.518190e-03,6.900117e-03,8.075362e-02,5.827480e-03,6.270213e-03,6.032279e-01,9.565567e-02,2.265666e-03,4.017928e-03
3.161566e-02,2.875772e-02,3.885640e-03,6.500217e-03,1.205336e-02,1.443826e-01,3.567579e-03,1.092437e-02,8.816566e-02,1.168593e-02,5.642287e-03,5.660448e-01,7.955573e-02,2.259008e-03,4.959485e-03
5.931912e-02,2.835988e-02,6.740632e-03,1.014004e-02,1.621853e-02,1.439261e-01,3.622409e-03,1.862917e-02,7.963195e-02,1.181775e-02,6.564385e-03,5.449458e-01,6.295989e-02,2.345869e-03,4.778470e-03
1.144310e-01,2.275628e-02,5.359857e-03,1.101905e-02,1.970807e-02,1.443663e-01,4.177638e-03,1.778207e-02,7.694863e-02,1.212107e-02,8.431708e-03,4.950716e-01,6.021956e-02,2.425244e-03,5.181933e-03
1.570942e-01,1.727241e-02,4.151367e-03,1.251755e-02,2.703237e-02,1.298019e-01,4.602612e-03,1.501553e-02,7.038688e-02,9.689683e-03,1.765276e-02,4.178736e-01,1.089456e-01,2.904512e-03,5.059026e-03
1.790075e-01,1.341280e-02,3.672097e-03,1.029747e-02,2.529211e-02,1.054585e-01,4.070662e-03,1.484906e-02,5.984066e-02,7.313852e-03,2.081401e-02,3.948267e-01,1.533550e-01,3.228796e-03,4.560812e-03
1.959838e-01,1.198325e-02,4.197038e-03,1.052819e-02,2.614164e-02,8.359744e-02,3.965554e-03,2.314474e-02,6.126032e-02,5.614845e-03,2.063155e-02,3.385004e-01,2.047481e-01,4.746511e-03,4.956625e-03
2.067367e-01,1.232922e-02,8.105400e-03,1.254694e-02,5.302902e-02,7.686810e-02,4.701278e-03,4.081208e-02,6.242480e-02,4.417442e-03,2.107772e-02,2.919630e-01,1.888982e-01,6.473679e-03,9.616366e-03
1.823886e-01,1.097410e-02,7.940540e-03,1.151239e-02,9.517588e-02,6.099481e-02,5.995374e-03,1.285637e-01,6.085468e-02,3.366172e-03,1.677823e-02,2.261001e-01,1.703762e-01,5.701513e-03,1.327774e-02
1.393030e-01,1.056630e-02,6.857736e-03,1.049456e-02,1.233169e-01,4.539126e-02,6.394663e-03,2.813638e-01,5.983276e-02,2.430036e-03,1.221009e-02,1.594792e-01,1.239839e-01,4.148518e-03,1.422722e-02
1.026159e-01,7.991697e-03,6.129382e-03,8.138858e-03,1.005237e-01,3.642365e-02,5.732723e-03,4.640406e-01,4.389877e-02,1.745409e-03,8.711944e-03,1.121120e-01,8.810356e-02,2.990437e-03,1.084134e-02
7.547627e-02,5.888071e-03,5.204414e-03,6.548934e-03,7.639288e-02,2.731439e-02,5.027345e-03,6.074547e-01,3.169002e-02,1.261323e-03,6.396364e-03,7.868467e-02,6.277988e-02,2.136790e-03,7.743988e-03
5.891810e-02,4.626823e-03,4.230345e-03,5.130480e-03,6.423487e-02,2.093543e-02,3.947774e-03,7.013907e-01,2.316923e-02,9.232257e-04,4.867445e-03,5.536559e-02,4.513519e-02,1.529579e-03,5.595189e-03
4.843575e-02,3.463334e-03,3.242909e-03,3.833494e-03,5.369676e-02,1.519351e-02,3.052508e-03,7.717654e-01,1.678222e-02,6.675860e-04,3.658145e-03,3.904699e-02,3.204315e-02,1.092631e-03,4.025704e-03
3.848230e-02,2.534834e-03,2.406645e-03,2.838592e-03,4.028073e-02,1.094266e-02,2.231621e-03,8.314234e-01,1.188316e-02,4.757414e-04,2.687399e-03,2.750686e-02,2.263739e-02,7.859029e-04,2.882841e-03
3.363293e-02,1.855822e-03,1.840760e-03,2.252918e-03,3.053245e-02,8.007934e-03,1.676929e-03,8.713787e-01,8.422866e-03,3.399326e-04,1.971326e-03,1.942878e-02,1.602931e-02,5.639467e-04,2.065444e-03
3.640999e-02,1.431170e-03,1.528659e-03,2.044694e-03,2.266442e-02,6.097678e-03,1.338060e-03,8.926582e-01,6.085594e-03,2.757747e-04,1.599713e-03,1.427136e-02,1.161358e-02,4.315971e-04,1.549594e-03
3.873764e-02,1.125267e-03,1.405249e-03,2.095697e-03,1.676717e-02,4.733072e-03,1.177493e-03,9.072469e-01,4.431958e-03,2.360353e-04,1.318047e-03,1.065118e-02,8.535731e-03,3.327859e-04,1.205738e-03
3.761403e-02,8.502015e-04,1.199242e-03,1.824615e-03,1.202036e-02,3.554691e-03,9.692662e-04,9.224142e-01,3.182590e-03,1.868567e-04,1.028251e-03,7.802662e-03,6.180572e-03,2.577322e-04,9.147394e-04
4.938639e-02,6.822805e-04,1.259228e-03,1.679784e-03,8.604230e-03,2.980941e-03,9.962477e-04,9.189767e-01,2.323163e-03,1.718097e-04,9.059876e-04,6.246489e-03,4.661893e-03,2.509204e-04,8.738808e-04
7.520129e-02,5.740774e-04,1.406843e-03,1.669272e-03,6.270597e-03,3.235096e-03,1.348031e-03,8.954663e-01,1.748295e-03,1.744962e-04,1.008567e-03,6.463196e-03,3.963837e-03,3.709359e-04,1.099128e-03
1.156529e-01,4.728072e-04,1.332726e-03,1.483785e-03,4.625363e-03,4.671281e-03,1.540744e-03,8.567705e-01,1.306213e-03,1.558648e-04,9.461975e-04,6.019681e-03,3.607995e-03,3.402869e-04,1.073709e-03
2.905208e-01,6.251631e-04,1.784444e-03,2.428466e-03,3.686198e-03,7.903844e-03,1.506803e-03,6.666373e-01,1.339975e-03,1.736273e-04,1.994169e-03,1.223010e-02,7.037027e-03,5.975298e-04,1.534542e-03
3.731028e-01,1.455004e-03,1.887745e-03,2.964308e-03,3.399448e-03,8.755038e-03,1.547106e-03,5.156695e-01,1.557693e-03,3.495679e-04,4.025618e-03,1.984304e-02,6.250637e-02,7.155238e-04,2.221176e-03
3.288362e-01,1.373165e-03,1.659421e-03,3.738152e-03,2.644903e-03,1.421757e-02,6.680124e-03,3.915716e-01,3.737286e-03,3.526538e-04,5.053389e-03,1.214975e-01,1.120124e-01,2.374654e-03,4.250958e-03
2.848712e-01,1.553976e-03,1.390180e-03,3.752052e-03,3.199348e-03,1.493592e-02,1.367271e-02,2.831664e-01,1.115212e-02,4.477744e-04,5.234739e-03,2.536751e-01,1.137964e-01,3.756584e-03,5.395468e-03
2.146553e-01,1.208020e-03,1.043136e-03,2.865363e-03,2.555677e-03,1.798223e-02,1.300901e-02,2.000213e-01,1.062324e-02,4.087820e-04,4.450975e-03,4.411212e-01,8.276702e-02,3.057800e-03,4.230982e-03
1.620002e-01,9.564313e-04,7.817992e-04,2.106697e-03,1.969876e-03,1.474878e-02,1.005696e-02,1.403111e-01,8.419775e-03,5.274155e-04,3.787201e-03,5.886821e-01,6.017644e-02,2.388758e-03,3.086565e-03
1.170639e-01,7.089702e-04,5.676774e-04,1.498415e-03,1.463379e-03,1.138102e-02,7.311592e-03,9.826436e-02,6.329614e-03,7.875085e-04,5.463421e-03,7.017788e-01,4.340720e-02,1.777538e-03,2.196583e-03
8.259267e-02,6.615536e-04,4.132458e-04,1.054845e-03,1.099024e-03,8.109774e-03,5.223253e-03,6.879541e-02,4.850037e-03,1.230151e-03,1.323554e-02,7.782944e-01,3.154347e-02,1.346576e-03,1.550025e-03
5.840164e-02,5.945073e-04,3.060855e-04,7.449495e-04,8.212842e-04,5.943629e-03,3.762550e-03,4.817917e-02,3.884774e-03,2.494593e-03,2.774350e-02,8.219318e-01,2.309320e-02,9.959992e-04,1.102334e-03
4.096337e-02,6.004580e-04,2.258484e-04,5.222448e-04,7.431883e-04,4.211910e-03,2.639112e-03,3.373402e-02,3.161819e-03,3.075727e-03,3.473568e-02,8.572413e-01,1.662618e-02,7.419923e-04,7.771369e-04
2.874100e-02,4.622217e-04,1.667354e-04,3.668866e-04,6.246112e-04,2.972397e-03,1.852371e-03,2.364067e-02,2.338849e-03,3.462174e-03,4.199399e-02,8.803972e-01,1.188875e-02,5.450203e-04,5.471354e-04
2.013934e-02,3.470925e-04,1.218377e-04,2.586758e-04,6.029020e-04,2.108501e-03,1.298317e-03,1.656842e-02,1.752478e-03,3.488895e-03,3.725564e-02,9.067748e-01,8.497255e-03,4.002414e-04,3.856828e-04
1.412679e-02,2.568638e-04,8.734179e-05,1.897202e-04,9.353556e-04,1.569537e-03,9.100572e-04,1.163051e-02,1.294277e-03,3.757902e-03,2.775629e-02,9.307579e-01,6.157497e-03,2.978848e-04,2.720986e-04
9.987690e-03,2.179078e-04,7.792516e-05,1.426225e-04,1.533383e-03,1.440991e-03,6.391235e-04,8.272965e-03,9.999645e-04,4.621229e-03,2.229970e-02,9.448649e-01,4.475153e-03,2.327932e-04,1.936204e-04
7.050533e-03,1.631191e-04,6.522925e-05,1.073787e-04,1.427464e-03,1.266910e-03,4.504694e-04,5.875111e-03,7.542456e-04,3.708117e-03,1.800445e-02,9.576362e-01,3.167704e-03,1.864133e-04,1.366386e-04
4.986649e-03,1.360817e-04,5.871030e-05,7.974076e-05,1.706177e-03,9.660656e-04,3.185141e-04,4.144346e-03,5.662756e-04,2.729161e-03,1.611986e-02,9.657009e-01,2.233959e-03,1.560807e-04,9.754548e-05
3.532638e-03,1.208257e-04,5.569664e-05,6.242619e-05,2.239649e-03,7.368405e-04,2.283281e-04,2.929993e-03,4.174756e-04,2.005931e-03,1.579248e-02,9.701136e-01,1.572659e-03,1.208880e-04,7.050617e-05
2.513174e-03,2.686561e-04,1.156592e-04,6.652311e-05,1.266473e-02,8.378645e-04,2.084921e-04,2.382623e-03,3.554318e-04,1.493838e-03,1.159508e-02,9.662250e-01,1.109073e-03,1.065597e-04,5.728330e-05
1.795543e-03,2.641567e-04,1.337646e-04,6.723784e-05,2.507020e-02,9.703251e-04,2.767764e-04,2.158655e-03,3.907469e-04,1.094942e-03,8.870684e-03,9.579520e-01,7.960970e-04,1.131207e-04,4.573330e-05
1.436978e-03,3.676091e-04,3.785237e-04,1.213424e-04,3.141868e-02,1.053108e-03,1.158442e-03,4.955561e-03,6.535671e-04,9.754980e-04,7.196194e-03,9.495280e-01,5.894784e-04,1.243930e-04,4.262378e-05
1.318556e-03,5.343584e-04,5.693443e-04,1.399069e-04,1.930034e-01,1.355098e-03,3.670565e-03,6.717604e-03,7.837074e-03,9.145653e-04,6.087739e-03,7.771659e-01,4.640937e-04,1.674105e-04,5.429068e-05
1.180225e-03,4.475413e-04,6.687669e-04,1.688545e-04,2.628714e-01,1.661624e-03,7.072143e-03,1.361713e-02,8.483297e-03,7.747866e-04,5.929912e-03,6.963577e-01,4.996044e-04,2.166976e-04,5.035766e-05
1.269586e-03,6.055032e-04,7.574555e-04,1.911116e-04,4.262987e-01,2.418864e-03,2.607283e-02,1.326113e-02,1.671205e-02,6.229554e-04,6.329871e-03,5.047016e-01,4.816003e-04,2.176818e-04,5.905542e-05
1.213574e-03,4.984022e-04,5.903308e-04,1.575210e-04,4.830844e-01,1.946845e-03,2.190018e-02,9.498303e-03,1.187288e-01,4.710231e-04,6.355230e-03,3.548648e-01,4.583758e-04,1.651066e-04,6.709765e-05
1.570359e-03,4.172922e-04,5.083884e-04,2.682916e-04,6.089568e-01,1.559178e-03,2.078536e-02,6.767856e-03,1.049623e-01,3.418898e-04,4.673396e-03,2.486438e-01,3.696885e-04,1.167155e-04,5.876943e-05
3.409035e-03,3.874569e-04,4.296826e-04,7.368112e-04,6.937898e-01,3.399551e-03,1.719078e-02,7.029312e-03,9.527797e-02,2.536816e-04,3.422424e-03,1.741695e-01,3.670898e-04,8.317250e-05,5.377439e-05
5.748596e-03,4.252693e-04,4.626081e-04,2.231286e-03,7.257741e-01,4.203769e-03,1.380553e-02,4.195964e-02,8.004464e-02,1.999502e-04,2.508714e-03,1.220634e-01,4.445855e-04,6.187682e-05,6.600994e-05
1.054490e-02,4.610429e-04,4.184328e-04,2.725654e-03,6.044974e-01,4.340108e-03,1.103514e-02,2.152428e-01,6.247623e-02,1.471038e-04,1.874865e-03,8.554513e-02,5.773598e-04,4.785959e-05,6.593383e-05
1.378218e-02,7.571923e-04,3.778210e-04,4.810187e-03,5.039468e-01,1.049875e-02,9.899654e-03,3.424503e-01,4.945739e-02,1.225775e-04,1.955689e-03,6.032123e-02,1.452777e-03,4.025305e-05,1.272252e-04
2.160204e-02,9.428811e-04,3.689525e-04,6.900602e-03,3.833776e-01,3.407370e-02,7.494914e-03,3.289300e-01,4.039173e-02,2.045436e-04,1.194220e-02,9.710722e-02,6.630418e-02,1.240984e-04,2.353797e-04
1.935277e-02,8.134187e-04,3.575681e-04,8.392217e-03,2.695235e-01,3.118041e-02,5.350941e-03,2.433609e-01,3.192563e-02,3.216693e-04,2.089170e-02,9.983025e-02,2.682384e-01,1.767516e-04,2.838226e-04
3.153346e-02,7.128266e-04,4.765703e-04,1.292053e-02,1.921076e-01,3.566689e-02,5.010129e-03,1.860842e-01,3.445087e-02,2.757942e-04,1.952407e-02,1.026924e-01,3.777652e-01,4.229466e-04,3.565264e-04
3.751085e-02,7.039498e-04,4.966113e-04,1.211748e-02,1.387391e-01,4.421487e-02,5.436394e-03,1.355397e-01,3.440055e-02,2.937669e-04,1.794506e-02,1.218050e-01,4.497264e-01,6.733573e-04,3.968710e-04
4.011574e-02,6.612274e-04,4.356643e-04,9.455225e-03,1.000622e-01,3.873555e-02,5.027972e-03,9.817474e-02,3.647027e-02,4.205225e-04,1.763750e-02,1.950569e-01,4.563172e-01,9.394561e-04,4.898276e-04
