1.000000e+00,0.000000e+00,0.000000e+00,0.000000e+00,0.000000e+00,0.000000e+00,0.000000e+00,0.000000e+00,0.000000e+00,0.000000e+00,0.000000e+00,0.000000e+00,0.000000e+00,0.000000e+00,0.000000e+00
1.000000e+00,0.000000e+00,0.000000e+00,0.000000e+00,0.000000e+00,0.000000e+00,0.000000e+00,0.000000e+00,0.000000e+00,0.000000e+00,0.000000e+00,0.000000e+00,0.000000e+00,0.000000e+00,0.000000e+00
1.000000e+00,0.000000e+00,0.000000e+00,0.000000e+00,0.000000e+00,0.000000e+00,0.000000e+00,0.000000e+00,0.000000e+00,0.000000e+00,0.000000e+00,0.000000e+00,0.000000e+00,0.000000e+00,0.000000e+00
1.000000e+00,0.000000e+00,0.000000e+00,0.000000e+00,0.000000e+00,0.000000e+00,0.000000e+00,0.000000e+00,0.000000e+00,0.000000e+00,0.000000e+00,0.000000e+00,0.000000e+00,0.000000e+00,0.000000e+00
1.000000e+00,0.000000e+00,0.000000e+00,0.000000e+00,0.000000e+00,0.000000e+00,0.000000e+00,0.000000e+00,0.000000e+00,0.000000e+00,0.000000e+00,0.000000e+00,0.000000e+00,0.000000e+00,0.000000e+00
1.000000e+00,0.000000e+00,0.000000e+00,0.000000e+00,0.000000e+00,0.000000e+00,0.000000e+00,0.000000e+00,0.000000e+00,0.000000e+00,0.000000e+00,0.000000e+00,0.000000e+00,0.000000e+00,0.000000e+00
1.000000e+00,0.000000e+00,0.000000e+00,0.000000e+00,0.000000e+00,0.000000e+00,0.000000e+00,0.000000e+00,0.000000e+00,0.000000e+00,0.000000e+00,0.000000e+00,0.000000e+00,0.000000e+00,0.000000e+00
1.000000e+00,0.000000e+00,0.000000e+00,0.000000e+00,0.000000e+00,0.000000e+00,0.000000e+00,0.000000e+00,0.000000e+00,0.000000e+00,0.000000e+00,0.000000e+00,0.000000e+00,0.000000e+00,0.000000e+00
1.000000e+00,0.000000e+00,0.000000e+00,0.000000e+00,0.000000e+00,0.000000e+00,0.000000e+00,0.000000e+00,0.000000e+00,0.000000e+00,0.000000e+00,0.000000e+00,0.000000e+00,0.000000e+00,0.000000e+00
1.000000e+00,0.000000e+00,0.000000e+00,0.000000e+00,0.000000e+00,0.000000e+00,0.000000e+00,0.000000e+00,0.000000e+00,0.000000e+00,0.000000e+00,0.000000e+00,0.000000e+00,0.000000e+00,0.000000e+00
1.000000e+00,0.000000e+00,0.000000e+00,0.000000e+00,0.000000e+00,0.000000e+00,0.000000e+00,0.000000e+00,0.000000e+00,0.000000e+00,0.000000e+00,0.000000e+00,0.000000e+00,0.000000e+00,0.000000e+00
1.000000e+00,0.000000e+00,0.000000e+00,0.000000e+00,0.000000e+00,0.000000e+00,0.000000e+00,0.000000e+00,0.000000e+00,0.000000e+00,0.000000e+00,0.000000e+00,0.000000e+00,0.000000e+00,0.000000e+00
1.000000e+00,0.000000e+00,0.000000e+00,0.000000e+00,0.000000e+00,0.000000e+00,0.000000e+00,0.000000e+00,0.000000e+00,0.000000e+00,0.000000e+00,0.000000e+00,0.000000e+00,0.000000e+00,0.000000e+00
1.000000e+00,0.000000e+00,0.000000e+00,0.000000e+00,0.000000e+00,0.000000e+00,0.000000e+00,0.000000e+00,0.000000e+00,0.000000e+00,0.000000e+00,0.000000e+00,0.000000e+00,0.000000e+00,0.000000e+00
1.000000e+00,0.000000e+00,0.000000e+00,0.000000e+00,0.000000e+00,0.000000e+00,0.000000e+00,0.000000e+00,0.000000e+00,0.000000e+00,0.000000e+00,0.000000e+00,0.000000e+00,0.000000e+00,0.000000e+00
1.000000e+00,0.000000e+00,0.000000e+00,0.000000e+00,0.000000e+00,0.000000e+00,0.000000e+00,0.000000e+00,0.000000e+00,0.000000e+00,0.000000e+00,0.000000e+00,0.000000e+00,0.000000e+00,0.000000e+00
1.000000e+00,0.000000e+00,0.000000e+00,0.000000e+00,0.000000e+00,0.000000e+00,0.000000e+00,0.000000e+00,0.000000e+00,0.000000e+00,0.000000e+00,0.000000e+00,0.000000e+00,0.000000e+00,0.000000e+00
1.000000e+00,0.000000e+00,0.000000e+00,0.000000e+00,0.000000e+00,0.000000e+00,0.000000e+00,0.000000e+00,0.000000e+00,0.000000e+00,0.000000e+00,0.000000e+00,0.000000e+00,0.000000e+00,0.000000e+00
1.000000e+00,0.000000e+00,0.000000e+00,0.000000e+00,0.000000e+00,0.000000e+00,0.000000e+00,0.000000e+00,0.000000e+00,0.000000e+00,0.000000e+00,0.000000e+00,0.000000e+00,0.000000e+00,0.000000e+00
1.000000e+00,0.000000e+00,0.000000e+00,0.000000e+00,0.000000e+00,0.000000e+00,0.000000e+00,0.000000e+00,0.000000e+00,0.000000e+00,0.000000e+00,0.000000e+00,0.000000e+00,0.000000e+00,0.000000e+00
1.000000e+00,0.000000e+00,0.000000e+00,0.000000e+00,0.000000e+00,0.000000e+00,0.000000e+00,0.000000e+00,0.000000e+00,0.000000e+00,0.000000e+00,0.000000e+00,0.000000e+00,0.000000e+00,0.000000e+00
1.000000e+00,0.000000e+00,0.000000e+00,0.000000e+00,0.000000e+00,0.000000e+00,0.000000e+00,0.000000e+00,0.000000e+00,0.000000e+00,0.000000e+00,0.000000e+00,0.000000e+00,0.000000e+00,0.000000e+00
1.000000e+00,0.000000e+00,0.000000e+00,0.000000e+00,0.000000e+00,0.000000e+00,0.000000e+00,0.000000e+00,0.000000e+00,0.000000e+00,0.000000e+00,0.000000e+00,0.000000e+00,0.000000e+00,0.000000e+00
1.000000e+00,0.000000e+00,0.000000e+00,0.000000e+00,0.000000e+00,0.000000e+00,0.000000e+00,0.000000e+00,0.000000e+00,0.000000e+00,0.000000e+00,0.000000e+00,0.000000e+00,0.000000e+00,0.000000e+00
1.000000e+00,0.000000e+00,0.000000e+00,0.000000e+00,0.000000e+00,0.000000e+00,0.000000e+00,0.000000e+00,0.000000e+00,0.000000e+00,0.000000e+00,0.000000e+00,0.000000e+00,0.000000e+00,0.000000e+00
1.000000e+00,0.000000e+00,0.000000e+00,0.000000e+00,0.000000e+00,0.000000e+00,0.000000e+00,0.000000e+00,0.000000e+00,0.000000e+00,0.000000e+00,0.000000e+00,0.000000e+00,0.000000e+00,0.000000e+00
1.000000e+00,0.000000e+00,0.000000e+00,0.000000e+00,0.000000e+00,0.000000e+00,0.000000e+00,0.000000e+00,0.000000e+00,0.000000e+00,0.000000e+00,0.000000e+00,0.000000e+00,0.000000e+00,0.000000e+00
1.000000e+00,0.000000e+00,0.000000e+00,0.000000e+00,0.000000e+00,0.000000e+00,0.000000e+00,0.000000e+00,0.000000e+00,0.000000e+00,0.000000e+00,0.000000e+00,0.000000e+00,0.000000e+00,0.000000e+00
1.000000e+00,0.000000e+00,0.000000e+00,0.000000e+00,0.000000e+00,0.000000e+00,0.000000e+00,0.000000e+00,0.000000e+00,0.000000e+00,0.000000e+00,0.000000e+00,0.000000e+00,0.000000e+00,0.000000e+00
1.000000e+00,0.000000e+00,0.000000e+00,0.000000e+00,0.000000e+00,0.000000e+00,0.000000e+00,0.000000e+00,0.000000e+00,0.000000e+00,0.000000e+00,0.000000e+00,0.000000e+00,0.000000e+00,0.000000e+00
1.000000e+00,0.000000e+00,0.000000e+00,0.000000e+00,0.000000e+00,0.000000e+00,0.000000e+00,0.000000e+00,0.000000e+00,0.000000e+00,0.000000e+00,0.000000e+00,0.000000e+00,0.000000e+00,0.000000e+00
1.000000e+00,0.000000e+00,0.000000e+00,0.000000e+00,0.000000e+00,0.000000e+00,0.000000e+00,0.000000e+00,0.000000e+00,0.000000e+00,0.000000e+00,0.000000e+00,0.000000e+00,0.000000e+00,0.000000e+00
1.000000e+00,0.000000e+00,0.000000e+00,0.000000e+00,0.000000e+00,0.000000e+00,0.000000e+00,0.000000e+00,0.000000e+00,0.000000e+00,0.000000e+00,0.000000e+00,0.000000e+00,0.000000e+00,0.000000e+00
1.000000e+00,0.000000e+00,0.000000e+00,0.000000e+00,0.000000e+00,0.000000e+00,0.000000e+00,0.000000e+00,0.000000e+00,0.000000e+00,0.000000e+00,0.000000e+00,0.000000e+00,0.000000e+00,0.000000e+00
1.000000e+00,0.000000e+00,0.000000e+00,0.000000e+00,0.000000e+00,0.000000e+00,0.000000e+00,0.000000e+00,0.000000e+00,0.000000e+00,0.000000e+00,0.000000e+00,0.000000e+00,0.000000e+00,0.000000e+00
1.000000e+00,0.000000e+00,0.000000e+00,0.000000e+00,0.000000e+00,0.000000e+00,0.000000e+00,0.000000e+00,0.000000e+00,0.000000e+00,0.000000e+00,0.000000e+00,0.000000e+00,0.000000e+00,0.000000e+00
1.000000e+00,0.000000e+00,0.000000e+00,0.000000e+00,0.000000e+00,0.000000e+00,0.000000e+00,0.000000e+00,0.000000e+00,0.000000e+00,0.000000e+00,0.000000e+00,0.000000e+00,0.000000e+00,0.000000e+00
1.000000e+00,0.000000e+00,0.000000e+00,0.000000e+00,0.000000e+00,0.000000e+00,0.000000e+00,0.000000e+00,0.000000e+00,0.000000e+00,0.000000e+00,0.000000e+00,0.000000e+00,0.000000e+00,0.000000e+00
1.000000e+00,0.000000e+00,0.000000e+00,0.000000e+00,0.000000e+00,0.000000e+00,0.000000e+00,0.000000e+00,0.000000e+00,0.000000e+00,0.000000e+00,0.000000e+00,0.000000e+00,0.000000e+00,0.000000e+00
1.000000e+00,0.000000e+00,0.000000e+00,0.000000e+00,0.000000e+00,0.000000e+00,0.000000e+00,0.000000e+00,0.000000e+00,0.000000e+00,0.000000e+00,0.000000e+00,0.000000e+00,0.000000e+00,0.000000e+00
1.000000e+00,0.000000e+00,0.000000e+00,0.000000e+00,0.000000e+00,0.000000e+00,0.000000e+00,0.000000e+00,0.000000e+00,0.000000e+00,0.000000e+00,0.000000e+00,0.000000e+00,0.000000e+00,0.000000e+00
1.000000e+00,0.000000e+00,0.000000e+00,0.000000e+00,0.000000e+00,0.000000e+00,0.000000e+00,0.000000e+00,0.000000e+00,0.000000e+00,0.000000e+00,0.000000e+00,0.000000e+00,0.000000e+00,0.000000e+00
1.000000e+00,0.000000e+00,0.000000e+00,0.000000e+00,0.000000e+00,0.000000e+00,0.000000e+00,0.000000e+00,0.000000e+00,0.000000e+00,0.000000e+00,0.000000e+00,0.000000e+00,0.000000e+00,0.000000e+00
1.000000e+00,0.000000e+00,0.000000e+00,0.000000e+00,0.000000e+00,0.000000e+00,0.000000e+00,0.000000e+00,0.000000e+00,0.000000e+00,0.000000e+00,0.000000e+00,0.000000e+00,0.000000e+00,0.000000e+00
1.000000e+00,0.000000e+00,0.000000e+00,0.000000e+00,0.000000e+00,0.000000e+00,0.000000e+00,0.000000e+00,0.000000e+00,0.000000e+00,0.000000e+00,0.000000e+00,0.000000e+00,0.000000e+00,0.000000e+00
1.000000e+00,0.000000e+00,0.000000e+00,0.000000e+00,0.000000e+00,0.000000e+00,0.000000e+00,0.000000e+00,0.000000e+00,0.000000e+00,0.000000e+00,0.000000e+00,0.000000e+00,0.000000e+00,0.000000e+00
1.000000e+00,0.000000e+00,0.000000e+00,0.000000e+00,0.000000e+00,0.000000e+00,0.000000e+00,0.000000e+00,0.000000e+00,0.000000e+00,0.000000e+00,0.000000e+00,0.000000e+00,0.000000e+00,0.000000e+00
1.000000e+00,0.000000e+00,0.000000e+00,0.000000e+00,0.000000e+00,0.000000e+00,0.000000e+00,0.000000e+00,0.000000e+00,0.000000e+00,0.000000e+00,0.000000e+00,0.000000e+00,0.000000e+00,0.000000e+00
1.000000e+00,0.000000e+00,0.000000e+00,0.000000e+00,0.000000e+00,0.000000e+00,0.000000e+00,0.000000e+00,0.000000e+00,0.000000e+00,0.000000e+00,0.000000e+00,0.000000e+00,0.000000e+00,0.000000e+00
1.000000e+00,0.000000e+00,0.000000e+00,0.000000e+00,0.000000e+00,0.000000e+00,0.000000e+00,0.000000e+00,0.000000e+00,0.000000e+00,0.000000e+00,0.000000e+00,0.000000e+00,0.000000e+00,0.000000e+00
1.000000e+00,0.000000e+00,0.000000e+00,0.000000e+00,0.000000e+00,0.000000e+00,0.000000e+00,0.000000e+00,0.000000e+00,0.000000e+00,0.000000e+00,0.000000e+00,0.000000e+00,0.000000e+00,0.000000e+00
1.000000e+00,0.000000e+00,0.000000e+00,0.000000e+00,0.000000e+00,0.000000e+00,0.000000e+00,0.000000e+00,0.000000e+00,0.000000e+00,0.000000e+00,0.000000e+00,0.000000e+00,0.000000e+00,0.000000e+00
1.000000e+00,0.000000e+00,0.000000e+00,0.000000e+00,0.000000e+00,0.000000e+00,0.000000e+00,0.000000e+00,0.000000e+00,0.000000e+00,0.000000e+00,0.000000e+00,0.000000e+00,0.000000e+00,0.000000e+00
1.000000e+00,0.000000e+00,0.000000e+00,0.000000e+00,0.000000e+00,0.000000e+00,0.000000e+00,0.000000e+00,0.000000e+00,0.000000e+00,0.000000e+00,0.000000e+00,0.000000e+00,0.000000e+00,0.000000e+00
1.000000e+00,0.000000e+00,0.000000e+00,0.000000e+00,0.000000e+00,0.000000e+00,0.000000e+00,0.000000e+00,0.000000e+00,0.000000e+00,0.000000e+00,0.000000e+00,0.000000e+00,0.000000e+00,0.000000e+00
1.000000e+00,0.000000e+00,0.000000e+00,0.000000e+00,0.000000e+00,0.000000e+00,0.000000e+00,0.000000e+00,0.000000e+00,0.000000e+00,0.000000e+00,0.000000e+00,0.000000e+00,0.000000e+00,0.000000e+00
1.000000e+00,0.000000e+00,0.000000e+00,0.000000e+00,0.000000e+00,0.000000e+00,0.000000e+00,0.000000e+00,0.000000e+00,0.000000e+00,0.000000e+00,0.000000e+00,0.000000e+00,0.000000e+00,0.000000e+00
1.000000e+00,0.000000e+00,0.000000e+00,0.000000e+00,0.000000e+00,0.000000e+00,0.000000e+00,0.000000e+00,0.000000e+00,0.000000e+00,0.000000e+00,0.000000e+00,0.000000e+00,0.000000e+00,0.000000e+00
1.000000e+00,0.000000e+00,0.000000e+00,0.000000e+00,0.000000e+00,0.000000e+00,0.000000e+00,0.000000e+00,0.000000e+00,0.000000e+00,0.000000e+00,0.000000e+00,0.000000e+00,0.000000e+00,0.000000e+00
1.000000e+00,0.000000e+00,0.000000e+00,0.000000e+00,0.000000e+00,0.000000e+00,0.000000e+00,0.000000e+00,0.000000e+00,0.000000e+00,0.000000e+00,0.000000e+00,0.000000e+00,0.000000e+00,0.000000e+00
4.884360e-01,6.647782e-03,4.939665e-03,1.418171e-02,2.935709e-03,2.442828e-02,2.030411e-03,3.318386e-03,2.168478e-03,9.080903e-04,4.137667e-01,1.958323e-02,6.427130e-03,3.360385e-03,6.868109e-03
3.420222e-01,4.696903e-03,3.483897e-03,9.965466e-03,2.085323e-03,1.838756e-02,1.427426e-03,2.332416e-03,1.607755e-03,7.095657e-04,5.777373e-01,2.124631e-02,4.525196e-03,4.526111e-03,5.246486e-03
2.396077e-01,3.566091e-03,2.541078e-03,7.090076e-03,1.782386e-03,1.440001e-02,1.101241e-03,1.694319e-03,1.637105e-03,2.044532e-03,6.576387e-01,3.945578e-02,3.255369e-03,1.083936e-02,1.334619e-02
1.678820e-01,2.763980e-03,1.883787e-03,5.068500e-03,1.585519e-03,1.510022e-02,8.835781e-04,1.249173e-03,1.896131e-03,3.037087e-03,6.996901e-01,6.104635e-02,2.347695e-03,1.935676e-02,1.620917e-02
1.182922e-01,3.162440e-03,3.181914e-03,4.100043e-03,2.125546e-03,2.159105e-02,1.118934e-03,1.320684e-03,3.253247e-03,7.180997e-03,6.619431e-01,1.138668e-01,1.945173e-03,3.628473e-02,2.063319e-02
8.313492e-02,2.544245e-03,2.601856e-03,3.156988e-03,2.001845e-03,1.955794e-02,8.636712e-04,1.034237e-03,3.061254e-03,6.401326e-03,7.108977e-01,1.059422e-01,1.538777e-03,4.117814e-02,1.608483e-02
5.858906e-02,2.296268e-03,2.276217e-03,2.851194e-03,2.670886e-03,1.563033e-02,8.297274e-04,9.097952e-04,3.300703e-03,7.357950e-03,7.585950e-01,9.452111e-02,1.353448e-03,3.654020e-02,1.227817e-02
4.121724e-02,1.819458e-03,2.082326e-03,2.017815e-03,2.097873e-03,1.167743e-02,6.620425e-04,7.589939e-04,2.826184e-03,3.155008e-02,7.859713e-01,7.205398e-02,9.656419e-04,3.485938e-02,9.440334e-03
2.917249e-02,1.512242e-03,1.964878e-03,1.457178e-03,2.121152e-03,8.845921e-03,6.231940e-04,7.438480e-04,3.151829e-03,7.706751e-02,7.747645e-01,5.661255e-02,7.063532e-04,3.368920e-02,7.567122e-03
2.114637e-02,1.462920e-03,2.224844e-03,1.053324e-03,1.741122e-03,7.312910e-03,8.578013e-04,8.527444e-04,3.647586e-03,1.704649e-01,7.025847e-01,4.556390e-02,5.339296e-04,3.268366e-02,7.869268e-03
1.497824e-02,1.608178e-03,2.275788e-03,7.593481e-04,1.309068e-03,6.260932e-03,6.815706e-04,7.155921e-04,4.264255e-03,2.934271e-01,5.982408e-01,3.442339e-02,4.039364e-04,3.292685e-02,7.724883e-03
1.053072e-02,1.632620e-03,1.706156e-03,5.390631e-04,9.570292e-04,5.242195e-03,4.978502e-04,5.123107e-04,3.711748e-03,3.625692e-01,5.505782e-01,2.546151e-02,3.146074e-04,2.963714e-02,6.109710e-03
7.583710e-03,2.107696e-03,1.571475e-03,4.183120e-04,7.645927e-04,4.338352e-03,3.640369e-04,4.242551e-04,5.537217e-03,4.857455e-01,4.383846e-01,1.846033e-02,2.545078e-04,2.895162e-02,5.093778e-03
5.404097e-03,2.124180e-03,1.125650e-03,3.150680e-04,6.092401e-04,3.745775e-03,2.649206e-04,3.104637e-04,4.585370e-03,5.626955e-01,3.776548e-01,1.354069e-02,2.155508e-04,2.335568e-02,4.052920e-03
3.810650e-03,1.720132e-03,7.953509e-04,2.247439e-04,5.025901e-04,2.712702e-03,1.872118e-04,2.184838e-04,3.342519e-03,6.448051e-01,3.114671e-01,9.753158e-03,1.786692e-04,1.720420e-02,3.077440e-03
2.682868e-03,1.497063e-03,5.684056e-04,1.596238e-04,3.679330e-04,2.186839e-03,1.322334e-04,1.536179e-04,2.387303e-03,7.380498e-01,2.300400e-01,6.918796e-03,1.553023e-04,1.242153e-02,2.278678e-03
1.887801e-03,1.329151e-03,4.040432e-04,1.126652e-04,2.625817e-04,1.582783e-03,9.283474e-05,1.076415e-04,1.683472e-03,8.078203e-01,1.691149e-01,4.884735e-03,1.333838e-04,8.914551e-03,1.669191e-03
1.378880e-03,1.305943e-03,2.950005e-04,8.198174e-05,2.064443e-04,1.293415e-03,6.634343e-05,7.583243e-05,1.254717e-03,8.559219e-01,1.264171e-01,3.543131e-03,1.758444e-04,6.759829e-03,1.223604e-03
9.761713e-04,1.216600e-03,2.166063e-04,5.902552e-05,1.625795e-04,9.924122e-04,4.738496e-05,5.345420e-05,9.081391e-04,8.939270e-01,9.286913e-02,2.591078e-03,1.774776e-04,4.908544e-03,8.944489e-04
7.024056e-04,1.055807e-03,1.716694e-04,4.389717e-05,1.632355e-04,8.621908e-04,3.471318e-05,4.176245e-05,6.635849e-04,9.247200e-01,6.534952e-02,1.915276e-03,1.750528e-04,3.455569e-03,6.453371e-04
5.605103e-04,9.341472e-04,2.601045e-04,3.282227e-05,1.569622e-04,8.056447e-04,2.980334e-05,4.579065e-05,4.780946e-04,9.463838e-01,4.583328e-02,1.382416e-03,1.757533e-04,2.447931e-03,4.729158e-04
5.059150e-04,9.329688e-04,4.720629e-04,3.372084e-05,5.973928e-04,7.076503e-04,8.908308e-05,2.895661e-04,4.493504e-04,9.599064e-01,3.228135e-02,1.194508e-03,3.049394e-04,1.874124e-03,3.609465e-04
7.222816e-04,1.004167e-03,9.952099e-04,4.245188e-05,6.110171e-04,2.699912e-03,7.947820e-05,6.105917e-04,7.063467e-04,9.645079e-01,2.325688e-02,1.250492e-03,1.358292e-03,1.689570e-03,4.654017e-04
2.348002e-03,1.643571e-03,3.493919e-03,5.309901e-05,1.352484e-03,2.124656e-03,1.159691e-04,1.153514e-03,1.590240e-03,9.648915e-01,1.682954e-02,1.088096e-03,1.236264e-03,1.532120e-03,5.470065e-04
5.579023e-03,2.760070e-03,1.262416e-02,2.358664e-04,5.455425e-03,2.103886e-03,2.359425e-04,2.103804e-02,1.029793e-02,9.189500e-01,1.349959e-02,1.707538e-03,2.324762e-03,2.055190e-03,1.132575e-03
9.529628e-03,3.741615e-03,2.283138e-02,4.048574e-04,6.276358e-03,4.030804e-03,4.995193e-04,3.370815e-02,1.604751e-02,8.836364e-01,1.064835e-02,1.943622e-03,2.897716e-03,2.423031e-03,1.381006e-03
2.028451e-02,3.562807e-03,1.720452e-02,2.055208e-03,8.553624e-03,3.401000e-03,4.458914e-04,3.202130e-02,5.382037e-02,8.404134e-01,8.702440e-03,1.988414e-03,2.649851e-03,2.758129e-03,2.138503e-03
2.187235e-02,3.755676e-03,1.494845e-02,1.590886e-03,1.203654e-02,4.975693e-03,4.062224e-04,2.699466e-02,4.590066e-02,8.510139e-01,7.052985e-03,1.695669e-03,2.481469e-03,3.521976e-03,1.752850e-03
3.298199e-02,3.480987e-03,1.800608e-02,1.807942e-03,1.507142e-02,1.550805e-02,7.686146e-04,8.801719e-02,3.802206e-02,7.707985e-01,5.522695e-03,1.811445e-03,2.118559e-03,4.453435e-03,1.631050e-03
5.302436e-02,3.054285e-03,3.322694e-02,4.227141e-03,1.835947e-02,1.544539e-02,1.118490e-03,1.632771e-01,2.963572e-02,6.649573e-01,4.441177e-03,1.953591e-03,1.785498e-03,4.072320e-03,1.421234e-03
7.223403e-02,2.866269e-03,4.976091e-02,4.543207e-03,1.593765e-02,1.815979e-02,1.483594e-02,1.492737e-01,2.151335e-02,6.385178e-01,3.355769e-03,2.906576e-03,1.674969e-03,3.122804e-03,1.297289e-03
7.264982e-02,3.240944e-03,8.467668e-02,7.153899e-03,1.303659e-02,2.261808e-02,5.016391e-02,1.380003e-01,1.611550e-02,5.806003e-01,2.648826e-03,3.594561e-03,1.705150e-03,2.534759e-03,1.260796e-03
5.772224e-02,2.330975e-03,9.982231e-02,9.303825e-03,1.068472e-02,1.674968e-02,1.531151e-01,2.148642e-01,1.153849e-02,4.146302e-01,1.950341e-03,2.900041e-03,1.401333e-03,1.958140e-03,1.028506e-03
4.205974e-02,1.654081e-03,8.044873e-02,8.376817e-03,9.351853e-03,1.232369e-02,3.419151e-01,1.959573e-01,8.126014e-03,2.929779e-01,1.376805e-03,2.115193e-03,1.068243e-03,1.453235e-03,7.953324e-04
2.998905e-02,1.184937e-03,6.332609e-02,6.207562e-03,7.655798e-03,8.997586e-03,5.130852e-01,1.521056e-01,5.711640e-03,2.060052e-01,1.004084e-03,1.668581e-03,1.370531e-03,1.041839e-03,6.462670e-04
2.201629e-02,8.497855e-04,4.864323e-02,4.538220e-03,6.016899e-03,6.464134e-03,6.359262e-01,1.222670e-01,4.078727e-03,1.444873e-01,7.296741e-04,1.369863e-03,1.317065e-03,7.611084e-04,5.345125e-04
1.693467e-02,6.246735e-04,3.643174e-02,3.320170e-03,5.312087e-03,4.692001e-03,7.178560e-01,1.057844e-01,2.969836e-03,1.014583e-01,5.682443e-04,1.431421e-03,1.526989e-03,5.784463e-04,5.110240e-04
1.440291e-02,4.772473e-04,2.706434e-02,2.424802e-03,4.230395e-03,3.593440e-03,7.812395e-01,8.680648e-02,2.196386e-03,7.193301e-02,5.386598e-04,1.793478e-03,1.767682e-03,5.832593e-04,9.484233e-04
1.449609e-02,4.619964e-04,2.036802e-02,1.947436e-03,3.836645e-03,2.898993e-03,8.208641e-01,7.520710e-02,1.741276e-03,5.099131e-02,5.783703e-04,2.179168e-03,2.041383e-03,7.183804e-04,1.669761e-03
1.969027e-02,7.497158e-04,1.571167e-02,1.714431e-03,3.249160e-03,3.538026e-03,8.398097e-01,6.352003e-02,1.599013e-03,3.611289e-02,1.160949e-03,4.997301e-03,4.044673e-03,1.009173e-03,3.093112e-03
6.367595e-02,1.681496e-03,1.710335e-02,2.274759e-03,4.627705e-03,5.937759e-03,8.003014e-01,5.270731e-02,1.748207e-03,2.604903e-02,2.020250e-03,8.552387e-03,4.772938e-03,1.728872e-03,6.818516e-03
5.019560e-02,2.172311e-03,1.729352e-02,2.743936e-03,5.837776e-03,7.079620e-03,7.922480e-01,4.031280e-02,2.548678e-03,3.014698e-02,1.313412e-02,1.035590e-02,4.686737e-03,4.187199e-03,1.705689e-02
3.616131e-02,2.256509e-03,1.725086e-02,2.013752e-03,4.530543e-03,5.388583e-03,6.641491e-01,2.949641e-02,1.280659e-02,8.181444e-02,1.528562e-02,7.791526e-03,3.596123e-03,4.665308e-02,7.080550e-02
2.682872e-02,2.270886e-03,1.378972e-02,1.518609e-03,3.945655e-03,4.372431e-03,5.458604e-01,2.241343e-02,5.238272e-02,8.072923e-02,2.345193e-02,7.456308e-03,3.093447e-03,1.137310e-01,9.815551e-02
2.098585e-02,2.243857e-03,9.955634e-03,1.453427e-03,4.025887e-03,4.398103e-03,4.103293e-01,1.838394e-02,6.759077e-02,7.539016e-02,2.536060e-02,7.333228e-03,3.670034e-03,1.769388e-01,1.719404e-01
1.542565e-02,2.135304e-03,7.150613e-03,1.134759e-03,3.562164e-03,3.447780e-03,2.884498e-01,1.373200e-02,5.690478e-02,6.458253e-02,2.184572e-02,6.778817e-03,3.915907e-03,3.533283e-01,1.576059e-01
1.441013e-02,2.380557e-03,5.178370e-03,9.711795e-04,4.040443e-03,2.663975e-03,2.027741e-01,1.057367e-02,4.790679e-02,5.281069e-02,2.476720e-02,6.530878e-03,4.110191e-03,4.954813e-01,1.254005e-01
6.351001e-02,3.578711e-03,4.840302e-03,1.633208e-03,5.650559e-03,4.969238e-03,1.442721e-01,9.009873e-03,4.593777e-02,4.019145e-02,4.899246e-02,5.813354e-03,5.364399e-03,5.169979e-01,9.923859e-02
8.252360e-02,7.364167e-03,5.633123e-03,2.485024e-03,5.898134e-03,8.880487e-03,1.067895e-01,7.429529e-03,4.246665e-02,3.479751e-02,5.086584e-02,6.531296e-03,6.406082e-03,5.289224e-01,1.030067e-01
8.477776e-02,6.193372e-03,4.744182e-03,1.959709e-03,4.627924e-03,8.462857e-03,7.638683e-02,5.658134e-03,4.080476e-02,3.805956e-02,4.154865e-02,5.019869e-03,5.101093e-03,5.818380e-01,9.481730e-02
8.610120e-02,5.803847e-03,4.372257e-03,2.032354e-03,3.784535e-03,1.702338e-02,5.474331e-02,4.314539e-03,5.193324e-02,4.307345e-02,3.820794e-02,4.511771e-03,5.161163e-03,5.863479e-01,9.258910e-02
7.090483e-02,1.176690e-02,4.615033e-03,2.018634e-03,3.127399e-03,2.325454e-02,3.930400e-02,3.422182e-03,6.359771e-02,5.026643e-02,3.308789e-02,3.932679e-03,5.766291e-03,5.929003e-01,9.203521e-02
5.669348e-02,1.444646e-02,5.379124e-03,2.006613e-03,3.836917e-03,3.515436e-02,2.773415e-02,2.900500e-03,1.043652e-01,4.672127e-02,3.633209e-02,3.015001e-03,4.442505e-03,5.824231e-01,7.454919e-02
4.594373e-02,2.216588e-02,1.740374e-02,4.598537e-03,7.251895e-03,5.450638e-02,1.973557e-02,2.510046e-03,1.545585e-01,4.374399e-02,3.068066e-02,2.461335e-03,3.846347e-03,5.170048e-01,7.358851e-02
4.315329e-02,2.375280e-02,9.677003e-02,6.443038e-03,1.337794e-02,8.541340e-02,1.412821e-02,2.355237e-03,1.393271e-01,4.575967e-02,2.567257e-02,1.878059e-03,3.208878e-03,4.323567e-01,6.640303e-02
3.201111e-02,1.904146e-02,7.749587e-02,4.688421e-03,1.068967e-02,6.220089e-02,9.925738e-03,1.791819e-03,1.367963e-01,4.319951e-02,2.057036e-02,1.419169e-03,2.505896e-03,5.134089e-01,6.425497e-02
2.495793e-02,1.551132e-02,6.076144e-02,3.572428e-03,8.445111e-03,4.457672e-02,6.977275e-03,1.304694e-03,1.367578e-01,5.975814e-02,1.608411e-02,1.059656e-03,2.213138e-03,5.510537e-01,6.696652e-02
1.879072e-02,1.637971e-02,4.850113e-02,3.218781e-03,7.480152e-03,3.192173e-02,4.914690e-03,1.015319e-03,1.681238e-01,6.590703e-02,1.402797e-02,8.396934e-04,1.893317e-03,5.516701e-01,6.531584e-02
1.526706e-02,2.697504e-02,4.019744e-02,2.824380e-03,6.910489e-03,2.313649e-02,3.471428e-03,8.775505e-04,2.443410e-01,6.874613e-02,1.336167e-02,6.721848e-04,1.755384e-03,4.940389e-01,5.742482e-02
2.635855e-02,2.363396e-02,3.256608e-02,3.066400e-03,1.281561e-02,1.754429e-02,2.480493e-03,1.339358e-03,3.504012e-01,8.237746e-02,1.130019e-02,6.698024e-04,1.799638e-03,3.734104e-01,6.023653e-02
2.390603e-02,3.060116e-02,3.874947e-02,5.209910e-03,1.473616e-02,1.479030e-02,1.787822e-03,2.832462e-03,4.053260e-01,8.471075e-02,9.543341e-03,5.981344e-04,1.811255e-03,2.879038e-01,7.749332e-02
1.959646e-02,2.609117e-02,3.328761e-02,6.671509e-03,1.149079e-02,1.084369e-02,1.290933e-03,2.121771e-03,4.549436e-01,7.583499e-02,7.586260e-03,5.224964e-04,2.077838e-03,2.066435e-01,1.409974e-01
1.964039e-02,2.352376e-02,3.245068e-02,8.304146e-03,1.199448e-02,9.130438e-03,1.011225e-03,3.186109e-03,4.516548e-01,1.203750e-01,1.034210e-02,6.970372e-04,4.188086e-03,1.837789e-01,1.197228e-01
1.570943e-02,1.759683e-02,2.772457e-02,6.107628e-03,8.848046e-03,6.781044e-03,7.515940e-04,2.307249e-03,3.527840e-01,2.227546e-01,8.820807e-03,6.148064e-04,4.832675e-03,1.559041e-01,1.684626e-01
1.971174e-02,1.456315e-02,8.245730e-02,5.366224e-03,1.536735e-02,7.387297e-03,5.801367e-04,2.454646e-03,2.689891e-01,2.759474e-01,2.179854e-02,9.870771e-04,7.763160e-03,1.384417e-01,1.381851e-01
1.517073e-02,1.165856e-02,5.976226e-02,4.035397e-03,1.381561e-02,5.656884e-03,4.156797e-04,1.803871e-03,1.999755e-01,4.611888e-01,2.164354e-02,1.246010e-03,6.162958e-03,9.879569e-02,9.866852e-02
1.255813e-02,1.532927e-02,4.239250e-02,3.221001e-03,1.990468e-02,4.425704e-03,3.163505e-04,1.535701e-03,3.062806e-01,4.270707e-01,2.051095e-02,1.632667e-03,5.396725e-03,6.953041e-02,6.989451e-02
1.217194e-02,2.207808e-02,3.673863e-02,2.975583e-03,3.564175e-02,3.437509e-03,4.127473e-04,1.542751e-03,3.220259e-01,4.262705e-01,1.503983e-02,1.227782e-03,4.135945e-03,4.875824e-02,6.754285e-02
1.629882e-02,2.252042e-02,3.004391e-02,2.342124e-03,4.145316e-02,2.569369e-03,4.745804e-04,1.228251e-03,2.876322e-01,4.663449e-01,1.063506e-02,8.720065e-04,2.945850e-03,3.418238e-02,8.045699e-02
2.465210e-02,2.573518e-02,8.713475e-02,2.476881e-03,1.101028e-01,2.340854e-03,2.380683e-03,5.920111e-03,2.811896e-01,3.589442e-01,7.525523e-03,6.224588e-04,2.128561e-03,2.399627e-02,6.485008e-02
2.184711e-02,3.462414e-02,2.244486e-01,2.783089e-03,8.775625e-02,1.881053e-03,2.345641e-03,8.589977e-03,1.988325e-01,3.318375e-01,5.316359e-03,4.545454e-04,1.568580e-03,1.683263e-02,6.088211e-02
1.654790e-02,2.846572e-02,2.754728e-01,2.292265e-03,6.363881e-02,1.498992e-03,1.828786e-03,7.004831e-03,1.398961e-01,3.886608e-01,4.033973e-03,3.884704e-04,1.706208e-03,1.185044e-02,5.671390e-02
2.022533e-02,2.562654e-02,2.924549e-01,1.799742e-03,4.604263e-02,1.765538e-03,1.429186e-03,5.162905e-03,9.900319e-02,4.068272e-01,3.146104e-03,3.596950e-04,1.624302e-03,9.033131e-03,8.549957e-02
3.950583e-02,2.811802e-02,3.332693e-01,1.549647e-03,6.919860e-02,1.012831e-02,1.247058e-03,3.759430e-03,7.064583e-02,3.312352e-01,2.341581e-03,3.101683e-04,1.312732e-03,7.969384e-03,9.940889e-02
4.856153e-02,8.021346e-02,2.937906e-01,1.157138e-02,6.346735e-02,2.894066e-02,4.271823e-03,5.244597e-03,5.063075e-02,2.530293e-01,2.193145e-03,3.957636e-04,1.236816e-03,6.530387e-03,1.499225e-01
9.247035e-02,1.089277e-01,2.445519e-01,2.184672e-02,9.671372e-02,4.338278e-02,6.649828e-03,7.972684e-03,3.657567e-02,1.865244e-01,2.137166e-03,9.201747e-04,1.425312e-03,7.030744e-03,1.428709e-01
1.874307e-01,1.034883e-01,2.271730e-01,2.160739e-02,1.048655e-01,4.267866e-02,6.819847e-03,8.653305e-03,2.680781e-02,1.375197e-01,2.409014e-03,1.669508e-03,1.607465e-03,7.448406e-03,1.198215e-01
2.797748e-01,1.027858e-01,1.789759e-01,2.203803e-02,9.493138e-02,4.556555e-02,6.656737e-03,6.877394e-03,2.036095e-02,1.008417e-01,4.271552e-03,5.668462e-03,3.874570e-03,1.363017e-02,1.137470e-01
1.986420e-01,7.493447e-02,1.259077e-01,3.273073e-02,6.823942e-02,3.017166e-01,4.739224e-03,5.333344e-03,1.449862e-02,7.068358e-02,4.731859e-03,4.131375e-03,2.747556e-03,9.954719e-03,8.100881e-02
1.434077e-01,5.637139e-02,8.893620e-02,2.747937e-02,6.897376e-02,4.554918e-01,4.155770e-03,2.066656e-02,1.031814e-02,5.059877e-02,4.331526e-03,3.136933e-03,2.013234e-03,7.178486e-03,5.694033e-02
1.177790e-01,4.470776e-02,6.512430e-02,2.589384e-02,8.665569e-02,4.353474e-01,4.666016e-03,8.684027e-02,9.473557e-03,6.437299e-02,6.085373e-03,2.361791e-03,1.788625e-03,5.627512e-03,4.327585e-02
1.005963e-01,3.369981e-02,4.743395e-02,2.230191e-02,7.009766e-02,4.030913e-01,4.924709e-03,9.754449e-02,1.550915e-02,1.490209e-01,1.367042e-02,1.868480e-03,2.048603e-03,5.285348e-03,3.290690e-02
7.073449e-02,2.362210e-02,3.328368e-02,1.577924e-02,4.954941e-02,2.867397e-01,3.575674e-03,7.039730e-02,5.205684e-02,3.516939e-01,1.095456e-02,1.325475e-03,1.889703e-03,3.846589e-03,2.455128e-02
5.117296e-02,1.673917e-02,2.349965e-02,1.126450e-02,3.605013e-02,2.175730e-01,2.769908e-03,5.348213e-02,8.608288e-02,4.620094e-01,1.058885e-02,1.006798e-03,1.854701e-03,2.868574e-03,2.303737e-02
4.270235e-02,1.274046e-02,1.673582e-02,8.272476e-03,4.532317e-02,1.696395e-01,2.106915e-03,5.234705e-02,7.634240e-02,5.197971e-01,8.952362e-03,7.937094e-04,2.292574e-03,3.589795e-03,3.836440e-02
3.939522e-02,9.302747e-03,1.187019e-02,5.971881e-03,3.500759e-02,1.201885e-01,1.511575e-03,3.865476e-02,8.631851e-02,3.859840e-01,8.600071e-03,6.152659e-04,2.734794e-03,1.704747e-02,2.367974e-01
2.987085e-02,6.601023e-03,8.364777e-03,4.241233e-03,2.486538e-02,8.432962e-02,1.076605e-03,2.726217e-02,9.578637e-02,2.816521e-01,6.504651e-03,4.542359e-04,2.137149e-03,1.854228e-02,4.083115e-01
2.360904e-02,4.941065e-03,6.078861e-03,3.235480e-03,1.772286e-02,5.949781e-02,8.043756e-04,1.957233e-02,1.485095e-01,2.002720e-01,5.618326e-03,3.965892e-04,2.410232e-03,1.539893e-02,4.919326e-01
1.959225e-02,3.728338e-03,4.298164e-03,2.344905e-03,1.260627e-02,4.177304e-02,5.709616e-04,1.374408e-02,1.280088e-01,1.416166e-01,4.196259e-03,2.941536e-04,2.121384e-03,1.332944e-02,6.117753e-01
1.988128e-02,2.914445e-03,3.048088e-03,1.788588e-03,8.952241e-03,2.951223e-02,4.099200e-04,9.638435e-03,1.035783e-01,9.962585e-02,3.444424e-03,2.583732e-04,1.881767e-03,1.398442e-02,7.010816e-01
1.654221e-02,2.599502e-03,2.179332e-03,1.312388e-03,6.329207e-03,2.081713e-02,2.894389e-04,6.748816e-03,9.897694e-02,7.005308e-02,3.151731e-03,2.025013e-04,1.460910e-03,2.092923e-02,7.484076e-01
1.677266e-02,5.294024e-03,1.812148e-03,1.289981e-03,4.504132e-03,1.578273e-02,2.209778e-04,4.739494e-03,1.573898e-01,4.987167e-02,3.255380e-03,2.384199e-04,1.588916e-03,3.545734e-02,7.017823e-01
2.311333e-02,8.775625e-03,1.540223e-03,1.537522e-03,3.322599e-03,1.223030e-02,1.881491e-04,3.334571e-03,1.754663e-01,3.713550e-02,3.807344e-03,4.051193e-04,1.747818e-03,1.113974e-01,6.159982e-01
3.826877e-02,1.705477e-02,2.056166e-03,1.960218e-03,2.987440e-03,9.545557e-03,1.695790e-04,2.358522e-03,1.751399e-01,2.848234e-02,8.596695e-03,5.386996e-04,2.025243e-03,1.534518e-01,5.573643e-01
2.976887e-02,1.906158e-02,1.590558e-03,2.326086e-03,2.694885e-03,7.268185e-03,1.366611e-04,1.665005e-03,2.748296e-01,2.419380e-02,7.317431e-03,5.860804e-04,1.963923e-03,1.858951e-01,4.407022e-01
2.229842e-02,1.655022e-02,2.637814e-03,3.750594e-03,4.551730e-03,6.115515e-03,1.206077e-04,1.304475e-03,4.232262e-01,2.657425e-02,5.995280e-03,6.006761e-04,1.619280e-03,1.476338e-01,3.370212e-01
2.673087e-02,1.468312e-02,2.944893e-02,8.185786e-03,1.636049e-02,6.552146e-03,2.922549e-04,3.045592e-03,4.532471e-01,4.044340e-02,8.285214e-03,8.801249e-04,1.903976e-03,1.265955e-01,2.633455e-01
3.101248e-02,1.171418e-02,3.652234e-02,6.844518e-03,1.939559e-02,5.384735e-03,2.661748e-04,2.699168e-03,4.774519e-01,5.494751e-02,8.525869e-03,8.618881e-04,1.888155e-03,1.314212e-01,2.110644e-01
3.016782e-02,1.182515e-02,4.043194e-02,1.759697e-02,4.909660e-02,4.929657e-03,5.768017e-04,4.148507e-03,4.780386e-01,5.948508e-02,8.442648e-03,1.098316e-03,1.921935e-03,1.104456e-01,1.817944e-01
2.869303e-02,8.986977e-03,1.799913e-01,5.276947e-02,4.818590e-02,4.372947e-03,5.571565e-04,1.098702e-02,3.637356e-01,7.782421e-02,7.866222e-03,9.919385e-04,2.117709e-03,8.027693e-02,1.326436e-01
2.199418e-02,7.043226e-03,2.521777e-01,4.217066e-02,3.889502e-02,3.627577e-03,4.727109e-04,8.478452e-03,2.644444e-01,1.653150e-01,1.559931e-02,1.848561e-03,7.316496e-03,6.077525e-02,1.098416e-01
2.772572e-02,6.396896e-03,2.507981e-01,3.081860e-02,3.177689e-02,3.560625e-03,5.981826e-04,6.355337e-03,1.898923e-01,2.854893e-01,2.126234e-02,1.804122e-03,7.966067e-03,4.755832e-02,8.799730e-02
2.302331e-02,1.051312e-02,2.074153e-01,1.859377e-01,3.813205e-02,4.399613e-03,1.265349e-03,5.036900e-03,1.838708e-01,2.091542e-01,1.961398e-02,1.803489e-03,7.544944e-03,3.357894e-02,6.871038e-02
5.664455e-02,3.061336e-02,1.578770e-01,2.202223e-01,6.306062e-02,1.206498e-02,3.201023e-03,4.792918e-03,1.796589e-01,1.602279e-01,2.216684e-02,2.550781e-03,7.170206e-03,2.406718e-02,5.568139e-02
5.802858e-02,2.706571e-02,1.802315e-01,3.034789e-01,6.954067e-02,2.246151e-02,7.347387e-03,5.571975e-03,1.305896e-01,1.132889e-01,1.703725e-02,2.519007e-03,5.845884e-03,1.700994e-02,3.998318e-02
7.357991e-02,3.602183e-02,1.469616e-01,2.922507e-01,8.402770e-02,1.119007e-01,1.488135e-02,4.925297e-03,9.366734e-02,7.965697e-02,1.326790e-02,2.656284e-03,4.819447e-03,1.229242e-02,2.909054e-02
6.164555e-02,4.007576e-02,1.074344e-01,2.270453e-01,8.465463e-02,2.851928e-01,2.016919e-02,3.758940e-03,6.712581e-02,5.638840e-02,1.005750e-02,2.263652e-03,4.259210e-03,8.699900e-03,2.122893e-02
5.175790e-02,3.326249e-02,7.845375e-02,1.615672e-01,1.983896e-01,2.931503e-01,3.829944e-02,4.850004e-03,4.919485e-02,5.170973e-02,7.439948e-03,1.885327e-03,3.603713e-03,6.249425e-03,2.018636e-02
4.774063e-02,2.951252e-02,5.619887e-02,1.146547e-01,2.691808e-01,2.701399e-01,3.606980e-02,3.919782e-03,3.589888e-02,1.011993e-01,6.041982e-03,1.590191e-03,3.391648e-03,4.607186e-03,1.985380e-02
3.342810e-02,2.068711e-02,3.937052e-02,8.026311e-02,1.886610e-01,1.898795e-01,3.613088e-02,2.901333e-03,2.525079e-02,3.555596e-01,5.023366e-03,2.722666e-03,2.676073e-03,3.284387e-03,1.416158e-02
2.341232e-02,1.450509e-02,2.759343e-02,5.619998e-02,1.323794e-01,1.335085e-01,2.880964e-02,2.079140e-03,1.777065e-02,4.990412e-01,1.318963e-02,3.587577e-02,2.933791e-03,2.641843e-03,1.005966e-02
1.641663e-02,1.020011e-02,1.934124e-02,3.937538e-02,9.282970e-02,9.367575e-02,2.451160e-02,1.462863e-03,1.248501e-02,5.062964e-01,3.195594e-02,1.371480e-01,4.494546e-03,2.561174e-03,7.245716e-03
1.182049e-02,7.244417e-03,1.357880e-02,2.765650e-02,6.537717e-02,6.592816e-02,2.054806e-02,1.045719e-03,8.820358e-03,4.426546e-01,4.148331e-02,2.811063e-01,5.055016e-03,2.498933e-03,5.182141e-03
8.855627e-03,5.224986e-03,9.620938e-03,1.939853e-02,4.607120e-02,4.750751e-02,1.721272e-02,8.294231e-04,6.308864e-03,3.540286e-01,3.889704e-02,4.329646e-01,6.890297e-03,2.427099e-03,3.762652e-03
6.586325e-03,3.727594e-03,6.841756e-03,1.359485e-02,3.232096e-02,3.398460e-02,1.298174e-02,7.080940e-04,4.512463e-03,2.616386e-01,3.098202e-02,5.809593e-01,6.425659e-03,2.041449e-03,2.694583e-03
4.935630e-03,3.483079e-03,5.269631e-03,9.526592e-03,2.320253e-02,2.644010e-02,9.340415e-03,5.787720e-04,3.270820e-03,1.962280e-01,2.807144e-02,6.805216e-01,5.347956e-03,1.837364e-03,1.946042e-03
5.707589e-03,4.490740e-03,4.597722e-03,6.749670e-03,1.741341e-02,2.353281e-02,7.047249e-03,8.529075e-04,2.580929e-03,1.518916e-01,2.714101e-02,7.402667e-01,4.462492e-03,1.748528e-03,1.516722e-03
4.515219e-03,3.301664e-03,3.250274e-03,4.742541e-03,1.251278e-02,1.703623e-02,4.982301e-03,7.370445e-04,1.858234e-03,1.074580e-01,2.053163e-02,8.134501e-01,3.293937e-03,1.260267e-03,1.069767e-03
4.208487e-03,2.491080e-03,2.304947e-03,3.345336e-03,9.060830e-03,1.330608e-02,3.553091e-03,5.770078e-04,1.356840e-03,7.624413e-02,1.664508e-02,8.627359e-01,2.463926e-03,9.420557e-04,7.651600e-04
3.817494e-03,1.839151e-03,1.627110e-03,2.354344e-03,6.683588e-03,9.605886e-03,2.546655e-03,4.292238e-04,1.041877e-03,5.377633e-02,1.309135e-02,9.001840e-01,1.771873e-03,6.826108e-04,5.484507e-04
5.654776e-03,1.443732e-03,1.155688e-03,1.707228e-03,6.588913e-03,8.682183e-03,1.994106e-03,5.883713e-04,1.143660e-03,3.832989e-02,1.734059e-02,9.130523e-01,1.370581e-03,5.416253e-04,4.063310e-04
6.889740e-03,1.132341e-03,8.436456e-04,1.239586e-03,1.450377e-02,9.375094e-03,2.687325e-03,1.289086e-03,1.510134e-03,2.705207e-02,2.302411e-02,9.085823e-01,1.145185e-03,4.308832e-04,2.946644e-04
8.152676e-03,8.951355e-04,6.326868e-04,9.049315e-04,2.095482e-02,8.787980e-03,5.724120e-03,2.287223e-03,1.837995e-03,1.927003e-02,3.538786e-02,8.934066e-01,1.143622e-03,3.922725e-04,2.220665e-04
1.104785e-02,9.712559e-04,5.599670e-04,6.877845e-04,4.766610e-02,9.696437e-03,6.389866e-03,2.322121e-03,3.292257e-03,1.439363e-02,5.521397e-02,8.457149e-01,1.376595e-03,4.684124e-04,1.988693e-04
9.703895e-03,7.285055e-04,4.993976e-04,5.159065e-04,6.155162e-02,8.106954e-03,5.401442e-03,3.090199e-03,5.791625e-03,1.083006e-02,4.727368e-02,8.432977e-01,2.295205e-03,7.280438e-04,1.857713e-04
7.274596e-03,5.574340e-04,4.780266e-04,3.880275e-04,5.614277e-02,6.354820e-03,3.921235e-03,2.550287e-03,6.926411e-03,8.133121e-03,3.987869e-02,8.626647e-01,3.496272e-03,1.077017e-03,1.566407e-04
6.384274e-03,5.562658e-04,1.540681e-03,3.538131e-04,1.357117e-01,7.555651e-03,4.159717e-03,4.873185e-03,1.654470e-02,6.012121e-03,3.443356e-02,7.767724e-01,3.702643e-03,1.243938e-03,1.553327e-04
5.731849e-03,5.876115e-04,2.139338e-03,3.576614e-04,1.622237e-01,8.355277e-03,3.992373e-03,7.879227e-03,1.692979e-02,4.694486e-03,3.596375e-02,7.445869e-01,4.995287e-03,1.427766e-03,1.350760e-04
5.447817e-03,5.129854e-04,1.984308e-03,3.961567e-04,1.470615e-01,8.531916e-03,3.266067e-03,1.051788e-02,1.657123e-02,3.643985e-03,4.132419e-02,7.505988e-01,8.670509e-03,1.350469e-03,1.222575e-04
1.263396e-02,6.809845e-04,3.603254e-03,6.545759e-04,1.815715e-01,9.300635e-03,3.513617e-03,2.696192e-02,1.656969e-02,3.252240e-03,8.352856e-02,6.411223e-01,1.479813e-02,1.645550e-03,1.631051e-04
1.561985e-02,6.639045e-04,4.449211e-03,6.150298e-04,2.133540e-01,7.786174e-03,3.545940e-03,5.457439e-02,1.413746e-02,2.662294e-03,1.192240e-01,5.480556e-01,1.356591e-02,1.592574e-03,1.535797e-04
1.718020e-02,7.940971e-04,4.666793e-03,5.373113e-04,2.813916e-01,8.271665e-03,7.664473e-03,5.791959e-02,2.149316e-02,2.101657e-03,1.526604e-01,4.321502e-01,1.142010e-02,1.559847e-03,1.888746e-04
3.128925e-02,8.240205e-04,1.235059e-02,9.237562e-04,2.326986e-01,9.266376e-03,1.141380e-02,1.739062e-01,1.775543e-02,1.768068e-03,1.496190e-01,3.470097e-01,8.990138e-03,2.003596e-03,1.814934e-04
4.401668e-02,1.317960e-03,1.142045e-02,1.656886e-03,2.324066e-01,1.402066e-02,1.511157e-02,1.495367e-01,1.499563e-02,1.461145e-03,1.679831e-01,3.353477e-01,7.405171e-03,3.003515e-03,3.161990e-04
6.348464e-02,3.336642e-03,1.042067e-02,4.119239e-03,2.509614e-01,2.527692e-02,2.870474e-02,1.281840e-01,1.517542e-02,1.414615e-03,1.751891e-01,2.821245e-01,6.829990e-03,4.153393e-03,6.247394e-04
7.372244e-02,5.551065e-03,1.568807e-02,1.681420e-02,2.846232e-01,4.336627e-02,3.377634e-02,1.362893e-01,1.314654e-02,1.139405e-03,1.489439e-01,2.172722e-01,5.898322e-03,3.178838e-03,5.900206e-04
8.983258e-02,6.710387e-03,1.342628e-02,1.996183e-02,3.127282e-01,4.377644e-02,3.700549e-02,1.041820e-01,1.888647e-02,9.684723e-04,1.720747e-01,1.717156e-01,5.181871e-03,2.845017e-03,7.047917e-04
1.055234e-01,7.582658e-03,1.135870e-02,3.772518e-02,3.791105e-01,3.848844e-02,3.769900e-02,8.323597e-02,1.955713e-02,9.204150e-04,1.319720e-01,1.393148e-01,4.297935e-03,2.272330e-03,9.416031e-04
1.163579e-01,6.888569e-03,1.058569e-02,4.103427e-02,4.096450e-01,3.268591e-02,2.953748e-02,9.908324e-02,2.052197e-02,8.456216e-04,1.093159e-01,1.170228e-01,3.720329e-03,1.837551e-03,9.177859e-04
1.312481e-01,8.658633e-03,1.175208e-02,5.425286e-02,4.262834e-01,2.854820e-02,2.242474e-02,7.177796e-02,2.124403e-02,7.129227e-04,9.762534e-02,1.195260e-01,3.442823e-03,1.582274e-03,9.205731e-04
1.510960e-01,8.768762e-03,1.324397e-02,4.659162e-02,4.918341e-01,2.485031e-02,1.646177e-02,5.112511e-02,2.100286e-02,7.149393e-04,7.568395e-02,9.337571e-02,2.913680e-03,1.364560e-03,9.727083e-04
1.614304e-01,1.576849e-02,1.125701e-02,5.173160e-02,5.358923e-01,2.133165e-02,1.295879e-02,3.759268e-02,1.909469e-02,7.970275e-04,5.474600e-02,7.036632e-02,4.028327e-03,1.353446e-03,1.651294e-03
2.212237e-01,2.640742e-02,9.968053e-03,7.044838e-02,4.881630e-01,2.106827e-02,1.016580e-02,2.705264e-02,2.055279e-02,8.177962e-04,3.928586e-02,5.355691e-02,6.677341e-03,1.366478e-03,3.245529e-03
3.024537e-01,2.343547e-02,9.282577e-03,9.013300e-02,4.149374e-01,2.271879e-02,7.835306e-03,2.331292e-02,1.590518e-02,8.994996e-04,2.932053e-02,4.343944e-02,1.172155e-02,1.380430e-03,3.224188e-03
