1.000000e+00,0.000000e+00,0.000000e+00,0.000000e+00,0.000000e+00,0.000000e+00,0.000000e+00,0.000000e+00,0.000000e+00,0.000000e+00,0.000000e+00,0.000000e+00,0.000000e+00,0.000000e+00,0.000000e+00
1.000000e+00,0.000000e+00,0.000000e+00,0.000000e+00,0.000000e+00,0.000000e+00,0.000000e+00,0.000000e+00,0.000000e+00,0.000000e+00,0.000000e+00,0.000000e+00,0.000000e+00,0.000000e+00,0.000000e+00
1.000000e+00,0.000000e+00,0.000000e+00,0.000000e+00,0.000000e+00,0.000000e+00,0.000000e+00,0.000000e+00,0.000000e+00,0.000000e+00,0.000000e+00,0.000000e+00,0.000000e+00,0.000000e+00,0.000000e+00
1.000000e+00,0.000000e+00,0.000000e+00,0.000000e+00,0.000000e+00,0.000000e+00,0.000000e+00,0.000000e+00,0.000000e+00,0.000000e+00,0.000000e+00,0.000000e+00,0.000000e+00,0.000000e+00,0.000000e+00
1.000000e+00,0.000000e+00,0.000000e+00,0.000000e+00,0.000000e+00,0.000000e+00,0.000000e+00,0.000000e+00,0.000000e+00,0.000000e+00,0.000000e+00,0.000000e+00,0.000000e+00,0.000000e+00,0.000000e+00
1.000000e+00,0.000000e+00,0.000000e+00,0.000000e+00,0.000000e+00,0.000000e+00,0.000000e+00,0.000000e+00,0.000000e+00,0.000000e+00,0.000000e+00,0.000000e+00,0.000000e+00,0.000000e+00,0.000000e+00
1.000000e+00,0.000000e+00,0.000000e+00,0.000000e+00,0.000000e+00,0.000000e+00,0.000000e+00,0.000000e+00,0.000000e+00,0.000000e+00,0.000000e+00,0.000000e+00,0.000000e+00,0.000000e+00,0.000000e+00
1.000000e+00,0.000000e+00,0.000000e+00,0.000000e+00,0.000000e+00,0.000000e+00,0.000000e+00,0.000000e+00,0.000000e+00,0.000000e+00,0.000000e+00,0.000000e+00,0.000000e+00,0.000000e+00,0.000000e+00
1.000000e+00,0.000000e+00,0.000000e+00,0.000000e+00,0.000000e+00,0.000000e+00,0.000000e+00,0.000000e+00,0.000000e+00,0.000000e+00,0.000000e+00,0.000000e+00,0.000000e+00,0.000000e+00,0.000000e+00
1.000000e+00,0.000000e+00,0.000000e+00,0.000000e+00,0.000000e+00,0.000000e+00,0.000000e+00,0.000000e+00,0.000000e+00,0.000000e+00,0.000000e+00,0.000000e+00,0.000000e+00,0.000000e+00,0.000000e+00
1.000000e+00,0.000000e+00,0.000000e+00,0.000000e+00,0.000000e+00,0.000000e+00,0.000000e+00,0.000000e+00,0.000000e+00,0.000000e+00,0.000000e+00,0.000000e+00,0.000000e+00,0.000000e+00,0.000000e+00
1.000000e+00,0.000000e+00,0.000000e+00,0.000000e+00,0.000000e+00,0.000000e+00,0.000000e+00,0.000000e+00,0.000000e+00,0.000000e+00,0.000000e+00,0.000000e+00,0.000000e+00,0.000000e+00,0.000000e+00
1.000000e+00,0.000000e+00,0.000000e+00,0.000000e+00,0.000000e+00,0.000000e+00,0.000000e+00,0.000000e+00,0.000000e+00,0.000000e+00,0.000000e+00,0.000000e+00,0.000000e+00,0.000000e+00,0.000000e+00
1.000000e+00,0.000000e+00,0.000000e+00,0.000000e+00,0.000000e+00,0.000000e+00,0.000000e+00,0.000000e+00,0.000000e+00,0.000000e+00,0.000000e+00,0.000000e+00,0.000000e+00,0.000000e+00,0.000000e+00
1.000000e+00,0.000000e+00,0.000000e+00,0.000000e+00,0.000000e+00,0.000000e+00,0.000000e+00,0.000000e+00,0.000000e+00,0.000000e+00,0.000000e+00,0.000000e+00,0.000000e+00,0.000000e+00,0.000000e+00
1.000000e+00,0.000000e+00,0.000000e+00,0.000000e+00,0.000000e+00,0.000000e+00,0.000000e+00,0.000000e+00,0.000000e+00,0.000000e+00,0.000000e+00,0.000000e+00,0.000000e+00,0.000000e+00,0.000000e+00
1.000000e+00,0.000000e+00,0.000000e+00,0.000000e+00,0.000000e+00,0.000000e+00,0.000000e+00,0.000000e+00,0.000000e+00,0.000000e+00,0.000000e+00,0.000000e+00,0.000000e+00,0.000000e+00,0.000000e+00
1.000000e+00,0.000000e+00,0.000000e+00,0.000000e+00,0.000000e+00,0.000000e+00,0.000000e+00,0.000000e+00,0.000000e+00,0.000000e+00,0.000000e+00,0.000000e+00,0.000000e+00,0.000000e+00,0.000000e+00
1.000000e+00,0.000000e+00,0.000000e+00,0.000000e+00,0.000000e+00,0.000000e+00,0.000000e+00,0.000000e+00,0.000000e+00,0.000000e+00,0.000000e+00,0.000000e+00,0.000000e+00,0.000000e+00,0.000000e+00
1.000000e+00,0.000000e+00,0.000000e+00,0.000000e+00,0.000000e+00,0.000000e+00,0.000000e+00,0.000000e+00,0.000000e+00,0.000000e+00,0.000000e+00,0.000000e+00,0.000000e+00,0.000000e+00,0.000000e+00
1.000000e+00,0.000000e+00,0.000000e+00,0.000000e+00,0.000000e+00,0.000000e+00,0.000000e+00,0.000000e+00,0.000000e+00,0.000000e+00,0.000000e+00,0.000000e+00,0.000000e+00,0.000000e+00,0.000000e+00
1.000000e+00,0.000000e+00,0.000000e+00,0.000000e+00,0.000000e+00,0.000000e+00,0.000000e+00,0.000000e+00,0.000000e+00,0.000000e+00,0.000000e+00,0.000000e+00,0.000000e+00,0.000000e+00,0.000000e+00
1.000000e+00,0.000000e+00,0.000000e+00,0.000000e+00,0.000000e+00,0.000000e+00,0.000000e+00,0.000000e+00,0.000000e+00,0.000000e+00,0.000000e+00,0.000000e+00,0.000000e+00,0.000000e+00,0.000000e+00
1.000000e+00,0.000000e+00,0.000000e+00,0.000000e+00,0.000000e+00,0.000000e+00,0.000000e+00,0.000000e+00,0.000000e+00,0.000000e+00,0.000000e+00,0.000000e+00,0.000000e+00,0.000000e+00,0.000000e+00
1.000000e+00,0.000000e+00,0.000000e+00,0.000000e+00,0.000000e+00,0.000000e+00,0.000000e+00,0.000000e+00,0.000000e+00,0.000000e+00,0.000000e+00,0.000000e+00,0.000000e+00,0.000000e+00,0.000000e+00
1.000000e+00,0.000000e+00,0.000000e+00,0.000000e+00,0.000000e+00,0.000000e+00,0.000000e+00,0.000000e+00,0.000000e+00,0.000000e+00,0.000000e+00,0.000000e+00,0.000000e+00,0.000000e+00,0.000000e+00
1.000000e+00,0.000000e+00,0.000000e+00,0.000000e+00,0.000000e+00,0.000000e+00,0.000000e+00,0.000000e+00,0.000000e+00,0.000000e+00,0.000000e+00,0.000000e+00,0.000000e+00,0.000000e+00,0.000000e+00
1.000000e+00,0.000000e+00,0.000000e+00,0.000000e+00,0.000000e+00,0.000000e+00,0.000000e+00,0.000000e+00,0.000000e+00,0.000000e+00,0.000000e+00,0.000000e+00,0.000000e+00,0.000000e+00,0.000000e+00
1.000000e+00,0.000000e+00,0.000000e+00,0.000000e+00,0.000000e+00,0.000000e+00,0.000000e+00,0.000000e+00,0.000000e+00,0.000000e+00,0.000000e+00,0.000000e+00,0.000000e+00,0.000000e+00,0.000000e+00
1.000000e+00,0.000000e+00,0.000000e+00,0.000000e+00,0.000000e+00,0.000000e+00,0.000000e+00,0.000000e+00,0.000000e+00,0.000000e+00,0.000000e+00,0.000000e+00,0.000000e+00,0.000000e+00,0.000000e+00
1.000000e+00,0.000000e+00,0.000000e+00,0.000000e+00,0.000000e+00,0.000000e+00,0.000000e+00,0.000000e+00,0.000000e+00,0.000000e+00,0.000000e+00,0.000000e+00,0.000000e+00,0.000000e+00,0.000000e+00
1.000000e+00,0.000000e+00,0.000000e+00,0.000000e+00,0.000000e+00,0.000000e+00,0.000000e+00,0.000000e+00,0.000000e+00,0.000000e+00,0.000000e+00,0.000000e+00,0.000000e+00,0.000000e+00,0.000000e+00
1.000000e+00,0.000000e+00,0.000000e+00,0.000000e+00,0.000000e+00,0.000000e+00,0.000000e+00,0.000000e+00,0.000000e+00,0.000000e+00,0.000000e+00,0.000000e+00,0.000000e+00,0.000000e+00,0.000000e+00
1.000000e+00,0.000000e+00,0.000000e+00,0.000000e+00,0.000000e+00,0.000000e+00,0.000000e+00,0.000000e+00,0.000000e+00,0.000000e+00,0.000000e+00,0.000000e+00,0.000000e+00,0.000000e+00,0.000000e+00
1.000000e+00,0.000000e+00,0.000000e+00,0.000000e+00,0.000000e+00,0.000000e+00,0.000000e+00,0.000000e+00,0.000000e+00,0.000000e+00,0.000000e+00,0.000000e+00,0.000000e+00,0.000000e+00,0.000000e+00
1.000000e+00,0.000000e+00,0.000000e+00,0.000000e+00,0.000000e+00,0.000000e+00,0.000000e+00,0.000000e+00,0.000000e+00,0.000000e+00,0.000000e+00,0.000000e+00,0.000000e+00,0.000000e+00,0.000000e+00
1.000000e+00,0.000000e+00,0.000000e+00,0.000000e+00,0.000000e+00,0.000000e+00,0.000000e+00,0.000000e+00,0.000000e+00,0.000000e+00,0.000000e+00,0.000000e+00,0.000000e+00,0.000000e+00,0.000000e+00
1.000000e+00,0.000000e+00,0.000000e+00,0.000000e+00,0.000000e+00,0.000000e+00,0.000000e+00,0.000000e+00,0.000000e+00,0.000000e+00,0.000000e+00,0.000000e+00,0.000000e+00,0.000000e+00,0.000000e+00
1.000000e+00,0.000000e+00,0.000000e+00,0.000000e+00,0.000000e+00,0.000000e+00,0.000000e+00,0.000000e+00,0.000000e+00,0.000000e+00,0.000000e+00,0.000000e+00,0.000000e+00,0.000000e+00,0.000000e+00
1.000000e+00,0.000000e+00,0.000000e+00,0.000000e+00,0.000000e+00,0.000000e+00,0.000000e+00,0.000000e+00,0.000000e+00,0.000000e+00,0.000000e+00,0.000000e+00,0.000000e+00,0.000000e+00,0.000000e+00
1.000000e+00,0.000000e+00,0.000000e+00,0.000000e+00,0.000000e+00,0.000000e+00,0.000000e+00,0.000000e+00,0.000000e+00,0.000000e+00,0.000000e+00,0.000000e+00,0.000000e+00,0.000000e+00,0.000000e+00
1.000000e+00,0.000000e+00,0.000000e+00,0.000000e+00,0.000000e+00,0.000000e+00,0.000000e+00,0.000000e+00,0.000000e+00,0.000000e+00,0.000000e+00,0.000000e+00,0.000000e+00,0.000000e+00,0.000000e+00
1.000000e+00,0.000000e+00,0.000000e+00,0.000000e+00,0.000000e+00,0.000000e+00,0.000000e+00,0.000000e+00,0.000000e+00,0.000000e+00,0.000000e+00,0.000000e+00,0.000000e+00,0.000000e+00,0.000000e+00
1.000000e+00,0.000000e+00,0.000000e+00,0.000000e+00,0.000000e+00,0.000000e+00,0.000000e+00,0.000000e+00,0.000000e+00,0.000000e+00,0.000000e+00,0.000000e+00,0.000000e+00,0.000000e+00,0.000000e+00
1.000000e+00,0.000000e+00,0.000000e+00,0.000000e+00,0.000000e+00,0.000000e+00,0.000000e+00,0.000000e+00,0.000000e+00,0.000000e+00,0.000000e+00,0.000000e+00,0.000000e+00,0.000000e+00,0.000000e+00
1.000000e+00,0.000000e+00,0.000000e+00,0.000000e+00,0.000000e+00,0.000000e+00,0.000000e+00,0.000000e+00,0.000000e+00,0.000000e+00,0.000000e+00,0.000000e+00,0.000000e+00,0.000000e+00,0.000000e+00
1.000000e+00,0.000000e+00,0.000000e+00,0.000000e+00,0.000000e+00,0.000000e+00,0.000000e+00,0.000000e+00,0.000000e+00,0.000000e+00,0.000000e+00,0.000000e+00,0.000000e+00,0.000000e+00,0.000000e+00
1.000000e+00,0.000000e+00,0.000000e+00,0.000000e+00,0.000000e+00,0.000000e+00,0.000000e+00,0.000000e+00,0.000000e+00,0.000000e+00,0.000000e+00,0.000000e+00,0.000000e+00,0.000000e+00,0.000000e+00
1.000000e+00,0.000000e+00,0.000000e+00,0.000000e+00,0.000000e+00,0.000000e+00,0.000000e+00,0.000000e+00,0.000000e+00,0.000000e+00,0.000000e+00,0.000000e+00,0.000000e+00,0.000000e+00,0.000000e+00
1.000000e+00,0.000000e+00,0.000000e+00,0.000000e+00,0.000000e+00,0.000000e+00,0.000000e+00,0.000000e+00,0.000000e+00,0.000000e+00,0.000000e+00,0.000000e+00,0.000000e+00,0.000000e+00,0.000000e+00
1.000000e+00,0.000000e+00,0.000000e+00,0.000000e+00,0.000000e+00,0.000000e+00,0.000000e+00,0.000000e+00,0.000000e+00,0.000000e+00,0.000000e+00,0.000000e+00,0.000000e+00,0.000000e+00,0.000000e+00
1.000000e+00,0.000000e+00,0.000000e+00,0.000000e+00,0.000000e+00,0.000000e+00,0.000000e+00,0.000000e+00,0.000000e+00,0.000000e+00,0.000000e+00,0.000000e+00,0.000000e+00,0.000000e+00,0.000000e+00
1.000000e+00,0.000000e+00,0.000000e+00,0.000000e+00,0.000000e+00,0.000000e+00,0.000000e+00,0.000000e+00,0.000000e+00,0.000000e+00,0.000000e+00,0.000000e+00,0.000000e+00,0.000000e+00,0.000000e+00
1.000000e+00,0.000000e+00,0.000000e+00,0.000000e+00,0.000000e+00,0.000000e+00,0.000000e+00,0.000000e+00,0.000000e+00,0.000000e+00,0.000000e+00,0.000000e+00,0.000000e+00,0.000000e+00,0.000000e+00
1.000000e+00,0.000000e+00,0.000000e+00,0.000000e+00,0.000000e+00,0.000000e+00,0.000000e+00,0.000000e+00,0.000000e+00,0.000000e+00,0.000000e+00,0.000000e+00,0.000000e+00,0.000000e+00,0.000000e+00
1.000000e+00,0.000000e+00,0.000000e+00,0.000000e+00,0.000000e+00,0.000000e+00,0.000000e+00,0.000000e+00,0.000000e+00,0.000000e+00,0.000000e+00,0.000000e+00,0.000000e+00,0.000000e+00,0.000000e+00
4.445580e-01,1.080861e-02,3.082390e-01,1.480525e-01,4.223567e-03,9.906328e-03,2.156352e-03,2.432945e-02,3.385834e-03,1.278123e-03,8.656011e-03,1.464924e-02,8.954415e-03,1.482451e-03,9.320117e-03
3.312785e-01,7.869862e-03,2.263162e-01,1.121531e-01,4.717131e-03,7.862519e-03,1.716950e-03,2.717714e-01,2.562978e-03,9.433435e-04,7.161681e-03,1.087195e-02,6.815839e-03,1.137772e-03,6.820801e-03
2.431322e-01,5.620940e-03,1.619979e-01,8.170856e-02,4.485283e-03,6.065048e-03,1.483363e-03,4.682134e-01,1.920165e-03,6.793381e-04,5.670386e-03,7.993625e-03,5.121770e-03,8.924436e-04,5.015659e-03
1.726046e-01,3.990660e-03,1.141386e-01,5.762885e-02,3.455878e-03,4.602936e-03,1.212659e-03,6.228985e-01,1.359229e-03,4.998705e-04,4.071118e-03,5.652632e-03,3.660360e-03,6.609591e-04,3.563133e-03
1.239905e-01,2.864247e-03,8.021370e-02,4.068828e-02,2.937743e-03,3.388361e-03,1.081257e-03,7.308800e-01,9.669999e-04,3.795941e-04,2.955191e-03,4.002499e-03,2.641034e-03,4.811672e-04,2.529410e-03
8.885738e-02,2.052698e-03,5.637159e-02,2.867273e-02,2.647033e-03,2.487551e-03,9.636347e-04,8.079623e-01,6.846220e-04,2.743605e-04,2.147124e-03,2.834387e-03,1.903312e-03,3.485356e-04,1.792746e-03
6.253721e-02,1.454178e-03,3.959011e-02,2.013262e-02,2.461963e-03,1.804787e-03,7.614520e-04,8.640378e-01,4.933396e-04,1.978413e-04,1.547512e-03,2.011116e-03,1.447605e-03,2.542738e-04,1.268259e-03
4.435648e-02,1.032346e-03,2.782531e-02,1.415447e-02,2.679963e-03,1.315137e-03,5.985649e-04,9.028342e-01,3.573991e-04,1.433831e-04,1.115308e-03,1.421124e-03,1.086325e-03,1.823643e-04,8.976891e-04
3.334799e-02,8.340658e-04,1.975293e-02,9.993089e-03,3.586954e-03,1.152188e-03,5.389848e-04,9.243041e-01,5.613790e-04,2.220523e-04,1.345504e-03,1.329004e-03,2.124175e-03,1.880206e-04,7.195584e-04
2.987591e-02,1.304346e-03,1.401323e-02,7.119747e-03,4.946671e-03,1.149642e-03,5.120595e-04,9.293331e-01,1.589408e-03,7.105366e-04,1.860384e-03,1.711582e-03,4.803726e-03,2.247927e-04,8.448965e-04
2.595391e-02,1.550113e-03,9.908063e-03,5.124282e-03,5.813865e-03,1.151563e-03,6.303195e-04,9.117215e-01,2.281451e-03,1.167658e-03,3.486673e-03,4.075837e-03,2.587786e-02,2.794878e-04,9.774035e-04
2.519431e-02,2.280651e-03,7.142025e-03,5.640699e-03,9.904224e-03,6.249494e-03,1.173922e-03,7.559723e-01,1.785616e-02,1.111364e-03,3.984893e-03,2.568878e-02,1.350756e-01,5.251686e-04,2.200368e-03
2.241775e-02,2.682996e-03,5.378529e-03,5.763127e-03,1.244332e-02,9.584531e-03,1.761181e-03,6.180358e-01,2.153088e-02,1.052753e-03,4.785564e-03,2.564365e-02,2.606113e-01,5.260807e-04,7.782580e-03
1.937417e-02,3.845879e-03,3.985508e-03,7.063262e-03,1.014542e-02,9.223583e-03,1.651401e-03,4.369003e-01,1.710351e-01,8.247157e-04,4.635149e-03,3.327838e-02,2.916706e-01,5.230298e-04,5.843596e-03
1.387058e-02,2.793914e-03,2.881487e-03,5.579835e-03,8.367642e-03,9.370990e-03,1.847366e-03,3.069877e-01,1.496691e-01,7.325906e-04,5.374180e-03,1.690109e-01,3.185045e-01,5.273212e-04,4.481997e-03
9.930418e-03,2.036367e-03,2.172063e-03,4.090208e-03,8.041007e-03,7.476050e-03,5.005567e-03,2.154095e-01,1.122111e-01,2.446928e-03,6.213071e-03,3.150667e-01,3.056011e-01,6.371893e-04,3.662661e-03
7.532542e-03,1.460378e-03,1.636987e-03,2.928401e-03,7.018531e-03,6.482410e-03,7.401222e-03,1.508540e-01,8.256516e-02,2.832757e-03,1.744555e-02,4.871878e-01,2.210215e-01,9.143202e-04,2.718524e-03
5.728546e-03,1.048812e-03,1.193838e-03,2.084601e-03,5.530902e-03,5.808429e-03,6.571057e-03,1.056214e-01,5.949235e-02,2.812889e-03,2.113978e-02,6.220796e-01,1.578273e-01,1.048484e-03,2.012140e-03
4.555906e-03,7.857343e-04,9.094725e-04,1.493818e-03,4.867733e-03,4.867292e-03,5.397703e-03,7.397044e-02,4.359024e-02,3.494787e-03,6.036989e-02,6.801721e-01,1.124856e-01,1.556074e-03,1.483267e-03
3.687507e-03,7.334154e-04,7.791751e-04,1.082388e-03,4.074980e-03,3.901197e-03,3.943652e-03,5.189251e-02,3.350844e-02,4.678246e-03,7.894206e-02,7.287679e-01,8.147589e-02,1.461828e-03,1.070793e-03
2.770661e-03,1.535533e-03,9.339139e-04,7.704200e-04,3.747905e-03,2.895534e-03,2.785171e-03,3.636766e-02,2.620277e-02,1.998383e-02,1.086562e-01,7.316886e-01,5.947656e-02,1.402703e-03,7.825045e-04
2.032630e-03,1.176967e-03,7.006964e-04,5.517264e-04,2.895383e-03,2.080162e-03,1.959449e-03,2.549189e-02,1.966752e-02,1.666683e-02,1.739830e-01,7.090512e-01,4.201856e-02,1.170491e-03,5.534227e-04
1.486418e-03,8.902942e-04,5.496869e-04,3.965383e-04,2.386565e-03,1.494210e-03,1.375555e-03,1.786864e-02,1.458693e-02,1.532598e-02,1.795879e-01,7.330276e-01,2.966221e-02,9.681745e-04,3.932331e-04
1.077262e-03,6.637372e-04,4.577357e-04,2.827558e-04,2.235912e-03,1.080493e-03,9.656217e-04,1.252485e-02,1.095806e-02,1.322697e-02,1.422990e-01,7.922689e-01,2.092694e-02,7.522834e-04,2.794884e-04
9.081530e-04,1.071919e-03,4.090302e-04,2.347567e-04,4.179021e-02,3.691386e-03,7.579885e-04,9.107044e-03,1.111424e-02,1.281345e-02,1.015489e-01,8.009986e-01,1.473925e-02,6.131044e-04,2.019459e-04
1.111284e-03,1.291371e-03,5.326294e-04,2.770381e-04,3.580685e-02,5.719120e-03,5.937781e-04,6.947152e-03,8.655755e-03,1.234064e-02,8.125068e-02,8.343971e-01,1.039835e-02,5.212189e-04,1.570289e-04
2.128926e-03,2.370750e-03,1.077146e-03,2.753350e-04,3.359805e-02,1.807867e-02,7.202800e-04,5.524897e-03,8.366970e-03,2.761542e-02,7.517262e-02,8.168958e-01,7.383734e-03,4.861357e-04,3.052403e-04
2.472767e-03,2.207509e-03,1.000047e-03,2.300182e-04,2.479504e-02,1.439215e-02,6.536827e-04,4.293194e-03,6.807553e-03,3.133630e-02,7.366889e-02,8.321174e-01,5.289081e-03,4.541065e-04,2.821713e-04
2.808650e-03,2.587858e-03,1.858533e-03,3.199177e-04,2.755369e-02,1.472577e-02,3.002884e-03,7.317382e-03,8.330169e-03,2.429472e-02,6.194331e-02,8.408067e-01,3.759590e-03,4.374282e-04,2.533435e-04
2.859826e-03,2.039988e-03,1.727137e-03,3.651031e-04,2.096600e-02,1.149120e-02,2.303664e-03,6.163516e-03,7.067459e-03,1.758239e-02,6.675340e-02,8.571476e-01,2.744531e-03,5.753938e-04,2.127927e-04
4.024222e-03,2.049294e-03,1.856301e-03,5.475571e-04,1.591198e-02,1.032691e-02,1.897509e-03,4.868068e-03,7.036300e-03,1.318042e-02,7.063843e-02,8.644350e-01,2.131938e-03,8.499043e-04,2.461509e-04
6.744713e-03,2.350854e-03,1.786487e-03,5.892873e-04,1.183393e-02,8.543825e-03,1.435945e-03,3.830913e-03,5.804878e-03,1.019864e-02,8.515467e-02,8.580253e-01,1.646251e-03,1.668289e-03,3.859712e-04
8.422460e-03,2.533532e-03,1.731487e-03,6.161294e-04,8.968065e-03,7.043615e-03,1.121985e-03,3.139724e-03,4.823268e-03,8.718842e-03,9.206615e-02,8.566621e-01,1.437635e-03,2.305876e-03,4.091341e-04
1.898837e-02,5.892064e-03,2.386238e-03,1.294994e-03,1.213827e-02,6.595518e-03,1.260318e-03,3.516227e-03,5.630265e-03,1.148157e-02,1.528440e-01,7.694466e-01,2.423331e-03,5.151515e-03,9.506790e-04
3.035703e-02,1.165163e-02,2.894566e-03,2.254938e-03,3.584252e-02,1.016396e-02,1.888857e-03,5.414958e-03,7.820227e-03,1.018395e-02,1.811822e-01,6.826697e-01,4.821898e-03,1.134740e-02,1.506076e-03
6.527425e-02,1.743083e-02,3.368620e-03,3.985589e-03,4.417677e-02,9.978330e-03,2.164644e-03,7.701185e-03,9.456675e-03,8.528779e-03,2.237384e-01,5.811651e-01,5.193913e-03,1.399281e-02,3.844032e-03
7.804455e-02,2.508075e-02,2.858861e-03,4.328196e-03,4.337760e-02,8.996843e-03,1.731700e-03,6.467261e-03,8.733388e-03,7.067856e-03,3.183750e-01,4.698972e-01,4.534096e-03,1.476140e-02,5.745307e-03
8.195779e-02,3.540280e-02,3.019627e-03,6.197196e-03,5.707838e-02,7.724115e-03,1.456171e-03,6.961962e-03,8.698218e-03,5.820966e-03,3.434878e-01,4.172817e-01,3.779876e-03,1.484714e-02,6.286249e-03
7.190592e-02,5.908141e-02,1.053422e-02,6.160525e-03,8.580138e-02,7.053935e-03,1.341764e-03,7.935689e-03,1.499613e-02,5.512572e-03,2.880327e-01,4.115377e-01,2.884286e-03,1.769073e-02,9.531105e-03
5.322494e-02,5.055232e-02,2.997368e-02,7.070639e-03,1.153249e-01,8.098341e-03,1.307095e-03,3.120227e-02,2.748614e-02,4.874968e-03,2.341333e-01,4.112907e-01,2.217124e-03,1.492097e-02,8.322649e-03
3.866920e-02,3.681584e-02,6.064174e-02,7.897913e-03,9.902604e-02,5.971832e-03,9.974885e-04,1.891371e-01,2.260510e-02,3.596829e-03,1.695161e-01,3.461494e-01,1.892349e-03,1.113577e-02,5.947263e-03
3.673391e-02,3.332369e-02,1.547101e-01,1.093409e-02,1.460441e-01,8.703843e-03,1.049162e-03,1.718805e-01,4.083474e-02,3.529397e-03,1.266944e-01,2.493546e-01,1.463879e-03,8.809084e-03,5.934507e-03
3.302041e-02,4.590145e-02,1.373295e-01,1.552205e-02,3.006938e-01,1.390084e-02,2.249565e-03,1.249590e-01,3.787743e-02,4.216349e-03,9.463330e-02,1.758515e-01,1.115012e-03,6.547550e-03,6.182267e-03
3.474088e-02,8.158343e-02,1.347381e-01,1.760175e-02,3.590055e-01,3.356950e-02,4.507211e-03,9.046110e-02,3.070835e-02,3.879874e-03,7.120295e-02,1.236118e-01,1.085502e-03,5.273785e-03,8.030253e-03
3.562407e-02,8.832133e-02,1.100069e-01,3.301136e-02,4.153249e-01,4.308968e-02,5.303382e-03,7.688224e-02,3.446303e-02,4.407541e-03,5.476791e-02,8.704019e-02,9.764293e-04,4.257646e-03,6.523416e-03
4.266057e-02,8.512370e-02,1.070723e-01,6.849986e-02,4.122804e-01,5.020577e-02,5.476281e-03,7.595918e-02,3.427232e-02,3.770075e-03,4.250229e-02,6.165343e-02,8.695899e-04,3.508394e-03,6.145908e-03
4.676379e-02,8.688246e-02,2.278326e-01,7.882516e-02,3.319607e-01,3.991011e-02,4.966286e-03,6.194742e-02,2.934052e-02,2.974192e-03,3.547830e-02,4.376483e-02,7.805390e-04,3.760361e-03,4.812762e-03
5.329005e-02,7.670259e-02,3.188075e-01,6.731686e-02,2.897690e-01,3.468711e-02,3.853985e-03,4.493710e-02,2.937359e-02,2.908542e-03,3.312268e-02,3.133795e-02,7.757705e-04,9.087607e-03,4.029698e-03
3.987918e-02,5.480537e-02,2.235325e-01,4.741437e-02,2.068581e-01,3.134692e-01,2.754108e-03,3.156066e-02,2.070126e-02,2.542117e-03,2.413708e-02,2.203286e-02,6.132599e-04,6.510172e-03,3.189828e-03
2.863019e-02,3.861903e-02,1.565116e-01,3.327026e-02,1.449277e-01,5.143903e-01,2.069313e-03,2.258428e-02,1.482187e-02,2.921782e-03,1.716936e-02,1.548189e-02,4.686345e-04,4.914411e-03,3.219367e-03
2.076662e-02,2.722051e-02,1.095979e-01,2.339637e-02,1.015336e-01,6.363286e-01,1.483697e-03,1.601308e-02,1.191971e-02,8.562432e-03,1.557036e-02,1.090492e-02,4.286101e-04,5.257547e-03,1.101604e-02
1.558089e-02,1.955692e-02,7.684245e-02,1.753409e-02,7.116386e-02,4.806674e-01,1.068760e-03,1.143303e-02,7.228521e-02,2.943353e-02,5.138472e-02,7.927524e-03,1.547592e-03,6.087360e-03,1.374867e-01
1.118720e-02,1.413785e-02,5.383034e-02,1.270297e-02,4.987966e-02,4.473378e-01,8.037382e-04,8.259227e-03,1.063076e-01,3.444394e-02,1.064074e-01,6.011981e-03,3.997249e-03,1.418744e-02,1.305057e-01
7.906701e-03,1.055488e-02,3.835716e-02,9.392670e-03,3.514871e-02,3.177911e-01,5.922358e-04,6.629527e-03,3.130277e-01,3.712028e-02,8.676500e-02,4.409429e-03,4.713074e-03,1.349240e-02,1.140992e-01
5.875783e-03,8.761194e-03,2.712707e-02,6.741253e-03,2.498271e-02,2.269682e-01,6.393486e-04,6.093582e-03,3.340164e-01,3.499783e-02,7.151648e-02,3.769398e-03,4.600084e-03,4.318339e-02,2.007273e-01
4.551057e-03,8.524961e-03,1.944946e-02,5.115479e-03,1.827449e-02,1.669530e-01,7.778925e-04,4.973927e-03,3.064052e-01,2.975293e-02,5.836620e-02,2.917177e-03,4.045733e-03,7.445353e-02,2.954389e-01
3.659663e-03,8.850387e-03,1.629412e-02,5.467349e-03,1.322053e-02,1.185732e-01,5.910199e-04,3.771811e-03,4.407766e-01,2.595835e-02,5.174752e-02,2.758507e-03,3.841052e-03,6.075864e-02,2.437312e-01
3.298523e-03,7.806166e-03,1.223123e-02,4.101034e-03,1.020930e-02,8.573347e-02,6.260400e-04,3.507237e-03,3.672546e-01,2.545407e-02,1.066187e-01,2.615147e-03,9.614438e-03,1.078199e-01,2.531101e-01
3.300412e-03,7.365486e-03,1.143381e-02,4.440328e-03,9.294450e-03,6.127420e-02,5.410062e-04,3.878013e-03,3.078648e-01,2.169862e-02,2.132249e-01,2.751424e-03,1.217697e-02,1.471078e-01,1.936477e-01
3.037474e-03,5.996248e-03,8.364707e-03,3.977215e-03,7.073282e-03,4.365768e-02,4.043240e-04,2.896533e-03,3.183819e-01,2.131013e-02,2.015397e-01,2.596927e-03,1.337823e-02,2.138382e-01,1.535474e-01
2.699463e-03,4.851742e-03,6.229394e-03,4.288661e-03,5.632486e-03,3.151041e-02,3.158111e-04,2.310306e-03,3.202952e-01,1.908113e-02,2.166632e-01,2.770542e-03,1.612580e-02,2.457214e-01,1.215045e-01
8.700893e-03,4.087071e-03,4.634569e-03,3.804974e-03,4.128809e-03,2.262167e-02,2.341407e-04,1.702765e-03,2.799118e-01,1.498211e-02,2.183280e-01,2.331738e-03,1.500887e-02,3.317056e-01,8.781695e-02
8.002196e-03,4.325755e-03,4.049157e-03,3.021120e-03,3.394764e-03,1.602647e-02,1.737936e-04,1.266094e-03,2.268212e-01,1.256218e-02,2.520633e-01,1.964192e-03,1.329388e-02,3.891228e-01,6.391314e-02
7.534536e-03,3.623928e-03,3.121789e-03,2.529365e-03,2.569897e-03,1.149285e-02,1.287094e-04,9.123602e-04,1.844734e-01,9.630255e-03,2.596124e-01,1.636109e-03,1.150483e-02,4.556791e-01,4.555053e-02
7.594262e-03,2.991342e-03,2.648355e-03,2.098169e-03,2.212096e-03,8.308862e-03,1.042358e-04,6.824940e-04,1.536488e-01,8.927092e-03,2.385077e-01,1.320467e-03,9.043884e-03,5.270513e-01,3.486093e-02
1.397204e-02,3.423539e-03,2.657551e-03,2.646397e-03,2.294436e-03,6.680368e-03,1.229102e-04,6.172467e-04,1.814191e-01,1.225144e-02,2.432077e-01,1.491252e-03,7.928665e-03,4.906609e-01,3.062648e-02
3.861526e-02,3.552945e-03,3.267028e-03,2.524293e-03,2.470163e-03,5.488219e-03,3.689629e-04,6.524385e-04,1.433570e-01,1.391303e-02,2.877825e-01,3.696547e-03,7.232613e-03,4.561777e-01,3.090132e-02
3.213288e-02,3.398896e-03,4.652111e-03,2.329667e-03,2.395166e-03,4.258033e-03,3.175102e-04,5.373289e-04,1.234067e-01,1.648517e-02,3.732666e-01,6.709644e-03,8.389492e-03,3.928833e-01,2.883752e-02
3.448273e-02,2.926778e-03,3.886304e-03,2.966164e-03,6.315773e-03,3.854085e-03,7.879804e-04,7.147392e-04,1.052912e-01,2.281984e-02,4.348289e-01,2.099019e-02,1.316528e-02,3.176598e-01,2.931021e-02
2.867072e-02,2.315274e-03,3.205263e-03,3.786368e-03,1.262438e-02,3.285476e-03,6.557372e-04,6.699810e-04,8.277715e-02,6.073683e-02,4.549863e-01,5.101530e-02,2.089000e-02,2.357434e-01,3.863789e-02
3.140247e-02,1.942457e-03,2.563691e-03,3.565534e-03,1.207038e-02,2.943736e-03,5.105285e-04,5.718582e-04,6.197899e-02,1.088915e-01,4.511524e-01,8.283319e-02,2.345293e-02,1.806303e-01,3.549006e-02
2.410248e-02,1.428929e-03,2.042450e-03,2.677700e-03,1.279077e-02,2.362330e-03,4.242008e-04,4.567702e-04,4.475170e-02,1.209616e-01,5.106108e-01,8.569609e-02,2.337423e-02,1.315751e-01,3.674480e-02
2.072696e-02,1.190183e-03,2.233979e-03,2.091951e-03,1.895954e-02,2.532878e-03,4.572380e-04,4.835607e-04,3.546524e-02,1.379818e-01,5.140684e-01,8.761560e-02,2.750526e-02,9.747930e-02,5.120812e-02
1.773547e-02,2.084879e-03,3.049175e-03,1.708654e-03,6.719643e-02,3.982628e-03,3.907491e-03,4.093313e-03,1.193404e-01,1.007736e-01,4.547638e-01,8.448011e-02,2.414097e-02,6.929629e-02,4.344684e-02
1.663658e-02,1.660021e-03,3.433300e-03,2.405632e-03,8.255585e-02,7.468805e-03,1.163444e-02,1.905895e-01,8.915782e-02,7.465543e-02,3.555898e-01,6.271555e-02,2.001727e-02,5.002350e-02,3.145649e-02
1.437791e-02,1.216294e-03,2.842404e-03,3.272396e-03,6.362656e-02,5.656195e-03,1.060223e-02,3.932884e-01,6.301660e-02,5.288372e-02,2.699764e-01,4.586142e-02,1.575012e-02,3.549428e-02,2.213507e-02
1.176740e-02,8.570186e-04,2.017741e-03,2.490427e-03,4.853343e-02,4.102082e-03,7.767103e-03,5.657210e-01,4.421041e-02,3.712943e-02,1.914176e-01,3.221065e-02,1.140829e-02,2.486589e-02,1.550152e-02
9.354955e-03,6.021170e-04,1.435767e-03,1.972311e-03,4.158719e-02,3.246284e-03,5.684184e-03,6.854134e-01,3.099277e-02,2.602950e-02,1.347781e-01,2.255823e-02,8.073621e-03,1.741748e-02,1.085412e-02
7.651704e-03,4.238489e-04,1.034246e-03,1.716681e-03,3.565160e-02,2.850972e-03,4.164469e-03,7.707408e-01,2.173777e-02,1.822610e-02,9.451161e-02,1.579452e-02,5.695646e-03,1.220166e-02,7.598436e-03
7.254587e-03,3.051515e-04,7.392194e-04,1.302925e-03,3.821532e-02,2.889491e-03,3.055005e-03,8.229915e-01,1.524904e-02,1.276271e-02,6.624431e-02,1.106220e-02,4.060402e-03,8.548227e-03,5.319976e-03
9.125669e-03,2.313896e-04,5.357711e-04,1.126018e-03,5.587077e-02,2.738245e-03,2.358244e-03,8.415766e-01,1.069273e-02,8.936177e-03,4.643946e-02,7.750653e-03,2.903657e-03,5.989476e-03,3.725143e-03
1.208546e-02,1.716616e-04,3.821337e-04,1.053743e-03,5.485680e-02,2.297190e-03,1.672810e-03,8.667436e-01,7.522921e-03,6.256202e-03,3.257887e-02,5.455861e-03,2.116641e-03,4.196957e-03,2.609198e-03
1.698821e-02,1.313417e-04,2.778461e-04,1.139514e-03,4.452870e-02,2.275008e-03,1.223929e-03,8.904133e-01,5.300504e-03,4.380100e-03,2.292207e-02,3.954693e-03,1.690304e-03,2.945036e-03,1.829519e-03
2.271315e-02,1.305398e-04,2.391606e-04,1.214886e-03,3.864036e-02,3.506180e-03,9.755573e-04,9.014893e-01,3.757337e-03,3.069734e-03,1.620833e-02,3.009802e-03,1.659892e-03,2.093104e-03,1.292806e-03
2.787710e-02,1.386095e-04,3.087433e-04,1.206819e-03,6.095792e-02,3.028668e-03,9.818095e-04,8.832082e-01,2.665948e-03,2.157036e-03,1.146039e-02,2.213033e-03,1.403489e-03,1.478286e-03,9.140362e-04
3.275018e-02,1.499535e-04,4.881102e-04,1.189686e-03,6.037125e-02,3.036957e-03,9.802070e-04,8.847392e-01,1.887155e-03,1.523169e-03,8.165888e-03,1.704627e-03,1.292380e-03,1.051723e-03,6.696512e-04
3.169989e-02,1.366839e-04,6.317837e-04,1.086603e-03,4.543507e-02,2.700520e-03,9.136719e-04,9.054048e-01,1.339945e-03,1.083094e-03,5.856508e-03,1.314698e-03,1.128613e-03,7.505736e-04,5.176217e-04
2.980565e-02,1.167868e-04,7.554858e-04,1.097400e-03,3.435147e-02,2.117326e-03,8.610563e-04,9.221985e-01,9.542246e-04,7.670858e-04,4.174327e-03,9.850714e-04,8.984195e-04,5.332785e-04,3.839142e-04
2.729958e-02,9.405018e-05,6.843940e-04,1.029215e-03,2.532565e-02,1.618480e-03,7.311631e-04,9.369183e-01,6.815075e-04,5.445869e-04,2.976772e-03,7.370726e-04,6.971289e-04,3.781506e-04,2.839986e-04
2.549784e-02,8.818424e-05,5.459395e-04,8.641903e-04,1.838854e-02,1.373429e-03,5.880915e-04,9.475420e-01,5.552132e-04,3.940818e-04,2.244387e-03,7.171728e-04,6.762774e-04,2.770313e-04,2.477444e-04
2.720216e-02,1.664761e-04,4.462883e-04,7.478078e-04,1.332225e-02,1.249935e-03,4.914205e-04,9.448724e-01,8.256823e-04,3.108904e-04,2.887831e-03,2.030040e-03,4.907236e-03,2.632202e-04,2.764119e-04
2.695873e-02,2.940598e-04,3.541232e-04,1.084840e-03,9.640048e-03,1.707585e-03,5.830585e-04,7.426720e-01,1.022279e-03,4.957101e-04,8.266812e-03,7.302701e-02,1.321357e-01,1.300695e-03,4.573368e-04
2.277511e-02,3.112535e-04,2.947867e-04,1.073278e-03,6.976748e-03,2.154402e-03,6.308936e-04,5.491825e-01,1.050260e-03,5.625907e-04,9.177821e-03,9.289411e-02,3.109736e-01,1.158667e-03,7.838830e-04
1.791547e-02,3.426997e-04,2.885889e-04,8.587791e-04,5.124942e-03,2.240708e-03,1.563848e-03,4.080950e-01,1.589148e-03,7.592431e-04,1.078729e-02,1.836052e-01,3.648737e-01,1.212024e-03,7.432200e-04
2.128759e-02,5.173852e-04,3.240359e-04,7.099304e-04,4.088420e-03,3.786173e-03,9.085705e-03,2.935429e-01,5.452328e-03,6.655157e-04,1.288699e-02,3.550794e-01,2.903311e-01,1.363951e-03,8.784607e-04
2.497755e-02,7.628776e-04,4.232068e-04,5.983396e-04,3.281364e-03,6.798854e-03,9.306700e-03,2.066806e-01,9.527801e-03,7.822346e-04,1.966909e-02,5.000250e-01,2.149897e-01,1.140688e-03,1.036013e-03
2.055389e-02,8.412069e-04,3.898834e-04,4.478397e-04,3.147703e-03,5.310486e-03,7.040800e-03,1.448137e-01,1.186974e-02,4.029273e-03,2.312314e-02,6.118002e-01,1.645750e-01,1.219809e-03,8.373397e-04
2.562189e-02,8.039720e-04,4.039550e-04,3.493117e-04,2.397894e-03,4.545176e-03,6.034404e-03,1.016028e-01,1.007149e-02,6.396469e-03,2.037304e-02,6.982999e-01,1.208000e-01,1.590605e-03,7.091128e-04
1.920098e-02,7.364941e-04,3.490295e-04,2.801571e-04,2.592291e-03,3.586199e-03,4.682000e-03,7.131823e-02,8.473976e-03,6.155092e-03,1.757002e-02,7.760918e-01,8.681617e-02,1.628111e-03,5.195292e-04
1.349842e-02,6.704998e-04,2.711397e-04,2.030406e-04,2.368584e-03,2.627671e-03,3.289803e-03,4.995072e-02,7.594863e-03,5.640759e-03,2.000299e-02,8.310248e-01,6.121097e-02,1.273512e-03,3.722595e-04
9.472324e-03,5.477781e-04,2.128181e-04,1.464020e-04,1.953927e-03,1.875229e-03,2.304738e-03,3.497799e-02,6.751153e-03,5.266766e-03,1.712371e-02,8.750258e-01,4.314000e-02,9.353418e-04,2.659798e-04
6.643925e-03,4.093607e-04,1.612236e-04,1.054173e-04,1.493856e-03,1.350471e-03,1.613972e-03,2.448903e-02,5.073084e-03,4.484269e-03,1.779189e-02,9.051864e-01,3.030902e-02,6.992586e-04,1.888044e-04
4.673047e-03,3.058247e-04,1.267900e-04,7.780085e-05,1.149407e-03,9.988733e-04,1.130874e-03,1.714877e-02,3.810309e-03,3.930398e-03,1.975657e-02,9.249595e-01,2.128250e-02,5.122311e-04,1.370265e-04
3.304773e-03,2.984982e-04,1.275357e-04,5.860231e-05,1.021625e-03,7.328789e-04,7.924311e-04,1.201386e-02,2.924091e-03,3.739450e-03,2.999349e-02,9.295197e-01,1.495922e-02,4.099192e-04,1.038624e-04
2.330055e-03,2.657307e-04,1.295423e-04,4.931439e-05,1.448579e-03,5.794602e-04,5.583334e-04,8.447509e-03,2.293187e-03,3.015769e-03,2.254664e-02,9.473817e-01,1.050834e-02,3.675432e-04,7.825076e-05
1.775685e-03,5.709113e-04,1.774046e-04,8.860230e-05,9.390175e-03,5.895356e-04,4.118292e-04,6.094665e-03,2.366314e-03,2.739213e-03,2.049482e-02,9.473469e-01,7.503144e-03,3.857472e-04,6.495653e-05
1.318411e-03,5.459837e-04,1.725891e-04,7.704092e-05,1.138115e-02,7.233667e-04,3.028947e-04,4.373429e-03,2.050145e-03,2.175365e-03,1.554558e-02,9.556029e-01,5.316509e-03,3.598261e-04,5.474693e-05
1.012582e-03,4.623599e-04,1.554672e-04,7.504055e-05,1.110768e-02,7.659441e-04,2.254177e-04,3.228891e-03,1.597836e-03,1.661605e-03,1.190959e-02,9.636344e-01,3.759423e-03,3.593030e-04,4.450237e-05
8.431756e-04,3.807538e-04,1.706069e-04,8.062454e-05,1.162686e-02,1.301345e-03,2.980173e-04,2.644993e-03,1.351420e-03,1.286885e-03,1.093556e-02,9.658938e-01,2.779264e-03,3.640394e-04,4.264222e-05
7.653317e-04,6.317117e-04,2.454132e-04,1.040162e-04,1.404415e-02,1.438234e-03,5.609839e-04,2.283924e-03,1.278123e-03,1.042081e-03,1.306161e-02,9.619987e-01,2.103815e-03,3.762814e-04,6.559221e-05
1.271578e-03,7.537176e-04,5.582378e-04,1.495042e-04,1.639432e-02,1.793734e-03,8.800518e-04,3.275114e-03,1.121143e-03,9.665533e-04,1.415581e-02,9.564739e-01,1.618601e-03,5.000560e-04,8.768855e-05
1.623094e-03,1.041548e-03,5.666867e-04,1.258150e-04,1.509177e-02,1.557048e-03,8.952126e-04,2.663205e-03,1.258498e-03,1.046538e-03,1.601643e-02,9.562529e-01,1.267926e-03,4.829258e-04,1.104099e-04
1.300385e-03,1.497917e-03,5.875054e-04,1.088792e-04,2.014693e-02,2.506725e-03,8.307229e-04,2.527406e-03,1.304694e-03,9.133568e-04,2.014708e-02,9.465311e-01,1.022465e-03,4.638053e-04,1.110854e-04
1.790444e-03,1.462535e-03,8.448200e-04,2.758377e-04,1.420691e-01,3.771776e-03,8.289150e-03,2.208338e-02,1.841079e-03,8.402138e-04,2.074987e-02,7.944515e-01,8.189168e-04,6.059716e-04,1.054283e-04
3.008333e-03,1.275948e-03,1.949669e-03,4.561404e-04,2.853734e-01,5.276697e-03,2.388783e-02,4.866513e-02,2.658616e-03,7.352883e-04,2.608102e-02,5.989969e-01,7.009857e-04,7.793029e-04,1.548174e-04
3.090827e-03,1.288335e-03,2.008334e-03,5.195583e-04,4.722514e-01,4.656152e-03,2.462448e-02,3.625304e-02,2.913374e-03,5.673929e-04,2.152995e-02,4.288546e-01,5.400638e-04,7.512517e-04,1.513038e-04
3.847658e-03,1.011329e-03,3.260147e-03,2.158541e-03,6.117086e-01,3.744763e-03,1.856918e-02,3.168073e-02,4.595214e-03,4.093459e-04,1.658644e-02,3.013138e-01,4.237767e-04,5.711956e-04,1.193529e-04
8.840664e-03,1.245298e-03,3.452566e-03,4.646773e-03,7.030256e-01,3.805997e-03,1.563694e-02,2.306240e-02,8.582414e-03,3.594316e-04,1.503644e-02,2.111068e-01,3.491782e-04,4.702254e-04,3.792592e-04
2.000673e-02,2.792833e-03,3.427605e-03,8.940445e-03,7.414786e-01,4.956084e-03,1.312730e-02,1.845268e-02,2.247623e-02,3.865536e-04,1.434701e-02,1.480622e-01,4.772503e-04,3.685806e-04,6.998430e-04
2.843247e-02,3.303931e-03,2.923925e-03,1.887318e-02,7.221633e-01,4.936180e-03,1.011706e-02,6.400923e-02,2.711527e-02,3.167142e-04,1.113264e-02,1.049124e-01,6.975918e-04,3.113736e-04,7.547232e-04
2.783998e-02,2.469052e-03,2.549594e-03,1.483890e-02,6.996525e-01,4.170749e-03,7.290151e-03,1.352009e-01,2.296933e-02,2.259629e-04,7.884040e-03,7.357702e-02,5.494392e-04,2.325190e-04,5.498340e-04
2.525296e-02,1.801287e-03,1.938832e-03,1.160989e-02,5.401346e-01,3.182364e-03,5.389155e-03,3.327864e-01,1.958325e-02,1.594313e-04,5.561471e-03,5.156775e-02,4.768406e-04,1.667114e-04,3.889924e-04
2.346959e-02,1.303816e-03,1.437438e-03,8.598772e-03,4.073675e-01,3.077131e-03,4.232753e-03,4.952140e-01,1.427943e-02,1.132309e-04,3.934808e-03,3.614131e-02,4.331409e-04,1.205645e-04,2.765133e-04
2.660419e-02,1.004266e-03,1.087444e-03,6.989223e-03,2.990090e-01,2.619470e-02,3.213791e-03,5.905949e-01,1.125508e-02,1.084083e-04,3.781189e-03,2.676731e-02,3.038413e-03,1.017305e-04,2.503431e-04
3.412330e-02,8.889007e-04,8.436479e-04,7.086553e-03,2.106827e-01,2.410919e-02,2.352371e-03,4.484789e-01,9.926895e-03,3.201400e-04,2.765655e-02,4.520428e-02,1.874294e-01,1.782913e-04,7.187997e-04
3.871910e-02,6.809923e-04,6.182223e-04,5.706363e-03,1.477581e-01,1.905039e-02,1.814627e-03,3.281826e-01,8.305890e-03,4.448489e-04,2.793580e-02,5.253406e-02,3.672194e-01,3.061922e-04,7.233176e-04
7.897393e-02,5.679853e-04,4.692630e-04,4.651576e-03,1.053784e-01,1.634884e-02,2.720326e-03,2.341535e-01,8.358475e-03,5.450032e-04,2.652446e-02,5.195849e-02,4.677506e-01,7.767592e-04,8.224568e-04
1.538803e-01,6.706345e-04,4.358357e-04,4.053399e-03,7.586678e-02,1.757587e-02,4.340404e-03,1.678526e-01,1.018038e-02,5.429910e-04,2.356970e-02,5.258773e-02,4.862630e-01,1.240377e-03,9.401066e-04
1.938209e-01,1.218545e-03,4.994001e-04,3.288590e-03,5.354264e-02,2.763151e-02,3.671064e-03,1.184121e-01,1.202234e-02,8.065303e-04,2.206283e-02,9.636226e-02,4.646093e-01,1.136989e-03,9.150507e-04
2.062179e-01,1.651021e-03,5.581686e-04,2.629095e-03,3.806552e-02,2.726255e-02,3.273602e-03,8.388317e-02,1.219412e-02,1.729765e-03,2.300492e-02,1.793153e-01,4.179988e-01,1.376915e-03,8.391241e-04
2.038983e-01,2.644733e-03,6.978480e-04,2.095184e-03,2.730368e-02,2.392116e-02,3.037291e-03,5.911459e-02,1.252747e-02,5.569845e-03,2.233583e-02,2.707512e-01,3.637726e-01,1.523405e-03,8.068115e-04
1.491518e-01,2.608943e-03,9.159563e-04,1.620063e-03,1.960459e-02,1.760155e-02,2.508198e-03,4.165125e-02,1.034067e-02,1.409857e-02,2.311144e-02,4.376434e-01,2.766581e-01,1.801833e-03,6.836043e-04
1.094985e-01,2.901732e-03,1.186553e-03,1.310720e-03,1.406213e-02,1.264563e-02,1.947469e-03,2.930188e-02,8.653831e-03,1.822627e-02,3.007197e-02,5.482414e-01,2.194614e-01,1.954802e-03,5.356511e-04
8.077557e-02,3.528966e-03,1.571791e-03,1.156740e-03,1.013876e-02,9.163063e-03,1.505254e-03,2.153213e-02,8.622884e-03,3.363542e-02,5.221633e-02,6.007346e-01,1.721183e-01,2.827052e-03,4.731488e-04
5.794918e-02,2.726353e-03,1.224471e-03,8.747412e-04,7.190859e-03,6.543191e-03,1.083001e-03,1.551132e-02,1.415101e-02,3.086165e-02,4.615032e-02,6.888801e-01,1.229524e-01,3.551861e-03,3.495800e-04
4.215054e-02,3.694932e-03,4.719540e-03,1.519118e-03,5.443366e-03,4.673441e-03,7.801086e-04,1.448671e-02,2.588640e-02,3.597355e-02,3.780213e-02,7.302593e-01,8.806387e-02,4.282561e-03,2.644385e-04
2.990697e-02,1.151320e-02,4.192299e-03,1.352644e-03,6.898891e-03,3.330472e-03,5.493075e-04,1.171963e-02,7.939920e-02,3.704044e-02,4.283062e-02,7.025146e-01,6.343585e-02,5.055680e-03,2.602143e-04
2.224253e-02,1.781042e-02,3.815769e-03,1.436348e-03,1.727943e-02,2.553357e-03,4.139168e-04,1.203211e-02,1.470153e-01,4.174696e-02,5.205752e-02,6.282013e-01,4.529408e-02,7.755158e-03,3.457891e-04
1.703474e-02,2.126518e-02,3.841697e-03,1.985643e-03,1.346823e-02,2.016977e-03,3.181938e-04,1.016331e-02,3.368729e-01,3.256904e-02,6.115582e-02,4.559660e-01,3.191243e-02,1.069099e-02,7.387625e-04
1.545954e-02,1.882362e-02,3.242280e-03,2.226749e-03,1.068858e-02,1.938006e-03,2.682958e-04,8.062985e-03,4.799811e-01,2.683262e-02,7.251479e-02,3.228011e-01,2.264178e-02,1.292219e-02,1.596379e-03
1.328665e-02,1.846066e-02,3.869677e-03,3.542301e-03,1.039097e-02,1.873702e-03,2.516911e-04,6.519619e-03,5.770620e-01,2.266793e-02,8.407775e-02,2.275254e-01,1.600688e-02,1.136506e-02,3.099719e-03
1.149938e-02,1.412537e-02,3.537094e-03,3.675783e-03,8.140964e-03,1.699416e-03,1.811980e-04,5.845665e-03,6.790754e-01,1.725661e-02,6.877254e-02,1.599575e-01,1.146292e-02,1.141842e-02,3.351699e-03
1.129971e-02,1.090198e-02,4.981917e-03,3.972274e-03,6.972781e-03,2.285697e-03,1.400541e-04,5.321453e-03,7.415171e-01,1.614993e-02,5.787284e-02,1.125186e-01,8.352508e-03,1.150857e-02,6.204524e-03
1.480954e-02,1.069907e-02,4.790555e-03,3.820666e-03,8.205045e-03,3.721146e-03,1.373942e-04,4.455796e-03,7.648167e-01,2.304203e-02,5.259195e-02,7.940664e-02,6.462808e-03,1.066903e-02,1.237154e-02
1.881547e-02,9.963446e-03,6.071703e-03,4.909850e-03,8.417251e-03,3.450203e-03,1.333133e-04,6.616562e-03,7.932789e-01,2.021920e-02,4.358889e-02,5.693575e-02,5.154034e-03,1.100321e-02,1.144212e-02
1.608295e-02,8.108230e-03,9.817809e-03,1.281291e-02,8.389273e-03,2.969583e-03,1.088335e-04,6.754292e-03,8.213532e-01,1.864887e-02,3.172833e-02,4.009088e-02,3.911036e-03,8.269968e-03,1.095375e-02
1.665950e-02,2.370147e-02,1.258831e-02,1.396842e-02,8.576716e-03,8.543110e-03,1.230483e-04,5.582548e-03,8.011562e-01,1.712746e-02,2.631630e-02,2.882663e-02,3.423161e-03,9.115771e-03,2.429134e-02
3.132292e-02,2.932097e-02,1.617962e-02,1.699769e-02,1.472794e-02,1.037271e-02,1.820835e-04,5.276350e-03,7.483590e-01,2.264014e-02,2.567285e-02,2.093912e-02,3.266588e-03,9.547801e-03,4.519424e-02
