1.000000e+00,0.000000e+00,0.000000e+00,0.000000e+00,0.000000e+00,0.000000e+00,0.000000e+00,0.000000e+00,0.000000e+00,0.000000e+00,0.000000e+00,0.000000e+00,0.000000e+00,0.000000e+00,0.000000e+00
1.000000e+00,0.000000e+00,0.000000e+00,0.000000e+00,0.000000e+00,0.000000e+00,0.000000e+00,0.000000e+00,0.000000e+00,0.000000e+00,0.000000e+00,0.000000e+00,0.000000e+00,0.000000e+00,0.000000e+00
1.000000e+00,0.000000e+00,0.000000e+00,0.000000e+00,0.000000e+00,0.000000e+00,0.000000e+00,0.000000e+00,0.000000e+00,0.000000e+00,0.000000e+00,0.000000e+00,0.000000e+00,0.000000e+00,0.000000e+00
1.000000e+00,0.000000e+00,0.000000e+00,0.000000e+00,0.000000e+00,0.000000e+00,0.000000e+00,0.000000e+00,0.000000e+00,0.000000e+00,0.000000e+00,0.000000e+00,0.000000e+00,0.000000e+00,0.000000e+00
1.000000e+00,0.000000e+00,0.000000e+00,0.000000e+00,0.000000e+00,0.000000e+00,0.000000e+00,0.000000e+00,0.000000e+00,0.000000e+00,0.000000e+00,0.000000e+00,0.000000e+00,0.000000e+00,0.000000e+00
1.000000e+00,0.000000e+00,0.000000e+00,0.000000e+00,0.000000e+00,0.000000e+00,0.000000e+00,0.000000e+00,0.000000e+00,0.000000e+00,0.000000e+00,0.000000e+00,0.000000e+00,0.000000e+00,0.000000e+00
1.000000e+00,0.000000e+00,0.000000e+00,0.000000e+00,0.000000e+00,0.000000e+00,0.000000e+00,0.000000e+00,0.000000e+00,0.000000e+00,0.000000e+00,0.000000e+00,0.000000e+00,0.000000e+00,0.000000e+00
1.000000e+00,0.000000e+00,0.000000e+00,0.000000e+00,0.000000e+00,0.000000e+00,0.000000e+00,0.000000e+00,0.000000e+00,0.000000e+00,0.000000e+00,0.000000e+00,0.000000e+00,0.000000e+00,0.000000e+00
1.000000e+00,0.000000e+00,0.000000e+00,0.000000e+00,0.000000e+00,0.000000e+00,0.000000e+00,0.000000e+00,0.000000e+00,0.000000e+00,0.000000e+00,0.000000e+00,0.000000e+00,0.000000e+00,0.000000e+00
1.000000e+00,0.000000e+00,0.000000e+00,0.000000e+00,0.000000e+00,0.000000e+00,0.000000e+00,0.000000e+00,0.000000e+00,0.000000e+00,0.000000e+00,0.000000e+00,0.000000e+00,0.000000e+00,0.000000e+00
1.000000e+00,0.000000e+00,0.000000e+00,0.000000e+00,0.000000e+00,0.000000e+00,0.000000e+00,0.000000e+00,0.000000e+00,0.000000e+00,0.000000e+00,0.000000e+00,0.000000e+00,0.000000e+00,0.000000e+00
1.000000e+00,0.000000e+00,0.000000e+00,0.000000e+00,0.000000e+00,0.000000e+00,0.000000e+00,0.000000e+00,0.000000e+00,0.000000e+00,0.000000e+00,0.000000e+00,0.000000e+00,0.000000e+00,0.000000e+00
4.539436e-01,6.373258e-02,5.163751e-02,1.889093e-01,3.270236e-02,2.694030e-02,6.749685e-03,1.939647e-02,1.165323e-02,3.760740e-03,1.909687e-02,5.408377e-02,2.702952e-02,6.802695e-03,3.356145e-02
4.883296e-01,5.727202e-02,4.910050e-02,1.697327e-01,3.087519e-02,2.557494e-02,6.769440e-03,1.809497e-02,1.317853e-02,3.466768e-03,1.947445e-02,4.991878e-02,2.855106e-02,5.928046e-03,3.373294e-02
4.855905e-01,5.214988e-02,5.520961e-02,1.581718e-01,2.944317e-02,2.629513e-02,6.718038e-03,1.715735e-02,1.603312e-02,3.809219e-03,2.299000e-02,5.087198e-02,2.910359e-02,6.332084e-03,4.012461e-02
4.714062e-01,4.596238e-02,6.816216e-02,1.594015e-01,2.780810e-02,2.560636e-02,6.785561e-03,2.224543e-02,1.581321e-02,3.410045e-03,2.499750e-02,5.294894e-02,2.903572e-02,6.083712e-03,4.033323e-02
1.000000e+00,0.000000e+00,0.000000e+00,0.000000e+00,0.000000e+00,0.000000e+00,0.000000e+00,0.000000e+00,0.000000e+00,0.000000e+00,0.000000e+00,0.000000e+00,0.000000e+00,0.000000e+00,0.000000e+00
1.000000e+00,0.000000e+00,0.000000e+00,0.000000e+00,0.000000e+00,0.000000e+00,0.000000e+00,0.000000e+00,0.000000e+00,0.000000e+00,0.000000e+00,0.000000e+00,0.000000e+00,0.000000e+00,0.000000e+00
1.000000e+00,0.000000e+00,0.000000e+00,0.000000e+00,0.000000e+00,0.000000e+00,0.000000e+00,0.000000e+00,0.000000e+00,0.000000e+00,0.000000e+00,0.000000e+00,0.000000e+00,0.000000e+00,0.000000e+00
1.000000e+00,0.000000e+00,0.000000e+00,0.000000e+00,0.000000e+00,0.000000e+00,0.000000e+00,0.000000e+00,0.000000e+00,0.000000e+00,0.000000e+00,0.000000e+00,0.000000e+00,0.000000e+00,0.000000e+00
1.000000e+00,0.000000e+00,0.000000e+00,0.000000e+00,0.000000e+00,0.000000e+00,0.000000e+00,0.000000e+00,0.000000e+00,0.000000e+00,0.000000e+00,0.000000e+00,0.000000e+00,0.000000e+00,0.000000e+00
1.000000e+00,0.000000e+00,0.000000e+00,0.000000e+00,0.000000e+00,0.000000e+00,0.000000e+00,0.000000e+00,0.000000e+00,0.000000e+00,0.000000e+00,0.000000e+00,0.000000e+00,0.000000e+00,0.000000e+00
1.000000e+00,0.000000e+00,0.000000e+00,0.000000e+00,0.000000e+00,0.000000e+00,0.000000e+00,0.000000e+00,0.000000e+00,0.000000e+00,0.000000e+00,0.000000e+00,0.000000e+00,0.000000e+00,0.000000e+00
1.000000e+00,0.000000e+00,0.000000e+00,0.000000e+00,0.000000e+00,0.000000e+00,0.000000e+00,0.000000e+00,0.000000e+00,0.000000e+00,0.000000e+00,0.000000e+00,0.000000e+00,0.000000e+00,0.000000e+00
1.000000e+00,0.000000e+00,0.000000e+00,0.000000e+00,0.000000e+00,0.000000e+00,0.000000e+00,0.000000e+00,0.000000e+00,0.000000e+00,0.000000e+00,0.000000e+00,0.000000e+00,0.000000e+00,0.000000e+00
1.000000e+00,0.000000e+00,0.000000e+00,0.000000e+00,0.000000e+00,0.000000e+00,0.000000e+00,0.000000e+00,0.000000e+00,0.000000e+00,0.000000e+00,0.000000e+00,0.000000e+00,0.000000e+00,0.000000e+00
1.000000e+00,0.000000e+00,0.000000e+00,0.000000e+00,0.000000e+00,0.000000e+00,0.000000e+00,0.000000e+00,0.000000e+00,0.000000e+00,0.000000e+00,0.000000e+00,0.000000e+00,0.000000e+00,0.000000e+00
1.000000e+00,0.000000e+00,0.000000e+00,0.000000e+00,0.000000e+00,0.000000e+00,0.000000e+00,0.000000e+00,0.000000e+00,0.000000e+00,0.000000e+00,0.000000e+00,0.000000e+00,0.000000e+00,0.000000e+00
1.000000e+00,0.000000e+00,0.000000e+00,0.000000e+00,0.000000e+00,0.000000e+00,0.000000e+00,0.000000e+00,0.000000e+00,0.000000e+00,0.000000e+00,0.000000e+00,0.000000e+00,0.000000e+00,0.000000e+00
1.000000e+00,0.000000e+00,0.000000e+00,0.000000e+00,0.000000e+00,0.000000e+00,0.000000e+00,0.000000e+00,0.000000e+00,0.000000e+00,0.000000e+00,0.000000e+00,0.000000e+00,0.000000e+00,0.000000e+00
1.000000e+00,0.000000e+00,0.000000e+00,0.000000e+00,0.000000e+00,0.000000e+00,0.000000e+00,0.000000e+00,0.000000e+00,0.000000e+00,0.000000e+00,0.000000e+00,0.000000e+00,0.000000e+00,0.000000e+00
1.000000e+00,0.000000e+00,0.000000e+00,0.000000e+00,0.000000e+00,0.000000e+00,0.000000e+00,0.000000e+00,0.000000e+00,0.000000e+00,0.000000e+00,0.000000e+00,0.000000e+00,0.000000e+00,0.000000e+00
1.000000e+00,0.000000e+00,0.000000e+00,0.000000e+00,0.000000e+00,0.000000e+00,0.000000e+00,0.000000e+00,0.000000e+00,0.000000e+00,0.000000e+00,0.000000e+00,0.000000e+00,0.000000e+00,0.000000e+00
1.000000e+00,0.000000e+00,0.000000e+00,0.000000e+00,0.000000e+00,0.000000e+00,0.000000e+00,0.000000e+00,0.000000e+00,0.000000e+00,0.000000e+00,0.000000e+00,0.000000e+00,0.000000e+00,0.000000e+00
1.000000e+00,0.000000e+00,0.000000e+00,0.000000e+00,0.000000e+00,0.000000e+00,0.000000e+00,0.000000e+00,0.000000e+00,0.000000e+00,0.000000e+00,0.000000e+00,0.000000e+00,0.000000e+00,0.000000e+00
1.000000e+00,0.000000e+00,0.000000e+00,0.000000e+00,0.000000e+00,0.000000e+00,0.000000e+00,0.000000e+00,0.000000e+00,0.000000e+00,0.000000e+00,0.000000e+00,0.000000e+00,0.000000e+00,0.000000e+00
1.000000e+00,0.000000e+00,0.000000e+00,0.000000e+00,0.000000e+00,0.000000e+00,0.000000e+00,0.000000e+00,0.000000e+00,0.000000e+00,0.000000e+00,0.000000e+00,0.000000e+00,0.000000e+00,0.000000e+00
1.000000e+00,0.000000e+00,0.000000e+00,0.000000e+00,0.000000e+00,0.000000e+00,0.000000e+00,0.000000e+00,0.000000e+00,0.000000e+00,0.000000e+00,0.000000e+00,0.000000e+00,0.000000e+00,0.000000e+00
1.000000e+00,0.000000e+00,0.000000e+00,0.000000e+00,0.000000e+00,0.000000e+00,0.000000e+00,0.000000e+00,0.000000e+00,0.000000e+00,0.000000e+00,0.000000e+00,0.000000e+00,0.000000e+00,0.000000e+00
1.000000e+00,0.000000e+00,0.000000e+00,0.000000e+00,0.000000e+00,0.000000e+00,0.000000e+00,0.000000e+00,0.000000e+00,0.000000e+00,0.000000e+00,0.000000e+00,0.000000e+00,0.000000e+00,0.000000e+00
1.000000e+00,0.000000e+00,0.000000e+00,0.000000e+00,0.000000e+00,0.000000e+00,0.000000e+00,0.000000e+00,0.000000e+00,0.000000e+00,0.000000e+00,0.000000e+00,0.000000e+00,0.000000e+00,0.000000e+00
1.000000e+00,0.000000e+00,0.000000e+00,0.000000e+00,0.000000e+00,0.000000e+00,0.000000e+00,0.000000e+00,0.000000e+00,0.000000e+00,0.000000e+00,0.000000e+00,0.000000e+00,0.000000e+00,0.000000e+00
1.000000e+00,0.000000e+00,0.000000e+00,0.000000e+00,0.000000e+00,0.000000e+00,0.000000e+00,0.000000e+00,0.000000e+00,0.000000e+00,0.000000e+00,0.000000e+00,0.000000e+00,0.000000e+00,0.000000e+00
1.000000e+00,0.000000e+00,0.000000e+00,0.000000e+00,0.000000e+00,0.000000e+00,0.000000e+00,0.000000e+00,0.000000e+00,0.000000e+00,0.000000e+00,0.000000e+00,0.000000e+00,0.000000e+00,0.000000e+00
1.000000e+00,0.000000e+00,0.000000e+00,0.000000e+00,0.000000e+00,0.000000e+00,0.000000e+00,0.000000e+00,0.000000e+00,0.000000e+00,0.000000e+00,0.000000e+00,0.000000e+00,0.000000e+00,0.000000e+00
1.000000e+00,0.000000e+00,0.000000e+00,0.000000e+00,0.000000e+00,0.000000e+00,0.000000e+00,0.000000e+00,0.000000e+00,0.000000e+00,0.000000e+00,0.000000e+00,0.000000e+00,0.000000e+00,0.000000e+00
1.000000e+00,0.000000e+00,0.000000e+00,0.000000e+00,0.000000e+00,0.000000e+00,0.000000e+00,0.000000e+00,0.000000e+00,0.000000e+00,0.000000e+00,0.000000e+00,0.000000e+00,0.000000e+00,0.000000e+00
1.000000e+00,0.000000e+00,0.000000e+00,0.000000e+00,0.000000e+00,0.000000e+00,0.000000e+00,0.000000e+00,0.000000e+00,0.000000e+00,0.000000e+00,0.000000e+00,0.000000e+00,0.000000e+00,0.000000e+00
1.000000e+00,0.000000e+00,0.000000e+00,0.000000e+00,0.000000e+00,0.000000e+00,0.000000e+00,0.000000e+00,0.000000e+00,0.000000e+00,0.000000e+00,0.000000e+00,0.000000e+00,0.000000e+00,0.000000e+00
1.000000e+00,0.000000e+00,0.000000e+00,0.000000e+00,0.000000e+00,0.000000e+00,0.000000e+00,0.000000e+00,0.000000e+00,0.000000e+00,0.000000e+00,0.000000e+00,0.000000e+00,0.000000e+00,0.000000e+00
1.000000e+00,0.000000e+00,0.000000e+00,0.000000e+00,0.000000e+00,0.000000e+00,0.000000e+00,0.000000e+00,0.000000e+00,0.000000e+00,0.000000e+00,0.000000e+00,0.000000e+00,0.000000e+00,0.000000e+00
1.000000e+00,0.000000e+00,0.000000e+00,0.000000e+00,0.000000e+00,0.000000e+00,0.000000e+00,0.000000e+00,0.000000e+00,0.000000e+00,0.000000e+00,0.000000e+00,0.000000e+00,0.000000e+00,0.000000e+00
1.000000e+00,0.000000e+00,0.000000e+00,0.000000e+00,0.000000e+00,0.000000e+00,0.000000e+00,0.000000e+00,0.000000e+00,0.000000e+00,0.000000e+00,0.000000e+00,0.000000e+00,0.000000e+00,0.000000e+00
1.000000e+00,0.000000e+00,0.000000e+00,0.000000e+00,0.000000e+00,0.000000e+00,0.000000e+00,0.000000e+00,0.000000e+00,0.000000e+00,0.000000e+00,0.000000e+00,0.000000e+00,0.000000e+00,0.000000e+00
1.000000e+00,0.000000e+00,0.000000e+00,0.000000e+00,0.000000e+00,0.000000e+00,0.000000e+00,0.000000e+00,0.000000e+00,0.000000e+00,0.000000e+00,0.000000e+00,0.000000e+00,0.000000e+00,0.000000e+00
1.000000e+00,0.000000e+00,0.000000e+00,0.000000e+00,0.000000e+00,0.000000e+00,0.000000e+00,0.000000e+00,0.000000e+00,0.000000e+00,0.000000e+00,0.000000e+00,0.000000e+00,0.000000e+00,0.000000e+00
1.000000e+00,0.000000e+00,0.000000e+00,0.000000e+00,0.000000e+00,0.000000e+00,0.000000e+00,0.000000e+00,0.000000e+00,0.000000e+00,0.000000e+00,0.000000e+00,0.000000e+00,0.000000e+00,0.000000e+00
1.000000e+00,0.000000e+00,0.000000e+00,0.000000e+00,0.000000e+00,0.000000e+00,0.000000e+00,0.000000e+00,0.000000e+00,0.000000e+00,0.000000e+00,0.000000e+00,0.000000e+00,0.000000e+00,0.000000e+00
3.714781e-01,6.776375e-03,2.088359e-01,1.181305e-01,6.124551e-03,1.278426e-02,2.561894e-03,2.378303e-01,2.436448e-03,7.050887e-04,5.529089e-03,1.199755e-02,8.671201e-03,1.061610e-03,5.077179e-03
2.649552e-01,4.773267e-03,1.860225e-01,1.006687e-01,4.553848e-03,9.123705e-03,1.945234e-03,4.026172e-01,1.742132e-03,5.064911e-04,4.082932e-03,8.452098e-03,6.206682e-03,7.622172e-04,3.587777e-03
1.878545e-01,3.358459e-03,1.467966e-01,7.481908e-02,3.385836e-03,6.445695e-03,1.490398e-03,5.579540e-01,1.233079e-03,3.668381e-04,2.913128e-03,5.928445e-03,4.387230e-03,5.441153e-04,2.522588e-03
1.333684e-01,2.374933e-03,1.094018e-01,5.463996e-02,2.592537e-03,4.565885e-03,1.134465e-03,6.792152e-01,8.777874e-04,2.706448e-04,2.093562e-03,4.165198e-03,3.132518e-03,3.879531e-04,1.779139e-03
9.411833e-02,1.689001e-03,7.849714e-02,3.906789e-02,2.383570e-03,3.236013e-03,8.501472e-04,7.710514e-01,6.423094e-04,2.137551e-04,1.497970e-03,2.934119e-03,2.281182e-03,2.752264e-04,1.261951e-03
6.686692e-02,1.199820e-03,5.790939e-02,2.783434e-02,2.253426e-03,2.303131e-03,6.630277e-04,8.344191e-01,4.669407e-04,1.787838e-04,1.071676e-03,2.076518e-03,1.660315e-03,1.960931e-04,9.005406e-04
4.815599e-02,8.860476e-04,4.209502e-02,1.999207e-02,2.504572e-03,1.834727e-03,6.155916e-04,8.772653e-01,6.109106e-04,3.171139e-04,1.081336e-03,1.742231e-03,1.969381e-03,2.102969e-04,7.194170e-04
3.427630e-02,6.329672e-04,3.031408e-02,1.426576e-02,3.290371e-03,1.326790e-03,5.559945e-04,9.103237e-01,5.060429e-04,2.617423e-04,7.962601e-04,1.248343e-03,1.520769e-03,1.539008e-04,5.268831e-04
2.518884e-02,4.813114e-04,2.248560e-02,1.038704e-02,3.576774e-03,1.020183e-03,5.725246e-04,9.260643e-01,1.104897e-03,1.573725e-03,1.127573e-03,1.457219e-03,4.064314e-03,3.641383e-04,5.315452e-04
1.897217e-02,4.062732e-04,1.580558e-02,7.601819e-03,3.362926e-03,7.428261e-04,4.389597e-04,8.646200e-01,1.996595e-03,2.530333e-03,2.211059e-02,1.668439e-02,3.848435e-02,5.564414e-03,6.787151e-04
1.405800e-02,3.459663e-04,1.107321e-02,6.454439e-03,3.669801e-03,5.637072e-04,3.236714e-04,6.995527e-01,3.967174e-03,3.707006e-03,3.728973e-02,2.626074e-02,1.824225e-01,7.579721e-03,2.731589e-03
1.124152e-02,5.429294e-04,7.793800e-03,8.487904e-03,3.850685e-03,8.800664e-04,3.478966e-04,5.187348e-01,8.708531e-03,6.216252e-03,5.416019e-02,5.661336e-02,3.060045e-01,8.841725e-03,7.575784e-03
8.115709e-03,6.211663e-04,5.742906e-03,8.163990e-03,4.734775e-03,9.069787e-04,3.966517e-04,3.660121e-01,9.661232e-03,7.756807e-03,7.995434e-02,4.441209e-02,4.025630e-01,9.217369e-03,5.174083e-02
5.818693e-03,8.788921e-04,4.758531e-03,9.553380e-03,5.727810e-03,8.586018e-04,6.360426e-04,2.591531e-01,1.121584e-02,8.831443e-03,9.518509e-02,3.376988e-02,4.371390e-01,9.284219e-03,1.171894e-01
4.536521e-03,1.331972e-03,3.819292e-03,7.475111e-03,5.609497e-03,7.450454e-04,7.201919e-04,1.852956e-01,2.245550e-02,8.827483e-03,8.451809e-02,2.864398e-02,3.975145e-01,8.597197e-03,2.399100e-01
3.520895e-03,1.198652e-03,2.951847e-03,5.909929e-03,4.629736e-03,5.866633e-04,7.897993e-04,1.313376e-01,2.305439e-02,7.912289e-03,6.452881e-02,2.152799e-02,3.049910e-01,8.182395e-03,4.188780e-01
3.010485e-03,1.553660e-03,5.514700e-03,4.500275e-03,6.977960e-03,7.633178e-04,1.457886e-03,9.254563e-02,2.235819e-02,7.847439e-03,5.373932e-02,2.356544e-02,3.010855e-01,6.533685e-03,4.685465e-01
2.552666e-03,1.605708e-03,5.191068e-03,3.224378e-03,7.045840e-03,8.263516e-04,1.273486e-03,6.515291e-02,2.042201e-02,7.868780e-03,4.199011e-02,2.329879e-02,3.276070e-01,5.376145e-03,4.865647e-01
2.737521e-03,1.717225e-03,6.356798e-03,2.868996e-03,9.645009e-03,1.087849e-03,1.721889e-03,4.641351e-02,2.032530e-02,8.368086e-03,4.807070e-02,3.690057e-02,3.935220e-01,4.837855e-03,4.154267e-01
2.696163e-03,2.459771e-03,8.464047e-03,3.941913e-03,9.230159e-02,2.191002e-03,5.244895e-03,3.374079e-02,3.366748e-02,9.926468e-03,4.290824e-02,5.443025e-02,3.649904e-01,4.106575e-03,3.389303e-01
2.540106e-03,3.891116e-03,7.645016e-03,4.641475e-03,1.002018e-01,5.081842e-03,5.009294e-03,2.524146e-02,3.876220e-02,7.912140e-03,3.429071e-02,7.880449e-02,4.267213e-01,3.174762e-03,2.560823e-01
2.673304e-03,3.966519e-03,6.470521e-03,3.635055e-03,1.293904e-01,1.113294e-02,1.187021e-02,2.373810e-02,3.299335e-02,6.360102e-03,2.719300e-02,1.114492e-01,4.399551e-01,3.487716e-03,1.856845e-01
2.599698e-03,3.056631e-03,4.647815e-03,2.927633e-03,9.279497e-02,1.507039e-02,8.976493e-03,1.746253e-02,2.734144e-02,4.671895e-03,2.059304e-02,1.243175e-01,5.370236e-01,4.657322e-03,1.338591e-01
3.019574e-03,2.293295e-03,3.312579e-03,2.178026e-03,6.714840e-02,2.613100e-02,6.736037e-03,1.413877e-02,1.940245e-02,3.337448e-03,1.529766e-02,1.202506e-01,6.178845e-01,4.210178e-03,9.465951e-02
1.156410e-02,1.840622e-03,2.617272e-03,1.671160e-03,5.071803e-02,3.230556e-02,5.723787e-03,1.095140e-02,1.393073e-02,2.403320e-03,1.234594e-02,1.343563e-01,6.455983e-01,7.113928e-03,6.685956e-02
2.657297e-02,1.778109e-03,1.924814e-03,1.358795e-03,3.739554e-02,3.278785e-02,4.488591e-03,8.743624e-03,1.008789e-02,1.818141e-03,9.438213e-03,1.517849e-01,6.582094e-01,6.323905e-03,4.728724e-02
2.993206e-02,1.458064e-03,1.544603e-03,1.234105e-03,2.735171e-02,8.847956e-02,4.018242e-03,7.369537e-03,7.598257e-03,1.493749e-03,7.370181e-03,1.995853e-01,5.837187e-01,5.417847e-03,3.342801e-02
2.955568e-02,1.371925e-03,1.493118e-03,9.748131e-04,2.054545e-02,7.724325e-02,3.370535e-03,6.217152e-03,6.785357e-03,1.178376e-03,6.167738e-03,3.014627e-01,5.147316e-01,5.120262e-03,2.378202e-02
3.135977e-02,1.288243e-03,1.590546e-03,8.300102e-04,1.602924e-02,6.275810e-02,2.782634e-03,5.809515e-03,5.924000e-03,9.009709e-04,5.709470e-03,3.492819e-01,4.936000e-01,5.315354e-03,1.682028e-02
2.880402e-02,1.324704e-03,1.436245e-03,6.957189e-04,1.314341e-02,4.568496e-02,2.377950e-03,4.930855e-03,5.630041e-03,6.548964e-04,4.512514e-03,3.796618e-01,4.948221e-01,4.397004e-03,1.192379e-02
2.772911e-02,1.411918e-03,1.259222e-03,5.582400e-04,1.102612e-02,3.337733e-02,2.073322e-03,4.233589e-03,5.620997e-03,4.852276e-04,3.436920e-03,4.024357e-01,4.945341e-01,3.369023e-03,8.449161e-03
3.579661e-02,2.214960e-03,3.091104e-03,5.734077e-04,1.639189e-02,2.498083e-02,2.014727e-03,4.450622e-03,7.065949e-03,3.716738e-04,2.960536e-03,4.251888e-01,4.661491e-01,2.636553e-03,6.113230e-03
4.290325e-02,2.140981e-03,2.925172e-03,4.751103e-04,1.834052e-02,1.813802e-02,1.969677e-03,3.867255e-03,6.234223e-03,2.742381e-04,2.386175e-03,3.687226e-01,5.250863e-01,2.179524e-03,4.356957e-03
4.094977e-02,1.981172e-03,2.506702e-03,3.690083e-04,1.721222e-02,1.317121e-02,1.629357e-03,3.008059e-03,5.457041e-03,2.003261e-04,1.817207e-03,2.924342e-01,6.145059e-01,1.677271e-03,3.080571e-03
4.512258e-02,4.308124e-03,2.991361e-03,4.111400e-04,2.405182e-02,1.465487e-02,2.675518e-03,3.144401e-03,9.986190e-03,1.756332e-04,1.456420e-03,2.424216e-01,6.449710e-01,1.324153e-03,2.305165e-03
4.750210e-02,4.330195e-03,2.971794e-03,3.927585e-04,2.569864e-02,1.408358e-02,3.960992e-03,2.825701e-03,1.048850e-02,1.461195e-04,1.165446e-03,1.839684e-01,6.996553e-01,1.088701e-03,1.721826e-03
5.072664e-02,7.596344e-03,7.494118e-03,7.007779e-04,5.226485e-02,3.654115e-02,1.181483e-02,3.392981e-03,3.176551e-02,1.857188e-04,1.190747e-03,1.306458e-01,6.630683e-01,9.797368e-04,1.632483e-03
4.684789e-02,1.006737e-02,9.978008e-03,7.816497e-04,5.061127e-02,6.371234e-02,1.464054e-02,4.261943e-03,3.440022e-02,2.581883e-04,1.078822e-03,9.239321e-02,6.683938e-01,8.416340e-04,1.733138e-03
4.342679e-02,1.279310e-02,9.178347e-03,6.555328e-04,4.386231e-02,9.268506e-02,1.557011e-02,4.792522e-03,3.919814e-02,2.076699e-04,8.240669e-04,6.716673e-02,6.676655e-01,6.585019e-04,1.315631e-03
8.279310e-02,1.285852e-02,7.204949e-03,9.001400e-04,4.562628e-02,8.277015e-02,1.549865e-02,7.928161e-03,4.703762e-02,2.046904e-04,6.636052e-04,4.868777e-02,6.460618e-01,5.936223e-04,1.170970e-03
1.201045e-01,1.278099e-02,5.921990e-03,1.458813e-03,4.823227e-02,6.945039e-02,1.917042e-02,9.885452e-03,5.473324e-02,2.479002e-04,7.131053e-04,3.792863e-02,6.177003e-01,5.834511e-04,1.088457e-03
1.427295e-01,1.383460e-02,4.689722e-03,1.905521e-03,4.275312e-02,7.706337e-02,1.835380e-02,1.363305e-02,8.302104e-02,2.861404e-04,6.493495e-04,2.759811e-02,5.718418e-01,4.905277e-04,1.150338e-03
1.826824e-01,1.650738e-02,3.607418e-03,5.418285e-03,4.354214e-02,8.364582e-02,2.525410e-02,3.426623e-02,1.136682e-01,3.626208e-04,9.604637e-04,2.432446e-02,4.640625e-01,4.775216e-04,1.220415e-03
1.977603e-01,1.588798e-02,3.767593e-03,5.145434e-02,6.968825e-02,6.608452e-02,2.266341e-02,6.994282e-02,9.854080e-02,6.069548e-04,1.993544e-03,2.168337e-02,3.778434e-01,4.755774e-04,1.607139e-03
1.467536e-01,1.404274e-02,3.974671e-03,1.516440e-01,8.546062e-02,5.147434e-02,1.718968e-02,5.186881e-02,7.354514e-02,1.449508e-03,2.076891e-02,2.324288e-02,3.556381e-01,4.375507e-04,2.509446e-03
1.178731e-01,1.117120e-02,3.303283e-03,1.781280e-01,9.598873e-02,4.326803e-02,1.236112e-02,3.856650e-02,5.397722e-02,1.612197e-03,2.916091e-02,1.839973e-02,3.898115e-01,3.735581e-04,6.004993e-03
1.277942e-01,9.135664e-03,2.734313e-03,1.416332e-01,1.058276e-01,3.341480e-02,8.731920e-03,2.799096e-02,3.933028e-02,1.241410e-03,2.167807e-02,1.327702e-02,4.593143e-01,2.812923e-04,7.614968e-03
1.068411e-01,6.647269e-03,2.039776e-03,1.011944e-01,7.965571e-02,2.437433e-02,6.153263e-03,1.975259e-02,2.848953e-02,8.859779e-04,1.548042e-02,9.836140e-03,5.920435e-01,2.078164e-04,6.398144e-03
7.931519e-02,4.705037e-03,1.477026e-03,7.117894e-02,5.831548e-02,1.740620e-02,4.361259e-03,1.421053e-02,2.065580e-02,6.298074e-04,1.100993e-02,7.331366e-03,7.043589e-01,1.489599e-04,4.895572e-03
5.669270e-02,3.308181e-03,1.053545e-03,4.987019e-02,4.102220e-02,1.255227e-02,3.117985e-03,1.035899e-02,1.457278e-02,4.455465e-04,7.801768e-03,5.525345e-03,7.900350e-01,1.086117e-04,3.534910e-03
4.057029e-02,2.339174e-03,7.510632e-04,3.496217e-02,2.884106e-02,9.020974e-03,2.208183e-03,7.420202e-03,1.034214e-02,3.146845e-04,5.516252e-03,4.325898e-03,8.507175e-01,8.209256e-05,2.588233e-03
2.896833e-02,1.660641e-03,5.735242e-04,2.450187e-02,2.077764e-02,6.450825e-03,1.556595e-03,5.323207e-03,7.343077e-03,2.244023e-04,3.919211e-03,3.917686e-03,8.927503e-01,6.559632e-05,1.967114e-03
2.151313e-02,1.248956e-03,5.750470e-04,1.718566e-02,1.694904e-02,4.755020e-03,1.137326e-03,4.184441e-03,5.512689e-03,1.773777e-04,2.841654e-03,4.798891e-03,9.169751e-01,5.988617e-05,2.085791e-03
1.634376e-02,9.633609e-04,5.780626e-04,1.207319e-02,1.365386e-02,3.630017e-03,8.597577e-04,3.615126e-03,4.276507e-03,1.457072e-04,2.072256e-03,5.157823e-03,9.345581e-01,6.403792e-05,2.008472e-03
1.254711e-02,8.330091e-04,6.567260e-04,8.518235e-03,1.030432e-02,2.999285e-03,6.383391e-04,3.049012e-03,3.572820e-03,1.168313e-04,1.538750e-03,4.971381e-03,9.479567e-01,5.088696e-05,2.246548e-03
9.418460e-03,7.020860e-04,7.739026e-04,6.015502e-03,8.022180e-03,2.311771e-03,4.702396e-04,2.718173e-03,2.984392e-03,9.002286e-05,1.163739e-03,3.989145e-03,9.577456e-01,4.256512e-05,3.552250e-03
7.649487e-03,5.861124e-04,9.108729e-04,4.256241e-03,6.988512e-03,1.817984e-03,3.600799e-04,2.540313e-03,2.374901e-03,6.959817e-05,9.072321e-04,3.164666e-03,9.605713e-01,3.618690e-05,7.766496e-03
6.482487e-03,5.094755e-04,8.226105e-04,3.004645e-03,5.672420e-03,1.488293e-03,2.788969e-04,1.980671e-03,1.865093e-03,5.488516e-05,7.201601e-04,2.335301e-03,9.632634e-01,3.161821e-05,1.148996e-02
5.899617e-03,4.910492e-04,8.309588e-04,2.144234e-03,4.971531e-03,1.396745e-03,2.539860e-04,1.699353e-03,1.620203e-03,4.442943e-05,5.878511e-04,1.811641e-03,9.658687e-01,3.056173e-05,1.234903e-02
5.693483e-03,4.700093e-04,1.028640e-03,1.555612e-03,4.507909e-03,1.426569e-03,2.933646e-04,1.447051e-03,1.459937e-03,3.822652e-05,5.091795e-04,1.488881e-03,9.667038e-01,3.341361e-05,1.334387e-02
5.376272e-03,4.912069e-04,1.265661e-03,1.137324e-03,4.373837e-03,1.540635e-03,4.076759e-04,1.302500e-03,1.333820e-03,4.067875e-05,5.073272e-04,1.318444e-03,9.640325e-01,4.332583e-05,1.682870e-02
4.646710e-03,5.053664e-04,2.576804e-03,8.366917e-04,8.652302e-03,2.023990e-03,7.896439e-04,1.488102e-03,1.281599e-03,7.243482e-05,4.902678e-04,1.186230e-03,9.595278e-01,4.626712e-05,1.587578e-02
3.773780e-03,5.392258e-04,4.715622e-03,6.347573e-04,7.299963e-03,2.582809e-03,9.954872e-04,1.439583e-03,1.103012e-03,2.387910e-04,4.998763e-04,1.061241e-03,9.595715e-01,9.275110e-05,1.545158e-02
3.161634e-03,5.012808e-04,4.764282e-03,5.270069e-04,6.254079e-03,4.079779e-03,8.948008e-04,1.277934e-03,9.561408e-04,7.681625e-04,8.097184e-04,1.126290e-03,9.544262e-01,2.571169e-04,2.019557e-02
3.451997e-03,7.391848e-04,2.154208e-02,7.014348e-04,5.395150e-03,5.794748e-03,6.728728e-04,1.278078e-03,1.906567e-03,3.856663e-03,4.079711e-03,1.805142e-03,7.842444e-01,9.835830e-04,1.635484e-01
2.897724e-03,5.490501e-04,1.672092e-02,6.209642e-04,3.947072e-03,4.572650e-03,4.898170e-04,9.884386e-04,1.725821e-03,4.883073e-03,3.552898e-03,1.480087e-03,5.776646e-01,9.455584e-04,3.789613e-01
3.542154e-03,5.772568e-04,1.239222e-02,6.721658e-04,2.956048e-03,3.464958e-03,3.635779e-04,7.302867e-04,5.845558e-03,1.632936e-02,4.636808e-03,1.467963e-03,4.256744e-01,3.366700e-03,5.179805e-01
2.910624e-03,4.583127e-04,8.838438e-03,4.932028e-04,2.393407e-03,2.487712e-03,2.599507e-04,5.215303e-04,1.224330e-02,1.626096e-02,4.001063e-03,1.062923e-03,2.984060e-01,4.014529e-03,6.456480e-01
2.794401e-03,3.832199e-04,6.380716e-03,3.712707e-04,1.972625e-03,1.791330e-03,1.867107e-04,3.769557e-04,2.787725e-02,1.493351e-02,3.517433e-03,7.617871e-04,2.090799e-01,6.886128e-03,7.226866e-01
3.547760e-03,5.164008e-04,4.699554e-03,2.810999e-04,1.819043e-03,1.602750e-03,1.415736e-04,2.896763e-04,3.434704e-02,1.378177e-02,3.108259e-03,5.617231e-04,1.466263e-01,1.180607e-02,7.768710e-01
5.028738e-03,1.258079e-03,6.254486e-03,3.027179e-04,1.636831e-03,2.835181e-03,1.723495e-04,6.069933e-04,5.555429e-02,1.396760e-02,3.452282e-03,4.729019e-04,1.031165e-01,1.164692e-02,7.936940e-01
1.256353e-02,1.451519e-03,1.061774e-02,1.023337e-03,5.867802e-03,6.331430e-03,1.954649e-04,1.112481e-03,6.451411e-02,1.262226e-02,3.072066e-03,4.434133e-04,7.271098e-02,9.225593e-03,7.982482e-01
1.034835e-02,2.290439e-03,1.115682e-01,4.395923e-02,5.342712e-03,6.557434e-03,1.966371e-04,1.614465e-03,1.218320e-01,2.127844e-02,7.704437e-03,1.029723e-03,5.816695e-02,6.656614e-03,6.014543e-01
7.330476e-03,1.811104e-03,1.021356e-01,1.805373e-01,4.140295e-03,6.137284e-03,1.756307e-04,1.640223e-03,1.442832e-01,2.061261e-02,2.974949e-02,1.306806e-03,6.101435e-02,4.777956e-03,4.343476e-01
5.160103e-03,1.306402e-03,7.992556e-02,1.932754e-01,3.571430e-03,5.138116e-03,1.370656e-04,1.462827e-03,1.068718e-01,1.656517e-02,1.493040e-01,6.782265e-03,1.188958e-01,3.408252e-03,3.081958e-01
3.665134e-03,9.769148e-04,6.149066e-02,1.981867e-01,4.324279e-03,4.316843e-03,1.091418e-04,1.188045e-03,7.681315e-02,1.272147e-02,2.777114e-01,1.617136e-02,1.211465e-01,2.612852e-03,2.185655e-01
2.653815e-03,8.432302e-04,4.765158e-02,1.593470e-01,4.796037e-03,6.143036e-03,9.881926e-05,8.995527e-04,5.607668e-02,1.132146e-02,3.042285e-01,3.803904e-02,2.009844e-01,2.160912e-03,1.647560e-01
1.906138e-03,6.225196e-04,3.396346e-02,1.143754e-01,8.089229e-03,5.895845e-03,1.579573e-04,9.472020e-04,4.196998e-02,1.313556e-02,3.633951e-01,4.725622e-02,2.435467e-01,1.796762e-03,1.229420e-01
1.466126e-03,5.142391e-04,2.435726e-02,8.281098e-02,1.173468e-02,5.222187e-03,3.156935e-04,1.488940e-03,3.123130e-02,1.824974e-02,3.221689e-01,4.381420e-02,3.569259e-01,1.647455e-03,9.805237e-02
1.197589e-03,4.265915e-04,1.753264e-02,5.856074e-02,5.773453e-02,4.705436e-03,2.556718e-03,1.069431e-02,2.426498e-02,1.950564e-02,2.620160e-01,5.940408e-02,3.819144e-01,1.913381e-03,9.757292e-02
1.052159e-03,7.449659e-04,1.270768e-02,4.137650e-02,9.432124e-02,7.420578e-03,3.185048e-03,2.860889e-02,2.199172e-02,1.708841e-02,2.188647e-01,6.500088e-02,4.127667e-01,1.733485e-03,7.313699e-02
1.454144e-03,1.170902e-03,9.455674e-03,2.940385e-02,8.651268e-02,1.490103e-02,3.905074e-03,2.514515e-02,2.391159e-02,1.274026e-02,1.715468e-01,7.808523e-02,4.860893e-01,1.767578e-03,5.391059e-02
2.084753e-03,1.087295e-03,7.158278e-03,2.076602e-02,1.182562e-01,1.205758e-02,3.831428e-03,1.970230e-02,2.417899e-02,9.477784e-03,1.274199e-01,1.446914e-01,4.685308e-01,1.932338e-03,3.882487e-02
2.572249e-03,1.000713e-03,5.877869e-03,1.464110e-02,1.416325e-01,1.180065e-02,5.995788e-03,1.693265e-02,2.297467e-02,7.688384e-03,9.248209e-02,1.799876e-01,4.654838e-01,2.745692e-03,2.818422e-02
2.755470e-03,8.716717e-04,4.626644e-03,1.035871e-02,1.139377e-01,1.915197e-02,4.696256e-03,1.438588e-02,1.830359e-02,6.041341e-03,6.634422e-02,2.937952e-01,4.214068e-01,3.286564e-03,2.003800e-02
2.507888e-03,7.338891e-04,3.411430e-03,7.311102e-03,8.826353e-02,2.527749e-02,3.662930e-03,1.133856e-02,1.537151e-02,4.876187e-03,4.841165e-02,3.931699e-01,3.787120e-01,2.816310e-03,1.413555e-02
2.191056e-03,7.106318e-04,2.454639e-03,5.127139e-03,6.359457e-02,3.452498e-02,2.781158e-03,8.258481e-03,1.245847e-02,3.978154e-03,3.507591e-02,5.154995e-01,3.012153e-01,2.186770e-03,9.943253e-03
3.522641e-03,1.465411e-03,1.867044e-03,3.612775e-03,4.637159e-02,4.441079e-02,2.180534e-03,6.200478e-03,1.467662e-02,3.155164e-03,2.595095e-02,6.120207e-01,2.257002e-01,1.837165e-03,7.027926e-03
5.222003e-03,1.819222e-03,1.396113e-03,2.561773e-03,3.767146e-02,4.729743e-02,1.884126e-03,4.925669e-03,2.218965e-02,2.622184e-03,1.970073e-02,6.762420e-01,1.698803e-01,1.527295e-03,5.060053e-03
4.763382e-03,1.744715e-03,1.012814e-03,1.809695e-03,2.736466e-02,5.841302e-02,1.397748e-03,3.739101e-03,1.796773e-02,1.950379e-03,1.417421e-02,7.360762e-01,1.248812e-01,1.142986e-03,3.562194e-03
4.162256e-03,1.756476e-03,7.530076e-04,1.284632e-03,2.026259e-02,7.097903e-02,1.069710e-03,2.893383e-03,1.472940e-02,1.469842e-03,1.014251e-02,7.770921e-01,9.002981e-02,8.651615e-04,2.510084e-03
3.792357e-03,1.981527e-03,6.197983e-04,9.232173e-04,1.458877e-02,1.144871e-01,8.278358e-04,2.579042e-03,1.279742e-02,1.254942e-03,7.570425e-03,7.679985e-01,6.811331e-02,6.874753e-04,1.778285e-03
4.372696e-03,1.845068e-03,4.891271e-04,6.691951e-04,1.059835e-02,1.298252e-01,6.615474e-04,2.404735e-03,1.134203e-02,1.344217e-03,6.095121e-03,7.775740e-01,5.090078e-02,6.041017e-04,1.273887e-03
5.061738e-03,1.665167e-03,4.413720e-04,4.997819e-04,8.798374e-03,9.891937e-02,5.858400e-04,3.569169e-03,1.227753e-02,1.376624e-03,4.798748e-03,8.231518e-01,3.729843e-02,6.438300e-04,9.122854e-04
5.472119e-03,1.301054e-03,3.722801e-04,3.741303e-04,6.906512e-03,7.221578e-02,5.294140e-04,4.533431e-03,9.857769e-03,1.102592e-03,3.751675e-03,8.650845e-01,2.727090e-02,5.748758e-04,6.529787e-04
6.338999e-03,1.007694e-03,3.386438e-04,2.814576e-04,5.392902e-03,5.613816e-02,5.485889e-04,4.888532e-03,7.377316e-03,8.934716e-04,3.037144e-03,8.928685e-01,1.989813e-02,5.231542e-04,4.673657e-04
1.084114e-02,1.683322e-03,1.655386e-03,2.564932e-04,5.910414e-03,4.338747e-02,6.267311e-04,6.179917e-03,6.240479e-03,8.209305e-04,2.578424e-03,9.043320e-01,1.460706e-02,5.204964e-04,3.597298e-04
2.208976e-02,1.389080e-03,1.708366e-03,2.403487e-04,6.479452e-03,3.176186e-02,7.609332e-04,6.106495e-03,4.640338e-03,7.135318e-04,2.667424e-03,9.098409e-01,1.068236e-02,6.463362e-04,2.728208e-04
4.892185e-02,1.335704e-03,3.618381e-03,4.361415e-04,7.801679e-03,2.442860e-02,1.210715e-03,1.340377e-02,3.568693e-03,7.724783e-04,2.880274e-03,8.823064e-01,8.011320e-03,1.064326e-03,2.397009e-04
7.182940e-02,1.221009e-03,5.221550e-03,5.325204e-04,7.731850e-03,2.100164e-02,1.533672e-03,2.113044e-02,2.786410e-03,7.073924e-04,5.027014e-03,8.519270e-01,6.148478e-03,2.983402e-03,2.182648e-04
7.100858e-02,1.004352e-03,8.850436e-03,5.556888e-04,7.921645e-03,1.821692e-02,2.976527e-03,8.679599e-02,2.198420e-03,6.032629e-04,5.286653e-03,7.861780e-01,4.691014e-03,3.538431e-03,1.741129e-04
8.774450e-02,4.774379e-03,3.665992e-02,1.235706e-03,1.050713e-02,1.565850e-02,6.672609e-03,1.933851e-01,5.140442e-03,7.357586e-04,5.095924e-03,6.240951e-01,4.485206e-03,3.396587e-03,4.131044e-04
8.919583e-02,5.613286e-03,3.940560e-02,1.307537e-03,9.606765e-03,1.283369e-02,1.058282e-02,3.484108e-01,5.437542e-03,6.640257e-04,4.437442e-03,4.652016e-01,4.219594e-03,2.655398e-03,4.280738e-04
7.232608e-02,4.615000e-03,3.084859e-02,1.193816e-03,7.848056e-03,9.616107e-03,9.314545e-03,5.123247e-01,4.361628e-03,4.966195e-04,3.372003e-03,3.380294e-01,3.407586e-03,1.926957e-03,3.189330e-04
6.595984e-02,3.727582e-03,2.288705e-02,1.357803e-03,8.703960e-03,7.722182e-03,7.104071e-03,6.235055e-01,3.765559e-03,4.011111e-04,5.711781e-03,2.433442e-01,3.775611e-03,1.694944e-03,3.389610e-04
5.353394e-02,3.070241e-03,1.717192e-02,1.614624e-03,9.335938e-03,6.914271e-03,5.508090e-03,7.185680e-01,2.871533e-03,3.101373e-04,4.798639e-03,1.711688e-01,3.502822e-03,1.279228e-03,3.518681e-04
5.226452e-02,2.670995e-03,1.261373e-02,2.412959e-03,8.535914e-03,6.998732e-03,4.254233e-03,7.779943e-01,2.584496e-03,2.510000e-04,3.725583e-03,1.199592e-01,4.105368e-03,1.207425e-03,4.216165e-04
5.495489e-02,2.257481e-03,9.793406e-03,3.359178e-03,9.843092e-03,5.938617e-03,3.665281e-03,8.136441e-01,2.399516e-03,2.497972e-04,2.961150e-03,8.413476e-02,5.114989e-03,1.148254e-03,5.354465e-04
5.096326e-02,1.940282e-03,7.501496e-03,3.624159e-03,8.819245e-03,4.595604e-03,2.865928e-03,8.496238e-01,2.055251e-03,2.122342e-04,2.294955e-03,5.905614e-02,5.041411e-03,8.871871e-04,5.190088e-04
5.346447e-02,1.665514e-03,5.802455e-03,4.490128e-03,7.320256e-03,4.426113e-03,2.293708e-03,8.691843e-01,1.718077e-03,2.081129e-04,1.955607e-03,4.190819e-02,4.273081e-03,7.018639e-04,5.880670e-04
4.633292e-02,1.274804e-03,4.341597e-03,3.829052e-03,5.789092e-03,3.328683e-03,1.758934e-03,8.967971e-01,1.304288e-03,1.718955e-04,1.481367e-03,2.949662e-02,3.109890e-03,5.195908e-04,4.641868e-04
4.113665e-02,9.703233e-04,3.338281e-03,3.233814e-03,5.158794e-03,2.474988e-03,1.406773e-03,9.160727e-01,1.010566e-03,1.496661e-04,1.150279e-03,2.087067e-02,2.278488e-03,3.814706e-04,3.665714e-04
4.783052e-02,7.778129e-04,2.760122e-03,2.897927e-03,5.189230e-03,2.033586e-03,1.462722e-03,9.175177e-01,8.078750e-04,1.421588e-04,9.769512e-04,1.504500e-02,1.857204e-03,3.017950e-04,3.994338e-04
4.670354e-02,6.051713e-04,2.459861e-03,2.851361e-03,5.296565e-03,1.761742e-03,1.505585e-03,9.241943e-01,6.324271e-04,1.173973e-04,8.210188e-04,1.098188e-02,1.482227e-03,2.479788e-04,3.389569e-04
5.179214e-02,5.145215e-04,2.423369e-03,2.314985e-03,5.181504e-03,1.998963e-03,3.209290e-03,9.208685e-01,5.582914e-04,1.714018e-04,7.138317e-04,8.278551e-03,1.291984e-03,2.396300e-04,4.431115e-04
5.501350e-02,4.702233e-04,2.167630e-03,1.970668e-03,5.970280e-03,2.223635e-03,2.987174e-03,9.186023e-01,5.558020e-04,2.695564e-04,7.841024e-04,6.672575e-03,1.421993e-03,2.571510e-04,6.335225e-04
9.261551e-02,7.441410e-04,1.939323e-03,1.879769e-03,5.867464e-03,3.383468e-03,2.360920e-03,8.118651e-01,2.903565e-03,7.565217e-04,7.690947e-03,1.346428e-02,5.154070e-02,1.307478e-03,1.680863e-03
7.491639e-02,6.422311e-04,1.406639e-03,1.437631e-03,4.414313e-03,3.134098e-03,2.605940e-03,5.914338e-01,2.320130e-03,6.483681e-04,7.131253e-03,4.475828e-02,2.626266e-01,1.155627e-03,1.368633e-03
6.196325e-02,7.242962e-04,1.051893e-03,1.363535e-03,4.124805e-03,4.306658e-03,1.534569e-02,4.526143e-01,4.221237e-03,6.471659e-04,7.321207e-03,1.364045e-01,3.059732e-01,2.271512e-03,1.666668e-03
4.625707e-02,6.343938e-04,7.869100e-04,1.164414e-03,3.221141e-03,3.722939e-03,1.295876e-02,3.199876e-01,1.218094e-02,5.713550e-04,6.512230e-03,3.020839e-01,2.859374e-01,2.724959e-03,1.255943e-03
3.786822e-02,5.497829e-04,6.020187e-04,9.005005e-04,2.524268e-03,3.784164e-03,1.102821e-02,2.258700e-01,1.605156e-02,4.665469e-04,5.722071e-03,4.593654e-01,2.322218e-01,2.123104e-03,9.222361e-04
2.699990e-02,4.439575e-04,4.378975e-04,6.444517e-04,1.960395e-03,3.056031e-03,7.835330e-03,1.582287e-01,1.218807e-02,4.420488e-04,4.931129e-03,6.131874e-01,1.674748e-01,1.514104e-03,6.556941e-04
1.898389e-02,4.457682e-04,3.182636e-04,4.551071e-04,1.965723e-03,2.284865e-03,5.520348e-03,1.108138e-01,9.608157e-03,5.986961e-04,3.772706e-03,7.130210e-01,1.306463e-01,1.102679e-03,4.626429e-04
1.339309e-02,4.379480e-04,2.355092e-04,3.273165e-04,1.920470e-03,1.753961e-03,3.938533e-03,7.762289e-02,7.732268e-03,1.202238e-03,6.902869e-03,7.842528e-01,9.912633e-02,8.272549e-04,3.264991e-04
9.404893e-03,4.173503e-04,1.933806e-04,2.353864e-04,1.795697e-03,1.456488e-03,2.762366e-03,5.438588e-02,7.496803e-03,2.603411e-03,9.660637e-03,8.369647e-01,7.173988e-02,6.517331e-04,2.312914e-04
6.633070e-03,4.902412e-04,1.850976e-04,1.706441e-04,1.504074e-03,1.155755e-03,1.936035e-03,3.810069e-02,6.828641e-03,4.116483e-03,2.143691e-02,8.651673e-01,5.150550e-02,6.024103e-04,1.670769e-04
4.706248e-03,1.025581e-03,5.624230e-04,1.414133e-04,1.791928e-03,8.896010e-04,1.358335e-03,2.677292e-02,5.328123e-03,6.592053e-03,2.683412e-02,8.863624e-01,3.700761e-02,5.058061e-04,1.213948e-04
3.342347e-03,1.939892e-03,5.558142e-04,1.221028e-04,4.242537e-03,6.593820e-04,9.517182e-04,1.885821e-02,4.436991e-03,8.365795e-03,2.519295e-02,9.036330e-01,2.709861e-02,5.112246e-04,8.937865e-05
2.447194e-03,3.514692e-03,5.750887e-04,1.559239e-04,1.663372e-02,8.188270e-04,6.716222e-04,1.357498e-02,4.751133e-03,1.160632e-02,2.002441e-02,9.037191e-01,2.089086e-02,5.302386e-04,8.587600e-05
1.872038e-03,3.028297e-02,2.261725e-03,3.346512e-04,3.320619e-02,3.255418e-03,5.047763e-04,1.005592e-02,5.109783e-03,1.207313e-02,1.610258e-02,8.681711e-01,1.616952e-02,5.255942e-04,7.461836e-05
2.087501e-03,2.518248e-02,2.710994e-03,6.270568e-04,2.660637e-02,2.896020e-03,3.947100e-04,8.081515e-03,4.207992e-03,1.504553e-02,4.504814e-02,8.540924e-01,1.219256e-02,7.561000e-04,7.064948e-05
1.598240e-03,1.826282e-02,2.087327e-03,4.910748e-04,2.052842e-02,2.421051e-03,2.985745e-04,5.903498e-03,3.214229e-03,1.170438e-02,3.314415e-02,8.908770e-01,8.657726e-03,7.555092e-04,5.598559e-05
1.262985e-03,1.301054e-02,1.638995e-03,4.060565e-04,1.679099e-02,1.759105e-03,2.227354e-04,4.503592e-03,2.514445e-03,8.541525e-03,2.570467e-02,9.168406e-01,6.147652e-03,6.123748e-04,4.374154e-05
1.148853e-03,9.495256e-03,1.427691e-03,3.954716e-04,1.802182e-02,1.361793e-03,1.849416e-04,3.830607e-03,2.034551e-03,6.280875e-03,2.062551e-02,9.302280e-01,4.387329e-03,5.377677e-04,3.946048e-05
1.019479e-03,6.870735e-03,1.192759e-03,3.089510e-04,2.155357e-02,1.091891e-03,2.419249e-04,3.217133e-03,2.062314e-03,4.768631e-03,2.017375e-02,9.337713e-01,3.156522e-03,5.296146e-04,4.136779e-05
9.584671e-04,5.126825e-03,1.019888e-03,3.057178e-04,3.077694e-02,1.170766e-03,7.589419e-04,3.165868e-03,2.226793e-03,3.689085e-03,3.722250e-02,9.105380e-01,2.363794e-03,6.228582e-04,5.348675e-05
1.188642e-03,6.392227e-03,1.580588e-03,3.545239e-04,6.870058e-02,3.322430e-03,3.060012e-03,2.965268e-03,3.470756e-03,3.350805e-03,1.451066e-01,7.572457e-01,2.074523e-03,7.084815e-04,4.788812e-04
1.986020e-03,5.862495e-03,3.997166e-03,4.274812e-04,6.162611e-02,6.457481e-03,6.242068e-03,4.084910e-03,4.705998e-03,3.791212e-03,2.800279e-01,6.167279e-01,2.011925e-03,1.136338e-03,9.150322e-04
3.746481e-03,5.884237e-03,3.674119e-03,5.236422e-04,1.919506e-01,5.711899e-03,1.567341e-02,8.238665e-03,7.859498e-02,3.089999e-03,2.202528e-01,4.590951e-01,1.622323e-03,9.707662e-04,9.710381e-04
1.020938e-02,1.268924e-02,2.207818e-02,1.085974e-03,2.301952e-01,9.501819e-03,1.435317e-02,3.530924e-02,8.247857e-02,2.985263e-03,2.459230e-01,3.281881e-01,2.280110e-03,8.241787e-04,1.898594e-03
1.884854e-02,1.891926e-02,3.630072e-02,4.442236e-03,2.910146e-01,1.504011e-02,1.281355e-02,3.845919e-02,9.246451e-02,2.547526e-03,2.318981e-01,2.314261e-01,1.900610e-03,6.941555e-04,3.230672e-03
2.353397e-02,1.857684e-02,5.678219e-02,1.706224e-02,3.299724e-01,2.492809e-02,1.394897e-02,5.383969e-02,9.281241e-02,1.925622e-03,1.992499e-01,1.625915e-01,1.554029e-03,5.093628e-04,2.712790e-03
1.881225e-02,1.450647e-02,4.919068e-02,2.008662e-02,3.172042e-01,1.945974e-02,1.113141e-02,2.133288e-01,7.454029e-02,1.365364e-03,1.429504e-01,1.139216e-01,1.197234e-03,3.635995e-04,1.941327e-03
1.468108e-02,1.050780e-02,3.695007e-02,1.670967e-02,2.648154e-01,1.407456e-02,8.163164e-03,3.937441e-01,5.626946e-02,9.600589e-04,1.008403e-01,7.978629e-02,8.707876e-04,2.567722e-04,1.370484e-03
1.087095e-02,7.469444e-03,2.648361e-02,1.179681e-02,2.071198e-01,9.950913e-03,5.777713e-03,5.518330e-01,3.981763e-02,6.721173e-04,7.059456e-02,5.585342e-02,6.198440e-04,1.802561e-04,9.599249e-04
8.563614e-03,5.324661e-03,1.887204e-02,8.391025e-03,1.547676e-01,7.102914e-03,4.188430e-03,6.743133e-01,2.820846e-02,4.706834e-04,4.942201e-02,3.910220e-02,4.724345e-04,1.276609e-04,6.729744e-04
