1.000000e+00,0.000000e+00,0.000000e+00,0.000000e+00,0.000000e+00,0.000000e+00,0.000000e+00,0.000000e+00,0.000000e+00,0.000000e+00,0.000000e+00,0.000000e+00,0.000000e+00,0.000000e+00,0.000000e+00
1.000000e+00,0.000000e+00,0.000000e+00,0.000000e+00,0.000000e+00,0.000000e+00,0.000000e+00,0.000000e+00,0.000000e+00,0.000000e+00,0.000000e+00,0.000000e+00,0.000000e+00,0.000000e+00,0.000000e+00
1.000000e+00,0.000000e+00,0.000000e+00,0.000000e+00,0.000000e+00,0.000000e+00,0.000000e+00,0.000000e+00,0.000000e+00,0.000000e+00,0.000000e+00,0.000000e+00,0.000000e+00,0.000000e+00,0.000000e+00
1.000000e+00,0.000000e+00,0.000000e+00,0.000000e+00,0.000000e+00,0.000000e+00,0.000000e+00,0.000000e+00,0.000000e+00,0.000000e+00,0.000000e+00,0.000000e+00,0.000000e+00,0.000000e+00,0.000000e+00
1.000000e+00,0.000000e+00,0.000000e+00,0.000000e+00,0.000000e+00,0.000000e+00,0.000000e+00,0.000000e+00,0.000000e+00,0.000000e+00,0.000000e+00,0.000000e+00,0.000000e+00,0.000000e+00,0.000000e+00
1.000000e+00,0.000000e+00,0.000000e+00,0.000000e+00,0.000000e+00,0.000000e+00,0.000000e+00,0.000000e+00,0.000000e+00,0.000000e+00,0.000000e+00,0.000000e+00,0.000000e+00,0.000000e+00,0.000000e+00
1.000000e+00,0.000000e+00,0.000000e+00,0.000000e+00,0.000000e+00,0.000000e+00,0.000000e+00,0.000000e+00,0.000000e+00,0.000000e+00,0.000000e+00,0.000000e+00,0.000000e+00,0.000000e+00,0.000000e+00
1.000000e+00,0.000000e+00,0.000000e+00,0.000000e+00,0.000000e+00,0.000000e+00,0.000000e+00,0.000000e+00,0.000000e+00,0.000000e+00,0.000000e+00,0.000000e+00,0.000000e+00,0.000000e+00,0.000000e+00
1.000000e+00,0.000000e+00,0.000000e+00,0.000000e+00,0.000000e+00,0.000000e+00,0.000000e+00,0.000000e+00,0.000000e+00,0.000000e+00,0.000000e+00,0.000000e+00,0.000000e+00,0.000000e+00,0.000000e+00
1.000000e+00,0.000000e+00,0.000000e+00,0.000000e+00,0.000000e+00,0.000000e+00,0.000000e+00,0.000000e+00,0.000000e+00,0.000000e+00,0.000000e+00,0.000000e+00,0.000000e+00,0.000000e+00,0.000000e+00
1.000000e+00,0.000000e+00,0.000000e+00,0.000000e+00,0.000000e+00,0.000000e+00,0.000000e+00,0.000000e+00,0.000000e+00,0.000000e+00,0.000000e+00,0.000000e+00,0.000000e+00,0.000000e+00,0.000000e+00
1.000000e+00,0.000000e+00,0.000000e+00,0.000000e+00,0.000000e+00,0.000000e+00,0.000000e+00,0.000000e+00,0.000000e+00,0.000000e+00,0.000000e+00,0.000000e+00,0.000000e+00,0.000000e+00,0.000000e+00
1.000000e+00,0.000000e+00,0.000000e+00,0.000000e+00,0.000000e+00,0.000000e+00,0.000000e+00,0.000000e+00,0.000000e+00,0.000000e+00,0.000000e+00,0.000000e+00,0.000000e+00,0.000000e+00,0.000000e+00
1.000000e+00,0.000000e+00,0.000000e+00,0.000000e+00,0.000000e+00,0.000000e+00,0.000000e+00,0.000000e+00,0.000000e+00,0.000000e+00,0.000000e+00,0.000000e+00,0.000000e+00,0.000000e+00,0.000000e+00
1.000000e+00,0.000000e+00,0.000000e+00,0.000000e+00,0.000000e+00,0.000000e+00,0.000000e+00,0.000000e+00,0.000000e+00,0.000000e+00,0.000000e+00,0.000000e+00,0.000000e+00,0.000000e+00,0.000000e+00
1.000000e+00,0.000000e+00,0.000000e+00,0.000000e+00,0.000000e+00,0.000000e+00,0.000000e+00,0.000000e+00,0.000000e+00,0.000000e+00,0.000000e+00,0.000000e+00,0.000000e+00,0.000000e+00,0.000000e+00
1.000000e+00,0.000000e+00,0.000000e+00,0.000000e+00,0.000000e+00,0.000000e+00,0.000000e+00,0.000000e+00,0.000000e+00,0.000000e+00,0.000000e+00,0.000000e+00,0.000000e+00,0.000000e+00,0.000000e+00
1.000000e+00,0.000000e+00,0.000000e+00,0.000000e+00,0.000000e+00,0.000000e+00,0.000000e+00,0.000000e+00,0.000000e+00,0.000000e+00,0.000000e+00,0.000000e+00,0.000000e+00,0.000000e+00,0.000000e+00
1.000000e+00,0.000000e+00,0.000000e+00,0.000000e+00,0.000000e+00,0.000000e+00,0.000000e+00,0.000000e+00,0.000000e+00,0.000000e+00,0.000000e+00,0.000000e+00,0.000000e+00,0.000000e+00,0.000000e+00
1.000000e+00,0.000000e+00,0.000000e+00,0.000000e+00,0.000000e+00,0.000000e+00,0.000000e+00,0.000000e+00,0.000000e+00,0.000000e+00,0.000000e+00,0.000000e+00,0.000000e+00,0.000000e+00,0.000000e+00
1.000000e+00,0.000000e+00,0.000000e+00,0.000000e+00,0.000000e+00,0.000000e+00,0.000000e+00,0.000000e+00,0.000000e+00,0.000000e+00,0.000000e+00,0.000000e+00,0.000000e+00,0.000000e+00,0.000000e+00
1.000000e+00,0.000000e+00,0.000000e+00,0.000000e+00,0.000000e+00,0.000000e+00,0.000000e+00,0.000000e+00,0.000000e+00,0.000000e+00,0.000000e+00,0.000000e+00,0.000000e+00,0.000000e+00,0.000000e+00
1.000000e+00,0.000000e+00,0.000000e+00,0.000000e+00,0.000000e+00,0.000000e+00,0.000000e+00,0.000000e+00,0.000000e+00,0.000000e+00,0.000000e+00,0.000000e+00,0.000000e+00,0.000000e+00,0.000000e+00
1.000000e+00,0.000000e+00,0.000000e+00,0.000000e+00,0.000000e+00,0.000000e+00,0.000000e+00,0.000000e+00,0.000000e+00,0.000000e+00,0.000000e+00,0.000000e+00,0.000000e+00,0.000000e+00,0.000000e+00
1.000000e+00,0.000000e+00,0.000000e+00,0.000000e+00,0.000000e+00,0.000000e+00,0.000000e+00,0.000000e+00,0.000000e+00,0.000000e+00,0.000000e+00,0.000000e+00,0.000000e+00,0.000000e+00,0.000000e+00
1.000000e+00,0.000000e+00,0.000000e+00,0.000000e+00,0.000000e+00,0.000000e+00,0.000000e+00,0.000000e+00,0.000000e+00,0.000000e+00,0.000000e+00,0.000000e+00,0.000000e+00,0.000000e+00,0.000000e+00
1.000000e+00,0.000000e+00,0.000000e+00,0.000000e+00,0.000000e+00,0.000000e+00,0.000000e+00,0.000000e+00,0.000000e+00,0.000000e+00,0.000000e+00,0.000000e+00,0.000000e+00,0.000000e+00,0.000000e+00
1.000000e+00,0.000000e+00,0.000000e+00,0.000000e+00,0.000000e+00,0.000000e+00,0.000000e+00,0.000000e+00,0.000000e+00,0.000000e+00,0.000000e+00,0.000000e+00,0.000000e+00,0.000000e+00,0.000000e+00
1.000000e+00,0.000000e+00,0.000000e+00,0.000000e+00,0.000000e+00,0.000000e+00,0.000000e+00,0.000000e+00,0.000000e+00,0.000000e+00,0.000000e+00,0.000000e+00,0.000000e+00,0.000000e+00,0.000000e+00
1.000000e+00,0.000000e+00,0.000000e+00,0.000000e+00,0.000000e+00,0.000000e+00,0.000000e+00,0.000000e+00,0.000000e+00,0.000000e+00,0.000000e+00,0.000000e+00,0.000000e+00,0.000000e+00,0.000000e+00
1.000000e+00,0.000000e+00,0.000000e+00,0.000000e+00,0.000000e+00,0.000000e+00,0.000000e+00,0.000000e+00,0.000000e+00,0.000000e+00,0.000000e+00,0.000000e+00,0.000000e+00,0.000000e+00,0.000000e+00
1.000000e+00,0.000000e+00,0.000000e+00,0.000000e+00,0.000000e+00,0.000000e+00,0.000000e+00,0.000000e+00,0.000000e+00,0.000000e+00,0.000000e+00,0.000000e+00,0.000000e+00,0.000000e+00,0.000000e+00
1.000000e+00,0.000000e+00,0.000000e+00,0.000000e+00,0.000000e+00,0.000000e+00,0.000000e+00,0.000000e+00,0.000000e+00,0.000000e+00,0.000000e+00,0.000000e+00,0.000000e+00,0.000000e+00,0.000000e+00
1.000000e+00,0.000000e+00,0.000000e+00,0.000000e+00,0.000000e+00,0.000000e+00,0.000000e+00,0.000000e+00,0.000000e+00,0.000000e+00,0.000000e+00,0.000000e+00,0.000000e+00,0.000000e+00,0.000000e+00
1.000000e+00,0.000000e+00,0.000000e+00,0.000000e+00,0.000000e+00,0.000000e+00,0.000000e+00,0.000000e+00,0.000000e+00,0.000000e+00,0.000000e+00,0.000000e+00,0.000000e+00,0.000000e+00,0.000000e+00
1.000000e+00,0.000000e+00,0.000000e+00,0.000000e+00,0.000000e+00,0.000000e+00,0.000000e+00,0.000000e+00,0.000000e+00,0.000000e+00,0.000000e+00,0.000000e+00,0.000000e+00,0.000000e+00,0.000000e+00
1.000000e+00,0.000000e+00,0.000000e+00,0.000000e+00,0.000000e+00,0.000000e+00,0.000000e+00,0.000000e+00,0.000000e+00,0.000000e+00,0.000000e+00,0.000000e+00,0.000000e+00,0.000000e+00,0.000000e+00
4.742489e-01,6.759560e-02,4.413819e-02,1.775230e-01,9.898324e-03,1.959953e-02,4.782881e-03,2.285501e-02,3.141063e-02,4.314828e-03,3.535054e-02,2.381546e-02,1.142736e-02,1.289527e-02,6.014446e-02
4.363067e-01,7.109741e-02,6.518072e-02,1.838624e-01,1.038981e-02,1.731057e-02,4.528266e-03,2.294665e-02,3.684452e-02,4.457612e-03,3.470306e-02,2.254659e-02,1.155899e-02,1.361877e-02,6.464790e-02
4.615683e-01,6.772291e-02,5.330287e-02,1.596574e-01,1.193536e-02,1.781083e-02,4.602815e-03,1.979700e-02,3.913732e-02,4.756042e-03,3.932280e-02,2.432417e-02,1.369033e-02,1.606153e-02,6.631027e-02
3.855524e-01,6.935170e-02,9.929235e-02,1.921238e-01,1.266155e-02,1.603550e-02,4.296363e-03,2.343540e-02,3.803716e-02,4.494981e-03,4.107722e-02,2.361929e-02,1.324952e-02,1.433325e-02,6.243952e-02
3.988413e-01,6.782734e-02,9.451769e-02,1.771867e-01,1.289170e-02,1.554808e-02,4.154689e-03,2.099779e-02,3.853200e-02,4.904878e-03,4.034580e-02,2.472940e-02,1.521828e-02,1.409860e-02,7.020576e-02
3.833512e-01,6.295589e-02,1.183277e-01,1.591398e-01,1.284510e-02,1.516365e-02,4.027653e-03,1.997153e-02,3.616641e-02,5.169089e-03,4.678889e-02,2.729957e-02,1.630053e-02,1.696210e-02,7.553089e-02
4.653388e-01,5.338605e-02,9.175505e-02,1.307800e-01,1.192128e-02,1.509669e-02,3.838978e-03,1.670318e-02,3.061721e-02,4.659357e-03,4.625437e-02,2.871310e-02,1.781424e-02,1.678848e-02,6.633322e-02
1.000000e+00,0.000000e+00,0.000000e+00,0.000000e+00,0.000000e+00,0.000000e+00,0.000000e+00,0.000000e+00,0.000000e+00,0.000000e+00,0.000000e+00,0.000000e+00,0.000000e+00,0.000000e+00,0.000000e+00
1.000000e+00,0.000000e+00,0.000000e+00,0.000000e+00,0.000000e+00,0.000000e+00,0.000000e+00,0.000000e+00,0.000000e+00,0.000000e+00,0.000000e+00,0.000000e+00,0.000000e+00,0.000000e+00,0.000000e+00
1.000000e+00,0.000000e+00,0.000000e+00,0.000000e+00,0.000000e+00,0.000000e+00,0.000000e+00,0.000000e+00,0.000000e+00,0.000000e+00,0.000000e+00,0.000000e+00,0.000000e+00,0.000000e+00,0.000000e+00
1.000000e+00,0.000000e+00,0.000000e+00,0.000000e+00,0.000000e+00,0.000000e+00,0.000000e+00,0.000000e+00,0.000000e+00,0.000000e+00,0.000000e+00,0.000000e+00,0.000000e+00,0.000000e+00,0.000000e+00
1.000000e+00,0.000000e+00,0.000000e+00,0.000000e+00,0.000000e+00,0.000000e+00,0.000000e+00,0.000000e+00,0.000000e+00,0.000000e+00,0.000000e+00,0.000000e+00,0.000000e+00,0.000000e+00,0.000000e+00
1.000000e+00,0.000000e+00,0.000000e+00,0.000000e+00,0.000000e+00,0.000000e+00,0.000000e+00,0.000000e+00,0.000000e+00,0.000000e+00,0.000000e+00,0.000000e+00,0.000000e+00,0.000000e+00,0.000000e+00
1.000000e+00,0.000000e+00,0.000000e+00,0.000000e+00,0.000000e+00,0.000000e+00,0.000000e+00,0.000000e+00,0.000000e+00,0.000000e+00,0.000000e+00,0.000000e+00,0.000000e+00,0.000000e+00,0.000000e+00
1.000000e+00,0.000000e+00,0.000000e+00,0.000000e+00,0.000000e+00,0.000000e+00,0.000000e+00,0.000000e+00,0.000000e+00,0.000000e+00,0.000000e+00,0.000000e+00,0.000000e+00,0.000000e+00,0.000000e+00
1.000000e+00,0.000000e+00,0.000000e+00,0.000000e+00,0.000000e+00,0.000000e+00,0.000000e+00,0.000000e+00,0.000000e+00,0.000000e+00,0.000000e+00,0.000000e+00,0.000000e+00,0.000000e+00,0.000000e+00
1.000000e+00,0.000000e+00,0.000000e+00,0.000000e+00,0.000000e+00,0.000000e+00,0.000000e+00,0.000000e+00,0.000000e+00,0.000000e+00,0.000000e+00,0.000000e+00,0.000000e+00,0.000000e+00,0.000000e+00
3.992655e-01,1.238875e-02,6.911658e-03,3.667009e-02,4.229308e-03,2.370824e-01,6.567764e-03,4.006661e-03,2.320736e-02,1.153905e-03,6.626634e-03,2.601732e-02,2.174066e-01,1.599153e-03,1.686690e-02
2.799915e-01,1.014662e-02,5.099842e-03,3.160311e-02,3.097409e-03,1.851445e-01,4.821468e-03,2.904475e-03,2.869686e-02,1.058076e-03,4.941516e-03,2.522412e-02,4.022052e-01,1.153629e-03,1.391167e-02
1.964442e-01,9.381888e-03,3.731722e-03,2.621936e-02,2.542553e-03,1.413454e-01,3.696272e-03,2.076640e-03,4.293184e-02,1.274275e-03,4.433990e-03,7.144398e-02,4.801520e-01,1.000934e-03,1.332495e-02
1.387679e-01,1.040184e-02,2.841950e-03,2.311001e-02,3.864963e-03,1.070101e-01,2.945236e-03,1.661488e-03,6.564343e-02,1.275974e-03,3.757554e-03,6.021988e-02,5.628431e-01,8.993582e-04,1.475719e-02
1.009912e-01,1.176316e-02,2.256730e-03,1.888502e-02,4.656669e-03,8.289605e-02,2.432642e-03,1.500309e-03,5.953047e-02,1.099327e-03,2.905269e-03,4.485402e-02,6.518545e-01,7.343883e-04,1.364028e-02
7.216223e-02,9.673371e-03,1.946562e-03,1.438041e-02,4.720374e-03,6.040568e-02,2.082476e-03,1.403682e-03,4.880005e-02,8.319524e-04,2.154946e-03,3.308286e-02,7.323141e-01,5.501641e-04,1.549118e-02
5.082928e-02,7.439231e-03,1.647127e-03,1.076272e-02,3.580366e-03,4.419030e-02,1.591759e-03,1.677935e-03,3.742130e-02,6.753659e-04,1.630830e-03,2.468321e-02,7.826679e-01,4.776941e-04,3.072502e-02
3.633030e-02,5.713312e-03,1.467011e-03,8.352903e-03,2.772538e-03,3.254018e-02,1.352703e-03,2.252284e-03,2.862063e-02,6.065289e-04,1.257300e-03,1.888450e-02,7.660902e-01,5.339570e-04,9.322570e-02
2.718467e-02,4.566693e-03,1.590071e-03,6.530462e-03,2.094600e-03,2.610520e-02,1.167235e-03,2.456777e-03,2.073717e-02,5.935954e-04,9.828389e-04,1.458407e-02,7.279662e-01,5.563831e-04,1.628840e-01
2.186210e-02,3.546703e-03,1.512118e-03,5.469980e-03,1.723027e-03,2.088022e-02,1.029895e-03,2.086366e-03,1.515726e-02,5.766585e-04,8.102420e-04,1.191804e-02,6.706102e-01,6.487310e-04,2.421684e-01
1.586958e-02,2.766847e-03,1.445794e-03,4.153144e-03,1.639011e-03,1.558229e-02,9.659698e-04,1.657292e-03,1.108261e-02,8.955697e-04,7.126890e-04,9.096683e-03,6.244212e-01,5.600380e-04,3.091513e-01
1.150558e-02,2.161459e-03,1.490418e-03,3.024648e-03,1.889628e-03,1.122158e-02,9.826076e-04,1.385293e-03,8.185168e-03,1.000367e-03,6.068365e-04,6.928809e-03,5.684906e-01,5.017393e-04,3.806253e-01
8.711819e-03,1.798540e-03,1.495702e-03,2.472872e-03,1.989348e-03,8.250508e-03,9.249110e-04,1.211353e-03,6.482054e-03,1.554521e-03,5.993524e-04,5.369010e-03,5.540686e-01,4.013833e-04,4.046700e-01
8.313777e-03,1.691325e-03,1.514661e-03,2.210817e-03,2.169946e-03,6.211997e-03,1.022598e-03,1.250092e-03,5.227610e-03,1.563171e-03,5.664811e-04,4.606497e-03,5.363593e-01,3.338995e-04,4.269578e-01
7.826417e-03,1.483614e-03,1.286827e-03,2.212437e-03,2.184609e-03,4.812469e-03,9.943033e-04,1.181780e-03,4.330328e-03,1.788523e-03,5.869493e-04,4.438975e-03,5.744244e-01,2.633342e-04,3.921850e-01
7.740649e-03,1.231442e-03,1.045642e-03,1.901063e-03,1.978861e-03,3.858970e-03,9.423263e-04,9.436088e-04,3.352254e-03,2.775612e-03,6.255453e-04,4.919103e-03,6.229662e-01,2.043376e-04,3.455144e-01
7.553728e-03,1.068177e-03,9.343325e-04,1.669812e-03,1.734122e-03,3.291364e-03,1.093602e-03,7.842857e-04,2.531897e-03,2.646735e-03,6.307969e-04,5.069234e-03,6.684918e-01,1.562888e-04,3.023438e-01
7.347665e-03,1.050720e-03,8.877718e-04,1.360652e-03,2.059400e-03,2.854812e-03,1.138213e-03,6.902611e-04,2.145075e-03,2.404665e-03,7.443182e-04,6.263359e-03,6.702238e-01,1.413383e-04,3.006880e-01
5.895990e-03,9.235772e-04,1.722052e-03,1.232412e-03,4.472128e-03,2.451114e-03,5.524535e-03,2.470839e-03,1.917766e-03,2.241563e-03,1.130900e-03,6.800631e-03,6.770073e-01,1.555631e-04,2.860537e-01
6.765393e-03,1.199394e-03,1.957569e-03,1.150600e-03,6.265574e-03,2.110615e-03,4.378186e-03,2.094554e-03,2.383982e-03,1.890078e-03,1.406958e-03,8.569635e-03,7.299259e-01,1.713373e-04,2.297303e-01
1.351920e-02,1.506223e-03,2.414800e-03,1.489484e-03,1.064934e-02,2.635605e-03,3.542517e-03,1.996493e-03,2.923858e-03,1.632737e-03,1.542272e-03,1.052240e-02,7.798716e-01,1.350969e-04,1.656184e-01
1.166597e-02,1.337453e-03,3.281366e-03,1.881121e-03,1.632626e-02,2.688865e-03,3.128432e-03,4.643058e-03,2.934003e-03,1.384379e-03,1.595109e-03,9.429721e-03,8.186080e-01,1.329584e-04,1.209633e-01
1.407297e-02,1.432163e-03,3.972896e-03,2.082213e-03,2.946519e-02,2.653682e-03,2.898562e-03,4.572984e-03,4.376841e-03,1.156896e-03,1.870276e-03,9.355718e-03,8.326792e-01,1.760989e-04,8.923437e-02
1.200145e-02,1.588926e-03,4.701690e-03,3.001309e-03,3.612587e-02,3.733357e-03,3.023172e-03,8.937228e-03,6.203993e-03,1.118302e-03,2.273571e-03,9.343831e-03,8.376272e-01,1.597590e-04,7.016034e-02
1.400520e-02,2.790785e-03,3.766155e-03,2.926956e-03,3.439676e-02,5.547691e-03,2.316826e-03,8.155860e-03,9.715091e-03,9.026153e-04,3.115307e-03,1.083202e-02,8.494037e-01,1.531426e-04,5.197181e-02
1.426460e-02,2.388045e-03,3.283878e-03,4.237765e-03,3.258152e-02,6.434274e-03,1.996567e-03,7.732769e-03,1.017009e-02,9.938488e-04,3.390012e-03,1.026205e-02,8.644125e-01,1.227501e-04,3.772922e-02
1.635967e-02,2.050156e-03,2.699340e-03,4.050040e-03,2.553382e-02,5.785878e-03,1.633116e-03,6.048319e-03,8.519609e-03,1.138654e-03,3.088906e-03,1.325359e-02,8.807371e-01,1.335605e-04,2.896821e-02
1.491505e-02,1.578901e-03,2.234425e-03,3.636719e-03,2.113385e-02,4.777223e-03,1.302795e-03,4.839600e-03,6.918294e-03,1.284386e-03,3.692087e-03,2.081606e-02,8.910120e-01,3.302925e-04,2.152825e-02
1.811096e-02,1.402158e-03,2.228879e-03,3.116788e-03,1.729452e-02,4.154728e-03,1.086529e-03,3.890203e-03,5.444488e-03,1.198943e-03,3.774920e-03,3.211568e-02,8.885196e-01,5.938424e-04,1.706769e-02
1.602244e-02,1.092130e-03,1.745350e-03,2.716368e-03,1.437995e-02,3.665787e-03,8.548318e-04,3.549601e-03,4.655234e-03,1.267111e-03,3.916076e-03,3.662195e-02,8.955132e-01,1.113756e-03,1.288622e-02
1.234531e-02,9.377187e-04,2.292397e-03,2.728816e-03,1.157251e-02,4.979207e-03,1.187749e-03,2.654718e-02,7.521186e-03,1.308812e-03,3.790616e-03,3.144664e-02,8.808194e-01,8.797067e-04,1.164269e-02
1.462014e-02,1.109708e-03,2.936425e-03,2.580767e-03,9.860058e-03,5.876697e-03,1.456122e-03,2.556377e-02,8.988606e-03,1.664669e-03,5.118107e-03,2.750086e-02,8.733042e-01,9.072650e-04,1.851253e-02
2.332548e-02,1.302219e-03,2.868681e-03,2.517896e-03,1.323247e-02,7.131039e-03,1.629429e-03,2.423198e-02,8.366556e-03,1.910571e-03,6.588073e-03,3.724907e-02,8.478956e-01,1.334714e-03,2.041631e-02
2.269515e-02,1.007280e-03,3.297513e-03,2.948731e-03,2.536895e-02,1.431660e-02,5.350329e-03,8.057186e-02,7.964724e-03,2.565939e-03,3.788253e-02,3.125290e-02,7.122849e-01,1.301394e-03,5.119119e-02
2.144467e-02,7.603437e-04,3.415374e-03,2.890525e-03,3.068440e-02,1.925814e-02,7.455666e-03,1.876179e-01,6.966556e-03,2.298335e-03,6.006278e-02,2.662820e-02,5.765007e-01,1.125735e-03,5.289079e-02
1.893811e-02,2.207038e-03,4.543954e-03,3.220742e-03,4.809568e-02,3.318320e-02,9.935645e-03,2.397628e-01,7.860050e-02,1.942453e-03,6.469406e-02,2.098147e-02,4.254794e-01,8.855782e-04,4.752931e-02
2.038794e-02,2.961720e-03,9.830819e-03,7.774247e-03,1.350482e-01,3.082232e-02,3.743939e-02,1.943547e-01,1.486512e-01,1.568479e-03,4.875289e-02,1.509723e-02,3.095699e-01,6.868698e-04,3.705416e-02
2.252053e-02,3.575099e-03,9.181047e-03,8.386165e-03,2.295445e-01,3.012326e-02,8.862692e-02,1.414584e-01,1.691747e-01,1.155893e-03,3.665102e-02,1.077140e-02,2.214357e-01,5.141107e-04,2.688134e-02
3.406405e-02,4.685674e-03,7.980396e-03,1.410620e-02,3.166814e-01,2.379838e-02,1.022463e-01,1.079672e-01,1.733599e-01,1.003439e-03,2.733413e-02,7.808280e-03,1.588275e-01,4.102142e-04,1.972693e-02
5.275726e-02,5.108076e-03,6.835786e-03,3.246999e-02,3.724377e-01,1.994145e-02,1.071824e-01,9.679225e-02,1.484277e-01,8.251689e-04,2.083828e-02,5.771394e-03,1.156530e-01,3.685661e-04,1.459087e-02
5.871915e-02,7.085485e-03,5.691252e-03,7.122548e-02,3.627681e-01,1.649865e-02,9.332932e-02,1.053250e-01,1.646645e-01,6.893811e-04,1.534808e-02,4.466619e-03,8.348722e-02,3.050904e-04,1.039670e-02
5.871365e-02,5.452399e-03,4.239751e-03,5.971962e-02,2.959822e-01,1.227898e-02,6.905495e-02,2.765743e-01,1.366027e-01,4.993004e-04,1.091691e-02,3.290290e-03,5.913100e-02,2.234152e-04,7.320632e-03
6.749880e-02,4.624298e-03,3.382458e-03,4.498322e-02,2.598448e-01,1.106236e-02,5.260686e-02,3.940275e-01,1.026840e-01,3.664005e-04,7.899156e-03,2.461456e-03,4.318863e-02,1.757855e-04,5.194393e-03
5.906933e-02,3.359625e-03,2.577213e-03,3.225755e-02,2.030270e-01,8.046738e-03,3.778775e-02,5.382572e-01,7.367577e-02,2.617591e-04,5.644201e-03,1.782308e-03,3.045029e-02,1.274142e-04,3.675867e-03
4.511571e-02,2.470016e-03,2.149851e-03,2.331175e-02,1.509386e-01,6.461709e-03,2.705758e-02,6.609590e-01,5.169285e-02,1.938220e-04,4.038308e-03,1.325509e-03,2.156758e-02,9.610210e-05,2.621593e-03
3.423084e-02,1.831800e-03,1.936792e-03,1.699975e-02,1.089677e-01,5.280146e-03,1.937748e-02,7.538567e-01,3.628456e-02,1.435837e-04,2.909082e-03,1.006076e-03,1.524863e-02,7.187102e-05,1.855044e-03
2.869384e-02,1.362465e-03,1.708002e-03,1.234665e-02,8.086984e-02,4.045441e-03,1.392111e-02,8.161922e-01,2.559624e-02,1.098558e-04,2.149395e-03,8.039524e-04,1.080843e-02,5.812629e-05,1.334547e-03
2.310695e-02,9.907220e-04,2.101049e-03,9.111684e-03,5.997918e-02,3.092214e-03,1.059862e-02,8.620592e-01,1.800828e-02,8.300613e-05,1.585633e-03,6.113168e-04,7.680970e-03,4.518810e-05,9.459460e-04
1.886360e-02,7.074222e-04,2.007151e-03,6.628340e-03,4.305555e-02,2.360341e-03,7.884402e-03,8.980258e-01,1.262102e-02,6.416321e-05,1.146175e-03,4.555874e-04,5.467969e-03,3.426578e-05,6.782158e-04
1.569715e-02,5.066202e-04,2.005225e-03,4.834595e-03,3.147069e-02,1.777376e-03,6.110098e-03,9.231355e-01,8.847376e-03,4.893293e-05,8.373481e-04,3.358721e-04,3.878774e-03,2.640841e-05,4.880469e-04
1.318116e-02,3.630141e-04,3.020581e-03,3.540948e-03,2.297111e-02,1.314495e-03,4.707279e-03,9.406581e-01,6.199008e-03,3.974638e-05,6.181552e-04,2.509340e-04,2.762451e-03,2.135866e-05,3.517435e-04
1.071359e-02,2.607316e-04,2.894283e-03,2.568136e-03,1.709596e-02,9.598862e-04,3.605017e-03,9.546639e-01,4.341661e-03,3.077541e-05,4.515880e-04,1.841526e-04,1.962445e-03,1.643341e-05,2.514918e-04
8.350404e-03,1.884309e-04,2.682389e-03,1.857212e-03,1.262289e-02,7.200399e-04,3.020108e-03,9.653900e-01,3.045990e-03,2.775099e-05,3.456242e-04,1.421374e-04,1.407266e-03,1.360218e-05,1.862509e-04
6.434452e-03,1.373216e-04,2.448212e-03,1.358757e-03,9.167823e-03,6.328668e-04,3.289798e-03,9.726776e-01,2.154473e-03,4.101243e-05,2.789796e-04,1.526144e-04,1.057218e-03,1.487337e-05,1.539755e-04
5.158777e-03,1.010382e-04,2.230085e-03,1.018059e-03,6.809778e-03,4.907080e-04,2.934155e-03,9.784284e-01,1.516258e-03,4.065785e-05,2.210268e-04,1.416358e-04,7.735089e-04,1.590631e-05,1.200038e-04
4.122468e-03,7.577289e-05,1.878250e-03,7.646069e-04,5.068937e-03,4.163749e-04,3.656474e-03,9.817389e-01,1.070464e-03,4.830908e-05,2.027893e-04,1.952948e-04,6.491087e-04,1.706382e-05,9.517605e-05
4.066439e-03,6.283011e-05,1.504916e-03,6.023991e-04,3.882996e-03,9.427932e-04,9.009085e-03,9.772222e-01,7.948176e-04,1.092097e-04,2.539756e-04,3.945964e-04,1.004110e-03,2.696378e-05,1.226293e-04
5.184750e-03,6.129080e-05,1.329565e-03,5.748955e-04,3.393725e-03,1.398927e-03,1.133304e-02,9.738058e-01,6.234181e-04,1.567586e-04,3.090785e-04,4.395338e-04,1.149806e-03,4.049033e-05,1.988170e-04
5.465208e-03,5.835665e-05,1.215284e-03,4.936337e-04,3.534915e-03,1.207819e-03,1.308211e-02,9.725119e-01,4.476076e-04,1.251749e-04,2.608362e-04,3.756612e-04,9.715937e-04,3.660126e-05,2.133345e-04
5.202336e-03,6.608760e-05,1.188931e-03,4.223554e-04,3.794077e-03,1.282065e-03,1.639482e-02,9.690842e-01,3.351661e-04,1.187812e-04,2.578596e-04,3.411123e-04,1.229163e-03,3.868689e-05,2.443314e-04
5.519938e-03,6.054003e-05,1.715489e-03,3.818582e-04,3.200869e-03,1.505295e-03,2.222579e-02,9.627925e-01,2.501022e-04,1.491414e-04,2.298239e-04,3.380144e-04,1.199004e-03,3.703223e-05,3.946114e-04
1.497238e-02,6.502745e-05,1.901222e-03,3.351386e-04,2.754017e-03,3.530506e-03,4.313526e-02,9.301314e-01,1.968221e-04,1.410781e-04,1.985984e-04,3.677632e-04,1.614481e-03,3.868627e-05,6.175293e-04
1.661562e-02,6.181934e-05,1.726268e-03,2.985781e-04,2.370750e-03,4.531188e-03,4.479773e-02,9.261333e-01,1.496687e-04,1.185577e-04,1.626723e-04,3.448487e-04,2.064231e-03,3.558720e-05,5.891315e-04
2.870302e-02,7.216842e-05,1.722778e-03,2.883911e-04,2.345819e-03,4.339388e-03,3.808198e-02,9.211251e-01,1.463082e-04,9.927708e-05,1.395252e-04,4.792124e-04,1.823724e-03,3.858818e-05,5.947117e-04
4.126926e-02,8.183867e-05,1.926822e-03,3.061842e-04,2.727891e-03,4.150606e-03,3.130448e-02,9.149641e-01,1.482334e-04,8.454503e-05,1.251359e-04,5.787486e-04,1.704997e-03,4.315523e-05,5.839698e-04
8.283261e-02,1.216484e-04,2.558252e-03,4.789659e-04,4.778496e-03,5.862220e-03,2.620432e-02,8.723050e-01,2.415111e-04,8.266633e-05,1.660056e-04,1.555041e-03,2.100036e-03,8.550395e-05,6.277328e-04
1.275909e-01,2.097350e-04,2.902291e-03,7.383535e-04,5.382445e-03,8.846581e-03,2.784454e-02,8.176805e-01,3.052191e-04,1.001586e-04,3.182892e-04,3.605847e-03,3.301095e-03,1.447320e-04,1.029340e-03
1.459094e-01,2.313024e-04,3.067682e-03,8.504468e-04,5.152336e-03,9.533092e-03,2.800401e-02,7.976150e-01,2.955041e-04,1.043101e-04,3.486997e-04,3.845247e-03,3.752847e-03,1.504047e-04,1.139728e-03
1.553400e-01,3.371091e-04,2.868128e-03,1.104392e-03,5.557922e-03,1.071436e-02,3.761223e-02,7.753925e-01,3.175213e-04,1.328574e-04,4.162206e-04,3.800663e-03,4.381726e-03,1.676008e-04,1.856781e-03
1.652708e-01,3.426640e-04,2.503191e-03,1.030481e-03,5.994715e-03,1.042488e-02,4.292056e-02,7.601957e-01,3.000614e-04,1.302271e-04,4.232304e-04,3.564511e-03,4.868078e-03,1.761121e-04,1.854732e-03
1.583718e-01,3.939875e-04,2.340767e-03,1.028346e-03,6.143909e-03,1.282696e-02,5.523091e-02,7.514171e-01,2.799724e-04,1.344176e-04,4.409606e-04,3.259535e-03,6.038371e-03,1.783941e-04,1.914505e-03
1.840605e-01,8.896757e-04,2.143371e-03,1.167322e-03,7.535250e-03,1.676154e-02,5.184710e-02,7.175668e-01,3.303227e-04,2.031394e-04,8.004654e-04,4.231624e-03,9.906372e-03,2.409069e-04,2.315630e-03
1.985542e-01,2.062242e-03,3.147632e-03,1.787452e-03,9.792529e-03,2.460645e-02,4.436145e-02,6.441142e-01,2.302190e-03,2.252024e-03,2.812179e-03,8.685959e-03,4.209958e-02,1.171549e-03,1.225024e-02
1.617065e-01,1.793626e-03,4.251198e-03,2.617091e-03,1.172062e-02,3.217505e-02,4.545934e-02,4.772390e-01,4.502436e-03,2.422914e-03,9.846415e-03,1.696249e-02,2.151572e-01,1.071229e-03,1.307475e-02
1.493517e-01,2.059786e-03,4.811386e-03,3.381575e-03,1.835376e-02,3.486218e-02,4.049423e-02,3.472908e-01,5.766884e-03,2.289684e-03,1.396701e-02,2.405349e-02,3.387507e-01,9.511285e-04,1.361566e-02
1.359575e-01,3.137534e-03,4.090673e-03,3.116500e-03,1.740537e-02,3.114491e-02,3.796083e-02,2.500618e-01,6.486072e-03,2.247472e-03,1.764539e-02,2.352988e-02,4.407820e-01,9.628169e-04,2.547123e-02
1.091733e-01,2.799703e-03,4.257723e-03,4.989312e-03,1.443242e-02,4.293504e-02,3.342279e-02,1.776436e-01,7.624641e-03,2.522176e-03,1.594462e-02,2.107880e-02,5.316281e-01,8.654880e-04,3.068212e-02
8.213202e-02,2.041645e-03,3.436535e-03,4.263419e-03,1.106154e-02,3.877942e-02,2.661838e-02,1.249821e-01,7.487434e-03,2.240691e-03,1.420870e-02,1.900756e-02,6.393836e-01,8.028843e-04,2.355400e-02
7.706891e-02,1.614325e-03,2.630752e-03,3.123348e-03,9.111891e-03,3.150129e-02,2.111236e-02,8.806239e-02,6.382977e-03,2.239577e-03,1.280975e-02,3.683232e-02,6.836459e-01,8.656596e-04,2.299852e-02
1.157140e-01,2.078432e-03,2.662120e-03,2.570049e-03,1.024696e-02,2.624722e-02,1.723688e-02,6.410804e-02,6.977612e-03,5.620177e-03,1.645677e-02,5.567243e-02,6.478166e-01,1.118956e-03,2.547381e-02
1.012144e-01,1.855470e-03,4.680958e-03,1.951502e-03,1.244955e-02,2.337798e-02,1.732363e-02,5.136296e-02,8.764069e-03,7.660892e-03,1.344373e-02,1.151067e-01,5.905187e-01,1.356293e-03,4.893314e-02
8.271740e-02,1.521653e-03,4.479037e-03,1.493529e-03,1.224728e-02,1.854885e-02,1.626386e-02,4.165683e-02,8.791409e-03,1.172726e-02,1.063324e-02,2.697985e-01,4.583966e-01,2.907386e-03,5.881706e-02
6.455879e-02,1.232112e-03,4.015240e-03,1.111121e-03,1.118661e-02,1.400885e-02,1.297644e-02,3.378774e-02,8.139804e-03,1.145570e-02,7.988365e-03,3.996370e-01,3.693573e-01,2.992810e-03,5.755215e-02
5.469718e-02,1.728737e-03,5.785413e-03,9.675779e-04,1.578018e-02,1.041221e-02,1.200860e-02,4.710307e-02,9.428724e-03,1.420325e-02,6.766095e-03,4.343829e-01,3.251737e-01,8.012652e-03,5.354973e-02
4.461847e-02,1.374015e-03,5.232761e-03,1.553441e-03,1.725649e-02,8.541258e-03,9.901240e-03,5.924336e-02,7.342073e-03,1.379682e-02,8.156311e-03,3.988777e-01,3.536196e-01,1.342312e-02,5.706338e-02
3.550016e-02,1.167752e-03,5.239571e-03,3.077954e-03,1.666612e-02,1.384195e-02,1.030507e-02,5.282423e-02,7.133754e-03,1.409105e-02,1.608294e-02,3.193932e-01,4.440193e-01,1.075053e-02,4.990648e-02
3.608610e-02,1.234754e-03,4.907648e-03,3.166682e-03,1.852426e-02,1.981052e-02,1.041544e-02,6.485444e-02,1.031523e-02,1.337246e-02,2.045021e-02,2.521071e-01,4.950560e-01,8.274003e-03,4.142507e-02
3.043132e-02,1.010224e-03,3.958838e-03,2.680831e-03,1.729837e-02,2.195240e-02,1.120265e-02,7.063159e-02,1.286972e-02,1.233483e-02,2.163557e-02,1.897530e-01,5.632476e-01,5.944485e-03,3.504860e-02
4.945249e-02,1.609092e-03,3.544114e-03,3.803119e-03,3.184939e-02,2.396225e-02,1.150752e-02,7.411220e-02,2.689971e-02,1.688984e-02,3.105167e-02,1.677330e-01,5.239797e-01,4.531127e-03,2.907484e-02
5.529916e-02,1.719057e-03,3.109806e-03,3.418068e-03,4.003374e-02,1.929921e-02,1.916773e-02,9.177008e-02,3.055570e-02,1.752387e-02,3.045934e-02,1.397838e-01,5.183324e-01,3.411830e-03,2.611614e-02
7.836234e-02,1.771356e-03,2.432763e-03,4.018732e-03,9.960439e-02,1.832138e-02,3.352737e-02,9.847883e-02,4.861422e-02,1.307537e-02,2.650595e-02,1.247270e-01,4.271823e-01,3.137961e-03,2.024001e-02
9.585266e-02,1.861627e-03,2.003644e-03,3.833058e-03,8.693197e-02,1.866674e-02,4.814124e-02,7.926595e-02,5.459131e-02,9.431060e-03,2.003380e-02,1.273340e-01,4.345308e-01,2.694024e-03,1.482810e-02
9.327142e-02,1.715903e-03,1.928603e-03,3.928225e-03,8.527612e-02,1.532162e-02,5.020766e-02,5.766325e-02,4.713021e-02,6.819754e-03,1.462251e-02,1.197928e-01,4.892486e-01,2.266455e-03,1.080691e-02
1.704848e-01,5.100833e-03,2.743089e-03,5.139769e-02,1.069664e-01,2.028089e-02,5.055903e-02,4.468497e-02,6.530270e-02,5.571821e-03,1.185734e-02,9.425158e-02,3.595198e-01,1.798614e-03,9.480361e-03
1.999555e-01,5.255530e-03,2.217481e-03,4.037946e-02,9.891995e-02,3.479080e-02,4.179498e-02,3.268569e-02,7.295240e-02,4.106783e-03,9.223578e-03,8.728393e-02,3.605967e-01,1.590322e-03,8.246883e-03
2.399206e-01,4.791700e-03,1.786997e-03,3.065555e-02,1.113150e-01,4.521608e-02,3.636604e-02,2.394236e-02,7.704157e-02,3.119674e-03,1.387383e-02,1.173066e-01,2.850271e-01,2.838353e-03,6.798437e-03
2.471598e-01,6.855066e-03,1.730316e-03,4.675410e-02,1.438084e-01,4.520151e-02,4.669599e-02,2.087697e-02,7.419280e-02,2.418982e-03,1.269219e-02,1.187532e-01,2.244405e-01,2.509443e-03,5.910704e-03
2.560395e-01,7.226862e-03,3.698984e-03,9.478548e-02,1.584709e-01,3.920886e-02,4.628412e-02,3.763682e-02,6.338757e-02,1.799916e-03,1.105021e-02,9.962465e-02,1.740065e-01,1.926036e-03,4.853528e-03
3.073987e-01,7.465717e-03,1.016961e-02,6.989475e-02,1.206281e-01,5.476380e-02,3.989971e-02,2.938739e-02,6.101546e-02,1.888203e-03,8.620189e-03,8.813915e-02,1.934390e-01,1.930187e-03,5.359974e-03
3.750797e-01,7.101295e-03,1.065955e-02,5.156273e-02,9.686422e-02,9.206361e-02,3.372923e-02,2.349476e-02,4.877545e-02,2.035195e-03,6.674593e-03,7.490211e-02,1.690044e-01,1.774761e-03,6.278423e-03
4.212362e-01,6.460598e-03,1.163964e-02,3.779788e-02,7.743304e-02,1.592503e-01,2.894419e-02,1.940022e-02,3.683553e-02,1.581453e-03,4.984741e-03,5.579218e-02,1.317649e-01,1.382831e-03,5.496248e-03
4.655926e-01,6.375907e-03,3.564525e-02,3.258437e-02,5.599367e-02,1.487901e-01,2.668592e-02,1.825604e-02,3.155520e-02,1.713833e-03,4.517958e-03,5.322758e-02,1.121506e-01,1.459177e-03,5.451786e-03
4.767873e-01,7.641299e-03,4.138765e-02,3.037708e-02,4.095782e-02,1.495752e-01,2.275504e-02,1.640174e-02,2.713216e-02,2.067127e-03,5.354186e-03,6.548253e-02,1.021568e-01,1.953346e-03,9.970824e-03
4.264216e-01,7.061085e-03,3.577961e-02,2.471915e-02,2.933822e-02,1.643691e-01,1.829660e-02,1.289985e-02,2.262756e-02,4.107406e-03,7.712432e-03,9.489249e-02,1.382466e-01,2.970407e-03,1.055789e-02
3.236485e-01,6.255997e-03,2.624718e-02,1.890983e-02,2.079845e-02,1.562328e-01,1.320126e-02,9.363546e-03,1.881224e-02,4.708982e-03,9.358477e-03,1.935214e-01,1.861553e-01,3.537869e-03,9.248099e-03
2.347212e-01,5.218947e-03,1.847377e-02,1.389580e-02,1.463863e-02,1.160791e-01,9.319803e-03,6.618898e-03,2.274579e-02,3.951409e-03,9.721413e-03,2.388349e-01,2.955902e-01,3.094293e-03,7.095862e-03
1.701281e-01,4.741712e-03,1.309813e-02,1.005783e-02,1.027732e-02,8.722904e-02,6.659091e-03,4.691133e-03,2.362185e-02,3.902842e-03,1.136978e-02,3.987570e-01,2.473398e-01,2.800467e-03,5.325870e-03
1.283140e-01,3.851949e-03,9.211603e-03,7.144128e-03,7.219088e-03,6.303082e-02,4.763420e-03,3.337829e-03,2.923882e-02,3.682018e-03,1.718089e-02,5.024465e-01,2.145481e-01,2.130235e-03,3.900584e-03
1.139630e-01,4.012711e-03,7.810372e-03,5.299294e-03,5.766468e-03,9.012829e-02,5.470172e-03,4.175914e-03,5.117361e-02,5.924920e-03,1.609384e-02,5.166130e-01,1.690539e-01,1.618531e-03,2.896010e-03
8.103338e-02,2.912491e-03,5.476874e-03,3.728300e-03,4.174627e-03,6.430810e-02,3.870823e-03,2.977517e-03,4.863882e-02,4.890444e-03,1.375048e-02,6.337192e-01,1.273203e-01,1.148760e-03,2.049957e-03
5.688094e-02,2.132835e-03,3.842770e-03,2.615325e-03,2.975546e-03,4.532484e-02,2.717452e-03,2.098899e-03,4.127327e-02,3.727841e-03,1.201393e-02,7.236050e-01,9.852661e-02,8.137641e-04,1.450965e-03
3.984449e-02,1.553634e-03,2.712207e-03,1.837955e-03,2.397540e-03,3.180932e-02,1.922167e-03,1.517093e-03,5.270188e-02,2.934771e-03,1.110048e-02,7.609755e-01,8.707128e-02,5.785498e-04,1.043111e-03
2.797161e-02,1.125759e-03,1.916466e-03,1.297902e-03,1.931203e-03,2.254129e-02,1.354124e-03,1.128890e-03,4.753419e-02,2.430178e-03,9.524463e-03,8.073738e-01,7.271163e-02,4.198582e-04,7.386266e-04
1.971399e-02,1.005492e-03,1.412406e-03,9.405243e-04,2.210570e-03,1.628113e-02,9.701502e-04,1.043091e-03,7.084645e-02,2.116450e-03,7.775954e-03,8.177783e-01,5.704138e-02,3.322667e-04,5.317247e-04
1.386711e-02,8.476988e-04,1.007091e-03,6.764625e-04,3.467548e-03,1.145768e-02,7.140716e-04,9.001002e-04,1.289519e-01,1.723428e-03,6.372847e-03,7.809272e-01,4.846036e-02,2.463722e-04,3.801565e-04
9.821131e-03,8.173028e-04,7.657019e-04,5.043499e-04,7.344477e-03,8.291193e-03,5.747965e-04,8.568775e-04,1.952536e-01,1.540786e-03,5.321227e-03,7.259963e-01,4.244057e-02,1.925850e-04,2.791441e-04
7.321883e-03,7.983211e-04,5.957506e-04,4.559672e-04,1.284020e-02,6.029734e-03,5.481769e-04,1.949327e-03,2.637113e-01,1.559678e-03,4.428832e-03,6.613796e-01,3.801192e-02,1.630686e-04,2.062133e-04
5.397429e-03,7.711533e-04,4.595879e-04,3.674494e-04,2.485193e-02,4.245074e-03,4.701104e-04,2.225391e-03,3.935150e-01,1.304088e-03,3.447679e-03,5.317600e-01,3.091357e-02,1.228402e-04,1.486688e-04
4.141616e-03,1.002723e-03,3.733393e-04,2.882436e-04,2.156435e-02,3.121780e-03,3.541199e-04,3.285999e-03,4.206284e-01,1.479728e-03,2.943066e-03,5.121955e-01,2.840747e-02,1.047719e-04,1.088204e-04
3.021190e-03,8.938593e-04,2.816946e-04,2.393318e-04,2.277585e-02,2.211891e-03,2.761099e-04,3.256254e-03,5.481797e-01,1.157036e-03,2.305146e-03,3.919870e-01,2.326249e-02,7.508453e-05,7.727506e-05
2.234052e-03,7.832813e-04,3.505614e-04,3.383973e-04,4.489047e-02,1.581748e-03,3.951296e-04,5.849619e-03,6.398373e-01,8.471228e-04,1.739643e-03,2.831523e-01,1.789212e-02,5.365220e-05,5.457934e-05
1.763114e-03,5.984803e-04,6.074143e-04,6.804072e-04,7.037175e-02,1.172321e-03,8.972607e-04,4.005127e-02,6.658900e-01,6.160371e-04,1.380395e-03,2.021092e-01,1.378375e-02,3.866980e-05,3.984510e-05
1.871738e-03,5.085277e-04,1.568906e-03,2.036068e-03,9.773709e-02,1.327829e-03,9.582976e-04,4.847860e-02,6.907232e-01,4.736767e-04,1.047962e-03,1.430969e-01,1.011104e-02,2.880925e-05,3.135405e-05
3.232610e-03,5.071158e-04,2.013432e-03,2.594749e-03,1.449974e-01,1.350231e-03,8.883753e-04,5.453642e-02,6.807120e-01,3.451341e-04,8.802576e-04,1.005995e-01,7.269667e-03,2.469133e-05,4.836575e-05
6.286854e-03,7.349882e-04,1.680435e-03,2.525326e-03,2.048228e-01,1.461585e-03,7.485955e-04,4.362855e-02,6.609140e-01,2.668668e-04,7.764357e-04,7.071479e-02,5.203287e-03,2.617359e-05,2.093228e-04
1.143574e-02,3.945034e-03,1.379839e-03,2.108986e-03,2.488908e-01,4.703840e-03,6.337534e-04,3.350855e-02,6.360112e-01,5.531919e-04,7.589449e-04,4.978684e-02,3.862711e-03,1.252370e-04,2.295275e-03
1.516293e-02,4.688452e-03,1.644403e-03,2.195992e-03,3.711979e-01,6.506721e-03,6.592993e-04,3.127385e-02,5.253550e-01,4.587804e-04,7.921646e-04,3.502475e-02,2.784586e-03,1.774770e-04,2.077672e-03
1.770501e-02,4.414947e-03,3.285801e-03,6.334148e-03,4.550666e-01,7.915508e-03,1.205155e-03,5.722937e-02,4.170076e-01,3.948246e-04,7.194132e-04,2.470417e-02,2.021114e-03,1.474424e-04,1.848906e-03
2.924960e-02,6.163116e-03,7.169584e-03,2.144579e-02,4.845169e-01,1.209446e-02,1.875142e-03,7.016841e-02,3.418822e-01,7.406635e-04,9.443596e-04,1.808078e-02,1.628401e-03,1.520042e-04,3.888630e-03
3.803626e-02,5.773783e-03,9.590711e-03,1.741900e-02,5.211564e-01,1.651245e-02,1.584245e-03,5.293762e-02,3.166654e-01,1.382557e-03,1.003715e-03,1.298289e-02,1.235035e-03,2.392958e-04,3.480617e-03
5.102482e-02,7.039526e-03,9.621169e-03,1.490088e-02,5.496722e-01,2.122833e-02,1.674157e-03,4.308685e-02,2.807790e-01,3.323253e-03,2.329480e-03,9.723938e-03,1.113073e-03,9.524751e-04,3.530819e-03
8.299103e-02,1.066023e-02,9.520740e-03,6.754425e-02,4.937452e-01,2.051911e-02,2.288424e-03,6.105381e-02,2.274370e-01,3.170113e-03,3.450940e-03,9.457415e-03,1.268354e-03,9.152386e-04,5.978128e-03
7.468393e-02,8.799246e-03,7.930841e-03,1.231560e-01,5.238059e-01,2.066913e-02,1.042606e-02,4.546209e-02,1.663086e-01,2.533525e-03,2.663540e-03,7.055683e-03,1.075053e-03,6.746896e-04,4.755640e-03
1.832617e-01,1.070712e-02,1.707110e-02,1.127319e-01,4.528762e-01,2.093924e-02,8.264921e-03,4.032987e-02,1.289259e-01,3.196981e-03,3.906596e-03,8.760411e-03,2.689552e-03,9.421499e-04,5.396311e-03
3.052403e-01,1.371154e-02,1.910149e-02,8.405064e-02,3.752501e-01,2.184105e-02,6.515282e-03,3.147498e-02,9.318033e-02,4.749523e-03,6.107826e-03,7.424608e-03,3.853952e-03,3.952786e-03,2.354552e-02
2.570619e-01,1.122216e-02,2.232572e-02,6.061134e-02,3.394466e-01,1.754095e-02,4.733716e-03,2.221709e-02,6.575602e-02,7.820178e-03,9.541010e-03,5.304154e-03,3.246046e-03,6.439870e-02,1.087743e-01
2.366609e-01,9.707596e-03,2.559665e-02,4.487447e-02,2.858200e-01,1.596693e-02,3.502099e-03,1.622907e-02,4.700039e-02,1.326081e-02,9.422484e-03,3.798663e-03,2.921341e-03,8.068092e-02,2.045576e-01
2.065529e-01,8.653852e-03,3.025522e-02,3.192860e-02,2.514372e-01,1.561777e-02,2.796920e-03,1.216803e-02,3.342421e-02,1.768674e-02,8.318086e-03,2.786482e-03,2.618819e-03,9.576599e-02,2.799891e-01
1.866043e-01,1.166431e-02,2.534698e-02,2.274477e-02,1.928827e-01,2.587016e-02,2.213066e-03,8.828252e-03,2.537494e-02,1.689786e-02,7.271380e-03,2.253761e-03,2.513418e-03,1.509483e-01,3.185858e-01
1.439223e-01,1.258298e-02,2.015111e-02,1.607477e-02,1.468633e-01,2.884971e-02,1.595909e-03,6.267217e-03,1.926493e-02,1.272494e-02,6.147084e-03,1.683303e-03,2.322751e-03,2.588463e-01,3.227035e-01
1.039164e-01,1.201229e-02,1.574635e-02,1.140270e-02,1.102404e-01,3.491024e-02,1.173836e-03,4.489140e-03,1.679433e-02,1.050517e-02,8.563894e-03,1.969662e-03,3.281446e-03,3.633392e-01,3.016550e-01
8.708289e-02,1.192288e-02,1.264567e-02,8.235802e-03,8.135493e-02,5.917056e-02,9.452261e-04,3.386869e-03,1.412320e-02,8.680855e-03,1.732853e-02,1.881700e-03,3.424400e-03,4.433780e-01,2.464384e-01
7.186554e-02,1.240280e-02,1.006241e-02,5.964144e-03,5.909448e-02,1.351871e-01,7.305788e-04,2.499123e-03,1.127335e-02,6.595734e-03,1.814831e-02,1.689883e-03,3.186496e-03,4.672369e-01,1.940631e-01
5.637971e-02,9.218831e-03,7.255078e-03,4.226361e-03,4.241634e-02,1.586603e-01,5.654400e-04,1.819902e-03,9.869930e-03,4.979292e-03,3.181043e-02,1.599812e-03,3.295603e-03,5.240779e-01,1.438251e-01
4.195882e-02,6.686655e-03,5.226659e-03,2.982471e-03,3.022994e-02,1.309059e-01,4.307019e-04,1.327685e-03,1.181921e-02,4.630734e-03,4.210517e-02,1.917169e-03,3.757294e-03,6.082500e-01,1.077717e-01
3.066256e-02,5.674363e-03,3.888207e-03,2.127920e-03,2.136889e-02,9.307372e-02,3.236253e-04,9.490092e-04,2.004553e-02,7.872250e-03,4.256022e-02,1.639292e-03,3.085280e-03,6.823379e-01,8.439127e-02
3.372291e-02,1.236477e-02,4.748589e-03,1.876387e-03,1.834298e-02,6.646924e-02,2.960503e-04,8.047910e-04,4.513494e-02,1.742190e-02,3.660771e-02,1.486870e-03,3.824646e-03,6.860209e-01,7.087740e-02
3.097533e-02,2.419317e-02,7.136087e-03,1.829457e-03,1.947716e-02,4.779873e-02,2.573993e-04,7.130558e-04,8.941622e-02,2.430210e-02,2.908385e-02,1.281110e-03,4.128895e-03,6.584542e-01,6.095327e-02
2.358808e-02,1.007008e-01,4.211996e-02,4.031130e-03,2.078783e-02,3.459860e-02,3.363297e-04,7.288437e-04,1.517251e-01,2.759144e-02,2.334183e-02,1.144907e-03,3.700145e-03,4.805126e-01,8.509240e-02
1.767609e-02,2.036206e-01,4.535413e-02,3.719734e-03,2.119831e-02,2.604996e-02,2.981118e-04,1.260044e-03,1.680251e-01,2.522340e-02,1.787628e-02,9.833404e-04,3.938014e-03,3.694156e-01,9.536120e-02
