1.000000e+00,0.000000e+00,0.000000e+00,0.000000e+00,0.000000e+00,0.000000e+00,0.000000e+00,0.000000e+00,0.000000e+00,0.000000e+00,0.000000e+00,0.000000e+00,0.000000e+00,0.000000e+00,0.000000e+00
1.000000e+00,0.000000e+00,0.000000e+00,0.000000e+00,0.000000e+00,0.000000e+00,0.000000e+00,0.000000e+00,0.000000e+00,0.000000e+00,0.000000e+00,0.000000e+00,0.000000e+00,0.000000e+00,0.000000e+00
1.000000e+00,0.000000e+00,0.000000e+00,0.000000e+00,0.000000e+00,0.000000e+00,0.000000e+00,0.000000e+00,0.000000e+00,0.000000e+00,0.000000e+00,0.000000e+00,0.000000e+00,0.000000e+00,0.000000e+00
1.000000e+00,0.000000e+00,0.000000e+00,0.000000e+00,0.000000e+00,0.000000e+00,0.000000e+00,0.000000e+00,0.000000e+00,0.000000e+00,0.000000e+00,0.000000e+00,0.000000e+00,0.000000e+00,0.000000e+00
1.000000e+00,0.000000e+00,0.000000e+00,0.000000e+00,0.000000e+00,0.000000e+00,0.000000e+00,0.000000e+00,0.000000e+00,0.000000e+00,0.000000e+00,0.000000e+00,0.000000e+00,0.000000e+00,0.000000e+00
1.000000e+00,0.000000e+00,0.000000e+00,0.000000e+00,0.000000e+00,0.000000e+00,0.000000e+00,0.000000e+00,0.000000e+00,0.000000e+00,0.000000e+00,0.000000e+00,0.000000e+00,0.000000e+00,0.000000e+00
1.000000e+00,0.000000e+00,0.000000e+00,0.000000e+00,0.000000e+00,0.000000e+00,0.000000e+00,0.000000e+00,0.000000e+00,0.000000e+00,0.000000e+00,0.000000e+00,0.000000e+00,0.000000e+00,0.000000e+00
1.000000e+00,0.000000e+00,0.000000e+00,0.000000e+00,0.000000e+00,0.000000e+00,0.000000e+00,0.000000e+00,0.000000e+00,0.000000e+00,0.000000e+00,0.000000e+00,0.000000e+00,0.000000e+00,0.000000e+00
1.000000e+00,0.000000e+00,0.000000e+00,0.000000e+00,0.000000e+00,0.000000e+00,0.000000e+00,0.000000e+00,0.000000e+00,0.000000e+00,0.000000e+00,0.000000e+00,0.000000e+00,0.000000e+00,0.000000e+00
1.000000e+00,0.000000e+00,0.000000e+00,0.000000e+00,0.000000e+00,0.000000e+00,0.000000e+00,0.000000e+00,0.000000e+00,0.000000e+00,0.000000e+00,0.000000e+00,0.000000e+00,0.000000e+00,0.000000e+00
1.000000e+00,0.000000e+00,0.000000e+00,0.000000e+00,0.000000e+00,0.000000e+00,0.000000e+00,0.000000e+00,0.000000e+00,0.000000e+00,0.000000e+00,0.000000e+00,0.000000e+00,0.000000e+00,0.000000e+00
1.000000e+00,0.000000e+00,0.000000e+00,0.000000e+00,0.000000e+00,0.000000e+00,0.000000e+00,0.000000e+00,0.000000e+00,0.000000e+00,0.000000e+00,0.000000e+00,0.000000e+00,0.000000e+00,0.000000e+00
1.000000e+00,0.000000e+00,0.000000e+00,0.000000e+00,0.000000e+00,0.000000e+00,0.000000e+00,0.000000e+00,0.000000e+00,0.000000e+00,0.000000e+00,0.000000e+00,0.000000e+00,0.000000e+00,0.000000e+00
1.000000e+00,0.000000e+00,0.000000e+00,0.000000e+00,0.000000e+00,0.000000e+00,0.000000e+00,0.000000e+00,0.000000e+00,0.000000e+00,0.000000e+00,0.000000e+00,0.000000e+00,0.000000e+00,0.000000e+00
1.000000e+00,0.000000e+00,0.000000e+00,0.000000e+00,0.000000e+00,0.000000e+00,0.000000e+00,0.000000e+00,0.000000e+00,0.000000e+00,0.000000e+00,0.000000e+00,0.000000e+00,0.000000e+00,0.000000e+00
1.000000e+00,0.000000e+00,0.000000e+00,0.000000e+00,0.000000e+00,0.000000e+00,0.000000e+00,0.000000e+00,0.000000e+00,0.000000e+00,0.000000e+00,0.000000e+00,0.000000e+00,0.000000e+00,0.000000e+00
1.000000e+00,0.000000e+00,0.000000e+00,0.000000e+00,0.000000e+00,0.000000e+00,0.000000e+00,0.000000e+00,0.000000e+00,0.000000e+00,0.000000e+00,0.000000e+00,0.000000e+00,0.000000e+00,0.000000e+00
1.000000e+00,0.000000e+00,0.000000e+00,0.000000e+00,0.000000e+00,0.000000e+00,0.000000e+00,0.000000e+00,0.000000e+00,0.000000e+00,0.000000e+00,0.000000e+00,0.000000e+00,0.000000e+00,0.000000e+00
1.000000e+00,0.000000e+00,0.000000e+00,0.000000e+00,0.000000e+00,0.000000e+00,0.000000e+00,0.000000e+00,0.000000e+00,0.000000e+00,0.000000e+00,0.000000e+00,0.000000e+00,0.000000e+00,0.000000e+00
1.000000e+00,0.000000e+00,0.000000e+00,0.000000e+00,0.000000e+00,0.000000e+00,0.000000e+00,0.000000e+00,0.000000e+00,0.000000e+00,0.000000e+00,0.000000e+00,0.000000e+00,0.000000e+00,0.000000e+00
1.000000e+00,0.000000e+00,0.000000e+00,0.000000e+00,0.000000e+00,0.000000e+00,0.000000e+00,0.000000e+00,0.000000e+00,0.000000e+00,0.000000e+00,0.000000e+00,0.000000e+00,0.000000e+00,0.000000e+00
1.000000e+00,0.000000e+00,0.000000e+00,0.000000e+00,0.000000e+00,0.000000e+00,0.000000e+00,0.000000e+00,0.000000e+00,0.000000e+00,0.000000e+00,0.000000e+00,0.000000e+00,0.000000e+00,0.000000e+00
1.000000e+00,0.000000e+00,0.000000e+00,0.000000e+00,0.000000e+00,0.000000e+00,0.000000e+00,0.000000e+00,0.000000e+00,0.000000e+00,0.000000e+00,0.000000e+00,0.000000e+00,0.000000e+00,0.000000e+00
1.000000e+00,0.000000e+00,0.000000e+00,0.000000e+00,0.000000e+00,0.000000e+00,0.000000e+00,0.000000e+00,0.000000e+00,0.000000e+00,0.000000e+00,0.000000e+00,0.000000e+00,0.000000e+00,0.000000e+00
1.000000e+00,0.000000e+00,0.000000e+00,0.000000e+00,0.000000e+00,0.000000e+00,0.000000e+00,0.000000e+00,0.000000e+00,0.000000e+00,0.000000e+00,0.000000e+00,0.000000e+00,0.000000e+00,0.000000e+00
1.000000e+00,0.000000e+00,0.000000e+00,0.000000e+00,0.000000e+00,0.000000e+00,0.000000e+00,0.000000e+00,0.000000e+00,0.000000e+00,0.000000e+00,0.000000e+00,0.000000e+00,0.000000e+00,0.000000e+00
1.000000e+00,0.000000e+00,0.000000e+00,0.000000e+00,0.000000e+00,0.000000e+00,0.000000e+00,0.000000e+00,0.000000e+00,0.000000e+00,0.000000e+00,0.000000e+00,0.000000e+00,0.000000e+00,0.000000e+00
1.000000e+00,0.000000e+00,0.000000e+00,0.000000e+00,0.000000e+00,0.000000e+00,0.000000e+00,0.000000e+00,0.000000e+00,0.000000e+00,0.000000e+00,0.000000e+00,0.000000e+00,0.000000e+00,0.000000e+00
1.000000e+00,0.000000e+00,0.000000e+00,0.000000e+00,0.000000e+00,0.000000e+00,0.000000e+00,0.000000e+00,0.000000e+00,0.000000e+00,0.000000e+00,0.000000e+00,0.000000e+00,0.000000e+00,0.000000e+00
1.000000e+00,0.000000e+00,0.000000e+00,0.000000e+00,0.000000e+00,0.000000e+00,0.000000e+00,0.000000e+00,0.000000e+00,0.000000e+00,0.000000e+00,0.000000e+00,0.000000e+00,0.000000e+00,0.000000e+00
1.000000e+00,0.000000e+00,0.000000e+00,0.000000e+00,0.000000e+00,0.000000e+00,0.000000e+00,0.000000e+00,0.000000e+00,0.000000e+00,0.000000e+00,0.000000e+00,0.000000e+00,0.000000e+00,0.000000e+00
1.000000e+00,0.000000e+00,0.000000e+00,0.000000e+00,0.000000e+00,0.000000e+00,0.000000e+00,0.000000e+00,0.000000e+00,0.000000e+00,0.000000e+00,0.000000e+00,0.000000e+00,0.000000e+00,0.000000e+00
1.000000e+00,0.000000e+00,0.000000e+00,0.000000e+00,0.000000e+00,0.000000e+00,0.000000e+00,0.000000e+00,0.000000e+00,0.000000e+00,0.000000e+00,0.000000e+00,0.000000e+00,0.000000e+00,0.000000e+00
1.000000e+00,0.000000e+00,0.000000e+00,0.000000e+00,0.000000e+00,0.000000e+00,0.000000e+00,0.000000e+00,0.000000e+00,0.000000e+00,0.000000e+00,0.000000e+00,0.000000e+00,0.000000e+00,0.000000e+00
1.000000e+00,0.000000e+00,0.000000e+00,0.000000e+00,0.000000e+00,0.000000e+00,0.000000e+00,0.000000e+00,0.000000e+00,0.000000e+00,0.000000e+00,0.000000e+00,0.000000e+00,0.000000e+00,0.000000e+00
1.000000e+00,0.000000e+00,0.000000e+00,0.000000e+00,0.000000e+00,0.000000e+00,0.000000e+00,0.000000e+00,0.000000e+00,0.000000e+00,0.000000e+00,0.000000e+00,0.000000e+00,0.000000e+00,0.000000e+00
1.000000e+00,0.000000e+00,0.000000e+00,0.000000e+00,0.000000e+00,0.000000e+00,0.000000e+00,0.000000e+00,0.000000e+00,0.000000e+00,0.000000e+00,0.000000e+00,0.000000e+00,0.000000e+00,0.000000e+00
1.000000e+00,0.000000e+00,0.000000e+00,0.000000e+00,0.000000e+00,0.000000e+00,0.000000e+00,0.000000e+00,0.000000e+00,0.000000e+00,0.000000e+00,0.000000e+00,0.000000e+00,0.000000e+00,0.000000e+00
1.000000e+00,0.000000e+00,0.000000e+00,0.000000e+00,0.000000e+00,0.000000e+00,0.000000e+00,0.000000e+00,0.000000e+00,0.000000e+00,0.000000e+00,0.000000e+00,0.000000e+00,0.000000e+00,0.000000e+00
1.000000e+00,0.000000e+00,0.000000e+00,0.000000e+00,0.000000e+00,0.000000e+00,0.000000e+00,0.000000e+00,0.000000e+00,0.000000e+00,0.000000e+00,0.000000e+00,0.000000e+00,0.000000e+00,0.000000e+00
1.000000e+00,0.000000e+00,0.000000e+00,0.000000e+00,0.000000e+00,0.000000e+00,0.000000e+00,0.000000e+00,0.000000e+00,0.000000e+00,0.000000e+00,0.000000e+00,0.000000e+00,0.000000e+00,0.000000e+00
1.000000e+00,0.000000e+00,0.000000e+00,0.000000e+00,0.000000e+00,0.000000e+00,0.000000e+00,0.000000e+00,0.000000e+00,0.000000e+00,0.000000e+00,0.000000e+00,0.000000e+00,0.000000e+00,0.000000e+00
1.000000e+00,0.000000e+00,0.000000e+00,0.000000e+00,0.000000e+00,0.000000e+00,0.000000e+00,0.000000e+00,0.000000e+00,0.000000e+00,0.000000e+00,0.000000e+00,0.000000e+00,0.000000e+00,0.000000e+00
1.000000e+00,0.000000e+00,0.000000e+00,0.000000e+00,0.000000e+00,0.000000e+00,0.000000e+00,0.000000e+00,0.000000e+00,0.000000e+00,0.000000e+00,0.000000e+00,0.000000e+00,0.000000e+00,0.000000e+00
1.000000e+00,0.000000e+00,0.000000e+00,0.000000e+00,0.000000e+00,0.000000e+00,0.000000e+00,0.000000e+00,0.000000e+00,0.000000e+00,0.000000e+00,0.000000e+00,0.000000e+00,0.000000e+00,0.000000e+00
1.000000e+00,0.000000e+00,0.000000e+00,0.000000e+00,0.000000e+00,0.000000e+00,0.000000e+00,0.000000e+00,0.000000e+00,0.000000e+00,0.000000e+00,0.000000e+00,0.000000e+00,0.000000e+00,0.000000e+00
1.000000e+00,0.000000e+00,0.000000e+00,0.000000e+00,0.000000e+00,0.000000e+00,0.000000e+00,0.000000e+00,0.000000e+00,0.000000e+00,0.000000e+00,0.000000e+00,0.000000e+00,0.000000e+00,0.000000e+00
1.000000e+00,0.000000e+00,0.000000e+00,0.000000e+00,0.000000e+00,0.000000e+00,0.000000e+00,0.000000e+00,0.000000e+00,0.000000e+00,0.000000e+00,0.000000e+00,0.000000e+00,0.000000e+00,0.000000e+00
1.000000e+00,0.000000e+00,0.000000e+00,0.000000e+00,0.000000e+00,0.000000e+00,0.000000e+00,0.000000e+00,0.000000e+00,0.000000e+00,0.000000e+00,0.000000e+00,0.000000e+00,0.000000e+00,0.000000e+00
1.000000e+00,0.000000e+00,0.000000e+00,0.000000e+00,0.000000e+00,0.000000e+00,0.000000e+00,0.000000e+00,0.000000e+00,0.000000e+00,0.000000e+00,0.000000e+00,0.000000e+00,0.000000e+00,0.000000e+00
1.000000e+00,0.000000e+00,0.000000e+00,0.000000e+00,0.000000e+00,0.000000e+00,0.000000e+00,0.000000e+00,0.000000e+00,0.000000e+00,0.000000e+00,0.000000e+00,0.000000e+00,0.000000e+00,0.000000e+00
1.000000e+00,0.000000e+00,0.000000e+00,0.000000e+00,0.000000e+00,0.000000e+00,0.000000e+00,0.000000e+00,0.000000e+00,0.000000e+00,0.000000e+00,0.000000e+00,0.000000e+00,0.000000e+00,0.000000e+00
1.000000e+00,0.000000e+00,0.000000e+00,0.000000e+00,0.000000e+00,0.000000e+00,0.000000e+00,0.000000e+00,0.000000e+00,0.000000e+00,0.000000e+00,0.000000e+00,0.000000e+00,0.000000e+00,0.000000e+00
1.000000e+00,0.000000e+00,0.000000e+00,0.000000e+00,0.000000e+00,0.000000e+00,0.000000e+00,0.000000e+00,0.000000e+00,0.000000e+00,0.000000e+00,0.000000e+00,0.000000e+00,0.000000e+00,0.000000e+00
1.000000e+00,0.000000e+00,0.000000e+00,0.000000e+00,0.000000e+00,0.000000e+00,0.000000e+00,0.000000e+00,0.000000e+00,0.000000e+00,0.000000e+00,0.000000e+00,0.000000e+00,0.000000e+00,0.000000e+00
1.000000e+00,0.000000e+00,0.000000e+00,0.000000e+00,0.000000e+00,0.000000e+00,0.000000e+00,0.000000e+00,0.000000e+00,0.000000e+00,0.000000e+00,0.000000e+00,0.000000e+00,0.000000e+00,0.000000e+00
1.000000e+00,0.000000e+00,0.000000e+00,0.000000e+00,0.000000e+00,0.000000e+00,0.000000e+00,0.000000e+00,0.000000e+00,0.000000e+00,0.000000e+00,0.000000e+00,0.000000e+00,0.000000e+00,0.000000e+00
4.469541e-01,9.356170e-03,6.058870e-02,4.563960e-02,4.399255e-03,1.966227e-01,3.472148e-02,7.532229e-02,3.369703e-03,7.913259e-04,1.136230e-02,7.414035e-02,2.600284e-02,1.814163e-03,8.915002e-03
4.017293e-01,6.732374e-03,7.520044e-02,3.820005e-02,3.352940e-03,1.919401e-01,9.647842e-02,8.945872e-02,2.486492e-03,6.237366e-04,8.114332e-03,5.490498e-02,2.275867e-02,1.341736e-03,6.677610e-03
3.647237e-01,4.826687e-03,8.431911e-02,3.276550e-02,2.509960e-03,1.603272e-01,1.038465e-01,1.759210e-01,1.831356e-03,5.074149e-04,5.787873e-03,3.926395e-02,1.716432e-02,1.013585e-03,5.191753e-03
3.208078e-01,3.536541e-03,6.474341e-02,2.398548e-02,1.903986e-03,1.477568e-01,1.388107e-01,2.449949e-01,1.360732e-03,3.845514e-04,4.121952e-03,2.817303e-02,1.443640e-02,7.567732e-04,4.226897e-03
2.736527e-01,2.592615e-03,4.846415e-02,1.733205e-02,1.441007e-03,1.275699e-01,1.243343e-01,3.653185e-01,1.006985e-03,2.887629e-04,2.956190e-03,2.013167e-02,1.104118e-02,5.620659e-04,3.307857e-03
2.281277e-01,1.952913e-03,3.569617e-02,1.259815e-02,1.219143e-03,9.821063e-02,1.104304e-01,4.821149e-01,7.592287e-04,2.211345e-04,2.134059e-03,1.448982e-02,8.698978e-03,4.240687e-04,2.922697e-03
1.942243e-01,1.569728e-03,2.685986e-02,9.209178e-03,1.139845e-03,7.842983e-02,1.148132e-01,5.487259e-01,5.918765e-04,1.798988e-04,1.569100e-03,1.094115e-02,8.380649e-03,3.351365e-04,3.030344e-03
1.921230e-01,1.560214e-03,2.283118e-02,7.168470e-03,1.641325e-03,6.556765e-02,1.204605e-01,5.593988e-01,5.871026e-04,2.147673e-04,1.368968e-03,1.067976e-02,1.177906e-02,4.127920e-04,4.206370e-03
1.839998e-01,1.446924e-03,1.763085e-02,5.681181e-03,2.202179e-03,5.286800e-02,1.109410e-01,5.938224e-01,5.594327e-04,2.070622e-04,1.303361e-03,1.143480e-02,1.266783e-02,5.039280e-04,4.731208e-03
1.847417e-01,1.314565e-03,1.417709e-02,4.591321e-03,2.427595e-03,4.641896e-02,1.019236e-01,6.107507e-01,5.097309e-04,2.049042e-04,1.176143e-03,1.312730e-02,1.311415e-02,5.242616e-04,4.998024e-03
2.047116e-01,1.317798e-03,1.144208e-02,5.464660e-03,2.681857e-03,6.150921e-02,8.239751e-02,5.836046e-01,8.187699e-04,2.651802e-04,1.392858e-03,1.887055e-02,1.853442e-02,6.492682e-04,6.339603e-03
2.359138e-01,1.291569e-03,9.470753e-03,5.813879e-03,2.890288e-03,5.674433e-02,6.372423e-02,5.675868e-01,8.176760e-04,2.673964e-04,1.546646e-03,2.763492e-02,1.899277e-02,7.727441e-04,6.532209e-03
2.701555e-01,1.495549e-03,7.949947e-03,6.810182e-03,3.066575e-03,5.091555e-02,5.042544e-02,5.478183e-01,8.379515e-04,2.959041e-04,1.899951e-03,3.256693e-02,1.831758e-02,9.068528e-04,6.537752e-03
2.567155e-01,1.352909e-03,6.867891e-03,5.760421e-03,2.683465e-03,4.240602e-02,3.921139e-02,5.905219e-01,6.809215e-04,2.832081e-04,1.752780e-03,2.964076e-02,1.565066e-02,8.643529e-04,5.607876e-03
2.626083e-01,1.499064e-03,6.259763e-03,6.243614e-03,2.773235e-03,3.896516e-02,3.033501e-02,5.937253e-01,7.340505e-04,3.878857e-04,2.025105e-03,3.184225e-02,1.572535e-02,1.018481e-03,5.857446e-03
2.213258e-01,1.148736e-03,4.511937e-03,5.274501e-03,2.572523e-03,2.940136e-02,2.207123e-02,6.328750e-01,8.895700e-04,4.961633e-04,3.234074e-03,4.108717e-02,2.949657e-02,1.245260e-03,4.370130e-03
1.552234e-01,8.155839e-04,3.190430e-03,4.053503e-03,2.009298e-03,2.067286e-02,1.560386e-02,5.397324e-01,6.553787e-04,6.328247e-04,2.349704e-02,1.930811e-01,3.187461e-02,5.878124e-03,3.079617e-03
1.089036e-01,5.907092e-04,2.250049e-03,2.935040e-03,1.616046e-03,1.449920e-02,1.105350e-02,3.842064e-01,5.171281e-04,1.428011e-03,3.179066e-02,3.973309e-01,3.098488e-02,9.713571e-03,2.180249e-03
7.643367e-02,4.332118e-04,1.579872e-03,2.093090e-03,1.525353e-03,1.026552e-02,8.150540e-03,2.712992e-01,5.763887e-04,1.325910e-03,5.458108e-02,5.368075e-01,2.231591e-02,1.107445e-02,1.538268e-03
5.363947e-02,3.284065e-04,1.113889e-03,1.488886e-03,1.480274e-03,7.275872e-03,5.933051e-03,1.912191e-01,7.109217e-04,9.867306e-04,1.290609e-01,5.761695e-01,1.581676e-02,1.369219e-02,1.083939e-03
3.760773e-02,4.744947e-04,8.023686e-04,1.092939e-03,1.839005e-03,5.159062e-03,4.348915e-03,1.343159e-01,9.568608e-04,9.511191e-04,1.527975e-01,6.311567e-01,1.132103e-02,1.640917e-02,7.672099e-04
2.637888e-02,5.091159e-04,5.841322e-04,8.040076e-04,2.092467e-03,3.696868e-03,3.188885e-03,9.425158e-02,1.304750e-03,9.892087e-04,2.171187e-01,6.232371e-01,8.059477e-03,1.723409e-02,5.507690e-04
1.858593e-02,5.146714e-04,4.240340e-04,6.086392e-04,1.870393e-03,2.622453e-03,2.313566e-03,6.618953e-02,1.611863e-03,9.911999e-04,1.905207e-01,6.839743e-01,6.055927e-03,2.330964e-02,4.070702e-04
1.314854e-02,7.161839e-04,3.202477e-04,4.672113e-04,2.753908e-03,1.883356e-03,1.725275e-03,4.657508e-02,2.031376e-03,2.610848e-03,2.494353e-01,6.339495e-01,4.886579e-03,3.915199e-02,3.446361e-04
9.280735e-03,9.313226e-04,2.531660e-04,4.178863e-04,4.724368e-03,1.382683e-03,1.309298e-03,3.269780e-02,3.743892e-03,2.657702e-03,3.022680e-01,5.890312e-01,4.494191e-03,4.642550e-02,3.822326e-04
6.560819e-03,2.263219e-03,2.793050e-04,3.071463e-04,6.711958e-03,1.044358e-03,1.042702e-03,2.297419e-02,6.827120e-03,2.893635e-03,3.378408e-01,5.510492e-01,4.323702e-03,5.549342e-02,3.884716e-04
4.629316e-03,2.787914e-03,3.550007e-04,2.275382e-04,6.221700e-03,7.725598e-04,7.499021e-04,1.613740e-02,1.462375e-02,2.416644e-03,3.193317e-01,5.656868e-01,3.662718e-03,6.209747e-02,2.995999e-04
3.348331e-03,2.698081e-03,5.239556e-04,1.818096e-04,5.089597e-03,8.916081e-04,5.342089e-04,1.132780e-02,1.495818e-02,2.038632e-03,4.236194e-01,4.672240e-01,3.033539e-03,6.425416e-02,2.766537e-04
2.403093e-03,2.110719e-03,7.300680e-04,1.763677e-04,4.434962e-03,8.137206e-04,3.774194e-04,7.972566e-03,5.558591e-02,1.560012e-03,5.092335e-01,3.617738e-01,2.248879e-03,5.034574e-02,2.332375e-04
1.842414e-03,2.583927e-03,3.042969e-03,3.134592e-04,3.842531e-03,2.433285e-03,2.768043e-04,5.725916e-03,7.518266e-02,1.552594e-03,5.706289e-01,2.902445e-01,1.707725e-03,4.028585e-02,3.365151e-04
1.461850e-03,6.840798e-03,2.682403e-03,4.168034e-04,3.534663e-03,2.583693e-03,2.056820e-04,4.240562e-03,7.821180e-02,1.850979e-03,6.515604e-01,2.112633e-01,1.291868e-03,3.331707e-02,5.381670e-04
1.361948e-03,9.276971e-03,2.961161e-03,1.074193e-03,3.142257e-03,2.065065e-03,1.568495e-04,3.305973e-03,9.546296e-02,1.890828e-03,7.021552e-01,1.508074e-01,9.553664e-04,2.481193e-02,5.719451e-04
1.596679e-03,9.716909e-03,3.659801e-03,1.664597e-03,2.827468e-03,1.739504e-03,1.179987e-04,2.639951e-03,1.050401e-01,2.048274e-03,7.420439e-01,1.062220e-01,7.175677e-04,1.942701e-02,5.382492e-04
2.366006e-03,8.152890e-03,2.996701e-03,1.649172e-03,8.825681e-03,2.348445e-03,9.831638e-05,2.713759e-03,1.631142e-01,4.114809e-03,7.089195e-01,7.474312e-02,6.156001e-04,1.615050e-02,3.191292e-03
3.126582e-03,9.958461e-03,2.555882e-03,1.583719e-03,9.815291e-03,5.304939e-03,7.476997e-05,2.520310e-03,2.741095e-01,6.179584e-03,6.093376e-01,5.278051e-02,6.616833e-04,1.507070e-02,6.920514e-03
7.605250e-03,8.979743e-03,2.246963e-03,1.804039e-03,9.556681e-03,6.653816e-03,6.478289e-05,2.553393e-03,3.360046e-01,7.106421e-03,5.495657e-01,3.745544e-02,6.779021e-04,1.477264e-02,1.495261e-02
1.029317e-02,8.197108e-03,2.056201e-03,2.773363e-03,1.054527e-02,9.248374e-03,5.632576e-05,2.278595e-03,3.910740e-01,7.703290e-03,4.931881e-01,2.665127e-02,6.829863e-04,1.365029e-02,2.160163e-02
1.202744e-02,7.278346e-03,2.390945e-03,9.112949e-03,1.423263e-02,1.232381e-02,5.412749e-05,2.666835e-03,3.907818e-01,9.239773e-03,4.817889e-01,1.928343e-02,6.587165e-04,1.142466e-02,2.673565e-02
1.346139e-02,6.106375e-03,1.730715e-03,8.391598e-03,2.016729e-02,1.292929e-02,7.330552e-05,2.268506e-03,4.284842e-01,6.769152e-03,4.535277e-01,1.395493e-02,7.343736e-04,9.930225e-03,2.147084e-02
1.315681e-02,8.458063e-03,1.562478e-03,9.926977e-03,2.040584e-02,1.742109e-02,1.090591e-04,3.733341e-03,4.525788e-01,7.402250e-03,4.041778e-01,1.096863e-02,9.193554e-04,1.272797e-02,3.645150e-02
1.739381e-02,1.990814e-02,2.272377e-03,8.995334e-03,1.599030e-02,2.203956e-02,1.631125e-04,3.754630e-03,4.094450e-01,1.141479e-02,3.018344e-01,9.272780e-03,1.637253e-03,2.997054e-02,1.459079e-01
2.477639e-02,1.918071e-02,4.518240e-03,1.276361e-02,2.198773e-02,3.714548e-02,4.471581e-04,1.487750e-02,4.752012e-01,9.716792e-03,2.276600e-01,7.810645e-03,1.801247e-03,2.779534e-02,1.143178e-01
2.095894e-02,2.822665e-02,1.688168e-02,1.298194e-02,2.795467e-02,4.711717e-02,5.190439e-04,1.424282e-02,4.887897e-01,1.452417e-02,1.620680e-01,5.594905e-03,1.802233e-03,2.933970e-02,1.289983e-01
1.570374e-02,3.492868e-02,1.389666e-02,1.405441e-02,2.927790e-02,4.064036e-02,4.635028e-04,1.222697e-02,5.611824e-01,1.516535e-02,1.138624e-01,3.967437e-03,1.468944e-03,2.372980e-02,1.194314e-01
1.281667e-02,3.287836e-02,1.178659e-02,1.106127e-02,3.702603e-02,4.418456e-02,4.396107e-04,1.289879e-02,6.147310e-01,1.341410e-02,8.035918e-02,2.805830e-03,1.200550e-03,2.100225e-02,1.033952e-01
1.578414e-02,2.634876e-02,1.069309e-02,2.006859e-02,1.095775e-01,4.296875e-02,1.000056e-03,4.316236e-02,5.686213e-01,9.714480e-03,5.670309e-02,1.988033e-03,9.743903e-04,1.629716e-02,7.609824e-02
2.296203e-02,3.180503e-02,1.017454e-02,2.050686e-02,1.063420e-01,5.986222e-02,1.065659e-03,4.374467e-02,5.706860e-01,7.300287e-03,4.096451e-02,1.474214e-03,1.000673e-03,1.597440e-02,6.613685e-02
2.866470e-02,3.923609e-02,4.506350e-02,5.132296e-02,1.018865e-01,4.435346e-02,9.558732e-04,7.054110e-02,4.859749e-01,6.721629e-03,2.911590e-02,1.193945e-03,8.999693e-04,1.161178e-02,8.245765e-02
4.015899e-02,3.884959e-02,5.603918e-02,4.987323e-02,1.335271e-01,4.054069e-02,2.089879e-03,9.435923e-02,4.470301e-01,4.912416e-03,2.157261e-02,1.041953e-03,8.962565e-04,9.438614e-03,5.967018e-02
5.030351e-02,5.365098e-02,5.379202e-02,4.343449e-02,1.472878e-01,6.856608e-02,2.156985e-03,8.042054e-02,4.270326e-01,3.547315e-03,1.625571e-02,8.849016e-04,8.866320e-04,7.951993e-03,4.382844e-02
4.948352e-02,4.349902e-02,4.335654e-02,3.484698e-02,2.414192e-01,8.032350e-02,1.910363e-02,6.085589e-02,3.735852e-01,3.315473e-03,1.146490e-02,6.850835e-04,8.332342e-04,5.704328e-03,3.152350e-02
3.737982e-02,3.077155e-02,3.105082e-02,2.462749e-02,4.377579e-01,6.182053e-02,2.685367e-02,4.373553e-02,2.657830e-01,3.202267e-03,8.063234e-03,4.937362e-04,7.679889e-04,4.071881e-03,2.362061e-02
2.699672e-02,2.158717e-02,2.213296e-02,1.735227e-02,4.559445e-01,4.387090e-02,2.367350e-02,3.081376e-02,1.864565e-01,1.411833e-01,6.173710e-03,3.785283e-04,9.346091e-04,3.159367e-03,1.934211e-02
1.889835e-02,1.511343e-02,1.549528e-02,1.215111e-02,3.199784e-01,3.078765e-02,1.890185e-02,2.157278e-02,1.305305e-01,3.930192e-01,4.922950e-03,1.751133e-03,7.172956e-04,2.242938e-03,1.391709e-02
1.322968e-02,1.058174e-02,1.084824e-02,8.521854e-03,2.245314e-01,2.159366e-02,1.741385e-02,1.510389e-02,9.137991e-02,5.620093e-01,6.249733e-03,6.407131e-03,5.787729e-04,1.602175e-03,9.948572e-03
9.261943e-03,7.418696e-03,7.595522e-03,6.100839e-03,1.575335e-01,1.529629e-02,2.368680e-02,1.057609e-02,6.400404e-02,4.561067e-01,1.487525e-01,8.318944e-02,1.253015e-03,1.780757e-03,7.443871e-03
6.490980e-03,5.230679e-03,5.320437e-03,4.555352e-03,1.111894e-01,1.102679e-02,2.920130e-02,7.413247e-03,4.493698e-02,3.587964e-01,2.900349e-01,1.164723e-01,1.637580e-03,2.222080e-03,5.471611e-03
4.554240e-03,3.740758e-03,3.739493e-03,3.222975e-03,7.824769e-02,7.885464e-03,2.217674e-02,5.209616e-03,3.156419e-02,2.546625e-01,4.474850e-01,1.261599e-01,1.419564e-03,5.996438e-03,3.935420e-03
3.243419e-03,3.487164e-03,2.703880e-03,2.289036e-03,5.532763e-02,5.737163e-03,1.687893e-02,3.839983e-03,2.246267e-02,1.804546e-01,5.474132e-01,1.351670e-01,1.370067e-03,1.671589e-02,2.909338e-03
2.405108e-03,2.561837e-03,1.990293e-03,1.663922e-03,3.939347e-02,4.271054e-03,1.198659e-02,2.820883e-03,1.596100e-02,1.273104e-01,6.557754e-01,1.106284e-01,1.221124e-03,1.985055e-02,2.159977e-03
2.164383e-03,2.217867e-03,1.711939e-03,1.237815e-03,2.854332e-02,3.936023e-03,8.478776e-03,2.293954e-03,1.126599e-02,9.260696e-02,7.227885e-01,9.563673e-02,1.292110e-03,2.423120e-02,1.594443e-03
2.020495e-03,2.220702e-03,1.570089e-03,9.640321e-04,2.067086e-02,4.497434e-03,5.988691e-03,1.829636e-03,8.135605e-03,6.746190e-02,7.133076e-01,1.182644e-01,1.325249e-03,5.055722e-02,1.185987e-03
1.784220e-03,1.289663e-02,3.806798e-03,8.498486e-04,1.533909e-02,3.875370e-03,4.221478e-03,1.565521e-03,1.038993e-02,4.959366e-02,6.901556e-01,1.337729e-01,1.134293e-03,6.970529e-02,9.093645e-04
1.938543e-03,1.169965e-02,3.860777e-03,7.871604e-04,1.143637e-02,4.521671e-03,2.983364e-03,1.576893e-03,1.272707e-02,3.672376e-02,6.732419e-01,1.162064e-01,1.068038e-03,1.205109e-01,7.175917e-04
1.600699e-03,1.146730e-02,3.743535e-03,7.072960e-04,9.237338e-03,4.296649e-03,2.140781e-03,1.236724e-03,2.926346e-02,2.823139e-02,6.291288e-01,1.048840e-01,1.031523e-03,1.724100e-01,6.205264e-04
1.395143e-03,9.562408e-03,2.926002e-03,5.116564e-04,6.747200e-03,3.366833e-03,1.502003e-03,8.999259e-04,4.013306e-02,2.080578e-02,5.781446e-01,8.366688e-02,8.744164e-04,2.489388e-01,5.253076e-04
1.225717e-03,7.765706e-03,2.266096e-03,3.791277e-04,4.822466e-03,3.701159e-03,1.054207e-03,6.756785e-04,5.871656e-02,1.579216e-02,5.237735e-01,6.638800e-02,7.517457e-04,3.122638e-01,4.239534e-04
1.170874e-03,8.307379e-03,1.733067e-03,2.766532e-04,3.444043e-03,3.275931e-03,7.414845e-04,5.112005e-04,5.713653e-02,1.219657e-02,5.154192e-01,5.225332e-02,6.803190e-04,3.424438e-01,4.095181e-04
1.643713e-03,2.271720e-02,1.030020e-02,4.161421e-04,2.766966e-03,5.551529e-03,5.363784e-04,8.493658e-04,1.479520e-01,9.681499e-03,4.365951e-01,4.036312e-02,6.503034e-04,3.195227e-01,4.537829e-04
2.178867e-03,3.157242e-02,8.098839e-03,4.028657e-04,2.254108e-03,8.826517e-03,3.899076e-04,1.025031e-03,2.025480e-01,8.445934e-03,3.988590e-01,3.606634e-02,6.791324e-04,2.981433e-01,5.096751e-04
4.037574e-03,4.836344e-02,1.354047e-02,6.542000e-04,2.105074e-03,3.784594e-02,2.960863e-04,1.484507e-03,2.577430e-01,7.432988e-03,3.343083e-01,2.669354e-02,9.869207e-04,2.636617e-01,8.462601e-04
4.395358e-03,6.007306e-02,1.244338e-02,6.678337e-04,1.668258e-03,1.302314e-01,2.155192e-04,1.199851e-03,2.970465e-01,6.280528e-03,2.494517e-01,1.907142e-02,8.727190e-04,2.148791e-01,1.503508e-03
6.451331e-03,5.838975e-02,2.435311e-02,1.758514e-03,1.912859e-03,1.360430e-01,1.930378e-04,2.952567e-03,3.731743e-01,6.834900e-03,1.964633e-01,1.409818e-02,8.338460e-04,1.740293e-01,2.512044e-03
7.167466e-03,4.603311e-02,1.842119e-02,4.115829e-03,2.289147e-03,1.849329e-01,1.547332e-04,3.124250e-03,4.114995e-01,1.031853e-02,1.549388e-01,1.144253e-02,1.207793e-03,1.378558e-01,6.498517e-03
7.661141e-03,3.624523e-02,1.350821e-02,3.438398e-03,2.318767e-03,2.706823e-01,1.231104e-04,3.989736e-03,4.080922e-01,8.764056e-03,1.152908e-01,8.822853e-03,1.328706e-03,1.111115e-01,8.623106e-03
7.065456e-03,2.687925e-02,1.026558e-02,3.581095e-03,2.447593e-03,4.569781e-01,9.354937e-05,5.955051e-03,3.031405e-01,6.644124e-03,8.271614e-02,6.643344e-03,1.151521e-03,7.963178e-02,6.807034e-03
1.222989e-02,2.196868e-02,7.840406e-03,3.769184e-03,3.638885e-03,5.430581e-01,8.391174e-05,7.672472e-03,2.542685e-01,6.125796e-03,6.152385e-02,5.236086e-03,1.403919e-03,5.974356e-02,1.143684e-02
2.385648e-02,3.528555e-02,1.195887e-02,4.454571e-03,6.982461e-03,4.614373e-01,1.228299e-04,1.395893e-02,2.741396e-01,8.819646e-03,5.748064e-02,4.536505e-03,1.994554e-03,5.668452e-02,3.828757e-02
3.852728e-02,4.185133e-02,1.465608e-02,1.050858e-02,1.090603e-02,3.731967e-01,1.933392e-04,2.516659e-02,2.844115e-01,9.643479e-03,5.393109e-02,7.111046e-03,2.947812e-03,6.371002e-02,6.323912e-02
5.171284e-02,4.966152e-02,2.035918e-02,9.913952e-03,1.272329e-02,3.234498e-01,2.721653e-04,3.117448e-02,2.827314e-01,9.278782e-03,4.778279e-02,5.569258e-03,2.698381e-03,8.042288e-02,7.224926e-02
5.269686e-02,6.280814e-02,3.418863e-02,2.764145e-02,1.324342e-02,2.457085e-01,3.549413e-04,3.972073e-02,2.615092e-01,1.264723e-02,3.736401e-02,4.231965e-03,2.486705e-03,6.356396e-02,1.418343e-01
4.997190e-02,6.718087e-02,3.271476e-02,2.278219e-02,1.746775e-02,1.985727e-01,4.747035e-04,4.646046e-02,2.929549e-01,1.292358e-02,3.403431e-02,3.184649e-03,2.222510e-03,6.040261e-02,1.586522e-01
5.333519e-02,7.181789e-02,2.848160e-02,4.023571e-02,1.487207e-02,1.457738e-01,4.462913e-04,5.317029e-02,3.162913e-01,1.260681e-02,2.584829e-02,2.506498e-03,2.772263e-03,5.100000e-02,1.808420e-01
8.679777e-02,8.017075e-02,3.106249e-02,4.212442e-02,1.418038e-02,1.107924e-01,7.187410e-04,8.051141e-02,3.292076e-01,1.240326e-02,2.051377e-02,2.610073e-03,3.057402e-03,4.391626e-02,1.419332e-01
8.967149e-02,6.516164e-02,2.884004e-02,3.823916e-02,1.125927e-02,8.043835e-02,6.242301e-04,6.291904e-02,3.726907e-01,2.937599e-02,1.709182e-02,2.555652e-03,3.550701e-03,3.331824e-02,1.642636e-01
2.247122e-01,6.366609e-02,3.549122e-02,3.462543e-02,1.251200e-02,6.099597e-02,1.765916e-03,6.752989e-02,2.978434e-01,2.228362e-02,1.589478e-02,6.213603e-03,4.637010e-03,2.706720e-02,1.247616e-01
3.027251e-01,6.304330e-02,3.120565e-02,2.874845e-02,1.525397e-02,5.156105e-02,2.268533e-03,8.486167e-02,2.629977e-01,1.648629e-02,1.432361e-02,5.653625e-03,4.899488e-03,2.332243e-02,9.264909e-02
2.255132e-01,4.584632e-02,2.281239e-02,6.954812e-02,1.201408e-02,3.741519e-02,1.657665e-03,5.996175e-02,3.908526e-01,1.290098e-02,2.573547e-02,4.886784e-03,5.925156e-03,1.743423e-02,6.749605e-02
1.615379e-01,3.447512e-02,1.635382e-02,1.129946e-01,1.215962e-02,2.668265e-02,1.259888e-03,4.271697e-02,3.419218e-01,9.511289e-03,1.311504e-01,1.142989e-02,1.440994e-02,3.285027e-02,5.054577e-02
1.151799e-01,2.459812e-02,1.167729e-02,1.045668e-01,1.035972e-02,1.905297e-02,9.483371e-04,3.012202e-02,2.784542e-01,7.027888e-03,2.278471e-01,1.631603e-02,1.438974e-02,1.032569e-01,3.620300e-02
8.088662e-02,1.732840e-02,8.633479e-03,7.597452e-02,8.612634e-03,1.345030e-02,6.842443e-04,2.120185e-02,1.977466e-01,5.201619e-03,4.059083e-01,2.786143e-02,1.189557e-02,9.753230e-02,2.708218e-02
5.674634e-02,1.220331e-02,6.177887e-03,5.401462e-02,6.786025e-03,9.622949e-03,4.882519e-04,1.487491e-02,1.395462e-01,4.033505e-03,5.200436e-01,3.584689e-02,1.013353e-02,1.077070e-01,2.177498e-02
3.995030e-02,8.600270e-03,4.391225e-03,3.845600e-02,5.441163e-03,6.807259e-03,3.471051e-04,1.043532e-02,9.826520e-02,3.437971e-03,6.302674e-01,3.814279e-02,8.875640e-03,9.061214e-02,1.597014e-02
2.808809e-02,6.092216e-03,3.280149e-03,2.712233e-02,4.821428e-03,4.831084e-03,2.547266e-04,7.470317e-03,6.936597e-02,2.946583e-03,7.225727e-01,2.999379e-02,6.737997e-03,7.386229e-02,1.256035e-02
1.976325e-02,4.295980e-03,2.481228e-03,1.918321e-02,3.836910e-03,3.432790e-03,1.877659e-04,5.312732e-03,4.871096e-02,3.493222e-03,7.918101e-01,2.369163e-02,5.019753e-03,5.798979e-02,1.079064e-02
1.403589e-02,3.039962e-03,1.942923e-03,1.358937e-02,3.257230e-03,2.563266e-03,1.478511e-04,3.872179e-03,3.433060e-02,7.484720e-03,8.373168e-01,1.979115e-02,3.732383e-03,4.536705e-02,9.528580e-03
9.956651e-03,2.139710e-03,1.460470e-03,9.679340e-03,2.972079e-03,1.986505e-03,1.200039e-04,2.869653e-03,2.427997e-02,1.119446e-02,8.679758e-01,1.836556e-02,2.958782e-03,3.441732e-02,9.623695e-03
7.595895e-03,1.516201e-03,1.252810e-03,7.072720e-03,5.346762e-03,1.895807e-03,1.368379e-04,2.175828e-03,1.759746e-02,1.301718e-02,8.821568e-01,2.145801e-02,2.770963e-03,2.591879e-02,1.008786e-02
6.715414e-03,1.080321e-03,1.171483e-03,5.175919e-03,5.545817e-03,2.158974e-03,1.560326e-04,1.868499e-03,1.326635e-02,1.407022e-02,8.940541e-01,2.438214e-02,2.383399e-03,1.960889e-02,8.362453e-03
6.762933e-03,7.810489e-04,9.681652e-04,3.717574e-03,5.115466e-03,2.145163e-03,1.801101e-04,1.487324e-03,1.034502e-02,1.160527e-02,9.092242e-01,2.450294e-02,1.920006e-03,1.458783e-02,6.656951e-03
1.599592e-02,8.486279e-03,3.565163e-03,2.809726e-03,1.260914e-02,2.607318e-03,9.757134e-04,2.228887e-03,5.917256e-02,9.767518e-03,8.405001e-01,2.163149e-02,1.603750e-03,1.241773e-02,5.628652e-03
1.315671e-02,2.264396e-02,4.416008e-03,2.003863e-03,1.410657e-02,2.609006e-03,1.072721e-03,2.503292e-03,2.554566e-01,7.163898e-03,6.445002e-01,1.588815e-02,1.254867e-03,8.982491e-03,4.241706e-03
1.040210e-02,2.372043e-02,1.095022e-02,1.448933e-03,1.736011e-02,4.460808e-03,1.890044e-03,2.560169e-02,4.230591e-01,5.218164e-03,4.539634e-01,1.134380e-02,1.000888e-03,6.490482e-03,3.089852e-03
8.418686e-03,2.300816e-02,9.887973e-03,1.107127e-03,3.190380e-02,4.207095e-03,2.369902e-03,1.985518e-02,5.617100e-01,3.838933e-03,3.181573e-01,7.981875e-03,7.432670e-04,4.562480e-03,2.248196e-03
8.219479e-03,1.901924e-02,9.603704e-03,8.894102e-04,9.660159e-02,5.920761e-03,5.749248e-03,1.511778e-02,6.019437e-01,2.815819e-03,2.231241e-01,5.610803e-03,5.727980e-04,3.207332e-03,1.604323e-03
1.278859e-02,1.598550e-02,7.354948e-03,7.444437e-04,2.216928e-01,6.919172e-03,6.022535e-03,1.250946e-02,5.495296e-01,2.231317e-03,1.562982e-01,3.941204e-03,4.457635e-04,2.269721e-03,1.266809e-03
1.588788e-02,1.257773e-02,5.334839e-03,8.960891e-04,3.433030e-01,6.555163e-03,5.906032e-03,1.196284e-02,4.805458e-01,1.783512e-03,1.095034e-01,2.776203e-03,3.769459e-04,1.616156e-03,9.744958e-04
2.432697e-02,1.266356e-02,4.048813e-03,1.719968e-03,4.045250e-01,5.596844e-03,5.398217e-03,1.636760e-02,4.424117e-01,1.459273e-03,7.685579e-02,2.072303e-03,5.108729e-04,1.203355e-03,8.397831e-04
2.501700e-02,9.321935e-03,2.927225e-03,1.778021e-03,5.277808e-01,5.095589e-03,1.117304e-02,1.431893e-02,3.440784e-01,1.154847e-03,5.384007e-02,1.522665e-03,4.951113e-04,8.595234e-04,6.368830e-04
2.022754e-02,6.616482e-03,2.196073e-03,1.442165e-03,6.584545e-01,3.960208e-03,1.126564e-02,1.112030e-02,2.430377e-01,1.281466e-03,3.771672e-02,1.090123e-03,4.294532e-04,6.269419e-04,5.346651e-04
1.505509e-02,4.644563e-03,1.691497e-03,1.045023e-03,7.155883e-01,3.186492e-03,3.380783e-02,7.960218e-03,1.702972e-01,1.710490e-02,2.663445e-02,7.907060e-04,5.877775e-04,5.059213e-04,1.100095e-03
1.142891e-02,3.260509e-03,1.277977e-03,7.706421e-04,7.523683e-01,2.490166e-03,3.793172e-02,5.810934e-03,1.193554e-01,4.359525e-02,1.905556e-02,6.065733e-04,5.643244e-04,4.018857e-04,1.081847e-03
8.265489e-03,2.287062e-03,9.215411e-04,5.777722e-04,6.953126e-01,1.891017e-03,3.085750e-02,4.101249e-03,8.357757e-02,1.548874e-01,1.381930e-02,4.317448e-04,4.867489e-04,3.343718e-04,2.248668e-03
5.918421e-03,1.611696e-03,6.674465e-04,4.360191e-04,5.635973e-01,1.385084e-03,2.361628e-02,2.879498e-03,5.853371e-02,3.275285e-01,1.004587e-02,3.130529e-04,3.718322e-04,2.977378e-04,2.797531e-03
4.193700e-03,1.142214e-03,4.858591e-04,3.384272e-04,4.285478e-01,1.120529e-03,1.851642e-02,2.024739e-03,4.101010e-02,4.906138e-01,7.410317e-03,2.874456e-04,3.310768e-04,2.957556e-04,3.681834e-03
3.715169e-03,1.017475e-03,4.596686e-04,2.692233e-04,3.876335e-01,3.626339e-03,1.591832e-02,1.450650e-03,2.877157e-02,5.422565e-01,5.704080e-03,3.201078e-04,3.901963e-04,1.905991e-03,6.561196e-03
3.699976e-03,1.201627e-03,5.402043e-04,2.760691e-04,4.192728e-01,9.438433e-03,2.718143e-02,1.250485e-03,2.026599e-02,4.831829e-01,9.633381e-03,6.524833e-04,1.165195e-03,1.178669e-02,1.045235e-02
4.322856e-03,1.738076e-03,5.652633e-04,4.184798e-04,3.649256e-01,2.019923e-02,6.338433e-02,1.475697e-03,1.457370e-02,3.701857e-01,7.946192e-02,8.479685e-03,4.066890e-03,4.400596e-02,2.219663e-02
6.999148e-03,1.810531e-03,4.973862e-04,3.701407e-04,2.765960e-01,2.488535e-02,5.735688e-02,2.561201e-03,1.045872e-02,2.636396e-01,1.202881e-01,2.195247e-02,4.873995e-03,1.823412e-01,2.536917e-02
6.994230e-03,1.417393e-03,4.924181e-04,3.152773e-04,1.986019e-01,2.224473e-02,5.210696e-02,3.111693e-03,7.726319e-03,1.894876e-01,1.947696e-01,4.104025e-02,5.457879e-03,2.548482e-01,2.138560e-02
5.764611e-03,1.063010e-03,3.840240e-04,2.941371e-04,1.400471e-01,1.945983e-02,3.698827e-02,2.720539e-03,9.809751e-03,1.347659e-01,2.098168e-01,7.687976e-02,6.287769e-03,3.391604e-01,1.655815e-02
4.566133e-03,8.028898e-04,2.903286e-04,2.726768e-04,9.853633e-02,1.683246e-02,2.622822e-02,2.143499e-03,1.317449e-02,9.537507e-02,1.802429e-01,8.849524e-02,6.767983e-03,4.518588e-01,1.441304e-02
3.600472e-03,1.626918e-03,4.250425e-04,1.031848e-03,6.976143e-02,1.378134e-02,1.846372e-02,1.814040e-03,1.317716e-01,6.769849e-02,1.722240e-01,6.951728e-02,5.568294e-03,4.308203e-01,1.189513e-02
4.859032e-03,1.145449e-02,3.227245e-03,1.805160e-03,4.979897e-02,1.685165e-02,1.310790e-02,2.599373e-03,3.043295e-01,4.776460e-02,1.289116e-01,5.236408e-02,4.214284e-03,3.489620e-01,9.750034e-03
5.631888e-03,2.256389e-02,1.026508e-02,4.178358e-03,3.948227e-02,2.398150e-02,9.560159e-03,8.001619e-03,4.277381e-01,3.391738e-02,9.653217e-02,3.840793e-02,3.319773e-03,2.687719e-01,7.647956e-03
5.069653e-03,1.339753e-01,1.343351e-02,5.499539e-03,2.974063e-02,4.998580e-02,6.750958e-03,6.626737e-03,3.986330e-01,2.526820e-02,7.284843e-02,4.273790e-02,3.715878e-03,1.996694e-01,6.045077e-03
4.646057e-03,2.454347e-01,2.107771e-02,5.499011e-03,2.816731e-02,4.743638e-02,4.770763e-03,6.771630e-03,3.538699e-01,1.863792e-02,5.591488e-02,3.593187e-02,4.717963e-03,1.612522e-01,5.871661e-03
4.526428e-03,4.017791e-01,3.812623e-02,5.599007e-03,2.982171e-02,3.470796e-02,3.372550e-03,5.812725e-03,2.631941e-01,1.373127e-02,4.052124e-02,2.562725e-02,4.043350e-03,1.217965e-01,7.340491e-03
5.528313e-03,4.170532e-01,3.274672e-02,5.791699e-03,2.391088e-02,3.073985e-02,2.392016e-03,5.099669e-03,2.425864e-01,1.245037e-02,3.335656e-02,1.901991e-02,4.108163e-03,1.175056e-01,4.771059e-02
5.418411e-03,3.623586e-01,3.146549e-02,2.646225e-02,2.108252e-02,2.254221e-02,1.697392e-03,6.088524e-03,3.142762e-01,1.043028e-02,2.467121e-02,1.347909e-02,3.111092e-03,8.576500e-02,7.115182e-02
6.400134e-03,2.994445e-01,3.074800e-02,4.963049e-02,1.550038e-02,1.644428e-02,1.221081e-03,4.510434e-03,3.580123e-01,1.075963e-02,2.040048e-02,9.871337e-03,2.673615e-03,6.299445e-02,1.113889e-01
5.546226e-03,2.258936e-01,3.036863e-02,4.051189e-02,1.186938e-02,1.213583e-02,8.692286e-04,3.202468e-03,3.744243e-01,1.162309e-02,2.054336e-02,7.403836e-03,2.748549e-03,5.345668e-02,1.994030e-01
4.611828e-03,1.587281e-01,2.159129e-02,2.928912e-02,8.371356e-03,8.730633e-03,6.361565e-04,2.258809e-03,5.151971e-01,1.061975e-02,2.211891e-02,6.023953e-03,3.747308e-03,4.923645e-02,1.588393e-01
7.276603e-03,1.131101e-01,2.074877e-02,2.547888e-02,6.868373e-03,6.471574e-03,5.702744e-04,2.364397e-03,5.089910e-01,1.617277e-02,4.810462e-02,2.275725e-02,4.277246e-02,5.104882e-02,1.272641e-01
9.030063e-03,8.072914e-02,1.638614e-02,1.919493e-02,7.539993e-03,4.722031e-03,5.273311e-04,2.663584e-03,4.182999e-01,2.436644e-02,1.558939e-01,2.988600e-02,7.601682e-02,4.783419e-02,1.069095e-01
1.100719e-02,5.810612e-02,1.234960e-02,1.380123e-02,4.672233e-02,5.111529e-03,1.319827e-03,3.898457e-02,3.915918e-01,1.831197e-02,1.460612e-01,2.438218e-02,1.162997e-01,3.510496e-02,8.084581e-02
1.439647e-02,4.292428e-02,1.152702e-02,1.051688e-02,1.320988e-01,1.331206e-02,3.379501e-03,4.668675e-02,3.180823e-01,1.598255e-02,1.122615e-01,2.689491e-02,1.549942e-01,2.837910e-02,6.856369e-02
1.374594e-02,3.118179e-02,1.142161e-02,9.295862e-03,1.195330e-01,2.970979e-02,1.825031e-02,2.097136e-01,2.276029e-01,2.143194e-02,8.601686e-02,2.143518e-02,1.275156e-01,2.086617e-02,5.227936e-02
1.078980e-02,2.208300e-02,1.035323e-02,6.949142e-03,9.493228e-02,2.358558e-02,2.628842e-02,4.122913e-01,1.594487e-01,1.529280e-02,6.076204e-02,1.518217e-02,9.066057e-02,1.465623e-02,3.672478e-02
8.443774e-03,1.558136e-02,8.975205e-03,5.371918e-03,7.513843e-02,1.758117e-02,2.406096e-02,5.687000e-01,1.117013e-01,1.080201e-02,4.271905e-02,1.074788e-02,6.414988e-02,1.029421e-02,2.573285e-02
6.344030e-03,1.100035e-02,7.018622e-03,4.008987e-03,5.576968e-02,1.266706e-02,2.237022e-02,6.872723e-01,7.825807e-02,7.589341e-03,2.992447e-02,7.571559e-03,4.496282e-02,7.216346e-03,1.802618e-02
5.119751e-03,7.731143e-03,5.221599e-03,2.936057e-03,4.048298e-02,9.010653e-03,1.959212e-02,7.742661e-01,5.483019e-02,5.323777e-03,2.097102e-02,5.323691e-03,3.150844e-02,5.056708e-03,1.262580e-02
6.941108e-03,5.470335e-03,4.465532e-03,2.402741e-03,3.049942e-02,7.571322e-03,2.862747e-02,8.180854e-01,3.856745e-02,3.786096e-03,1.476382e-02,3.808088e-03,2.249049e-02,3.578170e-03,8.942501e-03
9.757718e-03,3.872850e-03,3.898237e-03,1.937946e-03,2.249518e-02,8.097980e-03,3.775728e-02,8.438514e-01,2.724656e-02,2.662289e-03,1.046084e-02,2.781863e-03,1.631250e-02,2.529603e-03,6.337787e-03
1.159487e-02,2.777573e-03,3.052491e-03,1.540327e-03,1.676416e-02,9.105150e-03,3.446138e-02,8.713441e-01,1.939914e-02,1.882337e-03,7.557492e-03,2.160792e-03,1.199519e-02,1.806072e-03,4.558953e-03
1.832264e-02,2.084045e-03,2.551287e-03,1.463785e-03,1.320045e-02,8.783589e-03,2.968167e-02,8.873256e-01,1.418561e-02,1.362329e-03,5.455181e-03,2.026233e-03,8.841092e-03,1.327433e-03,3.389090e-03
2.673614e-02,1.670469e-03,2.229289e-03,1.447717e-03,1.114342e-02,9.018976e-03,2.569479e-02,8.933264e-01,1.025682e-02,1.072328e-03,4.244718e-03,2.165283e-03,7.044240e-03,1.035266e-03,2.914168e-03
