1.000000e+00,0.000000e+00,0.000000e+00,0.000000e+00,0.000000e+00,0.000000e+00,0.000000e+00,0.000000e+00,0.000000e+00,0.000000e+00,0.000000e+00,0.000000e+00,0.000000e+00,0.000000e+00,0.000000e+00
1.000000e+00,0.000000e+00,0.000000e+00,0.000000e+00,0.000000e+00,0.000000e+00,0.000000e+00,0.000000e+00,0.000000e+00,0.000000e+00,0.000000e+00,0.000000e+00,0.000000e+00,0.000000e+00,0.000000e+00
1.000000e+00,0.000000e+00,0.000000e+00,0.000000e+00,0.000000e+00,0.000000e+00,0.000000e+00,0.000000e+00,0.000000e+00,0.000000e+00,0.000000e+00,0.000000e+00,0.000000e+00,0.000000e+00,0.000000e+00
1.000000e+00,0.000000e+00,0.000000e+00,0.000000e+00,0.000000e+00,0.000000e+00,0.000000e+00,0.000000e+00,0.000000e+00,0.000000e+00,0.000000e+00,0.000000e+00,0.000000e+00,0.000000e+00,0.000000e+00
1.000000e+00,0.000000e+00,0.000000e+00,0.000000e+00,0.000000e+00,0.000000e+00,0.000000e+00,0.000000e+00,0.000000e+00,0.000000e+00,0.000000e+00,0.000000e+00,0.000000e+00,0.000000e+00,0.000000e+00
1.000000e+00,0.000000e+00,0.000000e+00,0.000000e+00,0.000000e+00,0.000000e+00,0.000000e+00,0.000000e+00,0.000000e+00,0.000000e+00,0.000000e+00,0.000000e+00,0.000000e+00,0.000000e+00,0.000000e+00
1.000000e+00,0.000000e+00,0.000000e+00,0.000000e+00,0.000000e+00,0.000000e+00,0.000000e+00,0.000000e+00,0.000000e+00,0.000000e+00,0.000000e+00,0.000000e+00,0.000000e+00,0.000000e+00,0.000000e+00
1.000000e+00,0.000000e+00,0.000000e+00,0.000000e+00,0.000000e+00,0.000000e+00,0.000000e+00,0.000000e+00,0.000000e+00,0.000000e+00,0.000000e+00,0.000000e+00,0.000000e+00,0.000000e+00,0.000000e+00
1.000000e+00,0.000000e+00,0.000000e+00,0.000000e+00,0.000000e+00,0.000000e+00,0.000000e+00,0.000000e+00,0.000000e+00,0.000000e+00,0.000000e+00,0.000000e+00,0.000000e+00,0.000000e+00,0.000000e+00
1.000000e+00,0.000000e+00,0.000000e+00,0.000000e+00,0.000000e+00,0.000000e+00,0.000000e+00,0.000000e+00,0.000000e+00,0.000000e+00,0.000000e+00,0.000000e+00,0.000000e+00,0.000000e+00,0.000000e+00
1.000000e+00,0.000000e+00,0.000000e+00,0.000000e+00,0.000000e+00,0.000000e+00,0.000000e+00,0.000000e+00,0.000000e+00,0.000000e+00,0.000000e+00,0.000000e+00,0.000000e+00,0.000000e+00,0.000000e+00
1.000000e+00,0.000000e+00,0.000000e+00,0.000000e+00,0.000000e+00,0.000000e+00,0.000000e+00,0.000000e+00,0.000000e+00,0.000000e+00,0.000000e+00,0.000000e+00,0.000000e+00,0.000000e+00,0.000000e+00
1.000000e+00,0.000000e+00,0.000000e+00,0.000000e+00,0.000000e+00,0.000000e+00,0.000000e+00,0.000000e+00,0.000000e+00,0.000000e+00,0.000000e+00,0.000000e+00,0.000000e+00,0.000000e+00,0.000000e+00
1.000000e+00,0.000000e+00,0.000000e+00,0.000000e+00,0.000000e+00,0.000000e+00,0.000000e+00,0.000000e+00,0.000000e+00,0.000000e+00,0.000000e+00,0.000000e+00,0.000000e+00,0.000000e+00,0.000000e+00
1.000000e+00,0.000000e+00,0.000000e+00,0.000000e+00,0.000000e+00,0.000000e+00,0.000000e+00,0.000000e+00,0.000000e+00,0.000000e+00,0.000000e+00,0.000000e+00,0.000000e+00,0.000000e+00,0.000000e+00
1.000000e+00,0.000000e+00,0.000000e+00,0.000000e+00,0.000000e+00,0.000000e+00,0.000000e+00,0.000000e+00,0.000000e+00,0.000000e+00,0.000000e+00,0.000000e+00,0.000000e+00,0.000000e+00,0.000000e+00
1.000000e+00,0.000000e+00,0.000000e+00,0.000000e+00,0.000000e+00,0.000000e+00,0.000000e+00,0.000000e+00,0.000000e+00,0.000000e+00,0.000000e+00,0.000000e+00,0.000000e+00,0.000000e+00,0.000000e+00
1.000000e+00,0.000000e+00,0.000000e+00,0.000000e+00,0.000000e+00,0.000000e+00,0.000000e+00,0.000000e+00,0.000000e+00,0.000000e+00,0.000000e+00,0.000000e+00,0.000000e+00,0.000000e+00,0.000000e+00
1.000000e+00,0.000000e+00,0.000000e+00,0.000000e+00,0.000000e+00,0.000000e+00,0.000000e+00,0.000000e+00,0.000000e+00,0.000000e+00,0.000000e+00,0.000000e+00,0.000000e+00,0.000000e+00,0.000000e+00
1.000000e+00,0.000000e+00,0.000000e+00,0.000000e+00,0.000000e+00,0.000000e+00,0.000000e+00,0.000000e+00,0.000000e+00,0.000000e+00,0.000000e+00,0.000000e+00,0.000000e+00,0.000000e+00,0.000000e+00
1.000000e+00,0.000000e+00,0.000000e+00,0.000000e+00,0.000000e+00,0.000000e+00,0.000000e+00,0.000000e+00,0.000000e+00,0.000000e+00,0.000000e+00,0.000000e+00,0.000000e+00,0.000000e+00,0.000000e+00
1.000000e+00,0.000000e+00,0.000000e+00,0.000000e+00,0.000000e+00,0.000000e+00,0.000000e+00,0.000000e+00,0.000000e+00,0.000000e+00,0.000000e+00,0.000000e+00,0.000000e+00,0.000000e+00,0.000000e+00
1.000000e+00,0.000000e+00,0.000000e+00,0.000000e+00,0.000000e+00,0.000000e+00,0.000000e+00,0.000000e+00,0.000000e+00,0.000000e+00,0.000000e+00,0.000000e+00,0.000000e+00,0.000000e+00,0.000000e+00
1.000000e+00,0.000000e+00,0.000000e+00,0.000000e+00,0.000000e+00,0.000000e+00,0.000000e+00,0.000000e+00,0.000000e+00,0.000000e+00,0.000000e+00,0.000000e+00,0.000000e+00,0.000000e+00,0.000000e+00
1.000000e+00,0.000000e+00,0.000000e+00,0.000000e+00,0.000000e+00,0.000000e+00,0.000000e+00,0.000000e+00,0.000000e+00,0.000000e+00,0.000000e+00,0.000000e+00,0.000000e+00,0.000000e+00,0.000000e+00
1.000000e+00,0.000000e+00,0.000000e+00,0.000000e+00,0.000000e+00,0.000000e+00,0.000000e+00,0.000000e+00,0.000000e+00,0.000000e+00,0.000000e+00,0.000000e+00,0.000000e+00,0.000000e+00,0.000000e+00
1.000000e+00,0.000000e+00,0.000000e+00,0.000000e+00,0.000000e+00,0.000000e+00,0.000000e+00,0.000000e+00,0.000000e+00,0.000000e+00,0.000000e+00,0.000000e+00,0.000000e+00,0.000000e+00,0.000000e+00
1.000000e+00,0.000000e+00,0.000000e+00,0.000000e+00,0.000000e+00,0.000000e+00,0.000000e+00,0.000000e+00,0.000000e+00,0.000000e+00,0.000000e+00,0.000000e+00,0.000000e+00,0.000000e+00,0.000000e+00
1.000000e+00,0.000000e+00,0.000000e+00,0.000000e+00,0.000000e+00,0.000000e+00,0.000000e+00,0.000000e+00,0.000000e+00,0.000000e+00,0.000000e+00,0.000000e+00,0.000000e+00,0.000000e+00,0.000000e+00
1.000000e+00,0.000000e+00,0.000000e+00,0.000000e+00,0.000000e+00,0.000000e+00,0.000000e+00,0.000000e+00,0.000000e+00,0.000000e+00,0.000000e+00,0.000000e+00,0.000000e+00,0.000000e+00,0.000000e+00
1.000000e+00,0.000000e+00,0.000000e+00,0.000000e+00,0.000000e+00,0.000000e+00,0.000000e+00,0.000000e+00,0.000000e+00,0.000000e+00,0.000000e+00,0.000000e+00,0.000000e+00,0.000000e+00,0.000000e+00
1.000000e+00,0.000000e+00,0.000000e+00,0.000000e+00,0.000000e+00,0.000000e+00,0.000000e+00,0.000000e+00,0.000000e+00,0.000000e+00,0.000000e+00,0.000000e+00,0.000000e+00,0.000000e+00,0.000000e+00
1.000000e+00,0.000000e+00,0.000000e+00,0.000000e+00,0.000000e+00,0.000000e+00,0.000000e+00,0.000000e+00,0.000000e+00,0.000000e+00,0.000000e+00,0.000000e+00,0.000000e+00,0.000000e+00,0.000000e+00
1.000000e+00,0.000000e+00,0.000000e+00,0.000000e+00,0.000000e+00,0.000000e+00,0.000000e+00,0.000000e+00,0.000000e+00,0.000000e+00,0.000000e+00,0.000000e+00,0.000000e+00,0.000000e+00,0.000000e+00
1.000000e+00,0.000000e+00,0.000000e+00,0.000000e+00,0.000000e+00,0.000000e+00,0.000000e+00,0.000000e+00,0.000000e+00,0.000000e+00,0.000000e+00,0.000000e+00,0.000000e+00,0.000000e+00,0.000000e+00
1.000000e+00,0.000000e+00,0.000000e+00,0.000000e+00,0.000000e+00,0.000000e+00,0.000000e+00,0.000000e+00,0.000000e+00,0.000000e+00,0.000000e+00,0.000000e+00,0.000000e+00,0.000000e+00,0.000000e+00
1.000000e+00,0.000000e+00,0.000000e+00,0.000000e+00,0.000000e+00,0.000000e+00,0.000000e+00,0.000000e+00,0.000000e+00,0.000000e+00,0.000000e+00,0.000000e+00,0.000000e+00,0.000000e+00,0.000000e+00
1.000000e+00,0.000000e+00,0.000000e+00,0.000000e+00,0.000000e+00,0.000000e+00,0.000000e+00,0.000000e+00,0.000000e+00,0.000000e+00,0.000000e+00,0.000000e+00,0.000000e+00,0.000000e+00,0.000000e+00
1.000000e+00,0.000000e+00,0.000000e+00,0.000000e+00,0.000000e+00,0.000000e+00,0.000000e+00,0.000000e+00,0.000000e+00,0.000000e+00,0.000000e+00,0.000000e+00,0.000000e+00,0.000000e+00,0.000000e+00
1.000000e+00,0.000000e+00,0.000000e+00,0.000000e+00,0.000000e+00,0.000000e+00,0.000000e+00,0.000000e+00,0.000000e+00,0.000000e+00,0.000000e+00,0.000000e+00,0.000000e+00,0.000000e+00,0.000000e+00
1.000000e+00,0.000000e+00,0.000000e+00,0.000000e+00,0.000000e+00,0.000000e+00,0.000000e+00,0.000000e+00,0.000000e+00,0.000000e+00,0.000000e+00,0.000000e+00,0.000000e+00,0.000000e+00,0.000000e+00
1.000000e+00,0.000000e+00,0.000000e+00,0.000000e+00,0.000000e+00,0.000000e+00,0.000000e+00,0.000000e+00,0.000000e+00,0.000000e+00,0.000000e+00,0.000000e+00,0.000000e+00,0.000000e+00,0.000000e+00
1.000000e+00,0.000000e+00,0.000000e+00,0.000000e+00,0.000000e+00,0.000000e+00,0.000000e+00,0.000000e+00,0.000000e+00,0.000000e+00,0.000000e+00,0.000000e+00,0.000000e+00,0.000000e+00,0.000000e+00
1.000000e+00,0.000000e+00,0.000000e+00,0.000000e+00,0.000000e+00,0.000000e+00,0.000000e+00,0.000000e+00,0.000000e+00,0.000000e+00,0.000000e+00,0.000000e+00,0.000000e+00,0.000000e+00,0.000000e+00
1.000000e+00,0.000000e+00,0.000000e+00,0.000000e+00,0.000000e+00,0.000000e+00,0.000000e+00,0.000000e+00,0.000000e+00,0.000000e+00,0.000000e+00,0.000000e+00,0.000000e+00,0.000000e+00,0.000000e+00
1.000000e+00,0.000000e+00,0.000000e+00,0.000000e+00,0.000000e+00,0.000000e+00,0.000000e+00,0.000000e+00,0.000000e+00,0.000000e+00,0.000000e+00,0.000000e+00,0.000000e+00,0.000000e+00,0.000000e+00
1.000000e+00,0.000000e+00,0.000000e+00,0.000000e+00,0.000000e+00,0.000000e+00,0.000000e+00,0.000000e+00,0.000000e+00,0.000000e+00,0.000000e+00,0.000000e+00,0.000000e+00,0.000000e+00,0.000000e+00
1.000000e+00,0.000000e+00,0.000000e+00,0.000000e+00,0.000000e+00,0.000000e+00,0.000000e+00,0.000000e+00,0.000000e+00,0.000000e+00,0.000000e+00,0.000000e+00,0.000000e+00,0.000000e+00,0.000000e+00
1.000000e+00,0.000000e+00,0.000000e+00,0.000000e+00,0.000000e+00,0.000000e+00,0.000000e+00,0.000000e+00,0.000000e+00,0.000000e+00,0.000000e+00,0.000000e+00,0.000000e+00,0.000000e+00,0.000000e+00
1.000000e+00,0.000000e+00,0.000000e+00,0.000000e+00,0.000000e+00,0.000000e+00,0.000000e+00,0.000000e+00,0.000000e+00,0.000000e+00,0.000000e+00,0.000000e+00,0.000000e+00,0.000000e+00,0.000000e+00
1.000000e+00,0.000000e+00,0.000000e+00,0.000000e+00,0.000000e+00,0.000000e+00,0.000000e+00,0.000000e+00,0.000000e+00,0.000000e+00,0.000000e+00,0.000000e+00,0.000000e+00,0.000000e+00,0.000000e+00
1.000000e+00,0.000000e+00,0.000000e+00,0.000000e+00,0.000000e+00,0.000000e+00,0.000000e+00,0.000000e+00,0.000000e+00,0.000000e+00,0.000000e+00,0.000000e+00,0.000000e+00,0.000000e+00,0.000000e+00
1.000000e+00,0.000000e+00,0.000000e+00,0.000000e+00,0.000000e+00,0.000000e+00,0.000000e+00,0.000000e+00,0.000000e+00,0.000000e+00,0.000000e+00,0.000000e+00,0.000000e+00,0.000000e+00,0.000000e+00
1.000000e+00,0.000000e+00,0.000000e+00,0.000000e+00,0.000000e+00,0.000000e+00,0.000000e+00,0.000000e+00,0.000000e+00,0.000000e+00,0.000000e+00,0.000000e+00,0.000000e+00,0.000000e+00,0.000000e+00
1.000000e+00,0.000000e+00,0.000000e+00,0.000000e+00,0.000000e+00,0.000000e+00,0.000000e+00,0.000000e+00,0.000000e+00,0.000000e+00,0.000000e+00,0.000000e+00,0.000000e+00,0.000000e+00,0.000000e+00
1.000000e+00,0.000000e+00,0.000000e+00,0.000000e+00,0.000000e+00,0.000000e+00,0.000000e+00,0.000000e+00,0.000000e+00,0.000000e+00,0.000000e+00,0.000000e+00,0.000000e+00,0.000000e+00,0.000000e+00
1.000000e+00,0.000000e+00,0.000000e+00,0.000000e+00,0.000000e+00,0.000000e+00,0.000000e+00,0.000000e+00,0.000000e+00,0.000000e+00,0.000000e+00,0.000000e+00,0.000000e+00,0.000000e+00,0.000000e+00
1.000000e+00,0.000000e+00,0.000000e+00,0.000000e+00,0.000000e+00,0.000000e+00,0.000000e+00,0.000000e+00,0.000000e+00,0.000000e+00,0.000000e+00,0.000000e+00,0.000000e+00,0.000000e+00,0.000000e+00
1.000000e+00,0.000000e+00,0.000000e+00,0.000000e+00,0.000000e+00,0.000000e+00,0.000000e+00,0.000000e+00,0.000000e+00,0.000000e+00,0.000000e+00,0.000000e+00,0.000000e+00,0.000000e+00,0.000000e+00
1.000000e+00,0.000000e+00,0.000000e+00,0.000000e+00,0.000000e+00,0.000000e+00,0.000000e+00,0.000000e+00,0.000000e+00,0.000000e+00,0.000000e+00,0.000000e+00,0.000000e+00,0.000000e+00,0.000000e+00
1.000000e+00,0.000000e+00,0.000000e+00,0.000000e+00,0.000000e+00,0.000000e+00,0.000000e+00,0.000000e+00,0.000000e+00,0.000000e+00,0.000000e+00,0.000000e+00,0.000000e+00,0.000000e+00,0.000000e+00
4.262130e-01,1.313327e-02,1.965425e-02,5.902550e-02,7.978708e-03,1.383665e-02,2.716463e-03,3.989263e-01,3.174673e-03,1.487760e-03,1.202184e-02,2.205190e-02,9.414767e-03,2.294938e-03,8.070048e-03
2.988574e-01,9.258185e-03,1.393583e-02,4.160056e-02,5.769523e-03,9.828228e-03,1.997638e-03,5.774587e-01,2.247677e-03,1.046069e-03,8.620927e-03,1.546647e-02,6.620829e-03,1.625986e-03,5.666021e-03
2.095180e-01,6.524880e-03,9.897712e-03,2.925384e-02,4.207836e-03,6.949689e-03,1.487082e-03,7.030631e-01,1.583401e-03,7.354609e-04,6.142741e-03,1.084220e-02,4.651682e-03,1.162897e-03,3.979545e-03
1.467720e-01,4.584163e-03,7.032216e-03,2.055750e-02,3.016988e-03,4.949332e-03,1.078220e-03,7.915274e-01,1.111804e-03,5.164925e-04,4.348002e-03,7.595879e-03,3.272678e-03,8.453749e-04,2.792064e-03
1.027950e-01,3.216330e-03,4.940786e-03,1.441675e-02,2.187961e-03,3.549097e-03,7.773536e-04,8.533335e-01,7.856381e-04,3.629405e-04,3.320607e-03,5.344945e-03,2.374771e-03,6.366752e-04,1.957755e-03
7.198693e-02,2.260860e-03,3.470951e-03,1.011294e-02,1.613080e-03,2.563829e-03,5.586036e-04,8.967882e-01,5.555421e-04,2.549130e-04,2.494888e-03,3.754176e-03,1.723143e-03,4.868159e-04,1.375085e-03
5.050088e-02,1.619487e-03,2.446531e-03,7.103298e-03,1.655475e-03,1.881558e-03,3.992654e-04,9.228339e-01,7.038770e-04,1.914523e-04,3.741115e-03,2.834882e-03,2.493987e-03,6.176460e-04,9.766578e-04
3.562114e-02,1.233473e-03,1.727920e-03,4.999890e-03,2.084278e-03,1.478452e-03,3.289540e-04,9.355875e-01,1.003295e-03,1.601877e-04,4.285352e-03,2.354278e-03,7.845716e-03,5.551638e-04,7.344132e-04
2.536916e-02,1.151499e-03,1.262630e-03,3.589317e-03,3.017284e-03,1.308230e-03,4.052335e-04,8.728566e-01,6.661680e-03,2.274833e-04,4.719712e-03,2.982665e-03,7.506087e-02,4.949433e-04,8.927081e-04
1.813881e-02,1.283022e-03,9.243815e-04,2.798145e-03,3.971600e-03,1.538114e-03,4.176810e-04,7.251607e-01,6.124266e-03,1.866046e-04,3.971008e-03,2.516385e-03,2.314062e-01,3.555853e-04,1.207514e-03
1.330306e-02,1.535466e-03,9.079943e-04,2.366539e-03,7.328186e-03,2.347752e-03,8.955798e-04,6.913933e-01,7.481570e-03,3.456742e-04,4.372300e-03,2.523743e-03,2.633556e-01,2.641184e-04,1.579105e-03
1.057452e-02,2.514986e-03,1.098126e-03,2.179973e-03,8.906626e-03,8.745156e-03,9.951578e-04,5.712328e-01,1.813062e-02,4.004198e-04,9.712070e-03,5.006587e-03,3.576667e-01,2.080230e-04,2.628231e-03
1.060867e-02,4.225736e-03,1.386611e-03,4.421466e-03,8.777451e-03,4.007076e-02,1.643590e-03,4.908661e-01,5.566882e-02,7.022087e-04,1.608541e-02,9.681568e-03,3.517884e-01,2.009476e-04,3.872246e-03
8.029772e-03,7.998828e-03,1.597685e-03,6.772613e-03,6.393070e-03,5.581248e-02,1.373417e-03,3.503173e-01,8.184098e-02,8.720460e-04,2.003896e-02,5.872877e-02,3.965687e-01,2.141115e-04,3.441277e-03
8.123994e-03,9.062583e-03,1.567892e-03,6.279413e-03,5.372573e-03,4.308086e-02,1.123338e-03,2.481075e-01,1.712818e-01,6.844381e-04,2.325300e-02,7.667034e-02,4.006324e-01,4.774594e-04,4.282375e-03
1.632736e-02,1.955823e-02,2.784850e-03,5.799558e-03,5.277313e-03,3.482033e-02,1.502085e-03,1.774724e-01,1.897326e-01,9.672451e-04,2.831184e-02,1.442629e-01,3.645444e-01,2.992798e-03,5.646066e-03
1.706494e-02,1.586396e-02,3.867117e-03,5.480940e-03,7.391267e-03,2.675593e-02,1.332288e-03,1.264165e-01,1.927947e-01,9.780205e-04,2.917803e-02,1.686120e-01,3.953721e-01,2.762153e-03,6.130053e-03
6.233461e-02,1.798572e-02,4.759856e-03,5.786822e-03,1.331531e-02,2.084142e-02,1.506262e-03,9.251839e-02,2.547093e-01,1.571054e-03,2.677489e-02,1.715557e-01,3.144177e-01,3.086526e-03,8.836487e-03
5.387120e-02,1.815586e-02,4.280198e-03,6.968829e-03,9.835976e-03,1.591185e-02,1.160493e-03,6.496581e-02,2.224674e-01,1.910166e-03,2.228505e-02,3.363317e-01,2.306940e-01,3.507533e-03,7.653993e-03
6.191021e-02,2.248930e-02,3.821933e-03,7.855384e-03,1.399841e-02,1.769745e-02,2.283521e-03,4.709005e-02,3.666710e-01,1.972182e-03,2.045311e-02,2.519901e-01,1.714347e-01,3.266075e-03,7.066702e-03
1.345982e-01,2.795114e-02,3.915943e-03,1.640563e-02,1.512596e-02,2.085711e-02,2.303476e-03,3.420119e-02,3.455218e-01,3.550923e-03,1.874334e-02,2.257284e-01,1.347697e-01,3.810667e-03,1.251661e-02
2.001042e-01,2.996507e-02,4.063188e-03,2.419528e-02,1.611613e-02,2.269417e-02,2.299692e-03,2.614119e-02,3.347904e-01,4.616052e-03,1.722594e-02,1.921433e-01,1.029040e-01,5.780783e-03,1.696055e-02
2.277478e-01,3.057895e-02,3.348574e-03,2.857458e-02,2.609314e-02,2.602091e-02,2.872435e-03,1.934611e-02,3.295879e-01,3.634684e-03,2.069748e-02,1.720474e-01,8.881544e-02,5.117701e-03,1.551687e-02
2.275843e-01,4.602057e-02,3.114912e-03,4.109452e-02,3.512681e-02,2.538546e-02,3.042984e-03,1.729825e-02,3.249667e-01,4.079376e-03,2.030255e-02,1.490964e-01,8.115070e-02,5.032396e-03,1.670411e-02
2.025687e-01,4.880428e-02,3.247188e-03,3.557377e-02,3.808327e-02,5.224270e-02,3.821800e-03,1.679005e-02,3.314984e-01,4.518900e-03,2.367967e-02,1.207041e-01,9.173460e-02,7.354169e-03,1.937848e-02
1.806728e-01,5.897418e-02,3.417863e-03,2.687737e-02,4.827053e-02,6.094819e-02,3.504259e-03,1.985971e-02,3.422890e-01,3.400865e-03,2.117339e-02,9.369934e-02,1.073268e-01,6.719457e-03,2.286629e-02
1.558487e-01,8.644502e-02,4.868230e-03,2.568788e-02,7.326370e-02,6.923109e-02,3.849739e-03,4.435651e-02,3.096139e-01,2.977308e-03,1.694293e-02,7.749954e-02,1.042240e-01,5.523182e-03,1.966837e-02
1.340240e-01,1.013985e-01,4.196302e-03,1.938690e-02,6.633895e-02,8.358541e-02,3.458581e-03,4.205460e-02,2.747101e-01,2.452119e-03,1.479692e-02,6.730536e-02,1.610346e-01,5.233418e-03,2.002426e-02
1.196171e-01,9.394117e-02,3.396162e-03,1.416359e-02,6.357460e-02,1.037487e-01,2.873774e-03,3.365975e-02,2.293118e-01,1.791257e-03,1.141343e-02,5.909292e-02,2.421619e-01,4.057575e-03,1.719636e-02
1.256292e-01,7.436526e-02,4.397290e-03,1.304243e-02,5.258098e-02,9.672911e-02,2.821853e-03,3.767353e-02,1.772541e-01,1.671428e-03,8.809751e-03,4.806755e-02,3.372954e-01,3.411955e-03,1.625027e-02
1.399494e-01,6.872436e-02,3.627855e-03,1.157220e-02,5.774438e-02,8.896047e-02,3.653788e-03,3.201598e-02,1.644144e-01,1.704995e-03,7.233837e-03,4.494318e-02,3.567312e-01,3.241717e-03,1.548230e-02
1.507777e-01,7.465839e-02,4.066156e-03,1.136880e-02,4.583540e-02,8.906972e-02,4.236792e-03,2.803703e-02,1.367886e-01,1.848680e-03,6.730916e-03,4.075579e-02,3.826155e-01,3.029472e-03,2.018106e-02
1.451796e-01,8.130232e-02,5.863304e-03,1.477156e-02,3.913862e-02,7.242262e-02,4.055612e-03,2.259048e-02,1.260169e-01,2.625039e-03,6.074928e-03,3.468256e-02,4.131946e-01,2.912566e-03,2.916943e-02
1.089842e-01,7.345250e-02,7.355851e-03,2.078751e-02,3.177639e-02,5.634582e-02,3.577636e-03,1.741440e-02,1.243771e-01,5.583787e-03,7.450803e-03,2.996033e-02,4.374166e-01,4.228361e-03,7.128873e-02
8.162261e-02,7.486524e-02,4.614004e-02,1.093094e-01,2.354304e-02,4.201044e-02,2.682786e-03,1.313045e-02,1.407746e-01,1.188218e-02,1.077221e-02,2.530422e-02,3.239688e-01,6.141906e-03,8.785212e-02
7.201985e-02,6.537890e-02,4.107244e-02,8.457088e-02,1.855940e-02,5.334827e-02,2.929588e-03,1.350539e-02,1.348997e-01,1.110312e-02,1.311561e-02,2.060246e-02,3.856894e-01,6.589000e-03,7.661602e-02
5.371795e-02,4.882824e-02,3.172499e-02,7.008060e-02,1.520560e-02,5.084420e-02,3.326092e-03,9.767284e-03,1.008893e-01,8.270738e-03,1.224183e-02,1.628920e-02,5.130883e-01,5.159406e-03,6.056627e-02
5.122285e-02,3.532664e-02,2.367450e-02,5.646167e-02,1.244229e-02,6.171251e-02,2.514452e-03,7.410714e-03,7.256244e-02,5.870014e-03,9.981453e-03,1.406823e-02,5.993171e-01,3.727042e-03,4.370818e-02
4.536909e-02,2.498070e-02,1.666215e-02,4.027405e-02,9.655645e-03,4.494603e-02,1.841968e-03,5.321213e-03,5.121814e-02,4.154313e-03,7.566642e-03,1.119931e-02,7.028203e-01,2.704937e-03,3.128551e-02
3.745357e-02,1.775129e-02,1.175823e-02,2.834018e-02,8.050662e-03,3.581427e-02,1.365402e-03,3.915270e-03,3.627026e-02,2.925107e-03,5.451774e-03,8.494982e-03,7.783258e-01,1.953666e-03,2.212953e-02
3.697623e-02,1.321346e-02,8.450430e-03,2.014386e-02,9.079751e-03,3.095974e-02,1.268795e-03,3.071049e-03,2.675964e-02,2.111214e-03,4.275976e-03,7.708870e-03,8.183005e-01,1.494233e-03,1.618626e-02
3.751085e-02,1.040424e-02,6.316308e-03,1.459169e-02,8.735802e-03,5.269292e-02,1.342022e-03,2.439310e-03,1.946364e-02,1.771118e-03,7.100800e-03,2.037302e-02,8.000987e-01,1.903759e-03,1.525584e-02
3.460531e-02,7.753680e-03,4.594567e-03,1.045598e-02,7.768380e-03,5.133598e-02,1.169771e-03,2.060921e-03,1.494530e-02,2.013030e-03,1.670513e-02,4.426800e-02,7.867358e-01,2.625713e-03,1.296246e-02
3.280466e-02,5.585688e-03,3.265125e-03,7.589248e-03,6.172211e-03,6.177479e-02,9.212009e-04,1.486301e-03,1.135129e-02,2.802908e-03,3.753634e-02,1.422926e-01,6.738289e-01,2.770926e-03,9.817895e-03
2.775591e-02,4.021069e-03,2.334312e-03,5.646705e-03,7.020033e-03,5.403762e-02,7.535349e-04,1.065118e-03,1.045411e-02,3.397827e-03,4.627892e-02,2.793489e-01,5.467399e-01,2.918050e-03,8.228082e-03
2.728503e-02,2.902648e-03,1.655685e-03,4.175844e-03,7.992314e-03,4.448609e-02,5.777047e-04,7.695329e-04,8.648014e-03,4.037824e-03,6.804038e-02,3.718134e-01,4.481902e-01,2.926844e-03,6.498514e-03
3.271532e-02,2.228764e-03,1.237178e-03,3.285896e-03,7.348303e-03,3.824094e-02,4.739094e-04,6.702907e-04,8.919318e-03,9.690443e-03,7.850991e-02,4.675587e-01,3.413537e-01,2.459720e-03,5.307574e-03
3.187896e-02,1.669529e-03,8.967653e-04,2.459369e-03,6.122507e-03,3.014201e-02,3.604468e-04,5.063678e-04,1.088155e-02,1.628402e-02,7.753487e-02,5.613759e-01,2.540917e-01,1.914597e-03,3.881346e-03
3.886377e-02,1.335718e-03,6.899711e-04,1.883838e-03,4.661201e-03,2.790429e-02,3.673980e-04,5.886072e-04,2.064621e-02,2.115161e-02,6.924796e-02,6.215013e-01,1.869594e-01,1.436554e-03,2.762198e-03
2.790130e-02,9.963826e-04,5.034168e-04,1.453224e-03,5.072782e-03,2.011884e-02,3.610452e-04,1.051819e-03,7.119268e-02,1.754289e-02,5.822755e-02,6.477364e-01,1.448834e-01,1.016623e-03,1.941575e-03
2.081234e-02,8.146316e-04,3.711210e-04,1.153972e-03,1.679789e-02,1.427385e-02,5.255775e-04,1.437117e-03,1.322961e-01,1.627922e-02,5.060112e-02,6.191118e-01,1.234352e-01,7.228061e-04,1.367187e-03
2.390837e-02,1.063783e-03,4.454734e-04,1.079144e-03,1.816014e-02,1.032692e-02,5.283538e-04,2.107711e-03,2.499686e-01,2.113960e-02,4.001323e-02,5.300351e-01,9.973338e-02,5.229056e-04,9.672722e-04
2.510508e-02,1.455439e-03,5.373348e-04,9.402148e-04,1.667748e-02,7.540309e-03,4.288825e-04,2.426900e-03,2.838476e-01,2.253355e-02,3.088808e-02,5.274090e-01,7.911100e-02,3.997377e-04,6.993909e-04
2.452405e-02,1.713837e-03,1.272144e-03,2.377556e-03,1.801120e-02,5.694640e-03,4.108784e-04,2.482077e-02,2.744254e-01,2.327691e-02,2.600270e-02,5.234286e-01,7.318602e-02,3.440101e-04,5.111556e-04
2.297485e-02,2.013745e-03,1.277477e-03,2.351159e-03,1.579076e-02,4.165188e-03,3.658735e-04,2.354691e-02,3.346166e-01,2.343310e-02,2.182982e-02,4.870391e-01,5.984759e-02,3.262812e-04,4.216168e-04
2.426377e-02,4.102973e-03,3.355898e-03,5.158292e-03,1.442332e-02,3.384131e-03,4.573436e-04,7.415468e-02,4.043859e-01,3.265531e-02,2.002361e-02,3.663080e-01,4.668145e-02,2.798601e-04,3.654364e-04
1.892537e-02,5.356115e-03,2.496251e-03,3.788816e-03,1.211831e-02,2.412463e-03,3.331311e-04,5.225607e-02,5.749049e-01,2.308978e-02,1.417313e-02,2.569080e-01,3.272761e-02,2.099777e-04,3.000796e-04
1.436090e-02,6.193046e-03,1.940811e-03,3.232778e-03,1.157736e-02,1.797562e-03,2.514195e-04,3.673115e-02,6.937075e-01,1.625303e-02,1.010905e-02,1.803930e-01,2.300985e-02,1.650949e-04,2.775301e-04
1.068490e-02,9.287186e-03,1.446089e-03,3.562089e-03,1.538524e-02,1.642699e-03,1.814975e-04,2.609248e-02,7.701281e-01,1.147665e-02,7.294707e-03,1.263241e-01,1.613890e-02,1.305764e-04,2.248428e-04
9.152607e-03,1.001447e-02,1.112996e-03,1.044138e-02,1.955660e-02,1.627922e-03,1.404144e-04,1.952741e-02,8.136261e-01,8.429188e-03,5.503387e-03,8.850683e-02,1.133991e-02,1.275258e-04,8.933877e-04
1.233770e-02,1.269023e-02,1.115490e-03,1.545996e-02,2.936919e-02,2.277337e-03,1.197091e-04,1.802611e-02,8.261319e-01,6.102284e-03,4.876179e-03,6.206637e-02,7.991560e-03,2.197473e-04,1.216315e-03
1.520459e-02,1.107691e-02,1.400465e-03,2.815681e-02,1.022583e-01,2.778760e-03,2.938222e-04,3.880374e-02,7.416059e-01,4.440507e-03,3.504383e-03,4.348518e-02,5.641986e-03,1.769013e-04,1.171815e-03
2.878894e-02,1.384601e-02,1.563796e-03,4.541532e-02,1.964829e-01,5.955294e-03,4.534126e-04,3.071302e-02,6.318502e-01,3.700330e-03,2.644638e-03,3.050010e-02,4.000225e-03,1.537170e-04,3.932101e-03
2.740100e-02,1.655883e-02,2.494544e-03,1.118300e-01,2.018904e-01,4.468288e-03,3.961591e-04,6.225596e-02,5.332881e-01,3.625139e-03,2.555145e-03,2.160154e-02,2.896565e-03,1.602606e-04,8.578108e-03
2.729281e-02,1.325406e-02,3.474884e-03,1.420952e-01,2.505454e-01,5.671376e-03,1.040138e-03,9.050896e-02,4.375026e-01,2.685508e-03,2.056952e-03,1.520114e-02,2.084701e-03,1.408525e-04,6.445398e-03
4.719871e-02,1.982153e-02,3.572625e-03,1.564927e-01,2.920441e-01,1.016739e-02,1.649112e-03,7.214253e-02,3.744287e-01,2.122647e-03,1.889254e-03,1.081389e-02,1.581602e-03,1.629949e-04,5.912166e-03
6.947119e-02,2.104047e-02,4.725166e-03,1.619071e-01,2.576302e-01,1.256371e-02,2.003567e-03,5.318486e-02,3.960446e-01,1.681642e-03,2.854604e-03,8.490909e-03,1.808579e-03,4.155518e-04,6.177885e-03
8.447962e-02,3.109874e-02,7.475337e-03,1.918307e-01,2.049088e-01,1.536157e-02,1.824865e-03,3.976299e-02,3.922661e-01,2.016725e-03,4.139287e-03,7.627190e-03,1.907059e-03,1.065818e-03,1.423528e-02
1.772319e-01,3.883005e-02,7.899389e-03,1.752566e-01,1.639719e-01,2.421685e-02,3.075830e-03,3.257465e-02,3.385327e-01,1.912444e-03,6.298772e-03,9.788208e-03,4.158496e-03,1.818266e-03,1.443389e-02
1.322877e-01,3.396406e-02,6.324804e-03,3.702148e-01,1.274431e-01,1.790952e-02,2.225245e-03,2.388833e-02,2.422642e-01,1.850098e-03,1.827607e-02,7.305585e-03,3.450900e-03,1.892056e-03,1.070365e-02
9.353258e-02,1.456681e-01,1.846321e-02,3.705817e-01,9.516697e-02,1.316960e-02,1.756817e-03,1.697719e-02,1.760747e-01,1.716616e-03,4.155578e-02,5.604824e-03,2.670039e-03,8.785116e-03,8.276746e-03
6.593630e-02,1.302229e-01,2.006201e-02,2.728211e-01,6.730217e-02,9.364026e-03,1.291219e-03,1.207400e-02,1.306107e-01,1.392250e-03,2.279136e-01,7.946166e-03,2.736385e-03,4.381590e-02,6.511342e-03
4.721032e-02,9.441370e-02,1.571258e-02,2.001971e-01,4.749260e-02,8.247275e-03,9.541658e-04,8.593992e-03,9.348238e-02,1.121924e-03,3.666605e-01,1.358742e-02,2.765589e-03,9.482504e-02,4.735488e-03
3.353394e-02,6.743421e-02,1.141753e-02,1.430514e-01,3.507483e-02,6.710674e-03,7.226675e-04,6.074311e-03,6.576758e-02,9.327048e-04,4.166095e-01,2.093131e-02,2.220209e-03,1.860665e-01,3.452659e-03
2.350195e-02,4.731087e-02,8.277215e-03,1.007935e-01,2.619778e-02,5.011875e-03,5.335960e-04,4.268941e-03,4.614048e-02,6.916841e-04,4.922819e-01,2.688721e-02,1.685171e-03,2.139807e-01,2.437116e-03
1.650141e-02,3.342851e-02,6.022813e-03,7.085413e-02,2.976713e-02,5.134196e-03,5.613938e-04,3.055140e-03,3.239594e-02,5.471729e-04,5.726475e-01,2.943646e-02,1.596478e-03,1.963042e-01,1.747585e-03
1.167461e-02,2.359432e-02,4.326899e-03,4.999268e-02,7.627455e-02,7.501544e-03,7.176322e-04,2.265812e-03,2.286876e-02,5.062810e-04,5.711847e-01,5.782023e-02,1.896946e-03,1.680781e-01,1.296939e-03
8.261675e-03,1.673250e-02,3.174664e-03,3.533996e-02,1.125057e-01,6.380699e-03,5.579996e-04,1.658670e-03,1.647207e-02,5.113698e-04,5.809482e-01,5.243896e-02,2.116807e-03,1.618658e-01,1.034923e-03
5.869157e-03,1.223156e-02,2.319810e-03,2.485478e-02,1.359601e-01,5.849164e-03,4.103474e-04,1.194501e-03,1.228234e-02,5.592466e-04,6.144537e-01,5.193897e-02,1.847960e-03,1.293305e-01,8.979283e-04
4.232323e-03,9.119549e-03,1.720767e-03,1.758797e-02,1.175316e-01,4.945693e-03,2.987406e-04,9.163810e-04,1.015230e-02,5.567881e-04,6.526318e-01,6.816149e-02,1.495166e-03,1.098637e-01,7.857819e-04
3.066570e-03,6.729163e-03,1.277378e-03,1.245780e-02,1.062779e-01,3.657729e-03,2.348522e-04,7.488490e-04,8.794702e-03,5.780999e-04,6.538842e-01,1.054299e-01,1.252722e-03,9.499414e-02,6.158933e-04
2.332356e-03,5.071447e-03,9.571526e-04,8.738481e-03,1.418423e-01,2.697381e-03,2.050342e-04,5.579945e-04,6.533789e-03,1.066101e-03,6.300418e-01,1.081308e-01,1.100164e-03,9.020664e-02,5.185147e-04
2.076286e-03,3.981450e-03,8.035083e-04,6.182634e-03,1.194968e-01,2.295222e-03,2.030992e-04,4.934289e-04,5.004441e-03,1.386395e-03,6.260809e-01,1.462359e-01,1.231325e-03,8.406283e-02,4.657931e-04
3.003966e-03,5.276509e-03,9.133137e-04,4.532631e-03,9.280460e-02,2.846332e-03,4.355876e-04,6.832989e-04,4.561492e-03,2.215360e-03,6.380394e-01,1.724008e-01,1.359088e-03,6.994550e-02,9.821842e-04
2.728910e-03,5.927462e-03,8.543476e-04,3.318199e-03,8.965823e-02,2.661682e-03,1.446638e-03,1.022187e-03,4.330008e-03,2.792450e-03,6.536796e-01,1.742794e-01,1.493399e-03,5.467556e-02,1.131983e-03
3.271482e-03,6.195705e-03,9.232674e-04,2.481649e-03,7.291837e-02,2.932548e-03,1.692700e-03,1.315026e-03,3.729274e-03,2.653566e-03,6.921071e-01,1.636741e-01,1.532054e-03,4.323973e-02,1.333506e-03
5.534902e-03,5.774348e-03,9.389700e-04,1.846264e-03,5.472245e-02,3.280997e-03,1.503577e-03,1.417647e-03,3.226357e-03,2.452779e-03,7.083380e-01,1.690371e-01,1.798857e-03,3.892756e-02,1.200314e-03
6.319861e-03,5.685898e-03,9.285674e-04,1.360736e-03,4.346230e-02,3.194303e-03,1.280718e-03,1.281485e-03,2.672482e-03,2.236734e-03,7.371844e-01,1.550300e-01,1.780451e-03,3.646012e-02,1.122019e-03
5.642129e-03,5.516381e-03,1.023499e-03,1.027700e-03,3.771264e-02,3.264648e-03,1.053683e-03,1.068883e-03,2.360220e-03,3.369404e-03,6.953498e-01,1.944644e-01,2.582962e-03,4.449481e-02,1.068973e-03
4.942623e-03,4.780176e-03,1.057805e-03,7.955137e-04,4.550825e-02,3.286948e-03,1.098210e-03,9.682976e-04,2.063089e-03,2.902368e-03,7.272400e-01,1.590050e-01,2.711553e-03,4.261028e-02,1.030011e-03
6.651223e-03,1.088576e-02,3.650390e-03,1.002201e-03,7.852568e-02,5.471384e-03,1.328819e-03,1.226437e-03,3.383798e-03,4.510260e-03,6.522491e-01,1.735632e-01,2.669822e-03,4.338099e-02,1.150098e-02
8.645568e-03,1.261640e-02,6.860690e-03,1.031298e-03,7.574978e-02,6.969934e-03,1.641044e-03,1.138914e-03,4.524206e-03,7.253065e-03,6.704639e-01,1.435156e-01,2.467433e-03,3.716015e-02,1.996195e-02
1.545172e-02,1.058650e-02,8.673197e-03,1.030753e-03,6.473404e-02,1.809980e-02,4.723392e-03,2.879459e-03,4.229546e-03,6.999901e-03,7.003579e-01,1.124251e-01,2.314739e-03,2.997130e-02,1.752267e-02
1.163943e-02,7.659404e-03,6.473241e-03,7.573193e-04,4.692314e-02,2.001700e-02,4.505231e-03,2.212609e-03,3.125925e-03,5.148385e-03,7.754687e-01,8.009911e-02,1.904802e-03,2.112924e-02,1.293647e-02
9.316728e-03,7.199975e-03,6.633848e-03,6.862165e-04,3.571464e-02,2.313003e-02,3.634192e-03,1.870582e-03,2.828490e-03,3.750232e-03,8.203084e-01,5.847250e-02,1.717738e-03,1.490018e-02,9.836245e-03
8.406290e-03,5.929110e-03,7.263053e-03,8.194474e-04,2.830872e-02,3.454379e-02,3.798787e-03,2.728973e-03,2.588405e-03,2.822850e-03,8.374313e-01,4.549665e-02,1.833735e-03,1.049708e-02,7.531853e-03
8.087201e-03,4.867729e-03,6.509261e-03,1.376511e-03,6.252458e-02,3.303498e-02,1.351040e-02,7.378746e-03,3.102724e-03,2.309832e-03,8.089021e-01,3.368926e-02,1.693086e-03,7.412527e-03,5.601129e-03
9.992376e-03,4.516779e-03,9.033193e-03,3.359732e-03,5.827101e-02,4.218241e-02,1.377176e-02,1.875011e-02,3.049197e-03,1.705230e-03,7.983064e-01,2.590295e-02,1.654191e-03,5.234158e-03,4.270508e-03
1.727907e-02,7.583009e-03,1.820639e-02,3.434991e-03,6.949117e-02,5.200071e-02,9.997406e-03,2.937829e-02,7.559272e-03,1.397366e-03,7.436322e-01,2.933748e-02,3.667916e-03,3.881776e-03,3.152978e-03
2.883328e-02,9.044558e-03,3.934018e-02,4.806136e-03,6.314761e-02,5.688398e-02,7.403919e-03,6.764802e-02,1.039176e-02,1.140875e-03,6.707464e-01,2.495891e-02,9.112282e-03,3.453539e-03,3.088500e-03
3.073879e-02,1.195261e-02,4.047564e-02,5.862790e-03,7.555334e-02,4.535177e-02,5.632653e-03,1.111141e-01,1.531011e-02,8.505093e-04,6.174552e-01,1.941538e-02,1.491296e-02,2.714177e-03,2.659879e-03
3.444598e-02,1.287009e-02,3.253924e-02,7.129622e-03,6.818692e-02,3.575713e-02,4.127200e-03,2.410834e-01,2.125954e-02,7.270984e-04,4.639043e-01,3.134358e-02,4.150341e-02,2.633359e-03,2.489105e-03
3.051262e-02,1.584091e-02,2.979263e-02,5.680413e-03,5.931968e-02,2.670260e-02,3.007493e-03,3.042960e-01,1.984107e-02,5.317883e-04,3.496684e-01,2.883246e-02,1.213798e-01,2.586180e-03,2.008005e-03
2.873286e-02,1.307940e-02,3.245044e-02,4.203524e-03,4.677314e-02,1.990355e-02,2.211961e-03,2.453319e-01,1.561938e-02,4.149146e-04,2.517568e-01,3.289107e-02,3.015624e-01,2.582607e-03,2.486046e-03
2.592905e-02,9.613091e-03,6.515519e-02,4.151650e-03,3.944235e-02,1.580577e-02,1.804199e-03,2.543038e-01,1.240312e-02,4.006438e-04,1.809588e-01,2.796000e-02,3.519880e-01,2.319257e-03,7.765126e-03
4.258395e-02,8.491172e-03,9.226283e-02,5.045084e-03,7.619464e-02,1.250413e-02,1.890011e-03,1.845734e-01,1.327703e-02,5.598457e-04,1.422847e-01,3.183573e-02,3.432437e-01,6.189373e-03,3.906436e-02
4.846031e-02,6.395725e-03,7.183994e-02,5.099910e-03,9.809919e-02,9.727011e-03,1.930607e-03,1.321952e-01,1.437618e-02,2.198007e-03,1.469748e-01,5.813321e-02,3.588451e-01,7.844803e-03,3.787997e-02
3.889424e-02,4.957210e-03,5.464902e-02,4.739077e-03,9.515430e-02,7.721896e-03,1.826554e-03,9.420362e-02,1.467337e-02,3.067992e-03,2.105262e-01,7.278687e-02,3.530718e-01,9.135396e-03,3.459242e-02
2.985512e-02,4.154232e-03,4.027233e-02,6.357336e-03,7.522240e-02,8.014668e-03,1.405052e-03,6.706835e-02,1.960726e-02,3.254972e-03,2.217728e-01,1.362347e-01,3.538925e-01,7.276164e-03,2.561201e-02
2.314142e-02,3.572838e-03,3.200191e-02,5.743336e-03,5.804097e-02,7.313197e-03,1.063846e-03,4.707909e-02,1.680785e-02,8.716010e-03,2.922869e-01,1.507915e-01,3.047804e-01,1.743819e-02,3.122258e-02
1.760587e-02,2.769427e-03,2.383096e-02,5.493981e-03,4.569856e-02,7.961261e-03,8.295870e-04,3.315788e-02,1.632548e-02,2.320059e-02,3.192452e-01,1.699675e-01,2.687739e-01,1.636638e-02,4.877346e-02
1.374223e-02,2.053617e-03,1.754595e-02,5.189499e-03,3.564594e-02,9.768186e-03,6.734356e-04,2.362874e-02,1.406866e-02,3.331301e-02,3.270470e-01,2.131554e-01,2.423294e-01,1.363281e-02,4.820613e-02
1.265651e-02,1.598345e-03,1.411165e-02,4.407180e-03,3.523613e-02,1.351465e-02,5.979171e-04,1.767016e-02,1.245051e-02,3.507889e-02,3.241218e-01,2.313988e-01,2.277330e-01,1.229849e-02,5.712597e-02
1.474236e-02,1.415984e-03,1.436042e-02,5.395590e-03,3.007453e-02,1.432710e-02,6.804995e-04,1.482639e-02,1.018056e-02,5.305533e-02,3.011652e-01,2.773913e-01,1.991939e-01,1.122164e-02,5.196920e-02
1.870529e-02,1.134893e-03,1.181963e-02,7.366423e-03,3.929179e-02,1.042199e-02,6.397280e-04,1.682526e-02,9.364985e-03,5.619792e-02,2.530944e-01,3.073934e-01,2.154835e-01,9.133812e-03,4.312696e-02
2.063115e-02,9.810720e-04,9.877775e-03,8.562965e-03,5.081203e-02,7.622046e-03,5.404949e-04,1.782233e-02,9.453780e-03,4.913224e-02,2.155732e-01,3.357532e-01,2.343286e-01,6.995114e-03,3.191404e-02
2.219480e-02,1.107183e-03,9.688778e-03,7.596259e-03,4.948805e-02,6.440579e-03,5.177400e-04,3.949570e-02,1.733507e-02,3.661942e-02,1.960527e-01,3.709981e-01,2.148752e-01,5.067844e-03,2.252271e-02
2.303018e-02,9.779907e-04,9.460708e-03,6.267654e-03,4.606674e-02,4.907561e-03,5.441814e-04,8.776058e-02,3.129137e-02,2.644550e-02,1.904439e-01,3.704429e-01,1.828135e-01,3.666132e-03,1.588121e-02
1.827445e-02,7.358234e-04,7.225483e-03,6.008034e-03,4.156601e-02,3.592194e-03,4.164195e-04,9.729889e-02,2.916426e-02,1.990277e-02,1.817049e-01,3.840752e-01,1.960679e-01,2.707146e-03,1.126063e-02
1.526804e-02,7.148498e-04,5.745830e-03,6.305385e-03,4.790775e-02,3.395900e-03,5.647246e-04,9.138255e-02,9.643023e-02,1.762584e-02,1.841926e-01,3.151152e-01,2.034487e-01,2.031021e-03,9.871426e-03
1.218547e-02,6.982799e-04,4.446768e-03,7.868878e-03,4.919463e-02,3.008751e-03,7.624149e-04,9.056309e-02,2.156505e-01,1.700898e-02,1.683227e-01,2.385842e-01,1.826463e-01,1.461190e-03,7.597974e-03
8.948372e-03,6.301363e-04,3.117598e-03,5.573474e-03,3.562458e-02,2.128117e-03,5.407758e-04,6.377833e-02,4.311922e-01,1.226906e-02,1.309524e-01,1.689173e-01,1.299755e-01,1.024831e-03,5.327323e-03
7.308899e-03,5.417045e-04,2.231016e-03,5.055982e-03,3.270984e-02,1.587262e-03,1.324676e-03,5.526275e-02,5.485260e-01,1.037092e-02,1.189400e-01,1.185287e-01,9.314089e-02,7.217276e-04,3.749679e-03
1.166315e-02,5.364267e-04,1.584264e-03,6.384453e-03,3.706448e-02,1.467027e-03,1.160558e-03,4.341332e-02,5.919062e-01,2.869375e-02,1.243566e-01,8.301565e-02,6.558967e-02,5.289029e-04,2.635655e-03
2.726452e-02,5.451043e-04,1.249210e-03,1.233229e-02,6.913456e-02,1.405449e-03,1.111257e-03,5.848418e-02,5.849994e-01,3.393336e-02,1.022628e-01,5.828686e-02,4.672020e-02,4.156269e-04,1.855270e-03
3.831761e-02,6.112352e-04,1.090265e-03,1.357019e-02,8.239964e-02,1.514407e-03,1.060055e-03,6.572189e-02,5.842577e-01,4.418087e-02,9.094629e-02,4.117070e-02,3.346913e-02,3.637530e-04,1.326351e-03
5.345352e-02,9.802605e-04,8.652280e-04,1.221294e-02,8.475186e-02,1.514193e-03,9.923426e-04,5.586595e-02,6.042601e-01,4.694065e-02,8.109359e-02,3.067133e-02,2.500976e-02,3.766630e-04,1.011678e-03
7.483228e-02,9.915470e-04,7.629538e-04,3.367450e-02,1.339845e-01,1.877479e-03,1.098568e-03,5.934076e-02,5.442985e-01,3.536438e-02,6.801265e-02,2.507768e-02,1.957732e-02,3.125358e-04,7.942991e-04
1.355517e-01,1.521893e-03,7.532239e-04,4.566449e-02,1.423358e-01,2.105892e-03,9.730981e-04,4.632136e-02,5.018860e-01,2.669860e-02,5.637940e-02,2.270683e-02,1.606532e-02,3.128691e-04,7.234706e-04
2.638490e-01,1.641382e-03,1.007588e-03,5.365620e-02,1.508786e-01,2.546049e-03,9.281510e-04,3.816238e-02,3.823824e-01,1.895162e-02,4.569890e-02,2.448342e-02,1.412438e-02,5.556975e-04,1.134240e-03
3.440821e-01,1.639267e-03,1.103572e-03,5.291088e-02,1.555469e-01,2.747402e-03,8.584277e-04,2.966298e-02,3.172712e-01,1.386725e-02,3.686487e-02,2.858507e-02,1.285825e-02,6.574442e-04,1.344392e-03
3.868677e-01,3.865492e-03,1.589496e-03,9.305041e-02,1.497801e-01,7.164792e-03,1.904298e-03,2.932194e-02,2.369040e-01,1.042794e-02,3.053363e-02,3.205219e-02,1.302411e-02,1.078507e-03,2.435385e-03
2.940270e-01,1.039797e-02,1.448623e-03,1.800088e-01,2.409567e-01,6.085027e-03,1.932896e-03,2.530517e-02,1.670866e-01,7.628578e-03,2.463520e-02,2.400101e-02,1.307371e-02,1.249140e-03,2.163623e-03
2.245174e-01,1.202581e-02,2.410969e-03,1.692213e-01,2.640004e-01,5.815836e-03,2.103940e-03,1.977116e-02,1.276778e-01,1.666988e-02,8.127256e-02,1.901192e-02,1.943885e-02,2.892180e-02,7.140383e-03
1.609345e-01,9.520250e-03,2.515610e-03,1.456585e-01,1.945424e-01,5.201800e-03,1.684198e-03,1.452758e-02,1.411439e-01,2.591081e-02,1.859913e-01,1.482653e-02,3.164702e-02,4.345861e-02,2.243693e-02
1.151577e-01,7.932972e-03,2.820473e-03,1.154321e-01,1.393425e-01,4.738382e-03,1.253370e-03,1.067219e-02,2.643599e-01,3.762117e-02,1.783289e-01,1.150619e-02,2.948838e-02,4.145493e-02,3.989078e-02
8.574433e-02,6.716390e-03,3.192242e-03,8.331600e-02,1.042488e-01,4.527899e-03,1.054012e-03,8.039729e-03,3.349594e-01,2.997117e-02,1.412559e-01,8.923613e-03,2.409111e-02,9.756979e-02,6.638950e-02
6.825913e-02,6.165894e-03,2.955702e-03,5.942008e-02,7.668658e-02,4.718815e-03,7.907709e-04,5.846709e-03,2.544449e-01,2.279789e-02,1.968220e-01,7.095932e-03,2.096259e-02,1.601770e-01,1.128560e-01
5.438216e-02,4.969901e-03,2.680628e-03,4.187515e-02,5.849918e-02,4.280016e-03,5.813116e-04,4.120023e-03,1.848479e-01,2.231524e-02,1.798152e-01,5.400702e-03,1.650966e-02,2.352824e-01,1.844406e-01
4.039279e-02,4.358040e-03,2.484303e-03,2.934727e-02,4.238454e-02,4.617586e-03,4.275078e-04,2.892334e-03,1.329225e-01,1.846542e-02,1.326099e-01,3.957740e-03,1.269544e-02,3.866457e-01,1.857990e-01
3.390724e-02,3.909007e-02,1.150769e-02,2.067961e-02,3.124221e-02,9.160189e-03,3.546702e-04,2.079666e-03,1.250181e-01,2.260012e-02,1.160304e-01,3.267947e-03,1.054341e-02,2.972141e-01,2.773045e-01
2.570087e-02,4.431048e-02,5.439625e-02,1.584594e-02,2.367526e-02,1.216976e-02,5.863250e-04,1.694579e-03,1.159066e-01,2.464991e-02,8.384401e-02,2.529541e-03,8.725007e-03,2.236123e-01,3.623531e-01
1.893078e-02,7.067087e-02,6.114992e-02,1.180069e-02,1.730379e-02,9.918021e-03,4.355026e-04,1.217792e-03,9.981693e-02,2.464455e-02,5.919547e-02,1.800198e-03,6.608152e-03,1.613644e-01,4.551429e-01
