1.000000e+00,0.000000e+00,0.000000e+00,0.000000e+00,0.000000e+00,0.000000e+00,0.000000e+00,0.000000e+00,0.000000e+00,0.000000e+00,0.000000e+00,0.000000e+00,0.000000e+00,0.000000e+00,0.000000e+00
1.000000e+00,0.000000e+00,0.000000e+00,0.000000e+00,0.000000e+00,0.000000e+00,0.000000e+00,0.000000e+00,0.000000e+00,0.000000e+00,0.000000e+00,0.000000e+00,0.000000e+00,0.000000e+00,0.000000e+00
1.000000e+00,0.000000e+00,0.000000e+00,0.000000e+00,0.000000e+00,0.000000e+00,0.000000e+00,0.000000e+00,0.000000e+00,0.000000e+00,0.000000e+00,0.000000e+00,0.000000e+00,0.000000e+00,0.000000e+00
1.000000e+00,0.000000e+00,0.000000e+00,0.000000e+00,0.000000e+00,0.000000e+00,0.000000e+00,0.000000e+00,0.000000e+00,0.000000e+00,0.000000e+00,0.000000e+00,0.000000e+00,0.000000e+00,0.000000e+00
1.000000e+00,0.000000e+00,0.000000e+00,0.000000e+00,0.000000e+00,0.000000e+00,0.000000e+00,0.000000e+00,0.000000e+00,0.000000e+00,0.000000e+00,0.000000e+00,0.000000e+00,0.000000e+00,0.000000e+00
1.000000e+00,0.000000e+00,0.000000e+00,0.000000e+00,0.000000e+00,0.000000e+00,0.000000e+00,0.000000e+00,0.000000e+00,0.000000e+00,0.000000e+00,0.000000e+00,0.000000e+00,0.000000e+00,0.000000e+00
1.000000e+00,0.000000e+00,0.000000e+00,0.000000e+00,0.000000e+00,0.000000e+00,0.000000e+00,0.000000e+00,0.000000e+00,0.000000e+00,0.000000e+00,0.000000e+00,0.000000e+00,0.000000e+00,0.000000e+00
1.000000e+00,0.000000e+00,0.000000e+00,0.000000e+00,0.000000e+00,0.000000e+00,0.000000e+00,0.000000e+00,0.000000e+00,0.000000e+00,0.000000e+00,0.000000e+00,0.000000e+00,0.000000e+00,0.000000e+00
1.000000e+00,0.000000e+00,0.000000e+00,0.000000e+00,0.000000e+00,0.000000e+00,0.000000e+00,0.000000e+00,0.000000e+00,0.000000e+00,0.000000e+00,0.000000e+00,0.000000e+00,0.000000e+00,0.000000e+00
1.000000e+00,0.000000e+00,0.000000e+00,0.000000e+00,0.000000e+00,0.000000e+00,0.000000e+00,0.000000e+00,0.000000e+00,0.000000e+00,0.000000e+00,0.000000e+00,0.000000e+00,0.000000e+00,0.000000e+00
1.000000e+00,0.000000e+00,0.000000e+00,0.000000e+00,0.000000e+00,0.000000e+00,0.000000e+00,0.000000e+00,0.000000e+00,0.000000e+00,0.000000e+00,0.000000e+00,0.000000e+00,0.000000e+00,0.000000e+00
1.000000e+00,0.000000e+00,0.000000e+00,0.000000e+00,0.000000e+00,0.000000e+00,0.000000e+00,0.000000e+00,0.000000e+00,0.000000e+00,0.000000e+00,0.000000e+00,0.000000e+00,0.000000e+00,0.000000e+00
1.000000e+00,0.000000e+00,0.000000e+00,0.000000e+00,0.000000e+00,0.000000e+00,0.000000e+00,0.000000e+00,0.000000e+00,0.000000e+00,0.000000e+00,0.000000e+00,0.000000e+00,0.000000e+00,0.000000e+00
1.000000e+00,0.000000e+00,0.000000e+00,0.000000e+00,0.000000e+00,0.000000e+00,0.000000e+00,0.000000e+00,0.000000e+00,0.000000e+00,0.000000e+00,0.000000e+00,0.000000e+00,0.000000e+00,0.000000e+00
1.000000e+00,0.000000e+00,0.000000e+00,0.000000e+00,0.000000e+00,0.000000e+00,0.000000e+00,0.000000e+00,0.000000e+00,0.000000e+00,0.000000e+00,0.000000e+00,0.000000e+00,0.000000e+00,0.000000e+00
1.000000e+00,0.000000e+00,0.000000e+00,0.000000e+00,0.000000e+00,0.000000e+00,0.000000e+00,0.000000e+00,0.000000e+00,0.000000e+00,0.000000e+00,0.000000e+00,0.000000e+00,0.000000e+00,0.000000e+00
1.000000e+00,0.000000e+00,0.000000e+00,0.000000e+00,0.000000e+00,0.000000e+00,0.000000e+00,0.000000e+00,0.000000e+00,0.000000e+00,0.000000e+00,0.000000e+00,0.000000e+00,0.000000e+00,0.000000e+00
1.000000e+00,0.000000e+00,0.000000e+00,0.000000e+00,0.000000e+00,0.000000e+00,0.000000e+00,0.000000e+00,0.000000e+00,0.000000e+00,0.000000e+00,0.000000e+00,0.000000e+00,0.000000e+00,0.000000e+00
1.000000e+00,0.000000e+00,0.000000e+00,0.000000e+00,0.000000e+00,0.000000e+00,0.000000e+00,0.000000e+00,0.000000e+00,0.000000e+00,0.000000e+00,0.000000e+00,0.000000e+00,0.000000e+00,0.000000e+00
1.000000e+00,0.000000e+00,0.000000e+00,0.000000e+00,0.000000e+00,0.000000e+00,0.000000e+00,0.000000e+00,0.000000e+00,0.000000e+00,0.000000e+00,0.000000e+00,0.000000e+00,0.000000e+00,0.000000e+00
1.000000e+00,0.000000e+00,0.000000e+00,0.000000e+00,0.000000e+00,0.000000e+00,0.000000e+00,0.000000e+00,0.000000e+00,0.000000e+00,0.000000e+00,0.000000e+00,0.000000e+00,0.000000e+00,0.000000e+00
1.000000e+00,0.000000e+00,0.000000e+00,0.000000e+00,0.000000e+00,0.000000e+00,0.000000e+00,0.000000e+00,0.000000e+00,0.000000e+00,0.000000e+00,0.000000e+00,0.000000e+00,0.000000e+00,0.000000e+00
1.000000e+00,0.000000e+00,0.000000e+00,0.000000e+00,0.000000e+00,0.000000e+00,0.000000e+00,0.000000e+00,0.000000e+00,0.000000e+00,0.000000e+00,0.000000e+00,0.000000e+00,0.000000e+00,0.000000e+00
1.000000e+00,0.000000e+00,0.000000e+00,0.000000e+00,0.000000e+00,0.000000e+00,0.000000e+00,0.000000e+00,0.000000e+00,0.000000e+00,0.000000e+00,0.000000e+00,0.000000e+00,0.000000e+00,0.000000e+00
1.000000e+00,0.000000e+00,0.000000e+00,0.000000e+00,0.000000e+00,0.000000e+00,0.000000e+00,0.000000e+00,0.000000e+00,0.000000e+00,0.000000e+00,0.000000e+00,0.000000e+00,0.000000e+00,0.000000e+00
1.000000e+00,0.000000e+00,0.000000e+00,0.000000e+00,0.000000e+00,0.000000e+00,0.000000e+00,0.000000e+00,0.000000e+00,0.000000e+00,0.000000e+00,0.000000e+00,0.000000e+00,0.000000e+00,0.000000e+00
1.000000e+00,0.000000e+00,0.000000e+00,0.000000e+00,0.000000e+00,0.000000e+00,0.000000e+00,0.000000e+00,0.000000e+00,0.000000e+00,0.000000e+00,0.000000e+00,0.000000e+00,0.000000e+00,0.000000e+00
1.000000e+00,0.000000e+00,0.000000e+00,0.000000e+00,0.000000e+00,0.000000e+00,0.000000e+00,0.000000e+00,0.000000e+00,0.000000e+00,0.000000e+00,0.000000e+00,0.000000e+00,0.000000e+00,0.000000e+00
1.000000e+00,0.000000e+00,0.000000e+00,0.000000e+00,0.000000e+00,0.000000e+00,0.000000e+00,0.000000e+00,0.000000e+00,0.000000e+00,0.000000e+00,0.000000e+00,0.000000e+00,0.000000e+00,0.000000e+00
1.000000e+00,0.000000e+00,0.000000e+00,0.000000e+00,0.000000e+00,0.000000e+00,0.000000e+00,0.000000e+00,0.000000e+00,0.000000e+00,0.000000e+00,0.000000e+00,0.000000e+00,0.000000e+00,0.000000e+00
1.000000e+00,0.000000e+00,0.000000e+00,0.000000e+00,0.000000e+00,0.000000e+00,0.000000e+00,0.000000e+00,0.000000e+00,0.000000e+00,0.000000e+00,0.000000e+00,0.000000e+00,0.000000e+00,0.000000e+00
1.000000e+00,0.000000e+00,0.000000e+00,0.000000e+00,0.000000e+00,0.000000e+00,0.000000e+00,0.000000e+00,0.000000e+00,0.000000e+00,0.000000e+00,0.000000e+00,0.000000e+00,0.000000e+00,0.000000e+00
1.000000e+00,0.000000e+00,0.000000e+00,0.000000e+00,0.000000e+00,0.000000e+00,0.000000e+00,0.000000e+00,0.000000e+00,0.000000e+00,0.000000e+00,0.000000e+00,0.000000e+00,0.000000e+00,0.000000e+00
1.000000e+00,0.000000e+00,0.000000e+00,0.000000e+00,0.000000e+00,0.000000e+00,0.000000e+00,0.000000e+00,0.000000e+00,0.000000e+00,0.000000e+00,0.000000e+00,0.000000e+00,0.000000e+00,0.000000e+00
1.000000e+00,0.000000e+00,0.000000e+00,0.000000e+00,0.000000e+00,0.000000e+00,0.000000e+00,0.000000e+00,0.000000e+00,0.000000e+00,0.000000e+00,0.000000e+00,0.000000e+00,0.000000e+00,0.000000e+00
1.000000e+00,0.000000e+00,0.000000e+00,0.000000e+00,0.000000e+00,0.000000e+00,0.000000e+00,0.000000e+00,0.000000e+00,0.000000e+00,0.000000e+00,0.000000e+00,0.000000e+00,0.000000e+00,0.000000e+00
1.000000e+00,0.000000e+00,0.000000e+00,0.000000e+00,0.000000e+00,0.000000e+00,0.000000e+00,0.000000e+00,0.000000e+00,0.000000e+00,0.000000e+00,0.000000e+00,0.000000e+00,0.000000e+00,0.000000e+00
1.000000e+00,0.000000e+00,0.000000e+00,0.000000e+00,0.000000e+00,0.000000e+00,0.000000e+00,0.000000e+00,0.000000e+00,0.000000e+00,0.000000e+00,0.000000e+00,0.000000e+00,0.000000e+00,0.000000e+00
1.000000e+00,0.000000e+00,0.000000e+00,0.000000e+00,0.000000e+00,0.000000e+00,0.000000e+00,0.000000e+00,0.000000e+00,0.000000e+00,0.000000e+00,0.000000e+00,0.000000e+00,0.000000e+00,0.000000e+00
1.000000e+00,0.000000e+00,0.000000e+00,0.000000e+00,0.000000e+00,0.000000e+00,0.000000e+00,0.000000e+00,0.000000e+00,0.000000e+00,0.000000e+00,0.000000e+00,0.000000e+00,0.000000e+00,0.000000e+00
1.000000e+00,0.000000e+00,0.000000e+00,0.000000e+00,0.000000e+00,0.000000e+00,0.000000e+00,0.000000e+00,0.000000e+00,0.000000e+00,0.000000e+00,0.000000e+00,0.000000e+00,0.000000e+00,0.000000e+00
1.000000e+00,0.000000e+00,0.000000e+00,0.000000e+00,0.000000e+00,0.000000e+00,0.000000e+00,0.000000e+00,0.000000e+00,0.000000e+00,0.000000e+00,0.000000e+00,0.000000e+00,0.000000e+00,0.000000e+00
1.000000e+00,0.000000e+00,0.000000e+00,0.000000e+00,0.000000e+00,0.000000e+00,0.000000e+00,0.000000e+00,0.000000e+00,0.000000e+00,0.000000e+00,0.000000e+00,0.000000e+00,0.000000e+00,0.000000e+00
4.270176e-01,2.662823e-01,2.651427e-02,1.885738e-01,3.717431e-03,8.164836e-03,2.306070e-03,8.276895e-03,6.325942e-03,1.459962e-03,2.112384e-02,1.146235e-02,9.785715e-03,2.631839e-03,1.635705e-02
2.993434e-01,2.454129e-01,2.356253e-02,1.412513e-01,2.695431e-03,6.061318e-03,1.625600e-03,5.845177e-03,6.361535e-03,1.220371e-03,2.306439e-01,1.064824e-02,7.222446e-03,3.672750e-03,1.443316e-02
2.096669e-01,1.732896e-01,1.657752e-02,9.950703e-02,2.492365e-03,4.902400e-03,1.145677e-03,4.108385e-03,4.730317e-03,8.913676e-04,4.499164e-01,1.153919e-02,5.173373e-03,5.418408e-03,1.064120e-02
1.469555e-01,1.220561e-01,1.168745e-02,7.063842e-02,2.025932e-02,5.922654e-03,8.391248e-04,2.921029e-03,3.686073e-03,6.606530e-04,5.509895e-01,3.649662e-02,3.935904e-03,1.502443e-02,7.927175e-03
1.029599e-01,8.552528e-02,8.196973e-03,4.996730e-02,1.965643e-02,4.309190e-03,6.157905e-04,2.052752e-03,2.773453e-03,5.197266e-04,6.640642e-01,3.479759e-02,2.867380e-03,1.599663e-02,5.697460e-03
7.209668e-02,5.998444e-02,5.764923e-03,3.520042e-02,1.951458e-02,3.137964e-03,4.452200e-04,1.438827e-03,2.062407e-03,4.216300e-04,7.294189e-01,4.608183e-02,2.161781e-03,1.816600e-02,4.104430e-03
5.051559e-02,4.210358e-02,4.064564e-03,2.498632e-02,1.888197e-02,2.591911e-03,3.379449e-04,1.015091e-03,1.684923e-03,4.926454e-04,7.659179e-01,6.536977e-02,1.866312e-03,1.709789e-02,3.073516e-03
3.539572e-02,3.026925e-02,2.926001e-03,1.792258e-02,2.505120e-02,2.358867e-03,3.131704e-04,7.358090e-04,2.470844e-03,1.653536e-03,7.634488e-01,9.208338e-02,1.511093e-03,2.095756e-02,2.902119e-03
2.483360e-02,2.163227e-02,2.142861e-03,1.278394e-02,2.757218e-02,2.419122e-03,2.673998e-04,5.568776e-04,2.270561e-03,2.110027e-03,7.689930e-01,1.091126e-01,1.310762e-03,2.138001e-02,2.614736e-03
1.745475e-02,1.530268e-02,1.572329e-03,9.079866e-03,2.605097e-02,2.462886e-03,2.061441e-04,4.677481e-04,3.134867e-03,2.943226e-03,7.505211e-01,1.377266e-01,1.119796e-03,2.918474e-02,2.772286e-03
1.235282e-02,1.087230e-02,1.130974e-03,6.528966e-03,2.110084e-02,2.434822e-03,1.699133e-04,3.841941e-04,2.605050e-03,2.622608e-03,7.383666e-01,1.708103e-01,1.039116e-03,2.718151e-02,2.399948e-03
9.228050e-03,8.112894e-03,9.804887e-04,5.116220e-03,1.978161e-02,2.611162e-03,1.756587e-04,5.256373e-04,2.963953e-03,2.509182e-03,5.986804e-01,3.220468e-01,1.031389e-03,2.371813e-02,2.518278e-03
7.410508e-03,6.728251e-03,8.399186e-04,3.819653e-03,1.683904e-02,3.053711e-03,2.772698e-04,6.237604e-04,2.753359e-03,2.698926e-03,5.871798e-01,3.444380e-01,1.316041e-03,1.951754e-02,2.504217e-03
5.465578e-03,5.879065e-03,7.035860e-04,2.884148e-03,2.236971e-02,2.900694e-03,5.591958e-04,8.403861e-04,2.483406e-03,2.099988e-03,6.028580e-01,3.324419e-01,1.440135e-03,1.511889e-02,1.955324e-03
4.022540e-03,4.665629e-03,7.875066e-04,2.444576e-03,3.716849e-02,3.557467e-03,8.813717e-04,2.970682e-03,2.832523e-03,1.727091e-03,6.290120e-01,2.905111e-01,1.352695e-03,1.629155e-02,1.774850e-03
3.106449e-03,3.735523e-03,1.233277e-03,2.179716e-03,1.049274e-01,3.935769e-03,2.388302e-03,5.071556e-03,6.614059e-03,1.620325e-03,5.413398e-01,2.958469e-01,1.174333e-03,2.506385e-02,1.762780e-03
2.952087e-03,2.889050e-03,3.776268e-03,1.647896e-02,1.161925e-01,3.450949e-03,1.794988e-03,9.306848e-02,1.058301e-02,1.495668e-03,4.474747e-01,2.633500e-01,1.322624e-03,3.379608e-02,1.374734e-03
3.425317e-03,2.544785e-03,3.296805e-03,1.372802e-02,1.421414e-01,3.300806e-03,1.350837e-03,6.705150e-02,1.607420e-01,1.590628e-03,3.672776e-01,1.953946e-01,1.905165e-03,3.441215e-02,1.838419e-03
3.810591e-03,3.018718e-03,5.715544e-03,1.381851e-02,2.603912e-01,4.800575e-03,1.663686e-03,5.624476e-02,1.869027e-01,1.674001e-03,2.839422e-01,1.475637e-01,2.014187e-03,2.626256e-02,2.177069e-03
4.324260e-03,2.281861e-03,4.658887e-03,1.126212e-02,2.351374e-01,4.975245e-03,1.457526e-03,4.534489e-02,3.304043e-01,1.335909e-03,2.264335e-01,1.077695e-01,3.173062e-03,1.870247e-02,2.738986e-03
1.107887e-02,1.890617e-03,3.790517e-03,1.069037e-02,2.848951e-01,1.557175e-02,2.004519e-03,3.685986e-02,3.217872e-01,1.034743e-03,1.680519e-01,8.372087e-02,4.176271e-02,1.334704e-02,3.513949e-03
3.070347e-02,3.311139e-03,8.569649e-03,1.063540e-02,2.880939e-01,1.447199e-02,2.896505e-03,2.991079e-02,2.695467e-01,2.982773e-03,1.683477e-01,8.251649e-02,7.040957e-02,1.091952e-02,6.684403e-03
2.969567e-02,7.105848e-03,7.362574e-03,1.115900e-02,2.253963e-01,5.699473e-02,2.559703e-03,2.406176e-02,3.266560e-01,6.254217e-03,1.275431e-01,8.010857e-02,7.154794e-02,9.430367e-03,1.412424e-02
2.340203e-02,8.848180e-03,1.034039e-02,5.636102e-02,1.645895e-01,4.946863e-02,1.944104e-03,1.832744e-02,4.325332e-01,4.800666e-03,9.339458e-02,5.998261e-02,5.499255e-02,6.930375e-03,1.408479e-02
2.991749e-02,1.045750e-02,1.382506e-02,5.116284e-02,2.209307e-01,5.957685e-02,1.928848e-03,1.680333e-02,3.735248e-01,4.722186e-03,7.905023e-02,5.218854e-02,5.015248e-02,6.571016e-03,2.918814e-02
3.209373e-02,1.044618e-02,1.321809e-02,5.197778e-02,2.148046e-01,8.558223e-02,1.714496e-03,1.534419e-02,3.234473e-01,4.406567e-03,6.739822e-02,4.719817e-02,5.104267e-02,8.122166e-03,7.320358e-02
2.686894e-02,8.867163e-03,1.066702e-02,3.997803e-02,1.887687e-01,6.979955e-02,1.510620e-03,1.183584e-02,3.455741e-01,3.639458e-03,7.910537e-02,7.661141e-02,7.062404e-02,8.783450e-03,5.736637e-02
2.568841e-02,8.768371e-03,9.129813e-03,4.523800e-02,1.675662e-01,5.421093e-02,1.447959e-03,1.116607e-02,3.859342e-01,3.506053e-03,6.790099e-02,6.327122e-02,7.183026e-02,9.290613e-03,7.505099e-02
2.314935e-02,8.997645e-03,7.728352e-03,3.892843e-02,1.360251e-01,4.030754e-02,1.228938e-03,9.095921e-03,3.824316e-01,4.372784e-03,5.826157e-02,4.722205e-02,7.839932e-02,9.537027e-03,1.543144e-01
1.821156e-02,1.011510e-02,5.880463e-03,3.905889e-02,1.029531e-01,2.862618e-02,9.225262e-04,7.855307e-03,4.345369e-01,4.826264e-03,5.062357e-02,3.422880e-02,8.755533e-02,7.199144e-03,1.674068e-01
1.435540e-02,8.434355e-03,4.792987e-03,3.236620e-02,8.451256e-02,2.072547e-02,7.907956e-04,7.783706e-03,3.977071e-01,4.451738e-03,6.164955e-02,2.685777e-02,1.663852e-01,9.466337e-03,1.597208e-01
1.070169e-02,6.221274e-03,4.170426e-03,2.486058e-02,7.639248e-02,1.537808e-02,7.578677e-04,1.159280e-02,3.269210e-01,4.140638e-03,8.980733e-02,3.016358e-02,2.767140e-01,7.231370e-03,1.149468e-01
1.252806e-02,6.125698e-03,8.686493e-03,2.111682e-02,8.809699e-02,1.240612e-02,2.107537e-03,1.733291e-02,3.138117e-01,3.196863e-03,8.105438e-02,2.885024e-02,3.126249e-01,7.430852e-03,8.463040e-02
1.563373e-02,9.401068e-03,1.802721e-02,3.828224e-02,8.531381e-02,1.139852e-02,3.181177e-03,1.533112e-02,2.873350e-01,3.885335e-03,8.960146e-02,4.003010e-02,3.066999e-01,1.158234e-02,6.429699e-02
2.584852e-02,1.130837e-02,3.002237e-02,4.290198e-02,7.396258e-02,1.631572e-02,5.056264e-03,1.967515e-02,2.426332e-01,5.030682e-03,1.072167e-01,7.395143e-02,2.768293e-01,1.736364e-02,5.188407e-02
5.396377e-02,1.060756e-02,2.481205e-02,3.641429e-02,5.647348e-02,1.563241e-02,5.060863e-03,1.984084e-02,1.834702e-01,9.875156e-03,1.198705e-01,1.187053e-01,2.718993e-01,3.398352e-02,3.939067e-02
4.395550e-02,1.159947e-02,2.811025e-02,2.831633e-02,4.340611e-02,1.282410e-02,4.214467e-03,1.822849e-02,1.660716e-01,9.395003e-03,1.858152e-01,1.287988e-01,2.587982e-01,3.117011e-02,2.929639e-02
3.410172e-02,1.065995e-02,2.690437e-02,2.108477e-02,3.290412e-02,2.754387e-02,4.122237e-03,2.175855e-02,1.284267e-01,7.884578e-02,1.973449e-01,1.130925e-01,2.220433e-01,4.486992e-02,3.629734e-02
2.566090e-02,1.291875e-02,3.134849e-02,1.637523e-02,2.496885e-02,2.424532e-02,3.473074e-03,2.085566e-02,1.054079e-01,1.334243e-01,1.898417e-01,9.064056e-02,1.731385e-01,1.126475e-01,3.505323e-02
2.031402e-02,1.062778e-02,2.694072e-02,1.509387e-02,2.005445e-02,1.880630e-02,2.592848e-03,1.916546e-02,2.518618e-01,1.103979e-01,1.413659e-01,6.526901e-02,1.233339e-01,1.478982e-01,2.627800e-02
1.598533e-02,1.212298e-02,2.223385e-02,1.181640e-02,1.750898e-02,2.023082e-02,1.900738e-03,1.432671e-02,3.514540e-01,8.286695e-02,1.043186e-01,4.807504e-02,8.734174e-02,1.889798e-01,2.083801e-02
1.578175e-02,1.385842e-02,1.934236e-02,1.171104e-02,1.465313e-02,2.739504e-02,1.490505e-03,1.131798e-02,4.145022e-01,6.728322e-02,8.093461e-02,3.728592e-02,6.383921e-02,1.991635e-01,2.144106e-02
2.203251e-02,1.438727e-02,2.157105e-02,1.173959e-02,1.703416e-02,5.005971e-02,2.410355e-03,3.479369e-02,4.409506e-01,5.629325e-02,6.403170e-02,2.703111e-02,4.729105e-02,1.695288e-01,2.084514e-02
4.194213e-02,3.749704e-02,4.307467e-02,2.028568e-02,2.288387e-02,4.649337e-02,2.256188e-03,4.598120e-02,3.898170e-01,4.645074e-02,4.997150e-02,1.977263e-02,3.538672e-02,1.745076e-01,2.367964e-02
5.703435e-02,4.663373e-02,5.919935e-02,7.233456e-02,3.013653e-02,4.048623e-02,1.923051e-03,4.801331e-02,3.662256e-01,3.919309e-02,3.700086e-02,1.415831e-02,2.558812e-02,1.362792e-01,2.579368e-02
7.214337e-02,4.979232e-02,7.333661e-02,7.090746e-02,4.116453e-02,3.835375e-02,1.600610e-03,7.371622e-02,3.468587e-01,3.174880e-02,2.756770e-02,1.010062e-02,1.836208e-02,1.221762e-01,2.217103e-02
6.585123e-02,5.339041e-02,6.042424e-02,5.772363e-02,5.170161e-02,4.200816e-02,1.339934e-03,7.700824e-02,3.695043e-01,2.348478e-02,2.139219e-02,7.178308e-03,1.337474e-02,1.369914e-01,1.862689e-02
9.441403e-02,5.081509e-02,4.984548e-02,5.079658e-02,6.877477e-02,3.185665e-02,1.232019e-03,7.101640e-02,3.790799e-01,2.102505e-02,1.855834e-02,5.961156e-03,1.014888e-02,1.197800e-01,2.669565e-02
1.231245e-01,5.661242e-02,4.186735e-02,4.458798e-02,7.660004e-02,2.465600e-02,1.407652e-03,5.801398e-02,3.790447e-01,2.153836e-02,1.547173e-02,5.423294e-03,8.335709e-03,1.106991e-01,3.261735e-02
1.306275e-01,6.570988e-02,3.463331e-02,5.058576e-02,9.335226e-02,2.114605e-02,1.546384e-03,4.812648e-02,3.789904e-01,1.808703e-02,1.404023e-02,5.105734e-03,7.062868e-03,9.990782e-02,3.107838e-02
1.394190e-01,8.601609e-02,2.681341e-02,4.722056e-02,9.489559e-02,1.755986e-02,1.681241e-03,4.104712e-02,3.741724e-01,1.675086e-02,1.217704e-02,5.086276e-03,6.284557e-03,9.868643e-02,3.218951e-02
1.802863e-01,9.310763e-02,2.109809e-02,4.140218e-02,7.998010e-02,1.559298e-02,2.640507e-03,3.371302e-02,3.626798e-01,1.389788e-02,1.133735e-02,9.294713e-03,7.569523e-03,9.709500e-02,3.030497e-02
2.022577e-01,9.828435e-02,1.715875e-02,3.127487e-02,6.124785e-02,1.424330e-02,3.049148e-03,2.662844e-02,3.279807e-01,1.177940e-02,1.197588e-02,9.825381e-03,6.981095e-03,1.509317e-01,2.638147e-02
2.461169e-01,9.359685e-02,1.357227e-02,2.485281e-02,4.631990e-02,1.322824e-02,3.896383e-03,2.135386e-02,3.223755e-01,1.149171e-02,1.320917e-02,1.287978e-02,7.255689e-03,1.482839e-01,2.156700e-02
2.924346e-01,6.912078e-02,1.289597e-02,5.277206e-02,3.979828e-02,1.545008e-02,3.148389e-03,2.101813e-02,2.943607e-01,9.687936e-03,1.388344e-02,3.134552e-02,1.285480e-02,1.070229e-01,2.420642e-02
2.100221e-01,5.023446e-02,1.022548e-02,1.690737e-01,3.076445e-02,1.175058e-02,2.284882e-03,2.121571e-02,2.125897e-01,7.624557e-03,9.563775e-02,6.266143e-02,2.075008e-02,7.646160e-02,1.870354e-02
1.484854e-01,3.531888e-02,7.326915e-03,1.364335e-01,2.198824e-02,8.442741e-03,1.640765e-03,1.560467e-02,1.530251e-01,7.142812e-03,2.360622e-01,8.837600e-02,6.358926e-02,6.276664e-02,1.379690e-02
1.044352e-01,2.488724e-02,5.335166e-03,1.031984e-01,1.661354e-02,6.215037e-03,1.213196e-03,1.146831e-02,1.106294e-01,8.298861e-03,2.845217e-01,1.251142e-01,1.336936e-01,5.390694e-02,1.046927e-02
7.415377e-02,1.758123e-02,4.016762e-03,7.615478e-02,1.318029e-02,5.188148e-03,1.095031e-03,1.047764e-02,8.634192e-02,8.079268e-03,2.933639e-01,1.836388e-01,1.698098e-01,4.854733e-02,8.371481e-03
5.299057e-02,1.271001e-02,5.086397e-03,6.585819e-02,1.737626e-02,1.367870e-02,1.053657e-03,1.816219e-02,6.925161e-02,7.372568e-03,3.394252e-01,1.897930e-01,1.615009e-01,3.935621e-02,6.384574e-03
3.735151e-02,9.622236e-03,4.292710e-03,4.821105e-02,1.256974e-02,1.120150e-02,8.432392e-04,1.457148e-02,5.852478e-02,7.139399e-03,2.660774e-01,3.476856e-01,1.442209e-01,3.268197e-02,5.006542e-03
2.812171e-02,1.575842e-02,4.434481e-03,3.504093e-02,1.117298e-02,9.338547e-03,7.583168e-04,2.251181e-02,5.416098e-02,6.355240e-03,2.113555e-01,4.410516e-01,1.293269e-01,2.668887e-02,3.923727e-03
2.213015e-02,2.780304e-02,4.638162e-03,2.625236e-02,1.326186e-02,4.970926e-02,1.209743e-03,3.010077e-02,1.321225e-01,5.645161e-03,1.664072e-01,3.688470e-01,1.147179e-01,3.322159e-02,3.933224e-03
1.680178e-02,4.799794e-02,3.593116e-02,2.098271e-02,1.575014e-02,7.222992e-02,2.975744e-03,4.105689e-02,1.853707e-01,5.857734e-03,1.275276e-01,2.806628e-01,1.045659e-01,3.777003e-02,4.518997e-03
1.266075e-02,7.151369e-02,5.271510e-02,1.861180e-02,1.235912e-02,6.086073e-02,2.293657e-03,2.982447e-02,2.812240e-01,1.011127e-02,9.376410e-02,2.257115e-01,8.031143e-02,4.260796e-02,5.430455e-03
1.112283e-02,7.210361e-02,4.630884e-02,1.774382e-02,2.035616e-02,5.255055e-02,1.748707e-03,2.469680e-02,3.789877e-01,1.378171e-02,7.105036e-02,1.666129e-01,6.173246e-02,4.727223e-02,1.393127e-02
1.004445e-02,6.509890e-02,4.249538e-02,1.853077e-02,2.410461e-02,6.434369e-02,1.772174e-03,3.335409e-02,3.770889e-01,1.805159e-02,6.127264e-02,1.274572e-01,5.004012e-02,9.058055e-02,1.576495e-02
1.093178e-02,6.632306e-02,7.502250e-02,3.204024e-02,2.231356e-02,7.489069e-02,2.115780e-03,6.788921e-02,3.454696e-01,2.279803e-02,4.720647e-02,9.399407e-02,3.947573e-02,8.174168e-02,1.778759e-02
2.057923e-02,7.414696e-02,7.116932e-02,2.624995e-02,2.381369e-02,1.107041e-01,1.759702e-03,6.956556e-02,3.099736e-01,3.381719e-02,3.621421e-02,6.791553e-02,3.026034e-02,8.135697e-02,4.247362e-02
3.635383e-02,1.169980e-01,5.542402e-02,3.612950e-02,1.800954e-02,8.298165e-02,1.379400e-03,5.092738e-02,2.888696e-01,4.542551e-02,2.905596e-02,4.827924e-02,2.411673e-02,5.914219e-02,1.069074e-01
8.470733e-02,1.061317e-01,4.649382e-02,3.389801e-02,2.213064e-02,6.893943e-02,1.337123e-03,4.301179e-02,2.619844e-01,5.255759e-02,2.506773e-02,3.500556e-02,1.969723e-02,4.814078e-02,1.508969e-01
8.987045e-02,8.066820e-02,8.119552e-02,5.004521e-02,1.739663e-02,4.926213e-02,1.111588e-03,3.151331e-02,2.238811e-01,1.091017e-01,2.084975e-02,2.527270e-02,1.603892e-02,3.517281e-02,1.686200e-01
1.227231e-01,7.976094e-02,8.606318e-02,4.689216e-02,1.635488e-02,3.844136e-02,1.066717e-03,2.667194e-02,2.149023e-01,1.158476e-01,1.646229e-02,1.829961e-02,1.224673e-02,3.047549e-02,1.737917e-01
1.286874e-01,6.555703e-02,7.941270e-02,4.317167e-02,1.274001e-02,2.828001e-02,8.853526e-04,1.922349e-02,1.974240e-01,1.392652e-01,1.320061e-02,1.328484e-02,9.720200e-03,2.307776e-02,2.260697e-01
1.119935e-01,7.047570e-02,1.462060e-01,6.789693e-02,9.627519e-03,2.068221e-02,7.442925e-04,1.378849e-02,1.607423e-01,1.388360e-01,1.106453e-02,1.031778e-02,7.638206e-03,1.685374e-02,2.131328e-01
1.057946e-01,5.374416e-02,1.181328e-01,5.817520e-02,7.901578e-03,1.538796e-02,6.889710e-04,1.026991e-02,1.411634e-01,1.920099e-01,9.293843e-03,8.831149e-03,6.685413e-03,1.548240e-02,2.564387e-01
1.924080e-01,4.823323e-02,1.042112e-01,5.064776e-02,1.273614e-02,1.986905e-02,1.260382e-03,1.980951e-02,1.155126e-01,1.767506e-01,8.470257e-03,7.706876e-03,5.763350e-03,1.755037e-02,2.190707e-01
2.913522e-01,4.680834e-02,8.263332e-02,4.404592e-02,2.248035e-02,2.032463e-02,1.760719e-03,5.713630e-02,9.188013e-02,1.286356e-01,8.766050e-03,6.938476e-03,5.514103e-03,1.847891e-02,1.732449e-01
2.685333e-01,4.408845e-02,7.486523e-02,4.044230e-02,2.937299e-02,2.346926e-02,1.837755e-03,1.019207e-01,8.590483e-02,9.678905e-02,9.298990e-03,5.434585e-03,5.373389e-03,4.391364e-02,1.687555e-01
2.550002e-01,7.806658e-02,6.527017e-02,1.030338e-01,3.999681e-02,2.965873e-02,2.530660e-03,8.756555e-02,7.529659e-02,6.912302e-02,8.940538e-03,5.806859e-03,5.106316e-03,3.248872e-02,1.421154e-01
2.805782e-01,7.388351e-02,6.216283e-02,1.240899e-01,4.311322e-02,2.548583e-02,2.807287e-03,9.314894e-02,6.239809e-02,5.166759e-02,8.367591e-03,7.257936e-03,4.871255e-03,2.542200e-02,1.347458e-01
3.658468e-01,6.395212e-02,4.833639e-02,9.649011e-02,4.525391e-02,2.728268e-02,2.945778e-03,1.015467e-01,7.485996e-02,3.663840e-02,7.914985e-03,6.487810e-03,4.555793e-03,1.963683e-02,9.825172e-02
4.595072e-01,5.551270e-02,3.937272e-02,7.362466e-02,4.538434e-02,2.864597e-02,2.939296e-03,8.941838e-02,7.259093e-02,2.610016e-02,7.279339e-03,6.320995e-03,5.376083e-03,1.558733e-02,7.233983e-02
1.000000e+00,0.000000e+00,0.000000e+00,0.000000e+00,0.000000e+00,0.000000e+00,0.000000e+00,0.000000e+00,0.000000e+00,0.000000e+00,0.000000e+00,0.000000e+00,0.000000e+00,0.000000e+00,0.000000e+00
1.000000e+00,0.000000e+00,0.000000e+00,0.000000e+00,0.000000e+00,0.000000e+00,0.000000e+00,0.000000e+00,0.000000e+00,0.000000e+00,0.000000e+00,0.000000e+00,0.000000e+00,0.000000e+00,0.000000e+00
4.323921e-01,2.373710e-02,1.885190e-02,3.030234e-02,2.387436e-02,1.250261e-02,2.167144e-03,3.626125e-01,3.853747e-02,9.290954e-03,4.364706e-03,4.183626e-03,3.282839e-03,6.818307e-03,2.708203e-02
3.359022e-01,1.674321e-02,1.464698e-02,2.203724e-02,1.745230e-02,9.704118e-03,2.797521e-03,5.139811e-01,2.714998e-02,6.534904e-03,3.279662e-03,3.252812e-03,2.480745e-03,4.924438e-03,1.911283e-02
3.372358e-01,1.214414e-02,1.232255e-02,1.657026e-02,1.295138e-02,9.995462e-03,3.448382e-03,5.446062e-01,1.950824e-02,4.813096e-03,2.945662e-03,3.294318e-03,2.187679e-03,3.797834e-03,1.417894e-02
3.073962e-01,8.659132e-03,9.361999e-03,1.199238e-02,9.477542e-03,9.045600e-03,3.036742e-03,5.882416e-01,1.398624e-02,3.999368e-03,6.268703e-03,6.338522e-03,7.479983e-03,4.501410e-03,1.021459e-02
2.269246e-01,6.258367e-03,6.735098e-03,8.951956e-03,6.910523e-03,7.267887e-03,2.422686e-03,4.581379e-01,9.958250e-03,2.129131e-02,3.151731e-02,1.496028e-01,2.943440e-02,2.676183e-02,7.825145e-03
1.715788e-01,4.465333e-03,4.903819e-03,7.464201e-03,5.001528e-03,5.674294e-03,2.188250e-03,3.457507e-01,7.346092e-03,2.441688e-02,4.134595e-02,2.793374e-01,6.544767e-02,2.796029e-02,7.118740e-03
1.643054e-01,3.369111e-03,3.840884e-03,6.241323e-03,3.870613e-03,4.884146e-03,2.643728e-03,2.554535e-01,6.234765e-03,2.969442e-02,4.576226e-02,3.439670e-01,7.588716e-02,4.820377e-02,5.641954e-03
1.536394e-01,2.766487e-03,3.619701e-03,5.990425e-03,4.882665e-03,4.564758e-03,3.305845e-03,1.834145e-01,6.398097e-03,3.907332e-02,5.751643e-02,3.289922e-01,9.820945e-02,1.026691e-01,4.957670e-03
1.208049e-01,2.723386e-03,3.355773e-03,5.056416e-03,4.659341e-03,4.713059e-03,2.522757e-03,1.295106e-01,2.675347e-02,4.339752e-02,5.204074e-02,3.874949e-01,9.262218e-02,1.190126e-01,5.332309e-03
1.065335e-01,2.950216e-03,4.033086e-03,4.092171e-03,3.592086e-03,4.695850e-02,2.148823e-03,9.143625e-02,3.796870e-02,3.644961e-02,5.743476e-02,3.295141e-01,6.906813e-02,1.969647e-01,1.085535e-02
8.939318e-02,2.813858e-03,4.003338e-03,3.799099e-03,2.982266e-03,4.266483e-02,1.897639e-03,6.464161e-02,3.799194e-02,3.406564e-02,6.883933e-02,2.842954e-01,5.181107e-02,2.977602e-01,1.304066e-02
6.344356e-02,2.212578e-03,3.211014e-03,2.772342e-03,2.184661e-03,3.155761e-02,1.382485e-03,4.530178e-02,3.336504e-02,6.797253e-02,1.993085e-01,2.092060e-01,3.663414e-02,2.906537e-01,1.079406e-02
4.502791e-02,1.740929e-03,2.392570e-03,2.170282e-03,1.731212e-03,2.283314e-02,9.946966e-04,3.178850e-02,4.040016e-02,5.125730e-02,2.212984e-01,1.680114e-01,2.619411e-02,3.754070e-01,8.752466e-03
3.181751e-02,1.344455e-03,1.788139e-03,1.780434e-03,1.343424e-03,1.672302e-02,7.049826e-04,2.229192e-02,3.951037e-02,3.760226e-02,2.247213e-01,1.293609e-01,1.859890e-02,4.654739e-01,6.938563e-03
2.241303e-02,1.424188e-03,1.494277e-03,1.422195e-03,1.238791e-03,1.337396e-02,5.070390e-04,1.563544e-02,3.564674e-02,3.426892e-02,2.506835e-01,9.925357e-02,1.338045e-02,5.036615e-01,5.596407e-03
1.579081e-02,1.114597e-03,1.155528e-03,1.277242e-03,9.826422e-04,1.004899e-02,3.615259e-04,1.096182e-02,3.304813e-02,2.867230e-02,2.657297e-01,8.200671e-02,9.638433e-03,5.348374e-01,4.374227e-03
1.120393e-02,2.898372e-03,1.271955e-03,1.182840e-03,1.240807e-03,3.782644e-02,2.801390e-04,7.738261e-03,6.504670e-02,2.262087e-02,2.356047e-01,6.005955e-02,6.964345e-03,5.426802e-01,3.380927e-03
7.983698e-03,2.809068e-03,1.299010e-03,1.336909e-03,1.219021e-03,4.246068e-02,2.401067e-04,5.483747e-03,6.674977e-02,1.813644e-02,2.312400e-01,4.399446e-02,5.222355e-03,5.690758e-01,2.748850e-03
5.813917e-03,3.270821e-03,4.926499e-03,1.604772e-03,2.123039e-03,4.292374e-02,2.459271e-04,4.209565e-03,5.974660e-02,1.621598e-02,2.266727e-01,3.216246e-02,3.913151e-03,5.939138e-01,2.256979e-03
4.376328e-03,2.609119e-03,5.555465e-03,1.420711e-03,1.969641e-03,4.264571e-02,2.002968e-04,3.201802e-03,5.571822e-02,1.374786e-02,2.444880e-01,2.343731e-02,3.264596e-03,5.956495e-01,1.715488e-03
3.323060e-03,2.963969e-03,4.604924e-03,2.322173e-03,1.902463e-03,5.462529e-02,1.592700e-04,2.384706e-03,1.564240e-01,1.093490e-02,2.170709e-01,1.737030e-02,2.689632e-03,5.218163e-01,1.408098e-03
2.681520e-03,2.426222e-03,4.712558e-03,3.083934e-03,2.153551e-03,7.751518e-02,1.331128e-04,2.401611e-03,2.282328e-01,1.004505e-02,1.898119e-01,1.256845e-02,2.313271e-03,4.607532e-01,1.167571e-03
2.024405e-03,2.096449e-03,3.678359e-03,2.465738e-03,1.746897e-03,7.524808e-02,9.911659e-05,1.750200e-03,2.928631e-01,1.102293e-02,1.718709e-01,9.434888e-03,1.906566e-03,4.228645e-01,9.278225e-04
1.655944e-03,2.436774e-03,3.068198e-03,2.652997e-03,2.190917e-03,7.277800e-02,8.172286e-05,1.243520e-03,3.655658e-01,1.095273e-02,1.518380e-01,7.071687e-03,1.630287e-03,3.759074e-01,9.259658e-04
1.720955e-03,2.646305e-03,7.719094e-03,3.452791e-03,4.711440e-03,6.936707e-02,8.931264e-05,3.251431e-03,4.173043e-01,9.138956e-03,1.225941e-01,5.090371e-03,1.812917e-03,3.499773e-01,1.123567e-03
2.002684e-03,2.474121e-03,6.712072e-03,3.364357e-03,7.696233e-03,5.601399e-02,1.163348e-04,3.534413e-03,5.311581e-01,8.804277e-03,9.540798e-02,3.649727e-03,1.334199e-03,2.765954e-01,1.136093e-03
3.760275e-03,2.378509e-03,1.167020e-02,2.301239e-02,1.860034e-02,4.187105e-02,1.192038e-04,2.821770e-02,5.816038e-01,9.043277e-03,7.268084e-02,2.799233e-03,1.077777e-03,2.005289e-01,2.636411e-03
6.980946e-03,3.971039e-03,2.368387e-02,3.040737e-02,1.859341e-02,1.076539e-01,1.050582e-04,4.134665e-02,5.506548e-01,1.059265e-02,5.590695e-02,2.079323e-03,8.683489e-04,1.446077e-01,2.547951e-03
1.428675e-02,5.207199e-03,2.598296e-02,2.972364e-02,1.674232e-02,1.492388e-01,1.081562e-04,4.974009e-02,5.464160e-01,1.031467e-02,4.134369e-02,1.543688e-03,6.633725e-04,1.060490e-01,2.639632e-03
2.130698e-02,4.252299e-03,2.482168e-02,2.226640e-02,1.598199e-02,1.201222e-01,1.222131e-04,3.984031e-02,6.217244e-01,9.395832e-03,3.258251e-02,1.213803e-03,6.380214e-04,8.332241e-02,2.408850e-03
3.207986e-02,3.464295e-03,2.005652e-02,1.670842e-02,2.616958e-02,9.272598e-02,1.916873e-04,3.106962e-02,6.701317e-01,8.222154e-03,2.754461e-02,1.022053e-03,8.244050e-04,6.772322e-02,2.065835e-03
3.993969e-02,2.951244e-03,1.691954e-02,1.341322e-02,5.244686e-02,7.433770e-02,3.917412e-03,2.654222e-02,6.762605e-01,7.382048e-03,2.103837e-02,1.595058e-03,1.264959e-03,6.011000e-02,1.881159e-03
4.927371e-02,2.665309e-03,2.246238e-02,1.020274e-02,9.802150e-02,8.929814e-02,1.151861e-01,2.601230e-02,5.069388e-01,7.984184e-03,1.657231e-02,1.974677e-03,2.901649e-03,4.831934e-02,2.186824e-03
6.397016e-02,2.359906e-03,3.114087e-02,9.427821e-03,1.326352e-01,8.740641e-02,1.607986e-01,3.285772e-02,4.067836e-01,8.516327e-03,1.344690e-02,3.249562e-03,3.770728e-03,4.136134e-02,2.274911e-03
9.176299e-02,2.426424e-03,5.758653e-02,7.930771e-03,1.103253e-01,6.486502e-02,2.298482e-01,3.826496e-02,3.309917e-01,7.529880e-03,1.127261e-02,4.768730e-03,4.192567e-03,3.611172e-02,2.122658e-03
1.083250e-01,2.271942e-03,9.607473e-02,9.015637e-03,8.941175e-02,4.748428e-02,2.068993e-01,1.253214e-01,2.612376e-01,5.893588e-03,9.372462e-03,4.974333e-03,3.991149e-03,2.796161e-02,1.765311e-03
9.512478e-02,2.003557e-03,1.077479e-01,1.801105e-02,6.875483e-02,3.473094e-02,1.543565e-01,2.881089e-01,1.896320e-01,4.774715e-03,7.479062e-03,4.236971e-03,3.407125e-03,2.005069e-02,1.581122e-03
9.031335e-02,1.931293e-03,9.789377e-02,2.034592e-02,5.913386e-02,2.786359e-02,1.173386e-01,4.141126e-01,1.357285e-01,4.146395e-03,5.752814e-03,4.528793e-03,3.204836e-03,1.576931e-02,1.936471e-03
9.261097e-02,2.297631e-03,9.696969e-02,2.057144e-02,5.028512e-02,2.339129e-02,9.660755e-02,4.859141e-01,9.947359e-02,3.428994e-03,4.643134e-03,5.614316e-03,3.340625e-03,1.221602e-02,2.635573e-03
9.563103e-02,3.072164e-03,9.901174e-02,2.332219e-02,4.538491e-02,2.483580e-02,8.173312e-02,5.212722e-01,7.611663e-02,2.763775e-03,3.887201e-03,6.774863e-03,3.961924e-03,9.423004e-03,2.809473e-03
8.949267e-02,3.355636e-03,1.007279e-01,2.365005e-02,4.464802e-02,2.192445e-02,6.988376e-02,5.608097e-01,5.958030e-02,2.590482e-03,3.221677e-03,6.760045e-03,3.528510e-03,7.133076e-03,2.693741e-03
7.241681e-02,5.241657e-03,2.776939e-01,2.281458e-02,4.642024e-02,2.642048e-02,5.554675e-02,4.269701e-01,4.225499e-02,2.914085e-03,2.484390e-03,7.914503e-03,3.321442e-03,5.097418e-03,2.488583e-03
6.563488e-02,9.298690e-03,3.524393e-01,2.077722e-02,5.915667e-02,6.020103e-02,4.657548e-02,3.245729e-01,3.000507e-02,8.182980e-03,2.355840e-03,8.107184e-03,5.633321e-03,3.786995e-03,3.272437e-03
6.476013e-02,1.206577e-02,3.443696e-01,2.939069e-02,8.318751e-02,8.861133e-02,3.996918e-02,2.564738e-01,2.212605e-02,2.144285e-02,3.156024e-03,8.014475e-03,1.781427e-02,3.155694e-03,5.462559e-03
4.986930e-02,9.202688e-03,2.494987e-01,2.242443e-02,8.010009e-02,6.890903e-02,4.218929e-02,1.965360e-01,1.606406e-02,2.083225e-01,4.485832e-03,1.115192e-02,2.220736e-02,7.453965e-03,1.158472e-02
3.781102e-02,7.226931e-03,1.795748e-01,1.763048e-02,6.855438e-02,6.885830e-02,3.974194e-02,1.502719e-01,2.285750e-02,2.769982e-01,1.547062e-02,4.092407e-02,4.362844e-02,1.482289e-02,1.562855e-02
3.066129e-02,5.441798e-03,1.262348e-01,1.330985e-02,6.204511e-02,6.864498e-02,3.074934e-02,1.070251e-01,4.452923e-02,3.334900e-01,5.476610e-02,5.110977e-02,3.338692e-02,2.563747e-02,1.296818e-02
2.453723e-02,4.007144e-03,8.893162e-02,1.014423e-02,5.365312e-02,5.234936e-02,3.282376e-02,7.557946e-02,3.475084e-02,2.382841e-01,2.469192e-01,4.788255e-02,2.722025e-02,5.316765e-02,9.749488e-03
1.887903e-02,3.045010e-03,6.257164e-02,7.470261e-03,3.935051e-02,3.865172e-02,2.732375e-02,5.333633e-02,2.725653e-02,1.699618e-01,3.674350e-01,5.497580e-02,1.993871e-02,1.024784e-01,7.325409e-03
1.397296e-02,2.255738e-03,4.396749e-02,5.405032e-03,2.882143e-02,2.880520e-02,1.990640e-02,3.769422e-02,2.317748e-02,1.209100e-01,4.645906e-01,6.456722e-02,1.480958e-02,1.257817e-01,5.334988e-03
1.064329e-02,2.293785e-03,3.101954e-02,4.083361e-03,2.209305e-02,2.221628e-02,1.481880e-02,2.763455e-02,2.474679e-02,8.601607e-02,5.438907e-01,6.920744e-02,1.213156e-02,1.251542e-01,4.050670e-03
7.898672e-03,2.500526e-03,2.178648e-02,3.397007e-03,1.911726e-02,1.711285e-02,1.069896e-02,2.021251e-02,2.578888e-02,6.144603e-02,6.258441e-01,5.990126e-02,9.887970e-03,1.103942e-01,4.013389e-03
5.712978e-03,2.497743e-03,1.538996e-02,2.619216e-03,1.576260e-02,1.336034e-02,7.741383e-03,1.454851e-02,5.340679e-02,4.343808e-02,6.371086e-01,5.189785e-02,7.196400e-03,1.264158e-01,2.903850e-03
4.214847e-03,2.561941e-03,1.111192e-02,2.038046e-03,1.315649e-02,1.582793e-02,5.541758e-03,1.062774e-02,7.402328e-02,3.074215e-02,6.217600e-01,4.079913e-02,5.190116e-03,1.601906e-01,2.214089e-03
3.053677e-03,2.911852e-03,8.047976e-03,1.635384e-03,1.113214e-02,1.465687e-02,3.908835e-03,7.584556e-03,1.014409e-01,2.182099e-02,5.988081e-01,3.048100e-02,3.770293e-03,1.890514e-01,1.696087e-03
2.189288e-03,2.706610e-03,5.987789e-03,1.428602e-03,8.951194e-03,1.264657e-02,2.760699e-03,5.365961e-03,1.151550e-01,1.553625e-02,5.548679e-01,2.254422e-02,2.784981e-03,2.457384e-01,1.336559e-03
1.578415e-03,2.567779e-03,4.839535e-03,1.137452e-03,7.212066e-03,1.893117e-02,1.962541e-03,3.828203e-03,1.225901e-01,1.158526e-02,5.382957e-01,1.779728e-02,2.133910e-03,2.645629e-01,9.777021e-04
1.338314e-03,3.069362e-03,4.466710e-03,1.162983e-03,6.451109e-03,4.185960e-02,1.434544e-03,2.901018e-03,1.361012e-01,1.007218e-02,4.970562e-01,1.433254e-02,2.278857e-03,2.766459e-01,8.294731e-04
1.164491e-03,4.230852e-03,6.562136e-03,1.212344e-03,5.227446e-03,4.880417e-02,1.026194e-03,2.781865e-03,2.003575e-01,8.737816e-03,4.401836e-01,1.100782e-02,1.904440e-03,2.660179e-01,7.814689e-04
1.105209e-03,2.399779e-02,1.202778e-02,1.238448e-03,4.571413e-03,7.160357e-02,7.289498e-04,2.182222e-03,3.082542e-01,9.149201e-03,3.328863e-01,8.179236e-03,1.447893e-03,2.196131e-01,3.014766e-03
1.339400e-03,2.262935e-02,1.139401e-02,1.220355e-03,3.721958e-03,6.720444e-02,5.207330e-04,1.650796e-03,4.543890e-01,7.476093e-03,2.400277e-01,5.961454e-03,1.087052e-03,1.755987e-01,5.779027e-03
1.687253e-03,1.900649e-02,1.182455e-02,1.220587e-03,3.437282e-03,1.065832e-01,3.808844e-04,1.398353e-03,5.301916e-01,6.702264e-03,1.699389e-01,4.220857e-03,8.378722e-04,1.336870e-01,8.882947e-03
2.237244e-03,1.392132e-02,1.583404e-02,1.992572e-03,3.353636e-03,1.315823e-01,2.765073e-04,2.376900e-03,5.844769e-01,5.879999e-03,1.199173e-01,3.015601e-03,8.637153e-04,1.005980e-01,1.367403e-02
4.082065e-03,1.063837e-02,3.801258e-02,5.319298e-03,4.631933e-03,1.473834e-01,2.232420e-04,6.064475e-03,5.940051e-01,5.951174e-03,8.595953e-02,2.224219e-03,1.320275e-03,7.864923e-02,1.553512e-02
1.127069e-02,1.022621e-02,3.934289e-02,7.410587e-03,7.786750e-03,1.638393e-01,2.338114e-04,1.843632e-02,5.922482e-01,6.075711e-03,6.324620e-02,1.942661e-03,1.319006e-03,6.080065e-02,1.582107e-02
1.602394e-02,8.911316e-03,3.062674e-02,7.239799e-03,8.763376e-03,1.608503e-01,2.032593e-04,1.888201e-02,6.197109e-01,5.745113e-03,4.937219e-02,1.671276e-03,1.206303e-03,4.734678e-02,2.344681e-02
3.507832e-02,8.654533e-03,2.756821e-02,6.664514e-03,9.375824e-03,1.375776e-01,2.761309e-04,2.692468e-02,5.729517e-01,9.397829e-03,7.180006e-02,2.534526e-03,2.157140e-03,6.192271e-02,2.711630e-02
3.877302e-02,7.913259e-03,2.551208e-02,5.809060e-03,8.839480e-03,1.202636e-01,2.777704e-04,2.847077e-02,4.662683e-01,1.368740e-02,6.323308e-02,2.544682e-03,2.766476e-03,7.073835e-02,1.449026e-01
3.143501e-02,6.161573e-03,2.299923e-02,5.871808e-03,6.931941e-03,1.021706e-01,2.642552e-04,2.920623e-02,3.580285e-01,1.740455e-02,4.784265e-02,2.256174e-03,3.342754e-03,7.108822e-02,2.949965e-01
3.010109e-02,5.086876e-03,1.752048e-02,1.044819e-02,9.149345e-03,7.870813e-02,7.249905e-04,5.902690e-02,2.957601e-01,2.585328e-02,4.105927e-02,3.169208e-03,1.226851e-02,1.044201e-01,3.067035e-01
2.542304e-02,3.989337e-03,1.386621e-02,3.888880e-02,7.893616e-03,5.641802e-02,6.224347e-04,5.528473e-02,2.782811e-01,2.775852e-02,4.275515e-02,3.680409e-03,2.843768e-02,7.967301e-02,3.370280e-01
2.461285e-02,3.246450e-03,1.018346e-02,3.995205e-02,7.990567e-03,4.058530e-02,5.785965e-04,4.217138e-02,2.414573e-01,2.576163e-02,5.867856e-02,2.795756e-02,1.150510e-01,6.336028e-02,2.984131e-01
3.055206e-02,2.888492e-03,8.576733e-03,4.891106e-02,7.483129e-03,3.003190e-02,8.557788e-04,3.138319e-02,3.151603e-01,2.466752e-02,6.335899e-02,2.621693e-02,1.310934e-01,4.820586e-02,2.306147e-01
3.348886e-02,3.693021e-03,1.035520e-02,6.025819e-02,7.035362e-03,2.169839e-02,7.906555e-04,2.237101e-02,3.930455e-01,2.114124e-02,6.074369e-02,2.170605e-02,1.076211e-01,4.908340e-02,1.869683e-01
3.987955e-02,4.987182e-03,8.787862e-03,5.169014e-02,8.174811e-03,2.492024e-02,1.793557e-03,1.600625e-02,3.068300e-01,1.798815e-02,6.690428e-02,3.919838e-02,2.128720e-01,4.779830e-02,1.521694e-01
3.546725e-02,3.943179e-03,6.536224e-03,4.143167e-02,6.635775e-03,2.216940e-02,1.713346e-03,1.137329e-02,2.252977e-01,1.499223e-02,1.472273e-01,6.229528e-02,2.465519e-01,5.122263e-02,1.231429e-01
