1.000000e+00,0.000000e+00,0.000000e+00,0.000000e+00,0.000000e+00,0.000000e+00,0.000000e+00,0.000000e+00,0.000000e+00,0.000000e+00,0.000000e+00,0.000000e+00,0.000000e+00,0.000000e+00,0.000000e+00
1.000000e+00,0.000000e+00,0.000000e+00,0.000000e+00,0.000000e+00,0.000000e+00,0.000000e+00,0.000000e+00,0.000000e+00,0.000000e+00,0.000000e+00,0.000000e+00,0.000000e+00,0.000000e+00,0.000000e+00
1.000000e+00,0.000000e+00,0.000000e+00,0.000000e+00,0.000000e+00,0.000000e+00,0.000000e+00,0.000000e+00,0.000000e+00,0.000000e+00,0.000000e+00,0.000000e+00,0.000000e+00,0.000000e+00,0.000000e+00
1.000000e+00,0.000000e+00,0.000000e+00,0.000000e+00,0.000000e+00,0.000000e+00,0.000000e+00,0.000000e+00,0.000000e+00,0.000000e+00,0.000000e+00,0.000000e+00,0.000000e+00,0.000000e+00,0.000000e+00
1.000000e+00,0.000000e+00,0.000000e+00,0.000000e+00,0.000000e+00,0.000000e+00,0.000000e+00,0.000000e+00,0.000000e+00,0.000000e+00,0.000000e+00,0.000000e+00,0.000000e+00,0.000000e+00,0.000000e+00
1.000000e+00,0.000000e+00,0.000000e+00,0.000000e+00,0.000000e+00,0.000000e+00,0.000000e+00,0.000000e+00,0.000000e+00,0.000000e+00,0.000000e+00,0.000000e+00,0.000000e+00,0.000000e+00,0.000000e+00
1.000000e+00,0.000000e+00,0.000000e+00,0.000000e+00,0.000000e+00,0.000000e+00,0.000000e+00,0.000000e+00,0.000000e+00,0.000000e+00,0.000000e+00,0.000000e+00,0.000000e+00,0.000000e+00,0.000000e+00
1.000000e+00,0.000000e+00,0.000000e+00,0.000000e+00,0.000000e+00,0.000000e+00,0.000000e+00,0.000000e+00,0.000000e+00,0.000000e+00,0.000000e+00,0.000000e+00,0.000000e+00,0.000000e+00,0.000000e+00
1.000000e+00,0.000000e+00,0.000000e+00,0.000000e+00,0.000000e+00,0.000000e+00,0.000000e+00,0.000000e+00,0.000000e+00,0.000000e+00,0.000000e+00,0.000000e+00,0.000000e+00,0.000000e+00,0.000000e+00
1.000000e+00,0.000000e+00,0.000000e+00,0.000000e+00,0.000000e+00,0.000000e+00,0.000000e+00,0.000000e+00,0.000000e+00,0.000000e+00,0.000000e+00,0.000000e+00,0.000000e+00,0.000000e+00,0.000000e+00
1.000000e+00,0.000000e+00,0.000000e+00,0.000000e+00,0.000000e+00,0.000000e+00,0.000000e+00,0.000000e+00,0.000000e+00,0.000000e+00,0.000000e+00,0.000000e+00,0.000000e+00,0.000000e+00,0.000000e+00
1.000000e+00,0.000000e+00,0.000000e+00,0.000000e+00,0.000000e+00,0.000000e+00,0.000000e+00,0.000000e+00,0.000000e+00,0.000000e+00,0.000000e+00,0.000000e+00,0.000000e+00,0.000000e+00,0.000000e+00
1.000000e+00,0.000000e+00,0.000000e+00,0.000000e+00,0.000000e+00,0.000000e+00,0.000000e+00,0.000000e+00,0.000000e+00,0.000000e+00,0.000000e+00,0.000000e+00,0.000000e+00,0.000000e+00,0.000000e+00
1.000000e+00,0.000000e+00,0.000000e+00,0.000000e+00,0.000000e+00,0.000000e+00,0.000000e+00,0.000000e+00,0.000000e+00,0.000000e+00,0.000000e+00,0.000000e+00,0.000000e+00,0.000000e+00,0.000000e+00
1.000000e+00,0.000000e+00,0.000000e+00,0.000000e+00,0.000000e+00,0.000000e+00,0.000000e+00,0.000000e+00,0.000000e+00,0.000000e+00,0.000000e+00,0.000000e+00,0.000000e+00,0.000000e+00,0.000000e+00
1.000000e+00,0.000000e+00,0.000000e+00,0.000000e+00,0.000000e+00,0.000000e+00,0.000000e+00,0.000000e+00,0.000000e+00,0.000000e+00,0.000000e+00,0.000000e+00,0.000000e+00,0.000000e+00,0.000000e+00
1.000000e+00,0.000000e+00,0.000000e+00,0.000000e+00,0.000000e+00,0.000000e+00,0.000000e+00,0.000000e+00,0.000000e+00,0.000000e+00,0.000000e+00,0.000000e+00,0.000000e+00,0.000000e+00,0.000000e+00
1.000000e+00,0.000000e+00,0.000000e+00,0.000000e+00,0.000000e+00,0.000000e+00,0.000000e+00,0.000000e+00,0.000000e+00,0.000000e+00,0.000000e+00,0.000000e+00,0.000000e+00,0.000000e+00,0.000000e+00
1.000000e+00,0.000000e+00,0.000000e+00,0.000000e+00,0.000000e+00,0.000000e+00,0.000000e+00,0.000000e+00,0.000000e+00,0.000000e+00,0.000000e+00,0.000000e+00,0.000000e+00,0.000000e+00,0.000000e+00
1.000000e+00,0.000000e+00,0.000000e+00,0.000000e+00,0.000000e+00,0.000000e+00,0.000000e+00,0.000000e+00,0.000000e+00,0.000000e+00,0.000000e+00,0.000000e+00,0.000000e+00,0.000000e+00,0.000000e+00
1.000000e+00,0.000000e+00,0.000000e+00,0.000000e+00,0.000000e+00,0.000000e+00,0.000000e+00,0.000000e+00,0.000000e+00,0.000000e+00,0.000000e+00,0.000000e+00,0.000000e+00,0.000000e+00,0.000000e+00
1.000000e+00,0.000000e+00,0.000000e+00,0.000000e+00,0.000000e+00,0.000000e+00,0.000000e+00,0.000000e+00,0.000000e+00,0.000000e+00,0.000000e+00,0.000000e+00,0.000000e+00,0.000000e+00,0.000000e+00
1.000000e+00,0.000000e+00,0.000000e+00,0.000000e+00,0.000000e+00,0.000000e+00,0.000000e+00,0.000000e+00,0.000000e+00,0.000000e+00,0.000000e+00,0.000000e+00,0.000000e+00,0.000000e+00,0.000000e+00
1.000000e+00,0.000000e+00,0.000000e+00,0.000000e+00,0.000000e+00,0.000000e+00,0.000000e+00,0.000000e+00,0.000000e+00,0.000000e+00,0.000000e+00,0.000000e+00,0.000000e+00,0.000000e+00,0.000000e+00
1.000000e+00,0.000000e+00,0.000000e+00,0.000000e+00,0.000000e+00,0.000000e+00,0.000000e+00,0.000000e+00,0.000000e+00,0.000000e+00,0.000000e+00,0.000000e+00,0.000000e+00,0.000000e+00,0.000000e+00
1.000000e+00,0.000000e+00,0.000000e+00,0.000000e+00,0.000000e+00,0.000000e+00,0.000000e+00,0.000000e+00,0.000000e+00,0.000000e+00,0.000000e+00,0.000000e+00,0.000000e+00,0.000000e+00,0.000000e+00
1.000000e+00,0.000000e+00,0.000000e+00,0.000000e+00,0.000000e+00,0.000000e+00,0.000000e+00,0.000000e+00,0.000000e+00,0.000000e+00,0.000000e+00,0.000000e+00,0.000000e+00,0.000000e+00,0.000000e+00
1.000000e+00,0.000000e+00,0.000000e+00,0.000000e+00,0.000000e+00,0.000000e+00,0.000000e+00,0.000000e+00,0.000000e+00,0.000000e+00,0.000000e+00,0.000000e+00,0.000000e+00,0.000000e+00,0.000000e+00
1.000000e+00,0.000000e+00,0.000000e+00,0.000000e+00,0.000000e+00,0.000000e+00,0.000000e+00,0.000000e+00,0.000000e+00,0.000000e+00,0.000000e+00,0.000000e+00,0.000000e+00,0.000000e+00,0.000000e+00
1.000000e+00,0.000000e+00,0.000000e+00,0.000000e+00,0.000000e+00,0.000000e+00,0.000000e+00,0.000000e+00,0.000000e+00,0.000000e+00,0.000000e+00,0.000000e+00,0.000000e+00,0.000000e+00,0.000000e+00
1.000000e+00,0.000000e+00,0.000000e+00,0.000000e+00,0.000000e+00,0.000000e+00,0.000000e+00,0.000000e+00,0.000000e+00,0.000000e+00,0.000000e+00,0.000000e+00,0.000000e+00,0.000000e+00,0.000000e+00
1.000000e+00,0.000000e+00,0.000000e+00,0.000000e+00,0.000000e+00,0.000000e+00,0.000000e+00,0.000000e+00,0.000000e+00,0.000000e+00,0.000000e+00,0.000000e+00,0.000000e+00,0.000000e+00,0.000000e+00
1.000000e+00,0.000000e+00,0.000000e+00,0.000000e+00,0.000000e+00,0.000000e+00,0.000000e+00,0.000000e+00,0.000000e+00,0.000000e+00,0.000000e+00,0.000000e+00,0.000000e+00,0.000000e+00,0.000000e+00
1.000000e+00,0.000000e+00,0.000000e+00,0.000000e+00,0.000000e+00,0.000000e+00,0.000000e+00,0.000000e+00,0.000000e+00,0.000000e+00,0.000000e+00,0.000000e+00,0.000000e+00,0.000000e+00,0.000000e+00
1.000000e+00,0.000000e+00,0.000000e+00,0.000000e+00,0.000000e+00,0.000000e+00,0.000000e+00,0.000000e+00,0.000000e+00,0.000000e+00,0.000000e+00,0.000000e+00,0.000000e+00,0.000000e+00,0.000000e+00
1.000000e+00,0.000000e+00,0.000000e+00,0.000000e+00,0.000000e+00,0.000000e+00,0.000000e+00,0.000000e+00,0.000000e+00,0.000000e+00,0.000000e+00,0.000000e+00,0.000000e+00,0.000000e+00,0.000000e+00
1.000000e+00,0.000000e+00,0.000000e+00,0.000000e+00,0.000000e+00,0.000000e+00,0.000000e+00,0.000000e+00,0.000000e+00,0.000000e+00,0.000000e+00,0.000000e+00,0.000000e+00,0.000000e+00,0.000000e+00
1.000000e+00,0.000000e+00,0.000000e+00,0.000000e+00,0.000000e+00,0.000000e+00,0.000000e+00,0.000000e+00,0.000000e+00,0.000000e+00,0.000000e+00,0.000000e+00,0.000000e+00,0.000000e+00,0.000000e+00
1.000000e+00,0.000000e+00,0.000000e+00,0.000000e+00,0.000000e+00,0.000000e+00,0.000000e+00,0.000000e+00,0.000000e+00,0.000000e+00,0.000000e+00,0.000000e+00,0.000000e+00,0.000000e+00,0.000000e+00
1.000000e+00,0.000000e+00,0.000000e+00,0.000000e+00,0.000000e+00,0.000000e+00,0.000000e+00,0.000000e+00,0.000000e+00,0.000000e+00,0.000000e+00,0.000000e+00,0.000000e+00,0.000000e+00,0.000000e+00
1.000000e+00,0.000000e+00,0.000000e+00,0.000000e+00,0.000000e+00,0.000000e+00,0.000000e+00,0.000000e+00,0.000000e+00,0.000000e+00,0.000000e+00,0.000000e+00,0.000000e+00,0.000000e+00,0.000000e+00
1.000000e+00,0.000000e+00,0.000000e+00,0.000000e+00,0.000000e+00,0.000000e+00,0.000000e+00,0.000000e+00,0.000000e+00,0.000000e+00,0.000000e+00,0.000000e+00,0.000000e+00,0.000000e+00,0.000000e+00
1.000000e+00,0.000000e+00,0.000000e+00,0.000000e+00,0.000000e+00,0.000000e+00,0.000000e+00,0.000000e+00,0.000000e+00,0.000000e+00,0.000000e+00,0.000000e+00,0.000000e+00,0.000000e+00,0.000000e+00
1.000000e+00,0.000000e+00,0.000000e+00,0.000000e+00,0.000000e+00,0.000000e+00,0.000000e+00,0.000000e+00,0.000000e+00,0.000000e+00,0.000000e+00,0.000000e+00,0.000000e+00,0.000000e+00,0.000000e+00
1.000000e+00,0.000000e+00,0.000000e+00,0.000000e+00,0.000000e+00,0.000000e+00,0.000000e+00,0.000000e+00,0.000000e+00,0.000000e+00,0.000000e+00,0.000000e+00,0.000000e+00,0.000000e+00,0.000000e+00
1.000000e+00,0.000000e+00,0.000000e+00,0.000000e+00,0.000000e+00,0.000000e+00,0.000000e+00,0.000000e+00,0.000000e+00,0.000000e+00,0.000000e+00,0.000000e+00,0.000000e+00,0.000000e+00,0.000000e+00
1.000000e+00,0.000000e+00,0.000000e+00,0.000000e+00,0.000000e+00,0.000000e+00,0.000000e+00,0.000000e+00,0.000000e+00,0.000000e+00,0.000000e+00,0.000000e+00,0.000000e+00,0.000000e+00,0.000000e+00
1.000000e+00,0.000000e+00,0.000000e+00,0.000000e+00,0.000000e+00,0.000000e+00,0.000000e+00,0.000000e+00,0.000000e+00,0.000000e+00,0.000000e+00,0.000000e+00,0.000000e+00,0.000000e+00,0.000000e+00
1.000000e+00,0.000000e+00,0.000000e+00,0.000000e+00,0.000000e+00,0.000000e+00,0.000000e+00,0.000000e+00,0.000000e+00,0.000000e+00,0.000000e+00,0.000000e+00,0.000000e+00,0.000000e+00,0.000000e+00
1.000000e+00,0.000000e+00,0.000000e+00,0.000000e+00,0.000000e+00,0.000000e+00,0.000000e+00,0.000000e+00,0.000000e+00,0.000000e+00,0.000000e+00,0.000000e+00,0.000000e+00,0.000000e+00,0.000000e+00
1.000000e+00,0.000000e+00,0.000000e+00,0.000000e+00,0.000000e+00,0.000000e+00,0.000000e+00,0.000000e+00,0.000000e+00,0.000000e+00,0.000000e+00,0.000000e+00,0.000000e+00,0.000000e+00,0.000000e+00
1.000000e+00,0.000000e+00,0.000000e+00,0.000000e+00,0.000000e+00,0.000000e+00,0.000000e+00,0.000000e+00,0.000000e+00,0.000000e+00,0.000000e+00,0.000000e+00,0.000000e+00,0.000000e+00,0.000000e+00
1.000000e+00,0.000000e+00,0.000000e+00,0.000000e+00,0.000000e+00,0.000000e+00,0.000000e+00,0.000000e+00,0.000000e+00,0.000000e+00,0.000000e+00,0.000000e+00,0.000000e+00,0.000000e+00,0.000000e+00
4.291275e-01,7.387331e-03,5.467680e-03,1.981836e-02,4.180625e-03,1.075737e-02,3.345121e-03,4.705119e-01,3.392868e-03,9.888879e-04,6.156724e-03,1.667481e-02,1.135338e-02,2.083766e-03,8.753789e-03
3.014609e-01,5.224690e-03,4.176488e-03,1.398848e-02,3.030644e-03,8.021117e-03,2.788487e-03,6.264357e-01,2.381862e-03,6.971868e-04,4.362858e-03,1.172632e-02,8.005444e-03,1.515027e-03,6.184756e-03
2.151064e-01,3.870168e-03,3.790411e-03,9.999729e-03,2.564889e-03,7.160290e-03,2.783692e-03,7.285564e-01,1.738248e-03,5.217743e-04,3.384734e-03,8.392193e-03,5.756970e-03,1.873332e-03,4.500776e-03
1.532047e-01,2.947748e-03,2.854683e-03,8.023654e-03,2.085769e-03,5.307274e-03,2.101811e-03,6.897081e-01,1.955296e-03,3.104517e-03,3.294114e-02,3.223085e-02,1.074645e-02,4.940563e-02,3.382343e-03
1.075979e-01,2.119363e-03,2.049565e-03,8.033948e-03,1.564580e-03,3.926462e-03,1.839817e-03,5.106679e-01,1.718474e-03,2.766028e-03,2.948908e-02,2.529986e-01,2.355385e-02,4.899040e-02,2.684087e-03
7.632280e-02,1.595133e-03,1.630104e-03,7.716612e-03,1.312208e-03,3.455322e-03,7.506644e-03,3.793669e-01,2.452849e-03,2.388640e-03,2.387610e-02,4.086846e-01,3.551251e-02,4.396962e-02,4.209986e-03
5.994615e-02,1.361106e-03,1.848481e-03,8.599292e-03,3.611121e-03,7.805993e-03,9.975201e-03,2.672781e-01,5.556626e-03,3.347166e-03,2.585129e-02,5.236320e-01,2.865097e-02,3.418860e-02,1.834786e-02
5.120308e-02,1.206394e-03,1.661814e-03,7.445767e-03,3.694329e-03,1.222465e-02,7.546524e-03,1.880157e-01,8.556525e-03,3.082647e-03,3.074755e-02,6.189907e-01,2.259704e-02,2.521157e-02,1.781572e-02
3.719027e-02,9.607603e-04,1.297009e-03,5.768092e-03,3.259236e-03,1.259318e-02,5.406821e-03,1.317807e-01,8.084822e-03,2.622539e-03,3.561106e-02,7.060060e-01,1.716525e-02,1.859096e-02,1.366331e-02
2.653950e-02,8.868354e-04,1.041291e-03,4.404195e-03,2.651359e-03,1.315308e-02,3.842400e-03,9.230779e-02,7.679178e-03,2.081350e-03,3.516923e-02,7.739004e-01,1.269733e-02,1.354678e-02,1.009931e-02
1.880122e-02,8.544315e-04,8.166302e-04,3.209003e-03,4.351118e-03,1.352761e-02,2.737939e-03,6.467797e-02,8.332658e-03,1.618091e-03,3.683621e-02,8.171918e-01,9.379396e-03,1.025971e-02,7.406178e-03
1.342047e-02,6.491210e-04,5.755773e-04,2.342177e-03,2.242180e-02,9.944285e-03,1.925321e-03,4.529360e-02,8.221733e-03,1.217648e-03,3.367350e-02,8.400778e-01,7.304813e-03,7.680455e-03,5.251806e-03
9.565036e-03,6.649827e-04,4.315900e-04,1.684841e-03,3.244632e-02,8.682096e-03,1.358513e-03,3.177141e-02,7.119269e-03,1.006037e-03,3.144918e-02,8.585969e-01,5.422866e-03,6.071187e-03,3.729767e-03
6.767102e-03,6.395128e-04,3.252231e-04,1.224957e-03,3.195208e-02,6.624863e-03,9.560182e-04,2.227583e-02,6.047681e-03,8.470077e-04,2.925789e-02,8.812371e-01,4.096732e-03,5.060480e-03,2.687491e-03
4.773189e-03,1.105777e-03,4.326390e-04,1.005206e-03,2.936433e-02,5.093056e-03,7.726474e-04,1.574450e-02,5.169327e-03,7.137025e-04,2.392258e-02,9.029036e-01,2.966995e-03,4.101087e-03,1.931457e-03
3.389356e-03,1.261809e-03,3.948250e-04,7.702810e-04,2.650694e-02,3.929134e-03,6.023564e-04,1.114877e-02,4.134136e-03,5.942995e-04,2.094571e-02,9.194043e-01,2.152897e-03,3.386032e-03,1.379204e-03
2.512878e-03,9.431217e-03,1.280328e-03,9.645409e-04,5.122469e-02,1.180871e-02,7.747540e-04,1.176042e-02,7.731365e-03,5.513775e-04,1.653902e-02,8.798089e-01,1.587598e-03,3.031290e-03,9.929469e-04
1.888806e-03,7.460314e-03,2.134699e-03,4.208446e-03,4.469663e-02,9.579625e-03,1.117068e-03,9.008154e-02,6.792716e-03,4.787505e-04,1.411727e-02,8.128850e-01,1.221982e-03,2.638566e-03,6.986461e-04
1.400982e-03,5.588175e-03,1.878690e-03,3.809067e-03,4.560305e-02,6.950858e-03,8.507972e-04,7.486196e-02,7.303373e-03,4.426181e-04,1.358093e-02,8.330338e-01,1.033772e-03,3.157930e-03,5.040708e-04
1.975259e-03,4.384641e-03,7.037838e-03,1.130802e-02,7.958426e-02,5.942478e-03,8.188129e-04,1.680767e-01,2.696706e-02,7.250340e-04,1.921263e-02,6.688850e-01,1.329395e-03,3.324863e-03,4.280222e-04
4.434362e-03,4.313787e-03,1.097760e-02,2.410085e-02,8.576886e-02,6.120939e-03,1.148463e-03,2.260892e-01,9.809378e-02,1.171935e-03,4.494049e-02,4.879756e-01,1.350477e-03,2.979752e-03,5.339456e-04
5.729474e-03,1.432422e-02,1.338219e-02,3.835955e-02,9.482561e-02,1.147905e-02,1.053647e-03,1.855062e-01,2.440223e-01,1.495627e-03,3.722712e-02,3.479788e-01,1.407539e-03,2.323567e-03,8.851372e-04
7.269938e-03,1.273071e-02,2.322211e-02,7.402565e-02,1.161644e-01,1.033357e-02,1.140939e-03,2.549316e-01,2.113543e-01,1.587985e-03,3.756842e-02,2.454131e-01,1.157845e-03,2.251219e-03,8.482637e-04
1.010161e-02,1.366499e-02,3.260760e-02,6.637921e-02,1.852748e-01,1.161538e-02,1.090404e-03,1.947604e-01,2.487027e-01,1.712819e-03,5.543510e-02,1.736463e-01,1.029882e-03,2.357193e-03,1.621618e-03
1.443005e-02,5.372935e-02,5.696850e-02,1.270885e-01,1.739158e-01,9.774717e-03,9.947646e-04,1.602605e-01,2.233120e-01,1.769729e-03,4.737230e-02,1.230670e-01,1.047905e-03,2.147011e-03,4.121953e-03
2.795566e-02,7.025402e-02,5.522230e-02,1.054786e-01,1.592579e-01,1.784120e-02,9.013015e-04,1.527586e-01,2.482368e-01,3.009708e-03,5.976014e-02,8.685311e-02,9.865600e-04,4.394789e-03,7.089325e-03
3.869434e-02,5.917661e-02,4.589197e-02,1.214236e-01,1.650813e-01,2.300825e-02,1.254540e-03,1.705261e-01,2.451093e-01,3.137192e-03,5.054668e-02,6.164399e-02,1.485022e-03,4.724464e-03,8.296486e-03
5.658893e-02,7.447518e-02,4.463576e-02,1.034189e-01,1.462816e-01,3.145455e-02,1.393831e-03,1.478737e-01,2.836362e-01,3.292655e-03,4.653703e-02,4.492816e-02,1.593250e-03,5.033309e-03,8.856872e-03
7.311642e-02,8.325607e-02,6.012794e-02,8.912768e-02,1.291716e-01,3.468122e-02,1.251878e-03,1.452322e-01,2.881180e-01,4.514812e-03,3.992714e-02,3.431482e-02,1.445824e-03,4.763654e-03,1.095074e-02
7.235618e-02,7.357596e-02,5.462358e-02,7.801676e-02,1.062719e-01,3.512455e-02,1.203328e-03,1.268951e-01,3.125952e-01,1.329470e-02,3.109395e-02,2.615705e-02,4.414998e-03,5.969086e-03,5.840765e-02
5.857690e-02,5.383449e-02,4.145927e-02,5.844127e-02,7.586861e-02,3.037713e-02,9.328163e-04,9.008768e-02,3.035229e-01,7.363794e-02,2.966546e-02,1.901771e-02,1.585155e-02,7.192981e-03,1.415333e-01
4.243983e-02,3.914915e-02,3.097482e-02,4.569964e-02,5.382656e-02,2.328091e-02,7.833143e-04,6.344012e-02,2.764765e-01,2.255368e-01,2.771349e-02,1.409532e-02,2.185538e-02,5.843414e-03,1.288847e-01
2.989006e-02,2.780722e-02,2.191579e-02,3.427418e-02,3.792555e-02,1.745208e-02,5.635679e-04,4.449524e-02,2.919658e-01,3.174798e-01,2.899054e-02,1.104626e-02,3.056811e-02,4.699282e-03,1.009265e-01
2.108800e-02,2.018999e-02,1.606486e-02,2.863578e-02,2.705542e-02,1.372232e-02,4.573873e-04,3.144778e-02,4.159259e-01,2.796751e-01,3.125148e-02,8.523693e-03,2.519392e-02,4.518600e-03,7.624981e-02
1.582985e-02,1.489016e-02,1.173516e-02,2.175416e-02,1.930369e-02,1.220386e-02,6.654154e-04,2.240193e-02,3.952718e-01,3.313030e-01,3.985437e-02,1.472428e-02,2.471616e-02,1.314416e-02,6.220194e-02
1.229804e-02,1.099453e-02,8.702104e-03,1.580426e-02,1.376405e-02,1.056321e-02,1.464475e-03,1.607776e-02,3.192581e-01,3.975884e-01,6.080173e-02,2.103781e-02,2.171977e-02,4.096456e-02,4.896121e-02
1.647626e-02,9.880144e-03,7.146521e-03,1.177137e-02,1.160808e-02,9.423786e-03,1.748698e-03,1.258078e-02,2.494546e-01,3.087423e-01,8.208440e-02,2.039375e-02,4.064360e-02,1.717510e-01,4.629458e-02
1.609770e-02,9.600814e-03,5.668920e-03,8.539154e-03,1.053374e-02,7.748875e-03,1.424352e-03,9.293358e-03,2.335931e-01,2.236281e-01,7.844366e-02,2.118749e-02,3.353177e-02,3.010830e-01,3.962584e-02
1.338504e-02,1.110050e-02,4.606681e-03,6.192951e-03,9.066222e-03,5.901618e-03,1.048568e-03,6.639989e-03,2.401511e-01,1.586485e-01,7.142543e-02,1.727530e-02,2.504136e-02,3.977310e-01,3.178573e-02
1.042142e-02,9.101244e-03,3.463741e-03,4.586420e-03,6.912984e-03,4.695084e-03,7.539726e-04,4.739175e-03,2.875427e-01,1.141165e-01,5.797883e-02,1.388467e-02,2.122386e-02,4.330653e-01,2.751412e-02
8.051162e-03,7.101717e-03,2.496004e-03,3.911735e-03,5.282520e-03,4.332901e-03,5.835443e-04,3.612333e-03,3.054968e-01,8.107463e-02,5.251408e-02,1.287080e-02,2.166021e-02,4.699619e-01,2.104957e-02
6.237993e-03,1.450498e-02,2.342217e-03,4.446946e-03,1.225833e-02,8.176734e-03,6.606578e-04,2.705468e-03,3.189445e-01,5.787092e-02,8.058195e-02,2.060220e-02,4.727845e-02,4.063799e-01,1.700873e-02
6.596962e-03,1.492705e-02,9.683609e-03,6.990674e-03,4.878210e-02,1.064503e-02,2.008110e-03,1.024343e-01,2.991124e-01,4.161967e-02,6.751073e-02,2.485626e-02,4.125565e-02,3.087594e-01,1.481803e-02
7.576555e-03,1.525332e-02,2.439510e-02,1.152146e-02,6.909810e-02,1.240760e-02,2.734493e-03,2.039404e-01,2.589901e-01,3.012067e-02,5.290013e-02,2.508104e-02,3.495064e-02,2.382770e-01,1.275334e-02
5.636457e-03,1.081208e-02,2.529011e-02,8.839369e-03,4.900374e-02,8.870356e-03,1.998519e-03,4.245144e-01,1.865589e-01,2.111754e-02,3.749789e-02,1.812188e-02,2.489109e-02,1.678749e-01,8.972800e-03
4.038899e-03,7.593511e-03,1.928301e-02,6.281574e-03,3.466502e-02,6.228746e-03,1.429108e-03,5.931252e-01,1.319378e-01,1.479284e-02,2.632773e-02,1.282230e-02,1.750386e-02,1.176822e-01,6.288209e-03
2.983772e-03,5.343035e-03,1.417067e-02,4.472558e-03,2.477410e-02,4.485558e-03,1.027555e-03,7.130144e-01,9.256043e-02,1.036648e-02,1.852171e-02,8.997945e-03,1.231118e-02,8.256182e-02,4.408863e-03
2.502937e-03,3.816284e-03,1.048561e-02,3.314178e-03,1.795393e-02,3.486025e-03,7.502463e-04,7.955095e-01,6.497253e-02,7.296548e-03,1.321596e-02,6.356736e-03,8.857188e-03,5.838232e-02,3.100027e-03
2.343725e-03,2.736587e-03,7.566927e-03,2.527223e-03,1.324221e-02,2.654683e-03,5.421839e-04,8.536307e-01,4.563798e-02,5.126158e-03,9.454465e-03,4.483160e-03,6.378879e-03,4.149066e-02,2.184507e-03
3.170268e-03,2.008758e-03,5.381430e-03,2.264775e-03,1.051008e-02,1.970583e-03,3.902094e-04,8.933735e-01,3.209391e-02,3.596967e-03,6.724489e-03,3.170514e-03,4.538039e-03,2.926272e-02,1.543778e-03
3.603873e-03,1.489303e-03,3.884791e-03,2.150159e-03,8.688673e-03,1.586753e-03,2.911335e-04,9.207625e-01,2.262568e-02,2.531161e-03,4.874202e-03,2.284078e-03,3.316332e-03,2.080888e-02,1.102517e-03
5.414910e-03,1.198170e-03,2.912983e-03,2.100743e-03,7.347812e-03,1.396675e-03,2.568187e-04,9.383678e-01,1.602139e-02,1.779658e-03,3.515868e-03,1.649412e-03,2.475593e-03,1.476473e-02,7.975010e-04
3.007385e-02,1.161697e-03,2.778691e-03,5.943683e-03,8.843964e-03,1.290112e-03,3.131693e-04,9.189759e-01,1.187551e-02,1.280258e-03,2.845337e-03,1.495976e-03,1.955554e-03,1.048846e-02,6.778425e-04
5.524994e-02,9.446429e-04,2.332615e-03,6.804451e-03,7.432636e-03,1.141992e-03,2.557169e-04,9.025236e-01,8.920475e-03,9.095730e-04,2.241360e-03,1.620357e-03,1.699745e-03,7.373896e-03,5.489945e-04
4.248366e-02,9.319715e-04,1.957015e-03,6.732683e-02,5.870801e-03,3.296546e-03,2.181252e-04,7.151137e-01,1.880724e-02,7.771556e-04,8.216955e-03,9.482457e-02,3.408765e-02,5.285779e-03,8.019984e-04
3.671880e-02,1.367019e-03,2.314347e-03,1.052727e-01,5.726407e-03,6.332318e-03,3.633209e-04,5.716466e-01,3.975369e-02,1.066829e-03,1.644229e-02,1.664622e-01,4.042158e-02,4.583654e-03,1.528358e-03
2.777035e-02,1.463633e-03,3.904107e-03,1.033353e-01,4.744551e-03,9.800129e-03,3.076202e-04,4.145226e-01,3.454056e-02,1.175171e-03,2.074438e-02,3.413707e-01,2.979761e-02,3.751502e-03,2.771765e-03
2.212247e-02,1.325923e-03,2.955099e-03,7.742242e-02,3.993577e-03,1.321598e-02,2.891782e-04,2.973782e-01,2.764826e-02,1.050368e-03,3.380786e-02,4.738523e-01,2.408972e-02,1.700174e-02,3.846886e-03
2.103437e-02,1.328784e-03,2.221835e-03,5.594157e-02,3.211359e-03,1.268978e-02,2.482877e-04,2.147272e-01,2.937550e-02,1.178219e-03,1.167005e-01,4.506787e-01,1.862511e-02,6.633811e-02,5.700815e-03
1.543926e-02,1.088925e-03,1.593022e-03,3.935406e-02,3.056734e-03,9.521686e-03,2.180569e-04,1.506073e-01,2.201256e-02,1.029144e-03,2.028907e-01,4.655742e-01,1.349617e-02,6.954698e-02,4.571254e-03
1.223401e-02,9.376856e-04,1.187115e-03,2.766575e-02,3.814633e-03,8.139588e-03,2.648513e-04,1.059147e-01,1.630309e-02,9.038286e-04,2.026263e-01,5.318285e-01,1.021315e-02,7.449692e-02,3.469951e-03
8.820841e-03,1.047148e-03,8.851061e-04,1.942752e-02,7.160231e-03,8.524438e-03,2.240051e-04,7.442117e-02,1.196752e-02,8.270641e-04,1.841710e-01,5.926176e-01,8.023246e-03,7.940987e-02,2.473186e-03
6.274461e-03,1.331087e-03,1.073354e-03,1.399002e-02,1.275682e-02,6.829722e-03,2.237613e-04,5.218765e-02,1.509948e-02,9.602269e-04,2.417083e-01,5.373698e-01,5.914331e-03,1.021662e-01,2.114791e-03
4.578779e-03,1.167360e-03,1.096790e-03,1.010128e-02,1.145338e-02,5.582061e-03,2.098517e-04,3.666607e-02,1.677331e-02,9.353865e-04,3.027807e-01,4.531588e-01,4.662289e-03,1.491982e-01,1.635732e-03
3.316594e-03,1.938216e-03,1.054447e-03,7.578813e-03,1.120140e-02,6.766206e-03,1.759467e-04,2.606025e-02,1.149868e-01,1.055498e-03,3.114709e-01,3.764613e-01,3.521849e-03,1.331275e-01,1.284255e-03
2.353854e-03,1.731842e-03,8.384884e-04,5.942565e-03,9.216098e-03,5.689576e-03,1.294020e-04,1.832948e-02,2.948245e-01,1.065158e-03,2.701592e-01,2.761596e-01,2.551838e-03,1.099696e-01,1.038680e-03
1.681298e-03,3.169674e-03,9.791773e-04,5.087242e-03,8.900976e-03,7.895788e-03,1.003962e-04,1.293528e-02,4.659748e-01,1.378463e-03,2.150703e-01,1.947429e-01,1.819770e-03,7.867605e-02,1.587832e-03
1.249677e-03,2.438133e-03,8.248508e-04,3.966474e-03,7.140523e-03,1.009444e-02,7.360139e-05,9.780312e-03,6.008895e-01,1.315556e-03,1.659544e-01,1.366555e-01,1.427808e-03,5.614451e-02,2.044629e-03
1.351454e-03,3.040789e-03,3.067857e-03,1.513798e-02,1.172927e-02,1.169482e-02,7.435465e-05,9.032480e-03,6.522765e-01,1.319834e-03,1.493575e-01,9.589002e-02,1.317745e-03,3.998699e-02,4.722408e-03
2.276495e-03,3.723675e-03,3.084943e-02,1.146959e-01,1.395271e-02,2.070929e-02,1.071314e-04,1.124206e-02,5.718392e-01,3.672019e-03,1.135271e-01,6.719454e-02,1.287101e-03,2.830423e-02,1.661920e-02
2.292871e-03,2.942614e-03,5.251124e-02,2.451131e-01,1.525570e-02,1.863577e-02,1.221823e-04,3.664049e-02,4.502033e-01,5.853509e-03,8.722034e-02,4.723995e-02,1.360468e-03,1.998065e-02,1.462779e-02
3.259294e-03,2.347915e-03,6.714714e-02,3.461005e-01,1.873256e-02,1.515823e-02,2.398601e-04,7.989876e-02,3.278885e-01,9.585512e-03,6.616742e-02,3.340536e-02,1.681997e-03,1.430138e-02,1.408565e-02
5.983374e-03,2.195197e-03,6.784330e-02,2.513902e-01,2.152392e-02,1.302215e-02,7.671585e-04,3.047556e-01,2.322175e-01,6.894376e-03,4.773685e-02,2.372599e-02,1.652223e-03,1.022262e-02,1.006970e-02
1.088235e-02,2.083299e-03,7.587977e-02,1.904797e-01,2.046079e-02,1.164188e-02,1.102492e-03,4.471207e-01,1.659369e-01,5.459771e-03,3.443758e-02,1.684207e-02,1.628224e-03,7.851933e-03,8.192591e-03
9.400045e-03,2.345689e-03,1.198457e-01,1.730516e-01,1.651507e-02,9.588303e-03,1.020269e-03,4.208326e-01,1.193827e-01,7.198733e-03,5.394238e-02,2.590100e-02,1.123444e-02,2.248307e-02,7.258360e-03
7.234007e-03,2.238258e-03,1.042196e-01,1.466819e-01,1.233129e-02,8.090261e-03,9.075268e-04,3.520837e-01,8.665266e-02,8.008889e-03,1.256582e-01,4.986742e-02,3.348384e-02,5.582722e-02,6.715179e-03
5.399980e-03,2.490052e-03,1.030657e-01,1.093356e-01,1.006375e-02,6.632112e-03,9.298201e-04,2.531647e-01,7.254421e-02,1.105303e-02,1.698793e-01,6.305432e-02,4.929377e-02,1.262705e-01,1.682314e-02
4.074255e-03,3.886567e-03,8.444821e-02,7.792469e-02,7.880341e-03,5.261979e-03,7.601203e-04,1.786334e-01,1.044525e-01,1.217194e-02,1.530548e-01,6.284843e-02,4.823529e-02,1.617981e-01,9.456935e-02
3.260311e-03,3.310177e-03,8.711854e-02,5.550424e-02,6.780418e-03,4.324539e-03,6.440895e-04,1.270324e-01,8.239338e-02,1.035730e-02,1.310869e-01,4.891999e-02,3.679748e-02,3.187884e-01,8.368181e-02
3.433126e-03,3.196533e-03,6.870334e-02,4.119847e-02,6.841386e-03,4.726689e-03,6.748550e-04,9.371317e-02,7.796700e-02,1.762155e-02,1.930080e-01,4.046297e-02,2.947198e-02,3.449878e-01,7.399318e-02
2.940340e-03,2.514583e-03,4.894459e-02,2.917769e-02,5.292236e-03,3.599457e-03,5.479924e-04,6.627765e-02,6.684265e-02,1.382351e-02,1.946366e-01,3.252402e-02,2.175680e-02,4.568127e-01,5.430929e-02
2.289394e-03,1.915043e-03,3.441112e-02,2.053091e-02,4.090447e-03,3.536921e-03,4.063437e-04,4.647632e-02,5.620024e-02,1.049294e-02,2.071780e-01,2.544288e-02,1.578854e-02,5.326477e-01,3.859330e-02
1.761948e-03,1.890847e-03,2.416199e-02,1.443897e-02,3.295873e-03,3.909100e-03,3.002577e-04,3.257357e-02,4.667849e-02,7.717429e-03,1.951439e-01,2.189948e-02,1.148978e-02,6.074089e-01,2.732941e-02
1.433241e-03,2.046651e-03,1.695829e-02,1.024172e-02,2.810954e-03,6.123034e-03,2.212223e-04,2.284140e-02,3.836513e-02,5.800604e-03,2.079256e-01,1.930669e-02,8.531437e-03,6.379222e-01,1.947180e-02
1.169128e-03,7.314080e-03,2.044037e-02,7.734982e-03,2.867202e-03,1.193834e-01,3.987456e-04,2.238612e-02,4.501822e-02,4.373827e-03,1.913844e-01,1.543063e-02,6.197240e-03,5.420172e-01,1.388448e-02
9.713767e-04,8.552521e-03,1.587720e-02,5.939241e-03,2.714677e-03,2.513098e-01,3.296473e-04,1.743278e-02,6.047272e-02,3.271132e-03,1.550356e-01,1.158568e-02,4.453631e-03,4.522111e-01,9.842923e-03
8.196468e-04,1.393066e-02,1.247579e-02,4.461970e-03,2.583975e-03,4.314274e-01,2.527420e-04,1.373165e-02,6.588513e-02,2.376481e-03,1.115135e-01,8.180691e-03,3.205394e-03,3.221791e-01,6.975893e-03
6.609009e-04,1.915350e-02,9.625028e-03,4.984158e-03,3.294415e-03,5.638328e-01,1.833402e-04,9.866143e-03,6.833331e-02,1.849814e-03,7.838190e-02,5.775127e-03,2.660972e-03,2.258708e-01,5.527758e-03
5.278931e-04,2.385413e-02,7.229941e-03,4.199384e-03,2.825626e-03,6.708002e-01,1.420129e-04,7.037277e-03,5.876515e-02,1.371428e-03,5.495154e-02,4.060406e-03,2.003016e-03,1.581606e-01,4.071327e-03
4.600410e-04,3.013090e-02,5.268712e-03,1.867930e-02,2.432191e-03,7.256513e-01,1.015738e-04,5.094999e-03,5.163351e-02,1.257446e-03,3.930719e-02,2.965007e-03,1.913540e-03,1.107787e-01,4.325555e-03
4.907263e-04,3.221985e-02,4.509443e-03,2.110704e-02,2.751425e-03,7.713379e-01,7.874548e-05,3.899276e-03,4.531166e-02,1.280219e-03,2.784309e-02,2.119959e-03,1.465896e-03,7.767028e-02,7.914379e-03
5.980029e-04,3.086746e-02,3.610379e-03,8.403863e-02,2.058540e-03,5.881522e-01,5.629368e-05,2.979043e-03,8.683882e-02,1.017181e-02,5.215768e-02,2.015538e-03,3.054046e-03,5.492737e-02,7.847416e-02
6.919226e-04,2.439826e-02,2.954662e-03,9.153929e-02,1.518128e-03,4.159462e-01,4.466969e-05,2.263839e-03,1.281487e-01,1.468849e-02,2.008176e-01,2.201588e-03,8.710425e-03,3.957555e-02,6.650070e-02
6.969818e-04,2.138201e-02,2.569078e-03,7.775016e-02,1.131376e-03,2.943079e-01,3.852180e-05,1.636712e-03,1.699092e-01,3.891182e-02,2.870793e-01,3.470229e-03,1.338667e-02,3.344702e-02,5.428300e-02
1.099279e-03,1.604102e-02,2.990521e-03,6.304196e-02,1.054632e-03,2.076089e-01,9.104076e-05,1.518337e-03,2.097360e-01,3.822357e-02,3.232241e-01,5.808310e-03,1.771495e-02,6.546930e-02,4.637808e-02
1.190018e-03,1.258308e-02,3.596512e-03,4.801877e-02,9.213350e-04,1.466503e-01,1.232778e-04,1.154277e-03,2.206592e-01,4.130275e-02,2.926317e-01,8.870041e-03,1.815397e-02,1.644554e-01,3.968929e-02
2.007708e-03,1.291918e-02,5.230919e-03,4.369126e-02,1.459250e-03,1.041616e-01,1.643359e-04,1.041525e-03,2.154977e-01,5.041527e-02,2.681538e-01,1.121753e-02,1.726505e-02,2.313274e-01,3.544747e-02
2.413376e-03,1.308614e-02,8.316082e-03,3.288947e-02,5.149041e-03,7.402434e-02,2.522675e-04,1.361005e-03,2.121205e-01,4.449194e-02,2.196361e-01,1.042311e-02,1.599384e-02,3.277123e-01,3.213049e-02
2.134959e-03,1.266437e-02,9.054333e-03,2.834369e-02,4.682593e-03,5.296633e-02,3.642358e-04,1.861549e-03,1.939802e-01,3.499107e-02,1.653577e-01,8.727260e-03,1.305536e-02,4.462868e-01,2.552959e-02
2.455903e-03,2.327473e-02,1.179483e-02,2.257095e-02,5.251636e-03,4.049439e-02,5.087467e-04,2.666186e-03,1.905977e-01,2.660301e-02,1.342385e-01,8.898944e-03,1.419489e-02,4.958111e-01,2.063853e-02
2.755096e-03,2.450287e-02,1.265583e-02,1.796866e-02,5.407463e-03,3.199883e-02,7.054872e-04,3.421298e-03,1.846763e-01,2.000943e-02,1.035014e-01,9.575566e-03,1.641794e-02,5.456020e-01,2.080186e-02
8.524921e-03,2.603927e-02,1.801406e-02,1.465689e-02,7.813256e-02,3.165010e-02,1.148100e-02,3.148908e-03,2.121392e-01,1.957244e-02,8.710823e-02,8.319523e-03,1.831257e-02,4.413855e-01,2.151489e-02
7.958954e-03,3.218649e-02,1.666107e-01,5.256882e-02,9.409577e-02,2.455456e-02,1.067470e-02,2.992834e-03,1.813700e-01,1.498807e-02,6.242780e-02,6.070265e-03,1.356050e-02,3.100184e-01,1.992222e-02
1.653430e-02,4.499789e-02,1.922238e-01,5.468998e-02,1.705658e-01,2.560626e-02,1.113754e-02,6.236012e-03,1.671672e-01,1.182768e-02,4.558287e-02,4.607751e-03,1.074408e-02,2.189440e-01,1.913487e-02
4.843416e-02,5.836610e-02,1.600498e-01,4.908672e-02,2.370270e-01,2.781259e-02,1.250086e-02,7.121258e-03,1.539269e-01,1.707865e-02,3.465843e-02,3.935281e-03,1.083721e-02,1.555760e-01,2.358907e-02
7.627278e-02,5.746364e-02,1.481887e-01,4.185751e-02,3.175876e-01,2.850929e-02,1.161446e-02,6.335809e-03,1.228118e-01,2.155156e-02,2.614829e-02,3.371183e-03,1.003890e-02,1.103896e-01,1.785889e-02
1.015619e-01,5.442861e-02,1.159330e-01,4.031991e-02,3.505491e-01,4.517073e-02,1.106528e-02,1.599654e-02,1.003979e-01,2.333213e-02,2.185941e-02,7.235100e-03,1.442023e-02,8.359876e-02,1.413145e-02
9.248234e-02,3.997324e-02,8.276199e-02,2.939221e-02,4.054281e-01,4.452445e-02,8.613800e-02,1.935664e-02,7.296102e-02,2.197885e-02,1.553539e-02,5.345100e-03,1.133278e-02,6.089413e-02,1.189576e-02
7.662594e-02,2.883779e-02,6.055558e-02,2.227933e-02,4.932997e-01,3.618886e-02,1.030018e-01,2.875854e-02,5.240083e-02,2.166727e-02,1.106212e-02,4.026336e-03,8.393162e-03,4.377104e-02,9.131651e-03
5.659020e-02,2.037075e-02,4.444113e-02,1.605077e-02,5.274723e-01,2.763039e-02,9.480908e-02,2.261871e-02,3.690004e-02,9.751419e-02,8.139119e-03,2.973262e-03,6.359316e-03,3.089919e-02,7.231596e-03
4.551128e-02,1.472070e-02,3.415143e-02,1.221289e-02,4.671168e-01,2.096147e-02,1.033429e-01,1.856530e-02,2.633424e-02,2.139990e-01,6.400580e-03,2.487213e-03,4.889971e-03,2.176578e-02,7.540558e-03
6.565206e-02,1.126845e-02,2.596623e-02,1.056887e-02,3.822848e-01,1.803765e-02,1.274838e-01,1.486680e-02,1.996627e-02,2.822126e-01,7.805800e-03,4.770407e-03,5.185582e-03,1.552902e-02,8.401772e-03
6.658107e-02,9.152928e-03,1.937407e-02,8.755036e-03,3.682227e-01,1.631058e-02,1.807111e-01,1.312156e-02,1.442944e-02,2.662578e-01,7.149810e-03,4.231993e-03,4.764791e-03,1.164016e-02,9.297011e-03
1.026277e-01,8.448180e-03,1.473953e-02,7.998640e-03,4.041443e-01,1.583444e-02,1.771891e-01,1.180457e-02,1.118771e-02,2.129905e-01,5.997349e-03,4.536283e-03,4.724188e-03,8.800841e-03,8.976681e-03
8.501664e-02,1.405744e-02,1.235685e-02,1.265262e-02,2.863090e-01,5.365693e-02,1.331367e-01,8.503563e-03,1.949094e-02,2.931885e-01,1.269247e-02,7.251161e-03,6.541532e-03,1.269159e-02,4.245410e-02
7.101878e-02,5.216758e-02,1.084515e-02,1.822862e-02,2.032353e-01,5.486418e-02,9.692639e-02,6.580899e-03,5.832943e-02,3.136542e-01,2.154401e-02,9.650439e-03,9.367391e-03,1.152012e-02,6.206762e-02
6.317349e-02,1.010787e-01,1.493694e-02,2.285931e-02,1.534256e-01,6.467873e-02,8.493161e-02,5.653299e-03,5.946909e-02,3.207445e-01,2.858483e-02,8.400711e-03,1.101177e-02,1.175501e-02,4.929652e-02
5.249997e-02,1.664548e-01,1.505440e-02,2.693800e-02,1.128745e-01,6.616321e-02,6.279391e-02,4.954491e-03,7.376607e-02,2.695913e-01,5.288392e-02,8.530564e-03,1.387103e-02,1.314530e-02,6.047854e-02
3.798609e-02,2.335997e-01,2.800671e-02,3.168362e-02,7.934292e-02,4.744829e-02,4.408042e-02,3.531505e-03,8.743328e-02,2.505718e-01,3.845516e-02,6.251586e-03,1.025532e-02,1.089895e-02,9.045468e-02
2.780200e-02,1.852552e-01,2.697782e-02,3.532493e-02,5.609547e-02,3.586370e-02,3.090426e-02,2.805789e-03,1.464187e-01,2.401921e-01,2.934965e-02,5.492448e-03,9.316971e-03,1.018705e-02,1.580139e-01
2.379410e-02,1.502335e-01,5.384950e-02,2.623348e-02,4.005281e-02,3.071551e-02,2.169343e-02,2.312594e-03,2.109920e-01,2.112506e-01,3.856384e-02,4.596751e-03,9.831921e-03,2.008254e-02,1.557975e-01
1.726492e-02,1.217782e-01,3.964555e-02,3.111599e-02,2.880102e-02,2.165806e-02,1.520881e-02,1.737823e-03,3.758682e-01,1.710655e-01,2.816409e-02,3.403164e-03,7.252977e-03,1.443116e-02,1.226045e-01
2.479721e-02,9.153502e-02,3.205779e-02,3.890806e-02,2.238213e-02,1.581589e-02,1.081830e-02,2.433845e-03,4.459156e-01,1.519741e-01,2.478577e-02,3.090097e-03,7.203980e-03,1.262139e-02,1.156607e-01
1.818263e-02,6.656773e-02,2.947519e-02,3.254180e-02,1.588476e-02,1.124154e-02,7.610371e-03,1.996433e-03,4.441434e-01,2.203976e-01,1.863969e-02,2.458706e-03,5.971407e-03,1.076440e-02,1.141244e-01
1.450573e-02,4.968963e-02,2.361406e-02,2.461370e-02,1.127694e-02,8.200817e-03,5.359481e-03,1.532105e-03,5.237750e-01,1.772298e-01,1.943815e-02,5.438598e-03,1.842790e-02,9.643319e-03,1.072547e-01
1.926839e-02,3.801565e-02,2.763202e-02,2.088973e-02,8.973996e-03,7.121810e-03,3.823500e-03,1.293881e-03,5.405396e-01,1.433426e-01,2.980320e-02,6.901709e-03,2.181184e-02,2.305084e-02,1.075312e-01
1.451026e-02,3.588164e-02,4.647548e-02,3.319458e-02,6.968940e-03,5.427601e-03,2.731667e-03,1.007900e-03,5.757766e-01,1.141959e-01,2.238067e-02,6.669242e-03,1.655272e-02,1.754844e-02,1.006783e-01
1.635696e-02,3.572510e-02,7.376646e-02,3.462832e-02,5.288493e-03,5.055224e-03,2.046417e-03,8.923142e-04,5.401887e-01,9.803323e-02,1.930012e-02,8.070778e-03,1.655883e-02,2.213437e-02,1.219546e-01
1.428659e-02,3.638533e-02,5.727900e-02,2.704902e-02,3.956570e-03,4.485362e-03,1.545783e-03,7.450189e-04,4.312004e-01,9.288911e-02,1.721439e-02,7.520140e-03,1.469664e-02,7.778439e-02,2.129622e-01
1.807585e-02,4.661954e-02,5.152260e-02,2.339694e-02,3.632207e-03,4.426056e-03,1.283667e-03,7.842337e-04,3.427850e-01,8.438165e-02,1.617151e-02,6.961250e-03,1.375538e-02,1.014078e-01,2.847962e-01
3.347004e-02,4.771956e-02,4.189387e-02,1.923421e-02,5.865487e-03,6.137507e-03,1.048821e-03,1.109377e-03,2.682503e-01,7.991128e-02,2.114052e-02,5.839588e-03,1.309820e-02,1.424487e-01,3.128325e-01
3.299272e-02,6.341069e-02,4.715738e-02,2.666692e-02,4.614669e-03,6.795862e-03,8.328514e-04,1.003723e-03,2.135885e-01,6.775974e-02,1.668231e-02,7.296777e-03,1.185570e-02,1.118925e-01,3.874496e-01
3.063865e-02,8.080211e-02,4.830870e-02,2.542116e-02,3.589254e-03,6.750827e-03,7.527521e-04,1.205214e-03,1.805804e-01,8.002268e-02,1.899986e-02,1.881292e-02,1.667642e-02,1.076674e-01,3.797716e-01
3.443052e-02,7.280502e-02,3.860995e-02,2.896865e-02,3.138534e-03,7.026313e-03,8.042004e-04,1.954863e-03,1.742229e-01,6.512442e-02,3.096161e-02,3.923791e-02,3.805672e-02,9.544480e-02,3.692136e-01
5.444046e-02,7.090392e-02,4.415571e-02,2.747376e-02,5.087111e-03,1.066972e-02,1.051081e-03,3.498675e-02,1.612404e-01,6.409464e-02,4.320376e-02,3.377595e-02,4.297947e-02,8.238758e-02,3.235497e-01
4.672629e-02,6.510486e-02,7.993935e-02,2.141103e-02,1.414308e-02,1.935112e-02,4.509468e-03,5.129818e-02,1.444564e-01,5.895832e-02,3.417975e-02,2.492510e-02,3.702383e-02,7.288697e-02,3.250863e-01
7.207912e-02,5.766671e-02,8.971983e-02,1.819279e-02,5.378000e-02,3.560047e-02,1.514506e-02,6.622647e-02,1.287630e-01,8.856548e-02,2.877091e-02,2.003277e-02,3.332067e-02,5.341079e-02,2.387260e-01
7.885404e-02,5.339950e-02,8.303498e-02,1.717128e-02,6.942038e-02,3.931021e-02,2.102857e-02,8.339620e-02,1.138091e-01,1.539407e-01,2.295890e-02,1.657842e-02,3.189012e-02,3.929305e-02,1.759146e-01
8.190347e-02,5.202477e-02,7.754353e-02,1.708759e-02,8.422541e-02,4.168817e-02,2.237606e-02,1.274184e-01,1.039502e-01,1.505652e-01,1.963333e-02,1.416799e-02,4.329874e-02,3.033496e-02,1.337822e-01
9.149427e-02,4.421597e-02,6.086380e-02,1.545646e-02,7.066010e-02,3.413804e-02,2.318890e-02,1.795509e-01,1.142991e-01,1.680493e-01,1.930811e-02,1.441612e-02,4.018490e-02,2.480656e-02,9.936750e-02
9.945270e-02,3.799282e-02,4.637866e-02,1.306386e-02,6.760359e-02,3.010485e-02,2.437551e-02,2.208327e-01,1.497966e-01,1.476971e-01,1.851878e-02,1.604089e-02,3.670860e-02,1.980305e-02,7.163025e-02
1.173308e-01,3.333410e-02,3.791630e-02,1.134168e-02,5.844552e-02,2.519764e-02,2.828989e-02,2.646856e-01,1.580131e-01,1.386479e-01,1.484046e-02,1.527048e-02,2.849550e-02,1.616431e-02,5.202676e-02
1.858303e-01,2.884497e-02,3.041794e-02,9.634909e-03,4.694261e-02,2.314917e-02,2.891980e-02,2.566900e-01,1.535547e-01,1.333720e-01,1.175632e-02,1.503947e-02,2.195711e-02,1.472394e-02,3.916677e-02
2.658049e-01,2.485845e-02,2.568355e-02,8.471966e-03,3.815188e-02,2.027379e-02,3.214573e-02,2.538034e-01,1.388863e-01,1.064979e-01,9.586058e-03,1.329828e-02,1.820901e-02,1.390961e-02,3.041908e-02
3.407949e-01,2.061727e-02,2.385178e-02,7.608058e-03,3.193358e-02,1.884786e-02,4.839414e-02,2.342939e-01,1.130220e-01,8.567865e-02,8.111008e-03,1.255928e-02,1.543620e-02,1.363336e-02,2.521807e-02
3.880316e-01,1.656083e-02,2.185297e-02,7.468477e-03,3.153981e-02,1.733088e-02,4.900898e-02,2.336870e-01,9.241214e-02,7.192522e-02,7.634851e-03,1.315224e-02,1.308825e-02,1.138506e-02,2.492167e-02
3.834883e-01,1.359685e-02,2.016361e-02,7.369486e-03,3.151415e-02,1.683917e-02,5.551890e-02,2.803034e-01,7.161920e-02,5.484849e-02,7.008093e-03,1.440902e-02,1.181388e-02,9.132467e-03,2.237498e-02
3.789627e-01,1.271731e-02,1.819749e-02,9.762079e-03,2.970437e-02,2.460709e-02,5.028304e-02,2.746962e-01,5.743815e-02,4.522558e-02,1.560319e-02,2.604773e-02,1.775791e-02,8.872614e-03,3.012456e-02
3.413736e-01,1.166190e-02,1.575017e-02,9.494903e-03,2.804184e-02,2.281092e-02,6.903098e-02,2.678354e-01,4.616323e-02,5.391355e-02,3.578094e-02,3.220536e-02,2.200677e-02,1.023487e-02,3.369557e-02
2.877579e-01,9.311118e-03,1.307190e-02,8.627517e-03,2.396191e-02,1.813289e-02,5.205427e-02,2.131896e-01,6.252936e-02,1.334964e-01,4.240227e-02,2.935989e-02,2.455026e-02,1.691530e-02,6.463932e-02
2.346942e-01,7.430874e-03,1.002603e-02,7.053005e-03,1.936041e-02,1.425181e-02,3.776218e-02,1.692857e-01,6.206958e-02,2.539551e-01,3.690184e-02,2.468718e-02,2.224790e-02,1.937993e-02,8.089431e-02
