1.000000e+00,0.000000e+00,0.000000e+00,0.000000e+00,0.000000e+00,0.000000e+00,0.000000e+00,0.000000e+00,0.000000e+00,0.000000e+00,0.000000e+00,0.000000e+00,0.000000e+00,0.000000e+00,0.000000e+00
1.000000e+00,0.000000e+00,0.000000e+00,0.000000e+00,0.000000e+00,0.000000e+00,0.000000e+00,0.000000e+00,0.000000e+00,0.000000e+00,0.000000e+00,0.000000e+00,0.000000e+00,0.000000e+00,0.000000e+00
1.000000e+00,0.000000e+00,0.000000e+00,0.000000e+00,0.000000e+00,0.000000e+00,0.000000e+00,0.000000e+00,0.000000e+00,0.000000e+00,0.000000e+00,0.000000e+00,0.000000e+00,0.000000e+00,0.000000e+00
1.000000e+00,0.000000e+00,0.000000e+00,0.000000e+00,0.000000e+00,0.000000e+00,0.000000e+00,0.000000e+00,0.000000e+00,0.000000e+00,0.000000e+00,0.000000e+00,0.000000e+00,0.000000e+00,0.000000e+00
1.000000e+00,0.000000e+00,0.000000e+00,0.000000e+00,0.000000e+00,0.000000e+00,0.000000e+00,0.000000e+00,0.000000e+00,0.000000e+00,0.000000e+00,0.000000e+00,0.000000e+00,0.000000e+00,0.000000e+00
1.000000e+00,0.000000e+00,0.000000e+00,0.000000e+00,0.000000e+00,0.000000e+00,0.000000e+00,0.000000e+00,0.000000e+00,0.000000e+00,0.000000e+00,0.000000e+00,0.000000e+00,0.000000e+00,0.000000e+00
1.000000e+00,0.000000e+00,0.000000e+00,0.000000e+00,0.000000e+00,0.000000e+00,0.000000e+00,0.000000e+00,0.000000e+00,0.000000e+00,0.000000e+00,0.000000e+00,0.000000e+00,0.000000e+00,0.000000e+00
1.000000e+00,0.000000e+00,0.000000e+00,0.000000e+00,0.000000e+00,0.000000e+00,0.000000e+00,0.000000e+00,0.000000e+00,0.000000e+00,0.000000e+00,0.000000e+00,0.000000e+00,0.000000e+00,0.000000e+00
1.000000e+00,0.000000e+00,0.000000e+00,0.000000e+00,0.000000e+00,0.000000e+00,0.000000e+00,0.000000e+00,0.000000e+00,0.000000e+00,0.000000e+00,0.000000e+00,0.000000e+00,0.000000e+00,0.000000e+00
1.000000e+00,0.000000e+00,0.000000e+00,0.000000e+00,0.000000e+00,0.000000e+00,0.000000e+00,0.000000e+00,0.000000e+00,0.000000e+00,0.000000e+00,0.000000e+00,0.000000e+00,0.000000e+00,0.000000e+00
1.000000e+00,0.000000e+00,0.000000e+00,0.000000e+00,0.000000e+00,0.000000e+00,0.000000e+00,0.000000e+00,0.000000e+00,0.000000e+00,0.000000e+00,0.000000e+00,0.000000e+00,0.000000e+00,0.000000e+00
1.000000e+00,0.000000e+00,0.000000e+00,0.000000e+00,0.000000e+00,0.000000e+00,0.000000e+00,0.000000e+00,0.000000e+00,0.000000e+00,0.000000e+00,0.000000e+00,0.000000e+00,0.000000e+00,0.000000e+00
1.000000e+00,0.000000e+00,0.000000e+00,0.000000e+00,0.000000e+00,0.000000e+00,0.000000e+00,0.000000e+00,0.000000e+00,0.000000e+00,0.000000e+00,0.000000e+00,0.000000e+00,0.000000e+00,0.000000e+00
1.000000e+00,0.000000e+00,0.000000e+00,0.000000e+00,0.000000e+00,0.000000e+00,0.000000e+00,0.000000e+00,0.000000e+00,0.000000e+00,0.000000e+00,0.000000e+00,0.000000e+00,0.000000e+00,0.000000e+00
1.000000e+00,0.000000e+00,0.000000e+00,0.000000e+00,0.000000e+00,0.000000e+00,0.000000e+00,0.000000e+00,0.000000e+00,0.000000e+00,0.000000e+00,0.000000e+00,0.000000e+00,0.000000e+00,0.000000e+00
1.000000e+00,0.000000e+00,0.000000e+00,0.000000e+00,0.000000e+00,0.000000e+00,0.000000e+00,0.000000e+00,0.000000e+00,0.000000e+00,0.000000e+00,0.000000e+00,0.000000e+00,0.000000e+00,0.000000e+00
1.000000e+00,0.000000e+00,0.000000e+00,0.000000e+00,0.000000e+00,0.000000e+00,0.000000e+00,0.000000e+00,0.000000e+00,0.000000e+00,0.000000e+00,0.000000e+00,0.000000e+00,0.000000e+00,0.000000e+00
1.000000e+00,0.000000e+00,0.000000e+00,0.000000e+00,0.000000e+00,0.000000e+00,0.000000e+00,0.000000e+00,0.000000e+00,0.000000e+00,0.000000e+00,0.000000e+00,0.000000e+00,0.000000e+00,0.000000e+00
1.000000e+00,0.000000e+00,0.000000e+00,0.000000e+00,0.000000e+00,0.000000e+00,0.000000e+00,0.000000e+00,0.000000e+00,0.000000e+00,0.000000e+00,0.000000e+00,0.000000e+00,0.000000e+00,0.000000e+00
1.000000e+00,0.000000e+00,0.000000e+00,0.000000e+00,0.000000e+00,0.000000e+00,0.000000e+00,0.000000e+00,0.000000e+00,0.000000e+00,0.000000e+00,0.000000e+00,0.000000e+00,0.000000e+00,0.000000e+00
1.000000e+00,0.000000e+00,0.000000e+00,0.000000e+00,0.000000e+00,0.000000e+00,0.000000e+00,0.000000e+00,0.000000e+00,0.000000e+00,0.000000e+00,0.000000e+00,0.000000e+00,0.000000e+00,0.000000e+00
1.000000e+00,0.000000e+00,0.000000e+00,0.000000e+00,0.000000e+00,0.000000e+00,0.000000e+00,0.000000e+00,0.000000e+00,0.000000e+00,0.000000e+00,0.000000e+00,0.000000e+00,0.000000e+00,0.000000e+00
1.000000e+00,0.000000e+00,0.000000e+00,0.000000e+00,0.000000e+00,0.000000e+00,0.000000e+00,0.000000e+00,0.000000e+00,0.000000e+00,0.000000e+00,0.000000e+00,0.000000e+00,0.000000e+00,0.000000e+00
1.000000e+00,0.000000e+00,0.000000e+00,0.000000e+00,0.000000e+00,0.000000e+00,0.000000e+00,0.000000e+00,0.000000e+00,0.000000e+00,0.000000e+00,0.000000e+00,0.000000e+00,0.000000e+00,0.000000e+00
1.000000e+00,0.000000e+00,0.000000e+00,0.000000e+00,0.000000e+00,0.000000e+00,0.000000e+00,0.000000e+00,0.000000e+00,0.000000e+00,0.000000e+00,0.000000e+00,0.000000e+00,0.000000e+00,0.000000e+00
1.000000e+00,0.000000e+00,0.000000e+00,0.000000e+00,0.000000e+00,0.000000e+00,0.000000e+00,0.000000e+00,0.000000e+00,0.000000e+00,0.000000e+00,0.000000e+00,0.000000e+00,0.000000e+00,0.000000e+00
1.000000e+00,0.000000e+00,0.000000e+00,0.000000e+00,0.000000e+00,0.000000e+00,0.000000e+00,0.000000e+00,0.000000e+00,0.000000e+00,0.000000e+00,0.000000e+00,0.000000e+00,0.000000e+00,0.000000e+00
1.000000e+00,0.000000e+00,0.000000e+00,0.000000e+00,0.000000e+00,0.000000e+00,0.000000e+00,0.000000e+00,0.000000e+00,0.000000e+00,0.000000e+00,0.000000e+00,0.000000e+00,0.000000e+00,0.000000e+00
1.000000e+00,0.000000e+00,0.000000e+00,0.000000e+00,0.000000e+00,0.000000e+00,0.000000e+00,0.000000e+00,0.000000e+00,0.000000e+00,0.000000e+00,0.000000e+00,0.000000e+00,0.000000e+00,0.000000e+00
1.000000e+00,0.000000e+00,0.000000e+00,0.000000e+00,0.000000e+00,0.000000e+00,0.000000e+00,0.000000e+00,0.000000e+00,0.000000e+00,0.000000e+00,0.000000e+00,0.000000e+00,0.000000e+00,0.000000e+00
1.000000e+00,0.000000e+00,0.000000e+00,0.000000e+00,0.000000e+00,0.000000e+00,0.000000e+00,0.000000e+00,0.000000e+00,0.000000e+00,0.000000e+00,0.000000e+00,0.000000e+00,0.000000e+00,0.000000e+00
1.000000e+00,0.000000e+00,0.000000e+00,0.000000e+00,0.000000e+00,0.000000e+00,0.000000e+00,0.000000e+00,0.000000e+00,0.000000e+00,0.000000e+00,0.000000e+00,0.000000e+00,0.000000e+00,0.000000e+00
1.000000e+00,0.000000e+00,0.000000e+00,0.000000e+00,0.000000e+00,0.000000e+00,0.000000e+00,0.000000e+00,0.000000e+00,0.000000e+00,0.000000e+00,0.000000e+00,0.000000e+00,0.000000e+00,0.000000e+00
1.000000e+00,0.000000e+00,0.000000e+00,0.000000e+00,0.000000e+00,0.000000e+00,0.000000e+00,0.000000e+00,0.000000e+00,0.000000e+00,0.000000e+00,0.000000e+00,0.000000e+00,0.000000e+00,0.000000e+00
1.000000e+00,0.000000e+00,0.000000e+00,0.000000e+00,0.000000e+00,0.000000e+00,0.000000e+00,0.000000e+00,0.000000e+00,0.000000e+00,0.000000e+00,0.000000e+00,0.000000e+00,0.000000e+00,0.000000e+00
1.000000e+00,0.000000e+00,0.000000e+00,0.000000e+00,0.000000e+00,0.000000e+00,0.000000e+00,0.000000e+00,0.000000e+00,0.000000e+00,0.000000e+00,0.000000e+00,0.000000e+00,0.000000e+00,0.000000e+00
1.000000e+00,0.000000e+00,0.000000e+00,0.000000e+00,0.000000e+00,0.000000e+00,0.000000e+00,0.000000e+00,0.000000e+00,0.000000e+00,0.000000e+00,0.000000e+00,0.000000e+00,0.000000e+00,0.000000e+00
1.000000e+00,0.000000e+00,0.000000e+00,0.000000e+00,0.000000e+00,0.000000e+00,0.000000e+00,0.000000e+00,0.000000e+00,0.000000e+00,0.000000e+00,0.000000e+00,0.000000e+00,0.000000e+00,0.000000e+00
1.000000e+00,0.000000e+00,0.000000e+00,0.000000e+00,0.000000e+00,0.000000e+00,0.000000e+00,0.000000e+00,0.000000e+00,0.000000e+00,0.000000e+00,0.000000e+00,0.000000e+00,0.000000e+00,0.000000e+00
1.000000e+00,0.000000e+00,0.000000e+00,0.000000e+00,0.000000e+00,0.000000e+00,0.000000e+00,0.000000e+00,0.000000e+00,0.000000e+00,0.000000e+00,0.000000e+00,0.000000e+00,0.000000e+00,0.000000e+00
1.000000e+00,0.000000e+00,0.000000e+00,0.000000e+00,0.000000e+00,0.000000e+00,0.000000e+00,0.000000e+00,0.000000e+00,0.000000e+00,0.000000e+00,0.000000e+00,0.000000e+00,0.000000e+00,0.000000e+00
1.000000e+00,0.000000e+00,0.000000e+00,0.000000e+00,0.000000e+00,0.000000e+00,0.000000e+00,0.000000e+00,0.000000e+00,0.000000e+00,0.000000e+00,0.000000e+00,0.000000e+00,0.000000e+00,0.000000e+00
1.000000e+00,0.000000e+00,0.000000e+00,0.000000e+00,0.000000e+00,0.000000e+00,0.000000e+00,0.000000e+00,0.000000e+00,0.000000e+00,0.000000e+00,0.000000e+00,0.000000e+00,0.000000e+00,0.000000e+00
1.000000e+00,0.000000e+00,0.000000e+00,0.000000e+00,0.000000e+00,0.000000e+00,0.000000e+00,0.000000e+00,0.000000e+00,0.000000e+00,0.000000e+00,0.000000e+00,0.000000e+00,0.000000e+00,0.000000e+00
1.000000e+00,0.000000e+00,0.000000e+00,0.000000e+00,0.000000e+00,0.000000e+00,0.000000e+00,0.000000e+00,0.000000e+00,0.000000e+00,0.000000e+00,0.000000e+00,0.000000e+00,0.000000e+00,0.000000e+00
1.000000e+00,0.000000e+00,0.000000e+00,0.000000e+00,0.000000e+00,0.000000e+00,0.000000e+00,0.000000e+00,0.000000e+00,0.000000e+00,0.000000e+00,0.000000e+00,0.000000e+00,0.000000e+00,0.000000e+00
1.000000e+00,0.000000e+00,0.000000e+00,0.000000e+00,0.000000e+00,0.000000e+00,0.000000e+00,0.000000e+00,0.000000e+00,0.000000e+00,0.000000e+00,0.000000e+00,0.000000e+00,0.000000e+00,0.000000e+00
1.000000e+00,0.000000e+00,0.000000e+00,0.000000e+00,0.000000e+00,0.000000e+00,0.000000e+00,0.000000e+00,0.000000e+00,0.000000e+00,0.000000e+00,0.000000e+00,0.000000e+00,0.000000e+00,0.000000e+00
1.000000e+00,0.000000e+00,0.000000e+00,0.000000e+00,0.000000e+00,0.000000e+00,0.000000e+00,0.000000e+00,0.000000e+00,0.000000e+00,0.000000e+00,0.000000e+00,0.000000e+00,0.000000e+00,0.000000e+00
1.000000e+00,0.000000e+00,0.000000e+00,0.000000e+00,0.000000e+00,0.000000e+00,0.000000e+00,0.000000e+00,0.000000e+00,0.000000e+00,0.000000e+00,0.000000e+00,0.000000e+00,0.000000e+00,0.000000e+00
1.000000e+00,0.000000e+00,0.000000e+00,0.000000e+00,0.000000e+00,0.000000e+00,0.000000e+00,0.000000e+00,0.000000e+00,0.000000e+00,0.000000e+00,0.000000e+00,0.000000e+00,0.000000e+00,0.000000e+00
1.000000e+00,0.000000e+00,0.000000e+00,0.000000e+00,0.000000e+00,0.000000e+00,0.000000e+00,0.000000e+00,0.000000e+00,0.000000e+00,0.000000e+00,0.000000e+00,0.000000e+00,0.000000e+00,0.000000e+00
1.000000e+00,0.000000e+00,0.000000e+00,0.000000e+00,0.000000e+00,0.000000e+00,0.000000e+00,0.000000e+00,0.000000e+00,0.000000e+00,0.000000e+00,0.000000e+00,0.000000e+00,0.000000e+00,0.000000e+00
1.000000e+00,0.000000e+00,0.000000e+00,0.000000e+00,0.000000e+00,0.000000e+00,0.000000e+00,0.000000e+00,0.000000e+00,0.000000e+00,0.000000e+00,0.000000e+00,0.000000e+00,0.000000e+00,0.000000e+00
1.000000e+00,0.000000e+00,0.000000e+00,0.000000e+00,0.000000e+00,0.000000e+00,0.000000e+00,0.000000e+00,0.000000e+00,0.000000e+00,0.000000e+00,0.000000e+00,0.000000e+00,0.000000e+00,0.000000e+00
3.639087e-01,8.965333e-03,2.327886e-02,1.684593e-02,7.143700e-03,6.638147e-02,3.666755e-01,2.265131e-02,2.927813e-03,1.607977e-03,1.191963e-02,8.096754e-02,1.636655e-02,1.445186e-03,8.914462e-03
2.558825e-01,6.407881e-03,1.730282e-02,1.183102e-02,5.320379e-03,5.040601e-02,5.476890e-01,1.685315e-02,2.083856e-03,1.233847e-03,8.559600e-03,5.726885e-02,1.176237e-02,1.036705e-03,6.362028e-03
1.794665e-01,4.506070e-03,1.247928e-02,8.296333e-03,3.827277e-03,3.591542e-02,6.793237e-01,1.424775e-02,1.464780e-03,8.716382e-04,5.996364e-03,4.011212e-02,8.297659e-03,7.313406e-04,4.463707e-03
1.257974e-01,3.166430e-03,8.968749e-03,5.822673e-03,2.752403e-03,2.565966e-02,7.709360e-01,1.344485e-02,1.031390e-03,6.157274e-04,4.200112e-03,2.809977e-02,5.858295e-03,5.157344e-04,3.130840e-03
8.825576e-02,2.221616e-03,6.698726e-03,4.173365e-03,1.983683e-03,1.812335e-02,8.014889e-01,4.656914e-02,7.255888e-04,4.375957e-04,2.943094e-03,1.968555e-02,4.133254e-03,3.639678e-04,2.196410e-03
6.186579e-02,1.560534e-03,4.857510e-03,3.007887e-03,1.441722e-03,1.276670e-02,8.259302e-01,6.708837e-02,5.120396e-04,3.149880e-04,2.063675e-03,1.379738e-02,2.988948e-03,2.577216e-04,1.546409e-03
4.371090e-02,1.111500e-03,3.672685e-03,2.261603e-03,1.125976e-03,9.044615e-03,7.427971e-01,1.810397e-01,3.705175e-04,2.325077e-04,1.457047e-03,9.697577e-03,2.182619e-03,1.889641e-04,1.106672e-03
3.090444e-02,8.019055e-04,2.674684e-03,1.683318e-03,1.032065e-03,6.396981e-03,5.517324e-01,3.939297e-01,2.694322e-04,1.713403e-04,1.040128e-03,6.813704e-03,1.610520e-03,1.403061e-04,7.990942e-04
2.231487e-02,6.208137e-04,2.145460e-03,1.431518e-03,1.368609e-03,4.741008e-03,4.764722e-01,4.827183e-01,2.163954e-04,1.436148e-04,7.526596e-04,4.842994e-03,1.467080e-03,1.141863e-04,6.502300e-04
1.728575e-02,8.680063e-04,3.036710e-03,1.546688e-03,4.446507e-03,5.721104e-03,3.900811e-01,5.669596e-01,2.709584e-04,5.129611e-04,8.650158e-04,4.280780e-03,2.285669e-03,2.665427e-04,1.572621e-03
1.234400e-02,1.226534e-03,3.974064e-03,2.578045e-03,1.309552e-02,7.727397e-03,3.450632e-01,5.564563e-01,5.258408e-04,2.654267e-02,2.912367e-03,4.014457e-03,6.477809e-03,1.018829e-03,1.604294e-02
8.786581e-03,1.083033e-03,8.136895e-03,2.269373e-03,9.487597e-03,6.172081e-03,2.770570e-01,4.007556e-01,1.305211e-02,7.932638e-02,7.595796e-03,4.967301e-03,7.800982e-03,1.285152e-01,4.499414e-02
6.311077e-03,8.228404e-04,5.768443e-03,1.656058e-03,7.303061e-03,5.094834e-03,2.699377e-01,2.840835e-01,1.310248e-02,7.136739e-02,7.544839e-02,4.079335e-02,1.113655e-02,1.582684e-01,4.890595e-02
4.685772e-03,6.296455e-04,4.094395e-03,1.196066e-03,6.520573e-03,7.209926e-03,2.446877e-01,2.011880e-01,1.734207e-02,6.965521e-02,1.317625e-01,3.668798e-02,9.510186e-03,2.252411e-01,3.958896e-02
3.462968e-03,5.262597e-04,2.898882e-03,8.660089e-04,5.154151e-03,6.819132e-03,2.281737e-01,1.411070e-01,1.409108e-02,5.282686e-02,1.794908e-01,3.161940e-02,6.792524e-03,2.971275e-01,2.904380e-02
2.617566e-03,4.434244e-04,2.068930e-03,7.555511e-04,4.640339e-03,5.633867e-03,1.810473e-01,9.892892e-02,1.230049e-02,3.868434e-02,3.125235e-01,7.690497e-02,5.064385e-03,2.377931e-01,2.059327e-02
2.083085e-03,3.826596e-04,1.487255e-03,6.463918e-04,3.888978e-03,4.490441e-03,1.337020e-01,6.943746e-02,9.608009e-03,2.732643e-02,4.553698e-01,8.374494e-02,3.793589e-03,1.895925e-01,1.444640e-02
2.259859e-03,4.430639e-04,1.223942e-03,5.469399e-04,3.797731e-03,5.200982e-03,1.020970e-01,4.958662e-02,7.588256e-03,1.963315e-02,5.536311e-01,8.104792e-02,3.608044e-03,1.591131e-01,1.022229e-02
2.075210e-03,4.978980e-04,9.802877e-04,4.719716e-04,3.697413e-03,4.181498e-03,7.694367e-02,3.521721e-02,7.553495e-03,1.408144e-02,6.274111e-01,8.869612e-02,3.816062e-03,1.271550e-01,7.221607e-03
1.704720e-03,5.745264e-03,2.303692e-03,2.759127e-03,1.441552e-02,6.700953e-03,5.463311e-02,2.530366e-02,2.823625e-02,1.099033e-02,6.740290e-01,6.830684e-02,3.068138e-03,9.606157e-02,5.741862e-03
1.490061e-03,5.041365e-03,2.286485e-03,3.915879e-03,1.338765e-02,7.543243e-03,3.918644e-02,1.924387e-02,5.828008e-02,8.880128e-03,6.990076e-01,5.629563e-02,2.769799e-03,7.838731e-02,4.284431e-03
1.482661e-03,4.006092e-03,4.433061e-03,5.774036e-03,1.114962e-02,1.175577e-02,2.806809e-02,1.476638e-02,4.884012e-02,7.794851e-03,7.339514e-01,4.600286e-02,2.667790e-03,7.598312e-02,3.324163e-03
1.100001e-03,3.444221e-03,3.635888e-03,4.223751e-03,8.139797e-03,9.533127e-03,1.967372e-02,1.044160e-02,1.199054e-01,6.097184e-03,6.728347e-01,4.894699e-02,2.214408e-03,8.743502e-02,2.374212e-03
9.750499e-04,4.107659e-03,6.282005e-03,3.483154e-03,6.358196e-03,1.001938e-02,1.379368e-02,8.055753e-03,1.682392e-01,5.603313e-03,6.253702e-01,3.866564e-02,1.930496e-03,1.053395e-01,1.776774e-03
1.575955e-03,7.558937e-03,1.013250e-02,3.245639e-03,1.567261e-02,9.853434e-03,1.009227e-02,6.297645e-03,1.592525e-01,7.353358e-03,5.882527e-01,3.536066e-02,3.831048e-03,1.399589e-01,1.561892e-03
2.284422e-03,6.261083e-03,1.488311e-02,2.888994e-03,2.744883e-02,8.609645e-03,7.376527e-03,5.856662e-03,1.974161e-01,6.490624e-03,5.134217e-01,2.750947e-02,4.326735e-03,1.737036e-01,1.522496e-03
2.954348e-03,5.117629e-03,1.325876e-01,5.260060e-03,3.751523e-02,7.961391e-03,5.428448e-03,1.286704e-02,1.839232e-01,5.688667e-03,3.918013e-01,2.048073e-02,4.055453e-03,1.829203e-01,1.438522e-03
1.366917e-02,2.093395e-02,1.315302e-01,6.019305e-03,5.240350e-02,1.270106e-02,4.043741e-03,1.245086e-02,2.131301e-01,7.212146e-03,2.909727e-01,1.530142e-02,3.430194e-03,2.108027e-01,5.398844e-03
2.505042e-02,2.371086e-02,1.612634e-01,9.025091e-03,7.145452e-02,1.161789e-02,3.866697e-03,2.164543e-02,2.495174e-01,7.493237e-03,2.251983e-01,1.192840e-02,3.459112e-03,1.690782e-01,5.691134e-03
2.085974e-02,2.780608e-02,1.870717e-01,4.523263e-02,7.994943e-02,9.713992e-03,2.829274e-03,2.212178e-02,2.574597e-01,9.083997e-03,1.626624e-01,8.992210e-03,3.982815e-03,1.193479e-01,4.288627e-02
3.029390e-02,3.501615e-02,2.587605e-01,4.587707e-02,6.944185e-02,1.201931e-02,2.126039e-03,3.775894e-02,2.467430e-01,8.754709e-03,1.185293e-01,7.021545e-03,3.462941e-03,8.989208e-02,3.430273e-02
3.494127e-02,3.524150e-02,3.272253e-01,5.300417e-02,5.922981e-02,1.238641e-02,1.562007e-03,3.352540e-02,2.407474e-01,8.025261e-03,8.647554e-02,5.662663e-03,2.787707e-03,7.013335e-02,2.905228e-02
5.868430e-02,3.232900e-02,3.520268e-01,5.294158e-02,5.482300e-02,1.463947e-02,1.320475e-03,5.032112e-02,2.144370e-01,7.063845e-03,6.650887e-02,7.755418e-03,2.803241e-03,5.659233e-02,2.775361e-02
5.896856e-02,2.560928e-02,4.386740e-01,5.801065e-02,5.250241e-02,2.070275e-02,1.158023e-03,4.861984e-02,1.598578e-01,1.149112e-02,4.845434e-02,6.851182e-03,2.412820e-03,4.216857e-02,2.451876e-02
5.621886e-02,2.166247e-02,3.647671e-01,1.083944e-01,4.245363e-02,2.110902e-02,9.873339e-04,4.967787e-02,1.279868e-01,2.550341e-02,5.486280e-02,1.298216e-02,5.614500e-02,3.120471e-02,2.604452e-02
4.141705e-02,1.692007e-02,2.669486e-01,9.163445e-02,3.174034e-02,3.855291e-02,1.782215e-03,3.525670e-02,9.640995e-02,1.980821e-01,5.263359e-02,1.725818e-02,4.282736e-02,3.664917e-02,3.188733e-02
2.958797e-02,1.294352e-02,1.967352e-01,6.549209e-02,2.302017e-02,2.793492e-02,1.301366e-03,2.471890e-02,1.527536e-01,2.065856e-01,3.887919e-02,1.288024e-02,3.033372e-02,5.684657e-02,1.199870e-01
2.132122e-02,9.373278e-03,1.385441e-01,4.728634e-02,1.639153e-02,2.026703e-02,9.602884e-04,1.736427e-02,1.796529e-01,1.988223e-01,5.705524e-02,1.343504e-02,2.184413e-02,1.261686e-01,1.315138e-01
1.496549e-02,6.690548e-03,9.710010e-02,3.318430e-02,1.149376e-02,1.423174e-02,6.768316e-04,1.216622e-02,4.013253e-01,1.475356e-01,4.503736e-02,9.678496e-03,1.537061e-02,9.563675e-02,9.490684e-02
1.172622e-02,5.080670e-03,6.817065e-02,2.366910e-02,8.181305e-03,1.366725e-02,5.372782e-04,8.620609e-03,3.175050e-01,1.117808e-01,8.898609e-02,1.018382e-02,1.113703e-02,2.519027e-01,6.885150e-02
8.509865e-03,3.641339e-03,4.789641e-02,1.670041e-02,5.789162e-03,9.831431e-03,4.023860e-04,6.066515e-03,2.377740e-01,8.107276e-02,2.007163e-01,8.058298e-02,8.167120e-03,2.443984e-01,4.845094e-02
6.167211e-03,2.678053e-03,3.371468e-02,1.179645e-02,4.122660e-03,7.624758e-03,3.197361e-04,4.339091e-03,1.759268e-01,5.804428e-02,2.597436e-01,1.119236e-01,6.111703e-03,2.833568e-01,3.413055e-02
4.747747e-03,2.487128e-03,2.452686e-02,8.797098e-03,6.386602e-03,8.416971e-03,4.474618e-04,4.589914e-03,1.258303e-01,4.422372e-02,3.868473e-01,1.045817e-01,4.927217e-03,2.490644e-01,2.412562e-02
3.918586e-03,1.819263e-03,1.773455e-02,6.514655e-03,5.367935e-03,6.715442e-03,3.804812e-04,3.963396e-03,8.932025e-02,3.342671e-02,4.384954e-01,1.153656e-01,3.870287e-03,2.561309e-01,1.697649e-02
3.494838e-03,1.450498e-03,1.306718e-02,4.899011e-03,5.292765e-03,5.987319e-03,3.332535e-04,3.644270e-03,6.542884e-02,2.706559e-02,4.677437e-01,1.026150e-01,2.996180e-03,2.839887e-01,1.199295e-02
2.871194e-03,1.604208e-03,1.023565e-02,3.750155e-03,6.614349e-03,6.432096e-03,3.919335e-04,4.324396e-03,4.796775e-02,2.128694e-02,5.397960e-01,9.712941e-02,2.330729e-03,2.467569e-01,8.508356e-03
2.221708e-03,1.448018e-03,7.404539e-03,2.761372e-03,5.756008e-03,5.179828e-03,3.192385e-04,3.565508e-03,3.485812e-02,1.628425e-02,6.047850e-01,8.926031e-02,2.077862e-03,2.180794e-01,5.998841e-03
3.162080e-03,4.721026e-03,6.809399e-03,3.898751e-03,8.448244e-03,9.561973e-03,5.702703e-04,9.896387e-03,2.696946e-02,1.278075e-02,6.003234e-01,1.063717e-01,1.775652e-03,2.004356e-01,4.275344e-03
2.596918e-03,4.908012e-03,5.305742e-03,3.160981e-03,7.210994e-03,7.929424e-03,4.647920e-04,7.938356e-03,2.057207e-02,9.870143e-03,6.075251e-01,1.303779e-01,1.756253e-03,1.873643e-01,3.018967e-03
3.878443e-03,1.149526e-02,7.426598e-03,4.389167e-03,1.265704e-02,1.339769e-02,1.283668e-03,1.367438e-02,1.822107e-02,9.573312e-03,5.719687e-01,1.418017e-01,1.795406e-03,1.860789e-01,2.358713e-03
4.521182e-03,6.511839e-02,4.297583e-02,4.631962e-03,2.573182e-02,2.520662e-02,3.573975e-03,2.506236e-02,3.787151e-02,8.939617e-03,4.995906e-01,1.025538e-01,1.891499e-03,1.504548e-01,1.875987e-03
3.661039e-03,5.325834e-02,1.806428e-01,8.969326e-03,2.221691e-02,1.878256e-02,2.921790e-03,1.161652e-01,3.122262e-02,7.248568e-03,3.688486e-01,7.218470e-02,1.557623e-03,1.109341e-01,1.385747e-03
8.903083e-03,6.431117e-02,2.868453e-01,1.629134e-02,1.850493e-02,2.537484e-02,2.187580e-03,1.151283e-01,3.982909e-02,9.548591e-03,2.753435e-01,5.100268e-02,1.365931e-03,8.265848e-02,2.705200e-03
1.411490e-02,7.318769e-02,3.837306e-01,2.204176e-02,1.963186e-02,2.586347e-02,1.701255e-03,8.373233e-02,4.682506e-02,9.041146e-03,2.106775e-01,3.610962e-02,1.335113e-03,6.761833e-02,4.389328e-03
1.318771e-02,6.196658e-02,4.845895e-01,2.284785e-02,2.008530e-02,1.927803e-02,1.306629e-03,6.401785e-02,6.150856e-02,1.091598e-02,1.571953e-01,2.624341e-02,2.634300e-03,4.856244e-02,5.660517e-03
1.637892e-02,5.760869e-02,4.691676e-01,2.254602e-02,2.287102e-02,2.647817e-02,1.017731e-03,6.666163e-02,1.221910e-01,1.083938e-02,1.208031e-01,1.945308e-02,2.649426e-03,3.637715e-02,4.957085e-03
2.077788e-02,6.272428e-02,4.689018e-01,2.046306e-02,2.966454e-02,3.810044e-02,8.823888e-04,5.480237e-02,1.394406e-01,9.450044e-03,1.026867e-01,1.419039e-02,2.582586e-03,2.900488e-02,6.328098e-03
2.487573e-02,5.424759e-02,4.235626e-01,5.145687e-02,5.615983e-02,2.849889e-02,6.979205e-04,1.080944e-01,1.238587e-01,7.668274e-03,7.750803e-02,1.187980e-02,2.756098e-03,2.239891e-02,6.336430e-03
3.704099e-02,6.096732e-02,3.329915e-01,7.987906e-02,6.029442e-02,4.444432e-02,7.053406e-04,1.263868e-01,1.308479e-01,7.739946e-03,6.352596e-02,1.139408e-02,3.187502e-03,2.410444e-02,1.649049e-02
3.676885e-02,5.030274e-02,2.875524e-01,1.182963e-01,4.991389e-02,3.245723e-02,5.956180e-04,1.158091e-01,1.122465e-01,5.547157e-02,7.344145e-02,1.202660e-02,6.135840e-03,2.068197e-02,2.830006e-02
3.298508e-02,4.250617e-02,2.206481e-01,1.083573e-01,5.220735e-02,2.504678e-02,6.067274e-04,8.768637e-02,9.896392e-02,1.620762e-01,9.335648e-02,1.013783e-02,5.237591e-03,2.013345e-02,4.005069e-02
5.857088e-02,3.866468e-02,1.645854e-01,1.324755e-01,5.010912e-02,1.988048e-02,7.370574e-04,7.162322e-02,9.370856e-02,1.567957e-01,1.307406e-01,1.215581e-02,5.624625e-03,2.430881e-02,4.001946e-02
1.398074e-01,3.163471e-02,1.169416e-01,1.399697e-01,4.508786e-02,1.619929e-02,9.638094e-04,6.503242e-02,6.819586e-02,1.348463e-01,1.611702e-01,2.484731e-02,5.869340e-03,2.021269e-02,2.922138e-02
1.719310e-01,2.437099e-02,8.270330e-02,1.102276e-01,4.568361e-02,1.221162e-02,9.404819e-04,4.821352e-02,5.126412e-02,1.085409e-01,2.564991e-01,4.089459e-02,8.093264e-03,1.698461e-02,2.144128e-02
2.258387e-01,1.960571e-02,6.070351e-02,9.184765e-02,4.025448e-02,1.098204e-02,1.657034e-03,4.183408e-02,3.812376e-02,9.741253e-02,2.770169e-01,4.675014e-02,1.278338e-02,1.788741e-02,1.730265e-02
2.119562e-01,1.942639e-02,4.481647e-02,7.075303e-02,4.981503e-02,1.106494e-02,1.826679e-03,3.557063e-02,3.702630e-02,1.129672e-01,3.061428e-01,4.040058e-02,1.142743e-02,2.744931e-02,1.935693e-02
1.870491e-01,1.558867e-02,3.416166e-02,5.671129e-02,7.060588e-02,1.085994e-02,1.896903e-03,3.994495e-02,3.340073e-02,1.000325e-01,3.403845e-01,3.822550e-02,1.602456e-02,3.944553e-02,1.566829e-02
1.490407e-01,1.748807e-02,3.425154e-02,4.299236e-02,1.358471e-01,1.137212e-02,5.546883e-03,3.117195e-02,1.073203e-01,7.680169e-02,2.886446e-01,3.008528e-02,1.595699e-02,4.075804e-02,1.272236e-02
1.153256e-01,1.436341e-02,4.076542e-02,4.827076e-02,1.484760e-01,1.022190e-02,6.405812e-03,7.047014e-02,1.494019e-01,6.229072e-02,2.299265e-01,2.553606e-02,1.962962e-02,4.660394e-02,1.231221e-02
9.738868e-02,1.456667e-02,5.160042e-02,3.684648e-02,2.141703e-01,1.436007e-02,1.009252e-02,6.496095e-02,1.532128e-01,5.361747e-02,1.782203e-01,1.851977e-02,1.897594e-02,6.217073e-02,1.129682e-02
8.475361e-02,1.809823e-02,4.718979e-02,3.582124e-02,2.811331e-01,1.596900e-02,1.905274e-02,7.256247e-02,1.377496e-01,5.541354e-02,1.278039e-01,1.324169e-02,1.439459e-02,6.820004e-02,8.616474e-03
1.105883e-01,2.589867e-02,4.384533e-02,3.538756e-02,3.119006e-01,1.539324e-02,1.579791e-02,6.537268e-02,1.388779e-01,5.178172e-02,9.807176e-02,9.809189e-03,1.108763e-02,5.870114e-02,7.486273e-03
1.032403e-01,3.247609e-02,4.196125e-02,5.512086e-02,3.000898e-01,1.514744e-02,1.522053e-02,1.080986e-01,1.475082e-01,4.067675e-02,7.059901e-02,7.217796e-03,8.180460e-03,4.892729e-02,5.535668e-03
7.719774e-02,2.381865e-02,3.099747e-02,4.677013e-02,2.994165e-01,1.323539e-02,1.515038e-02,2.568241e-01,1.089014e-01,2.855744e-02,4.962014e-02,5.101558e-03,5.873370e-03,3.464256e-02,3.893175e-03
5.855175e-02,1.690228e-02,2.255347e-02,3.465908e-02,2.745089e-01,1.146175e-02,1.103438e-02,4.043650e-01,7.633130e-02,2.000517e-02,3.482407e-02,3.592979e-03,4.210006e-03,2.426819e-02,2.731632e-03
4.318754e-02,1.197866e-02,1.717742e-02,2.502387e-02,2.118466e-01,8.594394e-03,9.549919e-03,5.561274e-01,5.348178e-02,1.409552e-02,2.441258e-02,2.527721e-03,3.019400e-03,1.703140e-02,1.945803e-03
3.337969e-02,8.459243e-03,1.327313e-02,1.807369e-02,1.743317e-01,6.486551e-03,9.596745e-03,6.539325e-01,3.750916e-02,1.040488e-02,1.714504e-02,1.793500e-03,2.196909e-03,1.195339e-02,1.463923e-03
2.851647e-02,6.069857e-03,1.032632e-02,1.371710e-02,1.366583e-01,5.142407e-03,9.879199e-03,7.286445e-01,2.648443e-02,9.674756e-03,1.221012e-02,1.358620e-03,1.684985e-03,8.422033e-03,1.210867e-03
2.191226e-02,4.410948e-03,9.325385e-03,1.086862e-02,1.040215e-01,5.313619e-03,8.777728e-03,7.688673e-01,1.910023e-02,2.735839e-02,9.298597e-03,1.434123e-03,1.906057e-03,5.985005e-03,1.420211e-03
1.905804e-02,3.280295e-03,6.788249e-03,8.641839e-03,8.508635e-02,5.802182e-03,7.309200e-03,8.146592e-01,1.360886e-02,1.988878e-02,7.143148e-03,1.385174e-03,1.743836e-03,4.268270e-03,1.336566e-03
2.396261e-02,2.635753e-03,5.109727e-03,7.022479e-03,9.604839e-02,1.469920e-02,2.038159e-02,7.916960e-01,1.016972e-02,1.428916e-02,5.657996e-03,1.497787e-03,1.885836e-03,3.180379e-03,1.763414e-03
2.988061e-02,2.160900e-03,3.985230e-03,6.022219e-03,8.228814e-02,2.028913e-02,3.625908e-02,7.894941e-01,7.576523e-03,1.020511e-02,4.264778e-03,1.359633e-03,1.680579e-03,2.341663e-03,2.192291e-03
2.885096e-02,7.948829e-03,5.300886e-03,6.109632e-02,6.571795e-02,1.600795e-01,3.064060e-02,5.561700e-01,9.056108e-03,1.426617e-02,1.588040e-02,1.973642e-02,1.525493e-02,2.991680e-03,7.009258e-03
3.740465e-02,1.207472e-02,4.902077e-03,5.221003e-02,5.074099e-02,3.032135e-01,2.651034e-02,3.925234e-01,1.423902e-02,2.062299e-02,2.158755e-02,1.688841e-02,1.388079e-02,8.004134e-03,2.519736e-02
5.076058e-02,1.452797e-02,5.456405e-03,5.484966e-02,4.894255e-02,3.527451e-01,2.110688e-02,2.805434e-01,1.585030e-02,1.718562e-02,6.791559e-02,1.588987e-02,1.754914e-02,9.323912e-03,2.735306e-02
4.666471e-02,1.462568e-02,5.090778e-03,5.134378e-02,3.568967e-02,3.327529e-01,1.525582e-02,1.979823e-01,8.571355e-02,1.533308e-02,9.090662e-02,1.502320e-02,1.609226e-02,3.902671e-02,3.849897e-02
3.577734e-02,1.861891e-02,5.068651e-03,3.917088e-02,2.564586e-02,2.667116e-01,1.084417e-02,1.399090e-01,1.505230e-01,1.479811e-02,9.944292e-02,1.475651e-02,1.328455e-02,1.051242e-01,6.032439e-02
2.717617e-02,2.289420e-02,1.396250e-02,7.541655e-02,2.067132e-02,1.940974e-01,7.653208e-03,9.840298e-02,2.916709e-01,1.400707e-02,7.744891e-02,1.232845e-02,1.041854e-02,7.981355e-02,5.403834e-02
2.089727e-02,2.569422e-02,2.494824e-02,9.343652e-02,1.564953e-02,1.389788e-01,5.413725e-03,6.939603e-02,3.797364e-01,1.507640e-02,5.790422e-02,1.010547e-02,8.732585e-03,6.578940e-02,6.824119e-02
2.024905e-02,4.972374e-02,2.068818e-02,6.988601e-02,1.180742e-02,1.049244e-01,3.953765e-03,4.881197e-02,3.583866e-01,2.143897e-02,4.490283e-02,1.400630e-02,8.052661e-03,1.185417e-01,1.046265e-01
4.004109e-02,6.471968e-02,2.375517e-02,5.307402e-02,3.277246e-02,8.148855e-02,3.245069e-03,3.620091e-02,3.934758e-01,1.643601e-02,3.748026e-02,1.027890e-02,6.981296e-03,1.117540e-01,8.829683e-02
2.992431e-02,6.976081e-02,2.352066e-02,5.627408e-02,2.781889e-02,5.944963e-02,2.371467e-03,2.608349e-02,4.909205e-01,1.423067e-02,2.770733e-02,7.377700e-03,5.366798e-03,8.076959e-02,7.842405e-02
3.236600e-02,7.547093e-02,5.609168e-02,1.413220e-01,2.254877e-02,4.379426e-02,1.747637e-03,1.890005e-02,4.192946e-01,1.237135e-02,2.205806e-02,5.508757e-03,4.468349e-03,5.752918e-02,8.652836e-02
4.993415e-02,9.988624e-02,5.051210e-02,1.323720e-01,1.923420e-02,3.236300e-02,1.283337e-03,1.384067e-02,4.023037e-01,1.438322e-02,1.932169e-02,4.213124e-03,3.891335e-03,4.275898e-02,1.137022e-01
6.780147e-02,9.267451e-02,4.057773e-02,9.779491e-02,1.496742e-02,2.314932e-02,9.271773e-04,9.888498e-03,4.405538e-01,1.969455e-02,2.470252e-02,3.309886e-03,3.356316e-03,3.214827e-02,1.284536e-01
5.170809e-02,7.777480e-02,6.318003e-02,7.925045e-02,1.078706e-02,1.656615e-02,6.870223e-04,7.020996e-03,4.979142e-01,2.331906e-02,2.049239e-02,2.920214e-03,3.139247e-03,2.372571e-02,1.215146e-01
3.820967e-02,6.495097e-02,1.140021e-01,8.044522e-02,7.861243e-03,1.200450e-02,5.167753e-04,4.976025e-03,4.812475e-01,2.668314e-02,2.017477e-02,2.939066e-03,3.895697e-03,1.953273e-02,1.225606e-01
3.001918e-02,5.203829e-02,1.273323e-01,5.908200e-02,5.756200e-03,8.783698e-03,3.988362e-04,3.527806e-03,4.013374e-01,4.455444e-02,1.658062e-02,3.080830e-03,3.682778e-03,8.054961e-02,1.632760e-01
3.215597e-02,4.017465e-02,1.071150e-01,4.296525e-02,4.483023e-03,6.489523e-03,3.270987e-04,2.567340e-03,3.369168e-01,6.199677e-02,1.443033e-02,3.615686e-03,3.813340e-03,1.626336e-01,1.803156e-01
4.891929e-02,3.592696e-02,8.367439e-02,3.411841e-02,3.757373e-03,5.517225e-03,3.552221e-04,2.305467e-03,2.592670e-01,1.880734e-01,2.543990e-02,1.966259e-02,7.084423e-03,1.419494e-01,1.439490e-01
9.725751e-02,3.499328e-02,7.508425e-02,3.086009e-02,9.229303e-03,2.064610e-02,2.895356e-03,5.527044e-02,1.981079e-01,1.803330e-01,3.617306e-02,2.452244e-02,2.082893e-02,1.074663e-01,1.063320e-01
8.770605e-02,2.857635e-02,6.963884e-02,2.861321e-02,1.926563e-02,3.028713e-02,4.643113e-03,1.879709e-01,1.460418e-01,1.494696e-01,4.531593e-02,1.836428e-02,2.903385e-02,7.659470e-02,7.847863e-02
7.090841e-02,2.211239e-02,5.819616e-02,2.096314e-02,1.579699e-02,2.298667e-02,4.133465e-03,3.854560e-01,1.118075e-01,1.073866e-01,3.522091e-02,1.326531e-02,2.141766e-02,5.417620e-02,5.617265e-02
6.731977e-02,1.784124e-02,4.625326e-02,1.578395e-02,1.479184e-02,1.852472e-02,3.945046e-03,5.068831e-01,9.529192e-02,7.908224e-02,2.695876e-02,9.880114e-03,1.823156e-02,3.874394e-02,4.046850e-02
9.999175e-02,2.003089e-02,3.536857e-02,1.402750e-02,1.849910e-02,1.765090e-02,3.824613e-03,5.227425e-01,8.565456e-02,6.878162e-02,2.595828e-02,8.379308e-03,1.927472e-02,2.882308e-02,3.099262e-02
8.888765e-02,1.676837e-02,2.628383e-02,1.144638e-02,1.578036e-02,1.704334e-02,3.330605e-03,6.039979e-01,7.281127e-02,5.332215e-02,2.283232e-02,7.412661e-03,1.533151e-02,2.122038e-02,2.353127e-02
7.477847e-02,1.571174e-02,2.032432e-02,9.537436e-03,1.463085e-02,1.465273e-02,3.050153e-03,6.713029e-01,6.552298e-02,4.005162e-02,1.896344e-02,5.968278e-03,1.168511e-02,1.593039e-02,1.788965e-02
6.845118e-02,1.854702e-02,1.556889e-02,8.032512e-03,1.456065e-02,1.259654e-02,3.679631e-03,7.201823e-01,5.522801e-02,2.978462e-02,1.427609e-02,4.646393e-03,8.820510e-03,1.261100e-02,1.301466e-02
6.819401e-02,1.698212e-02,1.256924e-02,6.666998e-03,1.392798e-02,1.127582e-02,4.420748e-03,7.559004e-01,4.736935e-02,2.183738e-02,1.034777e-02,3.523175e-03,6.884879e-03,1.062295e-02,9.477249e-03
7.467733e-02,1.395915e-02,1.163897e-02,6.431043e-03,1.324910e-02,1.270375e-02,5.202393e-03,7.729409e-01,4.041859e-02,1.628269e-02,8.087263e-03,3.099197e-03,5.394228e-03,8.605377e-03,7.310076e-03
1.115820e-01,1.206392e-02,1.154729e-02,6.396508e-03,1.513489e-02,2.022799e-02,6.059689e-03,7.410073e-01,3.404479e-02,1.197490e-02,7.048722e-03,4.358709e-03,5.126039e-03,6.756129e-03,6.671186e-03
1.457896e-01,1.032491e-02,1.116571e-02,6.561047e-03,1.778443e-02,1.842348e-02,6.505889e-03,7.168014e-01,2.882260e-02,8.980520e-03,6.301986e-03,6.311668e-03,4.915706e-03,5.414099e-03,5.896986e-03
1.698365e-01,8.389246e-03,1.123336e-02,7.895289e-03,2.186891e-02,1.772203e-02,6.214965e-03,6.956278e-01,2.312008e-02,8.108027e-03,5.692018e-03,9.134868e-03,5.390511e-03,4.349025e-03,5.417409e-03
1.702527e-01,6.669983e-03,9.533229e-03,7.931537e-03,2.235090e-02,1.481213e-02,5.817319e-03,7.113167e-01,1.735532e-02,6.651095e-03,4.908535e-03,8.676990e-03,5.190814e-03,3.553402e-03,4.979325e-03
1.840474e-01,8.053167e-03,8.848205e-03,9.668581e-03,2.604431e-02,2.442689e-02,7.535805e-03,6.673962e-01,1.452542e-02,5.535014e-03,8.119121e-03,1.057701e-02,1.042453e-02,3.435710e-03,1.136260e-02
1.793232e-01,8.633016e-03,7.503363e-03,1.174306e-02,2.787972e-02,2.583713e-02,6.890631e-03,6.223409e-01,1.740186e-02,6.131441e-03,1.844198e-02,1.717819e-02,2.139126e-02,4.632808e-03,2.467149e-02
1.627717e-01,8.475649e-03,6.104225e-03,1.166735e-02,3.159135e-02,2.115365e-02,6.335074e-03,6.270233e-01,1.894928e-02,6.024720e-03,2.538786e-02,2.149719e-02,2.406439e-02,5.382337e-03,2.357188e-02
1.427246e-01,8.662220e-03,6.942168e-03,1.142856e-02,2.976517e-02,2.064861e-02,5.541023e-03,4.855268e-01,4.833674e-02,2.481241e-02,4.874790e-02,3.199776e-02,3.725582e-02,2.176716e-02,7.584293e-02
1.203982e-01,8.923309e-03,7.515360e-03,1.057282e-02,2.821820e-02,2.029369e-02,5.037567e-03,3.700335e-01,8.189055e-02,4.350691e-02,5.249721e-02,2.767934e-02,3.428930e-02,3.405830e-02,1.550857e-01
1.306137e-01,9.217855e-03,6.743952e-03,1.454795e-02,2.231749e-02,1.790113e-02,4.128493e-03,2.683541e-01,1.501809e-01,5.007583e-02,5.044519e-02,2.631946e-02,2.961361e-02,5.409387e-02,1.654465e-01
1.842437e-01,1.004742e-02,6.920229e-03,1.383613e-02,1.710435e-02,1.757340e-02,3.444206e-03,1.938461e-01,1.544638e-01,6.645301e-02,4.333743e-02,2.346049e-02,2.829048e-02,8.334808e-02,1.536312e-01
2.048520e-01,1.259834e-02,6.309364e-03,1.345633e-02,1.315770e-02,1.875005e-02,3.007990e-03,1.378471e-01,1.652422e-01,7.768625e-02,3.465402e-02,2.280077e-02,2.552613e-02,9.935084e-02,1.647609e-01
2.395254e-01,1.531267e-02,1.220394e-02,2.942924e-02,1.125407e-02,1.892279e-02,3.529654e-03,9.875569e-02,1.658897e-01,5.723390e-02,3.200179e-02,3.196560e-02,2.466620e-02,1.147367e-01,1.445726e-01
2.296623e-01,1.495484e-02,1.057746e-02,2.903827e-02,8.544860e-03,2.596598e-02,3.737818e-03,7.084800e-02,1.393142e-01,4.125432e-02,3.166977e-02,3.802176e-02,3.175243e-02,1.563622e-01,1.682957e-01
1.846737e-01,1.137204e-02,8.248125e-03,2.082598e-02,6.077777e-03,1.985334e-02,2.794269e-03,4.979214e-02,1.086371e-01,3.108385e-02,3.101559e-02,2.795345e-02,2.531154e-02,3.358675e-01,1.364936e-01
1.357195e-01,8.314994e-03,6.267524e-03,1.464177e-02,4.291665e-03,1.407412e-02,2.141463e-03,3.490933e-02,1.533433e-01,2.360860e-02,2.771391e-02,2.020651e-02,1.790178e-02,4.236293e-01,1.132361e-01
1.132426e-01,6.657589e-03,4.959168e-03,1.080156e-02,3.285791e-03,1.012208e-02,1.570965e-03,2.456167e-02,1.248829e-01,2.520274e-02,3.313265e-02,1.488603e-02,1.487991e-02,5.235499e-01,8.826452e-02
1.001541e-01,7.686953e-03,9.364937e-03,8.718641e-03,3.744736e-03,8.063330e-03,3.054083e-03,2.039794e-02,1.350211e-01,4.788045e-02,4.322540e-02,1.373721e-02,1.331325e-02,5.074611e-01,7.817674e-02
7.601909e-02,6.128457e-03,7.899632e-03,6.495010e-03,3.009465e-03,5.902690e-03,2.283504e-03,1.450753e-02,1.142861e-01,1.158956e-01,3.254863e-02,1.011228e-02,9.685585e-03,5.345395e-01,6.068700e-02
6.353708e-02,1.200894e-02,9.141690e-03,5.267167e-03,3.212634e-03,5.167887e-03,1.662042e-03,1.067610e-02,1.342959e-01,2.361525e-01,2.737353e-02,7.840144e-03,8.640296e-03,4.199837e-01,5.504040e-02
6.049725e-02,2.166094e-02,1.205938e-02,4.978841e-03,3.176748e-03,5.585222e-03,1.243374e-03,8.707076e-03,1.787587e-01,1.868930e-01,2.404357e-02,6.370443e-03,7.531282e-03,4.190489e-01,5.944523e-02
5.285552e-02,2.266630e-02,1.319938e-02,5.597118e-03,6.902823e-03,8.573920e-03,1.038279e-03,6.814396e-03,2.296808e-01,1.471555e-01,3.604476e-02,5.520269e-03,8.804261e-03,3.970531e-01,5.809363e-02
4.765228e-02,1.901071e-02,4.615575e-02,1.713203e-02,1.728111e-02,7.337574e-03,1.084107e-03,1.345810e-02,2.987912e-01,1.230179e-01,3.968642e-02,7.308710e-03,1.307634e-02,3.020368e-01,4.697101e-02
3.801595e-02,1.779676e-02,3.598808e-02,1.718764e-02,4.745022e-02,9.230489e-03,1.633814e-03,1.297950e-02,3.485869e-01,1.101442e-01,3.581392e-02,1.080319e-02,2.957077e-02,2.434941e-01,4.130439e-02
3.957875e-02,1.505208e-02,2.808623e-02,1.611967e-02,5.382502e-02,2.000739e-02,1.428535e-03,1.093527e-02,3.140755e-01,9.406044e-02,4.422752e-02,3.152241e-02,4.417535e-02,1.800175e-01,1.068883e-01
4.091167e-02,4.915580e-02,3.442808e-02,1.330764e-02,7.209046e-02,2.750414e-02,1.825503e-03,1.842016e-02,2.837221e-01,6.874067e-02,3.405396e-02,3.658428e-02,9.609075e-02,1.381574e-01,8.500736e-02
3.960275e-02,5.387649e-02,5.854851e-02,2.035640e-02,6.406146e-02,2.924777e-02,1.928895e-03,2.820885e-02,2.822266e-01,6.169282e-02,2.508578e-02,3.157282e-02,1.193268e-01,1.002328e-01,8.403124e-02
4.395466e-02,6.447065e-02,7.488608e-02,1.904845e-02,6.055834e-02,3.070548e-02,1.660701e-03,5.090247e-02,2.858335e-01,5.172946e-02,1.834303e-02,2.350258e-02,1.220018e-01,8.106349e-02,7.133925e-02
6.556386e-02,8.364271e-02,6.933995e-02,1.878749e-02,7.548989e-02,3.171825e-02,1.530261e-03,4.750707e-02,2.735212e-01,4.672278e-02,1.376903e-02,1.720969e-02,1.171432e-01,6.408265e-02,7.397201e-02
5.337806e-02,6.628668e-02,8.582580e-02,1.354081e-01,7.641087e-02,2.293256e-02,1.454420e-03,4.361381e-02,2.661257e-01,3.517442e-02,1.075549e-02,1.230472e-02,8.229458e-02,4.580961e-02,6.222514e-02
5.176841e-02,7.903144e-02,8.036691e-02,1.315807e-01,7.746337e-02,1.937578e-02,1.430647e-03,4.291139e-02,2.969870e-01,2.989879e-02,1.110837e-02,1.192120e-02,6.600581e-02,3.311230e-02,6.703790e-02
4.717870e-02,6.664336e-02,1.342164e-01,1.563329e-01,6.212603e-02,1.665612e-02,1.421515e-03,4.195504e-02,2.937586e-01,2.781732e-02,1.015521e-02,9.827407e-03,4.804870e-02,2.389542e-02,5.996717e-02
3.383097e-02,7.683188e-02,1.153222e-01,2.631381e-01,4.398631e-02,1.182870e-02,1.031430e-03,2.951990e-02,2.664187e-01,2.585626e-02,1.078754e-02,7.297769e-03,3.442441e-02,1.695172e-02,6.277410e-02
2.693178e-02,7.326664e-02,8.847252e-02,2.069841e-01,3.403195e-02,9.261752e-03,8.920155e-04,2.112336e-02,3.444601e-01,2.450058e-02,1.524752e-02,5.918822e-03,2.692994e-02,1.240684e-02,1.095721e-01
1.972827e-02,6.720173e-02,6.929341e-02,1.551808e-01,2.433229e-02,7.361886e-03,7.822369e-04,1.540716e-02,3.387762e-01,4.238890e-02,1.468964e-02,4.681344e-03,2.558417e-02,1.102380e-02,2.035682e-01
1.494325e-02,5.243627e-02,5.047663e-02,1.107968e-01,1.816976e-02,6.224698e-03,1.088623e-03,1.132971e-02,4.245035e-01,4.707149e-02,1.437361e-02,4.178165e-03,3.185723e-02,1.765249e-02,1.948978e-01
1.061898e-02,3.786912e-02,3.581201e-02,7.941841e-02,1.286870e-02,4.489569e-03,7.966821e-04,8.446388e-03,5.799720e-01,3.457681e-02,1.182644e-02,3.170813e-03,2.665743e-02,1.310373e-02,1.403730e-01
7.942617e-03,2.767587e-02,2.742662e-02,5.699011e-02,9.319305e-03,3.575301e-03,6.701949e-04,6.118082e-03,6.680134e-01,2.792819e-02,1.015789e-02,7.258608e-03,2.850105e-02,1.434293e-02,1.040799e-01
5.825010e-03,1.986459e-02,2.057665e-02,4.071441e-02,7.068811e-03,3.835838e-03,6.174396e-04,4.525720e-03,5.606124e-01,4.119010e-02,3.407509e-02,7.881198e-03,1.138658e-01,2.580117e-02,1.135458e-01
