1.000000e+00,0.000000e+00,0.000000e+00,0.000000e+00,0.000000e+00,0.000000e+00,0.000000e+00,0.000000e+00,0.000000e+00,0.000000e+00,0.000000e+00,0.000000e+00,0.000000e+00,0.000000e+00,0.000000e+00
1.000000e+00,0.000000e+00,0.000000e+00,0.000000e+00,0.000000e+00,0.000000e+00,0.000000e+00,0.000000e+00,0.000000e+00,0.000000e+00,0.000000e+00,0.000000e+00,0.000000e+00,0.000000e+00,0.000000e+00
1.000000e+00,0.000000e+00,0.000000e+00,0.000000e+00,0.000000e+00,0.000000e+00,0.000000e+00,0.000000e+00,0.000000e+00,0.000000e+00,0.000000e+00,0.000000e+00,0.000000e+00,0.000000e+00,0.000000e+00
1.000000e+00,0.000000e+00,0.000000e+00,0.000000e+00,0.000000e+00,0.000000e+00,0.000000e+00,0.000000e+00,0.000000e+00,0.000000e+00,0.000000e+00,0.000000e+00,0.000000e+00,0.000000e+00,0.000000e+00
1.000000e+00,0.000000e+00,0.000000e+00,0.000000e+00,0.000000e+00,0.000000e+00,0.000000e+00,0.000000e+00,0.000000e+00,0.000000e+00,0.000000e+00,0.000000e+00,0.000000e+00,0.000000e+00,0.000000e+00
1.000000e+00,0.000000e+00,0.000000e+00,0.000000e+00,0.000000e+00,0.000000e+00,0.000000e+00,0.000000e+00,0.000000e+00,0.000000e+00,0.000000e+00,0.000000e+00,0.000000e+00,0.000000e+00,0.000000e+00
1.000000e+00,0.000000e+00,0.000000e+00,0.000000e+00,0.000000e+00,0.000000e+00,0.000000e+00,0.000000e+00,0.000000e+00,0.000000e+00,0.000000e+00,0.000000e+00,0.000000e+00,0.000000e+00,0.000000e+00
1.000000e+00,0.000000e+00,0.000000e+00,0.000000e+00,0.000000e+00,0.000000e+00,0.000000e+00,0.000000e+00,0.000000e+00,0.000000e+00,0.000000e+00,0.000000e+00,0.000000e+00,0.000000e+00,0.000000e+00
1.000000e+00,0.000000e+00,0.000000e+00,0.000000e+00,0.000000e+00,0.000000e+00,0.000000e+00,0.000000e+00,0.000000e+00,0.000000e+00,0.000000e+00,0.000000e+00,0.000000e+00,0.000000e+00,0.000000e+00
1.000000e+00,0.000000e+00,0.000000e+00,0.000000e+00,0.000000e+00,0.000000e+00,0.000000e+00,0.000000e+00,0.000000e+00,0.000000e+00,0.000000e+00,0.000000e+00,0.000000e+00,0.000000e+00,0.000000e+00
1.000000e+00,0.000000e+00,0.000000e+00,0.000000e+00,0.000000e+00,0.000000e+00,0.000000e+00,0.000000e+00,0.000000e+00,0.000000e+00,0.000000e+00,0.000000e+00,0.000000e+00,0.000000e+00,0.000000e+00
1.000000e+00,0.000000e+00,0.000000e+00,0.000000e+00,0.000000e+00,0.000000e+00,0.000000e+00,0.000000e+00,0.000000e+00,0.000000e+00,0.000000e+00,0.000000e+00,0.000000e+00,0.000000e+00,0.000000e+00
1.000000e+00,0.000000e+00,0.000000e+00,0.000000e+00,0.000000e+00,0.000000e+00,0.000000e+00,0.000000e+00,0.000000e+00,0.000000e+00,0.000000e+00,0.000000e+00,0.000000e+00,0.000000e+00,0.000000e+00
1.000000e+00,0.000000e+00,0.000000e+00,0.000000e+00,0.000000e+00,0.000000e+00,0.000000e+00,0.000000e+00,0.000000e+00,0.000000e+00,0.000000e+00,0.000000e+00,0.000000e+00,0.000000e+00,0.000000e+00
1.000000e+00,0.000000e+00,0.000000e+00,0.000000e+00,0.000000e+00,0.000000e+00,0.000000e+00,0.000000e+00,0.000000e+00,0.000000e+00,0.000000e+00,0.000000e+00,0.000000e+00,0.000000e+00,0.000000e+00
1.000000e+00,0.000000e+00,0.000000e+00,0.000000e+00,0.000000e+00,0.000000e+00,0.000000e+00,0.000000e+00,0.000000e+00,0.000000e+00,0.000000e+00,0.000000e+00,0.000000e+00,0.000000e+00,0.000000e+00
1.000000e+00,0.000000e+00,0.000000e+00,0.000000e+00,0.000000e+00,0.000000e+00,0.000000e+00,0.000000e+00,0.000000e+00,0.000000e+00,0.000000e+00,0.000000e+00,0.000000e+00,0.000000e+00,0.000000e+00
1.000000e+00,0.000000e+00,0.000000e+00,0.000000e+00,0.000000e+00,0.000000e+00,0.000000e+00,0.000000e+00,0.000000e+00,0.000000e+00,0.000000e+00,0.000000e+00,0.000000e+00,0.000000e+00,0.000000e+00
1.000000e+00,0.000000e+00,0.000000e+00,0.000000e+00,0.000000e+00,0.000000e+00,0.000000e+00,0.000000e+00,0.000000e+00,0.000000e+00,0.000000e+00,0.000000e+00,0.000000e+00,0.000000e+00,0.000000e+00
1.000000e+00,0.000000e+00,0.000000e+00,0.000000e+00,0.000000e+00,0.000000e+00,0.000000e+00,0.000000e+00,0.000000e+00,0.000000e+00,0.000000e+00,0.000000e+00,0.000000e+00,0.000000e+00,0.000000e+00
1.000000e+00,0.000000e+00,0.000000e+00,0.000000e+00,0.000000e+00,0.000000e+00,0.000000e+00,0.000000e+00,0.000000e+00,0.000000e+00,0.000000e+00,0.000000e+00,0.000000e+00,0.000000e+00,0.000000e+00
1.000000e+00,0.000000e+00,0.000000e+00,0.000000e+00,0.000000e+00,0.000000e+00,0.000000e+00,0.000000e+00,0.000000e+00,0.000000e+00,0.000000e+00,0.000000e+00,0.000000e+00,0.000000e+00,0.000000e+00
1.000000e+00,0.000000e+00,0.000000e+00,0.000000e+00,0.000000e+00,0.000000e+00,0.000000e+00,0.000000e+00,0.000000e+00,0.000000e+00,0.000000e+00,0.000000e+00,0.000000e+00,0.000000e+00,0.000000e+00
1.000000e+00,0.000000e+00,0.000000e+00,0.000000e+00,0.000000e+00,0.000000e+00,0.000000e+00,0.000000e+00,0.000000e+00,0.000000e+00,0.000000e+00,0.000000e+00,0.000000e+00,0.000000e+00,0.000000e+00
1.000000e+00,0.000000e+00,0.000000e+00,0.000000e+00,0.000000e+00,0.000000e+00,0.000000e+00,0.000000e+00,0.000000e+00,0.000000e+00,0.000000e+00,0.000000e+00,0.000000e+00,0.000000e+00,0.000000e+00
1.000000e+00,0.000000e+00,0.000000e+00,0.000000e+00,0.000000e+00,0.000000e+00,0.000000e+00,0.000000e+00,0.000000e+00,0.000000e+00,0.000000e+00,0.000000e+00,0.000000e+00,0.000000e+00,0.000000e+00
1.000000e+00,0.000000e+00,0.000000e+00,0.000000e+00,0.000000e+00,0.000000e+00,0.000000e+00,0.000000e+00,0.000000e+00,0.000000e+00,0.000000e+00,0.000000e+00,0.000000e+00,0.000000e+00,0.000000e+00
1.000000e+00,0.000000e+00,0.000000e+00,0.000000e+00,0.000000e+00,0.000000e+00,0.000000e+00,0.000000e+00,0.000000e+00,0.000000e+00,0.000000e+00,0.000000e+00,0.000000e+00,0.000000e+00,0.000000e+00
1.000000e+00,0.000000e+00,0.000000e+00,0.000000e+00,0.000000e+00,0.000000e+00,0.000000e+00,0.000000e+00,0.000000e+00,0.000000e+00,0.000000e+00,0.000000e+00,0.000000e+00,0.000000e+00,0.000000e+00
1.000000e+00,0.000000e+00,0.000000e+00,0.000000e+00,0.000000e+00,0.000000e+00,0.000000e+00,0.000000e+00,0.000000e+00,0.000000e+00,0.000000e+00,0.000000e+00,0.000000e+00,0.000000e+00,0.000000e+00
1.000000e+00,0.000000e+00,0.000000e+00,0.000000e+00,0.000000e+00,0.000000e+00,0.000000e+00,0.000000e+00,0.000000e+00,0.000000e+00,0.000000e+00,0.000000e+00,0.000000e+00,0.000000e+00,0.000000e+00
1.000000e+00,0.000000e+00,0.000000e+00,0.000000e+00,0.000000e+00,0.000000e+00,0.000000e+00,0.000000e+00,0.000000e+00,0.000000e+00,0.000000e+00,0.000000e+00,0.000000e+00,0.000000e+00,0.000000e+00
1.000000e+00,0.000000e+00,0.000000e+00,0.000000e+00,0.000000e+00,0.000000e+00,0.000000e+00,0.000000e+00,0.000000e+00,0.000000e+00,0.000000e+00,0.000000e+00,0.000000e+00,0.000000e+00,0.000000e+00
1.000000e+00,0.000000e+00,0.000000e+00,0.000000e+00,0.000000e+00,0.000000e+00,0.000000e+00,0.000000e+00,0.000000e+00,0.000000e+00,0.000000e+00,0.000000e+00,0.000000e+00,0.000000e+00,0.000000e+00
1.000000e+00,0.000000e+00,0.000000e+00,0.000000e+00,0.000000e+00,0.000000e+00,0.000000e+00,0.000000e+00,0.000000e+00,0.000000e+00,0.000000e+00,0.000000e+00,0.000000e+00,0.000000e+00,0.000000e+00
1.000000e+00,0.000000e+00,0.000000e+00,0.000000e+00,0.000000e+00,0.000000e+00,0.000000e+00,0.000000e+00,0.000000e+00,0.000000e+00,0.000000e+00,0.000000e+00,0.000000e+00,0.000000e+00,0.000000e+00
1.000000e+00,0.000000e+00,0.000000e+00,0.000000e+00,0.000000e+00,0.000000e+00,0.000000e+00,0.000000e+00,0.000000e+00,0.000000e+00,0.000000e+00,0.000000e+00,0.000000e+00,0.000000e+00,0.000000e+00
1.000000e+00,0.000000e+00,0.000000e+00,0.000000e+00,0.000000e+00,0.000000e+00,0.000000e+00,0.000000e+00,0.000000e+00,0.000000e+00,0.000000e+00,0.000000e+00,0.000000e+00,0.000000e+00,0.000000e+00
1.000000e+00,0.000000e+00,0.000000e+00,0.000000e+00,0.000000e+00,0.000000e+00,0.000000e+00,0.000000e+00,0.000000e+00,0.000000e+00,0.000000e+00,0.000000e+00,0.000000e+00,0.000000e+00,0.000000e+00
1.000000e+00,0.000000e+00,0.000000e+00,0.000000e+00,0.000000e+00,0.000000e+00,0.000000e+00,0.000000e+00,0.000000e+00,0.000000e+00,0.000000e+00,0.000000e+00,0.000000e+00,0.000000e+00,0.000000e+00
1.000000e+00,0.000000e+00,0.000000e+00,0.000000e+00,0.000000e+00,0.000000e+00,0.000000e+00,0.000000e+00,0.000000e+00,0.000000e+00,0.000000e+00,0.000000e+00,0.000000e+00,0.000000e+00,0.000000e+00
1.000000e+00,0.000000e+00,0.000000e+00,0.000000e+00,0.000000e+00,0.000000e+00,0.000000e+00,0.000000e+00,0.000000e+00,0.000000e+00,0.000000e+00,0.000000e+00,0.000000e+00,0.000000e+00,0.000000e+00
1.000000e+00,0.000000e+00,0.000000e+00,0.000000e+00,0.000000e+00,0.000000e+00,0.000000e+00,0.000000e+00,0.000000e+00,0.000000e+00,0.000000e+00,0.000000e+00,0.000000e+00,0.000000e+00,0.000000e+00
1.000000e+00,0.000000e+00,0.000000e+00,0.000000e+00,0.000000e+00,0.000000e+00,0.000000e+00,0.000000e+00,0.000000e+00,0.000000e+00,0.000000e+00,0.000000e+00,0.000000e+00,0.000000e+00,0.000000e+00
1.000000e+00,0.000000e+00,0.000000e+00,0.000000e+00,0.000000e+00,0.000000e+00,0.000000e+00,0.000000e+00,0.000000e+00,0.000000e+00,0.000000e+00,0.000000e+00,0.000000e+00,0.000000e+00,0.000000e+00
1.000000e+00,0.000000e+00,0.000000e+00,0.000000e+00,0.000000e+00,0.000000e+00,0.000000e+00,0.000000e+00,0.000000e+00,0.000000e+00,0.000000e+00,0.000000e+00,0.000000e+00,0.000000e+00,0.000000e+00
1.000000e+00,0.000000e+00,0.000000e+00,0.000000e+00,0.000000e+00,0.000000e+00,0.000000e+00,0.000000e+00,0.000000e+00,0.000000e+00,0.000000e+00,0.000000e+00,0.000000e+00,0.000000e+00,0.000000e+00
1.000000e+00,0.000000e+00,0.000000e+00,0.000000e+00,0.000000e+00,0.000000e+00,0.000000e+00,0.000000e+00,0.000000e+00,0.000000e+00,0.000000e+00,0.000000e+00,0.000000e+00,0.000000e+00,0.000000e+00
1.000000e+00,0.000000e+00,0.000000e+00,0.000000e+00,0.000000e+00,0.000000e+00,0.000000e+00,0.000000e+00,0.000000e+00,0.000000e+00,0.000000e+00,0.000000e+00,0.000000e+00,0.000000e+00,0.000000e+00
1.000000e+00,0.000000e+00,0.000000e+00,0.000000e+00,0.000000e+00,0.000000e+00,0.000000e+00,0.000000e+00,0.000000e+00,0.000000e+00,0.000000e+00,0.000000e+00,0.000000e+00,0.000000e+00,0.000000e+00
1.000000e+00,0.000000e+00,0.000000e+00,0.000000e+00,0.000000e+00,0.000000e+00,0.000000e+00,0.000000e+00,0.000000e+00,0.000000e+00,0.000000e+00,0.000000e+00,0.000000e+00,0.000000e+00,0.000000e+00
1.000000e+00,0.000000e+00,0.000000e+00,0.000000e+00,0.000000e+00,0.000000e+00,0.000000e+00,0.000000e+00,0.000000e+00,0.000000e+00,0.000000e+00,0.000000e+00,0.000000e+00,0.000000e+00,0.000000e+00
1.000000e+00,0.000000e+00,0.000000e+00,0.000000e+00,0.000000e+00,0.000000e+00,0.000000e+00,0.000000e+00,0.000000e+00,0.000000e+00,0.000000e+00,0.000000e+00,0.000000e+00,0.000000e+00,0.000000e+00
1.000000e+00,0.000000e+00,0.000000e+00,0.000000e+00,0.000000e+00,0.000000e+00,0.000000e+00,0.000000e+00,0.000000e+00,0.000000e+00,0.000000e+00,0.000000e+00,0.000000e+00,0.000000e+00,0.000000e+00
1.000000e+00,0.000000e+00,0.000000e+00,0.000000e+00,0.000000e+00,0.000000e+00,0.000000e+00,0.000000e+00,0.000000e+00,0.000000e+00,0.000000e+00,0.000000e+00,0.000000e+00,0.000000e+00,0.000000e+00
1.000000e+00,0.000000e+00,0.000000e+00,0.000000e+00,0.000000e+00,0.000000e+00,0.000000e+00,0.000000e+00,0.000000e+00,0.000000e+00,0.000000e+00,0.000000e+00,0.000000e+00,0.000000e+00,0.000000e+00
4.634630e-01,1.640457e-02,6.464251e-03,3.429434e-02,5.031400e-03,8.952721e-03,2.750709e-03,4.184077e-01,3.782575e-03,1.215548e-03,6.425042e-03,1.228195e-02,8.781397e-03,1.653363e-03,1.009137e-02
3.274723e-01,1.155623e-02,4.943186e-03,2.432958e-02,3.661997e-03,6.519082e-03,2.134636e-03,5.878162e-01,2.667951e-03,8.623550e-04,4.645322e-03,8.743109e-03,6.268094e-03,1.223366e-03,7.156565e-03
2.315790e-01,8.146173e-03,3.755015e-03,1.717140e-02,2.666222e-03,4.814319e-03,1.773004e-03,7.076013e-01,1.875891e-03,6.107730e-04,3.331908e-03,6.203853e-03,4.469099e-03,9.300065e-04,5.072032e-03
1.627924e-01,5.750108e-03,2.860408e-03,1.210665e-02,1.949313e-03,3.491271e-03,1.401709e-03,7.936699e-01,1.317343e-03,4.298389e-04,2.396701e-03,4.358654e-03,3.153063e-03,7.531677e-04,3.569454e-03
1.141048e-01,4.045626e-03,2.137980e-03,8.567245e-03,1.457534e-03,2.486658e-03,1.089205e-03,8.547943e-01,9.243433e-04,3.021080e-04,1.712129e-03,3.059204e-03,2.227119e-03,5.881013e-04,2.503602e-03
7.995899e-02,2.846699e-03,1.585117e-03,6.057744e-03,1.189905e-03,1.795046e-03,9.267062e-04,8.975632e-01,6.534086e-04,2.135721e-04,1.244252e-03,2.153797e-03,1.598832e-03,4.524663e-04,1.760217e-03
5.636846e-02,2.012617e-03,1.202044e-03,4.394862e-03,1.614338e-03,1.355978e-03,9.079417e-04,9.257538e-01,5.637076e-04,1.840032e-04,9.605716e-04,1.574348e-03,1.518653e-03,3.376097e-04,1.251002e-03
3.986074e-02,1.424207e-03,9.719548e-04,3.294418e-03,1.957832e-03,1.053269e-03,1.187024e-03,9.344345e-01,1.407682e-03,4.513754e-04,1.500207e-03,2.230292e-03,8.880101e-03,4.232800e-04,9.230677e-04
2.885576e-02,1.084980e-03,6.934094e-04,2.782619e-03,4.171556e-03,8.436861e-04,9.273527e-04,8.075123e-01,2.313492e-03,1.375708e-03,8.777386e-03,3.299029e-02,1.040406e-01,2.105366e-03,1.525477e-03
2.032848e-02,8.198259e-04,4.987800e-04,4.167638e-03,4.276915e-03,6.469443e-04,6.791650e-04,5.958721e-01,2.616764e-03,1.349040e-03,1.455857e-02,4.932281e-02,2.957866e-01,2.787533e-03,6.288858e-03
1.434743e-02,6.947053e-04,3.632439e-04,6.157669e-03,3.327399e-03,5.312995e-04,5.080473e-04,4.239021e-01,3.459087e-03,1.153703e-03,2.531651e-02,4.022394e-02,4.581363e-01,2.837661e-03,1.904088e-02
1.020173e-02,1.437737e-03,3.754091e-04,3.004711e-02,2.639606e-03,4.262998e-04,4.061297e-04,2.971423e-01,1.415873e-01,9.747257e-04,2.690666e-02,2.931557e-02,4.394631e-01,2.503635e-03,1.657259e-02
7.318421e-03,1.718930e-03,4.048916e-04,5.707191e-02,3.040257e-03,3.956995e-04,3.006821e-04,2.081749e-01,1.568746e-01,7.442853e-04,6.828267e-02,2.203580e-02,4.560654e-01,1.987577e-03,1.558395e-02
5.529335e-03,5.941527e-03,4.800367e-04,6.305231e-02,3.721918e-03,4.529725e-04,3.126128e-04,1.458144e-01,3.540907e-01,7.759716e-04,5.581888e-02,1.638994e-02,3.291470e-01,2.363299e-03,1.610909e-02
8.870788e-03,4.672799e-03,6.934832e-04,5.330832e-02,6.803495e-03,1.351332e-03,7.204929e-04,1.040103e-01,2.683283e-01,7.237004e-04,5.522536e-02,2.161871e-02,4.512476e-01,2.528970e-03,1.989634e-02
1.048154e-02,4.457648e-03,1.675950e-03,4.389989e-02,1.234494e-02,1.464049e-03,1.558438e-03,7.667322e-02,2.111153e-01,1.380892e-03,5.011083e-02,2.678993e-02,5.306025e-01,3.102256e-03,2.434274e-02
1.260041e-02,4.874681e-03,3.982672e-03,3.265363e-02,1.905464e-02,1.917150e-03,3.311252e-03,5.953208e-02,1.607025e-01,2.575743e-03,4.199407e-02,2.871749e-02,5.958921e-01,6.506968e-03,2.568461e-02
1.760850e-02,4.638624e-03,4.318321e-03,2.351851e-02,3.590496e-02,2.087795e-03,3.534364e-03,4.432852e-02,1.186270e-01,2.277581e-03,4.113689e-02,2.710810e-02,6.496121e-01,5.467270e-03,1.983151e-02
1.440810e-02,4.059976e-03,5.371223e-03,1.813254e-02,5.896267e-02,2.393296e-03,3.143916e-03,3.485645e-02,9.749461e-02,2.102830e-03,4.078586e-02,2.445140e-02,6.720722e-01,5.307061e-03,1.645796e-02
1.038046e-02,3.061997e-03,1.120579e-02,1.307191e-02,5.051425e-02,1.952107e-03,1.412201e-02,6.707732e-02,8.128526e-02,1.924550e-03,3.808223e-02,1.968153e-02,6.691967e-01,4.309457e-03,1.413445e-02
1.091675e-02,4.126765e-03,3.801766e-02,1.702765e-02,6.345347e-02,3.364628e-03,1.460980e-02,1.047076e-01,1.146252e-01,4.731552e-03,3.523007e-02,3.038210e-02,5.178530e-01,9.097483e-03,3.185628e-02
1.937430e-02,5.212754e-03,5.069379e-02,1.686803e-02,5.530878e-02,5.205956e-03,1.404645e-02,2.488653e-01,1.137994e-01,4.321153e-03,2.750572e-02,2.455661e-02,3.798237e-01,8.311908e-03,2.610612e-02
2.195591e-02,1.220008e-02,3.786643e-02,1.520678e-02,6.855892e-02,7.492323e-03,1.715351e-02,1.824919e-01,2.865843e-01,3.541620e-03,2.064478e-02,1.892149e-02,2.789044e-01,7.241012e-03,2.123653e-02
2.910586e-02,1.158584e-02,2.980938e-02,1.407388e-02,8.072250e-02,8.121712e-03,1.739948e-02,1.289456e-01,4.230235e-01,3.787214e-03,1.617751e-02,1.388991e-02,1.974687e-01,5.484821e-03,2.040414e-02
4.155326e-02,1.731008e-02,4.457179e-02,4.607360e-02,9.817147e-02,1.030946e-02,1.782220e-02,9.592991e-02,4.381397e-01,4.392370e-03,1.226293e-02,1.077928e-02,1.409052e-01,4.020305e-03,1.775838e-02
8.077268e-02,3.952291e-02,4.264777e-02,6.404027e-02,8.778927e-02,1.201330e-02,1.500420e-02,6.959558e-02,4.175880e-01,9.639782e-03,9.954978e-03,9.915087e-03,1.038159e-01,3.176635e-03,3.452365e-02
1.556537e-01,4.211073e-02,3.957321e-02,7.864900e-02,9.962401e-02,1.382294e-02,2.106996e-02,5.740172e-02,3.627122e-01,7.550362e-03,7.669533e-03,8.248205e-03,7.677048e-02,2.410426e-03,2.673354e-02
1.943842e-01,4.581445e-02,3.142528e-02,6.510966e-02,1.421891e-01,2.627891e-02,1.860445e-02,4.904014e-02,3.178067e-01,6.069288e-03,6.520809e-03,7.410446e-03,6.517695e-02,2.008700e-03,2.216093e-02
2.356142e-01,7.451464e-02,2.490216e-02,6.445275e-02,1.405746e-01,2.546068e-02,1.949110e-02,4.937641e-02,2.757567e-01,4.745533e-03,6.031024e-03,7.405940e-03,4.878893e-02,1.907561e-03,2.097781e-02
2.744830e-01,8.055966e-02,1.911717e-02,7.485826e-02,1.321986e-01,2.010346e-02,1.660677e-02,4.948482e-02,2.568810e-01,3.709153e-03,5.702665e-03,8.290588e-03,3.929630e-02,1.642811e-03,1.706570e-02
3.256832e-01,8.905907e-02,1.457520e-02,7.357817e-02,1.245793e-01,1.763829e-02,1.250503e-02,3.844639e-02,2.357001e-01,3.375356e-03,5.298599e-03,7.733656e-03,3.214136e-02,1.445106e-03,1.824116e-02
3.325692e-01,8.619663e-02,1.190761e-02,5.921975e-02,1.182754e-01,8.593635e-02,1.003536e-02,2.991085e-02,2.037836e-01,5.200692e-03,6.385815e-03,7.054294e-03,2.394786e-02,1.642886e-03,1.793373e-02
4.237814e-01,7.404687e-02,9.777461e-03,4.494134e-02,9.866047e-02,7.740053e-02,8.333001e-03,2.258497e-02,1.820939e-01,7.324435e-03,6.406454e-03,7.259840e-03,1.909147e-02,1.905547e-03,1.639236e-02
4.963503e-01,5.816121e-02,8.937798e-03,3.749141e-02,8.136369e-02,8.885470e-02,7.230372e-03,1.965429e-02,1.457145e-01,6.590560e-03,6.461549e-03,8.357409e-03,1.722627e-02,2.708775e-03,1.489715e-02
1.000000e+00,0.000000e+00,0.000000e+00,0.000000e+00,0.000000e+00,0.000000e+00,0.000000e+00,0.000000e+00,0.000000e+00,0.000000e+00,0.000000e+00,0.000000e+00,0.000000e+00,0.000000e+00,0.000000e+00
3.706510e-01,1.174814e-01,9.893090e-03,3.604561e-02,5.199616e-02,1.337633e-01,4.302117e-03,1.062781e-02,1.338107e-01,4.964164e-03,4.514190e-02,7.240039e-03,1.243646e-02,3.540218e-02,2.624417e-02
2.612557e-01,1.121044e-01,8.226507e-03,3.289702e-02,3.887507e-02,9.513799e-02,3.131765e-03,7.533765e-03,1.809725e-01,4.078020e-03,9.759228e-02,5.776039e-03,1.098023e-02,1.144046e-01,2.703412e-02
1.840740e-01,1.075845e-01,8.156374e-03,2.831705e-02,2.908198e-02,6.930546e-02,2.247989e-03,5.402794e-03,1.432382e-01,3.266856e-03,1.502681e-01,5.356897e-03,1.379650e-02,2.284123e-01,2.149101e-02
1.305265e-01,7.836604e-02,6.798423e-03,2.193887e-02,2.079332e-02,5.013762e-02,1.694223e-03,3.848686e-03,1.142364e-01,3.681261e-03,2.317564e-01,7.299372e-03,1.153281e-02,2.990077e-01,1.838227e-02
9.160092e-02,5.514355e-02,4.861873e-03,1.590257e-02,1.489809e-02,3.557053e-02,1.208677e-03,2.714313e-03,8.355211e-02,3.495559e-03,2.815715e-01,6.120289e-03,8.306120e-03,3.788831e-01,1.617083e-02
6.438010e-02,3.877047e-02,3.474465e-03,1.160888e-02,1.114164e-02,2.539742e-02,8.830486e-04,1.966794e-03,6.444865e-02,3.105560e-03,2.895169e-01,5.396401e-03,6.072967e-03,4.612690e-01,1.256774e-02
4.526898e-02,2.727816e-02,2.542619e-03,8.275339e-03,8.537294e-03,1.899331e-02,6.820629e-04,1.618229e-03,4.683899e-02,2.672502e-03,3.080694e-01,4.703125e-03,4.630170e-03,5.108656e-01,9.024244e-03
3.176976e-02,1.915279e-02,1.825173e-03,5.902657e-03,6.511558e-03,1.398405e-02,4.939416e-04,1.180309e-03,3.336816e-02,2.078994e-03,3.430565e-01,4.191218e-03,3.582892e-03,5.264500e-01,6.452030e-03
2.228459e-02,1.360810e-02,1.758385e-03,4.230619e-03,8.212054e-03,1.045865e-02,4.722654e-04,8.826021e-04,2.575769e-02,2.503146e-03,3.795368e-01,4.014438e-03,2.678020e-03,5.189492e-01,4.653452e-03
1.570384e-02,9.671901e-03,2.273305e-03,3.562205e-03,8.013967e-03,8.376632e-03,3.798186e-04,9.202480e-04,2.356347e-02,2.179285e-03,3.612495e-01,3.800686e-03,2.088633e-03,5.548841e-01,3.332384e-03
1.111559e-02,7.093034e-03,2.317476e-03,4.336255e-03,8.824367e-03,6.905022e-03,2.998399e-04,1.000097e-03,5.942049e-02,2.540605e-03,3.772813e-01,3.254165e-03,1.586386e-03,5.115876e-01,2.437776e-03
7.863559e-03,5.083201e-03,2.450945e-03,3.935666e-03,8.447737e-03,5.768582e-03,2.428320e-04,9.909594e-04,1.410695e-01,3.849513e-03,3.236022e-01,2.582287e-03,1.252225e-03,4.910516e-01,1.809211e-03
5.547363e-03,3.601177e-03,1.928887e-03,3.152099e-03,6.415047e-03,5.007914e-03,1.818713e-04,7.474229e-04,1.848459e-01,3.756221e-03,2.744574e-01,2.097631e-03,9.371151e-04,5.059944e-01,1.329625e-03
4.539635e-03,5.210435e-03,3.669759e-03,5.626929e-03,9.608661e-03,5.169634e-03,1.594438e-04,1.454970e-03,3.155810e-01,3.606673e-03,2.138572e-01,1.585878e-03,9.296423e-04,4.271397e-01,1.860356e-03
3.458657e-03,6.900212e-03,3.693497e-03,5.020529e-03,7.884599e-03,6.708470e-03,1.385132e-04,1.061750e-03,4.608019e-01,3.185408e-03,1.647421e-01,1.273303e-03,9.586028e-04,3.307869e-01,3.385599e-03
2.842765e-03,5.992724e-03,3.104633e-03,4.833810e-03,6.256627e-03,6.255489e-03,1.071472e-04,8.164212e-04,5.939062e-01,3.168974e-03,1.190183e-01,9.966868e-04,8.104843e-04,2.430822e-01,8.807524e-03
3.039113e-03,5.178553e-03,9.132854e-03,4.159467e-03,5.194682e-03,7.038118e-03,8.540574e-05,1.003120e-03,6.596957e-01,6.497114e-03,9.065159e-02,8.816055e-04,9.173442e-04,1.880243e-01,1.850093e-02
4.980129e-03,5.363495e-03,1.472252e-02,5.432492e-03,6.708717e-03,8.724643e-03,1.267107e-04,1.214477e-03,6.979744e-01,7.899716e-03,6.992960e-02,1.128883e-03,2.683867e-03,1.525704e-01,2.053986e-02
1.589569e-02,1.068478e-02,3.250674e-02,1.136210e-02,1.533261e-02,1.431315e-02,4.348248e-04,6.753830e-03,6.827677e-01,8.104835e-03,5.664590e-02,1.177182e-03,2.629678e-03,1.223809e-01,1.901005e-02
2.580207e-02,1.391332e-02,1.646910e-01,3.185404e-02,2.626744e-02,1.436345e-02,1.147764e-03,1.685875e-02,5.478039e-01,6.449249e-03,4.387609e-02,1.076975e-03,2.262314e-03,8.920547e-02,1.442819e-02
3.292203e-02,1.182554e-02,1.467792e-01,3.441833e-02,3.959699e-02,1.707272e-02,1.180429e-03,1.459720e-02,5.557681e-01,5.442363e-03,5.035004e-02,1.011771e-03,1.840087e-03,7.612202e-02,1.107307e-02
3.256913e-02,9.682584e-03,1.119276e-01,2.839804e-02,5.232781e-02,2.135818e-02,1.073240e-03,1.073441e-02,5.137665e-01,4.957772e-03,7.637645e-02,1.562437e-03,1.906256e-03,1.253703e-01,7.989316e-03
4.085969e-02,8.812855e-03,1.021391e-01,4.935152e-02,8.083412e-02,3.158497e-02,1.217345e-03,9.539389e-03,4.552804e-01,4.322405e-03,7.785694e-02,2.228420e-03,2.209599e-03,1.275928e-01,6.170425e-03
7.876293e-02,7.305676e-03,9.124263e-02,4.833644e-02,9.184866e-02,4.895592e-02,5.689513e-03,1.228484e-02,3.722607e-01,6.135024e-03,1.095041e-01,8.030023e-03,8.653508e-03,1.052020e-01,5.788052e-03
8.383617e-02,5.810043e-03,9.574857e-02,3.533603e-02,1.324324e-01,4.874118e-02,7.125489e-02,4.908361e-02,2.805751e-01,5.376456e-03,7.917100e-02,6.060795e-03,7.819342e-03,9.403168e-02,4.722809e-03
1.005707e-01,5.069427e-03,7.435686e-02,2.570176e-02,1.990974e-01,4.495523e-02,1.455599e-01,4.217967e-02,2.035273e-01,1.009914e-02,5.715305e-02,4.961969e-03,8.953318e-03,7.291558e-02,4.898723e-03
7.284422e-02,3.885417e-03,5.476835e-02,1.843575e-02,1.549389e-01,3.490925e-02,1.886119e-01,3.084134e-02,1.441454e-01,1.831902e-01,4.267991e-02,6.367182e-03,7.955180e-03,5.185479e-02,4.572251e-03
5.152290e-02,2.977709e-03,3.891642e-02,1.311570e-02,1.090288e-01,2.497015e-02,1.693938e-01,2.235284e-02,1.031617e-01,3.650082e-01,3.531160e-02,7.926165e-03,6.449619e-03,4.516856e-02,4.695817e-03
3.718539e-02,2.446602e-03,2.737315e-02,9.735416e-03,7.781239e-02,1.882799e-02,1.304511e-01,1.594936e-02,9.291795e-02,4.693962e-01,3.744340e-02,8.872230e-03,5.611327e-03,6.023832e-02,5.739170e-03
2.709303e-02,2.160837e-03,1.948043e-02,7.770717e-03,5.584976e-02,1.430312e-02,9.321412e-02,1.139240e-02,7.497407e-02,5.013064e-01,7.751534e-02,1.551293e-02,5.804517e-03,8.238609e-02,1.123634e-02
1.930841e-02,1.793049e-03,1.452509e-02,5.664216e-03,3.935368e-02,1.034308e-02,6.560063e-02,8.149912e-03,6.044481e-02,3.674746e-01,1.813136e-01,1.376261e-02,4.273946e-03,1.992358e-01,8.756679e-03
1.425712e-02,1.701730e-03,1.148973e-02,4.513352e-03,2.814832e-02,3.376493e-02,4.618668e-02,6.431242e-03,4.987566e-02,2.585332e-01,2.475094e-01,1.342370e-02,4.150023e-03,2.727599e-01,7.255127e-03
1.017963e-02,1.612579e-03,8.363605e-03,4.722569e-03,2.038751e-02,2.619596e-02,3.245970e-02,4.824413e-03,4.741873e-02,1.825503e-01,3.147108e-01,1.646299e-02,5.327988e-03,3.181369e-01,6.646324e-03
7.213235e-03,1.201003e-03,6.047692e-03,3.568231e-03,1.459094e-02,2.036504e-02,2.275964e-02,3.547189e-03,3.466023e-02,1.281689e-01,4.433259e-01,1.955224e-02,4.749429e-03,2.854072e-01,4.843321e-03
5.155547e-03,8.806456e-04,4.988937e-03,3.087052e-03,1.071617e-02,1.592752e-02,1.599758e-02,5.141469e-03,2.675569e-02,9.005052e-02,5.079609e-01,2.701912e-02,3.658690e-03,2.792445e-01,3.415801e-03
3.740913e-03,8.138568e-04,4.561972e-03,2.854327e-03,8.834061e-03,1.281100e-02,1.124173e-02,5.220593e-03,2.363397e-02,6.355969e-02,5.613576e-01,2.384166e-02,2.690577e-03,2.724019e-01,2.436170e-03
2.725121e-03,7.109281e-04,3.716114e-03,2.281509e-03,7.821033e-03,1.036076e-02,7.911469e-03,4.135862e-03,1.906841e-02,4.504357e-02,5.849931e-01,2.109853e-02,2.199778e-03,2.861431e-01,1.790700e-03
1.956024e-03,6.004290e-04,2.856223e-03,1.695730e-03,5.820495e-03,7.676312e-03,5.542122e-03,3.022728e-03,1.655380e-02,3.180891e-02,5.883962e-01,2.167992e-02,1.615371e-03,3.094875e-01,1.288296e-03
1.421469e-03,5.265500e-04,2.150051e-03,1.248432e-03,4.341590e-03,5.846312e-03,3.882447e-03,2.157897e-03,1.446386e-02,2.264381e-02,6.164893e-01,1.942123e-02,1.220786e-03,3.032506e-01,9.356476e-04
1.101342e-03,1.249661e-03,3.689019e-03,1.278696e-03,3.795679e-03,7.066697e-03,2.745644e-03,2.021126e-03,4.238559e-02,1.725905e-02,5.789976e-01,1.826530e-02,1.014451e-03,3.183834e-01,7.467295e-04
9.708297e-04,1.950424e-03,3.863973e-03,1.189072e-03,3.275372e-03,8.188805e-03,1.934982e-03,1.687899e-03,7.705783e-02,1.362579e-02,5.199727e-01,1.650505e-02,9.896143e-04,3.482125e-01,5.751871e-04
9.996678e-04,2.846228e-03,4.574802e-03,1.260242e-03,3.780317e-03,8.713705e-03,1.368557e-03,1.807927e-03,1.485479e-01,1.062204e-02,4.470825e-01,1.297725e-02,1.018766e-03,3.539345e-01,4.656188e-04
1.274559e-03,5.812677e-03,5.123607e-03,1.525811e-03,5.348867e-03,9.923418e-03,9.823783e-04,1.601654e-03,2.189746e-01,8.873368e-03,3.992815e-01,1.033313e-02,9.601278e-04,3.295085e-01,4.758674e-04
1.027577e-03,7.444950e-03,5.379632e-03,1.133730e-03,4.357352e-03,8.160848e-03,6.928522e-04,1.153460e-03,3.656467e-01,8.528885e-03,3.190210e-01,8.682350e-03,6.951342e-04,2.652273e-01,2.848269e-03
7.873078e-04,5.341470e-03,3.930770e-03,8.120424e-04,3.237973e-03,6.198891e-03,4.861429e-04,8.190768e-04,5.309607e-01,6.267888e-03,2.416032e-01,6.137168e-03,4.913084e-04,1.899677e-01,2.958291e-03
6.632775e-04,3.769697e-03,3.181605e-03,6.077038e-04,2.369825e-03,4.643972e-03,3.407022e-04,6.030179e-04,6.561326e-01,4.509067e-03,1.802897e-01,4.308549e-03,3.463569e-04,1.357255e-01,2.508531e-03
1.372713e-03,2.697770e-03,7.093584e-03,7.604733e-04,3.369072e-03,3.697595e-03,2.409172e-04,1.069857e-03,7.186863e-01,3.355317e-03,1.564631e-01,3.028311e-03,2.512079e-04,9.540775e-02,2.505995e-03
2.250983e-03,1.995005e-03,6.329529e-03,8.338453e-04,4.246383e-03,2.882464e-03,1.724077e-04,1.717235e-03,7.608064e-01,2.595335e-03,1.424476e-01,2.132561e-03,1.850293e-04,6.756092e-02,3.844338e-03
6.556588e-03,2.201519e-03,1.239912e-02,1.591776e-03,1.257907e-02,2.993512e-03,1.354150e-04,1.596089e-02,7.471653e-01,3.098241e-03,1.372975e-01,1.631131e-03,1.904121e-04,4.872015e-02,7.479382e-03
1.064245e-02,2.487917e-03,1.464402e-02,3.260879e-03,1.420317e-02,3.090518e-03,1.167102e-04,2.704128e-02,7.213418e-01,2.752164e-03,1.561502e-01,1.263230e-03,1.682638e-04,3.656540e-02,6.271991e-03
1.621437e-02,2.157956e-03,1.450365e-02,4.417072e-03,1.329184e-02,5.115318e-03,1.012796e-04,4.804661e-02,6.136511e-01,2.286921e-03,2.455227e-01,9.974630e-04,1.657990e-04,2.863574e-02,4.892118e-03
1.969681e-02,2.184850e-03,1.869407e-02,3.710862e-03,1.044558e-02,5.719186e-03,9.757058e-05,3.993730e-02,4.998624e-01,1.905175e-03,3.598291e-01,8.010322e-04,1.650104e-04,3.278829e-02,4.162727e-03
2.465004e-02,2.189744e-03,1.634033e-02,3.111053e-03,9.888328e-03,5.966444e-03,9.433679e-05,3.031248e-02,4.292687e-01,1.666828e-03,4.279811e-01,6.029985e-04,1.676602e-04,4.382391e-02,3.936062e-03
2.719937e-02,2.275962e-03,1.323778e-02,3.056853e-03,1.547305e-02,6.285968e-03,1.382023e-04,2.426799e-02,4.278256e-01,1.314442e-03,4.193137e-01,5.503799e-04,1.809312e-04,5.570797e-02,3.171822e-03
3.692721e-02,6.046248e-03,1.072819e-02,3.237450e-03,2.373578e-02,6.278422e-03,2.730360e-04,2.420797e-02,3.947343e-01,1.254408e-03,3.664851e-01,6.343580e-04,2.235624e-04,1.226278e-01,2.606164e-03
4.149330e-02,1.202333e-02,9.098141e-03,3.728541e-03,2.932455e-02,7.794826e-03,6.320282e-04,3.047979e-02,4.105517e-01,1.213320e-03,3.071188e-01,7.353493e-04,3.844065e-04,1.430784e-01,2.343514e-03
5.422584e-02,2.732720e-02,7.938342e-03,3.615452e-03,2.759527e-02,1.245155e-02,1.112746e-03,4.145925e-02,4.308560e-01,1.307109e-03,2.425843e-01,1.401133e-03,7.561723e-04,1.442906e-01,3.078975e-03
7.318597e-02,3.444233e-02,8.772319e-03,3.957087e-03,3.072977e-02,1.630618e-02,1.804613e-03,7.938878e-02,4.248500e-01,1.117231e-03,1.929585e-01,2.399147e-03,8.801817e-04,1.259978e-01,3.210026e-03
1.027593e-01,3.672523e-02,1.035325e-02,4.199336e-03,3.824884e-02,1.603268e-02,2.738840e-03,1.458042e-01,3.703809e-01,1.002609e-03,1.420478e-01,3.292801e-03,1.008260e-03,1.221622e-01,3.243719e-03
1.502670e-01,4.805856e-02,1.443146e-02,4.101907e-03,3.196824e-02,1.267749e-02,4.254182e-03,2.090448e-01,2.860590e-01,1.193998e-03,1.026568e-01,3.023086e-03,1.022528e-03,1.278756e-01,3.365318e-03
2.073815e-01,5.824044e-02,1.933401e-02,4.605860e-03,2.552586e-02,1.189694e-02,5.564815e-03,2.239992e-01,2.386880e-01,2.173548e-03,7.638133e-02,3.237769e-03,1.267412e-03,1.171360e-01,4.567339e-03
3.023632e-01,5.132958e-02,3.024373e-02,6.427863e-03,2.225854e-02,1.225563e-02,5.828984e-03,2.020965e-01,1.997330e-01,4.704857e-03,5.610022e-02,6.242135e-03,2.222773e-03,8.999594e-02,8.197118e-03
3.882039e-01,4.231514e-02,3.691956e-02,7.564532e-03,1.901342e-02,1.141747e-02,5.264762e-03,1.869602e-01,1.617829e-01,6.505898e-03,4.203344e-02,9.517141e-03,2.864468e-03,6.768485e-02,1.195233e-02
4.624026e-01,3.261780e-02,5.282819e-02,1.111701e-02,1.797598e-02,1.163926e-02,5.087521e-03,1.537331e-01,1.234936e-01,8.077406e-03,3.246929e-02,1.402487e-02,3.745503e-03,5.364040e-02,1.714752e-02
4.600497e-01,2.744427e-02,6.235920e-02,1.456632e-02,1.797374e-02,1.334134e-02,4.449364e-03,1.415846e-01,1.009700e-01,1.173460e-02,2.943359e-02,2.067924e-02,5.767864e-03,4.601022e-02,4.363594e-02
3.466762e-01,2.242895e-02,5.126473e-02,1.879133e-02,1.366543e-02,1.071210e-02,3.401974e-03,1.035387e-01,1.014654e-01,1.736955e-02,2.566111e-02,1.915609e-02,8.938199e-03,4.435992e-02,2.125703e-01
2.551833e-01,1.773777e-02,3.781305e-02,1.793928e-02,1.013507e-02,8.369186e-03,2.499606e-03,7.459432e-02,1.122218e-01,2.136056e-02,2.230662e-02,1.621172e-02,1.013565e-02,3.885323e-02,3.546388e-01
1.796890e-01,1.545181e-02,2.785390e-02,4.615416e-02,7.399324e-03,5.973371e-03,1.767472e-03,5.238739e-02,1.850313e-01,1.785085e-02,1.735846e-02,1.223912e-02,8.182101e-03,2.853365e-02,3.941281e-01
1.263460e-01,1.137230e-02,2.078168e-02,3.390299e-02,5.248599e-03,4.288535e-03,1.258069e-03,3.685395e-02,1.525570e-01,4.353648e-02,1.273561e-02,8.883892e-03,6.031255e-03,2.567695e-02,5.105267e-01
9.439058e-02,1.026335e-02,1.615519e-02,3.196547e-02,3.986490e-03,3.230826e-03,9.539230e-04,2.679904e-02,1.973640e-01,4.414504e-02,1.247343e-02,6.972098e-03,5.756513e-03,2.704363e-02,5.185004e-01
7.110123e-02,9.016171e-03,1.395540e-02,2.994952e-02,3.161733e-03,2.519423e-03,7.888032e-04,1.945143e-02,1.756563e-01,5.842782e-02,1.071689e-02,5.588708e-03,4.453408e-03,4.864335e-02,5.465698e-01
8.766200e-02,8.662774e-03,1.266477e-02,2.202701e-02,3.386608e-03,2.097057e-03,6.304623e-04,1.434342e-02,1.660112e-01,1.093248e-01,1.301736e-02,5.070850e-03,6.360261e-03,6.489012e-02,4.838513e-01
6.727659e-02,1.015150e-02,1.009638e-02,2.025028e-02,2.623288e-03,1.800382e-03,4.970928e-04,1.019441e-02,2.523675e-01,9.280122e-02,1.025097e-02,4.103765e-03,5.509465e-03,4.952516e-02,4.625520e-01
5.228919e-02,1.089607e-02,9.442453e-03,1.683573e-02,1.990001e-03,1.737150e-03,4.522670e-04,7.223437e-03,2.402434e-01,7.877523e-02,9.087648e-03,4.157919e-03,5.528579e-03,8.291209e-02,4.784288e-01
7.776015e-02,1.383892e-02,7.578929e-03,1.368017e-02,1.847852e-03,1.773419e-03,4.309810e-04,5.372749e-03,2.059850e-01,6.286431e-02,1.488919e-02,4.589207e-03,8.451457e-03,9.866984e-02,4.822679e-01
6.391522e-02,1.166840e-02,5.859077e-03,9.776725e-03,1.395461e-03,1.502494e-03,3.337165e-04,3.807269e-03,1.590011e-01,5.004309e-02,1.212336e-02,3.737558e-03,6.368066e-03,1.612335e-01,5.092350e-01
4.848120e-02,9.635027e-03,4.483917e-03,7.125135e-03,1.124284e-03,1.299110e-03,2.463487e-04,2.696279e-03,1.203161e-01,4.138241e-02,9.991567e-03,3.167752e-03,5.185169e-03,1.659569e-01,5.789088e-01
3.461844e-02,7.336225e-03,3.370809e-03,5.052698e-03,8.213756e-04,1.067809e-03,1.773624e-04,1.897282e-03,8.838756e-02,4.158841e-02,7.908511e-03,2.672594e-03,3.945583e-03,1.646799e-01,6.364754e-01
3.062842e-02,5.313918e-03,2.644445e-03,3.648570e-03,1.091324e-03,8.539838e-04,1.493607e-04,1.342084e-03,6.536765e-02,3.659253e-02,7.309467e-03,2.309700e-03,3.777037e-03,2.690282e-01,5.699433e-01
2.513809e-02,3.878477e-03,2.194180e-03,2.656663e-03,1.139306e-03,7.075918e-04,1.427750e-04,9.752503e-04,5.041568e-02,3.889597e-02,6.494999e-03,2.057253e-03,3.216860e-03,3.309208e-01,5.311661e-01
1.829668e-02,2.868769e-03,1.826595e-03,1.902829e-03,8.763064e-04,5.671251e-04,1.128615e-04,6.964293e-04,3.786416e-02,4.686682e-02,5.769966e-03,1.677805e-03,2.382785e-03,4.219217e-01,4.563692e-01
1.568125e-02,2.496078e-03,1.805564e-03,1.429233e-03,1.015270e-03,5.504139e-04,1.162548e-04,5.123133e-04,3.274487e-02,4.327941e-02,4.862649e-03,1.369355e-03,2.026814e-03,5.110906e-01,3.810199e-01
1.176685e-02,1.943870e-03,1.558518e-03,1.018321e-03,8.315060e-04,4.837457e-04,1.005183e-04,3.733032e-04,2.485172e-02,5.345124e-02,3.729380e-03,9.906852e-04,1.496126e-03,5.310931e-01,3.663111e-01
1.714432e-02,2.327621e-03,1.626252e-03,7.833206e-04,1.041163e-03,5.683159e-04,9.115974e-05,2.772585e-04,2.173239e-02,4.758203e-02,3.423485e-03,7.490210e-04,1.352253e-03,4.905793e-01,4.107221e-01
1.886288e-02,5.033423e-03,8.302173e-03,3.089862e-03,1.221189e-03,6.999445e-04,1.711277e-04,2.846459e-04,4.166038e-02,3.963150e-02,4.031107e-03,8.380555e-04,1.217140e-03,4.062102e-01,4.687463e-01
2.535002e-02,5.363291e-03,7.436396e-03,2.465204e-03,1.526373e-03,8.020586e-04,2.251758e-04,2.616752e-04,4.753396e-02,3.439432e-02,3.611499e-03,7.359284e-04,9.870348e-04,4.133940e-01,4.559131e-01
2.329467e-02,4.302565e-03,5.468699e-03,1.823550e-03,1.246562e-03,8.533618e-04,1.778930e-04,2.610888e-04,4.383867e-02,4.068701e-02,7.212575e-03,6.884823e-03,2.568391e-03,3.310776e-01,5.303025e-01
1.877614e-02,3.255353e-03,4.287196e-03,1.384169e-03,9.427159e-04,7.191651e-04,1.673962e-04,2.591143e-04,3.525985e-02,1.008416e-01,1.050571e-02,6.275014e-03,2.237586e-03,3.075598e-01,5.075291e-01
1.322698e-02,2.310447e-03,3.196835e-03,9.899207e-04,6.888123e-04,6.023995e-04,1.187518e-04,2.125994e-04,2.674519e-02,2.887618e-01,9.654106e-03,5.092436e-03,2.646902e-03,2.626178e-01,3.831351e-01
9.473488e-03,1.680750e-03,2.332887e-03,7.549067e-04,5.286836e-04,4.974867e-04,8.970901e-05,1.963643e-04,2.067009e-02,3.568206e-01,1.303535e-02,6.007267e-03,6.646428e-03,1.950196e-01,3.862464e-01
6.830068e-03,1.263373e-03,1.819096e-03,5.769850e-04,4.650896e-04,4.222696e-04,6.777974e-05,2.187991e-04,1.539543e-02,3.990679e-01,2.342796e-02,6.759237e-03,1.113145e-02,1.386677e-01,3.938869e-01
5.044308e-03,1.022667e-03,1.349566e-03,4.872727e-04,7.104420e-04,3.864962e-04,6.602940e-05,2.055270e-04,1.336773e-02,4.566945e-01,2.659421e-02,5.538954e-03,1.341185e-02,1.017742e-01,3.733463e-01
3.685783e-03,7.355498e-04,9.760062e-04,4.078313e-04,7.033058e-04,3.506539e-04,5.797078e-05,2.544669e-04,1.181642e-02,4.569444e-01,4.621200e-02,4.699348e-03,1.484246e-02,7.606079e-02,3.822531e-01
2.731397e-03,5.570937e-04,7.242640e-04,3.753832e-04,1.115450e-03,3.568983e-04,6.111039e-05,2.164137e-04,1.025948e-02,4.161327e-01,4.433130e-02,6.502598e-03,1.519435e-02,5.819346e-02,4.432482e-01
2.059130e-03,4.155656e-04,5.996918e-04,4.253568e-04,3.808888e-03,4.544851e-04,3.207672e-04,6.137795e-04,1.139322e-02,3.080444e-01,4.691259e-02,8.520611e-03,1.618391e-02,4.419946e-02,5.560482e-01
1.773332e-03,4.205984e-04,1.155277e-03,1.188096e-03,8.252455e-03,7.486120e-04,4.887836e-04,7.783850e-04,2.248064e-02,2.833282e-01,4.883366e-02,1.338050e-02,2.591692e-02,3.807207e-02,5.531824e-01
2.167067e-03,7.222445e-04,1.880238e-03,2.150667e-03,1.042489e-02,1.367982e-03,6.363826e-04,1.481335e-03,7.693487e-02,2.651724e-01,5.586706e-02,2.060119e-02,4.524574e-02,4.487301e-02,4.704749e-01
1.902936e-03,9.290538e-04,2.151854e-03,1.912803e-03,1.438493e-02,1.228668e-03,6.010457e-04,1.830410e-03,1.726302e-01,2.463385e-01,4.616842e-02,2.456524e-02,4.924537e-02,4.267549e-02,3.934351e-01
1.845779e-03,1.811896e-03,5.158089e-03,1.711850e-03,1.998639e-02,1.232510e-03,5.386237e-04,1.627565e-03,2.552461e-01,2.369427e-01,3.886728e-02,2.389294e-02,7.433099e-02,4.097852e-02,2.958287e-01
2.379625e-03,1.984725e-03,6.389406e-03,2.745079e-03,2.009019e-02,2.251883e-03,5.027641e-04,2.224638e-03,3.350450e-01,1.910223e-01,4.368274e-02,3.271956e-02,9.426054e-02,4.535797e-02,2.193435e-01
3.106926e-03,1.863749e-03,5.861507e-03,2.344121e-03,1.676508e-02,1.857470e-03,3.913530e-04,2.179836e-03,4.577406e-01,1.415473e-01,3.942664e-02,2.701906e-02,9.598637e-02,3.753252e-02,1.663774e-01
4.006125e-03,5.273549e-03,1.282981e-02,1.905530e-03,1.547679e-02,1.729998e-03,2.993268e-04,2.199306e-03,5.768609e-01,1.003377e-01,3.122562e-02,2.037792e-02,7.164580e-02,3.350819e-02,1.223234e-01
7.447235e-03,1.773839e-02,1.382494e-02,1.746708e-03,1.679149e-02,4.375543e-03,3.606811e-04,2.554616e-03,6.362650e-01,7.141566e-02,2.577799e-02,2.328764e-02,5.344271e-02,3.479678e-02,9.017458e-02
1.311864e-02,3.324956e-02,2.588472e-02,3.329377e-03,2.127365e-02,6.522962e-03,3.880539e-04,3.994504e-03,6.240404e-01,5.241372e-02,2.200813e-02,2.012493e-02,4.033581e-02,4.661708e-02,8.669849e-02
1.874734e-02,2.871594e-02,2.181156e-02,6.810874e-03,2.851465e-02,6.251376e-03,4.099892e-04,7.514006e-03,6.549011e-01,4.160376e-02,1.985195e-02,1.671005e-02,3.343794e-02,4.588313e-02,6.883632e-02
1.908759e-02,2.364831e-02,2.013095e-02,1.181043e-02,4.101185e-02,5.079022e-03,3.884297e-04,1.013075e-02,6.684523e-01,3.551789e-02,2.192073e-02,1.500892e-02,2.910569e-02,4.565730e-02,5.304983e-02
3.362759e-02,2.417206e-02,3.326729e-02,1.237628e-02,1.110694e-01,5.280547e-03,6.477816e-04,1.798283e-02,5.651717e-01,3.001094e-02,2.740255e-02,1.805889e-02,3.517044e-02,4.172400e-02,4.403764e-02
3.552224e-02,2.012372e-02,4.075024e-02,1.069053e-02,2.869234e-01,7.330236e-03,3.031564e-03,1.466327e-02,4.226767e-01,2.200230e-02,2.456794e-02,1.484915e-02,3.076708e-02,3.416983e-02,3.193180e-02
3.932267e-02,1.986201e-02,4.494202e-02,8.937903e-03,4.014849e-01,9.689643e-03,5.391731e-03,1.382909e-02,3.309186e-01,1.662415e-02,1.943846e-02,1.151015e-02,2.389834e-02,2.962670e-02,2.452354e-02
5.046697e-02,2.590966e-02,5.344349e-02,6.992522e-02,3.939944e-01,1.125355e-02,6.664743e-03,4.294886e-02,2.486974e-01,1.318562e-02,1.549722e-02,9.834287e-03,1.777307e-02,2.154964e-02,1.885578e-02
8.948870e-02,2.904395e-02,7.067788e-02,7.935241e-02,3.850567e-01,1.133946e-02,6.732019e-03,4.217404e-02,2.010424e-01,1.117032e-02,1.412726e-02,1.016223e-02,1.415197e-02,1.815925e-02,1.732136e-02
1.170118e-01,2.683274e-02,7.379435e-02,7.428629e-02,4.055943e-01,3.457339e-02,8.212110e-03,3.444329e-02,1.559674e-01,8.274440e-03,1.337228e-02,9.104897e-03,1.241930e-02,1.358172e-02,1.253158e-02
1.435024e-01,2.763416e-02,5.825819e-02,6.191353e-02,4.193088e-01,3.955560e-02,1.799504e-02,2.773088e-02,1.363744e-01,6.214405e-03,1.459903e-02,1.044919e-02,1.531635e-02,1.059841e-02,1.054953e-02
