1.000000e+00,0.000000e+00,0.000000e+00,0.000000e+00,0.000000e+00,0.000000e+00,0.000000e+00,0.000000e+00,0.000000e+00,0.000000e+00,0.000000e+00,0.000000e+00,0.000000e+00,0.000000e+00,0.000000e+00
1.000000e+00,0.000000e+00,0.000000e+00,0.000000e+00,0.000000e+00,0.000000e+00,0.000000e+00,0.000000e+00,0.000000e+00,0.000000e+00,0.000000e+00,0.000000e+00,0.000000e+00,0.000000e+00,0.000000e+00
1.000000e+00,0.000000e+00,0.000000e+00,0.000000e+00,0.000000e+00,0.000000e+00,0.000000e+00,0.000000e+00,0.000000e+00,0.000000e+00,0.000000e+00,0.000000e+00,0.000000e+00,0.000000e+00,0.000000e+00
1.000000e+00,0.000000e+00,0.000000e+00,0.000000e+00,0.000000e+00,0.000000e+00,0.000000e+00,0.000000e+00,0.000000e+00,0.000000e+00,0.000000e+00,0.000000e+00,0.000000e+00,0.000000e+00,0.000000e+00
1.000000e+00,0.000000e+00,0.000000e+00,0.000000e+00,0.000000e+00,0.000000e+00,0.000000e+00,0.000000e+00,0.000000e+00,0.000000e+00,0.000000e+00,0.000000e+00,0.000000e+00,0.000000e+00,0.000000e+00
1.000000e+00,0.000000e+00,0.000000e+00,0.000000e+00,0.000000e+00,0.000000e+00,0.000000e+00,0.000000e+00,0.000000e+00,0.000000e+00,0.000000e+00,0.000000e+00,0.000000e+00,0.000000e+00,0.000000e+00
1.000000e+00,0.000000e+00,0.000000e+00,0.000000e+00,0.000000e+00,0.000000e+00,0.000000e+00,0.000000e+00,0.000000e+00,0.000000e+00,0.000000e+00,0.000000e+00,0.000000e+00,0.000000e+00,0.000000e+00
1.000000e+00,0.000000e+00,0.000000e+00,0.000000e+00,0.000000e+00,0.000000e+00,0.000000e+00,0.000000e+00,0.000000e+00,0.000000e+00,0.000000e+00,0.000000e+00,0.000000e+00,0.000000e+00,0.000000e+00
1.000000e+00,0.000000e+00,0.000000e+00,0.000000e+00,0.000000e+00,0.000000e+00,0.000000e+00,0.000000e+00,0.000000e+00,0.000000e+00,0.000000e+00,0.000000e+00,0.000000e+00,0.000000e+00,0.000000e+00
1.000000e+00,0.000000e+00,0.000000e+00,0.000000e+00,0.000000e+00,0.000000e+00,0.000000e+00,0.000000e+00,0.000000e+00,0.000000e+00,0.000000e+00,0.000000e+00,0.000000e+00,0.000000e+00,0.000000e+00
1.000000e+00,0.000000e+00,0.000000e+00,0.000000e+00,0.000000e+00,0.000000e+00,0.000000e+00,0.000000e+00,0.000000e+00,0.000000e+00,0.000000e+00,0.000000e+00,0.000000e+00,0.000000e+00,0.000000e+00
1.000000e+00,0.000000e+00,0.000000e+00,0.000000e+00,0.000000e+00,0.000000e+00,0.000000e+00,0.000000e+00,0.000000e+00,0.000000e+00,0.000000e+00,0.000000e+00,0.000000e+00,0.000000e+00,0.000000e+00
1.000000e+00,0.000000e+00,0.000000e+00,0.000000e+00,0.000000e+00,0.000000e+00,0.000000e+00,0.000000e+00,0.000000e+00,0.000000e+00,0.000000e+00,0.000000e+00,0.000000e+00,0.000000e+00,0.000000e+00
1.000000e+00,0.000000e+00,0.000000e+00,0.000000e+00,0.000000e+00,0.000000e+00,0.000000e+00,0.000000e+00,0.000000e+00,0.000000e+00,0.000000e+00,0.000000e+00,0.000000e+00,0.000000e+00,0.000000e+00
1.000000e+00,0.000000e+00,0.000000e+00,0.000000e+00,0.000000e+00,0.000000e+00,0.000000e+00,0.000000e+00,0.000000e+00,0.000000e+00,0.000000e+00,0.000000e+00,0.000000e+00,0.000000e+00,0.000000e+00
1.000000e+00,0.000000e+00,0.000000e+00,0.000000e+00,0.000000e+00,0.000000e+00,0.000000e+00,0.000000e+00,0.000000e+00,0.000000e+00,0.000000e+00,0.000000e+00,0.000000e+00,0.000000e+00,0.000000e+00
1.000000e+00,0.000000e+00,0.000000e+00,0.000000e+00,0.000000e+00,0.000000e+00,0.000000e+00,0.000000e+00,0.000000e+00,0.000000e+00,0.000000e+00,0.000000e+00,0.000000e+00,0.000000e+00,0.000000e+00
1.000000e+00,0.000000e+00,0.000000e+00,0.000000e+00,0.000000e+00,0.000000e+00,0.000000e+00,0.000000e+00,0.000000e+00,0.000000e+00,0.000000e+00,0.000000e+00,0.000000e+00,0.000000e+00,0.000000e+00
1.000000e+00,0.000000e+00,0.000000e+00,0.000000e+00,0.000000e+00,0.000000e+00,0.000000e+00,0.000000e+00,0.000000e+00,0.000000e+00,0.000000e+00,0.000000e+00,0.000000e+00,0.000000e+00,0.000000e+00
1.000000e+00,0.000000e+00,0.000000e+00,0.000000e+00,0.000000e+00,0.000000e+00,0.000000e+00,0.000000e+00,0.000000e+00,0.000000e+00,0.000000e+00,0.000000e+00,0.000000e+00,0.000000e+00,0.000000e+00
1.000000e+00,0.000000e+00,0.000000e+00,0.000000e+00,0.000000e+00,0.000000e+00,0.000000e+00,0.000000e+00,0.000000e+00,0.000000e+00,0.000000e+00,0.000000e+00,0.000000e+00,0.000000e+00,0.000000e+00
1.000000e+00,0.000000e+00,0.000000e+00,0.000000e+00,0.000000e+00,0.000000e+00,0.000000e+00,0.000000e+00,0.000000e+00,0.000000e+00,0.000000e+00,0.000000e+00,0.000000e+00,0.000000e+00,0.000000e+00
1.000000e+00,0.000000e+00,0.000000e+00,0.000000e+00,0.000000e+00,0.000000e+00,0.000000e+00,0.000000e+00,0.000000e+00,0.000000e+00,0.000000e+00,0.000000e+00,0.000000e+00,0.000000e+00,0.000000e+00
1.000000e+00,0.000000e+00,0.000000e+00,0.000000e+00,0.000000e+00,0.000000e+00,0.000000e+00,0.000000e+00,0.000000e+00,0.000000e+00,0.000000e+00,0.000000e+00,0.000000e+00,0.000000e+00,0.000000e+00
1.000000e+00,0.000000e+00,0.000000e+00,0.000000e+00,0.000000e+00,0.000000e+00,0.000000e+00,0.000000e+00,0.000000e+00,0.000000e+00,0.000000e+00,0.000000e+00,0.000000e+00,0.000000e+00,0.000000e+00
1.000000e+00,0.000000e+00,0.000000e+00,0.000000e+00,0.000000e+00,0.000000e+00,0.000000e+00,0.000000e+00,0.000000e+00,0.000000e+00,0.000000e+00,0.000000e+00,0.000000e+00,0.000000e+00,0.000000e+00
1.000000e+00,0.000000e+00,0.000000e+00,0.000000e+00,0.000000e+00,0.000000e+00,0.000000e+00,0.000000e+00,0.000000e+00,0.000000e+00,0.000000e+00,0.000000e+00,0.000000e+00,0.000000e+00,0.000000e+00
1.000000e+00,0.000000e+00,0.000000e+00,0.000000e+00,0.000000e+00,0.000000e+00,0.000000e+00,0.000000e+00,0.000000e+00,0.000000e+00,0.000000e+00,0.000000e+00,0.000000e+00,0.000000e+00,0.000000e+00
1.000000e+00,0.000000e+00,0.000000e+00,0.000000e+00,0.000000e+00,0.000000e+00,0.000000e+00,0.000000e+00,0.000000e+00,0.000000e+00,0.000000e+00,0.000000e+00,0.000000e+00,0.000000e+00,0.000000e+00
1.000000e+00,0.000000e+00,0.000000e+00,0.000000e+00,0.000000e+00,0.000000e+00,0.000000e+00,0.000000e+00,0.000000e+00,0.000000e+00,0.000000e+00,0.000000e+00,0.000000e+00,0.000000e+00,0.000000e+00
1.000000e+00,0.000000e+00,0.000000e+00,0.000000e+00,0.000000e+00,0.000000e+00,0.000000e+00,0.000000e+00,0.000000e+00,0.000000e+00,0.000000e+00,0.000000e+00,0.000000e+00,0.000000e+00,0.000000e+00
1.000000e+00,0.000000e+00,0.000000e+00,0.000000e+00,0.000000e+00,0.000000e+00,0.000000e+00,0.000000e+00,0.000000e+00,0.000000e+00,0.000000e+00,0.000000e+00,0.000000e+00,0.000000e+00,0.000000e+00
1.000000e+00,0.000000e+00,0.000000e+00,0.000000e+00,0.000000e+00,0.000000e+00,0.000000e+00,0.000000e+00,0.000000e+00,0.000000e+00,0.000000e+00,0.000000e+00,0.000000e+00,0.000000e+00,0.000000e+00
1.000000e+00,0.000000e+00,0.000000e+00,0.000000e+00,0.000000e+00,0.000000e+00,0.000000e+00,0.000000e+00,0.000000e+00,0.000000e+00,0.000000e+00,0.000000e+00,0.000000e+00,0.000000e+00,0.000000e+00
1.000000e+00,0.000000e+00,0.000000e+00,0.000000e+00,0.000000e+00,0.000000e+00,0.000000e+00,0.000000e+00,0.000000e+00,0.000000e+00,0.000000e+00,0.000000e+00,0.000000e+00,0.000000e+00,0.000000e+00
1.000000e+00,0.000000e+00,0.000000e+00,0.000000e+00,0.000000e+00,0.000000e+00,0.000000e+00,0.000000e+00,0.000000e+00,0.000000e+00,0.000000e+00,0.000000e+00,0.000000e+00,0.000000e+00,0.000000e+00
1.000000e+00,0.000000e+00,0.000000e+00,0.000000e+00,0.000000e+00,0.000000e+00,0.000000e+00,0.000000e+00,0.000000e+00,0.000000e+00,0.000000e+00,0.000000e+00,0.000000e+00,0.000000e+00,0.000000e+00
1.000000e+00,0.000000e+00,0.000000e+00,0.000000e+00,0.000000e+00,0.000000e+00,0.000000e+00,0.000000e+00,0.000000e+00,0.000000e+00,0.000000e+00,0.000000e+00,0.000000e+00,0.000000e+00,0.000000e+00
1.000000e+00,0.000000e+00,0.000000e+00,0.000000e+00,0.000000e+00,0.000000e+00,0.000000e+00,0.000000e+00,0.000000e+00,0.000000e+00,0.000000e+00,0.000000e+00,0.000000e+00,0.000000e+00,0.000000e+00
1.000000e+00,0.000000e+00,0.000000e+00,0.000000e+00,0.000000e+00,0.000000e+00,0.000000e+00,0.000000e+00,0.000000e+00,0.000000e+00,0.000000e+00,0.000000e+00,0.000000e+00,0.000000e+00,0.000000e+00
1.000000e+00,0.000000e+00,0.000000e+00,0.000000e+00,0.000000e+00,0.000000e+00,0.000000e+00,0.000000e+00,0.000000e+00,0.000000e+00,0.000000e+00,0.000000e+00,0.000000e+00,0.000000e+00,0.000000e+00
1.000000e+00,0.000000e+00,0.000000e+00,0.000000e+00,0.000000e+00,0.000000e+00,0.000000e+00,0.000000e+00,0.000000e+00,0.000000e+00,0.000000e+00,0.000000e+00,0.000000e+00,0.000000e+00,0.000000e+00
1.000000e+00,0.000000e+00,0.000000e+00,0.000000e+00,0.000000e+00,0.000000e+00,0.000000e+00,0.000000e+00,0.000000e+00,0.000000e+00,0.000000e+00,0.000000e+00,0.000000e+00,0.000000e+00,0.000000e+00
1.000000e+00,0.000000e+00,0.000000e+00,0.000000e+00,0.000000e+00,0.000000e+00,0.000000e+00,0.000000e+00,0.000000e+00,0.000000e+00,0.000000e+00,0.000000e+00,0.000000e+00,0.000000e+00,0.000000e+00
1.000000e+00,0.000000e+00,0.000000e+00,0.000000e+00,0.000000e+00,0.000000e+00,0.000000e+00,0.000000e+00,0.000000e+00,0.000000e+00,0.000000e+00,0.000000e+00,0.000000e+00,0.000000e+00,0.000000e+00
1.000000e+00,0.000000e+00,0.000000e+00,0.000000e+00,0.000000e+00,0.000000e+00,0.000000e+00,0.000000e+00,0.000000e+00,0.000000e+00,0.000000e+00,0.000000e+00,0.000000e+00,0.000000e+00,0.000000e+00
1.000000e+00,0.000000e+00,0.000000e+00,0.000000e+00,0.000000e+00,0.000000e+00,0.000000e+00,0.000000e+00,0.000000e+00,0.000000e+00,0.000000e+00,0.000000e+00,0.000000e+00,0.000000e+00,0.000000e+00
1.000000e+00,0.000000e+00,0.000000e+00,0.000000e+00,0.000000e+00,0.000000e+00,0.000000e+00,0.000000e+00,0.000000e+00,0.000000e+00,0.000000e+00,0.000000e+00,0.000000e+00,0.000000e+00,0.000000e+00
1.000000e+00,0.000000e+00,0.000000e+00,0.000000e+00,0.000000e+00,0.000000e+00,0.000000e+00,0.000000e+00,0.000000e+00,0.000000e+00,0.000000e+00,0.000000e+00,0.000000e+00,0.000000e+00,0.000000e+00
1.000000e+00,0.000000e+00,0.000000e+00,0.000000e+00,0.000000e+00,0.000000e+00,0.000000e+00,0.000000e+00,0.000000e+00,0.000000e+00,0.000000e+00,0.000000e+00,0.000000e+00,0.000000e+00,0.000000e+00
1.000000e+00,0.000000e+00,0.000000e+00,0.000000e+00,0.000000e+00,0.000000e+00,0.000000e+00,0.000000e+00,0.000000e+00,0.000000e+00,0.000000e+00,0.000000e+00,0.000000e+00,0.000000e+00,0.000000e+00
1.000000e+00,0.000000e+00,0.000000e+00,0.000000e+00,0.000000e+00,0.000000e+00,0.000000e+00,0.000000e+00,0.000000e+00,0.000000e+00,0.000000e+00,0.000000e+00,0.000000e+00,0.000000e+00,0.000000e+00
1.000000e+00,0.000000e+00,0.000000e+00,0.000000e+00,0.000000e+00,0.000000e+00,0.000000e+00,0.000000e+00,0.000000e+00,0.000000e+00,0.000000e+00,0.000000e+00,0.000000e+00,0.000000e+00,0.000000e+00
1.000000e+00,0.000000e+00,0.000000e+00,0.000000e+00,0.000000e+00,0.000000e+00,0.000000e+00,0.000000e+00,0.000000e+00,0.000000e+00,0.000000e+00,0.000000e+00,0.000000e+00,0.000000e+00,0.000000e+00
1.000000e+00,0.000000e+00,0.000000e+00,0.000000e+00,0.000000e+00,0.000000e+00,0.000000e+00,0.000000e+00,0.000000e+00,0.000000e+00,0.000000e+00,0.000000e+00,0.000000e+00,0.000000e+00,0.000000e+00
1.000000e+00,0.000000e+00,0.000000e+00,0.000000e+00,0.000000e+00,0.000000e+00,0.000000e+00,0.000000e+00,0.000000e+00,0.000000e+00,0.000000e+00,0.000000e+00,0.000000e+00,0.000000e+00,0.000000e+00
3.564603e-01,8.524770e-03,9.568010e-03,2.154706e-02,2.853245e-03,8.322000e-03,3.257338e-03,5.520480e-01,2.646293e-03,1.012468e-03,6.281514e-03,9.303532e-03,7.763804e-03,1.722403e-03,8.689339e-03
2.496417e-01,5.984622e-03,6.846698e-03,1.514147e-02,2.041617e-03,5.891384e-03,2.441837e-03,6.857491e-01,1.853684e-03,7.099125e-04,4.413541e-03,6.517878e-03,5.448809e-03,1.228835e-03,6.088944e-03
1.751121e-01,4.223221e-03,4.947995e-03,1.070411e-02,1.507589e-03,4.230513e-03,1.884083e-03,7.788511e-01,1.302540e-03,4.992155e-04,3.129866e-03,4.574985e-03,3.834814e-03,9.292671e-04,4.268696e-03
1.229976e-01,3.308527e-03,3.547619e-03,7.949418e-03,1.888582e-03,3.090421e-03,1.443140e-03,7.602373e-01,2.646458e-03,1.215939e-03,2.067744e-02,1.846160e-02,4.319090e-02,6.052051e-03,3.293067e-03
8.614021e-02,2.339291e-03,2.485487e-03,6.096954e-03,1.968528e-03,2.211279e-03,1.077052e-03,5.629454e-01,2.776638e-03,9.460102e-04,2.478664e-02,9.350546e-02,2.051131e-01,4.972975e-03,2.634958e-03
6.032414e-02,1.666853e-03,1.750057e-03,5.085162e-03,2.284239e-03,1.708490e-03,8.584896e-04,4.118300e-01,3.327527e-03,8.171120e-04,2.306296e-02,9.332181e-02,3.829623e-01,4.537075e-03,6.463910e-03
4.230341e-02,1.981078e-03,1.478892e-03,5.323434e-03,3.194221e-03,1.537372e-03,6.928902e-04,2.895219e-01,5.140829e-02,1.357842e-03,2.195803e-02,9.838838e-02,4.566880e-01,5.903379e-03,1.826287e-02
2.964627e-02,2.073666e-03,1.294676e-03,5.104444e-03,6.628907e-03,1.151396e-03,6.087691e-04,2.029245e-01,9.334582e-02,1.162779e-03,2.425766e-02,9.330685e-02,5.141717e-01,7.136700e-03,1.718592e-02
2.080509e-02,3.460792e-03,1.272315e-03,2.240907e-02,1.365513e-02,9.810940e-04,4.996143e-04,1.422556e-01,3.126414e-01,8.567100e-04,2.156505e-02,6.695886e-02,3.740414e-01,5.699839e-03,1.289815e-02
1.484789e-02,2.648554e-03,1.515515e-03,2.122936e-02,1.658057e-02,2.714923e-03,6.078806e-04,1.013320e-01,2.353825e-01,7.843105e-04,6.007317e-02,5.798704e-02,4.631890e-01,4.792120e-03,1.631513e-02
1.078245e-02,2.169290e-03,2.229312e-03,2.093241e-02,2.136238e-02,2.823306e-03,7.748621e-04,7.574932e-02,1.786856e-01,1.172431e-03,9.370421e-02,5.156979e-02,5.037159e-01,5.247616e-03,2.908124e-02
8.221656e-03,1.564313e-03,1.979409e-03,1.556205e-02,2.970921e-02,2.595430e-03,6.745830e-04,5.801616e-02,1.287583e-01,1.195152e-03,1.309187e-01,4.724206e-02,5.437663e-01,4.127067e-03,2.566962e-02
6.778752e-03,1.185212e-03,2.113054e-03,1.208072e-02,5.100787e-02,2.566009e-03,7.597300e-04,4.786018e-02,9.470630e-02,1.355568e-03,1.755755e-01,5.505951e-02,5.227034e-01,3.253610e-03,2.299470e-02
5.375654e-03,1.011443e-03,3.062703e-03,8.944080e-03,5.806337e-02,2.145582e-03,9.715079e-04,4.390171e-02,7.118227e-02,1.366548e-03,1.413212e-01,4.184843e-02,5.888811e-01,2.714866e-03,2.920962e-02
5.102943e-03,1.449517e-03,5.952808e-03,7.094419e-03,6.399857e-02,1.819922e-03,9.802411e-04,3.974572e-02,6.321578e-02,1.269358e-03,1.031683e-01,3.321621e-02,5.876642e-01,2.268190e-03,8.305380e-02
8.033352e-03,2.572904e-03,5.597321e-03,5.672297e-03,1.090773e-01,2.366146e-03,2.250922e-03,4.275903e-02,6.135928e-02,1.019742e-03,7.663447e-02,3.136370e-02,5.462825e-01,1.647100e-03,1.033640e-01
1.395105e-02,3.489444e-03,2.942481e-02,7.621488e-03,1.270857e-01,7.040760e-03,7.956594e-03,8.585720e-02,6.371011e-02,1.039589e-03,5.539142e-02,3.296194e-02,4.706578e-01,1.527392e-03,9.228473e-02
1.609267e-02,5.316083e-03,2.769911e-02,6.278719e-03,1.157531e-01,1.833526e-02,1.004405e-02,8.022501e-02,6.619326e-02,8.178825e-04,3.934787e-02,3.529654e-02,5.040276e-01,1.246126e-03,7.332675e-02
2.323928e-02,5.003041e-03,2.494204e-02,6.254207e-03,9.929895e-02,1.831620e-02,8.032471e-03,6.610388e-02,5.791585e-02,6.956031e-04,2.771150e-02,4.024231e-02,5.633729e-01,9.878648e-04,5.788394e-02
2.406827e-02,5.862842e-03,2.992468e-02,3.262537e-02,8.255731e-02,1.649815e-02,6.089562e-03,7.039580e-02,1.881051e-01,1.452522e-03,2.009585e-02,3.180667e-02,4.475425e-01,7.883037e-04,4.218715e-02
3.612057e-02,8.235646e-03,7.265083e-02,4.958581e-02,6.401522e-02,1.638452e-02,4.674369e-03,7.136258e-02,2.047768e-01,5.408211e-03,1.660320e-02,2.424890e-02,3.895557e-01,7.991223e-04,3.557856e-02
4.432325e-02,1.101960e-02,1.115862e-01,6.320124e-02,5.244947e-02,1.652910e-02,4.214910e-03,6.500228e-02,1.884322e-01,7.047895e-03,1.379157e-02,2.074007e-02,3.720314e-01,1.204676e-03,2.842623e-02
6.541236e-02,1.291901e-02,1.250536e-01,6.457549e-02,5.680072e-02,1.920284e-02,5.425210e-03,5.843883e-02,1.701620e-01,7.118451e-03,1.184567e-02,2.215401e-02,3.490348e-01,2.166738e-03,2.969032e-02
1.168202e-01,1.994757e-02,1.023805e-01,5.594083e-02,4.969622e-02,1.695293e-02,4.683204e-03,4.278342e-02,1.401849e-01,6.267734e-03,9.543606e-03,1.773546e-02,3.764116e-01,3.738913e-03,3.691287e-02
1.764024e-01,2.962306e-02,8.446491e-02,7.790998e-02,4.419667e-02,1.763958e-02,6.141018e-03,3.614850e-02,1.101590e-01,5.250724e-03,7.973871e-03,1.664283e-02,3.459117e-01,4.296317e-03,3.723939e-02
2.119247e-01,3.236014e-02,6.443524e-02,7.515606e-02,4.779254e-02,1.785822e-02,7.592545e-03,3.134101e-02,8.940957e-02,4.072707e-03,6.781257e-03,1.379204e-02,3.604922e-01,4.321245e-03,3.267049e-02
2.483580e-01,2.677063e-02,4.727462e-02,6.163222e-02,5.207470e-02,3.303817e-02,7.440696e-03,2.493807e-02,8.026908e-02,3.512014e-03,7.688167e-03,1.287439e-02,3.642167e-01,5.094286e-03,2.481816e-02
2.699942e-01,2.335623e-02,3.438117e-02,4.743733e-02,4.220923e-02,4.686704e-02,6.197814e-03,1.890300e-02,7.293874e-02,2.694029e-03,7.953586e-03,1.436075e-02,3.881156e-01,5.187334e-03,1.940388e-02
3.107933e-01,3.910375e-02,2.866725e-02,9.514023e-02,4.773154e-02,4.073379e-02,5.535454e-03,1.846563e-02,6.091571e-02,2.429725e-03,8.757958e-03,1.427189e-02,3.035702e-01,4.457702e-03,1.942588e-02
2.855995e-01,3.316358e-02,6.909444e-02,1.976213e-01,4.732164e-02,3.064380e-02,4.689542e-03,2.029392e-02,4.688445e-02,2.933587e-03,8.652115e-03,1.167851e-02,2.226136e-01,3.354883e-03,1.545514e-02
2.399850e-01,2.714774e-02,1.100077e-01,2.377114e-01,5.637747e-02,2.405406e-02,4.319435e-03,7.010054e-02,3.658378e-02,2.320747e-03,7.345651e-03,8.369046e-03,1.622213e-01,2.458638e-03,1.099753e-02
1.978308e-01,2.287248e-02,8.520037e-02,1.811664e-01,4.584941e-02,1.777018e-02,3.866519e-03,2.789191e-01,2.728926e-02,2.055181e-03,6.942344e-03,6.104923e-03,1.141696e-01,1.876489e-03,8.086852e-03
1.580346e-01,1.886538e-02,6.924009e-02,1.481089e-01,3.521700e-02,1.324178e-02,3.596980e-03,4.311118e-01,2.112474e-02,1.897910e-03,6.214861e-03,4.539604e-03,8.036783e-02,1.703300e-03,6.735212e-03
1.452259e-01,2.197149e-02,6.767026e-02,1.344264e-01,2.631894e-02,1.160021e-02,2.865866e-03,4.362154e-01,4.745759e-02,1.094624e-02,1.448077e-02,6.923026e-03,5.950273e-02,2.486617e-03,1.190859e-02
2.182735e-01,1.766647e-02,5.243469e-02,1.019551e-01,2.104880e-02,1.047369e-02,2.303065e-03,4.312188e-01,4.290120e-02,9.077699e-03,2.054687e-02,7.626278e-03,4.791668e-02,3.836594e-03,1.272065e-02
3.082495e-01,1.829755e-02,4.547233e-02,9.470855e-02,1.773501e-02,1.193330e-02,2.149191e-03,3.564343e-01,3.765738e-02,7.314931e-03,2.688839e-02,1.353904e-02,3.767811e-02,7.275450e-03,1.466697e-02
3.332120e-01,2.099865e-02,4.684648e-02,1.420006e-01,1.775590e-02,1.146149e-02,2.164030e-03,2.690185e-01,3.879812e-02,6.246964e-03,3.029456e-02,2.631043e-02,3.492143e-02,6.975522e-03,1.299532e-02
3.955902e-01,2.292865e-02,6.099816e-02,1.202549e-01,1.680595e-02,1.103272e-02,2.240764e-03,2.030518e-01,3.457271e-02,5.393578e-03,3.755907e-02,2.585369e-02,4.330021e-02,7.506780e-03,1.291092e-02
4.423507e-01,2.173050e-02,5.791069e-02,9.213866e-02,1.491977e-02,9.533403e-03,2.109493e-03,1.495782e-01,3.280271e-02,5.272949e-03,5.224467e-02,3.179976e-02,6.902461e-02,8.518836e-03,1.006510e-02
4.862247e-01,2.044402e-02,5.234185e-02,6.757208e-02,1.633781e-02,8.104341e-03,2.069357e-03,1.194169e-01,2.703019e-02,6.156356e-03,5.778305e-02,3.232359e-02,8.832110e-02,8.245079e-03,7.629535e-03
1.000000e+00,0.000000e+00,0.000000e+00,0.000000e+00,0.000000e+00,0.000000e+00,0.000000e+00,0.000000e+00,0.000000e+00,0.000000e+00,0.000000e+00,0.000000e+00,0.000000e+00,0.000000e+00,0.000000e+00
1.000000e+00,0.000000e+00,0.000000e+00,0.000000e+00,0.000000e+00,0.000000e+00,0.000000e+00,0.000000e+00,0.000000e+00,0.000000e+00,0.000000e+00,0.000000e+00,0.000000e+00,0.000000e+00,0.000000e+00
4.900058e-01,1.424333e-02,3.055213e-02,2.750884e-02,3.323533e-02,8.377413e-03,2.543697e-03,6.479294e-02,7.157920e-02,6.556791e-03,5.299570e-02,2.084942e-02,1.090872e-01,2.342394e-02,4.424831e-02
4.175729e-01,1.329259e-02,2.592554e-02,2.106287e-02,2.802776e-02,7.764708e-03,2.098185e-03,4.922766e-02,1.641707e-01,7.344313e-03,4.558291e-02,1.663152e-02,8.864240e-02,5.440629e-02,5.824971e-02
3.053868e-01,1.363556e-02,2.267739e-02,1.541776e-02,2.211233e-02,6.851612e-03,1.649324e-03,3.553740e-02,2.946599e-01,9.194313e-03,3.749746e-02,1.252100e-02,6.525573e-02,9.660363e-02,6.099981e-02
2.232416e-01,1.379437e-02,2.033754e-02,1.126821e-02,2.216903e-02,6.293965e-03,1.891221e-03,2.586222e-02,3.669175e-01,1.183353e-02,3.197188e-02,1.078852e-02,5.809687e-02,1.291141e-01,6.641950e-02
1.624732e-01,1.156328e-02,1.443009e-02,8.580958e-03,1.818387e-02,7.246065e-03,1.809570e-03,1.870854e-02,2.848144e-01,9.082769e-03,2.455189e-02,2.192292e-02,2.648003e-01,9.728187e-02,5.455038e-02
1.173776e-01,1.770097e-02,1.103999e-02,7.563963e-03,1.535616e-02,1.086512e-02,1.956105e-03,1.397367e-02,2.530742e-01,7.527615e-03,1.990462e-02,3.382390e-02,3.636948e-01,7.639398e-02,4.974728e-02
8.336093e-02,6.778914e-02,1.033244e-02,7.388880e-03,1.178035e-02,8.715806e-03,1.584407e-03,9.975825e-03,2.971487e-01,6.803120e-03,1.459550e-02,2.818200e-02,3.219770e-01,6.869405e-02,6.167187e-02
5.951218e-02,5.453699e-02,1.295100e-02,6.724338e-03,9.428468e-03,8.207970e-03,1.285364e-03,7.538954e-03,2.530295e-01,1.447203e-02,1.478873e-02,2.147893e-02,2.746961e-01,7.755300e-02,1.837965e-01
4.448404e-02,4.732036e-02,2.200438e-02,9.196598e-03,1.424784e-02,9.655815e-03,1.371996e-03,6.223693e-03,2.261737e-01,2.361637e-02,1.611762e-02,1.725284e-02,2.288085e-01,7.256917e-02,2.609572e-01
3.533754e-02,5.279616e-02,2.853242e-02,1.146906e-02,1.802343e-02,7.554271e-03,1.134275e-03,4.925071e-03,2.464433e-01,2.767267e-02,1.308619e-02,1.407031e-02,1.678684e-01,5.966468e-02,3.114222e-01
3.039386e-02,4.103253e-02,2.493915e-02,8.501245e-03,2.045131e-02,5.986257e-03,9.336104e-04,3.687264e-03,2.119740e-01,6.343898e-02,1.104157e-02,1.091561e-02,1.205939e-01,6.226448e-02,3.838463e-01
2.770814e-02,3.136405e-02,2.012753e-02,6.424320e-03,1.497012e-02,6.998857e-03,7.102285e-04,2.673371e-03,2.095356e-01,8.981103e-02,9.703299e-03,9.788083e-03,8.797115e-02,5.372501e-02,4.284893e-01
2.175772e-02,2.368717e-02,1.579198e-02,4.975125e-03,1.105998e-02,8.273493e-03,6.198211e-04,2.143355e-03,1.657705e-01,8.150239e-02,1.286527e-02,8.238227e-03,6.849084e-02,4.793479e-02,5.268894e-01
1.807494e-02,1.860589e-02,1.352754e-02,3.966094e-03,8.300816e-03,7.373311e-03,5.839566e-04,1.720729e-03,1.481212e-01,8.048750e-02,1.659088e-02,6.664436e-03,5.151649e-02,5.021302e-02,5.742532e-01
1.405513e-02,1.482171e-02,1.668216e-02,2.890937e-03,7.031892e-03,5.929103e-03,4.417507e-04,1.428688e-03,1.208206e-01,1.104438e-01,3.353911e-02,4.993752e-03,3.818563e-02,5.288934e-02,5.758464e-01
1.551573e-02,2.098704e-02,2.144815e-02,2.279178e-03,7.946291e-03,1.105652e-02,3.473085e-04,1.400433e-03,9.788568e-02,1.879428e-01,5.361030e-02,3.793400e-03,2.810610e-02,4.782550e-02,4.998556e-01
1.221431e-02,5.483183e-02,1.757257e-02,2.439712e-03,6.571306e-03,8.743300e-03,2.597619e-04,1.093000e-03,1.158688e-01,1.665755e-01,3.986443e-02,2.772381e-03,2.025020e-02,3.870111e-02,5.122418e-01
1.088138e-02,6.362319e-02,1.413990e-02,2.408742e-03,5.326801e-03,7.098299e-03,2.192361e-04,1.308355e-03,2.017478e-01,1.323414e-01,3.464323e-02,2.434069e-03,1.857715e-02,2.958699e-02,4.756634e-01
8.608857e-03,5.607308e-02,1.299381e-02,2.954882e-03,5.299812e-03,5.896911e-03,1.747434e-04,1.232560e-03,2.601790e-01,1.319688e-01,4.297598e-02,2.719116e-03,2.278746e-02,2.121175e-02,4.249233e-01
7.284708e-03,4.666043e-02,2.684444e-02,7.858316e-03,6.300934e-03,4.605053e-03,2.072276e-04,3.094854e-03,2.714559e-01,1.716242e-01,5.261013e-02,6.328717e-03,4.496590e-02,1.583058e-02,3.343287e-01
5.782885e-03,3.372420e-02,2.338956e-02,6.189624e-03,5.752991e-03,3.647778e-03,1.861589e-04,2.594089e-03,2.440332e-01,2.645399e-01,5.160043e-02,7.205113e-03,6.668398e-02,1.260017e-02,2.720700e-01
4.237315e-03,2.393601e-02,1.727381e-02,5.056833e-03,4.273796e-03,2.895000e-03,1.650428e-04,1.920199e-03,2.858327e-01,1.957352e-01,5.993700e-02,1.083848e-02,1.481803e-01,2.128588e-02,2.184325e-01
3.665118e-03,1.817246e-02,1.523962e-02,4.477053e-03,4.997259e-03,2.974950e-03,3.757538e-04,1.679746e-03,2.215147e-01,1.466377e-01,6.026533e-02,1.981802e-02,2.612823e-01,2.944408e-02,2.094560e-01
3.071351e-03,1.363083e-02,1.227111e-02,3.308375e-03,8.394989e-03,2.683114e-03,3.784593e-04,1.323726e-03,1.633749e-01,1.076009e-01,6.167033e-02,1.814363e-02,2.366495e-01,1.169145e-01,2.505843e-01
2.492388e-03,9.881740e-03,9.975182e-03,2.510805e-03,8.595212e-03,2.333463e-03,3.481630e-04,1.004903e-03,1.265342e-01,8.231518e-02,5.346004e-02,1.776263e-02,1.831183e-01,1.628258e-01,3.368419e-01
1.967588e-03,7.200395e-03,8.455525e-03,1.853043e-03,8.922460e-03,1.800725e-03,2.817809e-04,7.922187e-04,1.517011e-01,5.978507e-02,4.518173e-02,1.335356e-02,1.366738e-01,1.207642e-01,4.412667e-01
1.837106e-03,5.542756e-03,6.362455e-03,1.466798e-03,1.992528e-02,2.014576e-03,2.916366e-04,8.269890e-04,2.078958e-01,4.292200e-02,4.224840e-02,9.890967e-03,1.001074e-01,9.584861e-02,4.628192e-01
1.570791e-03,4.053843e-03,4.550657e-03,1.110569e-03,1.971207e-02,1.792975e-03,2.318645e-04,6.222888e-04,3.332427e-01,3.093555e-02,3.779072e-02,7.312043e-03,7.410967e-02,6.925476e-02,4.137095e-01
1.520944e-03,3.945014e-03,3.450587e-03,8.802796e-04,1.953683e-02,1.397504e-03,1.820581e-04,4.595180e-04,3.566203e-01,2.210452e-02,3.865395e-02,5.370774e-03,6.249032e-02,5.385914e-02,4.295282e-01
1.461562e-03,3.004668e-03,2.605881e-03,6.600478e-04,1.692188e-02,1.111391e-03,1.633811e-04,4.028873e-04,4.574482e-01,1.617081e-02,3.469268e-02,3.866413e-03,4.642797e-02,4.098682e-02,3.740754e-01
1.701403e-03,2.484484e-03,2.047614e-03,5.472088e-04,1.410367e-02,1.021734e-03,1.681923e-04,3.693522e-04,5.273733e-01,1.223489e-02,3.129052e-02,2.850079e-03,3.584978e-02,3.553111e-02,3.324266e-01
3.484820e-03,2.537195e-03,5.667884e-03,2.591018e-03,2.639662e-02,3.465322e-03,3.979912e-04,8.746793e-03,6.123903e-01,9.112238e-03,2.754809e-02,2.602352e-03,2.826969e-02,2.738785e-02,2.394018e-01
6.222708e-03,3.391780e-03,8.698191e-03,5.709880e-03,3.607083e-02,3.492680e-03,4.767015e-04,1.754234e-02,6.213916e-01,7.536203e-03,3.973195e-02,4.200316e-03,2.857793e-02,3.627026e-02,1.806866e-01
6.096570e-03,3.793105e-03,2.649469e-02,2.414025e-02,4.935849e-02,6.175724e-03,6.949677e-04,4.972623e-02,5.837662e-01,6.324995e-03,4.448661e-02,5.901302e-03,2.569767e-02,3.805433e-02,1.292888e-01
6.786281e-03,4.998945e-03,3.294860e-02,4.242279e-02,4.778923e-02,6.032597e-03,5.877842e-04,5.684633e-02,6.068522e-01,5.219428e-03,4.022764e-02,5.243724e-03,2.171814e-02,3.056281e-02,9.176351e-02
1.119486e-02,5.416590e-03,2.994871e-02,4.423878e-02,6.270950e-02,9.205996e-03,5.626766e-04,9.605175e-02,5.648642e-01,4.324969e-03,3.824758e-02,5.161326e-03,1.763828e-02,4.189844e-02,6.853636e-02
2.235489e-02,1.021860e-02,2.394962e-02,4.648630e-02,7.045481e-02,1.678267e-02,6.188038e-04,1.272975e-01,5.308666e-01,4.410820e-03,3.046211e-02,4.533796e-03,1.436221e-02,4.099093e-02,5.621029e-02
2.873533e-02,9.079041e-03,3.449173e-02,5.903647e-02,6.333080e-02,2.021625e-02,1.521802e-03,1.649633e-01,5.026026e-01,3.590529e-03,2.475185e-02,4.019791e-03,1.172242e-02,3.069787e-02,4.124020e-02
2.780527e-02,7.548114e-03,3.904945e-02,4.559824e-02,5.710695e-02,1.849432e-02,1.893412e-03,3.278880e-01,3.881436e-01,2.674958e-03,1.819946e-02,3.446964e-03,8.999369e-03,2.292953e-02,3.022227e-02
2.069230e-02,5.656407e-03,2.971978e-02,3.247820e-02,4.596726e-02,1.365964e-02,1.456972e-03,5.132020e-01,2.755231e-01,1.889907e-03,1.278922e-02,2.435257e-03,6.411621e-03,1.680215e-02,2.131622e-02
1.574005e-02,4.326404e-03,2.178128e-02,2.305895e-02,3.704312e-02,1.016619e-02,1.121010e-03,6.479467e-01,1.942853e-01,1.337058e-03,8.999854e-03,1.733898e-03,4.574558e-03,1.284522e-02,1.504035e-02
1.521128e-02,3.445951e-03,1.579767e-02,1.684446e-02,3.464314e-02,8.402813e-03,9.663661e-04,7.329800e-01,1.380970e-01,9.821986e-04,6.364909e-03,1.273983e-03,3.317609e-03,1.070602e-02,1.096663e-02
1.796924e-02,3.620525e-03,1.263858e-02,1.285033e-02,2.952738e-02,6.369515e-03,7.496518e-04,7.892182e-01,9.953474e-02,7.527562e-04,4.589212e-03,1.088463e-03,2.570743e-03,1.036222e-02,8.158501e-03
2.923202e-02,4.150787e-03,1.189876e-02,1.108899e-02,2.283494e-02,4.879294e-03,6.234479e-04,8.154542e-01,7.241359e-02,7.325282e-04,4.058972e-03,1.563944e-03,2.228865e-03,1.028722e-02,8.552474e-03
3.906753e-02,5.160721e-03,1.052446e-02,1.778790e-02,1.811672e-02,4.052187e-03,5.524693e-04,8.218536e-01,5.441567e-02,8.277501e-04,4.691549e-03,2.585958e-03,2.016914e-03,8.911660e-03,9.434923e-03
5.088644e-02,7.377300e-03,8.850223e-03,2.409414e-02,1.590327e-02,4.176287e-03,6.554299e-04,8.160750e-01,4.329043e-02,9.392228e-04,4.914152e-03,4.324615e-03,2.275459e-03,6.970056e-03,9.267997e-03
6.716825e-02,6.260379e-03,9.822999e-03,2.152421e-02,1.432073e-02,5.693253e-03,1.907393e-03,8.120607e-01,3.302778e-02,9.854487e-04,5.137967e-03,6.109066e-03,3.034680e-03,5.102163e-03,7.845100e-03
9.993310e-02,4.846588e-03,9.472502e-03,1.636092e-02,1.181407e-02,6.987414e-03,2.605854e-03,8.004454e-01,2.431261e-02,8.412142e-04,4.381476e-03,5.355820e-03,2.847916e-03,3.783424e-03,6.011804e-03
1.604653e-01,3.914908e-03,1.064493e-02,1.341542e-02,9.930643e-03,1.071044e-02,3.162462e-03,7.483107e-01,1.771789e-02,9.604801e-04,4.245928e-03,5.313928e-03,3.134602e-03,3.014299e-03,5.058088e-03
2.259770e-01,3.249368e-03,8.687741e-03,1.048943e-02,7.547338e-03,1.218662e-02,2.776629e-03,6.948223e-01,1.300297e-02,9.685725e-04,3.666676e-03,6.824451e-03,3.375346e-03,2.399551e-03,4.025977e-03
3.082508e-01,3.174972e-03,1.192974e-02,1.026875e-02,5.946114e-03,1.071787e-02,2.432034e-03,5.424504e-01,1.246321e-02,4.088965e-03,3.415293e-02,1.707891e-02,1.367372e-02,1.854216e-02,4.829463e-03
2.406378e-01,2.694788e-03,1.036597e-02,1.220502e-02,4.356430e-03,8.640171e-03,1.953103e-03,4.032114e-01,5.478141e-02,6.163386e-03,5.496535e-02,4.670363e-02,2.665942e-02,1.169488e-01,9.713387e-03
2.103604e-01,2.438311e-03,8.340799e-03,1.030666e-02,3.271739e-03,7.881125e-03,2.239911e-03,2.885640e-01,6.053299e-02,6.366389e-03,5.415030e-02,9.842846e-02,2.339575e-02,1.997213e-01,2.400191e-02
1.828813e-01,2.852154e-03,6.447743e-03,8.434334e-03,2.968966e-03,6.872264e-03,1.784067e-03,2.041024e-01,6.750648e-02,5.443876e-03,6.466858e-02,8.328679e-02,1.870268e-02,2.933621e-01,5.068630e-02
1.324319e-01,3.299427e-03,4.681002e-03,6.855344e-03,2.420242e-03,6.977850e-03,1.327373e-03,1.433390e-01,9.406329e-02,8.950057e-03,1.170569e-01,7.702575e-02,1.589385e-02,3.445199e-01,4.115812e-02
9.375980e-02,3.214009e-03,3.351378e-03,5.451953e-03,1.887869e-03,6.127073e-03,9.869142e-04,1.004382e-01,9.989923e-02,1.062889e-02,1.968554e-01,7.363731e-02,1.285544e-02,3.577440e-01,3.316247e-02
6.668041e-02,3.176274e-03,2.397985e-03,3.945215e-03,1.804892e-03,5.925407e-03,7.603063e-04,7.040610e-02,7.370029e-02,1.290067e-02,2.579378e-01,6.542632e-02,9.452920e-03,4.005534e-01,2.493205e-02
4.684679e-02,2.327330e-03,1.687635e-03,2.792459e-03,1.375939e-03,4.331182e-03,5.954190e-04,4.931282e-02,5.261455e-02,1.111340e-02,4.131745e-01,6.244242e-02,6.749839e-03,3.269127e-01,1.772309e-02
3.306112e-02,7.958915e-03,1.587722e-03,2.604290e-03,4.212821e-03,9.565743e-03,1.253107e-03,3.552175e-02,4.684693e-02,1.598222e-02,4.096384e-01,5.973741e-02,5.227994e-03,3.538766e-01,1.292500e-02
2.360726e-02,6.293336e-03,1.250420e-03,2.387212e-03,5.649276e-03,8.751499e-03,1.110669e-03,2.606522e-02,3.731259e-02,1.301499e-02,5.163229e-01,5.632794e-02,4.020103e-03,2.885444e-01,9.342195e-03
1.667664e-02,5.321914e-03,1.082831e-03,2.404043e-03,7.301812e-03,9.572463e-03,9.960671e-04,1.869671e-02,3.159586e-02,1.236032e-02,4.810330e-01,5.528671e-02,3.104946e-03,3.476191e-01,6.947592e-03
1.179759e-02,1.316051e-02,2.956074e-03,3.750518e-03,1.336777e-02,1.193843e-02,8.309488e-04,1.408654e-02,1.075857e-01,1.062442e-02,4.178900e-01,4.375599e-02,2.551370e-03,3.386283e-01,7.075914e-03
8.336417e-03,1.116224e-02,2.394652e-03,2.939060e-03,1.049664e-02,1.024177e-02,5.854664e-04,9.948559e-03,2.864101e-01,8.093651e-03,3.095953e-01,3.238031e-02,1.937051e-03,2.994816e-01,5.997247e-03
5.940151e-03,1.018886e-02,2.175090e-03,2.641923e-03,8.616002e-03,8.361042e-03,4.136514e-04,7.151848e-03,4.498158e-01,6.230049e-03,2.259115e-01,2.335586e-02,1.562128e-03,2.379927e-01,9.643385e-03
4.937122e-03,9.186963e-03,1.330824e-02,6.384091e-03,7.580501e-03,8.564894e-03,3.040985e-04,7.114358e-03,5.507970e-01,5.209626e-03,1.738568e-01,1.659923e-02,1.318933e-03,1.720908e-01,2.274735e-02
4.362007e-03,6.973328e-03,1.712461e-02,7.482514e-03,6.916491e-03,9.507163e-03,2.298392e-04,5.647334e-03,5.808154e-01,5.698200e-03,1.842279e-01,1.183749e-02,1.054414e-03,1.261909e-01,3.193233e-02
7.700305e-03,1.260203e-02,8.478564e-02,1.603406e-02,1.242332e-02,8.498264e-03,2.397636e-04,5.703399e-03,5.124890e-01,5.652601e-03,1.982131e-01,8.433782e-03,1.067744e-03,9.642030e-02,2.973673e-02
1.930133e-02,1.983457e-02,1.803962e-01,5.263379e-02,3.006336e-02,9.987041e-03,6.164429e-04,6.782767e-03,3.949606e-01,4.602844e-03,1.715517e-01,6.062123e-03,1.009900e-03,7.195387e-02,3.024349e-02
3.183301e-02,3.257721e-02,2.555360e-01,7.820223e-02,4.670526e-02,1.059762e-02,1.211557e-03,6.734802e-03,3.063615e-01,3.991067e-03,1.329399e-01,4.370982e-03,1.022376e-03,5.267642e-02,3.524002e-02
2.468944e-02,3.215258e-02,2.241574e-01,2.710237e-01,3.966054e-02,9.419367e-03,9.539768e-04,4.971649e-03,2.193196e-01,3.814738e-03,9.491194e-02,3.448754e-03,9.004513e-04,3.707013e-02,3.350570e-02
3.086375e-02,2.983066e-02,2.160189e-01,3.683051e-01,4.067078e-02,8.476266e-03,9.537063e-04,5.739934e-03,1.636140e-01,4.354001e-03,7.060837e-02,2.889639e-03,9.303597e-04,2.721353e-02,2.953101e-02
4.045630e-02,3.819595e-02,2.787859e-01,3.065857e-01,4.076441e-02,6.597683e-03,9.953815e-04,5.249982e-03,1.229825e-01,1.050670e-02,5.160008e-02,2.259837e-03,9.571255e-04,2.119353e-02,7.286897e-02
6.869654e-02,4.528739e-02,3.385516e-01,2.269885e-01,5.861573e-02,8.677255e-03,2.064385e-03,1.238488e-02,9.032127e-02,8.707461e-03,4.376523e-02,1.777247e-03,8.597628e-04,2.746344e-02,6.583937e-02
9.755383e-02,6.833443e-02,3.495398e-01,1.638944e-01,8.463196e-02,1.006592e-02,2.925947e-03,2.288001e-02,6.585126e-02,7.434733e-03,3.362420e-02,1.491470e-03,9.534600e-04,3.003408e-02,6.078453e-02
1.085672e-01,1.399486e-01,3.245589e-01,1.202016e-01,6.829066e-02,9.646873e-03,2.809939e-03,1.965843e-02,4.806975e-02,9.387573e-03,2.482526e-02,1.303110e-03,1.069263e-03,2.759666e-02,9.406619e-02
7.742918e-02,2.757950e-01,2.610051e-01,9.532747e-02,4.877630e-02,7.023754e-03,2.039930e-03,1.385702e-02,3.531804e-02,7.774984e-03,2.430217e-02,3.167722e-03,1.320485e-02,2.120877e-02,1.137698e-01
5.584192e-02,2.531462e-01,2.032037e-01,6.762169e-02,3.522747e-02,5.732745e-03,1.629277e-03,9.750229e-03,2.987325e-02,1.532853e-02,2.656506e-02,9.716299e-03,2.156785e-02,9.389296e-02,1.709029e-01
4.406954e-02,1.844399e-01,1.595131e-01,4.994303e-02,2.566771e-02,5.321374e-03,1.703646e-03,6.998983e-03,3.312890e-02,1.482274e-02,2.231990e-02,4.771192e-02,2.932122e-02,1.339668e-01,2.410712e-01
3.215525e-02,1.327325e-01,1.168443e-01,3.540397e-02,1.833793e-02,4.414097e-03,1.402917e-03,4.942815e-03,4.184382e-02,1.886027e-02,1.911414e-02,4.808369e-02,2.215142e-02,2.056529e-01,2.980600e-01
2.329185e-02,9.421012e-02,8.683802e-02,2.517710e-02,1.326728e-02,3.929979e-03,1.167933e-03,3.492107e-03,3.518074e-02,2.274450e-02,3.181987e-02,4.566623e-02,1.694483e-02,3.559509e-01,2.403186e-01
1.843228e-02,6.669992e-02,6.690777e-02,1.819871e-02,9.950734e-03,5.996016e-03,9.707564e-04,2.559317e-03,2.934007e-02,2.237291e-02,5.766547e-02,4.911929e-02,1.326772e-02,4.568585e-01,1.816606e-01
1.714329e-02,4.707006e-02,4.844111e-02,1.311018e-02,7.794435e-03,4.620715e-03,1.322529e-03,2.058024e-03,2.688153e-02,2.695628e-02,8.198135e-02,4.777577e-02,9.732224e-03,5.360885e-01,1.290241e-01
1.497811e-02,3.344968e-02,3.410918e-02,9.378468e-03,6.060757e-03,4.684623e-03,1.336419e-03,1.777291e-03,2.298243e-02,2.440389e-02,1.536769e-01,8.763790e-02,7.447987e-03,5.071530e-01,9.092334e-02
1.181709e-02,2.585652e-02,2.439228e-02,7.068127e-03,6.150882e-03,8.665595e-03,1.887189e-03,2.006123e-03,3.013931e-02,2.875318e-02,2.195970e-01,1.258844e-01,6.498974e-03,4.367357e-01,6.454774e-02
9.716753e-03,2.360331e-02,1.748318e-02,5.438219e-03,6.872446e-03,3.459786e-02,1.627184e-03,2.027138e-03,4.271164e-02,3.010252e-02,2.345989e-01,1.493717e-01,5.432361e-03,3.907987e-01,4.561820e-02
8.010394e-03,1.934657e-02,1.253199e-02,4.131673e-03,8.624053e-03,3.385901e-02,1.458225e-03,2.218401e-03,4.841693e-02,2.859773e-02,2.505641e-01,1.911132e-01,4.285530e-03,3.547032e-01,3.213900e-02
5.907843e-03,1.564978e-02,8.909395e-03,3.170277e-03,9.433048e-03,3.496365e-02,1.129332e-03,2.096107e-03,4.307078e-02,2.412841e-02,3.365520e-01,1.487994e-01,3.581606e-03,3.398522e-01,2.275634e-02
4.906734e-03,1.399327e-02,8.930418e-03,4.755019e-03,1.128772e-02,3.403122e-02,1.032440e-03,1.067533e-02,6.457909e-02,2.062217e-02,3.490230e-01,1.103321e-01,2.708780e-03,3.470450e-01,1.607771e-02
4.047922e-03,1.140465e-02,8.408178e-03,4.573609e-03,1.141043e-02,3.250121e-02,9.387917e-04,1.078140e-02,6.836351e-02,1.843301e-02,3.823403e-01,8.461659e-02,2.263302e-03,3.483967e-01,1.152046e-02
3.423569e-03,8.354372e-03,6.714809e-03,3.728443e-03,1.010825e-02,2.536952e-02,8.246003e-04,9.126595e-03,5.053620e-02,1.406019e-02,5.141344e-01,6.253298e-02,2.128382e-03,2.805403e-01,8.417479e-03
3.602400e-03,8.497575e-03,9.618919e-03,4.683844e-03,1.035998e-02,2.848778e-02,6.929441e-04,9.731754e-03,4.854661e-02,1.197880e-02,4.997915e-01,5.043865e-02,1.938539e-03,3.053740e-01,6.256753e-03
4.457887e-03,2.457811e-02,1.065882e-02,6.968879e-03,1.597245e-02,6.000586e-02,8.900341e-04,1.003835e-02,1.066757e-01,1.300411e-02,4.232271e-01,3.985371e-02,2.161479e-03,2.751214e-01,6.386184e-03
8.550504e-03,2.982590e-02,6.927263e-02,1.601023e-02,2.453204e-02,8.418658e-02,1.163096e-03,7.255188e-02,1.187072e-01,1.477542e-02,3.136993e-01,2.915648e-02,2.107405e-03,2.090887e-01,6.372659e-03
7.742642e-03,2.904121e-02,2.451388e-01,2.917348e-02,2.410631e-02,7.431648e-02,9.374892e-04,6.327229e-02,1.050358e-01,1.700382e-02,2.227024e-01,2.078482e-02,1.954078e-03,1.500198e-01,8.770632e-03
6.621333e-03,3.116809e-02,3.988627e-01,2.786851e-02,2.176034e-02,6.570316e-02,7.430243e-04,4.791557e-02,9.081076e-02,1.541761e-02,1.583547e-01,1.489746e-02,1.756934e-03,1.068459e-01,1.127389e-02
1.226120e-02,4.012920e-02,4.901431e-01,2.309432e-02,1.780531e-02,5.237920e-02,5.597079e-04,3.690439e-02,7.682013e-02,1.335972e-02,1.138795e-01,1.084771e-02,1.349096e-03,9.121424e-02,1.925320e-02
2.489188e-02,4.364836e-02,4.839339e-01,3.423168e-02,3.410602e-02,5.044933e-02,4.838144e-04,5.098086e-02,8.653624e-02,1.264559e-02,8.299793e-02,8.285686e-03,1.243661e-03,6.660751e-02,1.895756e-02
2.290708e-02,3.641823e-02,5.203716e-01,7.442977e-02,3.563013e-02,4.265144e-02,3.767195e-04,4.494559e-02,7.392490e-02,9.756695e-03,5.869628e-02,6.042382e-03,9.651212e-04,4.798312e-02,2.490102e-02
2.443829e-02,2.855391e-02,5.479865e-01,6.608624e-02,2.903348e-02,3.684586e-02,2.898473e-04,3.573228e-02,8.614412e-02,8.829920e-03,4.260989e-02,4.558683e-03,7.679894e-04,4.164153e-02,4.648145e-02
2.616585e-02,2.225766e-02,6.325204e-01,5.838598e-02,2.144990e-02,2.697595e-02,2.522714e-04,2.753584e-02,6.735577e-02,7.225181e-03,3.037185e-02,3.434583e-03,6.139971e-04,3.256636e-02,4.288835e-02
3.438877e-02,1.879618e-02,6.313671e-01,6.450880e-02,1.623305e-02,2.006891e-02,2.544328e-04,2.597200e-02,6.696487e-02,7.262660e-03,2.201964e-02,2.503371e-03,4.729517e-04,2.924052e-02,5.994669e-02
9.717813e-02,2.246675e-02,5.560535e-01,9.859286e-02,2.345560e-02,2.470529e-02,4.469172e-04,2.855499e-02,5.464162e-02,5.687890e-03,1.620527e-02,1.886768e-03,5.228980e-04,2.573651e-02,4.386498e-02
1.389293e-01,3.274623e-02,4.837659e-01,1.049143e-01,2.266124e-02,2.261650e-02,9.184033e-04,2.325682e-02,4.657574e-02,5.465107e-03,1.537159e-02,3.602994e-03,1.801104e-03,2.906436e-02,6.831048e-02
1.502060e-01,5.908627e-02,3.597407e-01,1.534537e-01,2.719110e-02,2.004574e-02,9.534195e-04,1.763632e-02,4.546078e-02,7.824577e-03,1.909082e-02,1.150423e-02,3.489562e-03,3.212288e-02,9.219380e-02
1.871073e-01,5.208529e-02,2.539964e-01,1.373681e-01,2.423964e-02,1.829259e-02,1.324374e-03,1.321467e-02,5.202998e-02,1.134515e-02,2.760274e-02,2.946236e-02,4.770757e-03,5.851431e-02,1.286464e-01
1.783505e-01,5.146962e-02,1.800790e-01,1.182155e-01,2.437103e-02,1.633169e-02,1.341219e-03,1.006427e-02,6.024034e-02,2.163365e-02,4.017638e-02,5.450353e-02,7.415792e-03,1.068345e-01,1.289730e-01
