1.000000e+00,0.000000e+00,0.000000e+00,0.000000e+00,0.000000e+00,0.000000e+00,0.000000e+00,0.000000e+00,0.000000e+00,0.000000e+00,0.000000e+00,0.000000e+00,0.000000e+00,0.000000e+00,0.000000e+00
1.000000e+00,0.000000e+00,0.000000e+00,0.000000e+00,0.000000e+00,0.000000e+00,0.000000e+00,0.000000e+00,0.000000e+00,0.000000e+00,0.000000e+00,0.000000e+00,0.000000e+00,0.000000e+00,0.000000e+00
1.000000e+00,0.000000e+00,0.000000e+00,0.000000e+00,0.000000e+00,0.000000e+00,0.000000e+00,0.000000e+00,0.000000e+00,0.000000e+00,0.000000e+00,0.000000e+00,0.000000e+00,0.000000e+00,0.000000e+00
1.000000e+00,0.000000e+00,0.000000e+00,0.000000e+00,0.000000e+00,0.000000e+00,0.000000e+00,0.000000e+00,0.000000e+00,0.000000e+00,0.000000e+00,0.000000e+00,0.000000e+00,0.000000e+00,0.000000e+00
1.000000e+00,0.000000e+00,0.000000e+00,0.000000e+00,0.000000e+00,0.000000e+00,0.000000e+00,0.000000e+00,0.000000e+00,0.000000e+00,0.000000e+00,0.000000e+00,0.000000e+00,0.000000e+00,0.000000e+00
1.000000e+00,0.000000e+00,0.000000e+00,0.000000e+00,0.000000e+00,0.000000e+00,0.000000e+00,0.000000e+00,0.000000e+00,0.000000e+00,0.000000e+00,0.000000e+00,0.000000e+00,0.000000e+00,0.000000e+00
1.000000e+00,0.000000e+00,0.000000e+00,0.000000e+00,0.000000e+00,0.000000e+00,0.000000e+00,0.000000e+00,0.000000e+00,0.000000e+00,0.000000e+00,0.000000e+00,0.000000e+00,0.000000e+00,0.000000e+00
1.000000e+00,0.000000e+00,0.000000e+00,0.000000e+00,0.000000e+00,0.000000e+00,0.000000e+00,0.000000e+00,0.000000e+00,0.000000e+00,0.000000e+00,0.000000e+00,0.000000e+00,0.000000e+00,0.000000e+00
1.000000e+00,0.000000e+00,0.000000e+00,0.000000e+00,0.000000e+00,0.000000e+00,0.000000e+00,0.000000e+00,0.000000e+00,0.000000e+00,0.000000e+00,0.000000e+00,0.000000e+00,0.000000e+00,0.000000e+00
1.000000e+00,0.000000e+00,0.000000e+00,0.000000e+00,0.000000e+00,0.000000e+00,0.000000e+00,0.000000e+00,0.000000e+00,0.000000e+00,0.000000e+00,0.000000e+00,0.000000e+00,0.000000e+00,0.000000e+00
1.000000e+00,0.000000e+00,0.000000e+00,0.000000e+00,0.000000e+00,0.000000e+00,0.000000e+00,0.000000e+00,0.000000e+00,0.000000e+00,0.000000e+00,0.000000e+00,0.000000e+00,0.000000e+00,0.000000e+00
1.000000e+00,0.000000e+00,0.000000e+00,0.000000e+00,0.000000e+00,0.000000e+00,0.000000e+00,0.000000e+00,0.000000e+00,0.000000e+00,0.000000e+00,0.000000e+00,0.000000e+00,0.000000e+00,0.000000e+00
1.000000e+00,0.000000e+00,0.000000e+00,0.000000e+00,0.000000e+00,0.000000e+00,0.000000e+00,0.000000e+00,0.000000e+00,0.000000e+00,0.000000e+00,0.000000e+00,0.000000e+00,0.000000e+00,0.000000e+00
1.000000e+00,0.000000e+00,0.000000e+00,0.000000e+00,0.000000e+00,0.000000e+00,0.000000e+00,0.000000e+00,0.000000e+00,0.000000e+00,0.000000e+00,0.000000e+00,0.000000e+00,0.000000e+00,0.000000e+00
1.000000e+00,0.000000e+00,0.000000e+00,0.000000e+00,0.000000e+00,0.000000e+00,0.000000e+00,0.000000e+00,0.000000e+00,0.000000e+00,0.000000e+00,0.000000e+00,0.000000e+00,0.000000e+00,0.000000e+00
1.000000e+00,0.000000e+00,0.000000e+00,0.000000e+00,0.000000e+00,0.000000e+00,0.000000e+00,0.000000e+00,0.000000e+00,0.000000e+00,0.000000e+00,0.000000e+00,0.000000e+00,0.000000e+00,0.000000e+00
1.000000e+00,0.000000e+00,0.000000e+00,0.000000e+00,0.000000e+00,0.000000e+00,0.000000e+00,0.000000e+00,0.000000e+00,0.000000e+00,0.000000e+00,0.000000e+00,0.000000e+00,0.000000e+00,0.000000e+00
1.000000e+00,0.000000e+00,0.000000e+00,0.000000e+00,0.000000e+00,0.000000e+00,0.000000e+00,0.000000e+00,0.000000e+00,0.000000e+00,0.000000e+00,0.000000e+00,0.000000e+00,0.000000e+00,0.000000e+00
1.000000e+00,0.000000e+00,0.000000e+00,0.000000e+00,0.000000e+00,0.000000e+00,0.000000e+00,0.000000e+00,0.000000e+00,0.000000e+00,0.000000e+00,0.000000e+00,0.000000e+00,0.000000e+00,0.000000e+00
1.000000e+00,0.000000e+00,0.000000e+00,0.000000e+00,0.000000e+00,0.000000e+00,0.000000e+00,0.000000e+00,0.000000e+00,0.000000e+00,0.000000e+00,0.000000e+00,0.000000e+00,0.000000e+00,0.000000e+00
1.000000e+00,0.000000e+00,0.000000e+00,0.000000e+00,0.000000e+00,0.000000e+00,0.000000e+00,0.000000e+00,0.000000e+00,0.000000e+00,0.000000e+00,0.000000e+00,0.000000e+00,0.000000e+00,0.000000e+00
1.000000e+00,0.000000e+00,0.000000e+00,0.000000e+00,0.000000e+00,0.000000e+00,0.000000e+00,0.000000e+00,0.000000e+00,0.000000e+00,0.000000e+00,0.000000e+00,0.000000e+00,0.000000e+00,0.000000e+00
1.000000e+00,0.000000e+00,0.000000e+00,0.000000e+00,0.000000e+00,0.000000e+00,0.000000e+00,0.000000e+00,0.000000e+00,0.000000e+00,0.000000e+00,0.000000e+00,0.000000e+00,0.000000e+00,0.000000e+00
4.919252e-01,3.312153e-02,5.692191e-02,1.527507e-01,1.666215e-02,3.367526e-02,8.953379e-03,3.757332e-02,1.499327e-02,2.214056e-03,1.936652e-02,7.480556e-02,3.064947e-02,3.694874e-03,2.269279e-02
1.000000e+00,0.000000e+00,0.000000e+00,0.000000e+00,0.000000e+00,0.000000e+00,0.000000e+00,0.000000e+00,0.000000e+00,0.000000e+00,0.000000e+00,0.000000e+00,0.000000e+00,0.000000e+00,0.000000e+00
4.989845e-01,3.127541e-02,4.520603e-02,1.290243e-01,1.596379e-02,3.671444e-02,8.461574e-03,2.841827e-02,1.566187e-02,2.655727e-03,2.529170e-02,8.935975e-02,3.914224e-02,6.411491e-03,2.742904e-02
1.000000e+00,0.000000e+00,0.000000e+00,0.000000e+00,0.000000e+00,0.000000e+00,0.000000e+00,0.000000e+00,0.000000e+00,0.000000e+00,0.000000e+00,0.000000e+00,0.000000e+00,0.000000e+00,0.000000e+00
1.000000e+00,0.000000e+00,0.000000e+00,0.000000e+00,0.000000e+00,0.000000e+00,0.000000e+00,0.000000e+00,0.000000e+00,0.000000e+00,0.000000e+00,0.000000e+00,0.000000e+00,0.000000e+00,0.000000e+00
1.000000e+00,0.000000e+00,0.000000e+00,0.000000e+00,0.000000e+00,0.000000e+00,0.000000e+00,0.000000e+00,0.000000e+00,0.000000e+00,0.000000e+00,0.000000e+00,0.000000e+00,0.000000e+00,0.000000e+00
1.000000e+00,0.000000e+00,0.000000e+00,0.000000e+00,0.000000e+00,0.000000e+00,0.000000e+00,0.000000e+00,0.000000e+00,0.000000e+00,0.000000e+00,0.000000e+00,0.000000e+00,0.000000e+00,0.000000e+00
1.000000e+00,0.000000e+00,0.000000e+00,0.000000e+00,0.000000e+00,0.000000e+00,0.000000e+00,0.000000e+00,0.000000e+00,0.000000e+00,0.000000e+00,0.000000e+00,0.000000e+00,0.000000e+00,0.000000e+00
1.000000e+00,0.000000e+00,0.000000e+00,0.000000e+00,0.000000e+00,0.000000e+00,0.000000e+00,0.000000e+00,0.000000e+00,0.000000e+00,0.000000e+00,0.000000e+00,0.000000e+00,0.000000e+00,0.000000e+00
1.000000e+00,0.000000e+00,0.000000e+00,0.000000e+00,0.000000e+00,0.000000e+00,0.000000e+00,0.000000e+00,0.000000e+00,0.000000e+00,0.000000e+00,0.000000e+00,0.000000e+00,0.000000e+00,0.000000e+00
1.000000e+00,0.000000e+00,0.000000e+00,0.000000e+00,0.000000e+00,0.000000e+00,0.000000e+00,0.000000e+00,0.000000e+00,0.000000e+00,0.000000e+00,0.000000e+00,0.000000e+00,0.000000e+00,0.000000e+00
1.000000e+00,0.000000e+00,0.000000e+00,0.000000e+00,0.000000e+00,0.000000e+00,0.000000e+00,0.000000e+00,0.000000e+00,0.000000e+00,0.000000e+00,0.000000e+00,0.000000e+00,0.000000e+00,0.000000e+00
1.000000e+00,0.000000e+00,0.000000e+00,0.000000e+00,0.000000e+00,0.000000e+00,0.000000e+00,0.000000e+00,0.000000e+00,0.000000e+00,0.000000e+00,0.000000e+00,0.000000e+00,0.000000e+00,0.000000e+00
1.000000e+00,0.000000e+00,0.000000e+00,0.000000e+00,0.000000e+00,0.000000e+00,0.000000e+00,0.000000e+00,0.000000e+00,0.000000e+00,0.000000e+00,0.000000e+00,0.000000e+00,0.000000e+00,0.000000e+00
1.000000e+00,0.000000e+00,0.000000e+00,0.000000e+00,0.000000e+00,0.000000e+00,0.000000e+00,0.000000e+00,0.000000e+00,0.000000e+00,0.000000e+00,0.000000e+00,0.000000e+00,0.000000e+00,0.000000e+00
1.000000e+00,0.000000e+00,0.000000e+00,0.000000e+00,0.000000e+00,0.000000e+00,0.000000e+00,0.000000e+00,0.000000e+00,0.000000e+00,0.000000e+00,0.000000e+00,0.000000e+00,0.000000e+00,0.000000e+00
1.000000e+00,0.000000e+00,0.000000e+00,0.000000e+00,0.000000e+00,0.000000e+00,0.000000e+00,0.000000e+00,0.000000e+00,0.000000e+00,0.000000e+00,0.000000e+00,0.000000e+00,0.000000e+00,0.000000e+00
1.000000e+00,0.000000e+00,0.000000e+00,0.000000e+00,0.000000e+00,0.000000e+00,0.000000e+00,0.000000e+00,0.000000e+00,0.000000e+00,0.000000e+00,0.000000e+00,0.000000e+00,0.000000e+00,0.000000e+00
1.000000e+00,0.000000e+00,0.000000e+00,0.000000e+00,0.000000e+00,0.000000e+00,0.000000e+00,0.000000e+00,0.000000e+00,0.000000e+00,0.000000e+00,0.000000e+00,0.000000e+00,0.000000e+00,0.000000e+00
1.000000e+00,0.000000e+00,0.000000e+00,0.000000e+00,0.000000e+00,0.000000e+00,0.000000e+00,0.000000e+00,0.000000e+00,0.000000e+00,0.000000e+00,0.000000e+00,0.000000e+00,0.000000e+00,0.000000e+00
1.000000e+00,0.000000e+00,0.000000e+00,0.000000e+00,0.000000e+00,0.000000e+00,0.000000e+00,0.000000e+00,0.000000e+00,0.000000e+00,0.000000e+00,0.000000e+00,0.000000e+00,0.000000e+00,0.000000e+00
1.000000e+00,0.000000e+00,0.000000e+00,0.000000e+00,0.000000e+00,0.000000e+00,0.000000e+00,0.000000e+00,0.000000e+00,0.000000e+00,0.000000e+00,0.000000e+00,0.000000e+00,0.000000e+00,0.000000e+00
1.000000e+00,0.000000e+00,0.000000e+00,0.000000e+00,0.000000e+00,0.000000e+00,0.000000e+00,0.000000e+00,0.000000e+00,0.000000e+00,0.000000e+00,0.000000e+00,0.000000e+00,0.000000e+00,0.000000e+00
1.000000e+00,0.000000e+00,0.000000e+00,0.000000e+00,0.000000e+00,0.000000e+00,0.000000e+00,0.000000e+00,0.000000e+00,0.000000e+00,0.000000e+00,0.000000e+00,0.000000e+00,0.000000e+00,0.000000e+00
1.000000e+00,0.000000e+00,0.000000e+00,0.000000e+00,0.000000e+00,0.000000e+00,0.000000e+00,0.000000e+00,0.000000e+00,0.000000e+00,0.000000e+00,0.000000e+00,0.000000e+00,0.000000e+00,0.000000e+00
1.000000e+00,0.000000e+00,0.000000e+00,0.000000e+00,0.000000e+00,0.000000e+00,0.000000e+00,0.000000e+00,0.000000e+00,0.000000e+00,0.000000e+00,0.000000e+00,0.000000e+00,0.000000e+00,0.000000e+00
1.000000e+00,0.000000e+00,0.000000e+00,0.000000e+00,0.000000e+00,0.000000e+00,0.000000e+00,0.000000e+00,0.000000e+00,0.000000e+00,0.000000e+00,0.000000e+00,0.000000e+00,0.000000e+00,0.000000e+00
1.000000e+00,0.000000e+00,0.000000e+00,0.000000e+00,0.000000e+00,0.000000e+00,0.000000e+00,0.000000e+00,0.000000e+00,0.000000e+00,0.000000e+00,0.000000e+00,0.000000e+00,0.000000e+00,0.000000e+00
1.000000e+00,0.000000e+00,0.000000e+00,0.000000e+00,0.000000e+00,0.000000e+00,0.000000e+00,0.000000e+00,0.000000e+00,0.000000e+00,0.000000e+00,0.000000e+00,0.000000e+00,0.000000e+00,0.000000e+00
1.000000e+00,0.000000e+00,0.000000e+00,0.000000e+00,0.000000e+00,0.000000e+00,0.000000e+00,0.000000e+00,0.000000e+00,0.000000e+00,0.000000e+00,0.000000e+00,0.000000e+00,0.000000e+00,0.000000e+00
1.000000e+00,0.000000e+00,0.000000e+00,0.000000e+00,0.000000e+00,0.000000e+00,0.000000e+00,0.000000e+00,0.000000e+00,0.000000e+00,0.000000e+00,0.000000e+00,0.000000e+00,0.000000e+00,0.000000e+00
1.000000e+00,0.000000e+00,0.000000e+00,0.000000e+00,0.000000e+00,0.000000e+00,0.000000e+00,0.000000e+00,0.000000e+00,0.000000e+00,0.000000e+00,0.000000e+00,0.000000e+00,0.000000e+00,0.000000e+00
1.000000e+00,0.000000e+00,0.000000e+00,0.000000e+00,0.000000e+00,0.000000e+00,0.000000e+00,0.000000e+00,0.000000e+00,0.000000e+00,0.000000e+00,0.000000e+00,0.000000e+00,0.000000e+00,0.000000e+00
1.000000e+00,0.000000e+00,0.000000e+00,0.000000e+00,0.000000e+00,0.000000e+00,0.000000e+00,0.000000e+00,0.000000e+00,0.000000e+00,0.000000e+00,0.000000e+00,0.000000e+00,0.000000e+00,0.000000e+00
1.000000e+00,0.000000e+00,0.000000e+00,0.000000e+00,0.000000e+00,0.000000e+00,0.000000e+00,0.000000e+00,0.000000e+00,0.000000e+00,0.000000e+00,0.000000e+00,0.000000e+00,0.000000e+00,0.000000e+00
1.000000e+00,0.000000e+00,0.000000e+00,0.000000e+00,0.000000e+00,0.000000e+00,0.000000e+00,0.000000e+00,0.000000e+00,0.000000e+00,0.000000e+00,0.000000e+00,0.000000e+00,0.000000e+00,0.000000e+00
1.000000e+00,0.000000e+00,0.000000e+00,0.000000e+00,0.000000e+00,0.000000e+00,0.000000e+00,0.000000e+00,0.000000e+00,0.000000e+00,0.000000e+00,0.000000e+00,0.000000e+00,0.000000e+00,0.000000e+00
1.000000e+00,0.000000e+00,0.000000e+00,0.000000e+00,0.000000e+00,0.000000e+00,0.000000e+00,0.000000e+00,0.000000e+00,0.000000e+00,0.000000e+00,0.000000e+00,0.000000e+00,0.000000e+00,0.000000e+00
1.000000e+00,0.000000e+00,0.000000e+00,0.000000e+00,0.000000e+00,0.000000e+00,0.000000e+00,0.000000e+00,0.000000e+00,0.000000e+00,0.000000e+00,0.000000e+00,0.000000e+00,0.000000e+00,0.000000e+00
4.395717e-01,1.000123e-02,9.914660e-03,6.034002e-02,3.875306e-02,9.932368e-03,2.108186e-03,3.975150e-01,2.974025e-03,9.435618e-04,6.200845e-03,6.251071e-03,7.450421e-03,1.704629e-03,6.339153e-03
3.086820e-01,7.293850e-03,7.338088e-03,4.264332e-02,2.834897e-02,7.216310e-03,1.689363e-03,5.740485e-01,2.117396e-03,6.691763e-04,4.514686e-03,4.410476e-03,5.332800e-03,1.211930e-03,4.483103e-03
2.165225e-01,5.132974e-03,5.200510e-03,2.993949e-02,2.011155e-02,5.238393e-03,1.239255e-03,7.005414e-01,1.486256e-03,4.705356e-04,3.235726e-03,3.101099e-03,3.765814e-03,8.631092e-04,3.151414e-03
1.516474e-01,3.605348e-03,3.660029e-03,2.100566e-02,1.423887e-02,3.769052e-03,8.935793e-04,7.897376e-01,1.044691e-03,3.310407e-04,2.361664e-03,2.177693e-03,2.692335e-03,6.218600e-04,2.213137e-03
1.062677e-01,2.532628e-03,2.567643e-03,1.473453e-02,1.031568e-02,2.764764e-03,6.408840e-04,8.520176e-01,7.353770e-04,2.329504e-04,1.711669e-03,1.530122e-03,1.952006e-03,4.438054e-04,1.552466e-03
7.449594e-02,1.776553e-03,1.802291e-03,1.032790e-02,8.130491e-03,2.048810e-03,4.613578e-04,8.950779e-01,5.251602e-04,1.636443e-04,1.242798e-03,1.077886e-03,1.469503e-03,3.118515e-04,1.087817e-03
5.291134e-02,1.285286e-03,1.268642e-03,7.252078e-03,6.060314e-03,1.491312e-03,4.076998e-04,8.353343e-01,5.599787e-04,1.884573e-04,7.112207e-03,5.171899e-03,7.928839e-02,3.694439e-04,1.298592e-03
3.713228e-02,9.091150e-04,8.895757e-04,5.121396e-03,4.708744e-03,1.060789e-03,2.992368e-04,6.271428e-01,5.494270e-04,2.228285e-04,7.238984e-03,1.140601e-02,2.996404e-01,5.551209e-04,3.123257e-03
2.603938e-02,6.481747e-04,6.255158e-04,3.605634e-03,3.657660e-03,7.692646e-04,2.232644e-04,4.509484e-01,1.275212e-03,4.954927e-04,8.098656e-03,1.360428e-02,4.773948e-01,9.742607e-04,1.163995e-02
1.836762e-02,6.588408e-04,4.983230e-04,2.587296e-03,3.712000e-03,5.785206e-04,2.318846e-04,3.314353e-01,3.858499e-03,8.267418e-03,1.333960e-02,1.415779e-02,5.664794e-01,3.152636e-03,3.267484e-02
1.294083e-02,7.758830e-04,6.227763e-04,1.948716e-03,3.088462e-03,4.442687e-04,1.961027e-04,2.345461e-01,3.967099e-03,1.028969e-02,2.311321e-02,1.122620e-02,5.203385e-01,3.865936e-03,1.726362e-01
9.552671e-03,2.768667e-03,2.898905e-03,2.401623e-03,3.957679e-03,4.295637e-04,2.670487e-04,1.666792e-01,2.288162e-02,9.571539e-03,3.349077e-02,1.193103e-02,5.902839e-01,6.456086e-03,1.364297e-01
9.419132e-03,2.097251e-03,2.221151e-03,1.840390e-03,3.456849e-03,6.008883e-04,3.491694e-04,1.179063e-01,1.902516e-02,1.149221e-02,4.582166e-02,3.198478e-02,5.853130e-01,1.633362e-02,1.521384e-01
8.217750e-03,1.733391e-03,2.146542e-03,2.247321e-03,1.432296e-02,6.559137e-04,6.173932e-04,8.493194e-02,2.628177e-02,1.554476e-02,4.317565e-02,5.545582e-02,5.874020e-01,1.874717e-02,1.385197e-01
8.040789e-03,2.010909e-03,2.897719e-03,4.134309e-03,2.491581e-02,1.012624e-03,8.466201e-04,6.124481e-02,4.889127e-02,2.405206e-02,4.263121e-02,6.830613e-02,5.331400e-01,2.677748e-02,1.510983e-01
6.760455e-03,1.889823e-03,7.583562e-03,4.086081e-03,3.182997e-02,9.881195e-04,1.069999e-03,5.027848e-02,4.860499e-02,1.899528e-02,4.099775e-02,6.189269e-02,5.481291e-01,2.576195e-02,1.511317e-01
6.284261e-03,2.717300e-03,9.176412e-03,3.902113e-03,6.973362e-02,1.096749e-03,1.301573e-03,3.847012e-02,2.013624e-01,1.377374e-02,3.572454e-02,4.937803e-02,4.304613e-01,2.061005e-02,1.160077e-01
5.177059e-03,2.293682e-03,8.017122e-03,4.731652e-03,9.756359e-02,1.558763e-03,6.027030e-03,3.568287e-02,3.491654e-01,9.930742e-03,2.937392e-02,3.636154e-02,3.144963e-01,1.538437e-02,8.423590e-02
5.079773e-03,2.287795e-03,8.575619e-03,8.166553e-03,8.257836e-02,8.017270e-03,5.606106e-03,3.404431e-02,4.999177e-01,7.093718e-03,2.124179e-02,2.566198e-02,2.215946e-01,1.089464e-02,5.923975e-02
9.924870e-03,2.528100e-03,8.292342e-03,1.796996e-02,1.270472e-01,7.654498e-03,6.285759e-03,2.490431e-02,5.508401e-01,5.257300e-03,1.537530e-02,1.827311e-02,1.562989e-01,7.678906e-03,4.166935e-02
1.595024e-02,6.621606e-03,2.191724e-02,1.408869e-01,1.402929e-01,7.871227e-03,6.842263e-03,2.554109e-02,4.600434e-01,4.228842e-03,1.146421e-02,1.304598e-02,1.100928e-01,5.499705e-03,2.970154e-02
4.565775e-02,1.577539e-02,3.320319e-02,1.616722e-01,1.297758e-01,1.061930e-02,6.714841e-03,2.649050e-02,4.391559e-01,4.432958e-03,9.771207e-03,1.011807e-02,7.974821e-02,4.034799e-03,2.282997e-02
6.778160e-02,1.453306e-02,5.006027e-02,1.517540e-01,1.742028e-01,9.191667e-03,1.452890e-02,2.716508e-02,3.964156e-01,3.300966e-03,7.646292e-03,7.545568e-03,5.642183e-02,2.950588e-03,1.650183e-02
9.604479e-02,2.981588e-02,5.760590e-02,1.539673e-01,2.235774e-01,1.247219e-02,2.167043e-02,2.219407e-02,3.121100e-01,2.487253e-03,6.700869e-03,6.016649e-03,4.073213e-02,2.175203e-03,1.242999e-02
1.099718e-01,4.609932e-02,4.545603e-02,1.324314e-01,2.694949e-01,1.772501e-02,2.475136e-02,1.765002e-02,2.823237e-01,1.909332e-03,5.760110e-03,5.117770e-03,3.029114e-02,1.660436e-03,9.357612e-03
8.851016e-02,5.183263e-02,4.141878e-02,3.059791e-01,2.237366e-01,1.298300e-02,1.806559e-02,1.614282e-02,2.015933e-01,1.600773e-03,4.568922e-03,3.844541e-03,2.146270e-02,1.174588e-03,7.086552e-03
8.838038e-02,5.936025e-02,4.717567e-02,3.566852e-01,2.192758e-01,1.116611e-02,1.470403e-02,1.544698e-02,1.562039e-01,2.459326e-03,4.057323e-03,3.002137e-03,1.548148e-02,8.452226e-04,5.756227e-03
6.597380e-02,5.759728e-02,5.078984e-02,4.853596e-01,1.691200e-01,8.493876e-03,1.066337e-02,1.235921e-02,1.119794e-01,4.634528e-03,4.326901e-03,2.284246e-03,1.112751e-02,6.269168e-04,4.663511e-03
4.630184e-02,1.332113e-01,7.834763e-02,3.450246e-01,1.195729e-01,6.607024e-03,7.541071e-03,8.682953e-03,1.406807e-01,3.720744e-03,5.798425e-02,2.293828e-03,1.688825e-02,9.581089e-03,2.356184e-02
3.244447e-02,1.412622e-01,6.520364e-02,2.434658e-01,8.454390e-02,5.364430e-03,5.355183e-03,6.104513e-03,2.501821e-01,3.354524e-03,6.264448e-02,2.384614e-03,1.459538e-02,2.623334e-02,5.686139e-02
2.271489e-02,9.902720e-02,4.567682e-02,1.705032e-01,5.918946e-02,3.776608e-03,3.749698e-03,4.275460e-03,4.662783e-01,2.446056e-03,4.842549e-02,1.839421e-03,1.041359e-02,2.103099e-02,4.065277e-02
1.592126e-02,6.977326e-02,3.234811e-02,1.195146e-01,4.151298e-02,2.709953e-03,2.630983e-03,3.008271e-03,5.327432e-01,2.000570e-03,8.309907e-02,1.775867e-03,7.730435e-03,5.578865e-02,2.944273e-02
1.119126e-02,4.906413e-02,2.309577e-02,8.475552e-02,2.963465e-02,1.988495e-03,1.871135e-03,2.192919e-03,4.915996e-01,2.053606e-03,1.871568e-01,1.324321e-02,7.242942e-03,6.671227e-02,2.819776e-02
7.858011e-03,3.435261e-02,1.620552e-02,5.959782e-02,2.198205e-02,1.563318e-03,1.324668e-03,1.558262e-03,3.595205e-01,1.569261e-03,3.609139e-01,4.071283e-02,6.642132e-03,6.107959e-02,2.511961e-02
5.526097e-03,2.406597e-02,1.141141e-02,4.189475e-02,1.790633e-02,1.337405e-03,9.647030e-04,1.133559e-03,2.566334e-01,1.228881e-03,4.252777e-01,6.830774e-02,5.518943e-03,1.175122e-01,2.128096e-02
3.897991e-03,1.687880e-02,8.034536e-03,2.953388e-02,1.322271e-02,1.022264e-03,6.835781e-04,8.315000e-04,1.873452e-01,9.889071e-04,4.913525e-01,6.515912e-02,4.500312e-03,1.613473e-01,1.520140e-02
2.744302e-03,1.185342e-02,5.689448e-03,2.084013e-02,9.991215e-03,7.890686e-04,4.893284e-04,6.343511e-04,1.363654e-01,8.342552e-04,4.927411e-01,5.375844e-02,3.661389e-03,2.488280e-01,1.078014e-02
1.927926e-03,8.365541e-03,4.302666e-03,1.475700e-02,8.804099e-03,6.212694e-04,3.469691e-04,4.851241e-04,1.117941e-01,7.895187e-04,5.105826e-01,4.593995e-02,2.760463e-03,2.809564e-01,7.566276e-03
1.404755e-03,6.033215e-03,3.533131e-03,1.110776e-02,8.343399e-03,1.541785e-03,3.120975e-04,6.339790e-04,8.192106e-02,1.111822e-03,5.192821e-01,3.653268e-02,3.191457e-03,3.196180e-01,5.432688e-03
1.007707e-03,4.338805e-03,2.543348e-03,8.036902e-03,1.163067e-02,1.481346e-03,2.291935e-04,5.539530e-04,1.033634e-01,1.153649e-03,4.490225e-01,2.845052e-02,2.467870e-03,3.816864e-01,4.033742e-03
7.289308e-04,3.133117e-03,1.885985e-03,5.847622e-03,8.673381e-03,1.327215e-03,1.635303e-04,4.156682e-04,2.201926e-01,1.363784e-03,3.523493e-01,2.040994e-02,1.800031e-03,3.786809e-01,3.028037e-03
5.511345e-04,2.311576e-03,1.498323e-03,4.429796e-03,6.550796e-03,1.713274e-03,1.189511e-04,3.323988e-04,3.181353e-01,1.366914e-03,2.752565e-01,1.465388e-02,1.367179e-03,3.693643e-01,2.349653e-03
4.149422e-04,2.016850e-03,1.251160e-03,3.353508e-03,4.895739e-03,1.765213e-03,8.655201e-05,2.544694e-04,4.604254e-01,1.681631e-03,2.047537e-01,1.047035e-02,1.054873e-03,3.052406e-01,2.334932e-03
7.299843e-04,1.510427e-03,1.862271e-03,6.346260e-03,4.424240e-03,6.308916e-03,1.362534e-04,3.482185e-04,5.379178e-01,3.611134e-03,1.527450e-01,8.359429e-03,1.941144e-03,2.706053e-01,3.153572e-03
1.080132e-03,1.499793e-03,2.073503e-03,7.770301e-03,3.941602e-03,7.211171e-03,1.669044e-04,7.912378e-04,6.202787e-01,5.093018e-03,1.179116e-01,6.232324e-03,1.782634e-03,2.193338e-01,4.833353e-03
2.319220e-03,1.475812e-03,3.507643e-03,1.554397e-02,3.676351e-03,1.163945e-02,2.568709e-04,1.519959e-03,6.876438e-01,7.554052e-03,8.811342e-02,6.054255e-03,2.668353e-03,1.609747e-01,7.052149e-03
3.459369e-03,1.469060e-03,4.381153e-03,1.779705e-02,6.506980e-03,1.140097e-02,2.136514e-04,3.538510e-03,7.381673e-01,9.818999e-03,6.488626e-02,4.806286e-03,2.454056e-03,1.197139e-01,1.138646e-02
1.335954e-02,2.708595e-03,1.186647e-02,2.608931e-02,1.298534e-02,1.147783e-02,2.612163e-04,4.947090e-03,7.566153e-01,9.287279e-03,4.692646e-02,3.467572e-03,1.906698e-03,8.813274e-02,9.968532e-03
1.706878e-02,4.031386e-03,1.536086e-02,1.740486e-01,8.063792e-02,1.361026e-02,9.028985e-04,4.784338e-03,5.715991e-01,8.281594e-03,3.341538e-02,2.547505e-03,1.517742e-03,6.215566e-02,1.003802e-02
1.256414e-02,3.053228e-03,1.445021e-02,3.992845e-01,6.700218e-02,9.772654e-03,6.869853e-04,3.422843e-03,4.048857e-01,6.229795e-03,2.358268e-02,1.810357e-03,1.105597e-03,4.356339e-02,8.585881e-03
1.465760e-02,3.584364e-03,1.671325e-02,5.150619e-01,8.062598e-02,7.555934e-03,1.093444e-03,2.750333e-03,2.960724e-01,4.819887e-03,1.695420e-02,1.324760e-03,8.632423e-04,3.074059e-02,7.182290e-03
3.491932e-02,8.272424e-03,6.923980e-02,4.211041e-01,1.721506e-01,1.484803e-02,2.428966e-03,2.326227e-03,2.245431e-01,3.632556e-03,1.488764e-02,1.051576e-03,7.858849e-04,2.242786e-02,7.381924e-03
4.854838e-02,8.713265e-03,5.043143e-02,3.224749e-01,2.681619e-01,8.177144e-02,5.999308e-03,2.850195e-03,1.674354e-01,2.891906e-03,1.588879e-02,1.289786e-03,1.150769e-03,1.639156e-02,6.000916e-03
5.643961e-02,6.648025e-03,3.608580e-02,2.292329e-01,3.767714e-01,6.712900e-02,5.872899e-02,5.162584e-03,1.189814e-01,1.464858e-02,1.142279e-02,1.005853e-03,1.185006e-03,1.182714e-02,4.731028e-03
4.496746e-02,5.048543e-03,2.579503e-02,1.612047e-01,4.833056e-01,5.358602e-02,9.828468e-02,7.882144e-03,8.352878e-02,1.440374e-02,8.214675e-03,7.631027e-04,1.153486e-03,8.404971e-03,3.457087e-03
3.164475e-02,3.540918e-03,1.808178e-02,1.129324e-01,5.172802e-01,3.783450e-02,9.014204e-02,5.873802e-03,5.856542e-02,1.070167e-01,6.128500e-03,5.439135e-04,1.567842e-03,5.913005e-03,2.934284e-03
2.215588e-02,2.480426e-03,1.265847e-02,7.906283e-02,3.630431e-01,2.651729e-02,8.324804e-02,4.136641e-03,4.101023e-02,3.531394e-01,4.463685e-03,5.052534e-04,1.168378e-03,4.153041e-03,2.257399e-03
1.552804e-02,1.854224e-03,8.872810e-03,5.547345e-02,2.546836e-01,1.866751e-02,7.310887e-02,2.922538e-03,2.903083e-02,4.684908e-01,1.598356e-02,3.135819e-02,1.670073e-02,3.767996e-03,3.556938e-03
1.090321e-02,1.569023e-03,6.234596e-03,3.886545e-02,1.786759e-01,1.356448e-02,5.381026e-02,2.073921e-03,2.097786e-02,5.653029e-01,3.530243e-02,4.488467e-02,1.289444e-02,1.180551e-02,3.135377e-03
7.738302e-03,1.208649e-03,4.404915e-03,2.725464e-02,1.256912e-01,1.024831e-02,3.950449e-02,1.483223e-03,1.621046e-02,6.160745e-01,6.483996e-02,3.909687e-02,9.420226e-03,3.369116e-02,3.133111e-03
5.537302e-03,1.688335e-03,3.210613e-03,1.913457e-02,8.865625e-02,7.684854e-03,2.788658e-02,1.121179e-03,2.347004e-02,4.389499e-01,1.222122e-01,3.690381e-02,7.294331e-03,2.121125e-01,4.137523e-03
3.951512e-03,1.545680e-03,2.355755e-03,1.345206e-02,6.219096e-02,6.083531e-03,1.966069e-02,8.540733e-04,2.254062e-02,3.105412e-01,1.653992e-01,3.000841e-02,5.331934e-03,3.528052e-01,3.279241e-03
2.855243e-03,2.519966e-03,1.914279e-03,9.570635e-03,4.400040e-02,1.857077e-02,1.381832e-02,7.127562e-04,1.920884e-02,2.177834e-01,2.112156e-01,2.775490e-02,5.053291e-03,4.221127e-01,2.908905e-03
2.159350e-03,2.241362e-03,1.400642e-03,6.908112e-03,3.212404e-02,2.589549e-02,9.810450e-03,8.310447e-04,1.703014e-02,1.530387e-01,3.497686e-01,2.520036e-02,4.711978e-03,3.667202e-01,2.159497e-03
1.792726e-03,1.870291e-03,1.065253e-03,5.145807e-03,2.397739e-02,3.406206e-02,6.987764e-03,9.378444e-04,1.438296e-02,1.076556e-01,4.439339e-01,2.368838e-02,4.127711e-03,3.288008e-01,1.571569e-03
1.561633e-03,2.587745e-03,1.771710e-03,4.043950e-03,1.740744e-02,7.638301e-02,4.944059e-03,1.620611e-03,1.677043e-02,7.596122e-02,4.458825e-01,1.946899e-02,3.028650e-03,3.274241e-01,1.144024e-03
1.641103e-03,2.955915e-03,3.350036e-03,4.624987e-03,1.509664e-02,8.089091e-02,3.708063e-03,5.508055e-03,1.743269e-02,5.481244e-02,4.339136e-01,1.633580e-02,2.475116e-03,3.563164e-01,9.381545e-04
1.289995e-03,2.464216e-03,3.398249e-03,3.588199e-03,1.160685e-02,6.083455e-02,2.712459e-03,4.191700e-03,1.431138e-02,3.926642e-02,5.222625e-01,1.353065e-02,2.379278e-03,3.174296e-01,7.339875e-04
1.086788e-03,3.189120e-03,3.949905e-03,2.801969e-03,9.299731e-03,4.696119e-02,1.944355e-03,3.216889e-03,3.383709e-02,2.825827e-02,5.109538e-01,1.343846e-02,1.857629e-03,3.386012e-01,6.036777e-04
8.097462e-04,4.759758e-03,3.478176e-03,2.172286e-03,7.368566e-03,3.877155e-02,1.374917e-03,2.357201e-03,1.656656e-01,2.006457e-02,4.405033e-01,1.276266e-02,1.368194e-03,2.980305e-01,5.129980e-04
6.635725e-04,3.725355e-03,3.368778e-03,1.853583e-03,5.575415e-03,3.443874e-02,9.722050e-04,1.757658e-03,2.055410e-01,1.491141e-02,3.923307e-01,9.921343e-03,1.061992e-03,3.234298e-01,4.484924e-04
5.167129e-04,2.809984e-03,2.584021e-03,1.386267e-03,4.076542e-03,2.588399e-02,6.817059e-04,1.257319e-03,2.813831e-01,1.074267e-02,3.299081e-01,7.714362e-03,7.982369e-04,3.298956e-01,3.614571e-04
5.476747e-04,4.274568e-02,6.462027e-03,1.483986e-03,6.987060e-03,1.891613e-02,5.101886e-04,9.274563e-04,3.783885e-01,8.251665e-03,2.716665e-01,6.188757e-03,5.887356e-04,2.549159e-01,1.419697e-03
6.498349e-04,2.999715e-02,5.034313e-03,1.111496e-03,5.353716e-03,1.392350e-02,3.583578e-04,6.746260e-04,5.218546e-01,6.031813e-03,2.250113e-01,4.404750e-03,4.185439e-04,1.839011e-01,1.274871e-03
1.006167e-03,2.107033e-02,4.515041e-03,8.847402e-04,4.466629e-03,9.966372e-03,2.534441e-04,5.551693e-04,5.938105e-01,4.602338e-03,2.225964e-01,3.104964e-03,2.969270e-04,1.314434e-01,1.427538e-03
1.941154e-03,1.490939e-02,4.190424e-03,9.205965e-04,5.961517e-03,7.189096e-03,1.806214e-04,1.388290e-03,5.965154e-01,3.695333e-03,2.665084e-01,2.195503e-03,2.161221e-04,9.240736e-02,1.780831e-03
4.881063e-03,1.126549e-02,5.032836e-03,1.536979e-03,1.040177e-02,5.561440e-03,1.374060e-04,6.805029e-03,5.872111e-01,3.307245e-03,2.942273e-01,1.562881e-03,1.776355e-04,6.526905e-02,2.622842e-03
1.832648e-02,9.105120e-03,1.092480e-02,3.334604e-03,1.739589e-02,7.734916e-03,1.498695e-04,2.096334e-02,5.200605e-01,4.044740e-03,3.276367e-01,1.334946e-03,2.253953e-04,4.731286e-02,1.144978e-02
3.187855e-02,8.690717e-03,1.273969e-02,8.103915e-03,2.451700e-02,1.752163e-02,2.626035e-04,3.406636e-02,4.485138e-01,3.407606e-03,3.639388e-01,1.253466e-03,2.598070e-04,3.542528e-02,9.420732e-03
5.116909e-02,7.474413e-03,2.574890e-02,2.448053e-02,3.574216e-02,1.709881e-02,4.469467e-04,6.274447e-02,3.878262e-01,3.427621e-03,3.451183e-01,1.375437e-03,3.578008e-04,2.686875e-02,1.012061e-02
5.043609e-02,6.408210e-03,3.548016e-02,3.149462e-02,3.283194e-02,1.422826e-02,3.630878e-04,5.235354e-02,3.224146e-01,3.820068e-03,4.088993e-01,1.092981e-03,3.580239e-04,2.231258e-02,1.750658e-02
5.451634e-02,6.167815e-03,3.294400e-02,2.583570e-02,3.166864e-02,1.180245e-02,3.322628e-04,4.340162e-02,2.573899e-01,4.105184e-03,4.863343e-01,8.908977e-04,3.347363e-04,2.159987e-02,2.267640e-02
7.034759e-02,5.942019e-03,3.092253e-02,2.268623e-02,2.947702e-02,1.284638e-02,3.607014e-04,4.365294e-02,2.065547e-01,4.000866e-03,5.116264e-01,1.147696e-03,5.743656e-04,2.932724e-02,3.053339e-02
8.757564e-02,8.080267e-03,2.766266e-02,1.779242e-02,2.634046e-02,1.115215e-02,4.719973e-04,3.926139e-02,1.681513e-01,3.457123e-03,5.447054e-01,1.727407e-03,7.655676e-04,3.777083e-02,2.508549e-02
1.040746e-01,1.451957e-02,3.632300e-02,1.767386e-02,3.001747e-02,1.087645e-02,7.825737e-04,6.413798e-02,1.581167e-01,3.504559e-03,4.876629e-01,2.351967e-03,1.038630e-03,4.694226e-02,2.197751e-02
9.925704e-02,4.313638e-02,3.403123e-02,1.688151e-02,2.917828e-02,1.701061e-02,9.734035e-04,8.896367e-02,1.758385e-01,3.788676e-03,4.014812e-01,2.968287e-03,1.054626e-03,6.549338e-02,1.994324e-02
9.327988e-02,7.204175e-02,2.921704e-02,1.463689e-02,2.568710e-02,1.884282e-02,1.032305e-03,8.852400e-02,2.182774e-01,3.350048e-03,3.375300e-01,3.812831e-03,1.136488e-03,7.578414e-02,1.684728e-02
1.073036e-01,1.033346e-01,2.481790e-02,1.246348e-02,2.341421e-02,1.769962e-02,1.709207e-03,7.474995e-02,2.596132e-01,2.891865e-03,2.710767e-01,4.226320e-03,1.277646e-03,8.171427e-02,1.370734e-02
1.758662e-01,1.195597e-01,2.335135e-02,9.832969e-03,2.147182e-02,1.570048e-02,2.970349e-03,6.220131e-02,2.337394e-01,3.206436e-03,2.048263e-01,5.011030e-03,1.448843e-03,1.073317e-01,1.348206e-02
2.659687e-01,1.206430e-01,2.454734e-02,8.049016e-03,1.821497e-02,1.388075e-02,4.990243e-03,5.405127e-02,2.027035e-01,4.881414e-03,1.528068e-01,5.067630e-03,1.414395e-03,1.030189e-01,1.976214e-02
3.655924e-01,1.032088e-01,3.973549e-02,7.985108e-03,1.464012e-02,1.280843e-02,5.105169e-03,4.309627e-02,1.564718e-01,7.779581e-03,1.130904e-01,7.340970e-03,2.090747e-03,8.625794e-02,3.479669e-02
3.707164e-01,8.302352e-02,4.174435e-02,2.280003e-02,1.173988e-02,1.192216e-02,4.724015e-03,3.520768e-02,1.397509e-01,1.423615e-02,8.678849e-02,1.456022e-02,5.316560e-03,6.995005e-02,8.751964e-02
2.669668e-01,6.089428e-02,3.085340e-02,2.408447e-02,8.504052e-03,8.720181e-03,3.371862e-03,2.483173e-02,1.128415e-01,3.430871e-02,6.501383e-02,1.281949e-02,6.060749e-03,5.604341e-02,2.846856e-01
1.921543e-01,4.399406e-02,2.375349e-02,2.069104e-02,6.300906e-03,6.374905e-03,2.407865e-03,1.757214e-02,9.321112e-02,4.232485e-02,4.752860e-02,1.052201e-02,6.224268e-03,5.950244e-02,4.274381e-01
1.411147e-01,3.161311e-02,1.879877e-02,1.506864e-02,4.540749e-03,4.694240e-03,1.715760e-03,1.244120e-02,7.971376e-02,6.671951e-02,3.479602e-02,7.906468e-03,5.679574e-03,6.842570e-02,5.067718e-01
1.134798e-01,2.454087e-02,1.647475e-02,1.405551e-02,3.483421e-03,3.582744e-03,1.239034e-03,8.880489e-03,8.792160e-02,6.550363e-02,2.616253e-02,6.068232e-03,5.224266e-03,5.639965e-02,5.669835e-01
8.652481e-02,1.872888e-02,1.378527e-02,1.043939e-02,2.581320e-03,2.727613e-03,9.114809e-04,6.337127e-03,7.654370e-02,6.528737e-02,1.922584e-02,4.625280e-03,4.083713e-03,6.027037e-02,6.279279e-01
9.745529e-02,1.571342e-02,1.152462e-02,8.446341e-03,2.587399e-03,2.258162e-03,7.323654e-04,4.672134e-03,6.780335e-02,5.156213e-02,1.873095e-02,4.254710e-03,5.224692e-03,1.400255e-01,5.690091e-01
7.290104e-02,1.219349e-02,8.313629e-03,5.987781e-03,1.921704e-03,1.717989e-03,5.473449e-04,3.289685e-03,5.480568e-02,4.938195e-02,1.466406e-02,3.453752e-03,3.806601e-03,2.145230e-01,5.524923e-01
5.719025e-02,1.087618e-02,6.054241e-03,4.568117e-03,1.450241e-03,1.419166e-03,4.247414e-04,2.347428e-03,5.661795e-02,4.830097e-02,1.118097e-02,2.812246e-03,2.949096e-03,2.539661e-01,5.398423e-01
4.208906e-02,2.890743e-02,7.818425e-03,7.221100e-03,1.202447e-03,1.079070e-03,3.154015e-04,1.659843e-03,1.202048e-01,3.893211e-02,8.681578e-03,2.739222e-03,2.229779e-03,1.999439e-01,5.369758e-01
3.453611e-02,2.367165e-02,6.351087e-03,7.250510e-03,1.340818e-03,9.836961e-04,2.489925e-04,1.184499e-03,1.191652e-01,4.248013e-02,7.009776e-03,2.373881e-03,2.131545e-03,2.253688e-01,5.259033e-01
3.410071e-02,2.288894e-02,4.724639e-03,5.493841e-03,1.129013e-03,9.382396e-04,2.028838e-04,8.731987e-04,1.227810e-01,3.433395e-02,5.868772e-03,2.379024e-03,2.265987e-03,2.768212e-01,4.851986e-01
4.030378e-02,2.487993e-02,4.367346e-03,5.408118e-03,1.113064e-03,1.144555e-03,2.065114e-04,7.330221e-04,1.961451e-01,3.252207e-02,5.500607e-03,2.863313e-03,3.428746e-03,2.376024e-01,4.437815e-01
3.195108e-02,1.829469e-02,3.909022e-03,3.975452e-03,1.113553e-03,1.019612e-03,1.656963e-04,5.562053e-04,1.551384e-01,3.070819e-02,5.124496e-03,2.164338e-03,2.895280e-03,3.232012e-01,4.197828e-01
3.460398e-02,1.375499e-02,4.963704e-03,3.432447e-03,1.396468e-03,1.038869e-03,1.438259e-04,4.947460e-04,1.226151e-01,3.004066e-02,5.519205e-03,1.838400e-03,2.652105e-03,3.170379e-01,4.604677e-01
2.773213e-02,1.016598e-02,3.853923e-03,2.474425e-03,1.071157e-03,9.387552e-04,1.167783e-04,3.620710e-04,9.816121e-02,5.243400e-02,5.173061e-03,1.763308e-03,2.184895e-03,3.221220e-01,4.714463e-01
2.214085e-02,7.378697e-03,2.892505e-03,1.764050e-03,7.865573e-04,7.382876e-04,1.046442e-04,2.629137e-04,7.019731e-02,7.133695e-02,8.813474e-03,1.594367e-03,1.627479e-03,4.312604e-01,3.791015e-01
1.714190e-02,5.357292e-03,2.361806e-03,1.250840e-03,5.613698e-04,5.716041e-04,7.706800e-05,1.906133e-04,5.263629e-02,9.115219e-02,1.634595e-02,1.628316e-03,1.462009e-03,3.753988e-01,4.338639e-01
1.235674e-02,3.838501e-03,1.729898e-03,8.900830e-04,4.091756e-04,4.292396e-04,5.537723e-05,1.535763e-04,4.054480e-02,8.381906e-02,1.674845e-02,1.687157e-03,2.188262e-03,2.722812e-01,5.628685e-01
9.044688e-03,2.722497e-03,1.248703e-03,6.600671e-04,4.418411e-04,4.054331e-04,4.170064e-05,1.373821e-04,3.180281e-02,8.744006e-02,2.860016e-02,2.165116e-03,5.223903e-03,2.008296e-01,6.292360e-01
6.357780e-03,1.909546e-03,8.802619e-04,4.667521e-04,6.896530e-04,3.023051e-04,3.367326e-05,1.481535e-04,2.300198e-02,6.594475e-02,2.676256e-02,1.619657e-03,4.156422e-03,1.514060e-01,7.163205e-01
4.516042e-03,1.342875e-03,6.306753e-04,3.733403e-04,1.789845e-03,2.943494e-04,1.387638e-04,7.439086e-04,1.639666e-02,4.703379e-02,2.489638e-02,1.300884e-03,5.736615e-03,1.100885e-01,7.847174e-01
3.233891e-03,9.460349e-04,4.563175e-04,2.909924e-04,1.802413e-03,3.531523e-04,2.483335e-04,5.725257e-04,1.190102e-02,3.478264e-02,1.902675e-02,2.225338e-03,6.321015e-03,8.126969e-02,8.365699e-01
2.535528e-03,7.581129e-04,5.289615e-04,7.490736e-04,4.303258e-03,4.881760e-04,4.685759e-04,8.634790e-04,1.630902e-02,4.080341e-02,1.879988e-02,6.426193e-03,2.662631e-02,8.172382e-02,7.986162e-01
2.597574e-03,1.090687e-03,1.885220e-03,6.493027e-03,1.158443e-02,1.202095e-03,9.635805e-04,1.950694e-03,4.135146e-02,1.458530e-01,2.379113e-02,1.718637e-02,8.650927e-02,6.311152e-02,5.944300e-01
2.339009e-03,9.449139e-04,2.094695e-03,6.049158e-03,1.672726e-02,1.152445e-03,1.192981e-03,2.428804e-03,5.013300e-02,2.510406e-01,2.292487e-02,3.551339e-02,1.068041e-01,4.966550e-02,4.509893e-01
2.518817e-03,9.035730e-04,2.343114e-03,5.105196e-03,2.402401e-02,1.047225e-03,1.217394e-03,4.495150e-03,7.621974e-02,2.817386e-01,2.468523e-02,6.281436e-02,1.466934e-01,3.839649e-02,3.277976e-01
2.392526e-03,1.244606e-03,6.040778e-03,4.737168e-03,3.743780e-02,9.643412e-04,9.673114e-04,5.069114e-03,1.879153e-01,2.465011e-01,2.540218e-02,5.070432e-02,1.620204e-01,3.108669e-02,2.375164e-01
2.101021e-03,1.673748e-03,6.498956e-03,4.318786e-03,3.524666e-02,8.709698e-04,7.631745e-04,4.775505e-03,2.891015e-01,1.900751e-01,2.409779e-02,4.018947e-02,1.914789e-01,2.505509e-02,1.837533e-01
2.632471e-03,2.403157e-03,1.273141e-02,4.075260e-03,4.235093e-02,9.753748e-04,7.240587e-04,8.535432e-03,3.450785e-01,1.451865e-01,2.720075e-02,4.107572e-02,2.095815e-01,2.205114e-02,1.353979e-01
3.282535e-03,2.331515e-03,1.236420e-02,3.492362e-03,4.868866e-02,9.898180e-04,6.539209e-04,1.036753e-02,4.361838e-01,1.113936e-01,2.699463e-02,4.510444e-02,1.789537e-01,2.134885e-02,9.785052e-02
3.610757e-03,2.147039e-03,1.038939e-02,2.743769e-03,4.980655e-02,1.082122e-03,6.874589e-04,1.180139e-02,5.131636e-01,8.147328e-02,2.492045e-02,5.623313e-02,1.472370e-01,2.255091e-02,7.215318e-02
5.490799e-03,4.022860e-03,1.322171e-02,2.482386e-03,5.552529e-02,2.140133e-03,6.933638e-04,1.245743e-02,5.189538e-01,5.914205e-02,2.634834e-02,9.142017e-02,1.225105e-01,3.295206e-02,5.263913e-02
7.242063e-03,4.932669e-03,1.174890e-02,2.947943e-03,6.321143e-02,3.417779e-03,7.551713e-04,1.392645e-02,5.239756e-01,4.447278e-02,2.433073e-02,1.248388e-01,9.411272e-02,4.079956e-02,3.928738e-02
1.409405e-02,7.167340e-03,1.970875e-02,3.455297e-03,6.214133e-02,4.353913e-03,7.036600e-04,1.367698e-02,5.310523e-01,3.318546e-02,2.914992e-02,1.067406e-01,6.797560e-02,7.517166e-02,3.142315e-02
2.314542e-02,6.764608e-03,2.502709e-02,5.122323e-03,5.434009e-02,6.119306e-03,8.145728e-04,2.404868e-02,5.435451e-01,2.481237e-02,2.659115e-02,8.846153e-02,4.976603e-02,9.774289e-02,2.369886e-02
4.939307e-02,6.497608e-03,2.702456e-02,7.951230e-03,4.914457e-02,7.642544e-03,1.027194e-03,2.402950e-02,5.138177e-01,2.008507e-02,2.884979e-02,6.669895e-02,3.710695e-02,1.407723e-01,1.995896e-02
8.134127e-02,7.041869e-03,3.888176e-02,7.699616e-03,3.868453e-02,1.002285e-02,1.083561e-03,2.638766e-02,4.373673e-01,1.914827e-02,3.322861e-02,4.949589e-02,2.913774e-02,2.006673e-01,1.981183e-02
7.841145e-02,5.923634e-03,3.305490e-02,7.048906e-03,3.797933e-02,8.623278e-03,1.134389e-03,2.781241e-02,4.240414e-01,2.311512e-02,3.159650e-02,3.743355e-02,2.198609e-02,2.425216e-01,1.931739e-02
8.138651e-02,5.020170e-03,3.364537e-02,5.869883e-03,3.469861e-02,8.591375e-03,1.414768e-03,3.402132e-02,4.020138e-01,2.280966e-02,2.690748e-02,4.063284e-02,1.829888e-02,2.665763e-01,1.811306e-02
7.876845e-02,4.449630e-03,3.792256e-02,4.827783e-03,2.926337e-02,7.489751e-03,1.399171e-03,6.212062e-02,4.059091e-01,2.318021e-02,2.445350e-02,4.687678e-02,1.438594e-02,2.424828e-01,1.647044e-02
6.622833e-02,4.166474e-03,5.103192e-02,1.271535e-02,3.157416e-02,6.099591e-03,1.330631e-03,6.642236e-02,4.626234e-01,2.155473e-02,1.890192e-02,3.785223e-02,1.040101e-02,1.963201e-01,1.277786e-02
6.270434e-02,6.842470e-03,1.092782e-01,3.356076e-02,8.368153e-02,9.486332e-03,4.502703e-03,6.045288e-02,3.872341e-01,1.727224e-02,1.436773e-02,2.678481e-02,7.499215e-03,1.656488e-01,1.068397e-02
5.636631e-02,8.087890e-03,1.440843e-01,1.324144e-01,1.071468e-01,9.715334e-03,6.433473e-03,6.523779e-02,2.955300e-01,1.353235e-02,1.046541e-02,1.887426e-02,5.407672e-03,1.179565e-01,8.747333e-03
7.597042e-02,1.551100e-02,1.640380e-01,1.159192e-01,1.511398e-01,1.977214e-02,7.291861e-03,5.084356e-02,2.497583e-01,1.182547e-02,8.971440e-03,1.435438e-02,4.070467e-03,1.015162e-01,9.017821e-03
1.089305e-01,1.634843e-02,2.337989e-01,8.436487e-02,1.636522e-01,2.020365e-02,5.589568e-03,3.661056e-02,2.011076e-01,1.015702e-02,7.444972e-03,1.043913e-02,3.191928e-03,9.081452e-02,7.346087e-03
1.169683e-01,3.042529e-02,2.126245e-01,9.388906e-02,2.004192e-01,2.417910e-02,5.976924e-03,2.991655e-02,1.721039e-01,8.181042e-03,1.165972e-02,9.489266e-03,3.014467e-03,7.404290e-02,7.109758e-03
1.341322e-01,3.605321e-02,1.737665e-01,8.005390e-02,2.277956e-01,5.099882e-02,7.142589e-03,2.628556e-02,1.587092e-01,6.414406e-03,1.343823e-02,1.062031e-02,4.628105e-03,6.303733e-02,6.923972e-03
1.406879e-01,3.968456e-02,1.660070e-01,8.007443e-02,2.452101e-01,5.376887e-02,7.844809e-03,2.273315e-02,1.372045e-01,5.123221e-03,1.701068e-02,1.299139e-02,5.687033e-03,5.849481e-02,7.477561e-03
2.060860e-01,3.497448e-02,1.581906e-01,7.292933e-02,2.148289e-01,4.563286e-02,6.820352e-03,1.851381e-02,1.149418e-01,4.338500e-03,2.673545e-02,1.932085e-02,7.048690e-03,6.156010e-02,8.078327e-03
3.152582e-01,2.861693e-02,1.327474e-01,6.135395e-02,1.784100e-01,3.844754e-02,5.977830e-03,1.689026e-02,9.326302e-02,3.690863e-03,2.771789e-02,2.467852e-02,9.558421e-03,5.438886e-02,9.000357e-03
