1.000000e+00,0.000000e+00,0.000000e+00,0.000000e+00,0.000000e+00,0.000000e+00,0.000000e+00,0.000000e+00,0.000000e+00,0.000000e+00,0.000000e+00,0.000000e+00,0.000000e+00,0.000000e+00,0.000000e+00
1.000000e+00,0.000000e+00,0.000000e+00,0.000000e+00,0.000000e+00,0.000000e+00,0.000000e+00,0.000000e+00,0.000000e+00,0.000000e+00,0.000000e+00,0.000000e+00,0.000000e+00,0.000000e+00,0.000000e+00
1.000000e+00,0.000000e+00,0.000000e+00,0.000000e+00,0.000000e+00,0.000000e+00,0.000000e+00,0.000000e+00,0.000000e+00,0.000000e+00,0.000000e+00,0.000000e+00,0.000000e+00,0.000000e+00,0.000000e+00
1.000000e+00,0.000000e+00,0.000000e+00,0.000000e+00,0.000000e+00,0.000000e+00,0.000000e+00,0.000000e+00,0.000000e+00,0.000000e+00,0.000000e+00,0.000000e+00,0.000000e+00,0.000000e+00,0.000000e+00
1.000000e+00,0.000000e+00,0.000000e+00,0.000000e+00,0.000000e+00,0.000000e+00,0.000000e+00,0.000000e+00,0.000000e+00,0.000000e+00,0.000000e+00,0.000000e+00,0.000000e+00,0.000000e+00,0.000000e+00
1.000000e+00,0.000000e+00,0.000000e+00,0.000000e+00,0.000000e+00,0.000000e+00,0.000000e+00,0.000000e+00,0.000000e+00,0.000000e+00,0.000000e+00,0.000000e+00,0.000000e+00,0.000000e+00,0.000000e+00
1.000000e+00,0.000000e+00,0.000000e+00,0.000000e+00,0.000000e+00,0.000000e+00,0.000000e+00,0.000000e+00,0.000000e+00,0.000000e+00,0.000000e+00,0.000000e+00,0.000000e+00,0.000000e+00,0.000000e+00
1.000000e+00,0.000000e+00,0.000000e+00,0.000000e+00,0.000000e+00,0.000000e+00,0.000000e+00,0.000000e+00,0.000000e+00,0.000000e+00,0.000000e+00,0.000000e+00,0.000000e+00,0.000000e+00,0.000000e+00
1.000000e+00,0.000000e+00,0.000000e+00,0.000000e+00,0.000000e+00,0.000000e+00,0.000000e+00,0.000000e+00,0.000000e+00,0.000000e+00,0.000000e+00,0.000000e+00,0.000000e+00,0.000000e+00,0.000000e+00
1.000000e+00,0.000000e+00,0.000000e+00,0.000000e+00,0.000000e+00,0.000000e+00,0.000000e+00,0.000000e+00,0.000000e+00,0.000000e+00,0.000000e+00,0.000000e+00,0.000000e+00,0.000000e+00,0.000000e+00
1.000000e+00,0.000000e+00,0.000000e+00,0.000000e+00,0.000000e+00,0.000000e+00,0.000000e+00,0.000000e+00,0.000000e+00,0.000000e+00,0.000000e+00,0.000000e+00,0.000000e+00,0.000000e+00,0.000000e+00
1.000000e+00,0.000000e+00,0.000000e+00,0.000000e+00,0.000000e+00,0.000000e+00,0.000000e+00,0.000000e+00,0.000000e+00,0.000000e+00,0.000000e+00,0.000000e+00,0.000000e+00,0.000000e+00,0.000000e+00
1.000000e+00,0.000000e+00,0.000000e+00,0.000000e+00,0.000000e+00,0.000000e+00,0.000000e+00,0.000000e+00,0.000000e+00,0.000000e+00,0.000000e+00,0.000000e+00,0.000000e+00,0.000000e+00,0.000000e+00
1.000000e+00,0.000000e+00,0.000000e+00,0.000000e+00,0.000000e+00,0.000000e+00,0.000000e+00,0.000000e+00,0.000000e+00,0.000000e+00,0.000000e+00,0.000000e+00,0.000000e+00,0.000000e+00,0.000000e+00
1.000000e+00,0.000000e+00,0.000000e+00,0.000000e+00,0.000000e+00,0.000000e+00,0.000000e+00,0.000000e+00,0.000000e+00,0.000000e+00,0.000000e+00,0.000000e+00,0.000000e+00,0.000000e+00,0.000000e+00
1.000000e+00,0.000000e+00,0.000000e+00,0.000000e+00,0.000000e+00,0.000000e+00,0.000000e+00,0.000000e+00,0.000000e+00,0.000000e+00,0.000000e+00,0.000000e+00,0.000000e+00,0.000000e+00,0.000000e+00
1.000000e+00,0.000000e+00,0.000000e+00,0.000000e+00,0.000000e+00,0.000000e+00,0.000000e+00,0.000000e+00,0.000000e+00,0.000000e+00,0.000000e+00,0.000000e+00,0.000000e+00,0.000000e+00,0.000000e+00
1.000000e+00,0.000000e+00,0.000000e+00,0.000000e+00,0.000000e+00,0.000000e+00,0.000000e+00,0.000000e+00,0.000000e+00,0.000000e+00,0.000000e+00,0.000000e+00,0.000000e+00,0.000000e+00,0.000000e+00
1.000000e+00,0.000000e+00,0.000000e+00,0.000000e+00,0.000000e+00,0.000000e+00,0.000000e+00,0.000000e+00,0.000000e+00,0.000000e+00,0.000000e+00,0.000000e+00,0.000000e+00,0.000000e+00,0.000000e+00
1.000000e+00,0.000000e+00,0.000000e+00,0.000000e+00,0.000000e+00,0.000000e+00,0.000000e+00,0.000000e+00,0.000000e+00,0.000000e+00,0.000000e+00,0.000000e+00,0.000000e+00,0.000000e+00,0.000000e+00
1.000000e+00,0.000000e+00,0.000000e+00,0.000000e+00,0.000000e+00,0.000000e+00,0.000000e+00,0.000000e+00,0.000000e+00,0.000000e+00,0.000000e+00,0.000000e+00,0.000000e+00,0.000000e+00,0.000000e+00
1.000000e+00,0.000000e+00,0.000000e+00,0.000000e+00,0.000000e+00,0.000000e+00,0.000000e+00,0.000000e+00,0.000000e+00,0.000000e+00,0.000000e+00,0.000000e+00,0.000000e+00,0.000000e+00,0.000000e+00
1.000000e+00,0.000000e+00,0.000000e+00,0.000000e+00,0.000000e+00,0.000000e+00,0.000000e+00,0.000000e+00,0.000000e+00,0.000000e+00,0.000000e+00,0.000000e+00,0.000000e+00,0.000000e+00,0.000000e+00
1.000000e+00,0.000000e+00,0.000000e+00,0.000000e+00,0.000000e+00,0.000000e+00,0.000000e+00,0.000000e+00,0.000000e+00,0.000000e+00,0.000000e+00,0.000000e+00,0.000000e+00,0.000000e+00,0.000000e+00
1.000000e+00,0.000000e+00,0.000000e+00,0.000000e+00,0.000000e+00,0.000000e+00,0.000000e+00,0.000000e+00,0.000000e+00,0.000000e+00,0.000000e+00,0.000000e+00,0.000000e+00,0.000000e+00,0.000000e+00
1.000000e+00,0.000000e+00,0.000000e+00,0.000000e+00,0.000000e+00,0.000000e+00,0.000000e+00,0.000000e+00,0.000000e+00,0.000000e+00,0.000000e+00,0.000000e+00,0.000000e+00,0.000000e+00,0.000000e+00
1.000000e+00,0.000000e+00,0.000000e+00,0.000000e+00,0.000000e+00,0.000000e+00,0.000000e+00,0.000000e+00,0.000000e+00,0.000000e+00,0.000000e+00,0.000000e+00,0.000000e+00,0.000000e+00,0.000000e+00
1.000000e+00,0.000000e+00,0.000000e+00,0.000000e+00,0.000000e+00,0.000000e+00,0.000000e+00,0.000000e+00,0.000000e+00,0.000000e+00,0.000000e+00,0.000000e+00,0.000000e+00,0.000000e+00,0.000000e+00
1.000000e+00,0.000000e+00,0.000000e+00,0.000000e+00,0.000000e+00,0.000000e+00,0.000000e+00,0.000000e+00,0.000000e+00,0.000000e+00,0.000000e+00,0.000000e+00,0.000000e+00,0.000000e+00,0.000000e+00
1.000000e+00,0.000000e+00,0.000000e+00,0.000000e+00,0.000000e+00,0.000000e+00,0.000000e+00,0.000000e+00,0.000000e+00,0.000000e+00,0.000000e+00,0.000000e+00,0.000000e+00,0.000000e+00,0.000000e+00
1.000000e+00,0.000000e+00,0.000000e+00,0.000000e+00,0.000000e+00,0.000000e+00,0.000000e+00,0.000000e+00,0.000000e+00,0.000000e+00,0.000000e+00,0.000000e+00,0.000000e+00,0.000000e+00,0.000000e+00
1.000000e+00,0.000000e+00,0.000000e+00,0.000000e+00,0.000000e+00,0.000000e+00,0.000000e+00,0.000000e+00,0.000000e+00,0.000000e+00,0.000000e+00,0.000000e+00,0.000000e+00,0.000000e+00,0.000000e+00
1.000000e+00,0.000000e+00,0.000000e+00,0.000000e+00,0.000000e+00,0.000000e+00,0.000000e+00,0.000000e+00,0.000000e+00,0.000000e+00,0.000000e+00,0.000000e+00,0.000000e+00,0.000000e+00,0.000000e+00
1.000000e+00,0.000000e+00,0.000000e+00,0.000000e+00,0.000000e+00,0.000000e+00,0.000000e+00,0.000000e+00,0.000000e+00,0.000000e+00,0.000000e+00,0.000000e+00,0.000000e+00,0.000000e+00,0.000000e+00
1.000000e+00,0.000000e+00,0.000000e+00,0.000000e+00,0.000000e+00,0.000000e+00,0.000000e+00,0.000000e+00,0.000000e+00,0.000000e+00,0.000000e+00,0.000000e+00,0.000000e+00,0.000000e+00,0.000000e+00
1.000000e+00,0.000000e+00,0.000000e+00,0.000000e+00,0.000000e+00,0.000000e+00,0.000000e+00,0.000000e+00,0.000000e+00,0.000000e+00,0.000000e+00,0.000000e+00,0.000000e+00,0.000000e+00,0.000000e+00
1.000000e+00,0.000000e+00,0.000000e+00,0.000000e+00,0.000000e+00,0.000000e+00,0.000000e+00,0.000000e+00,0.000000e+00,0.000000e+00,0.000000e+00,0.000000e+00,0.000000e+00,0.000000e+00,0.000000e+00
1.000000e+00,0.000000e+00,0.000000e+00,0.000000e+00,0.000000e+00,0.000000e+00,0.000000e+00,0.000000e+00,0.000000e+00,0.000000e+00,0.000000e+00,0.000000e+00,0.000000e+00,0.000000e+00,0.000000e+00
1.000000e+00,0.000000e+00,0.000000e+00,0.000000e+00,0.000000e+00,0.000000e+00,0.000000e+00,0.000000e+00,0.000000e+00,0.000000e+00,0.000000e+00,0.000000e+00,0.000000e+00,0.000000e+00,0.000000e+00
1.000000e+00,0.000000e+00,0.000000e+00,0.000000e+00,0.000000e+00,0.000000e+00,0.000000e+00,0.000000e+00,0.000000e+00,0.000000e+00,0.000000e+00,0.000000e+00,0.000000e+00,0.000000e+00,0.000000e+00
1.000000e+00,0.000000e+00,0.000000e+00,0.000000e+00,0.000000e+00,0.000000e+00,0.000000e+00,0.000000e+00,0.000000e+00,0.000000e+00,0.000000e+00,0.000000e+00,0.000000e+00,0.000000e+00,0.000000e+00
1.000000e+00,0.000000e+00,0.000000e+00,0.000000e+00,0.000000e+00,0.000000e+00,0.000000e+00,0.000000e+00,0.000000e+00,0.000000e+00,0.000000e+00,0.000000e+00,0.000000e+00,0.000000e+00,0.000000e+00
1.000000e+00,0.000000e+00,0.000000e+00,0.000000e+00,0.000000e+00,0.000000e+00,0.000000e+00,0.000000e+00,0.000000e+00,0.000000e+00,0.000000e+00,0.000000e+00,0.000000e+00,0.000000e+00,0.000000e+00
1.000000e+00,0.000000e+00,0.000000e+00,0.000000e+00,0.000000e+00,0.000000e+00,0.000000e+00,0.000000e+00,0.000000e+00,0.000000e+00,0.000000e+00,0.000000e+00,0.000000e+00,0.000000e+00,0.000000e+00
1.000000e+00,0.000000e+00,0.000000e+00,0.000000e+00,0.000000e+00,0.000000e+00,0.000000e+00,0.000000e+00,0.000000e+00,0.000000e+00,0.000000e+00,0.000000e+00,0.000000e+00,0.000000e+00,0.000000e+00
1.000000e+00,0.000000e+00,0.000000e+00,0.000000e+00,0.000000e+00,0.000000e+00,0.000000e+00,0.000000e+00,0.000000e+00,0.000000e+00,0.000000e+00,0.000000e+00,0.000000e+00,0.000000e+00,0.000000e+00
1.000000e+00,0.000000e+00,0.000000e+00,0.000000e+00,0.000000e+00,0.000000e+00,0.000000e+00,0.000000e+00,0.000000e+00,0.000000e+00,0.000000e+00,0.000000e+00,0.000000e+00,0.000000e+00,0.000000e+00
1.000000e+00,0.000000e+00,0.000000e+00,0.000000e+00,0.000000e+00,0.000000e+00,0.000000e+00,0.000000e+00,0.000000e+00,0.000000e+00,0.000000e+00,0.000000e+00,0.000000e+00,0.000000e+00,0.000000e+00
1.000000e+00,0.000000e+00,0.000000e+00,0.000000e+00,0.000000e+00,0.000000e+00,0.000000e+00,0.000000e+00,0.000000e+00,0.000000e+00,0.000000e+00,0.000000e+00,0.000000e+00,0.000000e+00,0.000000e+00
1.000000e+00,0.000000e+00,0.000000e+00,0.000000e+00,0.000000e+00,0.000000e+00,0.000000e+00,0.000000e+00,0.000000e+00,0.000000e+00,0.000000e+00,0.000000e+00,0.000000e+00,0.000000e+00,0.000000e+00
1.000000e+00,0.000000e+00,0.000000e+00,0.000000e+00,0.000000e+00,0.000000e+00,0.000000e+00,0.000000e+00,0.000000e+00,0.000000e+00,0.000000e+00,0.000000e+00,0.000000e+00,0.000000e+00,0.000000e+00
1.000000e+00,0.000000e+00,0.000000e+00,0.000000e+00,0.000000e+00,0.000000e+00,0.000000e+00,0.000000e+00,0.000000e+00,0.000000e+00,0.000000e+00,0.000000e+00,0.000000e+00,0.000000e+00,0.000000e+00
1.000000e+00,0.000000e+00,0.000000e+00,0.000000e+00,0.000000e+00,0.000000e+00,0.000000e+00,0.000000e+00,0.000000e+00,0.000000e+00,0.000000e+00,0.000000e+00,0.000000e+00,0.000000e+00,0.000000e+00
1.000000e+00,0.000000e+00,0.000000e+00,0.000000e+00,0.000000e+00,0.000000e+00,0.000000e+00,0.000000e+00,0.000000e+00,0.000000e+00,0.000000e+00,0.000000e+00,0.000000e+00,0.000000e+00,0.000000e+00
1.000000e+00,0.000000e+00,0.000000e+00,0.000000e+00,0.000000e+00,0.000000e+00,0.000000e+00,0.000000e+00,0.000000e+00,0.000000e+00,0.000000e+00,0.000000e+00,0.000000e+00,0.000000e+00,0.000000e+00
1.000000e+00,0.000000e+00,0.000000e+00,0.000000e+00,0.000000e+00,0.000000e+00,0.000000e+00,0.000000e+00,0.000000e+00,0.000000e+00,0.000000e+00,0.000000e+00,0.000000e+00,0.000000e+00,0.000000e+00
1.000000e+00,0.000000e+00,0.000000e+00,0.000000e+00,0.000000e+00,0.000000e+00,0.000000e+00,0.000000e+00,0.000000e+00,0.000000e+00,0.000000e+00,0.000000e+00,0.000000e+00,0.000000e+00,0.000000e+00
1.000000e+00,0.000000e+00,0.000000e+00,0.000000e+00,0.000000e+00,0.000000e+00,0.000000e+00,0.000000e+00,0.000000e+00,0.000000e+00,0.000000e+00,0.000000e+00,0.000000e+00,0.000000e+00,0.000000e+00
1.000000e+00,0.000000e+00,0.000000e+00,0.000000e+00,0.000000e+00,0.000000e+00,0.000000e+00,0.000000e+00,0.000000e+00,0.000000e+00,0.000000e+00,0.000000e+00,0.000000e+00,0.000000e+00,0.000000e+00
4.918326e-01,1.736524e-02,1.430858e-02,4.579162e-02,6.665330e-03,1.233738e-02,3.475370e-03,3.434901e-01,5.336487e-03,1.719627e-03,9.371342e-03,1.676890e-02,1.281916e-02,2.495733e-03,1.622255e-02
3.495077e-01,1.224414e-02,1.089925e-02,3.254105e-02,5.146532e-03,9.169482e-03,3.152621e-03,5.314610e-01,3.754804e-03,1.219302e-03,6.704241e-03,1.188037e-02,9.101892e-03,1.783928e-03,1.143369e-02
2.469222e-01,8.617825e-03,8.005072e-03,2.298488e-02,3.803336e-03,6.575719e-03,2.570282e-03,6.681728e-01,2.640342e-03,8.593934e-04,4.743518e-03,8.360625e-03,6.428665e-03,1.273124e-03,8.042249e-03
1.750845e-01,6.095133e-03,5.972060e-03,1.649679e-02,2.819070e-03,4.949110e-03,2.274070e-03,7.633109e-01,1.856476e-03,6.080539e-04,3.413993e-03,5.906143e-03,4.588256e-03,9.766134e-04,5.648837e-03
1.228356e-01,4.285587e-03,4.545436e-03,1.185689e-02,2.072944e-03,3.540580e-03,1.780348e-03,8.328520e-01,1.302375e-03,4.272100e-04,2.423679e-03,4.144861e-03,3.249610e-03,7.232403e-04,3.959541e-03
8.658946e-02,3.048910e-03,3.239737e-03,8.520450e-03,2.051382e-03,2.528968e-03,1.526809e-03,8.235146e-01,1.088198e-03,7.565591e-04,6.939880e-03,1.138891e-02,4.004198e-02,5.623480e-03,3.140604e-03
6.079599e-02,2.162291e-03,2.277287e-03,6.452386e-03,2.082945e-03,1.804274e-03,1.132700e-03,6.133270e-01,1.531463e-03,1.135411e-03,1.408357e-02,3.281362e-02,2.425641e-01,9.976879e-03,7.860059e-03
4.266977e-02,1.620787e-03,1.621793e-03,4.957368e-03,2.047918e-03,1.325367e-03,9.160363e-04,4.535154e-01,6.818748e-03,1.499001e-03,1.430115e-02,5.233661e-02,3.681933e-01,1.855876e-02,2.961810e-02
3.002607e-02,1.465048e-03,1.178275e-03,4.459587e-03,1.648370e-03,1.071040e-03,7.673444e-04,3.192669e-01,2.154559e-02,1.616341e-03,1.473943e-02,5.262828e-02,4.784822e-01,1.963047e-02,5.147506e-02
2.125942e-02,1.443865e-03,8.639212e-04,4.693610e-03,1.679048e-03,8.543525e-04,6.473964e-04,2.240341e-01,4.233158e-02,1.467046e-03,2.165134e-02,5.387398e-02,5.547790e-01,1.937944e-02,5.104192e-02
1.536079e-02,2.730624e-03,9.666634e-04,2.827015e-02,2.518149e-03,2.072622e-03,6.115379e-04,1.569570e-01,6.806101e-02,2.284447e-03,3.543232e-02,4.794217e-02,5.152602e-01,1.624450e-02,1.052878e-01
1.338583e-02,1.258028e-02,2.307040e-03,1.159423e-01,2.591087e-03,4.372471e-03,4.793145e-04,1.101297e-01,9.550461e-02,2.448181e-03,4.626042e-02,4.203775e-02,4.095632e-01,1.736268e-02,1.250351e-01
1.105980e-02,1.022839e-02,2.144813e-03,9.468051e-02,5.419653e-03,4.703823e-03,4.262617e-04,7.754947e-02,1.198289e-01,2.714379e-03,9.908689e-02,5.079841e-02,3.688652e-01,1.493373e-02,1.375598e-01
9.405639e-03,8.079153e-03,4.481862e-03,7.623974e-02,5.727782e-02,3.665190e-03,5.735753e-04,5.568983e-02,1.246256e-01,2.875556e-03,1.334777e-01,5.247281e-02,3.468045e-01,1.396560e-02,1.103654e-01
8.114503e-03,6.418787e-03,6.023888e-03,5.547471e-02,1.042512e-01,2.916232e-03,6.800407e-04,4.181285e-02,1.234079e-01,2.600884e-03,1.249243e-01,5.673625e-02,3.693334e-01,1.279319e-02,8.451176e-02
8.443818e-03,5.558850e-03,1.086891e-02,4.347258e-02,8.242570e-02,3.967591e-03,7.754042e-04,3.016530e-02,1.093017e-01,3.683522e-03,1.264294e-01,6.030744e-02,4.239260e-01,1.497228e-02,7.570149e-02
8.472594e-03,4.160397e-03,8.827691e-03,3.169095e-02,6.446592e-02,4.928360e-03,7.447939e-04,2.241392e-02,8.890530e-02,3.569834e-03,1.094804e-01,5.481509e-02,5.015512e-01,1.489468e-02,8.107896e-02
7.759328e-03,3.220176e-03,7.962695e-03,2.410526e-02,5.933275e-02,4.135065e-03,6.666781e-04,1.818582e-02,8.000207e-02,3.144711e-03,8.943781e-02,4.712526e-02,5.643912e-01,1.163812e-02,7.889308e-02
8.929612e-03,2.830289e-03,9.608392e-03,1.809425e-02,9.516446e-02,3.276718e-03,1.265299e-03,3.768735e-02,1.046595e-01,3.101468e-03,7.106861e-02,3.965878e-02,5.223200e-01,1.009470e-02,7.224047e-02
1.029395e-02,3.846094e-03,1.379320e-02,1.560115e-02,1.699942e-01,3.944034e-03,4.888317e-03,5.561056e-02,1.050263e-01,2.498206e-03,5.543233e-02,3.433081e-02,4.548360e-01,7.737715e-03,6.216706e-02
1.308884e-02,5.983592e-03,1.642190e-02,1.570412e-02,1.463497e-01,4.514639e-03,4.423103e-03,1.085725e-01,1.429208e-01,2.343777e-03,4.199757e-02,3.533667e-02,3.528388e-01,8.917060e-03,1.005870e-01
1.547311e-02,1.085399e-02,1.895891e-02,1.202208e-02,1.344900e-01,5.445841e-03,8.166209e-03,1.077283e-01,1.306286e-01,2.801411e-03,3.101738e-02,2.835073e-02,2.994178e-01,8.145665e-03,1.865000e-01
2.265310e-02,1.197567e-02,2.069431e-02,9.871205e-03,1.510313e-01,8.590146e-03,1.519399e-02,9.621011e-02,1.108623e-01,2.454324e-03,2.231820e-02,2.147949e-02,3.052182e-01,6.272916e-03,1.951748e-01
3.815871e-02,1.061746e-02,2.492744e-02,8.434890e-03,1.332820e-01,1.059547e-02,1.673186e-02,7.816622e-02,1.118450e-01,2.291041e-03,1.591098e-02,1.694624e-02,3.216960e-01,5.162701e-03,2.052340e-01
6.694768e-02,1.396218e-02,3.091490e-02,8.371697e-03,1.273677e-01,2.615441e-02,2.262771e-02,9.153876e-02,9.893950e-02,2.484124e-03,1.152298e-02,1.619786e-02,2.987726e-01,4.498175e-03,1.796997e-01
6.170091e-02,2.491738e-02,1.155077e-01,6.652460e-02,9.972657e-02,2.513472e-02,1.711624e-02,7.185099e-02,8.185434e-02,1.263919e-02,9.201233e-03,1.271806e-02,2.393718e-01,3.271173e-03,1.584650e-01
5.228069e-02,2.234524e-02,2.547918e-01,6.170413e-02,8.474581e-02,2.226881e-02,1.549558e-02,6.094311e-02,6.890234e-02,9.443709e-03,6.903911e-03,9.315006e-03,2.136026e-01,2.331670e-03,1.149255e-01
8.330593e-02,2.507566e-02,2.197969e-01,5.100493e-02,9.275401e-02,3.701404e-02,1.669442e-02,5.092065e-02,6.015853e-02,6.811248e-03,5.105825e-03,8.173836e-03,2.576942e-01,1.779681e-03,8.371013e-02
1.173497e-01,2.510925e-02,2.051950e-01,6.765299e-02,1.130954e-01,3.540885e-02,2.292117e-02,5.563767e-02,6.069027e-02,4.919425e-03,3.863182e-03,8.464632e-03,2.185265e-01,1.356720e-03,5.980930e-02
1.366532e-01,2.331309e-02,1.519209e-01,6.517161e-02,1.397319e-01,5.791346e-02,2.411672e-02,8.218701e-02,7.520986e-02,3.678176e-03,3.061337e-03,8.950761e-03,1.832200e-01,1.154244e-03,4.371770e-02
1.339461e-01,1.927047e-02,1.159312e-01,8.282094e-02,1.285056e-01,5.699198e-02,2.087994e-02,2.025726e-01,5.886647e-02,2.723257e-03,2.734201e-03,7.576688e-03,1.352764e-01,9.313126e-04,3.097278e-02
1.584236e-01,1.925795e-02,8.468448e-02,9.886107e-02,1.193741e-01,5.379360e-02,1.679632e-02,2.361625e-01,5.480669e-02,3.406054e-03,2.057956e-02,9.699499e-03,9.939881e-02,1.067420e-03,2.368833e-02
1.669544e-01,2.211579e-02,6.110974e-02,1.173230e-01,9.350710e-02,4.708440e-02,1.350487e-02,1.928422e-01,5.963561e-02,5.639454e-03,4.710935e-02,4.159462e-02,1.059992e-01,1.105773e-03,2.447438e-02
1.327308e-01,1.937715e-02,4.329589e-02,1.031401e-01,6.816900e-02,4.134174e-02,1.006343e-02,1.365274e-01,5.783142e-02,4.825389e-03,5.053482e-02,3.057219e-02,2.797346e-01,8.871634e-04,2.096896e-02
1.185565e-01,2.106960e-02,3.228420e-02,9.867556e-02,5.453271e-02,3.938713e-02,8.159652e-03,9.875133e-02,6.907693e-02,5.997929e-03,6.462128e-02,2.412861e-02,3.438541e-01,8.850019e-04,2.001945e-02
1.304392e-01,2.213823e-02,4.414573e-02,1.382325e-01,4.775311e-02,3.355705e-02,6.286920e-03,8.011279e-02,7.711329e-02,1.392960e-02,6.890172e-02,2.007584e-02,2.749494e-01,3.896500e-03,3.846809e-02
1.636797e-01,2.334850e-02,4.031044e-02,1.270318e-01,4.591879e-02,2.762236e-02,5.080741e-03,6.456516e-02,7.896343e-02,1.354174e-02,6.674349e-02,1.528167e-02,2.651832e-01,7.763835e-03,5.496508e-02
1.467494e-01,3.578201e-02,3.868778e-02,1.026739e-01,3.779161e-02,2.166967e-02,3.941955e-03,4.969336e-02,1.515550e-01,1.879894e-02,5.758214e-02,1.200237e-02,2.133697e-01,1.624154e-02,9.346060e-02
1.680974e-01,4.328012e-02,8.672240e-02,9.563276e-02,3.130173e-02,1.815525e-02,3.238977e-03,4.023847e-02,1.696054e-01,1.529700e-02,5.177230e-02,1.168936e-02,1.677840e-01,1.537888e-02,8.180596e-02
2.261003e-01,4.084846e-02,9.747906e-02,7.277782e-02,2.813583e-02,1.660648e-02,2.671971e-03,3.651579e-02,1.333436e-01,1.214095e-02,5.651051e-02,1.009965e-02,1.381730e-01,3.657916e-02,9.201738e-02
2.592651e-01,3.128959e-02,7.083572e-02,5.342671e-02,2.085418e-02,1.278027e-02,2.111152e-03,2.708510e-02,1.255651e-01,1.117179e-02,5.528646e-02,1.085865e-02,1.208365e-01,1.094975e-01,8.913627e-02
2.986382e-01,2.406188e-02,5.060862e-02,3.932232e-02,1.582683e-02,1.055579e-02,1.934921e-03,2.008169e-02,1.148520e-01,1.066099e-02,4.389355e-02,2.091130e-02,1.227639e-01,1.521978e-01,7.369018e-02
2.913017e-01,2.212090e-02,4.088310e-02,3.102246e-02,1.238356e-02,8.751288e-03,1.732034e-03,1.487530e-02,1.110769e-01,1.978472e-02,3.523985e-02,2.318051e-02,1.109644e-01,2.108117e-01,6.587162e-02
2.937686e-01,1.809553e-02,3.379350e-02,2.233439e-02,9.348754e-03,7.984967e-03,1.522825e-03,1.173247e-02,9.024426e-02,1.741399e-02,3.105604e-02,2.931305e-02,1.286495e-01,2.506998e-01,5.404227e-02
2.220542e-01,1.873791e-02,3.028420e-02,1.670516e-02,7.055799e-03,7.894898e-03,1.288229e-03,8.399369e-03,6.934512e-02,3.705155e-02,2.506238e-02,6.771579e-02,1.391778e-01,3.001853e-01,4.904237e-02
1.577259e-01,1.382277e-02,2.185021e-02,1.177229e-02,4.969157e-03,5.802745e-03,9.968964e-04,5.903686e-03,5.066022e-02,4.521996e-02,1.860909e-02,6.006494e-02,1.094211e-01,4.540715e-01,3.910961e-02
1.197128e-01,1.250031e-02,1.850578e-02,9.167583e-03,4.436367e-03,4.922426e-03,1.114749e-03,4.393588e-03,6.988031e-02,1.114808e-01,1.582266e-02,6.362401e-02,1.036395e-01,3.974776e-01,6.332158e-02
9.777763e-02,9.294163e-03,1.375955e-02,6.750665e-03,4.672106e-03,3.878165e-03,9.450244e-04,3.457444e-03,7.327712e-02,1.706380e-01,1.518073e-02,4.903459e-02,8.358388e-02,3.781803e-01,8.957061e-02
7.660040e-02,9.363338e-03,1.536733e-02,5.462053e-03,1.154792e-02,3.052963e-03,9.479675e-04,3.428809e-03,1.053308e-01,1.500955e-01,1.436874e-02,3.574709e-02,6.474283e-02,2.960522e-01,2.078920e-01
6.127775e-02,8.193973e-03,1.443254e-02,4.180531e-03,2.075103e-02,2.471444e-03,8.255534e-04,3.019899e-03,1.154503e-01,1.265024e-01,1.262227e-02,2.584751e-02,5.056409e-02,2.287001e-01,3.251606e-01
4.679492e-02,6.213091e-03,1.165925e-02,2.993818e-03,1.772715e-02,2.046728e-03,7.100003e-04,2.254084e-03,1.015413e-01,1.339995e-01,9.987425e-03,1.847966e-02,3.795615e-02,2.186885e-01,3.889484e-01
4.302008e-02,4.695098e-03,9.959893e-03,2.209388e-03,1.546260e-02,1.816059e-03,6.940120e-04,2.492074e-03,9.051245e-02,1.154079e-01,9.662265e-03,1.348298e-02,2.971169e-02,1.682204e-01,4.926531e-01
4.688312e-02,5.153268e-03,5.807924e-02,1.996505e-03,2.784204e-02,4.937543e-03,1.296150e-03,1.000326e-02,8.532505e-02,9.680314e-02,1.543404e-02,9.865345e-03,2.707054e-02,1.403555e-01,4.689552e-01
4.973260e-02,1.303123e-02,1.235584e-01,3.141364e-03,5.573646e-02,4.483612e-03,3.055669e-03,1.266512e-02,7.900634e-02,1.206565e-01,1.360142e-02,7.678431e-03,2.133542e-02,1.093870e-01,3.829305e-01
4.813275e-02,1.261020e-02,8.957527e-02,2.534684e-03,4.797079e-02,3.851112e-03,2.279197e-03,9.948151e-03,9.178793e-02,2.533073e-01,1.031121e-02,5.574263e-03,1.676205e-02,8.213862e-02,3.232165e-01
6.280045e-02,1.452052e-02,6.801257e-02,9.945818e-03,4.533026e-02,5.023662e-03,1.761255e-03,1.451484e-02,2.199006e-01,1.952686e-01,1.240532e-02,5.707022e-03,2.174365e-02,6.010646e-02,2.629589e-01
5.008503e-02,1.527242e-02,5.502258e-02,3.284356e-02,3.616787e-02,4.750514e-03,1.383117e-03,1.266912e-02,2.657353e-01,1.628399e-01,3.099455e-02,7.402481e-03,4.443973e-02,4.352285e-02,2.368711e-01
3.581087e-02,1.204673e-02,4.729348e-02,2.913959e-02,2.622011e-02,3.800770e-03,1.001250e-03,1.023816e-02,2.210580e-01,2.194299e-01,5.081008e-02,9.640755e-03,8.036176e-02,3.088607e-02,2.222625e-01
2.605955e-02,1.018840e-02,3.691979e-02,2.292444e-02,1.934469e-02,3.153532e-03,7.902643e-04,7.617867e-03,3.375358e-01,1.786575e-01,4.841684e-02,2.023838e-02,9.926727e-02,2.269804e-02,1.661877e-01
1.908877e-02,8.191655e-03,2.771617e-02,2.125791e-02,1.520235e-02,2.813034e-03,6.649317e-04,6.127862e-03,2.889283e-01,1.324757e-01,9.964184e-02,3.498795e-02,1.983921e-01,1.762634e-02,1.268851e-01
1.692141e-02,6.294237e-03,1.990777e-02,1.817284e-02,1.186476e-02,5.579072e-03,9.739398e-04,4.663673e-03,2.421120e-01,9.572461e-02,8.700503e-02,6.981036e-02,3.038155e-01,2.099137e-02,9.616338e-02
1.331177e-02,4.754631e-03,1.425789e-02,1.301847e-02,2.016501e-02,4.814283e-03,8.178397e-04,3.532948e-03,2.473235e-01,7.450249e-02,8.162209e-02,5.045155e-02,2.317560e-01,1.081088e-01,1.315627e-01
1.053002e-02,4.367041e-03,1.212521e-02,9.711959e-03,2.748689e-02,4.047823e-03,1.130251e-03,3.767283e-03,2.729867e-01,5.739554e-02,8.407236e-02,3.762910e-02,1.876404e-01,1.061516e-01,1.809578e-01
9.863332e-03,4.995760e-03,1.428960e-02,7.609762e-03,2.751376e-02,6.882308e-03,1.725349e-03,1.251793e-02,2.253563e-01,4.401031e-02,6.891597e-02,2.966740e-02,1.451538e-01,2.261021e-01,1.753963e-01
1.225406e-02,6.147340e-03,1.297724e-02,7.314428e-03,3.199745e-02,8.220293e-03,1.575272e-03,1.271008e-02,1.977585e-01,4.010900e-02,5.980216e-02,2.392540e-02,1.138691e-01,2.750670e-01,1.962726e-01
1.315762e-02,5.240673e-03,1.070406e-02,5.434460e-03,2.465875e-02,7.089566e-03,1.195561e-03,9.353086e-03,1.698576e-01,4.199435e-02,5.796386e-02,1.841424e-02,9.019332e-02,3.000162e-01,2.447266e-01
1.639611e-02,5.289999e-03,1.250029e-02,4.729997e-03,2.240155e-02,6.281228e-03,1.105610e-03,7.630569e-03,2.693068e-01,3.849897e-02,7.003535e-02,1.877113e-02,9.102295e-02,2.455970e-01,1.904324e-01
1.399042e-02,5.547155e-03,1.763894e-02,4.284518e-03,2.543576e-02,5.473434e-03,1.131820e-03,7.650781e-03,2.824962e-01,3.475304e-02,9.539156e-02,1.852103e-02,9.846425e-02,2.357745e-01,1.534466e-01
1.774995e-02,6.055309e-03,2.163873e-02,9.921903e-03,2.872117e-02,7.759968e-03,2.062697e-03,1.762930e-02,3.746405e-01,2.981112e-02,8.147909e-02,1.762046e-02,7.801915e-02,1.927537e-01,1.141369e-01
2.851304e-02,1.176161e-02,2.316737e-02,8.798969e-03,4.678524e-02,1.134142e-02,3.887354e-03,1.679703e-02,3.777820e-01,2.635315e-02,7.014745e-02,2.432640e-02,7.500695e-02,1.805236e-01,9.480834e-02
5.287112e-02,1.891713e-02,2.987240e-02,1.138339e-02,5.277735e-02,1.900968e-02,3.375247e-03,3.812927e-02,3.386272e-01,2.123532e-02,5.735341e-02,3.884416e-02,7.151139e-02,1.748953e-01,7.119767e-02
4.895832e-02,1.704711e-02,2.655720e-02,1.991209e-02,4.278577e-02,2.063480e-02,2.597776e-03,6.742433e-02,4.189153e-01,1.584383e-02,4.471483e-02,3.019138e-02,5.492863e-02,1.381772e-01,5.131137e-02
5.224647e-02,2.030947e-02,2.471797e-02,1.758591e-02,4.359285e-02,2.220811e-02,2.145275e-03,8.279631e-02,4.011076e-01,1.284420e-02,3.578419e-02,2.817424e-02,4.882570e-02,1.631978e-01,4.446388e-02
4.670718e-02,1.703548e-02,2.614281e-02,2.115889e-02,4.106733e-02,1.741584e-02,1.618826e-03,8.083832e-02,5.000068e-01,1.051708e-02,2.831780e-02,2.044142e-02,3.606619e-02,1.198595e-01,3.280659e-02
4.910728e-02,1.509751e-02,2.422423e-02,2.910457e-02,5.552503e-02,2.215872e-02,1.671970e-03,7.474501e-02,5.022252e-01,8.867359e-03,2.570473e-02,1.594299e-02,3.380172e-02,1.119672e-01,2.985661e-02
5.733896e-02,1.348654e-02,3.297665e-02,3.025831e-02,6.990524e-02,1.925931e-02,1.929017e-03,9.784015e-02,4.225748e-01,6.778413e-03,2.025191e-02,1.226642e-02,3.247149e-02,1.572871e-01,2.537573e-02
1.566678e-01,1.242052e-02,3.319008e-02,3.155351e-02,5.753012e-02,1.486833e-02,1.510285e-03,1.200395e-01,3.385440e-01,5.215280e-03,2.129132e-02,1.526183e-02,3.281549e-02,1.386950e-01,2.039685e-02
2.101617e-01,1.048080e-02,3.131013e-02,2.618627e-02,4.423378e-02,1.094989e-02,1.213343e-03,1.720113e-01,2.678953e-01,3.845304e-03,2.378387e-02,2.070387e-02,4.521067e-02,1.164580e-01,1.555571e-02
2.213579e-01,9.806716e-03,2.999517e-02,2.981845e-02,4.924104e-02,9.633662e-03,1.112530e-03,2.337645e-01,2.068229e-01,3.312696e-03,2.572965e-02,1.988143e-02,3.828419e-02,1.066894e-01,1.454978e-02
1.879110e-01,7.882637e-03,2.775924e-02,2.499473e-02,4.111873e-02,7.829536e-03,1.122719e-03,3.579390e-01,1.648367e-01,2.767570e-03,2.154988e-02,1.774546e-02,2.933162e-02,9.522167e-02,1.198948e-02
1.803610e-01,7.109001e-03,3.400661e-02,2.039984e-02,3.292157e-02,6.730877e-03,1.175054e-03,4.131261e-01,1.329945e-01,2.377324e-03,2.138461e-02,1.851384e-02,2.630983e-02,9.162860e-02,1.096116e-02
2.065329e-01,8.396998e-03,3.633041e-02,1.985361e-02,3.791014e-02,6.694556e-03,1.588032e-03,4.188421e-01,1.022517e-01,2.497682e-03,2.150986e-02,2.416726e-02,2.426967e-02,7.690615e-02,1.224892e-02
2.272967e-01,9.783003e-03,3.600681e-02,2.196662e-02,3.539865e-02,6.540545e-03,1.889491e-03,4.365260e-01,7.602113e-02,2.604372e-03,2.001609e-02,2.657645e-02,2.025044e-02,6.536841e-02,1.375528e-02
1.836138e-01,1.567847e-02,3.778381e-02,2.997498e-02,6.310342e-02,6.081272e-03,1.899855e-03,4.881607e-01,5.421876e-02,2.237622e-03,1.775547e-02,2.284422e-02,1.674641e-02,4.859149e-02,1.130977e-02
1.840805e-01,1.233625e-02,2.924579e-02,2.458147e-02,6.481665e-02,5.165754e-03,1.727995e-03,5.486883e-01,3.867736e-02,1.969294e-03,1.358955e-02,1.851419e-02,1.315130e-02,3.468506e-02,8.770566e-03
1.381553e-01,9.231835e-03,2.203410e-02,1.844765e-02,6.006498e-02,3.994599e-03,1.519594e-03,6.543625e-01,2.746082e-02,1.430452e-03,9.974609e-03,1.316833e-02,9.598798e-03,2.434260e-02,6.213896e-03
1.105070e-01,6.838013e-03,1.638042e-02,1.375836e-02,5.905493e-02,3.367799e-03,1.389595e-03,7.226568e-01,1.934662e-02,1.077718e-03,7.488896e-03,9.512210e-03,7.115148e-03,1.710442e-02,4.402023e-03
1.125495e-01,4.990124e-03,1.199370e-02,1.025197e-02,5.156639e-02,4.346681e-03,1.306467e-03,7.544990e-01,1.374956e-02,8.388242e-04,5.805384e-03,7.319654e-03,5.496490e-03,1.207638e-02,3.209882e-03
1.134551e-01,3.683672e-03,8.961931e-03,7.902877e-03,4.134984e-02,4.599855e-03,1.075976e-03,7.827672e-01,1.000151e-02,6.171492e-04,4.447936e-03,5.992152e-03,4.257877e-03,8.518022e-03,2.368897e-03
1.107690e-01,2.785602e-03,6.561618e-03,7.509932e-03,3.654986e-02,3.740296e-03,8.174352e-04,8.034858e-01,7.650228e-03,4.683506e-04,3.577662e-03,4.910348e-03,3.392038e-03,6.000071e-03,1.781831e-03
8.546875e-02,2.334899e-03,8.931119e-03,1.035101e-02,2.700252e-02,6.522108e-03,6.534017e-04,5.934784e-01,1.919032e-01,6.481204e-04,2.389316e-02,1.801453e-02,7.344216e-03,1.813626e-02,5.318321e-03
8.228303e-02,4.037977e-03,1.186102e-02,2.875324e-02,1.997243e-02,1.288391e-02,2.568711e-03,4.469419e-01,2.024199e-01,7.162981e-04,2.545342e-02,6.969982e-02,4.844534e-02,2.259591e-02,2.136710e-02
6.172777e-02,3.548166e-03,1.205603e-02,2.562113e-02,1.424793e-02,1.127140e-02,3.434733e-03,3.154997e-01,3.090864e-01,1.155761e-03,1.981686e-02,8.252704e-02,3.865555e-02,2.924928e-02,7.210226e-02
4.429820e-02,2.923053e-03,9.030070e-03,1.986287e-02,1.061945e-02,8.254749e-03,2.459578e-03,2.212487e-01,3.158484e-01,1.508710e-03,2.804538e-02,7.025325e-02,2.835762e-02,5.730054e-02,1.799895e-01
3.330604e-02,2.623313e-03,6.874636e-03,1.633995e-02,8.094027e-03,6.155356e-03,1.954182e-03,1.552752e-01,2.535037e-01,3.129378e-03,6.392969e-02,1.103857e-01,2.242963e-02,1.226684e-01,1.933309e-01
2.504500e-02,2.142834e-03,4.881477e-03,1.187133e-02,6.207319e-03,4.651325e-03,1.673132e-03,1.087992e-01,1.841990e-01,5.713846e-03,1.426009e-01,1.005173e-01,1.620472e-02,2.332301e-01,1.522625e-01
1.802281e-02,1.513702e-03,3.421424e-03,8.367741e-03,4.491134e-03,3.373098e-03,1.401807e-03,7.617977e-02,1.308802e-01,5.793579e-03,1.528003e-01,8.098951e-02,1.146028e-02,3.937778e-01,1.075268e-01
1.349563e-02,1.084528e-03,2.403453e-03,5.926325e-03,3.370953e-03,2.641126e-03,1.261003e-03,5.336992e-02,9.398815e-02,5.987901e-03,1.709298e-01,8.013599e-02,8.122551e-03,4.812511e-01,7.603154e-02
9.657832e-03,1.007605e-03,1.756480e-03,4.248364e-03,2.871164e-03,3.325590e-03,1.211624e-03,3.758479e-02,6.985275e-02,5.506418e-03,2.018312e-01,1.168422e-01,5.848553e-03,4.850222e-01,5.343326e-02
6.841097e-03,9.528389e-04,1.298867e-03,3.096101e-03,2.287291e-03,4.435367e-03,9.546880e-04,2.647633e-02,5.535474e-02,5.316347e-03,2.236298e-01,1.349693e-01,4.204792e-03,4.926747e-01,3.750764e-02
4.865289e-03,2.680491e-02,3.030698e-03,3.458589e-03,8.746907e-03,9.835864e-03,7.985053e-04,1.978413e-02,7.822484e-02,1.094635e-02,2.946855e-01,1.215479e-01,3.135011e-03,3.867482e-01,2.738736e-02
3.504080e-03,2.635454e-02,3.512009e-03,2.830508e-03,8.175942e-03,1.419642e-02,5.831374e-04,1.427905e-02,1.832868e-01,1.047148e-02,2.764596e-01,9.504427e-02,2.284599e-03,3.388436e-01,2.017393e-02
2.571088e-03,2.008425e-02,3.571527e-03,2.466163e-03,8.196976e-03,2.130431e-02,4.415536e-04,1.130064e-02,3.018153e-01,9.663183e-03,2.468310e-01,7.142086e-02,1.789048e-03,2.840317e-01,1.451237e-02
1.949596e-03,1.616518e-02,3.414298e-03,2.674794e-03,6.889192e-03,1.824093e-02,3.153625e-04,8.043081e-03,4.004143e-01,8.229852e-03,2.543691e-01,5.057082e-02,1.307690e-03,2.102960e-01,1.711981e-02
2.674230e-03,1.738193e-02,5.175591e-03,7.604574e-03,9.238623e-03,2.025063e-02,2.843885e-04,6.480129e-03,4.895411e-01,7.435037e-03,2.215997e-01,3.604385e-02,1.112217e-03,1.514516e-01,2.372642e-02
3.082292e-03,1.247045e-02,1.496107e-02,1.068653e-02,1.005796e-02,1.585309e-02,2.684555e-04,2.456997e-02,4.575657e-01,6.704466e-03,2.857284e-01,2.551119e-02,1.184397e-03,1.087398e-01,2.261628e-02
7.560605e-03,9.837992e-03,6.218338e-02,1.707153e-02,1.395506e-02,1.630159e-02,3.162253e-04,2.594002e-02,4.695653e-01,5.683722e-03,2.537119e-01,1.797851e-02,1.009772e-03,7.966054e-02,1.922376e-02
9.492362e-03,7.489838e-03,2.350223e-01,4.769659e-02,1.543796e-02,1.313611e-02,3.081319e-04,3.195556e-02,3.519860e-01,4.875804e-03,1.976335e-01,1.272000e-02,8.593420e-04,5.615294e-02,1.523358e-02
1.490764e-02,6.882596e-03,2.735224e-01,1.365089e-01,1.411711e-02,1.126517e-02,2.557311e-04,2.349599e-02,2.587031e-01,5.747566e-03,1.639076e-01,8.953678e-03,7.438817e-04,4.012129e-02,4.086738e-02
2.610211e-02,6.075133e-03,3.140103e-01,1.736197e-01,1.320639e-02,1.185166e-02,2.548255e-04,1.767683e-02,1.895027e-01,8.547657e-03,1.375827e-01,6.353875e-03,7.514497e-04,2.905137e-02,6.541322e-02
4.602864e-02,6.229745e-03,3.989269e-01,1.435445e-01,1.195466e-02,1.276532e-02,2.550524e-04,1.341654e-02,1.400910e-01,1.013557e-02,1.109242e-01,4.598039e-03,7.805278e-04,2.599655e-02,7.435281e-02
8.001873e-02,1.025452e-02,4.612195e-01,1.143959e-01,1.111447e-02,1.159771e-02,2.509125e-04,1.133008e-02,1.048965e-01,9.882050e-03,8.091693e-02,3.271934e-03,6.952025e-04,2.424990e-02,7.590573e-02
9.747045e-02,1.175333e-02,4.779629e-01,1.253544e-01,1.410747e-02,9.794074e-03,2.733891e-04,3.421137e-02,7.991163e-02,7.877959e-03,5.988344e-02,2.349832e-03,6.216451e-04,1.928695e-02,5.914112e-02
8.403565e-02,1.493485e-02,4.883802e-01,1.167384e-01,1.108734e-02,7.940482e-03,2.581656e-04,4.063979e-02,5.986290e-02,1.088695e-02,4.241751e-02,1.693260e-03,5.814824e-04,1.493070e-02,1.056123e-01
7.941833e-02,1.666426e-02,4.849874e-01,9.190768e-02,8.529657e-03,8.048680e-03,2.633643e-04,4.557879e-02,4.704498e-02,1.284922e-02,3.036864e-02,1.300100e-03,6.517282e-04,1.525207e-02,1.571351e-01
6.124273e-02,1.403718e-02,4.443837e-01,9.496668e-02,6.321511e-03,6.256520e-03,1.963616e-04,5.075395e-02,6.008472e-02,4.548034e-02,3.062118e-02,2.602686e-03,6.236145e-03,1.490102e-02,1.619152e-01
4.429662e-02,1.288890e-02,3.852456e-01,7.828358e-02,4.767993e-03,5.180302e-03,2.763451e-04,3.789277e-02,8.618133e-02,4.964888e-02,3.214916e-02,1.249443e-02,1.374044e-02,5.540161e-02,1.815521e-01
3.307201e-02,1.052955e-02,3.311850e-01,6.841670e-02,3.673650e-03,4.486240e-03,3.042109e-04,3.805130e-02,9.121187e-02,4.429997e-02,3.209189e-02,2.233907e-02,1.408199e-02,1.179517e-01,1.883049e-01
2.688661e-02,8.830698e-03,2.430294e-01,4.991531e-02,2.915069e-03,3.758729e-03,3.784684e-04,2.916080e-02,8.442899e-02,4.840635e-02,3.741539e-02,2.191737e-02,1.021862e-02,1.705737e-01,2.621645e-01
2.046873e-02,7.207577e-03,1.813456e-01,3.585450e-02,2.227041e-03,3.020361e-03,3.170822e-04,2.280744e-02,1.233902e-01,3.920240e-02,7.136635e-02,1.670370e-02,7.294535e-03,2.142530e-01,2.545415e-01
1.667775e-02,5.789390e-03,1.280545e-01,2.617813e-02,1.757478e-03,4.042071e-03,2.870224e-04,1.680859e-02,9.553223e-02,2.796248e-02,1.371804e-01,1.340007e-02,5.807353e-03,3.242363e-01,1.962863e-01
1.409098e-02,4.917989e-03,8.982272e-02,1.883601e-02,1.668171e-03,3.094604e-03,3.398370e-04,1.186898e-02,9.184872e-02,2.052928e-02,2.480848e-01,1.337412e-02,5.216294e-03,3.211585e-01,1.551490e-01
1.077522e-02,5.901566e-03,6.300483e-02,1.339904e-02,2.080327e-03,5.728005e-03,5.029647e-04,8.454829e-03,7.190537e-02,1.709599e-02,3.267497e-01,1.587474e-02,5.006993e-03,3.427087e-01,1.108116e-01
7.636291e-03,5.130601e-03,4.413546e-02,9.399503e-03,1.610433e-03,8.298483e-03,3.950062e-04,5.941854e-03,5.146846e-02,7.790925e-02,4.112083e-01,1.490695e-02,3.582516e-03,2.803781e-01,7.799876e-02
5.498148e-03,8.341538e-03,3.097686e-02,6.601947e-03,1.917065e-03,1.753043e-02,3.399123e-04,4.207470e-03,4.232719e-02,1.704436e-01,4.052399e-01,2.085382e-02,2.688149e-03,2.277395e-01,5.529442e-02
4.079542e-03,7.145721e-03,2.171383e-02,4.641101e-03,1.658565e-03,2.082137e-02,2.683936e-04,3.039512e-03,3.455591e-02,2.199036e-01,4.091651e-01,4.129148e-02,1.995424e-03,1.909203e-01,3.880019e-02
2.998036e-03,5.330597e-03,1.521363e-02,3.275446e-03,1.369892e-03,1.912225e-02,2.415741e-04,2.223226e-03,2.649316e-02,2.014318e-01,4.955338e-01,5.213441e-02,1.593827e-03,1.458484e-01,2.718992e-02
2.192029e-03,4.010547e-03,1.065678e-02,2.311849e-03,1.195231e-03,1.537940e-02,1.838000e-04,1.600035e-03,2.075183e-02,1.862009e-01,5.695345e-01,4.999786e-02,1.229411e-03,1.157030e-01,1.905277e-02
1.704008e-03,4.951017e-03,7.624292e-03,2.872822e-03,3.872450e-03,3.074167e-02,3.765386e-04,3.678150e-03,3.535836e-02,2.066644e-01,5.369931e-01,4.704586e-02,1.562007e-03,1.031551e-01,1.340021e-02
1.341454e-03,4.863159e-03,5.464643e-03,2.372368e-03,4.219914e-03,4.108714e-02,4.168677e-04,3.529553e-03,8.534883e-02,1.872614e-01,4.941652e-01,5.480746e-02,1.341025e-03,1.043515e-01,9.429447e-03
2.203628e-03,8.471778e-03,1.795500e-02,1.137860e-02,9.234497e-03,4.888487e-02,3.143073e-03,6.250229e-02,1.047973e-01,1.643926e-01,3.744309e-01,4.416168e-02,1.432923e-03,1.397952e-01,7.215623e-03
2.665887e-03,8.255517e-03,1.437823e-02,9.869616e-03,8.075721e-03,5.372289e-02,2.277789e-03,4.644093e-02,1.485646e-01,1.283264e-01,3.609633e-01,3.745485e-02,1.566551e-03,1.720199e-01,5.417895e-03
3.664974e-03,2.414843e-02,1.215706e-02,1.118450e-02,1.594011e-02,5.082145e-02,1.739679e-03,3.347798e-02,2.745398e-01,9.554956e-02,2.931456e-01,3.082689e-02,1.886785e-03,1.456792e-01,5.237974e-03
4.365508e-03,2.283648e-01,1.380395e-02,1.156273e-02,2.412819e-02,4.936896e-02,1.285382e-03,2.527322e-02,2.272015e-01,6.985873e-02,2.095385e-01,2.181277e-02,1.565701e-03,1.035985e-01,8.271591e-03
9.116643e-03,2.571998e-01,4.526549e-02,2.213060e-02,4.504796e-02,5.488339e-02,1.127111e-03,2.354894e-02,2.291517e-01,5.197865e-02,1.578437e-01,1.582250e-02,1.409844e-03,7.408307e-02,1.139067e-02
1.618669e-02,2.516119e-01,9.993662e-02,2.798359e-02,6.667932e-02,5.606608e-02,8.926972e-04,2.263104e-02,2.036368e-01,3.815842e-02,1.244621e-01,1.217058e-02,1.140964e-03,5.471998e-02,2.372322e-02
2.108665e-02,2.334868e-01,7.648096e-02,2.852714e-02,7.323916e-02,5.383658e-02,7.294795e-04,2.578691e-02,2.863937e-01,2.779453e-02,9.424473e-02,1.017576e-02,1.156930e-03,4.094754e-02,2.611315e-02
3.631555e-02,1.902571e-01,7.518131e-02,4.055531e-02,7.532495e-02,5.017819e-02,6.818955e-04,4.166622e-02,2.841259e-01,2.188419e-02,7.585690e-02,9.091369e-03,1.485419e-03,3.352321e-02,6.387250e-02
4.610814e-02,1.499671e-01,7.078068e-02,4.322024e-02,7.607810e-02,6.084996e-02,8.766156e-04,7.412057e-02,3.165945e-01,1.609412e-02,5.676363e-02,9.052367e-03,1.754964e-03,2.610372e-02,5.163535e-02
5.827712e-02,1.212473e-01,6.451940e-02,4.002922e-02,7.311971e-02,8.567967e-02,6.956291e-04,8.457236e-02,2.701111e-01,1.494580e-02,4.297897e-02,6.778600e-03,1.530166e-03,2.387007e-02,1.116449e-01
8.418888e-02,1.199066e-01,9.973419e-02,4.457659e-02,8.814754e-02,1.180387e-01,5.988783e-04,7.280657e-02,2.133416e-01,1.102427e-02,3.129395e-02,4.859012e-03,1.253757e-03,2.928422e-02,8.094533e-02
9.332678e-02,1.267871e-01,1.565940e-01,3.726641e-02,9.474105e-02,1.202011e-01,6.310355e-04,5.910741e-02,1.726114e-01,8.381537e-03,2.500084e-02,3.642057e-03,1.086677e-03,4.215970e-02,5.846301e-02
8.402800e-02,1.358866e-01,1.336391e-01,3.773264e-02,1.215296e-01,1.743599e-01,2.314167e-03,7.244325e-02,1.326213e-01,6.101894e-03,1.924893e-02,2.799100e-03,1.228571e-03,3.205303e-02,4.401392e-02
7.647877e-02,1.899606e-01,1.128982e-01,7.959724e-02,1.089621e-01,1.619317e-01,3.501651e-03,8.563399e-02,1.019119e-01,4.404108e-03,1.471340e-02,2.221928e-03,1.234472e-03,2.315879e-02,3.339108e-02
6.452152e-02,2.143604e-01,1.228393e-01,1.537586e-01,8.511931e-02,1.216136e-01,2.717193e-03,6.619722e-02,8.143179e-02,7.069167e-03,1.154597e-02,1.741423e-03,1.029162e-03,1.716740e-02,4.888794e-02
