1.000000e+00,0.000000e+00,0.000000e+00,0.000000e+00,0.000000e+00,0.000000e+00,0.000000e+00,0.000000e+00,0.000000e+00,0.000000e+00,0.000000e+00,0.000000e+00,0.000000e+00,0.000000e+00,0.000000e+00
1.000000e+00,0.000000e+00,0.000000e+00,0.000000e+00,0.000000e+00,0.000000e+00,0.000000e+00,0.000000e+00,0.000000e+00,0.000000e+00,0.000000e+00,0.000000e+00,0.000000e+00,0.000000e+00,0.000000e+00
1.000000e+00,0.000000e+00,0.000000e+00,0.000000e+00,0.000000e+00,0.000000e+00,0.000000e+00,0.000000e+00,0.000000e+00,0.000000e+00,0.000000e+00,0.000000e+00,0.000000e+00,0.000000e+00,0.000000e+00
1.000000e+00,0.000000e+00,0.000000e+00,0.000000e+00,0.000000e+00,0.000000e+00,0.000000e+00,0.000000e+00,0.000000e+00,0.000000e+00,0.000000e+00,0.000000e+00,0.000000e+00,0.000000e+00,0.000000e+00
1.000000e+00,0.000000e+00,0.000000e+00,0.000000e+00,0.000000e+00,0.000000e+00,0.000000e+00,0.000000e+00,0.000000e+00,0.000000e+00,0.000000e+00,0.000000e+00,0.000000e+00,0.000000e+00,0.000000e+00
1.000000e+00,0.000000e+00,0.000000e+00,0.000000e+00,0.000000e+00,0.000000e+00,0.000000e+00,0.000000e+00,0.000000e+00,0.000000e+00,0.000000e+00,0.000000e+00,0.000000e+00,0.000000e+00,0.000000e+00
1.000000e+00,0.000000e+00,0.000000e+00,0.000000e+00,0.000000e+00,0.000000e+00,0.000000e+00,0.000000e+00,0.000000e+00,0.000000e+00,0.000000e+00,0.000000e+00,0.000000e+00,0.000000e+00,0.000000e+00
1.000000e+00,0.000000e+00,0.000000e+00,0.000000e+00,0.000000e+00,0.000000e+00,0.000000e+00,0.000000e+00,0.000000e+00,0.000000e+00,0.000000e+00,0.000000e+00,0.000000e+00,0.000000e+00,0.000000e+00
1.000000e+00,0.000000e+00,0.000000e+00,0.000000e+00,0.000000e+00,0.000000e+00,0.000000e+00,0.000000e+00,0.000000e+00,0.000000e+00,0.000000e+00,0.000000e+00,0.000000e+00,0.000000e+00,0.000000e+00
1.000000e+00,0.000000e+00,0.000000e+00,0.000000e+00,0.000000e+00,0.000000e+00,0.000000e+00,0.000000e+00,0.000000e+00,0.000000e+00,0.000000e+00,0.000000e+00,0.000000e+00,0.000000e+00,0.000000e+00
1.000000e+00,0.000000e+00,0.000000e+00,0.000000e+00,0.000000e+00,0.000000e+00,0.000000e+00,0.000000e+00,0.000000e+00,0.000000e+00,0.000000e+00,0.000000e+00,0.000000e+00,0.000000e+00,0.000000e+00
1.000000e+00,0.000000e+00,0.000000e+00,0.000000e+00,0.000000e+00,0.000000e+00,0.000000e+00,0.000000e+00,0.000000e+00,0.000000e+00,0.000000e+00,0.000000e+00,0.000000e+00,0.000000e+00,0.000000e+00
1.000000e+00,0.000000e+00,0.000000e+00,0.000000e+00,0.000000e+00,0.000000e+00,0.000000e+00,0.000000e+00,0.000000e+00,0.000000e+00,0.000000e+00,0.000000e+00,0.000000e+00,0.000000e+00,0.000000e+00
1.000000e+00,0.000000e+00,0.000000e+00,0.000000e+00,0.000000e+00,0.000000e+00,0.000000e+00,0.000000e+00,0.000000e+00,0.000000e+00,0.000000e+00,0.000000e+00,0.000000e+00,0.000000e+00,0.000000e+00
1.000000e+00,0.000000e+00,0.000000e+00,0.000000e+00,0.000000e+00,0.000000e+00,0.000000e+00,0.000000e+00,0.000000e+00,0.000000e+00,0.000000e+00,0.000000e+00,0.000000e+00,0.000000e+00,0.000000e+00
1.000000e+00,0.000000e+00,0.000000e+00,0.000000e+00,0.000000e+00,0.000000e+00,0.000000e+00,0.000000e+00,0.000000e+00,0.000000e+00,0.000000e+00,0.000000e+00,0.000000e+00,0.000000e+00,0.000000e+00
1.000000e+00,0.000000e+00,0.000000e+00,0.000000e+00,0.000000e+00,0.000000e+00,0.000000e+00,0.000000e+00,0.000000e+00,0.000000e+00,0.000000e+00,0.000000e+00,0.000000e+00,0.000000e+00,0.000000e+00
1.000000e+00,0.000000e+00,0.000000e+00,0.000000e+00,0.000000e+00,0.000000e+00,0.000000e+00,0.000000e+00,0.000000e+00,0.000000e+00,0.000000e+00,0.000000e+00,0.000000e+00,0.000000e+00,0.000000e+00
1.000000e+00,0.000000e+00,0.000000e+00,0.000000e+00,0.000000e+00,0.000000e+00,0.000000e+00,0.000000e+00,0.000000e+00,0.000000e+00,0.000000e+00,0.000000e+00,0.000000e+00,0.000000e+00,0.000000e+00
1.000000e+00,0.000000e+00,0.000000e+00,0.000000e+00,0.000000e+00,0.000000e+00,0.000000e+00,0.000000e+00,0.000000e+00,0.000000e+00,0.000000e+00,0.000000e+00,0.000000e+00,0.000000e+00,0.000000e+00
1.000000e+00,0.000000e+00,0.000000e+00,0.000000e+00,0.000000e+00,0.000000e+00,0.000000e+00,0.000000e+00,0.000000e+00,0.000000e+00,0.000000e+00,0.000000e+00,0.000000e+00,0.000000e+00,0.000000e+00
1.000000e+00,0.000000e+00,0.000000e+00,0.000000e+00,0.000000e+00,0.000000e+00,0.000000e+00,0.000000e+00,0.000000e+00,0.000000e+00,0.000000e+00,0.000000e+00,0.000000e+00,0.000000e+00,0.000000e+00
1.000000e+00,0.000000e+00,0.000000e+00,0.000000e+00,0.000000e+00,0.000000e+00,0.000000e+00,0.000000e+00,0.000000e+00,0.000000e+00,0.000000e+00,0.000000e+00,0.000000e+00,0.000000e+00,0.000000e+00
1.000000e+00,0.000000e+00,0.000000e+00,0.000000e+00,0.000000e+00,0.000000e+00,0.000000e+00,0.000000e+00,0.000000e+00,0.000000e+00,0.000000e+00,0.000000e+00,0.000000e+00,0.000000e+00,0.000000e+00
1.000000e+00,0.000000e+00,0.000000e+00,0.000000e+00,0.000000e+00,0.000000e+00,0.000000e+00,0.000000e+00,0.000000e+00,0.000000e+00,0.000000e+00,0.000000e+00,0.000000e+00,0.000000e+00,0.000000e+00
1.000000e+00,0.000000e+00,0.000000e+00,0.000000e+00,0.000000e+00,0.000000e+00,0.000000e+00,0.000000e+00,0.000000e+00,0.000000e+00,0.000000e+00,0.000000e+00,0.000000e+00,0.000000e+00,0.000000e+00
1.000000e+00,0.000000e+00,0.000000e+00,0.000000e+00,0.000000e+00,0.000000e+00,0.000000e+00,0.000000e+00,0.000000e+00,0.000000e+00,0.000000e+00,0.000000e+00,0.000000e+00,0.000000e+00,0.000000e+00
1.000000e+00,0.000000e+00,0.000000e+00,0.000000e+00,0.000000e+00,0.000000e+00,0.000000e+00,0.000000e+00,0.000000e+00,0.000000e+00,0.000000e+00,0.000000e+00,0.000000e+00,0.000000e+00,0.000000e+00
1.000000e+00,0.000000e+00,0.000000e+00,0.000000e+00,0.000000e+00,0.000000e+00,0.000000e+00,0.000000e+00,0.000000e+00,0.000000e+00,0.000000e+00,0.000000e+00,0.000000e+00,0.000000e+00,0.000000e+00
1.000000e+00,0.000000e+00,0.000000e+00,0.000000e+00,0.000000e+00,0.000000e+00,0.000000e+00,0.000000e+00,0.000000e+00,0.000000e+00,0.000000e+00,0.000000e+00,0.000000e+00,0.000000e+00,0.000000e+00
1.000000e+00,0.000000e+00,0.000000e+00,0.000000e+00,0.000000e+00,0.000000e+00,0.000000e+00,0.000000e+00,0.000000e+00,0.000000e+00,0.000000e+00,0.000000e+00,0.000000e+00,0.000000e+00,0.000000e+00
1.000000e+00,0.000000e+00,0.000000e+00,0.000000e+00,0.000000e+00,0.000000e+00,0.000000e+00,0.000000e+00,0.000000e+00,0.000000e+00,0.000000e+00,0.000000e+00,0.000000e+00,0.000000e+00,0.000000e+00
1.000000e+00,0.000000e+00,0.000000e+00,0.000000e+00,0.000000e+00,0.000000e+00,0.000000e+00,0.000000e+00,0.000000e+00,0.000000e+00,0.000000e+00,0.000000e+00,0.000000e+00,0.000000e+00,0.000000e+00
1.000000e+00,0.000000e+00,0.000000e+00,0.000000e+00,0.000000e+00,0.000000e+00,0.000000e+00,0.000000e+00,0.000000e+00,0.000000e+00,0.000000e+00,0.000000e+00,0.000000e+00,0.000000e+00,0.000000e+00
1.000000e+00,0.000000e+00,0.000000e+00,0.000000e+00,0.000000e+00,0.000000e+00,0.000000e+00,0.000000e+00,0.000000e+00,0.000000e+00,0.000000e+00,0.000000e+00,0.000000e+00,0.000000e+00,0.000000e+00
1.000000e+00,0.000000e+00,0.000000e+00,0.000000e+00,0.000000e+00,0.000000e+00,0.000000e+00,0.000000e+00,0.000000e+00,0.000000e+00,0.000000e+00,0.000000e+00,0.000000e+00,0.000000e+00,0.000000e+00
1.000000e+00,0.000000e+00,0.000000e+00,0.000000e+00,0.000000e+00,0.000000e+00,0.000000e+00,0.000000e+00,0.000000e+00,0.000000e+00,0.000000e+00,0.000000e+00,0.000000e+00,0.000000e+00,0.000000e+00
1.000000e+00,0.000000e+00,0.000000e+00,0.000000e+00,0.000000e+00,0.000000e+00,0.000000e+00,0.000000e+00,0.000000e+00,0.000000e+00,0.000000e+00,0.000000e+00,0.000000e+00,0.000000e+00,0.000000e+00
1.000000e+00,0.000000e+00,0.000000e+00,0.000000e+00,0.000000e+00,0.000000e+00,0.000000e+00,0.000000e+00,0.000000e+00,0.000000e+00,0.000000e+00,0.000000e+00,0.000000e+00,0.000000e+00,0.000000e+00
1.000000e+00,0.000000e+00,0.000000e+00,0.000000e+00,0.000000e+00,0.000000e+00,0.000000e+00,0.000000e+00,0.000000e+00,0.000000e+00,0.000000e+00,0.000000e+00,0.000000e+00,0.000000e+00,0.000000e+00
1.000000e+00,0.000000e+00,0.000000e+00,0.000000e+00,0.000000e+00,0.000000e+00,0.000000e+00,0.000000e+00,0.000000e+00,0.000000e+00,0.000000e+00,0.000000e+00,0.000000e+00,0.000000e+00,0.000000e+00
1.000000e+00,0.000000e+00,0.000000e+00,0.000000e+00,0.000000e+00,0.000000e+00,0.000000e+00,0.000000e+00,0.000000e+00,0.000000e+00,0.000000e+00,0.000000e+00,0.000000e+00,0.000000e+00,0.000000e+00
1.000000e+00,0.000000e+00,0.000000e+00,0.000000e+00,0.000000e+00,0.000000e+00,0.000000e+00,0.000000e+00,0.000000e+00,0.000000e+00,0.000000e+00,0.000000e+00,0.000000e+00,0.000000e+00,0.000000e+00
1.000000e+00,0.000000e+00,0.000000e+00,0.000000e+00,0.000000e+00,0.000000e+00,0.000000e+00,0.000000e+00,0.000000e+00,0.000000e+00,0.000000e+00,0.000000e+00,0.000000e+00,0.000000e+00,0.000000e+00
1.000000e+00,0.000000e+00,0.000000e+00,0.000000e+00,0.000000e+00,0.000000e+00,0.000000e+00,0.000000e+00,0.000000e+00,0.000000e+00,0.000000e+00,0.000000e+00,0.000000e+00,0.000000e+00,0.000000e+00
1.000000e+00,0.000000e+00,0.000000e+00,0.000000e+00,0.000000e+00,0.000000e+00,0.000000e+00,0.000000e+00,0.000000e+00,0.000000e+00,0.000000e+00,0.000000e+00,0.000000e+00,0.000000e+00,0.000000e+00
1.000000e+00,0.000000e+00,0.000000e+00,0.000000e+00,0.000000e+00,0.000000e+00,0.000000e+00,0.000000e+00,0.000000e+00,0.000000e+00,0.000000e+00,0.000000e+00,0.000000e+00,0.000000e+00,0.000000e+00
1.000000e+00,0.000000e+00,0.000000e+00,0.000000e+00,0.000000e+00,0.000000e+00,0.000000e+00,0.000000e+00,0.000000e+00,0.000000e+00,0.000000e+00,0.000000e+00,0.000000e+00,0.000000e+00,0.000000e+00
1.000000e+00,0.000000e+00,0.000000e+00,0.000000e+00,0.000000e+00,0.000000e+00,0.000000e+00,0.000000e+00,0.000000e+00,0.000000e+00,0.000000e+00,0.000000e+00,0.000000e+00,0.000000e+00,0.000000e+00
1.000000e+00,0.000000e+00,0.000000e+00,0.000000e+00,0.000000e+00,0.000000e+00,0.000000e+00,0.000000e+00,0.000000e+00,0.000000e+00,0.000000e+00,0.000000e+00,0.000000e+00,0.000000e+00,0.000000e+00
4.921209e-01,3.369774e-02,1.127604e-01,1.297456e-01,1.118841e-02,2.345192e-02,5.673794e-03,2.166669e-02,1.465950e-02,3.359448e-03,2.340173e-02,5.072055e-02,3.064175e-02,4.904949e-03,4.200655e-02
1.000000e+00,0.000000e+00,0.000000e+00,0.000000e+00,0.000000e+00,0.000000e+00,0.000000e+00,0.000000e+00,0.000000e+00,0.000000e+00,0.000000e+00,0.000000e+00,0.000000e+00,0.000000e+00,0.000000e+00
4.426808e-01,2.924775e-02,1.455740e-01,2.053253e-01,1.113183e-02,1.747723e-02,4.102631e-03,1.832514e-02,1.149090e-02,2.555037e-03,1.811225e-02,3.726745e-02,2.183913e-02,3.706538e-03,3.116397e-02
1.000000e+00,0.000000e+00,0.000000e+00,0.000000e+00,0.000000e+00,0.000000e+00,0.000000e+00,0.000000e+00,0.000000e+00,0.000000e+00,0.000000e+00,0.000000e+00,0.000000e+00,0.000000e+00,0.000000e+00
1.000000e+00,0.000000e+00,0.000000e+00,0.000000e+00,0.000000e+00,0.000000e+00,0.000000e+00,0.000000e+00,0.000000e+00,0.000000e+00,0.000000e+00,0.000000e+00,0.000000e+00,0.000000e+00,0.000000e+00
1.000000e+00,0.000000e+00,0.000000e+00,0.000000e+00,0.000000e+00,0.000000e+00,0.000000e+00,0.000000e+00,0.000000e+00,0.000000e+00,0.000000e+00,0.000000e+00,0.000000e+00,0.000000e+00,0.000000e+00
1.000000e+00,0.000000e+00,0.000000e+00,0.000000e+00,0.000000e+00,0.000000e+00,0.000000e+00,0.000000e+00,0.000000e+00,0.000000e+00,0.000000e+00,0.000000e+00,0.000000e+00,0.000000e+00,0.000000e+00
1.000000e+00,0.000000e+00,0.000000e+00,0.000000e+00,0.000000e+00,0.000000e+00,0.000000e+00,0.000000e+00,0.000000e+00,0.000000e+00,0.000000e+00,0.000000e+00,0.000000e+00,0.000000e+00,0.000000e+00
1.000000e+00,0.000000e+00,0.000000e+00,0.000000e+00,0.000000e+00,0.000000e+00,0.000000e+00,0.000000e+00,0.000000e+00,0.000000e+00,0.000000e+00,0.000000e+00,0.000000e+00,0.000000e+00,0.000000e+00
1.000000e+00,0.000000e+00,0.000000e+00,0.000000e+00,0.000000e+00,0.000000e+00,0.000000e+00,0.000000e+00,0.000000e+00,0.000000e+00,0.000000e+00,0.000000e+00,0.000000e+00,0.000000e+00,0.000000e+00
1.000000e+00,0.000000e+00,0.000000e+00,0.000000e+00,0.000000e+00,0.000000e+00,0.000000e+00,0.000000e+00,0.000000e+00,0.000000e+00,0.000000e+00,0.000000e+00,0.000000e+00,0.000000e+00,0.000000e+00
1.000000e+00,0.000000e+00,0.000000e+00,0.000000e+00,0.000000e+00,0.000000e+00,0.000000e+00,0.000000e+00,0.000000e+00,0.000000e+00,0.000000e+00,0.000000e+00,0.000000e+00,0.000000e+00,0.000000e+00
1.000000e+00,0.000000e+00,0.000000e+00,0.000000e+00,0.000000e+00,0.000000e+00,0.000000e+00,0.000000e+00,0.000000e+00,0.000000e+00,0.000000e+00,0.000000e+00,0.000000e+00,0.000000e+00,0.000000e+00
1.000000e+00,0.000000e+00,0.000000e+00,0.000000e+00,0.000000e+00,0.000000e+00,0.000000e+00,0.000000e+00,0.000000e+00,0.000000e+00,0.000000e+00,0.000000e+00,0.000000e+00,0.000000e+00,0.000000e+00
3.907453e-01,6.233349e-03,1.115966e-02,2.913618e-02,3.685635e-03,1.112604e-02,5.019374e-03,5.080470e-01,1.562877e-03,7.487059e-04,3.958425e-03,1.268579e-02,7.965391e-03,1.400925e-03,6.525314e-03
3.492270e-01,4.922268e-03,9.291968e-03,2.153441e-02,3.620739e-03,1.229073e-02,5.445101e-03,5.648609e-01,1.170372e-03,6.386844e-04,3.253523e-03,1.034679e-02,6.686213e-03,1.235209e-03,5.476034e-03
2.734215e-01,4.169940e-03,7.699498e-03,1.637284e-02,3.074726e-03,9.569284e-03,4.317300e-03,6.531081e-01,1.100699e-03,6.426693e-04,3.852955e-03,1.010659e-02,5.897941e-03,2.193790e-03,4.472175e-03
2.225655e-01,4.104873e-03,6.734433e-03,4.330570e-02,2.703299e-03,9.178450e-03,3.951578e-03,5.410159e-01,5.361861e-03,1.451963e-03,1.078449e-02,7.380427e-02,5.368509e-02,1.242879e-02,8.923849e-03
1.817966e-01,4.041654e-03,5.842900e-03,5.880323e-02,2.163797e-03,8.995760e-03,3.309921e-03,4.251529e-01,2.318051e-02,2.598286e-03,2.393637e-02,1.244446e-01,6.412192e-02,4.697220e-02,2.463931e-02
1.466139e-01,6.210341e-03,5.475350e-03,5.306229e-02,2.905053e-03,7.572863e-03,3.000948e-03,3.000444e-01,6.637439e-02,3.738487e-03,2.342229e-02,1.127815e-01,4.869668e-02,4.333821e-02,1.767633e-01
1.224870e-01,6.779139e-03,6.571411e-03,4.081672e-02,3.529555e-03,1.075383e-02,2.569969e-03,2.135850e-01,6.809142e-02,3.902778e-03,9.840047e-02,1.190836e-01,3.645299e-02,3.842427e-02,2.285518e-01
9.503269e-02,6.394743e-03,7.441231e-03,3.351532e-02,3.905059e-03,1.157258e-02,2.345960e-03,1.509241e-01,6.283913e-02,4.625766e-03,1.727973e-01,1.093016e-01,2.793757e-02,8.125465e-02,2.301122e-01
7.393748e-02,5.324318e-03,5.531781e-03,2.526912e-02,4.358882e-03,8.986440e-03,2.304489e-03,1.064533e-01,5.024162e-02,6.907018e-03,2.610197e-01,9.886104e-02,2.130678e-02,1.287530e-01,2.007450e-01
5.290359e-02,4.211722e-03,4.036013e-03,1.815698e-02,3.700595e-03,6.470828e-03,1.938981e-03,7.480268e-02,3.770702e-02,1.766558e-02,3.377267e-01,8.922534e-02,1.534336e-02,1.822600e-01,1.538506e-01
3.821811e-02,3.140686e-03,2.923044e-03,1.360379e-02,3.960601e-03,5.117933e-03,1.533886e-03,5.243427e-02,2.950346e-02,2.303346e-02,3.663814e-01,1.452654e-01,1.164188e-02,1.909212e-01,1.123209e-01
2.739676e-02,2.392540e-03,2.078615e-03,9.727745e-03,5.740446e-03,4.866114e-03,1.164394e-03,3.680564e-02,2.203367e-02,1.786512e-02,3.524593e-01,2.774971e-01,8.390919e-03,1.527733e-01,7.880825e-02
1.948997e-02,1.733095e-03,1.468724e-03,6.861592e-03,5.366885e-03,3.806959e-03,8.707926e-04,2.580730e-02,1.574331e-02,1.342412e-02,3.229060e-01,4.018280e-01,6.018614e-03,1.194625e-01,5.521207e-02
1.376625e-02,1.243258e-03,1.045057e-03,4.851598e-03,4.391454e-03,2.932875e-03,7.115994e-04,1.809269e-02,1.116278e-02,9.577524e-03,2.904188e-01,5.064341e-01,4.320667e-03,9.237484e-02,3.867643e-02
9.755836e-03,1.167424e-03,8.536647e-04,3.588794e-03,1.333113e-02,2.607242e-03,6.947467e-04,1.278802e-02,8.868410e-03,6.936816e-03,2.245474e-01,6.090429e-01,3.243885e-03,7.534610e-02,2.722758e-02
6.872186e-03,1.057727e-03,6.796248e-04,2.609880e-03,1.265120e-02,2.721174e-03,5.529958e-04,9.090801e-03,6.620192e-03,5.186273e-03,1.835988e-01,6.843733e-01,2.346933e-03,6.253619e-02,1.910277e-02
4.823141e-03,8.917579e-04,5.176834e-04,1.896501e-03,1.035774e-02,1.982739e-03,4.178707e-04,6.431822e-03,7.957937e-03,4.149530e-03,2.127466e-01,6.810914e-01,1.719783e-03,5.162942e-02,1.338607e-02
3.409586e-03,1.290084e-03,8.382961e-04,2.160956e-03,1.710704e-02,1.654845e-03,4.007232e-04,1.077502e-02,2.750491e-02,3.826329e-03,2.103461e-01,6.598921e-01,1.423758e-03,4.994617e-02,9.424082e-03
2.508831e-03,1.545939e-03,1.669523e-03,2.119269e-03,1.585603e-02,1.384409e-03,3.163790e-04,9.183889e-03,2.280505e-01,3.542201e-03,2.095527e-01,4.787878e-01,1.261926e-03,3.710638e-02,7.114245e-03
1.859852e-03,3.424143e-03,3.330677e-03,2.701137e-03,2.110263e-02,1.655382e-03,3.014661e-04,7.195486e-03,4.052798e-01,3.377008e-03,1.753410e-01,3.413288e-01,9.669723e-04,2.632065e-02,5.815007e-03
1.855735e-03,3.238250e-03,5.569822e-03,3.357548e-03,2.450617e-02,4.538781e-03,5.727240e-04,7.979576e-03,5.234320e-01,2.676309e-03,1.575747e-01,2.407409e-01,7.476563e-04,1.864001e-02,4.569842e-03
4.390573e-03,4.193412e-03,6.625348e-02,1.983813e-02,9.002367e-02,1.016637e-02,2.852989e-03,2.368846e-02,4.600615e-01,2.245891e-03,1.294171e-01,1.691663e-01,6.830752e-04,1.317160e-02,3.847535e-03
7.735613e-03,7.939942e-03,9.312136e-02,2.178427e-02,1.902053e-01,1.583659e-02,3.495084e-03,1.796281e-02,3.764889e-01,2.294670e-03,1.257343e-01,1.186284e-01,6.631163e-04,1.035123e-02,7.758497e-03
1.670626e-02,1.364692e-02,8.356737e-02,6.279624e-02,2.665716e-01,1.904328e-02,4.186018e-03,1.525803e-02,2.921495e-01,2.650910e-03,1.069834e-01,8.322041e-02,2.292278e-03,8.094956e-03,2.283284e-02
3.794512e-02,2.337104e-02,6.972644e-02,7.976215e-02,3.042070e-01,1.849231e-02,5.368473e-03,1.169768e-02,2.400527e-01,3.968472e-03,9.812999e-02,5.852658e-02,5.031022e-03,6.474036e-03,3.724694e-02
4.341815e-02,3.279778e-02,6.360828e-02,1.212163e-01,2.576743e-01,1.809736e-02,5.013410e-03,1.171277e-02,1.948711e-01,5.575678e-03,1.176789e-01,4.164723e-02,6.282390e-03,5.164850e-03,7.524156e-02
5.549442e-02,3.552277e-02,6.259657e-02,1.338375e-01,2.298656e-01,2.126526e-02,5.181490e-03,1.268444e-02,1.618336e-01,7.578040e-03,1.347969e-01,2.987426e-02,6.204199e-03,4.610847e-03,9.865411e-02
5.923202e-02,3.460772e-02,7.328671e-02,1.831280e-01,1.976824e-01,2.554912e-02,5.129683e-03,2.199497e-02,1.336526e-01,1.006177e-02,1.181060e-01,2.140958e-02,5.562507e-03,4.508351e-03,1.060885e-01
8.066520e-02,4.232410e-02,7.528472e-02,1.612042e-01,1.569051e-01,3.957410e-02,4.333169e-03,2.100945e-02,1.879559e-01,1.650765e-02,9.146859e-02,1.548499e-02,5.584320e-03,4.567814e-03,9.713064e-02
1.178797e-01,4.618914e-02,9.324549e-02,1.344815e-01,1.284793e-01,5.976446e-02,3.294389e-03,2.218619e-02,2.037593e-01,1.670447e-02,7.429352e-02,1.150462e-02,4.406889e-03,6.949529e-03,7.686150e-02
1.758465e-01,6.753777e-02,8.279624e-02,1.276278e-01,1.030394e-01,5.353386e-02,3.024364e-03,3.092236e-02,1.926237e-01,1.341413e-02,5.648150e-02,1.067852e-02,4.430062e-03,9.921705e-03,6.812208e-02
1.380476e-01,5.164342e-02,1.204341e-01,2.672220e-01,7.673947e-02,3.901133e-02,2.281598e-03,2.727475e-02,1.475982e-01,1.135097e-02,4.271132e-02,8.197402e-03,3.582060e-03,7.406852e-03,5.649889e-02
9.723766e-02,3.965230e-02,1.592893e-01,2.475618e-01,5.426430e-02,2.796405e-02,1.636229e-03,1.914793e-02,1.196484e-01,2.038143e-02,7.161745e-02,5.977520e-03,2.869210e-03,1.394949e-02,1.188029e-01
6.856507e-02,2.917861e-02,1.145464e-01,1.758192e-01,3.946820e-02,2.110211e-02,1.241824e-03,1.348331e-02,1.738707e-01,3.904453e-02,1.277722e-01,4.751089e-03,1.206302e-02,4.236502e-02,1.367287e-01
4.827008e-02,2.147165e-02,8.063836e-02,1.239239e-01,2.816846e-02,1.542358e-02,9.151361e-04,9.507435e-03,2.806070e-01,3.665261e-02,1.622068e-01,3.637733e-03,1.507949e-02,4.287330e-02,1.306246e-01
3.386570e-02,1.517363e-02,5.670502e-02,8.701098e-02,1.986197e-02,1.083419e-02,6.493180e-04,6.681844e-03,4.747914e-01,3.008191e-02,1.168754e-01,2.607128e-03,1.155509e-02,3.679265e-02,9.651382e-02
2.394259e-02,1.091822e-02,4.070041e-02,6.139097e-02,1.403432e-02,7.774219e-03,5.655055e-04,4.719578e-03,5.537997e-01,3.878025e-02,8.392195e-02,3.173211e-03,9.571467e-03,6.234081e-02,8.436681e-02
1.694219e-02,7.844394e-03,2.871473e-02,4.305206e-02,9.868803e-03,5.592693e-03,4.943949e-04,3.318797e-03,4.174590e-01,3.297803e-02,6.162693e-02,2.492968e-03,7.110202e-03,2.799607e-01,8.254422e-02
1.206023e-02,5.686781e-03,2.027894e-02,3.015596e-02,6.967761e-03,4.140277e-03,4.227186e-04,2.356916e-03,3.188272e-01,7.666343e-02,4.590717e-02,3.001712e-03,8.334834e-03,3.704661e-01,9.472997e-02
8.861758e-03,4.176417e-03,1.438604e-02,2.118883e-02,5.011585e-03,3.165105e-03,4.437525e-04,1.719023e-03,2.699960e-01,1.145629e-01,4.462606e-02,4.323889e-03,1.645013e-02,3.426794e-01,1.484089e-01
9.266982e-03,3.170243e-03,1.077642e-02,1.515276e-02,4.009346e-03,2.637999e-03,4.540069e-04,1.638196e-03,1.959532e-01,1.716918e-01,8.607195e-02,1.145871e-02,1.871226e-02,2.828858e-01,1.861203e-01
6.577521e-03,2.464232e-03,7.914528e-03,1.065909e-02,3.361119e-03,1.929032e-03,3.428385e-04,1.219961e-03,1.507293e-01,1.736931e-01,8.548598e-02,8.972749e-03,1.638389e-02,2.570690e-01,2.731976e-01
4.782343e-03,2.126186e-03,5.857894e-03,7.520834e-03,2.883989e-03,1.850400e-03,3.166843e-04,1.110528e-03,1.308579e-01,1.772572e-01,8.866874e-02,8.207304e-03,1.493120e-02,2.486975e-01,3.049313e-01
4.167251e-03,4.345754e-03,7.800548e-03,5.543818e-03,3.305898e-03,6.436541e-03,3.643328e-04,1.968866e-03,1.573593e-01,1.303510e-01,1.364130e-01,1.014694e-02,2.487314e-02,2.608261e-01,2.460975e-01
3.336230e-03,3.490939e-03,5.882866e-03,4.409996e-03,4.028498e-03,6.144057e-03,2.947972e-04,1.535941e-03,2.404252e-01,9.546891e-02,1.430951e-01,8.270294e-03,2.236899e-02,2.527028e-01,2.085454e-01
3.821481e-03,4.498393e-03,8.084824e-03,4.196058e-03,4.667250e-03,5.008116e-03,4.046092e-04,4.955803e-03,3.935257e-01,7.004810e-02,1.237538e-01,9.141224e-03,1.864052e-02,1.977469e-01,1.515072e-01
3.698879e-03,7.561976e-03,7.091668e-03,3.343522e-03,3.807758e-03,3.897151e-03,3.239921e-04,3.703605e-03,4.929850e-01,5.337214e-02,9.646640e-02,8.299147e-03,1.434678e-02,1.679253e-01,1.331767e-01
3.489059e-03,9.014012e-03,5.929333e-03,2.607914e-03,3.385445e-03,3.307082e-03,2.426210e-04,3.103765e-03,5.588120e-01,3.949411e-02,7.158374e-02,6.628994e-03,1.107074e-02,1.755364e-01,1.057948e-01
4.894942e-03,1.170260e-02,1.332007e-02,2.421630e-03,1.227543e-02,3.133795e-03,2.946814e-04,6.554127e-03,5.784833e-01,2.971522e-02,5.404656e-02,5.461816e-03,9.340241e-03,1.905159e-01,7.783970e-02
9.471333e-03,1.126113e-02,1.448845e-02,2.668980e-03,2.027765e-02,5.914889e-03,3.153032e-04,1.399350e-02,6.156195e-01,2.300973e-02,4.623752e-02,5.182587e-03,1.274538e-02,1.620129e-01,5.680121e-02
4.237616e-02,1.393709e-02,1.594833e-02,4.613906e-03,5.279458e-02,1.291477e-02,7.301215e-04,5.134016e-02,5.385934e-01,1.762755e-02,3.836495e-02,1.354844e-02,1.398970e-02,1.420670e-01,4.115392e-02
7.838218e-02,1.405944e-02,1.426455e-02,1.214164e-02,9.216852e-02,1.466537e-02,9.446838e-04,1.255185e-01,4.206280e-01,1.379038e-02,3.290970e-02,2.467743e-02,1.679418e-02,1.091916e-01,2.986384e-02
7.878581e-02,1.414496e-02,1.269135e-02,1.370714e-02,1.066490e-01,1.468858e-02,8.657105e-04,2.751615e-01,3.130247e-01,9.988491e-03,2.541692e-02,2.094486e-02,1.406790e-02,7.853860e-02,2.132457e-02
8.174722e-02,1.150507e-02,1.124502e-02,1.257544e-02,9.959268e-02,1.455357e-02,1.302085e-03,4.053955e-01,2.315951e-01,7.302036e-03,1.979085e-02,1.758180e-02,1.117381e-02,5.933915e-02,1.530069e-02
8.005805e-02,8.596682e-03,9.587758e-03,1.008354e-02,8.872241e-02,1.201004e-02,1.322255e-03,5.191508e-01,1.704587e-01,5.206707e-03,1.583069e-02,1.517381e-02,8.981137e-03,4.372551e-02,1.109192e-02
7.539012e-02,6.477535e-03,8.046145e-03,8.318770e-03,6.871117e-02,9.623868e-03,1.303808e-03,6.175336e-01,1.271527e-01,3.692292e-03,1.295770e-02,1.193216e-02,7.291685e-03,3.356013e-02,8.008399e-03
6.115601e-02,4.992032e-03,6.208641e-03,6.775997e-03,5.408739e-02,8.098916e-03,1.351416e-03,7.095169e-01,8.987711e-02,2.598869e-03,9.608744e-03,8.561425e-03,5.514237e-03,2.596398e-02,5.688370e-03
4.828289e-02,3.691687e-03,4.726731e-03,5.337254e-03,4.210012e-02,6.594255e-03,1.262214e-03,7.822976e-01,6.336313e-02,1.825846e-03,7.020127e-03,6.283767e-03,4.253502e-03,1.893487e-02,4.026079e-03
3.669750e-02,2.826571e-03,3.602005e-03,4.102550e-03,3.618475e-02,5.321865e-03,1.448417e-03,8.344525e-01,4.465227e-02,1.287023e-03,5.131504e-03,4.503586e-03,3.316771e-03,1.362087e-02,2.851782e-03
3.049518e-02,2.179682e-03,2.885009e-03,3.266678e-03,3.320600e-02,4.258451e-03,1.551401e-03,8.683109e-01,3.157990e-02,9.107660e-04,3.815589e-03,3.256026e-03,2.573927e-03,9.679182e-03,2.031275e-03
3.494018e-02,2.132223e-03,2.789205e-03,2.808335e-03,4.315885e-02,4.538489e-03,1.383061e-03,8.674217e-01,2.257453e-02,7.085914e-04,3.557565e-03,2.882865e-03,2.517725e-03,6.934198e-03,1.652463e-03
4.592848e-02,2.752279e-03,2.801528e-03,6.405561e-03,9.332933e-02,7.349046e-03,1.161584e-03,8.067065e-01,1.832741e-02,5.858680e-04,3.312450e-03,2.740458e-03,2.240914e-03,4.949390e-03,1.409277e-03
5.517292e-02,3.443887e-03,3.515600e-03,2.107359e-02,7.295293e-02,1.089925e-02,1.349146e-03,6.649390e-01,2.039842e-02,1.389050e-03,2.489805e-02,5.364178e-02,5.689194e-02,6.413523e-03,3.020927e-03
5.367317e-02,5.214098e-03,3.188362e-03,1.847626e-02,7.500954e-02,1.979810e-02,4.200724e-03,5.364967e-01,1.819964e-02,1.698460e-03,2.077663e-02,1.611471e-01,7.136941e-02,6.661153e-03,4.090742e-03
5.401116e-02,4.570614e-03,2.635651e-03,1.505196e-02,5.891948e-02,2.424862e-02,1.186769e-02,3.976998e-01,2.548362e-02,2.586393e-03,2.324759e-02,3.039743e-01,5.792582e-02,7.480457e-03,1.029688e-02
5.250530e-02,3.553554e-03,2.228477e-03,1.208924e-02,4.325740e-02,2.921401e-02,1.040028e-02,2.866933e-01,2.462734e-02,2.178965e-03,3.936796e-02,4.288366e-01,4.305083e-02,1.219284e-02,9.803925e-03
4.914492e-02,3.069643e-03,1.790628e-03,8.968765e-03,3.217630e-02,2.474701e-02,7.516454e-03,2.034260e-01,1.876916e-02,4.129457e-03,7.686620e-02,4.802147e-01,3.209544e-02,4.639467e-02,1.069061e-02
4.239731e-02,2.567259e-03,1.456774e-03,6.563444e-03,2.330600e-02,1.898681e-02,5.503179e-03,1.438445e-01,1.554424e-02,3.658931e-03,8.538588e-02,5.483180e-01,2.331857e-02,7.008530e-02,9.063756e-03
5.083730e-02,2.384018e-03,1.079700e-03,4.767524e-03,1.654313e-02,1.459288e-02,3.943951e-03,1.011499e-01,1.600141e-02,3.837976e-03,1.253670e-01,5.422904e-01,1.822816e-02,9.169753e-02,7.279059e-03
4.921059e-02,1.957985e-03,7.800143e-04,3.409258e-03,1.170701e-02,1.110265e-02,2.908659e-03,7.122596e-02,1.314318e-02,3.484523e-03,1.502665e-01,5.689714e-01,1.366307e-02,9.261138e-02,5.557794e-03
3.632090e-02,1.966076e-03,6.720955e-04,2.554804e-03,1.005305e-02,1.046601e-02,2.156993e-03,5.030191e-02,1.157650e-02,3.716814e-03,1.661465e-01,6.099968e-01,9.996057e-03,8.004315e-02,4.032305e-03
2.556301e-02,2.694857e-03,8.339514e-04,2.173987e-03,8.765627e-03,7.540697e-03,1.534936e-03,3.547608e-02,2.182188e-02,3.173500e-03,2.663240e-01,5.474427e-01,7.036648e-03,6.664752e-02,2.970559e-03
1.800550e-02,4.771044e-03,1.324958e-03,2.298808e-03,9.316646e-03,5.735800e-03,1.094152e-03,2.495490e-02,6.056294e-02,3.935362e-03,3.568936e-01,4.435705e-01,4.989862e-03,5.989396e-02,2.651988e-03
1.275377e-02,4.985240e-03,1.821783e-03,4.200744e-03,1.140323e-02,6.130138e-03,8.065663e-04,1.863259e-02,1.752157e-01,4.031793e-03,3.419706e-01,3.466772e-01,3.654530e-03,6.472906e-02,2.987069e-03
8.966040e-03,4.230669e-03,1.684030e-03,3.474078e-03,1.083673e-02,5.657419e-03,5.795041e-04,1.316866e-02,2.951819e-01,4.084760e-03,3.467089e-01,2.503141e-01,2.637836e-03,4.988950e-02,2.585820e-03
6.598332e-03,4.805179e-02,1.528621e-02,1.458093e-02,3.789746e-02,5.318138e-03,7.755638e-04,1.123334e-02,2.850842e-01,3.656666e-03,3.505373e-01,1.771165e-01,2.055586e-03,3.620652e-02,5.601616e-03
4.962815e-03,3.581904e-02,1.322678e-01,6.037829e-02,3.383385e-02,4.385964e-03,5.928571e-04,2.199550e-02,2.759992e-01,3.352540e-03,2.688327e-01,1.245179e-01,1.607787e-03,2.580689e-02,5.646853e-03
3.847041e-03,3.498955e-02,1.699651e-01,2.080695e-01,3.564899e-02,4.419072e-03,6.460143e-04,1.821570e-02,2.046341e-01,3.936992e-03,1.943578e-01,8.738142e-02,1.317943e-03,1.819441e-02,1.437637e-02
3.448330e-03,2.753713e-02,2.397927e-01,3.018298e-01,3.014397e-02,3.975629e-03,5.957877e-04,1.321566e-02,1.469403e-01,3.671270e-03,1.377595e-01,6.128810e-02,1.085872e-03,1.290068e-02,1.581543e-02
4.705614e-03,2.023243e-02,3.237426e-01,3.177108e-01,2.929821e-02,3.629176e-03,8.764055e-04,2.708266e-02,1.047757e-01,3.381987e-03,9.873993e-02,4.310899e-02,8.571576e-04,9.221384e-03,1.263708e-02
1.089875e-02,1.732928e-02,2.953868e-01,2.459169e-01,4.161787e-02,4.417842e-03,2.555657e-03,1.836643e-01,7.610361e-02,3.052985e-03,7.052312e-02,3.030664e-02,7.393195e-04,6.795275e-03,1.069170e-02
1.203563e-02,1.374448e-02,2.231834e-01,1.737594e-01,3.772060e-02,4.171085e-03,1.976855e-03,3.902777e-01,5.554958e-02,2.434111e-03,4.977736e-02,2.127837e-02,6.061501e-04,5.446658e-03,8.038647e-03
1.661536e-02,1.097932e-02,1.655725e-01,1.226169e-01,3.208558e-02,4.988659e-03,1.638267e-03,5.365059e-01,4.328194e-02,2.360463e-03,3.542273e-02,1.497917e-02,6.326661e-04,5.351496e-03,6.968949e-03
2.011679e-02,9.006183e-03,1.202363e-01,8.656277e-02,2.525198e-02,5.521139e-03,1.350601e-03,6.511930e-01,3.100706e-02,1.898293e-03,2.524504e-02,1.051559e-02,5.714468e-04,5.707448e-03,5.816323e-03
2.000511e-02,7.175046e-03,8.543711e-02,6.338359e-02,1.849431e-02,4.631215e-03,1.121224e-03,6.627405e-01,2.285224e-02,5.957990e-03,3.587635e-02,2.620639e-02,1.825433e-02,2.203425e-02,5.830345e-03
1.419022e-02,5.139157e-03,6.039612e-02,5.415162e-02,1.591825e-02,3.999501e-03,9.698147e-04,4.981021e-01,1.673071e-02,5.673124e-03,5.296568e-02,1.440472e-01,1.032198e-01,2.003149e-02,4.465186e-03
1.019670e-02,3.767838e-03,4.320740e-02,4.226176e-02,1.261103e-02,3.799876e-03,8.312194e-04,3.655671e-01,1.245587e-02,4.533914e-03,6.314090e-02,2.614835e-01,1.559078e-01,1.663391e-02,3.601143e-03
9.455598e-03,2.940173e-03,3.514518e-02,3.562453e-02,1.179356e-02,5.053780e-03,9.070657e-04,2.827471e-01,1.417369e-02,4.184786e-03,8.174282e-02,3.350709e-01,1.598692e-01,1.738479e-02,3.906786e-03
7.902405e-03,2.377509e-03,2.572831e-02,2.579839e-02,9.164494e-03,8.752966e-03,8.303395e-04,2.018093e-01,3.183066e-02,3.136131e-03,8.131009e-02,3.892601e-01,1.928503e-01,1.615465e-02,3.094302e-03
7.682771e-03,2.723809e-03,2.208138e-02,2.016505e-02,8.162571e-03,2.431045e-02,7.773860e-04,1.502863e-01,5.775477e-02,3.663884e-03,8.130985e-02,4.308637e-01,1.610768e-01,2.555574e-02,3.585507e-03
6.818174e-03,4.435636e-03,1.619614e-02,1.575400e-02,6.364520e-03,2.470302e-02,5.642279e-04,1.071776e-01,5.614635e-02,6.230247e-03,1.352172e-01,4.746178e-01,1.166830e-01,2.468898e-02,4.402868e-03
5.177289e-03,3.530831e-03,1.142023e-02,1.106263e-02,4.758067e-03,2.055420e-02,4.149639e-04,7.513637e-02,4.157332e-02,4.670847e-03,1.259737e-01,5.864346e-01,8.253480e-02,2.360534e-02,3.152746e-03
4.098997e-03,3.213490e-03,8.081780e-03,7.777781e-03,3.754013e-03,1.636777e-02,3.052437e-04,5.271593e-02,3.368727e-02,3.614628e-03,1.233380e-01,6.599276e-01,5.891382e-02,2.193266e-02,2.270918e-03
2.998686e-03,2.595190e-03,5.732337e-03,5.566197e-03,6.549470e-03,1.193173e-02,2.280028e-04,3.713217e-02,3.068516e-02,2.924253e-03,1.039255e-01,7.260962e-01,4.176378e-02,2.025107e-02,1.620232e-03
2.568813e-03,2.395333e-03,4.745170e-03,4.674503e-03,9.950851e-03,9.350907e-03,2.054274e-04,2.866420e-02,2.488276e-02,2.461774e-03,8.926180e-02,7.710799e-01,2.996496e-02,1.862304e-02,1.170520e-03
2.751368e-03,4.500763e-03,4.206054e-03,3.837171e-03,1.093273e-02,8.674566e-03,2.602552e-04,2.317290e-02,8.263949e-02,2.313890e-03,1.604188e-01,6.402191e-01,2.170615e-02,3.333721e-02,1.029529e-03
2.494658e-03,1.855651e-02,4.685204e-03,4.511705e-03,1.166870e-02,3.024079e-02,5.777855e-04,2.334317e-02,1.667242e-01,2.547636e-03,1.780704e-01,4.868428e-01,1.555314e-02,5.285971e-02,1.323552e-03
2.287527e-03,2.862334e-02,5.559030e-03,6.444209e-03,1.620218e-02,3.135961e-02,7.647609e-04,2.263343e-02,2.729920e-01,2.949097e-03,1.658299e-01,3.555418e-01,1.104811e-02,7.580037e-02,1.964640e-03
3.191895e-03,5.113105e-02,3.235460e-02,3.237719e-02,2.665577e-02,4.337931e-02,1.268447e-03,8.116475e-02,2.853563e-01,2.989424e-03,1.226782e-01,2.492840e-01,7.907926e-03,5.708813e-02,3.173076e-03
2.625637e-03,1.166420e-01,3.364476e-02,3.861857e-02,2.766182e-02,1.406676e-01,1.019037e-03,6.401657e-02,2.565976e-01,3.181444e-03,8.793953e-02,1.746906e-01,6.103453e-03,4.190783e-02,4.683531e-03
2.115331e-03,1.525781e-01,7.738577e-02,5.005618e-02,2.989216e-02,1.479503e-01,7.552257e-04,4.709851e-02,2.644674e-01,3.904991e-03,6.216565e-02,1.225182e-01,4.803751e-03,2.980616e-02,4.502185e-03
1.880256e-03,1.505620e-01,8.004794e-02,5.211369e-02,3.066682e-02,1.283455e-01,5.977249e-04,3.542176e-02,3.540449e-01,4.568033e-03,4.471050e-02,8.608752e-02,4.223549e-03,2.127770e-02,5.452085e-03
4.337604e-03,1.618044e-01,9.119066e-02,5.293036e-02,3.967702e-02,1.182103e-01,5.910581e-04,4.751148e-02,3.522846e-01,4.442919e-03,3.733071e-02,6.060983e-02,4.055575e-03,1.698383e-02,8.039609e-03
6.114170e-03,1.431726e-01,1.106046e-01,1.267789e-01,3.776722e-02,9.242975e-02,4.563068e-04,3.699012e-02,2.914698e-01,5.966327e-03,5.123758e-02,4.619204e-02,1.045272e-02,1.365904e-02,2.670879e-02
5.500220e-03,1.124075e-01,1.289314e-01,1.038477e-01,2.932767e-02,6.958339e-02,3.725324e-04,2.781140e-02,2.539216e-01,1.392877e-02,6.191868e-02,3.417104e-02,1.020211e-02,2.935833e-02,1.187176e-01
4.535053e-03,8.402436e-02,1.390584e-01,9.019500e-02,2.178415e-02,5.010146e-02,3.133377e-04,1.973325e-02,2.151683e-01,4.362160e-02,6.583218e-02,3.179330e-02,9.829063e-03,8.190440e-02,1.421061e-01
3.570267e-03,5.993391e-02,1.221171e-01,7.959455e-02,1.559600e-02,3.552014e-02,3.167871e-04,1.391460e-02,1.751594e-01,5.625527e-02,1.067028e-01,3.719737e-02,2.055752e-02,1.509418e-01,1.226225e-01
2.939882e-03,4.316041e-02,9.225611e-02,6.098045e-02,1.174008e-02,2.516849e-02,2.631592e-04,9.806449e-03,2.093804e-01,7.437908e-02,1.257319e-01,2.868023e-02,2.024612e-02,1.628868e-01,1.323805e-01
2.980122e-03,3.094531e-02,6.786572e-02,5.315207e-02,9.844107e-03,1.823032e-02,2.455654e-04,8.934313e-03,2.227073e-01,6.458556e-02,2.036389e-01,2.919696e-02,5.042247e-02,1.395961e-01,9.765520e-02
2.764196e-03,2.279261e-02,5.037312e-02,4.179214e-02,9.633234e-03,1.341750e-02,2.347955e-04,6.518353e-03,2.214429e-01,7.526169e-02,2.435650e-01,2.678322e-02,4.848011e-02,1.565034e-01,8.043776e-02
4.192833e-03,1.663671e-02,4.158367e-02,4.498105e-02,1.634390e-02,1.063652e-02,6.944682e-04,1.321270e-02,2.119477e-01,7.441716e-02,2.151852e-01,2.902694e-02,6.881066e-02,1.840828e-01,6.824777e-02
6.567857e-03,1.415349e-02,4.385374e-02,3.943918e-02,3.582097e-02,8.908147e-03,2.503133e-03,1.241848e-02,2.071289e-01,7.587358e-02,1.979648e-01,3.633540e-02,1.088374e-01,1.487661e-01,6.142877e-02
6.646971e-03,1.140515e-02,3.453977e-02,3.615697e-02,3.704219e-02,8.430031e-03,3.865530e-03,1.153574e-02,2.081976e-01,5.981245e-02,1.750522e-01,6.058784e-02,1.540234e-01,1.382957e-01,5.440847e-02
9.781959e-03,1.320898e-02,3.514182e-02,2.800877e-02,4.635758e-02,8.284254e-03,5.557797e-03,2.866694e-02,1.956267e-01,5.142134e-02,1.737658e-01,6.597947e-02,1.694916e-01,1.256218e-01,4.308516e-02
1.324371e-02,1.467873e-02,4.360783e-02,2.205216e-02,5.347015e-02,7.925115e-03,5.541820e-03,5.008500e-02,2.034123e-01,5.097838e-02,1.526957e-01,5.351076e-02,1.444777e-01,1.409745e-01,4.334623e-02
2.623351e-02,2.315149e-02,5.749794e-02,1.959502e-02,5.857857e-02,1.061559e-02,6.480196e-03,6.450482e-02,2.344421e-01,4.266579e-02,1.208830e-01,4.259591e-02,1.153124e-01,1.385807e-01,3.886288e-02
2.683273e-02,3.817959e-02,5.365047e-02,1.807761e-02,6.485505e-02,1.618680e-02,5.384096e-03,6.200232e-02,3.412705e-01,3.333294e-02,8.749156e-02,3.123568e-02,8.481152e-02,1.050250e-01,3.166413e-02
2.711375e-02,4.363720e-02,5.615947e-02,1.443072e-02,1.134380e-01,2.471610e-02,7.447412e-03,6.480934e-02,3.619113e-01,2.656527e-02,6.281041e-02,2.359078e-02,6.363105e-02,8.438660e-02,2.535263e-02
2.960766e-02,4.211820e-02,4.633113e-02,1.178023e-02,2.065427e-01,3.837347e-02,1.181944e-02,5.675455e-02,3.397504e-01,2.310498e-02,4.492542e-02,1.694384e-02,4.681860e-02,6.473379e-02,2.039552e-02
3.962354e-02,3.917194e-02,3.702870e-02,9.239721e-03,2.681288e-01,8.438615e-02,1.276153e-02,4.707057e-02,2.943925e-01,2.088654e-02,3.252790e-02,1.235816e-02,3.557807e-02,5.059586e-02,1.625001e-02
5.605531e-02,3.089368e-02,2.973846e-02,7.856859e-03,2.866624e-01,1.256656e-01,3.175613e-02,5.420875e-02,2.284851e-01,3.228877e-02,2.519764e-02,1.014932e-02,2.895238e-02,3.810381e-02,1.398571e-02
5.086602e-02,2.208414e-02,2.349743e-02,6.569919e-03,2.530585e-01,1.099447e-01,1.106450e-01,1.438272e-01,1.685603e-01,2.732529e-02,1.795195e-02,7.263002e-03,2.078491e-02,2.726142e-02,1.036032e-02
4.780805e-02,1.590066e-02,1.820692e-02,6.130898e-03,2.403398e-01,8.430856e-02,1.924891e-01,1.631120e-01,1.214559e-01,4.928304e-02,1.288613e-02,5.229980e-03,1.509672e-02,1.931862e-02,8.433684e-03
3.893701e-02,1.152925e-02,1.317473e-02,4.592713e-03,1.847662e-01,5.932791e-02,3.385265e-01,1.742692e-01,9.015253e-02,4.059272e-02,9.118915e-03,3.740279e-03,1.124472e-02,1.355958e-02,6.467757e-03
3.238589e-02,8.756201e-03,1.023519e-02,3.504989e-03,1.428636e-01,4.238164e-02,4.359661e-01,1.815591e-01,6.587014e-02,4.389241e-02,6.606474e-03,2.777783e-03,8.536845e-03,9.522156e-03,5.141482e-03
2.663033e-02,8.035915e-03,9.953422e-03,2.763419e-03,1.120125e-01,3.175348e-02,3.653140e-01,2.544888e-01,4.744947e-02,1.078801e-01,8.285843e-03,3.583599e-03,6.938070e-03,7.065719e-03,7.845340e-03
3.899529e-02,8.233505e-03,7.623053e-03,3.518146e-03,1.056135e-01,2.878649e-02,3.185324e-01,3.447915e-01,3.643690e-02,8.046704e-02,6.241361e-03,3.251611e-03,5.367703e-03,5.077178e-03,7.064292e-03
5.475367e-02,7.310170e-03,5.903278e-03,4.502104e-03,8.274150e-02,2.286572e-02,2.551067e-01,4.596727e-01,2.815837e-02,5.758841e-02,4.719829e-03,3.033922e-03,4.244045e-03,3.653098e-03,5.746432e-03
7.524200e-02,6.852642e-03,4.920301e-03,5.205907e-03,6.441136e-02,1.793255e-02,2.248445e-01,5.177464e-01,2.251456e-02,4.184049e-02,3.691014e-03,3.142796e-03,3.460584e-03,2.743573e-03,5.451325e-03
7.170574e-02,3.967786e-02,9.962586e-03,2.719661e-02,5.023903e-02,2.609354e-02,1.646124e-01,3.648128e-01,4.405433e-02,9.613659e-02,1.965235e-02,1.767251e-02,4.994967e-03,1.518330e-02,4.800535e-02
5.993915e-02,4.652041e-02,1.083252e-02,3.893735e-02,3.735219e-02,2.387093e-02,1.179566e-01,2.564954e-01,8.712835e-02,9.468032e-02,6.658211e-02,1.733068e-02,8.088211e-03,2.772882e-02,1.065569e-01
4.236531e-02,3.987001e-02,1.623451e-02,4.444944e-02,2.651865e-02,1.919646e-02,8.259057e-02,1.795935e-01,1.780081e-01,8.276409e-02,4.920805e-02,1.233057e-02,5.984885e-03,2.208245e-02,1.988033e-01
3.134329e-02,3.670472e-02,1.342648e-02,3.554781e-02,1.900572e-02,1.717035e-02,5.787113e-02,1.258005e-01,2.009560e-01,9.914507e-02,3.897072e-02,9.464827e-03,5.236342e-03,2.880870e-02,2.805483e-01
2.214950e-02,2.898504e-02,1.639586e-02,3.790908e-02,1.339625e-02,1.255153e-02,4.051654e-02,8.808726e-02,3.252733e-01,1.030859e-01,2.843427e-02,6.787985e-03,3.974836e-03,2.133095e-02,2.511217e-01
1.621898e-02,2.289296e-02,3.154892e-02,4.183961e-02,9.554616e-03,1.011751e-02,2.839012e-02,6.175094e-02,3.110869e-01,2.025339e-01,2.120895e-02,5.127623e-03,3.747361e-03,1.753957e-02,2.164420e-01
1.204113e-02,2.567663e-02,4.784044e-02,3.873632e-02,6.949065e-03,7.556142e-03,1.992573e-02,4.330908e-02,2.586434e-01,3.101003e-01,1.571735e-02,3.976787e-03,3.375737e-03,2.005601e-02,1.860959e-01
9.306113e-03,6.900735e-02,4.424048e-02,3.991981e-02,5.686457e-03,6.112488e-03,1.401404e-02,3.053976e-02,3.187416e-01,2.737306e-01,1.237092e-02,3.397006e-03,3.896965e-03,1.709711e-02,1.519394e-01
1.145325e-02,6.795529e-02,3.762865e-02,4.172080e-02,6.821930e-03,7.927254e-03,9.896977e-03,2.220325e-02,3.748109e-01,2.477295e-01,1.209420e-02,3.492076e-03,5.031090e-03,2.307234e-02,1.281625e-01
1.645821e-02,8.898690e-02,3.373076e-02,4.428797e-02,6.223528e-03,7.725838e-03,7.011630e-03,1.657006e-02,4.125811e-01,2.233844e-01,1.172921e-02,3.635125e-03,4.565367e-03,2.379208e-02,9.931776e-02
1.203338e-02,6.533753e-02,3.341810e-02,8.678919e-02,4.607841e-03,5.858826e-03,4.922105e-03,1.202497e-02,4.826592e-01,1.834589e-01,1.029917e-02,3.139208e-03,3.581997e-03,1.729406e-02,7.457554e-02
