1.000000e+00,0.000000e+00,0.000000e+00,0.000000e+00,0.000000e+00,0.000000e+00,0.000000e+00,0.000000e+00,0.000000e+00,0.000000e+00,0.000000e+00,0.000000e+00,0.000000e+00,0.000000e+00,0.000000e+00
1.000000e+00,0.000000e+00,0.000000e+00,0.000000e+00,0.000000e+00,0.000000e+00,0.000000e+00,0.000000e+00,0.000000e+00,0.000000e+00,0.000000e+00,0.000000e+00,0.000000e+00,0.000000e+00,0.000000e+00
1.000000e+00,0.000000e+00,0.000000e+00,0.000000e+00,0.000000e+00,0.000000e+00,0.000000e+00,0.000000e+00,0.000000e+00,0.000000e+00,0.000000e+00,0.000000e+00,0.000000e+00,0.000000e+00,0.000000e+00
1.000000e+00,0.000000e+00,0.000000e+00,0.000000e+00,0.000000e+00,0.000000e+00,0.000000e+00,0.000000e+00,0.000000e+00,0.000000e+00,0.000000e+00,0.000000e+00,0.000000e+00,0.000000e+00,0.000000e+00
1.000000e+00,0.000000e+00,0.000000e+00,0.000000e+00,0.000000e+00,0.000000e+00,0.000000e+00,0.000000e+00,0.000000e+00,0.000000e+00,0.000000e+00,0.000000e+00,0.000000e+00,0.000000e+00,0.000000e+00
1.000000e+00,0.000000e+00,0.000000e+00,0.000000e+00,0.000000e+00,0.000000e+00,0.000000e+00,0.000000e+00,0.000000e+00,0.000000e+00,0.000000e+00,0.000000e+00,0.000000e+00,0.000000e+00,0.000000e+00
1.000000e+00,0.000000e+00,0.000000e+00,0.000000e+00,0.000000e+00,0.000000e+00,0.000000e+00,0.000000e+00,0.000000e+00,0.000000e+00,0.000000e+00,0.000000e+00,0.000000e+00,0.000000e+00,0.000000e+00
1.000000e+00,0.000000e+00,0.000000e+00,0.000000e+00,0.000000e+00,0.000000e+00,0.000000e+00,0.000000e+00,0.000000e+00,0.000000e+00,0.000000e+00,0.000000e+00,0.000000e+00,0.000000e+00,0.000000e+00
1.000000e+00,0.000000e+00,0.000000e+00,0.000000e+00,0.000000e+00,0.000000e+00,0.000000e+00,0.000000e+00,0.000000e+00,0.000000e+00,0.000000e+00,0.000000e+00,0.000000e+00,0.000000e+00,0.000000e+00
1.000000e+00,0.000000e+00,0.000000e+00,0.000000e+00,0.000000e+00,0.000000e+00,0.000000e+00,0.000000e+00,0.000000e+00,0.000000e+00,0.000000e+00,0.000000e+00,0.000000e+00,0.000000e+00,0.000000e+00
1.000000e+00,0.000000e+00,0.000000e+00,0.000000e+00,0.000000e+00,0.000000e+00,0.000000e+00,0.000000e+00,0.000000e+00,0.000000e+00,0.000000e+00,0.000000e+00,0.000000e+00,0.000000e+00,0.000000e+00
1.000000e+00,0.000000e+00,0.000000e+00,0.000000e+00,0.000000e+00,0.000000e+00,0.000000e+00,0.000000e+00,0.000000e+00,0.000000e+00,0.000000e+00,0.000000e+00,0.000000e+00,0.000000e+00,0.000000e+00
1.000000e+00,0.000000e+00,0.000000e+00,0.000000e+00,0.000000e+00,0.000000e+00,0.000000e+00,0.000000e+00,0.000000e+00,0.000000e+00,0.000000e+00,0.000000e+00,0.000000e+00,0.000000e+00,0.000000e+00
1.000000e+00,0.000000e+00,0.000000e+00,0.000000e+00,0.000000e+00,0.000000e+00,0.000000e+00,0.000000e+00,0.000000e+00,0.000000e+00,0.000000e+00,0.000000e+00,0.000000e+00,0.000000e+00,0.000000e+00
1.000000e+00,0.000000e+00,0.000000e+00,0.000000e+00,0.000000e+00,0.000000e+00,0.000000e+00,0.000000e+00,0.000000e+00,0.000000e+00,0.000000e+00,0.000000e+00,0.000000e+00,0.000000e+00,0.000000e+00
1.000000e+00,0.000000e+00,0.000000e+00,0.000000e+00,0.000000e+00,0.000000e+00,0.000000e+00,0.000000e+00,0.000000e+00,0.000000e+00,0.000000e+00,0.000000e+00,0.000000e+00,0.000000e+00,0.000000e+00
1.000000e+00,0.000000e+00,0.000000e+00,0.000000e+00,0.000000e+00,0.000000e+00,0.000000e+00,0.000000e+00,0.000000e+00,0.000000e+00,0.000000e+00,0.000000e+00,0.000000e+00,0.000000e+00,0.000000e+00
1.000000e+00,0.000000e+00,0.000000e+00,0.000000e+00,0.000000e+00,0.000000e+00,0.000000e+00,0.000000e+00,0.000000e+00,0.000000e+00,0.000000e+00,0.000000e+00,0.000000e+00,0.000000e+00,0.000000e+00
1.000000e+00,0.000000e+00,0.000000e+00,0.000000e+00,0.000000e+00,0.000000e+00,0.000000e+00,0.000000e+00,0.000000e+00,0.000000e+00,0.000000e+00,0.000000e+00,0.000000e+00,0.000000e+00,0.000000e+00
1.000000e+00,0.000000e+00,0.000000e+00,0.000000e+00,0.000000e+00,0.000000e+00,0.000000e+00,0.000000e+00,0.000000e+00,0.000000e+00,0.000000e+00,0.000000e+00,0.000000e+00,0.000000e+00,0.000000e+00
1.000000e+00,0.000000e+00,0.000000e+00,0.000000e+00,0.000000e+00,0.000000e+00,0.000000e+00,0.000000e+00,0.000000e+00,0.000000e+00,0.000000e+00,0.000000e+00,0.000000e+00,0.000000e+00,0.000000e+00
1.000000e+00,0.000000e+00,0.000000e+00,0.000000e+00,0.000000e+00,0.000000e+00,0.000000e+00,0.000000e+00,0.000000e+00,0.000000e+00,0.000000e+00,0.000000e+00,0.000000e+00,0.000000e+00,0.000000e+00
1.000000e+00,0.000000e+00,0.000000e+00,0.000000e+00,0.000000e+00,0.000000e+00,0.000000e+00,0.000000e+00,0.000000e+00,0.000000e+00,0.000000e+00,0.000000e+00,0.000000e+00,0.000000e+00,0.000000e+00
1.000000e+00,0.000000e+00,0.000000e+00,0.000000e+00,0.000000e+00,0.000000e+00,0.000000e+00,0.000000e+00,0.000000e+00,0.000000e+00,0.000000e+00,0.000000e+00,0.000000e+00,0.000000e+00,0.000000e+00
1.000000e+00,0.000000e+00,0.000000e+00,0.000000e+00,0.000000e+00,0.000000e+00,0.000000e+00,0.000000e+00,0.000000e+00,0.000000e+00,0.000000e+00,0.000000e+00,0.000000e+00,0.000000e+00,0.000000e+00
1.000000e+00,0.000000e+00,0.000000e+00,0.000000e+00,0.000000e+00,0.000000e+00,0.000000e+00,0.000000e+00,0.000000e+00,0.000000e+00,0.000000e+00,0.000000e+00,0.000000e+00,0.000000e+00,0.000000e+00
1.000000e+00,0.000000e+00,0.000000e+00,0.000000e+00,0.000000e+00,0.000000e+00,0.000000e+00,0.000000e+00,0.000000e+00,0.000000e+00,0.000000e+00,0.000000e+00,0.000000e+00,0.000000e+00,0.000000e+00
1.000000e+00,0.000000e+00,0.000000e+00,0.000000e+00,0.000000e+00,0.000000e+00,0.000000e+00,0.000000e+00,0.000000e+00,0.000000e+00,0.000000e+00,0.000000e+00,0.000000e+00,0.000000e+00,0.000000e+00
4.837177e-01,6.666587e-02,2.133493e-02,1.111879e-01,1.894960e-02,2.812798e-02,8.067328e-03,1.468310e-02,2.133414e-02,8.248851e-03,2.720165e-02,7.536659e-02,3.779438e-02,1.210886e-02,6.521108e-02
4.336027e-01,7.399612e-02,2.047921e-02,1.207038e-01,2.267214e-02,2.654899e-02,9.200605e-03,1.377529e-02,2.518435e-02,9.592758e-03,2.769688e-02,8.323573e-02,3.867180e-02,1.268301e-02,8.195663e-02
4.816555e-01,7.318578e-02,1.777583e-02,1.092224e-01,2.508487e-02,2.379512e-02,8.986110e-03,1.264494e-02,2.314027e-02,8.332986e-03,2.414556e-02,7.108164e-02,3.593401e-02,1.115370e-02,7.386127e-02
1.000000e+00,0.000000e+00,0.000000e+00,0.000000e+00,0.000000e+00,0.000000e+00,0.000000e+00,0.000000e+00,0.000000e+00,0.000000e+00,0.000000e+00,0.000000e+00,0.000000e+00,0.000000e+00,0.000000e+00
1.000000e+00,0.000000e+00,0.000000e+00,0.000000e+00,0.000000e+00,0.000000e+00,0.000000e+00,0.000000e+00,0.000000e+00,0.000000e+00,0.000000e+00,0.000000e+00,0.000000e+00,0.000000e+00,0.000000e+00
1.000000e+00,0.000000e+00,0.000000e+00,0.000000e+00,0.000000e+00,0.000000e+00,0.000000e+00,0.000000e+00,0.000000e+00,0.000000e+00,0.000000e+00,0.000000e+00,0.000000e+00,0.000000e+00,0.000000e+00
1.000000e+00,0.000000e+00,0.000000e+00,0.000000e+00,0.000000e+00,0.000000e+00,0.000000e+00,0.000000e+00,0.000000e+00,0.000000e+00,0.000000e+00,0.000000e+00,0.000000e+00,0.000000e+00,0.000000e+00
1.000000e+00,0.000000e+00,0.000000e+00,0.000000e+00,0.000000e+00,0.000000e+00,0.000000e+00,0.000000e+00,0.000000e+00,0.000000e+00,0.000000e+00,0.000000e+00,0.000000e+00,0.000000e+00,0.000000e+00
1.000000e+00,0.000000e+00,0.000000e+00,0.000000e+00,0.000000e+00,0.000000e+00,0.000000e+00,0.000000e+00,0.000000e+00,0.000000e+00,0.000000e+00,0.000000e+00,0.000000e+00,0.000000e+00,0.000000e+00
1.000000e+00,0.000000e+00,0.000000e+00,0.000000e+00,0.000000e+00,0.000000e+00,0.000000e+00,0.000000e+00,0.000000e+00,0.000000e+00,0.000000e+00,0.000000e+00,0.000000e+00,0.000000e+00,0.000000e+00
1.000000e+00,0.000000e+00,0.000000e+00,0.000000e+00,0.000000e+00,0.000000e+00,0.000000e+00,0.000000e+00,0.000000e+00,0.000000e+00,0.000000e+00,0.000000e+00,0.000000e+00,0.000000e+00,0.000000e+00
1.000000e+00,0.000000e+00,0.000000e+00,0.000000e+00,0.000000e+00,0.000000e+00,0.000000e+00,0.000000e+00,0.000000e+00,0.000000e+00,0.000000e+00,0.000000e+00,0.000000e+00,0.000000e+00,0.000000e+00
1.000000e+00,0.000000e+00,0.000000e+00,0.000000e+00,0.000000e+00,0.000000e+00,0.000000e+00,0.000000e+00,0.000000e+00,0.000000e+00,0.000000e+00,0.000000e+00,0.000000e+00,0.000000e+00,0.000000e+00
1.000000e+00,0.000000e+00,0.000000e+00,0.000000e+00,0.000000e+00,0.000000e+00,0.000000e+00,0.000000e+00,0.000000e+00,0.000000e+00,0.000000e+00,0.000000e+00,0.000000e+00,0.000000e+00,0.000000e+00
1.000000e+00,0.000000e+00,0.000000e+00,0.000000e+00,0.000000e+00,0.000000e+00,0.000000e+00,0.000000e+00,0.000000e+00,0.000000e+00,0.000000e+00,0.000000e+00,0.000000e+00,0.000000e+00,0.000000e+00
1.000000e+00,0.000000e+00,0.000000e+00,0.000000e+00,0.000000e+00,0.000000e+00,0.000000e+00,0.000000e+00,0.000000e+00,0.000000e+00,0.000000e+00,0.000000e+00,0.000000e+00,0.000000e+00,0.000000e+00
1.000000e+00,0.000000e+00,0.000000e+00,0.000000e+00,0.000000e+00,0.000000e+00,0.000000e+00,0.000000e+00,0.000000e+00,0.000000e+00,0.000000e+00,0.000000e+00,0.000000e+00,0.000000e+00,0.000000e+00
1.000000e+00,0.000000e+00,0.000000e+00,0.000000e+00,0.000000e+00,0.000000e+00,0.000000e+00,0.000000e+00,0.000000e+00,0.000000e+00,0.000000e+00,0.000000e+00,0.000000e+00,0.000000e+00,0.000000e+00
1.000000e+00,0.000000e+00,0.000000e+00,0.000000e+00,0.000000e+00,0.000000e+00,0.000000e+00,0.000000e+00,0.000000e+00,0.000000e+00,0.000000e+00,0.000000e+00,0.000000e+00,0.000000e+00,0.000000e+00
1.000000e+00,0.000000e+00,0.000000e+00,0.000000e+00,0.000000e+00,0.000000e+00,0.000000e+00,0.000000e+00,0.000000e+00,0.000000e+00,0.000000e+00,0.000000e+00,0.000000e+00,0.000000e+00,0.000000e+00
1.000000e+00,0.000000e+00,0.000000e+00,0.000000e+00,0.000000e+00,0.000000e+00,0.000000e+00,0.000000e+00,0.000000e+00,0.000000e+00,0.000000e+00,0.000000e+00,0.000000e+00,0.000000e+00,0.000000e+00
1.000000e+00,0.000000e+00,0.000000e+00,0.000000e+00,0.000000e+00,0.000000e+00,0.000000e+00,0.000000e+00,0.000000e+00,0.000000e+00,0.000000e+00,0.000000e+00,0.000000e+00,0.000000e+00,0.000000e+00
1.000000e+00,0.000000e+00,0.000000e+00,0.000000e+00,0.000000e+00,0.000000e+00,0.000000e+00,0.000000e+00,0.000000e+00,0.000000e+00,0.000000e+00,0.000000e+00,0.000000e+00,0.000000e+00,0.000000e+00
1.000000e+00,0.000000e+00,0.000000e+00,0.000000e+00,0.000000e+00,0.000000e+00,0.000000e+00,0.000000e+00,0.000000e+00,0.000000e+00,0.000000e+00,0.000000e+00,0.000000e+00,0.000000e+00,0.000000e+00
1.000000e+00,0.000000e+00,0.000000e+00,0.000000e+00,0.000000e+00,0.000000e+00,0.000000e+00,0.000000e+00,0.000000e+00,0.000000e+00,0.000000e+00,0.000000e+00,0.000000e+00,0.000000e+00,0.000000e+00
3.923124e-01,1.045815e-02,9.898121e-03,2.051161e-02,2.236210e-03,1.408469e-02,1.730928e-03,5.031355e-03,2.735936e-01,1.380251e-02,2.227909e-02,1.843821e-02,7.331796e-03,1.046969e-02,1.978216e-01
2.746510e-01,7.481387e-03,6.951906e-03,1.449906e-02,1.618970e-03,9.877199e-03,1.213030e-03,3.530609e-03,3.872250e-01,9.946343e-03,4.166362e-02,7.422147e-02,5.499155e-03,7.606887e-03,1.540143e-01
1.923652e-01,5.365579e-03,4.904428e-03,1.062428e-02,1.904412e-03,7.014635e-03,8.629272e-04,2.627548e-03,3.434847e-01,7.183834e-03,1.488433e-01,1.537991e-01,5.108254e-03,5.697227e-03,1.102146e-01
1.347032e-01,3.809293e-03,3.476161e-03,7.725250e-03,1.772578e-03,5.231017e-03,6.547973e-04,2.135226e-03,2.882256e-01,5.156073e-03,2.210838e-01,2.389334e-01,4.225713e-03,4.140588e-03,7.872739e-02
9.430651e-02,2.676534e-03,2.442055e-03,5.450156e-03,1.850808e-03,3.979585e-03,4.694421e-04,1.636998e-03,2.055976e-01,3.693032e-03,1.621258e-01,4.544257e-01,3.194075e-03,2.979423e-03,5.517231e-02
6.602426e-02,1.893660e-03,1.717522e-03,3.889070e-03,1.962180e-03,3.325109e-03,3.443147e-04,1.209282e-03,1.464707e-01,2.738582e-03,1.458174e-01,5.812138e-01,2.494064e-03,2.198034e-03,3.870196e-02
4.623236e-02,1.338852e-03,1.232991e-03,2.741740e-03,2.058942e-03,4.245786e-03,2.926805e-04,8.991178e-04,1.027916e-01,2.099988e-03,1.116744e-01,6.935545e-01,2.062340e-03,1.663486e-03,2.711121e-02
3.240000e-02,9.595286e-04,8.874820e-04,1.980975e-03,2.451577e-03,3.473847e-03,2.182676e-04,6.804824e-04,7.228287e-02,1.555538e-03,8.291261e-02,7.782412e-01,1.639551e-03,1.295287e-03,1.902088e-02
2.270205e-02,6.987336e-04,6.477494e-04,1.421603e-03,3.081644e-03,2.678426e-03,1.647678e-04,6.494749e-04,5.083041e-02,1.143281e-03,6.041957e-02,8.400034e-01,1.253871e-03,9.788246e-04,1.332619e-02
1.607292e-02,5.408558e-04,5.562884e-04,1.172418e-03,1.300045e-02,2.123069e-03,4.761903e-04,8.492513e-03,3.618506e-02,8.376024e-04,4.328506e-02,8.661840e-01,9.449282e-04,7.949793e-04,9.333667e-03
1.138669e-02,4.490178e-04,4.821480e-04,8.905107e-04,1.516435e-02,1.637015e-03,4.980636e-04,7.647931e-03,2.723471e-02,6.178084e-04,3.171724e-02,8.943821e-01,7.090230e-04,6.396552e-04,6.543716e-03
8.221861e-03,4.220621e-04,4.098212e-04,6.502572e-04,2.062117e-02,1.289202e-03,4.480123e-04,6.161368e-03,2.010948e-02,4.782403e-04,2.347730e-02,9.118998e-01,6.125319e-04,6.138600e-04,4.584979e-03
5.890710e-03,3.572384e-04,4.362880e-04,6.229366e-04,5.658376e-02,1.254367e-03,4.620014e-04,9.542814e-03,1.864043e-02,4.304376e-04,1.781343e-02,8.834008e-01,7.401304e-04,5.995189e-04,3.225136e-03
4.417400e-03,2.070249e-03,1.007142e-03,6.552539e-04,1.437254e-01,3.200129e-03,6.489047e-04,1.041985e-02,8.564117e-02,3.354970e-04,1.352652e-02,7.305001e-01,1.055266e-03,5.323998e-04,2.264763e-03
3.817792e-03,2.442139e-03,5.941991e-03,5.555939e-03,1.396097e-01,2.887540e-03,8.497867e-04,1.320763e-01,1.421542e-01,4.071592e-04,1.012991e-02,5.509905e-01,1.142274e-03,4.049151e-04,1.589836e-03
2.925769e-03,3.446887e-03,7.754254e-03,5.408254e-03,1.179331e-01,2.280382e-03,7.341094e-04,1.133322e-01,3.406566e-01,4.982793e-04,7.616241e-03,3.948701e-01,1.105680e-03,3.180694e-04,1.120053e-03
5.171046e-03,4.469468e-03,1.383930e-02,5.136157e-03,1.896595e-01,4.472781e-03,2.543787e-03,9.376286e-02,3.901331e-01,5.633729e-04,7.434682e-03,2.802772e-01,1.376945e-03,3.258545e-04,8.339428e-04
1.187646e-02,7.138812e-03,1.396597e-02,5.188162e-03,1.741616e-01,5.686913e-03,2.934682e-03,8.485828e-02,4.660834e-01,1.081967e-03,1.058425e-02,2.122116e-01,2.102895e-03,6.210112e-04,1.504069e-03
1.689154e-02,7.312815e-03,1.759105e-02,7.658652e-03,1.960047e-01,4.887256e-03,3.605542e-03,9.865084e-02,4.719076e-01,1.224930e-03,8.753876e-03,1.609995e-01,2.551026e-03,5.896697e-04,1.371102e-03
1.773437e-02,8.812380e-03,1.400298e-02,7.245502e-03,2.137431e-01,4.415866e-03,2.905696e-03,8.284288e-02,5.196413e-01,9.845472e-04,8.264101e-03,1.154659e-01,2.188281e-03,6.549086e-04,1.098229e-03
1.756299e-02,9.055930e-03,1.087395e-02,5.992976e-03,2.314707e-01,3.902063e-03,2.326045e-03,6.167255e-02,5.644221e-01,8.084577e-04,6.804718e-03,8.184108e-02,1.787218e-03,5.388709e-04,9.403396e-04
2.666868e-02,1.006470e-02,1.791761e-02,7.159419e-03,3.991067e-01,4.188305e-03,1.851778e-03,4.838581e-02,4.108623e-01,1.435346e-03,9.888995e-03,5.766113e-02,1.609065e-03,2.258408e-03,9.417683e-04
2.539896e-02,1.013374e-02,2.032212e-02,1.703006e-02,4.922598e-01,3.671638e-03,1.868947e-03,8.206593e-02,2.930838e-01,1.390480e-03,8.053878e-03,4.097978e-02,1.226685e-03,1.697613e-03,8.165010e-04
3.731059e-02,1.019882e-02,5.262833e-02,2.854565e-02,5.399539e-01,4.939939e-03,1.720532e-03,6.618655e-02,2.149659e-01,3.151380e-03,7.326713e-03,2.962495e-02,1.101548e-03,1.647709e-03,6.974452e-04
5.689865e-02,1.231040e-02,5.810822e-02,2.952461e-02,5.812142e-01,5.770355e-03,1.555822e-03,4.756889e-02,1.692532e-01,4.198594e-03,7.432798e-03,2.217841e-02,1.324620e-03,1.782482e-03,8.787347e-04
1.008890e-01,1.597879e-02,5.732528e-02,9.039819e-02,5.189320e-01,6.126639e-03,1.994708e-03,3.791466e-02,1.298218e-01,5.057357e-03,7.765458e-03,2.213974e-02,2.159397e-03,1.755516e-03,1.741549e-03
2.145496e-01,1.390290e-02,5.047928e-02,9.682797e-02,4.434012e-01,6.840251e-03,2.019727e-03,2.816011e-02,1.019280e-01,5.552076e-03,9.110640e-03,2.044026e-02,3.367917e-03,1.541188e-03,1.878753e-03
3.346170e-01,1.308577e-02,3.925687e-02,9.930739e-02,3.598343e-01,7.379860e-03,2.450671e-03,2.249597e-02,8.057664e-02,4.335448e-03,8.336372e-03,1.951964e-02,5.658164e-03,1.346454e-03,1.799475e-03
4.789287e-01,1.083333e-02,3.141981e-02,8.053789e-02,2.645169e-01,9.005118e-03,2.886376e-03,1.701345e-02,6.237462e-02,3.435456e-03,7.208008e-03,2.041929e-02,8.363432e-03,1.207496e-03,1.850085e-03
3.924252e-01,1.526550e-02,2.331074e-02,1.045843e-01,1.859673e-01,1.042802e-02,2.511096e-03,1.339335e-02,6.865836e-02,8.303765e-03,4.431134e-02,5.503468e-02,4.905741e-02,2.686074e-03,2.406281e-02
2.909097e-01,1.554988e-02,1.671526e-02,1.562876e-01,1.316900e-01,8.878117e-03,2.050465e-03,1.213966e-02,1.013362e-01,9.234273e-03,7.248998e-02,4.397457e-02,1.035128e-01,2.973836e-03,3.225777e-02
2.323366e-01,1.301078e-02,1.261660e-02,1.399520e-01,9.554902e-02,8.298700e-03,2.907989e-03,6.102379e-02,9.334373e-02,8.829989e-03,1.085686e-01,3.584329e-02,1.515580e-01,2.922110e-03,3.323879e-02
2.198187e-01,1.044334e-02,9.860654e-03,1.034968e-01,7.121727e-02,8.007340e-03,3.045452e-03,5.057682e-02,7.878719e-02,7.111650e-03,8.197366e-02,2.875694e-02,2.962949e-01,2.965142e-03,2.764416e-02
1.971794e-01,1.110998e-02,7.534506e-03,7.734630e-02,5.147595e-02,6.998821e-03,2.858354e-03,4.153221e-02,7.910242e-02,7.453068e-03,6.156098e-02,2.769212e-02,3.997889e-01,3.523827e-03,2.484320e-02
1.441241e-01,8.423713e-03,5.608985e-03,5.689915e-02,3.651191e-02,6.233351e-03,2.710729e-03,3.230772e-02,6.433439e-02,6.117648e-03,4.753244e-02,2.372173e-02,5.403450e-01,4.802092e-03,2.032714e-02
1.110184e-01,8.213383e-03,4.220976e-03,4.155445e-02,2.603075e-02,5.310623e-03,2.224164e-03,2.479325e-02,6.047788e-02,7.267324e-03,3.479472e-02,2.053148e-02,6.292707e-01,4.866065e-03,1.942590e-02
8.571935e-02,2.008293e-02,1.010784e-02,3.618638e-02,2.074086e-02,1.504705e-02,1.760024e-03,2.165962e-02,8.200433e-02,7.961409e-03,2.574002e-02,1.652621e-02,6.254511e-01,4.139137e-03,2.687373e-02
6.300244e-02,1.966505e-02,1.273853e-02,3.824351e-02,1.657795e-02,1.617813e-02,1.442001e-03,2.559726e-02,1.227409e-01,6.782554e-03,2.095029e-02,1.289538e-02,6.167958e-01,3.206933e-03,2.318327e-02
4.946670e-02,2.054103e-02,1.320568e-02,3.090148e-02,1.370520e-02,2.222464e-02,1.203666e-03,4.042432e-02,1.187813e-01,5.585883e-03,1.918369e-02,1.043709e-02,6.244026e-01,2.924895e-03,2.701186e-02
3.901862e-02,2.023261e-02,1.115928e-02,2.233415e-02,1.190808e-02,2.109230e-02,1.031023e-03,4.215325e-02,1.077832e-01,4.266209e-03,1.438663e-02,7.802470e-03,6.707437e-01,2.170132e-03,2.391839e-02
3.070321e-02,1.861497e-02,9.377658e-03,1.624484e-02,1.258646e-02,1.721180e-02,9.519038e-04,3.488019e-02,1.007889e-01,3.247176e-03,1.058334e-02,6.143082e-03,7.173734e-01,1.590842e-03,1.970230e-02
2.493655e-02,1.631668e-02,8.432603e-03,1.189471e-02,1.309047e-02,1.269360e-02,9.194359e-04,2.575791e-02,8.357037e-02,2.397948e-03,7.633650e-03,5.099357e-03,7.692685e-01,1.208748e-03,1.677951e-02
2.346217e-02,1.250556e-02,8.185746e-03,9.054933e-03,1.506126e-02,9.715388e-03,9.743416e-04,2.060270e-02,6.303090e-02,1.789059e-03,5.649626e-03,4.126026e-03,8.102599e-01,1.021229e-03,1.456113e-02
2.450860e-02,1.000575e-02,1.143820e-02,7.782242e-03,1.612181e-02,7.665844e-03,9.751149e-04,1.701027e-02,4.682712e-02,1.525259e-03,4.544059e-03,3.685271e-03,8.294183e-01,1.617232e-03,1.687497e-02
3.888270e-02,1.164875e-02,1.559232e-02,6.421612e-03,1.602542e-02,6.023976e-03,1.176010e-03,1.837763e-02,3.996222e-02,1.613414e-03,3.697521e-03,3.260474e-03,8.011896e-01,1.883555e-03,3.424487e-02
5.635525e-02,2.315308e-02,9.334145e-02,2.001220e-02,2.121042e-02,5.229481e-03,1.308944e-03,2.379054e-02,4.428536e-02,2.105363e-03,4.295612e-03,4.254103e-03,6.534613e-01,2.502569e-03,4.469439e-02
5.221745e-02,1.956389e-02,2.013593e-01,1.653089e-02,2.038404e-02,5.264545e-03,1.665001e-03,7.544929e-02,3.644300e-02,2.943111e-03,5.431853e-03,3.703392e-03,5.157385e-01,2.716645e-03,4.058921e-02
6.288373e-02,2.126169e-02,3.067745e-01,1.436165e-02,2.215446e-02,5.613552e-03,2.139903e-03,9.072079e-02,3.863299e-02,4.522479e-03,4.328053e-03,3.024708e-03,3.893471e-01,2.387309e-03,3.184716e-02
5.819377e-02,1.706619e-02,2.808011e-01,1.062427e-02,2.222633e-02,4.542753e-03,2.285640e-03,2.555560e-01,3.146943e-02,3.289894e-03,3.148188e-03,2.198793e-03,2.813100e-01,1.815996e-03,2.547164e-02
5.803712e-02,1.355393e-02,2.687789e-01,8.555168e-03,3.174693e-02,4.639924e-03,2.970481e-03,3.552677e-01,2.476805e-02,2.625825e-03,2.313008e-03,1.595070e-03,2.051641e-01,1.400859e-03,1.858301e-02
9.299073e-02,1.851361e-02,2.313951e-01,8.881290e-03,4.047172e-02,5.952138e-03,2.891036e-03,3.846423e-01,2.570969e-02,2.960441e-03,1.878731e-03,1.351574e-03,1.632315e-01,1.814699e-03,1.731545e-02
1.589976e-01,2.193912e-02,1.768030e-01,1.122306e-02,5.273790e-02,7.349672e-03,2.961216e-03,3.515400e-01,2.301630e-02,2.647370e-03,2.160627e-03,1.568225e-03,1.685492e-01,2.613314e-03,1.589349e-02
1.818666e-01,2.157668e-02,1.317720e-01,1.107648e-02,6.804093e-02,8.229397e-03,2.978777e-03,3.105509e-01,2.366657e-02,2.693811e-03,2.576268e-03,2.555958e-03,2.075664e-01,3.845381e-03,2.100381e-02
1.827925e-01,1.997637e-02,1.060494e-01,1.433988e-02,7.072199e-02,7.991819e-03,4.106135e-03,3.672832e-01,1.914951e-02,2.412076e-03,3.192485e-03,3.088902e-03,1.707919e-01,3.877272e-03,2.422646e-02
1.536003e-01,1.719148e-02,8.512034e-02,1.441387e-02,5.533057e-02,6.564893e-03,3.367644e-03,4.950014e-01,1.610797e-02,1.823321e-03,2.531852e-03,2.705037e-03,1.233558e-01,3.018117e-03,1.986748e-02
1.484447e-01,1.516369e-02,7.059123e-02,1.226909e-02,4.469467e-02,5.222357e-03,2.751818e-03,5.724112e-01,1.458930e-02,1.406299e-03,2.020226e-03,2.332608e-03,8.986014e-02,2.399923e-03,1.584282e-02
1.887558e-01,1.325363e-02,5.423516e-02,9.528046e-03,3.343826e-02,5.256856e-03,2.364460e-03,5.911942e-01,1.224465e-02,1.122943e-03,1.986396e-03,2.964245e-03,6.876957e-02,2.227483e-03,1.265836e-02
2.242015e-01,9.739361e-03,4.005287e-02,7.204093e-03,2.496634e-02,5.402651e-03,1.945813e-03,6.119655e-01,9.127405e-03,8.326768e-04,1.675835e-03,2.941142e-03,4.876322e-02,1.650835e-03,9.530713e-03
2.948572e-01,7.566704e-03,2.965143e-02,7.935782e-03,1.803778e-02,1.711024e-02,1.828791e-03,4.700565e-01,6.861117e-03,1.254871e-03,7.041666e-03,8.087018e-02,4.742231e-02,1.632235e-03,7.873214e-03
2.502910e-01,5.807388e-03,2.205823e-02,8.682118e-03,1.327441e-02,1.828207e-02,1.956190e-03,3.458321e-01,5.514811e-03,2.871468e-03,9.007768e-03,2.615272e-01,4.413939e-02,4.487288e-03,6.268459e-03
2.553342e-01,4.832160e-03,1.581318e-02,6.763681e-03,1.042001e-02,1.955598e-02,2.214966e-03,2.482385e-01,5.261386e-03,3.048281e-03,8.287570e-03,3.735750e-01,3.414008e-02,6.701000e-03,5.813995e-03
1.934501e-01,3.923065e-03,1.139900e-02,4.994220e-03,8.830708e-03,1.965813e-02,2.397353e-03,1.777203e-01,5.237499e-03,2.563399e-03,2.138261e-02,5.117863e-01,2.489034e-02,6.913679e-03,4.853235e-03
1.439093e-01,3.517930e-03,8.115211e-03,3.636078e-03,7.597342e-03,1.594698e-02,1.974731e-03,1.249865e-01,4.089490e-03,2.974521e-03,3.581171e-02,6.187059e-01,1.772782e-02,7.082917e-03,3.923609e-03
1.170187e-01,3.900168e-03,5.941109e-03,2.888019e-03,8.109883e-03,1.759269e-02,1.672869e-03,8.851419e-02,3.657800e-03,3.038166e-03,5.566467e-02,6.683191e-01,1.335691e-02,6.922832e-03,3.402962e-03
1.193749e-01,4.502463e-03,4.404855e-03,2.577102e-03,1.312075e-02,2.168304e-02,1.250196e-03,6.261129e-02,3.335374e-03,2.839857e-03,5.129023e-02,6.932890e-01,9.823147e-03,7.150181e-03,2.747691e-03
1.169624e-01,3.980208e-03,3.247760e-03,2.124610e-03,1.169555e-02,1.906508e-02,9.404780e-04,4.410755e-02,2.765642e-03,2.508734e-03,4.277046e-02,7.335105e-01,7.203944e-03,6.905544e-03,2.211550e-03
8.462452e-02,3.674904e-03,2.353232e-03,1.536309e-03,1.134609e-02,1.472167e-02,7.397599e-04,3.096977e-02,2.212372e-03,1.896834e-03,3.864087e-02,7.951594e-01,5.163471e-03,5.374744e-03,1.586101e-03
6.353845e-02,3.192789e-03,1.740602e-03,1.197431e-03,1.010131e-02,1.120972e-02,5.688759e-04,2.180355e-02,1.722743e-03,1.419579e-03,3.231040e-02,8.419342e-01,3.668662e-03,4.459648e-03,1.132110e-03
5.666072e-02,3.526019e-03,1.355532e-03,1.124814e-03,1.440674e-02,1.107062e-02,5.998624e-04,1.561786e-02,1.443077e-03,1.132708e-03,3.395100e-02,8.506356e-01,2.682335e-03,4.936584e-03,8.565045e-04
5.175743e-02,3.843323e-03,1.046217e-03,1.494546e-03,1.628801e-02,9.016424e-03,1.206760e-03,1.122643e-02,2.266409e-03,1.026506e-03,6.206247e-02,8.313210e-01,2.062823e-03,4.481907e-03,8.997113e-04
4.037683e-02,5.849196e-03,9.021960e-04,1.754795e-03,2.607298e-02,7.685562e-03,2.510978e-03,8.288579e-03,4.426752e-03,1.070577e-03,1.000846e-01,7.941070e-01,1.782697e-03,3.942461e-03,1.144833e-03
3.245325e-02,6.018306e-03,1.575304e-03,1.685483e-03,7.041446e-02,6.715458e-03,6.108585e-03,7.438609e-03,8.308999e-03,1.032367e-03,1.931614e-01,6.545929e-01,1.941558e-03,6.885231e-03,1.668068e-03
2.310539e-02,5.553237e-03,5.792574e-03,1.782681e-03,5.490995e-02,5.848297e-03,4.519669e-03,5.493291e-03,6.377730e-03,1.638043e-03,3.991327e-01,4.738229e-01,3.703321e-03,6.377532e-03,1.942697e-03
1.662664e-02,1.806263e-02,3.642581e-02,4.675497e-03,1.825692e-01,5.111437e-03,4.056613e-03,6.213936e-03,1.320091e-02,2.927354e-03,3.485215e-01,3.428729e-01,4.457747e-03,7.529709e-03,6.748113e-03
1.454275e-02,1.459688e-02,4.804695e-02,5.682672e-03,3.122630e-01,6.226196e-03,5.737435e-03,3.517164e-02,1.142004e-02,3.833611e-03,2.746592e-01,2.492520e-01,5.307483e-03,7.086550e-03,6.173538e-03
1.155369e-02,1.447685e-02,1.011287e-01,1.277721e-02,3.921179e-01,7.602322e-03,6.587262e-03,3.336454e-02,1.060200e-02,3.314890e-03,2.133746e-01,1.777955e-01,4.483075e-03,5.290304e-03,5.531092e-03
1.023521e-02,1.903151e-02,1.124587e-01,1.425305e-02,4.982486e-01,1.255015e-02,1.001318e-02,2.417734e-02,8.211654e-03,2.483526e-03,1.520243e-01,1.246225e-01,3.246382e-03,3.809294e-03,4.634662e-03
1.152536e-02,2.535080e-02,8.931956e-02,1.635339e-02,5.989082e-01,1.543838e-02,1.187590e-02,1.809829e-02,7.402512e-03,1.905022e-03,1.069815e-01,8.742901e-02,2.615140e-03,2.836056e-03,3.961009e-03
1.812764e-02,4.804217e-02,7.070634e-02,2.223556e-02,6.282661e-01,2.916054e-02,1.429881e-02,1.476343e-02,7.813387e-03,1.426616e-03,7.584756e-02,6.153642e-02,2.137503e-03,2.138744e-03,3.499263e-03
1.965011e-02,7.157503e-02,5.736624e-02,1.058341e-01,5.656676e-01,2.541107e-02,1.328016e-02,2.904891e-02,6.748488e-03,1.232417e-03,5.382235e-02,4.352954e-02,1.639602e-03,1.622618e-03,3.571852e-03
3.292215e-02,6.907454e-02,5.713768e-02,9.764427e-02,5.896943e-01,2.542254e-02,1.197963e-02,3.264952e-02,6.820622e-03,9.803103e-04,3.889050e-02,3.117983e-02,1.414597e-03,1.352831e-03,2.836770e-03
3.104303e-02,5.041405e-02,4.514903e-02,7.639515e-02,5.397401e-01,2.248127e-02,9.171687e-03,1.656831e-01,5.432176e-03,6.944221e-04,2.751084e-02,2.214045e-02,1.161912e-03,9.676891e-04,2.015176e-03
3.054282e-02,3.549889e-02,3.251524e-02,5.409718e-02,4.097614e-01,1.656452e-02,6.612289e-03,3.718113e-01,3.883537e-03,4.886239e-04,1.936792e-02,1.562345e-02,1.129313e-03,6.827681e-04,1.420780e-03
3.465093e-02,2.505404e-02,2.316915e-02,3.843040e-02,3.466949e-01,1.264392e-02,4.874242e-03,4.834357e-01,2.860264e-03,3.491038e-04,1.383858e-02,1.116874e-02,1.325845e-03,4.878078e-04,1.016425e-03
2.997974e-02,1.788943e-02,1.663731e-02,3.472898e-02,2.484070e-01,1.152491e-02,4.803528e-03,4.234407e-01,3.633812e-03,1.054254e-03,6.027613e-02,5.736101e-02,8.791035e-02,4.961751e-04,1.856635e-03
2.549142e-02,1.289115e-02,1.227195e-02,5.099881e-02,1.847299e-01,1.160319e-02,4.939657e-03,3.335550e-01,7.260474e-03,1.221468e-03,5.603398e-02,1.225426e-01,1.739829e-01,5.294578e-04,1.948092e-03
1.986393e-02,9.305719e-03,9.456527e-03,4.731781e-02,1.480319e-01,1.058156e-02,5.642767e-03,2.646352e-01,7.273797e-03,1.205448e-03,5.914133e-02,2.188832e-01,1.956451e-01,1.441140e-03,1.574581e-03
1.533212e-02,6.769468e-03,6.998467e-03,3.563794e-02,1.074584e-01,1.461866e-02,4.277443e-03,1.892001e-01,6.882185e-03,9.379630e-04,4.881515e-02,4.058880e-01,1.544799e-01,1.457368e-03,1.246806e-03
1.158761e-02,4.804900e-03,4.971567e-03,2.537662e-02,7.567332e-02,1.459879e-02,3.036485e-03,1.331473e-01,7.392810e-03,7.261123e-04,4.097022e-02,5.502170e-01,1.253351e-01,1.225756e-03,9.363860e-04
9.311398e-03,3.453399e-03,3.619645e-03,1.846774e-02,5.796631e-02,1.504500e-02,2.200886e-03,9.355000e-02,8.879622e-03,7.455961e-04,7.222938e-02,6.191987e-01,9.344742e-02,1.168290e-03,7.165775e-04
7.801936e-03,2.492141e-03,2.661628e-03,1.341454e-02,4.306630e-02,1.446511e-02,1.586545e-03,6.571381e-02,7.262347e-03,9.230346e-04,1.012252e-01,6.717024e-01,6.620895e-02,9.247592e-04,5.513391e-04
5.689396e-03,1.781798e-03,1.896676e-03,9.457664e-03,3.309412e-02,1.316573e-02,1.119788e-03,4.602835e-02,5.660312e-03,9.044697e-04,8.825111e-02,7.449841e-01,4.685504e-02,7.098446e-04,4.015782e-04
4.163130e-03,1.307219e-03,1.347256e-03,6.674019e-03,2.482801e-02,1.059085e-02,7.917268e-04,3.226101e-02,4.464895e-03,7.536643e-04,1.420003e-01,7.365941e-01,3.337677e-02,5.512455e-04,2.958264e-04
3.254780e-03,1.158382e-03,9.783654e-04,4.748818e-03,2.011372e-02,7.728935e-03,5.592423e-04,2.268036e-02,3.891919e-03,8.305511e-04,2.088560e-01,7.005664e-01,2.393577e-02,4.756872e-04,2.211260e-04
2.567552e-03,1.013862e-03,6.965835e-04,3.349814e-03,1.430420e-02,5.518898e-03,3.948558e-04,1.589646e-02,3.332751e-03,8.217837e-04,2.584732e-01,6.759772e-01,1.709169e-02,3.947719e-04,1.664652e-04
2.153441e-03,2.115578e-03,5.214751e-04,2.388089e-03,1.030945e-02,3.982236e-03,2.811489e-04,1.115423e-02,3.538952e-03,8.037217e-04,3.092657e-01,6.408390e-01,1.217556e-02,3.337020e-04,1.376914e-04
1.650892e-03,2.940806e-03,5.077735e-04,1.747504e-03,7.524345e-03,2.935241e-03,2.027801e-04,7.862800e-03,3.327821e-03,7.580485e-04,3.170024e-01,6.444544e-01,8.605333e-03,3.145420e-04,1.653809e-04
1.254142e-03,1.901285e-02,1.613655e-03,1.358467e-03,5.457437e-03,2.122992e-03,1.504208e-04,5.831636e-03,4.435046e-03,7.428715e-04,4.347129e-01,5.166329e-01,6.141089e-03,3.794070e-04,1.542188e-04
9.754486e-04,1.714957e-02,1.845108e-03,1.179571e-03,3.964054e-03,1.598025e-03,1.198914e-04,4.386791e-03,6.942965e-03,7.038345e-04,4.615877e-01,4.946067e-01,4.399964e-03,3.910157e-04,1.494445e-04
7.300631e-04,1.609370e-02,2.533784e-03,1.473507e-03,3.908562e-03,1.669330e-03,1.768863e-04,4.476894e-03,3.676350e-02,9.159456e-04,4.175956e-01,5.098407e-01,3.181664e-03,4.844425e-04,1.554669e-04
5.560979e-04,1.745914e-02,2.208747e-03,1.341687e-03,3.287297e-03,1.324673e-03,1.471579e-04,3.516651e-03,5.767372e-02,9.122873e-04,4.992548e-01,4.091755e-01,2.315766e-03,6.792460e-04,1.472285e-04
7.858824e-04,2.453052e-02,5.000562e-03,3.901194e-03,3.117833e-03,1.312364e-03,1.282505e-04,9.673785e-03,7.894330e-02,1.435834e-03,5.448698e-01,3.233956e-01,1.766860e-03,9.059195e-04,2.323028e-04
1.025122e-03,2.095522e-02,6.133026e-03,8.006700e-03,5.209561e-03,1.260277e-03,1.231588e-04,1.442788e-02,1.737074e-01,1.330595e-03,4.873623e-01,2.780963e-01,1.357918e-03,8.080498e-04,1.964201e-04
1.529370e-03,1.750418e-02,5.989573e-03,1.360328e-02,5.919244e-03,1.177187e-03,1.461746e-04,1.566301e-02,2.618732e-01,1.136506e-03,4.618692e-01,2.116621e-01,9.948347e-04,7.530283e-04,1.791219e-04
2.777888e-03,1.957802e-02,6.048325e-03,1.917921e-02,7.036790e-03,1.062479e-03,1.703850e-04,1.683507e-02,3.193040e-01,1.692355e-03,4.472080e-01,1.561695e-01,7.560981e-04,1.327599e-03,8.542831e-04
5.810535e-03,2.556583e-02,7.318010e-03,2.403107e-02,1.140353e-02,1.128265e-03,2.314577e-04,2.622902e-02,3.899839e-01,3.420069e-03,3.889623e-01,1.118023e-01,5.929760e-04,2.142281e-03,1.378452e-03
1.168542e-02,2.981000e-02,1.230692e-02,2.497894e-02,2.896940e-02,2.185393e-03,3.615305e-04,3.609128e-02,4.275737e-01,6.401964e-03,3.335197e-01,7.928792e-02,5.094634e-04,4.343233e-03,1.975127e-03
1.886667e-02,3.173560e-02,1.131887e-02,1.900994e-02,6.744587e-02,6.413142e-03,3.843184e-04,3.085269e-02,4.708728e-01,8.442981e-03,2.688689e-01,5.630031e-02,5.032661e-04,6.560040e-03,2.424630e-03
2.874149e-02,3.188810e-02,1.314514e-02,1.756814e-02,1.083837e-01,7.815396e-03,6.081987e-04,5.336886e-02,4.467800e-01,8.990496e-03,2.272936e-01,4.140900e-02,5.197997e-04,9.880424e-03,3.607679e-03
4.158576e-02,3.156658e-02,1.346594e-02,1.621632e-02,1.447929e-01,1.384528e-02,8.311054e-04,4.964356e-02,4.368788e-01,8.586419e-03,1.981827e-01,3.013128e-02,6.346686e-04,1.001881e-02,3.619880e-03
4.927094e-02,3.538177e-02,2.522168e-02,2.734124e-02,1.482118e-01,1.841626e-02,7.129348e-04,4.243568e-02,4.199215e-01,9.667389e-03,1.860619e-01,2.189622e-02,6.235503e-04,1.121428e-02,3.622918e-03
6.419359e-02,4.053221e-02,3.686732e-02,4.292566e-02,1.914186e-01,2.002651e-02,7.767464e-04,4.650972e-02,3.360947e-01,1.034167e-02,1.737807e-01,1.733182e-02,7.030050e-04,1.340924e-02,5.088527e-03
1.153105e-01,3.632232e-02,6.078526e-02,8.174616e-02,1.788172e-01,1.965524e-02,1.165990e-03,4.617424e-02,2.699637e-01,1.083679e-02,1.400624e-01,1.554766e-02,1.008777e-03,1.556782e-02,7.035954e-03
1.719820e-01,3.248938e-02,7.349952e-02,1.206736e-01,1.755207e-01,2.286475e-02,1.425875e-03,3.947291e-02,2.042854e-01,1.000651e-02,1.108241e-01,1.373685e-02,1.179638e-03,1.542512e-02,6.613752e-03
2.603150e-01,2.855621e-02,1.008754e-01,1.370771e-01,1.301559e-01,1.860264e-02,1.258086e-03,2.957287e-02,1.606863e-01,1.000134e-02,8.488981e-02,1.399865e-02,1.458974e-03,1.594805e-02,6.603671e-03
3.389351e-01,2.659931e-02,9.087614e-02,1.372774e-01,1.014780e-01,1.778798e-02,1.738394e-03,2.451264e-02,1.277681e-01,1.063510e-02,7.122669e-02,2.148995e-02,2.406731e-03,1.929702e-02,7.971406e-03
3.676135e-01,2.466040e-02,8.426495e-02,2.019703e-01,7.677348e-02,1.504877e-02,2.470374e-03,1.965877e-02,9.345645e-02,8.915565e-03,5.427759e-02,2.180614e-02,3.256743e-03,1.693087e-02,8.896111e-03
4.794279e-01,2.033760e-02,6.786121e-02,1.730874e-01,6.025713e-02,1.347146e-02,3.052169e-03,1.720605e-02,6.875188e-02,6.672037e-03,4.052485e-02,2.389646e-02,4.446611e-03,1.314720e-02,7.860127e-03
1.000000e+00,0.000000e+00,0.000000e+00,0.000000e+00,0.000000e+00,0.000000e+00,0.000000e+00,0.000000e+00,0.000000e+00,0.000000e+00,0.000000e+00,0.000000e+00,0.000000e+00,0.000000e+00,0.000000e+00
1.000000e+00,0.000000e+00,0.000000e+00,0.000000e+00,0.000000e+00,0.000000e+00,0.000000e+00,0.000000e+00,0.000000e+00,0.000000e+00,0.000000e+00,0.000000e+00,0.000000e+00,0.000000e+00,0.000000e+00
1.000000e+00,0.000000e+00,0.000000e+00,0.000000e+00,0.000000e+00,0.000000e+00,0.000000e+00,0.000000e+00,0.000000e+00,0.000000e+00,0.000000e+00,0.000000e+00,0.000000e+00,0.000000e+00,0.000000e+00
1.000000e+00,0.000000e+00,0.000000e+00,0.000000e+00,0.000000e+00,0.000000e+00,0.000000e+00,0.000000e+00,0.000000e+00,0.000000e+00,0.000000e+00,0.000000e+00,0.000000e+00,0.000000e+00,0.000000e+00
1.000000e+00,0.000000e+00,0.000000e+00,0.000000e+00,0.000000e+00,0.000000e+00,0.000000e+00,0.000000e+00,0.000000e+00,0.000000e+00,0.000000e+00,0.000000e+00,0.000000e+00,0.000000e+00,0.000000e+00
1.000000e+00,0.000000e+00,0.000000e+00,0.000000e+00,0.000000e+00,0.000000e+00,0.000000e+00,0.000000e+00,0.000000e+00,0.000000e+00,0.000000e+00,0.000000e+00,0.000000e+00,0.000000e+00,0.000000e+00
1.000000e+00,0.000000e+00,0.000000e+00,0.000000e+00,0.000000e+00,0.000000e+00,0.000000e+00,0.000000e+00,0.000000e+00,0.000000e+00,0.000000e+00,0.000000e+00,0.000000e+00,0.000000e+00,0.000000e+00
1.000000e+00,0.000000e+00,0.000000e+00,0.000000e+00,0.000000e+00,0.000000e+00,0.000000e+00,0.000000e+00,0.000000e+00,0.000000e+00,0.000000e+00,0.000000e+00,0.000000e+00,0.000000e+00,0.000000e+00
3.796174e-01,1.519693e-02,8.439148e-03,1.329870e-01,1.044708e-02,5.626326e-03,8.287242e-04,6.456186e-03,1.236384e-02,1.030513e-03,8.676700e-02,3.283891e-01,4.035519e-03,3.181421e-03,4.633802e-03
2.662425e-01,1.066169e-02,5.914818e-03,9.507031e-02,1.977884e-02,5.684038e-03,6.009298e-04,4.575524e-03,1.331799e-02,7.667094e-04,1.604746e-01,4.083578e-01,2.943655e-03,2.345475e-03,3.265113e-03
1.865652e-01,7.494948e-03,4.153744e-03,6.780585e-02,2.257119e-02,6.500215e-03,4.322194e-04,3.236698e-03,1.206271e-02,5.928116e-04,1.645680e-01,5.177461e-01,2.226235e-03,1.727688e-03,2.316461e-03
1.307088e-01,5.266751e-03,2.921311e-03,4.784612e-02,4.429584e-02,5.487380e-03,3.257369e-04,2.335603e-03,1.197631e-02,4.851656e-04,1.721166e-01,5.716354e-01,1.683552e-03,1.269184e-03,1.646325e-03
9.156474e-02,3.706868e-03,2.065162e-03,3.384161e-02,4.427415e-02,5.770830e-03,2.394066e-04,1.661155e-03,9.620381e-03,4.248381e-04,1.580601e-01,6.452237e-01,1.374918e-03,9.929296e-04,1.179293e-03
6.424586e-02,2.618581e-03,1.480208e-03,2.482014e-02,9.523474e-02,7.855082e-03,3.050196e-04,1.272474e-03,1.008676e-02,4.320856e-04,1.456092e-01,6.423922e-01,1.887627e-03,8.975554e-04,8.625563e-04
4.513750e-02,1.869731e-03,1.075210e-03,1.783863e-02,9.213921e-02,9.282326e-03,2.306039e-04,1.027877e-03,7.891042e-03,5.613808e-04,1.377409e-01,6.802065e-01,3.111588e-03,1.252910e-03,6.345965e-04
3.193262e-02,1.325601e-03,8.021902e-04,1.275333e-02,1.082978e-01,7.958520e-03,2.364744e-04,1.081032e-03,6.750603e-03,8.288822e-04,1.419708e-01,6.787924e-01,5.201579e-03,1.580190e-03,4.880713e-04
2.243986e-02,9.373205e-04,5.961072e-04,8.968809e-03,8.030692e-02,6.963548e-03,1.802330e-04,8.188607e-04,5.109509e-03,1.313878e-03,1.050587e-01,7.603600e-01,4.763226e-03,1.820618e-03,3.624815e-04
1.583627e-02,6.716194e-04,5.484375e-04,6.301374e-03,7.636489e-02,5.298825e-03,1.734993e-04,8.494978e-04,8.657410e-03,2.328937e-03,9.108555e-02,7.833461e-01,6.275286e-03,1.961402e-03,3.009347e-04
1.148453e-02,5.184691e-04,5.547451e-04,4.428477e-03,1.078322e-01,4.254647e-03,3.661115e-04,1.829851e-03,2.426117e-02,2.005568e-03,7.683730e-02,7.563989e-01,7.340481e-03,1.646382e-03,2.412827e-04
8.160245e-03,4.137255e-04,1.123634e-03,3.186321e-03,1.269273e-01,3.680499e-03,5.694121e-04,3.685042e-03,3.942546e-02,1.668478e-03,5.705448e-02,7.460482e-01,6.486849e-03,1.390711e-03,1.797331e-04
5.931547e-03,4.397372e-04,2.341576e-03,2.289436e-03,1.336364e-01,6.674527e-03,9.170468e-04,8.801894e-03,6.518914e-02,1.576791e-03,4.324692e-02,7.207440e-01,6.783091e-03,1.275288e-03,1.526758e-04
6.345974e-03,5.217110e-04,4.510007e-03,2.769965e-03,1.896484e-01,2.398391e-02,8.326476e-03,5.533027e-02,1.005770e-01,2.533967e-03,3.265958e-02,5.641552e-01,7.256541e-03,1.228201e-03,1.527999e-04
8.004379e-03,4.640921e-04,8.517653e-03,6.077372e-03,1.663522e-01,4.175457e-02,1.428188e-02,2.040451e-01,7.840838e-02,3.410964e-03,2.533307e-02,4.343457e-01,7.877824e-03,1.007646e-03,1.191772e-04
1.184182e-02,3.662961e-04,2.365303e-02,2.348768e-02,1.212328e-01,3.259743e-02,1.536365e-02,3.819545e-01,5.533940e-02,2.813015e-03,1.816064e-02,3.065024e-01,5.859872e-03,7.407721e-04,8.661197e-05
2.059647e-02,5.366977e-04,1.121072e-01,7.452685e-02,1.018726e-01,3.341324e-02,3.110293e-02,3.428029e-01,4.025667e-02,2.703634e-03,1.385073e-02,2.209800e-01,4.392247e-03,6.991156e-04,1.586461e-04
3.490750e-02,1.516909e-03,1.814762e-01,9.957781e-02,1.340124e-01,3.318845e-02,3.002903e-02,2.637790e-01,3.130216e-02,4.451590e-03,1.240692e-02,1.677295e-01,3.717730e-03,1.554299e-03,3.504647e-04
7.142904e-02,5.745319e-03,1.835153e-01,1.289507e-01,1.655644e-01,3.582353e-02,2.310458e-02,1.966687e-01,3.036441e-02,1.327711e-02,1.456504e-02,1.212867e-01,4.384425e-03,4.156332e-03,1.164490e-03
9.202900e-02,1.432841e-02,2.054721e-01,1.278555e-01,1.930932e-01,3.311625e-02,1.695011e-02,1.417691e-01,3.137854e-02,1.698578e-02,1.879061e-02,9.085679e-02,4.979436e-03,1.073001e-02,1.665345e-03
9.494309e-02,2.189196e-02,2.744963e-01,1.281551e-01,1.628747e-01,2.807554e-02,1.224618e-02,1.060958e-01,3.554077e-02,1.532747e-02,2.604180e-02,7.460959e-02,4.009244e-03,1.264307e-02,3.049454e-03
8.918411e-02,2.274713e-02,3.599414e-01,1.094519e-01,1.292554e-01,2.319689e-02,9.018010e-03,8.353429e-02,3.429984e-02,1.287439e-02,3.629243e-02,7.059605e-02,3.456369e-03,1.301367e-02,3.138251e-03
8.845900e-02,2.206836e-02,3.957060e-01,8.872273e-02,1.037147e-01,2.007878e-02,6.822779e-03,6.189710e-02,3.827097e-02,1.141784e-02,6.182535e-02,7.402210e-02,3.307533e-03,2.032417e-02,3.362654e-03
9.329231e-02,2.066806e-02,3.721700e-01,8.406193e-02,7.556494e-02,1.653291e-02,4.912099e-03,4.531493e-02,7.015767e-02,1.677661e-02,4.951988e-02,6.226506e-02,4.976141e-03,1.898630e-02,6.480119e-02
1.093961e-01,2.207083e-02,3.669368e-01,1.047803e-01,5.526971e-02,1.371388e-02,3.647270e-03,3.569088e-02,6.619824e-02,3.129593e-02,4.501132e-02,6.266086e-02,8.572234e-03,1.498119e-02,5.977453e-02
