1.000000e+00,0.000000e+00,0.000000e+00,0.000000e+00,0.000000e+00,0.000000e+00,0.000000e+00,0.000000e+00,0.000000e+00,0.000000e+00,0.000000e+00,0.000000e+00,0.000000e+00,0.000000e+00,0.000000e+00
1.000000e+00,0.000000e+00,0.000000e+00,0.000000e+00,0.000000e+00,0.000000e+00,0.000000e+00,0.000000e+00,0.000000e+00,0.000000e+00,0.000000e+00,0.000000e+00,0.000000e+00,0.000000e+00,0.000000e+00
1.000000e+00,0.000000e+00,0.000000e+00,0.000000e+00,0.000000e+00,0.000000e+00,0.000000e+00,0.000000e+00,0.000000e+00,0.000000e+00,0.000000e+00,0.000000e+00,0.000000e+00,0.000000e+00,0.000000e+00
1.000000e+00,0.000000e+00,0.000000e+00,0.000000e+00,0.000000e+00,0.000000e+00,0.000000e+00,0.000000e+00,0.000000e+00,0.000000e+00,0.000000e+00,0.000000e+00,0.000000e+00,0.000000e+00,0.000000e+00
1.000000e+00,0.000000e+00,0.000000e+00,0.000000e+00,0.000000e+00,0.000000e+00,0.000000e+00,0.000000e+00,0.000000e+00,0.000000e+00,0.000000e+00,0.000000e+00,0.000000e+00,0.000000e+00,0.000000e+00
1.000000e+00,0.000000e+00,0.000000e+00,0.000000e+00,0.000000e+00,0.000000e+00,0.000000e+00,0.000000e+00,0.000000e+00,0.000000e+00,0.000000e+00,0.000000e+00,0.000000e+00,0.000000e+00,0.000000e+00
1.000000e+00,0.000000e+00,0.000000e+00,0.000000e+00,0.000000e+00,0.000000e+00,0.000000e+00,0.000000e+00,0.000000e+00,0.000000e+00,0.000000e+00,0.000000e+00,0.000000e+00,0.000000e+00,0.000000e+00
1.000000e+00,0.000000e+00,0.000000e+00,0.000000e+00,0.000000e+00,0.000000e+00,0.000000e+00,0.000000e+00,0.000000e+00,0.000000e+00,0.000000e+00,0.000000e+00,0.000000e+00,0.000000e+00,0.000000e+00
1.000000e+00,0.000000e+00,0.000000e+00,0.000000e+00,0.000000e+00,0.000000e+00,0.000000e+00,0.000000e+00,0.000000e+00,0.000000e+00,0.000000e+00,0.000000e+00,0.000000e+00,0.000000e+00,0.000000e+00
1.000000e+00,0.000000e+00,0.000000e+00,0.000000e+00,0.000000e+00,0.000000e+00,0.000000e+00,0.000000e+00,0.000000e+00,0.000000e+00,0.000000e+00,0.000000e+00,0.000000e+00,0.000000e+00,0.000000e+00
1.000000e+00,0.000000e+00,0.000000e+00,0.000000e+00,0.000000e+00,0.000000e+00,0.000000e+00,0.000000e+00,0.000000e+00,0.000000e+00,0.000000e+00,0.000000e+00,0.000000e+00,0.000000e+00,0.000000e+00
1.000000e+00,0.000000e+00,0.000000e+00,0.000000e+00,0.000000e+00,0.000000e+00,0.000000e+00,0.000000e+00,0.000000e+00,0.000000e+00,0.000000e+00,0.000000e+00,0.000000e+00,0.000000e+00,0.000000e+00
1.000000e+00,0.000000e+00,0.000000e+00,0.000000e+00,0.000000e+00,0.000000e+00,0.000000e+00,0.000000e+00,0.000000e+00,0.000000e+00,0.000000e+00,0.000000e+00,0.000000e+00,0.000000e+00,0.000000e+00
1.000000e+00,0.000000e+00,0.000000e+00,0.000000e+00,0.000000e+00,0.000000e+00,0.000000e+00,0.000000e+00,0.000000e+00,0.000000e+00,0.000000e+00,0.000000e+00,0.000000e+00,0.000000e+00,0.000000e+00
1.000000e+00,0.000000e+00,0.000000e+00,0.000000e+00,0.000000e+00,0.000000e+00,0.000000e+00,0.000000e+00,0.000000e+00,0.000000e+00,0.000000e+00,0.000000e+00,0.000000e+00,0.000000e+00,0.000000e+00
1.000000e+00,0.000000e+00,0.000000e+00,0.000000e+00,0.000000e+00,0.000000e+00,0.000000e+00,0.000000e+00,0.000000e+00,0.000000e+00,0.000000e+00,0.000000e+00,0.000000e+00,0.000000e+00,0.000000e+00
1.000000e+00,0.000000e+00,0.000000e+00,0.000000e+00,0.000000e+00,0.000000e+00,0.000000e+00,0.000000e+00,0.000000e+00,0.000000e+00,0.000000e+00,0.000000e+00,0.000000e+00,0.000000e+00,0.000000e+00
1.000000e+00,0.000000e+00,0.000000e+00,0.000000e+00,0.000000e+00,0.000000e+00,0.000000e+00,0.000000e+00,0.000000e+00,0.000000e+00,0.000000e+00,0.000000e+00,0.000000e+00,0.000000e+00,0.000000e+00
1.000000e+00,0.000000e+00,0.000000e+00,0.000000e+00,0.000000e+00,0.000000e+00,0.000000e+00,0.000000e+00,0.000000e+00,0.000000e+00,0.000000e+00,0.000000e+00,0.000000e+00,0.000000e+00,0.000000e+00
1.000000e+00,0.000000e+00,0.000000e+00,0.000000e+00,0.000000e+00,0.000000e+00,0.000000e+00,0.000000e+00,0.000000e+00,0.000000e+00,0.000000e+00,0.000000e+00,0.000000e+00,0.000000e+00,0.000000e+00
1.000000e+00,0.000000e+00,0.000000e+00,0.000000e+00,0.000000e+00,0.000000e+00,0.000000e+00,0.000000e+00,0.000000e+00,0.000000e+00,0.000000e+00,0.000000e+00,0.000000e+00,0.000000e+00,0.000000e+00
1.000000e+00,0.000000e+00,0.000000e+00,0.000000e+00,0.000000e+00,0.000000e+00,0.000000e+00,0.000000e+00,0.000000e+00,0.000000e+00,0.000000e+00,0.000000e+00,0.000000e+00,0.000000e+00,0.000000e+00
1.000000e+00,0.000000e+00,0.000000e+00,0.000000e+00,0.000000e+00,0.000000e+00,0.000000e+00,0.000000e+00,0.000000e+00,0.000000e+00,0.000000e+00,0.000000e+00,0.000000e+00,0.000000e+00,0.000000e+00
1.000000e+00,0.000000e+00,0.000000e+00,0.000000e+00,0.000000e+00,0.000000e+00,0.000000e+00,0.000000e+00,0.000000e+00,0.000000e+00,0.000000e+00,0.000000e+00,0.000000e+00,0.000000e+00,0.000000e+00
1.000000e+00,0.000000e+00,0.000000e+00,0.000000e+00,0.000000e+00,0.000000e+00,0.000000e+00,0.000000e+00,0.000000e+00,0.000000e+00,0.000000e+00,0.000000e+00,0.000000e+00,0.000000e+00,0.000000e+00
1.000000e+00,0.000000e+00,0.000000e+00,0.000000e+00,0.000000e+00,0.000000e+00,0.000000e+00,0.000000e+00,0.000000e+00,0.000000e+00,0.000000e+00,0.000000e+00,0.000000e+00,0.000000e+00,0.000000e+00
1.000000e+00,0.000000e+00,0.000000e+00,0.000000e+00,0.000000e+00,0.000000e+00,0.000000e+00,0.000000e+00,0.000000e+00,0.000000e+00,0.000000e+00,0.000000e+00,0.000000e+00,0.000000e+00,0.000000e+00
1.000000e+00,0.000000e+00,0.000000e+00,0.000000e+00,0.000000e+00,0.000000e+00,0.000000e+00,0.000000e+00,0.000000e+00,0.000000e+00,0.000000e+00,0.000000e+00,0.000000e+00,0.000000e+00,0.000000e+00
1.000000e+00,0.000000e+00,0.000000e+00,0.000000e+00,0.000000e+00,0.000000e+00,0.000000e+00,0.000000e+00,0.000000e+00,0.000000e+00,0.000000e+00,0.000000e+00,0.000000e+00,0.000000e+00,0.000000e+00
1.000000e+00,0.000000e+00,0.000000e+00,0.000000e+00,0.000000e+00,0.000000e+00,0.000000e+00,0.000000e+00,0.000000e+00,0.000000e+00,0.000000e+00,0.000000e+00,0.000000e+00,0.000000e+00,0.000000e+00
1.000000e+00,0.000000e+00,0.000000e+00,0.000000e+00,0.000000e+00,0.000000e+00,0.000000e+00,0.000000e+00,0.000000e+00,0.000000e+00,0.000000e+00,0.000000e+00,0.000000e+00,0.000000e+00,0.000000e+00
1.000000e+00,0.000000e+00,0.000000e+00,0.000000e+00,0.000000e+00,0.000000e+00,0.000000e+00,0.000000e+00,0.000000e+00,0.000000e+00,0.000000e+00,0.000000e+00,0.000000e+00,0.000000e+00,0.000000e+00
1.000000e+00,0.000000e+00,0.000000e+00,0.000000e+00,0.000000e+00,0.000000e+00,0.000000e+00,0.000000e+00,0.000000e+00,0.000000e+00,0.000000e+00,0.000000e+00,0.000000e+00,0.000000e+00,0.000000e+00
1.000000e+00,0.000000e+00,0.000000e+00,0.000000e+00,0.000000e+00,0.000000e+00,0.000000e+00,0.000000e+00,0.000000e+00,0.000000e+00,0.000000e+00,0.000000e+00,0.000000e+00,0.000000e+00,0.000000e+00
1.000000e+00,0.000000e+00,0.000000e+00,0.000000e+00,0.000000e+00,0.000000e+00,0.000000e+00,0.000000e+00,0.000000e+00,0.000000e+00,0.000000e+00,0.000000e+00,0.000000e+00,0.000000e+00,0.000000e+00
1.000000e+00,0.000000e+00,0.000000e+00,0.000000e+00,0.000000e+00,0.000000e+00,0.000000e+00,0.000000e+00,0.000000e+00,0.000000e+00,0.000000e+00,0.000000e+00,0.000000e+00,0.000000e+00,0.000000e+00
1.000000e+00,0.000000e+00,0.000000e+00,0.000000e+00,0.000000e+00,0.000000e+00,0.000000e+00,0.000000e+00,0.000000e+00,0.000000e+00,0.000000e+00,0.000000e+00,0.000000e+00,0.000000e+00,0.000000e+00
1.000000e+00,0.000000e+00,0.000000e+00,0.000000e+00,0.000000e+00,0.000000e+00,0.000000e+00,0.000000e+00,0.000000e+00,0.000000e+00,0.000000e+00,0.000000e+00,0.000000e+00,0.000000e+00,0.000000e+00
1.000000e+00,0.000000e+00,0.000000e+00,0.000000e+00,0.000000e+00,0.000000e+00,0.000000e+00,0.000000e+00,0.000000e+00,0.000000e+00,0.000000e+00,0.000000e+00,0.000000e+00,0.000000e+00,0.000000e+00
1.000000e+00,0.000000e+00,0.000000e+00,0.000000e+00,0.000000e+00,0.000000e+00,0.000000e+00,0.000000e+00,0.000000e+00,0.000000e+00,0.000000e+00,0.000000e+00,0.000000e+00,0.000000e+00,0.000000e+00
1.000000e+00,0.000000e+00,0.000000e+00,0.000000e+00,0.000000e+00,0.000000e+00,0.000000e+00,0.000000e+00,0.000000e+00,0.000000e+00,0.000000e+00,0.000000e+00,0.000000e+00,0.000000e+00,0.000000e+00
1.000000e+00,0.000000e+00,0.000000e+00,0.000000e+00,0.000000e+00,0.000000e+00,0.000000e+00,0.000000e+00,0.000000e+00,0.000000e+00,0.000000e+00,0.000000e+00,0.000000e+00,0.000000e+00,0.000000e+00
1.000000e+00,0.000000e+00,0.000000e+00,0.000000e+00,0.000000e+00,0.000000e+00,0.000000e+00,0.000000e+00,0.000000e+00,0.000000e+00,0.000000e+00,0.000000e+00,0.000000e+00,0.000000e+00,0.000000e+00
1.000000e+00,0.000000e+00,0.000000e+00,0.000000e+00,0.000000e+00,0.000000e+00,0.000000e+00,0.000000e+00,0.000000e+00,0.000000e+00,0.000000e+00,0.000000e+00,0.000000e+00,0.000000e+00,0.000000e+00
1.000000e+00,0.000000e+00,0.000000e+00,0.000000e+00,0.000000e+00,0.000000e+00,0.000000e+00,0.000000e+00,0.000000e+00,0.000000e+00,0.000000e+00,0.000000e+00,0.000000e+00,0.000000e+00,0.000000e+00
1.000000e+00,0.000000e+00,0.000000e+00,0.000000e+00,0.000000e+00,0.000000e+00,0.000000e+00,0.000000e+00,0.000000e+00,0.000000e+00,0.000000e+00,0.000000e+00,0.000000e+00,0.000000e+00,0.000000e+00
1.000000e+00,0.000000e+00,0.000000e+00,0.000000e+00,0.000000e+00,0.000000e+00,0.000000e+00,0.000000e+00,0.000000e+00,0.000000e+00,0.000000e+00,0.000000e+00,0.000000e+00,0.000000e+00,0.000000e+00
1.000000e+00,0.000000e+00,0.000000e+00,0.000000e+00,0.000000e+00,0.000000e+00,0.000000e+00,0.000000e+00,0.000000e+00,0.000000e+00,0.000000e+00,0.000000e+00,0.000000e+00,0.000000e+00,0.000000e+00
1.000000e+00,0.000000e+00,0.000000e+00,0.000000e+00,0.000000e+00,0.000000e+00,0.000000e+00,0.000000e+00,0.000000e+00,0.000000e+00,0.000000e+00,0.000000e+00,0.000000e+00,0.000000e+00,0.000000e+00
1.000000e+00,0.000000e+00,0.000000e+00,0.000000e+00,0.000000e+00,0.000000e+00,0.000000e+00,0.000000e+00,0.000000e+00,0.000000e+00,0.000000e+00,0.000000e+00,0.000000e+00,0.000000e+00,0.000000e+00
1.000000e+00,0.000000e+00,0.000000e+00,0.000000e+00,0.000000e+00,0.000000e+00,0.000000e+00,0.000000e+00,0.000000e+00,0.000000e+00,0.000000e+00,0.000000e+00,0.000000e+00,0.000000e+00,0.000000e+00
1.000000e+00,0.000000e+00,0.000000e+00,0.000000e+00,0.000000e+00,0.000000e+00,0.000000e+00,0.000000e+00,0.000000e+00,0.000000e+00,0.000000e+00,0.000000e+00,0.000000e+00,0.000000e+00,0.000000e+00
1.000000e+00,0.000000e+00,0.000000e+00,0.000000e+00,0.000000e+00,0.000000e+00,0.000000e+00,0.000000e+00,0.000000e+00,0.000000e+00,0.000000e+00,0.000000e+00,0.000000e+00,0.000000e+00,0.000000e+00
1.000000e+00,0.000000e+00,0.000000e+00,0.000000e+00,0.000000e+00,0.000000e+00,0.000000e+00,0.000000e+00,0.000000e+00,0.000000e+00,0.000000e+00,0.000000e+00,0.000000e+00,0.000000e+00,0.000000e+00
1.000000e+00,0.000000e+00,0.000000e+00,0.000000e+00,0.000000e+00,0.000000e+00,0.000000e+00,0.000000e+00,0.000000e+00,0.000000e+00,0.000000e+00,0.000000e+00,0.000000e+00,0.000000e+00,0.000000e+00
4.076504e-01,1.499669e-02,2.990845e-02,3.290457e-01,4.004211e-03,9.345485e-03,2.356320e-03,6.568258e-03,4.259523e-03,2.527259e-03,8.236608e-02,8.141918e-02,1.213898e-02,2.476811e-03,1.093667e-02
2.942666e-01,1.233474e-02,2.325506e-02,4.379993e-01,3.334891e-03,7.320513e-03,1.713690e-03,5.129897e-03,5.855831e-03,4.125770e-03,8.380962e-02,9.755065e-02,8.917409e-03,3.662729e-03,1.072328e-02
2.106236e-01,8.996242e-03,1.665071e-02,3.652899e-01,3.023233e-03,6.510137e-03,1.255184e-03,3.880649e-03,5.226310e-03,8.118220e-03,1.091874e-01,2.420567e-01,6.806436e-03,3.424111e-03,8.951158e-03
1.501293e-01,6.421092e-03,1.177881e-02,2.677558e-01,4.458840e-03,7.252296e-03,9.907392e-04,2.911558e-03,5.800468e-03,6.322419e-03,1.130488e-01,4.083481e-01,5.372687e-03,2.902493e-03,6.506579e-03
1.141594e-01,4.708105e-03,8.389890e-03,1.946356e-01,1.809468e-02,7.442394e-03,8.985970e-04,2.457037e-03,6.909118e-03,4.984180e-03,1.108315e-01,5.140283e-01,4.029559e-03,3.444777e-03,4.986934e-03
9.524405e-02,3.916657e-03,6.100210e-03,1.381804e-01,2.842614e-02,6.400772e-03,7.022116e-04,2.521090e-03,6.425478e-03,4.890795e-03,1.798638e-01,5.112634e-01,3.401186e-03,8.500161e-03,4.163675e-03
7.613975e-02,4.578490e-03,5.582199e-03,1.009760e-01,7.655601e-02,6.562639e-03,6.780314e-04,5.222201e-03,7.012338e-03,5.179849e-03,1.629669e-01,5.263660e-01,2.869944e-03,1.556902e-02,3.740779e-03
6.705290e-02,4.247892e-03,4.723273e-03,7.440850e-02,7.906535e-02,1.795011e-02,1.329407e-03,8.379083e-03,6.257520e-03,4.099611e-03,1.327946e-01,5.774131e-01,2.616904e-03,1.520745e-02,4.454334e-03
5.489167e-02,4.724516e-03,3.639121e-03,5.468847e-02,1.501694e-01,1.484443e-02,9.899958e-04,6.770131e-03,7.006192e-03,3.446469e-03,1.023323e-01,5.777698e-01,2.268344e-03,1.223344e-02,4.225899e-03
8.804385e-02,6.602002e-03,2.989820e-03,4.527813e-02,1.403579e-01,1.381874e-02,8.703336e-04,7.936021e-03,1.085284e-02,4.041174e-03,9.361197e-02,5.614580e-01,4.149328e-03,1.540581e-02,4.584081e-03
1.034263e-01,9.913145e-03,2.619430e-03,3.597436e-02,1.173536e-01,1.431084e-02,7.197693e-04,7.302982e-03,1.463968e-02,5.331275e-03,1.005115e-01,5.459589e-01,6.411153e-03,2.818561e-02,7.341393e-03
1.338410e-01,8.800464e-03,2.699923e-03,2.879687e-02,9.855069e-02,2.268580e-02,1.129557e-03,6.322044e-03,1.754908e-02,7.024378e-03,1.512997e-01,4.736013e-01,8.162979e-03,2.992884e-02,9.607404e-03
9.980135e-02,9.628919e-03,2.436172e-03,2.137573e-02,7.530662e-02,1.782743e-02,1.712174e-03,5.514913e-03,5.168431e-02,7.093636e-03,2.406099e-01,4.214435e-01,9.390013e-03,2.464482e-02,1.153046e-02
8.088673e-02,1.361582e-02,2.319326e-03,1.690352e-02,5.527868e-02,1.668161e-02,1.703862e-03,4.489612e-03,6.532115e-02,7.241326e-03,3.446922e-01,3.448732e-01,1.101112e-02,1.948985e-02,1.549205e-02
8.534535e-02,5.136931e-02,2.884358e-03,1.796734e-02,4.051457e-02,2.083481e-02,1.732102e-03,4.335950e-03,6.928533e-02,1.830449e-02,3.522936e-01,2.745031e-01,1.052746e-02,1.722123e-02,3.288100e-02
7.676910e-02,5.956381e-02,4.218642e-03,2.031047e-02,3.637373e-02,6.116480e-02,7.207073e-03,2.909265e-02,9.635870e-02,2.082146e-02,3.127666e-01,2.174267e-01,1.287599e-02,1.358486e-02,3.146549e-02
6.877936e-02,8.547895e-02,5.193416e-03,2.314204e-02,3.154242e-02,6.310462e-02,6.158299e-03,3.049162e-02,1.819975e-01,2.006240e-02,2.622385e-01,1.656973e-01,1.278611e-02,1.074165e-02,3.258581e-02
5.753384e-02,1.148710e-01,7.382138e-03,3.012160e-02,2.680406e-02,5.542499e-02,4.662465e-03,2.709293e-02,2.288874e-01,2.906316e-02,2.238131e-01,1.177813e-01,1.212915e-02,8.575640e-03,5.585729e-02
5.492156e-02,1.778665e-01,8.247262e-03,3.960003e-02,2.349183e-02,4.542819e-02,3.592844e-03,2.235272e-02,2.302089e-01,3.136395e-02,1.716386e-01,8.354217e-02,1.180086e-02,6.684432e-03,8.926018e-02
4.247358e-02,2.004586e-01,7.433457e-03,3.308276e-02,1.952330e-02,5.159844e-02,2.617112e-03,1.621802e-02,2.653831e-01,6.567336e-02,1.216275e-01,5.873626e-02,9.085989e-03,5.047148e-03,1.010414e-01
3.997401e-02,1.956374e-01,1.205760e-02,3.293390e-02,5.359443e-02,7.425757e-02,4.023257e-03,2.832764e-02,2.721020e-01,5.489723e-02,8.629660e-02,4.157550e-02,9.017466e-03,4.320120e-03,9.098533e-02
3.313359e-02,1.594493e-01,2.916944e-02,4.854694e-02,1.060164e-01,6.916921e-02,4.169224e-03,9.488519e-02,2.350249e-01,4.689318e-02,6.106073e-02,2.933118e-02,7.035831e-03,3.647619e-03,7.246733e-02
3.222556e-02,1.166658e-01,1.300287e-01,6.016587e-02,9.966575e-02,5.634056e-02,3.324580e-03,1.453564e-01,1.848392e-01,4.112051e-02,4.347790e-02,2.069456e-02,5.224705e-03,2.693975e-03,5.817588e-02
3.729919e-02,1.047688e-01,1.252916e-01,5.389308e-02,9.063051e-02,5.026308e-02,2.783038e-03,2.504760e-01,1.525787e-01,3.118307e-02,3.130455e-02,1.465397e-02,4.044490e-03,2.304831e-03,4.852508e-02
3.203769e-02,7.573234e-02,9.977400e-02,4.187970e-02,6.874330e-02,4.013707e-02,2.208654e-03,4.304397e-01,1.130173e-01,2.270458e-02,2.224835e-02,1.033980e-02,3.292514e-03,1.676197e-03,3.576888e-02
3.817159e-02,5.964547e-02,7.787776e-02,3.267359e-02,5.741203e-02,3.288228e-02,1.896345e-03,5.405309e-01,8.830029e-02,1.641965e-02,1.615462e-02,7.389070e-03,2.560041e-03,1.301203e-03,2.678511e-02
3.931181e-02,4.570367e-02,5.895546e-02,2.640705e-02,4.403099e-02,2.545779e-02,1.626129e-03,6.394570e-01,6.803580e-02,1.178056e-02,1.162367e-02,5.256614e-03,1.937646e-03,9.859047e-04,1.942986e-02
3.330911e-02,3.303999e-02,4.279834e-02,1.998757e-02,3.276319e-02,1.816351e-02,1.353191e-03,7.322521e-01,4.979320e-02,8.318304e-03,8.293405e-03,3.802935e-03,1.544315e-03,7.436918e-04,1.383707e-02
3.001736e-02,2.450935e-02,3.294945e-02,1.585387e-02,2.530077e-02,1.375092e-02,1.670574e-03,7.907035e-01,3.772114e-02,6.046591e-03,6.098730e-03,2.850410e-03,1.575204e-03,6.387752e-04,1.031323e-02
3.044136e-02,1.751524e-02,2.697205e-02,1.292111e-02,1.848683e-02,1.030144e-02,2.073445e-03,8.336720e-01,2.693256e-02,4.504576e-03,4.608479e-03,2.154218e-03,1.256772e-03,5.646730e-04,7.595195e-03
3.293107e-02,1.278966e-02,3.135540e-02,1.245087e-02,1.447268e-02,7.978944e-03,4.359599e-03,8.464055e-01,1.938173e-02,3.680895e-03,4.050477e-03,1.817145e-03,1.203706e-03,8.253952e-04,6.296925e-03
3.479795e-02,1.024449e-02,3.490306e-02,1.255810e-02,1.277735e-02,6.726226e-03,5.214734e-03,8.514659e-01,1.432345e-02,2.970186e-03,4.162200e-03,1.706807e-03,1.382606e-03,1.093607e-03,5.673321e-03
5.032027e-02,8.232732e-03,4.175529e-02,1.277309e-02,1.099440e-02,5.978754e-03,5.664198e-03,8.373339e-01,1.105311e-02,2.823701e-03,3.543558e-03,1.713941e-03,1.451409e-03,1.046874e-03,5.314793e-03
7.591709e-02,7.281458e-03,4.325145e-02,1.229473e-02,9.873407e-03,5.533666e-03,5.249647e-03,8.164415e-01,8.546940e-03,2.727773e-03,2.988172e-03,1.845327e-03,1.455287e-03,1.069746e-03,5.523897e-03
1.127165e-01,5.797863e-03,3.567719e-02,1.599450e-02,9.064734e-03,1.205333e-02,6.846538e-03,7.705510e-01,6.741262e-03,3.033335e-03,3.479616e-03,4.005574e-03,4.137730e-03,1.323234e-03,8.577594e-03
9.756361e-02,7.212788e-03,4.037979e-02,2.042667e-02,7.883616e-03,3.168968e-02,5.397275e-03,5.758169e-01,7.769807e-03,1.255409e-02,5.679035e-02,7.282700e-02,3.484704e-02,6.388195e-03,2.245329e-02
7.036138e-02,7.131772e-03,3.556116e-02,4.261605e-02,5.754824e-03,2.829027e-02,3.898363e-03,4.072600e-01,1.348275e-02,1.427193e-02,5.760483e-02,1.131844e-01,8.084382e-02,7.602422e-03,1.121361e-01
4.991752e-02,7.443673e-03,2.615604e-02,3.433235e-02,4.205556e-03,2.162383e-02,2.806162e-03,2.855621e-01,1.580289e-02,1.192522e-02,5.538743e-02,2.034567e-01,1.038360e-01,1.336339e-02,1.641811e-01
3.655882e-02,8.870697e-03,1.951632e-02,2.746422e-02,3.052278e-03,1.702935e-02,2.075059e-03,2.006069e-01,2.174152e-02,1.173234e-02,5.844669e-02,2.681628e-01,1.103407e-01,3.241478e-02,1.819875e-01
2.830356e-02,1.315076e-02,1.458999e-02,2.135672e-02,2.679070e-03,1.298284e-02,1.522133e-03,1.407183e-01,7.662154e-02,1.217157e-02,7.626326e-02,2.258087e-01,9.471300e-02,1.215290e-01,1.575895e-01
2.163858e-02,1.253696e-02,1.408346e-02,2.166601e-02,2.168762e-03,1.075563e-02,1.154058e-03,9.857001e-02,6.493208e-02,2.057799e-02,6.790344e-02,1.748419e-01,6.709274e-02,2.407317e-01,1.813468e-01
2.378586e-02,1.291256e-02,2.184676e-02,2.467634e-02,2.434500e-03,1.670855e-02,1.174480e-03,6.938028e-02,5.221939e-02,1.926981e-02,6.637439e-02,1.591868e-01,4.766771e-02,2.919335e-01,1.904291e-01
2.583049e-02,1.028082e-02,1.732337e-02,2.081359e-02,2.105766e-03,1.656919e-02,9.667755e-04,4.898532e-02,4.361947e-02,1.641699e-02,7.050398e-02,2.669533e-01,3.632892e-02,2.807105e-01,1.425916e-01
2.661103e-02,1.014690e-02,1.548430e-02,1.686496e-02,4.254906e-03,1.428811e-02,9.152828e-04,3.540783e-02,6.623761e-02,3.191253e-02,6.061721e-02,2.713138e-01,2.805542e-02,3.004240e-01,1.174661e-01
2.459948e-02,1.380762e-02,1.156350e-02,1.268068e-02,5.093108e-03,1.243874e-02,1.133047e-03,2.791969e-02,2.056220e-01,5.585711e-02,5.140416e-02,2.180648e-01,2.305145e-02,2.483865e-01,8.837810e-02
2.666944e-02,2.071352e-02,1.038796e-02,1.274509e-02,9.746254e-03,1.400028e-02,1.750190e-03,2.366926e-02,2.237897e-01,1.036664e-01,4.188192e-02,1.929228e-01,1.822189e-02,2.315337e-01,6.830166e-02
4.757464e-02,2.827265e-02,1.323846e-02,1.596274e-02,1.742344e-02,2.081573e-02,2.371086e-03,2.013869e-02,2.155502e-01,1.390366e-01,3.315677e-02,1.565211e-01,1.442367e-02,2.184629e-01,5.705128e-02
6.583907e-02,5.121109e-02,1.706877e-02,2.329716e-02,3.768547e-02,3.403892e-02,3.379113e-03,3.845367e-02,2.136993e-01,1.188427e-01,3.157511e-02,1.429382e-01,1.838191e-02,1.612767e-01,4.231281e-02
7.728278e-02,9.144191e-02,1.909721e-02,2.181388e-02,3.809161e-02,4.332855e-02,3.626054e-03,3.915762e-02,2.116607e-01,1.076660e-01,3.566514e-02,1.299696e-01,2.112782e-02,1.260181e-01,3.405296e-02
9.251457e-02,1.074022e-01,1.538221e-02,1.698572e-02,3.334514e-02,4.017528e-02,3.123061e-03,3.317850e-02,2.537017e-01,1.335991e-01,2.948035e-02,1.006222e-01,2.223941e-02,9.133982e-02,2.691063e-02
1.089996e-01,1.326769e-01,2.262973e-02,1.458097e-02,5.382562e-02,6.079339e-02,4.395611e-03,5.850044e-02,2.181493e-01,1.110176e-01,2.368555e-02,7.938803e-02,2.612244e-02,6.523387e-02,2.000100e-02
1.819293e-01,1.115610e-01,2.032302e-02,1.253048e-02,7.502180e-02,7.101090e-02,5.333597e-03,5.876355e-02,2.023576e-01,8.589412e-02,1.858444e-02,6.397203e-02,2.796753e-02,4.759713e-02,1.715339e-02
1.714193e-01,8.847071e-02,2.909377e-02,2.647590e-02,1.218842e-01,5.894250e-02,5.659783e-03,1.042697e-01,1.943409e-01,6.700313e-02,1.423587e-02,4.932683e-02,2.125511e-02,3.489811e-02,1.272411e-02
2.238634e-01,7.616605e-02,2.848241e-02,2.698821e-02,1.071178e-01,4.639734e-02,5.561584e-03,9.993428e-02,2.047724e-01,7.255017e-02,1.199236e-02,3.943001e-02,1.684665e-02,2.936621e-02,1.053120e-02
2.429308e-01,8.994297e-02,2.645400e-02,2.542710e-02,8.947533e-02,3.781138e-02,4.485417e-03,8.466902e-02,2.228532e-01,7.596611e-02,1.271881e-02,3.198048e-02,1.331359e-02,3.273026e-02,9.241619e-03
2.549204e-01,1.138891e-01,2.304529e-02,2.614183e-02,8.800997e-02,2.845747e-02,4.024919e-03,8.628977e-02,2.277576e-01,5.819118e-02,1.528632e-02,2.649848e-02,1.052119e-02,2.851493e-02,8.451594e-03
2.582108e-01,1.670748e-01,1.731472e-02,2.574943e-02,8.299322e-02,2.128830e-02,3.123042e-03,6.769627e-02,2.203215e-01,4.651967e-02,2.013496e-02,2.207067e-02,8.431992e-03,2.940425e-02,9.666528e-03
2.112391e-01,1.940508e-01,1.650021e-02,2.447834e-02,9.603375e-02,1.676285e-02,2.774315e-03,9.268507e-02,2.273990e-01,3.793876e-02,2.238948e-02,1.612649e-02,6.354901e-03,2.787551e-02,7.391477e-03
1.756576e-01,2.383005e-01,1.839514e-02,3.037858e-02,9.836432e-02,1.372024e-02,2.355397e-03,9.558050e-02,2.242539e-01,3.400310e-02,2.135295e-02,1.232264e-02,5.161091e-03,2.406727e-02,6.086846e-03
2.003967e-01,1.875091e-01,7.385628e-02,7.235457e-02,9.894754e-02,1.142274e-02,2.712446e-03,8.767106e-02,1.752224e-01,2.893091e-02,2.177490e-02,1.165572e-02,4.381345e-03,1.763673e-02,5.527561e-03
2.261463e-01,1.404631e-01,1.106669e-01,8.564079e-02,1.286547e-01,1.157763e-02,3.128181e-03,6.882807e-02,1.430652e-01,2.459926e-02,2.219393e-02,1.210244e-02,4.504241e-03,1.288185e-02,5.547504e-03
2.522924e-01,1.063696e-01,1.194905e-01,8.806925e-02,1.571992e-01,1.283703e-02,2.972249e-03,5.082883e-02,1.377211e-01,2.233884e-02,1.931433e-02,1.138909e-02,4.379091e-03,9.314743e-03,5.483790e-03
2.807047e-01,8.822194e-02,1.101250e-01,1.138245e-01,1.720585e-01,1.131680e-02,3.384159e-03,4.689980e-02,1.080720e-01,1.884158e-02,1.587695e-02,1.476402e-02,4.472943e-03,6.639599e-03,4.797557e-03
3.326054e-01,7.426247e-02,9.408819e-02,9.884800e-02,1.942218e-01,1.057034e-02,3.051515e-03,3.610693e-02,9.714676e-02,1.707954e-02,1.265860e-02,1.522854e-02,4.349187e-03,4.780811e-03,5.002011e-03
4.221746e-01,5.905084e-02,7.783572e-02,8.044725e-02,1.838367e-01,9.784315e-03,2.615715e-03,2.643313e-02,8.491239e-02,1.334359e-02,1.041321e-02,1.549373e-02,4.739071e-03,3.604835e-03,5.314861e-03
1.000000e+00,0.000000e+00,0.000000e+00,0.000000e+00,0.000000e+00,0.000000e+00,0.000000e+00,0.000000e+00,0.000000e+00,0.000000e+00,0.000000e+00,0.000000e+00,0.000000e+00,0.000000e+00,0.000000e+00
1.000000e+00,0.000000e+00,0.000000e+00,0.000000e+00,0.000000e+00,0.000000e+00,0.000000e+00,0.000000e+00,0.000000e+00,0.000000e+00,0.000000e+00,0.000000e+00,0.000000e+00,0.000000e+00,0.000000e+00
4.811626e-01,2.938587e-02,3.179637e-02,7.158403e-02,2.376456e-01,2.024850e-02,1.833458e-02,2.441027e-02,5.315534e-02,6.843819e-03,5.351221e-03,1.034103e-02,3.816424e-03,1.665183e-03,4.259184e-03
4.008690e-01,2.298127e-02,2.304423e-02,6.886882e-02,2.939427e-01,2.071134e-02,1.683452e-02,8.549100e-02,4.034020e-02,4.947911e-03,5.594625e-03,7.910375e-03,3.271173e-03,1.445804e-03,3.747059e-03
3.593754e-01,1.796135e-02,2.810779e-02,5.170917e-02,3.578038e-01,1.669724e-02,1.244292e-02,6.535230e-02,2.882032e-02,1.697171e-02,2.210513e-02,6.288534e-03,3.162549e-03,3.606705e-03,9.595074e-03
2.752433e-01,1.323007e-02,2.717818e-02,3.799942e-02,4.630561e-01,1.291620e-02,9.046168e-03,4.714733e-02,2.053408e-02,2.688985e-02,2.208643e-02,4.502262e-03,2.374553e-03,1.292753e-02,2.486844e-02
1.990597e-01,9.489133e-03,2.295198e-02,2.802596e-02,5.165694e-01,1.002065e-02,6.615881e-03,3.390228e-02,1.479432e-02,6.167571e-02,2.183346e-02,3.192381e-03,1.763091e-03,3.045969e-02,3.964635e-02
1.420695e-01,6.932675e-03,1.907280e-02,2.053593e-02,5.264776e-01,8.399191e-03,4.830146e-03,2.512120e-02,1.077560e-02,1.369990e-01,1.756123e-02,2.298562e-03,1.347165e-03,2.733223e-02,5.024716e-02
1.040710e-01,5.711556e-03,1.599966e-02,1.500634e-02,5.589077e-01,8.527011e-03,3.595706e-03,1.933109e-02,8.058367e-03,1.535705e-01,1.420541e-02,1.765406e-03,1.077545e-03,2.373900e-02,6.643367e-02
9.794889e-02,5.739962e-03,1.344595e-02,1.107867e-02,5.411835e-01,1.469844e-02,2.777593e-03,1.466404e-02,8.098102e-03,1.516634e-01,1.156199e-02,1.452039e-03,1.192475e-03,3.229557e-02,9.219933e-02
9.966884e-02,5.454856e-03,1.130631e-02,8.527959e-03,4.629081e-01,1.505314e-02,2.577573e-03,1.098831e-02,9.159544e-03,1.977520e-01,1.018494e-02,1.220774e-03,1.229619e-03,5.014071e-02,1.138272e-01
8.645216e-02,4.666115e-03,9.624344e-03,6.576923e-03,3.665108e-01,1.893928e-02,2.703204e-03,8.093552e-03,9.715937e-03,3.161223e-01,9.038850e-03,1.044296e-03,1.254360e-03,5.399902e-02,1.052588e-01
9.059837e-02,5.952231e-03,1.102826e-02,6.664031e-03,2.758985e-01,2.729473e-02,2.967883e-03,6.321612e-03,1.435786e-02,3.197230e-01,9.794074e-03,1.971251e-03,2.562944e-03,8.753575e-02,1.373294e-01
6.864298e-02,5.696324e-03,9.212039e-03,5.352063e-03,1.944407e-01,2.279735e-02,2.211441e-03,4.532028e-03,1.629396e-02,2.756431e-01,8.275212e-03,1.731682e-03,2.670607e-03,1.345598e-01,2.479408e-01
4.877122e-02,6.450592e-03,1.369968e-02,4.815144e-03,1.362969e-01,1.640821e-02,1.586606e-03,3.187530e-03,2.154418e-02,2.218617e-01,6.914637e-03,1.568110e-03,2.505001e-03,1.229447e-01,3.914458e-01
3.566713e-02,5.616121e-03,1.033813e-02,3.505301e-03,9.550620e-02,1.243332e-02,1.175909e-03,2.261400e-03,1.968762e-02,1.649999e-01,5.560433e-03,1.282876e-03,2.028047e-03,1.737606e-01,4.661770e-01
2.679290e-02,4.028672e-03,7.399795e-03,2.474320e-03,6.697870e-02,8.926262e-03,9.282099e-04,1.607346e-03,1.422614e-02,1.832458e-01,4.347137e-03,1.187684e-03,1.585499e-03,1.923453e-01,4.839262e-01
2.704754e-02,3.020774e-03,5.518602e-03,1.928140e-03,4.697360e-02,7.059584e-03,7.187231e-04,1.218323e-03,1.142480e-02,1.669337e-01,5.287396e-03,2.300254e-03,1.689659e-03,2.116402e-01,5.072386e-01
2.778582e-02,2.930636e-03,7.325585e-03,3.481614e-03,3.324471e-02,5.993490e-03,7.526434e-04,1.127462e-03,1.300472e-02,1.574043e-01,8.607339e-03,3.209007e-03,2.289040e-03,2.211587e-01,5.116849e-01
2.218991e-02,2.568977e-03,3.664114e-02,3.128961e-03,2.355500e-02,4.659267e-03,5.549812e-04,9.422076e-04,1.307338e-02,2.229028e-01,7.043321e-03,2.452287e-03,1.877284e-03,1.980605e-01,4.603500e-01
1.571912e-02,2.199409e-03,3.166079e-02,2.618285e-03,1.661018e-02,3.569044e-03,4.020824e-04,8.440849e-04,2.603044e-02,3.018142e-01,9.859201e-03,3.169558e-03,5.881736e-03,1.481572e-01,4.314646e-01
1.116016e-02,1.699873e-03,4.840194e-02,2.946164e-03,1.178156e-02,2.721753e-03,2.934248e-04,1.429907e-03,3.428046e-02,3.924645e-01,3.627040e-02,4.039537e-03,1.476891e-02,1.069896e-01,3.307518e-01
8.659292e-03,1.543671e-03,5.269635e-02,4.746019e-03,9.210925e-03,3.494305e-03,2.408337e-04,1.841233e-03,6.517890e-02,3.683539e-01,8.410146e-02,5.901927e-03,3.710370e-02,7.906094e-02,2.778666e-01
6.488140e-03,1.300812e-03,3.768317e-02,7.286364e-03,1.274904e-02,3.009030e-03,2.443280e-04,2.514061e-03,6.696036e-02,3.576843e-01,1.273733e-01,8.736078e-03,6.469925e-02,5.659939e-02,2.466724e-01
5.205977e-03,6.070656e-03,2.895688e-02,7.518773e-03,2.775166e-02,6.407185e-03,7.577987e-04,1.728680e-02,1.681135e-01,2.739802e-01,1.320571e-01,1.154220e-02,8.087036e-02,4.040715e-02,1.930737e-01
3.931204e-03,1.387325e-02,2.110959e-02,7.862198e-03,2.849195e-02,1.088184e-02,6.954990e-04,1.315088e-02,3.798829e-01,1.924218e-01,9.607831e-02,8.397302e-03,5.899654e-02,2.831386e-02,1.359129e-01
8.204010e-03,1.293036e-02,1.548719e-02,8.147780e-03,4.151087e-02,1.259085e-02,1.377342e-03,1.161409e-02,5.206872e-01,1.348222e-01,6.907253e-02,6.007791e-03,4.206720e-02,1.989292e-02,9.558772e-02
2.514972e-02,1.142157e-02,1.262037e-02,1.728709e-01,4.248899e-02,1.638524e-02,2.176706e-03,1.875449e-02,4.373877e-01,9.465097e-02,4.911806e-02,4.462266e-03,3.073122e-02,1.398942e-02,6.779241e-02
6.322124e-02,2.076090e-02,1.210975e-02,2.300695e-01,5.070761e-02,1.619659e-02,2.680700e-03,2.516086e-02,3.846219e-01,6.738805e-02,3.582245e-02,3.822264e-03,2.484666e-02,9.979867e-03,5.261164e-02
1.219818e-01,2.318233e-02,9.380182e-03,2.486590e-01,5.925748e-02,1.798851e-02,3.163909e-03,3.418288e-02,3.265723e-01,4.886492e-02,2.881960e-02,4.024588e-03,1.905348e-02,7.788623e-03,4.708041e-02
1.091336e-01,2.076131e-02,1.132632e-02,4.105381e-01,4.704725e-02,1.348438e-02,2.425866e-03,3.481265e-02,2.364508e-01,3.473543e-02,2.193669e-02,3.541098e-03,1.383149e-02,5.598130e-03,3.437695e-02
7.957237e-02,1.465635e-02,8.451433e-03,5.108696e-01,4.145647e-02,9.697902e-03,1.748243e-03,3.343790e-02,1.689695e-01,2.444540e-02,6.454180e-02,2.891171e-03,1.100374e-02,3.995750e-03,2.426241e-02
7.778144e-02,1.101098e-02,6.916561e-03,4.014007e-01,3.779251e-02,6.972814e-03,1.436412e-03,1.191241e-01,1.192260e-01,1.721863e-02,1.653229e-01,2.759023e-03,1.299998e-02,2.826480e-03,1.721143e-02
7.825771e-02,8.458507e-03,6.434504e-03,3.323291e-01,4.563104e-02,5.331494e-03,1.356514e-03,1.500341e-01,8.493322e-02,1.223500e-02,2.375313e-01,3.453353e-03,1.948068e-02,2.019998e-03,1.251353e-02
5.787094e-02,8.318624e-03,1.028846e-02,4.437972e-01,3.464231e-02,5.068344e-03,1.374572e-03,1.176396e-01,6.434850e-02,1.142330e-02,2.027798e-01,7.319711e-03,2.316760e-02,1.529432e-03,1.043161e-02
4.657763e-02,7.821491e-03,1.477995e-02,4.003367e-01,2.776779e-02,4.676384e-03,1.504808e-03,1.105559e-01,6.184978e-02,1.435550e-02,2.444656e-01,1.032259e-02,4.518231e-02,1.420703e-03,8.382807e-03
3.565873e-02,7.571709e-03,3.056917e-02,4.126289e-01,2.195080e-02,4.193860e-03,1.451897e-03,9.963121e-02,6.284273e-02,3.168120e-02,2.097417e-01,1.247595e-02,6.032341e-02,1.175389e-03,8.103332e-03
3.201884e-02,9.570483e-03,6.614706e-02,3.985785e-01,1.963042e-02,4.069631e-03,1.295219e-03,9.461528e-02,8.091641e-02,2.880343e-02,1.913488e-01,1.178341e-02,5.139750e-02,1.415233e-03,8.409793e-03
3.766119e-02,8.013722e-03,6.934448e-02,3.078630e-01,2.430407e-02,4.643454e-03,2.822482e-03,1.131097e-01,1.331835e-01,2.236390e-02,2.040771e-01,1.194616e-02,4.618190e-02,3.558390e-03,1.092692e-02
3.068501e-02,1.420548e-02,9.931705e-02,4.013414e-01,2.778072e-02,5.664513e-03,3.078621e-03,8.688966e-02,1.053655e-01,1.936204e-02,1.488686e-01,8.675250e-03,3.282365e-02,2.649056e-03,1.329344e-02
2.970055e-02,1.143949e-02,1.717012e-01,4.383446e-01,2.067526e-02,4.607202e-03,2.255484e-03,6.308714e-02,8.822946e-02,1.471424e-02,1.119008e-01,6.327661e-03,2.395992e-02,1.991941e-03,1.106497e-02
6.653076e-02,1.173880e-02,1.627443e-01,4.035781e-01,2.001707e-02,4.908803e-03,2.371843e-03,4.972766e-02,1.213171e-01,1.271900e-02,1.053445e-01,5.187275e-03,1.991879e-02,2.029690e-03,1.186631e-02
6.869106e-02,1.117208e-02,1.394371e-01,4.639315e-01,1.767710e-02,4.546984e-03,1.942447e-03,3.566296e-02,1.249461e-01,9.580075e-03,9.059025e-02,4.224254e-03,1.579443e-02,2.048863e-03,9.754860e-03
9.544895e-02,1.318537e-02,1.035816e-01,3.742496e-01,1.561536e-02,5.052373e-03,2.556442e-03,2.643466e-02,1.979089e-01,7.394447e-03,9.772506e-02,3.777558e-03,2.828990e-02,3.624769e-03,2.515500e-02
1.203229e-01,1.447617e-02,8.589906e-02,3.191168e-01,1.353566e-02,4.740585e-03,2.167070e-03,1.924816e-02,2.725220e-01,7.120728e-03,8.570918e-02,3.327149e-03,2.320648e-02,3.326109e-03,2.528200e-02
1.724848e-01,3.323734e-02,6.698044e-02,2.428287e-01,1.224067e-02,5.459633e-03,2.661798e-03,1.459429e-02,3.015403e-01,6.086541e-03,6.581699e-02,2.751731e-03,3.295358e-02,3.626571e-03,3.673663e-02
1.361338e-01,3.127846e-02,7.115583e-02,2.081655e-01,9.283329e-03,4.267053e-03,1.980859e-03,1.072135e-02,4.124350e-01,5.041811e-03,4.886192e-02,2.204466e-03,2.458190e-02,2.858286e-03,3.103039e-02
2.068385e-01,4.840970e-02,7.333095e-02,1.723097e-01,7.061836e-03,4.187745e-03,1.576980e-03,8.063820e-03,3.695196e-01,4.933449e-03,3.668561e-02,3.501314e-03,2.052011e-02,5.798308e-03,3.726240e-02
3.390999e-01,5.248525e-02,5.929344e-02,1.341760e-01,6.562520e-03,5.023161e-03,1.553527e-03,7.034828e-03,2.859049e-01,4.877027e-03,2.979613e-02,6.465187e-03,2.019212e-02,7.715647e-03,3.982020e-02
2.757430e-01,4.694997e-02,1.146263e-01,1.029867e-01,8.666655e-03,5.855780e-03,2.754363e-03,1.130132e-01,2.127458e-01,4.730694e-03,2.586479e-02,7.093360e-03,2.053746e-02,7.418565e-03,5.101326e-02
2.298192e-01,3.667480e-02,1.724717e-01,7.692958e-02,9.954159e-03,6.767775e-03,8.205558e-03,2.012908e-01,1.527378e-01,4.867048e-03,2.049355e-02,5.456270e-03,1.601759e-02,5.832606e-03,5.248146e-02
1.685219e-01,2.617660e-02,1.445823e-01,5.513003e-02,9.325203e-03,5.839025e-03,1.838373e-02,3.832548e-01,1.077288e-01,3.621401e-03,1.515088e-02,3.987935e-03,1.216143e-02,4.307569e-03,4.182834e-02
1.504009e-01,2.178944e-02,1.389459e-01,3.945722e-02,1.321716e-02,6.664887e-03,2.229119e-02,4.662377e-01,7.711927e-02,3.006980e-03,1.112238e-02,2.940769e-03,1.074789e-02,3.446218e-03,3.261207e-02
1.168126e-01,1.811327e-02,1.087861e-01,2.829786e-02,2.394976e-02,6.005005e-03,2.405050e-02,5.679954e-01,5.597646e-02,2.657346e-03,8.057940e-03,2.199198e-03,9.328318e-03,2.612166e-03,2.515813e-02
8.852189e-02,1.363475e-02,8.180351e-02,2.046425e-02,2.341444e-02,5.314489e-03,2.260241e-02,6.656168e-01,3.972171e-02,2.084096e-03,5.797348e-03,1.722839e-03,9.118723e-03,1.926045e-03,1.825675e-02
6.731103e-02,1.206044e-02,6.121916e-02,1.510016e-02,2.740603e-02,4.202530e-03,1.804373e-02,7.299986e-01,3.403396e-02,1.713543e-03,4.200869e-03,1.394153e-03,7.688201e-03,1.383097e-03,1.424452e-02
5.388414e-02,1.024732e-02,4.801459e-02,1.173781e-02,3.083498e-02,3.294994e-03,1.387588e-02,7.770120e-01,2.712594e-02,1.295407e-03,2.991146e-03,1.084999e-03,5.909103e-03,9.843657e-04,1.170741e-02
4.489239e-02,1.001279e-02,3.543362e-02,8.763057e-03,2.564299e-02,2.643153e-03,1.058155e-02,8.214111e-01,2.255383e-02,1.016658e-03,2.136860e-03,8.443241e-04,4.440215e-03,7.244292e-04,8.903041e-03
4.019202e-02,9.302461e-03,2.637810e-02,6.570449e-03,2.178696e-02,2.124189e-03,8.274013e-03,8.541234e-01,1.764213e-02,7.748408e-04,1.545987e-03,6.896704e-04,3.374467e-03,5.466000e-04,6.674758e-03
4.315265e-02,6.991361e-03,1.989787e-02,5.740731e-03,1.829877e-02,2.128160e-03,7.759270e-03,8.725514e-01,1.322917e-02,5.876965e-04,1.190002e-03,6.954195e-04,2.569709e-03,4.147272e-04,4.793042e-03
5.672271e-02,5.152148e-03,1.531800e-02,5.399382e-03,1.515577e-02,2.568060e-03,9.277626e-03,8.719337e-01,1.028580e-02,4.978069e-04,1.028856e-03,7.923105e-04,2.060710e-03,3.225860e-04,3.484592e-03
6.923479e-02,3.846494e-03,1.220722e-02,5.488644e-03,2.097388e-02,3.991514e-03,1.106261e-02,8.568244e-01,8.316168e-03,4.881091e-04,1.189614e-03,1.356764e-03,1.972831e-03,3.001665e-04,2.746870e-03
1.128644e-01,3.146018e-03,1.043931e-02,5.209510e-03,1.884008e-02,5.921638e-03,1.088214e-02,8.145019e-01,7.564426e-03,6.270183e-04,1.758190e-03,2.928603e-03,2.374923e-03,3.736831e-04,2.568177e-03
1.876212e-01,2.922616e-03,8.864803e-03,5.207765e-03,1.708986e-02,1.104167e-02,1.086423e-02,7.314210e-01,7.508131e-03,9.338533e-04,2.788435e-03,6.045438e-03,3.751074e-03,6.699097e-04,3.270088e-03
1.884586e-01,4.870974e-03,9.413610e-03,5.825742e-03,1.768715e-02,1.051337e-02,1.029860e-02,6.076757e-01,5.803832e-02,2.521038e-02,1.011515e-02,1.089922e-02,1.105591e-02,1.025298e-02,1.968421e-02
1.479887e-01,6.866723e-03,7.917570e-03,1.591482e-02,1.673660e-02,8.514125e-03,1.215809e-02,4.663752e-01,9.598283e-02,3.625904e-02,5.720617e-02,2.870022e-02,5.778165e-02,1.304479e-02,2.855348e-02
1.119375e-01,7.791659e-03,6.378392e-03,1.178169e-02,1.319268e-02,6.569363e-03,1.034213e-02,3.405440e-01,1.186764e-01,6.723453e-02,6.300689e-02,2.221650e-02,4.947128e-02,6.893562e-02,1.019213e-01
8.975710e-02,9.579999e-03,6.597354e-03,1.236968e-02,1.347219e-02,5.583709e-03,8.495814e-03,2.449501e-01,1.673479e-01,5.506023e-02,1.326808e-01,2.126557e-02,5.732012e-02,8.767180e-02,8.784760e-02
6.882824e-02,1.128700e-02,7.000124e-03,1.332248e-02,1.144873e-02,4.593639e-03,7.075975e-03,1.790774e-01,2.313406e-01,4.678801e-02,1.605948e-01,1.793820e-02,4.833448e-02,9.098940e-02,1.013810e-01
5.482738e-02,1.297547e-02,9.263398e-03,1.314940e-02,1.032468e-02,3.726926e-03,5.246445e-03,1.437497e-01,3.533288e-01,3.583436e-02,1.423169e-01,1.484409e-02,3.994251e-02,7.199320e-02,8.847684e-02
5.013854e-02,2.547416e-02,1.242970e-02,1.361709e-02,1.099471e-02,3.724084e-03,3.850319e-03,1.159451e-01,4.698739e-01,2.716226e-02,1.051847e-01,1.170390e-02,2.921150e-02,5.198160e-02,6.870852e-02
4.818671e-02,6.216936e-02,1.056801e-02,1.725804e-02,8.520084e-03,3.400191e-03,2.748760e-03,8.586565e-02,5.426165e-01,2.036987e-02,7.525700e-02,8.872082e-03,2.098837e-02,3.701214e-02,5.616719e-02
4.375380e-02,4.651264e-02,9.026644e-03,3.664361e-02,9.879544e-03,3.817382e-03,2.165415e-03,1.691267e-01,5.226669e-01,1.459713e-02,5.365235e-02,6.536690e-03,1.503217e-02,2.616118e-02,4.042786e-02
4.278544e-02,3.439265e-02,7.530116e-03,3.142891e-02,1.157090e-02,3.995082e-03,1.667662e-03,2.927403e-01,4.621677e-01,1.042052e-02,3.817334e-02,4.812900e-03,1.085609e-02,1.848850e-02,2.896995e-02
5.242729e-02,2.749879e-02,7.832003e-03,2.902313e-02,1.325984e-02,4.756987e-03,1.432008e-03,3.938338e-01,3.862936e-01,7.818134e-03,2.758360e-02,3.942231e-03,7.958855e-03,1.309161e-02,2.324799e-02
6.134176e-02,2.619151e-02,1.258287e-02,3.217432e-02,1.270784e-02,5.366796e-03,1.207759e-03,4.632195e-01,3.086987e-01,6.783744e-03,2.047420e-02,3.520506e-03,6.062712e-03,9.320925e-03,3.034684e-02
6.298573e-02,2.687365e-02,1.354620e-02,3.084990e-02,1.969225e-02,5.388054e-03,1.312949e-03,5.309979e-01,2.416079e-01,5.589569e-03,1.509131e-02,2.831112e-03,4.609696e-03,6.725935e-03,3.189779e-02
7.144564e-02,2.388651e-02,1.459361e-02,2.751455e-02,3.534199e-02,6.118187e-03,3.085876e-03,5.846723e-01,1.808098e-01,4.153836e-03,1.120124e-02,2.573862e-03,3.674428e-03,4.928699e-03,2.599940e-02
7.003615e-02,2.826151e-02,1.572536e-02,2.907435e-02,4.391887e-02,8.358754e-03,5.026543e-03,6.077108e-01,1.458131e-01,3.443589e-03,8.763291e-03,2.234733e-03,3.100222e-03,3.844688e-03,2.468787e-02
6.430225e-02,2.246122e-02,1.934777e-02,3.245953e-02,5.994811e-02,7.536366e-03,5.537601e-03,6.283356e-01,1.235294e-01,2.726553e-03,7.214027e-03,2.135910e-03,3.314233e-03,2.868055e-03,1.828329e-02
5.451254e-02,1.656641e-02,1.949226e-02,2.788590e-02,5.864954e-02,8.755232e-03,5.397653e-03,6.902153e-01,8.976749e-02,2.084892e-03,6.305426e-03,1.885403e-03,3.259359e-03,2.117860e-03,1.310465e-02
4.606204e-02,1.261024e-02,2.077379e-02,2.489872e-02,5.118264e-02,1.260159e-02,4.927389e-03,7.363018e-01,6.396297e-02,1.895321e-03,7.039655e-03,1.787101e-03,4.588292e-03,1.597182e-03,9.771234e-03
1.037783e-01,9.403884e-03,2.711496e-02,2.001661e-02,4.119573e-02,3.679041e-02,4.386501e-03,6.879827e-01,4.603404e-02,1.518942e-03,6.260689e-03,2.163066e-03,4.234418e-03,1.401154e-03,7.718652e-03
1.387429e-01,8.233405e-03,3.338608e-02,1.698364e-02,4.972864e-02,9.778936e-02,5.074447e-03,5.830592e-01,3.508076e-02,2.354702e-03,9.010171e-03,2.228212e-03,8.475236e-03,1.285141e-03,8.568100e-03
