1.000000e+00,0.000000e+00,0.000000e+00,0.000000e+00,0.000000e+00,0.000000e+00,0.000000e+00,0.000000e+00,0.000000e+00,0.000000e+00,0.000000e+00,0.000000e+00,0.000000e+00,0.000000e+00,0.000000e+00
1.000000e+00,0.000000e+00,0.000000e+00,0.000000e+00,0.000000e+00,0.000000e+00,0.000000e+00,0.000000e+00,0.000000e+00,0.000000e+00,0.000000e+00,0.000000e+00,0.000000e+00,0.000000e+00,0.000000e+00
1.000000e+00,0.000000e+00,0.000000e+00,0.000000e+00,0.000000e+00,0.000000e+00,0.000000e+00,0.000000e+00,0.000000e+00,0.000000e+00,0.000000e+00,0.000000e+00,0.000000e+00,0.000000e+00,0.000000e+00
1.000000e+00,0.000000e+00,0.000000e+00,0.000000e+00,0.000000e+00,0.000000e+00,0.000000e+00,0.000000e+00,0.000000e+00,0.000000e+00,0.000000e+00,0.000000e+00,0.000000e+00,0.000000e+00,0.000000e+00
1.000000e+00,0.000000e+00,0.000000e+00,0.000000e+00,0.000000e+00,0.000000e+00,0.000000e+00,0.000000e+00,0.000000e+00,0.000000e+00,0.000000e+00,0.000000e+00,0.000000e+00,0.000000e+00,0.000000e+00
1.000000e+00,0.000000e+00,0.000000e+00,0.000000e+00,0.000000e+00,0.000000e+00,0.000000e+00,0.000000e+00,0.000000e+00,0.000000e+00,0.000000e+00,0.000000e+00,0.000000e+00,0.000000e+00,0.000000e+00
1.000000e+00,0.000000e+00,0.000000e+00,0.000000e+00,0.000000e+00,0.000000e+00,0.000000e+00,0.000000e+00,0.000000e+00,0.000000e+00,0.000000e+00,0.000000e+00,0.000000e+00,0.000000e+00,0.000000e+00
1.000000e+00,0.000000e+00,0.000000e+00,0.000000e+00,0.000000e+00,0.000000e+00,0.000000e+00,0.000000e+00,0.000000e+00,0.000000e+00,0.000000e+00,0.000000e+00,0.000000e+00,0.000000e+00,0.000000e+00
1.000000e+00,0.000000e+00,0.000000e+00,0.000000e+00,0.000000e+00,0.000000e+00,0.000000e+00,0.000000e+00,0.000000e+00,0.000000e+00,0.000000e+00,0.000000e+00,0.000000e+00,0.000000e+00,0.000000e+00
1.000000e+00,0.000000e+00,0.000000e+00,0.000000e+00,0.000000e+00,0.000000e+00,0.000000e+00,0.000000e+00,0.000000e+00,0.000000e+00,0.000000e+00,0.000000e+00,0.000000e+00,0.000000e+00,0.000000e+00
1.000000e+00,0.000000e+00,0.000000e+00,0.000000e+00,0.000000e+00,0.000000e+00,0.000000e+00,0.000000e+00,0.000000e+00,0.000000e+00,0.000000e+00,0.000000e+00,0.000000e+00,0.000000e+00,0.000000e+00
1.000000e+00,0.000000e+00,0.000000e+00,0.000000e+00,0.000000e+00,0.000000e+00,0.000000e+00,0.000000e+00,0.000000e+00,0.000000e+00,0.000000e+00,0.000000e+00,0.000000e+00,0.000000e+00,0.000000e+00
1.000000e+00,0.000000e+00,0.000000e+00,0.000000e+00,0.000000e+00,0.000000e+00,0.000000e+00,0.000000e+00,0.000000e+00,0.000000e+00,0.000000e+00,0.000000e+00,0.000000e+00,0.000000e+00,0.000000e+00
1.000000e+00,0.000000e+00,0.000000e+00,0.000000e+00,0.000000e+00,0.000000e+00,0.000000e+00,0.000000e+00,0.000000e+00,0.000000e+00,0.000000e+00,0.000000e+00,0.000000e+00,0.000000e+00,0.000000e+00
1.000000e+00,0.000000e+00,0.000000e+00,0.000000e+00,0.000000e+00,0.000000e+00,0.000000e+00,0.000000e+00,0.000000e+00,0.000000e+00,0.000000e+00,0.000000e+00,0.000000e+00,0.000000e+00,0.000000e+00
1.000000e+00,0.000000e+00,0.000000e+00,0.000000e+00,0.000000e+00,0.000000e+00,0.000000e+00,0.000000e+00,0.000000e+00,0.000000e+00,0.000000e+00,0.000000e+00,0.000000e+00,0.000000e+00,0.000000e+00
1.000000e+00,0.000000e+00,0.000000e+00,0.000000e+00,0.000000e+00,0.000000e+00,0.000000e+00,0.000000e+00,0.000000e+00,0.000000e+00,0.000000e+00,0.000000e+00,0.000000e+00,0.000000e+00,0.000000e+00
1.000000e+00,0.000000e+00,0.000000e+00,0.000000e+00,0.000000e+00,0.000000e+00,0.000000e+00,0.000000e+00,0.000000e+00,0.000000e+00,0.000000e+00,0.000000e+00,0.000000e+00,0.000000e+00,0.000000e+00
1.000000e+00,0.000000e+00,0.000000e+00,0.000000e+00,0.000000e+00,0.000000e+00,0.000000e+00,0.000000e+00,0.000000e+00,0.000000e+00,0.000000e+00,0.000000e+00,0.000000e+00,0.000000e+00,0.000000e+00
1.000000e+00,0.000000e+00,0.000000e+00,0.000000e+00,0.000000e+00,0.000000e+00,0.000000e+00,0.000000e+00,0.000000e+00,0.000000e+00,0.000000e+00,0.000000e+00,0.000000e+00,0.000000e+00,0.000000e+00
1.000000e+00,0.000000e+00,0.000000e+00,0.000000e+00,0.000000e+00,0.000000e+00,0.000000e+00,0.000000e+00,0.000000e+00,0.000000e+00,0.000000e+00,0.000000e+00,0.000000e+00,0.000000e+00,0.000000e+00
1.000000e+00,0.000000e+00,0.000000e+00,0.000000e+00,0.000000e+00,0.000000e+00,0.000000e+00,0.000000e+00,0.000000e+00,0.000000e+00,0.000000e+00,0.000000e+00,0.000000e+00,0.000000e+00,0.000000e+00
1.000000e+00,0.000000e+00,0.000000e+00,0.000000e+00,0.000000e+00,0.000000e+00,0.000000e+00,0.000000e+00,0.000000e+00,0.000000e+00,0.000000e+00,0.000000e+00,0.000000e+00,0.000000e+00,0.000000e+00
1.000000e+00,0.000000e+00,0.000000e+00,0.000000e+00,0.000000e+00,0.000000e+00,0.000000e+00,0.000000e+00,0.000000e+00,0.000000e+00,0.000000e+00,0.000000e+00,0.000000e+00,0.000000e+00,0.000000e+00
1.000000e+00,0.000000e+00,0.000000e+00,0.000000e+00,0.000000e+00,0.000000e+00,0.000000e+00,0.000000e+00,0.000000e+00,0.000000e+00,0.000000e+00,0.000000e+00,0.000000e+00,0.000000e+00,0.000000e+00
1.000000e+00,0.000000e+00,0.000000e+00,0.000000e+00,0.000000e+00,0.000000e+00,0.000000e+00,0.000000e+00,0.000000e+00,0.000000e+00,0.000000e+00,0.000000e+00,0.000000e+00,0.000000e+00,0.000000e+00
1.000000e+00,0.000000e+00,0.000000e+00,0.000000e+00,0.000000e+00,0.000000e+00,0.000000e+00,0.000000e+00,0.000000e+00,0.000000e+00,0.000000e+00,0.000000e+00,0.000000e+00,0.000000e+00,0.000000e+00
1.000000e+00,0.000000e+00,0.000000e+00,0.000000e+00,0.000000e+00,0.000000e+00,0.000000e+00,0.000000e+00,0.000000e+00,0.000000e+00,0.000000e+00,0.000000e+00,0.000000e+00,0.000000e+00,0.000000e+00
1.000000e+00,0.000000e+00,0.000000e+00,0.000000e+00,0.000000e+00,0.000000e+00,0.000000e+00,0.000000e+00,0.000000e+00,0.000000e+00,0.000000e+00,0.000000e+00,0.000000e+00,0.000000e+00,0.000000e+00
1.000000e+00,0.000000e+00,0.000000e+00,0.000000e+00,0.000000e+00,0.000000e+00,0.000000e+00,0.000000e+00,0.000000e+00,0.000000e+00,0.000000e+00,0.000000e+00,0.000000e+00,0.000000e+00,0.000000e+00
1.000000e+00,0.000000e+00,0.000000e+00,0.000000e+00,0.000000e+00,0.000000e+00,0.000000e+00,0.000000e+00,0.000000e+00,0.000000e+00,0.000000e+00,0.000000e+00,0.000000e+00,0.000000e+00,0.000000e+00
1.000000e+00,0.000000e+00,0.000000e+00,0.000000e+00,0.000000e+00,0.000000e+00,0.000000e+00,0.000000e+00,0.000000e+00,0.000000e+00,0.000000e+00,0.000000e+00,0.000000e+00,0.000000e+00,0.000000e+00
1.000000e+00,0.000000e+00,0.000000e+00,0.000000e+00,0.000000e+00,0.000000e+00,0.000000e+00,0.000000e+00,0.000000e+00,0.000000e+00,0.000000e+00,0.000000e+00,0.000000e+00,0.000000e+00,0.000000e+00
1.000000e+00,0.000000e+00,0.000000e+00,0.000000e+00,0.000000e+00,0.000000e+00,0.000000e+00,0.000000e+00,0.000000e+00,0.000000e+00,0.000000e+00,0.000000e+00,0.000000e+00,0.000000e+00,0.000000e+00
1.000000e+00,0.000000e+00,0.000000e+00,0.000000e+00,0.000000e+00,0.000000e+00,0.000000e+00,0.000000e+00,0.000000e+00,0.000000e+00,0.000000e+00,0.000000e+00,0.000000e+00,0.000000e+00,0.000000e+00
1.000000e+00,0.000000e+00,0.000000e+00,0.000000e+00,0.000000e+00,0.000000e+00,0.000000e+00,0.000000e+00,0.000000e+00,0.000000e+00,0.000000e+00,0.000000e+00,0.000000e+00,0.000000e+00,0.000000e+00
4.342568e-01,3.856586e-02,3.267170e-02,1.815578e-01,1.507343e-02,2.712901e-02,1.057016e-02,7.102528e-02,2.319880e-02,2.518800e-03,3.820039e-02,7.024536e-02,1.911230e-02,5.915730e-03,2.995850e-02
3.928104e-01,4.758754e-02,3.136557e-02,2.047070e-01,2.102869e-02,2.860000e-02,1.061926e-02,5.929063e-02,2.978327e-02,2.573272e-03,4.236443e-02,7.000278e-02,2.025556e-02,6.459589e-03,3.255203e-02
2.997918e-01,4.442557e-02,5.922802e-02,2.565069e-01,2.340541e-02,2.699076e-02,1.113275e-02,7.558437e-02,3.173165e-02,2.341189e-03,3.903197e-02,7.376090e-02,2.019513e-02,6.057210e-03,2.981646e-02
2.936840e-01,5.340137e-02,5.554750e-02,2.490729e-01,2.778050e-02,2.798954e-02,1.079496e-02,5.958942e-02,3.614314e-02,3.121801e-03,4.479298e-02,7.025214e-02,2.137569e-02,8.689192e-03,3.776491e-02
3.087844e-01,5.262021e-02,4.916839e-02,2.324532e-01,2.987441e-02,3.034303e-02,9.909170e-03,4.997223e-02,3.680880e-02,3.589414e-03,5.004439e-02,7.175507e-02,2.374171e-02,1.096136e-02,3.997420e-02
3.450802e-01,5.608051e-02,3.969570e-02,2.151358e-01,3.136127e-02,2.968977e-02,9.695758e-03,3.983939e-02,3.500726e-02,3.692258e-03,4.937870e-02,6.779569e-02,2.549258e-02,1.175054e-02,4.030458e-02
3.597776e-01,5.307464e-02,4.101312e-02,2.020493e-01,2.976410e-02,3.157244e-02,1.023811e-02,4.002783e-02,3.155537e-02,3.445787e-03,4.661150e-02,7.106900e-02,2.953913e-02,1.085326e-02,3.940876e-02
3.855378e-01,5.256177e-02,3.745534e-02,1.871925e-01,2.838942e-02,3.138487e-02,1.011498e-02,3.328847e-02,2.968569e-02,3.545292e-03,4.502407e-02,7.292862e-02,3.294465e-02,1.042827e-02,3.951824e-02
4.641919e-01,4.816695e-02,2.984581e-02,1.529809e-01,2.528505e-02,2.832681e-02,9.290331e-03,2.644922e-02,2.591663e-02,3.486134e-03,3.838350e-02,6.366596e-02,3.277322e-02,1.046396e-02,4.077365e-02
1.000000e+00,0.000000e+00,0.000000e+00,0.000000e+00,0.000000e+00,0.000000e+00,0.000000e+00,0.000000e+00,0.000000e+00,0.000000e+00,0.000000e+00,0.000000e+00,0.000000e+00,0.000000e+00,0.000000e+00
1.000000e+00,0.000000e+00,0.000000e+00,0.000000e+00,0.000000e+00,0.000000e+00,0.000000e+00,0.000000e+00,0.000000e+00,0.000000e+00,0.000000e+00,0.000000e+00,0.000000e+00,0.000000e+00,0.000000e+00
1.000000e+00,0.000000e+00,0.000000e+00,0.000000e+00,0.000000e+00,0.000000e+00,0.000000e+00,0.000000e+00,0.000000e+00,0.000000e+00,0.000000e+00,0.000000e+00,0.000000e+00,0.000000e+00,0.000000e+00
1.000000e+00,0.000000e+00,0.000000e+00,0.000000e+00,0.000000e+00,0.000000e+00,0.000000e+00,0.000000e+00,0.000000e+00,0.000000e+00,0.000000e+00,0.000000e+00,0.000000e+00,0.000000e+00,0.000000e+00
1.000000e+00,0.000000e+00,0.000000e+00,0.000000e+00,0.000000e+00,0.000000e+00,0.000000e+00,0.000000e+00,0.000000e+00,0.000000e+00,0.000000e+00,0.000000e+00,0.000000e+00,0.000000e+00,0.000000e+00
1.000000e+00,0.000000e+00,0.000000e+00,0.000000e+00,0.000000e+00,0.000000e+00,0.000000e+00,0.000000e+00,0.000000e+00,0.000000e+00,0.000000e+00,0.000000e+00,0.000000e+00,0.000000e+00,0.000000e+00
1.000000e+00,0.000000e+00,0.000000e+00,0.000000e+00,0.000000e+00,0.000000e+00,0.000000e+00,0.000000e+00,0.000000e+00,0.000000e+00,0.000000e+00,0.000000e+00,0.000000e+00,0.000000e+00,0.000000e+00
1.000000e+00,0.000000e+00,0.000000e+00,0.000000e+00,0.000000e+00,0.000000e+00,0.000000e+00,0.000000e+00,0.000000e+00,0.000000e+00,0.000000e+00,0.000000e+00,0.000000e+00,0.000000e+00,0.000000e+00
1.000000e+00,0.000000e+00,0.000000e+00,0.000000e+00,0.000000e+00,0.000000e+00,0.000000e+00,0.000000e+00,0.000000e+00,0.000000e+00,0.000000e+00,0.000000e+00,0.000000e+00,0.000000e+00,0.000000e+00
1.000000e+00,0.000000e+00,0.000000e+00,0.000000e+00,0.000000e+00,0.000000e+00,0.000000e+00,0.000000e+00,0.000000e+00,0.000000e+00,0.000000e+00,0.000000e+00,0.000000e+00,0.000000e+00,0.000000e+00
1.000000e+00,0.000000e+00,0.000000e+00,0.000000e+00,0.000000e+00,0.000000e+00,0.000000e+00,0.000000e+00,0.000000e+00,0.000000e+00,0.000000e+00,0.000000e+00,0.000000e+00,0.000000e+00,0.000000e+00
1.000000e+00,0.000000e+00,0.000000e+00,0.000000e+00,0.000000e+00,0.000000e+00,0.000000e+00,0.000000e+00,0.000000e+00,0.000000e+00,0.000000e+00,0.000000e+00,0.000000e+00,0.000000e+00,0.000000e+00
1.000000e+00,0.000000e+00,0.000000e+00,0.000000e+00,0.000000e+00,0.000000e+00,0.000000e+00,0.000000e+00,0.000000e+00,0.000000e+00,0.000000e+00,0.000000e+00,0.000000e+00,0.000000e+00,0.000000e+00
1.000000e+00,0.000000e+00,0.000000e+00,0.000000e+00,0.000000e+00,0.000000e+00,0.000000e+00,0.000000e+00,0.000000e+00,0.000000e+00,0.000000e+00,0.000000e+00,0.000000e+00,0.000000e+00,0.000000e+00
1.000000e+00,0.000000e+00,0.000000e+00,0.000000e+00,0.000000e+00,0.000000e+00,0.000000e+00,0.000000e+00,0.000000e+00,0.000000e+00,0.000000e+00,0.000000e+00,0.000000e+00,0.000000e+00,0.000000e+00
1.000000e+00,0.000000e+00,0.000000e+00,0.000000e+00,0.000000e+00,0.000000e+00,0.000000e+00,0.000000e+00,0.000000e+00,0.000000e+00,0.000000e+00,0.000000e+00,0.000000e+00,0.000000e+00,0.000000e+00
1.000000e+00,0.000000e+00,0.000000e+00,0.000000e+00,0.000000e+00,0.000000e+00,0.000000e+00,0.000000e+00,0.000000e+00,0.000000e+00,0.000000e+00,0.000000e+00,0.000000e+00,0.000000e+00,0.000000e+00
1.000000e+00,0.000000e+00,0.000000e+00,0.000000e+00,0.000000e+00,0.000000e+00,0.000000e+00,0.000000e+00,0.000000e+00,0.000000e+00,0.000000e+00,0.000000e+00,0.000000e+00,0.000000e+00,0.000000e+00
4.057739e-01,5.307467e-03,6.576599e-03,1.457343e-02,3.961588e-03,1.080826e-02,5.274634e-03,5.152995e-01,2.169403e-03,6.580197e-04,4.481550e-03,1.014409e-02,8.444491e-03,1.158215e-03,5.368914e-03
2.841535e-01,3.726379e-03,4.731105e-03,1.025685e-02,2.825731e-03,7.668524e-03,3.769995e-03,6.600942e-01,1.520350e-03,4.617064e-04,3.157181e-03,7.108502e-03,5.928082e-03,8.277774e-04,3.770119e-03
1.989466e-01,2.616160e-03,3.406916e-03,7.242661e-03,2.056637e-03,5.476029e-03,2.947380e-03,7.612067e-01,1.065496e-03,3.241313e-04,2.279201e-03,4.991111e-03,4.190688e-03,6.080779e-04,2.642172e-03
1.393062e-01,1.836672e-03,2.422171e-03,5.117330e-03,1.597119e-03,3.939886e-03,2.838435e-03,8.314015e-01,7.474278e-04,2.277335e-04,1.682734e-03,3.513335e-03,3.071216e-03,4.428510e-04,1.855369e-03
9.757213e-02,1.320935e-03,1.816714e-03,3.649621e-03,2.134393e-03,3.487010e-03,1.431203e-02,8.647492e-01,5.306529e-04,1.707156e-04,1.425148e-03,2.572487e-03,4.566398e-03,3.497133e-04,1.342735e-03
6.836591e-02,9.550047e-04,1.448389e-03,2.600017e-03,3.518839e-03,4.143226e-03,2.303619e-02,8.830127e-01,3.816030e-04,1.394459e-04,1.186081e-03,2.022089e-03,7.837360e-03,2.868214e-04,1.066260e-03
4.815165e-02,7.268868e-04,1.170097e-03,1.914122e-03,2.265060e-02,1.532241e-02,1.761308e-02,8.561996e-01,2.944745e-04,2.596053e-04,2.019045e-03,2.771483e-03,2.379057e-02,5.146753e-04,6.601641e-03
3.408670e-02,5.370662e-04,1.051091e-03,1.357039e-03,1.720042e-02,1.288364e-02,1.274749e-02,6.170671e-01,2.727542e-04,1.091813e-02,8.586297e-03,1.207106e-02,2.018727e-01,5.449484e-03,6.389895e-02
2.411285e-02,4.082631e-04,1.035355e-03,1.014348e-03,1.286733e-02,1.280679e-02,9.227639e-03,4.367523e-01,3.558610e-04,1.153118e-02,1.169239e-02,2.081563e-02,3.563326e-01,6.944286e-03,9.410307e-02
1.710890e-02,3.293242e-04,9.034445e-04,1.138983e-03,1.083043e-02,1.958874e-02,6.818183e-03,3.059348e-01,8.763799e-04,1.014629e-02,1.165047e-02,4.483405e-02,4.523037e-01,8.588132e-03,1.089481e-01
1.236077e-02,3.526189e-04,7.549539e-04,1.910639e-03,8.937264e-03,6.470561e-02,5.562029e-03,2.142620e-01,2.029628e-03,1.296738e-02,1.085130e-02,1.693881e-01,3.890769e-01,1.002532e-02,9.681543e-02
8.720263e-03,3.414979e-04,5.990731e-04,1.797528e-03,6.755517e-03,5.193830e-02,4.018751e-03,1.500080e-01,2.620635e-03,2.128267e-02,1.455909e-02,2.872685e-01,3.602007e-01,1.409669e-02,7.579269e-02
6.295932e-03,8.257024e-04,1.102561e-03,1.437367e-03,5.413259e-03,3.806430e-02,3.010762e-03,1.050441e-01,3.859949e-03,3.078040e-02,1.625608e-02,4.179593e-01,2.983350e-01,1.619299e-02,5.542224e-02
5.070752e-03,1.012118e-03,1.197221e-03,1.136732e-03,4.128000e-03,2.769780e-02,2.345254e-03,7.359154e-02,3.749932e-03,5.323551e-02,1.648406e-02,5.361046e-01,2.205107e-01,1.436592e-02,3.936985e-02
5.768314e-03,1.041901e-03,1.068319e-03,8.172654e-04,3.305658e-03,1.975551e-02,1.793095e-03,5.161158e-02,3.777213e-03,5.902987e-02,1.908558e-02,6.316761e-01,1.588149e-01,1.444684e-02,2.800782e-02
6.762253e-03,9.723952e-04,1.054907e-03,6.213775e-04,2.879017e-03,1.450347e-02,1.489546e-03,3.632050e-02,3.100367e-03,6.515802e-02,1.792586e-02,7.039064e-01,1.139060e-01,1.161445e-02,1.978539e-02
5.812050e-03,1.155978e-03,8.598228e-04,5.186413e-04,1.923025e-02,1.093942e-02,2.164064e-03,2.573759e-02,6.671351e-03,5.154787e-02,1.784849e-02,7.536399e-01,8.090418e-02,9.044425e-03,1.392602e-02
5.552309e-03,8.938953e-04,6.457442e-04,4.319327e-04,4.538139e-02,7.908998e-03,2.770760e-03,1.832582e-02,6.128811e-03,3.873537e-02,1.778369e-02,7.809318e-01,5.782146e-02,6.907447e-03,9.780645e-03
8.799168e-03,7.648703e-04,5.323024e-04,4.699476e-04,9.347352e-02,6.091785e-03,2.714973e-03,1.340462e-02,9.090872e-03,2.977805e-02,1.748323e-02,7.625043e-01,4.198217e-02,5.999770e-03,6.910528e-03
1.132135e-02,7.365939e-04,7.033553e-04,1.048251e-03,2.235070e-01,5.365870e-03,2.367063e-03,1.210193e-02,1.291235e-02,2.948567e-02,1.972627e-02,6.386297e-01,3.102677e-02,6.181731e-03,4.886115e-03
1.302170e-02,6.457529e-04,7.317944e-04,1.015886e-03,3.617761e-01,4.238657e-03,2.776068e-03,1.144168e-02,1.340220e-02,2.957308e-02,2.448191e-02,5.053749e-01,2.278108e-02,5.270481e-03,3.468711e-03
1.546632e-02,1.115095e-03,9.976113e-04,9.695661e-04,3.378065e-01,3.849105e-03,3.168725e-03,1.011990e-02,6.038149e-02,2.420651e-02,2.823503e-02,4.878085e-01,1.935245e-02,4.048570e-03,2.474622e-03
1.885408e-02,3.665167e-03,5.739014e-03,9.849507e-04,3.574226e-01,1.011597e-02,4.792830e-03,1.813320e-02,1.276440e-01,1.825393e-02,2.773306e-02,3.842195e-01,1.712020e-02,3.420596e-03,1.900772e-03
1.890973e-02,3.081249e-03,5.171862e-03,9.517518e-04,3.906563e-01,1.179153e-02,1.113549e-02,2.225361e-02,1.745093e-01,1.374139e-02,2.477112e-02,3.038258e-01,1.481114e-02,2.894698e-03,1.495001e-03
2.025280e-02,2.622774e-03,8.931985e-03,1.011608e-03,4.180810e-01,1.221325e-02,1.522130e-02,5.813776e-02,1.642434e-01,1.140426e-02,2.377125e-02,2.444687e-01,1.551135e-02,2.847871e-03,1.280608e-03
1.874593e-02,2.055912e-03,1.627848e-02,1.165886e-03,3.437586e-01,9.930819e-03,1.992748e-02,1.679118e-01,1.460101e-01,9.616780e-03,2.667325e-02,2.117873e-01,2.189403e-02,2.965176e-03,1.278426e-03
1.452880e-02,1.520741e-03,1.533605e-02,8.603157e-04,2.543819e-01,7.121645e-03,1.050680e-01,2.784799e-01,1.170028e-01,7.211109e-03,2.154263e-02,1.541678e-01,1.933333e-02,2.233039e-03,1.211915e-03
1.073963e-02,1.103051e-03,1.199363e-02,6.224275e-04,1.802946e-01,5.103105e-03,2.327584e-01,3.275557e-01,8.311395e-02,5.166988e-03,1.527155e-02,1.082757e-01,1.552219e-02,1.601024e-03,8.779785e-04
7.973125e-03,7.935156e-04,8.961043e-03,4.722905e-04,1.307620e-01,4.352078e-03,2.299845e-01,4.518716e-01,5.903920e-02,3.770737e-03,1.095554e-02,7.590742e-02,1.337535e-02,1.152139e-03,6.294659e-04
6.579664e-03,5.986374e-04,7.038875e-03,4.414680e-04,1.088605e-01,3.865504e-03,2.313129e-01,4.779803e-01,4.226359e-02,2.716789e-03,7.871616e-03,5.321003e-02,5.585048e-02,8.574717e-04,5.522573e-04
6.069496e-03,4.897357e-04,5.849876e-03,4.645823e-04,9.776622e-02,3.760934e-03,2.051642e-01,5.297293e-01,3.055820e-02,1.971585e-03,5.788624e-03,3.730522e-02,7.395168e-02,6.305589e-04,4.998076e-04
5.548399e-03,3.845382e-04,4.516598e-03,5.323247e-04,9.700537e-02,2.929023e-03,1.631038e-01,6.178482e-01,2.187341e-02,1.583533e-03,4.733093e-03,2.617887e-02,5.288772e-02,4.822889e-04,3.927558e-04
7.463132e-03,3.440080e-04,3.656390e-03,5.088573e-04,9.572589e-02,2.456070e-03,1.533528e-01,6.584920e-01,1.566750e-02,1.190772e-03,3.453860e-03,1.834496e-02,3.862774e-02,3.812480e-04,3.347850e-04
1.019585e-02,3.130548e-04,3.298819e-03,5.516851e-04,8.239907e-02,2.187782e-03,1.240698e-01,7.213585e-01,1.110592e-02,8.941460e-04,2.551166e-03,1.286852e-02,2.762765e-02,3.014527e-04,2.766479e-04
2.733589e-02,3.492202e-04,3.506585e-03,1.154737e-03,8.352415e-02,4.743187e-03,9.946059e-02,7.390298e-01,7.923258e-03,6.814137e-04,1.994572e-03,9.162416e-03,2.058207e-02,2.529599e-04,2.990940e-04
4.565112e-02,3.962374e-04,3.496363e-03,1.685109e-03,7.527141e-02,1.498564e-02,7.609326e-02,7.506779e-01,5.655761e-03,7.334206e-04,2.192238e-03,7.091270e-03,1.534660e-02,2.936234e-04,4.299615e-04
5.075765e-02,4.160139e-04,3.953889e-03,1.390447e-03,5.526709e-02,6.504270e-02,6.797256e-02,7.199082e-01,4.085881e-03,1.428580e-03,3.966503e-03,6.529683e-03,1.707293e-02,3.791881e-04,1.828603e-03
3.774303e-02,3.904742e-04,2.990705e-03,1.235514e-03,3.891767e-02,5.002988e-02,4.794433e-02,5.606867e-01,3.076668e-03,3.129665e-02,3.135784e-02,1.028160e-02,1.006787e-01,6.229069e-03,7.714111e-02
2.791697e-02,3.483613e-04,2.283040e-03,1.034839e-03,2.748226e-02,3.630418e-02,3.409302e-02,4.177681e-01,2.395159e-03,7.971235e-02,2.907548e-02,1.314592e-02,1.792406e-01,1.688281e-02,1.323169e-01
2.095002e-02,3.784805e-04,1.650553e-03,7.671877e-04,1.935482e-02,2.610913e-02,2.779819e-02,2.994774e-01,2.596946e-03,6.643631e-02,2.952337e-02,3.731088e-02,1.900058e-01,1.410768e-01,1.365642e-01
1.534677e-02,3.331793e-04,1.199764e-03,6.313481e-04,1.363198e-02,1.851070e-02,2.053394e-02,2.112843e-01,2.430688e-03,6.937443e-02,2.534867e-02,3.492663e-02,1.781848e-01,2.835401e-01,1.247227e-01
1.101842e-02,4.875237e-04,8.790837e-04,5.225841e-04,9.751508e-03,1.313720e-02,1.447532e-02,1.480391e-01,5.508345e-03,1.104598e-01,2.678658e-02,3.631822e-02,1.543469e-01,3.534962e-01,1.147731e-01
8.117210e-03,8.836174e-04,8.414190e-04,6.133801e-04,7.288430e-03,9.490842e-03,1.025380e-02,1.046715e-01,6.291206e-03,1.246857e-01,3.558714e-02,4.045012e-02,1.319446e-01,4.314179e-01,8.746316e-02
6.154208e-03,2.347740e-03,2.704375e-03,9.709643e-04,5.667822e-03,7.128856e-03,7.366961e-03,7.600416e-02,1.006828e-02,1.265330e-01,3.843418e-02,5.558262e-02,1.371449e-01,4.557287e-01,6.816319e-02
4.721178e-03,2.199113e-03,1.995543e-03,8.546523e-04,4.430281e-03,5.119469e-03,5.281449e-03,5.384898e-02,1.125364e-02,9.636103e-02,5.279028e-02,4.820320e-02,9.913457e-02,5.637320e-01,5.007461e-02
3.777096e-03,9.190861e-03,4.030221e-03,1.020209e-03,3.562242e-03,4.908095e-03,3.921100e-03,3.842432e-02,3.364382e-02,7.091059e-02,5.354498e-02,3.781898e-02,7.208956e-02,6.199467e-01,4.321122e-02
3.200799e-03,2.102929e-02,4.758299e-03,9.630508e-04,2.726071e-03,4.413753e-03,2.786301e-03,2.714590e-02,4.755356e-02,5.832848e-02,4.391033e-02,2.727624e-02,5.117210e-02,6.537650e-01,5.097089e-02
2.476056e-03,3.585719e-02,3.627664e-03,7.508474e-04,1.962755e-03,6.317674e-03,1.959016e-03,1.912567e-02,6.898119e-02,4.233198e-02,3.358377e-02,1.921547e-02,3.601155e-02,6.900844e-01,3.771477e-02
1.954813e-03,3.019882e-02,2.808954e-03,6.253658e-04,1.431258e-03,8.997658e-03,1.379488e-03,1.355872e-02,7.164409e-02,3.017676e-02,2.574375e-02,1.352978e-02,2.538213e-02,7.455032e-01,2.706524e-02
1.508902e-03,2.352706e-02,2.237008e-03,4.623358e-04,1.019343e-03,1.400896e-02,9.673329e-04,9.568888e-03,6.650941e-02,2.167507e-02,2.165063e-02,9.715161e-03,1.808184e-02,7.899380e-01,1.913000e-02
1.237716e-03,2.677117e-02,2.886655e-03,4.144961e-04,8.140285e-04,4.782859e-02,6.829554e-04,6.838309e-03,1.035318e-01,1.572628e-02,1.676688e-02,6.972875e-03,1.315422e-02,7.426851e-01,1.368899e-02
2.024316e-03,2.519687e-02,3.337827e-03,6.959765e-04,9.703784e-04,1.137572e-01,5.058351e-04,5.056939e-03,1.981095e-01,1.212539e-02,1.704614e-02,5.405137e-03,1.069135e-02,5.951703e-01,9.906894e-03
3.518145e-03,2.221640e-02,4.581619e-03,9.222856e-04,1.135056e-03,1.093890e-01,4.166209e-04,4.215892e-03,3.793950e-01,9.234253e-03,1.487335e-02,4.230157e-03,8.349451e-03,4.303527e-01,7.170076e-03
4.947962e-03,2.123614e-02,7.649040e-03,3.118863e-03,1.143428e-03,1.435276e-01,3.462210e-04,7.554265e-03,4.472340e-01,7.752190e-03,1.434079e-02,3.417422e-03,6.552240e-03,3.254854e-01,5.694430e-03
7.653303e-03,2.064868e-02,7.159266e-03,2.729209e-03,1.704001e-03,1.121621e-01,3.516679e-04,1.113882e-02,5.726351e-01,5.830966e-03,1.224047e-02,2.553415e-03,4.925483e-03,2.340983e-01,4.169285e-03
8.797335e-03,1.849148e-02,9.240663e-03,3.632428e-03,3.410812e-03,9.350184e-02,4.073050e-04,1.887798e-02,6.518474e-01,4.871525e-03,1.078096e-02,2.030241e-03,3.851832e-03,1.670388e-01,3.219450e-03
8.510489e-03,1.964828e-02,3.266578e-02,8.118348e-03,1.498458e-02,7.537666e-02,4.018153e-04,3.595266e-02,6.657006e-01,4.560276e-03,8.314230e-03,1.452245e-03,2.772952e-03,1.185194e-01,3.021781e-03
1.017091e-02,1.969363e-02,4.899602e-02,9.011363e-03,2.760651e-02,5.478737e-02,5.767352e-04,2.089175e-01,5.222057e-01,3.359228e-03,5.935884e-03,1.026159e-03,1.961781e-03,8.347762e-02,2.273720e-03
1.006739e-02,2.044336e-02,4.554349e-02,6.893924e-03,3.368197e-02,3.925022e-02,5.897119e-04,3.848338e-01,3.897659e-01,2.378853e-03,4.178893e-03,7.217327e-04,1.383440e-03,5.865209e-02,1.615167e-03
9.576797e-03,1.755830e-02,3.636743e-02,5.205154e-03,3.451854e-02,2.787267e-02,6.415120e-04,5.392021e-01,2.805568e-01,1.731467e-03,2.958274e-03,5.140827e-04,9.963026e-04,4.114182e-02,1.158757e-03
8.525025e-03,1.442436e-02,2.719866e-02,3.948990e-03,3.383831e-02,1.991995e-02,6.224167e-04,6.573467e-01,2.000438e-01,1.244478e-03,2.099973e-03,3.717617e-04,7.349508e-04,2.884656e-02,8.339892e-04
7.183352e-03,1.039871e-02,1.978050e-02,2.911367e-03,2.709210e-02,1.434830e-02,6.012812e-04,7.524390e-01,1.410595e-01,9.171236e-04,1.507545e-03,2.805979e-04,5.633889e-04,2.030278e-02,6.144165e-04
6.482673e-03,7.432858e-03,1.432779e-02,2.144709e-03,2.195730e-02,1.031541e-02,5.520295e-04,8.203789e-01,9.922103e-02,6.613311e-04,1.097989e-03,2.172574e-04,4.484710e-04,1.431369e-02,4.485767e-04
6.415884e-03,5.330027e-03,1.060358e-02,1.633297e-03,1.802625e-02,7.471428e-03,5.044668e-04,8.678536e-01,6.978762e-02,5.050423e-04,8.273335e-04,1.885109e-04,3.761874e-04,1.014261e-02,3.341461e-04
5.939744e-03,3.770723e-03,7.660117e-03,1.249891e-03,1.314745e-02,5.352908e-03,4.799507e-04,9.046789e-01,4.895043e-02,3.621106e-04,6.133311e-04,1.435926e-04,2.887821e-04,7.123080e-03,2.389644e-04
7.003299e-03,2.663822e-03,5.509170e-03,9.493477e-04,9.560507e-03,4.148069e-03,4.749310e-04,9.290747e-01,3.432824e-02,2.578401e-04,4.676294e-04,1.277401e-04,2.522976e-04,5.007849e-03,1.745811e-04
8.848977e-03,1.912309e-03,4.022207e-03,7.659011e-04,7.240566e-03,3.174748e-03,4.554699e-04,9.448341e-01,2.413168e-02,1.857350e-04,3.984518e-04,1.271458e-04,2.331852e-04,3.533270e-03,1.363522e-04
2.046411e-02,1.391984e-03,3.030815e-03,7.952872e-04,6.143883e-03,5.218683e-03,1.142316e-03,9.410787e-01,1.699504e-02,1.366773e-04,3.430533e-04,1.923500e-04,4.529149e-04,2.489960e-03,1.243098e-04
4.055915e-02,1.013258e-03,2.455687e-03,9.017206e-04,5.519253e-03,9.434790e-03,2.509834e-03,9.221475e-01,1.195432e-02,1.076987e-04,3.321024e-04,3.178523e-04,8.416321e-04,1.763330e-03,1.419034e-04
4.466929e-02,7.509889e-04,2.024242e-03,9.257248e-04,5.118947e-03,4.162716e-02,2.654978e-03,8.814118e-01,8.434519e-03,9.064824e-05,4.907852e-04,5.698676e-04,9.783012e-03,1.258018e-03,1.900427e-04
4.359080e-02,6.206145e-04,1.629580e-03,7.880333e-04,4.635589e-03,1.188962e-01,2.419789e-03,6.970598e-01,6.072951e-03,7.957734e-05,1.767148e-03,1.170792e-03,1.194219e-01,9.165185e-04,9.307255e-04
4.194006e-02,9.999435e-04,2.168798e-03,2.538436e-03,6.623580e-03,1.039904e-01,2.703344e-03,5.352463e-01,1.071711e-02,1.057968e-03,5.124656e-03,9.096287e-03,2.706208e-01,9.670504e-04,6.205227e-03
4.235741e-02,1.005058e-03,2.107214e-03,2.111118e-03,7.225266e-03,8.746652e-02,2.954273e-03,3.906551e-01,9.260670e-03,1.144590e-03,7.786876e-03,1.420987e-02,4.234983e-01,8.134100e-04,7.404368e-03
4.783122e-02,9.604094e-04,1.864493e-03,1.621930e-03,7.840408e-03,6.659529e-02,2.816117e-03,2.846316e-01,8.506304e-03,9.432280e-04,8.428232e-03,1.640576e-02,5.431422e-01,6.658293e-04,7.746963e-03
4.714978e-02,1.094580e-03,1.493561e-03,1.206334e-03,7.099087e-03,4.980871e-02,2.679888e-03,2.041522e-01,7.579308e-03,7.602143e-04,1.005579e-02,2.531720e-02,6.342958e-01,6.617536e-04,6.645770e-03
5.897930e-02,1.551870e-03,2.106576e-03,1.081005e-03,7.229626e-03,4.071403e-02,2.543696e-03,1.482145e-01,1.366965e-02,8.553951e-04,2.229568e-02,4.561369e-02,6.482487e-01,1.087025e-03,5.809292e-03
9.987648e-02,8.871083e-03,3.714341e-03,1.581508e-03,1.099449e-02,3.592093e-02,2.299136e-03,1.068716e-01,1.183042e-01,1.581474e-03,2.518544e-02,3.855947e-02,5.380677e-01,2.070443e-03,6.101683e-03
1.134547e-01,1.355613e-02,1.018392e-02,2.173587e-03,1.562488e-02,3.245572e-02,2.557987e-03,9.025527e-02,1.584177e-01,4.244891e-03,2.734612e-02,4.339491e-02,4.762574e-01,4.109031e-03,5.967712e-03
1.629648e-01,1.694309e-02,2.121117e-02,3.065066e-03,2.433936e-02,2.697732e-02,2.862891e-03,7.346871e-02,1.811714e-01,4.615487e-03,2.675498e-02,4.156116e-02,4.012925e-01,5.142296e-03,7.629815e-03
1.285954e-01,1.907794e-02,2.025433e-02,2.749235e-03,9.457373e-02,2.691886e-02,4.258200e-03,5.657727e-02,2.815328e-01,3.548552e-03,2.305277e-02,3.136164e-02,2.961772e-01,3.904743e-03,7.417263e-03
1.369624e-01,2.474685e-02,3.642833e-02,4.211140e-03,1.060874e-01,2.635458e-02,5.248098e-03,6.509538e-02,3.039687e-01,4.011126e-03,1.969156e-02,2.461557e-02,2.244491e-01,3.805988e-03,1.432390e-02
1.599034e-01,3.671370e-02,4.338916e-02,6.118112e-03,1.050451e-01,4.522457e-02,6.641954e-03,5.438141e-02,3.137197e-01,3.653159e-03,1.595100e-02,2.108663e-02,1.699137e-01,3.556506e-03,1.470191e-02
1.973135e-01,3.519017e-02,3.403326e-02,8.335497e-03,1.110064e-01,5.318169e-02,1.241952e-02,4.920433e-02,3.235234e-01,2.987054e-03,1.254519e-02,1.805647e-02,1.270096e-01,3.265341e-03,1.192857e-02
2.662581e-01,3.126950e-02,2.621782e-02,9.284052e-03,1.286927e-01,5.044313e-02,1.585384e-02,4.028173e-02,2.868106e-01,2.420328e-03,1.085068e-02,1.886190e-02,9.842861e-02,3.200160e-03,1.112693e-02
3.762617e-01,2.767082e-02,1.890735e-02,1.156424e-02,1.020078e-01,4.730159e-02,1.320693e-02,3.214968e-02,2.504985e-01,2.114605e-03,1.005177e-02,2.015208e-02,7.351293e-02,3.482690e-03,1.111730e-02
4.749571e-01,2.659974e-02,1.420536e-02,1.177956e-02,7.781138e-02,4.260437e-02,1.105708e-02,2.547692e-02,2.109509e-01,2.028926e-03,1.125424e-02,1.866635e-02,5.536203e-02,4.103426e-03,1.314261e-02
1.000000e+00,0.000000e+00,0.000000e+00,0.000000e+00,0.000000e+00,0.000000e+00,0.000000e+00,0.000000e+00,0.000000e+00,0.000000e+00,0.000000e+00,0.000000e+00,0.000000e+00,0.000000e+00,0.000000e+00
1.000000e+00,0.000000e+00,0.000000e+00,0.000000e+00,0.000000e+00,0.000000e+00,0.000000e+00,0.000000e+00,0.000000e+00,0.000000e+00,0.000000e+00,0.000000e+00,0.000000e+00,0.000000e+00,0.000000e+00
1.000000e+00,0.000000e+00,0.000000e+00,0.000000e+00,0.000000e+00,0.000000e+00,0.000000e+00,0.000000e+00,0.000000e+00,0.000000e+00,0.000000e+00,0.000000e+00,0.000000e+00,0.000000e+00,0.000000e+00
1.000000e+00,0.000000e+00,0.000000e+00,0.000000e+00,0.000000e+00,0.000000e+00,0.000000e+00,0.000000e+00,0.000000e+00,0.000000e+00,0.000000e+00,0.000000e+00,0.000000e+00,0.000000e+00,0.000000e+00
4.096006e-01,1.003175e-02,5.349756e-03,9.317634e-03,1.893886e-02,3.055041e-02,4.829866e-03,4.314326e-01,4.728373e-02,1.229429e-03,4.172000e-03,6.268368e-03,1.189359e-02,2.209763e-03,6.891592e-03
2.974154e-01,7.162504e-03,4.131466e-03,6.940400e-03,1.378853e-02,2.193435e-02,3.643461e-03,5.885509e-01,3.332900e-02,8.687752e-04,2.968846e-03,4.430212e-03,8.381132e-03,1.568466e-03,4.886549e-03
2.766978e-01,5.823859e-03,3.754000e-03,5.837222e-03,1.084707e-02,2.583699e-02,3.492569e-03,6.188273e-01,2.453179e-02,8.227944e-04,5.361692e-03,4.849238e-03,7.855852e-03,1.340140e-03,4.121736e-03
2.276953e-01,4.421049e-03,3.297464e-03,4.831605e-03,1.031141e-02,2.370016e-02,3.009145e-03,6.846671e-01,1.768244e-02,6.380233e-04,4.937665e-03,4.002959e-03,6.450390e-03,1.124098e-03,3.231243e-03
3.183147e-01,3.874857e-03,3.762132e-03,8.112248e-03,8.490019e-03,2.013735e-02,2.562519e-03,5.751750e-01,1.367817e-02,1.587312e-03,1.154886e-02,1.722316e-02,9.802610e-03,1.437132e-03,4.294016e-03
3.978847e-01,3.919546e-03,4.563142e-03,3.001869e-02,8.163715e-03,2.482804e-02,2.098361e-03,4.165556e-01,1.110728e-02,3.333143e-03,3.512726e-02,2.236307e-02,3.211385e-02,1.806220e-03,6.117403e-03
3.806570e-01,3.467645e-03,5.282515e-03,3.196481e-02,7.176454e-03,1.985880e-02,1.858960e-03,2.939949e-01,1.064543e-02,6.187855e-03,8.175027e-02,3.597661e-02,1.131760e-01,2.041412e-03,5.961325e-03
3.360046e-01,2.818304e-03,4.710596e-03,2.598760e-02,7.055065e-03,2.790641e-02,2.722224e-03,2.116981e-01,1.174410e-02,5.469631e-03,1.088960e-01,3.676880e-02,2.102459e-01,1.807916e-03,6.164816e-03
3.461557e-01,3.535918e-03,4.235408e-03,2.514515e-02,8.317536e-03,5.762198e-02,3.358192e-03,1.532238e-01,2.831220e-02,4.419690e-03,1.006270e-01,4.855162e-02,2.056936e-01,3.330851e-03,7.471398e-03
2.451479e-01,3.593689e-03,3.580443e-03,1.930500e-02,9.230153e-03,7.203908e-02,3.868777e-03,1.077405e-01,2.326481e-02,4.137208e-03,9.361480e-02,7.999981e-02,3.240842e-01,3.330196e-03,7.063492e-03
1.732960e-01,3.283644e-03,6.139147e-03,1.419605e-02,1.411000e-02,5.185016e-02,3.103899e-03,7.616599e-02,2.709647e-02,4.428184e-03,1.136379e-01,1.171470e-01,3.861722e-01,3.381814e-03,5.991619e-03
1.240725e-01,2.464981e-03,5.213518e-03,1.028721e-02,2.093189e-02,4.004213e-02,2.505790e-03,5.393519e-02,2.223626e-02,5.038799e-03,1.011477e-01,2.468193e-01,3.557384e-01,3.624074e-03,5.942320e-03
9.403719e-02,2.058745e-03,4.242297e-03,7.256959e-03,2.005678e-02,2.891160e-02,2.105482e-03,3.790062e-02,1.776832e-02,6.987656e-03,7.591733e-02,3.920146e-01,3.000428e-01,4.229180e-03,6.470471e-03
8.099177e-02,2.042465e-03,3.433937e-03,5.276589e-03,2.018711e-02,2.337198e-02,2.083374e-03,2.666512e-02,1.676044e-02,1.804930e-02,6.253519e-02,4.813714e-01,2.463466e-01,4.596650e-03,6.288072e-03
6.122276e-02,1.657969e-03,2.636319e-03,3.859864e-03,1.638402e-02,1.815632e-02,2.415681e-03,1.916840e-02,1.493809e-02,2.859161e-02,4.909301e-02,5.635808e-01,2.080154e-01,4.748161e-03,5.531622e-03
5.579875e-02,1.515701e-03,2.876699e-03,3.526466e-03,1.575950e-02,1.776104e-02,2.560777e-03,1.521852e-02,1.564885e-02,3.813167e-02,4.266934e-02,5.875689e-01,1.915845e-01,4.922842e-03,4.456463e-03
3.979776e-02,1.354175e-03,2.137664e-03,2.782496e-03,2.314237e-02,1.309333e-02,1.872631e-03,1.202904e-02,2.332970e-02,2.851549e-02,3.183849e-02,6.342583e-01,1.787527e-01,3.728443e-03,3.367336e-03
2.911965e-02,1.064915e-03,1.544130e-03,2.068069e-03,3.080713e-02,9.265265e-03,1.484509e-03,9.072085e-03,4.849849e-02,2.399960e-02,2.411133e-02,6.742532e-01,1.395671e-01,2.724674e-03,2.419806e-03
2.775082e-02,1.438140e-03,1.482234e-03,2.017614e-03,4.008787e-02,6.868021e-03,1.353231e-03,1.080733e-02,1.176620e-01,2.490652e-02,2.044540e-02,6.293226e-01,1.119242e-01,2.153036e-03,1.780879e-03
2.161841e-02,3.293634e-03,2.611868e-03,3.003756e-03,4.640811e-02,5.449208e-03,1.142606e-03,2.109461e-02,3.083301e-01,2.007714e-02,1.690815e-02,4.629917e-01,8.417810e-02,1.605780e-03,1.286661e-03
1.842699e-02,3.396839e-03,3.207598e-03,2.609740e-03,6.139302e-02,4.380049e-03,1.044048e-03,2.506253e-02,4.004565e-01,1.561754e-02,1.426098e-02,3.832066e-01,6.447515e-02,1.459126e-03,1.003235e-03
1.460128e-02,3.141932e-03,2.873816e-03,2.418553e-03,5.979280e-02,3.891864e-03,9.192388e-04,3.200374e-02,4.942048e-01,1.171193e-02,1.244451e-02,3.106658e-01,4.945109e-02,1.108568e-03,7.700778e-04
1.085546e-02,2.346568e-03,2.043229e-03,1.794430e-03,5.398263e-02,2.820648e-03,1.517249e-03,2.428798e-02,6.245549e-01,8.274776e-03,9.205972e-03,2.218376e-01,3.514924e-02,7.824320e-04,5.468578e-04
8.612035e-03,1.824465e-03,1.541306e-03,1.452627e-03,5.490988e-02,2.095293e-03,1.520796e-03,1.992631e-02,7.103568e-01,5.881712e-03,6.896105e-03,1.588290e-01,2.520408e-02,5.574302e-04,3.921341e-04
8.836578e-03,1.531601e-03,1.848706e-03,3.380417e-03,6.524983e-02,2.713275e-03,1.229934e-03,2.861140e-02,7.436044e-01,4.271090e-03,6.118906e-03,1.128453e-01,1.904010e-02,4.085032e-04,3.099364e-04
1.323658e-02,1.581385e-03,4.361637e-03,3.848540e-03,9.998607e-02,5.645324e-03,1.382268e-03,3.514037e-02,7.287916e-01,3.235778e-03,5.905860e-03,8.036890e-02,1.583621e-02,3.347774e-04,3.446930e-04
1.702481e-02,1.176206e-03,3.223903e-03,2.879948e-03,2.549645e-01,5.925944e-03,2.436070e-02,5.624279e-02,5.578033e-01,2.333548e-03,4.630262e-03,5.646900e-02,1.239389e-02,2.596416e-04,3.115751e-04
1.597840e-02,9.202986e-04,2.418799e-03,2.091379e-03,2.035816e-01,4.548178e-03,2.498061e-01,5.357059e-02,4.105017e-01,1.738612e-03,3.538696e-03,3.973290e-02,1.106812e-02,1.998538e-04,3.047904e-04
1.645654e-02,7.285517e-04,1.890460e-03,1.534060e-03,1.551839e-01,3.478786e-03,4.027703e-01,8.211181e-02,2.950633e-01,1.287577e-03,2.886958e-03,2.797944e-02,8.199016e-03,1.667165e-04,2.626311e-04
1.592317e-02,6.249699e-04,1.424334e-03,1.157718e-03,1.178211e-01,3.167441e-03,5.272565e-01,8.982900e-02,2.118591e-01,1.047140e-03,3.534482e-03,1.974505e-02,6.209730e-03,1.379786e-04,2.623770e-04
1.949439e-02,5.065553e-04,1.186125e-03,9.843290e-04,1.025046e-01,2.935021e-03,5.741925e-01,1.246272e-01,1.501847e-01,9.262203e-04,3.443354e-03,1.388839e-02,4.740519e-03,1.167106e-04,2.695622e-04
2.300536e-02,5.522437e-04,1.611393e-03,1.093587e-03,9.000377e-02,4.565339e-03,4.748798e-01,2.747261e-01,1.098553e-01,7.357869e-04,3.147840e-03,9.789864e-03,5.471489e-03,1.309688e-04,4.311998e-04
2.279497e-02,4.530851e-04,1.974105e-03,1.184844e-03,7.362239e-02,3.750823e-03,3.608809e-01,4.414364e-01,7.932409e-02,5.578658e-04,2.369854e-03,6.896623e-03,4.290971e-03,1.029612e-04,3.602271e-04
2.297865e-02,3.681151e-04,1.784367e-03,1.159754e-03,6.193455e-02,3.091553e-03,2.728947e-01,5.677922e-01,5.715515e-02,4.277394e-04,1.809150e-03,4.916816e-03,3.308512e-03,8.167465e-05,2.970436e-04
2.459032e-02,3.443567e-04,2.769769e-03,1.460569e-03,4.813907e-02,3.270630e-03,2.076627e-01,6.629950e-01,4.035680e-02,3.356046e-04,1.496654e-03,3.628423e-03,2.578663e-03,7.822205e-05,2.932963e-04
2.389411e-02,2.978575e-04,2.636835e-03,1.385669e-03,4.139600e-02,2.646727e-03,1.549801e-01,7.380711e-01,2.843182e-02,2.451999e-04,1.158601e-03,2.594935e-03,1.961876e-03,6.273247e-05,2.365074e-04
4.021531e-02,4.021765e-04,2.811508e-03,2.042567e-03,9.429418e-02,3.355430e-03,1.101712e-01,7.189135e-01,2.148206e-02,3.028106e-04,1.692896e-03,2.108505e-03,1.772300e-03,1.076659e-04,3.278821e-04
6.009728e-02,7.761527e-04,2.260487e-03,3.268013e-03,7.832201e-02,3.336156e-03,7.815088e-02,6.843583e-01,5.614565e-02,1.377769e-03,8.838115e-03,1.200296e-02,8.888746e-03,1.401501e-03,7.759806e-04
4.488962e-02,6.660830e-04,1.930413e-03,3.058989e-03,5.586504e-02,3.253628e-03,5.565400e-02,5.873132e-01,7.553923e-02,4.597941e-03,6.669095e-02,1.906834e-02,9.186707e-03,7.100011e-02,1.285797e-03
3.471318e-02,7.421850e-04,1.400558e-03,2.531865e-03,4.149367e-02,3.545381e-03,3.964012e-02,4.408617e-01,7.561745e-02,6.560350e-03,1.823469e-01,4.322780e-02,1.065069e-02,1.147543e-01,1.913968e-03
2.592562e-02,8.632935e-04,1.024751e-03,2.127840e-03,3.119207e-02,3.498576e-03,2.857439e-02,3.161668e-01,6.774528e-02,6.878781e-03,3.137969e-01,5.813541e-02,9.334386e-03,1.324073e-01,2.328589e-03
1.882496e-02,8.546220e-04,7.517928e-04,1.672881e-03,2.245576e-02,4.029967e-03,2.008102e-02,2.218257e-01,5.113300e-02,7.617882e-03,4.425631e-01,8.761049e-02,8.180605e-03,1.104042e-01,1.994096e-03
1.427486e-02,7.423863e-04,5.606804e-04,1.306309e-03,1.632850e-02,3.188395e-03,1.410959e-02,1.555491e-01,3.634219e-02,5.727512e-03,5.655554e-01,9.286015e-02,5.941038e-03,8.605818e-02,1.455729e-03
1.372779e-02,1.165009e-03,5.637995e-04,1.087674e-03,1.235198e-02,2.986359e-03,1.018678e-02,1.130706e-01,2.705307e-02,4.880129e-03,5.930811e-01,1.098985e-01,4.545276e-03,1.043034e-01,1.098699e-03
1.058695e-02,2.377045e-03,6.440507e-04,8.010783e-04,9.894064e-03,2.203216e-03,7.235559e-03,8.006365e-02,2.255756e-02,4.162898e-03,6.388887e-01,1.008638e-01,3.314701e-03,1.154739e-01,9.328797e-04
7.875786e-03,2.307679e-03,6.483011e-04,7.452449e-04,9.022000e-03,1.672300e-03,5.158405e-03,5.668313e-02,1.881578e-02,3.226695e-03,7.071418e-01,8.248258e-02,2.433113e-03,1.009567e-01,8.305400e-04
6.503607e-03,1.871091e-03,5.729884e-04,6.993450e-04,8.646075e-03,1.366405e-03,3.676487e-03,4.010294e-02,1.447840e-02,2.564780e-03,7.487227e-01,6.782012e-02,1.955739e-03,1.002903e-01,7.290922e-04
6.873420e-03,1.728240e-03,5.238598e-04,8.131520e-04,6.447954e-03,1.515793e-03,2.593527e-03,2.824494e-02,1.163149e-02,2.198552e-03,7.443401e-01,6.533314e-02,1.739586e-03,1.253163e-01,7.000606e-04
5.883584e-03,1.424350e-03,4.093663e-04,1.008525e-03,4.662380e-03,1.756607e-03,1.821474e-03,1.980117e-02,8.871442e-03,1.970505e-03,7.372233e-01,6.138106e-02,1.470420e-03,1.516907e-01,6.252471e-04
4.390146e-03,2.549276e-03,5.885002e-04,9.649452e-04,3.480800e-03,1.877935e-03,1.288211e-03,1.388767e-02,1.001369e-02,2.012182e-03,6.990080e-01,5.589610e-02,1.205182e-03,2.020430e-01,7.944719e-04
3.399065e-03,6.672121e-03,1.169635e-03,9.051465e-04,3.226288e-03,8.922580e-03,9.981074e-04,9.763131e-03,2.178038e-02,2.564359e-03,6.097864e-01,5.136238e-02,1.093424e-03,2.775780e-01,7.790506e-04
