1.000000e+00,0.000000e+00,0.000000e+00,0.000000e+00,0.000000e+00,0.000000e+00,0.000000e+00,0.000000e+00,0.000000e+00,0.000000e+00,0.000000e+00,0.000000e+00,0.000000e+00,0.000000e+00,0.000000e+00
1.000000e+00,0.000000e+00,0.000000e+00,0.000000e+00,0.000000e+00,0.000000e+00,0.000000e+00,0.000000e+00,0.000000e+00,0.000000e+00,0.000000e+00,0.000000e+00,0.000000e+00,0.000000e+00,0.000000e+00
1.000000e+00,0.000000e+00,0.000000e+00,0.000000e+00,0.000000e+00,0.000000e+00,0.000000e+00,0.000000e+00,0.000000e+00,0.000000e+00,0.000000e+00,0.000000e+00,0.000000e+00,0.000000e+00,0.000000e+00
1.000000e+00,0.000000e+00,0.000000e+00,0.000000e+00,0.000000e+00,0.000000e+00,0.000000e+00,0.000000e+00,0.000000e+00,0.000000e+00,0.000000e+00,0.000000e+00,0.000000e+00,0.000000e+00,0.000000e+00
1.000000e+00,0.000000e+00,0.000000e+00,0.000000e+00,0.000000e+00,0.000000e+00,0.000000e+00,0.000000e+00,0.000000e+00,0.000000e+00,0.000000e+00,0.000000e+00,0.000000e+00,0.000000e+00,0.000000e+00
1.000000e+00,0.000000e+00,0.000000e+00,0.000000e+00,0.000000e+00,0.000000e+00,0.000000e+00,0.000000e+00,0.000000e+00,0.000000e+00,0.000000e+00,0.000000e+00,0.000000e+00,0.000000e+00,0.000000e+00
1.000000e+00,0.000000e+00,0.000000e+00,0.000000e+00,0.000000e+00,0.000000e+00,0.000000e+00,0.000000e+00,0.000000e+00,0.000000e+00,0.000000e+00,0.000000e+00,0.000000e+00,0.000000e+00,0.000000e+00
1.000000e+00,0.000000e+00,0.000000e+00,0.000000e+00,0.000000e+00,0.000000e+00,0.000000e+00,0.000000e+00,0.000000e+00,0.000000e+00,0.000000e+00,0.000000e+00,0.000000e+00,0.000000e+00,0.000000e+00
1.000000e+00,0.000000e+00,0.000000e+00,0.000000e+00,0.000000e+00,0.000000e+00,0.000000e+00,0.000000e+00,0.000000e+00,0.000000e+00,0.000000e+00,0.000000e+00,0.000000e+00,0.000000e+00,0.000000e+00
1.000000e+00,0.000000e+00,0.000000e+00,0.000000e+00,0.000000e+00,0.000000e+00,0.000000e+00,0.000000e+00,0.000000e+00,0.000000e+00,0.000000e+00,0.000000e+00,0.000000e+00,0.000000e+00,0.000000e+00
1.000000e+00,0.000000e+00,0.000000e+00,0.000000e+00,0.000000e+00,0.000000e+00,0.000000e+00,0.000000e+00,0.000000e+00,0.000000e+00,0.000000e+00,0.000000e+00,0.000000e+00,0.000000e+00,0.000000e+00
1.000000e+00,0.000000e+00,0.000000e+00,0.000000e+00,0.000000e+00,0.000000e+00,0.000000e+00,0.000000e+00,0.000000e+00,0.000000e+00,0.000000e+00,0.000000e+00,0.000000e+00,0.000000e+00,0.000000e+00
1.000000e+00,0.000000e+00,0.000000e+00,0.000000e+00,0.000000e+00,0.000000e+00,0.000000e+00,0.000000e+00,0.000000e+00,0.000000e+00,0.000000e+00,0.000000e+00,0.000000e+00,0.000000e+00,0.000000e+00
1.000000e+00,0.000000e+00,0.000000e+00,0.000000e+00,0.000000e+00,0.000000e+00,0.000000e+00,0.000000e+00,0.000000e+00,0.000000e+00,0.000000e+00,0.000000e+00,0.000000e+00,0.000000e+00,0.000000e+00
1.000000e+00,0.000000e+00,0.000000e+00,0.000000e+00,0.000000e+00,0.000000e+00,0.000000e+00,0.000000e+00,0.000000e+00,0.000000e+00,0.000000e+00,0.000000e+00,0.000000e+00,0.000000e+00,0.000000e+00
1.000000e+00,0.000000e+00,0.000000e+00,0.000000e+00,0.000000e+00,0.000000e+00,0.000000e+00,0.000000e+00,0.000000e+00,0.000000e+00,0.000000e+00,0.000000e+00,0.000000e+00,0.000000e+00,0.000000e+00
1.000000e+00,0.000000e+00,0.000000e+00,0.000000e+00,0.000000e+00,0.000000e+00,0.000000e+00,0.000000e+00,0.000000e+00,0.000000e+00,0.000000e+00,0.000000e+00,0.000000e+00,0.000000e+00,0.000000e+00
1.000000e+00,0.000000e+00,0.000000e+00,0.000000e+00,0.000000e+00,0.000000e+00,0.000000e+00,0.000000e+00,0.000000e+00,0.000000e+00,0.000000e+00,0.000000e+00,0.000000e+00,0.000000e+00,0.000000e+00
1.000000e+00,0.000000e+00,0.000000e+00,0.000000e+00,0.000000e+00,0.000000e+00,0.000000e+00,0.000000e+00,0.000000e+00,0.000000e+00,0.000000e+00,0.000000e+00,0.000000e+00,0.000000e+00,0.000000e+00
1.000000e+00,0.000000e+00,0.000000e+00,0.000000e+00,0.000000e+00,0.000000e+00,0.000000e+00,0.000000e+00,0.000000e+00,0.000000e+00,0.000000e+00,0.000000e+00,0.000000e+00,0.000000e+00,0.000000e+00
1.000000e+00,0.000000e+00,0.000000e+00,0.000000e+00,0.000000e+00,0.000000e+00,0.000000e+00,0.000000e+00,0.000000e+00,0.000000e+00,0.000000e+00,0.000000e+00,0.000000e+00,0.000000e+00,0.000000e+00
1.000000e+00,0.000000e+00,0.000000e+00,0.000000e+00,0.000000e+00,0.000000e+00,0.000000e+00,0.000000e+00,0.000000e+00,0.000000e+00,0.000000e+00,0.000000e+00,0.000000e+00,0.000000e+00,0.000000e+00
1.000000e+00,0.000000e+00,0.000000e+00,0.000000e+00,0.000000e+00,0.000000e+00,0.000000e+00,0.000000e+00,0.000000e+00,0.000000e+00,0.000000e+00,0.000000e+00,0.000000e+00,0.000000e+00,0.000000e+00
1.000000e+00,0.000000e+00,0.000000e+00,0.000000e+00,0.000000e+00,0.000000e+00,0.000000e+00,0.000000e+00,0.000000e+00,0.000000e+00,0.000000e+00,0.000000e+00,0.000000e+00,0.000000e+00,0.000000e+00
1.000000e+00,0.000000e+00,0.000000e+00,0.000000e+00,0.000000e+00,0.000000e+00,0.000000e+00,0.000000e+00,0.000000e+00,0.000000e+00,0.000000e+00,0.000000e+00,0.000000e+00,0.000000e+00,0.000000e+00
1.000000e+00,0.000000e+00,0.000000e+00,0.000000e+00,0.000000e+00,0.000000e+00,0.000000e+00,0.000000e+00,0.000000e+00,0.000000e+00,0.000000e+00,0.000000e+00,0.000000e+00,0.000000e+00,0.000000e+00
1.000000e+00,0.000000e+00,0.000000e+00,0.000000e+00,0.000000e+00,0.000000e+00,0.000000e+00,0.000000e+00,0.000000e+00,0.000000e+00,0.000000e+00,0.000000e+00,0.000000e+00,0.000000e+00,0.000000e+00
1.000000e+00,0.000000e+00,0.000000e+00,0.000000e+00,0.000000e+00,0.000000e+00,0.000000e+00,0.000000e+00,0.000000e+00,0.000000e+00,0.000000e+00,0.000000e+00,0.000000e+00,0.000000e+00,0.000000e+00
1.000000e+00,0.000000e+00,0.000000e+00,0.000000e+00,0.000000e+00,0.000000e+00,0.000000e+00,0.000000e+00,0.000000e+00,0.000000e+00,0.000000e+00,0.000000e+00,0.000000e+00,0.000000e+00,0.000000e+00
1.000000e+00,0.000000e+00,0.000000e+00,0.000000e+00,0.000000e+00,0.000000e+00,0.000000e+00,0.000000e+00,0.000000e+00,0.000000e+00,0.000000e+00,0.000000e+00,0.000000e+00,0.000000e+00,0.000000e+00
1.000000e+00,0.000000e+00,0.000000e+00,0.000000e+00,0.000000e+00,0.000000e+00,0.000000e+00,0.000000e+00,0.000000e+00,0.000000e+00,0.000000e+00,0.000000e+00,0.000000e+00,0.000000e+00,0.000000e+00
1.000000e+00,0.000000e+00,0.000000e+00,0.000000e+00,0.000000e+00,0.000000e+00,0.000000e+00,0.000000e+00,0.000000e+00,0.000000e+00,0.000000e+00,0.000000e+00,0.000000e+00,0.000000e+00,0.000000e+00
1.000000e+00,0.000000e+00,0.000000e+00,0.000000e+00,0.000000e+00,0.000000e+00,0.000000e+00,0.000000e+00,0.000000e+00,0.000000e+00,0.000000e+00,0.000000e+00,0.000000e+00,0.000000e+00,0.000000e+00
1.000000e+00,0.000000e+00,0.000000e+00,0.000000e+00,0.000000e+00,0.000000e+00,0.000000e+00,0.000000e+00,0.000000e+00,0.000000e+00,0.000000e+00,0.000000e+00,0.000000e+00,0.000000e+00,0.000000e+00
1.000000e+00,0.000000e+00,0.000000e+00,0.000000e+00,0.000000e+00,0.000000e+00,0.000000e+00,0.000000e+00,0.000000e+00,0.000000e+00,0.000000e+00,0.000000e+00,0.000000e+00,0.000000e+00,0.000000e+00
1.000000e+00,0.000000e+00,0.000000e+00,0.000000e+00,0.000000e+00,0.000000e+00,0.000000e+00,0.000000e+00,0.000000e+00,0.000000e+00,0.000000e+00,0.000000e+00,0.000000e+00,0.000000e+00,0.000000e+00
1.000000e+00,0.000000e+00,0.000000e+00,0.000000e+00,0.000000e+00,0.000000e+00,0.000000e+00,0.000000e+00,0.000000e+00,0.000000e+00,0.000000e+00,0.000000e+00,0.000000e+00,0.000000e+00,0.000000e+00
1.000000e+00,0.000000e+00,0.000000e+00,0.000000e+00,0.000000e+00,0.000000e+00,0.000000e+00,0.000000e+00,0.000000e+00,0.000000e+00,0.000000e+00,0.000000e+00,0.000000e+00,0.000000e+00,0.000000e+00
1.000000e+00,0.000000e+00,0.000000e+00,0.000000e+00,0.000000e+00,0.000000e+00,0.000000e+00,0.000000e+00,0.000000e+00,0.000000e+00,0.000000e+00,0.000000e+00,0.000000e+00,0.000000e+00,0.000000e+00
1.000000e+00,0.000000e+00,0.000000e+00,0.000000e+00,0.000000e+00,0.000000e+00,0.000000e+00,0.000000e+00,0.000000e+00,0.000000e+00,0.000000e+00,0.000000e+00,0.000000e+00,0.000000e+00,0.000000e+00
4.883340e-01,4.186167e-02,2.377184e-02,1.334247e-01,8.343406e-03,2.251406e-02,5.495543e-03,2.317215e-02,3.336934e-02,4.378009e-03,7.784451e-02,6.439496e-02,1.411603e-02,1.223585e-02,4.674401e-02
4.553650e-01,4.844962e-02,2.305131e-02,1.415503e-01,9.498809e-03,2.033071e-02,5.300732e-03,2.107049e-02,3.511882e-02,5.529933e-03,8.144744e-02,6.742705e-02,1.422209e-02,1.570336e-02,5.593428e-02
3.425469e-01,5.668917e-02,4.711219e-02,2.440164e-01,1.014390e-02,1.644776e-02,4.887553e-03,3.621562e-02,3.882238e-02,4.602888e-03,6.472457e-02,5.562119e-02,1.224813e-02,1.368439e-02,5.223700e-02
3.011374e-01,6.501456e-02,4.129299e-02,2.467799e-01,1.194902e-02,1.529382e-02,4.837659e-03,2.980932e-02,4.993330e-02,5.611882e-03,7.402703e-02,5.462910e-02,1.507403e-02,1.887934e-02,6.573074e-02
3.413551e-01,6.769093e-02,3.474384e-02,2.119413e-01,1.480482e-02,1.777137e-02,5.379546e-03,2.489001e-02,4.550086e-02,5.863608e-03,7.050301e-02,5.409456e-02,1.701822e-02,2.023294e-02,6.820976e-02
3.996152e-01,6.968312e-02,2.844806e-02,1.807159e-01,1.823155e-02,2.162166e-02,5.713288e-03,2.153965e-02,3.748498e-02,5.678608e-03,5.845434e-02,5.269158e-02,1.851482e-02,1.816056e-02,6.344660e-02
3.314444e-01,8.390658e-02,6.022139e-02,2.272790e-01,2.265221e-02,1.947555e-02,6.000755e-03,2.794288e-02,3.254970e-02,4.983542e-03,4.837488e-02,4.594278e-02,1.717174e-02,1.438192e-02,5.767263e-02
4.457218e-01,6.958266e-02,4.702676e-02,1.798988e-01,1.973661e-02,1.858447e-02,5.610646e-03,2.294159e-02,2.641246e-02,4.577690e-03,3.902668e-02,4.051915e-02,1.810938e-02,1.183550e-02,5.041580e-02
1.000000e+00,0.000000e+00,0.000000e+00,0.000000e+00,0.000000e+00,0.000000e+00,0.000000e+00,0.000000e+00,0.000000e+00,0.000000e+00,0.000000e+00,0.000000e+00,0.000000e+00,0.000000e+00,0.000000e+00
1.000000e+00,0.000000e+00,0.000000e+00,0.000000e+00,0.000000e+00,0.000000e+00,0.000000e+00,0.000000e+00,0.000000e+00,0.000000e+00,0.000000e+00,0.000000e+00,0.000000e+00,0.000000e+00,0.000000e+00
1.000000e+00,0.000000e+00,0.000000e+00,0.000000e+00,0.000000e+00,0.000000e+00,0.000000e+00,0.000000e+00,0.000000e+00,0.000000e+00,0.000000e+00,0.000000e+00,0.000000e+00,0.000000e+00,0.000000e+00
1.000000e+00,0.000000e+00,0.000000e+00,0.000000e+00,0.000000e+00,0.000000e+00,0.000000e+00,0.000000e+00,0.000000e+00,0.000000e+00,0.000000e+00,0.000000e+00,0.000000e+00,0.000000e+00,0.000000e+00
1.000000e+00,0.000000e+00,0.000000e+00,0.000000e+00,0.000000e+00,0.000000e+00,0.000000e+00,0.000000e+00,0.000000e+00,0.000000e+00,0.000000e+00,0.000000e+00,0.000000e+00,0.000000e+00,0.000000e+00
1.000000e+00,0.000000e+00,0.000000e+00,0.000000e+00,0.000000e+00,0.000000e+00,0.000000e+00,0.000000e+00,0.000000e+00,0.000000e+00,0.000000e+00,0.000000e+00,0.000000e+00,0.000000e+00,0.000000e+00
1.000000e+00,0.000000e+00,0.000000e+00,0.000000e+00,0.000000e+00,0.000000e+00,0.000000e+00,0.000000e+00,0.000000e+00,0.000000e+00,0.000000e+00,0.000000e+00,0.000000e+00,0.000000e+00,0.000000e+00
1.000000e+00,0.000000e+00,0.000000e+00,0.000000e+00,0.000000e+00,0.000000e+00,0.000000e+00,0.000000e+00,0.000000e+00,0.000000e+00,0.000000e+00,0.000000e+00,0.000000e+00,0.000000e+00,0.000000e+00
1.000000e+00,0.000000e+00,0.000000e+00,0.000000e+00,0.000000e+00,0.000000e+00,0.000000e+00,0.000000e+00,0.000000e+00,0.000000e+00,0.000000e+00,0.000000e+00,0.000000e+00,0.000000e+00,0.000000e+00
1.000000e+00,0.000000e+00,0.000000e+00,0.000000e+00,0.000000e+00,0.000000e+00,0.000000e+00,0.000000e+00,0.000000e+00,0.000000e+00,0.000000e+00,0.000000e+00,0.000000e+00,0.000000e+00,0.000000e+00
1.000000e+00,0.000000e+00,0.000000e+00,0.000000e+00,0.000000e+00,0.000000e+00,0.000000e+00,0.000000e+00,0.000000e+00,0.000000e+00,0.000000e+00,0.000000e+00,0.000000e+00,0.000000e+00,0.000000e+00
1.000000e+00,0.000000e+00,0.000000e+00,0.000000e+00,0.000000e+00,0.000000e+00,0.000000e+00,0.000000e+00,0.000000e+00,0.000000e+00,0.000000e+00,0.000000e+00,0.000000e+00,0.000000e+00,0.000000e+00
1.000000e+00,0.000000e+00,0.000000e+00,0.000000e+00,0.000000e+00,0.000000e+00,0.000000e+00,0.000000e+00,0.000000e+00,0.000000e+00,0.000000e+00,0.000000e+00,0.000000e+00,0.000000e+00,0.000000e+00
4.686691e-01,2.384130e-02,8.505172e-03,3.749140e-02,2.224245e-01,3.490468e-02,9.001528e-02,1.230239e-02,8.995318e-03,2.213948e-03,2.120942e-02,2.152615e-02,1.297037e-02,8.230729e-03,2.670025e-02
3.281651e-01,1.674732e-02,6.182870e-03,2.646638e-02,4.393675e-01,2.482803e-02,6.963123e-02,1.492567e-02,6.324340e-03,1.696335e-03,1.533182e-02,1.514798e-02,9.357871e-03,5.851030e-03,1.997647e-02
2.298003e-01,1.188514e-02,5.183944e-03,1.954076e-02,5.799775e-01,1.874247e-02,5.606071e-02,2.379671e-02,4.453663e-03,1.468456e-03,1.257937e-02,1.070538e-02,6.782945e-03,4.210158e-03,1.481252e-02
1.613117e-01,8.506958e-03,3.738465e-03,1.383826e-02,6.561358e-01,1.427997e-02,4.793108e-02,1.782729e-02,3.165433e-03,2.639594e-03,3.559604e-02,7.701142e-03,5.243003e-03,4.099869e-03,1.798547e-02
1.131521e-01,6.039129e-03,2.640186e-03,9.749382e-03,7.313267e-01,1.069549e-02,3.482600e-02,1.281795e-02,2.292270e-03,5.571306e-03,3.790247e-02,6.197682e-03,4.252355e-03,4.164112e-03,1.837286e-02
7.927460e-02,4.287905e-03,1.864045e-03,6.912943e-03,7.789788e-01,8.100220e-03,2.681563e-02,9.207752e-03,1.673033e-03,4.505990e-03,3.640633e-02,7.464669e-03,3.754754e-03,1.380814e-02,1.694512e-02
5.575469e-02,3.122098e-03,1.363132e-03,5.386063e-03,6.997447e-01,9.253416e-03,1.981344e-02,7.033590e-03,1.784427e-03,5.672091e-03,7.052966e-02,3.273706e-02,1.541736e-02,4.993391e-02,2.245431e-02
3.907603e-02,2.241868e-03,9.873813e-04,3.970867e-03,5.554618e-01,1.387508e-02,1.427528e-02,5.142944e-03,1.624694e-03,1.005706e-02,6.420398e-02,5.288367e-02,1.559809e-02,1.910023e-01,2.959898e-02
2.741450e-02,2.092298e-03,7.056587e-04,2.867368e-03,3.918999e-01,1.250904e-02,1.019131e-02,3.614165e-03,4.003772e-03,1.184894e-02,6.091225e-02,5.423894e-02,2.221658e-02,3.532354e-01,4.225001e-02
1.971668e-02,1.100884e-02,5.327645e-04,5.340663e-03,2.756811e-01,3.560248e-02,7.280734e-03,2.551936e-03,6.094360e-02,1.735546e-02,6.457801e-02,4.724471e-02,2.366380e-02,3.480251e-01,8.047418e-02
1.419432e-02,2.336688e-02,4.036178e-04,7.294773e-03,1.935818e-01,4.415015e-02,5.133270e-03,1.807446e-03,6.261960e-02,3.398036e-02,7.745285e-02,4.182290e-02,2.698961e-02,3.560129e-01,1.111895e-01
1.082861e-02,1.240845e-01,9.267263e-04,6.215333e-03,1.356408e-01,3.582190e-02,3.625881e-03,1.302881e-03,6.246005e-02,3.156530e-02,1.443060e-01,3.197312e-02,2.784403e-02,2.574354e-01,1.259696e-01
8.698473e-03,1.273913e-01,7.164981e-04,5.039984e-03,9.523495e-02,3.345318e-02,2.553978e-03,9.240962e-04,6.190452e-02,7.983521e-02,1.338045e-01,2.409750e-02,2.273841e-02,2.051743e-01,1.984330e-01
6.620090e-03,3.009828e-01,1.057350e-03,9.134785e-03,6.700476e-02,2.527783e-02,1.791396e-03,6.543459e-04,5.635268e-02,5.901527e-02,1.114028e-01,2.161525e-02,1.935269e-02,1.484424e-01,1.712956e-01
5.743316e-03,3.518330e-01,4.071934e-03,1.927642e-02,4.759900e-02,2.301038e-02,1.277188e-03,5.884511e-04,1.157092e-01,5.044717e-02,1.105787e-01,1.612595e-02,1.601870e-02,1.088514e-01,1.288691e-01
4.986971e-03,3.502038e-01,4.985603e-03,2.040983e-02,3.402586e-02,3.257150e-02,9.311434e-04,5.051556e-04,1.623522e-01,7.238789e-02,1.065850e-01,1.452405e-02,1.270083e-02,8.553852e-02,9.729163e-02
4.511671e-03,3.328072e-01,4.495597e-03,1.622213e-02,2.493227e-02,2.861547e-02,8.892828e-04,2.803326e-03,2.190968e-01,7.312839e-02,1.090077e-01,1.110936e-02,1.639381e-02,8.536288e-02,7.062395e-02
3.535591e-03,3.169487e-01,4.183049e-03,1.274133e-02,1.851665e-02,2.330506e-02,9.785627e-04,2.330273e-03,2.496065e-01,9.369151e-02,1.171443e-01,1.044884e-02,1.858342e-02,7.312586e-02,5.486032e-02
3.651989e-03,3.404966e-01,2.981666e-02,1.066845e-02,1.492403e-02,1.958061e-02,1.207281e-03,5.702561e-03,2.521802e-01,9.072927e-02,9.145717e-02,8.901950e-03,1.848802e-02,5.590617e-02,5.628904e-02
3.750083e-03,3.970039e-01,3.025839e-02,8.242094e-03,1.328603e-02,1.683111e-02,9.537105e-04,9.564467e-03,2.790950e-01,6.635931e-02,6.767537e-02,6.393808e-03,1.482294e-02,4.469128e-02,4.107258e-02
5.237054e-03,3.259302e-01,1.251184e-01,2.927049e-02,1.784326e-02,1.472400e-02,9.373545e-04,1.646560e-02,2.543248e-01,6.724887e-02,5.076147e-02,4.903638e-03,1.169392e-02,3.281460e-02,4.272628e-02
1.214398e-02,2.559793e-01,2.631428e-01,3.572256e-02,2.005981e-02,1.102210e-02,1.192635e-03,4.650211e-02,1.924538e-01,5.143726e-02,3.734679e-02,3.650535e-03,9.434666e-03,2.579214e-02,3.411947e-02
1.524545e-02,2.004519e-01,2.014263e-01,3.215269e-02,2.402624e-02,7.934218e-03,2.233418e-03,2.428375e-01,1.558696e-01,3.640412e-02,2.698757e-02,2.604873e-03,7.556911e-03,1.954509e-02,2.472414e-02
1.410986e-02,1.419751e-01,1.523686e-01,2.629215e-02,2.128620e-02,5.675684e-03,2.027564e-03,4.418999e-01,1.111471e-01,2.558651e-02,1.917614e-02,1.836491e-03,5.389184e-03,1.381285e-02,1.741660e-02
1.045310e-02,9.945574e-02,1.083392e-01,1.856233e-02,1.633712e-02,4.084868e-03,1.450316e-03,6.050768e-01,7.787302e-02,1.792630e-02,1.344493e-02,1.288298e-03,3.788336e-03,9.723797e-03,1.219576e-02
7.942304e-03,6.965824e-02,7.624006e-02,1.304189e-02,1.353676e-02,3.009957e-03,1.044939e-03,7.200175e-01,5.458545e-02,1.256260e-02,9.424076e-03,9.033877e-04,2.663554e-03,6.830981e-03,8.538272e-03
6.020649e-03,4.879225e-02,5.351284e-02,9.147343e-03,1.144241e-02,2.122948e-03,7.471000e-04,8.012527e-01,3.826846e-02,8.803968e-03,6.608531e-03,6.352956e-04,1.874146e-03,4.793336e-03,5.977983e-03
5.008788e-03,3.418841e-02,3.764150e-02,6.428398e-03,9.335629e-03,1.520129e-03,5.477989e-04,8.583689e-01,2.682460e-02,6.168557e-03,4.640039e-03,4.530648e-04,1.327639e-03,3.359671e-03,4.186941e-03
5.360531e-03,2.395018e-02,2.637886e-02,4.557618e-03,7.342923e-03,1.290693e-03,4.678929e-04,8.975583e-01,1.887299e-02,4.321167e-03,3.293662e-03,3.446032e-04,9.696434e-04,2.354576e-03,2.936412e-03
8.985461e-03,1.679442e-02,1.850344e-02,3.273998e-03,6.064196e-03,2.851763e-03,7.627659e-04,9.189534e-01,1.332027e-02,3.027100e-03,2.356627e-03,2.804006e-04,1.112158e-03,1.653430e-03,2.060505e-03
3.306030e-02,1.181567e-02,1.304347e-02,2.581804e-03,5.047535e-03,1.554221e-02,1.965091e-03,8.957153e-01,9.499795e-03,2.128419e-03,1.791480e-03,1.354605e-03,3.765468e-03,1.192131e-03,1.496688e-03
5.921563e-02,8.316390e-03,9.330994e-03,1.958665e-03,6.007832e-03,1.789837e-01,4.272024e-03,7.034419e-01,6.818774e-03,1.493940e-03,1.408734e-03,1.432172e-03,1.538051e-02,8.435660e-04,1.095247e-03
6.734549e-02,5.865366e-03,6.777058e-03,1.580790e-03,1.028712e-02,3.245740e-01,5.517168e-03,5.498139e-01,4.869463e-03,1.051220e-03,1.259510e-03,1.601676e-03,1.796527e-02,5.990000e-04,8.930946e-04
4.931992e-02,4.117845e-03,4.836203e-03,1.202532e-03,8.784285e-03,2.662773e-01,5.026765e-03,4.248047e-01,3.503986e-03,7.747780e-04,4.010772e-03,2.028461e-03,2.162088e-01,4.353245e-04,8.668292e-03
3.559272e-02,2.895497e-03,3.494816e-03,8.780365e-04,7.194165e-03,1.887577e-01,3.820118e-03,3.054189e-01,2.578130e-03,6.657615e-04,6.841843e-03,4.326942e-03,3.666226e-01,3.529665e-04,7.055991e-02
2.691107e-02,2.054543e-03,2.607022e-03,7.313779e-04,7.285232e-03,1.376864e-01,4.155866e-03,2.195944e-01,3.596789e-03,7.833384e-04,1.001398e-02,1.266815e-02,4.906948e-01,8.639202e-04,8.035310e-02
2.174655e-02,1.503907e-03,1.921557e-03,7.653383e-04,8.159993e-03,1.078650e-01,5.810557e-03,1.543675e-01,8.309158e-03,8.648426e-04,1.198701e-02,3.281894e-02,5.766942e-01,2.920990e-03,6.426452e-02
1.587140e-02,1.117783e-03,1.440340e-03,7.120920e-04,7.809808e-03,7.684137e-02,4.766208e-03,1.083892e-01,7.402526e-03,1.378529e-03,2.710846e-02,4.933114e-02,6.342174e-01,2.467854e-03,6.114583e-02
1.242872e-02,9.124355e-04,1.061639e-03,5.447738e-04,6.937142e-03,5.429642e-02,4.189640e-03,7.607375e-02,9.641115e-03,3.666721e-03,3.660189e-02,1.238285e-01,6.162837e-01,3.761115e-03,4.977243e-02
1.013338e-02,8.564895e-04,8.284235e-04,4.322719e-04,5.757452e-03,3.829699e-02,3.245859e-03,5.327854e-02,1.027424e-02,1.017018e-02,2.999822e-02,2.168502e-01,5.690466e-01,1.021689e-02,4.061428e-02
9.546211e-03,9.897082e-04,6.564894e-04,3.960002e-04,5.326829e-03,2.721908e-02,2.634506e-03,3.732023e-02,1.239172e-02,1.850150e-02,3.850828e-02,3.133671e-01,4.889625e-01,1.413486e-02,3.004487e-02
7.664201e-03,9.781430e-04,5.763121e-04,3.044613e-04,4.713221e-03,1.922585e-02,1.931990e-03,2.615915e-02,1.183916e-02,2.659851e-02,4.716329e-02,3.984920e-01,4.183672e-01,1.418142e-02,2.180510e-02
5.530626e-03,1.168211e-03,6.380957e-04,2.416630e-04,4.680648e-03,1.349727e-02,1.370375e-03,1.837493e-02,1.091371e-02,3.511316e-02,3.904638e-02,4.473878e-01,3.929918e-01,1.330347e-02,1.574186e-02
4.131041e-03,3.472310e-03,7.245207e-04,2.723173e-04,6.418461e-03,9.665574e-03,9.622159e-04,1.319684e-02,1.152032e-02,3.632503e-02,2.956934e-02,5.618427e-01,3.010995e-01,9.532759e-03,1.126697e-02
5.236495e-03,3.799910e-03,7.279869e-04,4.351101e-04,8.716226e-03,7.064368e-03,6.927365e-04,9.699444e-03,1.243060e-02,4.292250e-02,2.736524e-02,6.425567e-01,2.232010e-01,7.112489e-03,8.039250e-03
1.228083e-02,3.867627e-03,7.499756e-04,5.584910e-04,1.458217e-02,5.436209e-03,5.426377e-04,7.718790e-03,1.722139e-02,5.440135e-02,3.146514e-02,6.734008e-01,1.661713e-01,5.723997e-03,5.879296e-03
2.051072e-02,3.129478e-03,8.982817e-04,6.413411e-04,1.456708e-02,4.616122e-03,5.038452e-04,6.458591e-03,1.924898e-02,6.193645e-02,4.109877e-02,6.958706e-01,1.206669e-01,5.627115e-03,4.225684e-03
2.076878e-02,2.585143e-03,1.083471e-03,8.169048e-04,1.315738e-02,4.158159e-03,4.424327e-04,6.665704e-03,3.210910e-02,5.196344e-02,6.761490e-02,7.021663e-01,8.842880e-02,4.965352e-03,3.074153e-03
1.922572e-02,2.704268e-03,1.587229e-03,1.133622e-03,4.535256e-02,3.716644e-03,5.428407e-04,1.507644e-02,9.936943e-02,3.802180e-02,6.646095e-02,6.351807e-01,6.504943e-02,4.337897e-03,2.240449e-03
3.866479e-02,3.867922e-03,2.519387e-03,1.145924e-03,3.905288e-02,3.187090e-03,5.746019e-04,1.773879e-02,1.716495e-01,2.942756e-02,6.508964e-02,5.709851e-01,4.708266e-02,7.367366e-03,1.646747e-03
4.554676e-02,5.265755e-03,3.118273e-03,1.384007e-03,3.796823e-02,3.312762e-03,7.505722e-04,2.821866e-02,2.668009e-01,2.224656e-02,5.717631e-02,4.861796e-01,3.404768e-02,6.764266e-03,1.219648e-03
4.048721e-02,7.027368e-03,3.669290e-03,1.879297e-03,3.399747e-02,3.148699e-03,9.176318e-04,4.641366e-02,3.132548e-01,2.071765e-02,1.468779e-01,3.496191e-01,2.569221e-02,5.387956e-03,9.098439e-04
2.926245e-02,6.002164e-03,2.637594e-03,1.356489e-03,2.606673e-02,2.355697e-03,7.196220e-04,3.455145e-02,5.037259e-01,1.475804e-02,1.098921e-01,2.458999e-01,1.828152e-02,3.836460e-03,6.539597e-04
2.124597e-02,5.166427e-03,2.458883e-03,6.543233e-03,2.553980e-02,3.948756e-03,5.398773e-04,2.447631e-02,6.319768e-01,1.056815e-02,7.798693e-02,1.727033e-01,1.326730e-02,2.712718e-03,8.655232e-04
1.687447e-02,4.132602e-03,2.503318e-03,9.126144e-03,5.645917e-02,3.353042e-03,5.866835e-04,2.163577e-02,6.894292e-01,7.575467e-03,5.502949e-02,1.210972e-01,9.577912e-03,1.922401e-03,6.972019e-04
1.740537e-02,3.414901e-03,2.113349e-03,8.481399e-03,1.332257e-01,2.977769e-03,1.018848e-03,1.840215e-02,6.746141e-01,5.649847e-03,3.876021e-02,8.484457e-02,6.830922e-03,1.357816e-03,9.030483e-04
2.499070e-02,5.631712e-03,1.700028e-03,7.804265e-03,2.309275e-01,3.407474e-03,2.044860e-03,1.398537e-02,6.113283e-01,4.129569e-03,2.744975e-02,5.952861e-02,4.927650e-03,9.771893e-04,1.167056e-03
3.428207e-02,1.156007e-02,3.271719e-03,2.532668e-02,2.792828e-01,4.093852e-03,6.189158e-03,1.876235e-02,5.440686e-01,3.376179e-03,1.990585e-02,4.205926e-02,4.061029e-03,7.237416e-04,3.036627e-03
3.896410e-02,2.906573e-02,1.345986e-02,8.705328e-02,2.897063e-01,5.334818e-03,7.616618e-03,2.491214e-02,4.397841e-01,3.780811e-03,1.456947e-02,2.975713e-02,3.377977e-03,5.643780e-04,1.205323e-02
4.773634e-02,2.490656e-02,1.100187e-02,1.264749e-01,2.914439e-01,1.127560e-02,1.014919e-02,1.814843e-02,3.368518e-01,3.121455e-03,1.205393e-02,2.210300e-02,7.428052e-02,5.453264e-04,9.907248e-03
4.492340e-02,2.000646e-02,9.163736e-03,1.524517e-01,2.824475e-01,1.733669e-02,8.511473e-03,1.309440e-02,2.889639e-01,3.265667e-03,1.537705e-02,1.907521e-02,1.067957e-01,6.151478e-04,1.797202e-02
3.252684e-02,1.529502e-02,6.694780e-03,1.273968e-01,2.726931e-01,1.241211e-02,6.265595e-03,9.211123e-03,2.127801e-01,2.422566e-03,1.396629e-02,1.520783e-02,2.483865e-01,4.438332e-04,2.429740e-02
2.349534e-02,1.132108e-02,5.298018e-03,1.001823e-01,2.436665e-01,9.047844e-03,4.690685e-03,6.502951e-03,1.588872e-01,1.775411e-03,1.140893e-02,1.332150e-02,3.851655e-01,3.254195e-04,2.491133e-02
1.701778e-02,8.118679e-03,3.746831e-03,7.103451e-02,1.729058e-01,6.948031e-03,3.513324e-03,4.581508e-03,1.136374e-01,1.317177e-03,9.365780e-03,2.072730e-02,5.467476e-01,2.555921e-04,2.008281e-02
1.281421e-02,5.843602e-03,2.686195e-03,4.998947e-02,1.273143e-01,6.679914e-03,2.688386e-03,3.407722e-03,8.704025e-02,1.274654e-03,4.471506e-02,3.426814e-02,5.987879e-01,2.300305e-04,2.226014e-02
1.068351e-02,4.268273e-03,1.899718e-03,3.516658e-02,8.988786e-02,8.367656e-03,1.960262e-03,2.565310e-03,6.617726e-02,1.332867e-03,6.679359e-02,6.403394e-02,6.272857e-01,7.900813e-04,1.878736e-02
8.887283e-03,3.271450e-03,1.423445e-03,2.480780e-02,6.372117e-02,8.182977e-03,1.443034e-03,1.848302e-03,4.916978e-02,1.544823e-03,5.500328e-02,1.552496e-01,6.096268e-01,7.307907e-04,1.508948e-02
7.086114e-03,2.356586e-03,1.015777e-03,1.750590e-02,4.512896e-02,7.951161e-03,1.045490e-03,1.315418e-03,3.658015e-02,1.420951e-03,4.481898e-02,2.560643e-01,5.658144e-01,6.589488e-04,1.123685e-02
7.973852e-03,1.800608e-03,7.451603e-04,1.244965e-02,3.203721e-02,9.752011e-03,7.728778e-04,1.030848e-03,2.896560e-02,2.665908e-03,7.798319e-02,3.035184e-01,5.107588e-01,1.022808e-03,8.523068e-03
7.595078e-03,1.315647e-03,5.544964e-04,8.883848e-03,2.274434e-02,1.755849e-02,6.322185e-04,7.812603e-04,2.198260e-02,3.275807e-03,8.993655e-02,3.818089e-01,4.353709e-01,1.403258e-03,6.156571e-03
7.231379e-03,9.838908e-04,4.119830e-04,6.420126e-03,1.698062e-02,1.385143e-02,4.923150e-04,6.520444e-04,2.377185e-02,6.457103e-03,1.077880e-01,4.753332e-01,3.337135e-01,1.298373e-03,4.614210e-03
5.551790e-03,7.175909e-04,3.019484e-04,4.579715e-03,1.264539e-02,1.137004e-02,4.297733e-04,5.042407e-04,2.112559e-02,9.419742e-03,9.404910e-02,5.868253e-01,2.474830e-01,1.528510e-03,3.468279e-03
4.325819e-03,5.716571e-04,3.431328e-04,3.430721e-03,1.530563e-02,8.692482e-03,8.828755e-04,6.248414e-04,3.101184e-02,1.250794e-02,1.038334e-01,6.317018e-01,1.828891e-01,1.292317e-03,2.586594e-03
3.690127e-03,4.255489e-04,3.096763e-04,2.499200e-03,1.451539e-02,7.221343e-03,1.423292e-03,9.234265e-04,3.065802e-02,1.506805e-02,9.826817e-02,6.839041e-01,1.373465e-01,1.475068e-03,2.272105e-03
3.079708e-03,3.448876e-04,3.543053e-04,1.795103e-03,2.297232e-02,5.507787e-03,2.104535e-03,2.338844e-03,4.357904e-02,1.412538e-02,7.315315e-02,7.268456e-01,1.007576e-01,1.262554e-03,1.779208e-03
2.673460e-03,3.720000e-04,6.921070e-04,1.284085e-03,3.939535e-02,4.214324e-03,2.985859e-03,5.595956e-03,8.495152e-02,1.324307e-02,5.475850e-02,7.120543e-01,7.539704e-02,1.028083e-03,1.354396e-03
2.893875e-03,3.874822e-04,1.212958e-03,9.552545e-04,9.222173e-02,1.133875e-02,6.407693e-03,1.752846e-02,1.112404e-01,1.374208e-02,4.114141e-02,6.427239e-01,5.619283e-02,8.930448e-04,1.120210e-03
3.838299e-03,4.390649e-04,1.656916e-03,7.172246e-04,1.701246e-01,1.659781e-02,1.321610e-02,3.670181e-02,1.637314e-01,1.068965e-02,3.094653e-02,5.091744e-01,4.066613e-02,6.684147e-04,8.317538e-04
3.739251e-03,4.757572e-04,1.558717e-03,5.267715e-04,1.841424e-01,1.655520e-02,1.508137e-02,3.772668e-02,1.481994e-01,8.464889e-03,2.218045e-02,5.304605e-01,2.967540e-02,5.402665e-04,6.729495e-04
6.505874e-03,8.933889e-04,7.980544e-03,5.097160e-04,1.573066e-01,1.358229e-02,1.232920e-02,1.559177e-01,1.204327e-01,7.061559e-03,1.581439e-02,4.770704e-01,2.353462e-02,4.857684e-04,5.753434e-04
1.610611e-02,2.580940e-03,3.669672e-02,7.642478e-04,1.373546e-01,1.298612e-02,9.863222e-03,1.471859e-01,9.814398e-02,6.041116e-03,1.153017e-02,5.004602e-01,1.919363e-02,5.192058e-04,5.738619e-04
1.989459e-02,3.231186e-03,3.037634e-02,8.687812e-04,1.518438e-01,1.484866e-02,1.930890e-02,1.615355e-01,1.054764e-01,4.771571e-03,8.726326e-03,4.625591e-01,1.523237e-02,6.176571e-04,7.087371e-04
1.953935e-02,2.563371e-03,3.257170e-02,7.753641e-04,1.206224e-01,1.190635e-02,2.644947e-02,2.976818e-01,8.201815e-02,3.742678e-03,6.554978e-03,3.813846e-01,1.278798e-02,6.481329e-04,7.535663e-04
1.478379e-02,1.905739e-03,2.616466e-02,5.880244e-04,8.743929e-02,8.623630e-03,2.515550e-02,4.839970e-01,5.983970e-02,2.760919e-03,4.664723e-03,2.736408e-01,9.365816e-03,4.860805e-04,5.843200e-04
1.138001e-02,1.381969e-03,2.013363e-02,4.427566e-04,6.500175e-02,6.560518e-03,4.458126e-02,6.036578e-01,4.229622e-02,1.954257e-03,3.277506e-03,1.919309e-01,6.639347e-03,3.419392e-04,4.201589e-04
8.507387e-03,1.000951e-03,1.518882e-02,3.303581e-04,4.768731e-02,4.942084e-03,4.623320e-02,7.028700e-01,2.972883e-02,1.376010e-03,2.305738e-03,1.346099e-01,4.681621e-03,2.409366e-04,2.969342e-04
7.367713e-03,7.641808e-04,1.079957e-02,2.969723e-04,4.314477e-02,4.148765e-03,5.091472e-02,7.606341e-01,2.087220e-02,9.660774e-04,1.643057e-03,9.436046e-02,3.702934e-03,1.724582e-04,2.121014e-04
7.307750e-03,6.035135e-04,7.685800e-03,2.940130e-04,3.838202e-02,3.335230e-03,4.119504e-02,8.148021e-01,1.465836e-02,6.782463e-04,1.192919e-03,6.616270e-02,3.424302e-03,1.241130e-04,1.538965e-04
6.835558e-03,4.597018e-04,5.430511e-03,2.716714e-04,3.324682e-02,2.829949e-03,3.025046e-02,8.598011e-01,1.027827e-02,4.786073e-04,8.423011e-04,4.633643e-02,2.733598e-03,9.095918e-05,1.141052e-04
7.153739e-03,3.931622e-04,3.870410e-03,2.446289e-04,2.772080e-02,2.411996e-03,2.248798e-02,8.923496e-01,7.238275e-03,3.404116e-04,6.006098e-04,3.247051e-02,2.551613e-03,6.666784e-05,9.961181e-05
8.277554e-03,3.788782e-04,2.912057e-03,2.403447e-04,2.445933e-02,2.061039e-03,1.789764e-02,9.123079e-01,5.161336e-03,2.413251e-04,4.396542e-04,2.277475e-02,2.703961e-03,4.875037e-05,9.549926e-05
1.004424e-02,4.052285e-04,2.216478e-03,2.746946e-04,2.056170e-02,2.222495e-03,1.478248e-02,9.258746e-01,3.733872e-03,1.720973e-04,3.414965e-04,1.603279e-02,3.176027e-03,3.664572e-05,1.251565e-04
1.203109e-02,3.674958e-04,1.736133e-03,2.467000e-04,1.671277e-02,2.175684e-03,1.145062e-02,9.379643e-01,2.673809e-03,1.237393e-04,2.690105e-04,1.128495e-02,2.810445e-03,2.871188e-05,1.245285e-04
1.740752e-02,2.796029e-04,1.302163e-03,2.567346e-04,1.232957e-02,3.159500e-03,1.084072e-02,9.412270e-01,1.933727e-03,9.030354e-05,2.256244e-04,8.016448e-03,2.776689e-03,2.583316e-05,1.285769e-04
1.930117e-02,2.106583e-04,1.102206e-03,2.945186e-04,8.951593e-03,2.874677e-03,9.384285e-03,9.482331e-01,1.415579e-03,7.248243e-05,1.876188e-04,5.700650e-03,2.109312e-03,2.534467e-05,1.367716e-04
2.386330e-02,1.925066e-04,1.339832e-03,6.382013e-04,7.131067e-03,2.755250e-03,1.022102e-02,9.463989e-01,1.091248e-03,9.313572e-05,1.842995e-04,4.146069e-03,1.698067e-03,3.448790e-05,2.126619e-04
2.782392e-02,1.632459e-04,1.171089e-03,7.259687e-04,5.349939e-03,2.473014e-03,9.242330e-03,9.471206e-01,8.493628e-04,1.260474e-04,1.899721e-04,3.151617e-03,1.327230e-03,4.140935e-05,2.442188e-04
4.211502e-02,1.666607e-04,1.384644e-03,9.251161e-04,4.587451e-03,3.509746e-03,1.223331e-02,9.289864e-01,7.171397e-04,2.318911e-04,2.869987e-04,2.920672e-03,1.397423e-03,8.315188e-05,4.543476e-04
4.328356e-02,2.117250e-04,2.411954e-03,1.622798e-03,4.450883e-03,6.529506e-03,3.192091e-02,8.998288e-01,5.859623e-04,5.730079e-04,4.375147e-04,2.958283e-03,4.220138e-03,1.177959e-04,8.471584e-04
4.599795e-02,4.093968e-04,2.116618e-03,1.513089e-03,4.378885e-03,5.113072e-02,2.683562e-02,6.838330e-01,8.286549e-04,6.595713e-04,1.122074e-03,3.060941e-03,1.764549e-01,1.481170e-04,1.510484e-03
7.530653e-02,1.165803e-03,2.280703e-03,1.479658e-03,5.572748e-03,4.999145e-02,2.363420e-02,6.193168e-01,1.873797e-03,1.493011e-03,3.373876e-03,3.897363e-03,2.065612e-01,4.233271e-04,3.629508e-03
1.884874e-01,2.402472e-03,2.316977e-03,1.999813e-03,9.852870e-03,3.786497e-02,1.873350e-02,5.587064e-01,2.263071e-03,1.333672e-03,4.099726e-03,5.252544e-03,1.606374e-01,5.375890e-04,5.511565e-03
2.624237e-01,3.945654e-03,2.652552e-03,2.179981e-03,1.510329e-02,3.037782e-02,1.422710e-02,5.233288e-01,2.265320e-03,1.086058e-03,4.218712e-03,5.009363e-03,1.246539e-01,7.039754e-04,7.823783e-03
3.605194e-01,5.207635e-03,3.807082e-03,2.305764e-03,1.652261e-02,2.653914e-02,1.094700e-02,3.979974e-01,3.145514e-03,1.311891e-03,4.385602e-03,4.736709e-03,1.362255e-01,9.566742e-04,2.539204e-02
4.310139e-01,5.009987e-03,3.262527e-03,2.143460e-03,1.279892e-02,2.157605e-02,8.345424e-03,2.831582e-01,3.736692e-03,1.512911e-03,4.231334e-03,3.980088e-03,1.453150e-01,1.037237e-03,7.287818e-02
4.597653e-01,4.478774e-03,2.867302e-03,1.902650e-03,1.022407e-02,1.840765e-02,7.571939e-03,1.997382e-01,3.660710e-03,3.135144e-03,4.300112e-03,4.033257e-03,1.537154e-01,1.556007e-03,1.246435e-01
4.208443e-01,4.521389e-03,2.887047e-03,2.853290e-03,8.837045e-03,1.848225e-02,6.142369e-03,1.400397e-01,6.278221e-03,5.373498e-03,3.862113e-03,3.889136e-03,1.788583e-01,1.630177e-03,1.955011e-01
4.195492e-01,4.093908e-03,2.678482e-03,3.812286e-03,7.337933e-03,2.047400e-02,4.664994e-03,9.824797e-02,6.913250e-03,7.914754e-03,3.460730e-03,3.300795e-03,1.483120e-01,1.362786e-03,2.678769e-01
3.719624e-01,3.516480e-03,2.252446e-03,3.821572e-03,5.830802e-03,1.996487e-02,3.604795e-03,6.912774e-02,7.935241e-03,3.598629e-02,5.256245e-03,4.025755e-03,1.420301e-01,1.275472e-03,3.234099e-01
2.812681e-01,3.159740e-03,1.898009e-03,5.033770e-03,4.668157e-03,2.045645e-02,2.660257e-03,4.876021e-02,1.214517e-02,4.334293e-02,9.182915e-03,4.718109e-03,1.125179e-01,2.524398e-03,4.476640e-01
2.037090e-01,2.334051e-03,1.403939e-03,3.747324e-03,4.295608e-03,1.466509e-02,1.907419e-03,3.417610e-02,9.240941e-03,3.151068e-02,7.049138e-03,3.734914e-03,8.188035e-02,2.640980e-03,5.977045e-01
1.455427e-01,1.897533e-03,1.114041e-03,2.998159e-03,4.307890e-03,1.077259e-02,1.355003e-03,2.394852e-02,7.153284e-03,2.955457e-02,6.809197e-03,2.985004e-03,5.893452e-02,3.189989e-03,6.994370e-01
1.036873e-01,2.048290e-03,1.095882e-03,2.194599e-03,6.177114e-03,7.727045e-03,9.620572e-04,1.677331e-02,5.388970e-03,2.227325e-02,7.141726e-03,2.210053e-03,4.177343e-02,3.971997e-03,7.765750e-01
7.506270e-02,2.561681e-03,1.443521e-03,1.632337e-03,7.148812e-03,6.127610e-03,6.874807e-04,1.176799e-02,4.283546e-03,1.636028e-02,5.780607e-03,1.578419e-03,2.937136e-02,3.973742e-03,8.322200e-01
5.396143e-02,1.987302e-03,1.213243e-03,1.158371e-03,5.368731e-03,4.626391e-03,4.907465e-04,8.242777e-03,3.546122e-03,1.171095e-02,4.521590e-03,1.111227e-03,2.059820e-02,4.000264e-03,8.774627e-01
4.159583e-02,1.575785e-03,8.858168e-04,8.143471e-04,3.976536e-03,3.352873e-03,3.472798e-04,5.771539e-03,2.924785e-03,8.297594e-03,4.522889e-03,7.801122e-04,1.444603e-02,4.042142e-03,9.066665e-01
4.104079e-02,2.312691e-03,5.097168e-03,8.142088e-04,2.925085e-03,8.488957e-03,3.625610e-04,4.224847e-03,1.109068e-02,6.257978e-03,6.220087e-03,6.332621e-04,1.054825e-02,5.102765e-03,8.948808e-01
4.009034e-02,2.246956e-03,4.243237e-03,6.299230e-04,2.200406e-03,6.940602e-03,2.837298e-04,3.098009e-03,1.129289e-02,4.543121e-03,4.880873e-03,4.596587e-04,7.544604e-03,5.796554e-03,9.057491e-01
5.421922e-02,3.865003e-03,5.735382e-02,2.433932e-03,2.312178e-03,5.881599e-03,3.631120e-04,7.827398e-03,4.385610e-02,4.841815e-03,3.951470e-03,4.646022e-04,6.594460e-03,4.575239e-03,8.014601e-01
5.078659e-02,6.688272e-03,1.231103e-01,4.698131e-03,2.849202e-03,5.330130e-03,3.084228e-04,7.919447e-03,5.990890e-02,7.394986e-03,3.142311e-03,4.367218e-04,5.109617e-03,4.143790e-03,7.181733e-01
4.918218e-02,7.798350e-03,1.047602e-01,4.472827e-03,2.535094e-03,5.178241e-03,2.392277e-04,6.025317e-03,6.510511e-02,1.002024e-02,2.631246e-03,3.721894e-04,4.190524e-03,5.804718e-03,7.316846e-01
3.897829e-02,1.080107e-02,1.303794e-01,5.475391e-03,2.814026e-03,4.492975e-03,1.961736e-04,4.410766e-03,6.914711e-02,1.599590e-02,2.047880e-03,3.167177e-04,3.608054e-03,8.698829e-03,7.026374e-01
3.330383e-02,9.088746e-03,1.018177e-01,4.224426e-03,2.587582e-03,3.526956e-03,1.606158e-04,3.239614e-03,6.196471e-02,2.232919e-02,1.578141e-03,2.485914e-04,2.823326e-03,1.094788e-02,7.421587e-01
4.546925e-02,1.078842e-02,7.713284e-02,5.540720e-03,4.545554e-03,3.875479e-03,2.142777e-04,2.432530e-03,5.274642e-02,2.506773e-02,1.340949e-03,2.345492e-04,2.442005e-03,1.015972e-02,7.580096e-01
3.445398e-02,7.867108e-03,5.514887e-02,3.990820e-03,3.283375e-03,2.808051e-03,1.583912e-04,1.744956e-03,4.036030e-02,2.343338e-02,9.696821e-04,1.813229e-04,1.788983e-03,1.182705e-02,8.119838e-01
2.563693e-02,5.686404e-03,3.906910e-02,2.904178e-03,2.353277e-03,2.028620e-03,1.200134e-04,1.256616e-03,3.480411e-02,2.352649e-02,7.970816e-04,1.474837e-04,1.379274e-03,1.384701e-02,8.464434e-01
2.118546e-02,4.815515e-03,3.096083e-02,5.400781e-03,1.866309e-03,1.562464e-03,9.577443e-05,9.433168e-04,4.171178e-02,2.386311e-02,7.089204e-04,1.445826e-04,1.094282e-03,1.175346e-02,8.538934e-01
2.234098e-02,4.580109e-03,2.918061e-02,6.584239e-03,1.548647e-03,1.388162e-03,1.150187e-04,7.254891e-04,4.806501e-02,2.699208e-02,9.276724e-04,1.932035e-04,1.211019e-03,1.366644e-02,8.424813e-01
1.748459e-02,8.333039e-03,3.482455e-02,1.016354e-02,1.177203e-03,1.083883e-03,8.483759e-05,5.462648e-04,6.084672e-02,2.379206e-02,9.903153e-04,2.293442e-04,9.218950e-04,1.106568e-02,8.284561e-01
1.696351e-02,1.046222e-02,3.693618e-02,9.119501e-03,9.724186e-04,9.404755e-04,7.638226e-05,5.224432e-04,6.727667e-02,2.135701e-02,1.186987e-03,3.590791e-04,9.138038e-04,1.247652e-02,8.204368e-01
1.563280e-02,1.122177e-02,3.537901e-02,6.945455e-03,7.608228e-04,7.896931e-04,6.591255e-05,4.893713e-04,6.032717e-02,2.037298e-02,1.267724e-03,3.834417e-04,8.617764e-04,1.720952e-02,8.282925e-01
9.016997e-02,2.420394e-02,9.380738e-02,3.861546e-02,6.727997e-03,4.556631e-03,4.120426e-04,3.248105e-03,6.183468e-02,1.675368e-02,3.690864e-03,9.209717e-04,1.241303e-03,1.757227e-02,6.362447e-01
1.195704e-01,5.134696e-02,1.330058e-01,4.408330e-02,1.280066e-02,1.092488e-02,9.774871e-04,3.464391e-03,6.199364e-02,1.614006e-02,6.230172e-03,1.038710e-03,1.233927e-03,2.737187e-02,5.098177e-01
1.154456e-01,8.895031e-02,1.400100e-01,4.347800e-02,4.175130e-02,3.592166e-02,2.775461e-03,5.208219e-03,6.100620e-02,1.346725e-02,5.733916e-03,9.428770e-04,1.144862e-03,2.679368e-02,4.173707e-01
1.219935e-01,1.247220e-01,1.184141e-01,5.735547e-02,8.466095e-02,5.854226e-02,5.592124e-03,1.113158e-02,6.358811e-02,1.017072e-02,5.877224e-03,1.160080e-03,1.643266e-03,2.297587e-02,3.121728e-01
1.207841e-01,1.375314e-01,9.878200e-02,6.776210e-02,1.408645e-01,8.309945e-02,9.501149e-03,1.542892e-02,6.146082e-02,7.643113e-03,5.291520e-03,1.354568e-03,2.556076e-03,1.913738e-02,2.288030e-01
1.459445e-01,1.712095e-01,8.306456e-02,7.020310e-02,1.291363e-01,7.801849e-02,8.095148e-03,1.291141e-02,9.089182e-02,5.690595e-03,6.851280e-03,2.317416e-03,5.046660e-03,1.594772e-02,1.746715e-01
1.559150e-01,1.659369e-01,6.892202e-02,7.989880e-02,1.442394e-01,8.476470e-02,1.049258e-02,1.262177e-02,1.038913e-01,4.341444e-03,8.327500e-03,3.873005e-03,5.418804e-03,1.415193e-02,1.372049e-01
1.772086e-01,1.804643e-01,5.549552e-02,8.535445e-02,1.363743e-01,9.823544e-02,9.070073e-03,1.243214e-02,9.708147e-02,4.055284e-03,8.189090e-03,4.227515e-03,4.551369e-03,1.094589e-02,1.163146e-01
1.478895e-01,1.486001e-01,5.559520e-02,6.177835e-02,1.005211e-01,2.771031e-01,6.634851e-03,1.083889e-02,6.944574e-02,1.218801e-02,6.014133e-03,3.162408e-03,3.366822e-03,8.596293e-03,8.826555e-02
1.080317e-01,1.205039e-01,4.271376e-02,4.374502e-02,7.432431e-02,4.032881e-01,4.755762e-03,8.825592e-03,4.932038e-02,5.986664e-02,4.417025e-03,2.247729e-03,2.440212e-03,6.792169e-03,6.872768e-02
7.832626e-02,8.601132e-02,3.016240e-02,3.080025e-02,5.401623e-02,3.337029e-01,3.349334e-03,6.276651e-03,3.553837e-02,2.810590e-01,3.205502e-03,1.581158e-03,1.778915e-03,5.201191e-03,4.899066e-02
5.820180e-02,6.147288e-02,2.142559e-02,2.172919e-02,3.964916e-02,2.965171e-01,2.369299e-03,4.695548e-03,2.651199e-02,4.227273e-01,2.520923e-03,1.116699e-03,1.349807e-03,4.128583e-03,3.558411e-02
