1.000000e+00,0.000000e+00,0.000000e+00,0.000000e+00,0.000000e+00,0.000000e+00,0.000000e+00,0.000000e+00,0.000000e+00,0.000000e+00,0.000000e+00,0.000000e+00,0.000000e+00,0.000000e+00,0.000000e+00
1.000000e+00,0.000000e+00,0.000000e+00,0.000000e+00,0.000000e+00,0.000000e+00,0.000000e+00,0.000000e+00,0.000000e+00,0.000000e+00,0.000000e+00,0.000000e+00,0.000000e+00,0.000000e+00,0.000000e+00
1.000000e+00,0.000000e+00,0.000000e+00,0.000000e+00,0.000000e+00,0.000000e+00,0.000000e+00,0.000000e+00,0.000000e+00,0.000000e+00,0.000000e+00,0.000000e+00,0.000000e+00,0.000000e+00,0.000000e+00
1.000000e+00,0.000000e+00,0.000000e+00,0.000000e+00,0.000000e+00,0.000000e+00,0.000000e+00,0.000000e+00,0.000000e+00,0.000000e+00,0.000000e+00,0.000000e+00,0.000000e+00,0.000000e+00,0.000000e+00
1.000000e+00,0.000000e+00,0.000000e+00,0.000000e+00,0.000000e+00,0.000000e+00,0.000000e+00,0.000000e+00,0.000000e+00,0.000000e+00,0.000000e+00,0.000000e+00,0.000000e+00,0.000000e+00,0.000000e+00
1.000000e+00,0.000000e+00,0.000000e+00,0.000000e+00,0.000000e+00,0.000000e+00,0.000000e+00,0.000000e+00,0.000000e+00,0.000000e+00,0.000000e+00,0.000000e+00,0.000000e+00,0.000000e+00,0.000000e+00
1.000000e+00,0.000000e+00,0.000000e+00,0.000000e+00,0.000000e+00,0.000000e+00,0.000000e+00,0.000000e+00,0.000000e+00,0.000000e+00,0.000000e+00,0.000000e+00,0.000000e+00,0.000000e+00,0.000000e+00
1.000000e+00,0.000000e+00,0.000000e+00,0.000000e+00,0.000000e+00,0.000000e+00,0.000000e+00,0.000000e+00,0.000000e+00,0.000000e+00,0.000000e+00,0.000000e+00,0.000000e+00,0.000000e+00,0.000000e+00
1.000000e+00,0.000000e+00,0.000000e+00,0.000000e+00,0.000000e+00,0.000000e+00,0.000000e+00,0.000000e+00,0.000000e+00,0.000000e+00,0.000000e+00,0.000000e+00,0.000000e+00,0.000000e+00,0.000000e+00
1.000000e+00,0.000000e+00,0.000000e+00,0.000000e+00,0.000000e+00,0.000000e+00,0.000000e+00,0.000000e+00,0.000000e+00,0.000000e+00,0.000000e+00,0.000000e+00,0.000000e+00,0.000000e+00,0.000000e+00
1.000000e+00,0.000000e+00,0.000000e+00,0.000000e+00,0.000000e+00,0.000000e+00,0.000000e+00,0.000000e+00,0.000000e+00,0.000000e+00,0.000000e+00,0.000000e+00,0.000000e+00,0.000000e+00,0.000000e+00
1.000000e+00,0.000000e+00,0.000000e+00,0.000000e+00,0.000000e+00,0.000000e+00,0.000000e+00,0.000000e+00,0.000000e+00,0.000000e+00,0.000000e+00,0.000000e+00,0.000000e+00,0.000000e+00,0.000000e+00
1.000000e+00,0.000000e+00,0.000000e+00,0.000000e+00,0.000000e+00,0.000000e+00,0.000000e+00,0.000000e+00,0.000000e+00,0.000000e+00,0.000000e+00,0.000000e+00,0.000000e+00,0.000000e+00,0.000000e+00
1.000000e+00,0.000000e+00,0.000000e+00,0.000000e+00,0.000000e+00,0.000000e+00,0.000000e+00,0.000000e+00,0.000000e+00,0.000000e+00,0.000000e+00,0.000000e+00,0.000000e+00,0.000000e+00,0.000000e+00
1.000000e+00,0.000000e+00,0.000000e+00,0.000000e+00,0.000000e+00,0.000000e+00,0.000000e+00,0.000000e+00,0.000000e+00,0.000000e+00,0.000000e+00,0.000000e+00,0.000000e+00,0.000000e+00,0.000000e+00
4.720664e-01,3.717307e-02,2.388212e-02,7.201775e-02,7.049779e-03,2.213378e-02,2.666193e-03,1.123115e-02,3.883151e-02,7.049572e-03,1.254423e-01,5.145051e-02,1.469833e-02,3.440589e-02,7.990166e-02
4.099976e-01,5.129163e-02,2.495936e-02,7.996850e-02,7.708690e-03,2.504793e-02,2.744362e-03,1.068442e-02,4.189738e-02,8.057038e-03,1.236055e-01,4.667965e-02,1.420712e-02,4.171647e-02,1.114344e-01
3.402600e-01,5.672902e-02,5.195992e-02,1.447818e-01,9.236349e-03,2.617993e-02,3.406096e-03,2.996037e-02,4.241097e-02,6.598703e-03,9.668173e-02,4.435033e-02,1.247062e-02,3.272813e-02,1.022461e-01
3.299375e-01,6.948367e-02,4.910869e-02,1.587380e-01,1.083672e-02,2.559631e-02,3.667705e-03,2.616410e-02,4.783510e-02,6.518174e-03,8.610567e-02,4.026629e-02,1.226201e-02,2.919940e-02,1.042807e-01
3.159746e-01,6.760478e-02,5.763829e-02,1.695596e-01,1.423697e-02,2.818503e-02,4.598436e-03,3.277452e-02,4.902206e-02,6.330760e-03,7.288172e-02,4.198895e-02,1.324816e-02,2.886077e-02,9.709536e-02
3.357723e-01,6.719518e-02,4.800579e-02,1.720176e-01,1.784162e-02,2.795266e-02,5.061741e-03,3.260048e-02,4.727925e-02,6.431354e-03,6.108185e-02,4.643346e-02,1.759220e-02,2.584848e-02,8.888607e-02
3.461744e-01,7.080033e-02,3.963523e-02,1.648543e-01,1.926091e-02,2.886642e-02,6.185614e-03,2.975813e-02,4.713311e-02,6.628621e-03,5.629534e-02,4.727042e-02,2.121458e-02,2.615466e-02,8.976792e-02
4.223439e-01,6.720351e-02,3.120656e-02,1.429543e-01,1.769884e-02,2.570684e-02,5.756222e-03,2.437776e-02,3.966990e-02,5.934304e-03,5.130417e-02,4.318985e-02,2.061111e-02,2.370686e-02,7.833598e-02
4.157943e-01,6.283654e-02,3.441898e-02,1.491775e-01,1.866996e-02,2.899771e-02,6.682591e-03,2.918504e-02,3.841107e-02,5.466203e-03,5.264036e-02,4.662554e-02,2.279200e-02,2.057121e-02,6.773105e-02
4.787225e-01,5.991727e-02,2.893347e-02,1.278783e-01,1.670932e-02,2.599410e-02,6.606987e-03,2.470503e-02,3.311804e-02,5.180711e-03,4.479032e-02,4.320025e-02,2.310238e-02,1.865720e-02,6.248413e-02
1.000000e+00,0.000000e+00,0.000000e+00,0.000000e+00,0.000000e+00,0.000000e+00,0.000000e+00,0.000000e+00,0.000000e+00,0.000000e+00,0.000000e+00,0.000000e+00,0.000000e+00,0.000000e+00,0.000000e+00
1.000000e+00,0.000000e+00,0.000000e+00,0.000000e+00,0.000000e+00,0.000000e+00,0.000000e+00,0.000000e+00,0.000000e+00,0.000000e+00,0.000000e+00,0.000000e+00,0.000000e+00,0.000000e+00,0.000000e+00
1.000000e+00,0.000000e+00,0.000000e+00,0.000000e+00,0.000000e+00,0.000000e+00,0.000000e+00,0.000000e+00,0.000000e+00,0.000000e+00,0.000000e+00,0.000000e+00,0.000000e+00,0.000000e+00,0.000000e+00
1.000000e+00,0.000000e+00,0.000000e+00,0.000000e+00,0.000000e+00,0.000000e+00,0.000000e+00,0.000000e+00,0.000000e+00,0.000000e+00,0.000000e+00,0.000000e+00,0.000000e+00,0.000000e+00,0.000000e+00
1.000000e+00,0.000000e+00,0.000000e+00,0.000000e+00,0.000000e+00,0.000000e+00,0.000000e+00,0.000000e+00,0.000000e+00,0.000000e+00,0.000000e+00,0.000000e+00,0.000000e+00,0.000000e+00,0.000000e+00
1.000000e+00,0.000000e+00,0.000000e+00,0.000000e+00,0.000000e+00,0.000000e+00,0.000000e+00,0.000000e+00,0.000000e+00,0.000000e+00,0.000000e+00,0.000000e+00,0.000000e+00,0.000000e+00,0.000000e+00
1.000000e+00,0.000000e+00,0.000000e+00,0.000000e+00,0.000000e+00,0.000000e+00,0.000000e+00,0.000000e+00,0.000000e+00,0.000000e+00,0.000000e+00,0.000000e+00,0.000000e+00,0.000000e+00,0.000000e+00
1.000000e+00,0.000000e+00,0.000000e+00,0.000000e+00,0.000000e+00,0.000000e+00,0.000000e+00,0.000000e+00,0.000000e+00,0.000000e+00,0.000000e+00,0.000000e+00,0.000000e+00,0.000000e+00,0.000000e+00
1.000000e+00,0.000000e+00,0.000000e+00,0.000000e+00,0.000000e+00,0.000000e+00,0.000000e+00,0.000000e+00,0.000000e+00,0.000000e+00,0.000000e+00,0.000000e+00,0.000000e+00,0.000000e+00,0.000000e+00
1.000000e+00,0.000000e+00,0.000000e+00,0.000000e+00,0.000000e+00,0.000000e+00,0.000000e+00,0.000000e+00,0.000000e+00,0.000000e+00,0.000000e+00,0.000000e+00,0.000000e+00,0.000000e+00,0.000000e+00
1.000000e+00,0.000000e+00,0.000000e+00,0.000000e+00,0.000000e+00,0.000000e+00,0.000000e+00,0.000000e+00,0.000000e+00,0.000000e+00,0.000000e+00,0.000000e+00,0.000000e+00,0.000000e+00,0.000000e+00
1.000000e+00,0.000000e+00,0.000000e+00,0.000000e+00,0.000000e+00,0.000000e+00,0.000000e+00,0.000000e+00,0.000000e+00,0.000000e+00,0.000000e+00,0.000000e+00,0.000000e+00,0.000000e+00,0.000000e+00
1.000000e+00,0.000000e+00,0.000000e+00,0.000000e+00,0.000000e+00,0.000000e+00,0.000000e+00,0.000000e+00,0.000000e+00,0.000000e+00,0.000000e+00,0.000000e+00,0.000000e+00,0.000000e+00,0.000000e+00
1.000000e+00,0.000000e+00,0.000000e+00,0.000000e+00,0.000000e+00,0.000000e+00,0.000000e+00,0.000000e+00,0.000000e+00,0.000000e+00,0.000000e+00,0.000000e+00,0.000000e+00,0.000000e+00,0.000000e+00
1.000000e+00,0.000000e+00,0.000000e+00,0.000000e+00,0.000000e+00,0.000000e+00,0.000000e+00,0.000000e+00,0.000000e+00,0.000000e+00,0.000000e+00,0.000000e+00,0.000000e+00,0.000000e+00,0.000000e+00
1.000000e+00,0.000000e+00,0.000000e+00,0.000000e+00,0.000000e+00,0.000000e+00,0.000000e+00,0.000000e+00,0.000000e+00,0.000000e+00,0.000000e+00,0.000000e+00,0.000000e+00,0.000000e+00,0.000000e+00
1.000000e+00,0.000000e+00,0.000000e+00,0.000000e+00,0.000000e+00,0.000000e+00,0.000000e+00,0.000000e+00,0.000000e+00,0.000000e+00,0.000000e+00,0.000000e+00,0.000000e+00,0.000000e+00,0.000000e+00
1.000000e+00,0.000000e+00,0.000000e+00,0.000000e+00,0.000000e+00,0.000000e+00,0.000000e+00,0.000000e+00,0.000000e+00,0.000000e+00,0.000000e+00,0.000000e+00,0.000000e+00,0.000000e+00,0.000000e+00
1.000000e+00,0.000000e+00,0.000000e+00,0.000000e+00,0.000000e+00,0.000000e+00,0.000000e+00,0.000000e+00,0.000000e+00,0.000000e+00,0.000000e+00,0.000000e+00,0.000000e+00,0.000000e+00,0.000000e+00
1.000000e+00,0.000000e+00,0.000000e+00,0.000000e+00,0.000000e+00,0.000000e+00,0.000000e+00,0.000000e+00,0.000000e+00,0.000000e+00,0.000000e+00,0.000000e+00,0.000000e+00,0.000000e+00,0.000000e+00
1.000000e+00,0.000000e+00,0.000000e+00,0.000000e+00,0.000000e+00,0.000000e+00,0.000000e+00,0.000000e+00,0.000000e+00,0.000000e+00,0.000000e+00,0.000000e+00,0.000000e+00,0.000000e+00,0.000000e+00
1.000000e+00,0.000000e+00,0.000000e+00,0.000000e+00,0.000000e+00,0.000000e+00,0.000000e+00,0.000000e+00,0.000000e+00,0.000000e+00,0.000000e+00,0.000000e+00,0.000000e+00,0.000000e+00,0.000000e+00
1.000000e+00,0.000000e+00,0.000000e+00,0.000000e+00,0.000000e+00,0.000000e+00,0.000000e+00,0.000000e+00,0.000000e+00,0.000000e+00,0.000000e+00,0.000000e+00,0.000000e+00,0.000000e+00,0.000000e+00
1.000000e+00,0.000000e+00,0.000000e+00,0.000000e+00,0.000000e+00,0.000000e+00,0.000000e+00,0.000000e+00,0.000000e+00,0.000000e+00,0.000000e+00,0.000000e+00,0.000000e+00,0.000000e+00,0.000000e+00
1.000000e+00,0.000000e+00,0.000000e+00,0.000000e+00,0.000000e+00,0.000000e+00,0.000000e+00,0.000000e+00,0.000000e+00,0.000000e+00,0.000000e+00,0.000000e+00,0.000000e+00,0.000000e+00,0.000000e+00
1.000000e+00,0.000000e+00,0.000000e+00,0.000000e+00,0.000000e+00,0.000000e+00,0.000000e+00,0.000000e+00,0.000000e+00,0.000000e+00,0.000000e+00,0.000000e+00,0.000000e+00,0.000000e+00,0.000000e+00
1.000000e+00,0.000000e+00,0.000000e+00,0.000000e+00,0.000000e+00,0.000000e+00,0.000000e+00,0.000000e+00,0.000000e+00,0.000000e+00,0.000000e+00,0.000000e+00,0.000000e+00,0.000000e+00,0.000000e+00
1.000000e+00,0.000000e+00,0.000000e+00,0.000000e+00,0.000000e+00,0.000000e+00,0.000000e+00,0.000000e+00,0.000000e+00,0.000000e+00,0.000000e+00,0.000000e+00,0.000000e+00,0.000000e+00,0.000000e+00
1.000000e+00,0.000000e+00,0.000000e+00,0.000000e+00,0.000000e+00,0.000000e+00,0.000000e+00,0.000000e+00,0.000000e+00,0.000000e+00,0.000000e+00,0.000000e+00,0.000000e+00,0.000000e+00,0.000000e+00
1.000000e+00,0.000000e+00,0.000000e+00,0.000000e+00,0.000000e+00,0.000000e+00,0.000000e+00,0.000000e+00,0.000000e+00,0.000000e+00,0.000000e+00,0.000000e+00,0.000000e+00,0.000000e+00,0.000000e+00
1.000000e+00,0.000000e+00,0.000000e+00,0.000000e+00,0.000000e+00,0.000000e+00,0.000000e+00,0.000000e+00,0.000000e+00,0.000000e+00,0.000000e+00,0.000000e+00,0.000000e+00,0.000000e+00,0.000000e+00
1.000000e+00,0.000000e+00,0.000000e+00,0.000000e+00,0.000000e+00,0.000000e+00,0.000000e+00,0.000000e+00,0.000000e+00,0.000000e+00,0.000000e+00,0.000000e+00,0.000000e+00,0.000000e+00,0.000000e+00
1.000000e+00,0.000000e+00,0.000000e+00,0.000000e+00,0.000000e+00,0.000000e+00,0.000000e+00,0.000000e+00,0.000000e+00,0.000000e+00,0.000000e+00,0.000000e+00,0.000000e+00,0.000000e+00,0.000000e+00
3.759747e-01,1.837455e-02,1.201710e-02,4.582284e-01,4.526685e-03,8.598604e-03,1.784972e-03,9.130490e-03,4.776406e-03,1.326663e-03,5.653527e-02,2.817668e-02,1.117476e-02,1.148643e-03,8.226133e-03
2.631994e-01,1.286616e-02,8.429237e-03,3.262958e-01,4.202000e-03,6.061774e-03,1.253546e-03,6.395767e-03,3.524033e-03,4.632886e-03,3.008034e-01,4.360275e-02,1.177663e-02,1.183365e-03,5.773224e-03
1.844073e-01,9.028749e-03,5.926805e-03,2.309389e-01,2.829040e-02,7.110643e-03,9.404222e-04,4.515657e-03,8.259363e-03,4.105956e-03,2.443296e-01,2.323981e-01,3.431468e-02,1.304167e-03,4.129323e-03
1.293094e-01,6.340173e-03,4.163882e-03,1.629192e-01,7.423303e-02,6.658378e-03,7.087532e-04,3.263074e-03,1.295055e-02,3.007918e-03,1.874545e-01,3.598032e-01,4.482028e-02,1.378459e-03,2.989194e-03
9.178240e-02,4.465486e-03,3.105048e-03,1.151673e-01,1.084665e-01,2.903244e-02,1.107251e-03,3.685674e-03,1.445606e-02,2.472449e-03,1.464399e-01,4.036396e-01,7.235225e-02,1.554415e-03,2.273385e-03
6.484588e-02,3.191244e-03,2.288398e-03,8.176424e-02,1.076470e-01,3.194518e-02,1.048450e-03,4.246001e-03,1.525211e-02,1.909904e-03,1.155897e-01,4.178072e-01,1.489914e-01,1.724480e-03,1.748873e-03
4.558391e-02,2.259461e-03,1.769555e-03,5.785297e-02,8.793139e-02,3.126472e-02,9.332104e-04,3.557763e-03,1.456171e-02,1.579269e-03,8.826875e-02,5.343293e-01,1.274942e-01,1.287023e-03,1.326750e-03
3.230937e-02,1.586320e-03,1.559429e-03,4.067566e-02,6.409118e-02,5.544056e-02,2.518827e-03,1.361955e-02,1.076357e-02,1.294529e-03,6.283435e-02,6.128119e-01,9.846108e-02,9.578153e-04,1.075819e-03
2.296567e-02,1.128506e-03,1.307769e-03,2.871416e-02,4.673663e-02,5.116253e-02,2.083654e-03,1.518101e-02,8.963131e-03,1.720455e-03,4.479142e-02,6.919745e-01,8.137366e-02,8.653339e-04,1.031522e-03
1.824891e-02,8.765811e-04,1.415307e-03,2.065548e-02,3.465186e-02,4.789384e-02,1.927649e-03,2.038520e-02,9.171014e-03,2.447695e-03,3.227073e-02,7.393371e-01,6.822017e-02,9.208600e-04,1.577605e-03
1.440460e-02,8.333591e-04,2.487446e-03,1.774369e-02,2.641662e-02,5.971778e-02,1.697918e-03,2.573061e-02,1.180523e-02,3.069540e-03,2.397229e-02,7.244425e-01,8.455841e-02,8.694226e-04,2.250553e-03
1.131409e-02,1.029911e-03,2.242690e-03,1.303484e-02,1.935776e-02,4.540551e-02,1.376981e-03,1.893501e-02,1.082488e-02,2.421202e-03,1.749124e-02,7.797498e-01,7.414044e-02,7.008153e-04,1.974822e-03
1.230664e-02,1.269992e-03,2.470836e-03,9.590225e-03,1.696102e-02,3.327465e-02,2.209362e-03,3.754801e-02,1.323812e-02,1.973880e-03,1.286568e-02,7.950565e-01,5.828556e-02,8.719974e-04,2.077488e-03
1.230743e-02,1.107384e-03,1.948906e-03,6.982088e-03,1.343111e-02,2.515790e-02,1.800522e-03,2.948904e-02,1.070648e-02,1.522080e-03,9.402431e-03,8.322903e-01,5.150004e-02,7.315749e-04,1.622684e-03
1.629119e-02,1.345987e-03,1.702470e-03,5.213577e-03,1.244388e-02,2.092628e-02,1.621358e-03,2.608212e-02,9.809463e-03,1.241858e-03,7.535375e-03,8.397490e-01,5.398907e-02,6.897096e-04,1.358640e-03
1.700474e-02,2.064285e-03,3.014130e-03,4.443873e-03,1.814506e-02,1.656763e-02,3.127545e-03,6.233887e-02,1.354316e-02,1.116374e-03,6.169061e-03,8.056024e-01,4.451874e-02,1.003133e-03,1.341019e-03
2.091236e-02,4.368545e-03,1.443500e-02,6.168659e-03,2.653106e-02,1.778365e-02,4.758668e-03,1.634122e-01,1.668961e-02,1.140845e-03,5.763814e-03,6.759755e-01,3.916910e-02,1.506056e-03,1.384959e-03
2.119045e-02,7.021712e-03,5.036990e-02,7.269414e-03,4.481381e-02,1.430218e-02,9.862537e-03,2.612231e-01,1.669727e-02,8.780374e-04,5.415579e-03,5.155216e-01,4.267809e-02,1.486502e-03,1.269785e-03
2.214343e-02,1.095886e-02,5.790468e-02,1.233342e-02,5.922208e-02,1.224135e-02,1.090853e-02,3.397542e-01,1.675562e-02,7.838865e-04,5.018435e-03,4.025710e-01,4.641463e-02,1.413463e-03,1.576462e-03
4.781482e-02,1.476093e-02,4.889457e-02,2.197020e-02,8.794164e-02,1.080153e-02,1.285656e-02,2.903180e-01,1.725443e-02,8.467289e-04,8.457570e-03,3.347310e-01,1.001273e-01,1.411287e-03,1.813357e-03
6.575311e-02,1.577109e-02,3.738537e-02,2.901568e-02,9.825957e-02,9.721531e-03,1.244605e-02,2.269073e-01,1.805137e-02,8.528422e-04,2.039828e-02,2.763369e-01,1.856377e-01,1.669776e-03,1.793572e-03
8.782240e-02,1.488203e-02,2.760750e-02,5.747160e-02,9.532893e-02,9.353271e-03,1.430929e-02,1.930176e-01,1.537681e-02,1.141403e-03,1.829270e-02,2.077936e-01,2.539251e-01,1.461217e-03,2.216544e-03
9.503748e-02,1.134461e-02,1.985312e-02,4.261030e-02,1.001393e-01,7.337487e-03,1.323570e-02,3.209328e-01,1.281654e-02,9.871423e-04,1.386837e-02,1.505496e-01,2.085274e-01,1.130358e-03,1.629877e-03
7.700031e-02,8.261095e-03,1.428773e-02,3.134784e-02,1.059170e-01,5.950243e-03,1.085479e-02,4.650744e-01,9.785209e-03,7.195251e-04,1.009020e-02,1.061602e-01,1.525814e-01,8.065833e-04,1.163426e-03
7.308430e-02,5.931826e-03,1.016336e-02,2.229953e-02,8.267410e-02,5.637139e-03,8.360036e-03,5.931563e-01,6.918265e-03,5.163956e-04,7.212191e-03,7.444770e-02,1.081610e-01,5.785928e-04,8.592177e-04
6.292547e-02,4.244816e-03,7.277970e-03,1.581646e-02,6.419159e-02,5.967825e-03,7.007511e-03,6.923673e-01,4.891773e-03,3.717411e-04,5.206251e-03,5.224757e-02,7.641944e-02,4.182006e-04,6.460783e-04
6.274422e-02,3.140995e-03,5.317609e-03,1.138102e-02,4.959404e-02,9.836875e-03,7.655877e-03,7.478823e-01,3.495239e-03,2.775804e-04,3.835135e-03,3.688496e-02,5.707986e-02,3.246489e-04,5.496342e-04
1.190765e-01,2.924433e-03,4.242780e-03,1.040757e-02,3.760759e-02,1.926517e-02,6.157455e-03,6.568071e-01,3.690047e-03,8.218916e-04,1.203587e-02,3.356712e-02,8.808933e-02,7.059227e-04,4.601290e-03
1.382311e-01,2.842414e-03,3.257482e-03,9.093704e-03,2.805758e-02,1.967390e-02,7.944717e-03,5.418339e-01,3.993181e-03,9.649103e-04,1.824258e-02,2.831136e-02,1.702042e-01,9.949477e-04,2.635407e-02
1.519010e-01,2.509536e-03,2.477945e-03,8.178619e-03,2.207843e-02,1.858573e-02,8.252720e-03,4.078853e-01,4.335465e-03,1.061458e-03,1.402079e-02,2.035360e-02,2.412586e-01,1.020137e-03,9.608060e-02
1.789223e-01,2.143895e-03,2.022526e-03,6.627999e-03,1.784663e-02,1.754343e-02,6.996083e-03,3.102170e-01,4.549903e-03,1.060601e-03,1.086415e-02,1.459094e-02,2.397960e-01,1.051263e-03,1.857672e-01
3.647159e-01,2.311149e-03,1.852414e-03,5.383510e-03,1.445951e-02,2.261623e-02,5.651626e-03,2.208737e-01,4.587215e-03,9.349735e-04,9.332651e-03,1.345599e-02,1.957098e-01,3.113388e-03,1.350019e-01
4.409786e-01,2.705719e-03,1.682414e-03,4.099420e-03,1.251378e-02,2.153429e-02,4.539652e-03,1.559646e-01,5.489249e-03,9.868686e-04,8.805090e-03,1.193659e-02,1.878130e-01,3.233324e-03,1.377174e-01
4.264833e-01,6.004365e-03,2.013112e-03,3.650550e-03,1.311280e-02,2.243645e-02,3.816963e-03,1.095917e-01,6.164788e-03,1.664526e-03,1.190419e-02,1.238496e-02,2.085743e-01,4.672882e-03,1.675252e-01
3.009041e-01,4.796531e-03,2.304475e-03,2.725712e-03,1.043944e-02,1.627263e-02,2.910632e-03,7.675856e-02,1.089927e-02,9.968988e-03,1.024558e-02,9.496332e-03,1.745672e-01,3.781855e-03,3.639288e-01
2.113409e-01,3.628940e-03,2.097273e-03,2.053344e-03,7.790704e-03,1.293484e-02,2.074278e-03,5.378242e-02,1.079402e-02,1.203890e-02,8.242108e-03,7.185515e-03,1.300185e-01,3.141214e-03,5.328771e-01
1.483088e-01,3.214641e-03,3.700499e-03,3.863759e-03,6.420009e-03,1.018743e-02,1.535247e-03,3.796510e-02,1.427620e-02,1.464750e-02,7.335758e-03,5.607274e-03,9.649549e-02,2.615294e-03,6.438270e-01
1.040561e-01,4.908651e-03,4.887749e-03,4.274738e-03,6.750760e-03,9.788395e-03,1.564167e-03,2.704295e-02,3.233290e-02,2.038542e-02,1.028434e-02,4.709675e-03,7.876143e-02,2.083925e-03,6.881688e-01
7.317407e-02,6.145080e-03,4.003234e-03,5.752170e-03,9.926370e-03,9.630713e-03,1.538904e-03,1.934054e-02,5.047709e-02,2.149875e-02,1.240120e-02,5.740775e-03,6.674509e-02,1.810428e-03,7.118156e-01
5.168743e-02,7.116374e-03,3.470040e-03,1.897248e-02,1.124393e-02,9.832329e-03,1.262481e-03,1.406505e-02,1.487911e-01,2.055988e-02,1.649379e-02,9.818353e-03,5.577672e-02,1.434956e-03,6.294751e-01
3.703519e-02,5.774680e-03,2.827558e-03,2.149531e-02,1.209010e-02,9.793328e-03,9.867852e-04,1.021034e-02,3.419509e-01,1.818429e-02,1.634901e-02,8.546612e-03,4.760626e-02,1.080145e-03,4.660695e-01
2.611173e-02,4.174413e-03,2.076986e-03,1.549858e-02,1.266991e-02,7.111518e-03,7.514437e-04,7.411689e-03,4.285182e-01,1.476634e-02,7.550554e-02,1.021843e-02,5.650418e-02,8.659080e-04,3.378152e-01
1.839544e-02,2.976959e-03,1.515292e-03,1.100130e-02,9.289397e-03,5.143642e-03,5.423200e-04,5.219773e-03,5.647772e-01,1.107473e-02,7.102403e-02,7.708687e-03,4.563144e-02,8.987533e-04,2.448010e-01
1.353883e-02,2.297221e-03,1.165018e-03,7.828778e-03,1.433057e-02,4.607331e-03,4.793583e-04,3.698272e-03,5.737467e-01,9.382544e-03,8.976570e-02,6.567806e-03,7.482889e-02,2.866527e-03,1.948964e-01
1.071658e-02,1.782945e-03,9.495264e-04,5.663715e-03,1.163270e-02,4.090699e-03,4.611383e-04,2.792321e-03,6.413074e-01,7.129807e-03,7.410720e-02,6.699199e-03,7.398069e-02,4.192993e-03,1.544930e-01
1.176645e-02,1.518290e-03,9.907859e-04,4.574706e-03,1.386191e-02,5.347956e-03,1.434477e-03,3.355434e-03,6.147891e-01,7.243624e-03,6.789807e-02,6.278475e-03,1.083812e-01,4.306306e-03,1.482533e-01
1.055261e-02,1.350026e-03,3.404725e-03,7.451480e-03,1.678476e-02,6.581636e-03,4.114217e-03,3.679767e-02,6.277270e-01,5.526586e-03,5.286692e-02,5.369518e-03,1.046861e-01,3.356363e-03,1.134304e-01
1.444059e-02,2.069486e-03,4.370658e-02,7.182010e-03,2.215599e-02,5.563872e-03,2.893406e-02,1.177108e-01,4.648733e-01,5.108500e-03,4.646011e-02,4.750764e-03,7.851302e-02,2.920242e-03,1.556107e-01
1.083177e-02,1.605808e-03,3.359498e-02,5.215284e-03,1.836249e-02,4.474814e-03,1.908419e-01,1.729257e-01,3.263151e-01,3.835793e-03,3.352809e-02,3.469219e-03,5.577410e-02,2.077547e-03,1.371475e-01
9.407540e-03,1.551090e-03,3.029894e-02,3.954847e-03,1.417425e-02,3.368857e-03,2.077512e-01,3.266248e-01,2.296168e-01,2.866188e-03,2.390444e-02,2.511578e-03,4.015950e-02,1.480550e-03,1.023294e-01
1.000359e-02,1.521766e-03,2.438864e-02,3.267494e-03,1.166611e-02,2.828212e-03,2.208240e-01,4.314278e-01,1.619146e-01,2.160968e-03,1.714560e-02,1.876289e-03,2.933577e-02,1.077783e-03,8.056141e-02
1.427656e-02,1.431119e-03,2.260610e-02,2.650029e-03,1.075576e-02,1.073077e-02,2.531208e-01,4.681154e-01,1.141900e-01,1.836688e-03,1.237052e-02,1.473005e-03,2.435558e-02,8.785765e-04,6.120910e-02
1.405632e-02,1.291764e-03,2.971306e-02,2.869695e-03,1.070084e-02,1.920027e-02,3.033506e-01,4.581219e-01,8.040088e-02,1.572239e-03,9.215143e-03,1.221964e-03,2.063114e-02,9.082463e-04,4.674605e-02
1.299276e-02,1.037122e-03,2.627254e-02,3.428561e-03,1.017979e-02,1.641293e-02,2.629098e-01,5.505391e-01,5.662536e-02,1.241605e-03,6.903495e-03,9.720771e-04,1.551039e-02,7.432912e-04,3.423114e-02
1.191388e-02,8.221359e-04,2.131283e-02,2.906848e-03,8.488560e-03,1.293615e-02,2.364902e-01,6.214203e-01,4.002236e-02,1.011140e-03,5.322245e-03,7.722096e-04,1.147688e-02,6.748716e-04,2.442937e-02
1.119546e-02,6.322669e-04,1.732777e-02,2.282678e-03,7.184770e-03,9.878507e-03,2.083485e-01,6.830647e-01,2.831660e-02,7.757092e-04,4.068859e-03,6.108335e-04,8.419864e-03,5.706081e-04,1.732291e-02
1.227827e-02,5.288958e-04,1.463539e-02,2.124318e-03,5.801370e-03,8.697863e-03,1.674225e-01,7.428091e-01,2.003477e-02,1.155736e-03,4.089734e-03,6.910589e-04,6.702339e-03,5.532572e-04,1.247538e-02
1.123820e-02,4.157425e-04,1.077060e-02,1.758527e-03,4.648044e-03,1.165920e-02,1.229942e-01,7.981751e-01,1.414879e-02,1.000357e-03,4.511724e-03,1.341332e-03,7.915354e-03,5.261866e-04,8.896617e-03
9.335962e-03,3.145126e-04,7.646690e-03,1.283906e-03,3.610888e-03,9.102017e-03,9.019208e-02,7.999181e-01,9.973115e-03,1.070870e-03,7.958081e-03,1.729228e-02,3.385904e-02,1.682341e-03,6.760127e-03
6.842786e-03,2.285114e-04,5.405883e-03,9.617771e-04,2.625061e-03,6.545541e-03,6.336815e-02,5.748974e-01,7.054879e-03,6.066855e-03,1.954388e-02,2.436220e-01,3.764204e-02,2.034480e-02,4.850268e-03
4.970625e-03,1.708317e-04,3.807907e-03,6.983103e-04,2.026068e-03,4.708217e-03,4.466071e-02,4.068941e-01,5.034046e-03,1.072198e-02,3.377233e-02,4.050201e-01,4.391653e-02,2.997944e-02,3.618720e-03
3.634499e-03,1.601234e-04,2.679437e-03,5.015575e-04,1.928674e-03,3.396240e-03,3.145419e-02,2.860397e-01,3.815256e-03,1.074843e-02,3.960189e-02,5.250360e-01,4.499468e-02,4.330320e-02,2.706081e-03
2.704171e-03,4.569622e-04,1.912180e-03,3.610310e-04,1.815161e-03,2.558329e-03,2.211707e-02,2.005274e-01,5.412848e-03,8.747851e-03,6.279201e-02,6.037283e-01,3.283430e-02,5.194383e-02,2.088600e-03
2.241692e-03,1.193391e-03,1.458836e-03,2.672740e-04,2.186039e-03,2.409316e-03,1.562752e-02,1.406409e-01,6.191224e-03,9.005973e-03,8.956313e-02,6.310464e-01,2.376704e-02,7.239412e-02,2.007187e-03
2.109646e-03,2.504062e-02,1.937010e-03,4.311929e-04,7.458874e-03,4.869105e-03,1.135930e-02,9.965097e-02,1.061512e-02,7.788703e-03,2.211440e-01,5.109262e-01,1.817263e-02,7.628646e-02,2.210037e-03
3.057988e-03,2.091861e-02,1.831969e-03,4.899908e-04,9.908747e-03,4.847793e-03,8.364098e-03,7.068606e-02,1.074147e-02,8.329647e-03,3.416860e-01,4.031528e-01,1.400588e-02,9.956898e-02,2.409986e-03
2.839200e-03,1.775504e-02,1.414070e-03,5.820844e-04,8.057721e-03,5.419848e-03,6.003669e-03,4.971965e-02,1.344498e-02,6.474550e-03,4.597799e-01,3.013974e-01,1.185291e-02,1.129576e-01,2.301469e-03
2.670838e-03,1.902375e-02,1.427814e-03,7.470839e-04,7.424596e-03,7.345039e-03,4.275720e-03,3.497949e-02,2.072950e-02,5.540994e-03,4.821154e-01,2.310916e-01,1.225660e-02,1.682688e-01,2.102728e-03
2.341422e-03,2.117904e-02,1.508655e-03,9.220783e-04,6.398605e-03,8.637553e-03,3.039840e-03,2.461318e-02,3.301255e-02,5.028092e-03,4.937977e-01,1.752352e-01,1.141906e-02,2.109514e-01,1.915660e-03
2.148361e-03,3.066707e-02,5.205827e-03,8.187599e-03,1.592907e-02,1.119047e-02,2.327457e-03,1.742235e-02,5.647264e-02,5.320482e-03,4.776520e-01,1.312591e-01,1.098185e-02,2.228405e-01,2.395169e-03
1.763800e-03,2.398305e-02,4.771110e-03,8.574143e-03,1.238429e-02,1.225531e-02,1.645883e-03,1.225671e-02,7.957550e-02,4.853675e-03,4.661501e-01,9.602035e-02,8.461734e-03,2.653001e-01,2.004184e-03
3.196439e-03,1.821697e-02,3.969808e-03,7.052862e-03,9.327526e-03,1.193368e-02,1.168805e-03,8.616792e-03,1.089293e-01,4.626657e-03,3.563481e-01,6.846846e-02,6.254252e-03,3.900854e-01,1.804873e-03
4.695836e-03,1.486609e-02,3.336221e-03,5.153419e-03,7.127951e-03,1.011526e-02,8.307258e-04,6.054683e-03,1.665582e-01,3.782148e-03,2.703588e-01,4.968833e-02,4.587101e-03,4.510320e-01,1.813185e-03
7.858569e-03,1.779303e-02,5.795234e-03,4.331893e-03,6.639262e-03,1.899176e-02,6.143157e-04,4.565192e-03,3.068960e-01,3.784967e-03,1.990233e-01,3.710075e-02,3.984435e-03,3.798642e-01,2.757101e-03
2.328943e-02,3.236004e-02,1.565568e-02,5.624575e-03,9.633843e-03,5.130821e-02,5.922214e-04,4.708994e-03,3.898624e-01,3.762412e-03,1.450144e-01,2.705998e-02,4.032879e-03,2.761164e-01,1.097848e-02
2.810114e-02,4.294618e-02,1.806103e-02,1.084908e-02,2.347640e-02,9.725609e-02,8.380236e-04,4.425969e-03,4.182021e-01,4.232657e-03,1.073391e-01,1.930398e-02,3.788914e-03,2.050179e-01,1.616142e-02
3.870970e-02,5.855919e-02,2.141722e-02,1.700098e-02,4.364646e-02,1.183714e-01,9.418171e-04,4.137672e-03,4.165392e-01,3.793434e-03,8.127439e-02,1.374044e-02,3.058498e-03,1.606687e-01,1.814098e-02
4.492923e-02,8.096686e-02,1.913742e-02,2.895383e-02,6.386226e-02,1.336975e-01,1.154583e-03,4.304131e-03,3.988637e-01,3.418791e-03,6.274436e-02,9.870493e-03,2.660678e-03,1.248302e-01,2.060600e-02
4.761477e-02,1.278677e-01,1.466317e-02,2.420420e-02,6.523427e-02,1.555386e-01,1.116009e-03,3.701942e-03,3.603964e-01,2.892679e-03,5.419004e-02,7.202957e-03,2.424839e-03,1.113927e-01,2.155978e-02
5.235087e-02,1.088097e-01,1.329823e-02,1.535393e-01,1.052212e-01,1.113084e-01,1.163461e-03,5.325994e-03,2.947298e-01,2.303182e-03,3.875273e-02,5.300401e-03,1.988003e-03,8.421950e-02,2.168920e-02
6.956120e-02,1.266163e-01,1.122113e-02,1.178114e-01,1.192888e-01,9.405484e-02,1.232202e-03,7.041216e-03,3.017518e-01,1.712752e-03,2.912210e-02,4.470824e-03,2.169359e-03,9.160793e-02,2.233824e-02
7.799413e-02,1.010736e-01,9.655595e-02,1.242569e-01,1.058660e-01,6.721444e-02,1.114696e-03,2.440132e-02,2.767458e-01,1.465610e-03,2.239188e-02,3.919090e-03,1.834095e-03,7.645399e-02,1.871250e-02
6.711174e-02,7.440626e-02,7.545375e-02,1.029376e-01,7.640392e-02,4.791899e-02,9.137351e-04,1.746613e-02,3.536168e-01,1.752400e-03,4.529604e-02,3.302850e-03,4.561023e-03,5.471885e-02,7.413995e-02
5.030467e-02,5.406988e-02,5.681087e-02,8.194417e-02,5.429534e-02,3.388706e-02,7.754191e-04,1.250790e-02,4.440824e-01,2.186258e-03,4.342647e-02,3.127979e-03,3.689892e-03,4.356249e-02,1.153292e-01
3.727173e-02,3.849348e-02,4.578611e-02,5.963203e-02,3.835715e-02,2.451561e-02,6.421476e-04,8.919029e-03,3.764231e-01,5.571407e-03,6.518649e-02,3.620580e-03,4.160854e-03,1.660745e-01,1.253459e-01
2.876233e-02,2.794234e-02,3.471445e-02,4.474407e-02,2.751903e-02,2.106168e-02,6.127460e-04,6.463679e-03,2.792704e-01,8.579399e-03,8.239627e-02,6.085496e-03,4.622759e-03,2.426498e-01,1.845755e-01
2.334864e-02,2.012484e-02,2.516038e-02,3.199084e-02,1.972205e-02,1.558674e-02,5.080775e-04,4.634530e-03,2.029964e-01,1.166476e-02,1.233796e-01,5.612785e-03,4.125973e-03,3.663538e-01,1.447906e-01
1.674520e-02,1.423657e-02,1.772211e-02,2.244082e-02,1.427470e-02,1.147619e-02,4.215769e-04,3.359609e-03,1.433149e-01,1.129419e-02,1.410892e-01,4.230670e-03,3.138682e-03,4.673089e-01,1.289467e-01
1.417512e-02,1.015343e-02,1.248382e-02,1.576717e-02,1.057687e-02,8.857003e-03,3.840239e-04,2.629768e-03,1.026471e-01,1.048160e-02,1.499951e-01,3.717523e-03,2.552146e-03,5.472315e-01,1.083480e-01
1.079700e-02,7.927936e-03,9.097902e-03,1.110778e-02,8.146934e-03,7.053875e-03,3.424915e-04,1.979030e-03,8.363336e-02,8.155704e-03,1.611334e-01,3.930157e-03,1.951446e-03,6.082641e-01,7.647889e-02
8.139085e-03,6.502201e-03,6.708094e-03,7.863454e-03,6.463944e-03,5.518464e-03,2.769127e-04,1.413746e-03,1.006611e-01,6.269860e-03,1.501428e-01,5.182471e-03,1.801183e-03,6.388426e-01,5.421418e-02
6.021198e-03,4.896870e-03,4.839324e-03,5.573469e-03,4.566902e-03,4.471948e-03,2.038461e-04,9.989467e-04,8.166610e-02,5.600753e-03,1.618316e-01,4.574709e-03,1.410361e-03,6.748623e-01,3.848177e-02
4.469207e-03,3.511691e-03,3.462617e-03,4.004183e-03,3.261322e-03,3.631187e-03,1.578439e-04,7.125758e-04,5.967344e-02,5.588550e-03,1.874236e-01,4.122684e-03,1.456200e-03,6.912122e-01,2.731276e-02
3.299062e-03,3.896844e-03,3.051441e-03,3.941364e-03,2.829944e-03,5.432306e-03,1.545097e-04,5.394108e-04,7.789427e-02,6.831123e-03,1.925797e-01,4.028829e-03,1.249473e-03,6.744972e-01,1.977452e-02
2.610595e-03,3.541192e-03,7.244037e-03,4.813420e-03,5.299020e-03,9.370696e-03,5.634194e-04,2.466447e-03,1.075962e-01,1.086778e-02,1.927160e-01,5.382470e-03,1.364026e-03,6.313052e-01,1.485953e-02
2.258939e-03,5.215936e-03,8.551542e-03,5.327061e-03,1.379821e-02,8.212322e-03,5.001434e-04,2.203605e-03,1.473911e-01,1.458674e-02,1.953100e-01,5.485178e-03,1.464411e-03,5.772467e-01,1.244814e-02
3.514686e-03,6.400209e-03,6.794600e-03,9.520316e-03,5.295924e-02,1.229137e-02,6.423343e-04,1.711939e-03,1.403249e-01,2.299042e-02,1.788830e-01,4.768348e-03,2.823874e-03,5.403101e-01,1.606474e-02
4.397615e-03,5.226233e-03,7.160862e-03,1.637740e-02,3.908651e-02,1.007557e-02,5.859637e-04,2.042050e-03,2.054528e-01,2.767389e-02,1.423994e-01,4.837916e-03,7.277195e-03,5.016137e-01,2.579296e-02
5.759394e-03,6.070459e-03,9.819927e-03,3.538425e-02,3.523394e-02,1.683309e-02,1.621131e-03,2.747838e-03,2.452721e-01,2.846369e-02,1.096560e-01,4.449726e-03,8.057182e-03,4.518501e-01,3.878129e-02
9.463587e-03,5.472008e-03,8.841820e-02,5.699801e-02,3.058199e-02,1.433863e-02,1.551986e-03,2.472502e-02,2.433783e-01,2.843442e-02,8.818136e-02,6.569368e-03,1.244513e-02,3.366112e-01,5.283080e-02
1.694511e-02,6.904485e-03,1.095405e-01,1.183939e-01,3.278646e-02,1.336170e-02,1.541143e-03,7.270375e-02,2.091902e-01,2.331893e-02,7.721330e-02,8.547536e-03,1.747588e-02,2.490493e-01,4.302785e-02
2.642493e-02,6.651716e-03,1.184163e-01,1.226692e-01,3.185888e-02,1.853629e-02,1.880048e-03,1.203212e-01,1.817378e-01,2.036789e-02,7.084940e-02,8.527602e-03,2.207762e-02,2.087917e-01,4.088936e-02
2.362110e-02,5.556438e-03,1.064161e-01,8.835725e-02,2.331582e-02,1.367630e-02,1.426721e-03,3.000181e-01,1.436325e-01,1.500438e-02,5.295881e-02,6.131591e-03,1.747896e-02,1.706277e-01,3.177810e-02
1.740203e-02,4.212427e-03,8.610953e-02,6.220995e-02,1.691270e-02,9.651534e-03,1.124574e-03,4.892103e-01,1.046284e-01,1.065531e-02,3.763959e-02,4.406087e-03,1.291564e-02,1.205200e-01,2.240191e-02
1.240884e-02,2.973782e-03,7.974064e-02,4.363745e-02,1.221571e-02,6.788024e-03,8.906034e-04,6.214622e-01,7.347854e-02,7.483250e-03,2.638401e-02,3.088644e-03,9.051284e-03,8.471047e-02,1.568649e-02
8.837792e-03,2.108068e-03,5.983529e-02,3.059621e-02,9.120868e-03,4.786448e-03,7.180712e-04,7.298620e-01,5.149915e-02,5.262890e-03,1.847540e-02,2.163817e-03,6.344515e-03,5.940732e-02,1.098222e-02
6.563826e-03,1.605748e-03,4.563953e-02,2.149690e-02,1.344679e-02,3.414021e-03,5.946734e-04,7.990747e-01,3.609000e-02,3.697009e-03,1.294646e-02,1.517773e-03,4.453866e-03,4.176784e-02,7.690883e-03
5.194826e-03,1.262495e-03,3.667329e-02,1.511530e-02,1.903926e-02,2.475878e-03,6.334417e-04,8.434956e-01,2.531159e-02,2.604293e-03,9.071875e-03,1.066739e-03,3.141166e-03,2.952326e-02,5.391002e-03
4.961810e-03,1.113430e-03,2.790923e-02,1.070117e-02,2.368002e-02,1.965800e-03,7.075159e-04,8.751565e-01,1.782195e-02,1.843569e-03,6.369945e-03,7.704050e-04,2.267321e-03,2.094222e-02,3.789021e-03
6.137403e-03,1.711547e-03,2.051010e-02,7.576683e-03,2.022862e-02,1.606782e-03,7.604990e-04,9.030076e-01,1.291517e-02,1.311591e-03,4.502956e-03,5.907438e-04,1.644154e-03,1.479759e-02,2.698555e-03
8.631931e-03,2.056655e-03,1.537493e-02,5.518247e-03,1.881709e-02,1.499649e-03,1.347859e-03,9.187186e-01,9.678784e-03,9.414605e-04,3.222910e-03,5.102119e-04,1.235597e-03,1.050313e-02,1.942920e-03
2.026653e-02,2.881715e-03,1.359839e-02,5.006661e-03,1.862682e-02,1.899610e-03,3.408822e-03,9.128820e-01,7.339746e-03,7.291764e-04,2.473522e-03,5.677648e-04,1.105329e-03,7.714862e-03,1.499002e-03
4.994763e-02,2.613655e-03,1.135498e-02,5.211361e-03,1.692137e-02,2.875204e-03,4.333222e-03,8.891197e-01,5.620367e-03,6.258269e-04,2.001892e-03,1.177641e-03,1.164248e-03,5.828868e-03,1.203963e-03
8.681443e-02,2.355323e-03,1.001129e-02,5.992211e-03,1.446377e-02,6.653553e-03,6.014098e-03,8.515697e-01,4.555433e-03,5.664564e-04,1.782649e-03,2.239907e-03,1.561994e-03,4.300530e-03,1.118583e-03
9.890331e-02,1.923962e-03,8.313077e-03,5.815921e-03,1.140093e-02,1.070646e-02,6.422449e-03,8.404787e-01,4.100776e-03,4.985936e-04,1.747504e-03,3.156765e-03,2.465692e-03,3.099034e-03,9.668226e-04
1.021277e-01,1.477957e-03,6.387703e-03,5.475964e-03,9.523878e-03,1.902406e-02,6.089459e-03,8.360553e-01,3.182776e-03,3.689569e-04,1.429265e-03,2.801155e-03,3.123810e-03,2.191768e-03,7.402362e-04
1.732475e-01,1.605760e-03,4.871136e-03,5.156835e-03,7.405606e-03,2.586688e-02,5.122516e-03,7.043806e-01,5.035162e-03,4.628083e-04,5.889651e-03,1.330667e-02,4.273732e-02,1.945002e-03,2.966522e-03
2.011165e-01,1.667291e-03,3.685417e-03,4.034152e-03,6.431733e-03,2.385144e-02,3.828105e-03,5.294454e-01,4.392782e-03,4.516676e-04,6.000706e-03,1.166381e-02,1.978998e-01,1.619667e-03,3.911425e-03
2.007309e-01,2.531967e-03,3.629603e-03,3.968599e-03,8.732758e-03,2.571293e-02,3.465923e-03,4.180355e-01,1.959622e-02,1.558949e-03,8.294467e-03,1.717931e-02,2.728851e-01,2.359265e-03,1.131851e-02
2.299723e-01,3.148424e-03,3.229653e-03,3.038770e-03,1.173030e-02,2.121958e-02,3.463544e-03,3.122575e-01,1.535884e-02,1.585345e-03,8.824727e-03,2.126366e-02,3.532997e-01,2.079524e-03,9.528070e-03
2.600530e-01,2.955749e-03,2.697931e-03,2.235043e-03,1.301008e-02,1.712591e-02,2.947398e-03,2.310012e-01,1.217819e-02,1.261513e-03,9.287359e-03,2.415079e-02,4.105031e-01,1.845826e-03,8.746926e-03
2.736552e-01,3.354366e-03,2.225283e-03,1.605414e-03,2.009154e-02,1.362772e-02,2.599605e-03,1.641507e-01,1.462819e-02,1.368189e-03,9.558866e-03,3.073631e-02,4.436537e-01,1.756262e-03,1.698859e-02
2.613882e-01,3.932866e-03,2.179826e-03,1.210164e-03,1.718215e-02,1.065566e-02,2.321714e-03,1.159379e-01,1.424912e-02,2.591271e-03,8.408712e-03,3.299204e-02,3.902880e-01,2.239756e-03,1.344226e-01
2.336526e-01,3.515022e-03,2.081525e-03,1.484918e-03,1.473764e-02,8.988473e-03,1.987398e-03,8.148958e-02,1.984409e-02,3.090426e-03,1.005027e-02,3.264770e-02,3.583940e-01,2.885700e-03,2.251507e-01
1.742288e-01,2.818074e-03,1.775858e-03,1.176853e-03,1.171299e-02,7.709384e-03,1.553366e-03,5.715655e-02,1.853081e-02,3.338520e-03,9.874761e-03,4.339056e-02,3.208945e-01,5.044470e-03,3.407945e-01
1.309873e-01,2.260243e-03,1.679695e-03,1.215419e-03,9.243350e-03,7.563538e-03,1.239623e-03,4.013953e-02,1.879941e-02,4.011049e-03,1.215509e-02,5.602691e-02,3.006717e-01,6.583116e-03,4.074240e-01
1.048570e-01,3.263805e-03,2.377467e-03,3.287983e-03,1.908686e-02,8.629662e-03,1.192371e-03,2.984240e-02,4.662770e-02,4.956522e-03,2.380374e-02,6.076078e-02,3.034759e-01,6.646920e-03,3.811910e-01
8.645288e-02,2.680144e-03,1.843259e-03,4.685390e-03,2.736519e-02,9.208848e-03,1.319877e-03,2.206744e-02,6.753307e-02,5.303864e-03,3.507851e-02,7.308535e-02,3.436500e-01,6.199019e-03,3.135272e-01
7.100384e-02,2.217367e-03,1.399644e-03,4.689501e-03,3.074362e-02,9.534420e-03,1.269725e-03,1.644969e-02,6.492289e-02,5.243559e-03,3.404788e-02,9.927572e-02,4.151254e-01,5.709191e-03,2.383676e-01
6.107377e-02,3.474236e-03,1.730093e-03,5.897496e-03,3.127772e-02,9.114369e-03,1.012286e-03,1.934414e-02,1.344269e-01,5.914903e-03,4.350090e-02,1.130668e-01,3.828813e-01,5.302990e-03,1.819821e-01
4.637147e-02,3.850508e-03,1.850956e-03,5.774702e-03,3.313259e-02,7.446682e-03,8.588210e-04,2.622356e-02,2.571203e-01,4.722239e-03,4.503728e-02,9.477384e-02,3.327615e-01,4.079985e-03,1.359956e-01
3.614245e-02,3.472550e-03,3.259254e-03,8.061117e-03,3.954405e-02,5.708530e-03,1.181104e-03,1.068521e-01,2.466772e-01,3.849843e-03,5.776957e-02,7.674173e-02,2.837557e-01,3.321961e-03,1.236627e-01
3.142162e-02,6.697877e-03,7.871376e-03,3.061018e-02,3.730718e-02,8.610239e-03,1.256775e-03,1.418684e-01,2.801375e-01,3.636845e-03,5.825120e-02,6.037414e-02,2.279895e-01,2.905698e-03,1.010615e-01
3.020177e-02,7.319272e-03,8.912334e-03,2.953671e-02,3.346481e-02,1.454202e-02,1.689855e-03,1.835385e-01,3.120962e-01,3.729120e-03,4.881337e-02,4.648196e-02,1.776071e-01,2.794314e-03,9.927271e-02
3.611169e-02,7.112867e-03,8.920674e-03,2.658423e-02,8.375029e-02,2.711107e-02,9.046937e-03,1.349504e-01,3.916168e-01,2.775411e-03,3.653869e-02,3.452557e-02,1.280612e-01,2.162445e-03,7.073175e-02
4.819678e-02,6.334479e-03,9.147547e-03,2.917330e-02,1.242646e-01,2.437550e-02,2.463915e-02,1.531401e-01,3.772792e-01,2.200726e-03,2.899707e-02,2.583204e-02,9.400543e-02,1.780728e-03,5.063342e-02
8.079171e-02,1.657726e-02,2.305790e-02,4.367076e-02,1.754536e-01,4.597495e-02,3.429798e-02,1.204367e-01,3.095861e-01,1.876184e-03,2.117928e-02,1.920440e-02,6.821074e-02,1.500964e-03,3.818145e-02
1.396603e-01,2.301240e-02,3.195249e-02,7.989729e-02,1.853116e-01,3.915064e-02,2.889474e-02,1.143126e-01,2.444916e-01,1.974758e-03,1.558353e-02,1.523248e-02,4.898766e-02,1.345470e-03,3.019249e-02
1.344195e-01,1.846704e-02,2.778065e-02,7.215039e-02,2.015947e-01,3.040829e-02,2.267515e-02,2.229287e-01,1.885148e-01,1.481263e-03,1.128251e-02,1.102924e-02,3.475129e-02,1.054630e-03,2.146183e-02
1.732559e-01,2.383718e-02,2.412783e-02,5.697798e-02,2.185266e-01,2.810461e-02,1.854597e-02,2.188899e-01,1.746844e-01,1.232028e-03,8.489909e-03,8.433353e-03,2.714364e-02,1.077096e-03,1.667359e-02
1.638814e-01,2.184925e-02,1.860193e-02,4.447488e-02,1.924882e-01,2.306480e-02,1.415847e-02,3.040000e-01,1.707001e-01,9.533654e-04,6.332226e-03,6.273886e-03,1.994926e-02,9.321423e-04,1.234006e-02
1.685732e-01,2.046386e-02,1.433235e-02,3.265538e-02,1.489588e-01,1.800545e-02,1.038616e-02,4.043922e-01,1.475982e-01,7.376163e-04,4.736279e-03,4.751006e-03,1.443432e-02,8.893849e-04,9.085929e-03
1.365725e-01,1.470106e-02,1.095371e-02,2.384848e-02,1.061812e-01,1.366057e-02,8.133120e-03,5.569363e-01,1.039365e-01,5.619845e-04,3.443455e-03,3.565836e-03,1.033327e-02,6.804904e-04,6.491551e-03
1.292992e-01,1.123690e-02,8.565488e-03,1.732383e-02,7.741958e-02,1.022571e-02,6.412595e-03,6.464297e-01,7.492180e-02,4.654575e-04,2.506327e-03,2.628270e-03,7.351624e-03,5.805243e-04,4.633056e-03
1.977944e-01,9.076033e-03,7.267413e-03,1.311195e-02,5.725159e-02,1.052198e-02,7.130629e-03,6.263939e-01,5.567287e-02,5.859821e-04,2.154672e-03,2.842196e-03,5.689972e-03,6.145869e-04,3.891807e-03
2.615235e-01,7.973076e-03,6.604222e-03,1.066964e-02,4.281318e-02,1.070617e-02,7.544671e-03,5.961857e-01,4.124212e-02,6.942012e-04,1.885580e-03,2.972096e-03,4.676440e-03,7.823772e-04,3.727057e-03
