1.000000e+00,0.000000e+00,0.000000e+00,0.000000e+00,0.000000e+00,0.000000e+00,0.000000e+00,0.000000e+00,0.000000e+00,0.000000e+00,0.000000e+00,0.000000e+00,0.000000e+00,0.000000e+00,0.000000e+00
1.000000e+00,0.000000e+00,0.000000e+00,0.000000e+00,0.000000e+00,0.000000e+00,0.000000e+00,0.000000e+00,0.000000e+00,0.000000e+00,0.000000e+00,0.000000e+00,0.000000e+00,0.000000e+00,0.000000e+00
1.000000e+00,0.000000e+00,0.000000e+00,0.000000e+00,0.000000e+00,0.000000e+00,0.000000e+00,0.000000e+00,0.000000e+00,0.000000e+00,0.000000e+00,0.000000e+00,0.000000e+00,0.000000e+00,0.000000e+00
1.000000e+00,0.000000e+00,0.000000e+00,0.000000e+00,0.000000e+00,0.000000e+00,0.000000e+00,0.000000e+00,0.000000e+00,0.000000e+00,0.000000e+00,0.000000e+00,0.000000e+00,0.000000e+00,0.000000e+00
1.000000e+00,0.000000e+00,0.000000e+00,0.000000e+00,0.000000e+00,0.000000e+00,0.000000e+00,0.000000e+00,0.000000e+00,0.000000e+00,0.000000e+00,0.000000e+00,0.000000e+00,0.000000e+00,0.000000e+00
1.000000e+00,0.000000e+00,0.000000e+00,0.000000e+00,0.000000e+00,0.000000e+00,0.000000e+00,0.000000e+00,0.000000e+00,0.000000e+00,0.000000e+00,0.000000e+00,0.000000e+00,0.000000e+00,0.000000e+00
1.000000e+00,0.000000e+00,0.000000e+00,0.000000e+00,0.000000e+00,0.000000e+00,0.000000e+00,0.000000e+00,0.000000e+00,0.000000e+00,0.000000e+00,0.000000e+00,0.000000e+00,0.000000e+00,0.000000e+00
1.000000e+00,0.000000e+00,0.000000e+00,0.000000e+00,0.000000e+00,0.000000e+00,0.000000e+00,0.000000e+00,0.000000e+00,0.000000e+00,0.000000e+00,0.000000e+00,0.000000e+00,0.000000e+00,0.000000e+00
1.000000e+00,0.000000e+00,0.000000e+00,0.000000e+00,0.000000e+00,0.000000e+00,0.000000e+00,0.000000e+00,0.000000e+00,0.000000e+00,0.000000e+00,0.000000e+00,0.000000e+00,0.000000e+00,0.000000e+00
1.000000e+00,0.000000e+00,0.000000e+00,0.000000e+00,0.000000e+00,0.000000e+00,0.000000e+00,0.000000e+00,0.000000e+00,0.000000e+00,0.000000e+00,0.000000e+00,0.000000e+00,0.000000e+00,0.000000e+00
1.000000e+00,0.000000e+00,0.000000e+00,0.000000e+00,0.000000e+00,0.000000e+00,0.000000e+00,0.000000e+00,0.000000e+00,0.000000e+00,0.000000e+00,0.000000e+00,0.000000e+00,0.000000e+00,0.000000e+00
1.000000e+00,0.000000e+00,0.000000e+00,0.000000e+00,0.000000e+00,0.000000e+00,0.000000e+00,0.000000e+00,0.000000e+00,0.000000e+00,0.000000e+00,0.000000e+00,0.000000e+00,0.000000e+00,0.000000e+00
1.000000e+00,0.000000e+00,0.000000e+00,0.000000e+00,0.000000e+00,0.000000e+00,0.000000e+00,0.000000e+00,0.000000e+00,0.000000e+00,0.000000e+00,0.000000e+00,0.000000e+00,0.000000e+00,0.000000e+00
1.000000e+00,0.000000e+00,0.000000e+00,0.000000e+00,0.000000e+00,0.000000e+00,0.000000e+00,0.000000e+00,0.000000e+00,0.000000e+00,0.000000e+00,0.000000e+00,0.000000e+00,0.000000e+00,0.000000e+00
1.000000e+00,0.000000e+00,0.000000e+00,0.000000e+00,0.000000e+00,0.000000e+00,0.000000e+00,0.000000e+00,0.000000e+00,0.000000e+00,0.000000e+00,0.000000e+00,0.000000e+00,0.000000e+00,0.000000e+00
1.000000e+00,0.000000e+00,0.000000e+00,0.000000e+00,0.000000e+00,0.000000e+00,0.000000e+00,0.000000e+00,0.000000e+00,0.000000e+00,0.000000e+00,0.000000e+00,0.000000e+00,0.000000e+00,0.000000e+00
1.000000e+00,0.000000e+00,0.000000e+00,0.000000e+00,0.000000e+00,0.000000e+00,0.000000e+00,0.000000e+00,0.000000e+00,0.000000e+00,0.000000e+00,0.000000e+00,0.000000e+00,0.000000e+00,0.000000e+00
1.000000e+00,0.000000e+00,0.000000e+00,0.000000e+00,0.000000e+00,0.000000e+00,0.000000e+00,0.000000e+00,0.000000e+00,0.000000e+00,0.000000e+00,0.000000e+00,0.000000e+00,0.000000e+00,0.000000e+00
1.000000e+00,0.000000e+00,0.000000e+00,0.000000e+00,0.000000e+00,0.000000e+00,0.000000e+00,0.000000e+00,0.000000e+00,0.000000e+00,0.000000e+00,0.000000e+00,0.000000e+00,0.000000e+00,0.000000e+00
1.000000e+00,0.000000e+00,0.000000e+00,0.000000e+00,0.000000e+00,0.000000e+00,0.000000e+00,0.000000e+00,0.000000e+00,0.000000e+00,0.000000e+00,0.000000e+00,0.000000e+00,0.000000e+00,0.000000e+00
1.000000e+00,0.000000e+00,0.000000e+00,0.000000e+00,0.000000e+00,0.000000e+00,0.000000e+00,0.000000e+00,0.000000e+00,0.000000e+00,0.000000e+00,0.000000e+00,0.000000e+00,0.000000e+00,0.000000e+00
1.000000e+00,0.000000e+00,0.000000e+00,0.000000e+00,0.000000e+00,0.000000e+00,0.000000e+00,0.000000e+00,0.000000e+00,0.000000e+00,0.000000e+00,0.000000e+00,0.000000e+00,0.000000e+00,0.000000e+00
1.000000e+00,0.000000e+00,0.000000e+00,0.000000e+00,0.000000e+00,0.000000e+00,0.000000e+00,0.000000e+00,0.000000e+00,0.000000e+00,0.000000e+00,0.000000e+00,0.000000e+00,0.000000e+00,0.000000e+00
1.000000e+00,0.000000e+00,0.000000e+00,0.000000e+00,0.000000e+00,0.000000e+00,0.000000e+00,0.000000e+00,0.000000e+00,0.000000e+00,0.000000e+00,0.000000e+00,0.000000e+00,0.000000e+00,0.000000e+00
1.000000e+00,0.000000e+00,0.000000e+00,0.000000e+00,0.000000e+00,0.000000e+00,0.000000e+00,0.000000e+00,0.000000e+00,0.000000e+00,0.000000e+00,0.000000e+00,0.000000e+00,0.000000e+00,0.000000e+00
1.000000e+00,0.000000e+00,0.000000e+00,0.000000e+00,0.000000e+00,0.000000e+00,0.000000e+00,0.000000e+00,0.000000e+00,0.000000e+00,0.000000e+00,0.000000e+00,0.000000e+00,0.000000e+00,0.000000e+00
1.000000e+00,0.000000e+00,0.000000e+00,0.000000e+00,0.000000e+00,0.000000e+00,0.000000e+00,0.000000e+00,0.000000e+00,0.000000e+00,0.000000e+00,0.000000e+00,0.000000e+00,0.000000e+00,0.000000e+00
1.000000e+00,0.000000e+00,0.000000e+00,0.000000e+00,0.000000e+00,0.000000e+00,0.000000e+00,0.000000e+00,0.000000e+00,0.000000e+00,0.000000e+00,0.000000e+00,0.000000e+00,0.000000e+00,0.000000e+00
1.000000e+00,0.000000e+00,0.000000e+00,0.000000e+00,0.000000e+00,0.000000e+00,0.000000e+00,0.000000e+00,0.000000e+00,0.000000e+00,0.000000e+00,0.000000e+00,0.000000e+00,0.000000e+00,0.000000e+00
1.000000e+00,0.000000e+00,0.000000e+00,0.000000e+00,0.000000e+00,0.000000e+00,0.000000e+00,0.000000e+00,0.000000e+00,0.000000e+00,0.000000e+00,0.000000e+00,0.000000e+00,0.000000e+00,0.000000e+00
1.000000e+00,0.000000e+00,0.000000e+00,0.000000e+00,0.000000e+00,0.000000e+00,0.000000e+00,0.000000e+00,0.000000e+00,0.000000e+00,0.000000e+00,0.000000e+00,0.000000e+00,0.000000e+00,0.000000e+00
1.000000e+00,0.000000e+00,0.000000e+00,0.000000e+00,0.000000e+00,0.000000e+00,0.000000e+00,0.000000e+00,0.000000e+00,0.000000e+00,0.000000e+00,0.000000e+00,0.000000e+00,0.000000e+00,0.000000e+00
1.000000e+00,0.000000e+00,0.000000e+00,0.000000e+00,0.000000e+00,0.000000e+00,0.000000e+00,0.000000e+00,0.000000e+00,0.000000e+00,0.000000e+00,0.000000e+00,0.000000e+00,0.000000e+00,0.000000e+00
1.000000e+00,0.000000e+00,0.000000e+00,0.000000e+00,0.000000e+00,0.000000e+00,0.000000e+00,0.000000e+00,0.000000e+00,0.000000e+00,0.000000e+00,0.000000e+00,0.000000e+00,0.000000e+00,0.000000e+00
1.000000e+00,0.000000e+00,0.000000e+00,0.000000e+00,0.000000e+00,0.000000e+00,0.000000e+00,0.000000e+00,0.000000e+00,0.000000e+00,0.000000e+00,0.000000e+00,0.000000e+00,0.000000e+00,0.000000e+00
1.000000e+00,0.000000e+00,0.000000e+00,0.000000e+00,0.000000e+00,0.000000e+00,0.000000e+00,0.000000e+00,0.000000e+00,0.000000e+00,0.000000e+00,0.000000e+00,0.000000e+00,0.000000e+00,0.000000e+00
1.000000e+00,0.000000e+00,0.000000e+00,0.000000e+00,0.000000e+00,0.000000e+00,0.000000e+00,0.000000e+00,0.000000e+00,0.000000e+00,0.000000e+00,0.000000e+00,0.000000e+00,0.000000e+00,0.000000e+00
1.000000e+00,0.000000e+00,0.000000e+00,0.000000e+00,0.000000e+00,0.000000e+00,0.000000e+00,0.000000e+00,0.000000e+00,0.000000e+00,0.000000e+00,0.000000e+00,0.000000e+00,0.000000e+00,0.000000e+00
1.000000e+00,0.000000e+00,0.000000e+00,0.000000e+00,0.000000e+00,0.000000e+00,0.000000e+00,0.000000e+00,0.000000e+00,0.000000e+00,0.000000e+00,0.000000e+00,0.000000e+00,0.000000e+00,0.000000e+00
1.000000e+00,0.000000e+00,0.000000e+00,0.000000e+00,0.000000e+00,0.000000e+00,0.000000e+00,0.000000e+00,0.000000e+00,0.000000e+00,0.000000e+00,0.000000e+00,0.000000e+00,0.000000e+00,0.000000e+00
1.000000e+00,0.000000e+00,0.000000e+00,0.000000e+00,0.000000e+00,0.000000e+00,0.000000e+00,0.000000e+00,0.000000e+00,0.000000e+00,0.000000e+00,0.000000e+00,0.000000e+00,0.000000e+00,0.000000e+00
4.953614e-01,5.875513e-02,1.959524e-02,1.226422e-01,1.823750e-02,3.213171e-02,1.070761e-02,2.270214e-02,2.068141e-02,5.402634e-03,2.869690e-02,6.647556e-02,3.499159e-02,1.191644e-02,5.170253e-02
4.321765e-01,6.203903e-02,2.024851e-02,1.331982e-01,2.011245e-02,3.337140e-02,1.122545e-02,2.410430e-02,2.419244e-02,5.604370e-03,3.313406e-02,8.753923e-02,4.869040e-02,1.244595e-02,5.191768e-02
4.096945e-01,6.823928e-02,1.884487e-02,1.388438e-01,2.189163e-02,3.286768e-02,1.169619e-02,2.293431e-02,2.701065e-02,5.800306e-03,3.157263e-02,9.320644e-02,5.386336e-02,1.216693e-02,5.136749e-02
3.237846e-01,9.554814e-02,3.310503e-02,2.308319e-01,2.061295e-02,2.692778e-02,1.012168e-02,2.780576e-02,2.524428e-02,4.569745e-03,2.678796e-02,7.682111e-02,4.235715e-02,1.004728e-02,4.543456e-02
3.632482e-01,8.914822e-02,2.725505e-02,2.059366e-01,2.189367e-02,2.644277e-02,9.203531e-03,2.292952e-02,2.786076e-02,4.526616e-03,2.759896e-02,7.184592e-02,4.352588e-02,1.061250e-02,4.797179e-02
3.910866e-01,8.335448e-02,2.291965e-02,1.840039e-01,2.557220e-02,2.868015e-02,9.463152e-03,1.935298e-02,2.853952e-02,4.556103e-03,2.887434e-02,7.129659e-02,4.337275e-02,1.052554e-02,4.840201e-02
4.613636e-01,7.510220e-02,1.914280e-02,1.556813e-01,2.330980e-02,2.843807e-02,8.855378e-03,1.674683e-02,2.576772e-02,4.369149e-03,2.641661e-02,6.118286e-02,3.812233e-02,9.420156e-03,4.608113e-02
4.517263e-01,7.184747e-02,2.063325e-02,1.556986e-01,2.290180e-02,3.162982e-02,8.531809e-03,1.848505e-02,2.755794e-02,5.353929e-03,2.839531e-02,5.689840e-02,3.653493e-02,8.975619e-03,5.482975e-02
1.000000e+00,0.000000e+00,0.000000e+00,0.000000e+00,0.000000e+00,0.000000e+00,0.000000e+00,0.000000e+00,0.000000e+00,0.000000e+00,0.000000e+00,0.000000e+00,0.000000e+00,0.000000e+00,0.000000e+00
4.609531e-01,6.924846e-02,4.272765e-02,1.652008e-01,1.941145e-02,2.487221e-02,7.689685e-03,2.134198e-02,2.499695e-02,4.923361e-03,2.508025e-02,4.059652e-02,2.825357e-02,7.117527e-03,5.758636e-02
4.918086e-01,6.363434e-02,4.272163e-02,1.539625e-01,1.617264e-02,2.407351e-02,7.336763e-03,1.879067e-02,2.383587e-02,4.788420e-03,2.446353e-02,3.700775e-02,2.774381e-02,6.226634e-03,5.743325e-02
1.000000e+00,0.000000e+00,0.000000e+00,0.000000e+00,0.000000e+00,0.000000e+00,0.000000e+00,0.000000e+00,0.000000e+00,0.000000e+00,0.000000e+00,0.000000e+00,0.000000e+00,0.000000e+00,0.000000e+00
1.000000e+00,0.000000e+00,0.000000e+00,0.000000e+00,0.000000e+00,0.000000e+00,0.000000e+00,0.000000e+00,0.000000e+00,0.000000e+00,0.000000e+00,0.000000e+00,0.000000e+00,0.000000e+00,0.000000e+00
1.000000e+00,0.000000e+00,0.000000e+00,0.000000e+00,0.000000e+00,0.000000e+00,0.000000e+00,0.000000e+00,0.000000e+00,0.000000e+00,0.000000e+00,0.000000e+00,0.000000e+00,0.000000e+00,0.000000e+00
1.000000e+00,0.000000e+00,0.000000e+00,0.000000e+00,0.000000e+00,0.000000e+00,0.000000e+00,0.000000e+00,0.000000e+00,0.000000e+00,0.000000e+00,0.000000e+00,0.000000e+00,0.000000e+00,0.000000e+00
1.000000e+00,0.000000e+00,0.000000e+00,0.000000e+00,0.000000e+00,0.000000e+00,0.000000e+00,0.000000e+00,0.000000e+00,0.000000e+00,0.000000e+00,0.000000e+00,0.000000e+00,0.000000e+00,0.000000e+00
1.000000e+00,0.000000e+00,0.000000e+00,0.000000e+00,0.000000e+00,0.000000e+00,0.000000e+00,0.000000e+00,0.000000e+00,0.000000e+00,0.000000e+00,0.000000e+00,0.000000e+00,0.000000e+00,0.000000e+00
1.000000e+00,0.000000e+00,0.000000e+00,0.000000e+00,0.000000e+00,0.000000e+00,0.000000e+00,0.000000e+00,0.000000e+00,0.000000e+00,0.000000e+00,0.000000e+00,0.000000e+00,0.000000e+00,0.000000e+00
1.000000e+00,0.000000e+00,0.000000e+00,0.000000e+00,0.000000e+00,0.000000e+00,0.000000e+00,0.000000e+00,0.000000e+00,0.000000e+00,0.000000e+00,0.000000e+00,0.000000e+00,0.000000e+00,0.000000e+00
1.000000e+00,0.000000e+00,0.000000e+00,0.000000e+00,0.000000e+00,0.000000e+00,0.000000e+00,0.000000e+00,0.000000e+00,0.000000e+00,0.000000e+00,0.000000e+00,0.000000e+00,0.000000e+00,0.000000e+00
1.000000e+00,0.000000e+00,0.000000e+00,0.000000e+00,0.000000e+00,0.000000e+00,0.000000e+00,0.000000e+00,0.000000e+00,0.000000e+00,0.000000e+00,0.000000e+00,0.000000e+00,0.000000e+00,0.000000e+00
1.000000e+00,0.000000e+00,0.000000e+00,0.000000e+00,0.000000e+00,0.000000e+00,0.000000e+00,0.000000e+00,0.000000e+00,0.000000e+00,0.000000e+00,0.000000e+00,0.000000e+00,0.000000e+00,0.000000e+00
1.000000e+00,0.000000e+00,0.000000e+00,0.000000e+00,0.000000e+00,0.000000e+00,0.000000e+00,0.000000e+00,0.000000e+00,0.000000e+00,0.000000e+00,0.000000e+00,0.000000e+00,0.000000e+00,0.000000e+00
3.707211e-01,1.151697e-02,1.951544e-02,3.441037e-02,5.208366e-03,1.035495e-02,4.037928e-03,4.926794e-01,4.237536e-03,1.280556e-03,6.970361e-03,1.372763e-02,1.028945e-02,2.497759e-03,1.255213e-02
2.621556e-01,8.133871e-03,1.408541e-02,2.434441e-02,3.772492e-03,7.553016e-03,3.302466e-03,6.402435e-01,2.976231e-03,9.069780e-04,4.932231e-03,9.661014e-03,7.281741e-03,1.817161e-03,8.833800e-03
1.853040e-01,5.749950e-03,1.025069e-02,1.731513e-02,2.826467e-03,5.484731e-03,2.741044e-03,7.445158e-01,2.093968e-03,6.405865e-04,3.509273e-03,6.804678e-03,5.154904e-03,1.395696e-03,6.213039e-03
1.303016e-01,4.064239e-03,7.389657e-03,1.224470e-02,2.152025e-03,3.968614e-03,2.244978e-03,8.193447e-01,1.469461e-03,4.504277e-04,2.508498e-03,4.788437e-03,3.657969e-03,1.052669e-03,4.361917e-03
9.169619e-02,2.871635e-03,5.432419e-03,8.677675e-03,1.666015e-03,2.860624e-03,1.994441e-03,8.718249e-01,1.031722e-03,3.173230e-04,1.787430e-03,3.367435e-03,2.624586e-03,7.836855e-04,3.063935e-03
6.442911e-02,2.025343e-03,3.992589e-03,6.158540e-03,1.403026e-03,2.088385e-03,2.263903e-03,9.082207e-01,7.290573e-04,2.290877e-04,1.308918e-03,2.379354e-03,2.043556e-03,5.711659e-04,2.157269e-03
4.564909e-02,1.432859e-03,2.926699e-03,4.377244e-03,2.155392e-03,1.612481e-03,2.533927e-03,9.321035e-01,5.436122e-04,1.873704e-04,1.001548e-03,1.708573e-03,1.817244e-03,4.136545e-04,1.536832e-03
3.272540e-02,1.021624e-03,2.163578e-03,3.157849e-03,3.261228e-03,1.510904e-03,3.263482e-03,9.467951e-01,5.118990e-04,1.707210e-04,8.179612e-04,1.258602e-03,1.915972e-03,3.065747e-04,1.119062e-03
2.482409e-02,7.520691e-04,1.587323e-03,2.346954e-03,5.162292e-03,1.714993e-03,3.246814e-03,9.549630e-01,5.006616e-04,1.894792e-04,7.022046e-04,9.730361e-04,1.945851e-03,2.304883e-04,8.607102e-04
2.002898e-02,5.731737e-04,1.205664e-03,1.814496e-03,7.024500e-03,2.109416e-03,3.259508e-03,9.589759e-01,5.093059e-04,2.003701e-04,6.582981e-04,8.015539e-04,1.967572e-03,1.758431e-04,6.954366e-04
2.520818e-02,5.023004e-04,1.320112e-03,1.603843e-03,1.007365e-02,2.217587e-03,4.219388e-03,9.498963e-01,4.851067e-04,2.476763e-04,6.157183e-04,8.817235e-04,1.938732e-03,1.470182e-04,6.426767e-04
3.981023e-02,5.067288e-04,1.303838e-03,1.348664e-03,9.904321e-03,3.259723e-03,3.809770e-03,9.333606e-01,4.545740e-04,3.511060e-04,6.187673e-04,1.766602e-03,2.440437e-03,2.043994e-04,8.603174e-04
5.963950e-02,5.975692e-04,1.381417e-03,1.260488e-03,9.335984e-03,6.465681e-03,3.577430e-03,9.097753e-01,4.408599e-04,3.649802e-04,5.569009e-04,2.461669e-03,2.783170e-03,2.479852e-04,1.111171e-03
5.344040e-02,1.886252e-03,1.561175e-03,2.742526e-03,7.812972e-03,1.576911e-01,2.977101e-03,6.594613e-01,5.246889e-03,5.902937e-04,1.657997e-03,3.991106e-03,9.272401e-02,6.662909e-04,7.550676e-03
3.946858e-02,1.552840e-03,1.204562e-03,3.452934e-03,5.764634e-03,2.563250e-01,2.305061e-03,4.643477e-01,4.046885e-03,4.863360e-04,1.433709e-03,3.167083e-03,2.090393e-01,4.932970e-04,6.912113e-03
3.005556e-02,1.303202e-03,9.530715e-04,3.211278e-03,4.232272e-03,2.023532e-01,2.008637e-03,3.255437e-01,3.512414e-03,4.801299e-04,1.494632e-03,6.051433e-03,4.116147e-01,3.909722e-04,6.794826e-03
2.231562e-02,1.018797e-03,8.527067e-04,2.762487e-03,3.566599e-03,1.724232e-01,2.499279e-03,2.283162e-01,3.259549e-03,5.116097e-04,3.560124e-03,1.489605e-02,5.366860e-01,7.806236e-04,6.551060e-03
1.602243e-02,7.678467e-04,7.291476e-04,2.756163e-03,3.018302e-03,1.560313e-01,2.013801e-03,1.600459e-01,3.050279e-03,8.049904e-04,1.132424e-02,4.365993e-02,5.916456e-01,1.002915e-03,7.127200e-03
1.287775e-02,6.280792e-04,8.128852e-04,2.149391e-03,3.790594e-03,1.267208e-01,1.734373e-03,1.123835e-01,3.942198e-03,1.618418e-03,2.236586e-02,4.971031e-02,6.468847e-01,1.108947e-03,1.327219e-02
1.035025e-02,5.610530e-04,2.636331e-03,1.938025e-03,3.726279e-03,1.274568e-01,1.752339e-03,7.935819e-02,4.720588e-03,5.071148e-03,2.336771e-02,5.448080e-02,6.694375e-01,1.602581e-03,1.354036e-02
9.126227e-03,7.583898e-04,3.962161e-03,1.797306e-03,3.851987e-03,9.368085e-02,1.425711e-03,5.589213e-02,9.415187e-03,8.768090e-03,2.099819e-02,5.678929e-02,7.190759e-01,2.454965e-03,1.200357e-02
2.585759e-02,6.812864e-03,5.771246e-03,3.912424e-03,5.518848e-02,7.007575e-02,4.084377e-03,4.467431e-02,7.502386e-02,1.256788e-02,2.023264e-02,4.925511e-02,6.010646e-01,1.896050e-03,2.358276e-02
2.002183e-02,7.415497e-03,1.290688e-02,4.635775e-03,6.935602e-02,7.842072e-02,5.295276e-02,4.793575e-02,6.967762e-02,1.262166e-02,3.056099e-02,4.520795e-02,5.264237e-01,1.378530e-03,2.048432e-02
2.246481e-02,1.014503e-02,2.380082e-02,4.391440e-03,1.807097e-01,1.089533e-01,5.501171e-02,3.511263e-02,9.598562e-02,9.274151e-03,2.288147e-02,3.287079e-02,3.819779e-01,1.102494e-03,1.531809e-02
2.600152e-02,1.157340e-02,2.645727e-02,3.928876e-03,1.954290e-01,2.250239e-01,7.108161e-02,2.580578e-02,7.840164e-02,6.695786e-03,1.775471e-02,2.367747e-02,2.764013e-01,8.019857e-04,1.096567e-02
4.162159e-02,2.330654e-02,3.169838e-02,6.292274e-03,2.199104e-01,2.475352e-01,9.624130e-02,2.186707e-02,6.526452e-02,5.067828e-03,1.352415e-02,1.967126e-02,1.990327e-01,6.745023e-04,8.292238e-03
3.709382e-02,3.358997e-02,3.633851e-02,1.092733e-02,2.484430e-01,2.751565e-01,1.124285e-01,1.793930e-02,5.023220e-02,3.674528e-03,9.959599e-03,1.498409e-02,1.426249e-01,5.116596e-04,6.095998e-03
4.291609e-02,4.258060e-02,3.150360e-02,1.396829e-02,3.051858e-01,2.453781e-01,1.116302e-01,1.637090e-02,4.330919e-02,2.696033e-03,7.362436e-03,1.145360e-02,1.195415e-01,4.402291e-04,5.663485e-03
3.069289e-02,3.019400e-02,2.215267e-02,1.029427e-02,2.804596e-01,3.605315e-01,1.187815e-01,1.196586e-02,3.042410e-02,1.921325e-03,5.239049e-03,8.094775e-03,8.444366e-02,3.340476e-04,4.470802e-03
2.260352e-02,2.119006e-02,1.566554e-02,7.306862e-03,2.744837e-01,3.074615e-01,2.440909e-01,1.131755e-02,2.134646e-02,1.446130e-03,3.841875e-03,5.749513e-03,5.975500e-02,2.880010e-04,3.453500e-03
1.685995e-02,1.489014e-02,1.146887e-02,5.427507e-03,2.553659e-01,2.242831e-01,3.780012e-01,1.002718e-02,1.506678e-02,9.404117e-03,5.693309e-03,4.409321e-03,4.419196e-02,3.446607e-04,4.566148e-03
1.189909e-02,1.045645e-02,8.052644e-03,4.075901e-03,1.814526e-01,1.599508e-01,5.060334e-01,7.238794e-03,1.066365e-02,1.117060e-02,3.919833e-02,7.232256e-03,3.508620e-02,3.007540e-04,7.188720e-03
8.456586e-03,7.367671e-03,5.661046e-03,3.119405e-03,1.287986e-01,1.137611e-01,5.607228e-01,5.406388e-03,7.670329e-03,1.895423e-02,7.840786e-02,1.547666e-02,3.226447e-02,4.966655e-04,1.343627e-02
6.216232e-03,5.638669e-03,4.092845e-03,2.990246e-03,9.144085e-02,8.033652e-02,4.382582e-01,3.992018e-03,6.835060e-03,4.913716e-02,8.862175e-02,1.817505e-02,5.746115e-02,2.536033e-03,1.442683e-01
5.039219e-03,5.864221e-03,3.287411e-03,4.274042e-03,6.704392e-02,5.733646e-02,3.401340e-01,3.204915e-03,8.021267e-03,1.859003e-01,7.108805e-02,1.711939e-02,7.128963e-02,5.079404e-03,1.553177e-01
4.898839e-03,7.192623e-03,3.691383e-03,6.004184e-03,5.011607e-02,4.224149e-02,2.525187e-01,3.063542e-03,1.881510e-02,1.363765e-01,5.743155e-02,1.347490e-02,5.904672e-02,3.787845e-02,3.072499e-01
3.753367e-03,5.957036e-03,3.538267e-03,4.752930e-03,3.566549e-02,3.207925e-02,1.769862e-01,2.230298e-03,2.558992e-02,9.969430e-02,4.710150e-02,9.815743e-03,4.466957e-02,9.737889e-02,4.107872e-01
3.363372e-03,4.699458e-03,3.017307e-03,3.672164e-03,2.544709e-02,2.360525e-02,1.239453e-01,1.573110e-03,2.094015e-02,7.221845e-02,5.062052e-02,7.031061e-03,3.305590e-02,1.303018e-01,4.965091e-01
5.435036e-03,4.404036e-03,4.051005e-03,2.999880e-03,1.863310e-02,1.992124e-02,8.683512e-02,1.118020e-03,1.993239e-02,5.323953e-02,5.014029e-02,5.189872e-03,2.432032e-02,1.657569e-01,5.380232e-01
6.512649e-03,3.668213e-03,3.234275e-03,2.335360e-03,1.354608e-02,1.627984e-02,6.085109e-02,7.904580e-04,2.293558e-02,3.906404e-02,4.200493e-02,3.776891e-03,1.778517e-02,2.144456e-01,5.527698e-01
6.310899e-03,3.471049e-03,2.648726e-03,1.669262e-03,9.659392e-03,1.367267e-02,4.261968e-02,5.596894e-04,3.039002e-02,3.006325e-02,3.309354e-02,2.747490e-03,1.285740e-02,2.849813e-01,5.252556e-01
7.671703e-03,3.901755e-03,2.820686e-03,1.209459e-03,6.869059e-03,1.158342e-02,2.985132e-02,3.996210e-04,5.052333e-02,2.345606e-02,3.453179e-02,2.095712e-03,9.527938e-03,2.841946e-01,5.313635e-01
6.736571e-03,3.469589e-03,2.377264e-03,8.628943e-04,4.971660e-03,8.983353e-03,2.090123e-02,2.830320e-04,5.707888e-02,2.028869e-02,4.123747e-02,1.519713e-03,6.883558e-03,2.849833e-01,5.394228e-01
6.140050e-03,3.479256e-03,5.233692e-03,6.260230e-04,3.541408e-03,6.898267e-03,1.464143e-02,2.011341e-04,5.963431e-02,8.578449e-02,3.221194e-02,1.126898e-03,5.436163e-03,3.549083e-01,4.201367e-01
5.597563e-03,3.431806e-03,8.277919e-03,4.629128e-04,2.555905e-03,6.700415e-03,1.027236e-02,1.527423e-04,6.235928e-02,9.725104e-02,2.458163e-02,8.571839e-04,4.218239e-03,4.318106e-01,3.414705e-01
7.321605e-03,4.139425e-03,2.007966e-02,3.626340e-04,2.083558e-03,5.417513e-03,7.209558e-03,1.411067e-04,1.003903e-01,1.701870e-01,2.284124e-02,7.030623e-04,3.238885e-03,3.731661e-01,2.827183e-01
9.604547e-03,3.331831e-03,1.972651e-02,3.258727e-04,1.734855e-03,4.148423e-03,5.055588e-03,1.450032e-04,1.136365e-01,2.253903e-01,1.886648e-02,6.138141e-04,2.628702e-03,3.718165e-01,2.229750e-01
1.056236e-02,3.639780e-03,2.025158e-02,5.831894e-04,2.419008e-03,3.916105e-03,3.602862e-03,4.553336e-04,1.431758e-01,2.121504e-01,1.644835e-02,7.763806e-04,3.349554e-03,3.950869e-01,1.835824e-01
9.929124e-03,3.581099e-03,1.977515e-02,9.083665e-04,2.475926e-03,4.085056e-03,2.580215e-03,2.089056e-03,1.381172e-01,1.738108e-01,1.538903e-02,9.297093e-04,5.329958e-03,4.748004e-01,1.461989e-01
1.180352e-02,4.268616e-03,1.544175e-02,8.338211e-04,4.163029e-03,3.536447e-03,1.883865e-03,3.238184e-03,1.590123e-01,1.650826e-01,1.242516e-02,9.523380e-04,5.365057e-03,5.018666e-01,1.101267e-01
2.712999e-02,4.148448e-03,1.382140e-02,8.591571e-04,7.664763e-03,5.107066e-03,1.460394e-03,1.358377e-02,1.698962e-01,1.485054e-01,1.005626e-02,2.891374e-03,1.647022e-02,4.893075e-01,8.909800e-02
2.680749e-02,3.892961e-03,1.609974e-02,1.810356e-03,1.420340e-02,5.162906e-03,2.884216e-03,1.863041e-01,1.443177e-01,1.083211e-01,8.293980e-03,5.148559e-03,2.370168e-02,3.869761e-01,6.607565e-02
4.680624e-02,4.690918e-03,1.558661e-02,3.136412e-03,3.311437e-02,1.055019e-02,3.095328e-03,1.561147e-01,1.613803e-01,8.282954e-02,7.499104e-03,2.013342e-02,6.278627e-02,3.358025e-01,5.647418e-02
4.728626e-02,1.005309e-02,1.588779e-02,1.207091e-02,3.437486e-02,1.446677e-02,2.824081e-03,1.138304e-01,2.207173e-01,7.005228e-02,6.232888e-03,1.820078e-02,1.276579e-01,2.390337e-01,6.731114e-02
8.625121e-02,2.068666e-02,1.616515e-02,2.615607e-02,5.092391e-02,2.551116e-02,3.997084e-03,8.698057e-02,2.186807e-01,5.454975e-02,5.727604e-03,1.452172e-02,1.590305e-01,1.714713e-01,5.934673e-02
1.203975e-01,2.030273e-02,1.899431e-02,4.207524e-02,6.621822e-02,3.179150e-02,4.036301e-03,6.843680e-02,1.872945e-01,3.912400e-02,6.820293e-03,1.346770e-02,2.103418e-01,1.224042e-01,4.829485e-02
1.728367e-01,2.079673e-02,1.788829e-02,3.512972e-02,6.653564e-02,4.772265e-02,6.471402e-03,5.165644e-02,1.686749e-01,2.825797e-02,7.533156e-03,2.152232e-02,2.277847e-01,8.893541e-02,3.825389e-02
1.928888e-01,2.694231e-02,2.019187e-02,6.867427e-02,8.492750e-02,5.021214e-02,8.741640e-03,6.079190e-02,1.324370e-01,2.067201e-02,1.095707e-02,2.806510e-02,1.983311e-01,6.491940e-02,3.124784e-02
1.662678e-01,2.745556e-02,1.538724e-02,5.036436e-02,6.314247e-02,4.729531e-02,6.906711e-03,4.612142e-02,1.106228e-01,1.542634e-02,1.218352e-02,4.738817e-02,3.018148e-01,5.028288e-02,3.934058e-02
1.488186e-01,4.825428e-02,1.409468e-02,4.085630e-02,5.684993e-02,5.749416e-02,5.741777e-03,3.585820e-02,1.396230e-01,1.359800e-02,1.267098e-02,4.918868e-02,2.806364e-01,3.795785e-02,5.835720e-02
1.065069e-01,6.494135e-02,3.156207e-02,1.171791e-01,4.225313e-02,4.171331e-02,4.197761e-03,2.552547e-02,1.297416e-01,1.372834e-02,3.280259e-02,6.381359e-02,2.227332e-01,3.359100e-02,6.971060e-02
8.286771e-02,1.109643e-01,5.665116e-02,1.171763e-01,3.553531e-02,3.489341e-02,3.702249e-03,1.979801e-02,1.572877e-01,1.703952e-02,2.745259e-02,5.249162e-02,1.898087e-01,2.817120e-02,6.616024e-02
6.254436e-02,2.028281e-01,6.700722e-02,9.994227e-02,2.664771e-02,2.725532e-02,3.132640e-03,1.523169e-02,1.681214e-01,2.492507e-02,2.159809e-02,4.179592e-02,1.525756e-01,2.277297e-02,6.362149e-02
6.275614e-02,2.804137e-01,6.034359e-02,8.140055e-02,2.113765e-02,2.152246e-02,4.290385e-03,1.795669e-02,1.461704e-01,2.344100e-02,2.000971e-02,3.501292e-02,1.444570e-01,2.263325e-02,5.845454e-02
7.740967e-02,2.833942e-01,8.844432e-02,6.379366e-02,2.152092e-02,1.794600e-02,5.452203e-03,2.989955e-02,1.286754e-01,2.328566e-02,1.697582e-02,2.644573e-02,1.488821e-01,1.808214e-02,4.979271e-02
8.648302e-02,2.067626e-01,7.260030e-02,4.928321e-02,1.625223e-02,1.523043e-02,4.557798e-03,2.938833e-02,9.999351e-02,1.768241e-02,1.325892e-02,2.054836e-02,3.143898e-01,1.293834e-02,4.063084e-02
1.046805e-01,1.503393e-01,5.367709e-02,3.652075e-02,1.223380e-02,1.352230e-02,3.964552e-03,2.440754e-02,7.926461e-02,1.302644e-02,9.926600e-03,1.684997e-02,4.389702e-01,9.222193e-03,3.339418e-02
1.073504e-01,1.138515e-01,4.121627e-02,2.855665e-02,9.654793e-03,1.261185e-02,3.373986e-03,2.102795e-02,7.567268e-02,1.128002e-02,7.752393e-03,1.410639e-02,5.182381e-01,6.689468e-03,2.861755e-02
1.226395e-01,1.064280e-01,4.831335e-02,4.867159e-02,9.383611e-03,1.173107e-02,3.416056e-03,1.649945e-02,1.131536e-01,1.058047e-02,6.366572e-03,1.290012e-02,4.556377e-01,5.720335e-03,2.855867e-02
1.347457e-01,9.647913e-02,4.065413e-02,3.975997e-02,9.553487e-03,1.073947e-02,4.544960e-03,1.461948e-02,1.027251e-01,8.556521e-03,5.401277e-03,1.040021e-02,4.889509e-01,4.783785e-03,2.808592e-02
1.109704e-01,7.706264e-02,3.280269e-02,2.939197e-02,9.877110e-03,1.046920e-02,6.317833e-03,1.079934e-02,9.498343e-02,6.597599e-03,4.256174e-03,8.576949e-03,5.488023e-01,4.548472e-03,4.454394e-02
1.110783e-01,5.743376e-02,2.382951e-02,2.105051e-02,8.538621e-03,8.940062e-03,4.927540e-03,9.265255e-03,7.474231e-02,4.914084e-03,3.493508e-03,8.733700e-03,6.148930e-01,4.082109e-03,4.407787e-02
1.072694e-01,5.658333e-02,3.468233e-02,2.327025e-02,8.901151e-03,9.289674e-03,4.197308e-03,7.706807e-03,1.113021e-01,6.485139e-03,3.603618e-03,1.002328e-02,5.489266e-01,5.620623e-03,6.213846e-02
2.032053e-01,4.334910e-02,2.892782e-02,1.905173e-02,1.056044e-02,1.649076e-02,4.650057e-03,8.974014e-03,9.238145e-02,5.413380e-03,4.774395e-03,1.268227e-02,4.885709e-01,6.356018e-03,5.461242e-02
3.071817e-01,3.494526e-02,2.447222e-02,1.601702e-02,1.304069e-02,1.964447e-02,5.388787e-03,8.706939e-03,8.266974e-02,4.643750e-03,5.626126e-03,1.371708e-02,4.082344e-01,6.497881e-03,4.921391e-02
3.546878e-01,2.565072e-02,2.176945e-02,1.425341e-02,1.616199e-02,1.985299e-02,6.475274e-03,2.312835e-02,7.305962e-02,3.939885e-03,6.995395e-03,1.502436e-02,3.704849e-01,5.274360e-03,4.324139e-02
3.081701e-01,1.872030e-02,2.399723e-02,1.071557e-02,1.652438e-02,1.560111e-02,5.632860e-03,2.133758e-01,5.437186e-02,2.904072e-03,5.236013e-03,1.176917e-02,2.766358e-01,3.971486e-03,3.237423e-02
2.334146e-01,1.352880e-02,2.064789e-02,7.980281e-03,1.439259e-02,1.142703e-02,4.803749e-03,4.131888e-01,3.956865e-02,2.058958e-03,3.793962e-03,8.571456e-03,2.005261e-01,2.833114e-03,2.326398e-02
1.660871e-01,9.557701e-03,1.489093e-02,5.661009e-03,1.160914e-02,8.567193e-03,3.920064e-03,5.805624e-01,2.800311e-02,1.446624e-03,2.683245e-03,6.026910e-03,1.426764e-01,1.986366e-03,1.632189e-02
1.197229e-01,6.793332e-03,1.065476e-02,4.016482e-03,9.302527e-03,6.989134e-03,3.162889e-03,6.980773e-01,1.986282e-02,1.020118e-03,1.903782e-03,4.260947e-03,1.013921e-01,1.394648e-03,1.144628e-02
8.494271e-02,4.840903e-03,7.622452e-03,2.842181e-03,7.958736e-03,5.282574e-03,2.417462e-03,7.846591e-01,1.404265e-02,7.220280e-04,1.359358e-03,2.998136e-03,7.130141e-02,9.821273e-04,8.028103e-03
6.043869e-02,3.403171e-03,5.360648e-03,2.002002e-03,6.562045e-03,3.820009e-03,1.755532e-03,8.469505e-01,9.849888e-03,5.085019e-04,9.587005e-04,2.106228e-03,4.997079e-02,6.911990e-04,5.622128e-03
4.381431e-02,2.395408e-03,3.787165e-03,1.421423e-03,6.395880e-03,2.825081e-03,1.282400e-03,8.891889e-01,6.914870e-03,3.584870e-04,6.789838e-04,1.486913e-03,3.502351e-02,4.875932e-04,3.939077e-03
3.319766e-02,1.682866e-03,2.687244e-03,1.044153e-03,5.564769e-03,2.292630e-03,9.247525e-04,9.182882e-01,4.848549e-03,2.522666e-04,4.863465e-04,1.080283e-03,2.454347e-02,3.459154e-04,2.760901e-03
2.693391e-02,1.191580e-03,1.903293e-03,7.683484e-04,4.263137e-03,1.965191e-03,6.692617e-04,9.380138e-01,3.405879e-03,1.783833e-04,3.664891e-04,9.101019e-04,1.724132e-02,2.471812e-04,1.942163e-03
2.121208e-02,8.399989e-04,1.350478e-03,5.788758e-04,3.143050e-03,1.554253e-03,4.858249e-04,9.536394e-01,2.392560e-03,1.266361e-04,2.820544e-04,7.510472e-04,1.210247e-02,1.749253e-04,1.366361e-03
1.729708e-02,5.961391e-04,9.639387e-04,4.874033e-04,2.302560e-03,1.367769e-03,3.674792e-04,9.644210e-01,1.688687e-03,9.137709e-05,2.216349e-04,5.953336e-04,8.505334e-03,1.239510e-04,9.703665e-04
1.709753e-02,4.270098e-04,6.954629e-04,4.154455e-04,1.647199e-03,1.347357e-03,2.911198e-04,9.693152e-01,1.213311e-03,6.880249e-05,1.838877e-04,5.149473e-04,5.992239e-03,8.900392e-05,7.016483e-04
7.743379e-02,4.769623e-04,6.186974e-04,8.896685e-04,1.415160e-03,1.474311e-02,4.768702e-04,8.404604e-01,1.462361e-03,1.106710e-04,5.035558e-03,4.675386e-03,5.093671e-02,2.315016e-04,1.033235e-03
1.099868e-01,4.590302e-04,5.558545e-04,1.034604e-03,1.221984e-03,1.708905e-02,6.105202e-04,6.775685e-01,1.510527e-03,2.676246e-04,1.137817e-02,1.424065e-02,1.617437e-01,3.716417e-04,1.961432e-03
8.436294e-02,5.709863e-04,6.074855e-04,1.072213e-03,1.297986e-03,1.880027e-02,1.648662e-03,5.266584e-01,1.767715e-03,6.810604e-04,1.591528e-02,1.015259e-01,2.414405e-01,1.553156e-03,2.097496e-03
6.171879e-02,5.663173e-04,5.318960e-04,8.946781e-04,1.827646e-03,1.416013e-02,1.695878e-03,3.748883e-01,2.596827e-03,6.387869e-04,1.743776e-02,1.460385e-01,3.737914e-01,1.499863e-03,1.713313e-03
4.856278e-02,5.502276e-04,4.885594e-04,7.079602e-04,3.844376e-03,1.081938e-02,1.413721e-03,2.648064e-01,3.903379e-03,5.399822e-04,1.810741e-02,1.605414e-01,4.826280e-01,1.515532e-03,1.571057e-03
3.494234e-02,9.487921e-04,5.689393e-04,5.021659e-04,4.104433e-03,7.798526e-03,1.562877e-03,1.859197e-01,3.328547e-03,1.734505e-03,1.379276e-02,2.633088e-01,4.779678e-01,1.510075e-03,2.009808e-03
2.756891e-02,1.132844e-03,6.818500e-04,3.754904e-04,4.190983e-03,5.663927e-03,2.705214e-03,1.309108e-01,3.297042e-03,8.104512e-03,1.032299e-02,3.781217e-01,4.217068e-01,2.954385e-03,2.262622e-03
2.247883e-02,1.192779e-03,7.915116e-04,2.938634e-04,6.662839e-03,4.199744e-03,3.075353e-03,9.184857e-02,5.352926e-03,1.757639e-02,9.222677e-03,4.507169e-01,3.752049e-01,7.008080e-03,4.374765e-03
1.875730e-02,9.512784e-04,7.412194e-04,2.378861e-04,6.459692e-03,3.155503e-03,2.751084e-03,6.438097e-02,6.445599e-03,1.712388e-02,8.286854e-03,5.333270e-01,3.214692e-01,1.087230e-02,5.040311e-03
1.465118e-02,7.571755e-04,7.238570e-04,1.985220e-04,6.462508e-03,2.615800e-03,2.352337e-03,4.514886e-02,6.576926e-03,1.526717e-02,7.999562e-03,6.064700e-01,2.768787e-01,9.702637e-03,4.194679e-03
1.361478e-02,9.457243e-04,7.618909e-04,2.320872e-04,1.979676e-02,2.254841e-03,1.774323e-03,3.209679e-02,1.355865e-02,1.632371e-02,6.211141e-03,6.460063e-01,2.352524e-01,7.867085e-03,3.303550e-03
1.040348e-02,7.814277e-04,6.328126e-04,2.748992e-04,4.321107e-02,1.674999e-03,1.293009e-03,2.260872e-02,1.641138e-02,1.645196e-02,5.829104e-03,6.782902e-01,1.926842e-01,6.448509e-03,3.004260e-03
7.914475e-03,6.789779e-04,5.399125e-04,2.289944e-04,1.961391e-01,1.729601e-03,1.027553e-03,1.645460e-02,6.243931e-02,1.322799e-02,6.555704e-03,5.364211e-01,1.490269e-01,4.854117e-03,2.761760e-03
5.863228e-03,6.151927e-04,3.886933e-04,1.683007e-04,1.560044e-01,1.314538e-03,7.518280e-04,1.171355e-02,3.182367e-01,9.292735e-03,5.005876e-03,3.795528e-01,1.057520e-01,3.401842e-03,1.938296e-03
4.759378e-03,7.188009e-04,5.470429e-04,1.754581e-04,2.183644e-01,1.293047e-03,1.013924e-03,1.097153e-02,3.983291e-01,6.582684e-03,4.589037e-03,2.718956e-01,7.697350e-02,2.406016e-03,1.380339e-03
4.420696e-03,1.197290e-03,1.042210e-03,7.597028e-04,2.480567e-01,2.290757e-03,2.257860e-03,8.644023e-03,4.741116e-01,4.752980e-03,3.629483e-03,1.913469e-01,5.476704e-02,1.693956e-03,1.028797e-03
4.913081e-03,1.738926e-03,2.891856e-03,1.831085e-03,2.795627e-01,5.681151e-03,3.417797e-03,7.504779e-03,5.109257e-01,3.513997e-03,2.828539e-03,1.343374e-01,3.883053e-02,1.192933e-03,8.294818e-04
8.393384e-03,5.303988e-03,9.928978e-03,4.211622e-03,3.407058e-01,6.522127e-03,7.921567e-03,9.321557e-03,4.786631e-01,3.110302e-03,2.183444e-03,9.415975e-02,2.754813e-02,8.425852e-04,1.183605e-03
2.104302e-02,8.140441e-03,9.653036e-03,6.753265e-03,4.259063e-01,7.344753e-03,1.813183e-02,8.240930e-03,4.032712e-01,2.261744e-03,1.740149e-03,6.604912e-02,1.987533e-02,6.107580e-04,9.780511e-04
3.627621e-02,9.723470e-03,1.103645e-02,7.246677e-03,4.842094e-01,2.455247e-02,2.110520e-02,6.564562e-03,3.343666e-01,1.634079e-03,1.433183e-03,4.635685e-02,1.425859e-02,4.559122e-04,7.803658e-04
3.531444e-02,1.162016e-02,1.089781e-02,1.403201e-02,5.281900e-01,3.356563e-02,4.251697e-02,1.615823e-02,2.608175e-01,1.245535e-03,1.348122e-03,3.272584e-02,1.032495e-02,3.927094e-04,8.501677e-04
2.589574e-02,8.296962e-03,7.908659e-03,1.086682e-02,5.898818e-01,2.730928e-02,9.307123e-02,1.758283e-02,1.835670e-01,9.028516e-04,1.200202e-03,2.301928e-02,7.946057e-03,3.375944e-04,2.213755e-03
2.132257e-02,6.014228e-03,6.459176e-03,7.939284e-03,6.322593e-01,2.223802e-02,9.171863e-02,5.571250e-02,1.285745e-01,8.073524e-04,2.260489e-03,1.616930e-02,6.293864e-03,3.313958e-04,1.899461e-03
1.588186e-02,4.239491e-03,4.709729e-03,5.811963e-03,6.800347e-01,1.630344e-02,9.632359e-02,5.540447e-02,9.006821e-02,1.407404e-03,1.003904e-02,1.142086e-02,5.237203e-03,3.202029e-04,2.797884e-03
2.259230e-02,3.067147e-03,4.878486e-03,4.727284e-03,6.425120e-01,1.239780e-02,1.043126e-01,8.187742e-02,6.344319e-02,1.978645e-03,3.863136e-02,8.262108e-03,5.171319e-03,3.796020e-04,5.768825e-03
2.387038e-02,2.433113e-03,3.924328e-03,4.298429e-03,6.385376e-01,1.496690e-02,9.375092e-02,6.888123e-02,4.619241e-02,1.349379e-02,4.944298e-02,6.136614e-03,5.586836e-03,7.181413e-04,2.776639e-02
2.133882e-02,2.087818e-03,2.911538e-03,3.584695e-03,6.386182e-01,1.674239e-02,8.362864e-02,4.977121e-02,3.331872e-02,1.990795e-02,5.172814e-02,4.655286e-03,5.120330e-03,1.826772e-03,6.475951e-02
2.026789e-02,2.067069e-03,2.339527e-03,3.984994e-03,6.452349e-01,1.580755e-02,7.507335e-02,3.524642e-02,2.415971e-02,2.018347e-02,4.562075e-02,3.662055e-03,4.693149e-03,3.646130e-03,9.801312e-02
1.687912e-02,2.186723e-03,2.085170e-03,4.337954e-03,6.472327e-01,2.233913e-02,8.734716e-02,2.524382e-02,1.754863e-02,1.858032e-02,3.625750e-02,3.845980e-03,5.286217e-03,1.832375e-02,9.250593e-02
1.281692e-02,1.800508e-03,1.750899e-03,3.564822e-03,5.087806e-01,3.048449e-02,1.589081e-01,1.869075e-02,1.284304e-02,2.321543e-02,6.642102e-02,1.816678e-02,6.992354e-03,5.261409e-02,8.295026e-02
1.095233e-02,1.622554e-03,1.315873e-03,2.600346e-03,3.782556e-01,9.098585e-02,1.307638e-01,1.346324e-02,9.171293e-03,1.747995e-02,1.015598e-01,1.453060e-02,6.625852e-03,1.582781e-01,6.239484e-02
9.193039e-03,1.487677e-03,9.875254e-04,1.900405e-03,2.801466e-01,1.017361e-01,9.498430e-02,9.541553e-03,6.681877e-03,1.589871e-02,2.019992e-01,1.079453e-02,5.921259e-03,2.113726e-01,4.735463e-02
6.998117e-03,1.647689e-03,7.503915e-04,1.455464e-03,1.996104e-01,9.412597e-02,6.688298e-02,6.720674e-03,5.494707e-03,1.455912e-02,3.489507e-01,7.919609e-03,4.769449e-03,2.024060e-01,3.770871e-02
5.156941e-03,1.671592e-03,5.518009e-04,1.051496e-03,1.401463e-01,7.912412e-02,4.685146e-02,4.717974e-03,4.476347e-03,1.149654e-02,4.851131e-01,5.846088e-03,3.713246e-03,1.820889e-01,2.799412e-02
4.286462e-03,2.971712e-03,5.652090e-04,8.311932e-04,9.841263e-02,8.575271e-02,3.284211e-02,3.445381e-03,3.905306e-03,9.904516e-03,5.174516e-01,4.427093e-03,3.139536e-03,2.021233e-01,2.994115e-02
3.540657e-03,7.023516e-03,5.041953e-04,8.726806e-04,6.897021e-02,6.283416e-02,2.300180e-02,2.441042e-03,5.552920e-03,1.173799e-02,5.947055e-01,6.444522e-03,2.753326e-03,1.867676e-01,2.284986e-02
2.716914e-03,9.216173e-03,4.054033e-04,6.645966e-04,4.831379e-02,4.693567e-02,1.612137e-02,1.724342e-03,8.176072e-03,1.171815e-02,5.677812e-01,6.774987e-03,2.018083e-03,2.590590e-01,1.837428e-02
1.984769e-03,1.067416e-02,3.127755e-04,4.806010e-04,3.382996e-02,3.404479e-02,1.129019e-02,1.211745e-03,1.043338e-02,9.200556e-03,4.500025e-01,6.796266e-03,1.445226e-03,4.134740e-01,1.481917e-02
1.466601e-03,1.032839e-02,2.449104e-04,3.415830e-04,2.369876e-02,2.998050e-02,7.909882e-03,8.744466e-04,1.927149e-02,7.323221e-03,3.604743e-01,5.917822e-03,1.048045e-03,5.188828e-01,1.223738e-02
1.098893e-03,9.301284e-03,1.792936e-04,2.413985e-04,1.660923e-02,2.567233e-02,5.541053e-03,6.473329e-04,2.799319e-02,7.612670e-03,2.932522e-01,4.752278e-03,7.711577e-04,5.963616e-01,9.966101e-03
1.428225e-03,1.668993e-02,2.468491e-04,2.253426e-04,1.181474e-02,2.064054e-02,3.891037e-03,5.628028e-04,7.326551e-02,6.907440e-03,2.391499e-01,4.609928e-03,8.560136e-04,6.062300e-01,1.348182e-02
1.158544e-03,1.775582e-02,2.720940e-04,1.728804e-04,8.340496e-03,1.962765e-02,2.727348e-03,4.101383e-04,6.844404e-02,6.643169e-03,2.088235e-01,4.260566e-03,7.592977e-04,6.458137e-01,1.479081e-02
9.450771e-04,5.569917e-02,4.011212e-04,1.358369e-04,5.913449e-03,1.883315e-02,1.915454e-03,3.139755e-04,8.477162e-02,5.824031e-03,1.658424e-01,4.030002e-03,8.763279e-04,6.402398e-01,1.425861e-02
1.108073e-03,9.301110e-02,5.042430e-04,2.875560e-04,4.917443e-03,1.800982e-02,1.356491e-03,1.608286e-03,2.512636e-01,5.268557e-03,1.196196e-01,2.979124e-03,9.772101e-04,4.885659e-01,1.052311e-02
1.049132e-03,7.487328e-02,3.848172e-04,2.844293e-04,5.771909e-03,1.334503e-02,9.684920e-04,1.615144e-03,4.580284e-01,3.941232e-03,8.399811e-02,2.143288e-03,7.522275e-04,3.453197e-01,7.524803e-03
1.527074e-03,6.093431e-02,9.523518e-04,2.197530e-03,1.136449e-02,1.046150e-02,8.714333e-04,7.504183e-03,5.900921e-01,2.963454e-03,5.901917e-02,1.530900e-03,6.436985e-04,2.445494e-01,5.388538e-03
4.827935e-03,5.504990e-02,2.211552e-03,2.223893e-03,3.157642e-02,8.020105e-03,2.748255e-03,6.659047e-02,6.024956e-01,2.888623e-03,4.171257e-02,1.105068e-03,6.899697e-04,1.736961e-01,4.163732e-03
1.337126e-02,4.537411e-02,4.816224e-03,2.618928e-03,4.392889e-02,6.594071e-03,2.551578e-02,1.310670e-01,5.656168e-01,3.041827e-03,2.939116e-02,8.539489e-04,1.670144e-03,1.221253e-01,4.014558e-03
1.681419e-02,3.527014e-02,4.766688e-03,2.184717e-03,5.742960e-02,5.678331e-03,3.927467e-02,1.707966e-01,5.527304e-01,2.763714e-03,2.073088e-02,6.716490e-04,1.817609e-03,8.588687e-02,3.183875e-03
2.184825e-02,2.890144e-02,4.442612e-03,1.908755e-03,6.968214e-02,5.526107e-03,5.455573e-02,1.554273e-01,5.728519e-01,3.198955e-03,1.514336e-02,6.501416e-04,2.238797e-03,6.048230e-02,3.142278e-03
2.459496e-02,2.552526e-02,4.467714e-03,1.649717e-03,6.136349e-02,7.163588e-03,5.718717e-02,1.426628e-01,6.110315e-01,3.255504e-03,1.125200e-02,6.653748e-04,2.928089e-03,4.320314e-02,3.049751e-03
3.305085e-02,3.048210e-02,4.806116e-03,1.463403e-03,4.911225e-02,1.439308e-02,9.674925e-02,1.362595e-01,5.790988e-01,4.041012e-03,8.524616e-03,1.001383e-03,5.810144e-03,3.174585e-02,3.461770e-03
