1.000000e+00,0.000000e+00,0.000000e+00,0.000000e+00,0.000000e+00,0.000000e+00,0.000000e+00,0.000000e+00,0.000000e+00,0.000000e+00,0.000000e+00,0.000000e+00,0.000000e+00,0.000000e+00,0.000000e+00
1.000000e+00,0.000000e+00,0.000000e+00,0.000000e+00,0.000000e+00,0.000000e+00,0.000000e+00,0.000000e+00,0.000000e+00,0.000000e+00,0.000000e+00,0.000000e+00,0.000000e+00,0.000000e+00,0.000000e+00
1.000000e+00,0.000000e+00,0.000000e+00,0.000000e+00,0.000000e+00,0.000000e+00,0.000000e+00,0.000000e+00,0.000000e+00,0.000000e+00,0.000000e+00,0.000000e+00,0.000000e+00,0.000000e+00,0.000000e+00
1.000000e+00,0.000000e+00,0.000000e+00,0.000000e+00,0.000000e+00,0.000000e+00,0.000000e+00,0.000000e+00,0.000000e+00,0.000000e+00,0.000000e+00,0.000000e+00,0.000000e+00,0.000000e+00,0.000000e+00
1.000000e+00,0.000000e+00,0.000000e+00,0.000000e+00,0.000000e+00,0.000000e+00,0.000000e+00,0.000000e+00,0.000000e+00,0.000000e+00,0.000000e+00,0.000000e+00,0.000000e+00,0.000000e+00,0.000000e+00
1.000000e+00,0.000000e+00,0.000000e+00,0.000000e+00,0.000000e+00,0.000000e+00,0.000000e+00,0.000000e+00,0.000000e+00,0.000000e+00,0.000000e+00,0.000000e+00,0.000000e+00,0.000000e+00,0.000000e+00
1.000000e+00,0.000000e+00,0.000000e+00,0.000000e+00,0.000000e+00,0.000000e+00,0.000000e+00,0.000000e+00,0.000000e+00,0.000000e+00,0.000000e+00,0.000000e+00,0.000000e+00,0.000000e+00,0.000000e+00
1.000000e+00,0.000000e+00,0.000000e+00,0.000000e+00,0.000000e+00,0.000000e+00,0.000000e+00,0.000000e+00,0.000000e+00,0.000000e+00,0.000000e+00,0.000000e+00,0.000000e+00,0.000000e+00,0.000000e+00
1.000000e+00,0.000000e+00,0.000000e+00,0.000000e+00,0.000000e+00,0.000000e+00,0.000000e+00,0.000000e+00,0.000000e+00,0.000000e+00,0.000000e+00,0.000000e+00,0.000000e+00,0.000000e+00,0.000000e+00
1.000000e+00,0.000000e+00,0.000000e+00,0.000000e+00,0.000000e+00,0.000000e+00,0.000000e+00,0.000000e+00,0.000000e+00,0.000000e+00,0.000000e+00,0.000000e+00,0.000000e+00,0.000000e+00,0.000000e+00
1.000000e+00,0.000000e+00,0.000000e+00,0.000000e+00,0.000000e+00,0.000000e+00,0.000000e+00,0.000000e+00,0.000000e+00,0.000000e+00,0.000000e+00,0.000000e+00,0.000000e+00,0.000000e+00,0.000000e+00
1.000000e+00,0.000000e+00,0.000000e+00,0.000000e+00,0.000000e+00,0.000000e+00,0.000000e+00,0.000000e+00,0.000000e+00,0.000000e+00,0.000000e+00,0.000000e+00,0.000000e+00,0.000000e+00,0.000000e+00
1.000000e+00,0.000000e+00,0.000000e+00,0.000000e+00,0.000000e+00,0.000000e+00,0.000000e+00,0.000000e+00,0.000000e+00,0.000000e+00,0.000000e+00,0.000000e+00,0.000000e+00,0.000000e+00,0.000000e+00
1.000000e+00,0.000000e+00,0.000000e+00,0.000000e+00,0.000000e+00,0.000000e+00,0.000000e+00,0.000000e+00,0.000000e+00,0.000000e+00,0.000000e+00,0.000000e+00,0.000000e+00,0.000000e+00,0.000000e+00
1.000000e+00,0.000000e+00,0.000000e+00,0.000000e+00,0.000000e+00,0.000000e+00,0.000000e+00,0.000000e+00,0.000000e+00,0.000000e+00,0.000000e+00,0.000000e+00,0.000000e+00,0.000000e+00,0.000000e+00
1.000000e+00,0.000000e+00,0.000000e+00,0.000000e+00,0.000000e+00,0.000000e+00,0.000000e+00,0.000000e+00,0.000000e+00,0.000000e+00,0.000000e+00,0.000000e+00,0.000000e+00,0.000000e+00,0.000000e+00
1.000000e+00,0.000000e+00,0.000000e+00,0.000000e+00,0.000000e+00,0.000000e+00,0.000000e+00,0.000000e+00,0.000000e+00,0.000000e+00,0.000000e+00,0.000000e+00,0.000000e+00,0.000000e+00,0.000000e+00
1.000000e+00,0.000000e+00,0.000000e+00,0.000000e+00,0.000000e+00,0.000000e+00,0.000000e+00,0.000000e+00,0.000000e+00,0.000000e+00,0.000000e+00,0.000000e+00,0.000000e+00,0.000000e+00,0.000000e+00
1.000000e+00,0.000000e+00,0.000000e+00,0.000000e+00,0.000000e+00,0.000000e+00,0.000000e+00,0.000000e+00,0.000000e+00,0.000000e+00,0.000000e+00,0.000000e+00,0.000000e+00,0.000000e+00,0.000000e+00
1.000000e+00,0.000000e+00,0.000000e+00,0.000000e+00,0.000000e+00,0.000000e+00,0.000000e+00,0.000000e+00,0.000000e+00,0.000000e+00,0.000000e+00,0.000000e+00,0.000000e+00,0.000000e+00,0.000000e+00
1.000000e+00,0.000000e+00,0.000000e+00,0.000000e+00,0.000000e+00,0.000000e+00,0.000000e+00,0.000000e+00,0.000000e+00,0.000000e+00,0.000000e+00,0.000000e+00,0.000000e+00,0.000000e+00,0.000000e+00
1.000000e+00,0.000000e+00,0.000000e+00,0.000000e+00,0.000000e+00,0.000000e+00,0.000000e+00,0.000000e+00,0.000000e+00,0.000000e+00,0.000000e+00,0.000000e+00,0.000000e+00,0.000000e+00,0.000000e+00
1.000000e+00,0.000000e+00,0.000000e+00,0.000000e+00,0.000000e+00,0.000000e+00,0.000000e+00,0.000000e+00,0.000000e+00,0.000000e+00,0.000000e+00,0.000000e+00,0.000000e+00,0.000000e+00,0.000000e+00
1.000000e+00,0.000000e+00,0.000000e+00,0.000000e+00,0.000000e+00,0.000000e+00,0.000000e+00,0.000000e+00,0.000000e+00,0.000000e+00,0.000000e+00,0.000000e+00,0.000000e+00,0.000000e+00,0.000000e+00
1.000000e+00,0.000000e+00,0.000000e+00,0.000000e+00,0.000000e+00,0.000000e+00,0.000000e+00,0.000000e+00,0.000000e+00,0.000000e+00,0.000000e+00,0.000000e+00,0.000000e+00,0.000000e+00,0.000000e+00
1.000000e+00,0.000000e+00,0.000000e+00,0.000000e+00,0.000000e+00,0.000000e+00,0.000000e+00,0.000000e+00,0.000000e+00,0.000000e+00,0.000000e+00,0.000000e+00,0.000000e+00,0.000000e+00,0.000000e+00
1.000000e+00,0.000000e+00,0.000000e+00,0.000000e+00,0.000000e+00,0.000000e+00,0.000000e+00,0.000000e+00,0.000000e+00,0.000000e+00,0.000000e+00,0.000000e+00,0.000000e+00,0.000000e+00,0.000000e+00
1.000000e+00,0.000000e+00,0.000000e+00,0.000000e+00,0.000000e+00,0.000000e+00,0.000000e+00,0.000000e+00,0.000000e+00,0.000000e+00,0.000000e+00,0.000000e+00,0.000000e+00,0.000000e+00,0.000000e+00
1.000000e+00,0.000000e+00,0.000000e+00,0.000000e+00,0.000000e+00,0.000000e+00,0.000000e+00,0.000000e+00,0.000000e+00,0.000000e+00,0.000000e+00,0.000000e+00,0.000000e+00,0.000000e+00,0.000000e+00
1.000000e+00,0.000000e+00,0.000000e+00,0.000000e+00,0.000000e+00,0.000000e+00,0.000000e+00,0.000000e+00,0.000000e+00,0.000000e+00,0.000000e+00,0.000000e+00,0.000000e+00,0.000000e+00,0.000000e+00
1.000000e+00,0.000000e+00,0.000000e+00,0.000000e+00,0.000000e+00,0.000000e+00,0.000000e+00,0.000000e+00,0.000000e+00,0.000000e+00,0.000000e+00,0.000000e+00,0.000000e+00,0.000000e+00,0.000000e+00
1.000000e+00,0.000000e+00,0.000000e+00,0.000000e+00,0.000000e+00,0.000000e+00,0.000000e+00,0.000000e+00,0.000000e+00,0.000000e+00,0.000000e+00,0.000000e+00,0.000000e+00,0.000000e+00,0.000000e+00
1.000000e+00,0.000000e+00,0.000000e+00,0.000000e+00,0.000000e+00,0.000000e+00,0.000000e+00,0.000000e+00,0.000000e+00,0.000000e+00,0.000000e+00,0.000000e+00,0.000000e+00,0.000000e+00,0.000000e+00
1.000000e+00,0.000000e+00,0.000000e+00,0.000000e+00,0.000000e+00,0.000000e+00,0.000000e+00,0.000000e+00,0.000000e+00,0.000000e+00,0.000000e+00,0.000000e+00,0.000000e+00,0.000000e+00,0.000000e+00
1.000000e+00,0.000000e+00,0.000000e+00,0.000000e+00,0.000000e+00,0.000000e+00,0.000000e+00,0.000000e+00,0.000000e+00,0.000000e+00,0.000000e+00,0.000000e+00,0.000000e+00,0.000000e+00,0.000000e+00
1.000000e+00,0.000000e+00,0.000000e+00,0.000000e+00,0.000000e+00,0.000000e+00,0.000000e+00,0.000000e+00,0.000000e+00,0.000000e+00,0.000000e+00,0.000000e+00,0.000000e+00,0.000000e+00,0.000000e+00
1.000000e+00,0.000000e+00,0.000000e+00,0.000000e+00,0.000000e+00,0.000000e+00,0.000000e+00,0.000000e+00,0.000000e+00,0.000000e+00,0.000000e+00,0.000000e+00,0.000000e+00,0.000000e+00,0.000000e+00
1.000000e+00,0.000000e+00,0.000000e+00,0.000000e+00,0.000000e+00,0.000000e+00,0.000000e+00,0.000000e+00,0.000000e+00,0.000000e+00,0.000000e+00,0.000000e+00,0.000000e+00,0.000000e+00,0.000000e+00
1.000000e+00,0.000000e+00,0.000000e+00,0.000000e+00,0.000000e+00,0.000000e+00,0.000000e+00,0.000000e+00,0.000000e+00,0.000000e+00,0.000000e+00,0.000000e+00,0.000000e+00,0.000000e+00,0.000000e+00
1.000000e+00,0.000000e+00,0.000000e+00,0.000000e+00,0.000000e+00,0.000000e+00,0.000000e+00,0.000000e+00,0.000000e+00,0.000000e+00,0.000000e+00,0.000000e+00,0.000000e+00,0.000000e+00,0.000000e+00
1.000000e+00,0.000000e+00,0.000000e+00,0.000000e+00,0.000000e+00,0.000000e+00,0.000000e+00,0.000000e+00,0.000000e+00,0.000000e+00,0.000000e+00,0.000000e+00,0.000000e+00,0.000000e+00,0.000000e+00
1.000000e+00,0.000000e+00,0.000000e+00,0.000000e+00,0.000000e+00,0.000000e+00,0.000000e+00,0.000000e+00,0.000000e+00,0.000000e+00,0.000000e+00,0.000000e+00,0.000000e+00,0.000000e+00,0.000000e+00
1.000000e+00,0.000000e+00,0.000000e+00,0.000000e+00,0.000000e+00,0.000000e+00,0.000000e+00,0.000000e+00,0.000000e+00,0.000000e+00,0.000000e+00,0.000000e+00,0.000000e+00,0.000000e+00,0.000000e+00
1.000000e+00,0.000000e+00,0.000000e+00,0.000000e+00,0.000000e+00,0.000000e+00,0.000000e+00,0.000000e+00,0.000000e+00,0.000000e+00,0.000000e+00,0.000000e+00,0.000000e+00,0.000000e+00,0.000000e+00
1.000000e+00,0.000000e+00,0.000000e+00,0.000000e+00,0.000000e+00,0.000000e+00,0.000000e+00,0.000000e+00,0.000000e+00,0.000000e+00,0.000000e+00,0.000000e+00,0.000000e+00,0.000000e+00,0.000000e+00
1.000000e+00,0.000000e+00,0.000000e+00,0.000000e+00,0.000000e+00,0.000000e+00,0.000000e+00,0.000000e+00,0.000000e+00,0.000000e+00,0.000000e+00,0.000000e+00,0.000000e+00,0.000000e+00,0.000000e+00
1.000000e+00,0.000000e+00,0.000000e+00,0.000000e+00,0.000000e+00,0.000000e+00,0.000000e+00,0.000000e+00,0.000000e+00,0.000000e+00,0.000000e+00,0.000000e+00,0.000000e+00,0.000000e+00,0.000000e+00
1.000000e+00,0.000000e+00,0.000000e+00,0.000000e+00,0.000000e+00,0.000000e+00,0.000000e+00,0.000000e+00,0.000000e+00,0.000000e+00,0.000000e+00,0.000000e+00,0.000000e+00,0.000000e+00,0.000000e+00
1.000000e+00,0.000000e+00,0.000000e+00,0.000000e+00,0.000000e+00,0.000000e+00,0.000000e+00,0.000000e+00,0.000000e+00,0.000000e+00,0.000000e+00,0.000000e+00,0.000000e+00,0.000000e+00,0.000000e+00
1.000000e+00,0.000000e+00,0.000000e+00,0.000000e+00,0.000000e+00,0.000000e+00,0.000000e+00,0.000000e+00,0.000000e+00,0.000000e+00,0.000000e+00,0.000000e+00,0.000000e+00,0.000000e+00,0.000000e+00
1.000000e+00,0.000000e+00,0.000000e+00,0.000000e+00,0.000000e+00,0.000000e+00,0.000000e+00,0.000000e+00,0.000000e+00,0.000000e+00,0.000000e+00,0.000000e+00,0.000000e+00,0.000000e+00,0.000000e+00
1.000000e+00,0.000000e+00,0.000000e+00,0.000000e+00,0.000000e+00,0.000000e+00,0.000000e+00,0.000000e+00,0.000000e+00,0.000000e+00,0.000000e+00,0.000000e+00,0.000000e+00,0.000000e+00,0.000000e+00
1.000000e+00,0.000000e+00,0.000000e+00,0.000000e+00,0.000000e+00,0.000000e+00,0.000000e+00,0.000000e+00,0.000000e+00,0.000000e+00,0.000000e+00,0.000000e+00,0.000000e+00,0.000000e+00,0.000000e+00
1.000000e+00,0.000000e+00,0.000000e+00,0.000000e+00,0.000000e+00,0.000000e+00,0.000000e+00,0.000000e+00,0.000000e+00,0.000000e+00,0.000000e+00,0.000000e+00,0.000000e+00,0.000000e+00,0.000000e+00
1.000000e+00,0.000000e+00,0.000000e+00,0.000000e+00,0.000000e+00,0.000000e+00,0.000000e+00,0.000000e+00,0.000000e+00,0.000000e+00,0.000000e+00,0.000000e+00,0.000000e+00,0.000000e+00,0.000000e+00
1.000000e+00,0.000000e+00,0.000000e+00,0.000000e+00,0.000000e+00,0.000000e+00,0.000000e+00,0.000000e+00,0.000000e+00,0.000000e+00,0.000000e+00,0.000000e+00,0.000000e+00,0.000000e+00,0.000000e+00
1.000000e+00,0.000000e+00,0.000000e+00,0.000000e+00,0.000000e+00,0.000000e+00,0.000000e+00,0.000000e+00,0.000000e+00,0.000000e+00,0.000000e+00,0.000000e+00,0.000000e+00,0.000000e+00,0.000000e+00
1.000000e+00,0.000000e+00,0.000000e+00,0.000000e+00,0.000000e+00,0.000000e+00,0.000000e+00,0.000000e+00,0.000000e+00,0.000000e+00,0.000000e+00,0.000000e+00,0.000000e+00,0.000000e+00,0.000000e+00
1.000000e+00,0.000000e+00,0.000000e+00,0.000000e+00,0.000000e+00,0.000000e+00,0.000000e+00,0.000000e+00,0.000000e+00,0.000000e+00,0.000000e+00,0.000000e+00,0.000000e+00,0.000000e+00,0.000000e+00
1.000000e+00,0.000000e+00,0.000000e+00,0.000000e+00,0.000000e+00,0.000000e+00,0.000000e+00,0.000000e+00,0.000000e+00,0.000000e+00,0.000000e+00,0.000000e+00,0.000000e+00,0.000000e+00,0.000000e+00
1.000000e+00,0.000000e+00,0.000000e+00,0.000000e+00,0.000000e+00,0.000000e+00,0.000000e+00,0.000000e+00,0.000000e+00,0.000000e+00,0.000000e+00,0.000000e+00,0.000000e+00,0.000000e+00,0.000000e+00
1.000000e+00,0.000000e+00,0.000000e+00,0.000000e+00,0.000000e+00,0.000000e+00,0.000000e+00,0.000000e+00,0.000000e+00,0.000000e+00,0.000000e+00,0.000000e+00,0.000000e+00,0.000000e+00,0.000000e+00
4.778938e-01,3.280986e-02,5.577784e-03,4.767844e-02,3.189453e-01,2.392552e-02,8.195017e-03,8.864103e-03,5.359669e-03,2.218792e-03,1.070930e-02,2.171263e-02,1.373765e-02,2.711879e-03,1.966036e-02
3.347511e-01,2.306872e-02,4.015627e-03,3.352175e-02,5.124897e-01,1.719026e-02,7.152568e-03,1.319173e-02,3.765886e-03,1.601594e-03,8.054967e-03,1.532309e-02,1.009973e-02,1.921082e-03,1.385223e-02
2.348720e-01,1.622023e-02,2.931972e-03,2.422496e-02,4.978607e-01,1.225767e-02,9.083325e-03,1.267077e-02,2.812680e-03,1.097776e-02,1.284574e-01,1.186468e-02,1.016892e-02,5.447968e-03,2.014897e-02
1.644407e-01,1.136567e-02,2.070689e-03,1.755914e-02,3.525712e-01,8.663054e-03,7.638981e-03,8.906834e-03,2.300129e-03,2.201245e-01,1.611871e-01,1.091498e-02,9.903975e-03,4.442597e-03,1.791053e-02
1.152316e-01,8.058685e-03,1.469130e-03,1.257899e-02,2.544734e-01,6.277109e-03,7.632145e-03,6.270743e-03,3.139860e-03,2.279381e-01,2.843269e-01,1.160394e-02,2.279793e-02,1.427172e-02,2.392979e-02
8.090391e-02,5.897087e-03,1.041983e-03,9.475322e-03,1.803793e-01,4.709571e-03,5.606932e-03,4.444129e-03,7.025386e-03,1.870137e-01,2.349125e-01,2.289362e-02,2.250301e-02,1.101418e-01,1.230518e-01
5.713839e-02,4.781173e-03,8.155184e-04,8.039763e-03,1.292439e-01,3.645357e-03,4.094011e-03,3.164553e-03,2.131258e-02,1.412810e-01,1.868093e-01,1.780862e-02,1.835751e-02,1.882775e-01,2.152309e-01
4.064604e-02,4.230889e-03,8.325053e-04,1.686792e-02,9.127131e-02,1.193485e-02,3.006523e-03,2.232823e-03,3.545116e-02,1.026440e-01,1.525406e-01,1.422025e-02,1.493925e-02,2.068184e-01,3.023634e-01
3.194085e-02,3.738107e-03,1.126816e-03,1.347352e-02,6.463756e-02,1.358496e-02,2.493020e-03,1.633711e-03,3.489857e-02,9.561320e-02,1.201335e-01,1.151672e-02,1.351244e-02,3.289434e-01,2.627536e-01
7.446794e-02,1.177932e-02,3.464750e-03,3.947496e-02,4.855714e-02,2.577114e-02,2.458647e-03,2.501254e-03,6.799667e-02,7.659404e-02,1.074684e-01,1.353683e-02,1.833988e-02,2.827769e-01,2.248121e-01
1.607119e-01,1.043121e-02,9.470299e-03,3.378129e-02,3.996597e-02,3.158958e-02,3.338827e-03,4.666663e-03,7.513154e-02,5.959540e-02,8.913226e-02,1.608741e-02,3.162091e-02,2.706883e-01,1.637884e-01
1.710943e-01,1.206011e-02,1.158306e-02,2.639330e-02,3.832339e-02,2.407798e-02,3.118892e-03,4.335781e-03,7.087280e-02,6.236573e-02,9.134640e-02,1.493312e-02,3.468036e-02,2.938623e-01,1.409524e-01
1.364420e-01,1.242556e-02,1.163069e-02,2.076171e-02,3.204834e-02,1.956259e-02,3.094928e-03,5.053929e-03,6.648558e-02,6.879241e-02,7.386366e-02,1.353427e-02,3.447938e-02,3.845304e-01,1.172946e-01
1.147313e-01,1.556346e-02,1.682783e-02,1.669509e-02,2.662596e-02,1.516760e-02,3.074700e-03,5.920571e-03,8.311801e-02,1.118015e-01,5.771756e-02,1.291298e-02,2.892100e-02,3.991826e-01,9.173987e-02
9.077113e-02,1.608923e-02,1.655137e-02,1.264308e-02,2.691080e-02,1.275711e-02,2.688654e-03,5.067687e-03,8.489119e-02,1.582170e-01,4.436992e-02,1.068131e-02,2.256547e-02,4.257236e-01,7.007253e-02
8.144215e-02,1.927580e-02,1.514659e-02,1.186583e-02,2.934669e-02,1.139647e-02,2.958693e-03,7.584981e-03,1.103116e-01,1.786841e-01,4.692999e-02,1.156374e-02,1.932115e-02,3.977822e-01,5.639004e-02
8.870073e-02,2.004016e-02,1.921291e-02,1.424476e-02,3.121145e-02,1.266411e-02,3.635793e-03,1.084871e-02,9.746815e-02,2.468383e-01,4.097253e-02,1.003443e-02,1.581833e-02,3.326674e-01,5.564230e-02
7.908744e-02,1.483517e-02,1.784906e-02,1.272093e-02,2.681108e-02,9.763635e-03,2.828789e-03,1.040513e-02,8.700847e-02,3.726205e-01,3.300624e-02,7.794219e-03,1.208258e-02,2.701572e-01,4.302946e-02
9.870771e-02,1.369517e-02,2.108210e-02,1.420950e-02,2.481909e-02,1.038395e-02,2.462222e-03,1.467428e-02,8.891445e-02,3.645689e-01,3.675646e-02,8.059440e-03,1.069543e-02,2.513789e-01,3.959233e-02
1.193326e-01,2.002321e-02,5.951733e-02,1.925532e-02,2.987204e-02,2.678799e-02,6.206565e-03,2.709727e-02,8.823355e-02,3.040738e-01,3.902970e-02,1.151586e-02,1.304254e-02,1.879478e-01,4.806447e-02
1.285887e-01,1.899412e-02,6.555345e-02,2.028796e-02,4.240861e-02,2.727216e-02,7.425700e-03,2.257829e-02,9.875982e-02,2.766235e-01,4.482034e-02,1.692428e-02,2.233468e-02,1.602108e-01,4.721750e-02
1.143651e-01,2.000756e-02,5.566821e-02,2.035664e-02,5.650749e-02,4.049859e-02,7.436341e-03,1.786570e-02,1.001854e-01,2.370579e-01,4.149642e-02,1.680299e-02,1.020027e-01,1.208918e-01,4.885717e-02
1.012651e-01,3.472748e-02,5.294192e-02,1.724396e-02,7.132871e-02,6.482749e-02,5.620738e-03,1.496297e-02,1.046852e-01,1.854573e-01,3.987965e-02,1.797880e-02,9.338027e-02,1.068237e-01,8.887664e-02
1.208071e-01,3.231500e-02,4.066914e-02,1.571820e-02,5.297929e-02,1.008518e-01,5.506102e-03,1.673300e-02,8.352668e-02,1.526066e-01,3.778833e-02,2.419509e-02,1.183589e-01,9.951323e-02,9.843147e-02
1.499851e-01,3.804938e-02,3.121005e-02,1.445949e-02,3.919431e-02,9.559049e-02,4.456887e-03,1.543581e-02,7.271779e-02,1.201645e-01,3.725949e-02,2.800056e-02,1.210036e-01,9.474043e-02,1.377321e-01
1.503129e-01,4.263464e-02,2.607919e-02,1.254055e-02,4.378840e-02,7.586532e-02,4.226387e-03,1.807407e-02,7.903720e-02,9.003761e-02,8.475242e-02,4.524573e-02,1.322099e-01,8.901897e-02,1.061767e-01
2.015015e-01,4.201513e-02,2.022011e-02,1.338762e-02,3.908260e-02,6.283437e-02,4.795033e-03,1.488639e-02,7.214161e-02,6.567885e-02,9.461257e-02,5.768993e-02,1.496151e-01,7.142086e-02,9.011827e-02
2.043995e-01,3.677391e-02,1.729602e-02,1.130253e-02,3.284238e-02,6.424683e-02,7.092267e-03,1.266964e-02,7.146804e-02,5.049437e-02,8.249500e-02,1.008019e-01,1.323127e-01,9.821683e-02,7.758807e-02
2.154312e-01,3.635671e-02,1.426555e-02,8.781035e-03,2.475192e-02,5.959361e-02,5.701617e-03,1.009564e-02,6.402905e-02,3.708844e-02,6.994344e-02,1.659636e-01,1.458370e-01,7.952572e-02,6.263532e-02
1.639240e-01,2.905750e-02,1.102281e-02,8.833881e-03,1.917948e-02,6.321817e-02,4.463230e-03,7.441254e-03,6.220190e-02,2.752933e-02,6.503293e-02,2.060473e-01,2.183243e-01,6.267001e-02,5.105393e-02
1.188569e-01,2.133069e-02,9.451002e-03,6.883110e-03,2.305731e-02,5.441882e-02,4.416564e-03,5.816621e-03,5.920571e-02,2.183994e-02,6.329165e-02,2.138958e-01,3.117054e-01,4.541424e-02,4.041624e-02
1.017117e-01,1.581832e-02,6.957654e-03,5.876485e-03,1.905303e-02,5.012735e-02,3.363174e-03,4.256769e-03,5.164817e-02,1.754345e-02,7.132366e-02,2.649238e-01,3.222613e-01,3.384160e-02,3.129350e-02
8.279826e-02,1.201429e-02,5.259265e-03,4.433207e-03,1.496044e-02,3.769001e-02,2.444828e-03,3.063461e-03,4.377604e-02,1.511671e-02,6.982283e-02,3.051355e-01,3.453021e-01,2.603720e-02,3.214587e-02
6.817590e-02,9.194328e-03,3.929195e-03,3.651053e-03,1.124928e-02,2.775628e-02,1.816063e-03,2.300410e-03,3.948678e-02,2.820352e-02,9.392120e-02,3.672332e-01,2.884314e-01,2.075098e-02,3.390043e-02
5.604592e-02,6.721486e-03,2.804716e-03,2.744564e-03,8.111927e-03,2.220826e-02,1.309447e-03,1.648435e-03,3.359775e-02,2.726088e-02,1.089566e-01,4.542177e-01,2.309580e-01,1.498100e-02,2.843327e-02
4.224593e-02,6.335726e-03,2.054302e-03,2.044200e-03,6.200135e-03,1.637479e-02,9.784977e-04,1.213846e-03,4.419566e-02,4.210713e-02,1.138696e-01,4.760504e-01,2.030421e-01,1.087723e-02,3.241051e-02
3.149033e-02,4.619902e-03,1.462177e-03,1.547493e-03,4.491928e-03,1.426300e-02,7.278767e-04,8.825975e-04,4.525205e-02,4.541110e-02,1.013226e-01,5.669461e-01,1.502028e-01,7.734952e-03,2.364509e-02
2.277647e-02,4.081539e-03,1.073622e-03,1.136611e-03,3.869131e-03,1.037710e-02,6.588420e-04,6.486032e-04,9.750994e-02,5.190292e-02,8.263312e-02,5.917743e-01,1.091331e-01,5.504712e-03,1.691999e-02
1.665300e-02,3.210549e-03,8.169472e-04,8.657636e-04,7.512304e-03,7.500905e-03,5.906163e-04,6.417732e-04,1.184126e-01,5.125822e-02,8.059432e-02,6.126104e-01,8.355360e-02,3.893523e-03,1.188559e-02
1.235232e-02,2.303518e-03,5.999030e-04,6.896490e-04,6.751823e-03,6.114485e-03,4.548669e-04,5.284594e-04,8.896255e-02,4.794975e-02,7.499462e-02,6.842388e-01,6.287456e-02,2.833732e-03,8.351007e-03
9.122929e-03,1.754254e-03,5.719887e-04,6.419974e-04,1.908704e-02,4.476418e-03,5.882352e-04,9.542207e-04,8.681542e-02,4.598533e-02,6.719873e-02,7.072565e-01,4.749500e-02,2.175796e-03,5.876212e-03
6.775937e-03,1.272828e-03,4.479271e-04,5.799438e-04,1.827173e-02,3.560852e-03,5.327789e-04,8.729056e-04,7.226652e-02,4.495426e-02,5.934552e-02,7.489893e-01,3.634374e-02,1.657641e-03,4.128132e-03
5.320972e-03,1.535377e-03,6.522506e-04,4.923800e-04,2.824651e-02,2.962293e-03,8.036180e-04,3.879186e-03,1.223226e-01,3.908232e-02,4.994434e-02,7.119668e-01,2.837457e-02,1.504063e-03,2.912781e-03
4.550215e-03,1.408568e-03,6.784667e-04,4.480802e-04,6.775713e-02,2.433932e-03,8.753008e-04,5.920649e-03,1.646281e-01,3.227042e-02,4.201511e-02,6.472920e-01,2.610776e-02,1.539008e-03,2.075291e-03
3.608137e-03,1.280949e-03,5.780165e-04,3.572447e-04,6.515290e-02,1.864814e-03,7.267419e-04,6.054914e-03,2.166882e-01,2.909966e-02,3.297758e-02,6.166752e-01,2.218625e-02,1.284331e-03,1.465095e-03
2.659623e-03,1.011306e-03,4.184844e-04,2.617049e-04,5.686952e-02,1.329887e-03,5.542951e-04,4.546396e-03,4.113206e-01,2.061445e-02,2.404586e-02,4.567370e-01,1.768510e-02,9.119359e-04,1.033814e-03
1.911517e-03,8.068766e-04,2.993759e-04,1.999772e-04,4.285593e-02,9.759832e-04,4.152101e-04,4.089564e-03,5.121225e-01,1.522399e-02,1.840700e-02,3.865879e-01,1.471406e-02,6.591307e-04,7.310596e-04
1.396744e-03,6.337984e-04,2.329237e-04,2.444355e-04,3.587630e-02,6.978664e-04,3.114583e-04,6.265173e-03,6.381587e-01,1.070631e-02,1.339459e-02,2.800105e-01,1.109650e-02,4.623348e-04,5.124729e-04
1.003749e-03,4.643518e-04,1.670203e-04,3.499451e-04,2.931084e-02,5.511086e-04,2.259492e-04,4.823188e-03,7.413946e-01,7.500546e-03,9.397935e-03,1.963338e-01,7.794293e-03,3.237986e-04,3.589883e-04
7.767684e-04,3.515990e-04,1.202452e-04,3.327454e-04,2.860001e-02,4.399192e-04,1.922062e-04,3.592954e-03,8.101048e-01,5.252642e-03,6.605429e-03,1.376609e-01,5.490979e-03,2.269594e-04,2.518124e-04
1.348127e-03,2.868499e-04,9.811854e-05,4.968187e-04,1.208216e-01,5.659945e-04,3.691810e-04,4.190726e-03,7.628958e-01,3.680157e-03,4.640621e-03,9.638880e-02,3.871524e-03,1.596273e-04,1.861163e-04
2.771597e-03,3.388273e-04,8.973432e-05,1.227100e-03,2.473561e-01,6.827930e-04,7.303734e-04,6.350059e-03,6.641365e-01,2.578147e-03,3.259143e-03,6.749019e-02,2.735160e-03,1.128219e-04,1.414466e-04
5.780519e-03,5.128030e-04,8.212101e-05,2.202117e-03,3.602709e-01,7.001283e-04,1.030771e-03,1.044486e-02,5.654486e-01,1.806980e-03,2.298285e-03,4.726375e-02,1.958621e-03,8.212286e-05,1.174479e-04
2.061164e-02,8.020090e-04,8.851141e-05,4.329497e-03,3.857983e-01,6.417317e-04,9.170730e-04,1.023975e-02,5.387032e-01,1.269257e-03,1.727015e-03,3.313263e-02,1.533436e-03,7.329610e-05,1.326432e-04
3.712175e-02,1.140775e-03,9.765483e-05,7.486519e-03,4.320893e-01,6.507363e-04,7.649889e-04,1.018032e-02,4.833122e-01,8.975997e-04,1.419303e-03,2.331044e-02,1.258013e-03,7.652752e-05,1.938598e-04
5.821102e-02,1.918169e-03,1.424204e-04,1.128792e-02,4.161254e-01,9.249108e-04,7.625909e-04,8.550965e-03,4.817664e-01,6.468992e-04,1.275233e-03,1.663575e-02,1.327365e-03,7.287828e-05,3.520876e-04
8.603184e-02,7.010916e-03,6.504013e-04,6.200224e-02,3.906611e-01,1.622229e-03,1.178285e-03,1.275304e-02,4.193777e-01,5.981093e-04,1.521543e-03,1.252676e-02,2.314567e-03,9.769766e-05,1.653517e-03
1.623167e-01,1.096906e-02,1.265697e-03,5.904410e-02,3.220555e-01,2.319041e-03,1.555055e-03,1.248941e-02,4.087029e-01,8.597194e-04,1.853369e-03,1.020104e-02,3.555178e-03,1.855915e-04,2.627628e-03
2.721562e-01,1.319717e-02,1.925375e-03,7.563965e-02,2.631970e-01,3.074948e-03,2.187131e-03,1.279964e-02,3.318838e-01,1.076775e-03,3.811335e-03,9.977997e-03,5.485484e-03,3.800034e-04,3.207521e-03
3.242686e-01,1.600382e-02,2.352244e-03,1.032306e-01,2.461507e-01,3.803128e-03,2.584167e-03,2.680953e-02,2.506857e-01,1.180523e-03,4.048031e-03,9.043179e-03,6.152097e-03,4.736199e-04,3.214026e-03
3.985257e-01,1.834808e-02,3.314895e-03,1.017692e-01,1.982469e-01,1.087495e-02,2.742128e-03,2.213027e-02,1.821262e-01,2.328038e-03,7.768902e-03,1.023196e-02,3.632657e-02,1.255193e-03,4.011096e-03
3.047808e-01,2.928111e-02,3.589702e-03,1.625639e-01,1.929786e-01,1.908557e-02,2.724237e-03,1.606583e-02,1.291110e-01,2.894316e-03,1.314216e-02,9.688116e-03,1.082573e-01,1.164851e-03,4.672484e-03
3.171239e-01,3.447756e-02,3.823967e-03,1.421861e-01,1.451814e-01,1.911891e-02,2.681872e-03,1.295924e-02,9.720530e-02,5.017969e-03,1.427109e-02,9.555011e-03,1.884851e-01,1.412385e-03,6.500070e-03
2.875840e-01,2.918411e-02,3.163496e-03,1.233727e-01,1.065858e-01,1.477095e-02,2.050429e-03,9.353307e-03,6.891772e-02,3.680549e-03,1.109626e-02,8.425732e-03,3.243389e-01,1.038109e-03,6.437896e-03
2.755940e-01,2.176384e-02,2.588885e-03,8.906583e-02,8.155160e-02,1.178051e-02,1.937272e-03,7.090472e-03,4.875239e-02,2.638617e-03,8.032465e-03,7.745692e-03,4.352625e-01,7.486818e-04,5.447124e-03
2.716620e-01,1.554632e-02,1.937325e-03,6.248293e-02,5.834688e-02,9.154310e-03,1.487219e-03,5.082843e-03,3.438607e-02,1.862396e-03,5.820662e-03,1.017239e-02,5.169843e-01,5.432421e-04,4.531054e-03
2.295152e-01,1.102006e-02,1.499083e-03,4.381063e-02,4.293732e-02,7.399862e-03,1.192528e-03,3.744529e-03,2.426025e-02,1.320923e-03,4.415969e-03,1.765398e-02,6.045898e-01,4.036732e-04,6.236136e-03
1.995284e-01,7.914582e-03,1.388836e-03,3.070469e-02,3.150076e-02,6.373499e-03,1.142023e-03,2.824799e-03,1.732608e-02,9.716657e-04,3.385835e-03,2.074667e-02,6.666721e-01,3.294960e-04,9.190541e-03
1.471423e-01,5.799484e-03,1.879657e-03,2.154776e-02,2.341809e-02,5.814798e-03,1.036094e-03,2.587740e-03,1.279159e-02,7.804767e-04,2.878811e-03,2.615860e-02,7.346854e-01,3.201922e-04,1.315904e-02
1.180179e-01,4.277953e-03,1.762503e-03,1.513098e-02,1.884185e-02,5.674607e-03,9.847065e-04,2.613294e-03,1.003662e-02,6.912169e-04,2.691337e-03,2.640817e-02,7.703301e-01,3.502356e-04,2.218863e-02
8.813979e-02,3.151623e-03,1.577670e-03,1.084205e-02,1.466980e-02,1.477275e-02,7.836142e-04,2.425260e-03,7.664191e-03,7.816279e-04,4.942320e-03,2.974194e-02,8.005204e-01,1.464419e-03,1.852257e-02
6.861322e-02,2.930467e-03,1.115223e-02,1.082028e-02,4.457258e-02,1.648859e-02,1.332734e-03,1.664323e-02,8.477584e-03,1.373790e-03,9.741862e-03,2.941219e-02,7.457871e-01,2.019738e-03,3.063446e-02
5.337413e-02,2.248369e-03,7.943300e-03,7.897728e-03,3.615570e-02,1.656809e-02,1.009188e-03,1.197118e-02,6.761508e-03,1.316440e-03,2.152768e-02,4.510184e-02,7.611820e-01,2.765277e-03,2.417763e-02
3.827622e-02,1.612050e-03,5.596528e-03,5.694561e-03,3.304632e-02,1.216453e-02,7.632163e-04,8.838895e-03,5.380643e-03,2.508218e-03,2.973735e-02,4.157370e-02,7.945102e-01,2.840716e-03,1.745686e-02
3.097176e-02,1.285991e-03,4.063540e-03,4.721126e-03,2.949959e-02,9.739542e-03,6.380382e-04,7.678702e-03,7.616593e-03,1.972692e-02,8.956775e-02,1.091383e-01,6.686747e-01,3.522641e-03,1.315491e-02
5.373422e-02,1.350851e-03,3.279938e-03,4.846175e-03,2.676261e-02,8.768632e-03,9.039528e-04,1.086469e-02,2.083048e-02,8.779223e-02,1.235335e-01,1.362030e-01,5.080203e-01,3.351848e-03,9.757682e-03
4.542787e-02,1.693932e-03,2.845695e-03,4.667738e-03,3.327550e-02,7.376635e-03,1.769502e-03,1.122482e-02,3.632203e-02,1.266913e-01,2.238927e-01,1.162475e-01,3.769873e-01,3.044041e-03,8.533393e-03
5.286508e-02,6.419208e-03,5.238066e-03,5.746908e-03,4.332881e-02,1.133161e-02,2.395471e-03,1.281135e-02,1.470354e-01,1.077245e-01,2.241990e-01,9.206219e-02,2.761545e-01,2.925660e-03,9.762317e-03
6.448772e-02,1.389880e-02,9.555547e-03,8.772663e-03,1.098176e-01,2.374489e-02,9.526549e-03,1.343146e-02,1.838189e-01,7.777439e-02,1.740474e-01,6.841289e-02,2.020434e-01,2.778461e-03,3.788938e-02
5.929326e-02,2.254654e-02,1.199736e-02,1.111990e-02,1.409068e-01,2.806826e-02,1.083732e-02,2.006553e-02,2.549977e-01,5.711877e-02,1.336418e-01,4.971485e-02,1.481046e-01,2.300784e-03,4.928645e-02
4.845908e-02,1.830072e-02,1.083548e-02,1.213474e-02,1.576555e-01,2.251943e-02,1.011417e-02,2.253091e-01,1.834286e-01,4.026951e-02,9.467793e-02,3.521428e-02,1.046926e-01,1.671370e-03,3.471761e-02
3.788481e-02,1.584563e-02,9.216656e-03,1.114943e-02,2.374189e-01,2.151367e-02,1.409458e-02,3.042199e-01,1.297549e-01,2.825237e-02,6.665023e-02,2.473914e-02,7.365333e-02,1.211601e-03,2.439483e-02
2.930160e-02,1.227846e-02,6.901077e-03,8.700403e-03,2.532325e-01,2.243004e-02,3.729035e-02,3.846507e-01,9.101366e-02,1.983205e-02,4.706965e-02,1.733882e-02,5.175813e-02,8.604895e-04,1.734203e-02
2.346187e-02,9.074496e-03,5.458077e-03,7.075503e-03,4.001198e-01,1.862344e-02,3.748541e-02,3.079990e-01,6.386653e-02,1.402394e-02,4.855222e-02,1.230247e-02,3.702313e-02,6.381253e-04,1.429604e-02
1.895331e-02,6.398829e-03,4.020993e-03,5.088901e-03,5.462301e-01,1.401388e-02,3.424100e-02,2.196112e-01,4.476042e-02,9.966826e-03,4.595316e-02,8.776960e-03,2.637934e-02,4.789991e-04,1.512611e-02
1.705809e-02,4.502265e-03,2.861791e-03,3.663914e-03,6.320776e-01,1.479528e-02,2.850498e-02,1.549791e-01,3.143356e-02,7.552573e-03,5.281106e-02,7.154797e-03,2.272003e-02,3.660480e-04,1.951896e-02
1.924572e-02,3.175879e-03,2.030852e-03,2.674491e-03,7.118888e-01,1.283867e-02,2.146833e-02,1.093980e-01,2.213132e-02,5.429427e-03,4.373051e-02,5.808171e-03,1.713720e-02,4.635175e-04,2.257919e-02
2.990356e-02,2.235727e-03,1.439273e-03,2.138450e-03,7.602818e-01,2.229796e-02,1.591923e-02,7.809205e-02,1.562054e-02,3.816536e-03,3.201538e-02,5.766892e-03,1.271137e-02,5.780760e-04,1.718317e-02
2.344911e-02,1.673444e-03,1.078967e-03,1.765589e-03,7.015982e-01,7.883334e-02,1.243140e-02,5.567205e-02,1.123146e-02,3.632066e-03,3.103925e-02,5.011075e-02,1.052871e-02,4.121893e-03,1.283377e-02
1.781520e-02,1.380248e-03,8.699217e-04,1.380193e-03,5.867495e-01,1.401179e-01,9.857052e-03,3.943686e-02,8.078241e-03,4.322823e-03,5.593216e-02,1.102623e-01,8.331559e-03,6.311664e-03,9.154344e-03
1.424844e-02,1.100612e-03,7.103053e-04,1.081002e-03,4.239964e-01,2.723118e-01,7.242801e-03,2.772572e-02,5.784227e-03,4.220875e-03,8.868217e-02,1.325994e-01,7.994303e-03,5.829432e-03,6.472546e-03
1.361185e-02,9.543686e-04,6.757027e-04,8.504108e-04,3.156460e-01,3.635287e-01,6.298789e-03,1.959380e-02,4.203865e-03,3.779147e-03,9.433970e-02,1.602711e-01,6.744277e-03,4.873665e-03,4.628687e-03
1.015838e-02,1.124761e-03,7.035277e-04,6.925148e-04,2.244419e-01,4.851223e-01,4.646724e-03,1.387533e-02,3.127074e-03,3.656635e-03,7.887363e-02,1.603912e-01,5.847560e-03,3.980412e-03,3.358058e-03
7.357187e-03,1.014269e-03,6.718038e-04,5.165533e-04,1.575138e-01,5.246457e-01,3.321718e-03,9.839294e-03,2.303140e-03,2.719270e-03,6.676076e-02,2.133817e-01,4.609962e-03,2.933738e-03,2.411125e-03
5.746648e-03,9.412784e-04,8.011253e-04,4.457662e-04,1.105017e-01,4.295090e-01,2.467148e-03,7.160355e-03,2.118579e-03,2.101380e-03,5.844876e-02,3.721903e-01,3.615404e-03,2.119286e-03,1.833260e-03
6.328349e-03,3.082751e-03,2.353974e-03,9.011832e-04,8.067688e-02,3.149572e-01,2.366940e-03,5.969472e-03,4.312995e-03,1.636439e-03,6.862655e-02,5.026640e-01,2.697495e-03,1.540769e-03,1.885104e-03
8.616358e-03,5.932191e-03,3.522037e-03,2.225451e-03,8.081458e-02,2.240999e-01,3.466761e-03,6.293375e-03,3.502837e-02,1.196291e-03,6.300125e-02,5.606756e-01,2.183490e-03,1.129849e-03,1.814540e-03
7.575656e-03,7.847017e-03,7.119456e-03,2.666678e-03,7.136482e-02,1.600215e-01,3.313102e-03,1.135721e-02,5.280688e-02,1.011747e-03,5.099099e-02,6.192746e-01,2.095648e-03,9.509468e-04,1.603801e-03
5.821005e-03,8.104284e-03,8.425559e-03,2.816053e-03,5.379138e-02,1.129962e-01,2.538077e-03,1.328302e-02,6.982645e-02,1.022178e-03,4.273237e-02,6.743916e-01,2.193878e-03,7.967310e-04,1.261307e-03
6.075296e-03,1.186803e-02,8.935396e-03,3.594503e-03,4.143145e-02,7.994726e-02,1.939397e-03,1.216801e-02,8.910370e-02,2.170498e-03,4.592393e-02,6.920480e-01,2.456951e-03,1.143020e-03,1.194641e-03
7.568870e-03,1.517137e-02,1.268196e-02,9.042563e-03,4.729085e-02,5.909687e-02,1.654669e-03,1.516835e-02,1.033034e-01,4.409699e-03,6.149306e-02,6.556153e-01,3.298501e-03,2.529920e-03,1.674553e-03
1.125887e-02,1.757398e-02,1.376000e-02,1.112691e-02,7.763603e-02,4.361822e-02,2.126042e-03,2.063531e-02,1.267432e-01,5.145817e-03,8.564403e-02,5.749780e-01,4.349394e-03,3.505956e-03,1.898316e-03
1.625220e-02,2.643474e-02,1.121536e-02,1.181632e-02,1.069229e-01,3.379796e-02,2.443756e-03,5.135738e-02,2.389230e-01,4.984219e-03,6.991479e-02,4.138875e-01,4.536405e-03,4.699570e-03,2.813831e-03
2.018338e-02,3.840581e-02,1.057193e-02,1.114749e-02,1.183428e-01,4.284980e-02,2.804341e-03,9.932049e-02,2.778924e-01,5.411883e-03,5.913445e-02,2.952806e-01,8.359523e-03,6.223806e-03,4.071352e-03
3.515905e-02,3.939923e-02,1.456111e-02,2.408965e-02,1.206578e-01,3.855194e-02,3.901938e-03,1.398934e-01,2.747645e-01,7.370556e-03,5.030627e-02,2.181516e-01,1.855198e-02,7.335794e-03,7.305141e-03
1.178108e-01,3.534393e-02,1.379373e-02,2.239199e-02,1.068336e-01,3.528415e-02,4.996340e-03,1.358234e-01,2.455467e-01,7.079495e-03,5.083466e-02,1.696240e-01,3.026679e-02,1.078755e-02,1.358292e-02
1.498752e-01,2.844069e-02,1.137961e-02,2.050623e-02,1.136388e-01,4.093625e-02,5.551828e-03,1.428317e-01,2.095786e-01,6.520365e-03,5.801789e-02,1.395108e-01,4.566157e-02,1.052916e-02,1.702135e-02
2.299628e-01,2.202824e-02,9.298097e-03,2.103790e-02,1.459885e-01,3.851576e-02,8.492460e-03,1.328079e-01,1.636946e-01,5.035879e-03,4.852486e-02,1.024077e-01,4.575387e-02,9.430192e-03,1.702127e-02
3.165845e-01,2.095878e-02,9.904577e-03,3.576506e-02,1.203898e-01,3.844138e-02,7.983858e-03,1.225756e-01,1.423329e-01,4.360883e-03,3.569620e-02,7.847593e-02,3.807921e-02,7.502932e-03,2.094845e-02
3.967073e-01,2.110757e-02,8.300584e-03,3.187178e-02,1.039336e-01,3.534075e-02,7.666817e-03,1.170227e-01,1.282667e-01,3.700792e-03,2.718524e-02,6.207823e-02,2.959150e-02,7.443259e-03,1.978321e-02
3.747916e-01,2.526849e-02,1.027819e-02,3.582814e-02,1.117614e-01,3.212659e-02,8.527704e-03,1.501605e-01,1.227973e-01,4.210753e-03,2.103329e-02,4.880130e-02,2.297806e-02,6.324843e-03,2.511190e-02
3.426215e-01,2.243922e-02,8.645541e-03,2.768589e-02,1.289369e-01,3.492248e-02,8.612840e-03,2.127459e-01,1.072998e-01,3.770219e-03,1.637787e-02,3.870890e-02,1.750856e-02,7.118203e-03,2.260612e-02
3.169895e-01,2.346893e-02,1.580179e-02,2.499155e-02,1.101422e-01,4.554812e-02,9.126761e-03,2.020782e-01,1.191810e-01,1.736074e-02,1.368866e-02,2.977561e-02,1.507857e-02,7.666310e-03,4.910212e-02
2.968759e-01,2.559817e-02,3.428842e-02,2.484060e-02,8.554373e-02,3.847352e-02,7.222713e-03,2.130979e-01,1.392123e-01,2.375922e-02,1.174872e-02,2.197520e-02,1.239398e-02,7.446121e-03,5.752362e-02
3.084578e-01,2.449597e-02,3.392441e-02,2.154522e-02,6.491046e-02,2.943377e-02,5.641826e-03,2.054312e-01,1.591408e-01,3.446958e-02,9.693942e-03,1.581010e-02,1.075241e-02,8.128927e-03,6.816371e-02
3.326710e-01,3.685136e-02,3.294078e-02,1.922195e-02,5.414529e-02,2.417825e-02,4.954907e-03,1.906221e-01,1.634388e-01,2.784207e-02,9.490721e-03,1.146996e-02,1.161110e-02,1.039052e-02,7.017129e-02
3.191190e-01,3.190083e-02,2.819101e-02,1.774777e-02,4.368255e-02,1.965536e-02,4.289275e-03,1.404829e-01,1.787577e-01,2.428298e-02,1.154789e-02,9.658602e-03,2.422486e-02,1.713319e-02,1.293260e-01
2.488537e-01,2.861754e-02,3.974797e-02,2.171896e-02,3.205907e-02,1.514554e-02,4.146609e-03,9.928178e-02,1.946115e-01,2.316669e-02,1.041987e-02,1.043044e-02,1.863253e-02,3.824104e-02,2.149267e-01
2.050591e-01,2.481592e-02,3.367051e-02,2.408243e-02,2.471808e-02,2.217108e-02,5.228064e-03,7.010416e-02,1.479677e-01,1.881270e-02,2.284884e-02,6.905476e-02,6.054932e-02,8.235390e-02,1.885635e-01
1.838972e-01,1.946505e-02,2.544442e-02,2.523750e-02,1.887425e-02,1.921449e-02,4.851142e-03,4.937155e-02,1.141084e-01,2.486775e-02,3.651405e-02,1.040933e-01,8.006079e-02,1.449315e-01,1.490686e-01
2.187885e-01,1.465768e-02,1.842333e-02,1.930327e-02,1.450288e-02,1.638337e-02,4.846444e-03,3.509590e-02,8.740170e-02,2.164853e-02,3.840073e-02,1.486298e-01,1.068464e-01,1.392766e-01,1.157949e-01
2.305399e-01,1.089681e-02,1.366936e-02,1.472771e-02,1.434057e-02,2.096892e-02,4.718056e-03,2.580337e-02,7.015751e-02,1.662139e-02,4.759499e-02,1.704465e-01,1.675607e-01,1.040847e-01,8.786945e-02
1.691559e-01,7.786048e-03,9.825042e-03,1.041333e-02,1.149576e-02,3.200844e-02,5.030391e-03,1.880506e-02,5.029245e-02,1.240167e-02,3.621696e-02,3.636503e-01,1.350572e-01,7.541528e-02,6.244613e-02
1.263134e-01,7.239069e-03,7.262429e-03,7.767675e-03,1.088213e-02,4.864019e-02,4.416167e-03,1.536831e-02,4.302104e-02,1.154714e-02,2.999831e-02,4.653929e-01,1.201013e-01,5.680513e-02,4.524479e-02
1.008781e-01,7.909212e-03,5.483648e-03,5.642317e-03,9.111891e-03,4.338523e-02,3.962106e-03,1.238015e-02,3.947764e-02,1.314687e-02,3.582408e-02,5.280746e-01,1.039903e-01,5.515588e-02,3.557795e-02
7.696085e-02,1.082294e-02,4.101524e-03,4.185934e-03,1.070002e-02,5.382539e-02,3.240652e-03,1.048954e-02,7.218902e-02,1.571718e-02,3.284035e-02,5.481961e-01,9.110706e-02,4.006702e-02,2.555650e-02
5.841096e-02,1.230532e-02,4.230270e-03,4.368797e-03,3.797130e-02,1.039134e-01,4.291084e-03,1.006719e-02,1.058610e-01,1.511431e-02,4.852934e-02,4.727669e-01,7.478439e-02,2.883288e-02,1.855292e-02
4.474100e-02,1.095524e-02,6.082341e-03,4.027723e-03,5.168748e-02,9.866123e-02,9.149519e-03,2.058454e-02,1.387622e-01,1.420644e-02,4.387650e-02,4.635218e-01,5.852404e-02,2.178568e-02,1.343433e-02
3.315692e-02,9.475471e-03,7.339504e-03,3.224233e-03,3.873153e-02,8.237764e-02,8.040909e-03,7.054380e-02,1.156895e-01,1.164462e-02,3.499196e-02,5.099423e-01,4.758626e-02,1.747106e-02,9.784352e-03
3.182431e-02,8.293234e-03,1.562933e-02,3.569899e-03,4.405227e-02,7.303032e-02,3.658320e-02,1.463209e-01,1.098896e-01,9.903231e-03,2.884756e-02,4.303754e-01,4.104267e-02,1.328554e-02,7.352586e-03
2.570022e-02,2.042273e-02,1.556674e-02,1.430721e-02,4.376314e-02,1.056326e-01,3.262936e-02,1.309893e-01,2.040843e-01,1.007683e-02,2.152420e-02,3.169884e-01,4.068771e-02,9.621426e-03,8.005847e-03
2.093269e-02,2.225852e-02,1.617929e-02,1.985339e-02,4.093702e-02,1.468030e-01,2.909861e-02,1.019057e-01,3.049791e-01,8.852617e-03,1.627522e-02,2.233408e-01,3.441637e-02,6.842646e-03,7.325095e-03
1.987100e-02,2.277101e-02,2.967004e-02,7.206386e-02,3.263833e-02,1.456450e-01,2.178182e-02,7.858225e-02,3.295468e-01,1.801928e-02,1.888965e-02,1.579838e-01,3.005349e-02,4.912214e-03,1.757157e-02
2.971001e-02,1.999412e-02,2.274691e-02,6.638289e-02,4.169675e-02,1.470867e-01,2.090271e-02,1.031780e-01,3.688713e-01,1.314526e-02,1.483173e-02,1.113571e-01,2.247580e-02,3.700365e-03,1.392034e-02
3.650386e-02,1.502664e-02,1.833423e-02,7.272349e-02,4.178930e-02,1.745078e-01,1.784857e-02,1.936540e-01,2.943291e-01,1.143695e-02,1.243756e-02,7.902479e-02,1.711695e-02,2.848186e-03,1.241863e-02
2.861966e-02,1.060916e-02,1.316453e-02,5.130320e-02,3.047910e-02,1.259765e-01,1.285878e-02,4.247804e-01,2.071788e-01,8.029772e-03,8.878738e-03,5.535753e-02,1.204517e-02,1.997514e-03,8.721130e-03
2.097026e-02,7.449531e-03,9.296361e-03,3.600032e-02,2.249791e-02,9.102122e-02,9.129699e-03,5.917149e-01,1.452329e-01,5.624472e-03,6.321130e-03,3.876099e-02,8.469815e-03,1.400016e-03,6.110499e-03
1.569751e-02,5.254098e-03,6.581664e-03,2.530584e-02,1.597591e-02,6.398176e-02,6.407464e-03,7.122862e-01,1.017001e-01,3.945441e-03,4.474056e-03,2.715224e-02,5.964012e-03,9.840087e-04,4.289660e-03
1.397002e-02,3.774947e-03,5.117698e-03,1.921737e-02,1.134470e-02,4.799398e-02,4.522076e-03,7.181898e-01,7.130837e-02,2.946011e-03,1.000971e-02,5.767997e-02,2.966764e-02,1.077180e-03,3.180476e-03
1.219276e-02,2.683209e-03,3.877474e-03,1.455007e-02,8.080755e-03,3.538221e-02,3.229025e-03,6.277037e-01,5.011975e-02,2.322653e-03,2.625877e-02,8.927686e-02,1.210181e-01,8.820522e-04,2.422657e-03
1.468796e-02,1.947968e-03,3.755178e-03,1.255541e-02,6.110844e-03,2.619695e-02,2.390065e-03,5.184235e-01,3.580886e-02,2.150328e-03,3.846021e-02,1.269807e-01,2.065695e-01,1.003954e-03,2.958508e-03
1.183067e-02,1.506923e-03,3.865687e-03,1.115093e-02,5.032062e-03,1.937885e-02,1.798111e-03,4.184492e-01,2.654674e-02,2.345592e-03,6.065170e-02,1.139691e-01,3.168462e-01,1.230645e-03,5.397541e-03
