1.000000e+00,0.000000e+00,0.000000e+00,0.000000e+00,0.000000e+00,0.000000e+00,0.000000e+00,0.000000e+00,0.000000e+00,0.000000e+00,0.000000e+00,0.000000e+00,0.000000e+00,0.000000e+00,0.000000e+00
1.000000e+00,0.000000e+00,0.000000e+00,0.000000e+00,0.000000e+00,0.000000e+00,0.000000e+00,0.000000e+00,0.000000e+00,0.000000e+00,0.000000e+00,0.000000e+00,0.000000e+00,0.000000e+00,0.000000e+00
1.000000e+00,0.000000e+00,0.000000e+00,0.000000e+00,0.000000e+00,0.000000e+00,0.000000e+00,0.000000e+00,0.000000e+00,0.000000e+00,0.000000e+00,0.000000e+00,0.000000e+00,0.000000e+00,0.000000e+00
1.000000e+00,0.000000e+00,0.000000e+00,0.000000e+00,0.000000e+00,0.000000e+00,0.000000e+00,0.000000e+00,0.000000e+00,0.000000e+00,0.000000e+00,0.000000e+00,0.000000e+00,0.000000e+00,0.000000e+00
1.000000e+00,0.000000e+00,0.000000e+00,0.000000e+00,0.000000e+00,0.000000e+00,0.000000e+00,0.000000e+00,0.000000e+00,0.000000e+00,0.000000e+00,0.000000e+00,0.000000e+00,0.000000e+00,0.000000e+00
1.000000e+00,0.000000e+00,0.000000e+00,0.000000e+00,0.000000e+00,0.000000e+00,0.000000e+00,0.000000e+00,0.000000e+00,0.000000e+00,0.000000e+00,0.000000e+00,0.000000e+00,0.000000e+00,0.000000e+00
1.000000e+00,0.000000e+00,0.000000e+00,0.000000e+00,0.000000e+00,0.000000e+00,0.000000e+00,0.000000e+00,0.000000e+00,0.000000e+00,0.000000e+00,0.000000e+00,0.000000e+00,0.000000e+00,0.000000e+00
1.000000e+00,0.000000e+00,0.000000e+00,0.000000e+00,0.000000e+00,0.000000e+00,0.000000e+00,0.000000e+00,0.000000e+00,0.000000e+00,0.000000e+00,0.000000e+00,0.000000e+00,0.000000e+00,0.000000e+00
1.000000e+00,0.000000e+00,0.000000e+00,0.000000e+00,0.000000e+00,0.000000e+00,0.000000e+00,0.000000e+00,0.000000e+00,0.000000e+00,0.000000e+00,0.000000e+00,0.000000e+00,0.000000e+00,0.000000e+00
1.000000e+00,0.000000e+00,0.000000e+00,0.000000e+00,0.000000e+00,0.000000e+00,0.000000e+00,0.000000e+00,0.000000e+00,0.000000e+00,0.000000e+00,0.000000e+00,0.000000e+00,0.000000e+00,0.000000e+00
1.000000e+00,0.000000e+00,0.000000e+00,0.000000e+00,0.000000e+00,0.000000e+00,0.000000e+00,0.000000e+00,0.000000e+00,0.000000e+00,0.000000e+00,0.000000e+00,0.000000e+00,0.000000e+00,0.000000e+00
1.000000e+00,0.000000e+00,0.000000e+00,0.000000e+00,0.000000e+00,0.000000e+00,0.000000e+00,0.000000e+00,0.000000e+00,0.000000e+00,0.000000e+00,0.000000e+00,0.000000e+00,0.000000e+00,0.000000e+00
1.000000e+00,0.000000e+00,0.000000e+00,0.000000e+00,0.000000e+00,0.000000e+00,0.000000e+00,0.000000e+00,0.000000e+00,0.000000e+00,0.000000e+00,0.000000e+00,0.000000e+00,0.000000e+00,0.000000e+00
1.000000e+00,0.000000e+00,0.000000e+00,0.000000e+00,0.000000e+00,0.000000e+00,0.000000e+00,0.000000e+00,0.000000e+00,0.000000e+00,0.000000e+00,0.000000e+00,0.000000e+00,0.000000e+00,0.000000e+00
1.000000e+00,0.000000e+00,0.000000e+00,0.000000e+00,0.000000e+00,0.000000e+00,0.000000e+00,0.000000e+00,0.000000e+00,0.000000e+00,0.000000e+00,0.000000e+00,0.000000e+00,0.000000e+00,0.000000e+00
1.000000e+00,0.000000e+00,0.000000e+00,0.000000e+00,0.000000e+00,0.000000e+00,0.000000e+00,0.000000e+00,0.000000e+00,0.000000e+00,0.000000e+00,0.000000e+00,0.000000e+00,0.000000e+00,0.000000e+00
1.000000e+00,0.000000e+00,0.000000e+00,0.000000e+00,0.000000e+00,0.000000e+00,0.000000e+00,0.000000e+00,0.000000e+00,0.000000e+00,0.000000e+00,0.000000e+00,0.000000e+00,0.000000e+00,0.000000e+00
1.000000e+00,0.000000e+00,0.000000e+00,0.000000e+00,0.000000e+00,0.000000e+00,0.000000e+00,0.000000e+00,0.000000e+00,0.000000e+00,0.000000e+00,0.000000e+00,0.000000e+00,0.000000e+00,0.000000e+00
1.000000e+00,0.000000e+00,0.000000e+00,0.000000e+00,0.000000e+00,0.000000e+00,0.000000e+00,0.000000e+00,0.000000e+00,0.000000e+00,0.000000e+00,0.000000e+00,0.000000e+00,0.000000e+00,0.000000e+00
1.000000e+00,0.000000e+00,0.000000e+00,0.000000e+00,0.000000e+00,0.000000e+00,0.000000e+00,0.000000e+00,0.000000e+00,0.000000e+00,0.000000e+00,0.000000e+00,0.000000e+00,0.000000e+00,0.000000e+00
1.000000e+00,0.000000e+00,0.000000e+00,0.000000e+00,0.000000e+00,0.000000e+00,0.000000e+00,0.000000e+00,0.000000e+00,0.000000e+00,0.000000e+00,0.000000e+00,0.000000e+00,0.000000e+00,0.000000e+00
1.000000e+00,0.000000e+00,0.000000e+00,0.000000e+00,0.000000e+00,0.000000e+00,0.000000e+00,0.000000e+00,0.000000e+00,0.000000e+00,0.000000e+00,0.000000e+00,0.000000e+00,0.000000e+00,0.000000e+00
1.000000e+00,0.000000e+00,0.000000e+00,0.000000e+00,0.000000e+00,0.000000e+00,0.000000e+00,0.000000e+00,0.000000e+00,0.000000e+00,0.000000e+00,0.000000e+00,0.000000e+00,0.000000e+00,0.000000e+00
1.000000e+00,0.000000e+00,0.000000e+00,0.000000e+00,0.000000e+00,0.000000e+00,0.000000e+00,0.000000e+00,0.000000e+00,0.000000e+00,0.000000e+00,0.000000e+00,0.000000e+00,0.000000e+00,0.000000e+00
1.000000e+00,0.000000e+00,0.000000e+00,0.000000e+00,0.000000e+00,0.000000e+00,0.000000e+00,0.000000e+00,0.000000e+00,0.000000e+00,0.000000e+00,0.000000e+00,0.000000e+00,0.000000e+00,0.000000e+00
1.000000e+00,0.000000e+00,0.000000e+00,0.000000e+00,0.000000e+00,0.000000e+00,0.000000e+00,0.000000e+00,0.000000e+00,0.000000e+00,0.000000e+00,0.000000e+00,0.000000e+00,0.000000e+00,0.000000e+00
1.000000e+00,0.000000e+00,0.000000e+00,0.000000e+00,0.000000e+00,0.000000e+00,0.000000e+00,0.000000e+00,0.000000e+00,0.000000e+00,0.000000e+00,0.000000e+00,0.000000e+00,0.000000e+00,0.000000e+00
1.000000e+00,0.000000e+00,0.000000e+00,0.000000e+00,0.000000e+00,0.000000e+00,0.000000e+00,0.000000e+00,0.000000e+00,0.000000e+00,0.000000e+00,0.000000e+00,0.000000e+00,0.000000e+00,0.000000e+00
1.000000e+00,0.000000e+00,0.000000e+00,0.000000e+00,0.000000e+00,0.000000e+00,0.000000e+00,0.000000e+00,0.000000e+00,0.000000e+00,0.000000e+00,0.000000e+00,0.000000e+00,0.000000e+00,0.000000e+00
1.000000e+00,0.000000e+00,0.000000e+00,0.000000e+00,0.000000e+00,0.000000e+00,0.000000e+00,0.000000e+00,0.000000e+00,0.000000e+00,0.000000e+00,0.000000e+00,0.000000e+00,0.000000e+00,0.000000e+00
1.000000e+00,0.000000e+00,0.000000e+00,0.000000e+00,0.000000e+00,0.000000e+00,0.000000e+00,0.000000e+00,0.000000e+00,0.000000e+00,0.000000e+00,0.000000e+00,0.000000e+00,0.000000e+00,0.000000e+00
1.000000e+00,0.000000e+00,0.000000e+00,0.000000e+00,0.000000e+00,0.000000e+00,0.000000e+00,0.000000e+00,0.000000e+00,0.000000e+00,0.000000e+00,0.000000e+00,0.000000e+00,0.000000e+00,0.000000e+00
1.000000e+00,0.000000e+00,0.000000e+00,0.000000e+00,0.000000e+00,0.000000e+00,0.000000e+00,0.000000e+00,0.000000e+00,0.000000e+00,0.000000e+00,0.000000e+00,0.000000e+00,0.000000e+00,0.000000e+00
1.000000e+00,0.000000e+00,0.000000e+00,0.000000e+00,0.000000e+00,0.000000e+00,0.000000e+00,0.000000e+00,0.000000e+00,0.000000e+00,0.000000e+00,0.000000e+00,0.000000e+00,0.000000e+00,0.000000e+00
1.000000e+00,0.000000e+00,0.000000e+00,0.000000e+00,0.000000e+00,0.000000e+00,0.000000e+00,0.000000e+00,0.000000e+00,0.000000e+00,0.000000e+00,0.000000e+00,0.000000e+00,0.000000e+00,0.000000e+00
1.000000e+00,0.000000e+00,0.000000e+00,0.000000e+00,0.000000e+00,0.000000e+00,0.000000e+00,0.000000e+00,0.000000e+00,0.000000e+00,0.000000e+00,0.000000e+00,0.000000e+00,0.000000e+00,0.000000e+00
1.000000e+00,0.000000e+00,0.000000e+00,0.000000e+00,0.000000e+00,0.000000e+00,0.000000e+00,0.000000e+00,0.000000e+00,0.000000e+00,0.000000e+00,0.000000e+00,0.000000e+00,0.000000e+00,0.000000e+00
1.000000e+00,0.000000e+00,0.000000e+00,0.000000e+00,0.000000e+00,0.000000e+00,0.000000e+00,0.000000e+00,0.000000e+00,0.000000e+00,0.000000e+00,0.000000e+00,0.000000e+00,0.000000e+00,0.000000e+00
1.000000e+00,0.000000e+00,0.000000e+00,0.000000e+00,0.000000e+00,0.000000e+00,0.000000e+00,0.000000e+00,0.000000e+00,0.000000e+00,0.000000e+00,0.000000e+00,0.000000e+00,0.000000e+00,0.000000e+00
1.000000e+00,0.000000e+00,0.000000e+00,0.000000e+00,0.000000e+00,0.000000e+00,0.000000e+00,0.000000e+00,0.000000e+00,0.000000e+00,0.000000e+00,0.000000e+00,0.000000e+00,0.000000e+00,0.000000e+00
1.000000e+00,0.000000e+00,0.000000e+00,0.000000e+00,0.000000e+00,0.000000e+00,0.000000e+00,0.000000e+00,0.000000e+00,0.000000e+00,0.000000e+00,0.000000e+00,0.000000e+00,0.000000e+00,0.000000e+00
1.000000e+00,0.000000e+00,0.000000e+00,0.000000e+00,0.000000e+00,0.000000e+00,0.000000e+00,0.000000e+00,0.000000e+00,0.000000e+00,0.000000e+00,0.000000e+00,0.000000e+00,0.000000e+00,0.000000e+00
1.000000e+00,0.000000e+00,0.000000e+00,0.000000e+00,0.000000e+00,0.000000e+00,0.000000e+00,0.000000e+00,0.000000e+00,0.000000e+00,0.000000e+00,0.000000e+00,0.000000e+00,0.000000e+00,0.000000e+00
1.000000e+00,0.000000e+00,0.000000e+00,0.000000e+00,0.000000e+00,0.000000e+00,0.000000e+00,0.000000e+00,0.000000e+00,0.000000e+00,0.000000e+00,0.000000e+00,0.000000e+00,0.000000e+00,0.000000e+00
1.000000e+00,0.000000e+00,0.000000e+00,0.000000e+00,0.000000e+00,0.000000e+00,0.000000e+00,0.000000e+00,0.000000e+00,0.000000e+00,0.000000e+00,0.000000e+00,0.000000e+00,0.000000e+00,0.000000e+00
1.000000e+00,0.000000e+00,0.000000e+00,0.000000e+00,0.000000e+00,0.000000e+00,0.000000e+00,0.000000e+00,0.000000e+00,0.000000e+00,0.000000e+00,0.000000e+00,0.000000e+00,0.000000e+00,0.000000e+00
1.000000e+00,0.000000e+00,0.000000e+00,0.000000e+00,0.000000e+00,0.000000e+00,0.000000e+00,0.000000e+00,0.000000e+00,0.000000e+00,0.000000e+00,0.000000e+00,0.000000e+00,0.000000e+00,0.000000e+00
4.269835e-01,4.701662e-02,2.694006e-02,1.222478e-01,1.390844e-02,2.594965e-02,8.858880e-03,1.677237e-02,2.339889e-02,6.267130e-03,7.118139e-02,1.179507e-01,3.212330e-02,1.589958e-02,4.450164e-02
3.773267e-01,5.505228e-02,2.381603e-02,1.354282e-01,1.655049e-02,2.701632e-02,8.642687e-03,1.584188e-02,2.971605e-02,6.559509e-03,6.859554e-02,1.235230e-01,4.011847e-02,1.897422e-02,5.283865e-02
3.323344e-01,5.563352e-02,3.073941e-02,1.387444e-01,1.940275e-02,3.181358e-02,1.289782e-02,2.664616e-02,2.964241e-02,6.209934e-03,6.554726e-02,1.356909e-01,4.581621e-02,1.788620e-02,5.099494e-02
3.960645e-01,5.417278e-02,2.498870e-02,1.266556e-01,2.321766e-02,3.518784e-02,1.341806e-02,2.346623e-02,2.938763e-02,5.649650e-03,5.000079e-02,1.152320e-01,4.363960e-02,1.399356e-02,4.492542e-02
3.487627e-01,5.821100e-02,4.019690e-02,1.828021e-01,2.821785e-02,3.489220e-02,1.486005e-02,3.534577e-02,2.771330e-02,4.399620e-03,4.179036e-02,9.487426e-02,3.655075e-02,1.105942e-02,4.032377e-02
4.134084e-01,5.510844e-02,3.159273e-02,1.568663e-01,2.873893e-02,3.626394e-02,1.368661e-02,2.805055e-02,2.763354e-02,4.023684e-03,3.287767e-02,8.479716e-02,3.877638e-02,9.492847e-03,3.868284e-02
4.728995e-01,5.092768e-02,2.502635e-02,1.327317e-01,2.736367e-02,3.730890e-02,1.336684e-02,2.260361e-02,2.542799e-02,3.709805e-03,2.574175e-02,7.688518e-02,4.104562e-02,8.072783e-03,3.688865e-02
4.695789e-01,4.464130e-02,2.302822e-02,1.205773e-01,2.815674e-02,5.285339e-02,1.772606e-02,3.021073e-02,2.201141e-02,3.086621e-03,2.228367e-02,8.014460e-02,4.671153e-02,6.682885e-03,3.230664e-02
4.738176e-01,4.262552e-02,2.496196e-02,1.096881e-01,2.480083e-02,5.505240e-02,1.561923e-02,3.170735e-02,1.981257e-02,3.243861e-03,2.215642e-02,8.224756e-02,5.103029e-02,6.970097e-03,3.626622e-02
1.000000e+00,0.000000e+00,0.000000e+00,0.000000e+00,0.000000e+00,0.000000e+00,0.000000e+00,0.000000e+00,0.000000e+00,0.000000e+00,0.000000e+00,0.000000e+00,0.000000e+00,0.000000e+00,0.000000e+00
1.000000e+00,0.000000e+00,0.000000e+00,0.000000e+00,0.000000e+00,0.000000e+00,0.000000e+00,0.000000e+00,0.000000e+00,0.000000e+00,0.000000e+00,0.000000e+00,0.000000e+00,0.000000e+00,0.000000e+00
1.000000e+00,0.000000e+00,0.000000e+00,0.000000e+00,0.000000e+00,0.000000e+00,0.000000e+00,0.000000e+00,0.000000e+00,0.000000e+00,0.000000e+00,0.000000e+00,0.000000e+00,0.000000e+00,0.000000e+00
1.000000e+00,0.000000e+00,0.000000e+00,0.000000e+00,0.000000e+00,0.000000e+00,0.000000e+00,0.000000e+00,0.000000e+00,0.000000e+00,0.000000e+00,0.000000e+00,0.000000e+00,0.000000e+00,0.000000e+00
1.000000e+00,0.000000e+00,0.000000e+00,0.000000e+00,0.000000e+00,0.000000e+00,0.000000e+00,0.000000e+00,0.000000e+00,0.000000e+00,0.000000e+00,0.000000e+00,0.000000e+00,0.000000e+00,0.000000e+00
1.000000e+00,0.000000e+00,0.000000e+00,0.000000e+00,0.000000e+00,0.000000e+00,0.000000e+00,0.000000e+00,0.000000e+00,0.000000e+00,0.000000e+00,0.000000e+00,0.000000e+00,0.000000e+00,0.000000e+00
1.000000e+00,0.000000e+00,0.000000e+00,0.000000e+00,0.000000e+00,0.000000e+00,0.000000e+00,0.000000e+00,0.000000e+00,0.000000e+00,0.000000e+00,0.000000e+00,0.000000e+00,0.000000e+00,0.000000e+00
1.000000e+00,0.000000e+00,0.000000e+00,0.000000e+00,0.000000e+00,0.000000e+00,0.000000e+00,0.000000e+00,0.000000e+00,0.000000e+00,0.000000e+00,0.000000e+00,0.000000e+00,0.000000e+00,0.000000e+00
1.000000e+00,0.000000e+00,0.000000e+00,0.000000e+00,0.000000e+00,0.000000e+00,0.000000e+00,0.000000e+00,0.000000e+00,0.000000e+00,0.000000e+00,0.000000e+00,0.000000e+00,0.000000e+00,0.000000e+00
4.275778e-01,1.030252e-02,1.053842e-02,3.116199e-02,7.006152e-03,1.330310e-02,5.097065e-03,4.401734e-01,4.457845e-03,1.121911e-03,7.456557e-03,1.638628e-02,1.332378e-02,1.806317e-03,1.028688e-02
2.998759e-01,7.225637e-03,7.578517e-03,2.207372e-02,4.997336e-03,9.459225e-03,3.729601e-03,6.064677e-01,3.132956e-03,7.872414e-04,5.271205e-03,1.150471e-02,9.393591e-03,1.274818e-03,7.227896e-03
2.100707e-01,5.072623e-03,5.538721e-03,1.570147e-02,3.593120e-03,6.859607e-03,2.681077e-03,7.231647e-01,2.198861e-03,5.516026e-04,3.828333e-03,8.066515e-03,6.610970e-03,9.901770e-04,5.071534e-03
1.471288e-01,3.567514e-03,4.229032e-03,1.139181e-02,2.609679e-03,4.866528e-03,1.902995e-03,8.043463e-01,1.545072e-03,3.877382e-04,3.158658e-03,5.675117e-03,4.713987e-03,9.206074e-04,3.556093e-03
1.030261e-01,2.513047e-03,3.074607e-03,8.071272e-03,2.447405e-03,3.816329e-03,4.503037e-03,8.570642e-01,1.088466e-03,2.778572e-04,2.565332e-03,4.115843e-03,4.171983e-03,7.491458e-04,2.515280e-03
7.276221e-02,1.959386e-03,2.976628e-03,6.025990e-03,1.649934e-02,6.716000e-03,1.329653e-02,8.597437e-01,8.185097e-04,2.586397e-04,3.028132e-03,3.901495e-03,9.339857e-03,7.732811e-04,1.900249e-03
5.145335e-02,1.538788e-03,2.399280e-03,4.395166e-03,3.562092e-02,9.526700e-03,1.518068e-02,8.473690e-01,6.333310e-04,3.155477e-04,2.946551e-03,3.761286e-03,2.142466e-02,9.527591e-04,2.482012e-03
3.859860e-02,1.302817e-03,2.234412e-03,3.338175e-03,1.117984e-01,2.224520e-02,1.163965e-02,7.416316e-01,5.672578e-04,1.745048e-03,4.988505e-03,3.198106e-03,2.777235e-02,1.032269e-03,2.790757e-02
2.826655e-02,1.158870e-03,2.344533e-03,2.472218e-03,1.687237e-01,2.735439e-02,8.494334e-03,5.512463e-01,4.270044e-04,1.983949e-03,5.285760e-03,3.208284e-03,3.380539e-02,1.221170e-03,1.640075e-01
2.060919e-02,9.347717e-04,2.328479e-03,1.782105e-03,1.291772e-01,5.031598e-02,7.279136e-03,3.878790e-01,3.605903e-04,1.915430e-02,7.293744e-03,1.009527e-02,6.847398e-02,1.034495e-02,2.839713e-01
1.457521e-02,6.710584e-04,1.659858e-03,1.277903e-03,9.196307e-02,4.741629e-02,5.168655e-03,2.715639e-01,4.615337e-04,1.774338e-02,9.341649e-03,1.003210e-02,9.288108e-02,1.436773e-02,4.208766e-01
1.073034e-02,5.051077e-04,1.235398e-03,1.577955e-03,6.805413e-02,1.051804e-01,4.081125e-03,1.901641e-01,5.861949e-04,1.164734e-01,1.175598e-02,3.837126e-02,1.036269e-01,1.298181e-02,3.346758e-01
7.902307e-03,3.865034e-04,9.088641e-04,1.244905e-03,4.785736e-02,1.203014e-01,3.043486e-03,1.331267e-01,5.583627e-04,1.660798e-01,1.166746e-02,1.374075e-01,1.016662e-01,1.135049e-02,2.564986e-01
5.674561e-03,3.017058e-04,6.765928e-04,9.471097e-04,3.357691e-02,1.035649e-01,2.175013e-03,9.319139e-02,5.013328e-04,1.968931e-01,1.260179e-02,2.219557e-01,1.238381e-01,1.034494e-02,1.937569e-01
4.163411e-03,2.364719e-04,5.065883e-04,7.805614e-04,2.360400e-02,7.316089e-02,1.609676e-03,6.526079e-02,1.069438e-03,1.476626e-01,2.044300e-02,3.900606e-01,1.199380e-01,1.227419e-02,1.392298e-01
3.091999e-03,2.437663e-04,4.162874e-04,6.595734e-04,1.656778e-02,5.141752e-02,1.167695e-03,4.575060e-02,8.629417e-03,1.100901e-01,2.614961e-02,5.289993e-01,9.297806e-02,1.461980e-02,9.921839e-02
2.341920e-03,5.158822e-04,4.859854e-04,6.228635e-04,1.180793e-02,3.610551e-02,8.331544e-04,3.209238e-02,2.158800e-02,8.997757e-02,5.317309e-02,5.891524e-01,6.881861e-02,2.056674e-02,7.191792e-02
1.793603e-03,4.944956e-03,1.825096e-03,5.147140e-04,8.937682e-03,2.534908e-02,5.936876e-04,2.251713e-02,3.388010e-02,6.735296e-02,7.082766e-02,6.030455e-01,5.090089e-02,5.515284e-02,5.236406e-02
1.435703e-03,4.974820e-03,2.308208e-03,4.600557e-04,6.769262e-03,1.784562e-02,4.224409e-04,1.583654e-02,5.415121e-02,5.320913e-02,9.115201e-02,5.797581e-01,3.678709e-02,9.757151e-02,3.731833e-02
1.780214e-03,4.046914e-02,6.339080e-03,7.355964e-04,5.887356e-03,1.285292e-02,3.079685e-04,1.162447e-02,1.127686e-01,3.955507e-02,1.169651e-01,4.484829e-01,2.657134e-02,1.485841e-01,2.707623e-02
2.359004e-03,3.075852e-02,5.445201e-03,8.813997e-04,5.491660e-03,9.235454e-03,2.237558e-04,8.731037e-03,1.980966e-01,2.867923e-02,1.600121e-01,3.331103e-01,1.895493e-02,1.784971e-01,1.952372e-02
1.870009e-03,3.603930e-02,4.783033e-03,7.814103e-04,6.992683e-03,6.683014e-03,1.739914e-04,6.243720e-03,3.080502e-01,2.041153e-02,1.988708e-01,2.368278e-01,1.334757e-02,1.449686e-01,1.395638e-02
1.987014e-03,3.441939e-02,4.553949e-03,6.937739e-04,5.532209e-03,5.142119e-03,1.318149e-04,4.663532e-03,3.828811e-01,1.466279e-02,2.210721e-01,1.660734e-01,9.381827e-03,1.388627e-01,9.942236e-03
2.281069e-03,3.198872e-02,4.029949e-03,5.755726e-04,4.736955e-03,5.222392e-03,9.885540e-05,3.569349e-03,4.237609e-01,1.063944e-02,2.181176e-01,1.164266e-01,6.624832e-03,1.646331e-01,7.294696e-03
3.333623e-03,3.504878e-02,4.622675e-03,5.825285e-04,4.214062e-03,1.784088e-02,8.653528e-05,2.945909e-03,4.551598e-01,7.917666e-03,1.909727e-01,8.188751e-02,4.917874e-03,1.842784e-01,6.191056e-03
4.471267e-03,2.991702e-02,4.426673e-03,5.355821e-04,4.751987e-03,4.151899e-02,8.299330e-05,2.821144e-03,4.729862e-01,6.086241e-03,1.536583e-01,5.748396e-02,3.763610e-03,2.114761e-01,6.019995e-03
8.638562e-03,2.648161e-02,4.389216e-03,9.567940e-04,1.025358e-02,1.213329e-01,7.879581e-05,2.750049e-03,4.437653e-01,4.979898e-03,1.331586e-01,4.039560e-02,2.908000e-03,1.913715e-01,8.539603e-03
1.021574e-02,2.020034e-02,4.700490e-03,9.560925e-03,9.132965e-03,2.050478e-01,6.581299e-05,4.350561e-03,4.347655e-01,5.589090e-03,9.859806e-02,2.873378e-02,2.290557e-03,1.454956e-01,2.125275e-02
9.469846e-03,1.509288e-02,3.525593e-03,7.148987e-03,7.680445e-03,3.895089e-01,5.597030e-05,3.536962e-03,3.381503e-01,4.111638e-03,7.246494e-02,2.018273e-02,1.706929e-03,1.088022e-01,1.856161e-02
1.179816e-02,1.143312e-02,3.633259e-03,1.110996e-02,1.412176e-02,5.043325e-01,9.929715e-05,1.206159e-02,2.659875e-01,2.946861e-03,5.430248e-02,1.418518e-02,1.272851e-03,7.903226e-02,1.368323e-02
2.014332e-02,8.903093e-03,5.518053e-03,1.351070e-02,1.626910e-02,5.735260e-01,2.333330e-04,1.931720e-02,2.098396e-01,2.285222e-03,4.285399e-02,1.000922e-02,1.034240e-03,6.349528e-02,1.306163e-02
2.399684e-02,6.829120e-03,4.909362e-03,1.184856e-02,1.935321e-02,6.342831e-01,2.917970e-04,1.535117e-02,1.783878e-01,1.759154e-03,3.529255e-02,7.077302e-03,8.481708e-04,4.736945e-02,1.240236e-02
4.043846e-02,5.550620e-03,1.087187e-02,1.686860e-02,1.873882e-02,6.573998e-01,1.974149e-03,1.889344e-02,1.422075e-01,1.705639e-03,2.833770e-02,5.174910e-03,7.662901e-04,3.544137e-02,1.563082e-02
5.749693e-02,5.580558e-03,1.422204e-02,2.354559e-02,2.194178e-02,6.466933e-01,2.491665e-03,1.568182e-02,1.262267e-01,1.444303e-03,2.661334e-02,4.129331e-03,1.052972e-03,3.029634e-02,2.258329e-02
7.796942e-02,8.112798e-03,2.623684e-02,6.756998e-02,2.480632e-02,5.381826e-01,2.432850e-03,1.570933e-02,1.215906e-01,2.215167e-03,2.351282e-02,3.495435e-03,1.317325e-03,3.147603e-02,5.537249e-02
8.504318e-02,1.088202e-02,3.632993e-02,7.265780e-02,2.224983e-02,4.005801e-01,2.014395e-03,1.359488e-02,2.034729e-01,5.917863e-03,2.607882e-02,3.158235e-03,1.731046e-03,2.986751e-02,8.642153e-02
9.567143e-02,1.466148e-02,5.082864e-02,1.300615e-01,2.959150e-02,3.054028e-01,1.897663e-03,1.212416e-02,2.037134e-01,7.380466e-03,2.365173e-02,3.872982e-03,2.506446e-03,2.487364e-02,9.376221e-02
7.199567e-02,1.307527e-02,5.995946e-02,1.803998e-01,2.171115e-02,2.153353e-01,1.349210e-03,8.598681e-03,2.032777e-01,1.210292e-02,2.839259e-02,2.979552e-03,2.198537e-03,1.819235e-02,1.604319e-01
5.073003e-02,9.552259e-03,6.028489e-02,1.311481e-01,1.532808e-02,1.508922e-01,9.515779e-04,6.046292e-03,1.632311e-01,1.672599e-02,2.129880e-02,2.183049e-03,1.640770e-03,1.607968e-02,3.539071e-01
3.608610e-02,7.366844e-03,4.937338e-02,9.282913e-02,1.089910e-02,1.057828e-01,6.870658e-04,4.251454e-03,1.243350e-01,1.453598e-02,1.581688e-02,1.660044e-03,1.267032e-03,7.086985e-02,4.642393e-01
2.560518e-02,5.796940e-03,3.694158e-02,6.582318e-02,7.868788e-03,7.421031e-02,5.022523e-04,2.987575e-03,1.077218e-01,1.476530e-02,1.372369e-02,2.218094e-03,1.077627e-03,1.252974e-01,5.154603e-01
1.864214e-02,4.942201e-03,2.985193e-02,4.682735e-02,5.772778e-03,5.232025e-02,3.810379e-04,2.100231e-03,8.686323e-02,1.524690e-02,1.308115e-02,3.596834e-03,1.546160e-03,2.966558e-01,4.221720e-01
1.327136e-02,3.797781e-03,2.218947e-02,3.294629e-02,4.146779e-03,3.666864e-02,2.891611e-04,1.475349e-03,6.739751e-02,1.663151e-02,1.246891e-02,4.023416e-03,1.628305e-03,4.667127e-01,3.163528e-01
9.328432e-03,2.680261e-03,1.562162e-02,2.307365e-02,2.940461e-03,2.568046e-02,2.092915e-04,1.033993e-03,4.949845e-02,2.168015e-02,1.002591e-02,2.983299e-03,1.211580e-03,6.054261e-01,2.286063e-01
6.555286e-03,1.911541e-03,1.101733e-02,1.615419e-02,2.075417e-03,1.799127e-02,1.521803e-04,7.242061e-04,3.563583e-02,3.613272e-02,7.530557e-03,2.117611e-03,8.589127e-04,6.979251e-01,1.632179e-01
4.679475e-03,1.421028e-03,7.990026e-03,1.132728e-02,1.521326e-03,1.263521e-02,1.133644e-04,5.103711e-04,2.773735e-02,4.497024e-02,7.074307e-03,1.599755e-03,6.604893e-04,7.564541e-01,1.213057e-01
3.343311e-03,1.146509e-03,5.714929e-03,7.941186e-03,1.152544e-03,8.904779e-03,8.615010e-05,3.607133e-04,2.490960e-02,6.264146e-02,6.010733e-03,1.213034e-03,5.276353e-04,7.777361e-01,9.831139e-02
2.416730e-03,1.169140e-03,5.077916e-03,5.625266e-03,1.017925e-03,6.700368e-03,7.018482e-05,2.631686e-04,2.199613e-02,1.971583e-01,5.044541e-03,1.085138e-03,6.865774e-04,6.786036e-01,7.308503e-02
2.222348e-03,1.159524e-03,5.285341e-03,4.005077e-03,1.096097e-03,5.106572e-03,9.600769e-05,2.446243e-04,2.039210e-02,2.778313e-01,4.958889e-03,1.003118e-03,6.915979e-04,6.199870e-01,5.592044e-02
6.537388e-03,1.374784e-03,5.150526e-03,3.173789e-03,1.164662e-03,3.778427e-03,1.352446e-04,2.709562e-04,2.176505e-02,3.018175e-01,1.086726e-02,1.615394e-03,1.680840e-03,5.975390e-01,4.312922e-02
1.901945e-02,1.342123e-03,4.681151e-03,3.094620e-03,2.307199e-03,3.198133e-03,1.537460e-04,6.041797e-04,2.152986e-02,3.152062e-01,2.656371e-02,3.208746e-03,6.726451e-03,5.564317e-01,3.593273e-02
1.599183e-02,1.513792e-03,4.268433e-03,2.712257e-03,5.812215e-03,2.527880e-03,1.588699e-04,9.523130e-04,2.871075e-02,4.251431e-01,3.560469e-02,3.453225e-03,6.984095e-03,4.306917e-01,3.547476e-02
4.621377e-02,3.057396e-03,1.260526e-02,5.313214e-03,1.608194e-02,2.670631e-03,1.016548e-03,5.622440e-03,4.393304e-02,4.650134e-01,3.658575e-02,4.489400e-03,1.095849e-02,3.173243e-01,2.911453e-02
6.303926e-02,3.700823e-03,1.082507e-02,5.109720e-03,2.293433e-02,2.718611e-03,8.173656e-04,9.444248e-03,5.232503e-02,5.265502e-01,2.814446e-02,3.774732e-03,9.763969e-03,2.383877e-01,2.246455e-02
1.027988e-01,3.562292e-03,9.310887e-03,4.853934e-03,2.328691e-02,2.488120e-03,6.712544e-04,1.026386e-02,4.933306e-02,5.659155e-01,2.312634e-02,4.161000e-03,8.919137e-03,1.735365e-01,1.777246e-02
8.918823e-02,3.209609e-03,1.309661e-02,5.697316e-03,6.599653e-02,4.831672e-03,1.283045e-03,4.846895e-02,4.112088e-02,5.578523e-01,1.876942e-02,3.878979e-03,9.038992e-03,1.239379e-01,1.362956e-02
8.411315e-02,3.433190e-03,2.080000e-02,5.189676e-03,1.389005e-01,1.301788e-02,4.943873e-03,5.000903e-02,3.432436e-02,5.200019e-01,1.476412e-02,3.330734e-03,7.494796e-03,8.911637e-02,1.056033e-02
7.476585e-02,3.669228e-03,2.081995e-02,9.834015e-03,2.207482e-01,2.659630e-02,1.277954e-02,9.181599e-02,2.500645e-02,4.225328e-01,1.115238e-02,3.006605e-03,6.055127e-03,6.329410e-02,7.923489e-03
8.782250e-02,4.160911e-03,1.866465e-02,1.477214e-02,2.850030e-01,5.826586e-02,1.925019e-02,8.332326e-02,1.855994e-02,3.420328e-01,8.875136e-03,2.872677e-03,4.965999e-03,4.493295e-02,6.497931e-03
1.030867e-01,5.983111e-03,1.600508e-02,2.503510e-02,3.406565e-01,7.863864e-02,2.288029e-02,7.426320e-02,1.701124e-02,2.638006e-01,7.380264e-03,3.018077e-03,4.579619e-03,3.212577e-02,5.535842e-03
1.204197e-01,9.512138e-03,1.543678e-02,7.317785e-02,3.317468e-01,8.579351e-02,2.477059e-02,7.287601e-02,1.421031e-02,2.066640e-01,7.254604e-03,5.023877e-03,5.416347e-03,2.303969e-02,4.657921e-03
1.691564e-01,1.323772e-02,1.977217e-02,7.629313e-02,2.972414e-01,8.315728e-02,2.176625e-02,5.563667e-02,1.290207e-02,2.079964e-01,9.058909e-03,5.691629e-03,5.434000e-03,1.849514e-02,4.160908e-03
1.786307e-01,1.665705e-02,1.863864e-02,1.427288e-01,2.621140e-01,7.328478e-02,1.688554e-02,5.113519e-02,1.067276e-02,1.819296e-01,1.117145e-02,1.186274e-02,6.062112e-03,1.378924e-02,4.437427e-03
1.398928e-01,1.374821e-02,1.688972e-02,2.964366e-01,2.350785e-01,5.692788e-02,1.218887e-02,5.161639e-02,8.079620e-03,1.317715e-01,1.011376e-02,9.361831e-03,4.851148e-03,9.726173e-03,3.317020e-03
1.212811e-01,1.089166e-02,1.498546e-02,2.283546e-01,3.595781e-01,4.198124e-02,9.021577e-03,8.428019e-02,5.840485e-03,9.341670e-02,1.011225e-02,7.231521e-03,3.724711e-03,6.876947e-03,2.423502e-03
1.163564e-01,8.400332e-03,2.573625e-02,1.887144e-01,4.247691e-01,3.137818e-02,7.535680e-03,6.781501e-02,4.431886e-03,9.174451e-02,1.568339e-02,5.867601e-03,3.277326e-03,5.429836e-03,2.860068e-03
8.582529e-02,6.125145e-03,1.958473e-02,1.377045e-01,3.195676e-01,2.329076e-02,5.531327e-03,4.855400e-02,3.476055e-03,2.846823e-01,4.278616e-02,4.390457e-03,3.832909e-03,4.142396e-03,1.050641e-02
6.136869e-02,4.338753e-03,1.380506e-02,9.686163e-02,2.248044e-01,1.644576e-02,3.907707e-03,3.405415e-02,2.918026e-03,4.247973e-01,5.375821e-02,3.134823e-03,3.529400e-03,6.002843e-03,5.027331e-02
4.331145e-02,3.428151e-03,9.727672e-03,6.809289e-02,1.575470e-01,1.160526e-02,2.750563e-03,2.388185e-02,2.452939e-03,5.330201e-01,5.994481e-02,2.278576e-03,4.399371e-03,4.542777e-03,7.301664e-02
3.069364e-02,2.740713e-03,7.595180e-03,4.778445e-02,1.103760e-01,8.524624e-03,1.932265e-03,1.673046e-02,2.097773e-03,6.035916e-01,4.459624e-02,1.807757e-03,5.389648e-03,3.972583e-03,1.121671e-01
2.226974e-02,4.832113e-03,6.085398e-03,3.348922e-02,7.742829e-02,6.338315e-03,1.375081e-03,1.174400e-02,2.841551e-03,6.463488e-01,3.248704e-02,1.368129e-03,4.504523e-03,5.419279e-03,1.434686e-01
1.663922e-02,5.120773e-03,4.458462e-03,2.346002e-02,5.425120e-02,4.850192e-03,9.739480e-04,8.233560e-03,2.392972e-03,6.455898e-01,2.867888e-02,1.052955e-03,3.991790e-03,6.087840e-03,1.942184e-01
1.219849e-02,7.142867e-03,6.152502e-03,1.664493e-02,3.803467e-02,3.634814e-03,6.973990e-04,5.812025e-03,5.114135e-03,7.027023e-01,2.205193e-02,9.105572e-04,3.744911e-03,4.664039e-03,1.704944e-01
1.015451e-02,6.883189e-03,5.266441e-03,1.169492e-02,2.668501e-02,2.829129e-03,4.973787e-04,4.086747e-03,7.597923e-03,7.182585e-01,1.910834e-02,6.807110e-04,3.049989e-03,6.737773e-03,1.764695e-01
9.606365e-03,8.986181e-03,9.088513e-03,8.254929e-03,1.877023e-02,2.463671e-03,3.736966e-04,2.925567e-03,3.083454e-02,6.927505e-01,1.611095e-02,5.813913e-04,2.733042e-03,9.182179e-03,1.873382e-01
6.775123e-03,1.276949e-02,1.156248e-02,6.071147e-03,1.314645e-02,1.758796e-03,2.676964e-04,2.056924e-03,2.615048e-01,5.233930e-01,1.161635e-02,7.497586e-04,2.326202e-03,6.536609e-03,1.394651e-01
9.395627e-03,1.930373e-02,1.145532e-02,4.698319e-03,9.369492e-03,1.518580e-03,2.601497e-04,1.590095e-03,3.066820e-01,4.485464e-01,1.041598e-02,1.517170e-03,4.922198e-03,1.206374e-02,1.582612e-01
7.386364e-03,2.382247e-02,1.031801e-02,3.462209e-03,6.600822e-03,1.163109e-03,2.085241e-04,1.168665e-03,3.949043e-01,3.610280e-01,8.660391e-03,1.719675e-03,8.237968e-03,1.061646e-02,1.607031e-01
6.067748e-03,2.274048e-02,7.997414e-03,2.554127e-03,4.725073e-03,9.552094e-04,1.785263e-04,8.483203e-04,3.321716e-01,2.817004e-01,8.036852e-03,1.634527e-03,1.192641e-02,9.682360e-03,3.087809e-01
5.959398e-03,2.722014e-02,6.356795e-03,2.178202e-03,3.892604e-03,1.094403e-03,3.229651e-04,8.480949e-04,2.560453e-01,2.000238e-01,6.720381e-03,1.696729e-03,9.047676e-02,7.320238e-03,3.898442e-01
5.137209e-03,2.077435e-02,4.860247e-03,1.633348e-03,2.886878e-03,1.044589e-03,2.956215e-04,7.147663e-04,1.817721e-01,1.418207e-01,5.001348e-03,2.220223e-03,3.239034e-01,5.527871e-03,3.024073e-01
4.327155e-03,1.571757e-02,3.709229e-03,1.261648e-03,2.220927e-03,9.444314e-04,2.857240e-04,5.789404e-04,1.285437e-01,1.011117e-01,3.699093e-03,2.075457e-03,4.961163e-01,4.082613e-03,2.353254e-01
7.444127e-03,1.257607e-02,7.428465e-03,2.062026e-03,4.347614e-03,1.675399e-03,6.114427e-04,1.102335e-03,9.456658e-02,7.107031e-02,3.498882e-03,3.024849e-03,6.053897e-01,3.959061e-03,1.812432e-01
1.480152e-02,1.099090e-02,5.403912e-03,1.827613e-03,4.127787e-03,1.689828e-03,5.557871e-04,1.283304e-03,6.862437e-02,4.998156e-02,2.953617e-03,3.474893e-03,6.955498e-01,2.977887e-03,1.357572e-01
2.331046e-02,1.466665e-02,5.029890e-03,2.104989e-03,5.261114e-03,2.127501e-03,6.281291e-04,1.307480e-03,5.419997e-02,3.520408e-02,3.007920e-03,4.194497e-03,7.494090e-01,2.410920e-03,9.713743e-02
3.026462e-02,1.235729e-02,4.694692e-03,2.642335e-03,5.784257e-03,4.412474e-03,9.179933e-04,1.140507e-03,4.137450e-02,2.481535e-02,6.369768e-03,7.051906e-03,7.862673e-01,2.806529e-03,6.910057e-02
2.840919e-02,9.514458e-03,3.818647e-03,2.781894e-03,8.031849e-03,7.910962e-03,8.574018e-04,9.359277e-04,3.094419e-02,1.742374e-02,7.117893e-03,1.217108e-02,8.175718e-01,2.706169e-03,4.980496e-02
3.446933e-02,1.010913e-02,8.374981e-03,4.687364e-03,9.263120e-03,1.155396e-02,9.580407e-04,8.182562e-04,2.434031e-02,1.321775e-02,7.494352e-03,1.234549e-02,8.195084e-01,4.076684e-03,3.878289e-02
3.098850e-02,8.537164e-03,6.526717e-03,7.149658e-03,1.150942e-02,1.543054e-02,1.106301e-03,7.945187e-04,2.018244e-02,9.979557e-03,2.072747e-02,3.488636e-02,7.949965e-01,5.079831e-03,3.210500e-02
2.299477e-02,6.364406e-03,4.925811e-03,7.105122e-03,9.701705e-03,1.676566e-02,1.221794e-03,6.900565e-04,1.606170e-02,8.834639e-03,3.827000e-02,1.721320e-01,6.629201e-01,4.544269e-03,2.746787e-02
1.793554e-02,4.777992e-03,3.540619e-03,5.651163e-03,7.091529e-03,1.278918e-02,1.348331e-03,4.924631e-04,1.382482e-02,1.569044e-02,3.421606e-02,2.229600e-01,6.305498e-01,4.371641e-03,2.476033e-02
1.374137e-02,3.637302e-03,2.516308e-03,4.370106e-03,5.166342e-03,1.044633e-02,1.221966e-03,3.505076e-04,1.091789e-02,2.117199e-02,3.038718e-02,2.688551e-01,5.997536e-01,5.024533e-03,2.243940e-02
2.541615e-02,2.849929e-03,1.899729e-03,3.154483e-03,3.942910e-03,8.017432e-03,1.249735e-03,2.705542e-04,9.345850e-03,3.406964e-02,6.028168e-02,3.454198e-01,4.579610e-01,1.358277e-02,3.253839e-02
2.614488e-02,2.403221e-03,1.525156e-03,2.240431e-03,3.192251e-03,6.199900e-03,9.783708e-04,2.105218e-04,7.710753e-03,3.651013e-02,1.197292e-01,3.741073e-01,3.558145e-01,1.903493e-02,4.419856e-02
2.311601e-02,1.895698e-03,1.108768e-03,1.667287e-03,2.337371e-03,5.419283e-03,7.119181e-04,1.676510e-04,8.168990e-03,3.107500e-02,1.147316e-01,5.082903e-01,2.535458e-01,1.464042e-02,3.312390e-02
4.224765e-02,1.831712e-03,1.115718e-03,1.954102e-03,1.898480e-03,6.344902e-03,5.980704e-04,7.055631e-04,9.583164e-03,3.278052e-02,1.171328e-01,5.663393e-01,1.809745e-01,1.279699e-02,2.369656e-02
3.702576e-02,1.778633e-03,9.490704e-04,1.978246e-03,1.581662e-03,6.239429e-03,4.896504e-04,9.364157e-04,1.357835e-02,3.088542e-02,1.486561e-01,5.972266e-01,1.293380e-01,1.235739e-02,1.697931e-02
3.503595e-02,2.384735e-03,1.100694e-03,2.267974e-03,2.469763e-03,6.118859e-03,4.767259e-04,1.513105e-03,2.814410e-02,3.341125e-02,1.567058e-01,6.084076e-01,9.150767e-02,1.827681e-02,1.217898e-02
2.976669e-02,1.834561e-03,8.498417e-04,1.970113e-03,2.316336e-03,5.576923e-03,3.784994e-04,1.242875e-03,2.271073e-02,3.000992e-02,2.452628e-01,5.585725e-01,6.492352e-02,2.581438e-02,8.770281e-03
2.796090e-02,9.480759e-03,1.703888e-03,1.737233e-03,5.278775e-03,5.060353e-03,3.396180e-04,1.712646e-03,3.920749e-02,3.938667e-02,2.967089e-01,4.697473e-01,4.610257e-02,4.865284e-02,6.920089e-03
2.693296e-02,7.087296e-03,1.615815e-03,1.531592e-03,5.222958e-03,4.745278e-03,3.631767e-04,2.309982e-03,3.444400e-02,3.189560e-02,3.726945e-01,3.865310e-01,3.320588e-02,8.626783e-02,5.152078e-03
2.913585e-02,6.084377e-03,1.390046e-03,1.299700e-03,5.060927e-03,8.220123e-03,4.281497e-04,2.754979e-03,3.665167e-02,2.777319e-02,4.309549e-01,3.148443e-01,2.435322e-02,1.070356e-01,4.012920e-03
3.147954e-02,6.094139e-03,4.388655e-03,1.231402e-03,8.176185e-03,8.121222e-03,9.163162e-04,4.180627e-03,3.152540e-02,2.621874e-02,4.875189e-01,2.635591e-01,1.829039e-02,1.048960e-01,3.403302e-03
2.308580e-02,5.302216e-03,3.723222e-03,9.344661e-04,6.932503e-03,7.158363e-03,6.910427e-04,3.427124e-03,4.317618e-02,2.360106e-02,5.154170e-01,2.156705e-01,1.366615e-02,1.344402e-01,2.774199e-03
1.697076e-02,4.061846e-03,2.859137e-03,7.789127e-04,5.115213e-03,5.783357e-03,5.006160e-04,2.619929e-03,7.759210e-02,1.864653e-02,4.942750e-01,1.793414e-01,9.892139e-03,1.795161e-01,2.046964e-03
1.195684e-02,3.115417e-03,2.128153e-03,5.833511e-04,3.673618e-03,4.199909e-03,3.511333e-04,1.880919e-03,2.545786e-01,1.364427e-02,4.011497e-01,1.365249e-01,6.980524e-03,1.577583e-01,1.474335e-03
8.424518e-03,2.544646e-03,1.674988e-03,4.699504e-04,2.651082e-03,3.273829e-03,2.464903e-04,1.362197e-03,3.746249e-01,1.032040e-02,3.365225e-01,1.024805e-01,4.936382e-03,1.493879e-01,1.079795e-03
6.176746e-03,8.828593e-03,1.164985e-02,9.910646e-04,2.784313e-03,7.219916e-03,1.829953e-04,1.294839e-03,4.289493e-01,1.320892e-02,2.947662e-01,7.243334e-02,3.511847e-03,1.466610e-01,1.341175e-03
4.611744e-03,6.653647e-03,8.968414e-03,8.547537e-04,2.103733e-03,5.998116e-03,1.290821e-04,9.870396e-04,5.448205e-01,9.912946e-03,2.228904e-01,5.091337e-02,2.475156e-03,1.375650e-01,1.116075e-03
5.202391e-03,5.333777e-03,8.439855e-03,1.011819e-03,2.344903e-03,5.703248e-03,9.493953e-05,9.011563e-04,6.089883e-01,7.661980e-03,2.054728e-01,3.569046e-02,1.760402e-03,1.103716e-01,1.022336e-03
4.249222e-03,3.805424e-03,6.274837e-03,7.643688e-04,1.915289e-03,4.273977e-03,6.758449e-05,7.447391e-04,6.493817e-01,5.483318e-03,2.070046e-01,2.502070e-02,1.235434e-03,8.894207e-02,8.366840e-04
4.024165e-03,2.706979e-03,5.108397e-03,6.706493e-04,1.542868e-03,3.358540e-03,4.849048e-05,6.999368e-04,7.042863e-01,4.026844e-03,1.867237e-01,1.752889e-02,8.685821e-04,6.772459e-02,6.811065e-04
9.582058e-03,1.981793e-03,7.930778e-03,2.334945e-03,2.374222e-03,2.709159e-03,5.459550e-05,4.115264e-03,7.469442e-01,3.251909e-03,1.546587e-01,1.229938e-02,6.143838e-04,5.042176e-02,7.268732e-04
1.360551e-02,1.585998e-03,5.686218e-03,1.877807e-03,2.151294e-03,2.253239e-03,3.962203e-05,3.493362e-03,7.678673e-01,2.484794e-03,1.411461e-01,8.680807e-03,4.473256e-04,4.577528e-02,2.905335e-03
1.304905e-02,1.168588e-03,4.170433e-03,1.443991e-03,2.214129e-03,1.930731e-03,2.968236e-05,2.736108e-03,7.560762e-01,2.002416e-03,1.707638e-01,6.168466e-03,3.375865e-04,3.519873e-02,2.710080e-03
1.664046e-02,1.068946e-03,1.053705e-02,4.933557e-03,2.680074e-03,2.138942e-03,3.676383e-05,5.823314e-03,7.330774e-01,1.719786e-03,1.862097e-01,4.547292e-03,3.083947e-04,2.783983e-02,2.438514e-03
1.495942e-02,8.232626e-04,7.697582e-03,3.742934e-03,2.684564e-03,1.578894e-03,2.835476e-05,4.291206e-03,7.631062e-01,1.421549e-03,1.721137e-01,3.397974e-03,2.501996e-04,2.209500e-02,1.809099e-03
1.633875e-02,6.656242e-04,5.796219e-03,2.893618e-03,2.709176e-03,1.232023e-03,2.778335e-05,3.130757e-03,7.492875e-01,1.079801e-03,1.790000e-01,3.338085e-03,2.752380e-04,3.285480e-02,1.370485e-03
1.656502e-02,6.366776e-04,4.396701e-03,2.264068e-03,2.914819e-03,1.262833e-03,2.536952e-05,2.288884e-03,7.907982e-01,8.927176e-04,1.425830e-01,2.931530e-03,2.837941e-04,3.102831e-02,1.128031e-03
2.340439e-02,1.520300e-03,8.404460e-03,6.596675e-03,9.763775e-03,4.035754e-03,1.147333e-04,3.058385e-03,7.421686e-01,7.696468e-04,1.623996e-01,4.211260e-03,5.517349e-04,3.196661e-02,1.033981e-03
3.242627e-02,1.224499e-03,8.917549e-03,5.804140e-03,8.951899e-03,3.867439e-03,1.255796e-04,2.334802e-03,7.350685e-01,6.864414e-04,1.605928e-01,5.247369e-03,5.508367e-04,3.318295e-02,1.018929e-03
6.490846e-02,1.348084e-03,1.024971e-02,5.095703e-03,9.013196e-03,4.789858e-03,1.810326e-04,1.961628e-03,7.283136e-01,7.105914e-04,1.348174e-01,4.664866e-03,5.510413e-04,3.208673e-02,1.308070e-03
1.695165e-01,1.399376e-03,1.340910e-02,5.985592e-03,8.749923e-03,4.851609e-03,2.166123e-04,1.694081e-03,6.480324e-01,9.065449e-04,1.092795e-01,4.191333e-03,7.135224e-04,2.870727e-02,2.346494e-03
2.526141e-01,1.667020e-03,1.365784e-02,5.697289e-03,9.027401e-03,4.804987e-03,2.257727e-04,1.580358e-03,5.815528e-01,1.015382e-03,9.480289e-02,3.704802e-03,7.523126e-04,2.630434e-02,2.592699e-03
3.860694e-01,2.652826e-03,1.092886e-02,7.159645e-03,7.668797e-03,4.682687e-03,3.420279e-04,1.816603e-03,4.701344e-01,1.444886e-03,6.886443e-02,4.743450e-03,1.048110e-03,2.680733e-02,5.636540e-03
4.904647e-01,6.685537e-03,1.700076e-02,2.699892e-02,8.450678e-03,4.818908e-03,1.035601e-03,5.986974e-03,3.406263e-01,1.859656e-03,5.163786e-02,8.172904e-03,3.000972e-03,2.273115e-02,1.052895e-02
4.919674e-01,1.213696e-02,4.130464e-02,9.735447e-02,8.427838e-03,4.382618e-03,1.166466e-03,8.537298e-03,2.467018e-01,1.866549e-03,3.971011e-02,7.716257e-03,2.998923e-03,1.967343e-02,1.605529e-02
4.072855e-01,1.005172e-02,3.181822e-02,7.285374e-02,6.180413e-03,3.987893e-03,9.748953e-04,6.515189e-03,1.803638e-01,4.110405e-03,3.228622e-02,6.351717e-03,3.524148e-03,7.033284e-02,1.633633e-01
3.744206e-01,1.003569e-02,3.336068e-02,6.164178e-02,4.704080e-03,3.762903e-03,1.003318e-03,6.258344e-03,1.353539e-01,5.676647e-03,3.837398e-02,6.118274e-03,5.494659e-03,7.950188e-02,2.342933e-01
3.051012e-01,7.991646e-03,3.365590e-02,4.621898e-02,3.537649e-03,4.495671e-03,8.043973e-04,4.991415e-03,1.026074e-01,9.556487e-03,2.941497e-02,5.216685e-03,4.663751e-03,1.125756e-01,3.291683e-01
2.979422e-01,8.577527e-03,3.627495e-02,3.401172e-02,3.463781e-03,6.232788e-03,6.830853e-04,4.645693e-03,7.427135e-02,8.516533e-03,2.284069e-02,5.088728e-03,4.679771e-03,1.634746e-01,3.292966e-01
2.321956e-01,1.212790e-02,3.816199e-02,4.952672e-02,3.180915e-03,5.245891e-03,5.726719e-04,3.597307e-03,5.754561e-02,8.768397e-03,1.788048e-02,5.005424e-03,4.585004e-03,1.408260e-01,4.207802e-01
1.643033e-01,1.021747e-02,3.123525e-02,4.322984e-02,2.344058e-03,3.801740e-03,4.188668e-04,2.548673e-03,4.744866e-02,1.455126e-02,1.320141e-02,4.080759e-03,3.599219e-03,1.129857e-01,5.460339e-01
1.240299e-01,1.395031e-02,2.427856e-02,4.012865e-02,1.763299e-03,2.894368e-03,3.103882e-04,1.830792e-03,4.737411e-02,2.833963e-02,1.234748e-02,3.493597e-03,3.395452e-03,9.863932e-02,5.972241e-01
8.744542e-02,2.303665e-02,2.488331e-02,3.798537e-02,1.277217e-03,2.162328e-03,2.230519e-04,1.292986e-03,5.020901e-02,2.887360e-02,9.088507e-03,2.595869e-03,2.594340e-03,7.382660e-02,6.545057e-01
6.132559e-02,2.703816e-02,2.600207e-02,3.306493e-02,9.123381e-04,1.601656e-03,1.640793e-04,9.352827e-04,5.683775e-02,2.805705e-02,6.915680e-03,1.904432e-03,2.539941e-03,5.316878e-02,6.995322e-01
4.297791e-02,2.062300e-02,2.190848e-02,2.348981e-02,6.466739e-04,1.168594e-03,1.178602e-04,6.624306e-04,4.397401e-02,2.381117e-02,4.979182e-03,1.371716e-03,2.030213e-03,4.088734e-02,7.713516e-01
3.045549e-02,1.546933e-02,1.617679e-02,1.651660e-02,4.657678e-04,8.562476e-04,8.792960e-05,4.924248e-04,3.530381e-02,2.368227e-02,4.524272e-03,1.360009e-03,1.766489e-03,3.603787e-02,8.168046e-01
2.302882e-02,1.322057e-02,1.159114e-02,1.167404e-02,3.497314e-04,7.389860e-04,7.153819e-05,3.775794e-04,3.041619e-02,2.467932e-02,5.353617e-03,4.268344e-03,2.494439e-03,4.129162e-02,8.304440e-01
