1.000000e+00,0.000000e+00,0.000000e+00,0.000000e+00,0.000000e+00,0.000000e+00,0.000000e+00,0.000000e+00,0.000000e+00,0.000000e+00,0.000000e+00,0.000000e+00,0.000000e+00,0.000000e+00,0.000000e+00
1.000000e+00,0.000000e+00,0.000000e+00,0.000000e+00,0.000000e+00,0.000000e+00,0.000000e+00,0.000000e+00,0.000000e+00,0.000000e+00,0.000000e+00,0.000000e+00,0.000000e+00,0.000000e+00,0.000000e+00
1.000000e+00,0.000000e+00,0.000000e+00,0.000000e+00,0.000000e+00,0.000000e+00,0.000000e+00,0.000000e+00,0.000000e+00,0.000000e+00,0.000000e+00,0.000000e+00,0.000000e+00,0.000000e+00,0.000000e+00
1.000000e+00,0.000000e+00,0.000000e+00,0.000000e+00,0.000000e+00,0.000000e+00,0.000000e+00,0.000000e+00,0.000000e+00,0.000000e+00,0.000000e+00,0.000000e+00,0.000000e+00,0.000000e+00,0.000000e+00
1.000000e+00,0.000000e+00,0.000000e+00,0.000000e+00,0.000000e+00,0.000000e+00,0.000000e+00,0.000000e+00,0.000000e+00,0.000000e+00,0.000000e+00,0.000000e+00,0.000000e+00,0.000000e+00,0.000000e+00
1.000000e+00,0.000000e+00,0.000000e+00,0.000000e+00,0.000000e+00,0.000000e+00,0.000000e+00,0.000000e+00,0.000000e+00,0.000000e+00,0.000000e+00,0.000000e+00,0.000000e+00,0.000000e+00,0.000000e+00
1.000000e+00,0.000000e+00,0.000000e+00,0.000000e+00,0.000000e+00,0.000000e+00,0.000000e+00,0.000000e+00,0.000000e+00,0.000000e+00,0.000000e+00,0.000000e+00,0.000000e+00,0.000000e+00,0.000000e+00
1.000000e+00,0.000000e+00,0.000000e+00,0.000000e+00,0.000000e+00,0.000000e+00,0.000000e+00,0.000000e+00,0.000000e+00,0.000000e+00,0.000000e+00,0.000000e+00,0.000000e+00,0.000000e+00,0.000000e+00
1.000000e+00,0.000000e+00,0.000000e+00,0.000000e+00,0.000000e+00,0.000000e+00,0.000000e+00,0.000000e+00,0.000000e+00,0.000000e+00,0.000000e+00,0.000000e+00,0.000000e+00,0.000000e+00,0.000000e+00
1.000000e+00,0.000000e+00,0.000000e+00,0.000000e+00,0.000000e+00,0.000000e+00,0.000000e+00,0.000000e+00,0.000000e+00,0.000000e+00,0.000000e+00,0.000000e+00,0.000000e+00,0.000000e+00,0.000000e+00
1.000000e+00,0.000000e+00,0.000000e+00,0.000000e+00,0.000000e+00,0.000000e+00,0.000000e+00,0.000000e+00,0.000000e+00,0.000000e+00,0.000000e+00,0.000000e+00,0.000000e+00,0.000000e+00,0.000000e+00
1.000000e+00,0.000000e+00,0.000000e+00,0.000000e+00,0.000000e+00,0.000000e+00,0.000000e+00,0.000000e+00,0.000000e+00,0.000000e+00,0.000000e+00,0.000000e+00,0.000000e+00,0.000000e+00,0.000000e+00
1.000000e+00,0.000000e+00,0.000000e+00,0.000000e+00,0.000000e+00,0.000000e+00,0.000000e+00,0.000000e+00,0.000000e+00,0.000000e+00,0.000000e+00,0.000000e+00,0.000000e+00,0.000000e+00,0.000000e+00
1.000000e+00,0.000000e+00,0.000000e+00,0.000000e+00,0.000000e+00,0.000000e+00,0.000000e+00,0.000000e+00,0.000000e+00,0.000000e+00,0.000000e+00,0.000000e+00,0.000000e+00,0.000000e+00,0.000000e+00
1.000000e+00,0.000000e+00,0.000000e+00,0.000000e+00,0.000000e+00,0.000000e+00,0.000000e+00,0.000000e+00,0.000000e+00,0.000000e+00,0.000000e+00,0.000000e+00,0.000000e+00,0.000000e+00,0.000000e+00
1.000000e+00,0.000000e+00,0.000000e+00,0.000000e+00,0.000000e+00,0.000000e+00,0.000000e+00,0.000000e+00,0.000000e+00,0.000000e+00,0.000000e+00,0.000000e+00,0.000000e+00,0.000000e+00,0.000000e+00
1.000000e+00,0.000000e+00,0.000000e+00,0.000000e+00,0.000000e+00,0.000000e+00,0.000000e+00,0.000000e+00,0.000000e+00,0.000000e+00,0.000000e+00,0.000000e+00,0.000000e+00,0.000000e+00,0.000000e+00
1.000000e+00,0.000000e+00,0.000000e+00,0.000000e+00,0.000000e+00,0.000000e+00,0.000000e+00,0.000000e+00,0.000000e+00,0.000000e+00,0.000000e+00,0.000000e+00,0.000000e+00,0.000000e+00,0.000000e+00
1.000000e+00,0.000000e+00,0.000000e+00,0.000000e+00,0.000000e+00,0.000000e+00,0.000000e+00,0.000000e+00,0.000000e+00,0.000000e+00,0.000000e+00,0.000000e+00,0.000000e+00,0.000000e+00,0.000000e+00
1.000000e+00,0.000000e+00,0.000000e+00,0.000000e+00,0.000000e+00,0.000000e+00,0.000000e+00,0.000000e+00,0.000000e+00,0.000000e+00,0.000000e+00,0.000000e+00,0.000000e+00,0.000000e+00,0.000000e+00
1.000000e+00,0.000000e+00,0.000000e+00,0.000000e+00,0.000000e+00,0.000000e+00,0.000000e+00,0.000000e+00,0.000000e+00,0.000000e+00,0.000000e+00,0.000000e+00,0.000000e+00,0.000000e+00,0.000000e+00
1.000000e+00,0.000000e+00,0.000000e+00,0.000000e+00,0.000000e+00,0.000000e+00,0.000000e+00,0.000000e+00,0.000000e+00,0.000000e+00,0.000000e+00,0.000000e+00,0.000000e+00,0.000000e+00,0.000000e+00
1.000000e+00,0.000000e+00,0.000000e+00,0.000000e+00,0.000000e+00,0.000000e+00,0.000000e+00,0.000000e+00,0.000000e+00,0.000000e+00,0.000000e+00,0.000000e+00,0.000000e+00,0.000000e+00,0.000000e+00
1.000000e+00,0.000000e+00,0.000000e+00,0.000000e+00,0.000000e+00,0.000000e+00,0.000000e+00,0.000000e+00,0.000000e+00,0.000000e+00,0.000000e+00,0.000000e+00,0.000000e+00,0.000000e+00,0.000000e+00
1.000000e+00,0.000000e+00,0.000000e+00,0.000000e+00,0.000000e+00,0.000000e+00,0.000000e+00,0.000000e+00,0.000000e+00,0.000000e+00,0.000000e+00,0.000000e+00,0.000000e+00,0.000000e+00,0.000000e+00
1.000000e+00,0.000000e+00,0.000000e+00,0.000000e+00,0.000000e+00,0.000000e+00,0.000000e+00,0.000000e+00,0.000000e+00,0.000000e+00,0.000000e+00,0.000000e+00,0.000000e+00,0.000000e+00,0.000000e+00
1.000000e+00,0.000000e+00,0.000000e+00,0.000000e+00,0.000000e+00,0.000000e+00,0.000000e+00,0.000000e+00,0.000000e+00,0.000000e+00,0.000000e+00,0.000000e+00,0.000000e+00,0.000000e+00,0.000000e+00
1.000000e+00,0.000000e+00,0.000000e+00,0.000000e+00,0.000000e+00,0.000000e+00,0.000000e+00,0.000000e+00,0.000000e+00,0.000000e+00,0.000000e+00,0.000000e+00,0.000000e+00,0.000000e+00,0.000000e+00
1.000000e+00,0.000000e+00,0.000000e+00,0.000000e+00,0.000000e+00,0.000000e+00,0.000000e+00,0.000000e+00,0.000000e+00,0.000000e+00,0.000000e+00,0.000000e+00,0.000000e+00,0.000000e+00,0.000000e+00
1.000000e+00,0.000000e+00,0.000000e+00,0.000000e+00,0.000000e+00,0.000000e+00,0.000000e+00,0.000000e+00,0.000000e+00,0.000000e+00,0.000000e+00,0.000000e+00,0.000000e+00,0.000000e+00,0.000000e+00
1.000000e+00,0.000000e+00,0.000000e+00,0.000000e+00,0.000000e+00,0.000000e+00,0.000000e+00,0.000000e+00,0.000000e+00,0.000000e+00,0.000000e+00,0.000000e+00,0.000000e+00,0.000000e+00,0.000000e+00
1.000000e+00,0.000000e+00,0.000000e+00,0.000000e+00,0.000000e+00,0.000000e+00,0.000000e+00,0.000000e+00,0.000000e+00,0.000000e+00,0.000000e+00,0.000000e+00,0.000000e+00,0.000000e+00,0.000000e+00
1.000000e+00,0.000000e+00,0.000000e+00,0.000000e+00,0.000000e+00,0.000000e+00,0.000000e+00,0.000000e+00,0.000000e+00,0.000000e+00,0.000000e+00,0.000000e+00,0.000000e+00,0.000000e+00,0.000000e+00
1.000000e+00,0.000000e+00,0.000000e+00,0.000000e+00,0.000000e+00,0.000000e+00,0.000000e+00,0.000000e+00,0.000000e+00,0.000000e+00,0.000000e+00,0.000000e+00,0.000000e+00,0.000000e+00,0.000000e+00
1.000000e+00,0.000000e+00,0.000000e+00,0.000000e+00,0.000000e+00,0.000000e+00,0.000000e+00,0.000000e+00,0.000000e+00,0.000000e+00,0.000000e+00,0.000000e+00,0.000000e+00,0.000000e+00,0.000000e+00
1.000000e+00,0.000000e+00,0.000000e+00,0.000000e+00,0.000000e+00,0.000000e+00,0.000000e+00,0.000000e+00,0.000000e+00,0.000000e+00,0.000000e+00,0.000000e+00,0.000000e+00,0.000000e+00,0.000000e+00
1.000000e+00,0.000000e+00,0.000000e+00,0.000000e+00,0.000000e+00,0.000000e+00,0.000000e+00,0.000000e+00,0.000000e+00,0.000000e+00,0.000000e+00,0.000000e+00,0.000000e+00,0.000000e+00,0.000000e+00
1.000000e+00,0.000000e+00,0.000000e+00,0.000000e+00,0.000000e+00,0.000000e+00,0.000000e+00,0.000000e+00,0.000000e+00,0.000000e+00,0.000000e+00,0.000000e+00,0.000000e+00,0.000000e+00,0.000000e+00
4.908227e-01,1.384261e-02,4.034196e-03,4.188505e-02,7.581837e-03,6.460993e-02,1.905129e-02,1.211109e-02,1.353636e-02,1.793946e-03,7.588055e-03,2.092177e-01,1.017691e-01,1.043776e-03,1.111243e-02
3.848946e-01,2.102526e-02,5.415105e-03,7.515958e-02,1.157118e-02,7.073838e-02,2.190124e-02,1.844426e-02,1.767972e-02,1.771910e-03,8.272821e-03,2.385903e-01,1.096040e-01,1.039289e-03,1.389241e-02
3.027567e-01,2.676509e-02,6.772941e-03,9.611991e-02,1.561291e-02,7.724184e-02,2.744551e-02,2.138175e-02,2.295685e-02,1.888862e-03,9.173290e-03,2.580434e-01,1.169093e-01,1.035237e-03,1.589644e-02
2.444848e-01,2.936301e-02,7.442686e-03,1.016026e-01,1.892871e-02,8.472426e-02,3.039246e-02,2.209638e-02,2.689794e-02,2.126461e-03,9.794222e-03,2.687718e-01,1.355175e-01,1.054674e-03,1.680256e-02
2.138970e-01,3.272805e-02,8.220825e-03,1.068200e-01,2.086627e-02,9.726351e-02,2.933820e-02,2.052335e-02,2.862231e-02,2.435273e-03,1.040624e-02,2.603799e-01,1.489702e-01,1.160567e-03,1.836830e-02
1.893171e-01,3.727173e-02,9.079367e-03,1.204245e-01,2.316336e-02,9.998007e-02,2.643657e-02,1.918361e-02,3.025298e-02,2.987405e-03,1.148809e-02,2.623186e-01,1.446275e-01,1.356953e-03,2.211219e-02
1.708430e-01,5.363114e-02,1.039507e-02,1.458344e-01,2.492078e-02,8.650079e-02,2.306708e-02,1.761755e-02,3.222782e-02,4.161198e-03,1.241578e-02,2.466396e-01,1.337783e-01,1.844394e-03,3.612304e-02
1.291065e-01,6.652135e-02,2.493062e-02,2.230183e-01,2.769561e-02,7.374404e-02,1.941529e-02,2.112880e-02,2.978999e-02,4.430070e-03,1.268727e-02,2.153860e-01,1.103807e-01,2.069565e-03,3.969599e-02
1.159855e-01,8.371340e-02,2.454734e-02,2.376334e-01,3.248657e-02,6.162352e-02,1.698706e-02,1.885200e-02,3.457737e-02,5.552723e-03,1.494436e-02,1.931592e-01,1.053132e-01,3.317729e-03,5.130674e-02
1.784955e-01,8.549367e-02,2.221830e-02,2.122645e-01,3.123232e-02,5.593771e-02,1.497951e-02,1.803213e-02,3.266777e-02,6.132117e-03,1.829327e-02,1.616731e-01,9.151243e-02,6.815759e-03,6.425181e-02
2.585837e-01,8.029208e-02,1.930670e-02,1.829400e-01,2.851862e-02,4.996322e-02,1.341660e-02,1.707905e-02,2.977962e-02,6.041051e-03,2.119892e-02,1.370930e-01,7.895819e-02,9.516258e-03,6.731298e-02
3.064691e-01,7.539228e-02,3.182296e-02,1.633731e-01,2.661709e-02,5.037431e-02,1.416809e-02,2.454148e-02,2.586032e-02,5.395899e-03,2.408968e-02,1.148572e-01,6.567893e-02,9.450987e-03,6.190852e-02
3.944625e-01,6.913947e-02,2.779338e-02,1.330705e-01,2.289238e-02,4.447233e-02,1.185014e-02,2.088092e-02,2.249422e-02,5.322469e-03,2.307793e-02,9.401777e-02,5.558080e-02,1.187985e-02,6.306534e-02
4.738399e-01,6.098246e-02,2.258861e-02,1.105544e-01,1.943385e-02,3.953962e-02,9.804511e-03,1.701049e-02,1.921745e-02,5.067355e-03,2.096201e-02,7.917641e-02,4.867988e-02,1.247396e-02,6.066910e-02
4.847875e-01,5.983827e-02,2.741941e-02,1.011567e-01,1.884821e-02,3.870131e-02,9.953272e-03,1.784501e-02,1.817364e-02,4.951128e-03,2.392284e-02,7.391097e-02,4.627795e-02,1.252722e-02,6.168656e-02
1.000000e+00,0.000000e+00,0.000000e+00,0.000000e+00,0.000000e+00,0.000000e+00,0.000000e+00,0.000000e+00,0.000000e+00,0.000000e+00,0.000000e+00,0.000000e+00,0.000000e+00,0.000000e+00,0.000000e+00
1.000000e+00,0.000000e+00,0.000000e+00,0.000000e+00,0.000000e+00,0.000000e+00,0.000000e+00,0.000000e+00,0.000000e+00,0.000000e+00,0.000000e+00,0.000000e+00,0.000000e+00,0.000000e+00,0.000000e+00
1.000000e+00,0.000000e+00,0.000000e+00,0.000000e+00,0.000000e+00,0.000000e+00,0.000000e+00,0.000000e+00,0.000000e+00,0.000000e+00,0.000000e+00,0.000000e+00,0.000000e+00,0.000000e+00,0.000000e+00
1.000000e+00,0.000000e+00,0.000000e+00,0.000000e+00,0.000000e+00,0.000000e+00,0.000000e+00,0.000000e+00,0.000000e+00,0.000000e+00,0.000000e+00,0.000000e+00,0.000000e+00,0.000000e+00,0.000000e+00
1.000000e+00,0.000000e+00,0.000000e+00,0.000000e+00,0.000000e+00,0.000000e+00,0.000000e+00,0.000000e+00,0.000000e+00,0.000000e+00,0.000000e+00,0.000000e+00,0.000000e+00,0.000000e+00,0.000000e+00
1.000000e+00,0.000000e+00,0.000000e+00,0.000000e+00,0.000000e+00,0.000000e+00,0.000000e+00,0.000000e+00,0.000000e+00,0.000000e+00,0.000000e+00,0.000000e+00,0.000000e+00,0.000000e+00,0.000000e+00
1.000000e+00,0.000000e+00,0.000000e+00,0.000000e+00,0.000000e+00,0.000000e+00,0.000000e+00,0.000000e+00,0.000000e+00,0.000000e+00,0.000000e+00,0.000000e+00,0.000000e+00,0.000000e+00,0.000000e+00
1.000000e+00,0.000000e+00,0.000000e+00,0.000000e+00,0.000000e+00,0.000000e+00,0.000000e+00,0.000000e+00,0.000000e+00,0.000000e+00,0.000000e+00,0.000000e+00,0.000000e+00,0.000000e+00,0.000000e+00
4.916426e-01,1.313662e-02,2.000288e-02,5.609966e-02,8.539733e-03,1.603601e-02,6.457352e-03,3.057217e-01,6.662339e-03,1.561727e-03,1.253433e-02,2.688532e-02,1.824280e-02,3.251057e-03,1.322592e-02
3.487863e-01,9.292283e-03,1.457161e-02,4.029160e-02,6.492713e-03,1.167728e-02,4.713318e-03,5.052924e-01,4.716991e-03,1.107628e-03,9.086348e-03,1.921325e-02,1.308147e-02,2.331057e-03,9.345796e-03
2.451093e-01,6.535441e-03,1.040811e-02,2.859479e-02,4.920135e-03,8.341738e-03,3.397341e-03,6.510952e-01,3.311955e-03,7.776208e-04,6.474341e-03,1.352817e-02,9.297754e-03,1.645804e-03,6.562350e-03
1.716985e-01,4.592532e-03,7.378050e-03,2.010430e-02,3.523516e-03,5.898380e-03,2.431404e-03,7.551196e-01,2.320431e-03,5.451092e-04,4.582717e-03,9.479847e-03,6.530601e-03,1.195136e-03,4.599953e-03
1.202310e-01,3.220836e-03,5.200088e-03,1.410932e-02,2.545672e-03,4.143359e-03,1.784727e-03,8.282363e-01,1.625122e-03,3.818062e-04,3.222915e-03,6.639852e-03,4.584291e-03,8.536284e-04,3.221058e-03
8.417874e-02,2.257768e-03,3.674361e-03,9.900461e-03,1.836817e-03,2.909292e-03,1.296004e-03,8.795289e-01,1.138173e-03,2.673967e-04,2.277198e-03,4.650592e-03,3.220814e-03,6.079657e-04,2.255576e-03
5.894347e-02,1.582606e-03,2.587122e-03,6.951551e-03,1.367424e-03,2.054591e-03,1.013457e-03,9.152762e-01,7.989774e-04,1.878360e-04,1.638079e-03,3.262067e-03,2.323113e-03,4.331531e-04,1.580356e-03
4.127663e-02,1.110377e-03,1.828397e-03,4.888658e-03,1.156853e-03,1.458579e-03,1.014912e-03,9.398843e-01,5.671873e-04,1.329440e-04,1.215589e-03,2.294117e-03,1.742261e-03,3.210711e-04,1.108086e-03
2.896783e-02,7.816542e-04,1.292517e-03,3.444768e-03,1.199589e-03,1.084892e-03,1.048099e-03,9.564120e-01,4.326370e-04,1.063570e-04,9.286790e-04,1.640227e-03,1.631634e-03,2.412601e-04,7.877842e-04
2.080220e-02,5.597050e-04,9.148538e-04,2.444445e-03,2.938499e-03,1.261479e-03,9.826717e-04,9.644877e-01,4.458899e-04,9.197504e-05,7.567296e-04,1.230486e-03,2.340247e-03,1.758188e-04,5.673536e-04
1.530007e-02,4.010908e-04,6.532799e-04,1.767393e-03,4.958263e-03,1.512725e-03,8.598581e-04,9.695587e-01,4.073301e-04,7.987586e-05,6.104878e-04,9.096311e-04,2.447749e-03,1.251812e-04,4.082948e-04
1.206957e-02,3.454207e-04,5.384489e-04,1.343732e-03,8.561311e-03,3.320415e-03,7.696699e-04,9.107360e-01,1.697005e-03,1.717774e-04,1.556684e-03,3.315677e-03,5.483310e-02,1.401616e-04,6.010405e-04
9.594371e-03,3.815884e-04,4.355910e-04,1.019708e-03,9.544069e-03,2.804552e-02,1.013174e-03,6.991202e-01,1.441480e-03,1.543589e-04,1.312140e-03,2.756513e-03,2.437401e-01,1.104112e-04,1.330708e-03
9.058789e-03,3.112465e-04,3.230365e-04,7.582910e-04,7.434101e-03,2.885899e-02,9.365921e-04,5.155346e-01,1.103794e-03,1.293723e-04,1.158637e-03,2.400070e-03,4.300212e-01,8.236790e-05,1.888822e-03
1.324772e-02,3.444591e-04,3.598371e-04,6.622548e-04,6.620195e-03,5.860171e-02,2.553233e-03,3.753139e-01,1.023503e-03,1.241187e-04,2.770352e-03,1.491547e-02,5.210156e-01,1.476435e-04,2.299903e-03
2.076345e-02,6.672103e-04,7.137120e-04,8.697941e-04,1.073264e-02,1.071410e-01,6.549807e-03,2.946596e-01,1.822100e-03,2.332835e-04,8.123449e-03,5.695980e-02,4.858141e-01,7.492601e-04,4.200861e-03
2.161487e-02,6.500171e-04,8.342337e-04,7.248327e-04,9.334211e-03,8.538111e-02,5.608857e-03,2.084047e-01,2.872259e-03,3.414674e-04,1.825116e-02,6.972836e-02,5.715357e-01,7.193473e-04,3.998885e-03
2.170287e-02,9.320547e-04,9.398051e-04,5.824740e-04,1.206589e-02,6.560759e-02,4.543721e-03,1.471448e-01,3.242529e-03,5.879070e-04,3.800523e-02,1.038995e-01,5.955411e-01,6.547255e-04,4.549824e-03
1.630218e-02,7.727995e-04,8.538155e-04,4.163157e-04,1.016637e-02,4.636537e-02,3.443091e-03,1.033489e-01,2.447041e-03,8.969715e-04,3.317569e-02,3.072858e-01,4.686945e-01,8.343229e-04,4.996770e-03
1.222117e-02,8.328563e-04,9.199466e-04,3.075089e-04,1.711093e-02,3.273359e-02,2.980813e-03,7.327189e-02,2.277833e-03,1.199526e-03,2.569662e-02,3.730271e-01,4.444696e-01,9.453027e-04,1.200533e-02
9.567796e-03,9.866256e-04,2.098164e-03,3.076038e-04,4.576868e-02,2.769605e-02,3.934419e-02,6.841607e-02,2.940992e-03,1.438905e-03,1.999195e-02,3.992963e-01,3.672852e-01,1.495189e-03,1.336625e-02
1.279055e-02,1.123031e-02,4.195299e-03,4.588554e-04,5.279032e-02,3.286475e-02,3.476634e-02,5.239417e-02,1.292854e-02,3.133775e-03,2.010436e-02,3.955506e-01,3.500057e-01,2.421785e-03,1.436458e-02
1.858210e-02,3.183717e-02,4.830379e-03,5.638447e-04,5.517577e-02,5.930410e-02,2.928107e-02,4.045808e-02,3.162671e-02,3.826954e-03,1.831285e-02,3.434238e-01,3.469082e-01,3.293066e-03,1.257582e-02
1.934822e-02,2.629816e-02,4.264052e-03,7.513671e-04,4.877569e-02,2.181533e-01,2.318841e-02,2.934702e-02,3.913105e-02,2.837536e-03,1.395614e-02,2.501777e-01,3.114420e-01,2.522164e-03,9.807081e-03
2.582127e-02,2.067202e-02,3.535186e-03,1.347782e-03,5.856027e-02,2.047812e-01,1.967483e-02,2.120837e-02,3.496088e-02,2.208586e-03,1.082849e-02,2.136388e-01,3.733051e-01,2.029036e-03,7.428017e-03
3.615509e-02,1.747927e-02,3.126748e-03,2.834595e-03,5.157524e-02,2.334771e-01,1.506959e-02,1.597047e-02,3.048826e-02,1.902184e-03,8.559772e-03,1.927058e-01,3.832051e-01,1.677647e-03,5.773095e-03
4.324118e-02,1.504921e-02,2.545602e-03,2.322051e-03,5.112817e-02,2.167824e-01,1.410670e-01,1.241171e-02,3.161183e-02,1.637350e-03,6.231906e-03,1.421398e-01,3.254945e-01,1.313969e-03,7.023386e-03
4.999532e-02,1.140584e-02,2.317006e-03,2.228992e-03,1.424812e-01,1.884986e-01,2.000276e-01,1.555882e-02,2.427192e-02,1.263570e-03,4.461866e-03,1.000281e-01,2.507216e-01,1.146265e-03,5.593270e-03
3.790069e-02,8.240947e-03,2.269590e-03,2.290515e-03,2.478623e-01,1.426188e-01,2.659788e-01,1.842413e-02,1.727380e-02,2.025599e-03,3.280499e-03,7.011286e-02,1.765487e-01,9.720396e-04,4.200657e-03
2.789632e-02,5.793354e-03,1.759976e-03,1.905033e-03,3.091836e-01,1.003834e-01,2.525553e-01,1.327472e-02,1.239486e-02,7.742336e-02,9.367226e-03,4.927930e-02,1.243013e-01,1.268591e-03,1.321368e-02
1.960054e-02,4.084873e-03,1.248537e-03,1.533585e-03,2.203663e-01,7.039711e-02,3.025110e-01,9.339508e-03,8.876720e-03,1.837829e-01,3.197200e-02,3.488873e-02,8.982340e-02,9.981788e-04,2.057655e-02
1.376064e-02,2.956870e-03,8.877250e-04,1.130540e-03,1.544589e-01,4.935206e-02,2.621103e-01,6.570664e-03,6.608185e-03,3.228894e-01,4.923604e-02,2.583485e-02,6.528226e-02,1.676909e-03,3.724468e-02
9.688542e-03,2.199476e-03,6.509833e-04,8.295131e-04,1.083069e-01,3.457379e-02,1.992829e-01,4.656886e-03,6.575523e-03,4.504426e-01,4.734591e-02,1.875132e-02,4.785749e-02,3.492995e-03,6.534526e-02
7.308861e-03,1.977359e-03,1.217215e-03,6.143617e-04,7.604980e-02,2.438476e-02,1.419046e-01,3.341017e-03,6.702673e-03,4.361339e-01,5.043799e-02,1.332638e-02,3.471949e-02,1.272431e-02,1.891572e-01
5.424194e-03,1.712913e-03,1.084108e-03,4.463530e-04,5.381794e-02,1.755432e-02,1.016537e-01,2.349645e-03,1.025188e-02,3.594295e-01,4.853012e-02,9.501809e-03,2.472750e-02,3.747407e-02,3.260419e-01
4.092908e-03,3.162367e-03,2.136010e-03,4.276450e-04,3.809123e-02,1.382393e-02,7.205568e-02,1.671708e-03,1.536447e-02,3.240349e-01,4.305745e-02,7.972860e-03,1.860586e-02,4.286963e-02,4.126333e-01
6.003024e-03,6.716082e-03,1.205403e-02,1.282947e-03,2.789907e-02,2.920839e-02,5.134980e-02,1.247189e-03,2.272900e-02,2.471089e-01,4.561886e-02,9.556147e-03,1.740792e-02,5.962131e-02,4.621973e-01
1.036942e-02,7.736369e-03,1.243717e-02,1.075477e-03,2.084810e-02,2.535306e-02,3.656867e-02,9.093278e-04,2.386855e-02,1.801846e-01,4.177096e-02,7.573809e-03,1.355329e-02,8.410342e-02,5.336478e-01
1.194627e-02,7.097289e-03,9.478804e-03,8.156876e-04,1.526078e-02,1.877361e-02,2.576505e-02,6.409142e-04,2.520397e-02,1.390454e-01,6.527503e-02,5.635347e-03,9.880092e-03,2.117577e-01,4.534240e-01
1.081170e-02,7.863451e-03,7.179886e-03,6.196789e-04,1.176806e-02,1.605403e-02,1.809989e-02,4.652973e-04,3.166370e-02,1.116302e-01,5.260492e-02,4.488873e-03,7.519179e-03,3.366914e-01,3.825398e-01
8.796273e-03,8.718060e-03,5.615569e-03,4.782151e-04,9.622480e-03,1.175006e-02,1.270629e-02,3.461679e-04,6.372503e-02,8.708491e-02,5.451341e-02,3.317103e-03,5.638367e-03,3.369303e-01,3.907577e-01
7.460666e-03,1.240909e-02,5.035375e-03,4.961472e-04,7.803912e-03,8.651202e-03,8.950757e-03,3.212189e-04,1.605891e-01,8.423282e-02,4.549872e-02,2.729242e-03,4.544395e-03,3.453321e-01,3.059452e-01
7.099113e-03,2.346808e-02,4.553102e-03,4.687516e-04,6.567622e-03,6.914568e-03,6.308655e-03,2.939879e-04,1.937820e-01,8.077884e-02,3.610602e-02,2.129214e-03,3.474195e-03,3.845159e-01,2.435399e-01
1.265253e-02,3.167261e-02,4.392427e-02,2.670032e-03,8.587690e-03,5.669982e-03,4.553731e-03,6.519371e-04,2.575663e-01,9.304415e-02,3.182409e-02,2.357903e-03,3.537530e-03,3.052596e-01,1.960276e-01
5.115621e-02,2.816423e-02,7.872725e-02,1.308171e-02,9.403991e-03,8.562097e-03,3.410169e-03,1.366971e-03,2.968743e-01,8.879088e-02,2.558874e-02,3.210012e-03,3.402797e-03,2.248616e-01,1.633991e-01
5.813518e-02,2.406723e-02,1.904170e-01,1.757945e-02,9.925405e-03,9.014854e-03,2.492835e-03,1.276151e-03,2.396239e-01,8.280121e-02,2.101049e-02,3.260606e-03,3.146749e-03,1.656733e-01,1.715756e-01
6.220025e-02,2.281987e-02,2.735553e-01,1.961277e-02,1.462756e-02,1.269531e-02,1.916660e-03,1.477451e-03,1.840477e-01,9.117445e-02,1.657738e-02,2.791781e-03,2.706045e-03,1.298861e-01,1.639113e-01
6.620914e-02,2.428989e-02,2.922744e-01,8.133525e-02,3.643082e-02,1.619642e-02,1.656304e-03,4.238454e-03,1.396953e-01,8.075923e-02,1.366097e-02,2.869064e-03,2.773797e-03,9.646090e-02,1.411501e-01
5.709414e-02,1.791045e-02,4.224405e-01,9.640135e-02,3.199198e-02,1.252809e-02,1.245738e-03,7.890154e-03,1.033061e-01,5.844060e-02,1.020221e-02,2.522178e-03,2.362114e-03,6.810047e-02,1.075640e-01
8.239126e-02,1.475688e-02,3.971611e-01,7.435101e-02,1.482559e-01,1.453399e-02,1.963307e-03,6.919967e-03,7.901933e-02,4.263028e-02,7.817330e-03,2.259150e-03,2.183939e-03,4.814097e-02,7.761569e-02
9.474547e-02,1.683840e-02,3.135516e-01,5.867722e-02,2.757094e-01,1.640874e-02,3.139699e-03,6.373818e-03,7.960127e-02,3.101308e-02,6.752344e-03,2.778894e-03,3.622164e-03,3.415522e-02,5.663272e-02
1.134305e-01,2.802943e-02,2.552789e-01,6.341763e-02,3.121020e-01,4.353151e-02,4.241537e-03,7.185156e-03,6.123023e-02,2.334876e-02,7.086695e-03,5.762064e-03,5.061854e-03,2.543811e-02,4.485567e-02
1.170771e-01,3.304705e-02,2.349042e-01,8.155723e-02,3.248334e-01,5.110701e-02,4.817507e-03,1.492967e-02,4.717646e-02,1.729093e-02,7.424905e-03,6.485857e-03,5.526192e-03,1.920436e-02,3.461818e-02
1.208877e-01,2.648312e-02,2.433767e-01,7.166430e-02,2.730789e-01,4.146428e-02,4.573069e-03,1.048818e-01,3.432845e-02,1.295457e-02,9.669380e-03,7.187859e-03,1.095973e-02,1.368530e-02,2.480490e-02
1.050456e-01,1.934800e-02,2.116889e-01,5.292268e-02,1.966727e-01,2.981761e-02,4.793290e-03,2.967960e-01,2.430925e-02,9.142608e-03,7.939970e-03,5.450588e-03,8.966349e-03,9.606934e-03,1.749947e-02
8.686905e-02,1.420021e-02,1.948849e-01,4.164329e-02,1.404702e-01,2.131336e-02,5.454047e-03,4.360161e-01,1.724068e-02,6.447467e-03,5.856700e-03,3.913687e-03,6.595714e-03,6.760974e-03,1.233357e-02
6.299159e-02,1.000814e-02,1.370645e-01,2.937364e-02,9.897684e-02,1.499655e-02,4.174189e-03,6.008622e-01,1.208226e-02,4.520288e-03,4.147703e-03,2.757879e-03,4.659566e-03,4.741516e-03,8.643078e-03
4.612542e-02,7.041400e-03,9.611068e-02,2.064709e-02,7.053369e-02,1.054948e-02,3.088380e-03,7.167050e-01,8.474202e-03,3.166859e-03,2.940598e-03,1.947594e-03,3.288187e-03,3.325454e-03,6.056013e-03
3.457846e-02,4.965972e-03,6.735472e-02,1.454597e-02,5.043476e-02,7.744771e-03,2.419921e-03,7.972584e-01,5.961720e-03,2.219861e-03,2.111522e-03,1.435519e-03,2.379525e-03,2.337991e-03,4.250948e-03
2.537444e-02,3.489761e-03,4.720025e-02,1.025150e-02,3.636420e-02,5.831096e-03,2.007926e-03,8.546685e-01,4.182329e-03,1.555030e-03,1.518398e-03,1.099702e-03,1.832393e-03,1.640510e-03,2.983946e-03
1.930368e-02,2.462330e-03,3.307306e-02,7.240208e-03,2.766023e-02,4.351413e-03,1.640728e-03,8.936431e-01,2.938103e-03,1.090016e-03,1.097276e-03,8.370296e-04,1.411901e-03,1.154478e-03,2.096428e-03
1.587568e-02,1.751648e-03,2.318136e-02,5.105732e-03,2.105653e-02,3.371114e-03,1.711129e-03,9.201946e-01,2.068154e-03,7.667065e-04,8.072769e-04,6.618921e-04,1.149648e-03,8.148815e-04,1.483678e-03
1.584696e-02,1.269964e-03,1.628430e-02,3.697381e-03,1.599226e-02,2.988047e-03,1.436403e-03,9.365016e-01,1.473564e-03,5.511357e-04,6.352761e-04,6.510548e-04,1.014944e-03,5.816267e-04,1.075485e-03
1.709829e-02,9.365056e-04,1.143025e-02,2.694255e-03,1.243719e-02,2.864386e-03,1.289315e-03,9.452658e-01,1.097443e-03,4.017617e-04,5.808905e-04,9.625890e-04,1.696943e-03,4.304732e-04,8.140035e-04
3.725903e-02,6.758914e-04,8.048380e-03,2.081050e-03,9.979036e-03,2.746900e-03,1.167546e-03,9.272157e-01,8.115555e-04,3.060300e-04,1.684627e-03,2.787818e-03,4.320637e-03,3.233008e-04,5.925306e-04
2.865472e-02,4.845199e-04,5.677480e-03,1.530688e-03,7.080104e-03,2.940862e-03,9.925405e-04,7.314113e-01,6.220685e-04,8.658764e-04,5.240282e-03,1.931350e-01,1.804906e-02,2.879633e-03,4.358416e-04
2.033330e-02,3.461199e-04,3.992554e-03,1.093991e-03,5.161124e-03,2.316658e-03,7.521038e-04,5.172493e-01,4.746061e-04,5.144935e-03,1.642764e-02,3.669089e-01,1.739705e-02,4.203868e-02,3.629829e-04
1.429588e-02,2.487463e-04,2.799435e-03,7.735647e-04,3.711742e-03,1.700818e-03,5.525991e-04,3.630842e-01,3.638205e-04,4.615649e-03,2.604190e-02,5.189772e-01,1.291498e-02,4.965962e-02,2.598305e-04
1.016133e-02,2.522776e-04,1.980708e-03,7.086830e-04,3.880953e-03,1.442312e-03,4.139715e-04,2.545481e-01,4.678505e-04,4.112254e-03,5.421804e-02,6.188064e-01,9.416177e-03,3.933635e-02,2.545805e-04
7.180950e-03,6.558274e-04,1.421491e-03,5.662954e-04,6.476576e-03,1.218732e-03,3.132262e-04,1.785157e-01,5.595606e-04,3.909770e-03,8.538270e-02,6.578637e-01,6.882071e-03,4.885372e-02,1.997700e-04
5.133225e-03,9.875884e-04,1.032563e-03,4.307003e-04,8.637771e-03,1.061992e-03,2.894124e-04,1.251657e-01,7.831309e-04,6.507394e-03,1.066618e-01,6.805879e-01,5.264347e-03,5.729202e-02,1.644842e-04
3.857410e-03,1.415924e-03,7.599256e-04,3.343801e-04,8.872226e-03,1.085872e-03,3.759170e-04,8.780822e-02,1.775404e-03,7.513268e-03,1.544209e-01,6.572360e-01,4.516873e-03,6.987991e-02,1.478176e-04
2.786242e-03,3.643740e-03,8.574866e-04,2.554377e-04,1.190660e-02,2.843793e-03,5.638899e-04,6.154988e-02,2.207862e-03,7.723869e-03,1.330330e-01,7.143800e-01,3.658585e-03,5.441664e-02,1.730224e-04
1.991381e-03,2.659495e-03,6.686455e-04,2.021358e-04,9.694196e-03,2.213828e-03,5.345526e-04,4.311538e-02,1.988126e-03,6.147408e-03,2.328559e-01,6.558628e-01,2.874207e-03,3.904071e-02,1.512653e-04
1.600086e-03,2.113474e-03,6.119204e-04,1.813491e-04,9.878706e-03,1.787309e-03,5.044964e-04,3.022508e-02,1.946175e-03,5.051169e-03,2.925075e-01,6.220214e-01,2.351687e-03,2.909094e-02,1.287499e-04
1.406261e-03,1.700771e-03,6.434609e-04,1.759325e-04,1.379467e-02,1.438945e-03,4.307607e-04,2.118729e-02,2.143985e-03,4.658046e-03,3.595992e-01,5.677976e-01,2.431724e-03,2.247894e-02,1.125011e-04
1.715787e-03,2.344174e-03,8.661430e-04,2.961849e-04,2.800674e-02,1.507359e-03,5.926992e-04,1.488537e-02,2.978674e-03,3.994817e-03,4.205450e-01,4.997990e-01,2.974419e-03,1.908732e-02,4.063281e-04
2.331235e-03,3.215675e-03,1.827711e-03,5.925418e-04,6.424341e-02,1.752367e-03,9.206135e-04,1.056025e-02,8.457485e-03,3.750250e-03,4.449416e-01,4.332537e-01,3.810103e-03,1.959623e-02,7.469184e-04
2.868184e-03,3.115889e-03,2.450286e-03,1.156133e-03,1.493172e-01,2.893042e-03,1.911389e-03,8.296615e-03,1.427246e-02,3.244886e-03,4.212666e-01,3.495418e-01,4.580006e-03,3.417984e-02,9.057146e-04
4.836964e-03,3.443566e-03,8.593679e-03,1.468418e-03,2.153352e-01,3.626578e-03,2.767360e-03,1.481043e-02,2.572281e-02,2.937454e-03,4.117888e-01,2.620034e-01,5.637183e-03,3.561101e-02,1.417218e-03
8.980593e-03,3.841009e-03,1.492762e-02,1.312573e-03,3.035594e-01,4.105367e-03,5.155638e-03,3.827940e-02,3.377514e-02,3.190695e-03,3.581527e-01,1.906216e-01,5.822665e-03,2.679864e-02,1.476923e-03
9.356647e-03,3.070237e-03,2.397053e-02,1.698919e-03,2.552792e-01,3.516883e-03,8.317092e-03,2.147021e-01,2.869219e-02,2.844145e-03,2.886417e-01,1.345105e-01,5.075315e-03,1.916349e-02,1.161020e-03
9.524575e-03,3.024286e-03,2.078720e-02,1.344223e-03,4.349203e-01,4.496348e-03,2.352749e-02,1.550538e-01,2.228790e-02,2.259511e-03,2.097096e-01,9.449423e-02,4.047871e-03,1.367364e-02,8.489446e-04
1.152186e-02,2.298696e-03,1.808364e-02,1.815854e-03,4.883792e-01,4.290891e-03,2.227706e-02,2.042075e-01,1.596322e-02,1.596071e-03,1.500541e-01,6.629665e-02,2.973511e-03,9.626789e-03,6.150777e-04
1.448674e-02,1.712924e-03,1.356618e-02,4.696026e-03,5.017502e-01,9.838346e-03,1.824321e-02,2.620165e-01,1.135172e-02,1.137101e-03,1.052804e-01,4.650074e-02,2.196939e-03,6.770976e-03,4.520300e-04
1.498424e-02,1.237892e-03,9.663215e-03,4.554885e-03,5.544746e-01,8.176401e-02,1.320043e-02,1.969147e-01,8.009837e-03,8.140263e-04,7.409972e-02,3.280336e-02,2.359359e-03,4.760794e-03,3.588984e-04
3.337320e-02,1.001033e-03,7.814784e-03,5.261435e-03,5.297868e-01,1.749906e-01,9.663703e-03,1.489009e-01,5.769602e-03,6.058297e-04,5.227743e-02,2.321320e-02,3.584491e-03,3.338210e-03,4.187676e-04
3.374498e-02,7.735944e-04,5.737412e-03,3.924106e-03,4.374197e-01,3.396493e-01,8.282195e-03,1.052969e-01,4.155459e-03,4.744511e-04,3.678337e-02,1.661211e-02,4.465720e-03,2.340708e-03,3.400035e-04
2.991044e-02,7.577945e-04,4.846686e-03,2.975235e-03,3.395335e-01,4.902942e-01,7.165138e-03,7.461261e-02,3.023434e-03,3.916731e-04,2.594341e-02,1.359832e-02,4.982922e-03,1.664285e-03,3.002859e-04
2.353452e-02,1.160370e-03,4.481513e-03,2.235063e-03,2.400715e-01,6.136803e-01,5.824568e-03,5.255863e-02,2.419973e-03,5.986298e-04,1.861718e-02,1.519859e-02,1.753958e-02,1.200371e-03,8.790958e-04
1.710646e-02,1.093831e-03,3.462056e-03,1.655509e-03,1.686953e-01,6.644577e-01,4.351316e-03,3.698647e-02,1.806720e-03,7.122725e-04,1.389724e-02,2.009568e-02,6.287978e-02,9.199282e-04,1.879677e-03
1.462761e-02,1.115733e-03,2.843791e-03,1.391190e-03,1.184210e-01,5.098955e-01,3.366526e-03,2.637937e-02,2.512020e-03,1.310369e-03,1.202482e-02,1.274770e-01,1.748831e-01,8.236484e-04,2.928379e-03
1.080153e-02,2.128150e-03,2.108565e-03,1.007218e-03,8.295152e-02,3.624781e-01,2.417925e-03,1.861262e-02,2.611120e-03,1.179355e-03,1.328026e-02,1.701039e-01,3.261948e-01,7.472099e-04,3.377664e-03
7.810757e-03,2.985851e-03,1.662646e-03,7.618997e-04,5.815633e-02,2.863517e-01,1.739827e-03,1.312854e-02,4.531194e-03,1.454536e-03,2.210729e-02,2.821890e-01,3.110130e-01,8.997965e-04,5.207702e-03
5.566436e-03,5.963681e-03,1.348991e-03,6.478445e-04,4.117551e-02,2.029951e-01,1.253209e-03,9.555952e-03,1.154056e-01,1.584703e-03,1.985238e-02,3.327199e-01,2.515961e-01,9.105717e-04,9.424034e-03
4.148826e-03,7.584953e-03,1.325808e-03,6.467489e-04,2.924505e-02,1.503760e-01,9.199481e-04,7.027288e-03,1.152633e-01,1.538776e-03,6.988301e-02,4.024211e-01,1.910618e-01,3.779491e-03,1.477785e-02
3.022490e-03,9.262376e-03,1.253295e-03,8.798515e-04,2.089896e-02,1.133781e-01,7.346714e-04,5.225499e-03,1.762517e-01,1.309316e-03,1.756540e-01,3.252660e-01,1.351170e-01,7.262305e-03,2.448451e-02
2.203177e-03,9.938667e-03,1.584324e-03,1.090664e-03,1.504567e-02,9.123145e-02,5.734593e-04,3.748817e-03,2.044066e-01,1.464652e-03,2.578086e-01,2.706703e-01,9.672650e-02,1.900827e-02,2.449888e-02
1.592732e-03,7.880487e-03,1.380312e-03,9.809150e-04,1.080619e-02,6.490774e-02,4.195918e-04,2.670376e-03,1.818988e-01,1.271136e-03,4.270849e-01,1.973116e-01,6.797204e-02,1.609169e-02,1.773144e-02
1.283958e-03,7.601541e-03,1.962314e-03,1.430628e-03,8.084130e-03,4.994094e-02,3.352948e-04,2.056635e-03,2.339078e-01,1.854502e-03,4.513853e-01,1.508212e-01,4.885358e-02,2.682715e-02,1.365503e-02
1.060750e-03,6.721971e-03,1.709096e-03,1.305370e-03,5.877321e-03,3.621240e-02,2.521233e-04,1.496045e-03,2.411431e-01,1.941106e-03,4.709706e-01,1.193873e-01,3.607633e-02,6.568497e-02,1.016156e-02
9.612197e-04,7.904646e-03,1.571896e-03,1.076410e-03,4.488095e-03,2.697068e-02,1.862219e-04,1.072924e-03,2.524348e-01,2.010071e-03,4.380185e-01,8.776659e-02,2.553125e-02,1.423285e-01,7.678293e-03
8.376680e-04,1.768208e-02,2.277031e-03,9.090772e-04,3.467590e-03,2.049677e-02,1.471931e-04,8.200603e-04,3.569949e-01,2.226593e-03,3.240503e-01,6.902520e-02,1.835240e-02,1.767434e-01,5.969789e-03
7.246356e-04,1.664881e-02,2.470662e-03,6.999683e-04,3.861003e-03,1.475476e-02,1.089254e-04,6.030087e-04,4.591247e-01,2.331218e-03,2.712841e-01,4.995123e-02,1.290824e-02,1.583721e-01,6.156666e-03
7.436524e-04,1.223664e-02,2.308084e-03,5.220319e-04,3.139138e-03,1.214974e-02,7.908756e-05,4.380572e-04,4.923161e-01,2.251449e-03,1.975540e-01,3.503111e-02,9.050365e-03,2.233397e-01,8.840829e-03
3.290387e-03,1.622002e-02,2.624525e-03,5.214369e-04,6.089044e-03,9.112420e-03,6.355796e-05,3.327149e-04,5.101879e-01,2.426177e-03,1.529565e-01,2.456489e-02,6.357886e-03,2.161317e-01,4.912079e-02
1.018285e-02,1.343529e-02,1.111117e-02,1.088831e-02,6.096870e-03,1.199531e-02,1.002157e-04,8.432123e-04,4.594327e-01,2.782027e-03,1.085941e-01,1.724700e-02,4.614911e-03,1.650527e-01,1.776233e-01
2.677778e-02,1.386687e-02,8.610914e-03,8.450109e-03,6.902541e-03,1.090629e-02,8.806113e-05,9.164920e-04,4.295266e-01,3.401775e-03,8.247852e-02,1.220274e-02,3.857296e-03,1.310042e-01,2.610098e-01
6.019344e-02,2.146054e-02,3.696267e-02,4.849635e-02,1.032862e-02,1.537977e-02,1.236914e-04,5.462934e-03,3.843196e-01,5.775326e-03,6.905212e-02,9.007627e-03,3.720078e-03,1.002517e-01,2.294656e-01
8.295166e-02,1.882319e-02,6.209277e-02,5.587178e-02,1.112521e-02,2.712169e-02,1.780687e-04,7.269434e-03,3.777148e-01,4.665290e-03,5.884553e-02,6.537157e-03,3.011278e-03,1.108046e-01,1.729875e-01
9.129182e-02,1.421315e-02,1.585110e-01,9.851816e-02,1.140398e-02,2.572484e-02,2.157206e-04,8.668642e-03,3.214473e-01,4.109577e-03,4.427368e-02,4.809426e-03,2.319430e-03,8.685701e-02,1.276363e-01
7.723305e-02,1.019984e-02,2.843628e-01,1.294577e-01,9.609041e-03,2.016309e-02,2.010888e-04,8.880499e-03,2.541771e-01,4.034862e-03,3.823697e-02,3.536635e-03,1.683750e-03,6.596933e-02,9.225437e-02
8.652249e-02,7.982997e-03,3.429197e-01,1.117129e-01,1.296036e-02,1.999323e-02,1.950734e-04,8.945950e-03,2.104850e-01,5.579142e-03,4.204720e-02,2.798641e-03,1.352335e-03,7.496367e-02,7.154131e-02
9.845954e-02,6.619862e-03,3.973811e-01,9.988067e-02,1.578422e-02,1.716174e-02,2.757108e-04,8.826414e-03,1.666528e-01,4.319355e-03,4.659012e-02,2.107478e-03,1.079994e-03,8.313724e-02,5.172367e-02
9.206461e-02,5.947796e-03,4.585609e-01,9.006663e-02,1.550836e-02,1.519058e-02,3.580404e-04,1.461899e-02,1.327114e-01,3.646863e-03,3.700554e-02,1.581017e-03,9.275870e-04,9.425931e-02,3.755229e-02
8.586638e-02,5.584499e-03,5.176842e-01,8.527706e-02,1.475514e-02,1.297034e-02,4.307537e-04,1.502421e-02,1.077801e-01,3.815944e-03,2.995656e-02,1.339219e-03,9.022283e-04,8.995100e-02,2.866234e-02
1.145963e-01,9.491039e-03,5.084522e-01,8.095235e-02,2.689707e-02,1.095621e-02,1.030678e-03,1.460456e-02,9.313318e-02,3.749895e-03,2.822112e-02,2.666628e-03,1.730120e-03,8.050933e-02,2.300931e-02
1.677666e-01,1.262054e-02,4.496042e-01,7.239978e-02,4.516362e-02,1.177182e-02,1.700475e-03,1.666021e-02,9.074979e-02,3.632224e-03,2.571663e-02,4.740192e-03,2.634883e-03,7.230531e-02,2.253372e-02
2.773718e-01,1.313265e-02,3.782046e-01,6.228201e-02,4.401584e-02,1.043541e-02,2.845884e-03,1.673568e-02,7.967672e-02,2.996487e-03,2.194287e-02,5.565189e-03,2.866882e-03,6.436530e-02,1.756275e-02
4.131422e-01,1.186083e-02,2.886061e-01,4.699823e-02,3.688536e-02,9.018030e-03,3.446211e-03,1.349429e-02,6.880014e-02,2.899743e-03,1.955962e-02,7.191974e-03,3.180851e-03,6.098549e-02,1.393084e-02
4.854086e-01,1.080194e-02,2.624572e-01,3.907344e-02,2.823874e-02,8.634746e-03,4.157644e-03,1.301612e-02,5.424559e-02,3.664854e-03,1.498698e-02,1.286620e-02,3.509071e-03,4.519619e-02,1.374269e-02
1.000000e+00,0.000000e+00,0.000000e+00,0.000000e+00,0.000000e+00,0.000000e+00,0.000000e+00,0.000000e+00,0.000000e+00,0.000000e+00,0.000000e+00,0.000000e+00,0.000000e+00,0.000000e+00,0.000000e+00
1.000000e+00,0.000000e+00,0.000000e+00,0.000000e+00,0.000000e+00,0.000000e+00,0.000000e+00,0.000000e+00,0.000000e+00,0.000000e+00,0.000000e+00,0.000000e+00,0.000000e+00,0.000000e+00,0.000000e+00
3.902582e-01,1.115935e-02,1.379684e-01,3.743581e-02,1.225789e-02,1.195777e-02,3.168443e-03,1.352738e-02,6.010661e-02,2.308157e-02,1.211785e-02,2.647668e-02,8.203393e-03,3.007910e-02,2.222016e-01
2.739110e-01,8.453961e-03,9.758335e-02,2.705549e-02,8.646725e-03,8.514275e-03,2.227791e-03,9.541133e-03,8.116508e-02,1.717087e-01,1.032690e-02,1.918342e-02,7.927937e-03,2.470783e-02,2.490464e-01
1.919348e-01,6.172700e-03,6.921563e-02,1.919482e-02,6.103488e-03,6.029628e-03,1.570980e-03,6.735110e-03,7.913268e-02,3.117425e-01,8.608774e-03,1.375541e-02,6.090932e-03,2.221929e-02,2.514932e-01
1.345818e-01,4.598186e-03,4.854592e-02,1.348871e-02,4.317902e-03,4.348218e-03,1.106219e-03,4.757140e-03,7.672618e-02,3.770263e-01,1.005260e-02,1.102068e-02,1.131837e-02,1.948067e-02,2.786310e-01
9.428155e-02,3.302692e-03,3.404149e-02,9.536006e-03,3.036048e-03,3.180650e-03,7.789600e-04,3.357858e-03,1.809838e-01,3.639555e-01,8.827124e-03,8.622370e-03,1.009167e-02,1.472731e-02,2.612769e-01
6.626242e-02,3.045458e-03,2.395558e-02,7.495164e-03,3.376047e-03,2.688361e-03,5.578569e-04,3.036496e-03,2.259759e-01,2.651002e-01,1.051588e-01,8.557341e-03,2.312587e-02,1.656041e-02,2.451041e-01
4.779354e-02,5.386760e-03,2.503080e-02,4.970623e-02,2.640002e-02,3.029439e-03,9.260840e-04,1.397105e-02,2.762374e-01,1.913869e-01,9.868111e-02,7.266163e-03,3.283713e-02,1.612244e-02,2.052249e-01
3.450732e-02,1.247904e-02,3.003320e-02,1.642556e-01,4.037406e-02,3.435241e-03,9.649156e-04,1.196311e-02,3.038492e-01,1.348051e-01,7.157429e-02,5.250285e-03,2.391564e-02,1.168973e-02,1.509033e-01
3.000939e-02,5.703133e-02,7.781725e-02,1.442171e-01,1.204079e-01,2.132604e-02,3.155830e-03,9.097498e-03,2.481673e-01,9.532821e-02,5.131169e-02,3.724680e-03,1.690829e-02,8.387975e-03,1.131095e-01
3.142368e-02,1.017199e-01,7.554093e-02,1.279785e-01,1.613481e-01,8.579838e-02,7.578406e-03,8.375181e-03,1.904342e-01,6.764491e-02,3.685749e-02,2.657664e-03,1.204042e-02,6.095553e-03,8.450679e-02
2.509478e-02,1.179446e-01,7.043485e-02,1.762923e-01,2.288206e-01,6.456373e-02,8.654820e-03,9.135172e-03,1.494211e-01,4.808433e-02,2.628931e-02,1.933541e-03,8.689865e-03,4.299218e-03,6.034184e-02
2.734575e-02,1.331626e-01,5.887571e-02,1.517336e-01,2.022142e-01,5.368650e-02,7.800108e-03,1.071894e-01,1.346621e-01,3.611591e-02,2.752978e-02,1.834835e-03,1.125485e-02,3.259233e-03,4.333548e-02
2.708383e-02,1.004481e-01,5.654835e-02,1.219641e-01,2.163988e-01,6.277793e-02,8.353260e-03,1.034512e-01,1.076323e-01,6.855806e-02,5.952053e-02,1.954445e-03,1.749735e-02,4.996263e-03,4.281553e-02
1.964783e-02,7.534576e-02,4.003321e-02,8.955446e-02,1.534165e-01,5.786880e-02,6.660806e-03,7.264388e-02,2.412722e-01,5.957398e-02,7.253033e-02,1.877519e-03,2.812017e-02,4.621981e-03,7.683253e-02
1.423132e-02,5.411274e-02,2.826313e-02,6.317308e-02,1.082758e-01,4.443147e-02,4.910954e-03,5.091530e-02,2.160942e-01,4.673453e-02,8.559589e-02,1.482907e-03,2.495066e-02,5.487121e-03,2.513409e-01
1.017915e-02,3.903104e-02,1.998254e-02,4.455918e-02,7.617257e-02,3.285914e-02,3.604016e-03,3.568756e-02,2.776196e-01,3.747080e-02,6.283960e-02,1.151703e-03,1.846213e-02,1.004810e-02,3.303329e-01
8.116460e-03,2.842052e-02,1.433909e-02,3.207054e-02,5.352137e-02,2.558505e-02,2.573182e-03,2.500762e-02,4.368255e-01,2.840169e-02,4.515655e-02,1.343685e-03,1.400599e-02,7.981610e-03,2.766512e-01
8.700115e-03,2.033645e-02,1.014191e-02,2.280620e-02,3.784215e-02,2.186475e-02,1.888281e-03,1.759556e-02,3.439149e-01,2.609400e-02,4.572152e-02,1.752555e-03,1.432254e-02,8.186702e-03,4.188324e-01
9.854868e-03,1.525956e-02,7.400468e-03,1.733001e-02,2.736422e-02,1.881021e-02,1.373162e-03,1.241644e-02,4.110227e-01,1.973302e-02,3.424152e-02,1.728940e-03,1.172245e-02,6.896570e-03,4.048460e-01
1.375677e-02,1.101712e-02,5.252419e-03,1.227385e-02,1.969234e-02,1.425758e-02,9.859877e-04,8.752394e-03,3.043766e-01,1.541178e-02,3.016150e-02,1.414737e-03,9.578869e-03,7.380932e-03,5.456872e-01
