1.000000e+00,0.000000e+00,0.000000e+00,0.000000e+00,0.000000e+00,0.000000e+00,0.000000e+00,0.000000e+00,0.000000e+00,0.000000e+00,0.000000e+00,0.000000e+00,0.000000e+00,0.000000e+00,0.000000e+00
1.000000e+00,0.000000e+00,0.000000e+00,0.000000e+00,0.000000e+00,0.000000e+00,0.000000e+00,0.000000e+00,0.000000e+00,0.000000e+00,0.000000e+00,0.000000e+00,0.000000e+00,0.000000e+00,0.000000e+00
1.000000e+00,0.000000e+00,0.000000e+00,0.000000e+00,0.000000e+00,0.000000e+00,0.000000e+00,0.000000e+00,0.000000e+00,0.000000e+00,0.000000e+00,0.000000e+00,0.000000e+00,0.000000e+00,0.000000e+00
1.000000e+00,0.000000e+00,0.000000e+00,0.000000e+00,0.000000e+00,0.000000e+00,0.000000e+00,0.000000e+00,0.000000e+00,0.000000e+00,0.000000e+00,0.000000e+00,0.000000e+00,0.000000e+00,0.000000e+00
1.000000e+00,0.000000e+00,0.000000e+00,0.000000e+00,0.000000e+00,0.000000e+00,0.000000e+00,0.000000e+00,0.000000e+00,0.000000e+00,0.000000e+00,0.000000e+00,0.000000e+00,0.000000e+00,0.000000e+00
1.000000e+00,0.000000e+00,0.000000e+00,0.000000e+00,0.000000e+00,0.000000e+00,0.000000e+00,0.000000e+00,0.000000e+00,0.000000e+00,0.000000e+00,0.000000e+00,0.000000e+00,0.000000e+00,0.000000e+00
1.000000e+00,0.000000e+00,0.000000e+00,0.000000e+00,0.000000e+00,0.000000e+00,0.000000e+00,0.000000e+00,0.000000e+00,0.000000e+00,0.000000e+00,0.000000e+00,0.000000e+00,0.000000e+00,0.000000e+00
1.000000e+00,0.000000e+00,0.000000e+00,0.000000e+00,0.000000e+00,0.000000e+00,0.000000e+00,0.000000e+00,0.000000e+00,0.000000e+00,0.000000e+00,0.000000e+00,0.000000e+00,0.000000e+00,0.000000e+00
1.000000e+00,0.000000e+00,0.000000e+00,0.000000e+00,0.000000e+00,0.000000e+00,0.000000e+00,0.000000e+00,0.000000e+00,0.000000e+00,0.000000e+00,0.000000e+00,0.000000e+00,0.000000e+00,0.000000e+00
1.000000e+00,0.000000e+00,0.000000e+00,0.000000e+00,0.000000e+00,0.000000e+00,0.000000e+00,0.000000e+00,0.000000e+00,0.000000e+00,0.000000e+00,0.000000e+00,0.000000e+00,0.000000e+00,0.000000e+00
1.000000e+00,0.000000e+00,0.000000e+00,0.000000e+00,0.000000e+00,0.000000e+00,0.000000e+00,0.000000e+00,0.000000e+00,0.000000e+00,0.000000e+00,0.000000e+00,0.000000e+00,0.000000e+00,0.000000e+00
1.000000e+00,0.000000e+00,0.000000e+00,0.000000e+00,0.000000e+00,0.000000e+00,0.000000e+00,0.000000e+00,0.000000e+00,0.000000e+00,0.000000e+00,0.000000e+00,0.000000e+00,0.000000e+00,0.000000e+00
1.000000e+00,0.000000e+00,0.000000e+00,0.000000e+00,0.000000e+00,0.000000e+00,0.000000e+00,0.000000e+00,0.000000e+00,0.000000e+00,0.000000e+00,0.000000e+00,0.000000e+00,0.000000e+00,0.000000e+00
1.000000e+00,0.000000e+00,0.000000e+00,0.000000e+00,0.000000e+00,0.000000e+00,0.000000e+00,0.000000e+00,0.000000e+00,0.000000e+00,0.000000e+00,0.000000e+00,0.000000e+00,0.000000e+00,0.000000e+00
1.000000e+00,0.000000e+00,0.000000e+00,0.000000e+00,0.000000e+00,0.000000e+00,0.000000e+00,0.000000e+00,0.000000e+00,0.000000e+00,0.000000e+00,0.000000e+00,0.000000e+00,0.000000e+00,0.000000e+00
1.000000e+00,0.000000e+00,0.000000e+00,0.000000e+00,0.000000e+00,0.000000e+00,0.000000e+00,0.000000e+00,0.000000e+00,0.000000e+00,0.000000e+00,0.000000e+00,0.000000e+00,0.000000e+00,0.000000e+00
1.000000e+00,0.000000e+00,0.000000e+00,0.000000e+00,0.000000e+00,0.000000e+00,0.000000e+00,0.000000e+00,0.000000e+00,0.000000e+00,0.000000e+00,0.000000e+00,0.000000e+00,0.000000e+00,0.000000e+00
1.000000e+00,0.000000e+00,0.000000e+00,0.000000e+00,0.000000e+00,0.000000e+00,0.000000e+00,0.000000e+00,0.000000e+00,0.000000e+00,0.000000e+00,0.000000e+00,0.000000e+00,0.000000e+00,0.000000e+00
1.000000e+00,0.000000e+00,0.000000e+00,0.000000e+00,0.000000e+00,0.000000e+00,0.000000e+00,0.000000e+00,0.000000e+00,0.000000e+00,0.000000e+00,0.000000e+00,0.000000e+00,0.000000e+00,0.000000e+00
1.000000e+00,0.000000e+00,0.000000e+00,0.000000e+00,0.000000e+00,0.000000e+00,0.000000e+00,0.000000e+00,0.000000e+00,0.000000e+00,0.000000e+00,0.000000e+00,0.000000e+00,0.000000e+00,0.000000e+00
1.000000e+00,0.000000e+00,0.000000e+00,0.000000e+00,0.000000e+00,0.000000e+00,0.000000e+00,0.000000e+00,0.000000e+00,0.000000e+00,0.000000e+00,0.000000e+00,0.000000e+00,0.000000e+00,0.000000e+00
1.000000e+00,0.000000e+00,0.000000e+00,0.000000e+00,0.000000e+00,0.000000e+00,0.000000e+00,0.000000e+00,0.000000e+00,0.000000e+00,0.000000e+00,0.000000e+00,0.000000e+00,0.000000e+00,0.000000e+00
1.000000e+00,0.000000e+00,0.000000e+00,0.000000e+00,0.000000e+00,0.000000e+00,0.000000e+00,0.000000e+00,0.000000e+00,0.000000e+00,0.000000e+00,0.000000e+00,0.000000e+00,0.000000e+00,0.000000e+00
1.000000e+00,0.000000e+00,0.000000e+00,0.000000e+00,0.000000e+00,0.000000e+00,0.000000e+00,0.000000e+00,0.000000e+00,0.000000e+00,0.000000e+00,0.000000e+00,0.000000e+00,0.000000e+00,0.000000e+00
1.000000e+00,0.000000e+00,0.000000e+00,0.000000e+00,0.000000e+00,0.000000e+00,0.000000e+00,0.000000e+00,0.000000e+00,0.000000e+00,0.000000e+00,0.000000e+00,0.000000e+00,0.000000e+00,0.000000e+00
1.000000e+00,0.000000e+00,0.000000e+00,0.000000e+00,0.000000e+00,0.000000e+00,0.000000e+00,0.000000e+00,0.000000e+00,0.000000e+00,0.000000e+00,0.000000e+00,0.000000e+00,0.000000e+00,0.000000e+00
1.000000e+00,0.000000e+00,0.000000e+00,0.000000e+00,0.000000e+00,0.000000e+00,0.000000e+00,0.000000e+00,0.000000e+00,0.000000e+00,0.000000e+00,0.000000e+00,0.000000e+00,0.000000e+00,0.000000e+00
1.000000e+00,0.000000e+00,0.000000e+00,0.000000e+00,0.000000e+00,0.000000e+00,0.000000e+00,0.000000e+00,0.000000e+00,0.000000e+00,0.000000e+00,0.000000e+00,0.000000e+00,0.000000e+00,0.000000e+00
1.000000e+00,0.000000e+00,0.000000e+00,0.000000e+00,0.000000e+00,0.000000e+00,0.000000e+00,0.000000e+00,0.000000e+00,0.000000e+00,0.000000e+00,0.000000e+00,0.000000e+00,0.000000e+00,0.000000e+00
1.000000e+00,0.000000e+00,0.000000e+00,0.000000e+00,0.000000e+00,0.000000e+00,0.000000e+00,0.000000e+00,0.000000e+00,0.000000e+00,0.000000e+00,0.000000e+00,0.000000e+00,0.000000e+00,0.000000e+00
1.000000e+00,0.000000e+00,0.000000e+00,0.000000e+00,0.000000e+00,0.000000e+00,0.000000e+00,0.000000e+00,0.000000e+00,0.000000e+00,0.000000e+00,0.000000e+00,0.000000e+00,0.000000e+00,0.000000e+00
1.000000e+00,0.000000e+00,0.000000e+00,0.000000e+00,0.000000e+00,0.000000e+00,0.000000e+00,0.000000e+00,0.000000e+00,0.000000e+00,0.000000e+00,0.000000e+00,0.000000e+00,0.000000e+00,0.000000e+00
1.000000e+00,0.000000e+00,0.000000e+00,0.000000e+00,0.000000e+00,0.000000e+00,0.000000e+00,0.000000e+00,0.000000e+00,0.000000e+00,0.000000e+00,0.000000e+00,0.000000e+00,0.000000e+00,0.000000e+00
1.000000e+00,0.000000e+00,0.000000e+00,0.000000e+00,0.000000e+00,0.000000e+00,0.000000e+00,0.000000e+00,0.000000e+00,0.000000e+00,0.000000e+00,0.000000e+00,0.000000e+00,0.000000e+00,0.000000e+00
1.000000e+00,0.000000e+00,0.000000e+00,0.000000e+00,0.000000e+00,0.000000e+00,0.000000e+00,0.000000e+00,0.000000e+00,0.000000e+00,0.000000e+00,0.000000e+00,0.000000e+00,0.000000e+00,0.000000e+00
1.000000e+00,0.000000e+00,0.000000e+00,0.000000e+00,0.000000e+00,0.000000e+00,0.000000e+00,0.000000e+00,0.000000e+00,0.000000e+00,0.000000e+00,0.000000e+00,0.000000e+00,0.000000e+00,0.000000e+00
1.000000e+00,0.000000e+00,0.000000e+00,0.000000e+00,0.000000e+00,0.000000e+00,0.000000e+00,0.000000e+00,0.000000e+00,0.000000e+00,0.000000e+00,0.000000e+00,0.000000e+00,0.000000e+00,0.000000e+00
1.000000e+00,0.000000e+00,0.000000e+00,0.000000e+00,0.000000e+00,0.000000e+00,0.000000e+00,0.000000e+00,0.000000e+00,0.000000e+00,0.000000e+00,0.000000e+00,0.000000e+00,0.000000e+00,0.000000e+00
1.000000e+00,0.000000e+00,0.000000e+00,0.000000e+00,0.000000e+00,0.000000e+00,0.000000e+00,0.000000e+00,0.000000e+00,0.000000e+00,0.000000e+00,0.000000e+00,0.000000e+00,0.000000e+00,0.000000e+00
1.000000e+00,0.000000e+00,0.000000e+00,0.000000e+00,0.000000e+00,0.000000e+00,0.000000e+00,0.000000e+00,0.000000e+00,0.000000e+00,0.000000e+00,0.000000e+00,0.000000e+00,0.000000e+00,0.000000e+00
1.000000e+00,0.000000e+00,0.000000e+00,0.000000e+00,0.000000e+00,0.000000e+00,0.000000e+00,0.000000e+00,0.000000e+00,0.000000e+00,0.000000e+00,0.000000e+00,0.000000e+00,0.000000e+00,0.000000e+00
1.000000e+00,0.000000e+00,0.000000e+00,0.000000e+00,0.000000e+00,0.000000e+00,0.000000e+00,0.000000e+00,0.000000e+00,0.000000e+00,0.000000e+00,0.000000e+00,0.000000e+00,0.000000e+00,0.000000e+00
1.000000e+00,0.000000e+00,0.000000e+00,0.000000e+00,0.000000e+00,0.000000e+00,0.000000e+00,0.000000e+00,0.000000e+00,0.000000e+00,0.000000e+00,0.000000e+00,0.000000e+00,0.000000e+00,0.000000e+00
1.000000e+00,0.000000e+00,0.000000e+00,0.000000e+00,0.000000e+00,0.000000e+00,0.000000e+00,0.000000e+00,0.000000e+00,0.000000e+00,0.000000e+00,0.000000e+00,0.000000e+00,0.000000e+00,0.000000e+00
1.000000e+00,0.000000e+00,0.000000e+00,0.000000e+00,0.000000e+00,0.000000e+00,0.000000e+00,0.000000e+00,0.000000e+00,0.000000e+00,0.000000e+00,0.000000e+00,0.000000e+00,0.000000e+00,0.000000e+00
1.000000e+00,0.000000e+00,0.000000e+00,0.000000e+00,0.000000e+00,0.000000e+00,0.000000e+00,0.000000e+00,0.000000e+00,0.000000e+00,0.000000e+00,0.000000e+00,0.000000e+00,0.000000e+00,0.000000e+00
1.000000e+00,0.000000e+00,0.000000e+00,0.000000e+00,0.000000e+00,0.000000e+00,0.000000e+00,0.000000e+00,0.000000e+00,0.000000e+00,0.000000e+00,0.000000e+00,0.000000e+00,0.000000e+00,0.000000e+00
1.000000e+00,0.000000e+00,0.000000e+00,0.000000e+00,0.000000e+00,0.000000e+00,0.000000e+00,0.000000e+00,0.000000e+00,0.000000e+00,0.000000e+00,0.000000e+00,0.000000e+00,0.000000e+00,0.000000e+00
1.000000e+00,0.000000e+00,0.000000e+00,0.000000e+00,0.000000e+00,0.000000e+00,0.000000e+00,0.000000e+00,0.000000e+00,0.000000e+00,0.000000e+00,0.000000e+00,0.000000e+00,0.000000e+00,0.000000e+00
4.675106e-01,8.764978e-02,3.716875e-02,1.649646e-01,1.065264e-02,1.926041e-02,4.524873e-03,2.017743e-02,2.226829e-02,5.208910e-03,3.148846e-02,2.269591e-02,1.344141e-02,2.335539e-02,6.963257e-02
4.368293e-01,8.643553e-02,4.585977e-02,1.638277e-01,1.426853e-02,2.165350e-02,5.258081e-03,1.881171e-02,2.471179e-02,5.208780e-03,3.823668e-02,2.721420e-02,1.668053e-02,2.248396e-02,7.251987e-02
4.758753e-01,7.643001e-02,3.967549e-02,1.399684e-01,1.441212e-02,2.205773e-02,5.255702e-03,1.689174e-02,2.359637e-02,5.195578e-03,3.879580e-02,2.905004e-02,1.853945e-02,2.101617e-02,7.324004e-02
4.342253e-01,6.905942e-02,6.117862e-02,1.347595e-01,1.490628e-02,2.168982e-02,5.270978e-03,2.003627e-02,2.438033e-02,5.154762e-03,5.527503e-02,3.963901e-02,2.202373e-02,2.055510e-02,7.184584e-02
4.330566e-01,6.165066e-02,6.629523e-02,1.310110e-01,1.422961e-02,2.128326e-02,5.724748e-03,2.016671e-02,2.378205e-02,5.175403e-03,5.549525e-02,4.862159e-02,2.704828e-02,1.770663e-02,6.875293e-02
1.000000e+00,0.000000e+00,0.000000e+00,0.000000e+00,0.000000e+00,0.000000e+00,0.000000e+00,0.000000e+00,0.000000e+00,0.000000e+00,0.000000e+00,0.000000e+00,0.000000e+00,0.000000e+00,0.000000e+00
1.000000e+00,0.000000e+00,0.000000e+00,0.000000e+00,0.000000e+00,0.000000e+00,0.000000e+00,0.000000e+00,0.000000e+00,0.000000e+00,0.000000e+00,0.000000e+00,0.000000e+00,0.000000e+00,0.000000e+00
1.000000e+00,0.000000e+00,0.000000e+00,0.000000e+00,0.000000e+00,0.000000e+00,0.000000e+00,0.000000e+00,0.000000e+00,0.000000e+00,0.000000e+00,0.000000e+00,0.000000e+00,0.000000e+00,0.000000e+00
1.000000e+00,0.000000e+00,0.000000e+00,0.000000e+00,0.000000e+00,0.000000e+00,0.000000e+00,0.000000e+00,0.000000e+00,0.000000e+00,0.000000e+00,0.000000e+00,0.000000e+00,0.000000e+00,0.000000e+00
1.000000e+00,0.000000e+00,0.000000e+00,0.000000e+00,0.000000e+00,0.000000e+00,0.000000e+00,0.000000e+00,0.000000e+00,0.000000e+00,0.000000e+00,0.000000e+00,0.000000e+00,0.000000e+00,0.000000e+00
1.000000e+00,0.000000e+00,0.000000e+00,0.000000e+00,0.000000e+00,0.000000e+00,0.000000e+00,0.000000e+00,0.000000e+00,0.000000e+00,0.000000e+00,0.000000e+00,0.000000e+00,0.000000e+00,0.000000e+00
3.868452e-01,2.074493e-01,4.056136e-02,1.455906e-01,8.316142e-03,1.198582e-02,3.002160e-03,8.831771e-03,1.079356e-02,2.991853e-03,8.475777e-02,2.014993e-02,1.336370e-02,2.170641e-02,3.365435e-02
2.715573e-01,3.323243e-01,3.652925e-02,1.034416e-01,5.952313e-03,8.553856e-03,2.115062e-03,6.255952e-03,9.629874e-03,2.415224e-03,1.437147e-01,1.441625e-02,9.654039e-03,1.755061e-02,3.588967e-02
1.901938e-01,2.367703e-01,2.565065e-02,7.253514e-02,4.557224e-03,6.120576e-03,1.483055e-03,4.403079e-03,7.696743e-03,1.969443e-03,3.879110e-01,1.088908e-02,7.069957e-03,1.652870e-02,2.622122e-02
1.336490e-01,1.661570e-01,1.799090e-02,5.100189e-02,1.150767e-02,4.859489e-03,1.055141e-03,3.131414e-03,5.887525e-03,1.789685e-03,5.461067e-01,1.313884e-02,5.250247e-03,1.940631e-02,1.906811e-02
9.377266e-02,1.164386e-01,1.261356e-02,3.580609e-02,2.108385e-02,4.125830e-03,7.618631e-04,2.209991e-03,4.420062e-03,1.987664e-03,6.409122e-01,2.077653e-02,3.845147e-03,2.738255e-02,1.386335e-02
6.570729e-02,8.167824e-02,8.865676e-03,2.525898e-02,2.205069e-02,3.447934e-03,5.467215e-04,1.553727e-03,3.486305e-03,2.966225e-03,7.180120e-01,2.299755e-02,3.030624e-03,3.027659e-02,1.012151e-02
4.601310e-02,5.743184e-02,6.240517e-03,1.795457e-02,1.949688e-02,2.761429e-03,3.966758e-04,1.093615e-03,3.072683e-03,3.097350e-03,7.844120e-01,2.270959e-02,2.355022e-03,2.520223e-02,7.762465e-03
3.224172e-02,4.119998e-02,4.660253e-03,1.437357e-02,2.368762e-02,2.224661e-03,2.999469e-04,7.982306e-04,6.959215e-03,7.022601e-03,7.914119e-01,2.926376e-02,1.960251e-03,3.413796e-02,9.758421e-03
2.260258e-02,2.945817e-02,3.515682e-03,1.177535e-02,2.764203e-02,2.373772e-03,2.273520e-04,5.946424e-04,9.535884e-03,1.092393e-02,7.960918e-01,3.479923e-02,1.639059e-03,3.710077e-02,1.171977e-02
1.584003e-02,2.081482e-02,2.500681e-03,8.430492e-03,2.347613e-02,2.382001e-03,1.652378e-04,4.209715e-04,7.453394e-03,3.358170e-02,7.994873e-01,4.272691e-02,1.399262e-03,3.030632e-02,1.101472e-02
1.112368e-02,1.473944e-02,1.823128e-03,6.106213e-03,1.826796e-02,2.472433e-03,1.542647e-04,3.123565e-04,6.061417e-03,2.839414e-02,8.366300e-01,3.699109e-02,1.474112e-03,2.337260e-02,1.207718e-02
7.798760e-03,1.046402e-02,1.372261e-03,4.374850e-03,1.416684e-02,2.024543e-03,1.717316e-04,2.275025e-04,4.657117e-03,2.379941e-02,8.706642e-01,3.159688e-02,1.470346e-03,1.688497e-02,1.032656e-02
5.637740e-03,8.620844e-03,2.717130e-03,3.275766e-03,1.598030e-02,2.410241e-03,5.620981e-04,2.544532e-04,4.957355e-03,3.298552e-02,8.511876e-01,4.356285e-02,2.333500e-03,1.386504e-02,1.164955e-02
4.257248e-03,1.740442e-02,1.373426e-02,2.498248e-03,2.503510e-02,2.852105e-03,1.630082e-03,4.006083e-04,5.635335e-03,7.108223e-02,7.456741e-01,7.417841e-02,2.584157e-03,1.287142e-02,2.016225e-02
3.141921e-03,1.932677e-02,2.980499e-02,1.820190e-03,2.125676e-02,3.041394e-03,3.113056e-03,4.227600e-04,5.809767e-03,1.288421e-01,6.758013e-01,6.154131e-02,2.716476e-03,1.078904e-02,3.257219e-02
2.313675e-03,1.516450e-02,3.774707e-02,1.492464e-03,1.869046e-02,3.393100e-03,4.791541e-03,2.261598e-03,7.796760e-03,1.631439e-01,6.429707e-01,4.839233e-02,3.706702e-03,9.747541e-03,3.838772e-02
1.878369e-03,1.423777e-02,5.513302e-02,3.301058e-03,2.851831e-02,3.937925e-03,5.599081e-03,1.310386e-02,1.130024e-02,1.746012e-01,5.676641e-01,4.507224e-02,5.328448e-03,9.436809e-03,6.088758e-02
2.321657e-03,1.613955e-02,5.652623e-02,2.818382e-03,3.599428e-02,3.937488e-03,7.727879e-03,1.397396e-02,9.783153e-03,1.392668e-01,6.018783e-01,3.518950e-02,6.685880e-03,7.386128e-03,6.037079e-02
2.131605e-03,1.227977e-02,4.239571e-02,2.460729e-03,3.360571e-02,3.802587e-03,7.352153e-03,1.176296e-02,7.253539e-03,9.980340e-02,6.918858e-01,2.728696e-02,7.019805e-03,5.369908e-03,4.558937e-02
2.475250e-03,9.151787e-03,3.026998e-02,2.277450e-03,2.879998e-02,8.843825e-03,5.615673e-03,9.463459e-03,5.537257e-03,7.072394e-02,6.926291e-01,7.436898e-02,2.040032e-02,6.486011e-03,3.295705e-02
1.015324e-02,6.739374e-03,2.226384e-02,1.739848e-03,2.370222e-02,7.475248e-03,4.316107e-03,7.305969e-03,4.067392e-03,4.990185e-02,7.395241e-01,7.384136e-02,1.968193e-02,5.780523e-03,2.350705e-02
1.403354e-02,4.802482e-03,1.610468e-02,1.352091e-03,2.153286e-02,6.937758e-03,3.745658e-03,7.546931e-03,2.991484e-03,3.509428e-02,7.819918e-01,6.555130e-02,1.661324e-02,5.104659e-03,1.659723e-02
2.509153e-02,3.629227e-03,1.204390e-02,1.076387e-03,3.013840e-02,1.037336e-02,3.107597e-03,1.093004e-02,2.861511e-03,2.465842e-02,7.863454e-01,5.761335e-02,1.367711e-02,6.577577e-03,1.187622e-02
4.593067e-02,2.737811e-03,9.151494e-03,9.314151e-04,3.265953e-02,1.160179e-02,2.460396e-03,1.004149e-02,3.144783e-03,1.742750e-02,7.762142e-01,5.512446e-02,1.311157e-02,1.083749e-02,8.625420e-03
5.127014e-02,2.038814e-03,1.164394e-02,1.349849e-03,4.557480e-02,1.514938e-02,3.506296e-03,1.012556e-01,5.463032e-03,1.375898e-02,6.058564e-01,7.601623e-02,4.846729e-02,1.235167e-02,6.297638e-03
7.209790e-02,3.135978e-03,5.174053e-02,1.541015e-03,4.007882e-02,1.489635e-02,3.128426e-03,8.408238e-02,7.442587e-03,1.748330e-02,5.031505e-01,1.086620e-01,4.419662e-02,4.023639e-02,8.127304e-03
7.591627e-02,2.715502e-03,4.953977e-02,1.844235e-03,4.820492e-02,1.461784e-02,2.673327e-03,7.519273e-02,9.409422e-03,1.459648e-02,4.699288e-01,1.265676e-01,4.671566e-02,5.571611e-02,6.361446e-03
7.316614e-02,2.545791e-03,3.941529e-02,6.603648e-03,4.145074e-02,5.721361e-02,2.342819e-03,5.701460e-02,8.815660e-03,1.073181e-02,3.702067e-01,1.597932e-01,1.123854e-01,5.270128e-02,5.613445e-03
8.752201e-02,2.458026e-03,3.735321e-02,2.345032e-02,7.584256e-02,4.328082e-02,2.261538e-03,4.716751e-02,1.170525e-02,8.446145e-03,3.184028e-01,1.712974e-01,1.241607e-01,4.197770e-02,4.674100e-03
9.009229e-02,4.184567e-03,3.712931e-02,5.617199e-02,7.166429e-02,3.962780e-02,1.908383e-03,3.658692e-02,2.532975e-02,7.900234e-03,2.534446e-01,1.900606e-01,1.431340e-01,3.686239e-02,5.902817e-03
6.521887e-02,3.021620e-03,2.635625e-02,4.124963e-02,5.679590e-02,3.079011e-02,1.428424e-03,2.757407e-02,2.025975e-02,5.770155e-03,2.049467e-01,2.547871e-01,2.312037e-01,2.619341e-02,4.404337e-03
6.149644e-02,2.397296e-03,2.505323e-02,3.099501e-02,4.722071e-02,2.508079e-02,1.699752e-03,2.518021e-02,1.805682e-02,4.795101e-03,2.272054e-01,2.510764e-01,2.559512e-01,1.908801e-02,4.703583e-03
5.299275e-02,2.221168e-03,3.896050e-02,2.632337e-02,4.307830e-02,2.292656e-02,4.830932e-03,9.719700e-02,2.603049e-02,5.706808e-03,1.932274e-01,2.263134e-01,2.378356e-01,1.425113e-02,8.104613e-03
5.877484e-02,2.553589e-03,4.098525e-02,2.025568e-02,3.322863e-02,1.960535e-02,4.463291e-03,1.304940e-01,2.619018e-02,6.246427e-03,1.552384e-01,2.566449e-01,2.246385e-01,1.141752e-02,9.263471e-03
6.573782e-02,3.991773e-03,5.349232e-02,2.099734e-02,6.200022e-02,1.822482e-02,9.768139e-03,1.467715e-01,4.314034e-02,7.365630e-03,1.129357e-01,2.426294e-01,1.755135e-01,9.787604e-03,2.764399e-02
5.183654e-02,5.689038e-03,4.143776e-02,1.560870e-02,5.545284e-02,2.048988e-02,9.838824e-03,1.316641e-01,2.436044e-01,5.380616e-03,8.009551e-02,1.816560e-01,1.289459e-01,6.980868e-03,2.131906e-02
4.695780e-02,4.735413e-03,4.321896e-02,1.221001e-02,4.615238e-02,1.534096e-02,1.116116e-02,3.146480e-01,1.946446e-01,4.043391e-03,5.783224e-02,1.315705e-01,9.531436e-02,5.042609e-03,1.712763e-02
4.155166e-02,4.053733e-03,3.380130e-02,9.031868e-03,4.541946e-02,1.153671e-02,1.884484e-02,4.748474e-01,1.417651e-01,2.892628e-03,4.057845e-02,9.287212e-02,6.704386e-02,3.554732e-03,1.220624e-02
3.588073e-02,4.531526e-03,2.812517e-02,8.532810e-03,6.008784e-02,9.869263e-03,4.053498e-02,5.541110e-01,1.033655e-01,2.052602e-03,2.851087e-02,6.610465e-02,4.712762e-02,2.511456e-03,8.654064e-03
3.537567e-02,5.522365e-03,2.089069e-02,9.322466e-03,1.500083e-01,8.633492e-03,3.962774e-02,5.479893e-01,7.361208e-02,1.454741e-03,2.015544e-02,4.634887e-02,3.313491e-02,1.803087e-03,6.120915e-03
4.243003e-02,6.326698e-03,1.509021e-02,1.575736e-02,1.641937e-01,6.990878e-03,3.150035e-02,5.871212e-01,5.343334e-02,1.062634e-03,1.435638e-02,3.263091e-02,2.344136e-02,1.294889e-03,4.370011e-03
4.501594e-02,5.409470e-03,1.083668e-02,1.727629e-02,1.431975e-01,5.400959e-03,2.389046e-02,6.559851e-01,3.809987e-02,7.666739e-04,1.023672e-02,2.306445e-02,1.677151e-02,9.371195e-04,3.111282e-03
3.615285e-02,3.939140e-03,7.640145e-03,1.251245e-02,1.148751e-01,4.005748e-03,1.730859e-02,7.371953e-01,2.758852e-02,5.415073e-04,7.207035e-03,1.626383e-02,1.192585e-02,6.593554e-04,2.184632e-03
3.684179e-02,2.916123e-03,5.432423e-03,9.113781e-03,1.022028e-01,3.218646e-03,1.284959e-02,7.798539e-01,2.004518e-02,3.828071e-04,5.092609e-03,1.143583e-02,8.607166e-03,4.652152e-04,1.542085e-03
3.090522e-02,2.128732e-03,3.893074e-03,6.641313e-03,8.183137e-02,3.392962e-03,9.491496e-03,8.278488e-01,1.409611e-02,2.814071e-04,3.691605e-03,8.067176e-03,6.274516e-03,3.358666e-04,1.120394e-03
2.393477e-02,1.519521e-03,2.815405e-03,4.746692e-03,5.865405e-02,3.498937e-03,7.104795e-03,8.736583e-01,9.882832e-03,2.057497e-04,2.678686e-03,5.704053e-03,4.556052e-03,2.435529e-04,7.965838e-04
1.916168e-02,1.162923e-03,2.169098e-03,3.527700e-03,4.251105e-02,1.504614e-02,5.670958e-03,8.918947e-01,6.945216e-03,1.627609e-04,2.175301e-03,4.376985e-03,4.345432e-03,1.996835e-04,6.504272e-04
1.763491e-02,1.339754e-03,1.850714e-03,2.928690e-03,3.794248e-02,2.795968e-02,5.065816e-03,8.841107e-01,4.969616e-03,1.499631e-04,2.252163e-03,3.798115e-03,9.072094e-03,1.634365e-04,7.619039e-04
1.713800e-02,1.350263e-03,1.577453e-03,2.416565e-03,3.081105e-02,3.473385e-02,4.649320e-03,8.876487e-01,3.652160e-03,1.199667e-04,2.475067e-03,3.267679e-03,9.444267e-03,1.346350e-04,5.810522e-04
3.294212e-02,1.378765e-03,1.507002e-03,2.285144e-03,2.780719e-02,4.283465e-02,4.249244e-03,8.640454e-01,2.809357e-03,1.454657e-04,4.020005e-03,3.474727e-03,1.174217e-02,1.514173e-04,6.073862e-04
5.953548e-02,1.612857e-03,1.930194e-03,2.343418e-03,2.937905e-02,4.870336e-02,4.120189e-03,8.236096e-01,2.402666e-03,2.544700e-04,5.482298e-03,4.968021e-03,1.411647e-02,2.182071e-04,1.323740e-03
7.104840e-02,3.036295e-03,2.203728e-03,2.207430e-03,3.462874e-02,5.925692e-02,4.179636e-03,7.801676e-01,2.583690e-03,4.057770e-04,7.861127e-03,5.796354e-03,2.406285e-02,2.889912e-04,2.272468e-03
8.488476e-02,3.042764e-03,2.634380e-03,3.478445e-03,3.429040e-02,1.264288e-01,3.438842e-03,6.773052e-01,3.272079e-03,4.806573e-04,7.986014e-03,2.075304e-02,2.749256e-02,7.748948e-04,3.737213e-03
6.202760e-02,3.496758e-03,2.673922e-03,3.240597e-03,2.915700e-02,2.237242e-01,2.714637e-03,4.847125e-01,5.528199e-03,6.728412e-04,1.161770e-02,7.432844e-02,8.727857e-02,2.444959e-03,6.382098e-03
5.034723e-02,5.395961e-03,4.610132e-03,1.465864e-02,2.775567e-02,1.705823e-01,2.521927e-03,3.423765e-01,1.982648e-02,2.063379e-03,4.262922e-02,1.626474e-01,1.437278e-01,2.496158e-03,8.361156e-03
4.426363e-02,5.818669e-03,3.488045e-03,1.278818e-02,2.042309e-02,1.288737e-01,1.956508e-03,2.408786e-01,6.313887e-02,1.939598e-03,4.354883e-02,2.489527e-01,1.747329e-01,2.247345e-03,6.949416e-03
3.470676e-02,5.152885e-03,2.606608e-03,9.696819e-03,1.487383e-02,9.957040e-02,1.493177e-03,1.688821e-01,8.069856e-02,1.983139e-03,4.019095e-02,3.296717e-01,2.030391e-01,1.864681e-03,5.569341e-03
2.477797e-02,3.874816e-03,1.857731e-03,7.004925e-03,1.047858e-02,9.314103e-02,1.086953e-03,1.182868e-01,6.763105e-02,1.597694e-03,3.144400e-02,4.510215e-01,1.823846e-01,1.387939e-03,4.024459e-03
1.763392e-02,3.830253e-03,1.368540e-03,5.075146e-03,7.417628e-03,7.182281e-02,7.854449e-04,8.285861e-02,5.881441e-02,1.942968e-03,2.505383e-02,5.441255e-01,1.751544e-01,1.135934e-03,2.980647e-03
1.250827e-02,3.413318e-03,1.034094e-03,3.690513e-03,5.588738e-03,5.480237e-02,6.883564e-04,5.816118e-02,6.250831e-02,2.255974e-03,2.039950e-02,5.576110e-01,2.129086e-01,1.066919e-03,3.362840e-03
8.762711e-03,2.544966e-03,7.303251e-04,2.588678e-03,3.944728e-03,3.903734e-02,4.932525e-04,4.071523e-02,4.873697e-02,1.847026e-03,1.571060e-02,6.401711e-01,1.911787e-01,7.995470e-04,2.738888e-03
6.143990e-03,1.995571e-03,5.197412e-04,1.814324e-03,2.816777e-03,2.751275e-02,3.623928e-04,2.850630e-02,4.223537e-02,1.958960e-03,1.345394e-02,6.797737e-01,1.896139e-01,6.107707e-04,2.681482e-03
4.302599e-03,1.484224e-03,3.681397e-04,1.270734e-03,1.988142e-03,1.932972e-02,2.560956e-04,1.995623e-02,3.487155e-02,1.568400e-03,9.958907e-03,7.532591e-01,1.489523e-01,4.743685e-04,1.959473e-03
3.014097e-03,1.447771e-03,2.667863e-04,8.904894e-04,1.427362e-03,1.357842e-02,1.883332e-04,1.397256e-02,6.660794e-02,1.261995e-03,8.678020e-03,7.611492e-01,1.256731e-01,3.537868e-04,1.490125e-03
2.117213e-03,1.686559e-03,2.426554e-04,6.271543e-04,1.320111e-03,9.606210e-03,1.391408e-04,9.790462e-03,1.042518e-01,1.058847e-03,7.254601e-03,7.413751e-01,1.191159e-01,2.689119e-04,1.145311e-03
1.528399e-03,3.014164e-03,9.154806e-04,5.136204e-04,1.883369e-03,6.919415e-03,1.219497e-04,8.262014e-03,2.502734e-01,9.887216e-04,5.627732e-03,6.281893e-01,9.074464e-02,1.961215e-04,8.217769e-04
1.290282e-03,5.251064e-03,1.928223e-03,6.505115e-04,2.194029e-03,5.018126e-03,1.246744e-04,1.063768e-02,4.222410e-01,1.055365e-03,4.740281e-03,4.770564e-01,6.707041e-02,1.498796e-04,5.920483e-04
1.500871e-03,6.699126e-03,2.165443e-03,7.003202e-04,4.710995e-03,3.644786e-03,1.471974e-04,1.431763e-02,5.739919e-01,8.737071e-04,4.197017e-03,3.388191e-01,4.767111e-02,1.253166e-04,4.354827e-04
1.391140e-03,6.426958e-03,2.402458e-03,8.509347e-04,5.878892e-03,2.716791e-03,2.030848e-04,2.282136e-02,6.769121e-01,7.913589e-04,4.123192e-03,2.407958e-01,3.423665e-02,1.168051e-04,3.325207e-04
1.641599e-03,5.157708e-03,3.227908e-03,1.007579e-03,1.283430e-02,2.109836e-03,2.069820e-04,3.671581e-02,7.372977e-01,1.005396e-03,3.470603e-03,1.702786e-01,2.468261e-02,9.557516e-05,2.677827e-04
3.230120e-03,4.021603e-03,2.860227e-03,9.343929e-04,4.319837e-02,1.809152e-03,4.023240e-04,3.287357e-02,7.691560e-01,1.412126e-03,2.780267e-03,1.194238e-01,1.754917e-02,1.133512e-04,2.355427e-04
9.887812e-03,3.100137e-03,4.831070e-03,2.401350e-03,1.255963e-01,2.085813e-03,1.614403e-03,4.610877e-02,7.026974e-01,1.856886e-03,2.815528e-03,8.388351e-02,1.280717e-02,1.085348e-04,2.052798e-04
2.091558e-02,2.356464e-03,7.084539e-03,4.683618e-03,1.233874e-01,1.908674e-03,8.777314e-03,2.063645e-01,5.517486e-01,2.038459e-03,2.423778e-03,5.891585e-02,9.131440e-03,9.367337e-05,1.701043e-04
2.132290e-02,1.702916e-03,8.379896e-03,6.805178e-03,1.035728e-01,1.631694e-03,1.192058e-02,3.978698e-01,3.950562e-01,1.867326e-03,1.921271e-03,4.130324e-02,6.445308e-03,7.241796e-05,1.285810e-04
2.127314e-02,1.381540e-03,1.011188e-02,5.705143e-03,8.287154e-02,1.564713e-03,6.144750e-02,4.931521e-01,2.836034e-01,3.350991e-03,1.641670e-03,2.903740e-02,4.633729e-03,9.808218e-05,1.272181e-04
2.165527e-02,1.119193e-03,7.607266e-03,4.457906e-03,7.132946e-02,1.373990e-03,6.463847e-02,5.880333e-01,2.050726e-01,8.862024e-03,1.841635e-03,2.038406e-02,3.375393e-03,1.044241e-04,1.450010e-04
2.338849e-02,8.598431e-04,5.620435e-03,3.462638e-03,6.268737e-02,1.218153e-03,7.387811e-02,6.538123e-01,1.475196e-01,8.838944e-03,1.685501e-03,1.431863e-02,2.453908e-03,9.845170e-05,1.575915e-04
2.630850e-02,6.777316e-04,4.382784e-03,2.770506e-03,4.947181e-02,1.272049e-03,6.786209e-02,7.215087e-01,1.054784e-01,6.474915e-03,1.441067e-03,1.018080e-02,1.868238e-03,9.977100e-05,2.026728e-04
2.459614e-02,5.310330e-04,3.943311e-03,2.455403e-03,4.035904e-02,1.230182e-03,6.206771e-02,7.755455e-01,7.453415e-02,4.640170e-03,1.118046e-03,7.268112e-03,1.395546e-03,8.016788e-05,2.355058e-04
2.870974e-02,4.662154e-04,4.203985e-03,2.085529e-03,3.147762e-02,1.760168e-03,6.665847e-02,8.002356e-01,5.330656e-02,3.354138e-03,8.869109e-04,5.292211e-03,1.181407e-03,8.084072e-05,3.006104e-04
3.505738e-02,4.022035e-04,4.166789e-03,1.867063e-03,2.446227e-02,6.592950e-03,6.697607e-02,8.125795e-01,3.771767e-02,2.486211e-03,1.134468e-03,4.177234e-03,1.207285e-03,1.500957e-04,1.022781e-03
3.270762e-02,3.313083e-04,3.915721e-03,1.516455e-03,2.881937e-02,5.291779e-03,6.416614e-02,8.286502e-01,2.667731e-02,1.785918e-03,1.136530e-03,3.017005e-03,9.936917e-04,1.421112e-04,8.487842e-04
2.773877e-02,2.633904e-04,3.031174e-03,1.138857e-03,3.186348e-02,4.207150e-03,6.232950e-02,8.442867e-01,1.879007e-02,1.274219e-03,8.912433e-04,2.148516e-03,1.220484e-03,1.145779e-04,7.019436e-04
2.383364e-02,2.080797e-04,2.342218e-03,8.425179e-04,2.567456e-02,4.477233e-03,9.004142e-02,8.315144e-01,1.325073e-02,9.839602e-04,7.374096e-04,1.552995e-03,3.633457e-03,1.030406e-04,8.043731e-04
2.267710e-02,1.769040e-04,2.105341e-03,6.705113e-04,2.184790e-02,4.169922e-03,2.246002e-01,7.047316e-01,9.445740e-03,9.715796e-04,6.765574e-04,1.158945e-03,5.492897e-03,1.045259e-04,1.170331e-03
2.412508e-02,1.954380e-04,2.528153e-03,7.122479e-04,2.595938e-02,4.821010e-03,3.240237e-01,5.962415e-01,6.804992e-03,2.683593e-03,8.929275e-04,1.016844e-03,7.084559e-03,1.772445e-04,2.733393e-03
2.391671e-02,2.308626e-04,2.885398e-03,7.195629e-04,2.547791e-02,6.430670e-03,3.966625e-01,5.148185e-01,5.005937e-03,8.202685e-03,1.338586e-03,8.890572e-04,9.409673e-03,2.147203e-04,3.797171e-03
2.940891e-02,1.215257e-03,5.868619e-03,8.415311e-04,3.428935e-02,1.098875e-02,3.753354e-01,4.659836e-01,4.547339e-03,3.917828e-02,2.119825e-03,1.493467e-03,1.983173e-02,3.251026e-04,8.572885e-03
4.911477e-02,2.587950e-03,8.867884e-03,8.854166e-04,4.073294e-02,1.189726e-02,3.048320e-01,4.482736e-01,4.263222e-03,6.699575e-02,4.703423e-03,1.573014e-03,2.209205e-02,1.420216e-03,3.176055e-02
1.233013e-01,2.962620e-03,1.200481e-02,9.605479e-04,3.536905e-02,1.065561e-02,2.570389e-01,4.213910e-01,4.987900e-03,5.537822e-02,8.476854e-03,1.945965e-03,1.881103e-02,2.678469e-03,4.403770e-02
2.233679e-01,4.728611e-03,9.704582e-03,2.680298e-03,3.269904e-02,1.096991e-02,1.975523e-01,3.676121e-01,1.002017e-02,5.000668e-02,1.251434e-02,5.112635e-03,1.685249e-02,5.351610e-03,5.082736e-02
2.662544e-01,6.027729e-03,8.521200e-03,4.898285e-03,3.301557e-02,1.082323e-02,1.502578e-01,2.955270e-01,1.749264e-02,3.998024e-02,2.047519e-02,6.578268e-03,1.963705e-02,1.111640e-02,1.093951e-01
3.309976e-01,9.222250e-03,7.351073e-03,1.184393e-02,2.940043e-02,2.327846e-02,1.060870e-01,2.117325e-01,2.921392e-02,5.397189e-02,2.706063e-02,3.541261e-02,2.215630e-02,1.123795e-02,9.103352e-02
4.151937e-01,1.457765e-02,7.018175e-03,1.790530e-02,2.773407e-02,2.407416e-02,7.575672e-02,1.555110e-01,3.291289e-02,3.988115e-02,2.597026e-02,4.428056e-02,3.035969e-02,1.000726e-02,7.881749e-02
3.923802e-01,2.270600e-02,7.487031e-03,4.297636e-02,3.654814e-02,2.156746e-02,5.403202e-02,1.123094e-01,6.250732e-02,3.043772e-02,3.429038e-02,6.735862e-02,3.235789e-02,9.941568e-03,7.309990e-02
3.411766e-01,2.303434e-02,7.193756e-03,5.677648e-02,3.151977e-02,1.913073e-02,3.871435e-02,8.016936e-02,8.483769e-02,2.706857e-02,4.097754e-02,6.158239e-02,4.296598e-02,2.412062e-02,1.207318e-01
2.403050e-01,2.399954e-02,9.471531e-03,7.127979e-02,2.485121e-02,1.505466e-02,2.744234e-02,5.622112e-02,1.024682e-01,2.536144e-02,6.369293e-02,4.568651e-02,4.771357e-02,7.219149e-02,1.742606e-01
1.697046e-01,1.808118e-02,8.138308e-03,6.350207e-02,2.300117e-02,1.158686e-02,1.946213e-02,3.946809e-02,8.107268e-02,1.855469e-02,8.002161e-02,5.398504e-02,1.805293e-01,9.287520e-02,1.400171e-01
1.200568e-01,1.311046e-02,6.166369e-03,4.924216e-02,2.205892e-02,9.275112e-03,1.393194e-02,2.774127e-02,6.105128e-02,1.451436e-02,9.715138e-02,5.656987e-02,3.115801e-01,8.437622e-02,1.131737e-01
8.444834e-02,9.332661e-03,5.117438e-03,3.623355e-02,1.978958e-02,8.693166e-03,1.000787e-02,1.961301e-02,4.558010e-02,1.294706e-02,1.403473e-01,7.197364e-02,3.754884e-01,6.066984e-02,9.975807e-02
5.988850e-02,6.794735e-03,5.669712e-03,2.598052e-02,2.157223e-02,6.571128e-03,7.329301e-03,1.429872e-02,3.377179e-02,1.358146e-02,1.102303e-01,8.717022e-02,4.717263e-01,4.941995e-02,8.599518e-02
4.327210e-02,5.185587e-03,7.061296e-03,1.866203e-02,2.126232e-02,5.432423e-03,5.390376e-03,1.081663e-02,2.628876e-02,1.634717e-02,9.116971e-02,1.085769e-01,4.773254e-01,3.851510e-02,1.246942e-01
3.207011e-02,4.168510e-03,7.081473e-03,1.337567e-02,1.925815e-02,4.049980e-03,3.874698e-03,9.408317e-03,2.312987e-02,1.574906e-02,7.092926e-02,1.010461e-01,4.977998e-01,3.155995e-02,1.664990e-01
2.360280e-02,3.433407e-03,5.732763e-03,9.627757e-03,1.558467e-02,2.977187e-03,2.775385e-03,7.626242e-03,3.551663e-02,1.461153e-02,5.420592e-02,9.743715e-02,5.284752e-01,2.935790e-02,1.690355e-01
1.755644e-02,3.117570e-03,5.175737e-03,7.171084e-03,1.238564e-02,2.473232e-03,2.042752e-03,9.169703e-03,1.003761e-01,1.307144e-02,4.222817e-02,1.057533e-01,5.040461e-01,2.824791e-02,1.471848e-01
1.411837e-02,3.421864e-03,5.640731e-03,7.121818e-03,9.803929e-03,2.100402e-03,1.542854e-03,1.452298e-02,2.505988e-01,1.238518e-02,3.224821e-02,8.310535e-02,4.092604e-01,2.241017e-02,1.317189e-01
1.058101e-02,2.772392e-03,4.245143e-03,5.346239e-03,7.320309e-03,1.535467e-03,1.100924e-03,1.073307e-02,4.270410e-01,9.603175e-03,2.326875e-02,6.152961e-02,3.038890e-01,1.833281e-02,1.127011e-01
8.757949e-03,2.059852e-03,3.102583e-03,3.887350e-03,5.595874e-03,1.185723e-03,7.810234e-04,7.613440e-03,5.746216e-01,1.029226e-02,1.713423e-02,4.457772e-02,2.160375e-01,1.443103e-02,8.992194e-02
6.672402e-03,1.515101e-03,2.234965e-03,2.812732e-03,4.289264e-03,8.718352e-04,5.483611e-04,5.436322e-03,6.879948e-01,1.022103e-02,1.271971e-02,3.156000e-02,1.518052e-01,1.107009e-02,7.024813e-02
6.217607e-03,1.650464e-03,2.078755e-03,3.473550e-03,6.027156e-03,1.199958e-03,3.973971e-04,4.402562e-03,7.554624e-01,1.182212e-02,1.240816e-02,2.425173e-02,1.074996e-01,9.689502e-03,5.341901e-02
5.946018e-03,2.555113e-03,2.195864e-03,3.440168e-03,8.498712e-03,1.123333e-03,2.850109e-04,3.562091e-03,7.899538e-01,1.675711e-02,1.745680e-02,1.835750e-02,7.808523e-02,1.008550e-02,4.169770e-02
7.212392e-03,4.088251e-03,4.768810e-03,4.649707e-03,1.427541e-02,1.374067e-03,2.085559e-04,4.059369e-03,8.065742e-01,1.577438e-02,2.462070e-02,1.431668e-02,5.692124e-02,1.086222e-02,3.029401e-02
1.168069e-02,3.970811e-03,4.537478e-03,4.046684e-03,1.700884e-02,1.782674e-03,1.607042e-04,5.382909e-03,8.255168e-01,1.506767e-02,2.079567e-02,1.054633e-02,4.034860e-02,1.567792e-02,2.347625e-02
1.662802e-02,4.016663e-03,4.813924e-03,5.179415e-03,1.650754e-02,3.098592e-03,1.427497e-04,8.648753e-03,8.295696e-01,1.794229e-02,1.841053e-02,8.309346e-03,2.906494e-02,1.976034e-02,1.790739e-02
2.015493e-02,3.868637e-03,8.020794e-03,1.126435e-02,8.068211e-02,2.727448e-03,7.584514e-04,7.896948e-02,7.048944e-01,1.567021e-02,1.624016e-02,6.289945e-03,2.129744e-02,1.621777e-02,1.294387e-02
2.464890e-02,5.507403e-03,3.748944e-02,7.729378e-02,9.979990e-02,3.278682e-03,9.484104e-04,8.885858e-02,5.926511e-01,1.368214e-02,1.376598e-02,4.646092e-03,1.532086e-02,1.236912e-02,9.739595e-03
3.568742e-02,6.506332e-03,3.038619e-02,7.644530e-02,2.723976e-01,7.278570e-03,6.694220e-03,6.724721e-02,4.449010e-01,1.046032e-02,1.024978e-02,3.314993e-03,1.087801e-02,1.041843e-02,7.134662e-03
4.846356e-02,7.307724e-03,2.292893e-02,5.840345e-02,4.069669e-01,1.028990e-02,9.159935e-03,4.779714e-02,3.481047e-01,8.298915e-03,8.042770e-03,2.370495e-03,7.790638e-03,8.551160e-03,5.523808e-03
5.985040e-02,8.063657e-03,1.765294e-02,7.875093e-02,4.694453e-01,1.490122e-02,1.194824e-02,3.755827e-02,2.702054e-01,6.247955e-03,6.766043e-03,1.751219e-03,5.712645e-03,6.773972e-03,4.371779e-03
6.469901e-02,1.335127e-02,1.414054e-02,1.072556e-01,4.995746e-01,1.374682e-02,1.292433e-02,3.257460e-02,2.150149e-01,4.960449e-03,5.972382e-03,1.358821e-03,4.368316e-03,6.030747e-03,4.027685e-03
5.673747e-02,1.050273e-02,1.072684e-02,1.005051e-01,4.614856e-01,1.038027e-02,9.811341e-03,1.572926e-01,1.625002e-01,3.583235e-03,4.807129e-03,1.143040e-03,3.311901e-03,4.312217e-03,2.900476e-03
4.920875e-02,8.419910e-03,8.358801e-03,8.076210e-02,3.944268e-01,7.825973e-03,8.692228e-03,3.087592e-01,1.186145e-01,2.553749e-03,3.787865e-03,9.313715e-04,2.516913e-03,3.056787e-03,2.085203e-03
1.420442e-01,6.735299e-03,6.644779e-03,6.503733e-02,3.513274e-01,1.307601e-02,1.405874e-02,2.950074e-01,8.531176e-02,3.048623e-03,8.012712e-03,9.339825e-04,4.381395e-03,2.203753e-03,2.176597e-03
2.772069e-01,5.634212e-03,5.794532e-03,4.945980e-02,2.977237e-01,2.035931e-02,2.484860e-02,2.318234e-01,6.071988e-02,2.749934e-03,9.285076e-03,1.305910e-03,9.030983e-03,1.635322e-03,2.422394e-03
3.226472e-01,5.504087e-03,5.011335e-03,3.779364e-02,2.531044e-01,8.326884e-02,2.080244e-02,1.931653e-01,4.334010e-02,2.088357e-03,9.362957e-03,1.751094e-03,1.854024e-02,1.215611e-03,2.404439e-03
3.493806e-01,4.441403e-03,4.001162e-03,2.847598e-02,2.237429e-01,1.218887e-01,2.101188e-02,1.760461e-01,3.102691e-02,1.558080e-03,7.236257e-03,1.845157e-03,2.633923e-02,8.816936e-04,2.124011e-03
3.527012e-01,4.369752e-03,3.525476e-03,2.153728e-02,2.039470e-01,1.474691e-01,2.610670e-02,1.772819e-01,2.229167e-02,1.296593e-03,6.122984e-03,2.449280e-03,2.789136e-02,6.962775e-04,2.313524e-03
3.783160e-01,3.784145e-03,3.055121e-03,1.718028e-02,1.635822e-01,1.746665e-01,4.492169e-02,1.567260e-01,1.613881e-02,1.009197e-03,4.542629e-03,4.442917e-03,2.903945e-02,5.422469e-04,2.052710e-03
3.567581e-01,3.158693e-03,2.732881e-03,1.378576e-02,1.511945e-01,1.740142e-01,7.819608e-02,1.535686e-01,1.196618e-02,1.048035e-03,3.628515e-03,7.979156e-03,3.919862e-02,4.979937e-04,2.272616e-03
3.587197e-01,2.958639e-03,2.725391e-03,1.285472e-02,1.497267e-01,1.843029e-01,8.106687e-02,1.340357e-01,9.268436e-03,9.733017e-04,3.045631e-03,9.965307e-03,4.675609e-02,6.359863e-04,2.964630e-03
3.222089e-01,3.918651e-03,4.432655e-03,1.046378e-02,1.090926e-01,1.944245e-01,9.027174e-02,1.066488e-01,9.459891e-03,5.597084e-03,7.983095e-03,2.424067e-02,1.005706e-01,2.386401e-03,8.300602e-03
2.264854e-01,3.222407e-03,3.597632e-03,8.032788e-03,7.672741e-02,3.000566e-01,6.438315e-02,7.476871e-02,6.982493e-03,4.294069e-03,8.706759e-03,4.433649e-02,1.688143e-01,1.892851e-03,7.698863e-03
1.601069e-01,2.423591e-03,2.688092e-03,5.745166e-03,5.445332e-02,2.598303e-01,4.635384e-02,5.239535e-02,5.098672e-03,3.205792e-03,7.427042e-03,8.941343e-02,3.019668e-01,1.448272e-03,7.443376e-03
1.168896e-01,1.945169e-03,2.283362e-03,4.142653e-03,3.886298e-02,2.288811e-01,3.660223e-02,3.702134e-02,4.149947e-03,2.672247e-03,6.695051e-03,1.294436e-01,3.827661e-01,1.319120e-03,6.325338e-03
8.283186e-02,1.485178e-03,1.687938e-03,2.915700e-03,2.743043e-02,1.739191e-01,2.587972e-02,2.594117e-02,3.244792e-03,2.018630e-03,5.102868e-03,1.358338e-01,5.058600e-01,1.041183e-03,4.807579e-03
5.871237e-02,1.129937e-03,1.263257e-03,2.049871e-03,1.935203e-02,1.242660e-01,1.815387e-02,1.816305e-02,2.606641e-03,1.715904e-03,4.086708e-03,1.250489e-01,6.189138e-01,8.508582e-04,3.686857e-03
4.149931e-02,8.311379e-04,9.357962e-04,1.438424e-03,1.357474e-02,8.966544e-02,1.273356e-02,1.271932e-02,2.073588e-03,1.684258e-03,3.146071e-03,1.123424e-01,7.039196e-01,6.460941e-04,2.790162e-03
3.029626e-02,8.173204e-04,7.746284e-04,1.029671e-03,9.582371e-03,6.656184e-02,8.956588e-03,8.990115e-03,3.739746e-03,1.273135e-02,5.814582e-03,2.207583e-01,6.271129e-01,6.010282e-04,2.233373e-03
2.396982e-02,9.399276e-04,7.429911e-04,7.412812e-04,6.977017e-03,4.789211e-02,6.337331e-03,6.436836e-03,5.835834e-03,1.703317e-02,6.098715e-03,3.819589e-01,4.928305e-01,5.474839e-04,1.658096e-03
1.708334e-02,9.247910e-03,1.478698e-03,5.656649e-04,8.693703e-03,3.377114e-02,4.767363e-03,4.727782e-03,1.189481e-01,1.863542e-02,5.326854e-03,3.859764e-01,3.891640e-01,4.039709e-04,1.209652e-03
1.221020e-02,7.742343e-03,1.485664e-03,4.538321e-04,2.844455e-02,2.387814e-02,3.845952e-03,4.297658e-03,1.753229e-01,2.174106e-02,4.006396e-03,4.197258e-01,2.956495e-01,3.029138e-04,8.929616e-04
8.651963e-03,6.766432e-03,1.214505e-03,3.328359e-04,2.952115e-02,1.676014e-02,2.764986e-03,3.116098e-03,2.454437e-01,1.978005e-02,3.366407e-03,4.396623e-01,2.217218e-01,2.273050e-04,6.703341e-04
6.286301e-03,1.271348e-02,1.377170e-03,2.487744e-04,2.490630e-02,1.175810e-02,1.953667e-03,2.324342e-03,2.931174e-01,2.642941e-02,3.508115e-03,4.514941e-01,1.631700e-01,2.019129e-04,5.109638e-04
4.703114e-03,1.233576e-02,1.228272e-03,2.323563e-04,2.258829e-02,8.289923e-03,1.385405e-03,2.905481e-03,4.297773e-01,2.125213e-02,3.254265e-03,3.739543e-01,1.175665e-01,1.627243e-04,3.642203e-04
