1.000000e+00,0.000000e+00,0.000000e+00,0.000000e+00,0.000000e+00,0.000000e+00,0.000000e+00,0.000000e+00,0.000000e+00,0.000000e+00,0.000000e+00,0.000000e+00,0.000000e+00,0.000000e+00,0.000000e+00
1.000000e+00,0.000000e+00,0.000000e+00,0.000000e+00,0.000000e+00,0.000000e+00,0.000000e+00,0.000000e+00,0.000000e+00,0.000000e+00,0.000000e+00,0.000000e+00,0.000000e+00,0.000000e+00,0.000000e+00
1.000000e+00,0.000000e+00,0.000000e+00,0.000000e+00,0.000000e+00,0.000000e+00,0.000000e+00,0.000000e+00,0.000000e+00,0.000000e+00,0.000000e+00,0.000000e+00,0.000000e+00,0.000000e+00,0.000000e+00
1.000000e+00,0.000000e+00,0.000000e+00,0.000000e+00,0.000000e+00,0.000000e+00,0.000000e+00,0.000000e+00,0.000000e+00,0.000000e+00,0.000000e+00,0.000000e+00,0.000000e+00,0.000000e+00,0.000000e+00
1.000000e+00,0.000000e+00,0.000000e+00,0.000000e+00,0.000000e+00,0.000000e+00,0.000000e+00,0.000000e+00,0.000000e+00,0.000000e+00,0.000000e+00,0.000000e+00,0.000000e+00,0.000000e+00,0.000000e+00
1.000000e+00,0.000000e+00,0.000000e+00,0.000000e+00,0.000000e+00,0.000000e+00,0.000000e+00,0.000000e+00,0.000000e+00,0.000000e+00,0.000000e+00,0.000000e+00,0.000000e+00,0.000000e+00,0.000000e+00
1.000000e+00,0.000000e+00,0.000000e+00,0.000000e+00,0.000000e+00,0.000000e+00,0.000000e+00,0.000000e+00,0.000000e+00,0.000000e+00,0.000000e+00,0.000000e+00,0.000000e+00,0.000000e+00,0.000000e+00
1.000000e+00,0.000000e+00,0.000000e+00,0.000000e+00,0.000000e+00,0.000000e+00,0.000000e+00,0.000000e+00,0.000000e+00,0.000000e+00,0.000000e+00,0.000000e+00,0.000000e+00,0.000000e+00,0.000000e+00
1.000000e+00,0.000000e+00,0.000000e+00,0.000000e+00,0.000000e+00,0.000000e+00,0.000000e+00,0.000000e+00,0.000000e+00,0.000000e+00,0.000000e+00,0.000000e+00,0.000000e+00,0.000000e+00,0.000000e+00
1.000000e+00,0.000000e+00,0.000000e+00,0.000000e+00,0.000000e+00,0.000000e+00,0.000000e+00,0.000000e+00,0.000000e+00,0.000000e+00,0.000000e+00,0.000000e+00,0.000000e+00,0.000000e+00,0.000000e+00
1.000000e+00,0.000000e+00,0.000000e+00,0.000000e+00,0.000000e+00,0.000000e+00,0.000000e+00,0.000000e+00,0.000000e+00,0.000000e+00,0.000000e+00,0.000000e+00,0.000000e+00,0.000000e+00,0.000000e+00
1.000000e+00,0.000000e+00,0.000000e+00,0.000000e+00,0.000000e+00,0.000000e+00,0.000000e+00,0.000000e+00,0.000000e+00,0.000000e+00,0.000000e+00,0.000000e+00,0.000000e+00,0.000000e+00,0.000000e+00
1.000000e+00,0.000000e+00,0.000000e+00,0.000000e+00,0.000000e+00,0.000000e+00,0.000000e+00,0.000000e+00,0.000000e+00,0.000000e+00,0.000000e+00,0.000000e+00,0.000000e+00,0.000000e+00,0.000000e+00
1.000000e+00,0.000000e+00,0.000000e+00,0.000000e+00,0.000000e+00,0.000000e+00,0.000000e+00,0.000000e+00,0.000000e+00,0.000000e+00,0.000000e+00,0.000000e+00,0.000000e+00,0.000000e+00,0.000000e+00
1.000000e+00,0.000000e+00,0.000000e+00,0.000000e+00,0.000000e+00,0.000000e+00,0.000000e+00,0.000000e+00,0.000000e+00,0.000000e+00,0.000000e+00,0.000000e+00,0.000000e+00,0.000000e+00,0.000000e+00
1.000000e+00,0.000000e+00,0.000000e+00,0.000000e+00,0.000000e+00,0.000000e+00,0.000000e+00,0.000000e+00,0.000000e+00,0.000000e+00,0.000000e+00,0.000000e+00,0.000000e+00,0.000000e+00,0.000000e+00
1.000000e+00,0.000000e+00,0.000000e+00,0.000000e+00,0.000000e+00,0.000000e+00,0.000000e+00,0.000000e+00,0.000000e+00,0.000000e+00,0.000000e+00,0.000000e+00,0.000000e+00,0.000000e+00,0.000000e+00
1.000000e+00,0.000000e+00,0.000000e+00,0.000000e+00,0.000000e+00,0.000000e+00,0.000000e+00,0.000000e+00,0.000000e+00,0.000000e+00,0.000000e+00,0.000000e+00,0.000000e+00,0.000000e+00,0.000000e+00
1.000000e+00,0.000000e+00,0.000000e+00,0.000000e+00,0.000000e+00,0.000000e+00,0.000000e+00,0.000000e+00,0.000000e+00,0.000000e+00,0.000000e+00,0.000000e+00,0.000000e+00,0.000000e+00,0.000000e+00
1.000000e+00,0.000000e+00,0.000000e+00,0.000000e+00,0.000000e+00,0.000000e+00,0.000000e+00,0.000000e+00,0.000000e+00,0.000000e+00,0.000000e+00,0.000000e+00,0.000000e+00,0.000000e+00,0.000000e+00
1.000000e+00,0.000000e+00,0.000000e+00,0.000000e+00,0.000000e+00,0.000000e+00,0.000000e+00,0.000000e+00,0.000000e+00,0.000000e+00,0.000000e+00,0.000000e+00,0.000000e+00,0.000000e+00,0.000000e+00
1.000000e+00,0.000000e+00,0.000000e+00,0.000000e+00,0.000000e+00,0.000000e+00,0.000000e+00,0.000000e+00,0.000000e+00,0.000000e+00,0.000000e+00,0.000000e+00,0.000000e+00,0.000000e+00,0.000000e+00
1.000000e+00,0.000000e+00,0.000000e+00,0.000000e+00,0.000000e+00,0.000000e+00,0.000000e+00,0.000000e+00,0.000000e+00,0.000000e+00,0.000000e+00,0.000000e+00,0.000000e+00,0.000000e+00,0.000000e+00
1.000000e+00,0.000000e+00,0.000000e+00,0.000000e+00,0.000000e+00,0.000000e+00,0.000000e+00,0.000000e+00,0.000000e+00,0.000000e+00,0.000000e+00,0.000000e+00,0.000000e+00,0.000000e+00,0.000000e+00
1.000000e+00,0.000000e+00,0.000000e+00,0.000000e+00,0.000000e+00,0.000000e+00,0.000000e+00,0.000000e+00,0.000000e+00,0.000000e+00,0.000000e+00,0.000000e+00,0.000000e+00,0.000000e+00,0.000000e+00
1.000000e+00,0.000000e+00,0.000000e+00,0.000000e+00,0.000000e+00,0.000000e+00,0.000000e+00,0.000000e+00,0.000000e+00,0.000000e+00,0.000000e+00,0.000000e+00,0.000000e+00,0.000000e+00,0.000000e+00
1.000000e+00,0.000000e+00,0.000000e+00,0.000000e+00,0.000000e+00,0.000000e+00,0.000000e+00,0.000000e+00,0.000000e+00,0.000000e+00,0.000000e+00,0.000000e+00,0.000000e+00,0.000000e+00,0.000000e+00
1.000000e+00,0.000000e+00,0.000000e+00,0.000000e+00,0.000000e+00,0.000000e+00,0.000000e+00,0.000000e+00,0.000000e+00,0.000000e+00,0.000000e+00,0.000000e+00,0.000000e+00,0.000000e+00,0.000000e+00
1.000000e+00,0.000000e+00,0.000000e+00,0.000000e+00,0.000000e+00,0.000000e+00,0.000000e+00,0.000000e+00,0.000000e+00,0.000000e+00,0.000000e+00,0.000000e+00,0.000000e+00,0.000000e+00,0.000000e+00
1.000000e+00,0.000000e+00,0.000000e+00,0.000000e+00,0.000000e+00,0.000000e+00,0.000000e+00,0.000000e+00,0.000000e+00,0.000000e+00,0.000000e+00,0.000000e+00,0.000000e+00,0.000000e+00,0.000000e+00
1.000000e+00,0.000000e+00,0.000000e+00,0.000000e+00,0.000000e+00,0.000000e+00,0.000000e+00,0.000000e+00,0.000000e+00,0.000000e+00,0.000000e+00,0.000000e+00,0.000000e+00,0.000000e+00,0.000000e+00
1.000000e+00,0.000000e+00,0.000000e+00,0.000000e+00,0.000000e+00,0.000000e+00,0.000000e+00,0.000000e+00,0.000000e+00,0.000000e+00,0.000000e+00,0.000000e+00,0.000000e+00,0.000000e+00,0.000000e+00
1.000000e+00,0.000000e+00,0.000000e+00,0.000000e+00,0.000000e+00,0.000000e+00,0.000000e+00,0.000000e+00,0.000000e+00,0.000000e+00,0.000000e+00,0.000000e+00,0.000000e+00,0.000000e+00,0.000000e+00
1.000000e+00,0.000000e+00,0.000000e+00,0.000000e+00,0.000000e+00,0.000000e+00,0.000000e+00,0.000000e+00,0.000000e+00,0.000000e+00,0.000000e+00,0.000000e+00,0.000000e+00,0.000000e+00,0.000000e+00
1.000000e+00,0.000000e+00,0.000000e+00,0.000000e+00,0.000000e+00,0.000000e+00,0.000000e+00,0.000000e+00,0.000000e+00,0.000000e+00,0.000000e+00,0.000000e+00,0.000000e+00,0.000000e+00,0.000000e+00
1.000000e+00,0.000000e+00,0.000000e+00,0.000000e+00,0.000000e+00,0.000000e+00,0.000000e+00,0.000000e+00,0.000000e+00,0.000000e+00,0.000000e+00,0.000000e+00,0.000000e+00,0.000000e+00,0.000000e+00
1.000000e+00,0.000000e+00,0.000000e+00,0.000000e+00,0.000000e+00,0.000000e+00,0.000000e+00,0.000000e+00,0.000000e+00,0.000000e+00,0.000000e+00,0.000000e+00,0.000000e+00,0.000000e+00,0.000000e+00
1.000000e+00,0.000000e+00,0.000000e+00,0.000000e+00,0.000000e+00,0.000000e+00,0.000000e+00,0.000000e+00,0.000000e+00,0.000000e+00,0.000000e+00,0.000000e+00,0.000000e+00,0.000000e+00,0.000000e+00
1.000000e+00,0.000000e+00,0.000000e+00,0.000000e+00,0.000000e+00,0.000000e+00,0.000000e+00,0.000000e+00,0.000000e+00,0.000000e+00,0.000000e+00,0.000000e+00,0.000000e+00,0.000000e+00,0.000000e+00
1.000000e+00,0.000000e+00,0.000000e+00,0.000000e+00,0.000000e+00,0.000000e+00,0.000000e+00,0.000000e+00,0.000000e+00,0.000000e+00,0.000000e+00,0.000000e+00,0.000000e+00,0.000000e+00,0.000000e+00
1.000000e+00,0.000000e+00,0.000000e+00,0.000000e+00,0.000000e+00,0.000000e+00,0.000000e+00,0.000000e+00,0.000000e+00,0.000000e+00,0.000000e+00,0.000000e+00,0.000000e+00,0.000000e+00,0.000000e+00
1.000000e+00,0.000000e+00,0.000000e+00,0.000000e+00,0.000000e+00,0.000000e+00,0.000000e+00,0.000000e+00,0.000000e+00,0.000000e+00,0.000000e+00,0.000000e+00,0.000000e+00,0.000000e+00,0.000000e+00
1.000000e+00,0.000000e+00,0.000000e+00,0.000000e+00,0.000000e+00,0.000000e+00,0.000000e+00,0.000000e+00,0.000000e+00,0.000000e+00,0.000000e+00,0.000000e+00,0.000000e+00,0.000000e+00,0.000000e+00
1.000000e+00,0.000000e+00,0.000000e+00,0.000000e+00,0.000000e+00,0.000000e+00,0.000000e+00,0.000000e+00,0.000000e+00,0.000000e+00,0.000000e+00,0.000000e+00,0.000000e+00,0.000000e+00,0.000000e+00
1.000000e+00,0.000000e+00,0.000000e+00,0.000000e+00,0.000000e+00,0.000000e+00,0.000000e+00,0.000000e+00,0.000000e+00,0.000000e+00,0.000000e+00,0.000000e+00,0.000000e+00,0.000000e+00,0.000000e+00
1.000000e+00,0.000000e+00,0.000000e+00,0.000000e+00,0.000000e+00,0.000000e+00,0.000000e+00,0.000000e+00,0.000000e+00,0.000000e+00,0.000000e+00,0.000000e+00,0.000000e+00,0.000000e+00,0.000000e+00
1.000000e+00,0.000000e+00,0.000000e+00,0.000000e+00,0.000000e+00,0.000000e+00,0.000000e+00,0.000000e+00,0.000000e+00,0.000000e+00,0.000000e+00,0.000000e+00,0.000000e+00,0.000000e+00,0.000000e+00
4.294016e-01,2.780442e-02,1.400534e-02,8.044679e-02,1.736234e-02,7.407249e-02,2.522966e-02,2.962707e-02,2.549812e-02,3.936359e-03,1.336476e-02,1.460533e-01,6.936108e-02,5.212455e-03,3.862422e-02
3.703339e-01,2.986274e-02,1.584722e-02,8.541287e-02,1.937555e-02,7.876157e-02,2.616538e-02,3.153703e-02,2.599533e-02,4.467569e-03,1.470952e-02,1.656595e-01,8.146808e-02,6.534479e-03,4.386933e-02
3.095038e-01,3.423492e-02,1.721502e-02,1.010800e-01,2.005892e-02,8.405891e-02,2.779783e-02,3.310765e-02,2.643934e-02,5.043524e-03,1.583788e-02,1.739776e-01,9.570029e-02,7.315737e-03,4.862858e-02
2.357843e-01,4.697204e-02,1.830894e-02,1.288800e-01,2.616498e-02,8.595406e-02,3.203047e-02,4.044688e-02,3.107975e-02,4.958091e-03,1.493319e-02,1.685063e-01,1.150616e-01,6.155365e-03,4.476415e-02
1.816204e-01,6.094389e-02,1.828568e-02,1.527559e-01,3.354206e-02,9.284532e-02,3.425547e-02,4.246581e-02,3.331885e-02,4.661239e-03,1.386337e-02,1.594481e-01,1.256814e-01,5.118504e-03,4.119393e-02
1.491219e-01,6.540098e-02,1.616926e-02,1.563692e-01,4.053983e-02,1.091678e-01,3.540572e-02,3.752729e-02,3.523175e-02,3.945281e-03,1.212193e-02,1.573351e-01,1.431872e-01,4.011203e-03,3.446548e-02
1.158746e-01,6.244068e-02,1.805976e-02,1.630874e-01,4.436548e-02,1.219629e-01,3.409780e-02,3.664022e-02,3.564584e-02,3.344679e-03,1.097210e-02,1.720878e-01,1.486949e-01,3.194538e-03,2.953133e-02
1.134961e-01,7.701460e-02,1.706982e-02,1.782368e-01,5.140621e-02,1.053452e-01,3.163782e-02,3.087462e-02,4.503816e-02,3.248883e-03,9.887794e-03,1.625910e-01,1.436519e-01,2.671463e-03,2.782967e-02
1.380301e-01,8.181484e-02,1.715434e-02,1.826897e-01,5.602345e-02,9.963804e-02,2.764812e-02,2.718960e-02,4.523048e-02,3.992682e-03,9.263861e-03,1.427542e-01,1.350524e-01,2.636010e-03,3.088221e-02
1.095781e-01,1.165252e-01,3.083976e-02,2.813708e-01,5.285985e-02,7.508660e-02,2.171291e-02,2.276683e-02,3.464330e-02,3.622797e-03,7.624017e-03,1.096222e-01,1.001836e-01,2.119265e-03,3.144472e-02
8.797034e-02,8.338221e-02,2.772086e-02,2.288765e-01,3.938298e-02,8.185400e-02,1.724475e-02,2.402896e-02,2.800542e-02,2.955790e-03,1.055346e-02,1.788400e-01,1.635526e-01,1.698838e-03,2.393334e-02
7.221226e-02,5.996179e-02,4.497311e-02,1.843663e-01,3.016270e-02,9.250851e-02,1.933415e-02,1.339215e-01,2.155223e-02,2.353361e-03,1.211375e-02,1.647957e-01,1.415114e-01,1.532794e-03,1.870045e-02
5.176962e-02,4.208313e-02,3.397602e-02,1.314638e-01,2.165344e-02,6.534086e-02,1.433498e-02,3.837593e-01,1.518670e-02,1.664112e-03,8.852365e-03,1.159551e-01,9.961056e-02,1.129955e-03,1.322004e-02
3.647787e-02,2.947720e-02,2.403882e-02,9.253665e-02,1.531893e-02,4.586548e-02,1.019466e-02,5.668597e-01,1.064670e-02,1.167986e-03,6.277468e-03,8.121315e-02,6.983798e-02,8.144945e-04,9.272902e-03
2.568550e-02,2.064913e-02,1.694200e-02,6.502300e-02,1.085227e-02,3.217718e-02,7.302127e-03,6.958131e-01,7.456783e-03,8.185924e-04,4.418764e-03,5.685956e-02,4.891522e-02,5.879038e-04,6.498927e-03
1.841068e-02,1.447276e-02,1.199052e-02,4.561530e-02,7.795957e-03,2.261607e-02,5.235702e-03,7.857497e-01,5.231690e-03,5.752768e-04,3.168749e-03,3.982262e-02,3.427322e-02,4.824547e-04,4.559329e-03
1.320212e-02,1.013855e-02,8.518183e-03,3.206508e-02,5.584470e-03,1.586621e-02,3.739248e-03,8.491480e-01,3.665416e-03,4.039765e-04,2.232261e-03,2.788215e-02,2.400701e-02,3.532025e-04,3.194068e-03
9.396231e-03,7.101630e-03,6.000795e-03,2.250321e-02,4.235654e-03,1.112905e-02,2.738381e-03,8.935828e-01,2.568966e-03,2.838652e-04,1.575441e-03,1.952768e-02,1.686518e-02,2.532132e-04,2.237929e-03
6.707789e-03,4.975637e-03,4.285221e-03,1.578822e-02,3.450160e-03,7.819631e-03,2.021651e-03,9.245439e-01,1.800702e-03,2.005196e-04,1.113277e-03,1.367549e-02,1.186910e-02,1.794638e-04,1.569237e-03
4.868525e-03,3.489566e-03,3.186344e-03,1.110837e-02,3.019629e-03,5.510818e-03,1.589058e-03,9.456955e-01,1.263768e-03,1.440857e-04,7.947861e-04,9.596311e-03,8.498214e-03,1.302834e-04,1.104760e-03
3.521924e-03,2.447010e-03,2.340515e-03,7.839045e-03,2.472406e-03,3.892573e-03,1.176813e-03,9.608915e-01,8.908335e-04,1.039358e-04,6.392394e-04,6.764689e-03,6.133862e-03,1.060217e-04,7.796662e-04
2.935392e-03,1.725108e-03,1.695003e-03,5.551367e-03,3.372828e-03,2.775746e-03,8.581593e-04,9.699681e-01,6.622022e-04,7.940435e-05,4.980789e-04,4.773449e-03,4.468681e-03,8.246503e-05,5.540493e-04
2.411466e-03,1.218702e-03,1.288027e-03,3.960110e-03,3.422929e-03,2.010511e-03,6.646821e-04,9.766362e-01,5.275870e-04,6.254105e-05,4.306396e-04,3.396403e-03,3.493378e-03,7.446946e-05,4.024073e-04
3.157045e-03,8.612736e-04,9.340386e-04,2.823058e-03,3.484487e-03,1.782560e-03,6.682801e-04,9.776047e-01,7.257439e-04,8.159185e-05,4.295952e-04,2.793677e-03,4.289222e-03,6.252382e-05,3.021688e-04
3.329175e-03,6.106328e-04,6.856230e-04,2.026976e-03,2.897209e-03,1.808065e-03,7.008985e-04,9.409149e-01,1.007956e-03,1.361705e-04,1.383302e-03,8.208675e-03,3.579284e-02,2.037695e-04,2.938542e-04
2.503186e-03,4.346469e-04,4.957234e-04,1.433418e-03,2.265413e-03,1.301318e-03,8.374234e-04,6.895493e-01,7.476677e-04,7.039772e-03,3.218517e-03,7.641701e-02,2.090564e-01,3.920638e-03,7.795512e-04
1.823675e-03,3.080034e-04,3.542817e-04,1.007760e-03,1.794497e-03,9.460999e-04,7.290531e-04,4.943169e-01,5.586411e-04,7.130665e-03,7.210959e-03,1.205220e-01,3.516997e-01,1.050834e-02,1.089486e-03
1.302007e-03,2.189594e-04,2.490657e-04,7.081169e-04,1.314130e-03,6.690104e-04,5.202539e-04,3.465441e-01,5.322017e-04,6.043926e-03,7.922236e-03,2.041263e-01,4.157872e-01,1.315318e-02,9.093079e-04
9.463785e-04,1.935873e-04,1.794259e-04,4.992778e-04,1.008404e-03,4.833553e-04,3.746246e-04,2.429354e-01,1.213091e-03,4.404812e-03,9.173791e-03,3.612692e-01,3.616849e-01,1.496415e-02,6.696443e-04
7.703750e-04,2.288566e-04,1.360401e-04,3.563626e-04,7.672562e-04,3.574574e-04,2.791226e-04,1.702925e-01,2.922844e-03,3.203078e-03,8.583636e-03,5.168649e-01,2.811232e-01,1.362716e-02,4.872205e-04
1.526038e-03,4.098042e-04,1.339154e-04,2.884722e-04,1.603456e-03,2.915313e-04,3.128636e-04,1.196235e-01,4.947555e-03,6.551013e-03,5.500128e-02,5.797787e-01,2.007874e-01,2.834596e-02,3.984842e-04
1.807120e-03,3.916095e-03,1.775955e-04,2.352166e-04,3.220618e-03,3.492780e-04,3.159636e-04,8.398587e-02,8.966485e-03,1.698286e-02,8.629362e-02,5.902977e-01,1.446575e-01,5.835271e-02,4.413684e-04
1.494937e-03,3.599481e-03,1.664913e-04,2.110843e-04,2.809991e-03,2.868554e-04,2.391034e-04,5.886841e-02,1.090842e-02,1.713609e-02,7.424867e-02,6.609182e-01,1.026161e-01,6.611751e-02,3.787050e-04
1.267520e-03,2.769841e-03,2.167627e-04,2.210677e-04,2.807691e-03,3.050671e-04,1.958465e-04,4.128605e-02,1.750547e-02,2.725653e-02,1.142831e-01,6.377410e-01,7.335209e-02,8.036993e-02,4.220078e-04
1.636168e-03,2.203385e-03,6.108761e-04,3.565574e-04,3.540345e-03,6.046130e-04,2.002143e-04,2.907569e-02,3.135656e-02,2.712949e-02,2.217100e-01,5.517652e-01,5.308048e-02,7.631051e-02,4.199203e-04
1.487347e-03,2.250270e-03,6.354940e-04,3.373429e-04,4.890854e-03,5.655261e-04,1.444271e-04,2.039281e-02,7.872054e-02,2.163269e-02,2.548159e-01,4.840026e-01,3.859608e-02,9.112304e-02,4.050918e-04
1.564992e-03,4.073427e-03,1.463059e-03,3.391887e-04,6.534493e-03,6.987751e-04,1.113890e-04,1.432933e-02,1.706512e-01,1.717768e-02,2.632465e-01,4.029658e-01,2.844083e-02,8.792046e-02,4.828919e-04
1.777569e-03,5.433930e-03,2.174831e-03,3.739383e-04,5.980944e-03,1.635573e-03,8.579686e-05,1.010437e-02,2.974125e-01,1.325265e-02,2.550942e-01,3.014769e-01,2.026578e-02,8.381218e-02,1.118843e-03
1.904792e-03,8.988213e-03,4.348678e-03,5.257995e-04,6.356434e-03,2.378745e-03,8.784074e-05,7.435945e-03,3.137102e-01,1.062258e-02,3.010607e-01,2.524898e-01,1.443222e-02,7.412297e-02,1.535069e-03
3.066245e-03,1.651411e-02,1.610781e-02,9.432871e-04,9.385891e-03,3.493107e-03,1.013621e-04,6.034154e-03,2.927221e-01,1.051915e-02,3.625886e-01,2.022210e-01,1.031478e-02,6.369357e-02,2.294843e-03
3.746306e-03,2.515223e-02,1.303825e-02,1.460132e-03,3.200707e-02,3.559248e-03,2.322371e-04,5.344265e-03,3.034998e-01,9.534972e-03,3.995995e-01,1.444505e-01,7.334512e-03,4.657941e-02,4.461575e-03
3.624660e-03,5.331248e-02,1.105171e-02,2.139285e-03,5.021589e-02,4.128076e-03,2.362036e-04,4.334705e-03,3.902129e-01,8.649529e-03,3.237710e-01,1.021088e-01,5.286764e-03,3.436803e-02,6.559993e-03
2.790486e-03,5.548384e-02,9.595954e-03,1.330298e-02,3.967962e-02,6.513544e-03,1.879307e-04,3.993829e-03,5.294061e-01,6.834665e-03,2.269668e-01,7.160661e-02,3.806299e-03,2.433274e-02,5.498687e-03
4.697078e-03,5.357651e-02,8.209376e-03,1.302816e-02,8.395766e-02,8.164735e-03,4.852878e-04,5.374426e-03,5.827513e-01,4.889405e-03,1.601238e-01,5.039308e-02,2.916459e-03,1.724162e-02,4.191150e-03
7.038956e-03,4.652666e-02,7.114327e-03,4.819916e-02,1.524334e-01,7.701955e-03,1.158751e-03,2.346694e-02,5.375803e-01,3.509131e-03,1.122894e-01,3.533825e-02,2.085399e-03,1.214892e-02,3.408436e-03
1.902891e-02,3.787261e-02,1.285586e-02,8.217372e-02,2.127861e-01,6.875757e-03,1.333713e-03,3.700294e-02,4.694507e-01,2.579388e-03,7.936399e-02,2.496338e-02,1.557171e-03,8.666883e-03,3.489015e-03
3.217261e-02,4.808896e-02,1.343917e-02,7.049073e-02,2.108583e-01,1.051537e-02,1.671945e-03,2.883235e-02,4.954476e-01,1.870715e-03,5.712122e-02,1.784922e-02,1.219584e-03,6.485025e-03,3.937202e-03
6.999345e-02,1.349748e-01,2.499064e-02,5.388906e-02,2.083555e-01,1.700521e-02,1.487143e-03,2.146920e-02,4.038677e-01,1.360987e-03,4.042776e-02,1.278071e-02,1.080886e-03,4.844639e-03,3.472382e-03
1.086432e-01,1.557239e-01,3.686979e-02,6.814245e-02,1.713002e-01,2.512323e-02,2.540337e-03,1.761482e-02,3.577836e-01,1.137636e-03,2.933159e-02,1.420251e-02,2.176582e-03,4.483299e-03,4.926926e-03
1.380596e-01,2.017902e-01,3.746185e-02,6.331625e-02,1.411435e-01,2.464183e-02,2.767505e-03,1.627539e-02,3.256217e-01,9.752796e-04,2.173674e-02,1.245601e-02,2.668208e-03,4.525413e-03,6.560451e-03
1.965588e-01,2.510921e-01,3.527915e-02,4.952406e-02,1.030982e-01,1.988443e-02,2.286853e-03,1.294452e-02,2.843160e-01,9.120059e-04,1.652280e-02,1.243693e-02,2.927674e-03,4.808019e-03,7.408465e-03
2.488378e-01,2.311884e-01,2.697168e-02,5.630603e-02,7.705699e-02,3.123827e-02,2.475974e-03,1.134376e-02,2.222373e-01,8.807292e-04,1.661283e-02,4.931561e-02,1.243246e-02,5.012037e-03,8.090109e-03
1.746336e-01,3.186140e-01,1.945565e-02,7.182722e-02,5.506518e-02,4.854257e-02,1.768010e-03,7.993951e-03,1.617515e-01,2.281665e-03,1.459155e-02,3.569052e-02,7.691403e-02,3.529021e-03,7.341543e-03
1.227229e-01,2.256162e-01,1.369952e-02,5.670927e-02,3.960089e-02,4.335760e-02,1.288251e-03,5.620715e-03,1.161029e-01,1.864494e-03,1.153296e-02,3.032773e-02,3.205964e-01,2.570506e-03,8.389656e-03
8.652168e-02,1.585427e-01,9.672557e-03,4.141190e-02,2.904794e-02,3.529524e-02,9.467042e-04,3.998130e-03,8.273661e-02,1.428100e-03,1.012615e-02,3.132771e-02,4.913123e-01,1.983039e-03,1.564923e-02
6.120452e-02,1.110597e-01,6.805559e-03,2.912468e-02,2.089046e-02,3.675408e-02,7.820572e-04,2.871902e-03,5.919049e-02,1.079732e-03,1.240024e-02,4.910357e-02,5.925860e-01,2.839291e-03,1.330765e-02
4.387007e-02,7.777384e-02,4.785344e-03,2.056362e-02,1.574311e-02,3.023905e-02,6.247659e-04,2.232487e-03,4.227400e-02,8.959813e-04,2.108576e-02,6.208293e-02,6.639476e-01,2.236808e-03,1.164458e-02
3.125365e-02,5.449669e-02,3.507355e-03,1.448677e-02,1.367992e-02,2.273894e-02,5.442261e-04,1.696534e-03,2.990875e-02,7.790823e-04,2.324082e-02,1.638883e-01,6.292591e-01,1.584281e-03,8.935558e-03
2.270458e-02,3.821839e-02,2.685665e-03,1.018917e-02,1.253663e-02,2.167181e-02,6.232462e-04,1.686820e-03,2.208371e-02,6.188628e-04,2.215811e-02,2.903751e-01,5.466954e-01,1.151867e-03,6.600561e-03
1.646603e-02,2.680158e-02,1.963473e-03,7.152985e-03,1.102325e-02,2.137093e-02,9.757602e-04,1.456128e-03,1.633206e-02,4.862884e-04,1.755522e-02,3.660326e-01,5.062350e-01,8.425812e-04,5.306127e-03
1.225879e-02,1.983524e-02,1.693203e-03,5.045888e-03,9.262792e-03,3.720290e-02,2.285038e-03,1.630562e-03,1.944774e-02,5.416884e-04,1.326981e-02,4.400737e-01,4.322386e-01,6.186574e-04,4.595362e-03
9.347593e-03,1.501785e-02,1.526983e-03,3.559875e-03,8.496285e-03,7.756711e-02,3.192451e-03,3.200932e-03,2.636318e-02,4.301633e-04,1.004906e-02,4.475094e-01,3.897285e-01,4.464482e-04,3.564162e-03
7.689033e-03,1.160964e-02,1.658887e-03,2.558531e-03,8.769920e-03,7.098802e-02,7.350125e-03,6.657326e-03,2.343865e-02,3.808284e-04,7.633497e-03,4.946409e-01,3.532708e-01,3.315295e-04,3.022260e-03
1.094494e-02,1.489258e-02,3.325268e-03,1.887555e-03,2.072033e-02,6.534114e-02,1.254392e-02,1.628990e-02,2.564795e-02,3.628072e-04,5.665892e-03,5.065228e-01,3.129605e-01,2.816029e-04,2.612712e-03
1.500788e-02,1.473460e-02,5.293494e-03,1.472526e-03,3.994718e-02,5.554727e-02,1.502488e-02,2.007220e-02,2.462126e-02,3.255340e-04,4.132481e-03,5.211652e-01,2.803417e-01,2.315348e-04,2.082299e-03
1.879524e-02,1.166326e-02,6.233435e-03,1.257638e-03,5.503435e-02,4.616592e-02,3.268356e-02,2.633606e-02,2.100002e-02,3.487706e-04,3.052261e-03,5.470213e-01,2.285369e-01,2.164329e-04,1.654885e-03
1.909869e-02,9.833832e-03,8.552220e-03,1.494681e-03,1.198501e-01,4.026466e-02,3.892992e-02,2.460581e-02,1.814385e-02,3.038836e-04,2.292971e-03,5.263748e-01,1.887236e-01,2.182161e-04,1.312772e-03
2.612788e-02,9.651416e-03,1.014515e-02,2.614455e-03,1.376554e-01,3.011396e-02,3.866317e-02,8.468035e-02,1.921750e-02,2.659621e-04,1.824017e-03,4.615218e-01,1.760939e-01,3.795751e-04,1.045371e-03
5.472637e-02,1.085226e-02,1.180795e-02,6.331800e-03,1.278358e-01,2.549139e-02,3.832137e-02,1.064743e-01,2.374656e-02,4.331652e-04,1.525739e-03,4.022201e-01,1.884295e-01,7.877901e-04,1.015908e-03
9.608379e-02,1.083633e-02,1.389367e-02,1.144858e-02,1.107550e-01,2.770653e-02,3.672760e-02,8.962545e-02,2.370149e-02,5.920395e-04,1.494295e-03,3.414269e-01,2.337206e-01,9.889926e-04,9.987189e-04
9.721658e-02,1.286702e-02,1.428599e-02,1.222929e-02,9.782194e-02,3.551202e-02,3.790652e-02,7.007711e-02,3.005337e-02,6.590837e-04,1.573154e-03,2.471375e-01,3.403488e-01,1.116625e-03,1.195052e-03
1.032204e-01,1.216719e-02,1.352661e-02,1.176229e-02,9.704731e-02,4.347711e-02,5.019365e-02,5.779430e-02,4.022110e-02,5.819468e-04,1.516463e-03,1.785010e-01,3.878638e-01,9.814871e-04,1.145482e-03
1.161393e-01,1.274591e-02,1.050439e-02,1.001341e-02,1.003656e-01,4.175872e-02,6.090746e-02,4.633847e-02,5.847009e-02,5.564946e-04,1.343063e-03,1.325356e-01,4.064322e-01,8.548922e-04,1.034463e-03
1.299672e-01,1.272783e-02,8.964567e-03,8.826792e-03,9.944285e-02,4.349155e-02,5.760449e-02,3.698241e-02,6.869265e-02,5.482425e-04,1.378089e-03,1.082455e-01,4.213719e-01,7.080357e-04,1.047933e-03
1.580602e-01,1.098886e-02,7.018905e-03,7.590438e-03,7.994492e-02,4.142291e-02,4.466544e-02,2.985324e-02,6.422932e-02,4.988179e-04,1.386600e-03,8.902598e-02,4.628045e-01,6.810832e-04,1.828735e-03
2.267033e-01,1.011655e-02,6.130972e-03,1.048187e-02,6.732757e-02,4.054426e-02,3.595014e-02,3.856743e-02,5.688536e-02,4.653548e-04,1.554738e-03,6.783465e-02,4.348089e-01,8.692719e-04,1.759641e-03
2.725120e-01,8.744875e-03,4.842726e-03,1.231763e-02,5.336278e-02,3.665970e-02,2.683333e-02,1.438776e-01,4.623599e-02,4.233395e-04,2.077348e-03,5.166179e-02,3.377925e-01,9.394069e-04,1.719016e-03
2.963139e-01,7.169063e-03,3.856608e-03,1.010697e-02,3.922779e-02,2.795057e-02,1.939648e-02,2.679257e-01,3.422463e-02,3.417617e-04,1.883396e-03,3.844681e-02,2.505478e-01,9.212087e-04,1.687306e-03
2.998393e-01,5.373079e-03,3.102746e-03,8.260626e-03,2.837805e-02,2.327930e-02,1.580196e-02,3.788118e-01,2.428332e-02,2.720006e-04,1.719185e-03,2.910087e-02,1.796194e-01,7.232542e-04,1.435127e-03
2.335735e-01,3.884618e-03,2.512204e-03,6.484296e-03,2.047993e-02,1.816242e-02,1.232839e-02,5.341682e-01,1.707540e-02,2.081602e-04,1.476639e-03,2.142780e-02,1.265500e-01,5.504935e-04,1.117960e-03
1.691425e-01,2.770511e-03,1.981460e-03,4.719045e-03,1.465280e-02,1.322984e-02,8.986781e-03,6.661330e-01,1.197522e-02,1.564545e-04,1.112107e-03,1.517979e-02,8.874089e-02,4.077422e-04,8.118351e-04
1.220306e-01,1.968677e-03,1.548628e-03,3.406949e-03,1.048848e-02,9.738648e-03,6.539483e-03,7.611368e-01,8.399945e-03,1.172447e-04,8.304939e-04,1.069444e-02,6.220736e-02,3.038901e-04,5.883420e-04
9.032153e-02,1.398778e-03,1.399667e-03,2.596610e-03,7.618351e-03,7.500992e-03,4.779171e-03,8.259056e-01,5.896674e-03,8.824268e-05,6.581643e-04,7.545419e-03,4.362508e-02,2.373326e-04,4.284586e-04
6.538689e-02,9.879130e-04,1.031850e-03,1.959417e-03,5.909055e-03,5.594040e-03,3.745778e-03,8.741782e-01,4.133819e-03,6.603402e-05,5.364161e-04,5.304864e-03,3.068971e-02,1.702293e-04,3.058151e-04
4.737151e-02,6.982899e-04,7.763279e-04,1.468835e-03,4.613013e-03,4.115338e-03,2.904432e-03,9.089744e-01,2.900380e-03,5.073686e-05,4.431424e-04,3.732338e-03,2.160263e-02,1.265660e-04,2.220378e-04
3.501838e-02,4.937658e-04,5.786934e-04,1.100598e-03,3.678607e-03,4.190394e-03,2.564791e-03,9.315020e-01,2.034842e-03,4.256999e-05,3.872524e-04,2.650649e-03,1.550229e-02,9.225430e-05,1.629536e-04
2.754199e-02,3.587245e-04,4.550630e-04,8.419620e-04,3.452746e-03,8.646537e-03,3.190970e-03,9.386479e-01,1.454827e-03,5.048834e-05,3.747035e-04,1.959406e-03,1.281589e-02,7.192326e-05,1.369674e-04
2.690913e-02,2.776900e-04,4.287575e-04,6.672427e-04,4.386515e-03,1.311489e-02,6.051080e-03,9.349610e-01,1.044957e-03,6.808701e-05,3.782150e-04,1.570744e-03,9.912359e-03,5.835805e-05,1.709900e-04
2.807288e-02,2.197764e-04,5.690921e-04,5.562223e-04,5.515126e-03,1.106286e-02,6.909753e-03,9.370720e-01,7.600337e-04,5.724933e-05,3.066353e-04,1.315724e-03,7.372866e-03,4.610875e-05,1.635310e-04
3.037129e-02,1.842606e-04,6.540534e-04,4.934472e-04,6.107841e-03,1.057272e-02,6.852872e-03,9.367923e-01,5.612260e-04,5.381735e-05,2.584263e-04,1.192636e-03,5.691796e-03,4.158835e-05,1.717268e-04
3.794446e-02,1.727252e-04,8.647090e-04,4.475340e-04,6.037479e-03,8.730954e-03,5.427860e-03,9.339316e-01,4.220036e-04,4.638205e-05,2.142116e-04,1.176027e-03,4.364794e-03,4.192755e-05,1.773094e-04
5.079567e-02,9.698976e-04,2.444026e-03,1.019842e-03,7.531548e-03,1.443982e-01,4.794112e-03,7.509281e-01,1.716436e-03,2.518320e-04,1.399853e-03,3.566441e-03,2.646143e-02,2.863517e-04,3.436175e-03
7.126898e-02,1.123797e-03,2.096176e-03,1.217579e-03,7.836739e-03,2.500226e-01,4.164135e-03,5.708446e-01,2.241985e-03,2.614333e-04,1.333786e-03,4.820331e-03,7.812679e-02,3.025973e-04,4.338551e-03
1.351481e-01,1.645536e-03,2.443322e-03,1.754272e-03,1.183241e-02,2.753226e-01,5.089030e-03,4.456975e-01,3.055760e-03,2.622680e-04,1.936216e-03,1.001199e-02,1.004295e-01,3.031860e-04,5.068384e-03
1.847777e-01,2.291873e-03,2.661588e-03,2.605616e-03,1.811343e-02,2.589509e-01,5.834796e-03,3.514636e-01,5.990029e-03,3.296456e-04,2.618224e-03,1.391805e-02,1.451629e-01,2.860195e-04,4.995620e-03
2.636260e-01,3.037627e-03,5.308699e-03,4.637167e-03,2.047672e-02,2.329534e-01,5.817080e-03,2.707641e-01,7.750282e-03,8.034540e-04,4.050454e-03,2.468221e-02,1.497287e-01,3.970106e-04,5.967217e-03
3.517849e-01,4.251396e-03,5.384243e-03,5.083404e-03,2.009395e-02,1.771608e-01,5.511741e-03,1.998861e-01,7.960857e-03,1.042659e-03,4.709913e-03,2.432763e-02,1.848812e-01,4.921742e-04,7.429095e-03
4.187284e-01,4.669129e-03,6.618275e-03,5.726487e-03,1.956897e-02,1.409003e-01,7.294082e-03,1.518287e-01,7.199349e-03,1.118454e-03,4.608896e-03,2.895769e-02,1.944123e-01,6.039500e-04,7.765085e-03
1.000000e+00,0.000000e+00,0.000000e+00,0.000000e+00,0.000000e+00,0.000000e+00,0.000000e+00,0.000000e+00,0.000000e+00,0.000000e+00,0.000000e+00,0.000000e+00,0.000000e+00,0.000000e+00,0.000000e+00
1.000000e+00,0.000000e+00,0.000000e+00,0.000000e+00,0.000000e+00,0.000000e+00,0.000000e+00,0.000000e+00,0.000000e+00,0.000000e+00,0.000000e+00,0.000000e+00,0.000000e+00,0.000000e+00,0.000000e+00
1.000000e+00,0.000000e+00,0.000000e+00,0.000000e+00,0.000000e+00,0.000000e+00,0.000000e+00,0.000000e+00,0.000000e+00,0.000000e+00,0.000000e+00,0.000000e+00,0.000000e+00,0.000000e+00,0.000000e+00
1.000000e+00,0.000000e+00,0.000000e+00,0.000000e+00,0.000000e+00,0.000000e+00,0.000000e+00,0.000000e+00,0.000000e+00,0.000000e+00,0.000000e+00,0.000000e+00,0.000000e+00,0.000000e+00,0.000000e+00
1.000000e+00,0.000000e+00,0.000000e+00,0.000000e+00,0.000000e+00,0.000000e+00,0.000000e+00,0.000000e+00,0.000000e+00,0.000000e+00,0.000000e+00,0.000000e+00,0.000000e+00,0.000000e+00,0.000000e+00
1.000000e+00,0.000000e+00,0.000000e+00,0.000000e+00,0.000000e+00,0.000000e+00,0.000000e+00,0.000000e+00,0.000000e+00,0.000000e+00,0.000000e+00,0.000000e+00,0.000000e+00,0.000000e+00,0.000000e+00
1.000000e+00,0.000000e+00,0.000000e+00,0.000000e+00,0.000000e+00,0.000000e+00,0.000000e+00,0.000000e+00,0.000000e+00,0.000000e+00,0.000000e+00,0.000000e+00,0.000000e+00,0.000000e+00,0.000000e+00
1.000000e+00,0.000000e+00,0.000000e+00,0.000000e+00,0.000000e+00,0.000000e+00,0.000000e+00,0.000000e+00,0.000000e+00,0.000000e+00,0.000000e+00,0.000000e+00,0.000000e+00,0.000000e+00,0.000000e+00
1.000000e+00,0.000000e+00,0.000000e+00,0.000000e+00,0.000000e+00,0.000000e+00,0.000000e+00,0.000000e+00,0.000000e+00,0.000000e+00,0.000000e+00,0.000000e+00,0.000000e+00,0.000000e+00,0.000000e+00
1.000000e+00,0.000000e+00,0.000000e+00,0.000000e+00,0.000000e+00,0.000000e+00,0.000000e+00,0.000000e+00,0.000000e+00,0.000000e+00,0.000000e+00,0.000000e+00,0.000000e+00,0.000000e+00,0.000000e+00
1.000000e+00,0.000000e+00,0.000000e+00,0.000000e+00,0.000000e+00,0.000000e+00,0.000000e+00,0.000000e+00,0.000000e+00,0.000000e+00,0.000000e+00,0.000000e+00,0.000000e+00,0.000000e+00,0.000000e+00
1.000000e+00,0.000000e+00,0.000000e+00,0.000000e+00,0.000000e+00,0.000000e+00,0.000000e+00,0.000000e+00,0.000000e+00,0.000000e+00,0.000000e+00,0.000000e+00,0.000000e+00,0.000000e+00,0.000000e+00
1.000000e+00,0.000000e+00,0.000000e+00,0.000000e+00,0.000000e+00,0.000000e+00,0.000000e+00,0.000000e+00,0.000000e+00,0.000000e+00,0.000000e+00,0.000000e+00,0.000000e+00,0.000000e+00,0.000000e+00
3.671887e-01,2.764389e-03,4.305732e-03,2.727990e-03,3.767799e-03,1.704430e-02,2.196358e-03,2.541320e-03,7.005060e-03,1.020582e-02,1.321154e-02,6.712078e-02,3.341067e-01,1.503822e-02,1.507753e-01
2.713607e-01,2.103726e-03,3.157578e-03,2.508359e-03,3.685284e-03,1.316427e-02,1.707762e-03,1.975951e-03,7.961062e-03,4.672763e-02,3.475375e-02,6.518154e-02,2.717206e-01,1.569975e-02,2.582922e-01
1.949634e-01,1.676556e-03,2.384525e-03,2.916379e-03,4.696955e-03,1.053904e-02,1.472881e-03,1.965996e-03,7.672967e-03,1.778480e-01,5.090347e-02,6.292111e-02,2.278533e-01,1.195937e-02,2.402261e-01
1.386830e-01,1.293374e-03,1.998686e-03,2.672066e-03,5.746333e-03,7.621166e-03,1.232818e-03,2.116094e-03,7.661049e-03,2.670123e-01,6.519170e-02,6.007339e-02,1.844489e-01,1.092352e-02,2.433256e-01
9.774659e-02,1.114108e-03,2.721183e-03,2.558927e-03,5.210777e-03,5.532966e-03,1.029087e-03,3.395285e-03,8.026261e-03,2.839772e-01,7.727994e-02,5.110159e-02,1.475657e-01,1.184885e-02,3.008916e-01
6.932589e-02,1.198984e-03,2.933300e-03,2.206153e-03,4.569014e-03,4.245281e-03,8.364344e-04,3.081298e-03,7.427247e-03,3.345305e-01,8.433418e-02,4.391994e-02,1.188807e-01,9.617376e-03,3.128937e-01
4.995698e-02,5.835075e-03,6.615724e-03,2.223692e-03,9.277322e-03,3.140283e-03,8.110657e-04,2.756890e-03,2.866492e-02,3.556443e-01,8.129260e-02,3.866050e-02,9.920494e-02,7.220298e-03,3.086955e-01
3.603827e-02,8.028958e-03,2.510135e-02,3.774182e-03,1.542175e-02,2.486190e-03,8.179467e-04,1.059642e-02,3.514253e-02,3.085025e-01,1.181622e-01,4.245644e-02,1.084405e-01,7.505677e-03,2.775252e-01
2.708316e-02,8.775773e-03,3.812956e-02,7.323656e-03,2.904221e-02,1.932401e-03,7.524258e-04,2.767611e-02,4.676720e-02,2.719366e-01,1.238367e-01,4.178758e-02,1.220073e-01,8.173784e-03,2.447756e-01
2.000351e-02,7.927076e-03,3.043062e-02,7.208456e-03,3.195219e-02,1.512779e-03,5.922378e-04,3.834887e-02,5.429198e-02,2.595703e-01,1.024658e-01,6.545465e-02,1.434460e-01,6.748479e-03,2.300471e-01
1.525372e-02,7.849587e-03,2.500951e-02,7.269988e-03,6.568518e-02,1.106245e-03,4.672470e-04,4.754771e-02,1.250773e-01,2.150890e-01,7.795876e-02,6.451688e-02,1.330912e-01,5.193862e-03,2.088839e-01
1.158396e-02,5.835677e-03,2.213617e-02,7.038170e-03,1.605337e-01,8.435775e-04,5.132091e-04,1.393280e-01,1.157826e-01,1.632996e-01,5.773963e-02,5.262466e-02,1.052850e-01,4.097476e-03,1.533587e-01
8.914106e-03,4.322057e-03,1.880323e-02,5.869843e-03,1.953861e-01,6.402895e-04,5.919495e-04,2.463886e-01,1.111545e-01,1.257995e-01,4.373522e-02,3.988801e-02,8.237229e-02,3.533170e-03,1.126012e-01
6.811177e-03,3.203060e-03,1.587137e-02,4.782873e-03,2.829372e-01,5.028650e-04,7.513397e-04,2.801003e-01,1.095101e-01,8.925114e-02,3.244878e-02,2.918983e-02,6.050157e-02,2.702123e-03,8.143627e-02
6.201399e-03,2.312483e-03,1.264601e-02,4.453705e-03,3.512204e-01,5.882901e-04,2.494498e-03,3.112904e-01,1.001848e-01,6.273966e-02,2.327238e-02,2.085724e-02,4.273725e-02,1.901339e-03,5.710021e-02
6.781087e-03,1.741364e-03,9.496250e-03,3.519573e-03,4.973432e-01,1.648054e-03,8.127651e-03,2.260884e-01,9.792048e-02,4.394932e-02,1.708801e-02,1.475051e-02,3.019262e-02,1.334040e-03,4.001938e-02
1.274448e-02,1.375810e-03,6.965108e-03,2.956057e-03,6.159530e-01,2.107196e-03,1.075730e-02,1.645477e-01,7.880428e-02,3.077965e-02,1.241061e-02,1.038822e-02,2.125332e-02,9.363253e-04,2.802098e-02
1.396696e-02,1.368735e-03,5.097145e-03,2.891069e-03,6.994810e-01,1.998292e-03,1.365839e-02,1.277328e-01,6.090871e-02,2.157001e-02,8.837932e-03,7.290323e-03,1.491114e-02,6.673119e-04,1.962020e-02
1.900185e-02,1.604599e-03,3.849666e-03,4.900645e-03,7.264097e-01,1.827378e-03,1.586245e-02,1.264559e-01,4.883774e-02,1.512618e-02,6.259714e-03,5.149305e-03,1.047653e-02,4.825338e-04,1.375582e-02
2.756685e-02,1.939929e-03,3.202961e-03,1.475783e-02,6.477673e-01,1.444717e-03,1.477452e-02,2.168848e-01,3.529546e-02,1.061535e-02,4.520772e-03,3.741131e-03,7.437784e-03,3.500627e-04,9.700530e-03
4.296342e-02,2.149688e-03,3.413136e-03,1.236362e-02,6.908263e-01,1.526165e-03,1.246179e-02,1.788314e-01,2.968569e-02,7.474401e-03,3.253918e-03,2.681620e-03,5.254791e-03,2.848846e-04,6.829213e-03
7.305545e-02,4.886936e-03,4.877062e-03,2.067891e-02,6.641386e-01,2.355854e-03,1.156372e-02,1.744374e-01,2.342226e-02,5.426974e-03,2.751633e-03,2.680088e-03,4.309326e-03,3.067630e-04,5.109114e-03
1.462429e-01,9.349342e-03,5.696092e-03,2.190989e-02,6.369031e-01,4.996268e-03,9.841000e-03,1.275815e-01,1.973901e-02,4.055132e-03,2.896988e-03,2.860260e-03,3.624710e-03,3.394899e-04,3.964346e-03
1.430846e-01,1.301441e-02,4.283863e-03,2.694459e-02,6.382572e-01,7.185416e-03,1.837223e-02,1.009298e-01,1.468982e-02,3.172754e-03,1.726928e-02,5.765461e-03,3.359688e-03,4.488627e-04,3.222071e-03
1.026594e-01,1.045497e-02,3.412905e-03,2.286463e-02,4.868242e-01,2.470995e-01,1.306124e-02,7.209175e-02,1.032610e-02,2.261736e-03,1.887535e-02,4.300760e-03,2.474872e-03,4.674814e-04,2.825174e-03
7.371926e-02,1.087862e-02,2.688819e-03,1.650450e-02,3.837173e-01,4.087420e-01,9.171996e-03,5.050003e-02,7.312398e-03,1.842450e-03,2.338554e-02,3.108230e-03,1.852860e-03,2.068570e-03,4.507513e-03
5.573794e-02,1.275105e-02,2.243772e-03,1.207521e-02,3.247049e-01,4.954696e-01,6.476421e-03,3.540238e-02,8.236639e-03,1.550339e-03,2.568408e-02,2.265679e-03,1.397838e-03,1.064714e-02,5.357028e-03
4.196220e-02,1.341381e-02,1.761314e-03,8.574966e-03,3.105706e-01,5.160894e-01,4.571246e-03,2.484088e-02,7.699146e-03,1.265960e-03,2.324147e-02,1.619856e-03,1.028965e-03,3.583873e-02,7.521467e-03
3.275274e-02,2.087361e-02,1.671533e-03,6.210514e-03,2.672157e-01,4.900098e-01,3.236128e-03,1.744792e-02,9.215374e-03,1.170459e-03,2.361973e-02,1.205152e-03,8.633376e-04,1.040552e-01,2.045276e-02
3.292729e-02,3.363617e-02,1.705667e-03,4.944016e-03,2.241398e-01,4.084125e-01,2.312849e-03,1.233596e-02,1.179041e-02,1.349455e-03,2.945103e-02,9.648228e-04,9.940458e-04,1.927661e-01,4.226994e-02
2.717793e-02,3.235668e-02,1.687381e-03,4.157790e-03,1.635514e-01,2.938418e-01,1.675327e-03,8.686113e-03,2.162897e-02,3.655481e-03,2.555136e-02,9.969124e-04,1.621432e-03,3.167996e-01,9.661186e-02
2.183610e-02,5.137198e-02,8.805238e-03,6.169213e-02,1.166700e-01,2.065373e-01,1.421241e-03,6.201383e-03,5.319947e-02,6.504903e-03,2.016426e-02,1.307687e-03,2.025866e-03,2.349157e-01,2.073468e-01
1.545789e-02,4.523499e-02,9.415097e-03,5.034832e-02,8.192855e-02,1.448263e-01,1.024340e-03,4.354539e-03,6.647869e-02,8.338448e-03,1.534417e-02,9.951906e-04,1.744714e-03,1.870553e-01,3.674535e-01
1.109197e-02,4.691978e-02,1.728779e-02,4.045193e-02,5.782197e-02,1.017878e-01,7.908811e-04,3.068447e-03,7.000668e-02,1.081308e-02,1.263849e-02,8.543225e-04,1.551927e-03,1.818067e-01,4.431083e-01
7.991463e-03,4.246463e-02,1.748390e-02,2.883944e-02,4.064580e-02,7.155667e-02,6.368345e-04,2.175681e-03,6.548645e-02,3.019750e-02,1.088651e-02,7.610903e-04,1.643680e-03,1.928532e-01,4.863771e-01
6.109225e-03,4.976088e-02,1.512413e-02,2.124145e-02,2.876152e-02,5.062838e-02,5.502715e-04,1.547121e-03,5.880098e-02,6.783870e-02,1.516172e-02,7.644289e-04,1.812079e-03,1.985025e-01,4.833966e-01
4.539562e-03,7.540509e-02,1.348436e-02,4.527247e-02,2.025024e-02,3.561977e-02,3.944788e-04,1.101149e-03,6.768197e-02,5.399888e-02,1.151466e-02,6.582346e-04,1.613237e-03,1.423192e-01,5.261467e-01
4.233107e-03,6.514312e-02,1.193105e-02,4.190675e-02,1.435746e-02,2.530641e-02,2.962416e-04,8.200707e-04,5.633508e-02,4.573202e-02,9.767204e-03,7.261342e-04,1.375623e-03,1.351499e-01,5.869198e-01
3.278037e-03,5.246012e-02,9.824010e-03,3.134101e-02,1.008340e-02,1.794843e-02,2.195770e-04,5.857466e-04,4.159313e-02,3.560973e-02,8.085227e-03,7.587828e-04,1.050716e-03,1.307894e-01,6.563727e-01
2.724201e-03,3.952177e-02,7.968549e-03,2.269377e-02,7.159518e-03,1.276874e-02,1.834403e-04,4.482483e-04,3.176144e-02,3.490211e-02,9.055632e-03,1.268640e-03,1.047083e-03,2.302337e-01,5.982631e-01
2.119914e-03,2.854714e-02,5.843946e-03,1.611724e-02,5.078539e-03,9.014312e-03,1.383829e-04,3.220889e-04,2.356187e-02,4.403857e-02,7.750227e-03,1.434314e-03,8.226902e-04,3.253890e-01,5.298218e-01
2.551425e-03,2.276594e-02,4.518410e-03,1.150768e-02,4.122125e-03,6.542196e-03,1.348567e-04,2.879584e-04,2.154651e-02,6.756050e-02,8.123027e-03,2.856225e-03,1.206964e-03,4.355993e-01,4.106769e-01
3.355355e-03,3.254840e-02,5.332971e-03,8.737778e-03,3.748095e-03,5.759865e-03,4.624170e-04,4.845687e-04,2.897822e-02,1.070433e-01,7.685929e-03,3.123981e-03,2.382815e-03,3.988329e-01,3.915234e-01
7.630134e-03,5.426929e-02,7.234265e-03,7.297934e-03,5.638726e-03,7.137795e-03,8.794704e-04,1.248773e-03,4.521706e-02,1.365408e-01,7.047641e-03,3.127737e-03,3.081784e-03,3.788270e-01,3.348216e-01
1.220140e-02,1.459068e-01,6.534848e-03,5.900762e-03,1.073108e-02,7.190112e-03,8.402854e-04,1.592424e-03,1.691082e-01,1.111523e-01,5.853713e-03,2.376417e-03,3.067030e-03,2.692931e-01,2.482517e-01
3.496832e-02,1.934979e-01,1.475195e-02,5.342869e-03,3.816802e-02,1.508612e-02,1.634067e-03,3.069931e-03,1.927180e-01,8.621056e-02,6.396077e-03,1.948895e-03,3.858504e-03,1.978032e-01,2.045456e-01
