1.000000e+00,0.000000e+00,0.000000e+00,0.000000e+00,0.000000e+00,0.000000e+00,0.000000e+00,0.000000e+00,0.000000e+00,0.000000e+00,0.000000e+00,0.000000e+00,0.000000e+00,0.000000e+00,0.000000e+00
1.000000e+00,0.000000e+00,0.000000e+00,0.000000e+00,0.000000e+00,0.000000e+00,0.000000e+00,0.000000e+00,0.000000e+00,0.000000e+00,0.000000e+00,0.000000e+00,0.000000e+00,0.000000e+00,0.000000e+00
1.000000e+00,0.000000e+00,0.000000e+00,0.000000e+00,0.000000e+00,0.000000e+00,0.000000e+00,0.000000e+00,0.000000e+00,0.000000e+00,0.000000e+00,0.000000e+00,0.000000e+00,0.000000e+00,0.000000e+00
1.000000e+00,0.000000e+00,0.000000e+00,0.000000e+00,0.000000e+00,0.000000e+00,0.000000e+00,0.000000e+00,0.000000e+00,0.000000e+00,0.000000e+00,0.000000e+00,0.000000e+00,0.000000e+00,0.000000e+00
1.000000e+00,0.000000e+00,0.000000e+00,0.000000e+00,0.000000e+00,0.000000e+00,0.000000e+00,0.000000e+00,0.000000e+00,0.000000e+00,0.000000e+00,0.000000e+00,0.000000e+00,0.000000e+00,0.000000e+00
1.000000e+00,0.000000e+00,0.000000e+00,0.000000e+00,0.000000e+00,0.000000e+00,0.000000e+00,0.000000e+00,0.000000e+00,0.000000e+00,0.000000e+00,0.000000e+00,0.000000e+00,0.000000e+00,0.000000e+00
1.000000e+00,0.000000e+00,0.000000e+00,0.000000e+00,0.000000e+00,0.000000e+00,0.000000e+00,0.000000e+00,0.000000e+00,0.000000e+00,0.000000e+00,0.000000e+00,0.000000e+00,0.000000e+00,0.000000e+00
1.000000e+00,0.000000e+00,0.000000e+00,0.000000e+00,0.000000e+00,0.000000e+00,0.000000e+00,0.000000e+00,0.000000e+00,0.000000e+00,0.000000e+00,0.000000e+00,0.000000e+00,0.000000e+00,0.000000e+00
1.000000e+00,0.000000e+00,0.000000e+00,0.000000e+00,0.000000e+00,0.000000e+00,0.000000e+00,0.000000e+00,0.000000e+00,0.000000e+00,0.000000e+00,0.000000e+00,0.000000e+00,0.000000e+00,0.000000e+00
1.000000e+00,0.000000e+00,0.000000e+00,0.000000e+00,0.000000e+00,0.000000e+00,0.000000e+00,0.000000e+00,0.000000e+00,0.000000e+00,0.000000e+00,0.000000e+00,0.000000e+00,0.000000e+00,0.000000e+00
1.000000e+00,0.000000e+00,0.000000e+00,0.000000e+00,0.000000e+00,0.000000e+00,0.000000e+00,0.000000e+00,0.000000e+00,0.000000e+00,0.000000e+00,0.000000e+00,0.000000e+00,0.000000e+00,0.000000e+00
1.000000e+00,0.000000e+00,0.000000e+00,0.000000e+00,0.000000e+00,0.000000e+00,0.000000e+00,0.000000e+00,0.000000e+00,0.000000e+00,0.000000e+00,0.000000e+00,0.000000e+00,0.000000e+00,0.000000e+00
1.000000e+00,0.000000e+00,0.000000e+00,0.000000e+00,0.000000e+00,0.000000e+00,0.000000e+00,0.000000e+00,0.000000e+00,0.000000e+00,0.000000e+00,0.000000e+00,0.000000e+00,0.000000e+00,0.000000e+00
1.000000e+00,0.000000e+00,0.000000e+00,0.000000e+00,0.000000e+00,0.000000e+00,0.000000e+00,0.000000e+00,0.000000e+00,0.000000e+00,0.000000e+00,0.000000e+00,0.000000e+00,0.000000e+00,0.000000e+00
1.000000e+00,0.000000e+00,0.000000e+00,0.000000e+00,0.000000e+00,0.000000e+00,0.000000e+00,0.000000e+00,0.000000e+00,0.000000e+00,0.000000e+00,0.000000e+00,0.000000e+00,0.000000e+00,0.000000e+00
1.000000e+00,0.000000e+00,0.000000e+00,0.000000e+00,0.000000e+00,0.000000e+00,0.000000e+00,0.000000e+00,0.000000e+00,0.000000e+00,0.000000e+00,0.000000e+00,0.000000e+00,0.000000e+00,0.000000e+00
1.000000e+00,0.000000e+00,0.000000e+00,0.000000e+00,0.000000e+00,0.000000e+00,0.000000e+00,0.000000e+00,0.000000e+00,0.000000e+00,0.000000e+00,0.000000e+00,0.000000e+00,0.000000e+00,0.000000e+00
1.000000e+00,0.000000e+00,0.000000e+00,0.000000e+00,0.000000e+00,0.000000e+00,0.000000e+00,0.000000e+00,0.000000e+00,0.000000e+00,0.000000e+00,0.000000e+00,0.000000e+00,0.000000e+00,0.000000e+00
1.000000e+00,0.000000e+00,0.000000e+00,0.000000e+00,0.000000e+00,0.000000e+00,0.000000e+00,0.000000e+00,0.000000e+00,0.000000e+00,0.000000e+00,0.000000e+00,0.000000e+00,0.000000e+00,0.000000e+00
1.000000e+00,0.000000e+00,0.000000e+00,0.000000e+00,0.000000e+00,0.000000e+00,0.000000e+00,0.000000e+00,0.000000e+00,0.000000e+00,0.000000e+00,0.000000e+00,0.000000e+00,0.000000e+00,0.000000e+00
1.000000e+00,0.000000e+00,0.000000e+00,0.000000e+00,0.000000e+00,0.000000e+00,0.000000e+00,0.000000e+00,0.000000e+00,0.000000e+00,0.000000e+00,0.000000e+00,0.000000e+00,0.000000e+00,0.000000e+00
1.000000e+00,0.000000e+00,0.000000e+00,0.000000e+00,0.000000e+00,0.000000e+00,0.000000e+00,0.000000e+00,0.000000e+00,0.000000e+00,0.000000e+00,0.000000e+00,0.000000e+00,0.000000e+00,0.000000e+00
1.000000e+00,0.000000e+00,0.000000e+00,0.000000e+00,0.000000e+00,0.000000e+00,0.000000e+00,0.000000e+00,0.000000e+00,0.000000e+00,0.000000e+00,0.000000e+00,0.000000e+00,0.000000e+00,0.000000e+00
1.000000e+00,0.000000e+00,0.000000e+00,0.000000e+00,0.000000e+00,0.000000e+00,0.000000e+00,0.000000e+00,0.000000e+00,0.000000e+00,0.000000e+00,0.000000e+00,0.000000e+00,0.000000e+00,0.000000e+00
1.000000e+00,0.000000e+00,0.000000e+00,0.000000e+00,0.000000e+00,0.000000e+00,0.000000e+00,0.000000e+00,0.000000e+00,0.000000e+00,0.000000e+00,0.000000e+00,0.000000e+00,0.000000e+00,0.000000e+00
1.000000e+00,0.000000e+00,0.000000e+00,0.000000e+00,0.000000e+00,0.000000e+00,0.000000e+00,0.000000e+00,0.000000e+00,0.000000e+00,0.000000e+00,0.000000e+00,0.000000e+00,0.000000e+00,0.000000e+00
1.000000e+00,0.000000e+00,0.000000e+00,0.000000e+00,0.000000e+00,0.000000e+00,0.000000e+00,0.000000e+00,0.000000e+00,0.000000e+00,0.000000e+00,0.000000e+00,0.000000e+00,0.000000e+00,0.000000e+00
1.000000e+00,0.000000e+00,0.000000e+00,0.000000e+00,0.000000e+00,0.000000e+00,0.000000e+00,0.000000e+00,0.000000e+00,0.000000e+00,0.000000e+00,0.000000e+00,0.000000e+00,0.000000e+00,0.000000e+00
1.000000e+00,0.000000e+00,0.000000e+00,0.000000e+00,0.000000e+00,0.000000e+00,0.000000e+00,0.000000e+00,0.000000e+00,0.000000e+00,0.000000e+00,0.000000e+00,0.000000e+00,0.000000e+00,0.000000e+00
1.000000e+00,0.000000e+00,0.000000e+00,0.000000e+00,0.000000e+00,0.000000e+00,0.000000e+00,0.000000e+00,0.000000e+00,0.000000e+00,0.000000e+00,0.000000e+00,0.000000e+00,0.000000e+00,0.000000e+00
1.000000e+00,0.000000e+00,0.000000e+00,0.000000e+00,0.000000e+00,0.000000e+00,0.000000e+00,0.000000e+00,0.000000e+00,0.000000e+00,0.000000e+00,0.000000e+00,0.000000e+00,0.000000e+00,0.000000e+00
1.000000e+00,0.000000e+00,0.000000e+00,0.000000e+00,0.000000e+00,0.000000e+00,0.000000e+00,0.000000e+00,0.000000e+00,0.000000e+00,0.000000e+00,0.000000e+00,0.000000e+00,0.000000e+00,0.000000e+00
1.000000e+00,0.000000e+00,0.000000e+00,0.000000e+00,0.000000e+00,0.000000e+00,0.000000e+00,0.000000e+00,0.000000e+00,0.000000e+00,0.000000e+00,0.000000e+00,0.000000e+00,0.000000e+00,0.000000e+00
1.000000e+00,0.000000e+00,0.000000e+00,0.000000e+00,0.000000e+00,0.000000e+00,0.000000e+00,0.000000e+00,0.000000e+00,0.000000e+00,0.000000e+00,0.000000e+00,0.000000e+00,0.000000e+00,0.000000e+00
1.000000e+00,0.000000e+00,0.000000e+00,0.000000e+00,0.000000e+00,0.000000e+00,0.000000e+00,0.000000e+00,0.000000e+00,0.000000e+00,0.000000e+00,0.000000e+00,0.000000e+00,0.000000e+00,0.000000e+00
1.000000e+00,0.000000e+00,0.000000e+00,0.000000e+00,0.000000e+00,0.000000e+00,0.000000e+00,0.000000e+00,0.000000e+00,0.000000e+00,0.000000e+00,0.000000e+00,0.000000e+00,0.000000e+00,0.000000e+00
1.000000e+00,0.000000e+00,0.000000e+00,0.000000e+00,0.000000e+00,0.000000e+00,0.000000e+00,0.000000e+00,0.000000e+00,0.000000e+00,0.000000e+00,0.000000e+00,0.000000e+00,0.000000e+00,0.000000e+00
1.000000e+00,0.000000e+00,0.000000e+00,0.000000e+00,0.000000e+00,0.000000e+00,0.000000e+00,0.000000e+00,0.000000e+00,0.000000e+00,0.000000e+00,0.000000e+00,0.000000e+00,0.000000e+00,0.000000e+00
1.000000e+00,0.000000e+00,0.000000e+00,0.000000e+00,0.000000e+00,0.000000e+00,0.000000e+00,0.000000e+00,0.000000e+00,0.000000e+00,0.000000e+00,0.000000e+00,0.000000e+00,0.000000e+00,0.000000e+00
1.000000e+00,0.000000e+00,0.000000e+00,0.000000e+00,0.000000e+00,0.000000e+00,0.000000e+00,0.000000e+00,0.000000e+00,0.000000e+00,0.000000e+00,0.000000e+00,0.000000e+00,0.000000e+00,0.000000e+00
1.000000e+00,0.000000e+00,0.000000e+00,0.000000e+00,0.000000e+00,0.000000e+00,0.000000e+00,0.000000e+00,0.000000e+00,0.000000e+00,0.000000e+00,0.000000e+00,0.000000e+00,0.000000e+00,0.000000e+00
1.000000e+00,0.000000e+00,0.000000e+00,0.000000e+00,0.000000e+00,0.000000e+00,0.000000e+00,0.000000e+00,0.000000e+00,0.000000e+00,0.000000e+00,0.000000e+00,0.000000e+00,0.000000e+00,0.000000e+00
4.827335e-01,6.458228e-02,4.227592e-02,1.368647e-01,9.107264e-03,2.039663e-02,4.515348e-03,1.527122e-02,2.825306e-02,5.647393e-03,3.529430e-02,2.861745e-02,1.785810e-02,2.072316e-02,8.785956e-02
1.000000e+00,0.000000e+00,0.000000e+00,0.000000e+00,0.000000e+00,0.000000e+00,0.000000e+00,0.000000e+00,0.000000e+00,0.000000e+00,0.000000e+00,0.000000e+00,0.000000e+00,0.000000e+00,0.000000e+00
1.000000e+00,0.000000e+00,0.000000e+00,0.000000e+00,0.000000e+00,0.000000e+00,0.000000e+00,0.000000e+00,0.000000e+00,0.000000e+00,0.000000e+00,0.000000e+00,0.000000e+00,0.000000e+00,0.000000e+00
1.000000e+00,0.000000e+00,0.000000e+00,0.000000e+00,0.000000e+00,0.000000e+00,0.000000e+00,0.000000e+00,0.000000e+00,0.000000e+00,0.000000e+00,0.000000e+00,0.000000e+00,0.000000e+00,0.000000e+00
1.000000e+00,0.000000e+00,0.000000e+00,0.000000e+00,0.000000e+00,0.000000e+00,0.000000e+00,0.000000e+00,0.000000e+00,0.000000e+00,0.000000e+00,0.000000e+00,0.000000e+00,0.000000e+00,0.000000e+00
1.000000e+00,0.000000e+00,0.000000e+00,0.000000e+00,0.000000e+00,0.000000e+00,0.000000e+00,0.000000e+00,0.000000e+00,0.000000e+00,0.000000e+00,0.000000e+00,0.000000e+00,0.000000e+00,0.000000e+00
1.000000e+00,0.000000e+00,0.000000e+00,0.000000e+00,0.000000e+00,0.000000e+00,0.000000e+00,0.000000e+00,0.000000e+00,0.000000e+00,0.000000e+00,0.000000e+00,0.000000e+00,0.000000e+00,0.000000e+00
1.000000e+00,0.000000e+00,0.000000e+00,0.000000e+00,0.000000e+00,0.000000e+00,0.000000e+00,0.000000e+00,0.000000e+00,0.000000e+00,0.000000e+00,0.000000e+00,0.000000e+00,0.000000e+00,0.000000e+00
1.000000e+00,0.000000e+00,0.000000e+00,0.000000e+00,0.000000e+00,0.000000e+00,0.000000e+00,0.000000e+00,0.000000e+00,0.000000e+00,0.000000e+00,0.000000e+00,0.000000e+00,0.000000e+00,0.000000e+00
1.000000e+00,0.000000e+00,0.000000e+00,0.000000e+00,0.000000e+00,0.000000e+00,0.000000e+00,0.000000e+00,0.000000e+00,0.000000e+00,0.000000e+00,0.000000e+00,0.000000e+00,0.000000e+00,0.000000e+00
1.000000e+00,0.000000e+00,0.000000e+00,0.000000e+00,0.000000e+00,0.000000e+00,0.000000e+00,0.000000e+00,0.000000e+00,0.000000e+00,0.000000e+00,0.000000e+00,0.000000e+00,0.000000e+00,0.000000e+00
1.000000e+00,0.000000e+00,0.000000e+00,0.000000e+00,0.000000e+00,0.000000e+00,0.000000e+00,0.000000e+00,0.000000e+00,0.000000e+00,0.000000e+00,0.000000e+00,0.000000e+00,0.000000e+00,0.000000e+00
1.000000e+00,0.000000e+00,0.000000e+00,0.000000e+00,0.000000e+00,0.000000e+00,0.000000e+00,0.000000e+00,0.000000e+00,0.000000e+00,0.000000e+00,0.000000e+00,0.000000e+00,0.000000e+00,0.000000e+00
1.000000e+00,0.000000e+00,0.000000e+00,0.000000e+00,0.000000e+00,0.000000e+00,0.000000e+00,0.000000e+00,0.000000e+00,0.000000e+00,0.000000e+00,0.000000e+00,0.000000e+00,0.000000e+00,0.000000e+00
1.000000e+00,0.000000e+00,0.000000e+00,0.000000e+00,0.000000e+00,0.000000e+00,0.000000e+00,0.000000e+00,0.000000e+00,0.000000e+00,0.000000e+00,0.000000e+00,0.000000e+00,0.000000e+00,0.000000e+00
1.000000e+00,0.000000e+00,0.000000e+00,0.000000e+00,0.000000e+00,0.000000e+00,0.000000e+00,0.000000e+00,0.000000e+00,0.000000e+00,0.000000e+00,0.000000e+00,0.000000e+00,0.000000e+00,0.000000e+00
1.000000e+00,0.000000e+00,0.000000e+00,0.000000e+00,0.000000e+00,0.000000e+00,0.000000e+00,0.000000e+00,0.000000e+00,0.000000e+00,0.000000e+00,0.000000e+00,0.000000e+00,0.000000e+00,0.000000e+00
1.000000e+00,0.000000e+00,0.000000e+00,0.000000e+00,0.000000e+00,0.000000e+00,0.000000e+00,0.000000e+00,0.000000e+00,0.000000e+00,0.000000e+00,0.000000e+00,0.000000e+00,0.000000e+00,0.000000e+00
1.000000e+00,0.000000e+00,0.000000e+00,0.000000e+00,0.000000e+00,0.000000e+00,0.000000e+00,0.000000e+00,0.000000e+00,0.000000e+00,0.000000e+00,0.000000e+00,0.000000e+00,0.000000e+00,0.000000e+00
1.000000e+00,0.000000e+00,0.000000e+00,0.000000e+00,0.000000e+00,0.000000e+00,0.000000e+00,0.000000e+00,0.000000e+00,0.000000e+00,0.000000e+00,0.000000e+00,0.000000e+00,0.000000e+00,0.000000e+00
1.000000e+00,0.000000e+00,0.000000e+00,0.000000e+00,0.000000e+00,0.000000e+00,0.000000e+00,0.000000e+00,0.000000e+00,0.000000e+00,0.000000e+00,0.000000e+00,0.000000e+00,0.000000e+00,0.000000e+00
3.831248e-01,2.031649e-02,9.426998e-03,6.450038e-02,3.860795e-01,5.996793e-02,7.941875e-03,2.137129e-02,3.909874e-03,1.739410e-03,6.996412e-03,1.326934e-02,9.445277e-03,1.792824e-03,1.011775e-02
2.683094e-01,1.424784e-02,6.650118e-03,4.533599e-02,5.385634e-01,4.305696e-02,8.442405e-03,1.530471e-02,2.744009e-03,1.853402e-02,1.238712e-02,9.370660e-03,7.024573e-03,1.346672e-03,8.682257e-03
1.878373e-01,9.977463e-03,4.661804e-03,3.194238e-02,3.842247e-01,3.016048e-02,6.204807e-03,1.073584e-02,1.999677e-03,2.566910e-01,4.254180e-02,6.754078e-03,5.902976e-03,1.161604e-03,1.920411e-02
1.314998e-01,6.996258e-03,3.273956e-03,2.284469e-02,2.716269e-01,2.114038e-02,4.493788e-03,7.525506e-03,2.522548e-03,4.189655e-01,6.773775e-02,5.437251e-03,6.951286e-03,1.656164e-03,2.732833e-02
9.208383e-02,5.074219e-03,2.300475e-03,1.621696e-02,1.913199e-01,1.492407e-02,3.200292e-03,5.275451e-03,4.430501e-03,4.713306e-01,8.760078e-02,9.121384e-03,1.210726e-02,1.032367e-02,7.469065e-02
6.489828e-02,3.813511e-03,1.733630e-03,1.367847e-02,1.349363e-01,1.194787e-02,2.275814e-03,3.720359e-03,9.012609e-03,4.144842e-01,1.230423e-01,1.407292e-02,2.659669e-02,2.354838e-02,1.522388e-01
4.610002e-02,3.249800e-03,1.685654e-03,1.179417e-02,9.505296e-02,1.073332e-02,1.643980e-03,2.627681e-03,1.225147e-02,3.593730e-01,9.725482e-02,1.068247e-02,2.165134e-02,8.755329e-02,2.383460e-01
3.315224e-02,4.707332e-03,8.323674e-03,1.872784e-02,6.729620e-02,1.982916e-02,1.316948e-03,1.919648e-03,3.129518e-02,2.878740e-01,8.560724e-02,1.056435e-02,1.879283e-02,1.398056e-01,2.707878e-01
2.545953e-02,5.039508e-03,1.177938e-02,3.065937e-02,4.789310e-02,2.918316e-02,1.243982e-03,1.471056e-03,3.786200e-02,2.200976e-01,1.146726e-01,1.463518e-02,2.013293e-02,2.047887e-01,2.350819e-01
2.156711e-02,4.768336e-03,9.936672e-03,2.205285e-02,3.403428e-02,2.257896e-02,9.346069e-04,1.071449e-03,2.979022e-02,1.593331e-01,2.113321e-01,1.076283e-02,1.733126e-02,2.780313e-01,1.764749e-01
3.655590e-02,7.586755e-03,9.671465e-03,1.780678e-02,2.942065e-02,2.175517e-02,1.397301e-03,1.539403e-03,5.247696e-02,1.252916e-01,2.180970e-01,9.306129e-03,1.961935e-02,3.024573e-01,1.470183e-01
2.976497e-02,7.534424e-03,8.936925e-03,1.263345e-02,2.146220e-02,1.757771e-02,1.064230e-03,1.202227e-03,4.671128e-02,9.517198e-02,1.561053e-01,6.856402e-03,1.444139e-02,4.695302e-01,1.110073e-01
2.298676e-02,6.414675e-03,7.071720e-03,9.018628e-03,1.650061e-02,1.365526e-02,8.773874e-04,9.659319e-04,5.666509e-02,9.192848e-02,1.133412e-01,5.328772e-03,1.075237e-02,5.520588e-01,9.243442e-02
2.213074e-02,6.084785e-03,6.210461e-03,6.965697e-03,1.352613e-02,1.162733e-02,7.664298e-04,9.326754e-04,1.014498e-01,8.908029e-02,8.714572e-02,4.829071e-03,8.865700e-03,5.534219e-01,8.696328e-02
1.661766e-02,5.655233e-03,4.709243e-03,5.139947e-03,1.075417e-02,9.257698e-03,5.791800e-04,7.353267e-04,8.299055e-02,2.625655e-01,6.833702e-02,4.757682e-03,7.770022e-03,4.482189e-01,7.191188e-02
1.390577e-02,4.765735e-03,3.845699e-03,3.837429e-03,8.828091e-03,6.880275e-03,4.605521e-04,8.163643e-04,6.573330e-02,3.553818e-01,5.368086e-02,3.913262e-03,6.391375e-03,4.180632e-01,5.349631e-02
1.211282e-02,5.532741e-03,3.383069e-03,3.226703e-03,8.593507e-03,5.604579e-03,3.874290e-04,7.864739e-04,5.151789e-02,4.811707e-01,4.880749e-02,3.968647e-03,6.250255e-03,3.279875e-01,4.067018e-02
1.764266e-02,6.453073e-03,3.235285e-03,4.005851e-03,8.109246e-03,9.735319e-03,5.610079e-04,2.248036e-03,4.283989e-02,5.620658e-01,5.327549e-02,4.533043e-03,8.550766e-03,2.445480e-01,3.219657e-02
1.648996e-02,6.182945e-03,2.825595e-03,4.416637e-03,7.407354e-03,1.758967e-02,7.374837e-04,2.249526e-03,3.414170e-02,5.812844e-01,5.353953e-02,9.341730e-03,2.688028e-02,2.111370e-01,2.577615e-02
2.030719e-02,1.079080e-02,2.915542e-03,7.027587e-03,8.896348e-03,3.184751e-02,1.871213e-03,4.163607e-03,3.383381e-02,4.657364e-01,5.830281e-02,2.629915e-02,7.306424e-02,2.327349e-01,2.220890e-02
2.437789e-02,1.349741e-02,2.526142e-03,8.647471e-03,1.017142e-02,4.156207e-02,1.781007e-03,4.323829e-03,4.800000e-02,3.635325e-01,5.481032e-02,2.473729e-02,1.077770e-01,2.767388e-01,1.751680e-02
2.543977e-02,1.487999e-02,1.925003e-03,7.909027e-03,8.513181e-03,3.653666e-02,1.418296e-03,4.021096e-03,9.108907e-02,2.595298e-01,4.956412e-02,2.252898e-02,1.323671e-01,3.310766e-01,1.320134e-02
2.287929e-02,1.507326e-02,1.469521e-03,6.107575e-03,7.050695e-03,4.692765e-02,1.181460e-03,3.386432e-03,1.223487e-01,1.846159e-01,5.494814e-02,2.351039e-02,1.738240e-01,3.224506e-01,1.422638e-02
2.282507e-02,1.635517e-02,1.369143e-03,4.800250e-03,6.886165e-03,5.197733e-02,1.412495e-03,3.316472e-03,1.520910e-01,1.345634e-01,6.023709e-02,2.565685e-02,1.899279e-01,3.063192e-01,2.226240e-02
2.032943e-02,1.785765e-02,1.199627e-03,3.877786e-03,6.315609e-03,5.654740e-02,1.351676e-03,3.591018e-03,1.663279e-01,9.760935e-02,4.889059e-02,2.959134e-02,2.590864e-01,2.616740e-01,2.575024e-02
3.382826e-02,2.171941e-02,1.497537e-03,4.485705e-03,1.005776e-02,5.338909e-02,1.774032e-03,6.331521e-03,1.686623e-01,7.305734e-02,4.349305e-02,3.704080e-02,2.853288e-01,2.328717e-01,2.646268e-02
4.385186e-02,1.836985e-02,1.626377e-03,4.114220e-03,1.573686e-02,4.369454e-02,2.020204e-03,6.139251e-03,1.344898e-01,5.214371e-02,3.422287e-02,5.960528e-02,3.963834e-01,1.667868e-01,2.081491e-02
3.432603e-02,1.427595e-02,1.450025e-03,3.221310e-03,1.265211e-02,4.050680e-02,1.646442e-03,4.432394e-03,9.777720e-02,3.698747e-02,2.776907e-02,5.679866e-02,5.340744e-01,1.171597e-01,1.692245e-02
2.706047e-02,1.101645e-02,1.501098e-03,2.856673e-03,9.529621e-03,3.708852e-02,1.361251e-03,3.277847e-03,6.979536e-02,2.722437e-02,2.644796e-02,5.129194e-02,6.308494e-01,8.259412e-02,1.810489e-02
1.924551e-02,7.814766e-03,1.602209e-03,2.202194e-03,7.006087e-03,2.932544e-02,1.171349e-03,2.330677e-03,4.926706e-02,3.047357e-02,3.152157e-02,5.377612e-02,6.804308e-01,5.837419e-02,2.545846e-02
1.583616e-02,5.531511e-03,1.171780e-03,2.171980e-03,5.244668e-03,5.097785e-02,9.191305e-04,1.682779e-03,3.617807e-02,2.402911e-02,3.979741e-02,1.398309e-01,6.145226e-01,4.211183e-02,1.999418e-02
1.514702e-02,3.892109e-03,8.599722e-04,1.634371e-03,3.767828e-03,6.962356e-02,7.231390e-04,1.187707e-03,2.682478e-02,1.853114e-02,3.997047e-02,3.236156e-01,4.498781e-01,2.982948e-02,1.451466e-02
1.102148e-02,2.734354e-03,6.120421e-04,1.163129e-03,2.665021e-03,5.026595e-02,5.149179e-04,8.333018e-04,1.965795e-02,1.522758e-02,3.915556e-02,4.891500e-01,3.350055e-01,2.097226e-02,1.102094e-02
7.996496e-03,1.929058e-03,4.405889e-04,8.386860e-04,1.916646e-03,3.611895e-02,3.662124e-04,5.858721e-04,1.507398e-02,1.547221e-02,3.646044e-02,6.137666e-01,2.459653e-01,1.476811e-02,8.300851e-03
5.721251e-03,1.442826e-03,3.495461e-04,6.171943e-04,2.449210e-03,2.536417e-02,3.556031e-04,4.321838e-04,3.952744e-02,1.862209e-02,3.448810e-02,6.756640e-01,1.783761e-01,1.037474e-02,6.215531e-03
4.239429e-03,1.172560e-03,2.733975e-04,4.583933e-04,1.936268e-03,1.791417e-02,2.760971e-04,3.147447e-04,4.553406e-02,2.956170e-02,3.081217e-02,7.274799e-01,1.280203e-01,7.336490e-03,4.670271e-03
3.418615e-03,1.244014e-03,2.506827e-04,3.601555e-04,1.543946e-03,1.280527e-02,2.129415e-04,2.599218e-04,4.733087e-02,3.948625e-02,4.162903e-02,7.486244e-01,9.422082e-02,5.211820e-03,3.401233e-03
2.832337e-03,1.250746e-03,2.262374e-04,2.684837e-04,1.207388e-03,9.112769e-03,1.712989e-04,2.027141e-04,4.174154e-02,4.826209e-02,3.937050e-02,7.811512e-01,6.797661e-02,3.717748e-03,2.508331e-03
3.324353e-03,1.156535e-03,2.430248e-04,2.380334e-04,1.240237e-03,7.275529e-03,1.657009e-04,3.027058e-04,4.197799e-02,5.367745e-02,4.172766e-02,7.947066e-01,4.951432e-02,2.645247e-03,1.804603e-03
3.667810e-03,1.270343e-03,2.418907e-04,2.861943e-04,1.441840e-03,5.559208e-03,1.438740e-04,1.590623e-03,9.932189e-02,6.065515e-02,6.084963e-02,7.203748e-01,4.141946e-02,1.892819e-03,1.284444e-03
7.084400e-03,1.025686e-03,2.355669e-04,5.169449e-04,1.356722e-03,6.687065e-03,1.422430e-04,2.028557e-03,9.308310e-02,6.875664e-02,6.265374e-02,7.189513e-01,3.515019e-02,1.390132e-03,9.376792e-04
5.859273e-03,9.255892e-04,2.963696e-04,4.490992e-04,8.382034e-03,4.940568e-03,3.923677e-04,2.268081e-03,2.193704e-01,7.098280e-02,5.115611e-02,6.042955e-01,2.889434e-02,1.098250e-03,6.892115e-04
4.761363e-03,7.779917e-04,3.568994e-04,5.002015e-04,8.194981e-03,5.046162e-03,7.400952e-04,2.858202e-03,2.077838e-01,9.239118e-02,4.767119e-02,6.040654e-01,2.321460e-02,1.119087e-03,5.187695e-04
4.187499e-03,6.954828e-04,7.868313e-04,1.116625e-03,2.091481e-02,4.204817e-03,1.178032e-03,4.645661e-03,2.258767e-01,8.959374e-02,5.634430e-02,5.690634e-01,1.993915e-02,1.045257e-03,4.075259e-04
7.704673e-03,6.097886e-04,1.587201e-03,1.987517e-03,7.877670e-02,4.039116e-03,6.671371e-03,3.943410e-02,2.157605e-01,8.299991e-02,5.908087e-02,4.814471e-01,1.861117e-02,9.376782e-04,3.521653e-04
9.669255e-03,5.194409e-04,1.690784e-03,2.750719e-03,8.920985e-02,3.451241e-03,7.750099e-03,4.427733e-02,2.335036e-01,7.750000e-02,6.940588e-02,4.343068e-01,2.475788e-02,8.914131e-04,3.155904e-04
9.397119e-03,4.577468e-04,2.384705e-03,3.045205e-03,1.025892e-01,2.962462e-03,7.751266e-03,8.479078e-02,2.608784e-01,5.610963e-02,6.874941e-02,3.654316e-01,3.432519e-02,8.410445e-04,2.860473e-04
9.633673e-03,5.078764e-04,2.422916e-03,2.633221e-03,9.037981e-02,2.744701e-03,6.997618e-03,1.532016e-01,3.014929e-01,3.950755e-02,6.453630e-02,2.880431e-01,3.695996e-02,7.055717e-04,2.331545e-04
9.636685e-03,5.952275e-04,2.133543e-03,2.228948e-03,7.443821e-02,2.653093e-03,5.742719e-03,2.076130e-01,3.528099e-01,2.772078e-02,5.169766e-02,2.269041e-01,3.511428e-02,5.174552e-04,1.943992e-04
9.258521e-03,1.892497e-03,1.784298e-03,2.912592e-03,6.345506e-02,3.227739e-03,4.309088e-03,1.519683e-01,5.156578e-01,1.967910e-02,3.703620e-02,1.616078e-01,2.643572e-02,3.767912e-04,3.984589e-04
1.175173e-02,1.713339e-03,1.906071e-03,3.208966e-03,8.444089e-02,4.534038e-03,4.733181e-03,1.262164e-01,5.871493e-01,1.387887e-02,2.658316e-02,1.139404e-01,1.930936e-02,2.836686e-04,3.505845e-04
1.561208e-02,2.395752e-03,1.496383e-03,3.440003e-03,2.028491e-01,1.032723e-02,6.554269e-03,9.032498e-02,5.442614e-01,9.733759e-03,1.892824e-02,7.991638e-02,1.368133e-02,2.095612e-04,2.695631e-04
2.732449e-02,1.029012e-02,1.454142e-03,1.112238e-02,2.565308e-01,2.222306e-02,6.553663e-03,6.578945e-02,5.106437e-01,6.900986e-03,1.370004e-02,5.652658e-02,9.733886e-03,2.252871e-04,9.814971e-04
3.836503e-02,1.686234e-02,1.506750e-03,2.390836e-02,2.921174e-01,2.095957e-02,6.442531e-03,5.847888e-02,4.762250e-01,5.054690e-03,1.027562e-02,4.023585e-02,7.131883e-03,2.676663e-04,2.168461e-03
5.254113e-02,1.824118e-02,1.755457e-03,2.904382e-02,3.202389e-01,1.681527e-02,6.046253e-03,5.525776e-02,4.511536e-01,3.665436e-03,8.043339e-03,2.929473e-02,5.486824e-03,3.180756e-04,2.098156e-03
7.724247e-02,1.597024e-02,1.999201e-03,2.782870e-02,3.420943e-01,1.267100e-02,4.899016e-03,1.166378e-01,3.627520e-01,2.665268e-03,7.187980e-03,2.175385e-02,4.208841e-03,3.256118e-04,1.763808e-03
1.032486e-01,1.221838e-02,2.219535e-03,2.127429e-02,2.888562e-01,9.721349e-03,3.943007e-03,2.696593e-01,2.607380e-01,1.965865e-03,5.470803e-03,1.580536e-02,3.168604e-03,3.180030e-04,1.392620e-03
8.054201e-02,8.616222e-03,1.733719e-03,1.506339e-02,2.041421e-01,7.502764e-03,3.154695e-03,4.764994e-01,1.827583e-01,1.387763e-03,3.884381e-03,1.113540e-02,2.333969e-03,2.361604e-04,1.009746e-03
6.314863e-02,6.127939e-03,1.463399e-03,1.073391e-02,1.440917e-01,6.667550e-03,2.590710e-03,6.226968e-01,1.280661e-01,9.838971e-04,2.772765e-03,7.894410e-03,1.811200e-03,1.943152e-04,7.567413e-04
5.675108e-02,4.397982e-03,1.218713e-03,7.700311e-03,1.029982e-01,6.191215e-03,2.216737e-03,7.179782e-01,8.978561e-02,7.067953e-04,2.066098e-03,5.713248e-03,1.519796e-03,1.605700e-04,5.953723e-04
5.485669e-02,3.164295e-03,1.179085e-03,5.821171e-03,7.377227e-02,9.203469e-03,2.269949e-03,7.783132e-01,6.294836e-02,5.112324e-04,1.563731e-03,4.378872e-03,1.384787e-03,1.314870e-04,5.013692e-04
5.032409e-02,2.324841e-03,1.883166e-03,4.499083e-03,5.285265e-02,1.550341e-02,2.952693e-03,8.152279e-01,4.421619e-02,5.210906e-04,1.764450e-03,3.478433e-03,3.750990e-03,1.546163e-04,5.464229e-04
3.653088e-02,1.664974e-03,1.370800e-03,3.418420e-03,3.719663e-02,1.761878e-02,2.327334e-03,5.969228e-01,3.112568e-02,4.119319e-04,3.632165e-03,5.601197e-03,2.587126e-01,1.338495e-04,3.331906e-03
2.800834e-02,1.229792e-03,1.018142e-03,2.625376e-03,2.623412e-02,1.605030e-02,2.178186e-03,4.508324e-01,2.209513e-02,4.483775e-04,6.591812e-03,1.558720e-02,4.206464e-01,2.470037e-04,6.207366e-03
2.017107e-02,8.672428e-04,7.643048e-04,1.984189e-03,1.867580e-02,1.320744e-02,1.876489e-03,3.188047e-01,1.581198e-02,4.301906e-04,1.140890e-02,1.862776e-02,5.689701e-01,2.825401e-04,8.117220e-03
1.448503e-02,6.253467e-04,5.741336e-04,1.588082e-03,1.342580e-02,1.094536e-02,1.715082e-03,2.254313e-01,1.129107e-02,4.893238e-04,1.618473e-02,1.853185e-02,6.745071e-01,4.395821e-04,9.766228e-03
1.019887e-02,4.827226e-04,7.153809e-04,1.190278e-03,1.296693e-02,7.829957e-03,1.448812e-03,1.588986e-01,9.486804e-03,7.049936e-04,2.256010e-02,2.391521e-02,7.385951e-01,4.429450e-04,1.056326e-02
7.218573e-03,4.083151e-04,8.040108e-04,8.939862e-04,1.184159e-02,5.710399e-03,1.150080e-03,1.117283e-01,9.005723e-03,8.808682e-04,2.346938e-02,2.555644e-02,7.913043e-01,3.750736e-04,9.652941e-03
5.172173e-03,3.217163e-04,7.416143e-04,6.434954e-04,8.855076e-03,4.410048e-03,9.277330e-04,7.841352e-02,7.057117e-03,1.347477e-03,1.897103e-02,5.342390e-02,8.109595e-01,3.798261e-04,8.375813e-03
3.707375e-03,2.814577e-04,6.126475e-04,4.902865e-04,7.527776e-03,3.279020e-03,7.203826e-04,5.501231e-02,7.686388e-03,3.058216e-03,1.805218e-02,8.299454e-02,8.088691e-01,3.160152e-04,7.392340e-03
2.688128e-03,2.559324e-04,5.890537e-04,4.578349e-04,6.240514e-03,2.805389e-03,6.016362e-04,3.862991e-02,7.277202e-03,5.883135e-03,1.677983e-02,1.501999e-01,7.611901e-01,3.310788e-04,6.070476e-03
1.989441e-03,4.672519e-04,2.891521e-03,3.921605e-04,8.650729e-03,2.105878e-03,6.375034e-04,2.796210e-02,1.356733e-02,6.737018e-03,1.377664e-02,1.538794e-01,7.616983e-01,3.399862e-04,4.904759e-03
1.503530e-03,5.129730e-04,2.380561e-03,3.924516e-04,1.514660e-02,1.578994e-03,6.123285e-04,2.122168e-02,2.091752e-02,7.522219e-03,1.114766e-02,2.246040e-01,6.874506e-01,4.631802e-04,4.545800e-03
1.143447e-03,1.927258e-03,2.076751e-03,3.996911e-04,2.295075e-02,1.168397e-03,4.875557e-04,1.604672e-02,1.091643e-01,8.953993e-03,9.145090e-03,2.540659e-01,5.677988e-01,5.034109e-04,4.167989e-03
1.309523e-03,1.727659e-03,3.170933e-03,5.852285e-04,6.482590e-02,8.892511e-04,2.888020e-03,1.144851e-01,1.069292e-01,7.455480e-03,9.386867e-03,2.512891e-01,4.316109e-01,4.391037e-04,3.007794e-03
1.358272e-03,1.853388e-03,3.058445e-03,7.591419e-04,8.331639e-02,6.892944e-04,3.238560e-03,1.461775e-01,1.963015e-01,6.150248e-03,9.614064e-03,2.317794e-01,3.130374e-01,4.233367e-04,2.243048e-03
1.383269e-03,2.096957e-03,5.176458e-03,8.555932e-04,6.820171e-02,6.137789e-04,3.132704e-03,2.788423e-01,2.143772e-01,4.531062e-03,9.463795e-03,1.821959e-01,2.271228e-01,3.684931e-04,1.638080e-03
1.248673e-03,3.213701e-03,4.053949e-03,8.552070e-04,5.450509e-02,5.569484e-04,2.266803e-03,2.180865e-01,4.143139e-01,3.271519e-03,7.183693e-03,1.290746e-01,1.599250e-01,2.676287e-04,1.176822e-03
1.571057e-03,4.017660e-03,3.800289e-03,1.209314e-03,5.396833e-02,5.716129e-04,1.782279e-03,1.849667e-01,5.350088e-01,2.391069e-03,5.637007e-03,9.129499e-02,1.127394e-01,1.972970e-04,8.442063e-04
2.801208e-03,4.199932e-03,4.242162e-03,3.430183e-03,5.920744e-02,7.502882e-04,1.335427e-03,2.015461e-01,5.723129e-01,1.757020e-03,4.256775e-03,6.420759e-02,7.917556e-02,1.517105e-04,6.257087e-04
2.668515e-03,3.111709e-03,3.215331e-03,2.699561e-03,8.046882e-02,5.674674e-04,1.014829e-03,2.775489e-01,5.234685e-01,1.235513e-03,3.017642e-03,4.497946e-02,5.545447e-02,1.089836e-04,4.403199e-04
3.116424e-03,2.695330e-03,2.565430e-03,2.079494e-03,7.332409e-02,4.537087e-04,7.610269e-04,4.628516e-01,3.784524e-01,8.656901e-04,2.120247e-03,3.149409e-02,3.882998e-02,8.006259e-05,3.104296e-04
3.924687e-03,1.971796e-03,1.900906e-03,1.567084e-03,6.301756e-02,4.896991e-04,5.935447e-04,6.078198e-01,2.670815e-01,6.066989e-04,1.498588e-03,2.205494e-02,2.719513e-02,5.870247e-05,2.193768e-04
4.909431e-03,1.496711e-03,1.413780e-03,1.170824e-03,5.252898e-02,4.966499e-04,4.674370e-04,7.129856e-01,1.883095e-01,4.256163e-04,1.067752e-03,1.546175e-02,1.906598e-02,4.409984e-05,1.558989e-04
7.275593e-03,1.096564e-03,1.038819e-03,9.180049e-04,3.916786e-02,6.706236e-04,3.684381e-04,7.917790e-01,1.321933e-01,2.985921e-04,7.714574e-04,1.088108e-02,1.339121e-02,3.496639e-05,1.144369e-04
9.835284e-03,8.345314e-04,7.780744e-04,7.804261e-04,2.987909e-02,1.003754e-03,3.173667e-04,8.458122e-01,9.269044e-02,2.098270e-04,5.781546e-04,7.709757e-03,9.448344e-03,3.256669e-05,9.011209e-05
1.816104e-02,7.534261e-04,6.408354e-04,1.315166e-03,2.230811e-02,7.069537e-03,2.659864e-04,8.692595e-01,6.524999e-02,1.515332e-04,6.478824e-04,6.332309e-03,7.569752e-03,1.014962e-04,1.734764e-04
3.008949e-02,7.136800e-04,6.771388e-04,1.328997e-03,1.634328e-02,7.001347e-03,3.499437e-04,8.853817e-01,4.613446e-02,1.139078e-04,6.523896e-04,4.951582e-03,5.763909e-03,1.395153e-04,3.586430e-04
3.992254e-02,6.845341e-04,6.532757e-04,1.378841e-03,1.187354e-02,6.007964e-03,3.282095e-04,8.954332e-01,3.265176e-02,1.022994e-04,8.062683e-04,4.537961e-03,4.612169e-03,1.766038e-04,8.308257e-04
4.011753e-02,5.889839e-04,6.170917e-04,1.203288e-03,8.583329e-03,4.997734e-03,2.919662e-04,9.116393e-01,2.306996e-02,9.259584e-05,7.066350e-04,3.417943e-03,3.415186e-03,1.483168e-04,1.110093e-03
8.532328e-02,1.163958e-03,9.382816e-04,2.200168e-03,6.384676e-03,1.044969e-02,3.119502e-04,8.420591e-01,1.975439e-02,6.163564e-04,5.046331e-03,4.780986e-03,3.754627e-03,1.720369e-03,1.549581e-02
1.812428e-01,2.682958e-03,1.651556e-03,3.490454e-03,4.733115e-03,1.001717e-02,4.528687e-04,6.915217e-01,3.670736e-02,2.800440e-03,6.285818e-03,5.007582e-03,3.965738e-03,2.503955e-03,4.693653e-02
2.841643e-01,4.021619e-03,3.671470e-03,1.510507e-02,7.391012e-03,1.030653e-02,5.694939e-04,5.595812e-01,4.153097e-02,3.468372e-03,7.409255e-03,5.619829e-03,6.262508e-03,4.307183e-03,4.659121e-02
3.692943e-01,3.652113e-03,3.704173e-03,1.618140e-02,6.347124e-03,1.215955e-02,5.275847e-04,4.778658e-01,3.976138e-02,3.172884e-03,7.739991e-03,5.610169e-03,6.034196e-03,6.490725e-03,4.145858e-02
4.695394e-01,3.909173e-03,3.484747e-03,1.600624e-02,5.173807e-03,1.630411e-02,5.581797e-04,3.515727e-01,4.421417e-02,5.224565e-03,1.054263e-02,6.073028e-03,6.042530e-03,1.774181e-02,4.361290e-02
4.654774e-01,3.910314e-03,2.754105e-03,2.726983e-02,4.145501e-03,1.691578e-02,6.620190e-04,2.504932e-01,9.274868e-02,1.034066e-02,3.127077e-02,9.555047e-03,1.386953e-02,3.230398e-02,3.828309e-02
4.570647e-01,3.588781e-03,2.411571e-03,2.527734e-02,3.565846e-03,2.295542e-02,8.285915e-04,1.783805e-01,8.705182e-02,1.345915e-02,6.128605e-02,2.005681e-02,2.209844e-02,6.867839e-02,3.329650e-02
3.411494e-01,2.858755e-03,1.963535e-03,2.100805e-02,3.694437e-03,1.742408e-02,8.440452e-04,1.257364e-01,8.419953e-02,1.904519e-02,7.455245e-02,1.992314e-02,1.994788e-02,2.327292e-01,3.492375e-02
2.561721e-01,3.875038e-03,7.004268e-03,2.057092e-02,7.475821e-03,1.657424e-02,2.770251e-03,9.075285e-02,1.345557e-01,4.215849e-02,7.533251e-02,1.936403e-02,1.922102e-02,2.553833e-01,4.878952e-02
1.879704e-01,1.374005e-02,5.597530e-02,1.860827e-02,4.896208e-02,2.525436e-02,2.769545e-03,6.434851e-02,1.186110e-01,4.751741e-02,8.074267e-02,1.566056e-02,1.588854e-02,2.628551e-01,4.109617e-02
1.399283e-01,2.070395e-02,4.372654e-02,1.405901e-02,1.343182e-01,8.902771e-02,4.441910e-03,4.533201e-02,1.009549e-01,3.725544e-02,6.772135e-02,1.170828e-02,1.248465e-02,2.363975e-01,4.194023e-02
1.018248e-01,5.869319e-02,4.297702e-02,1.305109e-02,2.709846e-01,7.088075e-02,3.794408e-03,3.231879e-02,1.015827e-01,2.795466e-02,4.827270e-02,8.264413e-03,9.031342e-03,1.728411e-01,3.752843e-02
9.481182e-02,7.989743e-02,3.351386e-02,1.212375e-02,3.122049e-01,1.258410e-01,5.385639e-03,2.295581e-02,7.960483e-02,2.095975e-02,3.614987e-02,5.846189e-03,7.138539e-03,1.227234e-01,4.084307e-02
7.811514e-02,7.562134e-02,2.802497e-02,2.613980e-02,3.124078e-01,2.150230e-01,1.329261e-02,1.895010e-02,6.044894e-02,1.525648e-02,2.587467e-02,4.176533e-03,5.817984e-03,8.679949e-02,3.405113e-02
6.600253e-02,8.692941e-02,4.581063e-02,1.192620e-01,2.677583e-01,1.851460e-01,1.516688e-02,1.702810e-02,4.816594e-02,1.425813e-02,1.872831e-02,3.026742e-03,4.723674e-03,6.088262e-02,4.711070e-02
5.023258e-02,7.244077e-02,3.992125e-02,1.119360e-01,2.223628e-01,3.124362e-01,1.302488e-02,1.366547e-02,3.751344e-02,1.529757e-02,1.423063e-02,2.437189e-03,3.682453e-03,4.290090e-02,4.791789e-02
3.729289e-02,6.504149e-02,3.236620e-02,1.150711e-01,1.621497e-01,3.706231e-01,9.548326e-03,1.218553e-02,3.565490e-02,4.870257e-02,2.174979e-02,2.460063e-03,5.960871e-03,3.071272e-02,5.048066e-02
2.616354e-02,5.282948e-02,2.572875e-02,1.504575e-01,1.150714e-01,2.974522e-01,6.915872e-03,1.084862e-02,3.033872e-02,4.622813e-02,1.629889e-01,4.308062e-03,6.730806e-03,2.293182e-02,4.100607e-02
1.840223e-02,4.115506e-02,1.927955e-02,1.726453e-01,8.194607e-02,2.136993e-01,4.888476e-03,8.660644e-03,2.876274e-02,3.819429e-02,2.946729e-01,1.244858e-02,1.040471e-02,2.281042e-02,3.202968e-02
1.294754e-02,2.916267e-02,1.421477e-02,1.298381e-01,5.833422e-02,1.525916e-01,3.473848e-03,6.289568e-03,2.132440e-02,2.910567e-02,3.636898e-01,3.065948e-02,1.215737e-02,9.816402e-02,3.804700e-02
9.131785e-03,2.063551e-02,1.015536e-02,9.316505e-02,4.147435e-02,1.092608e-01,2.479396e-03,4.482643e-03,1.527611e-02,2.187297e-02,3.007538e-01,2.776268e-02,9.760678e-03,3.021384e-01,3.165046e-02
6.468482e-03,1.468264e-02,7.408728e-03,6.549991e-02,2.951391e-02,7.715130e-02,1.749977e-03,3.192673e-03,1.104687e-02,1.640526e-02,2.490746e-01,2.094308e-02,7.575574e-03,4.603598e-01,2.892725e-02
4.869148e-03,1.036635e-02,5.585240e-03,4.653537e-02,2.093401e-02,5.467927e-02,1.251918e-03,2.481509e-03,9.490894e-03,2.232549e-02,2.234878e-01,1.557950e-02,5.583765e-03,5.256106e-01,5.121915e-02
3.486178e-03,7.285039e-03,4.032005e-03,3.265851e-02,1.471186e-02,3.855220e-02,8.821400e-04,1.768319e-03,7.127907e-03,2.398008e-02,1.918630e-01,1.125125e-02,4.115071e-03,5.783217e-01,7.996473e-02
3.574905e-03,5.186180e-03,3.014049e-03,2.296022e-02,1.045693e-02,2.734968e-02,6.327563e-04,1.337333e-03,5.783177e-03,2.932468e-02,3.165376e-01,1.005108e-02,3.263218e-03,4.910543e-01,6.947391e-02
3.660883e-03,3.847346e-03,2.508517e-03,1.613519e-02,7.617528e-03,1.979119e-02,4.946925e-04,1.009428e-03,5.296486e-03,3.265878e-02,3.148113e-01,1.008934e-02,2.629367e-03,5.202376e-01,5.921227e-02
3.158674e-03,2.821940e-03,1.898139e-03,1.131237e-02,5.463960e-03,1.414563e-02,3.603507e-04,7.389116e-04,4.251720e-03,2.761968e-02,4.045500e-01,9.077743e-03,2.319261e-03,4.689379e-01,4.334367e-02
2.402280e-03,2.028009e-03,1.378350e-03,7.922395e-03,3.919583e-03,9.967964e-03,2.555161e-04,5.324149e-04,3.219098e-03,2.279130e-02,4.710990e-01,7.021784e-03,1.765879e-03,4.346723e-01,3.102412e-02
1.746278e-03,1.448551e-03,9.933212e-04,5.548098e-03,2.785559e-03,7.032532e-03,1.801362e-04,3.820291e-04,2.398095e-03,1.689504e-02,5.186087e-01,5.292343e-03,1.320864e-03,4.134240e-01,2.194438e-02
1.375053e-03,1.087283e-03,7.872937e-04,3.890798e-03,2.014842e-03,5.247535e-03,1.331711e-04,2.920341e-04,2.211820e-03,1.367682e-02,5.444674e-01,4.220595e-03,1.204658e-03,4.038020e-01,1.558855e-02
1.042970e-03,8.031985e-04,5.972508e-04,2.730647e-03,1.432383e-03,3.814968e-03,9.552673e-05,2.085209e-04,1.769978e-03,1.163451e-02,5.857095e-01,3.383405e-03,1.035690e-03,3.747399e-01,1.100155e-02
8.689824e-04,2.748417e-03,1.868237e-03,1.927858e-03,1.577162e-03,9.049153e-03,1.113556e-04,1.916225e-04,4.851247e-03,1.029498e-02,5.289187e-01,3.362835e-03,9.370256e-04,4.253641e-01,7.928299e-03
6.856734e-04,2.045852e-03,1.551069e-03,1.363924e-03,1.206791e-03,7.299818e-03,9.256916e-05,1.512291e-04,4.486520e-03,1.007790e-02,4.941706e-01,3.040226e-03,8.527017e-04,4.673818e-01,5.593268e-03
6.444055e-04,4.194305e-03,2.855478e-03,1.006521e-03,1.267091e-03,2.766133e-02,1.041042e-04,1.852190e-04,1.300837e-02,1.755328e-02,4.317991e-01,2.826680e-03,7.676316e-04,4.920085e-01,4.117993e-03
5.908337e-04,3.126761e-03,2.128772e-03,8.130100e-04,1.575761e-03,2.234607e-02,1.253004e-04,2.095899e-04,1.534391e-02,2.854586e-02,3.936305e-01,2.702983e-03,7.846666e-04,5.250918e-01,2.984194e-03
5.456837e-04,2.465528e-03,1.864674e-03,9.339413e-04,1.949309e-03,2.495309e-02,2.043483e-04,6.658294e-04,2.627808e-02,3.693716e-02,3.311892e-01,2.587162e-03,8.026437e-04,5.664132e-01,2.210079e-03
5.259030e-04,1.888915e-03,1.344946e-03,8.382041e-04,5.642539e-03,2.796559e-02,3.666315e-04,1.150072e-03,4.119921e-02,4.073557e-02,3.339894e-01,3.069835e-03,9.610298e-04,5.387276e-01,1.594542e-03
1.157953e-03,2.410630e-03,2.470667e-03,1.568464e-03,8.062147e-03,3.448098e-02,9.160023e-04,1.039288e-02,5.144794e-02,5.993616e-02,2.702806e-01,3.078858e-03,1.599261e-03,5.506012e-01,1.596189e-03
1.520266e-03,2.708011e-03,2.349972e-03,1.916199e-03,1.164866e-02,4.050946e-02,2.428520e-03,1.519204e-02,7.651355e-02,8.345762e-02,2.372796e-01,3.915562e-03,2.196364e-03,5.166689e-01,1.695274e-03
2.754782e-03,2.818650e-03,4.973046e-03,2.932591e-03,2.808562e-02,4.049744e-02,7.398493e-03,1.139107e-01,7.643850e-02,8.900516e-02,1.853567e-01,5.498948e-03,3.771453e-03,4.343448e-01,2.213115e-03
3.417405e-03,2.697293e-03,6.945581e-03,6.009757e-03,3.504580e-02,4.195852e-02,7.566881e-03,2.331228e-01,8.932193e-02,8.035646e-02,1.359786e-01,5.045424e-03,3.792699e-03,3.466804e-01,2.060470e-03
8.729289e-03,3.486441e-03,6.174355e-02,6.306375e-03,3.535748e-02,4.840897e-02,7.376774e-03,3.287259e-01,8.347704e-02,6.370421e-02,9.669071e-02,3.786169e-03,3.030076e-03,2.463237e-01,2.853393e-03
8.472633e-03,2.603025e-03,6.984198e-02,4.768093e-03,2.967411e-02,3.881902e-02,5.400749e-03,4.881364e-01,5.996525e-02,4.476466e-02,6.801178e-02,2.710146e-03,2.209366e-03,1.725548e-01,2.068114e-03
6.368596e-03,1.878742e-03,5.288770e-02,3.397745e-03,2.232899e-02,2.801264e-02,3.808091e-03,6.344107e-01,4.218863e-02,3.134532e-02,4.763882e-02,1.921297e-03,1.561292e-03,1.207973e-01,1.454256e-03
4.864774e-03,1.347416e-03,3.904288e-02,2.410945e-03,1.974743e-02,2.029509e-02,2.693926e-03,7.367139e-01,2.955582e-02,2.194235e-02,3.335358e-02,1.347447e-03,1.103660e-03,8.456077e-02,1.020116e-03
4.021362e-03,9.755574e-04,2.790278e-02,1.733494e-03,1.996108e-02,1.464030e-02,1.917991e-03,8.077541e-01,2.072022e-02,1.536014e-02,2.335429e-02,9.458184e-04,7.988533e-04,5.919727e-02,7.167749e-04
4.109481e-03,7.211734e-04,1.974383e-02,1.293772e-03,1.903041e-02,1.062703e-02,1.366753e-03,8.581560e-01,1.453698e-02,1.075431e-02,1.636493e-02,6.858326e-04,6.570246e-04,4.144519e-02,5.072393e-04
4.723002e-03,5.416414e-04,1.400699e-02,9.776795e-04,1.609517e-02,7.696374e-03,9.845553e-04,8.953730e-01,1.019328e-02,7.529452e-03,1.147041e-02,5.004650e-04,5.288374e-04,2.902105e-02,3.579708e-04
5.412345e-03,4.167146e-04,9.966833e-03,7.266204e-04,1.562839e-02,5.507538e-03,7.262826e-04,9.198134e-01,7.148603e-03,5.272313e-03,8.041113e-03,3.645230e-04,4.004939e-04,2.032170e-02,2.531157e-04
5.905039e-03,3.371343e-04,7.214448e-03,5.838380e-04,1.461123e-02,3.966141e-03,6.151462e-04,9.373776e-01,5.042661e-03,3.695003e-03,5.654418e-03,2.767621e-04,3.072594e-04,1.423130e-02,1.819988e-04
6.014065e-03,2.806992e-04,5.327136e-03,5.113788e-04,1.276205e-02,2.888496e-03,5.548326e-04,9.509583e-01,3.568477e-03,2.592336e-03,3.979702e-03,2.139467e-04,2.416787e-04,9.973383e-03,1.335295e-04
