1.000000e+00,0.000000e+00,0.000000e+00,0.000000e+00,0.000000e+00,0.000000e+00,0.000000e+00,0.000000e+00,0.000000e+00,0.000000e+00,0.000000e+00,0.000000e+00,0.000000e+00,0.000000e+00,0.000000e+00
1.000000e+00,0.000000e+00,0.000000e+00,0.000000e+00,0.000000e+00,0.000000e+00,0.000000e+00,0.000000e+00,0.000000e+00,0.000000e+00,0.000000e+00,0.000000e+00,0.000000e+00,0.000000e+00,0.000000e+00
1.000000e+00,0.000000e+00,0.000000e+00,0.000000e+00,0.000000e+00,0.000000e+00,0.000000e+00,0.000000e+00,0.000000e+00,0.000000e+00,0.000000e+00,0.000000e+00,0.000000e+00,0.000000e+00,0.000000e+00
1.000000e+00,0.000000e+00,0.000000e+00,0.000000e+00,0.000000e+00,0.000000e+00,0.000000e+00,0.000000e+00,0.000000e+00,0.000000e+00,0.000000e+00,0.000000e+00,0.000000e+00,0.000000e+00,0.000000e+00
1.000000e+00,0.000000e+00,0.000000e+00,0.000000e+00,0.000000e+00,0.000000e+00,0.000000e+00,0.000000e+00,0.000000e+00,0.000000e+00,0.000000e+00,0.000000e+00,0.000000e+00,0.000000e+00,0.000000e+00
1.000000e+00,0.000000e+00,0.000000e+00,0.000000e+00,0.000000e+00,0.000000e+00,0.000000e+00,0.000000e+00,0.000000e+00,0.000000e+00,0.000000e+00,0.000000e+00,0.000000e+00,0.000000e+00,0.000000e+00
1.000000e+00,0.000000e+00,0.000000e+00,0.000000e+00,0.000000e+00,0.000000e+00,0.000000e+00,0.000000e+00,0.000000e+00,0.000000e+00,0.000000e+00,0.000000e+00,0.000000e+00,0.000000e+00,0.000000e+00
1.000000e+00,0.000000e+00,0.000000e+00,0.000000e+00,0.000000e+00,0.000000e+00,0.000000e+00,0.000000e+00,0.000000e+00,0.000000e+00,0.000000e+00,0.000000e+00,0.000000e+00,0.000000e+00,0.000000e+00
1.000000e+00,0.000000e+00,0.000000e+00,0.000000e+00,0.000000e+00,0.000000e+00,0.000000e+00,0.000000e+00,0.000000e+00,0.000000e+00,0.000000e+00,0.000000e+00,0.000000e+00,0.000000e+00,0.000000e+00
1.000000e+00,0.000000e+00,0.000000e+00,0.000000e+00,0.000000e+00,0.000000e+00,0.000000e+00,0.000000e+00,0.000000e+00,0.000000e+00,0.000000e+00,0.000000e+00,0.000000e+00,0.000000e+00,0.000000e+00
1.000000e+00,0.000000e+00,0.000000e+00,0.000000e+00,0.000000e+00,0.000000e+00,0.000000e+00,0.000000e+00,0.000000e+00,0.000000e+00,0.000000e+00,0.000000e+00,0.000000e+00,0.000000e+00,0.000000e+00
1.000000e+00,0.000000e+00,0.000000e+00,0.000000e+00,0.000000e+00,0.000000e+00,0.000000e+00,0.000000e+00,0.000000e+00,0.000000e+00,0.000000e+00,0.000000e+00,0.000000e+00,0.000000e+00,0.000000e+00
1.000000e+00,0.000000e+00,0.000000e+00,0.000000e+00,0.000000e+00,0.000000e+00,0.000000e+00,0.000000e+00,0.000000e+00,0.000000e+00,0.000000e+00,0.000000e+00,0.000000e+00,0.000000e+00,0.000000e+00
1.000000e+00,0.000000e+00,0.000000e+00,0.000000e+00,0.000000e+00,0.000000e+00,0.000000e+00,0.000000e+00,0.000000e+00,0.000000e+00,0.000000e+00,0.000000e+00,0.000000e+00,0.000000e+00,0.000000e+00
1.000000e+00,0.000000e+00,0.000000e+00,0.000000e+00,0.000000e+00,0.000000e+00,0.000000e+00,0.000000e+00,0.000000e+00,0.000000e+00,0.000000e+00,0.000000e+00,0.000000e+00,0.000000e+00,0.000000e+00
1.000000e+00,0.000000e+00,0.000000e+00,0.000000e+00,0.000000e+00,0.000000e+00,0.000000e+00,0.000000e+00,0.000000e+00,0.000000e+00,0.000000e+00,0.000000e+00,0.000000e+00,0.000000e+00,0.000000e+00
1.000000e+00,0.000000e+00,0.000000e+00,0.000000e+00,0.000000e+00,0.000000e+00,0.000000e+00,0.000000e+00,0.000000e+00,0.000000e+00,0.000000e+00,0.000000e+00,0.000000e+00,0.000000e+00,0.000000e+00
1.000000e+00,0.000000e+00,0.000000e+00,0.000000e+00,0.000000e+00,0.000000e+00,0.000000e+00,0.000000e+00,0.000000e+00,0.000000e+00,0.000000e+00,0.000000e+00,0.000000e+00,0.000000e+00,0.000000e+00
1.000000e+00,0.000000e+00,0.000000e+00,0.000000e+00,0.000000e+00,0.000000e+00,0.000000e+00,0.000000e+00,0.000000e+00,0.000000e+00,0.000000e+00,0.000000e+00,0.000000e+00,0.000000e+00,0.000000e+00
1.000000e+00,0.000000e+00,0.000000e+00,0.000000e+00,0.000000e+00,0.000000e+00,0.000000e+00,0.000000e+00,0.000000e+00,0.000000e+00,0.000000e+00,0.000000e+00,0.000000e+00,0.000000e+00,0.000000e+00
1.000000e+00,0.000000e+00,0.000000e+00,0.000000e+00,0.000000e+00,0.000000e+00,0.000000e+00,0.000000e+00,0.000000e+00,0.000000e+00,0.000000e+00,0.000000e+00,0.000000e+00,0.000000e+00,0.000000e+00
1.000000e+00,0.000000e+00,0.000000e+00,0.000000e+00,0.000000e+00,0.000000e+00,0.000000e+00,0.000000e+00,0.000000e+00,0.000000e+00,0.000000e+00,0.000000e+00,0.000000e+00,0.000000e+00,0.000000e+00
1.000000e+00,0.000000e+00,0.000000e+00,0.000000e+00,0.000000e+00,0.000000e+00,0.000000e+00,0.000000e+00,0.000000e+00,0.000000e+00,0.000000e+00,0.000000e+00,0.000000e+00,0.000000e+00,0.000000e+00
1.000000e+00,0.000000e+00,0.000000e+00,0.000000e+00,0.000000e+00,0.000000e+00,0.000000e+00,0.000000e+00,0.000000e+00,0.000000e+00,0.000000e+00,0.000000e+00,0.000000e+00,0.000000e+00,0.000000e+00
1.000000e+00,0.000000e+00,0.000000e+00,0.000000e+00,0.000000e+00,0.000000e+00,0.000000e+00,0.000000e+00,0.000000e+00,0.000000e+00,0.000000e+00,0.000000e+00,0.000000e+00,0.000000e+00,0.000000e+00
1.000000e+00,0.000000e+00,0.000000e+00,0.000000e+00,0.000000e+00,0.000000e+00,0.000000e+00,0.000000e+00,0.000000e+00,0.000000e+00,0.000000e+00,0.000000e+00,0.000000e+00,0.000000e+00,0.000000e+00
1.000000e+00,0.000000e+00,0.000000e+00,0.000000e+00,0.000000e+00,0.000000e+00,0.000000e+00,0.000000e+00,0.000000e+00,0.000000e+00,0.000000e+00,0.000000e+00,0.000000e+00,0.000000e+00,0.000000e+00
1.000000e+00,0.000000e+00,0.000000e+00,0.000000e+00,0.000000e+00,0.000000e+00,0.000000e+00,0.000000e+00,0.000000e+00,0.000000e+00,0.000000e+00,0.000000e+00,0.000000e+00,0.000000e+00,0.000000e+00
1.000000e+00,0.000000e+00,0.000000e+00,0.000000e+00,0.000000e+00,0.000000e+00,0.000000e+00,0.000000e+00,0.000000e+00,0.000000e+00,0.000000e+00,0.000000e+00,0.000000e+00,0.000000e+00,0.000000e+00
1.000000e+00,0.000000e+00,0.000000e+00,0.000000e+00,0.000000e+00,0.000000e+00,0.000000e+00,0.000000e+00,0.000000e+00,0.000000e+00,0.000000e+00,0.000000e+00,0.000000e+00,0.000000e+00,0.000000e+00
1.000000e+00,0.000000e+00,0.000000e+00,0.000000e+00,0.000000e+00,0.000000e+00,0.000000e+00,0.000000e+00,0.000000e+00,0.000000e+00,0.000000e+00,0.000000e+00,0.000000e+00,0.000000e+00,0.000000e+00
1.000000e+00,0.000000e+00,0.000000e+00,0.000000e+00,0.000000e+00,0.000000e+00,0.000000e+00,0.000000e+00,0.000000e+00,0.000000e+00,0.000000e+00,0.000000e+00,0.000000e+00,0.000000e+00,0.000000e+00
1.000000e+00,0.000000e+00,0.000000e+00,0.000000e+00,0.000000e+00,0.000000e+00,0.000000e+00,0.000000e+00,0.000000e+00,0.000000e+00,0.000000e+00,0.000000e+00,0.000000e+00,0.000000e+00,0.000000e+00
1.000000e+00,0.000000e+00,0.000000e+00,0.000000e+00,0.000000e+00,0.000000e+00,0.000000e+00,0.000000e+00,0.000000e+00,0.000000e+00,0.000000e+00,0.000000e+00,0.000000e+00,0.000000e+00,0.000000e+00
1.000000e+00,0.000000e+00,0.000000e+00,0.000000e+00,0.000000e+00,0.000000e+00,0.000000e+00,0.000000e+00,0.000000e+00,0.000000e+00,0.000000e+00,0.000000e+00,0.000000e+00,0.000000e+00,0.000000e+00
1.000000e+00,0.000000e+00,0.000000e+00,0.000000e+00,0.000000e+00,0.000000e+00,0.000000e+00,0.000000e+00,0.000000e+00,0.000000e+00,0.000000e+00,0.000000e+00,0.000000e+00,0.000000e+00,0.000000e+00
1.000000e+00,0.000000e+00,0.000000e+00,0.000000e+00,0.000000e+00,0.000000e+00,0.000000e+00,0.000000e+00,0.000000e+00,0.000000e+00,0.000000e+00,0.000000e+00,0.000000e+00,0.000000e+00,0.000000e+00
1.000000e+00,0.000000e+00,0.000000e+00,0.000000e+00,0.000000e+00,0.000000e+00,0.000000e+00,0.000000e+00,0.000000e+00,0.000000e+00,0.000000e+00,0.000000e+00,0.000000e+00,0.000000e+00,0.000000e+00
1.000000e+00,0.000000e+00,0.000000e+00,0.000000e+00,0.000000e+00,0.000000e+00,0.000000e+00,0.000000e+00,0.000000e+00,0.000000e+00,0.000000e+00,0.000000e+00,0.000000e+00,0.000000e+00,0.000000e+00
1.000000e+00,0.000000e+00,0.000000e+00,0.000000e+00,0.000000e+00,0.000000e+00,0.000000e+00,0.000000e+00,0.000000e+00,0.000000e+00,0.000000e+00,0.000000e+00,0.000000e+00,0.000000e+00,0.000000e+00
1.000000e+00,0.000000e+00,0.000000e+00,0.000000e+00,0.000000e+00,0.000000e+00,0.000000e+00,0.000000e+00,0.000000e+00,0.000000e+00,0.000000e+00,0.000000e+00,0.000000e+00,0.000000e+00,0.000000e+00
4.189320e-01,4.588175e-02,1.693209e-02,1.788189e-01,1.672041e-02,2.774667e-02,1.140277e-02,4.616045e-02,3.185577e-02,3.336993e-03,2.986348e-02,1.137589e-01,2.483484e-02,3.752974e-03,3.000204e-02
3.200209e-01,4.884380e-02,2.257171e-02,2.216031e-01,2.490196e-02,2.918816e-02,1.240464e-02,6.099876e-02,3.572593e-02,3.394505e-03,3.141333e-02,1.256064e-01,2.825059e-02,4.013998e-03,3.106219e-02
2.618707e-01,6.347263e-02,2.177443e-02,2.457988e-01,3.154368e-02,2.718285e-02,1.392510e-02,5.285899e-02,4.714863e-02,3.820891e-03,3.230289e-02,1.231631e-01,3.191634e-02,5.269759e-03,3.795128e-02
1.893762e-01,6.250297e-02,3.059673e-02,3.648437e-01,3.164258e-02,2.451107e-02,1.180314e-02,5.124680e-02,3.962969e-02,3.068829e-03,2.616355e-02,1.025611e-01,2.605233e-02,4.276613e-03,3.172474e-02
1.584480e-01,8.228971e-02,2.820251e-02,3.530291e-01,4.057242e-02,2.824539e-02,1.349232e-02,4.224245e-02,4.352188e-02,3.597858e-03,2.554540e-02,9.937811e-02,3.702363e-02,5.628373e-03,3.878292e-02
1.305003e-01,7.535835e-02,2.903027e-02,3.446334e-01,4.406496e-02,3.155340e-02,1.311662e-02,5.473261e-02,4.283963e-02,3.755309e-03,2.761415e-02,1.058708e-01,4.763556e-02,7.400907e-03,4.189378e-02
1.531424e-01,7.587634e-02,2.452801e-02,3.051119e-01,4.381999e-02,3.227676e-02,1.215794e-02,4.326512e-02,4.421460e-02,3.882211e-03,3.664970e-02,1.100701e-01,5.462527e-02,1.199629e-02,4.838340e-02
1.471595e-01,7.295384e-02,2.795884e-02,2.942943e-01,4.546124e-02,4.013428e-02,1.186457e-02,4.025888e-02,4.578349e-02,3.470483e-03,4.467051e-02,1.127133e-01,5.177506e-02,1.331919e-02,4.818254e-02
2.362410e-01,6.722896e-02,2.589196e-02,2.379822e-01,3.996397e-02,3.874363e-02,1.088980e-02,3.246683e-02,3.953481e-02,3.604465e-03,4.624148e-02,1.035939e-01,5.212704e-02,1.538710e-02,5.010287e-02
3.350048e-01,5.984737e-02,2.143222e-02,1.868920e-01,3.325658e-02,3.967476e-02,9.767477e-03,2.551587e-02,3.251328e-02,3.538575e-03,4.329244e-02,9.408633e-02,4.919079e-02,1.501794e-02,5.096962e-02
3.570561e-01,5.678020e-02,3.088261e-02,1.598011e-01,2.807007e-02,4.363055e-02,9.667717e-03,2.487400e-02,2.777426e-02,3.570678e-03,5.049847e-02,9.102838e-02,4.810928e-02,1.437048e-02,5.388623e-02
3.356857e-01,4.873645e-02,4.589159e-02,1.793142e-01,2.272561e-02,4.033221e-02,8.226965e-03,3.002019e-02,2.578517e-02,3.753952e-03,4.719435e-02,9.712747e-02,5.110080e-02,1.206075e-02,5.204459e-02
4.457616e-01,3.978530e-02,3.634241e-02,1.474168e-01,1.893966e-02,3.525719e-02,7.754899e-03,2.462743e-02,2.302190e-02,3.152832e-03,4.092152e-02,7.701290e-02,4.501353e-02,1.014071e-02,4.485135e-02
1.000000e+00,0.000000e+00,0.000000e+00,0.000000e+00,0.000000e+00,0.000000e+00,0.000000e+00,0.000000e+00,0.000000e+00,0.000000e+00,0.000000e+00,0.000000e+00,0.000000e+00,0.000000e+00,0.000000e+00
4.699857e-01,2.990127e-02,7.414933e-02,1.710730e-01,1.407370e-02,2.946632e-02,6.402950e-03,2.390298e-02,1.713061e-02,2.608265e-03,2.830523e-02,5.686446e-02,3.381824e-02,6.560476e-03,3.575753e-02
1.000000e+00,0.000000e+00,0.000000e+00,0.000000e+00,0.000000e+00,0.000000e+00,0.000000e+00,0.000000e+00,0.000000e+00,0.000000e+00,0.000000e+00,0.000000e+00,0.000000e+00,0.000000e+00,0.000000e+00
1.000000e+00,0.000000e+00,0.000000e+00,0.000000e+00,0.000000e+00,0.000000e+00,0.000000e+00,0.000000e+00,0.000000e+00,0.000000e+00,0.000000e+00,0.000000e+00,0.000000e+00,0.000000e+00,0.000000e+00
1.000000e+00,0.000000e+00,0.000000e+00,0.000000e+00,0.000000e+00,0.000000e+00,0.000000e+00,0.000000e+00,0.000000e+00,0.000000e+00,0.000000e+00,0.000000e+00,0.000000e+00,0.000000e+00,0.000000e+00
1.000000e+00,0.000000e+00,0.000000e+00,0.000000e+00,0.000000e+00,0.000000e+00,0.000000e+00,0.000000e+00,0.000000e+00,0.000000e+00,0.000000e+00,0.000000e+00,0.000000e+00,0.000000e+00,0.000000e+00
1.000000e+00,0.000000e+00,0.000000e+00,0.000000e+00,0.000000e+00,0.000000e+00,0.000000e+00,0.000000e+00,0.000000e+00,0.000000e+00,0.000000e+00,0.000000e+00,0.000000e+00,0.000000e+00,0.000000e+00
1.000000e+00,0.000000e+00,0.000000e+00,0.000000e+00,0.000000e+00,0.000000e+00,0.000000e+00,0.000000e+00,0.000000e+00,0.000000e+00,0.000000e+00,0.000000e+00,0.000000e+00,0.000000e+00,0.000000e+00
4.449697e-01,1.091339e-02,4.183281e-02,6.544488e-02,5.420108e-03,1.546339e-02,3.740625e-03,3.429872e-01,4.848994e-03,1.100718e-03,1.002521e-02,2.316134e-02,1.539322e-02,2.185602e-03,1.251280e-02
3.139224e-01,7.687773e-03,3.260351e-02,4.899496e-02,4.215684e-03,1.140504e-02,2.886725e-03,5.293061e-01,3.419727e-03,7.771122e-04,7.147648e-03,1.634320e-02,1.092255e-02,1.548182e-03,8.819442e-03
2.207105e-01,5.399200e-03,2.334866e-02,3.490523e-02,3.151580e-03,8.084402e-03,2.133095e-03,6.678351e-01,2.398812e-03,5.466342e-04,5.049501e-03,1.145442e-02,7.682930e-03,1.111534e-03,6.188382e-03
1.547590e-01,3.790708e-03,1.658497e-02,2.456263e-02,2.474475e-03,5.689022e-03,1.566397e-03,7.664007e-01,1.681128e-03,3.838728e-04,3.566012e-03,8.022354e-03,5.399786e-03,7.840098e-04,4.335026e-03
1.085466e-01,2.661736e-03,1.172206e-02,1.729374e-02,1.920313e-03,4.043909e-03,1.171631e-03,8.356479e-01,1.178813e-03,2.695723e-04,2.519967e-03,5.622352e-03,3.806078e-03,5.570257e-04,3.038249e-03
7.604604e-02,1.866513e-03,8.253357e-03,1.216077e-02,1.520440e-03,2.857128e-03,8.784691e-04,8.844116e-01,8.263540e-04,1.892483e-04,1.795850e-03,3.945291e-03,2.725408e-03,3.952375e-04,2.128263e-03
5.331389e-02,1.311117e-03,5.818938e-03,8.558380e-03,1.263717e-03,2.075015e-03,7.436894e-04,9.180274e-01,5.823963e-04,1.340530e-04,1.359917e-03,2.793126e-03,2.241406e-03,2.834583e-04,1.493560e-03
3.757127e-02,9.238861e-04,4.094349e-03,6.005849e-03,1.159216e-03,1.626175e-03,9.275409e-04,9.343168e-01,4.443380e-04,1.253028e-04,1.321772e-03,2.223498e-03,7.955859e-03,2.281474e-04,1.076125e-03
2.683864e-02,6.571749e-04,2.906851e-03,4.228743e-03,2.015785e-03,1.237825e-03,1.018390e-03,9.507715e-01,3.217288e-04,9.950619e-05,9.868738e-04,1.589371e-03,6.394588e-03,1.650132e-04,7.681389e-04
2.003369e-02,4.794587e-04,2.053646e-03,3.004468e-03,3.756869e-03,1.829525e-03,1.201543e-03,9.562858e-01,3.110471e-04,9.801992e-05,9.162802e-04,1.215632e-03,8.112947e-03,1.244331e-04,5.766092e-04
1.666013e-02,3.746545e-04,1.472901e-03,2.151252e-03,5.325573e-03,2.746291e-03,1.083086e-03,9.606746e-01,3.197379e-04,8.405137e-05,7.087321e-04,9.224275e-04,6.884622e-03,9.490019e-05,4.970826e-04
1.426658e-02,4.626742e-04,1.203238e-03,1.815415e-03,5.801742e-03,1.372109e-02,1.016115e-03,7.966412e-01,1.410568e-03,9.396755e-05,1.498850e-03,1.399767e-03,1.597502e-01,1.398754e-04,7.786544e-04
1.249177e-02,1.718356e-03,1.059514e-03,1.667478e-03,5.722663e-03,2.550772e-02,1.375084e-03,6.125223e-01,5.187083e-03,3.475864e-04,2.035987e-03,1.794990e-03,3.253282e-01,1.646836e-04,3.076467e-03
1.544320e-02,2.280346e-03,8.912812e-04,1.346510e-03,4.550892e-03,3.213012e-02,1.347066e-03,4.664291e-01,6.298617e-03,3.222604e-04,2.480561e-03,2.518274e-03,4.599910e-01,1.557125e-04,3.815014e-03
3.078062e-02,1.020056e-02,1.563517e-03,2.145581e-03,7.391636e-03,3.250109e-02,2.404915e-03,3.380837e-01,5.936432e-02,1.402417e-03,4.212589e-03,1.081020e-02,4.914671e-01,4.598810e-04,7.211867e-03
4.242124e-02,9.195450e-03,2.104759e-03,1.882672e-03,8.733830e-03,4.011416e-02,2.251875e-03,2.491303e-01,5.452903e-02,1.172059e-03,6.208988e-03,1.253598e-02,5.600780e-01,5.286113e-04,9.112934e-03
5.081027e-02,8.810105e-03,2.603579e-03,1.958234e-03,7.652009e-03,4.241662e-02,2.096898e-03,1.799951e-01,4.617851e-02,1.013996e-03,7.082544e-03,1.093449e-02,6.293420e-01,4.869589e-04,8.618652e-03
5.419479e-02,6.711212e-03,2.288823e-03,1.810694e-03,7.281462e-03,3.999755e-02,1.910255e-03,1.278356e-01,3.482261e-02,7.690393e-04,6.937463e-03,1.216552e-02,6.942410e-01,4.933854e-04,8.540515e-03
6.472250e-02,5.693296e-02,1.168750e-02,1.735304e-02,7.553678e-03,3.402141e-02,1.603018e-03,9.080770e-02,7.558101e-02,2.069168e-03,7.865058e-03,1.951080e-02,5.960708e-01,1.327739e-03,1.289362e-02
9.587818e-02,4.580061e-02,9.001305e-03,1.305729e-02,8.163602e-03,3.158448e-02,1.630022e-03,6.534142e-02,6.393453e-02,1.592934e-03,9.838713e-03,2.949690e-02,6.100739e-01,1.777171e-03,1.282885e-02
1.015938e-01,4.425067e-02,9.704597e-03,1.106701e-02,1.107183e-02,3.003520e-02,4.183813e-03,4.770292e-02,7.578254e-02,1.653479e-03,1.222679e-02,4.145694e-02,5.951308e-01,2.310792e-03,1.182880e-02
9.641060e-02,4.174801e-02,8.326146e-03,8.137172e-03,1.261107e-02,4.408334e-02,3.327229e-03,3.455113e-02,6.405491e-02,1.262555e-03,1.117926e-02,4.866138e-02,6.127443e-01,2.341040e-03,1.056184e-02
1.028139e-01,3.561046e-02,2.241660e-02,1.259345e-02,2.282897e-02,7.314210e-02,5.947374e-03,2.778138e-02,5.387498e-02,1.409658e-03,1.192358e-02,1.177255e-01,5.000874e-01,2.244774e-03,9.599899e-03
1.307728e-01,2.971556e-02,1.755320e-02,9.852301e-03,1.962510e-02,9.036934e-02,5.322652e-03,2.276700e-02,5.043773e-02,1.123740e-03,1.008217e-02,1.378015e-01,4.649467e-01,1.949332e-03,7.680874e-03
1.930691e-01,2.276548e-02,1.690304e-02,8.370063e-03,1.529745e-02,1.295120e-01,7.011151e-03,1.917988e-02,4.154686e-02,1.188263e-03,8.132705e-03,1.253838e-01,4.032467e-01,2.022583e-03,6.370983e-03
2.230272e-01,1.823929e-02,1.364447e-02,7.987397e-03,1.494495e-02,1.480807e-01,5.903846e-03,1.658646e-02,4.070956e-02,9.473936e-04,7.393089e-03,9.709612e-02,3.986828e-01,1.657369e-03,5.099381e-03
3.087181e-01,1.446571e-02,1.215671e-02,7.156107e-03,1.279976e-02,1.416415e-01,5.622269e-03,1.420513e-02,3.804464e-02,8.007035e-04,6.105554e-03,8.620598e-02,3.464879e-01,1.447550e-03,4.142457e-03
3.673958e-01,1.295525e-02,1.155724e-02,7.842846e-03,1.624194e-02,1.496699e-01,6.991062e-03,1.355987e-02,3.770057e-02,7.923454e-04,5.550441e-03,8.172882e-02,2.828563e-01,1.415072e-03,3.742498e-03
4.172941e-01,1.039952e-02,1.021049e-02,6.645977e-03,1.813532e-02,1.479622e-01,7.070849e-03,1.117317e-02,3.138654e-02,7.927903e-04,4.432620e-03,6.549396e-02,2.645321e-01,1.153217e-03,3.317125e-03
3.923566e-01,7.672676e-03,7.620836e-03,4.940879e-03,2.061206e-02,1.555129e-01,8.956732e-03,8.682233e-03,2.750751e-02,6.643089e-04,3.778303e-03,5.431144e-02,3.039206e-01,9.081222e-04,2.554892e-03
3.541181e-01,6.502056e-03,6.132227e-03,3.624670e-03,2.553318e-02,1.130585e-01,7.201707e-03,6.681775e-03,2.494193e-02,5.410675e-04,3.472343e-03,4.906309e-02,3.961868e-01,7.941884e-04,2.148473e-03
3.850469e-01,5.154007e-03,5.097291e-03,2.691392e-03,2.897198e-02,8.251867e-02,5.782594e-03,5.108767e-03,2.089336e-02,4.309424e-04,2.929335e-03,4.347143e-02,4.095836e-01,6.837026e-04,1.636132e-03
3.716732e-01,4.379568e-03,4.635196e-03,2.030302e-03,2.946094e-02,6.158778e-02,5.637721e-03,4.320813e-03,1.707540e-02,4.258190e-04,2.355433e-03,7.073931e-02,4.236758e-01,6.250382e-04,1.377797e-03
3.113736e-01,4.118601e-03,4.416341e-03,1.785479e-03,2.238210e-02,6.373053e-02,4.639164e-03,4.071955e-03,1.511586e-02,1.525611e-03,4.399529e-03,9.526521e-02,4.647617e-01,1.048784e-03,1.365669e-03
2.943694e-01,3.991507e-03,4.914853e-03,1.749730e-03,2.387761e-02,5.107290e-02,5.374451e-03,5.323001e-03,1.872500e-02,2.331216e-03,7.313055e-03,1.050325e-01,4.735123e-01,1.192801e-03,1.219750e-03
3.092054e-01,4.537723e-03,8.558091e-03,2.024503e-03,2.385707e-02,4.170737e-02,6.625802e-03,7.663992e-03,1.927985e-02,3.982613e-03,7.034421e-03,1.237028e-01,4.384161e-01,2.109706e-03,1.294585e-03
2.961402e-01,4.085012e-03,8.990358e-03,2.230987e-03,2.534479e-02,5.557760e-02,7.112848e-03,8.495974e-03,1.726636e-02,4.717775e-03,1.426137e-02,1.470496e-01,4.042168e-01,3.054416e-03,1.455940e-03
2.445523e-01,3.359163e-03,6.712799e-03,1.963078e-03,2.383163e-02,4.139821e-02,6.111796e-03,6.680844e-03,1.418305e-02,6.151541e-03,1.261070e-02,1.839750e-01,4.421162e-01,4.317003e-03,2.036728e-03
1.799173e-01,3.053810e-03,8.473929e-03,1.587481e-03,1.874323e-02,3.043035e-02,4.852217e-03,4.938815e-03,1.062469e-02,4.328292e-02,1.882850e-02,2.097302e-01,4.485753e-01,4.892050e-03,1.206923e-02
1.319322e-01,3.094143e-03,7.076412e-03,1.862730e-03,1.438434e-02,2.364461e-02,3.954029e-03,3.891858e-03,9.036865e-03,7.103831e-02,3.006377e-02,1.923601e-01,4.711031e-01,6.636271e-03,2.992126e-02
9.575653e-02,2.610504e-03,6.947771e-03,1.663295e-03,1.071617e-02,1.820298e-02,2.925126e-03,2.922121e-03,7.591105e-03,1.119596e-01,4.009271e-02,1.628435e-01,4.904889e-01,6.419072e-03,3.886057e-02
6.883082e-02,2.103370e-03,7.336747e-03,1.620900e-03,8.686691e-03,1.354337e-02,2.174126e-03,2.475699e-03,8.414508e-03,1.440092e-01,4.761870e-02,1.438727e-01,4.951764e-01,5.508015e-03,4.862876e-02
5.022144e-02,1.514666e-03,5.257649e-03,1.651412e-03,8.358142e-03,9.836881e-03,1.692446e-03,2.407980e-03,7.840713e-03,2.058248e-01,4.540304e-02,1.173644e-01,4.932760e-01,4.297079e-03,4.505339e-02
3.627496e-02,1.099959e-03,3.810474e-03,1.683940e-03,7.396969e-03,7.699860e-03,1.376455e-03,3.672132e-03,7.021692e-03,2.436159e-01,4.399572e-02,1.211721e-01,4.784906e-01,3.365424e-03,3.932382e-02
2.750099e-02,8.254451e-04,2.786631e-03,2.104478e-03,9.857757e-03,6.171590e-03,1.513092e-03,7.816954e-03,1.076371e-02,2.322669e-01,4.361387e-02,1.276968e-01,4.824501e-01,2.570305e-03,4.206137e-02
1.984798e-02,6.128442e-04,2.334720e-03,2.026395e-03,1.766456e-02,4.476812e-03,1.604267e-03,7.605249e-02,1.122772e-02,2.000667e-01,4.562033e-02,1.049663e-01,4.749905e-01,1.912814e-03,3.659562e-02
1.606480e-02,6.228738e-04,2.394612e-03,2.760679e-03,1.946305e-02,4.012500e-03,2.373716e-03,1.025350e-01,1.520907e-02,1.902504e-01,4.704969e-02,1.057640e-01,4.531991e-01,1.513184e-03,3.678733e-02
1.454662e-02,1.133101e-03,2.526257e-03,2.807392e-03,2.616221e-02,3.886898e-03,3.348776e-03,1.471756e-01,4.415991e-02,2.050228e-01,4.859479e-02,9.273420e-02,3.751863e-01,1.318872e-03,3.139630e-02
1.202479e-02,1.124512e-03,2.972893e-03,3.977518e-03,2.583144e-02,3.276853e-03,4.117567e-03,2.649662e-01,4.422373e-02,1.682696e-01,4.086113e-02,7.765508e-02,3.170384e-01,1.385233e-03,3.227497e-02
1.003310e-02,1.463415e-03,3.340757e-03,4.423069e-03,3.063336e-02,3.255510e-03,4.759138e-03,3.219686e-01,6.461047e-02,1.489615e-01,3.363850e-02,6.813803e-02,2.750566e-01,1.773465e-03,2.794457e-02
9.170759e-03,1.242424e-03,2.859434e-03,3.751240e-03,1.537138e-01,3.412529e-03,9.359591e-03,3.216704e-01,8.391402e-02,1.118317e-01,2.729630e-02,4.954665e-02,1.997453e-01,1.338386e-03,2.114747e-02
1.017080e-02,9.547952e-04,2.613500e-03,6.781474e-03,1.189173e-01,3.237085e-03,1.007358e-02,4.741890e-01,6.154185e-02,8.635350e-02,2.199646e-02,4.071895e-02,1.445534e-01,2.292801e-03,1.560551e-02
7.856498e-03,6.819882e-04,1.891476e-03,4.861566e-03,8.357292e-02,2.285657e-03,7.095129e-03,6.285077e-01,4.331492e-02,6.049848e-02,1.617892e-02,2.871978e-02,1.019003e-01,1.683989e-03,1.095072e-02
5.690282e-03,4.785340e-04,1.381090e-03,3.430505e-03,5.869720e-02,1.622494e-03,4.986978e-03,7.394132e-01,3.032995e-02,4.234955e-02,1.132977e-02,2.010690e-02,7.133885e-02,1.178927e-03,7.665793e-03
4.163951e-03,3.354634e-04,9.784716e-04,2.410115e-03,4.150078e-02,1.202725e-03,3.547770e-03,8.168319e-01,2.123374e-02,2.964519e-02,7.932015e-03,1.407720e-02,4.994892e-02,8.255158e-04,5.366158e-03
3.365300e-03,2.355149e-04,6.888488e-04,1.690334e-03,3.006839e-02,9.463432e-04,2.492869e-03,8.701725e-01,1.486429e-02,2.075355e-02,5.554826e-03,9.856012e-03,3.497621e-02,5.786627e-04,3.756383e-03
4.653916e-03,1.687451e-04,4.890260e-04,1.196377e-03,2.239538e-02,9.693238e-04,1.773331e-03,9.050276e-01,1.040784e-02,1.452954e-02,3.897802e-03,6.910998e-03,2.454310e-02,4.073522e-04,2.629717e-03
9.339923e-03,1.212296e-04,3.456111e-04,8.595910e-04,1.773412e-02,1.157013e-03,1.263715e-03,9.247208e-01,7.288515e-03,1.017266e-02,2.745508e-03,4.859934e-03,1.726308e-02,2.871099e-04,1.841230e-03
1.154208e-02,8.750769e-05,2.435148e-04,6.258252e-04,1.417006e-02,1.109254e-03,9.192184e-04,9.400646e-01,5.108797e-03,7.121561e-03,1.936229e-03,3.440712e-03,1.213977e-02,2.017238e-04,1.289154e-03
1.624919e-02,6.578850e-05,1.737005e-04,4.639880e-04,1.180995e-02,1.381704e-03,7.288958e-04,9.469583e-01,3.583923e-03,4.986150e-03,1.389171e-03,2.491086e-03,8.672385e-03,1.426688e-04,9.031001e-04
2.283629e-02,5.963868e-05,1.359412e-04,3.607714e-04,1.053706e-02,1.773227e-03,7.584457e-04,9.472208e-01,2.526617e-03,3.493854e-03,1.031375e-03,1.983886e-03,6.543437e-03,1.028448e-04,6.358057e-04
2.608459e-02,6.938597e-05,1.161981e-04,2.982480e-04,1.036981e-02,1.812344e-03,7.472938e-04,9.480692e-01,1.795593e-03,2.450117e-03,8.006140e-04,1.753462e-03,5.101165e-03,7.747552e-05,4.544418e-04
3.120925e-02,7.388691e-05,1.695504e-04,3.419159e-04,8.968052e-03,3.643567e-03,1.537051e-03,9.440097e-01,1.301100e-03,1.722390e-03,6.587191e-04,1.575015e-03,4.392562e-03,6.377306e-05,3.333876e-04
3.540289e-02,8.715952e-05,2.009047e-04,4.898395e-04,8.827300e-03,4.047124e-03,1.717323e-03,9.414923e-01,9.550086e-04,1.217294e-03,5.207287e-04,1.239919e-03,3.500563e-03,4.984277e-05,2.518134e-04
3.987889e-02,9.611680e-05,2.579126e-04,7.521374e-04,8.132426e-03,6.011350e-03,2.080619e-03,9.361392e-01,7.391542e-04,8.742382e-04,4.662898e-04,1.162691e-03,3.139555e-03,4.806522e-05,2.213059e-04
3.760279e-02,1.185147e-04,2.556877e-04,1.058311e-03,6.690118e-03,1.933505e-02,1.798201e-03,8.809842e-01,1.223421e-03,6.690762e-04,1.213946e-03,3.400861e-03,4.516407e-02,9.569271e-05,3.900491e-04
2.811966e-02,1.131834e-04,2.056584e-04,1.115566e-03,5.251290e-03,1.816731e-02,1.346347e-03,6.877636e-01,1.149447e-03,4.864339e-04,1.477183e-03,3.176198e-03,2.505979e-01,7.840156e-05,9.517929e-04
2.158649e-02,1.250269e-04,1.517402e-04,8.269569e-04,4.005568e-03,1.389750e-02,1.002548e-03,5.021533e-01,1.018881e-03,3.467009e-04,1.717618e-03,3.018205e-03,4.486874e-01,6.200314e-05,1.400087e-03
2.178838e-02,1.256213e-04,1.419202e-04,6.485874e-04,3.658797e-03,1.093495e-02,8.596999e-04,3.593980e-01,1.094331e-03,2.693759e-04,1.925034e-03,3.184479e-03,5.945159e-01,5.691382e-05,1.397946e-03
2.312147e-02,1.042290e-04,1.357650e-04,4.693163e-04,3.455192e-03,8.101976e-03,7.209148e-04,2.546951e-01,9.752599e-04,2.053186e-04,2.435183e-03,3.650589e-03,7.002859e-01,4.665807e-05,1.597224e-03
1.899999e-02,9.783701e-05,1.202438e-04,3.377518e-04,3.493629e-03,5.853475e-03,6.258137e-04,1.803149e-01,8.908126e-04,1.557711e-04,3.891644e-03,5.384403e-03,7.783560e-01,5.379169e-05,1.423932e-03
2.553841e-02,3.742674e-04,5.260707e-04,3.013078e-04,7.623781e-03,4.781412e-03,7.643369e-04,1.306773e-01,3.087086e-03,1.971204e-04,9.038264e-03,1.169101e-02,8.037022e-01,3.291501e-04,1.368268e-03
3.246110e-02,4.114746e-02,7.043540e-03,7.034121e-04,8.662472e-03,1.011158e-02,7.177030e-04,1.058581e-01,6.771417e-02,4.088204e-04,1.547157e-02,1.154320e-02,6.937550e-01,8.892012e-04,3.512724e-03
3.815108e-02,7.578597e-02,1.928416e-02,2.513704e-03,1.193896e-02,1.591610e-02,1.087690e-03,7.798137e-02,1.927781e-01,8.847733e-04,1.380479e-02,9.600687e-03,5.358441e-01,8.213012e-04,3.607311e-03
3.675777e-02,8.246377e-02,2.195156e-02,3.319241e-03,1.884800e-02,4.596151e-02,1.066832e-03,6.101804e-02,2.540930e-01,9.938513e-04,1.430117e-02,1.099700e-02,4.405344e-01,1.361220e-03,6.332643e-03
4.252919e-02,1.005858e-01,2.224921e-02,4.720123e-03,3.264176e-02,4.748942e-02,1.055767e-03,5.759339e-02,3.322009e-01,1.121521e-03,1.315069e-02,9.572024e-03,3.155576e-01,3.064767e-03,1.646787e-02
3.915212e-02,1.390031e-01,2.007347e-02,4.526158e-03,3.528100e-02,5.176139e-02,9.582284e-04,4.886829e-02,3.744074e-01,1.165428e-03,1.065316e-02,8.419733e-03,2.296735e-01,3.572451e-03,3.248461e-02
3.236461e-02,1.187941e-01,1.971286e-02,2.665844e-02,4.518905e-02,4.295640e-02,7.999559e-04,4.205691e-02,4.615841e-01,1.684669e-03,1.035094e-02,6.308347e-03,1.635251e-01,2.775142e-03,2.523935e-02
7.931800e-02,1.213851e-01,2.097056e-02,3.732134e-02,7.502881e-02,4.680049e-02,1.838636e-03,4.482608e-02,3.991854e-01,2.523808e-03,1.172235e-02,5.789327e-03,1.169101e-01,3.941104e-03,3.243892e-02
1.361040e-01,1.282288e-01,2.078132e-02,3.151971e-02,9.210023e-02,5.318458e-02,3.120376e-03,3.740204e-02,3.167011e-01,2.138619e-03,1.096769e-02,5.278329e-03,8.524837e-02,5.334507e-03,7.189035e-02
2.446999e-01,1.139555e-01,1.710333e-02,2.782374e-02,8.693568e-02,4.905701e-02,4.329588e-03,4.729515e-02,2.602378e-01,1.673393e-03,1.012902e-02,8.450456e-03,6.199807e-02,5.437972e-03,6.087342e-02
2.951303e-01,8.913672e-02,1.370551e-02,3.175069e-02,9.207274e-02,5.057679e-02,5.811499e-03,5.550343e-02,2.463000e-01,1.368436e-03,9.187000e-03,1.205013e-02,4.640618e-02,4.698046e-03,4.630246e-02
2.479534e-01,8.417928e-02,1.042463e-02,2.628300e-02,7.610500e-02,4.328578e-02,4.877253e-03,2.203210e-01,1.974847e-01,9.955451e-04,6.936801e-03,9.396459e-03,3.376459e-02,3.459352e-03,3.453330e-02
1.829882e-01,6.053938e-02,7.474191e-03,1.925095e-02,5.808794e-02,3.157524e-02,3.974188e-03,4.297640e-01,1.433326e-01,7.048709e-04,4.992938e-03,6.699047e-03,2.391891e-02,2.442250e-03,2.425538e-02
1.343589e-01,4.287105e-02,5.303052e-03,1.370964e-02,4.273914e-02,2.230578e-02,2.965697e-03,5.895605e-01,1.018283e-01,5.017908e-04,3.542543e-03,4.753640e-03,1.684320e-02,1.715759e-03,1.700104e-02
9.625204e-02,3.003792e-02,3.775678e-03,9.668711e-03,3.029583e-02,1.586614e-02,2.126938e-03,7.094383e-01,7.136135e-02,3.620314e-04,2.520885e-03,3.345098e-03,1.183404e-02,1.205080e-03,1.190989e-02
7.224084e-02,2.109126e-02,2.905792e-03,7.778210e-03,2.178463e-02,1.772736e-02,1.696809e-03,7.799594e-01,5.017865e-02,3.085648e-04,2.306313e-03,3.115009e-03,9.598826e-03,8.799833e-04,8.428260e-03
5.167145e-02,1.485591e-02,2.231271e-03,8.015662e-03,1.551451e-02,2.082215e-02,1.240855e-03,6.871600e-01,3.542763e-02,2.910892e-04,1.387657e-02,7.506290e-03,1.321533e-01,7.737320e-04,8.459535e-03
4.413517e-02,1.048471e-02,1.668805e-03,7.155263e-03,1.102899e-02,2.828478e-02,1.007049e-03,5.212302e-01,2.589952e-02,2.597913e-04,2.101999e-02,1.004054e-02,3.081765e-01,6.201338e-04,8.988492e-03
3.567554e-02,7.373090e-03,1.256945e-03,5.651078e-03,7.774913e-03,2.871832e-02,7.859143e-04,3.889480e-01,1.852882e-02,3.514249e-04,2.005247e-02,1.241188e-02,4.600530e-01,5.616719e-04,1.185692e-02
2.693275e-02,5.200019e-03,9.460499e-04,4.261551e-03,5.781746e-03,2.613776e-02,1.128613e-03,2.783200e-01,1.390526e-02,3.362810e-04,2.515873e-02,1.636819e-02,5.808651e-01,4.923797e-04,1.416555e-02
4.539978e-02,4.053593e-03,1.543449e-03,6.605892e-03,6.780270e-03,4.001406e-02,4.928039e-03,2.074045e-01,2.018202e-02,4.950993e-04,4.073236e-02,2.888671e-02,5.753933e-01,1.077833e-03,1.650305e-02
3.299434e-02,3.062921e-03,1.342474e-03,5.365464e-03,6.137835e-03,3.248996e-02,5.581929e-03,1.458912e-01,1.598420e-02,7.046687e-04,4.660588e-02,5.061679e-02,6.381142e-01,1.203013e-03,1.390519e-02
4.259085e-02,2.337695e-03,1.191212e-03,4.237904e-03,7.228161e-03,2.776610e-02,5.203448e-03,1.031289e-01,1.498817e-02,1.192349e-03,4.626331e-02,1.094074e-01,6.224800e-01,1.391944e-03,1.059260e-02
3.434158e-02,1.880396e-03,1.064353e-03,3.311840e-03,7.349713e-03,2.113649e-02,4.099006e-03,7.253808e-02,1.383055e-02,4.394508e-03,5.668490e-02,1.669375e-01,6.029624e-01,1.285306e-03,8.183312e-03
2.448446e-02,1.614197e-03,1.113574e-03,2.384710e-03,1.038934e-02,1.776335e-02,3.346713e-03,5.088470e-02,1.179787e-02,1.087710e-02,5.288937e-02,3.364808e-01,4.682126e-01,1.514432e-03,6.246787e-03
1.744504e-02,2.553067e-03,9.628779e-03,1.774798e-03,1.026219e-02,1.283417e-02,2.516286e-03,3.570868e-02,1.360043e-02,1.786024e-02,4.442162e-02,4.186303e-01,4.063544e-01,1.618244e-03,4.791759e-03
1.232455e-02,2.089180e-03,7.163816e-03,1.377354e-03,1.102118e-02,9.157776e-03,1.787294e-03,2.537909e-02,1.164774e-02,2.225135e-02,3.326455e-02,4.844849e-01,3.726047e-01,1.917590e-03,3.528959e-03
8.691891e-03,1.880061e-03,5.193733e-03,1.015042e-03,1.301073e-02,6.518099e-03,1.301425e-03,1.778742e-02,1.117189e-02,9.307967e-02,2.395725e-02,5.243797e-01,2.879867e-01,1.455128e-03,2.571220e-03
6.137220e-03,1.693006e-03,3.794567e-03,7.433451e-04,1.385584e-02,4.638428e-03,9.417803e-04,1.246585e-02,1.129675e-02,2.021790e-01,1.748363e-02,5.094159e-01,2.122711e-01,1.156202e-03,1.927336e-03
5.068205e-03,3.579423e-03,2.936194e-03,6.169239e-04,1.412497e-02,3.599470e-03,6.863284e-04,9.173183e-03,7.708827e-02,2.382026e-01,1.401059e-02,4.601488e-01,1.683393e-01,9.527227e-04,1.473026e-03
3.960374e-03,6.169849e-03,2.421546e-03,5.060642e-04,1.308730e-02,2.759275e-03,5.279232e-04,6.933069e-03,1.189591e-01,2.569171e-01,1.180032e-02,4.386705e-01,1.352793e-01,8.679180e-04,1.140412e-03
3.001736e-03,5.937608e-03,1.858117e-03,3.648408e-04,1.178217e-02,2.144068e-03,3.982672e-04,5.063545e-03,1.638934e-01,3.313034e-01,9.483806e-03,3.621791e-01,1.007166e-01,8.643782e-04,1.008979e-03
2.395964e-03,4.328827e-03,1.318774e-03,2.675544e-04,1.383788e-02,1.607875e-03,3.052004e-04,3.837564e-03,2.434931e-01,3.682101e-01,8.401944e-03,2.728451e-01,7.767241e-02,7.225983e-04,7.550523e-04
2.055110e-03,3.266418e-03,9.268249e-04,1.957326e-04,1.246947e-02,1.369657e-03,2.265399e-04,2.836492e-03,3.982734e-01,3.056052e-01,7.775804e-03,2.018589e-01,6.199860e-02,5.598745e-04,5.819739e-04
1.765411e-03,2.504471e-03,6.721638e-04,2.920313e-04,1.479411e-02,1.413241e-03,2.643838e-04,6.133995e-03,5.015911e-01,2.578854e-01,6.904524e-03,1.503473e-01,5.450357e-02,4.335717e-04,4.946616e-04
1.510409e-03,2.104561e-03,4.829187e-04,2.489866e-04,1.267610e-02,1.495920e-03,2.163226e-04,4.690144e-03,6.211214e-01,1.988956e-01,5.398026e-03,1.086120e-01,4.182931e-02,3.148821e-04,4.033977e-04
1.350648e-03,2.451865e-03,3.444217e-04,1.844834e-04,1.188762e-02,1.462586e-03,2.103379e-04,3.432107e-03,7.252438e-01,1.433984e-01,3.846545e-03,7.622842e-02,2.944416e-02,2.210881e-04,2.934969e-04
1.908888e-03,2.063924e-03,3.153495e-04,1.686393e-04,3.800129e-02,1.427296e-03,5.327579e-04,3.722401e-03,7.736869e-01,1.010153e-01,2.747051e-03,5.338959e-02,2.065161e-02,1.564736e-04,2.124829e-04
3.460752e-03,1.686039e-03,2.587515e-04,2.080613e-04,1.196519e-01,1.268230e-03,1.354950e-03,3.199640e-03,7.438737e-01,7.087632e-02,1.980798e-03,3.740831e-02,1.449234e-02,1.142070e-04,1.659895e-04
7.086590e-03,1.515782e-03,3.593435e-04,3.605993e-03,2.142713e-01,1.348485e-03,2.362734e-03,2.292206e-02,6.584905e-01,4.975837e-02,1.479479e-03,2.627313e-02,1.027307e-02,8.509344e-05,1.680501e-04
1.281586e-02,1.430542e-03,3.059683e-04,5.202500e-03,3.044291e-01,1.154924e-03,3.261785e-03,2.557063e-02,5.838070e-01,3.501349e-02,1.093276e-03,1.843737e-02,7.256223e-03,6.433917e-05,1.570986e-04
2.031501e-02,1.309753e-03,3.284587e-04,7.667117e-03,2.985003e-01,1.198263e-03,3.394993e-03,3.018378e-02,5.926833e-01,2.490929e-02,1.016771e-03,1.299818e-02,5.273872e-03,6.512385e-05,1.558669e-04
3.152439e-02,3.636383e-03,1.800819e-03,5.423146e-02,2.584963e-01,1.778980e-03,3.418867e-03,7.552822e-02,5.366321e-01,1.755471e-02,1.437620e-03,9.605341e-03,4.032599e-03,7.966938e-05,2.425474e-04
5.938110e-02,4.902571e-03,4.411504e-03,7.617903e-02,2.266610e-01,2.234181e-03,3.213254e-03,7.886009e-02,5.188271e-01,1.240490e-02,1.809864e-03,7.396680e-03,3.342177e-03,9.850317e-05,2.781017e-04
1.060299e-01,5.890902e-03,5.697843e-03,9.537272e-02,2.495257e-01,2.369021e-02,2.952817e-03,8.126041e-02,4.073814e-01,8.768319e-03,2.564402e-03,7.178050e-03,3.143979e-03,1.665971e-04,3.767411e-04
8.508925e-02,4.379912e-03,4.237498e-03,6.889194e-02,3.686769e-01,2.584287e-02,2.523998e-03,1.378880e-01,2.861714e-01,6.146868e-03,2.030385e-03,5.119078e-03,2.567519e-03,1.454529e-04,2.888611e-04
6.594426e-02,3.265055e-03,3.257803e-03,4.856730e-02,4.326490e-01,2.232916e-02,2.065146e-03,2.086153e-01,2.003418e-01,4.336155e-03,2.611185e-03,3.652271e-03,1.934392e-03,1.928021e-04,2.383760e-04
4.966852e-02,2.314853e-03,2.462946e-03,3.415344e-02,5.566922e-01,1.632383e-02,2.010243e-03,1.579934e-01,1.402893e-01,4.959001e-03,2.004228e-02,2.772068e-03,1.729377e-03,7.430190e-04,7.845509e-03
3.741923e-02,1.679472e-03,1.848099e-03,2.496666e-02,4.420892e-01,1.201701e-02,2.219748e-03,1.285294e-01,9.890953e-02,2.474259e-02,1.703641e-01,3.435151e-03,1.245882e-02,1.402846e-03,3.791817e-02
3.315421e-02,1.605230e-03,1.521470e-03,1.815817e-02,3.663684e-01,1.134301e-02,1.869767e-03,9.709150e-02,7.385650e-02,3.394456e-02,2.395955e-01,2.868968e-03,1.283424e-02,1.742305e-02,8.836541e-02
2.940254e-02,1.598602e-03,1.164723e-03,2.029239e-02,2.822020e-01,9.010958e-03,1.550804e-03,7.260244e-02,6.294306e-02,3.107104e-02,2.844473e-01,2.791843e-03,1.351544e-02,1.500309e-02,1.724037e-01
2.634315e-02,2.316603e-03,9.868435e-04,3.018212e-02,2.231503e-01,7.562243e-03,1.404212e-03,5.156794e-02,6.243331e-02,4.935270e-02,2.113846e-01,2.527302e-03,1.098605e-02,1.376727e-02,3.060353e-01
2.216191e-02,2.469138e-03,8.562445e-04,2.826935e-02,1.786228e-01,5.724194e-03,1.393324e-03,3.637877e-02,8.184220e-02,4.032540e-02,1.573008e-01,2.614033e-03,8.528193e-03,1.425231e-02,4.192613e-01
2.367106e-02,3.917765e-03,1.029727e-03,2.917741e-02,1.406002e-01,4.667394e-03,1.593287e-03,2.610497e-02,1.516918e-01,3.813633e-02,1.235387e-01,2.791509e-03,7.420017e-03,2.327392e-02,4.223859e-01
1.773802e-02,4.060061e-03,9.898383e-04,2.428950e-02,9.967811e-02,3.814396e-03,1.141128e-03,1.840158e-02,3.809779e-01,2.726872e-02,8.936015e-02,2.139992e-03,5.562373e-03,1.948339e-02,3.050948e-01
1.567682e-02,4.098093e-03,4.628362e-03,5.124556e-02,7.068659e-02,4.292026e-03,8.657615e-04,1.329273e-02,4.671454e-01,1.991703e-02,8.811474e-02,2.718400e-03,7.702941e-03,1.900257e-02,2.306130e-01
3.267359e-02,1.002404e-02,7.623634e-03,3.722303e-02,5.020675e-02,3.866799e-03,7.264567e-04,9.546339e-03,3.792891e-01,1.530121e-02,8.412571e-02,2.343032e-03,7.142111e-03,1.706475e-01,1.892607e-01
5.154200e-02,1.124658e-02,3.344881e-02,2.845548e-02,3.552532e-02,3.479551e-03,6.698171e-04,6.795958e-03,4.210710e-01,1.374537e-02,6.347162e-02,2.219795e-03,6.034548e-03,1.631322e-01,1.591620e-01
5.660774e-02,9.635632e-03,3.383010e-02,2.010996e-02,2.503779e-02,4.059549e-03,7.766632e-04,4.956751e-03,3.304182e-01,3.466914e-02,4.703169e-02,1.739539e-03,4.830150e-03,2.855856e-01,1.407114e-01
5.035985e-02,7.295739e-03,2.741191e-02,1.416103e-02,1.770307e-02,3.554113e-03,5.974711e-04,3.508840e-03,2.525465e-01,6.534348e-02,3.596009e-02,1.389429e-03,3.892897e-03,3.853648e-01,1.309108e-01
4.009980e-02,5.942496e-03,2.076375e-02,1.002855e-02,1.281293e-02,2.774579e-03,4.613373e-04,2.482995e-03,2.256086e-01,1.164594e-01,2.734913e-02,1.218915e-03,3.360600e-03,3.946970e-01,1.359399e-01
3.310470e-02,5.114298e-03,1.778939e-02,7.527788e-03,9.432671e-03,2.494795e-03,3.569680e-04,1.829842e-03,2.375586e-01,2.243063e-01,2.192794e-02,1.183444e-03,3.938188e-03,3.229936e-01,1.104415e-01
2.473486e-02,6.394641e-03,2.611503e-02,6.563051e-03,6.899959e-03,2.107436e-03,2.743095e-04,1.397464e-03,2.961043e-01,2.209169e-01,1.918274e-02,1.390905e-03,4.409336e-03,2.749621e-01,1.085472e-01
1.806180e-02,6.419513e-03,2.705837e-02,6.273942e-03,6.249018e-03,1.675799e-03,2.413431e-04,1.499524e-03,2.788559e-01,1.849321e-01,2.993428e-02,1.535484e-03,8.009556e-03,2.092694e-01,2.199840e-01
3.086666e-02,8.631126e-03,6.110888e-02,9.932099e-03,1.150216e-02,3.965202e-03,1.283156e-03,4.471421e-03,2.614954e-01,1.488333e-01,5.001206e-02,1.403383e-03,8.479819e-03,1.606461e-01,2.373692e-01
4.377999e-02,1.321863e-02,7.076919e-02,1.194014e-02,1.949087e-02,8.231360e-03,1.676622e-03,7.101248e-03,2.626522e-01,1.181574e-01,4.645668e-02,1.141832e-03,7.065905e-03,1.309662e-01,2.573517e-01
4.437294e-02,2.256225e-02,2.704187e-01,2.028573e-02,2.282740e-02,8.099128e-03,1.903343e-03,7.371448e-03,1.927626e-01,8.746590e-02,3.283178e-02,8.578768e-04,5.071234e-03,9.231572e-02,1.908540e-01
6.073081e-02,4.686638e-02,3.001796e-01,7.733507e-02,4.019990e-02,1.638094e-02,4.315709e-03,7.364748e-03,1.419793e-01,6.392664e-02,2.328135e-02,6.788283e-04,3.999144e-03,6.514992e-02,1.476117e-01
9.339529e-02,6.598575e-02,2.633435e-01,7.496785e-02,9.754238e-02,5.733347e-02,6.343163e-03,5.759034e-03,1.051202e-01,4.515944e-02,1.699603e-02,5.180929e-04,3.172267e-03,4.771107e-02,1.166524e-01
7.590661e-02,6.242529e-02,1.923423e-01,7.400812e-02,2.118473e-01,5.504568e-02,7.697768e-02,9.725442e-03,7.705555e-02,3.197534e-02,1.220310e-02,4.417189e-04,2.800830e-03,3.367425e-02,8.357077e-02
5.612899e-02,4.699538e-02,1.373001e-01,5.412738e-02,4.043267e-01,4.047110e-02,6.069089e-02,2.902733e-02,5.454342e-02,2.240656e-02,9.015304e-03,3.837792e-04,2.318177e-03,2.364194e-02,5.862284e-02
