1.000000e+00,0.000000e+00,0.000000e+00,0.000000e+00,0.000000e+00,0.000000e+00,0.000000e+00,0.000000e+00,0.000000e+00,0.000000e+00,0.000000e+00,0.000000e+00,0.000000e+00,0.000000e+00,0.000000e+00
1.000000e+00,0.000000e+00,0.000000e+00,0.000000e+00,0.000000e+00,0.000000e+00,0.000000e+00,0.000000e+00,0.000000e+00,0.000000e+00,0.000000e+00,0.000000e+00,0.000000e+00,0.000000e+00,0.000000e+00
1.000000e+00,0.000000e+00,0.000000e+00,0.000000e+00,0.000000e+00,0.000000e+00,0.000000e+00,0.000000e+00,0.000000e+00,0.000000e+00,0.000000e+00,0.000000e+00,0.000000e+00,0.000000e+00,0.000000e+00
1.000000e+00,0.000000e+00,0.000000e+00,0.000000e+00,0.000000e+00,0.000000e+00,0.000000e+00,0.000000e+00,0.000000e+00,0.000000e+00,0.000000e+00,0.000000e+00,0.000000e+00,0.000000e+00,0.000000e+00
1.000000e+00,0.000000e+00,0.000000e+00,0.000000e+00,0.000000e+00,0.000000e+00,0.000000e+00,0.000000e+00,0.000000e+00,0.000000e+00,0.000000e+00,0.000000e+00,0.000000e+00,0.000000e+00,0.000000e+00
1.000000e+00,0.000000e+00,0.000000e+00,0.000000e+00,0.000000e+00,0.000000e+00,0.000000e+00,0.000000e+00,0.000000e+00,0.000000e+00,0.000000e+00,0.000000e+00,0.000000e+00,0.000000e+00,0.000000e+00
1.000000e+00,0.000000e+00,0.000000e+00,0.000000e+00,0.000000e+00,0.000000e+00,0.000000e+00,0.000000e+00,0.000000e+00,0.000000e+00,0.000000e+00,0.000000e+00,0.000000e+00,0.000000e+00,0.000000e+00
1.000000e+00,0.000000e+00,0.000000e+00,0.000000e+00,0.000000e+00,0.000000e+00,0.000000e+00,0.000000e+00,0.000000e+00,0.000000e+00,0.000000e+00,0.000000e+00,0.000000e+00,0.000000e+00,0.000000e+00
1.000000e+00,0.000000e+00,0.000000e+00,0.000000e+00,0.000000e+00,0.000000e+00,0.000000e+00,0.000000e+00,0.000000e+00,0.000000e+00,0.000000e+00,0.000000e+00,0.000000e+00,0.000000e+00,0.000000e+00
1.000000e+00,0.000000e+00,0.000000e+00,0.000000e+00,0.000000e+00,0.000000e+00,0.000000e+00,0.000000e+00,0.000000e+00,0.000000e+00,0.000000e+00,0.000000e+00,0.000000e+00,0.000000e+00,0.000000e+00
1.000000e+00,0.000000e+00,0.000000e+00,0.000000e+00,0.000000e+00,0.000000e+00,0.000000e+00,0.000000e+00,0.000000e+00,0.000000e+00,0.000000e+00,0.000000e+00,0.000000e+00,0.000000e+00,0.000000e+00
1.000000e+00,0.000000e+00,0.000000e+00,0.000000e+00,0.000000e+00,0.000000e+00,0.000000e+00,0.000000e+00,0.000000e+00,0.000000e+00,0.000000e+00,0.000000e+00,0.000000e+00,0.000000e+00,0.000000e+00
1.000000e+00,0.000000e+00,0.000000e+00,0.000000e+00,0.000000e+00,0.000000e+00,0.000000e+00,0.000000e+00,0.000000e+00,0.000000e+00,0.000000e+00,0.000000e+00,0.000000e+00,0.000000e+00,0.000000e+00
1.000000e+00,0.000000e+00,0.000000e+00,0.000000e+00,0.000000e+00,0.000000e+00,0.000000e+00,0.000000e+00,0.000000e+00,0.000000e+00,0.000000e+00,0.000000e+00,0.000000e+00,0.000000e+00,0.000000e+00
1.000000e+00,0.000000e+00,0.000000e+00,0.000000e+00,0.000000e+00,0.000000e+00,0.000000e+00,0.000000e+00,0.000000e+00,0.000000e+00,0.000000e+00,0.000000e+00,0.000000e+00,0.000000e+00,0.000000e+00
1.000000e+00,0.000000e+00,0.000000e+00,0.000000e+00,0.000000e+00,0.000000e+00,0.000000e+00,0.000000e+00,0.000000e+00,0.000000e+00,0.000000e+00,0.000000e+00,0.000000e+00,0.000000e+00,0.000000e+00
1.000000e+00,0.000000e+00,0.000000e+00,0.000000e+00,0.000000e+00,0.000000e+00,0.000000e+00,0.000000e+00,0.000000e+00,0.000000e+00,0.000000e+00,0.000000e+00,0.000000e+00,0.000000e+00,0.000000e+00
1.000000e+00,0.000000e+00,0.000000e+00,0.000000e+00,0.000000e+00,0.000000e+00,0.000000e+00,0.000000e+00,0.000000e+00,0.000000e+00,0.000000e+00,0.000000e+00,0.000000e+00,0.000000e+00,0.000000e+00
1.000000e+00,0.000000e+00,0.000000e+00,0.000000e+00,0.000000e+00,0.000000e+00,0.000000e+00,0.000000e+00,0.000000e+00,0.000000e+00,0.000000e+00,0.000000e+00,0.000000e+00,0.000000e+00,0.000000e+00
1.000000e+00,0.000000e+00,0.000000e+00,0.000000e+00,0.000000e+00,0.000000e+00,0.000000e+00,0.000000e+00,0.000000e+00,0.000000e+00,0.000000e+00,0.000000e+00,0.000000e+00,0.000000e+00,0.000000e+00
1.000000e+00,0.000000e+00,0.000000e+00,0.000000e+00,0.000000e+00,0.000000e+00,0.000000e+00,0.000000e+00,0.000000e+00,0.000000e+00,0.000000e+00,0.000000e+00,0.000000e+00,0.000000e+00,0.000000e+00
1.000000e+00,0.000000e+00,0.000000e+00,0.000000e+00,0.000000e+00,0.000000e+00,0.000000e+00,0.000000e+00,0.000000e+00,0.000000e+00,0.000000e+00,0.000000e+00,0.000000e+00,0.000000e+00,0.000000e+00
1.000000e+00,0.000000e+00,0.000000e+00,0.000000e+00,0.000000e+00,0.000000e+00,0.000000e+00,0.000000e+00,0.000000e+00,0.000000e+00,0.000000e+00,0.000000e+00,0.000000e+00,0.000000e+00,0.000000e+00
1.000000e+00,0.000000e+00,0.000000e+00,0.000000e+00,0.000000e+00,0.000000e+00,0.000000e+00,0.000000e+00,0.000000e+00,0.000000e+00,0.000000e+00,0.000000e+00,0.000000e+00,0.000000e+00,0.000000e+00
1.000000e+00,0.000000e+00,0.000000e+00,0.000000e+00,0.000000e+00,0.000000e+00,0.000000e+00,0.000000e+00,0.000000e+00,0.000000e+00,0.000000e+00,0.000000e+00,0.000000e+00,0.000000e+00,0.000000e+00
1.000000e+00,0.000000e+00,0.000000e+00,0.000000e+00,0.000000e+00,0.000000e+00,0.000000e+00,0.000000e+00,0.000000e+00,0.000000e+00,0.000000e+00,0.000000e+00,0.000000e+00,0.000000e+00,0.000000e+00
1.000000e+00,0.000000e+00,0.000000e+00,0.000000e+00,0.000000e+00,0.000000e+00,0.000000e+00,0.000000e+00,0.000000e+00,0.000000e+00,0.000000e+00,0.000000e+00,0.000000e+00,0.000000e+00,0.000000e+00
1.000000e+00,0.000000e+00,0.000000e+00,0.000000e+00,0.000000e+00,0.000000e+00,0.000000e+00,0.000000e+00,0.000000e+00,0.000000e+00,0.000000e+00,0.000000e+00,0.000000e+00,0.000000e+00,0.000000e+00
1.000000e+00,0.000000e+00,0.000000e+00,0.000000e+00,0.000000e+00,0.000000e+00,0.000000e+00,0.000000e+00,0.000000e+00,0.000000e+00,0.000000e+00,0.000000e+00,0.000000e+00,0.000000e+00,0.000000e+00
1.000000e+00,0.000000e+00,0.000000e+00,0.000000e+00,0.000000e+00,0.000000e+00,0.000000e+00,0.000000e+00,0.000000e+00,0.000000e+00,0.000000e+00,0.000000e+00,0.000000e+00,0.000000e+00,0.000000e+00
1.000000e+00,0.000000e+00,0.000000e+00,0.000000e+00,0.000000e+00,0.000000e+00,0.000000e+00,0.000000e+00,0.000000e+00,0.000000e+00,0.000000e+00,0.000000e+00,0.000000e+00,0.000000e+00,0.000000e+00
1.000000e+00,0.000000e+00,0.000000e+00,0.000000e+00,0.000000e+00,0.000000e+00,0.000000e+00,0.000000e+00,0.000000e+00,0.000000e+00,0.000000e+00,0.000000e+00,0.000000e+00,0.000000e+00,0.000000e+00
1.000000e+00,0.000000e+00,0.000000e+00,0.000000e+00,0.000000e+00,0.000000e+00,0.000000e+00,0.000000e+00,0.000000e+00,0.000000e+00,0.000000e+00,0.000000e+00,0.000000e+00,0.000000e+00,0.000000e+00
1.000000e+00,0.000000e+00,0.000000e+00,0.000000e+00,0.000000e+00,0.000000e+00,0.000000e+00,0.000000e+00,0.000000e+00,0.000000e+00,0.000000e+00,0.000000e+00,0.000000e+00,0.000000e+00,0.000000e+00
1.000000e+00,0.000000e+00,0.000000e+00,0.000000e+00,0.000000e+00,0.000000e+00,0.000000e+00,0.000000e+00,0.000000e+00,0.000000e+00,0.000000e+00,0.000000e+00,0.000000e+00,0.000000e+00,0.000000e+00
1.000000e+00,0.000000e+00,0.000000e+00,0.000000e+00,0.000000e+00,0.000000e+00,0.000000e+00,0.000000e+00,0.000000e+00,0.000000e+00,0.000000e+00,0.000000e+00,0.000000e+00,0.000000e+00,0.000000e+00
1.000000e+00,0.000000e+00,0.000000e+00,0.000000e+00,0.000000e+00,0.000000e+00,0.000000e+00,0.000000e+00,0.000000e+00,0.000000e+00,0.000000e+00,0.000000e+00,0.000000e+00,0.000000e+00,0.000000e+00
1.000000e+00,0.000000e+00,0.000000e+00,0.000000e+00,0.000000e+00,0.000000e+00,0.000000e+00,0.000000e+00,0.000000e+00,0.000000e+00,0.000000e+00,0.000000e+00,0.000000e+00,0.000000e+00,0.000000e+00
1.000000e+00,0.000000e+00,0.000000e+00,0.000000e+00,0.000000e+00,0.000000e+00,0.000000e+00,0.000000e+00,0.000000e+00,0.000000e+00,0.000000e+00,0.000000e+00,0.000000e+00,0.000000e+00,0.000000e+00
1.000000e+00,0.000000e+00,0.000000e+00,0.000000e+00,0.000000e+00,0.000000e+00,0.000000e+00,0.000000e+00,0.000000e+00,0.000000e+00,0.000000e+00,0.000000e+00,0.000000e+00,0.000000e+00,0.000000e+00
1.000000e+00,0.000000e+00,0.000000e+00,0.000000e+00,0.000000e+00,0.000000e+00,0.000000e+00,0.000000e+00,0.000000e+00,0.000000e+00,0.000000e+00,0.000000e+00,0.000000e+00,0.000000e+00,0.000000e+00
1.000000e+00,0.000000e+00,0.000000e+00,0.000000e+00,0.000000e+00,0.000000e+00,0.000000e+00,0.000000e+00,0.000000e+00,0.000000e+00,0.000000e+00,0.000000e+00,0.000000e+00,0.000000e+00,0.000000e+00
1.000000e+00,0.000000e+00,0.000000e+00,0.000000e+00,0.000000e+00,0.000000e+00,0.000000e+00,0.000000e+00,0.000000e+00,0.000000e+00,0.000000e+00,0.000000e+00,0.000000e+00,0.000000e+00,0.000000e+00
1.000000e+00,0.000000e+00,0.000000e+00,0.000000e+00,0.000000e+00,0.000000e+00,0.000000e+00,0.000000e+00,0.000000e+00,0.000000e+00,0.000000e+00,0.000000e+00,0.000000e+00,0.000000e+00,0.000000e+00
1.000000e+00,0.000000e+00,0.000000e+00,0.000000e+00,0.000000e+00,0.000000e+00,0.000000e+00,0.000000e+00,0.000000e+00,0.000000e+00,0.000000e+00,0.000000e+00,0.000000e+00,0.000000e+00,0.000000e+00
1.000000e+00,0.000000e+00,0.000000e+00,0.000000e+00,0.000000e+00,0.000000e+00,0.000000e+00,0.000000e+00,0.000000e+00,0.000000e+00,0.000000e+00,0.000000e+00,0.000000e+00,0.000000e+00,0.000000e+00
1.000000e+00,0.000000e+00,0.000000e+00,0.000000e+00,0.000000e+00,0.000000e+00,0.000000e+00,0.000000e+00,0.000000e+00,0.000000e+00,0.000000e+00,0.000000e+00,0.000000e+00,0.000000e+00,0.000000e+00
4.750963e-01,2.106430e-02,8.868597e-03,6.473719e-02,1.859755e-02,1.065319e-01,2.379115e-02,1.489685e-02,1.864172e-02,2.531120e-03,7.568431e-03,1.037402e-01,1.126465e-01,2.571098e-03,1.871696e-02
4.455322e-01,2.110100e-02,8.755080e-03,6.265067e-02,1.853289e-02,1.163643e-01,2.324273e-02,1.394107e-02,1.789406e-02,2.554508e-03,7.618736e-03,1.120516e-01,1.285574e-01,2.562310e-03,1.864152e-02
4.169638e-01,2.358068e-02,8.646721e-03,6.306451e-02,1.841972e-02,1.294881e-01,2.455443e-02,1.411258e-02,1.779190e-02,2.629661e-03,7.132277e-03,1.124802e-01,1.397645e-01,2.363483e-03,1.900730e-02
3.289193e-01,2.763066e-02,1.468926e-02,8.678107e-02,1.901102e-02,1.149987e-01,2.169383e-02,1.902559e-02,1.808816e-02,2.774989e-03,9.939648e-03,1.546589e-01,1.566564e-01,2.629718e-03,2.250279e-02
3.038614e-01,3.309794e-02,1.426908e-02,9.681461e-02,2.154369e-02,1.017195e-01,2.236881e-02,1.823648e-02,2.055342e-02,3.235012e-03,1.038137e-02,1.564491e-01,1.694770e-01,3.057204e-03,2.493540e-02
2.725317e-01,3.527891e-02,1.431522e-02,1.042169e-01,2.347444e-02,9.137652e-02,2.124320e-02,1.960861e-02,2.062413e-02,3.186377e-03,1.150513e-02,1.694754e-01,1.828950e-01,3.537511e-03,2.673085e-02
2.492735e-01,3.765339e-02,1.315952e-02,1.068683e-01,2.404721e-02,8.665083e-02,1.850636e-02,1.776897e-02,2.201235e-02,3.173540e-03,1.270996e-02,1.817930e-01,1.912510e-01,4.582356e-03,3.054965e-02
2.273614e-01,4.594351e-02,2.069436e-02,1.732294e-01,2.626614e-02,7.357477e-02,1.613627e-02,2.134332e-02,2.269153e-02,2.889538e-03,1.518113e-02,1.582239e-01,1.547830e-01,4.715789e-03,3.696597e-02
3.086056e-01,4.929340e-02,1.743907e-02,1.559739e-01,2.553585e-02,5.948483e-02,1.310734e-02,1.757408e-02,2.232806e-02,3.367896e-03,1.780984e-02,1.349993e-01,1.268882e-01,5.969493e-03,4.162297e-02
3.310380e-01,5.159593e-02,1.605300e-02,1.436628e-01,2.546845e-02,5.657700e-02,1.138831e-02,1.551319e-02,2.301152e-02,3.934772e-03,2.059407e-02,1.287047e-01,1.143767e-01,7.940875e-03,5.014063e-02
4.173984e-01,4.800858e-02,1.319563e-02,1.197572e-01,2.099889e-02,4.945410e-02,9.521706e-03,1.335623e-02,2.063039e-02,3.980657e-03,2.236274e-02,1.054798e-01,9.279901e-02,9.587643e-03,5.346907e-02
4.969167e-01,4.326978e-02,1.134451e-02,9.862874e-02,1.759884e-02,4.339360e-02,8.176938e-03,1.175342e-02,1.834753e-02,3.899496e-03,2.180038e-02,8.483003e-02,7.599710e-02,9.821480e-03,5.422151e-02
1.000000e+00,0.000000e+00,0.000000e+00,0.000000e+00,0.000000e+00,0.000000e+00,0.000000e+00,0.000000e+00,0.000000e+00,0.000000e+00,0.000000e+00,0.000000e+00,0.000000e+00,0.000000e+00,0.000000e+00
1.000000e+00,0.000000e+00,0.000000e+00,0.000000e+00,0.000000e+00,0.000000e+00,0.000000e+00,0.000000e+00,0.000000e+00,0.000000e+00,0.000000e+00,0.000000e+00,0.000000e+00,0.000000e+00,0.000000e+00
1.000000e+00,0.000000e+00,0.000000e+00,0.000000e+00,0.000000e+00,0.000000e+00,0.000000e+00,0.000000e+00,0.000000e+00,0.000000e+00,0.000000e+00,0.000000e+00,0.000000e+00,0.000000e+00,0.000000e+00
1.000000e+00,0.000000e+00,0.000000e+00,0.000000e+00,0.000000e+00,0.000000e+00,0.000000e+00,0.000000e+00,0.000000e+00,0.000000e+00,0.000000e+00,0.000000e+00,0.000000e+00,0.000000e+00,0.000000e+00
1.000000e+00,0.000000e+00,0.000000e+00,0.000000e+00,0.000000e+00,0.000000e+00,0.000000e+00,0.000000e+00,0.000000e+00,0.000000e+00,0.000000e+00,0.000000e+00,0.000000e+00,0.000000e+00,0.000000e+00
4.348617e-01,6.153223e-02,1.639354e-02,2.035901e-01,6.706461e-03,2.484858e-02,4.043925e-03,1.008295e-02,2.321922e-02,8.893803e-03,1.791758e-02,3.291303e-02,3.351412e-02,6.213062e-03,1.152696e-01
3.400559e-01,5.253697e-02,1.246115e-02,2.211874e-01,5.546627e-03,2.405460e-02,3.180842e-03,7.579771e-03,4.987961e-02,7.284775e-03,1.695481e-02,2.470209e-02,1.203447e-01,4.589916e-03,1.096408e-01
2.885377e-01,4.887569e-02,9.474650e-03,1.885862e-01,5.265438e-03,2.648413e-02,2.851245e-03,5.847026e-03,5.629846e-02,5.599966e-03,1.313118e-02,1.890519e-02,2.245975e-01,3.467164e-03,1.020784e-01
4.154181e-01,3.816503e-02,7.004803e-03,1.378403e-01,4.244708e-03,3.531536e-02,2.702402e-03,4.909182e-03,4.907370e-02,4.086264e-03,9.686877e-03,1.494897e-02,1.956954e-01,2.792303e-03,7.811658e-02
4.161097e-01,3.076583e-02,5.426471e-03,1.020728e-01,3.579521e-03,5.137563e-02,2.381964e-03,3.984630e-03,4.228111e-02,2.968172e-03,7.016670e-03,1.116932e-02,2.609001e-01,2.104636e-03,5.786340e-02
3.084851e-01,3.029775e-02,5.332423e-03,7.478567e-02,2.892370e-03,4.003077e-02,1.956013e-03,3.192860e-03,3.886449e-02,2.636544e-03,5.184263e-03,8.964907e-03,4.279968e-01,1.553744e-03,4.782627e-02
2.573451e-01,4.039980e-02,2.457836e-02,6.979299e-02,2.782800e-03,4.186772e-02,1.903094e-03,2.854450e-03,5.459315e-02,3.062643e-03,4.143051e-03,7.257401e-03,4.459021e-01,1.479389e-03,4.203801e-02
2.591088e-01,3.168195e-02,2.013244e-02,5.248632e-02,3.208900e-03,1.148597e-01,3.999607e-03,3.089300e-03,4.064012e-02,2.342680e-03,3.720981e-03,7.738845e-03,4.172724e-01,1.585787e-03,3.813217e-02
3.310671e-01,4.054640e-02,2.485304e-02,7.801740e-02,4.016845e-03,1.166845e-01,4.600536e-03,3.346744e-03,4.241962e-02,2.938318e-03,4.126242e-03,8.834092e-03,3.014200e-01,2.529997e-03,3.459917e-02
3.816954e-01,3.287297e-02,2.027114e-02,6.128734e-02,4.379254e-03,1.648592e-01,5.779116e-03,3.799103e-03,3.439565e-02,2.315383e-03,4.851801e-03,9.678637e-03,2.418455e-01,2.242833e-03,2.972663e-02
3.600249e-01,2.840785e-02,1.746551e-02,4.979414e-02,3.649833e-03,1.772798e-01,7.093763e-03,3.660474e-03,3.150957e-02,1.901102e-03,4.034431e-03,8.719238e-03,2.758626e-01,1.962633e-03,2.863412e-02
4.540130e-01,2.107353e-02,1.359197e-02,3.613864e-02,2.811011e-03,1.741869e-01,6.240536e-03,3.049909e-03,2.334565e-02,1.511005e-03,3.568328e-03,8.413238e-03,2.265593e-01,1.895073e-03,2.360176e-02
1.000000e+00,0.000000e+00,0.000000e+00,0.000000e+00,0.000000e+00,0.000000e+00,0.000000e+00,0.000000e+00,0.000000e+00,0.000000e+00,0.000000e+00,0.000000e+00,0.000000e+00,0.000000e+00,0.000000e+00
1.000000e+00,0.000000e+00,0.000000e+00,0.000000e+00,0.000000e+00,0.000000e+00,0.000000e+00,0.000000e+00,0.000000e+00,0.000000e+00,0.000000e+00,0.000000e+00,0.000000e+00,0.000000e+00,0.000000e+00
1.000000e+00,0.000000e+00,0.000000e+00,0.000000e+00,0.000000e+00,0.000000e+00,0.000000e+00,0.000000e+00,0.000000e+00,0.000000e+00,0.000000e+00,0.000000e+00,0.000000e+00,0.000000e+00,0.000000e+00
1.000000e+00,0.000000e+00,0.000000e+00,0.000000e+00,0.000000e+00,0.000000e+00,0.000000e+00,0.000000e+00,0.000000e+00,0.000000e+00,0.000000e+00,0.000000e+00,0.000000e+00,0.000000e+00,0.000000e+00
1.000000e+00,0.000000e+00,0.000000e+00,0.000000e+00,0.000000e+00,0.000000e+00,0.000000e+00,0.000000e+00,0.000000e+00,0.000000e+00,0.000000e+00,0.000000e+00,0.000000e+00,0.000000e+00,0.000000e+00
1.000000e+00,0.000000e+00,0.000000e+00,0.000000e+00,0.000000e+00,0.000000e+00,0.000000e+00,0.000000e+00,0.000000e+00,0.000000e+00,0.000000e+00,0.000000e+00,0.000000e+00,0.000000e+00,0.000000e+00
1.000000e+00,0.000000e+00,0.000000e+00,0.000000e+00,0.000000e+00,0.000000e+00,0.000000e+00,0.000000e+00,0.000000e+00,0.000000e+00,0.000000e+00,0.000000e+00,0.000000e+00,0.000000e+00,0.000000e+00
4.066142e-01,4.318158e-03,7.482809e-03,7.393084e-03,1.320074e-02,3.103738e-02,3.487469e-03,4.160753e-01,1.710921e-02,1.132761e-03,3.409429e-03,1.144215e-02,6.770497e-02,1.730490e-03,7.861881e-03
2.869576e-01,3.061405e-03,5.329177e-03,5.284780e-03,1.008290e-02,2.189850e-02,3.003128e-03,5.854378e-01,1.258472e-02,7.967464e-04,2.507295e-03,8.074442e-03,4.815228e-02,1.215141e-03,5.614176e-03
2.028994e-01,2.205940e-03,3.767944e-03,3.743763e-03,7.739832e-03,1.574110e-02,2.549324e-03,7.039335e-01,9.350187e-03,5.659201e-04,1.885821e-03,5.689611e-03,3.512843e-02,8.524011e-04,3.946836e-03
1.441041e-01,1.590428e-03,2.668077e-03,2.669525e-03,6.275613e-03,1.120162e-02,1.952598e-03,7.880781e-01,6.785215e-03,4.023747e-04,1.385969e-03,4.016056e-03,2.549339e-02,5.990690e-04,2.777920e-03
1.047110e-01,1.170292e-03,1.890371e-03,1.943237e-03,6.510254e-03,8.516780e-03,1.596612e-03,8.425428e-01,5.036851e-03,3.108291e-04,1.088470e-03,2.872618e-03,1.941617e-02,4.223931e-04,1.971224e-03
7.572531e-02,8.557163e-04,1.340373e-03,1.438471e-03,5.505838e-03,6.657306e-03,1.263427e-03,8.839244e-01,3.635076e-03,2.364192e-04,8.193481e-04,2.059056e-03,1.484231e-02,2.977359e-04,1.399201e-03
6.081890e-02,6.642705e-04,9.797933e-04,1.489138e-03,6.390093e-03,6.121458e-03,1.155301e-03,9.032165e-01,2.661699e-03,1.885536e-04,6.703688e-04,1.598772e-03,1.279393e-02,2.138574e-04,1.037313e-03
4.726680e-02,4.883401e-04,7.171966e-04,1.248081e-03,4.947840e-03,4.990686e-03,9.240315e-04,9.250755e-01,1.903520e-03,1.390633e-04,5.117544e-04,1.255570e-03,9.637423e-03,1.533412e-04,7.407204e-04
3.865684e-02,3.610731e-04,5.448968e-04,1.148916e-03,4.165436e-03,3.871101e-03,7.576006e-04,9.398328e-01,1.375976e-03,1.042464e-04,3.984089e-04,9.704617e-04,7.166549e-03,1.103694e-04,5.352006e-04
3.547855e-02,2.759102e-04,6.768758e-04,1.679035e-03,3.501864e-03,3.344174e-03,7.101976e-04,9.460789e-01,1.020081e-03,8.446960e-05,3.465255e-04,9.909889e-04,5.309551e-03,8.874731e-05,4.140825e-04
3.885227e-02,2.226296e-04,8.008186e-04,2.080980e-03,3.413733e-03,2.822646e-03,6.986622e-04,9.447272e-01,7.930870e-04,6.996907e-05,3.388335e-04,9.124581e-04,3.856750e-03,7.417137e-05,3.357710e-04
3.593296e-02,1.850615e-04,6.889760e-04,1.828500e-03,2.608101e-03,2.344753e-03,5.572768e-04,9.508446e-01,5.951278e-04,6.325639e-05,3.342475e-04,9.071205e-04,2.784422e-03,6.257019e-05,2.629432e-04
3.062933e-02,1.390189e-04,5.398458e-04,1.550634e-03,1.882944e-03,1.784222e-03,4.608498e-04,9.590755e-01,4.519353e-04,5.385064e-05,2.933232e-04,8.712667e-04,2.017352e-03,5.076299e-05,1.992330e-04
2.554812e-02,1.012440e-04,4.209536e-04,1.230564e-03,1.349381e-03,1.549093e-03,3.738802e-04,9.663943e-01,3.425187e-04,4.412532e-05,2.406635e-04,7.329318e-04,1.479457e-03,3.979457e-05,1.530276e-04
2.956527e-02,9.253139e-05,3.512430e-04,1.004553e-03,1.147686e-03,1.687580e-03,3.895979e-04,9.603976e-01,3.191748e-04,4.021008e-05,6.149026e-04,1.633181e-03,2.587405e-03,3.945830e-05,1.296463e-04
2.377534e-02,7.990711e-05,2.840254e-04,7.748703e-04,9.964216e-04,2.149826e-03,3.554868e-04,7.599391e-01,4.295572e-04,1.351244e-04,3.179747e-03,6.402848e-03,2.008414e-01,6.994144e-05,5.863704e-04
1.749906e-02,6.070454e-05,2.038648e-04,5.549587e-04,7.817958e-04,1.719406e-03,2.739487e-04,5.420167e-01,3.561339e-04,2.386601e-04,5.713395e-03,1.290165e-02,4.148268e-01,1.494757e-04,2.703349e-03
1.245314e-02,5.239822e-05,1.490767e-04,4.078138e-04,6.896983e-04,1.383720e-03,2.193419e-04,3.818809e-01,3.244996e-04,3.549101e-04,6.379795e-03,4.493357e-02,5.484147e-01,2.005979e-04,2.155795e-03
8.827712e-03,8.135056e-05,1.243779e-04,3.246928e-04,7.338934e-04,1.069083e-03,2.447896e-04,2.686180e-01,8.663278e-04,7.065281e-04,5.699823e-03,1.580161e-01,5.528439e-01,2.832773e-04,1.560245e-03
6.197099e-03,1.127141e-04,1.093254e-04,2.399355e-04,1.040073e-03,8.066522e-04,2.181666e-04,1.881459e-01,9.456159e-04,7.519680e-04,4.843704e-03,2.191023e-01,5.759953e-01,3.639742e-04,1.127302e-03
4.342223e-03,8.659604e-04,4.032824e-04,1.734714e-04,6.225063e-03,6.764820e-04,1.833873e-04,1.317389e-01,1.891291e-03,7.152452e-04,3.918328e-03,1.939394e-01,6.535209e-01,5.299118e-04,8.761353e-04
3.116677e-03,8.213242e-04,5.304990e-04,1.268101e-04,6.989468e-03,8.040916e-04,3.116031e-04,9.226519e-02,2.066748e-03,1.485595e-03,3.057976e-03,2.652668e-01,6.214701e-01,8.955022e-04,7.916567e-04
2.337977e-03,7.135179e-04,5.589660e-04,9.216135e-05,7.097719e-03,7.743114e-04,4.762968e-04,6.462023e-02,1.984917e-03,3.023277e-03,2.797168e-03,4.535151e-01,4.600034e-01,1.333712e-03,6.713337e-04
2.439366e-03,7.718091e-04,6.495906e-04,8.174867e-05,7.239631e-03,1.012305e-03,5.257199e-04,4.537715e-02,2.333316e-03,1.122554e-02,4.011430e-03,5.870188e-01,3.348477e-01,1.942427e-03,5.234551e-04
3.967679e-03,7.747064e-04,6.744274e-04,1.073492e-04,9.310735e-03,1.960696e-03,6.414548e-04,3.191217e-02,3.001670e-03,2.212386e-02,1.052630e-02,6.677177e-01,2.441519e-01,2.667988e-03,4.613705e-04
5.740797e-03,2.578504e-03,1.345643e-03,1.103820e-04,1.370277e-02,2.099591e-03,5.170321e-04,2.242732e-02,3.584772e-03,3.014077e-02,2.274750e-02,7.108100e-01,1.799063e-01,3.792828e-03,4.958593e-04
5.481256e-03,2.270997e-03,1.136086e-03,1.220162e-04,1.739199e-02,1.751094e-03,3.855420e-04,1.582051e-02,4.845802e-03,2.839848e-02,2.544817e-02,7.622431e-01,1.308740e-01,3.420247e-03,4.107362e-04
5.735166e-03,1.969358e-03,9.450409e-04,2.383848e-04,1.538438e-02,1.429434e-03,2.841072e-04,1.143488e-02,5.859992e-03,3.313761e-02,4.133435e-02,7.821435e-01,9.675012e-02,3.028173e-03,3.255658e-04
5.508187e-03,2.171767e-03,7.450969e-04,2.312138e-04,1.175202e-02,1.073043e-03,2.052388e-04,8.108554e-03,6.356785e-03,3.326158e-02,1.448573e-01,7.115047e-01,7.104223e-02,2.891694e-03,2.906850e-04
4.442221e-03,1.877960e-03,5.650138e-04,1.861028e-04,8.308239e-03,8.411264e-04,1.479093e-04,5.797025e-03,6.135897e-03,2.604196e-02,1.310518e-01,7.622033e-01,4.995600e-02,2.209568e-03,2.359738e-04
3.948237e-03,2.424773e-03,7.125250e-04,1.877521e-04,5.935413e-03,8.125030e-04,1.102014e-04,4.323388e-03,6.321371e-03,1.925038e-02,1.120216e-01,8.069507e-01,3.509377e-02,1.696272e-03,2.112669e-04
3.377347e-03,3.214232e-03,9.657644e-04,2.242890e-04,4.258273e-03,6.905614e-04,8.716920e-05,3.275044e-03,6.453801e-03,1.373759e-02,1.331605e-01,8.043412e-01,2.464509e-02,1.386556e-03,1.826536e-04
3.128791e-03,3.715449e-03,6.419465e-03,9.475545e-04,3.586825e-03,7.316973e-04,1.259003e-04,5.238236e-03,1.143188e-02,9.824158e-03,1.049298e-01,8.314037e-01,1.727643e-02,1.088872e-03,1.512743e-04
4.029796e-03,3.581905e-03,5.539581e-03,9.438299e-04,3.064805e-03,6.702018e-04,1.428421e-04,4.779876e-03,1.453703e-02,7.032853e-03,8.692226e-02,8.554602e-01,1.214306e-02,9.976799e-04,1.541779e-04
4.088435e-03,3.153065e-03,4.654467e-03,8.026735e-04,2.368177e-03,6.898526e-04,1.201856e-04,3.867735e-03,1.133869e-02,5.485260e-03,8.115824e-02,8.726212e-01,8.550555e-03,9.647176e-04,1.368195e-04
3.512621e-03,3.288947e-03,4.516914e-03,7.399684e-04,1.867664e-03,6.942515e-04,1.020341e-04,3.373344e-03,9.719974e-03,4.704360e-03,8.065884e-02,8.798159e-01,6.017100e-03,8.722092e-04,1.158601e-04
3.993613e-03,5.199867e-03,3.667681e-02,4.874296e-03,2.963022e-03,1.777791e-03,3.689988e-04,1.840132e-02,9.861812e-03,8.983536e-03,7.634342e-02,8.253264e-01,4.297239e-03,8.352377e-04,9.667929e-05
3.741391e-03,9.076901e-03,2.104434e-01,1.532309e-02,8.686352e-03,3.042367e-03,8.633782e-04,5.691119e-02,9.488650e-03,8.702845e-03,6.239982e-02,6.075596e-01,3.032454e-03,6.562616e-04,7.224206e-05
3.886221e-03,3.325891e-02,1.585573e-01,1.972588e-02,2.042266e-01,7.724085e-03,9.934071e-03,5.507464e-02,1.134485e-02,7.449426e-03,4.923179e-02,4.368463e-01,2.155760e-03,5.289244e-04,5.517149e-05
9.211026e-03,3.805752e-02,1.296535e-01,1.907757e-02,1.822302e-01,1.107688e-02,9.940264e-03,5.227742e-02,1.288103e-02,7.440025e-03,8.094978e-02,4.429727e-01,1.719064e-03,2.366627e-03,1.464314e-04
1.581486e-02,3.082569e-02,1.066235e-01,1.699064e-02,1.364778e-01,1.241864e-02,7.789200e-03,4.306348e-02,1.299210e-02,6.497777e-03,1.281672e-01,4.755025e-01,1.412487e-03,5.139709e-03,2.844495e-04
2.878405e-02,5.971270e-02,1.085996e-01,2.419148e-02,1.663267e-01,2.386822e-02,7.161429e-03,3.735780e-02,1.461942e-02,9.313978e-03,1.469672e-01,3.641374e-01,1.185435e-03,7.414170e-03,3.604678e-04
4.788117e-02,6.640942e-02,8.068042e-02,2.239688e-02,2.929009e-01,2.539309e-02,6.442209e-03,2.938816e-02,1.539918e-02,8.535732e-03,1.320008e-01,2.618035e-01,9.327945e-04,9.100478e-03,7.351887e-04
6.042481e-02,8.236551e-02,5.933360e-02,2.030227e-02,3.744394e-01,2.370602e-02,5.465849e-03,2.435819e-02,1.567601e-02,8.682967e-03,1.167651e-01,1.930660e-01,8.302016e-04,1.310359e-02,1.480521e-03
8.553284e-02,7.385717e-02,4.367289e-02,2.324683e-02,3.956800e-01,2.442878e-02,3.934850e-03,1.965345e-02,2.598532e-02,1.560460e-02,1.188794e-01,1.458916e-01,9.357708e-04,2.030843e-02,2.388113e-03
1.093360e-01,6.167761e-02,3.240678e-02,3.177882e-02,3.986472e-01,2.508117e-02,2.819607e-03,1.581457e-02,4.454542e-02,1.879425e-02,1.177666e-01,1.102650e-01,1.218484e-03,2.679146e-02,3.057034e-03
1.175873e-01,5.478279e-02,2.783120e-02,3.857815e-02,4.493983e-01,2.941007e-02,2.148612e-03,1.607903e-02,3.595692e-02,1.448809e-02,1.038107e-01,8.386063e-02,1.194290e-03,2.130922e-02,3.564701e-03
1.500605e-01,4.071919e-02,2.239944e-02,2.859750e-02,4.328502e-01,9.314338e-02,1.713226e-03,1.343389e-02,2.588870e-02,1.159891e-02,8.466437e-02,6.828495e-02,9.563490e-04,2.135775e-02,4.331646e-03
1.301082e-01,3.034738e-02,1.792976e-02,2.019040e-02,3.088925e-01,1.784675e-01,1.227011e-03,9.750412e-03,1.826388e-02,1.338290e-02,1.766901e-01,5.617334e-02,7.810699e-04,3.354550e-02,4.250009e-03
1.151547e-01,2.265866e-02,1.595515e-02,1.459636e-02,2.179133e-01,1.452103e-01,9.026108e-04,7.150062e-03,1.336102e-02,1.174004e-02,3.345099e-01,5.497378e-02,7.223117e-04,4.073964e-02,4.412088e-03
8.266603e-02,1.655649e-02,1.264659e-02,1.066814e-02,1.529660e-01,1.048959e-01,6.728369e-04,5.093020e-03,9.926697e-03,9.482953e-03,5.009998e-01,4.945801e-02,6.121380e-04,3.893596e-02,4.419363e-03
5.921093e-02,1.190229e-02,9.537528e-03,7.739163e-03,1.072879e-01,7.501637e-02,5.186368e-04,3.682906e-03,7.460038e-03,8.471154e-03,6.271995e-01,4.385999e-02,5.290618e-04,3.337780e-02,4.206727e-03
4.255845e-02,8.741080e-03,7.628412e-03,5.568568e-03,7.583645e-02,5.492579e-02,4.251995e-04,2.809318e-03,5.892268e-03,7.282922e-03,6.944726e-01,4.881871e-02,4.831420e-04,4.000022e-02,4.556918e-03
3.013651e-02,6.440311e-03,5.973540e-03,4.178173e-03,5.393506e-02,3.919653e-02,3.421700e-04,2.080910e-03,5.372483e-03,6.948891e-03,7.541517e-01,4.611749e-02,4.486229e-04,4.011475e-02,4.562885e-03
2.127506e-02,6.706484e-03,4.926964e-03,3.329358e-03,4.632059e-02,2.857565e-02,1.148715e-03,1.626424e-03,8.650967e-03,2.576772e-02,7.528556e-01,5.585547e-02,5.405120e-04,3.443380e-02,7.986673e-03
1.539149e-02,7.431994e-03,6.142777e-03,3.240856e-03,7.240514e-02,2.252552e-02,3.682079e-03,4.308019e-03,1.908817e-02,2.750416e-02,6.719016e-01,8.759267e-02,9.822441e-04,4.717149e-02,1.063181e-02
1.133370e-02,5.552416e-03,4.651330e-03,2.347216e-03,5.549795e-02,1.674701e-02,3.184669e-03,3.411797e-03,1.614679e-02,1.029916e-01,6.404710e-01,7.560705e-02,1.298301e-03,5.048302e-02,1.027614e-02
8.079385e-03,3.941784e-03,3.285312e-03,1.658372e-03,3.914184e-02,1.343387e-02,2.258181e-03,2.417401e-03,1.164406e-02,1.686965e-01,6.417646e-01,5.553067e-02,9.851690e-04,3.957194e-02,7.590923e-03
5.740458e-03,2.838756e-03,2.325240e-03,1.181074e-03,2.761775e-02,1.224374e-02,1.657408e-03,1.730301e-03,8.601400e-03,2.914082e-01,5.654219e-01,4.231035e-02,8.008972e-04,3.040605e-02,5.716338e-03
4.090942e-03,2.652038e-03,1.662182e-03,8.627445e-04,1.961322e-02,1.084567e-02,1.232097e-03,1.295005e-03,7.197038e-03,4.677585e-01,4.206148e-01,3.413168e-02,6.575904e-04,2.268352e-02,4.702894e-03
2.894647e-03,2.370971e-03,1.200708e-03,6.265260e-04,1.396600e-02,9.365669e-03,9.015993e-04,9.428244e-04,5.831521e-03,5.989745e-01,3.165939e-01,2.590912e-02,6.145295e-04,1.629990e-02,3.507603e-03
2.056927e-03,1.970913e-03,8.692825e-04,4.835862e-04,1.044014e-02,6.669675e-03,6.452097e-04,7.195870e-04,5.489581e-03,7.108362e-01,2.264387e-01,1.872411e-02,6.158116e-04,1.154168e-02,2.498580e-03
1.455483e-03,2.059049e-03,6.567879e-04,4.005637e-04,7.580065e-03,5.465953e-03,4.839541e-04,5.168897e-04,6.282005e-03,7.676053e-01,1.819056e-01,1.454285e-02,9.688961e-04,8.244473e-03,1.832076e-03
1.085982e-03,6.766089e-03,5.526358e-04,7.304726e-04,6.595955e-03,4.679069e-03,4.014797e-04,6.561573e-04,2.896668e-02,7.794160e-01,1.489819e-01,1.237651e-02,1.394598e-03,5.973640e-03,1.422813e-03
1.007739e-03,2.469328e-02,1.032433e-03,6.477425e-03,1.246552e-02,3.635181e-03,3.828633e-04,9.409958e-03,8.009018e-02,6.874275e-01,1.498404e-01,1.303714e-02,4.437129e-03,4.712981e-03,1.350205e-03
7.913589e-04,3.037576e-02,9.105090e-04,3.211111e-02,1.414819e-02,2.899444e-03,3.318794e-04,2.243950e-02,1.567045e-01,5.957921e-01,1.200736e-01,1.354207e-02,5.036612e-03,3.705797e-03,1.137639e-03
7.743614e-04,2.247608e-02,1.262060e-03,4.266980e-02,3.299857e-02,3.873139e-03,3.836865e-04,2.189953e-01,1.322126e-01,4.380541e-01,8.604965e-02,1.122235e-02,4.997903e-03,3.114951e-03,9.154340e-04
1.417544e-03,1.639750e-02,1.966853e-03,3.537697e-02,3.217822e-02,2.840403e-03,3.354410e-04,4.282595e-01,9.698449e-02,3.074364e-01,6.130786e-02,8.482154e-03,4.062453e-03,2.259675e-03,6.945292e-04
1.315685e-03,1.164070e-02,2.355267e-03,2.493073e-02,2.404612e-02,2.028775e-03,2.705841e-04,5.954084e-01,6.836928e-02,2.152493e-01,4.307115e-02,6.052267e-03,3.173792e-03,1.590006e-03,4.979921e-04
1.021973e-03,8.156532e-03,1.727383e-03,1.748417e-02,1.951257e-02,1.449876e-03,2.065231e-04,7.137736e-01,4.790401e-02,1.506748e-01,3.015707e-02,4.239136e-03,2.229807e-03,1.113307e-03,3.492069e-04
8.367733e-04,5.712898e-03,1.250519e-03,1.225705e-02,1.765503e-02,1.084334e-03,1.592781e-04,7.953619e-01,3.354168e-02,1.054725e-01,2.111254e-02,2.967958e-03,1.563319e-03,7.795839e-04,2.446395e-04
8.704464e-04,4.005339e-03,9.040068e-04,8.619205e-03,1.709792e-02,8.501034e-04,1.183418e-04,8.515372e-01,2.348645e-02,7.383088e-02,1.477982e-02,2.078862e-03,1.103792e-03,5.462368e-04,1.713776e-04
1.758845e-03,2.816210e-03,6.503168e-04,6.094327e-03,1.841981e-02,1.045699e-03,9.574792e-05,8.878124e-01,1.644643e-02,5.168202e-02,1.035040e-02,1.459648e-03,8.602804e-04,3.871362e-04,1.207133e-04
4.175966e-03,1.995569e-03,4.846837e-04,4.358276e-03,2.019387e-02,1.079994e-03,7.972012e-05,9.105964e-01,1.152182e-02,3.617852e-02,7.257773e-03,1.039016e-03,6.691684e-04,2.822609e-04,8.690322e-05
4.675379e-03,1.403135e-03,3.485286e-04,3.075528e-03,1.759927e-02,8.334197e-04,7.879883e-05,9.320273e-01,8.075328e-03,2.532542e-02,5.085837e-03,7.322985e-04,4.793973e-04,1.990720e-04,6.130392e-05
5.592935e-03,9.926114e-04,2.573571e-04,2.190771e-03,1.401185e-02,6.832061e-04,9.189996e-05,9.481399e-01,5.665956e-03,1.772930e-02,3.573258e-03,5.325640e-04,3.528716e-04,1.413053e-04,4.420664e-05
7.329290e-03,7.213004e-04,2.239709e-04,1.634075e-03,1.150465e-02,7.088433e-04,1.894857e-04,9.578984e-01,3.989900e-03,1.241740e-02,2.527847e-03,4.210536e-04,2.924627e-04,1.042878e-04,3.702797e-05
1.169256e-02,5.460311e-04,2.450361e-04,1.307057e-03,9.640809e-03,8.290532e-04,3.002944e-04,9.611758e-01,2.857415e-03,8.704515e-03,1.831098e-03,4.309465e-04,3.104804e-04,8.236245e-05,4.652581e-05
1.750100e-02,4.242037e-04,2.831687e-04,1.057954e-03,7.360522e-03,1.444463e-03,4.302328e-04,9.608878e-01,2.062742e-03,6.104588e-03,1.357805e-03,5.249453e-04,4.195415e-04,7.320729e-05,6.777560e-05
3.313110e-02,3.324151e-04,4.416522e-04,9.909880e-04,6.604115e-03,8.486903e-03,1.650077e-03,9.397072e-01,1.520705e-03,4.289236e-03,1.053724e-03,5.998582e-04,1.023594e-03,7.116070e-05,9.732855e-05
4.099114e-02,2.511908e-04,5.363840e-04,1.045109e-03,5.754862e-03,9.865638e-03,1.868018e-03,9.329963e-01,1.108362e-03,3.020498e-03,8.268159e-04,5.475311e-04,1.030914e-03,6.146016e-05,9.572846e-05
6.766636e-02,3.347954e-04,8.449754e-04,2.529635e-03,5.203698e-03,5.460902e-02,1.668692e-03,8.325239e-01,5.388709e-03,2.278707e-03,2.817848e-03,4.033534e-03,1.912943e-02,3.830945e-04,5.875775e-04
5.215768e-02,4.271273e-04,6.204550e-04,2.377348e-03,4.038182e-03,6.144070e-02,1.253287e-03,6.162777e-01,5.627375e-03,1.618834e-03,2.855564e-03,3.863691e-03,2.459912e-01,3.036125e-04,1.147247e-03
4.309560e-02,4.202971e-04,4.936232e-04,2.078000e-03,3.723122e-03,5.339060e-02,1.076163e-03,4.775151e-01,5.238664e-03,1.174016e-03,4.402271e-03,5.746904e-03,3.990545e-01,2.651944e-04,2.325961e-03
3.911558e-02,3.634416e-04,5.402192e-04,1.837184e-03,4.355793e-03,4.549066e-02,1.171225e-03,3.578964e-01,5.559442e-03,8.932711e-04,9.510691e-03,1.170726e-02,5.179025e-01,2.721730e-04,3.384118e-03
3.669161e-02,3.322617e-04,5.590203e-04,1.545735e-03,4.900866e-03,3.502373e-02,1.281113e-03,2.612979e-01,4.768466e-03,7.742131e-04,1.063771e-02,1.300655e-02,6.251867e-01,2.535977e-04,3.740474e-03
3.209890e-02,3.597846e-04,4.827656e-04,1.161791e-03,4.467540e-03,2.587401e-02,1.366526e-03,1.845995e-01,4.065235e-03,6.626225e-04,1.214843e-02,1.838221e-02,7.107524e-01,2.720202e-04,3.306248e-03
2.912260e-02,3.859459e-04,4.049439e-04,8.632215e-04,5.415346e-03,1.896675e-02,1.229480e-03,1.295745e-01,3.923904e-03,6.679797e-04,1.729917e-02,3.257297e-02,7.543029e-01,4.090653e-04,4.861194e-03
2.274690e-02,3.163722e-04,3.038577e-04,6.231210e-04,4.698980e-03,1.399988e-02,1.020190e-03,9.080305e-02,3.241538e-03,6.114925e-04,1.465397e-02,4.782204e-02,7.937023e-01,4.203001e-04,5.035966e-03
2.103422e-02,3.251541e-04,2.547309e-04,4.565145e-04,4.025292e-03,1.235060e-02,8.146679e-04,6.358805e-02,2.798762e-03,1.270240e-03,1.360577e-02,7.073230e-02,8.040695e-01,5.113517e-04,4.162830e-03
1.667925e-02,4.392778e-04,2.449497e-04,3.432611e-04,3.392769e-03,9.253788e-03,5.953125e-04,4.452148e-02,2.877181e-03,4.285392e-03,1.352047e-02,8.391943e-02,8.160032e-01,5.110218e-04,3.413213e-03
1.297458e-02,1.278405e-03,5.035718e-04,2.818383e-04,3.149758e-03,6.801668e-03,5.354739e-04,3.120239e-02,6.586525e-03,9.054247e-03,1.113252e-02,9.446465e-02,8.189195e-01,4.508927e-04,2.663945e-03
1.008207e-02,2.246961e-03,5.300308e-04,3.092215e-04,7.034636e-03,5.210171e-03,1.011514e-03,2.201814e-02,2.206245e-02,4.188479e-02,1.190739e-02,1.649204e-01,7.066905e-01,7.075577e-04,3.384136e-03
8.625980e-03,3.942131e-03,4.849402e-04,3.365673e-04,8.060040e-03,4.347892e-03,9.939146e-04,1.562540e-02,4.440415e-02,8.094127e-02,1.207638e-02,2.354701e-01,5.797918e-01,9.412329e-04,3.958178e-03
8.610330e-03,8.504972e-03,1.069156e-03,4.006946e-04,9.394812e-03,3.990797e-03,1.058579e-03,1.144421e-02,9.159423e-02,1.456109e-01,1.049116e-02,2.684585e-01,4.345094e-01,1.365511e-03,3.496707e-03
6.861046e-03,8.333826e-03,9.557913e-04,4.284043e-04,2.513129e-02,3.982417e-03,1.185063e-03,8.816806e-03,2.394341e-01,1.292450e-01,9.252303e-03,2.499074e-01,3.126134e-01,1.059905e-03,2.793268e-03
6.072735e-03,6.313259e-03,7.550372e-04,4.352288e-04,5.572759e-02,3.130028e-03,1.249859e-03,8.437319e-03,3.138990e-01,1.036825e-01,8.668160e-03,2.596079e-01,2.290452e-01,8.153318e-04,2.160873e-03
4.906083e-03,5.084722e-03,6.898539e-04,3.480443e-04,4.808008e-02,2.785383e-03,1.090881e-03,6.568883e-03,2.982538e-01,8.471376e-02,7.403728e-03,3.726878e-01,1.649475e-01,6.707894e-04,1.768658e-03
5.733184e-03,4.475572e-03,1.754488e-03,7.706688e-04,5.319558e-02,2.601505e-03,1.663481e-03,2.527408e-02,3.321967e-01,6.828827e-02,6.234718e-03,3.723108e-01,1.236444e-01,5.552868e-04,1.301273e-03
1.084647e-02,4.582869e-03,2.673435e-03,1.378897e-03,5.527243e-02,4.897558e-03,2.137012e-03,2.584729e-02,2.990331e-01,6.189372e-02,6.324098e-03,4.272586e-01,9.624502e-02,5.666431e-04,1.042842e-03
1.222783e-02,4.829999e-03,3.567344e-03,1.655061e-03,7.541633e-02,8.311305e-03,2.175385e-03,2.601227e-02,3.368698e-01,5.343514e-02,6.139085e-03,3.906645e-01,7.722631e-02,5.993501e-04,8.703519e-04
9.961234e-03,4.402710e-03,3.196731e-03,1.452052e-03,7.423752e-02,7.755494e-03,2.353628e-03,6.221244e-02,4.309743e-01,3.843818e-02,5.548343e-03,2.986369e-01,5.971517e-02,4.629344e-04,6.524254e-04
9.990530e-03,4.581482e-03,4.180054e-03,2.015980e-03,7.497218e-02,1.037060e-02,4.297981e-03,1.568382e-01,4.344102e-01,2.768490e-02,4.683094e-03,2.200540e-01,4.500014e-02,3.784049e-04,5.422460e-04
9.294140e-03,4.252857e-03,3.363027e-03,1.664205e-03,7.835539e-02,2.352659e-02,8.152803e-03,1.207813e-01,5.390726e-01,1.953667e-02,3.512927e-03,1.554803e-01,3.226712e-02,2.918512e-04,4.482457e-04
1.112240e-02,3.420036e-03,2.602238e-03,2.174260e-03,1.638709e-01,2.463844e-02,2.410017e-02,8.992282e-02,5.282344e-01,1.371369e-02,2.564718e-03,1.103369e-01,2.273524e-02,2.147465e-04,3.490149e-04
1.404277e-02,2.910570e-03,2.046321e-03,3.176942e-03,2.458888e-01,2.037032e-02,2.957952e-02,6.973938e-02,5.054476e-01,9.623392e-03,1.980368e-03,7.874376e-02,1.598505e-02,1.696477e-04,2.955782e-04
1.604385e-02,4.361104e-03,2.621357e-03,1.323547e-02,3.054585e-01,1.675960e-02,4.524116e-02,1.164550e-01,4.044223e-01,6.771818e-03,1.464339e-03,5.530669e-02,1.135183e-02,1.289744e-04,3.780531e-04
2.318046e-02,9.351188e-03,2.486197e-03,1.180845e-02,3.093244e-01,1.664894e-02,4.000203e-02,9.059922e-02,4.418460e-01,4.778799e-03,1.519637e-03,3.987034e-02,8.114954e-03,1.317996e-04,3.376232e-04
2.942816e-02,1.218643e-02,2.658447e-03,1.183497e-02,3.199609e-01,1.601183e-02,3.414314e-02,7.791942e-02,4.514815e-01,3.488250e-03,1.906002e-03,3.255330e-02,5.966613e-03,1.648835e-04,2.962599e-04
5.215655e-02,2.150477e-02,2.778248e-03,2.713403e-02,3.279682e-01,1.240993e-02,2.832973e-02,8.022213e-02,4.143372e-01,2.485541e-03,2.180993e-03,2.365138e-02,4.377404e-03,1.386071e-04,3.253489e-04
7.134329e-02,1.940354e-02,2.422846e-03,2.213411e-02,3.035652e-01,9.471794e-03,2.139197e-02,1.940503e-01,3.302260e-01,1.754741e-03,2.516747e-03,1.804113e-02,3.310149e-03,1.089195e-04,2.593520e-04
9.835449e-02,1.582043e-02,2.486890e-03,1.689801e-02,2.485865e-01,6.990533e-03,1.531477e-02,3.337299e-01,2.417657e-01,1.253378e-03,2.372559e-03,1.336107e-02,2.728263e-03,1.046033e-04,2.328572e-04
1.788902e-01,1.218821e-02,2.460990e-03,1.377540e-02,1.878183e-01,6.340527e-03,1.134243e-02,3.989940e-01,1.720157e-01,9.137173e-04,2.236553e-03,1.012809e-02,2.481256e-03,1.303777e-04,2.843054e-04
1.560501e-01,8.733247e-03,2.109503e-03,1.058416e-02,1.342371e-01,5.985188e-03,8.703060e-03,5.401106e-01,1.210259e-01,6.477041e-04,1.696194e-03,7.608485e-03,2.132715e-03,1.160486e-04,2.600850e-04
1.211975e-01,6.156831e-03,1.713404e-03,7.951039e-03,9.449825e-02,4.557652e-03,6.332325e-03,6.637580e-01,8.476650e-02,4.573491e-04,1.251988e-03,5.451104e-03,1.606406e-03,9.690500e-05,2.047124e-04
9.380154e-02,4.341845e-03,1.413640e-03,6.051510e-03,6.653038e-02,3.553940e-03,4.641593e-03,7.535985e-01,5.937924e-02,3.236086e-04,9.469524e-04,3.928936e-03,1.242282e-03,8.270164e-05,1.634083e-04
7.988576e-02,3.090788e-03,1.233422e-03,4.708303e-03,4.740195e-02,3.092751e-03,3.527856e-03,8.102421e-01,4.171059e-02,2.387453e-04,8.034671e-04,2.851268e-03,9.933761e-04,7.198309e-05,1.476558e-04
7.692207e-02,2.233194e-03,1.289660e-03,3.714251e-03,3.397177e-02,3.283116e-03,3.269286e-03,8.418796e-01,2.925097e-02,1.883238e-04,7.052042e-04,2.183268e-03,8.941031e-04,6.726749e-05,1.479528e-04
6.793174e-02,1.605969e-03,1.298992e-03,3.093024e-03,2.473653e-02,2.711411e-03,2.549897e-03,8.723440e-01,2.050362e-02,1.606313e-04,5.494811e-04,1.618728e-03,6.984451e-04,5.908208e-05,1.385159e-04
5.892156e-02,1.170272e-03,1.256787e-03,2.544590e-03,1.940360e-02,2.315935e-03,2.076526e-03,8.951364e-01,1.440733e-02,1.702859e-04,4.678570e-04,1.282299e-03,6.431552e-04,5.399487e-05,1.494596e-04
6.399260e-02,1.188072e-03,1.385394e-03,2.206800e-03,1.730116e-02,4.507503e-03,1.952998e-03,8.861432e-01,1.040911e-02,8.142518e-04,2.003018e-03,2.679395e-03,4.850761e-03,1.674924e-04,3.982219e-04
