1.000000e+00,0.000000e+00,0.000000e+00,0.000000e+00,0.000000e+00,0.000000e+00,0.000000e+00,0.000000e+00,0.000000e+00,0.000000e+00,0.000000e+00,0.000000e+00,0.000000e+00,0.000000e+00,0.000000e+00
1.000000e+00,0.000000e+00,0.000000e+00,0.000000e+00,0.000000e+00,0.000000e+00,0.000000e+00,0.000000e+00,0.000000e+00,0.000000e+00,0.000000e+00,0.000000e+00,0.000000e+00,0.000000e+00,0.000000e+00
1.000000e+00,0.000000e+00,0.000000e+00,0.000000e+00,0.000000e+00,0.000000e+00,0.000000e+00,0.000000e+00,0.000000e+00,0.000000e+00,0.000000e+00,0.000000e+00,0.000000e+00,0.000000e+00,0.000000e+00
1.000000e+00,0.000000e+00,0.000000e+00,0.000000e+00,0.000000e+00,0.000000e+00,0.000000e+00,0.000000e+00,0.000000e+00,0.000000e+00,0.000000e+00,0.000000e+00,0.000000e+00,0.000000e+00,0.000000e+00
1.000000e+00,0.000000e+00,0.000000e+00,0.000000e+00,0.000000e+00,0.000000e+00,0.000000e+00,0.000000e+00,0.000000e+00,0.000000e+00,0.000000e+00,0.000000e+00,0.000000e+00,0.000000e+00,0.000000e+00
1.000000e+00,0.000000e+00,0.000000e+00,0.000000e+00,0.000000e+00,0.000000e+00,0.000000e+00,0.000000e+00,0.000000e+00,0.000000e+00,0.000000e+00,0.000000e+00,0.000000e+00,0.000000e+00,0.000000e+00
1.000000e+00,0.000000e+00,0.000000e+00,0.000000e+00,0.000000e+00,0.000000e+00,0.000000e+00,0.000000e+00,0.000000e+00,0.000000e+00,0.000000e+00,0.000000e+00,0.000000e+00,0.000000e+00,0.000000e+00
1.000000e+00,0.000000e+00,0.000000e+00,0.000000e+00,0.000000e+00,0.000000e+00,0.000000e+00,0.000000e+00,0.000000e+00,0.000000e+00,0.000000e+00,0.000000e+00,0.000000e+00,0.000000e+00,0.000000e+00
1.000000e+00,0.000000e+00,0.000000e+00,0.000000e+00,0.000000e+00,0.000000e+00,0.000000e+00,0.000000e+00,0.000000e+00,0.000000e+00,0.000000e+00,0.000000e+00,0.000000e+00,0.000000e+00,0.000000e+00
1.000000e+00,0.000000e+00,0.000000e+00,0.000000e+00,0.000000e+00,0.000000e+00,0.000000e+00,0.000000e+00,0.000000e+00,0.000000e+00,0.000000e+00,0.000000e+00,0.000000e+00,0.000000e+00,0.000000e+00
1.000000e+00,0.000000e+00,0.000000e+00,0.000000e+00,0.000000e+00,0.000000e+00,0.000000e+00,0.000000e+00,0.000000e+00,0.000000e+00,0.000000e+00,0.000000e+00,0.000000e+00,0.000000e+00,0.000000e+00
1.000000e+00,0.000000e+00,0.000000e+00,0.000000e+00,0.000000e+00,0.000000e+00,0.000000e+00,0.000000e+00,0.000000e+00,0.000000e+00,0.000000e+00,0.000000e+00,0.000000e+00,0.000000e+00,0.000000e+00
1.000000e+00,0.000000e+00,0.000000e+00,0.000000e+00,0.000000e+00,0.000000e+00,0.000000e+00,0.000000e+00,0.000000e+00,0.000000e+00,0.000000e+00,0.000000e+00,0.000000e+00,0.000000e+00,0.000000e+00
1.000000e+00,0.000000e+00,0.000000e+00,0.000000e+00,0.000000e+00,0.000000e+00,0.000000e+00,0.000000e+00,0.000000e+00,0.000000e+00,0.000000e+00,0.000000e+00,0.000000e+00,0.000000e+00,0.000000e+00
1.000000e+00,0.000000e+00,0.000000e+00,0.000000e+00,0.000000e+00,0.000000e+00,0.000000e+00,0.000000e+00,0.000000e+00,0.000000e+00,0.000000e+00,0.000000e+00,0.000000e+00,0.000000e+00,0.000000e+00
1.000000e+00,0.000000e+00,0.000000e+00,0.000000e+00,0.000000e+00,0.000000e+00,0.000000e+00,0.000000e+00,0.000000e+00,0.000000e+00,0.000000e+00,0.000000e+00,0.000000e+00,0.000000e+00,0.000000e+00
1.000000e+00,0.000000e+00,0.000000e+00,0.000000e+00,0.000000e+00,0.000000e+00,0.000000e+00,0.000000e+00,0.000000e+00,0.000000e+00,0.000000e+00,0.000000e+00,0.000000e+00,0.000000e+00,0.000000e+00
1.000000e+00,0.000000e+00,0.000000e+00,0.000000e+00,0.000000e+00,0.000000e+00,0.000000e+00,0.000000e+00,0.000000e+00,0.000000e+00,0.000000e+00,0.000000e+00,0.000000e+00,0.000000e+00,0.000000e+00
1.000000e+00,0.000000e+00,0.000000e+00,0.000000e+00,0.000000e+00,0.000000e+00,0.000000e+00,0.000000e+00,0.000000e+00,0.000000e+00,0.000000e+00,0.000000e+00,0.000000e+00,0.000000e+00,0.000000e+00
1.000000e+00,0.000000e+00,0.000000e+00,0.000000e+00,0.000000e+00,0.000000e+00,0.000000e+00,0.000000e+00,0.000000e+00,0.000000e+00,0.000000e+00,0.000000e+00,0.000000e+00,0.000000e+00,0.000000e+00
1.000000e+00,0.000000e+00,0.000000e+00,0.000000e+00,0.000000e+00,0.000000e+00,0.000000e+00,0.000000e+00,0.000000e+00,0.000000e+00,0.000000e+00,0.000000e+00,0.000000e+00,0.000000e+00,0.000000e+00
1.000000e+00,0.000000e+00,0.000000e+00,0.000000e+00,0.000000e+00,0.000000e+00,0.000000e+00,0.000000e+00,0.000000e+00,0.000000e+00,0.000000e+00,0.000000e+00,0.000000e+00,0.000000e+00,0.000000e+00
1.000000e+00,0.000000e+00,0.000000e+00,0.000000e+00,0.000000e+00,0.000000e+00,0.000000e+00,0.000000e+00,0.000000e+00,0.000000e+00,0.000000e+00,0.000000e+00,0.000000e+00,0.000000e+00,0.000000e+00
1.000000e+00,0.000000e+00,0.000000e+00,0.000000e+00,0.000000e+00,0.000000e+00,0.000000e+00,0.000000e+00,0.000000e+00,0.000000e+00,0.000000e+00,0.000000e+00,0.000000e+00,0.000000e+00,0.000000e+00
1.000000e+00,0.000000e+00,0.000000e+00,0.000000e+00,0.000000e+00,0.000000e+00,0.000000e+00,0.000000e+00,0.000000e+00,0.000000e+00,0.000000e+00,0.000000e+00,0.000000e+00,0.000000e+00,0.000000e+00
1.000000e+00,0.000000e+00,0.000000e+00,0.000000e+00,0.000000e+00,0.000000e+00,0.000000e+00,0.000000e+00,0.000000e+00,0.000000e+00,0.000000e+00,0.000000e+00,0.000000e+00,0.000000e+00,0.000000e+00
1.000000e+00,0.000000e+00,0.000000e+00,0.000000e+00,0.000000e+00,0.000000e+00,0.000000e+00,0.000000e+00,0.000000e+00,0.000000e+00,0.000000e+00,0.000000e+00,0.000000e+00,0.000000e+00,0.000000e+00
1.000000e+00,0.000000e+00,0.000000e+00,0.000000e+00,0.000000e+00,0.000000e+00,0.000000e+00,0.000000e+00,0.000000e+00,0.000000e+00,0.000000e+00,0.000000e+00,0.000000e+00,0.000000e+00,0.000000e+00
1.000000e+00,0.000000e+00,0.000000e+00,0.000000e+00,0.000000e+00,0.000000e+00,0.000000e+00,0.000000e+00,0.000000e+00,0.000000e+00,0.000000e+00,0.000000e+00,0.000000e+00,0.000000e+00,0.000000e+00
1.000000e+00,0.000000e+00,0.000000e+00,0.000000e+00,0.000000e+00,0.000000e+00,0.000000e+00,0.000000e+00,0.000000e+00,0.000000e+00,0.000000e+00,0.000000e+00,0.000000e+00,0.000000e+00,0.000000e+00
1.000000e+00,0.000000e+00,0.000000e+00,0.000000e+00,0.000000e+00,0.000000e+00,0.000000e+00,0.000000e+00,0.000000e+00,0.000000e+00,0.000000e+00,0.000000e+00,0.000000e+00,0.000000e+00,0.000000e+00
1.000000e+00,0.000000e+00,0.000000e+00,0.000000e+00,0.000000e+00,0.000000e+00,0.000000e+00,0.000000e+00,0.000000e+00,0.000000e+00,0.000000e+00,0.000000e+00,0.000000e+00,0.000000e+00,0.000000e+00
1.000000e+00,0.000000e+00,0.000000e+00,0.000000e+00,0.000000e+00,0.000000e+00,0.000000e+00,0.000000e+00,0.000000e+00,0.000000e+00,0.000000e+00,0.000000e+00,0.000000e+00,0.000000e+00,0.000000e+00
1.000000e+00,0.000000e+00,0.000000e+00,0.000000e+00,0.000000e+00,0.000000e+00,0.000000e+00,0.000000e+00,0.000000e+00,0.000000e+00,0.000000e+00,0.000000e+00,0.000000e+00,0.000000e+00,0.000000e+00
1.000000e+00,0.000000e+00,0.000000e+00,0.000000e+00,0.000000e+00,0.000000e+00,0.000000e+00,0.000000e+00,0.000000e+00,0.000000e+00,0.000000e+00,0.000000e+00,0.000000e+00,0.000000e+00,0.000000e+00
1.000000e+00,0.000000e+00,0.000000e+00,0.000000e+00,0.000000e+00,0.000000e+00,0.000000e+00,0.000000e+00,0.000000e+00,0.000000e+00,0.000000e+00,0.000000e+00,0.000000e+00,0.000000e+00,0.000000e+00
1.000000e+00,0.000000e+00,0.000000e+00,0.000000e+00,0.000000e+00,0.000000e+00,0.000000e+00,0.000000e+00,0.000000e+00,0.000000e+00,0.000000e+00,0.000000e+00,0.000000e+00,0.000000e+00,0.000000e+00
1.000000e+00,0.000000e+00,0.000000e+00,0.000000e+00,0.000000e+00,0.000000e+00,0.000000e+00,0.000000e+00,0.000000e+00,0.000000e+00,0.000000e+00,0.000000e+00,0.000000e+00,0.000000e+00,0.000000e+00
1.000000e+00,0.000000e+00,0.000000e+00,0.000000e+00,0.000000e+00,0.000000e+00,0.000000e+00,0.000000e+00,0.000000e+00,0.000000e+00,0.000000e+00,0.000000e+00,0.000000e+00,0.000000e+00,0.000000e+00
1.000000e+00,0.000000e+00,0.000000e+00,0.000000e+00,0.000000e+00,0.000000e+00,0.000000e+00,0.000000e+00,0.000000e+00,0.000000e+00,0.000000e+00,0.000000e+00,0.000000e+00,0.000000e+00,0.000000e+00
1.000000e+00,0.000000e+00,0.000000e+00,0.000000e+00,0.000000e+00,0.000000e+00,0.000000e+00,0.000000e+00,0.000000e+00,0.000000e+00,0.000000e+00,0.000000e+00,0.000000e+00,0.000000e+00,0.000000e+00
1.000000e+00,0.000000e+00,0.000000e+00,0.000000e+00,0.000000e+00,0.000000e+00,0.000000e+00,0.000000e+00,0.000000e+00,0.000000e+00,0.000000e+00,0.000000e+00,0.000000e+00,0.000000e+00,0.000000e+00
1.000000e+00,0.000000e+00,0.000000e+00,0.000000e+00,0.000000e+00,0.000000e+00,0.000000e+00,0.000000e+00,0.000000e+00,0.000000e+00,0.000000e+00,0.000000e+00,0.000000e+00,0.000000e+00,0.000000e+00
1.000000e+00,0.000000e+00,0.000000e+00,0.000000e+00,0.000000e+00,0.000000e+00,0.000000e+00,0.000000e+00,0.000000e+00,0.000000e+00,0.000000e+00,0.000000e+00,0.000000e+00,0.000000e+00,0.000000e+00
1.000000e+00,0.000000e+00,0.000000e+00,0.000000e+00,0.000000e+00,0.000000e+00,0.000000e+00,0.000000e+00,0.000000e+00,0.000000e+00,0.000000e+00,0.000000e+00,0.000000e+00,0.000000e+00,0.000000e+00
1.000000e+00,0.000000e+00,0.000000e+00,0.000000e+00,0.000000e+00,0.000000e+00,0.000000e+00,0.000000e+00,0.000000e+00,0.000000e+00,0.000000e+00,0.000000e+00,0.000000e+00,0.000000e+00,0.000000e+00
1.000000e+00,0.000000e+00,0.000000e+00,0.000000e+00,0.000000e+00,0.000000e+00,0.000000e+00,0.000000e+00,0.000000e+00,0.000000e+00,0.000000e+00,0.000000e+00,0.000000e+00,0.000000e+00,0.000000e+00
1.000000e+00,0.000000e+00,0.000000e+00,0.000000e+00,0.000000e+00,0.000000e+00,0.000000e+00,0.000000e+00,0.000000e+00,0.000000e+00,0.000000e+00,0.000000e+00,0.000000e+00,0.000000e+00,0.000000e+00
1.000000e+00,0.000000e+00,0.000000e+00,0.000000e+00,0.000000e+00,0.000000e+00,0.000000e+00,0.000000e+00,0.000000e+00,0.000000e+00,0.000000e+00,0.000000e+00,0.000000e+00,0.000000e+00,0.000000e+00
1.000000e+00,0.000000e+00,0.000000e+00,0.000000e+00,0.000000e+00,0.000000e+00,0.000000e+00,0.000000e+00,0.000000e+00,0.000000e+00,0.000000e+00,0.000000e+00,0.000000e+00,0.000000e+00,0.000000e+00
1.000000e+00,0.000000e+00,0.000000e+00,0.000000e+00,0.000000e+00,0.000000e+00,0.000000e+00,0.000000e+00,0.000000e+00,0.000000e+00,0.000000e+00,0.000000e+00,0.000000e+00,0.000000e+00,0.000000e+00
1.000000e+00,0.000000e+00,0.000000e+00,0.000000e+00,0.000000e+00,0.000000e+00,0.000000e+00,0.000000e+00,0.000000e+00,0.000000e+00,0.000000e+00,0.000000e+00,0.000000e+00,0.000000e+00,0.000000e+00
1.000000e+00,0.000000e+00,0.000000e+00,0.000000e+00,0.000000e+00,0.000000e+00,0.000000e+00,0.000000e+00,0.000000e+00,0.000000e+00,0.000000e+00,0.000000e+00,0.000000e+00,0.000000e+00,0.000000e+00
1.000000e+00,0.000000e+00,0.000000e+00,0.000000e+00,0.000000e+00,0.000000e+00,0.000000e+00,0.000000e+00,0.000000e+00,0.000000e+00,0.000000e+00,0.000000e+00,0.000000e+00,0.000000e+00,0.000000e+00
1.000000e+00,0.000000e+00,0.000000e+00,0.000000e+00,0.000000e+00,0.000000e+00,0.000000e+00,0.000000e+00,0.000000e+00,0.000000e+00,0.000000e+00,0.000000e+00,0.000000e+00,0.000000e+00,0.000000e+00
1.000000e+00,0.000000e+00,0.000000e+00,0.000000e+00,0.000000e+00,0.000000e+00,0.000000e+00,0.000000e+00,0.000000e+00,0.000000e+00,0.000000e+00,0.000000e+00,0.000000e+00,0.000000e+00,0.000000e+00
1.000000e+00,0.000000e+00,0.000000e+00,0.000000e+00,0.000000e+00,0.000000e+00,0.000000e+00,0.000000e+00,0.000000e+00,0.000000e+00,0.000000e+00,0.000000e+00,0.000000e+00,0.000000e+00,0.000000e+00
1.000000e+00,0.000000e+00,0.000000e+00,0.000000e+00,0.000000e+00,0.000000e+00,0.000000e+00,0.000000e+00,0.000000e+00,0.000000e+00,0.000000e+00,0.000000e+00,0.000000e+00,0.000000e+00,0.000000e+00
1.000000e+00,0.000000e+00,0.000000e+00,0.000000e+00,0.000000e+00,0.000000e+00,0.000000e+00,0.000000e+00,0.000000e+00,0.000000e+00,0.000000e+00,0.000000e+00,0.000000e+00,0.000000e+00,0.000000e+00
1.000000e+00,0.000000e+00,0.000000e+00,0.000000e+00,0.000000e+00,0.000000e+00,0.000000e+00,0.000000e+00,0.000000e+00,0.000000e+00,0.000000e+00,0.000000e+00,0.000000e+00,0.000000e+00,0.000000e+00
1.000000e+00,0.000000e+00,0.000000e+00,0.000000e+00,0.000000e+00,0.000000e+00,0.000000e+00,0.000000e+00,0.000000e+00,0.000000e+00,0.000000e+00,0.000000e+00,0.000000e+00,0.000000e+00,0.000000e+00
4.397880e-01,1.386470e-02,8.458896e-03,8.021750e-02,3.053374e-01,6.712613e-02,6.383982e-03,2.843735e-02,3.326142e-03,1.533606e-03,7.613860e-03,1.289047e-02,1.216128e-02,2.156036e-03,1.070460e-02
3.104932e-01,1.034837e-02,6.410311e-03,6.527126e-02,4.003921e-01,5.432813e-02,8.271839e-03,2.175939e-02,2.458256e-03,3.731400e-03,8.002113e-02,1.027051e-02,1.421418e-02,1.969495e-03,1.006049e-02
2.177745e-01,7.573002e-03,4.600682e-03,6.550352e-02,2.901950e-01,3.836546e-02,7.786324e-03,1.577438e-02,2.309063e-03,6.448954e-03,2.746632e-01,8.308427e-03,4.425455e-02,1.656827e-03,1.478610e-02
1.529689e-01,5.746647e-03,3.485639e-03,6.325940e-02,2.536666e-01,2.953980e-02,2.403972e-02,1.141194e-02,3.660653e-03,6.593327e-02,2.909117e-01,3.452782e-02,4.001434e-02,8.051201e-03,1.278225e-02
1.073350e-01,5.355811e-03,2.691949e-03,5.163816e-02,2.099222e-01,2.184451e-02,1.761543e-02,9.061283e-03,6.659898e-03,4.965534e-02,3.047966e-01,4.109065e-02,3.363645e-02,1.193976e-01,1.929909e-02
7.528120e-02,4.132985e-03,1.948203e-03,3.804566e-02,1.564100e-01,1.557329e-02,1.244976e-02,6.554829e-03,6.521498e-03,3.686399e-02,2.439244e-01,3.252764e-02,2.555222e-02,3.228616e-01,2.135274e-02
6.047213e-02,9.462479e-03,3.093230e-03,3.829890e-02,1.115516e-01,4.781699e-02,9.024807e-03,5.971822e-03,3.283422e-02,2.838521e-02,2.317527e-01,2.714707e-02,2.524292e-02,3.311689e-01,3.777704e-02
4.476959e-02,9.455338e-03,3.475007e-03,5.696103e-02,8.284659e-02,4.083141e-02,6.670746e-03,4.540191e-03,3.946071e-02,2.174927e-02,2.335685e-01,2.134891e-02,2.345514e-02,3.723610e-01,3.850659e-02
3.856774e-02,1.716115e-02,3.818964e-03,4.932897e-02,5.916554e-02,3.838582e-02,4.839109e-03,3.388143e-03,3.511801e-02,1.786275e-02,2.747202e-01,1.738114e-02,2.637772e-02,3.782645e-01,3.562026e-02
5.268078e-02,2.002967e-02,3.173850e-03,4.234490e-02,4.271178e-02,4.745695e-02,3.660345e-03,3.093359e-03,4.537565e-02,1.796401e-02,2.475557e-01,1.435306e-02,2.497427e-02,4.060788e-01,2.854698e-02
5.995563e-02,3.398770e-02,2.995364e-03,3.230276e-02,3.106775e-02,4.376060e-02,2.878779e-03,2.833231e-03,6.262240e-02,1.988818e-02,2.260352e-01,1.387007e-02,2.213134e-02,4.224148e-01,2.325620e-02
6.299548e-02,4.289933e-02,3.164625e-03,2.393506e-02,2.353220e-02,3.840191e-02,2.233949e-03,2.657728e-03,1.030786e-01,2.082336e-02,1.837079e-01,1.292967e-02,1.873819e-02,4.415250e-01,1.937704e-02
5.742078e-02,6.457374e-02,3.587812e-03,1.724488e-02,1.756569e-02,3.483332e-02,1.642430e-03,2.116351e-03,1.307490e-01,1.778405e-02,1.512058e-01,1.121503e-02,1.418548e-02,4.601581e-01,1.571753e-02
4.707278e-02,6.523290e-02,2.992357e-03,1.287867e-02,1.267857e-02,5.279689e-02,1.249399e-03,1.679065e-03,1.512514e-01,1.498170e-02,1.289868e-01,1.024681e-02,1.215416e-02,4.730359e-01,1.276262e-02
3.538460e-02,5.728678e-02,2.356271e-03,9.485891e-03,9.291519e-03,6.853346e-02,9.192084e-04,1.476966e-03,1.717421e-01,1.297265e-02,1.244036e-01,9.868414e-03,1.175070e-02,4.743520e-01,1.017582e-02
2.716268e-02,6.250807e-02,2.186920e-03,7.205802e-03,7.033031e-03,8.258086e-02,6.996418e-04,1.762509e-03,2.123778e-01,1.192974e-02,1.151031e-01,9.542217e-03,1.109424e-02,4.397342e-01,9.079227e-03
2.033321e-02,4.942602e-02,1.709095e-03,6.131589e-03,5.812948e-03,6.931680e-02,6.007621e-04,2.217304e-03,3.024433e-01,1.191809e-02,1.160922e-01,1.301660e-02,1.455376e-02,3.790569e-01,7.371509e-03
1.476928e-02,4.062277e-02,1.314240e-03,4.636276e-03,5.425386e-03,6.143667e-02,5.612389e-04,2.368635e-03,4.434986e-01,1.082220e-02,9.311134e-02,1.179982e-02,1.364645e-02,2.904032e-01,5.584007e-03
1.056863e-02,3.353596e-02,9.995101e-04,3.455703e-03,5.067522e-03,5.336491e-02,6.194389e-04,1.885120e-03,4.948707e-01,1.066301e-02,7.998408e-02,1.464697e-02,3.227051e-02,2.533911e-01,4.676809e-03
8.124046e-03,3.980714e-02,8.754593e-04,2.680836e-03,6.643678e-03,5.440712e-02,7.573808e-04,2.255615e-03,4.958842e-01,1.138686e-02,7.890913e-02,1.793765e-02,4.212402e-02,2.336337e-01,4.573172e-03
6.983155e-03,3.759288e-02,7.070343e-04,2.238282e-03,8.364707e-03,6.534611e-02,7.992799e-04,2.145119e-03,4.736487e-01,1.051581e-02,7.151685e-02,1.604096e-02,7.821718e-02,2.217319e-01,4.152075e-03
5.812088e-03,4.066712e-02,6.174918e-04,1.752062e-03,1.297393e-02,5.281962e-02,8.373100e-04,2.147597e-03,5.126562e-01,8.096446e-03,7.505672e-02,1.844523e-02,7.326125e-02,1.916445e-01,3.212532e-03
6.134082e-03,4.212297e-02,5.311703e-04,1.396906e-03,1.605429e-02,4.089639e-02,6.738839e-04,2.277452e-03,5.161735e-01,5.921077e-03,1.040222e-01,2.044337e-02,6.214120e-02,1.787915e-01,2.419989e-03
8.968743e-03,3.672597e-02,4.829898e-04,1.232096e-03,1.598271e-02,3.403217e-02,5.062050e-04,3.709813e-03,4.985567e-01,4.296730e-03,1.544438e-01,3.047355e-02,5.535337e-02,1.534306e-01,1.804627e-03
1.046434e-02,3.234627e-02,5.706939e-04,1.272933e-03,1.624044e-02,2.793330e-02,4.202933e-04,3.677003e-03,4.231977e-01,3.313602e-03,1.424982e-01,1.247005e-01,6.874323e-02,1.431581e-01,1.463424e-03
1.134417e-02,2.739907e-02,8.222836e-04,1.412021e-03,1.455174e-02,3.300167e-02,3.360653e-04,3.514044e-03,3.441134e-01,2.734434e-03,1.253382e-01,2.219687e-01,9.932974e-02,1.126555e-01,1.479065e-03
1.099535e-02,1.940747e-02,7.965821e-04,1.216973e-03,1.123812e-02,4.748381e-02,3.074953e-04,3.107935e-03,2.463202e-01,2.554352e-03,1.042647e-01,3.249859e-01,1.422901e-01,8.384819e-02,1.182813e-03
1.180983e-02,1.398561e-02,4.444571e-03,1.366635e-03,1.438879e-02,6.185849e-02,4.527937e-04,3.055765e-03,1.757997e-01,2.930059e-03,9.988524e-02,3.324305e-01,2.153008e-01,6.049905e-02,1.792226e-03
9.993535e-03,9.835093e-03,3.363742e-03,1.382456e-03,1.078791e-02,7.520784e-02,4.868731e-04,2.580064e-03,1.241898e-01,2.835330e-03,9.632677e-02,2.966308e-01,3.166741e-01,4.454499e-02,5.160680e-03
7.506217e-03,6.975934e-03,2.577445e-03,1.170784e-03,7.715079e-03,5.815680e-02,5.147379e-04,1.842426e-03,8.756676e-02,1.832803e-02,9.357132e-02,2.607898e-01,3.883028e-01,3.206193e-02,3.291997e-02
5.916178e-03,4.919157e-03,1.855488e-03,9.714856e-04,5.582874e-03,4.874442e-02,4.603114e-04,1.305901e-03,6.261957e-02,3.147247e-02,9.825894e-02,2.949252e-01,3.749380e-01,2.364519e-02,4.438496e-02
6.315698e-03,3.491898e-03,1.426234e-03,7.811052e-04,4.017014e-03,4.110285e-02,5.216911e-04,9.441437e-04,4.526825e-02,6.699727e-02,8.785541e-02,3.798850e-01,3.065146e-01,1.720349e-02,3.767539e-02
5.783442e-03,2.502144e-03,1.118099e-03,6.274853e-04,3.131715e-03,3.055259e-02,4.419516e-04,7.254251e-04,3.370278e-02,1.388096e-01,9.355709e-02,3.414588e-01,2.869667e-01,1.274206e-02,4.788012e-02
4.696828e-03,1.766802e-03,7.968768e-04,5.567239e-04,2.552690e-03,2.185157e-02,3.478049e-04,5.551364e-04,2.496645e-02,1.782744e-01,9.388675e-02,3.847198e-01,2.347522e-01,9.552738e-03,4.072328e-02
3.447734e-03,1.281907e-03,5.760964e-04,4.458966e-04,1.991804e-03,1.537937e-02,3.230599e-04,4.005776e-04,1.853031e-02,2.953197e-01,7.436715e-02,3.777940e-01,1.739494e-01,6.815820e-03,2.937725e-02
2.550863e-03,9.137020e-04,4.139731e-04,3.725081e-04,1.606907e-03,1.108910e-02,2.656418e-04,3.039066e-04,1.479031e-02,2.576967e-01,6.154460e-02,4.954981e-01,1.274169e-01,4.807212e-03,2.072956e-02
2.052773e-03,7.501587e-04,4.522799e-04,2.924842e-04,1.512477e-03,7.904406e-03,1.934538e-04,2.708793e-04,2.055193e-02,2.069929e-01,4.958584e-02,5.996100e-01,9.187771e-02,3.414753e-03,1.453788e-02
1.705885e-03,6.046442e-04,5.310447e-04,2.731917e-04,2.469542e-03,5.672416e-03,1.737374e-04,4.864557e-04,1.974711e-02,2.089047e-01,4.618339e-02,6.257025e-01,7.484077e-02,2.478242e-03,1.022640e-02
1.303884e-03,6.011821e-04,8.103690e-04,2.313915e-04,1.227172e-02,4.033166e-03,2.310794e-04,5.800092e-04,2.086153e-02,1.902233e-01,3.557363e-02,6.652881e-01,5.885565e-02,1.952458e-03,7.182441e-03
2.118889e-03,4.698798e-04,6.859907e-04,1.885276e-04,9.318496e-03,3.011404e-03,1.949157e-04,5.610269e-04,1.796413e-02,1.656299e-01,2.871529e-02,7.216601e-01,4.287891e-02,1.555492e-03,5.046972e-03
5.987421e-03,7.001607e-04,7.612483e-04,2.218102e-04,8.040307e-03,2.421943e-03,1.977557e-04,1.068195e-03,3.365378e-02,1.372041e-01,2.685368e-02,7.463732e-01,3.172273e-02,1.202620e-03,3.591006e-03
5.400110e-03,5.350612e-04,7.261885e-04,2.400241e-04,1.383439e-02,2.275675e-03,7.432257e-04,3.253412e-03,4.459386e-02,1.182297e-01,2.517128e-02,7.565765e-01,2.483460e-02,1.053294e-03,2.532642e-03
5.383685e-03,4.174101e-04,7.274174e-04,2.341565e-04,1.833673e-02,1.794795e-03,8.939924e-04,4.200243e-03,4.747423e-02,1.664515e-01,2.376900e-02,7.064126e-01,2.094597e-02,1.172426e-03,1.785828e-03
4.343927e-03,3.161704e-04,6.383071e-04,1.861294e-04,1.847765e-02,1.358201e-03,7.554046e-04,4.157914e-03,4.680537e-02,1.572478e-01,1.933200e-02,7.278680e-01,1.631087e-02,9.475151e-04,1.254807e-03
3.413585e-03,3.825138e-04,5.162425e-04,1.476261e-04,1.535745e-02,1.032154e-03,6.031423e-04,4.048855e-03,8.968711e-02,1.150478e-01,1.532413e-02,7.407311e-01,1.212101e-02,7.038853e-04,8.833047e-04
3.198309e-03,8.619375e-04,5.603990e-04,2.913651e-04,1.464293e-02,1.626574e-03,7.743738e-04,1.295148e-02,1.580760e-01,8.853617e-02,1.509907e-02,6.927806e-01,9.423041e-03,5.497853e-04,6.279604e-04
2.934036e-03,6.642612e-04,8.131618e-04,3.846645e-03,1.385160e-02,1.832288e-03,2.207678e-03,2.435481e-01,1.310536e-01,6.522998e-02,1.433019e-02,5.115699e-01,7.278091e-03,3.991241e-04,4.413300e-04
2.126554e-03,5.546492e-04,5.708106e-04,2.711390e-03,1.142175e-02,1.332153e-03,1.623278e-03,1.712257e-01,3.872531e-01,4.573434e-02,1.021904e-02,3.594859e-01,5.151225e-03,2.806563e-04,3.094953e-04
1.571399e-03,4.206213e-04,4.004981e-04,1.902302e-03,1.402438e-02,9.822258e-04,1.163685e-03,1.198761e-01,5.646490e-01,3.203230e-02,7.192223e-03,2.517549e-01,3.616768e-03,1.966187e-04,2.169335e-04
1.893751e-03,3.289442e-04,2.821849e-04,1.344363e-03,4.305398e-02,9.699537e-04,8.317958e-04,8.393607e-02,6.605878e-01,2.249339e-02,5.202813e-03,1.762373e-01,2.545201e-03,1.387461e-04,1.536980e-04
3.471992e-03,2.737892e-04,2.306005e-04,1.106670e-03,1.344166e-01,2.134275e-03,7.645235e-04,5.926306e-02,6.533811e-01,1.583314e-02,3.710461e-03,1.233887e-01,1.803591e-03,1.001753e-04,1.212678e-04
1.186211e-02,2.793575e-04,1.724715e-04,9.173565e-04,1.390152e-01,1.990478e-03,5.846040e-04,4.186641e-02,7.013996e-01,1.121759e-02,2.783148e-03,8.642583e-02,1.285345e-03,8.783372e-05,1.126243e-04
1.748824e-02,3.173120e-04,1.286620e-04,7.199277e-04,1.247255e-01,2.397376e-03,4.631512e-04,2.947361e-02,7.520478e-01,8.323255e-03,2.171703e-03,6.054830e-02,9.319829e-04,8.215322e-05,1.810681e-04
4.054644e-02,5.630452e-04,1.349248e-04,1.015468e-03,1.101683e-01,3.331356e-03,3.923572e-04,2.126868e-02,7.687405e-01,6.246351e-03,2.944655e-03,4.290985e-02,8.781633e-04,1.485417e-04,7.113733e-04
6.152127e-02,1.047366e-03,1.461010e-04,1.540002e-03,9.800625e-02,3.253100e-03,4.306276e-04,1.564027e-02,7.768010e-01,5.213020e-03,2.947492e-03,3.129274e-02,9.456527e-04,2.147291e-04,1.000403e-03
1.013060e-01,1.870420e-03,2.195851e-04,3.206020e-03,8.948769e-02,3.491994e-03,5.483716e-04,1.172003e-02,7.532748e-01,5.061151e-03,3.184114e-03,2.363890e-02,1.169346e-03,3.575822e-04,1.464014e-03
1.847138e-01,4.480245e-03,7.914839e-04,1.846589e-02,7.778140e-02,4.315348e-03,1.467260e-03,1.722256e-02,6.577028e-01,4.425502e-03,4.588545e-03,1.937275e-02,2.434334e-03,4.161436e-04,1.821970e-03
1.640853e-01,3.696809e-03,2.613412e-03,4.112735e-02,9.578186e-02,3.583795e-03,2.068434e-03,1.641134e-01,4.981679e-01,3.277086e-03,3.747741e-03,1.400890e-02,2.028611e-03,3.192775e-04,1.380265e-03
1.704360e-01,3.235012e-03,1.455051e-02,9.639308e-02,1.283601e-01,8.421353e-03,2.972024e-03,1.913619e-01,3.578070e-01,3.144963e-03,6.535788e-03,1.119233e-02,3.901932e-03,3.427963e-04,1.345152e-03
1.210532e-01,3.070265e-03,1.059446e-02,2.886276e-01,9.991331e-02,8.547703e-03,2.143860e-03,1.341712e-01,2.512468e-01,2.723524e-03,7.713324e-03,8.407541e-03,5.991009e-02,2.518090e-04,1.625464e-03
8.563450e-02,2.772925e-03,7.803292e-03,3.842509e-01,7.564242e-02,6.611679e-03,1.616001e-03,9.413165e-02,1.774542e-01,2.629185e-03,7.515697e-03,6.426157e-03,1.448910e-01,1.893828e-04,2.431079e-03
6.076072e-02,2.156937e-03,5.928989e-03,3.167903e-01,5.493873e-02,5.206862e-03,1.389389e-03,6.607299e-02,1.288531e-01,2.216501e-03,7.400739e-03,5.578889e-03,3.390986e-01,1.862548e-04,3.421044e-03
4.306350e-02,1.649602e-03,4.378408e-03,2.332021e-01,4.741261e-02,4.925709e-03,1.287533e-03,4.656276e-02,9.111817e-02,1.684871e-03,8.285237e-03,5.410824e-03,5.050861e-01,1.566275e-04,5.775954e-03
3.097060e-02,1.364705e-03,3.321083e-03,1.649759e-01,4.011093e-02,4.435383e-03,1.197644e-03,3.346125e-02,6.466542e-02,1.279611e-03,6.805647e-03,7.184914e-03,6.340708e-01,1.293872e-04,6.026803e-03
2.445782e-02,1.005428e-03,2.425384e-03,1.156849e-01,2.887025e-02,5.374702e-03,1.428295e-03,2.422125e-02,4.582518e-02,9.687966e-04,4.989429e-03,1.692376e-02,7.230793e-01,1.018303e-04,4.643641e-03
1.964409e-02,7.347084e-04,1.716266e-03,8.104919e-02,2.132248e-02,4.483098e-03,1.163647e-03,1.734907e-02,3.381453e-02,7.144192e-04,3.675865e-03,2.019930e-02,7.905159e-01,7.844366e-05,3.538980e-03
1.607618e-02,5.411195e-04,1.249039e-03,5.679846e-02,1.588614e-02,5.238152e-03,1.436918e-03,1.248994e-02,2.539000e-02,5.986798e-04,2.939479e-03,2.649123e-02,8.320534e-01,8.951891e-05,2.721734e-03
1.513961e-02,4.416531e-04,1.014679e-03,3.985640e-02,1.296091e-02,1.519285e-02,2.052606e-03,9.449439e-03,2.015436e-02,6.121278e-04,2.688253e-03,5.823983e-02,8.193478e-01,1.337425e-04,2.715722e-03
1.336646e-02,3.386637e-04,7.670516e-04,2.793517e-02,1.276373e-02,1.178510e-02,1.846513e-03,6.838365e-03,1.610203e-02,6.218606e-04,2.521971e-03,6.763355e-02,8.341970e-01,1.753650e-04,3.107130e-03
1.456150e-02,3.761479e-04,1.069894e-03,1.963672e-02,1.806961e-02,1.035781e-02,2.086360e-03,5.463378e-03,1.503260e-02,1.204181e-03,5.395988e-03,7.990383e-02,8.188117e-01,3.275684e-04,7.702751e-03
1.241016e-02,5.180221e-04,1.823192e-03,1.382599e-02,1.917652e-02,8.701767e-03,2.365474e-03,5.128168e-03,1.671408e-02,2.337213e-03,8.879609e-03,8.211913e-02,8.164502e-01,4.126593e-04,9.137833e-03
2.004252e-02,1.199619e-03,6.030587e-03,9.982468e-03,2.142063e-02,8.279306e-03,4.226202e-03,1.191173e-02,2.881398e-02,6.882395e-03,1.673103e-02,1.235529e-01,7.076578e-01,1.190336e-03,3.207854e-02
1.582233e-02,9.555094e-04,7.624609e-03,7.118873e-03,3.576018e-02,6.329202e-03,7.784567e-03,1.222776e-01,2.288129e-02,6.370543e-03,2.116555e-02,1.091565e-01,6.028102e-01,1.245437e-03,3.269758e-02
1.744279e-02,7.991978e-04,7.236507e-03,5.680216e-03,2.510326e-01,6.701450e-03,1.153502e-02,9.489993e-02,2.451925e-02,4.837760e-03,2.285076e-02,8.543514e-02,4.409226e-01,1.225513e-03,2.488133e-02
2.554481e-02,1.096666e-03,6.926524e-03,6.016561e-03,3.686465e-01,2.177011e-02,2.241652e-02,7.159279e-02,5.820644e-02,3.435941e-03,2.050337e-02,6.303142e-02,3.111545e-01,9.147089e-04,1.874308e-02
2.538570e-02,1.582385e-03,6.913464e-03,8.019901e-03,4.548966e-01,4.171125e-02,5.810793e-02,5.456749e-02,5.011163e-02,2.471599e-03,1.668830e-02,4.470143e-02,2.206428e-01,7.360376e-04,1.346344e-02
3.742959e-02,3.311030e-03,7.145955e-03,1.454732e-02,5.262285e-01,5.419982e-02,4.982002e-02,4.265062e-02,5.110059e-02,1.882699e-03,1.282983e-02,3.167138e-02,1.560503e-01,6.795260e-04,1.045285e-02
3.563840e-02,2.729176e-03,5.597190e-03,1.819574e-02,5.693254e-01,4.531054e-02,3.986212e-02,8.796142e-02,4.458016e-02,1.341409e-03,9.346229e-03,2.238143e-02,1.098244e-01,5.042502e-04,7.402098e-03
2.946141e-02,1.959279e-03,4.002468e-03,1.399359e-02,5.026844e-01,3.259646e-02,2.937918e-02,2.470293e-01,3.300938e-02,9.455117e-04,6.624589e-03,1.570088e-02,7.705293e-02,3.593529e-04,5.201289e-03
2.126138e-02,1.394505e-03,2.841013e-03,9.976269e-03,3.630838e-01,2.293346e-02,2.096120e-02,4.597601e-01,2.315843e-02,6.697137e-04,4.889556e-03,1.102271e-02,5.410128e-02,2.566614e-04,3.689910e-03
1.534536e-02,1.026452e-03,2.121963e-03,7.632843e-03,2.663084e-01,1.647274e-02,1.512009e-02,6.061831e-01,1.622854e-02,4.965760e-04,4.347170e-03,7.768580e-03,3.811395e-02,1.841600e-04,2.650094e-03
1.239786e-02,7.980214e-04,1.624177e-03,6.278648e-03,2.180199e-01,1.585330e-02,1.100359e-02,6.621768e-01,1.162178e-02,4.183188e-04,2.110829e-02,5.965582e-03,3.024639e-02,1.776245e-04,2.309625e-03
1.003182e-02,6.154848e-04,1.249833e-03,4.956583e-03,1.942463e-01,3.935131e-02,7.924172e-03,6.650469e-01,8.474648e-03,3.866030e-04,2.825275e-02,1.053815e-02,2.637181e-02,6.421495e-04,1.911418e-03
7.470424e-03,6.166700e-04,1.006706e-03,3.785441e-03,1.788879e-01,7.995521e-02,6.311375e-03,4.874007e-01,6.098442e-03,5.871545e-03,6.618588e-02,1.082639e-01,2.241893e-02,2.390525e-02,1.821719e-03
6.870349e-03,5.478385e-04,8.104238e-04,3.104637e-03,1.358499e-01,2.320690e-01,4.650084e-03,3.426309e-01,4.886158e-03,4.798851e-03,9.456626e-02,1.312735e-01,1.776989e-02,1.872399e-02,1.448226e-03
6.584893e-03,5.182213e-04,6.939929e-04,2.430156e-03,1.018968e-01,4.191868e-01,3.541329e-03,2.403183e-01,3.581532e-03,3.747625e-03,7.722169e-02,1.121026e-01,1.291385e-02,1.415570e-02,1.106444e-03
5.587791e-03,1.147284e-03,1.321156e-03,1.957398e-03,7.341601e-02,5.162100e-01,2.617297e-03,1.683809e-01,2.738807e-03,3.097052e-03,6.862248e-02,1.332570e-01,9.592372e-03,1.079905e-02,1.255383e-03
4.307501e-03,1.059144e-03,1.125924e-03,1.529085e-03,5.327637e-02,5.808389e-01,1.908956e-03,1.179533e-01,2.023527e-03,2.554375e-03,6.600131e-02,1.514190e-01,7.117338e-03,7.858407e-03,1.026852e-03
3.165450e-03,2.556849e-03,1.188987e-03,1.182062e-03,3.947597e-02,6.052845e-01,1.424539e-03,8.272059e-02,1.786381e-03,5.447615e-03,5.974215e-02,1.831033e-01,5.929095e-03,6.129738e-03,8.627321e-04
2.428269e-03,2.305230e-03,1.160451e-03,9.372275e-04,2.847935e-02,5.505480e-01,1.162257e-03,5.801430e-02,1.591039e-03,7.659115e-03,8.419254e-02,2.508896e-01,5.113488e-03,4.690536e-03,8.285397e-04
1.840768e-03,3.530328e-03,2.111489e-03,7.718598e-04,2.186234e-02,4.664886e-01,9.979900e-04,4.072614e-02,1.641920e-03,1.147832e-02,8.024719e-02,3.593842e-01,4.067949e-03,3.770065e-03,1.080791e-03
1.382549e-03,2.972191e-03,3.256585e-03,8.752666e-04,1.692031e-02,3.522422e-01,8.550917e-04,2.878291e-02,2.316247e-03,8.810658e-03,1.001223e-01,4.748480e-01,2.995827e-03,2.777743e-03,8.421976e-04
1.078486e-03,2.204491e-03,2.406026e-03,6.988880e-04,1.193073e-02,2.796124e-01,6.515096e-04,2.018021e-02,1.742795e-03,6.568194e-03,1.113904e-01,5.567602e-01,2.170261e-03,1.986395e-03,6.190581e-04
8.016420e-04,1.617163e-03,1.758274e-03,5.079460e-04,8.408627e-03,1.981527e-01,5.047559e-04,1.414095e-02,1.429924e-03,5.751754e-03,1.090934e-01,6.542681e-01,1.706842e-03,1.410153e-03,4.478415e-04
6.421561e-04,1.180757e-03,1.250292e-03,3.647426e-04,5.922575e-03,1.393967e-01,4.333493e-04,9.926369e-03,1.287227e-03,4.938853e-03,1.152803e-01,7.165893e-01,1.449448e-03,1.015854e-03,3.221096e-04
5.424508e-04,9.435128e-04,9.128403e-04,2.648602e-04,4.213184e-03,9.868287e-02,3.736620e-04,6.966690e-03,1.451406e-03,4.947545e-03,1.199357e-01,7.582874e-01,1.463442e-03,7.627872e-04,2.517428e-04
1.335215e-03,1.064995e-03,1.008685e-03,2.888552e-04,4.536210e-03,7.157566e-02,9.296545e-04,5.011666e-03,3.417954e-03,4.406072e-03,1.566274e-01,7.469461e-01,1.771715e-03,6.745099e-04,4.054026e-04
1.160242e-03,1.671234e-03,1.169574e-03,2.241654e-04,3.404224e-03,5.094843e-02,7.949185e-04,3.610429e-03,4.515167e-03,3.642007e-03,1.392369e-01,7.863580e-01,2.181168e-03,6.311520e-04,4.524870e-04
1.304050e-03,1.721390e-03,1.163483e-03,2.067778e-04,2.806690e-03,3.654098e-02,7.317737e-04,2.726187e-03,5.155663e-03,5.815641e-03,1.126080e-01,8.253075e-01,2.604427e-03,7.943324e-04,5.131266e-04
1.448789e-03,4.390148e-03,1.633146e-03,1.762828e-04,3.020343e-03,2.647200e-02,1.014591e-03,2.478164e-03,1.460641e-02,1.077231e-02,1.030755e-01,8.260791e-01,2.786560e-03,1.302878e-03,7.437748e-04
1.585359e-03,5.375220e-03,2.113391e-03,2.225190e-04,4.675524e-03,1.998252e-02,1.376544e-03,2.524806e-03,2.058469e-02,9.671060e-03,1.376405e-01,7.885914e-01,3.055973e-03,1.351186e-03,1.249391e-03
2.353763e-03,1.708263e-02,4.015632e-03,3.057460e-04,9.745150e-03,1.511784e-02,1.550425e-03,9.381359e-03,4.890088e-02,9.367181e-03,1.306383e-01,7.444798e-01,3.551495e-03,1.834061e-03,1.675755e-03
2.194453e-03,2.360506e-02,6.186875e-03,3.342244e-04,2.089825e-02,1.110579e-02,1.601492e-03,1.349659e-02,1.246868e-01,7.458847e-03,1.071609e-01,6.744577e-01,3.357944e-03,1.954813e-03,1.500230e-03
2.588884e-03,2.222520e-02,1.005877e-02,5.477595e-04,4.833731e-02,9.049314e-03,2.093387e-03,3.097087e-02,1.363137e-01,6.587966e-03,8.480415e-02,6.393473e-01,3.590124e-03,2.204666e-03,1.280550e-03
2.743279e-03,2.230769e-02,2.138803e-02,9.554341e-04,6.654464e-02,7.746992e-03,3.645903e-03,8.713333e-02,1.630584e-01,6.124358e-03,7.436618e-02,5.373955e-01,3.219119e-03,2.390993e-03,9.800144e-04
3.102600e-03,2.451431e-02,2.944337e-02,8.708580e-04,1.291468e-01,9.577593e-03,5.519339e-03,8.091655e-02,2.568210e-01,4.545895e-03,5.667466e-02,3.933115e-01,2.764602e-03,2.006276e-03,7.845612e-04
4.409563e-03,1.820829e-02,3.909943e-02,1.594409e-03,1.885012e-01,1.807665e-02,8.050710e-03,1.524270e-01,2.296109e-01,4.246690e-03,4.846930e-02,2.827718e-01,2.354515e-03,1.598833e-03,5.806318e-04
4.524080e-03,1.311633e-02,4.843066e-02,1.843938e-03,2.206692e-01,1.481772e-02,2.005110e-02,2.365613e-01,1.888973e-01,3.389560e-03,3.625168e-02,2.077438e-01,2.053170e-03,1.217975e-03,4.321889e-04
4.152576e-03,9.274466e-03,6.518202e-02,2.252643e-03,1.660267e-01,1.110378e-02,1.605992e-02,4.144211e-01,1.342203e-01,2.609256e-03,2.585314e-02,1.460936e-01,1.570067e-03,8.721341e-04,3.083282e-04
5.027050e-03,6.628809e-03,5.162533e-02,1.743774e-03,1.397064e-01,9.477081e-03,1.802628e-01,3.828853e-01,9.743042e-02,2.472339e-03,1.821265e-02,1.024093e-01,1.240992e-03,6.569266e-04,2.208712e-04
7.375908e-03,4.805936e-03,3.883156e-02,1.522592e-03,1.188990e-01,9.006820e-03,2.632210e-01,3.938249e-01,7.333048e-02,2.689898e-03,1.290588e-02,7.195363e-02,9.190498e-04,5.535825e-04,1.597099e-04
7.155623e-03,3.416538e-03,2.761796e-02,1.288628e-03,9.219521e-02,7.289325e-03,3.592536e-01,3.847432e-01,5.365676e-02,2.354691e-03,9.171768e-03,5.055020e-02,7.497093e-04,4.389019e-04,1.178767e-04
6.789645e-03,2.414952e-03,1.951946e-02,9.707119e-04,6.950843e-02,5.285730e-03,4.812506e-01,3.303913e-01,3.878329e-02,1.942939e-03,6.492603e-03,3.548620e-02,7.464285e-04,3.305652e-04,8.703918e-05
7.260651e-03,1.712268e-03,1.380132e-02,7.661027e-04,6.025487e-02,3.871518e-03,4.747830e-01,3.772193e-01,2.790866e-02,1.484346e-03,4.599468e-03,2.496308e-02,1.066711e-03,2.400860e-04,6.858751e-05
7.697400e-03,1.208405e-03,9.869098e-03,6.066588e-04,5.378960e-02,2.828542e-03,4.728929e-01,4.082779e-01,1.982077e-02,1.092383e-03,3.238299e-03,1.751168e-02,9.355668e-04,1.737076e-04,5.700671e-05
8.829598e-03,8.720035e-04,7.365116e-03,8.847016e-04,4.770377e-02,2.254187e-03,3.706426e-01,5.308987e-01,1.401840e-02,7.979419e-04,2.316779e-03,1.241314e-02,8.141281e-04,1.332351e-04,5.564503e-05
1.470870e-02,6.438979e-04,5.695885e-03,1.352602e-03,4.426844e-02,3.039718e-03,2.990086e-01,6.074016e-01,1.014110e-02,6.514800e-04,2.693533e-03,9.068434e-03,9.777104e-04,1.534161e-04,1.948042e-04
1.884098e-02,4.969105e-04,4.977201e-03,1.339309e-03,4.782625e-02,2.924999e-03,2.519970e-01,6.527524e-01,7.374721e-03,5.914735e-04,2.668236e-03,6.656335e-03,1.103039e-03,1.474161e-04,3.037131e-04
3.105108e-02,5.147004e-04,7.860960e-03,1.896518e-03,4.568870e-02,5.925561e-03,1.836597e-01,7.054355e-01,5.733635e-03,1.202259e-03,2.634590e-03,4.942326e-03,1.229992e-03,1.765055e-04,2.047980e-03
3.128367e-02,7.705011e-04,5.985044e-03,2.199507e-03,3.286131e-02,4.885605e-03,1.293438e-01,5.678138e-01,6.809806e-02,3.936898e-03,9.352410e-02,6.433743e-03,1.611665e-02,2.921308e-02,7.534198e-03
2.341812e-02,7.440612e-04,4.386528e-03,5.838961e-03,2.316634e-02,3.765308e-03,9.072041e-02,4.344153e-01,1.104309e-01,4.665267e-03,1.117339e-01,4.067004e-02,1.707880e-02,1.193395e-01,9.626629e-03
1.731340e-02,9.142425e-04,3.123877e-03,8.752729e-03,1.627983e-02,3.212464e-03,6.355855e-02,3.113080e-01,9.601230e-02,5.631011e-03,1.283022e-01,5.586779e-02,2.266156e-02,2.565701e-01,1.049196e-02
1.235264e-02,8.681541e-04,2.196686e-03,7.444317e-03,1.145184e-02,2.560297e-03,4.451590e-02,2.196832e-01,7.051030e-02,5.501050e-03,1.185401e-01,4.528734e-02,1.889718e-02,4.302710e-01,9.919984e-03
8.927563e-03,1.310206e-03,1.626103e-03,9.778600e-03,8.146977e-03,2.135862e-03,3.118437e-02,1.547855e-01,8.327986e-02,5.436328e-03,1.505262e-01,7.462086e-02,1.454812e-02,4.457193e-01,7.974180e-03
6.882838e-03,1.381309e-03,1.196994e-03,8.822952e-03,5.773896e-03,1.967597e-03,2.184571e-02,1.086358e-01,6.953742e-02,5.758371e-03,1.192170e-01,6.001522e-02,1.054961e-02,5.712327e-01,7.182481e-03
5.746309e-03,1.996020e-02,1.984900e-03,9.422563e-03,4.542877e-03,3.338407e-03,1.539355e-02,7.661518e-02,8.932891e-02,6.505972e-03,9.972766e-02,4.498881e-02,7.874678e-03,6.068079e-01,7.762128e-03
4.159665e-03,1.605835e-02,2.107279e-03,6.645461e-03,3.533992e-03,2.708520e-03,1.078171e-02,5.368228e-02,7.303879e-02,1.084424e-02,7.233969e-02,3.187561e-02,5.689326e-03,7.007459e-01,5.789210e-03
3.006565e-03,1.308776e-02,2.190568e-03,4.689087e-03,2.641144e-03,2.634282e-03,7.550801e-03,3.760540e-02,5.835532e-02,1.082338e-02,5.263125e-02,2.239544e-02,4.130786e-03,7.738814e-01,4.376870e-03
2.366140e-03,1.206226e-02,2.509687e-03,3.925548e-03,1.948468e-03,3.315186e-03,5.294399e-03,2.640241e-02,7.467771e-02,1.057315e-02,4.162901e-02,1.615240e-02,4.506579e-03,7.909922e-01,3.644922e-03
2.772861e-03,1.167807e-02,9.962161e-03,4.341998e-03,1.678707e-03,5.970728e-03,3.802953e-03,1.923784e-02,8.772570e-02,1.587517e-02,5.865841e-02,1.536544e-02,1.680264e-02,7.422234e-01,3.903997e-03
2.893118e-03,1.098796e-02,2.539884e-02,4.181000e-03,1.538254e-03,9.256102e-03,2.816395e-03,1.553473e-02,1.410215e-01,1.892452e-02,8.530951e-02,1.384846e-02,2.694858e-02,6.374360e-01,3.904958e-03
2.998856e-03,1.308770e-02,3.938657e-02,3.595293e-03,2.105281e-03,1.015968e-02,2.257074e-03,1.681488e-02,2.880321e-01,1.965392e-02,7.093250e-02,1.079595e-02,2.687562e-02,4.893147e-01,3.989871e-03
4.450901e-03,2.369715e-02,3.772967e-02,3.309507e-03,3.187131e-03,1.510772e-02,1.779255e-03,2.392454e-02,4.107820e-01,1.938379e-02,5.640611e-02,7.836973e-03,2.088051e-02,3.680029e-01,3.521820e-03
7.742687e-03,3.990011e-02,7.281806e-02,5.170195e-03,6.635762e-03,2.164026e-02,1.626943e-03,2.588546e-02,4.629738e-01,1.870543e-02,4.077590e-02,5.523516e-03,1.495596e-02,2.696049e-01,6.041061e-03
1.568308e-02,4.333837e-02,1.350946e-01,2.313162e-02,1.620398e-02,2.541712e-02,1.726659e-03,2.531630e-02,4.450456e-01,1.865526e-02,2.959562e-02,3.902378e-03,1.061005e-02,1.955377e-01,1.074163e-02
1.738845e-02,4.195409e-02,1.136770e-01,3.183822e-02,1.882632e-02,2.225379e-02,1.558668e-03,1.453833e-01,4.136684e-01,1.372230e-02,2.120704e-02,2.749774e-03,7.601734e-03,1.401302e-01,8.040725e-03
1.450482e-02,3.161883e-02,8.119026e-02,2.398913e-02,1.964700e-02,1.681813e-02,1.351432e-03,3.674941e-01,3.075413e-01,9.659922e-03,1.500930e-02,1.930062e-03,5.362562e-03,9.818031e-02,5.702751e-03
1.270680e-02,2.352629e-02,5.716339e-02,1.733280e-02,2.186988e-02,1.267410e-02,1.112066e-03,5.333249e-01,2.249051e-01,6.777608e-03,1.062973e-02,1.355356e-03,3.797593e-03,6.877174e-02,4.052639e-03
1.461256e-02,1.838619e-02,4.052418e-02,1.280165e-02,1.833150e-02,9.474507e-03,9.900901e-04,6.503372e-01,1.673000e-01,4.784658e-03,7.582419e-03,9.893042e-04,2.720577e-03,4.824112e-02,2.924019e-03
1.755566e-02,1.405810e-02,2.874063e-02,9.263440e-03,1.500776e-02,7.389511e-03,1.109124e-03,7.374769e-01,1.215172e-01,3.407816e-03,5.501490e-03,8.463163e-04,2.048902e-03,3.391223e-02,2.164969e-03
2.177150e-02,1.090543e-02,2.040375e-02,6.741320e-03,1.274638e-02,5.604004e-03,1.014601e-03,7.972788e-01,8.889224e-02,2.438529e-03,4.086148e-03,7.686972e-04,1.577458e-03,2.406389e-02,1.707363e-03
3.090819e-02,8.758994e-03,1.461569e-02,4.960179e-03,1.063515e-02,4.641633e-03,1.254549e-03,8.262744e-01,7.196434e-02,1.812374e-03,3.393759e-03,8.716066e-04,1.425063e-03,1.710852e-02,1.375559e-03
3.891738e-02,7.340789e-03,1.050390e-02,3.644768e-03,8.500713e-03,3.837103e-03,1.365414e-03,8.481584e-01,5.798526e-02,1.330964e-03,2.765367e-03,8.736958e-04,1.315031e-03,1.231178e-02,1.149538e-03
