1.000000e+00,0.000000e+00,0.000000e+00,0.000000e+00,0.000000e+00,0.000000e+00,0.000000e+00,0.000000e+00,0.000000e+00,0.000000e+00,0.000000e+00,0.000000e+00,0.000000e+00,0.000000e+00,0.000000e+00
1.000000e+00,0.000000e+00,0.000000e+00,0.000000e+00,0.000000e+00,0.000000e+00,0.000000e+00,0.000000e+00,0.000000e+00,0.000000e+00,0.000000e+00,0.000000e+00,0.000000e+00,0.000000e+00,0.000000e+00
1.000000e+00,0.000000e+00,0.000000e+00,0.000000e+00,0.000000e+00,0.000000e+00,0.000000e+00,0.000000e+00,0.000000e+00,0.000000e+00,0.000000e+00,0.000000e+00,0.000000e+00,0.000000e+00,0.000000e+00
1.000000e+00,0.000000e+00,0.000000e+00,0.000000e+00,0.000000e+00,0.000000e+00,0.000000e+00,0.000000e+00,0.000000e+00,0.000000e+00,0.000000e+00,0.000000e+00,0.000000e+00,0.000000e+00,0.000000e+00
1.000000e+00,0.000000e+00,0.000000e+00,0.000000e+00,0.000000e+00,0.000000e+00,0.000000e+00,0.000000e+00,0.000000e+00,0.000000e+00,0.000000e+00,0.000000e+00,0.000000e+00,0.000000e+00,0.000000e+00
1.000000e+00,0.000000e+00,0.000000e+00,0.000000e+00,0.000000e+00,0.000000e+00,0.000000e+00,0.000000e+00,0.000000e+00,0.000000e+00,0.000000e+00,0.000000e+00,0.000000e+00,0.000000e+00,0.000000e+00
1.000000e+00,0.000000e+00,0.000000e+00,0.000000e+00,0.000000e+00,0.000000e+00,0.000000e+00,0.000000e+00,0.000000e+00,0.000000e+00,0.000000e+00,0.000000e+00,0.000000e+00,0.000000e+00,0.000000e+00
1.000000e+00,0.000000e+00,0.000000e+00,0.000000e+00,0.000000e+00,0.000000e+00,0.000000e+00,0.000000e+00,0.000000e+00,0.000000e+00,0.000000e+00,0.000000e+00,0.000000e+00,0.000000e+00,0.000000e+00
1.000000e+00,0.000000e+00,0.000000e+00,0.000000e+00,0.000000e+00,0.000000e+00,0.000000e+00,0.000000e+00,0.000000e+00,0.000000e+00,0.000000e+00,0.000000e+00,0.000000e+00,0.000000e+00,0.000000e+00
1.000000e+00,0.000000e+00,0.000000e+00,0.000000e+00,0.000000e+00,0.000000e+00,0.000000e+00,0.000000e+00,0.000000e+00,0.000000e+00,0.000000e+00,0.000000e+00,0.000000e+00,0.000000e+00,0.000000e+00
1.000000e+00,0.000000e+00,0.000000e+00,0.000000e+00,0.000000e+00,0.000000e+00,0.000000e+00,0.000000e+00,0.000000e+00,0.000000e+00,0.000000e+00,0.000000e+00,0.000000e+00,0.000000e+00,0.000000e+00
1.000000e+00,0.000000e+00,0.000000e+00,0.000000e+00,0.000000e+00,0.000000e+00,0.000000e+00,0.000000e+00,0.000000e+00,0.000000e+00,0.000000e+00,0.000000e+00,0.000000e+00,0.000000e+00,0.000000e+00
1.000000e+00,0.000000e+00,0.000000e+00,0.000000e+00,0.000000e+00,0.000000e+00,0.000000e+00,0.000000e+00,0.000000e+00,0.000000e+00,0.000000e+00,0.000000e+00,0.000000e+00,0.000000e+00,0.000000e+00
1.000000e+00,0.000000e+00,0.000000e+00,0.000000e+00,0.000000e+00,0.000000e+00,0.000000e+00,0.000000e+00,0.000000e+00,0.000000e+00,0.000000e+00,0.000000e+00,0.000000e+00,0.000000e+00,0.000000e+00
1.000000e+00,0.000000e+00,0.000000e+00,0.000000e+00,0.000000e+00,0.000000e+00,0.000000e+00,0.000000e+00,0.000000e+00,0.000000e+00,0.000000e+00,0.000000e+00,0.000000e+00,0.000000e+00,0.000000e+00
1.000000e+00,0.000000e+00,0.000000e+00,0.000000e+00,0.000000e+00,0.000000e+00,0.000000e+00,0.000000e+00,0.000000e+00,0.000000e+00,0.000000e+00,0.000000e+00,0.000000e+00,0.000000e+00,0.000000e+00
1.000000e+00,0.000000e+00,0.000000e+00,0.000000e+00,0.000000e+00,0.000000e+00,0.000000e+00,0.000000e+00,0.000000e+00,0.000000e+00,0.000000e+00,0.000000e+00,0.000000e+00,0.000000e+00,0.000000e+00
1.000000e+00,0.000000e+00,0.000000e+00,0.000000e+00,0.000000e+00,0.000000e+00,0.000000e+00,0.000000e+00,0.000000e+00,0.000000e+00,0.000000e+00,0.000000e+00,0.000000e+00,0.000000e+00,0.000000e+00
1.000000e+00,0.000000e+00,0.000000e+00,0.000000e+00,0.000000e+00,0.000000e+00,0.000000e+00,0.000000e+00,0.000000e+00,0.000000e+00,0.000000e+00,0.000000e+00,0.000000e+00,0.000000e+00,0.000000e+00
1.000000e+00,0.000000e+00,0.000000e+00,0.000000e+00,0.000000e+00,0.000000e+00,0.000000e+00,0.000000e+00,0.000000e+00,0.000000e+00,0.000000e+00,0.000000e+00,0.000000e+00,0.000000e+00,0.000000e+00
1.000000e+00,0.000000e+00,0.000000e+00,0.000000e+00,0.000000e+00,0.000000e+00,0.000000e+00,0.000000e+00,0.000000e+00,0.000000e+00,0.000000e+00,0.000000e+00,0.000000e+00,0.000000e+00,0.000000e+00
1.000000e+00,0.000000e+00,0.000000e+00,0.000000e+00,0.000000e+00,0.000000e+00,0.000000e+00,0.000000e+00,0.000000e+00,0.000000e+00,0.000000e+00,0.000000e+00,0.000000e+00,0.000000e+00,0.000000e+00
1.000000e+00,0.000000e+00,0.000000e+00,0.000000e+00,0.000000e+00,0.000000e+00,0.000000e+00,0.000000e+00,0.000000e+00,0.000000e+00,0.000000e+00,0.000000e+00,0.000000e+00,0.000000e+00,0.000000e+00
1.000000e+00,0.000000e+00,0.000000e+00,0.000000e+00,0.000000e+00,0.000000e+00,0.000000e+00,0.000000e+00,0.000000e+00,0.000000e+00,0.000000e+00,0.000000e+00,0.000000e+00,0.000000e+00,0.000000e+00
1.000000e+00,0.000000e+00,0.000000e+00,0.000000e+00,0.000000e+00,0.000000e+00,0.000000e+00,0.000000e+00,0.000000e+00,0.000000e+00,0.000000e+00,0.000000e+00,0.000000e+00,0.000000e+00,0.000000e+00
1.000000e+00,0.000000e+00,0.000000e+00,0.000000e+00,0.000000e+00,0.000000e+00,0.000000e+00,0.000000e+00,0.000000e+00,0.000000e+00,0.000000e+00,0.000000e+00,0.000000e+00,0.000000e+00,0.000000e+00
1.000000e+00,0.000000e+00,0.000000e+00,0.000000e+00,0.000000e+00,0.000000e+00,0.000000e+00,0.000000e+00,0.000000e+00,0.000000e+00,0.000000e+00,0.000000e+00,0.000000e+00,0.000000e+00,0.000000e+00
1.000000e+00,0.000000e+00,0.000000e+00,0.000000e+00,0.000000e+00,0.000000e+00,0.000000e+00,0.000000e+00,0.000000e+00,0.000000e+00,0.000000e+00,0.000000e+00,0.000000e+00,0.000000e+00,0.000000e+00
1.000000e+00,0.000000e+00,0.000000e+00,0.000000e+00,0.000000e+00,0.000000e+00,0.000000e+00,0.000000e+00,0.000000e+00,0.000000e+00,0.000000e+00,0.000000e+00,0.000000e+00,0.000000e+00,0.000000e+00
1.000000e+00,0.000000e+00,0.000000e+00,0.000000e+00,0.000000e+00,0.000000e+00,0.000000e+00,0.000000e+00,0.000000e+00,0.000000e+00,0.000000e+00,0.000000e+00,0.000000e+00,0.000000e+00,0.000000e+00
1.000000e+00,0.000000e+00,0.000000e+00,0.000000e+00,0.000000e+00,0.000000e+00,0.000000e+00,0.000000e+00,0.000000e+00,0.000000e+00,0.000000e+00,0.000000e+00,0.000000e+00,0.000000e+00,0.000000e+00
1.000000e+00,0.000000e+00,0.000000e+00,0.000000e+00,0.000000e+00,0.000000e+00,0.000000e+00,0.000000e+00,0.000000e+00,0.000000e+00,0.000000e+00,0.000000e+00,0.000000e+00,0.000000e+00,0.000000e+00
1.000000e+00,0.000000e+00,0.000000e+00,0.000000e+00,0.000000e+00,0.000000e+00,0.000000e+00,0.000000e+00,0.000000e+00,0.000000e+00,0.000000e+00,0.000000e+00,0.000000e+00,0.000000e+00,0.000000e+00
1.000000e+00,0.000000e+00,0.000000e+00,0.000000e+00,0.000000e+00,0.000000e+00,0.000000e+00,0.000000e+00,0.000000e+00,0.000000e+00,0.000000e+00,0.000000e+00,0.000000e+00,0.000000e+00,0.000000e+00
1.000000e+00,0.000000e+00,0.000000e+00,0.000000e+00,0.000000e+00,0.000000e+00,0.000000e+00,0.000000e+00,0.000000e+00,0.000000e+00,0.000000e+00,0.000000e+00,0.000000e+00,0.000000e+00,0.000000e+00
1.000000e+00,0.000000e+00,0.000000e+00,0.000000e+00,0.000000e+00,0.000000e+00,0.000000e+00,0.000000e+00,0.000000e+00,0.000000e+00,0.000000e+00,0.000000e+00,0.000000e+00,0.000000e+00,0.000000e+00
1.000000e+00,0.000000e+00,0.000000e+00,0.000000e+00,0.000000e+00,0.000000e+00,0.000000e+00,0.000000e+00,0.000000e+00,0.000000e+00,0.000000e+00,0.000000e+00,0.000000e+00,0.000000e+00,0.000000e+00
1.000000e+00,0.000000e+00,0.000000e+00,0.000000e+00,0.000000e+00,0.000000e+00,0.000000e+00,0.000000e+00,0.000000e+00,0.000000e+00,0.000000e+00,0.000000e+00,0.000000e+00,0.000000e+00,0.000000e+00
1.000000e+00,0.000000e+00,0.000000e+00,0.000000e+00,0.000000e+00,0.000000e+00,0.000000e+00,0.000000e+00,0.000000e+00,0.000000e+00,0.000000e+00,0.000000e+00,0.000000e+00,0.000000e+00,0.000000e+00
1.000000e+00,0.000000e+00,0.000000e+00,0.000000e+00,0.000000e+00,0.000000e+00,0.000000e+00,0.000000e+00,0.000000e+00,0.000000e+00,0.000000e+00,0.000000e+00,0.000000e+00,0.000000e+00,0.000000e+00
1.000000e+00,0.000000e+00,0.000000e+00,0.000000e+00,0.000000e+00,0.000000e+00,0.000000e+00,0.000000e+00,0.000000e+00,0.000000e+00,0.000000e+00,0.000000e+00,0.000000e+00,0.000000e+00,0.000000e+00
1.000000e+00,0.000000e+00,0.000000e+00,0.000000e+00,0.000000e+00,0.000000e+00,0.000000e+00,0.000000e+00,0.000000e+00,0.000000e+00,0.000000e+00,0.000000e+00,0.000000e+00,0.000000e+00,0.000000e+00
1.000000e+00,0.000000e+00,0.000000e+00,0.000000e+00,0.000000e+00,0.000000e+00,0.000000e+00,0.000000e+00,0.000000e+00,0.000000e+00,0.000000e+00,0.000000e+00,0.000000e+00,0.000000e+00,0.000000e+00
1.000000e+00,0.000000e+00,0.000000e+00,0.000000e+00,0.000000e+00,0.000000e+00,0.000000e+00,0.000000e+00,0.000000e+00,0.000000e+00,0.000000e+00,0.000000e+00,0.000000e+00,0.000000e+00,0.000000e+00
1.000000e+00,0.000000e+00,0.000000e+00,0.000000e+00,0.000000e+00,0.000000e+00,0.000000e+00,0.000000e+00,0.000000e+00,0.000000e+00,0.000000e+00,0.000000e+00,0.000000e+00,0.000000e+00,0.000000e+00
1.000000e+00,0.000000e+00,0.000000e+00,0.000000e+00,0.000000e+00,0.000000e+00,0.000000e+00,0.000000e+00,0.000000e+00,0.000000e+00,0.000000e+00,0.000000e+00,0.000000e+00,0.000000e+00,0.000000e+00
1.000000e+00,0.000000e+00,0.000000e+00,0.000000e+00,0.000000e+00,0.000000e+00,0.000000e+00,0.000000e+00,0.000000e+00,0.000000e+00,0.000000e+00,0.000000e+00,0.000000e+00,0.000000e+00,0.000000e+00
1.000000e+00,0.000000e+00,0.000000e+00,0.000000e+00,0.000000e+00,0.000000e+00,0.000000e+00,0.000000e+00,0.000000e+00,0.000000e+00,0.000000e+00,0.000000e+00,0.000000e+00,0.000000e+00,0.000000e+00
1.000000e+00,0.000000e+00,0.000000e+00,0.000000e+00,0.000000e+00,0.000000e+00,0.000000e+00,0.000000e+00,0.000000e+00,0.000000e+00,0.000000e+00,0.000000e+00,0.000000e+00,0.000000e+00,0.000000e+00
1.000000e+00,0.000000e+00,0.000000e+00,0.000000e+00,0.000000e+00,0.000000e+00,0.000000e+00,0.000000e+00,0.000000e+00,0.000000e+00,0.000000e+00,0.000000e+00,0.000000e+00,0.000000e+00,0.000000e+00
1.000000e+00,0.000000e+00,0.000000e+00,0.000000e+00,0.000000e+00,0.000000e+00,0.000000e+00,0.000000e+00,0.000000e+00,0.000000e+00,0.000000e+00,0.000000e+00,0.000000e+00,0.000000e+00,0.000000e+00
1.000000e+00,0.000000e+00,0.000000e+00,0.000000e+00,0.000000e+00,0.000000e+00,0.000000e+00,0.000000e+00,0.000000e+00,0.000000e+00,0.000000e+00,0.000000e+00,0.000000e+00,0.000000e+00,0.000000e+00
1.000000e+00,0.000000e+00,0.000000e+00,0.000000e+00,0.000000e+00,0.000000e+00,0.000000e+00,0.000000e+00,0.000000e+00,0.000000e+00,0.000000e+00,0.000000e+00,0.000000e+00,0.000000e+00,0.000000e+00
1.000000e+00,0.000000e+00,0.000000e+00,0.000000e+00,0.000000e+00,0.000000e+00,0.000000e+00,0.000000e+00,0.000000e+00,0.000000e+00,0.000000e+00,0.000000e+00,0.000000e+00,0.000000e+00,0.000000e+00
1.000000e+00,0.000000e+00,0.000000e+00,0.000000e+00,0.000000e+00,0.000000e+00,0.000000e+00,0.000000e+00,0.000000e+00,0.000000e+00,0.000000e+00,0.000000e+00,0.000000e+00,0.000000e+00,0.000000e+00
1.000000e+00,0.000000e+00,0.000000e+00,0.000000e+00,0.000000e+00,0.000000e+00,0.000000e+00,0.000000e+00,0.000000e+00,0.000000e+00,0.000000e+00,0.000000e+00,0.000000e+00,0.000000e+00,0.000000e+00
1.000000e+00,0.000000e+00,0.000000e+00,0.000000e+00,0.000000e+00,0.000000e+00,0.000000e+00,0.000000e+00,0.000000e+00,0.000000e+00,0.000000e+00,0.000000e+00,0.000000e+00,0.000000e+00,0.000000e+00
1.000000e+00,0.000000e+00,0.000000e+00,0.000000e+00,0.000000e+00,0.000000e+00,0.000000e+00,0.000000e+00,0.000000e+00,0.000000e+00,0.000000e+00,0.000000e+00,0.000000e+00,0.000000e+00,0.000000e+00
1.000000e+00,0.000000e+00,0.000000e+00,0.000000e+00,0.000000e+00,0.000000e+00,0.000000e+00,0.000000e+00,0.000000e+00,0.000000e+00,0.000000e+00,0.000000e+00,0.000000e+00,0.000000e+00,0.000000e+00
1.000000e+00,0.000000e+00,0.000000e+00,0.000000e+00,0.000000e+00,0.000000e+00,0.000000e+00,0.000000e+00,0.000000e+00,0.000000e+00,0.000000e+00,0.000000e+00,0.000000e+00,0.000000e+00,0.000000e+00
1.000000e+00,0.000000e+00,0.000000e+00,0.000000e+00,0.000000e+00,0.000000e+00,0.000000e+00,0.000000e+00,0.000000e+00,0.000000e+00,0.000000e+00,0.000000e+00,0.000000e+00,0.000000e+00,0.000000e+00
4.602996e-01,9.758277e-03,6.945592e-02,2.272258e-01,5.243546e-03,1.668795e-02,3.382866e-03,3.661912e-02,2.907418e-03,1.615228e-03,9.235284e-02,3.007330e-02,3.314669e-02,1.902605e-03,9.328847e-03
3.230071e-01,6.969701e-03,4.889498e-02,3.341067e-01,4.992548e-03,1.185903e-02,2.400288e-03,2.692642e-02,3.469540e-03,1.320104e-03,9.703794e-02,9.854310e-02,3.216992e-02,1.713128e-03,6.589501e-03
2.270774e-01,4.920945e-03,3.441099e-02,2.765956e-01,4.348690e-03,8.707268e-03,1.797855e-03,1.940783e-02,2.939506e-03,1.284971e-03,1.181974e-01,2.674806e-01,2.593173e-02,2.233795e-03,4.665424e-03
1.603122e-01,3.479938e-03,2.437817e-02,1.976220e-01,6.741734e-03,7.297374e-03,1.346429e-03,1.394312e-02,3.616436e-03,9.980528e-04,9.529223e-02,4.593903e-01,2.027105e-02,1.975854e-03,3.335028e-03
1.126554e-01,2.480931e-03,1.736947e-02,1.406201e-01,1.859626e-02,7.895431e-03,1.021785e-03,1.017571e-02,3.821706e-03,1.120309e-03,7.470301e-02,5.904803e-01,1.518567e-02,1.458210e-03,2.415772e-03
7.905332e-02,1.766014e-03,1.230422e-02,9.957752e-02,2.532769e-02,8.465318e-03,7.462132e-04,7.366175e-03,3.605935e-03,1.019279e-03,6.090419e-02,6.851270e-01,1.195012e-02,1.063113e-03,1.723873e-03
5.670858e-02,1.302243e-03,8.651017e-03,7.023695e-02,3.791254e-02,7.462309e-03,5.516680e-04,5.200269e-03,3.929523e-03,1.388737e-03,4.679862e-02,7.485173e-01,9.265610e-03,7.846145e-04,1.289946e-03
4.047604e-02,9.684211e-04,6.082517e-03,4.955047e-02,3.797870e-02,6.714925e-03,4.045107e-04,3.686469e-03,3.435007e-03,1.383887e-03,3.614357e-02,8.047549e-01,6.892910e-03,5.783915e-04,9.493373e-04
2.869587e-02,7.326474e-04,4.283222e-03,3.520559e-02,3.655872e-02,6.330985e-03,2.963623e-04,2.612414e-03,2.996385e-03,1.478584e-03,3.596452e-02,8.385819e-01,5.032588e-03,4.700813e-04,7.601808e-04
2.050923e-02,5.385994e-04,3.006421e-03,2.537023e-02,4.090119e-02,4.883915e-03,2.146811e-04,1.853980e-03,2.499985e-03,1.460509e-03,2.831509e-02,8.656751e-01,3.686570e-03,4.575204e-04,6.269796e-04
1.483429e-02,4.208856e-04,2.112897e-03,1.832480e-02,4.995330e-02,3.688493e-03,1.583701e-04,1.316635e-03,2.268296e-03,1.494584e-03,2.181902e-02,8.799562e-01,2.685828e-03,4.330941e-04,5.332392e-04
1.297044e-02,4.083476e-04,1.518423e-03,1.315549e-02,7.822409e-02,4.088672e-03,1.241450e-04,1.086794e-03,2.975996e-03,1.514177e-03,1.723657e-02,8.639412e-01,1.949630e-03,3.393258e-04,4.667267e-04
1.031793e-02,3.531341e-04,1.075579e-03,9.754820e-03,6.870626e-02,3.325734e-03,9.276119e-05,8.584165e-04,2.858888e-03,1.352579e-03,1.362112e-02,8.855726e-01,1.430334e-03,2.755292e-04,4.043370e-04
8.209226e-03,4.911794e-04,8.213767e-04,7.424738e-03,7.364276e-02,3.317178e-03,7.435492e-05,8.112651e-04,3.047747e-03,1.280743e-03,1.310590e-02,8.859065e-01,1.075634e-03,2.705113e-04,5.208296e-04
5.846785e-03,7.460887e-04,6.659322e-04,5.298637e-03,9.550299e-02,2.703005e-03,1.365042e-04,6.960043e-04,2.700461e-03,1.189069e-03,1.125282e-02,8.717084e-01,7.893051e-04,2.565749e-04,5.073723e-04
4.206866e-03,6.310163e-04,5.653785e-04,3.760273e-03,1.044148e-01,2.072202e-03,1.562511e-04,8.141941e-04,2.814016e-03,9.517980e-04,9.242044e-03,8.691453e-01,6.029726e-04,2.420994e-04,3.807995e-04
3.152533e-03,4.923397e-04,4.884059e-04,2.664683e-03,9.439988e-02,1.884460e-03,3.266097e-04,1.164661e-03,2.646087e-03,7.726038e-04,7.333720e-03,8.835921e-01,5.883779e-04,2.201649e-04,2.733376e-04
2.582129e-03,4.166506e-04,4.671903e-04,1.906654e-03,1.066652e-01,2.106388e-03,8.184707e-04,1.944334e-03,2.854096e-03,7.214047e-04,6.527748e-03,8.719583e-01,6.019975e-04,2.219149e-04,2.075786e-04
2.249420e-03,8.679832e-04,8.088536e-04,1.430070e-03,1.337933e-01,9.578831e-03,2.684165e-03,2.362478e-03,3.123391e-03,7.452756e-04,8.152992e-03,8.330798e-01,6.696744e-04,2.266735e-04,2.269757e-04
2.672476e-03,1.464613e-03,1.391141e-03,1.095334e-03,1.895992e-01,1.024999e-02,4.676987e-03,3.566276e-03,5.477324e-03,6.782849e-04,8.626560e-03,7.690347e-01,9.178201e-04,2.698747e-04,2.792505e-04
2.865459e-03,2.383614e-03,2.341034e-03,8.707292e-04,2.126079e-01,1.032597e-02,5.408423e-03,4.813812e-03,6.882475e-03,6.511925e-04,9.671593e-03,7.392868e-01,1.221623e-03,3.004662e-04,3.688489e-04
5.296902e-03,2.773913e-03,3.417962e-03,8.210991e-04,2.943460e-01,8.707151e-03,5.459919e-03,9.462277e-03,8.102106e-03,8.667019e-04,1.152726e-02,6.459166e-01,2.229833e-03,5.985097e-04,4.736783e-04
1.409350e-02,2.777154e-03,7.719025e-03,8.317136e-04,3.344140e-01,1.142396e-02,6.890675e-03,2.725160e-02,1.254182e-02,1.114835e-03,1.839400e-02,5.564016e-01,4.752100e-03,8.124317e-04,5.815831e-04
1.401003e-02,2.440597e-03,6.667572e-03,7.140407e-04,4.337708e-01,9.519309e-03,8.215035e-03,3.118919e-02,3.678400e-02,1.093304e-03,2.580326e-02,4.239857e-01,4.553179e-03,7.472100e-04,5.066880e-04
2.385235e-02,2.365876e-03,6.817885e-03,8.449060e-04,4.352647e-01,1.414353e-02,9.500880e-03,5.978519e-02,9.616204e-02,1.137648e-03,3.502413e-02,3.097635e-01,3.943704e-03,8.359067e-04,5.577485e-04
3.379596e-02,1.865578e-03,9.101056e-03,2.943507e-03,4.234995e-01,1.714537e-02,8.916608e-03,1.279114e-01,7.973061e-02,1.148775e-03,5.516575e-02,2.306085e-01,6.792529e-03,8.820078e-04,4.928499e-04
3.933809e-02,1.379181e-03,1.102135e-02,3.618387e-03,3.182000e-01,1.634292e-02,6.745592e-02,2.743283e-01,5.790905e-02,9.988479e-04,4.071476e-02,1.622457e-01,5.412587e-03,6.656010e-04,3.693532e-04
5.245572e-02,1.041550e-03,9.345257e-03,3.716556e-03,2.419437e-01,2.069693e-02,1.147752e-01,3.640783e-01,4.161269e-02,9.443011e-04,2.995612e-02,1.141612e-01,4.437782e-03,5.242574e-04,3.105122e-04
5.789061e-02,8.106169e-04,8.194790e-03,3.995633e-03,1.769102e-01,2.238619e-02,1.492242e-01,4.410073e-01,3.012506e-02,9.427532e-04,2.225424e-02,8.115074e-02,4.379199e-03,4.435289e-04,2.849750e-04
7.919382e-02,1.530574e-03,7.921929e-03,5.964966e-03,1.836434e-01,2.067678e-02,1.133590e-01,4.742368e-01,2.685246e-02,8.910381e-04,1.913504e-02,6.057287e-02,5.241563e-03,4.346764e-04,3.450161e-04
9.978402e-02,1.488240e-03,8.373121e-03,8.876355e-03,1.690494e-01,1.850187e-02,9.073340e-02,5.164773e-01,1.951268e-02,9.076337e-04,1.544958e-02,4.488077e-02,5.178274e-03,4.293410e-04,3.580200e-04
8.796407e-02,1.212360e-03,6.630743e-03,8.936131e-03,1.510099e-01,1.365675e-02,6.582953e-02,6.002630e-01,1.455877e-02,7.540425e-04,1.200552e-02,3.232978e-02,4.174326e-03,3.519203e-04,3.231128e-04
7.225217e-02,1.033574e-03,5.265889e-03,8.000543e-03,1.524647e-01,1.024695e-02,4.871666e-02,6.536953e-01,1.100359e-02,6.256017e-04,9.230905e-03,2.342077e-02,3.460027e-03,3.053503e-04,2.779242e-04
7.046191e-02,9.013352e-04,4.460817e-03,6.917293e-03,1.205386e-01,1.095966e-02,3.517751e-02,7.138289e-01,8.395734e-03,4.584586e-04,6.894857e-03,1.745060e-02,2.929713e-03,3.492117e-04,2.753372e-04
5.785456e-02,7.213061e-04,3.317744e-03,5.518113e-03,1.054413e-01,8.435352e-03,2.539327e-02,7.668557e-01,6.174296e-03,3.344404e-04,4.930038e-03,1.232812e-02,2.224688e-03,2.639965e-04,2.070949e-04
4.907912e-02,6.495796e-04,2.757185e-03,4.787403e-03,9.007889e-02,7.883388e-03,1.858145e-02,8.066214e-01,4.472141e-03,2.702322e-04,3.636400e-03,8.904230e-03,1.867198e-03,2.232959e-04,1.881757e-04
4.580230e-02,6.928295e-04,2.692451e-03,4.545765e-03,7.307483e-02,2.826509e-02,1.358410e-02,8.136604e-01,3.315278e-03,2.730181e-04,3.247892e-03,7.117994e-03,3.193228e-03,2.360459e-04,2.988142e-04
3.612650e-02,5.627392e-04,2.074125e-03,3.981349e-03,5.287129e-02,2.126202e-02,9.825804e-03,6.896043e-01,2.590311e-03,3.530405e-03,2.954726e-02,2.451438e-02,1.169860e-01,3.945602e-03,2.577831e-03
2.563004e-02,4.275999e-04,1.480639e-03,3.084954e-03,3.733199e-02,1.510821e-02,7.036052e-03,5.104946e-01,1.951167e-03,6.494898e-03,8.406895e-02,1.537449e-01,8.987687e-02,6.136542e-02,1.903634e-03
1.820331e-02,3.156623e-04,1.076412e-03,2.413100e-03,2.631745e-02,1.081899e-02,5.041265e-03,3.610909e-01,1.652064e-03,7.275379e-03,8.908856e-02,3.329896e-01,6.609654e-02,7.622064e-02,1.400116e-03
1.346187e-02,2.770805e-04,8.914706e-04,1.860549e-03,1.866430e-02,7.862889e-03,3.678587e-03,2.566310e-01,3.146945e-03,8.524586e-03,8.291472e-02,4.307482e-01,4.851669e-02,1.217209e-01,1.100192e-03
1.107309e-02,3.480162e-04,7.480052e-04,1.457126e-03,1.335575e-02,6.427052e-03,2.715604e-03,1.813703e-01,3.297358e-03,9.032119e-03,1.398910e-01,4.527863e-01,3.532134e-02,1.412420e-01,9.349090e-04
9.739252e-03,6.319241e-04,6.974648e-04,1.275600e-03,1.032883e-02,7.171740e-03,2.104692e-03,1.275495e-01,7.852441e-03,7.924648e-03,1.345990e-01,5.308465e-01,2.592407e-02,1.325360e-01,8.183692e-04
8.558897e-03,2.115300e-03,1.900071e-03,1.478968e-03,1.207489e-02,6.389773e-03,1.797047e-03,9.050718e-02,1.428615e-02,9.108781e-03,2.256985e-01,4.640483e-01,1.919621e-02,1.419579e-01,8.819891e-04
6.850429e-03,2.285278e-03,2.100792e-03,1.537906e-03,1.934094e-02,4.946711e-03,1.546990e-03,6.485654e-02,1.465526e-02,1.532237e-02,2.709109e-01,3.964988e-01,1.514691e-02,1.830947e-01,9.054902e-04
6.049491e-03,2.099187e-02,7.775690e-03,2.221384e-03,5.899068e-02,5.781941e-03,1.313327e-03,4.954949e-02,2.467123e-02,1.526609e-02,2.594439e-01,3.649688e-01,1.267088e-02,1.691857e-01,1.119623e-03
5.225725e-03,1.738273e-02,8.990609e-03,2.342878e-03,5.739390e-02,5.079598e-03,1.221424e-03,3.566991e-02,4.822192e-02,1.447937e-02,2.743675e-01,3.380287e-01,1.086064e-02,1.790885e-01,1.646690e-03
5.207829e-03,1.321926e-02,8.308221e-03,2.403723e-03,5.001413e-02,7.028778e-03,1.262197e-03,2.545276e-02,6.186879e-02,1.563236e-02,3.514978e-01,2.883914e-01,9.591317e-03,1.582873e-01,1.834204e-03
6.127113e-03,1.726891e-02,1.692220e-02,3.259846e-03,6.267282e-02,1.062362e-02,1.017150e-03,1.904402e-02,8.734570e-02,2.030570e-02,3.678423e-01,2.278538e-01,8.681616e-03,1.487033e-01,2.331893e-03
8.543674e-03,2.096672e-02,1.555090e-02,2.816145e-03,4.638096e-02,1.121130e-02,8.459769e-04,1.382285e-02,9.139499e-02,1.898747e-02,4.574788e-01,1.818854e-01,8.048242e-03,1.191639e-01,2.902652e-03
9.245567e-03,1.791743e-02,1.184152e-02,2.371569e-03,3.437801e-02,1.079021e-02,7.225977e-04,9.983734e-03,7.934706e-02,1.439619e-02,5.754685e-01,1.367303e-01,7.020064e-03,8.731385e-02,2.473400e-03
1.108934e-02,1.688754e-02,9.976641e-03,3.013469e-03,5.087636e-02,1.332355e-02,2.643207e-03,8.219802e-03,1.846802e-01,1.536046e-02,4.898409e-01,9.854621e-02,9.367384e-03,8.376610e-02,2.408857e-03
1.052202e-02,1.690709e-02,9.182716e-03,3.889254e-03,5.141621e-02,2.150871e-02,2.831044e-03,8.263018e-03,2.214807e-01,2.227155e-02,4.705286e-01,7.190733e-02,1.058912e-02,7.558601e-02,3.116657e-03
2.066946e-02,5.635820e-02,1.062649e-02,6.240203e-03,4.659581e-02,3.801351e-02,2.704739e-03,1.027451e-02,2.856074e-01,1.892975e-02,3.766984e-01,5.243734e-02,1.090062e-02,5.741898e-02,6.524715e-03
1.693354e-02,7.888897e-02,1.025343e-02,3.249157e-02,4.158944e-02,3.447668e-02,2.449096e-03,9.497628e-03,3.724208e-01,1.932624e-02,2.707817e-01,3.929329e-02,1.118912e-02,4.158684e-02,1.882173e-02
1.419068e-02,7.254186e-02,8.075117e-03,2.473205e-02,3.545069e-02,3.991744e-02,2.266077e-03,1.688258e-02,4.835935e-01,1.538512e-02,1.999926e-01,2.957163e-02,1.044938e-02,3.018367e-02,1.676768e-02
1.221600e-02,6.756075e-02,8.039856e-03,3.802897e-02,3.407486e-02,3.629417e-02,1.942161e-03,2.882715e-02,5.377879e-01,1.488664e-02,1.415681e-01,2.120280e-02,9.171817e-03,2.207100e-02,2.632785e-02
1.263655e-02,6.078183e-02,7.368744e-03,3.107858e-02,6.219755e-02,5.393492e-02,2.050376e-03,3.026309e-02,5.638415e-01,1.104230e-02,9.998217e-02,1.556082e-02,8.929302e-03,1.616680e-02,2.416551e-02
1.346656e-02,5.714643e-02,7.038036e-03,1.484377e-01,5.830014e-02,4.030986e-02,1.614584e-03,3.932319e-02,4.923368e-01,8.914919e-03,7.399127e-02,1.201933e-02,8.205061e-03,1.164889e-02,2.724719e-02
3.371153e-02,4.517390e-02,6.194877e-03,1.374636e-01,7.815690e-02,3.495250e-02,1.833212e-03,9.240217e-02,4.556415e-01,7.662045e-03,5.514447e-02,1.019466e-02,7.716218e-03,8.654865e-03,2.509753e-02
5.832935e-02,3.323677e-02,5.358270e-03,1.055652e-01,1.293139e-01,3.537150e-02,3.447948e-03,1.008399e-01,4.387959e-01,6.251924e-03,4.030364e-02,8.206863e-03,6.989053e-03,6.721274e-03,2.126848e-02
1.280875e-01,3.022992e-02,4.396753e-03,7.902720e-02,1.399185e-01,4.124889e-02,3.319470e-03,7.371875e-02,4.317792e-01,4.525429e-03,2.985798e-02,6.229074e-03,5.622296e-03,5.368915e-03,1.667007e-02
2.314709e-01,2.561182e-02,3.422525e-03,6.362066e-02,1.389655e-01,3.916536e-02,3.888623e-03,6.194032e-02,3.719587e-01,3.604859e-03,2.343360e-02,6.775644e-03,5.753589e-03,4.610308e-03,1.577761e-02
2.894238e-01,3.286522e-02,3.727122e-03,5.300359e-02,1.199506e-01,3.517366e-02,3.586266e-03,4.787603e-02,3.549912e-01,3.115836e-03,2.051691e-02,9.572675e-03,6.878495e-03,4.931918e-03,1.438671e-02
2.554036e-01,2.776595e-02,3.803251e-03,3.908182e-02,9.574942e-02,5.352130e-02,3.847510e-03,1.982920e-01,2.770421e-01,2.251305e-03,1.563939e-02,7.787206e-03,5.786167e-03,3.598981e-03,1.042998e-02
2.723314e-01,2.193579e-02,5.372829e-03,2.881723e-02,7.435473e-02,1.026015e-01,4.271857e-03,2.134556e-01,2.368627e-01,1.724220e-03,1.277658e-02,8.053545e-03,6.173970e-03,3.085803e-03,8.182298e-03
2.230682e-01,8.357482e-02,1.844636e-02,5.740913e-02,7.574313e-02,8.537266e-02,5.018092e-03,1.695362e-01,2.015088e-01,5.500597e-03,2.255256e-02,2.027623e-02,1.566856e-02,2.884821e-03,1.343980e-02
2.004877e-01,6.669335e-02,1.558689e-02,6.728739e-02,7.000179e-02,7.150248e-02,9.345987e-03,1.498315e-01,1.541629e-01,8.339760e-03,7.258164e-02,4.499588e-02,4.693050e-02,3.687866e-03,1.856443e-02
3.064844e-01,5.158217e-02,1.464288e-02,5.609624e-02,5.433528e-02,6.024343e-02,8.190182e-03,1.200415e-01,1.125707e-01,8.461284e-03,6.314136e-02,5.536740e-02,6.229356e-02,7.129851e-03,1.941984e-02
3.122324e-01,4.090666e-02,1.378714e-02,4.213504e-02,4.006259e-02,4.644296e-02,6.637381e-03,1.036761e-01,8.761667e-02,3.594549e-02,7.478447e-02,5.984308e-02,8.658931e-02,3.117349e-02,1.816725e-02
2.956800e-01,3.180302e-02,1.126574e-02,3.101079e-02,2.931562e-02,3.460874e-02,5.449469e-03,8.095253e-02,7.789145e-02,8.291677e-02,9.479884e-02,6.991683e-02,8.886679e-02,4.866335e-02,1.686008e-02
2.962873e-01,2.980006e-02,1.080868e-02,2.860509e-02,2.353338e-02,2.873867e-02,4.869676e-03,7.424246e-02,7.271027e-02,6.238678e-02,1.408007e-01,6.980775e-02,7.249037e-02,6.919236e-02,1.572652e-02
2.977391e-01,2.525292e-02,9.834738e-03,2.469975e-02,1.978276e-02,2.404507e-02,4.491393e-03,7.119479e-02,6.617825e-02,4.928624e-02,1.422114e-01,7.787696e-02,6.891306e-02,1.037677e-01,1.472592e-02
3.423021e-01,2.123894e-02,8.332432e-03,2.339858e-02,1.667139e-02,1.965822e-02,3.890608e-03,5.666596e-02,6.852624e-02,3.985389e-02,1.477502e-01,6.539583e-02,5.046451e-02,1.202007e-01,1.565047e-02
2.497508e-01,1.730704e-02,6.548719e-03,1.674886e-02,1.303567e-02,1.452210e-02,2.836927e-03,4.035224e-02,6.036036e-02,4.422088e-02,2.688869e-01,5.253572e-02,3.719752e-02,1.635476e-01,1.214875e-02
2.526287e-01,1.692337e-02,5.643933e-03,1.573265e-02,1.235835e-02,1.242701e-02,2.316710e-03,3.187498e-02,5.780477e-02,3.417850e-02,2.977200e-01,4.330652e-02,2.925384e-02,1.765142e-01,1.131657e-02
2.129250e-01,1.561572e-02,4.801604e-03,1.226374e-02,1.386421e-02,1.025823e-02,1.890716e-03,2.336022e-02,4.946833e-02,2.695777e-02,3.317262e-01,3.652007e-02,2.345223e-02,2.279755e-01,8.920451e-03
2.861518e-01,1.586597e-02,7.424518e-03,1.136336e-02,1.268262e-02,1.118263e-02,1.837179e-03,1.796179e-02,4.456680e-02,2.044843e-02,2.845466e-01,3.211240e-02,1.881874e-02,2.267827e-01,8.254501e-03
2.251933e-01,1.583990e-02,9.579076e-03,9.805902e-03,1.214590e-02,9.171585e-03,1.374614e-03,1.305826e-02,9.244888e-02,1.602120e-02,2.481793e-01,3.081750e-02,1.515411e-02,2.931155e-01,8.095001e-03
1.654797e-01,1.506389e-02,1.325862e-02,8.437249e-03,1.021219e-02,8.397534e-03,1.087723e-03,9.836409e-03,1.742171e-01,1.205858e-02,1.994286e-01,2.480145e-02,1.119007e-02,3.390865e-01,7.444385e-03
1.403402e-01,1.643015e-02,1.695393e-02,9.840403e-03,8.471880e-03,9.824301e-03,1.167707e-03,8.870078e-03,2.463798e-01,9.844739e-03,1.654661e-01,2.224478e-02,8.638088e-03,3.261516e-01,9.376228e-03
1.055096e-01,1.745232e-02,1.607573e-02,8.281770e-03,7.223059e-03,1.071480e-02,9.061326e-04,6.789967e-03,3.221287e-01,8.694665e-03,1.317233e-01,1.791700e-02,6.663551e-03,3.289932e-01,1.092614e-02
7.692935e-02,1.609488e-02,1.397696e-02,6.453018e-03,5.717468e-03,1.148636e-02,6.833680e-04,5.193464e-03,4.012986e-01,6.778100e-03,1.057151e-01,1.369658e-02,4.955717e-03,3.211938e-01,9.827138e-03
5.559394e-02,1.465512e-02,1.156322e-02,5.118134e-03,4.284436e-03,1.108191e-02,4.908670e-04,3.824108e-03,4.937382e-01,5.506135e-03,8.272934e-02,1.001447e-02,3.646163e-03,2.892585e-01,8.495362e-03
4.158697e-02,1.288397e-02,1.073604e-02,3.961402e-03,3.590765e-03,9.673037e-03,3.590311e-04,3.350004e-03,4.988167e-01,4.129621e-03,6.419081e-02,7.158909e-03,2.668095e-03,3.296806e-01,7.214030e-03
3.245135e-02,1.059796e-02,9.567694e-03,2.980150e-03,2.877328e-03,8.680603e-03,2.587338e-04,2.826533e-03,4.481223e-01,3.145989e-03,5.141988e-02,5.248114e-03,1.977277e-03,4.133508e-01,6.495265e-03
3.272616e-02,8.906677e-03,9.209581e-03,2.812025e-03,2.803872e-03,9.407286e-03,2.066199e-04,3.380528e-03,4.459144e-01,2.484576e-03,5.199073e-02,3.985041e-03,1.527481e-03,4.181821e-01,6.462945e-03
2.798256e-02,7.156356e-03,8.437629e-03,2.383493e-03,2.645772e-03,8.055454e-03,1.620602e-04,3.856150e-03,4.138165e-01,1.927474e-03,4.948916e-02,2.888850e-03,1.134182e-03,4.646119e-01,5.452430e-03
3.886957e-02,5.860585e-03,1.597190e-02,6.910852e-03,3.840263e-03,9.698331e-03,2.131116e-04,1.485678e-02,4.258546e-01,1.753633e-03,3.914028e-02,2.353135e-03,1.046296e-03,4.280505e-01,5.580142e-03
6.264068e-02,4.526946e-03,1.710969e-02,7.245819e-03,4.047538e-03,8.927523e-03,2.418142e-04,1.822155e-02,3.846298e-01,2.980442e-03,3.024945e-02,2.839470e-03,1.430769e-03,4.482563e-01,6.652141e-03
9.073810e-02,3.441670e-03,1.544192e-02,6.567826e-03,3.940888e-03,7.459926e-03,3.511795e-04,2.070444e-02,3.331223e-01,4.469540e-03,2.693600e-02,3.584050e-03,1.670162e-03,4.750441e-01,6.527944e-03
9.668888e-02,3.041465e-03,1.563610e-02,5.362631e-03,3.791182e-03,6.344958e-03,4.652496e-04,1.817228e-02,3.640307e-01,4.441562e-03,2.342608e-02,2.906424e-03,1.527704e-03,4.485151e-01,5.649719e-03
1.000233e-01,2.678977e-03,1.307117e-02,4.218681e-03,5.567522e-03,6.275612e-03,5.512228e-04,1.387955e-02,3.484572e-01,4.835091e-03,2.204976e-02,2.282258e-03,1.468821e-03,4.698843e-01,4.756586e-03
1.061773e-01,7.334825e-03,1.199871e-02,7.097554e-03,2.352273e-02,8.048043e-03,1.196478e-03,3.301570e-02,3.025309e-01,5.669462e-03,2.082057e-02,4.030071e-03,4.337611e-03,4.573119e-01,6.908093e-03
1.185107e-01,2.415914e-02,1.023817e-02,7.506347e-03,2.333491e-02,2.354884e-02,1.966348e-03,4.343636e-02,2.896256e-01,5.107714e-03,1.790825e-02,3.897168e-03,4.786816e-03,4.182696e-01,7.704011e-03
1.175177e-01,6.201140e-02,9.389098e-03,1.049393e-02,2.866382e-02,5.709830e-02,1.883634e-03,4.265993e-02,3.035320e-01,4.664641e-03,1.614705e-02,3.913731e-03,6.424926e-03,3.267699e-01,8.829990e-03
1.129192e-01,8.586276e-02,8.508250e-03,1.026965e-02,3.620293e-02,1.600903e-01,2.046623e-03,3.251478e-02,2.625312e-01,5.358496e-03,1.377295e-02,3.864960e-03,6.708967e-03,2.500664e-01,9.282592e-03
1.340449e-01,1.003060e-01,6.501894e-03,1.040245e-02,3.320538e-02,2.477652e-01,2.309837e-03,2.518645e-02,2.112585e-01,7.285066e-03,1.026546e-02,4.609495e-03,1.781959e-02,1.780791e-01,1.096079e-02
2.032011e-01,8.317012e-02,5.504052e-03,1.110086e-02,2.763792e-02,2.930583e-01,2.435450e-03,2.022490e-02,1.728779e-01,6.134214e-03,8.850086e-03,7.638413e-03,1.643750e-02,1.260622e-01,1.566693e-02
3.688200e-01,6.178353e-02,1.341401e-02,1.462149e-02,2.212168e-02,2.234534e-01,2.893090e-03,1.789395e-02,1.286486e-01,4.893886e-03,7.602656e-03,9.412041e-03,1.936146e-02,8.925990e-02,1.582036e-02
4.771430e-01,4.541571e-02,1.411101e-02,1.377636e-02,1.694603e-02,1.810057e-01,4.890350e-03,1.522790e-02,9.409997e-02,3.912055e-03,6.467244e-03,1.273611e-02,3.559266e-02,6.343041e-02,1.524561e-02
4.009818e-01,5.846857e-02,1.529130e-02,7.961632e-02,1.684783e-02,1.388339e-01,4.735681e-03,1.188004e-02,1.167059e-01,5.086775e-03,8.003589e-03,1.862453e-02,5.769654e-02,4.629567e-02,2.093163e-02
3.643327e-01,4.819227e-02,1.738060e-02,8.764671e-02,1.780812e-02,1.260567e-01,4.567024e-03,1.014174e-02,1.004376e-01,4.338616e-03,8.938013e-03,1.953804e-02,1.372967e-01,3.294419e-02,2.038099e-02
3.163104e-01,3.672343e-02,1.340534e-02,7.041118e-02,1.563872e-02,1.043274e-01,5.051915e-03,1.105791e-02,8.870308e-02,3.504383e-03,9.377853e-03,2.296662e-02,2.608252e-01,2.361321e-02,1.808336e-02
2.511515e-01,2.913957e-02,9.974221e-03,5.706484e-02,1.239296e-02,7.919686e-02,4.243491e-03,1.114203e-02,9.491396e-02,4.489639e-03,1.287357e-02,2.507646e-02,3.718928e-01,1.757935e-02,1.886882e-02
2.010390e-01,2.203432e-02,8.087223e-03,4.192150e-02,1.079688e-02,5.932613e-02,3.735497e-03,1.024811e-02,7.318512e-02,3.968146e-03,1.219592e-02,2.529544e-02,5.001439e-01,1.309421e-02,1.492856e-02
1.745537e-01,2.107519e-02,1.928759e-02,1.163782e-01,1.407218e-02,4.500266e-02,3.476121e-03,9.911856e-03,9.901085e-02,4.962550e-03,1.406664e-02,4.077823e-02,4.132878e-01,9.619408e-03,1.451701e-02
2.088671e-01,1.764238e-02,1.734535e-02,9.709236e-02,1.952788e-02,3.927718e-02,4.700548e-03,1.128472e-02,8.714481e-02,6.168458e-03,2.503853e-02,6.218790e-02,3.813325e-01,8.547536e-03,1.384272e-02
1.509435e-01,1.627883e-02,1.341536e-02,7.010324e-02,2.573403e-02,2.875236e-02,3.473338e-03,8.719583e-03,9.962545e-02,1.462685e-02,8.310715e-02,9.810221e-02,3.454952e-01,2.730982e-02,1.431312e-02
1.100167e-01,1.366081e-02,1.177217e-02,5.044729e-02,2.352539e-02,2.122362e-02,2.738765e-03,8.031929e-03,9.233536e-02,2.193222e-02,1.555056e-01,1.034542e-01,2.685557e-01,1.026743e-01,1.412587e-02
8.004177e-02,1.171521e-02,1.055124e-02,3.715966e-02,2.601739e-02,1.546276e-02,2.349300e-03,7.977810e-03,9.346458e-02,1.919287e-02,2.920726e-01,8.746777e-02,1.978364e-01,1.068333e-01,1.185730e-02
5.855881e-02,1.144386e-02,9.152813e-03,2.744123e-02,2.929841e-02,1.121018e-02,2.017728e-03,6.816099e-03,1.723195e-01,1.752334e-02,2.658353e-01,1.082826e-01,1.421630e-01,1.285010e-01,9.436165e-03
4.382960e-02,1.000741e-02,8.419931e-03,2.238598e-02,4.177067e-02,9.362351e-03,2.315970e-03,7.931517e-03,2.819441e-01,1.991103e-02,2.082247e-01,1.052485e-01,1.011169e-01,1.292256e-01,8.305593e-03
5.117581e-02,9.814365e-03,8.348483e-03,1.842515e-02,3.576603e-02,1.035688e-02,2.254248e-03,7.534893e-03,2.991925e-01,1.651606e-02,2.074663e-01,9.903276e-02,7.314448e-02,1.523465e-01,8.625589e-03
7.402030e-02,1.038413e-02,8.987110e-03,2.179814e-02,3.236802e-02,1.130476e-02,2.185015e-03,1.046804e-02,3.440866e-01,1.403291e-02,1.959556e-01,7.332187e-02,5.202619e-02,1.411268e-01,7.934494e-03
6.640802e-02,8.621797e-03,8.636083e-03,2.782237e-02,2.532068e-02,1.282725e-02,1.809072e-03,8.558859e-03,4.346492e-01,1.679232e-02,1.537308e-01,5.726486e-02,3.885506e-02,1.264917e-01,1.221190e-02
4.781517e-02,7.796257e-03,7.971163e-03,2.590302e-02,1.959657e-02,1.242962e-02,1.298888e-03,6.563183e-03,4.452811e-01,1.620715e-02,1.572675e-01,4.469745e-02,4.161756e-02,1.463548e-01,1.920053e-02
3.508123e-02,6.070073e-03,7.895295e-03,3.162175e-02,1.696284e-02,1.097775e-02,1.010744e-03,5.141249e-03,4.772803e-01,1.390966e-02,1.423308e-01,3.744682e-02,4.684013e-02,1.425314e-01,2.489999e-02
2.523048e-02,4.507610e-03,6.195388e-03,2.998159e-02,1.421492e-02,1.039067e-02,8.404029e-04,4.896226e-03,3.588574e-01,1.350561e-02,2.174924e-01,5.216764e-02,8.666762e-02,1.545572e-01,2.049479e-02
1.893338e-02,4.458928e-03,1.217113e-02,7.272900e-02,2.621086e-02,1.169486e-02,1.070901e-03,6.567376e-03,3.267460e-01,1.244050e-02,1.797536e-01,4.006817e-02,9.232724e-02,1.663903e-01,2.843763e-02
1.600296e-02,3.842892e-03,2.190812e-02,1.273076e-01,5.720694e-02,1.240442e-02,1.268200e-03,2.219502e-02,2.358307e-01,1.608569e-02,1.500442e-01,4.161685e-02,9.212382e-02,1.790121e-01,2.315044e-02
1.283087e-02,6.577406e-03,1.797448e-02,9.314556e-02,5.033680e-02,1.317845e-02,1.971587e-03,1.866651e-02,4.009251e-01,1.253392e-02,1.101590e-01,3.228366e-02,7.385794e-02,1.363764e-01,1.918237e-02
1.525401e-02,9.435194e-03,2.102569e-02,7.060747e-02,4.860339e-02,2.265704e-02,4.063231e-03,1.887917e-02,4.509968e-01,1.438568e-02,8.369098e-02,2.682197e-02,6.941470e-02,1.220551e-01,2.210964e-02
1.396642e-02,1.010329e-02,2.541927e-02,6.349059e-02,6.157731e-02,3.467098e-02,6.349722e-03,3.621776e-02,4.934167e-01,1.123456e-02,6.050327e-02,2.111935e-02,5.704770e-02,8.703493e-02,1.784806e-02
1.251488e-02,9.804763e-03,3.047238e-02,2.353326e-01,5.270567e-02,2.716321e-02,4.844719e-03,2.778345e-02,3.773311e-01,1.252923e-02,7.171717e-02,1.606710e-02,4.245975e-02,6.130765e-02,1.796625e-02
1.245403e-02,1.058863e-02,2.920390e-02,2.521899e-01,4.348291e-02,3.010632e-02,4.143579e-03,2.238764e-02,3.171489e-01,1.892137e-02,1.281823e-01,1.365737e-02,4.030468e-02,4.402094e-02,3.320751e-02
9.450665e-03,9.226725e-03,2.975229e-02,2.451436e-01,3.186687e-02,2.223452e-02,3.082537e-03,1.631598e-02,2.863044e-01,2.093088e-02,1.717429e-01,1.257662e-02,5.626997e-02,3.356268e-02,5.153948e-02
7.990789e-03,7.862858e-03,2.783433e-02,1.818818e-01,3.017760e-02,1.988552e-02,3.476077e-03,1.466043e-02,2.151689e-01,2.232364e-02,2.960757e-01,1.246011e-02,8.514866e-02,2.664900e-02,4.840454e-02
8.429400e-03,7.977789e-03,2.382477e-02,1.362327e-01,2.462246e-02,1.589223e-02,3.111695e-03,2.412219e-02,2.152035e-01,2.297799e-02,2.662326e-01,1.220248e-02,1.311471e-01,3.267494e-02,7.534815e-02
1.122404e-02,8.483034e-03,2.677041e-02,1.204678e-01,2.323249e-02,1.463307e-02,3.004545e-03,5.994723e-02,1.866477e-01,2.114261e-02,2.219476e-01,1.202388e-02,1.468403e-01,2.688385e-02,1.167515e-01
2.098097e-02,1.071028e-02,2.356558e-02,1.332368e-01,2.157541e-02,1.309257e-02,2.715832e-03,5.265035e-02,2.387564e-01,2.043827e-02,1.694161e-01,1.181863e-02,1.358413e-01,2.275454e-02,1.224472e-01
2.491822e-02,1.547844e-02,2.381724e-02,1.346491e-01,2.441849e-02,1.305447e-02,3.367308e-03,4.165589e-02,2.525755e-01,1.591527e-02,1.338255e-01,1.044557e-02,1.003645e-01,3.764701e-02,1.678675e-01
7.201636e-02,2.185513e-02,2.167540e-02,1.129747e-01,2.461534e-02,1.319784e-02,3.039872e-03,3.217886e-02,2.263966e-01,1.645203e-02,1.499704e-01,1.431515e-02,8.635075e-02,4.393892e-02,1.610226e-01
7.850583e-02,1.728658e-02,1.633626e-02,8.267134e-02,1.989347e-02,1.123643e-02,2.343938e-03,2.351685e-02,1.696930e-01,1.442412e-02,1.949237e-01,1.507725e-02,6.810854e-02,1.679986e-01,1.179841e-01
9.664237e-02,1.522762e-02,1.215340e-02,6.054663e-02,1.481445e-02,1.071170e-02,2.021579e-03,1.714099e-02,1.747347e-01,2.101367e-02,2.029352e-01,1.895363e-02,5.627940e-02,2.107828e-01,8.604182e-02
1.035614e-01,1.507835e-02,1.179400e-02,4.531112e-02,1.209491e-02,1.358651e-02,1.988675e-03,1.242536e-02,2.228323e-01,1.717174e-02,2.076943e-01,2.153770e-02,4.644091e-02,2.044779e-01,6.400482e-02
7.983669e-02,2.043417e-02,1.032527e-02,3.209845e-02,8.886675e-03,1.219064e-02,1.442208e-03,8.776649e-03,2.664109e-01,1.281895e-02,1.626342e-01,1.728946e-02,3.368402e-02,2.858905e-01,4.728125e-02
5.681659e-02,2.452578e-02,8.369326e-03,2.258852e-02,6.386739e-03,1.030701e-02,1.017872e-03,6.160804e-03,2.592147e-01,9.841323e-03,1.373832e-01,1.297308e-02,2.391171e-02,3.855115e-01,3.499192e-02
4.026823e-02,2.618139e-02,7.159685e-03,1.593396e-02,4.570334e-03,9.811021e-03,7.186341e-04,4.343182e-03,3.402135e-01,7.925233e-03,1.109639e-01,9.818146e-03,1.698578e-02,3.791207e-01,2.598634e-02
2.843856e-02,2.012200e-02,5.291260e-03,1.134225e-02,3.315431e-03,8.009713e-03,5.067249e-04,3.077228e-03,4.749026e-01,6.306290e-03,8.878809e-02,7.534707e-03,1.211270e-02,3.114358e-01,1.881661e-02
2.057525e-02,1.597947e-02,4.442685e-03,8.148553e-03,2.585288e-03,6.668456e-03,3.654928e-04,2.277032e-03,5.713645e-01,4.946700e-03,6.910487e-02,5.784386e-03,8.618834e-03,2.650263e-01,1.411214e-02
2.302884e-02,1.254660e-02,3.936582e-03,7.150923e-03,3.401485e-03,1.170654e-02,3.594659e-04,3.098009e-03,6.385694e-01,5.763256e-03,5.673022e-02,5.193517e-03,7.576691e-03,2.098180e-01,1.112057e-02
1.971605e-02,1.133398e-02,3.558847e-03,7.163107e-03,3.230774e-03,1.131031e-02,2.775964e-04,3.425128e-03,6.804411e-01,8.075824e-03,5.455811e-02,5.531326e-03,8.183966e-03,1.737846e-01,9.409329e-03
