1.000000e+00,0.000000e+00,0.000000e+00,0.000000e+00,0.000000e+00,0.000000e+00,0.000000e+00,0.000000e+00,0.000000e+00,0.000000e+00,0.000000e+00,0.000000e+00,0.000000e+00,0.000000e+00,0.000000e+00
1.000000e+00,0.000000e+00,0.000000e+00,0.000000e+00,0.000000e+00,0.000000e+00,0.000000e+00,0.000000e+00,0.000000e+00,0.000000e+00,0.000000e+00,0.000000e+00,0.000000e+00,0.000000e+00,0.000000e+00
1.000000e+00,0.000000e+00,0.000000e+00,0.000000e+00,0.000000e+00,0.000000e+00,0.000000e+00,0.000000e+00,0.000000e+00,0.000000e+00,0.000000e+00,0.000000e+00,0.000000e+00,0.000000e+00,0.000000e+00
1.000000e+00,0.000000e+00,0.000000e+00,0.000000e+00,0.000000e+00,0.000000e+00,0.000000e+00,0.000000e+00,0.000000e+00,0.000000e+00,0.000000e+00,0.000000e+00,0.000000e+00,0.000000e+00,0.000000e+00
1.000000e+00,0.000000e+00,0.000000e+00,0.000000e+00,0.000000e+00,0.000000e+00,0.000000e+00,0.000000e+00,0.000000e+00,0.000000e+00,0.000000e+00,0.000000e+00,0.000000e+00,0.000000e+00,0.000000e+00
1.000000e+00,0.000000e+00,0.000000e+00,0.000000e+00,0.000000e+00,0.000000e+00,0.000000e+00,0.000000e+00,0.000000e+00,0.000000e+00,0.000000e+00,0.000000e+00,0.000000e+00,0.000000e+00,0.000000e+00
1.000000e+00,0.000000e+00,0.000000e+00,0.000000e+00,0.000000e+00,0.000000e+00,0.000000e+00,0.000000e+00,0.000000e+00,0.000000e+00,0.000000e+00,0.000000e+00,0.000000e+00,0.000000e+00,0.000000e+00
1.000000e+00,0.000000e+00,0.000000e+00,0.000000e+00,0.000000e+00,0.000000e+00,0.000000e+00,0.000000e+00,0.000000e+00,0.000000e+00,0.000000e+00,0.000000e+00,0.000000e+00,0.000000e+00,0.000000e+00
1.000000e+00,0.000000e+00,0.000000e+00,0.000000e+00,0.000000e+00,0.000000e+00,0.000000e+00,0.000000e+00,0.000000e+00,0.000000e+00,0.000000e+00,0.000000e+00,0.000000e+00,0.000000e+00,0.000000e+00
1.000000e+00,0.000000e+00,0.000000e+00,0.000000e+00,0.000000e+00,0.000000e+00,0.000000e+00,0.000000e+00,0.000000e+00,0.000000e+00,0.000000e+00,0.000000e+00,0.000000e+00,0.000000e+00,0.000000e+00
1.000000e+00,0.000000e+00,0.000000e+00,0.000000e+00,0.000000e+00,0.000000e+00,0.000000e+00,0.000000e+00,0.000000e+00,0.000000e+00,0.000000e+00,0.000000e+00,0.000000e+00,0.000000e+00,0.000000e+00
1.000000e+00,0.000000e+00,0.000000e+00,0.000000e+00,0.000000e+00,0.000000e+00,0.000000e+00,0.000000e+00,0.000000e+00,0.000000e+00,0.000000e+00,0.000000e+00,0.000000e+00,0.000000e+00,0.000000e+00
1.000000e+00,0.000000e+00,0.000000e+00,0.000000e+00,0.000000e+00,0.000000e+00,0.000000e+00,0.000000e+00,0.000000e+00,0.000000e+00,0.000000e+00,0.000000e+00,0.000000e+00,0.000000e+00,0.000000e+00
1.000000e+00,0.000000e+00,0.000000e+00,0.000000e+00,0.000000e+00,0.000000e+00,0.000000e+00,0.000000e+00,0.000000e+00,0.000000e+00,0.000000e+00,0.000000e+00,0.000000e+00,0.000000e+00,0.000000e+00
1.000000e+00,0.000000e+00,0.000000e+00,0.000000e+00,0.000000e+00,0.000000e+00,0.000000e+00,0.000000e+00,0.000000e+00,0.000000e+00,0.000000e+00,0.000000e+00,0.000000e+00,0.000000e+00,0.000000e+00
1.000000e+00,0.000000e+00,0.000000e+00,0.000000e+00,0.000000e+00,0.000000e+00,0.000000e+00,0.000000e+00,0.000000e+00,0.000000e+00,0.000000e+00,0.000000e+00,0.000000e+00,0.000000e+00,0.000000e+00
1.000000e+00,0.000000e+00,0.000000e+00,0.000000e+00,0.000000e+00,0.000000e+00,0.000000e+00,0.000000e+00,0.000000e+00,0.000000e+00,0.000000e+00,0.000000e+00,0.000000e+00,0.000000e+00,0.000000e+00
1.000000e+00,0.000000e+00,0.000000e+00,0.000000e+00,0.000000e+00,0.000000e+00,0.000000e+00,0.000000e+00,0.000000e+00,0.000000e+00,0.000000e+00,0.000000e+00,0.000000e+00,0.000000e+00,0.000000e+00
1.000000e+00,0.000000e+00,0.000000e+00,0.000000e+00,0.000000e+00,0.000000e+00,0.000000e+00,0.000000e+00,0.000000e+00,0.000000e+00,0.000000e+00,0.000000e+00,0.000000e+00,0.000000e+00,0.000000e+00
1.000000e+00,0.000000e+00,0.000000e+00,0.000000e+00,0.000000e+00,0.000000e+00,0.000000e+00,0.000000e+00,0.000000e+00,0.000000e+00,0.000000e+00,0.000000e+00,0.000000e+00,0.000000e+00,0.000000e+00
1.000000e+00,0.000000e+00,0.000000e+00,0.000000e+00,0.000000e+00,0.000000e+00,0.000000e+00,0.000000e+00,0.000000e+00,0.000000e+00,0.000000e+00,0.000000e+00,0.000000e+00,0.000000e+00,0.000000e+00
1.000000e+00,0.000000e+00,0.000000e+00,0.000000e+00,0.000000e+00,0.000000e+00,0.000000e+00,0.000000e+00,0.000000e+00,0.000000e+00,0.000000e+00,0.000000e+00,0.000000e+00,0.000000e+00,0.000000e+00
1.000000e+00,0.000000e+00,0.000000e+00,0.000000e+00,0.000000e+00,0.000000e+00,0.000000e+00,0.000000e+00,0.000000e+00,0.000000e+00,0.000000e+00,0.000000e+00,0.000000e+00,0.000000e+00,0.000000e+00
1.000000e+00,0.000000e+00,0.000000e+00,0.000000e+00,0.000000e+00,0.000000e+00,0.000000e+00,0.000000e+00,0.000000e+00,0.000000e+00,0.000000e+00,0.000000e+00,0.000000e+00,0.000000e+00,0.000000e+00
4.619816e-01,4.888045e-02,2.302948e-02,1.384793e-01,3.806495e-03,1.915071e-02,2.689046e-03,1.451418e-02,4.622591e-02,5.186878e-03,9.805820e-02,2.094883e-02,5.280541e-03,2.087230e-02,9.089613e-02
4.821182e-01,5.102865e-02,2.067395e-02,1.278213e-01,6.345768e-03,1.886650e-02,3.672271e-03,1.398172e-02,4.570246e-02,4.601152e-03,8.933690e-02,2.470649e-02,7.612304e-03,2.047222e-02,8.306004e-02
4.924262e-01,5.048911e-02,1.890762e-02,1.185075e-01,8.613765e-03,2.026862e-02,4.901246e-03,1.438550e-02,4.338209e-02,4.278906e-03,8.544652e-02,3.184496e-02,1.036431e-02,2.098501e-02,7.519860e-02
1.000000e+00,0.000000e+00,0.000000e+00,0.000000e+00,0.000000e+00,0.000000e+00,0.000000e+00,0.000000e+00,0.000000e+00,0.000000e+00,0.000000e+00,0.000000e+00,0.000000e+00,0.000000e+00,0.000000e+00
4.963874e-01,4.373036e-02,1.831338e-02,1.097221e-01,1.061020e-02,2.752766e-02,6.934686e-03,1.689739e-02,4.833613e-02,3.451537e-03,7.702337e-02,3.625757e-02,1.525169e-02,2.513140e-02,6.442509e-02
1.000000e+00,0.000000e+00,0.000000e+00,0.000000e+00,0.000000e+00,0.000000e+00,0.000000e+00,0.000000e+00,0.000000e+00,0.000000e+00,0.000000e+00,0.000000e+00,0.000000e+00,0.000000e+00,0.000000e+00
1.000000e+00,0.000000e+00,0.000000e+00,0.000000e+00,0.000000e+00,0.000000e+00,0.000000e+00,0.000000e+00,0.000000e+00,0.000000e+00,0.000000e+00,0.000000e+00,0.000000e+00,0.000000e+00,0.000000e+00
1.000000e+00,0.000000e+00,0.000000e+00,0.000000e+00,0.000000e+00,0.000000e+00,0.000000e+00,0.000000e+00,0.000000e+00,0.000000e+00,0.000000e+00,0.000000e+00,0.000000e+00,0.000000e+00,0.000000e+00
1.000000e+00,0.000000e+00,0.000000e+00,0.000000e+00,0.000000e+00,0.000000e+00,0.000000e+00,0.000000e+00,0.000000e+00,0.000000e+00,0.000000e+00,0.000000e+00,0.000000e+00,0.000000e+00,0.000000e+00
1.000000e+00,0.000000e+00,0.000000e+00,0.000000e+00,0.000000e+00,0.000000e+00,0.000000e+00,0.000000e+00,0.000000e+00,0.000000e+00,0.000000e+00,0.000000e+00,0.000000e+00,0.000000e+00,0.000000e+00
4.857830e-01,3.855965e-02,7.401086e-02,1.679810e-01,1.285080e-02,3.030973e-02,8.818900e-03,3.140796e-02,1.970241e-02,1.884378e-03,3.067441e-02,4.471794e-02,1.826810e-02,7.192855e-03,2.783797e-02
1.000000e+00,0.000000e+00,0.000000e+00,0.000000e+00,0.000000e+00,0.000000e+00,0.000000e+00,0.000000e+00,0.000000e+00,0.000000e+00,0.000000e+00,0.000000e+00,0.000000e+00,0.000000e+00,0.000000e+00
1.000000e+00,0.000000e+00,0.000000e+00,0.000000e+00,0.000000e+00,0.000000e+00,0.000000e+00,0.000000e+00,0.000000e+00,0.000000e+00,0.000000e+00,0.000000e+00,0.000000e+00,0.000000e+00,0.000000e+00
1.000000e+00,0.000000e+00,0.000000e+00,0.000000e+00,0.000000e+00,0.000000e+00,0.000000e+00,0.000000e+00,0.000000e+00,0.000000e+00,0.000000e+00,0.000000e+00,0.000000e+00,0.000000e+00,0.000000e+00
1.000000e+00,0.000000e+00,0.000000e+00,0.000000e+00,0.000000e+00,0.000000e+00,0.000000e+00,0.000000e+00,0.000000e+00,0.000000e+00,0.000000e+00,0.000000e+00,0.000000e+00,0.000000e+00,0.000000e+00
1.000000e+00,0.000000e+00,0.000000e+00,0.000000e+00,0.000000e+00,0.000000e+00,0.000000e+00,0.000000e+00,0.000000e+00,0.000000e+00,0.000000e+00,0.000000e+00,0.000000e+00,0.000000e+00,0.000000e+00
1.000000e+00,0.000000e+00,0.000000e+00,0.000000e+00,0.000000e+00,0.000000e+00,0.000000e+00,0.000000e+00,0.000000e+00,0.000000e+00,0.000000e+00,0.000000e+00,0.000000e+00,0.000000e+00,0.000000e+00
1.000000e+00,0.000000e+00,0.000000e+00,0.000000e+00,0.000000e+00,0.000000e+00,0.000000e+00,0.000000e+00,0.000000e+00,0.000000e+00,0.000000e+00,0.000000e+00,0.000000e+00,0.000000e+00,0.000000e+00
1.000000e+00,0.000000e+00,0.000000e+00,0.000000e+00,0.000000e+00,0.000000e+00,0.000000e+00,0.000000e+00,0.000000e+00,0.000000e+00,0.000000e+00,0.000000e+00,0.000000e+00,0.000000e+00,0.000000e+00
1.000000e+00,0.000000e+00,0.000000e+00,0.000000e+00,0.000000e+00,0.000000e+00,0.000000e+00,0.000000e+00,0.000000e+00,0.000000e+00,0.000000e+00,0.000000e+00,0.000000e+00,0.000000e+00,0.000000e+00
1.000000e+00,0.000000e+00,0.000000e+00,0.000000e+00,0.000000e+00,0.000000e+00,0.000000e+00,0.000000e+00,0.000000e+00,0.000000e+00,0.000000e+00,0.000000e+00,0.000000e+00,0.000000e+00,0.000000e+00
1.000000e+00,0.000000e+00,0.000000e+00,0.000000e+00,0.000000e+00,0.000000e+00,0.000000e+00,0.000000e+00,0.000000e+00,0.000000e+00,0.000000e+00,0.000000e+00,0.000000e+00,0.000000e+00,0.000000e+00
1.000000e+00,0.000000e+00,0.000000e+00,0.000000e+00,0.000000e+00,0.000000e+00,0.000000e+00,0.000000e+00,0.000000e+00,0.000000e+00,0.000000e+00,0.000000e+00,0.000000e+00,0.000000e+00,0.000000e+00
1.000000e+00,0.000000e+00,0.000000e+00,0.000000e+00,0.000000e+00,0.000000e+00,0.000000e+00,0.000000e+00,0.000000e+00,0.000000e+00,0.000000e+00,0.000000e+00,0.000000e+00,0.000000e+00,0.000000e+00
1.000000e+00,0.000000e+00,0.000000e+00,0.000000e+00,0.000000e+00,0.000000e+00,0.000000e+00,0.000000e+00,0.000000e+00,0.000000e+00,0.000000e+00,0.000000e+00,0.000000e+00,0.000000e+00,0.000000e+00
1.000000e+00,0.000000e+00,0.000000e+00,0.000000e+00,0.000000e+00,0.000000e+00,0.000000e+00,0.000000e+00,0.000000e+00,0.000000e+00,0.000000e+00,0.000000e+00,0.000000e+00,0.000000e+00,0.000000e+00
1.000000e+00,0.000000e+00,0.000000e+00,0.000000e+00,0.000000e+00,0.000000e+00,0.000000e+00,0.000000e+00,0.000000e+00,0.000000e+00,0.000000e+00,0.000000e+00,0.000000e+00,0.000000e+00,0.000000e+00
1.000000e+00,0.000000e+00,0.000000e+00,0.000000e+00,0.000000e+00,0.000000e+00,0.000000e+00,0.000000e+00,0.000000e+00,0.000000e+00,0.000000e+00,0.000000e+00,0.000000e+00,0.000000e+00,0.000000e+00
1.000000e+00,0.000000e+00,0.000000e+00,0.000000e+00,0.000000e+00,0.000000e+00,0.000000e+00,0.000000e+00,0.000000e+00,0.000000e+00,0.000000e+00,0.000000e+00,0.000000e+00,0.000000e+00,0.000000e+00
1.000000e+00,0.000000e+00,0.000000e+00,0.000000e+00,0.000000e+00,0.000000e+00,0.000000e+00,0.000000e+00,0.000000e+00,0.000000e+00,0.000000e+00,0.000000e+00,0.000000e+00,0.000000e+00,0.000000e+00
1.000000e+00,0.000000e+00,0.000000e+00,0.000000e+00,0.000000e+00,0.000000e+00,0.000000e+00,0.000000e+00,0.000000e+00,0.000000e+00,0.000000e+00,0.000000e+00,0.000000e+00,0.000000e+00,0.000000e+00
1.000000e+00,0.000000e+00,0.000000e+00,0.000000e+00,0.000000e+00,0.000000e+00,0.000000e+00,0.000000e+00,0.000000e+00,0.000000e+00,0.000000e+00,0.000000e+00,0.000000e+00,0.000000e+00,0.000000e+00
1.000000e+00,0.000000e+00,0.000000e+00,0.000000e+00,0.000000e+00,0.000000e+00,0.000000e+00,0.000000e+00,0.000000e+00,0.000000e+00,0.000000e+00,0.000000e+00,0.000000e+00,0.000000e+00,0.000000e+00
1.000000e+00,0.000000e+00,0.000000e+00,0.000000e+00,0.000000e+00,0.000000e+00,0.000000e+00,0.000000e+00,0.000000e+00,0.000000e+00,0.000000e+00,0.000000e+00,0.000000e+00,0.000000e+00,0.000000e+00
1.000000e+00,0.000000e+00,0.000000e+00,0.000000e+00,0.000000e+00,0.000000e+00,0.000000e+00,0.000000e+00,0.000000e+00,0.000000e+00,0.000000e+00,0.000000e+00,0.000000e+00,0.000000e+00,0.000000e+00
1.000000e+00,0.000000e+00,0.000000e+00,0.000000e+00,0.000000e+00,0.000000e+00,0.000000e+00,0.000000e+00,0.000000e+00,0.000000e+00,0.000000e+00,0.000000e+00,0.000000e+00,0.000000e+00,0.000000e+00
1.000000e+00,0.000000e+00,0.000000e+00,0.000000e+00,0.000000e+00,0.000000e+00,0.000000e+00,0.000000e+00,0.000000e+00,0.000000e+00,0.000000e+00,0.000000e+00,0.000000e+00,0.000000e+00,0.000000e+00
1.000000e+00,0.000000e+00,0.000000e+00,0.000000e+00,0.000000e+00,0.000000e+00,0.000000e+00,0.000000e+00,0.000000e+00,0.000000e+00,0.000000e+00,0.000000e+00,0.000000e+00,0.000000e+00,0.000000e+00
1.000000e+00,0.000000e+00,0.000000e+00,0.000000e+00,0.000000e+00,0.000000e+00,0.000000e+00,0.000000e+00,0.000000e+00,0.000000e+00,0.000000e+00,0.000000e+00,0.000000e+00,0.000000e+00,0.000000e+00
3.941076e-01,8.636869e-02,6.297580e-02,2.164150e-01,6.046471e-03,1.044798e-02,2.155251e-03,8.962486e-03,2.077828e-02,8.584300e-03,1.730173e-02,1.387843e-02,1.675065e-02,1.253833e-02,1.226889e-01
2.831463e-01,6.602998e-02,5.528813e-02,1.537150e-01,4.445875e-03,8.442212e-03,1.667645e-03,6.690571e-03,1.976611e-02,1.075411e-02,3.918483e-02,1.212355e-02,1.270608e-02,1.233875e-01,2.026521e-01
2.179027e-01,5.058875e-02,4.067506e-02,1.086486e-01,3.349382e-03,7.222538e-03,1.219690e-03,4.905385e-03,2.165778e-02,2.407742e-02,5.993121e-02,1.010882e-02,9.445955e-03,2.105751e-01,2.296917e-01
1.734471e-01,4.249515e-02,3.277862e-02,7.743706e-02,2.657759e-03,7.434383e-03,1.100983e-03,3.974574e-03,5.190416e-02,2.631669e-02,8.729206e-02,1.059327e-02,7.783007e-03,2.306489e-01,2.441364e-01
1.295910e-01,3.065186e-02,2.312493e-02,5.476148e-02,8.482488e-03,6.323060e-03,8.785854e-04,3.225006e-03,4.197311e-02,4.432906e-02,1.172903e-01,9.988990e-03,6.528738e-03,2.903273e-01,2.325242e-01
9.303652e-02,2.164720e-02,1.623186e-02,3.846104e-02,2.146240e-02,4.657299e-03,7.540282e-04,2.602925e-03,3.082195e-02,9.215379e-02,1.936223e-01,9.804545e-03,5.261749e-03,2.985927e-01,1.708897e-01
7.233149e-02,1.567158e-02,1.165673e-02,2.778246e-02,5.011968e-02,5.279126e-03,2.228846e-03,3.713994e-03,3.387523e-02,1.161238e-01,1.911273e-01,1.406188e-02,7.293145e-03,2.651466e-01,1.835881e-01
6.184200e-02,1.166999e-02,8.439969e-03,1.982322e-02,3.773512e-02,5.262672e-03,1.790539e-03,3.253907e-03,9.486564e-02,9.940307e-02,1.850384e-01,1.886685e-02,8.951267e-03,2.974963e-01,1.455610e-01
4.483670e-02,1.049562e-02,6.370945e-03,1.395987e-02,2.853470e-02,6.222705e-03,1.393160e-03,2.619830e-03,2.071994e-01,7.785381e-02,1.375151e-01,1.470567e-02,7.193060e-03,3.285576e-01,1.125418e-01
3.787149e-02,1.269951e-02,9.297052e-03,1.043064e-02,2.238739e-02,1.036857e-02,1.326404e-03,3.475030e-03,2.597390e-01,7.788099e-02,1.115773e-01,1.129115e-02,6.876922e-03,3.224102e-01,1.023682e-01
3.247463e-02,1.054884e-02,7.177255e-03,7.480437e-03,1.670886e-02,1.050289e-02,9.833471e-04,2.724825e-03,3.521507e-01,6.115889e-02,8.187765e-02,8.532453e-03,6.177779e-03,3.239176e-01,7.758383e-02
2.561494e-02,1.088657e-02,8.860342e-03,5.805495e-03,1.302170e-02,2.170734e-02,7.122851e-04,2.622567e-03,4.135350e-01,6.209053e-02,6.074615e-02,6.251213e-03,5.113741e-03,2.987639e-01,6.426822e-02
2.905998e-02,1.470190e-02,2.893215e-02,1.247564e-02,1.302857e-02,2.575529e-02,1.986155e-03,2.061391e-02,3.888134e-01,4.981451e-02,4.722638e-02,4.742681e-03,5.011894e-03,3.077638e-01,5.007366e-02
2.600741e-02,3.214194e-02,3.130638e-02,1.269926e-02,1.627828e-02,2.547467e-02,1.678769e-03,2.267279e-02,3.966300e-01,4.673104e-02,3.508922e-02,3.584882e-03,4.276633e-03,2.857515e-01,5.967721e-02
2.297326e-02,5.473624e-02,3.779404e-02,1.371702e-02,1.998379e-02,2.590453e-02,1.483018e-03,2.834376e-02,4.245164e-01,3.923651e-02,2.742060e-02,2.762376e-03,3.982670e-03,2.472946e-01,4.985106e-02
2.705820e-02,7.108457e-02,3.811865e-02,1.657238e-02,2.583323e-02,2.439106e-02,1.277793e-03,2.661461e-02,4.279910e-01,4.150474e-02,2.222890e-02,2.314483e-03,3.693912e-03,2.237057e-01,4.761069e-02
4.026335e-02,8.306165e-02,3.379933e-02,2.410909e-02,2.366081e-02,2.196167e-02,1.148542e-03,1.940407e-02,4.244279e-01,4.065681e-02,2.186801e-02,2.139135e-03,4.852375e-03,2.028827e-01,5.576449e-02
3.493197e-02,6.562994e-02,3.128282e-02,1.867897e-02,2.061668e-02,1.604623e-02,1.186936e-03,2.054497e-01,3.209155e-01,2.960264e-02,3.204132e-02,3.583265e-03,2.035226e-02,1.588259e-01,4.085575e-02
3.276795e-02,6.523654e-02,3.347443e-02,3.976716e-02,2.177149e-02,1.303792e-02,1.079968e-03,1.521761e-01,3.748749e-01,2.338287e-02,3.041064e-02,3.533884e-03,2.250461e-02,1.207645e-01,6.521710e-02
2.614058e-02,6.752422e-02,3.242769e-02,3.142818e-02,2.362244e-02,4.668262e-02,9.815000e-04,1.173134e-01,4.488204e-01,1.688157e-02,2.444350e-02,2.758100e-03,2.033249e-02,9.095270e-02,4.969062e-02
2.594160e-02,7.862229e-02,2.779339e-02,2.804530e-02,3.561775e-02,9.943262e-02,1.404009e-03,1.071197e-01,4.394681e-01,1.202845e-02,1.953249e-02,2.266080e-03,1.782818e-02,6.762286e-02,3.727731e-02
3.187289e-02,8.757831e-02,2.463446e-02,2.671478e-02,7.413239e-02,1.454543e-01,1.872185e-03,8.054841e-02,4.046815e-01,8.681267e-03,1.590987e-02,1.892131e-03,1.491359e-02,4.907646e-02,3.203754e-02
2.874304e-02,8.362044e-02,2.352117e-02,2.838745e-02,8.426945e-02,1.366193e-01,2.920579e-03,9.509216e-02,4.223706e-01,6.660142e-03,1.188005e-02,1.804339e-03,1.269219e-02,3.464488e-02,2.677425e-02
3.020030e-02,6.677941e-02,3.229743e-02,8.187447e-02,8.912040e-02,1.209817e-01,2.730989e-03,1.188712e-01,3.832254e-01,6.676679e-03,9.370214e-03,1.597496e-03,9.792802e-03,2.446561e-02,2.201588e-02
3.692861e-02,5.136241e-02,3.089346e-02,7.831900e-02,1.296457e-01,9.741406e-02,3.620366e-03,1.551347e-01,3.627543e-01,4.797556e-03,7.112829e-03,1.547950e-03,7.504012e-03,1.739404e-02,1.557100e-02
4.629379e-02,4.341139e-02,2.715088e-02,6.845856e-02,1.829114e-01,7.755478e-02,3.516813e-03,1.481921e-01,3.609618e-01,3.600578e-03,5.891322e-03,1.463567e-03,6.155737e-03,1.325388e-02,1.118350e-02
9.209134e-02,4.697584e-02,2.222007e-02,5.266489e-02,1.635116e-01,7.040687e-02,3.043384e-03,1.145062e-01,3.945951e-01,3.219026e-03,6.373607e-03,2.003580e-03,5.423571e-03,1.364028e-02,9.324633e-03
1.383293e-01,4.887600e-02,1.929700e-02,4.654936e-02,1.497169e-01,5.854312e-02,3.053345e-03,9.365664e-02,4.021780e-01,3.689936e-03,7.124940e-03,3.248332e-03,5.834667e-03,1.182521e-02,8.077314e-03
1.691722e-01,4.288178e-02,1.524741e-02,4.066332e-02,1.375726e-01,7.919221e-02,3.340162e-03,7.920860e-02,3.937098e-01,2.952601e-03,8.220317e-03,5.717341e-03,6.256150e-03,9.137534e-03,6.728014e-03
1.286459e-01,3.054040e-02,1.263673e-02,3.102161e-02,1.089256e-01,2.019040e-01,3.092781e-03,1.760633e-01,2.780201e-01,2.248282e-03,6.219305e-03,4.593637e-03,4.722471e-03,6.490134e-03,4.875796e-03
1.250510e-01,2.324714e-02,1.285819e-02,5.031479e-02,1.215287e-01,2.366552e-01,6.063861e-03,1.832441e-01,1.973499e-01,8.803396e-03,1.417840e-02,4.927917e-03,4.899548e-03,4.760381e-03,6.117528e-03
8.783258e-02,1.823493e-02,1.126747e-02,5.790008e-02,1.280388e-01,2.853143e-01,3.006043e-02,1.472166e-01,1.389181e-01,2.927821e-02,2.808801e-02,2.255729e-02,6.148769e-03,4.017716e-03,5.126853e-03
6.168117e-02,1.372233e-02,8.140214e-03,4.450651e-02,1.065766e-01,3.015959e-01,3.246967e-02,1.084560e-01,1.004974e-01,2.252773e-02,1.034486e-01,6.304872e-02,1.867360e-02,9.264518e-03,5.391050e-03
4.336382e-02,1.058616e-02,5.981646e-03,3.708376e-02,8.127955e-02,2.186818e-01,2.436995e-02,7.816310e-02,7.239640e-02,1.794538e-02,2.266250e-01,1.201069e-01,3.166235e-02,2.644089e-02,5.313333e-03
3.048301e-02,7.588537e-03,4.374248e-03,2.627819e-02,5.736133e-02,1.538543e-01,1.715959e-02,5.536545e-02,5.213759e-02,1.541380e-02,3.737783e-01,1.166889e-01,2.569825e-02,5.863290e-02,5.185506e-03
2.188636e-02,5.827035e-03,3.316087e-03,1.860548e-02,4.181882e-02,1.081088e-01,1.207928e-02,3.917303e-02,3.970229e-02,1.432198e-02,3.995331e-01,1.051536e-01,2.046575e-02,1.652508e-01,4.757487e-03
1.643081e-02,4.603180e-03,2.554830e-03,1.336088e-02,3.229674e-02,7.633775e-02,8.600962e-03,2.975453e-02,3.361706e-02,1.387105e-02,3.969542e-01,8.798469e-02,1.725641e-02,2.624851e-01,3.891837e-03
1.256947e-02,3.933401e-03,1.921035e-03,9.570947e-03,2.357160e-02,5.404305e-02,6.085905e-03,2.203282e-02,3.091342e-02,1.268953e-02,3.602755e-01,7.186442e-02,1.453608e-02,3.722765e-01,3.716339e-03
9.918696e-03,4.173921e-03,2.033308e-03,7.048099e-03,2.915229e-02,3.982629e-02,4.400529e-03,1.670948e-02,6.053928e-02,1.074267e-02,3.157348e-01,6.857958e-02,1.334175e-02,4.142486e-01,3.550799e-03
8.051793e-03,6.296379e-03,2.317077e-03,6.235112e-03,3.457387e-02,3.156359e-02,3.253650e-03,1.446571e-02,7.692863e-02,9.096039e-03,3.555376e-01,7.523745e-02,1.212942e-02,3.610309e-01,3.282805e-03
7.113168e-03,5.975273e-03,2.009038e-03,4.911036e-03,3.135425e-02,2.370543e-02,2.340473e-03,1.058367e-02,7.575773e-02,8.573557e-03,4.377189e-01,7.226728e-02,1.019724e-02,3.046960e-01,2.796956e-03
6.714820e-03,6.441863e-03,1.821639e-03,3.607326e-03,2.407342e-02,1.836620e-02,1.746415e-03,7.609944e-03,7.001941e-02,1.166895e-02,4.936738e-01,5.632213e-02,8.604445e-03,2.868900e-01,2.439620e-03
7.631405e-03,1.318789e-02,2.983374e-03,4.732765e-03,2.451308e-02,2.619605e-02,1.615392e-03,6.560372e-03,9.040143e-02,1.552904e-02,4.422962e-01,4.458389e-02,1.360619e-02,3.029762e-01,3.186724e-03
1.069898e-02,1.624751e-02,6.060973e-03,7.328226e-03,5.964512e-02,4.547030e-02,2.193217e-03,5.671180e-03,1.100280e-01,1.573337e-02,3.569996e-01,3.531319e-02,1.232663e-02,3.113890e-01,4.894746e-03
1.243463e-02,2.172603e-02,6.545042e-03,1.558654e-02,9.637159e-02,5.130724e-02,2.043050e-03,4.942366e-02,2.027441e-01,1.199126e-02,2.606595e-01,2.629854e-02,9.903128e-03,2.284107e-01,4.555086e-03
1.328271e-02,2.616257e-02,6.131630e-03,1.764039e-02,1.019358e-01,6.911068e-02,1.876823e-03,4.714763e-02,3.067411e-01,9.345805e-03,1.914492e-01,2.011207e-02,8.011994e-03,1.771356e-01,3.916005e-03
1.321065e-02,2.255359e-02,5.613337e-03,2.549019e-02,7.666748e-02,5.369047e-02,1.365513e-03,3.528024e-02,4.710818e-01,7.459521e-03,1.388386e-01,1.420021e-02,5.802405e-03,1.252208e-01,3.525263e-03
1.758655e-02,1.892669e-02,5.163996e-03,2.228716e-02,6.073445e-02,3.994189e-02,9.994854e-04,2.699415e-02,5.809685e-01,6.293170e-03,1.074783e-01,1.053937e-02,4.542233e-03,9.347136e-02,4.072706e-03
2.570132e-02,1.613918e-02,4.929102e-03,1.955091e-02,5.085460e-02,3.073263e-02,7.452953e-04,2.060351e-02,6.490889e-01,5.795090e-03,8.596317e-02,8.427938e-03,3.750576e-03,7.084154e-02,6.876205e-03
4.430649e-02,1.608162e-02,5.309327e-03,1.802378e-02,5.197636e-02,2.517936e-02,6.258679e-04,1.671251e-02,6.781346e-01,4.582569e-03,6.662273e-02,6.825503e-03,2.878771e-03,5.613438e-02,6.606163e-03
5.253343e-02,2.175526e-02,6.051512e-03,1.543319e-02,4.879918e-02,3.365768e-02,5.047340e-04,1.489046e-02,6.623054e-01,4.304346e-03,6.017530e-02,5.285374e-03,2.571330e-03,6.298576e-02,8.747034e-03
7.729198e-02,1.810289e-02,2.019401e-02,2.546552e-02,5.015587e-02,2.469397e-02,6.404166e-04,6.804060e-02,6.007072e-01,3.444289e-03,4.971807e-02,4.574046e-03,2.892155e-03,4.697070e-02,7.108271e-03
6.189680e-02,1.299950e-02,2.436047e-02,3.222618e-02,3.998632e-02,1.793527e-02,5.334089e-04,2.929322e-01,4.347250e-01,2.490370e-03,3.587656e-02,3.344381e-03,2.106905e-03,3.327566e-02,5.311072e-03
4.670719e-02,9.270410e-03,4.246240e-02,4.679871e-02,3.038686e-02,1.296909e-02,4.661161e-04,4.435281e-01,3.086519e-01,1.794891e-03,2.552076e-02,2.426756e-03,1.519118e-03,2.358145e-02,3.916328e-03
3.520839e-02,6.760776e-03,4.608259e-02,4.358792e-02,2.331888e-02,9.557884e-03,4.615703e-04,5.750939e-01,2.178184e-01,1.298850e-03,1.814686e-02,1.817957e-03,1.121763e-03,1.688692e-02,2.837402e-03
2.693669e-02,5.162429e-03,3.964990e-02,3.588991e-02,1.787609e-02,7.277179e-03,4.315332e-04,6.818789e-01,1.543698e-01,1.018307e-03,1.306682e-02,1.442929e-03,9.040310e-04,1.199314e-02,2.102284e-03
2.209025e-02,3.753674e-03,5.663673e-02,3.390760e-02,1.458277e-02,5.533163e-03,7.122387e-04,7.312944e-01,1.091421e-01,7.674986e-04,9.464576e-03,1.102567e-03,7.683078e-04,8.709612e-03,1.534499e-03
1.768578e-02,2.674365e-03,4.507976e-02,2.614349e-02,1.197234e-02,3.947407e-03,5.636359e-04,7.991771e-01,7.692810e-02,5.467551e-04,6.666301e-03,7.927413e-04,5.613092e-04,6.179076e-03,1.081905e-03
1.629454e-02,1.926041e-03,4.724143e-02,2.169418e-02,1.008406e-02,2.924507e-03,6.196682e-04,8.335226e-01,5.432830e-02,3.979589e-04,4.748748e-03,5.798708e-04,4.316059e-04,4.437837e-03,7.686568e-04
1.543797e-02,1.374202e-03,4.757104e-02,1.735128e-02,8.413579e-03,2.200797e-03,6.654308e-04,8.606195e-01,3.818084e-02,2.924918e-04,3.402411e-03,4.166559e-04,3.368460e-04,3.186566e-03,5.502788e-04
1.294519e-02,9.795289e-04,4.272760e-02,1.314015e-02,6.958602e-03,1.691241e-03,7.041681e-04,8.882350e-01,2.676356e-02,2.110177e-04,2.415869e-03,2.983914e-04,2.692999e-04,2.269147e-03,3.912723e-04
1.222227e-02,7.284246e-04,3.500260e-02,9.871883e-03,5.708496e-03,1.282756e-03,6.479628e-04,9.114008e-01,1.878007e-02,1.663136e-04,1.784178e-03,2.585979e-04,2.563538e-04,1.601344e-03,2.879696e-04
1.304535e-02,5.558524e-04,2.971665e-02,7.568955e-03,4.386123e-03,1.001785e-03,6.662689e-04,9.265035e-01,1.319414e-02,1.366437e-04,1.329637e-03,2.752520e-04,2.603554e-04,1.136459e-03,2.230110e-04
1.387093e-02,4.443357e-04,2.317199e-02,5.632296e-03,3.553654e-03,8.724383e-04,7.160060e-04,9.396243e-01,9.296077e-03,1.270287e-04,1.006974e-03,3.466528e-04,3.241452e-04,8.176737e-04,1.954380e-04
1.440086e-02,3.415150e-04,1.712952e-02,4.259631e-03,3.214907e-03,6.954767e-04,6.454437e-04,9.505395e-01,6.544316e-03,1.071684e-04,7.658869e-04,3.088009e-04,2.949620e-04,5.835824e-04,1.684001e-04
1.459749e-02,2.697806e-04,1.232363e-02,3.275724e-03,3.263893e-03,5.948126e-04,5.379299e-04,9.586973e-01,4.640157e-03,9.367470e-05,5.981018e-04,2.660130e-04,2.678586e-04,4.159250e-04,1.576673e-04
3.665515e-02,4.763840e-04,9.214664e-03,3.066534e-03,3.383886e-03,7.467850e-04,4.349433e-04,9.193255e-01,7.759573e-03,6.901523e-04,3.809948e-03,5.061709e-03,5.697416e-03,2.466759e-03,1.210562e-03
5.059122e-02,7.864514e-04,6.627789e-03,3.240276e-03,9.262337e-03,1.668817e-03,4.408669e-04,8.652000e-01,1.712931e-02,2.189511e-03,1.249233e-02,8.017916e-03,1.643396e-02,2.818555e-03,3.100620e-03
4.753483e-02,7.987055e-04,4.706955e-03,7.520625e-03,1.472016e-02,1.525381e-03,3.693285e-04,6.837275e-01,2.601654e-02,3.075766e-03,3.440911e-02,2.424076e-02,1.423893e-01,3.923702e-03,5.041266e-03
4.836247e-02,2.494679e-03,3.624617e-03,9.530682e-03,1.403426e-02,1.702151e-03,3.400088e-04,5.173872e-01,3.105823e-02,2.850132e-03,5.612983e-02,4.251358e-02,2.601821e-01,4.340592e-03,5.449434e-03
5.274118e-02,4.318219e-03,3.329924e-03,8.027394e-03,1.518049e-02,1.659553e-03,3.049625e-04,4.458224e-01,4.026206e-02,2.239501e-03,6.679451e-02,3.962967e-02,3.115652e-01,3.729433e-03,4.395526e-03
8.702455e-02,1.398615e-02,1.393438e-02,3.772044e-02,2.315550e-02,1.690523e-03,2.857912e-04,3.487550e-01,1.338396e-01,1.901792e-03,6.069971e-02,3.181661e-02,2.368544e-01,3.938725e-03,4.396817e-03
2.199471e-01,1.826456e-02,1.169171e-02,4.134456e-02,2.402796e-02,4.060445e-03,4.691278e-04,2.808534e-01,1.403474e-01,1.680730e-03,5.002947e-02,2.857411e-02,1.698611e-01,3.543486e-03,5.304776e-03
1.598163e-01,2.570360e-02,1.025856e-02,2.649163e-01,3.293987e-02,3.427312e-03,4.146819e-04,2.050379e-01,1.087040e-01,1.419871e-03,3.831989e-02,2.101867e-02,1.208611e-01,2.740936e-03,4.420963e-03
1.824841e-01,2.805972e-02,5.969631e-02,2.297339e-01,7.238725e-02,7.036651e-03,1.253957e-03,1.759770e-01,8.922417e-02,1.360619e-03,3.448045e-02,1.937875e-02,8.715315e-02,3.077807e-03,8.696181e-03
1.618416e-01,2.281843e-02,5.170817e-02,3.440918e-01,8.543272e-02,6.165638e-03,1.762283e-03,1.434562e-01,6.623054e-02,1.077484e-03,2.675658e-02,1.702043e-02,6.246959e-02,2.418874e-03,6.749599e-03
1.438325e-01,1.802244e-02,4.307442e-02,3.816319e-01,7.599883e-02,6.286780e-03,1.488674e-03,1.368678e-01,5.005611e-02,2.147105e-03,6.746752e-02,1.598554e-02,4.994790e-02,2.033622e-03,5.158894e-03
1.021123e-01,1.306431e-02,3.054016e-02,3.441259e-01,5.431342e-02,4.705442e-03,1.062065e-03,9.800211e-02,3.956011e-02,3.860651e-03,2.392067e-01,1.701087e-02,4.708381e-02,1.526471e-03,3.825735e-03
7.159421e-02,9.681539e-03,2.180841e-02,4.861802e-01,3.845799e-02,3.382697e-03,7.715470e-04,6.904267e-02,3.972322e-02,3.048324e-03,2.024914e-01,1.622965e-02,3.364310e-02,1.119698e-03,2.825357e-03
6.187015e-02,7.243337e-03,1.617621e-02,4.269549e-01,2.745887e-02,4.594580e-03,7.663207e-04,4.984156e-02,5.617220e-02,2.667199e-03,1.628670e-01,1.528424e-01,2.488782e-02,1.460411e-03,4.197048e-03
4.821192e-02,5.273643e-03,1.184402e-02,3.368151e-01,2.143768e-02,4.849062e-03,6.539762e-04,3.940130e-02,6.236193e-02,3.078769e-03,1.766902e-01,2.650199e-01,1.803002e-02,2.616233e-03,3.716275e-03
3.430259e-02,3.779339e-03,8.390456e-03,2.398698e-01,2.107841e-02,4.629201e-03,4.650625e-04,2.794858e-02,4.450082e-02,2.613316e-03,1.665975e-01,4.283581e-01,1.279103e-02,2.016891e-03,2.658847e-03
2.406449e-02,2.656250e-03,5.898998e-03,1.687209e-01,2.806517e-02,3.693260e-03,3.322916e-04,1.960548e-02,3.132446e-02,1.840207e-03,1.426567e-01,5.586654e-01,9.032756e-03,1.575957e-03,1.867776e-03
1.689859e-02,1.872879e-03,4.142929e-03,1.184708e-01,3.655212e-02,3.011259e-03,2.381864e-04,1.374905e-02,2.207631e-02,1.291886e-03,1.153868e-01,6.573378e-01,6.365335e-03,1.294829e-03,1.311249e-03
1.188166e-02,1.414273e-03,2.937753e-03,8.331593e-02,7.380667e-02,2.457496e-03,1.743902e-04,9.639681e-03,1.562635e-02,9.234266e-04,1.168751e-01,6.743333e-01,4.498374e-03,1.160562e-03,9.551327e-04
8.353495e-03,1.130398e-03,2.106662e-03,5.902170e-02,1.069659e-01,2.015687e-03,1.333353e-04,6.758766e-03,1.112586e-02,6.712175e-04,1.152169e-01,6.811888e-01,3.220285e-03,1.377844e-03,7.132764e-04
5.898531e-03,1.019045e-03,1.564017e-03,4.190281e-02,1.310022e-01,1.665533e-03,1.382186e-04,4.752353e-03,7.932914e-03,5.991270e-04,1.457000e-01,6.531427e-01,2.297565e-03,1.668688e-03,7.163307e-04
4.255286e-03,1.383394e-03,1.168630e-03,2.955926e-02,1.330668e-01,1.350716e-03,2.105098e-04,3.364429e-03,6.110570e-03,9.672249e-04,1.471384e-01,6.651280e-01,1.763767e-03,3.725197e-03,8.078607e-04
3.441927e-03,1.596701e-03,8.888886e-04,2.084140e-02,1.153172e-01,1.413214e-03,2.178058e-04,2.393441e-03,4.732301e-03,9.567332e-04,1.376380e-01,7.035521e-01,1.696141e-03,4.509486e-03,8.046348e-04
3.293552e-03,1.823817e-03,1.079030e-03,1.470179e-02,1.228005e-01,4.145766e-03,4.796811e-04,2.102312e-03,4.053400e-03,1.175140e-03,1.338724e-01,7.033516e-01,1.602250e-03,4.737752e-03,7.811766e-04
3.170528e-03,1.821558e-03,9.225645e-04,1.040996e-02,1.089654e-01,3.636405e-03,4.109066e-04,1.627217e-03,3.132418e-03,1.127063e-03,1.625053e-01,6.941637e-01,1.681620e-03,5.770955e-03,6.544389e-04
5.392231e-03,2.023495e-03,1.104019e-03,7.565799e-03,8.598714e-02,4.444308e-03,3.554840e-04,1.651289e-03,2.667703e-03,1.100140e-03,1.891801e-01,6.907468e-01,1.627009e-03,5.499281e-03,6.551852e-04
6.158247e-03,2.018237e-03,8.754478e-04,5.586056e-03,6.428744e-02,4.104147e-03,3.342345e-04,1.376273e-03,2.247225e-03,1.016146e-03,1.664779e-01,7.387918e-01,1.380260e-03,4.617247e-03,7.292607e-04
6.629733e-03,2.131453e-03,7.304123e-04,4.274865e-03,4.683132e-02,3.823380e-03,2.720996e-04,1.112200e-03,1.960684e-03,8.546686e-04,1.823277e-01,7.430853e-01,1.187741e-03,4.037714e-03,7.407420e-04
9.232106e-03,2.848405e-03,1.790164e-03,4.478196e-03,3.719931e-02,3.612060e-03,3.282657e-04,4.799840e-03,2.141026e-03,8.172280e-04,1.500027e-01,7.770275e-01,1.107135e-03,3.990853e-03,6.251642e-04
1.280512e-02,6.027905e-03,3.301501e-03,4.414411e-03,3.090727e-02,5.136059e-03,3.949482e-04,5.623964e-03,2.499747e-03,9.640942e-04,1.620875e-01,7.591171e-01,1.183760e-03,4.667288e-03,8.692802e-04
2.057859e-02,8.682191e-03,3.755251e-03,4.343239e-03,3.306774e-02,6.146953e-03,7.841095e-04,7.003857e-03,3.203618e-03,1.249412e-03,1.578423e-01,7.455673e-01,1.226742e-03,5.451405e-03,1.097275e-03
2.517418e-02,1.017371e-02,9.680757e-03,5.386571e-03,3.205811e-02,9.220406e-03,8.071626e-04,1.227231e-02,5.009601e-03,1.891576e-03,1.893907e-01,6.869426e-01,1.144232e-03,9.397774e-03,1.450408e-03
4.171941e-02,1.152406e-02,2.068762e-02,6.377796e-03,3.260686e-02,9.622671e-03,1.048824e-03,2.141568e-02,5.418430e-03,2.255321e-03,2.255470e-01,6.082200e-01,1.110777e-03,1.098144e-02,1.464142e-03
7.285461e-02,1.077263e-02,2.642507e-02,7.746191e-03,3.462920e-02,2.622309e-02,5.203737e-03,3.170774e-02,6.035234e-03,3.256453e-03,2.575554e-01,4.990494e-01,1.132288e-03,1.548261e-02,1.926392e-03
8.836468e-02,1.112839e-02,2.649021e-02,8.773236e-03,3.382040e-02,4.801450e-02,6.980461e-03,3.900583e-02,6.667143e-03,2.928048e-03,2.787239e-01,4.309537e-01,1.308004e-03,1.447153e-02,2.369949e-03
7.120322e-02,8.394992e-03,2.305544e-02,1.016504e-02,2.896198e-02,4.054751e-02,5.749593e-03,6.466718e-02,5.879733e-03,2.429090e-03,3.852929e-01,3.342232e-01,1.023191e-03,1.663772e-02,1.769174e-03
6.089460e-02,6.700110e-03,1.864479e-02,8.375944e-03,2.477746e-02,3.568373e-02,4.330836e-03,4.898771e-02,1.121905e-02,3.435990e-03,5.029289e-01,2.459116e-01,8.897124e-04,2.527664e-02,1.942983e-03
5.045541e-02,5.024164e-03,1.518673e-02,7.642646e-03,1.895327e-02,3.135288e-02,3.614443e-03,4.467940e-02,1.196195e-02,3.702059e-03,5.993487e-01,1.785563e-01,7.144422e-04,2.713694e-02,1.670689e-03
5.598649e-02,4.766007e-03,1.922346e-02,8.117746e-03,1.789652e-02,5.477925e-02,4.845755e-03,3.879946e-02,2.711928e-02,7.324990e-03,5.891454e-01,1.283071e-01,1.493368e-03,3.972159e-02,2.473578e-03
5.228654e-02,5.437844e-03,1.738970e-02,9.122290e-03,1.774164e-02,4.656846e-02,3.650448e-03,3.165928e-02,3.908434e-02,7.064302e-03,6.140296e-01,9.462167e-02,1.684139e-03,5.632835e-02,3.331382e-03
5.809043e-02,9.847345e-03,2.763801e-02,9.474469e-03,1.658640e-02,1.183979e-01,2.766356e-03,2.764292e-02,5.520174e-02,6.751514e-03,5.389119e-01,6.802721e-02,1.871541e-03,5.198907e-02,6.803180e-03
5.060728e-02,8.636048e-03,2.505716e-02,7.170137e-03,1.288251e-02,1.551876e-01,2.079809e-03,2.059671e-02,4.291655e-02,7.893419e-03,5.437865e-01,5.400887e-02,2.336456e-03,5.993809e-02,6.902876e-03
3.598733e-02,6.089218e-03,1.764485e-02,5.028301e-03,9.060157e-03,1.429465e-01,1.463801e-03,1.446290e-02,3.013493e-02,6.425111e-03,6.361581e-01,3.889968e-02,1.675927e-03,4.911494e-02,4.908262e-03
2.530267e-02,4.312102e-03,1.246838e-02,3.523319e-03,6.360452e-03,1.060246e-01,1.028659e-03,1.013226e-02,2.125973e-02,5.392883e-03,7.053189e-01,3.104494e-02,1.208994e-03,6.305393e-02,3.568108e-03
1.774300e-02,3.026653e-03,8.750671e-03,2.468152e-03,4.455891e-03,7.706738e-02,7.212566e-04,7.094908e-03,1.493453e-02,5.605464e-03,7.760087e-01,2.329064e-02,8.747646e-04,5.542100e-02,2.536965e-03
1.245620e-02,2.719732e-03,6.330094e-03,1.738418e-03,3.140201e-03,5.596755e-02,5.337667e-04,4.995650e-03,1.212007e-02,1.321157e-02,7.740857e-01,2.928566e-02,6.310101e-04,8.084068e-02,1.943696e-03
8.741359e-03,2.005134e-03,4.530213e-03,1.233367e-03,2.281331e-03,3.986192e-02,4.766798e-04,3.595356e-03,9.105797e-03,1.060951e-02,8.121555e-01,3.246653e-02,4.678367e-04,7.106826e-02,1.401189e-03
6.128531e-03,1.492964e-03,3.211703e-03,8.684825e-04,1.682984e-03,2.806245e-02,3.560923e-04,2.547588e-03,6.879316e-03,9.022732e-03,8.447614e-01,2.978549e-02,3.364085e-04,6.386387e-02,1.000022e-03
4.303614e-03,1.265553e-03,2.324423e-03,6.128930e-04,1.309858e-03,1.975802e-02,2.705460e-04,1.797901e-03,6.155951e-03,1.730232e-02,8.526610e-01,2.805503e-02,2.410943e-04,6.323165e-02,7.101591e-04
3.030218e-03,1.746903e-03,1.822478e-03,4.334949e-04,1.232940e-03,1.524145e-02,2.438934e-04,1.271154e-03,9.551879e-03,3.261109e-02,8.209808e-01,3.095996e-02,1.802403e-04,8.016938e-02,5.240877e-04
2.166122e-03,3.344689e-03,1.866553e-03,3.188739e-04,1.229798e-03,1.352784e-02,2.125285e-04,9.352055e-04,3.479534e-02,3.978530e-02,7.432122e-01,4.743700e-02,1.439846e-04,1.106138e-01,4.107750e-04
1.648393e-03,6.748135e-03,2.983767e-03,4.801687e-04,1.809745e-03,2.405249e-02,4.044847e-04,1.340151e-03,7.328902e-02,5.833542e-02,6.475885e-01,4.248121e-02,2.063441e-04,1.380604e-01,5.717988e-04
1.226532e-03,7.737888e-03,2.588275e-03,4.417249e-04,1.810016e-03,2.035621e-02,3.067382e-04,1.011381e-03,1.290515e-01,4.904000e-02,5.025890e-01,3.815471e-02,2.150080e-04,2.448297e-01,6.413951e-04
1.365055e-03,1.365392e-02,2.130025e-03,3.983380e-04,1.634690e-03,3.361643e-02,2.249212e-04,8.444827e-04,1.732991e-01,4.123550e-02,3.919316e-01,2.806355e-02,2.641721e-04,3.094823e-01,1.855936e-03
1.365148e-03,5.801142e-02,1.814652e-03,3.656987e-04,1.678684e-03,6.654114e-02,1.800297e-04,7.671319e-04,1.859945e-01,3.118633e-02,2.984795e-01,2.061073e-02,2.660692e-04,3.303474e-01,2.391673e-03
1.597576e-03,7.337189e-02,2.123337e-03,3.539747e-04,1.703202e-03,6.389640e-02,2.156255e-04,9.295858e-04,1.822703e-01,2.343307e-02,2.177875e-01,1.475892e-02,2.992149e-04,4.144574e-01,2.802009e-03
3.175319e-03,9.145859e-02,1.396633e-02,1.165929e-03,4.779129e-03,5.958827e-02,5.266394e-04,6.577357e-03,2.249441e-01,2.273591e-02,1.556350e-01,1.053511e-02,1.114550e-03,3.962779e-01,7.519926e-03
8.369155e-03,7.587024e-02,1.536105e-02,9.153052e-03,6.979869e-02,1.094306e-01,1.443751e-03,5.074283e-03,1.968474e-01,1.915564e-02,1.111880e-01,7.554352e-03,2.894985e-03,3.594895e-01,8.369360e-03
6.790011e-03,1.234323e-01,1.119702e-02,7.620047e-03,5.154530e-02,8.204865e-02,1.081962e-03,3.675402e-03,3.493226e-01,1.408170e-02,7.830986e-02,5.313899e-03,2.429586e-03,2.539748e-01,9.176965e-03
5.168599e-03,1.266743e-01,8.311790e-03,1.404062e-02,3.905529e-02,6.370427e-02,8.247257e-04,2.888498e-03,4.721055e-01,1.090303e-02,5.560160e-02,3.808694e-03,3.165800e-03,1.788470e-01,1.490036e-02
4.303565e-03,1.262918e-01,6.150987e-03,2.715167e-02,4.016886e-02,5.632943e-02,6.669395e-04,2.511654e-03,5.132151e-01,8.395641e-03,3.975358e-02,2.772976e-03,4.478054e-03,1.267536e-01,4.105613e-02
5.643352e-03,1.254128e-01,4.747104e-03,5.762004e-02,6.751788e-02,5.028706e-02,6.306872e-04,3.882328e-03,4.704325e-01,6.242032e-03,2.862421e-02,2.139891e-03,1.042709e-02,9.164251e-02,7.475054e-02
5.388302e-03,1.101963e-01,3.647945e-03,6.383520e-02,5.882009e-02,3.853769e-02,5.559341e-04,2.970956e-03,4.371930e-01,6.039782e-03,2.094369e-02,1.663780e-03,1.360026e-02,6.611877e-02,1.704883e-01
4.220770e-03,8.150766e-02,2.739036e-03,6.862186e-02,4.777690e-02,2.824804e-02,5.208796e-04,2.805690e-03,5.518310e-01,5.104382e-03,1.616732e-02,1.265205e-03,1.378744e-02,4.689105e-02,1.285128e-01
6.898975e-03,6.782573e-02,3.089521e-03,6.781425e-02,7.285473e-02,2.695417e-02,9.379052e-04,6.985191e-03,5.444900e-01,4.088816e-03,1.371265e-02,1.357900e-03,4.906455e-02,3.355154e-02,1.003741e-01
5.936512e-03,5.024046e-02,2.697876e-03,1.365467e-01,5.404206e-02,2.180245e-02,7.477308e-04,5.157399e-03,5.630020e-01,3.484416e-03,1.102151e-02,1.221843e-03,3.895310e-02,2.363818e-02,8.150774e-02
2.028326e-02,4.991915e-02,8.641903e-03,1.421489e-01,5.196021e-02,4.134016e-02,1.840261e-03,1.611612e-02,4.810701e-01,4.922312e-03,1.149573e-02,1.388148e-03,6.828514e-02,1.694852e-02,8.364007e-02
4.335862e-02,5.505595e-02,1.496967e-02,1.144911e-01,4.578985e-02,6.778115e-02,2.037686e-03,2.487261e-02,4.280206e-01,5.539479e-03,9.994603e-03,1.654505e-03,9.010534e-02,1.209101e-02,8.423776e-02
6.278665e-02,6.234697e-02,1.273171e-02,1.060898e-01,3.717170e-02,1.073666e-01,2.013619e-03,2.148215e-02,3.635075e-01,2.222642e-02,9.511748e-03,2.120239e-03,7.182130e-02,8.788548e-03,1.100349e-01
7.257372e-02,5.035216e-02,1.405522e-02,8.051921e-02,3.322055e-02,1.430154e-01,2.275221e-03,1.016331e-01,2.887523e-01,1.890016e-02,1.033411e-02,3.445928e-03,8.953173e-02,6.536926e-03,8.485422e-02
7.580789e-02,3.692299e-02,1.149001e-02,5.862337e-02,2.634599e-02,1.259791e-01,2.719403e-03,2.853069e-01,2.126862e-01,1.396367e-02,8.113346e-03,3.259963e-03,7.177987e-02,4.938712e-03,6.206262e-02
7.113536e-02,2.822816e-02,1.124244e-02,4.953000e-02,3.422113e-02,1.072070e-01,4.144120e-03,3.303077e-01,1.555839e-01,5.048779e-02,2.370647e-02,1.025626e-02,5.578325e-02,3.943461e-03,6.422292e-02
6.988322e-02,2.211369e-02,9.678497e-03,3.671330e-02,3.046929e-02,8.265513e-02,5.018526e-03,3.597881e-01,1.210644e-01,4.415811e-02,3.347774e-02,1.939078e-02,4.773553e-02,4.268415e-03,1.135852e-01
6.935483e-02,2.009528e-02,7.690933e-03,3.741733e-02,2.287553e-02,5.976724e-02,3.773042e-03,2.574300e-01,2.877890e-01,3.285776e-02,3.311885e-02,1.734366e-02,3.618857e-02,4.841787e-03,1.094562e-01
7.871755e-02,1.717361e-02,8.718662e-03,4.648839e-02,1.881674e-02,4.494722e-02,3.232936e-03,2.048426e-01,3.450435e-01,2.638394e-02,4.248402e-02,2.380881e-02,3.574563e-02,8.631628e-03,9.496481e-02
