1.000000e+00,0.000000e+00,0.000000e+00,0.000000e+00,0.000000e+00,0.000000e+00,0.000000e+00,0.000000e+00,0.000000e+00,0.000000e+00,0.000000e+00,0.000000e+00,0.000000e+00,0.000000e+00,0.000000e+00
1.000000e+00,0.000000e+00,0.000000e+00,0.000000e+00,0.000000e+00,0.000000e+00,0.000000e+00,0.000000e+00,0.000000e+00,0.000000e+00,0.000000e+00,0.000000e+00,0.000000e+00,0.000000e+00,0.000000e+00
1.000000e+00,0.000000e+00,0.000000e+00,0.000000e+00,0.000000e+00,0.000000e+00,0.000000e+00,0.000000e+00,0.000000e+00,0.000000e+00,0.000000e+00,0.000000e+00,0.000000e+00,0.000000e+00,0.000000e+00
1.000000e+00,0.000000e+00,0.000000e+00,0.000000e+00,0.000000e+00,0.000000e+00,0.000000e+00,0.000000e+00,0.000000e+00,0.000000e+00,0.000000e+00,0.000000e+00,0.000000e+00,0.000000e+00,0.000000e+00
1.000000e+00,0.000000e+00,0.000000e+00,0.000000e+00,0.000000e+00,0.000000e+00,0.000000e+00,0.000000e+00,0.000000e+00,0.000000e+00,0.000000e+00,0.000000e+00,0.000000e+00,0.000000e+00,0.000000e+00
1.000000e+00,0.000000e+00,0.000000e+00,0.000000e+00,0.000000e+00,0.000000e+00,0.000000e+00,0.000000e+00,0.000000e+00,0.000000e+00,0.000000e+00,0.000000e+00,0.000000e+00,0.000000e+00,0.000000e+00
1.000000e+00,0.000000e+00,0.000000e+00,0.000000e+00,0.000000e+00,0.000000e+00,0.000000e+00,0.000000e+00,0.000000e+00,0.000000e+00,0.000000e+00,0.000000e+00,0.000000e+00,0.000000e+00,0.000000e+00
1.000000e+00,0.000000e+00,0.000000e+00,0.000000e+00,0.000000e+00,0.000000e+00,0.000000e+00,0.000000e+00,0.000000e+00,0.000000e+00,0.000000e+00,0.000000e+00,0.000000e+00,0.000000e+00,0.000000e+00
1.000000e+00,0.000000e+00,0.000000e+00,0.000000e+00,0.000000e+00,0.000000e+00,0.000000e+00,0.000000e+00,0.000000e+00,0.000000e+00,0.000000e+00,0.000000e+00,0.000000e+00,0.000000e+00,0.000000e+00
1.000000e+00,0.000000e+00,0.000000e+00,0.000000e+00,0.000000e+00,0.000000e+00,0.000000e+00,0.000000e+00,0.000000e+00,0.000000e+00,0.000000e+00,0.000000e+00,0.000000e+00,0.000000e+00,0.000000e+00
1.000000e+00,0.000000e+00,0.000000e+00,0.000000e+00,0.000000e+00,0.000000e+00,0.000000e+00,0.000000e+00,0.000000e+00,0.000000e+00,0.000000e+00,0.000000e+00,0.000000e+00,0.000000e+00,0.000000e+00
1.000000e+00,0.000000e+00,0.000000e+00,0.000000e+00,0.000000e+00,0.000000e+00,0.000000e+00,0.000000e+00,0.000000e+00,0.000000e+00,0.000000e+00,0.000000e+00,0.000000e+00,0.000000e+00,0.000000e+00
1.000000e+00,0.000000e+00,0.000000e+00,0.000000e+00,0.000000e+00,0.000000e+00,0.000000e+00,0.000000e+00,0.000000e+00,0.000000e+00,0.000000e+00,0.000000e+00,0.000000e+00,0.000000e+00,0.000000e+00
1.000000e+00,0.000000e+00,0.000000e+00,0.000000e+00,0.000000e+00,0.000000e+00,0.000000e+00,0.000000e+00,0.000000e+00,0.000000e+00,0.000000e+00,0.000000e+00,0.000000e+00,0.000000e+00,0.000000e+00
1.000000e+00,0.000000e+00,0.000000e+00,0.000000e+00,0.000000e+00,0.000000e+00,0.000000e+00,0.000000e+00,0.000000e+00,0.000000e+00,0.000000e+00,0.000000e+00,0.000000e+00,0.000000e+00,0.000000e+00
1.000000e+00,0.000000e+00,0.000000e+00,0.000000e+00,0.000000e+00,0.000000e+00,0.000000e+00,0.000000e+00,0.000000e+00,0.000000e+00,0.000000e+00,0.000000e+00,0.000000e+00,0.000000e+00,0.000000e+00
1.000000e+00,0.000000e+00,0.000000e+00,0.000000e+00,0.000000e+00,0.000000e+00,0.000000e+00,0.000000e+00,0.000000e+00,0.000000e+00,0.000000e+00,0.000000e+00,0.000000e+00,0.000000e+00,0.000000e+00
1.000000e+00,0.000000e+00,0.000000e+00,0.000000e+00,0.000000e+00,0.000000e+00,0.000000e+00,0.000000e+00,0.000000e+00,0.000000e+00,0.000000e+00,0.000000e+00,0.000000e+00,0.000000e+00,0.000000e+00
1.000000e+00,0.000000e+00,0.000000e+00,0.000000e+00,0.000000e+00,0.000000e+00,0.000000e+00,0.000000e+00,0.000000e+00,0.000000e+00,0.000000e+00,0.000000e+00,0.000000e+00,0.000000e+00,0.000000e+00
1.000000e+00,0.000000e+00,0.000000e+00,0.000000e+00,0.000000e+00,0.000000e+00,0.000000e+00,0.000000e+00,0.000000e+00,0.000000e+00,0.000000e+00,0.000000e+00,0.000000e+00,0.000000e+00,0.000000e+00
1.000000e+00,0.000000e+00,0.000000e+00,0.000000e+00,0.000000e+00,0.000000e+00,0.000000e+00,0.000000e+00,0.000000e+00,0.000000e+00,0.000000e+00,0.000000e+00,0.000000e+00,0.000000e+00,0.000000e+00
1.000000e+00,0.000000e+00,0.000000e+00,0.000000e+00,0.000000e+00,0.000000e+00,0.000000e+00,0.000000e+00,0.000000e+00,0.000000e+00,0.000000e+00,0.000000e+00,0.000000e+00,0.000000e+00,0.000000e+00
1.000000e+00,0.000000e+00,0.000000e+00,0.000000e+00,0.000000e+00,0.000000e+00,0.000000e+00,0.000000e+00,0.000000e+00,0.000000e+00,0.000000e+00,0.000000e+00,0.000000e+00,0.000000e+00,0.000000e+00
1.000000e+00,0.000000e+00,0.000000e+00,0.000000e+00,0.000000e+00,0.000000e+00,0.000000e+00,0.000000e+00,0.000000e+00,0.000000e+00,0.000000e+00,0.000000e+00,0.000000e+00,0.000000e+00,0.000000e+00
1.000000e+00,0.000000e+00,0.000000e+00,0.000000e+00,0.000000e+00,0.000000e+00,0.000000e+00,0.000000e+00,0.000000e+00,0.000000e+00,0.000000e+00,0.000000e+00,0.000000e+00,0.000000e+00,0.000000e+00
1.000000e+00,0.000000e+00,0.000000e+00,0.000000e+00,0.000000e+00,0.000000e+00,0.000000e+00,0.000000e+00,0.000000e+00,0.000000e+00,0.000000e+00,0.000000e+00,0.000000e+00,0.000000e+00,0.000000e+00
1.000000e+00,0.000000e+00,0.000000e+00,0.000000e+00,0.000000e+00,0.000000e+00,0.000000e+00,0.000000e+00,0.000000e+00,0.000000e+00,0.000000e+00,0.000000e+00,0.000000e+00,0.000000e+00,0.000000e+00
1.000000e+00,0.000000e+00,0.000000e+00,0.000000e+00,0.000000e+00,0.000000e+00,0.000000e+00,0.000000e+00,0.000000e+00,0.000000e+00,0.000000e+00,0.000000e+00,0.000000e+00,0.000000e+00,0.000000e+00
1.000000e+00,0.000000e+00,0.000000e+00,0.000000e+00,0.000000e+00,0.000000e+00,0.000000e+00,0.000000e+00,0.000000e+00,0.000000e+00,0.000000e+00,0.000000e+00,0.000000e+00,0.000000e+00,0.000000e+00
1.000000e+00,0.000000e+00,0.000000e+00,0.000000e+00,0.000000e+00,0.000000e+00,0.000000e+00,0.000000e+00,0.000000e+00,0.000000e+00,0.000000e+00,0.000000e+00,0.000000e+00,0.000000e+00,0.000000e+00
1.000000e+00,0.000000e+00,0.000000e+00,0.000000e+00,0.000000e+00,0.000000e+00,0.000000e+00,0.000000e+00,0.000000e+00,0.000000e+00,0.000000e+00,0.000000e+00,0.000000e+00,0.000000e+00,0.000000e+00
1.000000e+00,0.000000e+00,0.000000e+00,0.000000e+00,0.000000e+00,0.000000e+00,0.000000e+00,0.000000e+00,0.000000e+00,0.000000e+00,0.000000e+00,0.000000e+00,0.000000e+00,0.000000e+00,0.000000e+00
1.000000e+00,0.000000e+00,0.000000e+00,0.000000e+00,0.000000e+00,0.000000e+00,0.000000e+00,0.000000e+00,0.000000e+00,0.000000e+00,0.000000e+00,0.000000e+00,0.000000e+00,0.000000e+00,0.000000e+00
1.000000e+00,0.000000e+00,0.000000e+00,0.000000e+00,0.000000e+00,0.000000e+00,0.000000e+00,0.000000e+00,0.000000e+00,0.000000e+00,0.000000e+00,0.000000e+00,0.000000e+00,0.000000e+00,0.000000e+00
1.000000e+00,0.000000e+00,0.000000e+00,0.000000e+00,0.000000e+00,0.000000e+00,0.000000e+00,0.000000e+00,0.000000e+00,0.000000e+00,0.000000e+00,0.000000e+00,0.000000e+00,0.000000e+00,0.000000e+00
1.000000e+00,0.000000e+00,0.000000e+00,0.000000e+00,0.000000e+00,0.000000e+00,0.000000e+00,0.000000e+00,0.000000e+00,0.000000e+00,0.000000e+00,0.000000e+00,0.000000e+00,0.000000e+00,0.000000e+00
4.330699e-01,4.841341e-02,4.595507e-02,1.751086e-01,1.702071e-02,3.086469e-02,9.793664e-03,3.216810e-02,2.015830e-02,3.157567e-03,2.780628e-02,7.787328e-02,3.670617e-02,7.686458e-03,3.421767e-02
3.513563e-01,4.669876e-02,8.802454e-02,2.288355e-01,1.900971e-02,2.598058e-02,8.320835e-03,3.333486e-02,1.907608e-02,2.855221e-03,3.067372e-02,7.418808e-02,3.176878e-02,7.173243e-03,3.270382e-02
4.311123e-01,4.337192e-02,6.770425e-02,1.904542e-01,1.858857e-02,2.521974e-02,7.399333e-03,2.607987e-02,1.840326e-02,2.796957e-03,3.087168e-02,6.804444e-02,3.111644e-02,7.327666e-03,3.150932e-02
4.317830e-01,4.015068e-02,5.768800e-02,1.665909e-01,1.988421e-02,2.740016e-02,6.980090e-03,2.275709e-02,1.728091e-02,3.050599e-03,3.262513e-02,9.198430e-02,4.060776e-02,8.332983e-03,3.288421e-02
3.528971e-01,3.838046e-02,1.217438e-01,2.304073e-01,1.695214e-02,2.240906e-02,5.494873e-03,2.309670e-02,1.399877e-02,2.601760e-03,2.834805e-02,7.491243e-02,3.261486e-02,6.498759e-03,2.964380e-02
4.262749e-01,3.501679e-02,1.191386e-01,1.876812e-01,1.542181e-02,2.035313e-02,5.214653e-03,1.925139e-02,1.238370e-02,2.526978e-03,2.587254e-02,6.164486e-02,3.059616e-02,5.757364e-03,3.286595e-02
1.000000e+00,0.000000e+00,0.000000e+00,0.000000e+00,0.000000e+00,0.000000e+00,0.000000e+00,0.000000e+00,0.000000e+00,0.000000e+00,0.000000e+00,0.000000e+00,0.000000e+00,0.000000e+00,0.000000e+00
1.000000e+00,0.000000e+00,0.000000e+00,0.000000e+00,0.000000e+00,0.000000e+00,0.000000e+00,0.000000e+00,0.000000e+00,0.000000e+00,0.000000e+00,0.000000e+00,0.000000e+00,0.000000e+00,0.000000e+00
1.000000e+00,0.000000e+00,0.000000e+00,0.000000e+00,0.000000e+00,0.000000e+00,0.000000e+00,0.000000e+00,0.000000e+00,0.000000e+00,0.000000e+00,0.000000e+00,0.000000e+00,0.000000e+00,0.000000e+00
1.000000e+00,0.000000e+00,0.000000e+00,0.000000e+00,0.000000e+00,0.000000e+00,0.000000e+00,0.000000e+00,0.000000e+00,0.000000e+00,0.000000e+00,0.000000e+00,0.000000e+00,0.000000e+00,0.000000e+00
1.000000e+00,0.000000e+00,0.000000e+00,0.000000e+00,0.000000e+00,0.000000e+00,0.000000e+00,0.000000e+00,0.000000e+00,0.000000e+00,0.000000e+00,0.000000e+00,0.000000e+00,0.000000e+00,0.000000e+00
1.000000e+00,0.000000e+00,0.000000e+00,0.000000e+00,0.000000e+00,0.000000e+00,0.000000e+00,0.000000e+00,0.000000e+00,0.000000e+00,0.000000e+00,0.000000e+00,0.000000e+00,0.000000e+00,0.000000e+00
1.000000e+00,0.000000e+00,0.000000e+00,0.000000e+00,0.000000e+00,0.000000e+00,0.000000e+00,0.000000e+00,0.000000e+00,0.000000e+00,0.000000e+00,0.000000e+00,0.000000e+00,0.000000e+00,0.000000e+00
1.000000e+00,0.000000e+00,0.000000e+00,0.000000e+00,0.000000e+00,0.000000e+00,0.000000e+00,0.000000e+00,0.000000e+00,0.000000e+00,0.000000e+00,0.000000e+00,0.000000e+00,0.000000e+00,0.000000e+00
1.000000e+00,0.000000e+00,0.000000e+00,0.000000e+00,0.000000e+00,0.000000e+00,0.000000e+00,0.000000e+00,0.000000e+00,0.000000e+00,0.000000e+00,0.000000e+00,0.000000e+00,0.000000e+00,0.000000e+00
1.000000e+00,0.000000e+00,0.000000e+00,0.000000e+00,0.000000e+00,0.000000e+00,0.000000e+00,0.000000e+00,0.000000e+00,0.000000e+00,0.000000e+00,0.000000e+00,0.000000e+00,0.000000e+00,0.000000e+00
1.000000e+00,0.000000e+00,0.000000e+00,0.000000e+00,0.000000e+00,0.000000e+00,0.000000e+00,0.000000e+00,0.000000e+00,0.000000e+00,0.000000e+00,0.000000e+00,0.000000e+00,0.000000e+00,0.000000e+00
1.000000e+00,0.000000e+00,0.000000e+00,0.000000e+00,0.000000e+00,0.000000e+00,0.000000e+00,0.000000e+00,0.000000e+00,0.000000e+00,0.000000e+00,0.000000e+00,0.000000e+00,0.000000e+00,0.000000e+00
1.000000e+00,0.000000e+00,0.000000e+00,0.000000e+00,0.000000e+00,0.000000e+00,0.000000e+00,0.000000e+00,0.000000e+00,0.000000e+00,0.000000e+00,0.000000e+00,0.000000e+00,0.000000e+00,0.000000e+00
1.000000e+00,0.000000e+00,0.000000e+00,0.000000e+00,0.000000e+00,0.000000e+00,0.000000e+00,0.000000e+00,0.000000e+00,0.000000e+00,0.000000e+00,0.000000e+00,0.000000e+00,0.000000e+00,0.000000e+00
1.000000e+00,0.000000e+00,0.000000e+00,0.000000e+00,0.000000e+00,0.000000e+00,0.000000e+00,0.000000e+00,0.000000e+00,0.000000e+00,0.000000e+00,0.000000e+00,0.000000e+00,0.000000e+00,0.000000e+00
1.000000e+00,0.000000e+00,0.000000e+00,0.000000e+00,0.000000e+00,0.000000e+00,0.000000e+00,0.000000e+00,0.000000e+00,0.000000e+00,0.000000e+00,0.000000e+00,0.000000e+00,0.000000e+00,0.000000e+00
1.000000e+00,0.000000e+00,0.000000e+00,0.000000e+00,0.000000e+00,0.000000e+00,0.000000e+00,0.000000e+00,0.000000e+00,0.000000e+00,0.000000e+00,0.000000e+00,0.000000e+00,0.000000e+00,0.000000e+00
1.000000e+00,0.000000e+00,0.000000e+00,0.000000e+00,0.000000e+00,0.000000e+00,0.000000e+00,0.000000e+00,0.000000e+00,0.000000e+00,0.000000e+00,0.000000e+00,0.000000e+00,0.000000e+00,0.000000e+00
1.000000e+00,0.000000e+00,0.000000e+00,0.000000e+00,0.000000e+00,0.000000e+00,0.000000e+00,0.000000e+00,0.000000e+00,0.000000e+00,0.000000e+00,0.000000e+00,0.000000e+00,0.000000e+00,0.000000e+00
1.000000e+00,0.000000e+00,0.000000e+00,0.000000e+00,0.000000e+00,0.000000e+00,0.000000e+00,0.000000e+00,0.000000e+00,0.000000e+00,0.000000e+00,0.000000e+00,0.000000e+00,0.000000e+00,0.000000e+00
1.000000e+00,0.000000e+00,0.000000e+00,0.000000e+00,0.000000e+00,0.000000e+00,0.000000e+00,0.000000e+00,0.000000e+00,0.000000e+00,0.000000e+00,0.000000e+00,0.000000e+00,0.000000e+00,0.000000e+00
1.000000e+00,0.000000e+00,0.000000e+00,0.000000e+00,0.000000e+00,0.000000e+00,0.000000e+00,0.000000e+00,0.000000e+00,0.000000e+00,0.000000e+00,0.000000e+00,0.000000e+00,0.000000e+00,0.000000e+00
4.361978e-01,4.926473e-02,8.204297e-03,3.848241e-02,7.725498e-03,1.242629e-02,2.743403e-03,6.436515e-03,5.898861e-03,1.701582e-03,2.735937e-01,3.459741e-02,1.409584e-02,1.003482e-01,8.283311e-03
3.059934e-01,3.987638e-02,5.918947e-03,2.836587e-02,5.644049e-03,9.140297e-03,1.941430e-03,4.678580e-03,5.667686e-03,1.277208e-03,4.744208e-01,2.570186e-02,1.020028e-02,7.470144e-02,6.471713e-03
2.146486e-01,3.170690e-02,4.461353e-03,2.407143e-02,1.187887e-02,7.971063e-03,1.484659e-03,3.665581e-03,5.303319e-03,1.150754e-03,5.679709e-01,3.734678e-02,7.915474e-03,7.489432e-02,5.529881e-03
1.505405e-01,2.324128e-02,3.384798e-03,1.854824e-02,4.064273e-02,6.056938e-03,1.150696e-03,2.852440e-03,7.024897e-03,1.198630e-03,5.646838e-01,8.522292e-02,6.062739e-03,8.508541e-02,4.303987e-03
1.055268e-01,1.674538e-02,2.554903e-03,1.433622e-02,3.770495e-02,4.539913e-03,9.243902e-04,2.091589e-03,5.857651e-03,2.089964e-03,6.127524e-01,7.826281e-02,4.478824e-03,1.088985e-01,3.235651e-03
7.405360e-02,1.310286e-02,2.241188e-03,1.114870e-02,4.440922e-02,3.470358e-03,6.799970e-04,1.525137e-03,6.884169e-03,2.220166e-03,5.891644e-01,1.033163e-01,3.321540e-03,1.413040e-01,3.158391e-03
5.194273e-02,9.752344e-03,1.718113e-03,8.827472e-03,3.722584e-02,2.735563e-03,5.130129e-04,1.181197e-03,6.173752e-03,2.629590e-03,6.104458e-01,7.907704e-02,2.427398e-03,1.826017e-01,2.748429e-03
3.657397e-02,7.443752e-03,1.387933e-03,7.449487e-03,2.995192e-02,2.329715e-03,3.844925e-04,9.879913e-04,7.929109e-03,3.575288e-03,6.527021e-01,6.501813e-02,1.757091e-03,1.798126e-01,2.696505e-03
2.649075e-02,9.715447e-03,3.901040e-03,6.693927e-03,3.416023e-02,1.699831e-02,4.984147e-04,2.600049e-03,1.081892e-02,1.111013e-02,6.671813e-01,5.031494e-02,1.450176e-03,1.489772e-01,9.089253e-03
2.012870e-02,8.054670e-03,3.066431e-03,5.503779e-03,2.911742e-02,2.138170e-02,3.837330e-04,2.127998e-03,1.058458e-02,1.203851e-02,6.964702e-01,3.953116e-02,1.241683e-03,1.386120e-01,1.175747e-02
1.441113e-02,5.951561e-03,2.237921e-03,3.959952e-03,2.097278e-02,1.593164e-02,2.712513e-04,1.525414e-03,9.298056e-03,9.777844e-03,7.544606e-01,3.035282e-02,9.360693e-04,1.207522e-01,9.160873e-03
1.028775e-02,4.407798e-03,1.769693e-03,2.823776e-03,1.511262e-02,1.139744e-02,1.940305e-04,1.140144e-03,9.769063e-03,9.020966e-03,7.997445e-01,2.354343e-02,7.065034e-04,1.031616e-01,6.920695e-03
7.941533e-03,5.404234e-03,2.244303e-03,2.415896e-03,1.206418e-02,8.540746e-03,1.620544e-04,1.493983e-03,3.073246e-02,1.639223e-02,7.767462e-01,2.266856e-02,5.952085e-04,1.059186e-01,6.679807e-03
8.165038e-03,4.805700e-03,2.314434e-03,1.846379e-03,8.820744e-03,6.725105e-03,1.261151e-04,1.479522e-03,6.315602e-02,2.384721e-02,7.431364e-01,1.788553e-02,4.911372e-04,1.096461e-01,7.554608e-03
7.821999e-03,3.972335e-03,2.504324e-03,1.661845e-03,6.701850e-03,5.333103e-03,1.032181e-04,1.476812e-03,9.645092e-02,2.986174e-02,7.257380e-01,1.366819e-02,4.573077e-04,9.610698e-02,8.141389e-03
6.975986e-03,3.899378e-03,2.594271e-03,1.822001e-03,5.051434e-03,5.429958e-03,9.287734e-05,2.242654e-03,1.223472e-01,2.919886e-02,6.988650e-01,1.051332e-02,4.008343e-04,1.020520e-01,8.514304e-03
7.871385e-03,3.491712e-03,2.374691e-03,1.623182e-03,4.442337e-03,5.084075e-03,7.962011e-05,2.136925e-03,1.962673e-01,2.148236e-02,6.345943e-01,7.629236e-03,3.460054e-04,1.054768e-01,7.100074e-03
1.361975e-02,3.031130e-03,1.386532e-02,8.293397e-03,7.896548e-03,1.629544e-02,2.322889e-04,2.314209e-02,2.655155e-01,1.544862e-02,5.393859e-01,5.587279e-03,4.026456e-04,8.204439e-02,5.239739e-03
1.789972e-02,2.399082e-03,1.017474e-02,6.286777e-03,1.267129e-02,1.181499e-02,1.905598e-04,1.654145e-02,2.538776e-01,1.093908e-02,5.766533e-01,4.058217e-03,3.499557e-04,7.228322e-02,3.860079e-03
2.083548e-02,2.143263e-03,8.635390e-03,6.304843e-03,2.744337e-02,9.615273e-03,2.067723e-04,1.217674e-02,3.134459e-01,7.814961e-03,5.230716e-01,3.052916e-03,4.050699e-04,6.190035e-02,2.948112e-03
1.992994e-02,1.610080e-03,6.656540e-03,4.972657e-03,2.110147e-02,7.181810e-03,1.537742e-04,8.608196e-03,3.288667e-01,5.560415e-03,5.393346e-01,2.436331e-03,3.994124e-04,5.100245e-02,2.185661e-03
2.381081e-02,1.281160e-03,5.628648e-03,4.263858e-03,1.809547e-02,5.887204e-03,1.410621e-04,6.098868e-03,3.032784e-01,3.975462e-03,5.750828e-01,2.224965e-03,4.195627e-04,4.788060e-02,1.931090e-03
3.494003e-02,2.060554e-03,1.260883e-02,4.255871e-02,2.612680e-02,5.781131e-03,1.360849e-04,5.150795e-03,2.774574e-01,3.044751e-03,5.208378e-01,2.768710e-03,4.895802e-04,6.137313e-02,4.665606e-03
5.505352e-02,2.940765e-03,1.798942e-02,3.430548e-02,3.672343e-02,5.759202e-03,1.875217e-04,4.158848e-03,3.233787e-01,3.295413e-03,4.117283e-01,4.254010e-03,7.775178e-04,7.880661e-02,2.064130e-02
8.186431e-02,4.964596e-03,3.050778e-02,3.560604e-02,7.252382e-02,6.789228e-03,2.017308e-04,3.127552e-03,2.860373e-01,2.683050e-03,3.113431e-01,4.255152e-03,1.283495e-03,1.429526e-01,1.586017e-02
1.398211e-01,6.985269e-03,3.004325e-02,5.468089e-02,9.493968e-02,9.779416e-03,3.804190e-04,3.228005e-03,2.913716e-01,2.138180e-03,2.285438e-01,8.516274e-03,2.616478e-03,1.137828e-01,1.317277e-02
1.872732e-01,1.389823e-02,4.612789e-02,8.890468e-02,8.977497e-02,1.804415e-02,6.379958e-04,3.342108e-03,2.477536e-01,2.378140e-03,1.662261e-01,1.427035e-02,4.136019e-03,9.821676e-02,1.901579e-02
1.945643e-01,4.043038e-02,8.978102e-02,1.298955e-01,8.143204e-02,2.356467e-02,5.967535e-04,3.924204e-03,1.830660e-01,2.391127e-03,1.185982e-01,1.213951e-02,5.040305e-03,9.127768e-02,2.329830e-02
2.249369e-01,1.096215e-01,8.920229e-02,1.269421e-01,7.002978e-02,3.353417e-02,6.550187e-04,4.444875e-03,1.344560e-01,2.143101e-03,8.459254e-02,1.032316e-02,6.053417e-03,7.535101e-02,2.771411e-02
2.165850e-01,1.671953e-01,8.808329e-02,1.703744e-01,5.717705e-02,4.130467e-02,5.778895e-04,4.040540e-03,9.679381e-02,1.750916e-03,5.980380e-02,7.893467e-03,5.200893e-03,6.031529e-02,2.290374e-02
2.228918e-01,1.340925e-01,7.960536e-02,2.736047e-01,4.885606e-02,3.447504e-02,6.186290e-04,3.716461e-03,7.477414e-02,1.798565e-03,4.269099e-02,6.846713e-03,4.501389e-03,4.997529e-02,2.155230e-02
1.736526e-01,1.019625e-01,5.946096e-02,2.406446e-01,3.564637e-02,2.483141e-02,5.505148e-04,3.037959e-03,9.506943e-02,1.033652e-02,3.359849e-02,5.832300e-03,4.707821e-03,4.350927e-02,1.671592e-01
1.241067e-01,7.275032e-02,4.241147e-02,1.700629e-01,2.509319e-02,1.761883e-02,4.020293e-04,2.168757e-03,8.626194e-02,1.094364e-02,2.389557e-02,4.184288e-03,3.502233e-03,4.433577e-02,3.722624e-01
9.190181e-02,5.191774e-02,3.037980e-02,1.194593e-01,1.780009e-02,1.254513e-02,3.069711e-04,1.598424e-03,2.035041e-01,2.003671e-02,1.772055e-02,3.084694e-03,2.665672e-03,5.831296e-02,3.687660e-01
8.528618e-02,3.737919e-02,2.170517e-02,8.425363e-02,1.266566e-02,9.592695e-03,2.801950e-04,1.206042e-03,2.548156e-01,1.996777e-02,1.311172e-02,2.722527e-03,2.495833e-03,6.640065e-02,3.881172e-01
6.348064e-02,2.641097e-02,1.533582e-02,5.904041e-02,8.950045e-03,6.841681e-03,2.176384e-04,8.635268e-04,2.921641e-01,1.864655e-02,2.299305e-02,2.530648e-03,1.902075e-03,1.094710e-01,3.711519e-01
5.038411e-02,1.897196e-02,1.111184e-02,4.149034e-02,6.355168e-03,4.892240e-03,2.426645e-04,6.229912e-04,2.265722e-01,1.753119e-02,2.185292e-02,2.329849e-03,1.520447e-03,2.809468e-01,3.151752e-01
4.240864e-02,1.371190e-02,8.165297e-03,2.962123e-02,4.539015e-03,3.679548e-03,2.269321e-04,4.588866e-04,2.341954e-01,2.044218e-02,1.830271e-02,1.929311e-03,1.240054e-03,3.130988e-01,3.079801e-01
4.551673e-02,1.027596e-02,8.741686e-03,2.415119e-02,3.553594e-03,2.796874e-03,3.540064e-04,4.534337e-04,2.323749e-01,1.896546e-02,2.171259e-02,2.361271e-03,1.563131e-03,3.717099e-01,2.554693e-01
7.015431e-02,7.738344e-03,6.693781e-03,1.757208e-02,3.004756e-03,2.348760e-03,4.568211e-04,5.200644e-04,2.295115e-01,2.588711e-02,3.237555e-02,5.361197e-03,3.042442e-03,3.847942e-01,2.105391e-01
5.413010e-02,5.466740e-03,4.798424e-03,1.247977e-02,2.256456e-03,2.057436e-03,3.900235e-04,4.071525e-04,1.671956e-01,7.360958e-02,5.132208e-02,6.114024e-03,3.063788e-03,4.604085e-01,1.563003e-01
4.322644e-02,3.899696e-03,3.427745e-03,8.992753e-03,2.030778e-03,1.830334e-03,3.390971e-04,3.593403e-04,1.202806e-01,1.057971e-01,1.098808e-01,5.506024e-03,2.937113e-03,4.758024e-01,1.156897e-01
3.433665e-02,2.811674e-03,2.487904e-03,6.476579e-03,3.031878e-03,1.484615e-03,4.702235e-04,4.983695e-04,8.791649e-02,9.271838e-02,1.250934e-01,6.467682e-03,3.310749e-03,5.396920e-01,9.320342e-02
2.662586e-02,2.106004e-03,1.808225e-03,4.846297e-03,2.932147e-03,2.447817e-03,7.245450e-04,5.355313e-04,6.689391e-02,1.542313e-01,2.039716e-01,7.381515e-03,4.809109e-03,4.506474e-01,7.003877e-02
1.907951e-02,1.701085e-03,1.441083e-03,4.433654e-03,4.272151e-03,5.084962e-03,8.177065e-04,8.317042e-04,7.946754e-02,1.883945e-01,2.398026e-01,7.540342e-03,5.942524e-03,3.878224e-01,5.336819e-02
1.716849e-02,1.494039e-03,1.151894e-03,8.088460e-03,1.272014e-02,4.620616e-03,1.813809e-03,1.655511e-03,9.210286e-02,1.702491e-01,2.920268e-01,1.053744e-02,1.923173e-02,3.235491e-01,4.358998e-02
1.271170e-02,1.133111e-03,8.982929e-04,2.128451e-02,2.731523e-02,4.195361e-03,1.430920e-03,1.634638e-03,8.069425e-02,1.455138e-01,3.531175e-01,2.396168e-02,3.435251e-02,2.574012e-01,3.435536e-02
9.083549e-03,8.569158e-04,8.313123e-04,2.272525e-02,2.695898e-02,3.605006e-03,1.137416e-03,2.768793e-03,6.671295e-02,1.086417e-01,4.676663e-01,2.399437e-02,4.148712e-02,1.968474e-01,2.668287e-02
6.840331e-03,8.050516e-04,9.529256e-04,1.891657e-02,2.871529e-02,4.273563e-03,1.929770e-03,7.986505e-03,7.108863e-02,9.021473e-02,5.331323e-01,2.160420e-02,3.918131e-02,1.491760e-01,2.518278e-02
5.649630e-03,1.517844e-03,2.686048e-03,1.638325e-02,5.683157e-02,3.691344e-03,2.775768e-03,1.563416e-02,1.055727e-01,7.607458e-02,5.041229e-01,2.140732e-02,3.966278e-02,1.183332e-01,2.965690e-02
7.298850e-03,3.654874e-03,1.165538e-02,1.259772e-02,5.109544e-02,7.334875e-03,7.601522e-03,1.976185e-02,9.204723e-02,5.905543e-02,5.349157e-01,2.228540e-02,4.186296e-02,9.855901e-02,3.027372e-02
2.274542e-02,5.136034e-03,2.487334e-02,9.620280e-03,5.984766e-02,1.406245e-02,1.885759e-02,5.579099e-02,1.076781e-01,5.676025e-02,4.380060e-01,2.677976e-02,4.685534e-02,8.852099e-02,2.446574e-02
3.442637e-02,7.140202e-03,3.524549e-02,7.187122e-03,1.120861e-01,2.980863e-02,1.498083e-02,4.543536e-02,1.126519e-01,4.622159e-02,3.809656e-01,2.979054e-02,4.690634e-02,7.564459e-02,2.150926e-02
5.223780e-02,6.137761e-03,2.985200e-02,5.262716e-03,1.566936e-01,1.244749e-01,1.186381e-02,3.428021e-02,8.981682e-02,3.649689e-02,2.967770e-01,2.779648e-02,3.931253e-02,6.977303e-02,1.922436e-02
5.493233e-02,4.976319e-03,2.373601e-02,3.815874e-03,2.228125e-01,1.732493e-01,1.281658e-02,2.483818e-02,6.647956e-02,3.028142e-02,2.387705e-01,2.293311e-02,3.125872e-02,7.497829e-02,1.412140e-02
5.690712e-02,6.693978e-03,1.834044e-02,2.993337e-03,3.308971e-01,1.788624e-01,2.199357e-02,1.844506e-02,5.321182e-02,2.256226e-02,1.816141e-01,1.863341e-02,2.349723e-02,5.509057e-02,1.025761e-02
6.999382e-02,7.802058e-03,1.388542e-02,2.626776e-03,4.093942e-01,1.528850e-01,1.938022e-02,2.064788e-02,3.999736e-02,1.792014e-02,1.544913e-01,1.999508e-02,1.906792e-02,4.441319e-02,7.499803e-03
7.665644e-02,8.620416e-03,1.020576e-02,2.565259e-03,4.926889e-01,1.303799e-01,1.655374e-02,1.648242e-02,2.981786e-02,1.551178e-02,1.223798e-01,2.537949e-02,1.482071e-02,3.243647e-02,5.501115e-03
5.826413e-02,6.307400e-03,7.305615e-03,2.858592e-03,5.607080e-01,9.227856e-02,1.218326e-02,8.578761e-02,2.096336e-02,1.087098e-02,8.695786e-02,1.820158e-02,1.073552e-02,2.272152e-02,3.856015e-03
4.609320e-02,4.588814e-03,5.476179e-03,3.078298e-03,6.471858e-01,6.492079e-02,8.746020e-03,9.665823e-02,1.479223e-02,7.630683e-03,6.136612e-02,1.297080e-02,7.829078e-03,1.594584e-02,2.718008e-03
4.009598e-02,3.481666e-03,4.025619e-03,2.956444e-03,5.786849e-01,4.593453e-02,6.404704e-03,2.317254e-01,1.037701e-02,5.344816e-03,4.309022e-02,9.147462e-03,5.659767e-03,1.116530e-02,1.906273e-03
3.304116e-02,2.496351e-03,3.045173e-03,2.668492e-03,4.625668e-01,3.252042e-02,4.876435e-03,3.975474e-01,7.303854e-03,3.746250e-03,3.026379e-02,6.526232e-03,4.229738e-03,7.823759e-03,1.344161e-03
2.623072e-02,1.803740e-03,2.288236e-03,2.419761e-03,3.547691e-01,2.301623e-02,3.722968e-03,5.426295e-01,5.124699e-03,2.627996e-03,2.122382e-02,4.620341e-03,3.095098e-03,5.480365e-03,9.474113e-04
2.027450e-02,1.312186e-03,1.669799e-03,1.846898e-03,2.560140e-01,1.635405e-02,2.696730e-03,6.695321e-01,3.592131e-03,1.840552e-03,1.487795e-02,3.250472e-03,2.230927e-03,3.839720e-03,6.680962e-04
1.596360e-02,9.549516e-04,1.221747e-03,1.410231e-03,1.857219e-01,1.154114e-02,1.959933e-03,7.599351e-01,2.520293e-03,1.289023e-03,1.043203e-02,2.285944e-03,1.604689e-03,2.689597e-03,4.698830e-04
1.288558e-02,6.966561e-04,9.094488e-04,1.188176e-03,1.317738e-01,8.292591e-03,1.398508e-03,8.275666e-01,1.777451e-03,9.067054e-04,7.452192e-03,1.659569e-03,1.253063e-03,1.893734e-03,3.459377e-04
1.606217e-02,1.003404e-03,8.630974e-04,1.409683e-03,9.459040e-02,1.347551e-02,1.748570e-03,7.594622e-01,3.275750e-03,7.440071e-04,9.770788e-03,3.925712e-03,9.114487e-02,1.646155e-03,8.776764e-04
1.564556e-02,1.083072e-03,8.957678e-04,1.359531e-03,6.846007e-02,1.838168e-02,2.219696e-03,7.330312e-01,4.827968e-03,6.956208e-04,1.261599e-02,7.353635e-03,1.295261e-01,1.785834e-03,2.118352e-03
1.357020e-02,9.643594e-04,1.565338e-03,1.276201e-03,5.092833e-02,3.940060e-02,3.458557e-03,6.908193e-01,4.156229e-03,5.314450e-04,1.101437e-02,5.821381e-03,1.723628e-01,1.334827e-03,2.796011e-03
1.382300e-02,1.041955e-03,2.883158e-03,1.577993e-03,4.289642e-02,4.335330e-02,3.824192e-03,6.339971e-01,3.507510e-03,4.516382e-04,1.032225e-02,5.119578e-03,2.321343e-01,9.953687e-04,4.072261e-03
2.507703e-02,1.352623e-03,3.423573e-03,1.640041e-03,7.090604e-02,4.103616e-02,6.680534e-03,5.296553e-01,3.684816e-03,5.820545e-04,1.457140e-02,1.418926e-02,2.812223e-01,9.207741e-04,5.058004e-03
6.323540e-02,1.866929e-03,3.885214e-03,1.767734e-03,6.381480e-02,4.286190e-02,7.344384e-03,3.856007e-01,5.177397e-03,1.089947e-03,3.011166e-02,1.202206e-01,2.671105e-01,1.613874e-03,4.298944e-03
5.514419e-02,1.917287e-03,4.564849e-03,1.570562e-03,5.068574e-02,6.012227e-02,7.146748e-03,2.744457e-01,4.382668e-03,1.290931e-03,3.322799e-02,2.531525e-01,2.464005e-01,2.520362e-03,3.427742e-03
5.211594e-02,1.998802e-03,3.657503e-03,1.655153e-03,3.729344e-02,5.489884e-02,5.435512e-03,1.930483e-01,5.780659e-03,1.940079e-03,3.627357e-02,3.826861e-01,2.166568e-01,3.422647e-03,3.136593e-03
6.124034e-02,2.198650e-03,3.021634e-03,1.762632e-03,2.716437e-02,4.315087e-02,4.389860e-03,1.358579e-01,7.793072e-03,5.182764e-03,3.695570e-02,4.817901e-01,1.795855e-01,6.258507e-03,3.648073e-03
1.001291e-01,2.749758e-03,3.730762e-03,1.864229e-03,2.169314e-02,3.757456e-02,3.905591e-03,9.605115e-02,1.159995e-02,1.020922e-02,4.134972e-02,5.279799e-01,1.310417e-01,6.449378e-03,3.671791e-03
1.841006e-01,3.090400e-03,3.114171e-03,1.860780e-03,1.691206e-02,2.860228e-02,3.749986e-03,6.755812e-02,1.279723e-02,3.442603e-02,3.299775e-02,5.065622e-01,9.335124e-02,6.642763e-03,4.234395e-03
2.136894e-01,3.751549e-03,2.687057e-03,1.609268e-03,1.431053e-02,2.225579e-02,3.113800e-03,4.757998e-02,1.385636e-02,7.570367e-02,2.940616e-02,4.951962e-01,6.649632e-02,6.371815e-03,3.972076e-03
2.301243e-01,3.166749e-03,2.201977e-03,1.589726e-03,1.262663e-02,1.681180e-02,2.358661e-03,3.357480e-02,1.257278e-02,8.098147e-02,2.246288e-02,5.252186e-01,4.722375e-02,5.785041e-03,3.300809e-03
2.355222e-01,3.275534e-03,1.977625e-03,1.745396e-03,1.187445e-02,1.287919e-02,1.798125e-03,2.373214e-02,1.386000e-02,9.847603e-02,1.842344e-02,5.344217e-01,3.374405e-02,5.192107e-03,3.077987e-03
2.622105e-01,3.201301e-03,1.700272e-03,2.396384e-03,1.685930e-02,1.058405e-02,1.572223e-03,1.689160e-02,2.088552e-02,1.081683e-01,1.675057e-02,5.067164e-01,2.452457e-02,4.545932e-03,2.993044e-03
2.448792e-01,3.648772e-03,1.643923e-03,2.195524e-03,1.316717e-02,1.006891e-02,1.223049e-03,1.213471e-02,2.147707e-02,1.007782e-01,3.098824e-02,5.337093e-01,1.787147e-02,3.635059e-03,2.579453e-03
2.433241e-01,4.527194e-03,2.374018e-03,3.362520e-03,1.086621e-02,1.152798e-02,1.121024e-03,9.258100e-03,2.328773e-02,9.302302e-02,2.975442e-02,5.486115e-01,1.314368e-02,3.197677e-03,2.620859e-03
2.261241e-01,7.450798e-03,3.380555e-03,5.483300e-03,1.210024e-02,1.105127e-02,1.303303e-03,8.213133e-03,2.079486e-02,6.887283e-02,2.713011e-02,5.926441e-01,9.378039e-03,2.549846e-03,3.523459e-03
1.998080e-01,8.616378e-03,4.248954e-03,6.290358e-03,1.162315e-02,1.004418e-02,1.114414e-03,6.775820e-03,1.919936e-02,5.141875e-02,4.142254e-02,6.271856e-01,6.755969e-03,2.300412e-03,3.195985e-03
1.658895e-01,2.740448e-02,1.158265e-02,7.194328e-03,3.507051e-02,8.911624e-03,1.338674e-03,1.036941e-02,2.488991e-02,3.760703e-02,3.613102e-02,6.240767e-01,4.947319e-03,2.059021e-03,2.527697e-03
1.289857e-01,2.256099e-02,1.227197e-02,9.012125e-03,3.158954e-02,8.757653e-03,2.512151e-03,1.428391e-02,2.946993e-02,3.570466e-02,3.633313e-02,6.602290e-01,3.610743e-03,1.792652e-03,2.885892e-03
1.027155e-01,1.942615e-02,1.352474e-02,1.083341e-02,3.771570e-02,9.535779e-03,6.927462e-03,2.460301e-02,3.923063e-02,2.754067e-02,2.818166e-02,6.722196e-01,3.209803e-03,1.578629e-03,2.757292e-03
7.499243e-02,2.804521e-02,3.914097e-02,8.580336e-03,5.157363e-02,8.960257e-03,7.693294e-03,2.951369e-02,1.109075e-01,2.322851e-02,2.367413e-02,5.868917e-01,2.786070e-03,1.427519e-03,2.584714e-03
5.622564e-02,3.036375e-02,9.754085e-02,7.692806e-03,5.385240e-02,8.840564e-03,6.445992e-03,4.620150e-02,1.420482e-01,2.106914e-02,2.737564e-02,4.925910e-01,2.416951e-03,1.419084e-03,5.916440e-03
4.449627e-02,3.585025e-02,2.041729e-01,7.977108e-03,5.915096e-02,8.966190e-03,5.745604e-03,4.263516e-02,1.580025e-01,1.688942e-02,4.437029e-02,3.612030e-01,1.942885e-03,1.916538e-03,6.680852e-03
4.242688e-02,3.387774e-02,3.121326e-01,9.385156e-03,6.718884e-02,9.198230e-03,5.131187e-03,3.638154e-02,1.490912e-01,1.443237e-02,5.388904e-02,2.568949e-01,2.228149e-03,2.015306e-03,5.726886e-03
7.965651e-02,2.956729e-02,3.424195e-01,9.229794e-03,8.968462e-02,8.992463e-03,4.401813e-03,3.038265e-02,1.175320e-01,1.446550e-02,7.026999e-02,1.876174e-01,4.073313e-03,6.125182e-03,5.581950e-03
1.755399e-01,2.494822e-02,3.045990e-01,9.771106e-03,8.028190e-02,9.943021e-03,3.316905e-03,2.323029e-02,1.004551e-01,1.592222e-02,7.639305e-02,1.443152e-01,4.710874e-03,2.088275e-02,5.690411e-03
2.565909e-01,2.194461e-02,2.382886e-01,9.193700e-03,9.337640e-02,1.439060e-02,2.655617e-03,1.921174e-02,8.059210e-02,1.448148e-02,8.758275e-02,1.168361e-01,7.260405e-03,3.021893e-02,7.376034e-03
2.685897e-01,2.313414e-02,1.821680e-01,1.085823e-02,8.891982e-02,5.044951e-02,2.372161e-03,1.705412e-02,6.976748e-02,1.431388e-02,1.069101e-01,1.012247e-01,1.045546e-02,3.846698e-02,1.531569e-02
2.634672e-01,2.349197e-02,1.378401e-01,1.248679e-02,8.887663e-02,5.277002e-02,2.232136e-03,1.480154e-02,6.327048e-02,1.935337e-02,1.472470e-01,1.062753e-01,1.156362e-02,4.051088e-02,1.581293e-02
2.428549e-01,2.445658e-02,1.016145e-01,1.532106e-02,7.068711e-02,9.160455e-02,2.121340e-03,1.382347e-02,5.309727e-02,2.000916e-02,1.935605e-01,1.096948e-01,1.068905e-02,3.421694e-02,1.624879e-02
2.996402e-01,2.503815e-02,7.637714e-02,1.669385e-02,5.398898e-02,1.131616e-01,2.068834e-03,1.186047e-02,4.320161e-02,2.250575e-02,1.852904e-01,9.167530e-02,9.131277e-03,2.988236e-02,1.948412e-02
2.879224e-01,2.119164e-02,5.730814e-02,1.636617e-02,3.979638e-02,2.275862e-01,1.774089e-03,9.629700e-03,3.267964e-02,1.836051e-02,1.653569e-01,7.216364e-02,7.475447e-03,2.405915e-02,1.832988e-02
2.993405e-01,2.105977e-02,4.903986e-02,1.750020e-02,3.026401e-02,2.782802e-01,1.497495e-03,8.434610e-03,2.730254e-02,1.654759e-02,1.447252e-01,5.619490e-02,6.277837e-03,2.415988e-02,1.937537e-02
2.174453e-01,1.628235e-02,3.515119e-02,1.236967e-02,2.151395e-02,4.027204e-01,1.134236e-03,6.228745e-03,1.934402e-02,1.215198e-02,1.726109e-01,4.256054e-02,4.710782e-03,2.140188e-02,1.437399e-02
1.584148e-01,1.199093e-02,2.509575e-02,8.690674e-03,1.527240e-02,4.410347e-01,9.139938e-04,4.657769e-03,1.365795e-02,9.116295e-03,2.411614e-01,3.270191e-02,3.598033e-03,2.316538e-02,1.052795e-02
1.161750e-01,8.729598e-03,1.805124e-02,6.107531e-03,1.074432e-02,4.052095e-01,8.145663e-04,3.446599e-03,9.687234e-03,7.239463e-03,3.473081e-01,2.979477e-02,2.700760e-03,2.628998e-02,7.701379e-03
8.342028e-02,6.309290e-03,1.297654e-02,4.306402e-03,7.554447e-03,3.488571e-01,7.293319e-04,2.600984e-03,6.927923e-03,5.698090e-03,4.452625e-01,3.441507e-02,2.003995e-03,3.333815e-02,5.599941e-03
5.893879e-02,4.668102e-03,9.495449e-03,3.104519e-03,5.381514e-03,2.511495e-01,6.122862e-04,2.022946e-03,5.298262e-03,4.727545e-03,5.704290e-01,4.070320e-02,1.461040e-03,3.794114e-02,4.066769e-03
4.140319e-02,3.323267e-03,6.766313e-03,2.195419e-03,3.808284e-03,1.770478e-01,4.632721e-04,1.504144e-03,4.194884e-03,3.694344e-03,6.437505e-01,5.249043e-02,1.048788e-03,5.542002e-02,2.889323e-03
2.915671e-02,2.707527e-03,5.018986e-03,1.575588e-03,2.880977e-03,1.247410e-01,4.177405e-04,1.224093e-03,3.820049e-03,3.437805e-03,6.927047e-01,7.354271e-02,7.773274e-04,5.594507e-02,2.049783e-03
2.048906e-02,1.986359e-03,3.757941e-03,1.134719e-03,2.192628e-03,8.824991e-02,3.636506e-04,9.693598e-04,3.160221e-03,2.839303e-03,7.196792e-01,8.146353e-02,5.892202e-04,7.168260e-02,1.442267e-03
1.442275e-02,1.454204e-03,2.746794e-03,8.132298e-04,1.678971e-03,6.225705e-02,2.985862e-04,7.334850e-04,3.134095e-03,2.502503e-03,7.151936e-01,9.635704e-02,4.745884e-04,9.691514e-02,1.017962e-03
1.038669e-02,1.929314e-03,4.590891e-03,8.811459e-04,2.358331e-03,4.465479e-02,5.708995e-04,9.118584e-04,7.038250e-03,3.267394e-03,7.183447e-01,8.758390e-02,3.676256e-04,1.163283e-01,7.859211e-04
7.661153e-03,1.582400e-03,4.275941e-03,1.120766e-03,2.119458e-03,3.233204e-02,7.033678e-04,2.075874e-03,9.701028e-03,3.425046e-03,6.675538e-01,7.817800e-02,2.875740e-04,1.883765e-01,6.069591e-04
5.833965e-03,1.339260e-03,3.536216e-03,1.209336e-03,2.324174e-03,2.311913e-02,5.832972e-04,2.063535e-03,1.898052e-02,5.237554e-03,6.570974e-01,6.911987e-02,2.696782e-04,2.087730e-01,5.130870e-04
5.195647e-03,1.844749e-03,5.288528e-03,2.150517e-03,2.769130e-03,1.748290e-02,4.685789e-04,1.984634e-03,7.343829e-02,5.242663e-03,5.786363e-01,5.035561e-02,2.906992e-04,2.532904e-01,1.561243e-03
4.238334e-03,1.656302e-03,4.938864e-03,2.031483e-03,2.159870e-03,1.267577e-02,3.709188e-04,1.750696e-03,1.072102e-01,4.723766e-03,5.052657e-01,3.705578e-02,2.697317e-04,3.142003e-01,1.452307e-03
4.575611e-03,1.663469e-03,4.676692e-03,2.320257e-03,1.880242e-03,9.471525e-03,2.859596e-04,1.532135e-03,1.983841e-01,5.997882e-03,3.987854e-01,2.644811e-02,2.558447e-04,3.400656e-01,3.657270e-03
3.340834e-03,1.382234e-03,3.530458e-03,2.098224e-03,1.626084e-03,7.072685e-03,2.056373e-04,1.111255e-03,3.147436e-01,1.420739e-02,3.101687e-01,1.876911e-02,2.419443e-04,3.149602e-01,6.541727e-03
2.616959e-03,1.779482e-03,3.662248e-03,1.928791e-03,1.489359e-03,6.125739e-03,1.614125e-04,9.447496e-04,4.101867e-01,2.011975e-02,2.495704e-01,1.334586e-02,2.367033e-04,2.770651e-01,1.076671e-02
4.295496e-03,2.328905e-03,7.209124e-03,2.889614e-03,2.413019e-03,6.507832e-03,1.755271e-04,2.297593e-03,4.684678e-01,2.892016e-02,2.019547e-01,9.704156e-03,3.831185e-04,2.445247e-01,1.792822e-02
3.833070e-03,1.739188e-03,5.208573e-03,2.224830e-03,1.941602e-03,4.965103e-03,1.267492e-04,1.719104e-03,5.318224e-01,2.850278e-02,1.535320e-01,7.269286e-03,3.313433e-04,2.341353e-01,2.264868e-02
6.924354e-03,1.654549e-03,3.871603e-03,1.993256e-03,2.121188e-03,5.538492e-03,9.870048e-05,1.329670e-03,5.705247e-01,2.315943e-02,1.399887e-01,5.630739e-03,5.127703e-04,2.127657e-01,2.388626e-02
1.469218e-02,1.471202e-03,4.435094e-03,2.679099e-03,4.160762e-03,6.859521e-03,1.365973e-04,3.543085e-03,6.360530e-01,1.825940e-02,1.151521e-01,5.748134e-03,1.092058e-03,1.630025e-01,2.271538e-02
2.316105e-02,1.350177e-03,4.679425e-03,3.119699e-03,5.717258e-03,9.283619e-03,2.058158e-04,6.041397e-03,6.432592e-01,1.469574e-02,1.101663e-01,6.217903e-03,1.899443e-03,1.491672e-01,2.103578e-02
4.009662e-02,1.608659e-03,7.130091e-03,2.776763e-03,1.246079e-02,1.538607e-02,6.954007e-04,5.515103e-03,5.246281e-01,1.157240e-02,1.239494e-01,5.031972e-03,2.050981e-03,2.312748e-01,1.582290e-02
4.455557e-02,1.387781e-03,6.350881e-03,2.195981e-03,1.166742e-02,1.472219e-02,6.772151e-04,6.111569e-03,3.935660e-01,8.863598e-03,1.500195e-01,3.964070e-03,2.064231e-03,3.419677e-01,1.188622e-02
4.379102e-02,1.338350e-03,5.332700e-03,1.904328e-03,9.422705e-03,1.227821e-02,5.488687e-04,6.525295e-03,2.916966e-01,6.453841e-03,1.268563e-01,2.996331e-03,1.642103e-03,4.797060e-01,9.507398e-03
4.658387e-02,2.334560e-03,1.143625e-02,5.055190e-03,8.766584e-03,1.531471e-02,1.451718e-03,2.287905e-02,2.211311e-01,5.887946e-03,1.055145e-01,2.181679e-03,1.941594e-03,5.357637e-01,1.375752e-02
5.272930e-02,2.936885e-03,1.166444e-02,4.454595e-03,8.336168e-03,1.307240e-02,1.279635e-03,1.970891e-02,1.661810e-01,6.277849e-03,8.612233e-02,1.665306e-03,2.144109e-03,6.017629e-01,2.166417e-02
6.177274e-02,7.112347e-03,1.735511e-02,2.544037e-02,2.657844e-02,1.123692e-02,1.957094e-03,3.475176e-02,1.413032e-01,4.922084e-03,6.312140e-02,1.260251e-03,2.370758e-03,5.828893e-01,1.792830e-02
8.089446e-02,1.015357e-02,2.112874e-02,3.487994e-02,4.501048e-02,1.538820e-02,3.191286e-03,2.758398e-02,1.068041e-01,3.785595e-03,4.828009e-02,9.734111e-04,2.300385e-03,5.845338e-01,1.509202e-02
7.023495e-02,1.556556e-02,1.007914e-01,1.043055e-01,4.129721e-02,1.444487e-02,2.499100e-03,2.324928e-02,1.353974e-01,3.845503e-03,3.521113e-02,8.927182e-04,2.126813e-03,4.190312e-01,3.110739e-02
1.254193e-01,2.135059e-02,1.109537e-01,7.946314e-02,5.397774e-02,2.513468e-02,2.424685e-03,1.809203e-02,1.551693e-01,3.042534e-03,2.897184e-02,1.167783e-03,3.184489e-03,3.447662e-01,2.688212e-02
1.748868e-01,4.337561e-02,1.064082e-01,6.729960e-02,6.594115e-02,3.383797e-02,2.054052e-03,1.538371e-02,1.757999e-01,2.635718e-03,2.252303e-02,1.606782e-03,3.071249e-03,2.572841e-01,2.789224e-02
2.272597e-01,4.146629e-02,8.076927e-02,1.094981e-01,8.400752e-02,3.094916e-02,2.508894e-03,1.335811e-02,1.667600e-01,2.271421e-03,1.837789e-02,7.624046e-03,4.697661e-03,1.832987e-01,2.715330e-02
2.887833e-01,3.770692e-02,6.297374e-02,9.541380e-02,7.960706e-02,3.231567e-02,2.293835e-03,1.048556e-02,1.967751e-01,2.594543e-03,1.566996e-02,9.507533e-03,5.110821e-03,1.315553e-01,2.920679e-02
3.274351e-01,4.079805e-02,5.814679e-02,1.108661e-01,7.730401e-02,3.373326e-02,2.285410e-03,9.315595e-03,1.817096e-01,2.649230e-03,1.564436e-02,1.010412e-02,5.066619e-03,9.729694e-02,2.764474e-02
4.011554e-01,3.440646e-02,7.450197e-02,1.246604e-01,6.476350e-02,2.595542e-02,2.483773e-03,8.809809e-03,1.368747e-01,2.436709e-03,1.376058e-02,1.001568e-02,4.559768e-03,6.916380e-02,2.645209e-02
4.707980e-01,2.996183e-02,6.879660e-02,1.103975e-01,5.638538e-02,2.354317e-02,2.347441e-03,8.323732e-03,1.175091e-01,2.643845e-03,1.349472e-02,1.154041e-02,5.077504e-03,5.082541e-02,2.835538e-02
1.000000e+00,0.000000e+00,0.000000e+00,0.000000e+00,0.000000e+00,0.000000e+00,0.000000e+00,0.000000e+00,0.000000e+00,0.000000e+00,0.000000e+00,0.000000e+00,0.000000e+00,0.000000e+00,0.000000e+00
1.000000e+00,0.000000e+00,0.000000e+00,0.000000e+00,0.000000e+00,0.000000e+00,0.000000e+00,0.000000e+00,0.000000e+00,0.000000e+00,0.000000e+00,0.000000e+00,0.000000e+00,0.000000e+00,0.000000e+00
