1.000000e+00,0.000000e+00,0.000000e+00,0.000000e+00,0.000000e+00,0.000000e+00,0.000000e+00,0.000000e+00,0.000000e+00,0.000000e+00,0.000000e+00,0.000000e+00,0.000000e+00,0.000000e+00,0.000000e+00
1.000000e+00,0.000000e+00,0.000000e+00,0.000000e+00,0.000000e+00,0.000000e+00,0.000000e+00,0.000000e+00,0.000000e+00,0.000000e+00,0.000000e+00,0.000000e+00,0.000000e+00,0.000000e+00,0.000000e+00
1.000000e+00,0.000000e+00,0.000000e+00,0.000000e+00,0.000000e+00,0.000000e+00,0.000000e+00,0.000000e+00,0.000000e+00,0.000000e+00,0.000000e+00,0.000000e+00,0.000000e+00,0.000000e+00,0.000000e+00
1.000000e+00,0.000000e+00,0.000000e+00,0.000000e+00,0.000000e+00,0.000000e+00,0.000000e+00,0.000000e+00,0.000000e+00,0.000000e+00,0.000000e+00,0.000000e+00,0.000000e+00,0.000000e+00,0.000000e+00
1.000000e+00,0.000000e+00,0.000000e+00,0.000000e+00,0.000000e+00,0.000000e+00,0.000000e+00,0.000000e+00,0.000000e+00,0.000000e+00,0.000000e+00,0.000000e+00,0.000000e+00,0.000000e+00,0.000000e+00
1.000000e+00,0.000000e+00,0.000000e+00,0.000000e+00,0.000000e+00,0.000000e+00,0.000000e+00,0.000000e+00,0.000000e+00,0.000000e+00,0.000000e+00,0.000000e+00,0.000000e+00,0.000000e+00,0.000000e+00
1.000000e+00,0.000000e+00,0.000000e+00,0.000000e+00,0.000000e+00,0.000000e+00,0.000000e+00,0.000000e+00,0.000000e+00,0.000000e+00,0.000000e+00,0.000000e+00,0.000000e+00,0.000000e+00,0.000000e+00
1.000000e+00,0.000000e+00,0.000000e+00,0.000000e+00,0.000000e+00,0.000000e+00,0.000000e+00,0.000000e+00,0.000000e+00,0.000000e+00,0.000000e+00,0.000000e+00,0.000000e+00,0.000000e+00,0.000000e+00
1.000000e+00,0.000000e+00,0.000000e+00,0.000000e+00,0.000000e+00,0.000000e+00,0.000000e+00,0.000000e+00,0.000000e+00,0.000000e+00,0.000000e+00,0.000000e+00,0.000000e+00,0.000000e+00,0.000000e+00
1.000000e+00,0.000000e+00,0.000000e+00,0.000000e+00,0.000000e+00,0.000000e+00,0.000000e+00,0.000000e+00,0.000000e+00,0.000000e+00,0.000000e+00,0.000000e+00,0.000000e+00,0.000000e+00,0.000000e+00
1.000000e+00,0.000000e+00,0.000000e+00,0.000000e+00,0.000000e+00,0.000000e+00,0.000000e+00,0.000000e+00,0.000000e+00,0.000000e+00,0.000000e+00,0.000000e+00,0.000000e+00,0.000000e+00,0.000000e+00
1.000000e+00,0.000000e+00,0.000000e+00,0.000000e+00,0.000000e+00,0.000000e+00,0.000000e+00,0.000000e+00,0.000000e+00,0.000000e+00,0.000000e+00,0.000000e+00,0.000000e+00,0.000000e+00,0.000000e+00
1.000000e+00,0.000000e+00,0.000000e+00,0.000000e+00,0.000000e+00,0.000000e+00,0.000000e+00,0.000000e+00,0.000000e+00,0.000000e+00,0.000000e+00,0.000000e+00,0.000000e+00,0.000000e+00,0.000000e+00
1.000000e+00,0.000000e+00,0.000000e+00,0.000000e+00,0.000000e+00,0.000000e+00,0.000000e+00,0.000000e+00,0.000000e+00,0.000000e+00,0.000000e+00,0.000000e+00,0.000000e+00,0.000000e+00,0.000000e+00
1.000000e+00,0.000000e+00,0.000000e+00,0.000000e+00,0.000000e+00,0.000000e+00,0.000000e+00,0.000000e+00,0.000000e+00,0.000000e+00,0.000000e+00,0.000000e+00,0.000000e+00,0.000000e+00,0.000000e+00
1.000000e+00,0.000000e+00,0.000000e+00,0.000000e+00,0.000000e+00,0.000000e+00,0.000000e+00,0.000000e+00,0.000000e+00,0.000000e+00,0.000000e+00,0.000000e+00,0.000000e+00,0.000000e+00,0.000000e+00
1.000000e+00,0.000000e+00,0.000000e+00,0.000000e+00,0.000000e+00,0.000000e+00,0.000000e+00,0.000000e+00,0.000000e+00,0.000000e+00,0.000000e+00,0.000000e+00,0.000000e+00,0.000000e+00,0.000000e+00
1.000000e+00,0.000000e+00,0.000000e+00,0.000000e+00,0.000000e+00,0.000000e+00,0.000000e+00,0.000000e+00,0.000000e+00,0.000000e+00,0.000000e+00,0.000000e+00,0.000000e+00,0.000000e+00,0.000000e+00
1.000000e+00,0.000000e+00,0.000000e+00,0.000000e+00,0.000000e+00,0.000000e+00,0.000000e+00,0.000000e+00,0.000000e+00,0.000000e+00,0.000000e+00,0.000000e+00,0.000000e+00,0.000000e+00,0.000000e+00
1.000000e+00,0.000000e+00,0.000000e+00,0.000000e+00,0.000000e+00,0.000000e+00,0.000000e+00,0.000000e+00,0.000000e+00,0.000000e+00,0.000000e+00,0.000000e+00,0.000000e+00,0.000000e+00,0.000000e+00
1.000000e+00,0.000000e+00,0.000000e+00,0.000000e+00,0.000000e+00,0.000000e+00,0.000000e+00,0.000000e+00,0.000000e+00,0.000000e+00,0.000000e+00,0.000000e+00,0.000000e+00,0.000000e+00,0.000000e+00
1.000000e+00,0.000000e+00,0.000000e+00,0.000000e+00,0.000000e+00,0.000000e+00,0.000000e+00,0.000000e+00,0.000000e+00,0.000000e+00,0.000000e+00,0.000000e+00,0.000000e+00,0.000000e+00,0.000000e+00
1.000000e+00,0.000000e+00,0.000000e+00,0.000000e+00,0.000000e+00,0.000000e+00,0.000000e+00,0.000000e+00,0.000000e+00,0.000000e+00,0.000000e+00,0.000000e+00,0.000000e+00,0.000000e+00,0.000000e+00
1.000000e+00,0.000000e+00,0.000000e+00,0.000000e+00,0.000000e+00,0.000000e+00,0.000000e+00,0.000000e+00,0.000000e+00,0.000000e+00,0.000000e+00,0.000000e+00,0.000000e+00,0.000000e+00,0.000000e+00
1.000000e+00,0.000000e+00,0.000000e+00,0.000000e+00,0.000000e+00,0.000000e+00,0.000000e+00,0.000000e+00,0.000000e+00,0.000000e+00,0.000000e+00,0.000000e+00,0.000000e+00,0.000000e+00,0.000000e+00
1.000000e+00,0.000000e+00,0.000000e+00,0.000000e+00,0.000000e+00,0.000000e+00,0.000000e+00,0.000000e+00,0.000000e+00,0.000000e+00,0.000000e+00,0.000000e+00,0.000000e+00,0.000000e+00,0.000000e+00
1.000000e+00,0.000000e+00,0.000000e+00,0.000000e+00,0.000000e+00,0.000000e+00,0.000000e+00,0.000000e+00,0.000000e+00,0.000000e+00,0.000000e+00,0.000000e+00,0.000000e+00,0.000000e+00,0.000000e+00
1.000000e+00,0.000000e+00,0.000000e+00,0.000000e+00,0.000000e+00,0.000000e+00,0.000000e+00,0.000000e+00,0.000000e+00,0.000000e+00,0.000000e+00,0.000000e+00,0.000000e+00,0.000000e+00,0.000000e+00
1.000000e+00,0.000000e+00,0.000000e+00,0.000000e+00,0.000000e+00,0.000000e+00,0.000000e+00,0.000000e+00,0.000000e+00,0.000000e+00,0.000000e+00,0.000000e+00,0.000000e+00,0.000000e+00,0.000000e+00
1.000000e+00,0.000000e+00,0.000000e+00,0.000000e+00,0.000000e+00,0.000000e+00,0.000000e+00,0.000000e+00,0.000000e+00,0.000000e+00,0.000000e+00,0.000000e+00,0.000000e+00,0.000000e+00,0.000000e+00
1.000000e+00,0.000000e+00,0.000000e+00,0.000000e+00,0.000000e+00,0.000000e+00,0.000000e+00,0.000000e+00,0.000000e+00,0.000000e+00,0.000000e+00,0.000000e+00,0.000000e+00,0.000000e+00,0.000000e+00
1.000000e+00,0.000000e+00,0.000000e+00,0.000000e+00,0.000000e+00,0.000000e+00,0.000000e+00,0.000000e+00,0.000000e+00,0.000000e+00,0.000000e+00,0.000000e+00,0.000000e+00,0.000000e+00,0.000000e+00
1.000000e+00,0.000000e+00,0.000000e+00,0.000000e+00,0.000000e+00,0.000000e+00,0.000000e+00,0.000000e+00,0.000000e+00,0.000000e+00,0.000000e+00,0.000000e+00,0.000000e+00,0.000000e+00,0.000000e+00
1.000000e+00,0.000000e+00,0.000000e+00,0.000000e+00,0.000000e+00,0.000000e+00,0.000000e+00,0.000000e+00,0.000000e+00,0.000000e+00,0.000000e+00,0.000000e+00,0.000000e+00,0.000000e+00,0.000000e+00
1.000000e+00,0.000000e+00,0.000000e+00,0.000000e+00,0.000000e+00,0.000000e+00,0.000000e+00,0.000000e+00,0.000000e+00,0.000000e+00,0.000000e+00,0.000000e+00,0.000000e+00,0.000000e+00,0.000000e+00
1.000000e+00,0.000000e+00,0.000000e+00,0.000000e+00,0.000000e+00,0.000000e+00,0.000000e+00,0.000000e+00,0.000000e+00,0.000000e+00,0.000000e+00,0.000000e+00,0.000000e+00,0.000000e+00,0.000000e+00
1.000000e+00,0.000000e+00,0.000000e+00,0.000000e+00,0.000000e+00,0.000000e+00,0.000000e+00,0.000000e+00,0.000000e+00,0.000000e+00,0.000000e+00,0.000000e+00,0.000000e+00,0.000000e+00,0.000000e+00
1.000000e+00,0.000000e+00,0.000000e+00,0.000000e+00,0.000000e+00,0.000000e+00,0.000000e+00,0.000000e+00,0.000000e+00,0.000000e+00,0.000000e+00,0.000000e+00,0.000000e+00,0.000000e+00,0.000000e+00
1.000000e+00,0.000000e+00,0.000000e+00,0.000000e+00,0.000000e+00,0.000000e+00,0.000000e+00,0.000000e+00,0.000000e+00,0.000000e+00,0.000000e+00,0.000000e+00,0.000000e+00,0.000000e+00,0.000000e+00
1.000000e+00,0.000000e+00,0.000000e+00,0.000000e+00,0.000000e+00,0.000000e+00,0.000000e+00,0.000000e+00,0.000000e+00,0.000000e+00,0.000000e+00,0.000000e+00,0.000000e+00,0.000000e+00,0.000000e+00
1.000000e+00,0.000000e+00,0.000000e+00,0.000000e+00,0.000000e+00,0.000000e+00,0.000000e+00,0.000000e+00,0.000000e+00,0.000000e+00,0.000000e+00,0.000000e+00,0.000000e+00,0.000000e+00,0.000000e+00
1.000000e+00,0.000000e+00,0.000000e+00,0.000000e+00,0.000000e+00,0.000000e+00,0.000000e+00,0.000000e+00,0.000000e+00,0.000000e+00,0.000000e+00,0.000000e+00,0.000000e+00,0.000000e+00,0.000000e+00
1.000000e+00,0.000000e+00,0.000000e+00,0.000000e+00,0.000000e+00,0.000000e+00,0.000000e+00,0.000000e+00,0.000000e+00,0.000000e+00,0.000000e+00,0.000000e+00,0.000000e+00,0.000000e+00,0.000000e+00
1.000000e+00,0.000000e+00,0.000000e+00,0.000000e+00,0.000000e+00,0.000000e+00,0.000000e+00,0.000000e+00,0.000000e+00,0.000000e+00,0.000000e+00,0.000000e+00,0.000000e+00,0.000000e+00,0.000000e+00
1.000000e+00,0.000000e+00,0.000000e+00,0.000000e+00,0.000000e+00,0.000000e+00,0.000000e+00,0.000000e+00,0.000000e+00,0.000000e+00,0.000000e+00,0.000000e+00,0.000000e+00,0.000000e+00,0.000000e+00
1.000000e+00,0.000000e+00,0.000000e+00,0.000000e+00,0.000000e+00,0.000000e+00,0.000000e+00,0.000000e+00,0.000000e+00,0.000000e+00,0.000000e+00,0.000000e+00,0.000000e+00,0.000000e+00,0.000000e+00
1.000000e+00,0.000000e+00,0.000000e+00,0.000000e+00,0.000000e+00,0.000000e+00,0.000000e+00,0.000000e+00,0.000000e+00,0.000000e+00,0.000000e+00,0.000000e+00,0.000000e+00,0.000000e+00,0.000000e+00
4.613250e-01,5.409028e-02,4.760969e-02,2.331117e-01,1.826213e-02,1.778288e-02,6.016355e-03,2.571172e-02,1.877950e-02,2.356337e-03,2.849773e-02,2.905899e-02,1.450300e-02,9.381969e-03,3.351274e-02
1.000000e+00,0.000000e+00,0.000000e+00,0.000000e+00,0.000000e+00,0.000000e+00,0.000000e+00,0.000000e+00,0.000000e+00,0.000000e+00,0.000000e+00,0.000000e+00,0.000000e+00,0.000000e+00,0.000000e+00
4.452310e-01,4.915965e-02,8.742860e-02,2.352348e-01,1.597252e-02,1.718336e-02,5.308948e-03,2.159437e-02,1.555289e-02,2.081009e-03,2.546273e-02,2.765717e-02,1.432108e-02,6.951723e-03,3.086018e-02
1.000000e+00,0.000000e+00,0.000000e+00,0.000000e+00,0.000000e+00,0.000000e+00,0.000000e+00,0.000000e+00,0.000000e+00,0.000000e+00,0.000000e+00,0.000000e+00,0.000000e+00,0.000000e+00,0.000000e+00
1.000000e+00,0.000000e+00,0.000000e+00,0.000000e+00,0.000000e+00,0.000000e+00,0.000000e+00,0.000000e+00,0.000000e+00,0.000000e+00,0.000000e+00,0.000000e+00,0.000000e+00,0.000000e+00,0.000000e+00
1.000000e+00,0.000000e+00,0.000000e+00,0.000000e+00,0.000000e+00,0.000000e+00,0.000000e+00,0.000000e+00,0.000000e+00,0.000000e+00,0.000000e+00,0.000000e+00,0.000000e+00,0.000000e+00,0.000000e+00
1.000000e+00,0.000000e+00,0.000000e+00,0.000000e+00,0.000000e+00,0.000000e+00,0.000000e+00,0.000000e+00,0.000000e+00,0.000000e+00,0.000000e+00,0.000000e+00,0.000000e+00,0.000000e+00,0.000000e+00
1.000000e+00,0.000000e+00,0.000000e+00,0.000000e+00,0.000000e+00,0.000000e+00,0.000000e+00,0.000000e+00,0.000000e+00,0.000000e+00,0.000000e+00,0.000000e+00,0.000000e+00,0.000000e+00,0.000000e+00
1.000000e+00,0.000000e+00,0.000000e+00,0.000000e+00,0.000000e+00,0.000000e+00,0.000000e+00,0.000000e+00,0.000000e+00,0.000000e+00,0.000000e+00,0.000000e+00,0.000000e+00,0.000000e+00,0.000000e+00
1.000000e+00,0.000000e+00,0.000000e+00,0.000000e+00,0.000000e+00,0.000000e+00,0.000000e+00,0.000000e+00,0.000000e+00,0.000000e+00,0.000000e+00,0.000000e+00,0.000000e+00,0.000000e+00,0.000000e+00
1.000000e+00,0.000000e+00,0.000000e+00,0.000000e+00,0.000000e+00,0.000000e+00,0.000000e+00,0.000000e+00,0.000000e+00,0.000000e+00,0.000000e+00,0.000000e+00,0.000000e+00,0.000000e+00,0.000000e+00
1.000000e+00,0.000000e+00,0.000000e+00,0.000000e+00,0.000000e+00,0.000000e+00,0.000000e+00,0.000000e+00,0.000000e+00,0.000000e+00,0.000000e+00,0.000000e+00,0.000000e+00,0.000000e+00,0.000000e+00
1.000000e+00,0.000000e+00,0.000000e+00,0.000000e+00,0.000000e+00,0.000000e+00,0.000000e+00,0.000000e+00,0.000000e+00,0.000000e+00,0.000000e+00,0.000000e+00,0.000000e+00,0.000000e+00,0.000000e+00
1.000000e+00,0.000000e+00,0.000000e+00,0.000000e+00,0.000000e+00,0.000000e+00,0.000000e+00,0.000000e+00,0.000000e+00,0.000000e+00,0.000000e+00,0.000000e+00,0.000000e+00,0.000000e+00,0.000000e+00
4.549387e-01,2.536273e-02,1.246619e-01,1.322832e-01,4.084787e-03,1.626764e-02,2.442726e-03,1.221982e-02,4.547606e-02,6.416605e-03,1.435923e-02,1.451232e-02,1.549354e-02,1.146586e-02,1.200148e-01
3.427023e-01,2.554980e-02,1.328071e-01,1.243188e-01,3.024993e-03,1.267848e-02,1.791821e-03,8.982966e-03,4.513542e-02,9.789505e-03,1.321723e-02,1.199294e-02,1.304245e-02,9.490960e-03,2.454752e-01
2.696980e-01,1.999972e-02,2.594738e-01,1.082100e-01,2.359298e-03,1.026856e-02,1.417048e-03,7.085481e-03,3.578143e-02,1.064983e-02,1.129980e-02,1.014176e-02,1.053756e-02,9.982676e-03,2.330951e-01
2.665603e-01,1.595144e-02,3.413123e-01,8.037001e-02,2.063166e-03,8.590815e-03,1.145450e-03,5.904642e-03,2.720704e-02,1.011478e-02,1.091724e-02,1.020772e-02,9.141211e-03,2.437466e-02,1.861392e-01
1.980481e-01,1.246242e-02,3.610857e-01,7.144694e-02,1.605285e-03,6.393120e-03,8.425750e-04,4.303042e-03,5.195886e-02,2.116271e-02,9.715102e-03,7.528073e-03,6.736555e-03,6.406871e-02,1.826428e-01
1.405577e-01,9.892670e-03,3.141367e-01,6.762138e-02,1.223185e-03,4.605798e-03,6.108929e-04,3.051017e-03,7.926187e-02,3.598183e-02,7.962238e-03,5.513240e-03,4.902593e-03,8.268947e-02,2.419893e-01
1.007925e-01,1.469242e-02,2.458828e-01,5.803652e-02,9.916117e-04,3.439336e-03,4.528072e-04,2.199986e-03,1.423917e-01,4.448696e-02,6.677595e-03,4.655213e-03,4.220029e-03,1.018444e-01,2.692361e-01
1.370254e-01,1.451618e-02,2.140355e-01,4.874586e-02,1.439516e-03,3.414080e-03,4.399211e-04,2.222870e-03,1.314409e-01,4.130064e-02,1.167572e-02,4.760352e-03,6.245449e-03,1.483055e-01,2.344322e-01
1.114117e-01,1.522047e-02,1.653477e-01,5.735894e-02,1.293961e-03,3.121317e-03,3.903462e-04,1.839099e-03,1.882221e-01,3.875268e-02,1.049160e-02,4.227703e-03,5.213451e-03,1.749146e-01,2.221943e-01
1.081212e-01,1.887894e-02,1.212970e-01,4.299657e-02,1.185298e-03,3.000200e-03,4.024940e-04,1.491460e-03,1.618655e-01,3.675913e-02,8.850714e-03,4.342124e-03,5.689614e-03,2.657952e-01,2.193246e-01
9.240896e-02,2.214618e-02,8.645363e-02,3.062265e-02,9.069457e-04,2.738678e-03,3.798383e-04,1.146865e-03,1.287614e-01,2.831627e-02,6.946086e-03,3.699394e-03,5.073195e-03,2.796591e-01,3.107408e-01
1.274397e-01,3.088943e-02,6.432072e-02,2.605887e-02,1.060704e-03,3.070511e-03,5.732958e-04,1.271883e-03,1.234477e-01,2.617698e-02,6.112627e-03,4.762292e-03,7.237254e-03,2.633338e-01,3.142443e-01
2.053913e-01,3.614358e-02,4.708867e-02,2.095330e-02,1.190207e-03,4.636777e-03,8.844746e-04,1.403975e-03,1.048088e-01,2.318573e-02,6.444165e-03,4.550693e-03,8.257325e-03,2.700067e-01,2.650543e-01
2.634611e-01,3.356324e-02,3.642064e-02,1.875275e-02,1.757917e-03,5.564583e-03,1.178632e-03,1.609909e-03,9.187482e-02,2.127958e-02,8.138513e-03,4.789564e-03,8.448967e-03,2.878229e-01,2.153370e-01
3.917401e-01,4.650560e-02,3.174828e-02,2.148238e-02,9.528639e-03,9.200977e-03,1.405329e-03,2.123439e-03,7.019542e-02,1.622145e-02,7.658509e-03,4.717967e-03,7.869894e-03,2.110339e-01,1.685682e-01
4.323238e-01,7.778436e-02,2.757254e-02,2.270302e-02,1.881206e-02,2.870626e-02,1.331137e-03,2.093744e-03,5.958156e-02,1.324876e-02,8.305132e-03,4.878181e-03,9.549792e-03,1.591701e-01,1.339396e-01
4.611128e-01,9.098369e-02,2.516718e-02,3.402387e-02,2.750469e-02,2.603180e-02,2.319922e-03,3.061922e-03,4.707279e-02,1.034920e-02,8.729289e-03,8.447956e-03,1.249581e-02,1.169373e-01,1.257618e-01
1.000000e+00,0.000000e+00,0.000000e+00,0.000000e+00,0.000000e+00,0.000000e+00,0.000000e+00,0.000000e+00,0.000000e+00,0.000000e+00,0.000000e+00,0.000000e+00,0.000000e+00,0.000000e+00,0.000000e+00
4.985588e-01,7.736330e-02,2.788946e-02,5.671920e-02,4.914638e-02,3.256356e-02,2.706524e-03,5.888158e-03,5.088587e-02,7.194704e-03,8.506578e-03,9.397647e-03,1.116460e-02,7.166346e-02,9.035181e-02
4.801393e-01,6.452019e-02,2.360388e-02,5.464949e-02,6.040473e-02,5.635731e-02,3.391549e-03,6.554712e-03,6.208574e-02,6.185379e-03,1.152590e-02,1.412466e-02,1.172848e-02,6.316776e-02,8.156096e-02
3.694636e-01,8.864716e-02,4.325270e-02,1.292166e-01,8.412310e-02,6.173103e-02,3.565226e-03,1.196397e-02,6.080905e-02,5.690774e-03,1.032336e-02,1.118563e-02,8.683016e-03,4.695605e-02,6.438875e-02
3.207171e-01,6.933886e-02,9.759618e-02,1.806904e-01,7.677992e-02,5.015720e-02,3.266299e-03,2.457836e-02,5.892914e-02,4.601155e-03,1.070563e-02,9.667721e-03,7.028498e-03,3.475137e-02,5.119222e-02
2.829239e-01,5.218067e-02,1.163827e-01,1.876272e-01,6.662139e-02,4.458598e-02,2.483448e-03,1.932421e-02,8.147749e-02,6.341741e-03,2.596777e-02,1.117446e-02,7.377476e-03,4.194146e-02,5.359010e-02
2.093330e-01,4.065561e-02,8.798483e-02,1.470594e-01,4.860952e-02,3.349265e-02,1.891593e-03,1.377483e-02,1.966961e-01,7.562090e-03,3.741635e-02,1.043972e-02,6.713397e-03,6.368943e-02,9.468141e-02
1.493579e-01,3.031066e-02,6.273376e-02,1.039983e-01,3.457794e-02,2.375360e-02,1.353312e-03,9.662044e-03,2.943268e-01,7.225135e-03,2.923155e-02,7.595587e-03,5.383159e-03,7.778245e-02,1.627077e-01
1.074078e-01,2.494727e-02,4.743598e-02,7.948714e-02,2.509604e-02,1.689582e-02,1.000503e-03,6.830360e-03,3.975239e-01,5.936582e-03,2.325000e-02,5.621983e-03,4.239261e-03,7.726040e-02,1.770670e-01
7.953561e-02,1.848383e-02,3.500212e-02,5.833032e-02,1.824033e-02,1.207678e-02,8.167552e-04,4.822196e-03,3.646336e-01,5.618189e-03,2.158015e-02,5.727322e-03,3.662158e-03,1.834436e-01,1.880270e-01
6.006095e-02,1.399610e-02,2.525513e-02,4.177999e-02,1.332810e-02,8.831155e-03,6.258585e-04,3.420847e-03,3.206155e-01,5.713168e-03,2.003852e-02,5.084754e-03,3.674094e-03,3.093258e-01,1.682501e-01
4.209712e-02,9.878140e-03,1.776692e-02,2.937039e-02,9.507000e-03,6.211653e-03,4.496175e-04,2.402796e-03,2.764444e-01,1.141195e-02,3.493998e-02,6.133481e-03,3.695897e-03,3.917976e-01,1.578930e-01
2.958566e-02,7.167949e-03,1.285072e-02,2.082204e-02,7.083384e-03,4.404855e-03,3.337125e-04,1.709693e-03,2.424904e-01,1.002204e-02,9.771377e-02,6.990778e-03,3.241546e-03,4.102601e-01,1.453233e-01
2.090268e-02,5.523556e-03,9.263289e-03,1.480123e-02,5.611249e-03,3.150697e-03,2.559547e-04,1.217744e-03,2.760479e-01,1.265533e-02,1.201842e-01,5.917605e-03,2.683993e-03,3.951318e-01,1.266528e-01
1.505492e-02,3.963860e-03,6.609467e-03,1.057266e-02,4.339577e-03,2.333826e-03,2.031526e-04,9.036002e-04,2.001650e-01,4.511078e-02,1.116790e-01,5.330060e-03,2.553403e-03,4.949363e-01,9.624440e-02
1.077325e-02,2.842428e-03,4.790897e-03,7.560525e-03,3.463539e-03,1.927485e-03,1.851446e-04,8.017265e-04,1.434954e-01,8.619981e-02,1.374065e-01,4.328798e-03,2.325093e-03,4.756489e-01,1.182504e-01
9.697227e-03,2.112024e-03,3.449195e-03,5.523016e-03,2.837676e-03,1.720753e-03,1.776178e-04,7.711776e-04,1.032352e-01,8.680853e-02,2.193986e-01,3.911966e-03,3.129038e-03,4.662058e-01,9.102211e-02
1.323901e-02,1.965363e-03,2.508463e-03,4.027821e-03,2.765170e-03,4.243904e-03,2.000188e-04,8.727961e-04,7.695625e-02,1.832479e-01,2.289745e-01,4.037509e-03,3.558741e-03,3.991768e-01,7.422572e-02
1.516062e-02,1.812097e-03,1.888135e-03,3.003306e-03,4.404210e-03,4.699420e-03,2.544518e-04,1.232620e-03,5.678063e-02,2.227631e-01,2.507402e-01,4.686992e-03,4.654889e-03,3.539132e-01,7.400619e-02
2.000739e-02,2.958914e-03,1.401189e-03,2.775230e-03,4.673289e-03,5.116238e-03,2.601889e-04,1.179157e-03,4.372916e-02,2.011928e-01,3.407789e-01,8.630680e-03,6.569584e-03,3.059962e-01,5.473110e-02
1.673863e-02,3.549495e-03,1.562573e-03,2.244619e-03,5.391961e-03,7.622767e-03,4.509133e-04,1.458359e-03,3.365142e-02,1.729800e-01,3.409103e-01,8.261992e-03,7.197432e-03,3.525880e-01,4.539156e-02
1.302228e-02,5.022209e-03,1.309924e-03,1.873667e-03,4.482013e-03,1.209711e-02,3.772037e-04,1.226690e-03,4.647542e-02,1.396039e-01,3.174336e-01,7.353596e-03,6.904635e-03,4.091812e-01,3.363653e-02
1.127908e-02,7.519898e-03,1.825326e-03,4.101558e-03,4.146975e-03,1.269978e-02,3.553697e-04,1.542201e-03,6.258087e-02,1.329339e-01,3.277554e-01,6.686691e-03,1.115147e-02,3.840863e-01,3.133519e-02
1.095587e-02,1.323681e-02,1.109427e-02,5.997764e-03,5.877376e-03,1.308373e-02,3.989228e-04,5.594044e-03,8.150945e-02,1.225229e-01,2.925849e-01,5.883816e-03,1.384190e-02,3.891166e-01,2.830162e-02
9.773246e-03,1.446572e-02,8.788310e-03,4.966081e-03,1.589491e-02,2.392820e-02,3.794750e-04,4.089167e-03,2.008227e-01,9.382460e-02,2.448906e-01,4.660905e-03,1.036303e-02,3.408984e-01,2.225469e-02
7.950637e-03,1.269088e-02,6.949260e-03,4.167872e-03,1.661277e-02,2.478924e-02,3.146388e-04,3.028338e-03,3.341340e-01,6.810126e-02,1.942893e-01,3.457796e-03,7.614948e-03,2.991487e-01,1.675034e-02
8.792244e-03,1.106822e-02,7.843512e-03,5.473945e-03,1.601870e-02,2.052262e-02,2.351433e-04,2.714339e-03,4.866443e-01,5.019207e-02,1.410698e-01,2.596717e-03,5.613658e-03,2.253616e-01,1.585324e-02
1.543107e-02,1.068196e-02,1.353015e-02,5.945223e-03,1.365972e-02,1.715483e-02,1.954227e-04,5.705361e-03,5.382000e-01,3.652428e-02,1.098168e-01,1.935876e-03,4.081883e-03,2.082483e-01,1.888914e-02
1.952392e-02,9.033281e-03,6.520733e-02,1.583221e-02,1.494507e-02,1.501017e-02,2.215074e-04,9.755056e-03,5.610558e-01,2.627416e-02,7.907377e-02,1.476199e-03,3.034697e-03,1.598496e-01,1.970727e-02
2.413416e-02,6.878483e-03,7.790844e-02,2.164171e-02,1.531914e-02,1.273225e-02,1.929329e-04,8.628825e-03,6.061909e-01,1.871620e-02,6.002733e-02,1.089185e-03,2.230160e-03,1.288953e-01,1.541511e-02
2.238335e-02,5.063245e-03,6.042804e-02,1.722467e-02,1.656849e-02,1.053279e-02,1.660835e-04,6.534044e-03,6.617382e-01,1.349595e-02,5.415490e-02,8.153321e-04,1.720960e-03,1.181165e-01,1.105753e-02
3.486610e-02,6.469486e-03,1.145110e-01,6.097033e-02,3.913423e-02,8.997486e-03,2.518697e-04,8.858141e-03,5.642205e-01,1.004779e-02,4.362002e-02,9.405045e-04,1.361939e-03,9.630651e-02,9.444037e-03
4.551175e-02,5.499119e-03,9.581659e-02,6.810052e-02,5.106858e-02,8.542590e-03,4.472166e-04,7.435357e-03,5.351295e-01,7.821355e-03,5.156805e-02,1.112974e-03,1.706525e-03,1.128885e-01,7.351389e-03
5.079688e-02,4.727798e-03,1.010668e-01,8.355710e-02,6.204131e-02,8.774266e-03,5.450261e-04,6.242791e-03,4.862643e-01,5.912925e-03,4.397219e-02,1.414546e-03,1.769411e-03,1.369064e-01,6.008227e-03
6.259719e-02,5.431073e-03,1.594495e-01,1.598769e-01,5.549978e-02,7.114384e-03,4.834945e-04,6.196935e-03,3.769704e-01,4.479141e-03,3.235807e-02,1.610423e-03,1.568697e-03,1.197448e-01,6.619148e-03
6.044484e-02,1.203171e-02,1.314718e-01,2.151049e-01,4.246807e-02,5.987082e-03,3.616346e-04,4.650439e-03,2.853940e-01,6.498820e-03,4.015031e-02,2.304917e-03,2.929741e-03,8.701446e-02,1.031872e-01
5.402708e-02,1.031393e-02,9.918859e-02,1.626448e-01,3.104526e-02,4.748553e-03,2.796183e-04,3.391533e-03,2.806287e-01,1.206569e-02,3.520966e-02,2.201043e-03,3.580336e-03,9.880741e-02,2.018677e-01
3.954661e-02,7.668608e-03,7.106311e-02,1.145494e-01,2.186642e-02,3.417585e-03,2.234445e-04,2.390015e-03,2.871600e-01,1.414870e-02,2.620960e-02,2.446606e-03,2.852805e-03,1.132314e-01,2.932258e-01
3.236711e-02,5.718973e-03,5.157767e-02,8.056164e-02,1.536227e-02,2.572801e-03,1.841008e-04,1.702359e-03,2.631929e-01,2.605808e-02,2.250860e-02,4.187944e-03,3.107567e-03,1.419678e-01,3.489302e-01
2.606574e-02,4.165090e-03,3.660805e-02,5.646801e-02,1.082541e-02,1.911895e-03,1.365774e-04,1.204043e-03,1.869790e-01,3.584476e-02,1.839020e-02,3.529539e-03,2.413196e-03,3.594728e-01,2.559857e-01
3.593682e-02,3.776327e-03,2.633691e-02,3.979732e-02,7.805542e-03,1.870755e-03,1.545117e-04,8.882640e-04,1.488682e-01,5.065170e-02,1.770378e-02,4.201079e-03,2.352041e-03,4.111307e-01,2.485261e-01
3.351914e-02,2.829910e-03,1.849553e-02,2.791041e-02,6.510723e-03,1.474600e-03,2.123340e-04,6.967593e-04,1.115137e-01,7.715032e-02,1.558452e-02,3.928788e-03,2.101083e-03,4.818746e-01,2.161976e-01
2.536166e-02,2.401463e-03,1.337228e-02,1.972433e-02,4.813839e-03,1.387247e-03,2.979758e-04,5.714206e-04,9.277116e-02,1.128843e-01,3.974093e-02,6.696729e-03,3.321424e-03,4.919191e-01,1.847362e-01
2.015789e-02,2.982499e-03,1.085141e-02,1.398866e-02,4.066417e-03,2.184674e-03,5.376473e-04,5.418845e-04,7.910932e-02,1.289134e-01,4.499247e-02,6.184250e-03,3.238240e-03,4.956490e-01,1.866023e-01
2.733079e-02,3.367076e-03,8.821512e-03,9.867382e-03,5.347120e-03,8.954274e-03,9.565444e-04,7.730818e-04,8.614818e-02,1.718768e-01,4.065065e-02,5.571509e-03,3.359583e-03,4.649534e-01,1.620222e-01
5.859597e-02,4.614126e-03,9.323938e-03,7.027480e-03,7.478910e-03,1.255724e-02,1.188135e-03,1.016093e-03,1.210297e-01,2.092367e-01,3.323525e-02,5.030980e-03,3.727765e-03,4.046507e-01,1.212870e-01
5.611122e-02,8.513093e-03,1.199653e-02,5.608680e-03,9.683296e-03,1.134803e-02,9.611202e-04,1.649878e-03,1.956295e-01,2.143515e-01,2.564861e-02,3.860244e-03,3.540878e-03,3.324940e-01,1.186035e-01
5.009328e-02,9.057556e-03,1.191165e-02,4.269395e-03,8.612150e-03,1.231632e-02,7.288711e-04,1.944343e-03,1.547780e-01,2.238405e-01,2.282949e-02,3.556119e-03,4.133614e-03,3.759028e-01,1.160260e-01
4.721676e-02,1.432815e-02,1.210978e-02,4.343650e-03,7.916693e-03,1.367791e-02,5.834126e-04,1.653661e-03,1.235395e-01,2.660130e-01,2.233595e-02,4.207876e-03,8.267919e-03,3.074436e-01,1.663623e-01
6.391259e-02,4.425827e-02,1.862303e-02,5.971587e-03,8.395134e-03,1.808677e-02,6.541462e-04,3.060205e-03,1.145322e-01,2.419531e-01,3.880003e-02,5.087378e-03,1.481874e-02,2.705998e-01,1.512471e-01
6.391902e-02,4.546411e-02,1.439993e-02,6.570777e-03,6.370551e-03,1.872117e-02,4.996281e-04,2.344748e-03,9.797983e-02,2.188868e-01,8.339836e-02,4.616698e-03,1.322963e-02,2.978771e-01,1.257216e-01
5.758387e-02,9.058943e-02,1.085555e-02,7.301096e-03,7.557974e-03,4.397834e-02,6.919556e-04,3.146856e-03,1.889794e-01,1.793523e-01,6.552219e-02,3.692026e-03,1.132623e-02,2.389795e-01,9.044323e-02
6.600058e-02,1.039808e-01,9.453000e-03,1.399253e-02,1.058506e-02,3.922817e-02,1.124826e-03,4.018083e-03,3.117344e-01,1.302437e-01,5.157312e-02,3.425363e-03,8.949880e-03,1.809724e-01,6.471815e-02
6.460144e-02,1.005756e-01,7.486008e-03,1.445510e-02,1.237396e-02,3.835772e-02,1.197772e-03,5.085411e-03,4.233524e-01,9.434859e-02,4.253675e-02,2.882766e-03,6.773838e-03,1.398992e-01,4.607352e-02
5.426496e-02,8.136495e-02,5.347985e-03,1.192619e-02,1.003556e-02,3.191646e-02,9.157050e-04,4.489586e-03,5.462555e-01,6.795265e-02,3.699052e-02,2.980612e-03,5.763698e-03,1.068199e-01,3.297577e-02
3.874919e-02,6.244676e-02,3.949812e-03,1.008642e-02,8.087501e-03,2.603506e-02,6.943904e-04,4.452337e-03,6.526814e-01,4.869280e-02,3.031246e-02,2.474717e-03,5.044394e-03,8.254127e-02,2.375150e-02
3.150693e-02,5.810603e-02,3.738852e-03,1.270216e-02,9.380167e-03,3.941706e-02,5.952258e-04,3.039070e-02,6.616092e-01,3.551742e-02,2.764925e-02,2.394790e-03,6.423476e-03,6.256934e-02,1.799939e-02
3.499607e-02,5.316892e-02,3.685068e-03,2.400317e-02,1.341101e-02,2.951225e-02,5.076409e-04,3.412331e-02,5.937555e-01,2.880984e-02,6.793992e-02,1.398495e-02,2.702638e-02,5.815580e-02,1.692017e-02
4.107089e-02,5.047033e-02,4.687667e-03,2.514064e-02,1.322278e-02,2.216977e-02,5.219303e-04,3.260483e-02,4.871692e-01,2.659484e-02,1.397831e-01,2.462252e-02,3.729993e-02,7.393400e-02,2.070765e-02
5.042516e-02,4.482691e-02,5.811177e-03,2.494855e-02,1.823990e-02,1.665093e-02,9.176251e-04,3.815806e-02,4.243958e-01,2.142863e-02,1.567825e-01,4.181015e-02,6.115966e-02,7.321779e-02,2.122718e-02
8.348621e-02,3.829157e-02,9.339502e-03,2.460503e-02,5.435699e-02,1.284238e-02,1.847019e-03,4.892391e-02,3.776332e-01,1.682580e-02,1.569349e-01,3.414984e-02,5.376157e-02,6.590427e-02,2.109778e-02
1.367046e-01,3.070402e-02,2.232303e-02,3.859276e-02,7.034454e-02,1.318830e-02,2.428111e-03,5.938055e-02,3.496113e-01,1.469339e-02,1.239318e-01,2.563910e-02,4.007372e-02,5.140344e-02,2.098134e-02
1.842467e-01,2.749051e-02,1.862483e-02,3.515858e-02,7.818540e-02,1.835648e-02,3.581813e-03,5.431291e-02,3.470940e-01,1.347993e-02,9.824120e-02,2.064443e-02,3.013633e-02,5.184760e-02,1.859919e-02
2.375518e-01,3.112645e-02,1.644620e-02,3.804987e-02,8.790454e-02,3.196984e-02,4.725546e-03,5.077425e-02,2.978946e-01,1.089008e-02,7.831861e-02,1.720129e-02,2.391479e-02,5.225842e-02,2.097371e-02
2.195619e-01,6.163789e-02,1.671933e-02,1.189036e-01,9.591770e-02,3.042722e-02,4.816481e-03,4.351746e-02,2.381215e-01,8.470624e-03,6.293649e-02,1.509422e-02,1.855552e-02,3.961342e-02,2.570662e-02
2.594763e-01,6.165202e-02,1.490787e-02,1.052751e-01,1.175124e-01,4.043852e-02,4.959519e-03,3.451488e-02,1.985047e-01,8.735966e-03,6.124899e-02,1.359499e-02,1.738696e-02,3.779871e-02,2.399301e-02
2.790380e-01,5.802272e-02,1.191894e-02,8.871911e-02,1.021188e-01,4.585550e-02,4.108149e-03,2.564763e-02,2.050388e-01,1.041541e-02,5.692568e-02,1.356578e-02,2.169839e-02,4.181878e-02,3.510834e-02
3.475566e-01,4.890834e-02,1.138496e-02,6.791703e-02,8.530977e-02,6.803878e-02,4.124642e-03,2.020336e-02,1.594245e-01,8.672499e-03,4.520209e-02,1.303181e-02,2.873988e-02,4.132677e-02,5.015896e-02
3.602063e-01,4.241329e-02,1.059250e-02,5.463679e-02,7.335105e-02,1.232660e-01,5.168982e-03,3.767524e-02,1.240542e-01,6.692261e-03,3.473757e-02,2.024189e-02,2.445445e-02,3.599092e-02,4.651854e-02
2.765172e-01,3.716297e-02,8.950077e-03,1.031783e-01,8.799445e-02,1.803148e-01,5.776533e-03,2.767152e-02,8.891553e-02,8.677835e-03,6.740938e-02,1.796504e-02,2.375660e-02,2.571889e-02,3.999097e-02
2.384862e-01,3.005442e-02,7.402750e-03,1.240261e-01,8.166865e-02,2.048510e-01,7.326628e-03,2.217517e-02,6.514273e-02,1.042469e-02,8.251932e-02,2.818346e-02,3.074541e-02,2.176802e-02,4.522559e-02
1.855019e-01,2.435848e-02,6.755276e-03,1.165976e-01,6.330450e-02,1.999224e-01,6.905197e-03,1.876859e-02,9.035079e-02,4.758657e-02,9.680758e-02,4.001679e-02,2.732177e-02,3.613450e-02,3.966811e-02
1.757045e-01,2.045319e-02,5.289754e-03,9.393875e-02,4.710791e-02,1.521413e-01,5.694129e-03,1.507219e-02,8.354826e-02,4.570967e-02,1.927950e-01,5.012943e-02,2.296569e-02,5.484533e-02,3.460493e-02
1.632555e-01,1.585123e-02,4.309298e-03,7.171203e-02,4.012504e-02,1.180281e-01,4.935431e-03,1.212617e-02,7.739307e-02,8.573052e-02,2.334297e-01,4.203417e-02,2.086561e-02,6.127166e-02,4.893255e-02
1.266300e-01,1.289131e-02,3.440131e-03,5.206208e-02,6.905115e-02,1.282986e-01,6.095558e-03,1.093412e-02,7.783206e-02,1.271345e-01,2.193182e-01,3.125960e-02,1.775143e-02,7.228611e-02,4.501524e-02
1.300720e-01,1.137299e-02,3.101693e-03,3.969697e-02,6.588665e-02,1.034552e-01,5.368154e-03,1.077488e-02,6.745405e-02,1.086902e-01,2.449785e-01,2.524099e-02,1.646917e-02,1.149808e-01,5.245773e-02
1.060082e-01,9.172683e-03,2.542828e-03,2.888298e-02,5.099799e-02,7.529294e-02,4.110487e-03,8.368264e-03,5.724876e-02,1.240255e-01,3.007825e-01,2.449977e-02,1.361191e-02,1.530138e-01,4.144136e-02
8.357760e-02,8.203698e-03,3.868446e-03,2.178507e-02,4.817367e-02,5.667740e-02,3.161218e-03,6.519515e-03,5.388459e-02,1.264566e-01,3.451075e-01,2.315074e-02,1.260423e-02,1.574183e-01,4.941141e-02
6.172641e-02,7.103899e-03,3.566023e-03,1.598277e-02,4.488615e-02,4.406329e-02,2.645640e-03,5.231411e-03,6.719913e-02,1.038201e-01,3.442759e-01,1.860427e-02,1.032988e-02,2.237104e-01,4.685476e-02
4.674419e-02,1.637014e-02,4.858168e-03,1.436139e-02,4.326592e-02,3.635038e-02,2.240047e-03,9.777540e-03,1.601902e-01,7.609345e-02,2.841372e-01,1.469101e-02,9.234217e-03,2.436313e-01,3.805478e-02
4.395364e-02,2.191728e-02,5.975557e-03,1.863163e-02,4.554457e-02,2.927049e-02,1.919010e-03,8.997534e-03,2.890501e-01,6.144981e-02,2.263905e-01,1.447553e-02,1.068088e-02,1.920650e-01,2.967838e-02
9.234542e-02,2.688865e-02,1.143986e-02,3.655549e-02,4.144524e-02,2.681443e-02,1.795624e-03,1.085578e-02,3.023747e-01,5.103363e-02,1.898889e-01,1.601986e-02,1.492055e-02,1.509051e-01,2.671679e-02
8.461079e-02,3.761590e-02,2.611036e-02,3.110799e-02,3.879812e-02,2.425569e-02,1.496380e-03,9.696249e-03,2.926143e-01,5.156896e-02,1.953493e-01,1.624446e-02,1.765200e-02,1.466120e-01,2.626750e-02
9.926167e-02,3.576205e-02,2.359353e-02,4.757183e-02,3.307618e-02,2.072601e-02,1.353640e-03,1.459545e-02,3.400925e-01,4.187449e-02,1.686078e-01,1.431866e-02,1.861113e-02,1.179665e-01,2.258860e-02
2.503151e-01,3.032757e-02,2.043394e-02,5.045987e-02,2.539547e-02,2.429711e-02,1.741747e-03,1.292796e-02,2.496123e-01,3.089309e-02,1.478446e-01,2.473310e-02,1.935875e-02,8.852904e-02,2.313046e-02
3.953043e-01,2.739269e-02,1.733261e-02,4.661134e-02,1.980514e-02,2.749763e-02,1.960310e-03,1.107209e-02,1.797058e-01,2.339914e-02,1.164398e-01,2.523210e-02,1.828199e-02,6.587698e-02,2.408813e-02
4.726699e-01,2.615402e-02,1.577814e-02,4.579080e-02,1.774882e-02,3.841856e-02,2.184392e-03,1.076812e-02,1.365118e-01,2.175914e-02,9.012127e-02,2.518907e-02,1.961463e-02,5.044893e-02,2.684239e-02
4.472516e-01,2.971458e-02,1.475190e-02,8.066875e-02,1.523283e-02,3.864534e-02,2.159647e-03,9.639607e-03,1.334031e-01,2.051130e-02,7.975984e-02,2.325274e-02,1.973352e-02,4.244301e-02,4.283218e-02
4.564689e-01,2.632066e-02,2.201864e-02,9.745170e-02,1.595341e-02,3.608607e-02,2.789611e-03,1.044754e-02,1.256631e-01,1.688807e-02,7.108466e-02,2.352377e-02,1.837157e-02,3.557342e-02,4.135888e-02
3.982668e-01,4.864537e-02,3.334763e-02,8.401953e-02,6.909905e-02,3.225416e-02,2.426720e-03,1.338257e-02,1.187639e-01,1.972862e-02,6.970052e-02,2.083998e-02,1.535199e-02,3.351418e-02,4.065906e-02
3.298140e-01,5.094364e-02,3.924549e-02,1.124607e-01,1.392319e-01,3.058114e-02,3.566648e-03,1.409492e-02,1.085233e-01,1.670782e-02,5.789973e-02,1.742219e-02,1.354081e-02,2.834812e-02,3.761959e-02
3.140402e-01,6.214932e-02,4.505622e-02,1.149226e-01,1.205030e-01,2.850196e-02,2.922489e-03,1.809162e-02,1.167701e-01,1.624560e-02,4.579830e-02,1.629163e-02,1.363141e-02,3.023686e-02,5.483856e-02
2.855196e-01,6.232039e-02,3.964030e-02,1.187763e-01,1.265635e-01,4.320548e-02,3.684414e-03,1.877058e-02,1.303257e-01,1.946001e-02,4.106617e-02,1.781594e-02,1.508819e-02,2.918310e-02,4.858023e-02
2.535283e-01,6.458052e-02,4.061932e-02,1.815170e-01,1.311850e-01,3.916683e-02,3.817360e-03,3.235845e-02,1.139120e-01,1.718179e-02,3.306926e-02,1.464099e-02,1.177952e-02,2.218483e-02,4.045887e-02
2.107703e-01,5.194001e-02,1.500916e-01,1.887108e-01,1.153286e-01,2.991438e-02,2.954808e-03,3.342845e-02,8.692782e-02,3.690638e-02,2.576509e-02,1.166731e-02,8.656465e-03,1.607679e-02,3.086110e-02
1.997977e-01,5.163841e-02,1.553237e-01,1.710026e-01,1.428192e-01,2.698460e-02,2.724920e-03,5.356831e-02,9.381961e-02,2.936177e-02,2.011557e-02,9.464222e-03,7.360746e-03,1.296766e-02,2.305097e-02
1.667853e-01,3.716353e-02,1.545952e-01,1.989246e-01,1.159662e-01,2.061110e-02,2.145799e-03,1.557259e-01,6.879984e-02,2.459014e-02,1.579799e-02,7.244953e-03,5.492504e-03,9.419594e-03,1.673727e-02
1.246637e-01,2.609736e-02,1.115155e-01,1.408325e-01,8.548684e-02,1.472016e-02,1.616989e-03,3.907219e-01,4.835105e-02,1.723880e-02,1.139981e-02,5.107316e-03,3.920515e-03,6.598766e-03,1.172887e-02
8.898459e-02,1.828730e-02,7.848273e-02,1.002380e-01,6.318824e-02,1.037778e-02,1.186825e-03,5.659302e-01,3.391724e-02,1.207716e-02,8.148579e-03,3.581988e-03,2.766174e-03,4.620182e-03,8.212962e-03
6.320544e-02,1.280688e-02,5.499790e-02,7.024754e-02,4.544329e-02,7.303754e-03,8.613825e-04,6.937518e-01,2.374623e-02,8.458540e-03,5.733548e-03,2.512482e-03,1.944415e-03,3.234915e-03,5.751807e-03
4.508539e-02,8.975689e-03,3.851341e-02,4.922451e-02,3.419301e-02,5.134018e-03,6.159403e-04,7.822320e-01,1.663064e-02,5.923735e-03,4.040414e-03,1.766046e-03,1.370536e-03,2.265403e-03,4.029191e-03
4.700297e-02,6.717962e-03,2.718106e-02,3.568636e-02,2.547199e-02,3.872240e-03,4.561846e-04,8.124210e-01,1.275259e-02,4.219776e-03,8.884140e-03,7.071106e-03,3.192982e-03,1.869197e-03,3.200394e-03
3.657436e-02,5.204750e-03,1.911853e-02,2.613461e-02,1.950996e-02,2.929498e-03,3.604617e-04,8.436036e-01,1.535001e-02,2.984407e-03,1.136478e-02,6.923656e-03,5.856209e-03,1.461172e-03,2.623864e-03
3.045057e-02,5.189038e-03,1.348624e-02,1.988346e-02,2.268196e-02,2.801670e-03,8.206925e-04,8.441787e-01,2.945216e-02,2.127628e-03,1.230687e-02,5.754215e-03,7.084814e-03,1.414984e-03,2.366970e-03
3.090141e-02,6.248266e-03,1.025800e-02,2.507218e-02,2.413006e-02,3.962987e-03,9.963356e-04,7.892689e-01,4.633994e-02,1.710489e-03,2.195621e-02,7.188517e-03,2.682919e-02,2.469251e-03,2.668271e-03
5.734605e-02,6.479944e-03,7.983400e-03,2.497411e-02,2.426298e-02,2.291722e-02,1.386998e-03,6.449056e-01,4.466221e-02,1.377142e-03,2.460702e-02,6.423282e-03,1.276036e-01,2.107332e-03,2.963156e-03
5.416674e-02,8.636232e-03,8.130806e-03,5.295831e-02,2.190451e-02,2.223033e-02,1.766803e-03,4.671385e-01,1.274054e-01,1.622203e-03,3.958023e-02,1.114075e-02,1.777162e-01,1.988071e-03,3.614838e-03
8.246747e-02,7.236626e-03,1.269802e-02,3.999953e-02,2.520696e-02,2.091107e-02,5.236336e-03,3.387820e-01,9.969802e-02,1.999543e-03,3.598440e-02,1.386309e-02,3.094590e-01,1.729788e-03,4.728126e-03
1.198888e-01,5.674944e-03,1.337363e-02,3.060917e-02,2.509098e-02,2.132672e-02,5.174029e-03,2.434927e-01,7.792867e-02,2.436636e-03,4.189930e-02,2.585653e-02,3.770942e-01,1.968657e-03,8.185027e-03
1.029264e-01,4.333546e-03,9.630888e-03,2.161788e-02,1.855301e-02,1.725016e-02,4.086095e-03,1.709896e-01,5.694831e-02,1.960099e-03,3.040621e-02,2.213494e-02,5.307130e-01,1.507767e-03,6.942191e-03
9.845347e-02,3.956822e-03,7.272961e-03,1.530287e-02,1.510003e-02,1.698800e-02,3.283544e-03,1.203086e-01,4.536112e-02,1.476954e-03,2.291151e-02,2.090539e-02,6.214589e-01,1.182441e-03,6.037448e-03
9.054516e-02,4.217964e-03,6.201521e-03,1.094828e-02,1.390658e-02,1.403222e-02,2.630168e-03,8.509265e-02,3.627879e-02,1.146212e-03,1.637075e-02,1.751901e-02,6.939307e-01,9.545724e-04,6.225384e-03
9.176387e-02,3.657515e-03,2.184280e-02,1.083468e-02,1.480177e-02,1.359097e-02,2.545781e-03,6.546661e-02,2.968109e-02,1.249968e-03,1.206575e-02,1.372209e-02,7.127268e-01,9.179051e-04,5.132468e-03
8.084242e-02,3.075180e-03,1.738509e-02,7.808385e-03,1.437492e-02,1.180482e-02,2.580246e-03,4.896289e-02,2.294667e-02,9.387887e-04,8.799762e-03,1.205065e-02,7.634962e-01,8.244483e-04,4.109527e-03
8.731474e-02,3.172537e-03,1.289553e-02,5.881400e-03,1.339478e-02,1.174197e-02,2.444064e-03,3.658397e-02,1.802498e-02,7.048163e-04,6.485307e-03,1.207358e-02,7.848994e-01,1.042929e-03,3.339955e-03
9.730354e-02,3.920659e-03,1.068785e-02,5.239087e-03,1.904454e-02,1.237527e-02,5.053755e-03,4.848122e-02,1.534390e-02,6.679925e-04,5.583094e-03,1.457195e-02,7.571852e-01,1.446715e-03,3.095204e-03
9.873827e-02,7.876780e-03,1.070916e-02,4.796210e-03,2.564602e-02,1.215794e-02,4.575811e-03,5.902179e-02,1.944776e-02,1.209975e-03,5.124310e-03,1.460912e-02,7.308070e-01,1.509681e-03,3.770202e-03
1.012690e-01,9.072716e-03,1.685118e-02,5.092238e-03,3.737246e-02,1.463969e-02,4.690049e-03,9.953311e-02,1.820084e-02,1.788857e-03,5.341986e-03,1.551944e-02,6.635720e-01,1.847814e-03,5.208632e-03
1.100470e-01,1.235287e-02,1.713958e-02,5.248392e-03,5.207509e-02,1.617023e-02,4.451700e-03,9.903310e-02,2.270283e-02,2.028697e-03,5.742610e-03,1.728089e-02,6.280612e-01,1.890177e-03,5.775640e-03
1.147037e-01,1.313636e-02,1.314418e-02,4.311673e-03,4.467395e-02,1.790292e-02,3.863483e-03,7.917102e-02,2.585692e-02,1.769786e-03,4.940556e-03,1.858340e-02,6.500921e-01,1.962877e-03,5.887081e-03
1.640821e-01,1.237565e-02,1.021263e-02,4.246450e-03,3.697668e-02,1.859989e-02,3.270706e-03,5.952026e-02,3.418005e-02,1.536350e-03,4.199227e-03,1.623424e-02,6.268636e-01,2.204111e-03,5.498095e-03
2.433680e-01,1.208181e-02,9.291994e-03,5.049374e-03,3.868338e-02,1.878861e-02,3.393271e-03,4.984793e-02,3.905981e-02,1.523050e-03,3.937398e-03,1.648966e-02,5.501251e-01,2.519193e-03,5.841471e-03
3.155430e-01,1.381825e-02,8.596858e-03,6.795347e-03,3.192570e-02,1.916826e-02,4.065492e-03,4.738842e-02,4.431856e-02,1.397918e-03,4.635327e-03,1.681207e-02,4.752091e-01,3.128255e-03,7.197449e-03
4.098096e-01,1.618904e-02,7.116172e-03,8.135633e-03,2.480794e-02,2.020873e-02,4.174351e-03,3.775156e-02,4.638300e-02,1.312576e-03,4.782257e-03,1.826693e-02,3.876315e-01,3.677115e-03,9.753487e-03
4.393414e-01,1.343309e-02,5.520713e-03,7.595859e-03,1.864921e-02,1.982166e-02,3.905052e-03,3.472916e-02,4.126018e-02,1.033554e-03,4.171371e-03,1.715850e-02,3.815644e-01,3.153064e-03,8.662742e-03
4.778605e-01,1.291894e-02,5.363292e-03,7.567906e-03,1.460688e-02,2.139381e-02,3.664414e-03,3.951718e-02,4.577093e-02,8.833269e-04,4.174599e-03,1.769548e-02,3.369268e-01,2.922679e-03,8.733125e-03
