1.000000e+00,0.000000e+00,0.000000e+00,0.000000e+00,0.000000e+00,0.000000e+00,0.000000e+00,0.000000e+00,0.000000e+00,0.000000e+00,0.000000e+00,0.000000e+00,0.000000e+00,0.000000e+00,0.000000e+00
1.000000e+00,0.000000e+00,0.000000e+00,0.000000e+00,0.000000e+00,0.000000e+00,0.000000e+00,0.000000e+00,0.000000e+00,0.000000e+00,0.000000e+00,0.000000e+00,0.000000e+00,0.000000e+00,0.000000e+00
1.000000e+00,0.000000e+00,0.000000e+00,0.000000e+00,0.000000e+00,0.000000e+00,0.000000e+00,0.000000e+00,0.000000e+00,0.000000e+00,0.000000e+00,0.000000e+00,0.000000e+00,0.000000e+00,0.000000e+00
1.000000e+00,0.000000e+00,0.000000e+00,0.000000e+00,0.000000e+00,0.000000e+00,0.000000e+00,0.000000e+00,0.000000e+00,0.000000e+00,0.000000e+00,0.000000e+00,0.000000e+00,0.000000e+00,0.000000e+00
1.000000e+00,0.000000e+00,0.000000e+00,0.000000e+00,0.000000e+00,0.000000e+00,0.000000e+00,0.000000e+00,0.000000e+00,0.000000e+00,0.000000e+00,0.000000e+00,0.000000e+00,0.000000e+00,0.000000e+00
1.000000e+00,0.000000e+00,0.000000e+00,0.000000e+00,0.000000e+00,0.000000e+00,0.000000e+00,0.000000e+00,0.000000e+00,0.000000e+00,0.000000e+00,0.000000e+00,0.000000e+00,0.000000e+00,0.000000e+00
1.000000e+00,0.000000e+00,0.000000e+00,0.000000e+00,0.000000e+00,0.000000e+00,0.000000e+00,0.000000e+00,0.000000e+00,0.000000e+00,0.000000e+00,0.000000e+00,0.000000e+00,0.000000e+00,0.000000e+00
1.000000e+00,0.000000e+00,0.000000e+00,0.000000e+00,0.000000e+00,0.000000e+00,0.000000e+00,0.000000e+00,0.000000e+00,0.000000e+00,0.000000e+00,0.000000e+00,0.000000e+00,0.000000e+00,0.000000e+00
1.000000e+00,0.000000e+00,0.000000e+00,0.000000e+00,0.000000e+00,0.000000e+00,0.000000e+00,0.000000e+00,0.000000e+00,0.000000e+00,0.000000e+00,0.000000e+00,0.000000e+00,0.000000e+00,0.000000e+00
1.000000e+00,0.000000e+00,0.000000e+00,0.000000e+00,0.000000e+00,0.000000e+00,0.000000e+00,0.000000e+00,0.000000e+00,0.000000e+00,0.000000e+00,0.000000e+00,0.000000e+00,0.000000e+00,0.000000e+00
1.000000e+00,0.000000e+00,0.000000e+00,0.000000e+00,0.000000e+00,0.000000e+00,0.000000e+00,0.000000e+00,0.000000e+00,0.000000e+00,0.000000e+00,0.000000e+00,0.000000e+00,0.000000e+00,0.000000e+00
1.000000e+00,0.000000e+00,0.000000e+00,0.000000e+00,0.000000e+00,0.000000e+00,0.000000e+00,0.000000e+00,0.000000e+00,0.000000e+00,0.000000e+00,0.000000e+00,0.000000e+00,0.000000e+00,0.000000e+00
1.000000e+00,0.000000e+00,0.000000e+00,0.000000e+00,0.000000e+00,0.000000e+00,0.000000e+00,0.000000e+00,0.000000e+00,0.000000e+00,0.000000e+00,0.000000e+00,0.000000e+00,0.000000e+00,0.000000e+00
1.000000e+00,0.000000e+00,0.000000e+00,0.000000e+00,0.000000e+00,0.000000e+00,0.000000e+00,0.000000e+00,0.000000e+00,0.000000e+00,0.000000e+00,0.000000e+00,0.000000e+00,0.000000e+00,0.000000e+00
1.000000e+00,0.000000e+00,0.000000e+00,0.000000e+00,0.000000e+00,0.000000e+00,0.000000e+00,0.000000e+00,0.000000e+00,0.000000e+00,0.000000e+00,0.000000e+00,0.000000e+00,0.000000e+00,0.000000e+00
1.000000e+00,0.000000e+00,0.000000e+00,0.000000e+00,0.000000e+00,0.000000e+00,0.000000e+00,0.000000e+00,0.000000e+00,0.000000e+00,0.000000e+00,0.000000e+00,0.000000e+00,0.000000e+00,0.000000e+00
1.000000e+00,0.000000e+00,0.000000e+00,0.000000e+00,0.000000e+00,0.000000e+00,0.000000e+00,0.000000e+00,0.000000e+00,0.000000e+00,0.000000e+00,0.000000e+00,0.000000e+00,0.000000e+00,0.000000e+00
1.000000e+00,0.000000e+00,0.000000e+00,0.000000e+00,0.000000e+00,0.000000e+00,0.000000e+00,0.000000e+00,0.000000e+00,0.000000e+00,0.000000e+00,0.000000e+00,0.000000e+00,0.000000e+00,0.000000e+00
1.000000e+00,0.000000e+00,0.000000e+00,0.000000e+00,0.000000e+00,0.000000e+00,0.000000e+00,0.000000e+00,0.000000e+00,0.000000e+00,0.000000e+00,0.000000e+00,0.000000e+00,0.000000e+00,0.000000e+00
1.000000e+00,0.000000e+00,0.000000e+00,0.000000e+00,0.000000e+00,0.000000e+00,0.000000e+00,0.000000e+00,0.000000e+00,0.000000e+00,0.000000e+00,0.000000e+00,0.000000e+00,0.000000e+00,0.000000e+00
1.000000e+00,0.000000e+00,0.000000e+00,0.000000e+00,0.000000e+00,0.000000e+00,0.000000e+00,0.000000e+00,0.000000e+00,0.000000e+00,0.000000e+00,0.000000e+00,0.000000e+00,0.000000e+00,0.000000e+00
1.000000e+00,0.000000e+00,0.000000e+00,0.000000e+00,0.000000e+00,0.000000e+00,0.000000e+00,0.000000e+00,0.000000e+00,0.000000e+00,0.000000e+00,0.000000e+00,0.000000e+00,0.000000e+00,0.000000e+00
1.000000e+00,0.000000e+00,0.000000e+00,0.000000e+00,0.000000e+00,0.000000e+00,0.000000e+00,0.000000e+00,0.000000e+00,0.000000e+00,0.000000e+00,0.000000e+00,0.000000e+00,0.000000e+00,0.000000e+00
1.000000e+00,0.000000e+00,0.000000e+00,0.000000e+00,0.000000e+00,0.000000e+00,0.000000e+00,0.000000e+00,0.000000e+00,0.000000e+00,0.000000e+00,0.000000e+00,0.000000e+00,0.000000e+00,0.000000e+00
1.000000e+00,0.000000e+00,0.000000e+00,0.000000e+00,0.000000e+00,0.000000e+00,0.000000e+00,0.000000e+00,0.000000e+00,0.000000e+00,0.000000e+00,0.000000e+00,0.000000e+00,0.000000e+00,0.000000e+00
1.000000e+00,0.000000e+00,0.000000e+00,0.000000e+00,0.000000e+00,0.000000e+00,0.000000e+00,0.000000e+00,0.000000e+00,0.000000e+00,0.000000e+00,0.000000e+00,0.000000e+00,0.000000e+00,0.000000e+00
1.000000e+00,0.000000e+00,0.000000e+00,0.000000e+00,0.000000e+00,0.000000e+00,0.000000e+00,0.000000e+00,0.000000e+00,0.000000e+00,0.000000e+00,0.000000e+00,0.000000e+00,0.000000e+00,0.000000e+00
1.000000e+00,0.000000e+00,0.000000e+00,0.000000e+00,0.000000e+00,0.000000e+00,0.000000e+00,0.000000e+00,0.000000e+00,0.000000e+00,0.000000e+00,0.000000e+00,0.000000e+00,0.000000e+00,0.000000e+00
1.000000e+00,0.000000e+00,0.000000e+00,0.000000e+00,0.000000e+00,0.000000e+00,0.000000e+00,0.000000e+00,0.000000e+00,0.000000e+00,0.000000e+00,0.000000e+00,0.000000e+00,0.000000e+00,0.000000e+00
1.000000e+00,0.000000e+00,0.000000e+00,0.000000e+00,0.000000e+00,0.000000e+00,0.000000e+00,0.000000e+00,0.000000e+00,0.000000e+00,0.000000e+00,0.000000e+00,0.000000e+00,0.000000e+00,0.000000e+00
1.000000e+00,0.000000e+00,0.000000e+00,0.000000e+00,0.000000e+00,0.000000e+00,0.000000e+00,0.000000e+00,0.000000e+00,0.000000e+00,0.000000e+00,0.000000e+00,0.000000e+00,0.000000e+00,0.000000e+00
1.000000e+00,0.000000e+00,0.000000e+00,0.000000e+00,0.000000e+00,0.000000e+00,0.000000e+00,0.000000e+00,0.000000e+00,0.000000e+00,0.000000e+00,0.000000e+00,0.000000e+00,0.000000e+00,0.000000e+00
1.000000e+00,0.000000e+00,0.000000e+00,0.000000e+00,0.000000e+00,0.000000e+00,0.000000e+00,0.000000e+00,0.000000e+00,0.000000e+00,0.000000e+00,0.000000e+00,0.000000e+00,0.000000e+00,0.000000e+00
1.000000e+00,0.000000e+00,0.000000e+00,0.000000e+00,0.000000e+00,0.000000e+00,0.000000e+00,0.000000e+00,0.000000e+00,0.000000e+00,0.000000e+00,0.000000e+00,0.000000e+00,0.000000e+00,0.000000e+00
1.000000e+00,0.000000e+00,0.000000e+00,0.000000e+00,0.000000e+00,0.000000e+00,0.000000e+00,0.000000e+00,0.000000e+00,0.000000e+00,0.000000e+00,0.000000e+00,0.000000e+00,0.000000e+00,0.000000e+00
1.000000e+00,0.000000e+00,0.000000e+00,0.000000e+00,0.000000e+00,0.000000e+00,0.000000e+00,0.000000e+00,0.000000e+00,0.000000e+00,0.000000e+00,0.000000e+00,0.000000e+00,0.000000e+00,0.000000e+00
1.000000e+00,0.000000e+00,0.000000e+00,0.000000e+00,0.000000e+00,0.000000e+00,0.000000e+00,0.000000e+00,0.000000e+00,0.000000e+00,0.000000e+00,0.000000e+00,0.000000e+00,0.000000e+00,0.000000e+00
1.000000e+00,0.000000e+00,0.000000e+00,0.000000e+00,0.000000e+00,0.000000e+00,0.000000e+00,0.000000e+00,0.000000e+00,0.000000e+00,0.000000e+00,0.000000e+00,0.000000e+00,0.000000e+00,0.000000e+00
1.000000e+00,0.000000e+00,0.000000e+00,0.000000e+00,0.000000e+00,0.000000e+00,0.000000e+00,0.000000e+00,0.000000e+00,0.000000e+00,0.000000e+00,0.000000e+00,0.000000e+00,0.000000e+00,0.000000e+00
1.000000e+00,0.000000e+00,0.000000e+00,0.000000e+00,0.000000e+00,0.000000e+00,0.000000e+00,0.000000e+00,0.000000e+00,0.000000e+00,0.000000e+00,0.000000e+00,0.000000e+00,0.000000e+00,0.000000e+00
1.000000e+00,0.000000e+00,0.000000e+00,0.000000e+00,0.000000e+00,0.000000e+00,0.000000e+00,0.000000e+00,0.000000e+00,0.000000e+00,0.000000e+00,0.000000e+00,0.000000e+00,0.000000e+00,0.000000e+00
1.000000e+00,0.000000e+00,0.000000e+00,0.000000e+00,0.000000e+00,0.000000e+00,0.000000e+00,0.000000e+00,0.000000e+00,0.000000e+00,0.000000e+00,0.000000e+00,0.000000e+00,0.000000e+00,0.000000e+00
1.000000e+00,0.000000e+00,0.000000e+00,0.000000e+00,0.000000e+00,0.000000e+00,0.000000e+00,0.000000e+00,0.000000e+00,0.000000e+00,0.000000e+00,0.000000e+00,0.000000e+00,0.000000e+00,0.000000e+00
1.000000e+00,0.000000e+00,0.000000e+00,0.000000e+00,0.000000e+00,0.000000e+00,0.000000e+00,0.000000e+00,0.000000e+00,0.000000e+00,0.000000e+00,0.000000e+00,0.000000e+00,0.000000e+00,0.000000e+00
3.876710e-01,5.520458e-02,2.524125e-02,1.852994e-01,2.425979e-02,3.621674e-02,1.513997e-02,7.477717e-02,3.124060e-02,4.767335e-03,2.201959e-02,5.466346e-02,1.642571e-02,5.183801e-03,6.188965e-02
2.914496e-01,5.899885e-02,4.106991e-02,2.267103e-01,3.073392e-02,3.728869e-02,1.542280e-02,8.694548e-02,4.273117e-02,4.504842e-03,2.577293e-02,5.613463e-02,1.456146e-02,5.606319e-03,6.206912e-02
2.304070e-01,7.136999e-02,4.006052e-02,2.530365e-01,3.757717e-02,3.493551e-02,1.495660e-02,7.412440e-02,6.234603e-02,5.216287e-03,2.666894e-02,5.692894e-02,1.445070e-02,6.403503e-03,7.151790e-02
1.692473e-01,6.338762e-02,6.712001e-02,3.125260e-01,3.679554e-02,3.173735e-02,1.207075e-02,8.108807e-02,6.351741e-02,4.687886e-03,2.413636e-02,5.043558e-02,1.216763e-02,6.423810e-03,6.465866e-02
1.354153e-01,8.712055e-02,5.863945e-02,3.423557e-01,3.544444e-02,2.864033e-02,1.174128e-02,6.366581e-02,6.967236e-02,5.213364e-03,2.525122e-02,4.528957e-02,1.241893e-02,6.568755e-03,7.256293e-02
9.898186e-02,8.210234e-02,5.970640e-02,4.565343e-01,2.979614e-02,2.234637e-02,9.059444e-03,5.404468e-02,5.674105e-02,3.876797e-03,2.115450e-02,3.471685e-02,9.498674e-03,5.295305e-03,5.614533e-02
1.189570e-01,7.735034e-02,5.702984e-02,4.332902e-01,2.901699e-02,2.215978e-02,8.565580e-03,4.450662e-02,6.062127e-02,4.163711e-03,2.539597e-02,3.492841e-02,1.756725e-02,7.079884e-03,5.936726e-02
1.739706e-01,7.737340e-02,4.702874e-02,3.683799e-01,3.162594e-02,2.507830e-02,9.295790e-03,3.572980e-02,6.284023e-02,4.317862e-03,2.870412e-02,3.792643e-02,2.438353e-02,9.528363e-03,6.381698e-02
3.020400e-01,7.167053e-02,3.609270e-02,2.871516e-01,2.847464e-02,2.675223e-02,1.016995e-02,2.992185e-02,4.926126e-02,3.752421e-03,2.539851e-02,3.864171e-02,2.544234e-02,8.999366e-03,5.623088e-02
3.983941e-01,6.621629e-02,2.820796e-02,2.261543e-01,2.530326e-02,2.717056e-02,1.112461e-02,2.591979e-02,3.903961e-02,3.386709e-03,2.217880e-02,3.947657e-02,2.745387e-02,8.723624e-03,5.124993e-02
4.622222e-01,5.952427e-02,2.556930e-02,2.020325e-01,2.114457e-02,2.608746e-02,9.985091e-03,2.557311e-02,3.169590e-02,2.724367e-03,2.151107e-02,3.761783e-02,2.390601e-02,7.416572e-03,4.298986e-02
1.000000e+00,0.000000e+00,0.000000e+00,0.000000e+00,0.000000e+00,0.000000e+00,0.000000e+00,0.000000e+00,0.000000e+00,0.000000e+00,0.000000e+00,0.000000e+00,0.000000e+00,0.000000e+00,0.000000e+00
1.000000e+00,0.000000e+00,0.000000e+00,0.000000e+00,0.000000e+00,0.000000e+00,0.000000e+00,0.000000e+00,0.000000e+00,0.000000e+00,0.000000e+00,0.000000e+00,0.000000e+00,0.000000e+00,0.000000e+00
4.234274e-01,3.574229e-02,2.679278e-02,1.225514e-01,1.302278e-02,2.808675e-02,6.881665e-03,2.411302e-01,1.724952e-02,1.741949e-03,1.449817e-02,2.505155e-02,1.532508e-02,4.044300e-03,2.445416e-02
3.009874e-01,2.519525e-02,1.945227e-02,8.662874e-02,9.638346e-03,2.040657e-02,5.097032e-03,4.598358e-01,1.218644e-02,1.246780e-03,1.044255e-02,1.778958e-02,1.094355e-02,2.857477e-03,1.729221e-02
2.109564e-01,1.766067e-02,1.369958e-02,6.078735e-02,6.917898e-03,1.435671e-02,3.712742e-03,6.208843e-01,8.541153e-03,8.736056e-04,7.350805e-03,1.246388e-02,7.673534e-03,2.007189e-03,1.211431e-02
1.480885e-01,1.237954e-02,9.654013e-03,4.258826e-02,4.917171e-03,1.025676e-02,2.846433e-03,7.334499e-01,5.981823e-03,6.132799e-04,5.178438e-03,8.733764e-03,5.389794e-03,1.432968e-03,8.489433e-03
1.044943e-01,8.710384e-03,6.849579e-03,2.987803e-02,3.680942e-03,8.354664e-03,2.653240e-03,8.096484e-01,4.223884e-03,4.377637e-04,3.788412e-03,6.182510e-03,4.000238e-03,1.127482e-03,5.970226e-03
7.478842e-02,6.240674e-03,4.823937e-03,2.116725e-02,2.914750e-03,8.925213e-03,3.249354e-03,6.408415e-01,3.865595e-03,4.404818e-04,1.381964e-02,1.341473e-02,1.987289e-01,1.717279e-03,5.062234e-03
5.276382e-02,4.469689e-03,3.400206e-03,1.512302e-02,2.437397e-03,8.748439e-03,3.637569e-03,4.919098e-01,2.944414e-03,3.853239e-04,1.341830e-02,1.409444e-02,3.804742e-01,1.457797e-03,4.735679e-03
3.874096e-02,3.220586e-03,2.492431e-03,1.158434e-02,2.467657e-03,8.716619e-03,4.473706e-03,3.580056e-01,2.632854e-03,4.600130e-04,1.476601e-02,2.138370e-02,5.190352e-01,2.535217e-03,9.485223e-03
2.765487e-02,2.293373e-03,1.800790e-03,8.525271e-03,2.367821e-03,7.085300e-03,3.558737e-03,2.515500e-01,2.267507e-03,3.884522e-04,1.381296e-02,1.658153e-02,6.526492e-01,1.878306e-03,7.586000e-03
1.963624e-02,1.643276e-03,1.294399e-03,6.175695e-03,2.102750e-03,5.512349e-03,2.668157e-03,1.763747e-01,1.749075e-03,3.048144e-04,1.115208e-02,1.286098e-02,7.512990e-01,1.346861e-03,5.879735e-03
1.621727e-02,1.447474e-03,1.200679e-03,4.724541e-03,2.471782e-03,6.686924e-03,2.266345e-03,1.242907e-01,3.053317e-03,2.562992e-04,8.696429e-03,1.054906e-02,8.126682e-01,9.809985e-04,4.489958e-03
1.649197e-02,1.897461e-03,2.007100e-03,3.720244e-03,3.698512e-03,7.615237e-03,2.060265e-03,8.896360e-02,5.179175e-03,2.129664e-04,7.116530e-03,8.724337e-03,8.480936e-01,7.635522e-04,3.455454e-03
1.601896e-02,5.799006e-03,3.724955e-03,2.826244e-03,4.120886e-03,1.109703e-02,1.749259e-03,7.184824e-02,9.123269e-03,2.346143e-04,5.846739e-03,7.562621e-03,8.553243e-01,6.525603e-04,4.071312e-03
2.637036e-02,5.947474e-03,6.380165e-02,6.089488e-03,6.780694e-03,1.641980e-02,2.517091e-03,6.247957e-02,1.041119e-02,2.958993e-04,4.679594e-03,6.343791e-03,7.838866e-01,6.303472e-04,3.346554e-03
3.244539e-02,6.067902e-03,5.373693e-02,5.532399e-03,1.465002e-02,2.411853e-02,3.172579e-03,5.004728e-02,1.323018e-02,2.781659e-04,3.521409e-03,5.297279e-03,7.842495e-01,6.099106e-04,3.042534e-03
5.193841e-02,2.451839e-02,5.254213e-02,9.747221e-03,3.474708e-02,2.291186e-02,3.575206e-03,4.053615e-02,6.420390e-02,2.698350e-03,7.559040e-03,6.656353e-03,6.632646e-01,5.649671e-04,1.453635e-02
5.377916e-02,3.001730e-02,5.701694e-02,4.386477e-02,8.123631e-02,2.138750e-02,4.819396e-03,4.292359e-02,1.032013e-01,3.644788e-03,7.973112e-03,5.778730e-03,5.252379e-01,4.709721e-04,1.864826e-02
4.393069e-02,6.329506e-02,4.604078e-02,3.553347e-02,6.019486e-02,3.544393e-02,4.212044e-03,3.474389e-02,2.453617e-01,4.510141e-03,7.299657e-03,4.701145e-03,3.880238e-01,3.931155e-04,2.631570e-02
3.948580e-02,6.766154e-02,7.099206e-02,7.366693e-02,5.107727e-02,3.477921e-02,3.772314e-03,3.475631e-02,2.924594e-01,6.687974e-03,6.942728e-03,4.614701e-03,2.839988e-01,3.441794e-04,2.876075e-02
5.140733e-02,6.018108e-02,8.784968e-02,6.252078e-02,4.548362e-02,3.371935e-02,5.052120e-03,5.097067e-02,3.189572e-01,7.321063e-03,5.824807e-03,4.055534e-03,2.410353e-01,3.917438e-04,2.522974e-02
1.232589e-01,5.219562e-02,8.258944e-02,6.882375e-02,4.295994e-02,2.740072e-02,9.208719e-03,5.321907e-02,3.130203e-01,6.931664e-03,9.954771e-03,7.999782e-03,1.762537e-01,1.009843e-03,2.517368e-02
2.046526e-01,4.338066e-02,7.811681e-02,6.506412e-02,3.627210e-02,2.349827e-02,7.847158e-03,5.460289e-02,2.777561e-01,9.655534e-03,1.189007e-02,8.645037e-03,1.295606e-01,1.974310e-03,4.708370e-02
3.042340e-01,4.524611e-02,5.971883e-02,5.059719e-02,2.893599e-02,1.971593e-02,6.015111e-03,5.308366e-02,2.326689e-01,1.282995e-02,1.332922e-02,9.772068e-03,9.994984e-02,2.682752e-03,6.122033e-02
3.399417e-01,4.184906e-02,4.943558e-02,4.669490e-02,2.455512e-02,1.656291e-02,5.127231e-03,4.645471e-02,2.112182e-01,1.596326e-02,1.882293e-02,1.289193e-02,7.829185e-02,5.439664e-03,8.675096e-02
3.880193e-01,3.122203e-02,3.885180e-02,4.593652e-02,2.343282e-02,1.421462e-02,4.280777e-03,1.129207e-01,1.611856e-01,1.182576e-02,2.064121e-02,1.513517e-02,6.238018e-02,5.321500e-03,6.463196e-02
3.582291e-01,2.687173e-02,3.141186e-02,5.358839e-02,2.546532e-02,2.043327e-02,3.447331e-03,2.191328e-01,1.238666e-01,8.796227e-03,1.574752e-02,1.164094e-02,4.581494e-02,5.406198e-03,5.014786e-02
2.591105e-01,1.903268e-02,2.237268e-02,4.288726e-02,2.318612e-02,1.708376e-02,2.629894e-03,4.222994e-01,9.392714e-02,6.176196e-03,1.146750e-02,8.250855e-03,3.227217e-02,4.033143e-03,3.527076e-02
1.869720e-01,1.339000e-02,1.591918e-02,3.110972e-02,1.671307e-02,1.241415e-02,1.904582e-03,5.869856e-01,6.596926e-02,4.367301e-03,8.150754e-03,5.815342e-03,2.266002e-02,2.869228e-03,2.475976e-02
1.363098e-01,9.472108e-03,1.141828e-02,2.253096e-02,1.339581e-02,9.019660e-03,1.528989e-03,7.017061e-01,4.628650e-02,3.092158e-03,5.817133e-03,4.088463e-03,1.592155e-02,2.024368e-03,1.738817e-02
1.029815e-01,6.703587e-03,8.092033e-03,1.604006e-02,1.090251e-02,6.887066e-03,1.254542e-03,7.805986e-01,3.245161e-02,2.185101e-03,4.151167e-03,2.896709e-03,1.122123e-02,1.434781e-03,1.219946e-02
8.037224e-02,4.776681e-03,5.840917e-03,1.147252e-02,1.058207e-02,5.756705e-03,1.958088e-03,8.319288e-01,2.283329e-02,1.546029e-03,3.100136e-03,2.101017e-03,8.115016e-03,1.030448e-03,8.585946e-03
6.359699e-02,3.386828e-03,4.220828e-03,8.194620e-03,9.611412e-03,5.708396e-03,5.564561e-03,8.656359e-01,1.606416e-02,1.093766e-03,2.294548e-03,1.506501e-03,6.359711e-03,7.349256e-04,6.026804e-03
5.073865e-02,2.428383e-03,3.149940e-03,5.855625e-03,9.574017e-03,6.704626e-03,1.493872e-02,8.813887e-01,1.137741e-02,7.729606e-04,1.781779e-03,1.077968e-03,5.423045e-03,5.367486e-04,4.251328e-03
3.823405e-02,1.733254e-03,2.323411e-03,4.161252e-03,7.668660e-03,6.983541e-03,1.717095e-02,9.028101e-01,8.018950e-03,5.486492e-04,1.360764e-03,8.414354e-04,4.729316e-03,3.967453e-04,3.018849e-03
3.069074e-02,1.248012e-03,1.753938e-03,3.012493e-03,6.782431e-03,6.469644e-03,1.533681e-02,9.204565e-01,5.682277e-03,3.964289e-04,1.061280e-03,7.198934e-04,3.927403e-03,2.904411e-04,2.171681e-03
3.030084e-02,9.373402e-04,1.851285e-03,2.435843e-03,6.605776e-03,5.650289e-03,1.204321e-02,9.292251e-01,4.074624e-03,3.122090e-04,8.710434e-04,8.195628e-04,2.978235e-03,2.302110e-04,1.664444e-03
3.090828e-02,7.249124e-04,1.840320e-03,1.985980e-03,6.328040e-03,4.655585e-03,9.408510e-03,9.359793e-01,2.933446e-03,2.408834e-04,6.754277e-04,6.859277e-04,2.208564e-03,1.699419e-04,1.254883e-03
3.038458e-02,5.784601e-04,1.828976e-03,1.644352e-03,5.350769e-03,4.093021e-03,7.939496e-03,9.419506e-01,2.082344e-03,2.241323e-04,5.458457e-04,5.531176e-04,1.670452e-03,1.306893e-04,1.023200e-03
1.764570e-01,9.205833e-04,2.769640e-03,1.995322e-03,5.876832e-03,5.728066e-03,6.632576e-03,7.849230e-01,2.185564e-03,7.841114e-04,2.011622e-03,3.353627e-03,4.403601e-03,3.850517e-04,1.573335e-03
3.129608e-01,1.476817e-03,3.710187e-03,4.065260e-03,5.970971e-03,9.325031e-03,7.230069e-03,6.154905e-01,3.369025e-03,2.825669e-03,5.587519e-03,1.054542e-02,1.177352e-02,1.222898e-03,4.446251e-03
3.318196e-01,3.214172e-03,7.012784e-03,1.447814e-02,5.646279e-03,1.615379e-02,7.086440e-03,4.760909e-01,1.179772e-02,9.204458e-03,2.857541e-02,2.791237e-02,4.725590e-02,2.258802e-03,1.149321e-02
3.759749e-01,3.240978e-03,7.091782e-03,1.706775e-02,5.564152e-03,1.606590e-02,8.195067e-03,3.958645e-01,1.778624e-02,9.844669e-03,4.161115e-02,3.309491e-02,5.212034e-02,2.813888e-03,1.366370e-02
4.548055e-01,4.081239e-03,6.077495e-03,1.598916e-02,6.160703e-03,2.009331e-02,7.541214e-03,2.878789e-01,1.895663e-02,7.278711e-03,3.349346e-02,2.660370e-02,9.683797e-02,2.329971e-03,1.187199e-02
4.881528e-01,6.691275e-03,5.250091e-03,1.860537e-02,5.747859e-03,2.945877e-02,6.278713e-03,2.053627e-01,1.888826e-02,5.641425e-03,2.795298e-02,3.182126e-02,1.339215e-01,3.010571e-03,1.321632e-02
4.474064e-01,7.340124e-03,4.275000e-03,3.313775e-02,5.915017e-03,3.048161e-02,5.158835e-03,1.451647e-01,2.041847e-02,4.685102e-03,2.375475e-02,2.942645e-02,2.256396e-01,2.817181e-03,1.437909e-02
4.091613e-01,1.231331e-02,7.495794e-03,6.445915e-02,6.328746e-03,3.197847e-02,4.223168e-03,1.024896e-01,3.805301e-02,4.633671e-03,1.928498e-02,4.603174e-02,2.345965e-01,2.535138e-03,1.641537e-02
3.272528e-01,1.080864e-02,5.674912e-03,4.772725e-02,5.101476e-03,2.667691e-02,3.151531e-03,7.214601e-02,3.173837e-02,3.476814e-03,1.460846e-02,3.870902e-02,3.980772e-01,1.986095e-03,1.286452e-02
2.411079e-01,8.764452e-03,4.333491e-03,3.467002e-02,4.968399e-03,2.028237e-02,2.367726e-03,5.078004e-02,2.495610e-02,2.521480e-03,1.077024e-02,3.781527e-02,5.451286e-01,1.469795e-03,1.006411e-02
1.818652e-01,7.655536e-03,3.964473e-03,2.455339e-02,5.014454e-03,1.498970e-02,1.906075e-03,3.580494e-02,2.035992e-02,1.921702e-03,8.092881e-03,3.494798e-02,6.468433e-01,1.208288e-03,1.087212e-02
1.310227e-01,5.800676e-03,4.231561e-03,1.729268e-02,5.651373e-03,1.090929e-02,5.353292e-03,3.517542e-02,1.540673e-02,1.493569e-03,6.900080e-03,3.648412e-02,7.089561e-01,1.042798e-03,1.427964e-02
9.643978e-02,4.518281e-03,3.249858e-03,1.223483e-02,5.059285e-03,8.255974e-03,4.020247e-03,2.492296e-02,1.225381e-02,1.082192e-03,5.078581e-03,3.387596e-02,7.775129e-01,9.596489e-04,1.053572e-02
7.119798e-02,4.123432e-03,3.031087e-03,8.614162e-03,6.133029e-03,6.166104e-03,3.228654e-03,1.782476e-02,1.131102e-02,7.881579e-04,3.772087e-03,3.567854e-02,8.190931e-01,8.847305e-04,8.153196e-03
5.392627e-02,3.612762e-03,2.736689e-03,6.125164e-03,6.447064e-03,5.142431e-03,2.477934e-03,1.266294e-02,9.462629e-03,6.054281e-04,2.912055e-03,3.554585e-02,8.511797e-01,9.552483e-04,6.207808e-03
4.304300e-02,4.192028e-03,2.433742e-03,4.347631e-03,7.721949e-03,4.400381e-03,1.927571e-03,9.056442e-03,8.950643e-03,6.101683e-04,2.565576e-03,3.672679e-02,8.682995e-01,1.021064e-03,4.703469e-03
3.578960e-02,4.282136e-03,2.325632e-03,3.108857e-03,9.486743e-03,3.778473e-03,1.529643e-03,6.639949e-03,8.631332e-03,6.412098e-04,2.473460e-03,4.261240e-02,8.738846e-01,9.294593e-04,3.886438e-03
3.272256e-02,4.221795e-03,2.287276e-03,2.231300e-03,1.662157e-02,3.076912e-03,1.453596e-03,5.771520e-03,1.007783e-02,6.787512e-04,2.143796e-03,3.656612e-02,8.782182e-01,8.249070e-04,3.103851e-03
3.437738e-02,6.373795e-03,2.640033e-03,1.647415e-03,2.722732e-02,2.756119e-03,1.524573e-03,5.175998e-03,1.702043e-02,8.599967e-04,2.049737e-03,3.650571e-02,8.584483e-01,7.715176e-04,2.621669e-03
4.157965e-02,2.176395e-02,9.045749e-03,1.240937e-03,4.087792e-02,3.351613e-03,1.988915e-03,4.822521e-03,3.220093e-02,1.284036e-03,2.228742e-03,4.235385e-02,7.944129e-01,7.800894e-04,2.068175e-03
4.699378e-02,4.137886e-02,1.884746e-02,1.068569e-03,4.217003e-02,7.213392e-03,4.437472e-03,6.648460e-03,6.073417e-02,2.511570e-03,2.623371e-03,5.696736e-02,7.053872e-01,1.148228e-03,1.870024e-03
4.026371e-02,7.309465e-02,2.699417e-02,8.493130e-04,4.789905e-02,1.193884e-02,8.171746e-03,9.700014e-03,1.266959e-01,2.970155e-03,2.425890e-03,5.632774e-02,5.900431e-01,1.011135e-03,1.614624e-03
3.932203e-02,7.405624e-02,4.222292e-02,5.481866e-03,4.512626e-02,1.764825e-02,7.585390e-03,2.323290e-02,2.015889e-01,3.512315e-03,2.589311e-03,4.398060e-02,4.899302e-01,1.117881e-03,2.604927e-03
5.713651e-02,6.356741e-02,4.977497e-02,4.659753e-03,3.944379e-02,1.767268e-02,7.144817e-03,3.231371e-02,1.991150e-01,3.354717e-03,2.753314e-03,3.372406e-02,4.857458e-01,1.166736e-03,2.426752e-03
8.869782e-02,5.752281e-02,4.567200e-02,4.695887e-03,4.755731e-02,1.858203e-02,6.538052e-03,2.599670e-02,1.735368e-01,2.594237e-03,2.182623e-03,2.524400e-02,4.976469e-01,1.230737e-03,2.302088e-03
1.273854e-01,5.736439e-02,3.630809e-02,8.060126e-03,5.151284e-02,2.189546e-02,6.989124e-03,2.993330e-02,2.386795e-01,2.831038e-03,2.427714e-03,2.572455e-02,3.858371e-01,1.059224e-03,3.992160e-03
1.212037e-01,6.006325e-02,3.040115e-02,3.201219e-02,4.720043e-02,2.495579e-02,6.012756e-03,6.828374e-02,2.707691e-01,2.768757e-03,4.335497e-03,4.282178e-02,2.800264e-01,8.760886e-04,8.269308e-03
1.248969e-01,6.441534e-02,2.482330e-02,3.744329e-02,3.967918e-02,3.655241e-02,5.934481e-03,6.228553e-02,3.340378e-01,2.877756e-03,5.542777e-03,4.166817e-02,2.066510e-01,8.232025e-04,1.236879e-02
1.419015e-01,5.238530e-02,2.071440e-02,4.661785e-02,5.489986e-02,4.023921e-02,7.103359e-03,5.291869e-02,3.609223e-01,2.265202e-03,7.071245e-03,4.227614e-02,1.573201e-01,9.353717e-04,1.242943e-02
1.229954e-01,4.327999e-02,1.474138e-02,1.365653e-01,4.192532e-02,3.131890e-02,5.129276e-03,3.787242e-02,3.664360e-01,2.038277e-03,3.202429e-02,3.578090e-02,1.174337e-01,1.046240e-03,1.141261e-02
8.779976e-02,3.057848e-02,1.083274e-02,1.969541e-01,3.249848e-02,2.257563e-02,3.662054e-03,2.692588e-02,2.648715e-01,2.285015e-03,1.652336e-01,4.463714e-02,1.012012e-01,1.097176e-03,8.847235e-03
6.309942e-02,2.149607e-02,8.062948e-03,1.654285e-01,2.348652e-02,1.621078e-02,2.601083e-03,1.909450e-02,1.869943e-01,3.450859e-03,3.322695e-01,5.057395e-02,9.918263e-02,1.287401e-03,6.761473e-03
4.773207e-02,1.538505e-02,5.802409e-03,1.612469e-01,1.976703e-02,1.268272e-02,1.872796e-03,1.347264e-02,1.362434e-01,1.465983e-02,3.227583e-01,4.929699e-02,1.764268e-01,1.556746e-02,7.085682e-03
4.012470e-02,1.139089e-02,4.199413e-03,1.328694e-01,1.617381e-02,9.558512e-03,1.355847e-03,9.568430e-03,1.021808e-01,2.053036e-02,3.549476e-01,4.834339e-02,1.871994e-01,5.544748e-02,6.109906e-03
3.119773e-02,8.635704e-03,3.255058e-03,1.245847e-01,1.425545e-02,7.861834e-03,1.069980e-03,7.147211e-03,7.952225e-02,2.657636e-02,3.726887e-01,6.758790e-02,1.359992e-01,1.127888e-01,6.829025e-03
2.369201e-02,7.213766e-03,9.339678e-03,9.328870e-02,1.677425e-02,1.481184e-02,9.858379e-04,7.052882e-03,5.790064e-02,2.878958e-02,3.871639e-01,7.502712e-02,1.044311e-01,1.673603e-01,6.168314e-03
2.409210e-02,6.666552e-03,2.328090e-02,7.793651e-02,1.547872e-02,2.630968e-02,1.141833e-03,1.100978e-02,4.632124e-02,3.129085e-02,3.397727e-01,7.490751e-02,7.861626e-02,2.375883e-01,5.587033e-03
1.744520e-02,5.076876e-03,1.741420e-02,5.504651e-02,1.246488e-02,1.962600e-02,8.336626e-04,8.030421e-03,4.120162e-02,2.388795e-02,2.444230e-01,6.093922e-02,5.674984e-02,4.324381e-01,4.422524e-03
1.254763e-02,4.952596e-03,1.289154e-02,3.897192e-02,1.141419e-02,1.423231e-02,6.117329e-04,5.879142e-03,4.331324e-02,1.800561e-02,1.790396e-01,4.498321e-02,4.033504e-02,5.682480e-01,4.574280e-03
9.359124e-03,4.042377e-03,1.028545e-02,2.834775e-02,9.126017e-03,1.337921e-02,4.695684e-04,4.583856e-03,4.966325e-02,1.395253e-02,1.357967e-01,3.226722e-02,2.897020e-02,6.550055e-01,4.751308e-03
6.932435e-03,3.161762e-03,7.411292e-03,1.992132e-02,7.110101e-03,9.795055e-03,3.492714e-04,3.574674e-03,5.413187e-02,9.997381e-03,1.005900e-01,2.290980e-02,2.065911e-02,7.292376e-01,4.218437e-03
5.604129e-03,2.575332e-03,5.357986e-03,1.412174e-02,5.307470e-03,7.426733e-03,2.605583e-04,3.022050e-03,5.258060e-02,7.500308e-03,7.443751e-02,1.649999e-02,1.528625e-02,7.862932e-01,3.726147e-03
5.461907e-03,2.682619e-03,3.977044e-03,1.042338e-02,4.166970e-03,7.988557e-03,3.348069e-04,2.651780e-03,5.862519e-02,6.162740e-03,5.854220e-02,1.374010e-02,1.397107e-02,8.069045e-01,4.367189e-03
4.368595e-03,2.277552e-03,2.843863e-03,7.363148e-03,3.192886e-03,6.679484e-03,2.647548e-04,1.961098e-03,5.492370e-02,4.515610e-03,4.391219e-02,9.944310e-03,1.062604e-02,8.425964e-01,4.530430e-03
3.587894e-03,2.607943e-03,2.053847e-03,5.261420e-03,2.390544e-03,5.186095e-03,2.031050e-04,1.434627e-03,5.286282e-02,3.257768e-03,3.410428e-02,7.671789e-03,8.040563e-03,8.670847e-01,4.252621e-03
4.386843e-03,2.852562e-03,2.279793e-03,8.368257e-03,2.053631e-03,4.973944e-03,2.371512e-04,2.689390e-03,8.108899e-02,2.987304e-03,3.115430e-02,6.632123e-03,8.830489e-03,8.364469e-01,5.018365e-03
1.137006e-02,2.890375e-03,6.563450e-03,2.290009e-02,3.679613e-03,1.017292e-02,9.147068e-04,1.165195e-02,1.062034e-01,2.756732e-03,3.073615e-02,7.553735e-03,1.447170e-02,7.629478e-01,5.187409e-03
1.254959e-02,2.435580e-03,6.451583e-03,4.205737e-02,1.129483e-02,7.724155e-03,1.319181e-03,1.237350e-01,1.244522e-01,2.191054e-03,2.389449e-02,6.933487e-03,1.391871e-02,6.156222e-01,5.420627e-03
1.059159e-02,2.020009e-03,8.132826e-03,5.108488e-02,1.004861e-02,5.924392e-03,1.064725e-03,2.526400e-01,1.264799e-01,1.762231e-03,2.106346e-02,1.023130e-02,1.449920e-02,4.782378e-01,6.219109e-03
9.440382e-03,5.804561e-03,7.674306e-03,5.555572e-02,1.024301e-02,7.073503e-03,8.508572e-04,1.869016e-01,2.638758e-01,1.612014e-03,2.880255e-02,3.913714e-02,2.458905e-02,3.495927e-01,8.846737e-03
9.822208e-03,4.480001e-03,1.042820e-02,4.257659e-02,9.447158e-03,5.311370e-03,8.811646e-04,3.760728e-01,2.007388e-01,1.982331e-03,2.894225e-02,3.125476e-02,2.160179e-02,2.493695e-01,7.091054e-03
7.662873e-03,3.418676e-03,1.202598e-02,3.177835e-02,7.539756e-03,3.747318e-03,7.443734e-04,5.424752e-01,1.436419e-01,1.505886e-03,2.484619e-02,2.304575e-02,1.739074e-02,1.747900e-01,5.387067e-03
6.204005e-03,2.501542e-03,1.304358e-02,2.307072e-02,6.627744e-03,2.712269e-03,1.662936e-03,6.696305e-01,1.011428e-01,1.106286e-03,1.754879e-02,1.614448e-02,1.224396e-02,1.224045e-01,3.955869e-03
5.295823e-03,1.826949e-03,1.164506e-02,1.678066e-02,6.144230e-03,2.159589e-03,3.351145e-03,7.597074e-01,7.121030e-02,8.150159e-04,1.239266e-02,1.131076e-02,8.671439e-03,8.577660e-02,2.912381e-03
6.736652e-03,1.565490e-03,1.015545e-02,1.236101e-02,9.424059e-03,6.252646e-03,1.742827e-02,7.964522e-01,5.058149e-02,8.878033e-04,9.744062e-03,8.100701e-03,7.594878e-03,6.024965e-02,2.465735e-03
1.688857e-02,1.204424e-03,8.086194e-03,1.029308e-02,1.307118e-02,1.133845e-02,1.669364e-02,8.218606e-01,3.625542e-02,7.897308e-04,7.731966e-03,5.886507e-03,5.587698e-03,4.242784e-02,1.884751e-03
1.849276e-02,9.238313e-04,6.387695e-03,8.782895e-03,1.743208e-02,1.060671e-02,2.284246e-02,8.425250e-01,2.576083e-02,6.820537e-04,5.870729e-03,4.266849e-03,4.088681e-03,2.990354e-02,1.433989e-03
1.491630e-02,6.728735e-04,4.623391e-03,6.461106e-03,1.656641e-02,7.597725e-03,2.347245e-02,8.747408e-01,1.815964e-02,4.884367e-04,4.292777e-03,3.030039e-03,3.000815e-03,2.095729e-02,1.019954e-03
1.231945e-02,4.986724e-04,3.391864e-03,4.691626e-03,1.492961e-02,5.498304e-03,2.663245e-02,8.959584e-01,1.281222e-02,3.460307e-04,3.097770e-03,2.156214e-03,2.253969e-03,1.468413e-02,7.292665e-04
1.129688e-02,3.780986e-04,2.482184e-03,3.449560e-03,1.250220e-02,4.148048e-03,2.387590e-02,9.160213e-01,9.093761e-03,2.471526e-04,2.314169e-03,1.573757e-03,1.796088e-03,1.029211e-02,5.287805e-04
1.449896e-02,3.460255e-04,2.061603e-03,2.646359e-03,1.102850e-02,3.328499e-03,2.109345e-02,9.258745e-01,6.630925e-03,1.874103e-04,1.840150e-03,1.333924e-03,1.450649e-03,7.236122e-03,4.429388e-04
2.103162e-02,3.488180e-04,1.854707e-03,2.270154e-03,1.240590e-02,3.086147e-03,1.922551e-02,9.244269e-01,4.981097e-03,1.558737e-04,1.837120e-03,1.372559e-03,1.384405e-03,5.129065e-03,4.900994e-04
3.894854e-02,5.970481e-04,3.121500e-03,3.053268e-03,2.304624e-02,2.950817e-03,1.702695e-02,8.962643e-01,4.772542e-03,1.734325e-04,2.649981e-03,1.716765e-03,1.364604e-03,3.680298e-03,6.336527e-04
5.632683e-02,7.325491e-04,3.222158e-03,3.462694e-03,2.527916e-02,3.414040e-03,1.524096e-02,8.776330e-01,4.699877e-03,1.925835e-04,2.783759e-03,2.035332e-03,1.538274e-03,2.691303e-03,7.475126e-04
7.064240e-02,1.897660e-03,4.004940e-03,1.620673e-02,2.434898e-02,3.549744e-03,1.150495e-02,7.342398e-01,8.215421e-02,2.281501e-03,9.682733e-03,1.281638e-02,1.987269e-02,3.636265e-03,3.161009e-03
8.474430e-02,3.253123e-03,4.026273e-03,1.603441e-02,3.822913e-02,4.484077e-03,8.771714e-03,6.469808e-01,6.676440e-02,4.013963e-03,2.380710e-02,2.815571e-02,6.127509e-02,4.355500e-03,5.104435e-03
8.856501e-02,4.095790e-03,4.486636e-03,1.770223e-02,5.725916e-02,4.745787e-03,6.736806e-03,5.903811e-01,5.388955e-02,9.480899e-03,3.906807e-02,3.726974e-02,7.535377e-02,4.994271e-03,5.971169e-03
1.049936e-01,4.448994e-03,5.092146e-03,1.750708e-02,5.121393e-02,6.139454e-03,5.605598e-03,4.969251e-01,5.142836e-02,1.068970e-02,6.899408e-02,6.346241e-02,1.018550e-01,5.427513e-03,6.217094e-03
1.819665e-01,4.809085e-03,7.530869e-03,1.904143e-02,5.188200e-02,7.761073e-03,5.149071e-03,4.491832e-01,4.380553e-02,1.121593e-02,5.683805e-02,6.732770e-02,8.107769e-02,6.186191e-03,6.225670e-03
2.105407e-01,5.103466e-03,6.904865e-03,1.770445e-02,4.988284e-02,9.941056e-03,4.283536e-03,3.890380e-01,4.402504e-02,1.052761e-02,6.157800e-02,1.013789e-01,7.684360e-02,6.073330e-03,6.174560e-03
2.241470e-01,9.841394e-03,7.371303e-03,2.270682e-02,4.517612e-02,1.276568e-02,4.060934e-03,3.052100e-01,4.253508e-02,1.003130e-02,6.482671e-02,1.520890e-01,7.395968e-02,1.102432e-02,1.425461e-02
2.128859e-01,1.643199e-02,7.989535e-03,4.611751e-02,3.977203e-02,1.662497e-02,3.933952e-03,2.276060e-01,4.128295e-02,1.083447e-02,7.311033e-02,1.806631e-01,8.970171e-02,1.206780e-02,2.097771e-02
1.816236e-01,1.840964e-02,9.298843e-03,4.924184e-02,4.578460e-02,1.698558e-02,5.359563e-03,1.668748e-01,4.469745e-02,1.375711e-02,8.155799e-02,2.119141e-01,1.036861e-01,3.047299e-02,2.033569e-02
1.584162e-01,2.417009e-02,1.208211e-02,5.507984e-02,5.387124e-02,1.416447e-02,6.734668e-03,1.191333e-01,4.717063e-02,1.151707e-02,1.128439e-01,2.584431e-01,8.048314e-02,2.445814e-02,2.143210e-02
1.149113e-01,1.755276e-02,1.161474e-02,4.749981e-02,4.576790e-02,1.070435e-02,5.318888e-03,8.754295e-02,4.818507e-02,1.222637e-02,1.278868e-01,2.275511e-01,8.399664e-02,1.342522e-01,2.498908e-02
9.648066e-02,1.332207e-02,1.822170e-02,5.163848e-02,4.691364e-02,9.852856e-03,4.352639e-03,6.875726e-02,4.864262e-02,1.184353e-02,1.159762e-01,1.760469e-01,7.630777e-02,1.880164e-01,7.362740e-02
7.280084e-02,9.902522e-03,1.011552e-01,4.847874e-02,6.562874e-02,9.225838e-03,4.178522e-03,8.297137e-02,4.472493e-02,9.293984e-03,1.114573e-01,1.547828e-01,8.871585e-02,1.398498e-01,5.683355e-02
6.833562e-02,9.427373e-03,9.136061e-02,3.757537e-02,7.832156e-02,1.041230e-02,3.849553e-03,6.973980e-02,1.261919e-01,1.156695e-02,9.299189e-02,1.091499e-01,6.529743e-02,1.234272e-01,1.023526e-01
7.783919e-02,2.673231e-02,7.371822e-02,4.162207e-02,7.817819e-02,1.737772e-02,4.464908e-03,5.191160e-02,1.088495e-01,8.952077e-03,7.024230e-02,7.719684e-02,4.868233e-02,9.040525e-02,2.238275e-01
1.208093e-01,3.130306e-02,6.570384e-02,3.887693e-02,7.945380e-02,3.983896e-02,4.002339e-03,4.242971e-02,8.899592e-02,8.365089e-03,5.241277e-02,5.431435e-02,3.864633e-02,8.727887e-02,2.475687e-01
9.968470e-02,5.699129e-02,7.495280e-02,4.728625e-02,9.095328e-02,9.238100e-02,5.289628e-03,3.375859e-02,7.243338e-02,8.418370e-03,3.738365e-02,3.818279e-02,2.976604e-02,6.387433e-02,2.486439e-01
8.968238e-02,4.443376e-02,5.680458e-02,3.673207e-02,7.299504e-02,8.419815e-02,4.614148e-03,2.440177e-02,5.154866e-02,6.886785e-03,2.667082e-02,2.679514e-02,2.313516e-02,4.758332e-02,4.035183e-01
9.203880e-02,4.653141e-02,4.151977e-02,3.562701e-02,8.040851e-02,1.071360e-01,5.202232e-03,1.774871e-02,3.788422e-02,6.340806e-03,1.946928e-02,1.883631e-02,1.870566e-02,4.290238e-02,4.296489e-01
7.216150e-02,7.173060e-02,4.420844e-02,1.630671e-01,9.751202e-02,1.126292e-01,4.905818e-03,1.376288e-02,2.855666e-02,4.931478e-03,1.403147e-02,1.328040e-02,1.337598e-02,3.099065e-02,3.148559e-01
5.228927e-02,9.102365e-02,6.865179e-02,1.164880e-01,6.997661e-02,2.463273e-01,3.544237e-03,9.940013e-03,2.024083e-02,1.189449e-02,1.034471e-02,9.395798e-03,9.423601e-03,2.236386e-02,2.580959e-01
3.743315e-02,6.926598e-02,4.985688e-02,8.179548e-02,4.951949e-02,4.418949e-01,2.521574e-03,7.107579e-03,1.440832e-02,1.606330e-02,8.012210e-03,6.595786e-03,6.641034e-03,1.681968e-02,1.920646e-01
2.657595e-02,4.939254e-02,3.518152e-02,5.735905e-02,3.473075e-02,5.645393e-01,1.791880e-03,5.025618e-03,1.095807e-02,3.873225e-02,7.707045e-03,4.643416e-03,4.689685e-03,1.471894e-02,1.439540e-01
1.888558e-02,3.745103e-02,2.481644e-02,4.039124e-02,2.466155e-02,5.520689e-01,1.328899e-03,3.804847e-03,1.953131e-02,4.586839e-02,6.235307e-02,3.557102e-03,4.133693e-03,3.725494e-02,1.238930e-01
1.349050e-02,2.828180e-02,1.750092e-02,2.845254e-02,1.776472e-02,4.439876e-01,1.035333e-03,3.011803e-03,4.686968e-02,4.208450e-02,1.357880e-01,3.488099e-03,4.626978e-03,1.072055e-01,1.064120e-01
9.670439e-03,2.089066e-02,1.238535e-02,2.000750e-02,1.266472e-02,3.246352e-01,8.266092e-04,2.256951e-03,4.788405e-02,5.387139e-02,1.430610e-01,3.466908e-03,4.803265e-03,2.361748e-01,1.074011e-01
7.129267e-03,1.530874e-02,8.773394e-03,1.406975e-02,9.115538e-03,2.290513e-01,7.047036e-04,1.725062e-03,6.551122e-02,6.780252e-02,1.564871e-01,3.296163e-03,4.247461e-03,3.275085e-01,8.926929e-02
5.223206e-03,1.137509e-02,6.195114e-03,9.867279e-03,6.760576e-03,1.620472e-01,5.249488e-04,1.252228e-03,6.775296e-02,4.953983e-02,1.247593e-01,2.854204e-03,3.483309e-03,4.757482e-01,7.261662e-02
4.334336e-03,8.381968e-03,4.490170e-03,7.094587e-03,4.903168e-03,1.162309e-01,3.931419e-04,9.574609e-04,1.251061e-01,4.025886e-02,9.992419e-02,3.193120e-03,1.354110e-02,5.162531e-01,5.493785e-02
3.443225e-03,7.494166e-03,3.727573e-03,5.055391e-03,4.047960e-03,8.320101e-02,3.036499e-04,8.692126e-04,1.966082e-01,3.381099e-02,8.519690e-02,2.792958e-03,1.113948e-02,5.179796e-01,4.432961e-02
3.747468e-03,5.839102e-03,3.531630e-03,3.658535e-03,3.852549e-03,5.945102e-02,2.400662e-04,1.193489e-03,2.688242e-01,3.117132e-02,7.040189e-02,3.280402e-03,1.006829e-02,5.006326e-01,3.410744e-02
3.285618e-03,4.731687e-03,4.330131e-03,2.678382e-03,3.914427e-03,4.219187e-02,1.780747e-04,1.012033e-03,3.811413e-01,2.413504e-02,5.249945e-02,2.769235e-03,7.419108e-03,4.448316e-01,2.488204e-02
2.945793e-03,5.511478e-03,4.847239e-03,1.975799e-03,4.055127e-03,2.999483e-02,1.304453e-04,7.590850e-04,4.214809e-01,1.908476e-02,3.816080e-02,2.164116e-03,5.319414e-03,4.439250e-01,1.964531e-02
3.074914e-03,4.643148e-03,4.261570e-03,1.505128e-03,4.426464e-03,2.126764e-02,9.792285e-05,6.148705e-04,4.658785e-01,1.426167e-02,2.752680e-02,1.564287e-03,3.787855e-03,4.299710e-01,1.711823e-02
3.494842e-03,3.623492e-03,3.554759e-03,1.192932e-03,5.189389e-03,1.627018e-02,8.275185e-05,5.696939e-04,5.162466e-01,1.152369e-02,2.003914e-02,1.209905e-03,2.742434e-03,3.953265e-01,1.893379e-02
5.477970e-03,4.643147e-03,7.874007e-03,1.519262e-03,8.709380e-03,1.375747e-02,1.249861e-04,2.854188e-03,5.374054e-01,1.355674e-02,1.483926e-02,1.067503e-03,2.195851e-03,3.617520e-01,2.422292e-02
1.034019e-02,6.844623e-03,4.455541e-02,2.213871e-03,1.403225e-02,1.191735e-02,2.393503e-04,4.856952e-03,4.731995e-01,1.976347e-02,1.124034e-02,8.889638e-04,2.066528e-03,3.629532e-01,3.488808e-02
2.270650e-02,8.265177e-03,5.546054e-02,9.260672e-03,3.507331e-02,1.316385e-02,1.107258e-03,7.502349e-03,4.247675e-01,1.601020e-02,8.459689e-03,6.862447e-04,1.737098e-03,3.695790e-01,2.622063e-02
2.570776e-02,8.150425e-03,1.801748e-01,1.077362e-01,2.901294e-02,9.655652e-03,8.636609e-04,7.364586e-03,3.145756e-01,1.351015e-02,6.360237e-03,5.141449e-04,1.315976e-03,2.632686e-01,3.178918e-02
2.405139e-02,6.371906e-03,3.788264e-01,9.857810e-02,2.228471e-02,7.219744e-03,6.419544e-04,7.684188e-03,2.247554e-01,1.043769e-02,4.586663e-03,3.715670e-04,9.636813e-04,1.867007e-01,2.652579e-02
3.528155e-02,6.294110e-03,4.681607e-01,7.591526e-02,2.121614e-02,6.004892e-03,4.660425e-04,8.593700e-03,1.674250e-01,8.046394e-03,3.788841e-03,3.067850e-04,7.361092e-04,1.726599e-01,2.510460e-02
6.274550e-02,6.061668e-03,5.016415e-01,8.948591e-02,2.355974e-02,5.846030e-03,3.904012e-04,1.143132e-02,1.227830e-01,8.518784e-03,3.019353e-03,2.950344e-04,5.877217e-04,1.352586e-01,2.837542e-02
9.426991e-02,7.432966e-03,4.780209e-01,9.525443e-02,2.588173e-02,6.016945e-03,3.660245e-04,1.314600e-02,9.556496e-02,1.061910e-02,2.756984e-03,2.952466e-04,5.409034e-04,1.385104e-01,3.132351e-02
1.318053e-01,1.169736e-02,4.455584e-01,8.909348e-02,3.030967e-02,6.682823e-03,5.216029e-04,1.615002e-02,7.637388e-02,1.667628e-02,2.708266e-03,4.092680e-04,5.364034e-04,1.404612e-01,3.101601e-02
1.546199e-01,1.810972e-02,4.295564e-01,8.536825e-02,3.047710e-02,9.873590e-03,8.697634e-04,2.065516e-02,6.087231e-02,2.587713e-02,2.781138e-03,6.127349e-04,5.184978e-04,1.218575e-01,3.795078e-02
