1.000000e+00,0.000000e+00,0.000000e+00,0.000000e+00,0.000000e+00,0.000000e+00,0.000000e+00,0.000000e+00,0.000000e+00,0.000000e+00,0.000000e+00,0.000000e+00,0.000000e+00,0.000000e+00,0.000000e+00
1.000000e+00,0.000000e+00,0.000000e+00,0.000000e+00,0.000000e+00,0.000000e+00,0.000000e+00,0.000000e+00,0.000000e+00,0.000000e+00,0.000000e+00,0.000000e+00,0.000000e+00,0.000000e+00,0.000000e+00
1.000000e+00,0.000000e+00,0.000000e+00,0.000000e+00,0.000000e+00,0.000000e+00,0.000000e+00,0.000000e+00,0.000000e+00,0.000000e+00,0.000000e+00,0.000000e+00,0.000000e+00,0.000000e+00,0.000000e+00
1.000000e+00,0.000000e+00,0.000000e+00,0.000000e+00,0.000000e+00,0.000000e+00,0.000000e+00,0.000000e+00,0.000000e+00,0.000000e+00,0.000000e+00,0.000000e+00,0.000000e+00,0.000000e+00,0.000000e+00
1.000000e+00,0.000000e+00,0.000000e+00,0.000000e+00,0.000000e+00,0.000000e+00,0.000000e+00,0.000000e+00,0.000000e+00,0.000000e+00,0.000000e+00,0.000000e+00,0.000000e+00,0.000000e+00,0.000000e+00
1.000000e+00,0.000000e+00,0.000000e+00,0.000000e+00,0.000000e+00,0.000000e+00,0.000000e+00,0.000000e+00,0.000000e+00,0.000000e+00,0.000000e+00,0.000000e+00,0.000000e+00,0.000000e+00,0.000000e+00
1.000000e+00,0.000000e+00,0.000000e+00,0.000000e+00,0.000000e+00,0.000000e+00,0.000000e+00,0.000000e+00,0.000000e+00,0.000000e+00,0.000000e+00,0.000000e+00,0.000000e+00,0.000000e+00,0.000000e+00
1.000000e+00,0.000000e+00,0.000000e+00,0.000000e+00,0.000000e+00,0.000000e+00,0.000000e+00,0.000000e+00,0.000000e+00,0.000000e+00,0.000000e+00,0.000000e+00,0.000000e+00,0.000000e+00,0.000000e+00
1.000000e+00,0.000000e+00,0.000000e+00,0.000000e+00,0.000000e+00,0.000000e+00,0.000000e+00,0.000000e+00,0.000000e+00,0.000000e+00,0.000000e+00,0.000000e+00,0.000000e+00,0.000000e+00,0.000000e+00
1.000000e+00,0.000000e+00,0.000000e+00,0.000000e+00,0.000000e+00,0.000000e+00,0.000000e+00,0.000000e+00,0.000000e+00,0.000000e+00,0.000000e+00,0.000000e+00,0.000000e+00,0.000000e+00,0.000000e+00
1.000000e+00,0.000000e+00,0.000000e+00,0.000000e+00,0.000000e+00,0.000000e+00,0.000000e+00,0.000000e+00,0.000000e+00,0.000000e+00,0.000000e+00,0.000000e+00,0.000000e+00,0.000000e+00,0.000000e+00
1.000000e+00,0.000000e+00,0.000000e+00,0.000000e+00,0.000000e+00,0.000000e+00,0.000000e+00,0.000000e+00,0.000000e+00,0.000000e+00,0.000000e+00,0.000000e+00,0.000000e+00,0.000000e+00,0.000000e+00
1.000000e+00,0.000000e+00,0.000000e+00,0.000000e+00,0.000000e+00,0.000000e+00,0.000000e+00,0.000000e+00,0.000000e+00,0.000000e+00,0.000000e+00,0.000000e+00,0.000000e+00,0.000000e+00,0.000000e+00
1.000000e+00,0.000000e+00,0.000000e+00,0.000000e+00,0.000000e+00,0.000000e+00,0.000000e+00,0.000000e+00,0.000000e+00,0.000000e+00,0.000000e+00,0.000000e+00,0.000000e+00,0.000000e+00,0.000000e+00
1.000000e+00,0.000000e+00,0.000000e+00,0.000000e+00,0.000000e+00,0.000000e+00,0.000000e+00,0.000000e+00,0.000000e+00,0.000000e+00,0.000000e+00,0.000000e+00,0.000000e+00,0.000000e+00,0.000000e+00
1.000000e+00,0.000000e+00,0.000000e+00,0.000000e+00,0.000000e+00,0.000000e+00,0.000000e+00,0.000000e+00,0.000000e+00,0.000000e+00,0.000000e+00,0.000000e+00,0.000000e+00,0.000000e+00,0.000000e+00
1.000000e+00,0.000000e+00,0.000000e+00,0.000000e+00,0.000000e+00,0.000000e+00,0.000000e+00,0.000000e+00,0.000000e+00,0.000000e+00,0.000000e+00,0.000000e+00,0.000000e+00,0.000000e+00,0.000000e+00
1.000000e+00,0.000000e+00,0.000000e+00,0.000000e+00,0.000000e+00,0.000000e+00,0.000000e+00,0.000000e+00,0.000000e+00,0.000000e+00,0.000000e+00,0.000000e+00,0.000000e+00,0.000000e+00,0.000000e+00
1.000000e+00,0.000000e+00,0.000000e+00,0.000000e+00,0.000000e+00,0.000000e+00,0.000000e+00,0.000000e+00,0.000000e+00,0.000000e+00,0.000000e+00,0.000000e+00,0.000000e+00,0.000000e+00,0.000000e+00
1.000000e+00,0.000000e+00,0.000000e+00,0.000000e+00,0.000000e+00,0.000000e+00,0.000000e+00,0.000000e+00,0.000000e+00,0.000000e+00,0.000000e+00,0.000000e+00,0.000000e+00,0.000000e+00,0.000000e+00
1.000000e+00,0.000000e+00,0.000000e+00,0.000000e+00,0.000000e+00,0.000000e+00,0.000000e+00,0.000000e+00,0.000000e+00,0.000000e+00,0.000000e+00,0.000000e+00,0.000000e+00,0.000000e+00,0.000000e+00
1.000000e+00,0.000000e+00,0.000000e+00,0.000000e+00,0.000000e+00,0.000000e+00,0.000000e+00,0.000000e+00,0.000000e+00,0.000000e+00,0.000000e+00,0.000000e+00,0.000000e+00,0.000000e+00,0.000000e+00
1.000000e+00,0.000000e+00,0.000000e+00,0.000000e+00,0.000000e+00,0.000000e+00,0.000000e+00,0.000000e+00,0.000000e+00,0.000000e+00,0.000000e+00,0.000000e+00,0.000000e+00,0.000000e+00,0.000000e+00
1.000000e+00,0.000000e+00,0.000000e+00,0.000000e+00,0.000000e+00,0.000000e+00,0.000000e+00,0.000000e+00,0.000000e+00,0.000000e+00,0.000000e+00,0.000000e+00,0.000000e+00,0.000000e+00,0.000000e+00
1.000000e+00,0.000000e+00,0.000000e+00,0.000000e+00,0.000000e+00,0.000000e+00,0.000000e+00,0.000000e+00,0.000000e+00,0.000000e+00,0.000000e+00,0.000000e+00,0.000000e+00,0.000000e+00,0.000000e+00
1.000000e+00,0.000000e+00,0.000000e+00,0.000000e+00,0.000000e+00,0.000000e+00,0.000000e+00,0.000000e+00,0.000000e+00,0.000000e+00,0.000000e+00,0.000000e+00,0.000000e+00,0.000000e+00,0.000000e+00
1.000000e+00,0.000000e+00,0.000000e+00,0.000000e+00,0.000000e+00,0.000000e+00,0.000000e+00,0.000000e+00,0.000000e+00,0.000000e+00,0.000000e+00,0.000000e+00,0.000000e+00,0.000000e+00,0.000000e+00
1.000000e+00,0.000000e+00,0.000000e+00,0.000000e+00,0.000000e+00,0.000000e+00,0.000000e+00,0.000000e+00,0.000000e+00,0.000000e+00,0.000000e+00,0.000000e+00,0.000000e+00,0.000000e+00,0.000000e+00
1.000000e+00,0.000000e+00,0.000000e+00,0.000000e+00,0.000000e+00,0.000000e+00,0.000000e+00,0.000000e+00,0.000000e+00,0.000000e+00,0.000000e+00,0.000000e+00,0.000000e+00,0.000000e+00,0.000000e+00
1.000000e+00,0.000000e+00,0.000000e+00,0.000000e+00,0.000000e+00,0.000000e+00,0.000000e+00,0.000000e+00,0.000000e+00,0.000000e+00,0.000000e+00,0.000000e+00,0.000000e+00,0.000000e+00,0.000000e+00
1.000000e+00,0.000000e+00,0.000000e+00,0.000000e+00,0.000000e+00,0.000000e+00,0.000000e+00,0.000000e+00,0.000000e+00,0.000000e+00,0.000000e+00,0.000000e+00,0.000000e+00,0.000000e+00,0.000000e+00
1.000000e+00,0.000000e+00,0.000000e+00,0.000000e+00,0.000000e+00,0.000000e+00,0.000000e+00,0.000000e+00,0.000000e+00,0.000000e+00,0.000000e+00,0.000000e+00,0.000000e+00,0.000000e+00,0.000000e+00
1.000000e+00,0.000000e+00,0.000000e+00,0.000000e+00,0.000000e+00,0.000000e+00,0.000000e+00,0.000000e+00,0.000000e+00,0.000000e+00,0.000000e+00,0.000000e+00,0.000000e+00,0.000000e+00,0.000000e+00
1.000000e+00,0.000000e+00,0.000000e+00,0.000000e+00,0.000000e+00,0.000000e+00,0.000000e+00,0.000000e+00,0.000000e+00,0.000000e+00,0.000000e+00,0.000000e+00,0.000000e+00,0.000000e+00,0.000000e+00
1.000000e+00,0.000000e+00,0.000000e+00,0.000000e+00,0.000000e+00,0.000000e+00,0.000000e+00,0.000000e+00,0.000000e+00,0.000000e+00,0.000000e+00,0.000000e+00,0.000000e+00,0.000000e+00,0.000000e+00
1.000000e+00,0.000000e+00,0.000000e+00,0.000000e+00,0.000000e+00,0.000000e+00,0.000000e+00,0.000000e+00,0.000000e+00,0.000000e+00,0.000000e+00,0.000000e+00,0.000000e+00,0.000000e+00,0.000000e+00
1.000000e+00,0.000000e+00,0.000000e+00,0.000000e+00,0.000000e+00,0.000000e+00,0.000000e+00,0.000000e+00,0.000000e+00,0.000000e+00,0.000000e+00,0.000000e+00,0.000000e+00,0.000000e+00,0.000000e+00
1.000000e+00,0.000000e+00,0.000000e+00,0.000000e+00,0.000000e+00,0.000000e+00,0.000000e+00,0.000000e+00,0.000000e+00,0.000000e+00,0.000000e+00,0.000000e+00,0.000000e+00,0.000000e+00,0.000000e+00
1.000000e+00,0.000000e+00,0.000000e+00,0.000000e+00,0.000000e+00,0.000000e+00,0.000000e+00,0.000000e+00,0.000000e+00,0.000000e+00,0.000000e+00,0.000000e+00,0.000000e+00,0.000000e+00,0.000000e+00
1.000000e+00,0.000000e+00,0.000000e+00,0.000000e+00,0.000000e+00,0.000000e+00,0.000000e+00,0.000000e+00,0.000000e+00,0.000000e+00,0.000000e+00,0.000000e+00,0.000000e+00,0.000000e+00,0.000000e+00
1.000000e+00,0.000000e+00,0.000000e+00,0.000000e+00,0.000000e+00,0.000000e+00,0.000000e+00,0.000000e+00,0.000000e+00,0.000000e+00,0.000000e+00,0.000000e+00,0.000000e+00,0.000000e+00,0.000000e+00
1.000000e+00,0.000000e+00,0.000000e+00,0.000000e+00,0.000000e+00,0.000000e+00,0.000000e+00,0.000000e+00,0.000000e+00,0.000000e+00,0.000000e+00,0.000000e+00,0.000000e+00,0.000000e+00,0.000000e+00
1.000000e+00,0.000000e+00,0.000000e+00,0.000000e+00,0.000000e+00,0.000000e+00,0.000000e+00,0.000000e+00,0.000000e+00,0.000000e+00,0.000000e+00,0.000000e+00,0.000000e+00,0.000000e+00,0.000000e+00
1.000000e+00,0.000000e+00,0.000000e+00,0.000000e+00,0.000000e+00,0.000000e+00,0.000000e+00,0.000000e+00,0.000000e+00,0.000000e+00,0.000000e+00,0.000000e+00,0.000000e+00,0.000000e+00,0.000000e+00
1.000000e+00,0.000000e+00,0.000000e+00,0.000000e+00,0.000000e+00,0.000000e+00,0.000000e+00,0.000000e+00,0.000000e+00,0.000000e+00,0.000000e+00,0.000000e+00,0.000000e+00,0.000000e+00,0.000000e+00
1.000000e+00,0.000000e+00,0.000000e+00,0.000000e+00,0.000000e+00,0.000000e+00,0.000000e+00,0.000000e+00,0.000000e+00,0.000000e+00,0.000000e+00,0.000000e+00,0.000000e+00,0.000000e+00,0.000000e+00
1.000000e+00,0.000000e+00,0.000000e+00,0.000000e+00,0.000000e+00,0.000000e+00,0.000000e+00,0.000000e+00,0.000000e+00,0.000000e+00,0.000000e+00,0.000000e+00,0.000000e+00,0.000000e+00,0.000000e+00
1.000000e+00,0.000000e+00,0.000000e+00,0.000000e+00,0.000000e+00,0.000000e+00,0.000000e+00,0.000000e+00,0.000000e+00,0.000000e+00,0.000000e+00,0.000000e+00,0.000000e+00,0.000000e+00,0.000000e+00
1.000000e+00,0.000000e+00,0.000000e+00,0.000000e+00,0.000000e+00,0.000000e+00,0.000000e+00,0.000000e+00,0.000000e+00,0.000000e+00,0.000000e+00,0.000000e+00,0.000000e+00,0.000000e+00,0.000000e+00
1.000000e+00,0.000000e+00,0.000000e+00,0.000000e+00,0.000000e+00,0.000000e+00,0.000000e+00,0.000000e+00,0.000000e+00,0.000000e+00,0.000000e+00,0.000000e+00,0.000000e+00,0.000000e+00,0.000000e+00
3.991581e-01,3.136287e-02,9.855879e-03,1.916506e-01,4.590160e-02,5.846473e-02,3.436816e-02,6.881372e-02,4.017356e-02,1.062227e-03,6.287930e-03,6.422317e-02,3.905267e-02,7.839814e-04,8.840856e-03
3.048316e-01,3.454280e-02,8.906840e-03,2.095784e-01,7.881821e-02,6.642263e-02,3.906678e-02,6.594358e-02,5.746963e-02,1.022529e-03,5.632043e-03,6.634375e-02,5.238818e-02,6.318658e-04,8.401196e-03
2.292424e-01,3.923552e-02,8.953896e-03,2.260616e-01,1.015168e-01,7.216539e-02,4.737042e-02,6.169935e-02,6.536718e-02,1.181523e-03,5.010827e-03,7.766810e-02,5.550814e-02,5.447546e-04,8.474097e-03
1.737967e-01,3.793152e-02,1.114331e-02,2.837542e-01,1.016075e-01,7.309160e-02,4.633012e-02,6.610509e-02,5.857148e-02,1.104066e-03,4.526569e-03,7.948472e-02,5.373936e-02,4.535801e-04,8.360258e-03
1.513835e-01,5.444994e-02,1.064494e-02,3.096171e-01,9.778880e-02,6.296799e-02,4.155618e-02,5.150788e-02,6.588365e-02,1.565534e-03,4.565915e-03,7.990918e-02,5.560389e-02,5.408024e-04,1.201468e-02
1.084505e-01,4.326662e-02,1.987086e-02,4.612245e-01,8.205163e-02,4.650879e-02,3.186522e-02,4.479865e-02,4.799043e-02,1.259045e-03,3.727996e-03,5.884366e-02,4.038792e-02,4.206528e-04,9.333484e-03
8.237431e-02,3.600362e-02,2.262731e-02,5.601650e-01,6.641618e-02,3.603029e-02,2.422120e-02,3.371057e-02,3.811566e-02,1.569442e-03,5.202582e-03,5.020617e-02,3.361949e-02,4.434320e-04,9.294704e-03
1.277828e-01,4.286069e-02,2.227612e-02,4.778018e-01,6.195386e-02,3.976260e-02,2.042373e-02,2.787318e-02,3.545139e-02,2.933661e-03,1.042376e-02,6.364381e-02,4.659995e-02,1.236719e-03,1.897594e-02
1.731846e-01,5.069365e-02,1.966766e-02,3.994366e-01,5.739209e-02,4.295352e-02,1.782566e-02,2.315844e-02,3.429259e-02,3.876864e-03,1.522682e-02,7.320753e-02,5.675113e-02,2.306218e-03,3.002668e-02
1.646928e-01,5.861266e-02,5.268040e-02,4.101667e-01,4.353580e-02,3.587728e-02,1.380960e-02,2.294375e-02,2.770188e-02,3.448278e-03,1.672190e-02,6.535458e-02,4.720186e-02,2.239476e-03,3.501299e-02
3.252581e-01,4.527625e-02,3.987160e-02,3.098706e-01,3.369714e-02,3.036519e-02,1.084726e-02,3.576213e-02,2.125513e-02,2.814102e-03,1.616909e-02,5.558557e-02,4.168797e-02,2.692063e-03,2.884782e-02
3.141854e-01,3.288736e-02,3.051169e-02,2.282703e-01,2.753625e-02,2.713913e-02,9.841355e-03,1.985380e-01,1.539654e-02,2.112820e-03,1.284323e-02,4.454638e-02,3.305152e-02,2.125204e-03,2.101481e-02
2.244909e-01,2.314825e-02,2.194181e-02,1.606856e-01,1.992032e-02,1.965597e-02,7.427962e-03,4.301462e-01,1.083737e-02,1.493912e-03,9.108774e-03,3.145323e-02,2.335388e-02,1.510691e-03,1.482524e-02
1.577856e-01,1.624368e-02,1.554255e-02,1.127575e-01,1.446187e-02,1.393652e-02,5.337067e-03,5.988787e-01,7.599842e-03,1.047980e-03,6.435225e-03,2.208422e-02,1.642505e-02,1.064252e-03,1.040000e-02
1.112050e-01,1.140558e-02,1.098289e-02,7.900546e-02,1.043467e-02,9.955456e-03,3.975488e-03,7.172835e-01,5.325884e-03,7.358863e-04,4.585480e-03,1.548139e-02,1.154436e-02,7.853099e-04,7.293750e-03
8.037064e-02,8.113282e-03,7.801275e-03,5.560389e-02,8.949108e-03,7.609169e-03,3.228418e-03,7.279938e-01,6.420311e-03,8.755521e-04,3.156380e-02,1.718065e-02,3.561281e-02,3.272939e-03,5.404324e-03
5.763576e-02,5.748808e-03,5.520585e-03,3.932562e-02,6.868000e-03,6.254411e-03,2.925235e-03,6.026189e-01,6.719538e-03,7.276218e-04,3.073581e-02,1.537048e-02,2.112734e-01,2.987056e-03,5.288741e-03
4.102562e-02,4.061942e-03,3.968667e-03,2.772180e-02,5.659790e-03,5.130607e-03,3.794084e-03,4.445597e-01,5.021806e-03,7.201975e-04,2.789799e-02,1.537465e-02,4.047112e-01,3.121255e-03,7.230681e-03
3.092633e-02,3.065452e-03,4.012648e-03,2.014519e-02,1.018207e-02,1.640451e-02,1.962516e-02,3.603988e-01,4.605372e-03,1.955495e-03,4.784364e-02,1.851838e-02,4.351135e-01,1.259370e-02,1.460972e-02
2.431621e-02,2.437177e-03,2.949933e-03,1.550693e-02,8.948760e-03,1.685385e-02,1.655228e-02,2.537994e-01,3.916150e-03,1.459643e-03,3.527103e-02,1.648385e-02,5.804802e-01,9.201311e-03,1.182330e-02
2.159688e-02,2.019017e-03,2.606615e-03,1.301116e-02,7.873328e-03,4.494166e-02,1.277624e-02,1.790266e-01,3.773989e-03,1.086503e-03,3.211026e-02,1.733773e-02,6.461178e-01,6.763698e-03,8.958538e-03
1.743654e-02,3.111288e-03,2.311047e-03,1.031669e-02,6.558593e-03,5.635072e-02,9.370020e-03,1.258754e-01,4.596887e-03,8.290227e-04,3.457486e-02,1.866824e-02,6.962786e-01,5.426327e-03,8.295777e-03
2.554802e-02,7.833248e-03,3.764539e-03,1.440331e-02,6.340404e-03,5.820956e-02,6.811869e-03,8.845410e-02,1.605995e-02,8.116304e-04,2.982816e-02,2.578507e-02,6.906317e-01,4.769851e-03,2.074849e-02
3.901769e-02,7.508324e-03,3.132366e-03,1.170856e-02,6.097574e-03,4.777285e-02,4.885377e-03,6.232286e-02,1.278987e-02,6.508161e-04,2.516767e-02,2.499408e-02,7.323643e-01,3.841837e-03,1.774574e-02
6.616984e-02,4.773693e-02,1.107697e-02,1.048485e-02,6.465784e-03,3.720197e-02,3.611130e-03,4.421739e-02,2.318386e-02,2.617673e-03,2.421221e-02,2.510506e-02,6.437918e-01,5.512737e-03,4.861179e-02
5.244178e-02,1.070711e-01,1.216024e-02,8.314268e-03,8.670972e-03,4.765534e-02,2.928928e-03,3.165410e-02,6.842686e-02,3.178265e-03,1.899623e-02,2.331791e-02,5.432061e-01,4.535044e-03,6.744280e-02
4.109306e-02,1.942756e-01,1.110938e-02,6.442920e-03,7.297419e-03,6.701039e-02,2.171647e-03,2.257121e-02,9.058090e-02,3.260531e-03,1.432264e-02,1.845928e-02,4.045172e-01,3.651219e-03,1.132366e-01
4.550303e-02,2.836796e-01,1.190418e-02,8.632568e-03,5.823196e-03,5.831869e-02,1.585973e-03,1.621869e-02,8.512126e-02,3.548704e-03,1.142848e-02,1.435352e-02,2.995012e-01,3.093066e-03,1.512879e-01
6.130685e-02,3.134847e-01,1.272800e-02,7.545233e-03,6.245496e-03,7.946193e-02,1.549312e-03,1.402483e-02,9.760959e-02,3.506044e-03,1.090061e-02,1.245894e-02,2.475747e-01,3.501812e-03,1.281019e-01
1.060008e-01,2.938427e-01,1.705763e-02,1.124166e-02,5.744641e-03,7.915928e-02,1.332694e-03,1.286884e-02,8.444366e-02,1.006505e-02,1.668086e-02,1.136468e-02,1.807230e-01,6.797567e-03,1.626770e-01
1.711171e-01,2.562248e-01,1.611149e-02,1.274386e-02,9.977715e-03,1.141136e-01,1.878466e-03,3.200900e-02,8.212947e-02,9.514432e-03,1.522424e-02,9.984120e-03,1.325663e-01,9.104628e-03,1.273007e-01
2.007706e-01,2.184695e-01,1.511115e-02,1.115053e-02,1.235458e-02,1.734852e-01,1.817103e-03,3.566257e-02,7.969716e-02,8.911422e-03,1.314250e-02,7.873377e-03,9.784801e-02,1.465178e-02,1.090545e-01
1.937554e-01,1.764633e-01,1.598746e-02,9.378560e-03,1.640538e-02,2.409175e-01,1.814766e-03,4.064308e-02,1.044546e-01,7.493733e-03,1.034986e-02,6.181540e-03,7.405965e-02,1.659804e-02,8.549710e-02
1.755212e-01,1.444735e-01,1.533554e-02,8.438701e-03,1.668714e-02,3.241032e-01,2.126488e-03,4.618002e-02,1.135867e-01,5.673719e-03,7.985214e-03,5.058578e-03,5.410220e-02,1.523952e-02,6.548828e-02
1.687698e-01,1.308447e-01,1.964207e-02,1.568898e-02,4.697343e-02,2.720225e-01,3.705126e-03,6.658716e-02,1.110835e-01,1.059949e-02,6.272277e-03,4.139633e-03,3.884313e-02,1.254105e-02,9.228721e-02
1.371881e-01,1.050225e-01,1.635551e-02,1.529824e-02,4.209456e-02,1.975996e-01,3.117908e-03,2.121991e-01,1.105006e-01,1.517230e-02,4.985296e-03,3.203322e-03,2.782904e-02,1.088988e-02,9.854404e-02
1.072410e-01,8.404618e-02,1.498155e-02,1.515572e-02,3.338489e-02,1.402600e-01,2.727050e-03,3.976814e-01,8.349472e-02,1.234484e-02,3.696539e-03,2.321922e-03,1.961790e-02,8.361588e-03,7.468475e-02
7.907058e-02,6.104369e-02,1.307862e-02,1.192597e-02,2.419014e-02,9.845137e-02,2.204459e-03,5.646875e-01,5.940348e-02,8.765939e-03,2.765418e-03,1.651287e-03,1.376722e-02,5.984091e-03,5.301028e-02
5.674784e-02,4.420992e-02,9.637844e-03,8.672748e-03,1.771224e-02,6.895229e-02,1.564195e-03,6.905338e-01,4.172427e-02,6.143330e-03,1.955250e-03,1.158075e-03,9.643197e-03,4.207697e-03,3.713732e-02
4.160514e-02,3.143713e-02,7.301969e-03,6.354781e-03,1.287317e-02,4.869224e-02,1.183898e-03,7.786793e-01,2.948473e-02,4.308789e-03,1.440533e-03,8.263353e-04,6.780729e-03,2.999427e-03,2.603185e-02
3.195798e-02,2.204248e-02,5.162191e-03,4.501558e-03,9.265920e-03,3.440178e-02,1.022735e-03,8.411134e-01,2.071977e-02,3.017985e-03,1.044446e-03,6.004944e-04,4.781638e-03,2.131560e-03,1.823610e-02
2.574970e-02,1.545369e-02,3.669028e-03,3.194198e-03,6.828148e-03,2.426703e-02,1.005600e-03,8.842999e-01,1.456762e-02,2.113757e-03,7.632425e-04,4.394811e-04,3.370026e-03,1.505800e-03,1.277279e-02
2.313187e-02,1.091626e-02,2.663993e-03,2.304357e-03,5.451576e-03,1.739780e-02,1.040289e-03,9.118107e-01,1.047553e-02,1.480925e-03,5.692286e-04,3.322235e-04,2.394757e-03,1.070433e-03,8.960158e-03
2.481333e-02,7.738646e-03,1.981811e-03,1.693219e-03,4.658156e-03,1.276907e-02,1.237124e-03,9.269532e-01,7.582916e-03,1.039956e-03,4.367086e-04,2.890645e-04,1.725706e-03,7.709120e-04,6.310209e-03
3.697817e-02,5.539180e-03,1.998823e-03,1.720112e-03,4.186268e-03,9.879143e-03,1.791494e-03,9.239936e-01,5.711564e-03,7.404418e-04,4.036152e-04,6.063186e-04,1.377591e-03,5.766720e-04,4.497059e-03
5.983536e-02,4.088433e-03,2.567875e-03,2.216023e-03,4.629454e-03,7.775953e-03,3.324629e-03,9.043493e-01,4.682794e-03,5.577559e-04,3.540909e-04,8.287676e-04,1.126280e-03,4.368845e-04,3.226481e-03
6.617299e-02,3.048739e-03,2.670495e-03,2.322024e-03,7.167216e-03,5.810820e-03,3.478206e-03,9.002633e-01,4.031627e-03,4.154826e-04,3.133658e-04,7.870232e-04,8.794334e-04,3.266476e-04,2.312612e-03
7.592250e-02,2.599861e-03,3.362776e-03,3.149470e-03,9.850994e-03,4.924135e-03,3.907516e-03,8.885481e-01,3.181221e-03,3.311626e-04,3.759322e-04,8.302273e-04,9.083913e-04,2.815241e-04,1.826162e-03
1.106909e-01,2.494031e-03,3.838085e-03,4.294376e-03,1.147486e-02,4.816954e-03,4.010353e-03,8.490907e-01,2.744865e-03,3.499340e-04,6.640606e-04,1.710264e-03,1.395135e-03,4.095243e-04,2.016023e-03
2.002984e-01,2.584866e-03,8.292649e-03,6.843059e-03,1.330034e-02,5.947563e-03,5.230484e-03,7.400256e-01,3.174190e-03,6.477567e-04,1.340899e-03,5.488621e-03,2.888677e-03,9.755330e-04,2.961310e-03
2.370329e-01,2.168231e-03,7.902375e-03,6.777828e-03,1.275446e-02,5.393579e-03,5.124446e-03,7.063195e-01,2.772854e-03,7.564434e-04,1.286254e-03,5.202465e-03,2.732287e-03,8.685725e-04,2.907790e-03
2.713919e-01,2.028218e-03,7.527805e-03,6.807426e-03,1.283874e-02,5.320257e-03,5.349285e-03,6.714584e-01,2.664033e-03,9.678823e-04,1.492450e-03,5.261165e-03,2.699957e-03,8.561608e-04,3.336316e-03
3.592893e-01,4.259384e-03,9.926548e-03,2.283712e-02,1.025536e-02,1.379165e-02,4.426673e-03,5.114946e-01,6.568218e-03,5.755114e-03,5.094807e-03,1.568451e-02,1.408900e-02,2.321102e-03,1.420666e-02
4.549164e-01,5.087995e-03,9.581282e-03,2.919253e-02,8.454863e-03,1.798688e-02,3.643082e-03,3.803848e-01,1.018724e-02,1.105265e-02,6.792252e-03,1.883744e-02,1.913716e-02,3.101205e-03,2.164436e-02
4.475964e-01,8.532362e-03,8.466194e-03,3.392909e-02,7.645269e-03,1.615682e-02,3.334518e-03,2.852692e-01,3.811100e-02,1.848487e-02,1.988795e-02,2.064437e-02,3.137678e-02,5.763803e-03,5.480143e-02
3.707657e-01,9.186592e-03,1.909817e-02,1.464288e-01,8.653931e-03,1.295488e-02,2.530998e-03,2.150166e-01,7.033797e-02,1.844371e-02,2.739622e-02,1.693974e-02,3.257342e-02,4.854742e-03,4.481843e-02
3.854401e-01,8.764757e-03,1.579111e-02,1.305786e-01,1.003363e-02,1.192301e-02,2.048554e-03,1.776439e-01,6.062579e-02,1.528680e-02,6.178916e-02,1.586026e-02,5.368643e-02,5.568627e-03,4.495929e-02
4.596972e-01,9.694452e-03,1.430457e-02,1.117063e-01,1.024042e-02,1.055990e-02,1.927485e-03,1.366417e-01,5.398225e-02,1.197251e-02,5.968930e-02,1.674634e-02,5.847215e-02,6.518089e-03,3.784731e-02
1.000000e+00,0.000000e+00,0.000000e+00,0.000000e+00,0.000000e+00,0.000000e+00,0.000000e+00,0.000000e+00,0.000000e+00,0.000000e+00,0.000000e+00,0.000000e+00,0.000000e+00,0.000000e+00,0.000000e+00
1.000000e+00,0.000000e+00,0.000000e+00,0.000000e+00,0.000000e+00,0.000000e+00,0.000000e+00,0.000000e+00,0.000000e+00,0.000000e+00,0.000000e+00,0.000000e+00,0.000000e+00,0.000000e+00,0.000000e+00
4.768686e-01,1.583416e-02,4.036735e-02,5.345103e-02,2.045021e-02,8.738343e-03,2.223761e-03,6.674294e-02,9.860428e-02,1.261866e-02,3.686715e-02,1.550183e-02,6.927281e-02,6.997712e-03,7.546115e-02
4.539842e-01,2.134244e-02,3.390084e-02,4.585141e-02,3.749681e-02,1.085933e-02,2.342368e-03,6.807570e-02,1.126439e-01,1.024506e-02,3.326798e-02,1.843015e-02,7.106683e-02,7.427603e-03,7.306533e-02
3.813673e-01,2.560724e-02,3.920668e-02,4.862534e-02,5.837097e-02,1.169522e-02,2.727681e-03,6.921507e-02,1.373930e-01,9.289919e-03,2.883760e-02,1.850654e-02,7.680242e-02,6.721312e-03,8.563376e-02
3.166670e-01,3.005104e-02,4.280832e-02,3.924824e-02,6.122486e-02,9.912375e-03,3.434497e-03,6.694874e-02,1.382518e-01,8.346813e-03,2.321903e-02,1.640268e-02,7.336905e-02,6.648501e-03,1.634670e-01
2.966776e-01,4.694544e-02,5.418936e-02,3.007838e-02,6.231662e-02,8.611657e-03,3.545803e-03,6.902471e-02,1.190364e-01,8.210146e-03,1.775347e-02,1.376059e-02,6.731974e-02,7.539473e-03,1.949906e-01
3.172029e-01,6.506442e-02,4.661293e-02,2.737950e-02,5.311316e-02,9.582513e-03,3.156441e-03,5.107216e-02,1.043641e-01,1.088292e-02,1.607241e-02,1.884145e-02,5.694840e-02,9.602210e-03,2.101046e-01
2.786825e-01,6.257293e-02,3.662341e-02,2.408302e-02,4.484928e-02,8.928601e-03,3.502025e-03,3.755264e-02,9.412641e-02,1.313731e-02,1.386942e-02,1.775136e-02,4.732411e-02,1.197066e-02,3.050264e-01
2.972282e-01,7.683785e-02,2.817162e-02,2.475176e-02,3.488613e-02,8.123897e-03,3.042776e-03,2.793564e-02,1.020420e-01,2.563786e-02,1.239796e-02,1.878141e-02,3.914481e-02,1.237936e-02,2.886388e-01
2.713267e-01,9.453900e-02,2.235921e-02,2.452314e-02,3.038603e-02,9.535413e-03,3.329583e-03,2.193046e-02,1.399612e-01,2.809265e-02,1.123509e-02,1.890520e-02,3.438469e-02,1.476670e-02,2.747250e-01
2.553048e-01,9.056906e-02,1.899603e-02,4.331747e-02,2.543152e-02,8.790578e-03,3.048168e-03,1.683048e-02,1.533838e-01,3.868650e-02,1.043728e-02,1.805637e-02,2.837577e-02,1.306973e-02,2.757025e-01
2.891401e-01,8.197719e-02,2.739674e-02,5.018286e-02,3.539470e-02,1.059846e-02,3.798075e-03,2.567097e-02,1.629115e-01,2.891863e-02,1.170586e-02,1.958810e-02,2.764182e-02,1.240262e-02,2.126724e-01
3.408684e-01,8.153058e-02,2.795611e-02,4.172958e-02,3.168153e-02,1.299786e-02,4.128409e-03,3.019086e-02,1.562277e-01,2.334153e-02,1.353849e-02,2.037344e-02,2.384440e-02,1.668964e-02,1.749015e-01
3.713973e-01,7.472794e-02,2.196606e-02,3.268354e-02,3.380528e-02,2.234981e-02,3.597119e-03,3.276499e-02,1.962728e-01,1.744055e-02,1.252697e-02,1.719174e-02,2.102581e-02,1.385313e-02,1.283970e-01
4.085649e-01,7.198368e-02,1.763317e-02,2.728774e-02,3.624616e-02,2.589779e-02,3.314065e-03,3.399043e-02,2.079304e-01,1.311806e-02,1.176477e-02,1.527531e-02,1.755037e-02,1.203106e-02,9.741224e-02
4.661596e-01,6.520075e-02,1.432988e-02,2.404086e-02,3.576981e-02,2.438371e-02,3.070215e-03,3.393620e-02,1.883649e-01,1.065466e-02,1.214411e-02,1.470069e-02,1.670315e-02,1.059181e-02,7.994971e-02
4.907028e-01,5.530216e-02,1.905542e-02,3.374202e-02,3.344331e-02,2.261491e-02,3.093912e-03,5.147907e-02,1.635516e-01,9.549590e-03,1.431650e-02,1.546563e-02,1.534944e-02,9.161293e-03,6.317240e-02
4.854810e-01,5.665505e-02,2.249420e-02,4.042609e-02,2.868352e-02,1.853818e-02,2.514426e-03,3.989218e-02,1.837110e-01,1.699883e-02,1.358920e-02,1.242727e-02,1.273315e-02,7.936819e-03,5.791911e-02
3.602526e-01,4.658472e-02,1.663687e-02,1.756108e-01,2.260497e-02,1.462757e-02,1.951409e-03,2.810282e-02,1.929812e-01,1.215595e-02,2.433529e-02,2.704985e-02,2.895915e-02,5.652192e-03,4.249468e-02
2.530670e-01,3.348424e-02,1.360133e-02,1.547647e-01,1.646774e-02,1.051343e-02,1.438888e-03,1.971950e-02,1.463654e-01,9.203618e-03,4.311852e-02,2.004853e-01,6.363039e-02,4.007586e-03,3.013235e-02
1.775621e-01,2.348948e-02,9.734329e-03,1.155193e-01,1.321745e-02,7.780813e-03,1.034754e-03,1.382877e-02,1.073561e-01,7.256634e-03,9.823985e-02,2.100098e-01,1.906717e-01,2.902987e-03,2.139596e-02
1.246087e-01,1.645402e-02,6.850459e-03,8.100326e-02,1.861434e-02,5.591943e-03,7.555558e-04,1.001565e-02,8.044009e-02,5.177396e-03,9.418021e-02,1.883710e-01,3.508394e-01,2.071211e-03,1.502681e-02
8.743897e-02,1.154025e-02,4.833376e-03,5.675155e-02,1.562350e-02,4.050687e-03,5.455039e-04,7.310258e-03,6.039464e-02,3.700693e-03,7.202381e-02,2.018981e-01,4.618525e-01,1.494792e-03,1.054135e-02
6.182482e-02,8.265360e-03,3.619858e-03,4.000026e-02,2.072262e-02,3.655804e-03,5.924673e-04,6.915857e-03,5.531882e-02,2.895013e-03,5.409744e-02,1.871804e-01,5.461761e-01,1.264190e-03,7.471032e-03
4.376704e-02,6.465846e-03,3.222231e-03,2.843538e-02,2.013427e-02,5.506800e-03,8.566334e-04,7.074491e-03,5.521560e-02,2.425361e-03,4.052808e-02,1.754186e-01,6.045260e-01,1.026616e-03,5.397094e-03
3.112091e-02,4.711519e-03,2.586135e-03,2.016256e-02,1.746888e-02,4.755701e-03,1.023637e-03,7.987249e-03,5.331914e-02,1.908347e-03,2.966543e-02,1.656466e-01,6.546765e-01,9.191044e-04,4.048282e-03
2.193038e-02,3.404167e-03,1.912223e-03,1.415155e-02,1.592555e-02,8.994134e-03,1.041933e-03,6.088494e-03,4.445704e-02,1.485399e-03,2.125066e-02,3.413848e-01,5.143895e-01,6.875200e-04,2.896607e-03
1.547956e-02,2.408694e-03,1.405082e-03,9.914934e-03,1.251012e-02,2.035819e-02,1.080164e-03,4.450580e-03,3.302833e-02,1.086717e-03,1.522503e-02,5.049694e-01,3.755391e-01,4.933846e-04,2.050739e-03
1.166087e-02,1.744977e-03,1.112891e-03,7.048200e-03,9.599497e-03,7.054096e-02,5.925758e-03,6.433927e-03,2.401454e-02,9.761894e-04,1.111685e-02,5.747805e-01,2.730694e-01,3.779547e-04,1.597483e-03
8.540043e-03,1.277904e-03,8.030694e-04,4.973182e-03,7.114883e-03,5.556335e-02,4.463783e-03,4.715745e-03,1.742905e-02,7.968164e-04,7.984827e-03,6.694373e-01,2.154517e-01,2.816453e-04,1.166706e-03
6.898343e-03,1.040766e-03,6.222493e-04,3.506756e-03,5.994026e-03,4.476716e-02,3.481956e-03,3.760649e-03,1.462159e-02,6.897858e-04,5.800129e-03,7.426692e-01,1.650564e-01,2.058936e-04,8.850552e-04
1.031474e-02,1.354589e-03,8.752045e-04,4.423988e-03,7.745026e-03,7.496198e-02,5.236768e-03,6.663979e-03,1.294189e-02,8.485166e-04,6.110281e-03,7.351100e-01,1.318702e-01,4.757818e-04,1.066969e-03
1.419488e-02,1.413349e-03,7.842396e-04,3.755717e-03,1.685710e-02,6.497063e-02,4.723596e-03,8.449404e-03,1.250057e-02,7.707819e-04,5.456655e-03,7.618332e-01,1.027936e-01,5.717370e-04,9.244832e-04
2.391245e-02,1.937035e-03,2.503637e-03,3.378028e-03,3.586220e-02,5.027896e-02,1.602565e-02,6.758467e-02,1.211588e-02,9.272083e-04,5.412242e-03,6.989306e-01,7.883374e-02,1.207051e-03,1.090599e-03
2.826432e-02,3.186546e-03,3.657128e-03,2.921405e-03,7.348844e-02,4.347220e-02,4.663103e-02,5.032273e-02,1.262178e-02,8.575674e-04,5.190870e-03,6.657853e-01,6.168403e-02,9.946154e-04,9.220417e-04
2.419191e-02,1.316153e-02,3.111202e-02,4.103025e-02,2.298936e-01,3.662480e-02,4.841072e-02,3.798396e-02,1.149249e-02,6.723873e-04,4.195015e-03,4.756568e-01,4.403311e-02,7.262125e-04,8.152518e-04
4.274600e-02,1.530429e-02,5.106372e-02,1.530884e-01,2.227303e-01,2.919455e-02,3.878194e-02,4.110169e-02,1.700909e-02,1.071623e-03,4.755988e-03,3.471490e-01,3.217132e-02,7.906173e-04,3.041457e-03
6.158174e-02,1.784533e-02,5.244532e-02,1.313634e-01,2.609436e-01,2.936852e-02,4.663722e-02,4.005371e-02,2.162284e-02,1.136504e-03,6.754590e-03,2.949199e-01,2.844465e-02,1.018493e-03,5.864253e-03
7.547575e-02,2.303389e-02,4.629447e-02,1.477748e-01,2.820706e-01,2.529760e-02,4.980733e-02,4.435547e-02,2.029517e-02,1.039700e-03,7.159324e-03,2.492441e-01,2.256992e-02,9.444946e-04,4.637431e-03
1.064194e-01,2.320389e-02,3.612660e-02,1.248339e-01,2.727980e-01,2.366658e-02,5.138596e-02,4.108950e-02,3.122064e-02,1.214747e-03,7.263815e-03,2.557893e-01,1.974646e-02,1.070087e-03,4.171139e-03
1.043566e-01,2.400065e-02,2.937438e-02,1.503441e-01,2.843185e-01,2.312305e-02,5.715008e-02,8.871360e-02,2.756912e-02,1.309683e-03,6.057828e-03,1.813706e-01,1.724279e-02,9.310243e-04,4.138101e-03
1.730811e-01,1.900272e-02,2.230662e-02,1.459138e-01,2.645009e-01,2.331827e-02,4.751699e-02,1.038055e-01,3.787079e-02,1.451168e-03,7.840403e-03,1.297563e-01,1.905925e-02,7.745427e-04,3.801593e-03
1.784418e-01,1.943792e-02,1.706549e-02,2.466148e-01,2.022190e-01,1.971523e-02,3.423983e-02,7.784833e-02,3.237404e-02,5.226384e-03,2.762897e-02,9.597006e-02,3.043818e-02,1.302590e-03,1.147738e-02
2.257248e-01,1.601219e-02,1.235117e-02,2.365437e-01,1.476622e-01,2.022038e-02,2.523820e-02,5.578676e-02,2.894078e-02,6.735487e-03,5.186796e-02,9.106880e-02,6.860735e-02,2.771883e-03,1.046844e-02
3.074811e-01,1.338226e-02,9.173305e-03,1.780295e-01,1.100560e-01,1.846930e-02,1.814835e-02,4.052139e-02,2.447093e-02,7.406983e-03,7.049550e-02,1.067579e-01,8.290507e-02,2.474924e-03,1.022752e-02
3.353290e-01,1.098784e-02,6.676679e-03,1.279120e-01,8.219256e-02,1.643760e-02,1.341348e-02,2.912348e-02,2.013464e-02,5.661618e-03,5.204095e-02,1.280511e-01,1.618039e-01,1.927406e-03,8.307820e-03
3.736296e-01,9.291914e-03,6.111072e-03,9.332576e-02,5.840363e-02,1.776394e-02,1.035620e-02,2.206719e-02,1.588944e-02,4.270035e-03,3.880328e-02,1.115259e-01,2.288521e-01,3.064574e-03,6.645349e-03
3.900511e-01,7.797783e-03,4.928739e-03,6.870143e-02,4.282046e-02,1.991631e-02,8.601409e-03,1.840363e-02,1.565663e-02,4.087757e-03,3.546181e-02,1.506137e-01,2.228056e-01,4.372867e-03,5.780773e-03
3.439008e-01,1.009728e-02,4.403030e-03,5.011532e-02,3.338261e-02,2.065261e-02,7.388607e-03,1.429060e-02,1.884945e-02,4.898221e-03,2.788115e-02,1.945508e-01,2.591049e-01,5.604747e-03,4.879853e-03
2.619160e-01,9.229408e-03,3.382777e-03,3.713898e-02,2.506463e-02,2.713395e-02,6.090507e-03,1.082087e-02,1.928757e-02,5.366129e-03,2.552993e-02,2.500840e-01,3.075371e-01,7.023303e-03,4.394850e-03
2.018955e-01,6.798295e-03,2.464866e-03,2.624312e-02,1.962503e-02,2.079757e-02,4.694863e-03,7.745941e-03,2.683066e-02,6.291459e-03,2.635850e-02,3.451408e-01,2.956856e-01,5.569933e-03,3.857843e-03
1.803585e-01,5.251857e-03,1.871194e-03,1.881758e-02,1.562070e-02,1.567871e-02,3.495966e-03,5.550343e-03,4.220527e-02,8.202421e-03,2.861495e-02,4.128729e-01,2.542144e-01,4.262409e-03,2.982733e-03
1.780882e-01,4.393898e-03,1.389554e-03,1.365482e-02,1.161179e-02,1.267022e-02,2.612673e-03,4.035799e-03,5.658755e-02,9.282066e-03,3.133766e-02,4.383407e-01,2.303071e-01,3.312662e-03,2.375346e-03
1.588394e-01,3.661321e-03,1.029178e-03,9.712921e-03,8.550528e-03,9.672888e-03,1.934205e-03,2.955227e-03,6.638712e-02,9.878315e-03,2.636343e-02,5.157896e-01,1.809472e-01,2.535051e-03,1.743666e-03
1.560512e-01,3.321355e-03,8.215764e-04,6.976035e-03,6.831083e-03,7.415591e-03,1.559644e-03,2.318634e-03,1.109627e-01,1.137279e-02,2.315158e-02,5.208766e-01,1.448950e-01,2.067844e-03,1.378178e-03
1.178137e-01,3.138938e-03,6.685189e-04,4.998727e-03,5.531568e-03,5.656433e-03,1.251728e-03,1.753366e-03,1.791120e-01,1.378153e-02,1.927211e-02,5.291468e-01,1.152227e-01,1.566802e-03,1.085053e-03
8.565601e-02,2.722381e-03,5.425172e-04,3.615393e-03,4.185530e-03,4.434926e-03,1.035608e-03,1.320807e-03,2.274002e-01,1.089647e-02,1.481810e-02,5.466148e-01,9.471153e-02,1.175226e-03,8.705849e-04
8.009595e-02,2.870919e-03,6.645487e-04,2.804019e-03,4.335252e-03,4.040183e-03,1.245012e-03,1.561332e-03,2.597167e-01,1.001133e-02,1.177124e-02,5.427594e-01,7.646242e-02,9.014978e-04,7.602773e-04
7.683477e-02,2.986115e-03,1.002924e-03,2.225182e-03,3.931692e-03,3.745346e-03,1.486403e-03,2.146777e-03,2.356923e-01,9.710571e-03,9.218861e-03,5.904410e-01,5.918901e-02,7.418030e-04,6.473458e-04
6.199319e-02,2.952534e-03,9.928751e-04,1.683599e-03,4.844932e-03,2.892972e-03,1.629146e-03,1.869254e-03,3.005426e-01,8.115962e-03,7.258166e-03,5.584309e-01,4.571667e-02,5.638833e-04,5.133759e-04
5.368588e-02,4.296268e-03,1.924607e-03,1.720686e-03,8.891203e-03,2.811811e-03,2.024816e-03,2.370414e-03,3.261144e-01,7.198764e-03,6.757116e-03,5.451596e-01,3.584241e-02,4.633321e-04,7.386894e-04
9.286480e-02,4.982041e-03,2.789877e-03,3.736972e-03,1.114926e-02,3.649500e-03,2.247080e-03,4.421286e-03,2.844937e-01,8.491093e-03,9.189990e-03,5.364451e-01,3.339702e-02,5.064796e-04,1.635739e-03
9.454489e-02,5.630997e-03,3.373963e-03,4.105255e-03,2.595927e-02,4.003986e-03,4.634585e-03,7.903700e-03,3.299680e-01,7.636652e-03,1.146524e-02,4.695462e-01,2.917960e-02,4.376568e-04,1.609984e-03
6.895128e-02,4.251453e-03,6.473942e-03,3.075305e-03,2.870524e-02,3.211115e-03,4.373276e-03,1.209947e-01,2.504483e-01,5.553281e-03,1.384899e-02,4.608872e-01,2.771702e-02,3.576888e-04,1.151156e-03
5.524016e-02,3.440176e-03,6.236996e-03,2.488715e-03,7.571450e-02,4.892802e-03,1.389620e-02,9.995648e-02,3.412794e-01,4.057612e-03,1.318432e-02,3.560978e-01,2.215705e-02,4.232168e-04,9.346158e-04
5.965102e-02,5.008329e-03,5.602575e-03,1.083270e-02,1.289013e-01,1.178959e-02,1.739500e-02,8.284080e-02,3.517219e-01,3.265289e-03,1.481868e-02,2.874892e-01,1.852724e-02,3.927477e-04,1.763603e-03
8.610272e-02,5.482855e-03,5.154878e-03,1.725437e-02,1.484227e-01,2.347143e-02,1.517262e-02,7.783014e-02,3.431068e-01,3.296739e-03,1.904390e-02,2.261892e-01,2.220552e-02,6.204679e-04,6.645637e-03
7.679101e-02,4.247034e-03,3.885964e-03,1.368592e-02,1.754641e-01,2.507865e-02,1.243726e-02,5.689346e-02,4.106970e-01,2.859903e-03,1.722133e-02,1.675194e-01,2.356838e-02,6.447006e-04,9.005887e-03
7.448485e-02,4.094177e-03,3.668303e-03,1.604951e-02,2.398294e-01,2.695280e-02,1.309468e-02,6.420144e-02,3.865063e-01,2.181464e-03,1.808427e-02,1.221544e-01,2.118100e-02,6.402337e-04,6.877190e-03
7.267253e-02,3.084968e-03,2.707523e-03,1.180692e-02,2.431208e-01,3.806251e-02,1.005493e-02,4.970215e-02,4.412573e-01,1.685295e-03,1.587122e-02,8.800472e-02,1.623631e-02,7.272665e-04,5.005638e-03
1.405270e-01,4.623013e-03,2.188898e-03,1.238085e-02,2.191763e-01,3.660332e-02,7.869424e-03,4.271166e-02,4.043931e-01,1.704944e-03,2.232785e-02,7.852055e-02,1.934809e-02,1.321240e-03,6.303763e-03
1.435654e-01,6.753881e-03,1.676545e-02,4.881895e-02,1.848565e-01,2.919889e-02,6.290067e-03,6.807016e-02,3.934850e-01,1.611188e-03,1.776815e-02,5.740611e-02,1.606512e-02,1.089605e-03,8.255500e-03
1.634571e-01,6.938968e-03,1.270699e-02,4.573839e-02,1.796940e-01,2.627397e-02,5.162908e-03,5.928492e-02,4.227193e-01,1.373541e-03,1.389136e-02,4.161324e-02,1.311287e-02,9.238172e-04,7.108650e-03
1.892242e-01,8.066966e-03,1.710056e-02,8.969349e-02,1.507306e-01,2.112041e-02,4.134182e-03,6.537244e-02,3.927056e-01,1.746707e-03,1.129765e-02,3.053234e-02,1.031910e-02,8.579430e-04,7.097808e-03
1.598385e-01,6.340665e-03,1.314890e-02,6.557562e-02,1.188420e-01,1.540904e-02,3.249599e-03,2.525076e-01,3.208131e-01,1.242648e-03,8.222100e-03,2.156410e-02,7.547434e-03,6.253179e-04,5.073479e-03
1.171187e-01,4.710227e-03,1.138765e-02,4.766515e-02,8.552135e-02,1.110379e-02,2.654792e-03,4.622626e-01,2.262450e-01,8.871889e-04,5.830059e-03,1.511041e-02,5.405726e-03,4.646384e-04,3.632667e-03
8.449001e-02,3.379146e-03,8.497647e-03,3.372988e-02,6.297262e-02,7.848918e-03,1.980213e-03,6.164128e-01,1.586486e-01,6.306543e-04,4.111413e-03,1.058474e-02,3.820089e-03,3.372435e-04,2.556137e-03
6.110803e-02,2.405259e-03,6.080643e-03,2.378198e-02,4.725067e-02,5.560490e-03,1.468387e-03,7.257044e-01,1.111714e-01,4.441889e-04,2.891365e-03,7.413793e-03,2.687767e-03,2.391236e-04,1.792429e-03
4.372605e-02,1.721047e-03,4.406082e-03,1.670966e-02,3.353463e-02,3.937581e-03,1.074423e-03,8.061497e-01,7.788624e-02,3.119958e-04,2.029029e-03,5.192313e-03,1.887984e-03,1.733297e-04,1.259910e-03
3.171953e-02,1.231828e-03,3.145229e-03,1.172276e-02,2.376418e-02,2.831961e-03,7.958297e-04,8.625841e-01,5.458013e-02,2.189159e-04,1.424015e-03,3.637738e-03,1.327355e-03,1.279251e-04,8.884938e-04
2.343264e-02,8.794687e-04,2.238293e-03,8.225066e-03,1.673482e-02,2.091004e-03,5.727906e-04,9.022187e-01,3.822790e-02,1.538578e-04,1.002796e-03,2.555143e-03,9.392586e-04,9.454996e-05,6.337127e-04
1.911982e-02,6.640483e-04,1.615521e-03,5.808871e-03,1.185655e-02,1.576189e-03,4.264922e-04,9.282231e-01,2.681674e-02,1.095232e-04,7.206367e-04,1.810224e-03,6.781167e-04,8.409729e-05,4.900612e-04
1.808294e-02,5.206322e-04,1.186480e-03,4.161411e-03,8.478080e-03,1.197419e-03,3.225507e-04,9.442531e-01,1.889550e-02,8.122409e-05,5.229466e-04,1.299614e-03,4.903818e-04,7.513207e-05,4.325842e-04
2.224765e-02,4.459151e-04,9.345268e-04,3.029209e-03,6.061936e-03,9.604889e-04,3.078481e-04,9.498678e-01,1.366121e-02,8.097154e-05,4.156850e-04,1.102154e-03,3.841626e-04,8.311837e-05,4.172408e-04
2.130213e-02,3.433372e-04,7.239069e-04,2.199946e-03,4.312692e-03,7.282391e-04,2.612333e-04,9.582357e-01,9.813513e-03,8.399579e-05,3.310484e-04,9.179192e-04,2.911352e-04,7.319740e-05,3.819306e-04
2.535308e-02,3.112197e-04,8.094608e-04,1.831329e-03,3.119676e-03,6.447570e-04,3.244683e-04,9.582461e-01,7.188965e-03,1.440037e-04,3.194391e-04,8.971912e-04,2.484742e-04,8.017497e-05,4.816163e-04
5.130372e-02,4.720218e-04,1.302819e-03,2.117488e-03,2.415941e-03,8.907506e-04,5.687396e-04,9.310538e-01,5.748037e-03,4.234933e-04,5.402908e-04,1.581953e-03,3.294487e-04,1.874901e-04,1.063957e-03
9.078185e-02,7.280958e-04,1.923126e-03,2.660197e-03,1.962786e-03,1.344419e-03,9.413919e-04,8.873793e-01,4.748334e-03,1.138920e-03,8.982271e-04,2.660226e-03,4.828342e-04,3.514743e-04,1.998893e-03
1.870696e-01,4.435222e-03,3.386771e-03,7.141767e-03,2.533677e-03,4.645221e-03,1.318361e-03,7.367792e-01,8.345433e-03,6.157409e-03,3.058491e-03,7.309482e-03,1.763713e-03,1.503144e-03,2.455258e-02
1.897298e-01,7.387133e-03,4.442283e-03,1.244339e-02,2.305586e-03,8.829289e-03,1.161440e-03,5.451085e-01,3.562365e-02,2.206689e-02,4.227795e-03,9.583253e-03,3.076418e-03,7.941012e-03,1.460736e-01
1.590712e-01,6.919396e-03,7.896170e-03,1.625528e-02,1.851432e-03,7.253591e-03,9.105232e-04,3.847357e-01,1.205696e-01,2.956809e-02,6.210837e-03,9.140579e-03,7.637365e-03,8.094408e-03,2.338859e-01
1.520703e-01,8.328585e-03,2.071863e-02,3.323165e-02,1.853177e-03,6.850423e-03,9.455832e-04,2.717173e-01,1.455256e-01,3.148400e-02,9.667184e-03,1.366350e-02,1.971288e-02,1.427261e-02,2.699586e-01
1.572927e-01,8.309165e-03,3.641542e-02,3.637239e-02,1.731803e-03,8.077819e-03,1.435284e-03,1.953713e-01,1.311207e-01,3.516386e-02,1.002796e-02,1.485706e-02,3.145917e-02,2.557830e-02,3.067871e-01
2.106515e-01,1.000205e-02,5.233014e-02,3.641932e-02,2.255518e-03,1.092453e-02,1.525589e-03,1.398709e-01,1.087618e-01,2.956707e-02,1.137296e-02,1.395997e-02,4.870936e-02,4.086633e-02,2.827830e-01
2.461642e-01,1.184021e-02,5.238628e-02,2.902346e-02,4.981851e-03,1.257375e-02,1.832622e-03,1.043538e-01,9.051751e-02,2.448609e-02,1.166042e-02,1.079500e-02,4.336986e-02,4.458667e-02,3.114283e-01
