1.000000e+00,0.000000e+00,0.000000e+00,0.000000e+00,0.000000e+00,0.000000e+00,0.000000e+00,0.000000e+00,0.000000e+00,0.000000e+00,0.000000e+00,0.000000e+00,0.000000e+00,0.000000e+00,0.000000e+00
1.000000e+00,0.000000e+00,0.000000e+00,0.000000e+00,0.000000e+00,0.000000e+00,0.000000e+00,0.000000e+00,0.000000e+00,0.000000e+00,0.000000e+00,0.000000e+00,0.000000e+00,0.000000e+00,0.000000e+00
1.000000e+00,0.000000e+00,0.000000e+00,0.000000e+00,0.000000e+00,0.000000e+00,0.000000e+00,0.000000e+00,0.000000e+00,0.000000e+00,0.000000e+00,0.000000e+00,0.000000e+00,0.000000e+00,0.000000e+00
1.000000e+00,0.000000e+00,0.000000e+00,0.000000e+00,0.000000e+00,0.000000e+00,0.000000e+00,0.000000e+00,0.000000e+00,0.000000e+00,0.000000e+00,0.000000e+00,0.000000e+00,0.000000e+00,0.000000e+00
1.000000e+00,0.000000e+00,0.000000e+00,0.000000e+00,0.000000e+00,0.000000e+00,0.000000e+00,0.000000e+00,0.000000e+00,0.000000e+00,0.000000e+00,0.000000e+00,0.000000e+00,0.000000e+00,0.000000e+00
1.000000e+00,0.000000e+00,0.000000e+00,0.000000e+00,0.000000e+00,0.000000e+00,0.000000e+00,0.000000e+00,0.000000e+00,0.000000e+00,0.000000e+00,0.000000e+00,0.000000e+00,0.000000e+00,0.000000e+00
1.000000e+00,0.000000e+00,0.000000e+00,0.000000e+00,0.000000e+00,0.000000e+00,0.000000e+00,0.000000e+00,0.000000e+00,0.000000e+00,0.000000e+00,0.000000e+00,0.000000e+00,0.000000e+00,0.000000e+00
1.000000e+00,0.000000e+00,0.000000e+00,0.000000e+00,0.000000e+00,0.000000e+00,0.000000e+00,0.000000e+00,0.000000e+00,0.000000e+00,0.000000e+00,0.000000e+00,0.000000e+00,0.000000e+00,0.000000e+00
1.000000e+00,0.000000e+00,0.000000e+00,0.000000e+00,0.000000e+00,0.000000e+00,0.000000e+00,0.000000e+00,0.000000e+00,0.000000e+00,0.000000e+00,0.000000e+00,0.000000e+00,0.000000e+00,0.000000e+00
1.000000e+00,0.000000e+00,0.000000e+00,0.000000e+00,0.000000e+00,0.000000e+00,0.000000e+00,0.000000e+00,0.000000e+00,0.000000e+00,0.000000e+00,0.000000e+00,0.000000e+00,0.000000e+00,0.000000e+00
1.000000e+00,0.000000e+00,0.000000e+00,0.000000e+00,0.000000e+00,0.000000e+00,0.000000e+00,0.000000e+00,0.000000e+00,0.000000e+00,0.000000e+00,0.000000e+00,0.000000e+00,0.000000e+00,0.000000e+00
1.000000e+00,0.000000e+00,0.000000e+00,0.000000e+00,0.000000e+00,0.000000e+00,0.000000e+00,0.000000e+00,0.000000e+00,0.000000e+00,0.000000e+00,0.000000e+00,0.000000e+00,0.000000e+00,0.000000e+00
1.000000e+00,0.000000e+00,0.000000e+00,0.000000e+00,0.000000e+00,0.000000e+00,0.000000e+00,0.000000e+00,0.000000e+00,0.000000e+00,0.000000e+00,0.000000e+00,0.000000e+00,0.000000e+00,0.000000e+00
1.000000e+00,0.000000e+00,0.000000e+00,0.000000e+00,0.000000e+00,0.000000e+00,0.000000e+00,0.000000e+00,0.000000e+00,0.000000e+00,0.000000e+00,0.000000e+00,0.000000e+00,0.000000e+00,0.000000e+00
1.000000e+00,0.000000e+00,0.000000e+00,0.000000e+00,0.000000e+00,0.000000e+00,0.000000e+00,0.000000e+00,0.000000e+00,0.000000e+00,0.000000e+00,0.000000e+00,0.000000e+00,0.000000e+00,0.000000e+00
1.000000e+00,0.000000e+00,0.000000e+00,0.000000e+00,0.000000e+00,0.000000e+00,0.000000e+00,0.000000e+00,0.000000e+00,0.000000e+00,0.000000e+00,0.000000e+00,0.000000e+00,0.000000e+00,0.000000e+00
1.000000e+00,0.000000e+00,0.000000e+00,0.000000e+00,0.000000e+00,0.000000e+00,0.000000e+00,0.000000e+00,0.000000e+00,0.000000e+00,0.000000e+00,0.000000e+00,0.000000e+00,0.000000e+00,0.000000e+00
1.000000e+00,0.000000e+00,0.000000e+00,0.000000e+00,0.000000e+00,0.000000e+00,0.000000e+00,0.000000e+00,0.000000e+00,0.000000e+00,0.000000e+00,0.000000e+00,0.000000e+00,0.000000e+00,0.000000e+00
1.000000e+00,0.000000e+00,0.000000e+00,0.000000e+00,0.000000e+00,0.000000e+00,0.000000e+00,0.000000e+00,0.000000e+00,0.000000e+00,0.000000e+00,0.000000e+00,0.000000e+00,0.000000e+00,0.000000e+00
1.000000e+00,0.000000e+00,0.000000e+00,0.000000e+00,0.000000e+00,0.000000e+00,0.000000e+00,0.000000e+00,0.000000e+00,0.000000e+00,0.000000e+00,0.000000e+00,0.000000e+00,0.000000e+00,0.000000e+00
1.000000e+00,0.000000e+00,0.000000e+00,0.000000e+00,0.000000e+00,0.000000e+00,0.000000e+00,0.000000e+00,0.000000e+00,0.000000e+00,0.000000e+00,0.000000e+00,0.000000e+00,0.000000e+00,0.000000e+00
1.000000e+00,0.000000e+00,0.000000e+00,0.000000e+00,0.000000e+00,0.000000e+00,0.000000e+00,0.000000e+00,0.000000e+00,0.000000e+00,0.000000e+00,0.000000e+00,0.000000e+00,0.000000e+00,0.000000e+00
1.000000e+00,0.000000e+00,0.000000e+00,0.000000e+00,0.000000e+00,0.000000e+00,0.000000e+00,0.000000e+00,0.000000e+00,0.000000e+00,0.000000e+00,0.000000e+00,0.000000e+00,0.000000e+00,0.000000e+00
1.000000e+00,0.000000e+00,0.000000e+00,0.000000e+00,0.000000e+00,0.000000e+00,0.000000e+00,0.000000e+00,0.000000e+00,0.000000e+00,0.000000e+00,0.000000e+00,0.000000e+00,0.000000e+00,0.000000e+00
1.000000e+00,0.000000e+00,0.000000e+00,0.000000e+00,0.000000e+00,0.000000e+00,0.000000e+00,0.000000e+00,0.000000e+00,0.000000e+00,0.000000e+00,0.000000e+00,0.000000e+00,0.000000e+00,0.000000e+00
1.000000e+00,0.000000e+00,0.000000e+00,0.000000e+00,0.000000e+00,0.000000e+00,0.000000e+00,0.000000e+00,0.000000e+00,0.000000e+00,0.000000e+00,0.000000e+00,0.000000e+00,0.000000e+00,0.000000e+00
1.000000e+00,0.000000e+00,0.000000e+00,0.000000e+00,0.000000e+00,0.000000e+00,0.000000e+00,0.000000e+00,0.000000e+00,0.000000e+00,0.000000e+00,0.000000e+00,0.000000e+00,0.000000e+00,0.000000e+00
1.000000e+00,0.000000e+00,0.000000e+00,0.000000e+00,0.000000e+00,0.000000e+00,0.000000e+00,0.000000e+00,0.000000e+00,0.000000e+00,0.000000e+00,0.000000e+00,0.000000e+00,0.000000e+00,0.000000e+00
1.000000e+00,0.000000e+00,0.000000e+00,0.000000e+00,0.000000e+00,0.000000e+00,0.000000e+00,0.000000e+00,0.000000e+00,0.000000e+00,0.000000e+00,0.000000e+00,0.000000e+00,0.000000e+00,0.000000e+00
1.000000e+00,0.000000e+00,0.000000e+00,0.000000e+00,0.000000e+00,0.000000e+00,0.000000e+00,0.000000e+00,0.000000e+00,0.000000e+00,0.000000e+00,0.000000e+00,0.000000e+00,0.000000e+00,0.000000e+00
1.000000e+00,0.000000e+00,0.000000e+00,0.000000e+00,0.000000e+00,0.000000e+00,0.000000e+00,0.000000e+00,0.000000e+00,0.000000e+00,0.000000e+00,0.000000e+00,0.000000e+00,0.000000e+00,0.000000e+00
1.000000e+00,0.000000e+00,0.000000e+00,0.000000e+00,0.000000e+00,0.000000e+00,0.000000e+00,0.000000e+00,0.000000e+00,0.000000e+00,0.000000e+00,0.000000e+00,0.000000e+00,0.000000e+00,0.000000e+00
1.000000e+00,0.000000e+00,0.000000e+00,0.000000e+00,0.000000e+00,0.000000e+00,0.000000e+00,0.000000e+00,0.000000e+00,0.000000e+00,0.000000e+00,0.000000e+00,0.000000e+00,0.000000e+00,0.000000e+00
1.000000e+00,0.000000e+00,0.000000e+00,0.000000e+00,0.000000e+00,0.000000e+00,0.000000e+00,0.000000e+00,0.000000e+00,0.000000e+00,0.000000e+00,0.000000e+00,0.000000e+00,0.000000e+00,0.000000e+00
1.000000e+00,0.000000e+00,0.000000e+00,0.000000e+00,0.000000e+00,0.000000e+00,0.000000e+00,0.000000e+00,0.000000e+00,0.000000e+00,0.000000e+00,0.000000e+00,0.000000e+00,0.000000e+00,0.000000e+00
1.000000e+00,0.000000e+00,0.000000e+00,0.000000e+00,0.000000e+00,0.000000e+00,0.000000e+00,0.000000e+00,0.000000e+00,0.000000e+00,0.000000e+00,0.000000e+00,0.000000e+00,0.000000e+00,0.000000e+00
1.000000e+00,0.000000e+00,0.000000e+00,0.000000e+00,0.000000e+00,0.000000e+00,0.000000e+00,0.000000e+00,0.000000e+00,0.000000e+00,0.000000e+00,0.000000e+00,0.000000e+00,0.000000e+00,0.000000e+00
1.000000e+00,0.000000e+00,0.000000e+00,0.000000e+00,0.000000e+00,0.000000e+00,0.000000e+00,0.000000e+00,0.000000e+00,0.000000e+00,0.000000e+00,0.000000e+00,0.000000e+00,0.000000e+00,0.000000e+00
1.000000e+00,0.000000e+00,0.000000e+00,0.000000e+00,0.000000e+00,0.000000e+00,0.000000e+00,0.000000e+00,0.000000e+00,0.000000e+00,0.000000e+00,0.000000e+00,0.000000e+00,0.000000e+00,0.000000e+00
1.000000e+00,0.000000e+00,0.000000e+00,0.000000e+00,0.000000e+00,0.000000e+00,0.000000e+00,0.000000e+00,0.000000e+00,0.000000e+00,0.000000e+00,0.000000e+00,0.000000e+00,0.000000e+00,0.000000e+00
1.000000e+00,0.000000e+00,0.000000e+00,0.000000e+00,0.000000e+00,0.000000e+00,0.000000e+00,0.000000e+00,0.000000e+00,0.000000e+00,0.000000e+00,0.000000e+00,0.000000e+00,0.000000e+00,0.000000e+00
1.000000e+00,0.000000e+00,0.000000e+00,0.000000e+00,0.000000e+00,0.000000e+00,0.000000e+00,0.000000e+00,0.000000e+00,0.000000e+00,0.000000e+00,0.000000e+00,0.000000e+00,0.000000e+00,0.000000e+00
1.000000e+00,0.000000e+00,0.000000e+00,0.000000e+00,0.000000e+00,0.000000e+00,0.000000e+00,0.000000e+00,0.000000e+00,0.000000e+00,0.000000e+00,0.000000e+00,0.000000e+00,0.000000e+00,0.000000e+00
1.000000e+00,0.000000e+00,0.000000e+00,0.000000e+00,0.000000e+00,0.000000e+00,0.000000e+00,0.000000e+00,0.000000e+00,0.000000e+00,0.000000e+00,0.000000e+00,0.000000e+00,0.000000e+00,0.000000e+00
1.000000e+00,0.000000e+00,0.000000e+00,0.000000e+00,0.000000e+00,0.000000e+00,0.000000e+00,0.000000e+00,0.000000e+00,0.000000e+00,0.000000e+00,0.000000e+00,0.000000e+00,0.000000e+00,0.000000e+00
1.000000e+00,0.000000e+00,0.000000e+00,0.000000e+00,0.000000e+00,0.000000e+00,0.000000e+00,0.000000e+00,0.000000e+00,0.000000e+00,0.000000e+00,0.000000e+00,0.000000e+00,0.000000e+00,0.000000e+00
1.000000e+00,0.000000e+00,0.000000e+00,0.000000e+00,0.000000e+00,0.000000e+00,0.000000e+00,0.000000e+00,0.000000e+00,0.000000e+00,0.000000e+00,0.000000e+00,0.000000e+00,0.000000e+00,0.000000e+00
1.000000e+00,0.000000e+00,0.000000e+00,0.000000e+00,0.000000e+00,0.000000e+00,0.000000e+00,0.000000e+00,0.000000e+00,0.000000e+00,0.000000e+00,0.000000e+00,0.000000e+00,0.000000e+00,0.000000e+00
1.000000e+00,0.000000e+00,0.000000e+00,0.000000e+00,0.000000e+00,0.000000e+00,0.000000e+00,0.000000e+00,0.000000e+00,0.000000e+00,0.000000e+00,0.000000e+00,0.000000e+00,0.000000e+00,0.000000e+00
1.000000e+00,0.000000e+00,0.000000e+00,0.000000e+00,0.000000e+00,0.000000e+00,0.000000e+00,0.000000e+00,0.000000e+00,0.000000e+00,0.000000e+00,0.000000e+00,0.000000e+00,0.000000e+00,0.000000e+00
1.000000e+00,0.000000e+00,0.000000e+00,0.000000e+00,0.000000e+00,0.000000e+00,0.000000e+00,0.000000e+00,0.000000e+00,0.000000e+00,0.000000e+00,0.000000e+00,0.000000e+00,0.000000e+00,0.000000e+00
1.000000e+00,0.000000e+00,0.000000e+00,0.000000e+00,0.000000e+00,0.000000e+00,0.000000e+00,0.000000e+00,0.000000e+00,0.000000e+00,0.000000e+00,0.000000e+00,0.000000e+00,0.000000e+00,0.000000e+00
1.000000e+00,0.000000e+00,0.000000e+00,0.000000e+00,0.000000e+00,0.000000e+00,0.000000e+00,0.000000e+00,0.000000e+00,0.000000e+00,0.000000e+00,0.000000e+00,0.000000e+00,0.000000e+00,0.000000e+00
1.000000e+00,0.000000e+00,0.000000e+00,0.000000e+00,0.000000e+00,0.000000e+00,0.000000e+00,0.000000e+00,0.000000e+00,0.000000e+00,0.000000e+00,0.000000e+00,0.000000e+00,0.000000e+00,0.000000e+00
1.000000e+00,0.000000e+00,0.000000e+00,0.000000e+00,0.000000e+00,0.000000e+00,0.000000e+00,0.000000e+00,0.000000e+00,0.000000e+00,0.000000e+00,0.000000e+00,0.000000e+00,0.000000e+00,0.000000e+00
1.000000e+00,0.000000e+00,0.000000e+00,0.000000e+00,0.000000e+00,0.000000e+00,0.000000e+00,0.000000e+00,0.000000e+00,0.000000e+00,0.000000e+00,0.000000e+00,0.000000e+00,0.000000e+00,0.000000e+00
1.000000e+00,0.000000e+00,0.000000e+00,0.000000e+00,0.000000e+00,0.000000e+00,0.000000e+00,0.000000e+00,0.000000e+00,0.000000e+00,0.000000e+00,0.000000e+00,0.000000e+00,0.000000e+00,0.000000e+00
1.000000e+00,0.000000e+00,0.000000e+00,0.000000e+00,0.000000e+00,0.000000e+00,0.000000e+00,0.000000e+00,0.000000e+00,0.000000e+00,0.000000e+00,0.000000e+00,0.000000e+00,0.000000e+00,0.000000e+00
1.000000e+00,0.000000e+00,0.000000e+00,0.000000e+00,0.000000e+00,0.000000e+00,0.000000e+00,0.000000e+00,0.000000e+00,0.000000e+00,0.000000e+00,0.000000e+00,0.000000e+00,0.000000e+00,0.000000e+00
1.000000e+00,0.000000e+00,0.000000e+00,0.000000e+00,0.000000e+00,0.000000e+00,0.000000e+00,0.000000e+00,0.000000e+00,0.000000e+00,0.000000e+00,0.000000e+00,0.000000e+00,0.000000e+00,0.000000e+00
3.842905e-01,7.733593e-03,5.716931e-02,4.810337e-02,4.117357e-03,1.497911e-02,4.228171e-03,9.550446e-02,3.479878e-03,2.142020e-03,1.064197e-01,3.981709e-02,2.162483e-01,6.522431e-03,9.244566e-03
2.714062e-01,5.516956e-03,4.020979e-02,8.124325e-02,3.311114e-03,1.176832e-02,3.068455e-03,7.057230e-02,3.944957e-03,1.967986e-03,1.859358e-01,4.212856e-02,2.652959e-01,5.443450e-03,8.186937e-03
1.905907e-01,3.987629e-03,2.848329e-02,6.792884e-02,3.329685e-03,8.989937e-03,2.326421e-03,5.031709e-02,4.157647e-03,1.624926e-03,1.658853e-01,4.306212e-02,4.134435e-01,5.014317e-03,1.085847e-02
1.335726e-01,2.819838e-03,2.006515e-02,4.984791e-02,3.078263e-03,6.718647e-03,1.669581e-03,3.563133e-02,4.117785e-03,1.243169e-03,1.421176e-01,4.674065e-02,5.398608e-01,3.870473e-03,8.646095e-03
9.355760e-02,1.982635e-03,1.411315e-02,3.560627e-02,3.019582e-03,4.884812e-03,1.197788e-03,2.532706e-02,5.229396e-03,9.779733e-04,1.140688e-01,4.172020e-02,6.487794e-01,2.894488e-03,6.640797e-03
6.596309e-02,1.403043e-03,1.010279e-02,2.649092e-02,6.994947e-03,3.726806e-03,9.930362e-04,3.992871e-02,1.044464e-02,7.484364e-04,9.918813e-02,3.613826e-02,6.903464e-01,2.200957e-03,5.329761e-03
4.658082e-02,1.010732e-03,7.594941e-03,2.440139e-02,1.137509e-02,3.183548e-03,8.875262e-04,3.696245e-02,1.892943e-02,7.121208e-04,1.005027e-01,3.762099e-02,7.042137e-01,1.818454e-03,4.206067e-03
3.325980e-02,7.512746e-04,6.853859e-03,1.801394e-02,3.184529e-02,2.689324e-03,1.107653e-03,3.910209e-02,2.496225e-02,1.135036e-03,9.514409e-02,4.095847e-02,6.854091e-01,1.696691e-03,1.707111e-02
2.398868e-02,5.754189e-04,6.104272e-03,1.327009e-02,4.781554e-02,2.209785e-03,1.107392e-03,4.911522e-02,3.319304e-02,1.200273e-03,1.088033e-01,3.935455e-02,6.465890e-01,1.562241e-03,2.511104e-02
1.838117e-02,5.170311e-04,5.511540e-03,1.074023e-02,9.310101e-02,2.495161e-03,1.365858e-03,5.857192e-02,3.292947e-02,2.964949e-03,9.446000e-02,4.051509e-02,6.039066e-01,2.272110e-03,3.226779e-02
1.481686e-02,4.774333e-04,4.245243e-03,7.734054e-03,1.928533e-01,2.567078e-03,1.589621e-03,5.308246e-02,3.214704e-02,4.625884e-03,8.134583e-02,3.718774e-02,5.223960e-01,2.058457e-03,4.287299e-02
1.240240e-02,4.123899e-04,3.115885e-03,5.658912e-03,1.924980e-01,2.718267e-03,2.832557e-03,4.842226e-02,2.702693e-02,5.180559e-03,8.632898e-02,5.935717e-02,4.959996e-01,2.381040e-03,5.566500e-02
9.540942e-03,4.828851e-04,2.524768e-03,4.031694e-03,1.671684e-01,4.921113e-03,3.771694e-03,3.740321e-02,2.648966e-02,4.834661e-03,6.584461e-02,2.334402e-01,3.957824e-01,2.354749e-03,4.140894e-02
8.176615e-03,5.527194e-04,2.311542e-03,3.170114e-03,1.305302e-01,5.745075e-03,3.969028e-03,3.527472e-02,3.150380e-02,4.050560e-03,5.367398e-02,3.488860e-01,3.364429e-01,2.888154e-03,3.282465e-02
7.247967e-03,8.587957e-04,7.839889e-03,2.580080e-03,1.031970e-01,5.363776e-03,3.488359e-03,3.738936e-02,3.723605e-02,3.341844e-03,5.624405e-02,3.842010e-01,3.146114e-01,4.725300e-03,3.167505e-02
7.107760e-03,7.796172e-04,1.430665e-02,2.379759e-03,8.297615e-02,5.086618e-03,3.690900e-03,1.108983e-01,3.690982e-02,2.784890e-03,5.245771e-02,3.622410e-01,2.786654e-01,5.914808e-03,3.380058e-02
1.315107e-02,8.410871e-04,3.792899e-02,5.797630e-03,7.344050e-02,1.222739e-02,4.086495e-03,1.155970e-01,3.717478e-02,2.547187e-03,4.179870e-02,3.898650e-01,2.292340e-01,4.988986e-03,3.132111e-02
1.790585e-02,1.733110e-03,1.680136e-01,9.837743e-03,7.918831e-02,2.338007e-02,6.536391e-03,1.173668e-01,4.140627e-02,2.566735e-03,3.047380e-02,2.984224e-01,1.716288e-01,4.442452e-03,2.709762e-02
2.139161e-02,3.492978e-03,1.749029e-01,1.320758e-02,1.705458e-01,2.976072e-02,1.246448e-02,9.946325e-02,8.446938e-02,2.953954e-03,2.239846e-02,2.125401e-01,1.251201e-01,3.827080e-03,2.346156e-02
3.211520e-02,1.346218e-02,1.754293e-01,1.944164e-02,1.978098e-01,4.496545e-02,2.403872e-02,8.359462e-02,1.203251e-01,2.661778e-03,1.742290e-02,1.513934e-01,9.653446e-02,2.928379e-03,1.787706e-02
3.086817e-02,1.300174e-02,1.308507e-01,2.787374e-02,2.039924e-01,5.671202e-02,3.274446e-02,9.332681e-02,1.915672e-01,2.145088e-03,1.405282e-02,1.093434e-01,7.804099e-02,2.331492e-03,1.314898e-02
2.723584e-02,9.924605e-03,9.253424e-02,2.696784e-02,1.884713e-01,5.298932e-02,2.714882e-02,2.065929e-01,2.103915e-01,1.540194e-03,1.014378e-02,7.697262e-02,5.805796e-02,1.659613e-03,9.369446e-03
2.334379e-02,7.142239e-03,6.511167e-02,1.978819e-02,1.412189e-01,3.912986e-02,1.986201e-02,4.072062e-01,1.655466e-01,1.088850e-03,7.275051e-03,5.393395e-02,4.160190e-02,1.169273e-03,6.581574e-03
1.840604e-02,5.086004e-03,4.580326e-02,1.458370e-02,1.040396e-01,2.918098e-02,1.496729e-02,5.661498e-01,1.226306e-01,7.929285e-04,5.283752e-03,3.780805e-02,2.979560e-02,8.264348e-04,4.645918e-03
1.464067e-02,3.711029e-03,3.286184e-02,1.523989e-02,7.950750e-02,2.949310e-02,1.137945e-02,6.093206e-01,8.758174e-02,1.493381e-03,1.609911e-02,3.276664e-02,5.842328e-02,6.674347e-04,6.814361e-03
1.064657e-02,2.951258e-03,2.324905e-02,1.214544e-02,5.695372e-02,2.353699e-02,8.019379e-03,4.387402e-01,6.307062e-02,2.450556e-03,4.670375e-02,1.161378e-01,1.890721e-01,8.354046e-04,5.487136e-03
1.027395e-02,2.684463e-03,1.659027e-02,9.778397e-03,4.223909e-02,2.061653e-02,5.844312e-03,3.140323e-01,4.785835e-02,2.378309e-03,6.227861e-02,1.888642e-01,2.692896e-01,2.184416e-03,5.087106e-03
8.213936e-03,2.239110e-03,1.206016e-02,9.651454e-03,3.060808e-02,1.739142e-02,4.224448e-03,2.214112e-01,4.090704e-02,3.315455e-03,9.539518e-02,2.071610e-01,3.395169e-01,3.076292e-03,4.828395e-03
1.124592e-02,2.152780e-03,1.175037e-02,2.216366e-02,4.325285e-02,1.365749e-02,3.531904e-03,1.613801e-01,9.398942e-02,3.285164e-03,1.194798e-01,1.811872e-01,3.228731e-01,5.630150e-03,4.420080e-03
8.693242e-03,2.855775e-03,1.572041e-02,2.876280e-02,8.217542e-02,1.044788e-02,3.905842e-03,1.153346e-01,1.134840e-01,9.633575e-03,1.256610e-01,1.797831e-01,2.900015e-01,8.862562e-03,4.678335e-03
9.447766e-03,4.369864e-03,1.899671e-02,3.106589e-02,7.359504e-02,8.616591e-03,3.618282e-03,8.877466e-02,1.123698e-01,2.238361e-02,1.321919e-01,1.979230e-01,2.771266e-01,1.387042e-02,5.649752e-03
9.749283e-03,5.095368e-03,1.706431e-02,2.824241e-02,6.907117e-02,7.459583e-03,2.943162e-03,6.843926e-02,9.891415e-02,5.698831e-02,1.300266e-01,2.046692e-01,2.770370e-01,1.751331e-02,6.786814e-03
1.326296e-02,6.625212e-03,1.599378e-02,2.564736e-02,6.224693e-02,6.866768e-03,2.378712e-03,5.284780e-02,9.435184e-02,9.603617e-02,1.096543e-01,2.300794e-01,2.540343e-01,2.402607e-02,5.948324e-03
1.599205e-02,6.750461e-03,1.331872e-02,2.028968e-02,4.802506e-02,8.199012e-03,1.931412e-03,4.034191e-02,8.938003e-02,8.898197e-02,9.807332e-02,3.063133e-01,2.214071e-01,3.551210e-02,5.483850e-03
3.789308e-02,8.414209e-03,1.076103e-02,2.104292e-02,3.962215e-02,1.710431e-02,1.640857e-03,2.979303e-02,7.138397e-02,6.961479e-02,1.405350e-01,3.477184e-01,1.622740e-01,3.663498e-02,5.567292e-03
4.176089e-02,1.107039e-02,1.340469e-02,1.607539e-02,3.396714e-02,1.376733e-02,1.337292e-03,2.196614e-02,5.331897e-02,5.363635e-02,1.613902e-01,4.163486e-01,1.159047e-01,4.129846e-02,4.753438e-03
3.637378e-02,1.104672e-02,1.282510e-02,1.238298e-02,2.994089e-02,1.018265e-02,1.091812e-03,1.604626e-02,4.054650e-02,4.018662e-02,2.168573e-01,4.434686e-01,8.275777e-02,4.264445e-02,3.648526e-03
8.703440e-02,1.031996e-02,1.030695e-02,9.865006e-03,2.734084e-02,8.642322e-03,1.021550e-03,1.186838e-02,3.215717e-02,3.398436e-02,2.066310e-01,4.564610e-01,6.063141e-02,4.038318e-02,3.352473e-03
1.765729e-01,1.091031e-02,8.427611e-03,9.715671e-03,2.280855e-02,1.037857e-02,9.473104e-04,9.142507e-03,2.506804e-02,2.575308e-02,1.726964e-01,4.448372e-01,4.459013e-02,3.394502e-02,4.206765e-03
1.783391e-01,8.363309e-03,8.000639e-03,8.635975e-03,2.400888e-02,9.293539e-03,8.913624e-04,8.505527e-03,1.908316e-02,2.250122e-02,1.892224e-01,4.513273e-01,3.323372e-02,3.517003e-02,3.423870e-03
1.426260e-01,8.293523e-03,9.337476e-03,6.355966e-03,2.248022e-02,7.675136e-03,6.985468e-04,6.886040e-03,1.743500e-02,1.839066e-02,2.125068e-01,4.757666e-01,2.507123e-02,4.317114e-02,3.305631e-03
1.305475e-01,7.677463e-03,8.236753e-03,4.676848e-03,1.682587e-02,6.545105e-03,5.694741e-04,5.564857e-03,1.903423e-02,1.504968e-02,2.266929e-01,4.781298e-01,1.986989e-02,5.686370e-02,3.715962e-03
1.567295e-01,7.203998e-03,6.801443e-03,3.512074e-03,1.249560e-02,6.957881e-03,5.000787e-04,5.395431e-03,1.687055e-02,1.757221e-02,2.818192e-01,3.932293e-01,1.509902e-02,7.211047e-02,3.703279e-03
1.401078e-01,7.100648e-03,6.378046e-03,2.722771e-03,9.619270e-03,7.032711e-03,4.095638e-04,4.317264e-03,1.501253e-02,1.862755e-02,3.681775e-01,3.312860e-01,1.141864e-02,7.392780e-02,3.861951e-03
1.071438e-01,5.592389e-03,5.102450e-03,2.130690e-03,7.493694e-03,5.947664e-03,3.179062e-04,3.428217e-03,1.146748e-02,2.276050e-02,4.844738e-01,2.621921e-01,8.571560e-03,7.019335e-02,3.184341e-03
9.044088e-02,5.055173e-03,4.264783e-03,1.899121e-03,5.960465e-03,5.620482e-03,2.671586e-04,2.605978e-03,1.003864e-02,3.085639e-02,5.436925e-01,2.119033e-01,6.591514e-03,7.775488e-02,3.048741e-03
9.728761e-02,5.726195e-03,4.913997e-03,1.529482e-03,4.694497e-03,7.176475e-03,2.519695e-04,1.979017e-03,8.287406e-03,3.814395e-02,5.331086e-01,1.750275e-01,5.292581e-03,1.121674e-01,4.413406e-03
1.217822e-01,6.164936e-03,4.297175e-03,1.355039e-03,3.879981e-03,1.437139e-02,3.640626e-04,1.584067e-03,8.029353e-03,4.725919e-02,4.759672e-01,1.806584e-01,4.288219e-03,1.240578e-01,5.941038e-03
1.125598e-01,6.888198e-03,3.962566e-03,1.155703e-03,3.181268e-03,1.908587e-02,3.888527e-04,1.271295e-03,7.241911e-03,5.676378e-02,4.526749e-01,1.731215e-01,3.497412e-03,1.506637e-01,7.543374e-03
9.095497e-02,6.660863e-03,5.158735e-03,1.057449e-03,3.144542e-03,1.971170e-02,3.934910e-04,1.089930e-03,6.688538e-03,7.804283e-02,4.651102e-01,1.459644e-01,2.731632e-03,1.656769e-01,7.613856e-03
6.978136e-02,5.114651e-03,3.795699e-03,8.594751e-04,2.421414e-03,1.721931e-02,3.851959e-04,9.007160e-04,6.082688e-03,7.382728e-02,5.374303e-01,1.112089e-01,2.222385e-03,1.627515e-01,5.999163e-03
5.138709e-02,1.094706e-02,5.682962e-03,7.659797e-04,2.249945e-03,1.384235e-02,4.171489e-04,9.862644e-04,1.062164e-02,6.224620e-02,5.468432e-01,9.122571e-02,1.704669e-03,1.926306e-01,8.449236e-03
3.613421e-02,8.316735e-03,4.997038e-03,5.564320e-04,1.671858e-03,1.013135e-02,3.034922e-04,7.249141e-04,4.031827e-02,4.745685e-02,4.075201e-01,6.708305e-02,1.218461e-03,3.657407e-01,7.826641e-03
2.559410e-02,7.601992e-03,5.367974e-03,4.114316e-04,1.268635e-03,7.673644e-03,2.201328e-04,5.369824e-04,6.171872e-02,3.760821e-02,3.367803e-01,4.899064e-02,8.708025e-04,4.559829e-01,9.373624e-03
2.138351e-02,1.090710e-02,1.625689e-02,3.818212e-04,1.522661e-03,1.015238e-02,2.569305e-04,4.915273e-04,1.041786e-01,3.388372e-02,3.567483e-01,3.533645e-02,7.220462e-04,3.870097e-01,2.076837e-02
2.462222e-02,8.139692e-03,2.411657e-02,6.965101e-04,3.187801e-03,5.434265e-02,1.392869e-03,2.293970e-03,1.288767e-01,3.217740e-02,3.634216e-01,2.488589e-02,1.423148e-03,3.042049e-01,2.621799e-02
2.638991e-02,5.851144e-03,2.229460e-02,7.199245e-04,3.209594e-03,5.397324e-02,1.116695e-03,1.994348e-03,1.233518e-01,2.584660e-02,4.538217e-01,1.747523e-02,1.239495e-03,2.405988e-01,2.211689e-02
2.629492e-02,4.231584e-03,1.891086e-02,8.896849e-04,3.936412e-03,5.270218e-02,8.330027e-04,1.675034e-03,1.102849e-01,1.876167e-02,5.515032e-01,1.228103e-02,1.146574e-03,1.799040e-01,1.664489e-02
3.794738e-02,3.183442e-03,2.512161e-02,3.239799e-03,5.276699e-03,5.870957e-02,6.139208e-04,1.979789e-03,1.221772e-01,2.014014e-02,5.425494e-01,8.732209e-03,1.718917e-03,1.432190e-01,2.539094e-02
7.190514e-02,3.130180e-03,1.279103e-01,1.317050e-02,1.209700e-02,5.232957e-02,5.040453e-04,2.594369e-03,1.089042e-01,1.537473e-02,4.401992e-01,6.460866e-03,2.660792e-03,1.202235e-01,2.253564e-02
1.120933e-01,5.881816e-03,1.596769e-01,3.285165e-02,1.198081e-02,4.227579e-02,4.252336e-04,2.119322e-03,8.100741e-02,1.164644e-02,3.503895e-01,4.727791e-03,2.848772e-03,1.639333e-01,1.814185e-02
1.336969e-01,8.665605e-03,1.622524e-01,7.106267e-02,1.101186e-02,3.582983e-02,4.267384e-04,2.043738e-03,6.018753e-02,8.960803e-03,3.125209e-01,3.733529e-03,2.937568e-03,1.707899e-01,1.587988e-02
1.662704e-01,1.111653e-02,1.325545e-01,5.430869e-02,9.948259e-03,2.711385e-02,4.148486e-04,1.802293e-03,5.157404e-02,6.850976e-03,3.218499e-01,3.208957e-03,2.476711e-03,1.967799e-01,1.373012e-02
1.997395e-01,1.652670e-02,1.223466e-01,4.191659e-02,1.019901e-02,2.333760e-02,5.209632e-04,1.682324e-03,5.147044e-02,5.658356e-03,2.599493e-01,3.209305e-03,2.384719e-03,2.459531e-01,1.510545e-02
2.201460e-01,3.105513e-02,1.177784e-01,4.320041e-02,9.620083e-03,2.387136e-02,9.936520e-04,2.688318e-03,4.497414e-02,5.784475e-03,2.003777e-01,5.071781e-03,3.626556e-03,2.666257e-01,2.418642e-02
2.478305e-01,3.203023e-02,1.025061e-01,3.735517e-02,1.499507e-02,2.475667e-02,1.277048e-03,3.961879e-03,5.997300e-02,6.740232e-03,1.894532e-01,8.253540e-03,5.087242e-03,2.331684e-01,3.261181e-02
2.573248e-01,3.360375e-02,9.243806e-02,3.563979e-02,2.060512e-02,2.529128e-02,1.460667e-03,5.828178e-03,7.821548e-02,6.896335e-03,1.892183e-01,1.034269e-02,6.153901e-03,1.981596e-01,3.882208e-02
2.811486e-01,3.691439e-02,1.128364e-01,3.913449e-02,2.418570e-02,2.561622e-02,1.698594e-03,8.368347e-03,7.605416e-02,8.160215e-03,1.557448e-01,1.362585e-02,7.139795e-03,1.656189e-01,4.375353e-02
3.361354e-01,4.224186e-02,1.185741e-01,4.539244e-02,2.407966e-02,2.441663e-02,1.897220e-03,9.322830e-03,6.758083e-02,7.913057e-03,1.222037e-01,1.466929e-02,7.393047e-03,1.372369e-01,4.094297e-02
2.389817e-01,3.773973e-02,8.413631e-02,4.307802e-02,1.761427e-02,1.780519e-02,1.368151e-03,6.794336e-03,7.956953e-02,1.472334e-02,8.855487e-02,1.225366e-02,7.867063e-03,1.107871e-01,2.387267e-01
1.694766e-01,2.858759e-02,5.926700e-02,3.156418e-02,1.262070e-02,1.280733e-02,1.007694e-03,4.853173e-03,6.880003e-02,1.285416e-02,6.398356e-02,9.029010e-03,6.842708e-03,8.800580e-02,4.303005e-01
1.246648e-01,2.487019e-02,4.232883e-02,2.324332e-02,9.681852e-03,9.824752e-03,7.852878e-04,3.629491e-03,9.944142e-02,1.389475e-02,4.881190e-02,7.081537e-03,9.192273e-03,8.530031e-02,4.972492e-01
9.509780e-02,2.196576e-02,2.987794e-02,1.684341e-02,7.148906e-03,7.746423e-03,6.145430e-04,2.763372e-03,9.688598e-02,2.054010e-02,3.772759e-02,6.064527e-03,7.797744e-03,1.099271e-01,5.389987e-01
9.028787e-02,2.310972e-02,2.124580e-02,1.281265e-02,5.261015e-03,6.868219e-03,5.415652e-04,2.243876e-03,1.191318e-01,2.076266e-02,4.010770e-02,7.476332e-03,7.734719e-03,1.156391e-01,5.267769e-01
7.495330e-02,2.244163e-02,1.698499e-02,1.549942e-02,5.642996e-03,7.924886e-03,7.976466e-04,1.941671e-03,1.357615e-01,1.755572e-02,4.196695e-02,6.847180e-03,6.562327e-03,1.141758e-01,5.309440e-01
5.437363e-02,2.142015e-02,1.439879e-02,1.211800e-02,4.025395e-03,5.726788e-03,6.452778e-04,1.409163e-03,2.103455e-01,1.418699e-02,6.343099e-02,8.922976e-03,5.456977e-03,1.583894e-01,4.251499e-01
4.008309e-02,1.992620e-02,1.152916e-02,1.031996e-02,2.945285e-03,4.262474e-03,5.175306e-04,1.047721e-03,2.100939e-01,1.366249e-02,1.384597e-01,1.201485e-02,7.856978e-03,1.749016e-01,3.523790e-01
3.807394e-02,1.888508e-02,1.252627e-02,1.595852e-02,3.553648e-03,4.651170e-03,6.680066e-04,1.174268e-03,1.738887e-01,1.022603e-02,2.333874e-01,1.317714e-02,8.629521e-03,2.006353e-01,2.645651e-01
2.878341e-02,1.469446e-02,1.086670e-02,1.467340e-02,3.192624e-03,6.469667e-03,6.105728e-04,1.055408e-03,1.312430e-01,1.945974e-02,4.007837e-01,1.116772e-02,7.390359e-03,1.601927e-01,1.894166e-01
2.351888e-02,1.253483e-02,8.763484e-03,1.124978e-02,9.554925e-03,8.146434e-03,8.064899e-04,2.147146e-03,1.108032e-01,3.145805e-02,4.721383e-01,1.559439e-02,6.871798e-03,1.512861e-01,1.351262e-01
1.743226e-02,1.032346e-02,6.535723e-03,8.426287e-03,1.740345e-02,1.965292e-02,9.426010e-04,1.771374e-03,9.256186e-02,4.887734e-02,3.765661e-01,2.034878e-02,6.250988e-03,2.775222e-01,9.538473e-02
1.324219e-02,1.005741e-02,6.088777e-03,6.389011e-03,2.653597e-02,1.516770e-02,8.372855e-04,1.732480e-03,8.833564e-02,5.707575e-02,3.274897e-01,1.875691e-02,5.130568e-03,3.549223e-01,6.823831e-02
3.929613e-02,1.604337e-02,6.950581e-03,6.803636e-03,2.629777e-02,1.375633e-02,1.014621e-03,2.526288e-03,1.133469e-01,5.347976e-02,2.483011e-01,1.465615e-02,4.314229e-03,3.846297e-01,6.858344e-02
4.873662e-02,2.280807e-02,8.244149e-03,8.743191e-03,2.399472e-02,2.337265e-02,8.960178e-04,2.533461e-03,1.556358e-01,4.459020e-02,1.900446e-01,1.198232e-02,5.328096e-03,3.661764e-01,8.691375e-02
5.273142e-02,2.598452e-02,1.199773e-02,1.697613e-02,1.952438e-02,2.401078e-02,1.998613e-03,1.464001e-02,2.535180e-01,3.518528e-02,1.362404e-01,8.904782e-03,5.472934e-03,3.218088e-01,7.100636e-02
7.455373e-02,2.898742e-02,1.803075e-02,2.132286e-02,1.968967e-02,3.391783e-02,3.987855e-03,2.268324e-02,2.422254e-01,2.784415e-02,1.005884e-01,6.399017e-03,8.725066e-03,3.277317e-01,6.331293e-02
7.046342e-02,2.827125e-02,8.034445e-02,3.060383e-02,4.336286e-02,6.404534e-02,6.643540e-03,3.792362e-02,1.882924e-01,2.003937e-02,7.375046e-02,4.713977e-03,7.284450e-03,2.971801e-01,4.708093e-02
5.934655e-02,3.559938e-02,8.008295e-02,2.407470e-02,4.620306e-02,6.560104e-02,5.009716e-03,2.743854e-02,1.719847e-01,2.001700e-02,5.300678e-02,3.522484e-03,8.501305e-03,2.239252e-01,1.756866e-01
5.822988e-02,4.333215e-02,7.898775e-02,1.861291e-02,4.579424e-02,8.454920e-02,3.713092e-03,1.978922e-02,1.476868e-01,1.807359e-02,4.075688e-02,2.691408e-03,7.467402e-03,1.928609e-01,2.374547e-01
7.156378e-02,4.771940e-02,7.311554e-02,3.945345e-02,6.432893e-02,1.191360e-01,4.508023e-03,1.698440e-02,1.280265e-01,1.625010e-02,3.245873e-02,2.259851e-03,7.491849e-03,1.753947e-01,2.013087e-01
7.517158e-02,4.774516e-02,7.853939e-02,9.683478e-02,5.196825e-02,8.824619e-02,3.362662e-03,1.243898e-02,1.420528e-01,1.411842e-02,2.476642e-02,1.900717e-03,5.767533e-03,1.244114e-01,2.326757e-01
1.326040e-01,4.165398e-02,1.110287e-01,9.522552e-02,3.980747e-02,6.582422e-02,2.647386e-03,9.577407e-03,1.504893e-01,1.396498e-02,2.206019e-02,2.057055e-03,4.944794e-03,8.980557e-02,2.183094e-01
1.236964e-01,3.457935e-02,9.092223e-02,2.116864e-01,3.112334e-02,6.079853e-02,2.123535e-03,7.387309e-03,1.443482e-01,1.038582e-02,2.478978e-02,9.225427e-03,2.128655e-02,6.399509e-02,1.636520e-01
1.126972e-01,2.961934e-02,7.395712e-02,2.291855e-01,2.282668e-02,8.454919e-02,2.735560e-03,6.139344e-03,1.178829e-01,7.813946e-03,2.346636e-02,2.351864e-02,9.722574e-02,4.577046e-02,1.226120e-01
7.991362e-02,2.177668e-02,5.484799e-02,1.774304e-01,1.610656e-02,6.570748e-02,2.215672e-03,4.627941e-03,8.454449e-02,5.873780e-03,2.025845e-02,2.390186e-02,3.241665e-01,3.213723e-02,8.649134e-02
5.892120e-02,1.579073e-02,3.868783e-02,1.331621e-01,1.199750e-02,4.741379e-02,1.639152e-03,3.472633e-03,6.120028e-02,4.422355e-03,1.575237e-02,6.384586e-02,4.601938e-01,2.254279e-02,6.095760e-02
4.357912e-02,1.130887e-02,2.715392e-02,9.645481e-02,8.795525e-03,3.419651e-02,1.266134e-03,2.641219e-03,4.395401e-02,3.214108e-03,1.193994e-02,9.779963e-02,5.589669e-01,1.579933e-02,4.293003e-02
3.096018e-02,7.992703e-03,1.902226e-02,6.769766e-02,6.512937e-03,2.461214e-02,1.019262e-03,2.186656e-03,3.141570e-02,2.335849e-03,8.768887e-03,1.262927e-01,6.299405e-01,1.108036e-02,3.016222e-02
2.181713e-02,5.631042e-03,1.333226e-02,4.752491e-02,4.794259e-03,1.766947e-02,8.065450e-04,1.854628e-03,2.234304e-02,1.671102e-03,6.265230e-03,1.058438e-01,7.215194e-01,7.770298e-03,2.115695e-02
1.536871e-02,3.967579e-03,9.363061e-03,3.337619e-02,3.687964e-03,1.276120e-02,5.829033e-04,1.434615e-03,1.583739e-02,1.186871e-03,4.535538e-03,8.128514e-02,7.962189e-01,5.550499e-03,1.484346e-02
1.099746e-02,2.877251e-03,6.636016e-03,2.345505e-02,3.097109e-03,9.701557e-03,4.396840e-04,1.112388e-03,1.176422e-02,8.744386e-04,3.353132e-03,6.164277e-02,8.494731e-01,4.066784e-03,1.050907e-02
7.908653e-03,2.375955e-03,4.787107e-03,1.656803e-02,3.015984e-03,8.112775e-03,3.507367e-04,9.156253e-04,9.345024e-03,6.651373e-04,2.493714e-03,5.420768e-02,8.787551e-01,2.927947e-03,7.570596e-03
6.005735e-03,1.829291e-03,3.659886e-03,1.162242e-02,3.043456e-03,7.679815e-03,3.602009e-04,1.025278e-03,7.178039e-03,4.952286e-04,1.930998e-03,4.825789e-02,8.992572e-01,2.094623e-03,5.560030e-03
4.730200e-03,1.456523e-03,2.756162e-03,8.176520e-03,2.983337e-03,6.278751e-03,3.013399e-04,9.064284e-04,5.561892e-03,3.659612e-04,1.512217e-03,4.167956e-02,9.175766e-01,1.530812e-03,4.183707e-03
3.702581e-03,1.195501e-03,2.057558e-03,5.749428e-03,3.090614e-03,4.878251e-03,2.936501e-04,9.021555e-04,5.025097e-03,2.727862e-04,1.244935e-03,3.815735e-02,9.293343e-01,1.083547e-03,3.012324e-03
2.822779e-03,1.302488e-03,2.211530e-03,4.070270e-03,5.424996e-03,4.216365e-03,3.359152e-04,1.166163e-03,6.125018e-03,2.119099e-04,1.008079e-03,3.936153e-02,9.284086e-01,7.758761e-04,2.558537e-03
2.346182e-03,5.428392e-03,1.326803e-02,3.026746e-03,1.763862e-02,1.432141e-02,7.692129e-04,4.119257e-03,3.963221e-02,1.834650e-04,1.470285e-03,4.434108e-02,8.498808e-01,6.397621e-04,2.934591e-03
4.643916e-03,4.304233e-03,4.739305e-02,2.721872e-03,1.654543e-02,1.981886e-02,8.716326e-03,1.997296e-02,3.071725e-02,1.791259e-04,1.450389e-03,3.337762e-02,8.062276e-01,9.313538e-04,3.000044e-03
7.170653e-03,3.350649e-03,2.338743e-01,3.043223e-03,2.334147e-02,1.911895e-02,8.206628e-03,2.552724e-02,2.346035e-02,1.804532e-04,1.112768e-03,2.359217e-02,6.249265e-01,7.534597e-04,2.341233e-03
1.816199e-02,2.943818e-03,3.860155e-01,3.750664e-03,2.786297e-02,2.945445e-02,8.985253e-03,2.150001e-02,1.755174e-02,3.242627e-04,8.601045e-04,1.658922e-02,4.634007e-01,6.125136e-04,1.986907e-03
5.600197e-02,1.113197e-02,4.375944e-01,4.928980e-03,4.920706e-02,2.664851e-02,1.049717e-02,2.017102e-02,2.416006e-02,6.069385e-04,7.542561e-04,1.174385e-02,3.431620e-01,6.468315e-04,2.745077e-03
6.051166e-02,1.774249e-02,4.357184e-01,2.825931e-02,1.036647e-01,2.321531e-02,1.245723e-02,2.069288e-02,3.505199e-02,8.996786e-04,1.009334e-03,8.604501e-03,2.486850e-01,5.588367e-04,2.928674e-03
9.831996e-02,6.034193e-02,3.596785e-01,2.896376e-02,1.058744e-01,2.550531e-02,1.054123e-02,1.855559e-02,5.149139e-02,1.675421e-03,2.058748e-03,7.051427e-03,2.240714e-01,5.701673e-04,5.300801e-03
1.352766e-01,5.905289e-02,2.972924e-01,3.104633e-02,9.001376e-02,2.145282e-02,8.594959e-03,1.490174e-02,3.881440e-02,1.565931e-03,2.177287e-03,7.058811e-03,2.853394e-01,7.774363e-04,6.635351e-03
1.243582e-01,5.892850e-02,2.399615e-01,1.565332e-01,8.982360e-02,1.940672e-02,7.304756e-03,2.065051e-02,2.947037e-02,1.584818e-03,3.877655e-03,6.092332e-03,2.356155e-01,1.086042e-03,5.306291e-03
1.134489e-01,4.801612e-02,1.741917e-01,1.751426e-01,8.531243e-02,1.601693e-02,7.086637e-03,1.650210e-01,2.290205e-02,1.189368e-03,4.876312e-03,4.573218e-03,1.770681e-01,9.722713e-04,4.182430e-03
9.627235e-02,3.802856e-02,1.270909e-01,1.986430e-01,1.141237e-01,1.316855e-02,5.898760e-03,2.448740e-01,1.747340e-02,9.660293e-04,7.700245e-03,3.966528e-03,1.277792e-01,8.444564e-04,3.170301e-03
8.942648e-02,3.667460e-02,9.863249e-02,1.653216e-01,1.749746e-01,1.796387e-02,5.026897e-03,2.586102e-01,1.397176e-02,1.143961e-03,3.256447e-02,4.294320e-03,9.683418e-02,1.006986e-03,3.553451e-03
6.808177e-02,2.670843e-02,7.251261e-02,1.580576e-01,1.584551e-01,1.547152e-02,5.480647e-03,2.177602e-01,1.240925e-02,4.842039e-03,1.181678e-01,1.245474e-02,1.238155e-01,1.022415e-03,4.760351e-03
4.832684e-02,1.881969e-02,5.109516e-02,1.308331e-01,1.280699e-01,1.225855e-02,4.154002e-03,1.555382e-01,9.747057e-03,9.476098e-03,1.439574e-01,4.905253e-02,2.333224e-01,1.151816e-03,4.197238e-03
3.453457e-02,1.335415e-02,3.587935e-02,9.247833e-02,9.420062e-02,8.797963e-03,3.212877e-03,1.097086e-01,9.247201e-03,7.275871e-03,1.157383e-01,4.934005e-02,4.121605e-01,9.294752e-03,4.776901e-03
2.701477e-02,1.012737e-02,2.579062e-02,6.537176e-02,7.806423e-02,6.782505e-03,2.539015e-03,7.790267e-02,1.733920e-02,6.180808e-03,1.475928e-01,1.707189e-01,3.393953e-01,2.031610e-02,4.863906e-03
2.005376e-02,8.166976e-03,1.939278e-02,4.784018e-02,6.584363e-02,5.580422e-03,1.968520e-03,6.074098e-02,2.861276e-02,5.510362e-03,2.561550e-01,1.864880e-01,2.660339e-01,2.087656e-02,6.736033e-03
1.519291e-02,6.730787e-03,1.493665e-02,3.556997e-02,5.761045e-02,5.156083e-03,1.587805e-03,4.470305e-02,2.973143e-02,4.707117e-03,3.698489e-01,1.889687e-01,1.928822e-01,2.709208e-02,5.281841e-03
1.201278e-02,7.055495e-03,1.891810e-02,2.700042e-02,5.909419e-02,4.777235e-03,1.248260e-03,3.737108e-02,3.053333e-02,3.863198e-03,4.218456e-01,1.499097e-01,1.374796e-01,8.363690e-02,5.254052e-03
9.514445e-03,5.518522e-03,1.593210e-02,1.998606e-02,4.992142e-02,5.256853e-03,1.007314e-03,2.784938e-02,2.824365e-02,3.285786e-03,3.269632e-01,1.388814e-01,9.800740e-02,2.645713e-01,5.061083e-03
8.319445e-03,4.472114e-03,1.261980e-02,1.601579e-02,3.996486e-02,9.172264e-03,8.591419e-04,2.135895e-02,3.350451e-02,2.977962e-03,2.476923e-01,1.128155e-01,7.010804e-02,4.147919e-01,5.327457e-03
7.184184e-03,3.497916e-03,9.193859e-03,1.183502e-02,3.082941e-02,1.054209e-02,6.579726e-04,1.612232e-02,6.591195e-02,2.794394e-03,2.225357e-01,8.323687e-02,4.986304e-02,4.802590e-01,5.536192e-03
1.086552e-02,2.645620e-03,6.688030e-03,8.772346e-03,2.215048e-02,1.392907e-02,5.181438e-04,1.332088e-02,6.665480e-02,2.824150e-03,1.861093e-01,6.066717e-02,3.568689e-02,5.630515e-01,6.116109e-03
5.658817e-02,2.718739e-03,5.245741e-03,7.574480e-03,1.653553e-02,2.325549e-02,6.073191e-04,1.093758e-02,8.579668e-02,3.456003e-03,1.674924e-01,4.449833e-02,2.694611e-02,5.419830e-01,6.364435e-03
5.104161e-02,5.344282e-03,6.575285e-03,7.493036e-03,1.295615e-02,1.818521e-01,1.370079e-03,1.296730e-02,1.133397e-01,3.029341e-03,1.441334e-01,3.231453e-02,2.093269e-02,3.993069e-01,7.343486e-03
4.626372e-02,1.029623e-02,1.947177e-02,1.671494e-02,1.445820e-02,1.541856e-01,1.390513e-03,2.672610e-02,2.043690e-01,5.133633e-03,1.280439e-01,2.871025e-02,1.987877e-02,3.048901e-01,1.946727e-02
4.110607e-02,1.070749e-02,2.457508e-02,1.512795e-02,1.440392e-02,1.101399e-01,1.218827e-03,2.053473e-02,3.010829e-01,6.138398e-03,1.289131e-01,2.891677e-02,3.604029e-02,2.282378e-01,3.285680e-02
6.119255e-02,1.093703e-02,2.297723e-02,1.481915e-02,3.864711e-02,8.109194e-02,1.261408e-03,1.728655e-02,3.177480e-01,6.271149e-03,1.383941e-01,2.354531e-02,3.895188e-02,1.941481e-01,3.272841e-02
7.079281e-02,1.226702e-02,2.235665e-02,6.455754e-02,3.485350e-02,5.994894e-02,1.057639e-03,1.434296e-02,3.554228e-01,7.239306e-03,1.039402e-01,1.859272e-02,3.520950e-02,1.426403e-01,5.677808e-02
1.033161e-01,1.651396e-02,3.098541e-02,5.366755e-02,3.517723e-02,6.563098e-02,1.305353e-03,1.967183e-02,3.246674e-01,7.487136e-03,8.754423e-02,1.545634e-02,2.971327e-02,1.456154e-01,6.324781e-02
1.227824e-01,2.329346e-02,3.027854e-02,4.844027e-02,6.069028e-02,5.963735e-02,1.449220e-03,4.831450e-02,2.888625e-01,6.603204e-03,7.033306e-02,1.172011e-02,2.317217e-02,1.535817e-01,5.084125e-02
1.914288e-01,1.946578e-02,3.436279e-02,6.062631e-02,6.030033e-02,5.651549e-02,2.604178e-03,5.516570e-02,2.757521e-01,5.578209e-03,5.342102e-02,1.089328e-02,1.871189e-02,1.156805e-01,3.949369e-02
2.150275e-01,1.906635e-02,2.880039e-02,5.290300e-02,8.082099e-02,5.127742e-02,2.585126e-03,7.710946e-02,2.831374e-01,4.863217e-03,4.177817e-02,1.070770e-02,1.507859e-02,8.559666e-02,3.124809e-02
2.233786e-01,1.846298e-02,2.991731e-02,6.466111e-02,8.173296e-02,5.025425e-02,2.929547e-03,1.208581e-01,2.519545e-01,5.102043e-03,3.285291e-02,9.078930e-03,1.247250e-02,6.755498e-02,2.878930e-02
2.424242e-01,2.274018e-02,3.035149e-02,5.636313e-02,7.386380e-02,4.661362e-02,3.083362e-03,1.410852e-01,2.333260e-01,5.796900e-03,2.525372e-02,7.853475e-03,1.286167e-02,6.847093e-02,2.991219e-02
2.239534e-01,2.061592e-02,3.154822e-02,6.169601e-02,6.047511e-02,4.237900e-02,3.380249e-03,2.440697e-01,1.885523e-01,6.622503e-03,1.886901e-02,6.702947e-03,1.000474e-02,5.324118e-02,2.788961e-02
2.053382e-01,2.075140e-02,5.052026e-02,5.108789e-02,4.546852e-02,3.980189e-02,3.790296e-03,3.268642e-01,1.414616e-01,1.040279e-02,1.399322e-02,5.198213e-03,8.124528e-03,4.169452e-02,3.550246e-02
2.035547e-01,1.762576e-02,5.551480e-02,3.989227e-02,3.458372e-02,3.353277e-02,3.568838e-03,3.954646e-01,1.087049e-01,1.581607e-02,1.064171e-02,4.151397e-03,6.326240e-03,3.479257e-02,3.582970e-02
