1.000000e+00,0.000000e+00,0.000000e+00,0.000000e+00,0.000000e+00,0.000000e+00,0.000000e+00,0.000000e+00,0.000000e+00,0.000000e+00,0.000000e+00,0.000000e+00,0.000000e+00,0.000000e+00,0.000000e+00
1.000000e+00,0.000000e+00,0.000000e+00,0.000000e+00,0.000000e+00,0.000000e+00,0.000000e+00,0.000000e+00,0.000000e+00,0.000000e+00,0.000000e+00,0.000000e+00,0.000000e+00,0.000000e+00,0.000000e+00
1.000000e+00,0.000000e+00,0.000000e+00,0.000000e+00,0.000000e+00,0.000000e+00,0.000000e+00,0.000000e+00,0.000000e+00,0.000000e+00,0.000000e+00,0.000000e+00,0.000000e+00,0.000000e+00,0.000000e+00
1.000000e+00,0.000000e+00,0.000000e+00,0.000000e+00,0.000000e+00,0.000000e+00,0.000000e+00,0.000000e+00,0.000000e+00,0.000000e+00,0.000000e+00,0.000000e+00,0.000000e+00,0.000000e+00,0.000000e+00
1.000000e+00,0.000000e+00,0.000000e+00,0.000000e+00,0.000000e+00,0.000000e+00,0.000000e+00,0.000000e+00,0.000000e+00,0.000000e+00,0.000000e+00,0.000000e+00,0.000000e+00,0.000000e+00,0.000000e+00
1.000000e+00,0.000000e+00,0.000000e+00,0.000000e+00,0.000000e+00,0.000000e+00,0.000000e+00,0.000000e+00,0.000000e+00,0.000000e+00,0.000000e+00,0.000000e+00,0.000000e+00,0.000000e+00,0.000000e+00
1.000000e+00,0.000000e+00,0.000000e+00,0.000000e+00,0.000000e+00,0.000000e+00,0.000000e+00,0.000000e+00,0.000000e+00,0.000000e+00,0.000000e+00,0.000000e+00,0.000000e+00,0.000000e+00,0.000000e+00
1.000000e+00,0.000000e+00,0.000000e+00,0.000000e+00,0.000000e+00,0.000000e+00,0.000000e+00,0.000000e+00,0.000000e+00,0.000000e+00,0.000000e+00,0.000000e+00,0.000000e+00,0.000000e+00,0.000000e+00
1.000000e+00,0.000000e+00,0.000000e+00,0.000000e+00,0.000000e+00,0.000000e+00,0.000000e+00,0.000000e+00,0.000000e+00,0.000000e+00,0.000000e+00,0.000000e+00,0.000000e+00,0.000000e+00,0.000000e+00
1.000000e+00,0.000000e+00,0.000000e+00,0.000000e+00,0.000000e+00,0.000000e+00,0.000000e+00,0.000000e+00,0.000000e+00,0.000000e+00,0.000000e+00,0.000000e+00,0.000000e+00,0.000000e+00,0.000000e+00
1.000000e+00,0.000000e+00,0.000000e+00,0.000000e+00,0.000000e+00,0.000000e+00,0.000000e+00,0.000000e+00,0.000000e+00,0.000000e+00,0.000000e+00,0.000000e+00,0.000000e+00,0.000000e+00,0.000000e+00
1.000000e+00,0.000000e+00,0.000000e+00,0.000000e+00,0.000000e+00,0.000000e+00,0.000000e+00,0.000000e+00,0.000000e+00,0.000000e+00,0.000000e+00,0.000000e+00,0.000000e+00,0.000000e+00,0.000000e+00
1.000000e+00,0.000000e+00,0.000000e+00,0.000000e+00,0.000000e+00,0.000000e+00,0.000000e+00,0.000000e+00,0.000000e+00,0.000000e+00,0.000000e+00,0.000000e+00,0.000000e+00,0.000000e+00,0.000000e+00
1.000000e+00,0.000000e+00,0.000000e+00,0.000000e+00,0.000000e+00,0.000000e+00,0.000000e+00,0.000000e+00,0.000000e+00,0.000000e+00,0.000000e+00,0.000000e+00,0.000000e+00,0.000000e+00,0.000000e+00
1.000000e+00,0.000000e+00,0.000000e+00,0.000000e+00,0.000000e+00,0.000000e+00,0.000000e+00,0.000000e+00,0.000000e+00,0.000000e+00,0.000000e+00,0.000000e+00,0.000000e+00,0.000000e+00,0.000000e+00
1.000000e+00,0.000000e+00,0.000000e+00,0.000000e+00,0.000000e+00,0.000000e+00,0.000000e+00,0.000000e+00,0.000000e+00,0.000000e+00,0.000000e+00,0.000000e+00,0.000000e+00,0.000000e+00,0.000000e+00
1.000000e+00,0.000000e+00,0.000000e+00,0.000000e+00,0.000000e+00,0.000000e+00,0.000000e+00,0.000000e+00,0.000000e+00,0.000000e+00,0.000000e+00,0.000000e+00,0.000000e+00,0.000000e+00,0.000000e+00
1.000000e+00,0.000000e+00,0.000000e+00,0.000000e+00,0.000000e+00,0.000000e+00,0.000000e+00,0.000000e+00,0.000000e+00,0.000000e+00,0.000000e+00,0.000000e+00,0.000000e+00,0.000000e+00,0.000000e+00
1.000000e+00,0.000000e+00,0.000000e+00,0.000000e+00,0.000000e+00,0.000000e+00,0.000000e+00,0.000000e+00,0.000000e+00,0.000000e+00,0.000000e+00,0.000000e+00,0.000000e+00,0.000000e+00,0.000000e+00
1.000000e+00,0.000000e+00,0.000000e+00,0.000000e+00,0.000000e+00,0.000000e+00,0.000000e+00,0.000000e+00,0.000000e+00,0.000000e+00,0.000000e+00,0.000000e+00,0.000000e+00,0.000000e+00,0.000000e+00
1.000000e+00,0.000000e+00,0.000000e+00,0.000000e+00,0.000000e+00,0.000000e+00,0.000000e+00,0.000000e+00,0.000000e+00,0.000000e+00,0.000000e+00,0.000000e+00,0.000000e+00,0.000000e+00,0.000000e+00
1.000000e+00,0.000000e+00,0.000000e+00,0.000000e+00,0.000000e+00,0.000000e+00,0.000000e+00,0.000000e+00,0.000000e+00,0.000000e+00,0.000000e+00,0.000000e+00,0.000000e+00,0.000000e+00,0.000000e+00
1.000000e+00,0.000000e+00,0.000000e+00,0.000000e+00,0.000000e+00,0.000000e+00,0.000000e+00,0.000000e+00,0.000000e+00,0.000000e+00,0.000000e+00,0.000000e+00,0.000000e+00,0.000000e+00,0.000000e+00
1.000000e+00,0.000000e+00,0.000000e+00,0.000000e+00,0.000000e+00,0.000000e+00,0.000000e+00,0.000000e+00,0.000000e+00,0.000000e+00,0.000000e+00,0.000000e+00,0.000000e+00,0.000000e+00,0.000000e+00
1.000000e+00,0.000000e+00,0.000000e+00,0.000000e+00,0.000000e+00,0.000000e+00,0.000000e+00,0.000000e+00,0.000000e+00,0.000000e+00,0.000000e+00,0.000000e+00,0.000000e+00,0.000000e+00,0.000000e+00
1.000000e+00,0.000000e+00,0.000000e+00,0.000000e+00,0.000000e+00,0.000000e+00,0.000000e+00,0.000000e+00,0.000000e+00,0.000000e+00,0.000000e+00,0.000000e+00,0.000000e+00,0.000000e+00,0.000000e+00
1.000000e+00,0.000000e+00,0.000000e+00,0.000000e+00,0.000000e+00,0.000000e+00,0.000000e+00,0.000000e+00,0.000000e+00,0.000000e+00,0.000000e+00,0.000000e+00,0.000000e+00,0.000000e+00,0.000000e+00
1.000000e+00,0.000000e+00,0.000000e+00,0.000000e+00,0.000000e+00,0.000000e+00,0.000000e+00,0.000000e+00,0.000000e+00,0.000000e+00,0.000000e+00,0.000000e+00,0.000000e+00,0.000000e+00,0.000000e+00
1.000000e+00,0.000000e+00,0.000000e+00,0.000000e+00,0.000000e+00,0.000000e+00,0.000000e+00,0.000000e+00,0.000000e+00,0.000000e+00,0.000000e+00,0.000000e+00,0.000000e+00,0.000000e+00,0.000000e+00
1.000000e+00,0.000000e+00,0.000000e+00,0.000000e+00,0.000000e+00,0.000000e+00,0.000000e+00,0.000000e+00,0.000000e+00,0.000000e+00,0.000000e+00,0.000000e+00,0.000000e+00,0.000000e+00,0.000000e+00
1.000000e+00,0.000000e+00,0.000000e+00,0.000000e+00,0.000000e+00,0.000000e+00,0.000000e+00,0.000000e+00,0.000000e+00,0.000000e+00,0.000000e+00,0.000000e+00,0.000000e+00,0.000000e+00,0.000000e+00
1.000000e+00,0.000000e+00,0.000000e+00,0.000000e+00,0.000000e+00,0.000000e+00,0.000000e+00,0.000000e+00,0.000000e+00,0.000000e+00,0.000000e+00,0.000000e+00,0.000000e+00,0.000000e+00,0.000000e+00
1.000000e+00,0.000000e+00,0.000000e+00,0.000000e+00,0.000000e+00,0.000000e+00,0.000000e+00,0.000000e+00,0.000000e+00,0.000000e+00,0.000000e+00,0.000000e+00,0.000000e+00,0.000000e+00,0.000000e+00
1.000000e+00,0.000000e+00,0.000000e+00,0.000000e+00,0.000000e+00,0.000000e+00,0.000000e+00,0.000000e+00,0.000000e+00,0.000000e+00,0.000000e+00,0.000000e+00,0.000000e+00,0.000000e+00,0.000000e+00
1.000000e+00,0.000000e+00,0.000000e+00,0.000000e+00,0.000000e+00,0.000000e+00,0.000000e+00,0.000000e+00,0.000000e+00,0.000000e+00,0.000000e+00,0.000000e+00,0.000000e+00,0.000000e+00,0.000000e+00
1.000000e+00,0.000000e+00,0.000000e+00,0.000000e+00,0.000000e+00,0.000000e+00,0.000000e+00,0.000000e+00,0.000000e+00,0.000000e+00,0.000000e+00,0.000000e+00,0.000000e+00,0.000000e+00,0.000000e+00
1.000000e+00,0.000000e+00,0.000000e+00,0.000000e+00,0.000000e+00,0.000000e+00,0.000000e+00,0.000000e+00,0.000000e+00,0.000000e+00,0.000000e+00,0.000000e+00,0.000000e+00,0.000000e+00,0.000000e+00
1.000000e+00,0.000000e+00,0.000000e+00,0.000000e+00,0.000000e+00,0.000000e+00,0.000000e+00,0.000000e+00,0.000000e+00,0.000000e+00,0.000000e+00,0.000000e+00,0.000000e+00,0.000000e+00,0.000000e+00
1.000000e+00,0.000000e+00,0.000000e+00,0.000000e+00,0.000000e+00,0.000000e+00,0.000000e+00,0.000000e+00,0.000000e+00,0.000000e+00,0.000000e+00,0.000000e+00,0.000000e+00,0.000000e+00,0.000000e+00
1.000000e+00,0.000000e+00,0.000000e+00,0.000000e+00,0.000000e+00,0.000000e+00,0.000000e+00,0.000000e+00,0.000000e+00,0.000000e+00,0.000000e+00,0.000000e+00,0.000000e+00,0.000000e+00,0.000000e+00
1.000000e+00,0.000000e+00,0.000000e+00,0.000000e+00,0.000000e+00,0.000000e+00,0.000000e+00,0.000000e+00,0.000000e+00,0.000000e+00,0.000000e+00,0.000000e+00,0.000000e+00,0.000000e+00,0.000000e+00
1.000000e+00,0.000000e+00,0.000000e+00,0.000000e+00,0.000000e+00,0.000000e+00,0.000000e+00,0.000000e+00,0.000000e+00,0.000000e+00,0.000000e+00,0.000000e+00,0.000000e+00,0.000000e+00,0.000000e+00
1.000000e+00,0.000000e+00,0.000000e+00,0.000000e+00,0.000000e+00,0.000000e+00,0.000000e+00,0.000000e+00,0.000000e+00,0.000000e+00,0.000000e+00,0.000000e+00,0.000000e+00,0.000000e+00,0.000000e+00
1.000000e+00,0.000000e+00,0.000000e+00,0.000000e+00,0.000000e+00,0.000000e+00,0.000000e+00,0.000000e+00,0.000000e+00,0.000000e+00,0.000000e+00,0.000000e+00,0.000000e+00,0.000000e+00,0.000000e+00
1.000000e+00,0.000000e+00,0.000000e+00,0.000000e+00,0.000000e+00,0.000000e+00,0.000000e+00,0.000000e+00,0.000000e+00,0.000000e+00,0.000000e+00,0.000000e+00,0.000000e+00,0.000000e+00,0.000000e+00
1.000000e+00,0.000000e+00,0.000000e+00,0.000000e+00,0.000000e+00,0.000000e+00,0.000000e+00,0.000000e+00,0.000000e+00,0.000000e+00,0.000000e+00,0.000000e+00,0.000000e+00,0.000000e+00,0.000000e+00
1.000000e+00,0.000000e+00,0.000000e+00,0.000000e+00,0.000000e+00,0.000000e+00,0.000000e+00,0.000000e+00,0.000000e+00,0.000000e+00,0.000000e+00,0.000000e+00,0.000000e+00,0.000000e+00,0.000000e+00
1.000000e+00,0.000000e+00,0.000000e+00,0.000000e+00,0.000000e+00,0.000000e+00,0.000000e+00,0.000000e+00,0.000000e+00,0.000000e+00,0.000000e+00,0.000000e+00,0.000000e+00,0.000000e+00,0.000000e+00
1.000000e+00,0.000000e+00,0.000000e+00,0.000000e+00,0.000000e+00,0.000000e+00,0.000000e+00,0.000000e+00,0.000000e+00,0.000000e+00,0.000000e+00,0.000000e+00,0.000000e+00,0.000000e+00,0.000000e+00
4.462202e-01,6.099698e-02,1.787330e-02,1.423545e-01,2.439081e-02,4.551128e-02,2.459148e-02,3.918380e-02,3.247880e-02,2.965261e-03,1.678971e-02,8.566938e-02,3.247625e-02,3.316312e-03,2.518200e-02
3.611352e-01,8.256605e-02,2.163553e-02,1.657608e-01,3.023688e-02,5.008199e-02,2.772133e-02,4.422105e-02,3.701039e-02,3.772398e-03,1.658302e-02,8.606479e-02,3.696706e-02,3.937069e-03,3.230646e-02
2.823315e-01,7.843535e-02,3.239102e-02,2.304569e-01,3.032091e-02,5.001329e-02,3.041629e-02,7.315369e-02,3.175064e-02,3.119282e-03,1.449682e-02,7.588749e-02,3.246962e-02,3.399200e-03,3.135797e-02
2.019788e-01,5.917628e-02,5.696807e-02,1.691530e-01,2.580081e-02,5.455081e-02,1.309249e-01,1.585211e-01,2.286687e-02,2.353766e-03,1.098586e-02,5.721928e-02,2.428408e-02,2.539729e-03,2.267669e-02
1.422165e-01,4.284172e-02,4.562940e-02,1.195835e-01,2.034078e-02,3.993747e-02,2.320621e-01,2.560260e-01,1.614805e-02,1.737317e-03,7.854649e-03,4.032917e-02,1.739906e-02,1.822563e-03,1.607180e-02
9.994710e-02,3.020378e-02,3.707664e-02,8.442939e-02,1.481788e-02,2.838369e-02,3.240231e-01,3.093162e-01,1.134894e-02,1.263328e-03,5.643429e-03,2.845491e-02,1.243390e-02,1.313386e-03,1.134434e-02
7.052698e-02,2.131872e-02,2.725444e-02,5.958878e-02,1.123253e-02,2.023317e-02,3.481159e-01,3.909526e-01,7.980566e-03,9.112883e-04,4.042296e-03,1.998222e-02,8.893705e-03,9.718573e-04,7.995060e-03
4.972618e-02,1.512340e-02,2.033188e-02,4.212673e-02,8.791666e-03,1.460555e-02,3.584426e-01,4.546648e-01,5.648933e-03,6.769330e-04,2.985813e-03,1.403146e-02,6.451671e-03,7.143586e-04,5.678075e-03
3.670759e-02,1.082382e-02,1.552412e-02,2.993144e-02,7.281827e-03,1.048093e-02,2.778226e-01,5.852931e-01,4.050136e-03,4.999849e-04,2.361113e-03,9.839194e-03,4.629451e-03,5.552550e-04,4.199464e-03
2.874453e-02,8.288292e-03,1.217728e-02,2.163356e-02,7.034216e-03,8.257008e-03,2.238327e-01,6.689125e-01,3.095020e-03,4.129630e-04,2.374469e-03,6.948578e-03,3.580017e-03,6.033563e-04,4.105531e-03
3.454457e-02,6.573524e-03,1.090482e-02,1.610542e-02,6.053013e-03,6.410284e-03,1.984280e-01,7.024990e-01,2.469558e-03,3.829871e-04,2.735909e-03,5.076253e-03,3.053930e-03,7.023144e-04,4.060527e-03
4.432458e-02,5.658355e-03,1.014574e-02,1.285108e-02,5.858023e-03,5.336003e-03,1.555171e-01,7.416785e-01,2.351449e-03,4.704161e-04,3.016845e-03,4.028105e-03,3.192594e-03,1.105537e-03,4.465711e-03
3.561370e-02,4.314989e-03,9.506491e-03,9.951622e-03,4.881420e-03,4.067419e-03,1.192897e-01,7.972289e-01,1.760821e-03,4.063562e-04,2.626142e-03,3.051152e-03,2.808786e-03,1.042383e-03,3.450121e-03
2.827558e-02,4.362775e-03,2.104823e-02,1.240194e-02,8.848801e-03,3.739541e-03,9.254479e-02,8.108101e-01,1.495017e-03,5.353173e-04,2.224657e-03,4.411024e-03,5.323223e-03,1.086958e-03,2.892063e-03
2.675407e-02,3.679454e-03,1.861525e-02,1.132926e-02,1.001439e-02,4.896938e-03,7.048881e-02,8.296508e-01,1.228762e-03,9.237386e-04,2.463566e-03,7.176808e-03,8.994155e-03,1.360861e-03,2.423146e-03
1.914322e-02,2.667769e-03,1.343579e-02,8.474319e-03,7.862371e-03,3.803311e-03,5.062215e-02,6.742358e-01,9.500739e-04,2.359609e-02,4.707336e-02,3.613302e-02,4.486312e-02,6.357010e-02,3.569460e-03
1.352572e-02,1.874599e-03,9.424572e-03,6.013130e-03,5.626644e-03,2.748462e-03,3.561180e-02,4.785334e-01,7.067557e-04,2.632771e-02,6.170531e-02,1.421917e-01,5.941473e-02,1.533807e-01,2.914720e-03
9.592817e-03,1.338391e-03,6.603595e-03,4.308051e-03,4.011778e-03,1.996469e-03,2.500306e-02,3.402710e-01,6.625360e-04,2.121779e-02,6.598821e-02,1.482352e-01,9.510952e-02,2.730237e-01,2.637895e-03
6.733716e-03,9.800107e-04,4.626277e-03,3.115020e-03,2.859014e-03,1.427185e-03,1.752559e-02,2.387293e-01,1.018504e-03,1.579619e-02,5.261394e-02,1.157909e-01,7.857511e-02,4.577488e-01,2.460397e-03
4.755464e-03,7.474005e-04,3.244283e-03,2.387462e-03,2.146589e-03,1.066030e-03,1.231213e-02,1.673516e-01,1.827508e-03,1.476698e-02,4.796043e-02,9.280439e-02,5.847607e-02,5.876966e-01,2.457093e-03
3.393914e-03,1.192082e-03,2.313105e-03,2.516971e-03,1.616284e-03,8.454561e-04,8.627743e-03,1.171696e-01,7.839443e-03,1.625048e-02,5.190504e-02,7.709851e-02,4.199020e-02,6.643459e-01,2.895289e-03
2.756246e-03,2.454469e-03,1.970241e-03,3.744869e-03,1.230571e-03,9.313438e-03,6.219137e-03,8.230314e-02,1.671315e-02,1.257737e-02,4.836351e-02,6.361911e-02,3.003609e-02,7.161062e-01,2.592451e-03
2.231285e-03,9.326010e-03,4.183503e-03,3.129867e-03,1.150835e-03,4.875854e-02,4.599627e-03,5.806382e-02,3.890400e-02,9.444768e-03,4.639466e-02,5.364033e-02,2.177903e-02,6.960761e-01,2.317584e-03
1.662591e-03,7.573650e-03,3.113720e-03,2.326794e-03,1.922487e-03,3.595786e-02,3.223702e-03,4.067318e-02,3.620639e-02,6.928787e-03,3.692766e-02,3.973507e-02,1.549157e-02,7.661538e-01,2.102663e-03
1.230276e-03,5.481269e-03,2.248556e-03,1.655719e-03,1.937470e-03,2.567452e-02,2.257917e-03,2.847796e-02,3.273740e-02,5.005752e-03,2.764299e-02,2.853891e-02,1.094005e-02,8.241332e-01,2.037973e-03
1.164878e-03,3.909012e-03,1.688042e-03,1.201033e-03,1.957925e-03,1.861950e-02,1.582539e-03,1.995027e-02,4.935839e-02,3.756448e-03,2.103890e-02,2.048719e-02,7.911345e-03,8.448679e-01,2.506588e-03
2.150089e-03,2.890263e-03,3.075711e-03,1.126018e-03,1.902810e-03,1.632571e-02,1.156675e-03,1.401036e-02,6.523512e-02,3.334047e-03,1.711342e-02,1.477643e-02,7.917829e-03,8.439054e-01,5.080113e-03
2.382670e-03,2.167983e-03,3.096163e-03,1.017952e-03,1.767487e-03,1.543082e-02,8.354285e-04,9.867648e-03,7.022657e-02,2.868995e-03,1.388419e-02,1.077037e-02,7.500830e-03,8.523433e-01,5.839575e-03
2.821611e-03,1.808516e-03,3.642624e-03,1.032099e-03,1.953420e-03,1.261727e-02,6.138860e-04,7.106472e-03,7.934724e-02,2.621282e-03,1.145261e-02,7.657806e-03,5.810659e-03,8.563530e-01,5.161393e-03
2.697939e-03,1.460515e-03,2.984763e-03,1.212438e-03,1.590854e-03,9.501073e-03,4.534618e-04,5.246087e-03,8.608258e-02,3.036884e-03,1.215676e-02,5.814791e-03,7.875951e-03,8.528255e-01,7.060356e-03
3.275369e-03,1.245341e-03,3.800382e-03,2.039886e-03,1.379048e-03,7.814255e-03,3.534122e-04,4.567145e-03,8.967023e-02,3.747413e-03,1.421065e-02,4.290100e-03,7.037035e-03,8.508836e-01,5.686120e-03
5.086698e-03,1.142352e-03,1.974215e-02,1.082248e-02,2.305499e-03,1.070416e-02,5.619617e-04,2.536840e-02,7.439187e-02,1.003057e-02,1.614912e-02,3.328249e-03,6.094787e-03,8.095184e-01,4.753256e-03
6.205393e-03,1.360700e-03,2.223825e-02,1.800495e-02,5.387298e-03,1.082896e-02,9.345355e-04,5.022582e-02,6.208799e-02,1.284107e-02,1.492960e-02,2.519071e-03,4.989162e-03,7.836084e-01,3.838760e-03
1.431017e-02,3.927549e-03,3.420949e-02,1.163454e-01,2.946553e-02,9.247934e-03,1.132194e-03,4.219653e-02,5.250750e-02,1.185197e-02,1.344720e-02,1.972674e-03,4.445537e-03,6.618712e-01,3.069137e-03
2.185342e-02,9.608625e-03,4.164087e-02,2.784083e-01,4.380962e-02,1.190586e-02,1.149932e-03,3.170851e-02,3.991503e-02,9.859276e-03,1.141797e-02,1.606649e-03,4.094809e-03,4.901832e-01,2.837909e-03
4.144149e-02,3.255818e-02,1.690623e-01,2.314801e-01,5.946679e-02,2.251784e-02,1.388012e-03,2.331821e-02,2.925496e-02,8.932861e-03,1.337556e-02,1.247393e-03,3.326393e-03,3.600649e-01,2.565032e-03
5.126057e-02,5.001783e-02,1.645565e-01,2.543572e-01,8.410972e-02,4.473884e-02,2.476466e-03,1.961210e-02,2.331430e-02,7.092654e-03,1.400730e-02,1.009693e-03,2.660622e-03,2.783265e-01,2.459663e-03
6.730826e-02,6.267600e-02,1.326265e-01,2.159338e-01,1.129593e-01,8.020032e-02,3.579827e-03,1.522266e-02,2.375201e-02,6.800630e-03,1.804757e-02,9.466714e-04,2.385210e-03,2.547101e-01,2.851155e-03
7.775248e-02,6.242163e-02,1.006614e-01,2.591773e-01,1.523528e-01,7.527159e-02,3.098128e-03,1.329072e-02,3.605825e-02,5.921988e-03,1.946596e-02,1.207482e-03,2.419665e-03,1.881121e-01,2.788504e-03
6.594547e-02,1.474014e-01,7.601497e-02,2.920627e-01,1.569874e-01,5.631363e-02,2.403822e-03,1.398483e-02,3.025484e-02,4.401635e-03,1.630827e-02,1.368759e-03,2.214224e-03,1.318624e-01,2.475697e-03
5.850728e-02,1.415321e-01,5.801504e-02,2.953558e-01,1.418608e-01,5.931250e-02,1.755680e-03,1.171739e-02,2.223042e-02,3.446602e-03,5.871888e-02,4.553284e-02,6.177806e-03,9.289107e-02,2.945829e-03
5.944678e-02,1.886601e-01,4.127045e-02,2.142637e-01,1.914750e-01,1.111333e-01,1.406792e-03,8.633214e-03,1.710705e-02,2.601261e-03,5.697884e-02,3.338386e-02,5.245412e-03,6.576943e-02,2.624863e-03
5.234248e-02,1.922219e-01,2.998328e-02,1.584845e-01,2.326843e-01,1.533255e-01,1.365011e-03,6.474746e-03,1.326342e-02,1.973864e-03,7.945873e-02,2.464665e-02,3.944263e-03,4.741945e-02,2.411911e-03
3.936556e-02,2.601784e-01,2.219948e-02,1.138262e-01,2.430100e-01,1.772468e-01,1.753647e-03,5.026495e-03,1.014162e-02,1.836324e-03,6.807104e-02,1.921474e-02,2.922548e-03,3.339429e-02,1.812857e-03
2.963285e-02,3.574880e-01,1.886204e-02,8.151972e-02,2.113588e-01,1.753841e-01,1.642109e-03,3.897508e-03,7.837844e-03,1.748200e-03,6.512222e-02,1.832118e-02,2.133367e-03,2.367354e-02,1.378581e-03
2.436696e-02,4.768592e-01,1.622126e-02,5.847817e-02,1.616295e-01,1.496832e-01,1.545878e-03,3.033872e-03,5.829852e-03,1.796712e-03,5.958293e-02,2.122188e-02,1.582535e-03,1.705303e-02,1.115030e-03
2.879605e-02,4.921399e-01,1.290240e-02,4.318278e-02,1.359259e-01,1.486402e-01,1.694117e-03,4.066903e-03,4.434078e-03,1.572948e-03,8.504053e-02,2.674334e-02,1.241121e-03,1.261877e-02,1.001021e-03
3.327453e-02,4.730389e-01,1.073442e-02,3.290407e-02,1.307182e-01,1.428100e-01,2.105765e-03,6.260328e-03,3.472268e-03,1.462531e-03,1.084274e-01,4.238278e-02,1.076670e-03,1.035129e-02,9.810611e-04
4.704156e-02,3.915912e-01,1.227785e-02,2.520315e-02,1.171320e-01,1.849642e-01,2.183419e-03,1.157269e-02,3.351223e-03,1.697125e-03,1.433535e-01,4.730432e-02,1.005531e-03,9.864640e-03,1.457631e-03
5.575638e-02,3.580400e-01,1.292986e-02,1.898793e-02,1.085080e-01,1.636276e-01,1.808040e-03,1.039968e-02,3.173348e-03,1.863400e-03,2.000884e-01,5.159007e-02,8.454749e-04,1.053319e-02,1.848825e-03
4.111949e-02,2.647524e-01,1.201251e-02,1.359317e-02,7.982324e-02,1.248886e-01,1.378622e-03,7.892801e-03,2.541579e-03,1.495389e-03,3.759752e-01,5.926798e-02,6.629691e-04,1.292072e-02,1.675377e-03
2.926866e-02,1.864936e-01,9.364253e-03,9.636425e-03,5.698906e-02,8.911066e-02,1.069192e-03,5.876974e-03,1.873620e-03,1.189653e-03,5.112941e-01,7.506386e-02,5.082096e-04,2.095700e-02,1.304686e-03
2.120257e-02,1.312480e-01,7.191079e-03,6.865966e-03,4.095997e-02,6.315139e-02,9.019108e-04,4.569821e-03,1.474325e-03,9.892609e-04,6.003510e-01,9.688991e-02,4.266081e-04,2.276384e-02,1.014356e-03
1.924979e-02,9.449976e-02,7.405976e-03,5.120052e-03,3.048704e-02,4.504964e-02,8.416452e-04,3.898901e-03,1.691320e-03,1.180193e-03,6.339775e-01,1.119587e-01,4.461985e-04,4.269936e-02,1.493939e-03
2.196361e-02,7.033591e-02,9.176799e-03,4.232094e-03,2.283871e-02,3.263601e-02,8.513759e-04,3.736215e-03,1.735596e-03,1.494381e-03,6.625060e-01,1.224191e-01,4.033169e-04,4.398096e-02,1.689919e-03
6.030935e-02,5.405167e-02,1.187979e-02,4.131412e-03,1.726679e-02,3.013561e-02,9.646328e-04,4.938757e-03,2.503749e-03,3.450505e-03,6.476600e-01,1.056544e-01,6.127718e-04,5.322495e-02,3.215613e-03
5.171790e-02,3.932816e-02,1.031924e-02,3.194040e-03,1.273409e-02,2.401953e-02,7.702949e-04,4.035486e-03,3.042793e-03,4.816627e-03,6.991612e-01,8.545645e-02,5.502958e-04,5.834932e-02,2.504685e-03
4.405648e-02,2.832947e-02,8.060754e-03,2.485436e-03,9.307116e-03,1.891892e-02,6.300222e-04,3.307965e-03,4.528657e-03,6.292086e-03,7.255295e-01,7.512301e-02,5.351279e-04,7.089473e-02,2.000809e-03
3.384534e-02,2.242960e-02,6.891970e-03,2.122070e-03,8.629695e-03,1.457022e-02,6.350965e-04,2.898829e-03,5.968913e-03,6.210702e-03,7.622093e-01,6.216256e-02,5.409952e-04,6.899059e-02,1.894189e-03
2.541093e-02,1.628484e-02,5.097707e-03,1.680934e-03,6.869641e-03,1.069109e-02,5.185287e-04,2.380530e-03,8.853038e-03,5.716601e-03,7.810233e-01,5.496519e-02,4.639950e-04,7.855022e-02,1.493476e-03
2.069263e-02,1.229379e-02,4.236081e-03,1.535611e-03,6.158772e-03,8.741313e-03,5.421863e-04,2.431930e-03,1.253654e-02,5.327458e-03,7.839445e-01,4.449398e-02,4.442045e-04,9.523688e-02,1.384168e-03
1.638910e-02,8.941987e-03,3.072203e-03,1.230087e-03,4.954007e-03,6.536935e-03,4.305617e-04,1.932350e-03,1.182546e-02,4.583405e-03,7.926211e-01,3.540388e-02,4.983507e-04,1.104793e-01,1.101257e-03
1.607422e-02,6.961430e-03,2.393685e-03,1.085889e-03,3.921496e-03,5.340048e-03,4.316131e-04,1.784155e-03,1.385133e-02,4.654923e-03,7.900114e-01,3.022224e-02,5.350912e-04,1.214893e-01,1.243196e-03
1.444929e-02,8.413401e-03,7.231990e-03,1.234072e-03,3.647438e-03,6.476235e-03,3.711754e-04,1.967655e-03,5.699729e-02,7.633430e-03,7.073773e-01,2.318189e-02,4.464245e-04,1.568865e-01,3.685875e-03
1.301434e-02,1.258374e-02,4.174149e-02,1.758064e-03,3.227069e-03,6.726132e-03,4.349102e-04,2.496992e-03,1.175056e-01,1.222934e-02,5.772713e-01,1.870051e-02,4.151688e-04,1.858015e-01,6.093930e-03
1.497000e-02,1.445677e-02,3.583361e-02,2.535678e-03,2.971473e-03,6.225056e-03,3.265376e-04,2.897267e-03,2.450814e-01,1.670787e-02,4.359393e-01,1.328049e-02,3.755883e-04,1.598430e-01,4.855595e-02
1.249748e-02,1.177215e-02,3.716473e-02,5.072102e-03,2.751306e-03,1.813586e-02,2.567424e-04,2.985021e-03,3.196602e-01,1.589075e-02,3.165875e-01,9.423316e-03,5.720792e-04,1.497581e-01,9.747262e-02
1.421225e-02,9.722685e-03,1.229536e-01,6.756041e-03,2.853194e-03,3.040349e-02,2.064777e-04,5.506341e-03,3.524848e-01,1.494972e-02,2.299894e-01,6.737989e-03,6.266016e-04,1.168233e-01,8.577411e-02
1.449552e-02,7.548050e-03,2.000793e-01,8.647460e-03,2.483921e-03,3.582447e-02,1.540473e-04,4.347802e-03,2.897869e-01,1.557505e-02,1.672943e-01,4.791616e-03,5.259617e-04,9.861428e-02,1.498313e-01
2.112054e-02,6.327729e-03,2.763351e-01,1.110160e-02,2.863513e-03,3.980309e-02,1.228594e-04,3.891379e-03,2.542046e-01,1.307729e-02,1.239026e-01,3.423146e-03,4.736238e-04,1.106559e-01,1.326970e-01
2.928738e-02,5.073856e-03,3.621951e-01,1.166170e-02,3.139779e-03,3.965934e-02,1.087489e-04,4.755977e-03,1.943599e-01,1.002532e-02,9.998288e-02,2.410919e-03,4.091061e-04,1.369999e-01,9.993005e-02
2.951429e-02,3.915166e-03,4.631717e-01,9.945889e-03,2.463459e-03,3.180198e-02,1.025066e-04,4.094083e-03,1.407135e-01,7.749108e-03,7.194345e-02,1.692417e-03,3.200645e-04,1.604315e-01,7.214089e-02
2.832180e-02,3.001574e-03,5.706711e-01,7.912332e-03,1.809420e-03,2.413663e-02,8.373779e-05,3.259927e-03,9.968872e-02,6.427153e-03,5.144680e-02,1.187724e-03,2.416173e-04,1.488026e-01,5.300879e-02
3.472800e-02,2.743704e-03,5.819468e-01,6.287039e-03,1.342149e-03,1.920882e-02,8.855894e-05,2.522407e-03,7.051041e-02,6.982488e-03,3.742732e-02,8.384079e-04,1.988304e-04,1.930441e-01,4.213091e-02
5.158443e-02,2.741326e-03,5.848952e-01,5.612768e-03,1.056607e-03,1.522280e-02,1.117653e-04,2.080710e-03,4.990297e-02,6.454051e-03,2.736910e-02,6.046708e-04,1.613743e-04,2.195342e-01,3.266801e-02
8.808041e-02,3.793972e-03,5.412388e-01,6.544834e-03,1.326778e-03,1.251507e-02,2.398480e-04,2.448666e-03,3.584377e-02,5.566953e-03,2.193682e-02,4.825575e-04,1.678116e-04,2.543507e-01,2.546301e-02
7.110929e-02,7.021307e-02,4.453710e-01,1.265964e-01,1.705967e-03,9.865969e-03,2.338422e-04,1.890245e-03,2.597497e-02,1.168887e-02,1.638400e-02,6.589779e-04,3.416796e-04,1.796971e-01,3.826859e-02
4.997012e-02,2.680807e-01,3.622073e-01,1.042173e-01,1.279652e-03,6.968694e-03,1.663369e-04,1.388409e-03,1.870323e-02,1.158298e-02,1.857416e-02,1.026589e-03,1.088903e-03,1.263363e-01,2.840935e-02
3.510679e-02,3.093880e-01,2.842325e-01,7.749674e-02,1.010853e-03,4.955233e-03,1.281693e-04,1.048291e-03,1.381900e-02,9.825415e-03,1.386563e-01,7.068603e-03,3.000633e-03,9.411839e-02,2.014513e-02
2.462132e-02,2.451534e-01,2.064034e-01,5.713758e-02,7.432544e-04,3.543844e-03,9.331536e-05,7.621731e-04,1.019995e-02,9.976934e-03,3.386886e-01,1.107669e-02,3.293436e-03,7.366828e-02,1.463787e-02
1.747243e-02,1.786032e-01,1.468492e-01,4.043979e-02,5.028947e-03,8.656704e-03,1.633186e-04,2.122490e-03,7.659742e-03,1.164241e-02,4.718393e-01,1.882569e-02,4.583607e-03,6.336640e-02,2.274666e-02
1.251210e-02,1.264425e-01,1.031295e-01,2.905269e-02,6.273730e-03,7.455176e-03,2.050287e-04,1.785031e-03,5.874396e-03,1.202611e-02,5.777644e-01,3.318827e-02,3.431723e-03,6.328843e-02,1.757100e-02
9.119539e-03,8.914404e-02,7.246066e-02,2.089823e-02,9.378648e-03,6.463339e-03,2.118120e-04,1.350434e-03,4.625069e-03,9.663955e-03,6.070852e-01,8.548360e-02,2.596681e-03,6.882984e-02,1.268900e-02
6.685248e-03,6.271160e-02,5.096081e-02,1.474795e-02,1.215504e-02,6.125822e-03,1.749140e-04,9.803716e-04,3.866163e-03,8.958968e-03,6.216911e-01,1.101855e-01,2.574317e-03,8.900592e-02,9.176298e-03
4.995830e-03,4.426241e-02,3.581198e-02,1.043923e-02,1.393802e-02,4.868552e-03,1.444748e-04,7.090894e-04,3.162175e-03,7.256848e-03,6.427412e-01,1.253099e-01,2.394411e-03,9.737459e-02,6.591335e-03
3.762578e-03,3.643063e-02,2.581362e-02,7.447791e-03,2.894254e-02,4.310671e-03,2.196579e-04,6.815854e-04,6.911017e-03,8.533063e-03,6.115641e-01,1.478061e-01,3.527187e-03,1.089310e-01,5.118449e-03
3.083425e-03,3.759996e-02,2.008961e-02,5.477032e-03,4.369283e-02,7.748330e-03,2.607296e-04,7.974766e-04,1.664025e-02,1.834048e-02,5.462035e-01,1.753277e-01,4.543373e-03,1.155329e-01,4.662466e-03
4.228482e-03,4.241927e-02,1.529256e-02,4.223517e-03,4.771443e-02,1.038197e-02,3.353229e-04,1.456410e-03,3.126201e-02,2.658644e-02,4.862857e-01,2.104549e-01,5.039046e-03,1.098270e-01,4.493005e-03
4.525148e-03,4.238728e-02,1.140957e-02,3.621531e-03,4.166069e-02,1.405347e-02,3.070138e-04,1.267910e-03,5.352085e-02,3.081299e-02,5.144749e-01,1.648089e-01,8.218629e-03,1.042714e-01,4.659748e-03
8.751120e-03,5.421898e-02,8.793456e-03,2.981944e-03,3.631479e-02,2.567177e-02,5.015280e-04,1.716169e-03,8.001724e-02,3.290861e-02,4.835629e-01,1.346235e-01,8.976974e-03,1.165762e-01,4.384864e-03
1.375117e-02,5.474751e-02,6.793436e-03,2.299208e-03,2.684125e-02,4.985061e-02,4.624896e-04,1.552981e-03,7.171413e-02,3.005352e-02,4.341197e-01,1.058749e-01,7.925000e-03,1.884351e-01,5.579018e-03
1.360713e-02,5.932036e-02,6.755808e-03,1.795314e-03,2.226992e-02,4.325517e-02,4.761628e-04,2.322744e-03,7.789683e-02,3.127189e-02,3.389277e-01,8.053437e-02,8.550506e-03,3.026714e-01,1.034460e-02
2.056859e-02,1.094121e-01,7.618620e-03,1.654872e-03,2.559648e-02,3.601449e-02,4.971928e-04,4.900193e-03,8.509302e-02,2.459105e-02,2.611857e-01,5.725878e-02,7.927551e-03,3.449386e-01,1.274268e-02
2.358954e-02,1.433047e-01,8.012313e-03,2.155414e-03,2.097494e-02,3.358394e-02,6.052930e-04,4.916933e-03,1.775275e-01,1.908222e-02,1.885512e-01,4.017026e-02,6.123987e-03,3.101893e-01,2.121250e-02
1.890015e-02,2.666341e-01,6.584259e-03,1.751148e-03,1.606815e-02,2.508514e-02,4.931607e-04,4.352325e-03,2.371789e-01,1.348387e-02,1.330800e-01,2.814427e-02,4.459026e-03,2.284808e-01,1.530460e-02
1.461385e-02,3.638942e-01,5.519612e-03,3.171721e-03,1.634448e-02,1.847344e-02,3.759089e-04,3.895676e-03,2.608666e-01,1.001872e-02,9.351715e-02,1.972797e-02,3.456151e-03,1.625741e-01,2.355027e-02
1.221219e-02,4.700972e-01,4.498308e-03,4.810898e-03,1.689643e-02,1.405631e-02,2.964777e-04,6.648609e-03,2.432667e-01,7.121874e-03,6.572884e-02,1.386130e-02,2.945705e-03,1.170144e-01,2.054474e-02
1.091477e-02,5.333880e-01,3.464416e-03,4.007789e-03,1.749995e-02,1.082990e-02,2.319436e-04,6.807275e-03,2.394979e-01,5.033130e-03,4.671606e-02,9.730582e-03,2.255073e-03,9.316189e-02,1.646130e-02
1.100503e-02,5.830702e-01,3.253605e-03,3.742783e-03,1.697247e-02,8.139754e-03,1.931350e-04,1.519072e-02,2.247236e-01,3.562667e-03,3.328241e-02,6.834565e-03,1.779611e-03,7.573070e-02,1.251869e-02
1.587798e-02,4.950024e-01,4.028059e-03,7.614112e-03,3.607921e-02,7.874852e-03,2.130436e-04,3.114932e-02,2.921591e-01,2.703627e-03,2.432727e-02,4.851167e-03,1.677201e-03,6.454509e-02,1.189745e-02
1.836231e-02,4.032440e-01,1.060492e-02,1.783908e-02,4.214879e-02,6.995786e-03,2.754267e-04,5.008212e-02,3.635702e-01,2.627580e-03,1.745229e-02,3.456581e-03,1.485321e-03,4.781563e-02,1.403993e-02
2.463306e-02,3.420057e-01,1.604650e-02,1.674158e-02,5.880717e-02,1.317515e-02,9.219356e-04,5.443139e-02,3.880273e-01,2.599701e-03,1.323120e-02,2.663106e-03,3.646915e-03,4.425377e-02,1.881551e-02
4.920581e-02,2.863665e-01,2.066618e-02,2.485421e-02,9.399135e-02,1.780961e-02,1.309978e-03,5.947819e-02,3.626084e-01,2.671515e-03,1.123183e-02,2.116204e-03,3.962554e-03,3.518575e-02,2.854190e-02
4.275091e-02,2.057264e-01,2.345710e-02,5.051577e-02,7.160366e-02,1.311092e-02,1.049070e-03,4.616057e-02,4.819353e-01,2.825743e-03,8.171421e-03,1.639497e-03,3.499880e-03,2.477190e-02,2.278190e-02
3.629168e-02,1.460117e-01,2.402944e-02,8.522623e-02,5.602523e-02,1.102510e-02,8.988276e-04,3.278647e-02,5.528721e-01,2.977450e-03,6.463621e-03,1.512832e-03,4.529521e-03,1.749182e-02,2.185798e-02
2.699478e-02,1.073646e-01,6.086231e-02,9.516035e-02,4.046351e-02,8.361234e-03,7.157387e-04,2.301036e-02,5.749984e-01,3.868145e-03,8.054300e-03,2.819845e-03,4.165532e-03,1.364802e-02,2.951279e-02
2.007111e-02,7.601883e-02,5.001686e-02,1.394915e-01,2.849044e-02,7.025627e-03,5.399619e-04,1.624065e-02,4.707831e-01,2.985354e-03,4.672486e-02,1.029466e-01,6.816470e-03,9.827063e-03,2.202154e-02
1.443345e-02,5.341518e-02,3.787621e-02,2.004913e-01,2.016209e-02,6.342117e-03,4.022658e-04,1.144185e-02,3.462061e-01,2.367639e-03,7.545739e-02,2.008923e-01,7.443479e-03,7.148696e-03,1.591992e-02
1.096034e-02,3.750164e-02,2.710854e-02,1.739978e-01,1.732025e-02,8.116065e-03,3.570667e-04,8.109382e-03,2.446395e-01,2.220393e-03,9.802125e-02,3.468311e-01,7.396899e-03,5.578678e-03,1.184114e-02
8.007008e-03,2.631049e-02,1.910261e-02,1.331927e-01,1.699132e-02,7.431459e-03,2.741105e-04,5.713221e-03,1.749858e-01,1.839297e-03,9.576258e-02,4.902836e-01,7.500071e-03,4.153060e-03,8.452565e-03
5.762902e-03,1.849694e-02,1.345503e-02,9.471524e-02,1.958295e-02,5.864042e-03,2.029619e-04,4.021777e-03,1.250182e-01,1.850835e-03,8.110978e-02,6.147869e-01,6.179825e-03,2.979356e-03,5.973314e-03
4.221574e-03,1.300010e-02,9.481594e-03,6.816924e-02,2.854102e-02,4.754685e-03,1.495142e-04,2.855559e-03,8.894558e-02,1.509349e-03,7.580175e-02,6.912855e-01,4.846710e-03,2.168829e-03,4.269053e-03
3.370192e-03,9.180178e-03,6.718461e-03,5.138119e-02,3.869589e-02,3.827309e-03,1.132603e-04,2.046103e-03,6.406873e-02,1.300205e-03,7.334206e-02,7.374206e-01,3.800188e-03,1.620433e-03,3.115264e-03
2.927358e-03,6.473602e-03,4.772300e-03,3.810153e-02,4.727449e-02,3.256033e-03,8.615355e-05,1.494639e-03,4.567056e-02,1.028567e-03,5.708919e-02,7.855297e-01,2.851584e-03,1.195297e-03,2.248971e-03
3.856584e-03,4.763184e-03,3.416093e-03,2.922737e-02,7.044508e-02,2.765176e-03,7.320142e-05,1.126720e-03,3.297270e-02,1.026067e-03,4.626920e-02,7.993035e-01,2.088199e-03,8.991343e-04,1.767814e-03
3.610299e-03,4.172520e-03,2.498067e-03,2.335626e-02,8.834735e-02,2.774251e-03,1.029820e-04,9.372178e-04,2.459637e-02,9.535640e-04,3.926817e-02,8.057275e-01,1.526088e-03,6.969057e-04,1.432498e-03
2.948758e-03,3.224744e-03,1.806906e-03,1.665928e-02,8.285971e-02,2.430656e-03,1.202612e-04,7.581345e-04,1.786787e-02,8.757035e-04,2.954357e-02,8.381055e-01,1.137230e-03,5.648494e-04,1.096840e-03
2.672820e-03,2.680109e-03,1.366192e-03,1.176627e-02,7.296637e-02,2.240607e-03,1.213341e-04,7.552202e-04,1.290915e-02,8.649069e-04,2.805803e-02,8.612260e-01,8.859973e-04,5.797154e-04,9.072825e-04
1.976996e-03,2.101463e-03,1.065695e-03,8.288644e-03,8.800912e-02,3.387969e-03,5.714050e-04,9.477818e-04,9.215165e-03,7.134826e-04,2.212576e-02,8.597130e-01,6.895697e-04,4.843537e-04,7.096530e-04
1.606580e-03,1.850449e-03,9.575814e-04,5.842789e-03,1.038144e-01,3.743497e-03,7.255035e-04,1.618041e-03,6.611913e-03,6.499162e-04,1.703254e-02,8.540530e-01,5.518508e-04,3.982498e-04,5.436581e-04
1.752391e-03,1.756387e-03,1.688493e-03,4.154709e-03,1.356542e-01,5.487989e-03,9.952092e-04,6.616183e-03,5.298724e-03,1.038163e-03,1.347456e-02,8.204323e-01,4.826220e-04,6.414939e-04,5.265311e-04
1.496914e-03,1.360323e-03,1.561632e-03,2.941097e-03,1.055759e-01,5.007724e-03,1.355021e-03,6.937797e-03,4.342469e-03,1.262448e-03,1.036516e-02,8.564627e-01,4.075421e-04,5.329942e-04,3.902419e-04
1.502489e-03,1.050006e-03,1.260022e-03,2.088717e-03,8.430632e-02,4.257338e-03,1.383337e-03,6.221135e-03,3.759171e-03,1.372736e-03,8.294782e-03,8.833429e-01,4.417752e-04,4.319753e-04,2.873428e-04
2.883690e-03,1.092097e-03,1.190516e-03,1.494273e-03,7.030560e-02,3.974485e-03,2.087506e-03,4.973455e-03,3.060309e-03,1.785372e-03,1.388730e-02,8.918006e-01,7.650669e-04,4.347579e-04,2.650425e-04
2.806005e-03,1.481462e-03,1.303353e-03,1.092803e-03,8.918533e-02,4.527576e-03,2.529229e-03,3.820079e-03,3.288465e-03,1.599419e-03,2.507517e-02,8.613535e-01,9.679325e-04,5.145413e-04,4.551928e-04
3.532204e-03,1.366554e-03,1.235164e-03,8.394864e-04,8.228222e-02,7.100574e-03,3.193617e-03,3.308897e-03,2.836594e-03,1.627753e-03,7.035297e-02,8.186771e-01,2.248357e-03,8.283932e-04,5.702211e-04
6.843433e-03,6.271661e-03,1.372207e-02,9.706463e-04,7.593368e-02,1.281854e-02,4.071655e-03,3.279868e-03,5.717176e-03,6.254493e-03,1.976852e-01,6.392389e-01,2.464551e-03,1.652750e-03,2.307553e-02
9.286518e-03,5.719817e-03,1.400364e-02,1.034396e-03,7.526736e-02,2.921434e-02,1.013579e-02,4.445581e-03,6.375864e-03,6.403401e-03,3.085858e-01,5.040996e-01,3.183597e-03,1.744277e-03,2.050004e-02
9.583043e-03,4.708453e-03,1.314539e-02,1.785071e-03,1.009785e-01,3.442663e-02,2.189896e-02,6.660552e-02,5.953166e-03,5.871110e-03,2.822146e-01,4.305772e-01,4.438633e-03,1.553820e-03,1.626002e-02
1.049324e-02,5.166679e-03,1.589283e-02,2.742097e-03,1.116906e-01,5.528099e-02,3.003304e-02,5.825956e-02,6.670640e-03,5.075576e-03,3.251975e-01,3.497849e-01,6.310150e-03,2.003375e-03,1.539879e-02
1.176854e-02,3.869502e-02,4.591347e-02,4.269606e-03,1.315639e-01,4.371574e-02,2.180277e-02,4.914649e-02,1.727612e-02,4.124866e-03,3.184762e-01,2.849931e-01,7.506366e-03,3.274957e-03,1.747289e-02
1.173142e-02,2.934507e-02,3.781741e-02,3.805077e-03,1.084021e-01,3.301273e-02,1.610439e-02,9.552644e-02,2.484157e-02,3.264245e-03,3.435955e-01,2.583747e-01,1.702055e-02,3.148032e-03,1.401091e-02
1.092428e-02,2.102393e-02,3.070323e-02,3.334441e-03,8.649669e-02,2.373084e-02,1.149412e-02,2.192143e-01,2.423581e-02,2.477942e-03,3.250578e-01,2.014122e-01,2.705659e-02,2.526331e-03,1.031155e-02
9.650088e-03,1.490156e-02,2.762743e-02,3.227655e-03,7.520993e-02,1.747802e-02,8.950029e-03,3.739685e-01,2.801484e-02,2.088579e-03,2.396493e-01,1.578664e-01,3.183471e-02,2.008120e-03,7.524848e-03
1.483399e-02,1.256264e-02,3.407562e-02,4.173087e-03,1.028893e-01,1.532954e-02,8.072083e-03,3.409930e-01,7.007988e-02,2.808206e-03,2.088479e-01,1.313858e-01,4.482924e-02,2.864352e-03,6.255372e-03
2.251015e-02,1.160053e-02,6.217494e-02,4.944191e-03,1.341563e-01,2.013022e-02,7.323707e-03,2.650130e-01,1.124723e-01,3.719202e-03,2.115864e-01,9.765518e-02,3.602521e-02,5.100726e-03,5.588107e-03
3.003427e-02,1.036473e-02,6.835680e-02,6.375032e-03,1.346220e-01,3.114779e-02,8.767152e-03,2.818193e-01,1.266459e-01,5.008557e-03,1.781686e-01,7.216594e-02,2.865087e-02,1.110257e-02,6.770591e-03
3.770309e-02,9.161768e-03,5.975276e-02,7.370469e-03,1.631083e-01,4.672416e-02,9.783112e-03,2.443626e-01,1.585956e-01,5.598119e-03,1.584415e-01,5.578557e-02,2.326685e-02,1.313798e-02,7.208185e-03
3.801904e-02,9.424890e-03,6.148847e-02,6.873689e-03,1.928780e-01,4.016253e-02,9.861850e-03,2.547732e-01,1.835957e-01,5.762446e-03,1.150781e-01,4.011778e-02,1.876118e-02,1.684159e-02,6.361656e-03
4.656574e-02,1.023521e-02,5.783220e-02,1.008801e-02,1.782786e-01,5.294636e-02,9.377428e-03,2.541933e-01,1.968859e-01,6.632708e-03,9.212162e-02,3.047197e-02,2.263247e-02,2.499453e-02,6.743964e-03
4.726081e-02,1.179760e-02,5.078826e-02,1.137564e-02,1.466978e-01,5.481930e-02,7.986262e-03,2.430123e-01,2.872562e-01,5.929437e-03,6.657701e-02,2.319967e-02,1.767330e-02,1.910260e-02,6.523839e-03
4.533191e-02,1.112203e-02,6.947383e-02,3.528634e-02,1.109549e-01,4.040686e-02,5.886558e-03,3.016785e-01,2.732301e-01,5.759563e-03,4.796360e-02,1.812915e-02,1.413905e-02,1.378934e-02,6.848169e-03
5.590730e-02,1.265429e-02,7.934567e-02,6.736533e-02,9.193802e-02,3.343196e-02,4.626855e-03,2.892794e-01,2.703896e-01,5.540047e-03,3.850829e-02,2.033289e-02,1.317290e-02,1.046869e-02,7.038772e-03
4.560487e-02,1.090602e-02,8.828808e-02,2.345160e-01,7.401944e-02,2.776677e-02,3.404506e-03,2.085672e-01,2.007836e-01,5.204902e-03,4.642954e-02,2.417500e-02,1.596882e-02,7.561439e-03,6.803872e-03
3.851641e-02,9.434543e-03,7.503887e-02,2.356354e-01,6.035859e-02,5.166223e-02,2.468789e-03,1.623170e-01,1.701049e-01,4.787151e-03,8.072200e-02,5.503697e-02,3.639546e-02,6.541299e-03,1.098040e-02
3.049849e-02,7.362269e-03,5.795747e-02,1.870107e-01,4.569012e-02,4.394251e-02,1.827278e-03,1.211681e-01,1.288687e-01,5.032448e-03,1.220839e-01,1.551583e-01,7.809971e-02,6.056247e-03,9.243698e-03
2.604018e-02,6.593730e-03,4.551538e-02,1.764469e-01,3.517404e-02,3.509448e-02,1.455904e-03,8.733509e-02,9.519541e-02,4.561048e-03,1.570278e-01,2.326594e-01,7.475051e-02,1.399305e-02,8.157067e-03
1.988640e-02,5.059137e-03,3.473043e-02,1.260299e-01,2.505523e-02,2.740585e-02,1.086188e-03,6.147193e-02,6.801122e-02,6.129069e-03,1.476055e-01,3.976898e-01,6.144425e-02,1.123356e-02,7.161530e-03
3.852177e-02,4.558732e-03,2.920759e-02,9.270709e-02,1.994103e-02,2.605202e-02,1.244952e-03,4.420563e-02,5.209176e-02,8.958728e-02,1.430624e-01,3.510274e-01,5.858526e-02,3.877537e-02,1.043170e-02
6.301421e-02,4.151800e-03,2.359609e-02,6.642810e-02,1.540296e-02,2.230820e-02,1.406849e-03,3.282810e-02,3.958128e-02,1.350223e-01,1.364006e-01,3.261983e-01,5.695974e-02,6.689059e-02,9.810861e-03
4.539450e-02,3.185837e-03,1.689777e-02,4.668463e-02,1.194997e-02,1.594389e-02,1.065088e-03,2.312097e-02,2.937528e-02,3.068058e-01,1.201607e-01,2.574140e-01,4.315510e-02,6.871876e-02,1.012778e-02
3.334636e-02,2.536584e-03,1.313251e-02,3.332039e-02,1.415195e-02,1.170570e-02,1.012056e-03,1.739592e-02,2.366905e-02,2.955353e-01,1.696372e-01,2.584803e-01,3.321451e-02,8.286123e-02,1.000096e-02
2.689110e-02,2.911497e-02,2.427401e-02,2.836938e-02,1.060873e-01,1.020605e-02,1.680376e-03,1.814920e-02,1.930914e-02,2.114348e-01,1.665340e-01,2.505331e-01,2.620559e-02,7.297226e-02,8.238705e-03
2.513908e-02,2.181732e-02,2.596504e-02,2.171482e-02,8.531655e-02,9.357443e-03,1.556386e-03,2.143002e-02,1.722296e-02,1.550410e-01,1.698818e-01,2.036513e-01,1.995889e-02,2.116158e-01,1.033163e-02
2.112766e-02,1.698302e-02,2.404343e-02,1.615890e-02,6.441251e-02,9.025477e-03,1.244011e-03,1.674730e-02,1.650646e-02,1.133395e-01,1.711711e-01,1.625462e-01,1.522742e-02,3.355146e-01,1.595238e-02
