1.000000e+00,0.000000e+00,0.000000e+00,0.000000e+00,0.000000e+00,0.000000e+00,0.000000e+00,0.000000e+00,0.000000e+00,0.000000e+00,0.000000e+00,0.000000e+00,0.000000e+00,0.000000e+00,0.000000e+00
1.000000e+00,0.000000e+00,0.000000e+00,0.000000e+00,0.000000e+00,0.000000e+00,0.000000e+00,0.000000e+00,0.000000e+00,0.000000e+00,0.000000e+00,0.000000e+00,0.000000e+00,0.000000e+00,0.000000e+00
1.000000e+00,0.000000e+00,0.000000e+00,0.000000e+00,0.000000e+00,0.000000e+00,0.000000e+00,0.000000e+00,0.000000e+00,0.000000e+00,0.000000e+00,0.000000e+00,0.000000e+00,0.000000e+00,0.000000e+00
1.000000e+00,0.000000e+00,0.000000e+00,0.000000e+00,0.000000e+00,0.000000e+00,0.000000e+00,0.000000e+00,0.000000e+00,0.000000e+00,0.000000e+00,0.000000e+00,0.000000e+00,0.000000e+00,0.000000e+00
1.000000e+00,0.000000e+00,0.000000e+00,0.000000e+00,0.000000e+00,0.000000e+00,0.000000e+00,0.000000e+00,0.000000e+00,0.000000e+00,0.000000e+00,0.000000e+00,0.000000e+00,0.000000e+00,0.000000e+00
1.000000e+00,0.000000e+00,0.000000e+00,0.000000e+00,0.000000e+00,0.000000e+00,0.000000e+00,0.000000e+00,0.000000e+00,0.000000e+00,0.000000e+00,0.000000e+00,0.000000e+00,0.000000e+00,0.000000e+00
1.000000e+00,0.000000e+00,0.000000e+00,0.000000e+00,0.000000e+00,0.000000e+00,0.000000e+00,0.000000e+00,0.000000e+00,0.000000e+00,0.000000e+00,0.000000e+00,0.000000e+00,0.000000e+00,0.000000e+00
1.000000e+00,0.000000e+00,0.000000e+00,0.000000e+00,0.000000e+00,0.000000e+00,0.000000e+00,0.000000e+00,0.000000e+00,0.000000e+00,0.000000e+00,0.000000e+00,0.000000e+00,0.000000e+00,0.000000e+00
1.000000e+00,0.000000e+00,0.000000e+00,0.000000e+00,0.000000e+00,0.000000e+00,0.000000e+00,0.000000e+00,0.000000e+00,0.000000e+00,0.000000e+00,0.000000e+00,0.000000e+00,0.000000e+00,0.000000e+00
1.000000e+00,0.000000e+00,0.000000e+00,0.000000e+00,0.000000e+00,0.000000e+00,0.000000e+00,0.000000e+00,0.000000e+00,0.000000e+00,0.000000e+00,0.000000e+00,0.000000e+00,0.000000e+00,0.000000e+00
1.000000e+00,0.000000e+00,0.000000e+00,0.000000e+00,0.000000e+00,0.000000e+00,0.000000e+00,0.000000e+00,0.000000e+00,0.000000e+00,0.000000e+00,0.000000e+00,0.000000e+00,0.000000e+00,0.000000e+00
1.000000e+00,0.000000e+00,0.000000e+00,0.000000e+00,0.000000e+00,0.000000e+00,0.000000e+00,0.000000e+00,0.000000e+00,0.000000e+00,0.000000e+00,0.000000e+00,0.000000e+00,0.000000e+00,0.000000e+00
1.000000e+00,0.000000e+00,0.000000e+00,0.000000e+00,0.000000e+00,0.000000e+00,0.000000e+00,0.000000e+00,0.000000e+00,0.000000e+00,0.000000e+00,0.000000e+00,0.000000e+00,0.000000e+00,0.000000e+00
1.000000e+00,0.000000e+00,0.000000e+00,0.000000e+00,0.000000e+00,0.000000e+00,0.000000e+00,0.000000e+00,0.000000e+00,0.000000e+00,0.000000e+00,0.000000e+00,0.000000e+00,0.000000e+00,0.000000e+00
1.000000e+00,0.000000e+00,0.000000e+00,0.000000e+00,0.000000e+00,0.000000e+00,0.000000e+00,0.000000e+00,0.000000e+00,0.000000e+00,0.000000e+00,0.000000e+00,0.000000e+00,0.000000e+00,0.000000e+00
1.000000e+00,0.000000e+00,0.000000e+00,0.000000e+00,0.000000e+00,0.000000e+00,0.000000e+00,0.000000e+00,0.000000e+00,0.000000e+00,0.000000e+00,0.000000e+00,0.000000e+00,0.000000e+00,0.000000e+00
1.000000e+00,0.000000e+00,0.000000e+00,0.000000e+00,0.000000e+00,0.000000e+00,0.000000e+00,0.000000e+00,0.000000e+00,0.000000e+00,0.000000e+00,0.000000e+00,0.000000e+00,0.000000e+00,0.000000e+00
1.000000e+00,0.000000e+00,0.000000e+00,0.000000e+00,0.000000e+00,0.000000e+00,0.000000e+00,0.000000e+00,0.000000e+00,0.000000e+00,0.000000e+00,0.000000e+00,0.000000e+00,0.000000e+00,0.000000e+00
1.000000e+00,0.000000e+00,0.000000e+00,0.000000e+00,0.000000e+00,0.000000e+00,0.000000e+00,0.000000e+00,0.000000e+00,0.000000e+00,0.000000e+00,0.000000e+00,0.000000e+00,0.000000e+00,0.000000e+00
1.000000e+00,0.000000e+00,0.000000e+00,0.000000e+00,0.000000e+00,0.000000e+00,0.000000e+00,0.000000e+00,0.000000e+00,0.000000e+00,0.000000e+00,0.000000e+00,0.000000e+00,0.000000e+00,0.000000e+00
1.000000e+00,0.000000e+00,0.000000e+00,0.000000e+00,0.000000e+00,0.000000e+00,0.000000e+00,0.000000e+00,0.000000e+00,0.000000e+00,0.000000e+00,0.000000e+00,0.000000e+00,0.000000e+00,0.000000e+00
1.000000e+00,0.000000e+00,0.000000e+00,0.000000e+00,0.000000e+00,0.000000e+00,0.000000e+00,0.000000e+00,0.000000e+00,0.000000e+00,0.000000e+00,0.000000e+00,0.000000e+00,0.000000e+00,0.000000e+00
1.000000e+00,0.000000e+00,0.000000e+00,0.000000e+00,0.000000e+00,0.000000e+00,0.000000e+00,0.000000e+00,0.000000e+00,0.000000e+00,0.000000e+00,0.000000e+00,0.000000e+00,0.000000e+00,0.000000e+00
1.000000e+00,0.000000e+00,0.000000e+00,0.000000e+00,0.000000e+00,0.000000e+00,0.000000e+00,0.000000e+00,0.000000e+00,0.000000e+00,0.000000e+00,0.000000e+00,0.000000e+00,0.000000e+00,0.000000e+00
1.000000e+00,0.000000e+00,0.000000e+00,0.000000e+00,0.000000e+00,0.000000e+00,0.000000e+00,0.000000e+00,0.000000e+00,0.000000e+00,0.000000e+00,0.000000e+00,0.000000e+00,0.000000e+00,0.000000e+00
1.000000e+00,0.000000e+00,0.000000e+00,0.000000e+00,0.000000e+00,0.000000e+00,0.000000e+00,0.000000e+00,0.000000e+00,0.000000e+00,0.000000e+00,0.000000e+00,0.000000e+00,0.000000e+00,0.000000e+00
1.000000e+00,0.000000e+00,0.000000e+00,0.000000e+00,0.000000e+00,0.000000e+00,0.000000e+00,0.000000e+00,0.000000e+00,0.000000e+00,0.000000e+00,0.000000e+00,0.000000e+00,0.000000e+00,0.000000e+00
1.000000e+00,0.000000e+00,0.000000e+00,0.000000e+00,0.000000e+00,0.000000e+00,0.000000e+00,0.000000e+00,0.000000e+00,0.000000e+00,0.000000e+00,0.000000e+00,0.000000e+00,0.000000e+00,0.000000e+00
1.000000e+00,0.000000e+00,0.000000e+00,0.000000e+00,0.000000e+00,0.000000e+00,0.000000e+00,0.000000e+00,0.000000e+00,0.000000e+00,0.000000e+00,0.000000e+00,0.000000e+00,0.000000e+00,0.000000e+00
1.000000e+00,0.000000e+00,0.000000e+00,0.000000e+00,0.000000e+00,0.000000e+00,0.000000e+00,0.000000e+00,0.000000e+00,0.000000e+00,0.000000e+00,0.000000e+00,0.000000e+00,0.000000e+00,0.000000e+00
1.000000e+00,0.000000e+00,0.000000e+00,0.000000e+00,0.000000e+00,0.000000e+00,0.000000e+00,0.000000e+00,0.000000e+00,0.000000e+00,0.000000e+00,0.000000e+00,0.000000e+00,0.000000e+00,0.000000e+00
1.000000e+00,0.000000e+00,0.000000e+00,0.000000e+00,0.000000e+00,0.000000e+00,0.000000e+00,0.000000e+00,0.000000e+00,0.000000e+00,0.000000e+00,0.000000e+00,0.000000e+00,0.000000e+00,0.000000e+00
1.000000e+00,0.000000e+00,0.000000e+00,0.000000e+00,0.000000e+00,0.000000e+00,0.000000e+00,0.000000e+00,0.000000e+00,0.000000e+00,0.000000e+00,0.000000e+00,0.000000e+00,0.000000e+00,0.000000e+00
1.000000e+00,0.000000e+00,0.000000e+00,0.000000e+00,0.000000e+00,0.000000e+00,0.000000e+00,0.000000e+00,0.000000e+00,0.000000e+00,0.000000e+00,0.000000e+00,0.000000e+00,0.000000e+00,0.000000e+00
1.000000e+00,0.000000e+00,0.000000e+00,0.000000e+00,0.000000e+00,0.000000e+00,0.000000e+00,0.000000e+00,0.000000e+00,0.000000e+00,0.000000e+00,0.000000e+00,0.000000e+00,0.000000e+00,0.000000e+00
1.000000e+00,0.000000e+00,0.000000e+00,0.000000e+00,0.000000e+00,0.000000e+00,0.000000e+00,0.000000e+00,0.000000e+00,0.000000e+00,0.000000e+00,0.000000e+00,0.000000e+00,0.000000e+00,0.000000e+00
1.000000e+00,0.000000e+00,0.000000e+00,0.000000e+00,0.000000e+00,0.000000e+00,0.000000e+00,0.000000e+00,0.000000e+00,0.000000e+00,0.000000e+00,0.000000e+00,0.000000e+00,0.000000e+00,0.000000e+00
1.000000e+00,0.000000e+00,0.000000e+00,0.000000e+00,0.000000e+00,0.000000e+00,0.000000e+00,0.000000e+00,0.000000e+00,0.000000e+00,0.000000e+00,0.000000e+00,0.000000e+00,0.000000e+00,0.000000e+00
1.000000e+00,0.000000e+00,0.000000e+00,0.000000e+00,0.000000e+00,0.000000e+00,0.000000e+00,0.000000e+00,0.000000e+00,0.000000e+00,0.000000e+00,0.000000e+00,0.000000e+00,0.000000e+00,0.000000e+00
1.000000e+00,0.000000e+00,0.000000e+00,0.000000e+00,0.000000e+00,0.000000e+00,0.000000e+00,0.000000e+00,0.000000e+00,0.000000e+00,0.000000e+00,0.000000e+00,0.000000e+00,0.000000e+00,0.000000e+00
1.000000e+00,0.000000e+00,0.000000e+00,0.000000e+00,0.000000e+00,0.000000e+00,0.000000e+00,0.000000e+00,0.000000e+00,0.000000e+00,0.000000e+00,0.000000e+00,0.000000e+00,0.000000e+00,0.000000e+00
1.000000e+00,0.000000e+00,0.000000e+00,0.000000e+00,0.000000e+00,0.000000e+00,0.000000e+00,0.000000e+00,0.000000e+00,0.000000e+00,0.000000e+00,0.000000e+00,0.000000e+00,0.000000e+00,0.000000e+00
1.000000e+00,0.000000e+00,0.000000e+00,0.000000e+00,0.000000e+00,0.000000e+00,0.000000e+00,0.000000e+00,0.000000e+00,0.000000e+00,0.000000e+00,0.000000e+00,0.000000e+00,0.000000e+00,0.000000e+00
1.000000e+00,0.000000e+00,0.000000e+00,0.000000e+00,0.000000e+00,0.000000e+00,0.000000e+00,0.000000e+00,0.000000e+00,0.000000e+00,0.000000e+00,0.000000e+00,0.000000e+00,0.000000e+00,0.000000e+00
1.000000e+00,0.000000e+00,0.000000e+00,0.000000e+00,0.000000e+00,0.000000e+00,0.000000e+00,0.000000e+00,0.000000e+00,0.000000e+00,0.000000e+00,0.000000e+00,0.000000e+00,0.000000e+00,0.000000e+00
1.000000e+00,0.000000e+00,0.000000e+00,0.000000e+00,0.000000e+00,0.000000e+00,0.000000e+00,0.000000e+00,0.000000e+00,0.000000e+00,0.000000e+00,0.000000e+00,0.000000e+00,0.000000e+00,0.000000e+00
1.000000e+00,0.000000e+00,0.000000e+00,0.000000e+00,0.000000e+00,0.000000e+00,0.000000e+00,0.000000e+00,0.000000e+00,0.000000e+00,0.000000e+00,0.000000e+00,0.000000e+00,0.000000e+00,0.000000e+00
1.000000e+00,0.000000e+00,0.000000e+00,0.000000e+00,0.000000e+00,0.000000e+00,0.000000e+00,0.000000e+00,0.000000e+00,0.000000e+00,0.000000e+00,0.000000e+00,0.000000e+00,0.000000e+00,0.000000e+00
1.000000e+00,0.000000e+00,0.000000e+00,0.000000e+00,0.000000e+00,0.000000e+00,0.000000e+00,0.000000e+00,0.000000e+00,0.000000e+00,0.000000e+00,0.000000e+00,0.000000e+00,0.000000e+00,0.000000e+00
1.000000e+00,0.000000e+00,0.000000e+00,0.000000e+00,0.000000e+00,0.000000e+00,0.000000e+00,0.000000e+00,0.000000e+00,0.000000e+00,0.000000e+00,0.000000e+00,0.000000e+00,0.000000e+00,0.000000e+00
1.000000e+00,0.000000e+00,0.000000e+00,0.000000e+00,0.000000e+00,0.000000e+00,0.000000e+00,0.000000e+00,0.000000e+00,0.000000e+00,0.000000e+00,0.000000e+00,0.000000e+00,0.000000e+00,0.000000e+00
4.058139e-01,3.286125e-02,9.402609e-03,8.872828e-02,5.023980e-03,6.268912e-02,3.326786e-03,4.765586e-03,1.051954e-02,2.960384e-03,1.148229e-02,1.282078e-02,3.253674e-01,1.284512e-03,2.295352e-02
2.866224e-01,2.349109e-02,6.936017e-03,6.491896e-02,4.499817e-03,4.884449e-02,2.419902e-03,3.478671e-03,8.037505e-03,2.151947e-03,8.332526e-03,1.616430e-02,5.016136e-01,9.432960e-04,2.154540e-02
2.031933e-01,1.669093e-02,4.991041e-03,4.604869e-02,3.982333e-03,3.658935e-02,1.838154e-03,2.571910e-03,6.151326e-03,1.549251e-03,6.001722e-03,2.832108e-02,6.230609e-01,6.735334e-04,1.833645e-02
1.430631e-01,1.197003e-02,3.734553e-03,3.233641e-02,3.485087e-03,2.742713e-02,1.527973e-03,1.902024e-03,4.675292e-03,1.132565e-03,4.380957e-03,2.921613e-02,7.206130e-01,5.004780e-04,1.403522e-02
1.021323e-01,8.696704e-03,3.056199e-03,2.327236e-02,3.194456e-03,2.178765e-02,1.368690e-03,1.871894e-03,5.474247e-03,9.171856e-04,3.734820e-03,2.899763e-02,7.767632e-01,6.886644e-04,1.804407e-02
7.370667e-02,6.413375e-03,5.829383e-03,1.705238e-02,5.016367e-03,2.276720e-02,3.051569e-03,5.334991e-03,5.308584e-03,8.964454e-04,4.938749e-03,3.230461e-02,7.788959e-01,9.089258e-04,3.757491e-02
5.389845e-02,4.607292e-03,8.297266e-03,1.305945e-02,8.993757e-03,4.679404e-02,7.872557e-03,3.646354e-02,5.597620e-03,8.107385e-04,6.235548e-03,2.896865e-02,7.007234e-01,1.599527e-03,7.607816e-02
4.120338e-02,3.305730e-03,8.211296e-03,1.110582e-02,5.775609e-02,3.666245e-02,1.224974e-02,4.519928e-02,5.554089e-03,6.934400e-04,6.133270e-03,2.887849e-02,6.664462e-01,1.427015e-03,7.517365e-02
3.348233e-02,3.271810e-03,1.201070e-02,8.501433e-03,6.884105e-02,3.462847e-02,1.089893e-02,3.843122e-02,8.417834e-03,6.517188e-04,5.438891e-03,2.678625e-02,6.850095e-01,1.165001e-03,6.246483e-02
2.993832e-02,6.528214e-03,1.466909e-02,6.585991e-03,5.757675e-02,5.040283e-02,8.390578e-03,3.054764e-02,1.504679e-02,1.088516e-03,6.517950e-03,2.458783e-02,6.851220e-01,1.146249e-03,6.185127e-02
2.731262e-02,8.170527e-03,1.285956e-02,5.135312e-03,4.809777e-02,4.127521e-02,7.594282e-03,2.440453e-02,1.846843e-02,1.283858e-03,8.353024e-03,2.103012e-02,6.938150e-01,9.626533e-04,8.123709e-02
2.680292e-02,6.721233e-03,1.058059e-02,3.888422e-03,5.292719e-02,3.268342e-02,8.448849e-03,2.201339e-02,2.137353e-02,1.187965e-03,7.287641e-03,1.974781e-02,7.170761e-01,7.902312e-04,6.847074e-02
2.329644e-02,5.504908e-03,8.317525e-03,3.389176e-03,5.354572e-02,2.499793e-02,8.428033e-03,1.688176e-02,1.781457e-02,9.481219e-04,5.571854e-03,2.093261e-02,7.567247e-01,6.411488e-04,5.300558e-02
2.574515e-02,6.557986e-03,6.966980e-03,2.953273e-03,5.004049e-02,2.638928e-02,6.602514e-03,1.556279e-02,1.684987e-02,1.087620e-03,5.964728e-03,3.445759e-02,7.593142e-01,1.369114e-03,4.013844e-02
2.350545e-02,6.655843e-03,5.475083e-03,2.355571e-03,4.210542e-02,2.005485e-02,4.940266e-03,1.351883e-02,1.425964e-02,1.015997e-03,4.868524e-03,4.262049e-02,7.878890e-01,1.228793e-03,2.950620e-02
2.620447e-02,8.009632e-03,8.779703e-03,2.635747e-03,5.954934e-02,1.998884e-02,5.096323e-03,1.599945e-02,1.615320e-02,1.076152e-03,5.286748e-03,4.540807e-02,7.611407e-01,2.432314e-03,2.223929e-02
2.952091e-02,7.293100e-03,1.390280e-02,5.311425e-03,6.846139e-02,2.816921e-02,5.947845e-03,2.006370e-02,1.526910e-02,9.628073e-04,4.514045e-03,4.132277e-02,7.401571e-01,2.556510e-03,1.654720e-02
3.710748e-02,7.547494e-03,1.214598e-02,5.099622e-03,6.664450e-02,2.723149e-02,7.006559e-03,1.573662e-02,1.230373e-02,8.571763e-04,3.634809e-03,3.134667e-02,7.583283e-01,2.378567e-03,1.263093e-02
4.907302e-02,6.749311e-03,9.032209e-03,4.317464e-03,5.134424e-02,2.045533e-02,5.207345e-03,1.168696e-02,1.304070e-02,7.143126e-04,3.194903e-03,2.554322e-02,7.884065e-01,1.918833e-03,9.315618e-03
9.145786e-02,7.743942e-03,4.662258e-02,2.647338e-02,5.188709e-02,1.810051e-02,4.510287e-03,1.034528e-02,1.110685e-02,8.435652e-04,2.974989e-03,2.118185e-02,6.977159e-01,1.504585e-03,7.531289e-03
1.244442e-01,6.182362e-03,3.671509e-02,3.459341e-02,4.222846e-02,1.516382e-02,4.547555e-03,1.619156e-02,1.235813e-02,7.016956e-04,3.169827e-03,2.383540e-02,6.725819e-01,1.294197e-03,5.992373e-03
1.469500e-01,5.067201e-03,2.784720e-02,3.652212e-02,3.345037e-02,1.362783e-02,3.781002e-03,6.020215e-02,1.193417e-02,5.646533e-04,2.780864e-03,1.875610e-02,6.327401e-01,1.190357e-03,4.585894e-03
1.653042e-01,3.713931e-03,2.086800e-02,3.771676e-02,2.773698e-02,1.037874e-02,3.370923e-03,2.185394e-01,8.934515e-03,4.286631e-04,2.377158e-03,1.375150e-02,4.825421e-01,9.584991e-04,3.378718e-03
1.492539e-01,2.691722e-03,1.481545e-02,2.725341e-02,2.152133e-02,7.600391e-03,2.515578e-03,4.129549e-01,6.575009e-03,3.040297e-04,1.750424e-03,9.728310e-03,3.399646e-01,6.798422e-04,2.391045e-03
1.192825e-01,1.933264e-03,1.064708e-02,1.921063e-02,1.622359e-02,5.564859e-03,1.951367e-03,5.719867e-01,4.688592e-03,2.162288e-04,1.261152e-03,6.832245e-03,2.380186e-01,4.853994e-04,1.697729e-03
1.003151e-01,1.398008e-03,7.562113e-03,1.357010e-02,1.283541e-02,4.395860e-03,1.600148e-03,6.808493e-01,3.315437e-03,1.531833e-04,9.337778e-04,4.831653e-03,1.666646e-01,3.564268e-04,1.218909e-03
7.728101e-02,1.024916e-03,5.348984e-03,9.538017e-03,1.120031e-02,3.264150e-03,1.301407e-03,7.665983e-01,2.396470e-03,1.081201e-04,6.909021e-04,3.408267e-03,1.167063e-01,2.629402e-04,8.698902e-04
6.398235e-02,7.726301e-04,3.826219e-03,6.738915e-03,9.277197e-03,2.819853e-03,1.239640e-03,8.239397e-01,1.738999e-03,7.717733e-05,5.175907e-04,2.445956e-03,8.176633e-02,2.114751e-04,6.459315e-04
5.604817e-02,6.107445e-04,2.824357e-03,4.813028e-03,8.218211e-03,2.978385e-03,1.403633e-03,8.615342e-01,1.274258e-03,5.719007e-05,4.050939e-04,1.794933e-03,5.735871e-02,1.781012e-04,5.009869e-04
7.133343e-02,5.775798e-04,2.479356e-03,3.694563e-03,7.837920e-03,3.305177e-03,2.431112e-03,8.639762e-01,1.192144e-03,6.831717e-05,3.968696e-04,1.565714e-03,4.042123e-02,2.028284e-04,5.175520e-04
7.092155e-02,6.328539e-04,2.816353e-03,2.955640e-03,8.357430e-03,2.770299e-03,3.753561e-03,8.754740e-01,1.447412e-03,7.654681e-05,3.465130e-04,1.290557e-03,2.850115e-02,1.897247e-04,4.664875e-04
7.348348e-02,5.817396e-04,3.125183e-03,2.527144e-03,7.401502e-03,2.896387e-03,4.028789e-03,8.823873e-01,1.191904e-03,8.819063e-05,3.220046e-04,1.183467e-03,2.014803e-02,1.849321e-04,4.499695e-04
8.169840e-02,5.038581e-04,2.682946e-03,2.232818e-03,6.818515e-03,2.749746e-03,3.775165e-03,8.822058e-01,9.875783e-04,1.027403e-04,3.010879e-04,1.066924e-03,1.428971e-02,1.713519e-04,4.133917e-04
7.343275e-02,4.053011e-04,2.413338e-03,2.096240e-03,6.823183e-03,2.208391e-03,3.544459e-03,8.962547e-01,7.984233e-04,1.135880e-04,2.816754e-04,9.629093e-04,1.016580e-02,1.399329e-04,3.593469e-04
1.156206e-01,4.307828e-04,2.297905e-03,1.837649e-03,6.402348e-03,4.212251e-03,4.360310e-03,8.522739e-01,7.543284e-04,2.639486e-04,4.766679e-04,2.014438e-03,8.013904e-03,2.386797e-04,8.022507e-04
1.133812e-01,4.159491e-04,2.005566e-03,1.614514e-03,5.839821e-03,6.267787e-03,4.638377e-03,8.552167e-01,7.313233e-04,2.938611e-04,5.075167e-04,1.986528e-03,6.075929e-03,2.149240e-04,8.100298e-04
1.856328e-01,2.450629e-03,2.610260e-03,5.381391e-03,5.996681e-03,2.847739e-02,4.229757e-03,7.108870e-01,9.032889e-03,1.471967e-03,4.053901e-03,1.162163e-02,2.275132e-02,1.014014e-03,4.388419e-03
2.312273e-01,4.716123e-03,2.702074e-03,8.561825e-03,6.512312e-03,6.333729e-02,4.316522e-03,5.749420e-01,1.613405e-02,1.945549e-03,7.125072e-03,1.443386e-02,5.445772e-02,1.270504e-03,8.317801e-03
2.643817e-01,5.303587e-03,3.088372e-03,8.267724e-03,7.405353e-03,6.353024e-02,4.168342e-03,5.095456e-01,1.588406e-02,1.853182e-03,7.315806e-03,1.510508e-02,8.428477e-02,1.061052e-03,8.805155e-03
2.900803e-01,5.945434e-03,4.275475e-03,7.604295e-03,6.246577e-03,6.309576e-02,4.554088e-03,3.954172e-01,1.617043e-02,1.972754e-03,6.502559e-03,1.177115e-02,1.713493e-01,9.354561e-04,1.407934e-02
2.602819e-01,6.361155e-03,4.312845e-03,6.142397e-03,5.582211e-03,4.926272e-02,4.869313e-03,3.045257e-01,1.590015e-02,1.941929e-03,5.977510e-03,9.418780e-03,3.056337e-01,8.452490e-04,1.894465e-02
1.920715e-01,5.959714e-03,3.084900e-03,4.645466e-03,4.051795e-03,3.518313e-02,3.659070e-03,2.139048e-01,1.355626e-02,1.559192e-03,4.571817e-03,7.085409e-03,4.935093e-01,6.386992e-04,1.651906e-02
1.453684e-01,5.772117e-03,2.212664e-03,3.550450e-03,2.965672e-03,2.536518e-02,2.757597e-03,1.500116e-01,1.128458e-02,1.201659e-03,3.382328e-03,5.457717e-03,6.246686e-01,4.657916e-04,1.553578e-02
1.085202e-01,4.389960e-03,1.600586e-03,2.623780e-03,2.153172e-03,1.819173e-02,2.140386e-03,1.051575e-01,8.445614e-03,9.154029e-04,2.644599e-03,4.228949e-03,7.249161e-01,3.427959e-04,1.372922e-02
7.763705e-02,3.345908e-03,1.175723e-03,1.875224e-03,1.572733e-03,1.288340e-02,1.589528e-03,7.364926e-02,6.284737e-03,6.866954e-04,2.199019e-03,3.328377e-03,8.029137e-01,2.528300e-04,1.060582e-02
5.552719e-02,2.435779e-03,8.794821e-04,1.329137e-03,1.218375e-03,9.109532e-03,1.172505e-03,5.156803e-02,4.619204e-03,5.099776e-04,1.919964e-03,2.808873e-03,8.587073e-01,1.898713e-04,8.004798e-03
3.940817e-02,1.769319e-03,1.235049e-03,9.640265e-04,2.102176e-03,7.299490e-03,1.283154e-03,3.612904e-02,3.459531e-03,4.042975e-04,1.711443e-03,2.384898e-03,8.954086e-01,2.288615e-04,6.211865e-03
2.850956e-02,1.313397e-03,1.104581e-03,7.202021e-04,2.169098e-03,6.529827e-03,1.218490e-03,2.532374e-02,2.617947e-03,3.203104e-04,1.547548e-03,2.556900e-03,9.209025e-01,2.942049e-04,4.871706e-03
2.031702e-02,9.328182e-04,7.883619e-04,5.640350e-04,1.940156e-03,7.315638e-03,9.567264e-04,1.774212e-02,2.023125e-03,3.214113e-04,3.901195e-03,1.184666e-02,9.273677e-01,3.050918e-04,3.677944e-03
1.530118e-02,6.722925e-04,5.628507e-04,4.427693e-04,1.714017e-03,6.964052e-03,7.350115e-04,1.244199e-02,2.318831e-03,5.471793e-04,2.171799e-02,6.898874e-02,8.645371e-01,2.849794e-04,2.770959e-03
1.415986e-02,5.079544e-04,4.972379e-04,4.944863e-04,5.218918e-03,5.958106e-03,6.905601e-04,8.901697e-03,5.174622e-03,3.812260e-03,7.857814e-02,1.004937e-01,7.729096e-01,3.367662e-04,2.266070e-03
1.124957e-02,4.074781e-04,4.890471e-04,5.607472e-04,6.730424e-03,6.558667e-03,6.833349e-04,6.954371e-03,8.895611e-03,1.107116e-02,7.507585e-02,1.028507e-01,7.661387e-01,5.194430e-04,1.814861e-03
9.734127e-03,4.890223e-04,7.614651e-04,6.066173e-04,8.016936e-03,5.844113e-03,6.241729e-04,6.580795e-03,1.410635e-02,1.498928e-02,8.346839e-02,9.859481e-02,7.539924e-01,5.382110e-04,1.653341e-03
1.033393e-02,1.028692e-03,3.514610e-03,1.181919e-03,2.653692e-02,7.816142e-03,1.992480e-03,1.266278e-02,4.563123e-02,1.965672e-02,7.559121e-02,1.068805e-01,6.846229e-01,5.968760e-04,1.953112e-03
1.149294e-02,2.680845e-03,4.741719e-03,3.194136e-03,5.126477e-02,2.276163e-02,3.297130e-03,3.207960e-02,1.886170e-01,1.825758e-02,6.232888e-02,8.321421e-02,5.118365e-01,4.951548e-04,3.737939e-03
1.476082e-02,2.322878e-03,5.560241e-03,2.795287e-03,4.538267e-02,1.742606e-02,3.835479e-03,2.227680e-01,1.583737e-01,1.582082e-02,5.935234e-02,6.350002e-02,3.841251e-01,5.155402e-04,3.461052e-03
2.446459e-02,1.829381e-03,5.779796e-03,2.252412e-03,3.651858e-02,1.280133e-02,6.779601e-03,4.249273e-01,1.132307e-01,1.137536e-02,4.192439e-02,4.468318e-02,2.705797e-01,3.829289e-04,2.470785e-03
4.118740e-02,1.664692e-03,5.320327e-03,2.137040e-03,3.301327e-02,1.130931e-02,1.091247e-02,5.494900e-01,8.137355e-02,8.148295e-03,2.959270e-02,3.161666e-02,1.921367e-01,2.994280e-04,1.798302e-03
7.408193e-02,1.745610e-03,4.947287e-03,2.242409e-03,2.777247e-02,1.897675e-02,1.428354e-02,6.061883e-01,5.844165e-02,5.785766e-03,2.107222e-02,2.258794e-02,1.397732e-01,4.304137e-04,1.670605e-03
6.466927e-02,1.533312e-03,4.559062e-03,2.115497e-03,2.289554e-02,1.700794e-02,1.577864e-02,6.929423e-01,4.141026e-02,4.110468e-03,1.496977e-02,1.605051e-02,1.002168e-01,3.564585e-04,1.384260e-03
7.203089e-02,1.333687e-03,4.095269e-03,2.023836e-03,2.012162e-02,1.406085e-02,1.443798e-02,7.391765e-01,2.963503e-02,3.005107e-03,1.067055e-02,1.166007e-02,7.603586e-02,3.296583e-04,1.383159e-03
6.433065e-02,1.259907e-03,3.699236e-03,2.472384e-03,1.882554e-02,1.145782e-02,1.306842e-02,7.852415e-01,2.252169e-02,2.218113e-03,7.702371e-03,8.869518e-03,5.668069e-02,2.775917e-04,1.374627e-03
6.241908e-02,1.186742e-03,4.078600e-03,2.710550e-03,1.786236e-02,9.654522e-03,1.155265e-02,8.152052e-01,1.678611e-02,1.601322e-03,5.725879e-03,6.772409e-03,4.288891e-02,2.523185e-04,1.303461e-03
1.035215e-01,1.903250e-03,4.402248e-03,4.511296e-03,1.616017e-02,1.141699e-02,1.008117e-02,7.872614e-01,1.324116e-02,1.216480e-03,4.595321e-03,8.058156e-03,3.165372e-02,4.000298e-04,1.577231e-03
9.820741e-02,1.610484e-03,4.361934e-03,3.623432e-03,1.331234e-02,8.943953e-03,8.072797e-03,8.173214e-01,9.712046e-03,8.939840e-04,3.555869e-03,6.183046e-03,2.251382e-02,3.716489e-04,1.315940e-03
1.140874e-01,1.599504e-03,4.396415e-03,3.026517e-03,1.076066e-02,8.473228e-03,7.361791e-03,8.150560e-01,7.284955e-03,7.021229e-04,2.941879e-03,5.912280e-03,1.641342e-02,4.829864e-04,1.500890e-03
1.324377e-01,1.629280e-03,5.351743e-03,3.184836e-03,1.146083e-02,9.175923e-03,7.292196e-03,7.995971e-01,5.602731e-03,6.051402e-04,2.625243e-03,5.869125e-03,1.255217e-02,6.455164e-04,1.970508e-03
1.692480e-01,1.786467e-03,5.117553e-03,3.829585e-03,1.208017e-02,8.526131e-03,6.407920e-03,7.609125e-01,4.440747e-03,6.426676e-04,3.668508e-03,8.195877e-03,1.084376e-02,1.010010e-03,3.290125e-03
1.216079e-01,1.371994e-03,3.720788e-03,3.607350e-03,8.625640e-03,7.084566e-03,4.806786e-03,5.871586e-01,3.454067e-03,1.200767e-02,4.440032e-02,4.703448e-02,3.770813e-02,1.108326e-01,6.579255e-03
8.560409e-02,1.050224e-03,2.633256e-03,3.067195e-03,6.136928e-03,5.299619e-03,3.513155e-03,4.155900e-01,3.071902e-03,2.484566e-02,6.247117e-02,1.212101e-01,8.496386e-02,1.743723e-01,6.170551e-03
6.013010e-02,8.565863e-04,1.859482e-03,2.375461e-03,4.482692e-03,3.890393e-03,2.627520e-03,2.945722e-01,3.072060e-03,2.191851e-02,5.727937e-02,1.118472e-01,1.900168e-01,2.389287e-01,6.142999e-03
4.225143e-02,7.343324e-04,1.349089e-03,1.922194e-03,3.344815e-03,2.799650e-03,1.899978e-03,2.070608e-01,8.849049e-03,2.442559e-02,7.594913e-02,1.472369e-01,1.645264e-01,3.116044e-01,6.046223e-03
2.972490e-02,1.209787e-03,1.106181e-03,2.001827e-03,2.741216e-03,2.014901e-03,1.374845e-03,1.458249e-01,3.346512e-02,2.414837e-02,7.352509e-02,1.534559e-01,2.119241e-01,3.100755e-01,7.407322e-03
2.089045e-02,1.036474e-03,8.215630e-04,1.638985e-03,2.112296e-03,1.446345e-03,9.786658e-04,1.021758e-01,3.116355e-02,4.492278e-02,6.415323e-02,1.176849e-01,1.546162e-01,4.463206e-01,1.003806e-02
1.465394e-02,9.414334e-04,6.182244e-04,1.178491e-03,1.671566e-03,1.044147e-03,6.933169e-04,7.164696e-02,6.487308e-02,3.323053e-02,4.608714e-02,8.681785e-02,1.107230e-01,5.564235e-01,9.396740e-03
1.029815e-02,9.524417e-04,5.524935e-04,8.381663e-04,1.647384e-03,9.072963e-04,4.986856e-04,5.026187e-02,1.871755e-01,2.390135e-02,3.334152e-02,6.341536e-02,7.927259e-02,5.368952e-01,1.004200e-02
7.281323e-03,1.110451e-03,5.074159e-04,5.945560e-04,1.249423e-03,1.142430e-03,3.524026e-04,3.521959e-02,2.549124e-01,1.695272e-02,2.379144e-02,4.506261e-02,5.613833e-02,5.472870e-01,8.397914e-03
5.176954e-03,1.182875e-03,5.383235e-04,4.315664e-04,9.284759e-04,1.985404e-03,2.490580e-04,2.467629e-02,3.121296e-01,1.214515e-02,1.707346e-02,3.180316e-02,3.983353e-02,5.452698e-01,6.576292e-03
3.872501e-03,3.427642e-03,5.417914e-03,3.452989e-04,7.464999e-04,2.933091e-03,1.815559e-04,1.730797e-02,3.006615e-01,9.544999e-03,1.339700e-02,2.248946e-02,2.879220e-02,5.792990e-01,1.158332e-02
3.016578e-03,3.850481e-03,9.444261e-03,2.790481e-04,8.172747e-04,2.325104e-03,1.320726e-04,1.236286e-02,3.623529e-01,6.928910e-03,1.024780e-02,1.589046e-02,2.044686e-02,5.413956e-01,1.050974e-02
2.831290e-03,1.325161e-02,1.678037e-02,2.888942e-04,2.084655e-03,1.995660e-03,9.547323e-05,8.768761e-03,4.228163e-01,5.235923e-03,8.439194e-03,1.117947e-02,1.454409e-02,4.813799e-01,1.030846e-02
4.462132e-03,1.029591e-02,1.509293e-02,3.318519e-04,2.179598e-03,5.921689e-03,7.180560e-05,6.301129e-03,3.912172e-01,4.604491e-03,6.537738e-03,7.863990e-03,1.032854e-02,5.259808e-01,8.810130e-03
7.583560e-03,1.004038e-02,1.674416e-02,4.706533e-04,3.148083e-03,9.840399e-03,6.223054e-05,5.122091e-03,3.472654e-01,4.812791e-03,5.103036e-03,5.574516e-03,7.452223e-03,5.677081e-01,9.072336e-03
1.441306e-02,1.063859e-02,6.901988e-02,2.134872e-03,1.383337e-02,9.226705e-03,5.539843e-04,1.163332e-02,3.116795e-01,7.194825e-03,4.438808e-03,3.960656e-03,5.511114e-03,5.264406e-01,9.320751e-03
3.906377e-02,1.082220e-02,6.764925e-02,4.375102e-03,2.900351e-02,7.679971e-03,1.061440e-03,5.279553e-02,3.076604e-01,7.890051e-03,4.606792e-03,3.642967e-03,5.112196e-03,4.498782e-01,8.758665e-03
5.122323e-02,1.062048e-02,7.669703e-02,2.576515e-02,3.893672e-02,7.140734e-03,9.223869e-04,5.379023e-02,3.570110e-01,9.628914e-03,8.521527e-03,4.594317e-03,8.677928e-03,3.302197e-01,1.625066e-02
5.692633e-02,9.803552e-03,1.588233e-01,5.837536e-02,4.805240e-02,5.725899e-03,1.017164e-03,5.766663e-02,3.075811e-01,7.845835e-03,1.201165e-02,4.670425e-03,8.656342e-03,2.493685e-01,1.347556e-02
6.727913e-02,1.071910e-02,1.767457e-01,6.573170e-02,7.299007e-02,4.759483e-03,1.072317e-03,6.302878e-02,3.068238e-01,6.960777e-03,1.089901e-02,3.956660e-03,6.776066e-03,1.906457e-01,1.161164e-02
8.360042e-02,1.131616e-02,1.359672e-01,5.605920e-02,1.466087e-01,4.807505e-03,1.535890e-03,5.848941e-02,3.162815e-01,6.789874e-03,8.700706e-03,3.126869e-03,4.996249e-03,1.499921e-01,1.172813e-02
1.324606e-01,1.564019e-02,1.048709e-01,4.514723e-02,1.660869e-01,4.910297e-03,1.496740e-03,4.397045e-02,3.371755e-01,1.067078e-02,7.813135e-03,2.539421e-03,3.840082e-03,1.137916e-01,9.586200e-03
1.358236e-01,1.580320e-02,7.729407e-02,6.287561e-02,2.424006e-01,7.208155e-03,4.089504e-03,5.295785e-02,2.866583e-01,1.061733e-02,7.044911e-03,3.151630e-03,3.642338e-03,8.289313e-02,7.539763e-03
1.203750e-01,1.357574e-02,5.698775e-02,6.788968e-02,2.426724e-01,1.025447e-02,3.650382e-03,1.833682e-01,2.151698e-01,8.310310e-03,5.826053e-03,4.198064e-03,3.114425e-03,5.891403e-02,5.693640e-03
1.575631e-01,1.659345e-02,4.701178e-02,5.928558e-02,2.438048e-01,1.943237e-02,4.210697e-03,2.063290e-01,1.746819e-01,8.746678e-03,5.438974e-03,5.254970e-03,2.994307e-03,4.342187e-02,5.230574e-03
3.049978e-01,1.934181e-02,3.516448e-02,6.864408e-02,1.794759e-01,3.042132e-02,3.461998e-03,1.461119e-01,1.260808e-01,7.029698e-03,7.915905e-03,2.823164e-02,3.436427e-03,3.105065e-02,8.635507e-03
4.183668e-01,1.628957e-02,2.889381e-02,6.126201e-02,1.269320e-01,3.053874e-02,2.940113e-03,1.036300e-01,8.978269e-02,6.195212e-03,2.271651e-02,5.176168e-02,5.179488e-03,2.322934e-02,1.228201e-02
4.227999e-01,4.742959e-02,2.648574e-02,5.260052e-02,9.416804e-02,8.773502e-02,2.911936e-03,7.409376e-02,6.579722e-02,5.125168e-03,3.616422e-02,4.908624e-02,4.595648e-03,1.824328e-02,1.276372e-02
3.119123e-01,9.302339e-02,1.995051e-02,3.893063e-02,6.926186e-02,2.176118e-01,2.280363e-03,5.227780e-02,4.743103e-02,4.493815e-03,7.871518e-02,3.566146e-02,3.588016e-03,1.405564e-02,1.080622e-02
2.573252e-01,2.340970e-01,1.657435e-02,2.861036e-02,5.130365e-02,2.104576e-01,1.732063e-03,3.701484e-02,3.559316e-02,4.483704e-03,7.105664e-02,2.867506e-02,2.812160e-03,1.060737e-02,9.656773e-03
2.229140e-01,3.321850e-01,1.746550e-02,2.241095e-02,4.043517e-02,1.743839e-01,1.757663e-03,2.897478e-02,2.754325e-02,4.557320e-03,8.253362e-02,2.636229e-02,2.278033e-03,8.261953e-03,7.936586e-03
2.532015e-01,3.021373e-01,2.027593e-02,1.900177e-02,3.754329e-02,1.421268e-01,3.028583e-03,2.981132e-02,2.268274e-02,3.861778e-03,7.772295e-02,7.112952e-02,2.350439e-03,6.929995e-03,8.196082e-03
2.271746e-01,2.887133e-01,2.009527e-02,1.481648e-02,3.633729e-02,1.192486e-01,3.699547e-03,2.577760e-02,1.778870e-02,3.400291e-03,9.709598e-02,1.299711e-01,2.205234e-03,6.153614e-03,7.522362e-03
2.347115e-01,2.780735e-01,1.750404e-02,1.237401e-02,3.500918e-02,1.062556e-01,4.117902e-03,2.508589e-02,1.427322e-02,4.072730e-03,1.159668e-01,1.356970e-01,2.475027e-03,7.598046e-03,6.785640e-03
2.023167e-01,2.443641e-01,1.416314e-02,1.007271e-02,3.454967e-02,8.921500e-02,3.801119e-03,1.998780e-02,1.189778e-02,4.058049e-03,1.938819e-01,1.509123e-01,2.172033e-03,1.262500e-02,5.982653e-03
1.510646e-01,1.814960e-01,1.095133e-02,7.493813e-03,2.819731e-02,7.278221e-02,2.909011e-03,1.487881e-02,9.744154e-03,3.381755e-03,3.377434e-01,1.497064e-01,1.612729e-03,2.330087e-02,4.737580e-03
1.093736e-01,1.282038e-01,8.665110e-03,5.631940e-03,2.019593e-02,5.411822e-02,2.130083e-03,1.111337e-02,7.589509e-03,2.582078e-03,4.662829e-01,1.412692e-01,1.170554e-03,3.794328e-02,3.730357e-03
7.688327e-02,9.025814e-02,6.502791e-03,4.092184e-03,1.453301e-02,3.831899e-02,1.528451e-03,8.062665e-03,5.727059e-03,1.856823e-03,5.656680e-01,1.458191e-01,8.319468e-04,3.723888e-02,2.678599e-03
5.413209e-02,6.406319e-02,5.040957e-03,3.117591e-03,1.111020e-02,2.728247e-02,1.125423e-03,6.001383e-03,4.504619e-03,1.433212e-03,6.584054e-01,1.267114e-01,5.991679e-04,3.450161e-02,1.971203e-03
3.811532e-02,4.527109e-02,3.956547e-03,2.560790e-03,8.722631e-03,1.965536e-02,8.355901e-04,4.729715e-03,3.858109e-03,1.128056e-03,6.739340e-01,1.519639e-01,4.497301e-04,4.340931e-02,1.409900e-03
2.692315e-02,3.179936e-02,3.223552e-03,1.944043e-03,6.422992e-03,1.410585e-02,6.115683e-04,3.458904e-03,3.395518e-03,1.041493e-03,6.974018e-01,1.295633e-01,3.592548e-04,7.874793e-02,1.001364e-03
1.932473e-02,2.286251e-02,3.160241e-03,1.540098e-03,4.897140e-03,1.070130e-02,5.018120e-04,2.655959e-03,2.703130e-03,1.164313e-03,7.404092e-01,1.028565e-01,3.376303e-04,8.613264e-02,7.528220e-04
1.372630e-02,1.637671e-02,3.428460e-03,1.255428e-03,3.682439e-03,8.224153e-03,3.930131e-04,2.123700e-03,2.771114e-03,1.299557e-03,7.403648e-01,9.471602e-02,2.938003e-04,1.107882e-01,5.563679e-04
9.692246e-03,1.170347e-02,2.728864e-03,9.311390e-04,2.714451e-03,5.930609e-03,2.908899e-04,1.548988e-03,6.311180e-03,1.638212e-03,7.001301e-01,7.879104e-02,2.220631e-04,1.769530e-01,4.137849e-04
6.929992e-03,8.418593e-03,2.320690e-03,7.829391e-04,2.015853e-03,4.573782e-03,2.342152e-04,1.245806e-03,1.064126e-02,2.294029e-03,6.683681e-01,6.646518e-02,1.811494e-04,2.251936e-01,3.348690e-04
5.478578e-03,6.171609e-03,1.795981e-03,6.169637e-04,1.614004e-03,3.523432e-03,1.910763e-04,9.470917e-04,2.476461e-02,5.823062e-03,6.729342e-01,5.503594e-02,1.682114e-04,2.202305e-01,7.047994e-04
4.054329e-03,4.367573e-03,1.310964e-03,4.399572e-04,1.188090e-03,2.594023e-03,1.367268e-04,6.786488e-04,2.174754e-02,4.711751e-03,6.697058e-01,3.974176e-02,1.571089e-04,2.485869e-01,5.788604e-04
3.097181e-03,3.119952e-03,9.955768e-04,3.172667e-04,8.927215e-04,1.962229e-03,9.861444e-05,4.936597e-04,1.929102e-02,3.948511e-03,6.693784e-01,2.859292e-02,1.394690e-04,2.671198e-01,5.526203e-04
3.023740e-03,2.376554e-03,9.903956e-04,2.667176e-04,7.156653e-04,1.790738e-03,1.021211e-04,4.992046e-04,2.593360e-02,3.825670e-03,6.529374e-01,2.304506e-02,1.252776e-04,2.835743e-01,7.935632e-04
2.482151e-03,1.769589e-03,8.785030e-04,2.104419e-04,5.735441e-04,1.874482e-03,8.200219e-05,3.892898e-04,2.804818e-02,3.295482e-03,5.959265e-01,1.771627e-02,1.128456e-04,3.458593e-01,7.814016e-04
1.923362e-03,1.376979e-03,7.598755e-04,1.890637e-04,4.322930e-04,1.662686e-03,6.170623e-05,2.818753e-04,5.172588e-02,4.945217e-03,4.848061e-01,1.339715e-02,1.026896e-04,4.365917e-01,1.743493e-03
1.436434e-03,1.136560e-03,6.445547e-04,2.351583e-04,3.586712e-04,1.559040e-03,4.906653e-05,2.115755e-04,2.135911e-01,8.571433e-03,3.654033e-01,9.504331e-03,1.104977e-04,3.931254e-01,4.062977e-03
1.212075e-03,1.004522e-03,3.146630e-03,3.966074e-04,4.316835e-04,1.877935e-03,5.190238e-05,5.491140e-04,3.541034e-01,8.476267e-03,2.739358e-01,6.724000e-03,1.012750e-04,3.437814e-01,4.207328e-03
1.821702e-03,7.636311e-04,2.249572e-03,3.776622e-04,3.594569e-04,1.508208e-03,3.869046e-05,4.332465e-04,3.804837e-01,8.770433e-03,2.316752e-01,4.913077e-03,1.088518e-04,3.614130e-01,5.083546e-03
3.064538e-03,6.234343e-04,1.630539e-03,3.953437e-04,3.271793e-04,1.638717e-03,3.032058e-05,3.607917e-04,4.857256e-01,8.676455e-03,1.783694e-01,3.555906e-03,1.381928e-04,3.084434e-01,7.020099e-03
5.681335e-03,7.539674e-04,2.012766e-03,6.007389e-04,4.126534e-04,2.508242e-03,5.067429e-05,5.217991e-04,6.109753e-01,7.985537e-03,1.309812e-01,2.532555e-03,1.274054e-04,2.289975e-01,5.858322e-03
8.807134e-03,5.860832e-04,2.991293e-03,9.782959e-04,5.349421e-04,3.794204e-03,4.867736e-05,1.164955e-03,7.127737e-01,6.212809e-03,9.343114e-02,1.825201e-03,1.184547e-04,1.621125e-01,4.620685e-03
1.288115e-02,4.779733e-04,1.150348e-02,4.335756e-03,7.903909e-04,4.533059e-03,6.073551e-05,3.633413e-03,7.672548e-01,4.645403e-03,6.973094e-02,1.333607e-03,1.035950e-04,1.152209e-01,3.494734e-03
1.601746e-02,3.797405e-04,1.252990e-01,2.117449e-02,1.012608e-03,4.472304e-03,1.065418e-04,3.345904e-03,6.789691e-01,3.441609e-03,5.901957e-02,9.710239e-04,9.404502e-05,8.307154e-02,2.625109e-03
1.752039e-02,3.405104e-04,2.081249e-01,3.558581e-02,1.035910e-03,4.205688e-03,9.360327e-05,3.516613e-03,6.104382e-01,2.596335e-03,5.152909e-02,7.237631e-04,8.544362e-05,6.215417e-02,2.049472e-03
2.206907e-02,3.002990e-04,3.549855e-01,6.109669e-02,1.079699e-03,4.787449e-03,1.192049e-04,3.334839e-03,4.474873e-01,1.899325e-03,5.158219e-02,5.824576e-04,1.078065e-04,4.880126e-02,1.766831e-03
3.430280e-02,2.965910e-04,4.360981e-01,6.597598e-02,1.192646e-03,5.822789e-03,1.172856e-04,2.615326e-03,3.262728e-01,1.508079e-03,7.676077e-02,5.116411e-04,1.990171e-04,4.618958e-02,2.136606e-03
3.222671e-02,2.540507e-04,5.331349e-01,9.437647e-02,1.113832e-03,4.730505e-03,1.140711e-04,2.318208e-03,2.304960e-01,1.114304e-03,5.657315e-02,3.906389e-04,1.712423e-04,4.115753e-02,1.828363e-03
5.301620e-02,3.171386e-04,5.813398e-01,1.052210e-01,1.040315e-03,4.020447e-03,1.470545e-04,2.015251e-03,1.636083e-01,1.011697e-03,4.206033e-02,3.784434e-04,2.371851e-04,4.311548e-02,2.471390e-03
6.596652e-02,4.856559e-04,6.347106e-01,9.998065e-02,1.134451e-03,3.275318e-03,1.740477e-04,1.870331e-03,1.168327e-01,1.015172e-03,3.194214e-02,3.786385e-04,2.444919e-04,3.899692e-02,2.992429e-03
7.171441e-02,1.519339e-03,6.300960e-01,1.427741e-01,1.901328e-03,2.950421e-03,2.040877e-04,2.225298e-03,8.471417e-02,1.226376e-03,2.484823e-02,4.309778e-04,3.504381e-04,3.128991e-02,3.754866e-03
6.170258e-02,3.167222e-03,6.829871e-01,1.295640e-01,2.879321e-03,2.487501e-03,4.280540e-04,2.944724e-03,6.049906e-02,1.998202e-03,1.851788e-02,5.867008e-04,5.184042e-04,2.396887e-02,7.750472e-03
6.072130e-02,4.399066e-03,7.101907e-01,1.234194e-01,3.843025e-03,2.369155e-03,8.004317e-04,4.002208e-03,4.326745e-02,2.648025e-03,1.425997e-02,6.554751e-04,5.541653e-04,2.000369e-02,8.865999e-03
8.950639e-02,5.097869e-03,6.918054e-01,1.290320e-01,3.885574e-03,2.268323e-03,8.959584e-04,5.120902e-03,3.203295e-02,3.070695e-03,1.054506e-02,9.399225e-04,6.831099e-04,1.512326e-02,9.992622e-03
6.551863e-02,2.812400e-02,5.467995e-01,1.176920e-01,3.036198e-03,1.842261e-03,6.558332e-04,4.401157e-03,1.136767e-01,1.973842e-02,2.259666e-02,1.805499e-03,5.748502e-03,1.146492e-02,5.689974e-02
4.593075e-02,4.626685e-02,4.077822e-01,1.764011e-01,2.364334e-03,1.449393e-03,4.913678e-04,3.519685e-03,1.974764e-01,2.376268e-02,3.040072e-02,2.689645e-03,6.325835e-03,1.389741e-02,4.124167e-02
3.254906e-02,4.104439e-02,2.955747e-01,1.574039e-01,1.969985e-03,1.269333e-03,3.715814e-04,3.216029e-03,1.586097e-01,2.483769e-02,1.519883e-01,7.232973e-03,9.222927e-03,8.135664e-02,3.335280e-02
2.359764e-02,4.203857e-02,2.085435e-01,1.188528e-01,2.348102e-03,1.352235e-03,2.869362e-04,2.630475e-03,1.467392e-01,3.154393e-02,2.446827e-01,1.509482e-02,8.653279e-03,1.284698e-01,2.516602e-02
1.678547e-02,3.008172e-02,1.463429e-01,8.785106e-02,2.729951e-03,1.255610e-03,2.424793e-04,2.087936e-03,1.137202e-01,2.384778e-02,3.812356e-01,2.586433e-02,6.998156e-03,1.429311e-01,1.802566e-02
1.211316e-02,2.121663e-02,1.026822e-01,6.456157e-02,2.779527e-03,1.218319e-03,2.359884e-04,1.706061e-03,8.286444e-02,1.711148e-02,4.372013e-01,5.255448e-02,5.340180e-03,1.856119e-01,1.280276e-02
9.171624e-03,1.493344e-02,7.220018e-02,4.585982e-02,2.925383e-03,1.169480e-03,1.807467e-04,1.379224e-03,5.848802e-02,1.209237e-02,3.923745e-01,7.016686e-02,3.997524e-03,3.060507e-01,9.010124e-03
6.484495e-03,1.053625e-02,5.065850e-02,3.219748e-02,2.258736e-03,1.036280e-03,1.299298e-04,1.007678e-03,4.148500e-02,8.628194e-03,3.729500e-01,6.650338e-02,3.006088e-03,3.967795e-01,6.338431e-03
4.579257e-03,7.498160e-03,3.550791e-02,2.263784e-02,1.947938e-03,8.676715e-04,9.313318e-05,7.451151e-04,3.068108e-02,6.160509e-03,3.956802e-01,6.742467e-02,2.213682e-03,4.194971e-01,4.465652e-03
3.248520e-03,6.019126e-03,2.498594e-02,1.612421e-02,2.847542e-03,1.467102e-03,7.411691e-05,6.414902e-04,2.697309e-02,4.790790e-03,4.313721e-01,5.745922e-02,1.618598e-03,4.191322e-01,3.245950e-03
2.308443e-03,4.401141e-03,1.752188e-02,1.145304e-02,2.955080e-03,1.170111e-03,5.535356e-05,5.112906e-04,2.711933e-02,3.524179e-03,4.504677e-01,4.632280e-02,1.161811e-03,4.287370e-01,2.290857e-03
1.748192e-03,6.449210e-03,1.243953e-02,8.248068e-03,5.261026e-03,4.427974e-03,1.079646e-04,5.521462e-04,2.941147e-02,3.793757e-03,4.668994e-01,3.971002e-02,9.651979e-04,4.182527e-01,1.733322e-03
1.424069e-03,7.597152e-03,8.988019e-03,6.155967e-03,8.274204e-03,8.140489e-03,1.377915e-04,7.301508e-04,4.607281e-02,3.708314e-03,4.742512e-01,3.066720e-02,8.858870e-04,4.015616e-01,1.405080e-03
1.433393e-03,8.042098e-03,6.507415e-03,4.846429e-03,9.766720e-03,3.856697e-02,1.762184e-04,7.217748e-04,7.475157e-02,5.221047e-03,4.503776e-01,2.625213e-02,1.357917e-03,3.702715e-01,1.707274e-03
2.067593e-03,8.921172e-03,5.105502e-03,6.468626e-03,9.606757e-03,4.585398e-02,1.647619e-04,7.339614e-04,1.567831e-01,5.922128e-03,4.000950e-01,2.400922e-02,3.024820e-03,3.286700e-01,2.573397e-03
3.312795e-03,9.447686e-03,5.712545e-03,1.120713e-02,1.038118e-02,5.596241e-02,1.509644e-04,1.542314e-03,1.691726e-01,5.475532e-03,3.631416e-01,1.904286e-02,6.236530e-03,3.360150e-01,3.198832e-03
