1.000000e+00,0.000000e+00,0.000000e+00,0.000000e+00,0.000000e+00,0.000000e+00,0.000000e+00,0.000000e+00,0.000000e+00,0.000000e+00,0.000000e+00,0.000000e+00,0.000000e+00,0.000000e+00,0.000000e+00
1.000000e+00,0.000000e+00,0.000000e+00,0.000000e+00,0.000000e+00,0.000000e+00,0.000000e+00,0.000000e+00,0.000000e+00,0.000000e+00,0.000000e+00,0.000000e+00,0.000000e+00,0.000000e+00,0.000000e+00
1.000000e+00,0.000000e+00,0.000000e+00,0.000000e+00,0.000000e+00,0.000000e+00,0.000000e+00,0.000000e+00,0.000000e+00,0.000000e+00,0.000000e+00,0.000000e+00,0.000000e+00,0.000000e+00,0.000000e+00
1.000000e+00,0.000000e+00,0.000000e+00,0.000000e+00,0.000000e+00,0.000000e+00,0.000000e+00,0.000000e+00,0.000000e+00,0.000000e+00,0.000000e+00,0.000000e+00,0.000000e+00,0.000000e+00,0.000000e+00
1.000000e+00,0.000000e+00,0.000000e+00,0.000000e+00,0.000000e+00,0.000000e+00,0.000000e+00,0.000000e+00,0.000000e+00,0.000000e+00,0.000000e+00,0.000000e+00,0.000000e+00,0.000000e+00,0.000000e+00
1.000000e+00,0.000000e+00,0.000000e+00,0.000000e+00,0.000000e+00,0.000000e+00,0.000000e+00,0.000000e+00,0.000000e+00,0.000000e+00,0.000000e+00,0.000000e+00,0.000000e+00,0.000000e+00,0.000000e+00
1.000000e+00,0.000000e+00,0.000000e+00,0.000000e+00,0.000000e+00,0.000000e+00,0.000000e+00,0.000000e+00,0.000000e+00,0.000000e+00,0.000000e+00,0.000000e+00,0.000000e+00,0.000000e+00,0.000000e+00
1.000000e+00,0.000000e+00,0.000000e+00,0.000000e+00,0.000000e+00,0.000000e+00,0.000000e+00,0.000000e+00,0.000000e+00,0.000000e+00,0.000000e+00,0.000000e+00,0.000000e+00,0.000000e+00,0.000000e+00
1.000000e+00,0.000000e+00,0.000000e+00,0.000000e+00,0.000000e+00,0.000000e+00,0.000000e+00,0.000000e+00,0.000000e+00,0.000000e+00,0.000000e+00,0.000000e+00,0.000000e+00,0.000000e+00,0.000000e+00
1.000000e+00,0.000000e+00,0.000000e+00,0.000000e+00,0.000000e+00,0.000000e+00,0.000000e+00,0.000000e+00,0.000000e+00,0.000000e+00,0.000000e+00,0.000000e+00,0.000000e+00,0.000000e+00,0.000000e+00
1.000000e+00,0.000000e+00,0.000000e+00,0.000000e+00,0.000000e+00,0.000000e+00,0.000000e+00,0.000000e+00,0.000000e+00,0.000000e+00,0.000000e+00,0.000000e+00,0.000000e+00,0.000000e+00,0.000000e+00
1.000000e+00,0.000000e+00,0.000000e+00,0.000000e+00,0.000000e+00,0.000000e+00,0.000000e+00,0.000000e+00,0.000000e+00,0.000000e+00,0.000000e+00,0.000000e+00,0.000000e+00,0.000000e+00,0.000000e+00
1.000000e+00,0.000000e+00,0.000000e+00,0.000000e+00,0.000000e+00,0.000000e+00,0.000000e+00,0.000000e+00,0.000000e+00,0.000000e+00,0.000000e+00,0.000000e+00,0.000000e+00,0.000000e+00,0.000000e+00
1.000000e+00,0.000000e+00,0.000000e+00,0.000000e+00,0.000000e+00,0.000000e+00,0.000000e+00,0.000000e+00,0.000000e+00,0.000000e+00,0.000000e+00,0.000000e+00,0.000000e+00,0.000000e+00,0.000000e+00
1.000000e+00,0.000000e+00,0.000000e+00,0.000000e+00,0.000000e+00,0.000000e+00,0.000000e+00,0.000000e+00,0.000000e+00,0.000000e+00,0.000000e+00,0.000000e+00,0.000000e+00,0.000000e+00,0.000000e+00
1.000000e+00,0.000000e+00,0.000000e+00,0.000000e+00,0.000000e+00,0.000000e+00,0.000000e+00,0.000000e+00,0.000000e+00,0.000000e+00,0.000000e+00,0.000000e+00,0.000000e+00,0.000000e+00,0.000000e+00
1.000000e+00,0.000000e+00,0.000000e+00,0.000000e+00,0.000000e+00,0.000000e+00,0.000000e+00,0.000000e+00,0.000000e+00,0.000000e+00,0.000000e+00,0.000000e+00,0.000000e+00,0.000000e+00,0.000000e+00
1.000000e+00,0.000000e+00,0.000000e+00,0.000000e+00,0.000000e+00,0.000000e+00,0.000000e+00,0.000000e+00,0.000000e+00,0.000000e+00,0.000000e+00,0.000000e+00,0.000000e+00,0.000000e+00,0.000000e+00
1.000000e+00,0.000000e+00,0.000000e+00,0.000000e+00,0.000000e+00,0.000000e+00,0.000000e+00,0.000000e+00,0.000000e+00,0.000000e+00,0.000000e+00,0.000000e+00,0.000000e+00,0.000000e+00,0.000000e+00
1.000000e+00,0.000000e+00,0.000000e+00,0.000000e+00,0.000000e+00,0.000000e+00,0.000000e+00,0.000000e+00,0.000000e+00,0.000000e+00,0.000000e+00,0.000000e+00,0.000000e+00,0.000000e+00,0.000000e+00
1.000000e+00,0.000000e+00,0.000000e+00,0.000000e+00,0.000000e+00,0.000000e+00,0.000000e+00,0.000000e+00,0.000000e+00,0.000000e+00,0.000000e+00,0.000000e+00,0.000000e+00,0.000000e+00,0.000000e+00
1.000000e+00,0.000000e+00,0.000000e+00,0.000000e+00,0.000000e+00,0.000000e+00,0.000000e+00,0.000000e+00,0.000000e+00,0.000000e+00,0.000000e+00,0.000000e+00,0.000000e+00,0.000000e+00,0.000000e+00
1.000000e+00,0.000000e+00,0.000000e+00,0.000000e+00,0.000000e+00,0.000000e+00,0.000000e+00,0.000000e+00,0.000000e+00,0.000000e+00,0.000000e+00,0.000000e+00,0.000000e+00,0.000000e+00,0.000000e+00
1.000000e+00,0.000000e+00,0.000000e+00,0.000000e+00,0.000000e+00,0.000000e+00,0.000000e+00,0.000000e+00,0.000000e+00,0.000000e+00,0.000000e+00,0.000000e+00,0.000000e+00,0.000000e+00,0.000000e+00
1.000000e+00,0.000000e+00,0.000000e+00,0.000000e+00,0.000000e+00,0.000000e+00,0.000000e+00,0.000000e+00,0.000000e+00,0.000000e+00,0.000000e+00,0.000000e+00,0.000000e+00,0.000000e+00,0.000000e+00
1.000000e+00,0.000000e+00,0.000000e+00,0.000000e+00,0.000000e+00,0.000000e+00,0.000000e+00,0.000000e+00,0.000000e+00,0.000000e+00,0.000000e+00,0.000000e+00,0.000000e+00,0.000000e+00,0.000000e+00
1.000000e+00,0.000000e+00,0.000000e+00,0.000000e+00,0.000000e+00,0.000000e+00,0.000000e+00,0.000000e+00,0.000000e+00,0.000000e+00,0.000000e+00,0.000000e+00,0.000000e+00,0.000000e+00,0.000000e+00
1.000000e+00,0.000000e+00,0.000000e+00,0.000000e+00,0.000000e+00,0.000000e+00,0.000000e+00,0.000000e+00,0.000000e+00,0.000000e+00,0.000000e+00,0.000000e+00,0.000000e+00,0.000000e+00,0.000000e+00
1.000000e+00,0.000000e+00,0.000000e+00,0.000000e+00,0.000000e+00,0.000000e+00,0.000000e+00,0.000000e+00,0.000000e+00,0.000000e+00,0.000000e+00,0.000000e+00,0.000000e+00,0.000000e+00,0.000000e+00
1.000000e+00,0.000000e+00,0.000000e+00,0.000000e+00,0.000000e+00,0.000000e+00,0.000000e+00,0.000000e+00,0.000000e+00,0.000000e+00,0.000000e+00,0.000000e+00,0.000000e+00,0.000000e+00,0.000000e+00
1.000000e+00,0.000000e+00,0.000000e+00,0.000000e+00,0.000000e+00,0.000000e+00,0.000000e+00,0.000000e+00,0.000000e+00,0.000000e+00,0.000000e+00,0.000000e+00,0.000000e+00,0.000000e+00,0.000000e+00
1.000000e+00,0.000000e+00,0.000000e+00,0.000000e+00,0.000000e+00,0.000000e+00,0.000000e+00,0.000000e+00,0.000000e+00,0.000000e+00,0.000000e+00,0.000000e+00,0.000000e+00,0.000000e+00,0.000000e+00
1.000000e+00,0.000000e+00,0.000000e+00,0.000000e+00,0.000000e+00,0.000000e+00,0.000000e+00,0.000000e+00,0.000000e+00,0.000000e+00,0.000000e+00,0.000000e+00,0.000000e+00,0.000000e+00,0.000000e+00
1.000000e+00,0.000000e+00,0.000000e+00,0.000000e+00,0.000000e+00,0.000000e+00,0.000000e+00,0.000000e+00,0.000000e+00,0.000000e+00,0.000000e+00,0.000000e+00,0.000000e+00,0.000000e+00,0.000000e+00
1.000000e+00,0.000000e+00,0.000000e+00,0.000000e+00,0.000000e+00,0.000000e+00,0.000000e+00,0.000000e+00,0.000000e+00,0.000000e+00,0.000000e+00,0.000000e+00,0.000000e+00,0.000000e+00,0.000000e+00
1.000000e+00,0.000000e+00,0.000000e+00,0.000000e+00,0.000000e+00,0.000000e+00,0.000000e+00,0.000000e+00,0.000000e+00,0.000000e+00,0.000000e+00,0.000000e+00,0.000000e+00,0.000000e+00,0.000000e+00
1.000000e+00,0.000000e+00,0.000000e+00,0.000000e+00,0.000000e+00,0.000000e+00,0.000000e+00,0.000000e+00,0.000000e+00,0.000000e+00,0.000000e+00,0.000000e+00,0.000000e+00,0.000000e+00,0.000000e+00
1.000000e+00,0.000000e+00,0.000000e+00,0.000000e+00,0.000000e+00,0.000000e+00,0.000000e+00,0.000000e+00,0.000000e+00,0.000000e+00,0.000000e+00,0.000000e+00,0.000000e+00,0.000000e+00,0.000000e+00
1.000000e+00,0.000000e+00,0.000000e+00,0.000000e+00,0.000000e+00,0.000000e+00,0.000000e+00,0.000000e+00,0.000000e+00,0.000000e+00,0.000000e+00,0.000000e+00,0.000000e+00,0.000000e+00,0.000000e+00
1.000000e+00,0.000000e+00,0.000000e+00,0.000000e+00,0.000000e+00,0.000000e+00,0.000000e+00,0.000000e+00,0.000000e+00,0.000000e+00,0.000000e+00,0.000000e+00,0.000000e+00,0.000000e+00,0.000000e+00
1.000000e+00,0.000000e+00,0.000000e+00,0.000000e+00,0.000000e+00,0.000000e+00,0.000000e+00,0.000000e+00,0.000000e+00,0.000000e+00,0.000000e+00,0.000000e+00,0.000000e+00,0.000000e+00,0.000000e+00
1.000000e+00,0.000000e+00,0.000000e+00,0.000000e+00,0.000000e+00,0.000000e+00,0.000000e+00,0.000000e+00,0.000000e+00,0.000000e+00,0.000000e+00,0.000000e+00,0.000000e+00,0.000000e+00,0.000000e+00
1.000000e+00,0.000000e+00,0.000000e+00,0.000000e+00,0.000000e+00,0.000000e+00,0.000000e+00,0.000000e+00,0.000000e+00,0.000000e+00,0.000000e+00,0.000000e+00,0.000000e+00,0.000000e+00,0.000000e+00
1.000000e+00,0.000000e+00,0.000000e+00,0.000000e+00,0.000000e+00,0.000000e+00,0.000000e+00,0.000000e+00,0.000000e+00,0.000000e+00,0.000000e+00,0.000000e+00,0.000000e+00,0.000000e+00,0.000000e+00
1.000000e+00,0.000000e+00,0.000000e+00,0.000000e+00,0.000000e+00,0.000000e+00,0.000000e+00,0.000000e+00,0.000000e+00,0.000000e+00,0.000000e+00,0.000000e+00,0.000000e+00,0.000000e+00,0.000000e+00
1.000000e+00,0.000000e+00,0.000000e+00,0.000000e+00,0.000000e+00,0.000000e+00,0.000000e+00,0.000000e+00,0.000000e+00,0.000000e+00,0.000000e+00,0.000000e+00,0.000000e+00,0.000000e+00,0.000000e+00
1.000000e+00,0.000000e+00,0.000000e+00,0.000000e+00,0.000000e+00,0.000000e+00,0.000000e+00,0.000000e+00,0.000000e+00,0.000000e+00,0.000000e+00,0.000000e+00,0.000000e+00,0.000000e+00,0.000000e+00
1.000000e+00,0.000000e+00,0.000000e+00,0.000000e+00,0.000000e+00,0.000000e+00,0.000000e+00,0.000000e+00,0.000000e+00,0.000000e+00,0.000000e+00,0.000000e+00,0.000000e+00,0.000000e+00,0.000000e+00
1.000000e+00,0.000000e+00,0.000000e+00,0.000000e+00,0.000000e+00,0.000000e+00,0.000000e+00,0.000000e+00,0.000000e+00,0.000000e+00,0.000000e+00,0.000000e+00,0.000000e+00,0.000000e+00,0.000000e+00
1.000000e+00,0.000000e+00,0.000000e+00,0.000000e+00,0.000000e+00,0.000000e+00,0.000000e+00,0.000000e+00,0.000000e+00,0.000000e+00,0.000000e+00,0.000000e+00,0.000000e+00,0.000000e+00,0.000000e+00
4.349941e-01,4.258034e-02,1.757172e-02,1.797146e-01,1.962434e-02,2.942420e-02,1.231543e-02,4.016026e-02,2.782629e-02,2.525387e-03,2.584136e-02,1.084751e-01,3.219569e-02,4.750541e-03,2.200060e-02
3.290381e-01,4.095271e-02,2.519825e-02,2.569975e-01,2.633867e-02,2.710448e-02,1.299898e-02,6.605893e-02,3.145397e-02,2.075936e-03,2.288025e-02,1.040432e-01,3.079061e-02,4.339008e-03,1.972928e-02
2.376485e-01,3.424302e-02,4.537035e-02,3.935590e-01,2.624315e-02,2.139382e-02,1.046762e-02,6.399362e-02,2.576896e-02,1.606884e-03,1.790714e-02,8.005694e-02,2.302069e-02,3.349575e-03,1.537069e-02
2.022305e-01,3.782465e-02,5.080527e-02,4.391499e-01,3.308260e-02,2.157778e-02,1.047239e-02,5.042521e-02,2.524935e-02,1.689643e-03,1.706963e-02,7.033291e-02,2.060405e-02,3.156285e-03,1.632985e-02
2.615461e-01,4.980721e-02,4.184841e-02,3.780682e-01,3.665258e-02,2.321595e-02,9.851035e-03,3.898748e-02,2.546346e-02,2.012067e-03,1.711633e-02,6.644632e-02,2.373216e-02,3.809853e-03,2.144280e-02
3.087349e-01,6.013952e-02,3.378155e-02,3.191743e-01,3.568392e-02,2.559681e-02,9.302051e-03,3.188013e-02,2.500094e-02,3.046537e-03,1.677846e-02,6.328203e-02,2.931806e-02,4.572944e-03,3.370783e-02
3.124228e-01,6.169081e-02,2.990487e-02,3.004479e-01,3.158147e-02,2.986707e-02,8.313380e-03,2.904708e-02,2.205464e-02,3.404510e-03,1.826819e-02,7.408874e-02,3.643635e-02,4.725560e-03,3.774665e-02
3.214740e-01,7.137540e-02,3.484465e-02,2.709960e-01,2.860381e-02,2.777828e-02,7.835058e-03,2.784129e-02,2.245039e-02,4.165278e-03,1.858651e-02,6.408615e-02,3.532721e-02,6.281856e-03,5.835407e-02
2.755917e-01,6.148520e-02,2.498856e-02,2.451828e-01,2.216298e-02,2.353586e-02,5.980839e-03,2.070485e-02,6.130046e-02,6.765137e-03,2.101250e-02,4.899575e-02,4.695510e-02,5.429707e-03,1.299085e-01
2.138409e-01,5.032141e-02,1.759754e-02,1.882916e-01,1.617272e-02,1.761895e-02,4.627052e-03,1.543985e-02,2.164660e-01,6.649142e-03,1.690742e-02,3.925483e-02,7.742773e-02,4.357387e-03,1.150274e-01
1.741498e-01,4.361131e-02,1.283032e-02,1.646540e-01,1.258969e-02,1.552845e-02,6.417400e-03,1.470501e-02,3.281237e-01,6.070487e-03,1.767290e-02,2.944590e-02,7.761613e-02,3.408040e-03,9.317674e-02
1.482056e-01,3.698459e-02,9.265601e-03,1.467783e-01,1.000688e-02,1.292727e-02,6.297091e-03,1.138023e-02,4.311121e-01,5.113239e-03,1.362638e-02,2.191038e-02,6.466343e-02,2.763792e-03,7.896501e-02
1.929019e-01,3.118779e-02,7.165757e-03,1.386147e-01,9.897908e-03,1.889974e-02,6.716588e-03,9.222409e-03,3.516856e-01,3.851226e-03,1.416545e-02,1.684727e-02,1.246765e-01,3.217677e-03,7.094935e-02
2.151133e-01,2.704646e-02,5.509836e-03,1.158044e-01,8.700671e-03,2.494934e-02,6.096185e-03,7.248453e-03,2.888271e-01,3.079684e-03,1.530965e-02,1.518184e-02,2.015626e-01,2.725619e-03,6.284478e-02
2.926782e-01,2.009946e-02,4.263888e-03,8.491387e-02,9.190118e-03,2.650540e-02,7.160162e-03,7.224455e-03,2.233151e-01,2.891663e-03,1.863067e-02,2.675975e-02,2.196088e-01,3.244427e-03,5.351397e-02
3.797723e-01,1.503271e-02,3.591152e-03,6.095315e-02,8.437227e-03,2.903062e-02,5.778445e-03,5.818354e-03,1.661973e-01,2.501502e-03,2.045104e-02,4.997363e-02,2.025147e-01,3.132201e-03,4.681565e-02
3.945140e-01,1.098249e-02,3.683682e-03,4.430269e-02,8.250987e-03,3.035639e-02,1.101342e-02,6.577538e-03,1.244536e-01,2.288992e-03,2.380713e-02,6.082975e-02,2.256646e-01,2.875915e-03,5.039873e-02
4.186385e-01,8.370912e-03,4.814424e-03,3.207082e-02,8.765099e-03,3.943074e-02,1.523123e-02,1.457050e-02,9.257274e-02,2.245957e-03,2.282666e-02,6.986470e-02,2.253645e-01,2.865111e-03,4.236817e-02
4.711758e-01,7.333081e-03,5.650312e-03,2.371626e-02,1.046285e-02,3.596839e-02,1.357949e-02,1.180397e-02,7.195465e-02,2.459046e-03,1.956642e-02,7.142523e-02,2.190369e-01,2.557728e-03,3.330983e-02
4.493000e-01,8.250023e-03,1.316429e-02,1.783078e-02,9.872864e-03,3.598156e-02,1.215726e-02,1.164052e-02,5.817755e-02,3.281068e-03,1.761504e-02,1.215650e-01,2.100874e-01,3.674226e-03,2.740243e-02
4.543316e-01,7.422656e-03,1.081701e-02,1.378214e-02,1.000849e-02,3.194952e-02,1.009267e-02,1.043913e-02,4.646785e-02,3.632526e-03,1.895525e-02,1.639715e-01,1.888789e-01,4.620050e-03,2.463068e-02
4.718289e-01,5.922152e-03,9.158967e-03,1.135056e-02,1.737846e-02,5.658872e-02,8.824091e-03,9.112963e-03,3.919282e-02,4.599482e-03,3.417388e-02,1.506703e-01,1.561457e-01,4.779403e-03,2.027349e-02
4.758112e-01,6.436312e-03,7.386115e-03,9.723355e-03,2.067389e-02,4.667517e-02,8.793714e-03,8.313830e-03,3.648403e-02,6.403022e-03,2.676299e-02,1.456400e-01,1.804331e-01,4.351520e-03,1.611168e-02
4.486170e-01,6.482007e-03,5.987662e-03,7.545567e-03,2.429108e-02,3.825083e-02,9.197561e-03,7.211595e-03,2.974795e-02,5.863770e-03,1.963092e-02,1.345148e-01,2.472571e-01,3.351775e-03,1.205034e-02
4.026136e-01,7.090264e-03,7.051319e-03,6.856152e-03,3.108926e-02,3.189420e-02,9.545157e-03,1.237949e-02,3.043373e-02,4.770362e-03,1.503883e-02,1.393607e-01,2.897085e-01,2.997631e-03,9.170718e-03
3.053864e-01,8.242795e-03,7.076983e-03,4.974814e-03,3.182871e-02,2.556502e-02,1.049716e-02,1.570551e-02,3.020565e-02,3.694474e-03,1.079240e-02,1.561755e-01,3.805363e-01,2.574604e-03,6.743553e-03
2.252564e-01,9.229079e-03,1.140001e-02,4.261945e-03,4.786650e-02,3.236982e-02,2.367964e-02,2.757170e-02,2.965732e-02,3.484125e-03,8.380623e-03,1.721147e-01,3.975527e-01,1.975964e-03,5.199466e-03
1.839054e-01,9.500693e-03,1.070648e-02,6.028302e-03,5.465791e-02,3.383932e-02,2.435677e-02,4.047585e-02,3.242945e-02,3.662520e-03,6.719954e-03,1.429231e-01,4.451952e-01,1.559613e-03,4.039448e-03
1.413677e-01,1.084927e-02,8.297003e-03,4.405837e-03,4.929676e-02,3.409232e-02,2.225794e-02,3.024987e-02,3.219679e-02,2.820615e-03,5.004884e-03,1.261731e-01,5.283006e-01,1.604516e-03,3.082675e-03
1.188335e-01,1.137126e-02,6.675608e-03,3.290457e-03,3.684834e-02,3.093054e-02,1.795417e-02,2.453135e-02,3.086960e-02,2.336451e-03,3.885503e-03,1.601631e-01,5.483459e-01,1.520962e-03,2.443291e-03
1.303472e-01,1.070290e-02,5.012342e-03,2.696884e-03,3.058266e-02,3.102288e-02,2.523385e-02,2.186045e-02,3.840520e-02,2.000532e-03,3.141350e-03,1.939715e-01,5.011331e-01,1.217001e-03,2.672209e-03
1.820585e-01,1.464365e-02,4.085659e-03,4.699359e-03,3.010423e-02,6.982833e-02,2.762174e-02,1.788456e-02,9.092357e-02,1.903717e-03,3.201189e-03,1.624210e-01,3.850948e-01,1.135029e-03,4.394696e-03
2.453020e-01,2.222446e-02,4.561474e-03,2.658862e-02,2.483838e-02,8.345675e-02,2.128106e-02,1.503095e-02,9.001315e-02,2.517272e-03,3.465345e-03,1.400636e-01,3.106935e-01,1.262971e-03,8.700443e-03
2.910137e-01,2.671601e-02,3.691823e-03,2.050305e-02,2.406229e-02,7.542461e-02,2.074292e-02,1.687528e-02,1.068020e-01,1.954742e-03,2.960663e-03,1.580394e-01,2.429771e-01,1.043165e-03,7.193243e-03
2.596968e-01,4.569666e-02,9.017594e-03,9.788667e-02,1.879506e-02,5.905951e-02,1.615670e-02,1.489433e-02,1.434187e-01,4.520755e-03,3.694503e-03,1.210654e-01,1.877748e-01,1.268575e-03,1.705398e-02
3.417348e-01,3.624305e-02,9.116223e-03,7.785865e-02,2.104133e-02,5.008061e-02,1.461573e-02,1.975226e-02,1.172022e-01,3.284317e-03,3.744007e-03,9.106708e-02,1.986403e-01,1.240015e-03,1.437937e-02
3.703855e-01,2.844028e-02,7.445427e-03,5.899386e-02,2.873211e-02,4.337696e-02,1.537404e-02,1.978149e-02,9.640675e-02,2.491854e-03,4.751707e-03,8.022383e-02,2.297458e-01,1.227456e-03,1.262296e-02
4.071264e-01,2.727425e-02,8.087594e-03,6.074514e-02,2.325890e-02,3.454213e-02,1.204804e-02,2.231081e-02,8.850270e-02,4.134762e-03,7.525899e-03,6.296890e-02,2.042992e-01,3.653442e-03,3.352192e-02
3.709607e-01,3.361118e-02,1.310255e-02,8.810164e-02,1.858918e-02,2.694050e-02,9.145574e-03,2.107438e-02,1.120041e-01,1.360874e-02,1.115714e-02,5.099750e-02,1.584668e-01,5.156662e-03,6.708340e-02
2.995077e-01,3.931939e-02,3.598557e-02,8.223172e-02,1.359502e-02,1.966369e-02,6.647147e-03,1.648293e-02,1.234175e-01,5.320948e-02,1.287089e-02,4.239463e-02,1.297428e-01,6.108425e-03,1.188231e-01
2.608334e-01,3.545820e-02,4.148056e-02,7.011499e-02,1.803629e-02,1.623969e-02,7.408985e-03,3.065835e-02,1.310337e-01,4.269502e-02,1.611372e-02,3.220474e-02,1.691335e-01,5.484259e-03,1.231046e-01
2.504730e-01,3.314472e-02,3.500969e-02,5.788484e-02,1.816440e-02,1.467297e-02,7.025247e-03,3.687367e-02,1.290445e-01,3.524170e-02,1.537530e-02,2.769899e-02,2.002500e-01,5.251245e-03,1.338898e-01
2.522184e-01,3.727557e-02,2.718381e-02,4.480394e-02,1.612600e-02,1.258319e-02,5.645864e-03,3.454436e-02,1.393998e-01,2.601733e-02,1.237811e-02,2.265699e-02,2.095483e-01,5.313311e-03,1.543050e-01
2.779466e-01,3.681024e-02,2.039341e-02,3.546115e-02,1.677818e-02,1.209511e-02,4.545988e-03,2.784851e-02,1.390280e-01,1.934117e-02,1.141922e-02,2.077341e-02,2.373042e-01,5.089425e-03,1.351653e-01
2.467392e-01,3.210050e-02,2.288331e-02,3.391385e-02,1.772105e-02,1.217632e-02,4.672402e-03,5.736852e-02,1.464787e-01,1.423885e-02,9.966165e-03,1.778659e-02,2.352216e-01,4.283994e-03,1.444490e-01
2.310125e-01,3.925193e-02,1.902044e-02,3.051987e-02,2.714230e-02,1.844157e-02,4.121804e-03,4.719066e-02,1.412166e-01,1.026703e-02,9.334359e-03,1.625253e-02,2.873400e-01,3.784880e-03,1.151035e-01
2.230041e-01,3.948259e-02,1.700667e-02,2.731652e-02,3.670389e-02,1.763628e-02,3.925524e-03,4.292978e-02,1.651548e-01,8.124196e-03,8.869106e-03,1.556825e-02,2.785982e-01,3.680393e-03,1.119998e-01
2.107211e-01,4.398635e-02,1.622404e-02,2.497241e-02,3.173077e-02,1.738916e-02,3.164238e-03,3.767903e-02,1.595632e-01,1.201166e-02,1.156767e-02,1.685709e-02,2.693899e-01,4.306966e-03,1.404364e-01
2.495966e-01,5.100353e-02,1.419768e-02,2.535558e-02,2.725541e-02,1.953791e-02,2.726660e-03,3.024766e-02,1.372160e-01,1.257221e-02,1.160160e-02,1.814085e-02,2.718542e-01,4.626818e-03,1.240674e-01
2.528738e-01,4.277692e-02,2.154200e-02,6.811921e-02,3.353176e-02,1.788466e-02,4.054640e-03,3.200392e-02,1.312940e-01,1.145116e-02,2.191078e-02,2.656219e-02,2.220518e-01,5.166258e-03,1.087768e-01
2.692240e-01,4.196229e-02,1.605972e-02,5.807019e-02,2.854993e-02,1.585878e-02,3.508214e-03,2.535424e-02,1.131663e-01,1.074396e-02,2.237257e-02,2.845833e-02,2.443844e-01,5.023780e-03,1.172632e-01
2.602438e-01,3.451575e-02,1.202655e-02,5.113500e-02,2.396047e-02,1.725500e-02,3.201068e-03,2.157455e-02,1.042104e-01,1.053664e-02,3.178053e-02,4.185886e-02,2.545176e-01,8.298622e-03,1.248851e-01
2.873455e-01,2.807136e-02,9.420962e-03,6.648619e-02,1.998313e-02,1.559208e-02,2.836246e-03,2.140008e-02,1.804631e-01,8.761516e-03,2.778457e-02,3.544106e-02,1.952189e-01,9.052386e-03,9.214297e-02
2.974845e-01,2.285651e-02,7.258708e-03,6.388426e-02,1.957655e-02,1.885701e-02,3.673929e-03,1.630623e-02,1.816550e-01,8.280369e-03,3.915856e-02,5.752823e-02,1.822530e-01,8.067694e-03,7.315950e-02
2.650372e-01,1.860197e-02,5.654968e-03,4.814251e-02,1.731855e-02,1.927327e-02,4.978758e-03,3.579932e-02,2.117977e-01,7.550848e-03,4.457195e-02,5.513471e-02,1.729354e-01,1.245620e-02,8.074658e-02
2.600269e-01,1.587607e-02,4.899626e-03,3.900719e-02,1.662300e-02,1.883272e-02,5.998797e-03,3.888128e-02,2.246289e-01,6.965456e-03,4.498097e-02,4.883682e-02,1.659750e-01,1.402976e-02,9.443752e-02
2.016400e-01,1.242562e-02,7.072008e-03,3.486507e-02,1.748257e-02,1.559116e-02,7.906286e-03,1.190937e-01,1.863369e-01,7.170442e-03,5.942554e-02,5.194201e-02,1.592729e-01,1.321758e-02,1.065582e-01
2.656863e-01,1.001654e-02,8.020509e-03,2.657161e-02,1.446470e-02,1.553872e-02,1.733627e-02,2.018631e-01,1.346048e-01,6.331762e-03,4.521811e-02,4.261860e-02,1.206610e-01,1.015022e-02,8.091773e-02
2.271368e-01,7.683215e-03,1.006825e-02,1.960573e-02,1.154812e-02,1.448019e-02,1.791476e-02,3.749575e-01,9.478349e-02,4.848754e-03,3.256407e-02,3.143341e-02,8.630304e-02,7.213873e-03,5.945880e-02
1.688991e-01,5.662841e-03,8.898297e-03,1.454684e-02,2.721282e-02,1.172996e-02,1.671399e-02,5.215458e-01,6.698110e-02,3.462701e-03,2.299145e-02,2.215132e-02,6.156844e-02,5.183595e-03,4.245172e-02
1.265579e-01,4.246067e-03,8.405179e-03,1.069408e-02,2.796123e-02,1.261730e-02,1.345402e-02,6.352019e-01,4.701576e-02,2.499473e-03,1.647384e-02,1.558312e-02,4.575307e-02,3.730175e-03,2.980681e-02
9.343141e-02,3.168147e-03,6.496678e-03,9.198193e-03,5.666786e-02,9.277135e-03,1.173010e-02,6.958687e-01,3.302338e-02,1.779364e-03,1.208936e-02,1.099159e-02,3.269603e-02,2.664084e-03,2.091798e-02
8.787039e-02,3.133942e-03,8.759838e-03,6.547275e-02,1.063415e-01,8.634020e-03,1.552485e-02,6.170831e-01,2.494522e-02,1.415806e-03,1.007195e-02,8.279192e-03,2.487659e-02,1.962732e-03,1.562820e-02
8.349390e-02,2.569559e-03,7.990498e-03,5.571627e-02,9.472635e-02,6.867740e-03,1.417893e-02,6.713523e-01,1.802372e-02,1.050886e-03,7.625540e-03,5.931536e-03,1.794329e-02,1.395071e-03,1.113448e-02
8.961146e-02,2.253754e-03,8.896359e-03,4.467418e-02,9.054360e-02,5.491011e-03,1.106300e-02,7.009616e-01,1.304625e-02,8.541799e-04,6.447631e-03,4.385706e-03,1.283482e-02,1.018364e-03,7.918180e-03
9.356599e-02,1.738348e-03,7.230679e-03,3.406418e-02,9.312072e-02,5.002865e-03,8.644306e-03,7.220041e-01,9.322531e-03,6.761586e-04,5.420174e-03,3.287433e-03,9.554788e-03,7.462056e-04,5.621629e-03
6.979303e-02,1.453461e-03,1.063316e-02,2.878958e-02,9.215054e-02,4.554680e-03,6.375354e-03,7.587718e-01,6.771590e-03,8.483334e-04,5.084995e-03,2.591280e-03,7.485856e-03,6.378101e-04,4.058613e-03
6.276853e-02,1.369316e-03,1.930685e-02,2.511896e-02,8.678520e-02,9.360207e-03,4.986528e-03,7.546273e-01,6.307879e-03,2.739946e-03,1.143830e-02,2.639802e-03,7.864648e-03,7.669735e-04,3.919508e-03
4.892415e-02,1.068034e-03,1.487485e-02,2.021386e-02,6.354894e-02,8.167814e-03,3.824784e-03,6.761491e-01,6.345975e-03,8.801523e-03,5.381049e-02,2.175685e-02,6.194693e-02,6.365497e-03,4.201183e-03
3.497988e-02,7.936358e-04,1.053389e-02,1.582175e-02,4.567023e-02,6.422323e-03,3.203556e-03,4.897420e-01,4.966472e-03,9.770742e-03,5.438978e-02,2.429532e-01,6.001620e-02,1.754138e-02,3.195044e-03
2.466499e-02,5.839909e-04,7.428668e-03,1.162797e-02,3.243068e-02,4.692141e-03,2.358338e-03,3.452076e-01,3.890204e-03,7.410097e-03,5.747140e-02,4.382552e-01,4.507536e-02,1.658969e-02,2.313703e-03
1.772933e-02,4.468136e-04,5.501684e-03,8.464452e-03,2.415498e-02,3.652871e-03,1.887450e-03,2.450769e-01,3.574579e-03,5.617541e-03,7.858465e-02,5.558561e-01,3.382239e-02,1.393077e-02,1.699442e-03
1.276748e-02,3.983475e-04,4.056695e-03,6.038894e-03,1.794004e-02,3.035364e-03,1.394847e-03,1.725031e-01,3.573027e-03,4.424572e-03,8.987541e-02,6.384504e-01,2.460898e-02,1.968154e-02,1.251371e-03
9.267180e-03,5.097903e-04,3.250056e-03,4.291927e-03,1.508128e-02,4.215333e-03,1.048801e-03,1.210667e-01,3.003999e-03,3.982120e-03,1.145111e-01,6.831908e-01,1.833622e-02,1.731363e-02,9.309572e-04
6.749019e-03,8.349906e-04,2.519796e-03,3.079777e-03,1.246172e-02,3.931809e-03,8.617382e-04,8.491679e-02,2.367057e-03,3.513590e-03,1.634133e-01,6.856802e-01,1.321886e-02,1.570786e-02,7.435295e-04
4.975260e-03,1.388796e-03,1.944691e-03,2.330676e-03,1.119399e-02,3.434819e-03,6.888298e-04,5.982765e-02,2.498202e-03,2.841409e-03,2.030641e-01,6.792205e-01,9.748582e-03,1.625641e-02,5.860505e-04
4.085722e-03,1.063551e-02,3.166633e-03,2.297849e-03,2.157838e-02,1.013178e-02,6.894592e-04,4.363399e-02,3.228743e-03,2.524879e-03,1.849169e-01,6.903937e-01,7.161253e-03,1.502121e-02,5.339250e-04
3.945374e-03,1.300085e-02,2.779714e-03,1.898407e-03,2.124802e-02,9.580139e-03,5.698301e-04,3.096560e-02,6.171793e-03,2.157664e-03,2.118299e-01,6.752586e-01,5.261195e-03,1.488964e-02,4.432666e-04
7.346945e-03,1.887187e-02,3.605492e-03,1.921835e-03,2.078546e-02,9.226033e-03,5.930566e-04,2.236716e-02,1.336516e-02,1.922086e-03,2.214225e-01,6.584443e-01,3.965016e-03,1.577134e-02,3.918383e-04
1.060854e-02,1.773141e-02,4.987855e-03,1.978837e-03,2.078369e-02,8.639959e-03,7.128802e-04,1.618040e-02,2.111102e-02,1.903715e-03,3.051493e-01,5.633999e-01,3.110725e-03,2.308278e-02,6.189643e-04
9.337278e-03,1.481986e-02,4.679278e-03,1.645291e-03,2.207742e-02,7.779212e-03,5.987547e-04,1.160288e-02,3.344886e-02,1.972616e-03,3.712100e-01,4.358101e-01,2.457529e-03,8.177558e-02,7.853755e-04
6.950265e-03,1.147934e-02,4.447062e-03,1.357161e-03,2.028552e-02,6.589763e-03,4.654421e-04,8.267314e-03,5.855055e-02,2.162354e-03,4.052701e-01,3.643183e-01,1.882220e-03,1.070389e-01,9.356663e-04
4.957132e-03,8.618258e-03,5.218005e-03,1.160642e-03,1.606550e-02,5.013482e-03,3.319627e-04,5.825166e-03,7.906209e-02,2.261911e-03,5.053187e-01,2.655190e-01,1.366273e-03,9.789376e-02,1.388159e-03
4.207461e-03,6.614409e-03,1.102641e-02,1.313635e-03,1.360576e-02,4.990280e-03,2.565194e-04,4.257827e-03,1.139335e-01,2.449275e-03,5.616192e-01,1.917121e-01,1.050392e-03,8.126930e-02,1.693899e-03
5.988978e-03,9.131651e-03,1.393090e-02,1.648502e-03,1.807994e-02,4.762349e-03,3.018517e-04,3.745335e-03,1.415920e-01,3.801719e-03,5.927537e-01,1.359325e-01,8.066908e-04,6.323048e-02,4.293411e-03
1.222150e-02,8.408569e-03,1.304819e-02,2.034508e-03,1.572050e-02,1.050517e-02,2.712118e-04,3.620117e-03,1.531606e-01,9.001045e-03,5.632458e-01,9.572604e-02,8.245283e-04,5.153173e-02,6.068049e-02
1.786166e-02,1.394049e-02,1.511061e-02,3.188943e-03,1.390820e-02,1.436119e-02,2.476923e-04,5.512265e-03,1.712973e-01,2.052976e-02,4.744887e-01,6.790318e-02,1.246032e-03,4.342541e-02,1.369785e-01
1.924867e-02,1.314307e-02,1.228040e-02,3.273365e-03,1.243668e-02,1.210920e-02,1.958857e-04,8.292111e-03,2.778591e-01,3.115120e-02,4.010529e-01,4.787667e-02,1.276441e-03,3.874025e-02,1.210641e-01
2.308383e-02,1.444320e-02,1.275280e-02,4.182183e-03,1.156885e-02,1.293699e-02,1.771441e-04,2.303182e-02,3.398836e-01,2.788973e-02,3.668479e-01,3.387039e-02,1.231380e-03,3.610506e-02,9.199514e-02
3.151105e-02,1.296724e-02,3.019651e-02,7.717631e-03,1.302462e-02,2.369853e-02,2.331976e-04,1.865672e-02,3.309949e-01,2.305182e-02,3.764621e-01,2.405947e-02,1.187245e-03,3.239781e-02,7.384118e-02
4.586201e-02,1.104834e-02,5.908292e-02,1.376152e-02,1.405464e-02,3.104527e-02,3.580362e-04,1.606922e-02,2.678709e-01,2.000632e-02,3.488294e-01,1.713437e-02,1.653878e-03,7.696936e-02,7.625381e-02
6.601325e-02,1.161459e-02,7.329255e-02,1.815351e-02,1.500359e-02,2.994548e-02,5.442977e-04,1.673055e-02,2.093002e-01,1.507799e-02,3.393562e-01,1.252374e-02,1.535203e-03,1.299526e-01,6.095628e-02
8.882672e-02,1.160971e-02,7.053381e-02,1.757645e-02,1.385531e-02,2.475557e-02,5.568315e-04,1.346632e-02,1.629833e-01,1.149551e-02,3.404768e-01,1.007745e-02,1.424846e-03,1.829005e-01,4.946094e-02
9.664565e-02,1.058905e-02,7.346075e-02,1.539421e-02,1.231957e-02,1.967678e-02,5.745716e-04,1.102542e-02,1.301562e-01,8.931792e-03,3.459841e-01,8.191963e-03,1.359839e-03,2.249044e-01,4.078560e-02
1.060144e-01,1.364619e-02,6.097398e-02,2.083712e-02,1.361917e-02,1.626405e-02,9.487679e-04,1.097993e-02,1.284767e-01,9.380091e-03,2.863330e-01,6.149946e-03,1.835130e-03,2.871318e-01,3.740971e-02
1.373703e-01,1.301603e-02,4.537742e-02,1.747149e-02,1.449265e-02,1.378191e-02,1.074225e-03,1.101250e-02,1.358425e-01,8.327330e-03,2.253437e-01,6.183239e-03,2.594416e-03,3.349994e-01,3.311275e-02
1.618540e-01,1.268716e-02,3.430813e-02,1.565859e-02,1.600703e-02,1.262606e-02,1.222973e-03,1.036115e-02,1.449293e-01,7.196306e-03,1.744182e-01,6.363464e-03,3.099165e-03,3.705507e-01,2.871772e-02
2.316647e-01,2.161756e-02,3.311009e-02,1.836000e-02,1.568842e-02,1.721160e-02,2.474727e-03,1.432718e-02,1.470949e-01,8.477118e-03,1.284711e-01,1.056190e-02,4.633633e-03,3.081356e-01,3.817148e-02
3.279441e-01,2.733285e-02,3.389040e-02,1.928479e-02,1.721384e-02,1.811471e-02,3.270585e-03,1.759073e-02,1.324311e-01,8.645404e-03,9.540629e-02,1.207378e-02,4.653880e-03,2.391074e-01,4.304009e-02
2.336791e-01,2.063006e-02,2.504777e-02,1.465866e-02,1.235080e-02,1.618029e-02,2.317097e-03,1.248268e-02,1.212347e-01,6.600516e-02,6.732569e-02,8.867918e-03,3.845644e-03,1.737093e-01,2.216651e-01
1.703316e-01,1.509923e-02,1.791739e-02,1.060002e-02,8.677331e-03,1.149933e-02,1.646314e-03,8.805963e-03,1.430920e-01,7.942964e-02,4.728537e-02,6.317533e-03,2.902333e-03,1.245647e-01,3.518312e-01
1.379459e-01,1.149616e-02,1.339418e-02,7.709781e-03,6.174542e-03,8.413834e-03,1.196231e-03,6.351516e-03,1.496630e-01,1.043945e-01,3.378061e-02,4.594536e-03,2.432971e-03,9.943129e-02,4.130209e-01
1.012877e-01,1.056597e-02,1.335077e-02,1.420107e-02,4.637240e-03,6.101180e-03,8.986749e-04,4.583966e-03,2.461343e-01,9.686621e-02,2.436689e-02,3.649337e-03,2.066641e-03,7.230950e-02,3.989805e-01
7.672133e-02,9.583490e-03,1.195096e-02,1.107209e-02,3.481388e-03,4.521623e-03,7.090426e-04,3.308942e-03,2.095757e-01,9.096053e-02,1.785063e-02,2.818085e-03,2.000160e-03,6.854945e-02,4.868965e-01
6.708360e-02,8.242009e-03,8.913495e-03,7.906044e-03,2.581255e-03,3.710249e-03,5.737024e-04,2.394657e-03,1.651032e-01,8.927786e-02,1.358185e-02,2.354786e-03,1.837308e-03,1.211281e-01,5.053118e-01
6.136803e-02,6.744344e-03,1.844503e-02,7.709150e-03,2.114547e-03,3.144080e-03,4.813634e-04,1.968078e-03,1.412881e-01,7.969783e-02,1.094104e-02,2.183555e-03,1.702224e-03,2.189817e-01,4.432309e-01
4.961734e-02,5.390424e-03,1.694406e-02,5.696374e-03,1.715099e-03,2.435943e-03,4.169753e-04,1.419087e-03,1.099258e-01,6.666495e-02,8.158294e-03,1.710685e-03,1.424241e-03,3.411917e-01,3.872890e-01
3.937917e-02,4.332198e-03,1.413372e-02,4.233149e-03,1.472880e-03,1.824165e-03,3.518776e-04,1.030289e-03,8.807132e-02,5.892244e-02,7.883743e-03,1.975151e-03,1.124909e-03,4.013174e-01,3.739476e-01
3.042536e-02,3.296237e-03,1.145327e-02,3.325870e-03,1.200501e-03,1.394680e-03,3.284135e-04,7.472706e-04,7.043201e-02,5.423622e-02,6.853495e-03,1.812545e-03,9.856638e-04,4.378943e-01,3.756141e-01
2.252873e-02,2.536479e-03,1.202442e-02,2.399549e-03,9.419175e-04,1.068990e-03,3.296655e-04,5.332409e-04,5.444858e-02,5.688354e-02,5.845030e-03,1.443997e-03,7.675194e-04,5.027832e-01,3.354651e-01
1.598848e-02,1.789863e-03,8.580998e-03,1.681757e-03,6.805807e-04,7.777353e-04,2.331109e-04,3.753199e-04,3.842902e-02,4.471211e-02,6.370762e-03,1.369261e-03,5.806198e-04,6.302874e-01,2.481430e-01
1.148281e-02,1.387576e-03,7.054390e-03,1.221908e-03,6.142379e-04,6.081859e-04,1.897473e-04,2.825860e-04,3.176669e-02,5.561601e-02,2.194018e-02,1.488484e-03,6.568129e-04,6.522846e-01,2.134058e-01
8.095326e-03,9.792871e-04,5.175190e-03,8.565210e-04,4.458448e-04,4.417091e-04,1.352468e-04,1.986643e-04,2.238766e-02,1.238680e-01,1.859772e-02,1.200275e-03,4.842300e-04,6.659017e-01,1.512328e-01
5.682855e-03,6.932422e-04,3.696409e-03,6.008639e-04,3.344371e-04,3.255831e-04,9.891142e-05,1.397262e-04,1.581896e-02,2.251551e-01,1.430413e-02,8.835200e-04,3.481779e-04,6.244234e-01,1.074947e-01
3.985634e-03,4.903399e-04,2.618351e-03,4.227197e-04,2.579461e-04,2.359358e-04,7.295804e-05,9.870050e-05,1.125352e-02,2.642150e-01,1.242504e-02,7.696099e-04,2.665306e-04,6.264768e-01,7.641094e-02
2.959022e-03,4.343004e-04,1.947065e-03,4.053875e-04,3.412808e-04,3.445182e-04,1.065805e-04,7.817446e-05,9.259335e-03,3.866410e-01,1.756087e-02,1.788839e-03,9.597447e-04,5.104372e-01,6.673670e-02
2.151925e-03,8.134046e-04,1.765028e-03,3.662262e-04,4.223378e-04,6.618070e-04,2.110057e-04,6.300130e-05,7.732833e-03,5.127107e-01,1.991502e-02,2.304870e-03,1.443001e-03,3.918522e-01,5.758671e-02
1.590404e-03,6.261885e-04,1.310023e-03,5.073323e-04,4.270405e-04,2.359674e-03,3.051060e-04,8.718853e-05,6.466214e-03,4.897711e-01,4.110046e-02,7.062341e-03,4.816629e-03,4.007699e-01,4.280051e-02
1.547949e-03,7.614718e-04,1.471781e-03,1.702171e-03,1.557991e-03,1.093342e-02,2.221000e-03,6.902605e-04,9.735793e-03,4.400296e-01,1.022869e-01,8.755075e-03,1.148544e-02,3.719931e-01,3.482817e-02
1.731905e-03,1.945975e-03,2.163519e-03,4.430199e-03,2.397999e-03,1.049712e-02,2.617083e-03,2.441523e-03,1.034246e-02,3.528983e-01,1.509154e-01,8.353357e-03,1.671460e-02,3.968042e-01,3.574638e-02
2.250960e-03,1.615448e-03,2.177090e-03,7.162751e-03,5.222580e-03,1.771806e-02,3.467723e-03,6.661177e-03,8.772242e-03,2.576768e-01,1.264464e-01,7.417679e-03,2.390818e-02,4.874984e-01,4.200456e-02
1.150451e-02,1.470070e-03,4.565152e-03,4.303743e-02,7.923988e-02,2.609268e-02,1.178350e-02,2.605762e-02,9.519367e-03,2.127937e-01,1.162518e-01,1.196066e-02,5.071679e-02,3.636582e-01,3.134861e-02
1.987388e-02,3.271779e-03,5.657806e-03,4.583470e-02,9.790047e-02,3.024848e-02,1.114302e-02,3.344523e-02,1.184140e-02,1.760729e-01,9.262267e-02,2.160329e-02,4.953900e-02,3.776721e-01,2.327324e-02
2.871908e-02,4.896263e-03,6.792597e-03,4.279904e-02,1.856071e-01,2.311895e-02,1.042881e-02,4.190978e-02,1.288035e-02,1.356868e-01,7.571661e-02,3.055792e-02,4.595585e-02,3.377634e-01,1.716753e-02
4.869888e-02,5.565492e-03,7.072428e-03,3.513977e-02,1.618044e-01,2.039615e-02,9.001383e-03,7.413956e-02,1.293585e-02,9.843488e-02,6.308159e-02,6.972850e-02,5.932137e-02,3.216655e-01,1.301430e-02
6.346511e-02,4.817245e-03,6.282842e-03,2.610707e-02,1.387379e-01,1.738725e-02,7.263224e-03,8.668707e-02,1.458056e-02,7.099978e-02,7.441151e-02,9.617683e-02,5.002475e-02,3.334202e-01,9.638606e-03
6.339918e-02,4.075461e-03,7.657483e-03,2.119317e-02,1.137218e-01,1.455901e-02,6.097917e-03,1.263359e-01,1.481822e-02,5.202888e-02,7.395656e-02,1.237652e-01,4.531423e-02,3.261545e-01,6.922514e-03
5.431879e-02,3.006268e-03,7.741608e-03,1.580190e-02,8.746846e-02,1.116094e-02,4.617243e-03,1.392326e-01,1.169212e-02,3.668993e-02,7.767378e-02,1.381960e-01,3.372019e-02,3.737840e-01,4.896114e-03
5.375458e-02,2.344510e-03,6.790445e-03,1.217863e-02,7.319069e-02,1.021531e-02,3.968474e-03,1.708595e-01,1.057604e-02,2.589408e-02,1.094703e-01,1.699063e-01,2.697219e-02,3.203582e-01,3.520746e-03
4.517682e-02,1.887783e-03,5.248082e-03,9.126643e-03,5.641979e-02,1.081197e-02,3.647034e-03,1.870313e-01,9.377620e-03,1.816902e-02,9.309924e-02,3.097207e-01,2.204529e-02,2.256861e-01,2.552562e-03
3.927390e-02,2.649031e-03,8.071672e-03,8.741446e-03,4.302095e-02,1.805177e-02,3.782864e-03,3.436846e-01,1.618511e-02,1.300456e-02,6.640954e-02,2.489092e-01,2.742171e-02,1.583266e-01,2.467173e-03
3.556756e-02,3.990847e-03,3.279107e-02,1.571272e-02,3.180275e-02,3.100654e-02,3.734573e-03,4.066285e-01,3.684554e-02,1.494273e-02,4.913307e-02,1.881739e-01,3.166129e-02,1.110594e-01,6.949550e-03
3.244697e-02,4.834319e-03,1.010509e-01,2.199539e-02,2.431423e-02,2.548890e-02,3.106091e-03,3.431732e-01,1.457880e-01,1.446512e-02,3.571963e-02,1.330217e-01,2.489812e-02,7.790276e-02,1.179476e-02
2.667399e-02,5.594651e-03,1.100702e-01,1.776553e-02,1.880335e-02,2.239450e-02,2.599284e-03,4.484018e-01,1.308946e-01,1.062576e-02,2.692888e-02,9.432175e-02,1.998119e-02,5.468835e-02,1.025617e-02
2.471853e-02,1.453262e-02,8.777627e-02,1.501299e-02,1.660236e-02,3.258025e-02,3.352087e-03,3.610072e-01,2.544204e-01,1.239003e-02,2.052447e-02,6.654710e-02,1.773377e-02,3.930598e-02,3.349596e-02
2.675224e-02,2.019443e-02,6.534035e-02,1.164185e-02,1.716186e-02,2.417726e-02,4.385595e-03,2.698761e-01,3.119122e-01,1.050418e-02,1.508520e-02,4.703251e-02,1.177479e-01,2.780268e-02,3.038562e-02
2.024618e-02,2.132678e-02,4.745824e-02,8.955892e-03,1.273875e-02,1.846114e-02,3.256039e-03,1.913724e-01,4.669312e-01,1.020392e-02,1.104248e-02,3.307299e-02,1.090874e-01,1.977661e-02,2.607001e-02
1.457024e-02,2.495078e-02,3.557003e-02,8.137440e-03,9.046146e-03,1.316199e-02,2.297899e-03,1.340178e-01,6.015101e-01,8.440373e-03,7.864788e-03,2.325722e-02,7.830162e-02,1.413825e-02,2.473534e-02
1.207194e-02,2.247931e-02,2.678229e-02,6.728861e-03,6.972937e-03,1.005195e-02,1.682608e-03,9.429242e-02,6.842614e-01,7.393145e-03,6.950515e-03,1.673502e-02,6.574451e-02,1.044038e-02,2.741272e-02
1.855922e-02,2.460111e-02,2.241701e-02,6.472502e-03,7.026483e-03,8.598921e-03,1.822432e-03,6.827117e-02,6.220439e-01,7.999405e-03,1.163834e-02,1.409497e-02,9.447987e-02,1.871856e-02,7.325608e-02
2.466981e-02,2.026081e-02,1.687564e-02,5.516443e-03,1.003940e-02,7.315224e-03,1.840616e-03,4.932154e-02,4.601798e-01,5.837858e-03,9.226526e-03,1.225592e-02,2.998542e-01,1.457024e-02,6.223603e-02
2.782933e-02,1.848885e-02,1.681758e-02,4.750082e-03,3.167401e-02,7.688668e-03,5.662374e-03,3.641172e-02,3.484522e-01,4.363132e-03,7.239765e-03,9.029878e-03,4.117537e-01,1.059275e-02,5.924604e-02
3.856368e-02,2.028392e-02,2.207454e-02,5.358070e-03,4.626337e-02,1.413991e-02,1.268131e-02,2.908937e-02,2.627988e-01,3.269611e-03,8.484175e-03,7.005667e-03,4.707423e-01,7.974065e-03,5.127125e-02
4.139564e-02,2.305323e-02,2.037991e-02,9.988913e-03,6.417340e-02,1.268881e-02,1.086923e-02,2.233298e-02,2.260699e-01,4.020597e-03,7.418351e-03,6.363582e-03,5.025940e-01,5.876398e-03,4.277501e-02
6.096623e-02,3.587484e-02,3.269918e-02,1.087788e-02,6.182345e-02,1.582752e-02,9.460671e-03,1.880099e-02,1.976974e-01,7.535729e-03,7.063366e-03,6.021012e-03,4.920108e-01,4.685476e-03,3.865544e-02
1.155969e-01,3.616655e-02,7.336848e-02,1.660990e-02,6.742642e-02,1.834839e-02,7.644906e-03,1.566213e-02,1.753650e-01,9.618361e-03,6.978689e-03,7.492078e-03,4.103711e-01,4.156701e-03,3.519445e-02
2.503963e-01,3.850956e-02,5.984994e-02,1.983316e-02,5.795215e-02,2.008502e-02,6.084178e-03,1.309955e-02,1.424904e-01,1.022914e-02,6.188983e-03,1.016627e-02,3.262762e-01,3.578678e-03,3.526049e-02
2.785871e-01,4.215619e-02,4.666239e-02,1.936185e-02,6.885704e-02,5.457652e-02,5.111978e-03,1.547306e-02,1.331846e-01,7.442889e-03,5.324368e-03,8.862738e-03,2.807144e-01,2.866414e-03,3.081850e-02
3.144187e-01,4.953947e-02,3.821133e-02,2.302437e-02,7.762524e-02,6.222723e-02,6.978850e-03,2.470394e-02,1.154940e-01,5.823045e-03,6.170454e-03,9.730338e-03,2.360241e-01,2.768689e-03,2.726030e-02
3.368777e-01,4.204282e-02,2.872876e-02,2.395089e-02,5.981818e-02,1.002860e-01,5.547886e-03,2.233465e-02,9.282749e-02,4.219869e-03,6.355197e-03,8.934422e-03,2.427664e-01,2.692346e-03,2.261734e-02
3.422248e-01,5.499983e-02,2.539471e-02,2.895047e-02,4.824742e-02,1.366215e-01,5.384563e-03,2.311093e-02,8.305996e-02,3.149212e-03,5.881969e-03,9.425942e-03,2.119003e-01,2.715894e-03,1.893239e-02
3.471044e-01,6.543720e-02,2.242960e-02,3.195646e-02,3.925232e-02,1.828648e-01,4.873800e-03,2.090958e-02,7.402213e-02,2.460623e-03,5.391154e-03,1.030916e-02,1.734903e-01,2.746296e-03,1.675212e-02
3.555620e-01,1.013068e-01,1.835345e-02,2.770939e-02,3.219003e-02,2.048885e-01,4.048769e-03,1.639462e-02,7.271910e-02,2.025325e-03,4.590326e-03,1.014951e-02,1.333428e-01,2.437843e-03,1.428165e-02
4.098476e-01,9.743692e-02,1.833830e-02,2.657108e-02,2.753875e-02,1.914904e-01,3.528729e-03,1.504517e-02,6.549881e-02,1.607410e-03,4.740929e-03,1.202970e-02,1.112769e-01,2.558440e-03,1.249099e-02
