1.000000e+00,0.000000e+00,0.000000e+00,0.000000e+00,0.000000e+00,0.000000e+00,0.000000e+00,0.000000e+00,0.000000e+00,0.000000e+00,0.000000e+00,0.000000e+00,0.000000e+00,0.000000e+00,0.000000e+00
1.000000e+00,0.000000e+00,0.000000e+00,0.000000e+00,0.000000e+00,0.000000e+00,0.000000e+00,0.000000e+00,0.000000e+00,0.000000e+00,0.000000e+00,0.000000e+00,0.000000e+00,0.000000e+00,0.000000e+00
1.000000e+00,0.000000e+00,0.000000e+00,0.000000e+00,0.000000e+00,0.000000e+00,0.000000e+00,0.000000e+00,0.000000e+00,0.000000e+00,0.000000e+00,0.000000e+00,0.000000e+00,0.000000e+00,0.000000e+00
1.000000e+00,0.000000e+00,0.000000e+00,0.000000e+00,0.000000e+00,0.000000e+00,0.000000e+00,0.000000e+00,0.000000e+00,0.000000e+00,0.000000e+00,0.000000e+00,0.000000e+00,0.000000e+00,0.000000e+00
1.000000e+00,0.000000e+00,0.000000e+00,0.000000e+00,0.000000e+00,0.000000e+00,0.000000e+00,0.000000e+00,0.000000e+00,0.000000e+00,0.000000e+00,0.000000e+00,0.000000e+00,0.000000e+00,0.000000e+00
1.000000e+00,0.000000e+00,0.000000e+00,0.000000e+00,0.000000e+00,0.000000e+00,0.000000e+00,0.000000e+00,0.000000e+00,0.000000e+00,0.000000e+00,0.000000e+00,0.000000e+00,0.000000e+00,0.000000e+00
1.000000e+00,0.000000e+00,0.000000e+00,0.000000e+00,0.000000e+00,0.000000e+00,0.000000e+00,0.000000e+00,0.000000e+00,0.000000e+00,0.000000e+00,0.000000e+00,0.000000e+00,0.000000e+00,0.000000e+00
1.000000e+00,0.000000e+00,0.000000e+00,0.000000e+00,0.000000e+00,0.000000e+00,0.000000e+00,0.000000e+00,0.000000e+00,0.000000e+00,0.000000e+00,0.000000e+00,0.000000e+00,0.000000e+00,0.000000e+00
1.000000e+00,0.000000e+00,0.000000e+00,0.000000e+00,0.000000e+00,0.000000e+00,0.000000e+00,0.000000e+00,0.000000e+00,0.000000e+00,0.000000e+00,0.000000e+00,0.000000e+00,0.000000e+00,0.000000e+00
1.000000e+00,0.000000e+00,0.000000e+00,0.000000e+00,0.000000e+00,0.000000e+00,0.000000e+00,0.000000e+00,0.000000e+00,0.000000e+00,0.000000e+00,0.000000e+00,0.000000e+00,0.000000e+00,0.000000e+00
1.000000e+00,0.000000e+00,0.000000e+00,0.000000e+00,0.000000e+00,0.000000e+00,0.000000e+00,0.000000e+00,0.000000e+00,0.000000e+00,0.000000e+00,0.000000e+00,0.000000e+00,0.000000e+00,0.000000e+00
1.000000e+00,0.000000e+00,0.000000e+00,0.000000e+00,0.000000e+00,0.000000e+00,0.000000e+00,0.000000e+00,0.000000e+00,0.000000e+00,0.000000e+00,0.000000e+00,0.000000e+00,0.000000e+00,0.000000e+00
1.000000e+00,0.000000e+00,0.000000e+00,0.000000e+00,0.000000e+00,0.000000e+00,0.000000e+00,0.000000e+00,0.000000e+00,0.000000e+00,0.000000e+00,0.000000e+00,0.000000e+00,0.000000e+00,0.000000e+00
1.000000e+00,0.000000e+00,0.000000e+00,0.000000e+00,0.000000e+00,0.000000e+00,0.000000e+00,0.000000e+00,0.000000e+00,0.000000e+00,0.000000e+00,0.000000e+00,0.000000e+00,0.000000e+00,0.000000e+00
1.000000e+00,0.000000e+00,0.000000e+00,0.000000e+00,0.000000e+00,0.000000e+00,0.000000e+00,0.000000e+00,0.000000e+00,0.000000e+00,0.000000e+00,0.000000e+00,0.000000e+00,0.000000e+00,0.000000e+00
1.000000e+00,0.000000e+00,0.000000e+00,0.000000e+00,0.000000e+00,0.000000e+00,0.000000e+00,0.000000e+00,0.000000e+00,0.000000e+00,0.000000e+00,0.000000e+00,0.000000e+00,0.000000e+00,0.000000e+00
1.000000e+00,0.000000e+00,0.000000e+00,0.000000e+00,0.000000e+00,0.000000e+00,0.000000e+00,0.000000e+00,0.000000e+00,0.000000e+00,0.000000e+00,0.000000e+00,0.000000e+00,0.000000e+00,0.000000e+00
1.000000e+00,0.000000e+00,0.000000e+00,0.000000e+00,0.000000e+00,0.000000e+00,0.000000e+00,0.000000e+00,0.000000e+00,0.000000e+00,0.000000e+00,0.000000e+00,0.000000e+00,0.000000e+00,0.000000e+00
1.000000e+00,0.000000e+00,0.000000e+00,0.000000e+00,0.000000e+00,0.000000e+00,0.000000e+00,0.000000e+00,0.000000e+00,0.000000e+00,0.000000e+00,0.000000e+00,0.000000e+00,0.000000e+00,0.000000e+00
1.000000e+00,0.000000e+00,0.000000e+00,0.000000e+00,0.000000e+00,0.000000e+00,0.000000e+00,0.000000e+00,0.000000e+00,0.000000e+00,0.000000e+00,0.000000e+00,0.000000e+00,0.000000e+00,0.000000e+00
1.000000e+00,0.000000e+00,0.000000e+00,0.000000e+00,0.000000e+00,0.000000e+00,0.000000e+00,0.000000e+00,0.000000e+00,0.000000e+00,0.000000e+00,0.000000e+00,0.000000e+00,0.000000e+00,0.000000e+00
1.000000e+00,0.000000e+00,0.000000e+00,0.000000e+00,0.000000e+00,0.000000e+00,0.000000e+00,0.000000e+00,0.000000e+00,0.000000e+00,0.000000e+00,0.000000e+00,0.000000e+00,0.000000e+00,0.000000e+00
1.000000e+00,0.000000e+00,0.000000e+00,0.000000e+00,0.000000e+00,0.000000e+00,0.000000e+00,0.000000e+00,0.000000e+00,0.000000e+00,0.000000e+00,0.000000e+00,0.000000e+00,0.000000e+00,0.000000e+00
1.000000e+00,0.000000e+00,0.000000e+00,0.000000e+00,0.000000e+00,0.000000e+00,0.000000e+00,0.000000e+00,0.000000e+00,0.000000e+00,0.000000e+00,0.000000e+00,0.000000e+00,0.000000e+00,0.000000e+00
1.000000e+00,0.000000e+00,0.000000e+00,0.000000e+00,0.000000e+00,0.000000e+00,0.000000e+00,0.000000e+00,0.000000e+00,0.000000e+00,0.000000e+00,0.000000e+00,0.000000e+00,0.000000e+00,0.000000e+00
1.000000e+00,0.000000e+00,0.000000e+00,0.000000e+00,0.000000e+00,0.000000e+00,0.000000e+00,0.000000e+00,0.000000e+00,0.000000e+00,0.000000e+00,0.000000e+00,0.000000e+00,0.000000e+00,0.000000e+00
1.000000e+00,0.000000e+00,0.000000e+00,0.000000e+00,0.000000e+00,0.000000e+00,0.000000e+00,0.000000e+00,0.000000e+00,0.000000e+00,0.000000e+00,0.000000e+00,0.000000e+00,0.000000e+00,0.000000e+00
1.000000e+00,0.000000e+00,0.000000e+00,0.000000e+00,0.000000e+00,0.000000e+00,0.000000e+00,0.000000e+00,0.000000e+00,0.000000e+00,0.000000e+00,0.000000e+00,0.000000e+00,0.000000e+00,0.000000e+00
1.000000e+00,0.000000e+00,0.000000e+00,0.000000e+00,0.000000e+00,0.000000e+00,0.000000e+00,0.000000e+00,0.000000e+00,0.000000e+00,0.000000e+00,0.000000e+00,0.000000e+00,0.000000e+00,0.000000e+00
1.000000e+00,0.000000e+00,0.000000e+00,0.000000e+00,0.000000e+00,0.000000e+00,0.000000e+00,0.000000e+00,0.000000e+00,0.000000e+00,0.000000e+00,0.000000e+00,0.000000e+00,0.000000e+00,0.000000e+00
1.000000e+00,0.000000e+00,0.000000e+00,0.000000e+00,0.000000e+00,0.000000e+00,0.000000e+00,0.000000e+00,0.000000e+00,0.000000e+00,0.000000e+00,0.000000e+00,0.000000e+00,0.000000e+00,0.000000e+00
1.000000e+00,0.000000e+00,0.000000e+00,0.000000e+00,0.000000e+00,0.000000e+00,0.000000e+00,0.000000e+00,0.000000e+00,0.000000e+00,0.000000e+00,0.000000e+00,0.000000e+00,0.000000e+00,0.000000e+00
1.000000e+00,0.000000e+00,0.000000e+00,0.000000e+00,0.000000e+00,0.000000e+00,0.000000e+00,0.000000e+00,0.000000e+00,0.000000e+00,0.000000e+00,0.000000e+00,0.000000e+00,0.000000e+00,0.000000e+00
1.000000e+00,0.000000e+00,0.000000e+00,0.000000e+00,0.000000e+00,0.000000e+00,0.000000e+00,0.000000e+00,0.000000e+00,0.000000e+00,0.000000e+00,0.000000e+00,0.000000e+00,0.000000e+00,0.000000e+00
1.000000e+00,0.000000e+00,0.000000e+00,0.000000e+00,0.000000e+00,0.000000e+00,0.000000e+00,0.000000e+00,0.000000e+00,0.000000e+00,0.000000e+00,0.000000e+00,0.000000e+00,0.000000e+00,0.000000e+00
1.000000e+00,0.000000e+00,0.000000e+00,0.000000e+00,0.000000e+00,0.000000e+00,0.000000e+00,0.000000e+00,0.000000e+00,0.000000e+00,0.000000e+00,0.000000e+00,0.000000e+00,0.000000e+00,0.000000e+00
1.000000e+00,0.000000e+00,0.000000e+00,0.000000e+00,0.000000e+00,0.000000e+00,0.000000e+00,0.000000e+00,0.000000e+00,0.000000e+00,0.000000e+00,0.000000e+00,0.000000e+00,0.000000e+00,0.000000e+00
1.000000e+00,0.000000e+00,0.000000e+00,0.000000e+00,0.000000e+00,0.000000e+00,0.000000e+00,0.000000e+00,0.000000e+00,0.000000e+00,0.000000e+00,0.000000e+00,0.000000e+00,0.000000e+00,0.000000e+00
1.000000e+00,0.000000e+00,0.000000e+00,0.000000e+00,0.000000e+00,0.000000e+00,0.000000e+00,0.000000e+00,0.000000e+00,0.000000e+00,0.000000e+00,0.000000e+00,0.000000e+00,0.000000e+00,0.000000e+00
1.000000e+00,0.000000e+00,0.000000e+00,0.000000e+00,0.000000e+00,0.000000e+00,0.000000e+00,0.000000e+00,0.000000e+00,0.000000e+00,0.000000e+00,0.000000e+00,0.000000e+00,0.000000e+00,0.000000e+00
1.000000e+00,0.000000e+00,0.000000e+00,0.000000e+00,0.000000e+00,0.000000e+00,0.000000e+00,0.000000e+00,0.000000e+00,0.000000e+00,0.000000e+00,0.000000e+00,0.000000e+00,0.000000e+00,0.000000e+00
1.000000e+00,0.000000e+00,0.000000e+00,0.000000e+00,0.000000e+00,0.000000e+00,0.000000e+00,0.000000e+00,0.000000e+00,0.000000e+00,0.000000e+00,0.000000e+00,0.000000e+00,0.000000e+00,0.000000e+00
1.000000e+00,0.000000e+00,0.000000e+00,0.000000e+00,0.000000e+00,0.000000e+00,0.000000e+00,0.000000e+00,0.000000e+00,0.000000e+00,0.000000e+00,0.000000e+00,0.000000e+00,0.000000e+00,0.000000e+00
1.000000e+00,0.000000e+00,0.000000e+00,0.000000e+00,0.000000e+00,0.000000e+00,0.000000e+00,0.000000e+00,0.000000e+00,0.000000e+00,0.000000e+00,0.000000e+00,0.000000e+00,0.000000e+00,0.000000e+00
4.841951e-01,2.950399e-02,1.679009e-02,1.141210e-01,1.224533e-02,3.132899e-02,1.015415e-02,3.551397e-02,2.266626e-02,2.548107e-03,3.655353e-02,1.618879e-01,2.120833e-02,3.060041e-03,1.822309e-02
4.494912e-01,3.205217e-02,1.541756e-02,1.234698e-01,1.386320e-02,3.132024e-02,1.086082e-02,3.258536e-02,2.811062e-02,2.769961e-03,4.013839e-02,1.709969e-01,2.679497e-02,3.514886e-03,1.861399e-02
4.154857e-01,3.234191e-02,1.291242e-02,1.197471e-01,1.561350e-02,3.203522e-02,1.145454e-02,2.805138e-02,3.315018e-02,3.158389e-03,4.393270e-02,1.952279e-01,3.379900e-02,3.950761e-03,1.913926e-02
3.418605e-01,5.352909e-02,1.504695e-02,1.409817e-01,2.368364e-02,3.617750e-02,1.881173e-02,3.184528e-02,4.060936e-02,3.999751e-03,3.938669e-02,1.885317e-01,3.974332e-02,3.807843e-03,2.198496e-02
2.744053e-01,5.653915e-02,1.486372e-02,1.515846e-01,2.689740e-02,3.962754e-02,1.939716e-02,3.102373e-02,4.570157e-02,4.335466e-03,3.803567e-02,2.161184e-01,5.470014e-02,3.900385e-03,2.286971e-02
2.000996e-01,4.798063e-02,2.950204e-02,2.078836e-01,2.623013e-02,3.478916e-02,1.641485e-02,3.981661e-02,3.706917e-02,3.453927e-03,3.652713e-02,2.487602e-01,4.928257e-02,3.499287e-03,1.869098e-02
1.969118e-01,4.109712e-02,2.438503e-02,1.909109e-01,2.767478e-02,4.170188e-02,1.502498e-02,3.210949e-02,3.213106e-02,2.961718e-03,3.549499e-02,2.909998e-01,4.860038e-02,3.191005e-03,1.680499e-02
1.611397e-01,3.145071e-02,2.083867e-02,1.749427e-01,2.530881e-02,6.787315e-02,1.558386e-02,4.544062e-02,2.532933e-02,2.296563e-03,3.424238e-02,3.364785e-01,4.330617e-02,2.728142e-03,1.304061e-02
1.273005e-01,2.487632e-02,6.047862e-02,1.444344e-01,2.038418e-02,1.062389e-01,2.548226e-02,1.421459e-01,1.862957e-02,1.753907e-03,2.660412e-02,2.545045e-01,3.509954e-02,2.078447e-03,9.988790e-03
9.065799e-02,1.776013e-02,4.330863e-02,1.021934e-01,1.646945e-02,7.580345e-02,9.269077e-02,3.132058e-01,1.325202e-02,1.267086e-03,1.949487e-02,1.791998e-01,2.602247e-02,1.512725e-03,7.161354e-03
6.507093e-02,1.266810e-02,3.121234e-02,7.182177e-02,1.197715e-02,5.347095e-02,1.412308e-01,4.381467e-01,9.337150e-03,9.026838e-04,1.384646e-02,1.256395e-01,1.851221e-02,1.103372e-03,5.059845e-03
5.036653e-02,9.318125e-03,2.301790e-02,5.054563e-02,9.043908e-03,3.899083e-02,2.799641e-01,4.143617e-01,6.686044e-03,7.031533e-04,1.001825e-02,8.843973e-02,1.363276e-02,1.056599e-03,3.854771e-03
4.303996e-02,6.952622e-03,1.756693e-02,3.563612e-02,6.932032e-03,2.852993e-02,3.157634e-01,4.567579e-01,4.826094e-03,5.355137e-04,7.290163e-03,6.217599e-02,9.945133e-03,9.873055e-04,3.060839e-03
8.160529e-02,6.255522e-03,1.479592e-02,2.612544e-02,7.627286e-03,2.285499e-02,2.972383e-01,4.705280e-01,4.112454e-03,5.792964e-04,7.207951e-03,4.495528e-02,9.400187e-03,1.906820e-03,4.807220e-03
1.276247e-01,6.377853e-03,1.511859e-02,2.073424e-02,8.037790e-03,1.833187e-02,2.603173e-01,4.815833e-01,3.673427e-03,7.434002e-04,6.713268e-03,3.238165e-02,9.054231e-03,2.699668e-03,6.608769e-03
1.434134e-01,5.371633e-03,1.386122e-02,1.624571e-02,7.023957e-03,1.569097e-02,2.043746e-01,5.408671e-01,3.287632e-03,7.156502e-04,5.998777e-03,2.439775e-02,9.510197e-03,2.497356e-03,6.744051e-03
1.988377e-01,6.551272e-03,1.746782e-02,1.392205e-02,7.998055e-03,1.401397e-02,1.638738e-01,5.261363e-01,2.949745e-03,1.180730e-03,5.967258e-03,2.035243e-02,1.010774e-02,2.666293e-03,7.974763e-03
1.514196e-01,5.206528e-03,1.905162e-02,1.229515e-02,8.824189e-03,1.166212e-02,1.297397e-01,6.231983e-01,2.218248e-03,9.315608e-04,4.571851e-03,1.506989e-02,7.881133e-03,1.965700e-03,5.964410e-03
1.100378e-01,4.420533e-03,3.047577e-02,1.879605e-02,1.066012e-02,1.507956e-02,1.014668e-01,6.631528e-01,1.690765e-03,1.003725e-03,4.480787e-03,1.870762e-02,1.322743e-02,2.273545e-03,4.526731e-03
7.767196e-02,3.332111e-03,2.606018e-02,1.559827e-02,1.106935e-02,1.728521e-02,7.293775e-02,7.093216e-01,1.244644e-03,9.508925e-04,1.488200e-02,2.224001e-02,1.608368e-02,7.502353e-03,3.820091e-03
5.461030e-02,2.389627e-03,1.919886e-02,1.136521e-02,8.087226e-03,1.377389e-02,5.142348e-02,5.521481e-01,9.884570e-04,1.129030e-02,3.394444e-02,6.012453e-02,3.921251e-02,1.367138e-01,4.729299e-03
3.828450e-02,1.685979e-03,1.344985e-02,8.017686e-03,5.728706e-03,9.741978e-03,3.605713e-02,3.934385e-01,7.526298e-04,8.562250e-03,4.036734e-02,6.295042e-02,4.350708e-02,3.333479e-01,4.108107e-03
2.688349e-02,1.212014e-03,9.421844e-03,5.673767e-03,4.064452e-03,6.882295e-03,2.528348e-02,2.766576e-01,6.123575e-04,6.770886e-03,3.733353e-02,5.130681e-02,3.280719e-02,5.112764e-01,3.813948e-03
1.883653e-02,1.026692e-03,6.604332e-03,4.144125e-03,2.950534e-03,4.954125e-03,1.771349e-02,1.937571e-01,1.165354e-03,9.493614e-03,2.874020e-02,3.961261e-02,2.348199e-02,6.439865e-01,3.532815e-03
1.320320e-02,2.103808e-03,4.653752e-03,3.210188e-03,2.129972e-03,3.519170e-03,1.240682e-02,1.356604e-01,2.965920e-03,8.139629e-03,2.478727e-02,2.994060e-02,1.682019e-02,7.373679e-01,3.091215e-03
9.280733e-03,2.821475e-03,3.383037e-03,3.430739e-03,1.602274e-03,9.929969e-03,8.702779e-03,9.497958e-02,4.702706e-03,6.259056e-03,1.915237e-02,2.236431e-02,1.298578e-02,7.964603e-01,3.944909e-03
7.803229e-03,2.855026e-03,3.521241e-03,6.902263e-03,1.195337e-02,9.425683e-03,6.637083e-03,6.784647e-02,7.244566e-03,5.226297e-03,1.748751e-02,1.786071e-02,1.053755e-02,8.210660e-01,3.633037e-03
8.148443e-03,2.453953e-03,2.633943e-03,5.569630e-03,2.975338e-02,7.296469e-03,4.713534e-03,4.770828e-02,8.254378e-03,4.630251e-03,1.663071e-02,1.427988e-02,9.985129e-03,8.337326e-01,4.209390e-03
6.106608e-03,1.867337e-03,1.922878e-03,3.998325e-03,2.287737e-02,6.811518e-03,3.326334e-03,3.349237e-02,1.047981e-02,4.044394e-03,1.302640e-02,1.036721e-02,8.048500e-03,8.681745e-01,5.456416e-03
5.082624e-03,1.872944e-03,1.469775e-03,2.891187e-03,1.816324e-02,7.001609e-03,2.364638e-03,2.353088e-02,2.078146e-02,3.845181e-03,1.013793e-02,7.555024e-03,6.208155e-03,8.827747e-01,6.320692e-03
4.781774e-03,3.341536e-03,1.847472e-03,2.140194e-03,1.397975e-02,9.772290e-03,1.689693e-03,1.656777e-02,7.232609e-02,5.968183e-03,8.025003e-03,5.381749e-03,5.027809e-03,8.414206e-01,7.730083e-03
4.120096e-03,2.578386e-03,2.153637e-03,1.611653e-03,9.986162e-03,8.921104e-03,1.197139e-03,1.172046e-02,7.483788e-02,5.393711e-03,5.963988e-03,3.802014e-03,3.923224e-03,8.566216e-01,7.168876e-03
6.901112e-03,2.297711e-03,2.729021e-03,1.346082e-03,7.377970e-03,7.789195e-03,8.970585e-04,8.449522e-03,6.959917e-02,9.157726e-03,4.675876e-03,2.729126e-03,3.902078e-03,8.634821e-01,8.666158e-03
9.317037e-03,1.922083e-03,1.117511e-02,2.807977e-03,6.907471e-03,6.139456e-03,7.916535e-04,4.306713e-02,6.560984e-02,8.156005e-03,5.627859e-03,1.984208e-03,3.347315e-03,8.233575e-01,9.789259e-03
1.363258e-02,2.188806e-03,1.607336e-02,3.807956e-03,7.291949e-03,5.124880e-03,6.395331e-04,3.359732e-02,5.918154e-02,7.589916e-03,6.051201e-03,1.515100e-03,3.240434e-03,8.165615e-01,2.350389e-02
2.392231e-02,2.694954e-03,1.201796e-01,5.410970e-03,1.407138e-02,5.296384e-03,9.040781e-04,3.597165e-02,4.688926e-02,7.334748e-03,7.036654e-03,1.143005e-03,2.861142e-03,7.030177e-01,2.326617e-02
2.921758e-02,2.836809e-03,2.061485e-01,9.364188e-03,2.019113e-02,5.258728e-03,1.805241e-03,4.857954e-02,4.061947e-02,7.449478e-03,7.179516e-03,1.024525e-03,3.731298e-03,5.948870e-01,2.170697e-02
3.417478e-02,3.587047e-03,1.737202e-01,2.464144e-02,5.815484e-02,5.103539e-03,1.952609e-03,9.088214e-02,4.264165e-02,7.970763e-03,7.728590e-03,1.123231e-03,4.417649e-03,5.186567e-01,2.524481e-02
5.963691e-02,7.565647e-03,1.618338e-01,1.012621e-01,1.067163e-01,6.923159e-03,1.969688e-03,7.364826e-02,3.487558e-02,6.111413e-03,9.111628e-03,1.812637e-03,6.573321e-03,3.898455e-01,3.211408e-02
8.477452e-02,1.206899e-02,1.522162e-01,1.439784e-01,1.661230e-01,9.745207e-03,3.112531e-03,5.406363e-02,3.236990e-02,4.564723e-03,9.855743e-03,2.941806e-03,8.669328e-03,2.796074e-01,3.590864e-02
8.938133e-02,1.282635e-02,1.183811e-01,1.848072e-01,2.551504e-01,1.689234e-02,3.846436e-03,3.973402e-02,2.994616e-02,3.364711e-03,9.047899e-03,2.532688e-03,7.935357e-03,1.970392e-01,2.911489e-02
8.633780e-02,1.388998e-02,8.596709e-02,2.686303e-01,2.713965e-01,1.903633e-02,5.404660e-03,3.033257e-02,3.569240e-02,2.515065e-03,1.008507e-02,3.120226e-03,6.889435e-03,1.393128e-01,2.138972e-02
1.044935e-01,1.624423e-02,6.162282e-02,3.257012e-01,2.627437e-01,1.982586e-02,5.799527e-03,2.503347e-02,3.584784e-02,2.302323e-03,1.358486e-02,4.408348e-03,6.879778e-03,9.851436e-02,1.699817e-02
8.502556e-02,1.546841e-02,4.386698e-02,3.347667e-01,3.051213e-01,3.742280e-02,2.483127e-02,2.231587e-02,2.678471e-02,1.769376e-03,1.066090e-02,4.310145e-03,6.368170e-03,6.908003e-02,1.220777e-02
7.054150e-02,3.079765e-02,3.139294e-02,4.524066e-01,2.376910e-01,3.499970e-02,1.756056e-02,1.669926e-02,2.077879e-02,1.794309e-03,1.891791e-02,3.599087e-03,4.872617e-03,4.856366e-02,9.384428e-03
6.109118e-02,1.904189e-01,2.276231e-02,3.192235e-01,1.859611e-01,1.118759e-01,1.242897e-02,1.290780e-02,1.600514e-02,1.636975e-03,1.619473e-02,2.971757e-03,3.651188e-03,3.467942e-02,8.191190e-03
4.342624e-02,2.414299e-01,1.620326e-02,2.239358e-01,1.336033e-01,2.506663e-01,8.997627e-03,9.173438e-03,1.247552e-02,1.341854e-03,2.324573e-02,2.431778e-03,2.629676e-03,2.453076e-02,5.908862e-03
3.049111e-02,2.584276e-01,1.144761e-02,1.568624e-01,9.507571e-02,3.676602e-01,6.401572e-03,6.454601e-03,9.156710e-03,1.051245e-03,3.146921e-02,1.803929e-03,1.930952e-03,1.751961e-02,4.247579e-03
2.137081e-02,2.651346e-01,8.122231e-03,1.098606e-01,6.823221e-02,4.534903e-01,4.576487e-03,4.547426e-03,6.512067e-03,7.820748e-04,3.860250e-02,1.724613e-03,1.381495e-03,1.266054e-02,3.002119e-03
1.502548e-02,3.310828e-01,5.919417e-03,7.701393e-02,5.019801e-02,4.505073e-01,3.405469e-03,3.243935e-03,4.868589e-03,6.921743e-04,4.347856e-02,1.919776e-03,1.028872e-03,9.454411e-03,2.161360e-03
1.096006e-02,3.224239e-01,4.862687e-03,5.414376e-02,3.962207e-02,4.947819e-01,2.974682e-03,2.585436e-03,3.939393e-03,6.411011e-04,4.983037e-02,2.459055e-03,9.237788e-04,8.224594e-03,1.627250e-03
1.044569e-02,3.074565e-01,6.546503e-03,3.867405e-02,3.768652e-02,4.402086e-01,3.812938e-03,3.200440e-03,4.803031e-03,1.223794e-03,1.131717e-01,1.657720e-02,1.514370e-03,1.281134e-02,1.867373e-03
7.937727e-03,2.514421e-01,5.193878e-03,2.716833e-02,2.912806e-02,3.554912e-01,2.912058e-03,2.432603e-03,4.216848e-03,1.071492e-03,2.629351e-01,1.561636e-02,1.204890e-03,3.167318e-02,1.576255e-03
6.481897e-03,2.027855e-01,4.554283e-03,1.915638e-02,2.248514e-02,2.745323e-01,2.254437e-03,2.089201e-03,6.124356e-03,1.164208e-03,3.918050e-01,1.517833e-02,1.023101e-03,4.884499e-02,1.520990e-03
4.744803e-03,1.478004e-01,3.396522e-03,1.344982e-02,1.638971e-02,2.002891e-01,1.642357e-03,1.532750e-03,4.630250e-03,9.166260e-04,5.228246e-01,1.579874e-02,7.721388e-04,6.464169e-02,1.170564e-03
3.406574e-03,1.041499e-01,2.459473e-03,9.434426e-03,1.153876e-02,1.407088e-01,1.177930e-03,1.092473e-03,3.985656e-03,8.188965e-04,6.138801e-01,1.532160e-02,5.591406e-04,9.056053e-02,9.058281e-04
2.417434e-03,7.301880e-02,1.788511e-03,6.612741e-03,8.232173e-03,9.862746e-02,8.817585e-04,7.764014e-04,2.993847e-03,1.081787e-03,7.037573e-01,1.292369e-02,4.029664e-04,8.576979e-02,7.153348e-04
1.755000e-03,5.133200e-02,1.484624e-03,4.666095e-03,6.208814e-03,6.921143e-02,7.013974e-04,6.395328e-04,2.272717e-03,9.716118e-04,7.545322e-01,1.450317e-02,2.968052e-04,9.087171e-02,5.528753e-04
1.492339e-03,3.642751e-02,1.774345e-03,3.402356e-03,5.144256e-03,4.868684e-02,5.582544e-04,7.049057e-04,2.178204e-03,1.727305e-03,7.954733e-01,1.983240e-02,2.341291e-04,8.181392e-02,5.499737e-04
1.418724e-03,2.649130e-02,1.638354e-03,2.466643e-03,3.859690e-03,3.435905e-02,4.547940e-04,7.742088e-04,1.896417e-03,2.122924e-03,8.087866e-01,2.649450e-02,1.874561e-04,8.860492e-02,4.444535e-04
3.191358e-03,2.114149e-02,2.431491e-03,1.915333e-03,2.994125e-03,2.469065e-02,4.489867e-04,1.064677e-03,1.922348e-03,3.280505e-03,8.123421e-01,3.009242e-02,1.703257e-04,9.380624e-02,5.079583e-04
3.359186e-03,1.569024e-02,2.732957e-03,1.424289e-03,2.207252e-03,1.795084e-02,4.775146e-04,9.637384e-04,1.584500e-03,3.300276e-03,8.177509e-01,2.803368e-02,1.410127e-04,1.039336e-01,4.499675e-04
4.278626e-03,1.173728e-02,3.185430e-03,1.126390e-03,1.794215e-03,1.380722e-02,9.025519e-04,9.464189e-04,2.535745e-03,6.109689e-03,7.992865e-01,3.685163e-02,1.641005e-04,1.167658e-01,5.083774e-04
5.841843e-03,8.839028e-03,3.196521e-03,9.634280e-04,1.539249e-03,1.035714e-02,9.119082e-04,1.088181e-03,5.092670e-03,6.539074e-03,7.689509e-01,3.829950e-02,1.933908e-04,1.477106e-01,4.765846e-04
4.843509e-03,7.599830e-03,2.668328e-03,7.777811e-04,1.419635e-03,7.830856e-03,8.059664e-04,9.102459e-04,1.162529e-02,7.429540e-03,7.264544e-01,3.835080e-02,1.889542e-04,1.886864e-01,4.084457e-04
7.333273e-03,6.653961e-03,2.233947e-03,7.382595e-04,1.386847e-03,6.247749e-03,6.943895e-04,8.983876e-04,2.866982e-02,9.414027e-03,6.801190e-01,4.582104e-02,3.097333e-04,2.089846e-01,4.949654e-04
1.011172e-02,6.775918e-03,2.116455e-03,7.387656e-04,1.964846e-03,6.559409e-03,6.100477e-04,1.174780e-03,7.087325e-02,8.513183e-03,6.113719e-01,3.609526e-02,4.115278e-04,2.419122e-01,7.708046e-04
1.203749e-02,1.242806e-02,4.100046e-03,2.108566e-03,3.570794e-03,8.333097e-03,6.524627e-04,2.953356e-03,1.343194e-01,8.253760e-03,5.206206e-01,3.327324e-02,6.273335e-04,2.554439e-01,1.277788e-03
1.229105e-02,1.615889e-02,5.263230e-03,1.913920e-03,3.764062e-03,1.068532e-02,5.317223e-04,2.919432e-03,2.484919e-01,6.595885e-03,3.910005e-01,2.563789e-02,5.698131e-04,2.724519e-01,1.724361e-03
1.039620e-02,1.919783e-02,6.467798e-03,1.895050e-03,3.880152e-03,1.597949e-02,4.053467e-04,2.627120e-03,3.676946e-01,5.669183e-03,2.829478e-01,1.865114e-02,4.750651e-04,2.614524e-01,2.260800e-03
1.234278e-02,1.485541e-02,4.147842e-02,3.883387e-03,3.257891e-03,2.042525e-02,3.731829e-04,4.058510e-03,4.695474e-01,4.934290e-03,2.050178e-01,1.321756e-02,3.663161e-04,2.032281e-01,3.013726e-03
2.011258e-02,1.063693e-02,3.969858e-02,8.149005e-03,2.914228e-03,1.745023e-02,3.002055e-04,4.596121e-03,5.741773e-01,6.001883e-03,1.496380e-01,9.303825e-03,3.038872e-04,1.519209e-01,4.796205e-03
2.214492e-02,7.875318e-03,3.020395e-02,7.072198e-03,2.600629e-03,1.639611e-02,2.514776e-04,3.884066e-03,6.577795e-01,5.989667e-03,1.134276e-01,6.597462e-03,3.037647e-04,1.178657e-01,7.607757e-03
2.476183e-02,5.974380e-03,3.138491e-02,1.043487e-02,2.290309e-03,1.333671e-02,1.966043e-04,3.047342e-03,6.847683e-01,5.842175e-03,1.047326e-01,4.718654e-03,3.776000e-04,9.744784e-02,1.068594e-02
2.525151e-02,4.628270e-03,2.910757e-02,1.288172e-02,2.159801e-03,1.146025e-02,1.562622e-04,2.382594e-03,6.763876e-01,5.313704e-03,1.366548e-01,3.408732e-03,4.037969e-04,8.054630e-02,9.257039e-03
2.836419e-02,3.778214e-03,2.368032e-02,1.117492e-02,1.956145e-03,9.686438e-03,1.265593e-04,1.833561e-03,6.018804e-01,4.195831e-03,2.358936e-01,2.486574e-03,4.112624e-04,6.570788e-02,8.824050e-03
3.402563e-02,2.993448e-03,1.933898e-02,9.470945e-03,1.585346e-03,8.303739e-03,1.073664e-04,1.477040e-03,5.070360e-01,3.528490e-03,3.255374e-01,1.926501e-03,4.085973e-04,7.354597e-02,1.071457e-02
4.535905e-02,3.279235e-03,1.981778e-02,8.728565e-03,1.314914e-03,7.453536e-03,1.324613e-04,1.388018e-03,4.750991e-01,3.278454e-03,3.096946e-01,1.630999e-03,4.275531e-04,1.067043e-01,1.569138e-02
7.381267e-02,4.143155e-03,3.782493e-02,9.399785e-03,1.218982e-03,6.744413e-03,2.283356e-04,1.620100e-03,4.336659e-01,2.886494e-03,2.799096e-01,1.548185e-03,4.515455e-04,1.284408e-01,1.810502e-02
1.130737e-01,5.197974e-03,4.123868e-02,8.966571e-03,1.219818e-03,6.346942e-03,3.703002e-04,1.517426e-03,3.621239e-01,2.717057e-03,2.544120e-01,1.479585e-03,4.824643e-04,1.803345e-01,2.051911e-02
1.880679e-01,8.435929e-03,5.466290e-02,9.731763e-03,1.740911e-03,8.950895e-03,1.080584e-03,1.642477e-03,2.997736e-01,2.432175e-03,2.053088e-01,1.436595e-03,6.680319e-04,1.922862e-01,2.378130e-02
2.848489e-01,1.076425e-02,6.339446e-02,9.530447e-03,3.250441e-03,1.111107e-02,1.901391e-03,2.594493e-03,2.552160e-01,3.399780e-03,1.600185e-01,1.927653e-03,1.078585e-03,1.622413e-01,2.872280e-02
2.142002e-01,1.301168e-01,5.776303e-02,6.935313e-02,2.668994e-03,8.506468e-03,1.490707e-03,2.522585e-03,2.069135e-01,4.738282e-03,1.179915e-01,2.159355e-03,1.921069e-03,1.162359e-01,6.341861e-02
1.505530e-01,2.679485e-01,6.718912e-02,5.699594e-02,2.410002e-03,6.869941e-03,1.074817e-03,1.985278e-03,1.641551e-01,1.605135e-02,1.146141e-01,3.655894e-03,4.429837e-03,8.925512e-02,5.281208e-02
1.080898e-01,2.732620e-01,6.138764e-02,4.962038e-02,1.945695e-03,5.102140e-03,7.888600e-04,2.155931e-03,1.247321e-01,1.909348e-02,2.008397e-01,6.103361e-03,9.072158e-03,9.534481e-02,4.246189e-02
7.989375e-02,1.929876e-01,4.970624e-02,4.140899e-02,1.780023e-03,5.779346e-02,6.755987e-04,3.358788e-03,9.126884e-02,1.788241e-02,2.462468e-01,5.570175e-03,7.146458e-03,1.738394e-01,3.044159e-02
5.695523e-02,1.378703e-01,3.544421e-02,3.120472e-02,1.856147e-03,4.198011e-02,5.086543e-04,2.829982e-03,7.153350e-02,1.514953e-02,3.900701e-01,7.046225e-03,5.592220e-03,1.797223e-01,2.223682e-02
4.122221e-02,9.714062e-02,2.497042e-02,2.289430e-02,1.847104e-03,3.023484e-02,4.066850e-04,2.290021e-03,5.254626e-02,1.289579e-02,5.010247e-01,8.818758e-03,4.431682e-03,1.832442e-01,1.603230e-02
2.936200e-02,6.812131e-02,1.752106e-02,1.628390e-02,3.852880e-03,2.144276e-02,3.293510e-04,1.755985e-03,3.758065e-02,9.645957e-03,5.778613e-01,1.445939e-02,4.374462e-03,1.857709e-01,1.163808e-02
2.092780e-02,4.798204e-02,1.241333e-02,1.161223e-02,4.513874e-03,1.537785e-02,2.670371e-04,1.377575e-03,2.713105e-02,7.964525e-03,5.887035e-01,2.094968e-02,3.556997e-03,2.287972e-01,8.425254e-03
1.478230e-02,3.437524e-02,8.740122e-03,8.200958e-03,4.900022e-03,1.199374e-02,2.066268e-04,1.026607e-03,1.988541e-02,6.570110e-03,6.146123e-01,2.404391e-02,3.106519e-03,2.415546e-01,6.001506e-03
1.046939e-02,2.466884e-02,6.161856e-03,5.892524e-03,5.575052e-03,1.505820e-02,1.810997e-04,8.069223e-04,1.844986e-02,7.275136e-03,6.357036e-01,2.132266e-02,2.700253e-03,2.414283e-01,4.306331e-03
7.682811e-03,2.047751e-02,4.539794e-03,4.476275e-03,1.096401e-02,3.632432e-02,2.833167e-04,9.123287e-04,2.923395e-02,7.712694e-03,5.918762e-01,2.078576e-02,2.628714e-03,2.588519e-01,3.250348e-03
5.889954e-03,1.583197e-02,3.448046e-03,3.222889e-03,1.038165e-02,4.651191e-02,4.689704e-04,8.993562e-04,3.359155e-02,1.981763e-02,6.155486e-01,2.149048e-02,2.580534e-03,2.179225e-01,2.394007e-03
4.451127e-03,1.478185e-02,2.834870e-03,2.493813e-03,1.215532e-02,8.626209e-02,5.915418e-04,8.865254e-04,5.287944e-02,3.155308e-02,5.676513e-01,1.990545e-02,2.559437e-03,1.991293e-01,1.864882e-03
3.943167e-03,1.427976e-02,2.231820e-03,1.880584e-03,1.124686e-02,1.005035e-01,5.033864e-04,6.856063e-04,4.755212e-02,3.785962e-02,5.517957e-01,2.369548e-02,2.928603e-03,1.992020e-01,1.691841e-03
4.138696e-03,1.351173e-02,2.016904e-03,1.726419e-03,9.224637e-03,8.099647e-02,4.055204e-04,6.483876e-04,4.523894e-02,3.970467e-02,5.994017e-01,2.158291e-02,4.027458e-03,1.753595e-01,2.016040e-03
4.043181e-03,1.927521e-02,2.356653e-03,1.557736e-03,1.096793e-02,1.071540e-01,3.627317e-04,7.815463e-04,5.996589e-02,4.096701e-02,5.301145e-01,2.373592e-02,4.845161e-03,1.920060e-01,1.866484e-03
6.563755e-03,6.663697e-02,1.068407e-02,2.652294e-03,1.029180e-02,1.828923e-01,8.158870e-04,1.363382e-02,1.051300e-01,3.296632e-02,3.947058e-01,1.926177e-02,4.261820e-03,1.470119e-01,2.491507e-03
4.963566e-03,9.638869e-02,7.547690e-03,1.942338e-03,7.923692e-03,2.175095e-01,5.928336e-04,9.679319e-03,2.274030e-01,2.331420e-02,2.808723e-01,1.357037e-02,3.041446e-03,1.034114e-01,1.839658e-03
3.836771e-03,1.412885e-01,5.575733e-03,2.161423e-03,1.118033e-02,2.274722e-01,4.482527e-04,7.025007e-03,3.005047e-01,1.646038e-02,1.974521e-01,9.533698e-03,2.168178e-03,7.275262e-02,2.140021e-03
3.458070e-03,1.886717e-01,4.113359e-03,3.612037e-03,1.296393e-02,2.066943e-01,3.441888e-04,6.599436e-03,3.587303e-01,1.239441e-02,1.385702e-01,6.712176e-03,1.652210e-03,5.146316e-02,4.020443e-03
6.514981e-03,1.796416e-01,3.940084e-03,6.644013e-03,5.568228e-02,1.743491e-01,4.971073e-04,1.716232e-02,4.024331e-01,8.880150e-03,9.777126e-02,4.713958e-03,1.216145e-03,3.649178e-02,4.062173e-03
1.053302e-02,1.998984e-01,4.362268e-03,1.925211e-02,9.000345e-02,1.426219e-01,5.783978e-04,2.487006e-02,3.732502e-01,7.347690e-03,6.904408e-02,3.321247e-03,1.045369e-03,2.954653e-02,2.432530e-02
1.728073e-02,1.767255e-01,3.300524e-03,1.819727e-02,9.402595e-02,1.245994e-01,4.684022e-04,2.061380e-02,4.084044e-01,6.219095e-03,4.938336e-02,2.364384e-03,8.640402e-04,2.359529e-02,5.395783e-02
1.869341e-02,2.100491e-01,2.683215e-03,2.017278e-02,8.007185e-02,9.601428e-02,4.239539e-04,3.191672e-02,4.180509e-01,5.250960e-03,3.510358e-02,1.702981e-03,1.066817e-03,1.925860e-02,5.954085e-02
2.318978e-02,1.889449e-01,2.806997e-03,4.533074e-02,8.287907e-02,8.068366e-02,5.494655e-04,5.018212e-02,4.244303e-01,4.445164e-03,2.573430e-02,1.357734e-03,1.728644e-03,1.776609e-02,4.997107e-02
3.124164e-02,1.531091e-01,2.328742e-03,1.483818e-01,7.650176e-02,6.055160e-02,4.569867e-04,3.913733e-02,3.897009e-01,3.566829e-03,2.292649e-02,3.966000e-03,3.060274e-03,1.325931e-02,5.181119e-02
2.456531e-02,1.094659e-01,3.500646e-03,2.521781e-01,9.032562e-02,4.395002e-02,4.636140e-04,2.763893e-02,3.376736e-01,3.845825e-03,3.307527e-02,1.929764e-02,3.038425e-03,1.006596e-02,4.091512e-02
2.034677e-02,7.864062e-02,3.360526e-03,2.799518e-01,6.614807e-02,3.486529e-02,4.689496e-04,1.952598e-02,2.648088e-01,3.807783e-03,4.635514e-02,1.352586e-01,4.431976e-03,7.447819e-03,3.458194e-02
1.480157e-02,5.533920e-02,2.864480e-03,2.228241e-01,4.770343e-02,2.933813e-02,3.744511e-04,1.378767e-02,1.914525e-01,3.044364e-03,8.215140e-02,3.012462e-01,4.668396e-03,5.401463e-03,2.500271e-02
1.088673e-02,3.893875e-02,2.367820e-03,1.597245e-01,3.543976e-02,2.208646e-02,2.941675e-04,9.840996e-03,1.358446e-01,2.418413e-03,1.491123e-01,4.075845e-01,3.518793e-03,3.971683e-03,1.797037e-02
8.043528e-03,2.737921e-02,1.822275e-03,1.133006e-01,2.660011e-02,1.859921e-02,2.203673e-04,6.992385e-03,9.685724e-02,1.952337e-03,1.850245e-01,4.947735e-01,2.827314e-03,2.876668e-03,1.273077e-02
5.933467e-03,1.927480e-02,1.295364e-03,8.016820e-02,2.961770e-02,1.423599e-02,1.618916e-04,4.915723e-03,6.937571e-02,1.615334e-03,1.437742e-01,6.163534e-01,2.139997e-03,2.071409e-03,9.066832e-03
4.655410e-03,1.374345e-02,9.536431e-04,5.683202e-02,4.930831e-02,1.140481e-02,1.214581e-04,3.460123e-03,4.984330e-02,1.339554e-03,1.146618e-01,6.840175e-01,1.588459e-03,1.511252e-03,6.558904e-03
4.408682e-03,9.848868e-03,7.034020e-04,4.052449e-02,5.757717e-02,8.580227e-03,1.059484e-04,2.475827e-03,3.595402e-02,1.341666e-03,1.048492e-01,7.264932e-01,1.164738e-03,1.143677e-03,4.828797e-03
3.667031e-03,7.159307e-03,5.240679e-04,2.914063e-02,6.085506e-02,6.255049e-03,1.223751e-04,1.822205e-03,2.595505e-02,1.160578e-03,8.133124e-02,7.767563e-01,8.911191e-04,8.676191e-04,3.492336e-03
4.303414e-03,5.454432e-03,4.172341e-04,2.082011e-02,8.442356e-02,5.040969e-03,2.573934e-04,1.438710e-03,1.909860e-02,1.074963e-03,6.784623e-02,7.859036e-01,7.242877e-04,6.487233e-04,2.547826e-03
3.432116e-03,4.202671e-03,4.215575e-04,1.466303e-02,1.266986e-01,4.932840e-03,7.776382e-04,1.414783e-03,1.630720e-02,8.891434e-04,5.250698e-02,7.708484e-01,5.836434e-04,4.892863e-04,1.832218e-03
2.665120e-03,3.264001e-03,5.184484e-04,1.035282e-02,1.463960e-01,8.208587e-03,2.117716e-03,1.405345e-03,1.592666e-02,8.042568e-04,3.968038e-02,7.664671e-01,4.858084e-04,3.719512e-04,1.335843e-03
2.615401e-03,2.550446e-03,1.963370e-03,7.392186e-03,1.732115e-01,1.495997e-02,1.043039e-02,1.495650e-02,2.230777e-02,9.340337e-04,3.435785e-02,7.123691e-01,5.796805e-04,3.852442e-04,9.866557e-04
3.093393e-03,2.226181e-03,6.620264e-03,5.341545e-03,2.229337e-01,2.365403e-02,1.779293e-02,5.351054e-02,3.272367e-02,9.241767e-04,3.038103e-02,5.983209e-01,1.018580e-03,6.965937e-04,7.624981e-04
3.673870e-03,1.879516e-03,7.973351e-03,4.078068e-03,2.611676e-01,2.242979e-02,1.693263e-02,6.850008e-02,4.213082e-02,8.833940e-04,2.529941e-02,5.409750e-01,2.656574e-03,8.071794e-04,6.127273e-04
4.839336e-03,1.498978e-03,7.201605e-03,3.172176e-03,4.020863e-01,1.655627e-02,2.613676e-02,6.736259e-02,4.721695e-02,8.875225e-04,2.420964e-02,3.929890e-01,4.715899e-03,6.687453e-04,4.582608e-04
4.888189e-03,1.096344e-03,5.146126e-03,2.378841e-03,4.671730e-01,1.184532e-02,2.422654e-02,5.314583e-02,1.232715e-01,6.673700e-04,2.023466e-02,2.807006e-01,4.390620e-03,4.941652e-04,3.408548e-04
3.884855e-03,9.468984e-04,3.682379e-03,1.743085e-03,4.248195e-01,8.731878e-03,1.867563e-02,3.786035e-02,2.832715e-01,5.118772e-04,1.455907e-02,1.973935e-01,3.302471e-03,3.546756e-04,2.623746e-04
5.545404e-03,8.330841e-04,3.068911e-03,2.219321e-03,4.548869e-01,1.494925e-02,1.429525e-02,2.714748e-02,3.235919e-01,4.379148e-04,1.072061e-02,1.389482e-01,2.820996e-03,2.597789e-04,2.749807e-04
9.000074e-03,9.176056e-04,2.463996e-03,2.211229e-03,4.477866e-01,1.440988e-02,1.037510e-02,1.955198e-02,3.772991e-01,3.852725e-04,1.013076e-02,1.004377e-01,4.454711e-03,2.064565e-04,3.695292e-04
6.899453e-03,7.600169e-04,2.492477e-03,7.271365e-02,4.414698e-01,1.263479e-02,7.336014e-03,1.541471e-02,2.714274e-01,1.308838e-03,3.855750e-02,1.156671e-01,1.264289e-02,1.874322e-04,4.879610e-04
5.501190e-03,8.261554e-04,2.528543e-03,1.343161e-01,4.226439e-01,1.127353e-02,5.251192e-03,1.237879e-02,1.981543e-01,1.325300e-03,4.765435e-02,1.403605e-01,1.687930e-02,1.870383e-04,7.198238e-04
3.989644e-03,6.634149e-04,1.992350e-03,1.341634e-01,3.061414e-01,9.547810e-03,3.708095e-03,8.855836e-03,1.394484e-01,5.479727e-03,1.267065e-01,2.279384e-01,3.011330e-02,5.328346e-04,7.188768e-04
2.906444e-03,5.153355e-04,1.567361e-03,1.030224e-01,2.195161e-01,7.169533e-03,2.614694e-03,6.286758e-03,9.879000e-02,7.012386e-03,2.264771e-01,2.648415e-01,5.224977e-02,6.381193e-03,6.493843e-04
2.177785e-03,4.729954e-04,1.312057e-03,8.679825e-02,1.595056e-01,6.193385e-03,1.869478e-03,4.434865e-03,7.136994e-02,1.143920e-02,2.627379e-01,2.587194e-01,1.145997e-01,1.753035e-02,8.390497e-04
2.039354e-03,4.180371e-04,1.051425e-03,6.558396e-02,1.144039e-01,6.741104e-03,1.368720e-03,3.207934e-03,5.224918e-02,1.555365e-02,2.724801e-01,3.504585e-01,9.382894e-02,1.987663e-02,7.384833e-04
1.666215e-03,4.160310e-04,9.582308e-04,4.837884e-02,8.239926e-02,6.297170e-03,1.000116e-03,2.318651e-03,3.820670e-02,1.459058e-02,2.620357e-01,4.506027e-01,7.300276e-02,1.753142e-02,5.956731e-04
1.803039e-03,4.286391e-04,1.053721e-03,3.900036e-02,5.960319e-02,6.427809e-03,7.941379e-04,1.834205e-03,2.744926e-02,2.599043e-02,2.437580e-01,5.187148e-01,5.640632e-02,1.592589e-02,8.102860e-04
1.962382e-03,4.745150e-04,9.348287e-04,3.043070e-02,4.638786e-02,5.457556e-03,7.053699e-04,1.628470e-03,2.002428e-02,3.900308e-02,2.310914e-01,5.471516e-01,5.565483e-02,1.797152e-02,1.121645e-03
1.991984e-03,6.262567e-04,1.186055e-03,2.187273e-02,3.539891e-02,4.728702e-03,5.675281e-04,1.403140e-03,1.613641e-02,5.018715e-02,2.205132e-01,5.737185e-01,5.331104e-02,1.719214e-02,1.166290e-03
2.701445e-03,5.204038e-04,1.076346e-03,1.566521e-02,3.170046e-02,3.910597e-03,5.129296e-04,5.339138e-03,1.428191e-02,5.541697e-02,2.001972e-01,6.034114e-01,5.054697e-02,1.351302e-02,1.206042e-03
2.426808e-03,4.706516e-04,1.171111e-03,1.127295e-02,3.740133e-02,2.971667e-03,5.123508e-04,6.182809e-03,1.276178e-02,4.657128e-02,1.736433e-01,6.480303e-01,4.342485e-02,1.111292e-02,2.045899e-03
6.217342e-03,1.906824e-03,1.218141e-02,8.116797e-03,1.722932e-01,7.296981e-03,1.799700e-03,7.535676e-03,3.092512e-02,3.742072e-02,1.391965e-01,5.281222e-01,3.436017e-02,1.032183e-02,2.305580e-03
1.057529e-02,1.658941e-03,1.417762e-02,5.842715e-03,2.694779e-01,7.818751e-03,4.228317e-03,5.587676e-02,3.606880e-02,3.029354e-02,1.107060e-01,4.153102e-01,2.590140e-02,1.018406e-02,1.879797e-03
1.711033e-02,1.642307e-03,1.461701e-02,4.783106e-03,2.592027e-01,7.451144e-03,6.912711e-03,1.392553e-01,4.943453e-02,2.582025e-02,9.373298e-02,3.438505e-01,2.438395e-02,1.023853e-02,1.564740e-03
2.081404e-02,2.610764e-03,3.745624e-02,4.445826e-03,2.185695e-01,8.140238e-03,6.498042e-03,2.238219e-01,8.216321e-02,2.093057e-02,7.206967e-02,2.639442e-01,2.429689e-02,1.195015e-02,2.288685e-03
1.939556e-02,2.644254e-03,2.943777e-02,3.896436e-03,2.487597e-01,7.986027e-03,5.417455e-03,2.202622e-01,1.581421e-01,1.698780e-02,5.848997e-02,1.941112e-01,2.286667e-02,9.655083e-03,1.947706e-03
1.984392e-02,2.981018e-03,2.184490e-02,4.938855e-03,2.203572e-01,8.688658e-03,4.804674e-03,1.609607e-01,3.324998e-01,1.316596e-02,4.222044e-02,1.408314e-01,1.746573e-02,7.045489e-03,2.351189e-03
2.204071e-02,2.808931e-03,1.640500e-02,6.374143e-03,2.360564e-01,1.096531e-02,5.444319e-03,1.191853e-01,4.185492e-01,1.065319e-02,3.086073e-02,9.987863e-02,1.331590e-02,5.189249e-03,2.273017e-03
2.126568e-02,5.193106e-03,1.224308e-02,6.636245e-03,1.892620e-01,1.434349e-02,4.550811e-03,8.499900e-02,5.385666e-01,9.178460e-03,2.224203e-02,7.238949e-02,1.110794e-02,3.756245e-03,4.265837e-03
2.149248e-02,5.942475e-03,9.228597e-03,6.245145e-03,1.688882e-01,1.755144e-02,4.353300e-03,6.579639e-02,6.100357e-01,6.793085e-03,1.648360e-02,5.177272e-02,9.069715e-03,2.759116e-03,3.588109e-03
2.551258e-02,5.680860e-03,6.658721e-03,5.415559e-03,1.817414e-01,2.102936e-02,3.969710e-03,4.787928e-02,6.356450e-01,5.043888e-03,1.184466e-02,3.683686e-02,7.642691e-03,2.079420e-03,3.020038e-03
3.591635e-02,5.785366e-03,5.683663e-03,1.085031e-02,1.927204e-01,3.373092e-02,4.408351e-03,4.060811e-02,6.192212e-01,3.782728e-03,8.925620e-03,2.681132e-02,7.156432e-03,1.558851e-03,2.840484e-03
5.357815e-02,6.818233e-03,1.313096e-02,9.410691e-02,1.865627e-01,3.482939e-02,5.937700e-03,3.164976e-02,5.191772e-01,4.869152e-03,6.957536e-03,2.042090e-02,7.941758e-03,1.185480e-03,1.283421e-02
6.652235e-02,1.419335e-02,1.314994e-02,1.061859e-01,1.471179e-01,7.127800e-02,5.065713e-03,2.270830e-02,4.524982e-01,6.054988e-03,6.901051e-03,2.030533e-02,3.856998e-02,1.119029e-03,2.832998e-02
5.422647e-02,2.922177e-02,1.706866e-02,1.812854e-01,1.108034e-01,5.921112e-02,3.867894e-03,1.626089e-02,3.837795e-01,1.023943e-02,6.328710e-03,1.741612e-02,5.217514e-02,9.253402e-04,5.719016e-02
8.746951e-02,3.071557e-02,1.544408e-02,1.743425e-01,8.592435e-02,5.586259e-02,3.039059e-03,1.247638e-02,3.824194e-01,8.213575e-03,6.132395e-03,1.533697e-02,7.093032e-02,8.063552e-04,5.088700e-02
9.296183e-02,3.304829e-02,2.760555e-02,1.747695e-01,6.840853e-02,4.392147e-02,2.919443e-03,1.171505e-02,3.976639e-01,8.880762e-03,8.934839e-03,1.356399e-02,7.154476e-02,1.170463e-03,4.289155e-02
1.854248e-01,2.939019e-02,2.154593e-02,1.490675e-01,5.116632e-02,3.594746e-02,2.807960e-03,9.997540e-03,3.187086e-01,7.324091e-03,1.397282e-02,1.973813e-02,1.177187e-01,2.156441e-03,3.503343e-02
2.307260e-01,2.458596e-02,1.621982e-02,1.210285e-01,3.897544e-02,3.194528e-02,3.710290e-03,9.372341e-03,2.433230e-01,6.394387e-03,1.575815e-02,3.168669e-02,1.947958e-01,2.717264e-03,2.876099e-02
2.263262e-01,2.058447e-02,1.462904e-02,9.783191e-02,2.940383e-02,2.835977e-02,3.447670e-03,7.819726e-03,1.810160e-01,7.479619e-03,1.596049e-02,1.245347e-01,2.139980e-01,3.959260e-03,2.464921e-02
2.235058e-01,1.849230e-02,1.099253e-02,7.370632e-02,2.256874e-02,2.938434e-02,3.679327e-03,6.873913e-03,1.451250e-01,6.366422e-03,1.665216e-02,1.103979e-01,3.036631e-01,5.926449e-03,2.266563e-02
