1.000000e+00,0.000000e+00,0.000000e+00,0.000000e+00,0.000000e+00,0.000000e+00,0.000000e+00,0.000000e+00,0.000000e+00,0.000000e+00,0.000000e+00,0.000000e+00,0.000000e+00,0.000000e+00,0.000000e+00
1.000000e+00,0.000000e+00,0.000000e+00,0.000000e+00,0.000000e+00,0.000000e+00,0.000000e+00,0.000000e+00,0.000000e+00,0.000000e+00,0.000000e+00,0.000000e+00,0.000000e+00,0.000000e+00,0.000000e+00
1.000000e+00,0.000000e+00,0.000000e+00,0.000000e+00,0.000000e+00,0.000000e+00,0.000000e+00,0.000000e+00,0.000000e+00,0.000000e+00,0.000000e+00,0.000000e+00,0.000000e+00,0.000000e+00,0.000000e+00
1.000000e+00,0.000000e+00,0.000000e+00,0.000000e+00,0.000000e+00,0.000000e+00,0.000000e+00,0.000000e+00,0.000000e+00,0.000000e+00,0.000000e+00,0.000000e+00,0.000000e+00,0.000000e+00,0.000000e+00
1.000000e+00,0.000000e+00,0.000000e+00,0.000000e+00,0.000000e+00,0.000000e+00,0.000000e+00,0.000000e+00,0.000000e+00,0.000000e+00,0.000000e+00,0.000000e+00,0.000000e+00,0.000000e+00,0.000000e+00
1.000000e+00,0.000000e+00,0.000000e+00,0.000000e+00,0.000000e+00,0.000000e+00,0.000000e+00,0.000000e+00,0.000000e+00,0.000000e+00,0.000000e+00,0.000000e+00,0.000000e+00,0.000000e+00,0.000000e+00
1.000000e+00,0.000000e+00,0.000000e+00,0.000000e+00,0.000000e+00,0.000000e+00,0.000000e+00,0.000000e+00,0.000000e+00,0.000000e+00,0.000000e+00,0.000000e+00,0.000000e+00,0.000000e+00,0.000000e+00
1.000000e+00,0.000000e+00,0.000000e+00,0.000000e+00,0.000000e+00,0.000000e+00,0.000000e+00,0.000000e+00,0.000000e+00,0.000000e+00,0.000000e+00,0.000000e+00,0.000000e+00,0.000000e+00,0.000000e+00
1.000000e+00,0.000000e+00,0.000000e+00,0.000000e+00,0.000000e+00,0.000000e+00,0.000000e+00,0.000000e+00,0.000000e+00,0.000000e+00,0.000000e+00,0.000000e+00,0.000000e+00,0.000000e+00,0.000000e+00
1.000000e+00,0.000000e+00,0.000000e+00,0.000000e+00,0.000000e+00,0.000000e+00,0.000000e+00,0.000000e+00,0.000000e+00,0.000000e+00,0.000000e+00,0.000000e+00,0.000000e+00,0.000000e+00,0.000000e+00
1.000000e+00,0.000000e+00,0.000000e+00,0.000000e+00,0.000000e+00,0.000000e+00,0.000000e+00,0.000000e+00,0.000000e+00,0.000000e+00,0.000000e+00,0.000000e+00,0.000000e+00,0.000000e+00,0.000000e+00
1.000000e+00,0.000000e+00,0.000000e+00,0.000000e+00,0.000000e+00,0.000000e+00,0.000000e+00,0.000000e+00,0.000000e+00,0.000000e+00,0.000000e+00,0.000000e+00,0.000000e+00,0.000000e+00,0.000000e+00
1.000000e+00,0.000000e+00,0.000000e+00,0.000000e+00,0.000000e+00,0.000000e+00,0.000000e+00,0.000000e+00,0.000000e+00,0.000000e+00,0.000000e+00,0.000000e+00,0.000000e+00,0.000000e+00,0.000000e+00
1.000000e+00,0.000000e+00,0.000000e+00,0.000000e+00,0.000000e+00,0.000000e+00,0.000000e+00,0.000000e+00,0.000000e+00,0.000000e+00,0.000000e+00,0.000000e+00,0.000000e+00,0.000000e+00,0.000000e+00
1.000000e+00,0.000000e+00,0.000000e+00,0.000000e+00,0.000000e+00,0.000000e+00,0.000000e+00,0.000000e+00,0.000000e+00,0.000000e+00,0.000000e+00,0.000000e+00,0.000000e+00,0.000000e+00,0.000000e+00
1.000000e+00,0.000000e+00,0.000000e+00,0.000000e+00,0.000000e+00,0.000000e+00,0.000000e+00,0.000000e+00,0.000000e+00,0.000000e+00,0.000000e+00,0.000000e+00,0.000000e+00,0.000000e+00,0.000000e+00
1.000000e+00,0.000000e+00,0.000000e+00,0.000000e+00,0.000000e+00,0.000000e+00,0.000000e+00,0.000000e+00,0.000000e+00,0.000000e+00,0.000000e+00,0.000000e+00,0.000000e+00,0.000000e+00,0.000000e+00
1.000000e+00,0.000000e+00,0.000000e+00,0.000000e+00,0.000000e+00,0.000000e+00,0.000000e+00,0.000000e+00,0.000000e+00,0.000000e+00,0.000000e+00,0.000000e+00,0.000000e+00,0.000000e+00,0.000000e+00
1.000000e+00,0.000000e+00,0.000000e+00,0.000000e+00,0.000000e+00,0.000000e+00,0.000000e+00,0.000000e+00,0.000000e+00,0.000000e+00,0.000000e+00,0.000000e+00,0.000000e+00,0.000000e+00,0.000000e+00
1.000000e+00,0.000000e+00,0.000000e+00,0.000000e+00,0.000000e+00,0.000000e+00,0.000000e+00,0.000000e+00,0.000000e+00,0.000000e+00,0.000000e+00,0.000000e+00,0.000000e+00,0.000000e+00,0.000000e+00
1.000000e+00,0.000000e+00,0.000000e+00,0.000000e+00,0.000000e+00,0.000000e+00,0.000000e+00,0.000000e+00,0.000000e+00,0.000000e+00,0.000000e+00,0.000000e+00,0.000000e+00,0.000000e+00,0.000000e+00
1.000000e+00,0.000000e+00,0.000000e+00,0.000000e+00,0.000000e+00,0.000000e+00,0.000000e+00,0.000000e+00,0.000000e+00,0.000000e+00,0.000000e+00,0.000000e+00,0.000000e+00,0.000000e+00,0.000000e+00
1.000000e+00,0.000000e+00,0.000000e+00,0.000000e+00,0.000000e+00,0.000000e+00,0.000000e+00,0.000000e+00,0.000000e+00,0.000000e+00,0.000000e+00,0.000000e+00,0.000000e+00,0.000000e+00,0.000000e+00
1.000000e+00,0.000000e+00,0.000000e+00,0.000000e+00,0.000000e+00,0.000000e+00,0.000000e+00,0.000000e+00,0.000000e+00,0.000000e+00,0.000000e+00,0.000000e+00,0.000000e+00,0.000000e+00,0.000000e+00
1.000000e+00,0.000000e+00,0.000000e+00,0.000000e+00,0.000000e+00,0.000000e+00,0.000000e+00,0.000000e+00,0.000000e+00,0.000000e+00,0.000000e+00,0.000000e+00,0.000000e+00,0.000000e+00,0.000000e+00
1.000000e+00,0.000000e+00,0.000000e+00,0.000000e+00,0.000000e+00,0.000000e+00,0.000000e+00,0.000000e+00,0.000000e+00,0.000000e+00,0.000000e+00,0.000000e+00,0.000000e+00,0.000000e+00,0.000000e+00
1.000000e+00,0.000000e+00,0.000000e+00,0.000000e+00,0.000000e+00,0.000000e+00,0.000000e+00,0.000000e+00,0.000000e+00,0.000000e+00,0.000000e+00,0.000000e+00,0.000000e+00,0.000000e+00,0.000000e+00
1.000000e+00,0.000000e+00,0.000000e+00,0.000000e+00,0.000000e+00,0.000000e+00,0.000000e+00,0.000000e+00,0.000000e+00,0.000000e+00,0.000000e+00,0.000000e+00,0.000000e+00,0.000000e+00,0.000000e+00
1.000000e+00,0.000000e+00,0.000000e+00,0.000000e+00,0.000000e+00,0.000000e+00,0.000000e+00,0.000000e+00,0.000000e+00,0.000000e+00,0.000000e+00,0.000000e+00,0.000000e+00,0.000000e+00,0.000000e+00
1.000000e+00,0.000000e+00,0.000000e+00,0.000000e+00,0.000000e+00,0.000000e+00,0.000000e+00,0.000000e+00,0.000000e+00,0.000000e+00,0.000000e+00,0.000000e+00,0.000000e+00,0.000000e+00,0.000000e+00
1.000000e+00,0.000000e+00,0.000000e+00,0.000000e+00,0.000000e+00,0.000000e+00,0.000000e+00,0.000000e+00,0.000000e+00,0.000000e+00,0.000000e+00,0.000000e+00,0.000000e+00,0.000000e+00,0.000000e+00
1.000000e+00,0.000000e+00,0.000000e+00,0.000000e+00,0.000000e+00,0.000000e+00,0.000000e+00,0.000000e+00,0.000000e+00,0.000000e+00,0.000000e+00,0.000000e+00,0.000000e+00,0.000000e+00,0.000000e+00
1.000000e+00,0.000000e+00,0.000000e+00,0.000000e+00,0.000000e+00,0.000000e+00,0.000000e+00,0.000000e+00,0.000000e+00,0.000000e+00,0.000000e+00,0.000000e+00,0.000000e+00,0.000000e+00,0.000000e+00
1.000000e+00,0.000000e+00,0.000000e+00,0.000000e+00,0.000000e+00,0.000000e+00,0.000000e+00,0.000000e+00,0.000000e+00,0.000000e+00,0.000000e+00,0.000000e+00,0.000000e+00,0.000000e+00,0.000000e+00
1.000000e+00,0.000000e+00,0.000000e+00,0.000000e+00,0.000000e+00,0.000000e+00,0.000000e+00,0.000000e+00,0.000000e+00,0.000000e+00,0.000000e+00,0.000000e+00,0.000000e+00,0.000000e+00,0.000000e+00
1.000000e+00,0.000000e+00,0.000000e+00,0.000000e+00,0.000000e+00,0.000000e+00,0.000000e+00,0.000000e+00,0.000000e+00,0.000000e+00,0.000000e+00,0.000000e+00,0.000000e+00,0.000000e+00,0.000000e+00
1.000000e+00,0.000000e+00,0.000000e+00,0.000000e+00,0.000000e+00,0.000000e+00,0.000000e+00,0.000000e+00,0.000000e+00,0.000000e+00,0.000000e+00,0.000000e+00,0.000000e+00,0.000000e+00,0.000000e+00
1.000000e+00,0.000000e+00,0.000000e+00,0.000000e+00,0.000000e+00,0.000000e+00,0.000000e+00,0.000000e+00,0.000000e+00,0.000000e+00,0.000000e+00,0.000000e+00,0.000000e+00,0.000000e+00,0.000000e+00
1.000000e+00,0.000000e+00,0.000000e+00,0.000000e+00,0.000000e+00,0.000000e+00,0.000000e+00,0.000000e+00,0.000000e+00,0.000000e+00,0.000000e+00,0.000000e+00,0.000000e+00,0.000000e+00,0.000000e+00
1.000000e+00,0.000000e+00,0.000000e+00,0.000000e+00,0.000000e+00,0.000000e+00,0.000000e+00,0.000000e+00,0.000000e+00,0.000000e+00,0.000000e+00,0.000000e+00,0.000000e+00,0.000000e+00,0.000000e+00
1.000000e+00,0.000000e+00,0.000000e+00,0.000000e+00,0.000000e+00,0.000000e+00,0.000000e+00,0.000000e+00,0.000000e+00,0.000000e+00,0.000000e+00,0.000000e+00,0.000000e+00,0.000000e+00,0.000000e+00
1.000000e+00,0.000000e+00,0.000000e+00,0.000000e+00,0.000000e+00,0.000000e+00,0.000000e+00,0.000000e+00,0.000000e+00,0.000000e+00,0.000000e+00,0.000000e+00,0.000000e+00,0.000000e+00,0.000000e+00
1.000000e+00,0.000000e+00,0.000000e+00,0.000000e+00,0.000000e+00,0.000000e+00,0.000000e+00,0.000000e+00,0.000000e+00,0.000000e+00,0.000000e+00,0.000000e+00,0.000000e+00,0.000000e+00,0.000000e+00
1.000000e+00,0.000000e+00,0.000000e+00,0.000000e+00,0.000000e+00,0.000000e+00,0.000000e+00,0.000000e+00,0.000000e+00,0.000000e+00,0.000000e+00,0.000000e+00,0.000000e+00,0.000000e+00,0.000000e+00
1.000000e+00,0.000000e+00,0.000000e+00,0.000000e+00,0.000000e+00,0.000000e+00,0.000000e+00,0.000000e+00,0.000000e+00,0.000000e+00,0.000000e+00,0.000000e+00,0.000000e+00,0.000000e+00,0.000000e+00
1.000000e+00,0.000000e+00,0.000000e+00,0.000000e+00,0.000000e+00,0.000000e+00,0.000000e+00,0.000000e+00,0.000000e+00,0.000000e+00,0.000000e+00,0.000000e+00,0.000000e+00,0.000000e+00,0.000000e+00
1.000000e+00,0.000000e+00,0.000000e+00,0.000000e+00,0.000000e+00,0.000000e+00,0.000000e+00,0.000000e+00,0.000000e+00,0.000000e+00,0.000000e+00,0.000000e+00,0.000000e+00,0.000000e+00,0.000000e+00
1.000000e+00,0.000000e+00,0.000000e+00,0.000000e+00,0.000000e+00,0.000000e+00,0.000000e+00,0.000000e+00,0.000000e+00,0.000000e+00,0.000000e+00,0.000000e+00,0.000000e+00,0.000000e+00,0.000000e+00
1.000000e+00,0.000000e+00,0.000000e+00,0.000000e+00,0.000000e+00,0.000000e+00,0.000000e+00,0.000000e+00,0.000000e+00,0.000000e+00,0.000000e+00,0.000000e+00,0.000000e+00,0.000000e+00,0.000000e+00
1.000000e+00,0.000000e+00,0.000000e+00,0.000000e+00,0.000000e+00,0.000000e+00,0.000000e+00,0.000000e+00,0.000000e+00,0.000000e+00,0.000000e+00,0.000000e+00,0.000000e+00,0.000000e+00,0.000000e+00
1.000000e+00,0.000000e+00,0.000000e+00,0.000000e+00,0.000000e+00,0.000000e+00,0.000000e+00,0.000000e+00,0.000000e+00,0.000000e+00,0.000000e+00,0.000000e+00,0.000000e+00,0.000000e+00,0.000000e+00
1.000000e+00,0.000000e+00,0.000000e+00,0.000000e+00,0.000000e+00,0.000000e+00,0.000000e+00,0.000000e+00,0.000000e+00,0.000000e+00,0.000000e+00,0.000000e+00,0.000000e+00,0.000000e+00,0.000000e+00
1.000000e+00,0.000000e+00,0.000000e+00,0.000000e+00,0.000000e+00,0.000000e+00,0.000000e+00,0.000000e+00,0.000000e+00,0.000000e+00,0.000000e+00,0.000000e+00,0.000000e+00,0.000000e+00,0.000000e+00
1.000000e+00,0.000000e+00,0.000000e+00,0.000000e+00,0.000000e+00,0.000000e+00,0.000000e+00,0.000000e+00,0.000000e+00,0.000000e+00,0.000000e+00,0.000000e+00,0.000000e+00,0.000000e+00,0.000000e+00
1.000000e+00,0.000000e+00,0.000000e+00,0.000000e+00,0.000000e+00,0.000000e+00,0.000000e+00,0.000000e+00,0.000000e+00,0.000000e+00,0.000000e+00,0.000000e+00,0.000000e+00,0.000000e+00,0.000000e+00
1.000000e+00,0.000000e+00,0.000000e+00,0.000000e+00,0.000000e+00,0.000000e+00,0.000000e+00,0.000000e+00,0.000000e+00,0.000000e+00,0.000000e+00,0.000000e+00,0.000000e+00,0.000000e+00,0.000000e+00
1.000000e+00,0.000000e+00,0.000000e+00,0.000000e+00,0.000000e+00,0.000000e+00,0.000000e+00,0.000000e+00,0.000000e+00,0.000000e+00,0.000000e+00,0.000000e+00,0.000000e+00,0.000000e+00,0.000000e+00
1.000000e+00,0.000000e+00,0.000000e+00,0.000000e+00,0.000000e+00,0.000000e+00,0.000000e+00,0.000000e+00,0.000000e+00,0.000000e+00,0.000000e+00,0.000000e+00,0.000000e+00,0.000000e+00,0.000000e+00
1.000000e+00,0.000000e+00,0.000000e+00,0.000000e+00,0.000000e+00,0.000000e+00,0.000000e+00,0.000000e+00,0.000000e+00,0.000000e+00,0.000000e+00,0.000000e+00,0.000000e+00,0.000000e+00,0.000000e+00
1.000000e+00,0.000000e+00,0.000000e+00,0.000000e+00,0.000000e+00,0.000000e+00,0.000000e+00,0.000000e+00,0.000000e+00,0.000000e+00,0.000000e+00,0.000000e+00,0.000000e+00,0.000000e+00,0.000000e+00
1.000000e+00,0.000000e+00,0.000000e+00,0.000000e+00,0.000000e+00,0.000000e+00,0.000000e+00,0.000000e+00,0.000000e+00,0.000000e+00,0.000000e+00,0.000000e+00,0.000000e+00,0.000000e+00,0.000000e+00
1.000000e+00,0.000000e+00,0.000000e+00,0.000000e+00,0.000000e+00,0.000000e+00,0.000000e+00,0.000000e+00,0.000000e+00,0.000000e+00,0.000000e+00,0.000000e+00,0.000000e+00,0.000000e+00,0.000000e+00
3.600201e-01,1.255720e-02,1.534635e-02,5.133599e-02,5.306930e-03,1.186816e-02,2.703869e-03,4.977035e-01,3.361756e-03,1.768185e-03,6.793592e-03,9.844734e-03,8.288325e-03,1.647701e-03,1.145356e-02
2.523242e-01,8.826517e-03,1.094961e-02,3.612092e-02,4.027979e-03,8.427953e-03,1.995387e-03,6.469070e-01,2.366724e-03,1.240362e-03,4.855830e-03,6.906868e-03,5.838669e-03,1.175798e-03,8.036182e-03
1.767670e-01,6.217314e-03,7.796862e-03,2.537138e-02,2.950888e-03,6.166314e-03,1.503552e-03,7.515543e-01,1.664693e-03,8.729605e-04,3.529961e-03,4.862706e-03,4.127081e-03,9.709538e-04,5.644040e-03
1.237946e-01,4.361603e-03,5.478294e-03,1.780665e-02,2.358403e-03,4.372586e-03,1.202669e-03,8.253267e-01,1.174142e-03,6.118239e-04,2.508625e-03,3.420725e-03,2.918333e-03,7.114431e-04,3.953434e-03
8.668620e-02,3.063703e-03,3.859165e-03,1.250958e-02,1.898078e-03,3.114106e-03,8.866916e-04,8.768314e-01,8.596690e-04,4.299818e-04,1.921727e-03,2.407247e-03,2.088117e-03,6.716538e-04,2.772708e-03
6.079002e-02,2.159027e-03,2.709239e-03,8.815372e-03,3.066336e-03,2.362365e-03,7.010340e-04,9.093342e-01,1.224064e-03,3.130584e-04,1.763854e-03,1.787247e-03,2.437871e-03,5.822594e-04,1.954101e-03
4.303640e-02,1.670265e-03,1.911548e-03,6.268171e-03,3.357784e-03,1.795461e-03,6.211328e-04,8.779239e-01,3.640630e-03,3.793099e-04,1.389072e-02,6.976740e-03,3.517417e-02,1.824560e-03,1.529204e-03
3.065109e-02,2.910687e-03,1.364433e-03,4.648583e-03,4.405782e-03,1.391313e-03,5.470980e-04,7.689828e-01,9.305913e-03,7.920469e-04,5.056840e-02,2.052248e-02,9.906413e-02,2.713588e-03,2.131660e-03
2.329217e-02,8.660293e-03,1.001037e-03,4.217588e-03,5.967484e-03,2.026237e-03,5.931526e-04,6.541134e-01,4.464151e-02,8.772904e-04,6.417466e-02,2.358707e-02,1.597945e-01,2.835773e-03,4.217873e-03
2.181223e-02,9.932844e-03,1.060286e-03,1.544979e-02,2.245839e-02,3.462123e-03,7.838084e-04,5.831133e-01,8.590891e-02,1.348775e-03,6.038422e-02,3.579125e-02,1.498616e-01,3.841952e-03,4.790484e-03
3.136371e-02,2.824307e-02,1.894014e-03,3.636721e-02,1.893932e-02,3.398095e-03,8.243266e-04,4.266954e-01,2.051568e-01,1.356352e-03,5.340637e-02,5.228733e-02,1.312618e-01,3.299159e-03,5.506925e-03
8.994426e-02,2.539802e-02,2.750371e-03,3.147193e-02,1.865862e-02,7.663030e-03,1.411382e-03,3.377648e-01,1.804321e-01,1.196434e-03,5.244312e-02,7.400174e-02,1.676818e-01,3.645050e-03,5.537312e-03
1.756797e-01,1.922861e-02,2.728530e-03,2.723193e-02,2.840707e-02,9.219170e-03,2.384744e-03,2.755225e-01,1.323997e-01,1.156308e-03,5.546471e-02,8.431322e-02,1.756663e-01,4.790400e-03,5.807187e-03
2.138252e-01,1.477787e-02,4.334212e-03,2.329261e-02,2.372740e-02,9.905126e-03,3.562119e-03,2.056622e-01,1.009528e-01,1.970233e-03,4.882447e-02,1.273162e-01,2.052578e-01,9.353388e-03,7.238390e-03
1.804197e-01,1.529859e-02,5.792144e-03,2.237546e-02,2.175552e-02,9.536294e-03,3.044325e-03,1.470157e-01,8.182511e-02,4.083659e-03,6.774794e-02,1.609470e-01,2.216878e-01,4.588052e-02,1.259030e-02
1.271419e-01,1.227399e-02,4.647121e-03,1.915556e-02,1.844941e-02,7.807034e-03,2.245145e-03,1.032194e-01,7.240635e-02,7.802691e-03,8.547836e-02,1.719202e-01,1.816192e-01,1.708577e-01,1.497575e-02
9.041739e-02,9.576098e-03,4.902338e-03,1.848684e-02,2.223338e-02,7.327568e-03,1.882909e-03,7.265933e-02,7.442041e-02,9.402928e-03,9.706749e-02,1.879412e-01,2.129307e-01,1.761297e-01,1.462179e-02
6.524257e-02,7.754433e-03,8.991169e-03,1.506622e-02,2.933467e-02,6.420682e-03,1.869018e-03,5.250259e-02,1.137790e-01,7.587691e-03,1.267340e-01,1.890520e-01,2.150582e-01,1.477481e-01,1.285967e-02
4.922013e-02,6.437710e-03,8.580016e-03,1.876271e-02,2.545048e-02,6.699408e-03,1.724988e-03,4.003100e-02,1.306946e-01,9.552691e-03,1.278660e-01,1.701571e-01,1.795434e-01,2.140051e-01,1.127466e-02
3.708660e-02,5.409500e-03,7.274932e-03,2.216779e-02,2.183307e-02,7.078534e-03,1.407583e-03,2.896143e-02,1.963757e-01,1.026007e-02,1.066337e-01,1.300474e-01,1.620997e-01,2.518054e-01,1.155860e-02
3.235140e-02,5.717811e-03,2.000712e-02,2.843055e-02,4.417568e-02,8.565860e-03,1.582315e-03,2.541673e-02,1.847451e-01,1.125025e-02,1.008106e-01,9.522340e-02,1.330387e-01,2.957450e-01,1.293950e-02
2.826083e-02,4.903961e-03,9.146421e-02,4.670606e-02,5.942771e-02,1.008726e-02,3.038898e-03,3.444706e-02,1.886133e-01,1.012521e-02,9.116130e-02,6.900015e-02,1.098089e-01,2.408641e-01,1.209097e-02
2.201824e-02,5.369617e-03,7.839593e-02,7.600321e-02,1.122069e-01,1.580016e-02,2.837092e-03,2.507352e-02,1.587175e-01,1.039862e-02,1.040409e-01,5.937329e-02,1.350274e-01,1.765939e-01,1.814371e-02
2.286768e-02,7.859239e-03,6.948857e-02,7.792039e-02,9.604625e-02,1.997270e-02,2.296237e-03,2.094653e-02,1.717623e-01,1.513645e-02,1.087848e-01,5.566439e-02,1.613274e-01,1.311101e-01,3.881700e-02
5.088717e-02,1.203381e-02,7.039905e-02,5.908959e-02,8.211890e-02,1.645765e-02,1.987466e-03,1.815535e-02,1.473861e-01,3.866060e-02,1.579123e-01,4.903309e-02,1.452112e-01,1.167007e-01,3.396702e-02
8.769970e-02,2.028032e-02,5.856548e-02,5.789996e-02,7.004358e-02,1.412927e-02,1.970920e-03,1.521762e-02,2.010204e-01,5.818336e-02,1.292403e-01,3.957986e-02,1.104036e-01,1.011939e-01,3.457185e-02
1.002315e-01,3.454253e-02,5.083635e-02,5.424620e-02,5.686243e-02,1.372990e-02,2.107761e-03,1.567823e-02,2.460652e-01,5.747548e-02,1.129866e-01,3.372804e-02,9.540604e-02,9.355784e-02,3.254587e-02
8.110698e-02,2.633991e-02,4.052772e-02,4.106326e-02,4.610991e-02,1.011089e-02,2.355038e-03,1.778597e-01,1.858933e-01,5.231827e-02,1.094555e-01,3.236222e-02,9.812231e-02,7.164534e-02,2.472961e-02
7.160020e-02,2.060776e-02,3.209814e-02,3.040354e-02,3.463858e-02,1.094474e-02,2.118286e-03,3.724876e-01,1.342839e-01,3.699296e-02,8.406133e-02,2.704677e-02,7.289801e-02,5.089175e-02,1.892631e-02
6.753177e-02,1.560192e-02,2.852165e-02,2.275693e-02,2.788498e-02,9.842551e-03,3.877175e-03,5.087695e-01,9.701702e-02,2.708671e-02,6.475843e-02,2.115868e-02,5.494875e-02,3.636422e-02,1.387977e-02
4.862292e-02,1.099703e-02,2.104215e-02,1.630061e-02,1.998304e-02,7.773654e-03,2.828294e-03,6.499003e-01,6.826760e-02,1.897318e-02,4.605008e-02,1.512243e-02,3.888549e-02,2.550492e-02,9.748290e-03
3.554847e-02,7.769290e-03,1.556170e-02,1.169785e-02,1.446590e-02,6.759598e-03,2.278152e-03,7.487322e-01,4.801450e-02,1.329578e-02,3.269612e-02,1.088330e-02,2.753798e-02,1.790411e-02,6.855038e-03
2.613291e-02,5.488861e-03,1.162506e-02,8.484686e-03,1.105181e-02,6.811763e-03,1.955830e-03,8.120172e-01,3.379464e-02,9.332927e-03,2.314997e-02,7.767929e-03,2.496294e-02,1.258761e-02,4.835831e-03
2.023421e-02,3.895944e-03,8.307954e-03,6.341126e-03,9.409693e-03,6.159809e-03,1.500721e-03,8.612511e-01,2.379499e-02,6.544982e-03,1.628992e-02,5.472413e-03,1.857452e-02,8.829990e-03,3.392491e-03
1.816618e-02,2.785265e-03,6.148463e-03,5.163016e-03,7.718346e-03,7.678792e-03,1.173563e-03,8.911619e-01,1.674244e-02,4.594744e-03,1.152580e-02,3.888361e-03,1.462818e-02,6.235000e-03,2.389889e-03
2.205050e-02,1.991233e-03,4.575199e-03,4.016988e-03,6.138743e-03,6.318963e-03,9.310871e-04,9.112238e-01,1.179289e-02,3.223313e-03,8.183189e-03,2.833632e-03,1.065151e-02,4.382296e-03,1.686669e-03
2.430035e-02,1.428989e-03,3.354923e-03,2.992309e-03,5.224839e-03,5.015530e-03,8.364547e-04,9.263215e-01,8.350536e-03,2.262070e-03,5.799728e-03,2.065589e-03,7.785247e-03,3.073864e-03,1.187988e-03
2.885346e-02,1.031928e-03,2.494402e-03,2.350098e-03,4.198682e-03,4.312569e-03,7.341357e-04,9.339703e-01,5.891514e-03,1.592330e-03,4.136971e-03,1.665112e-03,5.754082e-03,2.162326e-03,8.519990e-04
3.682577e-02,8.509033e-04,2.238557e-03,2.193233e-03,3.926063e-03,3.860161e-03,1.052249e-03,9.326501e-01,4.228401e-03,1.133438e-03,3.026187e-03,1.453147e-03,4.338973e-03,1.535984e-03,6.867821e-04
4.043327e-02,7.868140e-04,2.162531e-03,2.086038e-03,3.857431e-03,3.748306e-03,1.569886e-03,9.325547e-01,3.060142e-03,8.199733e-04,2.249940e-03,1.422878e-03,3.526651e-03,1.102180e-03,6.192558e-04
4.039800e-02,7.210538e-04,2.168026e-03,1.922761e-03,3.817187e-03,3.331149e-03,2.107616e-03,9.351884e-01,2.363502e-03,6.347803e-04,1.728238e-03,1.426279e-03,2.746675e-03,8.144872e-04,6.318313e-04
4.814724e-02,6.783372e-04,2.150443e-03,2.097705e-03,4.593599e-03,3.620770e-03,2.886956e-03,9.258554e-01,2.183151e-03,5.387193e-04,1.475341e-03,1.865461e-03,2.406312e-03,6.407870e-04,8.597780e-04
7.440782e-02,8.893845e-04,3.019052e-03,4.003850e-03,8.646274e-03,6.341639e-03,3.926721e-03,8.848822e-01,2.625473e-03,5.281630e-04,1.585982e-03,3.176102e-03,2.771530e-03,7.094769e-04,2.486347e-03
9.851965e-02,1.153820e-03,3.973445e-03,4.724971e-03,1.056576e-02,7.461453e-03,5.668710e-03,8.504129e-01,2.895467e-03,5.518455e-04,1.917404e-03,4.243386e-03,3.751991e-03,7.572705e-04,3.401957e-03
1.150841e-01,2.106230e-03,5.407731e-03,1.896549e-02,9.853117e-03,1.260693e-02,5.162587e-03,7.185098e-01,1.042348e-02,2.652511e-03,1.185032e-02,3.562238e-02,3.666650e-02,1.778840e-03,1.331005e-02
1.446483e-01,2.506380e-03,5.237399e-03,3.468432e-02,1.026293e-02,1.184277e-02,3.956056e-03,5.674779e-01,1.282353e-02,3.528942e-03,3.653724e-02,7.679558e-02,6.790811e-02,5.445772e-03,1.634482e-02
1.760565e-01,3.633170e-03,6.805538e-03,6.253502e-02,1.188733e-02,1.354074e-02,3.738318e-03,4.639409e-01,1.532664e-02,7.062654e-03,6.200423e-02,7.352190e-02,7.773749e-02,5.718150e-03,1.649158e-02
1.776179e-01,4.115487e-03,6.154767e-03,5.295083e-02,1.075182e-02,1.436936e-02,4.043411e-03,3.501974e-01,2.653245e-02,1.259452e-02,6.387141e-02,8.887820e-02,1.307886e-01,1.390077e-02,4.323316e-02
1.965843e-01,4.003794e-03,5.736006e-03,4.960683e-02,1.162914e-02,1.466063e-02,3.892294e-03,2.521667e-01,4.280340e-02,1.776630e-02,5.491356e-02,9.323843e-02,1.892129e-01,1.484227e-02,4.894356e-02
2.346699e-01,3.518248e-03,4.950829e-03,4.169578e-02,1.028885e-02,1.334777e-02,4.832563e-03,1.817626e-01,4.726207e-02,4.468998e-02,4.809698e-02,9.263045e-02,1.962523e-01,2.569465e-02,5.030713e-02
1.928448e-01,3.619290e-03,3.898805e-03,3.642256e-02,9.604322e-03,9.953976e-03,4.496515e-03,1.277593e-01,4.732414e-02,1.978664e-01,3.682848e-02,7.817779e-02,1.801377e-01,2.749167e-02,4.357428e-02
1.481251e-01,2.892949e-03,3.179921e-03,2.841312e-02,1.780632e-02,8.131674e-03,4.624199e-03,9.088843e-02,4.650993e-02,3.100029e-01,3.523407e-02,7.017347e-02,1.765689e-01,2.310213e-02,3.434690e-02
1.085009e-01,2.594529e-03,3.512074e-03,2.134862e-02,1.873284e-02,5.891408e-03,4.177084e-03,6.460429e-02,4.128960e-02,3.332451e-01,2.813691e-02,6.166240e-02,2.148591e-01,2.874099e-02,6.270415e-02
8.076690e-02,2.220090e-03,5.860314e-03,1.951641e-02,2.194719e-02,5.139385e-03,3.653214e-03,4.846394e-02,3.781103e-02,3.877786e-01,2.394159e-02,5.025659e-02,2.030458e-01,3.435246e-02,7.524656e-02
5.829482e-02,1.845424e-03,5.248406e-03,1.444857e-02,1.845482e-02,4.682390e-03,2.790063e-03,3.551827e-02,3.123163e-02,4.555020e-01,2.358066e-02,4.397216e-02,2.014442e-01,2.599289e-02,7.699372e-02
4.419078e-02,2.107155e-03,1.092896e-02,1.122236e-02,2.260096e-02,3.681724e-03,2.433728e-03,4.549211e-02,3.416906e-02,5.127816e-01,2.126724e-02,3.194727e-02,1.577123e-01,1.858911e-02,8.087571e-02
3.510093e-02,2.212350e-03,1.617848e-02,9.674503e-03,3.052629e-02,4.037198e-03,3.331167e-03,7.359647e-02,4.079784e-02,4.614707e-01,2.372827e-02,2.452430e-02,1.382228e-01,1.443950e-02,1.221593e-01
3.101230e-02,2.600312e-03,1.619709e-02,8.121360e-03,3.366626e-02,3.241670e-03,2.547935e-03,7.584530e-02,6.256088e-02,3.457952e-01,1.956798e-02,1.758788e-02,1.053614e-01,1.106956e-02,2.648249e-01
3.318826e-02,9.671725e-03,3.617260e-02,3.979594e-02,7.560776e-02,8.223603e-03,2.481507e-03,5.692223e-02,8.756982e-02,2.445929e-01,1.606661e-02,1.253731e-02,7.744212e-02,8.264360e-03,2.914632e-01
3.665684e-02,2.522409e-02,9.752316e-02,1.264913e-01,9.263039e-02,7.477697e-03,2.817569e-03,4.436383e-02,7.935384e-02,1.736405e-01,1.374368e-02,9.027243e-03,5.581537e-02,5.962301e-03,2.292722e-01
3.876374e-02,3.907413e-02,1.271613e-01,2.115074e-01,1.086274e-01,8.330275e-03,2.380853e-03,3.437710e-02,7.255369e-02,1.242153e-01,1.042059e-02,6.584339e-03,3.953546e-02,4.308856e-03,1.721596e-01
5.097651e-02,4.692043e-02,1.819624e-01,1.881765e-01,1.690734e-01,1.103924e-02,2.173901e-03,3.249530e-02,6.046038e-02,8.838493e-02,8.024891e-03,4.953141e-03,2.811263e-02,3.937463e-03,1.233089e-01
9.154819e-02,5.637270e-02,1.684618e-01,1.524679e-01,2.190745e-01,2.434132e-02,3.078558e-03,3.470618e-02,4.722678e-02,7.209444e-02,6.308949e-03,3.955748e-03,2.013332e-02,4.254651e-03,9.597506e-02
1.368630e-01,6.580155e-02,1.539920e-01,1.402991e-01,2.012632e-01,2.833638e-02,3.445814e-03,2.941875e-02,4.743903e-02,8.166841e-02,5.278341e-03,3.764124e-03,1.498916e-02,6.790564e-03,8.065070e-02
1.726814e-01,6.037539e-02,1.319940e-01,1.356445e-01,2.141593e-01,3.500602e-02,4.253659e-03,4.419496e-02,4.497007e-02,6.365027e-02,4.757821e-03,5.456864e-03,1.353527e-02,7.076855e-03,6.224369e-02
2.285088e-01,5.061396e-02,1.296500e-01,1.202697e-01,2.254347e-01,3.141174e-02,3.911759e-03,4.048446e-02,5.004279e-02,4.703952e-02,4.021428e-03,5.175660e-03,1.101726e-02,6.102270e-03,4.631604e-02
2.742244e-01,4.457598e-02,1.298385e-01,1.025211e-01,2.242193e-01,2.783724e-02,3.966649e-03,4.014590e-02,5.959724e-02,3.395572e-02,3.729577e-03,5.120830e-03,1.003222e-02,5.689621e-03,3.454576e-02
3.661882e-01,4.395787e-02,1.068504e-01,8.180290e-02,1.898679e-01,2.274035e-02,3.793159e-03,3.992724e-02,7.003882e-02,2.489449e-02,3.969803e-03,5.603383e-03,8.389146e-03,5.097460e-03,2.687899e-02
3.094206e-01,4.147722e-02,9.281605e-02,2.252157e-01,1.401030e-01,1.908973e-02,3.027458e-03,3.097291e-02,5.807108e-02,1.915852e-02,9.966470e-03,1.161788e-02,1.476954e-02,3.880834e-03,2.041310e-02
2.881739e-01,3.389880e-02,7.424793e-02,2.399459e-01,9.976795e-02,1.844751e-02,2.323743e-03,2.371151e-02,4.754596e-02,1.960274e-02,2.452471e-02,8.237476e-02,2.204016e-02,3.525125e-03,1.986943e-02
2.046971e-01,5.953714e-02,7.498544e-02,2.584052e-01,7.074643e-02,1.372203e-02,1.661945e-03,1.684964e-02,3.735971e-02,1.986842e-02,7.671981e-02,6.250891e-02,4.105883e-02,3.118115e-03,5.876124e-02
1.450431e-01,4.666978e-02,5.728586e-02,2.388011e-01,5.130986e-02,1.068289e-02,1.193697e-03,1.201082e-02,3.423564e-02,3.170808e-02,1.337541e-01,5.691263e-02,1.166533e-01,2.966610e-03,6.077254e-02
1.029690e-01,3.316828e-02,4.124711e-02,1.759415e-01,3.746925e-02,7.884584e-03,8.641412e-04,8.640256e-03,2.612258e-02,2.593008e-02,1.882291e-01,5.854766e-02,2.436493e-01,2.841153e-03,4.649603e-02
7.288355e-02,2.335200e-02,3.002727e-02,1.328322e-01,4.076049e-02,7.399517e-03,7.214246e-04,7.047120e-03,2.939615e-02,2.173658e-02,1.953404e-01,4.979486e-02,3.505446e-01,2.393234e-03,3.577065e-02
5.136538e-02,1.644870e-02,2.385028e-02,9.842046e-02,3.252034e-02,6.069320e-03,5.712792e-04,5.334348e-03,2.746979e-02,1.751734e-02,1.641224e-01,1.632510e-01,3.644406e-01,1.989681e-03,2.662905e-02
3.682374e-02,1.225717e-02,1.894381e-02,7.437818e-02,2.928375e-02,1.397706e-02,9.372882e-04,4.676298e-03,4.239798e-02,1.268501e-02,1.224990e-01,2.248026e-01,3.780932e-01,2.136803e-03,2.610819e-02
2.643601e-02,9.191088e-03,1.443626e-02,5.615442e-02,2.525904e-02,2.000436e-02,1.082056e-03,4.573516e-03,3.663420e-02,9.138279e-03,9.362441e-02,3.065789e-01,3.738743e-01,1.894994e-03,2.111828e-02
1.887468e-02,6.708661e-03,1.027262e-02,4.021807e-02,1.910062e-02,3.012715e-02,1.185100e-03,3.766984e-03,2.753680e-02,6.542956e-03,6.726380e-02,2.899961e-01,4.606571e-01,1.584961e-03,1.616442e-02
1.400109e-02,4.849274e-03,7.257805e-03,2.834624e-02,1.373621e-02,4.613500e-02,1.145122e-03,4.365902e-03,2.035912e-02,4.746194e-03,4.789881e-02,2.402404e-01,5.536430e-01,1.405974e-03,1.186985e-02
1.013777e-02,3.485952e-03,5.114603e-03,1.992546e-02,9.881401e-03,5.005363e-02,9.019870e-04,4.137645e-03,1.503069e-02,3.421148e-03,3.401557e-02,2.122421e-01,6.220627e-01,1.060600e-03,8.528629e-03
8.763754e-03,2.577612e-03,3.706452e-03,1.434379e-02,8.631519e-03,8.670613e-02,3.347171e-03,1.369093e-02,1.195176e-02,2.517635e-03,2.423691e-02,2.115397e-01,6.005299e-01,9.292993e-04,6.527397e-03
9.916583e-03,2.269104e-03,2.681153e-03,1.102098e-02,1.519140e-02,6.478806e-02,3.016915e-03,1.369622e-02,2.762082e-02,1.816363e-03,1.723585e-02,2.014190e-01,6.237420e-01,8.848326e-04,4.700734e-03
1.940238e-02,1.733228e-03,6.547712e-03,1.354248e-02,1.818684e-02,6.098595e-02,3.244556e-03,1.293515e-01,2.451954e-02,1.431499e-03,1.431241e-02,1.968779e-01,5.052866e-01,9.571874e-04,3.620194e-03
1.000365e-01,2.069303e-03,5.270937e-03,2.419560e-02,2.202574e-02,8.752953e-02,3.122606e-03,1.102909e-01,3.788307e-02,1.232935e-03,1.332948e-02,1.639070e-01,4.250416e-01,8.336028e-04,3.231168e-03
1.087898e-01,2.109595e-03,5.294755e-03,2.197200e-02,3.068036e-02,7.673312e-02,3.416355e-03,9.408115e-02,3.852372e-02,9.711637e-04,1.111462e-02,1.491785e-01,4.540159e-01,6.723591e-04,2.446709e-03
1.041043e-01,1.633369e-03,7.291530e-03,4.358316e-02,2.553503e-02,6.483345e-02,2.895383e-03,1.784085e-01,2.956673e-02,7.972551e-04,9.380499e-03,1.375533e-01,3.914376e-01,1.228653e-03,1.751221e-03
1.018463e-01,1.418667e-03,7.143775e-03,4.855448e-02,2.111627e-02,6.083876e-02,2.541274e-03,1.452547e-01,2.417035e-02,7.828245e-04,8.673683e-03,1.670753e-01,4.057739e-01,3.508778e-03,1.300938e-03
9.265043e-02,1.370595e-03,5.667481e-03,3.644408e-02,1.603477e-02,4.924740e-02,2.282332e-03,1.138144e-01,2.202583e-02,6.156400e-04,7.068492e-03,1.316673e-01,5.171699e-01,2.833758e-03,1.107657e-03
9.256175e-02,4.242836e-03,5.954305e-03,2.852157e-02,1.367715e-02,4.878107e-02,3.919655e-03,1.031634e-01,3.321389e-02,5.577862e-04,5.542602e-03,9.603476e-02,5.599300e-01,2.198897e-03,1.700272e-03
1.017131e-01,5.292705e-03,6.294460e-03,2.327263e-02,1.367355e-02,4.898753e-02,5.379301e-03,9.420833e-02,4.269616e-02,6.114709e-04,5.472437e-03,8.254908e-02,5.661068e-01,2.009642e-03,1.732793e-03
9.814076e-02,1.003885e-02,5.628817e-03,1.892097e-02,1.229498e-02,5.841228e-02,6.607518e-03,8.784243e-02,6.648420e-02,6.966760e-04,4.899748e-03,8.035921e-02,5.458293e-01,1.883642e-03,1.960610e-03
9.753920e-02,1.161778e-02,4.403937e-03,1.490216e-02,1.279528e-02,6.031367e-02,6.790949e-03,8.381785e-02,7.646965e-02,9.338742e-04,5.105524e-03,1.469515e-01,4.747357e-01,1.845055e-03,1.777864e-03
8.838271e-02,1.212971e-02,1.041012e-02,4.133106e-02,1.810905e-02,5.137660e-02,7.072338e-03,8.905859e-02,7.231937e-02,1.574296e-03,1.429257e-02,1.231554e-01,4.642745e-01,1.748742e-03,4.765022e-03
6.501056e-02,9.612556e-03,7.996245e-03,9.383162e-02,1.542213e-02,5.206753e-02,5.313316e-03,6.300578e-02,5.531447e-02,1.238045e-03,1.199955e-02,9.076466e-02,5.228562e-01,1.240913e-03,4.326439e-03
4.747453e-02,6.851579e-03,5.656017e-03,7.011671e-02,1.176243e-02,4.411906e-02,3.946955e-03,4.455796e-02,4.175928e-02,9.130930e-04,9.826147e-03,6.803180e-02,6.402823e-01,8.849179e-04,3.817197e-03
3.350930e-02,4.853302e-03,3.974447e-03,4.917626e-02,8.587641e-03,3.249947e-02,2.847051e-03,3.167676e-02,3.309679e-02,6.564597e-04,8.370553e-03,4.959669e-02,7.369794e-01,6.412055e-04,3.534704e-03
2.399718e-02,3.686633e-03,2.817751e-03,3.458319e-02,6.535502e-03,2.516063e-02,2.075114e-03,2.287476e-02,3.683788e-02,5.133227e-04,7.130886e-03,3.710239e-02,7.916397e-01,4.866259e-04,4.558469e-03
1.752891e-02,3.585116e-03,2.388618e-03,2.468312e-02,7.867793e-03,1.819802e-02,1.802654e-03,1.677417e-02,9.905866e-02,4.500976e-04,8.592475e-03,2.883333e-02,7.519544e-01,4.127484e-04,1.786985e-02
1.378187e-02,1.332945e-02,2.497707e-03,1.829815e-02,6.004898e-03,1.425245e-02,1.362824e-03,1.521555e-02,2.191713e-01,7.260828e-04,7.904228e-03,2.325189e-02,5.811586e-01,5.872324e-04,8.245779e-02
1.151991e-02,2.189153e-02,2.289656e-03,1.377570e-02,4.517407e-03,1.200957e-02,1.020975e-03,1.356040e-02,3.558285e-01,7.208558e-04,6.542826e-03,1.774249e-02,4.228494e-01,5.886831e-04,1.151421e-01
9.229706e-03,4.567565e-02,2.791099e-03,1.214319e-02,3.411026e-03,9.347495e-03,7.459900e-04,1.196888e-02,3.417096e-01,9.302088e-04,5.432903e-03,1.486089e-02,3.031373e-01,8.804820e-04,2.377355e-01
7.941701e-03,6.654480e-02,2.612330e-03,1.085406e-02,2.647948e-03,7.866871e-03,5.444644e-04,9.520442e-03,3.100307e-01,9.594413e-04,4.332462e-03,1.123201e-02,2.140745e-01,1.207514e-03,3.496308e-01
7.683872e-03,9.024350e-02,2.645075e-03,1.036720e-02,2.706346e-03,9.961748e-03,4.223592e-04,7.167945e-03,2.979391e-01,2.662508e-03,4.312920e-03,8.280930e-03,1.509845e-01,1.922309e-03,4.026997e-01
6.928926e-03,1.089591e-01,5.007948e-03,1.212098e-02,3.847606e-03,1.582757e-02,4.080623e-04,6.031886e-03,3.168022e-01,7.112455e-03,3.806527e-03,6.285296e-03,1.080452e-01,1.988087e-03,3.968282e-01
1.051235e-02,1.203367e-01,7.098948e-03,1.372638e-02,9.482689e-03,1.744758e-02,5.008775e-04,5.043097e-03,3.355540e-01,1.876004e-02,3.564560e-03,4.944942e-03,7.685448e-02,3.206964e-03,3.729663e-01
2.559139e-02,1.157915e-01,1.995601e-02,1.672620e-02,3.262456e-02,4.186126e-02,1.073876e-03,7.622939e-03,3.081630e-01,2.621052e-02,3.235400e-03,4.061725e-03,5.673025e-02,4.530790e-03,3.358206e-01
3.542672e-02,1.058252e-01,1.645670e-02,1.337770e-02,4.025757e-02,4.155278e-02,1.667652e-03,7.929544e-03,3.491166e-01,2.945801e-02,4.465120e-03,3.622983e-03,4.165278e-02,9.255658e-03,2.999349e-01
2.589952e-02,8.805872e-02,3.514085e-02,1.291955e-02,2.876730e-02,2.947239e-02,1.184948e-03,5.646902e-03,3.980713e-01,3.420196e-02,3.473014e-03,2.934874e-03,2.959108e-02,6.719326e-03,2.979182e-01
2.173182e-02,7.557735e-02,2.530611e-02,1.036717e-02,2.208691e-02,2.515075e-02,9.304290e-04,4.930764e-03,4.783825e-01,2.945607e-02,3.635467e-03,2.494029e-03,2.252002e-02,7.127412e-03,2.703032e-01
1.918849e-02,5.784327e-02,2.057037e-02,1.097264e-02,1.693190e-02,1.872630e-02,7.013895e-04,5.670251e-03,5.593972e-01,2.369698e-02,3.574307e-03,1.956885e-03,1.708414e-02,5.553214e-03,2.381326e-01
4.540051e-02,6.259166e-02,1.651635e-02,1.405759e-02,4.023615e-02,3.782998e-02,9.880075e-04,1.037081e-02,5.152184e-01,2.068776e-02,7.003584e-03,1.979474e-03,1.461921e-02,6.344650e-03,2.061559e-01
3.603557e-02,4.825425e-02,1.399625e-02,1.847148e-02,3.162720e-02,2.794393e-02,7.634919e-04,8.780458e-03,6.163146e-01,1.942745e-02,5.548164e-03,1.558927e-03,1.080607e-02,4.710342e-03,1.557618e-01
4.767359e-02,4.418016e-02,1.948451e-02,2.117352e-02,3.876022e-02,3.341489e-02,7.546426e-04,1.394067e-02,5.444314e-01,1.889900e-02,5.474150e-03,1.754067e-03,9.257306e-03,1.585640e-02,1.849454e-01
5.430545e-02,3.516934e-02,5.110098e-02,1.000861e-01,7.174473e-02,2.666506e-02,1.302850e-03,5.235308e-02,4.298805e-01,1.409369e-02,5.264745e-03,1.720630e-03,7.027649e-03,1.258263e-02,1.367026e-01
7.402527e-02,3.653995e-02,4.828395e-02,1.061992e-01,7.829515e-02,7.271963e-02,1.307710e-03,6.630393e-02,3.674777e-01,1.041052e-02,5.260653e-03,1.836875e-03,6.006888e-03,1.118522e-02,1.141473e-01
1.014456e-01,4.121732e-02,7.698327e-02,1.787429e-01,7.875499e-02,5.655230e-02,1.368159e-03,7.388533e-02,2.719915e-01,7.793247e-03,5.209285e-03,3.452037e-03,5.819626e-03,8.554199e-03,8.823022e-02
1.852926e-01,4.017768e-02,6.326575e-02,1.396361e-01,8.559590e-02,7.097524e-02,4.762127e-03,6.490543e-02,2.433983e-01,5.851139e-03,6.229380e-03,4.505024e-03,6.161110e-03,7.975224e-03,7.126901e-02
2.470572e-01,3.535572e-02,6.048482e-02,1.032115e-01,8.508100e-02,7.963040e-02,6.113573e-03,8.019389e-02,2.162783e-01,4.553631e-03,7.603677e-03,6.237410e-03,7.769432e-03,6.531107e-03,5.389832e-02
3.771824e-01,2.608341e-02,5.524898e-02,7.520727e-02,7.869504e-02,7.093660e-02,4.708938e-03,6.406230e-02,1.565140e-01,4.577924e-03,1.099249e-02,5.701426e-03,7.423046e-03,7.229396e-03,5.543679e-02
3.994561e-01,2.111040e-02,4.883851e-02,5.392120e-02,7.173350e-02,8.477004e-02,3.675203e-03,5.324881e-02,1.126001e-01,1.839773e-02,1.184967e-02,4.529554e-03,6.101768e-03,1.101313e-02,9.875420e-02
3.592201e-01,1.730110e-02,6.211784e-02,3.895098e-02,1.108840e-01,8.306616e-02,3.688055e-03,4.494875e-02,8.443352e-02,4.046199e-02,1.094948e-02,3.597233e-03,4.629549e-03,1.727013e-02,1.184812e-01
4.105138e-01,1.395301e-02,5.378176e-02,2.872059e-02,1.078553e-01,6.688708e-02,3.665775e-03,4.064754e-02,6.483700e-02,4.662859e-02,8.971574e-03,3.435009e-03,3.843721e-03,1.870528e-02,1.275540e-01
4.215160e-01,1.370143e-02,4.824341e-02,2.145984e-02,1.088963e-01,5.562551e-02,3.432993e-03,3.182156e-02,4.868136e-02,5.512556e-02,7.384988e-03,3.143878e-03,3.132507e-03,2.620098e-02,1.516337e-01
3.998545e-01,1.212114e-02,3.899389e-02,1.551147e-02,1.904907e-01,4.735218e-02,4.548421e-03,2.596883e-02,3.734865e-02,5.854290e-02,5.836031e-03,2.489241e-03,2.527780e-03,2.264617e-02,1.357681e-01
4.525118e-01,1.104971e-02,3.334340e-02,1.158844e-02,1.507080e-01,4.335477e-02,4.552077e-03,2.177864e-02,3.131771e-02,5.722972e-02,5.768038e-03,2.402812e-03,2.262450e-03,2.323833e-02,1.488942e-01
3.452511e-01,9.426133e-03,2.476156e-02,9.271304e-03,1.064052e-01,6.223334e-02,3.304128e-03,1.538224e-02,6.236198e-02,9.059731e-02,5.906882e-03,2.051003e-03,2.224782e-03,3.072139e-02,2.301017e-01
2.541101e-01,9.069247e-03,1.808957e-02,7.018346e-03,7.487031e-02,7.718622e-02,2.379952e-03,1.092142e-02,8.950935e-02,1.015471e-01,7.634788e-03,1.679558e-03,3.447423e-03,2.798152e-02,3.145551e-01
1.819930e-01,7.064036e-03,1.470122e-02,5.224377e-03,5.272540e-02,5.894252e-02,1.910621e-03,7.922361e-03,1.557322e-01,1.645008e-01,9.142942e-03,1.737395e-03,4.651235e-03,3.981252e-02,2.939394e-01
1.446147e-01,7.622866e-03,1.111611e-02,3.808811e-03,3.709320e-02,4.585715e-02,1.500475e-03,5.741715e-03,1.241348e-01,1.274123e-01,1.431705e-02,1.615402e-03,4.488465e-03,4.097795e-02,4.296991e-01
1.102474e-01,1.300494e-02,1.956111e-02,9.701259e-03,2.662546e-02,3.413810e-02,1.224718e-03,4.445329e-03,1.933547e-01,1.272583e-01,1.358950e-02,1.447703e-03,4.358905e-03,3.057085e-02,4.104716e-01
9.733430e-02,2.832360e-02,1.691283e-02,7.276797e-03,1.894984e-02,2.666513e-02,1.133131e-03,3.287562e-03,1.809905e-01,1.328367e-01,1.085722e-02,1.271542e-03,4.339293e-03,2.628287e-02,4.435387e-01
8.637752e-02,6.220962e-02,1.763001e-02,5.688310e-03,1.369168e-02,2.051885e-02,9.318807e-04,2.465178e-03,1.885460e-01,1.361445e-01,9.343842e-03,1.141672e-03,4.369774e-03,2.200734e-02,4.289339e-01
6.177508e-02,8.156528e-02,1.880968e-02,5.102856e-03,9.697310e-03,1.496844e-02,6.707052e-04,1.768237e-03,3.211512e-01,1.143717e-01,7.040336e-03,9.958511e-04,4.221005e-03,1.635293e-02,3.415095e-01
4.337314e-02,8.784904e-02,1.511207e-02,3.909385e-03,6.809911e-03,1.053574e-02,4.730694e-04,1.244306e-03,4.743540e-01,8.464235e-02,5.166592e-03,8.292163e-04,3.303312e-03,1.297099e-02,2.494269e-01
3.047063e-02,7.234668e-02,1.140654e-02,2.957792e-03,4.778458e-03,7.434982e-03,3.351943e-04,8.922116e-04,5.854844e-01,7.263888e-02,5.858238e-03,1.032222e-03,3.864231e-03,9.877841e-03,1.906217e-01
2.188673e-02,6.129764e-02,9.432008e-03,2.871818e-03,3.393453e-03,5.287365e-03,2.453589e-04,6.689777e-04,6.017874e-01,5.888039e-02,5.430018e-03,1.251599e-03,5.094313e-03,1.261302e-02,2.098598e-01
1.627583e-02,5.872158e-02,8.310582e-03,2.645579e-03,2.510204e-03,3.826784e-03,1.908369e-04,5.423482e-04,5.404109e-01,4.387872e-02,5.015121e-03,1.369305e-03,6.732451e-03,1.359884e-02,2.959709e-01
1.230049e-02,6.698954e-02,1.423412e-02,4.549134e-03,1.992413e-03,2.870752e-03,1.540712e-04,5.776245e-04,5.658095e-01,3.934454e-02,4.043254e-03,2.036036e-03,7.221210e-03,1.449010e-02,2.633872e-01
1.028917e-02,9.655997e-02,2.601474e-02,7.474437e-03,2.136859e-03,2.356756e-03,1.439399e-04,8.259570e-04,5.453542e-01,3.441949e-02,3.570710e-03,2.445097e-03,6.440884e-03,1.467196e-02,2.472958e-01
1.201014e-02,1.704099e-01,2.769247e-02,8.986070e-03,3.825518e-03,2.819692e-03,1.637822e-04,1.513712e-03,4.539452e-01,3.263355e-02,3.340368e-03,2.184230e-03,6.656928e-03,1.344873e-02,2.603697e-01
2.723882e-02,2.323269e-01,4.554007e-02,1.708160e-02,1.603331e-02,5.705195e-03,5.180014e-04,6.493270e-03,3.656995e-01,2.677383e-02,3.735855e-03,2.232044e-03,7.074659e-03,1.333942e-02,2.302076e-01
4.066875e-02,2.735460e-01,6.425510e-02,1.819750e-02,2.983488e-02,1.157168e-02,7.947580e-04,9.113606e-03,2.997032e-01,2.116059e-02,3.182734e-03,1.712282e-03,6.361640e-03,1.033704e-02,2.095603e-01
